,903,904,905,906,907,908,909,918,919,920,921,922,923,924,933,934,935,936,937,938,939,948,949,950,951,952,953,954,962,963,964,965,966,967,968,977,978,979,980,981,982,983,992,993,994,995,996,997,998,1007,1008,1009,1010,1011,1012,1013,1022,1023,1024,1025,1026,1027,1028,1037,1038,1039,1040,1041,1042,1043,1052,1053,1054,1055,1056,1057,1058,1067,1068,1069,1070,1071,1072,1073,1083,1084,1085,1086,1087,1088,1089,1098,1099,1100,1101,1102,1103,1104,1113,1114,1115,1116,1117,1118,1119,1128,1129,1130,1131,1132,1133,1134,1142,1143,1144,1145,1146,1147,1148,1157,1158,1159,1160,1161,1162,1163,1172,1173,1174,1175,1176,1177,1178,1187,1188,1189,1190,1191,1192,1193,1202,1203,1204,1205,1206,1207,1208,1217,1218,1219,1220,1221,1222,1223,1232,1233,1234,1235,1236,1237,1238,1247,1248,1249,1250,1251,1252,1253,1263,1264,1265,1266,1267,1268,1269,1278,1279,1280,1281,1282,1283,1284,1293,1294,1295,1296,1297,1298,1299,1308,1309,1310,1311,1312,1313,1314,1322,1323,1324,1325,1326,1327,1328,1337,1338,1339,1340,1341,1342,1343,1352,1353,1354,1355,1356,1357,1358,1367,1368,1369,1370,1371,1372,1373,1382,1383,1384,1385,1386,1387,1388,1397,1398,1399,1400,1401,1402,1403,1412,1413,1414,1415,1416,1417,1418,1427,1428,1429,1430,1431,1432,1433,1443,1444,1445,1446,1447,1448,1449,1458,1459,1460,1461,1462,1463,1464,1473,1474,1475,1476,1477,1478,1479,1488,1489,1490,1491,1492,1493,1494,1502,1503,1504,1505,1506,1507,1508,1517,1518,1519,1520,1521,1522,1523,1532,1533,1534,1535,1536,1537,1538,1547,1548,1549,1550,1551,1552,1553,1562,1563,1564,1565,1566,1567,1568,1577,1578,1579,1580,1581,1582,1583,1592,1593,1594,1595,1596,1597,1598,1607,1608,1609,1610,1611,1612,1613,1623,1624,1625,1626,1627,1628,1629,1638,1639,1640,1641,1642,1643,1644,1653,1654,1655,1656,1657,1658,1659,1668,1669,1670,1671,1672,1673,1674,1682,1683,1684,1685,1686,1687,1688,1697,1698,1699,1700,1701,1702,1703,1712,1713,1714,1715,1716,1717,1718,1727,1728,1729,1730,1731,1732,1733,1742,1743,1744,1745,1746,1747,1748,1757,1758,1759,1760,1761,1762,1763,1772,1773,1774,1775,1776,1777,1778,1787,1788,1789,1790,1791,1792,1793,1803,1804,1805,1806,1807,1808,1809,1818,1819,1820,1821,1822,1823,1824,1833,1834,1835,1836,1837,1838,1839,1848,1849,1850,1851,1852,1853,1854,1862,1863,1864,1865,1866,1867,1868,1877,1878,1879,1880,1881,1882,1883,1892,1893,1894,1895,1896,1897,1898,1907,1908,1909,1910,1911,1912,1913,1922,1923,1924,1925,1926,1927,1928,1937,1938,1939,1940,1941,1942,1943,1952,1953,1954,1955,1956,1957,1958,1967,1968,1969,1970,1971,1972,1973,1983,1984,1985,1986,1987,1988,1989,1998,1999,2000,2001,2002,2003,2004,2013,2014,2015,2016,2017,2018,2019,2028,2029,2030,2031,2032,2033,2034,2042,2043,2044,2045,2046,2047,2048,2057,2058,2059,2060,2061,2062,2063,2072,2073,2074,2075,2076,2077,2078,2087,2088,2089,2090,2091,2092,2093,2102,2103,2104,2105,2106,2107,2108,2117,2118,2119,2120,2121,2122,2123,2132,2133,2134,2135,2136,2137,2138,2147,2148,2149,2150,2151,2152,2153,3425,3426,3427,3428,3429,3430,3431,3440,3441,3442,3443,3444,3445,3446,3455,3456,3457,3458,3459,3460,3461,3470,3471,3472,3473,3474,3475,3476,3485,3486,3487,3488,3489,3490,3491,3500,3501,3502,3503,3504,3505,3506,3515,3516,3517,3518,3519,3520,3521,3530,3531,3532,3533,3534,3535,3536,3544,3545,3546,3547,3548,3549,3550,3559,3560,3561,3562,3563,3564,3565,3574,3575,3576,3577,3578,3579,3580,3589,3590,3591,3592,3593,3594,3595,3605,3606,3607,3608,3609,3610,3611,3620,3621,3622,3623,3624,3625,3626,3635,3636,3637,3638,3639,3640,3641,3650,3651,3652,3653,3654,3655,3656,3665,3666,3667,3668,3669,3670,3671,3680,3681,3682,3683,3684,3685,3686,3695,3696,3697,3698,3699,3700,3701,3710,3711,3712,3713,3714,3715,3716,3724,3725,3726,3727,3728,3729,3730,3739,3740,3741,3742,3743,3744,3745,3754,3755,3756,3757,3758,3759,3760,3769,3770,3771,3772,3773,3774,3775,3785,3786,3787,3788,3789,3790,3791,3800,3801,3802,3803,3804,3805,3806,3815,3816,3817,3818,3819,3820,3821,3830,3831,3832,3833,3834,3835,3836,3845,3846,3847,3848,3849,3850,3851,3860,3861,3862,3863,3864,3865,3866,3875,3876,3877,3878,3879,3880,3881,3890,3891,3892,3893,3894,3895,3896,3904,3905,3906,3907,3908,3909,3910,3919,3920,3921,3922,3923,3924,3925,3934,3935,3936,3937,3938,3939,3940,3949,3950,3951,3952,3953,3954,3955,3965,3966,3967,3968,3969,3970,3971,3980,3981,3982,3983,3984,3985,3986,3995,3996,3997,3998,3999,4000,4001,4010,4011,4012,4013,4014,4015,4016,4025,4026,4027,4028,4029,4030,4031,4040,4041,4042,4043,4044,4045,4046,4055,4056,4057,4058,4059,4060,4061,4070,4071,4072,4073,4074,4075,4076,4084,4085,4086,4087,4088,4089,4090,4099,4100,4101,4102,4103,4104,4105,4114,4115,4116,4117,4118,4119,4120,4129,4130,4131,4132,4133,4134,4135,4145,4146,4147,4148,4149,4150,4151,4160,4161,4162,4163,4164,4165,4166,4175,4176,4177,4178,4179,4180,4181,4190,4191,4192,4193,4194,4195,4196,4205,4206,4207,4208,4209,4210,4211,4220,4221,4222,4223,4224,4225,4226,4235,4236,4237,4238,4239,4240,4241,4250,4251,4252,4253,4254,4255,4256,4264,4265,4266,4267,4268,4269,4270,4279,4280,4281,4282,4283,4284,4285,4294,4295,4296,4297,4298,4299,4300,4309,4310,4311,4312,4313,4314,4315,4325,4326,4327,4328,4329,4330,4331,4340,4341,4342,4343,4344,4345,4346,4355,4356,4357,4358,4359,4360,4361,4370,4371,4372,4373,4374,4375,4376,4385,4386,4387,4388,4389,4390,4391,4400,4401,4402,4403,4404,4405,4406,4415,4416,4417,4418,4419,4420,4421,4430,4431,4432,4433,4434,4435,4436,4444,4445,4446,4447,4448,4449,4450,4459,4460,4461,4462,4463,4464,4465,4474,4475,4476,4477,4478,4479,4480,4489,4490,4491,4492,4493,4494,4495,4505,4506,4507,4508,4509,4510,4511,4520,4521,4522,4523,4524,4525,4526,4535,4536,4537,4538,4539,4540,4541,4550,4551,4552,4553,4554,4555,4556,4565,4566,4567,4568,4569,4570,4571,4580,4581,4582,4583,4584,4585,4586,4595,4596,4597,4598,4599,4600,4601,4610,4611,4612,4613,4614,4615,4616,4624,4625,4626,4627,4628,4629,4630,4639,4640,4641,4642,4643,4644,4645,4654,4655,4656,4657,4658,4659,4660,4669,4670,4671,4672,4673,4674,4675,energy,num_occurrences,annealing_time,num_reads,pause_time,reverse
0,-1,-1,1,1,1,1,-1,1,-1,-1,-1,1,-1,1,-1,-1,1,-1,1,1,-1,-1,-1,-1,-1,1,-1,-1,-1,-1,-1,-1,1,1,-1,-1,1,-1,-1,-1,1,-1,-1,-1,-1,-1,1,-1,1,1,-1,-1,1,-1,1,-1,-1,1,-1,-1,-1,1,1,1,-1,-1,-1,-1,-1,-1,-1,1,-1,-1,-1,-1,-1,-1,1,-1,-1,1,1,-1,1,-1,-1,1,-1,1,-1,-1,-1,-1,-1,-1,-1,1,1,1,-1,-1,-1,-1,1,1,1,-1,-1,-1,-1,1,1,1,-1,-1,-1,-1,1,1,1,-1,-1,-1,-1,1,1,1,1,-1,-1,-1,-1,1,1,-1,-1,-1,-1,-1,1,1,1,-1,-1,-1,1,1,1,1,-1,-1,-1,-1,-1,1,1,1,-1,-1,-1,1,1,1,-1,-1,1,-1,-1,1,-1,-1,-1,-1,-1,1,1,1,-1,-1,-1,1,-1,1,-1,-1,-1,-1,-1,1,1,1,-1,-1,1,-1,-1,1,1,-1,-1,1,-1,-1,1,1,-1,-1,-1,-1,-1,1,1,-1,1,1,-1,-1,1,1,-1,1,-1,-1,-1,-1,1,1,-1,-1,1,-1,1,1,-1,1,-1,-1,-1,1,1,-1,1,1,-1,-1,1,1,-1,-1,1,-1,-1,1,-1,-1,1,1,-1,-1,1,1,-1,1,-1,-1,1,-1,-1,-1,1,-1,-1,-1,1,-1,-1,1,-1,-1,-1,-1,1,-1,1,-1,-1,1,-1,1,-1,1,1,-1,1,-1,-1,-1,-1,1,-1,1,-1,-1,-1,1,1,-1,1,1,1,-1,-1,1,-1,1,-1,-1,-1,1,1,-1,1,1,-1,-1,1,1,-1,1,-1,-1,-1,1,-1,1,1,-1,-1,-1,1,1,-1,1,-1,-1,1,-1,1,-1,1,-1,-1,1,1,1,-1,1,-1,1,1,1,-1,1,1,-1,-1,1,1,-1,1,-1,-1,-1,1,1,1,1,-1,-1,-1,-1,1,1,1,-1,-1,1,1,1,-1,1,1,-1,1,-1,1,-1,-1,1,-1,-1,1,1,-1,1,-1,1,-1,1,1,-1,1,1,-1,-1,1,-1,-1,1,1,-1,1,-1,1,-1,1,1,-1,1,-1,-1,1,1,-1,-1,1,-1,1,-1,-1,1,-1,1,1,-1,-1,1,-1,-1,-1,1,-1,1,-1,-1,-1,-1,1,-1,-1,1,1,1,1,1,-1,1,-1,1,-1,-1,1,-1,-1,-1,1,1,-1,1,-1,-1,1,1,-1,-1,1,-1,1,-1,1,-1,-1,1,-1,-1,1,1,-1,-1,-1,1,-1,-1,-1,1,-1,1,-1,-1,1,-1,-1,-1,-1,1,-1,1,-1,1,-1,-1,-1,-1,-1,-1,-1,-1,-1,1,-1,1,-1,-1,-1,1,-1,1,-1,-1,-1,-1,-1,-1,1,-1,-1,-1,1,-1,-1,-1,-1,1,-1,1,-1,-1,1,-1,-1,1,1,-1,-1,-1,-1,-1,1,1,-1,1,-1,1,-1,-1,1,1,1,-1,1,-1,1,-1,1,1,1,-1,-1,-1,1,-1,-1,-1,1,1,-1,1,-1,1,-1,1,-1,1,1,-1,1,1,1,1,-1,1,-1,1,-1,1,1,-1,1,-1,-1,1,1,1,-1,1,-1,-1,-1,1,1,-1,1,-1,1,1,1,-1,-1,1,-1,-1,1,1,1,-1,1,-1,-1,-1,1,1,-1,-1,1,1,-1,1,1,-1,1,1,1,-1,1,1,-1,-1,1,1,-1,1,-1,-1,-1,1,1,1,-1,-1,-1,1,-1,1,1,1,1,-1,-1,1,1,1,-1,-1,-1,-1,1,1,1,1,1,-1,-1,1,1,1,-1,1,-1,-1,1,1,1,1,1,-1,1,1,1,1,-1,1,-1,-1,1,1,1,1,1,-1,-1,1,1,-1,1,1,-1,-1,1,1,1,1,1,1,-1,1,1,1,-1,1,-1,-1,1,1,1,-1,1,-1,-1,1,1,-1,1,1,-1,-1,1,1,1,1,1,1,-1,1,-1,1,-1,1,-1,-1,1,-1,1,-1,1,1,-1,1,1,-1,1,1,-1,-1,1,-1,1,-1,1,1,-1,1,1,1,1,1,-1,1,1,-1,1,1,1,1,-1,1,1,-1,1,1,1,-1,1,1,-1,1,1,1,-1,1,1,-1,1,1,1,1,1,-1,-1,1,1,1,1,1,-1,1,-1,1,1,1,1,-1,-1,1,1,1,1,1,1,-1,1,1,1,1,1,-1,1,1,1,1,1,1,1,-1,1,1,1,1,1,-1,1,1,1,1,1,1,-1,1,-1,1,1,1,1,1,-1,1,1,1,1,1,-1,-1,1,-1,1,1,1,-1,1,1,1,1,1,-1,-1,1,1,1,1,1,1,-1,1,1,-1,1,1,-1,1,1,1,1,1,1,-1,-1,1,1,1,1,-1,1,-1,1,1,1,1,-1,-1,-1,1,1,1,1,-1,1,-1,1,1,1,1,1,-1,-1,1,1,-1,1,1,-1,-1,1,1,1,1,-1,-1,-1,1,-1,-1,1,1,-1,1,1,1,-1,1,1,-1,-1,1,1,-1,1,1,-1,1,1,1,-1,1,1,-1,1,-1,1,1,1,1,-1,1,-1,1,1,1,-1,-1,1,1,1,1,1,1,-1,1,1,1,1,-1,1,-1,1,1,1,-1,1,-1,1,1,1,1,-1,1,1,-1,1,-1,1,-1,1,1,1,-1,1,1,1,1,-1,1,1,1,-1,-1,1,-1,1,-1,1,-1,-1,1,1,1,-1,-1,1,1,1,1,1,-1,-1,1,1,1,1,1,1,1,1,1,1,1,1,1,1,1,-1,1,1,-1,-1,1,1,1,-1,1,1,-1,-1,-1,-1,1,1,1,-1,1,1,1,-1,1,1,-1,-1,1,1,1,1,1,-1,1,1,1,1,1,1,-1,1,1,1,1,1,1,-1,1,1,1,1,1,1,-1,1,-1,1,-1,1,1,-1,-1,1,1,-1,1,1,-1,1,1,1,-1,1,1,1,-1,1,-2682.0,1,2000,445,1500,True
1,-1,-1,1,1,1,1,-1,1,-1,-1,-1,1,-1,1,-1,-1,1,-1,1,1,-1,-1,-1,-1,-1,1,-1,-1,-1,-1,-1,-1,1,1,-1,-1,1,-1,-1,-1,1,-1,-1,-1,-1,-1,-1,-1,1,1,-1,-1,1,-1,1,-1,-1,1,-1,-1,-1,1,1,1,-1,-1,-1,-1,-1,-1,-1,1,-1,-1,-1,-1,-1,-1,1,-1,-1,1,1,-1,1,-1,-1,-1,-1,1,-1,-1,-1,-1,-1,-1,-1,1,1,1,-1,-1,-1,-1,1,1,-1,-1,-1,-1,-1,1,1,1,-1,-1,-1,-1,1,1,-1,-1,-1,-1,-1,1,1,-1,1,-1,-1,-1,-1,1,-1,1,-1,-1,-1,-1,1,-1,1,-1,-1,-1,1,1,1,-1,-1,-1,-1,-1,-1,1,-1,1,-1,-1,-1,1,1,1,-1,-1,1,-1,-1,1,-1,-1,-1,-1,-1,1,-1,1,-1,-1,-1,1,-1,1,-1,-1,-1,-1,-1,1,1,1,-1,-1,-1,-1,-1,1,1,-1,-1,1,-1,-1,1,1,-1,-1,-1,-1,-1,1,1,-1,-1,-1,-1,-1,1,1,-1,1,-1,-1,-1,-1,1,1,-1,-1,-1,-1,1,1,-1,1,-1,-1,-1,1,1,-1,1,1,-1,-1,-1,1,-1,-1,1,-1,-1,1,-1,-1,1,-1,-1,-1,1,1,-1,1,-1,-1,1,-1,-1,-1,1,-1,1,-1,1,-1,-1,1,-1,1,-1,-1,1,-1,1,-1,-1,1,-1,1,-1,1,1,-1,1,-1,-1,-1,-1,1,1,1,-1,-1,-1,1,1,-1,1,-1,-1,-1,-1,1,1,1,-1,-1,-1,1,1,1,1,1,-1,-1,1,-1,1,1,1,1,-1,1,-1,1,1,-1,-1,-1,1,1,-1,1,-1,-1,1,-1,-1,1,1,-1,-1,1,-1,1,-1,1,-1,1,1,1,-1,1,1,-1,-1,1,1,-1,1,1,-1,-1,1,1,-1,1,1,-1,-1,-1,1,1,1,1,-1,1,1,1,-1,1,1,1,-1,-1,1,-1,-1,1,1,-1,1,1,-1,1,1,1,-1,1,1,-1,1,1,1,-1,1,-1,-1,1,1,-1,1,-1,1,-1,1,1,-1,1,-1,-1,1,1,1,1,1,-1,1,1,1,-1,1,1,1,-1,-1,1,1,1,-1,1,-1,1,-1,-1,1,-1,1,-1,-1,1,1,1,-1,1,-1,1,-1,-1,1,1,1,-1,1,1,1,1,1,1,-1,-1,1,-1,1,1,-1,-1,1,1,1,-1,1,1,-1,1,-1,-1,1,-1,-1,1,-1,-1,1,1,-1,1,-1,1,-1,-1,1,-1,-1,1,1,-1,-1,1,-1,-1,-1,-1,1,1,1,-1,-1,1,-1,-1,-1,1,1,-1,-1,1,1,1,-1,1,-1,-1,-1,1,-1,-1,1,-1,-1,-1,1,1,-1,1,-1,-1,-1,-1,-1,1,1,-1,-1,-1,-1,-1,1,1,-1,1,-1,-1,-1,-1,1,1,1,-1,-1,-1,1,-1,1,-1,1,1,-1,-1,1,-1,-1,-1,1,1,-1,1,-1,1,1,1,-1,1,1,-1,1,-1,1,1,-1,1,-1,-1,1,1,1,-1,1,-1,-1,1,1,1,-1,1,-1,-1,1,1,1,-1,1,-1,-1,-1,1,1,-1,1,1,-1,-1,1,1,-1,1,-1,1,-1,1,1,-1,-1,1,-1,-1,-1,1,-1,1,1,1,-1,1,1,-1,-1,1,-1,-1,-1,-1,-1,1,1,-1,-1,-1,-1,-1,1,1,-1,1,1,1,-1,-1,1,1,-1,-1,1,-1,-1,1,-1,-1,1,1,1,-1,1,1,-1,-1,-1,1,-1,1,-1,-1,1,1,1,-1,1,1,-1,-1,1,1,-1,1,1,-1,1,1,1,-1,1,1,1,-1,1,1,-1,1,1,-1,1,1,1,-1,1,1,1,-1,1,-1,-1,1,1,1,-1,1,-1,-1,1,1,-1,1,1,-1,-1,1,1,-1,1,1,1,-1,1,-1,1,-1,1,-1,-1,1,1,-1,-1,1,1,-1,1,1,-1,1,1,1,-1,1,-1,1,-1,1,1,-1,1,1,1,1,1,-1,1,1,-1,1,1,1,1,-1,1,-1,1,-1,1,1,-1,1,1,-1,1,1,1,-1,1,1,-1,1,1,1,1,1,-1,-1,1,1,1,1,1,-1,1,-1,1,1,1,1,-1,-1,1,1,1,1,1,1,-1,1,1,1,1,1,-1,1,1,1,1,1,1,1,-1,1,1,1,1,1,-1,1,1,1,1,1,1,-1,1,1,1,1,1,1,1,-1,1,1,1,1,1,-1,-1,1,-1,1,1,1,-1,1,1,1,1,1,-1,-1,1,1,1,1,1,1,-1,1,1,-1,1,1,-1,1,1,1,1,1,1,-1,-1,1,1,1,1,-1,1,-1,1,1,1,1,-1,-1,-1,1,1,1,1,-1,1,-1,1,1,1,1,1,-1,-1,1,1,-1,1,1,-1,-1,1,1,-1,1,-1,-1,-1,1,-1,-1,1,1,-1,1,1,1,-1,1,1,-1,-1,1,1,-1,1,1,-1,1,1,1,-1,1,1,-1,1,-1,1,1,1,1,-1,1,-1,1,1,1,-1,-1,1,-1,1,1,1,1,1,-1,-1,1,1,-1,1,1,1,1,1,-1,1,-1,1,1,-1,1,-1,1,1,-1,1,-1,1,-1,1,1,1,-1,-1,1,1,1,1,-1,1,-1,1,-1,1,-1,1,1,-1,1,-1,1,1,1,-1,-1,1,1,1,1,1,-1,-1,1,1,1,1,-1,1,1,-1,1,1,1,-1,1,-1,1,-1,1,1,-1,-1,1,-1,1,-1,1,1,-1,1,1,-1,1,1,-1,-1,-1,1,1,-1,1,-1,-1,1,-1,1,1,1,-1,-1,1,-1,1,1,1,1,-1,-1,-1,1,1,1,1,-1,1,1,1,1,1,-1,-1,1,1,1,-1,1,1,-1,-1,1,1,-1,1,-1,1,-1,1,1,-1,1,1,-1,-1,1,-2682.0,1,2000,445,500,True
2,-1,-1,1,1,1,1,-1,1,-1,-1,-1,1,-1,1,-1,-1,1,-1,1,1,-1,1,-1,-1,-1,1,-1,-1,1,-1,-1,-1,1,1,-1,1,1,-1,-1,-1,1,-1,1,-1,-1,-1,-1,-1,1,-1,1,-1,1,-1,1,-1,-1,1,-1,-1,-1,1,1,1,-1,-1,-1,-1,-1,-1,1,-1,-1,-1,-1,-1,-1,1,-1,-1,-1,1,1,-1,-1,-1,-1,1,-1,1,-1,-1,-1,-1,-1,-1,-1,1,-1,1,-1,-1,-1,-1,1,-1,-1,-1,-1,-1,-1,1,-1,1,-1,-1,-1,-1,1,-1,-1,-1,-1,-1,-1,1,-1,-1,1,-1,-1,-1,-1,-1,-1,1,-1,-1,-1,-1,-1,-1,1,-1,-1,-1,1,-1,-1,-1,-1,-1,-1,-1,1,-1,1,1,-1,-1,-1,1,-1,-1,-1,-1,1,-1,1,-1,-1,-1,-1,-1,-1,-1,-1,1,-1,-1,-1,1,1,-1,-1,-1,-1,-1,-1,-1,-1,1,-1,-1,-1,-1,1,-1,1,-1,-1,1,-1,1,-1,1,-1,-1,-1,-1,1,-1,1,-1,-1,-1,-1,1,-1,1,-1,1,-1,-1,1,1,-1,1,-1,-1,-1,1,1,1,-1,1,-1,-1,1,-1,1,-1,1,1,-1,1,1,1,-1,-1,1,-1,1,-1,-1,-1,1,-1,-1,1,-1,1,-1,1,-1,-1,1,1,-1,-1,1,-1,1,1,1,-1,-1,1,-1,1,1,1,1,-1,1,-1,-1,1,1,1,-1,1,1,-1,1,1,-1,-1,-1,1,1,1,1,-1,-1,1,1,-1,1,-1,1,-1,-1,1,1,1,1,1,-1,1,1,1,1,-1,1,-1,1,-1,1,1,1,1,-1,1,-1,1,1,1,-1,-1,1,1,-1,1,1,-1,1,-1,-1,1,1,1,-1,1,-1,1,-1,1,1,1,1,1,-1,1,-1,1,1,1,1,-1,1,1,1,-1,1,1,-1,1,1,1,1,-1,1,1,1,1,1,1,1,1,-1,1,-1,1,1,-1,1,-1,-1,-1,1,1,-1,1,-1,1,1,1,1,1,-1,-1,1,-1,1,1,-1,1,-1,1,1,-1,1,-1,1,-1,1,1,1,1,-1,-1,1,1,1,1,1,-1,1,1,1,-1,1,1,1,-1,-1,1,1,1,1,1,-1,1,-1,1,1,-1,1,-1,-1,1,1,1,1,1,-1,1,-1,-1,1,-1,1,-1,1,-1,1,1,-1,1,-1,-1,1,-1,1,-1,1,-1,1,1,1,1,-1,1,-1,1,-1,-1,1,-1,-1,1,-1,-1,1,1,-1,1,-1,1,-1,1,1,-1,-1,1,1,-1,1,-1,-1,-1,-1,-1,-1,1,1,-1,-1,1,-1,-1,-1,1,-1,1,-1,1,-1,1,-1,-1,-1,-1,-1,1,-1,-1,1,-1,-1,-1,1,1,-1,1,-1,-1,1,-1,-1,1,1,-1,-1,-1,-1,-1,1,1,-1,1,-1,-1,-1,-1,1,1,1,-1,1,-1,1,-1,1,1,1,-1,1,1,-1,-1,1,1,1,1,-1,-1,1,-1,1,1,1,-1,-1,-1,-1,-1,1,1,1,-1,-1,-1,1,1,-1,1,-1,-1,-1,1,1,1,1,-1,-1,1,1,1,1,1,-1,-1,-1,-1,1,-1,1,-1,1,-1,-1,1,1,1,-1,1,1,1,-1,-1,1,1,-1,-1,-1,-1,1,1,1,-1,-1,-1,1,1,1,1,-1,-1,-1,-1,1,1,-1,-1,-1,-1,-1,1,1,-1,1,-1,-1,1,-1,1,1,-1,-1,-1,-1,1,1,1,-1,-1,-1,1,1,1,1,-1,-1,-1,-1,1,1,1,-1,1,-1,1,1,1,1,-1,-1,1,-1,1,-1,1,-1,-1,-1,1,1,1,1,-1,-1,1,1,1,1,1,-1,-1,-1,1,1,1,-1,1,-1,1,-1,1,-1,-1,1,-1,1,-1,1,1,-1,1,-1,1,1,1,-1,-1,-1,-1,1,1,1,1,-1,1,-1,1,-1,1,-1,1,-1,-1,1,-1,1,1,-1,1,-1,1,1,1,1,-1,1,-1,1,-1,1,1,-1,1,1,1,1,1,-1,1,1,-1,1,1,1,1,-1,1,-1,-1,1,1,1,-1,1,1,-1,1,1,1,-1,1,1,-1,1,1,1,1,1,-1,-1,1,1,1,1,1,-1,1,-1,1,1,1,1,1,-1,1,1,1,1,1,1,-1,1,1,1,1,1,-1,1,1,1,1,1,1,1,-1,1,1,1,1,1,-1,1,1,1,1,1,1,-1,1,-1,1,1,1,1,1,-1,1,1,1,1,1,-1,-1,1,-1,1,1,1,-1,1,1,1,1,1,-1,-1,1,1,1,1,1,1,-1,1,1,-1,1,1,-1,1,1,1,1,1,1,-1,-1,1,1,1,1,-1,1,-1,1,1,1,1,-1,-1,-1,1,1,1,1,-1,1,-1,1,1,1,1,1,-1,-1,1,1,-1,1,1,-1,-1,1,1,-1,1,-1,-1,-1,1,-1,1,1,1,-1,1,1,1,-1,1,1,-1,-1,1,1,-1,1,1,-1,1,1,1,-1,1,1,-1,1,-1,1,1,1,1,-1,1,-1,1,1,1,-1,-1,1,-1,1,1,1,1,1,-1,-1,1,1,-1,1,1,1,1,1,-1,1,-1,1,1,-1,1,-1,1,1,-1,1,-1,1,-1,1,1,1,-1,-1,-1,1,1,1,-1,1,-1,1,-1,1,-1,1,1,-1,1,-1,1,1,1,-1,-1,1,1,1,1,1,-1,-1,1,1,1,1,-1,1,1,-1,1,1,1,-1,1,-1,1,-1,1,1,-1,-1,1,1,1,-1,1,1,-1,1,1,-1,1,1,-1,-1,1,-1,1,-1,1,-1,-1,1,1,1,1,1,-1,-1,1,1,1,1,1,1,-1,1,-1,1,1,1,1,-1,1,1,1,1,1,-1,-1,1,1,1,-1,1,1,-1,-1,1,1,-1,1,-1,1,-1,1,1,-1,1,1,-1,-1,1,-2682.0,1,2000,445,500,True
3,-1,-1,1,1,1,1,-1,1,-1,-1,-1,1,-1,1,-1,-1,1,-1,1,1,-1,1,-1,-1,-1,1,-1,-1,-1,-1,-1,-1,1,1,-1,1,1,-1,-1,-1,1,-1,1,-1,-1,-1,-1,1,-1,-1,-1,-1,1,-1,1,-1,-1,1,-1,-1,-1,1,1,1,-1,-1,-1,-1,-1,-1,1,-1,-1,-1,-1,-1,-1,1,-1,-1,-1,1,1,-1,-1,-1,-1,-1,-1,1,-1,-1,-1,-1,-1,-1,-1,1,-1,1,-1,-1,-1,-1,1,-1,-1,-1,-1,-1,-1,1,-1,-1,-1,-1,-1,-1,1,-1,-1,-1,-1,-1,-1,1,-1,-1,1,-1,-1,-1,-1,-1,-1,1,-1,-1,-1,-1,-1,-1,1,-1,-1,-1,1,-1,-1,-1,-1,-1,-1,-1,1,-1,1,1,-1,-1,1,-1,-1,-1,1,-1,1,-1,1,-1,1,-1,-1,-1,-1,-1,-1,-1,-1,-1,-1,1,1,-1,1,-1,-1,-1,-1,-1,-1,1,-1,-1,1,-1,1,-1,1,1,-1,1,-1,1,-1,1,-1,-1,-1,1,1,-1,1,1,-1,-1,1,1,-1,1,-1,1,-1,-1,1,1,-1,1,-1,-1,1,1,-1,1,-1,1,-1,-1,1,-1,1,-1,1,1,-1,1,1,1,-1,-1,1,-1,1,-1,-1,1,1,1,-1,1,-1,1,-1,1,-1,-1,1,1,-1,-1,1,-1,-1,1,1,-1,-1,1,-1,-1,1,1,1,-1,1,-1,-1,1,1,1,-1,1,1,-1,1,-1,-1,-1,-1,1,-1,1,1,-1,-1,1,1,-1,1,1,1,-1,-1,1,-1,1,1,1,-1,1,1,-1,1,-1,1,-1,1,1,-1,1,1,1,-1,1,-1,1,1,1,-1,-1,1,1,-1,1,1,-1,1,-1,1,-1,1,1,-1,1,-1,1,-1,1,1,1,1,1,-1,1,1,-1,1,1,1,-1,1,1,1,-1,1,1,1,1,1,1,-1,-1,1,1,1,1,1,1,1,1,-1,1,-1,1,-1,1,1,-1,1,1,1,1,-1,1,-1,1,1,1,-1,1,1,-1,1,1,1,-1,1,-1,-1,1,1,-1,1,-1,1,-1,1,1,-1,1,-1,-1,1,1,1,1,1,-1,1,-1,-1,-1,1,1,1,-1,-1,1,1,1,-1,1,-1,1,-1,1,1,-1,1,-1,-1,1,1,1,-1,1,-1,1,-1,-1,1,1,1,-1,-1,-1,-1,-1,1,1,-1,-1,1,-1,1,1,-1,-1,1,-1,-1,1,1,1,-1,-1,1,-1,1,-1,-1,1,-1,-1,1,1,-1,1,-1,-1,1,1,1,-1,-1,1,-1,1,1,1,-1,-1,-1,-1,-1,1,1,-1,-1,1,-1,1,-1,1,1,-1,-1,1,-1,1,-1,1,-1,-1,1,-1,-1,-1,1,-1,-1,-1,-1,1,-1,1,-1,-1,1,-1,-1,1,1,-1,-1,-1,-1,-1,1,1,-1,1,-1,1,-1,-1,1,1,1,-1,1,-1,1,-1,1,1,1,-1,1,1,-1,-1,1,1,1,-1,1,-1,1,-1,1,1,1,-1,-1,-1,1,-1,1,1,1,-1,-1,-1,1,1,-1,1,-1,-1,-1,1,1,1,1,-1,-1,-1,1,1,1,1,-1,-1,-1,-1,1,-1,1,-1,1,-1,-1,1,1,1,-1,-1,1,1,-1,-1,1,1,-1,-1,-1,-1,1,1,1,-1,1,-1,1,1,1,1,-1,-1,1,-1,1,1,-1,-1,-1,-1,-1,1,1,-1,1,-1,-1,1,1,1,1,-1,-1,-1,-1,1,1,-1,1,-1,-1,1,1,1,1,-1,1,-1,-1,1,1,1,-1,1,-1,1,1,1,1,-1,1,-1,-1,1,-1,1,-1,1,-1,1,1,1,1,-1,-1,1,-1,1,1,1,-1,-1,-1,1,1,1,-1,1,-1,1,-1,1,-1,-1,1,-1,1,-1,1,1,-1,-1,1,-1,1,1,-1,-1,-1,1,-1,1,1,1,-1,1,-1,1,-1,1,-1,1,-1,1,-1,-1,1,1,-1,1,1,-1,1,1,1,-1,-1,1,1,-1,1,1,-1,1,1,1,1,1,-1,1,1,-1,1,1,1,1,-1,1,-1,1,-1,1,1,-1,1,1,-1,1,1,1,-1,1,1,-1,1,1,1,-1,1,-1,-1,1,1,1,1,1,-1,1,-1,1,-1,1,1,-1,-1,1,1,1,1,1,1,-1,1,-1,1,1,1,-1,1,1,1,1,1,1,-1,-1,1,1,-1,1,1,-1,1,1,1,1,1,1,-1,1,-1,1,1,-1,1,1,-1,1,1,1,1,1,-1,-1,1,-1,1,1,1,-1,1,1,1,1,1,-1,-1,1,1,1,1,1,1,-1,1,1,-1,1,1,-1,1,1,1,1,1,1,-1,-1,1,1,1,1,-1,1,-1,1,1,1,1,-1,-1,-1,1,1,1,1,-1,1,-1,1,1,1,1,1,-1,-1,1,1,-1,1,1,-1,-1,1,1,-1,1,-1,-1,-1,1,-1,-1,1,1,-1,1,1,1,-1,1,1,-1,-1,1,1,-1,1,1,-1,1,1,1,-1,1,1,-1,1,-1,1,1,1,1,-1,1,-1,1,1,1,-1,-1,1,1,1,1,1,1,-1,1,1,1,1,-1,1,-1,1,1,-1,-1,1,-1,1,1,1,1,-1,1,1,-1,1,-1,1,-1,1,1,1,-1,1,1,1,1,-1,1,1,1,-1,-1,1,-1,1,-1,1,-1,-1,1,1,1,-1,-1,1,1,1,1,1,-1,-1,1,1,1,-1,1,1,1,1,1,1,1,1,1,1,1,-1,1,1,-1,-1,1,1,1,-1,1,1,-1,-1,-1,-1,1,1,1,-1,1,1,1,-1,1,1,-1,-1,1,1,1,1,1,-1,1,1,1,1,1,1,-1,1,1,1,1,1,1,-1,1,1,1,1,-1,1,-1,1,-1,1,-1,1,1,-1,-1,1,1,-1,1,1,-1,1,1,1,-1,1,1,1,-1,1,-2682.0,1,2000,445,500,True
4,-1,-1,1,1,1,1,-1,1,-1,-1,-1,1,-1,1,-1,-1,1,-1,1,1,-1,1,-1,-1,-1,1,-1,-1,-1,-1,-1,-1,1,1,-1,1,1,-1,-1,-1,1,-1,1,-1,-1,-1,-1,1,-1,-1,-1,-1,1,-1,1,-1,-1,1,-1,-1,-1,1,1,1,-1,-1,-1,-1,-1,-1,1,-1,-1,-1,-1,-1,-1,1,-1,-1,-1,1,1,-1,-1,-1,-1,-1,-1,1,-1,-1,-1,-1,-1,-1,-1,1,-1,1,-1,-1,-1,-1,1,-1,-1,-1,-1,-1,-1,1,-1,-1,-1,-1,-1,-1,1,-1,-1,-1,-1,-1,-1,1,-1,-1,1,-1,-1,-1,-1,-1,-1,1,-1,-1,-1,-1,-1,-1,1,-1,-1,-1,1,-1,-1,-1,-1,-1,-1,-1,1,-1,1,1,-1,-1,-1,1,-1,-1,1,-1,1,-1,1,-1,1,-1,-1,-1,-1,-1,-1,-1,-1,-1,-1,1,1,-1,1,-1,-1,-1,-1,-1,-1,1,-1,-1,-1,-1,1,-1,1,1,-1,1,-1,1,-1,1,-1,-1,-1,-1,1,-1,1,1,-1,-1,-1,1,-1,1,-1,1,-1,-1,1,1,-1,1,-1,-1,-1,1,1,1,-1,1,-1,-1,1,-1,1,-1,1,1,-1,1,1,1,-1,-1,1,-1,1,-1,-1,1,1,-1,-1,1,-1,1,-1,1,-1,-1,1,1,-1,-1,1,-1,1,1,1,-1,-1,1,-1,1,1,1,1,-1,1,-1,-1,1,1,1,-1,1,1,-1,1,1,-1,-1,-1,1,1,1,1,-1,-1,1,1,-1,1,1,1,-1,-1,1,1,1,1,1,-1,1,1,1,1,-1,1,-1,1,-1,1,1,1,1,-1,1,-1,1,1,1,-1,-1,1,1,-1,1,1,-1,1,-1,-1,1,1,1,-1,1,-1,1,-1,1,1,1,1,1,-1,1,1,1,1,1,1,-1,1,-1,1,-1,1,1,-1,1,-1,1,1,-1,1,1,1,-1,1,1,-1,1,-1,1,1,-1,1,-1,1,-1,-1,1,-1,1,-1,1,-1,1,-1,-1,1,1,-1,-1,1,1,-1,1,-1,1,-1,1,-1,1,1,-1,1,-1,1,1,-1,1,-1,-1,1,1,-1,-1,1,-1,1,-1,-1,1,-1,1,1,-1,-1,1,-1,-1,1,-1,-1,1,-1,1,-1,-1,1,-1,-1,1,-1,-1,-1,1,-1,1,-1,1,-1,-1,1,-1,-1,-1,-1,-1,-1,1,-1,-1,1,1,-1,-1,1,-1,1,-1,-1,1,-1,1,-1,-1,1,1,-1,-1,-1,-1,-1,-1,-1,1,-1,1,-1,-1,1,1,-1,-1,-1,1,-1,1,1,-1,-1,-1,-1,-1,-1,-1,-1,-1,-1,1,-1,1,1,-1,1,-1,-1,1,-1,-1,1,-1,-1,-1,1,-1,1,-1,1,-1,-1,-1,-1,1,-1,1,-1,-1,1,-1,1,1,1,-1,-1,-1,-1,1,-1,1,-1,-1,-1,1,1,1,-1,1,1,-1,1,1,1,1,1,-1,1,-1,1,1,-1,1,-1,1,-1,-1,1,-1,-1,1,-1,-1,1,-1,-1,-1,1,1,-1,1,1,-1,-1,1,1,-1,-1,1,-1,-1,-1,-1,-1,1,1,-1,-1,-1,-1,-1,1,1,-1,-1,1,1,1,-1,1,-1,1,-1,1,-1,1,1,-1,-1,-1,1,-1,-1,1,1,-1,1,1,1,1,1,1,-1,-1,1,-1,1,1,1,-1,-1,1,-1,1,1,-1,-1,1,1,-1,1,1,-1,-1,1,-1,1,1,1,1,-1,1,1,-1,1,1,1,-1,1,1,1,1,1,1,-1,-1,1,1,1,1,1,-1,1,1,-1,1,1,1,-1,-1,1,1,1,-1,1,-1,-1,1,1,1,1,1,-1,-1,-1,1,1,1,1,-1,-1,1,1,1,1,-1,1,-1,1,-1,1,-1,-1,1,-1,1,-1,1,1,-1,-1,1,-1,1,1,-1,-1,-1,-1,1,-1,1,1,-1,1,-1,1,-1,1,-1,1,-1,-1,1,-1,1,1,-1,1,-1,1,-1,1,1,-1,-1,-1,1,-1,1,1,-1,1,1,1,1,1,-1,1,1,-1,1,1,1,1,-1,1,-1,1,-1,1,1,-1,1,1,-1,1,1,1,-1,1,1,-1,1,1,1,-1,1,-1,-1,1,1,1,1,1,-1,1,-1,1,-1,1,1,1,-1,1,1,1,1,1,1,-1,1,1,1,1,1,1,1,1,1,1,1,1,1,-1,1,1,-1,1,1,-1,1,1,1,1,1,1,1,-1,1,1,1,-1,1,-1,1,1,1,1,1,1,-1,-1,1,-1,1,1,1,-1,1,1,1,1,1,-1,-1,1,1,1,1,1,1,-1,1,1,-1,1,1,-1,1,1,1,1,1,1,-1,-1,1,1,1,1,-1,1,-1,1,1,1,1,-1,-1,-1,1,1,1,1,-1,1,-1,1,1,1,1,1,-1,-1,1,1,-1,1,1,-1,-1,1,1,-1,1,-1,-1,-1,1,-1,-1,1,1,-1,1,1,1,-1,1,1,-1,-1,1,1,-1,1,1,-1,1,1,1,-1,1,1,-1,1,-1,1,1,1,1,-1,1,-1,1,1,1,-1,-1,1,1,1,1,1,1,1,-1,1,1,1,-1,1,1,1,1,-1,-1,1,-1,1,1,1,1,-1,1,1,-1,1,-1,1,-1,1,1,1,-1,1,1,1,1,1,-1,1,1,-1,-1,1,-1,1,1,1,-1,-1,1,1,1,-1,-1,1,1,1,1,1,-1,-1,1,1,1,1,-1,1,1,1,1,1,1,-1,1,1,1,-1,1,1,-1,-1,1,1,1,-1,1,1,-1,-1,-1,-1,1,1,-1,1,1,1,1,-1,1,-1,-1,-1,1,1,1,1,-1,-1,1,1,1,1,1,1,-1,1,1,1,1,1,1,-1,1,1,1,1,1,-1,-1,1,-1,1,-1,1,1,-1,-1,1,1,-1,1,-1,1,1,1,1,-1,1,1,-1,-1,1,-2680.0,1,2000,445,500,True
5,-1,-1,1,1,1,1,-1,1,-1,-1,-1,1,-1,1,-1,-1,1,-1,1,1,-1,1,-1,-1,-1,1,-1,-1,1,-1,-1,-1,1,1,-1,1,1,-1,-1,-1,1,-1,1,-1,-1,-1,-1,-1,1,-1,1,-1,1,-1,1,-1,-1,1,-1,-1,-1,1,1,1,-1,-1,-1,-1,-1,-1,1,-1,-1,-1,-1,-1,-1,1,-1,-1,-1,1,1,-1,-1,-1,-1,-1,-1,1,-1,-1,-1,-1,-1,-1,-1,1,-1,1,-1,-1,-1,-1,1,-1,-1,-1,-1,-1,-1,1,-1,1,-1,-1,-1,-1,1,-1,-1,-1,-1,-1,-1,1,-1,-1,1,-1,-1,-1,-1,-1,-1,1,-1,-1,-1,-1,-1,-1,1,-1,-1,-1,1,-1,-1,-1,-1,-1,-1,-1,1,-1,1,1,-1,-1,-1,1,-1,-1,-1,-1,1,-1,1,-1,-1,-1,-1,-1,-1,-1,-1,1,-1,-1,-1,1,1,-1,-1,-1,-1,-1,-1,-1,-1,1,-1,-1,-1,-1,1,-1,1,-1,-1,1,-1,1,-1,1,-1,-1,-1,-1,1,-1,1,-1,1,-1,-1,1,-1,1,-1,1,-1,-1,1,1,-1,1,-1,-1,-1,1,1,1,-1,1,-1,-1,1,-1,1,-1,1,1,-1,1,1,1,-1,-1,1,-1,1,-1,-1,1,1,-1,-1,1,-1,1,-1,1,-1,-1,1,1,-1,-1,1,-1,1,1,1,-1,-1,1,-1,1,1,1,1,-1,1,-1,-1,1,1,1,-1,1,1,-1,1,1,-1,-1,-1,1,1,1,1,-1,-1,1,1,-1,1,-1,1,-1,-1,1,1,1,1,1,-1,1,1,1,1,-1,1,-1,1,-1,1,1,1,1,-1,1,-1,1,1,1,-1,-1,1,1,-1,1,1,-1,1,-1,-1,1,1,1,-1,1,-1,1,-1,1,1,1,1,1,-1,1,1,1,1,1,1,-1,1,-1,1,-1,1,1,-1,1,-1,1,1,-1,1,1,1,-1,1,1,-1,1,-1,1,1,-1,1,-1,1,-1,-1,1,-1,1,-1,1,-1,1,-1,-1,1,1,-1,-1,1,1,-1,1,-1,1,-1,1,-1,1,1,-1,1,-1,1,1,-1,1,-1,-1,1,1,-1,-1,1,-1,1,1,1,1,-1,1,1,-1,-1,1,-1,-1,1,-1,-1,1,-1,1,-1,-1,1,-1,-1,1,-1,-1,-1,1,-1,1,-1,1,-1,-1,1,-1,-1,-1,-1,-1,-1,1,-1,-1,1,1,-1,-1,1,-1,1,-1,-1,1,-1,1,-1,-1,1,1,-1,-1,-1,-1,-1,-1,-1,1,-1,1,-1,-1,1,1,-1,-1,-1,1,-1,1,1,-1,-1,-1,-1,-1,-1,-1,1,-1,-1,1,-1,1,1,1,1,-1,-1,1,-1,-1,1,-1,-1,-1,1,-1,1,-1,1,-1,-1,-1,-1,1,-1,1,-1,-1,1,-1,1,1,1,-1,-1,-1,1,1,-1,1,-1,-1,-1,1,1,1,-1,1,1,-1,1,1,1,1,1,-1,1,-1,1,1,-1,1,-1,1,-1,-1,1,-1,-1,1,-1,-1,1,-1,-1,-1,1,1,-1,1,1,-1,-1,1,1,-1,-1,1,-1,-1,-1,-1,-1,1,1,-1,-1,-1,-1,-1,1,1,-1,-1,1,1,1,-1,1,-1,1,-1,1,-1,1,1,-1,1,-1,1,-1,-1,1,1,-1,1,1,1,1,1,1,-1,-1,1,-1,1,1,1,-1,-1,1,-1,1,1,-1,-1,1,1,-1,1,1,-1,-1,1,-1,1,-1,1,1,-1,1,-1,-1,1,1,1,-1,1,-1,1,1,1,1,-1,-1,1,1,1,1,1,-1,1,1,-1,1,1,1,-1,-1,1,1,1,-1,1,-1,-1,1,-1,1,1,1,-1,-1,-1,1,1,1,1,-1,-1,1,1,1,1,-1,1,-1,1,-1,1,-1,-1,1,-1,1,-1,1,1,-1,-1,1,-1,1,1,-1,-1,-1,-1,1,-1,1,1,-1,1,-1,1,-1,1,-1,1,-1,-1,1,-1,1,1,-1,1,-1,1,-1,1,1,-1,1,-1,1,-1,1,1,-1,1,1,1,1,1,-1,1,1,-1,1,1,1,1,-1,1,-1,1,-1,1,1,-1,1,1,-1,1,1,1,-1,1,1,-1,1,1,1,1,1,-1,-1,1,1,1,1,1,-1,1,-1,1,1,1,1,1,-1,1,1,1,1,1,1,-1,1,1,1,1,1,1,1,1,1,1,1,1,1,-1,1,1,1,1,1,-1,1,1,1,1,1,1,1,-1,1,1,1,1,1,-1,1,1,1,1,1,1,-1,-1,1,-1,1,1,1,-1,1,1,1,1,1,-1,-1,1,1,1,1,1,1,-1,1,1,-1,1,1,-1,1,1,1,1,1,1,-1,-1,1,1,1,1,-1,1,-1,1,1,1,1,-1,-1,-1,1,1,1,1,-1,1,-1,1,1,1,1,1,-1,-1,1,1,-1,1,1,-1,-1,1,1,-1,1,-1,-1,-1,1,-1,1,1,1,-1,1,1,1,-1,1,1,-1,-1,1,1,-1,1,1,-1,1,1,1,-1,1,1,-1,1,-1,1,1,1,1,-1,1,-1,1,1,1,-1,-1,1,1,1,1,1,1,1,-1,1,1,1,-1,1,1,1,1,-1,-1,1,-1,1,1,1,1,-1,1,1,-1,1,-1,1,-1,1,1,1,-1,-1,-1,1,1,1,-1,1,1,-1,-1,1,-1,1,1,1,-1,-1,1,1,1,-1,-1,1,1,1,1,1,-1,-1,1,1,1,1,-1,1,1,1,1,1,1,-1,1,1,-1,-1,1,1,-1,-1,1,1,1,-1,1,1,-1,-1,-1,-1,1,1,-1,-1,1,1,1,-1,1,-1,-1,-1,1,1,1,1,-1,-1,1,1,1,1,1,1,-1,1,1,1,1,1,1,-1,1,1,1,1,1,-1,-1,1,-1,1,-1,1,1,-1,-1,1,1,-1,1,-1,1,-1,1,1,-1,1,1,-1,-1,1,-2680.0,1,2000,445,500,True
6,-1,-1,1,1,1,1,-1,1,-1,-1,-1,1,-1,1,-1,-1,1,-1,1,1,-1,1,-1,-1,-1,1,-1,-1,-1,-1,-1,-1,1,1,-1,1,1,-1,-1,-1,1,-1,1,-1,-1,-1,-1,1,-1,-1,1,-1,1,-1,1,-1,-1,1,-1,-1,-1,1,1,1,-1,-1,-1,-1,-1,-1,1,-1,-1,-1,-1,-1,-1,1,-1,-1,-1,1,1,-1,-1,-1,-1,-1,-1,1,-1,-1,-1,-1,-1,-1,-1,1,-1,1,-1,-1,-1,-1,1,-1,-1,-1,-1,-1,-1,1,-1,1,-1,-1,-1,-1,1,-1,-1,-1,-1,-1,-1,1,-1,-1,1,-1,-1,-1,-1,-1,-1,1,-1,-1,-1,-1,-1,-1,1,-1,-1,-1,1,-1,-1,-1,-1,-1,-1,-1,1,-1,1,1,-1,-1,-1,-1,-1,-1,-1,-1,1,-1,1,-1,-1,-1,-1,-1,-1,-1,-1,1,-1,-1,-1,1,1,-1,-1,-1,-1,-1,-1,-1,-1,1,-1,-1,-1,-1,1,-1,1,-1,-1,1,-1,1,-1,1,-1,-1,-1,-1,1,-1,1,-1,-1,-1,-1,1,-1,1,-1,1,-1,-1,1,1,-1,1,-1,-1,-1,1,1,1,-1,1,-1,-1,1,-1,1,-1,1,1,-1,1,1,1,-1,-1,1,-1,1,-1,-1,1,1,-1,-1,1,-1,1,-1,1,-1,-1,1,1,-1,-1,1,-1,1,1,1,-1,-1,1,-1,1,1,1,1,-1,1,-1,-1,1,1,1,-1,1,1,-1,1,-1,-1,-1,-1,1,1,1,1,-1,-1,1,1,-1,1,1,1,-1,-1,1,1,1,1,1,-1,1,1,1,1,-1,1,-1,1,-1,1,1,1,1,-1,1,-1,1,1,1,-1,-1,1,1,-1,1,1,-1,1,-1,-1,1,1,1,-1,1,1,1,-1,1,1,1,1,1,-1,1,1,1,1,1,1,-1,1,1,1,-1,1,1,-1,1,1,1,1,-1,1,-1,1,1,1,1,-1,1,-1,1,-1,1,1,-1,1,-1,-1,-1,1,1,-1,1,-1,1,1,1,1,1,-1,-1,1,1,1,1,-1,1,-1,1,1,-1,1,-1,1,1,1,1,1,1,-1,1,-1,1,1,1,1,-1,1,1,-1,-1,1,1,1,-1,1,-1,1,1,1,-1,-1,1,-1,1,1,-1,1,-1,1,-1,1,-1,-1,1,-1,1,-1,-1,1,-1,1,-1,1,-1,1,1,-1,1,-1,-1,1,-1,1,-1,1,-1,1,1,-1,1,-1,1,-1,1,-1,-1,1,-1,-1,-1,-1,-1,1,1,-1,1,-1,1,-1,1,1,-1,-1,1,1,-1,-1,1,-1,-1,-1,1,-1,-1,1,-1,-1,1,-1,1,-1,1,1,-1,-1,1,-1,-1,1,-1,-1,-1,-1,-1,-1,-1,1,-1,-1,-1,-1,1,-1,1,-1,-1,1,-1,-1,1,1,-1,-1,-1,1,-1,1,1,-1,-1,-1,1,-1,-1,1,1,1,-1,1,-1,1,1,1,-1,1,-1,1,1,-1,-1,1,1,1,-1,1,-1,1,-1,1,1,1,-1,-1,-1,-1,1,1,1,1,-1,-1,-1,1,1,-1,1,-1,-1,-1,1,1,1,1,-1,-1,1,1,1,1,1,-1,-1,-1,-1,1,-1,1,-1,1,-1,-1,1,1,1,-1,1,1,-1,1,-1,1,1,-1,-1,-1,-1,1,1,1,-1,-1,-1,1,1,1,1,-1,-1,1,-1,1,1,-1,-1,-1,-1,-1,1,1,-1,1,-1,1,1,-1,1,1,-1,-1,-1,-1,1,1,1,-1,-1,-1,1,1,1,1,-1,-1,-1,-1,1,1,1,-1,1,-1,1,1,1,1,-1,-1,1,-1,1,-1,1,-1,-1,1,-1,1,1,1,-1,-1,1,1,1,1,1,-1,-1,-1,1,1,1,-1,1,-1,-1,-1,1,-1,-1,1,-1,1,-1,1,1,-1,1,-1,-1,1,1,-1,-1,-1,-1,1,-1,1,1,-1,1,-1,1,-1,1,-1,1,-1,-1,1,-1,1,1,-1,1,-1,1,-1,1,1,-1,1,-1,1,-1,1,1,-1,1,1,1,1,1,-1,1,1,-1,1,1,1,1,-1,1,-1,1,-1,1,1,-1,1,1,-1,1,1,1,-1,1,1,-1,1,1,1,1,1,-1,-1,1,1,1,1,1,-1,1,-1,1,1,1,1,1,-1,1,1,1,1,1,1,-1,1,-1,1,1,1,1,1,1,1,1,1,1,1,-1,1,1,-1,1,1,-1,1,1,1,1,1,1,1,-1,1,1,1,1,1,-1,1,1,1,1,1,1,-1,-1,1,-1,1,1,1,-1,1,1,1,1,1,-1,-1,1,1,1,1,1,1,-1,1,1,-1,1,1,-1,1,1,1,1,1,1,-1,-1,1,1,1,1,-1,1,-1,1,1,1,1,-1,-1,-1,1,1,1,1,-1,1,-1,1,1,1,1,1,-1,-1,1,1,-1,1,1,-1,-1,1,1,-1,1,-1,-1,-1,1,-1,1,1,1,-1,1,1,1,-1,1,1,-1,-1,1,1,-1,1,1,-1,1,1,1,-1,1,1,-1,1,-1,1,1,1,1,-1,1,-1,1,1,1,-1,-1,1,-1,1,1,1,1,1,1,-1,1,1,-1,1,1,-1,-1,1,-1,1,-1,1,1,-1,1,-1,1,1,-1,1,-1,1,-1,1,1,1,-1,-1,-1,1,1,1,-1,1,-1,1,-1,1,-1,1,1,-1,1,-1,1,1,1,-1,-1,-1,1,1,1,1,-1,1,1,1,1,1,-1,1,-1,1,1,1,1,-1,1,-1,-1,-1,1,1,-1,1,1,1,1,-1,1,1,-1,-1,-1,-1,1,1,-1,1,1,1,1,-1,1,-1,-1,1,1,1,1,1,-1,-1,1,1,1,1,1,1,-1,1,1,1,1,1,1,-1,1,1,1,1,1,-1,-1,1,1,1,-1,1,1,-1,1,1,1,-1,1,-1,1,-1,1,1,-1,1,1,-1,1,1,-2680.0,1,2000,445,500,True
7,-1,-1,1,1,1,1,-1,1,-1,-1,-1,1,-1,1,-1,-1,1,-1,1,1,-1,1,-1,-1,-1,1,-1,-1,-1,-1,-1,-1,1,1,-1,1,1,-1,-1,-1,1,-1,1,-1,-1,-1,-1,-1,1,-1,1,-1,1,-1,1,-1,-1,1,-1,-1,-1,1,1,1,-1,-1,-1,-1,-1,-1,1,-1,-1,-1,-1,-1,-1,1,-1,-1,-1,1,1,-1,-1,-1,-1,1,-1,1,-1,-1,-1,-1,-1,-1,-1,1,-1,1,-1,-1,-1,-1,1,-1,-1,-1,-1,-1,-1,1,-1,1,-1,-1,-1,-1,1,-1,-1,-1,-1,-1,-1,1,-1,-1,1,-1,-1,-1,-1,-1,-1,1,-1,-1,-1,-1,-1,-1,1,-1,-1,-1,1,-1,-1,-1,-1,-1,-1,-1,1,-1,1,1,-1,-1,-1,-1,-1,-1,1,-1,1,-1,1,-1,1,-1,-1,-1,-1,-1,-1,-1,-1,-1,-1,1,1,-1,1,-1,-1,-1,-1,-1,-1,1,-1,-1,-1,-1,1,-1,1,1,-1,1,-1,1,-1,1,-1,-1,-1,-1,1,-1,1,1,-1,-1,-1,1,-1,1,-1,1,-1,-1,1,1,-1,1,-1,-1,-1,1,-1,1,-1,1,-1,-1,1,-1,1,-1,1,1,-1,1,1,1,-1,-1,1,-1,1,-1,-1,-1,1,-1,-1,1,-1,1,-1,1,-1,-1,1,1,-1,-1,1,-1,1,1,1,-1,-1,1,-1,1,1,1,1,-1,1,-1,-1,1,1,1,-1,1,1,-1,1,-1,-1,-1,-1,1,1,1,1,-1,-1,1,1,-1,1,1,1,-1,-1,1,1,1,1,1,-1,1,1,1,1,-1,1,-1,1,-1,1,1,1,1,-1,1,-1,1,1,1,-1,-1,1,1,-1,1,1,-1,1,-1,-1,1,1,1,-1,1,1,1,-1,1,1,1,1,1,-1,1,1,-1,1,1,1,-1,1,1,1,-1,1,1,-1,1,1,1,1,-1,1,-1,1,1,1,1,1,1,-1,1,-1,1,-1,-1,1,-1,-1,-1,1,1,-1,1,-1,1,1,1,-1,1,1,-1,1,-1,1,-1,1,-1,-1,1,1,-1,1,-1,1,1,1,1,-1,1,-1,1,-1,1,1,1,1,-1,1,1,-1,-1,1,1,1,-1,1,-1,1,1,-1,1,-1,1,-1,1,1,-1,1,-1,1,-1,1,1,-1,1,-1,1,-1,-1,1,1,1,-1,1,-1,-1,-1,1,1,-1,-1,1,-1,1,1,-1,-1,1,1,1,1,1,1,-1,1,-1,-1,1,-1,-1,1,-1,-1,1,1,-1,1,-1,1,-1,1,1,-1,-1,1,1,1,1,1,-1,-1,-1,1,-1,1,1,-1,-1,1,-1,1,-1,1,1,-1,-1,1,-1,1,-1,1,-1,-1,1,-1,-1,-1,1,-1,-1,-1,-1,1,-1,1,-1,-1,1,-1,-1,1,1,-1,-1,-1,1,-1,1,1,-1,-1,-1,1,-1,-1,1,1,1,-1,1,-1,1,-1,1,-1,1,-1,1,1,-1,-1,1,1,1,-1,1,-1,1,-1,1,1,1,-1,-1,-1,1,-1,1,1,1,-1,-1,-1,1,1,-1,1,-1,-1,-1,1,1,1,1,-1,-1,1,1,1,1,1,-1,-1,-1,-1,1,-1,1,-1,1,-1,-1,1,1,1,-1,-1,1,1,-1,-1,1,1,-1,-1,-1,-1,1,1,1,-1,-1,-1,1,1,1,1,-1,-1,1,-1,1,1,-1,-1,-1,-1,-1,1,1,-1,1,-1,-1,1,-1,1,1,-1,-1,-1,-1,1,1,-1,1,-1,-1,1,1,1,1,-1,1,-1,-1,1,1,1,-1,1,-1,1,1,1,1,-1,1,-1,-1,1,-1,1,-1,1,-1,1,1,1,1,-1,-1,1,-1,1,1,1,-1,-1,-1,1,1,1,-1,1,-1,1,-1,1,-1,-1,1,-1,1,-1,1,1,-1,-1,1,-1,1,1,-1,-1,-1,1,-1,1,1,1,-1,1,-1,1,-1,1,-1,1,-1,1,-1,-1,1,1,-1,1,1,-1,1,1,1,-1,-1,1,1,-1,1,1,-1,1,1,1,1,1,-1,1,1,-1,1,1,1,1,-1,1,-1,1,-1,1,1,-1,1,1,-1,1,1,1,-1,1,1,-1,1,1,1,-1,1,-1,-1,1,1,1,1,1,-1,1,-1,1,-1,1,1,-1,-1,1,1,1,1,1,1,-1,1,1,1,1,1,-1,1,1,1,1,1,1,1,-1,1,1,-1,1,1,-1,1,1,1,1,1,1,-1,1,1,1,1,-1,1,1,-1,1,1,1,1,1,-1,-1,1,-1,1,1,1,-1,1,1,1,1,1,-1,-1,1,1,1,1,1,1,-1,1,1,-1,1,1,-1,1,1,1,1,1,1,-1,1,1,1,1,1,-1,1,-1,1,1,1,1,-1,-1,-1,1,1,1,1,-1,1,-1,1,1,1,1,1,-1,-1,1,1,-1,1,1,-1,-1,1,1,-1,1,-1,-1,-1,1,-1,-1,1,1,-1,1,1,1,-1,1,1,-1,-1,1,1,-1,1,1,-1,1,1,1,-1,1,1,-1,1,-1,1,1,1,1,-1,1,-1,1,1,1,-1,-1,1,-1,1,1,1,1,1,1,-1,1,1,-1,1,1,-1,-1,1,-1,1,-1,1,1,-1,1,-1,1,1,-1,1,-1,1,-1,1,1,1,-1,-1,-1,1,1,1,-1,1,-1,-1,-1,1,-1,1,1,-1,1,-1,1,1,1,-1,-1,-1,1,1,1,1,-1,1,1,1,1,1,-1,1,-1,1,1,1,1,-1,1,-1,-1,-1,1,1,-1,1,1,1,1,-1,1,1,-1,-1,-1,-1,1,1,-1,1,1,1,1,-1,1,-1,-1,1,1,1,1,1,-1,-1,1,1,1,1,1,1,-1,1,1,1,1,1,1,-1,1,1,1,1,1,-1,-1,1,-1,1,-1,1,1,-1,1,1,1,-1,1,-1,1,-1,1,1,-1,1,1,-1,1,1,-2680.0,1,2000,445,500,True
8,-1,-1,1,1,1,1,-1,1,-1,-1,-1,1,-1,1,-1,-1,1,-1,1,1,-1,1,-1,-1,-1,1,-1,-1,-1,-1,-1,-1,1,1,-1,1,1,-1,-1,-1,1,-1,1,-1,-1,-1,-1,-1,1,-1,-1,-1,1,-1,1,-1,-1,1,-1,-1,-1,1,1,1,-1,-1,-1,-1,-1,-1,1,-1,-1,-1,-1,-1,-1,1,-1,-1,-1,1,1,-1,-1,-1,-1,-1,-1,1,-1,-1,-1,-1,-1,-1,-1,1,-1,1,-1,-1,-1,-1,1,-1,-1,-1,-1,-1,-1,1,-1,-1,-1,-1,-1,-1,1,-1,-1,-1,-1,-1,-1,1,-1,-1,1,-1,-1,-1,-1,-1,-1,1,-1,-1,-1,-1,-1,-1,1,-1,-1,-1,1,-1,-1,-1,-1,-1,-1,-1,1,-1,1,1,-1,-1,-1,1,-1,-1,-1,-1,1,-1,1,-1,-1,-1,-1,-1,-1,-1,-1,1,-1,-1,-1,1,1,-1,-1,-1,-1,-1,-1,-1,-1,1,-1,-1,1,-1,1,-1,1,-1,-1,1,-1,1,-1,1,-1,-1,-1,-1,1,-1,1,-1,-1,1,-1,1,-1,1,-1,1,-1,-1,1,1,-1,1,-1,-1,1,1,1,1,-1,1,-1,-1,1,-1,1,-1,1,1,-1,1,1,1,-1,-1,1,-1,1,-1,-1,-1,1,1,-1,1,-1,1,-1,1,-1,-1,1,1,-1,-1,1,-1,-1,1,1,-1,-1,1,-1,-1,1,1,1,-1,1,-1,-1,1,1,1,-1,1,1,-1,1,1,-1,-1,1,-1,-1,1,1,-1,-1,1,1,-1,1,-1,1,-1,-1,1,-1,1,1,1,-1,1,1,-1,1,-1,1,-1,1,1,-1,1,1,1,-1,1,-1,1,1,1,-1,-1,1,1,-1,1,1,-1,1,-1,1,-1,1,1,-1,1,-1,1,-1,1,1,1,1,1,-1,1,1,1,1,1,1,-1,1,-1,1,-1,1,1,1,1,-1,1,1,-1,1,1,1,-1,1,1,-1,1,-1,1,1,-1,1,-1,1,-1,1,1,-1,1,-1,1,-1,1,-1,-1,1,1,-1,-1,1,1,1,1,-1,1,-1,1,-1,1,1,-1,1,-1,1,1,-1,1,-1,-1,1,1,-1,-1,1,-1,1,-1,-1,1,-1,1,1,-1,-1,1,-1,-1,1,-1,-1,1,-1,1,-1,-1,1,-1,-1,1,-1,-1,-1,1,-1,1,-1,1,-1,-1,1,-1,-1,-1,-1,-1,-1,1,-1,-1,1,1,-1,-1,1,-1,1,-1,-1,1,-1,1,-1,-1,1,1,-1,-1,-1,-1,-1,-1,-1,1,-1,1,-1,-1,1,1,-1,-1,-1,1,-1,1,1,-1,-1,-1,-1,-1,-1,-1,1,-1,-1,1,-1,1,1,1,1,-1,-1,1,-1,-1,1,-1,-1,-1,1,-1,1,-1,1,-1,-1,-1,-1,1,-1,1,-1,-1,1,-1,1,1,1,-1,-1,-1,-1,1,-1,1,-1,-1,-1,1,1,1,-1,1,1,-1,1,1,1,1,1,1,1,-1,1,1,-1,1,-1,1,1,-1,1,-1,-1,1,-1,-1,1,-1,-1,-1,1,1,-1,1,1,-1,-1,1,1,-1,-1,1,-1,-1,-1,-1,-1,1,1,-1,-1,-1,-1,-1,1,1,-1,-1,1,1,1,-1,1,-1,1,-1,1,-1,1,1,-1,1,-1,1,-1,-1,1,1,-1,1,1,1,1,1,1,-1,-1,1,-1,1,1,1,-1,-1,1,-1,1,1,-1,-1,1,1,-1,1,1,-1,1,1,-1,1,1,1,1,-1,1,-1,-1,1,1,1,-1,1,-1,1,1,1,1,-1,-1,1,1,1,1,1,-1,1,1,-1,1,1,1,-1,-1,1,1,1,-1,1,-1,-1,1,-1,1,1,1,-1,-1,-1,1,1,1,1,-1,-1,1,1,1,1,-1,1,-1,1,-1,1,-1,-1,1,-1,1,-1,1,1,-1,-1,1,-1,1,1,-1,-1,-1,-1,1,-1,1,1,-1,1,-1,1,-1,1,-1,1,-1,-1,1,-1,1,1,-1,1,-1,1,-1,1,1,-1,1,-1,1,-1,1,1,-1,1,1,1,1,1,-1,1,1,-1,1,1,1,1,-1,1,-1,1,-1,1,1,-1,1,1,-1,1,1,1,-1,1,1,-1,1,1,1,1,1,-1,-1,1,1,1,1,1,-1,1,-1,1,1,1,1,1,-1,1,1,1,1,1,1,-1,1,-1,1,1,1,1,1,1,1,1,1,1,1,-1,1,1,-1,1,1,-1,1,1,1,1,1,1,1,-1,1,1,1,1,1,-1,1,1,1,1,1,1,-1,-1,1,-1,1,1,1,-1,1,1,1,1,1,-1,-1,1,1,1,1,1,1,-1,1,1,-1,1,1,-1,1,1,1,1,1,1,-1,-1,1,-1,1,1,-1,1,-1,1,1,1,1,-1,-1,-1,1,1,1,1,-1,1,-1,1,1,1,1,1,-1,-1,1,1,-1,1,1,-1,-1,1,1,-1,1,-1,-1,-1,1,-1,1,1,1,-1,1,1,1,-1,1,1,-1,-1,1,1,-1,1,1,-1,1,1,1,-1,1,1,-1,1,-1,1,1,1,1,-1,1,-1,1,1,1,-1,-1,1,1,1,1,1,1,-1,1,1,1,1,-1,1,-1,1,1,1,-1,1,-1,1,1,1,1,-1,1,1,-1,1,-1,1,-1,1,1,1,-1,1,1,1,1,-1,1,1,1,-1,-1,1,-1,1,-1,1,-1,-1,1,1,1,-1,-1,1,1,1,1,1,-1,-1,1,1,1,1,1,1,1,1,1,1,1,-1,-1,1,1,-1,1,1,1,-1,1,1,1,-1,1,1,-1,-1,-1,-1,1,1,1,-1,1,1,1,-1,1,1,-1,-1,1,1,1,1,1,-1,1,1,1,1,1,1,-1,1,1,1,1,1,1,-1,1,1,1,1,1,1,-1,1,-1,1,-1,1,1,-1,-1,1,1,-1,1,1,-1,1,1,1,-1,1,1,1,-1,1,-2680.0,1,2000,445,500,True
9,-1,-1,1,1,1,1,-1,1,-1,-1,-1,1,-1,1,-1,-1,1,-1,1,1,-1,1,-1,-1,-1,1,-1,-1,-1,-1,-1,-1,1,1,-1,1,1,-1,-1,-1,1,-1,1,-1,-1,-1,1,1,-1,-1,-1,-1,1,1,1,-1,-1,1,-1,-1,1,1,1,1,-1,1,-1,1,1,-1,1,-1,-1,-1,1,-1,-1,1,-1,-1,-1,1,1,-1,-1,-1,-1,1,1,1,-1,-1,-1,1,-1,1,-1,1,-1,1,1,1,1,-1,1,-1,-1,1,1,1,-1,1,-1,-1,1,1,1,-1,1,-1,-1,1,1,1,-1,1,-1,-1,1,1,-1,-1,1,-1,-1,1,1,1,-1,-1,-1,-1,1,1,1,-1,1,-1,-1,-1,1,1,-1,-1,1,-1,1,1,1,-1,1,-1,-1,-1,1,1,-1,1,1,-1,1,1,1,-1,1,-1,-1,1,1,-1,1,-1,1,-1,1,1,-1,1,1,-1,-1,-1,1,1,1,1,1,-1,1,1,-1,1,1,1,-1,1,1,1,-1,1,1,-1,1,1,1,1,1,1,-1,1,1,-1,-1,1,1,1,-1,1,-1,-1,1,1,-1,-1,1,-1,-1,1,1,-1,-1,1,-1,1,1,1,1,-1,-1,1,-1,1,1,-1,1,1,-1,1,1,1,-1,-1,1,-1,1,-1,1,1,1,1,-1,1,-1,1,1,-1,1,-1,1,-1,1,1,1,1,1,-1,1,1,1,1,1,1,-1,1,1,-1,-1,-1,1,1,-1,1,1,-1,-1,1,-1,-1,1,1,1,-1,1,1,1,1,1,1,-1,1,-1,-1,1,-1,1,-1,1,1,-1,1,1,1,-1,1,1,1,1,1,-1,-1,1,-1,1,1,1,-1,1,1,-1,1,1,1,-1,1,1,1,-1,1,1,1,1,1,-1,1,1,-1,1,1,1,-1,1,1,1,-1,1,1,-1,1,1,1,1,-1,1,-1,1,1,1,1,1,1,-1,1,-1,1,-1,1,1,1,-1,-1,1,1,-1,1,-1,1,1,1,-1,1,1,1,1,1,1,-1,1,-1,-1,1,1,-1,1,-1,1,-1,1,1,-1,1,-1,1,1,1,1,1,1,-1,1,-1,-1,-1,1,1,1,-1,-1,1,1,1,-1,1,-1,1,-1,1,1,-1,1,-1,-1,1,1,1,-1,1,-1,1,-1,-1,1,1,1,-1,-1,-1,-1,-1,1,1,-1,-1,1,-1,1,1,-1,-1,1,-1,-1,1,1,1,-1,-1,1,-1,1,-1,-1,1,-1,-1,1,1,-1,1,-1,-1,1,1,1,-1,-1,1,-1,1,1,1,-1,-1,-1,-1,-1,1,1,-1,-1,1,-1,1,-1,1,1,-1,-1,1,-1,1,-1,1,-1,-1,1,-1,-1,-1,1,-1,-1,-1,-1,1,-1,1,-1,-1,1,-1,-1,1,1,-1,-1,-1,-1,-1,1,1,-1,1,-1,1,-1,-1,1,1,1,-1,1,-1,1,-1,1,-1,1,-1,1,1,-1,-1,1,1,1,-1,1,-1,1,-1,1,1,1,-1,-1,-1,-1,-1,1,1,1,-1,-1,-1,1,1,-1,1,-1,-1,-1,1,1,1,1,-1,-1,-1,1,1,1,1,-1,-1,-1,-1,1,-1,1,-1,1,-1,-1,1,1,1,-1,-1,1,1,-1,-1,1,1,-1,-1,-1,-1,1,1,1,-1,1,-1,1,1,1,1,-1,-1,1,-1,1,1,-1,-1,-1,-1,-1,1,1,-1,1,-1,-1,1,1,1,1,-1,-1,-1,-1,1,1,-1,1,-1,-1,1,1,1,1,-1,1,-1,-1,1,1,1,-1,1,-1,1,1,1,1,-1,1,-1,-1,1,-1,1,-1,1,-1,1,1,1,1,1,-1,1,-1,1,1,1,-1,-1,-1,1,1,1,-1,1,-1,1,-1,1,-1,-1,1,-1,1,-1,1,1,-1,-1,1,-1,1,1,-1,1,-1,1,-1,1,-1,1,-1,1,-1,1,-1,1,-1,1,-1,1,-1,-1,1,-1,1,1,1,-1,1,1,-1,1,-1,1,1,-1,1,-1,-1,1,1,1,1,1,-1,1,1,-1,1,1,1,1,-1,1,-1,1,-1,1,-1,1,1,1,-1,1,1,-1,1,1,1,-1,1,1,1,-1,1,-1,-1,1,1,-1,-1,1,-1,1,-1,-1,1,-1,1,-1,-1,1,1,-1,-1,1,1,-1,1,1,-1,-1,1,-1,1,1,1,-1,-1,1,-1,-1,1,1,-1,-1,1,-1,1,1,1,-1,-1,-1,-1,1,1,1,-1,1,-1,1,-1,1,1,-1,-1,-1,-1,-1,1,-1,-1,-1,1,-1,1,1,-1,-1,-1,-1,-1,1,1,1,-1,-1,-1,-1,1,1,-1,1,-1,-1,1,1,1,-1,-1,1,-1,1,1,1,-1,-1,1,-1,-1,1,1,-1,1,-1,-1,-1,1,1,-1,-1,1,-1,-1,1,1,-1,-1,1,-1,-1,1,1,-1,1,1,1,-1,1,1,-1,-1,1,-1,-1,1,-1,1,-1,1,1,-1,-1,1,-1,1,-1,1,-1,1,1,-1,1,-1,1,-1,1,1,-1,1,1,1,1,-1,1,-1,1,1,-1,1,-1,1,-1,1,1,1,-1,1,1,1,1,-1,1,-1,1,1,1,-1,1,1,1,1,-1,-1,1,1,-1,1,1,1,-1,1,-1,-1,1,-1,1,-1,1,-1,1,-1,1,1,1,1,-1,-1,1,1,-1,-1,1,-1,-1,1,1,-1,-1,1,1,-1,1,-1,1,1,1,-1,-1,-1,-1,1,1,1,-1,1,1,1,1,1,-1,-1,1,1,1,1,-1,1,-1,1,-1,1,1,1,-1,-1,-1,-1,-1,-1,-1,-1,-1,-1,-1,1,1,1,-1,1,1,-1,-1,1,1,1,-1,1,-1,1,1,1,1,-1,1,-1,1,1,1,1,-1,1,-1,1,1,1,1,-1,1,-1,1,-1,1,-1,-1,1,-1,-1,1,1,-1,-1,-1,-1,1,1,1,1,-1,1,-1,-1,1,-2680.0,1,2000,445,1000,True
10,-1,-1,1,1,1,1,-1,1,-1,-1,-1,1,-1,1,-1,-1,1,-1,1,1,1,-1,-1,-1,-1,1,-1,-1,-1,-1,-1,-1,1,1,-1,-1,1,-1,-1,-1,1,-1,-1,-1,-1,-1,-1,-1,1,1,-1,-1,1,-1,1,-1,-1,1,-1,-1,-1,1,1,1,-1,-1,-1,-1,-1,-1,-1,1,-1,-1,-1,-1,-1,-1,1,-1,-1,1,1,-1,1,-1,-1,1,-1,1,-1,-1,-1,-1,-1,-1,-1,1,1,1,-1,-1,-1,-1,1,1,-1,-1,-1,-1,-1,1,1,1,-1,-1,-1,-1,1,1,-1,-1,-1,-1,-1,1,1,-1,1,-1,-1,-1,1,1,-1,1,-1,-1,-1,-1,1,-1,1,-1,-1,-1,1,1,1,-1,-1,-1,-1,-1,-1,1,-1,1,-1,-1,1,1,1,1,-1,-1,1,1,-1,1,-1,-1,-1,-1,1,1,-1,1,-1,-1,1,-1,-1,1,-1,-1,-1,1,1,1,1,1,-1,-1,1,1,-1,1,1,-1,-1,1,1,-1,1,1,-1,-1,-1,1,-1,1,1,-1,1,1,1,-1,1,1,-1,1,1,1,-1,-1,1,1,-1,-1,1,-1,1,1,-1,1,-1,1,-1,1,1,-1,1,1,1,-1,-1,1,-1,-1,1,1,-1,1,-1,-1,1,1,1,-1,1,1,-1,1,-1,-1,1,-1,-1,-1,1,1,-1,-1,1,-1,-1,1,1,-1,-1,-1,1,-1,1,-1,1,1,-1,1,-1,1,1,1,1,-1,-1,-1,-1,1,-1,1,-1,-1,-1,1,1,-1,1,1,1,-1,-1,1,-1,1,-1,-1,-1,1,1,-1,1,1,-1,-1,1,1,-1,1,1,1,-1,1,-1,1,1,-1,-1,-1,1,-1,1,1,-1,-1,1,-1,1,-1,1,-1,-1,1,1,1,-1,1,-1,1,1,1,-1,1,1,-1,-1,1,1,-1,1,1,-1,-1,1,1,1,1,1,-1,1,-1,1,1,1,1,-1,1,1,1,-1,1,1,1,-1,-1,1,-1,1,1,1,-1,1,1,-1,1,-1,1,-1,1,1,-1,1,1,1,-1,1,-1,-1,1,1,-1,1,-1,1,-1,1,1,-1,1,-1,-1,1,1,1,1,1,-1,1,-1,-1,-1,1,1,1,-1,-1,1,1,1,-1,1,-1,1,-1,-1,1,-1,1,-1,-1,1,1,1,-1,1,-1,1,-1,-1,1,1,1,-1,-1,-1,-1,1,1,1,-1,-1,1,-1,1,1,-1,-1,1,-1,1,-1,1,1,-1,-1,1,-1,1,-1,-1,1,-1,-1,1,1,-1,1,-1,-1,1,-1,1,-1,-1,1,-1,1,-1,1,-1,-1,-1,-1,-1,1,1,-1,-1,1,-1,1,-1,1,1,-1,-1,1,-1,1,-1,1,-1,-1,1,-1,-1,-1,1,-1,-1,-1,-1,1,-1,1,-1,-1,1,-1,-1,1,1,-1,-1,-1,-1,-1,1,1,-1,1,-1,1,-1,-1,1,1,1,-1,1,-1,1,-1,1,1,1,-1,-1,-1,1,-1,-1,1,1,1,-1,1,-1,1,1,1,-1,1,1,-1,1,-1,1,1,-1,1,-1,-1,1,1,1,-1,1,-1,-1,1,1,1,-1,1,-1,-1,1,1,1,-1,1,-1,-1,-1,1,-1,-1,1,1,-1,-1,1,1,-1,1,-1,1,-1,1,1,-1,-1,1,-1,-1,-1,1,-1,1,1,1,-1,1,1,-1,-1,1,-1,-1,-1,-1,-1,1,1,-1,-1,-1,-1,-1,1,1,-1,1,1,1,-1,-1,1,1,-1,-1,1,-1,-1,1,-1,-1,1,1,1,-1,1,1,-1,-1,-1,1,-1,1,-1,-1,1,1,1,-1,1,1,-1,-1,1,1,-1,1,1,-1,1,1,1,-1,1,1,1,-1,1,1,-1,1,1,-1,1,1,1,-1,1,1,1,-1,1,-1,-1,1,1,1,-1,1,-1,-1,1,1,-1,1,1,-1,-1,1,1,-1,1,1,1,-1,1,-1,1,-1,1,-1,-1,1,1,-1,-1,1,1,-1,1,1,-1,1,1,1,-1,1,-1,1,-1,1,1,-1,1,1,1,1,1,-1,1,1,-1,1,1,1,1,-1,1,-1,1,-1,1,1,-1,1,1,-1,1,1,1,-1,1,1,-1,1,1,1,1,1,-1,-1,1,1,1,1,1,-1,1,-1,1,1,1,1,-1,-1,1,1,1,1,1,1,-1,1,1,1,1,1,-1,1,1,1,1,1,1,1,-1,1,1,1,1,1,-1,1,1,1,1,1,1,-1,1,1,1,1,1,1,1,-1,1,1,1,1,1,-1,-1,1,-1,1,1,1,-1,1,1,1,1,1,-1,-1,1,1,1,1,1,1,-1,1,1,-1,1,1,-1,1,1,1,1,1,1,-1,1,1,1,1,1,-1,1,-1,1,1,1,1,-1,-1,-1,1,1,1,1,-1,1,-1,1,1,1,1,1,-1,-1,1,1,-1,1,1,-1,-1,1,1,-1,1,-1,-1,-1,1,-1,-1,1,1,-1,1,1,1,-1,1,1,-1,-1,1,1,-1,1,1,-1,1,1,1,-1,1,1,-1,1,-1,1,1,1,1,-1,1,-1,1,1,1,-1,1,1,1,1,1,1,-1,-1,1,1,1,1,-1,1,-1,1,1,1,-1,1,1,-1,1,1,1,-1,1,-1,-1,1,-1,1,-1,1,-1,1,-1,1,1,1,1,-1,1,1,1,-1,-1,1,-1,1,-1,1,-1,-1,1,1,-1,1,-1,1,1,1,-1,-1,-1,-1,1,1,1,-1,1,1,1,1,1,-1,-1,1,1,1,1,-1,1,-1,1,-1,1,1,1,-1,-1,1,-1,-1,-1,-1,-1,-1,1,-1,1,1,1,-1,1,1,-1,-1,1,1,1,-1,1,-1,1,1,1,1,-1,1,-1,1,1,1,1,-1,1,-1,1,1,1,1,-1,1,-1,1,-1,-1,-1,-1,1,-1,-1,1,1,-1,-1,-1,-1,1,1,-1,1,-1,1,1,-1,1,-2680.0,1,2000,445,1500,True
11,-1,-1,1,1,1,1,-1,1,-1,-1,-1,1,-1,1,-1,-1,1,-1,1,1,-1,-1,-1,-1,-1,1,-1,-1,-1,-1,-1,-1,1,1,-1,-1,1,-1,-1,-1,1,-1,-1,-1,-1,-1,-1,1,-1,1,-1,-1,1,-1,1,-1,-1,1,-1,-1,-1,1,1,1,-1,-1,-1,-1,-1,-1,-1,1,-1,-1,-1,-1,-1,-1,1,-1,-1,1,1,-1,1,-1,-1,1,-1,1,-1,-1,-1,-1,-1,-1,-1,1,1,1,-1,-1,-1,-1,1,1,-1,-1,-1,-1,-1,1,1,1,-1,-1,-1,-1,1,1,-1,-1,-1,-1,-1,1,1,-1,1,-1,-1,-1,-1,1,-1,1,-1,-1,-1,-1,1,-1,1,-1,-1,-1,1,1,1,-1,-1,-1,-1,-1,-1,1,-1,1,-1,-1,-1,1,1,1,-1,-1,1,-1,-1,1,-1,-1,-1,-1,-1,1,-1,1,-1,-1,-1,1,-1,1,-1,-1,-1,-1,-1,1,1,1,-1,-1,-1,-1,-1,1,1,-1,-1,1,-1,-1,1,1,-1,-1,-1,-1,-1,1,1,-1,-1,-1,-1,-1,-1,1,-1,1,-1,-1,-1,-1,1,1,-1,-1,-1,-1,1,1,-1,1,-1,-1,-1,1,1,-1,1,1,-1,-1,-1,1,-1,-1,1,-1,-1,1,-1,-1,1,-1,-1,-1,1,1,-1,1,-1,-1,1,-1,-1,-1,1,-1,1,-1,1,1,-1,1,-1,1,-1,-1,1,-1,1,-1,-1,1,-1,1,-1,1,1,-1,1,-1,-1,-1,-1,1,1,1,-1,-1,-1,1,1,-1,1,1,1,-1,-1,1,1,1,-1,-1,-1,1,1,1,1,1,-1,-1,1,-1,1,1,-1,-1,-1,1,-1,1,1,-1,-1,-1,1,1,-1,1,-1,-1,1,-1,-1,1,1,-1,1,1,-1,1,-1,1,-1,1,1,1,-1,1,1,-1,-1,1,1,-1,1,-1,-1,-1,1,1,-1,1,-1,-1,1,-1,1,1,1,-1,-1,1,1,1,-1,1,1,-1,1,-1,1,-1,-1,1,-1,-1,1,1,-1,1,-1,-1,1,1,1,1,1,1,-1,1,1,-1,-1,1,-1,1,1,-1,1,-1,1,-1,1,1,-1,-1,1,1,-1,-1,1,-1,1,1,1,1,-1,1,1,-1,-1,1,-1,-1,1,1,-1,1,-1,1,-1,-1,1,-1,-1,1,-1,-1,-1,1,-1,1,-1,1,-1,-1,1,-1,1,-1,-1,-1,-1,1,-1,-1,1,1,-1,-1,1,-1,1,1,-1,1,-1,1,-1,1,-1,1,-1,-1,-1,1,-1,-1,-1,-1,-1,1,-1,1,-1,1,-1,-1,-1,1,1,-1,1,-1,-1,-1,-1,-1,-1,-1,-1,-1,-1,1,-1,-1,1,-1,-1,1,-1,1,-1,-1,1,-1,-1,-1,-1,1,1,-1,-1,-1,-1,-1,1,1,-1,1,-1,-1,1,-1,1,1,1,-1,-1,-1,-1,1,-1,1,-1,1,-1,-1,1,1,-1,1,1,-1,1,1,1,1,1,1,1,-1,-1,-1,1,-1,-1,1,-1,1,-1,1,-1,1,-1,-1,-1,1,1,-1,1,1,-1,1,-1,1,-1,1,1,-1,1,-1,1,-1,-1,-1,-1,1,-1,1,-1,-1,-1,-1,1,-1,1,-1,1,1,1,-1,-1,1,-1,1,1,-1,1,-1,1,-1,-1,1,-1,1,-1,-1,1,1,1,1,1,-1,1,1,1,1,-1,1,-1,-1,1,1,1,-1,-1,-1,1,1,1,1,-1,-1,-1,1,-1,1,-1,1,1,-1,-1,1,1,1,-1,1,-1,-1,1,1,1,1,1,1,-1,1,1,1,1,-1,1,-1,1,-1,1,-1,1,1,-1,1,1,1,1,1,1,-1,1,-1,1,1,1,1,-1,1,1,-1,1,1,1,-1,1,1,1,1,1,1,-1,1,1,-1,1,1,-1,-1,1,1,1,1,1,-1,-1,1,-1,1,-1,1,-1,-1,1,-1,1,-1,1,1,-1,1,-1,1,-1,1,-1,-1,1,-1,1,1,1,1,-1,1,-1,1,1,1,1,-1,1,-1,1,-1,1,1,-1,1,1,1,1,1,-1,1,1,-1,1,1,1,1,-1,1,-1,-1,1,1,1,-1,1,1,-1,1,1,1,-1,1,1,-1,1,1,1,1,1,-1,-1,1,1,1,1,1,-1,1,-1,1,1,1,1,-1,-1,1,1,1,1,1,1,-1,1,-1,1,1,1,-1,1,1,1,1,1,1,1,-1,1,1,-1,1,1,-1,1,1,1,1,1,1,-1,1,-1,1,1,1,1,1,-1,1,1,1,1,1,-1,-1,1,-1,1,1,1,-1,1,1,1,1,1,-1,-1,1,1,1,1,1,1,-1,1,1,-1,1,1,-1,1,1,1,1,1,1,-1,-1,1,1,1,1,-1,1,-1,1,1,1,1,-1,-1,-1,1,1,1,1,-1,1,-1,1,1,1,1,1,-1,-1,1,1,-1,1,1,-1,-1,1,1,-1,1,-1,-1,-1,1,-1,-1,1,1,-1,1,1,1,-1,1,1,-1,-1,1,1,-1,1,1,-1,1,1,1,-1,1,1,-1,1,-1,1,1,1,1,-1,1,-1,1,1,1,-1,-1,1,-1,1,1,1,1,1,-1,-1,1,1,-1,1,1,1,1,1,-1,1,-1,1,1,-1,1,-1,1,1,-1,1,-1,1,-1,1,1,1,-1,-1,-1,1,1,1,-1,1,-1,1,-1,1,-1,1,1,-1,1,-1,1,1,1,-1,-1,1,1,1,1,1,-1,-1,1,1,1,1,-1,1,1,-1,1,1,1,-1,1,-1,1,-1,1,1,-1,-1,1,1,1,-1,1,1,-1,1,1,-1,1,1,-1,-1,1,-1,1,-1,1,-1,-1,1,1,1,1,1,-1,-1,1,1,1,1,1,1,-1,1,-1,1,1,1,1,-1,1,1,1,1,1,-1,-1,1,1,1,-1,1,1,-1,-1,1,1,-1,1,-1,1,-1,1,1,-1,1,1,-1,-1,1,-2678.0,1,2000,445,500,True
12,-1,-1,1,1,1,1,-1,1,-1,-1,-1,1,-1,1,-1,-1,1,-1,1,1,-1,1,-1,-1,-1,1,-1,-1,-1,-1,-1,-1,1,1,-1,1,1,-1,-1,-1,1,-1,1,-1,-1,-1,1,1,-1,-1,-1,-1,1,1,1,-1,-1,1,-1,-1,1,1,1,1,-1,1,-1,1,1,-1,1,-1,-1,-1,1,-1,-1,1,-1,-1,-1,1,1,-1,-1,-1,-1,1,1,1,-1,-1,-1,1,-1,1,-1,1,-1,1,1,1,1,-1,1,-1,-1,1,1,1,-1,1,-1,-1,1,1,1,-1,1,-1,-1,1,1,1,-1,1,-1,-1,1,1,-1,-1,1,-1,-1,1,1,1,-1,-1,-1,-1,1,1,1,-1,1,-1,-1,-1,1,1,-1,-1,1,-1,1,1,1,-1,1,1,-1,-1,1,1,-1,1,1,-1,1,1,1,-1,1,-1,-1,1,1,-1,1,-1,1,-1,1,1,-1,1,1,-1,-1,-1,1,1,1,1,1,-1,1,1,-1,1,1,1,-1,1,1,1,-1,1,1,-1,1,1,1,1,1,1,-1,1,1,-1,1,1,1,1,-1,1,-1,-1,1,1,-1,-1,1,-1,-1,1,1,-1,-1,1,-1,1,1,1,1,-1,-1,1,-1,1,1,-1,1,1,-1,1,1,1,-1,-1,1,-1,1,-1,1,1,1,1,-1,1,-1,1,1,-1,1,-1,1,-1,1,1,1,1,1,-1,1,1,1,1,1,1,-1,1,1,-1,-1,-1,1,1,-1,1,1,-1,-1,1,-1,-1,1,1,1,-1,1,1,1,1,1,1,-1,1,-1,-1,1,-1,1,-1,1,1,-1,1,1,1,-1,1,1,1,1,1,-1,1,1,-1,1,1,1,-1,1,1,-1,1,1,1,-1,1,1,1,-1,1,1,1,1,1,-1,1,1,1,1,1,1,-1,1,-1,1,-1,1,1,-1,1,-1,1,1,-1,1,-1,1,-1,1,1,-1,1,-1,1,1,-1,1,-1,1,1,-1,1,-1,1,-1,1,-1,1,-1,-1,1,1,-1,-1,1,1,-1,1,-1,1,-1,1,-1,1,1,-1,1,1,1,1,-1,1,-1,1,-1,1,-1,-1,1,-1,1,1,1,1,-1,1,1,1,1,1,-1,-1,1,-1,-1,1,-1,1,-1,-1,1,-1,1,-1,-1,-1,-1,1,-1,1,-1,1,-1,-1,1,-1,1,1,-1,-1,-1,1,-1,-1,1,1,-1,-1,1,-1,1,1,-1,1,-1,1,-1,-1,1,1,-1,-1,-1,-1,1,1,-1,1,-1,1,-1,1,-1,1,-1,-1,1,-1,1,-1,1,-1,-1,-1,-1,1,-1,-1,1,-1,-1,-1,1,-1,1,1,1,-1,-1,1,-1,-1,1,-1,-1,-1,1,1,1,-1,1,-1,-1,-1,1,1,-1,1,-1,-1,1,-1,1,1,1,-1,-1,-1,1,1,-1,1,-1,1,-1,1,1,1,-1,1,1,-1,1,1,1,1,1,-1,1,-1,1,1,-1,1,-1,1,1,1,-1,-1,-1,1,-1,-1,1,-1,-1,-1,1,1,-1,1,1,-1,-1,1,1,-1,-1,1,-1,-1,-1,-1,-1,1,1,-1,-1,-1,-1,-1,1,1,-1,-1,1,1,1,-1,1,-1,1,-1,1,-1,1,1,-1,-1,-1,1,-1,-1,1,1,-1,1,1,1,1,1,1,-1,-1,1,-1,1,1,1,-1,-1,1,-1,1,1,-1,-1,1,1,-1,1,1,-1,1,1,-1,1,1,1,1,-1,1,-1,-1,1,1,-1,1,1,-1,1,1,1,1,-1,-1,1,1,1,1,1,-1,1,1,-1,1,1,1,-1,-1,1,1,1,-1,1,-1,-1,1,-1,1,1,1,-1,-1,-1,1,1,1,1,-1,-1,1,1,1,1,-1,1,-1,1,-1,1,-1,-1,1,-1,1,-1,1,1,-1,-1,1,-1,1,1,-1,1,-1,-1,1,-1,-1,1,-1,1,-1,1,-1,1,-1,1,-1,-1,1,-1,1,-1,1,1,-1,1,-1,1,-1,1,-1,-1,1,-1,1,-1,-1,1,1,1,1,1,-1,1,1,-1,1,1,1,1,-1,1,-1,1,-1,1,-1,1,1,1,-1,1,1,-1,1,1,1,-1,1,1,1,-1,1,-1,-1,1,1,-1,-1,1,-1,1,-1,-1,1,-1,1,1,-1,1,1,-1,-1,1,1,-1,1,1,-1,-1,-1,1,1,1,1,-1,-1,1,1,-1,1,1,-1,-1,1,-1,1,1,1,-1,-1,-1,1,-1,1,1,-1,1,-1,-1,1,1,1,-1,-1,-1,-1,-1,1,-1,-1,-1,1,-1,1,1,-1,-1,-1,-1,-1,1,1,1,-1,-1,-1,-1,1,1,-1,1,-1,-1,1,1,1,-1,-1,1,-1,-1,1,1,-1,-1,1,-1,-1,1,1,-1,1,-1,-1,-1,1,1,-1,-1,1,-1,-1,1,1,-1,-1,1,-1,-1,1,1,-1,1,1,1,-1,-1,1,-1,-1,1,-1,-1,1,-1,-1,-1,1,1,-1,-1,1,-1,1,-1,1,-1,1,1,-1,1,-1,1,-1,1,1,-1,1,1,1,1,-1,1,-1,1,1,-1,1,-1,1,-1,1,1,1,-1,1,1,1,1,-1,1,1,-1,1,1,-1,1,1,-1,-1,1,-1,1,1,-1,1,-1,1,-1,1,-1,-1,1,-1,1,-1,1,-1,1,-1,-1,-1,1,1,-1,-1,1,-1,-1,-1,1,1,-1,1,-1,-1,-1,1,1,-1,-1,-1,-1,1,1,-1,-1,-1,1,-1,1,1,-1,1,1,-1,1,1,-1,-1,1,1,-1,-1,-1,1,-1,1,1,-1,1,1,-1,-1,-1,-1,1,-1,-1,-1,-1,-1,1,-1,1,1,-1,1,1,-1,1,1,1,1,-1,1,-1,1,1,1,1,-1,1,-1,-1,-1,1,1,-1,1,-1,1,1,1,1,-1,1,-1,1,1,1,-1,-1,1,-1,-1,1,1,-1,-1,-1,1,-1,1,1,1,-1,1,-1,-1,1,-2678.0,1,2000,445,1500,True
13,-1,-1,1,1,1,1,-1,1,-1,-1,-1,1,-1,1,-1,-1,1,-1,1,1,-1,1,-1,-1,-1,1,-1,-1,-1,1,-1,-1,1,1,-1,1,-1,1,-1,-1,1,-1,1,-1,-1,-1,1,1,-1,-1,1,-1,1,1,1,-1,-1,1,-1,-1,1,1,1,1,-1,1,-1,1,1,-1,1,-1,-1,-1,1,-1,-1,1,-1,-1,-1,1,1,-1,-1,-1,-1,1,1,1,-1,-1,-1,1,-1,1,-1,1,-1,1,1,1,1,-1,1,-1,-1,1,1,1,-1,1,-1,-1,1,1,1,-1,1,-1,-1,1,1,1,-1,1,-1,-1,1,1,-1,-1,1,-1,-1,1,1,1,-1,-1,-1,-1,1,1,1,-1,1,-1,-1,-1,1,1,-1,-1,1,-1,1,1,1,-1,1,1,-1,-1,1,1,-1,1,1,-1,1,1,1,-1,1,-1,-1,1,1,-1,1,-1,1,-1,1,1,-1,1,1,-1,-1,-1,1,1,1,1,1,-1,1,1,-1,1,1,1,-1,1,1,1,-1,1,1,-1,1,1,1,1,1,1,-1,1,1,-1,-1,1,1,1,-1,1,-1,-1,1,1,1,-1,1,-1,-1,1,1,-1,-1,1,-1,1,1,1,1,-1,-1,1,-1,1,1,-1,1,1,-1,1,1,1,-1,-1,1,-1,1,-1,1,1,1,1,-1,1,-1,1,1,-1,1,1,1,-1,1,1,1,1,1,-1,1,1,1,1,1,1,-1,1,1,-1,-1,-1,1,1,-1,1,1,-1,-1,1,-1,-1,1,1,1,-1,1,1,1,1,1,1,-1,1,-1,-1,1,-1,1,-1,1,1,-1,1,1,1,-1,1,1,-1,1,1,-1,1,1,-1,1,1,1,-1,1,1,-1,1,1,1,-1,1,1,1,-1,1,1,1,1,1,-1,1,1,1,1,1,1,-1,1,-1,1,-1,1,1,-1,1,-1,1,1,-1,1,1,1,-1,1,1,-1,1,-1,1,1,-1,1,-1,1,1,-1,1,-1,1,-1,1,-1,1,-1,-1,1,1,-1,-1,1,1,-1,1,-1,1,-1,1,-1,1,1,-1,1,-1,1,1,-1,1,-1,1,1,1,-1,-1,1,-1,1,-1,-1,1,-1,1,1,-1,-1,1,-1,-1,1,-1,-1,1,-1,1,-1,-1,1,-1,-1,1,-1,-1,-1,1,-1,1,-1,1,-1,-1,1,-1,-1,-1,-1,-1,-1,1,-1,-1,1,1,-1,-1,1,-1,1,-1,-1,1,-1,1,-1,-1,1,1,-1,-1,-1,-1,-1,-1,-1,1,-1,1,-1,-1,1,1,-1,-1,-1,1,-1,1,1,-1,-1,-1,-1,-1,-1,-1,1,-1,-1,1,-1,1,1,1,1,-1,-1,1,-1,-1,1,-1,-1,-1,1,-1,1,-1,1,-1,-1,-1,-1,1,-1,1,-1,-1,1,-1,1,1,1,-1,-1,-1,-1,1,-1,1,-1,-1,-1,1,1,1,-1,1,1,-1,1,1,1,1,1,-1,1,-1,1,1,-1,1,-1,1,1,1,-1,-1,-1,1,-1,-1,1,-1,-1,-1,1,1,-1,1,1,-1,-1,1,1,-1,-1,1,-1,-1,-1,-1,-1,1,1,-1,-1,-1,-1,-1,1,1,-1,-1,1,1,1,-1,1,-1,1,-1,1,-1,1,1,-1,1,-1,1,-1,-1,1,1,-1,1,1,1,1,1,1,-1,-1,1,-1,-1,1,1,-1,-1,1,-1,1,1,-1,-1,1,1,-1,1,1,-1,1,1,-1,1,-1,1,1,-1,1,-1,-1,1,1,1,-1,1,1,1,1,1,1,-1,-1,1,1,1,1,1,-1,1,1,-1,1,1,1,-1,-1,1,1,1,-1,1,-1,-1,1,-1,1,1,1,-1,-1,-1,1,-1,1,1,-1,-1,1,1,1,1,-1,1,-1,1,-1,1,-1,-1,1,-1,1,-1,1,1,-1,-1,1,-1,1,1,-1,1,-1,-1,1,-1,-1,1,-1,1,-1,1,-1,1,-1,1,-1,-1,1,-1,1,-1,1,1,-1,1,-1,1,-1,1,-1,-1,1,-1,-1,-1,-1,1,1,1,1,1,-1,1,1,-1,1,1,1,1,-1,1,-1,1,-1,1,-1,1,1,1,-1,1,1,-1,1,1,1,-1,1,1,1,-1,1,-1,-1,1,1,-1,-1,1,-1,1,-1,-1,1,-1,1,1,-1,1,1,-1,-1,1,1,-1,1,1,-1,-1,-1,1,1,1,1,-1,-1,1,1,-1,1,1,-1,-1,1,-1,1,1,1,-1,-1,-1,1,-1,1,1,-1,1,-1,-1,1,1,1,-1,-1,-1,-1,-1,1,-1,-1,-1,1,-1,1,1,-1,-1,-1,-1,-1,1,1,1,-1,-1,-1,-1,1,1,-1,1,-1,-1,1,1,1,-1,-1,1,-1,-1,1,1,-1,-1,1,-1,-1,1,1,-1,1,-1,-1,-1,1,1,-1,-1,1,-1,-1,1,1,-1,-1,1,-1,-1,1,1,-1,1,1,1,-1,1,1,-1,-1,1,-1,-1,1,-1,-1,-1,1,1,-1,-1,1,-1,1,-1,1,-1,1,1,-1,1,-1,1,-1,1,1,-1,1,1,1,1,-1,1,-1,1,1,-1,1,-1,1,-1,1,1,1,1,1,1,1,1,-1,1,-1,1,1,1,-1,1,1,1,1,1,-1,1,1,-1,1,1,1,-1,1,-1,-1,1,-1,1,-1,1,-1,1,-1,1,1,1,1,-1,-1,1,1,-1,-1,1,-1,-1,1,1,-1,-1,1,1,-1,1,-1,1,1,1,-1,-1,-1,-1,1,1,1,-1,1,1,1,1,1,-1,-1,1,1,1,1,-1,1,-1,1,-1,1,1,1,-1,-1,-1,-1,-1,-1,-1,-1,-1,1,-1,1,1,1,-1,1,1,-1,-1,1,1,1,-1,1,-1,1,1,1,1,-1,1,-1,1,1,1,1,-1,1,-1,1,1,1,1,-1,1,-1,1,-1,1,-1,-1,1,-1,-1,1,1,-1,-1,-1,-1,1,1,-1,1,-1,1,-1,-1,1,-2678.0,1,2000,445,1500,True
14,-1,-1,1,1,1,1,-1,1,-1,-1,-1,1,-1,1,-1,-1,1,-1,1,1,-1,-1,-1,-1,-1,1,-1,-1,-1,-1,-1,-1,1,1,-1,-1,1,-1,-1,-1,1,-1,-1,-1,-1,-1,-1,1,-1,1,-1,-1,1,-1,1,-1,-1,1,-1,-1,-1,1,1,1,-1,-1,-1,-1,-1,-1,-1,1,-1,-1,-1,-1,-1,-1,1,-1,-1,1,1,-1,1,-1,-1,-1,-1,1,-1,-1,-1,-1,-1,-1,-1,1,1,1,-1,-1,-1,-1,1,1,-1,-1,-1,-1,-1,1,1,1,-1,-1,-1,-1,1,1,-1,-1,-1,-1,-1,1,1,-1,1,-1,-1,-1,-1,1,-1,1,-1,-1,-1,-1,1,-1,1,-1,-1,-1,1,1,1,-1,-1,-1,-1,-1,-1,1,-1,1,-1,-1,-1,1,1,1,-1,-1,1,-1,-1,1,-1,-1,-1,-1,-1,1,-1,1,-1,-1,-1,1,-1,1,-1,-1,-1,-1,-1,1,1,1,-1,-1,-1,-1,-1,1,1,-1,-1,1,-1,-1,1,1,-1,-1,-1,-1,-1,1,1,-1,1,-1,-1,-1,1,1,-1,1,-1,-1,-1,-1,1,1,-1,-1,1,-1,1,1,-1,1,-1,-1,-1,1,1,-1,1,1,-1,-1,-1,1,-1,-1,1,-1,-1,1,-1,-1,1,-1,-1,-1,1,1,-1,1,-1,-1,1,-1,-1,-1,1,-1,1,-1,1,-1,-1,1,-1,1,-1,-1,1,-1,1,-1,-1,1,-1,1,-1,1,1,-1,1,-1,-1,-1,1,-1,1,1,-1,-1,-1,1,1,-1,1,1,-1,-1,-1,1,1,1,-1,-1,-1,1,1,1,1,1,-1,-1,1,1,1,1,-1,-1,-1,1,-1,1,1,-1,-1,-1,1,1,-1,1,-1,-1,1,-1,1,1,1,-1,1,1,-1,1,-1,1,-1,1,1,1,-1,1,1,-1,-1,1,1,-1,1,-1,-1,-1,1,1,1,1,-1,-1,1,-1,1,1,1,-1,-1,1,-1,1,-1,1,1,-1,1,-1,1,-1,-1,1,-1,-1,1,1,-1,1,-1,-1,1,1,-1,-1,1,1,-1,1,-1,1,-1,1,-1,1,1,-1,1,-1,1,-1,1,1,-1,-1,1,1,-1,-1,1,-1,1,1,1,1,-1,1,1,-1,-1,1,-1,-1,1,-1,-1,1,-1,1,-1,-1,1,-1,-1,1,-1,-1,-1,1,-1,1,-1,1,-1,-1,1,-1,1,-1,-1,-1,-1,1,-1,-1,1,1,-1,-1,1,-1,1,1,-1,1,-1,1,-1,1,-1,1,-1,-1,-1,-1,-1,-1,-1,1,-1,1,-1,1,-1,1,-1,-1,-1,1,1,-1,1,-1,-1,-1,-1,-1,-1,-1,-1,-1,-1,1,-1,-1,1,-1,1,-1,-1,1,-1,-1,1,-1,-1,-1,-1,1,1,-1,1,-1,-1,-1,1,1,-1,1,-1,-1,1,-1,1,1,1,-1,-1,-1,-1,1,-1,1,-1,-1,-1,-1,1,1,-1,1,1,-1,1,1,1,1,1,-1,1,-1,-1,-1,1,-1,1,1,-1,1,-1,1,-1,1,-1,-1,-1,1,1,-1,1,1,-1,1,-1,1,-1,1,1,-1,1,-1,1,-1,-1,-1,-1,1,-1,1,-1,-1,-1,-1,1,-1,1,-1,1,1,1,1,-1,1,-1,1,1,-1,1,-1,1,-1,-1,1,-1,1,-1,-1,1,1,1,1,1,-1,1,1,1,1,-1,1,-1,-1,1,1,1,-1,-1,-1,1,1,1,1,-1,-1,-1,1,-1,1,-1,1,1,-1,-1,1,1,1,-1,1,-1,-1,1,1,1,1,1,1,-1,1,1,1,1,-1,1,-1,1,-1,1,-1,1,1,-1,1,1,1,1,1,1,-1,1,-1,1,1,1,1,-1,1,1,-1,1,1,1,-1,1,1,1,1,1,1,-1,1,1,-1,-1,1,-1,-1,1,1,1,-1,1,-1,-1,1,-1,-1,1,1,-1,-1,1,-1,1,-1,1,1,-1,1,-1,1,-1,1,-1,-1,1,-1,1,-1,1,1,-1,1,-1,1,-1,1,1,-1,1,-1,1,-1,1,1,-1,1,1,1,1,1,-1,1,1,-1,1,1,1,1,-1,1,-1,1,-1,1,1,-1,1,1,-1,1,1,1,-1,1,1,-1,1,1,1,1,1,-1,-1,1,1,1,1,1,-1,1,-1,1,1,1,1,1,-1,1,1,1,1,1,1,-1,1,1,1,1,1,1,1,1,1,1,1,1,1,-1,1,1,-1,1,1,-1,1,1,1,1,1,1,1,-1,1,1,1,1,1,-1,1,1,1,1,1,1,-1,-1,1,-1,1,1,1,-1,1,1,1,1,1,-1,-1,1,1,1,1,1,1,-1,1,1,-1,1,1,-1,1,1,1,1,1,1,-1,-1,1,1,1,1,-1,1,-1,1,1,1,1,-1,-1,-1,1,1,1,1,-1,1,-1,1,1,1,1,1,-1,-1,1,1,-1,1,1,-1,-1,1,1,-1,1,-1,-1,-1,1,-1,-1,1,1,-1,1,1,1,-1,1,1,-1,-1,1,1,-1,1,1,-1,1,1,1,-1,1,1,-1,1,-1,1,1,1,1,-1,1,-1,1,1,1,-1,-1,1,-1,1,1,1,1,-1,1,-1,1,1,-1,1,-1,1,1,1,-1,1,-1,1,1,-1,1,-1,1,1,-1,1,-1,1,-1,1,1,1,-1,-1,-1,1,1,1,-1,1,-1,1,-1,1,-1,1,1,-1,1,-1,1,1,1,-1,-1,1,1,1,1,1,-1,-1,1,1,1,1,-1,1,1,-1,1,1,1,-1,1,-1,1,-1,1,1,-1,-1,1,1,1,-1,1,1,-1,1,1,-1,1,1,-1,-1,1,-1,1,-1,1,-1,-1,1,1,1,1,1,-1,-1,1,1,1,1,1,1,-1,1,-1,1,1,1,1,-1,1,1,1,1,1,-1,-1,1,1,1,-1,1,1,-1,-1,1,1,-1,1,-1,1,-1,1,1,-1,1,1,-1,-1,1,-2678.0,1,2000,445,500,True
15,-1,-1,1,1,1,1,-1,1,-1,-1,-1,1,-1,1,-1,-1,1,-1,1,1,-1,-1,-1,-1,-1,1,-1,-1,-1,-1,-1,-1,1,1,-1,-1,1,-1,-1,-1,1,-1,-1,-1,-1,-1,-1,1,-1,1,-1,-1,1,-1,1,-1,-1,1,-1,-1,-1,1,1,1,-1,-1,-1,-1,-1,-1,-1,1,-1,-1,-1,-1,-1,-1,1,-1,-1,1,1,-1,1,-1,-1,-1,-1,1,-1,-1,-1,-1,-1,-1,-1,1,1,1,-1,-1,-1,-1,1,1,-1,-1,-1,-1,-1,1,1,1,-1,-1,-1,-1,1,1,-1,-1,-1,-1,-1,1,1,-1,1,-1,-1,-1,-1,1,-1,1,-1,-1,-1,-1,1,-1,1,-1,-1,-1,1,1,1,-1,-1,-1,-1,-1,-1,1,-1,1,-1,-1,-1,1,1,1,-1,-1,1,-1,-1,1,-1,-1,-1,-1,-1,1,-1,1,-1,-1,-1,1,-1,1,-1,-1,-1,-1,-1,1,1,1,-1,-1,-1,-1,1,1,1,-1,-1,1,-1,-1,1,1,-1,-1,-1,-1,-1,1,1,-1,-1,-1,-1,-1,-1,1,-1,1,-1,-1,-1,-1,1,1,-1,-1,1,-1,1,1,-1,1,-1,-1,-1,1,1,-1,1,1,-1,-1,1,1,-1,-1,1,-1,-1,1,1,1,1,-1,-1,-1,1,1,-1,1,-1,-1,1,-1,-1,-1,1,-1,1,-1,1,-1,-1,1,-1,1,-1,-1,1,-1,1,-1,-1,1,-1,1,-1,1,1,-1,1,-1,-1,-1,1,-1,1,1,-1,-1,-1,1,1,-1,1,1,-1,-1,-1,1,1,1,-1,-1,-1,1,1,1,1,1,-1,-1,1,1,1,1,-1,-1,-1,1,-1,1,1,-1,-1,-1,1,1,-1,1,-1,-1,1,-1,1,1,1,-1,1,1,1,1,-1,1,-1,1,1,1,-1,1,1,-1,-1,1,1,-1,1,-1,-1,-1,1,1,1,1,-1,-1,1,-1,1,1,1,-1,-1,1,-1,1,-1,1,1,-1,1,-1,1,-1,-1,1,-1,-1,1,1,-1,1,-1,-1,1,1,-1,-1,1,1,-1,1,-1,1,-1,1,-1,1,1,-1,1,-1,1,-1,1,1,-1,-1,1,1,-1,-1,1,-1,1,-1,-1,1,-1,1,1,-1,-1,1,-1,-1,1,-1,-1,1,-1,1,-1,-1,1,-1,-1,1,-1,-1,-1,1,-1,1,-1,1,-1,1,1,-1,-1,-1,-1,-1,-1,1,-1,-1,1,1,-1,-1,1,-1,1,-1,-1,1,-1,1,-1,-1,1,1,-1,-1,-1,-1,-1,-1,-1,1,-1,1,-1,-1,1,1,-1,-1,-1,1,-1,1,1,-1,-1,-1,-1,-1,-1,-1,1,-1,-1,1,-1,1,1,1,1,-1,-1,1,-1,-1,1,-1,-1,-1,1,-1,1,-1,1,-1,-1,-1,-1,1,-1,1,-1,-1,1,-1,1,1,1,-1,-1,-1,-1,1,-1,1,-1,-1,-1,1,1,1,-1,1,1,-1,1,1,1,1,1,-1,1,-1,-1,-1,1,-1,1,1,-1,1,-1,1,-1,1,-1,-1,-1,1,1,-1,1,1,-1,1,-1,1,-1,1,1,-1,1,-1,1,-1,-1,-1,-1,1,-1,1,-1,-1,-1,-1,1,-1,1,-1,1,1,1,1,-1,1,-1,1,1,-1,1,-1,1,-1,-1,1,-1,1,-1,-1,1,1,1,1,1,-1,1,1,1,1,-1,1,-1,-1,1,1,1,-1,-1,-1,-1,1,1,1,-1,-1,-1,1,-1,1,-1,1,1,-1,-1,1,1,-1,-1,1,-1,-1,1,1,1,1,1,1,-1,1,1,1,1,-1,1,-1,1,-1,1,-1,1,1,-1,1,1,1,1,1,1,-1,1,-1,1,-1,1,1,-1,1,1,-1,1,1,1,-1,1,1,1,1,1,1,-1,1,1,-1,-1,1,-1,-1,1,1,1,-1,1,-1,-1,1,-1,-1,1,1,-1,-1,1,-1,1,-1,1,1,-1,1,-1,1,-1,1,-1,-1,1,-1,1,-1,1,1,-1,1,-1,1,-1,1,1,-1,1,-1,1,-1,1,1,-1,1,1,1,1,1,-1,1,1,-1,1,1,1,1,-1,1,-1,1,-1,1,1,-1,1,1,-1,1,1,1,-1,1,1,-1,1,1,1,1,1,-1,-1,1,1,1,1,1,-1,1,-1,1,1,1,1,1,-1,1,1,1,1,1,1,-1,1,1,1,1,1,1,1,1,1,1,1,1,1,-1,1,1,-1,1,1,-1,1,1,1,1,1,1,1,-1,1,1,1,1,1,-1,1,1,1,1,1,1,-1,-1,1,-1,1,1,1,-1,1,1,1,1,1,-1,-1,1,1,1,1,1,1,-1,1,1,-1,1,1,-1,1,1,1,1,1,1,-1,-1,1,1,1,1,-1,1,-1,1,1,1,1,-1,-1,-1,1,1,1,1,-1,1,-1,1,1,1,1,1,-1,-1,1,1,-1,1,1,-1,-1,1,1,-1,1,-1,-1,-1,1,-1,-1,1,1,-1,1,1,1,-1,1,1,-1,-1,1,1,-1,1,1,-1,1,1,1,-1,1,1,-1,1,-1,1,1,1,1,-1,1,-1,1,1,1,-1,-1,1,1,1,1,1,1,-1,1,1,1,1,-1,1,-1,1,1,-1,-1,1,-1,1,1,1,1,-1,1,1,-1,1,-1,1,-1,1,1,1,-1,1,1,1,1,1,-1,1,1,-1,-1,1,-1,1,1,1,-1,-1,1,1,1,-1,-1,1,1,1,1,1,-1,-1,1,1,1,1,-1,1,1,1,1,1,1,-1,1,1,1,-1,1,1,-1,-1,1,1,1,-1,1,1,-1,-1,-1,-1,1,1,-1,1,1,1,1,-1,1,-1,-1,-1,1,1,1,1,-1,-1,1,1,1,1,1,1,-1,1,1,1,1,1,1,-1,1,1,1,1,1,-1,-1,1,-1,1,-1,1,1,-1,-1,1,1,-1,1,-1,1,-1,1,1,-1,1,1,-1,1,1,-2678.0,1,2000,445,1500,True
16,-1,-1,1,1,1,1,-1,1,-1,-1,-1,1,-1,1,-1,-1,1,-1,1,1,-1,1,-1,-1,-1,1,-1,-1,1,-1,-1,-1,1,1,-1,1,1,-1,-1,-1,1,-1,1,-1,-1,-1,-1,-1,1,-1,-1,-1,1,-1,1,-1,-1,1,-1,-1,-1,1,1,1,-1,-1,-1,-1,-1,-1,1,-1,-1,-1,-1,-1,-1,1,-1,-1,-1,1,1,-1,-1,-1,-1,-1,-1,1,-1,-1,-1,-1,-1,-1,-1,1,-1,1,-1,-1,-1,-1,1,-1,-1,-1,-1,-1,-1,1,-1,-1,-1,-1,-1,-1,1,-1,-1,-1,-1,-1,-1,1,-1,-1,1,-1,-1,-1,-1,-1,-1,1,-1,-1,-1,-1,-1,-1,1,-1,-1,-1,1,-1,-1,-1,-1,-1,-1,-1,1,-1,1,1,-1,-1,-1,1,-1,-1,1,-1,1,-1,1,-1,1,-1,-1,-1,-1,-1,-1,-1,-1,-1,-1,1,1,-1,1,-1,-1,-1,-1,-1,-1,1,-1,-1,-1,-1,1,-1,1,1,-1,1,-1,1,-1,1,-1,-1,-1,-1,1,-1,1,1,-1,-1,-1,1,-1,1,-1,1,-1,-1,1,1,-1,1,-1,-1,-1,1,1,1,-1,1,-1,-1,1,-1,1,-1,1,1,-1,1,1,1,-1,-1,1,-1,1,-1,-1,-1,1,-1,-1,1,-1,1,-1,1,-1,-1,1,1,-1,-1,1,-1,1,1,1,-1,-1,1,-1,1,1,1,1,-1,1,-1,-1,1,1,1,-1,1,1,-1,1,1,-1,-1,1,-1,1,1,1,-1,-1,1,1,-1,1,1,1,-1,-1,1,1,1,1,1,-1,1,1,1,1,-1,1,-1,1,1,1,1,1,1,-1,1,-1,1,1,1,-1,-1,1,1,-1,1,1,-1,1,-1,1,-1,1,1,-1,1,-1,1,-1,1,1,1,1,1,-1,1,1,1,1,1,1,-1,1,-1,1,-1,1,1,1,1,-1,1,1,-1,1,1,1,-1,1,1,-1,1,-1,1,1,-1,1,-1,1,-1,-1,1,-1,1,-1,1,-1,1,-1,-1,1,1,-1,-1,1,1,-1,1,-1,1,-1,1,-1,1,1,-1,1,-1,1,1,-1,1,-1,-1,1,1,-1,-1,1,-1,1,-1,-1,1,-1,1,1,-1,-1,1,-1,-1,1,-1,-1,1,-1,1,-1,-1,1,-1,-1,1,-1,-1,-1,1,-1,1,-1,1,-1,-1,1,-1,-1,-1,-1,-1,-1,1,-1,-1,1,1,-1,-1,1,-1,1,-1,-1,1,-1,1,-1,-1,1,1,-1,-1,-1,-1,-1,-1,-1,1,-1,1,-1,-1,1,1,-1,-1,-1,1,-1,1,1,-1,-1,-1,-1,-1,-1,-1,-1,-1,-1,1,-1,1,1,-1,1,-1,-1,1,-1,-1,1,-1,-1,-1,1,-1,1,-1,1,-1,-1,-1,-1,1,-1,1,-1,-1,1,-1,1,1,1,-1,-1,-1,-1,1,-1,1,-1,-1,-1,1,1,1,-1,1,1,-1,1,1,1,1,1,1,1,-1,1,1,-1,1,-1,1,1,-1,1,-1,-1,1,-1,-1,1,-1,-1,-1,1,1,-1,1,1,-1,-1,1,1,-1,-1,1,-1,-1,-1,-1,-1,1,1,-1,-1,-1,-1,-1,1,1,-1,-1,1,1,1,-1,1,-1,1,-1,1,-1,1,1,-1,-1,-1,1,-1,-1,1,1,-1,1,1,1,1,1,1,-1,-1,1,-1,1,1,1,-1,-1,1,-1,1,1,-1,-1,1,1,-1,1,1,-1,-1,1,-1,1,1,1,1,-1,1,1,-1,1,1,1,-1,1,1,1,1,1,1,-1,-1,1,1,1,1,1,-1,1,1,-1,1,1,1,-1,-1,1,1,1,-1,1,-1,-1,1,1,1,1,1,-1,-1,-1,1,1,1,1,-1,-1,1,1,1,1,-1,1,-1,1,-1,1,-1,-1,1,-1,1,-1,1,1,-1,-1,1,-1,1,1,-1,-1,-1,-1,1,-1,1,1,-1,1,-1,1,-1,1,-1,1,-1,-1,1,-1,1,1,-1,1,-1,1,-1,1,1,-1,-1,-1,1,-1,1,1,-1,1,1,1,1,1,-1,1,1,-1,1,1,1,1,-1,1,-1,1,-1,1,1,-1,1,1,-1,1,1,1,-1,1,1,-1,1,1,1,-1,1,-1,-1,1,1,1,1,1,-1,1,-1,1,-1,1,1,1,-1,1,1,1,1,1,1,-1,1,-1,1,1,1,1,1,1,1,1,1,1,1,-1,1,1,-1,1,1,-1,1,1,1,1,1,1,1,-1,1,1,1,-1,1,-1,1,1,1,1,1,1,-1,-1,1,-1,1,1,1,-1,1,1,1,1,1,-1,-1,1,1,1,1,1,1,-1,1,1,-1,1,1,-1,1,1,1,1,1,1,-1,-1,1,-1,1,1,-1,1,-1,1,1,1,1,-1,-1,-1,1,1,1,1,-1,1,-1,1,1,1,1,1,-1,-1,1,1,-1,1,1,-1,-1,1,1,-1,1,-1,-1,-1,1,-1,1,1,1,-1,1,1,1,-1,1,1,-1,-1,1,1,-1,1,1,-1,1,1,1,-1,1,1,-1,1,-1,1,1,1,1,-1,1,-1,1,1,1,-1,-1,1,1,1,1,1,1,-1,1,1,1,1,-1,1,-1,1,1,1,-1,1,-1,1,1,1,1,-1,1,1,-1,1,-1,1,-1,1,1,1,-1,1,1,1,1,1,-1,1,1,-1,-1,1,-1,1,-1,1,-1,-1,1,1,1,-1,-1,1,1,1,1,1,-1,-1,1,1,1,1,-1,1,1,1,1,1,1,-1,1,1,1,-1,1,1,-1,-1,1,1,1,-1,1,1,-1,-1,-1,-1,1,1,-1,-1,1,1,1,-1,1,-1,-1,-1,1,1,1,1,-1,-1,1,1,1,1,1,1,-1,1,1,1,1,1,1,-1,1,1,1,1,1,-1,-1,1,-1,1,-1,1,1,-1,-1,1,1,-1,1,-1,-1,1,1,1,-1,1,1,1,-1,1,-2678.0,1,2000,445,500,True
17,-1,-1,1,1,1,1,-1,1,-1,-1,-1,1,-1,1,-1,-1,1,-1,1,1,1,1,-1,-1,-1,1,-1,-1,-1,-1,-1,-1,1,1,-1,1,1,-1,-1,-1,1,-1,1,-1,-1,-1,-1,-1,1,-1,1,-1,1,-1,1,-1,-1,1,-1,-1,-1,1,1,1,-1,-1,-1,-1,-1,-1,1,-1,-1,-1,-1,-1,-1,1,-1,-1,-1,1,1,-1,-1,-1,-1,-1,-1,1,-1,-1,-1,-1,-1,-1,-1,1,-1,1,-1,-1,-1,-1,1,-1,-1,-1,-1,-1,-1,1,-1,1,-1,-1,-1,-1,1,-1,-1,1,-1,-1,-1,1,-1,-1,1,-1,-1,-1,1,-1,-1,1,-1,-1,-1,-1,-1,-1,1,-1,-1,-1,1,-1,-1,-1,-1,-1,-1,-1,1,-1,1,1,-1,-1,1,1,-1,-1,-1,-1,-1,1,1,-1,-1,-1,-1,-1,1,-1,-1,1,-1,-1,1,-1,1,-1,-1,-1,-1,1,1,-1,-1,1,-1,1,1,1,1,-1,1,-1,-1,1,1,1,-1,1,-1,-1,-1,1,1,-1,1,-1,-1,1,1,1,-1,1,-1,1,1,1,1,1,-1,1,-1,-1,1,1,1,-1,1,1,-1,1,1,-1,-1,1,-1,1,1,1,1,-1,1,-1,-1,1,1,-1,1,1,-1,1,1,1,-1,-1,1,-1,1,-1,1,1,1,1,-1,1,-1,1,1,1,1,-1,1,-1,1,1,1,1,1,-1,1,1,1,-1,1,-1,-1,1,1,1,1,1,1,-1,-1,1,1,1,1,-1,1,-1,1,1,1,1,-1,-1,-1,1,1,1,1,-1,1,-1,1,-1,1,1,1,1,-1,1,1,1,1,1,-1,-1,1,1,1,1,-1,1,-1,1,1,1,1,1,-1,1,1,1,1,-1,1,-1,1,1,1,1,1,1,1,1,1,1,1,1,1,1,1,1,1,1,1,1,1,1,1,1,1,1,1,1,1,1,1,-1,-1,1,1,1,-1,1,-1,1,1,1,1,-1,1,1,-1,1,1,-1,1,1,1,-1,-1,-1,1,-1,1,1,-1,1,-1,1,1,1,-1,1,1,1,1,1,1,-1,1,1,-1,1,1,1,-1,-1,1,1,1,-1,1,-1,1,-1,1,1,1,1,1,-1,-1,1,-1,1,1,1,-1,1,-1,1,1,1,1,1,-1,1,-1,-1,1,-1,1,-1,1,1,-1,-1,1,1,-1,-1,1,-1,1,1,-1,-1,1,1,1,1,-1,1,-1,1,1,-1,1,1,1,-1,1,1,1,1,1,1,-1,1,-1,1,1,1,-1,1,1,-1,1,-1,1,-1,-1,1,-1,1,-1,1,-1,-1,1,-1,-1,1,1,-1,-1,1,-1,1,-1,1,1,-1,-1,1,-1,-1,1,1,-1,-1,1,1,-1,1,-1,-1,-1,1,-1,1,1,1,-1,-1,1,-1,1,1,1,-1,-1,1,-1,-1,1,1,1,-1,1,-1,1,-1,-1,-1,1,-1,1,1,-1,-1,1,1,1,-1,1,-1,1,-1,1,1,1,-1,-1,-1,1,-1,1,1,1,-1,-1,-1,1,1,-1,1,-1,-1,-1,1,1,1,1,-1,-1,1,1,1,1,1,-1,-1,-1,-1,1,-1,1,-1,1,-1,-1,1,1,1,-1,1,1,1,-1,-1,1,1,-1,-1,-1,-1,1,1,1,-1,-1,-1,1,1,1,1,-1,-1,1,-1,1,1,-1,-1,-1,-1,-1,1,1,-1,1,-1,-1,1,-1,1,1,-1,-1,-1,-1,1,1,1,-1,-1,-1,1,1,1,1,-1,-1,-1,-1,1,1,1,-1,1,-1,1,1,1,1,-1,-1,-1,-1,1,-1,1,-1,-1,-1,1,1,1,1,-1,-1,1,1,1,1,1,-1,-1,-1,1,1,1,-1,1,-1,1,-1,1,-1,-1,1,-1,-1,-1,1,1,-1,-1,-1,1,1,1,-1,1,-1,-1,1,1,1,1,-1,-1,1,-1,-1,1,-1,1,-1,1,-1,-1,1,1,1,-1,-1,1,-1,1,-1,1,-1,1,-1,1,1,1,-1,-1,-1,1,-1,1,-1,1,1,1,-1,-1,1,1,-1,-1,-1,1,-1,1,1,-1,-1,-1,1,-1,1,1,-1,-1,-1,1,-1,1,1,1,-1,1,1,-1,1,1,-1,-1,1,-1,-1,1,1,-1,-1,1,-1,1,1,1,-1,-1,-1,-1,-1,1,1,-1,-1,1,1,-1,1,1,1,-1,1,-1,-1,1,-1,1,-1,1,-1,1,1,1,-1,-1,1,-1,1,1,1,1,-1,-1,1,1,1,1,1,-1,-1,-1,1,-1,1,1,1,-1,1,1,1,1,1,-1,-1,-1,1,1,1,1,1,-1,1,1,-1,1,-1,-1,1,1,1,1,1,1,-1,-1,1,1,1,1,1,-1,-1,1,1,1,1,1,1,-1,1,1,1,1,1,1,-1,1,1,1,1,1,1,-1,1,1,-1,1,1,-1,-1,1,1,-1,1,1,1,-1,1,-1,-1,1,1,1,-1,-1,1,-1,1,1,1,-1,1,1,-1,1,-1,1,-1,1,1,-1,1,1,1,-1,-1,1,1,1,1,-1,1,-1,1,1,1,1,-1,1,-1,1,1,1,-1,-1,1,-1,1,1,-1,1,-1,-1,-1,1,-1,1,-1,1,-1,-1,1,-1,1,-1,-1,-1,-1,1,-1,1,-1,-1,1,-1,-1,1,1,-1,1,-1,-1,1,-1,1,-1,1,-1,1,-1,-1,1,1,1,1,-1,-1,1,1,-1,-1,1,1,-1,1,1,-1,1,-1,-1,1,1,-1,-1,1,-1,-1,-1,-1,1,-1,1,1,-1,1,1,-1,-1,-1,-1,1,-1,-1,-1,-1,1,-1,-1,1,1,-1,1,1,-1,1,1,1,1,-1,1,-1,1,1,1,1,-1,1,-1,-1,-1,1,1,-1,1,-1,1,1,1,1,-1,1,-1,1,1,-1,-1,-1,1,-1,-1,1,1,-1,-1,-1,1,-1,1,-1,1,-1,1,-1,-1,1,-2678.0,1,2000,445,1000,True
18,-1,-1,1,1,1,1,-1,1,-1,-1,-1,1,-1,1,-1,-1,1,-1,1,1,-1,-1,-1,-1,-1,1,-1,-1,-1,-1,-1,-1,1,1,-1,-1,1,-1,-1,-1,1,-1,-1,-1,-1,-1,-1,-1,1,1,-1,-1,1,-1,1,-1,-1,1,-1,-1,-1,1,1,1,-1,-1,-1,-1,-1,-1,-1,1,-1,-1,-1,-1,-1,-1,1,-1,-1,1,1,-1,1,-1,-1,-1,-1,1,-1,-1,-1,-1,-1,-1,-1,1,1,1,-1,-1,-1,-1,1,1,-1,-1,-1,-1,-1,1,1,1,-1,-1,-1,-1,1,1,-1,-1,-1,-1,-1,1,1,-1,1,-1,-1,-1,-1,1,-1,1,-1,-1,-1,-1,1,-1,1,-1,-1,-1,1,1,1,-1,-1,-1,-1,-1,-1,1,-1,1,-1,-1,-1,1,1,1,-1,-1,1,-1,-1,1,-1,-1,-1,-1,-1,1,-1,1,-1,-1,-1,1,-1,1,-1,-1,-1,-1,-1,1,1,1,-1,-1,-1,-1,-1,1,1,-1,-1,1,-1,-1,1,1,-1,-1,-1,-1,-1,1,1,-1,-1,-1,-1,-1,1,1,-1,1,-1,-1,-1,-1,1,1,-1,-1,-1,-1,1,1,-1,1,-1,-1,-1,1,1,-1,1,1,-1,-1,-1,1,-1,-1,1,-1,-1,1,-1,1,1,-1,-1,-1,1,1,-1,1,-1,-1,1,-1,-1,-1,1,-1,1,-1,1,-1,-1,1,-1,1,-1,-1,1,-1,1,-1,-1,1,-1,1,-1,1,1,-1,1,-1,-1,-1,-1,1,1,1,-1,-1,-1,1,1,-1,1,1,1,-1,-1,1,1,1,-1,-1,-1,1,1,1,1,1,-1,-1,1,-1,1,1,-1,1,-1,1,-1,1,1,-1,-1,-1,1,1,-1,1,-1,-1,1,-1,-1,1,1,-1,1,1,1,1,-1,1,-1,1,1,1,-1,1,1,-1,-1,1,1,-1,1,-1,-1,-1,1,1,-1,1,-1,-1,1,-1,1,1,1,-1,-1,1,1,1,-1,1,1,-1,1,-1,1,-1,-1,1,-1,-1,1,1,-1,1,-1,-1,1,1,1,-1,1,1,-1,1,1,-1,-1,1,-1,1,1,-1,1,-1,1,-1,1,1,-1,-1,1,1,-1,-1,1,-1,1,-1,-1,1,-1,1,1,-1,-1,1,-1,-1,1,1,-1,1,-1,1,-1,-1,1,-1,-1,1,-1,-1,-1,1,-1,1,-1,1,-1,-1,1,-1,-1,-1,-1,-1,-1,1,-1,-1,1,1,-1,-1,1,-1,1,-1,-1,1,-1,1,-1,-1,1,1,-1,-1,-1,1,-1,-1,-1,-1,-1,1,-1,-1,1,1,-1,-1,-1,1,-1,1,1,-1,-1,-1,-1,-1,-1,-1,-1,-1,-1,1,-1,1,1,-1,-1,1,-1,1,-1,-1,1,-1,-1,-1,1,-1,1,-1,-1,-1,-1,-1,-1,1,-1,1,-1,-1,1,-1,1,1,1,-1,-1,-1,-1,1,-1,1,-1,1,-1,1,1,1,-1,1,1,-1,1,1,1,1,1,1,1,-1,-1,-1,1,-1,-1,1,1,1,-1,1,-1,1,-1,-1,-1,1,1,-1,1,1,-1,1,-1,1,-1,1,1,-1,1,-1,1,-1,-1,-1,-1,1,-1,1,-1,-1,-1,-1,1,-1,1,-1,1,1,1,1,-1,1,-1,1,1,-1,1,-1,1,-1,-1,1,-1,1,-1,-1,1,1,1,1,1,-1,1,1,1,1,-1,1,-1,-1,1,1,1,-1,-1,-1,1,1,1,1,-1,-1,-1,1,-1,1,-1,1,1,-1,-1,1,1,1,-1,1,-1,-1,1,1,1,1,1,1,-1,1,1,1,1,-1,1,-1,1,-1,1,-1,1,1,-1,1,1,1,1,1,1,-1,1,-1,1,1,1,1,-1,1,1,-1,1,1,1,-1,1,1,1,1,1,1,-1,1,1,-1,1,1,-1,-1,1,1,1,1,1,-1,-1,1,-1,1,-1,1,-1,-1,1,-1,1,-1,1,1,-1,1,-1,1,-1,1,-1,-1,1,-1,1,1,1,1,-1,1,-1,1,1,1,1,-1,1,-1,1,-1,1,1,-1,1,1,1,1,1,-1,1,1,-1,1,1,1,1,-1,1,-1,1,1,1,1,-1,1,1,-1,1,1,1,-1,1,1,-1,1,1,1,1,1,-1,-1,1,1,1,1,1,-1,1,-1,1,1,1,1,-1,-1,1,1,1,1,1,1,-1,1,-1,1,1,1,-1,1,1,1,1,1,1,1,-1,1,1,-1,1,1,-1,1,1,1,1,-1,1,-1,1,-1,1,1,1,1,1,-1,1,1,1,1,1,-1,-1,1,-1,1,1,1,-1,1,1,1,1,1,-1,-1,1,1,1,1,1,1,-1,1,1,-1,1,1,-1,1,1,1,1,1,1,-1,1,1,1,1,1,-1,1,-1,1,1,1,1,-1,-1,-1,1,1,1,1,-1,1,-1,1,1,1,1,1,-1,-1,1,1,-1,1,1,-1,-1,1,1,-1,1,-1,-1,-1,1,-1,1,1,1,-1,1,1,1,-1,1,1,-1,-1,1,1,-1,1,1,-1,1,1,1,-1,1,1,-1,1,-1,1,1,1,1,-1,1,-1,1,1,1,-1,-1,1,1,1,1,1,1,1,-1,1,1,1,-1,1,1,1,1,-1,-1,1,-1,1,1,1,1,-1,1,1,-1,1,-1,1,-1,1,1,1,-1,1,1,1,1,1,-1,1,1,-1,-1,1,-1,1,1,1,-1,-1,1,1,1,-1,-1,1,1,1,1,1,-1,-1,1,1,1,1,-1,1,1,1,1,1,1,-1,1,1,1,-1,1,1,-1,-1,1,1,1,-1,1,1,-1,-1,-1,-1,1,1,-1,-1,1,1,1,-1,1,-1,-1,-1,1,1,1,1,-1,-1,1,1,1,1,1,1,-1,1,1,1,1,1,1,-1,1,1,1,1,1,-1,-1,1,-1,1,-1,1,1,-1,-1,1,1,-1,1,-1,1,1,1,1,-1,1,1,-1,-1,1,-2678.0,1,2000,445,1500,True
19,-1,-1,1,1,1,1,-1,1,-1,-1,-1,1,-1,1,-1,-1,1,-1,1,1,-1,1,-1,-1,-1,1,-1,-1,-1,-1,-1,-1,1,1,-1,1,1,-1,-1,-1,1,-1,1,-1,-1,-1,1,1,-1,-1,-1,-1,1,1,1,-1,-1,1,-1,-1,1,1,1,1,-1,1,-1,1,1,-1,1,-1,-1,-1,1,-1,-1,1,-1,-1,-1,1,1,-1,-1,-1,-1,1,1,1,-1,-1,-1,1,-1,1,-1,1,-1,1,1,1,1,-1,1,-1,-1,1,1,1,-1,1,-1,-1,1,1,1,-1,1,-1,-1,1,1,1,-1,1,-1,-1,1,1,-1,-1,1,-1,-1,1,1,1,-1,-1,-1,-1,1,1,1,-1,1,-1,-1,-1,1,1,-1,-1,1,-1,1,1,1,-1,1,1,-1,-1,1,1,-1,1,1,-1,1,1,1,-1,1,-1,-1,1,1,-1,1,-1,1,-1,1,1,-1,1,1,-1,-1,-1,1,1,1,1,1,-1,1,1,-1,1,1,1,-1,1,1,1,-1,1,1,-1,1,1,1,1,1,1,-1,1,1,-1,-1,1,1,1,-1,1,-1,-1,1,1,1,-1,1,-1,-1,1,1,-1,-1,1,-1,1,1,1,1,-1,-1,1,-1,1,1,-1,1,1,-1,1,1,1,-1,-1,1,-1,1,-1,1,1,1,1,-1,1,-1,1,1,-1,1,-1,1,-1,1,1,1,1,1,-1,1,1,1,1,1,1,-1,1,1,1,-1,-1,1,-1,-1,1,1,-1,-1,1,1,-1,1,-1,1,-1,1,-1,-1,1,1,1,-1,-1,1,-1,1,-1,1,-1,1,1,-1,1,1,1,-1,1,-1,-1,1,1,-1,1,1,1,-1,1,1,-1,1,1,-1,1,1,1,-1,1,1,-1,-1,1,1,1,1,1,1,1,1,1,1,1,1,1,1,-1,1,-1,1,1,1,1,-1,1,1,-1,1,1,1,-1,1,1,-1,1,-1,1,1,-1,1,-1,1,1,1,1,-1,1,-1,1,1,-1,-1,-1,1,1,-1,-1,1,1,-1,1,-1,1,-1,1,-1,1,1,-1,1,1,1,1,-1,1,-1,1,-1,1,-1,-1,1,-1,1,1,1,1,-1,1,1,-1,1,1,-1,-1,1,-1,-1,1,-1,1,-1,-1,1,-1,-1,1,-1,-1,-1,1,-1,1,-1,1,-1,-1,1,-1,1,1,-1,-1,-1,1,-1,-1,1,1,-1,-1,1,-1,1,1,-1,1,-1,1,-1,1,1,1,-1,-1,-1,-1,1,1,-1,1,-1,1,-1,1,-1,1,-1,-1,-1,1,1,-1,1,-1,-1,-1,-1,1,-1,-1,1,-1,-1,-1,1,-1,1,1,1,-1,-1,1,-1,-1,1,-1,-1,-1,-1,1,1,-1,1,-1,-1,-1,1,1,-1,1,-1,-1,-1,1,1,1,1,-1,-1,-1,1,1,-1,1,-1,-1,-1,1,1,1,-1,1,1,-1,1,1,1,1,1,-1,1,-1,1,1,-1,1,-1,1,-1,-1,1,-1,-1,1,-1,-1,1,-1,-1,-1,1,1,-1,1,1,-1,-1,1,1,-1,-1,1,-1,-1,-1,-1,-1,1,1,-1,-1,-1,-1,-1,1,1,-1,-1,1,1,1,-1,1,-1,1,-1,1,-1,1,1,-1,1,-1,1,-1,-1,1,1,-1,1,1,1,1,1,1,-1,-1,1,-1,1,1,1,-1,-1,1,-1,1,1,-1,-1,1,1,-1,1,1,-1,-1,1,-1,1,1,1,1,-1,1,-1,-1,1,1,1,-1,1,1,1,1,1,1,-1,-1,1,1,1,1,1,-1,1,1,-1,1,1,1,-1,-1,1,1,1,-1,1,-1,-1,1,-1,1,1,1,-1,-1,-1,1,1,1,1,-1,-1,1,1,1,1,-1,1,-1,1,-1,1,-1,-1,1,-1,1,-1,1,1,-1,-1,1,-1,1,1,-1,1,-1,-1,1,-1,-1,1,-1,1,-1,1,-1,1,-1,1,-1,-1,1,1,1,-1,1,1,-1,1,-1,1,-1,1,-1,-1,1,-1,1,-1,-1,1,1,1,1,1,-1,1,1,-1,1,1,1,1,-1,1,-1,1,-1,1,-1,1,1,1,-1,1,1,-1,1,1,1,-1,1,1,1,-1,1,-1,-1,1,1,-1,-1,1,-1,1,-1,-1,1,-1,1,1,-1,1,1,-1,-1,1,1,-1,1,1,-1,-1,-1,1,1,1,1,-1,-1,1,1,-1,1,1,-1,-1,1,-1,1,1,1,-1,-1,-1,1,-1,1,1,-1,1,-1,-1,1,1,1,-1,-1,-1,-1,-1,1,-1,-1,-1,1,-1,1,1,-1,-1,-1,1,-1,1,1,1,-1,-1,-1,-1,1,1,-1,1,-1,-1,1,1,1,-1,-1,1,-1,-1,1,1,-1,-1,1,-1,-1,1,1,-1,1,-1,-1,-1,1,1,-1,-1,1,-1,-1,1,1,-1,-1,1,1,-1,1,1,-1,1,1,-1,-1,1,1,-1,-1,1,-1,-1,1,-1,1,-1,1,1,-1,-1,1,-1,1,-1,1,-1,1,1,-1,1,-1,1,-1,1,1,-1,1,1,1,-1,-1,1,-1,1,1,-1,1,-1,1,-1,1,1,-1,1,-1,1,1,1,-1,-1,1,-1,1,1,-1,1,-1,-1,-1,1,-1,1,-1,1,-1,-1,1,-1,1,-1,-1,-1,-1,1,-1,1,-1,-1,-1,-1,-1,1,1,-1,1,-1,-1,1,-1,1,-1,1,-1,1,-1,-1,1,1,1,1,-1,-1,1,1,-1,-1,1,1,-1,1,1,-1,1,-1,-1,1,1,-1,-1,1,-1,-1,-1,-1,1,-1,1,1,-1,1,1,-1,-1,1,-1,1,-1,-1,-1,-1,1,-1,-1,1,1,-1,1,1,-1,1,1,1,1,-1,1,-1,1,1,1,1,-1,1,-1,-1,-1,1,1,-1,1,-1,1,1,1,1,-1,1,-1,1,1,1,-1,-1,1,-1,-1,1,1,-1,-1,-1,1,-1,1,-1,1,-1,1,-1,-1,1,-2678.0,1,2000,445,1500,True
20,1,1,-1,-1,1,1,-1,-1,1,1,1,-1,-1,1,1,1,-1,1,-1,-1,-1,-1,1,1,1,-1,-1,-1,1,1,1,1,-1,-1,-1,-1,1,-1,1,1,-1,-1,-1,1,1,1,1,-1,1,1,1,1,-1,1,-1,-1,1,-1,1,1,1,-1,-1,-1,1,1,1,1,-1,-1,-1,1,1,1,1,-1,-1,-1,1,1,1,-1,-1,-1,1,1,1,1,-1,-1,1,1,1,1,1,-1,-1,-1,1,-1,1,1,-1,-1,1,1,1,1,1,-1,-1,-1,1,1,1,1,-1,-1,1,1,1,1,1,1,-1,-1,1,1,-1,1,1,-1,1,1,1,1,1,1,-1,1,1,1,1,1,1,-1,1,1,1,1,1,1,-1,-1,-1,1,1,1,1,-1,1,1,1,1,-1,1,-1,1,-1,1,1,1,-1,-1,1,1,1,1,1,-1,1,-1,-1,1,-1,1,-1,1,1,1,1,1,1,1,1,1,-1,1,-1,1,-1,1,1,-1,1,-1,1,1,-1,1,-1,1,-1,1,-1,1,1,-1,1,-1,1,1,1,1,-1,-1,1,1,-1,-1,1,-1,1,-1,-1,1,-1,1,-1,1,-1,1,-1,-1,1,-1,-1,-1,1,1,-1,1,-1,1,1,1,-1,1,1,-1,1,-1,1,-1,1,-1,1,-1,1,1,-1,1,-1,-1,-1,1,1,-1,1,-1,-1,-1,1,1,-1,-1,1,1,-1,-1,1,1,-1,1,1,-1,1,1,1,1,-1,1,-1,1,1,-1,1,-1,1,1,-1,1,1,1,1,1,-1,-1,1,-1,-1,-1,1,1,-1,1,1,1,-1,1,-1,-1,1,1,1,1,1,-1,1,1,1,-1,1,1,-1,1,1,1,-1,1,1,-1,-1,1,1,1,-1,1,-1,1,1,1,-1,1,1,-1,1,1,1,-1,1,-1,-1,1,1,1,-1,1,-1,-1,-1,1,1,-1,1,-1,-1,1,-1,1,-1,1,1,-1,-1,1,1,1,-1,1,-1,-1,1,1,-1,1,-1,1,-1,-1,-1,-1,1,1,-1,-1,1,1,-1,1,1,-1,-1,1,1,1,1,1,-1,1,1,1,-1,1,-1,-1,-1,-1,1,1,-1,1,-1,-1,1,-1,1,-1,-1,-1,-1,-1,-1,1,-1,-1,-1,1,-1,1,1,-1,1,-1,1,1,-1,1,-1,1,-1,-1,1,-1,1,-1,1,1,-1,1,-1,-1,1,1,-1,-1,1,-1,1,1,1,-1,-1,1,-1,1,-1,1,-1,1,1,-1,1,-1,-1,-1,1,1,-1,1,-1,-1,-1,1,-1,1,1,-1,-1,-1,1,-1,-1,1,-1,-1,-1,1,-1,1,-1,-1,-1,-1,1,-1,-1,1,-1,-1,-1,1,1,-1,1,-1,-1,-1,1,1,-1,-1,-1,1,-1,1,-1,-1,1,-1,-1,1,1,1,-1,-1,1,-1,1,-1,1,-1,-1,1,-1,-1,1,1,1,-1,1,-1,1,-1,1,1,1,-1,-1,-1,1,-1,-1,-1,1,1,-1,1,-1,1,-1,1,-1,1,1,-1,1,1,1,-1,-1,1,-1,1,-1,1,1,-1,1,-1,-1,1,1,-1,-1,1,-1,-1,-1,1,-1,-1,1,-1,1,1,1,1,-1,1,-1,-1,1,1,-1,-1,1,-1,-1,-1,1,1,-1,-1,1,1,-1,-1,-1,-1,1,1,1,1,1,1,-1,-1,1,1,-1,1,-1,-1,1,1,1,1,-1,-1,-1,1,-1,1,1,1,1,-1,-1,1,1,1,-1,-1,-1,1,1,1,1,1,-1,-1,-1,1,1,1,-1,-1,-1,-1,1,1,1,1,-1,-1,1,1,1,1,1,-1,-1,-1,1,1,1,1,-1,-1,-1,1,1,-1,1,-1,-1,-1,1,1,1,1,-1,-1,1,1,1,1,1,-1,1,1,-1,1,1,-1,-1,-1,1,1,1,-1,1,-1,1,1,1,1,1,1,-1,-1,1,-1,1,-1,1,-1,-1,1,-1,1,-1,-1,-1,-1,1,-1,1,1,-1,1,-1,1,1,1,-1,1,1,-1,1,-1,1,-1,-1,-1,-1,1,1,-1,-1,-1,-1,-1,1,-1,1,-1,-1,-1,-1,-1,-1,-1,1,-1,-1,-1,1,-1,-1,1,-1,-1,-1,-1,-1,1,1,-1,-1,-1,-1,-1,1,-1,-1,-1,1,-1,-1,1,-1,1,-1,-1,-1,-1,-1,-1,-1,1,-1,-1,-1,1,1,1,-1,-1,1,1,-1,-1,-1,-1,1,-1,-1,1,-1,1,-1,-1,-1,-1,1,-1,1,1,-1,1,-1,-1,1,1,-1,-1,-1,-1,-1,-1,1,1,-1,-1,1,-1,1,1,-1,-1,-1,1,-1,1,1,-1,-1,1,-1,-1,1,1,1,-1,1,-1,1,1,1,-1,-1,1,-1,-1,1,1,1,-1,1,-1,-1,1,1,-1,1,1,-1,-1,1,1,-1,1,1,-1,-1,1,1,-1,1,1,-1,-1,1,1,1,1,-1,1,-1,1,1,1,1,1,-1,-1,1,-1,1,1,1,1,-1,-1,1,-1,1,1,1,-1,1,1,1,1,-1,1,-1,1,1,1,1,1,1,1,-1,1,1,1,1,-1,1,-1,1,1,1,1,1,-1,1,1,1,1,-1,1,1,-1,1,1,-1,1,1,-1,-1,1,1,1,1,-1,1,-1,1,1,1,-1,-1,1,-1,1,1,1,-1,1,-1,-1,-1,1,1,-1,-1,1,-1,-1,1,1,-1,-1,1,-1,1,1,1,1,-1,1,-1,-1,1,1,-1,-1,-1,1,1,1,1,-1,1,1,-1,1,1,-1,-1,1,1,-1,-1,1,1,-1,1,1,1,1,1,-1,-1,-1,-1,-1,-1,-1,-1,-1,-1,1,1,1,1,-1,1,1,-1,1,1,1,1,-1,1,-1,1,1,1,-1,-1,1,-1,1,1,1,-1,-1,1,-1,1,1,1,-1,-1,1,-1,1,1,1,1,-1,1,-1,1,1,1,1,-1,-1,1,-1,1,-1,1,-1,1,-1,1,1,-2676.0,1,2000,445,1500,False
21,1,1,-1,-1,1,1,-1,-1,1,1,1,-1,1,1,1,1,-1,1,-1,-1,-1,-1,1,1,1,-1,-1,-1,1,1,1,1,-1,-1,-1,-1,1,1,1,1,-1,-1,-1,1,1,1,1,-1,1,1,1,1,-1,1,-1,-1,1,-1,1,1,1,-1,-1,-1,1,1,1,1,-1,-1,-1,1,1,1,1,-1,-1,-1,1,1,1,-1,-1,-1,1,1,1,1,-1,-1,-1,1,1,1,1,-1,-1,1,1,-1,1,1,-1,-1,1,1,1,1,1,-1,-1,-1,1,-1,1,1,-1,-1,1,1,1,1,1,1,-1,-1,1,1,-1,1,1,-1,1,1,1,1,1,1,-1,1,1,1,1,1,1,-1,1,1,1,1,1,1,-1,-1,-1,1,1,1,1,-1,1,1,1,1,-1,1,-1,1,1,1,1,1,-1,-1,1,1,1,1,1,-1,1,-1,-1,1,-1,1,-1,1,1,1,1,1,1,1,1,1,-1,1,-1,1,-1,1,1,-1,1,-1,1,1,-1,1,-1,1,-1,1,-1,1,1,-1,1,-1,1,1,1,1,-1,-1,1,1,-1,-1,1,-1,1,-1,1,1,-1,1,-1,1,-1,1,-1,1,1,-1,-1,-1,1,1,-1,1,-1,1,1,1,-1,1,1,-1,-1,-1,1,-1,1,-1,1,-1,1,1,-1,1,-1,-1,-1,1,1,-1,1,-1,-1,-1,1,1,-1,-1,1,1,-1,-1,1,1,-1,1,1,-1,1,1,1,1,-1,1,-1,1,1,-1,1,-1,1,1,-1,1,1,1,1,1,-1,-1,1,-1,-1,-1,1,1,-1,1,1,1,-1,1,-1,-1,1,1,1,1,1,-1,1,1,1,-1,1,1,-1,1,1,1,-1,1,1,-1,-1,1,1,1,-1,1,-1,1,1,1,-1,1,1,-1,1,1,1,-1,1,-1,-1,1,1,1,-1,1,-1,-1,-1,1,1,-1,1,-1,-1,1,-1,1,-1,1,1,-1,-1,1,1,1,-1,1,-1,-1,1,1,-1,1,-1,1,-1,-1,-1,-1,1,1,-1,-1,1,1,-1,1,1,-1,-1,1,1,1,1,1,-1,1,1,1,-1,1,-1,-1,-1,-1,1,1,-1,1,-1,-1,1,-1,1,-1,-1,-1,-1,-1,-1,1,-1,-1,-1,1,-1,1,1,-1,1,-1,1,1,-1,1,-1,1,-1,-1,1,-1,1,-1,1,1,-1,1,-1,-1,1,1,-1,-1,1,-1,1,1,1,-1,-1,1,-1,1,-1,1,-1,1,1,-1,1,-1,-1,-1,1,1,-1,1,-1,-1,-1,1,-1,1,1,1,-1,-1,1,-1,-1,1,-1,-1,-1,1,-1,1,-1,-1,-1,-1,1,-1,-1,1,-1,-1,-1,1,1,-1,1,-1,-1,-1,1,1,-1,1,-1,1,-1,1,-1,-1,1,-1,-1,1,-1,1,-1,-1,1,-1,1,-1,1,-1,-1,1,-1,-1,1,1,1,-1,1,-1,1,-1,-1,1,1,-1,-1,-1,1,-1,-1,-1,1,1,-1,1,-1,1,-1,1,-1,1,1,-1,1,1,1,-1,1,1,-1,1,-1,1,1,-1,1,-1,-1,1,1,-1,-1,1,-1,-1,-1,1,-1,-1,1,-1,1,1,1,1,-1,1,-1,-1,1,1,-1,-1,1,-1,-1,-1,1,1,-1,-1,1,1,-1,1,-1,-1,-1,1,1,1,1,1,-1,1,1,1,-1,1,-1,-1,1,1,1,1,-1,1,-1,1,-1,1,1,1,1,-1,-1,1,1,1,-1,-1,-1,1,1,1,1,1,-1,-1,-1,1,1,1,-1,-1,-1,-1,1,1,1,1,-1,-1,1,1,1,1,1,-1,-1,-1,1,1,1,1,-1,-1,-1,1,1,-1,1,-1,-1,-1,1,1,1,1,-1,-1,1,1,1,1,1,-1,1,1,-1,1,1,-1,-1,-1,1,1,1,1,1,-1,1,1,1,1,1,1,-1,-1,1,-1,1,-1,1,-1,-1,1,-1,1,-1,-1,-1,-1,1,-1,1,1,-1,-1,-1,1,1,1,-1,1,-1,-1,1,-1,1,-1,-1,-1,-1,1,1,-1,-1,-1,-1,-1,1,-1,1,-1,-1,-1,-1,-1,-1,-1,1,-1,-1,-1,1,-1,-1,1,-1,-1,-1,-1,-1,-1,1,-1,-1,-1,-1,-1,1,-1,-1,-1,1,-1,-1,1,-1,1,-1,-1,-1,-1,-1,-1,-1,1,-1,-1,-1,1,1,1,-1,-1,-1,1,-1,-1,-1,-1,1,-1,-1,1,1,1,-1,-1,-1,-1,1,-1,1,1,-1,1,-1,-1,1,1,-1,-1,-1,-1,-1,-1,1,1,-1,-1,1,-1,1,1,-1,-1,-1,1,-1,-1,1,-1,-1,1,-1,-1,1,1,1,-1,1,-1,1,1,1,-1,-1,1,-1,-1,1,1,1,-1,1,-1,-1,1,1,-1,1,1,-1,-1,1,1,1,1,1,-1,-1,1,1,-1,1,1,-1,-1,1,1,1,1,1,1,-1,1,1,1,-1,1,-1,-1,1,-1,1,1,1,1,-1,-1,1,-1,1,1,1,-1,1,1,1,1,-1,1,-1,1,1,1,1,1,1,1,-1,-1,1,1,1,-1,1,-1,1,1,1,1,1,-1,1,1,1,1,-1,1,1,-1,-1,1,-1,1,1,-1,-1,1,1,1,1,-1,1,-1,1,1,1,-1,-1,1,-1,1,1,1,-1,1,-1,-1,-1,1,1,-1,-1,1,-1,-1,1,1,1,-1,1,-1,1,1,1,1,-1,1,-1,-1,1,1,-1,-1,-1,1,1,1,1,-1,1,1,-1,1,1,-1,-1,1,1,-1,-1,1,1,-1,1,1,1,1,1,-1,-1,-1,-1,-1,-1,-1,-1,-1,-1,1,1,1,1,-1,1,1,-1,1,1,1,1,-1,1,-1,1,1,1,-1,-1,1,-1,1,1,1,-1,-1,1,-1,1,1,1,-1,-1,1,-1,1,1,1,1,-1,1,-1,1,1,1,-1,-1,-1,1,-1,1,1,1,-1,1,-1,1,1,-2676.0,1,2000,445,500,False
22,1,1,-1,-1,1,1,-1,-1,1,1,1,-1,1,1,1,1,-1,1,-1,-1,1,-1,1,1,1,-1,1,-1,1,1,1,1,-1,-1,-1,-1,1,-1,1,1,-1,-1,-1,1,1,1,1,-1,1,1,1,1,-1,1,-1,-1,1,-1,1,1,1,-1,-1,-1,1,1,1,1,-1,-1,-1,1,1,1,1,-1,-1,-1,1,1,1,-1,-1,-1,1,1,1,1,-1,-1,-1,1,1,1,1,-1,-1,1,1,-1,1,1,-1,-1,1,1,1,1,1,-1,-1,1,1,1,1,1,-1,-1,1,1,1,1,1,1,-1,-1,1,1,-1,1,1,-1,1,1,1,1,1,1,-1,-1,1,1,1,1,1,-1,1,1,1,1,1,1,-1,-1,-1,1,1,1,1,-1,1,1,1,1,-1,1,-1,1,-1,1,1,1,-1,-1,1,1,1,1,1,-1,1,-1,-1,1,-1,1,-1,1,1,1,1,1,1,1,1,1,-1,1,-1,1,-1,1,1,-1,1,-1,1,1,-1,1,-1,1,-1,1,-1,1,1,-1,-1,-1,1,1,1,1,-1,-1,1,1,-1,-1,1,-1,1,-1,-1,1,-1,1,-1,1,-1,1,-1,1,1,-1,-1,-1,1,1,-1,1,-1,1,1,1,-1,1,1,-1,1,-1,1,-1,1,-1,1,-1,1,1,-1,1,-1,-1,-1,1,1,-1,1,-1,-1,-1,1,1,-1,-1,1,1,-1,-1,1,1,-1,1,1,-1,1,1,1,1,-1,1,-1,1,1,-1,1,-1,1,1,-1,1,1,1,1,1,-1,-1,1,-1,-1,1,1,1,-1,1,1,1,-1,1,-1,-1,1,1,1,1,1,-1,1,1,1,-1,1,1,-1,1,1,1,-1,1,1,-1,-1,1,1,1,-1,1,-1,1,1,1,-1,1,1,-1,1,1,1,-1,1,-1,-1,1,1,1,-1,1,-1,-1,-1,-1,1,-1,1,-1,-1,1,1,1,-1,1,1,-1,-1,-1,1,1,-1,1,-1,-1,1,1,-1,1,-1,1,-1,-1,1,1,1,1,1,-1,1,-1,-1,1,1,-1,-1,-1,1,-1,1,1,-1,1,-1,1,1,1,-1,-1,-1,-1,1,-1,-1,1,-1,-1,1,-1,-1,1,-1,-1,-1,1,-1,1,-1,-1,-1,1,-1,1,-1,1,1,1,1,1,-1,1,-1,1,-1,-1,1,-1,-1,-1,1,1,-1,1,-1,-1,1,1,-1,-1,1,-1,1,-1,1,-1,-1,1,-1,-1,1,1,-1,1,1,1,-1,-1,-1,-1,1,1,-1,-1,1,-1,-1,1,-1,1,-1,1,-1,-1,1,-1,-1,-1,-1,-1,-1,1,-1,1,-1,1,-1,-1,1,-1,-1,1,-1,-1,-1,1,1,-1,1,-1,-1,-1,1,1,-1,-1,-1,1,-1,1,-1,-1,1,-1,-1,1,-1,1,-1,-1,-1,-1,1,-1,1,-1,-1,1,-1,-1,1,1,1,-1,1,-1,1,-1,1,-1,1,-1,-1,-1,1,-1,-1,-1,1,1,-1,1,-1,1,-1,1,-1,1,1,-1,1,1,1,-1,-1,1,-1,1,-1,1,1,-1,1,-1,-1,1,1,-1,-1,1,-1,-1,-1,1,-1,-1,1,-1,1,1,1,1,-1,1,-1,-1,1,1,-1,-1,1,-1,-1,-1,1,1,-1,-1,1,1,-1,-1,-1,-1,1,1,1,-1,1,1,-1,-1,1,1,-1,1,-1,-1,1,1,1,1,-1,-1,-1,1,-1,1,1,1,1,-1,-1,1,1,1,-1,-1,-1,-1,1,1,1,1,-1,-1,-1,1,1,1,-1,-1,-1,-1,1,1,1,1,-1,-1,-1,1,1,1,1,-1,-1,1,1,1,1,1,-1,-1,-1,1,1,-1,1,-1,-1,-1,1,1,1,1,-1,-1,1,1,1,1,1,-1,1,1,-1,1,1,-1,-1,-1,1,1,1,-1,1,-1,1,1,1,1,1,1,-1,-1,1,-1,1,-1,1,-1,-1,1,-1,1,-1,-1,-1,-1,1,-1,1,1,-1,1,-1,1,1,1,-1,1,1,-1,1,-1,1,-1,-1,-1,-1,1,1,-1,-1,-1,-1,-1,1,-1,1,-1,-1,-1,-1,-1,-1,-1,1,-1,-1,-1,1,-1,-1,1,-1,-1,-1,-1,-1,1,1,-1,-1,-1,-1,-1,1,-1,-1,-1,1,-1,-1,1,-1,1,-1,-1,-1,-1,1,-1,-1,1,-1,-1,-1,-1,1,1,-1,-1,1,-1,1,-1,-1,-1,1,-1,-1,-1,-1,1,-1,-1,-1,-1,-1,1,1,1,-1,1,-1,1,-1,1,-1,-1,-1,-1,-1,-1,1,1,-1,-1,1,-1,1,1,-1,-1,-1,1,-1,1,1,-1,-1,1,-1,-1,1,1,1,-1,1,-1,1,1,1,-1,-1,1,-1,1,1,1,1,-1,1,-1,-1,1,1,-1,1,1,-1,-1,1,1,-1,1,1,-1,-1,1,1,-1,1,1,-1,-1,1,1,1,1,1,1,-1,1,1,1,1,1,-1,-1,1,-1,1,1,1,1,-1,-1,1,-1,1,1,1,-1,1,1,1,1,-1,1,-1,1,1,1,1,1,1,1,-1,1,1,1,1,-1,1,-1,1,1,1,1,1,-1,1,1,1,1,-1,1,-1,1,1,1,-1,1,1,1,1,1,1,1,1,-1,1,1,1,1,1,-1,-1,1,-1,1,1,1,-1,1,-1,1,1,1,1,-1,-1,1,1,-1,1,1,1,-1,1,1,-1,-1,1,1,-1,1,-1,1,1,1,-1,-1,-1,-1,1,-1,1,-1,1,1,1,1,1,-1,-1,1,1,1,1,1,1,-1,1,-1,1,1,1,-1,-1,-1,-1,-1,-1,-1,-1,-1,-1,-1,1,1,1,-1,1,1,-1,-1,1,1,1,-1,1,-1,1,1,1,1,-1,1,-1,1,1,1,1,-1,1,-1,1,1,1,1,-1,1,-1,1,-1,-1,-1,-1,1,-1,-1,1,1,-1,-1,-1,-1,1,1,-1,1,-1,1,-1,-1,1,-2676.0,1,2000,445,500,False
23,1,1,-1,-1,1,-1,-1,-1,1,1,1,-1,1,1,1,1,-1,1,-1,-1,1,-1,1,1,1,-1,1,-1,1,1,1,1,-1,-1,-1,-1,1,-1,1,1,-1,-1,-1,1,1,1,1,-1,1,1,1,1,-1,1,-1,-1,1,-1,1,1,1,-1,-1,-1,1,1,1,1,-1,-1,-1,1,1,1,1,-1,-1,-1,1,1,1,-1,-1,-1,1,1,1,1,-1,-1,-1,1,1,1,1,-1,-1,1,1,-1,1,1,-1,-1,1,1,1,1,1,-1,-1,1,1,-1,1,1,-1,-1,1,1,1,1,1,1,-1,1,1,1,-1,1,1,-1,1,1,1,1,1,1,-1,-1,1,1,1,1,1,-1,1,1,1,1,1,1,-1,-1,-1,1,1,1,1,-1,1,1,1,1,-1,1,-1,1,-1,1,1,1,-1,-1,1,1,1,1,1,-1,1,-1,-1,1,-1,1,-1,1,1,1,1,1,1,1,1,1,-1,1,-1,1,-1,1,1,-1,1,-1,1,1,-1,1,-1,1,-1,1,-1,1,1,-1,1,-1,1,1,1,1,-1,-1,1,1,-1,-1,1,-1,1,-1,1,1,-1,1,-1,1,-1,1,-1,1,1,-1,-1,-1,1,1,-1,1,-1,1,1,1,-1,1,1,-1,1,-1,1,-1,1,-1,1,-1,1,1,-1,1,-1,-1,-1,1,1,-1,1,-1,-1,-1,1,1,-1,-1,1,1,-1,-1,1,1,-1,1,1,-1,1,1,1,1,-1,1,-1,1,1,-1,1,-1,1,1,-1,1,1,1,1,1,-1,-1,1,-1,-1,-1,1,1,-1,1,1,1,-1,1,-1,-1,1,1,1,1,1,-1,1,1,1,-1,1,1,-1,1,1,1,-1,1,1,-1,-1,1,1,1,-1,1,-1,1,1,1,-1,1,1,-1,1,1,1,-1,1,-1,-1,1,1,1,-1,1,-1,-1,-1,1,1,1,1,-1,-1,1,-1,1,-1,1,1,-1,-1,1,1,1,-1,1,-1,-1,1,1,-1,1,-1,1,-1,-1,-1,-1,1,1,-1,-1,1,1,-1,1,1,-1,-1,1,1,-1,1,1,-1,1,1,1,1,1,-1,-1,-1,-1,1,-1,-1,1,-1,-1,1,-1,-1,1,-1,-1,-1,-1,-1,1,-1,-1,-1,1,-1,1,-1,1,1,1,1,1,-1,1,-1,1,-1,-1,1,-1,-1,-1,1,1,-1,1,-1,-1,1,1,-1,-1,1,-1,1,-1,1,-1,-1,1,-1,-1,1,1,-1,1,1,-1,-1,-1,-1,-1,1,1,-1,-1,1,-1,-1,1,-1,1,-1,1,-1,-1,1,-1,-1,-1,-1,-1,-1,1,-1,1,-1,1,-1,-1,1,-1,-1,1,-1,-1,-1,1,1,-1,1,-1,-1,-1,1,1,-1,-1,-1,1,-1,1,-1,-1,1,-1,-1,1,-1,1,-1,-1,-1,-1,1,-1,1,-1,-1,1,-1,-1,1,1,1,-1,1,-1,1,-1,-1,-1,1,-1,-1,-1,1,-1,-1,-1,1,1,-1,1,-1,1,-1,1,-1,1,1,-1,1,1,1,-1,-1,1,-1,1,-1,1,1,-1,1,-1,-1,1,1,-1,-1,1,-1,-1,-1,1,-1,-1,1,-1,1,1,1,1,-1,1,-1,-1,1,1,-1,-1,1,-1,-1,-1,1,1,-1,-1,1,1,-1,-1,-1,-1,1,1,1,-1,1,1,-1,-1,1,1,-1,1,-1,-1,1,1,1,1,-1,1,-1,1,-1,1,1,1,1,-1,-1,1,1,1,-1,-1,-1,-1,1,1,1,1,-1,-1,-1,1,1,1,-1,-1,-1,-1,1,1,1,1,-1,-1,1,1,1,1,1,-1,-1,-1,1,1,1,1,-1,-1,-1,1,1,-1,1,-1,-1,-1,1,1,1,1,-1,-1,1,1,1,1,1,-1,1,1,-1,1,1,-1,-1,-1,1,1,1,1,1,-1,1,1,1,1,1,1,-1,-1,1,-1,1,-1,1,-1,-1,1,-1,1,-1,-1,-1,-1,1,-1,1,1,-1,1,-1,1,1,1,-1,1,1,-1,1,-1,1,-1,-1,-1,-1,1,1,-1,-1,-1,-1,-1,1,-1,1,-1,-1,-1,-1,-1,-1,-1,1,-1,-1,-1,1,-1,-1,1,-1,-1,-1,-1,-1,1,1,-1,-1,-1,-1,-1,1,-1,-1,-1,1,-1,-1,1,-1,1,-1,-1,-1,-1,-1,-1,-1,1,-1,-1,-1,1,1,-1,-1,-1,-1,1,-1,-1,-1,-1,1,-1,-1,1,-1,1,-1,-1,-1,-1,1,-1,1,1,-1,1,-1,-1,1,1,-1,-1,-1,-1,-1,-1,1,1,-1,-1,1,-1,1,1,-1,-1,-1,1,-1,1,1,-1,-1,1,-1,-1,1,1,1,-1,1,-1,1,1,1,-1,-1,1,-1,-1,1,1,1,-1,1,-1,-1,1,1,-1,1,1,-1,-1,1,1,1,1,1,-1,-1,1,1,-1,1,1,-1,-1,1,1,1,1,1,1,-1,1,1,1,1,1,-1,-1,1,-1,1,1,1,1,-1,-1,1,-1,1,1,1,-1,1,1,1,1,-1,1,-1,1,1,1,1,1,1,1,-1,1,1,1,1,-1,1,-1,1,1,1,1,1,1,1,1,1,1,-1,1,-1,1,1,1,-1,1,1,1,1,1,1,1,1,-1,1,1,1,1,1,-1,-1,1,-1,1,1,1,-1,1,-1,1,1,1,1,-1,-1,1,1,-1,1,1,1,-1,1,1,-1,1,1,1,-1,-1,-1,1,1,1,-1,-1,-1,-1,1,-1,1,-1,1,1,1,1,1,-1,-1,1,1,1,1,1,1,-1,1,-1,1,1,1,-1,-1,-1,-1,-1,-1,-1,-1,-1,1,-1,1,1,1,-1,1,1,-1,-1,1,1,1,-1,1,-1,1,1,1,1,-1,1,-1,1,1,1,1,-1,1,-1,1,1,1,1,-1,1,-1,1,-1,-1,-1,-1,1,-1,-1,1,1,-1,-1,-1,-1,1,1,-1,1,-1,1,-1,-1,1,-2676.0,1,2000,445,1000,False
24,1,1,-1,-1,1,1,-1,-1,1,1,1,-1,1,1,1,1,-1,1,-1,-1,-1,-1,1,1,1,-1,-1,-1,1,1,1,1,-1,-1,-1,-1,1,1,1,1,-1,-1,-1,1,1,1,1,-1,1,1,1,1,-1,1,-1,-1,1,-1,1,1,1,-1,-1,-1,1,1,1,1,-1,-1,-1,1,1,1,1,-1,-1,-1,1,1,1,-1,-1,-1,1,1,1,1,-1,-1,-1,1,1,1,1,-1,-1,1,1,-1,1,1,-1,-1,1,1,1,1,1,-1,-1,-1,1,1,1,1,-1,-1,1,1,1,1,1,1,-1,-1,1,1,-1,1,1,-1,1,1,1,1,1,1,-1,1,1,1,1,1,1,-1,1,1,1,1,1,1,-1,-1,-1,1,1,1,1,-1,1,1,1,1,-1,1,-1,1,-1,1,1,1,-1,-1,1,1,1,1,1,-1,1,-1,-1,1,-1,1,-1,1,1,1,1,1,1,1,1,1,-1,1,-1,1,-1,1,1,-1,1,-1,1,1,-1,1,-1,1,-1,1,-1,1,1,-1,1,-1,1,1,1,1,-1,-1,1,1,-1,-1,1,-1,1,-1,-1,1,-1,1,-1,1,-1,1,-1,-1,1,-1,1,-1,1,1,-1,1,-1,1,1,1,-1,1,1,-1,1,-1,1,-1,1,-1,1,-1,1,1,-1,1,-1,-1,-1,1,1,-1,1,-1,-1,-1,1,1,-1,-1,1,1,-1,-1,1,1,-1,1,1,-1,1,1,1,1,-1,1,-1,1,1,-1,1,-1,1,1,-1,1,1,1,1,1,-1,-1,1,-1,-1,-1,1,1,-1,1,1,1,-1,1,-1,-1,1,1,1,1,1,-1,1,1,1,-1,1,1,-1,1,1,1,-1,1,1,-1,-1,1,1,1,-1,1,-1,1,1,1,-1,1,1,-1,1,1,1,-1,1,-1,-1,1,1,1,-1,1,-1,-1,-1,1,1,-1,1,-1,-1,1,-1,1,-1,1,1,-1,-1,1,1,1,-1,1,-1,-1,1,1,-1,1,-1,1,-1,-1,-1,-1,1,1,1,-1,1,1,-1,1,1,-1,-1,1,1,1,1,1,-1,1,1,1,-1,1,-1,-1,-1,-1,1,1,-1,1,-1,-1,1,-1,1,-1,-1,-1,-1,-1,-1,1,-1,-1,-1,1,-1,1,1,-1,1,1,1,1,-1,1,-1,1,-1,-1,1,-1,1,-1,1,1,-1,1,-1,-1,1,1,-1,-1,1,-1,1,1,1,-1,-1,1,-1,1,-1,1,-1,1,1,-1,1,-1,-1,-1,1,1,-1,1,-1,-1,-1,1,-1,1,1,-1,-1,1,1,-1,-1,1,-1,-1,-1,1,-1,1,-1,-1,-1,-1,1,-1,-1,1,-1,-1,-1,1,1,-1,1,-1,-1,-1,1,1,-1,1,-1,1,-1,1,-1,-1,1,-1,-1,1,-1,1,-1,-1,1,-1,1,-1,1,1,-1,1,-1,-1,1,1,1,-1,1,-1,1,-1,-1,-1,1,-1,-1,-1,1,-1,-1,-1,1,1,-1,1,-1,1,-1,1,-1,1,1,-1,1,1,1,-1,-1,1,-1,1,-1,1,1,-1,1,-1,-1,1,1,-1,-1,1,-1,-1,-1,1,-1,-1,1,-1,1,1,1,1,-1,1,-1,-1,1,1,-1,-1,1,-1,-1,-1,1,1,-1,-1,1,1,-1,1,-1,-1,1,1,1,-1,1,1,-1,-1,1,1,-1,1,-1,-1,-1,1,1,1,-1,-1,-1,1,-1,1,1,1,1,-1,-1,1,1,1,-1,-1,-1,1,1,1,1,1,-1,-1,-1,1,1,1,-1,-1,-1,-1,1,1,1,1,-1,-1,1,1,1,1,1,-1,-1,-1,1,1,1,1,-1,-1,-1,1,1,-1,1,-1,-1,-1,1,1,1,1,-1,-1,1,1,1,1,1,-1,1,1,-1,1,1,-1,-1,-1,1,1,1,-1,1,-1,1,1,1,1,1,1,-1,-1,1,-1,1,-1,1,-1,-1,1,-1,1,-1,-1,-1,-1,1,-1,1,1,-1,-1,-1,1,1,1,-1,1,-1,-1,1,-1,1,-1,-1,-1,-1,1,1,-1,-1,-1,-1,-1,1,-1,1,-1,-1,-1,-1,-1,-1,-1,1,-1,-1,-1,1,-1,-1,1,-1,-1,-1,-1,-1,-1,1,-1,-1,-1,-1,-1,1,-1,-1,-1,1,-1,-1,1,-1,1,-1,-1,-1,-1,-1,-1,-1,1,-1,-1,-1,1,1,-1,-1,-1,1,-1,-1,-1,-1,-1,1,-1,-1,1,-1,1,-1,-1,-1,-1,1,-1,1,1,-1,1,-1,-1,1,1,-1,-1,-1,-1,-1,-1,1,1,-1,-1,1,-1,1,1,-1,-1,-1,1,-1,1,1,-1,-1,1,-1,-1,1,1,1,-1,1,-1,1,1,1,-1,-1,1,-1,-1,1,1,1,-1,1,-1,-1,1,1,-1,1,1,-1,-1,1,1,-1,1,1,-1,-1,1,1,-1,1,1,-1,-1,1,1,1,1,-1,1,-1,1,1,1,-1,1,-1,-1,1,-1,1,1,1,1,-1,-1,1,-1,1,1,1,-1,1,1,1,1,-1,1,-1,1,1,1,1,1,1,1,-1,-1,1,1,1,-1,1,-1,1,1,1,1,1,-1,1,1,1,1,-1,1,1,-1,1,1,-1,1,1,-1,-1,-1,1,1,1,-1,1,-1,1,1,1,-1,-1,1,-1,1,1,1,-1,1,-1,-1,-1,1,1,-1,-1,1,-1,-1,1,1,-1,-1,1,-1,1,1,1,1,-1,1,-1,-1,1,1,-1,-1,-1,1,1,1,1,-1,1,1,-1,1,1,-1,-1,1,1,-1,-1,1,1,-1,1,1,1,1,1,-1,-1,-1,-1,-1,-1,-1,-1,-1,-1,1,1,1,1,-1,1,1,-1,1,1,1,1,-1,1,-1,1,1,1,-1,-1,1,-1,1,1,1,-1,-1,1,-1,1,1,1,-1,-1,1,-1,1,1,1,1,-1,1,-1,1,1,1,-1,-1,-1,1,-1,1,1,1,-1,1,-1,1,1,-2676.0,1,2000,445,1500,False
25,1,1,-1,-1,1,1,-1,-1,1,1,1,-1,1,1,1,1,-1,1,-1,-1,-1,-1,1,1,1,-1,1,-1,1,1,1,1,1,-1,-1,-1,1,-1,1,1,-1,-1,-1,1,1,1,1,-1,1,1,1,1,-1,1,-1,-1,1,-1,1,1,1,-1,-1,-1,1,1,1,1,-1,-1,-1,1,1,1,1,-1,-1,-1,1,1,1,-1,-1,-1,1,1,1,1,-1,-1,-1,1,1,1,1,-1,-1,1,1,-1,1,1,-1,-1,1,1,1,1,1,-1,-1,1,1,-1,1,1,-1,-1,1,1,1,1,1,1,-1,1,1,1,-1,1,1,-1,1,1,1,1,1,1,-1,-1,1,1,1,1,1,-1,1,1,1,1,1,1,-1,-1,-1,1,1,1,1,-1,1,1,1,1,-1,1,-1,1,-1,1,1,1,-1,-1,1,1,1,1,1,-1,1,-1,-1,1,-1,1,-1,1,1,1,1,1,1,1,1,1,-1,1,-1,1,-1,1,1,-1,1,-1,1,1,-1,1,-1,1,-1,1,-1,1,1,-1,-1,-1,1,1,1,1,-1,-1,1,1,-1,-1,1,-1,1,-1,-1,1,-1,1,-1,1,-1,1,-1,-1,1,-1,-1,-1,1,1,-1,1,-1,1,1,1,-1,1,1,-1,1,-1,1,-1,1,-1,1,-1,1,1,-1,1,-1,-1,-1,1,1,-1,1,-1,-1,-1,1,1,-1,-1,1,1,-1,-1,1,1,-1,1,1,-1,1,1,1,1,-1,1,-1,1,1,-1,1,-1,1,1,-1,1,1,1,1,1,-1,-1,1,-1,-1,-1,1,1,-1,1,1,1,-1,1,-1,-1,1,1,1,1,1,-1,1,1,1,-1,1,1,-1,1,1,1,-1,1,1,-1,-1,1,1,1,-1,1,-1,1,1,1,-1,1,1,-1,1,1,1,-1,1,-1,-1,1,1,1,-1,1,-1,-1,-1,-1,1,-1,1,-1,-1,1,1,1,-1,1,1,-1,-1,-1,1,1,-1,1,-1,-1,1,1,-1,1,-1,1,-1,-1,1,1,1,1,-1,-1,1,-1,-1,1,1,-1,-1,-1,1,-1,1,1,-1,1,-1,1,1,1,-1,-1,-1,-1,1,-1,-1,1,-1,-1,1,-1,-1,1,-1,-1,-1,1,-1,1,-1,-1,-1,1,-1,1,-1,1,1,-1,1,1,-1,1,-1,1,-1,-1,1,-1,-1,-1,1,1,-1,1,-1,-1,1,1,-1,-1,1,-1,1,-1,1,-1,-1,1,-1,-1,1,1,-1,1,1,1,-1,-1,-1,-1,1,1,-1,-1,1,-1,-1,1,-1,1,-1,1,-1,1,1,-1,-1,-1,-1,-1,-1,1,-1,1,-1,1,-1,-1,1,-1,-1,1,-1,-1,-1,1,1,-1,1,-1,-1,-1,1,1,-1,-1,-1,1,-1,1,-1,-1,1,-1,-1,1,-1,1,-1,-1,-1,-1,1,-1,1,-1,-1,1,-1,-1,1,1,1,-1,1,-1,1,-1,-1,-1,1,-1,-1,-1,1,-1,-1,-1,1,1,-1,1,-1,1,-1,1,-1,1,1,-1,1,1,1,-1,-1,1,-1,1,-1,1,1,-1,1,-1,-1,1,1,-1,-1,1,-1,-1,-1,1,-1,-1,1,-1,1,1,1,1,-1,1,-1,-1,1,1,-1,-1,1,-1,-1,-1,1,1,-1,-1,1,1,-1,1,-1,-1,1,1,1,1,1,1,-1,-1,1,1,-1,1,-1,-1,1,1,1,1,-1,1,-1,1,-1,1,1,1,1,-1,-1,1,1,1,-1,-1,-1,-1,1,1,1,1,-1,-1,-1,1,1,1,-1,-1,-1,-1,1,1,1,1,-1,-1,-1,1,1,1,1,-1,-1,1,1,1,1,1,-1,-1,-1,1,1,-1,1,-1,-1,-1,1,1,1,1,-1,-1,1,1,1,1,1,-1,1,1,-1,1,1,-1,-1,-1,1,1,1,-1,1,-1,1,1,1,1,1,1,-1,-1,1,-1,1,-1,1,-1,-1,1,-1,1,-1,-1,-1,-1,1,-1,1,1,-1,1,-1,1,1,1,-1,1,1,-1,1,-1,1,-1,-1,-1,-1,1,1,-1,-1,-1,-1,-1,1,-1,1,-1,-1,-1,-1,-1,-1,-1,1,-1,-1,-1,1,-1,-1,1,-1,-1,-1,-1,-1,1,1,-1,-1,-1,-1,-1,1,-1,-1,-1,1,-1,-1,1,-1,1,-1,-1,-1,-1,1,-1,-1,1,-1,-1,-1,-1,1,-1,-1,-1,1,-1,1,-1,-1,-1,1,-1,-1,-1,-1,1,-1,-1,-1,-1,-1,1,1,1,-1,1,-1,1,-1,1,-1,-1,-1,-1,-1,-1,1,1,-1,-1,1,-1,1,1,-1,-1,-1,1,-1,1,1,-1,-1,1,-1,-1,1,1,1,-1,1,-1,1,1,1,-1,-1,1,-1,-1,1,1,1,-1,1,-1,-1,1,1,-1,1,1,-1,-1,1,1,1,1,1,-1,-1,1,1,1,1,1,-1,-1,1,1,1,1,-1,1,-1,1,1,1,1,1,-1,-1,1,-1,1,1,1,1,-1,-1,1,-1,1,1,1,-1,1,1,1,1,-1,1,-1,1,1,1,1,1,1,1,-1,1,1,1,1,-1,1,-1,1,1,1,1,1,-1,1,1,1,1,-1,1,-1,1,1,1,-1,1,1,1,1,1,1,1,1,-1,1,1,1,1,1,-1,-1,1,-1,1,1,1,-1,1,-1,1,1,1,1,-1,-1,1,1,-1,1,1,1,-1,1,1,-1,-1,1,1,-1,1,-1,1,1,1,-1,-1,-1,-1,1,-1,1,-1,1,1,1,1,1,-1,-1,1,1,1,1,1,1,-1,1,-1,1,1,1,-1,-1,-1,-1,-1,-1,-1,-1,-1,-1,-1,1,1,1,-1,1,1,-1,-1,1,1,1,-1,1,-1,1,1,1,1,-1,1,-1,1,1,1,1,-1,1,-1,1,1,1,1,-1,1,-1,1,-1,1,-1,-1,1,-1,-1,1,1,-1,-1,-1,-1,1,1,1,1,-1,1,-1,-1,1,-2676.0,1,2000,445,1000,False
26,1,1,-1,-1,1,-1,-1,-1,1,1,1,-1,1,1,1,1,-1,1,-1,-1,-1,-1,1,1,1,-1,1,-1,1,1,1,1,1,-1,-1,-1,1,1,1,1,-1,-1,-1,1,1,1,1,-1,1,1,1,1,-1,1,-1,-1,1,-1,1,1,-1,-1,-1,-1,1,1,1,1,-1,-1,-1,1,1,1,1,-1,-1,-1,1,1,1,-1,-1,-1,1,1,1,1,-1,-1,-1,1,1,1,1,-1,-1,1,1,-1,1,1,-1,-1,1,1,1,1,1,-1,-1,1,1,1,1,1,-1,-1,1,1,1,1,1,1,-1,-1,1,1,-1,1,1,-1,1,1,1,1,1,1,-1,-1,1,1,1,1,1,-1,1,1,1,1,1,1,-1,-1,-1,1,1,1,1,-1,1,1,1,1,-1,1,-1,1,-1,1,1,1,-1,-1,1,1,1,1,1,-1,1,-1,-1,1,-1,1,-1,1,1,1,1,1,1,1,1,1,1,1,-1,1,-1,1,1,-1,1,-1,1,1,-1,1,-1,1,-1,1,-1,1,1,-1,1,-1,1,1,1,1,-1,-1,1,1,-1,-1,1,-1,1,-1,-1,1,-1,1,-1,1,-1,1,-1,-1,1,-1,-1,-1,1,1,-1,1,-1,1,1,1,-1,1,1,-1,1,-1,1,-1,1,-1,1,-1,1,1,-1,1,-1,-1,-1,1,1,-1,1,-1,-1,-1,1,1,-1,-1,1,1,-1,-1,1,1,-1,1,1,-1,1,1,1,1,-1,1,-1,1,1,-1,1,-1,1,1,-1,1,1,1,1,1,-1,-1,1,-1,-1,1,1,1,-1,1,1,1,-1,1,-1,-1,1,1,1,1,1,-1,1,1,1,-1,1,1,-1,1,1,1,-1,1,1,-1,-1,1,1,1,-1,1,-1,1,1,1,-1,1,1,-1,1,1,1,-1,1,-1,-1,1,1,1,-1,1,-1,-1,-1,1,1,-1,1,-1,-1,1,-1,1,-1,1,1,-1,-1,1,1,1,-1,1,-1,-1,1,1,-1,1,-1,1,-1,-1,-1,-1,1,1,-1,-1,1,1,-1,1,1,-1,-1,1,1,1,1,1,-1,1,1,1,-1,1,-1,-1,-1,-1,1,1,-1,1,-1,-1,1,-1,1,-1,-1,-1,-1,-1,-1,1,-1,-1,-1,1,-1,1,1,-1,1,-1,1,1,-1,1,-1,1,-1,-1,1,-1,1,-1,1,1,-1,1,-1,-1,1,1,-1,-1,1,-1,1,1,1,-1,-1,1,-1,1,-1,1,-1,1,1,-1,1,-1,-1,-1,1,1,-1,1,-1,-1,-1,1,-1,1,1,-1,-1,1,1,-1,-1,1,-1,-1,-1,1,-1,1,-1,-1,-1,-1,1,-1,-1,1,-1,-1,-1,1,1,-1,1,-1,-1,-1,1,1,-1,1,-1,1,-1,1,-1,-1,1,-1,-1,1,-1,1,-1,-1,1,-1,1,-1,1,-1,-1,1,-1,-1,1,1,1,-1,1,-1,1,-1,1,1,1,-1,-1,-1,1,-1,-1,-1,1,1,-1,1,-1,1,-1,1,-1,1,1,-1,1,1,1,-1,-1,1,-1,1,-1,1,1,-1,1,-1,-1,1,1,-1,-1,1,-1,-1,-1,1,-1,-1,1,-1,1,1,1,1,-1,1,-1,-1,1,1,-1,-1,1,-1,-1,-1,1,1,-1,-1,1,1,-1,-1,-1,-1,1,1,1,1,1,1,-1,-1,1,1,-1,1,-1,-1,1,1,1,1,-1,-1,-1,1,-1,1,1,1,1,-1,-1,1,1,1,-1,-1,-1,-1,1,1,1,1,-1,-1,-1,1,1,1,-1,-1,-1,-1,1,1,1,1,-1,-1,1,1,1,1,1,-1,-1,-1,1,1,1,-1,-1,-1,-1,1,1,-1,1,-1,-1,-1,1,1,1,1,-1,-1,1,1,1,1,1,-1,1,1,-1,1,1,-1,-1,-1,1,1,1,-1,1,-1,1,1,1,1,1,1,-1,-1,1,-1,1,-1,1,-1,-1,1,-1,1,-1,-1,-1,-1,1,-1,1,1,-1,-1,-1,1,1,1,-1,1,-1,-1,1,-1,1,-1,-1,-1,-1,1,1,-1,-1,-1,-1,-1,1,-1,1,-1,-1,-1,-1,-1,-1,-1,1,-1,-1,-1,1,-1,-1,1,-1,-1,-1,-1,-1,-1,1,-1,-1,-1,-1,-1,1,-1,-1,-1,1,-1,-1,1,-1,1,-1,-1,-1,-1,-1,-1,-1,1,-1,-1,-1,1,1,-1,-1,-1,1,-1,-1,-1,-1,-1,1,-1,-1,1,1,1,-1,-1,-1,-1,1,-1,1,1,-1,1,-1,-1,1,1,-1,-1,-1,-1,-1,-1,1,1,-1,-1,1,-1,1,1,-1,-1,-1,1,-1,1,1,-1,-1,1,-1,-1,1,1,1,-1,1,-1,1,1,1,-1,-1,1,-1,-1,1,1,1,-1,1,-1,-1,1,1,-1,1,1,-1,-1,1,1,1,1,1,-1,-1,1,1,1,1,1,-1,-1,1,1,1,1,-1,1,-1,1,1,1,1,1,-1,-1,1,-1,1,1,1,1,-1,-1,1,-1,1,1,1,-1,1,1,1,1,-1,1,-1,1,1,1,1,1,1,1,-1,-1,1,1,1,-1,1,-1,1,1,1,1,1,-1,1,1,1,1,-1,1,1,-1,1,1,-1,1,1,-1,-1,-1,1,1,1,-1,1,-1,1,1,1,-1,-1,1,-1,1,1,1,-1,1,-1,-1,-1,1,1,-1,-1,1,-1,-1,1,1,-1,-1,1,-1,1,1,1,1,-1,1,-1,-1,1,1,-1,-1,-1,1,1,-1,1,-1,1,1,-1,1,1,-1,-1,1,1,-1,-1,1,1,-1,1,1,1,1,1,-1,-1,-1,-1,1,-1,-1,-1,-1,-1,1,1,1,1,-1,1,1,-1,1,1,1,1,-1,1,-1,1,1,1,1,-1,1,-1,1,1,1,1,-1,1,-1,1,1,1,1,-1,1,-1,1,1,1,-1,-1,1,-1,1,1,1,-1,-1,-1,1,-1,1,-1,1,-1,1,-1,1,1,-2676.0,1,2000,445,1500,False
27,1,1,-1,-1,1,-1,-1,-1,1,1,1,-1,1,1,1,1,-1,1,-1,-1,1,-1,1,1,1,-1,-1,-1,1,1,1,1,-1,-1,-1,-1,1,-1,1,1,-1,-1,-1,1,1,1,1,-1,1,1,1,1,-1,1,-1,-1,1,-1,1,1,1,-1,-1,-1,1,1,1,1,-1,-1,-1,1,1,1,1,-1,-1,-1,1,1,1,-1,-1,-1,1,1,1,1,-1,-1,-1,1,1,1,1,-1,-1,1,1,-1,1,1,-1,-1,1,1,1,1,1,-1,-1,1,1,1,1,1,-1,-1,1,1,1,1,1,1,-1,1,1,1,-1,1,1,-1,1,1,1,1,1,1,-1,-1,1,1,1,1,1,-1,1,1,1,1,1,1,-1,-1,-1,1,1,1,1,-1,1,1,1,1,-1,1,-1,1,-1,1,1,1,-1,-1,1,1,1,1,1,-1,1,-1,-1,1,-1,1,-1,1,1,1,1,1,1,1,1,1,-1,1,-1,1,-1,1,1,-1,1,-1,1,1,-1,1,-1,1,-1,1,-1,1,1,-1,1,-1,1,1,1,1,-1,-1,1,1,-1,-1,1,-1,1,-1,-1,1,-1,1,-1,1,-1,1,-1,1,1,-1,-1,-1,1,1,-1,1,-1,1,1,1,-1,1,1,-1,1,-1,1,-1,1,-1,1,-1,1,1,-1,1,-1,-1,-1,1,1,-1,1,-1,-1,-1,1,1,-1,-1,1,1,-1,-1,1,1,-1,1,1,-1,1,1,1,1,-1,1,-1,1,1,-1,1,-1,1,1,-1,1,1,1,1,1,-1,-1,1,-1,-1,-1,1,1,-1,1,1,1,-1,1,-1,-1,1,1,1,1,1,-1,1,1,1,-1,1,1,-1,1,1,1,-1,1,1,-1,-1,1,1,1,-1,1,-1,1,1,1,-1,1,1,-1,1,1,1,-1,1,-1,-1,1,1,1,-1,1,-1,-1,-1,1,1,-1,1,-1,-1,1,-1,1,-1,1,1,-1,-1,1,1,1,-1,1,-1,-1,1,1,-1,1,-1,1,-1,-1,-1,-1,1,1,1,-1,1,1,-1,1,1,-1,-1,1,1,1,1,1,-1,1,1,1,-1,1,-1,-1,-1,-1,1,1,-1,1,-1,-1,1,-1,1,-1,-1,-1,-1,-1,-1,1,-1,-1,-1,1,-1,1,1,-1,1,1,1,1,-1,1,-1,1,-1,-1,1,-1,1,-1,1,1,-1,1,-1,-1,1,1,-1,-1,1,-1,1,1,1,-1,-1,1,-1,1,-1,1,-1,1,1,-1,1,-1,-1,-1,1,1,-1,1,-1,-1,-1,1,-1,1,1,-1,-1,1,1,-1,-1,1,-1,-1,-1,1,-1,1,-1,1,-1,-1,1,-1,-1,1,-1,-1,-1,1,1,-1,1,-1,-1,-1,1,1,-1,1,-1,1,-1,1,-1,-1,1,-1,-1,1,-1,1,-1,-1,1,-1,1,-1,1,-1,-1,1,-1,-1,1,1,1,-1,1,-1,1,-1,-1,-1,1,-1,-1,-1,1,-1,-1,-1,1,1,-1,1,-1,1,-1,1,-1,1,1,-1,1,1,1,-1,-1,1,-1,1,-1,1,1,-1,1,-1,-1,1,1,-1,-1,1,-1,-1,-1,1,-1,-1,1,-1,1,1,1,1,-1,1,-1,-1,1,1,-1,-1,1,-1,-1,-1,1,1,-1,-1,1,1,-1,1,-1,-1,1,1,1,-1,1,1,-1,-1,1,1,-1,1,-1,-1,1,1,1,1,-1,-1,-1,1,-1,1,1,1,-1,-1,-1,1,1,1,-1,-1,-1,-1,1,1,1,1,-1,-1,-1,1,1,1,-1,-1,-1,-1,1,1,1,1,-1,-1,1,1,1,1,1,-1,-1,-1,1,1,1,1,-1,-1,-1,1,1,-1,1,-1,-1,-1,1,1,1,1,-1,-1,1,1,1,1,1,-1,1,1,-1,1,1,-1,-1,-1,1,1,1,-1,1,-1,1,1,1,1,1,1,-1,-1,1,-1,1,-1,1,-1,-1,1,-1,1,-1,-1,-1,-1,1,-1,1,1,-1,1,-1,1,1,1,-1,1,1,-1,1,-1,1,-1,-1,-1,-1,1,1,-1,-1,-1,-1,-1,1,-1,1,-1,-1,-1,-1,-1,-1,-1,1,-1,-1,-1,1,-1,-1,1,-1,-1,-1,-1,-1,1,1,-1,-1,-1,-1,-1,1,-1,-1,-1,1,-1,-1,1,-1,1,-1,-1,-1,-1,-1,-1,-1,1,-1,-1,-1,1,1,-1,-1,-1,1,-1,-1,-1,-1,-1,1,-1,-1,1,1,1,-1,-1,-1,-1,1,-1,1,1,-1,1,-1,-1,1,1,-1,-1,-1,-1,-1,-1,1,1,-1,-1,1,-1,1,1,-1,-1,-1,1,-1,-1,1,-1,-1,1,-1,-1,1,1,1,-1,1,-1,1,1,1,-1,-1,1,-1,-1,1,1,1,-1,1,-1,-1,1,1,-1,1,1,-1,-1,1,1,-1,1,1,-1,-1,1,1,-1,1,1,-1,-1,1,1,1,1,1,1,-1,1,1,1,1,1,-1,-1,1,-1,1,1,1,1,-1,-1,1,-1,1,1,1,-1,1,1,1,1,-1,1,-1,1,1,1,1,1,1,1,-1,-1,1,1,1,-1,1,-1,1,1,1,1,1,-1,1,1,1,1,-1,1,1,-1,1,1,-1,1,1,-1,-1,1,1,1,1,-1,1,-1,1,1,1,-1,-1,1,-1,1,1,1,-1,1,-1,-1,-1,1,1,-1,-1,1,-1,-1,1,1,1,-1,1,-1,1,1,1,1,-1,-1,-1,-1,1,1,-1,-1,-1,1,1,-1,1,-1,1,1,-1,1,1,-1,-1,1,1,-1,-1,1,1,-1,1,1,1,1,1,-1,-1,-1,-1,-1,-1,-1,-1,-1,-1,1,1,1,1,-1,1,1,-1,1,1,1,1,-1,1,-1,1,1,1,1,-1,1,-1,1,1,1,1,-1,1,-1,1,1,1,1,-1,1,-1,1,1,-1,-1,-1,1,-1,1,1,1,-1,-1,-1,1,-1,1,-1,1,-1,1,-1,1,1,-2676.0,1,2000,445,1000,False
28,1,1,-1,-1,1,1,-1,-1,1,1,1,-1,-1,1,1,1,-1,1,-1,-1,-1,-1,1,1,1,-1,-1,-1,1,1,1,1,1,-1,-1,-1,1,1,1,1,-1,-1,-1,1,1,1,1,-1,1,1,1,1,-1,1,-1,-1,1,-1,1,1,1,-1,-1,-1,1,1,1,1,-1,-1,-1,1,1,1,1,-1,-1,-1,1,1,1,-1,-1,-1,1,1,1,1,-1,-1,-1,1,1,1,1,-1,-1,1,1,-1,1,1,-1,-1,1,1,1,1,1,-1,-1,-1,1,1,1,1,-1,-1,1,1,1,1,1,1,-1,-1,1,1,-1,1,1,-1,1,1,1,1,1,1,-1,1,1,1,1,1,1,-1,1,1,1,1,1,1,-1,-1,-1,1,1,1,1,-1,1,1,1,1,-1,1,-1,1,-1,1,1,1,-1,-1,1,1,1,1,1,-1,1,-1,-1,1,-1,1,-1,1,1,1,1,1,1,1,1,1,-1,1,-1,1,-1,1,1,-1,1,-1,1,1,-1,1,-1,1,-1,1,-1,1,1,-1,-1,-1,1,1,1,1,-1,-1,1,1,-1,-1,1,-1,1,-1,-1,1,-1,1,-1,1,-1,1,-1,-1,1,-1,-1,-1,1,1,-1,1,-1,1,1,1,-1,1,1,-1,1,-1,1,-1,1,-1,1,-1,1,1,-1,1,-1,-1,-1,1,1,-1,1,-1,-1,-1,1,1,-1,-1,1,1,-1,-1,1,1,-1,1,1,-1,1,1,1,1,-1,1,-1,1,1,-1,1,-1,1,1,-1,1,1,1,1,1,-1,-1,1,-1,-1,-1,1,1,-1,1,1,1,-1,1,-1,-1,1,1,1,1,1,-1,1,1,1,-1,1,1,-1,1,1,1,-1,1,1,-1,-1,1,1,1,-1,1,-1,1,1,1,-1,1,1,-1,1,1,1,-1,1,-1,-1,1,1,1,-1,1,-1,-1,-1,1,1,-1,1,-1,-1,1,-1,1,-1,1,1,-1,-1,1,1,1,-1,1,-1,-1,1,1,-1,1,-1,1,-1,-1,-1,-1,1,1,-1,-1,1,1,-1,1,1,-1,-1,1,1,1,1,1,-1,1,1,1,-1,1,-1,-1,-1,-1,1,1,-1,1,-1,-1,1,-1,1,-1,-1,-1,-1,-1,-1,1,-1,-1,-1,1,-1,1,1,-1,1,-1,1,1,-1,1,-1,1,-1,-1,1,-1,1,-1,1,1,-1,1,-1,-1,1,1,-1,-1,1,-1,1,1,1,-1,-1,1,-1,1,-1,1,-1,1,1,-1,1,-1,-1,-1,1,1,-1,1,-1,-1,-1,1,-1,1,1,1,-1,-1,1,-1,-1,1,-1,-1,-1,1,-1,1,-1,-1,-1,-1,1,-1,-1,1,-1,-1,-1,1,1,-1,1,-1,-1,-1,1,1,-1,1,-1,1,-1,1,-1,-1,1,-1,-1,1,-1,1,-1,-1,1,-1,1,-1,1,-1,-1,1,-1,-1,1,1,1,-1,1,-1,1,-1,1,-1,1,-1,-1,-1,1,-1,-1,-1,1,1,-1,1,-1,1,-1,1,-1,1,1,-1,1,1,1,-1,-1,1,-1,1,-1,1,1,-1,1,-1,-1,1,1,-1,-1,1,-1,-1,-1,1,-1,-1,1,-1,1,1,1,1,-1,1,-1,-1,1,1,-1,-1,1,-1,-1,-1,1,1,-1,-1,1,1,-1,-1,-1,-1,1,1,1,1,1,1,-1,-1,1,1,-1,1,-1,-1,1,1,1,1,-1,-1,-1,1,-1,1,1,1,1,-1,-1,1,1,1,-1,-1,-1,-1,1,1,1,1,-1,-1,-1,1,1,1,-1,-1,-1,-1,1,1,1,1,-1,-1,-1,1,1,1,1,-1,-1,1,1,1,1,1,-1,-1,-1,1,1,-1,1,-1,-1,-1,1,1,1,1,-1,-1,1,1,1,1,1,-1,1,1,-1,1,1,-1,-1,-1,1,1,1,1,1,-1,1,1,1,1,1,1,-1,-1,1,-1,1,-1,1,-1,-1,1,-1,1,-1,-1,-1,-1,1,-1,1,1,-1,-1,-1,1,1,1,-1,1,-1,-1,1,-1,1,-1,-1,-1,-1,1,1,-1,-1,-1,-1,-1,1,-1,1,-1,-1,-1,-1,-1,-1,-1,1,-1,-1,-1,1,-1,-1,1,-1,-1,-1,-1,-1,1,1,-1,-1,-1,-1,-1,1,-1,-1,-1,1,-1,-1,1,-1,1,-1,-1,-1,-1,-1,-1,-1,1,-1,-1,-1,1,1,-1,-1,-1,1,-1,-1,-1,-1,-1,1,-1,-1,1,1,1,-1,-1,-1,-1,1,-1,1,1,-1,1,-1,-1,1,1,-1,-1,-1,-1,-1,-1,1,1,-1,-1,1,-1,1,1,-1,-1,-1,1,-1,1,1,-1,-1,1,-1,-1,1,1,1,-1,1,-1,1,1,1,-1,-1,1,-1,-1,1,1,1,-1,1,-1,-1,1,1,-1,1,1,-1,-1,1,1,-1,1,1,-1,-1,1,1,1,1,1,-1,-1,1,1,1,1,-1,1,-1,1,1,1,-1,1,-1,-1,1,-1,1,1,1,1,-1,-1,1,-1,1,1,1,-1,1,1,1,1,-1,1,-1,1,1,1,1,1,1,1,-1,-1,1,1,1,-1,1,-1,1,1,1,1,1,-1,1,1,1,1,-1,1,1,-1,-1,1,-1,1,1,-1,-1,1,1,1,1,-1,1,-1,1,1,1,-1,-1,1,-1,1,1,1,-1,1,-1,-1,-1,1,1,-1,-1,1,-1,-1,1,1,1,-1,1,-1,1,1,1,1,-1,1,-1,-1,1,1,-1,-1,-1,1,1,1,1,-1,1,1,-1,1,1,-1,-1,1,1,-1,-1,1,1,-1,1,1,1,1,1,-1,-1,-1,-1,-1,-1,-1,-1,-1,-1,1,1,1,1,-1,1,1,-1,1,1,1,1,-1,1,-1,1,1,1,-1,-1,1,-1,1,1,1,-1,-1,1,-1,1,1,1,-1,-1,1,-1,1,1,1,1,-1,1,-1,1,1,1,-1,-1,-1,1,-1,1,1,1,-1,1,-1,1,1,-2676.0,1,2000,445,1500,False
29,1,1,-1,-1,1,-1,-1,-1,1,1,1,-1,1,1,1,1,-1,1,-1,-1,-1,-1,1,1,1,-1,1,-1,1,1,1,1,-1,-1,-1,-1,1,1,1,1,-1,-1,-1,1,1,1,1,-1,1,1,1,1,-1,1,-1,-1,1,-1,1,1,1,-1,-1,-1,1,1,1,1,-1,1,-1,1,1,1,1,-1,-1,-1,1,1,1,-1,-1,-1,1,1,1,1,-1,1,-1,1,1,1,1,-1,-1,1,1,-1,1,1,-1,-1,1,1,1,1,1,-1,-1,1,1,1,1,1,-1,-1,1,1,1,1,1,1,-1,1,1,1,-1,1,1,-1,1,1,1,1,1,1,-1,-1,1,1,1,1,1,-1,1,1,1,1,1,1,-1,-1,-1,1,1,1,1,-1,1,1,1,1,-1,1,-1,1,-1,1,1,1,-1,-1,1,1,1,1,1,-1,1,-1,-1,1,-1,1,-1,1,1,1,1,1,1,1,1,1,-1,1,-1,1,-1,1,1,-1,1,-1,1,1,-1,1,-1,1,-1,1,-1,1,1,-1,1,-1,1,1,1,1,-1,-1,1,1,-1,-1,1,-1,1,-1,-1,1,-1,1,-1,1,-1,1,-1,1,1,-1,-1,-1,1,1,-1,1,-1,1,1,1,-1,1,1,-1,1,-1,1,-1,1,-1,1,-1,1,1,-1,1,-1,-1,-1,1,1,-1,1,-1,-1,-1,1,1,-1,-1,1,1,-1,-1,1,1,-1,1,1,-1,1,1,1,1,-1,1,-1,1,1,-1,1,-1,1,1,-1,1,1,1,1,1,-1,-1,1,-1,-1,-1,1,1,-1,1,1,1,-1,1,-1,-1,1,1,1,1,1,-1,1,1,1,-1,1,1,-1,1,1,1,-1,1,1,-1,-1,1,1,1,-1,1,-1,1,1,1,-1,1,1,-1,1,1,1,-1,1,-1,-1,1,1,1,-1,1,-1,-1,-1,1,1,-1,1,-1,-1,1,-1,1,-1,1,1,-1,-1,1,1,1,-1,1,-1,-1,1,1,-1,1,-1,1,-1,-1,-1,-1,1,1,-1,-1,1,1,-1,1,1,-1,-1,1,1,1,1,1,-1,1,1,1,-1,1,-1,-1,-1,-1,1,1,-1,1,-1,-1,1,-1,1,-1,-1,-1,1,-1,-1,1,-1,-1,-1,-1,1,-1,1,-1,1,-1,1,1,-1,1,-1,1,-1,-1,1,-1,1,-1,1,1,-1,1,-1,-1,1,1,-1,-1,1,-1,1,1,1,-1,-1,1,-1,1,-1,1,-1,-1,1,-1,1,-1,-1,1,1,1,-1,1,-1,-1,-1,1,-1,1,1,1,-1,1,1,-1,-1,1,-1,-1,-1,1,-1,1,-1,1,-1,-1,1,-1,-1,1,-1,-1,-1,1,1,-1,1,-1,-1,-1,1,1,-1,1,-1,1,-1,1,-1,-1,1,-1,-1,1,1,1,-1,-1,1,-1,1,1,1,-1,-1,1,-1,-1,-1,1,1,-1,1,-1,1,1,-1,1,1,-1,-1,-1,1,-1,-1,-1,1,1,-1,1,-1,1,-1,1,-1,1,1,-1,1,1,1,-1,-1,1,-1,1,-1,1,1,-1,1,-1,-1,1,1,-1,-1,1,-1,-1,-1,1,-1,-1,1,-1,1,1,1,1,-1,1,-1,-1,1,1,-1,-1,1,-1,-1,-1,1,1,-1,-1,1,1,-1,1,-1,-1,1,1,1,1,1,1,-1,-1,1,1,-1,1,-1,-1,1,1,1,1,-1,-1,-1,1,-1,1,1,1,1,-1,-1,1,1,1,-1,-1,-1,-1,1,1,1,1,-1,-1,-1,1,1,1,-1,-1,-1,-1,1,1,1,1,-1,-1,1,1,1,1,1,-1,-1,-1,1,1,1,1,-1,-1,-1,1,1,-1,1,-1,-1,-1,1,1,1,1,-1,-1,1,1,1,1,-1,-1,1,1,-1,1,1,-1,-1,-1,1,1,1,-1,1,-1,1,1,1,1,1,-1,-1,-1,1,-1,1,-1,-1,-1,-1,1,-1,1,1,1,-1,-1,1,-1,1,1,-1,-1,-1,1,1,1,1,-1,-1,-1,1,-1,1,1,-1,-1,-1,1,1,-1,-1,-1,-1,-1,1,-1,1,-1,-1,-1,-1,-1,-1,-1,1,-1,-1,-1,1,-1,-1,1,-1,-1,-1,-1,-1,-1,1,-1,-1,-1,-1,-1,1,-1,-1,-1,1,-1,-1,1,-1,1,-1,-1,-1,-1,-1,-1,-1,1,-1,-1,-1,1,1,-1,-1,-1,1,-1,-1,-1,-1,-1,1,-1,-1,1,1,1,-1,-1,-1,-1,1,-1,1,1,-1,1,-1,-1,1,1,-1,-1,-1,-1,-1,-1,1,1,-1,-1,1,-1,1,1,-1,-1,-1,1,-1,1,1,-1,-1,1,-1,-1,1,1,1,-1,1,-1,1,1,1,-1,-1,1,-1,-1,1,1,1,-1,1,-1,-1,1,1,-1,1,1,-1,-1,1,1,1,1,1,-1,-1,1,1,-1,1,1,-1,-1,1,1,1,1,1,1,-1,1,1,1,-1,1,-1,-1,1,-1,1,1,1,1,-1,-1,1,-1,1,1,1,-1,1,1,1,1,-1,1,-1,1,1,1,1,1,1,1,-1,-1,1,1,1,-1,1,-1,1,1,1,1,1,-1,1,1,1,1,-1,1,1,-1,1,1,-1,1,1,-1,-1,1,1,1,1,-1,1,-1,1,1,1,-1,-1,1,-1,1,1,1,-1,1,-1,-1,-1,1,1,-1,-1,1,-1,-1,1,1,1,-1,1,-1,1,1,1,1,-1,-1,-1,-1,1,1,-1,-1,-1,1,1,-1,1,-1,1,1,-1,1,1,-1,-1,1,1,-1,-1,-1,1,-1,1,1,1,1,1,-1,-1,-1,-1,-1,-1,-1,-1,-1,-1,1,1,1,1,-1,1,1,-1,1,1,1,1,-1,1,-1,1,1,1,1,-1,1,-1,1,1,1,1,-1,1,-1,1,1,1,1,-1,1,-1,1,1,1,-1,-1,1,-1,1,1,1,-1,-1,-1,1,-1,1,1,1,-1,1,-1,1,1,-2676.0,1,2000,445,1000,False
30,1,1,-1,-1,1,-1,1,-1,1,1,1,-1,1,1,1,1,-1,1,-1,-1,1,-1,1,1,1,-1,-1,-1,1,1,1,1,1,-1,-1,-1,1,1,1,1,-1,-1,-1,1,1,1,1,-1,1,1,1,1,-1,1,-1,-1,1,-1,1,1,1,-1,-1,-1,1,1,1,1,-1,-1,-1,1,1,1,1,-1,-1,-1,1,1,1,-1,-1,-1,1,1,1,1,-1,-1,-1,1,1,1,1,-1,-1,1,1,-1,1,1,-1,-1,1,1,1,1,1,-1,-1,1,1,-1,1,1,-1,-1,1,1,1,1,1,1,-1,1,1,1,-1,1,1,-1,1,1,1,1,1,1,-1,-1,1,1,1,1,1,-1,1,1,1,1,1,1,-1,-1,-1,1,1,1,1,-1,1,1,1,1,-1,1,-1,1,-1,1,1,1,-1,-1,1,1,1,1,1,-1,1,-1,-1,1,-1,1,-1,1,1,1,1,1,1,1,1,1,1,1,-1,1,-1,1,1,-1,1,-1,1,1,-1,1,-1,1,-1,1,-1,1,1,-1,1,-1,1,1,1,1,-1,-1,1,1,-1,-1,1,-1,1,-1,1,1,-1,1,-1,1,-1,1,-1,1,1,-1,-1,-1,1,1,-1,1,-1,1,1,1,-1,1,1,-1,1,-1,1,-1,1,-1,1,-1,1,1,-1,1,-1,-1,-1,1,1,-1,1,-1,-1,-1,1,1,-1,-1,1,1,-1,-1,1,1,-1,1,1,-1,1,1,1,1,-1,1,-1,1,1,-1,1,-1,1,1,-1,1,1,1,1,1,-1,-1,1,-1,-1,-1,1,1,-1,1,1,1,-1,1,-1,-1,1,1,1,1,1,-1,1,1,1,-1,1,1,-1,1,1,1,-1,1,1,-1,-1,1,1,1,-1,1,-1,1,1,1,-1,1,1,-1,1,1,1,-1,1,-1,-1,1,1,1,-1,1,-1,-1,-1,1,1,1,1,-1,-1,1,-1,1,-1,1,1,-1,-1,1,1,1,-1,1,-1,-1,1,1,-1,1,-1,1,-1,-1,-1,-1,1,1,1,-1,1,1,-1,1,1,-1,-1,1,1,-1,1,1,-1,1,1,1,1,1,-1,-1,-1,-1,1,-1,-1,1,-1,-1,1,-1,-1,1,-1,-1,-1,-1,-1,1,-1,-1,-1,1,-1,1,-1,1,1,1,1,1,-1,1,-1,1,-1,-1,1,-1,-1,-1,1,1,-1,1,-1,-1,1,1,-1,-1,1,-1,1,-1,1,-1,-1,1,-1,-1,1,1,-1,1,1,-1,-1,-1,-1,-1,1,1,-1,-1,1,-1,-1,1,-1,1,-1,1,-1,1,1,-1,-1,-1,-1,-1,-1,1,-1,1,-1,1,-1,-1,1,-1,-1,1,-1,-1,-1,1,1,-1,1,-1,-1,-1,1,1,-1,-1,-1,1,-1,1,-1,-1,1,-1,-1,1,1,1,-1,-1,-1,-1,1,-1,1,-1,-1,1,-1,-1,1,1,1,-1,1,-1,1,-1,-1,1,1,-1,-1,-1,1,-1,-1,-1,1,1,-1,1,-1,1,-1,1,-1,1,1,-1,1,1,1,-1,-1,1,-1,1,-1,1,1,-1,1,-1,-1,1,1,-1,-1,1,-1,-1,-1,1,-1,-1,1,-1,1,1,1,1,-1,1,-1,-1,1,1,-1,-1,1,-1,-1,-1,1,1,-1,-1,1,1,-1,-1,-1,-1,1,1,1,-1,1,1,-1,-1,1,1,-1,1,-1,-1,1,1,1,1,-1,1,-1,1,-1,1,1,1,1,-1,-1,1,1,1,-1,-1,-1,-1,1,1,1,1,-1,-1,-1,1,1,1,-1,-1,-1,-1,1,1,1,1,-1,-1,1,1,1,1,1,-1,-1,-1,1,1,1,1,-1,-1,-1,1,1,-1,1,-1,-1,-1,1,1,1,1,-1,-1,1,1,1,1,1,-1,1,1,-1,1,1,-1,-1,-1,1,1,1,-1,1,-1,1,1,1,1,1,1,-1,-1,1,-1,1,-1,1,-1,-1,1,-1,1,-1,-1,-1,-1,1,-1,1,1,-1,-1,-1,1,1,1,-1,1,-1,-1,1,-1,1,-1,-1,-1,-1,1,1,-1,-1,-1,-1,-1,1,-1,1,-1,-1,-1,-1,-1,-1,-1,1,-1,-1,-1,1,-1,-1,1,-1,-1,-1,-1,-1,1,1,-1,-1,-1,-1,-1,1,-1,-1,-1,1,-1,-1,1,-1,1,-1,-1,-1,-1,-1,-1,-1,1,-1,-1,-1,1,1,1,-1,-1,-1,1,-1,-1,-1,-1,1,-1,-1,1,-1,1,-1,-1,-1,-1,1,-1,1,1,-1,1,-1,-1,1,1,-1,-1,-1,-1,-1,-1,1,1,-1,-1,1,-1,1,1,-1,-1,-1,1,-1,-1,1,-1,-1,1,-1,-1,1,1,1,-1,1,-1,1,1,1,-1,-1,1,-1,-1,1,1,1,-1,1,-1,-1,1,1,-1,1,1,-1,-1,1,1,-1,1,1,-1,-1,1,1,1,1,1,-1,-1,1,1,1,1,1,1,-1,1,1,1,-1,1,-1,-1,1,-1,1,1,1,1,-1,-1,1,-1,1,1,1,-1,1,1,1,1,-1,1,-1,1,1,1,1,1,1,1,-1,1,1,1,1,-1,1,-1,1,1,1,1,1,1,1,1,1,1,-1,1,-1,1,1,1,-1,1,1,1,1,1,1,1,1,-1,1,1,1,1,1,-1,-1,1,-1,1,1,1,-1,1,-1,1,1,1,1,-1,-1,1,1,-1,1,1,-1,-1,1,1,-1,1,1,1,-1,1,-1,1,1,1,-1,-1,-1,-1,1,-1,1,-1,1,1,1,1,1,-1,-1,1,1,1,1,1,1,-1,1,-1,1,1,1,-1,-1,-1,-1,-1,-1,-1,-1,-1,-1,-1,1,1,1,-1,1,1,-1,-1,1,1,1,-1,1,-1,1,1,1,1,-1,1,-1,1,1,1,1,-1,1,-1,1,1,1,1,-1,1,-1,1,-1,-1,-1,-1,1,-1,-1,1,1,-1,-1,-1,-1,1,1,-1,1,-1,1,-1,-1,1,-2676.0,1,2000,445,1500,False
31,1,1,-1,-1,1,1,-1,-1,1,1,1,-1,1,1,1,1,-1,1,1,-1,-1,-1,1,1,1,1,-1,-1,1,1,1,1,-1,-1,-1,-1,1,-1,1,1,-1,-1,-1,1,1,1,1,-1,1,1,1,1,-1,1,-1,-1,1,-1,1,1,1,-1,-1,-1,1,1,1,1,-1,-1,-1,1,1,1,1,-1,-1,-1,1,1,1,-1,-1,-1,1,1,1,1,-1,-1,-1,1,1,1,1,-1,-1,1,1,-1,1,1,-1,-1,1,1,1,1,1,-1,-1,-1,1,1,1,1,-1,-1,1,1,1,1,1,1,-1,-1,1,1,-1,1,1,-1,1,1,1,1,1,1,-1,1,1,1,1,1,1,-1,1,1,1,1,1,1,-1,-1,-1,1,1,1,1,-1,1,1,1,1,-1,1,-1,1,-1,1,1,1,-1,-1,1,1,1,1,1,-1,1,-1,-1,1,-1,1,-1,1,1,1,1,1,1,1,1,1,-1,1,-1,1,-1,1,1,-1,1,-1,1,1,-1,1,-1,1,-1,1,-1,1,1,-1,1,-1,1,1,1,1,-1,-1,1,1,-1,-1,1,-1,1,-1,-1,1,-1,1,-1,1,-1,1,-1,1,1,-1,-1,-1,1,1,-1,1,-1,1,1,1,-1,1,1,-1,-1,-1,1,-1,1,-1,1,-1,1,1,-1,1,-1,-1,-1,1,1,-1,1,-1,-1,-1,1,1,-1,-1,1,1,-1,-1,1,1,-1,1,1,-1,1,1,1,1,-1,1,-1,1,1,-1,1,-1,1,1,-1,1,1,1,1,1,-1,-1,1,-1,-1,1,1,1,-1,1,1,1,-1,1,-1,-1,1,1,1,1,1,-1,1,1,1,-1,1,1,-1,1,1,1,-1,1,1,-1,-1,1,1,1,-1,1,-1,1,1,1,-1,1,1,-1,1,1,1,-1,1,-1,-1,1,1,1,-1,1,-1,-1,-1,1,1,-1,1,-1,-1,1,-1,1,-1,1,1,-1,-1,1,1,1,-1,1,-1,-1,1,1,-1,1,-1,1,-1,-1,-1,-1,1,1,-1,-1,1,1,-1,1,1,-1,-1,1,1,1,1,1,-1,1,1,1,-1,1,-1,-1,-1,-1,1,1,-1,1,-1,-1,1,-1,1,-1,-1,-1,-1,-1,-1,1,-1,-1,-1,1,-1,1,1,-1,1,-1,1,1,-1,1,-1,1,-1,-1,1,-1,1,-1,1,1,-1,1,-1,-1,1,1,-1,-1,1,-1,1,1,1,-1,-1,1,-1,1,-1,1,-1,1,1,-1,-1,-1,-1,-1,1,1,-1,1,-1,-1,-1,1,-1,1,1,-1,-1,-1,1,-1,-1,1,-1,-1,-1,1,-1,1,-1,-1,-1,-1,1,-1,-1,1,-1,-1,-1,1,1,-1,1,-1,-1,-1,1,1,-1,-1,-1,1,-1,1,-1,-1,1,-1,-1,1,1,1,-1,-1,1,-1,1,-1,1,-1,-1,1,-1,-1,1,1,1,-1,1,-1,1,-1,1,1,1,-1,-1,-1,1,-1,-1,-1,1,1,-1,1,-1,1,-1,1,-1,1,1,-1,1,1,1,-1,-1,1,-1,1,-1,1,1,-1,1,-1,-1,1,1,-1,-1,1,-1,-1,-1,1,-1,-1,1,-1,1,1,1,1,-1,1,-1,-1,1,1,-1,-1,1,-1,-1,-1,1,1,-1,-1,1,1,-1,1,-1,-1,1,1,1,1,1,1,-1,-1,1,1,-1,1,-1,-1,1,1,1,1,-1,-1,-1,1,-1,1,1,1,-1,-1,-1,1,1,1,-1,-1,-1,1,1,1,1,1,-1,-1,-1,1,1,1,-1,-1,-1,-1,1,1,1,1,-1,-1,1,1,1,1,1,-1,-1,-1,1,1,1,1,-1,-1,-1,1,1,-1,1,-1,-1,-1,1,1,1,1,-1,-1,1,1,1,1,1,-1,1,1,-1,1,1,-1,-1,-1,1,1,1,1,1,-1,1,1,1,1,1,1,-1,-1,1,-1,1,-1,1,-1,-1,1,-1,1,-1,-1,-1,-1,1,-1,1,1,-1,1,-1,1,1,1,-1,1,1,-1,1,-1,1,-1,-1,-1,-1,1,1,-1,-1,-1,-1,-1,1,-1,1,-1,-1,-1,-1,-1,-1,-1,1,-1,-1,-1,1,-1,-1,1,-1,-1,-1,-1,-1,-1,1,-1,-1,-1,-1,-1,1,-1,-1,-1,1,-1,-1,1,-1,1,-1,-1,-1,-1,-1,-1,-1,1,-1,-1,-1,1,1,1,-1,-1,1,-1,-1,-1,-1,-1,1,-1,-1,1,1,1,-1,-1,-1,-1,1,-1,1,1,-1,1,-1,-1,1,1,-1,-1,-1,-1,-1,-1,1,1,-1,-1,1,-1,1,1,-1,-1,-1,1,-1,1,1,-1,-1,1,-1,-1,1,1,1,-1,1,-1,1,1,1,-1,-1,1,-1,-1,1,1,1,-1,1,-1,-1,1,1,-1,1,1,-1,-1,1,1,-1,1,1,-1,-1,1,1,-1,1,1,-1,-1,1,1,1,1,1,1,-1,1,1,-1,1,1,-1,-1,1,-1,1,1,1,1,-1,-1,1,-1,1,1,1,-1,1,1,1,1,-1,1,-1,1,1,1,1,1,1,1,-1,1,1,1,1,-1,1,-1,1,1,1,1,1,-1,1,1,1,1,-1,1,1,-1,1,1,-1,1,1,-1,-1,1,1,1,1,-1,1,-1,1,1,1,-1,-1,1,-1,1,1,1,-1,1,-1,-1,-1,1,1,-1,-1,1,-1,-1,1,1,-1,-1,1,-1,1,1,1,1,-1,1,-1,-1,1,1,-1,-1,-1,1,1,1,1,-1,1,1,-1,1,1,-1,-1,1,1,-1,-1,1,1,-1,1,1,1,1,1,-1,-1,-1,-1,1,-1,-1,-1,-1,-1,1,1,1,1,-1,1,1,-1,1,1,1,1,-1,1,-1,1,1,1,-1,-1,1,-1,1,1,1,-1,-1,1,-1,1,1,1,-1,-1,1,-1,1,1,1,1,-1,1,-1,1,1,1,-1,-1,-1,1,-1,1,-1,1,-1,1,-1,1,1,-2676.0,1,2000,445,1000,False
32,1,1,-1,-1,1,-1,-1,-1,1,1,1,-1,1,1,1,1,-1,1,-1,-1,-1,-1,1,1,1,-1,-1,-1,1,1,1,1,-1,-1,-1,-1,1,1,1,1,-1,-1,-1,1,1,1,1,-1,1,1,1,1,-1,1,-1,-1,1,-1,1,1,1,-1,-1,-1,1,1,1,1,-1,-1,-1,1,1,1,1,-1,-1,-1,1,1,1,-1,-1,-1,1,1,1,1,-1,-1,1,1,1,1,1,-1,-1,-1,1,-1,1,1,-1,-1,1,1,1,1,1,-1,-1,-1,1,-1,1,1,-1,-1,1,1,1,1,1,1,-1,-1,1,1,-1,1,1,-1,1,1,1,1,1,1,-1,1,1,1,1,1,1,-1,1,1,1,1,1,1,-1,-1,-1,1,1,1,1,-1,1,1,1,1,-1,1,-1,1,-1,1,1,1,-1,-1,1,1,1,1,1,-1,1,-1,-1,1,-1,1,-1,1,1,1,1,1,1,1,1,1,1,1,-1,1,-1,1,1,-1,1,-1,1,1,-1,1,-1,1,-1,1,-1,1,1,-1,-1,-1,1,1,1,1,-1,-1,1,1,-1,-1,1,-1,1,-1,-1,1,-1,1,-1,1,-1,1,-1,-1,1,-1,-1,-1,1,1,-1,1,-1,1,1,1,-1,1,1,-1,1,-1,1,-1,1,-1,1,-1,1,1,-1,1,-1,-1,-1,1,1,-1,1,-1,-1,-1,1,1,-1,-1,1,1,-1,-1,1,1,-1,1,1,-1,1,1,1,1,-1,1,-1,1,1,-1,1,-1,1,1,-1,1,1,1,1,1,-1,-1,1,-1,-1,-1,1,1,-1,1,1,1,-1,1,-1,-1,1,1,1,1,1,-1,1,1,1,-1,1,1,-1,1,1,1,-1,1,1,-1,-1,1,1,1,-1,1,-1,1,1,1,-1,1,1,-1,1,1,1,-1,1,-1,-1,1,1,1,-1,1,-1,-1,-1,1,1,-1,1,-1,-1,1,-1,1,-1,1,1,-1,-1,1,1,1,-1,1,-1,-1,1,1,-1,1,-1,1,-1,-1,-1,-1,1,1,-1,-1,1,1,-1,1,1,-1,-1,1,1,1,1,1,-1,1,1,1,-1,1,-1,-1,-1,-1,1,1,-1,1,-1,-1,1,-1,1,-1,-1,-1,-1,-1,-1,1,-1,-1,-1,1,-1,1,1,-1,1,1,1,1,-1,1,-1,1,-1,-1,1,-1,1,-1,1,1,-1,1,-1,-1,1,1,-1,-1,1,-1,1,1,1,-1,-1,1,-1,1,-1,1,-1,1,1,-1,1,-1,-1,-1,1,1,-1,1,-1,-1,-1,1,-1,1,1,-1,-1,-1,1,-1,-1,1,-1,-1,-1,1,-1,1,-1,-1,-1,-1,1,-1,-1,1,-1,-1,-1,1,1,-1,1,-1,-1,-1,1,1,-1,-1,-1,1,-1,1,-1,-1,1,-1,-1,1,-1,1,-1,-1,1,-1,1,-1,1,-1,-1,1,-1,-1,1,1,1,-1,1,-1,1,-1,-1,1,1,-1,-1,-1,1,-1,-1,-1,1,1,-1,1,-1,1,-1,1,-1,1,1,-1,1,1,1,-1,-1,1,-1,1,-1,1,1,-1,1,-1,-1,1,1,-1,-1,1,-1,-1,-1,1,-1,-1,1,-1,1,1,1,1,-1,1,-1,-1,1,1,-1,-1,1,-1,-1,-1,1,1,-1,-1,1,1,-1,1,-1,-1,1,1,1,-1,1,1,-1,-1,1,1,-1,1,-1,-1,1,1,1,1,-1,1,-1,1,-1,1,1,1,1,-1,-1,1,1,1,-1,-1,-1,-1,1,1,1,1,-1,-1,-1,1,1,1,-1,-1,-1,-1,1,1,1,1,-1,-1,-1,1,1,1,1,-1,-1,1,1,1,1,1,-1,-1,-1,1,1,-1,1,-1,-1,-1,1,1,1,1,-1,-1,1,1,1,1,1,-1,1,1,-1,1,1,-1,-1,-1,1,1,1,-1,1,-1,1,1,1,1,1,1,-1,-1,1,-1,1,-1,1,-1,-1,1,-1,1,-1,-1,-1,-1,1,-1,1,1,-1,-1,-1,1,1,1,-1,1,-1,-1,1,-1,1,-1,-1,-1,-1,1,1,-1,-1,-1,-1,-1,1,-1,1,-1,-1,-1,-1,-1,-1,-1,1,-1,-1,-1,1,-1,-1,1,-1,-1,-1,-1,-1,1,1,-1,-1,-1,-1,-1,1,-1,-1,-1,1,-1,-1,1,-1,1,-1,-1,-1,-1,-1,-1,-1,1,-1,-1,-1,1,1,-1,-1,-1,1,1,-1,-1,-1,-1,1,-1,-1,1,1,1,-1,-1,-1,-1,1,-1,1,1,-1,1,-1,-1,1,1,-1,-1,-1,-1,-1,-1,1,1,-1,-1,1,-1,1,1,-1,-1,-1,1,-1,-1,1,-1,-1,1,-1,-1,1,1,1,-1,1,-1,1,1,1,-1,-1,1,-1,-1,1,1,1,-1,1,-1,-1,1,1,-1,1,1,-1,-1,1,1,-1,1,1,-1,-1,1,1,-1,1,1,-1,-1,1,1,1,1,-1,1,-1,1,1,1,1,1,-1,-1,1,-1,1,1,1,1,-1,-1,1,-1,1,1,1,-1,1,1,1,1,-1,1,-1,1,1,1,1,1,1,1,-1,-1,1,1,1,-1,1,-1,1,1,1,1,1,-1,1,1,1,1,-1,1,1,-1,1,1,-1,1,1,-1,-1,1,1,1,1,-1,1,-1,1,1,1,-1,-1,1,-1,1,1,1,-1,1,-1,-1,-1,1,1,-1,-1,1,-1,-1,1,1,-1,-1,1,-1,1,1,1,1,-1,-1,-1,-1,1,1,-1,-1,-1,1,1,-1,1,-1,1,1,-1,1,1,-1,-1,1,1,-1,-1,1,1,-1,1,1,1,1,1,-1,-1,-1,-1,-1,-1,-1,-1,-1,-1,1,1,1,1,-1,1,1,-1,1,1,1,1,-1,1,-1,1,1,1,-1,-1,1,-1,1,1,1,-1,-1,1,-1,1,1,1,-1,-1,1,-1,1,1,1,1,-1,1,-1,1,1,1,1,-1,-1,1,-1,1,1,1,-1,1,-1,1,1,-2676.0,1,2000,445,1500,False
33,1,1,-1,-1,1,-1,-1,-1,1,1,1,-1,1,1,1,1,-1,1,-1,-1,-1,-1,1,1,1,-1,-1,-1,1,1,1,1,-1,-1,-1,-1,1,1,1,1,-1,-1,-1,1,1,1,1,-1,1,1,1,1,-1,1,-1,-1,1,-1,1,1,1,-1,-1,-1,1,1,1,1,-1,-1,-1,1,1,1,1,-1,-1,-1,1,1,1,-1,-1,-1,1,1,1,1,-1,-1,1,1,1,1,1,-1,-1,-1,1,-1,1,1,-1,-1,1,1,1,1,1,-1,-1,-1,1,1,1,1,-1,-1,1,1,1,1,1,1,-1,-1,1,1,-1,1,1,-1,1,1,1,1,1,1,-1,1,1,1,1,1,1,-1,1,1,1,1,1,1,-1,-1,-1,1,1,1,1,-1,1,1,1,1,-1,1,-1,1,-1,1,1,1,-1,-1,1,1,1,1,1,-1,1,-1,-1,1,-1,1,-1,1,1,1,1,1,1,1,1,1,1,1,-1,1,-1,1,1,-1,1,-1,1,1,-1,1,-1,1,-1,1,-1,1,1,-1,1,-1,1,1,1,1,-1,-1,1,1,-1,-1,1,-1,1,-1,-1,1,-1,1,-1,1,-1,1,-1,-1,1,-1,-1,-1,1,1,-1,1,-1,1,1,1,-1,1,1,-1,-1,-1,1,-1,1,-1,1,-1,1,1,-1,1,-1,-1,-1,1,1,-1,1,-1,-1,-1,1,1,-1,-1,1,1,-1,-1,1,1,-1,1,1,-1,1,1,1,1,-1,1,-1,1,1,-1,1,-1,1,1,-1,1,1,1,1,1,-1,-1,1,-1,-1,-1,1,1,-1,1,1,1,-1,1,-1,-1,1,1,1,1,1,-1,1,1,1,-1,1,1,-1,1,1,1,-1,1,1,-1,-1,1,1,1,-1,1,-1,1,1,1,-1,1,1,-1,1,1,1,-1,1,-1,-1,1,1,1,-1,1,-1,-1,-1,1,1,-1,1,-1,-1,1,-1,1,-1,1,1,-1,-1,1,1,1,-1,1,-1,-1,1,1,-1,1,-1,1,-1,-1,-1,-1,1,1,-1,-1,1,1,-1,1,1,-1,-1,1,1,1,1,1,-1,1,1,1,-1,1,-1,-1,-1,-1,1,1,-1,1,-1,-1,1,-1,1,-1,-1,-1,-1,-1,-1,1,-1,-1,-1,1,-1,1,1,-1,1,-1,1,1,-1,1,-1,1,-1,-1,1,-1,1,-1,1,1,-1,1,-1,-1,1,1,-1,-1,1,-1,1,1,1,-1,-1,1,-1,1,-1,1,-1,1,1,-1,1,-1,-1,-1,1,1,-1,1,-1,-1,-1,1,-1,1,1,1,-1,1,1,-1,-1,1,-1,-1,-1,1,-1,1,-1,-1,-1,-1,1,-1,-1,1,-1,-1,-1,1,1,-1,1,-1,-1,-1,1,1,-1,1,-1,1,-1,1,-1,-1,1,-1,-1,1,-1,1,-1,-1,1,-1,1,-1,1,1,-1,1,-1,-1,1,1,1,-1,1,-1,1,-1,-1,-1,1,-1,-1,-1,1,-1,-1,-1,1,1,-1,1,-1,1,-1,1,-1,1,1,-1,1,1,1,-1,-1,1,-1,1,-1,1,1,-1,1,-1,-1,1,1,-1,-1,1,-1,-1,-1,1,-1,-1,1,-1,1,1,1,1,-1,1,-1,-1,1,1,-1,-1,1,-1,-1,-1,1,1,-1,-1,1,1,-1,-1,-1,-1,1,1,1,1,1,1,-1,-1,1,1,-1,1,-1,-1,1,1,1,1,-1,-1,-1,1,-1,1,1,1,1,-1,-1,1,1,1,-1,-1,-1,1,1,1,1,1,-1,-1,-1,1,1,1,-1,-1,-1,-1,1,1,1,1,-1,-1,1,1,1,1,1,-1,-1,-1,1,1,1,1,-1,-1,-1,1,1,-1,1,-1,-1,-1,1,1,1,1,-1,-1,1,1,1,1,1,-1,1,1,-1,1,1,-1,-1,-1,1,1,1,-1,1,-1,1,1,1,1,1,1,-1,-1,1,-1,1,-1,1,-1,-1,1,-1,1,1,-1,-1,-1,1,-1,1,1,-1,-1,-1,1,1,1,-1,1,-1,-1,1,-1,1,-1,-1,-1,-1,1,1,-1,-1,-1,-1,-1,1,-1,1,-1,-1,-1,-1,-1,-1,-1,1,-1,-1,-1,1,-1,-1,1,-1,-1,-1,-1,-1,-1,1,-1,-1,-1,-1,-1,1,-1,-1,-1,1,-1,-1,1,-1,1,-1,-1,-1,-1,-1,-1,-1,1,-1,-1,-1,1,1,1,-1,-1,1,-1,-1,-1,-1,-1,1,-1,-1,1,-1,1,-1,-1,-1,-1,1,-1,1,1,-1,1,-1,-1,1,1,-1,-1,-1,-1,-1,-1,1,1,-1,-1,1,-1,1,1,-1,-1,-1,1,-1,1,1,-1,-1,1,-1,-1,1,1,1,-1,1,-1,1,1,1,-1,-1,1,-1,-1,1,1,1,-1,1,-1,-1,1,1,-1,1,1,-1,-1,1,1,-1,1,1,-1,-1,1,1,-1,1,1,-1,-1,1,1,1,1,-1,1,-1,1,1,1,1,1,-1,-1,1,-1,1,1,1,1,-1,-1,1,-1,1,1,1,-1,1,1,1,1,-1,1,-1,1,1,1,1,1,1,1,-1,-1,1,1,1,-1,1,-1,1,1,1,1,1,-1,1,1,1,1,-1,1,1,-1,1,1,-1,1,1,-1,-1,-1,1,1,1,-1,1,-1,1,1,1,-1,-1,1,-1,1,1,1,-1,1,-1,-1,-1,1,1,-1,-1,1,-1,-1,1,1,1,-1,1,-1,1,1,1,1,-1,1,-1,-1,1,1,-1,-1,-1,1,1,-1,1,-1,1,1,-1,1,1,-1,-1,1,1,-1,-1,1,1,-1,1,1,1,1,1,-1,-1,-1,-1,-1,-1,-1,-1,-1,-1,1,1,1,1,-1,1,1,-1,1,1,1,1,-1,1,-1,1,1,1,-1,-1,1,-1,1,1,1,-1,-1,1,-1,1,1,1,-1,-1,1,-1,1,1,1,1,-1,1,-1,1,1,1,1,-1,-1,1,-1,1,-1,1,-1,1,-1,1,1,-2676.0,1,2000,445,1500,False
34,1,1,-1,-1,1,-1,-1,-1,1,1,1,-1,1,1,1,1,-1,1,-1,-1,-1,-1,1,1,1,-1,-1,-1,1,1,1,1,1,-1,-1,-1,1,-1,1,1,-1,-1,-1,1,1,1,1,-1,1,1,1,1,-1,1,-1,-1,1,-1,1,1,1,-1,-1,-1,1,1,1,1,-1,-1,-1,1,1,1,1,-1,-1,-1,1,1,1,-1,-1,-1,1,1,1,1,-1,-1,-1,1,1,1,1,-1,-1,1,1,-1,1,1,-1,-1,1,1,1,1,1,-1,-1,-1,1,1,1,1,-1,-1,1,1,1,1,1,1,-1,-1,1,1,-1,1,1,-1,1,1,1,1,1,1,-1,1,1,1,1,1,1,-1,1,1,1,1,1,1,-1,-1,-1,1,1,1,1,-1,1,1,1,1,-1,1,-1,1,-1,1,1,1,-1,-1,1,1,1,1,1,-1,1,-1,-1,1,-1,1,-1,1,1,1,1,1,1,1,1,1,-1,1,-1,1,-1,1,1,-1,1,-1,1,1,-1,1,-1,1,-1,1,-1,1,1,-1,-1,-1,1,1,1,1,-1,-1,1,1,-1,-1,1,-1,1,-1,-1,1,-1,1,-1,1,-1,1,-1,1,1,-1,-1,-1,1,1,-1,1,-1,1,1,1,-1,1,1,-1,1,-1,1,-1,1,-1,1,-1,1,1,-1,1,-1,-1,-1,1,1,-1,1,-1,-1,-1,1,1,-1,-1,1,1,-1,-1,1,1,-1,1,1,-1,1,1,1,1,-1,1,-1,1,1,-1,1,-1,1,1,-1,1,1,1,1,1,-1,-1,1,-1,-1,-1,1,1,-1,1,1,1,-1,1,-1,-1,1,1,1,1,1,-1,1,1,1,-1,1,1,-1,1,1,1,-1,1,1,-1,-1,1,1,1,-1,1,-1,1,1,1,-1,1,1,-1,1,1,1,-1,1,-1,-1,1,1,1,-1,1,-1,-1,-1,1,1,-1,1,-1,-1,1,-1,1,-1,1,1,-1,-1,1,1,1,-1,1,-1,-1,1,1,-1,1,-1,1,-1,-1,-1,-1,1,1,-1,-1,1,1,-1,1,1,-1,-1,1,1,1,1,1,-1,1,1,1,-1,1,-1,-1,-1,-1,1,1,-1,1,-1,-1,1,-1,1,-1,-1,-1,-1,-1,-1,1,-1,-1,-1,1,-1,1,1,-1,1,-1,1,1,-1,1,-1,1,-1,-1,1,-1,1,-1,1,1,-1,1,-1,-1,1,1,-1,-1,1,-1,1,1,1,-1,-1,1,-1,1,-1,1,-1,1,1,-1,1,-1,-1,-1,1,1,-1,1,-1,-1,-1,1,-1,1,1,1,-1,1,1,-1,-1,1,-1,-1,-1,1,-1,1,-1,1,-1,-1,1,-1,-1,1,-1,-1,-1,1,1,-1,1,-1,-1,-1,1,1,-1,1,-1,1,-1,1,-1,-1,1,-1,-1,1,-1,1,-1,-1,1,-1,1,-1,1,-1,-1,1,-1,-1,1,1,1,-1,1,-1,1,-1,1,-1,1,-1,-1,-1,1,-1,-1,-1,1,1,-1,1,-1,1,-1,1,-1,1,1,-1,1,1,1,-1,-1,1,-1,1,-1,1,1,-1,1,-1,-1,1,1,-1,-1,1,-1,-1,-1,1,-1,-1,1,-1,1,1,1,1,-1,1,-1,-1,1,1,-1,-1,1,-1,-1,-1,1,1,-1,-1,1,1,-1,1,-1,-1,1,1,1,1,1,1,-1,-1,1,1,-1,1,-1,-1,1,1,1,1,-1,-1,-1,1,-1,1,1,1,-1,-1,-1,1,1,1,-1,-1,-1,-1,1,1,1,1,-1,-1,-1,1,1,1,-1,-1,-1,-1,1,1,1,1,-1,-1,-1,1,1,1,1,-1,-1,1,1,1,1,1,-1,-1,-1,1,1,-1,1,-1,-1,-1,1,1,1,1,-1,-1,1,1,1,1,1,-1,1,1,-1,1,1,-1,-1,-1,1,1,1,-1,1,-1,1,1,1,1,1,1,-1,-1,1,-1,1,-1,1,-1,-1,1,-1,1,1,-1,-1,-1,1,-1,1,1,-1,1,-1,1,1,1,-1,1,1,-1,1,-1,1,-1,-1,-1,-1,1,1,-1,-1,-1,-1,-1,1,-1,1,-1,-1,-1,-1,-1,-1,-1,1,-1,-1,-1,1,-1,-1,1,-1,-1,-1,-1,-1,1,1,-1,-1,-1,-1,-1,1,-1,-1,-1,1,-1,-1,1,-1,1,-1,-1,-1,-1,-1,-1,-1,1,-1,-1,-1,1,1,-1,-1,-1,1,-1,-1,-1,-1,-1,1,-1,-1,1,-1,1,-1,-1,-1,-1,1,-1,1,1,-1,1,-1,-1,1,1,-1,-1,-1,-1,-1,-1,1,1,-1,-1,1,-1,1,1,-1,-1,-1,1,-1,1,1,-1,-1,1,-1,-1,1,1,1,-1,1,-1,1,1,1,-1,-1,1,-1,-1,1,1,1,-1,1,-1,-1,1,1,-1,1,1,-1,-1,1,1,-1,1,1,-1,-1,1,1,1,1,1,-1,-1,1,1,1,1,1,1,-1,1,1,1,1,1,-1,-1,1,-1,1,1,1,1,-1,-1,1,-1,1,1,1,-1,1,1,1,1,-1,1,-1,1,1,1,1,1,1,1,-1,-1,1,1,1,-1,1,-1,1,1,1,1,1,-1,1,1,1,1,-1,1,1,-1,-1,1,-1,1,1,-1,-1,1,1,1,1,-1,1,-1,1,1,1,-1,-1,1,-1,1,1,1,-1,1,-1,-1,-1,1,1,-1,-1,1,-1,-1,1,1,-1,-1,1,-1,1,1,1,1,-1,1,-1,-1,1,1,-1,-1,-1,1,1,-1,1,-1,1,1,-1,1,1,-1,-1,1,1,-1,-1,1,1,-1,1,1,1,1,1,-1,-1,-1,-1,-1,-1,-1,-1,-1,-1,1,1,1,1,-1,1,1,-1,1,1,1,1,-1,1,-1,1,1,1,-1,-1,1,-1,1,1,1,-1,-1,1,-1,1,1,1,-1,-1,1,-1,1,-1,1,1,-1,1,-1,1,1,1,-1,-1,-1,1,-1,1,1,1,-1,1,-1,1,1,-2676.0,1,2000,445,1500,False
35,1,1,-1,-1,1,-1,-1,-1,1,1,1,-1,1,1,1,1,-1,1,-1,-1,1,-1,1,1,1,-1,1,-1,1,1,1,1,-1,-1,-1,-1,1,-1,1,1,-1,-1,-1,1,1,1,1,-1,1,1,1,1,-1,1,-1,-1,1,-1,1,1,1,-1,-1,-1,1,1,1,1,-1,-1,-1,1,1,1,1,-1,-1,-1,1,1,1,-1,-1,-1,1,1,1,1,-1,-1,-1,1,1,1,1,-1,-1,1,1,-1,1,1,-1,-1,1,1,1,1,1,-1,-1,1,1,1,1,1,-1,-1,1,1,1,1,1,1,-1,1,1,1,-1,1,1,-1,1,1,1,1,1,1,-1,-1,1,1,1,1,1,-1,1,1,1,1,1,1,-1,-1,-1,1,1,1,1,-1,1,1,1,1,-1,1,-1,1,-1,1,1,1,-1,-1,1,1,1,1,1,-1,1,-1,-1,1,-1,1,-1,1,1,1,1,1,1,1,1,1,-1,1,-1,1,-1,1,1,-1,1,-1,1,1,-1,1,-1,1,-1,1,-1,1,1,-1,-1,-1,1,1,1,1,-1,-1,1,1,-1,-1,1,-1,1,-1,1,1,-1,1,-1,1,-1,1,-1,1,1,-1,-1,-1,1,1,-1,1,-1,1,1,1,-1,1,1,-1,1,-1,1,-1,1,-1,1,-1,1,1,-1,1,-1,-1,-1,1,1,-1,1,-1,-1,-1,1,1,-1,-1,1,1,-1,-1,1,1,-1,1,1,-1,1,1,1,1,-1,1,-1,1,1,-1,1,-1,1,1,-1,1,1,1,1,1,-1,-1,1,-1,-1,-1,1,1,-1,1,1,1,-1,1,-1,-1,1,1,1,1,1,-1,1,1,1,-1,1,1,-1,1,1,1,-1,1,1,-1,-1,1,1,1,-1,1,-1,1,1,1,-1,1,1,-1,1,1,1,-1,1,-1,-1,1,1,1,-1,1,-1,-1,-1,1,1,-1,1,-1,-1,1,-1,1,-1,1,1,-1,-1,1,1,1,-1,1,-1,-1,1,1,-1,1,-1,1,-1,-1,-1,-1,1,1,-1,-1,1,1,-1,1,1,-1,-1,1,1,1,1,1,-1,1,1,1,-1,1,-1,-1,-1,-1,1,1,-1,1,-1,-1,1,-1,1,-1,-1,-1,-1,-1,-1,1,-1,-1,-1,1,-1,1,1,-1,1,1,1,1,-1,1,-1,1,-1,-1,1,-1,1,-1,1,1,-1,1,-1,-1,1,1,-1,-1,1,-1,1,1,1,-1,-1,1,-1,1,-1,1,-1,1,1,-1,1,-1,-1,-1,1,1,-1,1,-1,-1,-1,1,-1,1,1,-1,-1,1,1,-1,-1,1,-1,-1,-1,1,-1,1,-1,1,-1,-1,1,-1,-1,1,-1,-1,-1,1,1,-1,1,-1,-1,-1,1,1,-1,-1,-1,1,-1,1,-1,-1,1,-1,-1,1,-1,1,-1,-1,1,-1,1,-1,1,-1,-1,1,-1,-1,1,1,1,-1,1,-1,1,-1,1,-1,1,-1,-1,-1,1,-1,-1,-1,1,1,-1,1,-1,1,-1,1,-1,1,1,-1,1,1,1,-1,-1,1,-1,1,-1,1,1,-1,1,-1,-1,1,1,-1,-1,1,-1,-1,-1,1,-1,-1,1,-1,1,1,1,1,-1,1,-1,-1,1,1,-1,-1,1,-1,-1,-1,1,1,-1,-1,1,1,-1,1,-1,-1,1,1,1,-1,1,1,-1,-1,1,1,-1,1,-1,-1,1,1,1,1,-1,-1,-1,1,-1,1,1,1,-1,-1,-1,1,1,1,-1,-1,-1,-1,1,1,1,1,-1,-1,-1,1,1,1,-1,-1,-1,-1,1,1,1,1,-1,-1,-1,1,1,1,1,-1,-1,1,1,1,1,-1,-1,-1,-1,1,1,-1,1,-1,-1,-1,1,1,1,1,-1,-1,1,1,1,1,1,-1,1,1,-1,1,1,-1,-1,-1,1,1,1,-1,1,-1,1,1,1,1,1,1,-1,-1,1,-1,1,-1,1,-1,-1,1,-1,1,-1,-1,-1,-1,1,-1,1,1,-1,1,-1,1,1,1,-1,1,1,-1,1,-1,1,-1,-1,-1,-1,1,1,-1,-1,-1,-1,-1,1,-1,1,-1,-1,-1,-1,-1,-1,-1,1,-1,-1,-1,1,-1,-1,1,-1,-1,-1,-1,-1,-1,1,-1,-1,-1,-1,-1,1,-1,-1,-1,1,-1,-1,1,-1,1,-1,-1,-1,-1,-1,-1,-1,1,-1,-1,-1,1,1,-1,-1,-1,-1,1,-1,-1,-1,-1,1,-1,-1,1,-1,1,-1,-1,-1,-1,1,-1,1,1,-1,1,-1,-1,1,1,-1,-1,-1,-1,-1,-1,1,1,-1,-1,1,-1,1,1,-1,-1,-1,1,-1,-1,1,-1,-1,1,-1,-1,1,1,1,-1,1,-1,1,1,1,-1,-1,1,-1,-1,1,1,1,-1,1,-1,-1,1,1,-1,1,1,-1,-1,1,1,-1,1,1,-1,-1,1,1,-1,1,1,-1,-1,1,1,1,1,1,1,-1,1,1,1,-1,1,-1,-1,1,-1,1,1,1,1,-1,-1,1,-1,1,1,1,-1,1,1,1,1,-1,1,-1,1,1,1,1,1,1,1,-1,1,1,1,1,-1,1,-1,1,1,1,1,1,-1,1,1,1,1,-1,1,1,-1,1,1,-1,1,1,-1,-1,1,1,1,1,-1,1,-1,1,1,1,-1,-1,1,-1,1,1,1,-1,1,-1,-1,-1,1,1,-1,-1,1,-1,-1,1,1,-1,-1,1,-1,1,1,1,1,-1,1,-1,-1,1,1,-1,-1,-1,1,1,-1,1,-1,1,1,-1,1,1,-1,-1,1,1,-1,-1,1,1,-1,1,1,1,1,1,-1,-1,-1,-1,1,-1,-1,-1,-1,-1,1,1,1,1,-1,1,1,-1,1,1,1,1,-1,1,-1,1,1,1,1,-1,1,-1,1,1,1,1,-1,1,-1,1,1,1,1,-1,1,-1,1,1,-1,-1,-1,1,-1,1,1,1,-1,-1,-1,1,-1,1,-1,1,-1,1,-1,1,1,-2676.0,1,2000,445,500,False
36,1,1,-1,-1,1,1,-1,-1,1,1,1,-1,1,1,1,1,-1,1,1,-1,1,-1,1,1,1,1,-1,-1,1,1,1,1,-1,-1,-1,-1,1,-1,1,1,-1,-1,-1,1,1,1,1,-1,1,1,1,1,-1,1,-1,-1,1,-1,1,1,1,-1,-1,-1,1,1,1,1,-1,-1,-1,1,1,1,1,-1,-1,-1,1,1,1,-1,-1,-1,1,1,1,1,-1,-1,-1,1,1,1,1,-1,-1,1,1,-1,1,1,-1,-1,1,1,1,1,1,-1,-1,1,1,1,1,1,-1,-1,1,1,1,1,1,1,-1,-1,1,1,-1,1,1,-1,1,1,1,1,1,1,-1,-1,1,1,1,1,1,-1,1,1,1,1,1,1,-1,-1,-1,1,1,1,1,-1,1,1,1,1,-1,1,-1,1,-1,1,1,1,-1,-1,1,1,1,1,1,-1,1,-1,-1,1,-1,1,-1,1,1,1,1,1,1,1,1,1,-1,1,-1,1,-1,1,1,-1,1,-1,1,1,-1,1,-1,1,-1,1,-1,1,1,-1,-1,-1,1,1,1,1,-1,-1,1,1,-1,-1,1,-1,1,-1,-1,1,-1,1,-1,1,-1,1,-1,1,1,-1,-1,-1,1,1,-1,1,-1,1,1,1,-1,1,1,-1,1,-1,1,-1,1,-1,1,-1,1,1,-1,1,-1,-1,-1,1,1,-1,1,-1,-1,-1,1,1,-1,-1,1,1,-1,-1,1,1,-1,1,1,-1,1,1,1,1,-1,1,-1,1,1,-1,1,-1,1,1,-1,1,1,1,1,1,-1,-1,1,-1,-1,1,1,1,-1,1,1,1,-1,1,-1,-1,1,1,1,1,1,-1,1,1,1,-1,1,1,-1,1,1,1,-1,1,1,-1,-1,1,1,1,-1,1,-1,1,1,1,-1,1,1,-1,1,1,1,-1,1,-1,-1,1,1,1,-1,1,-1,-1,-1,1,1,-1,1,-1,-1,1,-1,1,-1,1,1,-1,-1,1,1,1,-1,1,-1,-1,1,1,-1,1,-1,1,-1,-1,-1,-1,1,1,-1,-1,1,1,-1,1,1,-1,-1,1,1,1,1,1,-1,1,1,1,-1,1,-1,-1,-1,-1,1,1,-1,1,-1,-1,1,-1,1,-1,-1,-1,-1,-1,-1,1,-1,-1,-1,1,-1,1,1,-1,1,-1,1,1,-1,1,-1,1,-1,-1,1,-1,1,-1,1,1,-1,1,-1,-1,1,1,-1,-1,1,-1,1,1,1,-1,-1,1,-1,1,-1,1,-1,1,1,-1,-1,-1,-1,-1,1,1,-1,1,-1,-1,-1,1,-1,1,1,-1,-1,-1,1,-1,-1,1,-1,-1,-1,1,-1,1,-1,1,-1,-1,1,-1,-1,1,-1,-1,-1,1,1,-1,1,-1,-1,-1,1,1,-1,-1,-1,1,-1,1,-1,-1,1,-1,-1,1,-1,1,-1,-1,1,-1,1,-1,1,-1,-1,1,-1,-1,1,1,1,-1,1,-1,1,-1,-1,1,1,-1,-1,-1,1,-1,-1,-1,1,1,-1,1,-1,1,-1,1,-1,1,1,-1,1,1,1,-1,-1,1,-1,1,-1,1,1,-1,1,-1,-1,1,1,-1,-1,1,-1,-1,-1,1,-1,-1,1,-1,1,1,1,1,-1,1,-1,-1,1,1,-1,-1,1,-1,-1,-1,1,1,-1,-1,1,1,-1,1,-1,-1,1,1,1,1,1,1,-1,-1,1,1,-1,1,-1,-1,1,1,1,1,-1,-1,-1,1,-1,1,1,1,1,-1,-1,1,1,1,-1,-1,-1,1,1,1,1,1,-1,-1,-1,1,1,1,-1,-1,-1,-1,1,1,1,1,-1,-1,-1,1,1,1,1,-1,-1,1,1,1,1,1,-1,-1,-1,1,1,-1,1,-1,-1,-1,1,1,1,1,-1,-1,1,1,1,1,1,-1,1,1,-1,1,1,-1,-1,-1,1,1,1,-1,1,-1,1,1,1,1,1,1,-1,-1,1,-1,1,-1,1,-1,-1,1,-1,1,1,-1,-1,-1,1,-1,1,1,-1,1,-1,1,1,1,-1,1,1,-1,1,-1,1,-1,-1,-1,-1,1,1,-1,-1,-1,-1,-1,1,-1,1,-1,-1,-1,-1,-1,-1,-1,1,-1,-1,-1,1,-1,-1,1,-1,-1,-1,-1,-1,-1,1,-1,-1,-1,-1,-1,1,-1,-1,-1,1,-1,-1,1,-1,1,-1,-1,-1,-1,-1,-1,-1,1,-1,-1,-1,1,1,-1,-1,-1,1,-1,-1,-1,-1,-1,1,-1,-1,1,-1,1,-1,-1,-1,-1,1,-1,1,1,-1,1,-1,-1,1,1,-1,-1,-1,-1,-1,-1,1,1,-1,-1,1,-1,1,1,-1,-1,-1,1,-1,1,1,-1,-1,1,-1,-1,1,1,1,-1,1,-1,1,1,1,-1,-1,1,-1,-1,1,1,1,-1,1,-1,-1,1,1,-1,1,1,-1,-1,1,1,-1,1,1,-1,-1,1,1,-1,1,1,-1,-1,1,1,1,1,1,1,-1,1,1,-1,1,1,-1,-1,1,-1,1,1,1,1,-1,-1,1,-1,1,1,1,-1,1,1,1,1,-1,1,-1,1,1,1,1,1,1,1,-1,1,1,1,1,-1,1,-1,1,1,1,1,1,-1,1,1,1,1,-1,1,1,-1,1,1,-1,1,1,-1,-1,1,1,1,1,-1,1,-1,1,1,1,-1,-1,1,-1,1,1,1,-1,1,-1,-1,-1,1,1,-1,-1,1,-1,-1,1,1,1,-1,1,-1,1,1,1,1,-1,1,-1,-1,1,1,-1,-1,-1,1,1,1,1,-1,1,1,-1,1,1,-1,-1,1,1,-1,-1,1,1,-1,1,1,1,1,1,-1,-1,-1,-1,1,-1,-1,-1,-1,-1,1,1,1,1,-1,1,1,-1,1,1,1,1,-1,1,-1,1,1,1,1,-1,1,-1,1,1,1,1,-1,1,-1,1,1,1,1,-1,1,-1,1,1,-1,-1,-1,1,-1,1,1,1,-1,-1,-1,1,-1,1,-1,1,-1,1,-1,1,1,-2676.0,1,2000,445,1000,False
37,1,1,-1,-1,1,1,-1,-1,1,1,1,-1,-1,1,1,1,-1,1,-1,-1,-1,-1,1,1,1,-1,-1,-1,1,1,1,1,-1,-1,-1,-1,1,-1,1,1,-1,-1,-1,1,1,1,1,-1,1,1,1,1,-1,1,-1,-1,1,-1,1,1,1,-1,-1,-1,1,1,1,1,-1,-1,-1,1,1,1,1,-1,-1,-1,1,1,1,-1,-1,-1,1,1,1,1,-1,-1,-1,1,1,1,1,-1,-1,1,1,-1,1,1,-1,-1,1,1,1,1,1,-1,-1,-1,1,1,1,1,-1,-1,1,1,1,1,1,1,-1,-1,1,1,-1,1,1,-1,1,1,1,1,1,1,-1,1,1,1,1,1,1,-1,1,1,1,1,1,1,-1,-1,-1,1,1,1,1,-1,1,1,1,1,-1,1,-1,1,-1,1,1,1,-1,-1,1,1,1,1,1,-1,1,-1,-1,1,-1,1,-1,1,1,1,1,1,1,1,1,1,-1,1,-1,1,-1,1,1,-1,1,-1,1,1,-1,1,-1,1,-1,1,-1,1,1,-1,1,-1,1,1,1,1,-1,-1,1,1,-1,-1,1,-1,1,-1,-1,1,-1,1,-1,1,-1,1,-1,1,1,-1,-1,-1,1,1,-1,1,-1,1,1,1,-1,1,-1,-1,1,-1,1,-1,1,1,1,-1,1,1,-1,1,-1,-1,-1,1,1,-1,1,-1,-1,-1,1,1,-1,-1,1,1,-1,-1,1,1,-1,1,1,-1,1,1,1,1,-1,1,-1,1,1,-1,1,-1,1,1,-1,1,1,1,1,1,-1,-1,1,-1,-1,-1,1,1,-1,1,1,1,-1,1,-1,-1,1,1,1,1,1,-1,1,1,1,-1,1,1,-1,1,1,1,-1,1,1,-1,-1,1,1,1,-1,1,-1,1,1,1,-1,1,1,-1,1,1,1,-1,1,-1,-1,1,1,1,-1,1,-1,-1,-1,1,1,-1,1,-1,-1,1,-1,1,-1,1,1,-1,-1,1,1,1,-1,1,-1,-1,1,1,-1,1,-1,1,-1,-1,-1,-1,1,1,1,-1,1,1,-1,1,1,-1,-1,1,1,1,1,1,-1,1,1,1,-1,1,-1,-1,-1,-1,1,1,-1,1,-1,-1,1,-1,1,-1,-1,-1,-1,-1,-1,1,-1,-1,-1,1,-1,1,1,-1,1,1,1,1,-1,1,-1,1,-1,-1,1,-1,1,-1,1,1,-1,1,-1,-1,1,1,-1,-1,1,-1,1,1,1,-1,-1,1,-1,1,-1,1,-1,1,1,-1,1,-1,-1,-1,1,1,-1,1,-1,-1,-1,1,-1,1,1,-1,-1,-1,1,-1,-1,1,-1,-1,-1,1,-1,1,-1,1,-1,-1,1,-1,-1,1,-1,-1,-1,1,1,-1,1,-1,-1,-1,1,1,-1,1,-1,1,-1,1,-1,-1,1,-1,-1,1,-1,1,-1,-1,1,-1,1,-1,1,1,-1,1,-1,-1,1,1,1,-1,1,-1,1,-1,-1,-1,1,-1,-1,-1,1,-1,-1,-1,1,1,-1,1,-1,1,-1,1,-1,1,1,-1,1,1,1,-1,-1,1,-1,1,-1,1,1,-1,1,-1,-1,1,1,-1,-1,1,-1,-1,-1,1,-1,-1,1,-1,1,1,1,1,-1,1,-1,-1,1,1,-1,-1,1,-1,-1,-1,1,1,-1,-1,1,1,-1,1,-1,-1,1,1,1,-1,1,1,-1,-1,1,1,-1,1,-1,-1,1,1,1,1,-1,-1,-1,1,-1,1,1,1,-1,-1,-1,1,1,1,-1,-1,-1,-1,1,1,1,1,-1,-1,-1,1,1,1,-1,-1,-1,-1,1,1,1,1,-1,-1,1,1,1,1,1,-1,-1,-1,1,1,1,1,-1,-1,-1,1,1,-1,1,-1,-1,-1,1,1,1,1,-1,-1,1,1,1,1,1,-1,1,1,-1,1,1,-1,-1,-1,1,1,1,-1,1,-1,1,1,1,1,1,1,-1,-1,1,-1,1,-1,1,-1,-1,1,-1,1,-1,-1,-1,-1,1,-1,1,1,-1,1,-1,1,1,1,-1,1,1,-1,1,-1,1,-1,-1,-1,-1,1,1,-1,-1,-1,-1,-1,1,-1,1,-1,-1,-1,-1,-1,-1,-1,1,-1,-1,-1,1,-1,-1,1,-1,-1,-1,-1,-1,1,1,-1,-1,-1,-1,-1,1,-1,-1,-1,1,-1,-1,1,-1,1,-1,-1,-1,-1,-1,-1,-1,1,-1,-1,-1,1,1,1,-1,-1,1,1,-1,-1,-1,-1,1,-1,-1,1,1,1,-1,-1,-1,-1,1,-1,1,1,-1,1,-1,-1,1,1,-1,-1,-1,-1,-1,-1,1,1,-1,-1,1,-1,1,1,-1,-1,-1,1,-1,1,1,-1,-1,1,-1,-1,1,1,1,-1,1,-1,1,1,1,-1,-1,1,-1,-1,1,1,1,-1,1,-1,-1,1,1,-1,1,1,-1,-1,1,1,-1,1,1,-1,-1,1,1,-1,1,1,-1,-1,1,1,1,1,1,1,-1,1,1,1,-1,1,-1,-1,1,-1,1,1,1,1,-1,-1,1,-1,1,1,1,-1,1,1,1,1,-1,1,-1,1,1,1,1,1,1,1,-1,-1,1,1,1,-1,1,-1,1,1,1,1,1,-1,1,1,1,1,-1,1,1,-1,-1,1,-1,1,1,-1,-1,1,1,1,1,-1,1,-1,1,1,1,-1,-1,1,-1,1,1,1,-1,1,-1,-1,-1,1,1,-1,-1,1,-1,-1,1,1,-1,-1,1,-1,1,1,1,1,-1,1,-1,-1,1,1,-1,-1,-1,1,1,1,1,-1,1,1,-1,1,1,-1,-1,1,1,-1,-1,1,1,-1,1,1,1,1,1,-1,-1,-1,-1,1,-1,-1,-1,-1,-1,1,1,1,1,-1,1,1,-1,1,1,1,1,-1,1,-1,1,1,1,-1,-1,1,-1,1,1,1,-1,1,1,-1,1,1,1,-1,-1,1,-1,1,1,1,1,-1,1,-1,1,1,1,-1,-1,1,1,-1,1,-1,1,-1,1,-1,1,1,-2676.0,1,2000,445,1000,False
38,1,1,-1,-1,1,1,-1,-1,1,1,1,-1,1,1,1,1,-1,1,1,-1,-1,-1,1,1,1,1,-1,-1,1,1,1,1,-1,-1,-1,-1,1,-1,1,1,-1,-1,-1,1,1,1,1,-1,1,1,1,1,-1,1,-1,-1,1,-1,1,1,1,-1,-1,-1,1,1,1,1,-1,-1,-1,1,1,1,1,-1,-1,-1,1,1,1,-1,-1,-1,1,1,1,1,-1,-1,-1,1,1,1,1,-1,-1,1,1,-1,1,1,-1,-1,1,1,1,1,1,-1,-1,1,1,1,1,1,-1,-1,1,1,1,1,1,1,-1,1,1,1,-1,1,1,-1,1,1,1,1,1,1,-1,-1,1,1,1,1,1,-1,1,1,1,1,1,1,-1,-1,-1,1,1,1,1,-1,1,1,1,1,-1,1,-1,1,-1,1,1,1,-1,-1,1,1,1,1,1,-1,1,-1,-1,1,-1,1,-1,1,1,1,1,1,1,1,1,1,-1,1,-1,1,-1,1,1,-1,1,-1,1,1,-1,1,-1,1,-1,1,-1,1,1,-1,1,-1,1,1,1,1,-1,-1,1,1,-1,-1,1,-1,1,-1,-1,1,-1,1,-1,1,-1,1,-1,-1,1,-1,-1,-1,1,1,-1,1,-1,1,1,1,-1,1,1,-1,1,-1,1,-1,1,-1,1,-1,1,1,-1,1,-1,-1,-1,1,1,-1,1,-1,-1,-1,1,1,-1,-1,1,1,-1,-1,1,1,-1,1,1,-1,1,1,1,1,-1,1,-1,1,1,-1,1,-1,1,1,-1,1,1,1,1,1,-1,-1,1,-1,-1,1,1,1,-1,1,1,1,-1,1,-1,-1,1,1,1,1,1,-1,1,1,1,-1,1,1,-1,1,1,1,-1,1,1,-1,-1,1,1,1,-1,1,-1,1,1,1,-1,1,1,-1,1,1,1,-1,1,-1,-1,1,1,1,-1,1,-1,-1,-1,1,1,-1,1,-1,-1,1,-1,1,-1,1,1,-1,-1,1,1,1,-1,1,-1,-1,1,1,-1,1,-1,1,-1,-1,-1,-1,1,1,1,-1,1,1,-1,1,1,-1,-1,1,1,1,1,1,-1,1,1,1,-1,1,-1,-1,-1,-1,1,1,-1,1,-1,-1,1,-1,1,-1,-1,-1,-1,-1,-1,1,-1,-1,-1,1,-1,1,1,-1,1,1,1,1,-1,1,-1,1,-1,-1,1,-1,1,-1,1,1,-1,1,-1,-1,1,1,-1,-1,1,-1,1,1,1,-1,-1,1,-1,1,-1,1,-1,1,1,-1,-1,-1,-1,-1,1,1,-1,1,-1,-1,-1,1,-1,1,1,-1,-1,-1,1,-1,-1,1,-1,-1,-1,1,-1,1,-1,-1,-1,-1,1,-1,-1,1,-1,-1,-1,1,1,-1,1,-1,-1,-1,1,1,-1,-1,-1,1,-1,1,-1,-1,1,-1,-1,1,-1,1,-1,-1,1,-1,1,-1,1,1,-1,1,-1,-1,1,1,1,-1,1,-1,1,-1,-1,-1,1,-1,-1,-1,1,-1,-1,-1,1,1,-1,1,-1,1,-1,1,-1,1,1,-1,1,1,1,-1,-1,1,-1,1,-1,1,1,-1,1,-1,-1,1,1,-1,-1,1,-1,-1,-1,1,-1,-1,1,-1,1,1,1,1,-1,1,-1,-1,1,1,-1,-1,1,-1,-1,-1,1,1,-1,-1,1,1,-1,1,-1,-1,1,1,1,-1,1,1,-1,-1,1,1,-1,1,-1,-1,1,1,1,1,-1,-1,-1,1,-1,1,1,1,1,-1,-1,1,1,1,-1,-1,-1,-1,1,1,1,1,-1,-1,-1,1,1,1,-1,-1,-1,-1,1,1,1,1,-1,-1,1,1,1,1,1,-1,-1,-1,1,1,1,1,-1,-1,-1,1,1,-1,1,-1,-1,-1,1,1,1,1,-1,-1,1,1,1,1,1,-1,1,1,-1,1,1,-1,-1,-1,1,1,1,-1,1,-1,1,1,1,1,1,1,-1,-1,1,-1,1,-1,1,-1,-1,1,-1,1,-1,-1,-1,-1,1,-1,1,1,-1,1,-1,1,1,1,-1,1,1,-1,1,-1,1,-1,-1,-1,-1,1,1,-1,-1,-1,-1,-1,1,-1,1,-1,-1,-1,-1,-1,-1,-1,1,-1,-1,-1,1,-1,-1,1,-1,-1,-1,-1,-1,1,1,-1,-1,-1,-1,-1,1,-1,-1,-1,1,-1,-1,1,-1,1,-1,-1,-1,-1,-1,-1,-1,1,-1,-1,-1,1,1,-1,-1,-1,1,-1,-1,-1,-1,-1,1,-1,-1,1,-1,1,-1,-1,-1,-1,1,-1,1,1,-1,1,-1,-1,1,1,-1,-1,-1,-1,-1,-1,1,1,-1,-1,1,-1,1,1,-1,-1,-1,1,-1,-1,1,-1,-1,1,-1,-1,1,1,1,-1,1,-1,1,1,1,-1,-1,1,-1,-1,1,1,1,-1,1,-1,-1,1,1,-1,1,1,-1,-1,1,1,-1,1,1,-1,-1,1,1,-1,1,1,-1,-1,1,1,1,1,-1,1,-1,1,1,-1,1,1,-1,-1,1,-1,1,1,1,1,-1,-1,1,-1,1,1,1,-1,1,1,1,1,-1,1,-1,1,1,1,1,1,1,1,-1,1,1,1,1,-1,1,-1,1,1,1,1,1,-1,1,1,1,1,-1,1,1,-1,1,1,-1,1,1,-1,-1,1,1,1,1,-1,1,-1,1,1,1,-1,-1,1,-1,1,1,1,-1,1,-1,-1,-1,1,1,-1,-1,1,-1,-1,1,1,1,-1,1,-1,1,1,1,1,-1,1,-1,-1,1,1,-1,-1,-1,1,1,1,1,-1,1,1,-1,1,1,-1,-1,1,1,-1,-1,1,1,-1,1,1,1,1,1,-1,-1,-1,-1,-1,-1,-1,-1,-1,-1,1,1,1,1,-1,1,1,-1,1,1,1,1,-1,1,-1,1,1,1,1,-1,1,-1,1,1,1,1,-1,1,-1,1,1,1,1,-1,1,-1,1,1,1,-1,-1,1,-1,1,1,1,-1,-1,-1,1,-1,1,-1,1,-1,1,-1,1,1,-2676.0,1,2000,445,500,False
39,1,1,-1,-1,1,1,-1,-1,1,1,1,-1,1,1,1,1,-1,1,-1,-1,-1,-1,1,1,1,-1,-1,-1,1,1,1,1,-1,-1,-1,-1,1,-1,1,-1,-1,-1,-1,1,1,1,1,-1,1,1,1,1,-1,1,-1,-1,1,-1,1,1,1,-1,-1,-1,1,1,1,1,-1,-1,-1,1,1,1,1,-1,-1,-1,1,1,1,-1,-1,-1,1,1,1,1,-1,-1,1,1,1,1,1,-1,-1,-1,1,-1,1,1,-1,-1,1,1,1,1,1,-1,-1,-1,1,1,1,1,-1,-1,1,1,1,1,1,1,-1,-1,1,1,-1,1,1,-1,1,1,1,1,1,1,-1,1,1,1,1,1,1,-1,1,1,1,1,1,1,-1,-1,-1,1,1,1,1,-1,1,1,1,1,-1,1,-1,1,-1,1,1,1,-1,-1,1,1,1,1,1,-1,1,-1,-1,1,-1,1,-1,1,1,1,1,1,1,1,1,1,-1,1,-1,1,-1,1,1,-1,1,-1,1,1,-1,1,-1,1,-1,1,-1,1,1,-1,1,-1,1,1,1,1,-1,-1,1,1,-1,-1,1,-1,1,-1,-1,1,-1,1,-1,1,-1,1,-1,-1,1,-1,-1,-1,1,1,-1,1,-1,1,1,1,-1,1,-1,-1,1,-1,1,-1,1,1,1,-1,1,1,-1,1,-1,-1,-1,1,1,-1,1,-1,-1,-1,1,1,-1,-1,1,1,-1,-1,1,1,-1,1,1,-1,1,1,1,1,-1,1,-1,1,1,-1,1,-1,1,1,-1,1,1,1,1,1,-1,-1,1,-1,-1,1,1,1,-1,1,1,1,-1,1,-1,-1,1,1,1,1,1,-1,1,1,1,-1,1,1,-1,1,1,1,-1,1,1,-1,-1,1,1,1,-1,1,-1,1,1,1,-1,1,1,-1,1,1,1,-1,1,-1,-1,1,1,1,-1,1,-1,-1,-1,1,1,-1,1,-1,-1,1,-1,1,-1,1,1,-1,-1,1,1,1,-1,1,-1,-1,1,1,-1,1,-1,1,-1,-1,-1,-1,1,1,-1,-1,1,1,-1,1,1,-1,-1,1,1,1,1,1,-1,1,1,1,-1,1,-1,-1,-1,-1,1,1,-1,1,-1,-1,1,-1,1,-1,-1,-1,1,-1,-1,1,-1,-1,-1,-1,1,-1,1,-1,1,-1,1,1,-1,1,-1,1,-1,-1,1,-1,1,-1,1,1,-1,1,-1,-1,1,1,-1,-1,1,-1,1,1,1,-1,-1,1,-1,1,-1,1,-1,-1,1,-1,-1,-1,-1,1,1,1,-1,1,-1,-1,-1,1,-1,1,1,-1,-1,1,1,-1,-1,1,-1,-1,-1,1,-1,1,-1,1,-1,-1,1,-1,-1,1,-1,-1,-1,1,1,-1,1,-1,-1,-1,1,1,-1,-1,-1,1,-1,1,-1,-1,1,-1,-1,1,1,1,-1,-1,1,-1,1,1,1,-1,-1,1,-1,-1,-1,1,1,-1,1,-1,1,1,-1,1,1,-1,-1,-1,1,-1,-1,-1,1,1,-1,1,-1,1,-1,1,-1,1,1,-1,1,1,1,-1,-1,1,-1,1,-1,1,1,-1,1,-1,-1,1,1,-1,-1,1,-1,-1,-1,1,-1,-1,1,-1,1,1,1,1,-1,1,-1,-1,1,1,-1,-1,1,-1,-1,-1,1,1,-1,-1,1,1,-1,-1,-1,-1,1,1,1,1,1,1,-1,-1,1,1,-1,1,-1,-1,1,1,1,1,-1,-1,-1,1,-1,1,1,1,-1,-1,-1,1,1,1,-1,-1,-1,-1,1,1,1,1,-1,-1,-1,1,1,1,-1,-1,-1,-1,1,1,1,1,-1,-1,1,1,1,1,1,-1,-1,-1,1,1,1,1,-1,-1,-1,1,1,-1,1,-1,-1,-1,1,1,1,1,-1,-1,1,1,1,1,-1,-1,1,1,-1,1,1,-1,-1,-1,1,1,1,-1,1,-1,1,1,1,1,1,-1,-1,-1,1,-1,1,-1,-1,-1,-1,1,-1,1,1,-1,-1,-1,1,-1,1,1,-1,1,-1,1,1,1,1,-1,1,-1,1,-1,1,1,-1,-1,-1,1,1,-1,-1,-1,-1,-1,1,-1,1,-1,-1,-1,-1,-1,-1,-1,1,-1,-1,-1,1,-1,-1,1,-1,-1,-1,-1,-1,1,1,-1,-1,-1,-1,-1,1,-1,-1,-1,1,-1,-1,1,-1,1,-1,-1,-1,-1,-1,-1,-1,1,-1,-1,-1,1,1,1,-1,-1,1,1,-1,-1,-1,-1,1,-1,-1,1,1,1,-1,-1,-1,-1,1,-1,1,1,-1,1,-1,-1,1,1,-1,-1,-1,-1,-1,-1,1,1,-1,-1,1,-1,1,1,1,-1,-1,1,-1,1,1,-1,-1,1,-1,-1,1,1,1,-1,1,-1,1,1,1,-1,-1,1,-1,-1,1,-1,1,-1,1,-1,-1,1,1,-1,1,1,-1,-1,1,1,1,1,1,-1,-1,1,1,-1,1,1,-1,-1,1,1,1,1,-1,1,-1,1,1,1,-1,1,-1,-1,1,-1,1,1,1,1,-1,-1,1,-1,1,1,1,-1,1,1,1,1,-1,1,-1,1,1,1,1,1,1,1,-1,1,1,1,1,-1,1,-1,1,1,1,1,1,-1,1,1,1,1,-1,1,1,-1,1,1,-1,1,1,-1,-1,1,1,1,1,-1,1,-1,1,1,1,-1,-1,1,-1,1,1,1,-1,1,-1,-1,-1,1,1,-1,-1,1,-1,-1,1,1,1,-1,1,-1,1,1,1,1,-1,1,-1,-1,1,1,-1,-1,-1,1,1,1,1,-1,1,1,-1,1,1,-1,-1,1,1,-1,-1,1,1,-1,1,1,1,1,1,-1,-1,-1,-1,-1,-1,-1,-1,-1,-1,1,1,1,1,-1,1,1,-1,1,1,1,1,-1,1,-1,1,1,1,-1,-1,1,-1,1,1,1,-1,1,1,-1,1,1,1,-1,-1,1,-1,1,1,1,1,-1,1,-1,1,1,1,1,-1,1,1,-1,1,1,1,-1,1,-1,1,1,-2676.0,1,2000,445,1500,False
40,1,1,-1,-1,1,1,-1,-1,1,1,1,-1,1,1,1,1,-1,1,-1,-1,-1,-1,1,1,1,-1,1,-1,1,1,1,1,1,-1,-1,-1,1,1,1,1,-1,-1,-1,1,1,1,1,-1,1,1,1,1,-1,1,-1,-1,1,-1,1,1,1,-1,-1,-1,1,1,1,1,-1,-1,-1,1,1,1,1,-1,-1,-1,1,1,1,-1,-1,-1,1,1,1,1,-1,-1,-1,1,1,1,1,-1,-1,1,1,-1,1,1,-1,-1,1,1,1,1,1,-1,-1,1,1,1,1,1,-1,-1,1,1,1,1,1,1,-1,-1,1,1,-1,1,1,-1,1,1,1,1,1,1,-1,-1,1,1,1,1,1,-1,1,1,1,1,1,1,-1,-1,-1,1,1,1,1,-1,1,1,1,1,-1,1,-1,1,-1,1,1,1,-1,-1,1,1,1,1,1,-1,1,-1,-1,1,-1,1,-1,1,1,1,1,1,1,1,1,1,-1,1,-1,1,-1,1,1,-1,1,-1,1,1,-1,1,-1,1,-1,1,-1,1,1,-1,1,-1,1,1,1,1,-1,-1,1,1,-1,-1,1,-1,1,-1,-1,1,-1,1,-1,1,-1,1,-1,1,1,-1,-1,-1,1,1,-1,1,-1,1,1,1,-1,1,1,-1,1,-1,1,-1,1,-1,1,-1,1,1,-1,1,-1,-1,-1,1,1,-1,1,-1,-1,-1,1,1,-1,-1,1,1,-1,-1,1,1,-1,1,1,-1,1,1,1,1,-1,1,-1,1,1,-1,1,-1,1,1,-1,1,1,1,1,1,-1,-1,1,-1,-1,1,1,1,-1,1,1,1,-1,1,-1,-1,1,1,1,1,1,-1,1,1,1,-1,1,1,-1,1,1,1,-1,1,1,-1,-1,1,1,1,-1,1,-1,1,1,1,-1,1,1,-1,1,1,1,-1,1,-1,-1,1,1,1,-1,1,-1,-1,-1,1,1,-1,1,-1,-1,1,-1,1,-1,1,1,-1,-1,1,1,1,-1,1,-1,-1,1,1,-1,1,-1,1,-1,-1,-1,-1,1,1,-1,-1,1,1,-1,1,1,-1,-1,1,1,1,1,1,-1,1,1,1,-1,1,-1,-1,-1,-1,1,1,-1,1,-1,-1,1,-1,1,-1,-1,-1,-1,-1,-1,1,-1,-1,-1,1,-1,1,1,-1,1,1,1,1,-1,1,-1,1,-1,-1,1,-1,1,-1,1,1,-1,1,-1,-1,1,1,-1,-1,1,-1,1,1,1,-1,-1,1,-1,1,-1,1,-1,1,1,-1,1,-1,-1,-1,1,1,-1,1,-1,-1,-1,1,-1,1,1,-1,-1,-1,1,-1,-1,1,-1,-1,-1,1,-1,1,-1,-1,-1,-1,1,-1,-1,1,-1,-1,-1,-1,1,-1,1,-1,-1,-1,1,1,-1,-1,-1,1,-1,1,-1,-1,1,-1,-1,1,1,1,-1,-1,1,-1,1,-1,1,-1,-1,1,-1,-1,1,1,1,-1,1,-1,1,-1,-1,1,1,-1,-1,-1,1,-1,-1,-1,1,1,-1,1,-1,1,-1,1,-1,1,1,-1,1,1,1,-1,-1,1,-1,1,-1,1,1,-1,1,-1,-1,1,1,-1,-1,1,-1,-1,-1,1,-1,-1,1,-1,1,1,1,1,-1,1,-1,-1,1,1,-1,-1,1,-1,-1,-1,1,1,-1,-1,1,1,-1,-1,-1,-1,1,1,1,-1,1,1,-1,-1,1,1,-1,1,-1,-1,1,1,1,1,-1,-1,-1,1,-1,1,1,1,-1,-1,-1,1,1,1,-1,-1,-1,-1,1,1,1,1,-1,-1,-1,1,1,1,-1,-1,-1,-1,1,1,1,1,-1,-1,1,1,1,1,1,-1,-1,-1,1,1,1,1,-1,-1,-1,1,1,-1,1,-1,-1,-1,1,1,1,1,-1,-1,1,1,1,1,1,-1,1,1,-1,1,1,-1,-1,-1,1,1,1,1,1,-1,1,1,1,1,1,1,-1,-1,1,-1,1,-1,1,-1,-1,1,-1,1,1,-1,-1,-1,1,-1,1,1,-1,-1,-1,1,1,1,-1,1,-1,-1,1,-1,1,-1,-1,-1,-1,1,1,-1,-1,-1,-1,-1,1,-1,1,-1,-1,-1,-1,-1,-1,-1,1,-1,-1,-1,1,-1,-1,1,-1,-1,-1,-1,-1,1,1,-1,-1,-1,-1,-1,1,-1,-1,-1,1,-1,-1,1,-1,1,-1,-1,-1,-1,-1,-1,-1,1,-1,-1,-1,1,1,1,-1,-1,1,1,-1,-1,-1,-1,1,-1,-1,1,-1,1,-1,-1,-1,-1,1,-1,1,1,-1,1,-1,-1,1,1,-1,-1,-1,-1,-1,-1,1,1,-1,-1,1,-1,1,1,-1,-1,-1,1,-1,-1,1,-1,-1,1,-1,-1,1,1,1,-1,1,-1,1,1,1,-1,-1,1,-1,-1,1,1,1,-1,1,-1,-1,1,1,-1,1,1,-1,-1,1,1,1,1,1,-1,-1,1,1,1,1,1,-1,-1,1,1,1,1,1,1,-1,1,1,1,-1,1,-1,-1,1,-1,1,1,1,1,-1,-1,1,-1,1,1,1,-1,1,1,1,1,-1,1,-1,1,1,1,1,1,1,1,-1,-1,1,1,1,-1,1,-1,1,1,1,1,1,-1,1,1,1,1,-1,1,1,-1,1,1,-1,1,1,-1,-1,1,1,1,1,-1,1,-1,1,1,1,-1,-1,1,-1,1,1,1,-1,1,-1,-1,-1,1,1,-1,-1,1,-1,-1,1,1,-1,-1,1,-1,1,-1,1,1,-1,-1,-1,-1,1,1,-1,-1,-1,1,1,-1,1,-1,1,1,-1,1,1,-1,-1,1,1,-1,-1,1,1,-1,1,1,1,1,1,-1,-1,-1,-1,1,-1,-1,-1,-1,-1,1,1,1,1,-1,1,1,-1,1,1,1,1,-1,1,-1,1,1,1,1,-1,1,-1,1,1,1,1,-1,1,-1,1,1,1,1,-1,1,-1,1,1,1,-1,-1,1,-1,1,1,1,-1,-1,-1,1,-1,1,-1,1,-1,1,-1,1,1,-2676.0,1,2000,445,500,False
41,1,1,-1,-1,1,1,-1,-1,1,1,1,-1,-1,1,1,1,-1,1,-1,-1,1,-1,1,1,1,-1,1,-1,1,1,1,1,1,1,-1,-1,1,-1,1,1,-1,-1,-1,1,1,1,1,-1,1,1,1,1,-1,1,-1,-1,1,-1,1,1,-1,-1,1,-1,1,1,1,1,-1,-1,-1,1,1,1,1,-1,1,-1,1,1,1,-1,-1,1,1,1,1,1,-1,-1,-1,1,1,1,1,-1,1,1,1,-1,1,1,-1,-1,1,1,1,1,1,-1,-1,1,1,1,1,1,-1,-1,1,1,1,1,1,1,-1,1,1,1,-1,1,1,-1,1,1,1,1,1,1,-1,1,1,1,1,1,1,-1,-1,1,1,1,1,1,-1,1,-1,1,1,1,1,-1,1,1,1,1,-1,1,-1,1,-1,1,1,1,-1,-1,1,1,1,1,1,-1,1,-1,-1,1,-1,1,-1,1,1,1,1,1,1,1,1,1,-1,1,-1,1,-1,1,1,-1,1,-1,1,1,-1,1,-1,1,-1,1,-1,1,1,-1,1,-1,1,1,1,1,-1,-1,1,1,-1,-1,1,-1,1,-1,1,1,-1,1,-1,1,-1,1,-1,1,1,-1,-1,-1,1,1,-1,1,-1,1,1,1,-1,1,-1,-1,1,-1,1,-1,1,1,1,-1,1,1,-1,1,-1,-1,-1,1,1,-1,1,-1,-1,-1,1,1,-1,-1,1,1,-1,-1,1,1,-1,1,1,-1,1,1,1,1,-1,1,-1,1,1,-1,1,-1,1,1,-1,1,1,1,1,1,-1,-1,1,-1,-1,1,1,1,-1,1,1,1,-1,1,-1,-1,1,1,1,1,1,-1,1,1,1,-1,1,1,-1,1,1,1,-1,1,1,-1,-1,1,1,1,-1,1,-1,1,1,1,-1,1,1,-1,1,1,1,-1,1,-1,-1,1,1,1,-1,1,-1,-1,-1,1,1,-1,1,-1,-1,1,-1,1,-1,1,1,-1,-1,1,1,1,-1,1,-1,-1,1,1,-1,1,-1,1,-1,-1,-1,-1,1,1,-1,-1,1,1,-1,1,1,-1,-1,1,1,1,1,1,-1,1,1,1,-1,1,-1,-1,-1,-1,1,1,-1,1,-1,-1,1,-1,1,-1,-1,-1,-1,-1,-1,1,-1,-1,-1,1,-1,1,1,-1,1,-1,1,1,-1,1,-1,1,-1,-1,1,-1,1,-1,1,1,-1,1,-1,-1,1,1,-1,-1,1,-1,1,1,1,-1,-1,1,-1,1,-1,1,-1,1,1,-1,1,-1,-1,-1,1,1,-1,1,-1,-1,-1,1,-1,1,1,-1,-1,-1,1,-1,-1,1,-1,-1,-1,1,-1,1,-1,1,-1,-1,1,-1,-1,1,-1,-1,-1,1,1,-1,1,-1,-1,-1,1,1,-1,-1,-1,1,-1,1,-1,-1,1,-1,-1,1,-1,1,-1,-1,1,-1,1,-1,1,-1,-1,1,-1,-1,1,1,1,-1,1,-1,1,-1,-1,-1,1,-1,-1,-1,1,-1,-1,-1,1,1,-1,1,-1,1,-1,1,-1,1,1,-1,1,1,1,-1,-1,1,-1,1,-1,1,1,-1,1,-1,-1,1,1,-1,-1,1,-1,-1,-1,1,-1,-1,1,-1,1,1,1,1,-1,1,-1,-1,1,1,-1,-1,1,-1,-1,-1,1,1,-1,-1,1,1,-1,1,-1,-1,1,1,1,1,1,1,-1,-1,1,1,-1,1,-1,-1,1,1,1,1,-1,-1,-1,1,-1,1,1,1,-1,-1,-1,1,1,1,-1,-1,-1,1,1,1,1,1,-1,-1,-1,1,1,1,-1,-1,-1,-1,1,1,1,1,-1,-1,1,1,1,1,1,-1,-1,-1,1,1,1,1,-1,-1,-1,1,1,-1,1,-1,-1,-1,1,1,1,1,-1,-1,1,1,1,1,1,-1,1,1,-1,1,1,-1,-1,-1,1,1,1,1,1,-1,1,1,1,1,1,1,-1,-1,1,-1,1,-1,1,-1,-1,1,-1,1,1,-1,-1,-1,1,-1,1,1,-1,1,-1,1,1,1,-1,1,1,-1,1,-1,1,-1,-1,-1,-1,1,1,-1,-1,-1,-1,-1,1,-1,1,-1,-1,-1,-1,-1,-1,-1,1,-1,-1,-1,1,-1,-1,1,-1,-1,-1,-1,-1,-1,1,-1,-1,-1,-1,-1,1,-1,-1,-1,1,-1,-1,1,-1,1,-1,-1,-1,-1,-1,-1,-1,1,-1,-1,-1,1,1,-1,-1,-1,-1,1,-1,-1,-1,-1,1,-1,-1,1,-1,1,-1,-1,-1,-1,1,-1,1,1,-1,1,-1,-1,1,1,-1,-1,-1,-1,-1,-1,1,1,-1,-1,1,-1,1,1,-1,-1,-1,1,-1,-1,1,-1,-1,1,-1,-1,1,1,1,-1,1,-1,1,1,1,-1,-1,1,-1,-1,1,1,1,-1,1,-1,-1,1,1,-1,1,1,-1,-1,1,1,1,1,1,-1,-1,1,1,1,1,1,-1,-1,1,1,1,1,1,1,-1,1,1,1,-1,1,-1,-1,1,-1,1,1,1,1,-1,-1,1,-1,1,1,1,-1,1,1,1,1,-1,1,-1,1,1,1,1,1,1,1,-1,-1,1,1,1,-1,1,-1,1,1,1,1,1,-1,1,1,1,1,-1,1,1,-1,1,1,-1,1,1,-1,-1,1,1,1,1,-1,1,-1,1,1,1,-1,-1,1,-1,1,-1,1,-1,1,-1,-1,-1,1,1,-1,-1,1,-1,-1,1,-1,1,-1,1,-1,1,-1,1,1,-1,1,-1,-1,1,1,-1,-1,-1,1,1,1,-1,-1,1,1,-1,1,1,-1,-1,1,1,-1,-1,-1,1,-1,1,1,1,1,-1,1,-1,-1,-1,1,-1,-1,-1,-1,-1,1,1,1,1,-1,1,1,-1,1,1,-1,-1,-1,1,-1,1,1,1,1,-1,1,-1,1,1,1,-1,1,1,-1,1,1,1,1,-1,1,-1,1,1,-1,-1,-1,1,-1,1,1,1,-1,-1,1,1,-1,1,-1,1,-1,1,-1,1,1,-2676.0,1,2000,445,500,False
42,1,1,-1,-1,1,1,-1,-1,1,1,1,-1,-1,1,1,1,-1,1,1,-1,-1,-1,1,1,1,1,-1,-1,1,1,1,1,-1,-1,-1,-1,1,1,1,1,-1,-1,-1,1,1,1,1,-1,1,1,1,1,-1,1,-1,-1,1,-1,1,1,1,-1,-1,-1,1,1,1,1,-1,-1,-1,1,1,1,1,-1,-1,-1,1,1,1,-1,-1,-1,1,1,1,1,-1,-1,-1,1,1,1,1,-1,-1,1,1,-1,1,1,-1,-1,1,1,1,1,1,-1,-1,1,1,-1,1,1,-1,-1,1,1,1,1,1,1,-1,-1,1,1,-1,1,1,-1,1,1,1,1,1,1,-1,-1,1,1,1,1,1,-1,1,1,1,1,1,1,-1,-1,-1,1,1,1,1,-1,1,1,1,1,-1,1,-1,1,-1,1,1,1,-1,-1,1,1,1,1,1,-1,1,-1,-1,1,-1,1,-1,1,1,1,1,1,1,1,1,1,-1,1,-1,1,-1,1,1,-1,1,-1,1,1,-1,1,-1,1,-1,1,-1,1,1,-1,-1,-1,1,1,1,1,-1,-1,1,1,-1,-1,1,-1,1,-1,1,1,-1,1,-1,1,-1,1,-1,-1,1,-1,-1,-1,1,1,-1,1,-1,1,1,1,-1,1,1,-1,1,-1,1,-1,1,-1,1,-1,1,1,-1,1,-1,-1,-1,1,1,-1,1,-1,-1,-1,1,1,-1,-1,1,1,-1,-1,1,1,-1,1,1,-1,1,1,1,1,-1,1,-1,1,1,-1,1,-1,1,1,-1,1,1,1,1,1,-1,-1,1,-1,-1,-1,1,1,-1,1,1,1,-1,1,-1,-1,1,1,1,1,1,-1,1,1,1,-1,1,1,-1,1,1,1,-1,1,1,-1,-1,1,1,1,-1,1,-1,1,1,1,-1,1,1,-1,1,1,1,-1,1,-1,-1,1,1,1,-1,1,-1,-1,-1,1,1,-1,1,-1,-1,1,-1,1,-1,1,1,-1,-1,1,1,1,-1,1,-1,-1,1,1,-1,1,-1,1,-1,-1,-1,-1,1,1,-1,-1,1,1,-1,1,1,-1,-1,1,1,1,1,1,-1,1,1,1,-1,1,-1,-1,-1,-1,1,1,-1,1,-1,-1,1,-1,1,-1,-1,-1,-1,-1,-1,1,-1,-1,-1,1,-1,1,1,-1,1,-1,1,1,-1,1,-1,1,-1,-1,1,-1,1,-1,1,1,-1,1,-1,-1,1,1,-1,-1,1,-1,1,1,1,-1,-1,1,-1,1,-1,1,-1,1,1,-1,-1,-1,-1,-1,1,1,-1,1,-1,-1,-1,1,-1,1,1,1,-1,-1,1,-1,-1,1,-1,-1,-1,1,-1,1,-1,-1,-1,-1,1,-1,-1,1,-1,-1,-1,1,1,-1,1,-1,-1,-1,1,1,-1,-1,-1,1,-1,1,-1,-1,1,-1,-1,1,1,1,-1,-1,1,-1,1,-1,1,1,-1,1,-1,-1,1,1,1,-1,1,-1,1,-1,1,-1,1,-1,-1,-1,1,-1,-1,-1,1,1,-1,1,-1,1,-1,1,-1,1,1,-1,1,1,1,-1,-1,1,-1,1,-1,1,1,-1,1,-1,-1,1,1,-1,-1,1,-1,-1,-1,1,-1,-1,1,-1,1,1,1,1,-1,1,-1,-1,1,1,-1,-1,1,-1,-1,-1,1,1,-1,-1,1,1,-1,-1,-1,-1,1,1,1,1,1,1,-1,-1,1,1,-1,1,-1,-1,1,1,1,1,-1,1,-1,1,-1,1,1,1,1,-1,-1,1,1,1,-1,-1,-1,-1,1,1,1,1,-1,-1,-1,1,1,1,-1,-1,-1,-1,1,1,1,1,-1,-1,-1,1,1,1,1,-1,-1,1,1,1,1,1,-1,-1,-1,1,1,-1,1,-1,-1,-1,1,1,1,1,-1,-1,1,1,1,1,1,-1,1,1,-1,1,1,-1,-1,-1,1,1,1,1,1,-1,1,1,1,1,1,1,-1,-1,1,-1,1,-1,1,-1,-1,1,-1,1,-1,-1,-1,-1,1,-1,1,1,-1,-1,-1,1,1,1,-1,1,-1,-1,1,-1,1,-1,-1,-1,-1,1,1,-1,-1,-1,-1,-1,1,-1,1,-1,-1,-1,-1,-1,-1,-1,1,-1,-1,-1,1,-1,-1,1,-1,-1,-1,-1,-1,1,1,-1,-1,-1,-1,-1,1,-1,-1,-1,1,-1,-1,1,-1,1,-1,-1,-1,-1,-1,-1,-1,1,-1,-1,-1,1,1,-1,-1,-1,-1,1,-1,-1,-1,-1,1,-1,-1,1,-1,1,-1,-1,-1,-1,1,-1,1,1,-1,1,-1,-1,1,1,-1,-1,-1,-1,-1,-1,1,1,-1,-1,1,-1,1,1,-1,-1,-1,1,-1,-1,1,-1,-1,1,-1,-1,1,1,1,-1,1,-1,1,1,1,-1,-1,1,-1,-1,1,1,1,-1,1,-1,-1,1,1,-1,1,1,-1,-1,1,1,-1,1,1,-1,-1,1,1,-1,1,1,-1,-1,1,1,1,1,-1,1,-1,1,1,-1,1,1,-1,-1,1,-1,1,1,1,1,-1,-1,1,-1,1,1,1,-1,1,1,1,1,-1,1,-1,1,1,1,1,1,1,1,-1,1,1,1,1,-1,1,-1,1,1,1,1,1,-1,1,1,1,1,-1,1,1,-1,1,1,-1,1,1,-1,-1,1,1,1,1,-1,1,-1,1,1,1,-1,-1,1,-1,1,1,1,-1,1,-1,-1,-1,1,1,-1,-1,1,-1,-1,1,1,1,-1,1,-1,1,1,1,1,-1,-1,-1,-1,1,1,-1,-1,-1,1,1,1,1,-1,1,1,-1,1,1,-1,-1,1,1,-1,-1,1,1,-1,1,1,1,1,1,-1,-1,-1,-1,-1,-1,-1,-1,-1,-1,1,1,1,1,-1,1,1,-1,1,1,1,1,-1,1,-1,1,1,1,1,-1,1,-1,1,1,1,1,-1,1,-1,1,1,1,1,-1,1,-1,1,1,1,-1,-1,1,-1,1,1,1,-1,-1,-1,1,-1,1,-1,1,-1,1,-1,1,1,-2676.0,1,2000,445,500,False
43,1,1,-1,-1,1,1,-1,-1,1,1,1,-1,-1,1,1,1,-1,1,-1,-1,1,-1,1,1,1,-1,-1,-1,1,1,1,1,1,-1,-1,-1,1,-1,1,1,-1,-1,-1,1,1,1,1,-1,1,1,1,1,-1,1,-1,-1,1,-1,1,1,-1,-1,-1,-1,1,1,1,1,-1,-1,-1,1,1,1,1,-1,-1,-1,1,1,1,-1,-1,-1,1,1,1,1,-1,-1,-1,1,1,1,1,-1,-1,1,1,-1,1,1,-1,-1,1,1,1,1,1,-1,-1,1,1,1,1,1,-1,-1,1,1,1,1,1,1,-1,1,1,1,-1,1,1,-1,1,1,1,1,1,1,-1,-1,1,1,1,1,1,-1,1,1,1,1,1,1,-1,-1,-1,1,1,1,1,-1,1,1,1,1,-1,1,-1,1,-1,1,1,1,-1,-1,1,1,1,1,1,-1,1,-1,-1,1,-1,1,-1,1,1,1,1,1,1,1,1,1,-1,1,-1,1,-1,1,1,-1,1,-1,1,1,-1,1,-1,1,-1,1,-1,1,1,-1,1,-1,1,1,1,1,-1,-1,1,1,-1,-1,1,-1,1,-1,1,1,-1,1,-1,1,-1,1,-1,-1,1,-1,-1,-1,1,1,-1,1,-1,1,1,1,-1,1,1,-1,1,-1,1,-1,1,-1,1,-1,1,1,-1,1,-1,-1,-1,1,1,-1,1,-1,-1,-1,1,1,-1,-1,1,1,-1,-1,1,1,-1,1,1,-1,1,1,1,1,-1,1,-1,1,1,-1,1,-1,1,1,-1,1,1,1,1,1,-1,-1,1,-1,-1,-1,1,1,-1,1,1,1,-1,1,-1,-1,1,1,1,1,1,-1,1,1,1,-1,1,1,-1,1,1,1,-1,1,1,-1,-1,1,1,1,-1,1,-1,1,1,1,-1,1,1,-1,1,1,1,-1,1,-1,-1,1,1,1,-1,1,-1,-1,-1,1,1,-1,1,-1,-1,1,-1,1,-1,1,1,-1,-1,1,1,1,-1,1,-1,-1,1,1,-1,1,-1,1,-1,-1,-1,-1,1,1,-1,-1,1,1,-1,1,1,-1,-1,1,1,1,1,1,-1,1,1,1,-1,1,-1,-1,-1,-1,1,1,-1,1,-1,-1,1,-1,1,-1,-1,-1,-1,-1,-1,1,-1,-1,-1,1,-1,1,1,-1,1,-1,1,1,-1,1,-1,1,-1,-1,1,-1,1,-1,1,-1,1,1,-1,-1,1,1,-1,-1,1,-1,1,1,1,-1,-1,1,-1,1,-1,1,-1,1,1,-1,1,-1,1,-1,1,1,-1,1,-1,-1,-1,1,-1,1,1,-1,-1,-1,1,-1,-1,1,-1,1,-1,1,-1,1,-1,1,-1,-1,1,-1,-1,1,-1,-1,-1,1,1,-1,1,-1,-1,-1,1,1,-1,1,-1,1,-1,1,-1,-1,1,-1,-1,1,-1,1,-1,-1,1,-1,1,-1,1,-1,-1,1,-1,-1,1,1,1,-1,1,-1,1,-1,-1,-1,1,-1,-1,-1,1,-1,-1,-1,1,1,-1,1,-1,1,-1,1,-1,1,1,-1,1,1,1,-1,-1,1,-1,1,-1,1,1,-1,1,-1,-1,1,1,-1,-1,1,-1,-1,-1,1,-1,-1,1,-1,1,1,1,1,-1,1,-1,-1,1,1,-1,-1,1,-1,-1,-1,1,1,-1,-1,1,1,-1,-1,-1,-1,1,1,1,1,1,1,-1,-1,1,1,1,-1,-1,-1,1,1,1,1,-1,-1,-1,1,-1,1,-1,1,-1,-1,-1,1,1,1,-1,-1,-1,1,1,1,1,1,-1,-1,-1,1,1,1,-1,-1,-1,-1,1,1,1,1,-1,-1,1,1,1,1,1,-1,-1,-1,1,1,1,1,-1,-1,-1,1,1,-1,1,-1,-1,-1,1,1,1,1,-1,-1,1,1,1,1,1,-1,1,1,-1,1,1,-1,-1,-1,1,1,1,1,1,-1,1,1,1,1,1,1,-1,-1,1,-1,1,-1,1,-1,-1,1,-1,1,-1,-1,-1,-1,1,-1,1,1,-1,1,-1,1,1,1,-1,1,1,-1,1,-1,1,-1,-1,-1,-1,1,1,-1,-1,-1,-1,-1,1,-1,1,-1,-1,-1,-1,-1,-1,-1,1,-1,-1,-1,1,-1,-1,1,-1,-1,-1,-1,-1,1,1,-1,-1,-1,-1,-1,1,-1,-1,-1,1,-1,-1,1,-1,1,-1,-1,-1,-1,-1,-1,-1,1,-1,-1,-1,1,1,1,-1,-1,-1,1,-1,-1,-1,-1,1,-1,-1,1,1,1,-1,-1,-1,-1,1,-1,1,1,-1,1,-1,-1,1,1,-1,-1,-1,-1,-1,-1,1,1,-1,-1,1,-1,1,1,-1,-1,-1,1,-1,1,1,-1,-1,1,-1,-1,1,1,1,-1,1,-1,1,1,1,-1,-1,1,-1,-1,1,1,1,-1,1,-1,-1,1,1,-1,1,1,-1,-1,1,1,1,1,1,-1,-1,1,1,1,1,1,-1,-1,1,1,1,1,-1,1,-1,1,1,1,-1,1,-1,-1,1,-1,1,1,1,1,-1,-1,1,-1,1,1,1,-1,1,1,1,1,-1,1,-1,1,1,1,1,1,1,1,-1,-1,1,1,1,-1,1,-1,1,1,1,1,1,-1,1,1,1,1,-1,1,1,-1,1,1,-1,1,1,-1,-1,1,1,1,1,-1,1,-1,1,1,1,-1,-1,1,-1,1,1,1,-1,1,-1,-1,-1,1,1,-1,-1,1,-1,-1,1,1,1,-1,1,-1,1,1,1,1,-1,1,-1,-1,1,1,-1,-1,-1,1,1,1,1,-1,1,1,-1,1,1,-1,-1,1,1,-1,-1,1,1,-1,1,1,1,1,1,-1,-1,-1,-1,-1,-1,-1,-1,-1,-1,1,1,1,1,-1,1,1,-1,1,1,1,1,-1,1,-1,1,1,1,1,-1,1,-1,1,1,1,1,-1,1,-1,1,1,1,1,-1,1,-1,1,1,-1,-1,-1,1,-1,1,1,1,-1,-1,-1,1,-1,1,-1,1,-1,1,-1,1,1,-2676.0,1,2000,445,500,False
44,1,1,-1,-1,1,1,-1,-1,1,1,1,-1,-1,1,1,1,-1,1,-1,-1,-1,-1,1,1,1,-1,-1,-1,1,1,1,1,-1,-1,-1,-1,1,-1,1,1,-1,-1,-1,1,1,1,1,-1,1,1,1,1,-1,1,-1,-1,1,-1,1,1,1,-1,-1,-1,1,1,1,1,-1,-1,-1,1,1,1,1,-1,-1,-1,1,1,1,-1,-1,-1,1,1,1,1,-1,-1,-1,1,1,1,1,-1,-1,1,1,-1,1,1,-1,-1,1,1,1,1,1,-1,-1,-1,1,1,1,1,-1,-1,1,1,1,1,1,1,-1,-1,1,1,-1,1,1,-1,1,1,1,1,1,1,-1,1,1,1,1,1,1,-1,1,1,1,1,1,1,-1,-1,-1,1,1,1,1,-1,1,1,1,1,-1,1,-1,1,-1,1,1,1,-1,-1,1,1,1,1,1,-1,1,-1,-1,1,-1,1,-1,1,1,1,1,1,1,1,1,1,-1,1,-1,1,-1,1,1,-1,1,-1,1,1,-1,1,-1,1,-1,1,-1,1,1,-1,-1,-1,1,1,1,1,-1,-1,1,1,-1,-1,1,-1,1,-1,-1,1,-1,1,-1,1,-1,1,-1,1,1,-1,-1,-1,1,1,-1,1,-1,1,1,1,-1,1,1,-1,-1,-1,1,-1,1,-1,1,-1,1,1,-1,1,-1,-1,-1,1,1,-1,1,-1,-1,-1,1,1,-1,-1,1,1,-1,-1,1,1,-1,1,1,-1,1,1,1,1,-1,1,-1,1,1,-1,1,-1,1,1,-1,1,1,1,1,1,-1,-1,1,-1,-1,-1,1,1,-1,1,1,1,-1,1,-1,-1,1,1,1,1,1,-1,1,1,1,-1,1,1,-1,1,1,1,-1,1,1,-1,-1,1,1,1,-1,1,-1,1,1,1,-1,1,1,-1,1,1,1,-1,1,-1,-1,1,1,1,-1,1,-1,-1,-1,1,1,-1,1,-1,-1,1,-1,1,-1,1,1,-1,-1,1,1,1,-1,1,-1,-1,1,1,-1,1,-1,1,-1,-1,-1,-1,1,1,-1,-1,1,1,-1,1,1,-1,-1,1,1,1,1,1,-1,1,1,1,-1,1,-1,-1,-1,-1,1,1,-1,1,-1,-1,1,-1,1,-1,-1,-1,-1,-1,-1,1,-1,-1,-1,1,-1,1,1,-1,1,-1,1,1,-1,1,-1,1,-1,-1,1,-1,1,-1,1,1,-1,1,-1,-1,1,1,-1,-1,1,-1,1,1,1,-1,-1,1,-1,1,-1,1,-1,1,1,-1,1,-1,-1,-1,1,1,-1,1,-1,-1,-1,1,-1,1,1,-1,-1,1,1,-1,-1,1,-1,-1,-1,1,-1,1,-1,-1,-1,-1,1,-1,-1,1,-1,-1,-1,1,1,-1,1,-1,-1,-1,1,1,-1,-1,-1,1,-1,1,-1,-1,1,-1,-1,1,-1,1,-1,-1,1,-1,1,-1,1,-1,-1,1,-1,-1,1,1,1,-1,1,-1,1,-1,1,-1,1,-1,-1,-1,1,-1,-1,-1,1,1,-1,1,-1,1,-1,1,-1,1,1,-1,1,1,1,-1,-1,1,-1,1,-1,1,1,-1,1,-1,-1,1,1,-1,-1,1,-1,-1,-1,1,-1,-1,1,-1,1,1,1,1,-1,1,-1,-1,1,1,-1,-1,1,-1,-1,-1,1,1,-1,-1,1,1,-1,-1,-1,-1,1,1,1,1,1,1,-1,-1,1,1,-1,1,-1,-1,1,1,1,1,-1,-1,-1,1,-1,1,1,1,1,-1,-1,1,1,1,-1,-1,-1,1,1,1,1,1,-1,-1,-1,1,1,1,-1,-1,-1,-1,1,1,1,1,-1,-1,-1,1,1,1,1,-1,-1,1,1,1,1,1,-1,-1,-1,1,1,-1,1,-1,-1,-1,1,1,1,1,-1,-1,1,1,1,1,1,-1,1,1,-1,1,1,-1,-1,-1,1,1,1,-1,1,-1,1,1,1,1,1,1,-1,-1,1,-1,1,-1,1,-1,-1,1,-1,1,-1,-1,-1,-1,1,-1,1,1,-1,1,-1,1,1,1,-1,1,1,-1,1,-1,1,-1,-1,-1,-1,1,1,-1,-1,-1,-1,-1,1,-1,1,-1,-1,-1,-1,-1,-1,-1,1,-1,-1,-1,1,-1,-1,1,-1,-1,-1,-1,-1,1,1,-1,-1,-1,-1,-1,1,-1,-1,-1,1,-1,-1,1,-1,1,-1,-1,-1,-1,-1,-1,-1,1,-1,-1,-1,1,1,-1,-1,-1,1,-1,-1,-1,-1,-1,1,-1,-1,1,-1,1,-1,-1,-1,-1,1,-1,1,1,-1,1,-1,-1,1,1,-1,-1,-1,-1,-1,-1,1,1,-1,-1,1,-1,1,1,-1,-1,-1,1,-1,1,1,-1,-1,1,-1,-1,1,1,1,-1,1,-1,1,1,1,-1,-1,1,-1,-1,1,1,1,-1,1,-1,-1,1,1,-1,1,1,-1,-1,1,1,-1,1,1,-1,-1,1,1,-1,1,1,-1,-1,1,1,1,1,1,1,-1,1,1,1,1,1,-1,-1,1,-1,1,1,1,1,-1,-1,1,-1,1,1,1,-1,1,1,1,1,-1,1,-1,1,1,1,1,1,1,1,-1,-1,1,1,1,-1,1,-1,1,1,1,1,1,-1,1,1,1,1,-1,1,1,-1,1,1,-1,1,1,-1,-1,1,1,1,1,-1,1,-1,1,1,1,-1,-1,1,-1,1,1,1,-1,1,-1,-1,-1,1,1,-1,-1,1,-1,-1,1,1,-1,-1,1,-1,1,1,1,1,-1,1,-1,-1,1,1,-1,-1,-1,1,1,1,1,-1,1,1,-1,1,1,-1,-1,1,1,-1,-1,1,1,-1,1,1,1,1,1,-1,-1,-1,-1,1,-1,-1,-1,-1,-1,1,1,1,1,-1,1,1,-1,1,1,1,1,-1,1,-1,1,1,1,-1,-1,1,-1,1,1,1,-1,-1,1,-1,1,1,1,-1,-1,1,-1,1,1,1,1,-1,1,-1,1,1,1,-1,-1,-1,1,-1,1,-1,1,-1,1,-1,1,1,-2676.0,1,2000,445,1500,False
45,1,1,-1,-1,1,1,-1,-1,1,1,1,-1,1,1,1,1,-1,1,-1,-1,-1,-1,1,1,1,-1,1,-1,1,1,1,1,-1,-1,-1,-1,1,-1,1,1,-1,-1,-1,1,1,1,1,-1,1,1,1,1,-1,1,-1,-1,1,-1,1,1,1,-1,-1,-1,1,1,1,1,-1,-1,-1,1,1,1,1,-1,-1,-1,1,1,1,-1,-1,-1,1,1,1,1,-1,-1,-1,1,1,1,1,-1,-1,1,1,-1,1,1,-1,-1,1,1,1,1,1,-1,-1,1,1,1,1,1,-1,-1,1,1,1,1,1,1,-1,1,1,1,-1,1,1,-1,1,1,1,1,1,1,-1,-1,1,1,1,1,1,-1,1,1,1,1,1,1,-1,-1,-1,1,1,1,1,-1,1,1,1,1,-1,1,-1,1,-1,1,1,1,-1,-1,1,1,1,1,1,-1,1,-1,-1,1,-1,1,-1,1,1,1,1,1,1,1,1,1,-1,1,-1,1,-1,1,1,-1,1,-1,1,1,-1,1,-1,1,-1,1,-1,1,1,-1,1,-1,1,1,1,1,-1,-1,1,1,-1,-1,1,-1,1,-1,-1,1,-1,1,-1,1,-1,1,-1,-1,1,-1,-1,-1,1,1,-1,1,-1,1,1,1,-1,1,1,-1,-1,-1,1,-1,1,-1,1,-1,1,1,-1,1,-1,-1,-1,1,1,-1,1,-1,-1,-1,1,1,-1,-1,1,1,-1,-1,1,1,-1,1,1,-1,1,1,1,1,-1,1,-1,1,1,-1,1,-1,1,1,-1,1,1,1,1,1,-1,-1,1,-1,-1,1,1,1,-1,1,1,1,-1,1,-1,-1,1,1,1,1,1,-1,1,1,1,-1,1,1,-1,1,1,1,-1,1,1,-1,-1,1,1,1,-1,1,-1,1,1,1,-1,1,1,-1,1,1,1,-1,1,-1,-1,1,1,1,-1,1,-1,-1,-1,-1,1,-1,1,-1,-1,1,1,1,-1,1,1,-1,-1,-1,1,1,-1,1,-1,-1,1,1,-1,1,-1,1,-1,-1,1,1,1,1,1,-1,1,-1,-1,1,1,-1,-1,-1,1,-1,1,1,-1,1,-1,1,1,1,-1,-1,-1,-1,1,-1,-1,1,-1,-1,1,-1,-1,1,-1,-1,-1,1,-1,1,-1,-1,-1,1,-1,1,-1,1,1,1,1,1,-1,1,-1,1,-1,-1,1,-1,-1,-1,1,1,-1,1,-1,-1,1,1,-1,-1,1,-1,1,-1,1,-1,-1,1,-1,-1,1,1,-1,1,1,1,-1,-1,-1,-1,1,1,-1,-1,1,-1,-1,1,-1,1,-1,1,-1,-1,1,-1,-1,-1,-1,-1,-1,1,-1,1,-1,1,-1,-1,1,-1,-1,1,-1,-1,-1,1,1,-1,1,-1,-1,-1,1,1,-1,-1,-1,1,-1,1,-1,-1,1,-1,-1,1,1,1,-1,-1,-1,-1,1,-1,1,-1,-1,1,-1,-1,1,1,1,-1,1,-1,1,-1,-1,1,1,-1,-1,-1,1,-1,-1,-1,1,1,-1,1,-1,1,-1,1,-1,1,1,-1,1,1,1,-1,-1,1,-1,1,-1,1,1,-1,1,-1,-1,1,1,-1,-1,1,-1,-1,-1,1,-1,-1,1,-1,1,1,1,1,-1,1,-1,-1,1,1,-1,-1,1,-1,-1,-1,1,1,-1,-1,1,1,-1,-1,-1,-1,1,1,1,-1,1,1,-1,-1,1,1,-1,1,-1,-1,1,1,1,1,-1,-1,-1,1,-1,1,1,1,-1,-1,-1,1,1,1,-1,-1,-1,1,1,1,1,1,-1,-1,-1,1,1,1,-1,-1,-1,-1,1,1,1,1,-1,-1,1,1,1,1,1,-1,-1,-1,1,1,1,1,-1,-1,-1,1,1,-1,1,-1,-1,-1,1,1,1,1,-1,-1,1,1,1,1,1,-1,1,1,-1,1,1,-1,-1,-1,1,1,1,1,1,-1,1,1,1,1,1,1,-1,-1,1,-1,1,-1,1,-1,-1,1,-1,1,-1,-1,-1,-1,1,-1,1,1,-1,1,-1,1,1,1,-1,1,1,-1,1,-1,1,-1,-1,-1,-1,1,1,-1,-1,-1,-1,-1,1,-1,1,-1,-1,-1,-1,-1,-1,-1,1,-1,-1,-1,1,-1,-1,1,-1,-1,-1,-1,-1,-1,1,-1,-1,-1,-1,-1,1,-1,-1,-1,1,-1,-1,1,-1,1,-1,-1,-1,-1,1,-1,-1,1,-1,-1,-1,-1,1,-1,-1,-1,1,-1,1,-1,-1,-1,1,-1,-1,-1,-1,1,-1,-1,-1,-1,-1,1,1,1,-1,1,-1,1,-1,1,-1,-1,-1,-1,-1,-1,1,1,-1,-1,1,-1,1,1,-1,-1,-1,1,-1,1,1,-1,-1,1,-1,-1,1,1,1,-1,1,-1,1,1,1,-1,-1,1,-1,-1,1,-1,1,-1,1,-1,-1,1,1,-1,1,1,-1,-1,1,1,-1,1,1,-1,-1,1,1,-1,1,1,-1,-1,1,1,1,1,-1,1,-1,1,1,1,-1,1,-1,-1,1,-1,1,1,1,1,-1,-1,1,-1,1,1,1,-1,1,1,1,1,-1,1,-1,1,1,1,1,1,1,1,-1,1,1,1,1,-1,1,-1,1,1,1,1,1,-1,1,1,1,1,-1,1,-1,1,1,1,-1,1,1,1,1,1,1,1,1,-1,1,1,1,1,1,-1,-1,1,-1,1,1,1,-1,1,-1,1,1,1,1,-1,-1,1,1,-1,1,1,1,-1,1,1,-1,-1,1,1,-1,1,-1,1,1,1,-1,-1,-1,-1,1,-1,1,-1,1,1,1,1,1,-1,-1,1,1,1,1,1,1,-1,1,-1,1,1,1,-1,-1,-1,-1,-1,-1,-1,-1,-1,-1,-1,1,1,1,-1,1,1,-1,-1,1,1,1,-1,1,-1,1,1,1,1,-1,1,-1,1,1,1,1,-1,1,-1,1,1,1,1,-1,1,-1,1,-1,1,-1,-1,1,-1,-1,1,1,-1,-1,-1,-1,1,1,-1,1,-1,1,-1,-1,1,-2676.0,1,2000,445,500,False
46,1,1,-1,-1,1,1,-1,-1,1,1,1,-1,-1,1,1,1,-1,1,-1,-1,-1,-1,1,1,1,-1,-1,-1,1,1,1,1,-1,-1,-1,-1,1,-1,1,1,-1,-1,-1,1,1,1,1,-1,1,1,1,1,-1,1,-1,-1,1,-1,1,1,1,-1,-1,-1,1,1,1,1,-1,-1,-1,1,1,1,1,-1,-1,-1,1,1,1,-1,-1,-1,1,1,1,1,-1,-1,1,1,1,1,1,-1,-1,-1,1,-1,1,1,-1,-1,1,1,1,1,1,-1,-1,-1,1,1,1,1,-1,-1,1,1,1,1,1,1,-1,-1,1,1,-1,1,1,-1,1,1,1,1,1,1,-1,1,1,1,1,1,1,-1,1,1,1,1,1,1,-1,-1,-1,1,1,1,1,-1,1,1,1,1,-1,1,-1,1,-1,1,1,1,-1,-1,1,1,1,1,1,-1,1,-1,-1,1,-1,1,-1,1,1,1,1,1,1,1,1,1,1,1,-1,1,-1,1,1,-1,1,-1,1,1,-1,1,-1,1,-1,1,-1,1,1,-1,-1,-1,1,1,1,1,-1,-1,1,1,-1,-1,1,-1,1,-1,-1,1,-1,1,-1,1,-1,1,-1,1,1,-1,-1,-1,1,1,-1,1,-1,1,1,1,-1,1,-1,-1,1,-1,1,-1,1,1,1,-1,1,1,-1,1,-1,-1,-1,1,1,-1,1,-1,-1,-1,1,1,-1,-1,1,1,-1,-1,1,1,-1,1,1,-1,1,1,1,1,-1,1,-1,1,1,-1,1,-1,1,1,-1,1,1,1,1,1,-1,-1,1,-1,-1,-1,1,1,-1,1,1,1,-1,1,-1,-1,1,1,1,1,1,-1,1,1,1,-1,1,1,-1,1,1,1,-1,1,1,-1,-1,1,1,1,-1,1,-1,1,1,1,-1,1,1,-1,1,1,1,-1,1,-1,-1,1,1,1,-1,1,-1,-1,-1,1,1,1,1,-1,-1,1,-1,1,-1,1,1,-1,-1,1,1,1,-1,1,-1,-1,1,1,-1,1,-1,1,-1,-1,-1,-1,1,1,-1,-1,1,1,-1,1,1,-1,-1,1,1,-1,1,1,-1,1,1,1,1,1,-1,-1,-1,-1,1,-1,-1,1,-1,-1,1,-1,-1,1,-1,-1,-1,-1,-1,1,-1,-1,-1,1,-1,1,-1,1,1,-1,1,1,-1,1,-1,1,-1,-1,1,-1,-1,-1,1,1,-1,1,-1,-1,1,1,-1,-1,1,-1,1,-1,1,-1,-1,1,-1,-1,1,1,-1,1,1,-1,-1,-1,-1,-1,1,1,-1,-1,1,-1,-1,1,-1,1,-1,1,-1,1,1,-1,-1,-1,-1,-1,-1,1,-1,1,-1,1,-1,-1,1,-1,-1,1,-1,-1,-1,1,1,-1,1,-1,-1,-1,1,1,-1,-1,-1,1,-1,1,-1,-1,1,-1,-1,1,-1,1,-1,-1,-1,-1,1,-1,1,-1,-1,1,-1,-1,1,1,1,-1,1,-1,1,-1,-1,-1,1,-1,-1,-1,1,-1,-1,-1,1,1,-1,1,-1,1,-1,1,-1,1,1,-1,1,1,1,-1,-1,1,-1,1,-1,1,1,-1,1,-1,-1,1,1,-1,-1,1,-1,-1,-1,1,-1,-1,1,-1,1,1,1,1,-1,1,-1,-1,1,1,-1,-1,1,-1,-1,-1,1,1,-1,-1,1,1,-1,1,-1,-1,1,1,1,1,1,1,-1,-1,1,1,-1,1,-1,-1,1,1,1,1,-1,-1,-1,1,-1,1,1,1,1,-1,-1,1,1,1,-1,-1,-1,-1,1,1,1,1,-1,-1,-1,1,1,1,-1,-1,-1,-1,1,1,1,1,-1,-1,-1,1,1,1,1,-1,-1,1,1,1,1,1,-1,-1,-1,1,1,-1,1,-1,-1,-1,1,1,1,1,-1,-1,1,1,1,1,1,-1,1,1,-1,1,1,-1,-1,-1,1,1,1,-1,1,-1,1,1,1,1,1,1,-1,-1,1,-1,1,-1,1,-1,-1,1,-1,1,-1,-1,-1,-1,1,-1,1,1,-1,1,-1,1,1,1,-1,1,1,-1,1,-1,1,-1,-1,-1,-1,1,1,-1,-1,-1,-1,-1,1,-1,1,-1,-1,-1,-1,-1,-1,-1,1,-1,-1,-1,1,-1,-1,1,-1,-1,-1,-1,-1,-1,1,-1,-1,-1,-1,-1,1,-1,-1,-1,1,-1,-1,1,-1,1,-1,-1,-1,-1,-1,-1,-1,1,-1,-1,-1,1,1,-1,-1,-1,1,-1,-1,-1,-1,-1,1,-1,-1,1,-1,1,-1,-1,-1,-1,1,-1,1,1,-1,1,-1,-1,1,1,-1,-1,-1,-1,-1,-1,1,1,-1,-1,1,-1,1,1,-1,-1,-1,1,-1,1,1,-1,-1,1,-1,-1,1,1,1,-1,1,-1,1,1,1,-1,-1,1,-1,-1,1,1,1,-1,1,-1,-1,1,1,-1,1,1,-1,-1,1,1,-1,1,1,-1,-1,1,1,-1,1,1,-1,-1,1,1,1,1,1,1,-1,1,1,1,1,1,-1,-1,1,-1,1,1,1,1,-1,-1,1,-1,1,1,1,-1,1,1,1,1,-1,1,-1,1,1,1,1,1,1,1,-1,1,1,1,1,-1,1,-1,1,1,1,1,1,1,1,1,1,1,-1,1,-1,1,1,1,-1,1,1,1,1,-1,1,1,1,-1,1,1,1,1,1,-1,-1,1,-1,1,1,1,-1,1,-1,1,1,1,1,-1,-1,1,1,-1,1,1,1,-1,1,1,-1,1,1,1,-1,1,-1,1,1,1,-1,-1,-1,-1,1,1,1,-1,1,1,1,1,1,-1,-1,1,1,1,1,1,1,-1,1,-1,1,1,1,-1,-1,-1,-1,-1,-1,-1,-1,-1,-1,-1,1,1,1,-1,1,1,-1,-1,1,1,1,-1,1,-1,1,1,1,-1,-1,1,-1,1,1,1,-1,1,1,-1,1,1,1,-1,-1,1,-1,1,-1,1,1,-1,1,-1,-1,1,1,1,-1,1,-1,1,1,1,1,-1,1,-1,-1,1,-2676.0,1,2000,445,500,False
47,1,1,-1,-1,1,-1,-1,-1,1,1,1,-1,1,1,1,1,-1,1,-1,-1,-1,-1,1,1,1,-1,-1,-1,1,1,1,1,-1,-1,-1,-1,1,-1,1,1,-1,-1,-1,1,1,1,1,-1,1,1,1,1,-1,1,-1,-1,1,-1,1,1,1,-1,-1,-1,1,1,1,1,-1,-1,-1,1,1,1,1,-1,-1,-1,1,1,1,-1,-1,-1,1,1,1,1,-1,-1,-1,1,1,1,1,-1,-1,1,1,-1,1,1,-1,-1,1,1,1,1,1,-1,-1,-1,1,1,1,1,-1,-1,1,1,1,1,1,1,-1,-1,1,1,-1,1,1,-1,1,1,1,1,1,1,-1,1,1,1,1,1,1,-1,1,1,1,1,1,1,-1,-1,-1,1,1,1,1,-1,1,1,1,1,-1,1,-1,1,-1,1,1,1,-1,-1,1,1,1,1,1,-1,1,-1,-1,1,-1,1,-1,1,1,1,1,1,1,1,1,1,-1,1,-1,1,-1,1,1,-1,1,-1,1,1,-1,1,-1,1,-1,1,-1,1,1,-1,1,-1,1,1,1,1,-1,-1,1,1,-1,-1,1,-1,1,-1,-1,1,-1,1,-1,1,-1,1,-1,1,1,-1,-1,-1,1,1,-1,1,-1,1,1,1,-1,1,1,-1,1,-1,1,-1,1,-1,1,-1,1,1,-1,1,-1,-1,-1,1,1,-1,1,-1,-1,-1,1,1,-1,-1,1,1,-1,-1,1,1,-1,1,1,-1,1,1,1,1,-1,1,-1,1,1,-1,1,-1,1,1,-1,1,1,1,1,1,-1,-1,1,-1,-1,-1,1,1,-1,1,1,1,-1,1,-1,-1,1,1,1,-1,1,-1,1,1,1,-1,1,1,-1,1,1,1,-1,1,1,-1,-1,1,1,1,-1,1,-1,1,1,1,-1,1,1,-1,1,1,1,-1,1,-1,-1,1,1,1,-1,1,-1,-1,-1,1,1,1,1,-1,-1,1,-1,1,-1,1,1,-1,-1,1,1,1,-1,1,-1,-1,1,1,-1,1,-1,1,-1,-1,-1,-1,1,1,-1,-1,1,1,-1,1,1,-1,-1,1,1,-1,1,1,-1,1,1,1,1,1,-1,-1,-1,-1,1,-1,-1,1,-1,-1,1,-1,-1,1,-1,-1,-1,-1,-1,1,-1,-1,-1,1,-1,1,-1,1,1,1,1,1,-1,1,-1,1,-1,-1,1,-1,-1,-1,1,1,-1,1,-1,-1,1,1,-1,-1,1,-1,1,-1,1,-1,-1,1,-1,-1,1,1,-1,1,1,-1,-1,-1,-1,-1,1,1,-1,-1,1,-1,-1,1,-1,1,-1,1,-1,-1,1,-1,-1,-1,-1,-1,-1,1,-1,1,-1,1,-1,-1,1,-1,-1,1,-1,-1,-1,1,1,-1,1,-1,-1,-1,1,1,-1,-1,-1,1,-1,1,-1,-1,1,-1,-1,1,-1,1,-1,-1,-1,-1,1,-1,1,-1,-1,1,-1,-1,1,1,1,-1,1,-1,1,-1,1,-1,1,-1,-1,-1,1,-1,-1,-1,1,1,-1,1,-1,1,-1,1,-1,1,1,-1,1,1,1,-1,-1,1,-1,1,-1,1,1,-1,1,-1,-1,1,1,-1,-1,1,-1,-1,-1,1,-1,-1,1,-1,1,1,1,1,-1,1,-1,-1,1,1,-1,-1,1,-1,-1,-1,1,1,-1,-1,1,1,-1,-1,-1,-1,1,1,1,-1,1,1,-1,-1,1,1,-1,1,-1,-1,1,1,1,1,-1,-1,-1,1,-1,1,1,1,-1,-1,-1,1,1,1,-1,-1,-1,-1,1,1,1,1,-1,-1,-1,1,1,1,-1,-1,-1,-1,1,1,1,1,-1,-1,1,1,1,1,1,-1,-1,-1,1,1,1,1,-1,-1,-1,1,1,-1,1,-1,-1,-1,1,1,1,1,-1,-1,1,1,1,1,1,-1,1,1,-1,1,1,-1,-1,-1,1,1,1,-1,1,-1,1,1,1,1,1,1,-1,-1,1,-1,1,-1,1,-1,-1,1,-1,1,-1,-1,-1,-1,1,-1,1,1,-1,1,-1,1,1,1,-1,1,1,-1,1,-1,1,-1,-1,-1,-1,1,1,-1,-1,-1,-1,-1,1,-1,1,-1,-1,-1,-1,-1,-1,-1,1,-1,-1,-1,1,-1,-1,1,-1,-1,-1,-1,-1,-1,1,-1,-1,-1,-1,-1,1,-1,-1,-1,1,-1,-1,1,-1,1,-1,-1,-1,-1,-1,-1,-1,1,-1,-1,-1,1,1,1,-1,-1,1,-1,-1,-1,-1,-1,1,-1,-1,1,-1,1,-1,-1,-1,-1,1,-1,1,1,-1,1,-1,-1,1,1,-1,-1,-1,-1,-1,-1,1,1,-1,-1,1,-1,1,1,-1,-1,-1,1,-1,1,1,-1,-1,1,-1,-1,1,1,1,-1,1,-1,1,1,1,-1,-1,1,-1,-1,1,1,1,-1,1,-1,-1,1,1,-1,1,1,-1,-1,1,1,-1,1,1,-1,-1,1,1,-1,1,1,-1,-1,1,1,1,1,1,1,-1,1,1,1,-1,1,-1,-1,1,-1,1,1,1,1,-1,-1,1,-1,1,1,1,-1,1,1,1,1,-1,1,-1,1,1,1,1,1,1,1,-1,1,1,1,1,-1,1,-1,1,1,1,1,1,1,1,1,1,1,-1,1,-1,1,1,1,-1,1,1,1,1,-1,1,1,1,-1,1,1,1,1,1,-1,-1,1,-1,1,1,1,-1,1,-1,1,1,1,1,-1,-1,1,1,-1,1,1,1,-1,1,1,-1,1,1,1,-1,1,-1,1,1,1,-1,-1,-1,-1,1,-1,1,-1,1,1,1,1,1,-1,-1,1,1,1,1,1,1,-1,1,-1,1,1,1,-1,-1,-1,-1,-1,-1,-1,-1,-1,1,-1,1,1,1,-1,1,1,-1,-1,1,1,1,-1,1,-1,1,1,1,-1,-1,1,-1,1,1,1,-1,-1,1,-1,1,1,1,-1,-1,1,-1,1,-1,1,1,-1,1,-1,-1,1,1,-1,-1,-1,-1,1,1,-1,1,-1,1,-1,-1,1,-2676.0,1,2000,445,0,False
48,1,1,-1,-1,1,-1,-1,-1,1,1,1,-1,1,1,1,1,-1,1,-1,-1,-1,-1,1,1,1,-1,1,-1,1,1,1,1,1,-1,-1,-1,1,-1,1,1,-1,-1,-1,1,1,1,1,-1,1,1,1,1,-1,1,-1,-1,1,-1,1,1,1,-1,-1,-1,1,1,1,1,-1,-1,-1,1,1,1,1,-1,-1,-1,1,1,1,-1,-1,-1,1,1,1,1,-1,-1,1,1,1,1,1,-1,-1,-1,1,-1,1,1,-1,-1,1,1,1,1,1,-1,-1,-1,1,-1,1,1,-1,-1,1,1,1,1,1,1,-1,-1,1,1,-1,1,1,-1,1,1,1,1,1,1,-1,1,1,1,1,1,1,-1,1,1,1,1,1,1,-1,-1,-1,1,1,1,1,-1,1,1,1,1,-1,1,-1,1,-1,1,1,1,-1,-1,1,1,1,1,1,-1,1,-1,-1,1,-1,1,-1,1,1,1,1,1,1,1,1,1,-1,1,-1,1,-1,1,1,-1,1,-1,1,1,-1,1,-1,1,-1,1,-1,1,1,-1,1,-1,1,1,1,1,-1,-1,1,1,-1,-1,1,-1,1,-1,-1,1,-1,1,-1,1,-1,1,-1,-1,1,-1,1,-1,1,1,-1,1,-1,1,1,1,-1,1,1,-1,-1,-1,1,-1,1,-1,1,-1,1,1,-1,1,-1,-1,-1,1,1,-1,1,-1,-1,-1,1,1,-1,-1,1,1,-1,-1,1,1,-1,1,1,-1,1,1,1,1,-1,1,-1,1,1,-1,1,-1,1,1,-1,1,1,1,1,1,-1,-1,1,-1,-1,-1,1,1,-1,1,1,1,-1,1,-1,-1,1,1,1,1,1,-1,1,1,1,-1,1,1,-1,1,1,1,-1,1,1,-1,-1,1,1,1,-1,1,-1,1,1,1,-1,1,1,-1,1,1,1,-1,1,-1,-1,1,1,1,-1,1,-1,-1,-1,1,1,-1,1,-1,-1,1,-1,1,-1,1,1,-1,-1,1,1,1,-1,1,-1,-1,1,1,-1,1,-1,1,-1,-1,-1,-1,1,1,-1,-1,1,1,-1,1,1,-1,-1,1,1,1,1,1,-1,1,1,1,-1,1,-1,-1,-1,-1,1,1,-1,1,-1,-1,1,-1,1,-1,-1,-1,-1,-1,-1,1,-1,-1,-1,1,-1,1,1,-1,1,-1,1,1,-1,1,-1,1,-1,-1,1,-1,1,-1,1,1,-1,1,-1,-1,1,1,-1,-1,1,-1,1,1,1,-1,-1,1,-1,1,-1,1,-1,1,1,-1,-1,-1,-1,-1,1,1,-1,1,-1,-1,-1,1,-1,1,1,1,-1,1,1,-1,-1,1,-1,-1,-1,1,-1,1,-1,1,-1,-1,1,-1,-1,1,-1,-1,-1,1,1,-1,1,-1,-1,-1,1,1,-1,-1,-1,1,-1,1,-1,-1,1,-1,-1,1,-1,1,-1,-1,1,-1,1,-1,1,-1,-1,1,-1,-1,1,1,1,-1,1,-1,1,-1,1,-1,1,-1,-1,-1,1,-1,-1,-1,1,1,-1,1,-1,1,-1,1,-1,1,1,-1,1,1,1,-1,-1,1,-1,1,-1,1,1,-1,1,-1,-1,1,1,-1,-1,1,-1,-1,-1,1,-1,-1,1,-1,1,1,1,1,-1,1,-1,-1,1,1,-1,-1,1,-1,-1,-1,1,1,-1,-1,1,1,-1,-1,-1,-1,1,1,1,1,1,1,-1,-1,1,1,-1,1,-1,-1,-1,1,1,1,-1,1,-1,1,-1,1,1,1,1,-1,-1,1,1,1,-1,-1,-1,1,1,1,1,1,-1,-1,-1,1,1,1,-1,-1,-1,-1,1,1,1,1,-1,-1,1,1,1,1,1,-1,-1,-1,1,1,1,1,-1,-1,-1,1,1,-1,1,-1,-1,-1,1,1,1,1,-1,-1,1,1,1,1,1,-1,1,1,-1,1,1,-1,-1,-1,1,1,1,-1,1,-1,1,1,1,1,1,1,-1,-1,1,-1,1,-1,1,-1,-1,1,-1,1,-1,-1,-1,-1,1,-1,1,1,-1,1,-1,1,1,1,-1,1,1,-1,1,-1,1,-1,-1,-1,-1,1,1,-1,-1,-1,-1,-1,1,-1,1,-1,-1,-1,-1,-1,-1,-1,1,-1,-1,-1,1,-1,-1,1,-1,-1,-1,-1,-1,1,1,-1,-1,-1,-1,-1,1,-1,-1,-1,1,-1,-1,1,-1,1,-1,-1,-1,-1,-1,-1,-1,1,-1,-1,-1,1,1,-1,-1,-1,1,-1,-1,-1,-1,-1,1,-1,-1,1,-1,1,-1,-1,-1,-1,1,-1,1,1,-1,1,-1,-1,1,1,-1,-1,-1,-1,-1,-1,1,1,-1,-1,1,-1,1,1,-1,-1,-1,1,-1,1,1,-1,-1,1,-1,-1,1,1,1,-1,1,-1,1,1,1,-1,-1,1,-1,-1,1,1,1,-1,1,-1,-1,1,1,-1,1,1,-1,-1,1,1,-1,1,1,-1,-1,1,1,1,1,1,-1,-1,1,1,1,1,-1,1,-1,1,1,1,-1,1,-1,-1,1,-1,1,1,1,1,-1,-1,1,-1,1,1,1,-1,1,1,1,1,-1,1,-1,1,1,1,1,1,1,1,-1,1,1,1,1,-1,1,-1,1,1,1,1,1,-1,1,1,1,1,-1,1,1,-1,1,1,-1,1,1,-1,-1,1,1,1,1,-1,1,-1,1,1,1,-1,-1,1,-1,1,1,1,-1,1,-1,-1,-1,1,1,-1,-1,1,-1,-1,1,1,-1,-1,1,-1,1,1,1,1,-1,-1,-1,-1,1,1,-1,-1,-1,1,1,-1,1,-1,1,1,-1,1,1,-1,-1,1,1,-1,-1,1,1,-1,1,1,1,1,1,-1,-1,-1,-1,-1,-1,-1,-1,-1,-1,1,1,1,1,-1,1,1,-1,1,1,1,1,-1,1,-1,1,1,1,-1,-1,1,-1,1,1,1,-1,-1,1,-1,1,1,1,-1,-1,1,-1,1,-1,1,1,-1,1,-1,1,1,1,1,-1,-1,1,-1,1,1,1,-1,1,-1,1,1,-2676.0,1,2000,445,500,False
49,1,1,-1,-1,1,-1,-1,-1,1,1,1,-1,1,1,1,1,-1,1,-1,-1,1,-1,1,1,1,-1,-1,-1,1,1,1,1,-1,-1,-1,-1,1,1,1,1,-1,-1,-1,1,1,1,1,-1,1,1,1,1,-1,1,-1,-1,1,-1,1,1,1,-1,-1,-1,1,1,1,1,-1,-1,-1,1,1,1,1,-1,-1,-1,1,1,1,-1,-1,-1,1,1,1,1,-1,-1,-1,1,1,1,1,-1,-1,1,1,-1,1,1,-1,-1,1,1,1,1,1,-1,-1,1,1,-1,1,1,-1,-1,1,1,1,1,1,1,-1,-1,1,1,-1,1,1,-1,1,1,1,1,1,1,-1,-1,1,1,1,1,1,-1,1,1,1,1,1,1,-1,-1,-1,1,1,1,1,-1,1,1,1,1,-1,1,-1,1,-1,1,1,1,-1,-1,1,1,1,1,1,-1,1,-1,-1,1,-1,1,-1,1,1,1,1,1,1,1,1,1,-1,1,-1,1,-1,1,1,-1,1,-1,1,1,-1,1,-1,1,-1,1,-1,1,1,-1,1,-1,1,1,1,1,-1,-1,1,1,-1,-1,1,-1,1,-1,1,1,-1,1,-1,1,-1,1,-1,1,1,-1,-1,-1,1,1,-1,1,-1,1,1,1,-1,1,1,-1,1,-1,1,-1,1,-1,1,-1,1,1,-1,1,-1,-1,-1,1,1,-1,1,-1,-1,-1,1,1,-1,-1,1,1,-1,-1,1,1,-1,1,1,-1,1,1,1,1,-1,1,-1,1,1,-1,1,-1,1,1,-1,1,1,1,1,1,-1,-1,1,-1,-1,1,1,1,-1,1,1,1,-1,1,-1,-1,1,1,1,-1,1,-1,1,1,1,-1,1,1,-1,1,1,1,-1,1,1,-1,-1,1,1,1,-1,1,-1,1,1,1,-1,1,1,-1,1,1,1,-1,1,-1,-1,1,1,1,-1,1,-1,-1,-1,1,1,1,1,-1,-1,1,-1,1,-1,1,1,-1,-1,1,1,1,-1,1,-1,-1,1,1,-1,1,-1,1,-1,-1,-1,-1,1,1,-1,-1,1,1,-1,1,1,-1,-1,1,1,-1,1,1,-1,1,1,1,1,1,-1,-1,-1,-1,1,-1,-1,1,-1,-1,1,-1,-1,1,-1,-1,-1,-1,-1,1,-1,-1,-1,1,-1,1,-1,1,1,-1,1,1,-1,1,-1,1,-1,-1,1,-1,-1,-1,1,1,-1,1,-1,-1,1,1,-1,-1,1,-1,1,-1,1,-1,-1,1,-1,-1,1,1,-1,1,1,-1,-1,-1,-1,-1,1,1,-1,-1,1,-1,-1,1,-1,1,-1,1,-1,1,1,-1,-1,-1,-1,-1,-1,1,-1,1,-1,1,-1,-1,1,-1,-1,1,-1,-1,-1,1,1,-1,1,-1,-1,-1,1,1,-1,-1,-1,1,-1,1,-1,-1,1,-1,-1,1,-1,1,-1,-1,-1,-1,1,-1,1,-1,-1,1,-1,-1,1,1,1,-1,1,-1,1,-1,-1,1,1,-1,-1,-1,1,-1,-1,-1,1,1,-1,1,-1,1,-1,1,-1,1,1,-1,1,1,1,-1,-1,1,-1,1,-1,1,1,-1,1,-1,-1,1,1,-1,-1,1,-1,-1,-1,1,-1,-1,1,-1,1,1,1,1,-1,1,-1,-1,1,1,-1,-1,1,-1,-1,-1,1,1,-1,-1,1,1,-1,-1,-1,-1,1,1,1,1,1,1,-1,-1,1,1,-1,1,-1,-1,1,1,1,1,-1,1,-1,1,-1,1,1,1,1,-1,-1,1,1,1,-1,-1,-1,-1,1,1,1,1,-1,-1,-1,1,1,1,-1,-1,-1,-1,1,1,1,1,-1,-1,1,1,1,1,1,-1,-1,-1,1,1,1,1,-1,-1,-1,1,1,-1,1,-1,-1,-1,1,1,1,1,-1,-1,1,1,1,1,1,-1,1,1,-1,1,1,-1,-1,-1,1,1,1,-1,1,-1,1,1,1,1,1,1,-1,-1,1,-1,1,-1,1,-1,-1,1,-1,1,1,-1,-1,-1,1,-1,1,1,-1,-1,-1,1,1,1,-1,1,-1,-1,1,-1,1,-1,-1,-1,-1,1,1,-1,-1,-1,-1,-1,1,-1,1,-1,-1,-1,-1,-1,-1,-1,1,-1,-1,-1,1,-1,-1,1,-1,-1,-1,-1,-1,-1,1,-1,-1,-1,-1,-1,1,-1,-1,-1,1,-1,-1,1,-1,1,-1,-1,-1,-1,-1,-1,-1,1,-1,-1,-1,1,1,1,-1,-1,-1,1,-1,-1,-1,-1,1,-1,-1,1,-1,1,-1,-1,-1,-1,1,-1,1,1,-1,1,-1,-1,1,1,-1,-1,-1,-1,-1,-1,1,1,-1,-1,1,-1,1,1,-1,-1,-1,1,-1,-1,1,-1,-1,1,-1,-1,1,1,1,-1,1,-1,1,1,1,-1,-1,1,-1,-1,1,-1,1,-1,1,-1,-1,1,1,-1,1,1,-1,-1,1,1,-1,1,1,-1,-1,1,1,-1,1,1,-1,-1,1,1,1,1,1,1,-1,1,1,1,1,1,-1,-1,1,-1,1,1,1,1,-1,-1,1,-1,1,1,1,-1,1,1,1,1,-1,1,-1,1,1,1,1,1,1,1,-1,1,1,1,1,-1,1,-1,1,1,1,1,1,1,1,1,1,1,-1,1,-1,1,1,1,-1,1,1,1,1,-1,1,1,1,-1,1,1,1,1,1,-1,-1,1,-1,1,1,1,-1,1,-1,1,1,1,1,-1,-1,1,1,-1,1,1,-1,-1,1,1,-1,1,1,1,-1,1,-1,1,1,1,-1,-1,-1,-1,1,-1,1,-1,1,1,1,1,1,-1,-1,1,1,1,1,1,1,-1,1,-1,1,1,1,-1,-1,-1,-1,-1,-1,-1,-1,-1,1,-1,1,1,1,-1,1,1,-1,-1,1,1,1,-1,1,-1,1,1,1,1,-1,1,-1,1,1,1,1,-1,1,-1,1,1,1,1,-1,1,-1,1,-1,-1,-1,-1,1,-1,-1,1,1,-1,-1,-1,-1,1,1,-1,1,-1,1,-1,-1,1,-2676.0,1,2000,445,500,False
50,1,1,-1,-1,1,-1,-1,-1,1,1,1,-1,1,1,1,1,-1,1,-1,-1,-1,-1,1,1,1,-1,-1,-1,1,1,1,1,1,-1,-1,-1,1,1,1,-1,-1,-1,-1,1,1,1,1,-1,1,1,1,1,-1,1,-1,-1,1,-1,1,1,1,-1,-1,-1,1,1,1,1,-1,-1,-1,1,1,1,1,-1,-1,-1,1,1,1,-1,-1,-1,1,1,1,1,-1,-1,-1,1,1,1,1,-1,-1,1,1,-1,1,1,-1,-1,1,1,1,1,1,-1,-1,1,1,-1,1,1,-1,-1,1,1,1,1,1,1,-1,1,1,1,-1,1,1,-1,1,1,1,1,1,1,-1,-1,1,1,1,1,1,-1,1,1,1,1,1,1,-1,-1,-1,1,1,1,1,-1,1,1,1,1,-1,1,-1,1,-1,1,1,1,-1,-1,1,1,1,1,1,-1,1,-1,-1,1,-1,1,-1,1,1,1,1,1,1,1,1,1,1,1,-1,1,-1,1,1,-1,1,-1,1,1,-1,1,-1,1,-1,1,-1,1,1,-1,-1,-1,1,1,1,1,-1,-1,1,1,-1,-1,1,-1,1,-1,-1,1,-1,1,-1,1,-1,1,-1,-1,1,-1,-1,-1,1,1,-1,1,-1,1,1,1,-1,1,1,-1,1,-1,1,-1,1,-1,1,-1,1,1,-1,1,-1,-1,-1,1,1,-1,1,-1,-1,-1,1,1,-1,-1,1,1,-1,-1,1,1,-1,1,1,-1,1,1,1,1,-1,1,-1,1,1,-1,1,-1,1,1,-1,1,1,1,1,1,-1,-1,1,-1,-1,1,1,1,-1,1,1,1,-1,1,-1,-1,1,1,1,1,1,-1,1,1,1,-1,1,1,-1,1,1,1,-1,1,1,-1,-1,1,1,1,-1,1,-1,1,1,1,-1,1,1,-1,1,1,1,-1,1,-1,-1,1,1,1,-1,1,-1,-1,-1,1,1,-1,1,-1,-1,1,-1,1,-1,1,1,-1,-1,1,1,1,-1,1,-1,-1,1,1,-1,1,-1,1,-1,-1,-1,-1,1,1,-1,-1,1,1,-1,1,1,-1,-1,1,1,1,1,1,-1,1,1,1,-1,1,-1,-1,-1,-1,1,1,-1,1,-1,-1,1,-1,1,-1,-1,-1,-1,-1,-1,1,-1,-1,-1,1,-1,1,1,-1,1,1,1,1,-1,1,-1,1,-1,-1,1,-1,1,-1,1,1,-1,1,-1,-1,1,1,-1,-1,1,-1,1,1,1,-1,-1,1,-1,1,-1,1,-1,1,1,-1,1,-1,-1,-1,1,1,-1,1,-1,-1,-1,1,-1,1,1,-1,-1,-1,1,-1,-1,1,-1,-1,-1,1,-1,1,-1,-1,-1,-1,1,-1,-1,1,-1,-1,-1,1,1,-1,1,-1,-1,-1,1,1,-1,-1,-1,1,-1,1,-1,-1,1,-1,-1,1,-1,1,-1,-1,1,-1,1,-1,1,-1,-1,1,-1,-1,1,1,1,-1,1,-1,1,-1,-1,-1,1,-1,-1,-1,1,-1,-1,-1,1,1,-1,1,-1,1,-1,1,-1,1,1,-1,1,1,1,-1,-1,1,-1,1,-1,1,1,-1,1,-1,-1,1,1,-1,-1,1,-1,-1,-1,1,-1,-1,1,-1,1,1,1,1,-1,1,-1,-1,1,1,-1,-1,1,-1,-1,-1,1,1,-1,-1,1,1,-1,-1,-1,-1,1,1,1,-1,1,1,-1,-1,1,1,-1,1,-1,-1,1,1,1,1,-1,1,-1,1,-1,1,1,1,1,-1,-1,1,1,1,-1,-1,-1,1,1,1,1,1,-1,-1,-1,1,1,1,-1,-1,-1,-1,1,1,1,1,-1,-1,-1,1,1,1,1,-1,-1,1,1,1,1,1,-1,-1,-1,1,1,-1,1,-1,-1,-1,1,1,1,1,-1,-1,1,1,1,1,1,-1,1,1,-1,1,1,-1,-1,-1,1,1,1,1,1,-1,1,1,1,1,1,1,-1,-1,1,-1,1,-1,1,-1,-1,1,-1,1,-1,-1,-1,-1,1,-1,1,1,-1,-1,-1,1,1,1,-1,1,-1,-1,1,-1,1,-1,-1,-1,-1,1,1,-1,-1,-1,-1,-1,1,-1,1,-1,-1,-1,-1,-1,-1,-1,1,-1,-1,-1,1,-1,-1,1,-1,-1,-1,-1,-1,-1,1,-1,-1,-1,-1,-1,1,-1,-1,-1,1,-1,-1,1,-1,1,-1,-1,-1,-1,-1,-1,-1,1,-1,-1,-1,1,1,-1,-1,-1,1,-1,-1,-1,-1,-1,1,-1,-1,1,1,1,-1,-1,-1,-1,1,-1,1,1,-1,1,-1,-1,1,1,-1,-1,-1,-1,-1,-1,1,1,-1,-1,1,-1,1,1,-1,-1,-1,1,-1,1,1,-1,-1,1,-1,-1,1,1,1,-1,1,-1,1,1,1,-1,-1,1,-1,-1,1,1,1,-1,1,-1,-1,1,1,-1,1,1,-1,-1,1,1,1,1,1,-1,-1,1,1,-1,1,1,-1,-1,1,1,1,1,-1,1,-1,1,1,1,-1,1,-1,-1,1,-1,1,1,1,1,-1,-1,1,-1,1,1,1,-1,1,1,1,1,-1,1,-1,1,1,1,1,1,1,1,-1,-1,1,1,1,-1,1,-1,1,1,1,1,1,-1,1,1,1,1,-1,1,1,-1,1,1,-1,1,1,-1,-1,1,1,1,1,-1,1,-1,1,1,1,-1,-1,1,-1,1,1,1,-1,1,-1,-1,-1,1,1,-1,-1,1,-1,-1,1,1,1,-1,1,-1,1,1,1,1,-1,1,-1,-1,1,1,-1,-1,-1,1,1,-1,1,-1,1,1,-1,1,1,-1,-1,1,1,-1,-1,1,1,-1,1,1,1,1,1,-1,-1,-1,-1,-1,-1,-1,-1,-1,-1,1,1,1,1,-1,1,1,-1,1,1,1,1,-1,1,-1,1,1,1,1,-1,1,-1,1,1,1,1,-1,1,-1,1,1,1,1,-1,1,-1,1,1,1,-1,-1,1,-1,1,1,1,-1,-1,-1,1,-1,1,-1,1,-1,1,-1,1,1,-2676.0,1,2000,445,1500,False
51,1,1,-1,-1,1,1,-1,-1,1,1,1,-1,1,1,1,1,-1,1,-1,-1,-1,-1,1,1,1,-1,1,-1,1,1,1,1,1,-1,-1,-1,1,1,1,1,-1,-1,-1,1,1,1,1,-1,1,1,1,1,-1,1,-1,-1,1,-1,1,1,1,-1,-1,-1,1,1,1,1,-1,-1,-1,1,1,1,1,-1,-1,-1,1,1,1,-1,-1,-1,1,1,1,1,-1,-1,-1,1,1,1,1,-1,-1,1,1,-1,1,1,-1,-1,1,1,1,1,1,-1,-1,1,1,1,1,1,-1,-1,1,1,1,1,1,1,-1,-1,1,1,-1,1,1,-1,1,1,1,1,1,1,-1,-1,1,1,1,1,1,-1,1,1,1,1,1,1,-1,-1,-1,1,1,1,1,-1,1,1,1,1,-1,1,-1,1,-1,1,1,1,-1,-1,1,1,1,1,1,-1,1,-1,-1,1,-1,1,-1,1,1,1,1,1,1,1,1,1,-1,1,-1,1,-1,1,1,-1,1,-1,1,1,-1,1,-1,1,-1,1,-1,1,1,-1,1,-1,1,1,1,1,-1,-1,1,1,-1,-1,1,-1,1,-1,1,1,-1,1,-1,1,-1,1,-1,-1,1,-1,1,-1,1,1,-1,1,-1,1,1,1,-1,1,1,-1,1,-1,1,-1,1,-1,1,-1,1,1,-1,1,-1,-1,-1,1,1,-1,1,-1,-1,-1,1,1,-1,-1,1,1,-1,-1,1,1,-1,1,1,-1,1,1,1,1,-1,1,-1,1,1,-1,1,-1,1,1,-1,1,1,1,1,1,-1,-1,1,-1,-1,1,1,1,-1,1,1,1,-1,1,-1,-1,1,1,1,1,1,-1,1,1,1,-1,1,1,-1,1,1,1,-1,1,1,-1,-1,1,1,1,-1,1,-1,1,1,1,-1,1,1,-1,1,1,1,-1,1,-1,-1,1,1,1,-1,1,-1,-1,-1,1,1,-1,1,-1,-1,1,-1,1,-1,1,1,-1,-1,1,1,1,-1,1,-1,-1,1,1,-1,1,-1,1,-1,-1,-1,-1,1,1,-1,-1,1,1,-1,1,1,-1,-1,1,1,1,1,1,-1,1,1,1,-1,1,-1,-1,-1,-1,1,1,-1,1,-1,-1,1,-1,1,-1,-1,-1,-1,1,-1,1,-1,-1,-1,1,-1,1,1,-1,1,-1,1,1,-1,1,-1,1,-1,-1,1,-1,1,-1,1,1,-1,1,-1,-1,1,1,-1,-1,1,-1,1,1,1,-1,-1,1,-1,1,-1,1,-1,1,1,1,-1,-1,-1,-1,1,1,-1,1,-1,-1,-1,1,-1,1,1,-1,-1,1,1,-1,-1,1,-1,-1,-1,1,-1,1,-1,-1,-1,-1,1,-1,-1,1,-1,-1,-1,1,1,-1,1,-1,-1,-1,1,1,-1,-1,-1,1,-1,1,-1,-1,1,-1,-1,1,-1,1,-1,-1,1,-1,1,-1,1,1,-1,1,-1,-1,1,1,1,-1,1,-1,1,-1,1,-1,1,-1,-1,-1,1,-1,-1,-1,1,1,-1,1,-1,1,-1,1,-1,1,1,-1,1,1,1,-1,-1,1,-1,1,-1,1,1,-1,1,-1,-1,1,1,-1,-1,1,-1,-1,-1,1,-1,-1,1,-1,1,1,1,1,-1,1,-1,-1,1,1,-1,-1,1,-1,-1,-1,1,1,-1,-1,1,1,-1,-1,-1,-1,1,1,1,1,1,1,-1,-1,1,1,-1,1,-1,-1,-1,1,1,1,-1,-1,-1,1,-1,1,1,1,-1,-1,-1,1,1,1,-1,-1,-1,-1,1,1,1,1,-1,-1,-1,1,1,1,-1,-1,-1,-1,1,1,1,1,-1,-1,1,1,1,1,1,-1,-1,-1,1,1,1,1,-1,-1,-1,1,1,-1,1,-1,-1,-1,1,1,1,1,-1,-1,1,1,1,1,1,-1,1,1,-1,1,1,-1,-1,-1,1,1,1,-1,1,-1,1,1,1,1,1,1,-1,-1,1,-1,1,-1,1,-1,-1,1,-1,1,-1,-1,-1,-1,1,-1,1,1,-1,-1,-1,1,1,1,-1,1,-1,-1,1,-1,1,-1,-1,-1,-1,1,1,-1,-1,-1,-1,-1,1,-1,1,-1,-1,-1,-1,-1,-1,-1,1,-1,-1,-1,1,-1,-1,1,-1,-1,-1,-1,-1,-1,1,-1,-1,-1,-1,-1,1,-1,-1,-1,1,-1,-1,1,-1,1,-1,-1,-1,-1,-1,-1,-1,1,-1,-1,-1,1,1,1,-1,-1,-1,1,-1,-1,-1,-1,1,-1,-1,1,-1,1,-1,-1,-1,-1,1,1,1,1,-1,1,-1,-1,-1,1,-1,-1,-1,-1,-1,-1,1,1,-1,-1,1,-1,1,1,-1,-1,-1,1,-1,1,1,-1,-1,1,-1,-1,1,1,1,-1,1,-1,1,1,1,-1,-1,1,-1,-1,1,1,1,-1,1,-1,-1,1,1,-1,1,1,-1,-1,1,1,-1,1,1,-1,-1,1,1,1,1,1,-1,-1,1,1,1,1,-1,1,-1,1,1,1,1,1,-1,-1,1,-1,1,1,1,1,-1,-1,1,-1,1,1,1,-1,1,1,1,1,-1,1,-1,1,1,1,1,1,1,1,-1,1,1,1,1,-1,1,-1,1,1,1,1,1,-1,1,1,1,1,-1,1,1,-1,1,1,-1,1,1,-1,-1,1,1,1,1,-1,1,-1,1,1,1,-1,-1,1,-1,1,1,1,-1,1,-1,-1,-1,1,1,-1,-1,1,-1,-1,1,1,1,-1,1,-1,1,-1,1,1,-1,-1,-1,-1,1,1,-1,-1,-1,1,1,-1,1,-1,1,1,-1,1,1,-1,-1,1,1,-1,-1,1,1,-1,1,1,1,1,1,-1,-1,-1,-1,1,-1,-1,-1,-1,-1,1,1,1,1,-1,1,1,-1,1,1,1,1,-1,1,-1,1,1,1,1,-1,1,-1,1,1,1,1,-1,1,-1,1,1,1,1,-1,1,-1,1,1,1,-1,-1,1,-1,1,1,1,-1,-1,-1,1,-1,1,-1,1,-1,1,-1,1,1,-2676.0,1,2000,445,1500,False
52,1,1,-1,-1,1,1,-1,-1,1,1,1,-1,-1,1,1,1,-1,1,-1,-1,-1,-1,1,1,1,1,-1,-1,1,1,1,1,-1,-1,-1,-1,1,1,1,1,-1,-1,-1,1,1,1,1,-1,1,1,1,1,-1,1,-1,-1,1,-1,1,1,1,-1,-1,-1,1,1,1,1,-1,-1,-1,1,1,1,1,-1,-1,-1,1,1,1,-1,-1,-1,1,1,1,1,-1,-1,1,1,1,1,1,-1,-1,-1,1,-1,1,1,-1,-1,1,1,1,1,1,-1,-1,-1,1,-1,1,1,-1,-1,1,1,1,1,1,1,-1,-1,1,1,-1,1,1,-1,1,1,1,1,1,1,-1,1,1,1,1,1,1,-1,1,1,1,1,1,1,-1,-1,-1,1,1,1,1,-1,1,1,1,1,-1,1,-1,1,-1,1,1,1,-1,-1,1,1,1,1,1,-1,1,-1,-1,1,-1,1,-1,1,1,1,1,1,1,1,1,1,-1,1,-1,1,-1,1,1,-1,1,-1,1,1,-1,1,-1,1,-1,1,-1,1,1,-1,-1,-1,1,1,1,1,-1,-1,1,1,-1,-1,1,-1,1,-1,-1,1,-1,1,-1,1,-1,1,-1,1,1,-1,1,-1,1,1,-1,1,-1,1,1,1,-1,1,1,-1,1,-1,1,-1,1,-1,1,-1,1,1,-1,1,-1,-1,-1,1,1,-1,1,-1,-1,-1,1,1,-1,-1,1,1,-1,-1,1,1,-1,1,1,-1,1,1,1,1,-1,1,-1,1,1,-1,1,-1,1,1,-1,1,1,1,1,1,-1,-1,1,-1,-1,1,1,1,-1,1,1,1,-1,1,-1,-1,1,1,1,1,1,-1,1,1,1,-1,1,1,-1,1,1,1,-1,1,1,-1,-1,1,1,1,-1,1,-1,1,1,1,-1,1,1,-1,1,1,1,-1,1,-1,-1,1,1,1,-1,1,-1,-1,-1,1,1,-1,1,-1,-1,1,-1,1,-1,1,1,-1,-1,1,1,1,-1,1,-1,-1,1,1,-1,1,-1,1,-1,-1,-1,-1,1,1,-1,-1,1,1,-1,1,1,-1,-1,1,1,1,1,1,-1,1,1,1,-1,1,-1,-1,-1,-1,1,1,-1,1,-1,-1,1,-1,1,-1,-1,-1,-1,-1,-1,1,-1,-1,-1,1,-1,1,1,-1,1,-1,1,1,-1,1,-1,1,-1,-1,1,-1,1,-1,1,1,-1,1,-1,-1,1,1,-1,-1,1,-1,1,1,1,-1,-1,1,-1,1,-1,1,-1,1,1,-1,1,-1,-1,-1,1,1,-1,1,-1,-1,-1,1,-1,1,1,-1,-1,1,1,-1,-1,1,-1,-1,-1,1,-1,1,-1,-1,-1,-1,1,-1,-1,1,-1,-1,-1,1,1,-1,1,-1,-1,-1,1,1,-1,-1,-1,1,-1,1,-1,-1,1,-1,-1,1,-1,1,-1,-1,1,-1,1,-1,1,1,-1,1,-1,-1,1,1,1,-1,1,-1,1,-1,-1,-1,1,-1,-1,-1,1,-1,-1,-1,1,1,-1,1,-1,1,-1,1,-1,1,1,-1,1,1,1,-1,-1,1,-1,1,-1,1,1,-1,1,-1,-1,1,1,-1,-1,1,-1,-1,-1,1,-1,-1,1,-1,1,1,1,1,-1,1,-1,-1,1,1,-1,-1,1,-1,-1,-1,1,1,-1,-1,1,1,-1,1,-1,-1,1,1,1,1,1,1,-1,-1,1,1,-1,1,-1,-1,-1,1,1,1,-1,1,-1,1,-1,1,1,1,1,-1,-1,1,1,1,-1,-1,-1,-1,1,1,1,1,-1,-1,-1,1,1,1,-1,-1,-1,-1,1,1,1,1,-1,-1,-1,1,1,1,1,-1,-1,1,1,1,1,1,-1,-1,-1,1,1,-1,1,-1,-1,-1,1,1,1,1,-1,-1,1,1,1,1,1,-1,1,1,-1,1,1,-1,-1,-1,1,1,1,-1,1,-1,1,1,1,1,1,1,-1,-1,1,-1,1,-1,1,-1,-1,1,-1,1,1,-1,-1,-1,1,-1,1,1,-1,-1,-1,1,1,1,-1,1,-1,-1,1,-1,1,-1,-1,-1,-1,1,1,-1,-1,-1,-1,-1,1,-1,1,-1,-1,-1,-1,-1,-1,-1,1,-1,-1,-1,1,-1,-1,1,-1,-1,-1,-1,-1,-1,1,-1,-1,-1,-1,-1,1,-1,-1,-1,1,-1,-1,1,-1,1,-1,-1,-1,-1,-1,-1,-1,1,-1,-1,-1,1,1,-1,-1,-1,1,-1,-1,-1,-1,-1,1,-1,-1,1,1,1,-1,-1,-1,-1,1,-1,1,1,-1,1,-1,-1,1,1,-1,-1,-1,-1,-1,-1,1,1,-1,-1,1,-1,1,1,-1,-1,-1,1,-1,1,1,-1,-1,1,-1,-1,1,1,1,-1,1,-1,1,1,1,-1,-1,1,-1,-1,1,1,1,-1,1,-1,-1,1,1,-1,1,1,-1,-1,1,1,-1,1,1,-1,-1,1,1,-1,1,1,-1,-1,1,1,1,1,1,1,-1,1,1,1,1,1,-1,-1,1,-1,1,1,1,1,-1,-1,1,-1,1,1,1,-1,1,1,1,1,-1,1,-1,1,1,1,1,1,1,1,-1,-1,1,1,1,-1,1,-1,1,1,1,1,1,-1,1,1,1,1,-1,1,1,-1,1,1,-1,1,1,-1,-1,1,1,1,1,-1,1,-1,1,1,1,-1,-1,1,-1,1,1,1,-1,1,-1,-1,-1,1,1,-1,-1,1,-1,-1,1,1,-1,-1,1,-1,1,1,1,1,-1,-1,-1,-1,1,1,-1,-1,-1,1,1,1,1,-1,1,1,-1,1,1,-1,-1,1,1,-1,-1,1,1,-1,1,1,1,1,1,-1,-1,-1,-1,1,-1,-1,-1,-1,-1,1,1,1,1,-1,1,1,-1,1,1,1,1,-1,1,-1,1,1,1,-1,-1,1,-1,1,1,1,-1,-1,1,-1,1,1,1,-1,-1,1,-1,1,1,1,1,-1,1,-1,1,1,1,1,-1,-1,1,-1,1,-1,1,-1,1,-1,1,1,-2676.0,1,2000,445,500,False
53,1,1,-1,-1,1,1,-1,-1,1,1,1,-1,1,1,1,1,-1,1,-1,-1,1,-1,1,1,1,-1,1,-1,1,1,1,1,1,-1,-1,-1,1,1,1,1,-1,-1,-1,1,1,1,1,-1,1,1,1,1,-1,1,-1,-1,1,-1,1,1,1,-1,-1,-1,1,1,1,1,-1,-1,-1,1,1,1,1,-1,-1,-1,1,1,1,-1,-1,-1,1,1,1,1,-1,-1,-1,1,1,1,1,-1,-1,1,1,-1,1,1,-1,-1,1,1,1,1,1,-1,-1,1,1,1,1,1,-1,-1,1,1,1,1,1,1,-1,-1,1,1,-1,1,1,-1,1,1,1,1,1,1,-1,-1,1,1,1,1,1,-1,1,1,1,1,1,1,-1,-1,-1,1,1,1,1,-1,1,1,1,1,-1,1,-1,1,-1,1,1,1,-1,-1,1,1,1,1,1,-1,1,-1,-1,1,-1,1,-1,1,1,1,1,1,1,1,1,1,-1,1,-1,1,-1,1,1,-1,1,-1,1,1,-1,1,-1,1,-1,1,-1,1,1,-1,1,-1,1,1,1,1,-1,-1,1,1,-1,-1,1,-1,1,-1,-1,1,-1,1,-1,1,-1,1,-1,-1,1,-1,-1,-1,1,1,-1,1,-1,1,1,1,-1,1,1,-1,1,-1,1,-1,1,-1,1,-1,1,1,-1,1,-1,-1,-1,1,1,-1,1,-1,-1,-1,1,1,-1,-1,1,1,-1,-1,1,1,-1,1,1,-1,1,1,1,1,-1,1,-1,1,1,-1,1,-1,1,1,-1,1,1,1,1,1,-1,-1,1,-1,-1,1,1,1,-1,1,1,1,-1,1,-1,-1,1,1,1,1,1,-1,1,1,1,-1,1,1,-1,1,1,1,-1,1,1,-1,-1,1,1,1,-1,1,-1,1,1,1,-1,1,1,-1,1,1,1,-1,1,-1,-1,1,1,1,-1,1,-1,-1,-1,1,1,-1,1,-1,-1,1,-1,1,-1,1,1,-1,-1,1,1,1,-1,1,-1,-1,1,1,-1,1,-1,1,-1,-1,-1,-1,1,1,-1,-1,1,1,-1,1,1,-1,-1,1,1,1,1,1,-1,1,1,1,-1,1,-1,-1,-1,-1,1,1,-1,1,-1,-1,1,-1,1,-1,-1,-1,-1,-1,-1,1,-1,-1,-1,1,-1,1,1,-1,1,-1,1,1,-1,1,-1,1,-1,-1,1,-1,1,-1,1,1,-1,1,-1,-1,1,1,-1,-1,1,-1,1,1,1,-1,-1,1,-1,1,-1,1,-1,1,1,-1,1,-1,-1,-1,1,1,-1,1,-1,-1,-1,1,-1,1,1,-1,-1,-1,1,-1,-1,1,-1,-1,-1,1,-1,1,-1,-1,-1,-1,1,-1,-1,1,-1,-1,-1,1,1,-1,1,-1,-1,-1,1,1,-1,1,-1,1,-1,1,-1,-1,1,-1,-1,1,-1,1,-1,-1,1,-1,1,-1,1,-1,-1,1,-1,-1,1,1,1,-1,1,-1,1,-1,1,1,1,-1,-1,-1,1,-1,-1,-1,1,1,-1,1,-1,1,-1,1,-1,1,1,-1,1,1,1,-1,-1,1,-1,1,-1,1,1,-1,1,-1,-1,1,1,-1,-1,1,-1,-1,-1,1,-1,-1,1,-1,1,1,1,1,-1,1,-1,-1,1,1,-1,-1,1,-1,-1,-1,1,1,-1,-1,1,1,-1,-1,-1,-1,1,1,1,1,1,1,-1,-1,1,1,-1,1,-1,-1,1,1,1,1,-1,-1,-1,1,-1,1,1,1,-1,-1,-1,1,1,1,-1,-1,-1,-1,1,1,1,1,-1,-1,-1,1,1,1,-1,-1,-1,-1,1,1,1,1,-1,-1,1,1,1,1,1,-1,-1,-1,1,1,1,1,-1,-1,-1,1,1,-1,1,-1,-1,-1,1,1,1,1,-1,-1,1,1,1,1,1,-1,1,1,-1,1,1,-1,-1,-1,1,1,1,-1,1,-1,1,1,1,1,1,1,-1,-1,1,-1,1,-1,1,-1,-1,1,-1,1,-1,-1,-1,-1,1,-1,1,1,-1,-1,-1,1,1,1,-1,1,-1,-1,1,-1,1,-1,-1,-1,-1,1,1,-1,-1,-1,-1,-1,1,-1,1,-1,-1,-1,-1,-1,-1,-1,1,-1,-1,-1,1,-1,-1,1,-1,-1,-1,-1,-1,-1,1,-1,-1,-1,-1,-1,1,-1,-1,-1,1,-1,-1,1,-1,1,-1,-1,-1,-1,-1,-1,-1,1,-1,-1,-1,1,1,-1,-1,-1,1,1,-1,-1,-1,-1,1,-1,-1,1,1,1,-1,-1,-1,-1,1,-1,1,1,-1,1,-1,-1,1,1,-1,-1,-1,-1,-1,-1,1,1,-1,-1,1,-1,1,1,-1,-1,-1,1,-1,1,1,-1,-1,1,-1,-1,1,1,1,-1,1,-1,1,1,1,-1,-1,1,-1,-1,1,1,1,-1,1,-1,-1,1,1,-1,1,1,-1,-1,1,1,-1,1,1,-1,-1,1,1,1,1,1,-1,-1,1,1,1,1,-1,1,-1,1,1,1,1,1,-1,-1,1,-1,1,1,1,1,-1,-1,1,-1,1,1,1,-1,1,1,1,1,-1,1,-1,1,1,1,1,1,1,1,-1,-1,1,1,1,-1,1,-1,1,1,1,1,1,-1,1,1,1,1,-1,1,1,-1,1,1,-1,1,1,-1,-1,1,1,1,1,-1,1,-1,1,1,1,-1,-1,1,-1,1,1,1,-1,1,-1,-1,-1,1,1,-1,-1,1,-1,-1,1,1,1,-1,1,-1,1,-1,1,1,-1,-1,-1,-1,1,1,-1,-1,-1,1,1,-1,1,-1,1,1,-1,1,1,-1,-1,1,1,-1,-1,1,1,-1,1,1,1,1,1,-1,-1,-1,-1,-1,-1,-1,-1,-1,-1,1,1,1,1,-1,1,1,-1,1,1,1,1,-1,1,-1,1,1,1,1,-1,1,-1,1,1,1,1,-1,1,-1,1,1,1,1,-1,1,-1,1,1,-1,-1,-1,1,-1,1,1,1,-1,-1,-1,1,-1,1,-1,1,-1,1,-1,1,1,-2676.0,1,2000,445,500,False
54,1,1,-1,-1,1,1,-1,-1,1,1,1,-1,-1,1,1,1,-1,1,-1,-1,-1,-1,1,1,1,-1,-1,-1,1,1,1,1,-1,-1,-1,-1,1,-1,1,1,-1,-1,-1,1,1,1,1,-1,1,1,1,1,-1,1,-1,-1,1,-1,1,1,1,-1,-1,-1,1,1,1,1,-1,-1,-1,1,1,1,1,-1,-1,-1,1,1,1,-1,-1,-1,1,1,1,1,-1,1,-1,1,1,1,1,-1,-1,1,1,-1,1,1,-1,-1,1,1,1,1,1,-1,-1,1,1,1,1,1,-1,-1,1,1,1,1,1,1,-1,1,1,1,-1,1,1,-1,1,1,1,1,1,1,-1,-1,1,1,1,1,1,-1,1,1,1,1,1,1,-1,-1,-1,1,1,1,1,-1,1,1,1,1,-1,1,-1,1,-1,1,1,1,-1,-1,1,1,1,1,1,-1,1,-1,-1,1,-1,1,-1,1,1,1,1,1,1,1,1,1,-1,1,-1,1,-1,1,1,-1,1,-1,1,1,-1,1,-1,1,-1,1,-1,1,1,-1,-1,-1,1,1,1,1,-1,-1,1,1,-1,-1,1,-1,1,-1,-1,1,-1,1,-1,1,-1,1,-1,-1,1,-1,1,-1,1,1,-1,1,-1,1,1,1,-1,1,1,-1,1,-1,1,-1,1,-1,1,-1,1,1,-1,1,-1,-1,-1,1,1,-1,1,-1,-1,-1,1,1,-1,-1,1,1,-1,-1,1,1,-1,1,1,-1,1,1,1,1,-1,1,-1,1,1,-1,1,-1,1,1,-1,1,1,1,1,1,-1,-1,1,-1,-1,-1,1,1,-1,1,1,1,-1,1,-1,-1,1,1,1,1,1,-1,1,1,1,-1,1,1,-1,1,1,1,-1,1,1,-1,-1,1,1,1,-1,1,-1,1,1,1,-1,1,1,-1,1,1,1,-1,1,-1,-1,1,1,1,-1,1,-1,-1,-1,1,1,-1,1,-1,-1,1,-1,1,-1,1,1,-1,-1,1,1,1,-1,1,-1,-1,1,1,-1,1,-1,1,-1,-1,-1,-1,1,1,-1,-1,1,1,-1,1,1,-1,-1,1,1,1,1,1,-1,1,1,1,-1,1,-1,-1,-1,-1,1,1,-1,1,-1,-1,1,-1,1,-1,-1,-1,-1,-1,-1,1,-1,-1,-1,1,-1,1,1,-1,1,-1,1,1,-1,1,-1,1,-1,-1,1,-1,1,-1,1,-1,1,1,-1,-1,1,1,-1,-1,1,-1,1,1,1,1,-1,1,-1,1,-1,1,-1,1,1,-1,1,-1,1,-1,1,1,-1,1,-1,-1,-1,1,-1,1,1,-1,-1,-1,1,-1,-1,1,-1,1,-1,1,-1,1,-1,1,-1,-1,1,-1,-1,1,-1,-1,-1,1,1,-1,1,-1,-1,-1,1,1,-1,-1,-1,1,-1,1,-1,-1,1,-1,-1,1,1,1,-1,-1,1,-1,1,-1,1,-1,-1,1,-1,-1,1,1,1,-1,1,-1,1,-1,1,1,1,-1,-1,-1,1,-1,-1,-1,1,1,-1,1,-1,1,-1,1,-1,1,1,-1,1,1,1,-1,-1,1,-1,1,-1,1,1,-1,1,-1,-1,1,1,-1,-1,1,-1,-1,-1,1,-1,-1,1,-1,1,1,1,1,-1,1,-1,-1,1,1,-1,-1,1,-1,-1,-1,1,1,-1,-1,1,1,-1,-1,-1,-1,1,1,1,1,1,1,-1,-1,1,1,1,-1,-1,-1,-1,1,1,1,-1,-1,-1,1,-1,1,-1,1,1,-1,-1,1,1,1,-1,-1,-1,1,1,1,1,1,-1,-1,-1,1,1,1,-1,-1,-1,-1,1,1,1,1,-1,-1,-1,1,1,1,1,-1,-1,1,1,1,1,1,-1,-1,-1,1,1,-1,1,-1,-1,-1,1,1,1,1,-1,-1,1,1,1,1,1,-1,1,1,-1,1,1,-1,-1,-1,1,1,1,1,1,-1,1,1,1,1,1,1,-1,-1,1,-1,1,-1,1,-1,-1,1,-1,1,-1,-1,-1,-1,1,-1,1,1,-1,1,-1,1,1,1,-1,1,1,-1,1,-1,1,-1,-1,-1,-1,1,1,-1,-1,-1,-1,-1,1,-1,1,-1,-1,-1,-1,-1,-1,-1,1,-1,-1,-1,1,-1,-1,1,-1,-1,-1,-1,-1,1,1,-1,-1,-1,-1,-1,1,-1,-1,-1,1,-1,-1,1,-1,1,-1,-1,-1,-1,-1,-1,-1,1,-1,-1,-1,1,1,1,-1,-1,1,-1,-1,-1,-1,-1,1,-1,-1,1,1,1,-1,-1,-1,-1,1,-1,1,1,-1,1,-1,-1,1,1,-1,-1,-1,-1,-1,-1,1,1,-1,-1,1,-1,1,1,-1,-1,-1,1,-1,1,1,-1,-1,1,-1,-1,1,1,1,-1,1,-1,1,1,1,-1,-1,1,-1,-1,1,-1,1,-1,1,-1,-1,1,1,-1,1,1,-1,-1,1,1,-1,1,1,-1,-1,1,1,-1,1,1,-1,-1,1,1,1,1,-1,1,-1,1,1,1,-1,1,-1,-1,1,-1,1,1,1,1,-1,-1,1,-1,1,1,1,-1,1,1,1,1,-1,1,-1,1,1,1,1,1,1,1,-1,-1,1,1,1,-1,1,-1,1,1,1,1,1,-1,1,1,1,1,-1,1,1,-1,1,1,-1,1,1,-1,-1,1,1,1,1,-1,1,-1,1,1,1,-1,-1,1,-1,1,1,1,-1,1,-1,-1,-1,1,1,-1,-1,1,-1,-1,1,1,-1,-1,1,-1,1,1,1,1,-1,-1,-1,-1,1,1,-1,-1,-1,1,1,1,1,-1,1,1,-1,1,1,-1,-1,1,1,-1,-1,-1,1,-1,1,1,1,1,1,-1,-1,-1,-1,1,-1,-1,-1,-1,-1,1,1,1,1,-1,1,1,-1,1,1,1,1,-1,1,-1,1,1,1,1,-1,1,-1,1,1,1,1,-1,1,-1,1,1,1,1,-1,1,-1,1,1,1,-1,-1,1,-1,1,1,1,-1,-1,-1,1,-1,1,-1,1,-1,1,-1,1,1,-2676.0,1,2000,445,500,False
55,1,1,-1,-1,1,1,-1,-1,1,1,1,-1,-1,1,1,1,-1,1,-1,-1,-1,-1,1,1,1,-1,-1,-1,1,1,1,1,-1,-1,-1,-1,1,1,1,1,-1,-1,-1,1,1,1,1,-1,1,1,1,1,-1,1,-1,-1,1,-1,1,1,1,-1,-1,-1,1,1,1,1,-1,-1,-1,1,1,1,1,-1,-1,-1,1,1,1,-1,-1,-1,1,1,1,1,-1,-1,1,1,1,1,1,-1,-1,-1,1,-1,1,1,-1,-1,1,1,1,1,1,-1,-1,-1,1,1,1,1,-1,-1,1,1,1,1,1,1,-1,-1,1,1,-1,1,1,-1,1,1,1,1,1,1,-1,1,1,1,1,1,1,-1,1,1,1,1,1,1,-1,-1,-1,1,1,1,1,-1,1,1,1,1,-1,1,-1,1,-1,1,1,1,-1,-1,1,1,1,1,1,-1,1,-1,-1,1,-1,1,-1,1,1,1,1,1,1,1,1,1,-1,1,-1,1,-1,1,1,-1,1,-1,1,1,-1,1,-1,1,-1,1,-1,1,1,-1,-1,-1,1,1,1,1,-1,-1,1,1,-1,-1,1,-1,1,-1,-1,1,-1,1,-1,1,-1,1,-1,1,1,-1,-1,-1,1,1,-1,1,-1,1,1,1,-1,1,1,-1,1,-1,1,-1,1,-1,1,-1,1,1,-1,1,-1,-1,-1,1,1,-1,1,-1,-1,-1,1,1,-1,-1,1,1,-1,-1,1,1,-1,1,1,-1,1,1,1,1,-1,1,-1,1,1,-1,1,-1,1,1,-1,1,1,1,1,1,-1,-1,1,-1,-1,-1,1,1,-1,1,1,1,-1,1,-1,-1,1,1,1,-1,1,-1,1,1,1,-1,1,1,-1,1,1,1,-1,1,1,-1,-1,1,1,1,-1,1,-1,1,1,1,-1,1,1,-1,1,1,1,-1,1,-1,-1,1,1,1,-1,1,-1,-1,-1,-1,1,-1,1,-1,-1,1,1,1,-1,1,1,-1,-1,-1,1,1,-1,1,-1,-1,1,1,-1,1,-1,1,-1,-1,1,1,1,1,-1,-1,1,-1,-1,1,1,-1,-1,-1,1,-1,1,1,-1,1,-1,1,1,1,-1,-1,-1,-1,1,-1,-1,1,-1,-1,1,-1,-1,1,-1,-1,-1,1,-1,1,-1,-1,-1,1,-1,1,-1,1,1,-1,1,1,-1,1,-1,1,-1,-1,1,-1,-1,-1,1,1,-1,1,-1,-1,1,1,-1,-1,1,-1,1,-1,1,-1,-1,1,-1,-1,1,1,-1,1,1,1,-1,-1,-1,-1,1,1,-1,-1,1,-1,-1,1,-1,1,-1,1,-1,-1,1,-1,-1,-1,-1,-1,-1,1,-1,1,-1,1,-1,-1,1,-1,-1,1,-1,-1,-1,-1,1,-1,1,-1,-1,-1,1,1,-1,-1,-1,1,-1,1,-1,-1,1,-1,-1,1,-1,1,-1,-1,-1,-1,1,-1,1,-1,-1,1,-1,-1,1,1,1,-1,1,-1,1,-1,1,-1,1,-1,-1,-1,1,-1,-1,-1,1,1,-1,1,-1,1,-1,1,-1,1,1,-1,1,1,1,-1,-1,1,-1,1,-1,1,1,-1,1,-1,-1,1,1,-1,-1,1,-1,-1,-1,1,-1,-1,1,-1,1,1,1,1,-1,1,-1,-1,1,1,-1,-1,1,-1,-1,-1,1,1,-1,-1,1,1,-1,-1,-1,-1,1,1,1,1,1,1,-1,-1,1,1,-1,1,-1,-1,1,1,1,1,-1,-1,-1,1,-1,1,1,1,1,-1,-1,1,1,1,-1,-1,-1,-1,1,1,1,1,-1,-1,-1,1,1,1,-1,-1,-1,-1,1,1,1,1,-1,-1,-1,1,1,1,1,-1,-1,1,1,1,1,1,-1,-1,-1,1,1,-1,1,-1,-1,-1,1,1,1,1,-1,-1,1,1,1,1,1,-1,1,1,-1,1,1,-1,-1,-1,1,1,1,1,1,-1,1,1,1,1,1,1,-1,-1,1,-1,1,-1,1,-1,-1,1,-1,1,1,-1,-1,-1,1,-1,1,1,-1,-1,-1,1,1,1,-1,1,-1,-1,1,-1,1,-1,-1,-1,-1,1,1,-1,-1,-1,-1,-1,1,-1,1,-1,-1,-1,-1,-1,-1,-1,1,-1,-1,-1,1,-1,-1,1,-1,-1,-1,-1,-1,1,1,-1,-1,-1,-1,-1,1,-1,-1,-1,1,-1,-1,1,-1,1,-1,-1,-1,-1,1,-1,-1,1,-1,-1,-1,-1,1,1,-1,-1,1,-1,1,-1,-1,-1,1,-1,-1,-1,1,1,-1,-1,-1,-1,-1,1,1,1,-1,1,-1,1,-1,1,-1,-1,-1,-1,-1,-1,1,1,-1,-1,1,-1,1,1,-1,-1,-1,1,-1,1,1,-1,-1,1,-1,-1,1,1,1,-1,1,-1,1,1,1,-1,-1,1,-1,-1,1,1,1,-1,1,-1,-1,1,1,-1,1,1,-1,-1,1,1,-1,1,1,-1,-1,1,1,-1,1,1,-1,-1,1,1,1,1,1,1,-1,1,1,1,1,1,-1,-1,1,-1,1,1,1,1,-1,-1,1,-1,1,1,1,-1,1,1,1,1,-1,1,-1,1,1,1,1,1,1,1,-1,1,1,1,1,-1,1,-1,1,1,1,1,1,-1,1,1,1,1,-1,1,-1,1,1,1,-1,1,1,1,1,1,1,1,1,-1,1,1,1,1,1,-1,-1,1,-1,1,1,1,-1,1,-1,1,1,1,1,-1,-1,1,1,-1,1,1,1,-1,1,1,-1,1,1,1,-1,1,-1,1,1,1,-1,-1,-1,-1,1,1,1,-1,1,1,1,1,1,-1,-1,1,1,1,1,1,1,-1,1,-1,1,1,1,-1,-1,-1,-1,-1,-1,-1,-1,-1,1,-1,1,1,1,-1,1,1,-1,-1,1,1,1,-1,1,-1,1,1,1,-1,-1,1,-1,1,1,1,-1,-1,1,-1,1,1,1,-1,-1,1,-1,1,-1,1,1,-1,1,-1,-1,1,1,1,-1,-1,-1,1,1,-1,1,-1,1,-1,-1,1,-2676.0,1,2000,445,500,False
56,1,1,-1,-1,1,1,-1,-1,1,1,1,-1,1,1,1,1,-1,1,-1,-1,-1,-1,1,1,1,-1,-1,-1,1,1,1,1,-1,-1,-1,-1,1,-1,1,1,-1,-1,-1,1,1,1,1,-1,1,1,1,1,-1,1,-1,-1,1,-1,1,1,1,-1,-1,-1,1,1,1,1,-1,-1,-1,1,1,1,1,-1,-1,-1,1,1,1,-1,-1,-1,1,1,1,1,-1,-1,-1,1,1,1,1,-1,-1,1,1,-1,1,1,-1,-1,1,1,1,1,1,-1,-1,1,1,1,1,1,-1,-1,1,1,1,1,1,1,-1,-1,1,1,-1,1,1,-1,1,1,1,1,1,1,-1,-1,1,1,1,1,1,-1,1,1,1,1,1,1,-1,-1,-1,1,1,1,1,-1,1,1,1,1,-1,1,-1,1,-1,1,1,1,-1,-1,1,1,1,1,1,-1,1,-1,-1,1,-1,1,-1,1,1,1,1,1,1,1,1,1,-1,1,-1,1,-1,1,1,-1,1,-1,1,1,-1,1,-1,1,-1,1,-1,1,1,-1,1,-1,1,1,1,1,-1,-1,1,1,-1,-1,1,-1,1,-1,-1,1,-1,1,-1,1,-1,1,-1,-1,1,-1,-1,-1,1,1,-1,1,-1,1,1,1,-1,1,1,-1,-1,-1,1,-1,1,-1,1,-1,1,1,-1,1,-1,-1,-1,1,1,-1,1,-1,-1,-1,1,1,-1,-1,1,1,-1,-1,1,1,-1,1,1,-1,1,1,1,1,-1,1,-1,1,1,-1,1,-1,1,1,-1,1,1,1,1,1,-1,-1,1,-1,-1,-1,1,1,-1,1,1,1,-1,1,-1,-1,1,1,1,1,1,-1,1,1,1,-1,1,1,-1,1,1,1,-1,1,1,-1,-1,1,1,1,-1,1,-1,1,1,1,-1,1,1,-1,1,1,1,-1,1,-1,-1,1,1,1,-1,1,-1,-1,-1,1,1,-1,1,-1,-1,1,-1,1,-1,1,1,-1,-1,1,1,1,-1,1,-1,-1,1,1,-1,1,-1,1,-1,-1,-1,-1,1,1,-1,-1,1,1,-1,1,1,-1,-1,1,1,1,1,1,-1,1,1,1,-1,1,-1,-1,-1,-1,1,1,-1,1,-1,-1,1,-1,1,-1,-1,-1,1,-1,-1,1,-1,-1,-1,-1,1,-1,1,-1,1,-1,1,1,-1,1,-1,1,-1,-1,1,-1,1,-1,1,1,-1,1,-1,-1,1,1,-1,-1,1,-1,1,1,1,-1,-1,1,-1,1,-1,1,-1,-1,1,-1,1,-1,-1,1,1,1,-1,1,-1,-1,-1,1,-1,1,1,-1,-1,-1,1,-1,-1,1,-1,-1,-1,1,-1,1,-1,-1,-1,-1,1,-1,-1,1,-1,-1,-1,1,1,-1,1,-1,-1,-1,1,1,-1,1,-1,1,-1,1,-1,-1,1,-1,-1,1,1,1,-1,-1,1,-1,1,1,1,-1,-1,1,-1,-1,-1,1,1,-1,1,-1,1,1,1,1,1,-1,-1,-1,1,-1,-1,-1,1,1,-1,1,-1,1,-1,1,-1,1,1,-1,1,1,1,-1,-1,1,-1,1,-1,1,1,-1,1,-1,-1,1,1,-1,-1,1,-1,-1,-1,1,-1,-1,1,-1,1,1,1,1,-1,1,-1,-1,1,1,-1,-1,1,-1,-1,-1,1,1,-1,-1,1,1,-1,-1,-1,-1,1,1,1,1,1,1,-1,-1,1,1,-1,1,-1,-1,1,1,1,1,-1,-1,-1,1,-1,1,1,1,-1,-1,-1,1,1,1,-1,-1,-1,1,1,1,1,1,-1,-1,-1,1,1,1,-1,-1,-1,-1,1,1,1,1,-1,-1,1,1,1,1,1,-1,-1,-1,1,1,1,1,-1,-1,-1,1,1,-1,1,-1,-1,-1,1,1,1,1,-1,-1,1,1,1,1,-1,-1,1,1,-1,1,1,-1,-1,-1,1,1,1,-1,1,-1,1,1,1,1,1,-1,-1,-1,1,-1,1,-1,-1,-1,-1,1,-1,1,1,-1,-1,-1,1,-1,1,1,-1,1,-1,1,1,1,1,-1,1,-1,1,-1,1,1,-1,-1,-1,1,1,-1,-1,-1,-1,-1,1,-1,1,-1,-1,-1,-1,-1,-1,-1,1,-1,-1,-1,1,-1,-1,1,-1,-1,-1,-1,-1,-1,1,-1,-1,-1,-1,-1,1,-1,-1,-1,1,-1,-1,1,-1,1,-1,-1,-1,-1,-1,-1,-1,1,-1,-1,-1,1,1,-1,-1,-1,1,-1,-1,-1,-1,-1,1,-1,-1,1,1,1,-1,-1,-1,-1,1,-1,1,1,-1,1,-1,-1,1,1,-1,-1,-1,-1,-1,-1,1,1,-1,-1,1,-1,1,1,-1,-1,-1,1,-1,1,1,-1,-1,1,-1,-1,1,1,1,-1,1,-1,1,1,1,-1,-1,1,-1,-1,1,1,1,-1,1,-1,-1,1,1,-1,1,1,-1,-1,1,1,-1,1,1,-1,-1,1,1,-1,1,1,-1,-1,1,1,1,1,-1,1,-1,1,1,1,1,1,-1,-1,1,-1,1,1,1,1,-1,-1,1,-1,1,1,1,-1,1,1,1,1,-1,1,-1,1,1,1,1,1,1,1,-1,-1,1,1,1,-1,1,-1,1,1,1,1,1,-1,1,1,1,1,-1,1,1,-1,1,1,-1,1,1,-1,-1,-1,1,1,1,-1,1,-1,1,1,1,-1,-1,1,-1,1,1,1,-1,1,-1,-1,-1,1,1,-1,-1,1,-1,-1,1,1,-1,-1,1,-1,1,1,1,1,-1,1,-1,-1,1,1,-1,-1,-1,1,1,1,1,-1,1,1,-1,1,1,-1,-1,1,1,-1,-1,1,1,-1,1,1,1,1,1,-1,-1,-1,-1,1,-1,-1,-1,-1,-1,1,1,1,1,-1,1,1,-1,1,1,1,1,-1,1,-1,1,1,1,1,-1,1,-1,1,1,1,1,-1,1,-1,1,1,1,1,-1,1,-1,1,1,1,-1,-1,1,-1,1,1,1,-1,-1,-1,1,-1,1,-1,1,-1,1,-1,1,1,-2676.0,1,2000,445,1500,False
57,1,1,-1,-1,1,1,-1,-1,1,1,1,-1,1,1,1,1,-1,1,-1,-1,-1,-1,1,1,1,-1,-1,-1,1,1,1,1,1,-1,-1,-1,1,-1,1,1,-1,-1,-1,1,1,1,1,-1,1,1,1,1,-1,1,-1,-1,1,-1,1,1,1,-1,-1,-1,1,1,1,1,-1,-1,-1,1,1,1,1,-1,-1,-1,1,1,1,-1,-1,-1,1,1,1,1,-1,-1,-1,1,1,1,1,-1,-1,1,1,-1,1,1,-1,-1,1,1,1,1,1,-1,-1,1,1,1,1,1,-1,-1,1,1,1,1,1,1,-1,1,1,1,-1,1,1,-1,1,1,1,1,1,1,-1,-1,1,1,1,1,1,-1,1,1,1,1,1,1,-1,-1,-1,1,1,1,1,-1,1,1,1,1,-1,1,-1,1,-1,1,1,1,-1,-1,1,1,1,1,1,-1,1,-1,-1,1,-1,1,-1,1,1,1,1,1,1,1,1,1,-1,1,-1,1,-1,1,1,-1,1,-1,1,1,-1,1,-1,1,-1,1,-1,1,1,-1,1,-1,1,1,1,1,-1,-1,1,1,-1,-1,1,-1,1,-1,-1,1,-1,1,-1,1,-1,1,-1,-1,1,-1,1,-1,1,1,-1,1,-1,1,1,1,-1,1,1,-1,1,-1,1,-1,1,-1,1,-1,1,1,-1,1,-1,-1,-1,1,1,-1,1,-1,-1,-1,1,1,-1,-1,1,1,-1,-1,1,1,-1,1,1,-1,1,1,1,1,-1,1,-1,1,1,-1,1,-1,1,1,-1,1,1,1,1,1,-1,-1,1,-1,-1,1,1,1,-1,1,1,1,-1,1,-1,-1,1,1,1,1,1,-1,1,1,1,-1,1,1,-1,1,1,1,-1,1,1,-1,-1,1,1,1,-1,1,-1,1,1,1,-1,1,1,-1,1,1,1,-1,1,-1,-1,1,1,1,-1,1,-1,-1,-1,1,1,-1,1,-1,-1,1,-1,1,-1,1,1,-1,-1,1,1,1,-1,1,-1,-1,1,1,-1,1,-1,1,-1,-1,-1,-1,1,1,1,-1,1,1,-1,1,1,-1,-1,1,1,1,1,1,-1,1,1,1,-1,1,-1,-1,-1,-1,1,1,-1,1,-1,-1,1,-1,1,-1,-1,-1,-1,-1,-1,1,-1,-1,-1,1,-1,1,1,-1,1,1,1,1,-1,1,-1,1,-1,-1,1,-1,1,-1,1,1,-1,1,-1,-1,1,1,-1,-1,1,-1,1,1,1,-1,-1,1,-1,1,-1,1,-1,1,1,-1,1,-1,-1,-1,1,1,-1,1,-1,-1,-1,1,-1,1,1,-1,-1,-1,1,-1,-1,1,-1,-1,-1,1,-1,1,-1,1,-1,-1,1,-1,-1,1,-1,-1,-1,1,1,-1,1,-1,-1,-1,1,1,-1,1,-1,1,-1,1,-1,-1,1,-1,-1,1,-1,1,-1,-1,1,-1,1,-1,1,-1,-1,1,-1,-1,1,1,1,-1,1,-1,1,-1,1,-1,1,-1,-1,-1,1,-1,-1,-1,1,1,-1,1,-1,1,-1,1,-1,1,1,-1,1,1,1,-1,-1,1,-1,1,-1,1,1,-1,1,-1,-1,1,1,-1,-1,1,-1,-1,-1,1,-1,-1,1,-1,1,1,1,1,-1,1,-1,-1,1,1,-1,-1,1,-1,-1,-1,1,1,-1,-1,1,1,-1,-1,-1,-1,1,1,1,-1,1,1,-1,-1,1,1,-1,1,-1,-1,-1,1,1,1,-1,-1,-1,1,-1,1,1,1,-1,-1,-1,1,1,1,-1,-1,-1,-1,1,1,1,1,-1,-1,-1,1,1,1,-1,-1,-1,-1,1,1,1,1,-1,-1,1,1,1,1,1,-1,-1,-1,1,1,1,1,-1,-1,-1,1,1,-1,1,-1,-1,-1,1,1,1,1,-1,-1,1,1,1,1,1,-1,1,1,-1,1,1,-1,-1,-1,1,1,1,-1,1,-1,1,1,1,1,1,1,-1,-1,1,-1,1,-1,1,-1,-1,1,-1,1,-1,-1,-1,-1,1,-1,1,1,-1,1,-1,1,1,1,-1,1,1,-1,1,-1,1,-1,-1,-1,-1,1,1,-1,-1,-1,-1,-1,1,-1,1,-1,-1,-1,-1,-1,-1,-1,1,-1,-1,-1,1,-1,-1,1,-1,-1,-1,-1,-1,-1,1,-1,-1,-1,-1,-1,1,-1,-1,-1,1,-1,-1,1,-1,1,-1,-1,-1,-1,-1,-1,-1,1,-1,-1,-1,1,1,-1,-1,-1,1,1,-1,-1,-1,-1,1,-1,-1,1,1,1,-1,-1,-1,-1,1,-1,1,1,-1,1,-1,-1,1,1,-1,-1,-1,-1,-1,-1,1,1,-1,-1,1,-1,1,1,-1,-1,-1,1,-1,-1,1,-1,-1,1,-1,-1,1,1,1,-1,1,-1,1,1,1,-1,-1,1,-1,-1,1,1,1,-1,1,-1,-1,1,1,-1,1,1,-1,-1,1,1,1,1,1,-1,-1,1,1,1,1,1,-1,-1,1,1,1,1,-1,1,-1,1,1,1,1,1,-1,-1,1,-1,1,1,1,1,-1,-1,1,-1,1,1,1,-1,1,1,1,1,-1,1,-1,1,1,1,1,1,1,1,-1,-1,1,1,1,-1,1,-1,1,1,1,1,1,-1,1,1,1,1,-1,1,1,-1,1,1,-1,1,1,-1,-1,-1,1,1,1,-1,1,-1,1,1,1,-1,-1,1,-1,1,1,1,-1,1,-1,-1,-1,1,1,-1,-1,1,-1,-1,1,1,-1,-1,1,-1,1,1,1,1,-1,1,-1,-1,1,1,-1,-1,-1,1,1,1,1,-1,1,1,-1,1,1,-1,-1,1,1,-1,-1,1,1,-1,1,1,1,1,1,-1,-1,-1,-1,1,-1,-1,-1,-1,-1,1,1,1,1,-1,1,1,-1,1,1,1,1,-1,1,-1,1,1,1,1,-1,1,-1,1,1,1,1,-1,1,-1,1,1,1,1,-1,1,-1,1,1,1,-1,-1,1,-1,1,1,1,-1,-1,-1,1,-1,1,1,1,-1,1,-1,1,1,-2676.0,1,2000,445,1500,False
58,1,1,-1,-1,1,1,-1,-1,1,1,1,-1,1,1,1,1,-1,1,-1,-1,-1,-1,1,1,1,-1,-1,-1,1,1,1,1,-1,-1,-1,-1,1,-1,1,1,-1,-1,-1,1,1,1,1,-1,1,1,1,1,-1,1,-1,-1,1,-1,1,1,1,-1,-1,-1,1,1,1,1,-1,-1,-1,1,1,1,1,-1,-1,-1,1,1,1,-1,-1,-1,1,1,1,1,-1,-1,-1,1,1,1,1,-1,-1,1,1,-1,1,1,-1,-1,1,1,1,1,1,-1,-1,1,1,-1,1,1,-1,-1,1,1,1,1,1,1,-1,-1,1,1,-1,1,1,-1,1,1,1,1,1,1,-1,-1,1,1,1,1,1,-1,1,1,1,1,1,1,-1,-1,-1,1,1,1,1,-1,1,1,1,1,-1,1,-1,1,-1,1,1,1,-1,-1,1,1,1,1,1,-1,1,-1,-1,1,-1,1,-1,1,1,1,1,1,1,1,1,1,-1,1,-1,1,-1,1,1,-1,1,-1,1,1,-1,1,-1,1,-1,1,-1,1,1,-1,1,-1,1,1,1,1,-1,-1,1,1,-1,-1,1,-1,1,-1,-1,1,-1,1,-1,1,-1,1,-1,1,1,-1,-1,-1,1,1,-1,1,-1,1,1,1,-1,1,1,-1,1,-1,1,-1,1,-1,1,-1,1,1,-1,1,-1,-1,-1,1,1,-1,1,-1,-1,-1,1,1,-1,-1,1,1,-1,-1,1,1,-1,1,1,-1,1,1,1,1,-1,1,-1,1,1,-1,1,-1,1,1,-1,1,1,1,1,1,-1,-1,1,-1,-1,1,1,1,-1,1,1,1,-1,1,-1,-1,1,1,1,1,1,-1,1,1,1,-1,1,1,-1,1,1,1,-1,1,1,-1,-1,1,1,1,-1,1,-1,1,1,1,-1,1,1,-1,1,1,1,-1,1,-1,-1,1,1,1,-1,1,-1,-1,-1,1,1,-1,1,-1,-1,1,-1,1,-1,1,1,-1,-1,1,1,1,-1,1,-1,-1,1,1,-1,1,-1,1,-1,-1,-1,-1,1,1,-1,-1,1,1,-1,1,1,-1,-1,1,1,1,1,1,-1,1,1,1,-1,1,-1,-1,-1,-1,1,1,-1,1,-1,-1,1,-1,1,-1,-1,-1,-1,-1,-1,1,-1,-1,-1,1,-1,1,1,-1,1,1,1,1,-1,1,-1,1,-1,-1,1,-1,1,-1,1,1,-1,1,-1,-1,1,1,-1,-1,1,-1,1,1,1,-1,-1,1,-1,1,-1,1,-1,1,1,-1,1,-1,-1,-1,1,1,-1,1,-1,-1,-1,1,-1,1,1,-1,-1,1,1,-1,-1,1,-1,-1,-1,1,-1,1,-1,1,-1,-1,1,-1,-1,1,-1,-1,-1,1,1,-1,1,-1,-1,-1,1,1,-1,-1,-1,1,-1,1,-1,-1,1,-1,-1,1,-1,1,-1,-1,1,-1,1,-1,1,1,-1,1,-1,-1,1,1,1,-1,1,-1,1,-1,-1,1,1,-1,-1,-1,1,-1,-1,-1,1,1,-1,1,-1,1,-1,1,-1,1,1,-1,1,1,1,-1,-1,1,-1,1,-1,1,1,-1,1,-1,-1,1,1,-1,-1,1,-1,-1,-1,1,-1,-1,1,-1,1,1,1,1,-1,1,-1,-1,1,1,-1,-1,1,-1,-1,-1,1,1,-1,-1,1,1,-1,-1,-1,-1,1,1,1,-1,1,1,-1,-1,1,1,-1,1,-1,-1,1,1,1,1,-1,1,-1,1,-1,1,1,1,1,-1,-1,1,1,1,-1,-1,-1,-1,1,1,1,1,-1,-1,-1,1,1,1,-1,-1,-1,-1,1,1,1,1,-1,-1,1,1,1,1,1,-1,-1,-1,1,1,1,1,-1,-1,-1,1,1,-1,1,-1,-1,-1,1,1,1,1,-1,-1,1,1,1,1,1,-1,1,1,-1,1,1,-1,-1,-1,1,1,1,-1,1,-1,1,1,1,1,1,1,-1,-1,1,-1,1,-1,1,-1,-1,1,-1,1,-1,-1,-1,-1,1,-1,1,1,-1,1,-1,1,1,1,-1,1,1,-1,1,-1,1,-1,-1,-1,-1,1,1,-1,-1,-1,-1,-1,1,-1,1,-1,-1,-1,-1,-1,-1,-1,1,-1,-1,-1,1,-1,-1,1,-1,-1,-1,-1,-1,-1,1,-1,-1,-1,-1,-1,1,-1,-1,-1,1,-1,-1,1,-1,1,-1,-1,-1,-1,-1,-1,-1,1,-1,-1,-1,1,1,-1,-1,-1,1,1,-1,-1,-1,-1,1,-1,-1,1,1,1,-1,-1,-1,-1,1,-1,1,1,-1,1,-1,-1,1,1,-1,-1,-1,-1,-1,-1,1,1,-1,-1,1,-1,1,1,-1,-1,-1,1,-1,-1,1,-1,-1,1,-1,-1,1,1,1,-1,1,-1,1,1,1,-1,-1,1,-1,-1,1,1,1,-1,1,-1,-1,1,1,-1,1,1,-1,-1,1,1,-1,1,1,-1,-1,1,1,-1,1,1,-1,-1,1,1,1,1,1,1,-1,1,1,1,1,1,-1,-1,1,-1,1,1,1,1,-1,-1,1,-1,1,1,1,-1,1,1,1,1,-1,1,-1,1,1,1,1,1,1,1,-1,1,1,1,1,-1,1,-1,1,1,1,1,1,-1,1,1,1,1,-1,1,1,-1,1,1,-1,1,1,-1,-1,1,1,1,1,-1,1,-1,1,1,1,-1,-1,1,-1,1,1,1,-1,1,-1,-1,-1,1,1,-1,-1,1,-1,-1,1,1,-1,-1,1,-1,1,1,1,1,-1,1,-1,-1,1,1,-1,-1,-1,1,1,1,1,-1,1,1,-1,1,1,-1,-1,1,1,-1,-1,1,1,-1,1,1,1,1,1,-1,-1,-1,-1,-1,-1,-1,-1,-1,-1,1,1,1,1,-1,1,1,-1,1,1,1,1,-1,1,-1,1,1,1,1,-1,1,-1,1,1,1,1,-1,1,-1,1,1,1,1,-1,1,-1,1,1,1,-1,-1,1,-1,1,1,1,-1,-1,-1,1,-1,1,1,1,-1,1,-1,1,1,-2676.0,1,2000,445,1000,False
59,1,1,-1,-1,1,1,-1,-1,1,1,1,-1,1,1,1,1,-1,1,-1,-1,1,-1,1,1,1,-1,-1,-1,1,1,1,1,1,-1,-1,-1,1,-1,1,1,-1,-1,-1,1,1,1,1,-1,1,1,1,1,-1,1,-1,-1,1,-1,1,1,1,-1,-1,-1,1,1,1,1,-1,-1,-1,1,1,1,1,-1,-1,-1,1,1,1,-1,-1,-1,1,1,1,1,-1,-1,-1,1,1,1,1,-1,-1,1,1,-1,1,1,-1,-1,1,1,1,1,1,-1,-1,1,1,1,1,1,-1,-1,1,1,1,1,1,1,-1,-1,1,1,-1,1,1,-1,1,1,1,1,1,1,-1,-1,1,1,1,1,1,-1,1,1,1,1,1,1,-1,-1,-1,1,1,1,1,-1,1,1,1,1,-1,1,-1,1,-1,1,1,1,-1,-1,1,1,1,1,1,-1,1,-1,-1,1,-1,1,-1,1,1,1,1,1,1,1,1,1,-1,1,-1,1,-1,1,1,-1,1,-1,1,1,-1,1,-1,1,-1,1,-1,1,1,-1,-1,-1,1,1,1,1,-1,-1,1,1,-1,-1,1,-1,1,-1,-1,1,-1,1,-1,1,-1,1,-1,-1,1,-1,-1,-1,1,1,-1,1,-1,1,1,1,-1,1,1,-1,1,-1,1,-1,1,-1,1,-1,1,1,-1,1,-1,-1,-1,1,1,-1,1,-1,-1,-1,1,1,-1,-1,1,1,-1,-1,1,1,-1,1,1,-1,1,1,1,1,-1,1,-1,1,1,-1,1,-1,1,1,-1,1,1,1,1,1,-1,-1,1,-1,-1,-1,1,1,-1,1,1,1,-1,1,-1,-1,1,1,1,1,1,-1,1,1,1,-1,1,1,-1,1,1,1,-1,1,1,-1,-1,1,1,1,-1,1,-1,1,1,1,-1,1,1,-1,1,1,1,-1,1,-1,-1,1,1,1,-1,1,-1,-1,-1,1,1,-1,1,-1,-1,1,-1,1,-1,1,1,-1,-1,1,1,1,-1,1,-1,-1,1,1,-1,1,-1,1,-1,-1,-1,-1,1,1,-1,-1,1,1,-1,1,1,-1,-1,1,1,1,1,1,-1,1,1,1,-1,1,-1,-1,-1,-1,1,1,-1,1,-1,-1,1,-1,1,-1,-1,-1,-1,-1,-1,1,-1,-1,-1,1,-1,1,1,-1,1,-1,1,1,-1,1,-1,1,-1,-1,1,-1,1,-1,1,1,-1,1,-1,-1,1,1,-1,-1,1,-1,1,1,1,-1,-1,1,-1,1,-1,1,-1,1,1,-1,1,-1,-1,-1,1,1,-1,1,-1,-1,-1,1,-1,1,1,1,-1,-1,1,-1,-1,1,-1,-1,-1,1,-1,1,-1,-1,-1,-1,1,-1,-1,1,-1,-1,-1,1,1,-1,1,-1,-1,-1,1,1,-1,-1,-1,1,-1,1,-1,-1,1,-1,-1,1,-1,1,-1,-1,1,-1,1,-1,1,-1,-1,1,-1,-1,1,1,1,-1,1,-1,1,-1,1,-1,1,-1,-1,-1,1,-1,-1,-1,1,1,-1,1,-1,1,-1,1,-1,1,1,-1,1,1,1,-1,-1,1,-1,1,-1,1,1,-1,1,-1,-1,1,1,-1,-1,1,-1,-1,-1,1,-1,-1,1,-1,1,1,1,1,-1,1,-1,-1,1,1,-1,-1,1,-1,-1,-1,1,1,-1,-1,1,1,-1,1,-1,-1,1,1,1,1,1,1,-1,-1,1,1,-1,1,-1,-1,1,1,1,1,-1,-1,-1,1,-1,1,1,1,-1,-1,-1,1,1,1,-1,-1,-1,1,1,1,1,1,-1,-1,-1,1,1,1,-1,-1,-1,-1,1,1,1,1,-1,-1,-1,1,1,1,1,-1,-1,1,1,1,1,1,-1,-1,-1,1,1,-1,1,-1,-1,-1,1,1,1,1,-1,-1,1,1,1,1,1,-1,1,1,-1,1,1,-1,-1,-1,1,1,1,-1,1,-1,1,1,1,1,1,1,-1,-1,1,-1,1,-1,1,-1,-1,1,-1,1,1,-1,-1,-1,1,-1,1,1,-1,1,-1,1,1,1,-1,1,1,-1,1,-1,1,-1,-1,-1,-1,1,1,-1,-1,-1,-1,-1,1,-1,1,-1,-1,-1,-1,-1,-1,-1,1,-1,-1,-1,1,-1,-1,1,-1,-1,-1,-1,-1,-1,1,-1,-1,-1,-1,-1,1,-1,-1,-1,1,-1,-1,1,-1,1,-1,-1,-1,-1,-1,-1,-1,1,-1,-1,-1,1,1,1,-1,-1,1,1,-1,-1,-1,-1,1,-1,-1,1,1,1,-1,-1,-1,-1,1,-1,1,1,-1,1,-1,-1,1,1,-1,-1,-1,-1,-1,-1,1,1,-1,-1,1,-1,1,1,-1,-1,-1,1,-1,1,1,-1,-1,1,-1,-1,1,1,1,-1,1,-1,1,1,1,-1,-1,1,-1,-1,1,1,1,-1,1,-1,-1,1,1,-1,1,1,-1,-1,1,1,-1,1,1,-1,-1,1,1,1,1,1,-1,-1,1,1,1,1,-1,1,-1,1,1,1,-1,1,-1,-1,1,-1,1,1,1,1,-1,-1,1,-1,1,1,1,-1,1,1,1,1,-1,1,-1,1,1,1,1,1,1,1,-1,1,1,1,1,-1,1,-1,1,1,1,1,1,-1,1,1,1,1,-1,1,1,-1,1,1,-1,1,1,-1,-1,1,1,1,1,-1,1,-1,1,1,1,-1,-1,1,-1,1,1,1,-1,1,-1,-1,-1,1,1,-1,-1,1,-1,-1,1,1,1,-1,1,-1,1,1,1,1,-1,1,-1,-1,1,1,-1,-1,-1,1,1,1,1,-1,1,1,-1,1,1,-1,-1,1,1,-1,-1,1,1,-1,1,1,1,1,1,-1,-1,-1,-1,-1,-1,-1,-1,-1,-1,1,1,1,1,-1,1,1,-1,1,1,1,1,-1,1,-1,1,1,1,1,-1,1,-1,1,1,1,1,-1,1,-1,1,1,1,1,-1,1,-1,1,1,-1,-1,-1,1,-1,1,1,1,-1,-1,-1,1,-1,1,-1,1,-1,1,-1,1,1,-2676.0,1,2000,445,1500,False
60,1,1,-1,-1,1,1,-1,-1,1,1,1,-1,-1,1,1,1,-1,1,-1,-1,-1,-1,1,1,1,-1,-1,-1,1,1,1,1,1,-1,-1,-1,1,-1,1,-1,-1,-1,-1,1,1,1,1,-1,1,1,1,1,-1,1,-1,-1,1,-1,1,1,1,-1,-1,-1,1,1,1,1,-1,-1,-1,1,1,1,1,-1,-1,-1,1,1,1,-1,-1,-1,1,1,1,1,-1,-1,1,1,1,1,1,-1,-1,-1,1,-1,1,1,-1,-1,1,1,1,1,1,-1,-1,-1,1,-1,1,1,-1,-1,1,1,1,1,1,1,-1,-1,1,1,-1,1,1,-1,1,1,1,1,1,1,-1,1,1,1,1,1,1,-1,1,1,1,1,1,1,-1,-1,-1,1,1,1,1,-1,1,1,1,1,-1,1,-1,1,-1,1,1,1,-1,-1,1,1,1,1,1,-1,1,-1,-1,1,-1,1,-1,1,1,1,1,1,1,1,1,1,-1,1,-1,1,-1,1,1,-1,1,-1,1,1,-1,1,-1,1,-1,1,-1,1,1,-1,-1,-1,1,1,1,1,-1,-1,1,1,-1,-1,1,-1,1,-1,-1,1,-1,1,-1,1,-1,1,-1,-1,1,-1,-1,-1,1,1,-1,1,-1,1,1,1,-1,1,-1,-1,1,-1,1,-1,1,1,1,-1,1,1,-1,1,-1,-1,-1,1,1,-1,1,-1,-1,-1,1,1,-1,-1,1,1,-1,-1,1,1,-1,1,1,-1,1,1,1,1,-1,1,-1,1,1,-1,1,-1,1,1,-1,1,1,1,1,1,-1,-1,1,-1,-1,-1,1,1,-1,1,1,1,-1,1,-1,-1,1,1,1,1,1,-1,1,1,1,-1,1,1,-1,1,1,1,-1,1,1,-1,-1,1,1,1,-1,1,-1,1,1,1,-1,1,1,-1,1,1,1,-1,1,-1,-1,1,1,1,-1,1,-1,-1,-1,-1,1,-1,1,-1,-1,1,1,1,-1,1,1,-1,-1,1,1,1,-1,1,-1,-1,1,1,-1,1,-1,1,-1,-1,1,1,1,1,1,-1,1,-1,-1,1,1,-1,-1,-1,1,-1,1,1,-1,1,-1,1,1,1,-1,-1,-1,-1,1,-1,-1,1,-1,-1,1,-1,-1,1,-1,-1,-1,1,-1,1,-1,-1,-1,1,-1,1,-1,1,1,1,1,1,-1,1,-1,1,-1,-1,1,-1,-1,-1,1,1,-1,1,-1,-1,1,1,-1,-1,1,-1,1,-1,1,-1,-1,1,-1,-1,1,1,-1,1,1,1,-1,-1,-1,-1,1,1,-1,-1,1,-1,-1,1,-1,1,-1,1,-1,1,1,-1,-1,-1,-1,-1,-1,1,-1,1,-1,1,-1,-1,1,-1,-1,1,-1,-1,-1,1,1,-1,1,-1,-1,-1,1,1,-1,-1,-1,1,-1,1,-1,-1,1,-1,-1,1,-1,1,-1,-1,-1,-1,1,-1,1,-1,-1,1,-1,-1,1,1,1,-1,1,-1,1,-1,-1,1,1,-1,-1,-1,1,-1,-1,-1,1,1,-1,1,-1,1,-1,1,-1,1,1,-1,1,1,1,-1,-1,1,-1,1,-1,1,1,-1,1,-1,-1,1,1,-1,-1,1,-1,-1,-1,1,-1,-1,1,-1,1,1,1,1,-1,1,-1,-1,1,1,-1,-1,1,-1,-1,-1,1,1,-1,-1,1,1,-1,-1,-1,-1,1,1,1,-1,1,1,-1,-1,1,1,-1,1,-1,-1,1,1,1,1,-1,1,-1,1,-1,1,1,1,1,-1,-1,1,1,1,-1,-1,-1,-1,1,1,1,1,-1,-1,-1,1,1,1,-1,-1,-1,-1,1,1,1,1,-1,-1,-1,1,1,1,1,-1,-1,1,1,1,1,1,-1,-1,-1,1,1,-1,1,-1,-1,-1,1,1,1,1,-1,-1,1,1,1,1,1,-1,1,1,-1,1,1,-1,-1,-1,1,1,1,-1,1,-1,1,1,1,1,1,1,-1,-1,1,-1,1,-1,1,-1,-1,1,-1,1,-1,-1,-1,-1,1,-1,1,1,-1,1,-1,1,1,1,-1,1,1,-1,1,-1,1,-1,-1,-1,-1,1,1,-1,-1,-1,-1,-1,1,-1,1,-1,-1,-1,-1,-1,-1,-1,1,-1,-1,-1,1,-1,-1,1,-1,-1,-1,-1,-1,-1,1,-1,-1,-1,-1,-1,1,-1,-1,-1,1,-1,-1,1,-1,1,-1,-1,-1,-1,1,-1,-1,1,-1,-1,-1,-1,1,-1,-1,-1,1,-1,1,-1,-1,-1,1,-1,-1,-1,-1,1,-1,-1,-1,-1,-1,1,1,1,-1,1,-1,1,-1,1,-1,-1,-1,-1,-1,-1,1,1,-1,-1,1,-1,1,1,-1,-1,-1,1,-1,1,1,-1,-1,1,-1,-1,1,1,1,-1,1,-1,1,1,1,-1,-1,1,-1,-1,1,1,1,-1,1,-1,-1,1,1,-1,1,1,-1,-1,1,1,1,1,1,-1,-1,1,1,-1,1,1,-1,-1,1,1,1,1,-1,1,-1,1,1,1,1,1,-1,-1,1,-1,1,1,1,1,-1,-1,1,-1,1,1,1,-1,1,1,1,1,-1,1,-1,1,1,1,1,1,1,1,-1,1,1,1,1,-1,1,-1,1,1,1,1,1,-1,1,1,1,1,-1,1,-1,1,1,1,-1,1,1,1,1,1,1,1,1,-1,1,1,1,1,1,-1,-1,1,-1,1,1,1,-1,1,-1,1,1,1,1,-1,-1,1,1,-1,1,1,-1,-1,1,1,-1,1,1,1,-1,1,-1,1,1,1,-1,-1,-1,-1,1,1,1,-1,1,1,1,1,1,-1,-1,1,1,1,1,1,1,-1,1,-1,1,1,1,-1,-1,-1,-1,-1,-1,-1,-1,-1,1,-1,1,1,1,-1,1,1,-1,-1,1,1,1,-1,1,-1,1,1,1,-1,-1,1,-1,1,1,1,-1,1,1,-1,1,1,1,-1,-1,1,-1,1,-1,1,1,-1,1,-1,-1,1,1,1,-1,1,-1,1,1,-1,1,-1,1,-1,-1,1,-2676.0,1,2000,445,1000,False
61,1,1,-1,-1,1,-1,-1,-1,1,1,1,-1,1,1,1,1,-1,1,-1,-1,-1,-1,1,1,1,-1,-1,-1,1,1,1,1,-1,-1,-1,-1,1,1,1,-1,-1,-1,-1,1,1,1,1,-1,1,1,1,1,-1,1,-1,-1,1,-1,1,1,1,-1,-1,-1,1,1,1,1,-1,-1,-1,1,1,1,1,-1,-1,-1,1,1,1,-1,-1,-1,1,1,1,1,-1,-1,-1,1,1,1,1,-1,-1,1,1,-1,1,1,-1,-1,1,1,1,1,1,-1,-1,-1,1,1,1,1,-1,-1,1,1,1,1,1,1,-1,-1,1,1,-1,1,1,-1,1,1,1,1,1,1,-1,1,1,1,1,1,1,-1,1,1,1,1,1,1,-1,-1,-1,1,1,1,1,-1,1,1,1,1,-1,1,-1,1,-1,1,1,1,-1,-1,1,1,1,1,1,-1,1,-1,-1,1,-1,1,-1,1,1,1,1,1,1,1,1,1,1,1,-1,1,-1,1,1,-1,1,-1,1,1,-1,1,-1,1,-1,1,-1,1,1,-1,1,-1,1,1,1,1,-1,-1,1,1,-1,-1,1,-1,1,-1,-1,1,-1,1,-1,1,-1,1,-1,1,1,-1,1,-1,1,1,-1,1,-1,1,1,1,-1,1,1,-1,1,-1,1,-1,1,-1,1,-1,1,1,-1,1,-1,-1,-1,1,1,-1,1,-1,-1,-1,1,1,-1,-1,1,1,-1,-1,1,1,-1,1,1,-1,1,1,1,1,-1,1,-1,1,1,-1,1,-1,1,1,-1,1,1,1,1,1,-1,-1,1,-1,-1,-1,1,1,-1,1,1,1,-1,1,-1,-1,1,1,1,1,1,-1,1,1,1,-1,1,1,-1,1,1,1,-1,1,1,-1,-1,1,1,1,-1,1,-1,1,1,1,-1,1,1,-1,1,1,1,-1,1,-1,-1,1,1,1,-1,1,-1,-1,-1,1,1,-1,1,-1,-1,1,-1,1,-1,1,1,-1,-1,1,1,1,-1,1,-1,-1,1,1,-1,1,-1,1,-1,-1,-1,-1,1,1,-1,-1,1,1,-1,1,1,-1,-1,1,1,1,1,1,-1,1,1,1,-1,1,-1,-1,-1,-1,1,1,-1,1,-1,-1,1,-1,1,-1,-1,-1,-1,-1,-1,1,-1,-1,-1,1,-1,1,1,-1,1,-1,1,1,-1,1,-1,1,-1,-1,1,-1,1,-1,1,1,-1,1,-1,-1,1,1,-1,-1,1,-1,1,1,1,-1,-1,1,-1,1,-1,1,-1,1,1,-1,1,-1,-1,-1,1,1,-1,1,-1,-1,-1,1,-1,1,1,-1,-1,-1,1,-1,-1,1,-1,-1,-1,1,-1,1,-1,-1,-1,-1,1,-1,-1,1,-1,-1,-1,1,1,-1,1,-1,-1,-1,1,1,-1,1,-1,1,-1,1,-1,-1,1,-1,-1,1,-1,1,-1,-1,1,-1,1,-1,1,-1,-1,1,-1,-1,1,1,1,-1,1,-1,1,-1,-1,1,1,-1,-1,-1,1,-1,-1,-1,1,1,-1,1,-1,1,-1,1,-1,1,1,-1,1,1,1,-1,-1,1,-1,1,-1,1,1,-1,1,-1,-1,1,1,-1,-1,1,-1,-1,-1,1,-1,-1,1,-1,1,1,1,1,-1,1,-1,-1,1,1,-1,-1,1,-1,-1,-1,1,1,-1,-1,1,1,-1,-1,-1,-1,1,1,1,1,1,1,-1,-1,1,1,-1,1,-1,-1,-1,1,1,1,-1,-1,-1,1,-1,1,1,1,1,-1,-1,1,1,1,-1,-1,-1,1,1,1,1,1,-1,-1,-1,1,1,1,-1,-1,-1,-1,1,1,1,1,-1,-1,1,1,1,1,1,-1,-1,-1,1,1,1,1,-1,-1,-1,1,1,-1,1,-1,-1,-1,1,1,1,1,-1,-1,1,1,1,1,1,-1,1,1,-1,1,1,-1,-1,-1,1,1,1,-1,1,-1,1,1,1,1,1,1,-1,-1,1,-1,1,-1,1,-1,-1,1,-1,1,1,-1,-1,-1,1,-1,1,1,-1,-1,-1,1,1,1,-1,1,-1,-1,1,-1,1,-1,-1,-1,-1,1,1,-1,-1,-1,-1,-1,1,-1,1,-1,-1,-1,-1,-1,-1,-1,1,-1,-1,-1,1,-1,-1,1,-1,-1,-1,-1,-1,-1,1,-1,-1,-1,-1,-1,1,-1,-1,-1,1,-1,-1,1,-1,1,-1,-1,-1,-1,-1,-1,-1,1,-1,-1,-1,1,1,-1,-1,-1,1,1,-1,-1,-1,-1,1,-1,-1,1,1,1,-1,-1,-1,-1,1,-1,1,1,-1,1,-1,-1,1,1,-1,-1,-1,-1,-1,-1,1,1,-1,-1,1,-1,1,1,1,-1,-1,1,-1,-1,1,-1,-1,1,-1,-1,1,1,1,-1,1,-1,1,1,1,-1,-1,1,-1,-1,1,1,1,-1,1,-1,-1,1,1,-1,1,1,-1,-1,1,1,1,1,1,-1,-1,1,1,-1,1,1,-1,-1,1,1,1,1,1,1,-1,1,1,1,1,1,-1,-1,1,-1,1,1,1,1,-1,-1,1,-1,1,1,1,-1,1,1,1,1,-1,1,-1,1,1,1,1,1,1,1,-1,-1,1,1,1,-1,1,-1,1,1,1,1,1,-1,1,1,1,1,-1,1,1,-1,1,1,-1,1,1,-1,-1,1,1,1,1,-1,1,-1,1,1,1,-1,-1,1,-1,1,1,1,-1,1,-1,-1,-1,1,1,-1,-1,1,-1,-1,1,1,1,-1,1,-1,1,1,1,1,-1,1,-1,-1,1,1,-1,-1,-1,1,1,-1,1,-1,1,1,-1,1,1,-1,-1,1,1,-1,-1,1,1,-1,1,1,1,1,1,-1,-1,-1,-1,1,-1,-1,-1,-1,-1,1,1,1,1,-1,1,1,-1,1,1,1,1,-1,1,-1,1,1,1,-1,-1,1,-1,1,1,1,-1,-1,1,-1,1,1,1,-1,-1,1,-1,1,1,1,1,-1,1,-1,1,1,1,-1,-1,-1,1,-1,1,-1,1,-1,1,-1,1,1,-2676.0,1,2000,445,1500,False
62,1,1,-1,-1,1,-1,-1,-1,1,1,1,-1,1,1,1,1,-1,1,-1,-1,1,-1,1,1,1,-1,-1,-1,1,1,1,1,-1,-1,-1,-1,1,1,1,1,-1,-1,-1,1,1,1,1,-1,1,1,1,1,-1,1,-1,-1,1,-1,1,1,1,-1,-1,-1,1,1,1,1,-1,-1,-1,1,1,1,1,-1,-1,-1,1,1,1,-1,-1,-1,1,1,1,1,-1,1,-1,1,1,1,1,-1,-1,1,1,-1,1,1,-1,-1,1,1,1,1,1,-1,-1,1,1,1,1,1,-1,-1,1,1,1,1,1,1,-1,1,1,1,-1,1,1,-1,1,1,1,1,1,1,-1,-1,1,1,1,1,1,-1,1,1,1,1,1,1,-1,-1,-1,1,1,1,1,-1,1,1,1,1,-1,1,-1,1,-1,1,1,1,-1,-1,1,1,1,1,1,-1,1,-1,-1,1,-1,1,-1,1,1,1,1,1,1,1,1,1,-1,1,-1,1,-1,1,1,-1,1,-1,1,1,-1,1,-1,1,-1,1,-1,1,1,-1,1,-1,1,1,1,1,-1,-1,1,1,-1,-1,1,-1,1,-1,-1,1,-1,1,-1,1,-1,1,-1,1,1,-1,-1,-1,1,1,-1,1,-1,1,1,1,-1,1,1,-1,1,-1,1,-1,1,-1,1,-1,1,1,-1,1,-1,-1,-1,1,1,-1,1,-1,-1,-1,1,1,-1,-1,1,1,-1,-1,1,1,-1,1,1,-1,1,1,1,1,-1,1,-1,1,1,-1,1,-1,1,1,-1,1,1,1,1,1,-1,-1,1,-1,-1,1,1,1,-1,1,1,1,-1,1,-1,-1,1,1,1,1,1,-1,1,1,1,-1,1,1,-1,1,1,1,-1,1,1,-1,-1,1,1,1,-1,1,-1,1,1,1,-1,1,1,-1,1,1,1,-1,1,-1,-1,1,1,1,-1,1,-1,-1,-1,1,1,-1,1,-1,-1,1,-1,1,-1,1,1,-1,-1,1,1,1,-1,1,-1,-1,1,1,-1,1,-1,1,-1,-1,-1,-1,1,1,-1,-1,1,1,-1,1,1,-1,-1,1,1,1,1,1,-1,1,1,1,-1,1,-1,-1,-1,-1,1,1,-1,1,-1,-1,1,-1,1,-1,-1,-1,-1,-1,-1,1,-1,-1,-1,1,-1,1,1,-1,1,1,1,1,-1,1,-1,1,-1,-1,1,-1,1,-1,1,1,-1,1,-1,-1,1,1,-1,-1,1,-1,1,1,1,-1,-1,1,-1,1,-1,1,-1,1,1,-1,1,-1,-1,-1,1,1,-1,1,-1,-1,-1,1,-1,1,1,-1,-1,1,1,-1,-1,1,-1,-1,-1,1,-1,1,-1,1,-1,-1,1,-1,-1,1,-1,-1,-1,1,1,-1,1,-1,-1,-1,1,1,-1,1,-1,1,-1,1,-1,-1,1,-1,-1,1,1,1,-1,-1,1,-1,1,-1,1,-1,-1,1,-1,-1,1,1,1,-1,1,-1,1,-1,-1,-1,1,-1,-1,-1,1,-1,-1,-1,1,1,-1,1,-1,1,-1,1,-1,1,1,-1,1,1,1,-1,-1,1,-1,1,-1,1,1,-1,1,-1,-1,1,1,-1,-1,1,-1,-1,-1,1,-1,-1,1,-1,1,1,1,1,-1,1,-1,-1,1,1,-1,-1,1,-1,-1,-1,1,1,-1,-1,1,1,-1,-1,-1,-1,1,1,1,-1,1,1,-1,-1,1,1,-1,1,-1,-1,1,1,1,1,-1,-1,-1,1,-1,1,1,1,1,-1,-1,1,1,1,-1,-1,-1,-1,1,1,1,1,-1,-1,-1,1,1,1,-1,-1,-1,-1,1,1,1,1,-1,-1,1,1,1,1,1,-1,-1,-1,1,1,1,1,-1,-1,-1,1,1,-1,1,-1,-1,-1,1,1,1,1,-1,-1,1,1,1,1,1,-1,1,1,-1,1,1,-1,-1,-1,1,1,1,-1,1,-1,1,1,1,1,1,1,-1,-1,1,-1,1,-1,1,-1,-1,1,-1,1,1,-1,-1,-1,1,-1,1,1,-1,-1,-1,1,1,1,-1,1,-1,-1,1,-1,1,-1,-1,-1,-1,1,1,-1,-1,-1,-1,-1,1,-1,1,-1,-1,-1,-1,-1,-1,-1,1,-1,-1,-1,1,-1,-1,1,-1,-1,-1,-1,-1,-1,1,-1,-1,-1,-1,-1,1,-1,-1,-1,1,-1,-1,1,-1,1,-1,-1,-1,-1,-1,-1,-1,1,-1,-1,-1,1,1,-1,-1,-1,1,1,-1,-1,-1,-1,1,-1,-1,1,-1,1,-1,-1,-1,-1,1,-1,1,1,-1,1,-1,-1,1,1,-1,-1,-1,-1,-1,-1,1,1,-1,-1,1,-1,1,1,-1,-1,-1,1,-1,-1,1,-1,-1,1,-1,-1,1,1,1,-1,1,-1,1,1,1,-1,-1,1,-1,-1,1,1,1,-1,1,-1,-1,1,1,-1,1,1,-1,-1,1,1,1,1,1,-1,-1,1,1,-1,1,1,-1,-1,1,1,1,1,1,1,-1,1,1,1,1,1,-1,-1,1,-1,1,1,1,1,-1,-1,1,-1,1,1,1,-1,1,1,1,1,-1,1,-1,1,1,1,1,1,1,1,-1,-1,1,1,1,-1,1,-1,1,1,1,1,1,-1,1,1,1,1,-1,1,1,-1,-1,1,-1,1,1,-1,-1,1,1,1,1,-1,1,-1,1,1,1,-1,-1,1,-1,1,1,1,-1,1,-1,-1,-1,1,1,-1,-1,1,-1,-1,1,1,-1,-1,1,-1,1,1,1,1,-1,-1,-1,-1,1,1,-1,-1,-1,1,1,-1,1,-1,1,1,-1,1,1,-1,-1,1,1,-1,-1,-1,1,-1,1,1,1,1,1,-1,-1,-1,-1,1,-1,-1,-1,-1,-1,1,1,1,1,-1,1,1,-1,1,1,1,1,-1,1,-1,1,1,1,1,-1,1,-1,1,1,1,1,-1,1,-1,1,1,1,1,-1,1,-1,1,1,-1,-1,-1,1,-1,1,1,1,-1,-1,-1,1,-1,1,-1,1,-1,1,-1,1,1,-2676.0,1,2000,445,1000,False
63,1,1,-1,-1,1,1,-1,-1,1,1,1,-1,-1,1,1,1,-1,1,-1,-1,-1,-1,1,1,1,-1,-1,-1,1,1,1,1,1,-1,-1,-1,1,-1,1,1,-1,-1,-1,1,1,1,1,-1,1,1,1,1,-1,1,-1,-1,1,-1,1,1,1,-1,-1,-1,1,1,1,1,-1,-1,-1,1,1,1,1,-1,-1,-1,1,1,1,-1,-1,-1,1,1,1,1,-1,-1,-1,1,1,1,1,-1,-1,1,1,-1,1,1,-1,-1,1,1,1,1,1,-1,-1,1,1,-1,1,1,-1,-1,1,1,1,1,1,1,-1,-1,1,1,-1,1,1,-1,1,1,1,1,1,1,-1,-1,1,1,1,1,1,-1,1,1,1,1,1,1,-1,-1,-1,1,1,1,1,-1,1,1,1,1,-1,1,-1,1,-1,1,1,1,-1,-1,1,1,1,1,1,-1,1,-1,-1,1,-1,1,-1,1,1,1,1,1,1,1,1,1,-1,1,-1,1,-1,1,1,-1,1,-1,1,1,-1,1,-1,1,-1,1,-1,1,1,-1,-1,-1,1,1,1,1,-1,-1,1,1,-1,-1,1,-1,1,-1,-1,1,-1,1,-1,1,-1,1,-1,1,1,-1,-1,-1,1,1,-1,1,-1,1,1,1,-1,1,1,-1,1,-1,1,-1,1,-1,1,-1,1,1,-1,1,-1,-1,-1,1,1,-1,1,-1,-1,-1,1,1,-1,-1,1,1,-1,-1,1,1,-1,1,1,-1,1,1,1,1,-1,1,-1,1,1,-1,1,-1,1,1,-1,1,1,1,1,1,-1,-1,1,-1,-1,-1,1,1,-1,1,1,1,-1,1,-1,-1,1,1,1,1,1,-1,1,1,1,-1,1,1,-1,1,1,1,-1,1,1,-1,-1,1,1,1,-1,1,-1,1,1,1,-1,1,1,-1,1,1,1,-1,1,-1,-1,1,1,1,-1,1,-1,-1,-1,1,1,-1,1,-1,-1,1,-1,1,-1,1,1,-1,-1,1,1,1,-1,1,-1,-1,1,1,-1,1,-1,1,-1,-1,-1,-1,1,1,-1,-1,1,1,-1,1,1,-1,-1,1,1,1,1,1,-1,1,1,1,-1,1,-1,-1,-1,-1,1,1,-1,1,-1,-1,1,-1,1,-1,-1,-1,-1,-1,-1,1,-1,-1,-1,1,-1,1,1,-1,1,1,1,1,-1,1,-1,1,-1,-1,1,-1,1,-1,1,1,-1,1,-1,-1,1,1,-1,-1,1,-1,1,1,1,-1,-1,1,-1,1,-1,1,-1,1,1,-1,1,-1,-1,-1,1,1,-1,1,-1,-1,-1,1,-1,1,1,1,-1,-1,1,-1,-1,1,-1,-1,-1,1,-1,1,-1,1,-1,-1,1,-1,-1,1,-1,-1,-1,1,1,-1,1,-1,-1,-1,1,1,-1,-1,-1,1,-1,1,-1,-1,1,-1,-1,1,1,1,-1,-1,1,-1,1,-1,1,1,-1,1,-1,-1,1,1,1,-1,1,-1,1,-1,1,-1,1,-1,-1,-1,1,-1,-1,-1,1,1,-1,1,-1,1,-1,1,-1,1,1,-1,1,1,1,-1,-1,1,-1,1,-1,1,1,-1,1,-1,-1,1,1,-1,-1,1,-1,-1,-1,1,-1,-1,1,-1,1,1,1,1,-1,1,-1,-1,1,1,-1,-1,1,-1,-1,-1,1,1,-1,-1,1,1,-1,1,-1,-1,1,1,1,-1,1,1,-1,-1,1,1,-1,1,-1,-1,1,1,1,1,-1,1,-1,1,-1,1,1,1,1,-1,-1,1,1,1,-1,-1,-1,-1,1,1,1,1,-1,-1,-1,1,1,1,-1,-1,-1,-1,1,1,1,1,-1,-1,-1,1,1,1,1,-1,-1,1,1,1,1,1,-1,-1,-1,1,1,-1,1,-1,-1,-1,1,1,1,1,-1,-1,1,1,1,1,1,-1,1,1,-1,1,1,-1,-1,-1,1,1,1,1,1,-1,1,1,1,1,1,1,-1,-1,1,-1,1,-1,1,-1,-1,1,-1,1,-1,-1,-1,-1,1,-1,1,1,-1,1,-1,1,1,1,-1,1,1,-1,1,-1,1,-1,-1,-1,-1,1,1,-1,-1,-1,-1,-1,1,-1,1,-1,-1,-1,-1,-1,-1,-1,1,-1,-1,-1,1,-1,-1,1,-1,-1,-1,-1,-1,1,1,-1,-1,-1,-1,-1,1,-1,-1,-1,1,-1,-1,1,-1,1,-1,-1,-1,-1,-1,-1,-1,1,-1,-1,-1,1,1,1,-1,-1,1,-1,-1,-1,-1,-1,1,-1,-1,1,-1,1,-1,-1,-1,-1,1,-1,1,1,-1,1,-1,-1,1,1,-1,-1,-1,-1,-1,-1,1,1,-1,-1,1,-1,1,1,-1,-1,-1,1,-1,1,1,-1,-1,1,-1,-1,1,1,1,-1,1,-1,1,1,1,-1,-1,1,-1,-1,1,1,1,-1,1,-1,-1,1,1,-1,1,1,-1,-1,1,1,1,1,1,-1,-1,1,1,1,1,1,-1,-1,1,1,1,1,1,1,-1,1,1,1,-1,1,-1,-1,1,-1,1,1,1,1,-1,-1,1,-1,1,1,1,-1,1,1,1,1,-1,1,-1,1,1,1,1,1,1,1,-1,-1,1,1,1,-1,1,-1,1,1,1,1,1,-1,1,1,1,1,-1,1,1,-1,1,1,-1,1,1,-1,-1,1,1,1,1,-1,1,-1,1,1,1,-1,-1,1,-1,1,1,1,-1,1,-1,-1,-1,1,1,-1,-1,1,-1,-1,1,1,1,-1,1,-1,1,1,1,1,-1,-1,-1,-1,1,1,-1,-1,-1,1,1,1,1,-1,1,1,-1,1,1,-1,-1,1,1,-1,-1,1,1,-1,1,1,1,1,1,-1,-1,-1,-1,-1,-1,-1,-1,-1,-1,1,1,1,1,-1,1,1,-1,1,1,1,1,-1,1,-1,1,1,1,1,-1,1,-1,1,1,1,1,-1,1,-1,1,1,1,1,-1,1,-1,1,1,1,-1,-1,1,-1,1,1,1,-1,-1,-1,1,-1,1,-1,1,-1,1,-1,1,1,-2676.0,1,2000,445,1500,False
64,1,1,-1,-1,1,-1,-1,-1,1,1,1,-1,1,1,1,1,-1,1,-1,-1,-1,-1,1,1,1,-1,1,-1,1,1,1,1,1,-1,-1,-1,1,1,1,1,-1,-1,-1,1,1,1,1,-1,1,1,1,1,-1,1,-1,-1,1,-1,1,1,1,-1,-1,-1,1,1,1,1,-1,-1,-1,1,1,1,1,-1,-1,-1,1,1,1,-1,-1,-1,1,1,1,1,-1,-1,-1,1,1,1,1,-1,-1,1,1,-1,1,1,-1,-1,1,1,1,1,1,-1,-1,1,1,1,1,1,-1,-1,1,1,1,1,1,1,-1,1,1,1,-1,1,1,-1,1,1,1,1,1,1,-1,-1,1,1,1,1,1,-1,1,1,1,1,1,1,-1,-1,-1,1,1,1,1,-1,1,1,1,1,-1,1,-1,1,-1,1,1,1,-1,-1,1,1,1,1,1,-1,1,-1,-1,1,-1,1,-1,1,1,1,1,1,1,1,1,1,-1,1,-1,1,-1,1,1,-1,1,-1,1,1,-1,1,-1,1,-1,1,-1,1,1,-1,-1,-1,1,1,1,1,-1,-1,1,1,-1,-1,1,-1,1,-1,1,1,1,1,-1,1,-1,1,-1,1,1,-1,-1,-1,1,1,-1,1,-1,1,1,1,-1,1,1,-1,1,-1,1,-1,1,-1,1,-1,1,1,-1,1,-1,-1,-1,1,1,-1,1,-1,-1,-1,1,1,-1,-1,1,1,-1,-1,1,1,-1,1,1,-1,1,1,1,-1,-1,1,-1,1,1,-1,1,-1,1,1,-1,1,1,-1,-1,1,-1,-1,1,-1,1,-1,1,1,-1,1,1,1,-1,1,-1,-1,1,1,-1,-1,1,-1,1,1,1,1,-1,1,-1,1,1,1,-1,1,1,-1,-1,1,1,-1,-1,1,-1,1,1,1,1,1,1,-1,1,1,1,1,1,-1,-1,1,1,1,1,1,-1,-1,-1,1,1,1,1,-1,-1,1,-1,1,1,1,1,-1,-1,1,1,1,1,1,-1,-1,1,1,1,-1,-1,1,-1,-1,-1,-1,1,1,-1,-1,1,1,-1,1,1,-1,-1,1,1,1,1,1,-1,1,1,1,-1,1,-1,-1,-1,-1,1,1,1,1,-1,-1,1,-1,1,1,-1,-1,-1,-1,-1,1,-1,-1,-1,1,-1,1,1,1,1,1,1,1,-1,1,-1,1,-1,-1,1,-1,1,1,1,1,-1,1,-1,-1,1,1,-1,-1,1,-1,1,1,1,-1,-1,1,-1,1,1,1,-1,1,1,-1,1,1,-1,-1,1,1,-1,1,-1,-1,-1,1,-1,1,1,-1,-1,1,1,-1,-1,1,-1,-1,-1,1,-1,-1,1,-1,-1,-1,1,-1,-1,1,-1,-1,-1,1,1,-1,-1,1,-1,-1,1,1,-1,-1,1,1,-1,1,-1,-1,-1,1,-1,1,-1,1,-1,-1,1,-1,1,-1,1,-1,-1,1,-1,-1,1,1,1,-1,1,-1,1,-1,-1,-1,1,-1,-1,-1,1,-1,-1,-1,1,1,-1,1,-1,1,-1,1,-1,1,1,-1,1,1,1,-1,-1,1,-1,1,-1,1,1,-1,1,-1,-1,1,1,-1,-1,1,-1,-1,-1,1,-1,-1,1,-1,1,1,1,1,-1,1,-1,-1,1,1,-1,-1,1,-1,-1,-1,1,1,-1,-1,1,1,-1,1,-1,-1,1,1,1,-1,1,1,-1,-1,1,1,-1,1,-1,-1,1,1,1,1,-1,-1,-1,1,-1,1,1,1,-1,-1,-1,1,1,1,-1,-1,-1,-1,1,1,1,1,-1,-1,-1,1,1,1,-1,-1,-1,-1,1,1,1,1,-1,-1,-1,1,1,1,1,-1,-1,1,1,1,1,-1,-1,-1,-1,1,1,-1,1,-1,-1,-1,1,1,1,1,-1,-1,1,1,1,1,1,-1,1,1,-1,1,1,-1,-1,-1,1,1,1,-1,1,-1,1,1,1,1,1,1,-1,-1,1,-1,1,-1,1,-1,-1,1,-1,1,-1,-1,-1,-1,1,-1,1,1,-1,-1,-1,1,1,1,-1,1,-1,-1,1,-1,1,-1,-1,-1,-1,1,1,-1,-1,-1,-1,-1,1,-1,1,-1,-1,-1,-1,-1,-1,-1,1,-1,-1,-1,1,-1,-1,1,-1,-1,-1,-1,-1,1,1,-1,-1,-1,-1,-1,1,-1,-1,-1,1,-1,-1,1,-1,1,-1,-1,-1,-1,-1,-1,-1,1,-1,-1,-1,1,1,-1,-1,-1,-1,1,-1,-1,-1,-1,1,-1,-1,1,1,1,-1,-1,-1,-1,1,-1,1,1,-1,1,-1,-1,1,1,-1,-1,-1,-1,-1,-1,1,1,-1,-1,1,-1,1,1,-1,-1,-1,1,-1,-1,1,-1,-1,1,-1,-1,1,1,1,-1,1,-1,1,1,1,-1,-1,1,-1,-1,1,1,1,-1,1,-1,-1,1,1,-1,1,1,-1,-1,1,1,-1,1,1,-1,-1,1,1,1,1,1,-1,-1,1,1,1,1,-1,1,-1,1,1,1,-1,1,-1,-1,1,-1,1,1,1,1,-1,-1,1,-1,1,-1,1,-1,1,1,1,1,-1,1,-1,1,1,1,1,1,1,-1,-1,1,1,1,1,-1,1,-1,1,1,1,1,-1,1,-1,1,1,1,-1,-1,1,-1,1,1,-1,1,-1,-1,-1,1,1,1,-1,1,-1,-1,1,1,1,-1,-1,-1,-1,1,1,1,-1,-1,1,-1,-1,1,1,-1,1,-1,-1,1,1,1,-1,1,-1,1,-1,1,1,1,1,1,-1,-1,1,1,-1,-1,1,1,-1,-1,1,-1,1,-1,-1,1,1,-1,-1,1,-1,-1,-1,1,1,-1,1,1,-1,1,1,-1,-1,1,-1,1,-1,-1,-1,-1,1,-1,-1,1,1,-1,1,1,-1,1,1,1,1,-1,1,-1,1,1,1,1,-1,1,-1,-1,-1,1,1,-1,1,-1,1,1,1,1,-1,1,-1,1,1,1,-1,-1,1,-1,-1,1,1,-1,-1,-1,1,-1,1,-1,1,-1,1,-1,-1,1,-2676.0,1,2000,445,0,False
65,1,1,-1,-1,1,-1,-1,-1,1,1,1,-1,1,1,1,1,-1,1,-1,-1,-1,-1,1,1,1,-1,-1,-1,1,1,1,1,1,-1,-1,-1,1,1,1,1,-1,-1,-1,1,1,1,1,-1,1,1,1,1,-1,1,-1,-1,1,-1,1,1,1,-1,-1,-1,1,1,1,1,-1,1,-1,1,1,1,1,-1,-1,-1,1,1,1,-1,-1,-1,1,1,1,1,-1,1,-1,1,1,1,1,-1,-1,1,1,-1,1,1,-1,-1,1,1,1,1,1,-1,-1,1,1,1,1,1,-1,-1,1,1,1,1,1,1,-1,1,1,1,-1,1,1,-1,1,1,1,1,1,1,-1,-1,1,1,1,1,1,-1,1,1,1,1,1,1,-1,-1,-1,1,1,1,1,-1,1,1,1,1,-1,1,-1,1,-1,1,1,1,-1,-1,1,1,1,1,1,-1,1,-1,-1,1,-1,1,-1,1,1,1,1,1,1,1,1,1,1,1,-1,1,-1,1,1,-1,1,-1,1,1,-1,1,-1,1,-1,1,-1,1,1,-1,1,-1,1,1,1,1,-1,-1,1,1,-1,-1,1,-1,1,-1,-1,1,-1,1,-1,1,-1,1,-1,1,1,-1,1,-1,1,1,-1,1,-1,1,1,1,-1,1,1,-1,1,-1,1,-1,1,-1,1,-1,1,1,-1,1,-1,-1,-1,1,1,-1,1,-1,-1,-1,1,1,-1,-1,1,1,-1,-1,1,1,-1,1,1,-1,1,1,1,1,-1,1,-1,1,1,-1,1,-1,1,1,-1,1,1,1,1,1,-1,-1,1,-1,-1,-1,1,1,-1,1,1,1,-1,1,-1,-1,1,1,1,1,1,-1,1,1,1,-1,1,1,-1,1,1,1,-1,1,1,-1,-1,1,1,1,-1,1,-1,1,1,1,-1,1,1,-1,1,1,1,-1,1,-1,-1,1,1,1,-1,1,-1,-1,-1,1,1,-1,1,-1,-1,1,-1,1,-1,1,1,-1,-1,1,1,1,-1,1,-1,-1,1,1,-1,1,-1,1,-1,-1,-1,-1,1,1,-1,-1,1,1,-1,1,1,-1,-1,1,1,1,1,1,-1,1,1,1,-1,1,-1,-1,-1,-1,1,1,-1,1,-1,-1,1,-1,1,-1,-1,-1,-1,-1,-1,1,-1,-1,-1,1,-1,1,1,-1,1,-1,1,1,-1,1,-1,1,-1,-1,1,-1,1,-1,1,1,-1,1,-1,-1,1,1,-1,-1,1,-1,1,1,1,-1,-1,1,-1,1,-1,1,-1,1,1,-1,1,-1,-1,-1,1,1,-1,1,-1,-1,-1,1,-1,1,1,-1,-1,-1,1,-1,-1,1,-1,-1,-1,1,-1,1,-1,-1,-1,-1,1,-1,-1,1,-1,-1,-1,1,1,-1,1,-1,-1,-1,1,1,-1,-1,-1,1,-1,1,-1,-1,1,-1,-1,1,-1,1,-1,-1,1,-1,1,-1,1,1,-1,1,-1,-1,1,1,1,-1,1,-1,1,-1,-1,1,1,-1,-1,-1,1,-1,-1,-1,1,1,-1,1,-1,1,-1,1,-1,1,1,-1,1,1,1,-1,-1,1,-1,1,-1,1,1,-1,1,-1,-1,1,1,-1,-1,1,-1,-1,-1,1,-1,-1,1,-1,1,1,1,1,-1,1,-1,-1,1,1,-1,-1,1,-1,-1,-1,1,1,-1,-1,1,1,-1,-1,-1,-1,1,1,1,1,1,1,-1,-1,1,1,-1,1,-1,-1,-1,1,1,1,-1,-1,-1,1,-1,1,1,1,-1,-1,-1,1,1,1,-1,-1,-1,1,1,1,1,1,-1,-1,-1,1,1,1,-1,-1,-1,-1,1,1,1,1,-1,-1,1,1,1,1,1,-1,-1,-1,1,1,1,1,-1,-1,-1,1,1,-1,1,-1,-1,-1,1,1,1,1,-1,-1,1,1,1,1,1,-1,1,1,-1,1,1,-1,-1,-1,1,1,1,1,1,-1,1,1,1,1,1,1,-1,-1,1,-1,1,-1,1,-1,-1,1,-1,1,1,-1,-1,-1,1,-1,1,1,-1,-1,-1,1,1,1,-1,1,-1,-1,1,-1,1,-1,-1,-1,-1,1,1,-1,-1,-1,-1,-1,1,-1,1,-1,-1,-1,-1,-1,-1,-1,1,-1,-1,-1,1,-1,-1,1,-1,-1,-1,-1,-1,-1,1,-1,-1,-1,-1,-1,1,-1,-1,-1,1,-1,-1,1,-1,1,-1,-1,-1,-1,-1,-1,-1,1,-1,-1,-1,1,1,1,-1,-1,1,-1,-1,-1,-1,-1,1,-1,-1,1,-1,1,-1,-1,-1,-1,1,-1,1,1,-1,1,-1,-1,1,1,-1,-1,-1,-1,-1,-1,1,1,-1,-1,1,-1,1,1,-1,-1,-1,1,-1,1,1,-1,-1,1,-1,-1,1,1,1,-1,1,-1,1,1,1,-1,-1,1,-1,-1,1,1,1,-1,1,-1,-1,1,1,-1,1,1,-1,-1,1,1,1,1,1,-1,-1,1,1,1,1,1,-1,-1,1,1,1,1,1,1,-1,1,1,1,-1,1,-1,-1,1,-1,1,1,1,1,-1,-1,1,-1,1,1,1,-1,1,1,1,1,-1,1,-1,1,1,1,1,1,1,1,-1,1,1,1,1,-1,1,-1,1,1,1,1,1,-1,1,1,1,1,-1,1,1,-1,1,1,-1,1,1,-1,-1,1,1,1,1,-1,1,-1,1,1,1,-1,-1,1,-1,1,1,1,-1,1,-1,-1,-1,1,1,-1,-1,1,-1,-1,1,1,1,-1,1,-1,1,1,1,1,-1,1,-1,-1,1,1,-1,-1,-1,1,1,-1,1,-1,1,1,-1,1,1,-1,-1,1,1,-1,-1,-1,1,-1,1,1,1,1,1,-1,-1,-1,-1,-1,-1,-1,-1,-1,-1,1,1,1,1,-1,1,1,-1,1,1,1,1,-1,1,-1,1,1,1,1,-1,1,-1,1,1,1,1,-1,1,-1,1,1,1,1,-1,1,-1,1,1,1,-1,-1,1,-1,1,1,1,-1,-1,-1,1,-1,1,-1,1,-1,1,-1,1,1,-2676.0,1,2000,445,1000,False
66,1,1,-1,-1,1,1,-1,-1,1,1,1,-1,1,1,1,1,-1,1,1,-1,1,-1,1,1,1,1,-1,-1,1,1,1,1,-1,-1,-1,-1,1,-1,1,1,-1,-1,-1,1,1,1,1,-1,1,1,1,1,-1,1,-1,-1,1,-1,1,1,1,-1,-1,-1,1,1,1,1,-1,-1,-1,1,1,1,1,-1,-1,-1,1,1,1,-1,-1,-1,1,1,1,1,-1,-1,-1,1,1,1,1,-1,-1,1,1,-1,1,1,-1,-1,1,1,1,1,1,-1,-1,1,1,1,1,1,-1,-1,1,1,1,1,1,1,-1,-1,1,1,-1,1,1,-1,1,1,1,1,1,1,-1,-1,1,1,1,1,1,-1,1,1,1,1,1,1,-1,-1,-1,1,1,1,1,-1,1,1,1,1,-1,1,-1,1,-1,1,1,1,-1,-1,1,1,1,1,1,-1,1,-1,-1,1,-1,1,-1,1,1,1,1,1,1,1,1,1,-1,1,-1,1,-1,1,1,-1,1,-1,1,1,-1,1,-1,1,-1,1,-1,1,1,-1,-1,-1,1,1,1,1,-1,-1,1,1,-1,-1,1,-1,1,-1,-1,1,-1,1,-1,1,-1,1,-1,1,1,-1,-1,-1,1,1,-1,1,-1,1,1,1,-1,1,1,-1,1,-1,1,-1,1,-1,1,-1,1,1,-1,1,-1,-1,-1,1,1,-1,1,-1,-1,-1,1,1,-1,-1,1,1,-1,-1,1,1,-1,1,1,-1,1,1,1,1,-1,1,-1,1,1,-1,1,-1,1,1,-1,1,1,1,1,1,-1,-1,1,-1,-1,-1,1,1,-1,1,1,1,-1,1,-1,-1,1,1,1,1,1,-1,1,1,1,-1,1,1,-1,1,1,1,-1,1,1,-1,-1,1,1,1,-1,1,-1,1,1,1,-1,1,1,-1,1,1,1,-1,1,-1,-1,1,1,1,-1,1,-1,-1,-1,-1,1,-1,1,-1,-1,1,1,1,-1,1,1,-1,-1,-1,1,1,-1,1,-1,-1,1,1,-1,1,-1,1,-1,-1,1,1,1,1,-1,-1,1,-1,-1,1,1,-1,-1,-1,1,-1,1,1,-1,1,-1,1,1,1,-1,-1,-1,-1,1,-1,-1,1,-1,-1,1,-1,-1,1,-1,-1,-1,1,-1,1,-1,-1,-1,1,-1,1,-1,1,1,-1,1,1,-1,1,-1,1,-1,-1,1,-1,-1,-1,1,-1,1,1,-1,-1,1,1,-1,-1,1,-1,1,-1,-1,1,-1,1,-1,-1,1,1,-1,1,1,1,-1,-1,1,-1,1,1,-1,-1,1,-1,-1,1,-1,1,-1,1,-1,-1,1,-1,-1,-1,-1,1,-1,1,-1,1,-1,1,-1,-1,1,-1,-1,1,-1,-1,-1,1,1,-1,1,-1,-1,-1,1,1,-1,-1,-1,1,-1,1,-1,-1,1,-1,-1,1,-1,1,-1,-1,-1,-1,1,-1,1,-1,-1,1,-1,-1,1,1,1,-1,1,-1,1,-1,-1,-1,1,-1,-1,-1,1,-1,-1,-1,1,1,-1,1,-1,1,-1,1,-1,1,1,-1,1,1,1,-1,-1,1,-1,1,-1,1,1,-1,1,-1,-1,1,1,-1,-1,1,-1,-1,-1,1,-1,-1,1,-1,1,1,1,1,-1,1,-1,-1,1,1,-1,-1,1,-1,-1,-1,1,1,-1,-1,1,1,-1,-1,-1,-1,1,1,1,1,1,1,-1,-1,1,1,1,-1,-1,-1,1,1,1,1,-1,-1,-1,1,-1,1,-1,1,1,-1,-1,1,1,1,-1,-1,-1,-1,1,1,1,1,-1,-1,-1,1,1,1,-1,-1,-1,-1,1,1,1,1,-1,-1,-1,1,1,1,1,-1,-1,1,1,1,1,1,-1,-1,-1,1,1,-1,1,-1,-1,-1,1,1,1,1,-1,-1,1,1,1,1,1,-1,1,1,-1,1,1,-1,-1,-1,1,1,1,1,1,-1,1,1,1,1,1,1,-1,-1,1,-1,1,-1,1,-1,-1,1,-1,1,-1,-1,-1,-1,1,-1,1,1,-1,1,-1,1,1,1,-1,1,1,-1,1,-1,1,-1,-1,-1,-1,1,1,-1,-1,-1,-1,-1,1,-1,1,-1,-1,-1,-1,-1,-1,-1,1,-1,-1,-1,1,-1,-1,1,-1,-1,-1,-1,-1,1,1,-1,-1,-1,-1,-1,1,-1,-1,-1,1,-1,-1,1,-1,1,-1,-1,-1,-1,1,-1,-1,1,-1,-1,-1,-1,1,1,-1,-1,1,-1,1,-1,-1,-1,1,-1,-1,-1,-1,1,-1,-1,-1,-1,-1,1,1,1,-1,1,-1,1,-1,1,-1,-1,-1,-1,-1,-1,1,1,-1,-1,1,-1,1,1,-1,-1,-1,1,-1,1,1,-1,-1,1,-1,-1,1,1,1,-1,1,-1,1,1,1,-1,-1,1,-1,-1,1,1,1,-1,1,-1,-1,1,1,-1,1,1,-1,-1,1,1,-1,1,1,-1,-1,1,1,-1,1,1,-1,-1,1,1,1,1,1,1,-1,1,1,-1,1,1,-1,-1,1,-1,1,1,1,1,-1,-1,1,-1,1,1,1,-1,1,1,1,1,-1,1,-1,1,1,1,1,1,1,1,-1,1,1,1,1,-1,1,-1,1,1,1,1,1,-1,1,1,1,1,-1,1,-1,1,1,1,-1,1,1,1,1,-1,1,1,1,-1,1,1,1,1,1,-1,-1,1,-1,1,1,1,-1,1,-1,1,1,1,1,-1,-1,1,1,-1,1,1,1,-1,1,1,-1,1,1,1,-1,1,-1,1,1,1,-1,-1,-1,-1,1,1,1,-1,1,1,1,1,1,-1,-1,1,1,1,1,1,1,-1,1,-1,1,1,1,-1,-1,-1,-1,-1,-1,-1,-1,-1,-1,-1,1,1,1,-1,1,1,-1,-1,1,1,1,-1,1,-1,1,1,1,1,-1,1,-1,1,1,1,1,-1,1,-1,1,1,1,1,-1,1,-1,1,-1,-1,-1,-1,1,-1,-1,1,1,-1,-1,-1,-1,1,1,-1,1,-1,1,-1,-1,1,-2676.0,1,2000,445,1000,False
67,-1,-1,1,1,1,1,-1,1,-1,-1,-1,1,-1,1,-1,-1,1,-1,1,1,-1,1,-1,-1,-1,1,-1,-1,-1,-1,-1,-1,1,1,-1,1,1,-1,-1,-1,1,-1,1,-1,-1,-1,1,1,-1,-1,-1,-1,1,1,1,-1,-1,1,-1,-1,1,1,1,1,-1,1,-1,1,1,-1,1,-1,-1,-1,1,-1,-1,1,-1,-1,-1,1,1,-1,-1,-1,-1,1,1,1,-1,-1,-1,1,-1,1,-1,1,-1,1,1,1,1,-1,1,-1,-1,1,1,1,-1,1,-1,-1,1,1,1,-1,1,-1,-1,1,1,1,-1,1,-1,-1,1,1,-1,-1,1,-1,-1,1,1,1,-1,-1,-1,-1,1,1,1,-1,1,-1,-1,-1,1,1,-1,-1,1,-1,1,1,1,-1,1,1,-1,-1,1,1,-1,1,1,-1,1,1,1,-1,1,-1,-1,1,1,-1,1,-1,1,-1,1,1,-1,1,1,-1,-1,-1,1,1,1,1,1,-1,1,1,-1,1,1,1,-1,1,1,1,-1,1,1,-1,1,1,1,1,1,1,-1,1,1,-1,1,1,1,1,-1,1,-1,-1,1,1,1,-1,1,-1,-1,1,1,-1,-1,1,-1,1,1,1,1,-1,-1,1,-1,1,1,-1,1,1,-1,1,1,1,-1,-1,1,-1,1,-1,1,1,1,1,-1,1,-1,1,1,-1,1,-1,1,-1,1,1,1,1,1,-1,1,1,1,1,1,1,-1,1,1,-1,-1,-1,1,1,-1,1,1,-1,-1,1,-1,-1,1,1,1,-1,1,1,1,1,1,1,-1,1,-1,-1,1,-1,1,-1,1,1,-1,1,1,1,-1,1,1,1,1,1,-1,1,1,-1,1,1,1,-1,1,1,-1,1,1,1,-1,1,1,1,-1,1,1,1,1,1,-1,1,1,1,1,1,1,-1,1,-1,1,-1,1,1,-1,1,-1,1,1,-1,1,-1,1,-1,1,1,-1,1,-1,1,1,-1,1,-1,1,1,-1,1,-1,1,-1,1,-1,1,-1,-1,1,1,-1,-1,1,1,1,1,-1,1,-1,1,-1,1,1,-1,1,1,1,-1,1,1,-1,1,-1,1,-1,-1,1,-1,1,1,1,1,-1,1,1,1,1,1,-1,-1,1,-1,-1,1,-1,1,-1,-1,1,-1,1,-1,-1,-1,-1,1,-1,1,-1,1,-1,-1,1,-1,1,1,-1,-1,-1,1,-1,-1,1,1,-1,-1,1,-1,1,1,-1,1,-1,1,-1,-1,1,1,-1,-1,-1,-1,1,1,-1,1,-1,1,-1,1,-1,1,-1,-1,1,-1,1,-1,1,-1,-1,-1,-1,1,-1,-1,-1,-1,-1,-1,1,-1,1,-1,1,-1,-1,1,-1,-1,1,-1,-1,-1,1,1,1,-1,1,-1,-1,-1,-1,1,-1,1,-1,-1,1,-1,1,1,1,-1,-1,-1,1,1,-1,1,-1,1,-1,1,1,1,-1,1,1,-1,1,1,1,1,1,-1,1,-1,1,1,-1,1,-1,1,-1,-1,1,-1,-1,1,-1,-1,1,-1,-1,-1,1,1,-1,1,1,-1,-1,1,1,-1,-1,1,-1,-1,-1,-1,-1,1,1,-1,-1,-1,-1,-1,1,1,-1,-1,1,1,1,-1,1,-1,1,1,1,-1,1,1,-1,-1,-1,1,-1,-1,1,1,-1,1,1,1,1,1,1,-1,-1,1,-1,1,1,1,-1,-1,1,-1,1,1,-1,-1,1,1,-1,1,1,-1,1,1,-1,1,1,1,1,-1,1,1,-1,1,1,1,-1,1,1,1,1,1,1,-1,-1,1,1,1,1,1,-1,1,1,-1,1,1,1,-1,-1,1,1,1,-1,1,-1,-1,1,1,1,1,1,-1,-1,-1,1,1,1,1,-1,-1,1,1,1,1,-1,1,-1,1,-1,1,-1,-1,1,-1,1,-1,1,1,-1,1,-1,1,1,1,-1,1,-1,-1,1,-1,-1,1,-1,1,-1,1,-1,1,-1,1,-1,-1,1,-1,1,-1,1,1,-1,1,-1,1,-1,1,-1,-1,1,-1,1,-1,-1,1,1,1,1,1,-1,1,1,-1,1,1,1,1,-1,1,-1,1,-1,1,-1,1,1,1,-1,1,1,-1,1,1,1,-1,1,1,1,-1,1,-1,-1,1,1,-1,-1,1,-1,1,-1,-1,1,-1,1,1,-1,1,1,-1,-1,1,1,-1,1,1,-1,-1,-1,1,1,1,1,-1,-1,1,1,-1,1,1,-1,-1,1,-1,1,1,1,-1,-1,-1,1,-1,1,1,-1,1,-1,-1,1,1,1,-1,-1,-1,-1,-1,1,-1,-1,-1,1,-1,1,1,-1,-1,-1,-1,-1,1,1,1,-1,-1,-1,-1,1,1,-1,1,-1,-1,1,1,1,-1,-1,1,-1,-1,1,1,-1,-1,1,-1,-1,1,1,-1,1,-1,-1,-1,1,1,-1,-1,1,-1,-1,1,1,-1,-1,1,-1,-1,1,1,-1,1,1,1,-1,-1,1,-1,-1,1,-1,-1,1,-1,1,-1,1,1,-1,-1,1,-1,1,-1,1,-1,1,1,-1,1,-1,1,-1,1,1,-1,1,1,1,1,-1,1,-1,1,1,-1,1,-1,1,-1,1,1,1,-1,1,1,1,1,-1,1,1,-1,1,1,-1,1,1,-1,-1,1,-1,1,1,-1,1,-1,1,-1,1,-1,-1,1,-1,1,-1,1,-1,1,-1,-1,-1,1,1,-1,-1,1,-1,-1,-1,1,1,-1,1,-1,-1,-1,1,1,-1,-1,-1,-1,1,1,-1,-1,-1,1,-1,1,1,-1,1,1,-1,1,1,-1,-1,1,1,-1,-1,-1,1,-1,1,1,-1,1,1,-1,-1,-1,-1,1,-1,-1,-1,-1,-1,1,-1,1,1,-1,1,1,-1,1,1,1,1,-1,1,-1,1,1,1,1,-1,1,-1,-1,1,1,1,-1,1,-1,1,1,1,1,-1,1,-1,1,1,1,-1,-1,1,-1,-1,1,1,-1,-1,-1,1,-1,1,1,1,-1,1,-1,-1,1,-2676.0,1,2000,445,1500,True
68,-1,-1,1,1,1,1,-1,1,-1,-1,-1,1,-1,1,-1,-1,1,-1,1,1,-1,1,-1,-1,-1,1,-1,-1,1,-1,-1,-1,1,1,-1,1,1,-1,-1,-1,1,-1,1,-1,-1,-1,1,1,-1,-1,-1,-1,1,1,1,-1,-1,1,-1,-1,1,1,1,1,-1,1,-1,1,1,-1,1,-1,-1,-1,1,-1,-1,1,-1,-1,-1,1,1,-1,-1,-1,-1,1,1,1,-1,-1,-1,1,-1,1,-1,1,-1,1,1,1,1,-1,1,-1,-1,1,1,1,-1,1,-1,-1,1,1,1,-1,1,-1,-1,1,1,1,-1,1,-1,-1,1,1,-1,-1,1,-1,-1,1,1,1,-1,-1,-1,-1,1,1,1,-1,1,-1,-1,-1,1,1,-1,-1,1,-1,1,1,1,-1,1,-1,-1,-1,1,1,-1,1,1,-1,1,1,1,-1,1,-1,-1,1,1,-1,1,-1,1,-1,1,1,-1,1,1,-1,-1,-1,1,1,1,1,1,-1,1,1,-1,1,1,1,-1,1,1,1,-1,1,1,-1,1,1,1,1,1,1,-1,1,1,-1,-1,1,1,1,-1,1,-1,-1,1,1,1,-1,1,-1,-1,1,1,-1,-1,1,-1,1,1,1,1,-1,1,-1,-1,1,1,-1,1,1,-1,1,1,1,-1,-1,1,-1,1,-1,1,1,1,1,-1,1,-1,1,1,1,1,-1,1,-1,1,1,1,1,1,-1,1,1,1,1,1,1,-1,1,1,-1,1,1,1,-1,-1,1,1,1,1,-1,1,-1,1,1,-1,1,-1,-1,-1,1,1,1,1,-1,1,-1,1,-1,1,1,1,1,-1,1,1,1,1,1,-1,-1,1,1,1,1,-1,1,-1,1,1,1,1,1,-1,1,1,1,1,-1,1,-1,1,1,1,1,1,1,1,1,1,1,1,1,1,1,1,1,1,1,1,1,1,1,1,1,1,1,1,1,1,1,1,-1,-1,1,-1,1,-1,1,-1,1,1,1,1,-1,1,1,-1,1,1,-1,1,1,1,-1,-1,-1,1,1,1,1,-1,1,-1,1,1,1,-1,1,1,1,1,1,1,-1,1,1,-1,1,1,1,-1,-1,1,1,1,-1,1,-1,1,-1,1,1,1,1,1,-1,-1,1,-1,1,1,1,-1,1,1,1,1,1,1,1,-1,1,-1,-1,1,-1,1,-1,1,-1,-1,-1,1,1,-1,-1,1,-1,1,1,-1,-1,1,1,-1,1,-1,1,-1,1,-1,-1,1,1,1,-1,-1,-1,1,1,1,1,-1,1,-1,1,1,1,-1,1,-1,1,1,-1,1,-1,-1,-1,-1,1,-1,1,-1,1,-1,1,-1,1,1,-1,-1,1,-1,1,-1,1,1,-1,-1,-1,-1,-1,1,1,-1,-1,1,1,-1,1,-1,-1,1,-1,-1,1,1,1,-1,-1,-1,-1,1,1,1,1,-1,-1,-1,-1,1,1,1,-1,1,-1,1,-1,1,-1,1,-1,1,1,-1,-1,1,1,1,-1,1,-1,1,-1,1,1,1,-1,-1,-1,1,-1,1,1,1,-1,-1,-1,1,1,-1,1,-1,-1,-1,1,1,1,1,-1,-1,-1,1,1,1,1,-1,-1,-1,-1,1,-1,1,-1,1,-1,-1,1,1,1,-1,-1,1,1,-1,-1,1,1,-1,-1,-1,-1,1,1,1,-1,-1,-1,1,1,1,1,-1,-1,1,-1,1,1,-1,-1,-1,-1,-1,1,1,-1,1,-1,-1,1,1,1,1,-1,-1,-1,-1,1,1,1,-1,-1,-1,1,1,1,1,-1,-1,-1,-1,1,1,1,-1,1,-1,1,1,1,1,-1,-1,-1,-1,1,-1,1,-1,-1,-1,1,1,1,1,1,-1,1,1,1,1,1,-1,-1,-1,1,1,1,-1,1,-1,1,-1,1,-1,-1,1,-1,-1,-1,1,1,-1,-1,-1,1,1,1,-1,1,-1,-1,1,1,-1,1,-1,-1,1,-1,-1,1,-1,1,-1,1,-1,-1,1,-1,1,-1,-1,1,-1,1,-1,1,-1,1,-1,1,1,-1,-1,-1,-1,1,-1,1,-1,1,-1,1,-1,-1,1,1,-1,-1,-1,1,-1,1,-1,1,-1,-1,1,-1,1,-1,1,-1,-1,1,-1,1,1,-1,-1,1,1,-1,1,-1,-1,-1,1,-1,-1,-1,1,-1,-1,1,-1,1,1,-1,-1,-1,-1,-1,-1,1,-1,-1,-1,1,1,-1,1,-1,1,-1,1,-1,-1,1,-1,-1,-1,1,-1,1,1,-1,-1,-1,1,-1,1,1,-1,1,-1,-1,1,1,1,-1,-1,-1,-1,-1,1,-1,-1,-1,1,-1,1,1,-1,-1,-1,-1,-1,-1,1,1,-1,-1,1,-1,1,1,-1,1,-1,-1,1,1,1,-1,-1,1,-1,-1,1,1,-1,-1,1,-1,-1,1,1,-1,1,-1,1,-1,1,1,-1,-1,1,1,-1,1,1,-1,-1,1,1,-1,1,1,-1,1,1,-1,-1,1,1,-1,-1,1,1,-1,1,-1,-1,-1,1,1,-1,-1,1,-1,1,-1,1,-1,1,1,-1,1,-1,1,-1,1,1,-1,1,1,1,-1,-1,1,-1,1,1,-1,1,-1,1,-1,1,1,-1,1,-1,1,1,1,-1,-1,1,-1,1,1,-1,1,-1,-1,1,-1,-1,1,-1,1,-1,-1,1,-1,1,-1,-1,-1,1,1,-1,1,-1,1,-1,-1,-1,1,1,-1,1,-1,-1,1,-1,1,-1,1,-1,-1,1,-1,1,1,1,1,-1,1,1,1,-1,-1,1,1,1,1,1,-1,1,-1,-1,1,1,-1,-1,1,-1,-1,1,-1,1,-1,1,1,1,1,1,-1,-1,-1,-1,-1,1,-1,-1,-1,1,-1,1,-1,1,-1,1,1,-1,1,1,1,1,-1,1,-1,1,1,1,1,-1,1,-1,1,1,1,1,-1,1,-1,1,1,1,1,-1,1,-1,1,1,1,-1,-1,1,-1,-1,1,1,-1,-1,-1,1,-1,1,-1,1,-1,1,-1,-1,1,-2676.0,1,2000,445,1000,True
69,1,1,-1,-1,1,-1,-1,-1,1,1,1,-1,1,1,1,1,-1,1,-1,-1,-1,-1,1,1,1,-1,-1,-1,1,1,1,1,1,-1,-1,-1,1,1,1,1,-1,-1,-1,1,1,1,1,-1,1,1,1,1,-1,1,-1,-1,1,-1,1,1,-1,-1,-1,-1,1,1,1,1,-1,-1,-1,1,1,1,1,-1,-1,-1,1,1,1,-1,-1,-1,1,1,1,1,-1,1,-1,1,1,1,1,-1,-1,1,1,-1,1,1,-1,-1,1,1,1,1,1,-1,-1,1,1,1,1,1,-1,-1,1,1,1,1,1,1,-1,1,1,1,-1,1,1,-1,1,1,1,1,1,1,-1,-1,1,1,1,1,1,-1,1,1,1,1,1,1,-1,-1,-1,1,1,1,1,-1,1,1,1,1,-1,1,-1,1,-1,1,1,1,-1,-1,1,1,1,1,1,-1,1,-1,-1,1,-1,1,-1,1,1,1,1,1,1,1,1,1,-1,1,-1,1,-1,1,1,-1,1,-1,1,1,-1,1,-1,1,-1,1,-1,1,1,-1,1,-1,1,1,1,1,-1,-1,1,1,-1,-1,1,-1,1,-1,-1,1,-1,1,-1,1,-1,1,-1,1,1,-1,-1,-1,1,1,-1,1,-1,1,1,1,-1,1,1,-1,1,-1,1,-1,1,-1,1,-1,1,1,-1,1,-1,-1,-1,1,1,-1,1,-1,-1,-1,1,1,-1,-1,1,1,-1,-1,1,1,-1,1,1,-1,1,1,1,1,-1,1,-1,1,1,-1,1,-1,1,1,-1,1,1,1,1,1,-1,-1,1,-1,-1,-1,1,1,-1,1,1,1,-1,1,-1,-1,1,1,1,1,1,-1,1,1,1,-1,1,1,-1,1,1,1,-1,1,1,-1,-1,1,1,1,-1,1,-1,1,1,1,-1,1,1,-1,1,1,1,-1,1,-1,-1,1,1,1,-1,1,-1,-1,-1,1,1,-1,1,-1,-1,1,-1,1,-1,1,1,-1,-1,1,1,1,-1,1,-1,-1,1,1,-1,1,-1,1,-1,-1,-1,-1,1,1,-1,-1,1,1,-1,1,1,-1,-1,1,1,1,1,1,-1,1,1,1,-1,1,-1,-1,-1,-1,1,1,-1,1,-1,-1,1,-1,1,-1,-1,-1,-1,-1,-1,1,-1,-1,-1,1,-1,1,1,-1,1,-1,1,1,-1,1,-1,1,-1,-1,1,-1,1,-1,1,1,-1,1,-1,-1,1,1,-1,-1,1,-1,1,1,1,-1,-1,1,-1,1,-1,1,-1,1,1,-1,1,-1,-1,-1,1,1,-1,1,-1,-1,-1,1,-1,1,1,1,-1,-1,1,-1,-1,1,-1,-1,-1,1,-1,1,-1,1,-1,-1,1,-1,-1,1,-1,-1,-1,1,1,-1,1,-1,-1,-1,1,1,-1,1,-1,1,-1,1,-1,-1,1,-1,-1,1,-1,1,-1,-1,1,-1,1,-1,1,-1,-1,1,-1,-1,1,1,1,-1,1,-1,1,-1,1,1,1,-1,-1,-1,1,-1,-1,-1,1,1,-1,1,-1,1,-1,1,-1,1,1,-1,1,1,1,-1,-1,1,-1,1,-1,1,1,-1,1,-1,-1,1,1,-1,-1,1,-1,-1,-1,1,-1,-1,1,-1,1,1,1,1,-1,1,-1,-1,1,1,-1,-1,1,-1,-1,-1,1,1,-1,-1,1,1,-1,1,-1,-1,1,1,1,1,1,1,-1,-1,1,1,-1,1,-1,-1,1,1,1,1,-1,-1,-1,1,-1,1,1,1,-1,-1,-1,1,1,1,-1,-1,-1,-1,1,1,1,1,-1,-1,-1,1,1,1,-1,-1,-1,-1,1,1,1,1,-1,-1,1,1,1,1,1,-1,-1,-1,1,1,1,1,-1,-1,-1,1,1,-1,1,-1,-1,-1,1,1,1,1,-1,-1,1,1,1,1,1,-1,1,1,-1,1,1,-1,-1,-1,1,1,1,1,1,-1,1,1,1,1,1,1,-1,-1,1,-1,1,-1,1,-1,-1,1,-1,1,-1,-1,-1,-1,1,-1,1,1,-1,-1,-1,1,1,1,-1,1,-1,-1,1,-1,1,-1,-1,-1,-1,1,1,-1,-1,-1,-1,-1,1,-1,1,-1,-1,-1,-1,-1,-1,-1,1,-1,-1,-1,1,-1,-1,1,-1,-1,-1,-1,-1,1,1,-1,-1,-1,-1,-1,1,-1,-1,-1,1,-1,-1,1,-1,1,-1,-1,-1,-1,-1,-1,-1,1,-1,-1,-1,1,1,1,-1,-1,1,-1,-1,-1,-1,-1,1,-1,-1,1,1,1,-1,-1,-1,-1,1,-1,1,1,-1,1,-1,-1,1,1,-1,-1,-1,-1,-1,-1,1,1,-1,-1,1,-1,1,1,-1,-1,-1,1,-1,-1,1,-1,-1,1,-1,-1,1,1,1,-1,1,-1,1,1,1,-1,-1,1,-1,-1,1,1,1,-1,1,-1,-1,1,1,-1,1,1,-1,-1,1,1,1,1,1,-1,-1,1,1,1,1,1,-1,-1,1,1,1,1,1,1,-1,1,1,1,-1,1,-1,-1,1,-1,1,1,1,1,-1,-1,1,-1,1,1,1,-1,1,1,1,1,-1,1,-1,1,1,1,1,1,1,1,-1,-1,1,1,1,-1,1,-1,1,1,1,1,1,-1,1,1,1,1,-1,1,1,-1,1,1,-1,1,1,-1,-1,1,1,1,1,-1,1,-1,1,1,1,-1,-1,1,-1,1,1,1,-1,1,-1,-1,-1,1,1,-1,-1,1,-1,-1,1,1,1,-1,1,-1,1,1,1,1,-1,-1,-1,-1,1,1,-1,-1,-1,1,1,-1,1,-1,1,1,-1,1,1,-1,-1,1,1,-1,-1,-1,1,-1,1,1,1,1,1,-1,-1,-1,-1,-1,-1,-1,-1,-1,-1,1,1,1,1,-1,1,1,-1,1,1,1,1,-1,1,-1,1,1,1,1,-1,1,-1,1,1,1,1,-1,1,-1,1,1,1,1,-1,1,-1,1,-1,1,-1,-1,1,-1,1,1,1,-1,-1,-1,1,-1,1,1,1,-1,1,-1,1,1,-2676.0,1,2000,445,0,False
70,1,1,-1,-1,1,-1,-1,-1,1,1,1,-1,1,1,1,1,-1,1,1,-1,-1,-1,1,1,1,1,-1,-1,1,1,1,1,-1,-1,-1,-1,1,1,1,1,-1,-1,-1,1,1,1,1,-1,1,1,1,1,-1,1,-1,-1,1,-1,1,1,1,-1,-1,-1,1,1,1,1,-1,-1,-1,1,1,1,1,-1,-1,-1,1,1,1,-1,-1,-1,1,1,1,1,-1,-1,-1,1,1,1,1,-1,-1,1,1,-1,1,1,-1,-1,1,1,1,1,1,-1,-1,-1,1,-1,1,1,-1,-1,1,1,1,1,1,1,-1,-1,1,1,-1,1,1,-1,1,1,1,1,1,1,-1,1,1,1,1,1,1,-1,1,1,1,1,1,1,-1,-1,-1,1,1,1,1,-1,1,1,1,1,-1,1,-1,1,-1,1,1,1,-1,-1,1,1,1,1,1,-1,1,-1,-1,1,-1,1,-1,1,1,1,1,1,1,1,1,1,-1,1,-1,1,-1,1,1,-1,1,-1,1,1,-1,1,-1,1,-1,1,-1,1,1,-1,1,-1,1,1,1,1,-1,-1,1,1,-1,-1,1,-1,1,-1,-1,1,-1,1,-1,1,-1,1,-1,-1,1,-1,-1,-1,1,1,-1,1,-1,1,1,1,-1,1,1,-1,-1,-1,1,-1,1,-1,1,-1,1,1,-1,1,-1,-1,-1,1,1,-1,1,-1,-1,-1,1,1,-1,-1,1,1,-1,-1,1,1,-1,1,1,-1,1,1,1,1,-1,1,-1,1,1,-1,1,-1,1,1,-1,1,1,1,1,1,-1,-1,1,-1,-1,-1,1,1,-1,1,1,1,-1,1,-1,-1,1,1,1,1,1,-1,1,1,1,-1,1,1,-1,1,1,1,-1,1,1,-1,-1,1,1,1,-1,1,-1,1,1,1,-1,1,1,-1,1,1,1,-1,1,-1,-1,1,1,1,-1,1,-1,-1,-1,1,1,-1,1,-1,-1,1,-1,1,-1,1,1,-1,-1,1,1,1,-1,1,-1,-1,1,1,-1,1,-1,1,-1,-1,-1,-1,1,1,-1,-1,1,1,-1,1,1,-1,-1,1,1,1,1,1,-1,1,1,1,-1,1,-1,-1,-1,-1,1,1,-1,1,-1,-1,1,-1,1,-1,-1,-1,-1,-1,-1,1,-1,-1,-1,1,-1,1,1,-1,1,-1,1,1,-1,1,-1,1,-1,-1,1,-1,1,-1,1,1,-1,1,-1,-1,1,1,-1,-1,1,-1,1,1,1,-1,-1,1,-1,1,-1,1,-1,1,1,-1,-1,-1,-1,-1,1,1,-1,1,-1,-1,-1,1,-1,1,1,-1,-1,1,1,-1,-1,1,-1,-1,-1,1,-1,1,-1,-1,-1,-1,1,-1,-1,1,-1,-1,-1,1,1,-1,1,-1,-1,-1,1,1,-1,-1,-1,1,-1,1,-1,-1,1,-1,-1,1,-1,1,-1,-1,1,-1,1,-1,1,-1,-1,1,-1,-1,1,1,1,-1,1,-1,1,-1,1,-1,1,-1,-1,-1,1,-1,-1,-1,1,1,-1,1,-1,1,-1,1,-1,1,1,-1,1,1,1,-1,-1,1,-1,1,-1,1,1,-1,1,-1,-1,1,1,-1,-1,1,-1,-1,-1,1,-1,-1,1,-1,1,1,1,1,-1,1,-1,-1,1,1,-1,-1,1,-1,-1,-1,1,1,-1,-1,1,1,-1,-1,-1,-1,1,1,1,1,1,1,-1,-1,1,1,-1,1,-1,-1,1,1,1,1,-1,1,-1,1,-1,1,1,1,1,-1,-1,1,1,1,-1,-1,-1,1,1,1,1,1,-1,-1,-1,1,1,1,-1,-1,-1,-1,1,1,1,1,-1,-1,1,1,1,1,1,-1,-1,-1,1,1,1,-1,-1,-1,-1,1,1,-1,1,-1,-1,-1,1,1,1,1,-1,-1,1,1,1,1,1,-1,1,1,-1,1,1,-1,-1,-1,1,1,1,-1,1,-1,1,1,1,1,1,1,-1,-1,1,-1,1,-1,1,-1,-1,1,-1,1,1,-1,-1,-1,1,-1,1,1,-1,-1,-1,1,1,1,-1,1,-1,-1,1,-1,1,-1,-1,-1,-1,1,1,-1,-1,-1,-1,-1,1,-1,1,-1,-1,-1,-1,-1,-1,-1,1,-1,-1,-1,1,-1,-1,1,-1,-1,-1,-1,-1,-1,1,-1,-1,-1,-1,-1,1,-1,-1,-1,1,-1,-1,1,-1,1,-1,-1,-1,-1,-1,-1,-1,1,-1,-1,-1,1,1,1,-1,-1,1,-1,-1,-1,-1,-1,1,-1,-1,1,1,1,-1,-1,-1,-1,1,-1,1,1,-1,1,-1,-1,1,1,-1,-1,-1,-1,-1,-1,1,1,-1,-1,1,-1,1,1,-1,-1,-1,1,-1,-1,1,-1,-1,1,-1,-1,1,1,1,-1,1,-1,1,1,1,-1,-1,1,-1,-1,1,1,1,-1,1,-1,-1,1,1,-1,1,1,-1,-1,1,1,-1,1,1,-1,-1,1,1,-1,1,1,-1,-1,1,1,1,1,-1,1,-1,1,1,-1,1,1,-1,-1,1,-1,1,1,1,1,-1,-1,1,-1,1,1,1,-1,1,1,1,1,-1,1,-1,1,1,1,1,1,1,1,-1,1,1,1,1,-1,1,-1,1,1,1,1,1,-1,1,1,1,1,-1,1,1,-1,1,1,-1,1,1,-1,-1,1,1,1,1,-1,1,-1,1,1,1,-1,-1,1,-1,1,1,1,-1,1,-1,-1,-1,1,1,-1,-1,1,-1,-1,1,1,-1,-1,1,-1,1,1,1,1,1,-1,-1,-1,1,1,-1,-1,-1,1,1,-1,1,-1,1,1,-1,1,1,-1,-1,1,1,-1,-1,1,1,-1,1,1,1,1,1,-1,-1,-1,-1,-1,-1,-1,-1,-1,-1,1,1,1,1,-1,1,1,-1,1,1,1,1,-1,1,-1,1,1,1,-1,-1,1,-1,1,1,1,-1,-1,1,-1,1,1,1,-1,-1,1,-1,1,1,1,1,-1,1,-1,1,1,1,-1,-1,-1,1,-1,1,-1,1,-1,1,-1,1,1,-2676.0,1,2000,445,1500,False
71,1,1,-1,-1,1,-1,-1,-1,1,1,1,-1,1,1,1,1,-1,1,-1,-1,1,-1,1,1,1,-1,-1,-1,1,1,1,1,-1,-1,-1,-1,1,-1,1,1,-1,-1,-1,1,1,1,1,-1,1,1,1,1,-1,1,-1,-1,1,-1,1,1,1,-1,-1,-1,1,1,1,1,-1,-1,-1,1,1,1,1,-1,-1,-1,1,1,1,-1,-1,-1,1,1,1,1,-1,-1,-1,1,1,1,1,-1,-1,1,1,-1,1,1,-1,-1,1,1,1,1,1,-1,-1,1,1,-1,1,1,-1,-1,1,1,1,1,1,1,-1,-1,1,1,-1,1,1,-1,1,1,1,1,1,1,-1,-1,1,1,1,1,1,-1,1,1,1,1,1,1,-1,-1,-1,1,1,1,1,-1,1,1,1,1,-1,1,-1,1,-1,1,1,1,-1,-1,1,1,1,1,1,-1,1,-1,-1,1,-1,1,-1,1,1,1,1,1,1,1,1,1,-1,1,-1,1,-1,1,1,-1,1,-1,1,1,-1,1,-1,1,-1,1,-1,1,1,-1,-1,-1,1,1,1,1,-1,-1,1,1,-1,-1,1,-1,1,-1,-1,1,-1,1,-1,1,-1,1,-1,1,1,-1,-1,-1,1,1,-1,1,-1,1,1,1,-1,1,1,-1,-1,-1,1,-1,1,-1,1,-1,1,1,-1,1,-1,-1,-1,1,1,-1,1,-1,-1,-1,1,1,-1,-1,1,1,-1,-1,1,1,-1,1,1,-1,1,1,1,1,-1,1,-1,1,1,-1,1,-1,1,1,-1,1,1,1,1,1,-1,-1,1,-1,-1,1,1,1,-1,1,1,1,-1,1,-1,-1,1,1,1,1,1,-1,1,1,1,-1,1,1,-1,1,1,1,-1,1,1,-1,-1,1,1,1,-1,1,-1,1,1,1,-1,1,1,-1,1,1,1,-1,1,-1,-1,1,1,1,-1,1,-1,-1,-1,1,1,-1,1,-1,-1,1,-1,1,-1,1,1,-1,-1,1,1,1,-1,1,-1,-1,1,1,-1,1,-1,1,-1,-1,-1,-1,1,1,1,-1,1,1,-1,1,1,-1,-1,1,1,1,1,1,-1,1,1,1,-1,1,-1,-1,-1,-1,1,1,-1,1,-1,-1,1,-1,1,-1,-1,-1,-1,-1,-1,1,-1,-1,-1,1,-1,1,1,-1,1,1,1,1,-1,1,-1,1,-1,-1,1,-1,1,-1,1,1,-1,1,-1,-1,1,1,-1,-1,1,-1,1,1,1,-1,-1,1,-1,1,-1,1,-1,1,1,-1,-1,-1,-1,-1,1,1,-1,1,-1,-1,-1,1,-1,1,1,-1,-1,-1,1,-1,-1,1,-1,-1,-1,1,-1,1,-1,-1,-1,-1,1,-1,-1,1,-1,-1,-1,1,1,-1,1,-1,-1,-1,1,1,-1,-1,-1,1,-1,1,-1,-1,1,-1,-1,1,-1,1,-1,-1,1,-1,1,-1,1,-1,-1,1,-1,-1,1,1,1,-1,1,-1,1,-1,-1,1,1,-1,-1,-1,1,-1,-1,-1,1,1,-1,1,-1,1,-1,1,-1,1,1,-1,1,1,1,-1,-1,1,-1,1,-1,1,1,-1,1,-1,-1,1,1,-1,-1,1,-1,-1,-1,1,-1,-1,1,-1,1,1,1,1,-1,1,-1,-1,1,1,-1,-1,1,-1,-1,-1,1,1,-1,-1,1,1,-1,1,-1,-1,1,1,1,-1,1,1,-1,-1,1,1,-1,1,-1,-1,1,1,1,1,-1,1,-1,1,-1,1,1,1,1,-1,-1,1,1,1,-1,-1,-1,1,1,1,1,1,-1,-1,-1,1,1,1,-1,-1,-1,-1,1,1,1,1,-1,-1,-1,1,1,1,1,-1,-1,1,1,1,1,1,-1,-1,-1,1,1,-1,1,-1,-1,-1,1,1,1,1,-1,-1,1,1,1,1,1,-1,1,1,-1,1,1,-1,-1,-1,1,1,1,-1,1,-1,1,1,1,1,1,1,-1,-1,1,-1,1,-1,1,-1,-1,1,-1,1,-1,-1,-1,-1,1,-1,1,1,-1,1,-1,1,1,1,-1,1,1,-1,1,-1,1,-1,-1,-1,-1,1,1,-1,-1,-1,-1,-1,1,-1,1,-1,-1,-1,-1,-1,-1,-1,1,-1,-1,-1,1,-1,-1,1,-1,-1,-1,-1,-1,-1,1,-1,-1,-1,-1,-1,1,-1,-1,-1,1,-1,-1,1,-1,1,-1,-1,-1,-1,-1,-1,-1,1,-1,-1,-1,1,1,-1,-1,-1,1,-1,-1,-1,-1,-1,1,-1,-1,1,-1,1,-1,-1,-1,-1,1,-1,1,1,-1,1,-1,-1,1,1,-1,-1,-1,-1,-1,-1,1,1,-1,-1,1,-1,1,1,-1,-1,-1,1,-1,1,1,-1,-1,1,-1,-1,1,1,1,-1,1,-1,1,1,1,-1,-1,1,-1,-1,1,1,1,-1,1,-1,-1,1,1,-1,1,1,-1,-1,1,1,-1,1,1,-1,-1,1,1,-1,1,1,-1,-1,1,1,1,1,1,1,-1,1,1,1,1,1,-1,-1,1,-1,1,1,1,1,-1,-1,1,-1,1,1,1,-1,1,1,1,1,-1,1,-1,1,1,1,1,1,1,1,-1,1,1,1,1,-1,1,-1,1,1,1,1,1,-1,1,1,1,1,-1,1,1,-1,1,1,-1,1,1,-1,-1,1,1,1,1,-1,1,-1,1,1,1,-1,-1,1,-1,1,1,1,-1,1,-1,-1,-1,1,1,-1,-1,1,-1,-1,1,1,1,-1,1,-1,1,1,1,1,-1,1,-1,-1,1,1,-1,-1,-1,1,1,-1,1,-1,1,1,-1,1,1,-1,-1,1,1,-1,-1,1,1,-1,1,1,1,1,1,-1,-1,-1,-1,-1,-1,-1,-1,-1,-1,1,1,1,1,-1,1,1,-1,1,1,1,1,-1,1,-1,1,1,1,1,-1,1,-1,1,1,1,1,-1,1,-1,1,1,1,1,-1,1,-1,1,1,-1,-1,-1,1,-1,1,1,1,-1,-1,-1,1,-1,1,-1,1,-1,1,-1,1,1,-2676.0,1,2000,445,1000,False
72,1,1,-1,-1,1,1,-1,-1,1,1,1,-1,1,1,1,1,-1,1,-1,-1,-1,-1,1,1,1,-1,1,-1,1,1,1,1,1,-1,-1,-1,1,1,1,1,-1,-1,-1,1,1,1,1,-1,1,1,1,1,-1,1,-1,-1,1,-1,1,1,1,-1,-1,-1,1,1,1,1,-1,-1,-1,1,1,1,1,-1,-1,-1,1,1,1,-1,-1,-1,1,1,1,1,-1,-1,-1,1,1,1,1,-1,-1,1,1,-1,1,1,-1,-1,1,1,1,1,1,-1,-1,1,1,1,1,1,-1,-1,1,1,1,1,1,1,-1,1,1,1,-1,1,1,-1,1,1,1,1,1,1,-1,-1,1,1,1,1,1,-1,1,1,1,1,1,1,-1,-1,-1,1,1,1,1,-1,1,1,1,1,-1,1,-1,1,-1,1,1,1,-1,-1,1,1,1,1,1,-1,1,-1,-1,1,-1,1,-1,1,1,1,1,1,1,1,1,1,-1,1,-1,1,-1,1,1,-1,1,-1,1,1,-1,1,-1,1,-1,1,-1,1,1,-1,1,-1,1,1,1,1,-1,-1,1,1,-1,-1,1,-1,1,-1,-1,1,-1,1,-1,1,-1,1,-1,1,1,-1,-1,-1,1,1,-1,1,-1,1,1,1,-1,1,1,-1,-1,-1,1,-1,1,-1,1,-1,1,1,-1,1,-1,-1,-1,1,1,-1,1,-1,-1,-1,1,1,-1,-1,1,1,-1,-1,1,1,-1,1,1,-1,1,1,1,-1,-1,1,-1,1,1,-1,1,-1,1,1,-1,1,1,-1,-1,1,-1,-1,1,-1,1,-1,1,1,-1,1,1,1,-1,1,-1,-1,1,1,-1,-1,1,-1,1,1,1,1,-1,1,-1,1,1,1,-1,1,1,-1,-1,1,1,-1,-1,1,-1,1,1,1,1,1,1,-1,1,1,1,1,1,-1,-1,1,1,1,1,1,-1,-1,-1,1,1,1,1,-1,-1,1,-1,1,-1,1,1,-1,-1,1,1,1,1,1,-1,-1,1,1,1,-1,-1,1,-1,-1,-1,-1,1,1,1,-1,1,1,-1,1,1,-1,-1,1,1,1,1,1,-1,1,1,1,-1,1,-1,-1,-1,-1,1,1,1,1,-1,-1,1,-1,1,1,-1,-1,-1,-1,-1,1,-1,-1,-1,1,-1,1,-1,1,1,1,1,1,-1,1,-1,1,-1,-1,1,-1,1,1,1,1,-1,1,-1,-1,1,1,-1,-1,1,-1,1,1,1,-1,-1,1,-1,1,1,1,-1,1,1,-1,1,1,-1,-1,1,1,-1,1,-1,-1,-1,1,-1,1,1,-1,-1,1,1,-1,-1,1,-1,-1,-1,1,-1,-1,1,-1,-1,-1,1,-1,-1,1,-1,-1,-1,1,1,-1,-1,1,-1,-1,1,1,-1,-1,1,1,-1,1,-1,-1,-1,1,-1,1,-1,1,-1,-1,1,-1,1,-1,1,-1,-1,1,-1,-1,1,1,1,-1,1,-1,1,-1,-1,1,1,-1,-1,-1,1,-1,-1,-1,1,1,-1,1,-1,1,-1,1,-1,1,1,-1,1,1,1,-1,-1,1,-1,1,-1,1,1,-1,1,-1,-1,1,1,-1,-1,1,-1,-1,-1,1,-1,-1,1,-1,1,1,1,1,-1,1,-1,-1,1,1,-1,-1,1,-1,-1,-1,1,1,-1,-1,1,1,-1,1,-1,-1,1,1,1,-1,1,1,-1,-1,1,1,-1,1,-1,-1,1,1,1,1,-1,-1,-1,1,-1,1,1,1,-1,-1,-1,1,1,1,-1,-1,-1,1,1,1,1,1,-1,-1,-1,1,1,1,-1,-1,-1,-1,1,1,1,1,-1,-1,1,1,1,1,1,-1,-1,-1,1,1,1,-1,-1,-1,-1,1,1,-1,1,-1,-1,-1,1,1,1,1,-1,-1,1,1,1,1,1,-1,1,1,-1,1,1,-1,-1,-1,1,1,1,-1,1,-1,1,1,1,1,1,1,-1,-1,1,-1,1,-1,1,-1,-1,1,-1,1,-1,-1,-1,-1,1,-1,1,1,-1,-1,-1,1,1,1,-1,1,-1,-1,1,-1,1,-1,-1,-1,-1,1,1,-1,-1,-1,-1,-1,1,-1,1,-1,-1,-1,-1,-1,-1,-1,1,-1,-1,-1,1,-1,-1,1,-1,-1,-1,-1,-1,1,1,-1,-1,-1,-1,-1,1,-1,-1,-1,1,-1,-1,1,-1,1,-1,-1,-1,-1,-1,-1,-1,1,-1,-1,-1,1,1,1,-1,-1,1,-1,-1,-1,-1,-1,1,-1,-1,1,1,1,-1,-1,-1,-1,1,-1,1,1,-1,1,-1,-1,1,1,-1,-1,-1,-1,-1,-1,1,1,-1,-1,1,-1,1,1,-1,-1,-1,1,-1,1,1,-1,-1,1,-1,-1,1,1,1,-1,1,-1,1,1,1,-1,-1,1,-1,-1,1,1,1,-1,1,-1,-1,1,1,-1,1,1,-1,-1,1,1,-1,1,1,-1,-1,1,1,1,1,1,-1,-1,1,1,1,1,1,1,-1,1,1,1,-1,1,-1,-1,1,-1,1,1,1,1,-1,-1,1,-1,1,1,1,-1,1,1,1,1,-1,1,-1,1,1,1,1,1,1,-1,-1,1,1,1,1,-1,1,-1,1,1,1,1,-1,1,-1,1,1,1,-1,-1,1,-1,1,1,-1,1,-1,-1,-1,1,1,1,-1,1,-1,-1,1,1,1,-1,-1,-1,-1,1,1,1,-1,-1,-1,-1,-1,1,1,-1,1,-1,-1,1,1,1,-1,1,-1,1,-1,-1,1,1,1,1,-1,-1,1,1,-1,-1,1,1,-1,-1,1,-1,1,-1,-1,1,1,-1,-1,1,-1,-1,-1,1,1,-1,1,1,-1,1,1,-1,-1,1,-1,1,-1,-1,-1,-1,1,-1,-1,1,1,-1,1,1,-1,1,1,1,1,-1,1,-1,1,1,1,1,-1,1,-1,-1,-1,1,1,-1,1,-1,1,1,1,1,-1,1,-1,1,1,1,-1,-1,1,-1,-1,1,1,-1,-1,-1,1,-1,1,-1,1,-1,1,-1,-1,1,-2676.0,1,2000,445,0,False
73,-1,-1,1,1,1,1,-1,1,-1,-1,-1,1,-1,1,-1,-1,1,-1,1,1,-1,1,-1,-1,-1,1,-1,-1,-1,-1,-1,-1,1,1,-1,1,1,-1,-1,-1,1,-1,1,-1,-1,-1,1,1,-1,-1,-1,-1,1,1,1,-1,-1,1,-1,-1,1,1,1,1,-1,1,-1,1,1,-1,1,-1,-1,-1,1,-1,-1,1,-1,-1,-1,1,1,-1,-1,-1,-1,1,1,1,-1,-1,-1,1,-1,1,-1,1,-1,1,1,1,1,-1,1,-1,-1,1,1,1,-1,1,-1,-1,1,1,1,-1,1,-1,-1,1,1,1,-1,1,-1,-1,1,1,-1,-1,1,-1,-1,1,1,1,-1,-1,-1,-1,1,1,1,-1,1,-1,-1,-1,1,1,-1,-1,1,-1,1,1,1,-1,1,1,-1,-1,1,1,-1,1,1,-1,1,1,1,-1,1,-1,-1,1,1,-1,1,-1,1,-1,1,1,-1,1,1,-1,-1,-1,1,1,1,1,1,-1,1,1,-1,1,1,1,-1,1,1,1,-1,1,1,-1,1,1,1,1,1,1,-1,1,1,-1,-1,1,1,1,-1,1,-1,-1,1,1,1,-1,1,-1,-1,1,1,-1,-1,1,-1,1,1,1,1,-1,-1,1,-1,1,1,-1,1,1,-1,1,1,1,-1,-1,1,-1,1,-1,1,1,1,1,-1,1,-1,1,1,-1,1,-1,1,-1,1,1,1,1,1,-1,1,1,1,1,1,1,-1,1,1,1,-1,-1,1,-1,-1,1,1,-1,-1,1,1,-1,1,1,1,-1,1,-1,-1,1,1,1,-1,-1,1,-1,1,-1,1,-1,1,1,-1,1,1,1,-1,1,-1,-1,1,1,-1,1,1,1,-1,1,1,-1,1,1,-1,1,1,1,-1,1,1,-1,1,1,1,1,1,1,1,1,1,1,1,1,1,1,1,-1,1,-1,1,1,1,1,-1,1,1,-1,1,1,1,-1,1,1,-1,1,-1,1,1,-1,1,-1,1,1,1,1,-1,1,-1,1,1,-1,-1,-1,1,1,-1,-1,1,1,-1,1,-1,1,-1,1,-1,1,1,-1,1,1,1,1,-1,1,-1,1,-1,1,-1,-1,1,-1,1,1,1,1,-1,1,1,-1,1,1,-1,-1,1,-1,-1,1,-1,1,-1,-1,1,-1,-1,1,-1,-1,-1,1,-1,1,-1,1,-1,-1,1,-1,1,-1,-1,-1,-1,1,-1,-1,1,1,-1,-1,1,-1,1,1,-1,1,-1,1,-1,1,-1,1,-1,-1,-1,-1,-1,-1,-1,1,-1,1,-1,1,-1,1,-1,-1,-1,1,1,1,1,-1,-1,-1,-1,1,-1,-1,-1,-1,-1,1,-1,-1,1,-1,1,-1,-1,1,-1,-1,1,-1,-1,-1,-1,-1,1,-1,1,-1,-1,-1,-1,1,-1,1,-1,-1,1,-1,1,1,1,-1,-1,-1,1,1,-1,1,-1,1,-1,1,1,1,-1,1,1,-1,1,1,1,1,1,-1,1,-1,1,1,-1,1,-1,1,-1,1,-1,-1,-1,1,-1,-1,1,-1,-1,-1,1,1,-1,1,1,-1,-1,1,1,-1,-1,1,-1,-1,-1,-1,-1,1,1,-1,-1,-1,-1,-1,1,1,-1,-1,1,1,1,-1,1,-1,1,-1,1,-1,1,1,-1,-1,-1,1,-1,-1,1,1,-1,1,1,1,1,1,1,-1,-1,1,-1,1,1,1,-1,-1,1,-1,1,1,-1,-1,1,1,-1,1,1,-1,1,1,-1,1,1,1,1,-1,1,1,-1,1,1,1,-1,1,1,1,1,1,1,-1,-1,1,1,1,1,1,-1,1,1,-1,1,1,1,-1,-1,1,1,1,-1,1,-1,-1,1,1,1,1,1,-1,-1,-1,1,1,1,1,-1,-1,1,1,1,1,-1,1,-1,1,-1,1,-1,-1,1,-1,1,-1,1,1,-1,-1,1,-1,1,1,-1,1,-1,-1,1,-1,-1,1,-1,1,-1,1,-1,1,-1,1,-1,-1,1,-1,1,-1,1,1,-1,1,-1,1,-1,1,-1,-1,1,-1,1,-1,-1,1,1,1,1,1,-1,1,1,-1,1,1,1,1,-1,1,-1,1,-1,1,-1,1,1,1,-1,1,1,-1,1,1,1,-1,1,1,1,-1,1,-1,-1,1,1,-1,-1,1,-1,1,-1,-1,1,-1,1,1,-1,1,1,-1,-1,1,1,-1,1,1,-1,-1,-1,1,1,1,1,-1,-1,1,1,-1,1,1,-1,-1,1,-1,1,1,1,-1,-1,-1,1,-1,1,1,-1,1,-1,-1,1,1,1,-1,-1,-1,-1,-1,1,-1,-1,-1,1,-1,1,1,-1,-1,-1,-1,-1,1,1,1,-1,-1,-1,-1,1,1,-1,1,-1,-1,1,1,1,-1,-1,1,-1,-1,1,1,-1,-1,1,-1,-1,1,1,-1,1,-1,-1,-1,1,1,-1,-1,1,-1,-1,1,1,-1,-1,1,1,-1,1,1,-1,1,1,-1,-1,1,1,-1,-1,1,-1,-1,1,-1,-1,-1,1,1,-1,-1,1,-1,1,-1,1,-1,1,1,-1,1,-1,1,-1,1,1,-1,1,1,1,-1,-1,1,-1,1,1,-1,1,-1,1,-1,1,1,-1,1,-1,1,1,1,-1,-1,1,-1,1,1,-1,1,-1,-1,-1,1,-1,1,-1,1,-1,-1,1,-1,1,-1,-1,-1,-1,1,-1,1,-1,1,-1,-1,-1,1,1,-1,1,-1,-1,1,-1,1,-1,1,-1,-1,1,-1,1,1,1,1,-1,-1,1,1,-1,-1,1,1,1,1,1,-1,1,-1,-1,1,1,-1,-1,1,-1,-1,-1,-1,1,-1,1,-1,1,1,1,-1,-1,-1,-1,-1,-1,-1,-1,-1,1,-1,1,1,1,-1,1,1,-1,1,1,1,1,-1,1,-1,1,1,1,1,-1,1,-1,1,1,1,1,-1,1,-1,1,1,1,1,-1,1,-1,1,1,1,-1,-1,1,-1,-1,1,1,-1,-1,-1,1,-1,1,1,1,-1,1,-1,-1,1,-2676.0,1,2000,445,1500,True
74,1,1,-1,-1,1,1,-1,-1,1,1,1,-1,-1,1,1,1,-1,1,-1,-1,-1,-1,1,1,1,-1,-1,-1,1,1,1,1,-1,-1,-1,-1,1,1,1,1,-1,-1,-1,1,1,1,1,-1,1,1,1,1,-1,1,-1,-1,1,-1,1,1,1,-1,-1,-1,1,1,1,1,-1,-1,-1,1,1,1,1,-1,-1,-1,1,1,1,-1,-1,-1,1,1,1,1,-1,-1,-1,1,1,1,1,-1,-1,1,1,-1,1,1,-1,-1,1,1,1,1,1,-1,-1,-1,1,1,1,1,-1,-1,1,1,1,1,1,1,-1,-1,1,1,-1,1,1,-1,1,1,1,1,1,1,-1,1,1,1,1,1,1,-1,1,1,1,1,1,1,-1,-1,-1,1,1,1,1,-1,1,1,1,1,-1,1,-1,1,-1,1,1,1,-1,-1,1,1,1,1,1,-1,1,-1,-1,1,-1,1,-1,1,1,1,1,1,1,1,1,1,-1,1,-1,1,-1,1,1,-1,1,-1,1,1,-1,1,-1,1,-1,1,-1,1,1,-1,1,-1,1,1,1,1,-1,-1,1,1,-1,-1,1,-1,1,-1,-1,1,-1,1,-1,1,-1,1,-1,1,1,-1,-1,-1,1,1,-1,1,-1,1,1,1,-1,1,1,-1,1,-1,1,-1,1,-1,1,-1,1,1,-1,1,-1,-1,-1,1,1,-1,1,-1,-1,-1,1,1,-1,-1,1,1,-1,-1,1,1,-1,1,1,-1,1,1,1,1,-1,1,-1,1,1,-1,1,-1,1,1,-1,1,1,1,1,1,-1,-1,1,-1,-1,1,1,1,-1,1,1,1,-1,1,-1,-1,1,1,1,1,1,-1,1,1,1,-1,1,1,-1,1,1,1,-1,1,1,-1,-1,1,1,1,-1,1,-1,1,1,1,-1,1,1,-1,1,1,1,-1,1,-1,-1,1,1,1,-1,1,-1,-1,-1,1,1,-1,1,-1,-1,1,-1,1,-1,1,1,-1,-1,1,1,1,-1,1,-1,-1,1,1,-1,1,-1,1,-1,-1,-1,-1,1,1,1,-1,1,1,-1,1,1,-1,-1,1,1,1,1,1,-1,1,1,1,-1,1,-1,-1,-1,-1,1,1,-1,1,-1,-1,1,-1,1,-1,-1,-1,-1,-1,-1,1,-1,-1,-1,1,-1,1,1,-1,1,1,1,1,-1,1,-1,1,-1,-1,1,-1,1,-1,1,1,-1,1,-1,-1,1,1,-1,-1,1,-1,1,1,1,-1,-1,1,-1,1,-1,1,-1,1,1,-1,1,-1,-1,-1,1,1,-1,1,-1,-1,-1,1,-1,1,1,-1,-1,-1,1,-1,-1,1,-1,-1,-1,1,-1,1,-1,1,-1,-1,1,-1,-1,1,-1,-1,-1,1,1,-1,1,-1,-1,-1,1,1,-1,1,-1,1,-1,1,-1,-1,1,-1,-1,1,1,1,-1,-1,1,-1,1,-1,1,-1,-1,1,-1,-1,1,1,1,-1,1,-1,1,-1,-1,-1,1,-1,-1,-1,1,-1,-1,-1,1,1,-1,1,-1,1,-1,1,-1,1,1,-1,1,1,1,-1,-1,1,-1,1,-1,1,1,-1,1,-1,-1,1,1,-1,-1,1,-1,-1,-1,1,-1,-1,1,-1,1,1,1,1,-1,1,-1,-1,1,1,-1,-1,1,-1,-1,-1,1,1,-1,-1,1,1,-1,1,-1,-1,1,1,1,-1,1,1,-1,-1,1,1,-1,1,-1,-1,1,1,1,1,-1,-1,-1,1,-1,1,1,1,-1,-1,-1,1,1,1,-1,-1,-1,-1,1,1,1,1,-1,-1,-1,1,1,1,-1,-1,-1,-1,1,1,1,1,-1,-1,1,1,1,1,1,-1,-1,-1,1,1,1,1,-1,-1,-1,1,1,-1,1,-1,-1,-1,1,1,1,1,-1,-1,1,1,1,1,1,-1,1,1,-1,1,1,-1,-1,-1,1,1,1,1,1,-1,1,1,1,1,1,1,-1,-1,1,-1,1,-1,1,-1,-1,1,-1,1,-1,-1,-1,-1,1,-1,1,1,-1,-1,-1,1,1,1,-1,1,-1,-1,1,-1,1,-1,-1,-1,-1,1,1,-1,-1,-1,-1,-1,1,-1,1,-1,-1,-1,-1,-1,-1,-1,1,-1,-1,-1,1,-1,-1,1,-1,-1,-1,-1,-1,-1,1,-1,-1,-1,-1,-1,1,-1,-1,-1,1,-1,-1,1,-1,1,-1,-1,-1,-1,-1,-1,-1,1,-1,-1,-1,1,1,-1,-1,-1,1,-1,-1,-1,-1,-1,1,-1,-1,1,1,1,-1,-1,-1,-1,1,-1,1,1,-1,1,-1,-1,1,1,-1,-1,-1,-1,-1,-1,1,1,-1,-1,1,-1,1,1,-1,-1,-1,1,-1,-1,1,-1,-1,1,-1,-1,1,1,1,-1,1,-1,1,1,1,-1,-1,1,-1,-1,1,1,1,-1,1,-1,-1,1,1,-1,1,1,-1,-1,1,1,-1,1,1,-1,-1,1,1,-1,1,1,-1,-1,1,1,1,1,1,1,-1,1,1,1,-1,1,-1,-1,1,-1,1,1,1,1,-1,-1,1,-1,1,1,1,-1,1,1,1,1,-1,1,-1,1,1,1,1,1,1,1,-1,-1,1,1,1,-1,1,-1,1,1,1,1,1,-1,1,1,1,1,-1,1,1,-1,-1,1,-1,1,1,-1,-1,1,1,1,1,-1,1,-1,1,1,1,-1,-1,1,-1,1,1,1,-1,1,-1,-1,-1,1,1,-1,-1,1,-1,-1,1,1,1,-1,1,-1,1,1,1,1,-1,1,-1,-1,1,1,-1,-1,-1,1,1,1,1,-1,1,1,-1,1,1,-1,-1,1,1,-1,-1,1,1,-1,1,1,1,1,1,-1,-1,-1,-1,1,-1,-1,-1,-1,-1,1,1,1,1,-1,1,1,-1,1,1,1,1,-1,1,-1,1,1,1,-1,-1,1,-1,1,1,1,-1,-1,1,-1,1,1,1,-1,-1,1,-1,1,1,1,1,-1,1,-1,1,1,1,-1,-1,-1,1,-1,1,-1,1,-1,1,-1,1,1,-2676.0,1,2000,445,1500,False
75,1,1,-1,-1,1,-1,-1,-1,1,1,1,-1,1,1,1,1,-1,1,-1,-1,-1,-1,1,1,1,-1,-1,-1,1,1,1,1,1,-1,-1,-1,1,-1,1,1,-1,-1,-1,1,1,1,1,-1,1,1,1,1,-1,1,-1,-1,1,-1,1,1,1,-1,-1,-1,1,1,1,1,-1,-1,-1,1,1,1,1,-1,-1,-1,1,1,1,-1,-1,-1,1,1,1,1,-1,-1,1,1,1,1,1,-1,-1,-1,1,-1,1,1,-1,-1,1,1,1,1,1,-1,-1,-1,1,-1,1,1,-1,-1,1,1,1,1,1,1,-1,-1,1,1,-1,1,1,-1,1,1,1,1,1,1,-1,1,1,1,1,1,1,-1,1,1,1,1,1,1,-1,-1,-1,1,1,1,1,-1,1,1,1,1,-1,1,-1,1,-1,1,1,1,-1,-1,1,1,1,1,1,-1,1,-1,-1,1,-1,1,-1,1,1,1,1,1,1,1,1,1,1,1,-1,1,-1,1,1,-1,1,-1,1,1,-1,1,-1,1,-1,1,-1,1,1,-1,1,-1,1,1,1,1,-1,-1,1,1,-1,-1,1,-1,1,-1,1,1,-1,1,-1,1,-1,1,-1,-1,1,-1,-1,-1,1,1,-1,1,-1,1,1,1,-1,1,1,-1,1,-1,1,-1,1,-1,1,-1,1,1,-1,1,-1,-1,-1,1,1,-1,1,-1,-1,-1,1,1,-1,-1,1,1,-1,-1,1,1,-1,1,1,-1,1,1,1,1,-1,1,-1,1,1,-1,1,-1,1,1,-1,1,1,1,1,1,-1,-1,1,-1,-1,-1,1,1,-1,1,1,1,-1,1,-1,-1,1,1,1,1,1,-1,1,1,1,-1,1,1,-1,1,1,1,-1,1,1,-1,-1,1,1,1,-1,1,-1,1,1,1,-1,1,1,-1,1,1,1,-1,1,-1,-1,1,1,1,-1,1,-1,-1,-1,1,1,-1,1,-1,-1,1,-1,1,-1,1,1,-1,-1,1,1,1,-1,1,-1,-1,1,1,-1,1,-1,1,-1,-1,-1,-1,1,1,-1,-1,1,1,-1,1,1,-1,-1,1,1,1,1,1,-1,1,1,1,-1,1,-1,-1,-1,-1,1,1,-1,1,-1,-1,1,-1,1,-1,-1,-1,-1,-1,-1,1,-1,-1,-1,1,-1,1,1,-1,1,-1,1,1,-1,1,-1,1,-1,-1,1,-1,1,-1,1,1,-1,1,-1,-1,1,1,-1,-1,1,-1,1,1,1,-1,-1,1,-1,1,-1,1,-1,1,1,-1,1,-1,-1,-1,1,1,-1,1,-1,-1,-1,1,-1,1,1,-1,-1,-1,1,-1,-1,1,-1,-1,-1,1,-1,1,-1,-1,-1,-1,1,-1,-1,1,-1,-1,-1,1,1,-1,1,-1,-1,-1,1,1,-1,-1,-1,1,-1,1,-1,-1,1,-1,-1,1,-1,1,-1,-1,1,-1,1,-1,1,-1,-1,1,-1,-1,1,1,1,-1,1,-1,1,-1,1,-1,1,-1,-1,-1,1,-1,-1,-1,1,1,-1,1,-1,1,-1,1,-1,1,1,-1,1,1,1,-1,-1,1,-1,1,-1,1,1,-1,1,-1,-1,1,1,-1,-1,1,-1,-1,-1,1,-1,-1,1,-1,1,1,1,1,-1,1,-1,-1,1,1,-1,-1,1,-1,-1,-1,1,1,-1,-1,1,1,-1,1,-1,-1,1,1,1,1,1,1,-1,-1,1,1,-1,1,-1,-1,1,1,1,1,-1,1,-1,1,-1,1,1,1,1,-1,-1,1,1,1,-1,-1,-1,-1,1,1,1,1,-1,-1,-1,1,1,1,-1,-1,-1,-1,1,1,1,1,-1,-1,1,1,1,1,1,-1,-1,-1,1,1,1,1,-1,-1,-1,1,1,-1,1,-1,-1,-1,1,1,1,1,-1,-1,1,1,1,1,1,-1,1,1,-1,1,1,-1,-1,-1,1,1,1,-1,1,-1,1,1,1,1,1,1,-1,-1,1,-1,1,-1,1,-1,-1,1,-1,1,-1,-1,-1,-1,1,-1,1,1,-1,1,-1,1,1,1,-1,1,1,-1,1,-1,1,-1,-1,-1,-1,1,1,-1,-1,-1,-1,-1,1,-1,1,-1,-1,-1,-1,-1,-1,-1,1,-1,-1,-1,1,-1,-1,1,-1,-1,-1,-1,-1,1,1,-1,-1,-1,-1,-1,1,-1,-1,-1,1,-1,-1,1,-1,1,-1,-1,-1,-1,-1,-1,-1,1,-1,-1,-1,1,1,1,-1,-1,-1,1,-1,-1,-1,-1,1,-1,-1,1,-1,1,-1,-1,-1,-1,1,-1,1,1,-1,1,-1,-1,1,1,-1,-1,-1,-1,-1,-1,1,1,-1,-1,1,-1,1,1,-1,-1,-1,1,-1,-1,1,-1,-1,1,-1,-1,1,1,1,-1,1,-1,1,1,1,-1,-1,1,-1,-1,1,1,1,-1,1,-1,-1,1,1,-1,1,1,-1,-1,1,1,1,1,1,-1,-1,1,1,1,1,1,-1,-1,1,1,1,1,-1,1,-1,1,1,1,1,1,-1,-1,1,-1,1,1,1,1,-1,-1,1,-1,1,1,1,-1,1,1,1,1,-1,1,-1,1,1,1,1,1,1,1,-1,-1,1,1,1,-1,1,-1,1,1,1,1,1,-1,1,1,1,1,-1,1,1,-1,1,1,-1,1,1,-1,-1,1,1,1,1,-1,1,-1,1,1,1,-1,-1,1,-1,1,1,1,-1,1,-1,-1,-1,1,1,-1,-1,1,-1,-1,1,1,-1,-1,1,-1,1,1,1,1,-1,-1,-1,-1,1,1,-1,-1,-1,1,1,-1,1,-1,1,1,-1,1,1,-1,-1,1,1,-1,-1,1,1,-1,1,1,1,1,1,-1,-1,-1,-1,1,-1,-1,-1,-1,-1,1,1,1,1,-1,1,1,-1,1,1,1,1,-1,1,-1,1,1,1,-1,-1,1,-1,1,1,1,-1,-1,1,-1,1,1,1,-1,-1,1,-1,1,1,1,1,-1,1,-1,1,1,1,1,-1,-1,1,-1,1,-1,1,-1,1,-1,1,1,-2676.0,1,2000,445,1000,False
76,1,1,-1,-1,1,1,-1,-1,1,1,1,-1,1,1,1,1,-1,1,-1,-1,1,-1,1,1,1,-1,-1,-1,1,1,1,1,1,-1,-1,-1,1,-1,1,1,-1,-1,-1,1,1,1,1,-1,1,1,1,1,-1,1,-1,-1,1,-1,1,1,1,-1,-1,-1,1,1,1,1,-1,-1,-1,1,1,1,1,-1,-1,-1,1,1,1,-1,-1,-1,1,1,1,1,-1,-1,-1,1,1,1,1,-1,-1,1,1,-1,1,1,-1,-1,1,1,1,1,1,-1,-1,1,1,1,1,1,-1,-1,1,1,1,1,1,1,-1,-1,1,1,-1,1,1,-1,1,1,1,1,1,1,-1,-1,1,1,1,1,1,-1,1,1,1,1,1,1,-1,-1,-1,1,1,1,1,-1,1,1,1,1,-1,1,-1,1,1,1,1,1,-1,-1,1,1,1,1,1,-1,1,-1,-1,1,-1,1,-1,1,1,1,1,1,1,1,1,1,-1,1,-1,1,-1,1,1,-1,1,-1,1,1,-1,1,-1,1,-1,1,-1,1,1,-1,1,-1,1,1,1,1,-1,-1,1,1,-1,-1,1,-1,1,-1,1,1,-1,1,-1,1,-1,1,-1,1,1,-1,1,-1,1,1,-1,1,-1,1,1,1,-1,1,1,-1,1,-1,1,-1,1,-1,1,-1,1,1,-1,1,-1,-1,-1,1,1,-1,1,-1,-1,-1,1,1,-1,-1,1,1,-1,-1,1,1,-1,1,1,-1,1,1,1,1,-1,1,-1,1,1,-1,1,-1,1,1,-1,1,1,1,1,1,-1,-1,1,-1,-1,-1,1,1,-1,1,1,1,-1,1,-1,-1,1,1,1,1,1,-1,1,1,1,-1,1,1,-1,1,1,1,-1,1,1,-1,-1,1,1,1,-1,1,-1,1,1,1,-1,1,1,-1,1,1,1,-1,1,-1,-1,1,1,1,-1,1,-1,-1,-1,1,1,-1,1,-1,-1,1,-1,1,-1,1,1,-1,-1,1,1,1,-1,1,-1,-1,1,1,-1,1,-1,1,-1,-1,-1,-1,1,1,1,-1,1,1,-1,1,1,-1,-1,1,1,1,1,1,-1,1,1,1,-1,1,-1,-1,-1,-1,1,1,-1,1,-1,-1,1,-1,1,-1,-1,-1,-1,-1,-1,1,-1,-1,-1,1,-1,1,1,-1,1,1,1,1,-1,1,-1,1,-1,-1,1,-1,1,-1,1,1,-1,1,-1,-1,1,1,-1,-1,1,-1,1,1,1,-1,-1,1,-1,1,-1,1,-1,1,1,-1,1,-1,-1,-1,1,1,-1,1,-1,-1,-1,1,-1,1,1,-1,-1,1,1,-1,-1,1,-1,-1,-1,1,-1,1,-1,-1,-1,-1,1,-1,-1,1,-1,-1,-1,1,1,-1,1,-1,-1,-1,1,1,-1,1,-1,1,-1,1,-1,-1,1,-1,-1,1,-1,1,-1,-1,1,-1,1,-1,1,-1,1,1,-1,-1,1,1,1,-1,1,-1,1,-1,-1,1,1,-1,-1,-1,1,-1,-1,-1,1,1,-1,1,-1,1,-1,1,-1,1,1,-1,1,1,1,-1,1,1,-1,1,-1,1,1,-1,1,-1,-1,1,1,-1,-1,1,-1,-1,-1,1,-1,-1,1,-1,1,1,1,1,-1,1,-1,-1,1,1,-1,-1,1,-1,-1,-1,1,1,-1,-1,1,1,-1,-1,-1,-1,-1,1,1,-1,1,1,-1,1,1,1,-1,1,-1,-1,-1,1,1,1,-1,-1,-1,1,-1,1,1,1,-1,-1,-1,1,1,1,-1,-1,-1,-1,1,1,1,1,-1,-1,-1,1,1,1,-1,-1,-1,-1,1,1,1,1,-1,-1,1,1,1,1,1,-1,-1,-1,1,1,1,-1,-1,-1,-1,1,1,-1,1,-1,-1,-1,1,1,1,1,-1,-1,1,1,1,1,1,-1,1,1,-1,1,1,-1,-1,-1,1,1,1,-1,1,-1,1,1,1,1,1,1,-1,-1,1,-1,1,-1,1,-1,-1,1,-1,1,-1,-1,-1,-1,1,-1,1,1,-1,1,-1,1,1,1,-1,1,1,-1,1,-1,1,-1,-1,-1,-1,1,1,-1,-1,-1,-1,-1,1,-1,1,-1,-1,-1,-1,-1,-1,-1,1,-1,-1,-1,1,-1,-1,1,-1,-1,-1,-1,-1,1,1,-1,-1,-1,-1,-1,1,-1,-1,-1,1,-1,-1,1,-1,1,-1,-1,-1,-1,-1,-1,-1,1,-1,-1,-1,1,1,-1,-1,-1,-1,1,-1,-1,-1,-1,1,-1,-1,1,-1,1,-1,-1,-1,-1,1,-1,1,1,-1,1,-1,-1,1,1,-1,-1,-1,-1,-1,-1,1,1,-1,-1,1,-1,1,1,-1,-1,-1,1,-1,1,1,-1,-1,1,-1,-1,1,1,1,-1,1,-1,1,1,1,-1,-1,1,-1,-1,1,1,1,-1,1,-1,-1,1,1,-1,1,1,-1,-1,1,1,-1,1,1,-1,-1,1,1,1,1,1,-1,-1,1,1,1,1,1,1,-1,1,1,1,1,1,-1,-1,1,-1,1,1,1,1,-1,-1,1,-1,1,1,1,-1,1,1,1,1,-1,1,-1,1,1,1,1,1,1,1,-1,-1,1,1,1,-1,1,-1,1,1,1,1,1,-1,1,-1,1,1,-1,1,1,-1,-1,1,-1,1,1,-1,-1,1,1,1,1,-1,1,-1,-1,1,1,-1,-1,1,-1,1,1,1,-1,1,-1,-1,-1,1,1,-1,-1,1,-1,-1,1,1,-1,-1,1,-1,1,1,1,1,-1,1,-1,-1,1,1,-1,-1,-1,1,1,1,1,-1,1,1,-1,1,1,-1,-1,1,1,-1,-1,1,1,-1,1,1,1,1,1,-1,-1,-1,-1,-1,-1,-1,-1,-1,-1,1,1,1,1,-1,1,1,-1,1,1,1,1,-1,1,-1,1,1,1,1,-1,1,-1,1,1,1,1,-1,1,-1,1,1,1,1,-1,1,-1,1,1,-1,-1,-1,1,-1,1,1,1,-1,-1,-1,1,-1,1,-1,1,-1,1,-1,1,1,-2676.0,1,2000,445,1000,False
77,-1,-1,1,1,1,1,-1,1,-1,-1,-1,1,-1,1,-1,-1,1,-1,1,1,-1,-1,-1,-1,-1,1,-1,-1,-1,-1,-1,-1,1,1,-1,-1,1,-1,-1,-1,1,-1,-1,-1,-1,-1,-1,-1,1,1,-1,-1,1,-1,1,-1,-1,1,-1,-1,-1,1,1,1,-1,-1,-1,-1,-1,-1,-1,1,-1,-1,-1,-1,-1,-1,1,-1,-1,1,1,-1,1,-1,-1,1,-1,1,1,-1,-1,-1,-1,-1,-1,1,1,1,-1,-1,-1,-1,-1,1,-1,-1,-1,-1,-1,1,1,1,-1,-1,-1,-1,1,1,-1,-1,-1,-1,-1,1,1,-1,1,-1,-1,-1,-1,1,-1,1,-1,-1,-1,-1,1,-1,1,-1,-1,-1,1,1,1,-1,-1,-1,-1,-1,-1,1,-1,1,-1,-1,-1,1,1,1,-1,-1,1,-1,-1,1,-1,-1,-1,-1,-1,1,-1,1,-1,-1,-1,1,-1,1,-1,-1,-1,-1,-1,1,1,1,-1,-1,-1,-1,-1,1,1,-1,-1,1,-1,-1,1,1,-1,-1,-1,-1,-1,1,1,-1,1,-1,-1,-1,1,1,-1,1,-1,-1,-1,-1,1,1,-1,-1,-1,-1,1,1,-1,1,-1,-1,-1,1,1,-1,1,1,-1,-1,-1,1,-1,-1,1,-1,-1,1,-1,-1,1,-1,-1,-1,1,1,-1,1,-1,-1,1,-1,-1,-1,1,-1,1,-1,1,-1,-1,1,-1,1,-1,-1,1,-1,1,-1,-1,1,-1,1,-1,1,1,-1,1,-1,-1,-1,-1,1,1,1,-1,-1,-1,1,1,-1,1,1,-1,-1,-1,1,1,1,-1,-1,-1,1,1,1,1,1,-1,-1,1,-1,1,1,-1,-1,-1,1,-1,1,1,-1,-1,-1,1,1,-1,1,-1,-1,1,-1,-1,1,1,-1,1,1,1,1,-1,1,-1,1,1,1,-1,1,1,-1,-1,1,1,-1,1,-1,-1,-1,1,1,-1,1,-1,-1,1,-1,1,-1,1,-1,-1,1,-1,1,-1,1,1,-1,1,-1,1,-1,-1,1,-1,-1,1,1,-1,1,-1,-1,1,1,-1,-1,1,1,-1,1,-1,1,-1,1,-1,1,1,-1,1,1,1,-1,1,1,-1,1,-1,1,-1,-1,1,-1,1,1,-1,1,-1,1,1,-1,1,-1,-1,-1,1,-1,-1,1,-1,1,-1,-1,1,-1,1,-1,-1,-1,-1,1,-1,1,-1,1,1,-1,1,-1,1,-1,-1,-1,-1,1,-1,-1,1,1,-1,-1,1,-1,1,1,-1,1,-1,1,-1,1,-1,1,-1,-1,-1,-1,-1,-1,-1,1,-1,1,-1,1,-1,1,-1,-1,-1,1,1,-1,1,-1,-1,-1,-1,1,-1,-1,1,-1,-1,1,-1,-1,1,1,1,-1,-1,1,-1,-1,1,-1,-1,-1,-1,-1,1,-1,1,-1,-1,-1,-1,1,-1,1,-1,-1,1,-1,1,1,1,-1,-1,-1,1,1,-1,1,-1,1,-1,1,1,1,-1,1,1,-1,1,1,1,1,1,1,1,-1,-1,-1,1,-1,-1,1,-1,1,-1,1,-1,1,-1,-1,-1,1,1,-1,1,1,-1,1,-1,1,-1,1,1,-1,1,-1,1,-1,-1,-1,-1,1,-1,1,-1,-1,-1,-1,1,-1,1,-1,1,1,1,1,-1,1,-1,1,1,-1,1,-1,1,-1,-1,1,-1,1,-1,-1,1,1,1,1,1,-1,1,1,1,1,-1,1,-1,-1,1,1,1,-1,-1,-1,1,1,1,1,-1,-1,-1,1,-1,1,1,1,1,-1,-1,1,1,-1,-1,1,-1,-1,1,1,-1,1,1,1,-1,1,1,1,1,-1,1,-1,1,-1,1,-1,1,1,-1,1,1,1,1,1,1,-1,1,-1,1,-1,1,1,-1,1,1,-1,1,1,1,-1,1,1,1,1,1,1,-1,1,1,-1,-1,1,-1,-1,1,1,1,-1,1,-1,-1,1,-1,1,1,1,-1,-1,1,-1,1,-1,1,1,-1,1,-1,1,-1,1,-1,-1,1,-1,1,1,1,1,-1,1,-1,1,-1,1,1,-1,1,-1,1,-1,1,1,-1,1,1,1,1,1,-1,1,1,-1,1,1,1,1,-1,1,-1,1,-1,1,1,-1,1,1,-1,1,1,1,-1,1,1,-1,1,1,1,1,1,-1,-1,1,1,1,1,1,-1,1,-1,1,1,1,1,1,-1,1,1,1,1,1,1,-1,1,1,1,1,1,1,1,1,1,1,1,1,1,-1,1,1,1,1,1,-1,1,1,1,1,1,1,1,-1,1,1,1,1,1,-1,1,1,1,1,1,1,-1,-1,1,-1,1,1,1,-1,1,1,1,1,1,-1,-1,1,1,1,1,1,1,-1,1,1,-1,1,1,-1,1,1,1,1,1,1,-1,-1,1,1,1,1,-1,1,-1,1,1,1,1,-1,-1,-1,1,1,1,1,-1,1,-1,1,1,1,1,1,-1,-1,1,1,-1,1,1,-1,-1,1,1,-1,1,-1,-1,-1,1,-1,-1,1,1,-1,1,1,1,-1,1,1,-1,-1,1,1,-1,1,1,-1,1,1,1,-1,1,1,-1,1,-1,1,1,1,1,-1,1,-1,1,1,1,-1,-1,1,-1,1,1,1,1,1,1,-1,1,1,-1,1,1,-1,-1,1,-1,1,-1,1,1,-1,1,-1,1,1,-1,1,-1,1,-1,1,1,1,-1,-1,-1,1,1,1,-1,1,-1,-1,-1,1,-1,1,1,-1,1,-1,1,1,1,-1,-1,-1,1,1,1,1,-1,1,1,1,1,1,-1,1,-1,1,1,1,1,-1,1,-1,-1,-1,1,1,-1,1,1,1,-1,1,1,1,-1,-1,-1,1,1,1,-1,1,1,1,1,-1,1,-1,-1,1,1,1,1,1,-1,-1,1,1,1,1,1,1,-1,1,1,1,1,1,1,-1,1,1,1,1,1,-1,-1,1,1,1,-1,1,1,-1,1,1,1,-1,1,-1,1,-1,1,1,-1,1,1,-1,1,1,-2676.0,1,2000,445,1500,True
78,1,1,-1,-1,1,-1,-1,-1,1,1,1,-1,1,1,1,1,-1,1,-1,-1,-1,-1,1,1,1,-1,-1,-1,1,1,1,1,1,-1,-1,-1,1,-1,1,1,-1,-1,-1,1,1,1,1,-1,1,1,1,1,-1,1,-1,-1,1,-1,1,1,1,-1,-1,-1,1,1,1,1,-1,-1,-1,1,1,1,1,-1,-1,-1,1,1,1,-1,-1,-1,1,1,1,1,-1,-1,-1,1,1,1,1,-1,-1,1,1,-1,1,1,-1,-1,1,1,1,1,1,-1,-1,-1,1,-1,1,1,-1,-1,1,1,1,1,1,1,-1,-1,1,1,-1,1,1,-1,1,1,1,1,1,1,-1,1,1,1,1,1,1,-1,1,1,1,1,1,1,-1,-1,-1,1,1,1,1,-1,1,1,1,1,-1,1,-1,1,-1,1,1,1,-1,-1,1,1,1,1,1,-1,1,-1,-1,1,-1,1,-1,1,1,1,1,1,1,1,1,1,-1,1,-1,1,-1,1,1,-1,1,-1,1,1,-1,1,-1,1,-1,1,-1,1,1,-1,1,-1,1,1,1,1,-1,-1,1,1,-1,-1,1,-1,1,-1,1,1,-1,1,-1,1,-1,1,-1,1,1,-1,-1,-1,1,1,-1,1,-1,1,1,1,-1,1,1,-1,-1,-1,1,-1,1,-1,1,-1,1,1,-1,1,-1,-1,-1,1,1,-1,1,-1,-1,-1,1,1,-1,-1,1,1,-1,-1,1,1,-1,1,1,-1,1,1,1,1,-1,1,-1,1,1,-1,1,-1,1,1,-1,1,1,1,1,1,-1,-1,1,-1,-1,1,1,1,-1,1,1,1,-1,1,-1,-1,1,1,1,1,1,-1,1,1,1,-1,1,1,-1,1,1,1,-1,1,1,-1,-1,1,1,1,-1,1,-1,1,1,1,-1,1,1,-1,1,1,1,-1,1,-1,-1,1,1,1,-1,1,-1,-1,-1,1,1,-1,1,-1,-1,1,-1,1,-1,1,1,-1,-1,1,1,1,-1,1,-1,-1,1,1,-1,1,-1,1,-1,-1,-1,-1,1,1,-1,-1,1,1,-1,1,1,-1,-1,1,1,1,1,1,-1,1,1,1,-1,1,-1,-1,-1,-1,1,1,-1,1,-1,-1,1,-1,1,-1,-1,-1,-1,1,-1,1,-1,-1,-1,1,-1,1,1,-1,1,-1,1,1,-1,1,-1,1,-1,-1,1,-1,1,-1,1,1,-1,1,-1,-1,1,1,-1,-1,1,-1,1,1,1,-1,-1,1,-1,1,-1,1,-1,1,1,1,-1,-1,-1,-1,1,1,-1,1,-1,-1,-1,1,-1,1,1,-1,-1,-1,1,-1,-1,1,-1,-1,-1,1,-1,1,-1,1,-1,-1,1,-1,-1,1,-1,-1,-1,1,1,-1,1,-1,-1,-1,1,1,-1,-1,-1,1,-1,1,-1,-1,1,-1,-1,1,-1,1,-1,-1,1,-1,1,-1,1,-1,-1,1,-1,-1,1,1,1,-1,1,-1,1,-1,-1,-1,1,-1,-1,-1,1,-1,-1,-1,1,1,-1,1,-1,1,-1,1,-1,1,1,-1,1,1,1,-1,-1,1,-1,1,-1,1,1,-1,1,-1,-1,1,1,-1,-1,1,-1,-1,-1,1,-1,-1,1,-1,1,1,1,1,-1,1,-1,-1,1,1,-1,-1,1,-1,-1,-1,1,1,-1,-1,1,1,-1,-1,-1,-1,1,1,1,1,1,1,-1,-1,1,1,-1,1,-1,-1,1,1,1,1,-1,1,-1,1,-1,1,1,1,1,-1,-1,1,1,1,-1,-1,-1,1,1,1,1,1,-1,-1,-1,1,1,1,-1,-1,-1,-1,1,1,1,1,-1,-1,1,1,1,1,1,-1,-1,-1,1,1,1,1,-1,-1,-1,1,1,-1,1,-1,-1,-1,1,1,1,1,-1,-1,1,1,1,1,1,-1,1,1,-1,1,1,-1,-1,-1,1,1,1,-1,1,-1,1,1,1,1,1,1,-1,-1,1,-1,1,-1,1,-1,-1,1,-1,1,-1,-1,-1,-1,1,-1,1,1,-1,1,-1,1,1,1,-1,1,1,-1,1,-1,1,-1,-1,-1,-1,1,1,-1,-1,-1,-1,-1,1,-1,1,-1,-1,-1,-1,-1,-1,-1,1,-1,-1,-1,1,-1,-1,1,-1,-1,-1,-1,-1,1,1,-1,-1,-1,-1,-1,1,-1,-1,-1,1,-1,-1,1,-1,1,-1,-1,-1,-1,-1,-1,-1,1,-1,-1,-1,1,1,1,-1,-1,-1,1,-1,-1,-1,-1,1,-1,-1,1,1,1,-1,-1,-1,-1,1,1,1,1,-1,1,-1,-1,-1,1,-1,-1,-1,-1,-1,-1,1,1,-1,-1,1,-1,1,1,-1,-1,-1,1,-1,-1,1,-1,-1,1,-1,-1,1,1,1,-1,1,-1,1,1,1,-1,-1,1,-1,-1,1,1,1,-1,1,-1,-1,1,1,-1,1,1,-1,-1,1,1,-1,1,1,-1,-1,1,1,1,1,1,-1,-1,1,1,1,1,1,1,-1,1,1,1,-1,1,-1,-1,1,-1,1,1,1,1,-1,-1,1,-1,1,1,1,-1,1,1,1,1,-1,1,-1,1,1,1,1,1,1,1,-1,1,1,1,1,-1,1,-1,1,1,1,1,1,-1,1,1,1,1,-1,1,1,-1,1,1,-1,1,1,-1,-1,1,1,1,1,-1,1,-1,1,1,1,-1,-1,1,-1,1,1,1,-1,1,-1,-1,-1,1,1,-1,-1,1,-1,-1,1,1,1,-1,1,-1,1,1,1,1,-1,1,-1,-1,1,1,-1,-1,-1,1,1,-1,1,-1,1,1,-1,1,1,-1,-1,1,1,-1,-1,1,1,-1,1,1,1,1,1,-1,-1,-1,-1,-1,-1,-1,-1,-1,-1,1,1,1,1,-1,1,1,-1,1,1,1,1,-1,1,-1,1,1,1,-1,-1,1,-1,1,1,1,-1,-1,1,-1,1,1,1,-1,-1,1,-1,1,1,1,1,-1,1,-1,1,1,1,-1,-1,-1,1,-1,1,-1,1,-1,1,-1,1,1,-2676.0,1,2000,445,1500,False
79,-1,-1,1,1,1,1,-1,1,-1,-1,-1,1,-1,1,-1,-1,1,-1,1,1,-1,1,-1,-1,-1,1,-1,-1,-1,-1,-1,-1,1,1,-1,1,1,-1,-1,-1,1,-1,1,-1,-1,-1,1,1,-1,-1,-1,-1,1,1,1,-1,-1,1,-1,-1,1,1,1,1,-1,1,-1,1,1,-1,1,-1,-1,-1,1,-1,-1,1,-1,-1,-1,1,1,-1,-1,-1,-1,1,1,1,-1,-1,-1,1,-1,1,-1,1,-1,1,1,1,1,-1,1,-1,-1,1,1,1,-1,1,-1,-1,1,1,1,-1,1,-1,-1,1,1,1,-1,1,-1,-1,1,1,-1,-1,1,-1,-1,1,1,1,-1,-1,-1,-1,1,1,1,-1,1,-1,-1,-1,1,1,-1,-1,1,-1,1,1,1,-1,1,-1,-1,-1,1,1,-1,1,1,-1,1,1,1,-1,1,-1,-1,1,1,-1,1,-1,1,-1,1,1,-1,1,1,-1,-1,-1,1,1,1,1,1,-1,1,1,-1,1,1,1,-1,1,1,1,-1,1,1,-1,1,1,1,1,1,1,-1,1,1,-1,1,1,1,1,-1,1,-1,-1,1,1,1,-1,1,-1,1,1,1,-1,-1,1,-1,1,1,1,1,-1,-1,1,-1,1,1,-1,1,1,-1,1,1,1,-1,-1,1,-1,1,-1,1,1,1,1,-1,1,-1,1,1,-1,1,-1,1,-1,1,1,1,1,1,-1,1,1,1,1,1,1,-1,1,1,1,-1,-1,1,-1,-1,1,1,-1,-1,1,1,-1,1,1,1,-1,1,-1,-1,1,1,1,-1,-1,1,-1,1,-1,1,-1,1,1,-1,1,1,1,-1,1,-1,-1,1,1,-1,1,1,1,-1,1,1,-1,1,1,-1,1,1,1,-1,1,1,-1,-1,1,1,1,1,1,1,1,1,1,1,1,1,1,1,-1,1,-1,1,1,1,1,-1,1,1,-1,1,1,1,-1,1,1,-1,1,-1,1,1,-1,1,-1,1,1,1,1,-1,1,-1,1,1,1,-1,-1,1,1,-1,-1,1,1,1,1,-1,1,-1,1,-1,1,1,-1,1,1,1,1,-1,1,-1,1,-1,1,-1,-1,1,-1,1,1,1,1,-1,1,1,-1,1,1,-1,-1,1,-1,-1,1,-1,1,-1,-1,1,-1,-1,1,-1,-1,-1,1,-1,1,-1,1,-1,-1,1,-1,1,-1,-1,-1,-1,1,-1,-1,1,1,-1,-1,1,-1,1,1,-1,1,-1,1,-1,1,-1,1,-1,-1,-1,-1,1,-1,-1,1,-1,1,-1,1,-1,1,-1,-1,-1,1,1,-1,1,-1,-1,-1,-1,1,-1,-1,1,-1,-1,1,-1,1,1,1,1,-1,-1,1,-1,-1,1,-1,-1,-1,1,-1,1,-1,1,-1,-1,1,-1,1,-1,1,-1,-1,1,-1,1,1,1,-1,-1,-1,1,1,-1,1,-1,-1,-1,1,1,1,-1,1,1,-1,1,1,1,1,1,-1,1,-1,1,1,-1,1,-1,1,-1,-1,1,-1,-1,1,-1,-1,1,-1,-1,-1,1,1,-1,1,1,-1,-1,1,1,-1,-1,1,-1,-1,-1,-1,-1,1,1,-1,-1,-1,-1,-1,1,1,-1,-1,1,1,1,-1,1,-1,1,-1,1,-1,1,1,-1,-1,-1,1,-1,-1,1,1,-1,1,1,1,1,1,1,-1,-1,1,-1,1,1,1,-1,-1,1,-1,1,1,-1,-1,1,1,-1,1,1,-1,1,1,-1,1,1,1,1,-1,1,-1,-1,1,1,1,-1,1,-1,1,1,1,1,-1,-1,1,1,1,1,1,-1,1,1,-1,1,1,1,-1,-1,1,1,1,-1,1,-1,-1,1,-1,1,1,1,-1,-1,-1,1,1,1,1,-1,-1,1,1,1,1,-1,1,-1,1,-1,1,-1,-1,1,-1,1,-1,1,1,-1,-1,1,-1,1,1,-1,1,-1,-1,1,-1,-1,1,-1,1,-1,1,-1,1,-1,1,-1,-1,1,-1,1,-1,1,1,-1,1,-1,1,-1,1,-1,-1,1,-1,1,-1,-1,1,1,1,1,1,-1,1,1,-1,1,1,1,1,-1,1,-1,1,-1,1,-1,1,1,1,-1,1,1,-1,1,1,1,-1,1,1,1,-1,1,-1,-1,1,1,-1,-1,1,-1,1,-1,-1,1,-1,1,1,-1,1,1,-1,-1,1,1,-1,1,1,-1,-1,-1,1,1,1,1,-1,-1,1,1,-1,1,1,-1,-1,1,-1,1,1,1,-1,-1,-1,1,-1,1,1,-1,1,-1,-1,1,1,1,-1,-1,-1,-1,-1,1,-1,-1,-1,1,-1,1,1,-1,-1,-1,-1,-1,1,1,1,-1,-1,-1,-1,1,1,-1,1,-1,-1,1,1,1,-1,-1,1,-1,-1,1,1,-1,-1,1,-1,-1,1,1,-1,1,-1,-1,-1,1,1,-1,-1,1,-1,-1,1,1,-1,-1,1,1,-1,1,1,-1,1,1,-1,-1,1,1,-1,-1,1,-1,-1,1,-1,-1,-1,1,1,-1,-1,1,-1,1,-1,1,-1,1,1,-1,1,-1,1,-1,1,1,-1,1,1,1,-1,-1,-1,-1,1,1,-1,1,-1,1,-1,1,1,-1,1,-1,1,1,1,-1,-1,1,-1,1,1,-1,1,-1,-1,-1,1,-1,1,-1,1,-1,-1,1,-1,1,-1,-1,-1,-1,1,-1,1,-1,-1,-1,-1,-1,1,1,-1,1,-1,-1,-1,-1,1,-1,1,-1,-1,1,-1,1,1,1,1,-1,-1,1,1,-1,-1,1,1,1,1,1,-1,1,-1,-1,1,1,-1,-1,1,-1,-1,-1,-1,1,-1,1,-1,1,1,1,-1,-1,1,-1,-1,-1,-1,-1,-1,1,-1,1,1,1,-1,1,1,-1,1,1,1,1,-1,1,-1,1,1,1,1,-1,1,-1,1,1,1,1,-1,1,-1,1,1,1,1,-1,1,-1,1,1,1,-1,-1,1,-1,-1,1,1,-1,-1,-1,1,-1,1,1,1,-1,1,-1,-1,1,-2676.0,1,2000,445,1500,True
80,1,1,-1,-1,1,-1,1,-1,1,1,1,-1,1,1,1,1,-1,1,-1,-1,1,-1,1,1,1,-1,-1,-1,1,1,1,1,-1,-1,-1,-1,1,1,1,1,-1,-1,-1,1,1,1,1,-1,1,1,1,1,-1,1,-1,-1,1,-1,1,1,1,-1,-1,-1,1,1,1,1,-1,-1,-1,1,1,1,1,-1,-1,-1,1,1,1,-1,-1,-1,1,1,1,1,-1,-1,-1,1,1,1,1,-1,-1,1,1,-1,1,1,-1,-1,1,1,1,1,1,-1,-1,1,1,1,1,1,-1,-1,1,1,1,1,1,1,-1,-1,1,1,-1,1,1,-1,1,1,1,1,1,1,-1,-1,1,1,1,1,1,-1,1,1,1,1,1,1,-1,-1,-1,1,1,1,1,-1,1,1,1,1,-1,1,-1,1,-1,1,1,1,-1,-1,1,1,1,1,1,-1,1,-1,-1,1,-1,1,-1,1,1,1,1,1,1,1,1,1,-1,1,-1,1,-1,1,1,-1,1,-1,1,1,-1,1,-1,1,-1,1,-1,1,1,-1,1,-1,1,1,1,1,-1,-1,1,1,-1,-1,1,-1,1,-1,-1,1,-1,1,-1,1,-1,1,-1,1,1,-1,-1,-1,1,1,-1,1,-1,1,1,1,-1,1,1,-1,1,-1,1,-1,1,-1,1,-1,1,1,-1,1,-1,-1,-1,1,1,-1,1,-1,-1,-1,1,1,-1,-1,1,1,-1,-1,1,1,-1,1,1,-1,1,1,1,1,-1,1,-1,1,1,-1,1,-1,1,1,-1,1,1,1,1,1,-1,-1,1,-1,-1,-1,1,1,-1,1,1,1,-1,1,-1,-1,1,1,1,1,1,-1,1,1,1,-1,1,1,-1,1,1,1,-1,1,1,-1,-1,1,1,1,-1,1,-1,1,1,1,-1,1,1,-1,1,1,1,-1,1,-1,-1,1,1,1,-1,1,-1,-1,-1,1,1,-1,1,-1,-1,1,-1,1,-1,1,1,-1,-1,1,1,1,-1,1,-1,-1,1,1,-1,1,-1,1,-1,-1,-1,-1,1,1,1,-1,1,1,-1,1,1,-1,-1,1,1,1,1,1,-1,1,1,1,-1,1,-1,-1,-1,-1,1,1,-1,1,-1,-1,1,-1,1,-1,-1,-1,-1,-1,-1,1,-1,-1,-1,1,-1,1,1,-1,1,1,1,1,-1,1,-1,1,-1,-1,1,-1,1,-1,1,1,-1,1,-1,-1,1,1,-1,-1,1,-1,1,1,1,-1,-1,1,-1,1,-1,1,-1,1,1,-1,1,-1,-1,-1,1,1,-1,1,-1,-1,-1,1,-1,1,1,1,-1,-1,1,-1,-1,1,-1,-1,-1,1,-1,1,-1,-1,-1,-1,1,-1,-1,1,-1,-1,-1,1,1,-1,1,-1,-1,-1,1,1,-1,-1,-1,1,-1,1,-1,-1,1,-1,-1,1,-1,1,-1,-1,1,-1,1,-1,1,-1,-1,1,-1,-1,1,1,1,-1,1,-1,1,-1,1,1,1,-1,-1,-1,1,-1,-1,-1,1,1,-1,1,-1,1,-1,1,-1,1,1,-1,1,1,1,-1,-1,1,-1,1,-1,1,1,-1,1,-1,-1,1,1,-1,-1,1,-1,-1,-1,1,-1,-1,1,-1,1,1,1,1,-1,1,-1,-1,1,1,-1,-1,1,-1,-1,-1,1,1,-1,-1,1,1,-1,-1,-1,-1,1,1,1,-1,1,1,-1,-1,1,1,-1,1,-1,-1,1,1,1,1,-1,-1,-1,1,-1,1,1,1,1,-1,-1,1,1,1,-1,-1,-1,-1,1,1,1,1,-1,-1,-1,1,1,1,-1,-1,-1,-1,1,1,1,1,-1,-1,1,1,1,1,1,-1,-1,-1,1,1,1,1,-1,-1,-1,1,1,-1,1,-1,-1,-1,1,1,1,1,-1,-1,1,1,1,1,1,-1,1,1,-1,1,1,-1,-1,-1,1,1,1,1,1,-1,1,1,1,1,1,1,-1,-1,1,-1,1,-1,1,-1,-1,1,-1,1,-1,-1,-1,-1,1,-1,1,1,-1,-1,-1,1,1,1,-1,1,-1,-1,1,-1,1,-1,-1,-1,-1,1,1,-1,-1,-1,-1,-1,1,-1,1,-1,-1,-1,-1,-1,-1,-1,1,-1,-1,-1,1,-1,-1,1,-1,-1,-1,-1,-1,1,1,-1,-1,-1,-1,-1,1,-1,-1,-1,1,-1,-1,1,-1,1,-1,-1,-1,-1,-1,-1,-1,1,-1,-1,-1,1,1,-1,-1,-1,1,-1,-1,-1,-1,-1,1,-1,-1,1,1,1,-1,-1,-1,-1,1,-1,1,1,-1,1,-1,-1,1,1,-1,-1,-1,-1,-1,-1,1,1,-1,-1,1,-1,1,1,-1,-1,-1,1,-1,1,1,-1,-1,1,-1,-1,1,1,1,-1,1,-1,1,1,1,-1,-1,1,-1,-1,1,-1,1,-1,1,-1,-1,1,1,-1,1,1,-1,-1,1,1,-1,1,1,-1,-1,1,1,-1,1,1,-1,-1,1,1,1,1,1,1,-1,1,1,1,-1,1,-1,-1,1,-1,1,1,1,1,-1,-1,1,-1,1,1,1,-1,1,1,1,1,-1,1,-1,1,1,1,1,1,1,1,-1,-1,1,1,1,-1,1,-1,1,1,1,1,1,-1,1,1,1,1,-1,1,1,-1,1,1,-1,1,1,-1,-1,1,1,1,1,-1,1,-1,1,1,1,-1,-1,1,-1,1,1,1,-1,1,-1,-1,-1,1,1,-1,-1,1,-1,-1,1,1,-1,-1,1,-1,1,1,1,1,-1,1,-1,-1,1,1,-1,-1,-1,1,1,-1,1,-1,1,1,-1,1,1,-1,-1,1,1,-1,-1,1,1,-1,1,1,1,1,1,-1,-1,-1,-1,-1,-1,-1,-1,-1,-1,1,1,1,1,-1,1,1,-1,1,1,1,1,-1,1,-1,1,1,1,1,-1,1,-1,1,1,1,1,-1,1,-1,1,1,1,1,-1,1,-1,1,1,-1,-1,-1,1,-1,1,1,1,-1,-1,-1,1,-1,1,-1,1,-1,1,-1,1,1,-2676.0,1,2000,445,1500,False
81,1,1,-1,-1,1,-1,-1,-1,1,1,1,-1,1,1,1,1,-1,1,-1,-1,-1,-1,1,1,1,-1,1,-1,1,1,1,1,-1,-1,-1,-1,1,-1,1,1,-1,-1,-1,1,1,1,1,-1,1,1,1,1,-1,1,-1,-1,1,-1,1,1,1,-1,-1,-1,1,1,1,1,-1,-1,-1,1,1,1,1,-1,-1,-1,1,1,1,-1,-1,-1,1,1,1,1,-1,-1,1,1,1,1,1,-1,-1,-1,1,-1,1,1,-1,-1,1,1,1,1,1,-1,-1,-1,1,-1,1,1,-1,-1,1,1,1,1,1,1,-1,-1,1,1,-1,1,1,-1,1,1,1,1,1,1,-1,1,1,1,1,1,1,-1,1,1,1,1,1,1,-1,-1,-1,1,1,1,1,-1,1,1,1,1,-1,1,-1,1,-1,1,1,1,-1,-1,1,1,1,1,1,-1,1,-1,-1,1,-1,1,-1,1,1,1,1,1,1,1,1,1,-1,1,-1,1,-1,1,1,-1,1,-1,1,1,-1,1,-1,1,-1,1,-1,1,1,-1,1,-1,1,1,1,1,-1,-1,1,1,-1,-1,1,-1,1,-1,1,1,-1,1,-1,1,-1,1,-1,-1,1,-1,-1,-1,1,1,-1,1,-1,1,1,1,-1,1,-1,-1,1,-1,1,-1,1,1,1,-1,1,1,-1,1,-1,-1,-1,1,1,-1,1,-1,-1,-1,1,1,-1,-1,1,1,-1,-1,1,1,-1,1,1,-1,1,1,1,1,-1,1,-1,1,1,-1,1,-1,1,1,-1,1,1,1,1,1,-1,-1,1,-1,-1,-1,1,1,-1,1,1,1,-1,1,-1,-1,1,1,1,1,1,-1,1,1,1,-1,1,1,-1,1,1,1,-1,1,1,-1,-1,1,1,1,-1,1,-1,1,1,1,-1,1,1,-1,1,1,1,-1,1,-1,-1,1,1,1,-1,1,-1,-1,-1,1,1,1,1,-1,-1,1,-1,1,-1,1,1,-1,-1,1,1,1,-1,1,-1,-1,1,1,-1,1,-1,1,-1,-1,-1,-1,1,1,-1,-1,1,1,-1,1,1,-1,-1,1,1,-1,1,1,-1,1,1,1,1,1,-1,-1,-1,-1,1,-1,-1,1,-1,-1,1,-1,-1,1,-1,-1,-1,-1,-1,1,-1,-1,-1,1,-1,1,-1,1,1,1,1,1,-1,1,-1,1,-1,-1,1,-1,-1,-1,1,1,-1,1,-1,-1,1,1,-1,-1,1,-1,1,-1,1,-1,-1,1,-1,-1,1,1,-1,1,1,-1,-1,-1,-1,-1,1,1,-1,-1,1,-1,-1,1,-1,1,-1,1,-1,-1,1,-1,-1,-1,-1,-1,-1,1,-1,1,-1,1,-1,-1,1,-1,-1,1,-1,-1,-1,1,1,-1,1,-1,-1,-1,1,1,-1,-1,-1,1,-1,1,-1,-1,1,-1,-1,1,1,1,-1,-1,-1,-1,1,-1,1,-1,-1,1,-1,-1,1,1,1,-1,1,-1,1,-1,-1,-1,1,-1,-1,-1,1,-1,-1,-1,1,1,-1,1,-1,1,-1,1,-1,1,1,-1,1,1,1,-1,-1,1,-1,1,-1,1,1,-1,1,-1,-1,1,1,-1,-1,1,-1,-1,-1,1,-1,-1,1,-1,1,1,1,1,-1,1,-1,-1,1,1,-1,-1,1,-1,-1,-1,1,1,-1,-1,1,1,-1,1,-1,-1,1,1,1,-1,1,1,-1,-1,1,1,-1,1,-1,-1,1,1,1,1,-1,1,-1,1,-1,1,1,1,1,-1,-1,1,1,1,-1,-1,-1,-1,1,1,1,1,-1,-1,-1,1,1,1,-1,-1,-1,-1,1,1,1,1,-1,-1,1,1,1,1,1,-1,-1,-1,1,1,1,1,-1,-1,-1,1,1,-1,1,-1,-1,-1,1,1,1,1,-1,-1,1,1,1,1,1,-1,1,1,-1,1,1,-1,-1,-1,1,1,1,1,1,-1,1,1,1,1,1,1,-1,-1,1,-1,1,-1,1,-1,-1,1,-1,1,1,-1,-1,-1,1,-1,1,1,-1,1,-1,1,1,1,-1,1,1,-1,1,-1,1,-1,-1,-1,-1,1,1,-1,-1,-1,-1,-1,1,-1,1,-1,-1,-1,-1,-1,-1,-1,1,-1,-1,-1,1,-1,-1,1,-1,-1,-1,-1,-1,-1,1,-1,-1,-1,-1,-1,1,-1,-1,-1,1,-1,-1,1,-1,1,-1,-1,-1,-1,-1,-1,-1,1,-1,-1,-1,1,1,-1,-1,-1,-1,1,-1,-1,-1,-1,1,-1,-1,1,1,1,-1,-1,-1,-1,1,-1,1,1,-1,1,-1,-1,1,1,-1,-1,-1,-1,-1,-1,1,1,-1,-1,1,-1,1,1,-1,-1,-1,1,-1,-1,1,-1,-1,1,-1,-1,1,1,1,-1,1,-1,1,1,1,-1,-1,1,-1,-1,1,1,1,-1,1,-1,-1,1,1,-1,1,1,-1,-1,1,1,-1,1,1,-1,-1,1,1,-1,1,1,-1,-1,1,1,1,1,-1,1,-1,1,1,1,-1,1,-1,-1,1,-1,1,1,1,1,-1,-1,1,-1,1,1,1,-1,1,1,1,1,-1,1,-1,1,1,1,1,1,1,1,-1,1,1,1,1,-1,1,-1,1,1,1,1,1,1,1,1,1,1,-1,1,-1,1,1,1,-1,1,1,1,1,-1,1,1,1,-1,1,1,1,1,1,-1,-1,1,-1,1,1,1,-1,1,-1,1,1,1,1,-1,-1,1,1,-1,1,1,-1,-1,1,1,-1,1,1,1,-1,-1,-1,1,1,1,-1,-1,-1,-1,1,-1,1,-1,1,1,1,1,1,-1,-1,1,1,1,1,1,1,-1,1,-1,1,1,1,-1,-1,-1,-1,-1,-1,-1,-1,-1,1,-1,1,1,1,-1,1,1,-1,-1,1,1,1,-1,1,-1,1,1,1,-1,-1,1,-1,1,1,1,-1,1,1,-1,1,1,1,-1,-1,1,-1,1,-1,1,1,-1,1,-1,-1,1,1,1,-1,1,-1,1,1,-1,1,-1,1,-1,-1,1,-2676.0,1,2000,445,1000,False
82,1,1,-1,-1,1,1,-1,-1,1,1,1,-1,1,1,1,1,-1,1,-1,-1,-1,-1,1,1,1,-1,1,-1,1,1,1,1,1,-1,-1,-1,1,1,1,1,-1,-1,-1,1,1,1,1,-1,1,1,1,1,-1,1,-1,-1,1,-1,1,1,-1,-1,-1,-1,1,1,1,1,-1,-1,-1,1,1,1,1,-1,-1,-1,1,1,1,-1,-1,-1,1,1,1,1,-1,-1,1,1,1,1,1,-1,-1,-1,1,-1,1,1,-1,-1,1,1,1,1,1,-1,-1,-1,1,-1,1,1,-1,-1,1,1,1,1,1,1,-1,-1,1,1,-1,1,1,-1,1,1,1,1,1,1,-1,1,1,1,1,1,1,-1,1,1,1,1,1,1,-1,-1,-1,1,1,1,1,-1,1,1,1,1,-1,1,-1,1,-1,1,1,1,-1,-1,1,1,1,1,1,-1,1,-1,-1,1,-1,1,-1,1,1,1,1,1,1,1,1,1,-1,1,-1,1,-1,1,1,-1,1,-1,1,1,-1,1,-1,1,-1,1,-1,1,1,-1,1,-1,1,1,1,1,-1,-1,1,1,-1,-1,1,-1,1,-1,1,1,-1,1,-1,1,-1,1,-1,1,1,-1,-1,-1,1,1,-1,1,-1,1,1,1,-1,1,-1,-1,-1,-1,1,-1,1,1,1,-1,1,1,-1,1,-1,-1,-1,1,1,-1,1,-1,-1,-1,1,1,-1,-1,1,1,-1,-1,1,1,-1,1,1,-1,1,1,1,1,-1,1,-1,1,1,-1,1,-1,1,1,-1,1,1,1,1,1,-1,-1,1,-1,-1,-1,1,1,-1,1,1,1,-1,1,-1,-1,1,1,1,1,1,-1,1,1,1,-1,1,1,-1,1,1,1,-1,1,1,-1,-1,1,1,1,-1,1,-1,1,1,1,-1,1,1,-1,1,1,1,-1,1,-1,-1,1,1,1,-1,1,-1,-1,-1,1,1,-1,1,-1,-1,1,-1,1,-1,1,1,-1,-1,1,1,1,-1,1,-1,-1,1,1,-1,1,-1,1,-1,-1,-1,-1,1,1,-1,-1,1,1,-1,1,1,-1,-1,1,1,1,1,1,-1,1,1,1,-1,1,-1,-1,-1,-1,1,1,-1,1,-1,-1,1,-1,1,-1,-1,-1,-1,-1,-1,1,-1,-1,-1,1,-1,1,1,-1,1,-1,1,1,-1,1,-1,1,-1,-1,1,-1,1,-1,1,1,-1,1,-1,-1,1,1,-1,-1,1,-1,1,1,1,-1,-1,1,-1,1,-1,1,-1,1,1,-1,1,-1,-1,-1,1,1,-1,1,-1,-1,-1,1,-1,1,1,-1,-1,1,1,-1,-1,1,-1,-1,-1,1,-1,1,-1,1,-1,-1,1,-1,-1,1,-1,-1,-1,1,1,-1,1,-1,-1,-1,1,1,-1,-1,-1,1,-1,1,-1,-1,1,-1,-1,1,-1,1,-1,-1,1,-1,1,-1,1,-1,-1,1,-1,-1,1,1,1,-1,1,-1,1,-1,-1,-1,1,-1,-1,-1,1,-1,-1,-1,1,1,-1,1,-1,1,-1,1,-1,1,1,-1,1,1,1,-1,-1,1,-1,1,-1,1,1,-1,1,-1,-1,1,1,-1,-1,1,-1,-1,-1,1,-1,-1,1,-1,1,1,1,1,-1,1,-1,-1,1,1,-1,-1,1,-1,-1,-1,1,1,-1,-1,1,1,-1,1,-1,-1,1,1,1,1,1,1,-1,-1,1,1,-1,1,-1,-1,1,1,1,1,-1,1,-1,1,-1,1,1,1,1,-1,-1,1,1,1,-1,-1,-1,1,1,1,1,1,-1,-1,-1,1,1,1,-1,-1,-1,-1,1,1,1,1,-1,-1,1,1,1,1,1,-1,-1,-1,1,1,1,1,-1,-1,-1,1,1,-1,1,-1,-1,-1,1,1,1,1,-1,-1,1,1,1,1,1,-1,1,1,-1,1,1,-1,-1,-1,1,1,1,-1,1,-1,1,1,1,1,1,1,-1,-1,1,-1,1,-1,1,-1,-1,1,-1,1,-1,-1,-1,-1,1,-1,1,1,-1,-1,-1,1,1,1,-1,1,-1,-1,1,-1,1,-1,-1,-1,-1,1,1,-1,-1,-1,-1,-1,1,-1,1,-1,-1,-1,-1,-1,-1,-1,1,-1,-1,-1,1,-1,-1,1,-1,-1,-1,-1,-1,1,1,-1,-1,-1,-1,-1,1,-1,-1,-1,1,-1,-1,1,-1,1,-1,-1,-1,-1,-1,-1,-1,1,-1,-1,-1,1,1,-1,-1,-1,-1,1,-1,-1,-1,-1,1,-1,-1,1,-1,1,-1,-1,-1,-1,1,-1,1,1,-1,1,-1,-1,1,1,-1,-1,-1,-1,-1,-1,1,1,-1,-1,1,-1,1,1,-1,-1,-1,1,-1,1,1,-1,-1,1,-1,-1,1,1,1,-1,1,-1,1,1,1,-1,-1,1,-1,-1,1,1,1,-1,1,-1,-1,1,1,-1,1,1,-1,-1,1,1,1,1,1,-1,-1,1,1,1,1,1,-1,-1,1,1,1,1,1,1,-1,1,1,1,1,1,-1,-1,1,-1,1,1,1,1,-1,-1,1,-1,1,1,1,-1,1,1,1,1,-1,1,-1,1,1,1,1,1,1,1,-1,-1,1,1,1,-1,1,-1,1,1,1,1,1,-1,1,1,1,1,-1,1,1,-1,1,1,-1,1,1,-1,-1,1,1,1,1,-1,1,-1,1,1,1,-1,-1,1,-1,1,1,1,-1,1,-1,-1,-1,1,1,-1,-1,1,-1,-1,1,1,-1,-1,1,-1,1,-1,1,1,-1,1,-1,-1,1,1,-1,-1,-1,1,1,-1,1,-1,1,1,-1,1,1,-1,-1,1,1,-1,-1,1,1,-1,1,1,1,1,1,-1,-1,-1,-1,-1,-1,-1,-1,-1,-1,1,1,1,1,-1,1,1,-1,1,1,1,1,-1,1,-1,1,1,1,-1,-1,1,-1,1,1,1,-1,1,1,-1,1,1,1,-1,-1,1,-1,1,1,1,1,-1,1,-1,1,1,1,1,-1,1,1,-1,1,1,1,-1,1,-1,1,1,-2676.0,1,2000,445,500,False
83,1,1,-1,-1,1,1,-1,-1,1,1,1,-1,1,1,1,1,-1,1,-1,-1,1,-1,1,1,1,-1,1,-1,1,1,1,1,-1,1,-1,-1,1,-1,1,1,-1,-1,-1,1,1,1,1,-1,1,1,1,1,-1,1,-1,-1,1,-1,1,1,1,-1,1,-1,1,1,1,1,-1,-1,-1,1,1,1,1,-1,1,-1,1,1,1,-1,-1,1,1,1,1,1,-1,-1,-1,1,1,1,1,-1,1,1,1,-1,1,1,-1,-1,1,1,1,1,1,-1,-1,1,1,-1,1,1,-1,-1,1,1,1,1,1,1,-1,1,1,1,-1,1,1,-1,1,1,1,1,1,1,-1,1,1,1,1,1,1,-1,-1,1,1,1,1,1,-1,1,-1,1,1,1,1,-1,1,1,1,1,-1,1,-1,1,1,1,1,1,-1,-1,1,1,1,1,1,-1,1,-1,-1,1,-1,1,-1,1,1,1,1,1,1,1,1,1,-1,1,-1,1,-1,1,1,-1,1,-1,1,1,-1,1,-1,1,-1,1,-1,1,1,-1,1,-1,1,1,1,1,-1,-1,1,1,-1,-1,1,-1,1,-1,-1,1,-1,1,-1,1,-1,1,-1,1,1,-1,-1,-1,1,1,-1,1,-1,1,1,1,-1,1,1,-1,1,-1,1,-1,1,-1,1,-1,1,1,-1,1,-1,-1,-1,1,1,-1,1,-1,-1,-1,1,1,-1,-1,1,1,-1,-1,1,1,-1,1,1,-1,1,1,1,1,-1,1,-1,1,1,-1,1,-1,1,1,-1,1,1,1,1,1,-1,-1,1,-1,-1,-1,1,1,-1,1,1,1,-1,1,-1,-1,1,1,1,1,1,-1,1,1,1,-1,1,1,-1,1,1,1,-1,1,1,-1,-1,1,1,1,-1,1,-1,1,1,1,-1,1,1,-1,1,1,1,-1,1,-1,-1,1,1,1,-1,1,-1,-1,-1,1,1,1,1,-1,-1,1,-1,1,-1,1,1,-1,-1,1,1,1,-1,1,-1,-1,1,1,-1,1,-1,1,-1,-1,-1,-1,1,1,-1,-1,1,1,-1,1,1,-1,-1,1,1,-1,1,1,-1,1,1,1,1,1,-1,-1,-1,-1,1,-1,-1,1,-1,-1,1,-1,-1,1,-1,-1,-1,1,-1,1,-1,-1,-1,1,-1,1,-1,1,1,-1,1,1,-1,1,-1,1,-1,-1,1,-1,-1,-1,1,-1,1,1,-1,-1,1,1,-1,-1,1,-1,1,-1,-1,1,-1,1,-1,-1,1,1,-1,1,1,1,-1,-1,1,-1,1,1,-1,-1,1,-1,-1,1,-1,1,-1,1,-1,-1,1,-1,-1,-1,-1,1,-1,1,-1,1,-1,1,-1,-1,1,-1,-1,1,-1,-1,-1,1,1,-1,1,-1,-1,-1,1,1,-1,-1,-1,1,-1,1,-1,-1,1,-1,-1,1,1,1,-1,-1,-1,-1,1,-1,1,-1,-1,1,-1,-1,1,1,1,-1,1,-1,1,-1,-1,1,1,-1,-1,-1,1,-1,-1,-1,1,1,-1,1,-1,1,-1,1,-1,1,1,-1,1,1,1,-1,1,1,-1,1,-1,1,1,-1,1,-1,-1,1,1,-1,-1,1,-1,-1,-1,1,-1,-1,1,-1,1,1,1,1,-1,1,-1,-1,1,1,-1,-1,1,-1,-1,-1,1,1,-1,-1,1,1,-1,-1,-1,-1,-1,1,1,1,1,1,-1,1,1,1,1,-1,-1,-1,1,1,1,1,-1,1,-1,1,-1,1,-1,1,1,-1,-1,1,1,1,-1,-1,-1,-1,1,1,1,1,-1,-1,-1,1,1,1,-1,-1,-1,-1,1,1,1,1,-1,-1,1,1,1,1,1,-1,-1,-1,1,1,1,1,-1,-1,-1,1,1,-1,1,-1,-1,-1,1,1,1,1,-1,-1,1,1,1,1,1,-1,1,1,-1,1,1,-1,-1,-1,1,1,1,1,1,-1,1,1,1,1,1,1,-1,-1,1,-1,1,-1,1,-1,-1,1,-1,1,-1,-1,-1,-1,1,-1,1,1,-1,1,-1,1,1,1,-1,1,1,-1,1,-1,1,-1,-1,-1,-1,1,1,-1,-1,-1,-1,-1,1,-1,1,-1,-1,-1,-1,-1,-1,-1,1,-1,-1,-1,1,-1,-1,1,-1,-1,-1,-1,-1,1,1,-1,-1,-1,-1,-1,1,-1,-1,-1,1,-1,-1,1,-1,1,-1,-1,-1,-1,-1,-1,-1,1,-1,-1,-1,1,1,1,-1,-1,1,-1,-1,-1,-1,-1,1,-1,-1,1,-1,1,-1,-1,-1,-1,1,1,1,1,-1,1,-1,-1,-1,1,-1,-1,-1,-1,-1,-1,1,1,-1,-1,1,-1,1,1,-1,-1,-1,1,-1,1,1,-1,-1,1,-1,-1,1,1,1,-1,1,-1,1,1,1,-1,-1,1,-1,-1,1,1,1,-1,1,-1,-1,1,1,-1,1,1,-1,-1,1,1,-1,1,1,-1,-1,1,1,-1,1,1,-1,-1,1,1,1,1,1,1,-1,1,1,1,-1,1,-1,-1,1,-1,1,1,1,1,-1,-1,1,-1,1,1,1,-1,1,1,1,1,-1,1,-1,1,1,1,1,1,1,1,-1,1,1,1,1,-1,1,-1,1,1,1,1,1,1,1,1,1,1,-1,1,-1,1,1,1,-1,1,1,1,1,-1,1,1,1,-1,1,1,1,1,1,-1,-1,1,-1,1,-1,1,-1,1,-1,1,1,1,1,-1,-1,1,1,-1,1,-1,1,-1,1,1,-1,-1,1,1,-1,1,-1,1,1,1,-1,-1,-1,-1,1,1,-1,-1,1,1,1,1,1,-1,-1,1,1,1,1,-1,1,-1,1,-1,1,1,-1,1,-1,-1,-1,-1,-1,-1,-1,-1,1,-1,1,1,1,-1,1,1,-1,-1,1,-1,-1,-1,1,-1,1,1,1,1,-1,1,-1,1,1,1,-1,-1,1,-1,1,1,1,-1,-1,1,-1,1,-1,-1,-1,-1,1,-1,-1,1,1,-1,-1,-1,-1,1,1,-1,1,-1,1,-1,-1,1,-2676.0,1,2000,445,0,False
84,1,1,-1,-1,1,-1,-1,-1,1,1,1,-1,1,1,1,1,-1,1,-1,-1,-1,-1,1,1,1,-1,1,-1,1,1,1,1,1,-1,-1,-1,1,-1,1,1,-1,-1,-1,1,1,1,1,-1,1,1,1,1,-1,1,-1,-1,1,-1,1,1,1,-1,-1,-1,1,1,1,1,-1,-1,-1,1,1,1,1,-1,-1,-1,1,1,1,-1,-1,-1,1,1,1,1,-1,-1,-1,1,1,1,1,-1,-1,1,1,-1,1,1,-1,-1,1,1,1,1,1,-1,-1,-1,1,1,1,1,-1,-1,1,1,1,1,1,1,-1,-1,1,1,-1,1,1,-1,1,1,1,1,1,1,-1,1,1,1,1,1,1,-1,1,1,1,1,1,1,-1,-1,-1,1,1,1,1,-1,1,1,1,1,-1,1,-1,1,-1,1,1,1,-1,-1,1,1,1,1,1,-1,1,-1,-1,1,-1,1,-1,1,1,1,1,1,1,1,1,1,-1,1,-1,1,-1,1,1,-1,1,-1,1,1,-1,1,-1,1,-1,1,-1,1,1,-1,-1,-1,1,1,1,1,-1,-1,1,1,-1,-1,1,-1,1,-1,1,1,-1,1,-1,1,-1,1,-1,-1,1,-1,-1,-1,1,1,-1,1,-1,1,1,1,-1,1,1,-1,1,-1,1,-1,1,-1,1,-1,1,1,-1,1,-1,-1,-1,1,1,-1,1,-1,-1,-1,1,1,-1,-1,1,1,-1,-1,1,1,-1,1,1,-1,1,1,1,1,-1,1,-1,1,1,-1,1,-1,1,1,-1,1,1,1,1,1,-1,-1,1,-1,-1,-1,1,1,-1,1,1,1,-1,1,-1,-1,1,1,1,1,1,-1,1,1,1,-1,1,1,-1,1,1,1,-1,1,1,-1,-1,1,1,1,-1,1,-1,1,1,1,-1,1,1,-1,1,1,1,-1,1,-1,-1,1,1,1,-1,1,-1,-1,-1,1,1,-1,1,-1,-1,1,-1,1,-1,1,1,-1,-1,1,1,1,-1,1,-1,-1,1,1,-1,1,-1,1,-1,-1,-1,-1,1,1,-1,-1,1,1,-1,1,1,-1,-1,1,1,1,1,1,-1,1,1,1,-1,1,-1,-1,-1,-1,1,1,-1,1,-1,-1,1,-1,1,-1,-1,-1,-1,-1,-1,1,-1,-1,-1,1,-1,1,1,-1,1,1,1,1,-1,1,-1,1,-1,-1,1,-1,1,-1,1,1,-1,1,-1,-1,1,1,-1,-1,1,-1,1,1,1,-1,-1,1,-1,1,-1,1,-1,1,1,-1,1,-1,-1,-1,1,1,-1,1,-1,-1,-1,1,-1,1,1,1,-1,-1,1,-1,-1,1,-1,-1,-1,1,-1,1,-1,1,-1,-1,1,-1,-1,1,-1,-1,-1,1,1,-1,1,-1,-1,-1,1,1,-1,-1,-1,1,-1,1,-1,-1,1,-1,-1,1,-1,1,-1,-1,1,-1,1,-1,1,1,-1,1,-1,-1,1,1,1,-1,1,-1,1,-1,1,-1,1,-1,-1,-1,1,-1,-1,-1,1,1,-1,1,-1,1,-1,1,-1,1,1,-1,1,1,1,-1,-1,1,-1,1,-1,1,1,-1,1,-1,-1,1,1,-1,-1,1,-1,-1,-1,1,-1,-1,1,-1,1,1,1,1,-1,1,-1,-1,1,1,-1,-1,1,-1,-1,-1,1,1,-1,-1,1,1,-1,1,-1,-1,1,1,1,-1,1,1,-1,-1,1,1,-1,1,-1,-1,1,1,1,1,-1,-1,-1,1,-1,1,1,1,-1,-1,-1,1,1,1,-1,-1,-1,-1,1,1,1,1,-1,-1,-1,1,1,1,-1,-1,-1,-1,1,1,1,1,-1,-1,-1,1,1,1,1,-1,-1,1,1,1,1,1,-1,-1,-1,1,1,-1,1,-1,-1,-1,1,1,1,1,-1,-1,1,1,1,1,1,-1,1,1,-1,1,1,-1,-1,-1,1,1,1,1,1,-1,1,1,1,1,1,1,-1,-1,1,-1,1,-1,1,-1,-1,1,-1,1,-1,-1,-1,-1,1,-1,1,1,-1,1,-1,1,1,1,-1,1,1,-1,1,-1,1,-1,-1,-1,-1,1,1,-1,-1,-1,-1,-1,1,-1,1,-1,-1,-1,-1,-1,-1,-1,1,-1,-1,-1,1,-1,-1,1,-1,-1,-1,-1,-1,1,1,-1,-1,-1,-1,-1,1,-1,-1,-1,1,-1,-1,1,-1,1,-1,-1,-1,-1,-1,-1,-1,1,-1,-1,-1,1,1,1,-1,-1,-1,1,-1,-1,-1,-1,1,-1,-1,1,-1,1,-1,-1,-1,-1,1,-1,1,1,-1,1,-1,-1,1,1,-1,-1,-1,-1,-1,-1,1,1,-1,-1,1,-1,1,1,-1,-1,-1,1,-1,1,1,-1,-1,1,-1,-1,1,1,1,-1,1,-1,1,1,1,-1,-1,1,-1,-1,1,1,1,-1,1,-1,-1,1,1,-1,1,1,-1,-1,1,1,-1,1,1,-1,-1,1,1,1,1,1,-1,-1,1,1,1,1,-1,1,-1,1,1,1,-1,1,-1,-1,1,-1,1,1,1,1,-1,-1,1,-1,1,1,1,-1,1,1,1,1,-1,1,-1,1,1,1,1,1,1,1,-1,1,1,1,1,-1,1,-1,1,1,1,1,1,-1,1,1,1,1,-1,1,1,-1,1,1,-1,1,1,-1,-1,1,1,1,1,-1,1,-1,1,1,1,-1,-1,1,-1,1,1,1,-1,1,-1,-1,-1,1,1,-1,-1,1,-1,-1,1,1,-1,-1,1,-1,1,1,1,1,-1,-1,-1,-1,1,1,-1,-1,-1,1,1,-1,1,-1,1,1,-1,1,1,-1,-1,1,1,-1,-1,1,1,-1,1,1,1,1,1,-1,-1,-1,-1,-1,-1,-1,-1,-1,-1,1,1,1,1,-1,1,1,-1,1,1,1,1,-1,1,-1,1,1,1,-1,-1,1,-1,1,1,1,-1,-1,1,-1,1,1,1,-1,-1,1,-1,1,-1,1,1,-1,1,-1,1,1,1,-1,-1,-1,1,-1,1,-1,1,-1,1,-1,1,1,-2676.0,1,2000,445,1500,False
85,-1,-1,1,1,1,1,-1,1,-1,-1,-1,1,-1,1,-1,-1,1,-1,1,1,-1,1,-1,-1,-1,1,-1,-1,-1,-1,-1,-1,1,1,-1,1,1,-1,-1,-1,1,-1,1,-1,-1,-1,-1,-1,1,-1,1,-1,1,-1,1,-1,-1,1,-1,-1,-1,1,1,1,-1,-1,-1,-1,-1,-1,1,-1,-1,-1,-1,-1,-1,1,-1,-1,-1,1,1,-1,-1,-1,-1,1,-1,1,-1,-1,-1,-1,-1,-1,-1,1,-1,1,-1,-1,-1,-1,1,-1,-1,-1,-1,-1,-1,1,-1,1,-1,-1,-1,-1,1,-1,-1,-1,-1,-1,-1,1,-1,-1,1,-1,-1,-1,-1,-1,-1,1,-1,-1,-1,-1,-1,-1,1,-1,-1,-1,1,-1,-1,-1,-1,-1,-1,-1,1,-1,1,1,-1,-1,-1,1,-1,-1,-1,-1,1,-1,1,-1,-1,-1,-1,-1,-1,-1,-1,1,-1,-1,-1,1,1,-1,-1,-1,-1,-1,-1,-1,-1,1,-1,-1,-1,-1,1,-1,1,-1,-1,1,-1,1,-1,1,-1,-1,-1,-1,1,-1,1,-1,1,-1,-1,1,-1,1,-1,1,-1,-1,1,1,-1,1,-1,-1,-1,1,1,1,-1,1,-1,-1,1,-1,1,-1,1,1,-1,1,1,1,-1,-1,1,-1,1,-1,-1,-1,1,-1,-1,1,-1,1,-1,1,-1,-1,1,1,-1,-1,1,-1,1,1,1,-1,-1,1,-1,1,1,1,1,-1,1,-1,-1,1,1,1,-1,1,1,-1,1,1,-1,-1,-1,1,1,1,1,-1,-1,1,1,-1,1,1,1,-1,-1,1,1,1,1,1,-1,1,1,1,1,-1,1,-1,1,-1,1,1,1,1,-1,1,-1,1,1,1,-1,-1,1,1,-1,1,1,-1,1,-1,-1,1,1,1,-1,1,1,1,-1,1,1,1,1,1,-1,1,1,1,1,1,1,-1,1,-1,1,-1,1,1,-1,1,-1,1,1,-1,1,-1,1,-1,1,1,-1,1,-1,1,1,-1,1,-1,1,-1,-1,1,-1,1,-1,1,-1,1,-1,-1,1,1,-1,-1,1,1,1,1,-1,1,-1,1,-1,1,1,-1,1,1,1,1,-1,1,-1,1,-1,1,-1,-1,1,-1,1,1,-1,1,-1,1,1,-1,1,-1,-1,-1,1,-1,-1,1,-1,1,-1,-1,1,-1,1,-1,-1,-1,-1,1,-1,1,-1,1,-1,-1,1,-1,1,-1,-1,-1,-1,1,-1,1,1,1,-1,-1,1,-1,1,1,-1,1,-1,1,-1,1,-1,1,-1,-1,-1,-1,1,-1,-1,1,-1,1,-1,1,-1,1,-1,-1,-1,1,1,-1,1,-1,-1,-1,-1,1,-1,-1,1,-1,-1,1,-1,1,1,1,1,-1,-1,1,-1,-1,1,-1,-1,-1,1,-1,1,-1,1,-1,-1,1,-1,1,-1,1,-1,-1,1,-1,1,1,1,-1,-1,-1,1,1,-1,1,-1,-1,-1,1,1,1,-1,1,1,-1,1,1,1,1,1,1,1,-1,1,1,-1,1,-1,1,1,1,-1,-1,-1,1,-1,-1,1,-1,-1,-1,1,1,-1,1,1,-1,-1,1,1,-1,-1,1,-1,-1,-1,-1,-1,1,1,-1,-1,-1,-1,-1,1,1,-1,-1,1,1,1,-1,1,-1,1,-1,1,-1,1,1,-1,-1,-1,1,-1,-1,1,1,-1,1,1,1,1,1,1,-1,-1,1,-1,1,1,1,-1,-1,1,-1,1,1,-1,-1,1,1,-1,1,1,-1,-1,1,-1,1,-1,1,1,-1,1,-1,-1,1,1,1,-1,1,-1,1,1,1,1,-1,-1,1,1,1,1,1,-1,1,1,-1,1,1,1,-1,-1,1,1,1,-1,1,-1,-1,1,-1,1,1,1,-1,-1,-1,1,1,1,1,-1,-1,1,1,1,1,-1,1,-1,1,-1,1,-1,-1,1,-1,1,-1,1,1,-1,-1,1,-1,1,1,-1,-1,-1,-1,1,-1,1,1,-1,1,-1,1,-1,1,-1,1,-1,-1,1,-1,1,1,-1,1,-1,1,-1,1,1,-1,-1,-1,1,-1,1,1,-1,1,1,1,1,1,-1,1,1,-1,1,1,1,1,-1,1,-1,1,-1,1,1,-1,1,1,-1,1,1,1,-1,1,1,-1,1,1,1,1,1,-1,-1,1,1,1,1,1,-1,1,-1,1,1,1,1,1,-1,1,1,1,1,1,1,-1,1,-1,1,1,1,1,1,1,1,1,1,1,1,-1,1,1,-1,1,1,-1,1,1,1,1,1,1,1,-1,1,1,1,1,1,-1,1,1,1,1,1,1,-1,-1,1,-1,1,1,1,-1,1,1,1,1,1,-1,-1,1,1,1,1,1,1,-1,1,1,-1,1,1,-1,1,1,1,1,1,1,-1,-1,1,1,1,1,-1,1,-1,1,1,1,1,-1,-1,-1,1,1,1,1,-1,1,-1,1,1,1,1,1,-1,-1,1,1,-1,1,1,-1,-1,1,1,-1,1,-1,-1,-1,1,-1,1,1,1,-1,1,1,1,-1,1,1,-1,-1,1,1,-1,1,1,-1,1,1,1,-1,1,1,-1,1,-1,-1,1,1,1,-1,1,-1,1,1,1,-1,-1,1,-1,1,1,1,1,1,1,-1,1,1,-1,1,1,-1,-1,1,-1,1,-1,1,1,-1,1,-1,1,1,-1,1,-1,1,-1,1,1,1,-1,-1,-1,1,1,1,-1,1,-1,-1,-1,1,-1,1,1,-1,1,-1,1,1,1,-1,-1,-1,1,1,1,1,-1,1,1,1,1,1,-1,1,-1,1,1,1,1,-1,1,-1,-1,-1,1,1,-1,1,1,1,1,-1,1,1,-1,-1,-1,-1,1,1,-1,1,1,1,1,-1,1,-1,-1,1,1,1,1,1,-1,-1,1,1,1,1,1,1,-1,1,1,1,1,1,1,-1,1,1,1,1,1,-1,-1,1,1,1,-1,1,1,-1,1,1,1,-1,1,-1,1,-1,1,1,-1,1,1,-1,1,1,-2676.0,1,2000,445,500,True
86,1,1,-1,-1,1,1,-1,-1,1,1,1,-1,1,1,1,1,-1,1,-1,-1,-1,-1,1,1,1,-1,1,-1,1,1,1,1,1,-1,-1,-1,1,1,1,1,-1,-1,-1,1,1,1,1,-1,1,1,1,1,-1,1,-1,-1,1,-1,1,1,-1,-1,-1,-1,1,1,1,1,-1,-1,-1,1,1,1,1,-1,-1,-1,1,1,1,-1,-1,-1,1,1,1,1,-1,-1,-1,1,1,1,1,-1,-1,1,1,-1,1,1,-1,-1,1,1,1,1,1,-1,-1,1,1,-1,1,1,-1,-1,1,1,1,1,1,1,-1,-1,1,1,-1,1,1,-1,1,1,1,1,1,1,-1,-1,1,1,1,1,1,-1,1,1,1,1,1,1,-1,-1,-1,1,1,1,1,-1,1,1,1,1,-1,1,-1,1,-1,1,1,1,-1,-1,1,1,1,1,1,-1,1,-1,-1,1,-1,1,-1,1,1,1,1,1,1,1,1,1,-1,1,-1,1,-1,1,1,-1,1,-1,1,1,-1,1,-1,1,-1,1,-1,1,1,-1,-1,-1,1,1,1,1,-1,-1,1,1,-1,-1,1,-1,1,-1,1,1,-1,1,-1,1,-1,1,-1,1,1,-1,-1,-1,1,1,-1,1,-1,1,1,1,-1,1,1,-1,1,-1,1,-1,1,-1,1,-1,1,1,-1,1,-1,-1,-1,1,1,-1,1,-1,-1,-1,1,1,-1,-1,1,1,-1,-1,1,1,-1,1,1,-1,1,1,1,1,-1,1,-1,1,1,-1,1,-1,1,1,-1,1,1,1,1,1,-1,-1,1,-1,-1,-1,1,1,-1,1,1,1,-1,1,-1,-1,1,1,1,1,1,-1,1,1,1,-1,1,1,-1,1,1,1,-1,1,1,-1,-1,1,1,1,-1,1,-1,1,1,1,-1,1,1,-1,1,1,1,-1,1,-1,-1,1,1,1,-1,1,-1,-1,-1,1,1,-1,1,-1,-1,1,-1,1,-1,1,1,-1,-1,1,1,1,-1,1,-1,-1,1,1,-1,1,-1,1,-1,-1,-1,-1,1,1,-1,-1,1,1,-1,1,1,-1,-1,1,1,1,1,1,-1,1,1,1,-1,1,-1,-1,-1,-1,1,1,-1,1,-1,-1,1,-1,1,-1,-1,-1,-1,-1,-1,1,-1,-1,-1,1,-1,1,1,-1,1,1,1,1,-1,1,-1,1,-1,-1,1,-1,1,-1,1,1,-1,1,-1,-1,1,1,-1,-1,1,-1,1,1,1,-1,-1,1,-1,1,-1,1,-1,1,1,-1,1,-1,-1,-1,1,1,-1,1,-1,-1,-1,1,-1,1,1,-1,-1,-1,1,-1,-1,1,-1,-1,-1,1,-1,1,-1,1,-1,-1,1,-1,-1,1,-1,-1,-1,1,1,-1,1,-1,-1,-1,1,1,-1,1,-1,1,-1,1,-1,-1,1,-1,-1,1,-1,1,-1,-1,1,-1,1,-1,1,-1,-1,1,-1,-1,1,1,1,-1,1,-1,1,-1,-1,1,1,-1,-1,-1,1,-1,-1,-1,1,1,-1,1,-1,1,-1,1,-1,1,1,-1,1,1,1,-1,-1,1,-1,1,-1,1,1,-1,1,-1,-1,1,1,-1,-1,1,-1,-1,-1,1,-1,-1,1,-1,1,1,1,1,-1,1,-1,-1,1,1,-1,-1,1,-1,-1,-1,1,1,-1,-1,1,1,-1,-1,-1,-1,1,1,1,-1,1,1,-1,-1,1,1,-1,1,-1,-1,1,1,1,1,-1,1,-1,1,-1,1,1,1,1,-1,-1,1,1,1,-1,-1,-1,-1,1,1,1,1,-1,-1,-1,1,1,1,-1,-1,-1,-1,1,1,1,1,-1,-1,-1,1,1,1,1,-1,-1,1,1,1,1,1,-1,-1,-1,1,1,-1,1,-1,-1,-1,1,1,1,1,-1,-1,1,1,1,1,1,-1,1,1,-1,1,1,-1,-1,-1,1,1,1,1,1,-1,1,1,1,1,1,1,-1,-1,1,-1,1,-1,1,-1,-1,1,-1,1,-1,-1,-1,-1,1,-1,1,1,-1,-1,-1,1,1,1,-1,1,-1,-1,1,-1,1,-1,-1,-1,-1,1,1,-1,-1,-1,-1,-1,1,-1,1,-1,-1,-1,-1,-1,-1,-1,1,-1,-1,-1,1,-1,-1,1,-1,-1,-1,-1,-1,1,1,-1,-1,-1,-1,-1,1,-1,-1,-1,1,-1,-1,1,-1,1,-1,-1,-1,-1,-1,-1,-1,1,-1,-1,-1,1,1,1,-1,-1,-1,1,-1,-1,-1,-1,1,-1,-1,1,-1,1,-1,-1,-1,-1,1,-1,1,1,-1,1,-1,-1,1,1,-1,-1,-1,-1,-1,-1,1,1,-1,-1,1,-1,1,1,-1,-1,-1,1,-1,1,1,-1,-1,1,-1,-1,1,1,1,-1,1,-1,1,1,1,-1,-1,1,-1,-1,1,-1,1,-1,1,-1,-1,1,1,-1,1,1,-1,-1,1,1,1,1,1,-1,-1,1,1,1,1,1,-1,-1,1,1,1,1,1,1,-1,1,1,1,1,1,-1,-1,1,-1,1,1,1,1,-1,-1,1,-1,1,1,1,-1,1,1,1,1,-1,1,-1,1,1,1,1,1,1,1,-1,-1,1,1,1,-1,1,-1,1,1,1,1,1,-1,1,1,1,1,-1,1,1,-1,1,1,-1,1,1,-1,-1,1,1,1,1,-1,1,-1,1,1,1,-1,-1,1,-1,1,1,1,-1,1,-1,-1,-1,1,1,-1,-1,1,-1,-1,1,1,-1,-1,1,-1,1,-1,1,1,-1,1,-1,-1,1,1,-1,-1,-1,1,1,-1,1,-1,1,1,-1,1,1,-1,-1,1,1,-1,-1,1,1,-1,1,1,1,1,1,-1,-1,-1,-1,-1,-1,-1,-1,-1,-1,1,1,1,1,-1,1,1,-1,1,1,1,1,-1,1,-1,1,1,1,1,-1,1,-1,1,1,1,1,-1,1,-1,1,1,1,1,-1,1,-1,1,1,1,-1,-1,1,-1,1,1,1,-1,-1,-1,1,-1,1,1,1,-1,1,-1,1,1,-2676.0,1,2000,445,1500,False
87,-1,-1,1,1,1,1,-1,1,-1,-1,-1,1,-1,1,-1,-1,1,-1,1,1,-1,-1,-1,-1,-1,1,-1,-1,-1,-1,-1,-1,1,1,-1,-1,1,-1,-1,-1,1,-1,-1,-1,-1,-1,1,-1,1,1,-1,-1,1,-1,1,-1,-1,1,-1,-1,-1,1,1,1,-1,-1,-1,-1,-1,-1,-1,1,-1,-1,-1,-1,-1,-1,1,-1,-1,1,1,-1,1,-1,-1,-1,-1,1,1,-1,-1,-1,-1,-1,-1,1,1,1,-1,-1,-1,-1,-1,1,-1,-1,-1,-1,-1,1,1,1,-1,-1,-1,-1,1,1,-1,-1,-1,-1,-1,1,1,-1,1,-1,-1,-1,-1,1,-1,1,-1,-1,-1,-1,1,-1,1,-1,-1,-1,1,1,1,-1,-1,-1,-1,-1,-1,1,-1,1,-1,-1,-1,1,1,1,-1,-1,1,-1,-1,1,-1,-1,-1,-1,-1,1,-1,1,-1,-1,-1,1,-1,1,-1,-1,-1,-1,-1,1,1,1,-1,-1,-1,-1,-1,1,1,-1,-1,1,-1,-1,1,1,-1,-1,-1,-1,-1,1,1,-1,-1,-1,-1,-1,1,1,-1,1,-1,-1,-1,-1,1,1,-1,-1,-1,-1,1,1,-1,1,-1,-1,-1,1,1,-1,1,1,-1,-1,-1,1,-1,-1,1,-1,-1,1,-1,1,1,-1,-1,-1,1,1,-1,1,-1,-1,1,-1,-1,-1,1,-1,1,-1,1,-1,-1,1,-1,1,-1,-1,1,-1,1,-1,-1,1,-1,1,-1,1,1,-1,1,-1,-1,-1,-1,1,1,1,-1,-1,-1,1,1,-1,1,1,-1,-1,-1,1,1,1,-1,-1,-1,1,1,1,1,1,-1,-1,1,-1,1,1,-1,-1,-1,1,-1,1,1,-1,-1,-1,1,1,-1,1,-1,-1,1,-1,-1,1,1,-1,1,1,1,1,-1,1,-1,1,1,1,-1,1,1,-1,-1,1,1,-1,1,-1,-1,-1,1,1,-1,1,-1,-1,1,-1,1,1,1,-1,-1,1,-1,1,-1,1,1,-1,1,-1,1,-1,-1,1,-1,-1,1,1,-1,1,-1,-1,1,1,-1,-1,1,1,-1,1,-1,1,-1,1,-1,1,1,-1,1,-1,1,-1,1,1,-1,-1,1,1,-1,-1,1,-1,1,1,1,1,-1,1,1,-1,-1,1,-1,-1,1,-1,-1,1,-1,1,-1,-1,1,-1,-1,1,-1,-1,-1,1,-1,1,-1,1,-1,1,1,-1,-1,-1,-1,-1,-1,1,-1,-1,1,1,-1,-1,1,-1,1,-1,-1,1,-1,1,-1,-1,1,1,-1,-1,-1,-1,-1,-1,-1,1,-1,1,-1,-1,1,1,-1,-1,-1,1,-1,1,1,-1,-1,-1,-1,-1,-1,-1,-1,-1,-1,1,-1,1,1,-1,1,-1,-1,1,-1,-1,1,-1,-1,-1,1,-1,1,-1,1,-1,-1,-1,-1,1,-1,1,-1,-1,1,-1,1,1,1,-1,-1,-1,1,1,-1,1,-1,1,-1,1,1,1,-1,1,1,-1,1,1,1,1,1,-1,1,-1,-1,-1,1,-1,-1,1,1,1,-1,1,-1,1,-1,-1,-1,1,1,-1,1,1,-1,1,-1,1,-1,1,1,-1,1,-1,1,-1,-1,-1,-1,1,-1,1,-1,-1,-1,-1,1,-1,1,-1,1,1,1,1,-1,1,-1,1,1,-1,1,-1,1,-1,-1,1,-1,1,-1,-1,1,1,1,1,1,-1,1,1,1,1,-1,1,-1,-1,1,-1,1,-1,-1,-1,1,1,1,1,-1,-1,-1,1,-1,1,-1,1,1,-1,-1,1,1,1,-1,1,-1,-1,1,1,1,1,1,1,-1,1,1,1,1,-1,1,-1,1,-1,1,-1,1,1,-1,1,1,1,1,1,1,-1,1,-1,1,1,1,1,-1,1,1,-1,1,1,1,-1,1,1,1,1,1,1,-1,1,1,-1,-1,1,-1,-1,1,1,1,-1,1,-1,-1,1,-1,1,1,1,-1,-1,1,-1,1,-1,1,1,-1,1,-1,1,-1,1,-1,-1,1,-1,1,-1,1,1,-1,1,-1,1,-1,1,1,-1,1,-1,1,-1,1,1,-1,1,1,1,1,1,-1,1,1,-1,1,1,1,1,-1,1,-1,1,-1,1,1,-1,1,1,-1,1,1,1,-1,1,1,-1,1,1,1,1,1,-1,-1,1,1,1,1,1,-1,1,-1,1,1,1,1,1,-1,1,1,1,1,1,1,-1,1,1,1,1,1,1,1,1,1,1,1,1,1,-1,1,1,1,1,1,-1,1,1,1,1,1,1,1,-1,1,1,1,1,1,-1,1,1,1,1,1,1,-1,-1,1,-1,1,1,1,-1,1,1,1,1,1,-1,-1,1,1,1,1,1,1,-1,1,1,-1,1,1,-1,1,1,1,1,1,1,-1,-1,1,1,1,1,-1,1,-1,1,1,1,1,-1,-1,-1,1,1,1,1,-1,1,-1,1,1,1,1,1,-1,-1,1,1,-1,1,1,-1,-1,1,1,1,1,-1,-1,-1,1,-1,-1,1,1,-1,1,1,1,-1,1,1,-1,-1,1,1,-1,1,1,-1,1,1,1,-1,1,1,-1,1,-1,1,1,1,1,-1,1,-1,1,1,1,-1,-1,1,1,1,1,1,1,1,-1,1,1,1,-1,1,1,1,1,-1,-1,1,-1,1,1,1,1,-1,1,1,-1,1,-1,1,-1,1,1,1,-1,-1,-1,1,1,1,-1,1,1,-1,-1,1,-1,1,1,1,-1,-1,1,1,1,-1,-1,1,1,1,1,1,-1,-1,1,1,1,1,-1,1,1,1,1,1,1,-1,1,1,-1,-1,1,1,-1,-1,1,1,-1,1,1,1,-1,-1,-1,1,1,1,-1,-1,1,1,1,-1,1,-1,-1,-1,1,1,1,1,-1,-1,1,1,1,1,1,1,-1,1,1,1,1,1,1,-1,1,1,1,1,1,-1,-1,1,-1,1,1,1,1,-1,-1,1,1,-1,1,-1,1,-1,1,1,-1,1,1,-1,-1,1,-2676.0,1,2000,445,500,True
88,1,1,-1,-1,1,-1,-1,-1,1,1,1,-1,1,1,1,1,-1,1,-1,-1,-1,-1,1,1,1,-1,-1,-1,1,1,1,1,-1,-1,-1,-1,1,-1,1,1,-1,-1,-1,1,1,1,1,-1,1,1,1,1,-1,1,-1,-1,1,-1,1,1,1,-1,-1,-1,1,1,1,1,-1,-1,-1,1,1,1,1,-1,-1,-1,1,1,1,-1,-1,-1,1,1,1,1,-1,-1,1,1,1,1,1,-1,-1,-1,1,-1,1,1,-1,-1,1,1,1,1,1,-1,-1,-1,1,-1,1,1,-1,-1,1,1,1,1,1,1,-1,-1,1,1,-1,1,1,-1,1,1,1,1,1,1,-1,1,1,1,1,1,1,-1,1,1,1,1,1,1,-1,-1,-1,1,1,1,1,-1,1,1,1,1,-1,1,-1,1,-1,1,1,1,-1,-1,1,1,1,1,1,-1,1,-1,-1,1,-1,1,-1,1,1,1,1,1,1,1,1,1,-1,1,-1,1,-1,1,1,-1,1,-1,1,1,-1,1,-1,1,-1,1,-1,1,1,-1,-1,-1,1,1,1,1,-1,-1,1,1,-1,-1,1,-1,1,-1,1,1,-1,1,-1,1,-1,1,-1,1,1,-1,-1,-1,1,1,-1,1,-1,1,1,1,-1,1,1,-1,-1,-1,1,-1,1,-1,1,-1,1,1,-1,1,-1,-1,-1,1,1,-1,1,-1,-1,-1,1,1,-1,-1,1,1,-1,-1,1,1,-1,1,1,-1,1,1,1,1,-1,1,-1,1,1,-1,1,-1,1,1,-1,1,1,1,1,1,-1,-1,1,-1,-1,1,1,1,-1,1,1,1,-1,1,-1,-1,1,1,1,1,1,-1,1,1,1,-1,1,1,-1,1,1,1,-1,1,1,-1,-1,1,1,1,-1,1,-1,1,1,1,-1,1,1,-1,1,1,1,-1,1,-1,-1,1,1,1,-1,1,-1,-1,-1,1,1,-1,1,-1,-1,1,-1,1,-1,1,1,-1,-1,1,1,1,-1,1,-1,-1,1,1,-1,1,-1,1,-1,-1,-1,-1,1,1,-1,-1,1,1,-1,1,1,-1,-1,1,1,1,1,1,-1,1,1,1,-1,1,-1,-1,-1,-1,1,1,-1,1,-1,-1,1,-1,1,-1,-1,-1,-1,-1,-1,1,-1,-1,-1,1,-1,1,1,-1,1,-1,1,1,-1,1,-1,1,-1,-1,1,-1,1,-1,1,1,-1,1,-1,-1,1,1,-1,-1,1,-1,1,1,1,-1,-1,1,-1,1,-1,1,-1,1,1,-1,1,-1,-1,-1,1,1,-1,1,-1,-1,-1,1,-1,1,1,-1,-1,1,1,-1,-1,1,-1,-1,-1,1,-1,1,-1,1,-1,-1,1,-1,-1,1,-1,-1,-1,1,1,-1,1,-1,-1,-1,1,1,-1,1,-1,1,-1,1,-1,-1,1,-1,-1,1,-1,1,-1,-1,1,-1,1,-1,1,-1,-1,1,-1,-1,1,1,1,-1,1,-1,1,-1,-1,1,1,-1,-1,-1,1,-1,-1,-1,1,1,-1,1,-1,1,-1,1,-1,1,1,-1,1,1,1,-1,-1,1,-1,1,-1,1,1,-1,1,-1,-1,1,1,-1,-1,1,-1,-1,-1,1,-1,-1,1,-1,1,1,1,1,-1,1,-1,-1,1,1,-1,-1,1,-1,-1,-1,1,1,-1,-1,1,1,-1,1,-1,-1,1,1,1,1,1,1,-1,-1,1,1,-1,1,-1,-1,1,1,1,1,-1,1,-1,1,-1,1,1,1,1,-1,-1,1,1,1,-1,-1,-1,1,1,1,1,1,-1,-1,-1,1,1,1,-1,-1,-1,-1,1,1,1,1,-1,-1,-1,1,1,1,1,-1,-1,1,1,1,1,1,-1,-1,-1,1,1,-1,1,-1,-1,-1,1,1,1,1,-1,-1,1,1,1,1,1,-1,1,1,-1,1,1,-1,-1,-1,1,1,1,-1,1,-1,1,1,1,1,1,1,-1,-1,1,-1,1,-1,1,-1,-1,1,-1,1,1,-1,-1,-1,1,-1,1,1,-1,1,-1,1,1,1,-1,1,1,-1,1,-1,1,-1,-1,-1,-1,1,1,-1,-1,-1,-1,-1,1,-1,1,-1,-1,-1,-1,-1,-1,-1,1,-1,-1,-1,1,-1,-1,1,-1,-1,-1,-1,-1,1,1,-1,-1,-1,-1,-1,1,-1,-1,-1,1,-1,-1,1,-1,1,-1,-1,-1,-1,-1,-1,-1,1,-1,-1,-1,1,1,-1,-1,-1,-1,1,-1,-1,-1,-1,1,-1,-1,1,-1,1,-1,-1,-1,-1,1,-1,1,1,-1,1,-1,-1,1,1,-1,-1,-1,-1,-1,-1,1,1,-1,-1,1,-1,1,1,-1,-1,-1,1,-1,-1,1,-1,-1,1,-1,-1,1,1,1,-1,1,-1,1,1,1,-1,-1,1,-1,-1,1,-1,1,-1,1,-1,-1,1,1,-1,1,1,-1,-1,1,1,-1,1,1,-1,-1,1,1,-1,1,1,-1,-1,1,1,1,1,1,1,-1,1,1,1,1,1,-1,-1,1,-1,1,1,1,1,-1,-1,1,-1,1,1,1,-1,1,1,1,1,-1,1,-1,1,1,1,1,1,1,1,-1,-1,1,1,1,-1,1,-1,1,1,1,1,1,-1,1,1,1,1,-1,1,1,-1,1,1,-1,1,1,-1,-1,1,1,1,1,-1,1,-1,1,1,1,-1,-1,1,-1,1,1,1,-1,1,-1,-1,-1,1,1,-1,-1,1,-1,-1,1,1,1,-1,1,-1,1,1,1,1,-1,1,-1,-1,1,1,-1,-1,-1,1,1,-1,1,-1,1,1,-1,1,1,-1,-1,1,1,-1,-1,1,1,-1,1,1,1,1,1,-1,-1,-1,-1,1,-1,-1,-1,-1,-1,1,1,1,1,-1,1,1,-1,1,1,1,1,-1,1,-1,1,1,1,-1,-1,1,-1,1,1,1,-1,-1,1,-1,1,1,1,-1,-1,1,-1,1,1,1,1,-1,1,-1,1,1,1,1,-1,-1,1,-1,1,-1,1,-1,1,-1,1,1,-2676.0,1,2000,445,1500,False
89,1,1,-1,-1,1,-1,-1,-1,1,1,1,-1,1,1,1,1,-1,1,-1,-1,-1,-1,1,1,1,-1,1,-1,1,1,1,1,-1,-1,-1,-1,1,1,1,1,-1,-1,-1,1,1,1,1,-1,1,1,1,1,-1,1,-1,-1,1,-1,1,1,1,-1,-1,-1,1,1,1,1,-1,-1,-1,1,1,1,1,-1,-1,-1,1,1,1,-1,-1,-1,1,1,1,1,-1,-1,-1,1,1,1,1,-1,-1,1,1,-1,1,1,-1,-1,1,1,1,1,1,-1,-1,-1,1,1,1,1,-1,-1,1,1,1,1,1,1,-1,-1,1,1,-1,1,1,-1,1,1,1,1,1,1,-1,1,1,1,1,1,1,-1,1,1,1,1,1,1,-1,-1,-1,1,1,1,1,-1,1,1,1,1,-1,1,-1,1,-1,1,1,1,-1,-1,1,1,1,1,1,-1,1,-1,-1,1,-1,1,-1,1,1,1,1,1,1,1,1,1,-1,1,-1,1,-1,1,1,-1,1,-1,1,1,-1,1,-1,1,-1,1,-1,1,1,-1,1,-1,1,1,1,1,-1,-1,1,1,-1,-1,1,-1,1,-1,-1,1,-1,1,-1,1,-1,1,-1,1,1,-1,1,-1,1,1,-1,1,-1,1,1,1,-1,1,-1,-1,1,-1,1,-1,1,1,1,-1,1,1,-1,1,-1,-1,-1,1,1,-1,1,-1,-1,-1,1,1,-1,-1,1,1,-1,-1,1,1,-1,1,1,-1,1,1,1,1,-1,1,-1,1,1,-1,1,-1,1,1,-1,1,1,1,1,1,-1,-1,1,-1,-1,1,1,1,-1,1,1,1,-1,1,-1,-1,1,1,1,1,1,-1,1,1,1,-1,1,1,-1,1,1,1,-1,1,1,-1,-1,1,1,1,-1,1,-1,1,1,1,-1,1,1,-1,1,1,1,-1,1,-1,-1,1,1,1,-1,1,-1,-1,-1,1,1,1,1,-1,-1,1,-1,1,-1,1,1,-1,-1,1,1,1,-1,1,-1,-1,1,1,-1,1,-1,1,-1,-1,-1,-1,1,1,1,-1,1,1,-1,1,1,-1,-1,1,1,-1,1,1,-1,1,1,1,1,1,-1,-1,-1,-1,1,-1,-1,1,-1,-1,1,-1,-1,1,-1,-1,-1,-1,-1,1,-1,-1,-1,1,-1,1,-1,1,1,1,1,1,-1,1,-1,1,-1,-1,1,-1,-1,-1,1,1,-1,1,-1,-1,1,1,-1,-1,1,-1,1,-1,1,-1,-1,1,-1,-1,1,1,-1,1,1,-1,-1,-1,-1,-1,1,1,-1,-1,1,-1,-1,1,-1,1,-1,1,-1,1,1,-1,-1,-1,-1,-1,-1,1,-1,1,-1,1,-1,-1,1,-1,-1,1,-1,-1,-1,1,1,-1,1,-1,-1,-1,1,1,-1,-1,-1,1,-1,1,-1,-1,1,-1,-1,1,-1,1,-1,-1,-1,-1,1,-1,1,-1,-1,1,-1,-1,1,1,1,-1,1,-1,1,-1,1,-1,1,-1,-1,-1,1,-1,-1,-1,1,1,-1,1,-1,1,-1,1,-1,1,1,-1,1,1,1,-1,-1,1,-1,1,-1,1,1,-1,1,-1,-1,1,1,-1,-1,1,-1,-1,-1,1,-1,-1,1,-1,1,1,1,1,-1,1,-1,-1,1,1,-1,-1,1,-1,-1,-1,1,1,-1,-1,1,1,-1,1,-1,-1,1,1,1,-1,1,1,-1,-1,1,1,-1,1,-1,-1,-1,1,1,1,-1,-1,-1,1,-1,1,1,1,1,-1,-1,1,1,1,-1,-1,-1,-1,1,1,1,1,-1,-1,-1,1,1,1,-1,-1,-1,-1,1,1,1,1,-1,-1,1,1,1,1,1,-1,-1,-1,1,1,1,1,-1,-1,-1,1,1,-1,1,-1,-1,-1,1,1,1,1,-1,-1,1,1,1,1,1,-1,1,1,-1,1,1,-1,-1,-1,1,1,1,-1,1,-1,1,1,1,1,1,1,-1,-1,1,-1,1,-1,1,-1,-1,1,-1,1,-1,-1,-1,-1,1,-1,1,1,-1,-1,-1,1,1,1,-1,1,-1,-1,1,-1,1,-1,-1,-1,-1,1,1,-1,-1,-1,-1,-1,1,-1,1,-1,-1,-1,-1,-1,-1,-1,1,-1,-1,-1,1,-1,-1,1,-1,-1,-1,-1,-1,-1,1,-1,-1,-1,-1,-1,1,-1,-1,-1,1,-1,-1,1,-1,1,-1,-1,-1,-1,-1,-1,-1,1,-1,-1,-1,1,1,1,-1,-1,1,-1,-1,-1,-1,-1,1,-1,-1,1,1,1,-1,-1,-1,-1,1,-1,1,1,-1,1,-1,-1,1,1,-1,-1,-1,-1,-1,-1,1,1,-1,-1,1,-1,1,1,-1,-1,-1,1,-1,-1,1,-1,-1,1,-1,-1,1,1,1,-1,1,-1,1,1,1,-1,-1,1,-1,-1,1,1,1,-1,1,-1,-1,1,1,-1,1,1,-1,-1,1,1,-1,1,1,-1,-1,1,1,-1,1,1,-1,-1,1,1,1,1,1,1,-1,1,1,1,-1,1,-1,-1,1,-1,1,1,1,1,-1,-1,1,-1,1,1,1,-1,1,1,1,1,-1,1,-1,1,1,1,1,1,1,1,-1,1,1,1,1,-1,1,-1,1,1,1,1,1,1,1,1,1,1,-1,1,-1,1,1,1,-1,1,1,1,1,1,1,1,1,-1,1,1,1,1,1,-1,-1,1,-1,1,1,1,-1,1,-1,1,1,1,1,-1,-1,1,1,-1,1,1,1,-1,1,1,-1,1,1,1,-1,1,-1,1,1,1,-1,-1,-1,-1,1,-1,1,-1,1,1,1,1,1,-1,-1,1,1,1,1,1,1,-1,1,-1,1,1,1,-1,-1,-1,-1,-1,-1,-1,-1,-1,1,-1,1,1,1,-1,1,1,-1,-1,1,1,1,-1,1,-1,1,1,1,-1,-1,1,-1,1,1,1,-1,1,1,-1,1,1,1,-1,-1,1,-1,1,-1,1,1,-1,1,-1,-1,1,1,-1,-1,1,-1,1,1,-1,1,-1,1,-1,-1,1,-2676.0,1,2000,445,0,False
90,1,1,-1,-1,1,1,-1,-1,1,1,1,-1,1,1,1,1,-1,1,-1,-1,1,-1,1,1,1,-1,-1,-1,1,1,1,1,-1,-1,-1,-1,1,1,1,1,-1,-1,-1,1,1,1,1,-1,1,1,1,1,-1,1,-1,-1,1,-1,1,1,1,-1,-1,-1,1,1,1,1,-1,-1,-1,1,1,1,1,-1,-1,-1,1,1,1,-1,-1,-1,1,1,1,1,-1,-1,-1,1,1,1,1,-1,-1,1,1,-1,1,1,-1,-1,1,1,1,1,1,-1,-1,1,1,-1,1,1,-1,-1,1,1,1,1,1,1,-1,-1,1,1,-1,1,1,-1,1,1,1,1,1,1,-1,-1,1,1,1,1,1,-1,1,1,1,1,1,1,-1,-1,-1,1,1,1,1,-1,1,1,1,1,-1,1,-1,1,-1,1,1,1,-1,-1,1,1,1,1,1,-1,1,-1,-1,1,-1,1,-1,1,1,1,1,1,1,1,1,1,-1,1,-1,1,-1,1,1,-1,1,-1,1,1,-1,1,-1,1,-1,1,-1,1,1,-1,1,-1,1,1,1,1,-1,-1,1,1,-1,-1,1,-1,1,-1,-1,1,-1,1,-1,1,-1,1,-1,1,1,-1,-1,-1,1,1,-1,1,-1,1,1,1,-1,1,1,-1,-1,-1,1,-1,1,-1,1,-1,1,1,-1,1,-1,-1,-1,1,1,-1,1,-1,-1,-1,1,1,-1,-1,1,1,-1,-1,1,1,-1,1,1,-1,1,1,1,1,-1,1,-1,1,1,-1,1,-1,1,1,-1,1,1,1,1,1,-1,-1,1,-1,-1,1,1,1,-1,1,1,1,-1,1,-1,-1,1,1,1,1,1,-1,1,1,1,-1,1,1,-1,1,1,1,-1,1,1,-1,-1,1,1,1,-1,1,-1,1,1,1,-1,1,1,-1,1,1,1,-1,1,-1,-1,1,1,1,-1,1,-1,-1,-1,1,1,-1,1,-1,-1,1,-1,1,-1,1,1,-1,-1,1,1,1,-1,1,-1,-1,1,1,-1,1,-1,1,-1,-1,-1,-1,1,1,-1,-1,1,1,-1,1,1,-1,-1,1,1,1,1,1,-1,1,1,1,-1,1,-1,-1,-1,-1,1,1,-1,1,-1,-1,1,-1,1,-1,-1,-1,-1,1,-1,1,-1,-1,-1,1,-1,1,1,-1,1,1,1,1,-1,1,-1,1,-1,-1,1,-1,1,-1,1,1,-1,1,-1,-1,1,1,-1,-1,1,-1,1,1,1,-1,-1,1,-1,1,-1,1,-1,1,1,1,-1,-1,-1,-1,1,1,-1,1,-1,-1,-1,1,-1,1,1,-1,-1,-1,1,-1,-1,1,-1,-1,-1,1,-1,1,-1,-1,-1,-1,1,-1,-1,1,-1,-1,-1,1,1,-1,1,-1,-1,-1,1,1,-1,-1,-1,1,-1,1,-1,-1,1,-1,-1,1,-1,1,-1,-1,1,-1,1,-1,1,-1,-1,1,-1,-1,1,1,1,-1,1,-1,1,-1,1,1,1,-1,-1,-1,1,-1,-1,-1,1,1,-1,1,-1,1,-1,1,-1,1,1,-1,1,1,1,-1,-1,1,-1,1,-1,1,1,-1,1,-1,-1,1,1,-1,-1,1,-1,-1,-1,1,-1,-1,1,-1,1,1,1,1,-1,1,-1,-1,1,1,-1,-1,1,-1,-1,-1,1,1,-1,-1,1,1,-1,-1,-1,-1,1,1,1,-1,1,1,-1,-1,1,1,-1,1,-1,-1,1,1,1,1,-1,1,-1,1,-1,1,1,1,1,-1,-1,1,1,1,-1,-1,-1,1,1,1,1,1,-1,-1,-1,1,1,1,-1,-1,-1,-1,1,1,1,1,-1,-1,1,1,1,1,1,-1,-1,-1,1,1,1,1,-1,-1,-1,1,1,-1,1,-1,-1,-1,1,1,1,1,-1,-1,1,1,1,1,1,-1,1,1,-1,1,1,-1,-1,-1,1,1,1,-1,1,-1,1,1,1,1,1,1,-1,-1,1,-1,1,-1,1,-1,-1,1,-1,1,-1,-1,-1,-1,1,-1,1,1,-1,-1,-1,1,1,1,-1,1,-1,-1,1,-1,1,-1,-1,-1,-1,1,1,-1,-1,-1,-1,-1,1,-1,1,-1,-1,-1,-1,-1,-1,-1,1,-1,-1,-1,1,-1,-1,1,-1,-1,-1,-1,-1,-1,1,-1,-1,-1,-1,-1,1,-1,-1,-1,1,-1,-1,1,-1,1,-1,-1,-1,-1,-1,-1,-1,1,-1,-1,-1,1,1,-1,-1,-1,1,-1,-1,-1,-1,-1,1,-1,-1,1,-1,1,-1,-1,-1,-1,1,1,1,1,-1,1,-1,-1,-1,1,-1,-1,-1,-1,-1,-1,1,1,-1,-1,1,-1,1,1,-1,-1,-1,1,-1,-1,1,-1,-1,1,-1,-1,1,1,1,-1,1,-1,1,1,1,-1,-1,1,-1,-1,1,1,1,-1,1,-1,-1,1,1,-1,1,1,-1,-1,1,1,1,1,1,-1,-1,1,1,-1,1,1,-1,-1,1,1,1,1,1,1,-1,1,1,1,1,1,-1,-1,1,-1,1,1,1,1,-1,-1,1,-1,1,1,1,-1,1,1,1,1,-1,1,-1,1,1,1,1,1,1,1,-1,1,1,1,1,-1,1,-1,1,1,1,1,1,-1,1,1,1,1,-1,1,1,-1,1,1,-1,1,1,-1,-1,1,1,1,1,-1,1,-1,1,1,1,-1,-1,1,-1,1,1,1,-1,1,-1,-1,-1,1,1,-1,-1,1,-1,-1,1,1,-1,-1,1,-1,1,1,1,1,-1,1,-1,-1,1,1,-1,-1,-1,1,1,1,1,-1,1,1,-1,1,1,-1,-1,1,1,-1,-1,1,1,-1,1,1,1,1,1,-1,-1,-1,-1,-1,-1,-1,-1,-1,-1,1,1,1,1,-1,1,1,-1,1,1,1,1,-1,1,-1,1,1,1,1,-1,1,-1,1,1,1,1,-1,1,-1,1,1,1,1,-1,1,-1,1,1,-1,-1,-1,1,-1,1,1,1,-1,-1,-1,1,-1,1,-1,1,-1,1,-1,1,1,-2676.0,1,2000,445,1500,False
91,1,1,-1,-1,1,1,-1,-1,1,1,1,-1,1,1,1,1,-1,1,1,-1,-1,-1,1,1,1,1,-1,-1,1,1,1,1,-1,-1,-1,-1,1,1,1,1,-1,-1,-1,1,1,1,1,-1,1,1,1,1,-1,1,-1,-1,1,-1,1,1,1,-1,-1,-1,1,1,1,1,-1,-1,-1,1,1,1,1,-1,-1,-1,1,1,1,-1,-1,-1,1,1,1,1,-1,-1,-1,1,1,1,1,-1,-1,1,1,-1,1,1,-1,-1,1,1,1,1,1,-1,-1,1,1,1,1,1,-1,-1,1,1,1,1,1,1,-1,-1,1,1,-1,1,1,-1,1,1,1,1,1,1,-1,-1,1,1,1,1,1,-1,1,1,1,1,1,1,-1,-1,-1,1,1,1,1,-1,1,1,1,1,-1,1,-1,1,-1,1,1,1,-1,-1,1,1,1,1,1,-1,1,-1,-1,1,-1,1,-1,1,1,1,1,1,1,1,1,1,-1,1,-1,1,-1,1,1,-1,1,-1,1,1,-1,1,-1,1,-1,1,-1,1,1,-1,1,-1,1,1,1,1,-1,-1,1,1,-1,-1,1,-1,1,-1,-1,1,-1,1,-1,1,-1,1,-1,-1,1,-1,-1,-1,1,1,-1,1,-1,1,1,1,-1,1,1,-1,-1,-1,1,-1,1,-1,1,-1,1,1,-1,1,-1,-1,-1,1,1,-1,1,-1,-1,-1,1,1,-1,-1,1,1,-1,-1,1,1,-1,1,1,-1,1,1,1,1,-1,1,-1,1,1,-1,1,-1,1,1,-1,1,1,1,1,1,-1,-1,1,-1,-1,-1,1,1,-1,1,1,1,-1,1,-1,-1,1,1,1,1,1,-1,1,1,1,-1,1,1,-1,1,1,1,-1,1,1,-1,-1,1,1,1,-1,1,-1,1,1,1,-1,1,1,-1,1,1,1,-1,1,-1,-1,1,1,1,-1,1,-1,-1,-1,1,1,-1,1,-1,-1,1,-1,1,-1,1,1,-1,-1,1,1,1,-1,1,-1,-1,1,1,-1,1,-1,1,-1,-1,-1,-1,1,1,-1,-1,1,1,-1,1,1,-1,-1,1,1,1,1,1,-1,1,1,1,-1,1,-1,-1,-1,-1,1,1,-1,1,-1,-1,1,-1,1,-1,-1,-1,-1,1,-1,1,-1,-1,-1,1,-1,1,1,-1,1,-1,1,1,-1,1,-1,1,-1,-1,1,-1,1,-1,1,1,-1,1,-1,-1,1,1,-1,-1,1,-1,1,1,1,-1,-1,1,-1,1,-1,1,-1,1,1,1,-1,-1,-1,-1,1,1,-1,1,-1,-1,-1,1,-1,1,1,-1,-1,1,1,-1,-1,1,-1,-1,-1,1,-1,1,-1,-1,-1,-1,1,-1,-1,1,-1,-1,-1,1,1,-1,1,-1,-1,-1,1,1,-1,-1,-1,1,-1,1,-1,-1,1,-1,-1,1,-1,1,-1,-1,1,-1,1,-1,1,1,-1,1,-1,-1,1,1,1,-1,1,-1,1,-1,-1,-1,1,-1,-1,-1,1,-1,-1,-1,1,1,-1,1,-1,1,-1,1,-1,1,1,-1,1,1,1,-1,-1,1,-1,1,-1,1,1,-1,1,-1,-1,1,1,-1,-1,1,-1,-1,-1,1,-1,-1,1,-1,1,1,1,1,-1,1,-1,-1,1,1,-1,-1,1,-1,-1,-1,1,1,-1,-1,1,1,-1,1,-1,-1,1,1,1,1,1,1,-1,-1,1,1,-1,1,-1,-1,1,1,1,1,-1,-1,-1,1,-1,1,1,1,-1,-1,-1,1,1,1,-1,-1,-1,1,1,1,1,1,-1,-1,-1,1,1,1,-1,-1,-1,-1,1,1,1,1,-1,-1,1,1,1,1,1,-1,-1,-1,1,1,1,1,-1,-1,-1,1,1,-1,1,-1,-1,-1,1,1,1,1,-1,-1,1,1,1,1,1,-1,1,1,-1,1,1,-1,-1,-1,1,1,1,-1,1,-1,1,1,1,1,1,1,-1,-1,1,-1,1,-1,1,-1,-1,1,-1,1,-1,-1,-1,-1,1,-1,1,1,-1,-1,-1,1,1,1,-1,1,-1,-1,1,-1,1,-1,-1,-1,-1,1,1,-1,-1,-1,-1,-1,1,-1,1,-1,-1,-1,-1,-1,-1,-1,1,-1,-1,-1,1,-1,-1,1,-1,-1,-1,-1,-1,1,1,-1,-1,-1,-1,-1,1,-1,-1,-1,1,-1,-1,1,-1,1,-1,-1,-1,-1,-1,-1,-1,1,-1,-1,-1,-1,1,1,-1,-1,1,-1,-1,-1,-1,-1,1,-1,-1,1,-1,1,-1,-1,-1,-1,1,1,1,1,-1,1,-1,-1,-1,1,-1,-1,-1,-1,-1,-1,1,1,-1,-1,1,-1,1,1,-1,-1,-1,1,-1,1,1,-1,-1,1,-1,-1,1,1,1,-1,1,-1,1,1,1,-1,-1,1,-1,-1,1,1,1,-1,1,-1,-1,1,1,-1,1,1,-1,-1,1,1,-1,1,1,-1,-1,1,1,-1,1,1,-1,-1,1,1,1,1,-1,1,-1,1,1,-1,1,1,-1,-1,1,-1,1,1,1,1,-1,-1,1,-1,1,1,1,-1,1,1,1,1,-1,1,-1,1,1,1,1,1,1,1,-1,1,1,1,1,-1,1,-1,1,1,1,1,1,-1,1,1,1,1,-1,1,1,-1,1,1,-1,1,1,-1,-1,1,1,1,1,-1,1,-1,1,1,1,-1,-1,1,-1,1,1,1,-1,1,-1,-1,-1,1,1,-1,-1,1,-1,-1,1,1,-1,-1,1,-1,1,1,1,1,-1,1,-1,-1,1,1,-1,-1,-1,1,1,1,1,-1,1,1,-1,1,1,-1,-1,1,1,-1,-1,1,1,-1,1,1,1,1,1,-1,-1,-1,-1,1,-1,-1,-1,-1,-1,1,1,1,1,-1,1,1,-1,1,1,1,1,-1,1,-1,1,1,1,1,-1,1,-1,1,1,1,1,-1,1,-1,1,1,1,1,-1,1,-1,1,1,1,-1,-1,1,-1,1,1,1,-1,-1,-1,1,-1,1,-1,1,-1,1,-1,1,1,-2676.0,1,2000,445,1500,False
92,1,1,-1,-1,1,-1,-1,-1,1,1,1,-1,1,1,1,1,-1,1,-1,-1,-1,-1,1,1,1,-1,-1,-1,1,1,1,1,1,-1,-1,-1,1,-1,1,1,-1,-1,-1,1,1,1,1,-1,1,1,1,1,-1,1,-1,-1,1,-1,1,1,1,-1,-1,-1,1,1,1,1,-1,-1,-1,1,1,1,1,-1,-1,-1,1,1,1,-1,-1,-1,1,1,1,1,-1,-1,1,1,1,1,1,-1,-1,-1,1,-1,1,1,-1,-1,1,1,1,1,1,-1,-1,-1,1,1,1,1,-1,-1,1,1,1,1,1,1,-1,-1,1,1,-1,1,1,-1,1,1,1,1,1,1,-1,1,1,1,1,1,1,-1,1,1,1,1,1,1,-1,-1,-1,1,1,1,1,-1,1,1,1,1,-1,1,-1,1,-1,1,1,1,-1,-1,1,1,1,1,1,-1,1,-1,-1,1,-1,1,-1,1,1,1,1,1,1,1,1,1,-1,1,-1,1,-1,1,1,-1,1,-1,1,1,-1,1,-1,1,-1,1,-1,1,1,-1,1,-1,1,1,1,1,-1,-1,1,1,-1,-1,1,-1,1,-1,1,1,-1,1,-1,1,-1,1,-1,1,1,-1,-1,-1,1,1,-1,1,-1,1,1,1,-1,1,1,-1,1,-1,1,-1,1,-1,1,-1,1,1,-1,1,-1,-1,-1,1,1,-1,1,-1,-1,-1,1,1,-1,-1,1,1,-1,-1,1,1,-1,1,1,-1,1,1,1,1,-1,1,-1,1,1,-1,1,-1,1,1,-1,1,1,1,1,1,-1,-1,1,-1,-1,-1,1,1,-1,1,1,1,-1,1,-1,-1,1,1,1,1,1,-1,1,1,1,-1,1,1,-1,1,1,1,-1,1,1,-1,-1,1,1,1,-1,1,-1,1,1,1,-1,1,1,-1,1,1,1,-1,1,-1,-1,1,1,1,-1,1,-1,-1,-1,1,1,-1,1,-1,-1,1,-1,1,-1,1,1,-1,-1,1,1,1,-1,1,-1,-1,1,1,-1,1,-1,1,-1,-1,-1,-1,1,1,-1,-1,1,1,-1,1,1,-1,-1,1,1,1,1,1,-1,1,1,1,-1,1,-1,-1,-1,-1,1,1,-1,1,-1,-1,1,-1,1,-1,-1,-1,-1,-1,-1,1,-1,-1,-1,1,-1,1,1,-1,1,-1,1,1,-1,1,-1,1,-1,-1,1,-1,1,-1,1,1,-1,1,-1,-1,1,1,-1,-1,1,-1,1,1,1,-1,-1,1,-1,1,-1,1,-1,1,1,-1,1,-1,-1,-1,1,1,-1,1,-1,-1,-1,1,-1,1,1,-1,-1,1,1,-1,-1,1,-1,-1,-1,1,-1,1,-1,1,-1,-1,1,-1,-1,1,-1,-1,-1,1,1,-1,1,-1,-1,-1,1,1,-1,1,-1,1,-1,1,-1,-1,1,-1,-1,1,-1,1,-1,-1,1,-1,1,-1,1,1,-1,1,-1,-1,1,1,1,-1,1,-1,1,-1,-1,-1,1,-1,-1,-1,1,-1,-1,-1,1,1,-1,1,-1,1,-1,1,-1,1,1,-1,1,1,1,-1,-1,1,-1,1,-1,1,1,-1,1,-1,-1,1,1,-1,-1,1,-1,-1,-1,1,-1,-1,1,-1,1,1,1,1,-1,1,-1,-1,1,1,-1,-1,1,-1,-1,-1,1,1,-1,-1,1,1,-1,-1,-1,-1,1,1,1,1,1,1,-1,-1,1,1,-1,1,-1,-1,1,1,1,1,-1,-1,-1,1,-1,1,1,1,-1,-1,-1,1,1,1,-1,-1,-1,-1,1,1,1,1,-1,-1,-1,1,1,1,-1,-1,-1,-1,1,1,1,1,-1,-1,1,1,1,1,1,-1,-1,-1,1,1,1,1,-1,-1,-1,1,1,-1,1,-1,-1,-1,1,1,1,1,-1,-1,1,1,1,1,1,-1,1,1,-1,1,1,-1,-1,-1,1,1,1,-1,1,-1,1,1,1,1,1,1,-1,-1,1,-1,1,-1,1,-1,-1,1,-1,1,-1,-1,-1,-1,1,-1,1,1,-1,1,-1,1,1,1,-1,1,1,-1,1,-1,1,-1,-1,-1,-1,1,1,-1,-1,-1,-1,-1,1,-1,1,-1,-1,-1,-1,-1,-1,-1,1,-1,-1,-1,1,-1,-1,1,-1,-1,-1,-1,-1,1,1,-1,-1,-1,-1,-1,1,-1,-1,-1,1,-1,-1,1,-1,1,-1,-1,-1,-1,-1,-1,-1,1,-1,-1,-1,1,1,1,-1,-1,-1,1,-1,-1,-1,-1,1,-1,-1,1,-1,1,-1,-1,-1,-1,1,-1,1,1,-1,1,-1,-1,1,1,-1,-1,-1,-1,-1,-1,1,1,-1,-1,1,-1,1,1,-1,-1,-1,1,-1,-1,1,-1,-1,1,-1,-1,1,1,1,-1,1,-1,1,1,1,-1,-1,1,-1,-1,1,1,1,-1,1,-1,-1,1,1,-1,1,1,-1,-1,1,1,-1,1,1,-1,-1,1,1,1,1,1,-1,-1,1,1,1,1,1,1,-1,1,1,1,-1,1,-1,-1,1,-1,1,1,1,1,-1,-1,1,-1,1,1,1,-1,1,1,1,1,-1,1,-1,1,1,1,1,1,1,1,-1,-1,1,1,1,-1,1,-1,1,1,1,1,1,-1,1,1,1,1,-1,1,1,-1,1,1,-1,1,1,-1,-1,1,1,1,1,-1,1,-1,1,1,1,-1,-1,1,-1,1,1,1,-1,1,-1,-1,-1,1,1,-1,-1,1,-1,-1,1,1,-1,-1,1,-1,1,1,1,1,-1,1,-1,-1,1,1,-1,-1,-1,1,1,-1,1,-1,1,1,-1,1,1,-1,-1,1,1,-1,-1,1,1,-1,1,1,1,1,1,-1,-1,-1,-1,1,-1,-1,-1,-1,-1,1,1,1,1,-1,1,1,-1,1,1,1,1,-1,1,-1,1,1,1,-1,-1,1,-1,1,1,1,-1,-1,1,-1,1,1,1,-1,-1,1,-1,1,1,1,1,-1,1,-1,1,1,1,1,-1,-1,1,-1,1,-1,1,-1,1,-1,1,1,-2676.0,1,2000,445,1000,False
93,1,1,-1,-1,1,1,-1,-1,1,1,1,-1,-1,1,1,1,-1,1,-1,-1,-1,-1,1,1,1,-1,-1,-1,1,1,1,1,1,-1,-1,-1,1,-1,1,1,-1,-1,-1,1,1,1,1,-1,1,1,1,1,-1,1,-1,-1,1,-1,1,1,-1,-1,-1,-1,1,1,1,1,-1,-1,-1,1,1,1,1,-1,-1,-1,1,1,1,-1,-1,-1,1,1,1,1,-1,-1,-1,1,1,1,1,-1,-1,1,1,-1,1,1,-1,-1,1,1,1,1,1,-1,-1,1,1,1,1,1,-1,-1,1,1,1,1,1,1,-1,-1,1,1,-1,1,1,-1,1,1,1,1,1,1,-1,-1,1,1,1,1,1,-1,1,1,1,1,1,1,-1,-1,-1,1,1,1,1,-1,1,1,1,1,-1,1,-1,1,-1,1,1,1,-1,-1,1,1,1,1,1,-1,1,-1,-1,1,-1,1,-1,1,1,1,1,1,1,1,1,1,1,1,-1,1,-1,1,1,-1,1,-1,1,1,-1,1,-1,1,-1,1,-1,1,1,-1,1,-1,1,1,1,1,-1,-1,1,1,-1,-1,1,-1,1,-1,-1,1,-1,1,-1,1,-1,1,-1,-1,1,-1,-1,-1,1,1,-1,1,-1,1,1,1,-1,1,1,-1,1,-1,1,-1,1,-1,1,-1,1,1,-1,1,-1,-1,-1,1,1,-1,1,-1,-1,-1,1,1,-1,-1,1,1,-1,-1,1,1,-1,1,1,-1,1,1,1,1,-1,1,-1,1,1,-1,1,-1,1,1,-1,1,1,1,1,1,-1,-1,1,-1,-1,-1,1,1,-1,1,1,1,-1,1,-1,-1,1,1,1,1,1,-1,1,1,1,-1,1,1,-1,1,1,1,-1,1,1,-1,-1,1,1,1,-1,1,-1,1,1,1,-1,1,1,-1,1,1,1,-1,1,-1,-1,1,1,1,-1,1,-1,-1,-1,1,1,-1,1,-1,-1,1,-1,1,-1,1,1,-1,-1,1,1,1,-1,1,-1,-1,1,1,-1,1,-1,1,-1,-1,-1,-1,1,1,-1,-1,1,1,-1,1,1,-1,-1,1,1,1,1,1,-1,1,1,1,-1,1,-1,-1,-1,-1,1,1,-1,1,-1,-1,1,-1,1,-1,-1,-1,-1,-1,-1,1,-1,-1,-1,1,-1,1,1,-1,1,-1,1,1,-1,1,-1,1,-1,-1,1,-1,1,-1,1,1,-1,1,-1,-1,1,1,-1,-1,1,-1,1,1,1,-1,-1,1,-1,1,-1,1,-1,1,1,-1,1,-1,-1,-1,1,1,-1,1,-1,-1,-1,1,-1,1,1,-1,-1,1,1,-1,-1,1,-1,-1,-1,1,-1,1,-1,-1,-1,-1,1,-1,-1,1,-1,-1,-1,1,1,-1,1,-1,-1,-1,1,1,-1,1,-1,1,-1,1,-1,-1,1,-1,-1,1,-1,1,-1,-1,1,-1,1,-1,1,-1,-1,1,-1,-1,1,1,1,-1,1,-1,1,-1,-1,1,1,-1,-1,-1,1,-1,-1,-1,1,1,-1,1,-1,1,-1,1,-1,1,1,-1,1,1,1,-1,-1,1,-1,1,-1,1,1,-1,1,-1,-1,1,1,-1,-1,1,-1,-1,-1,1,-1,-1,1,-1,1,1,1,1,-1,1,-1,-1,1,1,-1,-1,1,-1,-1,-1,1,1,-1,-1,1,1,-1,-1,-1,-1,1,1,1,1,1,1,-1,-1,1,1,-1,1,-1,-1,1,1,1,1,-1,-1,-1,1,-1,1,1,1,-1,-1,-1,1,1,1,-1,-1,-1,-1,1,1,1,1,-1,-1,-1,1,1,1,-1,-1,-1,-1,1,1,1,1,-1,-1,1,1,1,1,1,-1,-1,-1,1,1,1,1,-1,-1,-1,1,1,-1,1,-1,-1,-1,1,1,1,1,-1,-1,1,1,1,1,1,-1,1,1,-1,1,1,-1,-1,-1,1,1,1,-1,1,-1,1,1,1,1,1,1,-1,-1,1,-1,1,-1,1,-1,-1,1,-1,1,-1,-1,-1,-1,1,-1,1,1,-1,1,-1,1,1,1,-1,1,1,-1,1,-1,1,-1,-1,-1,-1,1,1,-1,-1,-1,-1,-1,1,-1,1,-1,-1,-1,-1,-1,-1,-1,1,-1,-1,-1,1,-1,-1,1,-1,-1,-1,-1,-1,1,1,-1,-1,-1,-1,-1,1,-1,-1,-1,1,-1,-1,1,-1,1,-1,-1,-1,-1,-1,-1,-1,1,-1,-1,-1,1,1,1,-1,-1,1,-1,-1,-1,-1,-1,1,-1,-1,1,-1,1,-1,-1,-1,-1,1,-1,1,1,-1,1,-1,-1,1,1,-1,-1,-1,-1,-1,-1,1,1,-1,-1,1,-1,1,1,-1,-1,-1,1,-1,1,1,-1,-1,1,-1,-1,1,1,1,-1,1,-1,1,1,1,-1,-1,1,-1,-1,1,-1,1,-1,1,-1,-1,1,1,-1,1,1,-1,-1,1,1,1,1,1,-1,-1,1,1,1,1,1,-1,-1,1,1,1,1,-1,1,-1,1,1,1,1,1,-1,-1,1,-1,1,1,1,1,-1,-1,1,-1,1,1,1,-1,1,1,1,1,-1,1,-1,1,1,1,1,1,1,1,-1,-1,1,1,1,-1,1,-1,1,1,1,1,1,-1,1,1,1,1,-1,1,1,-1,1,1,-1,1,1,-1,-1,1,1,1,1,-1,1,-1,1,1,1,-1,-1,1,-1,1,1,1,-1,1,-1,-1,-1,1,1,-1,-1,1,-1,-1,1,1,-1,-1,1,-1,1,1,1,1,-1,-1,-1,-1,1,1,-1,-1,-1,1,1,1,1,-1,1,1,-1,1,1,-1,-1,1,1,-1,-1,1,1,-1,1,1,1,1,1,-1,-1,-1,-1,1,-1,-1,-1,-1,-1,1,1,1,1,-1,1,1,-1,1,1,1,1,-1,1,-1,1,1,1,1,-1,1,-1,1,1,1,1,-1,1,-1,1,1,1,1,-1,1,-1,1,1,1,-1,-1,1,-1,1,1,1,-1,-1,-1,1,-1,1,-1,1,-1,1,-1,1,1,-2676.0,1,2000,445,1000,False
94,1,1,-1,-1,1,1,-1,-1,1,1,1,-1,-1,1,1,1,-1,1,-1,-1,-1,-1,1,1,1,-1,-1,-1,1,1,1,1,-1,-1,-1,-1,1,-1,1,1,-1,-1,-1,1,1,1,1,-1,1,1,1,1,-1,1,-1,-1,1,-1,1,1,1,-1,-1,-1,1,1,1,1,-1,-1,-1,1,1,1,1,-1,-1,-1,1,1,1,-1,-1,-1,1,1,1,1,-1,-1,-1,1,1,1,1,-1,-1,1,1,-1,1,1,-1,-1,1,1,1,1,1,-1,-1,1,1,1,1,1,-1,-1,1,1,1,1,1,1,-1,-1,1,1,-1,1,1,-1,1,1,1,1,1,1,-1,-1,1,1,1,1,1,-1,1,1,1,1,1,1,-1,-1,-1,1,1,1,1,-1,1,1,1,1,-1,1,-1,1,-1,1,1,1,-1,-1,1,1,1,1,1,-1,1,-1,-1,1,-1,1,-1,1,1,1,1,1,1,1,1,1,-1,1,-1,1,-1,1,1,-1,1,-1,1,1,-1,1,-1,1,-1,1,-1,1,1,-1,-1,-1,1,1,1,1,-1,-1,1,1,-1,-1,1,-1,1,-1,-1,1,-1,1,-1,1,-1,1,-1,1,1,-1,-1,-1,1,1,-1,1,-1,1,1,1,-1,1,1,-1,-1,-1,1,-1,1,-1,1,-1,1,1,-1,1,-1,-1,-1,1,1,-1,1,-1,-1,-1,1,1,-1,-1,1,1,-1,-1,1,1,-1,1,1,-1,1,1,1,1,-1,1,-1,1,1,-1,1,-1,1,1,-1,1,1,1,1,1,-1,-1,1,-1,-1,1,1,1,-1,1,1,1,-1,1,-1,-1,1,1,1,1,1,-1,1,1,1,-1,1,1,-1,1,1,1,-1,1,1,-1,-1,1,1,1,-1,1,-1,1,1,1,-1,1,1,-1,1,1,1,-1,1,-1,-1,1,1,1,-1,1,-1,-1,-1,-1,1,-1,1,-1,-1,1,1,1,-1,1,1,-1,-1,-1,1,1,-1,1,-1,-1,1,1,-1,1,-1,1,-1,-1,1,1,1,1,-1,-1,1,-1,-1,1,1,-1,-1,-1,1,-1,1,1,-1,1,-1,1,1,1,-1,-1,-1,-1,1,-1,-1,1,-1,-1,1,-1,-1,1,-1,-1,-1,1,-1,1,-1,-1,-1,1,-1,1,-1,1,1,-1,1,1,-1,1,-1,1,-1,-1,1,-1,-1,-1,1,1,-1,1,-1,-1,1,1,-1,-1,1,-1,1,-1,1,-1,-1,1,-1,-1,1,1,-1,1,1,1,-1,-1,-1,-1,1,1,-1,-1,1,-1,-1,1,-1,1,-1,1,-1,-1,1,-1,-1,-1,-1,-1,-1,1,-1,1,-1,1,-1,-1,1,-1,-1,1,-1,-1,-1,1,1,-1,1,-1,-1,-1,1,1,-1,-1,-1,1,-1,1,-1,-1,1,-1,-1,1,1,1,-1,-1,-1,-1,1,-1,1,1,-1,1,-1,-1,1,1,1,-1,1,-1,1,-1,-1,1,1,-1,-1,-1,1,-1,-1,-1,1,1,-1,1,-1,1,-1,1,-1,1,1,-1,1,1,1,-1,-1,1,-1,1,-1,1,1,-1,1,-1,-1,1,1,-1,-1,1,-1,-1,-1,1,-1,-1,1,-1,1,1,1,1,-1,1,-1,-1,1,1,-1,-1,1,-1,-1,-1,1,1,-1,-1,1,1,-1,-1,-1,-1,1,1,1,1,1,1,-1,-1,1,1,-1,1,-1,-1,1,1,1,1,-1,-1,-1,1,-1,1,1,1,-1,-1,-1,1,1,1,-1,-1,-1,1,1,1,1,1,-1,-1,-1,1,1,1,-1,-1,-1,-1,1,1,1,1,-1,-1,-1,1,1,1,1,-1,-1,1,1,1,1,1,-1,-1,-1,1,1,-1,1,-1,-1,-1,1,1,1,1,-1,-1,1,1,1,1,1,-1,1,1,-1,1,1,-1,-1,-1,1,1,1,-1,1,-1,1,1,1,1,1,1,-1,-1,1,-1,1,-1,1,-1,-1,1,-1,1,-1,-1,-1,-1,1,-1,1,1,-1,1,-1,1,1,1,-1,1,1,-1,1,-1,1,-1,-1,-1,-1,1,1,-1,-1,-1,-1,-1,1,-1,1,-1,-1,-1,-1,-1,-1,-1,1,-1,-1,-1,1,-1,-1,1,-1,-1,-1,-1,-1,-1,1,-1,-1,-1,-1,-1,1,-1,-1,-1,1,-1,-1,1,-1,1,-1,-1,-1,-1,1,-1,-1,1,-1,-1,-1,-1,1,-1,-1,-1,1,-1,1,-1,-1,-1,1,-1,-1,-1,-1,1,-1,-1,-1,-1,-1,1,1,1,-1,1,-1,1,-1,1,-1,-1,-1,-1,-1,-1,1,1,-1,-1,1,-1,1,1,-1,-1,-1,1,-1,1,1,-1,-1,1,-1,-1,1,1,1,-1,1,-1,1,1,1,-1,-1,1,-1,-1,1,1,1,-1,1,-1,-1,1,1,-1,1,1,-1,-1,1,1,-1,1,1,-1,-1,1,1,-1,1,1,-1,-1,1,1,1,1,1,1,-1,1,1,1,1,1,-1,-1,1,-1,1,1,1,1,-1,-1,1,-1,1,1,1,-1,1,1,1,1,-1,1,-1,1,1,1,1,1,1,1,-1,1,1,1,1,-1,1,-1,1,1,1,1,1,-1,1,1,1,1,-1,1,-1,1,1,1,-1,1,1,1,1,1,1,1,1,-1,1,1,1,1,1,-1,-1,1,-1,1,1,1,-1,1,-1,1,1,1,1,-1,-1,1,1,-1,1,1,-1,-1,1,1,-1,1,1,1,-1,1,-1,1,1,1,-1,-1,-1,-1,1,1,1,-1,1,1,1,1,1,-1,-1,1,1,1,1,1,1,-1,1,-1,1,1,1,-1,-1,-1,-1,-1,-1,-1,-1,-1,1,-1,1,1,1,-1,1,1,-1,-1,1,1,1,-1,1,-1,1,1,1,1,-1,1,-1,1,1,1,1,-1,1,-1,1,1,1,1,-1,1,-1,1,-1,1,-1,-1,1,-1,-1,1,1,-1,-1,-1,-1,1,1,1,1,-1,1,-1,-1,1,-2676.0,1,2000,445,1000,False
95,1,1,-1,-1,1,-1,-1,-1,1,1,1,-1,1,1,1,1,-1,1,-1,-1,-1,-1,1,1,1,-1,1,-1,1,1,1,1,-1,-1,-1,-1,1,1,1,1,-1,-1,-1,1,1,1,1,-1,1,1,1,1,-1,1,-1,-1,1,-1,1,1,1,-1,-1,-1,1,1,1,1,-1,-1,-1,1,1,1,1,-1,-1,-1,1,1,1,-1,-1,-1,1,1,1,1,-1,-1,-1,1,1,1,1,-1,-1,1,1,-1,1,1,-1,-1,1,1,1,1,1,-1,-1,1,1,-1,1,1,-1,-1,1,1,1,1,1,1,-1,-1,1,1,-1,1,1,-1,1,1,1,1,1,1,-1,-1,1,1,1,1,1,-1,1,1,1,1,1,1,-1,-1,-1,1,1,1,1,-1,1,1,1,1,-1,1,-1,1,-1,1,1,1,-1,-1,1,1,1,1,1,-1,1,-1,-1,1,-1,1,-1,1,1,1,1,1,1,1,1,1,-1,1,-1,1,-1,1,1,-1,1,-1,1,1,-1,1,-1,1,-1,1,-1,1,1,-1,-1,-1,1,1,1,1,-1,-1,1,1,-1,-1,1,-1,1,-1,1,1,-1,1,-1,1,-1,1,-1,1,1,-1,-1,-1,1,1,-1,1,-1,1,1,1,-1,1,1,-1,-1,-1,1,-1,1,-1,1,-1,1,1,-1,1,-1,-1,-1,1,1,-1,1,-1,-1,-1,1,1,-1,-1,1,1,-1,-1,1,1,-1,1,1,-1,1,1,1,1,-1,1,-1,1,1,-1,1,-1,1,1,-1,1,1,1,1,1,-1,-1,1,-1,-1,1,1,1,-1,1,1,1,-1,1,-1,-1,1,1,1,1,1,-1,1,1,1,-1,1,1,-1,1,1,1,-1,1,1,-1,-1,1,1,1,-1,1,-1,1,1,1,-1,1,1,-1,1,1,1,-1,1,-1,-1,1,1,1,-1,1,-1,-1,-1,1,1,-1,1,-1,-1,1,-1,1,-1,1,1,-1,-1,1,1,1,-1,1,-1,-1,1,1,-1,1,-1,1,-1,-1,-1,-1,1,1,-1,-1,1,1,-1,1,1,-1,-1,1,1,1,1,1,-1,1,1,1,-1,1,-1,-1,-1,-1,1,1,-1,1,-1,-1,1,-1,1,-1,-1,-1,-1,-1,-1,1,-1,-1,-1,1,-1,1,1,-1,1,-1,1,1,-1,1,-1,1,-1,-1,1,-1,1,-1,1,1,-1,1,-1,-1,1,1,-1,-1,1,-1,1,1,1,-1,-1,1,-1,1,-1,1,-1,1,1,-1,1,-1,-1,-1,1,1,-1,1,-1,-1,-1,1,-1,1,1,1,-1,-1,1,-1,-1,1,-1,-1,-1,1,-1,1,-1,1,-1,-1,1,-1,-1,1,-1,-1,-1,-1,1,-1,1,-1,-1,-1,1,1,-1,-1,-1,1,-1,1,-1,-1,1,-1,-1,1,-1,1,-1,-1,1,-1,1,-1,1,1,-1,1,-1,-1,1,1,1,-1,1,-1,1,-1,-1,-1,1,-1,-1,-1,1,-1,-1,-1,1,1,-1,1,-1,1,-1,1,-1,1,1,-1,1,1,1,-1,-1,1,-1,1,-1,1,1,-1,1,-1,-1,1,1,-1,-1,1,-1,-1,-1,1,-1,-1,1,-1,1,1,1,1,-1,1,-1,-1,1,1,-1,-1,1,-1,-1,-1,1,1,-1,-1,1,1,-1,1,-1,-1,1,1,1,1,1,1,-1,-1,1,1,-1,1,-1,-1,1,1,1,1,-1,1,-1,1,-1,1,1,1,1,-1,-1,1,1,1,-1,-1,-1,1,1,1,1,1,-1,-1,-1,1,1,1,-1,-1,-1,-1,1,1,1,1,-1,-1,-1,1,1,1,1,-1,-1,1,1,1,1,1,-1,-1,-1,1,1,-1,1,-1,-1,-1,1,1,1,1,-1,-1,1,1,1,1,1,-1,1,1,-1,1,1,-1,-1,-1,1,1,1,1,1,-1,1,1,1,1,1,1,-1,-1,1,-1,1,-1,1,-1,-1,1,-1,1,1,-1,-1,-1,1,-1,1,1,-1,-1,-1,1,1,1,-1,1,-1,-1,1,-1,1,-1,-1,-1,-1,1,1,-1,-1,-1,-1,-1,1,-1,1,-1,-1,-1,-1,-1,-1,-1,1,-1,-1,-1,1,-1,-1,1,-1,-1,-1,-1,-1,-1,1,-1,-1,-1,-1,-1,1,-1,-1,-1,1,-1,-1,1,-1,1,-1,-1,-1,-1,-1,-1,-1,1,-1,-1,-1,1,1,1,-1,-1,-1,1,-1,-1,-1,-1,1,-1,-1,1,-1,1,-1,-1,-1,-1,1,-1,1,1,-1,1,-1,-1,1,1,-1,-1,-1,-1,-1,-1,1,1,-1,-1,1,-1,1,1,-1,-1,-1,1,-1,-1,1,-1,-1,1,-1,-1,1,1,1,-1,1,-1,1,1,1,-1,-1,1,-1,-1,1,1,1,-1,1,-1,-1,1,1,-1,1,1,-1,-1,1,1,-1,1,1,-1,-1,1,1,-1,1,1,-1,-1,1,1,1,1,1,1,-1,1,1,1,-1,1,-1,-1,1,-1,1,1,1,1,-1,-1,1,-1,1,1,1,-1,1,1,1,1,-1,1,-1,1,1,1,1,1,1,1,-1,1,1,1,1,-1,1,-1,1,1,1,1,1,-1,1,1,1,1,-1,1,1,-1,1,1,-1,1,1,-1,-1,1,1,1,1,-1,1,-1,1,1,1,-1,-1,1,-1,1,1,1,-1,1,-1,-1,-1,1,1,-1,-1,1,-1,-1,1,1,-1,-1,1,-1,1,1,1,1,-1,1,-1,-1,1,1,-1,-1,-1,1,1,-1,1,-1,1,1,-1,1,1,-1,-1,1,1,-1,-1,1,1,-1,1,1,1,1,1,-1,-1,-1,-1,-1,-1,-1,-1,-1,-1,1,1,1,1,-1,1,1,-1,1,1,1,1,-1,1,-1,1,1,1,1,-1,1,-1,1,1,1,1,-1,1,-1,1,1,1,1,-1,1,-1,1,1,1,-1,-1,1,-1,1,1,1,-1,-1,-1,1,-1,1,-1,1,-1,1,-1,1,1,-2676.0,1,2000,445,1500,False
96,1,1,-1,-1,1,1,-1,-1,1,1,1,-1,1,1,1,1,-1,1,-1,-1,-1,-1,1,1,1,-1,-1,-1,1,1,1,1,1,-1,-1,-1,1,-1,1,1,-1,-1,-1,1,1,1,1,-1,1,1,1,1,-1,1,-1,-1,1,-1,1,1,1,-1,-1,-1,1,1,1,1,-1,-1,-1,1,1,1,1,-1,-1,-1,1,1,1,-1,-1,-1,1,1,1,1,-1,-1,-1,1,1,1,1,-1,-1,1,1,-1,1,1,-1,-1,1,1,1,1,1,-1,-1,1,1,1,1,1,-1,-1,1,1,1,1,1,1,-1,-1,1,1,-1,1,1,-1,1,1,1,1,1,1,-1,-1,1,1,1,1,1,-1,1,1,1,1,1,1,-1,-1,-1,1,1,1,1,-1,1,1,1,1,-1,1,-1,1,-1,1,1,1,-1,-1,1,1,1,1,1,-1,1,-1,-1,1,-1,1,-1,1,1,1,1,1,1,1,1,1,-1,1,-1,1,-1,1,1,-1,1,-1,1,1,-1,1,-1,1,-1,1,-1,1,1,-1,-1,-1,1,1,1,1,-1,-1,1,1,-1,-1,1,-1,1,-1,-1,1,-1,1,-1,1,-1,1,-1,1,1,-1,-1,-1,1,1,-1,1,-1,1,1,1,-1,1,1,-1,-1,-1,1,-1,1,-1,1,-1,1,1,-1,1,-1,-1,-1,1,1,-1,1,-1,-1,-1,1,1,-1,-1,1,1,-1,-1,1,1,-1,1,1,-1,1,1,1,1,-1,1,-1,1,1,-1,1,-1,1,1,-1,1,1,1,1,1,-1,-1,1,-1,-1,-1,1,1,-1,1,1,1,-1,1,-1,-1,1,1,1,1,1,-1,1,1,1,-1,1,1,-1,1,1,1,-1,1,1,-1,-1,1,1,1,-1,1,-1,1,1,1,-1,1,1,-1,1,1,1,-1,1,-1,-1,1,1,1,-1,1,-1,-1,-1,1,1,-1,1,-1,-1,1,-1,1,-1,1,1,-1,-1,1,1,1,-1,1,-1,-1,1,1,-1,1,-1,1,-1,-1,-1,-1,1,1,-1,-1,1,1,-1,1,1,-1,-1,1,1,1,1,1,-1,1,1,1,-1,1,-1,-1,-1,-1,1,1,-1,1,-1,-1,1,-1,1,-1,-1,-1,-1,-1,-1,1,-1,-1,-1,1,-1,1,1,-1,1,-1,1,1,-1,1,-1,1,-1,-1,1,-1,1,-1,1,1,-1,1,-1,-1,1,1,-1,-1,1,-1,1,1,1,-1,-1,1,-1,1,-1,1,-1,1,1,-1,1,-1,-1,-1,1,1,-1,1,-1,-1,-1,1,-1,1,1,1,-1,1,1,-1,-1,1,-1,-1,-1,1,-1,1,-1,1,-1,-1,1,-1,-1,1,-1,-1,-1,1,1,-1,1,-1,-1,-1,1,1,-1,1,-1,1,-1,1,-1,-1,1,-1,-1,1,-1,1,-1,-1,1,-1,1,-1,1,-1,-1,1,-1,-1,1,1,1,-1,1,-1,1,-1,1,-1,1,-1,-1,-1,1,-1,-1,-1,1,1,-1,1,-1,1,-1,1,-1,1,1,-1,1,1,1,-1,-1,1,-1,1,-1,1,1,-1,1,-1,-1,1,1,-1,-1,1,-1,-1,-1,1,-1,-1,1,-1,1,1,1,1,-1,1,-1,-1,1,1,-1,-1,1,-1,-1,-1,1,1,-1,-1,1,1,-1,-1,-1,-1,1,1,1,1,1,1,-1,-1,1,1,-1,1,-1,-1,1,1,1,1,-1,-1,-1,1,-1,1,1,1,1,-1,-1,1,1,1,-1,-1,-1,1,1,1,1,1,-1,-1,-1,1,1,1,-1,-1,-1,-1,1,1,1,1,-1,-1,-1,1,1,1,1,-1,-1,1,1,1,1,1,-1,-1,-1,1,1,-1,1,-1,-1,-1,1,1,1,1,-1,-1,1,1,1,1,1,-1,1,1,-1,1,1,-1,-1,-1,1,1,1,-1,1,-1,1,1,1,1,1,1,-1,-1,1,-1,1,-1,1,-1,-1,1,-1,1,-1,-1,-1,-1,1,-1,1,1,-1,1,-1,1,1,1,-1,1,1,-1,1,-1,1,-1,-1,-1,-1,1,1,-1,-1,-1,-1,-1,1,-1,1,-1,-1,-1,-1,-1,-1,-1,1,-1,-1,-1,1,-1,-1,1,-1,-1,-1,-1,-1,1,1,-1,-1,-1,-1,-1,1,-1,-1,-1,1,-1,-1,1,-1,1,-1,-1,-1,-1,-1,-1,-1,1,-1,-1,-1,1,1,1,-1,-1,1,1,-1,-1,-1,-1,1,-1,-1,1,-1,1,-1,-1,-1,-1,1,-1,1,1,-1,1,-1,-1,1,1,-1,-1,-1,-1,-1,-1,1,1,-1,-1,1,-1,1,1,-1,-1,-1,1,-1,-1,1,-1,-1,1,-1,-1,1,1,1,-1,1,-1,1,1,1,-1,-1,1,-1,-1,1,1,1,-1,1,-1,-1,1,1,-1,1,1,-1,-1,1,1,-1,1,1,-1,-1,1,1,1,1,1,-1,-1,1,1,1,1,1,1,-1,1,1,1,1,1,-1,-1,1,-1,1,1,1,1,-1,-1,1,-1,1,1,1,-1,1,1,1,1,-1,1,-1,1,1,1,1,1,1,1,-1,-1,1,1,1,-1,1,-1,1,1,1,1,1,-1,1,1,1,1,-1,1,1,-1,-1,1,-1,1,1,-1,-1,1,1,1,1,-1,1,-1,1,1,1,-1,-1,1,-1,1,1,1,-1,1,-1,-1,-1,1,1,-1,-1,1,-1,-1,1,1,1,-1,1,-1,1,1,1,1,-1,1,-1,-1,1,1,-1,-1,-1,1,1,1,1,-1,1,1,-1,1,1,-1,-1,1,1,-1,-1,1,1,-1,1,1,1,1,1,-1,-1,-1,-1,-1,-1,-1,-1,-1,-1,1,1,1,1,-1,1,1,-1,1,1,1,1,-1,1,-1,1,1,1,1,-1,1,-1,1,1,1,1,-1,1,-1,1,1,1,1,-1,1,-1,1,-1,1,-1,-1,1,-1,1,1,1,-1,-1,-1,1,-1,1,1,1,-1,1,-1,1,1,-2676.0,1,2000,445,1500,False
97,1,1,-1,-1,1,1,-1,-1,1,1,1,-1,1,1,1,1,-1,1,-1,-1,-1,-1,1,1,1,-1,-1,-1,1,1,1,1,-1,-1,-1,-1,1,1,1,1,-1,-1,-1,1,1,1,1,-1,1,1,1,1,-1,1,-1,-1,1,-1,1,1,1,-1,-1,-1,1,1,1,1,-1,-1,-1,1,1,1,1,-1,-1,-1,1,1,1,-1,-1,-1,1,1,1,1,-1,-1,-1,1,1,1,1,-1,-1,1,1,-1,1,1,-1,-1,1,1,1,1,1,-1,-1,1,1,-1,1,1,-1,-1,1,1,1,1,1,1,-1,-1,1,1,-1,1,1,-1,1,1,1,1,1,1,-1,-1,1,1,1,1,1,-1,1,1,1,1,1,1,-1,-1,-1,1,1,1,1,-1,1,1,1,1,-1,1,-1,1,1,1,1,1,-1,-1,1,1,1,1,1,-1,1,-1,-1,1,-1,1,-1,1,1,1,1,1,1,1,1,1,-1,1,-1,1,-1,1,1,-1,1,-1,1,1,-1,1,-1,1,-1,1,-1,1,1,-1,1,-1,1,1,1,1,-1,-1,1,1,-1,-1,1,-1,1,-1,-1,1,-1,1,-1,1,-1,1,-1,1,1,-1,-1,-1,1,1,-1,1,-1,1,1,1,-1,1,1,-1,1,-1,1,-1,1,-1,1,-1,1,1,-1,1,-1,-1,-1,1,1,-1,1,-1,-1,-1,1,1,-1,-1,1,1,-1,-1,1,1,-1,1,1,-1,1,1,1,-1,-1,1,-1,1,1,-1,1,-1,1,1,-1,1,1,-1,-1,1,-1,-1,1,-1,1,-1,1,1,-1,1,1,1,-1,1,-1,-1,1,1,-1,-1,1,-1,1,1,1,1,-1,1,-1,1,1,1,-1,1,1,-1,-1,1,1,-1,1,1,-1,1,1,1,1,1,1,-1,1,1,1,1,1,-1,-1,1,1,1,1,1,-1,-1,-1,1,1,1,1,-1,-1,1,-1,1,-1,1,1,-1,-1,1,1,1,1,1,-1,-1,1,1,1,1,-1,1,-1,-1,-1,-1,1,1,-1,-1,1,1,-1,1,1,-1,-1,1,1,1,1,1,-1,1,1,1,-1,1,-1,-1,-1,-1,1,1,1,1,-1,-1,1,-1,1,1,-1,-1,-1,-1,-1,1,-1,-1,-1,1,-1,1,1,1,1,-1,1,1,-1,1,-1,1,-1,-1,1,-1,1,-1,1,1,-1,1,-1,-1,1,1,-1,-1,1,-1,1,1,1,-1,-1,1,-1,1,-1,1,-1,1,1,-1,-1,-1,-1,-1,1,1,-1,1,-1,-1,-1,1,-1,1,1,-1,-1,-1,1,-1,-1,1,-1,-1,-1,1,-1,1,-1,-1,-1,-1,1,-1,-1,1,-1,-1,-1,1,1,-1,1,-1,-1,-1,1,1,-1,-1,-1,1,-1,1,-1,-1,1,-1,-1,1,-1,1,-1,-1,1,-1,1,-1,1,-1,-1,1,-1,-1,1,1,1,-1,1,-1,1,-1,1,-1,1,-1,-1,-1,1,-1,-1,-1,1,1,-1,1,-1,1,-1,1,-1,1,1,-1,1,1,1,-1,1,1,-1,1,-1,1,1,-1,1,-1,-1,1,1,-1,-1,1,-1,-1,-1,1,-1,-1,1,-1,1,1,1,1,-1,1,-1,-1,1,1,-1,-1,1,-1,-1,-1,1,1,-1,-1,1,1,-1,1,-1,-1,-1,1,1,1,1,1,-1,1,1,1,-1,1,-1,-1,1,1,1,1,-1,1,-1,1,-1,1,1,1,1,-1,-1,1,1,1,-1,-1,-1,-1,1,1,1,1,-1,-1,-1,1,1,1,-1,-1,-1,-1,1,1,1,1,-1,-1,1,1,1,1,1,-1,-1,-1,1,1,1,1,-1,-1,-1,1,1,-1,1,-1,-1,-1,1,1,1,1,-1,-1,1,1,1,1,1,-1,1,1,-1,1,1,-1,-1,-1,1,1,1,-1,1,-1,1,1,1,1,1,1,-1,-1,1,-1,1,-1,1,-1,-1,1,-1,1,-1,-1,-1,-1,1,-1,1,1,-1,-1,-1,1,1,1,-1,1,-1,-1,1,-1,1,-1,-1,-1,-1,1,1,-1,-1,-1,-1,-1,1,-1,1,-1,-1,-1,-1,-1,-1,-1,1,-1,-1,-1,1,-1,-1,1,-1,-1,-1,-1,-1,-1,1,-1,-1,-1,-1,-1,1,-1,-1,-1,1,-1,-1,1,-1,1,-1,-1,-1,-1,-1,-1,-1,1,-1,-1,-1,1,1,1,-1,-1,1,-1,-1,-1,-1,-1,1,-1,-1,1,1,1,-1,-1,-1,-1,1,-1,1,1,-1,1,-1,-1,1,1,-1,-1,-1,-1,-1,-1,1,1,-1,-1,1,-1,1,1,-1,-1,-1,1,-1,1,1,-1,-1,1,-1,-1,1,1,1,-1,1,-1,1,1,1,-1,-1,1,-1,-1,1,1,1,-1,1,-1,-1,1,1,-1,1,1,-1,-1,1,1,-1,1,1,-1,-1,1,1,-1,1,1,-1,-1,1,1,1,1,1,1,-1,1,1,1,-1,1,-1,-1,1,-1,1,1,1,1,-1,-1,1,-1,1,1,1,-1,1,1,1,1,-1,1,-1,1,1,1,1,1,1,-1,-1,1,1,1,1,-1,1,-1,1,1,1,1,-1,1,-1,1,1,1,-1,-1,1,-1,1,1,-1,1,-1,-1,-1,1,1,1,-1,1,-1,-1,1,1,1,-1,-1,-1,-1,1,1,1,-1,1,-1,-1,-1,1,1,-1,1,-1,-1,-1,1,1,-1,1,-1,-1,1,1,1,1,1,1,-1,-1,1,1,-1,-1,1,1,1,1,1,-1,1,-1,-1,1,1,-1,-1,1,-1,-1,-1,1,1,-1,1,1,1,1,1,-1,-1,-1,-1,-1,-1,-1,-1,-1,1,-1,1,1,1,-1,1,1,-1,1,1,1,1,-1,1,-1,1,1,1,1,-1,1,-1,1,1,1,1,-1,1,-1,1,1,1,1,-1,1,-1,1,1,1,-1,-1,1,-1,-1,1,1,-1,-1,-1,1,-1,1,1,1,-1,1,-1,-1,1,-2674.0,1,2000,445,1500,False
98,1,1,-1,-1,1,-1,-1,-1,1,1,1,-1,1,1,1,1,-1,1,1,-1,-1,-1,1,1,1,1,-1,-1,1,1,1,1,-1,-1,-1,-1,1,1,1,1,-1,-1,-1,1,1,1,1,-1,1,1,1,1,-1,1,-1,-1,1,-1,1,1,1,-1,-1,-1,1,1,1,1,-1,-1,-1,1,1,1,1,-1,-1,-1,1,1,1,-1,-1,-1,1,1,1,1,-1,-1,-1,1,1,1,1,-1,-1,1,1,-1,1,1,-1,-1,1,1,1,1,1,-1,-1,-1,1,-1,1,1,-1,-1,1,1,1,1,1,1,-1,-1,1,1,-1,1,1,-1,1,1,1,1,1,1,-1,1,1,1,1,1,1,-1,1,1,1,1,1,1,-1,-1,-1,1,1,1,1,-1,1,1,1,1,-1,1,-1,1,-1,1,1,1,-1,-1,1,1,1,1,1,-1,1,-1,-1,1,-1,1,-1,1,1,1,1,1,1,1,1,1,-1,1,-1,1,-1,1,1,-1,1,-1,1,1,-1,1,-1,1,-1,1,-1,1,1,-1,1,-1,1,1,1,1,-1,-1,1,1,-1,-1,1,-1,1,-1,-1,1,-1,1,-1,1,-1,1,-1,-1,1,-1,1,-1,1,1,-1,1,-1,1,1,1,-1,1,1,-1,1,-1,1,-1,1,-1,1,-1,1,1,-1,1,-1,-1,-1,1,1,-1,1,-1,-1,-1,1,1,-1,-1,1,1,-1,-1,1,1,-1,1,1,-1,1,1,1,1,-1,1,-1,1,1,-1,1,-1,1,1,-1,1,1,1,1,1,-1,-1,1,-1,-1,-1,1,1,-1,1,1,1,-1,1,-1,-1,1,1,1,1,1,-1,1,1,1,-1,1,1,-1,1,1,1,-1,1,1,-1,-1,1,1,1,-1,1,-1,1,1,1,-1,1,1,-1,1,1,1,-1,1,-1,-1,1,1,1,-1,1,-1,-1,-1,1,1,-1,1,-1,-1,1,-1,1,-1,1,1,-1,-1,1,1,1,-1,1,-1,-1,1,1,-1,1,-1,1,-1,-1,-1,-1,1,1,-1,-1,1,1,-1,1,1,-1,-1,1,1,1,1,1,-1,1,1,1,-1,1,-1,-1,-1,-1,1,1,1,1,-1,-1,1,1,1,1,-1,-1,-1,-1,-1,1,-1,-1,-1,1,-1,1,1,-1,1,1,1,1,-1,1,-1,1,-1,-1,1,-1,1,1,1,1,-1,1,-1,-1,1,1,-1,-1,1,-1,1,1,1,-1,-1,1,-1,-1,1,1,-1,1,1,-1,1,1,-1,-1,1,1,-1,1,-1,-1,-1,1,-1,-1,1,-1,-1,1,1,-1,-1,1,-1,-1,-1,1,-1,-1,1,-1,-1,-1,1,-1,-1,1,-1,-1,-1,1,1,-1,1,-1,-1,-1,1,1,-1,-1,-1,1,-1,1,-1,-1,1,-1,-1,1,-1,1,-1,-1,1,-1,1,-1,1,-1,-1,1,-1,-1,1,1,1,-1,1,-1,1,-1,1,1,1,-1,-1,-1,1,-1,-1,-1,1,1,-1,1,-1,1,-1,1,-1,1,1,-1,1,1,1,-1,-1,1,-1,1,-1,1,1,-1,1,-1,-1,1,1,-1,-1,1,-1,-1,-1,1,-1,-1,1,-1,1,1,1,1,-1,1,-1,-1,1,1,-1,-1,1,-1,-1,-1,1,1,-1,-1,1,1,-1,-1,-1,-1,1,1,1,-1,1,1,-1,-1,1,1,-1,1,-1,-1,-1,1,1,1,-1,1,-1,1,-1,1,1,1,1,-1,-1,1,1,1,-1,-1,-1,1,1,1,1,1,-1,-1,-1,1,1,1,-1,-1,-1,-1,1,1,1,1,-1,-1,1,1,1,1,1,-1,-1,-1,1,1,1,1,-1,-1,-1,1,1,-1,1,-1,-1,-1,1,1,1,1,-1,-1,1,1,1,1,1,-1,1,1,-1,1,1,-1,-1,-1,1,1,1,-1,1,-1,1,1,1,1,1,1,-1,-1,1,-1,1,-1,1,-1,-1,1,-1,1,-1,-1,-1,-1,1,-1,1,1,-1,-1,-1,1,1,1,-1,1,-1,-1,1,-1,1,-1,-1,-1,-1,1,1,-1,-1,-1,-1,-1,1,-1,1,-1,-1,-1,-1,-1,-1,-1,1,-1,-1,-1,1,-1,-1,1,-1,-1,-1,-1,-1,1,1,-1,-1,-1,-1,-1,1,-1,-1,-1,1,-1,-1,1,-1,1,-1,-1,-1,-1,-1,-1,-1,1,-1,-1,-1,1,1,-1,-1,-1,1,1,-1,-1,-1,-1,1,-1,-1,1,-1,1,-1,-1,-1,-1,1,-1,1,1,-1,1,-1,-1,1,1,-1,-1,-1,-1,-1,-1,1,1,-1,-1,1,-1,1,1,-1,-1,-1,1,-1,1,1,-1,-1,1,-1,-1,1,1,1,-1,1,-1,1,1,1,-1,-1,1,-1,-1,1,-1,1,-1,1,-1,-1,1,1,-1,1,1,-1,-1,1,1,-1,1,1,-1,-1,1,1,-1,1,1,-1,-1,1,1,1,1,-1,1,-1,-1,1,-1,1,1,-1,-1,1,-1,1,1,1,1,-1,-1,1,-1,1,1,1,-1,1,1,1,1,-1,1,-1,1,1,1,1,1,1,1,-1,1,1,1,1,-1,1,-1,1,1,1,1,1,-1,1,1,1,1,-1,1,1,-1,1,1,-1,1,1,-1,-1,1,1,1,1,-1,1,-1,1,1,1,-1,-1,1,-1,1,1,1,-1,1,-1,-1,-1,1,1,-1,-1,1,-1,-1,1,1,-1,-1,1,-1,-1,1,1,1,-1,1,-1,-1,1,1,-1,-1,-1,1,-1,-1,1,-1,1,1,-1,1,1,-1,-1,1,1,-1,-1,1,1,-1,1,1,-1,1,1,-1,-1,-1,-1,1,-1,-1,-1,-1,-1,-1,-1,1,1,-1,1,1,-1,1,1,1,1,-1,1,-1,1,1,1,-1,-1,1,-1,-1,1,1,-1,-1,1,-1,1,1,1,-1,-1,1,-1,1,1,1,1,-1,1,-1,-1,1,1,-1,-1,-1,1,-1,1,-1,1,-1,1,-1,-1,1,-2674.0,1,2000,445,1500,False
99,1,1,-1,-1,1,1,-1,-1,1,1,1,-1,-1,1,1,1,-1,1,-1,-1,-1,-1,1,1,1,-1,-1,-1,1,1,1,1,-1,-1,-1,-1,1,1,1,1,-1,-1,-1,1,1,1,1,-1,1,1,1,1,-1,1,-1,-1,1,-1,1,1,1,-1,-1,-1,1,1,1,1,-1,-1,-1,1,1,1,1,-1,-1,-1,1,1,1,-1,-1,-1,1,1,1,1,-1,-1,-1,1,1,1,1,-1,-1,1,1,-1,1,1,-1,-1,1,1,1,1,1,-1,-1,1,1,1,1,1,-1,-1,1,1,1,1,1,1,-1,-1,1,1,-1,1,1,-1,1,1,1,1,1,1,-1,-1,1,1,1,1,1,-1,1,1,1,1,1,1,-1,-1,-1,1,1,1,1,-1,1,1,1,1,-1,1,-1,1,-1,1,1,1,-1,-1,1,1,1,1,1,-1,1,-1,-1,1,-1,1,-1,1,1,1,1,1,1,1,1,1,-1,1,-1,1,-1,1,1,-1,1,-1,1,1,-1,1,-1,1,-1,1,-1,1,1,-1,-1,-1,1,1,1,1,-1,-1,1,1,-1,-1,1,-1,1,-1,1,1,-1,1,-1,1,-1,1,-1,1,1,-1,-1,-1,1,1,-1,1,-1,1,1,1,-1,1,1,-1,1,-1,1,-1,1,-1,1,-1,1,1,-1,1,-1,-1,-1,1,1,-1,1,-1,-1,-1,1,1,-1,-1,1,1,-1,-1,1,1,-1,1,1,-1,1,1,1,-1,-1,1,-1,1,1,-1,1,-1,1,1,-1,1,1,-1,-1,1,-1,-1,1,-1,1,-1,1,1,-1,1,1,1,-1,1,-1,-1,1,1,-1,-1,1,-1,1,1,1,1,-1,1,-1,1,1,1,-1,1,1,-1,-1,1,1,-1,1,1,-1,1,1,1,1,1,1,-1,1,1,1,1,1,-1,-1,1,1,1,1,1,-1,-1,-1,1,1,1,1,-1,-1,1,-1,1,-1,1,1,-1,-1,1,1,1,1,1,-1,-1,1,1,1,-1,-1,1,-1,-1,-1,-1,1,1,-1,-1,1,1,-1,1,1,-1,-1,1,1,1,1,1,-1,1,1,1,-1,1,-1,-1,-1,-1,1,1,1,1,-1,-1,1,-1,1,1,-1,-1,-1,-1,-1,1,-1,-1,-1,1,-1,1,1,1,1,-1,1,1,-1,1,-1,1,-1,-1,1,-1,1,-1,1,1,-1,1,-1,-1,1,1,-1,-1,1,-1,1,1,1,-1,-1,1,-1,1,-1,1,-1,1,1,-1,1,-1,-1,-1,1,1,-1,1,-1,-1,-1,1,-1,1,1,-1,-1,-1,1,-1,-1,1,-1,-1,-1,1,-1,1,-1,-1,-1,-1,1,-1,-1,1,-1,-1,-1,1,1,-1,1,-1,-1,-1,1,1,-1,1,-1,1,-1,1,-1,-1,1,-1,-1,1,-1,1,-1,-1,1,-1,1,-1,1,-1,-1,1,-1,-1,1,1,1,-1,1,-1,1,-1,-1,1,1,-1,-1,-1,1,-1,-1,-1,1,1,-1,1,-1,1,-1,1,-1,1,1,-1,1,1,1,-1,-1,1,-1,1,-1,1,1,-1,1,-1,-1,1,1,-1,-1,1,-1,-1,-1,1,-1,-1,1,-1,1,1,1,1,-1,1,-1,-1,1,1,-1,-1,1,-1,-1,-1,1,1,-1,-1,1,1,-1,1,-1,-1,1,1,1,1,1,1,-1,-1,1,1,-1,1,-1,-1,1,1,1,1,-1,-1,-1,1,-1,1,1,1,1,-1,-1,1,1,1,-1,-1,-1,-1,1,1,1,1,-1,-1,-1,1,1,1,-1,-1,-1,-1,1,1,1,1,-1,-1,-1,1,1,1,1,-1,-1,1,1,1,1,1,-1,-1,-1,1,1,-1,1,-1,-1,-1,1,1,1,1,-1,-1,1,1,1,1,1,-1,1,1,-1,1,1,-1,-1,-1,1,1,1,1,1,-1,1,1,1,1,1,1,-1,-1,1,-1,1,-1,1,-1,-1,1,-1,1,-1,-1,-1,-1,1,-1,1,1,-1,-1,-1,1,1,1,-1,1,-1,-1,1,-1,1,-1,-1,-1,-1,1,1,-1,-1,-1,-1,-1,1,-1,1,-1,-1,-1,-1,-1,-1,-1,1,-1,-1,-1,1,-1,-1,1,-1,-1,-1,-1,-1,1,1,-1,-1,-1,-1,-1,1,-1,-1,-1,1,-1,-1,1,-1,1,-1,-1,-1,-1,-1,-1,-1,1,-1,-1,-1,1,1,-1,-1,-1,-1,1,-1,-1,-1,-1,1,-1,-1,1,1,1,-1,-1,-1,-1,1,-1,1,1,-1,1,-1,-1,1,1,-1,-1,-1,-1,-1,-1,1,1,-1,-1,1,-1,1,1,-1,-1,-1,1,-1,1,1,-1,-1,1,-1,-1,1,1,1,-1,1,-1,1,1,1,-1,-1,1,-1,-1,1,1,1,-1,1,-1,-1,1,1,-1,1,1,-1,-1,1,1,1,1,1,-1,-1,1,1,-1,1,1,-1,-1,1,1,1,1,1,1,-1,1,1,1,-1,1,-1,-1,1,-1,1,1,1,1,-1,-1,1,-1,1,1,1,-1,1,1,1,1,-1,1,-1,1,1,1,1,1,1,-1,-1,-1,1,1,1,-1,1,-1,1,1,1,1,-1,1,-1,1,1,1,-1,-1,1,-1,1,1,-1,1,-1,-1,-1,1,1,1,-1,1,-1,-1,1,1,1,-1,-1,-1,-1,1,1,1,-1,1,-1,-1,-1,1,1,-1,1,-1,-1,-1,1,1,-1,-1,1,-1,1,1,1,1,1,1,-1,-1,1,1,-1,-1,1,1,1,1,1,-1,1,-1,-1,1,1,-1,-1,1,-1,-1,-1,1,1,-1,1,1,1,1,1,-1,-1,-1,-1,-1,-1,-1,-1,-1,1,-1,1,1,1,-1,1,1,-1,1,1,1,1,-1,1,-1,1,1,1,1,-1,1,-1,1,1,1,1,-1,1,-1,1,1,1,1,-1,1,-1,1,1,1,-1,-1,1,-1,-1,1,1,-1,-1,-1,1,-1,1,-1,1,-1,1,-1,-1,1,-2674.0,1,2000,445,500,False
100,1,1,-1,-1,1,-1,-1,-1,1,1,1,-1,1,1,1,1,-1,1,-1,-1,-1,-1,1,1,1,-1,-1,-1,1,1,1,1,-1,-1,-1,-1,1,-1,1,1,-1,-1,-1,1,1,1,1,-1,1,1,1,1,-1,1,-1,-1,1,-1,1,1,1,-1,-1,-1,1,1,1,1,-1,-1,-1,1,1,1,1,-1,-1,-1,1,1,1,-1,-1,-1,1,1,1,1,-1,-1,-1,1,1,1,1,-1,-1,1,1,-1,1,1,-1,-1,1,1,1,1,1,-1,-1,1,1,-1,1,1,-1,-1,1,1,1,1,1,1,-1,-1,1,1,-1,1,1,-1,1,1,1,1,1,1,-1,-1,1,1,1,1,1,-1,1,1,1,1,1,1,-1,-1,-1,1,1,1,1,-1,1,1,1,1,-1,1,-1,1,-1,1,1,1,-1,-1,1,1,1,1,1,-1,1,-1,-1,1,-1,1,-1,1,1,1,1,1,1,1,1,1,-1,1,-1,1,-1,1,1,-1,1,-1,1,1,-1,1,-1,1,-1,1,-1,1,1,-1,-1,-1,1,1,1,1,-1,-1,1,1,-1,-1,1,-1,1,-1,-1,1,-1,1,-1,1,-1,1,-1,1,1,-1,-1,-1,1,1,-1,1,-1,1,1,1,-1,1,1,-1,1,-1,1,-1,1,-1,1,-1,1,1,-1,1,-1,-1,-1,1,1,-1,1,-1,-1,-1,1,1,-1,-1,1,1,-1,-1,1,1,-1,1,1,-1,1,1,1,1,-1,1,-1,1,1,-1,1,-1,1,1,-1,1,1,1,1,1,-1,-1,1,-1,-1,-1,1,1,-1,1,1,1,-1,1,-1,-1,1,1,1,1,1,-1,1,1,1,-1,1,1,-1,1,1,1,-1,1,1,-1,-1,1,1,1,-1,1,-1,1,1,1,-1,1,1,-1,1,1,1,-1,1,-1,-1,1,1,1,-1,1,-1,-1,-1,1,1,-1,1,-1,-1,1,-1,1,-1,1,1,-1,-1,1,1,1,-1,1,-1,-1,1,1,-1,1,-1,1,-1,-1,-1,-1,1,1,-1,-1,1,1,-1,1,1,-1,-1,1,1,1,1,1,-1,1,1,1,-1,1,-1,-1,-1,-1,1,1,-1,1,-1,-1,1,1,1,-1,-1,-1,-1,-1,-1,1,-1,-1,-1,1,-1,1,1,-1,1,-1,1,1,-1,1,-1,1,-1,-1,1,-1,1,1,1,1,-1,1,-1,-1,1,1,-1,-1,1,-1,1,1,1,-1,-1,1,-1,-1,1,1,-1,1,1,-1,1,1,-1,-1,1,1,-1,1,-1,-1,-1,1,-1,-1,1,-1,-1,-1,1,-1,-1,1,-1,-1,-1,1,-1,-1,1,-1,-1,-1,1,-1,-1,1,-1,-1,-1,1,1,-1,1,1,-1,-1,1,1,-1,-1,1,1,-1,1,-1,-1,1,-1,-1,1,1,1,-1,-1,1,-1,1,-1,1,1,-1,1,-1,-1,1,1,1,-1,1,-1,1,-1,-1,-1,1,-1,-1,-1,1,-1,-1,-1,1,1,-1,1,-1,1,-1,1,-1,1,1,-1,1,1,1,-1,-1,1,-1,1,-1,1,1,-1,1,-1,-1,1,1,-1,-1,1,-1,-1,-1,1,-1,-1,1,-1,1,1,1,1,-1,1,-1,-1,1,1,-1,-1,1,-1,-1,-1,1,1,-1,-1,1,1,-1,-1,-1,-1,1,1,1,1,1,1,-1,-1,1,1,-1,1,-1,-1,1,1,1,1,-1,1,-1,1,-1,1,1,1,1,-1,-1,1,1,1,-1,-1,-1,-1,1,1,1,1,-1,-1,-1,1,1,1,-1,-1,-1,-1,1,1,1,1,-1,-1,-1,1,1,1,1,-1,-1,1,1,1,1,1,-1,-1,-1,1,1,-1,1,-1,-1,-1,1,1,1,1,-1,-1,1,1,1,1,1,-1,1,1,-1,1,1,-1,-1,-1,1,1,1,-1,1,-1,1,1,1,1,1,1,-1,-1,1,-1,1,-1,1,-1,-1,1,-1,1,-1,-1,-1,-1,1,-1,1,1,-1,1,-1,1,1,1,-1,1,1,-1,1,-1,1,-1,-1,-1,-1,1,1,-1,-1,-1,-1,-1,1,-1,1,-1,-1,-1,-1,-1,-1,-1,1,-1,-1,-1,1,-1,-1,1,-1,-1,-1,-1,-1,1,1,-1,-1,-1,-1,-1,1,-1,-1,-1,1,-1,-1,1,-1,1,-1,-1,-1,-1,-1,-1,-1,1,-1,-1,-1,1,1,1,-1,-1,1,-1,-1,-1,-1,-1,1,-1,-1,1,-1,1,-1,-1,-1,-1,1,-1,1,1,-1,1,-1,-1,1,1,-1,-1,-1,-1,-1,-1,1,1,-1,-1,1,-1,1,1,-1,-1,-1,1,-1,1,1,-1,-1,1,-1,-1,1,1,1,-1,1,-1,1,1,1,-1,-1,1,-1,-1,1,1,1,-1,1,-1,-1,1,1,-1,1,1,-1,-1,1,1,-1,1,1,-1,-1,1,1,-1,1,1,-1,-1,1,1,1,1,1,1,-1,-1,1,1,1,1,-1,-1,1,-1,1,1,1,1,-1,-1,1,-1,1,1,1,-1,1,1,1,1,-1,1,-1,1,1,1,1,1,1,1,-1,1,1,1,1,-1,1,-1,1,1,1,1,1,-1,1,1,1,1,-1,1,1,-1,1,1,-1,1,1,-1,-1,1,1,1,1,-1,1,-1,1,1,1,-1,-1,1,-1,1,1,1,-1,1,-1,-1,-1,1,1,-1,-1,1,-1,-1,1,1,-1,-1,1,-1,-1,1,1,1,-1,1,-1,-1,1,1,-1,-1,-1,1,-1,-1,1,-1,1,1,-1,1,1,-1,-1,1,1,-1,-1,1,1,-1,1,1,-1,1,1,-1,-1,-1,-1,1,-1,-1,-1,-1,-1,1,-1,1,1,-1,1,1,-1,1,1,1,1,-1,1,-1,1,1,1,1,-1,1,-1,-1,-1,1,1,-1,1,-1,1,1,1,1,-1,1,-1,1,1,1,-1,-1,1,-1,-1,1,1,-1,-1,-1,1,-1,1,-1,1,-1,1,-1,1,1,-2674.0,1,2000,445,1500,False
101,1,1,-1,-1,1,-1,1,-1,1,1,1,-1,1,1,1,1,-1,1,-1,-1,1,-1,1,1,1,-1,-1,-1,1,1,1,1,1,-1,-1,-1,1,1,1,1,-1,-1,-1,1,1,1,1,-1,1,1,1,1,-1,1,-1,-1,1,-1,1,1,1,-1,-1,-1,1,1,1,1,-1,-1,-1,1,1,1,1,-1,-1,-1,1,1,1,-1,-1,-1,1,1,1,1,-1,1,-1,1,1,1,1,-1,-1,1,1,-1,1,1,-1,-1,1,1,1,1,1,-1,-1,1,1,1,1,1,-1,-1,1,1,1,1,1,1,-1,1,1,1,-1,1,1,-1,1,1,1,1,1,1,-1,-1,1,1,1,1,1,-1,1,1,1,1,1,1,-1,-1,-1,1,1,1,1,-1,1,1,1,1,-1,1,-1,1,-1,1,1,1,-1,-1,1,1,1,1,1,-1,1,-1,-1,1,-1,1,-1,1,1,1,1,1,1,1,1,1,-1,1,-1,1,-1,1,1,-1,1,-1,1,1,-1,1,-1,1,-1,1,-1,1,1,-1,1,-1,1,1,1,1,-1,-1,1,1,-1,-1,1,-1,1,-1,-1,1,-1,1,-1,1,-1,1,-1,1,1,-1,-1,-1,1,1,-1,1,-1,1,1,1,-1,1,1,-1,1,-1,1,-1,1,-1,1,-1,1,1,-1,1,-1,-1,-1,1,1,-1,1,-1,-1,-1,1,1,-1,-1,1,1,-1,-1,1,1,-1,1,1,-1,1,1,1,1,-1,1,-1,1,1,-1,1,-1,1,1,-1,1,1,1,1,1,-1,-1,1,-1,-1,-1,1,1,-1,1,1,1,-1,1,-1,-1,1,1,1,-1,1,-1,1,1,1,-1,-1,1,-1,1,1,1,-1,1,1,-1,-1,1,1,1,-1,1,-1,1,1,1,-1,1,1,-1,1,1,1,-1,1,-1,-1,1,1,1,-1,1,-1,-1,-1,1,1,-1,1,-1,-1,1,-1,1,-1,1,1,-1,-1,1,1,1,1,1,-1,-1,1,1,-1,1,-1,1,-1,-1,-1,-1,1,1,-1,-1,1,1,-1,1,1,-1,-1,1,1,1,1,1,-1,1,1,1,-1,1,-1,-1,-1,-1,1,1,1,1,-1,-1,1,1,1,1,-1,-1,-1,-1,-1,1,-1,-1,-1,1,-1,1,1,1,1,-1,1,1,-1,1,-1,1,-1,-1,1,-1,1,1,1,1,-1,1,-1,-1,1,1,-1,-1,1,-1,1,1,1,-1,-1,1,-1,-1,1,1,-1,1,1,-1,1,1,-1,-1,1,1,-1,1,-1,-1,-1,1,-1,-1,1,-1,-1,1,1,-1,-1,1,-1,-1,-1,1,-1,-1,1,1,-1,-1,1,-1,-1,1,-1,-1,-1,1,1,-1,1,-1,-1,-1,1,1,-1,-1,-1,1,-1,1,-1,-1,1,-1,-1,1,-1,1,-1,-1,1,-1,1,-1,1,-1,-1,1,-1,-1,1,1,1,-1,1,-1,1,-1,-1,-1,1,-1,-1,-1,1,-1,-1,-1,1,1,-1,1,-1,1,-1,1,-1,1,1,-1,1,1,1,-1,-1,1,-1,1,-1,1,1,-1,1,-1,-1,1,1,-1,-1,1,-1,-1,-1,1,-1,-1,1,-1,1,1,1,1,-1,1,-1,-1,1,1,-1,-1,1,-1,-1,-1,1,1,-1,-1,1,1,-1,1,-1,-1,1,1,1,1,1,1,-1,-1,1,1,-1,1,-1,-1,1,1,1,1,-1,-1,-1,1,-1,1,1,1,1,-1,-1,1,1,1,-1,-1,-1,-1,1,1,1,1,-1,-1,-1,1,1,1,-1,-1,-1,-1,1,1,1,1,-1,-1,1,1,1,1,1,-1,-1,-1,1,1,1,-1,-1,-1,-1,1,1,-1,1,-1,-1,-1,1,1,1,1,-1,-1,1,1,1,1,1,-1,1,1,-1,1,1,-1,-1,-1,1,1,1,-1,1,-1,1,1,1,1,1,1,-1,-1,1,-1,1,-1,1,-1,-1,1,-1,1,1,-1,-1,-1,1,-1,1,1,-1,-1,-1,1,1,1,-1,1,-1,-1,1,-1,1,-1,-1,-1,-1,1,1,-1,-1,-1,-1,-1,1,-1,1,-1,-1,-1,-1,-1,-1,-1,1,-1,-1,-1,1,-1,-1,1,-1,-1,-1,-1,-1,-1,1,-1,-1,-1,-1,-1,1,-1,-1,-1,1,-1,-1,1,-1,1,-1,-1,-1,-1,-1,-1,-1,1,-1,-1,-1,1,1,1,-1,-1,1,1,-1,-1,-1,-1,1,-1,-1,1,-1,1,-1,-1,-1,-1,1,-1,1,1,-1,1,-1,-1,1,1,-1,-1,-1,-1,-1,-1,1,1,-1,-1,1,-1,1,1,-1,-1,-1,1,-1,1,1,-1,-1,1,-1,-1,1,1,1,-1,1,-1,1,1,1,-1,-1,1,-1,-1,1,1,1,-1,1,-1,-1,1,1,-1,1,1,-1,-1,1,1,-1,1,1,-1,-1,1,1,1,1,1,-1,-1,1,1,1,1,1,1,-1,-1,1,1,-1,1,-1,-1,1,-1,1,1,1,1,-1,-1,1,-1,1,1,1,-1,1,1,1,1,-1,1,-1,1,1,1,1,1,1,1,-1,1,1,1,1,-1,1,-1,1,1,1,1,1,-1,1,1,1,1,-1,1,1,-1,1,1,-1,1,1,-1,-1,1,1,1,1,-1,1,-1,1,1,1,-1,-1,1,-1,1,1,1,-1,1,-1,-1,-1,1,1,-1,-1,1,-1,-1,1,1,-1,-1,1,-1,-1,1,1,1,-1,1,-1,-1,1,1,-1,-1,-1,1,-1,-1,1,-1,1,1,-1,1,1,-1,-1,1,-1,-1,-1,-1,1,-1,1,1,-1,1,1,-1,-1,-1,-1,1,-1,-1,-1,-1,1,-1,-1,1,1,-1,1,1,-1,1,1,1,1,-1,1,-1,1,1,1,1,-1,1,-1,-1,1,1,1,-1,1,-1,1,1,1,1,-1,1,-1,1,1,-1,-1,-1,1,-1,-1,1,1,-1,-1,-1,1,-1,1,-1,1,-1,1,-1,-1,1,-2674.0,1,2000,445,1500,False
102,1,1,-1,-1,1,1,-1,-1,1,1,1,-1,-1,1,1,1,-1,1,-1,-1,-1,-1,1,1,1,-1,-1,-1,1,1,1,1,-1,-1,-1,-1,1,1,1,1,-1,-1,-1,1,1,1,1,-1,1,1,1,1,-1,1,-1,-1,1,-1,1,1,1,-1,-1,-1,1,1,1,1,-1,-1,-1,1,1,1,1,-1,-1,-1,1,1,1,-1,-1,-1,1,1,1,1,-1,-1,1,1,1,1,1,-1,-1,-1,1,-1,1,1,-1,-1,1,1,1,1,1,-1,-1,-1,1,-1,1,1,-1,-1,1,1,1,1,1,1,-1,-1,1,1,-1,1,1,-1,1,1,1,1,1,1,-1,1,1,1,1,1,1,-1,1,1,1,1,1,1,-1,-1,-1,1,1,1,1,-1,1,1,1,1,-1,1,-1,1,-1,1,1,1,-1,-1,1,1,1,1,1,-1,1,-1,-1,1,-1,1,-1,1,1,1,1,1,1,1,1,1,-1,1,-1,1,-1,1,1,-1,1,-1,1,1,-1,1,-1,1,-1,1,-1,1,1,-1,1,-1,1,1,1,1,-1,-1,1,1,-1,-1,1,-1,1,-1,1,1,-1,1,-1,1,-1,1,-1,-1,1,-1,-1,-1,1,1,-1,1,-1,1,1,1,-1,1,1,-1,1,-1,1,-1,1,-1,1,-1,1,1,-1,1,-1,-1,-1,1,1,-1,1,-1,-1,-1,1,1,-1,-1,1,1,-1,-1,1,1,-1,1,1,-1,1,1,1,1,-1,1,-1,1,1,-1,1,-1,1,1,-1,1,1,1,1,1,-1,-1,1,-1,-1,-1,1,1,-1,1,1,1,-1,1,-1,-1,1,1,1,-1,1,-1,1,1,1,-1,-1,1,-1,1,1,1,-1,1,1,-1,-1,1,1,1,-1,1,-1,1,1,1,-1,1,1,-1,1,1,1,-1,1,-1,-1,1,1,1,-1,1,-1,-1,-1,1,1,-1,1,-1,-1,1,-1,1,-1,1,1,-1,-1,1,1,1,-1,1,-1,-1,1,1,-1,1,-1,1,-1,-1,-1,-1,1,1,-1,-1,1,1,-1,1,1,-1,-1,1,1,1,1,1,-1,1,1,1,-1,1,-1,-1,-1,-1,1,1,1,1,-1,-1,1,1,1,1,-1,-1,-1,-1,-1,1,-1,-1,-1,1,-1,1,1,-1,1,1,1,1,-1,1,-1,1,-1,-1,1,-1,1,1,1,1,-1,1,-1,-1,1,1,-1,-1,1,-1,1,1,1,-1,-1,1,-1,-1,1,1,-1,1,1,-1,1,1,-1,-1,1,1,-1,1,-1,-1,-1,1,-1,1,1,-1,-1,-1,1,-1,-1,1,-1,-1,-1,1,-1,-1,1,-1,-1,-1,1,-1,-1,1,-1,-1,-1,1,1,-1,1,1,-1,-1,1,1,-1,1,-1,1,-1,1,-1,-1,1,-1,-1,1,-1,1,-1,-1,1,-1,1,-1,1,-1,1,1,-1,-1,1,1,1,-1,1,-1,1,-1,-1,1,1,-1,-1,-1,1,-1,-1,-1,1,1,-1,1,-1,1,-1,1,-1,1,1,-1,1,1,1,-1,-1,1,-1,1,-1,1,1,-1,1,-1,-1,1,1,-1,-1,1,-1,-1,-1,1,-1,-1,1,-1,1,1,1,1,-1,1,-1,-1,1,1,-1,-1,1,-1,-1,-1,1,1,-1,-1,1,1,-1,1,-1,-1,1,1,1,-1,1,1,-1,-1,1,1,-1,1,-1,-1,1,1,1,1,-1,1,-1,1,-1,1,1,1,1,-1,-1,1,1,1,-1,-1,-1,1,1,1,1,1,-1,-1,-1,1,1,1,-1,-1,-1,-1,1,1,1,1,-1,-1,1,1,1,1,1,-1,-1,-1,1,1,1,1,-1,-1,-1,1,1,-1,1,-1,-1,-1,1,1,1,1,-1,-1,1,1,1,1,1,-1,1,1,-1,1,1,-1,-1,-1,1,1,1,-1,1,-1,1,1,1,1,1,1,-1,-1,1,-1,1,-1,1,-1,-1,1,-1,1,-1,-1,-1,-1,1,-1,1,1,-1,-1,-1,1,1,1,-1,1,-1,-1,1,-1,1,-1,-1,-1,-1,1,1,-1,-1,-1,-1,-1,1,-1,1,-1,-1,-1,-1,-1,-1,-1,1,-1,-1,-1,1,-1,-1,1,-1,-1,-1,-1,-1,1,1,-1,-1,-1,-1,-1,1,-1,-1,-1,1,-1,-1,1,-1,1,-1,-1,-1,-1,-1,-1,-1,1,-1,-1,-1,1,1,-1,-1,-1,-1,1,-1,-1,-1,-1,1,-1,-1,1,-1,1,-1,-1,-1,-1,1,-1,1,1,-1,1,-1,-1,1,1,-1,-1,-1,-1,-1,-1,1,1,-1,-1,1,-1,1,1,-1,-1,-1,1,-1,1,1,-1,-1,1,-1,-1,1,1,1,-1,1,-1,1,1,1,-1,-1,1,-1,-1,1,-1,1,-1,1,-1,-1,1,1,-1,1,1,-1,-1,1,1,1,1,1,-1,-1,1,1,-1,1,1,-1,-1,1,1,1,1,-1,1,-1,-1,1,1,-1,1,-1,-1,1,-1,1,1,1,1,-1,-1,1,-1,1,1,1,-1,1,-1,1,1,-1,1,-1,1,1,1,1,1,1,1,-1,-1,1,1,1,-1,1,-1,1,1,1,1,1,-1,1,-1,1,1,-1,1,1,-1,-1,1,-1,1,1,-1,-1,1,1,1,1,-1,1,-1,-1,1,1,-1,-1,1,-1,1,1,1,-1,1,-1,-1,-1,1,1,-1,-1,1,-1,-1,1,1,-1,-1,1,-1,-1,1,1,1,-1,1,-1,-1,1,1,-1,-1,-1,1,-1,1,1,-1,1,1,-1,1,1,-1,-1,1,1,-1,-1,1,1,-1,1,1,-1,1,1,-1,-1,1,-1,1,-1,-1,-1,-1,1,-1,-1,1,1,-1,1,1,-1,1,1,1,1,-1,1,-1,1,1,1,-1,-1,1,-1,-1,1,1,-1,-1,1,-1,1,1,1,-1,-1,1,-1,1,1,1,1,-1,1,-1,-1,1,1,1,-1,-1,1,-1,1,-1,1,-1,1,-1,-1,1,-2674.0,1,2000,445,500,False
103,1,1,-1,-1,1,1,-1,-1,1,1,1,-1,-1,1,1,1,-1,1,-1,-1,-1,-1,1,1,1,-1,-1,-1,1,1,1,1,-1,-1,-1,-1,1,1,1,1,-1,-1,-1,1,1,1,1,-1,1,1,1,1,-1,1,-1,-1,1,-1,1,1,1,-1,-1,-1,1,1,1,1,-1,-1,-1,1,1,1,1,-1,-1,-1,1,1,1,-1,-1,-1,1,1,1,1,-1,-1,-1,1,1,1,1,-1,-1,1,1,-1,1,1,-1,-1,1,1,1,1,1,-1,-1,1,1,1,1,1,-1,-1,1,1,1,1,1,1,-1,-1,1,1,-1,1,1,-1,1,1,1,1,1,1,-1,-1,1,1,1,1,1,-1,1,1,1,1,1,1,-1,-1,-1,1,1,1,1,-1,1,1,1,1,-1,1,-1,1,-1,1,1,1,-1,-1,1,1,1,1,1,-1,1,-1,-1,1,-1,1,-1,1,1,1,1,1,1,1,1,1,1,1,-1,1,-1,1,1,-1,1,-1,1,1,-1,1,-1,1,-1,1,-1,1,1,-1,-1,-1,1,1,1,1,-1,-1,1,1,-1,-1,1,-1,1,-1,-1,1,-1,1,-1,1,-1,1,-1,1,1,-1,1,-1,1,1,-1,1,-1,1,1,1,-1,1,1,-1,1,-1,1,-1,1,-1,1,-1,1,1,-1,1,-1,-1,-1,1,1,-1,1,-1,-1,-1,1,1,-1,-1,1,1,-1,-1,1,1,-1,1,1,-1,1,1,1,1,-1,1,-1,1,1,-1,1,-1,1,1,-1,1,1,1,1,1,-1,-1,1,-1,-1,-1,1,1,-1,1,1,1,-1,1,-1,-1,1,1,1,-1,1,-1,1,1,1,-1,-1,1,-1,1,1,1,-1,1,1,-1,-1,1,1,1,-1,1,-1,1,1,1,-1,1,1,-1,1,1,1,-1,1,-1,-1,1,1,1,-1,1,-1,-1,-1,1,1,-1,1,-1,-1,1,-1,1,-1,1,1,-1,-1,1,1,1,1,1,-1,-1,1,1,-1,1,-1,1,-1,-1,-1,-1,1,1,-1,-1,1,1,-1,1,1,-1,-1,1,1,1,1,1,-1,1,1,1,-1,1,-1,-1,-1,-1,1,1,1,1,-1,-1,1,1,1,1,-1,-1,-1,-1,-1,1,-1,-1,-1,1,-1,1,1,1,1,-1,1,1,-1,1,-1,1,-1,-1,1,-1,1,1,1,1,-1,1,-1,-1,1,1,-1,-1,1,-1,1,1,1,-1,-1,1,-1,-1,1,1,-1,1,1,-1,1,1,-1,-1,1,1,-1,1,-1,-1,-1,1,-1,-1,1,-1,-1,1,1,-1,-1,1,-1,-1,-1,1,-1,-1,1,-1,-1,-1,1,-1,-1,1,-1,-1,-1,1,1,-1,1,1,-1,-1,1,1,-1,-1,1,1,-1,1,-1,-1,1,-1,-1,1,-1,1,-1,-1,1,-1,1,-1,1,-1,-1,1,-1,-1,1,1,1,-1,1,-1,1,-1,1,-1,1,-1,-1,-1,1,-1,-1,-1,1,1,-1,1,-1,1,-1,1,-1,1,1,-1,1,1,1,-1,-1,1,-1,1,-1,1,1,-1,1,-1,-1,1,1,-1,-1,1,-1,-1,-1,1,-1,-1,1,-1,1,1,1,1,-1,1,-1,-1,1,1,-1,-1,1,-1,-1,-1,1,1,-1,-1,1,1,-1,-1,-1,-1,1,1,1,1,1,1,-1,-1,1,1,-1,1,-1,-1,-1,1,1,1,-1,-1,-1,1,-1,1,1,1,-1,-1,-1,1,1,1,-1,-1,-1,-1,1,1,1,1,-1,-1,-1,1,1,1,-1,-1,-1,-1,1,1,1,1,-1,-1,-1,1,1,1,1,-1,-1,1,1,1,1,1,-1,-1,-1,1,1,-1,1,-1,-1,-1,1,1,1,1,-1,-1,1,1,1,1,1,-1,1,1,-1,1,1,-1,-1,-1,1,1,1,-1,1,-1,1,1,1,1,1,1,-1,-1,1,-1,1,-1,1,-1,-1,1,-1,1,-1,-1,-1,-1,1,-1,1,1,-1,-1,-1,1,1,1,-1,1,-1,-1,1,-1,1,-1,-1,-1,-1,1,1,-1,-1,-1,-1,-1,1,-1,1,-1,-1,-1,-1,-1,-1,-1,1,-1,-1,-1,1,-1,-1,1,-1,-1,-1,-1,-1,-1,1,-1,-1,-1,-1,-1,1,-1,-1,-1,1,-1,-1,1,-1,1,-1,-1,-1,-1,-1,-1,-1,1,-1,-1,-1,1,1,-1,-1,-1,1,1,-1,-1,-1,-1,1,-1,-1,1,1,1,-1,-1,-1,-1,1,-1,1,1,-1,1,-1,-1,1,1,-1,-1,-1,-1,-1,-1,1,1,-1,-1,1,-1,1,1,-1,-1,-1,1,-1,-1,1,-1,-1,1,-1,-1,1,1,1,-1,1,-1,1,1,1,-1,-1,1,-1,-1,1,1,1,-1,1,-1,-1,1,1,-1,1,1,-1,-1,1,1,-1,1,1,-1,-1,1,1,-1,1,1,-1,-1,1,1,1,1,1,1,-1,-1,1,1,-1,1,-1,-1,1,-1,1,1,1,1,-1,-1,1,-1,1,1,1,-1,1,1,1,1,-1,1,-1,1,1,1,1,1,1,1,-1,1,1,1,1,-1,1,-1,1,1,1,1,1,-1,1,1,1,1,-1,1,1,-1,1,1,-1,1,1,-1,-1,1,1,1,1,-1,1,-1,1,1,1,-1,-1,1,-1,1,1,1,-1,1,-1,-1,-1,1,1,-1,-1,1,-1,-1,1,1,1,-1,1,-1,-1,1,1,1,-1,1,-1,-1,1,1,-1,-1,-1,1,-1,1,1,-1,1,1,-1,1,1,-1,-1,1,-1,-1,-1,1,1,-1,1,1,-1,1,1,-1,-1,-1,-1,1,-1,-1,-1,-1,1,-1,-1,1,1,-1,1,1,-1,1,1,1,1,-1,1,-1,1,1,1,1,-1,1,-1,-1,-1,1,1,-1,1,-1,1,1,1,1,-1,1,-1,1,1,1,-1,-1,1,-1,-1,1,1,-1,-1,-1,1,-1,1,-1,1,-1,1,-1,-1,1,-2674.0,1,2000,445,1500,False
104,1,1,-1,-1,1,1,-1,-1,1,1,1,-1,-1,1,-1,1,-1,1,-1,-1,1,1,1,1,1,-1,-1,-1,1,1,1,1,-1,-1,-1,-1,1,1,1,1,-1,-1,-1,1,1,1,1,-1,1,1,1,1,-1,1,-1,-1,1,-1,1,1,1,-1,-1,1,1,1,1,1,-1,-1,1,1,1,1,1,-1,-1,-1,1,1,1,-1,-1,-1,1,1,1,1,-1,1,-1,1,1,1,1,-1,-1,1,1,-1,1,1,-1,-1,1,1,1,1,1,-1,-1,1,1,-1,1,1,-1,-1,1,1,1,1,1,1,-1,1,1,1,-1,1,1,-1,1,1,1,1,1,1,-1,-1,1,1,1,1,1,-1,1,1,1,1,1,1,-1,-1,-1,1,1,1,1,-1,1,-1,1,1,-1,1,-1,1,-1,1,1,1,-1,-1,1,1,1,1,1,-1,1,-1,-1,1,-1,1,-1,1,1,1,1,1,1,1,1,1,-1,1,-1,1,-1,1,1,-1,1,-1,1,1,-1,1,-1,1,-1,1,-1,1,1,-1,-1,-1,1,1,1,1,-1,-1,1,1,-1,-1,1,-1,1,-1,-1,1,-1,1,-1,1,-1,1,-1,1,1,-1,-1,-1,1,1,-1,1,-1,1,1,1,-1,1,1,-1,1,-1,1,-1,1,-1,1,-1,1,1,-1,1,-1,-1,-1,1,1,-1,1,-1,-1,-1,1,1,-1,-1,1,1,-1,-1,1,1,-1,1,1,-1,1,1,1,1,-1,1,-1,1,1,-1,1,-1,1,1,-1,1,1,1,1,1,-1,-1,1,-1,-1,1,1,1,-1,1,1,1,-1,1,-1,-1,1,1,1,1,1,-1,1,1,1,-1,1,1,-1,1,1,1,-1,1,1,-1,-1,1,1,1,-1,1,-1,1,1,1,-1,1,1,-1,1,1,1,-1,1,-1,-1,1,1,1,-1,1,-1,-1,-1,1,1,-1,1,-1,-1,1,-1,1,-1,1,1,-1,-1,1,1,1,-1,1,-1,-1,1,1,-1,1,-1,1,-1,-1,-1,-1,1,1,-1,-1,1,1,-1,1,1,-1,-1,1,1,1,1,1,-1,1,1,1,-1,1,-1,-1,-1,-1,1,1,-1,1,-1,-1,1,-1,1,-1,-1,-1,-1,-1,-1,1,-1,-1,-1,1,-1,1,1,-1,1,-1,1,1,-1,1,-1,1,-1,-1,1,-1,1,-1,1,1,-1,1,-1,-1,1,1,-1,-1,1,-1,1,1,1,-1,-1,1,-1,1,-1,1,-1,1,1,-1,1,-1,-1,-1,1,1,-1,1,-1,-1,-1,1,-1,1,1,1,-1,1,1,-1,-1,1,-1,-1,-1,1,-1,1,-1,-1,-1,-1,1,-1,-1,1,-1,-1,-1,1,1,-1,1,-1,-1,-1,1,1,-1,-1,-1,1,-1,1,-1,-1,1,-1,-1,1,-1,1,-1,-1,1,-1,1,-1,1,-1,-1,1,-1,-1,1,1,1,-1,1,-1,1,-1,-1,-1,1,-1,-1,-1,1,-1,-1,-1,1,-1,1,1,-1,1,-1,1,-1,1,1,-1,1,1,1,-1,-1,1,-1,1,-1,1,-1,-1,1,-1,-1,1,1,1,-1,1,-1,-1,-1,1,-1,-1,1,-1,1,1,1,1,-1,1,-1,-1,1,1,-1,-1,1,-1,-1,-1,1,1,-1,-1,1,1,-1,-1,-1,-1,1,1,1,1,1,1,-1,-1,1,1,-1,1,-1,-1,1,1,1,1,-1,1,-1,1,-1,1,1,1,1,-1,-1,1,1,1,-1,-1,-1,-1,1,1,1,1,-1,-1,-1,1,1,1,-1,-1,-1,-1,1,1,1,1,-1,-1,-1,1,1,1,1,-1,-1,1,1,1,1,1,-1,-1,-1,1,1,-1,1,-1,-1,-1,1,1,1,1,-1,-1,1,1,1,1,1,-1,1,1,-1,1,1,-1,-1,-1,1,1,1,-1,1,-1,1,1,1,1,1,1,-1,-1,1,-1,1,-1,1,-1,-1,1,-1,1,1,-1,-1,-1,1,-1,1,1,-1,-1,-1,1,1,1,-1,1,-1,-1,1,-1,1,-1,-1,-1,-1,1,1,-1,-1,-1,-1,-1,1,-1,1,-1,-1,-1,-1,-1,-1,-1,1,-1,-1,-1,1,-1,-1,1,-1,-1,-1,-1,-1,-1,1,-1,-1,-1,-1,-1,1,-1,-1,-1,1,-1,-1,1,-1,1,-1,-1,-1,-1,-1,-1,-1,1,-1,-1,-1,1,1,-1,-1,-1,1,-1,-1,-1,-1,-1,1,-1,-1,1,1,1,-1,-1,-1,-1,1,-1,1,1,-1,1,-1,-1,1,1,-1,-1,-1,-1,-1,-1,1,1,-1,-1,1,-1,1,1,-1,-1,-1,1,-1,1,1,-1,-1,1,-1,-1,1,1,1,-1,1,-1,1,1,1,-1,-1,1,-1,-1,1,1,1,-1,1,-1,-1,1,1,-1,1,1,-1,-1,1,1,1,1,1,-1,-1,1,1,-1,1,1,-1,-1,1,1,1,1,1,1,-1,1,1,1,-1,1,-1,-1,1,-1,1,1,1,1,-1,-1,1,-1,1,1,1,-1,1,1,1,1,-1,1,-1,1,1,1,1,1,1,1,-1,-1,1,1,1,-1,1,-1,1,1,1,1,1,-1,1,1,1,1,-1,1,1,-1,1,1,-1,1,1,-1,-1,1,1,1,1,-1,1,-1,1,1,1,-1,-1,1,-1,1,1,1,-1,1,-1,-1,-1,1,1,-1,-1,1,-1,-1,1,1,-1,-1,1,-1,1,1,1,1,1,-1,-1,-1,1,1,-1,-1,-1,1,1,1,1,-1,1,1,-1,1,1,-1,-1,1,1,-1,-1,-1,1,-1,1,1,1,1,1,-1,-1,-1,-1,-1,-1,-1,-1,-1,-1,1,1,1,1,-1,1,1,-1,1,1,1,1,-1,1,-1,1,1,1,1,-1,1,-1,1,1,1,1,-1,1,-1,1,1,1,1,-1,1,-1,1,1,-1,-1,-1,1,-1,1,1,1,-1,-1,-1,1,-1,1,-1,1,-1,1,-1,1,1,-2674.0,1,2000,445,1500,False
105,1,1,-1,-1,1,-1,-1,-1,1,1,1,-1,1,1,1,1,-1,1,-1,-1,-1,-1,1,1,1,-1,-1,-1,1,1,1,1,1,-1,-1,-1,1,1,1,1,-1,-1,-1,1,1,1,1,-1,1,1,1,1,-1,1,-1,-1,1,-1,1,1,1,-1,-1,-1,1,1,1,1,-1,-1,-1,1,1,1,1,-1,-1,-1,1,1,1,-1,-1,-1,1,1,1,1,-1,-1,1,1,1,1,1,-1,-1,-1,1,-1,1,1,-1,-1,1,1,1,1,1,-1,-1,-1,1,1,1,1,-1,-1,1,1,1,1,1,1,-1,-1,1,1,-1,1,1,-1,1,1,1,1,1,1,-1,1,1,1,1,1,1,-1,1,1,1,1,1,1,-1,-1,-1,1,1,1,1,-1,1,1,1,1,-1,1,-1,1,-1,1,1,1,-1,-1,1,1,1,1,1,-1,1,-1,-1,1,-1,1,-1,1,1,1,1,1,1,1,1,1,-1,1,-1,1,-1,1,1,-1,1,-1,1,1,-1,1,-1,1,-1,1,-1,1,1,-1,1,-1,1,1,1,1,-1,-1,1,1,-1,-1,1,-1,1,-1,-1,1,-1,1,-1,1,-1,1,-1,1,1,-1,-1,-1,1,1,-1,1,-1,1,1,1,-1,1,1,-1,-1,-1,1,-1,1,-1,1,-1,1,1,-1,1,-1,-1,-1,1,1,-1,1,-1,-1,-1,1,1,-1,-1,1,1,-1,-1,1,1,-1,1,1,-1,1,1,1,1,-1,1,-1,1,1,-1,1,-1,1,1,-1,1,1,1,1,1,-1,-1,1,-1,-1,-1,1,1,-1,1,1,1,-1,1,-1,-1,1,1,1,1,1,-1,1,1,1,-1,1,1,-1,1,1,1,-1,1,1,-1,-1,1,1,1,-1,1,-1,1,1,1,-1,1,1,-1,1,1,1,-1,1,-1,-1,1,1,1,-1,1,-1,-1,-1,1,1,-1,1,-1,-1,1,-1,1,-1,1,1,-1,-1,1,1,1,-1,1,-1,-1,1,1,-1,1,-1,1,-1,-1,-1,-1,1,1,-1,-1,1,1,-1,1,1,-1,-1,1,1,1,1,1,-1,1,1,1,-1,1,-1,-1,-1,-1,1,1,1,1,-1,-1,1,1,1,-1,-1,-1,-1,-1,-1,1,-1,-1,-1,1,-1,1,1,-1,1,-1,1,1,-1,1,-1,1,-1,-1,1,-1,1,1,1,-1,1,1,-1,-1,1,1,-1,-1,1,-1,1,1,-1,1,-1,1,-1,-1,1,1,-1,1,1,-1,1,1,1,-1,1,1,-1,1,-1,-1,-1,1,-1,-1,1,-1,-1,-1,1,-1,-1,1,-1,1,-1,1,-1,-1,1,-1,-1,-1,1,-1,-1,1,-1,-1,-1,1,1,-1,1,1,-1,-1,1,1,-1,-1,1,1,-1,1,-1,-1,1,-1,-1,1,-1,1,-1,-1,1,-1,1,-1,1,1,-1,1,-1,-1,1,1,1,-1,1,-1,1,-1,1,-1,1,-1,-1,-1,1,-1,-1,-1,1,1,-1,1,-1,1,-1,1,-1,1,1,-1,1,1,1,-1,-1,1,-1,1,-1,1,1,-1,1,-1,-1,1,1,-1,-1,1,-1,-1,-1,1,-1,-1,1,-1,1,1,1,1,-1,1,-1,-1,1,1,-1,-1,1,-1,-1,-1,1,1,-1,-1,1,1,-1,-1,-1,-1,1,1,1,1,1,1,-1,-1,1,1,1,-1,-1,-1,1,1,1,1,-1,-1,-1,1,-1,1,-1,1,1,-1,-1,1,1,1,-1,-1,-1,1,1,1,1,1,-1,-1,-1,1,1,1,-1,-1,-1,-1,1,1,1,1,-1,-1,1,1,1,1,1,-1,-1,-1,1,1,1,1,-1,-1,-1,1,1,-1,1,-1,-1,-1,1,1,1,1,-1,-1,1,1,1,1,1,-1,1,1,-1,1,1,-1,-1,-1,1,1,1,1,1,-1,1,1,1,1,1,1,-1,-1,1,-1,1,-1,1,-1,-1,1,-1,1,-1,-1,-1,-1,1,-1,1,1,-1,-1,-1,1,1,1,-1,1,-1,-1,1,-1,1,-1,-1,-1,-1,1,1,-1,-1,-1,-1,-1,1,-1,1,-1,-1,-1,-1,-1,-1,-1,1,-1,-1,-1,1,-1,-1,1,-1,-1,-1,-1,-1,-1,1,-1,-1,-1,-1,-1,1,-1,-1,-1,1,-1,-1,1,-1,1,-1,-1,-1,-1,-1,-1,-1,1,-1,-1,-1,1,1,-1,-1,-1,1,-1,-1,-1,-1,-1,1,-1,-1,1,-1,1,-1,-1,-1,-1,1,-1,1,1,-1,1,-1,-1,1,1,-1,-1,-1,-1,-1,-1,1,1,-1,-1,1,-1,1,1,-1,-1,-1,1,-1,1,1,-1,-1,1,-1,-1,1,1,1,-1,1,-1,1,1,1,-1,-1,1,-1,-1,1,1,1,-1,1,-1,-1,1,1,-1,1,1,-1,-1,1,1,1,1,1,-1,-1,1,1,1,1,1,-1,-1,1,1,1,1,1,1,-1,-1,1,1,1,1,-1,-1,1,-1,1,1,1,1,-1,-1,1,-1,1,1,1,-1,1,1,1,1,-1,1,-1,1,1,1,1,1,1,1,-1,1,1,1,1,-1,1,-1,1,1,1,1,1,-1,1,1,1,1,-1,1,1,-1,1,1,-1,1,1,-1,-1,1,1,1,1,-1,1,-1,1,1,1,-1,-1,1,-1,1,1,1,-1,1,-1,-1,-1,1,1,-1,-1,1,-1,-1,1,1,-1,-1,1,-1,-1,1,1,1,-1,1,-1,-1,1,1,-1,-1,-1,1,-1,-1,1,-1,1,1,-1,1,1,-1,-1,1,1,-1,-1,1,1,-1,1,1,-1,1,1,-1,-1,-1,-1,1,-1,-1,-1,-1,-1,1,-1,1,1,-1,1,1,-1,1,1,1,1,-1,1,-1,1,1,1,-1,-1,1,-1,-1,-1,1,-1,-1,1,-1,1,1,1,-1,-1,1,-1,1,1,1,1,-1,1,-1,-1,1,1,1,-1,-1,1,-1,1,-1,1,-1,1,-1,-1,1,-2674.0,1,2000,445,1500,False
106,1,1,-1,-1,1,1,-1,-1,1,1,1,-1,1,1,1,1,-1,1,-1,-1,-1,-1,1,1,1,-1,-1,-1,1,1,1,1,1,-1,-1,-1,1,1,1,1,-1,-1,-1,1,1,1,1,-1,1,1,1,1,-1,1,-1,-1,1,-1,1,1,1,-1,-1,-1,1,1,1,1,-1,-1,-1,1,1,1,1,-1,-1,-1,1,1,1,-1,-1,-1,1,1,1,1,-1,-1,-1,1,1,1,1,-1,-1,1,1,-1,1,1,-1,-1,1,1,1,1,1,-1,-1,1,1,1,1,1,-1,-1,1,1,1,1,1,1,-1,-1,1,1,-1,1,1,-1,1,1,1,1,1,1,-1,-1,1,1,1,1,1,-1,1,1,1,1,1,1,-1,-1,-1,1,1,1,1,-1,1,1,1,1,-1,1,-1,1,-1,1,1,1,-1,-1,1,1,1,1,1,-1,1,-1,-1,1,-1,1,-1,1,1,1,1,1,1,1,1,1,-1,1,-1,1,-1,1,1,-1,1,-1,1,1,-1,1,-1,1,-1,1,-1,1,1,-1,1,-1,1,1,1,1,-1,-1,1,1,-1,-1,1,-1,1,-1,-1,1,-1,1,-1,1,-1,1,-1,-1,1,-1,1,-1,1,1,-1,1,-1,1,1,1,-1,1,1,-1,1,-1,1,-1,1,-1,1,-1,1,1,-1,1,-1,-1,-1,1,1,-1,1,-1,-1,-1,1,1,-1,-1,1,1,-1,-1,1,1,-1,1,1,-1,1,1,1,1,-1,1,-1,1,1,-1,1,-1,1,1,-1,1,1,1,1,1,-1,-1,1,-1,-1,-1,1,1,-1,1,1,1,-1,1,-1,-1,1,1,1,-1,1,-1,1,1,1,-1,1,1,-1,1,1,1,-1,1,1,-1,-1,1,1,1,-1,1,-1,1,1,1,-1,1,1,-1,1,1,1,-1,1,-1,-1,1,1,1,-1,1,-1,-1,-1,1,1,-1,1,-1,-1,1,-1,1,-1,1,1,-1,-1,1,1,1,-1,1,-1,-1,1,1,-1,1,-1,1,-1,-1,-1,-1,1,1,-1,-1,1,1,-1,1,1,-1,-1,1,1,1,1,1,-1,1,1,1,-1,1,-1,-1,-1,-1,1,1,1,1,-1,-1,1,1,1,1,-1,-1,-1,-1,-1,1,-1,-1,-1,1,-1,1,1,-1,1,-1,1,1,-1,1,-1,1,-1,-1,1,-1,1,1,1,1,-1,1,-1,-1,1,1,-1,-1,1,-1,1,1,1,-1,-1,1,-1,-1,1,1,-1,1,1,-1,1,1,-1,-1,1,1,-1,1,-1,-1,-1,1,-1,-1,1,-1,-1,-1,1,-1,-1,1,-1,-1,-1,1,-1,-1,1,-1,-1,-1,1,-1,-1,1,-1,-1,-1,1,1,-1,1,1,-1,-1,1,1,-1,-1,1,1,-1,1,-1,-1,1,-1,-1,1,-1,1,-1,-1,1,-1,1,-1,1,1,-1,1,-1,-1,1,1,1,-1,1,-1,1,-1,1,-1,1,-1,-1,-1,1,-1,-1,-1,1,1,-1,1,-1,1,-1,1,-1,1,1,-1,1,1,1,-1,-1,1,-1,1,-1,1,1,-1,1,-1,-1,1,1,-1,-1,1,-1,-1,-1,1,-1,-1,1,-1,1,1,1,1,-1,1,-1,-1,1,1,-1,-1,1,-1,-1,-1,1,1,-1,-1,1,1,-1,1,-1,-1,1,1,1,1,1,1,-1,-1,1,1,-1,1,-1,-1,-1,1,1,1,-1,-1,-1,1,-1,1,1,1,1,-1,-1,1,1,1,-1,-1,-1,-1,1,1,1,1,-1,-1,-1,1,1,1,-1,-1,-1,-1,1,1,1,1,-1,-1,1,1,1,1,1,-1,-1,-1,1,1,1,1,-1,-1,-1,1,1,-1,1,-1,-1,-1,1,1,1,1,-1,-1,1,1,1,1,1,-1,1,1,-1,1,1,-1,-1,-1,1,1,1,-1,1,-1,1,1,1,1,1,1,-1,-1,1,-1,1,-1,1,-1,-1,1,-1,1,1,-1,-1,-1,1,-1,1,1,-1,-1,-1,1,1,1,-1,1,-1,-1,1,-1,1,-1,-1,-1,-1,1,1,-1,-1,-1,-1,-1,1,-1,1,-1,-1,-1,-1,-1,-1,-1,1,-1,-1,-1,1,-1,-1,1,-1,-1,-1,-1,-1,1,1,-1,-1,-1,-1,-1,1,-1,-1,-1,1,-1,-1,1,-1,1,-1,-1,-1,-1,-1,-1,-1,1,-1,-1,-1,1,1,1,-1,-1,1,-1,-1,-1,-1,-1,1,-1,-1,1,-1,1,-1,-1,-1,-1,1,-1,1,1,-1,1,-1,-1,1,1,-1,-1,-1,-1,-1,-1,1,1,-1,-1,1,-1,1,1,-1,-1,-1,1,-1,1,1,-1,-1,1,-1,-1,1,1,1,-1,1,-1,1,1,1,-1,-1,1,-1,-1,1,1,1,-1,1,-1,-1,1,1,-1,1,1,-1,-1,1,1,-1,1,1,-1,-1,1,1,1,1,1,-1,-1,1,1,1,1,-1,1,-1,-1,1,1,1,1,-1,-1,1,-1,1,1,1,1,-1,-1,1,-1,1,1,1,-1,1,1,1,1,-1,1,-1,1,1,1,1,1,1,1,-1,1,1,1,1,-1,1,-1,1,1,1,1,1,-1,1,1,1,1,-1,1,1,-1,1,1,-1,1,1,-1,-1,1,1,1,1,-1,1,-1,1,1,1,-1,-1,1,-1,1,1,1,-1,1,-1,-1,-1,1,1,-1,-1,1,-1,-1,1,1,-1,-1,1,-1,-1,1,1,1,-1,1,-1,-1,1,1,-1,-1,-1,1,-1,1,1,-1,1,1,-1,1,1,-1,-1,1,1,-1,-1,1,1,-1,1,1,-1,1,1,-1,-1,-1,-1,1,-1,-1,-1,-1,1,-1,-1,1,1,-1,1,1,-1,1,1,1,1,-1,1,-1,1,1,1,1,-1,1,-1,-1,-1,1,1,-1,1,-1,1,1,1,1,-1,1,-1,1,1,1,-1,-1,1,-1,-1,1,1,-1,-1,-1,1,-1,1,1,1,-1,1,-1,-1,1,-2674.0,1,2000,445,500,False
107,1,1,-1,-1,1,-1,-1,-1,1,1,1,-1,1,1,1,1,-1,1,-1,-1,-1,-1,1,1,1,-1,-1,-1,1,1,1,1,1,-1,-1,-1,1,1,1,1,-1,-1,-1,1,1,1,1,-1,1,1,1,1,-1,1,-1,-1,1,-1,1,1,1,-1,-1,-1,1,1,1,1,-1,-1,-1,1,1,1,1,-1,-1,-1,1,1,1,-1,-1,-1,1,1,1,1,-1,-1,-1,1,1,1,1,-1,-1,1,1,-1,1,1,-1,-1,1,1,1,1,1,-1,-1,-1,1,1,1,1,-1,-1,1,1,1,1,1,1,-1,-1,1,1,-1,1,1,-1,1,1,1,1,1,1,-1,1,1,1,1,1,1,-1,1,1,1,1,1,1,-1,-1,-1,1,1,1,1,-1,1,1,1,1,-1,1,-1,1,-1,1,1,1,-1,-1,1,1,1,1,1,-1,1,-1,-1,1,-1,1,-1,1,1,1,1,1,1,1,1,1,-1,1,-1,1,-1,1,1,-1,1,-1,1,1,-1,1,-1,1,-1,1,-1,1,1,-1,1,-1,1,1,1,1,-1,-1,1,1,-1,-1,1,-1,1,-1,-1,1,-1,1,-1,1,-1,1,-1,1,1,-1,1,-1,1,1,-1,1,-1,1,1,1,-1,1,1,-1,1,-1,1,-1,1,-1,1,-1,1,1,-1,1,-1,-1,-1,1,1,-1,1,-1,-1,-1,1,1,-1,-1,1,1,-1,-1,1,1,-1,1,1,-1,1,1,1,-1,-1,1,-1,1,1,-1,1,-1,1,1,-1,1,1,-1,-1,1,-1,-1,1,-1,1,-1,1,1,-1,1,1,1,-1,1,-1,-1,1,1,-1,-1,1,-1,1,1,1,1,-1,1,-1,1,1,1,-1,1,1,-1,-1,1,1,-1,1,1,-1,1,1,1,1,1,1,-1,1,1,1,1,1,-1,-1,1,1,1,1,1,-1,-1,-1,1,1,1,1,-1,-1,1,-1,1,1,1,1,-1,-1,1,1,1,1,1,-1,-1,1,1,1,-1,-1,1,-1,-1,-1,-1,1,1,-1,-1,1,1,-1,1,1,-1,-1,1,1,1,1,1,-1,1,1,1,-1,1,-1,-1,-1,-1,1,1,1,1,-1,-1,1,-1,1,1,-1,-1,-1,-1,-1,1,-1,-1,-1,1,-1,1,1,1,1,-1,1,1,-1,1,-1,1,-1,-1,1,-1,1,-1,1,-1,1,1,-1,-1,1,1,-1,-1,1,-1,1,1,1,1,-1,1,-1,1,-1,1,-1,1,1,-1,-1,-1,1,-1,1,1,-1,1,-1,-1,-1,1,-1,1,1,-1,-1,-1,1,-1,-1,1,-1,1,-1,1,-1,1,-1,1,-1,-1,1,-1,-1,1,-1,-1,-1,1,1,-1,-1,-1,-1,-1,1,1,-1,-1,-1,1,-1,1,-1,-1,1,-1,-1,1,-1,1,-1,-1,1,-1,1,-1,1,-1,-1,1,-1,-1,1,1,1,-1,1,-1,1,-1,1,1,1,-1,-1,-1,1,-1,-1,-1,1,1,-1,1,-1,1,-1,1,-1,1,1,-1,1,1,1,-1,-1,1,-1,1,-1,1,1,-1,1,-1,-1,1,1,-1,-1,1,-1,-1,-1,1,-1,-1,1,-1,1,1,1,1,-1,1,-1,-1,1,1,-1,-1,1,-1,-1,-1,1,1,-1,-1,1,1,-1,-1,-1,-1,1,1,1,1,1,1,-1,-1,1,1,1,-1,-1,-1,-1,1,1,1,-1,-1,-1,1,-1,1,-1,1,-1,-1,-1,1,1,1,-1,-1,-1,-1,1,1,1,1,-1,-1,-1,1,1,1,-1,-1,-1,-1,1,1,1,1,-1,-1,1,1,1,1,1,-1,-1,-1,1,1,1,1,-1,-1,-1,1,1,-1,1,-1,-1,-1,1,1,1,1,-1,-1,1,1,1,1,1,-1,1,1,-1,1,1,-1,-1,-1,1,1,1,1,1,-1,1,1,1,1,1,1,-1,-1,1,-1,1,-1,1,-1,-1,1,-1,1,-1,-1,-1,-1,1,-1,1,1,-1,-1,-1,1,1,1,-1,1,-1,-1,1,-1,1,-1,-1,-1,-1,1,1,-1,-1,-1,-1,-1,1,-1,1,-1,-1,-1,-1,-1,-1,-1,1,-1,-1,-1,1,-1,-1,1,-1,-1,-1,-1,-1,1,1,-1,-1,-1,-1,-1,1,-1,-1,-1,1,-1,-1,1,-1,1,-1,-1,-1,-1,-1,-1,-1,1,-1,-1,-1,1,1,-1,-1,-1,1,-1,-1,-1,-1,-1,1,-1,-1,1,-1,1,-1,-1,-1,-1,1,-1,1,1,-1,1,-1,-1,1,1,-1,-1,-1,-1,-1,-1,1,1,-1,-1,1,-1,1,1,-1,-1,-1,1,-1,1,1,-1,-1,1,-1,-1,1,1,1,-1,1,-1,1,1,1,-1,-1,1,-1,-1,1,1,1,-1,1,-1,-1,1,1,-1,1,1,-1,-1,1,1,-1,1,1,-1,-1,1,1,1,1,1,-1,-1,1,1,1,1,1,1,-1,1,1,1,-1,1,-1,-1,1,-1,1,1,1,1,-1,-1,1,-1,1,1,1,-1,1,1,1,1,-1,1,-1,1,1,1,1,1,1,-1,-1,1,1,1,1,-1,1,-1,1,1,1,1,-1,1,-1,1,1,1,-1,-1,1,-1,1,1,-1,1,-1,-1,-1,1,1,1,-1,1,-1,-1,1,1,1,-1,-1,-1,1,1,1,1,-1,-1,1,-1,-1,1,1,-1,1,-1,-1,1,1,1,-1,-1,1,-1,1,1,1,1,1,1,-1,-1,1,1,-1,-1,1,1,1,-1,1,-1,1,-1,-1,1,1,-1,-1,1,-1,-1,-1,1,1,-1,1,-1,1,1,1,-1,-1,-1,-1,1,-1,-1,-1,-1,1,-1,1,1,1,-1,1,1,-1,1,1,1,1,-1,1,-1,1,1,1,-1,-1,1,-1,1,1,1,-1,-1,1,-1,1,1,1,-1,-1,1,-1,1,1,1,1,-1,1,-1,-1,1,1,-1,-1,-1,1,-1,1,-1,1,-1,1,-1,-1,1,-2674.0,1,2000,445,0,False
108,1,1,-1,-1,1,1,-1,-1,1,1,1,-1,1,1,1,1,-1,1,-1,-1,-1,-1,1,1,1,1,-1,-1,1,1,1,1,-1,-1,-1,-1,1,-1,1,1,-1,-1,-1,1,1,1,1,-1,1,1,1,1,-1,1,-1,-1,1,-1,1,1,1,-1,-1,-1,1,1,1,1,-1,-1,-1,1,1,1,1,-1,-1,-1,1,1,1,-1,-1,-1,1,1,1,1,-1,-1,-1,1,1,1,1,-1,-1,1,1,-1,1,1,-1,-1,1,1,1,1,1,-1,-1,-1,1,1,1,1,-1,-1,1,1,1,1,1,1,-1,-1,1,1,-1,1,1,-1,1,1,1,1,1,1,-1,1,1,1,1,1,1,-1,1,1,1,1,1,1,-1,-1,-1,1,1,1,1,-1,1,1,1,1,-1,1,-1,1,-1,1,1,1,-1,-1,1,1,1,1,1,-1,1,-1,-1,1,-1,1,-1,1,1,1,1,1,1,1,1,1,1,1,-1,1,-1,1,1,-1,1,-1,1,1,-1,1,-1,1,-1,1,-1,1,1,-1,1,-1,1,1,1,1,-1,-1,1,1,-1,-1,1,-1,1,-1,-1,1,-1,1,-1,1,-1,1,-1,1,1,-1,-1,-1,1,1,-1,1,-1,1,1,1,-1,1,1,-1,1,-1,1,-1,1,-1,1,-1,1,1,-1,1,-1,-1,-1,1,1,-1,1,-1,-1,-1,1,1,-1,-1,1,1,-1,-1,1,1,-1,1,1,-1,1,1,1,1,-1,1,-1,1,1,-1,1,-1,1,1,-1,1,1,1,1,1,-1,-1,1,-1,-1,-1,1,1,-1,1,1,1,-1,1,-1,-1,1,1,1,-1,1,-1,1,1,1,-1,-1,1,-1,1,1,1,-1,1,1,-1,-1,1,1,1,-1,1,-1,1,1,1,-1,1,1,-1,1,1,1,-1,1,-1,-1,1,1,1,-1,1,-1,-1,-1,1,1,-1,1,-1,-1,1,-1,1,-1,1,1,-1,-1,1,1,1,1,1,-1,-1,1,1,-1,1,-1,1,-1,-1,-1,-1,1,1,-1,-1,1,1,-1,1,1,-1,-1,1,1,1,1,1,-1,1,1,1,-1,1,-1,-1,-1,-1,1,1,1,1,-1,-1,1,1,1,1,-1,-1,-1,-1,-1,1,-1,-1,-1,1,-1,1,1,1,1,-1,1,1,-1,1,-1,1,-1,-1,1,-1,1,1,1,1,-1,1,-1,-1,1,1,-1,-1,1,-1,1,1,1,-1,-1,1,-1,-1,1,1,-1,1,1,-1,1,1,-1,-1,1,1,-1,1,-1,-1,-1,1,-1,-1,1,-1,-1,-1,1,-1,-1,1,-1,-1,-1,1,-1,-1,1,-1,-1,-1,1,-1,-1,1,-1,-1,-1,1,1,-1,1,1,-1,-1,1,1,-1,-1,-1,1,-1,1,-1,-1,1,-1,-1,1,-1,1,-1,-1,1,-1,1,-1,1,1,-1,1,-1,-1,1,1,1,-1,1,-1,1,-1,-1,-1,1,-1,-1,-1,1,-1,-1,-1,1,1,-1,1,-1,1,-1,1,-1,1,1,-1,1,1,1,-1,-1,1,-1,1,-1,1,1,-1,1,-1,-1,1,1,-1,-1,1,-1,-1,-1,1,-1,-1,1,-1,1,1,1,1,-1,1,-1,-1,1,1,-1,-1,1,-1,-1,-1,1,1,-1,-1,1,1,-1,-1,-1,-1,1,1,1,1,1,1,-1,-1,1,1,-1,1,-1,-1,1,1,1,1,-1,-1,-1,1,-1,1,1,1,1,-1,-1,1,1,1,-1,-1,-1,1,1,1,1,1,-1,-1,-1,1,1,1,-1,-1,-1,-1,1,1,1,1,-1,-1,1,1,1,1,1,-1,-1,-1,1,1,1,1,-1,-1,-1,1,1,-1,1,-1,-1,-1,1,1,1,1,-1,-1,1,1,1,1,1,-1,1,1,-1,1,1,-1,-1,-1,1,1,1,-1,1,-1,1,1,1,1,1,1,-1,-1,1,-1,1,-1,1,-1,-1,1,-1,1,-1,-1,-1,-1,1,-1,1,1,-1,1,-1,1,1,1,-1,1,1,-1,1,-1,1,-1,-1,-1,-1,1,1,-1,-1,-1,-1,-1,1,-1,1,-1,-1,-1,-1,-1,-1,-1,1,-1,-1,-1,1,-1,-1,1,-1,-1,-1,-1,-1,-1,1,-1,-1,-1,-1,-1,1,-1,-1,-1,1,-1,-1,1,-1,1,-1,-1,-1,-1,-1,-1,-1,1,-1,-1,-1,1,1,-1,-1,-1,1,-1,-1,-1,-1,-1,1,-1,-1,1,-1,1,-1,-1,-1,-1,1,-1,1,1,-1,1,-1,-1,1,1,-1,-1,-1,-1,-1,-1,1,1,-1,-1,1,-1,1,1,-1,-1,-1,1,-1,-1,1,-1,-1,1,-1,-1,1,1,1,-1,1,-1,1,1,1,-1,-1,1,-1,-1,1,1,1,-1,1,-1,-1,1,1,-1,1,1,-1,-1,1,1,-1,1,1,-1,-1,1,1,-1,1,1,-1,-1,1,1,1,1,1,1,-1,-1,1,1,1,1,-1,-1,1,-1,1,1,1,1,-1,-1,1,-1,1,1,1,-1,1,1,1,1,-1,1,-1,1,1,1,1,1,1,1,-1,1,1,1,1,-1,1,-1,1,1,1,1,1,-1,1,1,1,1,-1,1,1,-1,1,1,-1,1,1,-1,-1,1,1,1,1,-1,1,-1,1,1,1,-1,-1,1,-1,1,1,1,-1,1,-1,-1,-1,1,1,-1,-1,1,-1,-1,1,1,-1,-1,1,-1,-1,1,1,1,-1,1,-1,-1,1,1,-1,-1,-1,1,-1,1,1,-1,1,1,-1,1,1,-1,-1,1,-1,-1,-1,1,1,-1,1,1,-1,1,1,-1,-1,-1,-1,1,-1,-1,-1,-1,1,-1,-1,1,1,-1,1,1,-1,1,1,1,1,-1,1,-1,1,1,1,-1,-1,1,-1,-1,1,1,-1,-1,1,-1,1,1,1,-1,-1,1,-1,1,1,1,1,-1,1,-1,-1,1,1,-1,-1,-1,1,-1,1,-1,1,-1,1,-1,-1,1,-2674.0,1,2000,445,1500,False
109,1,1,-1,-1,1,-1,-1,-1,1,1,1,-1,1,1,1,1,-1,1,-1,-1,1,-1,1,1,1,-1,1,-1,1,1,1,1,-1,-1,-1,-1,1,-1,1,1,-1,-1,-1,1,1,1,1,-1,1,1,1,1,-1,1,-1,-1,1,-1,1,1,1,-1,-1,-1,1,1,1,1,-1,-1,-1,1,1,1,1,-1,-1,-1,1,1,1,-1,-1,-1,1,1,1,1,-1,-1,-1,1,1,1,1,-1,-1,1,1,-1,1,1,-1,-1,1,1,1,1,1,-1,-1,1,1,1,1,1,-1,-1,1,1,1,1,1,1,-1,-1,1,1,-1,1,1,-1,1,1,1,1,1,1,-1,-1,1,1,1,1,1,-1,1,1,1,1,1,1,-1,-1,-1,1,1,1,1,-1,1,1,1,1,-1,1,-1,1,-1,1,1,1,-1,-1,1,1,1,1,1,-1,1,-1,-1,1,-1,1,-1,1,1,1,1,1,1,1,1,1,1,1,-1,1,-1,1,1,-1,1,-1,1,1,-1,1,-1,1,-1,1,-1,1,1,-1,1,-1,1,1,1,1,-1,-1,1,1,-1,-1,1,-1,1,-1,-1,1,-1,1,-1,1,-1,1,-1,1,1,-1,1,-1,1,1,-1,1,-1,1,1,1,-1,1,1,-1,1,-1,1,-1,1,-1,1,-1,1,1,-1,1,-1,-1,-1,1,1,-1,1,-1,-1,-1,1,1,-1,-1,1,1,-1,-1,1,1,-1,1,1,-1,1,1,1,-1,-1,1,-1,1,1,-1,1,-1,1,1,-1,1,1,-1,-1,1,-1,-1,1,-1,1,-1,1,1,-1,1,1,1,-1,1,-1,-1,1,1,-1,-1,1,-1,1,1,1,1,-1,1,-1,1,1,1,-1,1,1,-1,-1,1,1,-1,1,1,-1,1,1,1,1,1,1,-1,1,1,1,1,1,-1,-1,1,1,1,1,1,-1,-1,-1,1,1,1,1,-1,-1,1,-1,1,1,1,1,-1,-1,1,1,1,1,1,-1,-1,1,1,1,-1,-1,1,-1,-1,-1,-1,1,1,-1,-1,1,1,-1,1,1,-1,-1,1,1,1,1,1,-1,1,1,1,-1,1,-1,-1,-1,-1,1,1,1,1,-1,-1,1,-1,1,1,-1,-1,1,-1,-1,1,-1,-1,-1,-1,1,-1,-1,1,1,-1,1,1,-1,1,-1,1,-1,-1,1,-1,1,-1,1,1,-1,1,-1,-1,1,1,-1,-1,1,-1,1,1,1,-1,-1,1,-1,1,-1,1,-1,-1,1,-1,-1,-1,-1,1,1,1,-1,1,-1,-1,-1,1,-1,1,1,-1,-1,-1,1,-1,-1,1,-1,-1,-1,1,-1,1,-1,-1,-1,-1,1,-1,-1,1,-1,-1,-1,1,1,-1,-1,-1,-1,-1,1,1,-1,-1,-1,1,-1,1,-1,-1,1,-1,-1,1,1,1,-1,-1,1,-1,1,1,1,-1,-1,1,-1,-1,-1,1,1,-1,1,-1,1,1,1,-1,1,-1,-1,-1,1,-1,-1,-1,1,1,-1,1,-1,1,-1,1,-1,1,1,-1,1,1,1,-1,-1,1,-1,1,-1,1,1,-1,1,-1,-1,1,1,-1,-1,1,-1,-1,-1,1,-1,-1,1,-1,1,1,1,1,-1,1,-1,-1,1,1,-1,-1,1,-1,-1,-1,1,1,-1,-1,1,1,-1,1,-1,-1,1,1,1,1,1,1,-1,-1,1,1,-1,1,-1,-1,-1,1,1,1,-1,-1,-1,1,-1,1,1,1,1,-1,-1,1,1,1,-1,-1,-1,-1,1,1,1,1,-1,-1,-1,1,1,1,-1,-1,-1,-1,1,1,1,1,-1,-1,1,1,1,1,1,-1,-1,-1,1,1,1,1,-1,-1,-1,1,1,-1,1,-1,-1,-1,1,1,1,1,-1,-1,1,1,1,1,-1,-1,1,1,-1,1,1,-1,-1,-1,1,1,1,-1,1,-1,1,1,1,1,1,-1,-1,-1,1,-1,1,-1,-1,-1,-1,1,-1,1,1,-1,-1,-1,1,-1,1,1,-1,1,-1,1,1,1,1,-1,1,-1,1,-1,1,1,-1,-1,-1,1,1,-1,-1,-1,-1,-1,1,-1,1,-1,-1,-1,-1,-1,-1,-1,1,-1,-1,-1,1,-1,-1,1,-1,-1,-1,-1,-1,1,1,-1,-1,-1,-1,-1,1,-1,-1,-1,1,-1,-1,1,-1,1,-1,-1,-1,-1,-1,-1,-1,1,-1,-1,-1,1,1,1,-1,-1,1,-1,-1,-1,-1,-1,1,-1,-1,1,1,1,-1,-1,-1,-1,1,-1,1,1,-1,1,-1,-1,1,1,-1,-1,-1,-1,-1,-1,1,1,-1,-1,1,-1,1,1,-1,-1,-1,1,-1,1,1,-1,-1,1,-1,-1,1,1,1,-1,1,-1,1,1,1,-1,-1,1,-1,-1,1,1,1,-1,1,-1,-1,1,1,-1,1,1,-1,-1,1,1,-1,1,1,-1,-1,1,1,-1,1,1,-1,-1,1,1,1,1,1,1,-1,1,1,1,-1,1,-1,-1,1,-1,1,1,1,1,-1,-1,1,-1,1,1,1,-1,1,1,1,1,-1,1,-1,1,1,1,1,1,1,-1,-1,1,1,1,1,-1,1,-1,1,1,1,1,-1,1,-1,1,1,1,-1,-1,1,-1,1,1,-1,1,-1,-1,-1,1,1,1,-1,1,-1,-1,1,1,1,-1,-1,-1,-1,1,1,1,-1,-1,1,-1,-1,1,1,-1,1,-1,-1,1,1,1,-1,-1,1,-1,1,1,1,1,1,1,-1,-1,1,1,-1,-1,1,1,1,-1,1,-1,1,-1,-1,1,1,-1,-1,1,-1,-1,-1,1,1,-1,1,-1,1,1,1,-1,-1,-1,-1,1,-1,-1,-1,-1,1,-1,1,1,1,-1,1,1,-1,1,1,1,1,-1,1,-1,1,1,1,1,-1,1,-1,1,1,1,1,-1,1,-1,1,1,1,1,-1,1,-1,1,1,-1,-1,-1,1,-1,-1,1,1,-1,-1,-1,1,-1,1,-1,1,-1,1,-1,-1,1,-2674.0,1,2000,445,1500,False
110,1,1,-1,-1,1,1,-1,-1,1,1,1,-1,1,1,1,1,-1,1,-1,-1,1,-1,1,1,1,-1,1,-1,1,1,1,1,1,-1,-1,-1,1,1,1,1,-1,-1,-1,1,1,1,1,-1,1,1,1,1,-1,1,-1,-1,1,-1,1,1,1,-1,-1,-1,1,1,1,1,-1,-1,-1,1,1,1,1,-1,-1,-1,1,1,1,-1,-1,-1,1,1,1,1,-1,-1,-1,1,1,1,1,-1,-1,1,1,-1,1,1,-1,-1,1,1,1,1,1,-1,-1,1,1,-1,1,1,-1,-1,1,1,1,1,1,1,-1,-1,1,1,-1,1,1,-1,1,1,1,1,1,1,-1,-1,1,1,1,1,1,-1,1,1,1,1,1,1,-1,-1,-1,1,1,1,1,-1,1,1,1,1,-1,1,-1,1,-1,1,1,1,-1,-1,1,1,1,1,1,-1,1,-1,-1,1,-1,1,-1,1,1,1,1,1,1,1,1,1,-1,1,-1,1,-1,1,1,-1,1,-1,1,1,-1,1,-1,1,-1,1,-1,1,1,-1,1,-1,1,1,1,1,-1,-1,1,1,-1,-1,1,-1,1,-1,1,1,-1,1,-1,1,-1,1,-1,1,1,-1,-1,-1,1,1,-1,1,-1,1,1,1,-1,1,1,-1,1,-1,1,-1,1,-1,1,-1,1,1,-1,1,-1,-1,-1,1,1,-1,1,-1,-1,-1,1,1,-1,-1,1,1,-1,-1,1,1,-1,1,1,-1,1,1,1,1,-1,1,-1,1,1,-1,1,-1,1,1,1,1,1,1,1,1,-1,-1,1,-1,-1,1,1,1,-1,1,1,1,-1,1,1,1,1,1,1,1,1,-1,1,1,1,-1,1,1,-1,1,1,1,-1,1,1,-1,-1,1,1,1,-1,1,-1,1,1,1,-1,1,1,-1,1,1,1,-1,1,1,-1,1,1,1,-1,1,1,1,-1,1,1,-1,1,1,-1,1,-1,1,-1,1,1,1,-1,1,1,1,-1,1,1,-1,1,1,-1,1,1,1,-1,-1,-1,-1,1,1,1,-1,1,1,-1,1,1,-1,-1,1,1,1,1,1,-1,1,1,1,-1,1,1,1,1,-1,1,1,-1,-1,1,-1,1,-1,1,-1,1,1,-1,-1,-1,1,-1,-1,1,-1,1,-1,1,-1,1,1,1,1,-1,1,-1,-1,1,-1,1,-1,1,-1,1,1,1,1,-1,-1,1,-1,1,1,-1,-1,1,1,1,-1,1,1,-1,1,-1,-1,1,1,-1,-1,1,-1,1,1,-1,1,-1,1,-1,1,1,-1,-1,1,1,-1,1,1,-1,-1,-1,1,-1,1,1,1,-1,1,-1,-1,-1,1,-1,-1,-1,1,-1,1,1,-1,1,-1,1,-1,-1,1,-1,-1,-1,1,-1,-1,1,-1,-1,-1,1,-1,-1,1,-1,-1,-1,-1,1,-1,1,-1,-1,-1,-1,1,-1,-1,1,1,1,-1,1,-1,1,-1,1,1,1,-1,-1,-1,1,-1,-1,1,1,1,-1,1,-1,1,1,1,-1,1,1,-1,-1,-1,1,-1,-1,1,-1,-1,1,1,1,-1,1,-1,-1,1,1,-1,-1,1,-1,-1,1,1,-1,-1,1,-1,-1,-1,1,1,-1,1,-1,-1,-1,1,-1,-1,1,-1,1,-1,1,1,-1,-1,1,-1,-1,-1,-1,-1,1,1,1,-1,-1,1,-1,-1,1,-1,-1,1,-1,-1,1,1,-1,-1,1,1,-1,1,1,-1,1,-1,1,-1,-1,1,1,-1,-1,-1,-1,1,1,-1,-1,1,-1,-1,-1,1,1,-1,-1,-1,-1,-1,1,-1,-1,-1,-1,-1,1,1,1,-1,-1,-1,-1,-1,1,1,-1,-1,-1,-1,-1,1,1,1,-1,-1,-1,-1,1,1,-1,-1,-1,-1,1,1,1,1,1,-1,1,1,1,1,1,1,-1,-1,1,1,1,1,1,-1,1,1,1,1,-1,1,-1,-1,1,-1,1,-1,1,-1,-1,1,-1,1,1,1,-1,-1,1,-1,1,-1,1,-1,-1,1,-1,1,1,1,-1,-1,1,-1,1,1,1,-1,-1,1,1,-1,1,1,-1,-1,1,-1,1,-1,1,-1,-1,-1,-1,-1,1,1,-1,-1,1,-1,-1,1,1,-1,-1,-1,-1,1,-1,1,-1,-1,-1,-1,1,-1,-1,-1,1,-1,-1,1,-1,1,-1,-1,-1,-1,-1,-1,1,1,-1,-1,-1,1,1,1,-1,-1,-1,1,-1,-1,1,-1,1,-1,-1,1,1,1,-1,-1,-1,-1,1,-1,1,1,-1,1,-1,-1,1,1,-1,-1,-1,-1,-1,-1,1,1,-1,-1,1,-1,1,1,-1,-1,-1,1,-1,1,1,-1,-1,1,-1,-1,1,1,1,-1,1,-1,1,1,1,-1,-1,1,-1,-1,1,-1,1,-1,1,-1,-1,1,1,-1,1,1,-1,-1,1,1,1,1,1,-1,-1,1,1,1,1,1,-1,-1,1,1,1,1,1,1,-1,1,1,1,-1,1,-1,-1,1,-1,1,1,1,1,-1,-1,1,-1,1,1,1,-1,1,1,1,1,-1,1,-1,1,1,1,1,1,1,1,-1,-1,1,1,1,-1,1,-1,1,1,1,1,1,-1,1,1,1,1,-1,1,1,-1,1,1,-1,1,1,-1,-1,1,1,1,1,-1,1,-1,1,1,1,-1,-1,1,-1,1,1,1,-1,1,-1,-1,-1,1,1,-1,-1,1,-1,-1,1,1,1,-1,1,-1,1,-1,1,1,-1,1,-1,-1,1,1,-1,-1,-1,1,1,-1,1,-1,1,1,-1,1,1,-1,-1,1,1,-1,-1,1,1,-1,1,1,1,1,1,-1,-1,-1,-1,1,-1,-1,-1,-1,-1,1,1,1,1,-1,1,1,-1,1,1,1,1,-1,1,-1,1,1,1,1,-1,1,-1,1,1,1,1,-1,1,-1,1,1,1,1,-1,1,-1,1,1,-1,-1,-1,1,-1,1,1,1,-1,-1,-1,1,-1,1,-1,1,-1,1,-1,1,1,-2674.0,1,2000,445,1500,False
111,1,1,-1,-1,1,1,-1,-1,1,1,1,-1,-1,1,1,1,-1,1,1,-1,1,-1,1,1,1,1,-1,-1,1,1,1,1,-1,-1,-1,-1,1,-1,1,1,-1,-1,-1,1,1,1,1,-1,1,1,1,1,-1,1,-1,-1,1,-1,1,1,1,-1,-1,-1,1,1,1,1,-1,-1,-1,1,1,1,1,-1,-1,-1,1,1,1,-1,-1,-1,1,1,1,1,-1,-1,-1,1,1,1,1,-1,-1,1,1,-1,1,1,-1,-1,1,1,1,1,1,-1,-1,1,1,1,1,1,-1,-1,1,1,1,1,1,1,-1,-1,1,1,-1,1,1,-1,1,1,1,1,1,1,-1,-1,1,1,1,1,1,-1,1,1,1,1,1,1,-1,-1,-1,1,1,1,1,-1,1,1,1,1,-1,1,-1,1,-1,1,1,1,-1,-1,1,1,1,1,1,-1,1,-1,-1,1,-1,1,-1,1,1,1,1,1,1,1,1,1,1,1,-1,1,-1,1,1,-1,1,-1,1,1,-1,1,-1,1,-1,1,-1,1,1,-1,1,-1,1,1,1,1,-1,-1,1,1,-1,-1,1,-1,1,-1,1,1,-1,1,-1,1,-1,1,-1,1,1,-1,-1,-1,1,1,-1,1,-1,1,1,1,-1,1,1,-1,1,-1,1,-1,1,-1,1,-1,1,1,-1,1,-1,-1,-1,1,1,-1,1,-1,-1,-1,1,1,-1,-1,1,1,-1,-1,1,1,-1,1,1,-1,1,1,1,1,-1,1,-1,1,1,-1,1,-1,1,1,-1,1,1,1,1,1,-1,-1,1,-1,-1,-1,1,1,-1,1,1,1,-1,1,-1,-1,1,1,1,1,1,-1,1,1,1,-1,1,1,-1,1,1,1,-1,1,1,-1,-1,1,1,1,-1,1,-1,1,1,1,-1,1,1,-1,1,1,1,-1,1,-1,-1,1,1,1,-1,1,-1,-1,-1,1,1,-1,1,-1,-1,1,-1,1,-1,1,1,-1,-1,1,1,1,-1,1,-1,-1,1,1,-1,1,-1,1,-1,-1,-1,-1,1,1,-1,-1,1,1,-1,1,1,-1,-1,1,1,1,1,1,-1,1,1,1,-1,1,-1,-1,-1,-1,1,1,1,1,-1,-1,1,1,1,1,-1,-1,-1,-1,-1,1,-1,-1,-1,1,-1,1,1,-1,1,-1,1,1,-1,1,-1,1,-1,-1,1,-1,1,1,1,1,-1,1,-1,-1,1,1,-1,-1,1,-1,1,1,1,-1,-1,1,-1,-1,1,1,-1,1,1,-1,1,1,-1,-1,1,1,-1,1,-1,-1,-1,1,-1,-1,1,-1,-1,-1,1,-1,-1,1,-1,-1,-1,1,-1,-1,1,1,-1,-1,1,-1,-1,1,-1,-1,-1,-1,1,-1,1,1,-1,-1,1,1,-1,-1,-1,1,-1,1,-1,-1,1,-1,-1,1,1,1,-1,-1,1,-1,1,-1,1,-1,-1,1,-1,-1,1,1,1,-1,1,-1,1,-1,-1,-1,1,-1,-1,-1,1,-1,-1,-1,1,1,-1,1,-1,1,-1,1,-1,1,1,-1,1,1,1,-1,-1,1,-1,1,-1,1,1,-1,1,-1,-1,1,1,-1,-1,1,-1,-1,-1,1,-1,-1,1,-1,1,1,1,1,-1,1,-1,-1,1,1,-1,-1,1,-1,-1,-1,1,1,-1,-1,1,1,-1,1,-1,-1,1,1,1,1,1,1,-1,-1,1,1,-1,1,-1,-1,1,1,1,1,-1,-1,-1,1,-1,1,1,1,1,-1,-1,1,1,1,-1,-1,-1,-1,1,1,1,1,-1,-1,-1,1,1,1,-1,-1,-1,-1,1,1,1,1,-1,-1,1,1,1,1,1,-1,-1,-1,1,1,1,1,-1,-1,-1,1,1,-1,1,-1,-1,-1,1,1,1,1,-1,-1,1,1,1,1,1,-1,1,1,-1,1,1,-1,-1,-1,1,1,1,1,1,-1,1,1,1,1,1,1,-1,-1,1,-1,1,-1,1,-1,-1,1,-1,1,1,-1,-1,-1,1,-1,1,1,-1,1,-1,1,1,1,-1,1,1,-1,1,-1,1,-1,-1,-1,-1,1,1,-1,-1,-1,-1,-1,1,-1,1,-1,-1,-1,-1,-1,-1,-1,1,-1,-1,-1,1,-1,-1,1,-1,-1,-1,-1,-1,1,1,-1,-1,-1,-1,-1,1,-1,-1,-1,1,-1,-1,1,-1,1,-1,-1,-1,-1,-1,-1,-1,1,-1,-1,-1,1,1,1,-1,-1,-1,1,-1,-1,-1,-1,1,-1,-1,1,-1,1,-1,-1,-1,-1,1,-1,1,1,-1,1,-1,-1,1,1,-1,-1,-1,-1,-1,-1,1,1,-1,-1,1,-1,1,1,-1,-1,-1,1,-1,-1,1,-1,-1,1,-1,-1,1,1,1,-1,1,-1,1,1,1,-1,-1,1,-1,-1,1,1,1,-1,1,-1,-1,1,1,-1,1,1,-1,-1,1,1,-1,1,1,-1,-1,1,1,-1,1,1,-1,-1,1,1,1,1,1,1,-1,-1,1,-1,1,1,-1,-1,1,-1,1,1,1,1,-1,-1,1,-1,1,1,1,-1,1,1,1,1,-1,1,-1,1,1,1,1,1,1,1,-1,1,1,1,1,-1,1,-1,1,1,1,1,1,-1,1,1,1,1,-1,1,1,-1,1,1,-1,1,1,-1,-1,1,1,1,1,-1,1,-1,1,1,1,-1,-1,1,-1,1,1,1,-1,1,-1,-1,-1,1,1,-1,-1,1,-1,-1,1,1,-1,-1,1,-1,-1,1,1,1,-1,-1,-1,-1,1,1,-1,-1,-1,1,-1,1,1,-1,1,1,-1,1,1,-1,-1,1,1,-1,-1,1,1,-1,1,1,-1,1,1,-1,-1,-1,-1,1,-1,-1,-1,-1,-1,1,-1,1,1,-1,1,1,-1,1,1,1,1,-1,1,-1,1,1,1,1,-1,1,-1,1,1,1,1,-1,1,-1,-1,1,1,1,-1,1,-1,1,1,-1,-1,-1,1,-1,-1,1,1,-1,-1,-1,1,-1,1,-1,1,-1,1,-1,-1,1,-2674.0,1,2000,445,1500,False
112,1,1,-1,-1,1,1,-1,-1,1,1,1,-1,1,1,1,1,-1,1,-1,-1,1,-1,1,1,1,-1,1,-1,1,1,1,1,-1,-1,-1,-1,1,-1,1,1,-1,-1,-1,1,1,1,1,-1,1,1,1,1,-1,1,-1,-1,1,-1,1,1,1,-1,-1,-1,1,1,1,1,-1,-1,-1,1,1,1,1,-1,-1,-1,1,1,1,-1,-1,-1,1,1,1,1,-1,-1,-1,1,1,1,1,-1,-1,1,1,-1,1,1,-1,-1,1,1,1,1,1,-1,-1,1,1,1,1,1,-1,-1,1,1,1,1,1,1,-1,-1,1,1,-1,1,1,-1,1,1,1,1,1,1,-1,-1,1,1,1,1,1,-1,1,1,1,1,1,1,-1,-1,-1,1,1,1,1,-1,1,1,1,1,-1,1,-1,1,-1,1,1,1,-1,-1,1,1,1,1,1,-1,1,-1,-1,1,-1,1,-1,1,1,1,1,1,1,1,1,1,-1,1,-1,1,-1,1,1,-1,1,-1,1,1,-1,1,-1,1,-1,1,-1,1,1,-1,1,-1,1,1,1,1,-1,-1,1,1,-1,-1,1,-1,1,-1,-1,1,-1,1,-1,1,-1,1,-1,1,1,-1,-1,-1,1,1,-1,1,-1,1,1,1,-1,1,1,-1,1,-1,1,-1,1,-1,1,-1,1,1,-1,1,-1,-1,-1,1,1,-1,1,-1,-1,-1,1,1,-1,-1,1,1,-1,-1,1,1,-1,1,1,-1,1,1,1,1,-1,1,-1,1,1,-1,1,-1,1,1,-1,1,1,1,1,1,-1,-1,1,-1,-1,-1,1,1,-1,1,1,1,-1,1,-1,-1,1,1,1,-1,1,-1,1,1,1,-1,-1,1,-1,1,1,1,-1,1,1,-1,-1,1,1,1,-1,1,-1,1,1,1,-1,1,1,-1,1,1,1,-1,1,-1,-1,1,1,1,-1,1,-1,-1,-1,1,1,-1,1,-1,-1,1,-1,1,-1,1,1,-1,-1,1,1,1,-1,1,-1,-1,1,1,-1,1,-1,1,-1,-1,-1,-1,1,1,-1,-1,1,1,-1,1,1,-1,-1,1,1,1,1,1,-1,1,1,1,-1,1,-1,-1,-1,-1,1,1,1,1,-1,-1,1,1,1,1,-1,-1,-1,-1,-1,1,-1,-1,-1,1,-1,1,1,-1,1,-1,1,1,-1,1,-1,1,-1,-1,1,-1,1,1,1,1,-1,1,-1,-1,1,1,-1,-1,1,-1,1,1,1,-1,-1,1,-1,-1,1,1,-1,1,1,-1,1,1,-1,-1,1,1,-1,1,-1,-1,-1,1,-1,-1,1,-1,-1,-1,1,-1,-1,1,-1,-1,-1,1,-1,-1,1,1,-1,-1,1,-1,-1,1,-1,-1,-1,1,1,-1,1,-1,-1,-1,1,1,-1,-1,-1,1,-1,1,-1,-1,1,-1,-1,1,-1,1,-1,-1,1,-1,1,-1,1,-1,-1,1,-1,-1,1,1,1,-1,1,-1,1,-1,1,-1,1,-1,-1,-1,1,-1,-1,-1,1,1,-1,1,-1,1,-1,1,-1,1,1,-1,1,1,1,-1,-1,1,-1,1,-1,1,1,-1,1,-1,-1,1,1,-1,-1,1,-1,-1,-1,1,-1,-1,1,-1,1,1,1,1,-1,1,-1,-1,1,1,-1,-1,1,-1,-1,-1,1,1,-1,-1,1,1,-1,-1,-1,-1,1,1,1,1,1,1,-1,-1,1,1,-1,1,-1,-1,1,1,1,1,-1,-1,-1,1,-1,1,1,1,-1,-1,-1,1,1,1,-1,-1,-1,1,1,1,1,1,-1,-1,-1,1,1,1,-1,-1,-1,-1,1,1,1,1,-1,-1,1,1,1,1,1,-1,-1,-1,1,1,1,1,-1,-1,-1,1,1,-1,1,-1,-1,-1,1,1,1,1,-1,-1,1,1,1,1,1,-1,1,1,-1,1,1,-1,-1,-1,1,1,1,-1,1,-1,1,1,1,1,1,1,-1,-1,1,-1,1,-1,1,-1,-1,1,-1,1,-1,-1,-1,-1,1,-1,1,1,-1,1,-1,1,1,1,-1,1,1,-1,1,-1,1,-1,-1,-1,-1,1,1,-1,-1,-1,-1,-1,1,-1,1,-1,-1,-1,-1,-1,-1,-1,1,-1,-1,-1,1,-1,-1,1,-1,-1,-1,-1,-1,1,1,-1,-1,-1,-1,-1,1,-1,-1,-1,1,-1,-1,1,-1,1,-1,-1,-1,-1,-1,-1,-1,1,-1,-1,-1,1,1,-1,-1,-1,1,-1,-1,-1,-1,-1,1,-1,-1,1,-1,1,-1,-1,-1,-1,1,-1,1,1,-1,1,-1,-1,1,1,-1,-1,-1,-1,-1,-1,1,1,-1,-1,1,-1,1,1,-1,-1,-1,1,-1,1,1,-1,-1,1,-1,-1,1,1,1,-1,1,-1,1,1,1,-1,-1,1,-1,-1,1,1,1,-1,1,-1,-1,1,1,-1,1,1,-1,-1,1,1,-1,1,1,-1,-1,1,1,-1,1,1,-1,-1,1,1,1,1,1,1,-1,-1,1,1,-1,1,-1,-1,1,-1,1,1,1,1,-1,-1,1,-1,1,1,1,-1,1,1,1,1,-1,1,-1,1,1,1,1,1,1,1,-1,1,1,1,1,-1,1,-1,1,1,1,1,1,-1,1,1,1,1,-1,1,1,-1,1,1,-1,1,1,-1,-1,1,1,1,1,-1,1,-1,1,1,1,-1,-1,1,-1,1,1,1,-1,1,-1,-1,-1,1,1,-1,-1,1,-1,-1,1,1,-1,-1,1,-1,-1,-1,1,1,-1,1,-1,-1,1,1,-1,-1,-1,1,-1,-1,1,-1,1,1,-1,1,1,-1,-1,1,1,-1,-1,1,1,-1,1,1,-1,1,1,-1,-1,-1,-1,1,-1,-1,-1,-1,1,-1,-1,1,1,-1,1,1,-1,1,1,1,1,-1,1,-1,1,1,1,1,-1,1,-1,1,1,1,1,-1,1,-1,-1,1,1,1,-1,1,-1,1,1,-1,-1,-1,1,-1,-1,1,1,-1,-1,-1,1,-1,1,-1,1,-1,1,-1,-1,1,-2674.0,1,2000,445,1500,False
113,1,1,-1,-1,1,-1,-1,-1,1,1,1,-1,1,1,1,1,-1,1,-1,-1,-1,-1,1,1,1,-1,1,-1,1,1,1,1,-1,-1,-1,-1,1,1,1,-1,-1,-1,-1,1,1,1,1,-1,1,1,1,1,-1,1,-1,-1,1,-1,1,1,1,-1,-1,-1,1,1,1,1,-1,-1,-1,1,1,1,1,-1,-1,-1,1,1,1,-1,-1,-1,1,1,1,1,-1,1,-1,1,1,1,1,-1,-1,1,1,-1,1,1,-1,-1,1,1,1,1,1,-1,-1,1,1,-1,1,1,-1,-1,1,1,1,1,1,1,-1,1,1,1,-1,1,1,-1,1,1,1,1,1,1,-1,-1,1,1,1,1,1,-1,1,1,1,1,1,1,-1,-1,-1,1,1,1,1,-1,1,1,1,1,-1,1,-1,1,-1,1,1,1,-1,-1,1,1,1,1,1,-1,1,-1,-1,1,-1,1,-1,1,1,1,1,1,1,1,1,1,-1,1,-1,1,-1,1,1,-1,1,-1,1,1,-1,1,-1,1,-1,1,-1,1,1,-1,1,-1,1,1,1,1,-1,-1,1,1,-1,-1,1,-1,1,-1,-1,1,-1,1,-1,1,-1,1,-1,1,1,-1,-1,-1,1,1,-1,1,-1,1,1,1,-1,1,1,-1,1,-1,1,-1,1,-1,1,-1,1,1,-1,1,-1,-1,-1,1,1,-1,1,-1,-1,-1,1,1,-1,-1,1,1,-1,-1,1,1,-1,1,1,-1,1,1,1,1,-1,1,-1,1,1,-1,1,-1,1,1,-1,1,1,1,1,1,-1,-1,1,-1,-1,1,1,1,-1,1,1,1,-1,1,-1,-1,1,1,1,1,1,-1,1,1,1,-1,1,1,-1,1,1,1,-1,1,1,-1,-1,1,1,1,-1,1,-1,1,1,1,-1,1,1,-1,1,1,1,-1,1,-1,-1,1,1,1,-1,1,-1,-1,-1,1,1,-1,1,-1,-1,1,-1,1,-1,1,1,-1,-1,1,1,1,1,1,-1,-1,1,1,-1,1,-1,1,-1,-1,-1,-1,1,1,-1,-1,1,1,-1,1,1,-1,-1,1,1,1,1,1,-1,1,1,1,-1,1,-1,-1,-1,-1,1,1,1,1,-1,-1,1,1,1,1,-1,-1,-1,-1,-1,1,-1,-1,-1,1,-1,1,1,1,1,-1,1,1,-1,1,-1,1,-1,-1,1,-1,1,1,1,1,-1,1,-1,-1,1,1,-1,-1,1,-1,1,1,1,-1,-1,1,-1,-1,1,1,-1,1,1,-1,1,1,-1,-1,1,1,-1,1,-1,-1,-1,1,-1,-1,1,-1,-1,1,1,-1,-1,1,-1,-1,-1,1,-1,-1,1,-1,-1,-1,1,-1,-1,1,-1,-1,-1,1,1,-1,1,1,-1,-1,1,1,-1,-1,1,1,-1,1,-1,-1,1,-1,-1,1,-1,1,-1,-1,1,-1,1,-1,1,-1,-1,1,-1,-1,1,1,1,-1,1,-1,1,-1,-1,1,1,-1,-1,-1,1,-1,-1,-1,1,1,-1,1,-1,1,-1,1,-1,1,1,-1,1,1,1,-1,-1,1,-1,1,-1,1,1,-1,1,-1,-1,1,1,-1,-1,1,-1,-1,-1,1,-1,-1,1,-1,1,1,1,1,-1,1,-1,-1,1,1,-1,-1,1,-1,-1,-1,1,1,-1,-1,1,1,-1,1,-1,-1,1,1,1,1,1,1,-1,-1,1,1,-1,1,-1,-1,1,1,1,1,-1,1,-1,1,-1,1,1,1,1,-1,-1,1,1,1,-1,-1,-1,-1,1,1,1,1,-1,-1,-1,1,1,1,-1,-1,-1,-1,1,1,1,1,-1,-1,1,1,1,1,1,-1,-1,-1,1,1,1,1,-1,-1,-1,1,1,-1,1,-1,-1,-1,1,1,1,1,-1,-1,1,1,1,1,1,-1,1,1,-1,1,1,-1,-1,-1,1,1,1,-1,1,-1,1,1,1,1,1,1,-1,-1,1,-1,1,-1,1,-1,-1,1,-1,1,-1,-1,-1,-1,1,-1,1,1,-1,-1,-1,1,1,1,-1,1,-1,-1,1,-1,1,-1,-1,-1,-1,1,1,-1,-1,-1,-1,-1,1,-1,1,-1,-1,-1,-1,-1,-1,-1,1,-1,-1,-1,1,-1,-1,1,-1,-1,-1,-1,-1,-1,1,-1,-1,-1,-1,-1,1,-1,-1,-1,1,-1,-1,1,-1,1,-1,-1,-1,-1,-1,-1,-1,1,-1,-1,-1,1,1,-1,-1,-1,1,1,-1,-1,-1,-1,1,-1,-1,1,-1,1,-1,-1,-1,-1,1,-1,1,1,-1,1,-1,-1,1,1,-1,-1,-1,-1,-1,-1,1,1,-1,-1,1,-1,1,1,1,-1,-1,1,-1,1,1,-1,-1,1,-1,-1,1,1,1,-1,1,-1,1,1,1,-1,-1,1,-1,-1,1,-1,1,-1,1,-1,-1,1,1,-1,1,1,-1,-1,1,1,1,1,1,-1,-1,1,1,-1,1,1,-1,-1,1,1,1,1,1,1,-1,-1,1,1,1,1,-1,-1,1,-1,1,1,1,1,-1,-1,1,-1,1,1,1,-1,1,1,1,1,-1,1,-1,1,1,1,1,1,1,1,-1,1,1,1,1,-1,1,-1,1,1,1,1,1,-1,1,1,1,1,-1,1,1,-1,1,1,-1,1,1,-1,-1,1,1,1,1,-1,1,-1,1,1,1,-1,-1,1,-1,1,1,1,-1,1,-1,-1,-1,1,1,-1,-1,1,-1,-1,1,1,1,-1,1,-1,-1,1,1,1,-1,1,-1,-1,1,1,-1,-1,-1,1,-1,-1,1,-1,1,1,-1,1,1,-1,-1,1,-1,-1,-1,-1,1,-1,1,1,-1,1,1,-1,-1,-1,-1,1,-1,-1,-1,-1,-1,-1,-1,1,1,-1,1,1,-1,1,1,1,1,-1,1,-1,1,1,1,1,-1,1,-1,-1,-1,1,1,-1,1,-1,1,1,1,1,-1,1,-1,1,1,1,-1,-1,1,-1,-1,1,1,-1,-1,-1,1,-1,1,1,1,-1,1,-1,-1,1,-2674.0,1,2000,445,1500,False
114,1,1,-1,-1,1,1,-1,-1,1,1,1,-1,-1,1,1,1,-1,1,-1,-1,1,-1,1,1,1,-1,1,-1,1,1,1,1,1,1,-1,-1,1,-1,1,1,-1,-1,-1,1,1,1,1,-1,1,1,1,1,-1,1,-1,-1,1,-1,1,1,-1,-1,1,-1,1,1,1,1,-1,-1,-1,1,1,1,1,-1,1,-1,1,1,1,-1,-1,1,1,1,1,1,-1,-1,-1,1,1,1,1,-1,1,1,1,-1,1,1,-1,-1,1,1,1,1,1,-1,-1,1,1,1,1,1,-1,-1,1,1,1,1,1,1,-1,1,1,1,-1,1,1,-1,1,1,1,1,1,1,-1,1,1,1,1,1,1,-1,-1,1,1,1,1,1,-1,1,-1,1,1,1,1,-1,1,1,1,1,-1,1,-1,1,1,1,1,1,-1,-1,1,1,1,1,1,-1,1,-1,-1,1,-1,1,-1,1,1,1,1,1,1,1,1,1,-1,1,-1,1,-1,1,1,-1,1,-1,1,1,-1,1,-1,1,-1,1,-1,1,1,-1,1,-1,1,1,1,1,-1,-1,1,1,-1,-1,1,-1,1,-1,-1,1,-1,1,-1,1,-1,1,-1,1,1,-1,-1,-1,1,1,-1,1,-1,1,1,1,-1,1,1,-1,-1,-1,1,-1,1,-1,1,-1,1,1,-1,1,-1,-1,-1,1,1,-1,1,-1,-1,-1,1,1,-1,-1,1,1,-1,-1,1,1,-1,1,1,-1,1,1,1,1,-1,1,-1,1,1,-1,1,-1,1,1,-1,1,1,1,1,1,-1,-1,1,-1,-1,-1,1,1,-1,1,1,1,-1,1,-1,-1,1,1,1,-1,1,-1,1,1,1,-1,-1,1,-1,1,1,1,-1,1,1,-1,-1,1,1,1,-1,1,-1,1,1,1,-1,1,1,-1,1,1,1,-1,1,-1,-1,1,1,1,-1,1,-1,-1,-1,1,1,-1,1,-1,-1,1,-1,1,-1,1,1,-1,-1,1,1,1,-1,1,-1,-1,1,1,-1,1,-1,1,-1,-1,-1,-1,1,1,1,-1,1,1,-1,1,1,-1,-1,1,1,1,1,1,-1,1,1,1,-1,1,-1,-1,-1,-1,1,1,1,1,-1,-1,1,1,1,1,-1,-1,-1,-1,-1,1,-1,-1,-1,1,-1,1,1,1,1,1,1,1,-1,1,-1,1,-1,-1,1,-1,1,1,1,1,-1,1,-1,-1,1,1,-1,-1,1,-1,1,1,1,-1,-1,1,-1,-1,1,1,-1,1,1,-1,1,1,-1,-1,1,1,-1,1,-1,-1,-1,1,-1,-1,1,-1,-1,1,1,-1,-1,1,-1,-1,-1,1,-1,-1,1,-1,-1,-1,1,-1,-1,1,-1,-1,-1,1,1,-1,1,-1,-1,-1,1,1,-1,-1,-1,1,-1,1,-1,-1,1,-1,-1,1,-1,1,-1,-1,1,-1,1,-1,1,-1,-1,1,-1,-1,1,1,1,-1,1,-1,1,-1,1,1,1,-1,-1,-1,1,-1,-1,-1,1,1,-1,1,-1,1,-1,1,-1,1,1,-1,1,1,1,-1,1,1,-1,1,-1,1,1,-1,1,-1,-1,1,1,-1,-1,1,-1,-1,-1,1,-1,-1,1,-1,1,1,1,1,-1,1,-1,-1,1,1,-1,-1,1,-1,-1,-1,1,1,-1,-1,1,1,-1,1,-1,-1,-1,1,1,-1,1,1,-1,1,1,1,-1,1,-1,-1,1,1,1,1,-1,-1,-1,1,-1,1,1,1,1,-1,-1,1,1,1,-1,-1,-1,1,1,1,1,1,-1,-1,-1,1,1,1,-1,-1,-1,-1,1,1,1,1,-1,-1,1,1,1,1,1,-1,-1,-1,1,1,1,-1,-1,-1,-1,1,1,-1,1,-1,-1,-1,1,1,1,1,-1,-1,1,1,1,1,1,-1,1,1,-1,1,1,-1,-1,-1,1,1,1,-1,1,-1,1,1,1,1,1,1,-1,-1,1,-1,1,-1,1,-1,-1,1,-1,1,1,-1,-1,-1,1,-1,1,1,-1,1,-1,1,1,1,-1,1,1,-1,1,-1,1,-1,-1,-1,-1,1,1,-1,-1,-1,-1,-1,1,-1,1,-1,-1,-1,-1,-1,-1,-1,1,-1,-1,-1,1,-1,-1,1,-1,-1,-1,-1,-1,1,1,-1,-1,-1,-1,-1,1,-1,-1,-1,1,-1,-1,1,-1,1,-1,-1,-1,-1,-1,-1,-1,1,-1,-1,-1,1,1,-1,-1,-1,1,1,-1,-1,-1,-1,1,-1,-1,1,1,1,-1,-1,-1,-1,1,-1,1,1,-1,1,-1,-1,1,1,-1,-1,-1,-1,-1,-1,1,1,-1,-1,1,-1,1,1,-1,-1,-1,1,-1,1,1,-1,-1,1,-1,-1,1,1,1,-1,1,-1,1,1,1,-1,-1,1,-1,-1,1,1,1,-1,1,-1,-1,1,1,-1,1,1,-1,-1,1,1,1,1,1,-1,-1,1,1,1,1,1,-1,-1,1,1,1,1,1,1,-1,-1,1,1,-1,1,-1,-1,1,-1,1,1,1,1,-1,-1,1,-1,1,1,1,-1,1,1,1,1,-1,1,-1,1,1,1,1,1,1,1,-1,1,1,1,1,-1,1,-1,1,1,1,1,1,-1,1,1,1,1,-1,1,1,-1,1,1,-1,1,1,-1,-1,1,1,1,1,-1,1,-1,1,1,1,-1,-1,1,-1,1,-1,1,-1,1,-1,-1,-1,1,1,-1,-1,1,-1,-1,1,-1,1,-1,1,-1,-1,-1,1,1,-1,1,-1,-1,1,1,-1,-1,-1,1,-1,1,-1,-1,1,1,-1,1,1,-1,-1,1,1,-1,-1,-1,1,-1,1,1,-1,1,-1,1,-1,-1,-1,1,-1,-1,-1,-1,1,-1,-1,1,1,-1,1,1,-1,1,1,-1,-1,-1,1,-1,1,1,1,1,-1,1,-1,-1,1,1,-1,-1,1,-1,1,1,1,-1,-1,1,-1,1,1,-1,-1,-1,1,-1,-1,1,1,-1,-1,-1,1,-1,1,-1,1,-1,1,-1,-1,1,-2674.0,1,2000,445,1500,False
115,1,1,-1,-1,1,-1,-1,-1,1,1,1,-1,1,1,1,1,-1,1,-1,-1,-1,-1,1,1,1,1,-1,-1,1,1,1,1,-1,-1,-1,-1,1,1,1,1,-1,-1,-1,1,1,1,1,-1,1,1,1,1,-1,1,-1,-1,1,-1,1,1,1,-1,-1,-1,1,1,1,1,-1,-1,-1,1,1,1,1,-1,-1,-1,1,1,1,-1,-1,-1,1,1,1,1,-1,-1,-1,1,1,1,1,-1,-1,1,1,-1,1,1,-1,-1,1,1,1,1,1,-1,-1,-1,1,-1,1,1,-1,-1,1,1,1,1,1,1,-1,-1,1,1,-1,1,1,-1,1,1,1,1,1,1,-1,1,1,1,1,1,1,-1,1,1,1,1,1,1,-1,-1,-1,1,1,1,1,-1,1,1,1,1,-1,1,-1,1,-1,1,1,1,-1,-1,1,1,1,1,1,-1,1,-1,-1,1,-1,1,-1,1,1,1,1,1,1,1,1,1,-1,1,-1,1,-1,1,1,-1,1,-1,1,1,-1,1,-1,1,-1,1,-1,1,1,-1,-1,-1,1,1,1,1,-1,-1,1,1,-1,-1,1,-1,1,-1,-1,1,-1,1,-1,1,-1,1,-1,1,1,-1,-1,-1,1,1,-1,1,-1,1,1,1,-1,1,1,-1,1,-1,1,-1,1,-1,1,-1,1,1,-1,1,-1,-1,-1,1,1,-1,1,-1,-1,-1,1,1,-1,-1,1,1,-1,-1,1,1,-1,1,1,-1,1,1,1,1,-1,1,-1,1,1,-1,1,-1,1,1,-1,1,1,1,1,1,-1,-1,1,-1,-1,1,1,1,-1,1,1,1,-1,1,-1,-1,1,1,1,1,1,-1,1,1,1,-1,-1,1,-1,1,1,1,-1,1,1,-1,-1,1,1,1,-1,1,-1,1,1,1,-1,1,1,-1,1,1,1,-1,1,-1,-1,1,1,1,-1,1,-1,-1,-1,1,1,-1,1,-1,-1,1,-1,1,-1,1,1,-1,-1,1,1,1,-1,1,-1,-1,1,1,-1,1,-1,1,-1,-1,-1,-1,1,1,1,-1,1,1,-1,1,1,-1,-1,1,1,1,1,1,-1,1,1,1,-1,1,-1,-1,-1,-1,1,1,1,1,-1,-1,1,1,1,1,-1,-1,-1,-1,-1,1,-1,-1,-1,1,-1,1,1,-1,1,1,1,1,-1,1,-1,1,-1,-1,1,-1,1,1,1,1,-1,1,-1,-1,1,1,-1,-1,1,-1,1,1,1,-1,-1,1,-1,-1,1,1,-1,1,1,-1,1,1,-1,-1,1,1,-1,1,-1,-1,-1,1,-1,-1,1,-1,-1,1,1,-1,-1,1,-1,-1,-1,1,-1,-1,1,-1,-1,-1,1,-1,-1,1,-1,-1,-1,1,1,-1,1,1,-1,-1,1,1,-1,-1,-1,1,-1,1,-1,-1,1,-1,-1,1,-1,1,-1,-1,1,-1,1,-1,1,-1,-1,1,-1,-1,1,1,1,-1,1,-1,1,-1,1,1,1,-1,-1,-1,1,-1,-1,-1,1,1,-1,1,-1,1,-1,1,-1,1,1,-1,1,1,1,-1,-1,1,-1,1,-1,1,1,-1,1,-1,-1,1,1,-1,-1,1,-1,-1,-1,1,-1,-1,1,-1,1,1,1,1,-1,1,-1,-1,1,1,-1,-1,1,-1,-1,-1,1,1,-1,-1,1,1,-1,1,-1,-1,1,1,1,-1,1,1,-1,-1,1,1,-1,1,-1,-1,1,1,1,1,-1,1,-1,1,-1,1,1,1,1,-1,-1,1,1,1,-1,-1,-1,-1,1,1,1,1,-1,-1,-1,1,1,1,-1,-1,-1,-1,1,1,1,1,-1,-1,-1,1,1,1,1,-1,-1,1,1,1,1,-1,-1,-1,-1,1,1,-1,1,-1,-1,-1,1,1,1,1,-1,-1,1,1,1,1,1,-1,1,1,-1,1,1,-1,-1,-1,1,1,1,-1,1,-1,1,1,1,1,1,1,-1,-1,1,-1,1,-1,1,-1,-1,1,-1,1,-1,-1,-1,-1,1,-1,1,1,-1,-1,-1,1,1,1,-1,1,-1,-1,1,-1,1,-1,-1,-1,-1,1,1,-1,-1,-1,-1,-1,1,-1,1,-1,-1,-1,-1,-1,-1,-1,1,-1,-1,-1,1,-1,-1,1,-1,-1,-1,-1,-1,1,1,-1,-1,-1,-1,-1,1,-1,-1,-1,1,-1,-1,1,-1,1,-1,-1,-1,-1,-1,-1,-1,1,-1,-1,-1,1,1,-1,-1,-1,1,1,-1,-1,-1,-1,1,-1,-1,1,1,1,-1,-1,-1,-1,1,-1,1,1,-1,1,-1,-1,1,1,-1,-1,-1,-1,-1,-1,1,1,-1,-1,1,-1,1,1,-1,-1,-1,1,-1,1,1,-1,-1,1,-1,-1,1,1,1,-1,1,-1,1,1,1,-1,-1,1,-1,-1,1,1,1,-1,1,-1,-1,1,1,-1,1,1,-1,-1,1,1,-1,1,1,-1,-1,1,1,-1,1,1,-1,-1,1,1,1,1,1,1,-1,-1,1,1,-1,1,-1,-1,1,-1,1,1,1,1,-1,-1,1,-1,1,1,1,-1,1,1,1,1,-1,1,-1,1,1,1,1,1,1,1,-1,1,1,1,1,-1,1,-1,1,1,1,1,1,-1,1,1,1,1,-1,1,1,-1,1,1,-1,1,1,-1,-1,1,1,1,1,-1,1,-1,1,1,1,-1,-1,1,-1,1,1,1,-1,1,-1,-1,-1,1,1,-1,-1,1,-1,-1,1,1,-1,-1,1,-1,-1,1,1,1,-1,-1,-1,-1,1,1,-1,-1,-1,1,-1,-1,1,-1,1,1,-1,1,1,-1,-1,1,1,-1,-1,1,1,-1,1,1,-1,1,1,-1,-1,1,-1,1,-1,-1,-1,-1,1,-1,-1,1,1,-1,1,1,-1,1,1,1,1,-1,1,-1,1,1,1,-1,-1,1,-1,1,1,1,-1,-1,1,-1,-1,1,1,-1,-1,1,-1,1,1,1,1,-1,1,-1,-1,1,1,-1,-1,-1,1,-1,1,-1,1,-1,1,-1,-1,1,-2674.0,1,2000,445,1500,False
116,1,1,-1,-1,1,-1,-1,-1,1,1,1,-1,1,1,1,1,-1,1,-1,-1,-1,-1,1,1,1,-1,-1,-1,1,1,1,1,-1,-1,-1,-1,1,-1,1,1,-1,-1,-1,1,1,1,1,-1,1,1,1,1,-1,1,-1,-1,1,-1,1,1,1,-1,-1,-1,1,1,1,1,-1,-1,-1,1,1,1,1,-1,-1,-1,1,1,1,-1,-1,-1,1,1,1,1,-1,-1,-1,1,1,1,1,-1,-1,1,1,-1,1,1,-1,-1,1,1,1,1,1,-1,-1,1,1,1,1,1,-1,-1,1,1,1,1,1,1,-1,-1,1,1,-1,1,1,-1,1,1,1,1,1,1,-1,-1,1,1,1,1,1,-1,1,1,1,1,1,1,-1,-1,-1,1,1,1,1,-1,1,1,1,1,-1,1,-1,1,-1,1,1,1,-1,-1,1,1,1,1,1,-1,1,-1,-1,1,-1,1,-1,1,1,1,1,1,1,1,1,1,-1,1,-1,1,-1,1,1,-1,1,-1,1,1,-1,1,-1,1,-1,1,-1,1,1,-1,1,-1,1,1,1,1,-1,-1,1,1,-1,-1,1,-1,1,-1,1,1,-1,1,-1,1,-1,1,-1,1,1,-1,-1,-1,1,1,-1,1,-1,1,1,1,-1,1,1,-1,1,-1,1,-1,1,-1,1,-1,1,1,-1,1,-1,-1,-1,1,1,-1,1,-1,-1,-1,1,1,-1,-1,1,1,-1,-1,1,1,-1,1,1,-1,1,1,1,1,-1,1,-1,1,1,-1,1,-1,1,1,-1,1,1,1,1,1,-1,-1,1,-1,-1,1,1,1,-1,1,1,1,-1,1,-1,-1,1,1,1,1,1,-1,1,1,1,-1,-1,1,-1,1,1,1,-1,1,1,-1,-1,1,1,1,-1,1,-1,1,1,1,-1,1,1,-1,1,1,1,-1,1,-1,-1,1,1,1,-1,1,-1,-1,-1,1,1,-1,1,-1,-1,1,-1,1,-1,1,1,-1,-1,1,1,1,-1,1,-1,-1,1,1,-1,1,-1,1,-1,-1,-1,-1,1,1,-1,-1,1,1,-1,1,1,-1,-1,1,1,1,1,1,-1,1,1,1,-1,1,-1,-1,-1,-1,1,1,1,1,-1,-1,1,1,1,1,-1,-1,-1,-1,-1,1,-1,-1,-1,1,-1,1,1,1,1,-1,1,1,-1,1,-1,1,-1,-1,1,-1,1,1,1,1,-1,1,-1,-1,1,1,-1,-1,1,-1,1,1,1,-1,-1,1,-1,-1,1,1,-1,1,1,-1,1,1,-1,-1,1,1,-1,1,-1,-1,-1,1,-1,-1,1,-1,-1,1,1,-1,-1,1,-1,-1,-1,1,-1,-1,1,-1,-1,-1,1,-1,-1,1,-1,-1,-1,1,1,-1,1,1,-1,-1,1,1,-1,-1,1,1,-1,1,-1,-1,1,-1,-1,1,1,1,-1,-1,1,-1,1,-1,1,1,-1,1,-1,-1,1,1,1,-1,1,-1,1,-1,1,1,1,-1,-1,-1,1,-1,-1,-1,1,1,-1,1,-1,1,-1,1,-1,1,1,-1,1,1,1,-1,-1,1,-1,1,-1,1,1,-1,1,-1,-1,1,1,-1,-1,1,-1,-1,-1,1,-1,-1,1,-1,1,1,1,1,-1,1,-1,-1,1,1,-1,-1,1,-1,-1,-1,1,1,-1,-1,1,1,-1,-1,-1,-1,1,1,1,1,1,1,-1,-1,1,1,-1,1,-1,-1,1,1,1,1,-1,-1,-1,1,-1,1,1,1,-1,-1,-1,1,1,1,-1,-1,-1,-1,1,1,1,1,-1,-1,-1,1,1,1,-1,-1,-1,-1,1,1,1,1,-1,-1,1,1,1,1,1,-1,-1,-1,1,1,1,1,-1,-1,-1,1,1,-1,1,-1,-1,-1,1,1,1,1,-1,-1,1,1,1,1,1,-1,1,1,-1,1,1,-1,-1,-1,1,1,1,-1,1,-1,1,1,1,1,1,1,-1,-1,1,-1,1,-1,1,-1,-1,1,-1,1,-1,-1,-1,-1,1,-1,1,1,-1,1,-1,1,1,1,-1,1,1,-1,1,-1,1,-1,-1,-1,-1,1,1,-1,-1,-1,-1,-1,1,-1,1,-1,-1,-1,-1,-1,-1,-1,1,-1,-1,-1,1,-1,-1,1,-1,-1,-1,-1,-1,1,1,-1,-1,-1,-1,-1,1,-1,-1,-1,1,-1,-1,1,-1,1,-1,-1,-1,-1,-1,-1,-1,1,-1,-1,-1,1,1,-1,-1,-1,-1,1,-1,-1,-1,-1,1,-1,-1,1,-1,1,-1,-1,-1,-1,1,-1,1,1,-1,1,-1,-1,1,1,-1,-1,-1,-1,-1,-1,1,1,-1,-1,1,-1,1,1,-1,-1,-1,1,-1,1,1,-1,-1,1,-1,-1,1,1,1,-1,1,-1,1,1,1,-1,-1,1,-1,-1,1,1,1,-1,1,-1,-1,1,1,-1,1,1,-1,-1,1,1,1,1,1,-1,-1,1,1,-1,1,1,-1,-1,1,1,1,1,1,1,-1,-1,1,1,1,1,-1,-1,1,-1,1,1,1,1,-1,-1,1,-1,1,1,1,-1,1,1,1,1,-1,1,-1,1,1,1,1,1,1,1,-1,1,1,1,1,-1,1,-1,1,1,1,1,1,-1,1,1,1,1,-1,1,1,-1,1,1,-1,1,1,-1,-1,1,1,1,1,-1,1,-1,1,1,1,-1,-1,1,-1,1,1,1,-1,1,-1,-1,-1,1,1,-1,-1,1,-1,-1,1,1,1,-1,1,-1,-1,1,1,1,-1,1,-1,-1,1,1,-1,-1,-1,1,-1,-1,1,-1,1,1,-1,1,1,-1,-1,1,1,-1,-1,1,1,-1,1,1,-1,1,1,-1,-1,-1,-1,1,-1,-1,-1,-1,1,-1,-1,1,1,-1,1,1,-1,1,1,1,1,-1,1,-1,1,1,1,1,-1,1,-1,-1,-1,1,1,-1,1,-1,1,1,1,1,-1,1,-1,1,1,1,-1,-1,1,-1,-1,1,1,-1,-1,-1,1,-1,1,-1,1,-1,1,-1,-1,1,-2674.0,1,2000,445,1500,False
117,1,1,-1,-1,1,1,-1,-1,1,1,1,-1,1,1,1,1,-1,1,-1,-1,-1,-1,1,1,1,-1,-1,-1,1,1,1,1,1,-1,-1,-1,1,-1,1,1,-1,-1,-1,1,1,1,1,-1,1,1,1,1,-1,1,-1,-1,1,-1,1,1,1,-1,-1,-1,1,1,1,1,-1,-1,-1,1,1,1,1,-1,-1,-1,1,1,1,-1,-1,-1,1,1,1,1,-1,-1,-1,1,1,1,1,-1,-1,1,1,-1,1,1,-1,-1,1,1,1,1,1,-1,-1,1,1,1,1,1,-1,-1,1,1,1,1,1,1,-1,-1,1,1,-1,1,1,-1,1,1,1,1,1,1,-1,-1,1,1,1,1,1,-1,1,1,1,1,1,1,-1,-1,-1,1,1,1,1,-1,1,1,1,1,-1,1,-1,1,-1,1,1,1,-1,-1,1,1,1,1,1,-1,1,-1,-1,1,-1,1,-1,1,1,1,1,1,1,1,1,1,-1,1,-1,1,-1,1,1,-1,1,-1,1,1,-1,1,-1,1,-1,1,-1,1,1,-1,-1,-1,1,1,1,1,-1,-1,1,1,-1,-1,1,-1,1,-1,-1,1,-1,1,-1,1,-1,1,-1,-1,1,-1,-1,-1,1,1,-1,1,-1,1,1,1,-1,1,1,-1,-1,-1,1,-1,1,-1,1,-1,1,1,-1,1,-1,-1,-1,1,1,-1,1,-1,-1,-1,1,1,-1,-1,1,1,-1,-1,1,1,-1,1,1,-1,1,1,1,1,-1,1,-1,1,1,-1,1,-1,1,1,-1,1,1,1,1,1,-1,-1,1,-1,-1,-1,1,1,-1,1,1,1,-1,1,-1,-1,1,1,1,-1,1,-1,1,1,1,-1,-1,1,-1,1,1,1,-1,1,1,-1,-1,1,1,1,-1,1,-1,1,1,1,-1,1,1,-1,1,1,1,-1,1,-1,-1,1,1,1,-1,1,-1,-1,-1,1,1,-1,1,-1,-1,1,-1,1,-1,1,1,-1,-1,1,1,1,1,1,-1,-1,1,1,-1,1,-1,1,-1,-1,-1,-1,1,1,-1,-1,1,1,-1,1,1,-1,-1,1,1,1,1,1,-1,1,1,1,-1,1,-1,-1,-1,-1,1,1,1,1,-1,-1,1,1,1,1,-1,-1,-1,-1,-1,1,-1,-1,-1,1,-1,1,1,1,1,-1,1,1,-1,1,-1,1,-1,-1,1,-1,1,1,1,1,-1,1,-1,-1,1,1,-1,-1,1,-1,1,1,1,-1,-1,1,-1,-1,1,1,-1,1,1,-1,1,1,-1,-1,1,1,-1,1,-1,-1,-1,1,-1,-1,1,-1,-1,1,1,-1,-1,1,-1,-1,-1,1,-1,-1,1,1,-1,-1,1,-1,-1,1,-1,-1,-1,1,1,-1,1,-1,-1,-1,1,1,-1,-1,-1,1,-1,1,-1,-1,1,-1,-1,1,-1,1,-1,-1,1,-1,1,-1,1,-1,-1,1,-1,-1,1,1,1,-1,1,-1,1,-1,-1,1,1,-1,-1,-1,1,-1,-1,-1,1,1,-1,1,-1,1,-1,1,-1,1,1,-1,1,1,1,-1,-1,1,-1,1,-1,1,1,-1,1,-1,-1,1,1,-1,-1,1,-1,-1,-1,1,-1,-1,1,-1,1,1,1,1,-1,1,-1,-1,1,1,-1,-1,1,-1,-1,-1,1,1,-1,-1,1,1,-1,-1,-1,-1,1,1,1,1,1,1,-1,-1,1,1,-1,1,-1,-1,1,1,1,1,-1,-1,-1,1,-1,1,1,1,1,-1,-1,1,1,1,-1,-1,-1,1,1,1,1,1,-1,-1,-1,1,1,1,-1,-1,-1,-1,1,1,1,1,-1,-1,-1,1,1,1,1,-1,-1,1,1,1,1,1,-1,-1,-1,1,1,-1,1,-1,-1,-1,1,1,1,1,-1,-1,1,1,1,1,1,-1,1,1,-1,1,1,-1,-1,-1,1,1,1,-1,1,-1,1,1,1,1,1,1,-1,-1,1,-1,1,-1,1,-1,-1,1,-1,1,-1,-1,-1,-1,1,-1,1,1,-1,1,-1,1,1,1,-1,1,1,-1,1,-1,1,-1,-1,-1,-1,1,1,-1,-1,-1,-1,-1,1,-1,1,-1,-1,-1,-1,-1,-1,-1,1,-1,-1,-1,1,-1,-1,1,-1,-1,-1,-1,-1,-1,1,-1,-1,-1,-1,-1,1,-1,-1,-1,1,-1,-1,1,-1,1,-1,-1,-1,-1,-1,-1,-1,1,-1,-1,-1,1,1,-1,-1,-1,1,-1,-1,-1,-1,-1,1,-1,-1,1,-1,1,-1,-1,-1,-1,1,-1,1,1,-1,1,-1,-1,1,1,-1,-1,-1,-1,-1,-1,1,1,-1,-1,1,-1,1,1,-1,-1,-1,1,-1,1,1,-1,-1,1,-1,-1,1,1,1,-1,1,-1,1,1,1,-1,-1,1,-1,-1,1,1,1,-1,1,-1,-1,1,1,-1,1,1,-1,-1,1,1,-1,1,1,-1,-1,1,1,1,1,1,-1,-1,1,1,1,1,-1,1,-1,-1,1,1,-1,1,-1,-1,1,-1,1,1,1,1,-1,-1,1,-1,1,1,1,-1,1,1,1,1,-1,1,-1,1,1,1,1,1,1,1,-1,1,1,1,1,-1,1,-1,1,1,1,1,1,-1,1,1,1,1,-1,1,1,-1,1,1,-1,1,1,-1,-1,1,1,1,1,-1,1,-1,1,1,1,-1,-1,1,-1,1,1,1,-1,1,-1,-1,-1,1,1,-1,-1,1,-1,-1,1,1,-1,-1,1,-1,-1,1,1,1,-1,1,-1,-1,1,1,-1,-1,-1,1,-1,1,1,-1,1,1,-1,1,1,-1,-1,1,-1,-1,-1,1,1,-1,1,1,-1,1,1,-1,-1,1,-1,1,-1,-1,-1,-1,1,-1,-1,1,1,-1,1,1,-1,1,1,1,1,-1,1,-1,1,1,1,1,-1,1,-1,-1,1,1,1,-1,1,-1,1,1,1,1,-1,1,-1,1,1,1,-1,-1,1,-1,-1,1,1,-1,-1,-1,1,-1,1,-1,1,-1,1,-1,-1,1,-2674.0,1,2000,445,1500,False
118,1,1,-1,-1,1,1,-1,-1,1,1,1,-1,1,1,1,1,-1,1,-1,-1,-1,-1,1,1,1,-1,-1,-1,1,1,1,1,-1,-1,-1,-1,1,-1,1,1,-1,-1,-1,1,1,1,1,-1,1,1,1,1,-1,1,-1,-1,1,-1,1,1,1,-1,-1,-1,1,1,1,1,-1,-1,-1,1,1,1,1,-1,-1,-1,1,1,1,-1,-1,-1,1,1,1,1,-1,-1,-1,1,1,1,1,-1,-1,1,1,-1,1,1,-1,-1,1,1,1,1,1,-1,-1,1,1,1,1,1,-1,-1,1,1,1,1,1,1,-1,-1,1,1,-1,1,1,-1,1,1,1,1,1,1,-1,-1,1,1,1,1,1,-1,1,1,1,1,1,1,-1,-1,-1,1,1,1,1,-1,1,1,1,1,-1,1,-1,1,-1,1,1,1,-1,-1,1,1,1,1,1,-1,1,-1,-1,1,-1,1,-1,1,1,1,1,1,1,1,1,1,-1,1,-1,1,-1,1,1,-1,1,-1,1,1,-1,1,-1,1,-1,1,-1,1,1,-1,1,-1,1,1,1,1,-1,-1,1,1,-1,-1,1,-1,1,-1,1,1,-1,1,-1,1,-1,1,-1,1,1,-1,-1,-1,1,1,-1,1,-1,1,1,1,-1,1,1,-1,1,-1,1,-1,1,-1,1,-1,1,1,-1,1,-1,-1,-1,1,1,-1,1,-1,-1,-1,1,1,-1,-1,1,1,-1,-1,1,1,-1,1,1,-1,1,1,1,1,-1,1,-1,1,1,-1,1,-1,1,1,-1,1,1,1,1,1,-1,-1,1,-1,-1,1,1,1,-1,1,1,1,-1,1,-1,-1,1,1,1,1,1,-1,1,1,1,-1,1,1,-1,1,1,1,-1,1,1,-1,-1,1,1,1,-1,1,-1,1,1,1,-1,1,1,-1,1,1,1,-1,1,-1,-1,1,1,1,-1,1,-1,-1,-1,1,1,-1,1,-1,-1,1,-1,1,-1,1,1,-1,-1,1,1,1,-1,1,-1,-1,1,1,-1,1,-1,1,-1,-1,-1,-1,1,1,-1,-1,1,1,-1,1,1,-1,-1,1,1,1,1,1,-1,1,1,1,-1,1,-1,-1,-1,-1,1,1,-1,1,-1,-1,1,-1,1,-1,-1,-1,-1,-1,-1,1,-1,-1,-1,1,-1,1,1,-1,1,-1,1,1,-1,1,-1,1,-1,-1,1,-1,1,-1,1,1,-1,1,-1,-1,1,1,-1,-1,1,-1,1,1,1,-1,-1,1,-1,1,-1,1,-1,1,1,-1,1,-1,-1,-1,1,1,-1,1,-1,-1,-1,1,-1,1,1,-1,-1,-1,1,-1,-1,1,-1,-1,-1,1,-1,1,-1,-1,-1,-1,1,-1,-1,1,-1,-1,-1,-1,1,-1,1,-1,-1,-1,1,1,-1,-1,-1,1,-1,1,-1,-1,1,-1,-1,1,-1,1,-1,-1,1,-1,1,-1,1,-1,-1,1,-1,-1,1,1,1,-1,1,-1,1,-1,1,-1,1,-1,-1,-1,1,-1,-1,-1,1,1,-1,1,-1,1,-1,1,-1,1,1,-1,1,1,1,-1,-1,1,-1,1,-1,1,1,-1,1,-1,-1,1,1,-1,-1,1,-1,-1,-1,1,-1,-1,1,-1,1,1,1,1,-1,1,-1,-1,1,1,-1,-1,1,-1,-1,-1,1,1,-1,-1,1,1,-1,-1,-1,-1,1,1,1,1,1,1,-1,-1,1,1,-1,1,-1,-1,1,1,1,1,-1,-1,-1,1,-1,1,1,1,-1,-1,-1,1,1,1,-1,-1,-1,1,1,1,1,1,-1,-1,-1,1,1,1,-1,-1,-1,-1,1,1,1,1,-1,-1,1,1,1,1,1,-1,-1,-1,1,1,1,1,-1,-1,-1,1,1,-1,1,-1,-1,-1,1,1,1,1,-1,-1,1,1,1,1,1,-1,1,1,-1,1,1,-1,-1,-1,1,1,1,1,1,-1,1,1,1,1,1,1,-1,-1,1,-1,1,-1,1,-1,-1,1,-1,1,1,-1,-1,-1,1,-1,1,1,-1,1,-1,1,1,1,-1,1,1,-1,1,-1,1,-1,-1,-1,-1,1,1,-1,-1,-1,-1,-1,1,-1,1,-1,-1,-1,-1,-1,-1,-1,1,-1,-1,-1,1,-1,-1,1,-1,-1,-1,-1,-1,1,1,-1,-1,-1,-1,-1,1,-1,-1,-1,1,-1,-1,1,-1,1,-1,-1,-1,-1,-1,-1,-1,1,-1,-1,-1,1,1,1,-1,-1,-1,1,-1,-1,-1,-1,1,-1,-1,1,-1,1,-1,-1,-1,-1,1,-1,1,1,-1,1,-1,-1,1,1,-1,-1,-1,-1,-1,-1,1,1,-1,-1,1,-1,1,1,-1,-1,-1,1,-1,1,1,-1,-1,1,-1,-1,1,1,1,-1,1,-1,1,1,1,-1,-1,1,-1,-1,1,1,1,-1,1,-1,-1,1,1,-1,1,1,-1,-1,1,1,1,1,1,-1,-1,1,1,-1,1,1,-1,-1,1,1,1,1,1,1,-1,1,1,1,-1,1,-1,-1,1,-1,1,1,1,1,-1,-1,1,-1,1,1,1,-1,1,1,1,1,-1,1,-1,1,1,1,1,1,1,1,-1,-1,1,1,1,-1,1,-1,1,1,1,1,1,-1,1,1,1,1,-1,1,1,-1,1,1,-1,1,1,-1,-1,1,1,1,1,-1,1,-1,1,1,1,-1,-1,1,-1,1,1,1,-1,1,-1,-1,-1,1,1,-1,-1,1,-1,-1,1,1,-1,-1,1,-1,1,1,1,1,-1,1,-1,-1,1,1,-1,-1,-1,1,1,1,1,-1,1,1,-1,1,1,-1,-1,1,1,-1,-1,1,1,-1,1,1,1,1,1,-1,-1,-1,-1,-1,-1,-1,-1,-1,-1,1,1,1,1,-1,1,1,-1,1,1,1,1,-1,1,-1,1,1,1,1,-1,1,-1,1,1,1,1,-1,1,-1,1,1,1,1,-1,1,-1,1,1,1,-1,-1,1,-1,-1,1,1,-1,-1,-1,1,-1,1,1,1,-1,1,-1,1,1,-2674.0,1,2000,445,1500,False
119,1,1,-1,-1,1,-1,-1,-1,1,1,1,-1,1,1,1,1,-1,1,-1,-1,-1,-1,1,1,1,-1,-1,-1,1,1,1,1,-1,-1,-1,-1,1,1,1,-1,-1,-1,-1,1,1,1,1,-1,1,1,1,1,-1,1,-1,-1,1,-1,1,1,1,-1,-1,-1,1,1,1,1,-1,-1,-1,1,1,1,1,-1,-1,-1,1,1,1,-1,-1,-1,1,1,1,1,-1,-1,-1,1,1,1,1,-1,-1,1,1,-1,1,1,-1,-1,1,1,1,1,1,-1,-1,1,1,1,1,1,-1,-1,1,1,1,1,1,1,-1,1,1,1,-1,1,1,-1,1,1,1,1,1,1,-1,-1,1,1,1,1,1,-1,1,1,1,1,1,1,-1,-1,-1,1,1,1,1,-1,1,1,1,1,-1,1,-1,1,-1,1,1,1,-1,-1,1,1,1,1,1,-1,1,-1,-1,1,-1,1,-1,1,1,1,1,1,1,1,1,1,-1,1,-1,1,-1,1,1,-1,1,-1,1,1,-1,1,-1,1,-1,1,-1,1,1,-1,1,-1,1,1,1,1,-1,-1,1,1,-1,-1,1,-1,1,-1,-1,1,-1,1,-1,1,-1,1,-1,-1,1,-1,-1,-1,1,1,-1,1,-1,1,1,1,-1,1,1,-1,-1,-1,1,-1,1,-1,1,-1,1,1,-1,1,-1,-1,-1,1,1,-1,1,-1,-1,-1,1,1,-1,-1,1,1,-1,-1,1,1,-1,1,1,-1,1,1,1,1,-1,1,-1,1,1,-1,1,-1,1,-1,1,1,1,1,1,1,-1,-1,1,-1,-1,-1,1,1,-1,1,1,1,-1,1,1,1,1,1,1,1,1,-1,1,1,1,-1,1,1,-1,1,1,1,-1,1,1,-1,-1,1,1,1,-1,1,-1,1,1,1,-1,1,1,-1,1,1,1,-1,1,1,-1,1,1,1,-1,1,1,-1,-1,1,1,-1,1,1,-1,1,-1,1,-1,1,1,1,-1,1,1,1,-1,1,1,-1,1,1,-1,1,1,1,-1,-1,-1,-1,1,1,1,-1,1,1,-1,1,1,-1,-1,1,1,1,1,1,-1,1,1,1,-1,1,1,1,-1,-1,1,1,-1,-1,1,-1,1,-1,1,-1,1,1,-1,-1,-1,1,-1,-1,1,-1,1,-1,1,-1,1,1,1,1,-1,1,-1,-1,1,-1,1,-1,1,-1,-1,1,1,1,-1,-1,1,-1,1,1,-1,-1,1,1,1,-1,1,1,-1,1,-1,-1,1,1,-1,-1,1,-1,1,1,-1,1,-1,1,-1,1,1,-1,-1,1,1,-1,1,1,-1,-1,-1,1,-1,1,1,1,-1,1,-1,-1,-1,1,-1,-1,-1,1,-1,1,1,-1,1,-1,1,-1,-1,1,-1,-1,-1,1,-1,-1,1,-1,-1,-1,1,-1,-1,1,-1,-1,-1,-1,1,-1,1,-1,-1,-1,-1,1,-1,-1,1,1,1,-1,1,-1,1,-1,1,1,1,-1,-1,-1,1,-1,-1,1,1,1,-1,1,-1,1,1,1,-1,1,1,-1,1,-1,1,-1,-1,1,-1,-1,1,1,1,-1,1,-1,-1,1,1,-1,-1,1,-1,-1,1,1,-1,-1,1,-1,-1,-1,1,1,-1,1,1,-1,-1,1,-1,-1,1,-1,1,-1,1,1,-1,-1,1,-1,-1,-1,-1,-1,1,1,1,-1,-1,1,-1,-1,1,-1,-1,1,-1,-1,1,1,-1,-1,1,-1,-1,1,1,-1,1,-1,1,-1,-1,1,1,-1,-1,-1,-1,1,1,-1,-1,1,-1,-1,-1,1,1,-1,-1,-1,-1,-1,1,-1,-1,-1,-1,-1,1,1,1,-1,-1,-1,-1,-1,1,1,-1,-1,-1,-1,-1,1,1,1,-1,-1,-1,-1,1,1,-1,-1,-1,-1,1,1,1,1,1,-1,1,1,1,1,1,1,-1,-1,1,1,1,1,-1,-1,1,1,1,1,-1,1,-1,-1,1,-1,1,-1,1,-1,-1,1,-1,1,1,1,-1,-1,1,-1,1,-1,1,-1,-1,1,-1,1,1,1,-1,-1,1,-1,1,1,1,-1,-1,1,1,-1,1,1,-1,-1,1,-1,1,-1,1,-1,-1,-1,-1,-1,1,1,-1,-1,1,-1,-1,1,1,-1,-1,-1,-1,-1,-1,1,-1,-1,-1,-1,1,-1,-1,-1,1,-1,-1,1,-1,1,-1,-1,-1,-1,-1,-1,1,1,-1,-1,-1,1,1,1,-1,-1,1,1,-1,-1,1,-1,1,-1,-1,1,1,1,-1,-1,-1,-1,1,-1,1,1,-1,1,-1,-1,1,1,-1,-1,-1,-1,-1,-1,1,1,-1,-1,1,-1,1,1,1,-1,-1,1,-1,1,1,-1,-1,1,-1,-1,1,1,1,-1,1,-1,1,1,1,-1,-1,1,-1,-1,1,1,1,-1,1,-1,-1,1,1,-1,1,1,-1,-1,1,1,1,1,1,-1,-1,1,1,-1,1,1,-1,-1,1,1,1,1,-1,1,-1,1,1,1,1,1,-1,-1,1,-1,1,1,1,1,-1,-1,1,-1,1,1,1,-1,1,1,1,1,-1,1,-1,1,1,1,1,1,1,1,-1,-1,1,1,1,-1,1,-1,1,1,1,1,1,-1,1,1,1,1,-1,1,1,-1,-1,1,-1,1,1,-1,-1,1,1,1,1,-1,1,-1,1,1,1,-1,-1,1,-1,1,1,1,-1,1,-1,-1,-1,1,1,-1,-1,1,-1,-1,1,1,1,-1,1,-1,1,1,1,1,-1,1,-1,-1,1,1,-1,-1,-1,1,1,-1,1,-1,1,1,-1,1,1,-1,-1,1,1,-1,-1,1,1,-1,1,1,1,1,1,-1,-1,-1,-1,-1,-1,-1,-1,-1,-1,1,1,1,1,-1,1,1,-1,1,1,1,1,-1,1,-1,1,1,1,1,-1,1,-1,1,1,1,1,-1,1,-1,1,1,1,1,-1,1,-1,1,1,1,-1,-1,1,-1,1,1,1,-1,-1,-1,1,-1,1,-1,1,-1,1,-1,1,1,-2674.0,1,2000,445,1500,False
120,1,1,-1,-1,1,1,-1,-1,1,1,1,-1,-1,1,1,1,-1,1,-1,-1,1,-1,1,1,1,-1,1,-1,1,1,1,1,1,1,-1,-1,1,1,1,1,-1,-1,-1,1,1,1,1,-1,1,1,1,1,-1,1,-1,-1,1,-1,1,1,1,-1,1,-1,1,1,1,1,-1,-1,-1,1,1,1,1,-1,1,-1,1,1,1,-1,-1,1,1,1,1,1,-1,-1,-1,1,1,1,1,-1,1,1,1,-1,1,1,-1,-1,1,1,1,1,1,-1,-1,1,1,1,1,1,-1,-1,1,1,1,1,1,1,-1,1,1,1,-1,1,1,-1,1,1,1,1,1,1,-1,1,1,1,1,1,1,-1,-1,1,1,1,1,1,-1,1,-1,1,1,1,1,-1,1,1,1,1,-1,1,-1,1,-1,1,1,1,-1,-1,1,1,1,1,1,-1,1,-1,-1,1,-1,1,-1,1,1,1,1,1,1,1,1,1,-1,1,-1,1,-1,1,1,-1,1,-1,1,1,-1,1,-1,1,-1,1,-1,1,1,-1,1,-1,1,1,1,1,-1,-1,1,1,-1,-1,1,-1,1,-1,1,1,-1,1,-1,1,-1,1,-1,1,1,-1,-1,-1,1,1,-1,1,-1,1,1,1,-1,1,1,-1,-1,-1,1,-1,1,-1,1,-1,1,1,-1,1,-1,-1,-1,1,1,-1,1,-1,-1,-1,1,1,-1,-1,1,1,-1,-1,1,1,-1,1,1,-1,1,1,1,1,-1,1,-1,1,1,-1,1,-1,1,1,-1,1,1,1,1,1,-1,-1,1,-1,-1,-1,1,1,-1,1,1,1,-1,1,-1,-1,1,1,1,1,1,-1,1,1,1,-1,1,1,-1,1,1,1,-1,1,1,-1,-1,1,1,1,-1,1,-1,1,1,1,-1,1,1,-1,1,1,1,-1,1,-1,-1,1,1,1,-1,1,-1,-1,-1,1,1,-1,1,-1,-1,1,-1,1,-1,1,1,-1,-1,1,1,1,-1,1,-1,-1,1,1,-1,1,-1,1,-1,-1,-1,-1,1,1,-1,-1,1,1,-1,1,1,-1,-1,1,1,1,1,1,-1,1,1,1,-1,1,-1,-1,-1,-1,1,1,1,1,-1,-1,1,1,1,-1,-1,-1,-1,-1,-1,1,-1,-1,-1,1,-1,1,1,-1,1,-1,1,1,-1,1,-1,1,-1,-1,1,-1,1,1,1,1,-1,1,-1,-1,1,1,-1,-1,1,-1,1,1,1,-1,-1,1,-1,-1,1,1,-1,1,1,-1,1,1,-1,-1,1,1,-1,1,-1,-1,-1,1,-1,-1,1,-1,-1,-1,1,-1,-1,1,-1,-1,-1,1,-1,-1,1,-1,-1,-1,1,-1,-1,1,-1,-1,-1,1,1,-1,1,1,-1,-1,1,1,-1,-1,-1,1,-1,1,-1,-1,1,-1,-1,1,-1,1,-1,-1,1,-1,1,-1,1,-1,-1,1,-1,-1,1,1,1,-1,1,-1,1,-1,-1,1,1,-1,-1,-1,1,-1,-1,-1,1,1,-1,1,-1,1,-1,1,-1,1,1,-1,1,1,1,-1,-1,1,-1,1,-1,1,1,-1,1,-1,-1,1,1,-1,-1,1,-1,-1,-1,1,-1,-1,1,-1,1,1,1,1,-1,1,-1,-1,1,1,-1,-1,1,-1,-1,-1,1,1,-1,-1,1,1,-1,-1,-1,-1,1,1,1,1,1,1,-1,-1,1,1,-1,1,-1,-1,1,1,1,1,-1,-1,-1,1,-1,1,1,1,1,-1,-1,1,1,1,-1,-1,-1,1,1,1,1,1,-1,-1,-1,1,1,1,-1,-1,-1,-1,1,1,1,1,-1,-1,1,1,1,1,1,-1,-1,-1,1,1,1,1,-1,-1,-1,1,1,-1,1,-1,-1,-1,1,1,1,1,-1,-1,1,1,1,1,1,-1,1,1,-1,1,1,-1,-1,-1,1,1,1,-1,1,-1,1,1,1,1,1,1,-1,-1,1,-1,1,-1,1,-1,-1,1,-1,1,1,-1,-1,-1,1,-1,1,1,-1,-1,-1,1,1,1,-1,1,-1,-1,1,-1,1,-1,-1,-1,-1,1,1,-1,-1,-1,-1,-1,1,-1,1,-1,-1,-1,-1,-1,-1,-1,1,-1,-1,-1,1,-1,-1,1,-1,-1,-1,-1,-1,1,1,-1,-1,-1,-1,-1,1,-1,-1,-1,1,-1,-1,1,-1,1,-1,-1,-1,-1,-1,-1,-1,1,-1,-1,-1,1,1,1,-1,-1,-1,1,-1,-1,-1,-1,1,-1,-1,1,1,1,-1,-1,-1,-1,1,-1,1,1,-1,1,-1,-1,1,1,-1,-1,-1,-1,-1,-1,1,1,-1,-1,1,-1,1,1,-1,-1,-1,1,-1,1,1,-1,-1,1,-1,-1,1,1,1,-1,1,-1,1,1,1,-1,-1,1,-1,-1,1,1,1,-1,1,-1,-1,1,1,-1,1,1,-1,-1,1,1,-1,1,1,-1,-1,1,1,1,1,1,-1,-1,1,1,1,1,1,1,-1,-1,1,1,-1,1,-1,-1,1,-1,1,1,1,1,-1,-1,1,-1,1,1,1,-1,1,1,1,1,-1,1,-1,1,1,1,1,1,1,1,-1,1,1,1,1,-1,1,-1,1,1,1,1,1,-1,1,1,1,1,-1,1,1,-1,1,1,-1,1,1,-1,-1,1,1,1,1,-1,1,-1,1,1,1,-1,-1,1,-1,1,-1,1,-1,1,-1,-1,-1,1,1,-1,-1,1,-1,-1,1,-1,1,-1,1,-1,-1,-1,1,1,-1,1,-1,-1,1,1,-1,-1,-1,1,-1,1,-1,-1,1,1,-1,1,1,-1,-1,1,1,-1,-1,-1,1,-1,1,1,-1,1,-1,1,-1,-1,-1,1,-1,-1,-1,-1,-1,1,-1,1,1,-1,1,1,-1,1,1,-1,-1,-1,1,-1,1,1,1,1,-1,1,-1,-1,1,1,-1,-1,1,-1,1,1,1,-1,-1,1,-1,1,1,-1,-1,-1,1,-1,-1,1,1,-1,-1,-1,1,-1,1,-1,1,-1,1,-1,1,1,-2674.0,1,2000,445,500,False
121,1,1,-1,-1,1,1,-1,-1,1,1,1,-1,1,1,1,1,-1,1,-1,-1,-1,-1,1,1,1,-1,-1,-1,1,1,1,1,1,-1,-1,-1,1,1,1,1,-1,-1,-1,1,1,1,1,-1,1,1,1,1,-1,1,-1,-1,1,-1,1,1,1,-1,-1,-1,1,1,1,1,-1,-1,-1,1,1,1,1,-1,-1,-1,1,1,1,-1,-1,-1,1,1,1,1,-1,-1,1,1,1,1,1,-1,-1,-1,1,-1,1,1,-1,-1,1,1,1,1,1,-1,-1,-1,1,1,1,1,-1,-1,1,1,1,1,1,1,-1,-1,1,1,-1,1,1,-1,1,1,1,1,1,1,-1,1,1,1,1,1,1,-1,1,1,1,1,1,1,-1,-1,-1,1,1,1,1,-1,1,1,1,1,-1,1,-1,1,-1,1,1,1,-1,-1,1,1,1,1,1,-1,1,-1,-1,1,-1,1,-1,1,1,1,1,1,1,1,1,1,1,1,-1,1,-1,1,1,-1,1,-1,1,1,-1,1,-1,1,-1,1,-1,1,1,-1,1,-1,1,1,1,1,-1,-1,1,1,-1,-1,1,-1,1,-1,1,1,-1,1,-1,1,-1,1,-1,-1,1,-1,-1,-1,1,1,-1,1,-1,1,1,1,-1,1,1,-1,1,-1,1,-1,1,-1,1,-1,1,1,-1,1,-1,-1,-1,1,1,-1,1,-1,-1,-1,1,1,-1,-1,1,1,-1,-1,1,1,-1,1,1,-1,1,1,1,1,-1,1,-1,1,1,-1,1,-1,1,1,-1,1,1,1,1,1,-1,-1,1,-1,-1,-1,1,1,-1,1,1,1,-1,1,-1,-1,1,1,1,-1,1,-1,1,1,1,-1,1,1,-1,1,1,1,-1,1,1,-1,-1,1,1,1,-1,1,-1,1,1,1,-1,1,1,-1,1,1,1,-1,1,-1,-1,1,1,1,-1,1,-1,-1,-1,1,1,-1,1,-1,-1,1,-1,1,-1,1,1,-1,-1,1,1,1,-1,1,-1,-1,1,1,-1,1,-1,1,-1,-1,-1,-1,1,1,-1,-1,1,1,-1,1,1,-1,-1,1,1,1,1,1,-1,1,1,1,-1,1,-1,-1,-1,-1,1,1,1,1,-1,-1,1,1,1,1,-1,-1,-1,-1,-1,1,-1,-1,-1,1,-1,1,1,-1,1,-1,1,1,-1,1,-1,1,-1,-1,1,-1,1,1,1,1,-1,1,-1,-1,1,1,-1,-1,1,-1,1,1,1,-1,-1,1,-1,-1,1,1,-1,1,1,-1,1,1,-1,-1,1,1,-1,1,-1,-1,-1,1,-1,-1,1,-1,-1,-1,1,-1,-1,1,-1,-1,-1,1,-1,-1,1,1,-1,-1,1,-1,-1,1,-1,-1,-1,1,1,-1,1,1,-1,-1,1,1,-1,-1,-1,1,-1,1,-1,-1,1,-1,-1,1,-1,1,-1,-1,1,-1,1,-1,1,-1,-1,1,-1,-1,1,1,1,-1,1,-1,1,-1,-1,1,1,-1,-1,-1,1,-1,-1,-1,1,1,-1,1,-1,1,-1,1,-1,1,1,-1,1,1,1,-1,-1,1,-1,1,-1,1,1,-1,1,-1,-1,1,1,-1,-1,1,-1,-1,-1,1,-1,-1,1,-1,1,1,1,1,-1,1,-1,-1,1,1,-1,-1,1,-1,-1,-1,1,1,-1,-1,1,1,-1,-1,-1,-1,1,1,1,1,1,1,-1,-1,1,1,-1,1,-1,-1,1,1,1,1,-1,-1,-1,1,-1,1,1,1,-1,-1,-1,1,1,1,-1,-1,-1,-1,1,1,1,1,-1,-1,-1,1,1,1,-1,-1,-1,-1,1,1,1,1,-1,-1,1,1,1,1,1,-1,-1,-1,1,1,1,1,-1,-1,-1,1,1,-1,1,-1,-1,-1,1,1,1,1,-1,-1,1,1,1,1,1,-1,1,1,-1,1,1,-1,-1,-1,1,1,1,1,1,-1,1,1,1,1,1,1,-1,-1,1,-1,1,-1,1,-1,-1,1,-1,1,-1,-1,-1,-1,1,-1,1,1,-1,-1,-1,1,1,1,-1,1,-1,-1,1,-1,1,-1,-1,-1,-1,1,1,-1,-1,-1,-1,-1,1,-1,1,-1,-1,-1,-1,-1,-1,-1,1,-1,-1,-1,1,-1,-1,1,-1,-1,-1,-1,-1,-1,1,-1,-1,-1,-1,-1,1,-1,-1,-1,1,-1,-1,1,-1,1,-1,-1,-1,-1,-1,-1,-1,1,-1,-1,-1,1,1,1,-1,-1,-1,1,-1,-1,-1,-1,1,-1,-1,1,-1,1,-1,-1,-1,-1,1,-1,1,1,-1,1,-1,-1,1,1,-1,-1,-1,-1,-1,-1,1,1,-1,-1,1,-1,1,1,-1,-1,-1,1,-1,-1,1,-1,-1,1,-1,-1,1,1,1,-1,1,-1,1,1,1,-1,-1,1,-1,-1,1,1,1,-1,1,-1,-1,1,1,-1,1,1,-1,-1,1,1,1,1,1,-1,-1,1,1,1,1,1,-1,-1,1,1,1,1,-1,1,-1,-1,1,1,1,1,-1,-1,1,-1,1,1,1,1,-1,-1,1,-1,1,1,1,-1,1,1,1,1,-1,1,-1,1,1,1,1,1,1,1,-1,1,1,1,1,-1,1,-1,1,1,1,1,1,-1,1,1,1,1,-1,1,1,-1,1,1,-1,1,1,-1,-1,1,1,1,1,-1,1,-1,1,1,1,-1,-1,1,-1,1,1,1,-1,1,-1,-1,-1,1,1,-1,-1,1,-1,-1,1,1,-1,-1,1,-1,-1,1,1,1,-1,1,-1,-1,1,1,-1,-1,-1,1,-1,1,1,-1,1,1,-1,1,1,-1,-1,1,1,-1,-1,1,1,-1,1,1,-1,1,1,-1,-1,-1,-1,1,-1,-1,-1,-1,1,-1,-1,1,1,-1,1,1,-1,1,1,1,1,-1,1,-1,1,1,1,-1,-1,1,-1,-1,1,1,-1,-1,1,-1,1,1,1,-1,-1,1,-1,1,1,1,1,-1,1,-1,-1,1,1,1,-1,-1,1,-1,1,-1,1,-1,1,-1,-1,1,-2674.0,1,2000,445,1500,False
122,1,1,-1,-1,1,1,-1,-1,1,1,1,-1,1,1,1,1,-1,1,-1,-1,1,-1,1,1,1,-1,1,-1,1,1,1,1,-1,-1,-1,-1,1,-1,1,1,-1,-1,-1,1,1,1,1,-1,1,1,1,1,-1,1,-1,-1,1,-1,1,1,1,-1,-1,-1,1,1,1,1,-1,-1,-1,1,1,1,1,-1,-1,-1,1,1,1,-1,-1,-1,1,1,1,1,-1,-1,-1,1,1,1,1,-1,-1,1,1,-1,1,1,-1,-1,1,1,1,1,1,-1,-1,1,1,-1,1,1,-1,-1,1,1,1,1,1,1,-1,-1,1,1,-1,1,1,-1,1,1,1,1,1,1,-1,-1,1,1,1,1,1,-1,1,1,1,1,1,1,-1,-1,-1,1,1,1,1,-1,1,1,1,1,-1,1,-1,1,-1,1,1,1,-1,-1,1,1,1,1,1,-1,1,-1,-1,1,-1,1,-1,1,1,1,1,1,1,1,1,1,-1,1,-1,1,-1,1,1,-1,1,-1,1,1,-1,1,-1,1,-1,1,-1,1,1,-1,1,-1,1,1,1,1,-1,-1,1,1,-1,-1,1,-1,1,-1,-1,1,-1,1,-1,1,-1,1,-1,-1,1,-1,-1,-1,1,1,-1,1,-1,1,1,1,-1,1,1,-1,1,-1,1,-1,1,-1,1,-1,1,1,-1,1,-1,-1,-1,1,1,-1,1,-1,-1,-1,1,1,-1,-1,1,1,-1,-1,1,1,-1,1,1,-1,1,1,1,1,-1,1,-1,1,1,-1,1,-1,1,1,-1,1,1,1,1,1,-1,-1,1,-1,-1,-1,1,1,-1,1,1,1,-1,1,-1,-1,1,1,1,1,1,-1,1,1,1,-1,-1,1,-1,1,1,1,-1,1,1,-1,-1,1,1,1,-1,1,-1,1,1,1,-1,1,1,-1,1,1,1,-1,1,-1,-1,1,1,1,-1,1,-1,-1,-1,1,1,-1,1,-1,-1,1,-1,1,-1,1,1,-1,-1,1,1,1,1,1,-1,-1,1,1,-1,1,-1,1,-1,-1,-1,-1,1,1,-1,-1,1,1,-1,1,1,-1,-1,1,1,1,1,1,-1,1,1,1,-1,1,-1,-1,-1,-1,1,1,1,1,-1,-1,1,1,1,1,-1,-1,-1,-1,-1,1,-1,-1,-1,1,-1,1,1,1,1,-1,1,1,-1,1,-1,1,-1,-1,1,-1,1,1,1,1,-1,1,-1,-1,1,1,-1,-1,1,-1,1,1,1,-1,-1,1,-1,-1,1,1,-1,1,1,-1,1,1,-1,-1,1,1,-1,1,-1,-1,-1,1,-1,-1,1,-1,-1,-1,1,-1,-1,1,-1,-1,-1,1,-1,-1,1,-1,-1,-1,1,-1,-1,1,-1,-1,-1,-1,1,-1,1,1,-1,-1,1,1,-1,-1,-1,1,-1,1,-1,-1,1,-1,-1,1,-1,1,-1,-1,1,-1,1,-1,1,-1,-1,1,-1,-1,1,1,1,-1,1,-1,1,-1,-1,1,1,-1,-1,-1,1,-1,-1,-1,1,1,-1,1,-1,1,-1,1,-1,1,1,-1,1,1,1,-1,-1,1,-1,1,-1,1,1,-1,1,-1,-1,1,1,-1,-1,1,-1,-1,-1,1,-1,-1,1,-1,1,1,1,1,-1,1,-1,-1,1,1,-1,-1,1,-1,-1,-1,1,1,-1,-1,1,1,-1,-1,-1,-1,1,1,1,1,1,1,-1,-1,1,1,-1,1,-1,-1,1,1,1,1,-1,1,-1,1,-1,1,1,1,1,-1,-1,1,1,1,-1,-1,-1,1,1,1,1,1,-1,-1,-1,1,1,1,-1,-1,-1,-1,1,1,1,1,-1,-1,1,1,1,1,1,-1,-1,-1,1,1,1,1,-1,-1,-1,1,1,-1,1,-1,-1,-1,1,1,1,1,-1,-1,1,1,1,1,1,-1,1,1,-1,1,1,-1,-1,-1,1,1,1,1,1,-1,1,1,1,1,1,1,-1,-1,1,-1,1,-1,1,-1,-1,1,-1,1,1,-1,-1,-1,1,-1,1,1,-1,1,-1,1,1,1,-1,1,1,-1,1,-1,1,-1,-1,-1,-1,1,1,-1,-1,-1,-1,-1,1,-1,1,-1,-1,-1,-1,-1,-1,-1,1,-1,-1,-1,1,-1,-1,1,-1,-1,-1,-1,-1,-1,1,-1,-1,-1,-1,-1,1,-1,-1,-1,1,-1,-1,1,-1,1,-1,-1,-1,-1,-1,-1,-1,1,-1,-1,-1,1,1,-1,-1,-1,1,-1,-1,-1,-1,-1,1,-1,-1,1,-1,1,-1,-1,-1,-1,1,-1,1,1,-1,1,-1,-1,1,1,-1,-1,-1,-1,-1,-1,1,1,-1,-1,1,-1,1,1,-1,-1,-1,1,-1,1,1,-1,-1,1,-1,-1,1,1,1,-1,1,-1,1,1,1,-1,-1,1,-1,-1,1,1,1,-1,1,-1,-1,1,1,-1,1,1,-1,-1,1,1,1,1,1,-1,-1,1,1,-1,1,1,-1,-1,1,1,1,1,-1,1,-1,-1,1,1,1,1,-1,-1,1,-1,1,1,1,1,-1,-1,1,-1,1,1,1,-1,1,1,1,1,-1,1,-1,1,1,1,1,1,1,1,-1,1,1,1,1,-1,1,-1,1,1,1,1,1,-1,1,1,1,1,-1,1,1,-1,1,1,-1,1,1,-1,-1,1,1,1,1,-1,1,-1,1,1,1,-1,-1,1,-1,1,1,1,-1,1,-1,-1,-1,1,1,-1,-1,1,-1,-1,1,1,1,-1,1,-1,-1,-1,1,1,-1,-1,-1,-1,1,1,-1,-1,-1,1,-1,-1,1,-1,1,1,-1,1,1,-1,-1,1,-1,-1,-1,1,1,-1,1,1,-1,1,1,-1,-1,1,-1,1,-1,-1,-1,-1,1,-1,-1,1,1,-1,1,1,-1,1,1,1,1,-1,1,-1,1,1,1,1,-1,1,-1,-1,1,1,1,-1,1,-1,1,1,1,1,-1,1,-1,1,1,-1,-1,-1,1,-1,-1,1,1,-1,-1,-1,1,-1,1,-1,1,-1,1,-1,-1,1,-2674.0,1,2000,445,500,False
123,1,1,-1,-1,1,1,-1,-1,1,1,1,-1,1,1,1,1,-1,1,-1,-1,-1,-1,1,1,1,-1,-1,-1,1,1,1,1,-1,-1,-1,-1,1,-1,1,1,-1,-1,-1,1,1,1,1,-1,1,1,1,1,-1,1,-1,-1,1,-1,1,1,1,-1,-1,-1,1,1,1,1,-1,-1,-1,1,1,1,1,-1,-1,-1,1,1,1,-1,-1,-1,1,1,1,1,-1,-1,-1,1,1,1,1,-1,-1,1,1,-1,1,1,-1,-1,1,1,1,1,1,-1,-1,-1,1,1,1,1,-1,-1,1,1,1,1,1,1,-1,-1,1,1,-1,1,1,-1,1,1,1,1,1,1,-1,1,1,1,1,1,1,-1,1,1,1,1,1,1,-1,-1,-1,1,1,1,1,-1,1,1,1,1,-1,1,-1,1,-1,1,1,1,-1,-1,1,1,1,1,1,-1,1,-1,-1,1,-1,1,-1,1,1,1,1,1,1,1,1,1,-1,1,-1,1,-1,1,1,-1,1,-1,1,1,-1,1,-1,1,-1,1,-1,1,1,-1,1,-1,1,1,1,1,-1,-1,1,1,-1,-1,1,-1,1,-1,-1,1,-1,1,-1,1,-1,1,-1,-1,1,-1,-1,-1,1,1,-1,1,-1,1,1,1,-1,1,1,-1,1,-1,1,-1,1,-1,1,-1,1,1,-1,1,-1,-1,-1,1,1,-1,1,-1,-1,-1,1,1,-1,-1,1,1,-1,-1,1,1,-1,1,1,-1,1,1,1,1,-1,1,-1,1,1,-1,1,-1,1,1,-1,1,1,1,1,1,-1,-1,1,-1,-1,1,1,1,-1,1,1,1,-1,1,-1,-1,1,1,1,1,1,-1,1,1,1,-1,1,1,-1,1,1,1,-1,1,1,-1,-1,1,1,1,-1,1,-1,1,1,1,-1,1,1,-1,1,1,1,-1,1,-1,-1,1,1,1,-1,1,-1,-1,-1,1,1,-1,1,-1,-1,1,-1,1,-1,1,1,-1,-1,1,1,1,-1,1,-1,-1,1,1,-1,1,-1,1,-1,-1,-1,-1,1,1,-1,-1,1,1,-1,1,1,-1,-1,1,1,1,1,1,-1,1,1,1,-1,1,-1,-1,-1,-1,1,1,1,1,-1,-1,1,1,1,1,-1,-1,-1,-1,-1,1,-1,-1,-1,1,-1,1,1,-1,1,-1,1,1,-1,1,-1,1,-1,-1,1,-1,1,1,1,1,-1,1,-1,-1,1,1,-1,-1,1,-1,1,1,1,-1,-1,1,-1,-1,1,1,-1,1,1,-1,1,1,-1,-1,1,1,-1,1,-1,-1,-1,1,-1,-1,1,-1,-1,1,1,-1,-1,1,-1,-1,-1,1,-1,-1,1,-1,-1,-1,1,-1,-1,1,-1,-1,-1,1,1,-1,1,-1,-1,-1,1,1,-1,-1,-1,1,-1,1,-1,-1,1,-1,-1,1,-1,1,-1,-1,1,-1,1,-1,1,-1,-1,1,-1,-1,1,1,1,-1,1,-1,1,-1,-1,-1,1,-1,-1,-1,1,-1,-1,-1,1,1,-1,1,-1,1,-1,1,-1,1,1,-1,1,1,1,-1,-1,1,-1,1,-1,1,1,-1,1,-1,-1,1,1,-1,-1,1,-1,-1,-1,1,-1,-1,1,-1,1,1,1,1,-1,1,-1,-1,1,1,-1,-1,1,-1,-1,-1,1,1,-1,-1,1,1,-1,-1,-1,-1,1,1,1,1,1,1,-1,-1,1,1,-1,1,-1,-1,1,1,1,1,-1,-1,-1,1,-1,1,1,1,-1,-1,-1,1,1,1,-1,-1,-1,1,1,1,1,1,-1,-1,-1,1,1,1,-1,-1,-1,-1,1,1,1,1,-1,-1,1,1,1,1,1,-1,-1,-1,1,1,1,1,-1,-1,-1,1,1,-1,1,-1,-1,-1,1,1,1,1,-1,-1,1,1,1,1,1,-1,1,1,-1,1,1,-1,-1,-1,1,1,1,-1,1,-1,1,1,1,1,1,1,-1,-1,1,-1,1,-1,1,-1,-1,1,-1,1,1,-1,-1,-1,1,-1,1,1,-1,1,-1,1,1,1,-1,1,1,-1,1,-1,1,-1,-1,-1,-1,1,1,-1,-1,-1,-1,-1,1,-1,1,-1,-1,-1,-1,-1,-1,-1,1,-1,-1,-1,1,-1,-1,1,-1,-1,-1,-1,-1,-1,1,-1,-1,-1,-1,-1,1,-1,-1,-1,1,-1,-1,1,-1,1,-1,-1,-1,-1,-1,-1,-1,1,-1,-1,-1,1,1,1,-1,-1,1,-1,-1,-1,-1,-1,1,-1,-1,1,-1,1,-1,-1,-1,-1,1,-1,1,1,-1,1,-1,-1,1,1,-1,-1,-1,-1,-1,-1,1,1,-1,-1,1,-1,1,1,-1,-1,-1,1,-1,1,1,-1,-1,1,-1,-1,1,1,1,-1,1,-1,1,1,1,-1,-1,1,-1,-1,1,1,1,-1,1,-1,-1,1,1,-1,1,1,-1,-1,1,1,-1,1,1,-1,-1,1,1,-1,1,1,-1,-1,1,1,1,1,-1,1,-1,-1,1,1,-1,1,-1,-1,1,-1,1,1,1,1,-1,-1,1,-1,1,1,1,-1,1,1,1,1,-1,1,-1,1,1,1,1,1,1,1,-1,1,1,1,1,-1,1,-1,1,1,1,1,1,-1,1,1,1,1,-1,1,1,-1,1,1,-1,1,1,-1,-1,1,1,1,1,-1,1,-1,1,1,1,-1,-1,1,-1,1,1,1,-1,1,-1,-1,-1,1,1,-1,-1,1,-1,-1,1,1,-1,-1,1,-1,-1,1,1,1,-1,1,-1,-1,1,1,-1,-1,-1,1,-1,1,1,-1,1,1,-1,1,1,-1,-1,1,1,-1,-1,1,1,-1,1,1,-1,1,1,-1,-1,-1,-1,1,-1,-1,-1,-1,-1,1,-1,1,1,-1,1,1,-1,1,1,1,1,-1,1,-1,1,1,1,-1,-1,1,-1,-1,1,1,-1,-1,1,-1,1,1,1,-1,-1,1,-1,1,1,1,1,-1,1,-1,-1,1,1,-1,-1,-1,1,-1,1,-1,1,-1,1,-1,-1,1,-2674.0,1,2000,445,1500,False
124,1,1,-1,-1,1,-1,-1,-1,1,1,1,-1,1,1,1,1,-1,1,-1,-1,-1,-1,1,1,1,-1,1,-1,1,1,1,1,1,-1,-1,-1,1,-1,1,1,-1,-1,-1,1,1,1,1,-1,1,1,1,1,-1,1,-1,-1,1,-1,1,1,1,-1,-1,-1,1,1,1,1,-1,-1,-1,1,1,1,1,-1,-1,-1,1,1,1,-1,-1,-1,1,1,1,1,-1,-1,-1,1,1,1,1,-1,-1,1,1,-1,1,1,-1,-1,1,1,1,1,1,-1,-1,1,1,1,1,1,-1,-1,1,1,1,1,1,1,-1,-1,1,1,-1,1,1,-1,1,1,1,1,1,1,-1,-1,1,1,1,1,1,-1,1,1,1,1,1,1,-1,-1,-1,1,1,1,1,-1,1,1,1,1,-1,1,-1,1,-1,1,1,1,-1,-1,1,1,1,1,1,-1,1,-1,-1,1,-1,1,-1,1,1,1,1,1,1,1,1,1,-1,1,-1,1,-1,1,1,-1,1,-1,1,1,-1,1,-1,1,-1,1,-1,1,1,-1,-1,-1,1,1,1,1,-1,-1,1,1,-1,-1,1,-1,1,-1,-1,1,-1,1,-1,1,-1,1,-1,-1,1,-1,-1,-1,1,1,-1,1,-1,1,1,1,-1,1,1,-1,1,-1,1,-1,1,-1,1,-1,1,1,-1,1,-1,-1,-1,1,1,-1,1,-1,-1,-1,1,1,-1,-1,1,1,-1,-1,1,1,-1,1,1,-1,1,1,1,1,-1,1,-1,1,1,-1,1,-1,1,1,-1,1,1,1,1,1,-1,-1,1,-1,-1,-1,1,1,-1,1,1,1,-1,1,-1,-1,1,1,1,1,1,-1,1,1,1,-1,-1,1,-1,1,1,1,-1,1,1,-1,-1,1,1,1,-1,1,-1,1,1,1,-1,1,1,-1,1,1,1,-1,1,-1,-1,1,1,1,-1,1,-1,-1,-1,1,1,-1,1,-1,-1,1,-1,1,-1,1,1,-1,-1,1,1,1,-1,1,-1,-1,1,1,-1,1,-1,1,-1,-1,-1,-1,1,1,-1,-1,1,1,-1,1,1,-1,-1,1,1,1,1,1,-1,1,1,1,-1,1,-1,-1,-1,-1,1,1,1,1,-1,-1,1,1,1,1,-1,-1,-1,-1,-1,1,-1,-1,-1,1,-1,1,1,1,1,-1,1,1,-1,1,-1,1,-1,-1,1,-1,1,1,1,-1,1,1,-1,-1,1,1,-1,-1,1,-1,1,1,-1,1,-1,1,-1,-1,1,1,-1,1,1,-1,1,1,1,-1,1,1,-1,1,-1,-1,-1,1,-1,-1,1,-1,-1,-1,1,-1,-1,1,-1,1,-1,1,-1,-1,1,1,-1,-1,1,-1,-1,1,-1,-1,-1,1,1,-1,1,1,-1,-1,1,1,-1,-1,-1,1,-1,1,-1,-1,1,-1,-1,1,-1,1,-1,-1,1,-1,1,-1,1,-1,-1,1,-1,-1,1,1,1,-1,1,-1,1,-1,1,-1,1,-1,-1,-1,1,-1,-1,-1,1,1,-1,1,-1,1,-1,1,-1,1,1,-1,1,1,1,-1,-1,1,-1,1,-1,1,1,-1,1,-1,-1,1,1,-1,-1,1,-1,-1,-1,1,-1,-1,1,-1,1,1,1,1,-1,1,-1,-1,1,1,-1,-1,1,-1,-1,-1,1,1,-1,-1,1,1,-1,-1,-1,-1,1,1,1,1,1,1,-1,-1,1,1,1,-1,-1,-1,1,1,1,1,-1,-1,-1,1,-1,1,-1,1,1,-1,-1,1,1,1,-1,-1,-1,-1,1,1,1,1,-1,-1,-1,1,1,1,-1,-1,-1,-1,1,1,1,1,-1,-1,-1,1,1,1,1,-1,-1,1,1,1,1,1,-1,-1,-1,1,1,-1,1,-1,-1,-1,1,1,1,1,-1,-1,1,1,1,1,1,-1,1,1,-1,1,1,-1,-1,-1,1,1,1,1,1,-1,1,1,1,1,1,1,-1,-1,1,-1,1,-1,1,-1,-1,1,-1,1,-1,-1,-1,-1,1,-1,1,1,-1,1,-1,1,1,1,-1,1,1,-1,1,-1,1,-1,-1,-1,-1,1,1,-1,-1,-1,-1,-1,1,-1,1,-1,-1,-1,-1,-1,-1,-1,1,-1,-1,-1,1,-1,-1,1,-1,-1,-1,-1,-1,-1,1,-1,-1,-1,-1,-1,1,-1,-1,-1,1,-1,-1,1,-1,1,-1,-1,-1,-1,-1,-1,-1,1,-1,-1,-1,1,1,-1,-1,-1,1,-1,-1,-1,-1,-1,1,-1,-1,1,-1,1,-1,-1,-1,-1,1,-1,1,1,-1,1,-1,-1,1,1,-1,-1,-1,-1,-1,-1,1,1,-1,-1,1,-1,1,1,-1,-1,-1,1,-1,1,1,-1,-1,1,-1,-1,1,1,1,-1,1,-1,1,1,1,-1,-1,1,-1,-1,1,1,1,-1,1,-1,-1,1,1,-1,1,1,-1,-1,1,1,-1,1,1,-1,-1,1,1,1,1,1,-1,-1,1,1,1,1,-1,1,-1,-1,1,1,-1,1,-1,-1,1,-1,1,1,1,1,-1,-1,1,-1,1,1,1,-1,1,1,1,1,-1,1,-1,1,1,1,1,1,1,1,-1,1,1,1,1,-1,1,-1,1,1,1,1,1,-1,1,1,1,1,-1,1,1,-1,1,1,-1,1,1,-1,-1,1,1,1,1,-1,1,-1,1,1,1,-1,-1,1,-1,1,1,1,-1,1,-1,-1,-1,1,1,-1,-1,1,-1,-1,1,1,1,-1,1,-1,-1,1,1,1,-1,1,-1,-1,1,1,-1,-1,-1,1,-1,-1,1,-1,1,1,-1,1,1,-1,-1,1,-1,-1,-1,1,1,-1,1,1,-1,1,1,-1,-1,1,-1,1,-1,-1,-1,-1,1,-1,-1,1,1,-1,1,1,-1,1,1,1,1,-1,1,-1,1,1,1,1,-1,1,-1,-1,1,1,1,-1,1,-1,1,1,1,1,-1,1,-1,1,1,1,-1,-1,1,-1,-1,1,1,-1,-1,-1,1,-1,1,1,1,-1,1,-1,-1,1,-2674.0,1,2000,445,500,False
125,1,1,-1,-1,1,1,-1,-1,1,1,1,-1,-1,1,1,1,-1,1,-1,-1,-1,-1,1,1,1,-1,-1,-1,1,1,1,1,1,-1,-1,-1,1,-1,1,1,-1,-1,-1,1,1,1,1,-1,1,1,1,1,-1,1,-1,-1,1,-1,1,1,1,-1,-1,-1,1,1,1,1,-1,-1,-1,1,1,1,1,-1,-1,-1,1,1,1,-1,-1,-1,1,1,1,1,-1,-1,-1,1,1,1,1,-1,-1,1,1,-1,1,1,-1,-1,1,1,1,1,1,-1,-1,1,1,-1,1,1,-1,-1,1,1,1,1,1,1,-1,-1,1,1,-1,1,1,-1,1,1,1,1,1,1,-1,-1,1,1,1,1,1,-1,1,1,1,1,1,1,-1,-1,-1,1,1,1,1,-1,1,1,1,1,-1,1,-1,1,-1,1,1,1,-1,-1,1,1,1,1,1,-1,1,-1,-1,1,-1,1,-1,1,1,1,1,1,1,1,1,1,-1,1,-1,1,-1,1,1,-1,1,-1,1,1,-1,1,-1,1,-1,1,-1,1,1,-1,-1,-1,1,1,1,1,-1,-1,1,1,-1,-1,1,-1,1,-1,-1,1,-1,1,-1,1,-1,1,-1,1,1,-1,-1,-1,1,1,-1,1,-1,1,1,1,-1,1,1,-1,1,-1,1,-1,1,-1,1,-1,1,1,-1,1,-1,-1,-1,1,1,-1,1,-1,-1,-1,1,1,-1,-1,1,1,-1,-1,1,1,-1,1,1,-1,1,1,1,1,-1,1,-1,1,1,-1,1,-1,1,1,-1,1,1,1,1,1,-1,-1,1,-1,-1,-1,1,1,-1,1,1,1,-1,1,-1,-1,1,1,1,-1,1,-1,1,1,1,-1,1,1,-1,1,1,1,-1,1,1,-1,-1,1,1,1,-1,1,-1,1,1,1,-1,1,1,-1,1,1,1,-1,1,-1,-1,1,1,1,-1,1,-1,-1,-1,1,1,-1,1,-1,-1,1,-1,1,-1,1,1,-1,-1,1,1,1,1,1,-1,-1,1,1,-1,1,-1,1,-1,-1,-1,-1,1,1,-1,-1,1,1,-1,1,1,-1,-1,1,1,1,1,1,-1,1,1,1,-1,1,-1,-1,-1,-1,1,1,1,1,-1,-1,1,1,1,1,-1,-1,-1,-1,-1,1,-1,-1,-1,1,-1,1,1,1,1,-1,1,1,-1,1,-1,1,-1,-1,1,-1,1,1,1,1,-1,1,-1,-1,1,1,-1,-1,1,-1,1,1,1,-1,-1,1,-1,-1,1,1,-1,1,1,-1,1,1,-1,-1,1,1,-1,1,-1,-1,-1,1,1,-1,1,-1,-1,1,1,-1,-1,1,-1,-1,-1,1,-1,-1,1,-1,-1,-1,1,-1,-1,1,-1,-1,-1,1,1,-1,1,1,-1,-1,1,1,-1,-1,-1,1,-1,1,-1,-1,1,-1,-1,1,-1,1,-1,-1,1,-1,1,-1,1,-1,-1,1,-1,-1,1,1,1,-1,1,-1,1,-1,-1,-1,1,-1,-1,-1,1,-1,-1,-1,1,1,-1,1,-1,1,-1,1,-1,1,1,-1,1,1,1,-1,-1,1,-1,1,-1,1,1,-1,1,-1,-1,1,1,-1,-1,1,-1,-1,-1,1,-1,-1,1,-1,1,1,1,1,-1,1,-1,-1,1,1,-1,-1,1,-1,-1,-1,1,1,-1,-1,1,1,-1,1,-1,-1,1,1,1,1,1,1,-1,-1,1,1,-1,1,-1,-1,1,1,1,1,-1,1,-1,1,-1,1,1,1,1,-1,-1,1,1,1,-1,-1,-1,1,1,1,1,1,-1,-1,-1,1,1,1,-1,-1,-1,-1,1,1,1,1,-1,-1,-1,1,1,1,1,-1,-1,1,1,1,1,1,-1,-1,-1,1,1,-1,1,-1,-1,-1,1,1,1,1,-1,-1,1,1,1,1,1,-1,1,1,-1,1,1,-1,-1,-1,1,1,1,-1,1,-1,1,1,1,1,1,1,-1,-1,1,-1,1,-1,1,-1,-1,1,-1,1,-1,-1,-1,-1,1,-1,1,1,-1,1,-1,1,1,1,-1,1,1,-1,1,-1,1,-1,-1,-1,-1,1,1,-1,-1,-1,-1,-1,1,-1,1,-1,-1,-1,-1,-1,-1,-1,1,-1,-1,-1,1,-1,-1,1,-1,-1,-1,-1,-1,-1,1,-1,-1,-1,-1,-1,1,-1,-1,-1,1,-1,-1,1,-1,1,-1,-1,-1,-1,-1,-1,-1,1,-1,-1,-1,1,1,-1,-1,-1,1,1,-1,-1,-1,-1,1,-1,-1,1,-1,1,-1,-1,-1,-1,1,-1,1,1,-1,1,-1,-1,1,1,-1,-1,-1,-1,-1,-1,1,1,-1,-1,1,-1,1,1,-1,-1,-1,1,-1,-1,1,-1,-1,1,-1,-1,1,1,1,-1,1,-1,1,1,1,-1,-1,1,-1,-1,1,1,1,-1,1,-1,-1,1,1,-1,1,1,-1,-1,1,1,1,1,1,-1,-1,1,1,1,1,1,-1,-1,1,1,1,1,1,1,-1,-1,1,1,-1,1,-1,-1,1,-1,1,1,1,1,-1,-1,1,-1,1,1,1,-1,1,1,1,1,-1,1,-1,1,1,1,1,1,1,1,-1,1,1,1,1,-1,1,-1,1,1,1,1,1,-1,1,1,1,1,-1,1,1,-1,1,1,-1,1,1,-1,-1,1,1,1,1,-1,1,-1,1,1,1,-1,-1,1,-1,1,1,1,-1,1,-1,-1,-1,1,1,-1,-1,1,-1,-1,1,1,-1,-1,1,-1,-1,1,1,1,-1,1,-1,-1,1,1,-1,-1,-1,1,-1,1,1,-1,1,1,-1,1,1,-1,-1,1,-1,-1,-1,1,1,-1,1,1,-1,1,1,-1,-1,-1,-1,1,-1,-1,-1,-1,1,-1,-1,1,1,-1,1,1,-1,1,1,1,1,-1,1,-1,1,1,1,1,-1,1,-1,-1,1,1,1,-1,1,-1,1,1,1,1,-1,1,-1,1,1,1,-1,-1,1,-1,-1,1,1,-1,-1,-1,1,-1,1,-1,1,-1,1,-1,-1,1,-2674.0,1,2000,445,500,False
126,1,1,-1,-1,1,-1,-1,-1,1,1,1,-1,1,1,1,1,-1,1,-1,-1,-1,-1,1,1,1,-1,-1,-1,1,1,1,1,1,-1,-1,-1,1,1,1,1,-1,-1,-1,1,1,1,1,-1,1,1,1,1,-1,1,-1,-1,1,-1,1,1,1,-1,-1,-1,1,1,1,1,-1,-1,-1,1,1,1,1,-1,-1,-1,1,1,1,-1,-1,-1,1,1,1,1,-1,-1,-1,1,1,1,1,-1,-1,1,1,-1,1,1,-1,-1,1,1,1,1,1,-1,-1,-1,1,1,1,1,-1,-1,1,1,1,1,1,1,-1,-1,1,1,-1,1,1,-1,1,1,1,1,1,1,-1,1,1,1,1,1,1,-1,1,1,1,1,1,1,-1,-1,-1,1,1,1,1,-1,1,1,1,1,-1,1,-1,1,-1,1,1,1,-1,-1,1,1,1,1,1,-1,1,-1,-1,1,-1,1,-1,1,1,1,1,1,1,1,1,1,1,1,-1,1,-1,1,1,-1,1,-1,1,1,-1,1,-1,1,-1,1,-1,1,1,-1,-1,-1,1,1,1,1,-1,-1,1,1,-1,-1,1,-1,1,-1,-1,1,-1,1,-1,1,-1,1,-1,1,1,-1,-1,-1,1,1,-1,1,-1,1,1,1,-1,1,1,-1,-1,-1,1,-1,1,-1,1,-1,1,1,-1,1,-1,-1,-1,1,1,-1,1,-1,-1,-1,1,1,-1,-1,1,1,-1,-1,1,1,-1,1,1,-1,1,1,1,1,-1,1,-1,1,1,-1,1,-1,1,1,-1,1,1,1,1,1,-1,-1,1,-1,-1,-1,1,1,-1,1,1,1,-1,1,-1,-1,1,1,1,1,1,-1,1,1,1,-1,-1,1,-1,1,1,1,-1,1,1,-1,-1,1,1,1,-1,1,-1,1,1,1,-1,1,1,-1,1,1,1,-1,1,-1,-1,1,1,1,-1,1,-1,-1,-1,1,1,-1,1,-1,-1,1,-1,1,-1,1,1,-1,-1,1,1,1,-1,1,-1,-1,1,1,-1,1,-1,1,-1,-1,-1,-1,1,1,-1,-1,1,1,-1,1,1,-1,-1,1,1,1,1,1,-1,1,1,1,-1,1,-1,-1,-1,-1,1,1,1,1,-1,-1,1,1,1,1,-1,-1,-1,-1,-1,1,-1,-1,-1,1,-1,1,1,-1,1,-1,1,1,-1,1,-1,1,-1,-1,1,-1,1,1,1,-1,1,1,-1,-1,1,1,-1,-1,1,-1,1,1,1,-1,-1,1,-1,-1,1,1,-1,1,1,-1,1,1,1,-1,1,1,-1,1,-1,-1,-1,1,-1,-1,1,-1,-1,-1,1,-1,-1,1,-1,1,-1,1,-1,-1,1,-1,-1,-1,1,-1,-1,1,-1,-1,-1,1,1,-1,1,1,-1,-1,1,1,-1,-1,-1,1,-1,1,-1,-1,1,-1,-1,1,-1,1,-1,-1,1,-1,1,-1,1,-1,-1,1,-1,-1,1,1,1,-1,1,-1,1,-1,1,1,1,-1,-1,-1,1,-1,-1,-1,1,1,-1,1,-1,1,-1,1,-1,1,1,-1,1,1,1,-1,-1,1,-1,1,-1,1,1,-1,1,-1,-1,1,1,-1,-1,1,-1,-1,-1,1,-1,-1,1,-1,1,1,1,1,-1,1,-1,-1,1,1,-1,-1,1,-1,-1,-1,1,1,-1,-1,1,1,-1,-1,-1,-1,1,1,1,1,1,1,-1,-1,1,1,1,-1,-1,-1,1,1,1,1,-1,-1,-1,1,-1,1,-1,1,1,-1,-1,1,1,1,-1,-1,-1,1,1,1,1,1,-1,-1,-1,1,1,1,-1,-1,-1,-1,1,1,1,1,-1,-1,-1,1,1,1,1,-1,-1,1,1,1,1,1,-1,-1,-1,1,1,-1,1,-1,-1,-1,1,1,1,1,-1,-1,1,1,1,1,1,-1,1,1,-1,1,1,-1,-1,-1,1,1,1,1,1,-1,1,1,1,1,1,1,-1,-1,1,-1,1,-1,1,-1,-1,1,-1,1,-1,-1,-1,-1,1,-1,1,1,-1,-1,-1,1,1,1,-1,1,-1,-1,1,-1,1,-1,-1,-1,-1,1,1,-1,-1,-1,-1,-1,1,-1,1,-1,-1,-1,-1,-1,-1,-1,1,-1,-1,-1,1,-1,-1,1,-1,-1,-1,-1,-1,-1,1,-1,-1,-1,-1,-1,1,-1,-1,-1,1,-1,-1,1,-1,1,-1,-1,-1,-1,-1,-1,-1,1,-1,-1,-1,1,1,-1,-1,-1,1,1,-1,-1,-1,-1,1,-1,-1,1,-1,1,-1,-1,-1,-1,1,-1,1,1,-1,1,-1,-1,1,1,-1,-1,-1,-1,-1,-1,1,1,-1,-1,1,-1,1,1,-1,-1,-1,1,-1,-1,1,-1,-1,1,-1,-1,1,1,1,-1,1,-1,1,1,1,-1,-1,1,-1,-1,1,-1,1,-1,1,-1,-1,1,1,-1,1,1,-1,-1,1,1,-1,1,1,-1,-1,1,1,1,1,1,-1,-1,1,1,1,1,1,1,-1,-1,1,1,-1,1,-1,-1,1,-1,1,1,1,1,-1,-1,1,-1,1,1,1,-1,1,1,1,1,-1,1,-1,1,1,1,1,1,1,1,-1,1,1,1,1,-1,1,-1,1,1,1,1,1,-1,1,1,1,1,-1,1,1,-1,1,1,-1,1,1,-1,-1,1,1,1,1,-1,1,-1,1,1,1,-1,-1,1,-1,1,1,1,-1,1,-1,-1,-1,1,1,-1,-1,1,-1,-1,1,1,-1,-1,1,-1,-1,1,1,1,-1,-1,-1,-1,1,1,-1,-1,-1,1,-1,-1,1,-1,1,1,-1,1,1,-1,-1,1,1,-1,-1,1,1,-1,1,1,-1,1,1,-1,-1,1,-1,1,-1,-1,-1,-1,1,-1,-1,1,1,-1,1,1,-1,1,1,1,1,-1,1,-1,1,1,1,-1,-1,1,-1,1,1,1,-1,-1,1,-1,-1,1,1,-1,-1,1,-1,1,1,1,1,-1,1,-1,-1,1,1,-1,-1,-1,1,-1,1,1,1,-1,1,-1,-1,1,-2674.0,1,2000,445,500,False
127,1,1,-1,-1,1,-1,-1,-1,1,1,1,-1,1,1,1,1,-1,1,-1,-1,1,-1,1,1,1,1,-1,-1,1,1,1,1,-1,-1,-1,-1,1,-1,1,1,-1,-1,-1,1,1,1,1,-1,1,1,1,1,-1,1,-1,-1,1,-1,1,1,1,-1,-1,-1,1,1,1,1,-1,-1,-1,1,1,1,1,-1,-1,-1,1,1,1,-1,-1,-1,1,1,1,1,-1,-1,-1,1,1,1,1,-1,-1,1,1,-1,1,1,-1,-1,1,1,1,1,1,-1,-1,1,1,1,1,1,-1,-1,1,1,1,1,1,1,-1,1,1,1,-1,1,1,-1,1,1,1,1,1,1,-1,-1,1,1,1,1,1,-1,1,1,1,1,1,1,-1,-1,-1,1,1,1,1,-1,1,1,1,1,-1,1,-1,1,-1,1,1,1,-1,-1,1,1,1,1,1,-1,1,-1,-1,1,-1,1,-1,1,1,1,1,1,1,1,1,1,1,1,-1,1,-1,1,1,-1,1,-1,1,1,-1,1,-1,1,-1,1,-1,1,1,-1,-1,-1,1,1,1,1,-1,-1,1,1,-1,-1,1,-1,1,-1,-1,1,-1,1,-1,1,-1,1,-1,1,1,-1,-1,-1,1,1,-1,1,-1,1,1,1,-1,1,1,-1,1,-1,1,-1,1,-1,1,-1,1,1,-1,1,-1,-1,-1,1,1,-1,1,-1,-1,-1,1,1,-1,-1,1,1,-1,-1,1,1,-1,1,1,-1,1,1,1,-1,-1,1,-1,1,1,-1,1,-1,1,1,-1,1,1,-1,-1,1,-1,-1,1,-1,1,-1,1,1,-1,1,1,1,-1,1,-1,-1,1,1,-1,-1,1,-1,1,1,1,1,-1,1,-1,1,1,1,-1,1,1,-1,-1,1,1,-1,-1,1,-1,1,1,1,1,1,1,-1,1,1,1,1,1,-1,-1,1,1,1,1,1,-1,-1,-1,1,1,1,1,-1,-1,1,-1,1,-1,1,1,-1,-1,1,1,1,1,1,-1,-1,1,1,1,-1,-1,1,-1,-1,-1,-1,1,1,-1,-1,1,1,-1,1,1,-1,-1,1,1,1,1,1,-1,1,1,1,-1,1,-1,-1,-1,-1,1,1,1,1,-1,-1,1,-1,1,1,-1,-1,-1,-1,-1,1,-1,-1,-1,1,-1,1,1,1,1,-1,1,1,-1,1,-1,1,-1,-1,1,-1,1,-1,1,1,-1,1,-1,-1,1,1,-1,-1,1,-1,1,1,1,-1,-1,1,-1,1,-1,1,-1,1,1,-1,1,-1,-1,-1,1,1,-1,1,-1,-1,-1,1,-1,1,1,-1,-1,1,1,-1,-1,1,-1,-1,-1,1,-1,1,-1,-1,-1,-1,1,-1,-1,1,-1,-1,-1,1,1,-1,1,-1,-1,-1,1,1,-1,1,-1,1,-1,1,-1,-1,1,-1,-1,1,-1,1,-1,-1,1,-1,1,-1,1,-1,-1,1,-1,-1,1,1,1,-1,1,-1,1,-1,-1,-1,1,-1,-1,-1,1,-1,-1,-1,1,1,-1,1,-1,1,-1,1,-1,1,1,-1,1,1,1,-1,-1,1,-1,1,-1,1,1,-1,1,-1,-1,1,1,-1,-1,1,-1,-1,-1,1,-1,-1,1,-1,1,1,1,1,-1,1,-1,-1,1,1,-1,-1,1,-1,-1,-1,1,1,-1,-1,1,1,-1,-1,-1,-1,1,1,1,1,1,1,-1,-1,1,1,-1,1,-1,-1,1,1,1,1,-1,-1,-1,1,-1,1,1,1,-1,-1,-1,1,1,1,-1,-1,-1,-1,1,1,1,1,-1,-1,-1,1,1,1,-1,-1,-1,-1,1,1,1,1,-1,-1,-1,1,1,1,1,-1,-1,1,1,1,1,1,-1,-1,-1,1,1,-1,1,-1,-1,-1,1,1,1,1,-1,-1,1,1,1,1,1,-1,1,1,-1,1,1,-1,-1,-1,1,1,1,-1,1,-1,1,1,1,1,1,1,-1,-1,1,-1,1,-1,1,-1,-1,1,-1,1,-1,-1,-1,-1,1,-1,1,1,-1,1,-1,1,1,1,-1,1,1,-1,1,-1,1,-1,-1,-1,-1,1,1,-1,-1,-1,-1,-1,1,-1,1,-1,-1,-1,-1,-1,-1,-1,1,-1,-1,-1,1,-1,-1,1,-1,-1,-1,-1,-1,-1,1,-1,-1,-1,-1,-1,1,-1,-1,-1,1,-1,-1,1,-1,1,-1,-1,-1,-1,-1,-1,-1,1,-1,-1,-1,1,1,-1,-1,-1,1,1,-1,-1,-1,-1,1,-1,-1,1,1,1,-1,-1,-1,-1,1,-1,1,1,-1,1,-1,-1,1,1,-1,-1,-1,-1,-1,-1,1,1,-1,-1,1,-1,1,1,-1,-1,-1,1,-1,1,1,-1,-1,1,-1,-1,1,1,1,-1,1,-1,1,1,1,-1,-1,1,-1,-1,1,1,1,-1,1,-1,-1,1,1,-1,1,1,-1,-1,1,1,-1,1,1,-1,-1,1,1,-1,1,1,-1,-1,1,1,1,1,1,1,-1,1,1,1,1,1,-1,-1,1,-1,1,1,1,1,-1,-1,1,-1,1,1,1,-1,1,1,1,1,-1,1,-1,1,1,1,1,1,1,-1,-1,-1,1,1,1,-1,1,-1,1,1,1,1,-1,1,-1,1,1,1,-1,-1,1,-1,1,1,-1,1,-1,-1,-1,1,1,1,-1,1,-1,-1,1,1,1,-1,-1,-1,-1,1,1,1,-1,-1,-1,-1,-1,1,1,-1,1,-1,-1,-1,1,1,-1,1,-1,-1,1,1,1,1,1,1,-1,-1,1,1,-1,-1,1,1,1,-1,1,-1,1,-1,-1,1,1,-1,-1,1,-1,-1,-1,1,1,-1,1,1,1,1,1,-1,-1,1,-1,1,-1,-1,-1,-1,1,-1,1,1,1,-1,1,1,-1,1,1,1,1,-1,1,-1,1,1,1,1,-1,1,-1,1,1,1,1,-1,1,-1,1,1,1,1,-1,1,-1,1,1,-1,-1,-1,1,-1,-1,1,1,-1,-1,-1,1,-1,1,-1,1,-1,1,-1,-1,1,-2674.0,1,2000,445,500,False
128,1,1,-1,-1,1,1,-1,-1,1,1,1,-1,1,1,1,1,-1,1,-1,-1,-1,-1,1,1,1,-1,1,-1,1,1,1,1,-1,-1,-1,-1,1,-1,1,1,-1,-1,-1,1,1,1,1,-1,1,1,1,1,-1,1,-1,-1,1,-1,1,1,1,-1,-1,-1,1,1,1,1,-1,-1,-1,1,1,1,1,-1,-1,-1,1,1,1,-1,-1,-1,1,1,1,1,-1,-1,1,1,1,1,1,-1,-1,-1,1,-1,1,1,-1,-1,1,1,1,1,1,-1,-1,-1,1,-1,1,1,-1,-1,1,1,1,1,1,1,-1,-1,1,1,-1,1,1,-1,1,1,1,1,1,1,-1,1,1,1,1,1,1,-1,1,1,1,1,1,1,-1,-1,-1,1,1,1,1,-1,1,1,1,1,-1,1,-1,1,-1,1,1,1,-1,-1,1,1,1,1,1,-1,1,-1,-1,1,-1,1,-1,1,1,1,1,1,1,1,1,1,-1,1,-1,1,-1,1,1,-1,1,-1,1,1,-1,1,-1,1,-1,1,-1,1,1,-1,-1,-1,1,1,1,1,-1,-1,1,1,-1,-1,1,-1,1,-1,1,1,-1,1,-1,1,-1,1,-1,1,1,-1,-1,-1,1,1,-1,1,-1,1,1,1,-1,1,1,-1,-1,-1,1,-1,1,-1,1,-1,1,1,-1,1,-1,-1,-1,1,1,-1,1,-1,-1,-1,1,1,-1,-1,1,1,-1,-1,1,1,-1,1,1,-1,1,1,1,1,-1,1,-1,1,1,-1,1,-1,1,1,-1,1,1,1,1,1,-1,-1,1,-1,-1,1,1,1,-1,1,1,1,-1,1,-1,-1,1,1,1,-1,1,-1,1,1,1,-1,1,1,-1,1,1,1,-1,1,1,-1,-1,1,1,1,-1,1,-1,1,1,1,-1,1,1,-1,1,1,1,-1,1,-1,-1,1,1,1,-1,1,-1,-1,-1,1,1,-1,1,-1,-1,1,-1,1,-1,1,1,-1,-1,1,1,1,1,1,-1,-1,1,1,-1,1,-1,1,-1,-1,-1,-1,1,1,-1,-1,1,1,-1,1,1,-1,-1,1,1,1,1,1,-1,1,1,1,-1,1,-1,-1,-1,-1,1,1,1,1,-1,-1,1,1,1,1,-1,-1,-1,-1,-1,1,-1,-1,-1,1,-1,1,1,1,1,-1,1,1,-1,1,-1,1,-1,-1,1,-1,1,1,1,1,-1,1,-1,-1,1,1,-1,-1,1,-1,1,1,1,-1,-1,1,-1,-1,1,1,-1,1,1,-1,1,1,-1,-1,1,1,-1,1,-1,-1,-1,1,-1,-1,1,-1,-1,-1,1,-1,-1,1,-1,-1,-1,1,-1,-1,1,-1,-1,-1,1,-1,-1,1,-1,-1,-1,1,1,-1,1,1,-1,-1,1,1,-1,-1,-1,1,-1,1,-1,-1,1,-1,-1,1,1,1,-1,-1,1,-1,1,-1,1,-1,-1,1,-1,-1,1,1,1,-1,1,-1,1,-1,-1,1,1,-1,-1,-1,1,-1,-1,-1,1,1,-1,1,-1,1,-1,1,-1,1,1,-1,1,1,1,-1,-1,1,-1,1,-1,1,1,-1,1,-1,-1,1,1,-1,-1,1,-1,-1,-1,1,-1,-1,1,-1,1,1,1,1,-1,1,-1,-1,1,1,-1,-1,1,-1,-1,-1,1,1,-1,-1,1,1,-1,-1,-1,-1,1,1,1,1,1,1,-1,-1,1,1,-1,1,-1,-1,1,1,1,1,-1,1,-1,1,-1,1,1,1,1,-1,-1,1,1,1,-1,-1,-1,1,1,1,1,1,-1,-1,-1,1,1,1,-1,-1,-1,-1,1,1,1,1,-1,-1,-1,1,1,1,1,-1,-1,1,1,1,1,1,-1,-1,-1,1,1,-1,1,-1,-1,-1,1,1,1,1,-1,-1,1,1,1,1,1,-1,1,1,-1,1,1,-1,-1,-1,1,1,1,1,1,-1,1,1,1,1,1,1,-1,-1,1,-1,1,-1,1,-1,-1,1,-1,1,-1,-1,-1,-1,1,-1,1,1,-1,1,-1,1,1,1,-1,1,1,-1,1,-1,1,-1,-1,-1,-1,1,1,-1,-1,-1,-1,-1,1,-1,1,-1,-1,-1,-1,-1,-1,-1,1,-1,-1,-1,1,-1,-1,1,-1,-1,-1,-1,-1,1,1,-1,-1,-1,-1,-1,1,-1,-1,-1,1,-1,-1,1,-1,1,-1,-1,-1,-1,-1,-1,-1,1,-1,-1,-1,1,1,-1,-1,-1,-1,1,-1,-1,-1,-1,1,-1,-1,1,-1,1,-1,-1,-1,-1,1,-1,1,1,-1,1,-1,-1,1,1,-1,-1,-1,-1,-1,-1,1,1,-1,-1,1,-1,1,1,-1,-1,-1,1,-1,1,1,-1,-1,1,-1,-1,1,1,1,-1,1,-1,1,1,1,-1,-1,1,-1,-1,1,1,1,-1,1,-1,-1,1,1,-1,1,1,-1,-1,1,1,1,1,1,-1,-1,1,1,-1,1,1,-1,-1,1,1,1,1,1,1,-1,-1,1,1,-1,1,-1,-1,1,-1,1,1,1,1,-1,-1,1,-1,1,1,1,-1,1,1,1,1,-1,1,-1,1,1,1,1,1,1,1,-1,1,1,1,1,-1,1,-1,1,1,1,1,1,-1,1,1,1,1,-1,1,1,-1,1,1,-1,1,1,-1,-1,1,1,1,1,-1,1,-1,1,1,1,-1,-1,1,-1,1,1,1,-1,1,-1,-1,-1,1,1,-1,-1,1,-1,-1,1,1,-1,-1,1,-1,-1,-1,1,1,-1,1,-1,-1,1,1,-1,-1,-1,1,-1,-1,1,-1,1,1,-1,1,1,-1,-1,1,-1,-1,-1,1,1,-1,1,1,-1,1,1,-1,-1,-1,-1,1,-1,-1,-1,-1,1,-1,-1,1,1,-1,1,1,-1,1,1,1,1,-1,1,-1,1,1,1,-1,-1,1,-1,-1,1,1,-1,-1,1,-1,1,1,1,-1,-1,1,-1,1,1,1,1,-1,1,-1,-1,1,1,1,-1,-1,1,-1,1,1,1,-1,1,-1,-1,1,-2674.0,1,2000,445,1500,False
129,1,1,-1,-1,1,1,-1,1,1,1,1,-1,-1,1,1,1,-1,1,-1,-1,-1,1,1,1,1,-1,-1,-1,1,1,1,1,-1,-1,-1,1,-1,1,1,1,-1,-1,1,1,1,1,1,-1,1,1,1,1,-1,1,-1,-1,1,-1,1,1,1,-1,-1,1,1,1,1,1,-1,-1,1,1,1,1,1,-1,-1,-1,1,1,1,-1,-1,-1,1,1,1,1,-1,-1,1,1,1,1,1,-1,-1,-1,1,-1,1,1,-1,-1,1,1,1,1,1,-1,-1,-1,1,1,1,1,-1,-1,1,1,1,1,1,1,-1,-1,1,1,-1,1,1,-1,1,1,1,1,1,1,-1,1,1,1,1,1,1,-1,1,1,1,1,1,1,-1,-1,-1,1,1,1,1,-1,1,-1,1,1,-1,1,-1,1,-1,1,1,1,-1,-1,1,1,1,1,1,-1,1,-1,-1,1,-1,1,-1,1,1,1,1,1,1,1,1,1,-1,1,-1,1,-1,1,1,-1,1,-1,1,1,-1,1,-1,1,-1,1,-1,1,1,-1,1,-1,1,1,1,1,-1,-1,1,1,-1,-1,1,-1,1,-1,-1,1,-1,1,-1,1,-1,1,-1,1,1,-1,-1,-1,1,1,-1,1,-1,1,1,1,-1,1,-1,-1,1,-1,1,-1,1,1,1,-1,1,1,-1,1,-1,-1,-1,1,1,-1,1,-1,1,-1,1,1,-1,-1,1,1,-1,-1,1,1,-1,1,1,-1,1,1,1,1,-1,1,-1,1,1,-1,1,-1,1,1,-1,1,1,1,1,1,-1,-1,1,-1,-1,-1,-1,1,-1,1,1,1,-1,1,-1,-1,1,1,1,1,1,-1,1,1,1,-1,1,1,-1,1,1,1,-1,1,1,-1,-1,1,1,1,-1,1,-1,1,1,1,-1,1,1,-1,1,1,1,-1,1,-1,-1,1,1,1,-1,1,-1,-1,-1,1,1,-1,1,-1,-1,1,-1,1,-1,1,1,-1,-1,1,1,1,-1,1,-1,-1,1,1,-1,1,-1,1,-1,-1,-1,-1,1,1,-1,-1,1,1,-1,1,1,-1,-1,1,1,1,1,1,-1,1,1,1,-1,1,-1,-1,-1,-1,1,1,-1,1,-1,-1,1,-1,1,-1,-1,-1,-1,-1,-1,1,-1,-1,-1,1,-1,1,1,-1,1,-1,1,1,-1,1,-1,1,-1,-1,1,-1,1,-1,1,1,-1,1,-1,-1,1,1,-1,-1,1,-1,1,1,1,-1,-1,1,-1,1,-1,1,-1,1,1,-1,1,-1,-1,-1,1,1,-1,1,-1,-1,-1,1,-1,1,1,-1,-1,-1,1,-1,-1,1,-1,-1,-1,1,-1,1,-1,-1,-1,-1,1,-1,-1,1,-1,-1,-1,-1,1,-1,1,-1,-1,-1,1,1,-1,-1,-1,1,-1,1,-1,-1,1,-1,-1,1,-1,1,-1,-1,1,-1,1,-1,1,-1,-1,1,-1,-1,1,1,1,-1,1,-1,1,-1,1,-1,1,-1,-1,1,-1,1,-1,-1,1,-1,1,1,-1,1,-1,1,-1,1,1,-1,1,1,1,1,-1,1,-1,1,-1,1,-1,-1,1,-1,-1,1,1,-1,-1,1,-1,-1,-1,1,-1,-1,1,-1,1,1,1,1,-1,1,-1,-1,1,1,-1,-1,1,-1,-1,-1,1,-1,-1,-1,1,1,-1,-1,-1,-1,1,1,1,1,1,-1,-1,-1,1,1,-1,1,-1,-1,1,1,1,1,-1,-1,-1,1,-1,1,1,1,-1,-1,-1,1,1,1,-1,-1,-1,-1,1,1,1,1,-1,-1,-1,1,1,1,-1,1,-1,-1,1,1,1,1,-1,-1,1,1,1,1,1,-1,-1,-1,1,1,1,1,-1,-1,-1,1,1,-1,1,-1,-1,-1,1,1,1,1,-1,-1,1,1,1,1,1,-1,1,1,-1,1,1,-1,-1,-1,1,1,1,1,1,-1,1,1,1,1,1,1,-1,-1,1,-1,1,-1,1,-1,-1,1,-1,1,1,-1,-1,-1,1,-1,1,1,-1,-1,-1,1,1,1,-1,1,-1,-1,1,-1,1,-1,-1,-1,-1,1,1,-1,-1,-1,-1,-1,1,-1,1,-1,-1,-1,-1,-1,-1,-1,1,-1,-1,-1,1,-1,-1,1,-1,-1,-1,-1,-1,1,1,-1,-1,-1,-1,-1,1,-1,-1,-1,1,-1,-1,1,-1,1,-1,-1,-1,-1,-1,-1,-1,1,-1,-1,-1,1,1,1,-1,-1,1,-1,-1,-1,-1,-1,1,-1,-1,1,-1,1,-1,-1,-1,-1,1,-1,1,1,-1,1,-1,-1,1,1,-1,-1,-1,-1,-1,-1,1,1,-1,-1,1,-1,1,1,-1,-1,-1,1,-1,1,1,-1,-1,1,-1,-1,1,1,1,-1,1,-1,1,1,1,-1,-1,1,-1,-1,1,1,1,-1,1,-1,-1,1,1,-1,1,1,-1,-1,1,1,-1,1,1,-1,-1,1,1,-1,1,1,-1,-1,1,1,1,1,1,1,-1,1,1,1,1,1,-1,-1,1,-1,1,1,1,1,-1,-1,1,-1,1,1,1,-1,1,1,1,1,-1,1,-1,1,1,1,1,1,1,1,-1,1,1,1,1,-1,1,-1,1,1,1,1,1,-1,1,1,1,1,-1,1,1,-1,1,1,-1,1,1,-1,-1,1,1,1,1,-1,1,-1,1,1,1,-1,-1,1,-1,1,1,1,-1,1,-1,-1,-1,1,1,-1,-1,1,-1,-1,1,1,-1,-1,1,-1,1,1,1,1,-1,1,-1,-1,1,1,-1,-1,-1,1,1,1,1,-1,1,1,-1,1,1,-1,-1,1,1,-1,-1,1,1,-1,1,1,1,1,1,-1,-1,-1,-1,1,-1,-1,-1,-1,-1,1,1,1,1,-1,1,1,-1,1,1,1,1,-1,1,-1,1,1,1,-1,-1,1,-1,1,1,1,-1,1,1,-1,1,1,1,-1,-1,1,-1,1,1,1,1,-1,1,-1,1,1,1,1,-1,1,1,-1,1,-1,1,-1,1,-1,1,1,-2674.0,1,2000,445,1500,False
130,1,1,-1,-1,1,1,-1,-1,1,1,1,-1,1,1,1,1,-1,1,-1,-1,-1,-1,1,1,1,-1,-1,-1,1,1,1,1,1,-1,-1,-1,1,1,1,1,-1,-1,-1,1,1,1,1,-1,1,1,1,1,-1,1,-1,-1,1,-1,1,1,1,-1,-1,-1,1,1,1,1,-1,-1,-1,1,1,1,1,-1,-1,-1,1,1,1,-1,-1,-1,1,1,1,1,-1,-1,1,1,1,1,1,-1,-1,-1,1,-1,1,1,-1,-1,1,1,1,1,1,-1,-1,-1,1,1,1,1,-1,-1,1,1,1,1,1,1,-1,-1,1,1,-1,1,1,-1,1,1,1,1,1,1,-1,1,1,1,1,1,1,-1,1,1,1,1,1,1,-1,-1,-1,1,1,1,1,-1,1,1,1,1,-1,1,-1,1,-1,1,1,1,-1,-1,1,1,1,1,1,-1,1,-1,-1,1,-1,1,-1,1,1,1,1,1,1,1,1,1,-1,1,-1,1,-1,1,1,-1,1,-1,1,1,-1,1,-1,1,-1,1,-1,1,1,-1,1,-1,1,1,1,1,-1,-1,1,1,-1,-1,1,-1,1,-1,1,1,-1,1,-1,1,-1,1,-1,1,1,-1,-1,-1,1,1,-1,1,-1,1,1,1,-1,1,1,-1,1,-1,1,-1,1,-1,1,-1,1,1,-1,1,-1,-1,-1,1,1,-1,1,-1,-1,-1,1,1,-1,-1,1,1,-1,-1,1,1,-1,1,1,-1,1,1,1,1,-1,1,-1,1,1,-1,1,-1,1,1,-1,1,1,1,1,1,-1,-1,1,-1,-1,-1,1,1,-1,1,1,1,-1,1,-1,-1,1,1,1,1,1,-1,1,1,1,-1,-1,1,-1,1,1,1,-1,1,1,-1,-1,1,1,1,-1,1,-1,1,1,1,-1,1,1,-1,1,1,1,-1,1,-1,-1,1,1,1,-1,1,-1,-1,-1,1,1,-1,1,-1,-1,1,-1,1,-1,1,1,-1,-1,1,1,1,-1,1,-1,-1,1,1,-1,1,-1,1,-1,-1,-1,-1,1,1,-1,-1,1,1,-1,1,1,-1,-1,1,1,1,1,1,-1,1,1,1,-1,1,-1,-1,-1,-1,1,1,1,1,-1,-1,1,1,1,1,-1,-1,-1,-1,-1,1,-1,-1,-1,1,-1,1,1,1,1,-1,1,1,-1,1,-1,1,-1,-1,1,-1,1,1,1,1,-1,1,-1,-1,1,1,-1,-1,1,-1,1,1,1,-1,-1,1,-1,-1,1,1,-1,1,1,-1,1,1,-1,-1,1,1,-1,1,-1,-1,-1,1,-1,-1,1,-1,-1,-1,1,-1,-1,1,-1,-1,-1,1,-1,-1,1,-1,-1,-1,1,-1,-1,1,-1,-1,-1,1,1,-1,1,1,-1,-1,1,1,-1,-1,-1,1,-1,1,-1,-1,1,-1,-1,1,1,1,-1,-1,1,-1,1,-1,1,1,-1,1,-1,-1,1,1,1,-1,1,-1,1,-1,-1,-1,1,-1,-1,-1,1,-1,-1,-1,1,1,-1,1,-1,1,-1,1,-1,1,1,-1,1,1,1,-1,-1,1,-1,1,-1,1,1,-1,1,-1,-1,1,1,-1,-1,1,-1,-1,-1,1,-1,-1,1,-1,1,1,1,1,-1,1,-1,-1,1,1,-1,-1,1,-1,-1,-1,1,1,-1,-1,1,1,-1,1,-1,-1,1,1,1,1,1,1,-1,-1,1,1,-1,1,-1,-1,1,1,1,1,-1,-1,-1,1,-1,1,1,1,1,-1,-1,1,1,1,-1,-1,-1,-1,1,1,1,1,-1,-1,-1,1,1,1,-1,-1,-1,-1,1,1,1,1,-1,-1,1,1,1,1,1,-1,-1,-1,1,1,1,1,-1,-1,-1,1,1,-1,1,-1,-1,-1,1,1,1,1,-1,-1,1,1,1,1,1,-1,1,1,-1,1,1,-1,-1,-1,1,1,1,-1,1,-1,1,1,1,1,1,1,-1,-1,1,-1,1,-1,1,-1,-1,1,-1,1,1,-1,-1,-1,1,-1,1,1,-1,-1,-1,1,1,1,-1,1,-1,-1,1,-1,1,-1,-1,-1,-1,1,1,-1,-1,-1,-1,-1,1,-1,1,-1,-1,-1,-1,-1,-1,-1,1,-1,-1,-1,1,-1,-1,1,-1,-1,-1,-1,-1,1,1,-1,-1,-1,-1,-1,1,-1,-1,-1,1,-1,-1,1,-1,1,-1,-1,-1,-1,-1,-1,-1,1,-1,-1,-1,1,1,-1,-1,-1,-1,1,-1,-1,-1,-1,1,-1,-1,1,-1,1,-1,-1,-1,-1,1,-1,1,1,-1,1,-1,-1,1,1,-1,-1,-1,-1,-1,-1,1,1,-1,-1,1,-1,1,1,-1,-1,-1,1,-1,1,1,-1,-1,1,-1,-1,1,1,1,-1,1,-1,1,1,1,-1,-1,1,-1,-1,1,1,1,-1,1,-1,-1,1,1,-1,1,1,-1,-1,1,1,-1,1,1,-1,-1,1,1,1,1,1,-1,-1,1,1,1,1,1,1,-1,-1,1,1,1,1,-1,-1,1,-1,1,1,1,1,-1,-1,1,-1,1,1,1,-1,1,1,1,1,-1,1,-1,1,1,1,1,1,1,1,-1,1,1,1,1,-1,1,-1,1,1,1,1,1,-1,1,1,1,1,-1,1,1,-1,1,1,-1,1,1,-1,-1,1,1,1,1,-1,1,-1,1,1,1,-1,-1,1,-1,1,1,1,-1,1,-1,-1,-1,1,1,-1,-1,1,-1,-1,1,1,-1,-1,1,-1,-1,1,1,1,-1,1,-1,-1,1,1,-1,-1,-1,1,-1,1,1,-1,1,1,-1,1,1,-1,-1,1,-1,-1,-1,1,1,-1,1,1,-1,1,1,-1,-1,-1,-1,1,-1,-1,-1,-1,1,-1,-1,1,1,-1,1,1,-1,1,1,1,1,-1,1,-1,1,1,1,-1,-1,1,-1,-1,1,1,-1,-1,1,-1,1,1,1,-1,-1,1,-1,1,1,1,1,-1,1,-1,-1,1,1,1,-1,-1,1,-1,1,-1,1,-1,1,-1,-1,1,-2674.0,1,2000,445,1000,False
131,1,1,-1,-1,1,1,-1,-1,1,1,1,-1,1,1,1,1,-1,1,-1,-1,-1,-1,1,1,1,-1,-1,-1,1,1,1,1,-1,-1,-1,-1,1,-1,1,1,-1,-1,-1,1,1,1,1,-1,1,1,1,1,-1,1,-1,-1,1,-1,1,1,1,-1,-1,-1,1,1,1,1,-1,-1,-1,1,1,1,1,-1,-1,-1,1,1,1,-1,-1,-1,1,1,1,1,-1,-1,-1,1,1,1,1,-1,-1,1,1,-1,1,1,-1,-1,1,1,1,1,1,-1,-1,1,1,-1,1,1,-1,-1,1,1,1,1,1,1,-1,-1,1,1,-1,1,1,-1,1,1,1,1,1,1,-1,-1,1,1,1,1,1,-1,1,1,1,1,1,1,-1,-1,-1,1,1,1,1,-1,1,1,1,1,-1,1,-1,1,-1,1,1,1,-1,-1,1,1,1,1,1,-1,1,-1,-1,1,-1,1,-1,1,1,1,1,1,1,1,1,1,-1,1,-1,1,-1,1,1,-1,1,-1,1,1,-1,1,-1,1,-1,1,-1,1,1,-1,1,-1,1,1,1,1,-1,-1,1,1,-1,-1,1,-1,1,-1,1,1,-1,1,-1,1,-1,1,-1,1,1,-1,-1,-1,1,1,-1,1,-1,1,1,1,-1,1,1,-1,1,-1,1,-1,1,-1,1,-1,1,1,-1,1,-1,-1,-1,1,1,-1,1,-1,-1,-1,1,1,-1,-1,1,1,-1,-1,1,1,-1,1,1,-1,1,1,1,1,-1,1,-1,1,1,-1,1,-1,1,1,-1,1,1,1,1,1,-1,-1,1,-1,-1,-1,1,1,-1,1,1,1,-1,1,-1,-1,1,1,1,1,1,-1,1,1,1,-1,1,1,-1,1,1,1,-1,1,1,-1,-1,1,1,1,-1,1,-1,1,1,1,-1,1,1,-1,1,1,1,-1,1,-1,-1,1,1,1,-1,1,-1,-1,-1,1,1,-1,1,-1,-1,1,-1,1,-1,1,1,-1,-1,1,1,1,-1,1,-1,-1,1,1,-1,1,-1,1,-1,-1,-1,-1,1,1,1,-1,1,1,-1,1,1,-1,-1,1,1,1,1,1,-1,1,1,1,-1,1,-1,-1,-1,-1,1,1,-1,1,-1,-1,1,1,1,-1,-1,-1,-1,-1,-1,1,-1,-1,-1,1,-1,1,1,-1,1,1,1,1,-1,1,-1,1,-1,-1,1,-1,1,1,1,1,-1,1,-1,-1,1,1,-1,-1,1,-1,1,1,1,-1,-1,1,-1,-1,1,1,-1,1,1,-1,1,1,-1,-1,1,1,-1,1,-1,-1,-1,1,-1,1,1,-1,-1,1,1,-1,-1,1,-1,-1,-1,1,-1,-1,1,-1,-1,-1,1,-1,-1,1,-1,-1,-1,1,1,-1,1,-1,-1,-1,1,1,-1,1,-1,1,-1,1,-1,-1,1,-1,-1,1,-1,1,-1,-1,1,-1,1,-1,1,-1,1,1,-1,-1,1,1,1,-1,1,-1,1,-1,1,1,1,-1,-1,-1,1,-1,-1,-1,1,1,-1,1,-1,1,-1,1,-1,1,1,-1,1,1,1,-1,-1,1,-1,1,-1,1,1,-1,1,-1,-1,1,1,-1,-1,1,-1,-1,-1,1,-1,-1,1,-1,1,1,1,1,-1,1,-1,-1,1,1,-1,-1,1,-1,-1,-1,1,1,-1,-1,1,1,-1,-1,-1,-1,1,1,1,-1,1,1,-1,-1,1,1,-1,1,-1,-1,1,1,1,1,-1,1,-1,1,-1,1,1,1,1,-1,-1,1,1,1,-1,-1,-1,-1,1,1,1,1,-1,-1,-1,1,1,1,-1,-1,-1,-1,1,1,1,1,-1,-1,1,1,1,1,1,-1,-1,-1,1,1,1,-1,-1,-1,-1,1,1,-1,1,-1,-1,-1,1,1,1,1,-1,-1,1,1,1,1,1,-1,1,1,-1,1,1,-1,-1,-1,1,1,1,-1,1,-1,1,1,1,1,1,1,-1,-1,1,-1,1,-1,1,-1,-1,1,-1,1,1,-1,-1,-1,1,-1,1,1,-1,1,-1,1,1,1,-1,1,1,-1,1,-1,1,-1,-1,-1,-1,1,1,-1,-1,-1,-1,-1,1,-1,1,-1,-1,-1,-1,-1,-1,-1,1,-1,-1,-1,1,-1,-1,1,-1,-1,-1,-1,-1,1,1,-1,-1,-1,-1,-1,1,-1,-1,-1,1,-1,-1,1,-1,1,-1,-1,-1,-1,-1,-1,-1,1,-1,-1,-1,1,1,-1,-1,-1,-1,1,-1,-1,-1,-1,1,-1,-1,1,1,1,-1,-1,-1,-1,1,-1,1,1,-1,1,-1,-1,1,1,-1,-1,-1,-1,-1,-1,1,1,-1,-1,1,-1,1,1,-1,-1,-1,1,-1,1,1,-1,-1,1,-1,-1,1,1,1,-1,1,-1,1,1,1,-1,-1,1,-1,-1,1,1,1,-1,1,-1,-1,1,1,-1,1,1,-1,-1,1,1,-1,1,1,-1,-1,1,1,-1,1,1,-1,-1,1,1,1,1,1,1,-1,-1,1,1,-1,1,-1,-1,1,-1,1,1,1,1,-1,-1,1,-1,1,1,1,-1,1,-1,1,1,-1,1,-1,1,1,1,1,1,1,1,-1,-1,1,1,1,-1,1,-1,1,1,1,1,1,-1,1,-1,1,1,-1,1,1,-1,1,1,-1,1,1,-1,-1,1,1,1,1,-1,1,-1,-1,1,1,-1,-1,1,-1,1,1,1,-1,1,-1,-1,-1,1,1,-1,-1,1,-1,-1,1,1,-1,-1,1,-1,-1,1,1,1,-1,1,-1,-1,1,1,-1,-1,-1,1,-1,1,1,-1,1,1,-1,1,1,-1,-1,1,1,-1,-1,1,1,-1,1,1,-1,1,1,-1,-1,-1,-1,1,-1,-1,-1,-1,-1,1,-1,1,1,-1,1,1,-1,1,1,1,1,-1,1,-1,1,1,1,1,-1,1,-1,-1,1,1,1,-1,1,-1,1,1,1,1,-1,1,-1,1,1,1,-1,-1,1,-1,-1,1,1,-1,-1,-1,1,-1,1,-1,1,-1,1,-1,1,1,-2674.0,1,2000,445,1500,False
132,1,1,-1,-1,1,-1,-1,-1,1,1,1,-1,1,1,1,1,-1,1,-1,-1,1,-1,1,1,1,-1,-1,-1,1,1,1,1,1,-1,-1,-1,1,-1,1,1,-1,-1,-1,1,1,1,1,-1,1,1,1,1,-1,1,-1,-1,1,-1,1,1,1,-1,-1,-1,1,1,1,1,-1,-1,-1,1,1,1,1,-1,-1,-1,1,1,1,-1,-1,-1,1,1,1,1,-1,-1,-1,1,1,1,1,-1,-1,1,1,-1,1,1,-1,-1,1,1,1,1,1,-1,-1,1,1,-1,1,1,-1,-1,1,1,1,1,1,1,-1,-1,1,1,-1,1,1,-1,1,1,1,1,1,1,-1,-1,1,1,1,1,1,-1,1,1,1,1,1,1,-1,-1,-1,1,1,1,1,-1,1,1,1,1,-1,1,-1,1,-1,1,1,1,-1,-1,1,1,1,1,1,-1,1,-1,-1,1,-1,1,-1,1,1,1,1,1,1,1,1,1,-1,1,-1,1,-1,1,1,-1,1,-1,1,1,-1,1,-1,1,-1,1,-1,1,1,-1,-1,-1,1,1,1,1,-1,-1,1,1,-1,-1,1,-1,1,-1,-1,1,-1,1,-1,1,-1,1,-1,1,1,-1,-1,-1,1,1,-1,1,-1,1,1,1,-1,1,1,-1,1,-1,1,-1,1,-1,1,-1,1,1,-1,1,-1,-1,-1,1,1,-1,1,-1,-1,-1,1,1,-1,-1,1,1,-1,-1,1,1,-1,1,1,-1,1,1,1,1,-1,1,-1,1,1,-1,1,-1,1,1,-1,1,1,1,1,1,-1,-1,1,-1,-1,1,1,1,-1,1,1,1,-1,1,-1,-1,1,1,1,1,1,-1,1,1,1,-1,1,1,-1,1,1,1,-1,1,1,-1,-1,1,1,1,-1,1,-1,1,1,1,-1,1,1,-1,1,1,1,-1,1,-1,-1,1,1,1,-1,1,-1,-1,-1,1,1,-1,1,-1,-1,1,-1,1,-1,1,1,-1,-1,1,1,1,-1,1,-1,-1,1,1,-1,1,-1,1,-1,-1,-1,-1,1,1,-1,-1,1,1,-1,1,1,-1,-1,1,1,1,1,1,-1,1,1,1,-1,1,-1,-1,-1,-1,1,1,1,1,-1,-1,1,1,1,-1,-1,-1,-1,-1,-1,1,-1,-1,-1,1,-1,1,1,-1,1,-1,1,1,-1,1,-1,1,-1,-1,1,-1,1,1,1,1,-1,1,-1,-1,1,1,-1,-1,1,-1,1,1,1,-1,-1,1,-1,-1,1,1,-1,1,1,-1,1,1,-1,-1,1,1,-1,1,-1,-1,-1,1,-1,-1,1,-1,-1,-1,1,-1,-1,1,-1,-1,-1,1,-1,-1,1,-1,-1,-1,1,-1,-1,1,-1,-1,-1,1,1,-1,1,1,-1,-1,1,1,-1,-1,1,1,-1,1,-1,-1,1,1,-1,1,-1,1,-1,-1,1,-1,1,-1,1,-1,-1,1,-1,-1,1,1,1,-1,1,-1,1,-1,1,-1,1,-1,-1,-1,1,-1,-1,-1,1,1,-1,1,-1,1,-1,1,-1,1,1,-1,1,1,1,-1,-1,1,-1,1,-1,1,1,-1,1,-1,-1,1,1,-1,-1,1,-1,-1,-1,1,-1,-1,1,-1,1,1,1,1,-1,1,-1,-1,1,1,-1,-1,1,-1,-1,-1,1,1,-1,-1,1,1,-1,-1,-1,-1,1,1,1,1,1,1,-1,-1,1,1,-1,1,-1,-1,1,1,1,1,-1,1,-1,1,-1,1,1,1,1,-1,-1,1,1,1,-1,-1,-1,-1,1,1,1,1,-1,-1,-1,1,1,1,-1,-1,-1,-1,1,1,1,1,-1,-1,-1,1,1,1,1,-1,-1,1,1,1,1,1,-1,-1,-1,1,1,-1,1,-1,-1,-1,1,1,1,1,-1,-1,1,1,1,1,1,-1,1,1,-1,1,1,-1,-1,-1,1,1,1,1,1,-1,1,1,1,1,1,1,-1,-1,1,-1,1,-1,1,-1,-1,1,-1,1,1,-1,-1,-1,1,-1,1,1,-1,1,-1,1,1,1,-1,1,1,-1,1,-1,1,-1,-1,-1,-1,1,1,-1,-1,-1,-1,-1,1,-1,1,-1,-1,-1,-1,-1,-1,-1,1,-1,-1,-1,1,-1,-1,1,-1,-1,-1,-1,-1,1,1,-1,-1,-1,-1,-1,1,-1,-1,-1,1,-1,-1,1,-1,1,-1,-1,-1,-1,-1,-1,-1,1,-1,-1,-1,1,1,-1,-1,-1,1,-1,-1,-1,-1,-1,1,-1,-1,1,-1,1,-1,-1,-1,-1,1,-1,1,1,-1,1,-1,-1,1,1,-1,-1,-1,-1,-1,-1,1,1,-1,-1,1,-1,1,1,-1,-1,-1,1,-1,1,1,-1,-1,1,-1,-1,1,1,1,-1,1,-1,1,1,1,-1,-1,1,-1,-1,1,1,1,-1,1,-1,-1,1,1,-1,1,1,-1,-1,1,1,-1,1,1,-1,-1,1,1,1,1,1,-1,-1,1,1,1,1,1,1,-1,-1,1,1,-1,1,-1,-1,1,-1,1,1,1,1,-1,-1,1,-1,1,1,1,-1,1,1,1,1,-1,1,-1,1,1,1,1,1,1,1,-1,1,1,1,1,-1,1,-1,1,1,1,1,1,-1,1,1,1,1,-1,1,1,-1,1,1,-1,1,1,-1,-1,1,1,1,1,-1,1,-1,1,1,1,-1,-1,1,-1,1,1,1,-1,1,-1,-1,-1,1,1,-1,-1,1,-1,-1,1,1,-1,-1,1,-1,-1,1,1,1,-1,-1,-1,-1,1,1,-1,-1,-1,1,-1,-1,1,-1,1,1,-1,1,1,-1,-1,1,1,-1,-1,1,1,-1,1,1,-1,1,1,-1,-1,-1,-1,1,-1,-1,-1,-1,-1,1,-1,1,1,-1,1,1,-1,1,1,1,1,-1,1,-1,1,1,1,1,-1,1,-1,-1,-1,1,1,-1,1,-1,1,1,1,1,-1,1,-1,1,1,-1,-1,-1,1,-1,-1,1,1,-1,-1,-1,1,-1,1,-1,1,-1,1,-1,-1,1,-2674.0,1,2000,445,1500,False
133,1,1,-1,-1,1,1,-1,-1,1,1,1,-1,1,1,1,1,-1,1,1,-1,1,-1,1,1,1,1,-1,-1,1,1,1,1,-1,-1,-1,-1,1,1,1,1,-1,-1,-1,1,1,1,1,-1,1,1,1,1,-1,1,-1,-1,1,-1,1,1,1,-1,-1,-1,1,1,1,1,-1,-1,-1,1,1,1,1,-1,-1,-1,1,1,1,-1,-1,-1,1,1,1,1,-1,-1,-1,1,1,1,1,-1,-1,1,1,-1,1,1,-1,-1,1,1,1,1,1,-1,-1,1,1,-1,1,1,-1,-1,1,1,1,1,1,1,-1,-1,1,1,-1,1,1,-1,1,1,1,1,1,1,-1,-1,1,1,1,1,1,-1,1,1,1,1,1,1,-1,-1,-1,1,1,1,1,-1,1,1,1,1,-1,1,-1,1,-1,1,1,1,-1,-1,1,1,1,1,1,-1,1,-1,-1,1,-1,1,-1,1,1,1,1,1,1,1,1,1,-1,1,-1,1,-1,1,1,-1,1,-1,1,1,-1,1,-1,1,-1,1,-1,1,1,-1,1,-1,1,1,1,1,-1,-1,1,1,-1,-1,1,-1,1,-1,-1,1,-1,1,-1,1,-1,1,-1,1,1,-1,-1,-1,1,1,-1,1,-1,1,1,1,-1,1,1,-1,1,-1,1,-1,1,-1,1,-1,1,1,-1,1,-1,-1,-1,1,1,-1,1,-1,-1,-1,1,1,-1,-1,1,1,-1,-1,1,1,-1,1,1,-1,1,1,1,-1,-1,1,-1,1,1,-1,1,-1,1,1,-1,1,1,-1,-1,1,-1,-1,1,-1,1,-1,1,1,-1,1,1,1,-1,1,-1,-1,1,1,-1,-1,1,-1,1,1,1,1,-1,1,-1,1,1,1,-1,1,1,-1,-1,1,1,-1,-1,1,-1,1,1,1,1,1,1,-1,1,1,1,1,1,-1,-1,1,1,1,1,1,-1,-1,-1,1,1,1,1,-1,-1,1,-1,1,-1,1,1,-1,-1,1,1,1,1,1,-1,-1,1,1,1,1,-1,1,-1,-1,-1,-1,1,1,-1,-1,1,1,-1,1,1,-1,-1,1,1,1,1,1,-1,1,1,1,-1,1,-1,-1,-1,-1,1,1,1,1,-1,-1,1,-1,1,1,-1,-1,-1,-1,-1,1,-1,-1,-1,1,-1,1,-1,1,1,-1,1,1,-1,1,-1,1,-1,-1,1,-1,1,-1,1,1,-1,1,-1,-1,1,1,-1,-1,1,-1,1,1,1,-1,-1,1,-1,1,-1,1,-1,1,1,-1,1,-1,-1,-1,1,1,-1,1,-1,-1,-1,1,-1,1,1,1,-1,-1,1,-1,-1,1,-1,-1,-1,1,-1,1,-1,1,-1,-1,1,-1,-1,1,-1,-1,-1,1,1,-1,1,-1,-1,-1,1,1,-1,1,-1,1,-1,1,-1,-1,1,-1,-1,1,-1,1,-1,-1,1,-1,1,-1,1,-1,-1,1,-1,-1,1,1,1,-1,1,-1,1,-1,-1,-1,1,-1,-1,-1,1,-1,-1,-1,1,1,-1,1,-1,1,-1,1,-1,1,1,-1,1,1,1,-1,-1,1,-1,1,-1,1,1,-1,1,-1,-1,1,1,-1,-1,1,-1,-1,-1,1,-1,-1,1,-1,1,1,1,1,-1,1,-1,-1,1,1,-1,-1,1,-1,-1,-1,1,1,-1,-1,1,1,-1,-1,-1,-1,1,1,1,1,1,1,-1,-1,1,1,-1,1,-1,-1,1,1,1,1,-1,1,-1,1,-1,1,1,1,1,-1,-1,1,1,1,-1,-1,-1,1,1,1,1,1,-1,-1,-1,1,1,1,-1,-1,-1,-1,1,1,1,1,-1,-1,1,1,1,1,1,-1,-1,-1,1,1,1,1,-1,-1,-1,1,1,-1,1,-1,-1,-1,1,1,1,1,-1,-1,1,1,1,1,1,-1,1,1,-1,1,1,-1,-1,-1,1,1,1,-1,1,-1,1,1,1,1,1,1,-1,-1,1,-1,1,-1,1,-1,-1,1,-1,1,-1,-1,-1,-1,1,-1,1,1,-1,-1,-1,1,1,1,-1,1,-1,-1,1,-1,1,-1,-1,-1,-1,1,1,-1,-1,-1,-1,-1,1,-1,1,-1,-1,-1,-1,-1,-1,-1,1,-1,-1,-1,1,-1,-1,1,-1,-1,-1,-1,-1,1,1,-1,-1,-1,-1,-1,1,-1,-1,-1,1,-1,-1,1,-1,1,-1,-1,-1,-1,-1,-1,-1,1,-1,-1,-1,1,1,-1,-1,-1,1,-1,-1,-1,-1,-1,1,-1,-1,1,1,1,-1,-1,-1,-1,1,-1,1,1,-1,1,-1,-1,1,1,-1,-1,-1,-1,-1,-1,1,1,-1,-1,1,-1,1,1,-1,-1,-1,1,-1,-1,1,-1,-1,1,-1,-1,1,1,1,-1,1,-1,1,1,1,-1,-1,1,-1,-1,1,1,1,-1,1,-1,-1,1,1,-1,1,1,-1,-1,1,1,-1,1,1,-1,-1,1,1,-1,1,1,-1,-1,1,1,1,1,1,1,-1,1,1,-1,1,1,-1,-1,1,-1,1,1,1,1,-1,-1,1,-1,1,1,1,-1,1,1,1,1,-1,1,-1,1,1,1,1,1,1,-1,-1,-1,1,1,1,-1,1,-1,1,1,1,1,-1,1,-1,1,1,1,-1,-1,1,-1,1,1,-1,1,-1,-1,-1,-1,1,1,-1,1,-1,-1,1,1,1,-1,-1,-1,-1,1,1,1,-1,-1,-1,-1,-1,1,1,-1,1,-1,-1,-1,1,1,-1,1,-1,-1,1,1,1,1,1,1,-1,-1,1,1,-1,-1,1,1,1,1,1,-1,1,-1,-1,1,1,-1,-1,1,-1,-1,-1,1,1,-1,1,-1,1,1,1,-1,-1,-1,-1,-1,-1,-1,-1,-1,1,-1,1,1,1,-1,1,1,-1,1,1,1,1,-1,1,-1,1,1,1,1,-1,1,-1,1,1,1,1,-1,1,-1,1,1,1,1,-1,1,-1,1,1,-1,-1,-1,1,-1,-1,1,1,-1,-1,-1,1,-1,1,-1,1,-1,1,-1,-1,1,-2674.0,1,2000,445,1500,False
134,1,1,-1,-1,1,-1,-1,-1,1,1,1,-1,1,1,1,1,-1,1,1,-1,1,-1,1,1,1,1,-1,-1,1,1,1,1,-1,-1,-1,-1,1,1,1,1,-1,-1,-1,1,1,1,1,-1,1,1,1,1,-1,1,-1,-1,1,-1,1,1,1,-1,-1,-1,1,1,1,1,-1,-1,-1,1,1,1,1,-1,-1,-1,1,1,1,-1,-1,-1,1,1,1,1,-1,-1,-1,1,1,1,1,-1,-1,1,1,-1,1,1,-1,-1,1,1,1,1,1,-1,-1,1,1,-1,1,1,-1,-1,1,1,1,1,1,1,-1,-1,1,1,-1,1,1,-1,1,1,1,1,1,1,-1,-1,1,1,1,1,1,-1,1,1,1,1,1,1,-1,-1,-1,1,1,1,1,-1,1,1,1,1,-1,1,-1,1,-1,1,1,1,-1,-1,1,1,1,1,1,-1,1,-1,-1,1,-1,1,-1,1,1,1,1,1,1,1,1,1,-1,1,-1,1,-1,1,1,-1,1,-1,1,1,-1,1,-1,1,-1,1,-1,1,1,-1,1,-1,1,1,1,1,-1,-1,1,1,-1,-1,1,-1,1,-1,-1,1,-1,1,-1,1,-1,1,-1,1,1,-1,-1,-1,1,1,-1,1,-1,1,1,1,-1,1,1,-1,1,-1,1,-1,1,-1,1,-1,1,1,-1,1,-1,-1,-1,1,1,-1,1,-1,-1,-1,1,1,-1,-1,1,1,-1,-1,1,1,-1,1,1,-1,1,1,1,1,-1,1,-1,1,1,-1,1,-1,1,1,-1,1,1,1,1,1,-1,-1,1,-1,-1,-1,1,1,-1,1,1,1,-1,1,-1,-1,1,1,1,1,1,-1,1,1,1,-1,-1,1,-1,1,1,1,-1,1,1,-1,-1,1,1,1,-1,1,-1,1,1,1,-1,1,1,-1,1,1,1,-1,1,-1,-1,1,1,1,-1,1,-1,-1,-1,1,1,-1,1,-1,-1,1,-1,1,-1,1,1,-1,-1,1,1,1,-1,1,-1,-1,1,1,-1,1,-1,1,-1,-1,-1,-1,1,1,-1,-1,1,1,-1,1,1,-1,-1,1,1,1,1,1,-1,1,1,1,-1,1,-1,-1,-1,-1,1,1,1,1,-1,-1,1,1,1,1,-1,-1,-1,-1,-1,1,-1,-1,-1,1,-1,1,1,1,1,-1,1,1,-1,1,-1,1,-1,-1,1,-1,1,1,1,1,-1,1,-1,-1,1,1,-1,-1,1,-1,1,1,1,-1,-1,1,-1,-1,1,1,-1,1,1,-1,1,1,-1,-1,1,1,-1,1,-1,-1,-1,1,-1,-1,1,-1,-1,-1,1,-1,-1,1,-1,-1,-1,1,-1,-1,1,1,-1,-1,1,-1,-1,1,-1,-1,-1,1,1,-1,1,-1,-1,-1,1,1,-1,-1,-1,1,-1,1,-1,-1,1,-1,-1,1,-1,1,-1,-1,1,-1,1,-1,1,-1,-1,1,-1,-1,1,1,1,-1,1,-1,1,-1,-1,1,1,-1,-1,-1,1,-1,-1,-1,1,1,-1,1,-1,1,-1,1,-1,1,1,-1,1,1,1,-1,-1,1,-1,1,-1,1,1,-1,1,-1,-1,1,1,-1,-1,1,-1,-1,-1,1,-1,-1,1,-1,1,1,1,1,-1,1,-1,-1,1,1,-1,-1,1,-1,-1,-1,1,1,-1,-1,1,1,-1,-1,-1,-1,1,1,1,1,1,1,-1,-1,1,1,-1,1,-1,-1,1,1,1,1,-1,1,-1,1,-1,1,1,1,1,-1,-1,1,1,1,-1,-1,-1,-1,1,1,1,1,-1,-1,-1,1,1,1,-1,-1,-1,-1,1,1,1,1,-1,-1,1,1,1,1,1,-1,-1,-1,1,1,1,1,-1,-1,-1,1,1,-1,1,-1,-1,-1,1,1,1,1,-1,-1,1,1,1,1,1,-1,1,1,-1,1,1,-1,-1,-1,1,1,1,-1,1,-1,1,1,1,1,1,1,-1,-1,1,-1,1,-1,1,-1,-1,1,-1,1,-1,-1,-1,-1,1,-1,1,1,-1,-1,-1,1,1,1,-1,1,-1,-1,1,-1,1,-1,-1,-1,-1,1,1,-1,-1,-1,-1,-1,1,-1,1,-1,-1,-1,-1,-1,-1,-1,1,-1,-1,-1,1,-1,-1,1,-1,-1,-1,-1,-1,1,1,-1,-1,-1,-1,-1,1,-1,-1,-1,1,-1,-1,1,-1,1,-1,-1,-1,-1,-1,-1,-1,1,-1,-1,-1,1,1,1,-1,-1,1,-1,-1,-1,-1,-1,1,-1,-1,1,-1,1,-1,-1,-1,-1,1,-1,1,1,-1,1,-1,-1,1,1,-1,-1,-1,-1,-1,-1,1,1,-1,-1,1,-1,1,1,-1,-1,-1,1,-1,-1,1,-1,-1,1,-1,-1,1,1,1,-1,1,-1,1,1,1,-1,-1,1,-1,-1,1,1,1,-1,1,-1,-1,1,1,-1,1,1,-1,-1,1,1,-1,1,1,-1,-1,1,1,-1,1,1,-1,-1,1,1,1,1,1,1,-1,-1,1,-1,1,1,-1,-1,1,-1,1,1,1,1,-1,-1,1,-1,1,1,1,-1,1,1,1,1,-1,1,-1,1,1,1,1,1,1,1,-1,1,1,1,1,-1,1,-1,1,1,1,1,1,-1,1,1,1,1,-1,1,1,-1,1,1,-1,1,1,-1,-1,1,1,1,1,-1,1,-1,1,1,1,-1,-1,1,-1,1,1,1,-1,1,-1,-1,-1,1,1,-1,-1,1,-1,-1,1,1,1,-1,1,-1,-1,1,1,1,-1,1,-1,-1,1,1,-1,-1,-1,1,-1,-1,1,-1,1,1,-1,1,1,-1,-1,1,-1,-1,-1,1,1,-1,1,1,-1,1,1,-1,-1,-1,-1,1,-1,-1,-1,-1,1,-1,-1,1,1,-1,1,1,-1,1,1,1,1,-1,1,-1,1,1,1,1,-1,1,-1,-1,1,1,1,-1,1,-1,1,1,1,1,-1,1,-1,1,1,-1,-1,-1,1,-1,-1,1,1,-1,-1,-1,1,-1,1,-1,1,-1,1,-1,-1,1,-2674.0,1,2000,445,1500,False
135,1,1,-1,-1,1,1,-1,-1,1,1,1,-1,-1,1,1,1,-1,1,-1,-1,-1,-1,1,1,1,-1,-1,-1,1,1,1,1,-1,-1,-1,-1,1,1,1,1,-1,-1,-1,1,1,1,1,-1,1,1,1,1,-1,1,-1,-1,1,-1,1,1,1,-1,-1,-1,1,1,1,1,-1,-1,-1,1,1,1,1,-1,-1,-1,1,1,1,-1,-1,-1,1,1,1,1,-1,-1,-1,1,1,1,1,-1,-1,1,1,-1,1,1,-1,-1,1,1,1,1,1,-1,-1,-1,1,1,1,1,-1,-1,1,1,1,1,1,1,-1,-1,1,1,-1,1,1,-1,1,1,1,1,1,1,-1,1,1,1,1,1,1,-1,1,1,1,1,1,1,-1,-1,-1,1,1,1,1,-1,1,1,1,1,-1,1,-1,1,-1,1,1,1,-1,-1,1,1,1,1,1,-1,1,-1,-1,1,-1,1,-1,1,1,1,1,1,1,1,1,1,-1,1,-1,1,-1,1,1,-1,1,-1,1,1,-1,1,-1,1,-1,1,-1,1,1,-1,-1,-1,1,1,1,1,-1,-1,1,1,-1,-1,1,-1,1,-1,1,1,-1,1,-1,1,-1,1,-1,1,1,-1,-1,-1,1,1,-1,1,-1,1,1,1,-1,1,1,-1,-1,-1,1,-1,1,-1,1,-1,1,1,-1,1,-1,-1,-1,1,1,-1,1,-1,-1,-1,1,1,-1,-1,1,1,-1,-1,1,1,-1,1,1,-1,1,1,1,1,-1,1,-1,1,1,-1,1,-1,1,1,-1,1,1,1,1,1,-1,-1,1,-1,-1,1,1,1,-1,1,1,1,-1,1,-1,-1,1,1,1,-1,1,-1,1,1,1,-1,-1,1,-1,1,1,1,-1,1,1,-1,-1,1,1,1,-1,1,-1,1,1,1,-1,1,1,-1,1,1,1,-1,1,-1,-1,1,1,1,-1,1,-1,-1,-1,1,1,-1,1,-1,-1,1,-1,1,-1,1,1,-1,-1,1,1,1,-1,1,-1,-1,1,1,-1,1,-1,1,-1,-1,-1,-1,1,1,-1,-1,1,1,-1,1,1,-1,-1,1,1,1,1,1,-1,1,1,1,-1,1,-1,-1,-1,-1,1,1,1,1,-1,-1,1,-1,1,1,-1,-1,1,-1,-1,1,-1,-1,-1,-1,1,-1,1,1,1,-1,1,1,-1,1,-1,1,-1,-1,1,-1,1,-1,1,1,-1,1,-1,-1,1,1,-1,-1,1,-1,1,1,1,-1,-1,1,-1,1,-1,1,-1,-1,1,-1,1,-1,-1,1,1,1,-1,1,-1,-1,-1,1,-1,1,1,-1,-1,-1,1,-1,-1,1,-1,-1,-1,1,-1,1,-1,1,-1,-1,1,-1,-1,1,-1,-1,-1,1,1,-1,1,-1,-1,-1,1,1,-1,1,-1,1,-1,1,-1,-1,1,-1,-1,1,1,1,-1,-1,1,-1,1,1,1,-1,-1,1,-1,-1,-1,1,1,-1,1,-1,1,1,1,1,1,-1,-1,-1,1,-1,-1,-1,1,1,-1,1,-1,1,-1,1,-1,1,1,-1,1,1,1,-1,-1,1,-1,1,-1,1,1,-1,1,-1,-1,1,1,-1,-1,1,-1,-1,-1,1,-1,-1,1,-1,1,1,1,1,-1,1,-1,-1,1,1,-1,-1,1,-1,-1,-1,1,1,-1,-1,1,1,-1,1,-1,-1,1,1,1,1,1,1,-1,-1,1,1,-1,1,-1,-1,1,1,1,1,-1,-1,-1,1,-1,1,1,1,1,-1,-1,1,1,1,-1,-1,-1,1,1,1,1,1,-1,-1,-1,1,1,1,-1,-1,-1,-1,1,1,1,1,-1,-1,-1,1,1,1,1,-1,-1,1,1,1,1,1,-1,-1,-1,1,1,-1,1,-1,-1,-1,1,1,1,1,-1,-1,1,1,1,1,-1,-1,1,1,-1,1,1,-1,-1,-1,1,1,1,-1,1,-1,1,1,1,1,1,-1,-1,-1,1,-1,1,-1,-1,-1,-1,1,-1,1,1,-1,-1,-1,1,-1,1,1,-1,-1,-1,1,1,1,1,-1,-1,-1,1,-1,1,1,-1,-1,-1,1,1,-1,-1,-1,-1,-1,1,-1,1,-1,-1,-1,-1,-1,-1,-1,1,-1,-1,-1,1,-1,-1,1,-1,-1,-1,-1,-1,-1,1,-1,-1,-1,-1,-1,1,-1,-1,-1,1,-1,-1,1,-1,1,-1,-1,-1,-1,-1,-1,-1,1,-1,-1,-1,1,1,1,-1,-1,-1,1,-1,-1,-1,-1,1,-1,-1,1,1,1,-1,-1,-1,-1,1,-1,1,1,-1,1,-1,-1,1,1,-1,-1,-1,-1,-1,-1,1,1,-1,-1,1,-1,1,1,-1,-1,-1,1,-1,1,1,-1,-1,1,-1,-1,1,1,1,-1,1,-1,1,1,1,-1,-1,1,-1,-1,1,1,1,-1,1,-1,-1,1,1,-1,1,1,-1,-1,1,1,-1,1,1,-1,-1,1,1,-1,1,1,-1,-1,1,1,1,1,1,1,-1,1,1,1,-1,1,-1,-1,1,-1,1,1,1,1,-1,-1,1,-1,1,1,1,-1,1,1,1,1,-1,1,-1,1,1,1,1,1,1,1,-1,-1,1,1,1,-1,1,-1,1,1,1,1,1,-1,1,1,1,1,-1,1,1,-1,-1,1,-1,1,1,-1,-1,1,1,1,1,-1,1,-1,1,1,1,-1,-1,1,-1,1,1,1,-1,1,-1,-1,-1,1,1,-1,-1,1,-1,-1,1,1,-1,-1,1,-1,1,1,1,1,-1,1,-1,-1,1,1,-1,-1,-1,1,1,1,1,-1,1,1,-1,1,1,-1,-1,1,-1,-1,-1,1,1,-1,1,-1,1,1,1,-1,-1,-1,-1,-1,-1,-1,-1,-1,1,-1,1,1,1,-1,1,1,-1,1,1,1,1,-1,1,-1,1,1,1,-1,-1,1,-1,1,1,1,-1,-1,1,-1,1,1,1,-1,-1,1,-1,1,1,1,1,-1,1,-1,-1,1,1,-1,-1,-1,1,-1,1,-1,1,-1,1,-1,-1,1,-2674.0,1,2000,445,500,False
136,1,1,-1,-1,1,1,-1,-1,1,1,1,-1,1,1,1,1,-1,1,-1,-1,-1,-1,1,1,1,-1,1,-1,1,1,1,1,1,-1,-1,-1,1,1,1,1,-1,-1,-1,1,1,1,1,-1,1,1,1,1,-1,1,-1,-1,1,-1,1,1,1,-1,-1,-1,1,1,1,1,-1,-1,-1,1,1,1,1,-1,-1,-1,1,1,1,-1,-1,-1,1,1,1,1,-1,-1,1,1,1,1,1,-1,-1,-1,1,-1,1,1,-1,-1,1,1,1,1,1,-1,-1,-1,1,-1,1,1,-1,-1,1,1,1,1,1,1,-1,-1,1,1,-1,1,1,-1,1,1,1,1,1,1,-1,1,1,1,1,1,1,-1,1,1,1,1,1,1,-1,-1,-1,1,1,1,1,-1,1,1,1,1,-1,1,-1,1,-1,1,1,1,-1,-1,1,1,1,1,1,-1,1,-1,-1,1,-1,1,-1,1,1,1,1,1,1,1,1,1,-1,1,-1,1,-1,1,1,-1,1,-1,1,1,-1,1,-1,1,-1,1,-1,1,1,-1,1,-1,1,1,1,1,-1,-1,1,1,-1,-1,1,-1,1,-1,-1,1,-1,1,-1,1,-1,1,-1,1,1,-1,1,-1,1,1,-1,1,-1,1,1,1,-1,1,1,-1,-1,-1,1,-1,1,-1,1,-1,1,1,-1,1,-1,-1,-1,1,1,-1,1,-1,-1,-1,1,1,-1,-1,1,1,-1,-1,1,1,-1,1,1,-1,1,1,1,1,-1,1,-1,1,1,-1,1,-1,1,1,-1,1,1,1,1,1,-1,-1,1,-1,-1,-1,1,1,-1,1,1,1,-1,1,-1,-1,1,1,1,-1,1,-1,1,1,1,-1,-1,1,-1,1,1,1,-1,1,1,-1,-1,1,1,1,-1,1,-1,1,1,1,-1,1,1,-1,1,1,1,-1,1,-1,-1,1,1,1,-1,1,-1,-1,-1,1,1,-1,1,-1,-1,1,-1,1,-1,1,1,-1,-1,1,1,1,1,1,-1,-1,1,1,-1,1,-1,1,-1,-1,-1,-1,1,1,-1,-1,1,1,-1,1,1,-1,-1,1,1,1,1,1,-1,1,1,1,-1,1,-1,-1,-1,-1,1,1,1,1,-1,-1,1,1,1,1,-1,-1,-1,-1,-1,1,-1,-1,-1,1,-1,1,1,1,1,-1,1,1,-1,1,-1,1,-1,-1,1,-1,1,1,1,1,-1,1,-1,-1,1,1,-1,-1,1,-1,1,1,1,-1,-1,1,-1,-1,1,1,-1,1,1,-1,1,1,-1,-1,1,1,-1,1,-1,-1,-1,1,-1,-1,1,-1,-1,-1,1,-1,-1,1,-1,-1,-1,1,-1,-1,1,1,-1,-1,1,-1,-1,1,-1,-1,-1,1,1,-1,1,-1,-1,-1,1,1,-1,-1,-1,1,-1,1,-1,-1,1,-1,-1,1,1,1,-1,-1,1,-1,1,-1,1,-1,-1,1,-1,-1,1,1,1,-1,1,-1,1,-1,-1,-1,1,-1,-1,-1,1,-1,-1,-1,1,1,-1,1,-1,1,-1,1,-1,1,1,-1,1,1,1,-1,-1,1,-1,1,-1,1,1,-1,1,-1,-1,1,1,-1,-1,1,-1,-1,-1,1,-1,-1,1,-1,1,1,1,1,-1,1,-1,-1,1,1,-1,-1,1,-1,-1,-1,1,1,-1,-1,1,1,-1,-1,-1,-1,1,1,1,1,1,1,-1,-1,1,1,-1,1,-1,-1,-1,1,1,1,-1,1,-1,1,-1,1,1,1,1,-1,-1,1,1,1,-1,-1,-1,1,1,1,1,1,-1,-1,-1,1,1,1,-1,-1,-1,-1,1,1,1,1,-1,-1,1,1,1,1,1,-1,-1,-1,1,1,1,1,-1,-1,-1,1,1,-1,1,-1,-1,-1,1,1,1,1,-1,-1,1,1,1,1,1,-1,1,1,-1,1,1,-1,-1,-1,1,1,1,-1,1,-1,1,1,1,1,1,1,-1,-1,1,-1,1,-1,1,-1,-1,1,-1,1,-1,-1,-1,-1,1,-1,1,1,-1,-1,-1,1,1,1,-1,1,-1,-1,1,-1,1,-1,-1,-1,-1,1,1,-1,-1,-1,-1,-1,1,-1,1,-1,-1,-1,-1,-1,-1,-1,1,-1,-1,-1,1,-1,-1,1,-1,-1,-1,-1,-1,1,1,-1,-1,-1,-1,-1,1,-1,-1,-1,1,-1,-1,1,-1,1,-1,-1,-1,-1,-1,-1,-1,1,-1,-1,-1,1,1,-1,-1,-1,1,1,-1,-1,-1,-1,1,-1,-1,1,1,1,-1,-1,-1,-1,1,-1,1,1,-1,1,-1,-1,1,1,-1,-1,-1,-1,-1,-1,1,1,-1,-1,1,-1,1,1,-1,-1,-1,1,-1,-1,1,-1,-1,1,-1,-1,1,1,1,-1,1,-1,1,1,1,-1,-1,1,-1,-1,1,1,1,-1,1,-1,-1,1,1,-1,1,1,-1,-1,1,1,-1,1,1,-1,-1,1,1,1,1,1,-1,-1,1,1,1,1,1,1,-1,-1,1,1,-1,1,-1,-1,1,-1,1,1,1,1,-1,-1,1,-1,1,1,1,-1,1,1,1,1,-1,1,-1,1,1,1,1,1,1,1,-1,1,1,1,1,-1,1,-1,1,1,1,1,1,-1,1,1,1,1,-1,1,1,-1,1,1,-1,1,1,-1,-1,1,1,1,1,-1,1,-1,1,1,1,-1,-1,1,-1,1,1,1,-1,1,-1,-1,-1,1,1,-1,-1,1,-1,-1,1,1,-1,-1,1,-1,-1,-1,1,1,-1,1,-1,-1,1,1,-1,-1,-1,1,-1,-1,1,-1,1,1,-1,1,1,-1,-1,1,-1,-1,-1,1,1,-1,1,1,-1,1,1,-1,-1,-1,-1,1,-1,-1,-1,-1,1,-1,-1,1,1,-1,1,1,-1,1,1,1,1,-1,1,-1,1,1,1,-1,-1,1,-1,-1,1,1,-1,-1,1,-1,1,1,1,-1,-1,1,-1,1,1,1,1,-1,1,-1,-1,1,1,1,-1,-1,1,-1,1,1,1,-1,1,-1,-1,1,-2674.0,1,2000,445,500,False
137,1,1,-1,-1,1,-1,-1,-1,1,1,1,-1,1,1,1,1,-1,1,1,-1,-1,-1,1,1,1,1,-1,-1,1,1,1,1,-1,-1,-1,-1,1,-1,1,1,-1,-1,-1,1,1,1,1,-1,1,1,1,1,-1,1,-1,-1,1,-1,1,1,1,-1,-1,-1,1,1,1,1,-1,-1,-1,1,1,1,1,-1,-1,-1,1,1,1,-1,-1,-1,1,1,1,1,-1,-1,-1,1,1,1,1,-1,-1,1,1,-1,1,1,-1,-1,1,1,1,1,1,-1,-1,-1,1,-1,1,1,-1,-1,1,1,1,1,1,1,-1,-1,1,1,-1,1,1,-1,1,1,1,1,1,1,-1,1,1,1,1,1,1,-1,1,1,1,1,1,1,-1,-1,-1,1,1,1,1,-1,1,1,1,1,-1,1,-1,1,-1,1,1,1,-1,-1,1,1,1,1,1,-1,1,-1,-1,1,-1,1,-1,1,1,1,1,1,1,1,1,1,-1,1,-1,1,-1,1,1,-1,1,-1,1,1,-1,1,-1,1,-1,1,-1,1,1,-1,-1,-1,1,1,1,1,-1,-1,1,1,-1,-1,1,-1,1,-1,-1,1,-1,1,-1,1,-1,1,-1,1,1,-1,-1,-1,1,1,-1,1,-1,1,1,1,-1,1,1,-1,1,-1,1,-1,1,-1,1,-1,1,1,-1,1,-1,-1,-1,1,1,-1,1,-1,-1,-1,1,1,-1,-1,1,1,-1,-1,1,1,-1,1,1,-1,1,1,1,1,-1,1,-1,1,1,-1,1,-1,1,1,-1,1,1,1,1,1,-1,-1,1,-1,-1,-1,1,1,-1,1,1,1,-1,1,-1,-1,1,1,1,-1,1,-1,1,1,1,-1,-1,1,-1,1,1,1,-1,1,1,-1,-1,1,1,1,-1,1,-1,1,1,1,-1,1,1,-1,1,1,1,-1,1,-1,-1,1,1,1,-1,1,-1,-1,-1,1,1,-1,1,-1,-1,1,-1,1,-1,1,1,-1,-1,1,1,1,1,1,-1,-1,1,1,-1,1,-1,1,-1,-1,-1,-1,1,1,-1,-1,1,1,-1,1,1,-1,-1,1,1,1,1,1,-1,1,1,1,-1,1,-1,-1,-1,-1,1,1,1,1,-1,-1,1,1,1,1,-1,-1,-1,-1,-1,1,-1,-1,-1,1,-1,1,1,1,1,-1,1,1,-1,1,-1,1,-1,-1,1,-1,1,1,1,-1,1,1,-1,-1,1,1,-1,-1,1,-1,1,1,-1,1,-1,1,-1,-1,1,1,-1,1,1,-1,1,1,1,-1,1,1,-1,1,-1,-1,-1,1,-1,-1,1,-1,-1,-1,1,-1,-1,1,-1,1,-1,1,-1,-1,1,-1,-1,-1,1,-1,-1,1,-1,-1,-1,1,1,-1,1,1,-1,-1,1,1,-1,-1,-1,1,-1,1,-1,-1,1,-1,-1,1,1,1,-1,-1,1,-1,1,-1,1,-1,-1,1,-1,-1,1,1,1,-1,1,-1,1,-1,-1,-1,1,-1,-1,-1,1,-1,-1,-1,1,1,-1,1,-1,1,-1,1,-1,1,1,-1,1,1,1,-1,-1,1,-1,1,-1,1,1,-1,1,-1,-1,1,1,-1,-1,1,-1,-1,-1,1,-1,-1,1,-1,1,1,1,1,-1,1,-1,-1,1,1,-1,-1,1,-1,-1,-1,1,1,-1,-1,1,1,-1,-1,-1,-1,1,1,1,1,1,1,-1,-1,1,1,1,-1,-1,-1,1,1,1,1,-1,1,-1,1,-1,1,-1,1,1,-1,-1,1,1,1,-1,-1,-1,1,1,1,1,1,-1,-1,-1,1,1,1,-1,-1,-1,-1,1,1,1,1,-1,-1,-1,1,1,1,1,-1,-1,1,1,1,1,1,-1,-1,-1,1,1,-1,1,-1,-1,-1,1,1,1,1,-1,-1,1,1,1,1,1,-1,1,1,-1,1,1,-1,-1,-1,1,1,1,1,1,-1,1,1,1,1,1,1,-1,-1,1,-1,1,-1,1,-1,-1,1,-1,1,-1,-1,-1,-1,1,-1,1,1,-1,1,-1,1,1,1,-1,1,1,-1,1,-1,1,-1,-1,-1,-1,1,1,-1,-1,-1,-1,-1,1,-1,1,-1,-1,-1,-1,-1,-1,-1,1,-1,-1,-1,1,-1,-1,1,-1,-1,-1,-1,-1,-1,1,-1,-1,-1,-1,-1,1,-1,-1,-1,1,-1,-1,1,-1,1,-1,-1,-1,-1,-1,-1,-1,1,-1,-1,-1,1,1,-1,-1,-1,1,-1,-1,-1,-1,-1,1,-1,-1,1,-1,1,-1,-1,-1,-1,1,-1,1,1,-1,1,-1,-1,1,1,-1,-1,-1,-1,-1,-1,1,1,-1,-1,1,-1,1,1,-1,-1,-1,1,-1,1,1,-1,-1,1,-1,-1,1,1,1,-1,1,-1,1,1,1,-1,-1,1,-1,-1,1,1,1,-1,1,-1,-1,1,1,-1,1,1,-1,-1,1,1,-1,1,1,-1,-1,1,1,-1,1,1,-1,-1,1,1,1,1,1,1,-1,-1,1,-1,1,1,-1,-1,1,-1,1,1,1,1,-1,-1,1,-1,1,1,1,-1,1,1,1,1,-1,1,-1,1,1,1,1,1,1,1,-1,1,1,1,1,-1,1,-1,1,1,1,1,1,-1,1,1,1,1,-1,1,1,-1,1,1,-1,1,1,-1,-1,1,1,1,1,-1,1,-1,1,1,1,-1,-1,1,-1,1,1,1,-1,1,-1,-1,-1,1,1,-1,-1,1,-1,-1,1,1,1,-1,1,-1,-1,1,1,1,-1,1,-1,-1,1,1,-1,-1,-1,1,-1,-1,1,-1,1,1,-1,1,1,-1,-1,1,-1,-1,-1,1,1,-1,1,1,-1,1,1,-1,-1,-1,-1,1,-1,-1,-1,-1,1,-1,-1,1,1,-1,1,1,-1,1,1,1,1,-1,1,-1,1,1,1,-1,-1,1,-1,-1,1,1,-1,-1,1,-1,1,1,1,-1,-1,1,-1,1,1,1,1,-1,1,-1,-1,1,1,-1,-1,-1,1,-1,1,-1,1,-1,1,-1,-1,1,-2674.0,1,2000,445,500,False
138,1,1,-1,-1,1,1,-1,-1,1,1,1,-1,1,1,1,1,-1,1,-1,-1,-1,-1,1,1,1,-1,-1,-1,1,1,1,1,-1,-1,-1,-1,1,-1,1,1,-1,-1,-1,1,1,1,1,-1,1,1,1,1,-1,1,-1,-1,1,-1,1,1,1,-1,-1,-1,1,1,1,1,-1,-1,-1,1,1,1,1,-1,-1,-1,1,1,1,-1,-1,-1,1,1,1,1,-1,-1,-1,1,1,1,1,-1,-1,1,1,-1,1,1,-1,-1,1,1,1,1,1,-1,-1,-1,1,1,1,1,-1,-1,1,1,1,1,1,1,-1,-1,1,1,-1,1,1,-1,1,1,1,1,1,1,-1,1,1,1,1,1,1,-1,1,1,1,1,1,1,-1,-1,-1,1,1,1,1,-1,1,1,1,1,-1,1,-1,1,-1,1,1,1,-1,-1,1,1,1,1,1,-1,1,-1,-1,1,-1,1,-1,1,1,1,1,1,1,1,1,1,-1,1,-1,1,-1,1,1,-1,1,-1,1,1,-1,1,-1,1,-1,1,-1,1,1,-1,1,-1,1,1,1,1,-1,-1,1,1,-1,-1,1,-1,1,-1,-1,1,-1,1,-1,1,-1,1,-1,1,1,-1,-1,-1,1,1,-1,1,-1,1,1,1,-1,1,1,-1,1,-1,1,-1,1,-1,1,-1,1,1,-1,1,-1,-1,-1,1,1,-1,1,-1,-1,-1,1,1,-1,-1,1,1,-1,-1,1,1,-1,1,1,-1,1,1,1,1,-1,1,-1,1,1,-1,1,-1,1,1,-1,1,1,1,1,1,-1,-1,1,-1,-1,1,1,1,-1,1,1,1,-1,1,-1,-1,1,1,1,1,1,-1,1,1,1,-1,1,1,-1,1,1,1,-1,1,1,-1,-1,1,1,1,-1,1,-1,1,1,1,-1,1,1,-1,1,1,1,-1,1,-1,-1,1,1,1,-1,1,-1,-1,-1,1,1,-1,1,-1,-1,1,-1,1,-1,1,1,-1,-1,1,1,1,-1,1,-1,-1,1,1,-1,1,-1,1,-1,-1,-1,-1,1,1,1,-1,1,1,-1,1,1,-1,-1,1,1,1,1,1,-1,1,1,1,-1,1,-1,-1,-1,-1,1,1,1,1,-1,-1,1,1,1,-1,-1,-1,-1,-1,-1,1,-1,-1,-1,1,-1,1,1,-1,1,1,1,1,-1,1,-1,1,-1,-1,1,-1,1,1,1,1,-1,1,-1,-1,1,1,-1,-1,1,-1,1,1,1,-1,-1,1,-1,-1,1,1,-1,1,1,-1,1,1,-1,-1,1,1,-1,1,-1,-1,-1,1,-1,-1,1,-1,-1,-1,1,-1,-1,1,-1,-1,-1,1,-1,-1,1,-1,-1,-1,1,-1,-1,1,-1,-1,-1,1,1,-1,1,1,-1,-1,1,1,-1,-1,1,1,-1,1,-1,-1,1,-1,-1,1,-1,1,-1,-1,1,-1,1,-1,1,1,-1,1,-1,-1,1,1,1,-1,1,-1,1,-1,-1,1,1,-1,-1,-1,1,-1,-1,-1,1,1,-1,1,-1,1,-1,1,-1,1,1,-1,1,1,1,-1,-1,1,-1,1,-1,1,1,-1,1,-1,-1,1,1,-1,-1,1,-1,-1,-1,1,-1,-1,1,-1,1,1,1,1,-1,1,-1,-1,1,1,-1,-1,1,-1,-1,-1,1,1,-1,-1,1,1,-1,-1,-1,-1,1,1,1,-1,1,1,-1,-1,1,1,-1,1,-1,-1,1,1,1,1,-1,-1,-1,1,-1,1,1,1,1,-1,-1,1,1,1,-1,-1,-1,-1,1,1,1,1,-1,-1,-1,1,1,1,-1,-1,-1,-1,1,1,1,1,-1,-1,1,1,1,1,1,-1,-1,-1,1,1,1,1,-1,-1,-1,1,1,-1,1,-1,-1,-1,1,1,1,1,-1,-1,1,1,1,1,1,-1,1,1,-1,1,1,-1,-1,-1,1,1,1,-1,1,-1,1,1,1,1,1,1,-1,-1,1,-1,1,-1,1,-1,-1,1,-1,1,-1,-1,-1,-1,1,-1,1,1,-1,1,-1,1,1,1,-1,1,1,-1,1,-1,1,-1,-1,-1,-1,1,1,-1,-1,-1,-1,-1,1,-1,1,-1,-1,-1,-1,-1,-1,-1,1,-1,-1,-1,1,-1,-1,1,-1,-1,-1,-1,-1,1,1,-1,-1,-1,-1,-1,1,-1,-1,-1,1,-1,-1,1,-1,1,-1,-1,-1,-1,-1,-1,-1,1,-1,-1,-1,1,1,1,-1,-1,1,1,-1,-1,-1,-1,1,-1,-1,1,-1,1,-1,-1,-1,-1,1,-1,1,1,-1,1,-1,-1,1,1,-1,-1,-1,-1,-1,-1,1,1,-1,-1,1,-1,1,1,-1,-1,-1,1,-1,1,1,-1,-1,1,-1,-1,1,1,1,-1,1,-1,1,1,1,-1,-1,1,-1,-1,1,1,1,-1,1,-1,-1,1,1,-1,1,1,-1,-1,1,1,-1,1,1,-1,-1,1,1,-1,1,1,-1,-1,1,1,1,1,1,1,-1,-1,1,1,1,1,-1,-1,1,-1,1,1,1,1,-1,-1,1,-1,1,1,1,-1,1,1,1,1,-1,1,-1,1,1,1,1,1,1,1,-1,1,1,1,1,-1,1,-1,1,1,1,1,1,-1,1,1,1,1,-1,1,1,-1,1,1,-1,1,1,-1,-1,1,1,1,1,-1,1,-1,1,1,1,-1,-1,1,-1,1,1,1,-1,1,-1,-1,-1,1,1,-1,-1,1,-1,-1,1,1,-1,-1,1,-1,-1,1,1,1,-1,1,-1,-1,1,1,-1,-1,-1,1,-1,1,1,-1,1,1,-1,1,1,-1,-1,1,1,-1,-1,1,1,-1,1,1,-1,1,1,-1,-1,-1,-1,1,-1,-1,-1,-1,-1,1,-1,1,1,-1,1,1,-1,1,1,1,1,-1,1,-1,1,1,1,-1,-1,1,-1,-1,-1,1,-1,-1,1,-1,1,1,1,-1,-1,1,-1,1,1,1,1,-1,1,-1,-1,1,1,-1,-1,-1,1,-1,1,1,1,-1,1,-1,-1,1,-2674.0,1,2000,445,500,False
139,1,1,-1,-1,1,-1,-1,-1,1,1,1,-1,1,1,1,1,-1,1,-1,-1,-1,-1,1,1,1,-1,1,-1,1,1,1,1,-1,-1,-1,-1,1,1,1,1,-1,-1,-1,1,1,1,1,-1,1,1,1,1,-1,1,-1,-1,1,-1,1,1,1,-1,-1,-1,1,1,1,1,-1,-1,-1,1,1,1,1,-1,-1,-1,1,1,1,-1,-1,-1,1,1,1,1,-1,-1,-1,1,1,1,1,-1,-1,1,1,-1,1,1,-1,-1,1,1,1,1,1,-1,-1,-1,1,-1,1,1,-1,-1,1,1,1,1,1,1,-1,-1,1,1,-1,1,1,-1,1,1,1,1,1,1,-1,1,1,1,1,1,1,-1,1,1,1,1,1,1,-1,-1,-1,1,1,1,1,-1,1,1,1,1,-1,1,-1,1,-1,1,1,1,-1,-1,1,1,1,1,1,-1,1,-1,-1,1,-1,1,-1,1,1,1,1,1,1,1,1,1,-1,1,-1,1,-1,1,1,-1,1,-1,1,1,-1,1,-1,1,-1,1,-1,1,1,-1,-1,-1,1,1,1,1,-1,-1,1,1,-1,-1,1,-1,1,-1,-1,1,-1,1,-1,1,-1,1,-1,1,1,-1,-1,-1,1,1,-1,1,-1,1,1,1,-1,1,1,-1,-1,-1,1,-1,1,-1,1,-1,1,1,-1,1,-1,-1,-1,1,1,-1,1,-1,-1,-1,1,1,-1,-1,1,1,-1,-1,1,1,-1,1,1,-1,1,1,1,1,-1,1,-1,1,1,-1,1,-1,1,1,-1,1,1,1,1,1,-1,-1,1,-1,-1,-1,1,1,-1,1,1,1,-1,1,-1,-1,1,1,1,1,1,-1,1,1,1,-1,1,1,-1,1,1,1,-1,1,1,-1,-1,1,1,1,-1,1,-1,1,1,1,-1,1,1,-1,1,1,1,-1,1,-1,-1,1,1,1,-1,1,-1,-1,-1,1,1,-1,1,-1,-1,1,-1,1,-1,1,1,-1,-1,1,1,1,1,1,-1,-1,1,1,-1,1,-1,1,-1,-1,-1,-1,1,1,-1,-1,1,1,-1,1,1,-1,-1,1,1,1,1,1,-1,1,1,1,-1,1,-1,-1,-1,-1,1,1,1,1,-1,-1,1,1,1,1,-1,-1,-1,-1,-1,1,-1,-1,-1,1,-1,1,1,1,1,-1,1,1,-1,1,-1,1,-1,-1,1,-1,1,1,1,1,-1,1,-1,-1,1,1,-1,-1,1,-1,1,1,1,-1,-1,1,-1,-1,1,1,-1,1,1,-1,1,1,-1,-1,1,1,-1,1,-1,-1,-1,1,-1,-1,1,-1,-1,-1,1,-1,-1,1,-1,-1,-1,1,-1,-1,1,1,-1,-1,1,-1,-1,1,-1,-1,-1,1,1,-1,1,1,-1,-1,1,1,-1,-1,-1,1,-1,1,-1,-1,1,-1,-1,1,1,1,-1,-1,1,-1,1,-1,1,-1,-1,1,-1,-1,1,1,1,-1,1,-1,1,-1,-1,-1,1,-1,-1,-1,1,-1,-1,-1,1,1,-1,1,-1,1,-1,1,-1,1,1,-1,1,1,1,-1,-1,1,-1,1,-1,1,1,-1,1,-1,-1,1,1,-1,-1,1,-1,-1,-1,1,-1,-1,1,-1,1,1,1,1,-1,1,-1,-1,1,1,-1,-1,1,-1,-1,-1,1,1,-1,-1,1,1,-1,1,-1,-1,1,1,1,1,1,1,-1,-1,1,1,-1,1,-1,-1,1,1,1,1,-1,1,-1,1,-1,1,1,1,1,-1,-1,1,1,1,-1,-1,-1,1,1,1,1,1,-1,-1,-1,1,1,1,-1,-1,-1,-1,1,1,1,1,-1,-1,-1,1,1,1,1,-1,-1,1,1,1,1,1,-1,-1,-1,1,1,-1,1,-1,-1,-1,1,1,1,1,-1,-1,1,1,1,1,1,-1,1,1,-1,1,1,-1,-1,-1,1,1,1,-1,1,-1,1,1,1,1,1,1,-1,-1,1,-1,1,-1,1,-1,-1,1,-1,1,1,-1,-1,-1,1,-1,1,1,-1,-1,-1,1,1,1,-1,1,-1,-1,1,-1,1,-1,-1,-1,-1,1,1,-1,-1,-1,-1,-1,1,-1,1,-1,-1,-1,-1,-1,-1,-1,1,-1,-1,-1,1,-1,-1,1,-1,-1,-1,-1,-1,-1,1,-1,-1,-1,-1,-1,1,-1,-1,-1,1,-1,-1,1,-1,1,-1,-1,-1,-1,-1,-1,-1,1,-1,-1,-1,1,1,1,-1,-1,1,-1,-1,-1,-1,-1,1,-1,-1,1,-1,1,-1,-1,-1,-1,1,-1,1,1,-1,1,-1,-1,1,1,-1,-1,-1,-1,-1,-1,1,1,-1,-1,1,-1,1,1,-1,-1,-1,1,-1,1,1,-1,-1,1,-1,-1,1,1,1,-1,1,-1,1,1,1,-1,-1,1,-1,-1,1,1,1,-1,1,-1,-1,1,1,-1,1,1,-1,-1,1,1,-1,1,1,-1,-1,1,1,-1,1,1,-1,-1,1,1,1,1,1,1,-1,-1,1,1,-1,1,-1,-1,1,-1,1,1,1,1,-1,-1,1,-1,1,1,1,-1,1,1,1,1,-1,1,-1,1,1,1,1,1,1,1,-1,1,1,1,1,-1,1,-1,1,1,1,1,1,-1,1,1,1,1,-1,1,1,-1,1,1,-1,1,1,-1,-1,1,1,1,1,-1,1,-1,1,1,1,-1,-1,1,-1,1,1,1,-1,1,-1,-1,-1,1,1,-1,-1,1,-1,-1,1,1,-1,-1,1,-1,-1,1,1,1,-1,1,-1,-1,1,1,-1,-1,-1,1,-1,-1,1,-1,1,1,-1,1,1,-1,-1,1,-1,-1,-1,1,1,-1,1,1,-1,1,1,-1,-1,-1,-1,1,-1,-1,-1,-1,1,-1,-1,1,1,-1,1,1,-1,1,1,1,1,-1,1,-1,1,1,1,-1,-1,1,-1,-1,1,1,-1,-1,1,-1,1,1,1,-1,-1,1,-1,1,1,1,1,-1,1,-1,-1,1,1,-1,-1,-1,1,-1,1,-1,1,-1,1,-1,-1,1,-2674.0,1,2000,445,1500,False
140,1,1,-1,-1,1,-1,-1,-1,1,1,1,-1,1,1,1,1,-1,1,-1,-1,-1,-1,1,1,1,-1,-1,-1,1,1,1,1,1,-1,-1,-1,1,1,1,1,-1,-1,-1,1,1,1,1,-1,1,1,1,1,-1,1,-1,-1,1,-1,1,1,-1,-1,-1,-1,1,1,1,1,-1,-1,-1,1,1,1,1,-1,-1,-1,1,1,1,-1,-1,-1,1,1,1,1,-1,-1,-1,1,1,1,1,-1,-1,1,1,-1,1,1,-1,-1,1,1,1,1,1,-1,-1,-1,1,-1,1,1,-1,-1,1,1,1,1,1,1,-1,-1,1,1,-1,1,1,-1,1,1,1,1,1,1,-1,1,1,1,1,1,1,-1,1,1,1,1,1,1,-1,-1,-1,1,1,1,1,-1,1,1,1,1,-1,1,-1,1,-1,1,1,1,-1,-1,1,1,1,1,1,-1,1,-1,-1,1,-1,1,-1,1,1,1,1,1,1,1,1,1,-1,1,-1,1,-1,1,1,-1,1,-1,1,1,-1,1,-1,1,-1,1,-1,1,1,-1,1,-1,1,1,1,1,-1,-1,1,1,-1,-1,1,-1,1,-1,-1,1,-1,1,-1,1,-1,1,-1,-1,1,-1,-1,-1,1,1,-1,1,-1,1,1,1,-1,1,1,-1,1,-1,1,-1,1,-1,1,-1,1,1,-1,1,-1,-1,-1,1,1,-1,1,-1,-1,-1,1,1,-1,-1,1,1,-1,-1,1,1,-1,1,1,-1,1,1,1,1,-1,1,-1,1,1,-1,1,-1,1,1,-1,1,1,1,1,1,-1,-1,1,-1,-1,-1,1,1,-1,1,1,1,-1,1,-1,-1,1,1,1,-1,1,-1,1,1,1,-1,1,1,-1,1,1,1,-1,1,1,-1,-1,1,1,1,-1,1,-1,1,1,1,-1,1,1,-1,1,1,1,-1,1,-1,-1,1,1,1,-1,1,-1,-1,-1,1,1,-1,1,-1,-1,1,-1,1,-1,1,1,-1,-1,1,1,1,-1,1,-1,-1,1,1,-1,1,-1,1,-1,-1,-1,-1,1,1,-1,-1,1,1,-1,1,1,-1,-1,1,1,1,1,1,-1,1,1,1,-1,1,-1,-1,-1,-1,1,1,1,1,-1,-1,1,1,1,1,-1,-1,-1,-1,-1,1,-1,-1,-1,1,-1,1,1,-1,1,1,1,1,-1,1,-1,1,-1,-1,1,-1,1,1,1,1,-1,1,-1,-1,1,1,-1,-1,1,-1,1,1,1,-1,-1,1,-1,-1,1,1,-1,1,1,-1,1,1,-1,-1,1,1,-1,1,-1,-1,-1,1,-1,-1,1,-1,-1,-1,1,-1,-1,1,-1,-1,-1,1,-1,-1,1,-1,-1,-1,1,-1,-1,1,-1,-1,-1,1,1,-1,1,-1,-1,-1,1,1,-1,-1,-1,1,-1,1,-1,-1,1,-1,-1,1,-1,1,-1,-1,1,-1,1,-1,1,-1,-1,1,-1,-1,1,1,1,-1,1,-1,1,-1,1,-1,1,-1,-1,-1,1,-1,-1,-1,1,1,-1,1,-1,1,-1,1,-1,1,1,-1,1,1,1,-1,-1,1,-1,1,-1,1,1,-1,1,-1,-1,1,1,-1,-1,1,-1,-1,-1,1,-1,-1,1,-1,1,1,1,1,-1,1,-1,-1,1,1,-1,-1,1,-1,-1,-1,1,1,-1,-1,1,1,-1,-1,-1,-1,1,1,1,-1,1,1,-1,-1,1,1,-1,1,-1,-1,1,1,1,1,-1,1,-1,1,-1,1,1,1,1,-1,-1,1,1,1,-1,-1,-1,1,1,1,1,1,-1,-1,-1,1,1,1,-1,-1,-1,-1,1,1,1,1,-1,-1,1,1,1,1,1,-1,-1,-1,1,1,1,1,-1,-1,-1,1,1,-1,1,-1,-1,-1,1,1,1,1,-1,-1,1,1,1,1,1,-1,1,1,-1,1,1,-1,-1,-1,1,1,1,-1,1,-1,1,1,1,1,1,1,-1,-1,1,-1,1,-1,1,-1,-1,1,-1,1,-1,-1,-1,-1,1,-1,1,1,-1,-1,-1,1,1,1,-1,1,-1,-1,1,-1,1,-1,-1,-1,-1,1,1,-1,-1,-1,-1,-1,1,-1,1,-1,-1,-1,-1,-1,-1,-1,1,-1,-1,-1,1,-1,-1,1,-1,-1,-1,-1,-1,1,1,-1,-1,-1,-1,-1,1,-1,-1,-1,1,-1,-1,1,-1,1,-1,-1,-1,-1,-1,-1,-1,1,-1,-1,-1,1,1,-1,-1,-1,1,1,-1,-1,-1,-1,1,-1,-1,1,-1,1,-1,-1,-1,-1,1,-1,1,1,-1,1,-1,-1,1,1,-1,-1,-1,-1,-1,-1,1,1,-1,-1,1,-1,1,1,-1,-1,-1,1,-1,-1,1,-1,-1,1,-1,-1,1,1,1,-1,1,-1,1,1,1,-1,-1,1,-1,-1,1,1,1,-1,1,-1,-1,1,1,-1,1,1,-1,-1,1,1,1,1,1,-1,-1,1,1,1,1,1,-1,-1,1,1,1,1,-1,1,-1,-1,1,1,-1,1,-1,-1,1,-1,1,1,1,1,-1,-1,1,-1,1,1,1,-1,1,1,1,1,-1,1,-1,1,1,1,1,1,1,1,-1,1,1,1,1,-1,1,-1,1,1,1,1,1,-1,1,1,1,1,-1,1,1,-1,1,1,-1,1,1,-1,-1,1,1,1,1,-1,1,-1,1,1,1,-1,-1,1,-1,1,1,1,-1,1,-1,-1,-1,1,1,-1,-1,1,-1,-1,1,1,-1,-1,1,-1,-1,1,1,1,-1,1,-1,-1,1,1,-1,-1,-1,1,-1,-1,1,-1,1,1,-1,1,1,-1,-1,1,1,-1,-1,1,1,-1,1,1,-1,1,1,-1,-1,-1,-1,1,-1,-1,-1,-1,1,-1,-1,1,1,-1,1,1,-1,1,1,1,1,-1,1,-1,1,1,1,-1,-1,1,-1,-1,1,1,-1,-1,1,-1,1,1,1,-1,-1,1,-1,1,1,1,1,-1,1,-1,-1,1,1,-1,-1,-1,1,-1,1,1,1,-1,1,-1,-1,1,-2674.0,1,2000,445,500,False
141,1,1,-1,-1,1,1,-1,-1,1,1,1,-1,1,1,1,1,-1,1,-1,-1,-1,-1,1,1,1,-1,-1,-1,1,1,1,1,1,-1,-1,-1,1,1,1,1,-1,-1,-1,1,1,1,1,-1,1,1,1,1,-1,1,-1,-1,1,-1,1,1,1,-1,-1,-1,1,1,1,1,-1,-1,-1,1,1,1,1,-1,-1,-1,1,1,1,-1,-1,-1,1,1,1,1,-1,-1,-1,1,1,1,1,-1,-1,1,1,-1,1,1,-1,-1,1,1,1,1,1,-1,-1,1,1,-1,1,1,-1,-1,1,1,1,1,1,1,-1,-1,1,1,-1,1,1,-1,1,1,1,1,1,1,-1,-1,1,1,1,1,1,-1,1,1,1,1,1,1,-1,-1,-1,1,1,1,1,-1,1,1,1,1,-1,1,-1,1,-1,1,1,1,-1,-1,1,1,1,1,1,-1,1,-1,-1,1,-1,1,-1,1,1,1,1,1,1,1,1,1,-1,1,-1,1,-1,1,1,-1,1,-1,1,1,-1,1,-1,1,-1,1,-1,1,1,-1,1,-1,1,1,1,1,-1,-1,1,1,-1,-1,1,-1,1,-1,-1,1,-1,1,-1,1,-1,1,-1,1,1,-1,-1,-1,1,1,-1,1,-1,1,1,1,-1,1,1,-1,1,-1,1,-1,1,-1,1,-1,1,1,-1,1,-1,-1,-1,1,1,-1,1,-1,-1,-1,1,1,-1,-1,1,1,-1,-1,1,1,-1,1,1,-1,1,1,1,1,-1,1,-1,1,1,-1,1,-1,1,1,-1,1,1,-1,-1,1,-1,-1,1,-1,-1,1,1,1,-1,1,1,1,-1,1,-1,-1,1,1,1,-1,1,-1,1,1,1,1,-1,1,-1,1,1,1,-1,1,1,-1,-1,1,1,1,-1,1,-1,1,1,1,-1,1,1,-1,1,1,1,-1,1,-1,-1,1,1,1,1,1,-1,-1,-1,1,1,-1,1,-1,-1,1,-1,1,-1,1,1,-1,-1,1,1,1,1,1,-1,-1,1,1,-1,1,-1,1,-1,-1,-1,-1,1,1,-1,-1,1,1,-1,1,1,-1,-1,1,1,1,1,1,-1,1,1,1,-1,1,-1,-1,-1,-1,1,1,1,1,-1,-1,1,1,1,1,-1,-1,-1,-1,-1,1,-1,-1,-1,1,-1,1,1,1,1,-1,1,1,-1,1,-1,1,-1,-1,1,-1,1,1,1,1,-1,1,-1,-1,1,1,-1,-1,1,-1,1,1,1,-1,-1,1,-1,-1,1,1,-1,1,1,-1,1,1,-1,-1,1,1,-1,1,-1,-1,-1,1,-1,1,1,-1,-1,1,1,-1,-1,1,-1,-1,-1,1,-1,-1,1,1,-1,-1,1,-1,-1,1,-1,-1,-1,1,1,-1,1,1,-1,-1,1,1,-1,1,-1,1,-1,1,-1,-1,1,-1,-1,1,-1,1,-1,-1,1,-1,1,-1,1,-1,1,1,-1,-1,1,1,1,-1,1,-1,1,-1,-1,-1,1,-1,-1,-1,1,-1,-1,-1,1,1,-1,1,-1,1,-1,1,-1,1,1,-1,1,1,1,-1,-1,1,-1,1,-1,1,1,-1,1,-1,-1,1,1,-1,-1,1,-1,-1,-1,1,-1,-1,1,-1,1,1,1,1,-1,1,-1,-1,1,1,-1,-1,1,-1,-1,-1,1,1,-1,-1,1,1,-1,-1,-1,-1,1,1,1,1,1,1,-1,-1,1,1,-1,1,-1,-1,1,1,1,1,-1,1,-1,1,-1,1,1,1,1,-1,-1,1,1,1,-1,-1,-1,1,1,1,1,1,-1,-1,-1,1,1,1,-1,-1,-1,-1,1,1,1,1,-1,-1,1,1,1,1,1,-1,-1,-1,1,1,1,1,-1,-1,-1,1,1,-1,1,-1,-1,-1,1,1,1,1,-1,-1,1,1,1,1,1,-1,1,1,-1,1,1,-1,-1,-1,1,1,1,-1,1,-1,1,1,1,1,1,1,-1,-1,1,-1,1,-1,1,-1,-1,1,-1,1,-1,-1,-1,-1,1,-1,1,1,-1,-1,-1,1,1,1,-1,1,-1,-1,1,-1,1,-1,-1,-1,-1,1,1,-1,-1,-1,-1,-1,1,-1,1,-1,-1,-1,-1,-1,-1,-1,1,-1,-1,-1,1,-1,-1,1,-1,-1,-1,-1,-1,-1,1,-1,-1,-1,-1,-1,1,-1,-1,-1,1,-1,-1,1,-1,1,-1,-1,-1,-1,-1,-1,-1,1,-1,-1,-1,1,1,1,-1,-1,1,-1,-1,-1,-1,-1,1,-1,-1,1,-1,1,-1,-1,-1,-1,1,-1,1,1,-1,1,-1,-1,1,1,-1,-1,-1,-1,-1,-1,1,1,-1,-1,1,-1,1,1,-1,-1,-1,1,-1,-1,1,-1,-1,1,-1,-1,1,1,1,-1,1,-1,1,1,1,-1,-1,1,-1,-1,1,1,1,-1,1,-1,-1,1,1,-1,1,1,-1,-1,1,1,1,1,1,-1,-1,1,1,1,1,1,-1,-1,1,1,1,1,1,1,-1,-1,1,1,-1,1,-1,-1,1,-1,1,1,1,1,-1,-1,1,-1,1,1,1,-1,1,-1,1,1,-1,1,-1,1,1,1,1,1,1,1,-1,-1,1,1,1,-1,1,-1,1,1,1,1,1,-1,1,-1,1,1,-1,-1,1,-1,-1,1,-1,1,1,-1,-1,1,1,1,-1,1,1,-1,-1,1,1,-1,-1,1,-1,1,1,1,-1,1,-1,-1,-1,1,1,-1,-1,1,-1,-1,1,1,1,-1,1,-1,-1,1,1,1,1,-1,-1,-1,1,1,-1,-1,1,1,-1,1,1,-1,1,1,-1,1,1,-1,-1,1,-1,-1,-1,1,1,-1,1,1,-1,1,1,-1,-1,1,-1,1,-1,-1,-1,-1,1,-1,-1,1,1,-1,1,1,-1,1,1,1,1,-1,1,-1,1,1,1,1,-1,1,-1,-1,1,1,1,-1,1,-1,1,1,1,1,-1,1,-1,1,1,1,-1,-1,1,-1,-1,1,1,-1,-1,-1,1,-1,1,1,1,-1,1,-1,-1,1,-2674.0,1,2000,445,500,False
142,1,1,-1,-1,1,1,-1,-1,1,1,1,-1,-1,1,1,1,-1,1,-1,-1,-1,-1,1,1,1,-1,-1,-1,1,1,1,1,1,-1,-1,-1,1,-1,1,1,-1,-1,-1,1,1,1,1,-1,1,1,1,1,-1,1,-1,-1,1,-1,1,1,1,-1,-1,-1,1,1,1,1,-1,-1,-1,1,1,1,1,-1,-1,-1,1,1,1,-1,-1,-1,1,1,1,1,-1,-1,-1,1,1,1,1,-1,-1,1,1,-1,1,1,-1,-1,1,1,1,1,1,-1,-1,1,1,1,1,1,-1,-1,1,1,1,1,1,1,-1,-1,1,1,-1,1,1,-1,1,1,1,1,1,1,-1,-1,1,1,1,1,1,-1,1,1,1,1,1,1,-1,-1,-1,1,1,1,1,-1,1,1,1,1,-1,1,-1,1,-1,1,1,1,-1,-1,1,1,1,1,1,-1,1,-1,-1,1,-1,1,-1,1,1,1,1,1,1,1,1,1,-1,1,-1,1,-1,1,1,-1,1,-1,1,1,-1,1,-1,1,-1,1,-1,1,1,-1,1,-1,1,1,1,1,-1,-1,1,1,-1,-1,1,-1,1,-1,1,1,-1,1,-1,1,-1,1,-1,-1,1,-1,-1,-1,1,1,-1,1,-1,1,1,1,-1,1,1,-1,1,-1,1,-1,1,-1,1,-1,1,1,-1,1,-1,-1,-1,1,1,-1,1,-1,-1,-1,1,1,-1,-1,1,1,-1,-1,1,1,-1,1,1,-1,1,1,1,1,-1,1,-1,1,1,-1,1,-1,1,1,-1,1,1,1,1,1,-1,-1,1,-1,-1,-1,1,1,-1,1,1,1,-1,1,-1,-1,1,1,1,1,1,-1,1,1,1,-1,-1,1,-1,1,1,1,-1,1,1,-1,-1,1,1,1,-1,1,-1,1,1,1,-1,1,1,-1,1,1,1,-1,1,-1,-1,1,1,1,-1,1,-1,-1,-1,1,1,-1,1,-1,-1,1,-1,1,-1,1,1,-1,-1,1,1,1,-1,1,-1,-1,1,1,-1,1,-1,1,-1,-1,-1,-1,1,1,-1,-1,1,1,-1,1,1,-1,-1,1,1,1,1,1,-1,1,1,1,-1,1,-1,-1,-1,-1,1,1,1,1,-1,-1,1,1,1,1,-1,-1,-1,-1,-1,1,-1,-1,-1,1,-1,1,1,-1,1,-1,1,1,-1,1,-1,1,-1,-1,1,-1,1,1,1,1,-1,1,-1,-1,1,1,-1,-1,1,-1,1,1,1,-1,-1,1,-1,-1,1,1,-1,1,1,-1,1,1,-1,-1,1,1,-1,1,-1,-1,-1,1,-1,-1,1,-1,-1,-1,1,-1,-1,1,-1,-1,-1,1,-1,-1,1,-1,-1,-1,1,-1,-1,1,-1,-1,-1,1,1,-1,1,-1,-1,-1,1,1,-1,-1,-1,1,-1,1,-1,-1,1,-1,-1,1,-1,1,-1,-1,1,-1,1,-1,1,-1,-1,1,-1,-1,1,1,1,-1,1,-1,1,-1,1,-1,1,-1,-1,-1,1,-1,-1,-1,1,1,-1,1,-1,1,-1,1,-1,1,1,-1,1,1,1,-1,-1,1,-1,1,-1,1,1,-1,1,-1,-1,1,1,-1,-1,1,-1,-1,-1,1,-1,-1,1,-1,1,1,1,1,-1,1,-1,-1,1,1,-1,-1,1,-1,-1,-1,1,1,-1,-1,1,1,-1,-1,-1,-1,1,1,1,1,1,1,-1,-1,1,1,-1,1,-1,-1,1,1,1,1,-1,-1,-1,1,-1,1,1,1,-1,-1,-1,1,1,1,-1,-1,-1,-1,1,1,1,1,-1,-1,-1,1,1,1,-1,-1,-1,-1,1,1,1,1,-1,-1,1,1,1,1,1,-1,-1,-1,1,1,1,1,-1,-1,-1,1,1,-1,1,-1,-1,-1,1,1,1,1,-1,-1,1,1,1,1,1,-1,1,1,-1,1,1,-1,-1,-1,1,1,1,-1,1,-1,1,1,1,1,1,1,-1,-1,1,-1,1,-1,1,-1,-1,1,-1,1,-1,-1,-1,-1,1,-1,1,1,-1,1,-1,1,1,1,-1,1,1,-1,1,-1,1,-1,-1,-1,-1,1,1,-1,-1,-1,-1,-1,1,-1,1,-1,-1,-1,-1,-1,-1,-1,1,-1,-1,-1,1,-1,-1,1,-1,-1,-1,-1,-1,-1,1,-1,-1,-1,-1,-1,1,-1,-1,-1,1,-1,-1,1,-1,1,-1,-1,-1,-1,-1,-1,-1,1,-1,-1,-1,1,1,-1,-1,-1,-1,1,-1,-1,-1,-1,1,-1,-1,1,-1,1,-1,-1,-1,-1,1,-1,1,1,-1,1,-1,-1,1,1,-1,-1,-1,-1,-1,-1,1,1,-1,-1,1,-1,1,1,-1,-1,-1,1,-1,-1,1,-1,-1,1,-1,-1,1,1,1,-1,1,-1,1,1,1,-1,-1,1,-1,-1,1,1,1,-1,1,-1,-1,1,1,-1,1,1,-1,-1,1,1,1,1,1,-1,-1,1,1,1,1,1,-1,-1,1,1,1,1,-1,1,-1,-1,1,1,1,1,-1,-1,1,-1,1,1,1,1,-1,-1,1,-1,1,1,1,-1,1,1,1,1,-1,1,-1,1,1,1,1,1,1,1,-1,1,1,1,1,-1,1,-1,1,1,1,1,1,-1,1,1,1,1,-1,1,1,-1,1,1,-1,1,1,-1,-1,1,1,1,1,-1,1,-1,1,1,1,-1,-1,1,-1,1,1,1,-1,1,-1,-1,-1,1,1,-1,-1,1,-1,-1,1,1,1,-1,1,-1,-1,1,1,1,-1,1,-1,-1,1,1,-1,-1,-1,1,-1,1,1,-1,1,1,-1,1,1,-1,-1,1,1,-1,-1,1,1,-1,1,1,-1,1,1,-1,-1,-1,-1,1,-1,-1,-1,-1,1,-1,-1,1,1,-1,1,1,-1,1,1,1,1,-1,1,-1,1,1,1,1,-1,1,-1,-1,1,1,1,-1,1,-1,1,1,1,1,-1,1,-1,1,1,1,-1,-1,1,-1,-1,1,1,-1,-1,-1,1,-1,1,-1,1,-1,1,-1,-1,1,-2674.0,1,2000,445,500,False
143,1,1,-1,-1,1,1,-1,-1,1,1,1,-1,1,1,1,1,-1,1,-1,-1,-1,-1,1,1,1,1,-1,-1,1,1,1,1,-1,-1,-1,-1,1,1,1,1,-1,-1,-1,1,1,1,1,-1,1,1,1,1,-1,1,-1,-1,1,-1,1,1,1,-1,-1,-1,1,1,1,1,-1,-1,-1,1,1,1,1,-1,-1,-1,1,1,1,-1,-1,-1,1,1,1,1,-1,-1,1,1,1,1,1,-1,-1,-1,1,-1,1,1,-1,-1,1,1,1,1,1,-1,-1,-1,1,1,1,1,-1,-1,1,1,1,1,1,1,-1,-1,1,1,-1,1,1,-1,1,1,1,1,1,1,-1,1,1,1,1,1,1,-1,1,1,1,1,1,1,-1,-1,-1,1,1,1,1,-1,1,1,1,1,-1,1,-1,1,-1,1,1,1,-1,-1,1,1,1,1,1,-1,1,-1,-1,1,-1,1,-1,1,1,1,1,1,1,1,1,1,1,1,-1,1,-1,1,1,-1,1,-1,1,1,-1,1,-1,1,-1,1,-1,1,1,-1,1,-1,1,1,1,1,-1,-1,1,1,-1,-1,1,-1,1,-1,-1,1,-1,1,-1,1,-1,1,-1,-1,1,-1,1,-1,1,1,-1,1,-1,1,1,1,-1,1,1,-1,1,-1,1,-1,1,-1,1,-1,1,1,-1,1,-1,-1,-1,1,1,-1,1,-1,-1,-1,1,1,-1,-1,1,1,-1,-1,1,1,-1,1,1,-1,1,1,1,1,-1,1,-1,1,1,-1,1,-1,1,1,-1,1,1,1,1,1,-1,-1,1,-1,-1,-1,1,1,-1,1,1,1,-1,1,-1,-1,1,1,1,-1,1,-1,1,1,1,-1,1,1,-1,1,1,1,-1,1,1,-1,-1,1,1,1,-1,1,-1,1,1,1,-1,1,1,-1,1,1,1,-1,1,-1,-1,1,1,1,-1,1,-1,-1,-1,1,1,-1,1,-1,-1,1,-1,1,-1,1,1,-1,-1,1,1,1,1,1,-1,-1,1,1,-1,1,-1,1,-1,-1,-1,-1,1,1,-1,-1,1,1,-1,1,1,-1,-1,1,1,1,1,1,-1,1,1,1,-1,1,-1,-1,-1,-1,1,1,1,1,-1,-1,1,1,1,1,-1,-1,-1,-1,-1,1,-1,-1,-1,1,-1,1,1,1,1,1,1,1,-1,1,-1,1,-1,-1,1,-1,1,1,1,1,-1,1,-1,-1,1,1,-1,-1,1,-1,1,1,1,-1,-1,1,-1,-1,1,1,-1,1,1,-1,1,1,-1,1,1,1,-1,1,-1,-1,-1,1,-1,-1,1,-1,-1,1,1,-1,-1,1,-1,-1,-1,1,-1,-1,1,1,-1,-1,1,-1,-1,1,-1,-1,-1,1,1,-1,1,-1,-1,-1,1,1,-1,-1,-1,1,-1,1,-1,-1,1,-1,-1,1,1,1,-1,-1,1,-1,1,1,1,1,-1,1,-1,-1,1,1,1,-1,1,-1,1,-1,-1,1,1,-1,-1,-1,1,-1,-1,-1,1,1,-1,1,-1,1,-1,1,-1,1,1,-1,1,1,1,-1,-1,1,-1,1,-1,1,1,-1,1,-1,-1,1,1,-1,-1,1,-1,-1,-1,1,-1,-1,1,-1,1,1,1,1,-1,1,-1,-1,1,1,-1,-1,1,-1,-1,-1,1,1,-1,-1,1,1,-1,-1,-1,-1,1,1,1,-1,1,1,-1,-1,1,1,-1,1,-1,-1,-1,1,1,1,-1,-1,-1,1,-1,1,1,1,-1,-1,-1,1,1,1,-1,-1,-1,1,1,1,1,1,-1,-1,-1,1,1,1,-1,-1,-1,-1,1,1,1,1,-1,-1,1,1,1,1,-1,-1,-1,-1,1,1,1,1,-1,-1,-1,1,1,-1,1,-1,-1,-1,1,1,1,1,-1,-1,1,1,1,1,-1,-1,1,1,-1,1,1,-1,-1,-1,1,1,1,-1,1,-1,1,1,1,1,1,1,-1,-1,1,-1,1,-1,-1,-1,-1,1,-1,1,-1,-1,-1,-1,1,-1,1,1,-1,-1,-1,1,1,1,-1,1,-1,-1,1,-1,1,-1,-1,-1,-1,1,1,-1,-1,-1,-1,-1,1,-1,1,-1,-1,-1,-1,-1,-1,-1,1,-1,-1,-1,1,-1,-1,1,-1,-1,-1,-1,-1,1,1,-1,-1,-1,-1,-1,1,-1,-1,-1,1,-1,-1,1,-1,1,-1,-1,-1,-1,-1,-1,-1,1,-1,-1,-1,1,1,1,-1,-1,1,-1,-1,-1,-1,-1,1,-1,-1,1,1,1,-1,-1,-1,-1,1,-1,1,1,-1,1,-1,-1,1,1,-1,-1,-1,-1,-1,-1,1,1,-1,-1,1,-1,1,1,-1,-1,-1,1,-1,-1,1,-1,-1,1,-1,-1,1,1,1,-1,1,-1,1,1,1,-1,-1,1,-1,-1,1,1,1,-1,1,-1,-1,1,1,-1,1,1,-1,-1,1,1,-1,1,1,-1,-1,1,1,-1,1,1,-1,-1,1,1,1,1,-1,1,-1,-1,1,1,-1,1,-1,-1,1,-1,1,1,1,1,-1,-1,1,-1,1,1,1,-1,1,1,1,1,-1,1,-1,1,1,1,1,1,1,1,-1,1,1,1,1,-1,1,-1,1,1,1,1,1,-1,1,1,1,1,-1,1,1,-1,1,1,-1,1,1,-1,-1,1,1,1,1,-1,1,-1,1,1,1,-1,-1,1,-1,1,1,1,-1,1,-1,-1,-1,1,1,-1,-1,1,-1,-1,1,1,-1,-1,1,-1,-1,1,1,1,-1,1,-1,-1,1,1,-1,-1,-1,1,-1,1,1,-1,1,1,-1,1,1,-1,-1,1,-1,-1,-1,1,1,-1,1,1,-1,1,1,-1,-1,-1,-1,1,-1,-1,-1,-1,1,-1,-1,1,1,-1,1,1,-1,1,1,1,1,-1,1,-1,1,1,1,-1,-1,1,-1,-1,1,1,-1,-1,1,-1,1,1,1,-1,-1,1,-1,1,1,1,1,-1,1,-1,-1,1,1,1,-1,-1,1,-1,1,-1,1,-1,1,-1,-1,1,-2674.0,1,2000,445,500,False
144,1,1,-1,-1,1,-1,-1,-1,1,1,1,-1,1,1,1,1,-1,1,-1,-1,1,-1,1,1,1,-1,1,-1,1,1,1,1,1,-1,-1,-1,1,1,1,-1,-1,-1,-1,1,1,1,1,-1,1,1,1,1,-1,1,-1,-1,1,-1,1,1,1,-1,-1,-1,1,1,1,1,-1,-1,-1,1,1,1,1,-1,-1,-1,1,1,1,-1,-1,-1,1,1,1,1,-1,-1,-1,1,1,1,1,-1,-1,1,1,-1,1,1,-1,-1,1,1,1,1,1,-1,-1,1,1,-1,1,1,-1,-1,1,1,1,1,1,1,-1,1,1,1,-1,1,1,-1,1,1,1,1,1,1,-1,-1,1,1,1,1,1,-1,1,1,1,1,1,1,-1,-1,-1,1,1,1,1,-1,1,1,1,1,-1,1,-1,1,-1,1,1,1,-1,-1,1,1,1,1,1,-1,1,-1,-1,1,-1,1,-1,1,1,1,1,1,1,1,1,1,-1,1,-1,1,-1,1,1,-1,1,-1,1,1,-1,1,-1,1,-1,1,-1,1,1,-1,-1,-1,1,1,1,1,-1,-1,1,1,-1,-1,1,-1,1,-1,1,1,-1,1,-1,1,-1,1,-1,1,1,-1,-1,-1,1,1,-1,1,-1,1,1,1,-1,1,1,-1,1,-1,1,-1,1,-1,1,-1,1,1,-1,1,-1,-1,-1,1,1,-1,1,-1,-1,-1,1,1,-1,-1,1,1,-1,-1,1,1,-1,1,1,-1,1,1,1,1,-1,1,-1,1,1,-1,1,-1,1,1,-1,1,1,1,1,1,-1,-1,1,-1,-1,-1,1,1,-1,1,1,1,-1,1,-1,-1,1,1,1,1,1,-1,1,1,1,-1,1,1,-1,1,1,1,-1,1,1,-1,-1,1,1,1,-1,1,-1,1,1,1,-1,1,1,-1,1,1,1,-1,1,-1,-1,1,1,1,-1,1,-1,-1,-1,1,1,-1,1,-1,-1,1,-1,1,-1,1,1,-1,-1,1,1,1,-1,1,-1,-1,1,1,-1,1,-1,1,-1,-1,-1,-1,1,1,-1,-1,1,1,-1,1,1,-1,-1,1,1,1,1,1,-1,1,1,1,-1,1,-1,-1,-1,-1,1,1,1,1,-1,-1,1,1,1,-1,-1,-1,-1,-1,-1,1,-1,-1,-1,1,-1,1,1,-1,1,-1,1,1,-1,1,-1,1,-1,-1,1,-1,1,1,1,1,-1,1,-1,-1,1,1,-1,-1,1,-1,1,1,1,-1,-1,1,-1,-1,1,1,-1,1,1,-1,1,1,-1,-1,1,1,-1,1,-1,-1,-1,1,-1,-1,1,-1,-1,-1,1,-1,-1,1,-1,-1,-1,1,-1,-1,1,-1,-1,-1,1,-1,-1,1,-1,-1,-1,1,1,-1,1,1,-1,-1,1,1,-1,-1,1,1,-1,1,-1,-1,1,-1,-1,1,-1,1,-1,-1,1,-1,1,-1,1,-1,-1,1,-1,-1,1,1,1,-1,1,-1,1,-1,1,1,1,-1,-1,-1,1,-1,-1,-1,1,1,-1,1,-1,1,-1,1,-1,1,1,-1,1,1,1,-1,-1,1,-1,1,-1,1,1,-1,1,-1,-1,1,1,-1,-1,1,-1,-1,-1,1,-1,-1,1,-1,1,1,1,1,-1,1,-1,-1,1,1,-1,-1,1,-1,-1,-1,1,1,-1,-1,1,1,-1,1,-1,-1,1,1,1,1,1,1,-1,-1,1,1,-1,1,-1,-1,1,1,1,1,-1,1,-1,1,-1,1,1,1,1,-1,-1,1,1,1,-1,-1,-1,-1,1,1,1,1,-1,-1,-1,1,1,1,-1,-1,-1,-1,1,1,1,1,-1,-1,-1,1,1,1,1,-1,-1,1,1,1,1,1,-1,-1,-1,1,1,-1,1,-1,-1,-1,1,1,1,1,-1,-1,1,1,1,1,1,-1,1,1,-1,1,1,-1,-1,-1,1,1,1,1,1,-1,1,1,1,1,1,1,-1,-1,1,-1,1,-1,1,-1,-1,1,-1,1,-1,-1,-1,-1,1,-1,1,1,-1,-1,-1,1,1,1,-1,1,-1,-1,1,-1,1,-1,-1,-1,-1,1,1,-1,-1,-1,-1,-1,1,-1,1,-1,-1,-1,-1,-1,-1,-1,1,-1,-1,-1,1,-1,-1,1,-1,-1,-1,-1,-1,-1,1,-1,-1,-1,-1,-1,1,-1,-1,-1,1,-1,-1,1,-1,1,-1,-1,-1,-1,-1,-1,-1,1,-1,-1,-1,1,1,-1,-1,-1,-1,1,-1,-1,-1,-1,1,-1,-1,1,1,1,-1,-1,-1,-1,1,-1,1,1,-1,1,-1,-1,1,1,-1,-1,-1,-1,-1,-1,1,1,-1,-1,1,-1,1,1,-1,-1,-1,1,-1,1,1,-1,-1,1,-1,-1,1,1,1,-1,1,-1,1,1,1,-1,-1,1,-1,-1,1,1,1,-1,1,-1,-1,1,1,-1,1,1,-1,-1,1,1,1,1,1,-1,-1,1,1,-1,1,1,-1,-1,1,1,1,1,1,1,-1,-1,1,1,1,1,-1,-1,1,-1,1,1,1,1,-1,-1,1,-1,1,1,1,-1,1,1,1,1,-1,1,-1,1,1,1,1,1,1,1,-1,1,1,1,1,-1,1,-1,1,1,1,1,1,-1,1,1,1,1,-1,1,1,-1,1,1,-1,1,1,-1,-1,1,1,1,1,-1,1,-1,1,1,1,-1,-1,1,-1,1,1,1,-1,1,-1,-1,-1,1,1,-1,-1,1,-1,-1,1,1,1,-1,1,-1,-1,1,1,1,-1,1,-1,-1,1,1,-1,-1,-1,1,-1,-1,1,-1,1,1,-1,1,1,-1,-1,1,1,-1,-1,1,1,-1,1,1,-1,1,1,-1,-1,-1,-1,1,-1,-1,-1,-1,-1,1,-1,1,1,-1,1,1,-1,1,1,1,1,-1,1,-1,1,1,1,1,-1,1,-1,-1,-1,1,1,-1,1,-1,1,1,1,1,-1,1,-1,1,1,-1,-1,-1,1,-1,-1,1,1,-1,-1,-1,1,-1,1,-1,1,-1,1,-1,1,1,-2674.0,1,2000,445,500,False
145,1,1,-1,-1,1,1,-1,-1,1,1,1,-1,1,1,1,1,-1,1,-1,-1,-1,-1,1,1,1,1,-1,-1,1,1,1,1,-1,-1,-1,-1,1,-1,1,1,-1,-1,-1,1,1,1,1,-1,1,1,1,1,-1,1,-1,-1,1,-1,1,1,1,-1,-1,-1,1,1,1,1,-1,-1,-1,1,1,1,1,-1,-1,-1,1,1,1,-1,-1,-1,1,1,1,1,-1,-1,1,1,1,1,1,-1,-1,-1,1,-1,1,1,-1,-1,1,1,1,1,1,-1,-1,-1,1,-1,1,1,-1,-1,1,1,1,1,1,1,-1,-1,1,1,-1,1,1,-1,1,1,1,1,1,1,-1,1,1,1,1,1,1,-1,1,1,1,1,1,1,-1,-1,-1,1,1,1,1,-1,1,1,1,1,-1,1,-1,1,-1,1,1,1,-1,-1,1,1,1,1,1,-1,1,-1,-1,1,-1,1,-1,1,1,1,1,1,1,1,1,1,-1,1,-1,1,-1,1,1,-1,1,-1,1,1,-1,1,-1,1,-1,1,-1,1,1,-1,1,-1,1,1,1,1,-1,-1,1,1,-1,-1,1,-1,1,-1,-1,1,-1,1,-1,1,-1,1,-1,1,1,-1,-1,-1,1,1,-1,1,-1,1,1,1,-1,1,1,-1,1,-1,1,-1,1,-1,1,-1,1,1,-1,1,-1,-1,-1,1,1,-1,1,-1,-1,-1,1,1,-1,-1,1,1,-1,-1,1,1,-1,1,1,-1,1,1,1,1,-1,1,-1,1,1,-1,1,-1,1,1,-1,1,1,1,1,1,-1,-1,1,-1,-1,-1,1,1,-1,1,1,1,-1,1,-1,-1,1,1,1,-1,1,-1,1,1,1,-1,-1,1,-1,1,1,1,-1,1,1,-1,-1,1,1,1,-1,1,-1,1,1,1,-1,1,1,-1,1,1,1,-1,1,-1,-1,1,1,1,-1,1,-1,-1,-1,1,1,-1,1,-1,-1,1,-1,1,-1,1,1,-1,-1,1,1,1,-1,1,-1,-1,1,1,-1,1,-1,1,-1,-1,-1,-1,1,1,1,-1,1,1,-1,1,1,-1,-1,1,1,1,1,1,-1,1,1,1,-1,1,-1,-1,-1,-1,1,1,1,1,-1,-1,1,1,1,1,-1,-1,-1,-1,-1,1,-1,-1,-1,1,-1,1,1,-1,1,1,1,1,-1,1,-1,1,-1,-1,1,-1,1,1,1,1,-1,1,-1,-1,1,1,-1,-1,1,-1,1,1,1,-1,-1,1,-1,-1,1,1,-1,1,1,-1,1,1,-1,-1,1,1,-1,1,-1,-1,-1,1,-1,-1,1,-1,-1,-1,1,-1,-1,1,-1,-1,-1,1,-1,-1,1,1,-1,-1,1,-1,-1,1,-1,-1,-1,1,1,-1,1,1,-1,-1,1,1,-1,-1,-1,1,-1,1,-1,-1,1,-1,-1,1,1,1,-1,-1,1,-1,1,-1,1,-1,-1,1,-1,-1,1,1,1,-1,1,-1,1,-1,1,1,1,-1,-1,-1,1,-1,-1,-1,1,1,-1,1,-1,1,-1,1,-1,1,1,-1,1,1,1,-1,-1,1,-1,1,-1,1,1,-1,1,-1,-1,1,1,-1,-1,1,-1,-1,-1,1,-1,-1,1,-1,1,1,1,1,-1,1,-1,-1,1,1,-1,-1,1,-1,-1,-1,1,1,-1,-1,1,1,-1,-1,-1,-1,1,1,1,-1,1,1,-1,-1,1,1,-1,1,-1,-1,1,1,1,1,-1,1,-1,1,-1,1,1,1,1,-1,-1,1,1,1,-1,-1,-1,-1,1,1,1,1,-1,-1,-1,1,1,1,-1,-1,-1,-1,1,1,1,1,-1,-1,1,1,1,1,1,-1,-1,-1,1,1,1,1,-1,-1,-1,1,1,-1,1,-1,-1,-1,1,1,1,1,-1,-1,1,1,1,1,1,-1,1,1,-1,1,1,-1,-1,-1,1,1,1,-1,1,-1,1,1,1,1,1,1,-1,-1,1,-1,1,-1,1,-1,-1,1,-1,1,-1,-1,-1,-1,1,-1,1,1,-1,1,-1,1,1,1,-1,1,1,-1,1,-1,1,-1,-1,-1,-1,1,1,-1,-1,-1,-1,-1,1,-1,1,-1,-1,-1,-1,-1,-1,-1,1,-1,-1,-1,1,-1,-1,1,-1,-1,-1,-1,-1,-1,1,-1,-1,-1,-1,-1,1,-1,-1,-1,1,-1,-1,1,-1,1,-1,-1,-1,-1,-1,-1,-1,1,-1,-1,-1,1,1,-1,-1,-1,1,1,-1,-1,-1,-1,1,-1,-1,1,-1,1,-1,-1,-1,-1,1,-1,1,1,-1,1,-1,-1,1,1,-1,-1,-1,-1,-1,-1,1,1,-1,-1,1,-1,1,1,-1,-1,-1,1,-1,-1,1,-1,-1,1,-1,-1,1,1,1,-1,1,-1,1,1,1,-1,-1,1,-1,-1,1,-1,1,-1,1,-1,-1,1,1,-1,1,1,-1,-1,1,1,-1,1,1,-1,-1,1,1,-1,1,1,-1,-1,1,1,1,1,1,1,-1,-1,1,1,1,1,-1,-1,1,-1,1,1,1,1,-1,-1,1,-1,1,1,1,-1,1,1,1,1,-1,1,-1,1,1,1,1,1,1,1,-1,1,1,1,1,-1,1,-1,1,1,1,1,1,-1,1,1,1,1,-1,1,1,-1,1,1,-1,1,1,-1,-1,1,1,1,1,-1,1,-1,1,1,1,-1,-1,1,-1,1,1,1,-1,1,-1,-1,-1,1,1,-1,-1,1,-1,-1,1,1,-1,-1,1,-1,-1,1,1,1,-1,1,-1,-1,1,1,-1,-1,-1,1,-1,1,1,-1,1,1,-1,1,1,-1,-1,1,1,-1,-1,1,1,-1,1,1,-1,1,1,-1,-1,-1,-1,1,-1,-1,-1,-1,1,-1,-1,1,1,-1,1,1,-1,1,1,1,1,-1,1,-1,1,1,1,-1,-1,1,-1,1,1,1,-1,-1,1,-1,-1,1,1,-1,-1,1,-1,1,1,1,1,-1,1,-1,-1,1,1,1,-1,-1,1,-1,1,-1,1,-1,1,-1,-1,1,-2674.0,1,2000,445,500,False
146,1,1,-1,-1,1,1,-1,-1,1,1,1,-1,1,1,1,1,-1,1,-1,-1,-1,-1,1,1,1,-1,1,-1,1,1,1,1,1,-1,-1,-1,1,1,1,1,-1,-1,-1,1,1,1,1,-1,1,1,1,1,-1,1,-1,-1,1,-1,1,1,-1,-1,-1,-1,1,1,1,1,-1,-1,-1,1,1,1,1,-1,-1,-1,1,1,1,-1,-1,-1,1,1,1,1,-1,-1,-1,1,1,1,1,-1,-1,1,1,-1,1,1,-1,-1,1,1,1,1,1,-1,-1,-1,1,1,1,1,-1,-1,1,1,1,1,1,1,-1,-1,1,1,-1,1,1,-1,1,1,1,1,1,1,-1,1,1,1,1,1,1,-1,1,1,1,1,1,1,-1,-1,-1,1,1,1,1,-1,1,1,1,1,-1,1,-1,1,-1,1,1,1,-1,-1,1,1,1,1,1,-1,1,-1,-1,1,-1,1,-1,1,1,1,1,1,1,1,1,1,-1,1,-1,1,-1,1,1,-1,1,-1,1,1,-1,1,-1,1,-1,1,-1,1,1,-1,1,-1,1,1,1,1,-1,-1,1,1,-1,-1,1,-1,1,-1,-1,1,-1,1,-1,1,-1,1,-1,1,1,-1,-1,-1,1,1,-1,1,-1,1,1,1,-1,1,1,-1,1,-1,1,-1,1,-1,1,-1,1,1,-1,1,-1,-1,-1,1,1,-1,1,-1,-1,-1,1,1,-1,-1,1,1,-1,-1,1,1,-1,1,1,-1,1,1,1,1,-1,1,-1,1,1,-1,1,-1,1,1,-1,1,1,1,1,1,-1,-1,1,-1,-1,-1,1,1,-1,1,1,1,-1,1,-1,-1,1,1,1,1,1,-1,1,1,1,-1,1,1,-1,1,1,1,-1,1,1,-1,-1,1,1,1,-1,1,-1,1,1,1,-1,1,1,-1,1,1,1,-1,1,-1,-1,1,1,1,-1,1,-1,-1,-1,1,1,-1,1,-1,-1,1,-1,1,-1,1,1,-1,-1,1,1,1,1,1,-1,-1,1,1,-1,1,-1,1,-1,-1,-1,-1,1,1,-1,-1,1,1,-1,1,1,-1,-1,1,1,1,1,1,-1,1,1,1,-1,1,-1,-1,-1,-1,1,1,1,1,-1,-1,1,1,1,1,-1,-1,-1,-1,-1,1,-1,-1,-1,1,-1,1,1,1,1,-1,1,1,-1,1,-1,1,-1,-1,1,-1,1,1,1,1,-1,1,-1,-1,1,1,-1,-1,1,-1,1,1,1,-1,-1,1,-1,-1,1,1,-1,1,1,-1,1,1,-1,-1,1,1,-1,1,-1,-1,-1,1,-1,-1,1,-1,-1,-1,1,-1,-1,1,-1,-1,-1,1,-1,-1,1,1,-1,-1,1,-1,-1,1,-1,-1,-1,1,1,-1,1,-1,-1,-1,1,1,-1,-1,-1,1,-1,1,-1,-1,1,-1,-1,1,1,1,-1,-1,1,-1,1,-1,1,-1,-1,1,-1,-1,1,1,1,-1,1,-1,1,-1,-1,-1,1,-1,-1,-1,1,-1,-1,-1,1,1,-1,1,-1,1,-1,1,-1,1,1,-1,1,1,1,-1,-1,1,-1,1,-1,1,1,-1,1,-1,-1,1,1,-1,-1,1,-1,-1,-1,1,-1,-1,1,-1,1,1,1,1,-1,1,-1,-1,1,1,-1,-1,1,-1,-1,-1,1,1,-1,-1,1,1,-1,1,-1,-1,1,1,1,1,1,1,-1,-1,1,1,-1,1,-1,-1,1,1,1,1,-1,-1,-1,1,-1,1,1,1,1,-1,-1,1,1,1,-1,-1,-1,1,1,1,1,1,-1,-1,-1,1,1,1,-1,-1,-1,-1,1,1,1,1,-1,-1,1,1,1,1,1,-1,-1,-1,1,1,1,1,-1,-1,-1,1,1,-1,1,-1,-1,-1,1,1,1,1,-1,-1,1,1,1,1,1,-1,1,1,-1,1,1,-1,-1,-1,1,1,1,-1,1,-1,1,1,1,1,1,1,-1,-1,1,-1,1,-1,1,-1,-1,1,-1,1,-1,-1,-1,-1,1,-1,1,1,-1,-1,-1,1,1,1,-1,1,-1,-1,1,-1,1,-1,-1,-1,-1,1,1,-1,-1,-1,-1,-1,1,-1,1,-1,-1,-1,-1,-1,-1,-1,1,-1,-1,-1,1,-1,-1,1,-1,-1,-1,-1,-1,-1,1,-1,-1,-1,-1,-1,1,-1,-1,-1,1,-1,-1,1,-1,1,-1,-1,-1,-1,-1,-1,-1,1,-1,-1,-1,1,1,-1,-1,-1,1,-1,-1,-1,-1,-1,1,-1,-1,1,1,1,-1,-1,-1,-1,1,-1,1,1,-1,1,-1,-1,1,1,-1,-1,-1,-1,-1,-1,1,1,-1,-1,1,-1,1,1,-1,-1,-1,1,-1,1,1,-1,-1,1,-1,-1,1,1,1,-1,1,-1,1,1,1,-1,-1,1,-1,-1,1,1,1,-1,1,-1,-1,1,1,-1,1,1,-1,-1,1,1,1,1,1,-1,-1,1,1,1,1,1,-1,-1,1,1,1,1,1,1,-1,-1,1,1,-1,1,-1,-1,1,-1,1,1,1,1,-1,-1,1,-1,1,1,1,-1,1,1,1,1,-1,1,-1,1,1,1,1,1,1,1,-1,1,1,1,1,-1,1,-1,1,1,1,1,1,-1,1,1,1,1,-1,1,1,-1,1,1,-1,1,1,-1,-1,1,1,1,1,-1,1,-1,1,1,1,-1,-1,1,-1,1,1,1,-1,1,-1,-1,-1,1,1,-1,-1,1,-1,-1,1,1,1,-1,1,-1,-1,-1,1,1,-1,1,-1,-1,1,1,-1,-1,-1,1,-1,-1,1,-1,1,1,-1,1,1,-1,-1,1,-1,-1,-1,1,1,-1,1,1,-1,1,1,-1,-1,-1,-1,1,-1,-1,-1,-1,-1,-1,-1,1,1,-1,1,1,-1,1,1,1,1,-1,1,-1,1,1,1,-1,-1,1,-1,-1,1,1,-1,-1,1,-1,1,1,1,-1,-1,1,-1,1,1,1,1,-1,1,-1,-1,1,1,-1,-1,-1,1,-1,1,-1,1,-1,1,-1,-1,1,-2674.0,1,2000,445,500,False
147,1,1,-1,-1,1,1,-1,-1,1,1,1,-1,-1,1,1,1,-1,1,-1,-1,-1,-1,1,1,1,1,-1,-1,1,1,1,1,-1,-1,-1,-1,1,1,1,1,-1,-1,-1,1,1,1,1,-1,1,1,1,1,-1,1,-1,-1,1,-1,1,1,1,-1,-1,-1,1,1,1,1,-1,-1,-1,1,1,1,1,-1,-1,-1,1,1,1,-1,-1,-1,1,1,1,1,-1,-1,1,1,1,1,1,-1,-1,-1,1,-1,1,1,-1,-1,1,1,1,1,1,-1,-1,-1,1,1,1,1,-1,-1,1,1,1,1,1,1,-1,-1,1,1,-1,1,1,-1,1,1,1,1,1,1,-1,1,1,1,1,1,1,-1,1,1,1,1,1,1,-1,-1,-1,1,1,1,1,-1,1,1,1,1,-1,1,-1,1,-1,1,1,1,-1,-1,1,1,1,1,1,-1,1,-1,-1,1,-1,1,-1,1,1,1,1,1,1,1,1,1,-1,1,-1,1,-1,1,1,-1,1,-1,1,1,-1,1,-1,1,-1,1,-1,1,1,-1,1,-1,1,1,1,1,-1,-1,1,1,-1,-1,1,-1,1,-1,1,1,-1,1,-1,1,-1,1,-1,1,1,-1,-1,-1,1,1,-1,1,-1,1,1,1,-1,1,-1,-1,1,-1,1,-1,1,1,1,-1,1,1,-1,1,-1,-1,-1,1,1,-1,1,-1,-1,-1,1,1,-1,-1,1,1,-1,-1,1,1,-1,1,1,-1,1,1,1,1,-1,1,-1,1,1,-1,1,-1,1,1,-1,1,1,1,1,1,-1,-1,1,-1,-1,-1,1,1,-1,1,1,1,-1,1,-1,-1,1,1,1,-1,1,-1,1,1,1,-1,-1,1,-1,1,1,1,-1,1,1,-1,-1,1,1,1,-1,1,-1,1,1,1,-1,1,1,-1,1,1,1,-1,1,-1,-1,1,1,1,-1,1,-1,-1,-1,1,1,-1,1,-1,-1,1,-1,1,-1,1,1,-1,-1,1,1,1,1,1,-1,-1,1,1,-1,1,-1,1,-1,-1,-1,-1,1,1,-1,-1,1,1,-1,1,1,-1,-1,1,1,1,1,1,-1,1,1,1,-1,1,-1,-1,-1,-1,1,1,1,1,-1,-1,1,-1,1,1,-1,-1,-1,-1,-1,1,-1,-1,-1,1,-1,1,1,1,1,1,1,1,-1,1,-1,1,-1,-1,1,-1,1,1,1,1,-1,1,-1,-1,1,1,-1,-1,1,-1,1,1,1,-1,-1,1,-1,-1,1,1,-1,1,1,-1,1,1,-1,-1,1,1,-1,1,-1,-1,-1,1,-1,1,1,-1,-1,-1,1,-1,-1,1,-1,-1,-1,1,-1,-1,1,1,-1,-1,1,-1,-1,1,-1,-1,-1,1,1,-1,1,1,-1,-1,1,1,-1,1,-1,1,-1,1,-1,-1,1,-1,-1,1,-1,1,-1,-1,1,-1,1,-1,1,-1,1,1,-1,-1,1,1,1,-1,1,-1,1,-1,-1,1,1,-1,-1,-1,1,-1,-1,-1,1,1,-1,1,-1,1,-1,1,-1,1,1,-1,1,1,1,-1,-1,1,-1,1,-1,1,1,-1,1,-1,-1,1,1,-1,-1,1,-1,-1,-1,1,-1,-1,1,-1,1,1,1,1,-1,1,-1,-1,1,1,-1,-1,1,-1,-1,-1,1,1,-1,-1,1,1,-1,1,-1,-1,1,1,1,-1,1,1,-1,-1,1,1,-1,1,-1,-1,1,1,1,1,-1,-1,-1,1,-1,1,1,1,1,-1,-1,1,1,1,-1,-1,-1,1,1,1,1,1,-1,-1,-1,1,1,1,-1,-1,-1,-1,1,1,1,1,-1,-1,1,1,1,1,1,-1,-1,-1,1,1,1,1,-1,-1,-1,1,1,-1,1,-1,-1,-1,1,1,1,1,-1,-1,1,1,1,1,1,-1,1,1,-1,1,1,-1,-1,-1,1,1,1,-1,1,-1,1,1,1,1,1,1,-1,-1,1,-1,1,-1,1,-1,-1,1,-1,1,-1,-1,-1,-1,1,-1,1,1,-1,-1,-1,1,1,1,-1,1,-1,-1,1,-1,1,-1,-1,-1,-1,1,1,-1,-1,-1,-1,-1,1,-1,1,-1,-1,-1,-1,-1,-1,-1,1,-1,-1,-1,1,-1,-1,1,-1,-1,-1,-1,-1,1,1,-1,-1,-1,-1,-1,1,-1,-1,-1,1,-1,-1,1,-1,1,-1,-1,-1,-1,-1,-1,-1,1,-1,-1,-1,1,1,-1,-1,-1,-1,1,-1,-1,-1,-1,1,-1,-1,1,1,1,-1,-1,-1,-1,1,-1,1,1,-1,1,-1,-1,1,1,-1,-1,-1,-1,-1,-1,1,1,-1,-1,1,-1,1,1,-1,-1,-1,1,-1,1,1,-1,-1,1,-1,-1,1,1,1,-1,1,-1,1,1,1,-1,-1,1,-1,-1,1,-1,1,-1,1,-1,-1,1,1,-1,1,1,-1,-1,1,1,-1,1,1,-1,-1,1,1,-1,1,1,-1,-1,1,1,1,1,1,1,-1,1,1,1,-1,1,-1,-1,1,-1,1,1,1,1,-1,-1,1,-1,1,1,1,-1,1,-1,1,1,-1,1,-1,1,1,1,1,1,1,1,-1,-1,1,1,1,-1,1,-1,1,1,1,1,1,-1,1,-1,1,1,-1,1,1,-1,1,1,-1,1,1,-1,-1,1,1,1,1,-1,1,-1,-1,1,1,-1,-1,1,-1,1,1,1,-1,1,-1,-1,-1,1,1,-1,-1,1,-1,-1,1,1,1,-1,1,-1,-1,1,1,1,-1,1,-1,-1,1,1,-1,-1,-1,1,-1,1,1,-1,1,1,-1,1,1,-1,-1,1,-1,-1,-1,1,1,-1,1,1,-1,1,1,-1,-1,1,-1,1,-1,-1,-1,-1,1,-1,-1,1,1,-1,1,1,-1,1,1,1,1,-1,1,-1,1,1,1,-1,-1,1,-1,-1,1,1,-1,1,1,-1,1,1,1,-1,-1,1,-1,1,1,1,1,-1,1,-1,-1,1,1,1,-1,1,1,-1,1,-1,1,-1,1,-1,-1,1,-2674.0,1,2000,445,500,False
148,1,1,-1,-1,1,-1,-1,-1,1,1,1,-1,1,1,1,1,-1,1,-1,-1,-1,-1,1,1,1,-1,-1,-1,1,1,1,1,-1,-1,-1,-1,1,-1,1,1,-1,-1,-1,1,1,1,1,-1,1,1,1,1,-1,1,-1,-1,1,-1,1,1,1,-1,-1,-1,1,1,1,1,-1,-1,-1,1,1,1,1,-1,-1,-1,1,1,1,-1,-1,-1,1,1,1,1,-1,-1,1,1,1,1,1,-1,-1,-1,1,-1,1,1,-1,-1,1,1,1,1,1,-1,-1,-1,1,-1,1,1,-1,-1,1,1,1,1,1,1,-1,-1,1,1,-1,1,1,-1,1,1,1,1,1,1,-1,1,1,1,1,1,1,-1,1,1,1,1,1,1,-1,-1,-1,1,1,1,1,-1,1,1,1,1,-1,1,-1,1,-1,1,1,1,-1,-1,1,1,1,1,1,-1,1,-1,-1,1,-1,1,-1,1,1,1,1,1,1,1,1,1,-1,1,-1,1,-1,1,1,-1,1,-1,1,1,-1,1,-1,1,-1,1,-1,1,1,-1,-1,-1,1,1,1,1,-1,-1,1,1,-1,-1,1,-1,1,-1,-1,1,-1,1,-1,1,-1,1,-1,-1,1,-1,-1,-1,1,1,-1,1,-1,1,1,1,-1,1,1,-1,1,-1,1,-1,1,-1,1,-1,1,1,-1,1,-1,-1,-1,1,1,-1,1,-1,-1,-1,1,1,-1,-1,1,1,-1,-1,1,1,-1,1,1,-1,1,1,1,1,-1,1,-1,1,1,-1,1,-1,1,1,-1,1,1,1,1,1,-1,-1,1,-1,-1,1,1,1,-1,1,1,1,-1,1,-1,-1,1,1,1,1,1,-1,1,1,1,-1,-1,1,-1,1,1,1,-1,1,1,-1,-1,1,1,1,-1,1,-1,1,1,1,-1,1,1,-1,1,1,1,-1,1,-1,-1,1,1,1,-1,1,-1,-1,-1,1,1,-1,1,-1,-1,1,-1,1,-1,1,1,-1,-1,1,1,1,1,1,-1,-1,1,1,-1,1,-1,1,-1,-1,-1,-1,1,1,-1,-1,1,1,-1,1,1,-1,-1,1,1,1,1,1,-1,1,1,1,-1,1,-1,-1,-1,-1,1,1,1,1,-1,-1,1,1,1,1,-1,-1,-1,-1,-1,1,-1,-1,-1,1,-1,1,1,1,1,1,1,1,-1,1,-1,1,-1,-1,1,-1,1,1,1,1,-1,1,-1,-1,1,1,-1,-1,1,-1,1,1,1,-1,-1,1,-1,-1,1,1,-1,1,1,-1,1,1,-1,-1,1,1,-1,1,-1,-1,-1,1,1,-1,1,-1,-1,1,1,-1,-1,1,-1,-1,-1,1,-1,-1,1,-1,-1,-1,1,-1,-1,1,-1,-1,-1,1,1,-1,1,-1,-1,-1,1,1,-1,-1,-1,1,-1,1,-1,-1,1,-1,-1,1,-1,1,-1,-1,1,-1,1,-1,1,-1,-1,1,-1,-1,1,1,1,-1,1,-1,1,-1,-1,1,1,-1,-1,-1,1,-1,-1,-1,1,1,-1,1,-1,1,-1,1,-1,1,1,-1,1,1,1,-1,-1,1,-1,1,-1,1,1,-1,1,-1,-1,1,1,-1,-1,1,-1,-1,-1,1,-1,-1,1,-1,1,1,1,1,-1,1,-1,-1,1,1,-1,-1,1,-1,-1,-1,1,1,-1,-1,1,1,-1,1,-1,-1,1,1,1,-1,1,1,-1,-1,1,1,-1,1,-1,-1,1,1,1,1,-1,1,-1,1,-1,1,1,1,1,-1,-1,1,1,1,-1,-1,-1,-1,1,1,1,1,-1,-1,-1,1,1,1,-1,-1,-1,-1,1,1,1,1,-1,-1,-1,1,1,1,1,-1,-1,1,1,1,1,1,-1,-1,-1,1,1,-1,1,-1,-1,-1,1,1,1,1,-1,-1,1,1,1,1,1,-1,1,1,-1,1,1,-1,-1,-1,1,1,1,-1,1,-1,1,1,1,1,1,1,-1,-1,1,-1,1,-1,1,-1,-1,1,-1,1,-1,-1,-1,-1,1,-1,1,1,-1,1,-1,1,1,1,-1,1,1,-1,1,-1,1,-1,-1,-1,-1,1,1,-1,-1,-1,-1,-1,1,-1,1,-1,-1,-1,-1,-1,-1,-1,1,-1,-1,-1,1,-1,-1,1,-1,-1,-1,-1,-1,-1,1,-1,-1,-1,-1,-1,1,-1,-1,-1,1,-1,-1,1,-1,1,-1,-1,-1,-1,-1,-1,-1,1,-1,-1,-1,1,1,-1,-1,-1,1,1,-1,-1,-1,-1,1,-1,-1,1,-1,1,-1,-1,-1,-1,1,-1,1,1,-1,1,-1,-1,1,1,-1,-1,-1,-1,-1,-1,1,1,-1,-1,1,-1,1,1,-1,-1,-1,1,-1,-1,1,-1,-1,1,-1,-1,1,1,1,-1,1,-1,1,1,1,-1,-1,1,-1,-1,1,-1,1,-1,1,-1,-1,1,1,-1,1,1,-1,-1,1,1,-1,1,1,-1,-1,1,1,-1,1,1,-1,-1,1,1,1,1,-1,1,-1,-1,1,1,1,1,-1,-1,1,-1,1,1,1,1,-1,-1,1,-1,1,1,1,-1,1,1,1,1,-1,1,-1,1,1,1,1,1,1,1,-1,1,1,1,1,-1,1,-1,1,1,1,1,1,-1,1,1,1,1,-1,1,1,-1,1,1,-1,1,1,-1,-1,1,1,1,1,-1,1,-1,1,1,1,-1,-1,1,-1,1,1,1,-1,1,-1,-1,-1,1,1,-1,-1,1,-1,-1,1,1,1,-1,1,-1,-1,1,1,1,-1,1,-1,-1,1,1,-1,-1,-1,1,-1,-1,1,-1,1,1,-1,1,1,-1,-1,1,-1,-1,-1,1,1,-1,1,1,-1,1,1,-1,-1,-1,-1,1,-1,-1,-1,-1,1,-1,-1,1,1,-1,1,1,-1,1,1,1,1,-1,1,-1,1,1,1,-1,-1,1,-1,-1,1,1,-1,-1,1,-1,1,1,1,-1,-1,1,-1,1,1,1,1,-1,1,-1,-1,1,1,1,-1,-1,1,-1,1,-1,1,-1,1,-1,-1,1,-2674.0,1,2000,445,500,False
149,1,1,-1,-1,1,1,-1,-1,1,1,1,-1,-1,1,1,1,-1,1,-1,-1,1,-1,1,1,1,-1,1,-1,1,1,1,1,1,1,-1,-1,1,1,1,1,-1,-1,-1,1,1,1,1,-1,1,1,1,1,-1,1,-1,-1,1,-1,1,1,-1,-1,1,-1,1,1,1,1,-1,-1,-1,1,1,1,1,-1,1,-1,1,1,1,-1,-1,1,1,1,1,1,-1,-1,-1,1,1,1,1,-1,1,1,1,-1,1,1,-1,-1,1,1,1,1,1,-1,-1,1,1,1,1,1,-1,-1,1,1,1,1,1,1,-1,1,1,1,-1,1,1,-1,1,1,1,1,1,1,-1,1,1,1,1,1,1,-1,-1,1,1,1,1,1,-1,1,-1,1,1,1,1,-1,1,1,1,1,-1,1,-1,1,-1,1,1,1,-1,-1,1,1,1,1,1,-1,1,-1,-1,1,-1,1,-1,1,1,1,1,1,1,1,1,1,-1,1,-1,1,-1,1,1,-1,1,-1,1,1,-1,1,-1,1,-1,1,-1,1,1,-1,1,-1,1,1,1,1,-1,-1,1,1,-1,-1,1,-1,1,-1,1,1,-1,1,-1,1,-1,1,-1,1,1,-1,1,-1,1,1,-1,1,-1,1,1,1,-1,1,1,-1,1,-1,1,-1,1,-1,1,-1,1,1,-1,1,-1,-1,-1,1,1,-1,1,-1,-1,-1,1,1,-1,-1,1,1,-1,-1,1,1,-1,1,1,-1,1,1,1,1,-1,1,-1,1,1,-1,1,-1,1,1,-1,1,1,1,1,1,-1,-1,1,-1,-1,-1,1,1,-1,1,1,1,-1,1,-1,-1,1,1,1,-1,1,-1,1,1,1,-1,-1,1,-1,1,1,1,-1,1,1,-1,-1,1,1,1,-1,1,-1,1,1,1,-1,1,1,-1,1,1,1,-1,1,-1,-1,1,1,1,-1,1,-1,-1,-1,1,1,-1,1,-1,-1,1,-1,1,-1,1,1,-1,-1,1,1,1,1,1,-1,-1,1,1,-1,1,-1,1,-1,-1,-1,-1,1,1,1,-1,1,1,-1,1,1,-1,-1,1,1,1,1,1,-1,1,1,1,-1,1,-1,-1,-1,-1,1,1,1,1,-1,-1,1,1,1,1,-1,-1,-1,-1,-1,1,-1,-1,-1,1,-1,1,1,1,1,1,1,1,-1,1,-1,1,-1,-1,1,-1,1,1,1,1,-1,1,-1,-1,1,1,-1,-1,1,-1,1,1,1,-1,-1,1,-1,-1,1,1,-1,1,1,-1,1,1,-1,-1,1,1,-1,1,-1,-1,-1,1,-1,-1,1,-1,-1,-1,1,-1,-1,1,-1,-1,-1,1,-1,-1,1,-1,-1,-1,1,-1,-1,1,-1,-1,-1,1,1,-1,1,1,-1,-1,1,1,-1,-1,1,1,-1,1,-1,-1,1,1,-1,1,-1,1,-1,-1,1,-1,1,-1,1,-1,-1,1,-1,-1,1,1,1,-1,1,-1,1,-1,-1,1,1,-1,-1,-1,1,-1,-1,-1,1,1,-1,1,-1,1,-1,1,-1,1,1,-1,1,1,1,-1,-1,1,-1,1,-1,1,1,-1,1,-1,-1,1,1,-1,-1,1,-1,-1,-1,1,-1,-1,1,-1,1,1,1,1,-1,1,-1,-1,1,1,-1,-1,1,-1,-1,-1,1,1,-1,-1,1,1,-1,1,-1,-1,1,1,1,-1,1,1,-1,-1,1,1,-1,1,-1,-1,-1,1,1,1,-1,-1,-1,1,-1,1,1,1,1,-1,-1,1,1,1,-1,-1,-1,1,1,1,1,1,-1,-1,-1,1,1,1,-1,-1,-1,-1,1,1,1,1,-1,-1,1,1,1,1,1,-1,-1,-1,1,1,1,1,-1,-1,-1,1,1,-1,1,-1,-1,-1,1,1,1,1,-1,-1,1,1,1,1,1,-1,1,1,-1,1,1,-1,-1,-1,1,1,1,-1,1,-1,1,1,1,1,1,1,-1,-1,1,-1,1,-1,1,-1,-1,1,-1,1,-1,-1,-1,-1,1,-1,1,1,-1,-1,-1,1,1,1,-1,1,-1,-1,1,-1,1,-1,-1,-1,-1,1,1,-1,-1,-1,-1,-1,1,-1,1,-1,-1,-1,-1,-1,-1,-1,1,-1,-1,-1,1,-1,-1,1,-1,-1,-1,-1,-1,1,1,-1,-1,-1,-1,-1,1,-1,-1,-1,1,-1,-1,1,-1,1,-1,-1,-1,-1,-1,-1,-1,1,-1,-1,-1,1,1,-1,-1,-1,-1,1,-1,-1,-1,-1,1,-1,-1,1,-1,1,-1,-1,-1,-1,1,-1,1,1,-1,1,-1,-1,1,1,-1,-1,-1,-1,-1,-1,1,1,-1,-1,1,-1,1,1,-1,-1,-1,1,-1,1,1,-1,-1,1,-1,-1,1,1,1,-1,1,-1,1,1,1,-1,-1,1,-1,-1,1,-1,1,-1,1,-1,-1,1,1,-1,1,1,-1,-1,1,1,1,1,1,-1,-1,1,1,1,1,1,-1,-1,1,1,1,1,1,1,-1,-1,1,1,-1,1,-1,-1,1,-1,1,1,1,1,-1,-1,1,-1,1,1,1,-1,1,1,1,1,-1,1,-1,1,1,1,1,1,1,1,-1,1,1,1,1,-1,1,-1,1,1,1,1,1,-1,1,1,1,1,-1,1,1,-1,1,1,-1,1,1,-1,-1,1,1,1,1,-1,1,-1,1,1,1,-1,-1,1,-1,1,-1,1,-1,1,-1,-1,-1,1,1,-1,-1,1,-1,-1,1,-1,1,-1,1,-1,-1,-1,1,1,-1,1,-1,-1,1,1,-1,-1,-1,1,-1,1,-1,-1,1,1,-1,1,1,-1,-1,1,-1,-1,-1,-1,1,-1,1,1,-1,1,-1,1,-1,1,-1,1,-1,-1,-1,-1,1,-1,-1,1,1,-1,1,1,-1,1,1,-1,-1,-1,1,-1,1,1,1,1,-1,1,-1,-1,-1,1,-1,-1,1,-1,1,1,1,-1,-1,1,-1,1,1,-1,-1,-1,1,-1,-1,1,1,-1,-1,-1,1,-1,1,-1,1,-1,1,-1,-1,1,-2674.0,1,2000,445,500,False
150,1,1,-1,-1,1,-1,-1,-1,1,1,1,-1,1,1,1,1,-1,1,-1,-1,-1,-1,1,1,1,-1,1,-1,1,1,1,1,1,-1,-1,-1,1,-1,1,1,-1,-1,-1,1,1,1,1,-1,1,1,1,1,-1,1,-1,-1,1,-1,1,1,1,-1,-1,-1,1,1,1,1,-1,-1,-1,1,1,1,1,-1,-1,-1,1,1,1,-1,-1,-1,1,1,1,1,-1,-1,-1,1,1,1,1,-1,-1,1,1,-1,1,1,-1,-1,1,1,1,1,1,-1,-1,-1,1,1,1,1,-1,-1,1,1,1,1,1,1,-1,-1,1,1,-1,1,1,-1,1,1,1,1,1,1,-1,1,1,1,1,1,1,-1,1,1,1,1,1,1,-1,-1,-1,1,1,1,1,-1,1,1,1,1,-1,1,-1,1,-1,1,1,1,-1,-1,1,1,1,1,1,-1,1,-1,-1,1,-1,1,-1,1,1,1,1,1,1,1,1,1,-1,1,-1,1,-1,1,1,-1,1,-1,1,1,-1,1,-1,1,-1,1,-1,1,1,-1,-1,-1,1,1,1,1,-1,-1,1,1,-1,-1,1,-1,1,-1,-1,1,-1,1,-1,1,-1,1,-1,1,1,-1,-1,-1,1,1,-1,1,-1,1,1,1,-1,1,1,-1,1,-1,1,-1,1,-1,1,-1,1,1,-1,1,-1,-1,-1,1,1,-1,1,-1,-1,-1,1,1,-1,-1,1,1,-1,-1,1,1,-1,1,1,-1,1,1,1,1,-1,1,-1,1,1,-1,1,-1,1,1,-1,1,1,1,1,1,-1,-1,1,-1,-1,-1,1,1,-1,1,1,1,-1,1,-1,-1,1,1,1,-1,1,-1,1,1,1,-1,-1,1,-1,1,1,1,-1,1,1,-1,-1,1,1,1,-1,1,-1,1,1,1,-1,1,1,-1,1,1,1,-1,1,-1,-1,1,1,1,-1,1,-1,-1,-1,1,1,-1,1,-1,-1,1,-1,1,-1,1,1,-1,-1,1,1,1,-1,1,-1,-1,1,1,-1,1,-1,1,-1,-1,-1,-1,1,1,-1,-1,1,1,-1,1,1,-1,-1,1,1,1,1,1,-1,1,1,1,-1,1,-1,-1,-1,-1,1,1,1,1,-1,-1,1,1,1,1,-1,-1,-1,-1,-1,1,-1,-1,-1,1,-1,1,1,-1,1,-1,1,1,-1,1,-1,1,-1,-1,1,-1,1,1,1,1,-1,1,-1,-1,1,1,-1,-1,1,-1,1,1,1,-1,-1,1,-1,-1,1,1,-1,1,1,-1,1,1,-1,-1,1,1,-1,1,-1,-1,-1,1,-1,-1,1,-1,-1,-1,1,-1,-1,1,-1,-1,-1,1,-1,-1,1,-1,-1,-1,1,-1,-1,1,-1,-1,-1,1,1,-1,1,1,-1,-1,1,1,-1,-1,1,1,-1,1,-1,-1,1,-1,-1,1,-1,1,-1,-1,1,-1,1,-1,1,-1,-1,1,-1,-1,1,1,1,-1,1,-1,1,-1,-1,1,1,-1,-1,-1,1,-1,-1,-1,1,1,-1,1,-1,1,-1,1,-1,1,1,-1,1,1,1,-1,-1,1,-1,1,-1,1,1,-1,1,-1,-1,1,1,-1,-1,1,-1,-1,-1,1,-1,-1,1,-1,1,1,1,1,-1,1,-1,-1,1,1,-1,-1,1,-1,-1,-1,1,1,-1,-1,1,1,-1,1,-1,-1,1,1,1,1,1,1,-1,-1,1,1,-1,1,-1,-1,1,1,1,1,-1,-1,-1,1,-1,1,1,1,-1,-1,-1,1,1,1,-1,-1,-1,-1,1,1,1,1,-1,-1,-1,1,1,1,-1,-1,-1,-1,1,1,1,1,-1,-1,-1,1,1,1,1,-1,-1,1,1,1,1,1,-1,-1,-1,1,1,-1,1,-1,-1,-1,1,1,1,1,-1,-1,1,1,1,1,1,-1,1,1,-1,1,1,-1,-1,-1,1,1,1,-1,1,-1,1,1,1,1,1,1,-1,-1,1,-1,1,-1,1,-1,-1,1,-1,1,1,-1,-1,-1,1,-1,1,1,-1,1,-1,1,1,1,-1,1,1,-1,1,-1,1,-1,-1,-1,-1,1,1,-1,-1,-1,-1,-1,1,-1,1,-1,-1,-1,-1,-1,-1,-1,1,-1,-1,-1,1,-1,-1,1,-1,-1,-1,-1,-1,1,1,-1,-1,-1,-1,-1,1,-1,-1,-1,1,-1,-1,1,-1,1,-1,-1,-1,-1,-1,-1,-1,1,-1,-1,-1,1,1,1,-1,-1,1,-1,-1,-1,-1,-1,1,-1,-1,1,1,1,-1,-1,-1,-1,1,-1,1,1,-1,1,-1,-1,1,1,-1,-1,-1,-1,-1,-1,1,1,-1,-1,1,-1,1,1,-1,-1,-1,1,-1,1,1,-1,-1,1,-1,-1,1,1,1,-1,1,-1,1,1,1,-1,-1,1,-1,-1,1,1,1,-1,1,-1,-1,1,1,-1,1,1,-1,-1,1,1,1,1,1,-1,-1,1,1,1,1,1,-1,-1,1,1,1,1,1,1,-1,-1,1,1,-1,1,-1,-1,1,-1,1,1,1,1,-1,-1,1,-1,1,1,1,-1,1,1,1,1,-1,1,-1,1,1,1,1,1,1,1,-1,1,1,1,1,-1,1,-1,1,1,1,1,1,-1,1,1,1,1,-1,1,1,-1,1,1,-1,1,1,-1,-1,1,1,1,1,-1,1,-1,1,1,1,-1,-1,1,-1,1,1,1,-1,1,-1,-1,-1,1,1,-1,-1,1,-1,-1,1,1,1,-1,1,-1,-1,1,1,1,-1,1,-1,-1,1,1,-1,-1,-1,1,-1,-1,1,-1,1,1,-1,1,1,-1,-1,1,1,-1,-1,1,1,-1,1,1,-1,1,1,-1,-1,1,-1,1,-1,-1,-1,-1,1,-1,-1,1,1,-1,1,1,-1,1,1,1,1,-1,1,-1,1,1,1,-1,-1,1,-1,-1,-1,1,-1,-1,1,-1,1,1,1,-1,-1,1,-1,1,1,1,1,-1,1,-1,-1,1,1,-1,-1,-1,1,-1,1,-1,1,-1,1,-1,-1,1,-2674.0,1,2000,445,1500,False
151,1,1,-1,-1,1,1,-1,-1,1,1,1,-1,1,1,1,1,-1,1,-1,-1,-1,-1,1,1,1,-1,1,-1,1,1,1,1,1,-1,-1,-1,1,1,1,1,-1,-1,-1,1,1,1,1,-1,1,1,1,1,-1,1,-1,-1,1,-1,1,1,1,-1,-1,-1,1,1,1,1,-1,-1,-1,1,1,1,1,-1,-1,-1,1,1,1,-1,-1,-1,1,1,1,1,-1,-1,1,1,1,1,1,-1,-1,-1,1,-1,1,1,-1,-1,1,1,1,1,1,-1,-1,-1,1,1,1,1,-1,-1,1,1,1,1,1,1,-1,-1,1,1,-1,1,1,-1,1,1,1,1,1,1,-1,1,1,1,1,1,1,-1,1,1,1,1,1,1,-1,-1,-1,1,1,1,1,-1,1,1,1,1,-1,1,-1,1,-1,1,1,1,-1,-1,1,1,1,1,1,-1,1,-1,-1,1,-1,1,-1,1,1,1,1,1,1,1,1,1,1,1,-1,1,-1,1,1,-1,1,-1,1,1,-1,1,-1,1,-1,1,-1,1,1,-1,-1,-1,1,1,1,1,-1,-1,1,1,-1,-1,1,-1,1,-1,-1,1,-1,1,-1,1,-1,1,-1,-1,1,-1,-1,-1,1,1,-1,1,-1,1,1,1,-1,1,1,-1,1,-1,1,-1,1,-1,1,-1,1,1,-1,1,-1,-1,-1,1,1,-1,1,-1,-1,-1,1,1,-1,-1,1,1,-1,-1,1,1,-1,1,1,-1,1,1,1,1,-1,1,-1,1,1,-1,1,-1,1,1,-1,1,1,1,1,1,-1,-1,1,-1,-1,1,1,1,-1,1,1,1,-1,1,-1,-1,1,1,1,1,1,-1,1,1,1,-1,-1,1,-1,1,1,1,-1,1,1,-1,-1,1,1,1,-1,1,-1,1,1,1,-1,1,1,-1,1,1,1,-1,1,-1,-1,1,1,1,-1,1,-1,-1,-1,1,1,-1,1,-1,-1,1,-1,1,-1,1,1,-1,-1,1,1,1,-1,1,-1,-1,1,1,-1,1,-1,1,-1,-1,-1,-1,1,1,-1,-1,1,1,-1,1,1,-1,-1,1,1,1,1,1,-1,1,1,1,-1,1,-1,-1,-1,-1,1,1,1,1,-1,-1,1,1,1,1,-1,-1,-1,-1,-1,1,-1,-1,-1,1,-1,1,1,1,1,-1,1,1,-1,1,-1,1,-1,-1,1,-1,1,1,1,1,-1,1,-1,-1,1,1,-1,-1,1,-1,1,1,1,-1,-1,1,-1,-1,1,1,-1,1,1,-1,1,1,-1,-1,1,1,-1,1,-1,-1,-1,1,-1,-1,1,-1,-1,-1,1,-1,-1,1,-1,-1,-1,1,-1,-1,1,-1,-1,-1,1,-1,-1,1,-1,-1,-1,1,1,-1,1,1,-1,-1,1,1,-1,-1,-1,1,-1,1,-1,-1,1,-1,-1,1,1,1,-1,-1,1,-1,1,-1,1,-1,-1,1,-1,-1,1,1,1,-1,1,-1,1,-1,1,-1,1,-1,-1,-1,1,-1,-1,-1,1,1,-1,1,-1,1,-1,1,-1,1,1,-1,1,1,1,-1,-1,1,-1,1,-1,1,1,-1,1,-1,-1,1,1,-1,-1,1,-1,-1,-1,1,-1,-1,1,-1,1,1,1,1,-1,1,-1,-1,1,1,-1,-1,1,-1,-1,-1,1,1,-1,-1,1,1,-1,1,-1,-1,1,1,1,1,1,1,-1,-1,1,1,-1,1,-1,-1,1,1,1,1,-1,-1,-1,1,-1,1,1,1,-1,-1,-1,1,1,1,-1,-1,-1,-1,1,1,1,1,-1,-1,-1,1,1,1,-1,-1,-1,-1,1,1,1,1,-1,-1,-1,1,1,1,1,-1,-1,1,1,1,1,1,-1,-1,-1,1,1,-1,1,-1,-1,-1,1,1,1,1,-1,-1,1,1,1,1,1,-1,1,1,-1,1,1,-1,-1,-1,1,1,1,-1,1,-1,1,1,1,1,1,1,-1,-1,1,-1,1,-1,1,-1,-1,1,-1,1,-1,-1,-1,-1,1,-1,1,1,-1,-1,-1,1,1,1,-1,1,-1,-1,1,-1,1,-1,-1,-1,-1,1,1,-1,-1,-1,-1,-1,1,-1,1,-1,-1,-1,-1,-1,-1,-1,1,-1,-1,-1,1,-1,-1,1,-1,-1,-1,-1,-1,-1,1,-1,-1,-1,-1,-1,1,-1,-1,-1,1,-1,-1,1,-1,1,-1,-1,-1,-1,-1,-1,-1,1,-1,-1,-1,1,1,-1,-1,-1,1,1,-1,-1,-1,-1,1,-1,-1,1,1,1,-1,-1,-1,-1,1,-1,1,1,-1,1,-1,-1,1,1,-1,-1,-1,-1,-1,-1,1,1,-1,-1,1,-1,1,1,-1,-1,-1,1,-1,-1,1,-1,-1,1,-1,-1,1,1,1,-1,1,-1,1,1,1,-1,-1,1,-1,-1,1,1,1,-1,1,-1,-1,1,1,-1,1,1,-1,-1,1,1,-1,1,1,-1,-1,1,1,1,1,1,-1,-1,1,1,1,1,-1,1,-1,-1,1,1,-1,1,-1,-1,1,-1,1,1,1,1,-1,-1,1,-1,1,1,1,-1,1,1,1,1,-1,1,-1,1,1,1,1,1,1,1,-1,1,1,1,1,-1,1,-1,1,1,1,1,1,-1,1,1,1,1,-1,1,1,-1,1,1,-1,1,1,-1,-1,1,1,1,1,-1,1,-1,1,1,1,-1,-1,1,-1,1,1,1,-1,1,-1,-1,-1,1,1,-1,-1,1,-1,-1,1,1,1,-1,1,-1,-1,-1,1,1,-1,-1,-1,-1,1,1,-1,-1,-1,1,-1,-1,1,-1,1,1,-1,1,1,-1,-1,1,1,-1,-1,1,1,-1,1,1,-1,1,1,-1,-1,-1,-1,1,-1,-1,-1,-1,1,-1,-1,1,1,-1,1,1,-1,1,1,1,1,-1,1,-1,1,1,1,-1,-1,1,-1,-1,1,1,-1,-1,1,-1,1,1,1,-1,-1,1,-1,1,1,1,1,-1,1,-1,-1,1,1,1,-1,-1,1,-1,1,1,1,-1,1,-1,-1,1,-2674.0,1,2000,445,1000,False
152,1,1,-1,-1,1,1,-1,-1,1,1,1,-1,1,1,1,1,-1,1,-1,-1,-1,-1,1,1,1,-1,-1,-1,1,1,1,1,-1,-1,-1,-1,1,-1,1,1,-1,-1,-1,1,1,1,1,-1,1,1,1,1,-1,1,-1,-1,1,-1,1,1,1,-1,-1,-1,1,1,1,1,-1,-1,-1,1,1,1,1,-1,-1,-1,1,1,1,-1,-1,-1,1,1,1,1,-1,-1,-1,1,1,1,1,-1,-1,1,1,-1,1,1,-1,-1,1,1,1,1,1,-1,-1,1,1,-1,1,1,-1,-1,1,1,1,1,1,1,-1,-1,1,1,-1,1,1,-1,1,1,1,1,1,1,-1,-1,1,1,1,1,1,-1,1,1,1,1,1,1,-1,-1,-1,1,1,1,1,-1,1,1,1,1,-1,1,-1,1,-1,1,1,1,-1,-1,1,1,1,1,1,-1,1,-1,-1,1,-1,1,-1,1,1,1,1,1,1,1,1,1,-1,1,-1,1,-1,1,1,-1,1,-1,1,1,-1,1,-1,1,-1,1,-1,1,1,-1,1,-1,1,1,1,1,-1,-1,1,1,-1,-1,1,-1,1,-1,-1,1,-1,1,-1,1,-1,1,-1,1,1,-1,-1,-1,1,1,-1,1,-1,1,1,1,-1,1,1,-1,1,-1,1,-1,1,-1,1,-1,1,1,-1,1,-1,-1,-1,1,1,-1,1,-1,-1,-1,1,1,-1,-1,1,1,-1,-1,1,1,-1,1,1,-1,1,1,1,1,-1,1,-1,1,1,-1,1,-1,1,1,-1,1,1,1,1,1,-1,-1,1,-1,-1,1,1,1,-1,1,1,1,-1,1,-1,-1,1,1,1,1,1,-1,1,1,1,-1,-1,1,-1,1,1,1,-1,1,1,-1,-1,1,1,1,-1,1,-1,1,1,1,-1,1,1,-1,1,1,1,-1,1,-1,-1,1,1,1,-1,1,-1,-1,-1,1,1,-1,1,-1,-1,1,-1,1,-1,1,1,-1,-1,1,1,1,-1,1,-1,-1,1,1,-1,1,-1,1,-1,-1,-1,-1,1,1,-1,-1,1,1,-1,1,1,-1,-1,1,1,1,1,1,-1,1,1,1,-1,1,-1,-1,-1,-1,1,1,1,1,-1,-1,1,1,1,1,-1,-1,-1,-1,-1,1,-1,-1,-1,1,-1,1,1,1,1,-1,1,1,-1,1,-1,1,-1,-1,1,-1,1,1,1,-1,1,1,-1,-1,1,1,-1,-1,1,-1,1,1,-1,1,-1,1,-1,-1,1,1,-1,1,1,-1,1,1,1,-1,1,1,-1,1,-1,-1,-1,1,-1,1,1,-1,-1,-1,1,-1,-1,1,-1,1,-1,1,-1,-1,1,1,-1,-1,1,-1,-1,1,-1,-1,-1,1,1,-1,1,1,-1,-1,1,1,-1,1,-1,1,-1,1,-1,-1,1,-1,-1,1,-1,1,-1,-1,1,-1,1,-1,1,-1,1,1,-1,-1,1,1,1,-1,1,-1,1,-1,1,-1,1,-1,-1,-1,1,-1,-1,-1,1,1,-1,1,-1,1,-1,1,-1,1,1,-1,1,1,1,-1,-1,1,-1,1,-1,1,1,-1,1,-1,-1,1,1,-1,-1,1,-1,-1,-1,1,-1,-1,1,-1,1,1,1,1,-1,1,-1,-1,1,1,-1,-1,1,-1,-1,-1,1,1,-1,-1,1,1,-1,-1,-1,-1,1,1,1,1,1,1,-1,-1,1,1,1,-1,-1,-1,1,1,1,1,-1,1,-1,1,-1,1,-1,1,1,-1,-1,1,1,1,-1,-1,-1,-1,1,1,1,1,-1,-1,-1,1,1,1,-1,-1,-1,-1,1,1,1,1,-1,-1,1,1,1,1,1,-1,-1,-1,1,1,1,1,-1,-1,-1,1,1,-1,1,-1,-1,-1,1,1,1,1,-1,-1,1,1,1,1,1,-1,1,1,-1,1,1,-1,-1,-1,1,1,1,1,1,-1,1,1,1,1,1,1,-1,-1,1,-1,1,-1,1,-1,-1,1,-1,1,-1,-1,-1,-1,1,-1,1,1,-1,1,-1,1,1,1,-1,1,1,-1,1,-1,1,-1,-1,-1,-1,1,1,-1,-1,-1,-1,-1,1,-1,1,-1,-1,-1,-1,-1,-1,-1,1,-1,-1,-1,1,-1,-1,1,-1,-1,-1,-1,-1,-1,1,-1,-1,-1,-1,-1,1,-1,-1,-1,1,-1,-1,1,-1,1,-1,-1,-1,-1,-1,-1,-1,1,-1,-1,-1,1,1,-1,-1,-1,1,-1,-1,-1,-1,-1,1,-1,-1,1,-1,1,-1,-1,-1,-1,1,-1,1,1,-1,1,-1,-1,1,1,-1,-1,-1,-1,-1,-1,1,1,-1,-1,1,-1,1,1,-1,-1,-1,1,-1,1,1,-1,-1,1,-1,-1,1,1,1,-1,1,-1,1,1,1,-1,-1,1,-1,-1,1,1,1,-1,1,-1,-1,1,1,-1,1,1,-1,-1,1,1,-1,1,1,-1,-1,1,1,-1,1,1,-1,-1,1,1,1,1,1,1,-1,-1,1,1,1,1,-1,-1,1,-1,1,1,1,1,-1,-1,1,-1,1,1,1,-1,1,-1,1,1,-1,1,-1,1,1,1,1,1,1,1,-1,-1,1,1,1,-1,1,-1,1,1,1,1,1,-1,1,-1,1,1,-1,1,1,-1,1,1,-1,1,1,-1,-1,1,1,1,1,-1,1,-1,-1,1,1,-1,-1,1,-1,1,1,1,-1,1,-1,-1,-1,1,1,-1,-1,1,-1,-1,1,1,-1,-1,1,-1,-1,1,1,1,-1,-1,-1,-1,1,1,-1,-1,-1,1,-1,1,1,-1,1,1,-1,1,1,-1,-1,1,-1,-1,-1,1,1,-1,1,1,-1,1,1,-1,-1,1,-1,1,-1,-1,-1,-1,1,-1,-1,1,1,-1,1,1,-1,1,1,1,1,-1,1,-1,1,1,1,1,-1,1,-1,-1,1,1,1,-1,1,-1,1,1,1,1,-1,1,-1,1,1,1,-1,-1,1,-1,-1,1,1,-1,-1,-1,1,-1,1,-1,1,-1,1,-1,-1,1,-2674.0,1,2000,445,500,False
153,1,1,-1,-1,1,-1,-1,-1,1,1,1,-1,1,1,1,1,-1,1,1,-1,-1,-1,1,1,1,1,-1,-1,1,1,1,1,-1,-1,-1,-1,1,-1,1,1,-1,-1,-1,1,1,1,1,-1,1,1,1,1,-1,1,-1,-1,1,-1,1,1,1,-1,-1,-1,1,1,1,1,-1,-1,-1,1,1,1,1,-1,-1,-1,1,1,1,-1,-1,-1,1,1,1,1,-1,-1,-1,1,1,1,1,-1,-1,1,1,-1,1,1,-1,-1,1,1,1,1,1,-1,-1,1,1,-1,1,1,-1,-1,1,1,1,1,1,1,-1,-1,1,1,-1,1,1,-1,1,1,1,1,1,1,-1,-1,1,1,1,1,1,-1,1,1,1,1,1,1,-1,-1,-1,1,1,1,1,-1,1,1,1,1,-1,1,-1,1,-1,1,1,1,-1,-1,1,1,1,1,1,-1,1,-1,-1,1,-1,1,-1,1,1,1,1,1,1,1,1,1,-1,1,-1,1,-1,1,1,-1,1,-1,1,1,-1,1,-1,1,-1,1,-1,1,1,-1,-1,-1,1,1,1,1,-1,-1,1,1,-1,-1,1,-1,1,-1,1,1,-1,1,-1,1,-1,1,-1,-1,1,-1,-1,-1,1,1,-1,1,-1,1,1,1,-1,1,1,-1,1,-1,1,-1,1,-1,1,-1,1,1,-1,1,-1,-1,-1,1,1,-1,1,-1,-1,-1,1,1,-1,-1,1,1,-1,-1,1,1,-1,1,1,-1,1,1,1,1,-1,1,-1,1,1,-1,1,-1,1,1,-1,1,1,1,1,1,-1,-1,1,-1,-1,-1,1,1,-1,1,1,1,-1,1,-1,-1,1,1,1,-1,1,-1,1,1,1,-1,-1,1,-1,1,1,1,-1,1,1,-1,-1,1,1,1,-1,1,-1,1,1,1,-1,1,1,-1,1,1,1,-1,1,-1,-1,1,1,1,-1,1,-1,-1,-1,1,1,-1,1,-1,-1,1,-1,1,-1,1,1,-1,-1,1,1,1,-1,1,-1,-1,1,1,-1,1,-1,1,-1,-1,-1,-1,1,1,-1,-1,1,1,-1,1,1,-1,-1,1,1,1,1,1,-1,1,1,1,-1,1,-1,-1,-1,-1,1,1,1,1,-1,-1,1,-1,1,1,-1,-1,-1,-1,-1,1,-1,-1,-1,1,-1,1,1,1,1,-1,1,1,-1,1,-1,1,-1,-1,1,-1,1,1,1,1,-1,1,-1,-1,1,1,-1,-1,1,-1,1,1,1,-1,-1,1,-1,-1,1,1,-1,1,1,-1,1,1,-1,-1,1,1,-1,1,-1,-1,-1,1,-1,1,1,-1,-1,-1,1,-1,-1,1,-1,-1,-1,1,-1,-1,1,1,-1,-1,1,-1,-1,1,-1,-1,-1,1,1,-1,1,-1,-1,-1,1,1,-1,1,-1,1,-1,1,-1,-1,1,-1,-1,1,-1,1,-1,-1,1,-1,1,-1,1,-1,1,1,-1,-1,1,1,1,-1,1,-1,1,-1,-1,1,1,-1,-1,-1,1,-1,-1,-1,1,1,-1,1,-1,1,-1,1,-1,1,1,-1,1,1,1,-1,-1,1,-1,1,-1,1,1,-1,1,-1,-1,1,1,-1,-1,1,-1,-1,-1,1,-1,-1,1,-1,1,1,1,1,-1,1,-1,-1,1,1,-1,-1,1,-1,-1,-1,1,1,-1,-1,1,1,-1,-1,-1,-1,1,1,1,1,1,1,-1,-1,1,1,-1,1,-1,-1,1,1,1,1,-1,1,-1,1,-1,1,1,1,1,-1,-1,1,1,1,-1,-1,-1,-1,1,1,1,1,-1,-1,-1,1,1,1,-1,-1,-1,-1,1,1,1,1,-1,-1,-1,1,1,1,1,-1,-1,1,1,1,1,1,-1,-1,-1,1,1,-1,1,-1,-1,-1,1,1,1,1,-1,-1,1,1,1,1,1,-1,1,1,-1,1,1,-1,-1,-1,1,1,1,-1,1,-1,1,1,1,1,1,1,-1,-1,1,-1,1,-1,1,-1,-1,1,-1,1,1,-1,-1,-1,1,-1,1,1,-1,1,-1,1,1,1,-1,1,1,-1,1,-1,1,-1,-1,-1,-1,1,1,-1,-1,-1,-1,-1,1,-1,1,-1,-1,-1,-1,-1,-1,-1,1,-1,-1,-1,1,-1,-1,1,-1,-1,-1,-1,-1,-1,1,-1,-1,-1,-1,-1,1,-1,-1,-1,1,-1,-1,1,-1,1,-1,-1,-1,-1,-1,-1,-1,1,-1,-1,-1,1,1,-1,-1,-1,-1,1,-1,-1,-1,-1,1,-1,-1,1,-1,1,-1,-1,-1,-1,1,-1,1,1,-1,1,-1,-1,1,1,-1,-1,-1,-1,-1,-1,1,1,-1,-1,1,-1,1,1,-1,-1,-1,1,-1,1,1,-1,-1,1,-1,-1,1,1,1,-1,1,-1,1,1,1,-1,-1,1,-1,-1,1,-1,1,-1,1,-1,-1,1,1,-1,1,1,-1,-1,1,1,-1,1,1,-1,-1,1,1,-1,1,1,-1,-1,1,1,1,1,-1,1,-1,1,1,-1,1,1,-1,-1,1,-1,1,1,1,1,-1,-1,1,-1,1,1,1,-1,1,-1,1,1,-1,1,-1,1,1,1,1,1,1,1,-1,-1,1,1,1,-1,1,-1,1,1,1,1,1,-1,1,-1,1,1,-1,1,1,-1,-1,1,-1,1,1,-1,-1,1,1,1,1,-1,1,-1,-1,1,1,-1,-1,1,-1,1,1,1,-1,1,-1,-1,-1,1,1,-1,-1,1,-1,-1,1,1,1,-1,1,-1,-1,1,1,1,-1,1,-1,-1,1,1,-1,-1,-1,1,-1,-1,1,-1,1,1,-1,1,1,-1,-1,1,-1,-1,-1,1,1,-1,1,1,-1,1,1,-1,-1,1,-1,1,-1,-1,-1,-1,1,-1,-1,1,1,-1,1,1,-1,1,1,1,1,-1,1,-1,1,1,1,1,-1,1,-1,-1,1,1,1,-1,1,-1,1,1,1,1,-1,1,-1,1,1,1,-1,-1,1,-1,-1,1,1,-1,-1,-1,1,-1,1,-1,1,-1,1,-1,-1,1,-2674.0,1,2000,445,500,False
154,1,1,-1,-1,1,-1,-1,-1,1,1,1,-1,1,1,1,1,-1,1,-1,-1,1,-1,1,1,1,-1,-1,-1,1,1,1,1,-1,-1,-1,-1,1,1,1,1,-1,-1,-1,1,1,1,1,-1,1,1,1,1,-1,1,-1,-1,1,-1,1,1,1,-1,-1,-1,1,1,1,1,-1,-1,-1,1,1,1,1,-1,-1,-1,1,1,1,-1,-1,-1,1,1,1,1,-1,-1,-1,1,1,1,1,-1,-1,1,1,-1,1,1,-1,-1,1,1,1,1,1,-1,-1,1,1,1,1,1,-1,-1,1,1,1,1,1,1,-1,1,1,1,-1,1,1,-1,1,1,1,1,1,1,-1,-1,1,1,1,1,1,-1,1,1,1,1,1,1,-1,-1,-1,1,1,1,1,-1,1,1,1,1,-1,1,-1,1,-1,1,1,1,-1,-1,1,1,1,1,1,-1,1,-1,-1,1,-1,1,-1,1,1,1,1,1,1,1,1,1,-1,1,-1,1,-1,1,1,-1,1,-1,1,1,-1,1,-1,1,-1,1,-1,1,1,-1,-1,-1,1,1,1,1,-1,-1,1,1,-1,-1,1,-1,1,-1,1,1,-1,1,-1,1,-1,1,-1,-1,1,-1,-1,-1,1,1,-1,1,-1,1,1,1,-1,1,1,-1,1,-1,1,-1,1,-1,1,-1,1,1,-1,1,-1,-1,-1,1,1,-1,1,-1,-1,-1,1,1,-1,-1,1,1,-1,-1,1,1,-1,1,1,-1,1,1,1,1,-1,1,-1,1,1,-1,1,-1,1,1,-1,1,1,1,1,1,-1,-1,1,-1,-1,1,1,1,-1,1,1,1,-1,1,-1,-1,1,1,1,-1,1,-1,1,1,1,-1,-1,1,-1,1,1,1,-1,1,1,-1,-1,1,1,1,-1,1,-1,1,1,1,-1,1,1,-1,1,1,1,-1,1,-1,-1,1,1,1,-1,1,-1,-1,-1,1,1,-1,1,-1,-1,1,-1,1,-1,1,1,-1,-1,1,1,1,1,1,-1,-1,1,1,-1,1,-1,1,-1,-1,-1,-1,1,1,-1,-1,1,1,-1,1,1,-1,-1,1,1,1,1,1,-1,1,1,1,-1,1,-1,-1,-1,-1,1,1,1,1,-1,-1,1,1,1,1,-1,-1,-1,-1,-1,1,-1,-1,-1,1,-1,1,1,1,1,-1,1,1,-1,1,-1,1,-1,-1,1,-1,1,1,1,-1,1,1,-1,-1,1,1,-1,-1,1,-1,1,1,1,-1,-1,1,-1,-1,1,1,-1,1,1,-1,1,1,1,-1,1,1,-1,1,-1,-1,-1,1,1,-1,1,-1,-1,-1,1,-1,-1,1,-1,1,-1,1,-1,-1,1,-1,-1,-1,1,-1,-1,1,-1,-1,-1,1,1,-1,1,1,-1,-1,1,1,-1,-1,1,1,-1,1,-1,-1,1,-1,-1,1,-1,1,-1,-1,1,-1,1,-1,1,-1,-1,1,-1,-1,1,1,1,-1,1,-1,1,-1,-1,1,1,-1,-1,-1,1,-1,-1,-1,1,1,-1,1,-1,1,-1,1,-1,1,1,-1,1,1,1,-1,-1,1,-1,1,-1,1,1,-1,1,-1,-1,1,1,-1,-1,1,-1,-1,-1,1,-1,-1,1,-1,1,1,1,1,-1,1,-1,-1,1,1,-1,-1,1,-1,-1,-1,1,1,-1,-1,1,1,-1,-1,-1,-1,1,1,1,1,1,1,-1,-1,1,1,1,-1,-1,-1,1,1,1,1,-1,-1,-1,1,-1,1,-1,1,-1,-1,-1,1,1,1,-1,-1,-1,-1,1,1,1,1,-1,-1,-1,1,1,1,-1,-1,-1,-1,1,1,1,1,-1,-1,-1,1,1,1,1,-1,-1,1,1,1,1,1,-1,-1,-1,1,1,-1,1,-1,-1,-1,1,1,1,1,-1,-1,1,1,1,1,1,-1,1,1,-1,1,1,-1,-1,-1,1,1,1,1,1,-1,1,1,1,1,1,1,-1,-1,1,-1,1,-1,1,-1,-1,1,-1,1,-1,-1,-1,-1,1,-1,1,1,-1,-1,-1,1,1,1,-1,1,-1,-1,1,-1,1,-1,-1,-1,-1,1,1,-1,-1,-1,-1,-1,1,-1,1,-1,-1,-1,-1,-1,-1,-1,1,-1,-1,-1,1,-1,-1,1,-1,-1,-1,-1,-1,-1,1,-1,-1,-1,-1,-1,1,-1,-1,-1,1,-1,-1,1,-1,1,-1,-1,-1,-1,-1,-1,-1,1,-1,-1,-1,1,1,1,-1,-1,-1,1,-1,-1,-1,-1,1,-1,-1,1,-1,1,-1,-1,-1,-1,1,-1,1,1,-1,1,-1,-1,1,1,-1,-1,-1,-1,-1,-1,1,1,-1,-1,1,-1,1,1,-1,-1,-1,1,-1,1,1,-1,-1,1,-1,-1,1,1,1,-1,1,-1,1,1,1,-1,-1,1,-1,-1,1,-1,1,-1,1,-1,-1,1,1,-1,1,1,-1,-1,1,1,-1,1,1,-1,-1,1,1,-1,1,1,-1,-1,1,1,1,1,-1,1,-1,-1,1,1,-1,1,-1,-1,1,-1,1,1,1,1,-1,-1,1,-1,1,1,1,-1,1,1,1,1,-1,1,-1,1,1,1,1,1,1,1,-1,1,1,1,1,-1,1,-1,1,1,1,1,1,-1,1,1,1,1,-1,1,1,-1,1,1,-1,1,1,-1,-1,1,1,1,1,-1,1,-1,1,1,1,-1,-1,1,-1,1,1,1,-1,1,-1,-1,-1,1,1,-1,-1,1,-1,-1,1,1,-1,-1,1,-1,-1,1,1,1,-1,1,-1,-1,1,1,-1,-1,-1,1,-1,-1,1,-1,1,1,-1,1,1,-1,-1,1,-1,-1,-1,1,1,-1,1,1,-1,1,1,-1,-1,1,-1,1,-1,-1,-1,-1,1,-1,-1,1,1,-1,1,1,-1,1,1,1,1,-1,1,-1,1,1,1,1,-1,1,-1,-1,-1,1,1,-1,1,-1,1,1,1,1,-1,1,-1,1,1,-1,-1,-1,1,-1,-1,1,1,-1,-1,-1,1,-1,1,-1,1,-1,1,-1,-1,1,-2674.0,1,2000,445,500,False
155,1,1,-1,-1,1,-1,-1,-1,1,1,1,-1,1,1,1,1,-1,1,-1,-1,1,-1,1,1,1,-1,-1,-1,1,1,1,1,1,-1,-1,-1,1,1,1,1,-1,-1,-1,1,1,1,1,-1,1,1,1,1,-1,1,-1,-1,1,-1,1,1,-1,-1,-1,-1,1,1,1,1,-1,-1,-1,1,1,1,1,-1,-1,-1,1,1,1,-1,-1,-1,1,1,1,1,-1,-1,-1,1,1,1,1,-1,-1,1,1,-1,1,1,-1,-1,1,1,1,1,1,-1,-1,1,1,-1,1,1,-1,-1,1,1,1,1,1,1,-1,1,1,1,-1,1,1,-1,1,1,1,1,1,1,-1,-1,1,1,1,1,1,-1,1,1,1,1,1,1,-1,-1,-1,1,1,1,1,-1,1,1,1,1,-1,1,-1,1,-1,1,1,1,-1,-1,1,1,1,1,1,-1,1,-1,-1,1,-1,1,-1,1,1,1,1,1,1,1,1,1,1,1,-1,1,-1,1,1,-1,1,-1,1,1,-1,1,-1,1,-1,1,-1,1,1,-1,1,-1,1,1,1,1,-1,-1,1,1,-1,-1,1,-1,1,-1,-1,1,-1,1,-1,1,-1,1,-1,1,1,-1,-1,-1,1,1,-1,1,-1,1,1,1,-1,1,1,-1,-1,-1,1,-1,1,-1,1,-1,1,1,-1,1,-1,-1,-1,1,1,-1,1,-1,-1,-1,1,1,-1,-1,1,1,-1,-1,1,1,-1,1,1,-1,1,1,1,1,-1,1,-1,1,1,-1,1,-1,1,1,-1,1,1,1,1,1,-1,-1,1,-1,-1,-1,1,1,-1,1,1,1,-1,1,-1,-1,1,1,1,1,1,-1,1,1,1,-1,-1,1,-1,1,1,1,-1,1,1,-1,-1,1,1,1,-1,1,-1,1,1,1,-1,1,1,-1,1,1,1,-1,1,-1,-1,1,1,1,-1,1,-1,-1,-1,1,1,-1,1,-1,-1,1,-1,1,-1,1,1,-1,-1,1,1,1,1,1,-1,-1,1,1,-1,1,-1,1,-1,-1,-1,-1,1,1,-1,-1,1,1,-1,1,1,-1,-1,1,1,1,1,1,-1,1,1,1,-1,1,-1,-1,-1,-1,1,1,1,1,-1,-1,1,1,1,1,-1,-1,-1,-1,-1,1,-1,-1,-1,1,-1,1,1,1,1,-1,1,1,-1,1,-1,1,-1,-1,1,-1,1,1,1,-1,1,1,-1,-1,1,1,-1,-1,1,-1,1,1,1,1,-1,1,-1,-1,1,1,-1,1,1,-1,1,1,1,-1,1,1,-1,1,-1,-1,-1,1,-1,-1,1,-1,-1,-1,1,-1,-1,1,-1,1,-1,1,-1,-1,1,-1,-1,-1,1,-1,-1,1,-1,-1,-1,1,1,-1,1,1,-1,-1,1,1,-1,-1,1,1,-1,1,-1,-1,1,1,-1,1,1,1,-1,-1,1,-1,1,-1,1,-1,-1,1,-1,-1,1,1,1,-1,1,-1,1,-1,1,1,1,-1,-1,-1,1,-1,-1,-1,1,1,-1,1,-1,1,-1,1,-1,1,1,-1,1,1,1,-1,-1,1,-1,1,-1,1,1,-1,1,-1,-1,1,1,-1,-1,1,-1,-1,-1,1,-1,-1,1,-1,1,1,1,1,-1,1,-1,-1,1,1,-1,-1,1,-1,-1,-1,1,1,-1,-1,1,1,-1,-1,-1,-1,1,1,1,1,1,1,-1,-1,1,1,1,-1,-1,-1,1,1,1,1,-1,1,-1,1,-1,1,-1,1,1,-1,-1,1,1,1,-1,-1,-1,1,1,1,1,1,-1,-1,-1,1,1,1,-1,-1,-1,-1,1,1,1,1,-1,-1,1,1,1,1,1,-1,-1,-1,1,1,1,1,-1,-1,-1,1,1,-1,1,-1,-1,-1,1,1,1,1,-1,-1,1,1,1,1,1,-1,1,1,-1,1,1,-1,-1,-1,1,1,1,1,1,-1,1,1,1,1,1,1,-1,-1,1,-1,1,-1,1,-1,-1,1,-1,1,-1,-1,-1,-1,1,-1,1,1,-1,-1,-1,1,1,1,-1,1,-1,-1,1,-1,1,-1,-1,-1,-1,1,1,-1,-1,-1,-1,-1,1,-1,1,-1,-1,-1,-1,-1,-1,-1,1,-1,-1,-1,1,-1,-1,1,-1,-1,-1,-1,-1,1,1,-1,-1,-1,-1,-1,1,-1,-1,-1,1,-1,-1,1,-1,1,-1,-1,-1,-1,-1,-1,-1,1,-1,-1,-1,1,1,-1,-1,-1,1,1,-1,-1,-1,-1,1,-1,-1,1,-1,1,-1,-1,-1,-1,1,-1,1,1,-1,1,-1,-1,1,1,-1,-1,-1,-1,-1,-1,1,1,-1,-1,1,-1,1,1,-1,-1,-1,1,-1,1,1,-1,-1,1,-1,-1,1,1,1,-1,1,-1,1,1,1,-1,-1,1,-1,-1,1,1,1,-1,1,-1,-1,1,1,-1,1,1,-1,-1,1,1,1,1,1,-1,-1,1,1,1,1,1,-1,-1,1,1,1,1,1,1,-1,-1,1,1,1,1,-1,-1,1,-1,1,1,1,1,-1,-1,1,-1,1,1,1,-1,1,1,1,1,-1,1,-1,1,1,1,1,1,1,1,-1,1,1,1,1,-1,1,-1,1,1,1,1,1,-1,1,1,1,1,-1,1,1,-1,1,1,-1,1,1,-1,-1,1,1,1,1,-1,1,-1,1,1,1,-1,-1,1,-1,1,1,1,-1,1,-1,-1,-1,1,1,-1,-1,1,-1,-1,1,1,1,-1,1,-1,-1,1,1,1,-1,1,-1,-1,1,1,-1,-1,-1,1,-1,-1,1,-1,1,1,-1,1,1,-1,-1,1,-1,-1,-1,1,1,-1,1,1,-1,1,1,-1,-1,1,-1,1,-1,-1,-1,-1,1,-1,-1,1,1,-1,1,1,-1,1,1,1,1,-1,1,-1,1,1,1,1,-1,1,-1,-1,-1,1,1,-1,1,-1,1,1,1,1,-1,1,-1,1,1,-1,-1,-1,1,-1,-1,1,1,-1,-1,-1,1,-1,1,-1,1,-1,1,-1,-1,1,-2674.0,1,2000,445,500,False
156,1,1,-1,-1,1,-1,-1,-1,1,1,1,-1,1,1,1,1,-1,1,-1,-1,-1,-1,1,1,1,-1,-1,-1,1,1,1,1,-1,-1,-1,-1,1,1,1,1,-1,-1,-1,1,1,1,1,-1,1,1,1,1,-1,1,-1,-1,1,-1,1,1,1,-1,-1,-1,1,1,1,1,-1,-1,-1,1,1,1,1,-1,-1,-1,1,1,1,-1,-1,-1,1,1,1,1,-1,-1,1,1,1,1,1,-1,-1,-1,1,-1,1,1,-1,-1,1,1,1,1,1,-1,-1,-1,1,1,1,1,-1,-1,1,1,1,1,1,1,-1,-1,1,1,-1,1,1,-1,1,1,1,1,1,1,-1,1,1,1,1,1,1,-1,1,1,1,1,1,1,-1,-1,-1,1,1,1,1,-1,1,1,1,1,-1,1,-1,1,-1,1,1,1,-1,-1,1,1,1,1,1,-1,1,-1,-1,1,-1,1,-1,1,1,1,1,1,1,1,1,1,-1,1,-1,1,-1,1,1,-1,1,-1,1,1,-1,1,-1,1,-1,1,-1,1,1,-1,1,-1,1,1,1,1,-1,-1,1,1,-1,-1,1,-1,1,-1,-1,1,-1,1,-1,1,-1,1,-1,1,1,-1,1,-1,1,1,-1,1,-1,1,1,1,-1,1,1,-1,1,-1,1,-1,1,-1,1,-1,1,1,-1,1,-1,-1,-1,1,1,-1,1,-1,-1,-1,1,1,-1,-1,1,1,-1,-1,1,1,-1,1,1,-1,1,1,1,1,-1,1,-1,1,1,-1,1,-1,1,1,-1,1,1,1,1,1,-1,-1,1,-1,-1,1,1,1,-1,1,1,1,-1,1,-1,-1,1,1,1,1,1,-1,1,1,1,-1,-1,1,-1,1,1,1,-1,1,1,-1,-1,1,1,1,-1,1,-1,1,1,1,-1,1,1,-1,1,1,1,-1,1,-1,-1,1,1,1,-1,1,-1,-1,-1,1,1,-1,1,-1,-1,1,-1,1,-1,1,1,-1,-1,1,1,1,1,1,-1,-1,1,1,-1,1,-1,1,-1,-1,-1,-1,1,1,-1,-1,1,1,-1,1,1,-1,-1,1,1,1,1,1,-1,1,1,1,-1,1,-1,-1,-1,-1,1,1,1,1,-1,-1,1,1,1,1,-1,-1,-1,-1,-1,1,-1,-1,-1,1,-1,1,1,1,1,-1,1,1,-1,1,-1,1,-1,-1,1,-1,1,1,1,1,-1,1,-1,-1,1,1,-1,-1,1,-1,1,1,1,-1,-1,1,-1,-1,1,1,-1,1,1,-1,1,1,-1,-1,1,1,-1,1,-1,-1,-1,1,-1,-1,1,-1,-1,1,1,-1,-1,1,-1,-1,-1,1,-1,-1,1,-1,-1,-1,1,-1,-1,1,-1,-1,-1,1,1,-1,1,1,-1,-1,1,1,-1,-1,1,1,-1,1,-1,-1,1,1,-1,1,1,1,-1,-1,1,-1,1,-1,1,1,-1,1,-1,-1,1,1,1,-1,1,-1,1,-1,-1,-1,1,-1,-1,-1,1,-1,-1,-1,1,1,-1,1,-1,1,-1,1,-1,1,1,-1,1,1,1,-1,-1,1,-1,1,-1,1,1,-1,1,-1,-1,1,1,-1,-1,1,-1,-1,-1,1,-1,-1,1,-1,1,1,1,1,-1,1,-1,-1,1,1,-1,-1,1,-1,-1,-1,1,1,-1,-1,1,1,-1,-1,-1,-1,1,1,1,1,1,1,-1,-1,1,1,-1,1,-1,-1,-1,1,1,1,-1,-1,-1,1,-1,1,1,1,-1,-1,-1,1,1,1,-1,-1,-1,-1,1,1,1,1,-1,-1,-1,1,1,1,-1,-1,-1,-1,1,1,1,1,-1,-1,1,1,1,1,1,-1,-1,-1,1,1,1,1,-1,-1,-1,1,1,-1,1,-1,-1,-1,1,1,1,1,-1,-1,1,1,1,1,1,-1,1,1,-1,1,1,-1,-1,-1,1,1,1,-1,1,-1,1,1,1,1,1,1,-1,-1,1,-1,1,-1,1,-1,-1,1,-1,1,-1,-1,-1,-1,1,-1,1,1,-1,-1,-1,1,1,1,-1,1,-1,-1,1,-1,1,-1,-1,-1,-1,1,1,-1,-1,-1,-1,-1,1,-1,1,-1,-1,-1,-1,-1,-1,-1,1,-1,-1,-1,1,-1,-1,1,-1,-1,-1,-1,-1,-1,1,-1,-1,-1,-1,-1,1,-1,-1,-1,1,-1,-1,1,-1,1,-1,-1,-1,-1,-1,-1,-1,1,-1,-1,-1,1,1,-1,-1,-1,1,1,-1,-1,-1,-1,1,-1,-1,1,-1,1,-1,-1,-1,-1,1,-1,1,1,-1,1,-1,-1,1,1,-1,-1,-1,-1,-1,-1,1,1,-1,-1,1,-1,1,1,-1,-1,-1,1,-1,-1,1,-1,-1,1,-1,-1,1,1,1,-1,1,-1,1,1,1,-1,-1,1,-1,-1,1,1,1,-1,1,-1,-1,1,1,-1,1,1,-1,-1,1,1,-1,1,1,-1,-1,1,1,-1,1,1,-1,-1,1,1,1,1,1,1,-1,-1,1,1,-1,1,-1,-1,1,-1,1,1,1,1,-1,-1,1,-1,1,1,1,-1,1,1,1,1,-1,1,-1,1,1,1,1,1,1,1,-1,1,1,1,1,-1,1,-1,1,1,1,1,1,-1,1,1,1,1,-1,1,1,-1,1,1,-1,1,1,-1,-1,1,1,1,1,-1,1,-1,1,1,1,-1,-1,1,-1,1,1,1,-1,1,-1,-1,-1,1,1,-1,-1,1,-1,-1,1,1,-1,-1,1,-1,-1,1,1,1,-1,1,-1,-1,1,1,-1,-1,-1,1,-1,-1,1,-1,1,1,-1,1,1,-1,-1,1,-1,-1,-1,1,1,-1,1,1,-1,1,1,-1,-1,1,-1,1,-1,-1,-1,-1,1,-1,-1,1,1,-1,1,1,-1,1,1,1,1,-1,1,-1,1,1,1,-1,-1,1,-1,-1,-1,1,-1,-1,1,-1,1,1,1,-1,-1,1,-1,1,1,1,1,-1,1,-1,-1,1,1,1,-1,-1,1,-1,1,1,1,-1,1,-1,-1,1,-2674.0,1,2000,445,500,False
157,1,1,-1,-1,1,-1,1,-1,1,1,1,-1,1,1,1,1,-1,1,-1,-1,1,-1,1,1,1,-1,1,-1,1,1,1,1,-1,-1,-1,-1,1,1,1,1,-1,-1,-1,1,1,1,1,-1,1,1,1,1,-1,1,-1,-1,1,-1,1,1,1,-1,-1,-1,1,1,1,1,-1,-1,-1,1,1,1,1,-1,-1,-1,1,1,1,-1,-1,-1,1,1,1,1,-1,-1,-1,1,1,1,1,-1,-1,1,1,-1,1,1,-1,-1,1,1,1,1,1,-1,-1,1,1,1,1,1,-1,-1,1,1,1,1,1,1,-1,-1,1,1,-1,1,1,-1,1,1,1,1,1,1,-1,-1,1,1,1,1,1,-1,1,1,1,1,1,1,-1,-1,-1,1,1,1,1,-1,1,1,1,1,-1,1,-1,1,-1,1,1,1,-1,-1,1,1,1,1,1,-1,1,-1,-1,1,-1,1,-1,1,1,1,1,1,1,1,1,1,-1,1,-1,1,-1,1,1,-1,1,-1,1,1,-1,1,-1,1,-1,1,-1,1,1,-1,-1,-1,1,1,1,1,-1,-1,1,1,-1,-1,1,-1,1,-1,1,1,-1,1,-1,1,-1,1,-1,-1,1,-1,-1,-1,1,1,-1,1,-1,1,1,1,-1,1,1,-1,1,-1,1,-1,1,-1,1,-1,1,1,-1,1,-1,-1,-1,1,1,-1,1,-1,-1,-1,1,1,-1,-1,1,1,-1,-1,1,1,-1,1,1,-1,1,1,1,1,-1,1,-1,1,1,-1,1,-1,1,1,-1,1,1,1,1,1,-1,-1,1,-1,-1,-1,1,1,-1,1,1,1,-1,1,-1,-1,1,1,1,-1,1,-1,1,1,1,-1,-1,1,-1,1,1,1,-1,1,1,-1,-1,1,1,1,-1,1,-1,1,1,1,-1,1,1,-1,1,1,1,-1,1,-1,-1,1,1,1,-1,1,-1,-1,-1,1,1,-1,1,-1,-1,1,-1,1,-1,1,1,-1,-1,1,1,1,-1,1,-1,-1,1,1,-1,1,-1,1,-1,-1,-1,-1,1,1,-1,-1,1,1,-1,1,1,-1,-1,1,1,1,1,1,-1,1,1,1,-1,1,-1,-1,-1,-1,1,1,1,1,-1,-1,1,1,1,1,-1,-1,-1,-1,-1,1,-1,-1,-1,1,-1,1,1,-1,1,-1,1,1,-1,1,-1,1,-1,-1,1,-1,1,1,1,1,-1,1,-1,-1,1,1,-1,-1,1,-1,1,1,1,-1,-1,1,-1,-1,1,1,-1,1,1,-1,1,1,-1,-1,1,1,-1,1,-1,-1,-1,1,-1,-1,1,-1,-1,-1,1,-1,-1,1,-1,-1,-1,1,-1,-1,1,-1,-1,-1,1,-1,-1,1,-1,-1,-1,1,1,-1,1,1,-1,-1,1,1,-1,-1,1,1,-1,1,-1,-1,1,1,-1,1,-1,1,-1,-1,1,-1,1,-1,1,-1,-1,1,-1,-1,1,1,1,-1,1,-1,1,-1,1,1,1,-1,-1,-1,1,-1,-1,-1,1,1,-1,1,-1,1,-1,1,-1,1,1,-1,1,1,1,-1,-1,1,-1,1,-1,1,1,-1,1,-1,-1,1,1,-1,-1,1,-1,-1,-1,1,-1,-1,1,-1,1,1,1,1,-1,1,-1,-1,1,1,-1,-1,1,-1,-1,-1,1,1,-1,-1,1,1,-1,1,-1,-1,1,1,1,1,1,1,-1,-1,1,1,-1,1,-1,-1,1,1,1,1,-1,-1,-1,1,-1,1,1,1,1,-1,-1,1,1,1,-1,-1,-1,-1,1,1,1,1,-1,-1,-1,1,1,1,-1,-1,-1,-1,1,1,1,1,-1,-1,-1,1,1,1,1,-1,-1,1,1,1,1,1,-1,-1,-1,1,1,-1,1,-1,-1,-1,1,1,1,1,-1,-1,1,1,1,1,1,-1,1,1,-1,1,1,-1,-1,-1,1,1,1,1,1,-1,1,1,1,1,1,1,-1,-1,1,-1,1,-1,1,-1,-1,1,-1,1,-1,-1,-1,-1,1,-1,1,1,-1,-1,-1,1,1,1,-1,1,-1,-1,1,-1,1,-1,-1,-1,-1,1,1,-1,-1,-1,-1,-1,1,-1,1,-1,-1,-1,-1,-1,-1,-1,1,-1,-1,-1,1,-1,-1,1,-1,-1,-1,-1,-1,1,1,-1,-1,-1,-1,-1,1,-1,-1,-1,1,-1,-1,1,-1,1,-1,-1,-1,-1,-1,-1,-1,1,-1,-1,-1,1,1,1,-1,-1,-1,1,-1,-1,-1,-1,1,-1,-1,1,-1,1,-1,-1,-1,-1,1,-1,1,1,-1,1,-1,-1,1,1,-1,-1,-1,-1,-1,-1,1,1,-1,-1,1,-1,1,1,-1,-1,-1,1,-1,1,1,-1,-1,1,-1,-1,1,1,1,-1,1,-1,1,1,1,-1,-1,1,-1,-1,1,1,1,-1,1,-1,-1,1,1,-1,1,1,-1,-1,1,1,-1,1,1,-1,-1,1,1,-1,1,1,-1,-1,1,1,1,1,-1,1,-1,-1,1,1,1,1,-1,-1,1,-1,1,1,1,1,-1,-1,1,-1,1,1,1,-1,1,1,1,1,-1,1,-1,1,1,1,1,1,1,1,-1,1,1,1,1,-1,1,-1,1,1,1,1,1,-1,1,1,1,1,-1,1,1,-1,1,1,-1,1,1,-1,-1,1,1,1,1,-1,1,-1,1,1,1,-1,-1,1,-1,1,1,1,-1,1,-1,-1,-1,1,1,-1,-1,1,-1,-1,1,1,-1,-1,1,-1,-1,1,1,1,-1,1,-1,-1,1,1,-1,-1,-1,1,-1,-1,1,-1,1,1,-1,1,1,-1,-1,1,1,-1,-1,1,1,-1,1,1,-1,1,1,-1,-1,-1,-1,1,-1,-1,-1,-1,1,-1,-1,1,1,-1,1,1,-1,1,1,1,1,-1,1,-1,1,1,1,1,-1,1,-1,-1,-1,1,1,-1,1,-1,1,1,1,1,-1,1,-1,1,1,-1,-1,-1,1,-1,-1,1,1,-1,-1,-1,1,-1,1,-1,1,-1,1,-1,-1,1,-2674.0,1,2000,445,500,False
158,1,1,-1,-1,1,1,-1,-1,1,1,1,-1,1,1,1,1,-1,1,-1,-1,-1,-1,1,1,1,-1,1,-1,1,1,1,1,-1,-1,-1,-1,1,1,1,1,-1,-1,-1,1,1,1,1,-1,1,1,1,1,-1,1,-1,-1,1,-1,1,1,1,-1,-1,-1,1,1,1,1,-1,-1,-1,1,1,1,1,-1,-1,-1,1,1,1,-1,-1,-1,1,1,1,1,-1,-1,-1,1,1,1,1,-1,-1,1,1,-1,1,1,-1,-1,1,1,1,1,1,-1,-1,1,1,1,1,1,-1,-1,1,1,1,1,1,1,-1,-1,1,1,-1,1,1,-1,1,1,1,1,1,1,-1,-1,1,1,1,1,1,-1,1,1,1,1,1,1,-1,-1,-1,1,1,1,1,-1,1,1,1,1,-1,1,-1,1,-1,1,1,1,-1,-1,1,1,1,1,1,-1,1,-1,-1,1,-1,1,-1,1,1,1,1,1,1,1,1,1,1,1,-1,1,-1,1,1,-1,1,-1,1,1,-1,1,-1,1,-1,1,-1,1,1,-1,-1,-1,1,1,1,1,-1,-1,1,1,-1,-1,1,-1,1,-1,-1,1,-1,1,-1,1,-1,1,-1,-1,1,-1,-1,-1,1,1,-1,1,-1,1,1,1,-1,1,1,-1,1,-1,1,-1,1,-1,1,-1,1,1,-1,1,-1,-1,-1,1,1,-1,1,-1,-1,-1,1,1,-1,-1,1,1,-1,-1,1,1,-1,1,1,-1,1,1,1,1,-1,1,-1,1,1,-1,1,-1,1,1,-1,1,1,1,1,1,-1,-1,1,-1,-1,1,1,1,-1,1,1,1,-1,1,-1,-1,1,1,1,1,1,-1,1,1,1,-1,-1,1,-1,1,1,1,-1,1,1,-1,-1,1,1,1,-1,1,-1,1,1,1,-1,1,1,-1,1,1,1,-1,1,-1,-1,1,1,1,-1,1,-1,-1,-1,1,1,-1,1,-1,-1,1,-1,1,-1,1,1,-1,-1,1,1,1,1,1,-1,-1,1,1,-1,1,-1,1,-1,-1,-1,-1,1,1,-1,-1,1,1,-1,1,1,-1,-1,1,1,1,1,1,-1,1,1,1,-1,1,-1,-1,-1,-1,1,1,1,1,-1,-1,1,1,1,1,-1,-1,-1,-1,-1,1,-1,-1,-1,1,-1,1,1,1,1,-1,1,1,-1,1,-1,1,-1,-1,1,-1,1,1,1,1,-1,1,-1,-1,1,1,-1,-1,1,-1,1,1,1,-1,-1,1,-1,-1,1,1,-1,1,1,-1,1,1,-1,-1,1,1,-1,1,-1,-1,-1,1,-1,-1,1,-1,-1,-1,1,-1,-1,1,-1,-1,-1,1,-1,-1,1,-1,-1,-1,1,-1,-1,1,-1,-1,-1,1,1,-1,1,1,-1,-1,1,1,-1,-1,1,1,-1,1,-1,-1,1,1,-1,1,-1,1,-1,-1,1,-1,1,-1,1,1,-1,1,-1,-1,1,1,1,-1,1,-1,1,-1,-1,-1,1,-1,-1,-1,1,-1,-1,-1,1,1,-1,1,-1,1,-1,1,-1,1,1,-1,1,1,1,-1,-1,1,-1,1,-1,1,1,-1,1,-1,-1,1,1,-1,-1,1,-1,-1,-1,1,-1,-1,1,-1,1,1,1,1,-1,1,-1,-1,1,1,-1,-1,1,-1,-1,-1,1,1,-1,-1,1,1,-1,1,-1,-1,1,1,1,1,1,1,-1,-1,1,1,-1,1,-1,-1,1,1,1,1,-1,-1,-1,1,-1,1,1,1,-1,-1,-1,1,1,1,-1,-1,-1,-1,1,1,1,1,-1,-1,-1,1,1,1,-1,-1,-1,-1,1,1,1,1,-1,-1,-1,1,1,1,1,-1,-1,1,1,1,1,1,-1,-1,-1,1,1,-1,1,-1,-1,-1,1,1,1,1,-1,-1,1,1,1,1,1,-1,1,1,-1,1,1,-1,-1,-1,1,1,1,-1,1,-1,1,1,1,1,1,1,-1,-1,1,-1,1,-1,1,-1,-1,1,-1,1,-1,-1,-1,-1,1,-1,1,1,-1,-1,-1,1,1,1,-1,1,-1,-1,1,-1,1,-1,-1,-1,-1,1,1,-1,-1,-1,-1,-1,1,-1,1,-1,-1,-1,-1,-1,-1,-1,1,-1,-1,-1,1,-1,-1,1,-1,-1,-1,-1,-1,-1,1,-1,-1,-1,-1,-1,1,-1,-1,-1,1,-1,-1,1,-1,1,-1,-1,-1,-1,-1,-1,-1,1,-1,-1,-1,1,1,1,-1,-1,1,1,-1,-1,-1,-1,1,-1,-1,1,-1,1,-1,-1,-1,-1,1,-1,1,1,-1,1,-1,-1,1,1,-1,-1,-1,-1,-1,-1,1,1,-1,-1,1,-1,1,1,-1,-1,-1,1,-1,-1,1,-1,-1,1,-1,-1,1,1,1,-1,1,-1,1,1,1,-1,-1,1,-1,-1,1,1,1,-1,1,-1,-1,1,1,-1,1,1,-1,-1,1,1,1,1,1,-1,-1,1,1,-1,1,1,-1,-1,1,1,1,1,-1,1,-1,-1,1,1,1,1,-1,-1,1,-1,1,1,1,1,-1,-1,1,-1,1,1,1,-1,1,1,1,1,-1,1,-1,1,1,1,1,1,1,1,-1,1,1,1,1,-1,1,-1,1,1,1,1,1,-1,1,1,1,1,-1,1,1,-1,1,1,-1,1,1,-1,-1,1,1,1,1,-1,1,-1,1,1,1,-1,-1,1,-1,1,1,1,-1,1,-1,-1,-1,1,1,-1,-1,1,-1,-1,1,1,-1,-1,1,-1,-1,-1,1,1,-1,1,-1,-1,1,1,-1,-1,-1,1,-1,-1,1,-1,1,1,-1,1,1,-1,-1,1,-1,-1,-1,1,1,-1,1,1,-1,1,1,-1,-1,1,-1,1,-1,-1,-1,-1,1,-1,-1,1,1,-1,1,1,-1,1,1,1,1,-1,1,-1,1,1,1,1,-1,1,-1,-1,-1,1,1,-1,1,-1,1,1,1,1,-1,1,-1,1,1,1,-1,-1,1,-1,-1,1,1,-1,-1,-1,1,-1,1,-1,1,-1,1,-1,-1,1,-2674.0,1,2000,445,500,False
159,1,1,-1,-1,1,1,-1,-1,1,1,1,-1,1,1,1,1,-1,1,-1,-1,-1,-1,1,1,1,-1,1,-1,1,1,1,1,1,-1,-1,-1,1,1,1,1,-1,-1,-1,1,1,1,1,-1,1,1,1,1,-1,1,-1,-1,1,-1,1,1,1,-1,-1,-1,1,1,1,1,-1,-1,-1,1,1,1,1,-1,-1,-1,1,1,1,-1,-1,-1,1,1,1,1,-1,-1,-1,1,1,1,1,-1,-1,1,1,-1,1,1,-1,-1,1,1,1,1,1,-1,-1,1,1,-1,1,1,-1,-1,1,1,1,1,1,1,-1,-1,1,1,-1,1,1,-1,1,1,1,1,1,1,-1,-1,1,1,1,1,1,-1,1,1,1,1,1,1,-1,-1,-1,1,1,1,1,-1,1,1,1,1,-1,1,-1,1,-1,1,1,1,-1,-1,1,1,1,1,1,-1,1,-1,-1,1,-1,1,-1,1,1,1,1,1,1,1,1,1,1,1,-1,1,-1,1,1,-1,1,-1,1,1,-1,1,-1,1,-1,1,-1,1,1,-1,1,-1,1,1,1,1,-1,-1,1,1,-1,-1,1,-1,1,-1,1,1,-1,1,-1,1,-1,1,-1,-1,1,-1,-1,-1,1,1,-1,1,-1,1,1,1,-1,1,1,-1,1,-1,1,-1,1,-1,1,-1,1,1,-1,1,-1,-1,-1,1,1,-1,1,-1,-1,-1,1,1,-1,-1,1,1,-1,-1,1,1,-1,1,1,-1,1,1,1,1,-1,1,-1,1,1,-1,1,-1,1,1,-1,1,1,1,1,1,-1,-1,1,-1,-1,-1,1,1,-1,1,1,1,-1,1,-1,-1,1,1,1,1,1,-1,1,1,1,-1,1,1,-1,1,1,1,-1,1,1,-1,-1,1,1,1,-1,1,-1,1,1,1,-1,1,1,-1,1,1,1,-1,1,-1,-1,1,1,1,-1,1,-1,-1,-1,1,1,-1,1,-1,-1,1,-1,1,-1,1,1,-1,-1,1,1,1,1,1,-1,-1,1,1,-1,1,-1,1,-1,-1,-1,-1,1,1,-1,-1,1,1,-1,1,1,-1,-1,1,1,1,1,1,-1,1,1,1,-1,1,-1,-1,-1,-1,1,1,1,1,-1,-1,1,1,1,1,-1,-1,-1,-1,-1,1,-1,-1,-1,1,-1,1,1,1,1,1,1,1,-1,1,-1,1,-1,-1,1,-1,1,1,1,1,-1,1,-1,-1,1,1,-1,-1,1,-1,1,1,1,-1,-1,1,-1,-1,1,1,-1,1,1,-1,1,1,-1,-1,1,1,-1,1,-1,-1,-1,1,-1,-1,1,-1,-1,1,1,-1,-1,1,-1,-1,-1,1,-1,-1,1,1,-1,-1,1,-1,-1,1,-1,-1,-1,1,1,-1,1,-1,-1,-1,1,1,-1,-1,-1,1,-1,1,-1,-1,1,-1,-1,1,-1,1,-1,-1,1,-1,1,-1,1,-1,-1,1,-1,-1,1,1,1,-1,1,-1,1,-1,-1,1,1,-1,-1,-1,1,-1,-1,-1,1,1,-1,1,-1,1,-1,1,-1,1,1,-1,1,1,1,-1,-1,1,-1,1,-1,1,1,-1,1,-1,-1,1,1,-1,-1,1,-1,-1,-1,1,-1,-1,1,-1,1,1,1,1,-1,1,-1,-1,1,1,-1,-1,1,-1,-1,-1,1,1,-1,-1,1,1,-1,1,-1,-1,1,1,1,-1,1,1,-1,-1,1,1,-1,1,-1,-1,1,1,1,1,-1,1,-1,1,-1,1,1,1,1,-1,-1,1,1,1,-1,-1,-1,-1,1,1,1,1,-1,-1,-1,1,1,1,-1,-1,-1,-1,1,1,1,1,-1,-1,1,1,1,1,1,-1,-1,-1,1,1,1,-1,-1,-1,-1,1,1,-1,1,-1,-1,-1,1,1,1,1,-1,-1,1,1,1,1,1,-1,1,1,-1,1,1,-1,-1,-1,1,1,1,-1,1,-1,1,1,1,1,1,1,-1,-1,1,-1,1,-1,1,-1,-1,1,-1,1,1,-1,-1,-1,1,-1,1,1,-1,-1,-1,1,1,1,-1,1,-1,-1,1,-1,1,-1,-1,-1,-1,1,1,-1,-1,-1,-1,-1,1,-1,1,-1,-1,-1,-1,-1,-1,-1,1,-1,-1,-1,1,-1,-1,1,-1,-1,-1,-1,-1,1,1,-1,-1,-1,-1,-1,1,-1,-1,-1,1,-1,-1,1,-1,1,-1,-1,-1,-1,-1,-1,-1,1,-1,-1,-1,1,1,1,-1,-1,-1,1,-1,-1,-1,-1,1,-1,-1,1,1,1,-1,-1,-1,-1,1,-1,1,1,-1,1,-1,-1,1,1,-1,-1,-1,-1,-1,-1,1,1,-1,-1,1,-1,1,1,-1,-1,-1,1,-1,1,1,-1,-1,1,-1,-1,1,1,1,-1,1,-1,1,1,1,-1,-1,1,-1,-1,1,1,1,-1,1,-1,-1,1,1,-1,1,1,-1,-1,1,1,-1,1,1,-1,-1,1,1,1,1,1,-1,-1,1,1,1,1,-1,1,-1,-1,1,1,1,1,-1,-1,1,-1,1,1,1,1,-1,-1,1,-1,1,1,1,-1,1,1,1,1,-1,1,-1,1,1,1,1,1,1,1,-1,1,1,1,1,-1,1,-1,1,1,1,1,1,-1,1,1,1,1,-1,1,1,-1,1,1,-1,1,1,-1,-1,1,1,1,1,-1,1,-1,1,1,1,-1,-1,1,-1,1,1,1,-1,1,-1,-1,-1,1,1,-1,-1,1,-1,-1,1,1,-1,-1,1,-1,-1,-1,1,1,-1,-1,-1,-1,1,1,-1,-1,-1,1,-1,-1,1,-1,1,1,-1,1,1,-1,-1,1,-1,-1,-1,1,1,-1,1,1,-1,1,1,-1,-1,-1,-1,1,-1,-1,-1,-1,-1,-1,-1,1,1,-1,1,1,-1,1,1,1,1,-1,1,-1,1,1,1,1,-1,1,-1,-1,1,1,1,-1,1,-1,1,1,1,1,-1,1,-1,1,1,1,-1,-1,1,-1,-1,1,1,-1,-1,-1,1,-1,1,1,1,-1,1,-1,-1,1,-2674.0,1,2000,445,500,False
160,1,1,-1,-1,1,1,-1,-1,1,1,1,-1,1,1,1,1,-1,1,-1,-1,1,-1,1,1,1,1,-1,-1,1,1,1,1,-1,-1,-1,-1,1,-1,1,1,-1,-1,-1,1,1,1,1,-1,1,1,1,1,-1,1,-1,-1,1,-1,1,1,1,-1,-1,-1,1,1,1,1,-1,-1,-1,1,1,1,1,-1,-1,-1,1,1,1,-1,-1,-1,1,1,1,1,-1,-1,-1,1,1,1,1,-1,-1,1,1,-1,1,1,-1,-1,1,1,1,1,1,-1,-1,1,1,1,1,1,-1,-1,1,1,1,1,1,1,-1,1,1,1,-1,1,1,-1,1,1,1,1,1,1,-1,-1,1,1,1,1,1,-1,1,1,1,1,1,1,-1,-1,-1,1,1,1,1,-1,1,1,1,1,-1,1,-1,1,-1,1,1,1,-1,-1,1,1,1,1,1,-1,1,-1,-1,1,-1,1,-1,1,1,1,1,1,1,1,1,1,-1,1,-1,1,-1,1,1,-1,1,-1,1,1,-1,1,-1,1,-1,1,-1,1,1,-1,1,-1,1,1,1,1,-1,-1,1,1,-1,-1,1,-1,1,-1,1,1,-1,1,-1,1,-1,1,-1,1,1,-1,-1,-1,1,1,-1,1,-1,1,1,1,-1,1,1,-1,-1,-1,1,-1,1,-1,1,-1,1,1,-1,1,-1,-1,-1,1,1,-1,1,-1,-1,-1,1,1,-1,-1,1,1,-1,-1,1,1,-1,1,1,-1,1,1,1,1,-1,1,-1,1,1,-1,1,-1,1,1,-1,1,1,1,1,1,-1,-1,1,-1,-1,-1,1,1,-1,1,1,1,-1,1,-1,-1,1,1,1,-1,1,-1,1,1,1,-1,-1,1,-1,1,1,1,-1,1,1,-1,-1,1,1,1,-1,1,-1,1,1,1,-1,1,1,-1,1,1,1,-1,1,-1,-1,1,1,1,-1,1,-1,-1,-1,1,1,-1,1,-1,-1,1,-1,1,-1,1,1,-1,-1,1,1,1,-1,1,-1,-1,1,1,-1,1,-1,1,-1,-1,-1,-1,1,1,-1,-1,1,1,-1,1,1,-1,-1,1,1,1,1,1,-1,1,1,1,-1,1,-1,-1,-1,-1,1,1,1,1,-1,-1,1,1,1,1,-1,-1,-1,-1,-1,1,-1,-1,-1,1,-1,1,1,1,1,1,1,1,-1,1,-1,1,-1,-1,1,-1,1,1,1,1,-1,1,-1,-1,1,1,-1,-1,1,-1,1,1,1,-1,-1,1,-1,-1,1,1,-1,1,1,-1,1,1,-1,-1,1,1,-1,1,-1,-1,-1,1,-1,-1,1,-1,-1,-1,1,-1,-1,1,-1,-1,-1,1,-1,-1,1,1,-1,-1,1,-1,-1,1,-1,-1,-1,1,1,-1,1,1,-1,-1,1,1,-1,-1,-1,1,-1,1,-1,-1,1,-1,-1,1,-1,1,-1,-1,1,-1,1,-1,1,-1,-1,1,-1,-1,1,1,1,-1,1,-1,1,-1,-1,-1,1,-1,-1,-1,1,-1,-1,-1,1,1,-1,1,-1,1,-1,1,-1,1,1,-1,1,1,1,-1,-1,1,-1,1,-1,1,1,-1,1,-1,-1,1,1,-1,-1,1,-1,-1,-1,1,-1,-1,1,-1,1,1,1,1,-1,1,-1,-1,1,1,-1,-1,1,-1,-1,-1,1,1,-1,-1,1,1,-1,-1,-1,-1,1,1,1,-1,1,1,-1,-1,1,1,-1,1,-1,-1,1,1,1,1,-1,-1,-1,1,-1,1,1,1,-1,-1,-1,1,1,1,-1,-1,-1,1,1,1,1,1,-1,-1,-1,1,1,1,-1,-1,-1,-1,1,1,1,1,-1,-1,1,1,1,1,1,-1,-1,-1,1,1,1,1,-1,-1,-1,1,1,-1,1,-1,-1,-1,1,1,1,1,-1,-1,1,1,1,1,1,-1,1,1,-1,1,1,-1,-1,-1,1,1,1,-1,1,-1,1,1,1,1,1,1,-1,-1,1,-1,1,-1,1,-1,-1,1,-1,1,1,-1,-1,-1,1,-1,1,1,-1,1,-1,1,1,1,-1,1,1,-1,1,-1,1,-1,-1,-1,-1,1,1,-1,-1,-1,-1,-1,1,-1,1,-1,-1,-1,-1,-1,-1,-1,1,-1,-1,-1,1,-1,-1,1,-1,-1,-1,-1,-1,1,1,-1,-1,-1,-1,-1,1,-1,-1,-1,1,-1,-1,1,-1,1,-1,-1,-1,-1,-1,-1,-1,1,-1,-1,-1,1,1,-1,-1,-1,-1,1,-1,-1,-1,-1,1,-1,-1,1,1,1,-1,-1,-1,-1,1,-1,1,1,-1,1,-1,-1,1,1,-1,-1,-1,-1,-1,-1,1,1,-1,-1,1,-1,1,1,-1,-1,-1,1,-1,-1,1,-1,-1,1,-1,-1,1,1,1,-1,1,-1,1,1,1,-1,-1,1,-1,-1,1,1,1,-1,1,-1,-1,1,1,-1,1,1,-1,-1,1,1,-1,1,1,-1,-1,1,1,-1,1,1,-1,-1,1,1,1,1,1,1,-1,-1,1,1,-1,1,-1,-1,1,-1,1,1,1,1,-1,-1,1,-1,1,1,1,-1,1,1,1,1,-1,1,-1,1,1,1,1,1,1,1,-1,1,1,1,1,-1,1,-1,1,1,1,1,1,-1,1,1,1,1,-1,1,1,-1,1,1,-1,1,1,-1,-1,1,1,1,1,-1,1,-1,1,1,1,-1,-1,1,-1,1,1,1,-1,1,-1,-1,-1,1,1,-1,-1,1,-1,-1,1,1,1,-1,1,-1,-1,1,1,1,-1,1,-1,-1,1,1,-1,-1,-1,1,-1,1,1,-1,1,1,-1,1,1,-1,-1,1,1,-1,-1,1,1,-1,1,1,-1,1,1,-1,-1,1,-1,1,-1,-1,-1,-1,1,-1,-1,1,1,-1,1,1,-1,1,1,1,1,-1,1,-1,1,1,1,1,-1,1,-1,-1,1,1,1,-1,1,-1,1,1,1,1,-1,1,-1,1,1,-1,-1,-1,1,-1,-1,1,1,-1,-1,-1,1,-1,1,-1,1,-1,1,-1,-1,1,-2674.0,1,2000,445,500,False
161,1,1,-1,-1,1,-1,1,-1,1,1,1,-1,1,1,1,1,-1,1,-1,-1,1,-1,1,1,1,-1,-1,-1,1,1,1,1,-1,-1,-1,-1,1,-1,1,1,-1,-1,-1,1,1,1,1,-1,1,1,1,1,-1,1,-1,-1,1,-1,1,1,1,-1,-1,-1,1,1,1,1,-1,-1,-1,1,1,1,1,-1,-1,-1,1,1,1,-1,-1,-1,1,1,1,1,-1,-1,-1,1,1,1,1,-1,-1,1,1,-1,1,1,-1,-1,1,1,1,1,1,-1,-1,1,1,-1,1,1,-1,-1,1,1,1,1,1,1,-1,-1,1,1,-1,1,1,-1,1,1,1,1,1,1,-1,-1,1,1,1,1,1,-1,1,1,1,1,1,1,-1,-1,-1,1,1,1,1,-1,1,1,1,1,-1,1,-1,1,-1,1,1,1,-1,-1,1,1,1,1,1,-1,1,-1,-1,1,-1,1,-1,1,1,1,1,1,1,1,1,1,-1,1,-1,1,-1,1,1,-1,1,-1,1,1,-1,1,-1,1,-1,1,-1,1,1,-1,-1,-1,1,1,1,1,-1,-1,1,1,-1,-1,1,-1,1,-1,-1,1,-1,1,-1,1,-1,1,-1,1,1,-1,-1,-1,1,1,-1,1,-1,1,1,1,-1,1,1,-1,1,-1,1,-1,1,-1,1,-1,1,1,-1,1,-1,-1,-1,1,1,-1,1,-1,-1,-1,1,1,-1,-1,1,1,-1,-1,1,1,-1,1,1,-1,1,1,1,1,-1,1,-1,1,1,-1,1,-1,1,1,-1,1,1,1,1,1,-1,-1,1,-1,-1,-1,1,1,-1,1,1,1,-1,1,-1,-1,1,1,1,1,1,-1,1,1,1,-1,-1,1,-1,1,1,1,-1,1,1,-1,-1,1,1,1,-1,1,-1,1,1,1,-1,1,1,-1,1,1,1,-1,1,-1,-1,1,1,1,-1,1,-1,-1,-1,1,1,-1,1,-1,-1,1,-1,1,-1,1,1,-1,-1,1,1,1,-1,1,-1,-1,1,1,-1,1,-1,1,-1,-1,-1,-1,1,1,-1,-1,1,1,-1,1,1,-1,-1,1,1,1,1,1,-1,1,1,1,-1,1,-1,-1,-1,-1,1,1,1,1,-1,-1,1,1,1,1,-1,-1,-1,-1,-1,1,-1,-1,-1,1,-1,1,1,1,1,1,1,1,-1,1,-1,1,-1,-1,1,-1,1,1,1,1,-1,1,-1,-1,1,1,-1,-1,1,-1,1,1,1,-1,-1,1,-1,-1,1,1,-1,1,1,-1,1,1,-1,-1,1,1,-1,1,-1,-1,-1,1,-1,-1,1,-1,-1,1,1,-1,-1,1,-1,-1,-1,1,-1,-1,1,-1,-1,-1,1,-1,-1,1,-1,-1,-1,1,1,-1,1,1,-1,-1,1,1,-1,-1,1,1,-1,1,-1,-1,1,-1,-1,1,-1,1,-1,-1,1,-1,1,-1,1,-1,-1,1,-1,-1,1,1,1,-1,1,-1,1,-1,1,-1,1,-1,-1,-1,1,-1,-1,-1,1,1,-1,1,-1,1,-1,1,-1,1,1,-1,1,1,1,-1,-1,1,-1,1,-1,1,1,-1,1,-1,-1,1,1,-1,-1,1,-1,-1,-1,1,-1,-1,1,-1,1,1,1,1,-1,1,-1,-1,1,1,-1,-1,1,-1,-1,-1,1,1,-1,-1,1,1,-1,1,-1,-1,1,1,1,-1,1,1,-1,-1,1,1,-1,1,-1,-1,1,1,1,1,-1,1,-1,1,-1,1,1,1,1,-1,-1,1,1,1,-1,-1,-1,-1,1,1,1,1,-1,-1,-1,1,1,1,-1,-1,-1,-1,1,1,1,1,-1,-1,-1,1,1,1,1,-1,-1,1,1,1,1,1,-1,-1,-1,1,1,-1,1,-1,-1,-1,1,1,1,1,-1,-1,1,1,1,1,1,-1,1,1,-1,1,1,-1,-1,-1,1,1,1,-1,1,-1,1,1,1,1,1,1,-1,-1,1,-1,1,-1,1,-1,-1,1,-1,1,-1,-1,-1,-1,1,-1,1,1,-1,1,-1,1,1,1,-1,1,1,-1,1,-1,1,-1,-1,-1,-1,1,1,-1,-1,-1,-1,-1,1,-1,1,-1,-1,-1,-1,-1,-1,-1,1,-1,-1,-1,1,-1,-1,1,-1,-1,-1,-1,-1,-1,1,-1,-1,-1,-1,-1,1,-1,-1,-1,1,-1,-1,1,-1,1,-1,-1,-1,-1,-1,-1,-1,1,-1,-1,-1,1,1,-1,-1,-1,1,-1,-1,-1,-1,-1,1,-1,-1,1,1,1,-1,-1,-1,-1,1,-1,1,1,-1,1,-1,-1,1,1,-1,-1,-1,-1,-1,-1,1,1,-1,-1,1,-1,1,1,-1,-1,-1,1,-1,-1,1,-1,-1,1,-1,-1,1,1,1,-1,1,-1,1,1,1,-1,-1,1,-1,-1,1,1,1,-1,1,-1,-1,1,1,-1,1,1,-1,-1,1,1,-1,1,1,-1,-1,1,1,-1,1,1,-1,-1,1,1,1,1,1,1,-1,-1,1,1,-1,1,-1,-1,1,-1,1,1,1,1,-1,-1,1,-1,1,1,1,-1,1,1,1,1,-1,1,-1,1,1,1,1,1,1,1,-1,1,1,1,1,-1,1,-1,1,1,1,1,1,-1,1,1,1,1,-1,1,1,-1,1,1,-1,1,1,-1,-1,1,1,1,1,-1,1,-1,1,1,1,-1,-1,1,-1,1,1,1,-1,1,-1,-1,-1,1,1,-1,-1,1,-1,-1,1,1,1,-1,1,-1,-1,1,1,1,-1,1,-1,-1,1,1,-1,-1,-1,1,-1,-1,1,-1,1,1,-1,1,1,-1,-1,1,-1,-1,-1,1,1,-1,1,1,-1,1,1,-1,-1,1,-1,1,-1,-1,-1,-1,1,-1,-1,1,1,-1,1,1,-1,1,1,1,1,-1,1,-1,1,1,1,1,-1,1,-1,-1,-1,1,1,-1,1,-1,1,1,1,1,-1,1,-1,1,1,-1,-1,-1,1,-1,-1,1,1,-1,-1,-1,1,-1,1,-1,1,-1,1,-1,-1,1,-2674.0,1,2000,445,500,False
162,1,1,-1,-1,1,1,-1,-1,1,1,1,-1,1,1,1,1,-1,1,-1,-1,-1,-1,1,1,1,-1,1,-1,1,1,1,1,1,-1,-1,-1,1,1,1,1,-1,-1,-1,1,1,1,1,-1,1,1,1,1,-1,1,-1,-1,1,-1,1,1,-1,-1,-1,-1,1,1,1,1,-1,-1,-1,1,1,1,1,-1,-1,-1,1,1,1,-1,-1,-1,1,1,1,1,-1,-1,-1,1,1,1,1,-1,-1,1,1,-1,1,1,-1,-1,1,1,1,1,1,-1,-1,1,1,1,1,1,-1,-1,1,1,1,1,1,1,-1,-1,1,1,-1,1,1,-1,1,1,1,1,1,1,-1,-1,1,1,1,1,1,-1,1,1,1,1,1,1,-1,-1,-1,1,1,1,1,-1,1,1,1,1,-1,1,-1,1,-1,1,1,1,-1,-1,1,1,1,1,1,-1,1,-1,-1,1,-1,1,-1,1,1,1,1,1,1,1,1,1,-1,1,-1,1,-1,1,1,-1,1,-1,1,1,-1,1,-1,1,-1,1,-1,1,1,-1,-1,-1,1,1,1,1,-1,-1,1,1,-1,-1,1,-1,1,-1,1,1,-1,1,-1,1,-1,1,-1,1,1,-1,-1,-1,1,1,-1,1,-1,1,1,1,-1,1,1,-1,-1,-1,1,-1,1,-1,1,-1,1,1,-1,1,-1,-1,-1,1,1,-1,1,-1,-1,-1,1,1,-1,-1,1,1,-1,-1,1,1,-1,1,1,-1,1,1,1,1,-1,1,-1,1,1,-1,1,-1,1,1,-1,1,1,1,1,1,-1,-1,1,-1,-1,1,1,1,-1,1,1,1,-1,1,-1,-1,1,1,1,1,1,-1,1,1,1,-1,-1,1,-1,1,1,1,-1,1,1,-1,-1,1,1,1,-1,1,-1,1,1,1,-1,1,1,-1,1,1,1,-1,1,-1,-1,1,1,1,-1,1,-1,-1,-1,1,1,-1,1,-1,-1,1,-1,1,-1,1,1,-1,-1,1,1,1,1,1,-1,-1,1,1,-1,1,-1,1,-1,-1,-1,-1,1,1,-1,-1,1,1,-1,1,1,-1,-1,1,1,1,1,1,-1,1,1,1,-1,1,-1,-1,-1,-1,1,1,1,1,-1,-1,1,-1,1,1,-1,-1,-1,-1,-1,1,-1,-1,-1,1,-1,1,1,1,1,1,1,1,-1,1,-1,1,-1,-1,1,-1,1,1,1,1,-1,1,-1,-1,1,1,-1,-1,1,-1,1,1,1,-1,-1,1,-1,-1,1,1,-1,1,1,-1,1,1,-1,-1,1,1,-1,1,-1,-1,-1,1,-1,1,1,-1,-1,-1,1,-1,-1,1,-1,-1,-1,1,-1,-1,1,1,-1,-1,1,-1,-1,1,-1,-1,-1,1,1,-1,1,-1,-1,-1,1,1,-1,1,-1,1,-1,1,-1,-1,1,-1,-1,1,-1,1,-1,-1,1,-1,1,-1,1,-1,1,1,-1,-1,1,1,1,-1,1,-1,1,-1,-1,1,1,-1,-1,-1,1,-1,-1,-1,1,1,-1,1,-1,1,-1,1,-1,1,1,-1,1,1,1,-1,-1,1,-1,1,-1,1,1,-1,1,-1,-1,1,1,-1,-1,1,-1,-1,-1,1,-1,-1,1,-1,1,1,1,1,-1,1,-1,-1,1,1,-1,-1,1,-1,-1,-1,1,1,-1,-1,1,1,-1,1,-1,-1,1,1,1,-1,1,1,-1,-1,1,1,-1,1,-1,-1,1,1,1,1,-1,-1,-1,1,-1,1,1,1,-1,-1,-1,1,1,1,-1,-1,-1,1,1,1,1,1,-1,-1,-1,1,1,1,-1,-1,-1,-1,1,1,1,1,-1,-1,-1,1,1,1,1,-1,-1,1,1,1,1,1,-1,-1,-1,1,1,-1,1,-1,-1,-1,1,1,1,1,-1,-1,1,1,1,1,1,-1,1,1,-1,1,1,-1,-1,-1,1,1,1,-1,1,-1,1,1,1,1,1,1,-1,-1,1,-1,1,-1,1,-1,-1,1,-1,1,-1,-1,-1,-1,1,-1,1,1,-1,-1,-1,1,1,1,-1,1,-1,-1,1,-1,1,-1,-1,-1,-1,1,1,-1,-1,-1,-1,-1,1,-1,1,-1,-1,-1,-1,-1,-1,-1,1,-1,-1,-1,1,-1,-1,1,-1,-1,-1,-1,-1,1,1,-1,-1,-1,-1,-1,1,-1,-1,-1,1,-1,-1,1,-1,1,-1,-1,-1,-1,-1,-1,-1,1,-1,-1,-1,1,1,1,-1,-1,-1,1,-1,-1,-1,-1,1,-1,-1,1,-1,1,-1,-1,-1,-1,1,-1,1,1,-1,1,-1,-1,1,1,-1,-1,-1,-1,-1,-1,1,1,-1,-1,1,-1,1,1,-1,-1,-1,1,-1,-1,1,-1,-1,1,-1,-1,1,1,1,-1,1,-1,1,1,1,-1,-1,1,-1,-1,1,-1,1,-1,1,-1,-1,1,1,-1,1,1,-1,-1,1,1,1,1,1,-1,-1,1,1,1,1,1,-1,-1,1,1,1,1,1,1,-1,1,1,1,-1,1,-1,-1,1,-1,1,1,1,1,-1,-1,1,-1,1,1,1,-1,1,-1,1,1,-1,1,-1,1,1,1,1,1,1,1,-1,-1,1,1,1,-1,1,-1,1,1,1,1,1,-1,1,-1,1,1,-1,1,1,-1,1,1,-1,1,1,-1,-1,1,1,1,1,-1,1,-1,-1,1,1,-1,-1,1,-1,1,1,1,-1,1,-1,-1,-1,1,1,-1,-1,1,-1,-1,1,1,-1,-1,1,-1,-1,-1,1,1,-1,1,-1,-1,1,1,-1,-1,-1,1,-1,-1,1,-1,1,1,-1,1,1,-1,-1,1,-1,-1,-1,1,1,-1,1,1,-1,1,1,-1,-1,1,-1,1,-1,-1,-1,-1,1,-1,-1,1,1,-1,1,1,-1,1,1,1,1,-1,1,-1,1,1,1,1,-1,1,-1,-1,1,1,1,-1,1,-1,1,1,1,1,-1,1,-1,1,1,1,-1,-1,1,-1,-1,1,1,-1,-1,-1,1,-1,1,1,1,-1,1,-1,-1,1,-2674.0,1,2000,445,500,False
163,1,1,-1,-1,1,1,-1,-1,1,1,1,-1,1,1,1,1,-1,1,-1,-1,1,-1,1,1,1,-1,1,-1,1,1,1,1,1,-1,-1,-1,1,1,1,1,-1,-1,-1,1,1,1,1,-1,1,1,1,1,-1,1,-1,-1,1,-1,1,1,1,-1,-1,-1,1,1,1,1,-1,-1,-1,1,1,1,1,-1,-1,-1,1,1,1,-1,-1,-1,1,1,1,1,-1,-1,-1,1,1,1,1,-1,-1,1,1,-1,1,1,-1,-1,1,1,1,1,1,-1,-1,1,1,1,1,1,-1,-1,1,1,1,1,1,1,-1,-1,1,1,-1,1,1,-1,1,1,1,1,1,1,-1,-1,1,1,1,1,1,-1,1,1,1,1,1,1,-1,-1,-1,1,1,1,1,-1,1,1,1,1,-1,1,-1,1,-1,1,1,1,-1,-1,1,1,1,1,1,-1,1,-1,-1,1,-1,1,-1,1,1,1,1,1,1,1,1,1,1,1,-1,1,-1,1,1,-1,1,-1,1,1,-1,1,-1,1,-1,1,-1,1,1,-1,1,-1,1,1,1,1,-1,-1,1,1,-1,-1,1,-1,1,-1,-1,1,-1,1,-1,1,-1,1,-1,1,1,-1,-1,-1,1,1,-1,1,-1,1,1,1,-1,1,1,-1,1,-1,1,-1,1,-1,1,-1,1,1,-1,1,-1,-1,-1,1,1,-1,1,-1,-1,-1,1,1,-1,-1,1,1,-1,-1,1,1,-1,1,1,-1,1,1,1,1,-1,1,-1,1,1,-1,1,-1,1,1,-1,1,1,1,1,1,-1,-1,1,-1,-1,-1,1,1,-1,1,1,1,-1,1,-1,-1,1,1,1,1,1,-1,1,1,1,-1,1,1,-1,1,1,1,-1,1,1,-1,-1,1,1,1,-1,1,-1,1,1,1,-1,1,1,-1,1,1,1,-1,1,-1,-1,1,1,1,-1,1,-1,-1,-1,1,1,-1,1,-1,-1,1,-1,1,-1,1,1,-1,-1,1,1,1,1,1,-1,-1,1,1,-1,1,-1,1,-1,-1,-1,-1,1,1,-1,-1,1,1,-1,1,1,-1,-1,1,1,1,1,1,-1,1,1,1,-1,1,-1,-1,-1,-1,1,1,1,1,-1,-1,1,1,1,1,-1,-1,-1,-1,-1,1,-1,-1,-1,1,-1,1,1,1,1,-1,1,1,-1,1,-1,1,-1,-1,1,-1,1,1,1,1,-1,1,-1,-1,1,1,-1,-1,1,-1,1,1,1,-1,-1,1,-1,-1,1,1,-1,1,1,-1,1,1,-1,-1,1,1,-1,1,-1,-1,-1,1,-1,-1,1,-1,-1,1,1,-1,-1,1,-1,-1,-1,1,-1,-1,1,1,-1,-1,1,-1,-1,1,-1,-1,-1,1,1,-1,1,-1,-1,-1,1,1,-1,-1,-1,1,-1,1,-1,-1,1,-1,-1,1,1,1,-1,-1,1,-1,1,-1,1,-1,-1,1,-1,-1,1,1,1,-1,1,-1,1,-1,-1,-1,1,-1,-1,-1,1,-1,-1,-1,1,1,-1,1,-1,1,-1,1,-1,1,1,-1,1,1,1,-1,-1,1,-1,1,-1,1,1,-1,1,-1,-1,1,1,-1,-1,1,-1,-1,-1,1,-1,-1,1,-1,1,1,1,1,-1,1,-1,-1,1,1,-1,-1,1,-1,-1,-1,1,1,-1,-1,1,1,-1,1,-1,-1,1,1,1,1,1,1,-1,-1,1,1,-1,1,-1,-1,1,1,1,1,-1,-1,-1,1,-1,1,1,1,1,-1,-1,1,1,1,-1,-1,-1,-1,1,1,1,1,-1,-1,-1,1,1,1,-1,-1,-1,-1,1,1,1,1,-1,-1,1,1,1,1,1,-1,-1,-1,1,1,1,1,-1,-1,-1,1,1,-1,1,-1,-1,-1,1,1,1,1,-1,-1,1,1,1,1,1,-1,1,1,-1,1,1,-1,-1,-1,1,1,1,-1,1,-1,1,1,1,1,1,1,-1,-1,1,-1,1,-1,1,-1,-1,1,-1,1,1,-1,-1,-1,1,-1,1,1,-1,-1,-1,1,1,1,-1,1,-1,-1,1,-1,1,-1,-1,-1,-1,1,1,-1,-1,-1,-1,-1,1,-1,1,-1,-1,-1,-1,-1,-1,-1,1,-1,-1,-1,1,-1,-1,1,-1,-1,-1,-1,-1,-1,1,-1,-1,-1,-1,-1,1,-1,-1,-1,1,-1,-1,1,-1,1,-1,-1,-1,-1,-1,-1,-1,1,-1,-1,-1,1,1,-1,-1,-1,1,1,-1,-1,-1,-1,1,-1,-1,1,-1,1,-1,-1,-1,-1,1,-1,1,1,-1,1,-1,-1,1,1,-1,-1,-1,-1,-1,-1,1,1,-1,-1,1,-1,1,1,-1,-1,-1,1,-1,1,1,-1,-1,1,-1,-1,1,1,1,-1,1,-1,1,1,1,-1,-1,1,-1,-1,1,1,1,-1,1,-1,-1,1,1,-1,1,1,-1,-1,1,1,1,1,1,-1,-1,1,1,1,1,1,-1,-1,1,1,1,1,1,1,-1,-1,1,1,1,1,-1,-1,1,-1,1,1,1,1,-1,-1,1,-1,1,1,1,-1,1,1,1,1,-1,1,-1,1,1,1,1,1,1,1,-1,1,1,1,1,-1,1,-1,1,1,1,1,1,-1,1,1,1,1,-1,1,1,-1,1,1,-1,1,1,-1,-1,1,1,1,1,-1,1,-1,1,1,1,-1,-1,1,-1,1,1,1,-1,1,-1,-1,-1,1,1,-1,-1,1,-1,-1,1,1,-1,-1,1,-1,-1,-1,1,1,-1,1,-1,-1,1,1,-1,-1,-1,1,-1,-1,1,-1,1,1,-1,1,1,-1,-1,1,-1,-1,-1,1,1,-1,1,1,-1,1,1,-1,-1,-1,-1,1,-1,-1,-1,-1,-1,-1,-1,1,1,-1,1,1,-1,1,1,1,1,-1,1,-1,1,1,1,1,-1,1,-1,-1,1,1,1,-1,1,-1,1,1,1,1,-1,1,-1,1,1,-1,-1,-1,1,-1,-1,1,1,-1,-1,-1,1,-1,1,-1,1,-1,1,-1,-1,1,-2674.0,1,2000,445,500,False
164,1,1,-1,-1,1,1,-1,-1,1,1,1,-1,1,1,1,1,-1,1,-1,-1,-1,-1,1,1,1,-1,-1,-1,1,1,1,1,1,-1,-1,-1,1,-1,1,1,-1,-1,-1,1,1,1,1,-1,1,1,1,1,-1,1,-1,-1,1,-1,1,1,1,-1,-1,-1,1,1,1,1,-1,-1,-1,1,1,1,1,-1,-1,-1,1,1,1,-1,-1,-1,1,1,1,1,-1,-1,1,1,1,1,1,-1,-1,-1,1,-1,1,1,-1,-1,1,1,1,1,1,-1,-1,-1,1,-1,1,1,-1,-1,1,1,1,1,1,1,-1,-1,1,1,-1,1,1,-1,1,1,1,1,1,1,-1,1,1,1,1,1,1,-1,1,1,1,1,1,1,-1,-1,-1,1,1,1,1,-1,1,1,1,1,-1,1,-1,1,-1,1,1,1,-1,-1,1,1,1,1,1,-1,1,-1,-1,1,-1,1,-1,1,1,1,1,1,1,1,1,1,1,1,-1,1,-1,1,1,-1,1,-1,1,1,-1,1,-1,1,-1,1,-1,1,1,-1,-1,-1,1,1,1,1,-1,-1,1,1,-1,-1,1,-1,1,-1,1,1,-1,1,-1,1,-1,1,-1,-1,1,-1,-1,-1,1,1,-1,1,-1,1,1,1,-1,1,1,-1,1,-1,1,-1,1,-1,1,-1,1,1,-1,1,-1,-1,-1,1,1,-1,1,-1,-1,-1,1,1,-1,-1,1,1,-1,-1,1,1,-1,1,1,-1,1,1,1,1,-1,1,-1,1,1,-1,1,-1,1,1,-1,1,1,1,1,1,-1,-1,1,-1,-1,-1,1,1,-1,1,1,1,-1,1,-1,-1,1,1,1,1,1,-1,1,1,1,-1,1,1,-1,1,1,1,-1,1,1,-1,-1,1,1,1,-1,1,-1,1,1,1,-1,1,1,-1,1,1,1,-1,1,-1,-1,1,1,1,-1,1,-1,-1,-1,1,1,-1,1,-1,-1,1,-1,1,-1,1,1,-1,-1,1,1,1,1,1,-1,-1,1,1,-1,1,-1,1,-1,-1,-1,-1,1,1,-1,-1,1,1,-1,1,1,-1,-1,1,1,1,1,1,-1,1,1,1,-1,1,-1,-1,-1,-1,1,1,1,1,-1,-1,1,1,1,1,-1,-1,-1,-1,-1,1,-1,-1,-1,1,-1,1,1,1,1,-1,1,1,-1,1,-1,1,-1,-1,1,-1,1,1,1,1,-1,1,-1,-1,1,1,-1,-1,1,-1,1,1,1,-1,-1,1,-1,-1,1,1,-1,1,1,-1,1,1,-1,-1,1,1,-1,1,-1,-1,-1,1,-1,-1,1,-1,-1,1,1,-1,-1,1,-1,-1,-1,1,-1,-1,1,-1,-1,-1,1,-1,-1,1,-1,-1,-1,1,1,-1,1,1,-1,-1,1,1,-1,-1,-1,1,-1,1,-1,-1,1,-1,-1,1,1,1,-1,-1,1,-1,1,-1,1,-1,-1,1,-1,-1,1,1,1,-1,1,-1,1,-1,1,-1,1,-1,-1,-1,1,-1,-1,-1,1,1,-1,1,-1,1,-1,1,-1,1,1,-1,1,1,1,-1,-1,1,-1,1,-1,1,1,-1,1,-1,-1,1,1,-1,-1,1,-1,-1,-1,1,-1,-1,1,-1,1,1,1,1,-1,1,-1,-1,1,1,-1,-1,1,-1,-1,-1,1,1,-1,-1,1,1,-1,-1,-1,-1,1,1,1,1,1,1,-1,-1,1,1,-1,1,-1,-1,1,1,1,1,-1,1,-1,1,-1,1,1,1,1,-1,-1,1,1,1,-1,-1,-1,-1,1,1,1,1,-1,-1,-1,1,1,1,-1,-1,-1,-1,1,1,1,1,-1,-1,-1,1,1,1,1,-1,-1,1,1,1,1,1,-1,-1,-1,1,1,-1,1,-1,-1,-1,1,1,1,1,-1,-1,1,1,1,1,1,-1,1,1,-1,1,1,-1,-1,-1,1,1,1,-1,1,-1,1,1,1,1,1,1,-1,-1,1,-1,1,-1,1,-1,-1,1,-1,1,-1,-1,-1,-1,1,-1,1,1,-1,1,-1,1,1,1,-1,1,1,-1,1,-1,1,-1,-1,-1,-1,1,1,-1,-1,-1,-1,-1,1,-1,1,-1,-1,-1,-1,-1,-1,-1,1,-1,-1,-1,1,-1,-1,1,-1,-1,-1,-1,-1,1,1,-1,-1,-1,-1,-1,1,-1,-1,-1,1,-1,-1,1,-1,1,-1,-1,-1,-1,-1,-1,-1,1,-1,-1,-1,1,1,-1,-1,-1,-1,1,-1,-1,-1,-1,1,-1,-1,1,-1,1,-1,-1,-1,-1,1,-1,1,1,-1,1,-1,-1,1,1,-1,-1,-1,-1,-1,-1,1,1,-1,-1,1,-1,1,1,-1,-1,-1,1,-1,-1,1,-1,-1,1,-1,-1,1,1,1,-1,1,-1,1,1,1,-1,-1,1,-1,-1,1,1,1,-1,1,-1,-1,1,1,-1,1,1,-1,-1,1,1,-1,1,1,-1,-1,1,1,1,1,1,-1,-1,1,1,1,1,-1,1,-1,-1,1,1,-1,1,-1,-1,1,-1,1,1,1,1,-1,-1,1,-1,1,1,1,-1,1,1,1,1,-1,1,-1,1,1,1,1,1,1,1,-1,1,1,1,1,-1,1,-1,1,1,1,1,1,-1,1,1,1,1,-1,1,1,-1,1,1,-1,1,1,-1,-1,1,1,1,1,-1,1,-1,1,1,1,-1,-1,1,-1,1,1,1,-1,1,-1,-1,-1,1,1,-1,-1,1,-1,-1,1,1,-1,-1,1,-1,-1,1,1,1,-1,1,-1,-1,1,1,-1,-1,-1,1,-1,1,1,-1,1,1,-1,1,1,-1,-1,1,-1,-1,-1,1,1,-1,1,1,-1,1,1,-1,-1,-1,-1,1,-1,-1,-1,-1,1,-1,-1,1,1,-1,1,1,-1,1,1,1,1,-1,1,-1,1,1,1,-1,-1,1,-1,-1,1,1,-1,-1,1,-1,1,1,1,-1,-1,1,-1,1,1,1,1,-1,1,-1,-1,1,1,1,-1,-1,1,-1,1,1,1,-1,1,-1,-1,1,-2674.0,1,2000,445,500,False
165,1,1,-1,-1,1,1,-1,-1,1,1,1,-1,1,1,1,1,-1,1,-1,-1,-1,-1,1,1,1,-1,-1,-1,1,1,1,1,1,-1,-1,-1,1,1,1,1,-1,-1,-1,1,1,1,1,-1,1,1,1,1,-1,1,-1,-1,1,-1,1,1,1,-1,-1,-1,1,1,1,1,-1,-1,-1,1,1,1,1,-1,-1,-1,1,1,1,-1,-1,-1,1,1,1,1,-1,-1,-1,1,1,1,1,-1,-1,1,1,-1,1,1,-1,-1,1,1,1,1,1,-1,-1,-1,1,1,1,1,-1,-1,1,1,1,1,1,1,-1,-1,1,1,-1,1,1,-1,1,1,1,1,1,1,-1,1,1,1,1,1,1,-1,1,1,1,1,1,1,-1,-1,-1,1,1,1,1,-1,1,1,1,1,-1,1,-1,1,-1,1,1,1,-1,-1,1,1,1,1,1,-1,1,-1,-1,1,-1,1,-1,1,1,1,1,1,1,1,1,1,-1,1,-1,1,-1,1,1,-1,1,-1,1,1,-1,1,-1,1,-1,1,-1,1,1,-1,-1,-1,1,1,1,1,-1,-1,1,1,-1,-1,1,-1,1,-1,-1,1,-1,1,-1,1,-1,1,-1,-1,1,-1,1,-1,1,1,-1,1,-1,1,1,1,-1,1,1,-1,-1,-1,1,-1,1,-1,1,-1,1,1,-1,1,-1,-1,-1,1,1,-1,1,-1,-1,-1,1,1,-1,-1,1,1,-1,-1,1,1,-1,1,1,-1,1,1,1,1,-1,1,-1,1,1,-1,1,-1,1,1,-1,1,1,1,1,1,-1,-1,1,-1,-1,-1,1,1,-1,1,1,1,-1,1,-1,-1,1,1,1,1,1,-1,1,1,1,-1,1,1,-1,1,1,1,-1,1,1,-1,-1,1,1,1,-1,1,-1,1,1,1,-1,1,1,-1,1,1,1,-1,1,-1,-1,1,1,1,-1,1,-1,-1,-1,1,1,-1,1,-1,-1,1,-1,1,-1,1,1,-1,-1,1,1,1,1,1,-1,-1,1,1,-1,1,-1,1,-1,-1,-1,-1,1,1,-1,-1,1,1,-1,1,1,-1,-1,1,1,1,1,1,-1,1,1,1,-1,1,-1,-1,-1,-1,1,1,1,1,-1,-1,1,1,1,1,-1,-1,-1,-1,-1,1,-1,-1,-1,1,-1,1,1,1,1,-1,1,1,-1,1,-1,1,-1,-1,1,-1,1,1,1,1,-1,1,-1,-1,1,1,-1,-1,1,-1,1,1,1,-1,-1,1,-1,-1,1,1,-1,1,1,-1,1,1,-1,-1,1,1,-1,1,-1,-1,-1,1,-1,-1,1,-1,-1,1,1,-1,-1,1,-1,-1,-1,1,-1,-1,1,-1,-1,-1,1,-1,-1,1,-1,-1,-1,1,1,-1,1,-1,-1,-1,1,1,-1,-1,-1,1,-1,1,-1,-1,1,-1,-1,1,-1,1,-1,-1,1,-1,1,-1,1,-1,-1,1,-1,-1,1,1,1,-1,1,-1,1,-1,1,-1,1,-1,-1,-1,1,-1,-1,-1,1,1,-1,1,-1,1,-1,1,-1,1,1,-1,1,1,1,-1,-1,1,-1,1,-1,1,1,-1,1,-1,-1,1,1,-1,-1,1,-1,-1,-1,1,-1,-1,1,-1,1,1,1,1,-1,1,-1,-1,1,1,-1,-1,1,-1,-1,-1,1,1,-1,-1,1,1,-1,1,-1,-1,1,1,1,1,1,1,-1,-1,1,1,-1,1,-1,-1,-1,1,1,1,-1,-1,-1,1,-1,1,1,1,1,-1,-1,1,1,1,-1,-1,-1,1,1,1,1,1,-1,-1,-1,1,1,1,-1,-1,-1,-1,1,1,1,1,-1,-1,-1,1,1,1,1,-1,-1,1,1,1,1,1,-1,-1,-1,1,1,-1,1,-1,-1,-1,1,1,1,1,-1,-1,1,1,1,1,1,-1,1,1,-1,1,1,-1,-1,-1,1,1,1,-1,1,-1,1,1,1,1,1,1,-1,-1,1,-1,1,-1,1,-1,-1,1,-1,1,-1,-1,-1,-1,1,-1,1,1,-1,-1,-1,1,1,1,-1,1,-1,-1,1,-1,1,-1,-1,-1,-1,1,1,-1,-1,-1,-1,-1,1,-1,1,-1,-1,-1,-1,-1,-1,-1,1,-1,-1,-1,1,-1,-1,1,-1,-1,-1,-1,-1,-1,1,-1,-1,-1,-1,-1,1,-1,-1,-1,1,-1,-1,1,-1,1,-1,-1,-1,-1,-1,-1,-1,1,-1,-1,-1,1,1,-1,-1,-1,1,1,-1,-1,-1,-1,1,-1,-1,1,1,1,-1,-1,-1,-1,1,-1,1,1,-1,1,-1,-1,1,1,-1,-1,-1,-1,-1,-1,1,1,-1,-1,1,-1,1,1,-1,-1,-1,1,-1,1,1,-1,-1,1,-1,-1,1,1,1,-1,1,-1,1,1,1,-1,-1,1,-1,-1,1,1,1,-1,1,-1,-1,1,1,-1,1,1,-1,-1,1,1,1,1,1,-1,-1,1,1,1,1,1,-1,-1,1,1,1,1,-1,1,-1,-1,1,1,-1,1,-1,-1,1,-1,1,1,1,1,-1,-1,1,-1,1,1,1,-1,1,1,1,1,-1,1,-1,1,1,1,1,1,1,1,-1,1,1,1,1,-1,1,-1,1,1,1,1,1,-1,1,1,1,1,-1,1,1,-1,1,1,-1,1,1,-1,-1,1,1,1,1,-1,1,-1,1,1,1,-1,-1,1,-1,1,1,1,-1,1,-1,-1,-1,1,1,-1,-1,1,-1,-1,1,1,-1,-1,1,-1,-1,1,1,1,-1,1,-1,-1,1,1,-1,-1,-1,1,-1,1,1,-1,1,1,-1,1,1,-1,-1,1,-1,-1,-1,1,1,-1,1,1,-1,1,1,-1,-1,-1,-1,1,-1,-1,-1,-1,-1,-1,-1,1,1,-1,1,1,-1,1,1,1,1,-1,1,-1,1,1,1,-1,-1,1,-1,-1,1,1,-1,-1,1,-1,1,1,1,-1,-1,1,-1,1,1,1,1,-1,1,-1,-1,1,1,-1,-1,-1,1,-1,1,-1,1,-1,1,-1,-1,1,-2674.0,1,2000,445,500,False
166,1,1,-1,-1,1,1,-1,-1,1,1,1,-1,-1,1,1,1,-1,1,-1,-1,-1,-1,1,1,1,-1,-1,-1,1,1,1,1,-1,-1,-1,-1,1,-1,1,1,-1,-1,-1,1,1,1,1,-1,1,1,1,1,-1,1,-1,-1,1,-1,1,1,1,-1,-1,-1,1,1,1,1,-1,-1,-1,1,1,1,1,-1,-1,-1,1,1,1,-1,-1,-1,1,1,1,1,-1,-1,1,1,1,1,1,-1,-1,-1,1,-1,1,1,-1,-1,1,1,1,1,1,-1,-1,-1,1,1,1,1,-1,-1,1,1,1,1,1,1,-1,-1,1,1,-1,1,1,-1,1,1,1,1,1,1,-1,1,1,1,1,1,1,-1,1,1,1,1,1,1,-1,-1,-1,1,1,1,1,-1,1,1,1,1,-1,1,-1,1,-1,1,1,1,-1,-1,1,1,1,1,1,-1,1,-1,-1,1,-1,1,-1,1,1,1,1,1,1,1,1,1,1,1,-1,1,-1,1,1,-1,1,-1,1,1,-1,1,-1,1,-1,1,-1,1,1,-1,1,-1,1,1,1,1,-1,-1,1,1,-1,-1,1,-1,1,-1,1,1,-1,1,-1,1,-1,1,-1,1,1,-1,-1,-1,1,1,-1,1,-1,1,1,1,-1,1,1,-1,1,-1,1,-1,1,-1,1,-1,1,1,-1,1,-1,-1,-1,1,1,-1,1,-1,-1,-1,1,1,-1,-1,1,1,-1,-1,1,1,-1,1,1,-1,1,1,1,1,-1,1,-1,1,1,-1,1,-1,1,1,-1,1,1,1,1,1,-1,-1,1,-1,-1,-1,1,1,-1,1,1,1,-1,1,-1,-1,1,1,1,1,1,-1,1,1,1,-1,1,1,-1,1,1,1,-1,1,1,-1,-1,1,1,1,-1,1,-1,1,1,1,-1,1,1,-1,1,1,1,-1,1,-1,-1,1,1,1,-1,1,-1,-1,-1,1,1,-1,1,-1,-1,1,-1,1,-1,1,1,-1,-1,1,1,1,-1,1,-1,-1,1,1,-1,1,-1,1,-1,-1,-1,-1,1,1,-1,-1,1,1,-1,1,1,-1,-1,1,1,1,1,1,-1,1,1,1,-1,1,-1,-1,-1,-1,1,1,1,1,-1,-1,1,1,1,1,-1,-1,-1,-1,-1,1,-1,-1,-1,1,-1,1,1,-1,1,-1,1,1,-1,1,-1,1,-1,-1,1,-1,1,1,1,1,-1,1,-1,-1,1,1,-1,-1,1,-1,1,1,1,-1,-1,1,-1,-1,1,1,-1,1,1,-1,1,1,-1,-1,1,1,-1,1,-1,-1,-1,1,-1,-1,1,-1,-1,-1,1,-1,-1,1,-1,-1,-1,1,-1,-1,1,1,-1,-1,1,-1,-1,1,-1,-1,-1,-1,1,-1,1,-1,-1,-1,1,1,-1,-1,-1,1,-1,1,-1,-1,1,-1,-1,1,1,1,-1,-1,1,-1,1,-1,1,-1,-1,1,-1,-1,1,1,1,-1,1,-1,1,-1,1,-1,1,-1,-1,-1,1,-1,-1,-1,1,1,-1,1,-1,1,-1,1,-1,1,1,-1,1,1,1,-1,-1,1,-1,1,-1,1,1,-1,1,-1,-1,1,1,-1,-1,1,-1,-1,-1,1,-1,-1,1,-1,1,1,1,1,-1,1,-1,-1,1,1,-1,-1,1,-1,-1,-1,1,1,-1,-1,1,1,-1,1,-1,-1,1,1,1,1,1,1,-1,-1,1,1,-1,1,-1,-1,1,1,1,1,-1,-1,-1,1,-1,1,1,1,1,-1,-1,1,1,1,-1,-1,-1,-1,1,1,1,1,-1,-1,-1,1,1,1,-1,-1,-1,-1,1,1,1,1,-1,-1,1,1,1,1,1,-1,-1,-1,1,1,1,1,-1,-1,-1,1,1,-1,1,-1,-1,-1,1,1,1,1,-1,-1,1,1,1,1,1,-1,1,1,-1,1,1,-1,-1,-1,1,1,1,1,1,-1,1,1,1,1,1,1,-1,-1,1,-1,1,-1,1,-1,-1,1,-1,1,1,-1,-1,-1,1,-1,1,1,-1,1,-1,1,1,1,-1,1,1,-1,1,-1,1,-1,-1,-1,-1,1,1,-1,-1,-1,-1,-1,1,-1,1,-1,-1,-1,-1,-1,-1,-1,1,-1,-1,-1,1,-1,-1,1,-1,-1,-1,-1,-1,-1,1,-1,-1,-1,-1,-1,1,-1,-1,-1,1,-1,-1,1,-1,1,-1,-1,-1,-1,-1,-1,-1,1,-1,-1,-1,1,1,-1,-1,-1,-1,1,-1,-1,-1,-1,1,-1,-1,1,-1,1,-1,-1,-1,-1,1,-1,1,1,-1,1,-1,-1,1,1,-1,-1,-1,-1,-1,-1,1,1,-1,-1,1,-1,1,1,-1,-1,-1,1,-1,1,1,-1,-1,1,-1,-1,1,1,1,-1,1,-1,1,1,1,-1,-1,1,-1,-1,1,1,1,-1,1,-1,-1,1,1,-1,1,1,-1,-1,1,1,-1,1,1,-1,-1,1,1,-1,1,1,-1,-1,1,1,1,1,1,1,-1,-1,1,1,1,1,-1,-1,1,-1,1,1,1,1,-1,-1,1,-1,1,1,1,-1,1,1,1,1,-1,1,-1,1,1,1,1,1,1,1,-1,1,1,1,1,-1,1,-1,1,1,1,1,1,-1,1,1,1,1,-1,1,1,-1,1,1,-1,1,1,-1,-1,1,1,1,1,-1,1,-1,1,1,1,-1,-1,1,-1,1,1,1,-1,1,-1,-1,-1,1,1,-1,-1,1,-1,-1,1,1,-1,-1,1,-1,-1,1,1,1,-1,1,-1,-1,1,1,-1,-1,-1,1,-1,1,1,-1,1,1,-1,1,1,-1,-1,1,1,-1,-1,1,1,-1,1,1,-1,1,1,-1,-1,-1,-1,1,-1,-1,-1,-1,1,-1,-1,1,1,-1,1,1,-1,1,1,1,1,-1,1,-1,1,1,1,-1,-1,1,-1,-1,1,1,-1,-1,1,-1,1,1,1,-1,-1,1,-1,1,1,1,1,-1,1,-1,-1,1,1,1,-1,-1,1,-1,1,1,1,-1,1,-1,-1,1,-2674.0,1,2000,445,500,False
167,1,1,-1,-1,1,1,-1,-1,1,1,1,-1,1,1,1,1,-1,1,-1,-1,-1,-1,1,1,1,-1,-1,-1,1,1,1,1,-1,-1,-1,-1,1,-1,1,1,-1,-1,-1,1,1,1,1,-1,1,1,1,1,-1,1,-1,-1,1,-1,1,1,1,-1,-1,-1,1,1,1,1,-1,-1,-1,1,1,1,1,-1,-1,-1,1,1,1,-1,-1,-1,1,1,1,1,-1,1,-1,1,1,1,1,-1,-1,1,1,-1,1,1,-1,-1,1,1,1,1,1,-1,-1,1,1,1,1,1,-1,-1,1,1,1,1,1,1,-1,1,1,1,-1,1,1,-1,1,1,1,1,1,1,-1,-1,1,1,1,1,1,-1,1,1,1,1,1,1,-1,-1,-1,1,1,1,1,-1,1,1,1,1,-1,1,-1,1,-1,1,1,1,-1,-1,1,1,1,1,1,-1,1,-1,-1,1,-1,1,-1,1,1,1,1,1,1,1,1,1,-1,1,-1,1,-1,1,1,-1,1,-1,1,1,-1,1,-1,1,-1,1,-1,1,1,-1,1,-1,1,1,1,1,-1,-1,1,1,-1,-1,1,-1,1,-1,1,1,-1,1,-1,1,-1,1,-1,-1,1,-1,-1,-1,1,1,-1,1,-1,1,1,1,-1,1,1,-1,1,-1,1,-1,1,-1,1,-1,1,1,-1,1,-1,-1,-1,1,1,-1,1,-1,-1,-1,1,1,-1,-1,1,1,-1,-1,1,1,-1,1,1,-1,1,1,1,1,-1,1,-1,1,1,-1,1,-1,1,1,-1,1,1,1,1,1,-1,-1,1,-1,-1,-1,1,1,-1,1,1,1,-1,1,-1,-1,1,1,1,-1,1,-1,1,1,1,-1,1,1,-1,1,1,1,-1,1,1,-1,-1,1,1,1,-1,1,-1,1,1,1,-1,1,1,-1,1,1,1,-1,1,-1,-1,1,1,1,-1,1,-1,-1,-1,1,1,-1,1,-1,-1,1,-1,1,-1,1,1,-1,-1,1,1,1,1,1,-1,-1,1,1,-1,1,-1,1,-1,-1,-1,-1,1,1,-1,-1,1,1,-1,1,1,-1,-1,1,1,1,1,1,-1,1,1,1,-1,1,-1,-1,-1,-1,1,1,1,1,-1,-1,1,1,1,1,-1,-1,-1,-1,-1,1,-1,-1,-1,1,-1,1,1,1,1,-1,1,1,-1,1,-1,1,-1,-1,1,-1,1,1,1,1,-1,1,-1,-1,1,1,-1,-1,1,-1,1,1,1,-1,-1,1,-1,-1,1,1,-1,1,1,-1,1,1,-1,-1,1,1,-1,1,-1,-1,-1,1,-1,-1,1,-1,-1,1,1,-1,-1,1,-1,-1,-1,1,-1,-1,1,-1,-1,-1,1,-1,-1,1,-1,-1,-1,1,1,-1,1,1,-1,-1,1,1,-1,-1,1,1,-1,1,-1,-1,1,1,-1,1,-1,1,-1,-1,1,-1,1,-1,1,-1,-1,1,-1,-1,1,1,1,-1,1,-1,1,-1,-1,1,1,-1,-1,-1,1,-1,-1,-1,1,1,-1,1,-1,1,-1,1,-1,1,1,-1,1,1,1,-1,-1,1,-1,1,-1,1,1,-1,1,-1,-1,1,1,-1,-1,1,-1,-1,-1,1,-1,-1,1,-1,1,1,1,1,-1,1,-1,-1,1,1,-1,-1,1,-1,-1,-1,1,1,-1,-1,1,1,-1,-1,-1,-1,1,1,1,1,1,1,-1,-1,1,1,-1,1,-1,-1,1,1,1,1,-1,-1,-1,1,-1,1,1,1,-1,-1,-1,1,1,1,-1,-1,-1,-1,1,1,1,1,-1,-1,-1,1,1,1,-1,-1,-1,-1,1,1,1,1,-1,-1,1,1,1,1,1,-1,-1,-1,1,1,1,-1,-1,-1,-1,1,1,-1,1,-1,-1,-1,1,1,1,1,-1,-1,1,1,1,1,1,-1,1,1,-1,1,1,-1,-1,-1,1,1,1,-1,1,-1,1,1,1,1,1,1,-1,-1,1,-1,1,-1,1,-1,-1,1,-1,1,-1,-1,-1,-1,1,-1,1,1,-1,1,-1,1,1,1,-1,1,1,-1,1,-1,1,-1,-1,-1,-1,1,1,-1,-1,-1,-1,-1,1,-1,1,-1,-1,-1,-1,-1,-1,-1,1,-1,-1,-1,1,-1,-1,1,-1,-1,-1,-1,-1,-1,1,-1,-1,-1,-1,-1,1,-1,-1,-1,1,-1,-1,1,-1,1,-1,-1,-1,-1,-1,-1,-1,1,-1,-1,-1,1,1,1,-1,-1,-1,1,-1,-1,-1,-1,1,-1,-1,1,-1,1,-1,-1,-1,-1,1,-1,1,1,-1,1,-1,-1,1,1,-1,-1,-1,-1,-1,-1,1,1,-1,-1,1,-1,1,1,-1,-1,-1,1,-1,1,1,-1,-1,1,-1,-1,1,1,1,-1,1,-1,1,1,1,-1,-1,1,-1,-1,1,1,1,-1,1,-1,-1,1,1,-1,1,1,-1,-1,1,1,1,1,1,-1,-1,1,1,-1,1,1,-1,-1,1,1,1,1,-1,1,-1,-1,1,1,1,1,-1,-1,1,-1,1,1,1,1,-1,-1,1,-1,1,1,1,-1,1,1,1,1,-1,1,-1,1,1,1,1,1,1,1,-1,1,1,1,1,-1,1,-1,1,1,1,1,1,-1,1,1,1,1,-1,1,1,-1,1,1,-1,1,1,-1,-1,1,1,1,1,-1,1,-1,1,1,1,-1,-1,1,-1,1,1,1,-1,1,-1,-1,-1,1,1,-1,-1,1,-1,-1,1,1,1,-1,1,-1,-1,1,1,1,-1,1,-1,-1,1,1,-1,-1,-1,1,-1,1,1,-1,1,1,-1,1,1,-1,-1,1,-1,-1,-1,-1,1,-1,1,1,-1,1,1,-1,-1,-1,-1,1,-1,-1,-1,-1,1,-1,-1,1,1,-1,1,1,-1,1,1,1,1,-1,1,-1,1,1,1,1,-1,1,-1,-1,-1,1,1,-1,1,-1,1,1,1,1,-1,1,-1,1,1,1,-1,-1,1,-1,-1,1,1,-1,-1,-1,1,-1,1,-1,1,-1,1,-1,-1,1,-2674.0,1,2000,445,500,False
168,1,1,-1,-1,1,1,-1,-1,1,1,1,-1,1,1,1,1,-1,1,-1,-1,-1,-1,1,1,1,-1,-1,-1,1,1,1,1,-1,-1,-1,-1,1,1,1,1,-1,-1,-1,1,1,1,1,-1,1,1,1,1,-1,1,-1,-1,1,-1,1,1,1,-1,-1,-1,1,1,1,1,-1,-1,-1,1,1,1,1,-1,-1,-1,1,1,1,-1,-1,-1,1,1,1,1,-1,-1,1,1,1,1,1,-1,-1,-1,1,-1,1,1,-1,-1,1,1,1,1,1,-1,-1,-1,1,-1,1,1,-1,-1,1,1,1,1,1,1,-1,-1,1,1,-1,1,1,-1,1,1,1,1,1,1,-1,1,1,1,1,1,1,-1,1,1,1,1,1,1,-1,-1,-1,1,1,1,1,-1,1,1,1,1,-1,1,-1,1,-1,1,1,1,-1,-1,1,1,1,1,1,-1,1,-1,-1,1,-1,1,-1,1,1,1,1,1,1,1,1,1,-1,1,-1,1,-1,1,1,-1,1,-1,1,1,-1,1,-1,1,-1,1,-1,1,1,-1,1,-1,1,1,1,1,-1,-1,1,1,-1,-1,1,-1,1,-1,1,1,-1,1,-1,1,-1,1,-1,1,1,-1,-1,-1,1,1,-1,1,-1,1,1,1,-1,1,1,-1,1,-1,1,-1,1,-1,1,-1,1,1,-1,1,-1,-1,-1,1,1,-1,1,-1,-1,-1,1,1,-1,-1,1,1,-1,-1,1,1,-1,1,1,-1,1,1,1,1,-1,1,-1,1,1,-1,1,-1,1,1,-1,1,1,1,1,1,-1,-1,1,-1,-1,1,1,1,-1,1,1,1,-1,1,-1,-1,1,1,1,1,1,-1,1,1,1,-1,-1,1,-1,1,1,1,-1,1,1,-1,-1,1,1,1,-1,1,-1,1,1,1,-1,1,1,-1,1,1,1,-1,1,-1,-1,1,1,1,-1,1,-1,-1,-1,1,1,-1,1,-1,-1,1,-1,1,-1,1,1,-1,-1,1,1,1,1,1,-1,-1,1,1,-1,1,-1,1,-1,-1,-1,-1,1,1,-1,-1,1,1,-1,1,1,-1,-1,1,1,1,1,1,-1,1,1,1,-1,1,-1,-1,-1,-1,1,1,1,1,-1,-1,1,1,1,1,-1,-1,-1,-1,-1,1,-1,-1,-1,1,-1,1,1,1,1,-1,1,1,-1,1,-1,1,-1,-1,1,-1,1,1,1,1,-1,1,-1,-1,1,1,-1,-1,1,-1,1,1,1,-1,-1,1,-1,-1,1,1,-1,1,1,-1,1,1,-1,-1,1,1,-1,1,-1,-1,-1,1,-1,-1,1,-1,-1,1,1,-1,-1,1,-1,-1,-1,1,-1,-1,1,-1,-1,-1,1,-1,-1,1,-1,-1,-1,1,1,-1,1,1,-1,-1,1,1,-1,-1,1,1,-1,1,-1,-1,1,1,-1,1,-1,1,-1,-1,1,-1,1,-1,1,-1,-1,1,-1,-1,1,1,1,-1,1,-1,1,-1,-1,1,1,-1,-1,-1,1,-1,-1,-1,1,1,-1,1,-1,1,-1,1,-1,1,1,-1,1,1,1,-1,-1,1,-1,1,-1,1,1,-1,1,-1,-1,1,1,-1,-1,1,-1,-1,-1,1,-1,-1,1,-1,1,1,1,1,-1,1,-1,-1,1,1,-1,-1,1,-1,-1,-1,1,1,-1,-1,1,1,-1,1,-1,-1,1,1,1,1,1,1,-1,-1,1,1,-1,1,-1,-1,1,1,1,1,-1,1,-1,1,-1,1,1,1,1,-1,-1,1,1,1,-1,-1,-1,-1,1,1,1,1,-1,-1,-1,1,1,1,-1,-1,-1,-1,1,1,1,1,-1,-1,1,1,1,1,1,-1,-1,-1,1,1,1,-1,-1,-1,-1,1,1,-1,1,-1,-1,-1,1,1,1,1,-1,-1,1,1,1,1,1,-1,1,1,-1,1,1,-1,-1,-1,1,1,1,-1,1,-1,1,1,1,1,1,1,-1,-1,1,-1,1,-1,1,-1,-1,1,-1,1,-1,-1,-1,-1,1,-1,1,1,-1,-1,-1,1,1,1,-1,1,-1,-1,1,-1,1,-1,-1,-1,-1,1,1,-1,-1,-1,-1,-1,1,-1,1,-1,-1,-1,-1,-1,-1,-1,1,-1,-1,-1,1,-1,-1,1,-1,-1,-1,-1,-1,1,1,-1,-1,-1,-1,-1,1,-1,-1,-1,1,-1,-1,1,-1,1,-1,-1,-1,-1,-1,-1,-1,1,-1,-1,-1,1,1,1,-1,-1,-1,1,-1,-1,-1,-1,1,-1,-1,1,1,1,-1,-1,-1,-1,1,-1,1,1,-1,1,-1,-1,1,1,-1,-1,-1,-1,-1,-1,1,1,-1,-1,1,-1,1,1,-1,-1,-1,1,-1,1,1,-1,-1,1,-1,-1,1,1,1,-1,1,-1,1,1,1,-1,-1,1,-1,-1,1,1,1,-1,1,-1,-1,1,1,-1,1,1,-1,-1,1,1,-1,1,1,-1,-1,1,1,-1,1,1,-1,-1,1,1,1,1,1,1,-1,-1,1,1,1,1,-1,-1,1,-1,1,1,1,1,-1,-1,1,-1,1,1,1,-1,1,1,1,1,-1,1,-1,1,1,1,1,1,1,1,-1,1,1,1,1,-1,1,-1,1,1,1,1,1,-1,1,1,1,1,-1,1,1,-1,1,1,-1,1,1,-1,-1,1,1,1,1,-1,1,-1,1,1,1,-1,-1,1,-1,1,1,1,-1,1,-1,-1,-1,1,1,-1,-1,1,-1,-1,1,1,-1,-1,1,-1,-1,1,1,1,-1,1,-1,-1,1,1,-1,-1,-1,1,-1,1,1,-1,1,1,-1,1,1,-1,-1,1,-1,-1,-1,1,1,-1,1,1,-1,1,1,-1,-1,-1,-1,1,-1,-1,-1,-1,1,-1,-1,1,1,-1,1,1,-1,1,1,1,1,-1,1,-1,1,1,1,-1,-1,1,-1,-1,-1,1,-1,-1,1,-1,1,1,1,-1,-1,1,-1,1,1,1,1,-1,1,-1,-1,1,1,1,-1,-1,1,-1,1,-1,1,-1,1,-1,-1,1,-2674.0,1,2000,445,500,False
169,1,1,-1,-1,1,1,-1,-1,1,1,1,-1,-1,1,1,1,-1,1,-1,-1,-1,-1,1,1,1,-1,-1,-1,1,1,1,1,1,-1,-1,-1,1,1,1,1,-1,-1,-1,1,1,1,1,-1,1,1,1,1,-1,1,-1,-1,1,-1,1,1,1,-1,-1,-1,1,1,1,1,-1,-1,-1,1,1,1,1,-1,-1,-1,1,1,1,-1,-1,-1,1,1,1,1,-1,-1,-1,1,1,1,1,-1,-1,1,1,-1,1,1,-1,-1,1,1,1,1,1,-1,-1,-1,1,1,1,1,-1,-1,1,1,1,1,1,1,-1,-1,1,1,-1,1,1,-1,1,1,1,1,1,1,-1,1,1,1,1,1,1,-1,1,1,1,1,1,1,-1,-1,-1,1,1,1,1,-1,1,1,1,1,-1,1,-1,1,-1,1,1,1,-1,-1,1,1,1,1,1,-1,1,-1,-1,1,-1,1,-1,1,1,1,1,1,1,1,1,1,-1,1,-1,1,-1,1,1,-1,1,-1,1,1,-1,1,-1,1,-1,1,-1,1,1,-1,1,-1,1,1,1,1,-1,-1,1,1,-1,-1,1,-1,1,-1,-1,1,-1,1,-1,1,-1,1,-1,1,1,-1,-1,-1,1,1,-1,1,-1,1,1,1,-1,1,1,-1,1,-1,1,-1,1,-1,1,-1,1,1,-1,1,-1,-1,-1,1,1,-1,1,-1,-1,-1,1,1,-1,-1,1,1,-1,-1,1,1,-1,1,1,-1,1,1,1,1,-1,1,-1,1,1,-1,1,-1,1,1,-1,1,1,1,1,1,-1,-1,1,-1,-1,-1,1,1,-1,1,1,1,-1,1,-1,-1,1,1,1,-1,1,-1,1,1,1,-1,1,1,-1,1,1,1,-1,1,1,-1,-1,1,1,1,-1,1,-1,1,1,1,-1,1,1,-1,1,1,1,-1,1,-1,-1,1,1,1,-1,1,-1,-1,-1,1,1,-1,1,-1,-1,1,-1,1,-1,1,1,-1,-1,1,1,1,-1,1,-1,-1,1,1,-1,1,-1,1,-1,-1,-1,-1,1,1,-1,-1,1,1,-1,1,1,-1,-1,1,1,1,1,1,-1,1,1,1,-1,1,-1,-1,-1,-1,1,1,1,1,-1,-1,1,1,1,1,-1,-1,-1,-1,-1,1,-1,-1,-1,1,-1,1,1,1,1,-1,1,1,-1,1,-1,1,-1,-1,1,-1,1,1,1,1,-1,1,-1,-1,1,1,-1,-1,1,-1,1,1,1,-1,-1,1,-1,-1,1,1,-1,1,1,-1,1,1,-1,-1,1,1,-1,1,-1,-1,-1,1,-1,-1,1,-1,-1,1,1,-1,-1,1,-1,-1,-1,1,-1,-1,1,-1,-1,-1,1,-1,-1,1,-1,-1,-1,1,1,-1,1,1,-1,-1,1,1,-1,-1,1,1,-1,1,-1,-1,1,1,-1,1,-1,1,-1,-1,1,-1,1,-1,1,1,-1,1,-1,-1,1,1,1,-1,1,-1,1,-1,1,-1,1,-1,-1,-1,1,-1,-1,-1,1,1,-1,1,-1,1,-1,1,-1,1,1,-1,1,1,1,-1,-1,1,-1,1,-1,1,1,-1,1,-1,-1,1,1,-1,-1,1,-1,-1,-1,1,-1,-1,1,-1,1,1,1,1,-1,1,-1,-1,1,1,-1,-1,1,-1,-1,-1,1,1,-1,-1,1,1,-1,-1,-1,-1,1,1,1,1,1,1,-1,-1,1,1,-1,1,-1,-1,1,1,1,1,-1,-1,-1,1,-1,1,1,1,-1,-1,-1,1,1,1,-1,-1,-1,-1,1,1,1,1,-1,-1,-1,1,1,1,-1,-1,-1,-1,1,1,1,1,-1,-1,1,1,1,1,1,-1,-1,-1,1,1,1,1,-1,-1,-1,1,1,-1,1,-1,-1,-1,1,1,1,1,-1,-1,1,1,1,1,1,-1,1,1,-1,1,1,-1,-1,-1,1,1,1,-1,1,-1,1,1,1,1,1,1,-1,-1,1,-1,1,-1,1,-1,-1,1,-1,1,-1,-1,-1,-1,1,-1,1,1,-1,-1,-1,1,1,1,-1,1,-1,-1,1,-1,1,-1,-1,-1,-1,1,1,-1,-1,-1,-1,-1,1,-1,1,-1,-1,-1,-1,-1,-1,-1,1,-1,-1,-1,1,-1,-1,1,-1,-1,-1,-1,-1,1,1,-1,-1,-1,-1,-1,1,-1,-1,-1,1,-1,-1,1,-1,1,-1,-1,-1,-1,-1,-1,-1,1,-1,-1,-1,1,1,1,-1,-1,1,-1,-1,-1,-1,-1,1,-1,-1,1,-1,1,-1,-1,-1,-1,1,-1,1,1,-1,1,-1,-1,1,1,-1,-1,-1,-1,-1,-1,1,1,-1,-1,1,-1,1,1,-1,-1,-1,1,-1,1,1,-1,-1,1,-1,-1,1,1,1,-1,1,-1,1,1,1,-1,-1,1,-1,-1,1,1,1,-1,1,-1,-1,1,1,-1,1,1,-1,-1,1,1,1,1,1,-1,-1,1,1,1,1,1,-1,-1,1,1,1,1,1,1,-1,-1,1,1,-1,1,-1,-1,1,-1,1,1,1,1,-1,-1,1,-1,1,1,1,-1,1,1,1,1,-1,1,-1,1,1,1,1,1,1,1,-1,1,1,1,1,-1,1,-1,1,1,1,1,1,-1,1,1,1,1,-1,1,1,-1,1,1,-1,1,1,-1,-1,1,1,1,1,-1,1,-1,1,1,1,-1,-1,1,-1,1,1,1,-1,1,-1,-1,-1,1,1,-1,-1,1,-1,-1,1,1,-1,-1,1,-1,-1,1,1,1,-1,1,-1,-1,1,1,-1,-1,-1,1,-1,1,1,-1,1,1,-1,1,1,-1,-1,1,-1,-1,-1,1,1,-1,1,1,-1,1,1,-1,-1,-1,-1,1,-1,-1,-1,-1,1,-1,-1,1,1,-1,1,1,-1,1,1,1,1,-1,1,-1,1,1,1,-1,-1,1,-1,-1,-1,1,-1,-1,1,-1,1,1,1,-1,-1,1,-1,1,1,1,1,-1,1,-1,-1,1,1,-1,-1,-1,1,-1,1,-1,1,-1,1,-1,-1,1,-2674.0,1,2000,445,500,False
170,1,1,-1,-1,1,-1,-1,-1,1,1,1,-1,1,1,1,1,-1,1,-1,-1,1,-1,1,1,1,-1,1,-1,1,1,1,1,-1,-1,-1,-1,1,-1,1,1,-1,-1,-1,1,1,1,1,-1,1,1,1,1,-1,1,-1,-1,1,-1,1,1,1,-1,-1,-1,1,1,1,1,-1,-1,-1,1,1,1,1,-1,-1,-1,1,1,1,-1,-1,-1,1,1,1,1,-1,-1,-1,1,1,1,1,-1,-1,1,1,-1,1,1,-1,-1,1,1,1,1,1,-1,-1,1,1,-1,1,1,-1,-1,1,1,1,1,1,1,-1,-1,1,1,-1,1,1,-1,1,1,1,1,1,1,-1,-1,1,1,1,1,1,-1,1,1,1,1,1,1,-1,-1,-1,1,1,1,1,-1,1,1,1,1,-1,1,-1,1,-1,1,1,1,-1,-1,1,1,1,1,1,-1,1,-1,-1,1,-1,1,-1,1,1,1,1,1,1,1,1,1,-1,1,-1,1,-1,1,1,-1,1,-1,1,1,-1,1,-1,1,-1,1,-1,1,1,-1,1,-1,1,1,1,1,-1,-1,1,1,-1,-1,1,-1,1,-1,-1,1,-1,1,-1,1,-1,1,-1,1,1,-1,-1,-1,1,1,-1,1,-1,1,1,1,-1,1,1,-1,1,-1,1,-1,1,-1,1,-1,1,1,-1,1,-1,-1,-1,1,1,-1,1,-1,-1,-1,1,1,-1,-1,1,1,-1,-1,1,1,-1,1,1,-1,1,1,1,1,-1,1,-1,1,1,-1,1,-1,1,1,-1,1,1,1,1,1,-1,-1,1,-1,-1,-1,1,1,-1,1,1,1,-1,1,-1,-1,1,1,1,1,1,-1,1,1,1,-1,-1,1,-1,1,1,1,-1,1,1,-1,-1,1,1,1,-1,1,-1,1,1,1,-1,1,1,-1,1,1,1,-1,1,-1,-1,1,1,1,-1,1,-1,-1,-1,1,1,-1,1,-1,-1,1,-1,1,-1,1,1,-1,-1,1,1,1,1,1,-1,-1,1,1,-1,1,-1,1,-1,-1,-1,-1,1,1,1,-1,1,1,-1,1,1,-1,-1,1,1,1,1,1,-1,1,1,1,-1,1,-1,-1,-1,-1,1,1,1,1,-1,-1,1,1,1,1,-1,-1,-1,-1,-1,1,-1,-1,-1,1,-1,1,1,1,1,1,1,1,-1,1,-1,1,-1,-1,1,-1,1,1,1,1,-1,1,-1,-1,1,1,-1,-1,1,-1,1,1,1,-1,-1,1,-1,-1,1,1,-1,1,1,-1,1,1,-1,-1,1,1,-1,1,-1,-1,-1,1,1,-1,1,-1,-1,1,1,-1,-1,1,-1,-1,-1,1,-1,-1,1,-1,-1,-1,1,-1,-1,1,-1,-1,-1,1,1,-1,1,-1,-1,-1,1,1,-1,-1,-1,1,-1,1,-1,-1,1,-1,-1,1,-1,1,-1,-1,1,-1,1,-1,1,-1,-1,1,-1,-1,1,1,1,-1,1,-1,1,-1,1,1,1,-1,-1,-1,1,-1,-1,-1,1,1,-1,1,-1,1,-1,1,-1,1,1,-1,1,1,1,-1,-1,1,-1,1,-1,1,1,-1,1,-1,-1,1,1,-1,-1,1,-1,-1,-1,1,-1,-1,1,-1,1,1,1,1,-1,1,-1,-1,1,1,-1,-1,1,-1,-1,-1,1,1,-1,-1,1,1,-1,1,-1,-1,1,1,1,-1,1,1,-1,-1,1,1,-1,1,-1,-1,1,1,1,1,-1,1,-1,1,-1,1,1,1,1,-1,-1,1,1,1,-1,-1,-1,-1,1,1,1,1,-1,-1,-1,1,1,1,-1,-1,-1,-1,1,1,1,1,-1,-1,1,1,1,1,1,-1,-1,-1,1,1,1,-1,-1,-1,-1,1,1,-1,1,-1,-1,-1,1,1,1,1,-1,-1,1,1,1,1,1,-1,1,1,-1,1,1,-1,-1,-1,1,1,1,-1,1,-1,1,1,1,1,1,1,-1,-1,1,-1,1,-1,1,-1,-1,1,-1,1,-1,-1,-1,-1,1,-1,1,1,-1,1,-1,1,1,1,-1,1,1,-1,1,-1,1,-1,-1,-1,-1,1,1,-1,-1,-1,-1,-1,1,-1,1,-1,-1,-1,-1,-1,-1,-1,1,-1,-1,-1,1,-1,-1,1,-1,-1,-1,-1,-1,1,1,-1,-1,-1,-1,-1,1,-1,-1,-1,1,-1,-1,1,-1,1,-1,-1,-1,-1,-1,-1,-1,1,-1,-1,-1,1,1,-1,-1,-1,1,-1,-1,-1,-1,-1,1,-1,-1,1,-1,1,-1,-1,-1,-1,1,-1,1,1,-1,1,-1,-1,1,1,-1,-1,-1,-1,-1,-1,1,1,-1,-1,1,-1,1,1,-1,-1,-1,1,-1,1,1,-1,-1,1,-1,-1,1,1,1,-1,1,-1,1,1,1,-1,-1,1,-1,-1,1,1,1,-1,1,-1,-1,1,1,-1,1,1,-1,-1,1,1,1,1,1,-1,-1,1,1,-1,1,1,-1,-1,1,1,1,1,1,1,-1,-1,1,1,1,1,-1,-1,1,-1,1,1,1,1,-1,-1,1,-1,1,1,1,-1,1,1,1,1,-1,1,-1,1,1,1,1,1,1,1,-1,1,1,1,1,-1,1,-1,1,1,1,1,1,-1,1,1,1,1,-1,1,1,-1,1,1,-1,1,1,-1,-1,1,1,1,1,-1,1,-1,1,1,1,-1,-1,1,-1,1,1,1,-1,1,-1,-1,-1,1,1,-1,-1,1,-1,-1,1,1,1,-1,1,-1,-1,1,1,1,-1,1,-1,-1,1,1,-1,-1,-1,1,-1,-1,1,-1,1,1,-1,1,1,-1,-1,1,-1,-1,-1,1,1,-1,1,1,-1,1,1,-1,-1,-1,-1,1,-1,-1,-1,-1,1,-1,-1,1,1,-1,1,1,-1,1,1,1,1,-1,1,-1,1,1,1,1,-1,1,-1,-1,1,1,1,-1,1,-1,1,1,1,1,-1,1,-1,1,1,-1,-1,-1,1,-1,-1,1,1,-1,-1,-1,1,-1,1,-1,1,-1,1,-1,-1,1,-2674.0,1,2000,445,500,False
171,1,1,-1,-1,1,1,-1,-1,1,1,1,-1,1,1,1,1,-1,1,-1,-1,-1,-1,1,1,1,-1,-1,-1,1,1,1,1,-1,-1,-1,-1,1,-1,1,1,-1,-1,-1,1,1,1,1,-1,1,1,1,1,-1,1,-1,-1,1,-1,1,1,1,-1,-1,-1,1,1,1,1,-1,-1,-1,1,1,1,1,-1,-1,-1,1,1,1,-1,-1,-1,1,1,1,1,-1,-1,-1,1,1,1,1,-1,-1,1,1,-1,1,1,-1,-1,1,1,1,1,1,-1,-1,1,1,1,1,1,-1,-1,1,1,1,1,1,1,-1,1,1,1,-1,1,1,-1,1,1,1,1,1,1,-1,-1,1,1,1,1,1,-1,1,1,1,1,1,1,-1,-1,-1,1,1,1,1,-1,1,1,1,1,-1,1,-1,1,-1,1,1,1,-1,-1,1,1,1,1,1,-1,1,-1,-1,1,-1,1,-1,1,1,1,1,1,1,1,1,1,-1,1,-1,1,-1,1,1,-1,1,-1,1,1,-1,1,-1,1,-1,1,-1,1,1,-1,1,-1,1,1,1,1,-1,-1,1,1,-1,-1,1,-1,1,-1,-1,1,-1,1,-1,1,-1,1,-1,-1,1,-1,-1,-1,1,1,-1,1,-1,1,1,1,-1,1,1,-1,1,-1,1,-1,1,-1,1,-1,1,1,-1,1,-1,-1,-1,1,1,-1,1,-1,-1,-1,1,1,-1,-1,1,1,-1,-1,1,1,-1,1,1,-1,1,1,1,1,-1,1,-1,1,1,-1,1,-1,1,1,-1,1,1,1,1,1,-1,-1,1,-1,-1,-1,1,1,-1,1,1,1,-1,1,-1,-1,1,1,1,1,1,-1,1,1,1,-1,1,1,-1,1,1,1,-1,1,1,-1,-1,1,1,1,-1,1,-1,1,1,1,-1,1,1,-1,1,1,1,-1,1,-1,-1,1,1,1,-1,1,-1,-1,-1,1,1,-1,1,-1,-1,1,-1,1,-1,1,1,-1,-1,1,1,1,-1,1,-1,-1,1,1,-1,1,-1,1,-1,-1,-1,-1,1,1,-1,-1,1,1,-1,1,1,-1,-1,1,1,1,1,1,-1,1,1,1,-1,1,-1,-1,-1,-1,1,1,1,1,-1,-1,1,1,1,1,-1,-1,-1,-1,-1,1,-1,-1,-1,1,-1,1,1,1,1,-1,1,1,-1,1,-1,1,-1,-1,1,-1,1,1,1,1,-1,1,-1,-1,1,1,-1,-1,1,-1,1,1,1,-1,-1,1,-1,-1,1,1,-1,1,1,-1,1,1,-1,-1,1,1,-1,1,-1,-1,-1,1,-1,-1,1,-1,-1,1,1,-1,-1,1,-1,-1,-1,1,-1,-1,1,1,-1,-1,1,-1,-1,1,-1,-1,-1,1,1,-1,1,-1,-1,-1,1,1,-1,-1,-1,1,-1,1,-1,-1,1,-1,-1,1,1,1,-1,-1,1,-1,1,-1,1,1,-1,1,-1,-1,1,1,1,-1,1,-1,1,-1,1,-1,1,-1,-1,-1,1,-1,-1,-1,1,1,-1,1,-1,1,-1,1,-1,1,1,-1,1,1,1,-1,-1,1,-1,1,-1,1,1,-1,1,-1,-1,1,1,-1,-1,1,-1,-1,-1,1,-1,-1,1,-1,1,1,1,1,-1,1,-1,-1,1,1,-1,-1,1,-1,-1,-1,1,1,-1,-1,1,1,-1,1,-1,-1,1,1,1,1,1,1,-1,-1,1,1,-1,1,-1,-1,1,1,1,1,-1,-1,-1,1,-1,1,1,1,-1,-1,-1,1,1,1,-1,-1,-1,-1,1,1,1,1,-1,-1,-1,1,1,1,-1,-1,-1,-1,1,1,1,1,-1,-1,1,1,1,1,1,-1,-1,-1,1,1,1,1,-1,-1,-1,1,1,-1,1,-1,-1,-1,1,1,1,1,-1,-1,1,1,1,1,1,-1,1,1,-1,1,1,-1,-1,-1,1,1,1,-1,1,-1,1,1,1,1,1,1,-1,-1,1,-1,1,-1,1,-1,-1,1,-1,1,-1,-1,-1,-1,1,-1,1,1,-1,1,-1,1,1,1,-1,1,1,-1,1,-1,1,-1,-1,-1,-1,1,1,-1,-1,-1,-1,-1,1,-1,1,-1,-1,-1,-1,-1,-1,-1,1,-1,-1,-1,1,-1,-1,1,-1,-1,-1,-1,-1,1,1,-1,-1,-1,-1,-1,1,-1,-1,-1,1,-1,-1,1,-1,1,-1,-1,-1,-1,-1,-1,-1,1,-1,-1,-1,1,1,1,-1,-1,1,-1,-1,-1,-1,-1,1,-1,-1,1,1,1,-1,-1,-1,-1,1,-1,1,1,-1,1,-1,-1,1,1,-1,-1,-1,-1,-1,-1,1,1,-1,-1,1,-1,1,1,-1,-1,-1,1,-1,1,1,-1,-1,1,-1,-1,1,1,1,-1,1,-1,1,1,1,-1,-1,1,-1,-1,1,1,1,-1,1,-1,-1,1,1,-1,1,1,-1,-1,1,1,-1,1,1,-1,-1,1,1,-1,1,1,-1,-1,1,1,1,1,-1,1,-1,-1,1,1,-1,1,-1,-1,1,-1,1,1,1,1,-1,-1,1,-1,1,1,1,-1,1,1,1,1,-1,1,-1,1,1,1,1,1,1,1,-1,1,1,1,1,-1,1,-1,1,1,1,1,1,-1,1,1,1,1,-1,1,1,-1,1,1,-1,1,1,-1,-1,1,1,1,1,-1,1,-1,1,1,1,-1,-1,1,-1,1,1,1,-1,1,-1,-1,-1,1,1,-1,-1,1,-1,-1,1,1,1,-1,1,-1,-1,1,1,1,-1,1,-1,-1,1,1,-1,-1,-1,1,-1,1,1,-1,1,1,-1,1,1,-1,-1,1,-1,-1,-1,1,1,-1,1,1,-1,1,1,-1,-1,-1,-1,1,-1,-1,-1,-1,-1,-1,-1,1,1,-1,1,1,-1,1,1,1,1,-1,1,-1,1,1,1,1,-1,1,-1,-1,1,1,1,-1,1,-1,1,1,1,1,-1,1,-1,1,1,1,-1,-1,1,-1,-1,1,1,-1,-1,-1,1,-1,1,-1,1,-1,1,-1,-1,1,-2674.0,1,2000,445,500,False
172,1,1,-1,-1,1,-1,-1,-1,1,1,1,-1,1,1,1,1,-1,1,-1,-1,-1,-1,1,1,1,1,-1,-1,1,1,1,1,-1,-1,-1,-1,1,1,1,1,-1,-1,-1,1,1,1,1,-1,1,1,1,1,-1,1,-1,-1,1,-1,1,1,1,-1,-1,-1,1,1,1,1,-1,-1,-1,1,1,1,1,-1,-1,-1,1,1,1,-1,-1,-1,1,1,1,1,-1,-1,-1,1,1,1,1,-1,-1,1,1,-1,1,1,-1,-1,1,1,1,1,1,-1,-1,1,1,1,1,1,-1,-1,1,1,1,1,1,1,-1,-1,1,1,-1,1,1,-1,1,1,1,1,1,1,-1,-1,1,1,1,1,1,-1,1,1,1,1,1,1,-1,-1,-1,1,1,1,1,-1,1,1,1,1,-1,1,-1,1,-1,1,1,1,-1,-1,1,1,1,1,1,-1,1,-1,-1,1,-1,1,-1,1,1,1,1,1,1,1,1,1,1,1,-1,1,-1,1,1,-1,1,-1,1,1,-1,1,-1,1,-1,1,-1,1,1,-1,-1,-1,1,1,1,1,-1,-1,1,1,-1,-1,1,-1,1,-1,-1,1,-1,1,-1,1,-1,1,-1,1,1,-1,-1,-1,1,1,-1,1,-1,1,1,1,-1,1,1,-1,1,-1,1,-1,1,-1,1,-1,1,1,-1,1,-1,-1,-1,1,1,-1,1,-1,-1,-1,1,1,-1,-1,1,1,-1,-1,1,1,-1,1,1,-1,1,1,1,1,-1,1,-1,1,1,-1,1,-1,1,1,-1,1,1,1,1,1,-1,-1,1,-1,-1,-1,1,1,-1,1,1,1,-1,1,-1,-1,1,1,1,-1,1,-1,1,1,1,-1,-1,1,-1,1,1,1,-1,1,1,-1,-1,1,1,1,-1,1,-1,1,1,1,-1,1,1,-1,1,1,1,-1,1,-1,-1,1,1,1,-1,1,-1,-1,-1,1,1,-1,1,-1,-1,1,-1,1,-1,1,1,-1,-1,1,1,1,-1,1,-1,-1,1,1,-1,1,-1,1,-1,-1,-1,-1,1,1,-1,-1,1,1,-1,1,1,-1,-1,1,1,1,1,1,-1,1,1,1,-1,1,-1,-1,-1,-1,1,1,1,1,-1,-1,1,1,1,1,-1,-1,1,-1,-1,1,-1,-1,-1,-1,1,-1,1,-1,1,-1,1,1,-1,1,-1,1,-1,-1,1,-1,1,1,1,1,-1,1,-1,-1,1,1,-1,-1,1,-1,1,1,1,-1,-1,1,-1,-1,1,1,-1,-1,1,-1,1,1,-1,1,1,1,-1,1,-1,-1,-1,1,-1,-1,1,-1,-1,1,1,-1,-1,1,-1,-1,-1,1,-1,-1,1,-1,-1,-1,1,-1,-1,1,-1,-1,-1,1,1,-1,1,1,-1,-1,1,1,-1,-1,1,1,-1,1,-1,-1,1,-1,-1,1,1,1,-1,-1,1,-1,1,1,1,-1,-1,1,-1,-1,-1,1,1,-1,1,-1,1,1,-1,1,1,-1,-1,-1,1,-1,-1,-1,1,1,-1,1,-1,1,-1,1,-1,1,1,-1,1,1,1,-1,-1,1,-1,1,-1,1,1,-1,1,-1,-1,1,1,-1,-1,1,-1,-1,-1,1,-1,-1,1,-1,1,1,1,1,-1,1,-1,-1,1,1,-1,-1,1,-1,-1,-1,1,1,-1,-1,1,1,-1,1,-1,-1,1,1,1,1,1,1,-1,-1,1,1,-1,1,-1,-1,1,1,1,1,-1,-1,-1,1,-1,1,1,1,-1,-1,-1,1,1,1,-1,-1,-1,-1,1,1,1,1,-1,-1,-1,1,1,1,-1,-1,-1,-1,1,1,1,1,-1,-1,-1,1,1,1,1,-1,-1,1,1,1,1,1,-1,-1,-1,1,1,-1,1,-1,-1,-1,1,1,1,1,-1,-1,1,1,1,1,-1,-1,1,1,-1,1,1,-1,-1,-1,1,1,1,-1,1,-1,1,1,1,1,1,-1,-1,-1,1,-1,1,-1,-1,-1,-1,1,-1,1,1,-1,-1,-1,1,-1,1,1,-1,-1,-1,1,1,1,1,-1,-1,-1,1,-1,1,1,-1,-1,-1,1,1,-1,-1,-1,-1,-1,1,-1,1,-1,-1,-1,-1,-1,-1,-1,1,-1,-1,-1,1,-1,-1,1,-1,-1,-1,-1,-1,-1,1,-1,-1,-1,-1,-1,1,-1,-1,-1,1,-1,-1,1,-1,1,-1,-1,-1,-1,-1,-1,-1,1,-1,-1,-1,1,1,-1,-1,-1,1,1,-1,-1,-1,-1,1,-1,-1,1,1,1,-1,-1,-1,-1,1,-1,1,1,-1,1,-1,-1,1,1,-1,-1,-1,-1,-1,-1,1,1,-1,-1,1,-1,1,1,-1,-1,-1,1,-1,1,1,-1,-1,1,-1,-1,1,1,1,-1,1,-1,1,1,1,-1,-1,1,-1,-1,1,-1,1,-1,1,-1,-1,1,1,-1,1,1,-1,-1,1,1,-1,1,1,-1,-1,1,1,-1,1,1,-1,-1,1,1,1,1,1,1,-1,-1,1,1,-1,1,-1,-1,1,-1,1,1,1,1,-1,-1,1,-1,1,1,1,-1,1,1,1,1,-1,1,-1,1,1,1,1,1,1,1,-1,1,1,1,1,-1,1,-1,1,1,1,1,1,-1,1,1,1,1,-1,1,1,-1,1,1,-1,1,1,-1,-1,1,1,1,1,-1,1,-1,1,1,1,-1,-1,1,-1,1,1,1,-1,1,-1,-1,-1,1,1,-1,-1,1,-1,-1,1,1,1,-1,1,-1,-1,1,1,1,-1,1,-1,-1,1,1,-1,-1,-1,1,-1,-1,1,-1,1,1,-1,1,1,-1,-1,1,1,-1,-1,1,1,-1,1,1,-1,1,1,-1,-1,-1,-1,1,-1,-1,-1,-1,1,-1,-1,1,1,-1,1,1,-1,1,1,1,1,-1,1,-1,1,1,1,1,-1,1,-1,1,-1,1,1,-1,1,-1,-1,1,1,1,-1,1,-1,1,1,1,-1,-1,1,-1,-1,1,1,-1,-1,-1,1,-1,1,-1,1,-1,1,-1,-1,1,-2674.0,1,2000,445,1500,False
173,1,1,-1,-1,1,1,-1,-1,1,1,1,-1,-1,1,1,1,-1,1,-1,-1,-1,-1,1,1,1,-1,-1,-1,1,1,1,1,1,-1,-1,-1,1,1,1,1,-1,-1,-1,1,1,1,1,-1,1,1,1,1,-1,1,-1,-1,1,-1,1,1,1,-1,-1,-1,1,1,1,1,-1,-1,-1,1,1,1,1,-1,-1,-1,1,1,1,-1,-1,-1,1,1,1,1,-1,-1,1,1,1,1,1,-1,-1,-1,1,-1,1,1,-1,-1,1,1,1,1,1,-1,-1,-1,1,1,1,1,-1,-1,1,1,1,1,1,1,-1,-1,1,1,-1,1,1,-1,1,1,1,1,1,1,-1,1,1,1,1,1,1,-1,1,1,1,1,1,1,-1,-1,-1,1,1,1,1,-1,1,1,1,1,-1,1,-1,1,-1,1,1,1,-1,-1,1,1,1,1,1,-1,1,-1,-1,1,-1,1,-1,1,1,1,1,1,1,1,1,1,-1,1,-1,1,-1,1,1,-1,1,-1,1,1,-1,1,-1,1,-1,1,-1,1,1,-1,1,-1,1,1,1,1,-1,-1,1,1,-1,-1,1,-1,1,-1,1,1,-1,1,-1,1,-1,1,-1,-1,1,-1,-1,-1,1,1,-1,1,-1,1,1,1,-1,1,1,-1,1,-1,1,-1,1,-1,1,-1,1,1,-1,1,-1,-1,-1,1,1,-1,1,-1,-1,-1,1,1,-1,-1,1,1,-1,-1,1,1,-1,1,1,-1,1,1,1,1,-1,1,-1,1,1,-1,1,-1,1,1,-1,1,1,1,1,1,-1,-1,1,-1,-1,-1,1,1,-1,1,1,1,-1,1,-1,-1,1,1,1,1,1,-1,1,1,1,-1,1,1,-1,1,1,1,-1,1,1,-1,-1,1,1,1,-1,1,-1,1,1,1,-1,1,1,-1,1,1,1,-1,1,-1,-1,1,1,1,-1,1,-1,-1,-1,1,1,-1,1,-1,-1,1,-1,1,-1,1,1,-1,-1,1,1,1,-1,1,-1,-1,1,1,-1,1,-1,1,-1,-1,-1,-1,1,1,-1,-1,1,1,-1,1,1,-1,-1,1,1,1,1,1,-1,1,1,1,-1,1,-1,-1,-1,-1,1,1,-1,1,-1,-1,1,-1,1,-1,-1,-1,-1,-1,-1,1,-1,-1,-1,1,-1,1,1,-1,1,1,1,1,-1,1,-1,1,-1,-1,1,-1,1,1,1,1,-1,1,-1,-1,1,1,-1,-1,1,-1,1,1,1,-1,-1,1,-1,-1,1,1,-1,1,1,-1,1,1,-1,-1,1,1,-1,1,-1,-1,-1,1,-1,1,1,-1,-1,1,1,-1,-1,1,-1,-1,-1,1,-1,-1,1,1,-1,-1,1,-1,-1,1,-1,-1,-1,1,1,-1,1,1,-1,-1,1,1,-1,1,-1,1,-1,1,-1,-1,1,-1,-1,1,-1,1,-1,-1,1,-1,1,-1,1,-1,1,1,-1,-1,1,1,1,-1,1,-1,1,-1,1,-1,1,-1,-1,-1,1,-1,-1,-1,1,1,-1,1,-1,1,-1,1,-1,1,1,-1,1,1,1,-1,-1,1,-1,1,-1,1,1,-1,1,-1,-1,1,1,-1,-1,1,-1,-1,-1,1,-1,-1,1,-1,1,1,1,1,-1,1,-1,-1,1,1,-1,-1,1,-1,-1,-1,1,1,-1,-1,1,1,-1,1,-1,-1,1,1,1,-1,1,1,-1,-1,1,1,-1,1,-1,-1,1,1,1,1,-1,-1,-1,1,-1,1,1,1,-1,-1,-1,1,1,1,-1,-1,-1,-1,1,1,1,1,-1,-1,-1,1,1,1,-1,-1,-1,-1,1,1,1,1,-1,-1,1,1,1,1,1,-1,-1,-1,1,1,1,1,-1,-1,-1,1,1,-1,1,-1,-1,-1,1,1,1,1,-1,-1,1,1,1,1,1,-1,1,1,-1,1,1,-1,-1,-1,1,1,1,-1,1,-1,1,1,1,1,1,1,-1,-1,1,-1,1,-1,1,-1,-1,1,-1,1,-1,-1,-1,-1,1,-1,1,1,-1,-1,-1,1,1,1,-1,1,-1,-1,1,-1,1,-1,-1,-1,-1,1,1,-1,-1,-1,-1,-1,1,-1,1,-1,-1,-1,-1,-1,-1,-1,1,-1,-1,-1,1,-1,-1,1,-1,-1,-1,-1,-1,-1,1,-1,-1,-1,-1,-1,1,-1,-1,-1,1,-1,-1,1,-1,1,-1,-1,-1,-1,-1,-1,-1,1,-1,-1,-1,1,1,1,-1,-1,-1,1,-1,-1,-1,-1,1,-1,-1,1,-1,1,-1,-1,-1,-1,1,-1,1,1,-1,1,-1,-1,1,1,-1,-1,-1,-1,-1,-1,1,1,-1,-1,1,-1,1,1,-1,-1,-1,1,-1,1,1,-1,-1,1,-1,-1,1,1,1,-1,1,-1,1,1,1,-1,-1,1,-1,-1,1,1,1,-1,1,-1,-1,1,1,-1,1,1,-1,-1,1,1,1,1,1,-1,-1,1,1,1,1,1,-1,-1,1,1,1,1,-1,1,-1,1,1,1,-1,1,-1,-1,1,-1,1,1,1,1,-1,-1,1,-1,1,1,1,-1,1,-1,1,1,-1,1,-1,1,1,1,1,1,1,1,-1,-1,1,1,1,-1,1,-1,1,1,1,1,1,-1,1,-1,1,1,-1,1,1,-1,-1,1,-1,1,1,-1,-1,1,1,1,1,-1,1,-1,-1,1,1,-1,-1,1,-1,1,1,1,-1,1,-1,-1,-1,1,1,-1,-1,1,-1,-1,1,1,-1,-1,1,-1,-1,1,1,1,-1,1,-1,-1,1,1,-1,-1,-1,1,-1,1,1,-1,1,1,-1,1,1,-1,-1,1,1,-1,-1,1,1,-1,1,1,-1,1,1,-1,-1,-1,-1,1,-1,-1,-1,-1,-1,1,-1,1,1,-1,1,1,-1,1,1,1,1,-1,1,-1,1,1,1,-1,-1,1,-1,-1,1,1,-1,-1,1,-1,1,1,1,-1,-1,1,-1,1,1,1,1,-1,1,-1,-1,1,1,1,-1,-1,1,-1,1,-1,1,-1,1,-1,1,1,-2674.0,1,2000,445,500,False
174,1,1,-1,-1,1,1,-1,-1,1,1,1,-1,1,1,1,1,-1,1,-1,-1,1,-1,1,1,1,-1,-1,-1,1,1,1,1,-1,-1,-1,-1,1,-1,1,1,-1,-1,-1,1,1,1,1,-1,1,1,1,1,-1,1,-1,-1,1,-1,1,1,1,-1,-1,-1,1,1,1,1,-1,-1,-1,1,1,1,1,-1,-1,-1,1,1,1,-1,-1,-1,1,1,1,1,-1,-1,-1,1,1,1,1,-1,-1,1,1,-1,1,1,-1,-1,1,1,1,1,1,-1,-1,1,1,-1,1,1,-1,-1,1,1,1,1,1,1,-1,-1,1,1,-1,1,1,-1,1,1,1,1,1,1,-1,-1,1,1,1,1,1,-1,1,1,1,1,1,1,-1,-1,-1,1,1,1,1,-1,1,1,1,1,-1,1,-1,1,-1,1,1,1,-1,-1,1,1,1,1,1,-1,1,-1,-1,1,-1,1,-1,1,1,1,1,1,1,1,1,1,-1,1,-1,1,-1,1,1,-1,1,-1,1,1,-1,1,-1,1,-1,1,-1,1,1,-1,1,-1,1,1,1,1,-1,-1,1,1,-1,-1,1,-1,1,-1,1,1,-1,1,-1,1,-1,1,-1,1,1,-1,-1,-1,1,1,-1,1,-1,1,1,1,-1,1,1,-1,1,-1,1,-1,1,-1,1,-1,1,1,-1,1,-1,-1,-1,1,1,-1,1,-1,-1,-1,1,1,-1,-1,1,1,-1,-1,1,1,-1,1,1,-1,1,1,1,1,-1,1,-1,1,1,-1,1,-1,1,1,-1,1,1,1,1,1,-1,-1,1,-1,-1,1,1,1,-1,1,1,1,-1,1,-1,-1,1,1,1,-1,1,-1,1,1,1,-1,-1,1,-1,1,1,1,-1,1,1,-1,-1,1,1,1,-1,1,-1,1,1,1,-1,1,1,-1,1,1,1,-1,1,-1,-1,1,1,1,-1,1,-1,-1,-1,1,1,-1,1,-1,-1,1,-1,1,-1,1,1,-1,-1,1,1,1,1,1,-1,-1,1,1,-1,1,-1,1,-1,-1,-1,-1,1,1,-1,-1,1,1,-1,1,1,-1,-1,1,1,1,1,1,-1,1,1,1,-1,1,-1,-1,-1,-1,1,1,1,1,-1,-1,1,-1,1,1,-1,-1,-1,-1,-1,1,-1,-1,-1,1,-1,1,1,1,1,-1,1,1,-1,1,-1,1,-1,-1,1,-1,1,1,1,-1,1,1,-1,-1,1,1,-1,-1,1,-1,1,1,-1,1,-1,1,-1,-1,1,1,-1,1,1,-1,1,1,1,-1,1,1,-1,1,-1,-1,-1,1,-1,1,1,-1,-1,-1,1,-1,-1,1,-1,1,-1,1,-1,-1,1,1,-1,-1,1,-1,-1,1,-1,-1,-1,1,1,-1,1,1,-1,-1,1,1,-1,1,-1,1,-1,1,-1,-1,1,-1,-1,1,-1,1,-1,-1,1,-1,1,-1,1,-1,1,1,-1,-1,1,1,1,-1,1,-1,1,-1,-1,-1,1,-1,-1,-1,1,-1,-1,-1,1,1,-1,1,-1,1,-1,1,-1,1,1,-1,1,1,1,-1,-1,1,-1,1,-1,1,1,-1,1,-1,-1,1,1,-1,-1,1,-1,-1,-1,1,-1,-1,1,-1,1,1,1,1,-1,1,-1,-1,1,1,-1,-1,1,-1,-1,-1,1,1,-1,-1,1,1,-1,-1,-1,-1,1,1,1,1,1,1,-1,-1,1,1,1,-1,-1,-1,1,1,1,1,-1,1,-1,1,-1,1,-1,1,1,-1,-1,1,1,1,-1,-1,-1,-1,1,1,1,1,-1,-1,-1,1,1,1,-1,-1,-1,-1,1,1,1,1,-1,-1,1,1,1,1,1,-1,-1,-1,1,1,1,1,-1,-1,-1,1,1,-1,1,-1,-1,-1,1,1,1,1,-1,-1,1,1,1,1,1,-1,1,1,-1,1,1,-1,-1,-1,1,1,1,1,1,-1,1,1,1,1,1,1,-1,-1,1,-1,1,-1,1,-1,-1,1,-1,1,-1,-1,-1,-1,1,-1,1,1,-1,1,-1,1,1,1,-1,1,1,-1,1,-1,1,-1,-1,-1,-1,1,1,-1,-1,-1,-1,-1,1,-1,1,-1,-1,-1,-1,-1,-1,-1,1,-1,-1,-1,1,-1,-1,1,-1,-1,-1,-1,-1,1,1,-1,-1,-1,-1,-1,1,-1,-1,-1,1,-1,-1,1,-1,1,-1,-1,-1,-1,-1,-1,-1,1,-1,-1,-1,1,1,1,-1,-1,-1,1,-1,-1,-1,-1,1,-1,-1,1,1,1,-1,-1,-1,-1,1,-1,1,1,-1,1,-1,-1,1,1,-1,-1,-1,-1,-1,-1,1,1,-1,-1,1,-1,1,1,-1,-1,-1,1,-1,-1,1,-1,-1,1,-1,-1,1,1,1,-1,1,-1,1,1,1,-1,-1,1,-1,-1,1,1,1,-1,1,-1,-1,1,1,-1,1,1,-1,-1,1,1,1,1,1,-1,-1,1,1,-1,1,1,-1,-1,1,1,1,1,1,1,-1,1,1,1,1,1,-1,-1,1,-1,1,1,1,1,-1,-1,1,-1,1,1,1,-1,1,-1,1,1,-1,1,-1,1,1,1,1,1,1,1,-1,-1,1,1,1,-1,1,-1,1,1,1,1,1,-1,1,-1,1,1,-1,1,1,-1,1,1,-1,1,1,-1,-1,1,1,1,1,-1,1,-1,-1,1,1,-1,-1,1,-1,1,1,1,-1,1,-1,-1,-1,1,1,-1,-1,1,-1,-1,1,1,-1,-1,1,-1,-1,1,1,1,-1,1,-1,-1,1,1,-1,-1,1,1,-1,1,1,-1,1,1,-1,1,1,-1,-1,1,-1,-1,-1,1,1,-1,1,1,-1,1,1,-1,-1,1,-1,1,-1,-1,-1,-1,1,-1,-1,1,1,-1,1,1,-1,1,1,1,1,-1,1,-1,1,1,1,1,-1,1,-1,-1,1,1,1,-1,1,-1,1,1,1,1,-1,1,-1,1,1,-1,-1,-1,1,-1,-1,1,1,-1,-1,-1,1,-1,1,-1,1,-1,1,-1,-1,1,-2674.0,1,2000,445,500,False
175,1,1,-1,-1,1,1,-1,-1,1,1,1,-1,-1,1,1,1,-1,1,-1,-1,-1,-1,1,1,1,-1,-1,-1,1,1,1,1,-1,-1,-1,-1,1,-1,1,1,-1,-1,-1,1,1,1,1,-1,1,1,1,1,-1,1,-1,-1,1,-1,1,1,1,-1,-1,-1,1,1,1,1,-1,-1,-1,1,1,1,1,-1,-1,-1,1,1,1,-1,-1,-1,1,1,1,1,-1,1,-1,1,1,1,1,-1,-1,1,1,-1,1,1,-1,-1,1,1,1,1,1,-1,-1,1,1,-1,1,1,-1,-1,1,1,1,1,1,1,-1,1,1,1,-1,1,1,-1,1,1,1,1,1,1,-1,-1,1,1,1,1,1,-1,1,1,1,1,1,1,-1,-1,-1,1,1,1,1,-1,1,1,1,1,-1,1,-1,1,-1,1,1,1,-1,-1,1,1,1,1,1,-1,1,-1,-1,1,-1,1,-1,1,1,1,1,1,1,1,1,1,-1,1,-1,1,-1,1,1,-1,1,-1,1,1,-1,1,-1,1,-1,1,-1,1,1,-1,-1,-1,1,1,1,1,-1,-1,1,1,-1,-1,1,-1,1,-1,-1,1,-1,1,-1,1,-1,1,-1,1,1,-1,-1,-1,1,1,-1,1,-1,1,1,1,-1,1,1,-1,1,-1,1,-1,1,-1,1,-1,1,1,-1,1,-1,-1,-1,1,1,-1,1,-1,-1,-1,1,1,-1,-1,1,1,-1,-1,1,1,-1,1,1,-1,1,1,1,1,-1,1,-1,1,1,-1,1,-1,1,1,-1,1,1,1,1,1,-1,-1,1,-1,-1,1,1,1,-1,1,1,1,-1,1,-1,-1,1,1,1,-1,1,-1,1,1,1,-1,-1,1,-1,1,1,1,-1,1,1,-1,-1,1,1,1,-1,1,-1,1,1,1,-1,1,1,-1,1,1,1,-1,1,-1,-1,1,1,1,-1,1,-1,-1,-1,1,1,-1,1,-1,-1,1,-1,1,-1,1,1,-1,-1,1,1,1,-1,1,-1,-1,1,1,-1,1,-1,1,-1,-1,-1,-1,1,1,-1,-1,1,1,-1,1,1,-1,-1,1,1,1,1,1,-1,1,1,1,-1,1,-1,-1,-1,-1,1,1,1,1,-1,-1,1,1,1,1,-1,-1,-1,-1,-1,1,-1,-1,-1,1,-1,1,1,1,1,-1,1,1,-1,1,-1,1,-1,-1,1,-1,1,1,1,1,-1,1,-1,-1,1,1,-1,-1,1,-1,1,1,1,-1,-1,1,-1,-1,1,1,-1,1,1,-1,1,1,-1,-1,1,1,-1,1,-1,-1,-1,1,-1,-1,1,-1,-1,-1,1,-1,-1,1,-1,-1,-1,1,-1,-1,1,-1,-1,-1,1,-1,-1,1,-1,-1,-1,1,1,-1,1,1,-1,-1,1,1,-1,-1,1,1,-1,1,-1,-1,1,-1,-1,1,1,1,-1,-1,1,-1,1,-1,1,1,-1,1,-1,-1,1,1,1,-1,1,-1,1,-1,-1,1,1,-1,-1,-1,1,-1,-1,-1,1,1,-1,1,-1,1,-1,1,-1,1,1,-1,1,1,1,-1,-1,1,-1,1,-1,1,1,-1,1,-1,-1,1,1,-1,-1,1,-1,-1,-1,1,-1,-1,1,-1,1,1,1,1,-1,1,-1,-1,1,1,-1,-1,1,-1,-1,-1,1,1,-1,-1,1,1,-1,-1,-1,-1,1,1,1,1,1,1,-1,-1,1,1,-1,1,-1,-1,1,1,1,1,-1,1,-1,1,-1,1,1,1,1,-1,-1,1,1,1,-1,-1,-1,1,1,1,1,1,-1,-1,-1,1,1,1,-1,-1,-1,-1,1,1,1,1,-1,-1,-1,1,1,1,1,-1,-1,1,1,1,1,1,-1,-1,-1,1,1,-1,1,-1,-1,-1,1,1,1,1,-1,-1,1,1,1,1,1,-1,1,1,-1,1,1,-1,-1,-1,1,1,1,1,1,-1,1,1,1,1,1,1,-1,-1,1,-1,1,-1,1,-1,-1,1,-1,1,-1,-1,-1,-1,1,-1,1,1,-1,1,-1,1,1,1,-1,1,1,-1,1,-1,1,-1,-1,-1,-1,1,1,-1,-1,-1,-1,-1,1,-1,1,-1,-1,-1,-1,-1,-1,-1,1,-1,-1,-1,1,-1,-1,1,-1,-1,-1,-1,-1,1,1,-1,-1,-1,-1,-1,1,-1,-1,-1,1,-1,-1,1,-1,1,-1,-1,-1,-1,-1,-1,-1,1,-1,-1,-1,1,1,1,-1,-1,1,1,-1,-1,-1,-1,1,-1,-1,1,-1,1,-1,-1,-1,-1,1,-1,1,1,-1,1,-1,-1,1,1,-1,-1,-1,-1,-1,-1,1,1,-1,-1,1,-1,1,1,-1,-1,-1,1,-1,1,1,-1,-1,1,-1,-1,1,1,1,-1,1,-1,1,1,1,-1,-1,1,-1,-1,1,1,1,-1,1,-1,-1,1,1,-1,1,1,-1,-1,1,1,-1,1,1,-1,-1,1,1,-1,1,1,-1,-1,1,1,1,1,1,1,-1,-1,1,1,-1,1,-1,-1,1,-1,1,1,1,1,-1,-1,1,-1,1,1,1,-1,1,1,1,1,-1,1,-1,1,1,1,1,1,1,1,-1,1,1,1,1,-1,1,-1,1,1,1,1,1,-1,1,1,1,1,-1,1,1,-1,1,1,-1,1,1,-1,-1,1,1,1,1,-1,1,-1,1,1,1,-1,-1,1,-1,1,1,1,-1,1,-1,-1,-1,1,1,-1,-1,1,-1,-1,1,1,1,-1,1,-1,-1,1,1,1,-1,1,-1,-1,1,1,-1,-1,-1,1,-1,1,1,-1,1,1,-1,1,1,-1,-1,1,-1,-1,-1,-1,1,-1,1,1,-1,1,1,-1,-1,1,-1,1,-1,-1,-1,-1,1,-1,-1,1,1,-1,1,1,-1,1,1,1,1,-1,1,-1,1,1,1,1,-1,1,-1,-1,-1,1,1,-1,1,-1,1,1,1,1,-1,1,-1,1,1,1,-1,-1,1,-1,-1,1,1,-1,-1,-1,1,-1,1,1,1,-1,1,-1,-1,1,-2674.0,1,2000,445,500,False
176,1,1,-1,-1,1,1,-1,-1,1,1,1,-1,1,1,1,1,-1,1,-1,-1,1,-1,1,1,1,-1,1,-1,1,1,1,1,1,1,-1,-1,1,-1,1,1,-1,-1,-1,1,1,1,1,-1,1,1,1,1,-1,1,-1,-1,1,-1,1,1,1,-1,1,-1,1,1,1,1,-1,-1,-1,1,1,1,1,-1,1,-1,1,1,1,-1,-1,1,1,1,1,1,-1,-1,-1,1,1,1,1,-1,1,1,1,-1,1,1,-1,-1,1,1,1,1,1,-1,-1,1,1,1,1,1,-1,-1,1,1,1,1,1,1,-1,1,1,1,-1,1,1,-1,1,1,1,1,1,1,-1,1,1,1,1,1,1,-1,-1,1,1,1,1,1,-1,1,-1,1,1,1,1,-1,1,1,1,1,-1,1,-1,1,-1,1,1,1,-1,-1,1,1,1,1,1,-1,1,-1,-1,1,-1,1,-1,1,1,1,1,1,1,1,1,1,-1,1,-1,1,-1,1,1,-1,1,-1,1,1,-1,1,-1,1,-1,1,-1,1,1,-1,1,-1,1,1,1,1,-1,-1,1,1,-1,-1,1,-1,1,-1,-1,1,-1,1,-1,1,-1,1,-1,-1,1,-1,1,-1,1,1,-1,1,-1,1,1,1,-1,1,1,-1,1,-1,1,-1,1,-1,1,-1,1,1,-1,1,-1,-1,-1,1,1,-1,1,-1,-1,-1,1,1,-1,-1,1,1,-1,-1,1,1,-1,1,1,-1,1,1,1,1,-1,1,-1,1,1,-1,1,-1,1,1,-1,1,1,1,1,1,-1,-1,1,-1,-1,1,1,1,-1,1,1,1,-1,1,-1,-1,1,1,1,-1,1,-1,1,1,1,-1,-1,1,-1,1,1,1,-1,1,1,-1,-1,1,1,1,-1,1,-1,1,1,1,-1,1,1,-1,1,1,1,-1,1,-1,-1,1,1,1,-1,1,-1,-1,-1,1,1,-1,1,-1,-1,1,-1,1,-1,1,1,-1,-1,1,1,1,1,1,-1,-1,1,1,-1,1,-1,1,-1,-1,-1,-1,1,1,-1,-1,1,1,-1,1,1,-1,-1,1,1,1,1,1,-1,1,1,1,-1,1,-1,-1,-1,-1,1,1,1,1,-1,-1,1,1,1,1,-1,-1,-1,-1,-1,1,-1,-1,-1,1,-1,1,1,1,1,-1,1,1,-1,1,-1,1,-1,-1,1,-1,1,1,1,1,-1,1,-1,-1,1,1,-1,-1,1,-1,1,1,1,-1,-1,1,-1,-1,1,1,-1,1,1,-1,1,1,-1,-1,1,1,-1,1,-1,-1,-1,1,-1,-1,1,-1,-1,-1,1,-1,-1,1,-1,-1,-1,1,-1,-1,1,-1,-1,-1,1,-1,-1,1,-1,-1,-1,1,1,-1,1,1,-1,-1,1,1,-1,-1,1,1,-1,1,-1,-1,1,-1,-1,1,-1,1,-1,-1,1,-1,1,-1,1,-1,-1,1,-1,-1,1,1,1,-1,1,-1,1,-1,1,1,1,-1,-1,-1,1,-1,-1,-1,1,1,-1,1,-1,1,-1,1,-1,1,1,-1,1,1,1,-1,-1,1,-1,1,-1,1,1,-1,1,-1,-1,1,1,-1,-1,1,-1,-1,-1,1,-1,-1,1,-1,1,1,1,1,-1,1,-1,-1,1,1,-1,-1,1,-1,-1,-1,1,1,-1,-1,1,1,-1,-1,-1,-1,1,1,1,1,1,1,-1,-1,1,1,-1,1,-1,-1,-1,1,1,1,-1,-1,-1,1,-1,1,1,1,-1,-1,-1,1,1,1,-1,-1,-1,-1,1,1,1,1,-1,-1,-1,1,1,1,-1,-1,-1,-1,1,1,1,1,-1,-1,1,1,1,1,1,-1,-1,-1,1,1,1,1,-1,-1,-1,1,1,-1,1,-1,-1,-1,1,1,1,1,-1,-1,1,1,1,1,1,-1,1,1,-1,1,1,-1,-1,-1,1,1,1,1,1,-1,1,1,1,1,1,1,-1,-1,1,-1,1,-1,1,-1,-1,1,-1,1,-1,-1,-1,-1,1,-1,1,1,-1,1,-1,1,1,1,-1,1,1,-1,1,-1,1,-1,-1,-1,-1,1,1,-1,-1,-1,-1,-1,1,-1,1,-1,-1,-1,-1,-1,-1,-1,1,-1,-1,-1,1,-1,-1,1,-1,-1,-1,-1,-1,1,1,-1,-1,-1,-1,-1,1,-1,-1,-1,1,-1,-1,1,-1,1,-1,-1,-1,-1,-1,-1,-1,1,-1,-1,-1,1,1,1,-1,-1,1,-1,-1,-1,-1,-1,1,-1,-1,1,-1,1,-1,-1,-1,-1,1,-1,1,1,-1,1,-1,-1,1,1,-1,-1,-1,-1,-1,-1,1,1,-1,-1,1,-1,1,1,-1,-1,-1,1,-1,-1,1,-1,-1,1,-1,-1,1,1,1,-1,1,-1,1,1,1,-1,-1,1,-1,-1,1,-1,1,-1,1,-1,-1,1,1,-1,1,1,-1,-1,1,1,-1,1,1,-1,-1,1,1,1,1,1,-1,-1,1,1,1,1,-1,1,-1,-1,1,1,-1,1,-1,-1,1,-1,1,1,1,1,-1,-1,1,-1,1,1,1,-1,1,1,1,1,-1,1,-1,1,1,1,1,1,1,1,-1,1,1,1,1,-1,1,-1,1,1,1,1,1,-1,1,1,1,1,-1,1,1,-1,1,1,-1,1,1,-1,-1,1,1,1,1,-1,1,-1,1,1,1,-1,-1,1,-1,1,-1,1,-1,1,-1,-1,-1,1,1,-1,-1,1,-1,-1,1,-1,1,-1,1,-1,-1,-1,1,1,-1,1,-1,-1,1,1,-1,-1,-1,1,-1,1,-1,-1,1,1,-1,1,1,-1,-1,1,-1,-1,-1,-1,1,-1,1,1,-1,1,-1,1,-1,-1,-1,1,-1,-1,-1,-1,1,-1,-1,1,1,-1,1,1,-1,1,1,-1,-1,-1,1,-1,1,1,1,1,-1,1,-1,-1,-1,1,-1,-1,1,-1,1,1,1,-1,-1,1,-1,1,1,-1,-1,-1,1,-1,-1,1,1,-1,-1,-1,1,-1,1,-1,1,-1,1,-1,-1,1,-2674.0,1,2000,445,500,False
177,1,1,-1,-1,1,1,-1,-1,1,1,1,-1,-1,1,1,1,-1,1,-1,-1,-1,-1,1,1,1,-1,-1,-1,1,1,1,1,-1,-1,-1,-1,1,-1,1,1,-1,-1,-1,1,1,1,1,-1,1,1,1,1,-1,1,-1,-1,1,-1,1,1,1,-1,-1,-1,1,1,1,1,-1,-1,-1,1,1,1,1,-1,-1,-1,1,1,1,-1,-1,-1,1,1,1,1,-1,-1,1,1,1,1,1,-1,-1,-1,1,-1,1,1,-1,-1,1,1,1,1,1,-1,-1,-1,1,1,1,1,-1,-1,1,1,1,1,1,1,-1,-1,1,1,-1,1,1,-1,1,1,1,1,1,1,-1,1,1,1,1,1,1,-1,1,1,1,1,1,1,-1,-1,-1,1,1,1,1,-1,1,1,1,1,-1,1,-1,1,-1,1,1,1,-1,-1,1,1,1,1,1,-1,1,-1,-1,1,-1,1,-1,1,1,1,1,1,1,1,1,1,-1,1,-1,1,-1,1,1,-1,1,-1,1,1,-1,1,-1,1,-1,1,-1,1,1,-1,-1,-1,1,1,1,1,-1,-1,1,1,-1,-1,1,-1,1,-1,1,1,-1,1,-1,1,-1,1,-1,1,1,-1,-1,-1,1,1,-1,1,-1,1,1,1,-1,1,1,-1,1,-1,1,-1,1,-1,1,-1,1,1,-1,1,-1,-1,-1,1,1,-1,1,-1,-1,-1,1,1,-1,-1,1,1,-1,-1,1,1,-1,1,1,-1,1,1,1,1,-1,1,-1,1,1,-1,1,-1,1,1,-1,1,1,1,1,1,-1,-1,1,-1,-1,-1,1,1,-1,1,1,1,-1,1,-1,-1,1,1,1,1,1,-1,1,1,1,-1,-1,1,-1,1,1,1,-1,1,1,-1,-1,1,1,1,-1,1,-1,1,1,1,-1,1,1,-1,1,1,1,-1,1,-1,-1,1,1,1,-1,1,-1,-1,-1,1,1,-1,1,-1,-1,1,-1,1,-1,1,1,-1,-1,1,1,1,-1,1,-1,-1,1,1,-1,1,-1,1,-1,-1,-1,-1,1,1,-1,-1,1,1,-1,1,1,-1,-1,1,1,1,1,1,-1,1,1,1,-1,1,-1,-1,-1,-1,1,1,1,1,-1,-1,1,1,1,1,-1,-1,-1,-1,-1,1,-1,-1,-1,1,-1,1,1,1,1,-1,1,1,-1,1,-1,1,-1,-1,1,-1,1,1,1,-1,1,1,-1,-1,1,1,-1,-1,1,-1,1,1,1,-1,-1,1,-1,-1,1,1,-1,1,1,-1,1,1,1,-1,1,1,-1,1,-1,-1,-1,1,1,-1,1,-1,-1,-1,1,-1,-1,1,-1,1,-1,1,-1,-1,1,-1,-1,-1,1,-1,-1,1,-1,-1,-1,1,1,-1,1,1,-1,-1,1,1,-1,-1,-1,1,-1,1,-1,-1,1,-1,-1,1,1,1,-1,-1,1,-1,1,-1,1,1,-1,1,-1,-1,1,1,1,-1,1,-1,1,-1,1,-1,1,-1,-1,-1,1,-1,-1,-1,1,1,-1,1,-1,1,-1,1,-1,1,1,-1,1,1,1,-1,-1,1,-1,1,-1,1,1,-1,1,-1,-1,1,1,-1,-1,1,-1,-1,-1,1,-1,-1,1,-1,1,1,1,1,-1,1,-1,-1,1,1,-1,-1,1,-1,-1,-1,1,1,-1,-1,1,1,-1,-1,-1,-1,1,1,1,1,1,1,-1,-1,1,1,1,-1,-1,-1,1,1,1,1,-1,-1,-1,1,-1,1,-1,1,-1,-1,-1,1,1,1,-1,-1,-1,-1,1,1,1,1,-1,-1,-1,1,1,1,-1,-1,-1,-1,1,1,1,1,-1,-1,-1,1,1,1,1,-1,-1,1,1,1,1,1,-1,-1,-1,1,1,-1,1,-1,-1,-1,1,1,1,1,-1,-1,1,1,1,1,1,-1,1,1,-1,1,1,-1,-1,-1,1,1,1,1,1,-1,1,1,1,1,1,1,-1,-1,1,-1,1,-1,1,-1,-1,1,-1,1,-1,-1,-1,-1,1,-1,1,1,-1,1,-1,1,1,1,-1,1,1,-1,1,-1,1,-1,-1,-1,-1,1,1,-1,-1,-1,-1,-1,1,-1,1,-1,-1,-1,-1,-1,-1,-1,1,-1,-1,-1,1,-1,-1,1,-1,-1,-1,-1,-1,-1,1,-1,-1,-1,-1,-1,1,-1,-1,-1,1,-1,-1,1,-1,1,-1,-1,-1,-1,-1,-1,-1,1,-1,-1,-1,1,1,1,-1,-1,-1,1,-1,-1,-1,-1,1,-1,-1,1,-1,1,-1,-1,-1,-1,1,-1,1,1,-1,1,-1,-1,1,1,-1,-1,-1,-1,-1,-1,1,1,-1,-1,1,-1,1,1,-1,-1,-1,1,-1,-1,1,-1,-1,1,-1,-1,1,1,1,-1,1,-1,1,1,1,-1,-1,1,-1,-1,1,1,1,-1,1,-1,-1,1,1,-1,1,1,-1,-1,1,1,-1,1,1,-1,-1,1,1,-1,1,1,-1,-1,1,1,1,1,1,1,-1,-1,1,1,-1,1,-1,-1,1,-1,1,1,1,1,-1,-1,1,-1,1,1,1,-1,1,1,1,1,-1,1,-1,1,1,1,1,1,1,1,-1,1,1,1,1,-1,1,-1,1,1,1,1,1,-1,1,1,1,1,-1,1,1,-1,1,1,-1,1,1,-1,-1,1,1,1,1,-1,1,-1,1,1,1,-1,-1,1,-1,1,1,1,-1,1,-1,-1,-1,1,1,-1,-1,1,-1,-1,1,1,-1,-1,1,-1,-1,1,1,1,-1,1,-1,-1,1,1,-1,-1,-1,1,-1,1,1,-1,1,1,-1,1,1,-1,-1,1,-1,-1,-1,1,1,-1,1,1,-1,1,1,-1,-1,-1,-1,1,-1,-1,-1,-1,1,-1,-1,1,1,-1,1,1,-1,1,1,1,1,-1,1,-1,1,1,1,-1,-1,1,-1,-1,1,1,-1,-1,1,-1,1,1,1,-1,-1,1,-1,1,1,1,1,-1,1,-1,-1,1,1,1,-1,-1,1,-1,1,-1,1,-1,1,-1,-1,1,-2674.0,1,2000,445,500,False
178,1,1,-1,-1,1,1,-1,-1,1,1,1,-1,-1,1,1,1,-1,1,-1,-1,-1,-1,1,1,1,-1,-1,-1,1,1,1,1,-1,-1,-1,-1,1,-1,1,1,-1,-1,-1,1,1,1,1,-1,1,1,1,1,-1,1,-1,-1,1,-1,1,1,1,-1,-1,-1,1,1,1,1,-1,-1,-1,1,1,1,1,-1,-1,-1,1,1,1,-1,-1,-1,1,1,1,1,-1,-1,-1,1,1,1,1,-1,-1,1,1,-1,1,1,-1,-1,1,1,1,1,1,-1,-1,-1,1,-1,1,1,-1,-1,1,1,1,1,1,1,-1,-1,1,1,-1,1,1,-1,1,1,1,1,1,1,-1,1,1,1,1,1,1,-1,1,1,1,1,1,1,-1,-1,-1,1,1,1,1,-1,1,1,1,1,-1,1,-1,1,-1,1,1,1,-1,-1,1,1,1,1,1,-1,1,-1,-1,1,-1,1,-1,1,1,1,1,1,1,1,1,1,-1,1,-1,1,-1,1,1,-1,1,-1,1,1,-1,1,-1,1,-1,1,-1,1,1,-1,1,-1,1,1,1,1,-1,-1,1,1,-1,-1,1,-1,1,-1,1,1,-1,1,-1,1,-1,1,-1,1,1,-1,-1,-1,1,1,-1,1,-1,1,1,1,-1,1,1,-1,1,-1,1,-1,1,-1,1,-1,1,1,-1,1,-1,-1,-1,1,1,-1,1,-1,-1,-1,1,1,-1,-1,1,1,-1,-1,1,1,-1,1,1,-1,1,1,1,1,-1,1,-1,1,1,-1,1,-1,1,1,-1,1,1,1,1,1,-1,-1,1,-1,-1,-1,1,1,-1,1,1,1,-1,1,-1,-1,1,1,1,-1,1,-1,1,1,1,-1,1,1,-1,1,1,1,-1,1,1,-1,-1,1,1,1,-1,1,-1,1,1,1,-1,1,1,-1,1,1,1,-1,1,-1,-1,1,1,1,-1,1,-1,-1,-1,1,1,-1,1,-1,-1,1,-1,1,-1,1,1,-1,-1,1,1,1,-1,1,-1,-1,1,1,-1,1,-1,1,-1,-1,-1,-1,1,1,-1,-1,1,1,-1,1,1,-1,-1,1,1,1,1,1,-1,1,1,1,-1,1,-1,-1,-1,-1,1,1,1,1,-1,-1,1,1,1,1,-1,-1,-1,-1,-1,1,-1,-1,-1,1,-1,1,1,1,1,-1,1,1,-1,1,-1,1,-1,-1,1,-1,1,1,1,1,-1,1,-1,-1,1,1,-1,-1,1,-1,1,1,1,-1,-1,1,-1,-1,1,1,-1,1,1,-1,1,1,-1,-1,1,1,-1,1,-1,-1,-1,1,-1,-1,1,-1,-1,1,1,-1,-1,1,-1,-1,-1,1,-1,-1,1,-1,-1,-1,1,-1,-1,1,-1,-1,-1,1,1,-1,1,-1,-1,-1,1,1,-1,-1,-1,1,-1,1,-1,-1,1,-1,-1,1,-1,1,-1,-1,1,-1,1,-1,1,-1,-1,1,-1,-1,1,1,1,-1,1,-1,1,-1,-1,-1,1,-1,-1,-1,1,-1,-1,-1,1,1,-1,1,-1,1,-1,1,-1,1,1,-1,1,1,1,-1,-1,1,-1,1,-1,1,1,-1,1,-1,-1,1,1,-1,-1,1,-1,-1,-1,1,-1,-1,1,-1,1,1,1,1,-1,1,-1,-1,1,1,-1,-1,1,-1,-1,-1,1,1,-1,-1,1,1,-1,-1,-1,-1,1,1,1,1,1,1,-1,-1,1,1,-1,1,-1,-1,1,1,1,1,-1,1,-1,1,-1,1,1,1,1,-1,-1,1,1,1,-1,-1,-1,-1,1,1,1,1,-1,-1,-1,1,1,1,-1,-1,-1,-1,1,1,1,1,-1,-1,1,1,1,1,1,-1,-1,-1,1,1,1,1,-1,-1,-1,1,1,-1,1,-1,-1,-1,1,1,1,1,-1,-1,1,1,1,1,1,-1,1,1,-1,1,1,-1,-1,-1,1,1,1,-1,1,-1,1,1,1,1,1,1,-1,-1,1,-1,1,-1,1,-1,-1,1,-1,1,-1,-1,-1,-1,1,-1,1,1,-1,1,-1,1,1,1,-1,1,1,-1,1,-1,1,-1,-1,-1,-1,1,1,-1,-1,-1,-1,-1,1,-1,1,-1,-1,-1,-1,-1,-1,-1,1,-1,-1,-1,1,-1,-1,1,-1,-1,-1,-1,-1,1,1,-1,-1,-1,-1,-1,1,-1,-1,-1,1,-1,-1,1,-1,1,-1,-1,-1,-1,-1,-1,-1,1,-1,-1,-1,1,1,-1,-1,-1,-1,1,-1,-1,-1,-1,1,-1,-1,1,-1,1,-1,-1,-1,-1,1,-1,1,1,-1,1,-1,-1,1,1,-1,-1,-1,-1,-1,-1,1,1,-1,-1,1,-1,1,1,-1,-1,-1,1,-1,-1,1,-1,-1,1,-1,-1,1,1,1,-1,1,-1,1,1,1,-1,-1,1,-1,-1,1,1,1,-1,1,-1,-1,1,1,-1,1,1,-1,-1,1,1,1,1,1,-1,-1,1,1,-1,1,1,-1,-1,1,1,1,1,1,1,-1,-1,1,1,1,1,-1,-1,1,-1,1,1,1,1,-1,-1,1,-1,1,1,1,-1,1,1,1,1,-1,1,-1,1,1,1,1,1,1,1,-1,1,1,1,1,-1,1,-1,1,1,1,1,1,-1,1,1,1,1,-1,1,1,-1,1,1,-1,1,1,-1,-1,1,1,1,1,-1,1,-1,1,1,1,-1,-1,1,-1,1,1,1,-1,1,-1,-1,-1,1,1,-1,-1,1,-1,-1,1,1,-1,-1,1,-1,-1,1,1,1,-1,1,-1,-1,1,1,-1,-1,-1,1,-1,1,1,-1,1,1,-1,1,1,-1,-1,1,1,-1,-1,1,1,-1,1,1,-1,1,1,-1,-1,-1,-1,1,-1,-1,-1,-1,1,-1,-1,1,1,-1,1,1,-1,1,1,1,1,-1,1,-1,1,1,1,-1,-1,1,-1,-1,1,1,-1,-1,1,-1,1,1,1,-1,-1,1,-1,1,1,1,1,-1,1,-1,-1,1,1,-1,-1,-1,1,-1,1,-1,1,-1,1,-1,-1,1,-2674.0,1,2000,445,500,False
179,1,1,-1,-1,1,1,-1,-1,1,1,1,-1,1,1,1,1,-1,1,-1,-1,-1,-1,1,1,1,-1,-1,-1,1,1,1,1,1,-1,-1,-1,1,-1,1,1,-1,-1,-1,1,1,1,1,-1,1,1,1,1,-1,1,-1,-1,1,-1,1,1,1,-1,-1,-1,1,1,1,1,-1,-1,-1,1,1,1,1,-1,-1,-1,1,1,1,-1,-1,-1,1,1,1,1,-1,-1,1,1,1,1,1,-1,-1,-1,1,-1,1,1,-1,-1,1,1,1,1,1,-1,-1,-1,1,1,1,1,-1,-1,1,1,1,1,1,1,-1,-1,1,1,-1,1,1,-1,1,1,1,1,1,1,-1,1,1,1,1,1,1,-1,1,1,1,1,1,1,-1,-1,-1,1,1,1,1,-1,1,1,1,1,-1,1,-1,1,-1,1,1,1,-1,-1,1,1,1,1,1,-1,1,-1,-1,1,-1,1,-1,1,1,1,1,1,1,1,1,1,-1,1,-1,1,-1,1,1,-1,1,-1,1,1,-1,1,-1,1,-1,1,-1,1,1,-1,1,-1,1,1,1,1,-1,-1,1,1,-1,-1,1,-1,1,-1,-1,1,-1,1,-1,1,-1,1,-1,-1,1,-1,-1,-1,1,1,-1,1,-1,1,1,1,-1,1,-1,-1,-1,-1,1,-1,1,1,1,-1,1,1,-1,1,-1,-1,-1,1,1,-1,1,-1,-1,-1,1,1,-1,-1,1,1,-1,-1,1,1,-1,1,1,-1,1,1,1,1,-1,1,-1,1,1,-1,1,-1,1,1,-1,1,1,1,1,1,-1,-1,1,-1,-1,1,1,1,-1,1,1,1,-1,1,-1,-1,1,1,1,-1,1,-1,1,1,1,-1,-1,1,-1,1,1,1,-1,1,1,-1,-1,1,1,1,-1,1,-1,1,1,1,-1,1,1,-1,1,1,1,-1,1,-1,-1,1,1,1,-1,1,-1,-1,-1,1,1,-1,1,-1,-1,1,-1,1,-1,1,1,-1,-1,1,1,1,-1,1,-1,-1,1,1,-1,1,-1,1,-1,-1,-1,-1,1,1,-1,-1,1,1,-1,1,1,-1,-1,1,1,1,1,1,-1,1,1,1,-1,1,-1,-1,-1,-1,1,1,1,1,-1,-1,1,1,1,1,-1,-1,-1,-1,-1,1,-1,-1,-1,1,-1,1,1,-1,1,-1,1,1,-1,1,-1,1,-1,-1,1,-1,1,1,1,1,-1,1,-1,-1,1,1,-1,-1,1,-1,1,1,1,-1,-1,1,-1,-1,1,1,-1,1,1,-1,1,1,-1,-1,1,1,-1,1,-1,-1,-1,1,-1,-1,1,-1,-1,1,1,-1,-1,1,-1,-1,-1,1,-1,-1,1,-1,-1,-1,1,-1,-1,1,-1,-1,-1,1,1,-1,1,-1,-1,-1,1,1,-1,-1,-1,1,-1,1,-1,-1,1,-1,-1,1,-1,1,-1,-1,1,-1,1,-1,1,-1,-1,1,-1,-1,1,1,1,-1,1,-1,1,-1,-1,-1,1,-1,-1,-1,1,-1,-1,-1,1,1,-1,1,-1,1,-1,1,-1,1,1,-1,1,1,1,-1,-1,1,-1,1,-1,1,1,-1,1,-1,-1,1,1,-1,-1,1,-1,-1,-1,1,-1,-1,1,-1,1,1,1,1,-1,1,-1,-1,1,1,-1,-1,1,-1,-1,-1,1,1,-1,-1,1,1,-1,-1,-1,-1,1,1,1,1,1,1,-1,-1,1,1,-1,1,-1,-1,1,1,1,1,-1,-1,-1,1,-1,1,1,1,1,-1,-1,1,1,1,-1,-1,-1,1,1,1,1,1,-1,-1,-1,1,1,1,-1,-1,-1,-1,1,1,1,1,-1,-1,1,1,1,1,1,-1,-1,-1,1,1,1,1,-1,-1,-1,1,1,-1,1,-1,-1,-1,1,1,1,1,-1,-1,1,1,1,1,1,-1,1,1,-1,1,1,-1,-1,-1,1,1,1,-1,1,-1,1,1,1,1,1,1,-1,-1,1,-1,1,-1,1,-1,-1,1,-1,1,-1,-1,-1,-1,1,-1,1,1,-1,1,-1,1,1,1,-1,1,1,-1,1,-1,1,-1,-1,-1,-1,1,1,-1,-1,-1,-1,-1,1,-1,1,-1,-1,-1,-1,-1,-1,-1,1,-1,-1,-1,1,-1,-1,1,-1,-1,-1,-1,-1,1,1,-1,-1,-1,-1,-1,1,-1,-1,-1,1,-1,-1,1,-1,1,-1,-1,-1,-1,-1,-1,-1,1,-1,-1,-1,1,1,-1,-1,-1,1,-1,-1,-1,-1,-1,1,-1,-1,1,1,1,-1,-1,-1,-1,1,-1,1,1,-1,1,-1,-1,1,1,-1,-1,-1,-1,-1,-1,1,1,-1,-1,1,-1,1,1,-1,-1,-1,1,-1,1,1,-1,-1,1,-1,-1,1,1,1,-1,1,-1,1,1,1,-1,-1,1,-1,-1,1,1,1,-1,1,-1,-1,1,1,-1,1,1,-1,-1,1,1,1,1,1,-1,-1,1,1,1,1,1,-1,-1,1,1,1,1,-1,1,-1,-1,1,1,1,1,-1,-1,1,-1,1,1,1,1,-1,-1,1,-1,1,1,1,-1,1,1,1,1,-1,1,-1,1,1,1,1,1,1,1,-1,1,1,1,1,-1,1,-1,1,1,1,1,1,-1,1,1,1,1,-1,1,1,-1,1,1,-1,1,1,-1,-1,1,1,1,1,-1,1,-1,1,1,1,-1,-1,1,-1,1,1,1,-1,1,-1,-1,-1,1,1,-1,-1,1,-1,-1,1,1,-1,-1,1,-1,-1,1,1,1,-1,1,-1,-1,1,1,-1,-1,-1,1,-1,1,1,-1,1,1,-1,1,1,-1,-1,1,1,-1,-1,1,1,-1,1,1,-1,1,1,-1,-1,1,-1,1,-1,-1,-1,-1,1,-1,-1,1,1,-1,1,1,-1,1,1,1,1,-1,1,-1,1,1,1,-1,-1,1,-1,-1,1,1,-1,1,1,-1,1,1,1,-1,-1,1,-1,1,1,1,1,-1,1,-1,-1,1,1,1,-1,1,1,-1,1,-1,1,-1,1,-1,-1,1,-2674.0,1,2000,445,500,False
180,1,1,-1,-1,1,1,-1,-1,1,1,1,-1,1,1,1,1,-1,1,-1,-1,-1,-1,1,1,1,-1,-1,-1,1,1,1,1,1,-1,-1,-1,1,-1,1,1,-1,-1,-1,1,1,1,1,-1,1,1,1,1,-1,1,-1,-1,1,-1,1,1,1,-1,-1,-1,1,1,1,1,-1,-1,-1,1,1,1,1,-1,-1,-1,1,1,1,-1,-1,-1,1,1,1,1,-1,-1,-1,1,1,1,1,-1,-1,1,1,-1,1,1,-1,-1,1,1,1,1,1,-1,-1,1,1,1,1,1,-1,-1,1,1,1,1,1,1,-1,-1,1,1,-1,1,1,-1,1,1,1,1,1,1,-1,-1,1,1,1,1,1,-1,1,1,1,1,1,1,-1,-1,-1,1,1,1,1,-1,1,1,1,1,-1,1,-1,1,-1,1,1,1,-1,-1,1,1,1,1,1,-1,1,-1,-1,1,-1,1,-1,1,1,1,1,1,1,1,1,1,-1,1,-1,1,-1,1,1,-1,1,-1,1,1,-1,1,-1,1,-1,1,-1,1,1,-1,1,-1,1,1,1,1,-1,-1,1,1,-1,-1,1,-1,1,-1,-1,1,-1,1,-1,1,-1,1,-1,-1,1,-1,-1,-1,1,1,-1,1,-1,1,1,1,-1,1,1,-1,1,-1,1,-1,1,-1,1,-1,1,1,-1,1,-1,-1,-1,1,1,-1,1,-1,-1,-1,1,1,-1,-1,1,1,-1,-1,1,1,-1,1,1,-1,1,1,1,1,-1,1,-1,1,1,-1,1,-1,1,1,1,1,1,1,1,1,-1,-1,1,-1,-1,1,1,1,-1,1,1,1,-1,1,-1,-1,1,1,1,1,1,-1,1,1,1,-1,1,1,-1,1,1,1,-1,1,1,-1,-1,1,1,1,-1,1,-1,1,1,1,-1,1,1,-1,1,1,1,-1,1,-1,-1,1,1,1,-1,1,-1,-1,-1,1,1,-1,1,-1,-1,1,-1,1,-1,1,1,-1,-1,1,1,1,-1,1,-1,-1,1,1,-1,1,-1,1,-1,-1,-1,-1,1,1,-1,-1,1,1,-1,1,1,-1,-1,1,1,1,1,1,-1,1,1,1,-1,1,-1,-1,-1,-1,1,1,-1,1,-1,-1,1,-1,1,-1,-1,-1,-1,-1,-1,1,-1,-1,-1,1,-1,1,1,-1,1,-1,1,1,-1,1,-1,1,-1,-1,1,-1,1,-1,1,1,-1,1,-1,-1,1,1,-1,-1,1,-1,1,1,1,-1,-1,1,-1,1,-1,1,-1,1,1,-1,1,-1,-1,-1,1,1,-1,1,-1,-1,-1,1,-1,1,1,-1,-1,1,1,-1,-1,1,-1,-1,-1,1,-1,1,-1,1,-1,-1,1,-1,-1,1,-1,-1,-1,1,1,-1,1,-1,-1,-1,1,1,-1,1,-1,1,-1,1,-1,-1,1,-1,-1,1,-1,1,-1,-1,1,-1,1,-1,1,-1,-1,1,-1,-1,1,1,1,-1,1,-1,1,-1,-1,1,1,-1,-1,-1,1,-1,-1,-1,1,1,-1,1,-1,1,-1,1,-1,1,1,-1,1,1,1,-1,-1,1,-1,1,-1,1,1,-1,1,-1,-1,1,1,-1,-1,1,-1,-1,-1,1,-1,-1,1,-1,1,1,1,1,-1,1,-1,-1,1,1,-1,-1,1,-1,-1,-1,1,1,-1,-1,1,1,-1,1,-1,-1,1,1,1,1,1,1,-1,-1,1,1,-1,1,-1,-1,1,1,1,1,-1,-1,-1,1,-1,1,1,1,-1,-1,-1,1,1,1,-1,-1,-1,1,1,1,1,1,-1,-1,-1,1,1,1,-1,-1,-1,-1,1,1,1,1,-1,-1,1,1,1,1,1,-1,-1,-1,1,1,1,1,-1,-1,-1,1,1,-1,1,-1,-1,-1,1,1,1,1,-1,-1,1,1,1,1,1,-1,1,1,1,1,1,-1,-1,-1,1,1,1,-1,1,-1,1,1,1,1,1,1,-1,-1,1,-1,1,-1,1,-1,-1,1,-1,1,-1,-1,-1,-1,1,-1,1,1,-1,1,-1,1,-1,1,-1,1,1,-1,1,-1,1,-1,-1,-1,-1,1,1,-1,-1,-1,-1,-1,1,-1,1,-1,-1,-1,-1,-1,-1,-1,1,-1,-1,-1,1,-1,-1,1,-1,-1,-1,-1,-1,1,1,-1,-1,-1,-1,-1,1,-1,-1,-1,1,-1,-1,1,-1,1,-1,-1,-1,-1,-1,-1,-1,1,-1,-1,-1,1,1,-1,-1,-1,1,1,-1,-1,-1,-1,1,-1,-1,1,-1,1,-1,-1,-1,-1,1,-1,1,1,-1,1,-1,-1,1,1,-1,-1,-1,-1,-1,-1,1,1,-1,-1,1,-1,1,1,-1,-1,-1,1,-1,1,1,-1,-1,1,-1,-1,1,1,1,-1,1,-1,1,1,1,-1,-1,1,-1,-1,1,1,1,-1,1,-1,-1,1,1,-1,1,1,-1,-1,1,1,-1,1,1,-1,-1,1,1,1,1,1,-1,-1,1,1,1,1,-1,1,-1,1,1,1,1,1,-1,-1,1,-1,1,1,1,1,-1,-1,1,-1,1,1,1,-1,1,1,1,1,-1,1,-1,1,1,1,1,1,1,1,-1,-1,1,1,1,-1,1,-1,1,1,1,1,1,-1,1,1,1,1,-1,1,1,-1,1,1,-1,1,1,-1,-1,1,1,1,1,-1,1,-1,1,1,1,-1,-1,1,-1,1,1,1,-1,1,-1,-1,-1,1,1,-1,-1,1,-1,-1,1,1,1,-1,1,-1,1,1,1,1,-1,1,-1,-1,1,1,-1,-1,-1,1,1,1,1,-1,1,1,-1,1,1,-1,-1,1,1,-1,-1,1,1,-1,1,1,1,1,1,-1,-1,-1,-1,-1,-1,-1,-1,-1,-1,1,1,1,1,-1,1,1,-1,1,1,1,1,-1,1,-1,1,1,1,1,-1,1,-1,1,1,1,1,-1,1,-1,1,1,1,1,-1,1,-1,1,1,1,-1,-1,1,-1,1,1,1,-1,-1,-1,1,-1,1,-1,1,-1,1,-1,1,1,-2674.0,1,2000,445,500,False
181,1,1,-1,-1,1,1,-1,-1,1,1,1,-1,1,1,1,1,-1,1,1,-1,-1,-1,1,1,1,1,-1,-1,1,1,1,1,-1,-1,-1,-1,1,-1,1,1,-1,-1,-1,1,1,1,1,-1,1,1,1,1,-1,1,-1,-1,1,-1,1,1,1,-1,-1,-1,1,1,1,1,-1,-1,-1,1,1,1,1,-1,-1,-1,1,1,1,-1,-1,-1,1,1,1,1,-1,-1,-1,1,1,1,1,-1,-1,1,1,-1,1,1,-1,-1,1,1,1,1,1,-1,-1,-1,1,1,1,1,-1,-1,1,1,1,1,1,1,-1,-1,1,1,-1,1,1,-1,1,1,1,1,1,1,-1,1,1,1,1,1,1,-1,1,1,1,1,1,1,-1,-1,-1,1,1,1,1,-1,1,1,1,1,-1,1,-1,1,-1,1,1,1,-1,-1,1,1,1,1,1,-1,1,-1,-1,1,-1,1,-1,1,1,1,1,1,1,1,1,1,-1,1,-1,1,-1,1,1,-1,1,-1,1,1,-1,1,-1,1,-1,1,-1,1,1,-1,1,-1,1,1,1,1,-1,-1,1,1,-1,-1,1,-1,1,-1,1,1,-1,1,-1,1,-1,1,-1,1,1,-1,-1,-1,1,1,-1,1,-1,1,1,1,-1,1,-1,-1,1,-1,1,-1,1,1,1,-1,1,1,-1,1,-1,-1,-1,1,1,-1,1,-1,-1,-1,1,1,-1,-1,1,1,-1,-1,1,1,-1,1,1,-1,1,1,1,1,-1,1,-1,1,1,-1,1,-1,1,1,-1,1,1,1,1,1,-1,-1,1,-1,-1,-1,1,1,-1,1,1,1,-1,1,-1,-1,1,1,1,-1,1,-1,1,1,1,-1,1,1,-1,1,1,1,-1,1,1,-1,-1,1,1,1,-1,1,-1,1,1,1,-1,1,1,-1,1,1,1,-1,1,-1,-1,1,1,1,-1,1,-1,-1,-1,1,1,-1,1,-1,-1,1,-1,1,-1,1,1,-1,-1,1,1,1,-1,1,-1,-1,1,1,-1,1,-1,1,-1,-1,-1,-1,1,1,-1,-1,1,1,-1,1,1,-1,-1,1,1,1,1,1,-1,1,1,1,-1,1,-1,-1,-1,-1,1,1,1,1,-1,-1,1,1,1,1,-1,-1,-1,-1,-1,1,-1,-1,-1,1,-1,1,1,1,1,1,1,1,-1,1,-1,1,-1,-1,1,-1,1,1,1,1,-1,1,-1,-1,1,1,-1,-1,1,-1,1,1,1,-1,-1,1,-1,-1,1,1,-1,1,1,-1,1,1,-1,-1,1,1,-1,1,-1,-1,-1,1,-1,-1,1,-1,-1,-1,1,-1,-1,1,-1,-1,-1,1,-1,-1,1,-1,-1,-1,1,-1,-1,1,-1,-1,-1,1,1,-1,1,-1,-1,-1,1,1,-1,-1,-1,1,-1,1,-1,-1,1,-1,-1,1,-1,1,-1,-1,1,-1,1,-1,1,-1,-1,1,-1,-1,1,1,1,-1,1,-1,1,-1,-1,-1,1,-1,-1,-1,1,-1,-1,-1,1,1,-1,1,-1,1,-1,1,-1,1,1,-1,1,1,1,-1,-1,1,-1,1,-1,1,1,-1,1,-1,-1,1,1,-1,-1,1,-1,-1,-1,1,-1,-1,1,-1,1,1,1,1,-1,1,-1,-1,1,1,-1,-1,1,-1,-1,-1,1,1,-1,-1,1,1,-1,1,-1,-1,1,1,1,-1,1,1,-1,-1,1,1,-1,1,-1,-1,1,1,1,1,-1,-1,-1,1,-1,1,1,1,-1,-1,-1,1,1,1,-1,-1,-1,-1,1,1,1,1,-1,-1,-1,1,1,1,-1,-1,-1,-1,1,1,1,1,-1,-1,1,1,1,1,1,-1,-1,-1,1,1,1,1,-1,-1,-1,1,1,-1,1,-1,-1,-1,1,1,1,1,-1,-1,1,1,1,1,1,-1,1,1,-1,1,1,-1,-1,-1,1,1,1,1,1,-1,1,1,1,1,1,1,-1,-1,1,-1,1,-1,1,-1,-1,1,-1,1,-1,-1,-1,-1,1,-1,1,1,-1,1,-1,1,1,1,-1,1,1,-1,1,-1,1,-1,-1,-1,-1,1,1,-1,-1,-1,-1,-1,1,-1,1,-1,-1,-1,-1,-1,-1,-1,1,-1,-1,-1,1,-1,-1,1,-1,-1,-1,-1,-1,-1,1,-1,-1,-1,-1,-1,1,-1,-1,-1,1,-1,-1,1,-1,1,-1,-1,-1,-1,-1,-1,-1,1,-1,-1,-1,1,1,1,-1,-1,-1,1,-1,-1,-1,-1,1,-1,-1,1,-1,1,-1,-1,-1,-1,1,-1,1,1,-1,1,-1,-1,1,1,-1,-1,-1,-1,-1,-1,1,1,-1,-1,1,-1,1,1,-1,-1,-1,1,-1,1,1,-1,-1,1,-1,-1,1,1,1,-1,1,-1,1,1,1,-1,-1,1,-1,-1,1,1,1,-1,1,-1,-1,1,1,-1,1,1,-1,-1,1,1,-1,1,1,-1,-1,1,1,-1,1,1,-1,-1,1,1,1,1,1,1,-1,-1,1,-1,1,1,-1,-1,1,-1,1,1,1,1,-1,-1,1,-1,1,1,1,-1,1,1,1,1,-1,1,-1,1,1,1,1,1,1,1,-1,1,1,1,1,-1,1,-1,1,1,1,1,1,-1,1,1,1,1,-1,1,1,-1,1,1,-1,1,1,-1,-1,1,1,1,1,-1,1,-1,1,1,1,-1,-1,1,-1,1,1,1,-1,1,-1,-1,-1,1,1,-1,-1,1,-1,-1,1,1,-1,-1,1,-1,-1,1,1,1,-1,1,-1,-1,1,1,-1,-1,-1,1,-1,1,1,-1,1,1,-1,1,1,-1,-1,1,1,-1,-1,1,1,-1,1,1,-1,1,1,-1,-1,-1,-1,1,-1,-1,-1,-1,1,-1,-1,1,1,-1,1,1,-1,1,1,1,1,-1,1,-1,1,1,1,-1,-1,1,-1,-1,1,1,-1,1,1,-1,1,1,1,-1,-1,1,-1,1,1,1,1,-1,1,-1,-1,1,1,-1,-1,1,1,-1,1,1,1,-1,1,-1,-1,1,-2674.0,1,2000,445,500,False
182,1,1,-1,-1,1,1,-1,-1,1,1,1,-1,1,1,1,1,-1,1,-1,-1,-1,-1,1,1,1,-1,1,-1,1,1,1,1,1,-1,-1,-1,1,1,1,1,-1,-1,-1,1,1,1,1,-1,1,1,1,1,-1,1,-1,-1,1,-1,1,1,1,-1,-1,-1,1,1,1,1,-1,-1,-1,1,1,1,1,-1,-1,-1,1,1,1,-1,-1,-1,1,1,1,1,-1,-1,-1,1,1,1,1,-1,-1,1,1,-1,1,1,-1,-1,1,1,1,1,1,-1,-1,-1,1,1,1,1,-1,-1,1,1,1,1,1,1,-1,-1,1,1,-1,1,1,-1,1,1,1,1,1,1,-1,1,1,1,1,1,1,-1,1,1,1,1,1,1,-1,-1,-1,1,1,1,1,-1,1,1,1,1,-1,1,-1,1,-1,1,1,1,-1,-1,1,1,1,1,1,-1,1,-1,-1,1,-1,1,-1,1,1,1,1,1,1,1,1,1,-1,1,-1,1,-1,1,1,-1,1,-1,1,1,-1,1,-1,1,-1,1,-1,1,1,-1,1,-1,1,1,1,1,-1,-1,1,1,-1,-1,1,-1,1,-1,-1,1,-1,1,-1,1,-1,1,-1,-1,1,-1,1,-1,1,1,-1,1,-1,1,1,1,-1,1,1,-1,-1,-1,1,-1,1,-1,1,-1,1,1,-1,1,-1,-1,-1,1,1,-1,1,-1,-1,-1,1,1,-1,-1,1,1,-1,-1,1,1,-1,1,1,-1,1,1,1,1,-1,1,-1,1,1,-1,1,-1,1,1,-1,1,1,1,1,1,-1,-1,1,-1,-1,-1,1,1,-1,1,1,1,-1,1,-1,-1,1,1,1,1,1,-1,1,1,1,-1,1,1,-1,1,1,1,-1,1,1,-1,-1,1,1,1,-1,1,-1,1,1,1,-1,1,1,-1,1,1,1,-1,1,-1,-1,1,1,1,-1,1,-1,-1,-1,1,1,-1,1,-1,-1,1,-1,1,-1,1,1,-1,-1,1,1,1,-1,1,-1,-1,1,1,-1,1,-1,1,-1,-1,-1,-1,1,1,-1,-1,1,1,-1,1,1,-1,-1,1,1,1,1,1,-1,1,1,1,-1,1,-1,-1,-1,-1,1,1,1,1,-1,-1,1,1,1,1,-1,-1,-1,-1,-1,1,-1,-1,-1,1,-1,1,1,-1,1,-1,1,1,-1,1,-1,1,-1,-1,1,-1,1,1,1,1,-1,1,-1,-1,1,1,-1,-1,1,-1,1,1,1,-1,-1,1,-1,-1,1,1,-1,1,1,-1,1,1,-1,-1,1,1,-1,1,-1,-1,-1,1,-1,-1,1,-1,-1,1,1,-1,-1,1,-1,-1,-1,1,-1,-1,1,-1,-1,-1,1,-1,-1,1,-1,-1,-1,1,1,-1,1,1,-1,-1,1,1,-1,-1,-1,1,-1,1,-1,-1,1,-1,-1,1,1,1,-1,-1,1,-1,1,-1,1,-1,-1,1,-1,-1,1,1,1,-1,1,-1,1,-1,-1,1,1,-1,-1,-1,1,-1,-1,-1,1,1,-1,1,-1,1,-1,1,-1,1,1,-1,1,1,1,-1,-1,1,-1,1,-1,1,1,-1,1,-1,-1,1,1,-1,-1,1,-1,-1,-1,1,-1,-1,1,-1,1,1,1,1,-1,1,-1,-1,1,1,-1,-1,1,-1,-1,-1,1,1,-1,-1,1,1,-1,1,-1,-1,1,1,1,1,1,1,-1,-1,1,1,-1,1,-1,-1,-1,1,1,1,-1,-1,-1,1,-1,1,1,1,-1,-1,-1,1,1,1,-1,-1,-1,1,1,1,1,1,-1,-1,-1,1,1,1,-1,-1,-1,-1,1,1,1,1,-1,-1,1,1,1,1,1,-1,-1,-1,1,1,1,1,-1,-1,-1,1,1,-1,1,-1,-1,-1,1,1,1,1,-1,-1,1,1,1,1,1,-1,1,1,-1,1,1,-1,-1,-1,1,1,1,-1,1,-1,1,1,1,1,1,1,-1,-1,1,-1,1,-1,1,-1,-1,1,-1,1,-1,-1,-1,-1,1,-1,1,1,-1,-1,-1,1,1,1,-1,1,-1,-1,1,-1,1,-1,-1,-1,-1,1,1,-1,-1,-1,-1,-1,1,-1,1,-1,-1,-1,-1,-1,-1,-1,1,-1,-1,-1,1,-1,-1,1,-1,-1,-1,-1,-1,-1,1,-1,-1,-1,-1,-1,1,-1,-1,-1,1,-1,-1,1,-1,1,-1,-1,-1,-1,-1,-1,-1,1,-1,-1,-1,1,1,-1,-1,-1,1,1,-1,-1,-1,-1,1,-1,-1,1,1,1,-1,-1,-1,-1,1,-1,1,1,-1,1,-1,-1,1,1,-1,-1,-1,-1,-1,-1,1,1,-1,-1,1,-1,1,1,-1,-1,-1,1,-1,1,1,-1,-1,1,-1,-1,1,1,1,-1,1,-1,1,1,1,-1,-1,1,-1,-1,1,1,1,-1,1,-1,-1,1,1,-1,1,1,-1,-1,1,1,-1,1,1,-1,-1,1,1,1,1,1,-1,-1,1,1,1,1,-1,1,-1,-1,1,1,-1,1,-1,-1,1,-1,1,1,1,1,-1,-1,1,-1,1,1,1,-1,1,1,1,1,-1,1,-1,1,1,1,1,1,1,1,-1,1,1,1,1,-1,1,-1,1,1,1,1,1,-1,1,1,1,1,-1,1,1,-1,1,1,-1,1,1,-1,-1,1,1,1,1,-1,1,-1,1,1,1,-1,-1,1,-1,1,1,1,-1,1,-1,-1,-1,1,1,-1,-1,1,-1,-1,1,1,-1,-1,1,-1,-1,-1,1,1,-1,1,-1,-1,1,1,-1,-1,-1,1,-1,-1,1,-1,1,1,-1,1,1,-1,-1,1,1,-1,-1,1,1,-1,1,1,-1,1,1,-1,-1,-1,-1,1,-1,-1,-1,-1,-1,-1,-1,1,1,-1,1,1,-1,1,1,1,1,-1,1,-1,1,1,1,-1,-1,1,-1,-1,1,1,-1,-1,1,-1,1,1,1,-1,-1,1,-1,1,1,1,1,-1,1,-1,-1,1,1,-1,-1,-1,1,-1,1,1,1,-1,1,-1,-1,1,-2674.0,1,2000,445,500,False
183,1,1,-1,-1,1,1,-1,-1,1,1,1,-1,1,1,1,1,-1,1,-1,-1,-1,-1,1,1,1,-1,-1,-1,1,1,1,1,-1,-1,-1,-1,1,1,1,1,-1,-1,-1,1,1,1,1,-1,1,1,1,1,-1,1,-1,-1,1,-1,1,1,1,-1,-1,-1,1,1,1,1,-1,-1,-1,1,1,1,1,-1,-1,-1,1,1,1,-1,-1,-1,1,1,1,1,-1,-1,-1,1,1,1,1,-1,-1,1,1,-1,1,1,-1,-1,1,1,1,1,1,-1,-1,1,1,-1,1,1,-1,-1,1,1,1,1,1,1,-1,1,1,1,-1,1,1,-1,1,1,1,1,1,1,-1,-1,1,1,1,1,1,-1,1,1,1,1,1,1,-1,-1,-1,1,1,1,1,-1,1,1,1,1,-1,1,-1,1,-1,1,1,1,-1,-1,1,1,1,1,1,-1,1,-1,-1,1,-1,1,-1,1,1,1,1,1,1,1,1,1,-1,1,-1,1,-1,1,1,-1,1,-1,1,1,-1,1,-1,1,-1,1,-1,1,1,-1,1,-1,1,1,1,1,-1,-1,1,1,-1,-1,1,-1,1,-1,-1,1,-1,1,-1,1,-1,1,-1,-1,1,-1,-1,-1,1,1,-1,1,-1,1,1,1,-1,1,1,-1,1,-1,1,-1,1,-1,1,-1,1,1,-1,1,-1,-1,-1,1,1,-1,1,-1,-1,-1,1,1,-1,-1,1,1,-1,-1,1,1,-1,1,1,-1,1,1,1,1,-1,1,-1,1,1,-1,1,-1,1,1,-1,1,1,1,1,1,-1,-1,1,-1,-1,1,1,1,-1,1,1,1,-1,1,-1,-1,1,1,1,-1,1,-1,1,1,1,-1,-1,1,-1,1,1,1,-1,1,1,-1,-1,1,1,1,-1,1,-1,1,1,1,-1,1,1,-1,1,1,1,-1,1,-1,-1,1,1,1,-1,1,-1,-1,-1,1,1,-1,1,-1,-1,1,-1,1,-1,1,1,-1,-1,1,1,1,1,1,-1,-1,1,1,-1,1,-1,1,-1,-1,-1,-1,1,1,-1,-1,1,1,-1,1,1,-1,-1,1,1,1,1,1,-1,1,1,1,-1,1,-1,-1,-1,-1,1,1,1,1,-1,-1,1,1,1,1,-1,-1,-1,-1,-1,1,-1,-1,-1,1,-1,1,1,1,1,1,1,1,-1,1,-1,1,-1,-1,1,-1,1,1,1,1,-1,1,-1,-1,1,1,-1,-1,1,-1,1,1,1,-1,-1,1,-1,-1,1,1,-1,1,1,-1,1,1,-1,-1,1,1,-1,1,-1,-1,-1,1,-1,-1,1,-1,-1,1,1,-1,-1,1,-1,-1,-1,1,-1,-1,1,-1,-1,-1,1,-1,-1,1,-1,-1,-1,1,1,-1,1,1,-1,-1,1,1,-1,-1,-1,1,-1,1,-1,-1,1,-1,-1,1,-1,1,-1,-1,1,-1,1,-1,1,-1,-1,1,-1,-1,1,1,1,-1,1,-1,1,-1,-1,-1,1,-1,-1,-1,1,-1,-1,-1,1,1,-1,1,-1,1,-1,1,-1,1,1,-1,1,1,1,-1,-1,1,-1,1,-1,1,1,-1,1,-1,-1,1,1,-1,-1,1,-1,-1,-1,1,-1,-1,1,-1,1,1,1,1,-1,1,-1,-1,1,1,-1,-1,1,-1,-1,-1,1,1,-1,-1,1,1,-1,1,-1,-1,1,1,1,-1,1,1,-1,-1,1,1,-1,1,-1,-1,1,1,1,1,-1,1,-1,1,-1,1,1,1,1,-1,-1,1,1,1,-1,-1,-1,1,1,1,1,1,-1,-1,-1,1,1,1,-1,-1,-1,-1,1,1,1,1,-1,-1,1,1,1,1,1,-1,-1,-1,1,1,1,1,-1,-1,-1,1,1,-1,1,-1,-1,-1,1,1,1,1,-1,-1,1,1,1,1,1,-1,1,1,-1,1,1,-1,-1,-1,1,1,1,-1,1,-1,1,1,1,1,1,1,-1,-1,1,-1,1,-1,1,-1,-1,1,-1,1,-1,-1,-1,-1,1,-1,1,1,-1,-1,-1,1,1,1,-1,1,-1,-1,1,-1,1,-1,-1,-1,-1,1,1,-1,-1,-1,-1,-1,1,-1,1,-1,-1,-1,-1,-1,-1,-1,1,-1,-1,-1,1,-1,-1,1,-1,-1,-1,-1,-1,1,1,-1,-1,-1,-1,-1,1,-1,-1,-1,1,-1,-1,1,-1,1,-1,-1,-1,-1,-1,-1,-1,1,-1,-1,-1,1,1,1,-1,-1,1,-1,-1,-1,-1,-1,1,-1,-1,1,-1,1,-1,-1,-1,-1,1,-1,1,1,-1,1,-1,-1,1,1,-1,-1,-1,-1,-1,-1,1,1,-1,-1,1,-1,1,1,-1,-1,-1,1,-1,-1,1,-1,-1,1,-1,-1,1,1,1,-1,1,-1,1,1,1,-1,-1,1,-1,-1,1,1,1,-1,1,-1,-1,1,1,-1,1,1,-1,-1,1,1,-1,1,1,-1,-1,1,1,-1,1,1,-1,-1,1,1,1,1,-1,1,-1,-1,1,1,-1,1,-1,-1,1,-1,1,1,1,1,-1,-1,1,-1,1,1,1,-1,1,1,1,1,-1,1,-1,1,1,1,1,1,1,1,-1,1,1,1,1,-1,1,-1,1,1,1,1,1,-1,1,1,1,1,-1,1,1,-1,1,1,-1,1,1,-1,-1,1,1,1,1,-1,1,-1,1,1,1,-1,-1,1,-1,1,1,1,-1,1,-1,-1,-1,1,1,-1,-1,1,-1,-1,1,1,-1,-1,1,-1,-1,1,1,1,-1,1,-1,-1,1,1,-1,-1,1,1,-1,1,1,-1,1,1,-1,1,1,-1,-1,1,-1,-1,-1,1,1,-1,1,1,-1,1,1,-1,-1,-1,-1,1,-1,-1,-1,-1,1,-1,-1,1,1,-1,1,1,-1,1,1,1,1,-1,1,-1,1,1,1,1,-1,1,-1,-1,1,1,1,-1,1,-1,1,1,1,1,-1,1,-1,1,1,1,-1,-1,1,-1,-1,1,1,-1,-1,-1,1,-1,1,1,1,-1,1,-1,-1,1,-2674.0,1,2000,445,500,False
184,1,1,-1,-1,1,-1,-1,-1,1,1,1,-1,1,1,1,1,-1,1,-1,-1,-1,-1,1,1,1,-1,-1,-1,1,1,1,1,1,-1,-1,-1,1,1,1,1,-1,-1,-1,1,1,1,1,-1,1,1,1,1,-1,1,-1,-1,1,-1,1,1,-1,-1,-1,-1,1,1,1,1,-1,-1,-1,1,1,1,1,-1,-1,-1,1,1,1,-1,-1,-1,1,1,1,1,-1,-1,-1,1,1,1,1,-1,-1,1,1,-1,1,1,-1,-1,1,1,1,1,1,-1,-1,-1,1,-1,1,1,-1,-1,1,1,1,1,1,1,-1,-1,1,1,-1,1,1,-1,1,1,1,1,1,1,-1,1,1,1,1,1,1,-1,1,1,1,1,1,1,-1,-1,-1,1,1,1,1,-1,1,1,1,1,-1,1,-1,1,-1,1,1,1,-1,-1,1,1,1,1,1,-1,1,-1,-1,1,-1,1,-1,1,1,1,1,1,1,1,1,1,-1,1,-1,1,-1,1,1,-1,1,-1,1,1,-1,1,-1,1,-1,1,-1,1,1,-1,1,-1,1,1,1,1,-1,-1,1,1,-1,-1,1,-1,1,-1,1,1,-1,1,-1,1,-1,1,-1,1,1,-1,-1,-1,1,1,-1,1,-1,1,1,1,-1,1,1,-1,1,-1,1,-1,1,-1,1,-1,1,1,-1,1,-1,-1,-1,1,1,-1,1,-1,-1,-1,1,1,-1,-1,1,1,-1,-1,1,1,-1,1,1,-1,1,1,1,1,-1,1,-1,1,1,-1,1,-1,1,1,-1,1,1,1,1,1,-1,-1,1,-1,-1,1,1,1,-1,1,1,1,-1,1,-1,-1,1,1,1,1,1,-1,1,1,1,-1,1,1,-1,1,1,1,-1,1,1,-1,-1,1,1,1,-1,1,-1,1,1,1,-1,1,1,-1,1,1,1,-1,1,-1,-1,1,1,1,-1,1,-1,-1,-1,1,1,-1,1,-1,-1,1,-1,1,-1,1,1,-1,-1,1,1,1,-1,1,-1,-1,1,1,-1,1,-1,1,-1,-1,-1,-1,1,1,-1,-1,1,1,-1,1,1,-1,-1,1,1,1,1,1,-1,1,1,1,-1,1,-1,-1,-1,-1,1,1,1,1,-1,-1,1,1,1,-1,-1,-1,-1,-1,-1,1,-1,-1,-1,1,-1,1,1,-1,1,1,1,1,-1,1,-1,1,-1,-1,1,-1,1,1,1,1,-1,1,-1,-1,1,1,-1,-1,1,-1,1,1,1,-1,-1,1,-1,-1,1,1,-1,1,1,-1,1,1,-1,-1,1,1,-1,1,-1,-1,-1,1,1,-1,1,-1,-1,1,1,-1,-1,1,-1,-1,-1,1,-1,-1,1,1,-1,-1,1,-1,-1,1,-1,-1,-1,1,1,-1,1,-1,-1,-1,1,1,-1,-1,-1,1,-1,1,-1,-1,1,-1,-1,1,-1,1,-1,-1,1,-1,1,-1,1,1,-1,1,-1,-1,1,1,1,-1,1,-1,1,-1,-1,1,1,-1,-1,-1,1,-1,-1,-1,1,1,-1,1,-1,1,-1,1,-1,1,1,-1,1,1,1,-1,-1,1,-1,1,-1,1,1,-1,1,-1,-1,1,1,-1,-1,1,-1,-1,-1,1,-1,-1,1,-1,1,1,1,1,-1,1,-1,-1,1,1,-1,-1,1,-1,-1,-1,1,1,-1,-1,1,1,-1,1,-1,-1,1,1,1,-1,1,1,-1,-1,1,1,-1,1,-1,-1,1,1,1,1,-1,1,-1,1,-1,1,1,1,1,-1,-1,1,1,1,-1,-1,-1,-1,1,1,1,1,-1,-1,-1,1,1,1,-1,-1,-1,-1,1,1,1,1,-1,-1,1,1,1,1,1,-1,-1,-1,1,1,1,-1,-1,-1,-1,1,1,-1,1,-1,-1,-1,1,1,1,1,-1,-1,1,1,1,1,1,-1,1,1,-1,1,1,-1,-1,-1,1,1,1,-1,1,-1,1,1,1,1,1,1,-1,-1,1,-1,1,-1,1,-1,-1,1,-1,1,-1,-1,-1,-1,1,-1,1,1,-1,-1,-1,1,1,1,-1,1,-1,-1,1,-1,1,-1,-1,-1,-1,1,1,-1,-1,-1,-1,-1,1,-1,1,-1,-1,-1,-1,-1,-1,-1,1,-1,-1,-1,1,-1,-1,1,-1,-1,-1,-1,-1,1,1,-1,-1,-1,-1,-1,1,-1,-1,-1,1,-1,-1,1,-1,1,-1,-1,-1,-1,-1,-1,-1,1,-1,-1,-1,1,1,-1,-1,-1,-1,1,-1,-1,-1,-1,1,-1,-1,1,-1,1,-1,-1,-1,-1,1,-1,1,1,-1,1,-1,-1,1,1,-1,-1,-1,-1,-1,-1,1,1,-1,-1,1,-1,1,1,-1,-1,-1,1,-1,-1,1,-1,-1,1,-1,-1,1,1,1,-1,1,-1,1,1,1,-1,-1,1,-1,-1,1,1,1,-1,1,-1,-1,1,1,-1,1,1,-1,-1,1,1,1,1,1,-1,-1,1,1,1,1,1,-1,-1,1,1,1,1,1,1,-1,-1,1,1,1,1,-1,-1,1,-1,1,1,1,1,-1,-1,1,-1,1,1,1,-1,1,1,1,1,-1,1,-1,1,1,1,1,1,1,1,-1,1,1,1,1,-1,1,-1,1,1,1,1,1,-1,1,1,1,1,-1,1,1,-1,1,1,-1,1,1,-1,-1,1,1,1,1,-1,1,-1,1,1,1,-1,-1,1,-1,1,1,1,-1,1,-1,-1,-1,1,1,-1,-1,1,-1,-1,1,1,-1,-1,1,-1,-1,1,1,1,-1,1,-1,-1,1,1,-1,-1,-1,1,-1,-1,1,-1,1,1,-1,1,1,-1,-1,1,1,-1,-1,1,1,-1,1,1,-1,1,1,-1,-1,-1,-1,1,-1,-1,-1,-1,-1,1,-1,1,1,-1,1,1,-1,1,1,1,1,-1,1,-1,1,1,1,-1,-1,1,-1,-1,1,1,-1,-1,1,-1,1,1,1,-1,-1,1,-1,1,1,1,1,-1,1,-1,-1,1,1,-1,-1,-1,1,-1,1,-1,1,-1,1,-1,1,1,-2674.0,1,2000,445,500,False
185,1,1,-1,-1,1,1,-1,-1,1,1,1,-1,1,1,1,1,-1,1,-1,-1,-1,-1,1,1,1,-1,-1,-1,1,1,1,1,-1,-1,-1,-1,1,1,1,1,-1,-1,-1,1,1,1,1,-1,1,1,1,1,-1,1,-1,-1,1,-1,1,1,1,-1,-1,-1,1,1,1,1,-1,-1,-1,1,1,1,1,-1,-1,-1,1,1,1,-1,-1,-1,1,1,1,1,-1,-1,1,1,1,1,1,-1,-1,-1,1,-1,1,1,-1,-1,1,1,1,1,1,-1,-1,-1,1,1,1,1,-1,-1,1,1,1,1,1,1,-1,-1,1,1,-1,1,1,-1,1,1,1,1,1,1,-1,1,1,1,1,1,1,-1,1,1,1,1,1,1,-1,-1,-1,1,1,1,1,-1,1,1,1,1,-1,1,-1,1,-1,1,1,1,-1,-1,1,1,1,1,1,-1,1,-1,-1,1,-1,1,-1,1,1,1,1,1,1,1,1,1,-1,1,-1,1,-1,1,1,-1,1,-1,1,1,-1,1,-1,1,-1,1,-1,1,1,-1,-1,-1,1,1,1,1,-1,-1,1,1,-1,-1,1,-1,1,-1,-1,1,-1,1,-1,1,-1,1,-1,1,1,-1,1,-1,1,1,-1,1,-1,1,1,1,-1,1,1,-1,1,-1,1,-1,1,-1,1,-1,1,1,-1,1,-1,-1,-1,1,1,-1,1,-1,-1,-1,1,1,-1,-1,1,1,-1,-1,1,1,-1,1,1,-1,1,1,1,1,-1,1,-1,1,1,-1,1,-1,1,1,-1,1,1,1,1,1,-1,-1,1,-1,-1,1,1,1,-1,1,1,1,-1,1,-1,-1,1,1,1,1,1,-1,1,1,1,-1,1,1,-1,1,1,1,-1,1,1,-1,-1,1,1,1,-1,1,-1,1,1,1,-1,1,1,-1,1,1,1,-1,1,-1,-1,1,1,1,-1,1,-1,-1,-1,1,1,-1,1,-1,-1,1,-1,1,-1,1,1,-1,-1,1,1,1,-1,1,-1,-1,1,1,-1,1,-1,1,-1,-1,-1,-1,1,1,-1,-1,1,1,-1,1,1,-1,-1,1,1,1,1,1,-1,1,1,1,-1,1,-1,-1,-1,-1,1,1,1,1,-1,-1,1,1,1,1,-1,-1,-1,-1,-1,1,-1,-1,-1,1,-1,1,1,-1,1,-1,1,1,-1,1,-1,1,-1,-1,1,-1,1,1,1,-1,1,1,-1,-1,1,1,-1,-1,1,-1,1,1,1,1,-1,1,-1,-1,1,1,-1,1,1,-1,1,1,1,-1,1,1,-1,1,-1,-1,-1,1,-1,-1,1,-1,-1,-1,1,-1,-1,1,-1,1,-1,1,-1,-1,1,-1,-1,-1,1,-1,-1,1,-1,-1,-1,1,1,-1,1,-1,-1,-1,1,1,-1,-1,-1,1,-1,1,-1,-1,1,-1,-1,1,1,1,-1,-1,1,-1,1,-1,1,1,-1,1,-1,-1,1,1,1,-1,1,-1,1,-1,1,1,1,-1,-1,-1,1,-1,-1,-1,1,1,-1,1,-1,1,-1,1,-1,1,1,-1,1,1,1,-1,-1,1,-1,1,-1,1,1,-1,1,-1,-1,1,1,-1,-1,1,-1,-1,-1,1,-1,-1,1,-1,1,1,1,1,-1,1,-1,-1,1,1,-1,-1,1,-1,-1,-1,1,1,-1,-1,1,1,-1,-1,-1,-1,1,1,1,1,1,1,-1,-1,1,1,1,-1,-1,-1,-1,1,1,1,-1,-1,-1,1,-1,1,-1,1,-1,-1,-1,1,1,1,-1,-1,-1,-1,1,1,1,1,-1,-1,-1,1,1,1,-1,-1,-1,-1,1,1,1,1,-1,-1,-1,1,1,1,1,-1,-1,1,1,1,1,1,-1,-1,-1,1,1,-1,1,-1,-1,-1,1,1,1,1,-1,-1,1,1,1,1,1,-1,1,1,-1,1,1,-1,-1,-1,1,1,1,1,1,-1,1,1,1,1,1,1,-1,-1,1,-1,1,-1,1,-1,-1,1,-1,1,-1,-1,-1,-1,1,-1,1,1,-1,-1,-1,1,1,1,-1,1,-1,-1,1,-1,1,-1,-1,-1,-1,1,1,-1,-1,-1,-1,-1,1,-1,1,-1,-1,-1,-1,-1,-1,-1,1,-1,-1,-1,1,-1,-1,1,-1,-1,-1,-1,-1,1,1,-1,-1,-1,-1,-1,1,-1,-1,-1,1,-1,-1,1,-1,1,-1,-1,-1,-1,-1,-1,-1,1,-1,-1,-1,1,1,-1,-1,-1,1,-1,-1,-1,-1,-1,1,-1,-1,1,-1,1,-1,-1,-1,-1,1,-1,1,1,-1,1,-1,-1,1,1,-1,-1,-1,-1,-1,-1,1,1,-1,-1,1,-1,1,1,-1,-1,-1,1,-1,-1,1,-1,-1,1,-1,-1,1,1,1,-1,1,-1,1,1,1,-1,-1,1,-1,-1,1,1,1,-1,1,-1,-1,1,1,-1,1,1,-1,-1,1,1,-1,1,1,-1,-1,1,1,-1,1,1,-1,-1,1,1,1,1,1,1,-1,-1,1,1,-1,1,-1,-1,1,-1,1,1,1,1,-1,-1,1,-1,1,1,1,-1,1,1,1,1,-1,1,-1,1,1,1,1,1,1,1,-1,1,1,1,1,-1,1,-1,1,1,1,1,1,-1,1,1,1,1,-1,1,1,-1,1,1,-1,1,1,-1,-1,1,1,1,1,-1,1,-1,1,1,1,-1,-1,1,-1,1,1,1,-1,1,-1,-1,-1,1,1,-1,-1,1,-1,-1,1,1,-1,-1,1,-1,-1,1,1,1,-1,1,-1,-1,1,1,-1,-1,-1,1,-1,1,1,-1,1,1,-1,1,1,-1,-1,1,1,-1,-1,1,1,-1,1,1,-1,1,1,-1,-1,-1,-1,1,-1,-1,-1,-1,-1,-1,-1,1,1,-1,1,1,-1,1,1,1,1,-1,1,-1,1,1,1,-1,-1,1,-1,1,1,1,-1,-1,1,-1,-1,1,1,-1,-1,1,-1,1,1,1,1,-1,1,-1,-1,1,1,1,-1,-1,1,-1,1,1,1,-1,1,-1,-1,1,-2674.0,1,2000,445,500,False
186,1,1,-1,-1,1,1,-1,-1,1,1,1,-1,-1,1,1,1,-1,1,-1,-1,-1,-1,1,1,1,1,-1,-1,1,1,1,1,-1,-1,-1,-1,1,-1,1,1,-1,-1,-1,1,1,1,1,-1,1,1,1,1,-1,1,-1,-1,1,-1,1,1,1,-1,-1,-1,1,1,1,1,-1,-1,-1,1,1,1,1,-1,-1,-1,1,1,1,-1,-1,-1,1,1,1,1,-1,-1,1,1,1,1,1,-1,-1,-1,1,-1,1,1,-1,-1,1,1,1,1,1,-1,-1,-1,1,-1,1,1,-1,-1,1,1,1,1,1,1,-1,-1,1,1,-1,1,1,-1,1,1,1,1,1,1,-1,1,1,1,1,1,1,-1,1,1,1,1,1,1,-1,-1,-1,1,1,1,1,-1,1,1,1,1,-1,1,-1,1,-1,1,1,1,-1,-1,1,1,1,1,1,-1,1,-1,-1,1,-1,1,-1,1,1,1,1,1,1,1,1,1,-1,1,-1,1,-1,1,1,-1,1,-1,1,1,-1,1,-1,1,-1,1,-1,1,1,-1,-1,-1,1,1,1,1,-1,-1,1,1,-1,-1,1,-1,1,-1,-1,1,-1,1,-1,1,-1,1,-1,-1,1,-1,1,-1,1,1,-1,1,-1,1,1,1,-1,1,-1,-1,1,-1,1,-1,1,1,1,-1,1,1,-1,1,-1,-1,-1,1,1,-1,1,-1,-1,-1,1,1,-1,-1,1,1,-1,-1,1,1,-1,1,1,-1,1,1,1,1,-1,1,-1,1,1,-1,1,-1,1,1,-1,1,1,1,1,1,-1,-1,1,-1,-1,-1,1,1,-1,1,1,1,-1,1,-1,-1,1,1,1,-1,1,-1,1,1,1,-1,-1,1,-1,1,1,1,-1,1,1,-1,-1,1,1,1,-1,1,-1,1,1,1,-1,1,1,-1,1,1,1,-1,1,-1,-1,1,1,1,-1,1,-1,-1,-1,1,1,-1,1,-1,-1,1,-1,1,-1,1,1,-1,-1,1,1,1,1,1,-1,-1,1,1,-1,1,-1,1,-1,-1,-1,-1,1,1,-1,-1,1,1,-1,1,1,-1,-1,1,1,1,1,1,-1,1,1,1,-1,1,-1,-1,-1,-1,1,1,1,1,-1,-1,1,1,1,1,-1,-1,-1,-1,-1,1,-1,-1,-1,1,-1,1,1,1,1,-1,1,1,-1,1,-1,1,-1,-1,1,-1,1,1,1,-1,1,1,-1,-1,1,1,-1,-1,1,-1,1,1,1,-1,-1,1,-1,-1,1,1,-1,1,1,-1,1,1,1,-1,1,1,-1,1,-1,-1,-1,1,-1,-1,1,-1,-1,-1,1,-1,-1,1,-1,1,-1,1,-1,-1,1,1,-1,-1,1,-1,-1,1,-1,-1,-1,1,1,-1,1,-1,-1,-1,1,1,-1,-1,-1,1,-1,1,-1,-1,1,-1,-1,1,-1,1,-1,-1,1,-1,1,-1,1,1,-1,1,-1,-1,1,1,1,-1,1,-1,1,-1,-1,-1,1,-1,-1,-1,1,-1,-1,-1,1,1,-1,1,-1,1,-1,1,-1,1,1,-1,1,1,1,-1,-1,1,-1,1,-1,1,1,-1,1,-1,-1,1,1,-1,-1,1,-1,-1,-1,1,-1,-1,1,-1,1,1,1,1,-1,1,-1,-1,1,1,-1,-1,1,-1,-1,-1,1,1,-1,-1,1,1,-1,-1,-1,-1,1,1,1,1,1,1,-1,-1,1,1,1,-1,-1,-1,-1,1,1,1,-1,1,-1,1,-1,1,-1,1,1,-1,-1,1,1,1,-1,-1,-1,1,1,1,1,1,-1,-1,-1,1,1,1,-1,-1,-1,-1,1,1,1,1,-1,-1,-1,1,1,1,1,-1,-1,1,1,1,1,1,-1,-1,-1,1,1,-1,1,-1,-1,-1,1,1,1,1,-1,-1,1,1,1,1,1,-1,1,1,-1,1,1,-1,-1,-1,1,1,1,1,1,-1,1,1,1,1,1,1,-1,-1,1,-1,1,-1,1,-1,-1,1,-1,1,-1,-1,-1,-1,1,-1,1,1,-1,1,-1,1,1,1,-1,1,1,-1,1,-1,1,-1,-1,-1,-1,1,1,-1,-1,-1,-1,-1,1,-1,1,-1,-1,-1,-1,-1,-1,-1,1,-1,-1,-1,1,-1,-1,1,-1,-1,-1,-1,-1,1,1,-1,-1,-1,-1,-1,1,-1,-1,-1,1,-1,-1,1,-1,1,-1,-1,-1,-1,-1,-1,-1,1,-1,-1,-1,1,1,-1,-1,-1,1,-1,-1,-1,-1,-1,1,-1,-1,1,1,1,-1,-1,-1,-1,1,-1,1,1,-1,1,-1,-1,1,1,-1,-1,-1,-1,-1,-1,1,1,-1,-1,1,-1,1,1,-1,-1,-1,1,-1,1,1,-1,-1,1,-1,-1,1,1,1,-1,1,-1,1,1,1,-1,-1,1,-1,-1,1,1,1,-1,1,-1,-1,1,1,-1,1,1,-1,-1,1,1,-1,1,1,-1,-1,1,1,-1,1,1,-1,-1,1,1,1,1,-1,1,-1,-1,1,1,-1,1,-1,-1,1,-1,1,1,1,1,-1,-1,1,-1,1,1,1,-1,1,1,1,1,-1,1,-1,1,1,1,1,1,1,1,-1,1,1,1,1,-1,1,-1,1,1,1,1,1,-1,1,1,1,1,-1,1,1,-1,1,1,-1,1,1,-1,-1,1,1,1,1,-1,1,-1,1,1,1,-1,-1,1,-1,1,1,1,-1,1,-1,-1,-1,1,1,-1,-1,1,-1,-1,1,1,1,-1,1,-1,-1,1,1,1,-1,1,-1,-1,1,1,-1,-1,-1,1,-1,1,1,-1,1,1,-1,1,1,-1,-1,1,-1,-1,-1,1,1,-1,1,1,-1,1,1,-1,-1,-1,-1,1,-1,-1,-1,-1,1,-1,-1,1,1,-1,1,1,-1,1,1,1,1,-1,1,-1,1,1,1,-1,-1,1,-1,-1,1,1,-1,1,1,-1,1,1,1,-1,-1,1,-1,1,1,1,1,-1,1,-1,-1,1,1,1,-1,1,1,-1,1,1,1,-1,1,-1,-1,1,-2674.0,1,2000,445,1500,False
187,1,1,-1,-1,1,1,-1,-1,1,1,1,-1,-1,1,1,1,-1,1,-1,-1,-1,-1,1,1,1,-1,-1,-1,1,1,1,1,1,-1,-1,-1,1,1,1,1,-1,-1,-1,1,1,1,1,-1,1,1,1,1,-1,1,-1,-1,1,-1,1,1,1,-1,-1,-1,1,1,1,1,-1,-1,-1,1,1,1,1,-1,-1,-1,1,1,1,-1,-1,-1,1,1,1,1,-1,-1,-1,1,1,1,1,-1,-1,1,1,-1,1,1,-1,-1,1,1,1,1,1,-1,-1,1,1,-1,1,1,-1,-1,1,1,1,1,1,1,-1,1,1,1,-1,1,1,-1,1,1,1,1,1,1,-1,-1,1,1,1,1,1,-1,1,1,1,1,1,1,-1,-1,-1,1,1,1,1,-1,1,1,1,1,-1,1,-1,1,-1,1,1,1,-1,-1,1,1,1,1,1,-1,1,-1,-1,1,-1,1,-1,1,1,1,1,1,1,1,1,1,-1,1,-1,1,-1,1,1,-1,1,-1,1,1,-1,1,-1,1,-1,1,-1,1,1,-1,1,-1,1,1,1,1,-1,-1,1,1,-1,-1,1,-1,1,-1,1,1,-1,1,-1,1,-1,1,-1,1,1,-1,1,-1,1,1,-1,1,-1,1,1,1,-1,1,1,-1,-1,-1,1,-1,1,-1,1,-1,1,1,-1,1,-1,-1,-1,1,1,-1,1,-1,-1,-1,1,1,-1,-1,1,1,-1,-1,1,1,-1,1,1,-1,1,1,1,1,-1,1,-1,1,1,-1,1,-1,1,1,-1,1,1,1,1,1,-1,-1,1,-1,-1,-1,1,1,-1,1,1,1,-1,1,-1,-1,1,1,1,-1,1,-1,1,1,1,-1,-1,1,-1,1,1,1,-1,1,1,-1,-1,1,1,1,-1,1,-1,1,1,1,-1,1,1,-1,1,1,1,-1,1,-1,-1,1,1,1,-1,1,-1,-1,-1,1,1,-1,1,-1,-1,1,-1,1,-1,1,1,-1,-1,1,1,1,1,1,-1,-1,1,1,-1,1,-1,1,-1,-1,-1,-1,1,1,-1,-1,1,1,-1,1,1,-1,-1,1,1,1,1,1,-1,1,1,1,-1,1,-1,-1,-1,-1,1,1,1,1,-1,-1,1,1,1,1,-1,-1,-1,-1,-1,1,-1,-1,-1,1,-1,1,1,1,1,-1,1,1,-1,1,-1,1,-1,-1,1,-1,1,1,1,1,-1,1,-1,-1,1,1,-1,-1,1,-1,1,1,1,-1,-1,1,-1,-1,1,1,-1,1,1,-1,1,1,-1,-1,1,1,-1,1,-1,-1,-1,1,-1,-1,1,-1,-1,1,1,-1,-1,1,-1,-1,-1,1,-1,-1,1,-1,-1,-1,1,-1,-1,1,-1,-1,-1,1,1,-1,1,-1,-1,-1,1,1,-1,-1,-1,1,-1,1,-1,-1,1,-1,-1,1,1,1,-1,-1,1,-1,1,-1,1,-1,-1,1,-1,-1,1,1,1,-1,1,-1,1,-1,1,1,1,-1,-1,-1,1,-1,-1,-1,1,1,-1,1,-1,1,-1,1,-1,1,1,-1,1,1,1,-1,-1,1,-1,1,-1,1,1,-1,1,-1,-1,1,1,-1,-1,1,-1,-1,-1,1,-1,-1,1,-1,1,1,1,1,-1,1,-1,-1,1,1,-1,-1,1,-1,-1,-1,1,1,-1,-1,1,1,-1,1,-1,-1,1,1,1,1,1,1,-1,-1,1,1,-1,1,-1,-1,-1,1,1,1,-1,1,-1,1,-1,1,1,1,1,-1,-1,1,1,1,-1,-1,-1,1,1,1,1,1,-1,-1,-1,1,1,1,-1,-1,-1,-1,1,1,1,1,-1,-1,1,1,1,1,1,-1,-1,-1,1,1,1,1,-1,-1,-1,1,1,-1,1,-1,-1,-1,1,1,1,1,-1,-1,1,1,1,1,1,-1,1,1,-1,1,1,-1,-1,-1,1,1,1,-1,1,-1,1,1,1,1,1,1,-1,-1,1,-1,1,-1,1,-1,-1,1,-1,1,-1,-1,-1,-1,1,-1,1,1,-1,-1,-1,1,1,1,-1,1,-1,-1,1,-1,1,-1,-1,-1,-1,1,1,-1,-1,-1,-1,-1,1,-1,1,-1,-1,-1,-1,-1,-1,-1,1,-1,-1,-1,1,-1,-1,1,-1,-1,-1,-1,-1,1,1,-1,-1,-1,-1,-1,1,-1,-1,-1,1,-1,-1,1,-1,1,-1,-1,-1,-1,-1,-1,-1,1,-1,-1,-1,1,1,-1,-1,-1,-1,1,-1,-1,-1,-1,1,-1,-1,1,-1,1,-1,-1,-1,-1,1,-1,1,1,-1,1,-1,-1,1,1,-1,-1,-1,-1,-1,-1,1,1,-1,-1,1,-1,1,1,-1,-1,-1,1,-1,1,1,-1,-1,1,-1,-1,1,1,1,-1,1,-1,1,1,1,-1,-1,1,-1,-1,1,-1,1,-1,1,-1,-1,1,1,-1,1,1,-1,-1,1,1,-1,1,1,-1,-1,1,1,1,1,1,-1,-1,1,1,1,1,1,1,-1,-1,1,1,-1,1,-1,-1,1,-1,1,1,1,1,-1,-1,1,-1,1,1,1,-1,1,1,1,1,-1,1,-1,1,1,1,1,1,1,1,-1,1,1,1,1,-1,1,-1,1,1,1,1,1,-1,1,1,1,1,-1,1,1,-1,1,1,-1,1,1,-1,-1,1,1,1,1,-1,1,-1,1,1,1,-1,-1,1,-1,1,1,1,-1,1,-1,-1,-1,1,1,-1,-1,1,-1,-1,1,1,1,-1,1,-1,-1,1,1,1,-1,1,-1,-1,1,1,-1,-1,-1,1,-1,1,1,-1,1,1,-1,1,1,-1,-1,1,-1,-1,-1,1,1,-1,1,1,-1,1,1,-1,-1,-1,-1,1,-1,-1,-1,-1,1,-1,-1,1,1,-1,1,1,-1,1,1,1,1,-1,1,-1,1,1,1,1,-1,1,-1,-1,1,1,1,-1,1,-1,1,1,1,1,-1,1,-1,1,1,1,-1,-1,1,-1,-1,1,1,-1,-1,-1,1,-1,1,1,1,-1,1,-1,-1,1,-2674.0,1,2000,445,500,False
188,1,1,-1,-1,1,1,-1,-1,1,1,1,-1,1,1,1,1,-1,1,-1,-1,-1,-1,1,1,1,-1,1,-1,1,1,1,1,-1,-1,-1,-1,1,1,1,1,-1,-1,-1,1,1,1,1,-1,1,1,1,1,-1,1,-1,-1,1,-1,1,1,1,-1,-1,-1,1,1,1,1,-1,-1,-1,1,1,1,1,-1,-1,-1,1,1,1,-1,-1,-1,1,1,1,1,-1,-1,1,1,1,1,1,-1,-1,-1,1,-1,1,1,-1,-1,1,1,1,1,1,-1,-1,-1,1,-1,1,1,-1,-1,1,1,1,1,1,1,-1,-1,1,1,-1,1,1,-1,1,1,1,1,1,1,-1,1,1,1,1,1,1,-1,1,1,1,1,1,1,-1,-1,-1,1,1,1,1,-1,1,1,1,1,-1,1,-1,1,1,1,1,1,-1,-1,1,1,1,1,1,-1,1,-1,-1,1,-1,1,-1,1,1,1,1,1,1,1,1,1,-1,1,-1,1,-1,1,1,-1,1,-1,1,1,-1,1,-1,1,-1,1,-1,1,1,-1,1,-1,1,1,1,1,-1,-1,1,1,-1,-1,1,-1,1,-1,-1,1,-1,1,-1,1,-1,1,-1,1,1,-1,-1,-1,1,1,-1,1,-1,1,1,1,-1,1,1,-1,1,-1,1,-1,1,-1,1,-1,1,1,-1,1,-1,-1,-1,1,1,-1,1,-1,-1,-1,1,1,-1,-1,1,1,-1,-1,1,1,-1,1,1,-1,1,1,1,1,-1,1,-1,1,1,-1,1,-1,1,1,-1,1,1,1,1,1,-1,-1,1,-1,-1,-1,1,1,-1,1,1,1,-1,1,-1,-1,1,1,1,-1,1,-1,1,1,1,-1,-1,1,-1,1,1,1,-1,1,1,-1,-1,1,1,1,-1,1,-1,1,1,1,-1,1,1,-1,1,1,1,-1,1,-1,-1,1,1,1,-1,1,-1,-1,-1,1,1,-1,1,-1,-1,1,-1,1,-1,1,1,-1,-1,1,1,1,1,1,-1,-1,1,1,-1,1,-1,1,-1,-1,-1,-1,1,1,-1,-1,1,1,-1,1,1,-1,-1,1,1,1,1,1,-1,1,1,1,-1,1,-1,-1,-1,-1,1,1,1,1,-1,-1,1,1,1,1,-1,-1,-1,-1,-1,1,-1,-1,-1,1,-1,1,1,1,1,-1,1,1,-1,1,-1,1,-1,-1,1,-1,1,1,1,1,-1,1,-1,-1,1,1,-1,-1,1,-1,1,1,1,-1,-1,1,-1,-1,1,1,-1,1,1,-1,1,1,-1,-1,1,1,-1,1,-1,-1,-1,1,-1,-1,1,-1,-1,1,1,-1,-1,1,-1,-1,-1,1,-1,-1,1,-1,-1,-1,1,-1,-1,1,-1,-1,-1,1,1,-1,1,1,-1,-1,1,1,-1,-1,1,1,-1,1,-1,-1,1,-1,-1,1,-1,1,-1,-1,1,-1,1,-1,1,-1,-1,1,-1,-1,1,1,1,-1,1,-1,1,-1,-1,1,1,-1,-1,-1,1,-1,-1,-1,1,1,-1,1,-1,1,-1,1,-1,1,1,-1,1,1,1,-1,1,1,-1,1,-1,1,1,-1,1,-1,-1,1,1,-1,-1,1,-1,-1,-1,1,-1,-1,1,-1,1,1,1,1,-1,1,-1,-1,1,1,-1,-1,1,-1,-1,-1,1,1,-1,-1,1,1,-1,1,-1,-1,-1,1,1,1,1,1,-1,1,1,1,-1,1,-1,-1,1,1,1,1,-1,1,-1,1,-1,1,1,1,1,-1,-1,1,1,1,-1,-1,-1,1,1,1,1,1,-1,-1,-1,1,1,1,-1,-1,-1,-1,1,1,1,1,-1,-1,1,1,1,1,1,-1,-1,-1,1,1,1,1,-1,-1,-1,1,1,-1,1,-1,-1,-1,1,1,1,1,-1,-1,1,1,1,1,1,-1,1,1,-1,1,1,-1,-1,-1,1,1,1,-1,1,-1,1,1,1,1,1,1,-1,-1,1,-1,1,-1,1,-1,-1,1,-1,1,-1,-1,-1,-1,1,-1,1,1,-1,-1,-1,1,1,1,-1,1,-1,-1,1,-1,1,-1,-1,-1,-1,1,1,-1,-1,-1,-1,-1,1,-1,1,-1,-1,-1,-1,-1,-1,-1,1,-1,-1,-1,1,-1,-1,1,-1,-1,-1,-1,-1,1,1,-1,-1,-1,-1,-1,1,-1,-1,-1,1,-1,-1,1,-1,1,-1,-1,-1,-1,-1,-1,-1,1,-1,-1,-1,1,1,1,-1,-1,1,1,-1,-1,-1,-1,1,-1,-1,1,-1,1,-1,-1,-1,-1,1,-1,1,1,-1,1,-1,-1,1,1,-1,-1,-1,-1,-1,-1,1,1,-1,-1,1,-1,1,1,-1,-1,-1,1,-1,1,1,-1,-1,1,-1,-1,1,1,1,-1,1,-1,1,1,1,-1,-1,1,-1,-1,1,-1,1,-1,1,-1,-1,1,1,-1,1,1,-1,-1,1,1,-1,1,1,-1,-1,1,1,-1,1,1,-1,-1,1,1,1,1,1,1,-1,-1,1,1,-1,1,-1,-1,1,-1,1,1,1,1,-1,-1,1,-1,1,1,1,-1,1,1,1,1,-1,1,-1,1,1,1,1,1,1,1,-1,1,1,1,1,-1,1,-1,1,1,1,1,1,-1,1,1,1,1,-1,1,1,-1,1,1,-1,1,1,-1,-1,1,1,1,1,-1,1,-1,1,1,1,-1,-1,1,-1,1,1,1,-1,1,-1,-1,-1,1,1,-1,-1,1,-1,-1,1,1,-1,-1,1,-1,-1,-1,1,1,-1,1,-1,-1,1,1,-1,-1,1,1,-1,-1,1,-1,1,1,-1,1,1,-1,-1,1,-1,-1,-1,1,1,-1,1,1,-1,1,1,-1,-1,-1,-1,1,-1,-1,-1,-1,1,-1,-1,1,1,-1,1,1,-1,1,1,1,1,-1,1,-1,1,1,1,-1,-1,1,-1,-1,-1,1,-1,-1,1,-1,1,1,1,-1,-1,1,-1,1,1,1,1,-1,1,-1,-1,1,1,1,-1,-1,1,-1,1,1,1,-1,1,-1,-1,1,-2674.0,1,2000,445,500,False
189,1,1,-1,-1,1,-1,-1,-1,1,1,1,-1,1,1,1,1,-1,1,-1,-1,-1,-1,1,1,1,-1,1,-1,1,1,1,1,1,-1,-1,-1,1,-1,1,1,-1,-1,-1,1,1,1,1,-1,1,1,1,1,-1,1,-1,-1,1,-1,1,1,1,-1,-1,-1,1,1,1,1,-1,-1,-1,1,1,1,1,-1,-1,-1,1,1,1,-1,-1,-1,1,1,1,1,-1,-1,-1,1,1,1,1,-1,-1,1,1,-1,1,1,-1,-1,1,1,1,1,1,-1,-1,-1,1,-1,1,1,-1,-1,1,1,1,1,1,1,-1,-1,1,1,-1,1,1,-1,1,1,1,1,1,1,-1,1,1,1,1,1,1,-1,1,1,1,1,1,1,-1,-1,-1,1,1,1,1,-1,1,1,1,1,-1,1,-1,1,-1,1,1,1,-1,-1,1,1,1,1,1,-1,1,-1,-1,1,-1,1,-1,1,1,1,1,1,1,1,1,1,-1,1,-1,1,-1,1,1,-1,1,-1,1,1,-1,1,-1,1,-1,1,-1,1,1,-1,-1,-1,1,1,1,1,-1,-1,1,1,-1,-1,1,-1,1,-1,1,1,-1,1,-1,1,-1,1,-1,1,1,-1,-1,-1,1,1,-1,1,-1,1,1,1,-1,1,1,-1,1,-1,1,-1,1,-1,1,-1,1,1,-1,1,-1,-1,-1,1,1,-1,1,-1,-1,-1,1,1,-1,-1,1,1,-1,-1,1,1,-1,1,1,-1,1,1,1,1,-1,1,-1,1,1,-1,1,-1,1,1,-1,1,1,1,1,1,-1,-1,1,-1,-1,-1,1,1,-1,1,1,1,-1,1,-1,-1,1,1,1,1,1,-1,1,1,1,-1,-1,1,-1,1,1,1,-1,1,1,-1,-1,1,1,1,-1,1,-1,1,1,1,-1,1,1,-1,1,1,1,-1,1,-1,-1,1,1,1,-1,1,-1,-1,-1,1,1,-1,1,-1,-1,1,-1,1,-1,1,1,-1,-1,1,1,1,-1,1,-1,-1,1,1,-1,1,-1,1,-1,-1,-1,-1,1,1,-1,-1,1,1,-1,1,1,-1,-1,1,1,1,1,1,-1,1,1,1,-1,1,-1,-1,-1,-1,1,1,1,1,-1,-1,1,1,1,1,-1,-1,-1,-1,-1,1,-1,-1,-1,1,-1,1,1,-1,1,-1,1,1,-1,1,-1,1,-1,-1,1,-1,1,1,1,1,-1,1,-1,-1,1,1,-1,-1,1,-1,1,1,1,-1,-1,1,-1,-1,1,1,-1,1,1,-1,1,1,-1,-1,1,1,-1,1,-1,-1,-1,1,1,-1,1,-1,-1,1,1,-1,-1,1,-1,-1,-1,1,-1,-1,1,1,-1,-1,1,-1,-1,1,-1,-1,-1,1,1,-1,1,1,-1,-1,1,1,-1,-1,-1,1,-1,1,-1,-1,1,-1,-1,1,-1,1,-1,-1,1,-1,1,-1,1,1,-1,1,-1,-1,1,1,1,-1,1,-1,1,-1,1,-1,1,-1,-1,-1,1,-1,-1,-1,1,1,-1,1,-1,1,-1,1,-1,1,1,-1,1,1,1,-1,-1,1,-1,1,-1,1,1,-1,1,-1,-1,1,1,-1,-1,1,-1,-1,-1,1,-1,-1,1,-1,1,1,1,1,-1,1,-1,-1,1,1,-1,-1,1,-1,-1,-1,1,1,-1,-1,1,1,-1,1,-1,-1,1,1,1,1,1,1,-1,-1,1,1,-1,1,-1,-1,1,1,1,1,-1,1,-1,1,-1,1,1,1,1,-1,-1,1,1,1,-1,-1,-1,1,1,1,1,1,-1,-1,-1,1,1,1,-1,-1,-1,-1,1,1,1,1,-1,-1,-1,1,1,1,1,-1,-1,1,1,1,1,1,-1,-1,-1,1,1,-1,1,-1,-1,-1,1,1,1,1,-1,-1,1,1,1,1,1,-1,1,1,-1,1,1,-1,-1,-1,1,1,1,-1,1,-1,1,1,1,1,1,1,-1,-1,1,-1,1,-1,1,-1,-1,1,-1,1,1,-1,-1,-1,1,-1,1,1,-1,1,-1,1,1,1,-1,1,1,-1,1,-1,1,-1,-1,-1,-1,1,1,-1,-1,-1,-1,-1,1,-1,1,-1,-1,-1,-1,-1,-1,-1,1,-1,-1,-1,1,-1,-1,1,-1,-1,-1,-1,-1,1,1,-1,-1,-1,-1,-1,1,-1,-1,-1,1,-1,-1,1,-1,1,-1,-1,-1,-1,-1,-1,-1,1,-1,-1,-1,1,1,-1,-1,-1,-1,1,-1,-1,-1,-1,1,-1,-1,1,-1,1,-1,-1,-1,-1,1,-1,1,1,-1,1,-1,-1,1,1,-1,-1,-1,-1,-1,-1,1,1,-1,-1,1,-1,1,1,-1,-1,-1,1,-1,-1,1,-1,-1,1,-1,-1,1,1,1,-1,1,-1,1,1,1,-1,-1,1,-1,-1,1,1,1,-1,1,-1,-1,1,1,-1,1,1,-1,-1,1,1,-1,1,1,-1,-1,1,1,1,1,1,-1,-1,1,1,1,1,1,1,-1,-1,1,1,1,1,-1,-1,1,-1,1,1,1,1,-1,-1,1,-1,1,1,1,-1,1,1,1,1,-1,1,-1,1,1,1,1,1,1,1,-1,1,1,1,1,-1,1,-1,1,1,1,1,1,-1,1,1,1,1,-1,1,1,-1,1,1,-1,1,1,-1,-1,1,1,1,1,-1,1,-1,1,1,1,-1,-1,1,-1,1,1,1,-1,1,-1,-1,-1,1,1,-1,-1,1,-1,-1,1,1,-1,-1,1,-1,-1,1,1,1,-1,1,-1,-1,1,1,-1,-1,-1,1,-1,-1,1,-1,1,1,-1,1,1,-1,-1,1,1,-1,-1,1,1,-1,1,1,-1,1,1,-1,-1,1,-1,1,-1,-1,-1,-1,1,-1,-1,1,1,-1,1,1,-1,1,1,1,1,-1,1,-1,1,1,1,-1,-1,1,-1,-1,1,1,-1,-1,1,-1,1,1,1,-1,-1,1,-1,1,1,1,1,-1,1,-1,-1,1,1,-1,-1,-1,1,-1,1,1,1,-1,1,-1,-1,1,-2674.0,1,2000,445,500,False
190,1,1,-1,-1,1,1,-1,-1,1,1,1,-1,1,1,1,1,-1,1,-1,-1,-1,-1,1,1,1,-1,1,-1,1,1,1,1,1,-1,-1,-1,1,-1,1,1,-1,-1,-1,1,1,1,1,-1,1,1,1,1,-1,1,-1,-1,1,-1,1,1,1,-1,-1,-1,1,1,1,1,-1,-1,-1,1,1,1,1,-1,-1,-1,1,1,1,-1,-1,-1,1,1,1,1,-1,-1,-1,1,1,1,1,-1,-1,1,1,-1,1,1,-1,-1,1,1,1,1,1,-1,-1,-1,1,1,1,1,-1,-1,1,1,1,1,1,1,-1,-1,1,1,-1,1,1,-1,1,1,1,1,1,1,-1,1,1,1,1,1,1,-1,1,1,1,1,1,1,-1,-1,-1,1,1,1,1,-1,1,1,1,1,-1,1,-1,1,-1,1,1,1,-1,-1,1,1,1,1,1,-1,1,-1,-1,1,-1,1,-1,1,1,1,1,1,1,1,1,1,-1,1,-1,1,-1,1,1,-1,1,-1,1,1,-1,1,-1,1,-1,1,-1,1,1,-1,1,-1,1,1,1,1,-1,-1,1,1,-1,-1,1,-1,1,-1,1,1,-1,1,-1,1,-1,1,-1,1,1,-1,-1,-1,1,1,-1,1,-1,1,1,1,-1,1,1,-1,1,-1,1,-1,1,-1,1,-1,1,1,-1,1,-1,-1,-1,1,1,-1,1,-1,-1,-1,1,1,-1,-1,1,1,-1,-1,1,1,-1,1,1,-1,1,1,1,1,-1,1,-1,1,1,-1,1,-1,1,1,-1,1,1,1,1,1,-1,-1,1,-1,-1,1,1,1,-1,1,1,1,-1,1,-1,-1,1,1,1,-1,1,-1,1,1,1,-1,-1,1,-1,1,1,1,-1,1,1,-1,-1,1,1,1,-1,1,-1,1,1,1,-1,1,1,-1,1,1,1,-1,1,-1,-1,1,1,1,-1,1,-1,-1,-1,1,1,-1,1,-1,-1,1,-1,1,-1,1,1,-1,-1,1,1,1,1,1,-1,-1,1,1,-1,1,-1,1,-1,-1,-1,-1,1,1,-1,-1,1,1,-1,1,1,-1,-1,1,1,1,1,1,-1,1,1,1,-1,1,-1,-1,-1,-1,1,1,1,1,-1,-1,1,1,1,1,-1,-1,-1,-1,-1,1,-1,-1,-1,1,-1,1,1,1,1,1,1,1,-1,1,-1,1,-1,-1,1,-1,1,1,1,1,-1,1,-1,-1,1,1,-1,-1,1,-1,1,1,1,-1,-1,1,-1,-1,1,1,-1,1,1,-1,1,1,-1,-1,1,1,-1,1,-1,-1,-1,1,-1,1,1,-1,-1,-1,1,-1,-1,1,-1,-1,-1,1,-1,-1,1,-1,-1,-1,1,-1,-1,1,-1,-1,-1,1,1,-1,1,1,-1,-1,1,1,-1,1,-1,1,-1,1,-1,-1,1,-1,-1,1,-1,1,-1,-1,1,-1,1,-1,1,-1,1,1,-1,-1,1,1,1,-1,1,-1,1,-1,-1,1,1,-1,-1,-1,1,-1,-1,-1,1,1,-1,1,-1,1,-1,1,-1,1,1,-1,1,1,1,-1,-1,1,-1,1,-1,1,1,-1,1,-1,-1,1,1,-1,-1,1,-1,-1,-1,1,-1,-1,1,-1,1,1,1,1,-1,1,-1,-1,1,1,-1,-1,1,-1,-1,-1,1,1,-1,-1,1,1,-1,1,-1,-1,1,1,1,-1,1,1,-1,-1,1,1,-1,1,-1,-1,1,1,1,1,-1,-1,-1,1,-1,1,1,1,-1,-1,-1,1,1,1,-1,-1,-1,-1,1,1,1,1,-1,-1,-1,1,1,1,-1,-1,-1,-1,1,1,1,1,-1,-1,1,1,1,1,1,-1,-1,-1,1,1,1,1,-1,-1,-1,1,1,-1,1,-1,-1,-1,1,1,1,1,-1,-1,1,1,1,1,1,-1,1,1,-1,1,1,-1,-1,-1,1,1,1,1,1,-1,1,1,1,1,1,1,-1,-1,1,-1,1,-1,1,-1,-1,1,-1,1,-1,-1,-1,-1,1,-1,1,1,-1,1,-1,1,1,1,-1,1,1,-1,1,-1,1,-1,-1,-1,-1,1,1,-1,-1,-1,-1,-1,1,-1,1,-1,-1,-1,-1,-1,-1,-1,1,-1,-1,-1,1,-1,-1,1,-1,-1,-1,-1,-1,1,1,-1,-1,-1,-1,-1,1,-1,-1,-1,1,-1,-1,1,-1,1,-1,-1,-1,-1,-1,-1,-1,1,-1,-1,-1,1,1,-1,-1,-1,-1,1,-1,-1,-1,-1,1,-1,-1,1,1,1,-1,-1,-1,-1,1,-1,1,1,-1,1,-1,-1,1,1,-1,-1,-1,-1,-1,-1,1,1,-1,-1,1,-1,1,1,-1,-1,-1,1,-1,-1,1,-1,-1,1,-1,-1,1,1,1,-1,1,-1,1,1,1,-1,-1,1,-1,-1,1,1,1,-1,1,-1,-1,1,1,-1,1,1,-1,-1,1,1,-1,1,1,-1,-1,1,1,1,1,1,-1,-1,1,1,1,1,1,1,-1,-1,1,1,1,1,-1,-1,1,-1,1,1,1,1,-1,-1,1,-1,1,1,1,-1,1,-1,1,1,-1,1,-1,1,1,1,1,1,1,1,-1,-1,1,1,1,-1,1,-1,1,1,1,1,1,-1,1,-1,1,1,-1,1,1,-1,-1,1,-1,1,1,-1,-1,1,1,1,1,-1,1,-1,-1,1,1,-1,-1,1,-1,1,1,1,-1,1,-1,-1,-1,1,1,-1,-1,1,-1,-1,1,1,1,-1,1,-1,-1,-1,1,1,-1,1,-1,-1,1,1,-1,-1,-1,1,-1,-1,1,-1,1,1,-1,1,1,-1,-1,1,-1,-1,-1,1,1,-1,1,1,-1,1,1,-1,-1,-1,-1,1,-1,-1,-1,-1,1,-1,-1,1,1,-1,1,1,-1,1,1,1,1,-1,1,-1,1,1,1,-1,-1,1,-1,-1,1,1,-1,-1,1,-1,1,1,1,-1,-1,1,-1,1,1,1,1,-1,1,-1,-1,1,1,-1,-1,-1,1,-1,1,-1,1,-1,1,-1,-1,1,-2674.0,1,2000,445,500,False
191,1,1,-1,-1,1,-1,-1,-1,1,1,1,-1,1,1,1,1,-1,1,-1,-1,-1,-1,1,1,1,-1,-1,-1,1,1,1,1,-1,-1,-1,-1,1,1,1,1,-1,-1,-1,1,1,1,1,-1,1,1,1,1,-1,1,-1,-1,1,-1,1,1,1,-1,-1,-1,1,1,1,1,-1,-1,-1,1,1,1,1,-1,-1,-1,1,1,1,-1,-1,-1,1,1,1,1,-1,-1,-1,1,1,1,1,-1,-1,1,1,-1,1,1,-1,-1,1,1,1,1,1,-1,-1,-1,1,-1,1,1,-1,-1,1,1,1,1,1,1,-1,-1,1,1,-1,1,1,-1,1,1,1,1,1,1,-1,1,1,1,1,1,1,-1,1,1,1,1,1,1,-1,-1,-1,1,1,1,1,-1,1,1,1,1,-1,1,-1,1,-1,1,1,1,-1,-1,1,1,1,1,1,-1,1,-1,-1,1,-1,1,-1,1,1,1,1,1,1,1,1,1,-1,1,-1,1,-1,1,1,-1,1,-1,1,1,-1,1,-1,1,-1,1,-1,1,1,-1,-1,-1,1,1,1,1,-1,-1,1,1,-1,-1,1,-1,1,-1,-1,1,-1,1,-1,1,-1,1,-1,1,1,-1,-1,-1,1,1,-1,1,-1,1,1,1,-1,1,1,-1,-1,-1,1,-1,1,-1,1,-1,1,1,-1,1,-1,-1,-1,1,1,-1,1,-1,-1,-1,1,1,-1,-1,1,1,-1,-1,1,1,-1,1,1,-1,1,1,1,1,-1,1,-1,1,1,-1,1,-1,1,1,-1,1,1,1,1,1,-1,-1,1,-1,-1,1,1,1,-1,1,1,1,-1,1,-1,-1,1,1,1,-1,1,-1,1,1,1,-1,1,1,-1,1,1,1,-1,1,1,-1,-1,1,1,1,-1,1,-1,1,1,1,-1,1,1,-1,1,1,1,-1,1,-1,-1,1,1,1,-1,1,-1,-1,-1,1,1,-1,1,-1,-1,1,-1,1,-1,1,1,-1,-1,1,1,1,1,1,-1,-1,1,1,-1,1,-1,1,-1,-1,-1,-1,1,1,-1,-1,1,1,-1,1,1,-1,-1,1,1,1,1,1,-1,1,1,1,-1,1,-1,-1,-1,-1,1,1,1,1,-1,-1,1,1,1,1,-1,-1,-1,-1,-1,1,-1,-1,-1,1,-1,1,1,1,1,-1,1,1,-1,1,-1,1,-1,-1,1,-1,1,1,1,1,-1,1,-1,-1,1,1,-1,-1,1,-1,1,1,1,-1,-1,1,-1,-1,1,1,-1,1,1,-1,1,1,-1,-1,1,1,-1,1,-1,-1,-1,1,-1,-1,1,-1,-1,1,1,-1,-1,1,-1,-1,-1,1,-1,-1,1,-1,-1,-1,1,-1,-1,1,-1,-1,-1,1,1,-1,1,1,-1,-1,1,1,-1,-1,1,1,-1,1,-1,-1,1,-1,-1,1,-1,1,-1,-1,1,-1,1,-1,1,-1,-1,1,-1,-1,1,1,1,-1,1,-1,1,-1,1,1,1,-1,-1,-1,1,-1,-1,-1,1,1,-1,1,-1,1,-1,1,-1,1,1,-1,1,1,1,-1,-1,1,-1,1,-1,1,1,-1,1,-1,-1,1,1,-1,-1,1,-1,-1,-1,1,-1,-1,1,-1,1,1,1,1,-1,1,-1,-1,1,1,-1,-1,1,-1,-1,-1,1,1,-1,-1,1,1,-1,-1,-1,-1,1,1,1,1,1,1,-1,-1,1,1,-1,1,-1,-1,1,1,1,1,-1,1,-1,1,-1,1,1,1,1,-1,-1,1,1,1,-1,-1,-1,1,1,1,1,1,-1,-1,-1,1,1,1,-1,-1,-1,-1,1,1,1,1,-1,-1,-1,1,1,1,1,-1,-1,1,1,1,1,-1,-1,-1,-1,1,1,-1,1,-1,-1,-1,1,1,1,1,-1,-1,1,1,1,1,1,-1,1,1,-1,1,1,-1,-1,-1,1,1,1,-1,1,-1,1,1,1,1,1,1,-1,-1,1,-1,1,-1,1,-1,-1,1,-1,1,-1,-1,-1,-1,1,-1,1,1,-1,-1,-1,1,1,1,-1,1,-1,-1,1,-1,1,-1,-1,-1,-1,1,1,-1,-1,-1,-1,-1,1,-1,1,-1,-1,-1,-1,-1,-1,-1,1,-1,-1,-1,1,-1,-1,1,-1,-1,-1,-1,-1,1,1,-1,-1,-1,-1,-1,1,-1,-1,-1,1,-1,-1,1,-1,1,-1,-1,-1,-1,-1,-1,-1,1,-1,-1,-1,1,1,-1,-1,-1,1,1,-1,-1,-1,-1,1,-1,-1,1,-1,1,-1,-1,-1,-1,1,-1,1,1,-1,1,-1,-1,1,1,-1,-1,-1,-1,-1,-1,1,1,-1,-1,1,-1,1,1,-1,-1,-1,1,-1,-1,1,-1,-1,1,-1,-1,1,1,1,-1,1,-1,1,1,1,-1,-1,1,-1,-1,1,1,1,-1,1,-1,-1,1,1,-1,1,1,-1,-1,1,1,1,1,1,-1,-1,1,1,-1,1,1,-1,-1,1,1,1,1,1,1,-1,-1,1,1,-1,1,-1,-1,1,-1,1,1,1,1,-1,-1,1,-1,1,1,1,-1,1,1,1,1,-1,1,-1,1,1,1,1,1,1,1,-1,1,1,1,1,-1,1,-1,1,1,1,1,1,-1,1,1,1,1,-1,1,1,-1,1,1,-1,1,1,-1,-1,1,1,1,1,-1,1,-1,1,1,1,-1,-1,1,-1,1,1,1,-1,1,-1,-1,-1,1,1,-1,-1,1,-1,-1,1,1,-1,-1,1,-1,-1,1,1,1,-1,1,-1,-1,1,1,-1,-1,-1,1,-1,-1,1,-1,1,1,-1,1,1,-1,-1,1,-1,-1,-1,1,1,-1,1,1,-1,1,1,-1,-1,-1,-1,1,-1,-1,-1,-1,1,-1,-1,1,1,-1,1,1,-1,1,1,1,1,-1,1,-1,1,1,1,-1,-1,1,-1,-1,-1,1,-1,-1,1,-1,1,1,1,-1,-1,1,-1,1,1,1,1,-1,1,-1,-1,1,1,-1,-1,-1,1,-1,1,-1,1,-1,1,-1,-1,1,-2674.0,1,2000,445,500,False
192,1,1,-1,-1,1,1,-1,-1,1,1,1,-1,1,1,1,1,-1,1,-1,-1,1,-1,1,1,1,-1,1,-1,1,1,1,1,-1,-1,-1,-1,1,-1,1,1,-1,-1,-1,1,1,1,1,-1,1,1,1,1,-1,1,-1,-1,1,-1,1,1,1,-1,-1,-1,1,1,1,1,-1,-1,-1,1,1,1,1,-1,-1,-1,1,1,1,-1,-1,-1,1,1,1,1,-1,-1,-1,1,1,1,1,-1,-1,1,1,-1,1,1,-1,-1,1,1,1,1,1,-1,-1,1,1,-1,1,1,-1,-1,1,1,1,1,1,1,-1,-1,1,1,-1,1,1,-1,1,1,1,1,1,1,-1,-1,1,1,1,1,1,-1,1,1,1,1,1,1,-1,-1,-1,1,1,1,1,-1,1,1,1,1,-1,1,-1,1,1,1,1,1,-1,-1,1,1,1,1,1,-1,1,-1,-1,1,-1,1,-1,1,1,1,1,1,1,1,1,1,-1,1,-1,1,-1,1,1,-1,1,-1,1,1,-1,1,-1,1,-1,1,-1,1,1,-1,1,-1,1,1,1,1,-1,-1,1,1,-1,-1,1,-1,1,-1,-1,1,-1,1,-1,1,-1,1,-1,1,1,-1,-1,-1,1,1,-1,1,-1,1,1,1,-1,1,1,-1,-1,-1,1,-1,1,-1,1,-1,1,1,-1,1,-1,-1,-1,1,1,-1,1,-1,-1,-1,1,1,-1,-1,1,1,-1,-1,1,1,-1,1,1,-1,1,1,1,-1,-1,1,-1,1,1,-1,1,-1,1,1,-1,1,1,-1,-1,1,-1,-1,1,-1,1,-1,1,1,-1,1,1,1,-1,1,-1,-1,1,1,-1,-1,1,-1,1,1,1,1,-1,1,-1,1,1,1,-1,1,1,-1,-1,1,1,-1,-1,1,-1,1,1,1,1,1,1,-1,1,1,1,1,1,-1,-1,1,1,1,1,1,-1,-1,-1,1,1,1,1,-1,-1,1,-1,1,-1,1,1,-1,-1,1,1,1,1,1,-1,-1,1,1,1,1,-1,1,-1,-1,-1,-1,1,1,-1,-1,1,1,-1,1,1,-1,-1,1,1,1,1,1,-1,1,1,1,-1,1,-1,-1,-1,-1,1,1,1,1,-1,-1,1,-1,1,1,-1,-1,-1,-1,-1,1,-1,-1,-1,1,-1,1,1,1,1,-1,1,1,-1,1,-1,1,-1,-1,1,-1,1,1,1,-1,1,1,-1,-1,1,1,-1,-1,1,-1,1,1,-1,1,-1,1,-1,1,1,1,-1,1,1,-1,1,1,1,-1,1,1,-1,1,-1,-1,-1,1,-1,1,1,-1,-1,-1,1,-1,-1,1,-1,1,-1,1,-1,-1,1,1,-1,-1,1,-1,-1,1,-1,-1,-1,1,1,-1,1,1,-1,-1,1,1,-1,-1,-1,1,-1,1,-1,-1,1,-1,-1,1,-1,1,-1,-1,1,-1,1,-1,1,1,-1,1,-1,-1,1,1,1,-1,1,-1,1,-1,-1,1,1,-1,-1,-1,1,-1,-1,-1,1,1,-1,1,-1,1,-1,1,-1,1,1,-1,1,1,1,-1,1,1,-1,1,-1,1,1,-1,1,-1,-1,1,1,-1,-1,1,-1,-1,-1,1,-1,-1,1,-1,1,1,1,1,-1,1,-1,-1,1,1,-1,-1,1,-1,-1,-1,1,1,-1,-1,1,1,-1,-1,-1,-1,-1,1,1,1,1,1,-1,1,1,1,1,-1,-1,-1,1,1,1,1,-1,1,-1,1,-1,1,-1,1,1,-1,-1,1,1,1,-1,-1,-1,1,1,1,1,1,-1,-1,-1,1,1,1,-1,-1,-1,-1,1,1,1,1,-1,-1,1,1,1,1,1,-1,-1,-1,1,1,1,1,-1,-1,-1,1,1,-1,1,-1,-1,-1,1,1,1,1,-1,-1,1,1,1,1,1,-1,1,1,-1,1,1,-1,-1,-1,1,1,1,1,1,-1,1,1,1,1,1,1,-1,-1,1,-1,1,-1,1,-1,-1,1,-1,1,-1,-1,-1,-1,1,-1,1,1,-1,1,-1,1,1,1,-1,1,1,-1,1,-1,1,-1,-1,-1,-1,1,1,-1,-1,-1,-1,-1,1,-1,1,-1,-1,-1,-1,-1,-1,-1,1,-1,-1,-1,1,-1,-1,1,-1,-1,-1,-1,-1,1,1,-1,-1,-1,-1,-1,1,-1,-1,-1,1,-1,-1,1,-1,1,-1,-1,-1,-1,-1,-1,-1,1,-1,-1,-1,1,1,1,-1,-1,1,-1,-1,-1,-1,-1,1,-1,-1,1,1,1,-1,-1,-1,-1,1,-1,1,1,-1,1,-1,-1,1,1,-1,-1,-1,-1,-1,-1,1,1,-1,-1,1,-1,1,1,-1,-1,-1,1,-1,-1,1,-1,-1,1,-1,-1,1,1,1,-1,1,-1,1,1,1,-1,-1,1,-1,-1,1,1,1,-1,1,-1,-1,1,1,-1,1,1,-1,-1,1,1,-1,1,1,-1,-1,1,1,-1,1,1,-1,-1,1,1,1,1,1,1,-1,1,1,1,1,1,-1,-1,1,-1,1,1,1,1,-1,-1,1,-1,1,1,1,-1,1,1,1,1,-1,1,-1,1,1,1,1,1,1,-1,-1,-1,1,1,1,-1,1,-1,1,1,1,1,-1,1,-1,1,1,1,-1,-1,1,-1,1,1,-1,1,-1,-1,-1,1,1,1,-1,1,-1,-1,1,1,1,-1,-1,-1,-1,1,1,1,-1,1,-1,-1,-1,1,1,-1,1,-1,-1,-1,1,1,-1,1,-1,1,-1,-1,1,1,1,1,-1,-1,1,1,-1,-1,1,1,-1,-1,1,-1,1,-1,-1,1,1,-1,-1,1,-1,-1,-1,1,1,-1,1,1,-1,1,1,-1,-1,1,-1,1,-1,-1,-1,-1,1,-1,-1,1,1,-1,1,1,-1,1,1,1,1,-1,1,-1,1,1,1,1,-1,1,-1,-1,1,1,1,-1,1,-1,1,1,1,1,-1,1,-1,1,1,-1,-1,-1,1,-1,-1,1,1,-1,-1,-1,1,-1,1,-1,1,-1,1,-1,-1,1,-2674.0,1,2000,445,500,False
193,1,1,-1,-1,1,1,-1,-1,1,1,1,-1,1,1,1,1,-1,1,-1,-1,-1,-1,1,1,1,-1,-1,-1,1,1,1,1,1,-1,-1,-1,1,-1,1,1,-1,-1,-1,1,1,1,1,-1,1,1,1,1,-1,1,-1,-1,1,-1,1,1,1,-1,-1,-1,1,1,1,1,-1,-1,-1,1,1,1,1,-1,-1,-1,1,1,1,-1,-1,-1,1,1,1,1,-1,-1,-1,1,1,1,1,-1,-1,1,1,-1,1,1,-1,-1,1,1,1,1,1,-1,-1,1,1,1,1,1,-1,-1,1,1,1,1,1,1,-1,-1,1,1,-1,1,1,-1,1,1,1,1,1,1,-1,-1,1,1,1,1,1,-1,1,1,1,1,1,1,-1,-1,-1,1,1,1,1,-1,1,1,1,1,-1,1,-1,1,-1,1,1,1,-1,-1,1,1,1,1,1,-1,1,-1,-1,1,-1,1,-1,1,1,1,1,1,1,1,1,1,1,1,-1,1,-1,1,1,-1,1,-1,1,1,-1,1,-1,1,-1,1,-1,1,1,-1,-1,-1,1,1,1,1,-1,-1,1,1,-1,-1,1,-1,1,-1,1,1,-1,1,-1,1,-1,1,-1,1,1,-1,-1,-1,1,1,-1,1,-1,1,1,1,-1,1,1,-1,-1,-1,1,-1,1,-1,1,-1,1,1,-1,1,-1,-1,-1,1,1,-1,1,-1,-1,-1,1,1,-1,-1,1,1,-1,-1,1,1,-1,1,1,-1,1,1,1,1,-1,1,-1,1,1,-1,1,-1,1,1,-1,1,1,1,1,1,-1,-1,1,-1,-1,-1,1,1,-1,1,1,1,-1,1,-1,-1,1,1,1,-1,1,-1,1,1,1,-1,-1,1,-1,1,1,1,-1,1,1,-1,-1,1,1,1,-1,1,-1,1,1,1,-1,1,1,-1,1,1,1,-1,1,-1,-1,1,1,1,-1,1,-1,-1,-1,1,1,-1,1,-1,-1,1,-1,1,-1,1,1,-1,-1,1,1,1,1,1,-1,-1,1,1,-1,1,-1,1,-1,-1,-1,-1,1,1,-1,-1,1,1,-1,1,1,-1,-1,1,1,1,1,1,-1,1,1,1,-1,1,-1,-1,-1,-1,1,1,1,1,-1,-1,1,1,1,1,-1,-1,-1,-1,-1,1,-1,-1,-1,1,-1,1,1,1,1,-1,1,1,-1,1,-1,1,-1,-1,1,-1,1,1,1,-1,1,1,-1,-1,1,1,-1,-1,1,-1,1,1,1,-1,-1,1,-1,-1,1,1,-1,1,1,-1,1,1,1,-1,1,1,-1,1,-1,-1,-1,1,-1,-1,1,-1,-1,-1,1,-1,-1,1,-1,1,-1,1,-1,-1,1,1,-1,-1,1,-1,-1,1,-1,-1,-1,1,1,-1,1,-1,-1,-1,1,1,-1,-1,-1,1,-1,1,-1,-1,1,-1,-1,1,-1,1,-1,-1,1,-1,1,-1,1,-1,-1,1,-1,-1,1,1,1,-1,1,-1,1,-1,-1,-1,1,-1,-1,-1,1,-1,-1,-1,1,1,-1,1,-1,1,-1,1,-1,1,1,-1,1,1,1,-1,-1,1,-1,1,-1,1,1,-1,1,-1,-1,1,1,-1,-1,1,-1,-1,-1,1,-1,-1,1,-1,1,1,1,1,-1,1,-1,-1,1,1,-1,-1,1,-1,-1,-1,1,1,-1,-1,1,1,-1,-1,-1,-1,1,1,1,1,1,1,-1,-1,1,1,1,-1,-1,-1,1,1,1,1,-1,-1,-1,1,-1,1,-1,1,-1,-1,-1,1,1,1,-1,-1,-1,1,1,1,1,1,-1,-1,-1,1,1,1,-1,-1,-1,-1,1,1,1,1,-1,-1,-1,1,1,1,1,-1,-1,1,1,1,1,1,-1,-1,-1,1,1,-1,1,-1,-1,-1,1,1,1,1,-1,-1,1,1,1,1,1,-1,1,1,-1,1,1,-1,-1,-1,1,1,1,1,1,-1,1,1,1,1,1,1,-1,-1,1,-1,1,-1,1,-1,-1,1,-1,1,-1,-1,-1,-1,1,-1,1,1,-1,1,-1,1,1,1,-1,1,1,-1,1,-1,1,-1,-1,-1,-1,1,1,-1,-1,-1,-1,-1,1,-1,1,-1,-1,-1,-1,-1,-1,-1,1,-1,-1,-1,1,-1,-1,1,-1,-1,-1,-1,-1,1,1,-1,-1,-1,-1,-1,1,-1,-1,-1,1,-1,-1,1,-1,1,-1,-1,-1,-1,-1,-1,-1,1,-1,-1,-1,1,1,-1,-1,-1,-1,1,-1,-1,-1,-1,1,-1,-1,1,-1,1,-1,-1,-1,-1,1,-1,1,1,-1,1,-1,-1,1,1,-1,-1,-1,-1,-1,-1,1,1,-1,-1,1,-1,1,1,-1,-1,-1,1,-1,-1,1,-1,-1,1,-1,-1,1,1,1,-1,1,-1,1,1,1,-1,-1,1,-1,-1,1,1,1,-1,1,-1,-1,1,1,-1,1,1,-1,-1,1,1,-1,1,1,-1,-1,1,1,1,1,1,-1,-1,1,1,1,1,1,1,-1,-1,1,1,1,1,-1,-1,1,-1,1,1,1,1,-1,-1,1,-1,1,1,1,-1,1,1,1,1,-1,1,-1,1,1,1,1,1,1,1,-1,1,1,1,1,-1,1,-1,1,1,1,1,1,-1,1,1,1,1,-1,1,1,-1,1,1,-1,1,1,-1,-1,1,1,1,1,-1,1,-1,1,1,1,-1,-1,1,-1,1,1,1,-1,1,-1,-1,-1,1,1,-1,-1,1,-1,-1,1,1,-1,-1,1,-1,-1,1,1,1,-1,1,-1,-1,1,1,-1,-1,-1,1,-1,1,1,-1,1,1,-1,1,1,-1,-1,1,-1,-1,-1,1,1,-1,1,1,-1,1,1,-1,-1,1,-1,1,-1,-1,-1,-1,1,-1,-1,1,1,-1,1,1,-1,1,1,1,1,-1,1,-1,1,1,1,1,-1,1,-1,-1,1,1,1,-1,1,-1,1,1,1,1,-1,1,-1,1,1,1,-1,-1,1,-1,-1,1,1,-1,-1,-1,1,-1,1,-1,1,-1,1,-1,-1,1,-2674.0,1,2000,445,500,False
194,1,1,-1,-1,1,-1,-1,-1,1,1,1,-1,1,1,1,1,-1,1,-1,-1,1,-1,1,1,1,-1,-1,-1,1,1,1,1,1,-1,-1,-1,1,-1,1,1,-1,-1,-1,1,1,1,1,-1,1,1,1,1,-1,1,-1,-1,1,-1,1,1,1,-1,-1,-1,1,1,1,1,-1,-1,-1,1,1,1,1,-1,-1,-1,1,1,1,-1,-1,-1,1,1,1,1,-1,-1,-1,1,1,1,1,-1,-1,1,1,-1,1,1,-1,-1,1,1,1,1,1,-1,-1,1,1,1,1,1,-1,-1,1,1,1,1,1,1,-1,-1,1,1,-1,1,1,-1,1,1,1,1,1,1,-1,-1,1,1,1,1,1,-1,1,1,1,1,1,1,-1,-1,-1,1,1,1,1,-1,1,1,1,1,-1,1,-1,1,-1,1,1,1,-1,-1,1,1,1,1,1,-1,1,-1,-1,1,-1,1,-1,1,1,1,1,1,1,1,1,1,-1,1,-1,1,-1,1,1,-1,1,-1,1,1,-1,1,-1,1,-1,1,-1,1,1,-1,1,-1,1,1,1,1,-1,-1,1,1,-1,-1,1,-1,1,-1,-1,1,-1,1,-1,1,-1,1,-1,1,1,-1,-1,-1,1,1,-1,1,-1,1,1,1,-1,1,1,-1,-1,-1,1,-1,1,-1,1,-1,1,1,-1,1,-1,-1,-1,1,1,-1,1,-1,-1,-1,1,1,-1,-1,1,1,-1,-1,1,1,-1,1,1,-1,1,1,1,1,-1,1,-1,1,1,-1,1,-1,1,1,-1,1,1,1,1,1,-1,-1,1,-1,-1,1,1,1,-1,1,1,1,-1,1,-1,-1,1,1,1,1,1,-1,1,1,1,-1,-1,1,-1,1,1,1,-1,1,1,-1,-1,1,1,1,-1,1,-1,1,1,1,-1,1,1,-1,1,1,1,-1,1,-1,-1,1,1,1,-1,1,-1,-1,-1,1,1,-1,1,-1,-1,1,-1,1,-1,1,1,-1,-1,1,1,1,1,1,-1,-1,1,1,-1,1,-1,1,-1,-1,-1,-1,1,1,-1,-1,1,1,-1,1,1,-1,-1,1,1,1,1,1,-1,1,1,1,-1,1,-1,-1,-1,-1,1,1,1,1,-1,-1,1,1,1,1,-1,-1,-1,-1,-1,1,-1,-1,-1,1,-1,1,1,1,1,-1,1,1,-1,1,-1,1,-1,-1,1,-1,1,1,1,1,-1,1,-1,-1,1,1,-1,-1,1,-1,1,1,1,-1,-1,1,-1,-1,1,1,-1,1,1,-1,1,1,-1,-1,1,1,-1,1,-1,-1,-1,1,-1,-1,1,-1,-1,-1,1,-1,-1,1,-1,-1,-1,1,-1,-1,1,-1,-1,-1,1,-1,-1,1,-1,-1,-1,1,1,-1,1,1,-1,-1,1,1,-1,-1,1,1,-1,1,-1,-1,1,-1,-1,1,-1,1,-1,-1,1,-1,1,-1,1,1,-1,1,-1,-1,1,1,1,-1,1,-1,1,-1,-1,-1,1,-1,-1,-1,1,-1,-1,-1,1,1,-1,1,-1,1,-1,1,-1,1,1,-1,1,1,1,-1,-1,1,-1,1,-1,1,1,-1,1,-1,-1,1,1,-1,-1,1,-1,-1,-1,1,-1,-1,1,-1,1,1,1,1,-1,1,-1,-1,1,1,-1,-1,1,-1,-1,-1,1,1,-1,-1,1,1,-1,-1,-1,-1,1,1,1,1,1,1,-1,-1,1,1,-1,1,-1,-1,1,1,1,1,-1,-1,-1,1,-1,1,1,1,-1,-1,-1,1,1,1,-1,-1,-1,1,1,1,1,1,-1,-1,-1,1,1,1,-1,-1,-1,-1,1,1,1,1,-1,-1,1,1,1,1,1,-1,-1,-1,1,1,1,1,-1,-1,-1,1,1,-1,1,-1,-1,-1,1,1,1,1,-1,-1,1,1,1,1,1,-1,1,1,-1,1,1,-1,-1,-1,1,1,1,1,1,-1,1,1,1,1,1,1,-1,-1,1,-1,1,-1,1,-1,-1,1,-1,1,1,-1,-1,-1,1,-1,1,1,-1,1,-1,1,1,1,-1,1,1,-1,1,-1,1,-1,-1,-1,-1,1,1,-1,-1,-1,-1,-1,1,-1,1,-1,-1,-1,-1,-1,-1,-1,1,-1,-1,-1,1,-1,-1,1,-1,-1,-1,-1,-1,1,1,-1,-1,-1,-1,-1,1,-1,-1,-1,1,-1,-1,1,-1,1,-1,-1,-1,-1,-1,-1,-1,1,-1,-1,-1,1,1,1,-1,-1,1,-1,-1,-1,-1,-1,1,-1,-1,1,1,1,-1,-1,-1,-1,1,-1,1,1,-1,1,-1,-1,1,1,-1,-1,-1,-1,-1,-1,1,1,-1,-1,1,-1,1,1,-1,-1,-1,1,-1,1,1,-1,-1,1,-1,-1,1,1,1,-1,1,-1,1,1,1,-1,-1,1,-1,-1,1,1,1,-1,1,-1,-1,1,1,-1,1,1,-1,-1,1,1,-1,1,1,-1,-1,1,1,1,1,1,-1,-1,1,1,1,1,1,1,-1,-1,1,1,1,1,-1,-1,1,-1,1,1,1,1,-1,-1,1,-1,1,1,1,-1,1,1,1,1,-1,1,-1,1,1,1,1,1,1,1,-1,1,1,1,1,-1,1,-1,1,1,1,1,1,-1,1,1,1,1,-1,1,1,-1,1,1,-1,1,1,-1,-1,1,1,1,1,-1,1,-1,1,1,1,-1,-1,1,-1,1,1,1,-1,1,-1,-1,-1,1,1,-1,-1,1,-1,-1,1,1,1,-1,1,-1,-1,1,1,1,-1,1,-1,-1,1,1,-1,-1,-1,1,-1,-1,1,-1,1,1,-1,1,1,-1,-1,1,-1,-1,-1,1,1,-1,1,1,-1,1,1,-1,-1,-1,-1,1,-1,-1,-1,-1,1,-1,-1,1,1,-1,1,1,-1,1,1,1,1,-1,1,-1,1,1,1,1,-1,1,-1,-1,-1,1,1,-1,1,-1,1,1,1,1,-1,1,-1,1,1,-1,-1,-1,1,-1,-1,1,1,-1,-1,-1,1,-1,1,-1,1,-1,1,-1,-1,1,-2674.0,1,2000,445,1500,False
195,1,1,-1,-1,1,1,-1,-1,1,1,1,-1,1,1,1,1,-1,1,-1,-1,-1,-1,1,1,1,-1,-1,-1,1,1,1,1,1,-1,-1,-1,1,-1,1,1,-1,-1,-1,1,1,1,1,-1,1,1,1,1,-1,1,-1,-1,1,-1,1,1,1,-1,-1,-1,1,1,1,1,-1,-1,-1,1,1,1,1,-1,-1,-1,1,1,1,-1,-1,-1,1,1,1,1,-1,-1,-1,1,1,1,1,-1,-1,1,1,-1,1,1,-1,-1,1,1,1,1,1,-1,-1,-1,1,-1,1,1,-1,-1,1,1,1,1,1,1,-1,-1,1,1,-1,1,1,-1,1,1,1,1,1,1,-1,1,1,1,1,1,1,-1,1,1,1,1,1,1,-1,-1,-1,1,1,1,1,-1,1,1,1,1,-1,1,-1,1,-1,1,1,1,-1,-1,1,1,1,1,1,-1,1,-1,-1,1,-1,1,-1,1,1,1,1,1,1,1,1,1,-1,1,-1,1,-1,1,1,-1,1,-1,1,1,-1,1,-1,1,-1,1,-1,1,1,-1,1,-1,1,1,1,1,-1,-1,1,1,-1,-1,1,-1,1,-1,1,1,-1,1,-1,1,-1,1,-1,1,1,-1,-1,-1,1,1,-1,1,-1,1,1,1,-1,1,1,-1,1,-1,1,-1,1,-1,1,-1,1,1,-1,1,-1,-1,-1,1,1,-1,1,-1,-1,-1,1,1,-1,-1,1,1,-1,-1,1,1,-1,1,1,-1,1,1,1,1,-1,1,-1,1,1,-1,1,-1,1,1,-1,1,1,1,1,1,-1,-1,1,-1,-1,-1,1,1,-1,1,1,1,-1,1,-1,-1,1,1,1,1,1,-1,1,1,1,-1,1,1,-1,1,1,1,-1,1,1,-1,-1,1,1,1,-1,1,-1,1,1,1,-1,1,1,-1,1,1,1,-1,1,-1,-1,1,1,1,-1,1,-1,-1,-1,1,1,-1,1,-1,-1,1,-1,1,-1,1,1,-1,-1,1,1,1,-1,1,-1,-1,1,1,-1,1,-1,1,-1,-1,-1,-1,1,1,-1,-1,1,1,-1,1,1,-1,-1,1,1,1,1,1,-1,1,1,1,-1,1,-1,-1,-1,-1,1,1,1,1,-1,-1,1,1,1,1,-1,-1,-1,-1,-1,1,-1,-1,-1,1,-1,1,1,-1,1,1,1,1,-1,1,-1,1,-1,-1,1,-1,1,1,1,1,-1,1,-1,-1,1,1,-1,-1,1,-1,1,1,1,-1,-1,1,-1,-1,1,1,-1,1,1,-1,1,1,-1,-1,1,1,-1,1,-1,-1,-1,1,-1,-1,1,-1,-1,1,1,-1,-1,1,-1,-1,-1,1,-1,-1,1,1,-1,-1,1,-1,-1,1,-1,-1,-1,1,1,-1,1,1,-1,-1,1,1,-1,-1,-1,1,-1,1,-1,-1,1,-1,-1,1,-1,1,-1,-1,1,-1,1,-1,1,-1,-1,1,-1,-1,1,1,1,-1,1,-1,1,-1,-1,-1,1,-1,-1,-1,1,-1,-1,-1,1,1,-1,1,-1,1,-1,1,-1,1,1,-1,1,1,1,-1,-1,1,-1,1,-1,1,1,-1,1,-1,-1,1,1,-1,-1,1,-1,-1,-1,1,-1,-1,1,-1,1,1,1,1,-1,1,-1,-1,1,1,-1,-1,1,-1,-1,-1,1,1,-1,-1,1,1,-1,-1,-1,-1,1,1,1,-1,1,1,-1,-1,1,1,-1,1,-1,-1,1,1,1,1,-1,1,-1,1,-1,1,1,1,1,-1,-1,1,1,1,-1,-1,-1,1,1,1,1,1,-1,-1,-1,1,1,1,-1,-1,-1,-1,1,1,1,1,-1,-1,1,1,1,1,1,-1,-1,-1,1,1,1,1,-1,-1,-1,1,1,-1,1,-1,-1,-1,1,1,1,1,-1,-1,1,1,1,1,1,-1,1,1,-1,1,1,-1,-1,-1,1,1,1,-1,1,-1,1,1,1,1,1,1,-1,-1,1,-1,1,-1,1,-1,-1,1,-1,1,-1,-1,-1,-1,1,-1,1,1,-1,1,-1,1,1,1,-1,1,1,-1,1,-1,1,-1,-1,-1,-1,1,1,-1,-1,-1,-1,-1,1,-1,1,-1,-1,-1,-1,-1,-1,-1,1,-1,-1,-1,1,-1,-1,1,-1,-1,-1,-1,-1,-1,1,-1,-1,-1,-1,-1,1,-1,-1,-1,1,-1,-1,1,-1,1,-1,-1,-1,-1,-1,-1,-1,1,-1,-1,-1,1,1,-1,-1,-1,-1,1,-1,-1,-1,-1,1,-1,-1,1,1,1,-1,-1,-1,-1,1,-1,1,1,-1,1,-1,-1,1,1,-1,-1,-1,-1,-1,-1,1,1,-1,-1,1,-1,1,1,-1,-1,-1,1,-1,1,1,-1,-1,1,-1,-1,1,1,1,-1,1,-1,1,1,1,-1,-1,1,-1,-1,1,1,1,-1,1,-1,-1,1,1,-1,1,1,-1,-1,1,1,1,1,1,-1,-1,1,1,1,1,1,-1,-1,1,1,1,1,1,1,-1,-1,1,1,-1,1,-1,-1,1,-1,1,1,1,1,-1,-1,1,-1,1,1,1,-1,1,1,1,1,-1,1,-1,1,1,1,1,1,1,1,-1,1,1,1,1,-1,1,-1,1,1,1,1,1,-1,1,1,1,1,-1,1,1,-1,1,1,-1,1,1,-1,-1,1,1,1,1,-1,1,-1,1,1,1,-1,-1,1,-1,1,1,1,-1,1,-1,-1,-1,1,1,-1,-1,1,-1,-1,1,1,-1,-1,1,-1,-1,1,1,1,-1,1,-1,-1,1,1,-1,-1,-1,1,-1,1,1,-1,1,1,-1,1,1,-1,-1,1,1,-1,-1,1,1,-1,1,1,-1,1,1,-1,-1,-1,-1,1,-1,-1,-1,-1,1,-1,-1,1,1,-1,1,1,-1,1,1,1,1,-1,1,-1,1,1,1,-1,-1,1,-1,-1,1,1,-1,-1,1,-1,1,1,1,-1,-1,1,-1,1,1,1,1,-1,1,-1,-1,1,1,-1,-1,-1,1,-1,1,-1,1,-1,1,-1,-1,1,-2674.0,1,2000,445,500,False
196,1,1,-1,-1,1,1,-1,-1,1,1,1,-1,1,1,1,1,-1,1,-1,-1,-1,-1,1,1,1,-1,-1,-1,1,1,1,1,1,-1,-1,-1,1,1,1,1,-1,-1,-1,1,1,1,1,-1,1,1,1,1,-1,1,-1,-1,1,-1,1,1,1,-1,-1,-1,1,1,1,1,-1,-1,-1,1,1,1,1,-1,-1,-1,1,1,1,-1,-1,-1,1,1,1,1,-1,-1,-1,1,1,1,1,-1,-1,1,1,-1,1,1,-1,-1,1,1,1,1,1,-1,-1,-1,1,1,1,1,-1,-1,1,1,1,1,1,1,-1,-1,1,1,-1,1,1,-1,1,1,1,1,1,1,-1,1,1,1,1,1,1,-1,1,1,1,1,1,1,-1,-1,-1,1,1,1,1,-1,1,1,1,1,-1,1,-1,1,-1,1,1,1,-1,-1,1,1,1,1,1,-1,1,-1,-1,1,-1,1,-1,1,1,1,1,1,1,1,1,1,-1,1,-1,1,-1,1,1,-1,1,-1,1,1,-1,1,-1,1,-1,1,-1,1,1,-1,1,-1,1,1,1,1,-1,-1,1,1,-1,-1,1,-1,1,-1,1,1,-1,1,-1,1,-1,1,-1,-1,1,-1,-1,-1,1,1,-1,1,-1,1,1,1,-1,1,-1,-1,1,-1,1,-1,1,1,1,-1,1,1,-1,1,-1,-1,-1,1,1,-1,1,-1,-1,-1,1,1,-1,-1,1,1,-1,-1,1,1,-1,1,1,-1,1,1,1,1,-1,1,-1,1,1,-1,1,-1,1,1,-1,1,1,1,1,1,-1,-1,1,-1,-1,-1,1,1,-1,1,1,1,-1,1,-1,-1,1,1,1,1,1,-1,1,1,1,-1,-1,1,-1,1,1,1,-1,1,1,-1,-1,1,1,1,-1,1,-1,1,1,1,-1,1,1,-1,1,1,1,-1,1,-1,-1,1,1,1,-1,1,-1,-1,-1,1,1,-1,1,-1,-1,1,-1,1,-1,1,1,-1,-1,1,1,1,-1,1,-1,-1,1,1,-1,1,-1,1,-1,-1,-1,-1,1,1,-1,-1,1,1,-1,1,1,-1,-1,1,1,1,1,1,-1,1,1,1,-1,1,-1,-1,-1,-1,1,1,1,1,-1,-1,1,1,1,1,-1,-1,-1,-1,-1,1,-1,-1,-1,1,-1,1,1,-1,1,-1,1,1,-1,1,-1,1,-1,-1,1,-1,1,1,1,1,-1,1,-1,-1,1,1,-1,-1,1,-1,1,1,1,-1,-1,1,-1,-1,1,1,-1,1,1,-1,1,1,-1,-1,1,1,-1,1,-1,-1,-1,1,-1,-1,1,-1,-1,-1,1,-1,-1,1,-1,-1,-1,1,-1,-1,1,-1,-1,-1,1,-1,-1,1,-1,-1,-1,1,1,-1,1,1,-1,-1,1,1,-1,-1,1,1,-1,1,-1,-1,1,-1,-1,1,-1,1,-1,-1,1,-1,1,-1,1,-1,-1,1,-1,-1,1,1,1,-1,1,-1,1,-1,1,1,1,-1,-1,-1,1,-1,-1,-1,1,1,-1,1,-1,1,-1,1,-1,1,1,-1,1,1,1,-1,-1,1,-1,1,-1,1,1,-1,1,-1,-1,1,1,-1,-1,1,-1,-1,-1,1,-1,-1,1,-1,1,1,1,1,-1,1,-1,-1,1,1,-1,-1,1,-1,-1,-1,1,1,-1,-1,1,1,-1,-1,-1,-1,1,1,1,1,1,1,-1,-1,1,1,-1,1,-1,-1,1,1,1,1,-1,-1,-1,1,-1,1,1,1,1,-1,-1,1,1,1,-1,-1,-1,1,1,1,1,1,-1,-1,-1,1,1,1,-1,-1,-1,-1,1,1,1,1,-1,-1,1,1,1,1,1,-1,-1,-1,1,1,1,1,-1,-1,-1,1,1,-1,1,-1,-1,-1,1,1,1,1,-1,-1,1,1,1,1,1,-1,1,1,-1,1,1,-1,-1,-1,1,1,1,1,1,-1,1,1,1,1,1,1,-1,-1,1,-1,1,-1,1,-1,-1,1,-1,1,-1,-1,-1,-1,1,-1,1,1,-1,-1,-1,1,1,1,-1,1,-1,-1,1,-1,1,-1,-1,-1,-1,1,1,-1,-1,-1,-1,-1,1,-1,1,-1,-1,-1,-1,-1,-1,-1,1,-1,-1,-1,1,-1,-1,1,-1,-1,-1,-1,-1,-1,1,-1,-1,-1,-1,-1,1,-1,-1,-1,1,-1,-1,1,-1,1,-1,-1,-1,-1,-1,-1,-1,1,-1,-1,-1,1,1,-1,-1,-1,-1,1,-1,-1,-1,-1,1,-1,-1,1,-1,1,-1,-1,-1,-1,1,-1,1,1,-1,1,-1,-1,1,1,-1,-1,-1,-1,-1,-1,1,1,-1,-1,1,-1,1,1,-1,-1,-1,1,-1,-1,1,-1,-1,1,-1,-1,1,1,1,-1,1,-1,1,1,1,-1,-1,1,-1,-1,1,1,1,-1,1,-1,-1,1,1,-1,1,1,-1,-1,1,1,-1,1,1,-1,-1,1,1,1,1,1,-1,-1,1,1,1,1,-1,1,-1,-1,1,1,1,1,-1,-1,1,-1,1,1,1,1,-1,-1,1,-1,1,1,1,-1,1,1,1,1,-1,1,-1,1,1,1,1,1,1,1,-1,1,1,1,1,-1,1,-1,1,1,1,1,1,-1,1,1,1,1,-1,1,1,-1,1,1,-1,1,1,-1,-1,1,1,1,1,-1,1,-1,1,1,1,-1,-1,1,-1,1,1,1,-1,1,-1,-1,-1,1,1,-1,-1,1,-1,-1,1,1,-1,-1,1,-1,-1,1,1,1,-1,1,-1,-1,1,1,-1,-1,-1,1,-1,1,1,-1,1,1,-1,1,1,-1,-1,1,1,-1,-1,1,1,-1,1,1,-1,1,1,-1,-1,-1,-1,1,-1,-1,-1,-1,1,-1,-1,1,1,-1,1,1,-1,1,1,1,1,-1,1,-1,1,1,1,-1,-1,1,-1,-1,-1,1,-1,1,1,-1,1,1,1,-1,-1,1,-1,1,1,1,1,-1,1,-1,-1,1,1,-1,-1,1,1,-1,1,-1,1,-1,1,-1,-1,1,-2674.0,1,2000,445,1500,False
197,1,1,-1,-1,1,-1,-1,-1,1,1,1,-1,1,1,1,1,-1,1,-1,-1,-1,-1,1,1,1,-1,1,-1,1,1,1,1,-1,-1,-1,-1,1,-1,1,1,-1,-1,-1,1,1,1,1,-1,1,1,1,1,-1,1,-1,-1,1,-1,1,1,1,-1,-1,-1,1,1,1,1,-1,-1,-1,1,1,1,1,-1,-1,-1,1,1,1,-1,-1,-1,1,1,1,1,-1,-1,1,1,1,1,1,-1,-1,-1,1,-1,1,1,-1,-1,1,1,1,1,1,-1,-1,-1,1,1,1,1,-1,-1,1,1,1,1,1,1,-1,-1,1,1,-1,1,1,-1,1,1,1,1,1,1,-1,1,1,1,1,1,1,-1,1,1,1,1,1,1,-1,-1,-1,1,1,1,1,-1,1,1,1,1,-1,1,-1,1,1,1,1,1,-1,-1,1,1,1,1,1,-1,1,-1,-1,1,-1,1,-1,1,1,1,1,1,1,1,1,1,-1,1,-1,1,-1,1,1,-1,1,-1,1,1,-1,1,-1,1,-1,1,-1,1,1,-1,1,-1,1,1,1,1,-1,-1,1,1,-1,-1,1,-1,1,-1,-1,1,-1,1,-1,1,-1,1,-1,1,1,-1,-1,-1,1,1,-1,1,-1,1,1,1,-1,1,1,-1,1,-1,1,-1,1,-1,1,-1,1,1,-1,1,-1,-1,-1,1,1,-1,1,-1,-1,-1,1,1,-1,-1,1,1,-1,-1,1,1,-1,1,1,-1,1,1,1,1,-1,1,-1,1,1,-1,1,-1,1,1,1,1,1,1,1,1,-1,-1,1,-1,-1,-1,1,1,-1,1,1,1,-1,1,1,1,1,1,1,1,1,-1,1,1,1,-1,1,1,-1,1,1,1,-1,1,1,-1,-1,1,1,1,-1,1,-1,1,1,1,-1,1,1,-1,1,1,1,-1,1,1,-1,1,1,1,-1,1,1,1,-1,-1,1,-1,1,1,-1,1,1,1,-1,1,1,1,-1,-1,1,1,-1,1,1,-1,1,1,-1,1,1,1,-1,-1,1,1,1,1,1,-1,1,-1,-1,1,1,-1,1,-1,1,-1,1,1,-1,1,-1,1,1,1,1,1,1,-1,1,-1,-1,-1,1,-1,1,-1,-1,1,1,1,-1,1,-1,1,-1,-1,1,-1,1,-1,-1,1,1,1,1,1,-1,1,-1,-1,1,-1,1,-1,-1,-1,1,1,1,1,-1,-1,1,-1,1,1,-1,-1,1,-1,1,-1,1,1,-1,-1,1,-1,1,1,-1,1,-1,-1,1,1,-1,1,-1,-1,1,-1,1,-1,-1,1,-1,1,1,1,-1,-1,-1,-1,-1,1,1,1,-1,1,-1,1,-1,1,-1,1,-1,1,-1,1,1,1,-1,-1,1,-1,-1,1,-1,-1,-1,-1,-1,1,1,-1,-1,-1,1,-1,-1,1,-1,-1,-1,-1,-1,-1,1,-1,-1,1,-1,1,-1,-1,1,1,1,-1,1,-1,1,-1,1,1,1,-1,-1,-1,1,-1,-1,-1,1,1,-1,1,-1,1,1,1,-1,1,1,-1,-1,-1,1,-1,1,1,-1,-1,1,1,1,-1,1,-1,-1,1,1,-1,-1,1,-1,-1,1,1,-1,-1,1,-1,-1,-1,1,1,-1,1,1,-1,-1,1,-1,-1,1,-1,1,-1,1,1,-1,-1,1,-1,-1,-1,-1,-1,-1,1,1,-1,-1,1,-1,1,1,-1,-1,1,-1,-1,1,1,-1,-1,1,-1,-1,1,1,-1,1,-1,1,-1,-1,1,1,-1,-1,-1,-1,-1,1,-1,-1,1,-1,-1,-1,1,1,-1,-1,-1,-1,-1,1,-1,-1,-1,-1,-1,1,1,1,-1,-1,-1,-1,-1,1,1,-1,-1,-1,-1,-1,1,1,1,-1,-1,-1,-1,1,1,-1,-1,-1,-1,1,1,1,1,1,-1,1,1,1,1,1,1,-1,-1,1,1,1,-1,1,-1,1,1,1,1,-1,1,-1,-1,1,-1,1,-1,1,-1,-1,1,-1,1,-1,1,-1,-1,1,-1,1,-1,1,1,-1,1,-1,1,1,1,1,-1,1,-1,1,1,1,-1,-1,1,1,-1,1,1,-1,-1,1,-1,1,-1,1,-1,-1,-1,-1,-1,1,1,-1,-1,1,-1,-1,1,1,-1,-1,-1,-1,-1,-1,1,-1,-1,-1,-1,-1,1,-1,-1,1,-1,-1,1,-1,1,-1,-1,-1,-1,1,-1,1,1,-1,-1,-1,-1,1,1,-1,-1,1,-1,1,-1,1,-1,1,-1,-1,-1,1,1,-1,-1,-1,-1,-1,1,-1,1,-1,1,-1,1,-1,1,-1,-1,-1,-1,-1,-1,1,1,-1,-1,1,-1,1,1,-1,-1,-1,1,-1,1,1,-1,-1,1,-1,-1,1,1,1,-1,1,-1,1,1,1,-1,-1,1,-1,-1,1,1,1,-1,1,-1,-1,1,1,-1,1,1,-1,-1,1,1,-1,1,1,-1,-1,1,1,-1,1,1,-1,-1,1,1,1,1,1,1,-1,1,1,1,1,1,-1,-1,1,-1,1,1,1,1,-1,-1,1,-1,1,1,1,-1,1,1,1,1,-1,1,-1,1,1,1,1,1,1,1,-1,1,1,1,1,-1,1,-1,1,1,1,1,1,-1,1,1,1,1,-1,1,-1,1,1,1,-1,1,1,1,1,1,1,1,1,-1,1,1,1,1,1,-1,-1,1,-1,1,1,1,-1,1,-1,1,1,1,1,-1,-1,1,1,-1,1,1,-1,-1,1,1,-1,1,1,1,-1,1,-1,1,1,1,-1,-1,-1,-1,1,-1,1,-1,1,1,1,1,1,-1,-1,1,1,1,1,1,1,-1,1,-1,1,1,1,-1,-1,-1,-1,-1,-1,-1,-1,-1,-1,1,1,1,1,-1,1,1,-1,-1,1,1,1,-1,1,-1,1,1,1,-1,-1,1,-1,1,1,1,-1,-1,1,-1,1,1,1,-1,-1,1,-1,1,-1,1,1,-1,1,-1,-1,1,1,1,-1,-1,-1,1,1,1,1,-1,1,-1,-1,1,-2674.0,1,2000,445,0,False
198,1,1,-1,-1,1,-1,-1,-1,1,1,1,-1,1,1,1,1,-1,1,1,-1,-1,-1,1,1,1,1,-1,-1,1,1,1,1,-1,-1,-1,-1,1,-1,1,1,-1,-1,-1,1,1,1,1,-1,1,1,1,1,-1,1,-1,-1,1,-1,1,1,1,-1,-1,-1,1,1,1,1,-1,-1,-1,1,1,1,1,-1,-1,-1,1,1,1,-1,-1,-1,1,1,1,1,-1,-1,-1,1,1,1,1,-1,-1,1,1,-1,1,1,-1,-1,1,1,1,1,1,-1,-1,-1,1,1,1,1,-1,-1,1,1,1,1,1,1,-1,-1,1,1,-1,1,1,-1,1,1,1,1,1,1,-1,1,1,1,1,1,1,-1,1,1,1,1,1,1,-1,-1,-1,1,1,1,1,-1,1,1,1,1,-1,1,-1,1,-1,1,1,1,-1,-1,1,1,1,1,1,-1,1,-1,-1,1,-1,1,-1,1,1,1,1,1,1,1,1,1,-1,1,-1,1,-1,1,1,-1,1,-1,1,1,-1,1,-1,1,-1,1,-1,1,1,-1,1,-1,1,1,1,1,-1,-1,1,1,-1,-1,1,-1,1,-1,-1,1,-1,1,-1,1,-1,1,-1,1,1,-1,-1,-1,1,1,-1,1,-1,1,1,1,-1,1,1,-1,1,-1,1,-1,1,-1,1,-1,1,1,-1,1,-1,-1,-1,1,1,-1,1,-1,-1,-1,1,1,-1,-1,1,1,-1,-1,1,1,-1,1,1,-1,1,1,1,1,-1,1,-1,1,1,-1,1,-1,1,1,-1,1,1,1,1,1,-1,-1,1,-1,-1,1,1,1,-1,1,1,1,-1,1,-1,-1,1,1,1,1,1,-1,1,1,1,-1,1,1,-1,1,1,1,-1,1,1,-1,-1,1,1,1,-1,1,-1,1,1,1,-1,1,1,-1,1,1,1,-1,1,-1,-1,1,1,1,-1,1,-1,-1,-1,1,1,-1,1,-1,-1,1,-1,1,-1,1,1,-1,-1,1,1,1,-1,1,-1,-1,1,1,-1,1,-1,1,-1,-1,-1,-1,1,1,-1,-1,1,1,-1,1,1,-1,-1,1,1,1,1,1,-1,1,1,1,-1,1,-1,-1,-1,-1,1,1,1,1,-1,-1,1,-1,1,1,-1,-1,-1,-1,-1,1,-1,-1,-1,1,-1,1,1,-1,1,-1,1,1,-1,1,-1,1,-1,-1,1,-1,1,1,1,1,-1,1,-1,-1,1,1,-1,-1,1,-1,1,1,1,-1,-1,1,-1,-1,1,1,-1,1,1,-1,1,1,-1,-1,1,1,-1,1,-1,-1,-1,1,-1,1,1,-1,-1,-1,1,-1,-1,1,-1,-1,-1,1,-1,-1,1,1,-1,-1,1,-1,-1,1,-1,-1,-1,1,1,-1,1,-1,-1,-1,1,1,-1,1,-1,1,-1,1,-1,-1,1,-1,-1,1,1,1,-1,-1,1,-1,1,-1,1,-1,1,1,-1,-1,1,1,1,-1,1,-1,1,-1,-1,1,1,-1,-1,-1,1,-1,-1,-1,1,1,-1,1,-1,1,-1,1,-1,1,1,-1,1,1,1,-1,-1,1,-1,1,-1,1,1,-1,1,-1,-1,1,1,-1,-1,1,-1,-1,-1,1,-1,-1,1,-1,1,1,1,1,-1,1,-1,-1,1,1,-1,-1,1,-1,-1,-1,1,1,-1,-1,1,1,-1,-1,-1,-1,1,1,1,1,1,1,-1,-1,1,1,-1,1,-1,-1,1,1,1,1,-1,-1,-1,1,-1,1,1,1,-1,-1,-1,1,1,1,-1,-1,-1,1,1,1,1,1,-1,-1,-1,1,1,1,-1,-1,-1,-1,1,1,1,1,-1,-1,1,1,1,1,1,-1,-1,-1,1,1,1,1,-1,-1,-1,1,1,-1,1,-1,-1,-1,1,1,1,1,-1,-1,1,1,1,1,1,-1,1,1,-1,1,1,-1,-1,-1,1,1,1,-1,1,-1,1,1,1,1,1,1,-1,-1,1,-1,1,-1,1,-1,-1,1,-1,1,-1,-1,-1,-1,1,-1,1,1,-1,1,-1,1,1,1,-1,1,1,-1,1,-1,1,-1,-1,-1,-1,1,1,-1,-1,-1,-1,-1,1,-1,1,-1,-1,-1,-1,-1,-1,-1,1,-1,-1,-1,1,-1,-1,1,-1,-1,-1,-1,-1,1,1,-1,-1,-1,-1,-1,1,-1,-1,-1,1,-1,-1,1,-1,1,-1,-1,-1,-1,-1,-1,-1,1,-1,-1,-1,1,1,1,-1,-1,1,-1,-1,-1,-1,-1,1,-1,-1,1,-1,1,-1,-1,-1,-1,1,-1,1,1,-1,1,-1,-1,1,1,-1,-1,-1,-1,-1,-1,1,1,-1,-1,1,-1,1,1,-1,-1,-1,1,-1,-1,1,-1,-1,1,-1,-1,1,1,1,-1,1,-1,1,1,1,-1,-1,1,-1,-1,1,1,1,-1,1,-1,-1,1,1,-1,1,1,-1,-1,1,1,-1,1,1,-1,-1,1,1,-1,1,1,-1,-1,1,1,1,1,1,1,-1,1,1,-1,1,1,-1,-1,1,-1,1,1,1,1,-1,-1,1,-1,1,1,1,-1,1,-1,1,1,-1,1,-1,1,1,1,1,1,1,1,-1,-1,1,1,1,-1,1,-1,1,1,1,1,1,-1,1,-1,1,1,-1,1,1,-1,1,1,-1,1,1,-1,-1,1,1,1,1,-1,1,-1,-1,1,1,-1,-1,1,-1,1,1,1,-1,1,-1,-1,-1,1,1,-1,-1,1,-1,-1,1,1,-1,-1,1,-1,-1,1,1,1,-1,1,-1,-1,1,1,-1,-1,-1,1,-1,-1,1,-1,1,1,-1,1,1,-1,-1,1,1,-1,-1,1,1,-1,1,1,-1,1,1,-1,-1,-1,-1,1,-1,-1,-1,-1,1,-1,-1,1,1,-1,1,1,-1,1,1,1,1,-1,1,-1,1,1,1,-1,-1,1,-1,1,1,1,-1,-1,1,-1,-1,1,1,-1,-1,1,-1,1,1,1,1,-1,1,-1,-1,1,1,-1,-1,-1,1,-1,1,-1,1,-1,1,-1,-1,1,-2674.0,1,2000,445,0,False
199,1,1,-1,-1,1,1,-1,-1,1,1,1,-1,-1,1,1,1,-1,1,-1,-1,-1,-1,1,1,1,-1,-1,-1,1,1,1,1,-1,-1,-1,-1,1,-1,1,1,-1,-1,-1,1,1,1,1,-1,1,1,1,1,-1,1,-1,-1,1,-1,1,1,1,-1,-1,-1,1,1,1,1,-1,-1,-1,1,1,1,1,-1,-1,-1,1,1,1,-1,-1,-1,1,1,1,1,-1,1,-1,1,1,1,1,-1,-1,1,1,-1,1,1,-1,-1,1,1,1,1,1,-1,-1,1,1,1,1,1,-1,-1,1,1,1,1,1,1,-1,1,1,1,-1,1,1,-1,1,1,1,1,1,1,-1,-1,1,1,1,1,1,-1,1,1,1,1,1,1,-1,-1,-1,1,1,1,1,-1,1,1,1,1,-1,1,-1,1,-1,1,1,1,-1,-1,1,1,1,1,1,-1,1,-1,-1,1,-1,1,-1,1,1,1,1,1,1,1,1,1,-1,1,-1,1,-1,1,1,-1,1,-1,1,1,-1,1,-1,1,-1,1,-1,1,1,-1,1,-1,1,1,1,1,-1,-1,1,1,-1,-1,1,-1,1,-1,-1,1,1,1,-1,1,-1,1,-1,1,1,-1,-1,-1,1,1,-1,1,-1,1,1,1,-1,1,1,-1,1,-1,1,-1,1,-1,1,-1,1,1,-1,1,-1,-1,-1,1,1,-1,1,-1,-1,-1,1,1,-1,-1,1,1,-1,-1,1,1,-1,1,1,-1,1,1,1,1,-1,1,-1,1,1,-1,1,-1,1,1,-1,1,1,-1,-1,1,-1,-1,1,-1,-1,1,1,1,-1,1,1,1,-1,1,-1,-1,1,1,1,1,1,-1,1,1,1,1,-1,1,-1,1,1,1,-1,1,1,-1,-1,1,1,1,-1,1,-1,1,1,1,-1,1,1,-1,1,1,1,-1,1,-1,-1,1,1,1,1,1,-1,-1,-1,1,1,-1,1,-1,-1,1,-1,1,-1,1,1,-1,-1,1,1,1,-1,1,-1,-1,1,1,-1,1,-1,1,-1,-1,-1,-1,1,1,-1,-1,1,1,-1,1,1,-1,-1,1,1,1,1,1,-1,1,1,1,-1,1,-1,-1,-1,-1,1,1,1,1,-1,-1,1,1,1,1,-1,-1,-1,-1,-1,1,-1,-1,-1,1,-1,1,1,1,1,-1,1,1,-1,1,-1,1,-1,-1,1,-1,1,1,1,1,-1,1,-1,-1,1,1,-1,-1,1,-1,1,1,1,-1,-1,1,-1,-1,1,1,-1,1,1,-1,1,1,-1,-1,1,1,-1,1,-1,-1,-1,1,-1,-1,1,-1,-1,-1,1,-1,-1,1,-1,-1,-1,1,-1,-1,1,-1,-1,-1,1,-1,-1,1,-1,-1,-1,1,1,-1,1,1,-1,-1,1,1,-1,-1,1,1,-1,1,-1,-1,1,-1,-1,1,-1,1,-1,-1,1,-1,1,-1,1,-1,-1,1,-1,-1,1,1,1,-1,1,-1,1,-1,-1,-1,1,-1,-1,-1,1,-1,-1,-1,1,1,-1,1,-1,1,-1,1,-1,1,1,-1,1,1,1,-1,-1,1,-1,1,-1,1,1,-1,1,-1,-1,1,1,-1,-1,1,-1,-1,-1,1,-1,-1,1,-1,1,1,1,1,-1,1,-1,-1,1,1,-1,-1,1,-1,-1,-1,1,1,-1,-1,1,1,-1,1,-1,-1,1,1,1,1,1,1,-1,-1,1,1,-1,1,-1,-1,1,1,1,1,-1,-1,-1,1,-1,1,1,1,1,-1,-1,1,1,1,-1,-1,-1,-1,1,1,1,1,-1,-1,-1,1,1,1,-1,-1,-1,-1,1,1,1,1,-1,-1,1,1,1,1,1,-1,-1,-1,1,1,1,1,-1,-1,-1,1,1,-1,1,-1,-1,-1,1,1,1,1,-1,-1,1,1,1,1,1,-1,1,1,-1,1,1,-1,-1,-1,1,1,1,1,1,-1,1,1,1,1,1,1,-1,-1,1,-1,1,-1,1,-1,-1,1,-1,1,-1,-1,-1,-1,1,-1,1,1,-1,1,-1,1,1,1,-1,1,1,-1,1,-1,1,-1,-1,-1,-1,1,1,-1,-1,-1,-1,-1,1,-1,1,-1,-1,-1,-1,-1,-1,-1,1,-1,-1,-1,1,-1,-1,1,-1,-1,-1,-1,-1,-1,1,-1,-1,-1,-1,-1,1,-1,-1,-1,1,-1,-1,1,-1,1,-1,-1,-1,-1,-1,-1,-1,1,-1,-1,-1,1,1,-1,-1,-1,1,1,-1,-1,-1,-1,1,-1,-1,1,-1,1,-1,-1,-1,-1,1,-1,1,1,-1,1,-1,-1,1,1,-1,-1,-1,-1,-1,-1,1,1,-1,-1,1,-1,1,1,-1,-1,-1,1,-1,1,1,-1,-1,1,-1,-1,1,1,1,-1,1,-1,1,1,1,-1,-1,1,-1,-1,1,1,1,-1,1,-1,-1,1,1,-1,1,1,-1,-1,1,1,-1,1,1,-1,-1,1,1,-1,1,1,-1,-1,1,1,1,1,-1,1,-1,-1,1,1,1,1,-1,-1,1,-1,1,1,1,1,-1,-1,1,-1,1,-1,1,-1,1,1,1,1,-1,1,-1,1,1,1,1,1,1,1,-1,1,1,1,1,-1,1,-1,1,1,1,1,1,-1,1,1,1,1,-1,-1,1,-1,1,1,-1,1,1,-1,-1,1,1,1,-1,1,1,-1,1,1,1,-1,-1,1,-1,1,1,1,-1,1,-1,-1,-1,1,1,-1,-1,1,-1,-1,1,1,-1,-1,1,-1,-1,1,1,1,1,-1,-1,-1,1,1,-1,-1,-1,1,-1,1,1,-1,1,1,-1,1,1,-1,-1,1,-1,-1,-1,-1,1,-1,1,1,-1,1,1,-1,-1,-1,-1,1,-1,-1,-1,-1,1,-1,-1,1,1,-1,1,1,-1,1,1,1,1,-1,1,-1,1,1,1,1,-1,1,-1,-1,-1,1,1,-1,1,-1,1,1,1,1,-1,1,-1,1,1,1,-1,-1,1,-1,-1,1,1,-1,-1,-1,1,-1,1,1,1,-1,1,-1,-1,1,-2674.0,1,2000,445,500,False
200,1,1,-1,-1,1,-1,-1,-1,1,1,1,-1,1,1,1,1,-1,1,-1,-1,-1,-1,1,1,1,-1,-1,-1,1,1,1,1,1,-1,-1,-1,1,1,1,-1,-1,-1,-1,1,1,1,1,-1,1,1,1,1,-1,1,-1,-1,1,-1,1,1,1,-1,-1,-1,1,1,1,1,-1,1,-1,1,1,1,1,-1,-1,-1,1,1,1,-1,-1,-1,1,1,1,1,-1,1,-1,1,1,1,1,-1,-1,1,1,-1,1,1,-1,-1,1,1,1,1,1,-1,-1,1,1,-1,1,1,-1,-1,1,1,1,1,1,1,-1,1,1,1,-1,1,1,-1,1,1,1,1,1,1,-1,-1,1,1,1,1,1,-1,1,1,1,1,1,1,-1,-1,-1,1,1,1,1,-1,1,1,1,1,-1,1,-1,1,-1,1,1,1,-1,-1,1,1,1,1,1,-1,1,-1,-1,1,-1,1,-1,1,1,1,1,1,1,1,1,1,-1,1,-1,1,-1,1,1,-1,1,-1,1,1,-1,1,-1,1,-1,1,-1,1,1,-1,-1,-1,1,1,1,1,-1,-1,1,1,-1,-1,1,-1,1,-1,-1,1,-1,1,-1,1,-1,1,-1,-1,1,-1,-1,-1,1,1,-1,1,-1,1,1,1,-1,1,1,-1,1,-1,1,-1,1,-1,1,-1,1,1,-1,1,-1,-1,-1,1,1,-1,1,-1,-1,-1,1,1,-1,-1,1,1,-1,-1,1,1,-1,1,1,-1,1,1,1,1,-1,1,-1,1,1,-1,1,-1,1,1,-1,1,1,1,1,1,-1,-1,1,-1,-1,-1,1,1,-1,1,1,1,-1,1,-1,-1,1,1,1,-1,1,-1,1,1,1,-1,-1,1,-1,1,1,1,-1,1,1,-1,-1,1,1,1,-1,1,-1,1,1,1,-1,1,1,-1,1,1,1,-1,1,-1,-1,1,1,1,-1,1,-1,-1,-1,1,1,-1,1,-1,-1,1,-1,1,-1,1,1,-1,-1,1,1,1,-1,1,-1,-1,1,1,-1,1,-1,1,-1,-1,-1,-1,1,1,-1,-1,1,1,-1,1,1,-1,-1,1,1,1,1,1,-1,1,1,1,-1,1,-1,-1,-1,-1,1,1,1,1,-1,-1,1,1,1,1,-1,-1,-1,-1,-1,1,-1,-1,-1,1,-1,1,1,-1,1,-1,1,1,-1,1,-1,1,-1,-1,1,-1,1,1,1,1,-1,1,-1,-1,1,1,-1,-1,1,-1,1,1,1,-1,-1,1,-1,-1,1,1,-1,1,1,-1,1,1,-1,-1,1,1,-1,1,-1,-1,-1,1,1,-1,1,-1,-1,1,1,-1,-1,1,-1,-1,-1,1,-1,-1,1,-1,-1,-1,1,-1,-1,1,-1,-1,-1,1,1,-1,1,1,-1,-1,1,1,-1,-1,1,1,-1,1,-1,-1,1,-1,-1,1,1,1,-1,-1,1,-1,1,-1,1,-1,-1,1,-1,-1,1,1,1,-1,1,-1,1,-1,-1,1,1,-1,-1,-1,1,-1,-1,-1,1,1,-1,1,-1,1,-1,1,-1,1,1,-1,1,1,1,-1,-1,1,-1,1,-1,1,1,-1,1,-1,-1,1,1,-1,-1,1,-1,-1,-1,1,-1,-1,1,-1,1,1,1,1,-1,1,-1,-1,1,1,-1,-1,1,-1,-1,-1,1,1,-1,-1,1,1,-1,1,-1,-1,1,1,1,1,1,1,-1,-1,1,1,-1,1,-1,-1,1,1,1,1,-1,1,-1,1,-1,1,1,1,1,-1,-1,1,1,1,-1,-1,-1,-1,1,1,1,1,-1,-1,-1,1,1,1,-1,-1,-1,-1,1,1,1,1,-1,-1,-1,1,1,1,1,-1,-1,1,1,1,1,1,-1,-1,-1,1,1,-1,1,-1,-1,-1,1,1,1,1,-1,-1,1,1,1,1,1,-1,1,1,-1,1,1,-1,-1,-1,1,1,1,-1,1,-1,1,1,1,1,1,1,-1,-1,1,-1,1,-1,1,-1,-1,1,-1,1,-1,-1,-1,-1,1,-1,1,1,-1,-1,-1,1,1,1,-1,1,-1,-1,1,-1,1,-1,-1,-1,-1,1,1,-1,-1,-1,-1,-1,1,-1,1,-1,-1,-1,-1,-1,-1,-1,1,-1,-1,-1,1,-1,-1,1,-1,-1,-1,-1,-1,-1,1,-1,-1,-1,-1,-1,1,-1,-1,-1,1,-1,-1,1,-1,1,-1,-1,-1,-1,-1,-1,-1,1,-1,-1,-1,1,1,-1,-1,-1,1,-1,-1,-1,-1,-1,1,-1,-1,1,-1,1,-1,-1,-1,-1,1,-1,1,1,-1,1,-1,-1,1,1,-1,-1,-1,-1,-1,-1,1,1,-1,-1,1,-1,1,1,-1,-1,-1,1,-1,1,1,-1,-1,1,-1,-1,1,1,1,-1,1,-1,1,1,1,-1,-1,1,-1,-1,1,1,1,-1,1,-1,-1,1,1,-1,1,1,-1,-1,1,1,1,1,1,-1,-1,1,1,-1,1,1,-1,-1,1,1,1,1,-1,1,-1,-1,1,1,1,1,-1,-1,1,-1,1,1,1,1,-1,-1,1,-1,1,1,1,-1,1,1,1,1,-1,1,-1,1,1,1,1,1,1,1,-1,1,1,1,1,-1,1,-1,1,1,1,1,1,-1,1,1,1,1,-1,1,1,-1,1,1,-1,1,1,-1,-1,1,1,1,1,-1,1,-1,1,1,1,-1,-1,1,-1,1,1,1,-1,1,-1,-1,-1,1,1,-1,-1,1,-1,-1,1,1,1,-1,1,-1,-1,1,1,1,-1,1,-1,-1,1,1,-1,-1,-1,1,-1,-1,1,-1,1,1,-1,1,1,-1,-1,1,1,-1,-1,-1,1,-1,1,1,-1,1,1,-1,-1,1,-1,1,-1,-1,-1,-1,1,-1,-1,1,1,-1,1,1,-1,1,1,1,1,-1,1,-1,1,1,1,1,-1,1,-1,1,-1,1,1,-1,1,-1,-1,1,1,1,-1,1,-1,1,1,1,-1,-1,1,-1,-1,1,1,-1,-1,-1,1,-1,1,-1,1,-1,1,-1,-1,1,-2674.0,1,2000,445,0,False
201,1,1,-1,-1,1,1,-1,-1,1,1,1,-1,-1,1,1,1,-1,1,-1,-1,-1,-1,1,1,1,-1,-1,-1,1,1,1,1,1,-1,-1,-1,1,1,1,1,-1,-1,-1,1,1,1,1,-1,1,1,1,1,-1,1,-1,-1,1,-1,1,1,1,-1,-1,-1,1,1,1,1,-1,-1,-1,1,1,1,1,-1,-1,-1,1,1,1,-1,-1,-1,1,1,1,1,-1,-1,-1,1,1,1,1,-1,-1,1,1,-1,1,1,-1,-1,1,1,1,1,1,-1,-1,-1,1,1,1,1,-1,-1,1,1,1,1,1,1,-1,-1,1,1,-1,1,1,-1,1,1,1,1,1,1,-1,1,1,1,1,1,1,-1,1,1,1,1,1,1,-1,-1,-1,1,1,1,1,-1,1,1,1,1,-1,1,-1,1,-1,1,1,1,-1,-1,1,1,1,1,1,-1,1,-1,-1,1,-1,1,-1,1,1,1,1,1,1,1,1,1,1,1,-1,1,-1,1,1,-1,1,-1,1,1,-1,1,-1,1,-1,1,-1,1,1,-1,1,-1,1,1,1,1,-1,-1,1,1,-1,-1,1,-1,1,-1,-1,1,-1,1,-1,1,-1,1,-1,1,1,-1,-1,-1,1,1,-1,1,-1,1,1,1,-1,1,1,-1,-1,-1,1,-1,1,-1,1,-1,1,1,-1,1,-1,-1,-1,1,1,-1,1,-1,-1,-1,1,1,-1,-1,1,1,-1,-1,1,1,-1,1,1,-1,1,1,1,1,-1,1,-1,1,1,-1,1,-1,1,1,-1,1,1,1,1,1,-1,-1,1,-1,-1,-1,1,1,-1,1,1,1,-1,1,-1,-1,1,1,1,-1,1,-1,1,1,1,-1,-1,1,-1,1,1,1,-1,1,1,-1,-1,1,1,1,-1,1,-1,1,1,1,-1,1,1,-1,1,1,1,-1,1,-1,-1,1,1,1,-1,1,-1,-1,-1,1,1,-1,1,-1,-1,1,-1,1,-1,1,1,-1,-1,1,1,1,-1,1,-1,-1,1,1,-1,1,-1,1,-1,-1,-1,-1,1,1,1,-1,1,1,-1,1,1,-1,-1,1,1,1,1,1,-1,1,1,1,-1,1,-1,-1,-1,-1,1,1,1,1,-1,-1,1,1,1,1,-1,-1,-1,-1,-1,1,-1,-1,-1,1,-1,1,1,1,1,1,1,1,-1,1,-1,1,-1,-1,1,-1,1,1,1,1,-1,1,-1,-1,1,1,-1,-1,1,-1,1,1,1,-1,-1,1,-1,-1,1,1,-1,1,1,-1,1,1,-1,-1,1,1,-1,1,-1,-1,-1,1,-1,-1,1,-1,-1,1,1,-1,-1,1,-1,-1,-1,1,-1,-1,1,-1,-1,-1,1,-1,-1,1,-1,-1,-1,1,1,-1,1,1,-1,-1,1,1,-1,-1,1,1,-1,1,-1,-1,1,1,-1,1,-1,1,-1,-1,1,-1,1,-1,1,-1,-1,1,-1,-1,1,1,1,-1,1,-1,1,-1,-1,1,1,-1,-1,-1,1,-1,-1,-1,1,1,-1,1,-1,1,-1,1,-1,1,1,-1,1,1,1,-1,-1,1,-1,1,-1,1,1,-1,1,-1,-1,1,1,-1,-1,1,-1,-1,-1,1,-1,-1,1,-1,1,1,1,1,-1,1,-1,-1,1,1,-1,-1,1,-1,-1,-1,1,1,-1,-1,1,1,-1,1,-1,-1,1,1,1,-1,1,1,-1,-1,1,1,-1,1,-1,-1,1,1,1,1,-1,-1,-1,1,-1,1,1,1,-1,-1,-1,1,1,1,-1,-1,-1,1,1,1,1,1,-1,-1,-1,1,1,1,-1,-1,-1,-1,1,1,1,1,-1,-1,1,1,1,1,1,-1,-1,-1,1,1,1,-1,-1,-1,-1,1,1,-1,1,-1,-1,-1,1,1,1,1,-1,-1,1,1,1,1,1,-1,1,1,-1,1,1,-1,-1,-1,1,1,1,-1,1,-1,1,1,1,1,1,1,-1,-1,1,-1,1,-1,1,-1,-1,1,-1,1,1,-1,-1,-1,1,-1,1,1,-1,-1,-1,1,1,1,-1,1,-1,-1,1,-1,1,-1,-1,-1,-1,1,1,-1,-1,-1,-1,-1,1,-1,1,-1,-1,-1,-1,-1,-1,-1,1,-1,-1,-1,1,-1,-1,1,-1,-1,-1,-1,-1,1,1,-1,-1,-1,-1,-1,1,-1,-1,-1,1,-1,-1,1,-1,1,-1,-1,-1,-1,-1,-1,-1,1,-1,-1,-1,1,1,-1,-1,-1,1,1,-1,-1,-1,-1,1,-1,-1,1,-1,1,-1,-1,-1,-1,1,-1,1,1,-1,1,-1,-1,1,1,-1,-1,-1,-1,-1,-1,1,1,-1,-1,1,-1,1,1,-1,-1,-1,1,-1,-1,1,-1,-1,1,-1,-1,1,1,1,-1,1,-1,1,1,1,-1,-1,1,-1,-1,1,1,1,-1,1,-1,-1,1,1,-1,1,1,-1,-1,1,1,-1,1,1,-1,-1,1,1,1,1,1,-1,-1,1,1,1,1,1,1,-1,-1,1,1,1,1,-1,-1,1,-1,1,1,1,1,-1,-1,1,-1,1,1,1,-1,1,1,1,1,-1,1,-1,1,1,1,1,1,1,1,-1,1,1,1,1,-1,1,-1,1,1,1,1,1,-1,1,1,1,1,-1,1,1,-1,1,1,-1,1,1,-1,-1,1,1,1,1,-1,1,-1,1,1,1,-1,-1,1,-1,1,1,1,-1,1,-1,-1,-1,1,1,-1,-1,1,-1,-1,1,1,1,-1,1,-1,-1,1,1,1,-1,1,-1,-1,1,1,-1,-1,-1,1,-1,1,1,-1,1,1,-1,1,1,-1,-1,1,1,-1,-1,1,1,-1,1,1,-1,1,1,-1,-1,-1,-1,1,-1,-1,-1,-1,1,-1,-1,1,1,-1,1,1,-1,1,1,1,1,-1,1,-1,1,1,1,-1,-1,1,-1,-1,-1,1,-1,-1,1,-1,1,1,1,-1,-1,1,-1,1,1,1,1,-1,1,-1,-1,1,1,-1,-1,-1,1,-1,1,-1,1,-1,1,-1,-1,1,-2674.0,1,2000,445,0,False
202,-1,-1,1,1,1,1,-1,1,-1,-1,-1,1,-1,1,-1,-1,1,-1,1,1,-1,1,-1,-1,-1,1,-1,-1,-1,-1,-1,-1,1,1,-1,1,1,-1,-1,-1,1,-1,1,-1,-1,-1,1,1,-1,-1,-1,-1,1,1,1,-1,-1,1,-1,-1,1,1,1,1,-1,1,-1,1,1,-1,1,-1,-1,-1,1,-1,-1,1,-1,-1,-1,1,1,-1,-1,-1,-1,1,1,1,-1,-1,-1,1,-1,1,-1,1,-1,1,1,1,1,-1,1,-1,-1,1,1,1,-1,1,-1,-1,1,1,1,-1,1,-1,-1,1,1,1,-1,1,-1,-1,1,1,-1,-1,1,-1,-1,1,1,1,-1,-1,-1,-1,1,1,1,-1,1,-1,-1,-1,1,1,-1,-1,1,-1,1,1,1,-1,1,1,-1,-1,1,1,-1,1,1,-1,1,1,-1,-1,1,-1,-1,1,1,-1,1,-1,1,-1,1,1,-1,1,1,-1,-1,-1,1,1,1,1,1,-1,1,1,-1,1,1,1,-1,1,1,-1,-1,1,1,-1,1,1,-1,1,1,1,-1,1,1,1,1,1,1,1,-1,1,-1,-1,1,1,-1,-1,1,1,-1,1,1,-1,-1,1,-1,1,1,1,1,-1,1,-1,-1,1,1,-1,1,1,-1,1,1,1,-1,-1,1,-1,1,-1,1,1,1,1,-1,1,-1,1,1,1,1,-1,1,-1,1,1,1,1,1,-1,1,1,1,-1,1,-1,-1,1,1,-1,1,1,1,-1,-1,1,1,-1,1,-1,1,-1,1,1,1,1,-1,-1,-1,1,1,1,1,-1,1,-1,1,-1,1,1,1,1,-1,1,1,1,1,1,-1,-1,1,1,1,1,-1,1,-1,1,1,-1,1,1,-1,1,1,1,1,-1,1,-1,-1,1,1,-1,1,1,1,1,1,1,1,1,1,1,1,1,1,1,1,1,1,1,1,1,1,-1,1,1,1,1,1,-1,-1,1,-1,1,-1,1,1,-1,1,1,1,-1,1,1,-1,1,1,-1,1,1,1,1,-1,-1,1,1,1,1,-1,1,-1,1,1,-1,1,-1,1,1,1,1,1,1,-1,1,-1,1,1,1,1,-1,1,1,1,-1,1,1,1,-1,1,1,1,1,1,-1,-1,1,-1,1,1,-1,1,-1,-1,1,1,1,1,1,-1,1,-1,-1,1,-1,1,-1,1,1,1,1,-1,1,-1,-1,1,-1,1,-1,1,-1,1,1,-1,1,-1,1,-1,1,1,-1,1,-1,-1,-1,1,1,1,1,-1,1,-1,1,-1,1,1,-1,-1,1,1,-1,1,-1,-1,-1,-1,1,-1,1,1,-1,-1,-1,1,-1,-1,1,-1,-1,-1,1,-1,1,-1,-1,-1,-1,-1,1,-1,-1,1,-1,-1,-1,1,1,-1,1,-1,-1,-1,1,-1,1,1,-1,-1,-1,1,-1,1,1,-1,1,-1,1,-1,-1,1,1,1,-1,1,-1,1,-1,1,-1,1,-1,1,1,-1,-1,1,1,1,1,-1,-1,1,-1,1,1,1,-1,-1,-1,1,-1,1,1,1,-1,-1,-1,1,1,-1,1,-1,-1,-1,1,1,1,1,-1,-1,-1,1,1,1,1,-1,-1,-1,-1,1,-1,1,-1,1,-1,-1,1,1,1,-1,-1,1,1,-1,-1,1,1,-1,-1,-1,-1,1,1,1,-1,-1,-1,1,1,1,1,-1,-1,-1,-1,1,1,-1,-1,-1,-1,-1,1,1,-1,1,-1,-1,1,1,1,1,-1,-1,-1,-1,1,1,-1,1,-1,-1,1,1,1,1,-1,-1,-1,-1,1,1,1,-1,1,-1,1,1,1,1,-1,-1,1,-1,1,-1,1,-1,-1,-1,1,1,1,1,-1,-1,1,1,1,1,1,-1,-1,-1,1,1,1,-1,1,-1,1,-1,1,-1,-1,1,-1,1,-1,1,1,-1,1,-1,1,1,1,-1,1,-1,-1,1,1,-1,1,-1,1,-1,1,-1,1,-1,1,-1,-1,1,-1,1,-1,1,1,-1,1,1,1,-1,1,-1,-1,1,-1,1,-1,-1,-1,-1,1,1,1,-1,1,1,-1,1,1,1,1,-1,-1,1,-1,1,1,-1,-1,-1,-1,-1,1,1,-1,1,-1,1,-1,1,1,1,-1,-1,1,-1,1,1,-1,-1,-1,-1,1,-1,-1,1,-1,-1,1,-1,1,1,-1,-1,-1,1,-1,1,1,-1,-1,-1,1,1,1,1,-1,1,-1,1,-1,1,1,-1,-1,-1,-1,1,1,1,-1,-1,-1,1,-1,1,1,-1,1,-1,-1,1,1,1,-1,-1,-1,-1,-1,1,-1,-1,-1,1,-1,1,1,-1,-1,-1,-1,-1,1,1,1,-1,1,1,-1,1,1,-1,1,-1,-1,1,1,1,-1,-1,1,-1,-1,1,1,-1,-1,-1,-1,-1,1,1,-1,1,1,1,-1,1,1,-1,-1,1,1,-1,1,1,-1,-1,1,1,-1,1,1,-1,1,1,-1,-1,1,1,-1,-1,1,1,-1,1,-1,1,-1,1,1,-1,-1,1,-1,1,1,1,-1,1,1,-1,1,-1,1,-1,1,1,-1,1,1,1,-1,-1,1,-1,1,1,-1,1,-1,1,-1,1,1,-1,1,-1,1,1,1,-1,-1,1,-1,1,1,-1,1,-1,-1,-1,1,-1,1,-1,1,-1,-1,1,-1,1,-1,-1,-1,-1,1,-1,1,-1,-1,-1,-1,-1,1,1,-1,1,-1,-1,1,-1,1,-1,1,-1,1,-1,-1,1,1,1,1,-1,-1,1,1,-1,-1,1,1,-1,1,1,-1,1,-1,-1,1,1,-1,-1,1,-1,-1,-1,-1,1,-1,1,1,-1,1,1,-1,-1,-1,-1,1,-1,-1,-1,-1,1,-1,-1,1,1,-1,1,1,-1,1,1,1,1,-1,1,-1,1,1,1,1,-1,1,-1,-1,-1,1,1,-1,1,-1,1,1,1,1,-1,1,-1,1,1,1,-1,-1,1,-1,-1,1,1,-1,-1,-1,1,-1,1,-1,1,-1,1,-1,-1,1,-2674.0,1,2000,445,1500,True
203,-1,-1,1,1,1,1,-1,1,-1,-1,-1,1,-1,1,-1,-1,1,-1,1,1,1,-1,-1,-1,-1,1,-1,-1,-1,-1,-1,-1,1,1,-1,-1,1,-1,-1,-1,1,-1,-1,-1,-1,-1,-1,-1,1,1,-1,-1,1,-1,1,-1,-1,1,-1,-1,-1,1,1,1,-1,-1,-1,-1,-1,-1,-1,1,-1,-1,-1,-1,1,-1,1,-1,-1,1,1,-1,1,-1,-1,-1,-1,1,-1,-1,-1,-1,-1,-1,-1,1,1,1,-1,-1,-1,-1,1,1,1,-1,-1,-1,-1,1,1,1,-1,-1,-1,-1,1,1,1,-1,-1,-1,-1,1,1,1,1,-1,-1,-1,1,1,1,-1,-1,-1,-1,1,1,1,1,-1,-1,-1,-1,1,1,1,-1,-1,-1,1,-1,1,1,1,-1,-1,1,1,1,1,-1,-1,1,1,-1,1,-1,-1,-1,-1,1,1,1,1,-1,-1,1,-1,-1,1,-1,-1,-1,1,1,1,1,1,-1,-1,1,1,1,1,1,-1,-1,1,1,-1,1,1,-1,-1,-1,1,-1,1,1,-1,-1,1,1,-1,1,1,-1,1,1,1,-1,-1,1,1,-1,-1,1,-1,1,1,-1,1,-1,1,-1,1,1,-1,1,1,1,-1,-1,1,-1,-1,1,1,-1,1,-1,1,1,1,-1,-1,1,1,-1,1,1,1,1,-1,-1,-1,1,1,-1,-1,1,-1,-1,1,1,-1,-1,-1,1,-1,1,-1,1,1,-1,1,-1,1,1,1,1,-1,-1,-1,1,1,-1,1,-1,-1,-1,1,1,-1,1,-1,-1,-1,-1,1,1,1,-1,-1,-1,1,1,-1,1,1,-1,-1,1,1,-1,1,1,1,-1,1,1,-1,1,-1,-1,-1,1,1,-1,1,-1,-1,1,1,-1,1,1,-1,-1,1,1,-1,1,1,-1,1,1,1,1,1,1,-1,-1,1,1,1,1,1,-1,-1,1,1,1,1,1,-1,-1,-1,1,1,1,1,-1,1,1,1,-1,1,-1,1,1,-1,1,1,1,-1,1,-1,1,1,1,-1,1,1,-1,1,1,-1,1,1,1,-1,1,-1,-1,1,1,-1,1,-1,1,1,1,1,-1,1,-1,1,-1,1,1,1,1,-1,1,1,1,-1,1,1,1,-1,1,1,1,1,-1,1,-1,1,-1,1,1,-1,1,-1,1,1,1,1,-1,1,-1,1,-1,-1,1,1,1,-1,1,-1,-1,-1,1,1,-1,-1,1,-1,1,1,-1,-1,1,1,1,1,1,1,-1,1,-1,-1,1,-1,-1,1,-1,-1,1,1,-1,1,-1,1,-1,1,1,-1,-1,1,-1,1,1,1,-1,-1,-1,-1,-1,1,1,-1,-1,1,-1,1,-1,1,1,-1,-1,1,-1,1,-1,1,-1,-1,-1,-1,-1,-1,1,-1,-1,-1,-1,1,-1,1,-1,-1,1,-1,-1,1,1,-1,-1,-1,-1,-1,1,1,-1,-1,-1,-1,-1,-1,1,1,1,-1,1,-1,1,-1,1,-1,1,-1,-1,-1,1,-1,1,1,1,1,-1,1,-1,-1,1,1,-1,1,1,-1,-1,-1,1,1,-1,1,-1,-1,1,1,1,-1,1,-1,-1,1,1,1,-1,1,-1,1,1,1,1,-1,1,-1,-1,-1,1,-1,-1,1,1,-1,-1,1,1,-1,1,-1,1,1,-1,1,-1,-1,1,-1,-1,-1,1,-1,1,1,1,-1,1,1,-1,-1,1,-1,1,-1,-1,-1,1,1,-1,-1,-1,-1,-1,1,1,-1,-1,1,1,-1,-1,1,1,-1,-1,-1,-1,-1,1,-1,-1,1,1,-1,-1,1,1,-1,-1,1,-1,-1,1,-1,-1,1,1,-1,1,1,1,-1,-1,1,-1,-1,1,1,-1,1,1,-1,-1,1,1,1,-1,1,-1,-1,1,1,-1,1,1,1,-1,1,1,1,-1,1,-1,-1,1,1,1,-1,1,-1,-1,1,1,-1,1,1,-1,-1,1,1,-1,1,1,1,-1,1,-1,1,-1,1,-1,-1,1,1,-1,-1,1,1,-1,1,1,-1,1,1,1,-1,1,-1,1,-1,1,1,-1,1,1,1,1,1,-1,1,1,-1,1,1,1,1,-1,1,-1,1,-1,1,1,-1,1,1,-1,1,1,1,-1,1,1,-1,1,1,1,1,1,-1,-1,1,1,1,1,1,-1,1,-1,1,1,1,1,-1,-1,1,1,1,1,1,1,-1,1,-1,1,1,1,-1,1,1,1,1,1,1,1,-1,1,1,1,1,1,-1,1,1,1,1,1,1,-1,1,1,1,1,1,1,1,-1,1,1,1,1,1,-1,-1,1,-1,1,1,1,-1,1,1,1,1,1,-1,-1,1,1,1,1,1,1,-1,1,1,-1,1,1,-1,1,1,1,1,1,1,-1,-1,1,1,1,1,-1,-1,1,1,1,1,1,-1,-1,-1,1,1,1,1,-1,1,-1,1,1,1,1,1,-1,-1,1,1,-1,1,1,-1,-1,1,1,-1,1,-1,-1,-1,1,-1,1,1,1,-1,-1,-1,1,-1,1,1,-1,-1,1,1,-1,1,1,-1,-1,1,1,-1,1,1,-1,-1,-1,1,1,1,1,-1,1,-1,1,1,1,-1,-1,1,-1,1,1,1,-1,-1,1,-1,1,1,-1,1,-1,-1,1,1,-1,1,1,-1,-1,-1,1,-1,1,-1,-1,-1,1,1,-1,1,-1,1,-1,-1,-1,1,1,-1,1,-1,-1,1,-1,1,-1,-1,1,-1,1,-1,1,1,-1,1,-1,1,1,-1,-1,-1,1,1,1,1,-1,-1,1,-1,-1,1,1,-1,-1,1,-1,-1,1,-1,1,-1,1,-1,1,1,-1,1,-1,-1,-1,-1,1,-1,-1,-1,1,-1,1,1,1,-1,1,1,-1,1,1,-1,-1,-1,1,-1,1,1,1,1,-1,1,-1,1,1,1,-1,1,1,-1,1,1,1,-1,-1,1,-1,1,1,-1,-1,-1,1,-1,-1,1,1,-1,-1,1,1,-1,1,-1,1,-1,1,-1,-1,1,-2674.0,1,2000,445,1500,True
204,-1,-1,1,1,1,1,-1,1,-1,-1,-1,1,-1,1,-1,-1,1,-1,1,1,-1,-1,-1,-1,-1,1,-1,-1,-1,-1,-1,-1,1,1,-1,-1,1,-1,-1,-1,1,-1,-1,-1,-1,-1,-1,-1,1,1,-1,-1,1,-1,1,-1,-1,1,-1,-1,-1,1,1,1,-1,-1,-1,-1,-1,-1,-1,1,-1,-1,-1,-1,-1,-1,1,-1,-1,1,1,-1,1,-1,-1,-1,-1,1,1,-1,-1,-1,-1,-1,-1,1,1,1,-1,-1,-1,-1,-1,1,1,-1,-1,-1,-1,1,1,1,-1,-1,-1,-1,1,1,1,-1,-1,-1,-1,1,1,1,1,-1,-1,-1,-1,1,1,1,-1,-1,-1,-1,1,1,1,-1,-1,-1,1,1,1,1,-1,-1,-1,-1,-1,1,1,1,-1,-1,-1,1,1,1,-1,-1,1,-1,-1,1,-1,-1,-1,-1,-1,1,1,1,-1,-1,-1,1,-1,1,-1,-1,-1,-1,-1,1,1,1,-1,-1,-1,-1,-1,1,1,-1,-1,1,-1,-1,1,1,-1,-1,-1,-1,-1,1,1,-1,-1,-1,-1,-1,1,1,-1,1,-1,-1,-1,-1,1,1,-1,-1,-1,-1,1,1,-1,1,-1,-1,-1,1,1,-1,1,1,-1,-1,1,1,-1,-1,1,-1,-1,1,-1,1,1,-1,-1,-1,1,1,-1,1,-1,-1,1,-1,-1,-1,1,-1,1,-1,1,-1,-1,1,-1,1,-1,-1,1,-1,1,-1,-1,1,-1,1,-1,1,1,-1,1,-1,-1,-1,1,-1,1,1,-1,-1,-1,1,1,-1,1,1,-1,-1,-1,1,1,1,-1,-1,-1,1,1,1,1,1,-1,-1,1,1,1,1,-1,-1,-1,1,-1,1,1,-1,-1,-1,1,1,-1,1,-1,-1,1,-1,1,1,1,-1,1,1,-1,1,-1,1,-1,1,1,1,-1,1,1,-1,-1,1,1,-1,1,-1,-1,-1,1,1,1,1,-1,-1,1,-1,1,1,1,-1,-1,1,-1,1,-1,1,1,-1,1,-1,1,-1,1,1,-1,-1,1,1,-1,1,-1,-1,1,1,-1,-1,1,1,-1,1,-1,1,-1,1,-1,1,1,-1,1,-1,1,-1,1,1,-1,-1,1,1,-1,-1,1,-1,1,-1,-1,1,-1,1,1,-1,-1,1,-1,-1,1,-1,-1,1,-1,1,-1,-1,1,-1,-1,1,-1,-1,-1,1,-1,1,-1,1,-1,1,-1,-1,-1,-1,1,-1,-1,1,-1,-1,1,1,-1,-1,1,-1,1,-1,1,1,-1,1,-1,-1,1,1,-1,-1,-1,-1,-1,-1,-1,1,-1,1,-1,-1,1,1,-1,-1,-1,1,-1,1,1,-1,-1,-1,-1,-1,-1,-1,-1,-1,-1,1,-1,1,1,-1,1,-1,-1,1,-1,-1,1,-1,-1,-1,1,-1,1,-1,1,-1,-1,-1,-1,1,-1,1,-1,-1,1,-1,1,1,1,-1,-1,-1,-1,1,-1,1,-1,-1,-1,1,1,1,-1,1,1,-1,1,1,1,1,1,-1,1,-1,-1,-1,1,-1,1,-1,-1,1,-1,1,-1,1,-1,-1,-1,1,1,-1,1,1,-1,1,-1,1,-1,1,-1,-1,1,-1,1,-1,-1,-1,-1,1,-1,1,-1,-1,-1,-1,1,-1,1,-1,1,1,1,1,-1,1,-1,1,1,-1,1,-1,1,-1,-1,1,-1,1,-1,-1,1,1,1,1,1,-1,1,1,1,1,-1,1,-1,-1,1,1,1,-1,-1,-1,-1,1,1,1,-1,-1,-1,1,-1,1,-1,1,1,-1,-1,1,1,1,-1,-1,-1,-1,1,1,1,1,1,-1,-1,1,1,1,1,1,-1,-1,1,-1,1,-1,1,-1,1,1,1,1,1,1,-1,-1,1,-1,1,1,1,-1,-1,1,1,-1,1,1,-1,-1,1,1,1,1,1,1,-1,1,1,-1,-1,1,-1,-1,1,1,1,-1,1,-1,-1,1,-1,-1,1,1,-1,-1,1,-1,1,-1,1,1,-1,1,-1,1,-1,1,-1,-1,1,-1,1,1,1,1,-1,1,-1,1,-1,1,1,-1,1,-1,1,-1,1,1,-1,1,1,1,1,1,-1,1,1,-1,1,1,1,1,-1,1,-1,1,-1,1,1,-1,1,1,-1,1,1,1,-1,1,1,-1,1,1,1,1,1,-1,-1,1,1,1,1,1,-1,1,-1,1,1,1,1,1,-1,1,1,1,1,1,1,-1,1,1,1,1,1,1,1,1,1,1,1,1,1,-1,1,1,1,1,1,-1,1,1,1,1,1,1,1,-1,1,1,1,1,1,-1,1,1,1,1,1,1,-1,-1,1,-1,1,1,1,-1,1,1,1,1,1,-1,-1,1,1,1,1,1,1,-1,1,1,-1,1,1,-1,1,1,1,1,1,1,-1,-1,1,1,1,1,-1,1,-1,1,1,1,1,-1,-1,-1,1,1,1,1,-1,1,-1,1,1,1,1,1,-1,-1,1,1,-1,1,1,-1,-1,1,1,-1,1,-1,-1,-1,1,-1,1,1,1,-1,1,1,1,-1,1,1,-1,-1,1,1,-1,1,1,-1,1,1,1,-1,1,1,-1,1,-1,1,1,1,1,-1,1,-1,1,1,1,-1,-1,1,1,1,1,1,1,-1,1,1,1,1,-1,1,-1,1,1,-1,-1,1,-1,1,1,1,1,-1,1,1,-1,1,-1,1,-1,1,1,1,-1,1,1,1,1,1,-1,1,1,-1,-1,1,-1,1,-1,1,-1,-1,1,1,1,-1,-1,1,1,1,1,1,-1,-1,1,1,1,1,-1,1,1,1,1,1,1,-1,-1,1,1,-1,1,1,-1,-1,1,1,-1,-1,1,1,-1,-1,-1,1,1,1,-1,-1,1,1,1,-1,1,-1,-1,-1,1,1,1,1,-1,-1,1,1,1,1,1,1,-1,1,1,1,1,1,1,-1,1,1,1,1,1,-1,-1,1,-1,1,-1,1,1,-1,-1,1,1,-1,1,-1,1,-1,1,1,-1,1,1,-1,-1,1,-2674.0,1,2000,445,1500,True
205,-1,-1,1,1,1,1,-1,1,-1,-1,-1,1,-1,1,-1,-1,1,-1,1,1,-1,-1,-1,-1,-1,1,-1,-1,-1,-1,-1,-1,1,1,-1,-1,1,-1,-1,-1,1,-1,-1,-1,-1,-1,-1,-1,1,1,-1,-1,1,-1,1,-1,-1,1,-1,-1,-1,1,1,1,-1,-1,-1,-1,-1,-1,-1,1,-1,-1,-1,-1,-1,-1,1,-1,-1,1,1,-1,1,-1,-1,1,-1,1,-1,-1,-1,-1,-1,-1,-1,1,1,1,-1,-1,-1,-1,1,1,-1,-1,-1,-1,-1,1,1,1,-1,-1,-1,-1,1,1,-1,-1,-1,-1,-1,1,1,-1,1,-1,-1,-1,-1,1,-1,1,-1,-1,-1,-1,1,-1,1,-1,-1,-1,1,1,1,-1,-1,-1,-1,-1,-1,1,-1,1,-1,-1,-1,1,1,1,-1,-1,1,-1,-1,1,-1,-1,-1,-1,-1,1,-1,1,-1,-1,-1,1,-1,1,-1,-1,-1,-1,-1,1,1,1,-1,-1,-1,-1,-1,1,1,-1,-1,1,-1,-1,1,1,-1,-1,-1,-1,-1,1,1,-1,1,-1,-1,-1,1,1,-1,1,-1,-1,-1,-1,1,1,-1,-1,-1,-1,1,1,1,-1,-1,-1,-1,1,1,-1,1,1,-1,-1,-1,1,1,-1,1,-1,-1,1,1,1,1,-1,-1,-1,1,1,-1,1,-1,-1,1,-1,1,1,1,-1,1,-1,1,1,1,1,-1,1,-1,-1,1,1,1,-1,-1,1,-1,1,1,1,1,-1,1,-1,1,1,-1,1,1,1,-1,1,1,1,1,-1,1,1,-1,1,1,1,1,1,-1,-1,1,1,1,1,1,1,-1,1,1,-1,1,1,-1,-1,1,1,-1,1,1,-1,1,1,1,1,-1,1,-1,1,1,-1,-1,1,1,-1,1,-1,1,1,-1,1,-1,1,1,1,-1,1,1,-1,1,1,1,-1,1,-1,-1,1,1,1,-1,1,-1,-1,1,1,1,1,1,-1,-1,-1,-1,1,-1,1,1,-1,1,1,1,-1,-1,1,-1,-1,-1,1,-1,1,-1,-1,1,-1,-1,-1,1,1,-1,1,-1,1,-1,1,-1,1,-1,1,1,-1,1,-1,1,-1,1,-1,1,1,-1,-1,-1,-1,1,-1,-1,1,-1,-1,1,-1,-1,1,-1,-1,1,-1,-1,1,-1,-1,-1,1,-1,-1,-1,1,1,-1,1,1,-1,1,-1,1,-1,-1,1,-1,-1,-1,1,-1,-1,1,-1,-1,1,1,-1,-1,-1,-1,1,-1,1,1,-1,1,-1,-1,1,1,-1,1,1,-1,-1,-1,1,-1,1,1,-1,-1,1,-1,-1,1,-1,1,-1,1,-1,-1,1,-1,-1,-1,-1,1,-1,1,-1,1,-1,1,-1,-1,1,-1,-1,1,-1,-1,-1,1,1,-1,1,-1,-1,-1,1,1,-1,-1,-1,1,-1,1,-1,-1,1,-1,-1,1,1,1,-1,-1,-1,-1,1,-1,1,-1,-1,1,-1,-1,1,1,1,-1,1,-1,1,-1,-1,-1,1,-1,-1,-1,1,-1,-1,-1,1,1,-1,1,-1,1,-1,1,-1,1,1,-1,1,1,1,1,-1,1,-1,1,-1,1,1,-1,1,-1,-1,1,1,1,-1,1,-1,-1,-1,1,1,-1,1,-1,1,1,1,-1,-1,1,-1,1,1,1,1,-1,1,-1,-1,-1,1,1,-1,-1,1,1,-1,-1,1,-1,1,1,1,1,1,1,-1,-1,1,1,1,-1,-1,-1,1,1,1,1,-1,-1,-1,1,-1,1,-1,1,1,-1,-1,1,1,1,-1,1,-1,-1,1,1,1,1,1,1,-1,1,1,1,-1,-1,1,-1,1,-1,1,1,1,1,-1,1,1,1,1,1,1,-1,1,-1,1,1,1,1,-1,1,1,-1,1,1,1,-1,1,1,1,1,1,1,-1,1,1,-1,1,1,-1,-1,-1,1,1,-1,1,-1,-1,1,-1,1,1,1,-1,-1,1,-1,1,1,1,1,-1,-1,1,-1,1,1,-1,-1,1,-1,1,-1,1,1,-1,-1,-1,1,-1,1,1,-1,1,-1,-1,1,1,1,1,-1,-1,1,-1,1,-1,-1,-1,1,-1,-1,1,1,-1,-1,-1,1,-1,1,1,-1,-1,-1,1,-1,1,1,-1,-1,-1,1,-1,1,1,1,1,1,1,-1,1,1,-1,-1,1,-1,-1,1,1,1,-1,1,-1,1,1,1,-1,-1,-1,-1,-1,-1,1,-1,-1,1,1,-1,1,1,1,-1,1,-1,-1,1,-1,1,-1,1,-1,1,1,1,1,-1,1,-1,1,1,1,1,-1,-1,1,1,1,1,1,1,-1,-1,1,-1,1,1,-1,-1,1,1,1,1,1,-1,-1,1,1,1,1,1,1,-1,1,1,-1,1,-1,-1,1,1,1,1,1,1,-1,-1,1,1,1,1,-1,1,-1,1,1,1,1,-1,-1,-1,1,1,1,1,-1,1,-1,1,1,1,1,1,-1,-1,1,1,-1,1,1,-1,-1,1,1,-1,1,-1,-1,-1,1,-1,-1,1,1,-1,1,1,1,-1,1,1,-1,-1,1,1,-1,1,1,-1,1,1,1,-1,1,1,-1,1,-1,1,1,1,1,-1,1,-1,1,1,1,-1,-1,1,1,1,1,1,1,1,-1,1,1,1,-1,1,1,1,1,1,-1,1,-1,1,1,1,1,-1,1,1,-1,1,-1,1,-1,1,1,1,-1,1,1,1,1,1,-1,1,1,-1,-1,1,-1,1,1,1,-1,-1,1,1,1,-1,-1,1,1,1,1,1,-1,-1,1,1,1,1,-1,1,1,1,1,1,1,-1,1,1,1,-1,1,1,-1,-1,1,1,1,-1,1,1,-1,-1,-1,-1,1,1,-1,-1,1,1,1,-1,1,-1,-1,-1,1,1,1,1,-1,-1,1,1,1,1,1,1,-1,1,1,1,1,1,1,-1,1,1,1,1,1,-1,-1,1,-1,1,-1,1,1,-1,-1,1,1,-1,1,-1,1,-1,1,1,-1,1,1,-1,-1,1,-2674.0,1,2000,445,1500,True
206,-1,-1,1,1,1,1,-1,1,-1,-1,-1,1,-1,1,-1,-1,1,-1,1,1,1,1,-1,-1,-1,1,-1,-1,1,-1,-1,-1,1,1,-1,1,1,-1,-1,-1,1,-1,1,-1,-1,1,-1,-1,1,-1,-1,-1,1,-1,1,-1,-1,1,-1,-1,-1,1,1,1,-1,1,-1,-1,-1,-1,1,-1,-1,-1,-1,-1,1,1,-1,-1,-1,1,1,-1,-1,-1,-1,1,-1,1,-1,-1,-1,1,-1,-1,-1,1,-1,1,1,1,-1,-1,1,-1,-1,1,1,-1,-1,1,-1,-1,1,1,-1,-1,1,-1,-1,1,1,-1,-1,1,-1,-1,1,1,-1,-1,1,-1,-1,1,1,1,-1,1,-1,-1,1,1,-1,-1,-1,-1,-1,-1,1,1,-1,1,1,-1,1,1,1,-1,1,1,-1,-1,1,1,-1,1,1,-1,1,1,-1,-1,1,-1,-1,1,1,-1,1,-1,1,-1,1,1,-1,1,1,-1,-1,-1,1,1,1,1,1,-1,1,1,-1,1,1,1,-1,1,1,1,-1,1,1,-1,1,1,1,1,1,1,-1,1,1,-1,-1,1,1,1,-1,1,-1,-1,1,1,-1,-1,1,-1,-1,1,1,-1,-1,1,-1,1,1,1,1,-1,-1,1,-1,1,1,-1,1,1,-1,1,1,1,-1,-1,1,-1,1,-1,1,1,1,1,-1,1,-1,1,1,-1,1,-1,1,-1,1,1,1,1,1,-1,1,1,1,1,1,1,-1,1,1,-1,-1,-1,1,1,-1,1,1,-1,-1,1,-1,-1,1,1,1,-1,1,1,1,1,1,1,-1,1,-1,-1,1,-1,1,-1,1,1,-1,1,1,1,-1,1,1,1,1,1,-1,1,1,-1,1,1,1,-1,1,1,-1,1,1,1,-1,1,1,1,-1,1,1,1,1,1,-1,1,1,1,1,1,1,-1,1,-1,1,-1,1,1,-1,1,-1,1,1,-1,1,-1,1,-1,1,1,-1,1,-1,1,1,-1,1,-1,1,1,-1,1,-1,1,-1,1,-1,1,-1,-1,1,1,-1,-1,1,1,-1,1,-1,1,-1,1,-1,1,1,-1,1,1,1,1,-1,1,-1,1,-1,1,-1,-1,1,-1,1,1,1,1,-1,1,1,1,1,1,-1,-1,1,-1,-1,1,-1,1,-1,-1,1,-1,1,1,-1,-1,-1,1,-1,1,-1,1,-1,-1,1,-1,1,1,-1,-1,-1,1,-1,-1,1,1,-1,-1,1,-1,1,1,-1,1,-1,1,-1,-1,1,1,-1,-1,-1,-1,1,1,-1,1,-1,1,-1,1,-1,1,-1,-1,1,-1,1,-1,1,-1,-1,-1,-1,1,-1,-1,1,-1,-1,-1,1,-1,1,1,1,-1,-1,1,-1,-1,1,-1,-1,-1,1,1,1,-1,1,-1,-1,-1,1,1,-1,1,-1,-1,1,-1,1,1,1,-1,-1,-1,1,1,-1,1,-1,1,-1,1,1,1,-1,1,1,-1,1,1,1,1,1,1,1,-1,1,1,-1,1,-1,1,-1,-1,1,-1,-1,1,-1,-1,1,-1,-1,-1,1,1,-1,1,1,-1,-1,1,1,-1,-1,1,-1,-1,-1,-1,-1,1,1,-1,-1,-1,-1,-1,1,1,-1,-1,1,1,1,-1,1,-1,1,-1,1,-1,1,1,-1,1,-1,1,-1,-1,1,1,-1,1,1,1,1,1,1,-1,-1,1,-1,1,1,1,-1,-1,1,-1,1,1,-1,-1,1,1,-1,1,1,-1,1,1,-1,1,1,1,1,-1,1,-1,-1,1,1,-1,1,1,-1,1,1,1,1,-1,-1,1,1,1,1,1,-1,1,1,-1,1,1,1,-1,-1,1,1,1,-1,1,-1,-1,1,-1,1,1,1,-1,-1,-1,1,1,1,1,-1,-1,1,1,1,1,-1,1,-1,1,-1,1,-1,-1,1,-1,1,-1,1,1,-1,-1,1,-1,1,1,-1,1,-1,-1,1,-1,-1,1,-1,1,-1,1,-1,1,-1,1,-1,-1,1,-1,1,-1,1,1,-1,1,-1,1,-1,1,-1,-1,1,-1,1,-1,-1,1,1,1,1,1,-1,1,1,-1,1,1,1,1,-1,1,-1,1,-1,1,-1,1,1,1,-1,1,1,-1,1,1,1,-1,1,1,1,-1,1,-1,-1,1,1,-1,-1,1,-1,1,-1,-1,1,-1,1,1,-1,1,1,-1,-1,1,1,-1,1,1,-1,-1,-1,1,1,1,1,-1,-1,1,1,-1,1,1,-1,-1,1,-1,1,1,1,1,-1,-1,1,-1,1,1,-1,1,-1,-1,1,1,1,-1,-1,-1,-1,-1,1,-1,-1,-1,1,-1,1,1,1,1,-1,-1,-1,1,1,1,-1,-1,-1,-1,1,1,-1,1,-1,-1,1,1,1,1,-1,1,-1,-1,1,1,1,-1,1,-1,-1,1,1,1,1,-1,-1,-1,1,1,1,1,1,-1,-1,1,1,1,1,1,-1,-1,1,1,-1,1,1,1,-1,-1,1,-1,1,1,-1,-1,1,-1,1,1,1,1,-1,-1,1,-1,1,-1,1,-1,1,1,-1,1,-1,1,-1,1,1,-1,1,1,1,1,-1,1,1,1,1,-1,1,-1,1,1,1,1,1,-1,1,1,1,1,-1,1,1,-1,1,1,-1,1,1,-1,-1,1,-1,1,1,-1,1,-1,1,-1,1,-1,-1,1,-1,1,-1,1,-1,1,-1,-1,-1,1,1,-1,-1,1,-1,-1,-1,1,-1,-1,1,-1,-1,-1,1,1,-1,1,-1,-1,1,-1,-1,-1,-1,1,-1,1,-1,-1,1,1,-1,1,1,-1,-1,1,1,-1,-1,-1,1,-1,1,1,-1,1,-1,1,-1,-1,-1,1,-1,-1,-1,-1,1,-1,-1,1,1,-1,1,1,-1,1,1,-1,-1,-1,1,-1,1,1,1,1,-1,1,-1,-1,-1,1,-1,-1,1,-1,1,1,1,-1,-1,1,-1,1,1,-1,-1,-1,1,-1,-1,1,1,-1,-1,-1,1,-1,1,-1,1,-1,1,-1,-1,1,-2674.0,1,2000,445,1500,True
207,-1,-1,1,1,1,1,-1,1,-1,-1,-1,1,-1,1,-1,-1,1,-1,1,1,-1,1,-1,-1,-1,1,-1,-1,-1,-1,-1,-1,1,1,-1,1,1,-1,-1,-1,1,-1,1,-1,-1,-1,1,1,-1,-1,-1,-1,1,1,1,-1,-1,1,-1,-1,1,1,1,1,-1,1,-1,1,1,-1,1,-1,-1,-1,1,-1,-1,1,-1,-1,-1,1,1,-1,-1,-1,-1,1,1,1,-1,-1,-1,1,-1,1,-1,1,-1,1,1,1,1,-1,1,-1,-1,1,1,1,-1,1,-1,-1,1,1,1,-1,1,-1,-1,1,1,1,-1,1,-1,-1,1,1,-1,-1,1,-1,-1,1,1,1,-1,-1,-1,-1,1,1,1,-1,1,-1,-1,-1,1,1,-1,-1,1,-1,1,1,1,-1,1,-1,-1,-1,1,1,-1,1,1,-1,1,1,1,-1,1,-1,-1,1,1,-1,1,-1,1,-1,1,1,-1,1,1,-1,-1,-1,1,1,1,1,1,-1,1,1,-1,1,1,1,-1,1,1,1,-1,1,1,-1,1,1,1,1,1,1,-1,1,1,-1,1,1,1,1,-1,1,-1,-1,1,1,-1,-1,1,-1,-1,1,1,-1,-1,1,-1,1,1,1,1,-1,-1,1,-1,1,1,-1,1,1,-1,1,1,1,-1,-1,1,-1,1,-1,1,1,1,1,-1,1,-1,1,1,-1,1,-1,1,-1,1,1,1,1,1,-1,1,1,1,1,1,1,-1,1,1,-1,-1,-1,1,1,-1,1,1,-1,-1,1,-1,-1,1,1,1,-1,1,1,1,1,1,1,-1,1,-1,-1,1,-1,1,-1,1,1,-1,1,1,1,-1,1,1,1,1,1,-1,1,1,-1,1,1,1,-1,1,1,-1,1,1,1,-1,1,1,1,-1,1,1,1,1,1,-1,1,1,1,1,1,1,-1,1,-1,1,-1,1,1,-1,1,-1,1,1,-1,1,-1,1,-1,1,1,-1,1,-1,1,1,-1,1,-1,1,1,-1,1,-1,1,-1,1,-1,1,-1,-1,1,1,-1,-1,1,1,-1,1,-1,1,-1,1,-1,1,1,-1,1,1,1,-1,1,1,-1,1,-1,1,-1,-1,1,-1,1,1,1,1,-1,1,1,1,1,1,-1,-1,1,-1,-1,1,-1,1,-1,-1,1,-1,1,1,-1,-1,-1,1,-1,1,-1,1,-1,1,1,-1,1,1,-1,-1,-1,1,-1,-1,1,1,-1,-1,1,-1,1,1,-1,1,-1,1,-1,-1,1,1,-1,-1,-1,-1,1,1,-1,1,-1,1,-1,1,-1,1,-1,-1,1,-1,1,-1,1,-1,-1,-1,-1,1,-1,-1,-1,-1,-1,-1,1,1,1,-1,1,-1,-1,1,-1,-1,1,-1,-1,-1,1,-1,1,-1,1,-1,-1,-1,-1,1,-1,1,-1,-1,1,-1,1,1,1,-1,-1,-1,1,1,-1,1,-1,1,-1,1,1,1,-1,1,1,-1,1,1,1,1,1,-1,1,-1,1,1,-1,1,-1,1,-1,-1,1,-1,-1,1,-1,-1,1,-1,-1,-1,1,1,-1,1,1,-1,-1,1,1,-1,-1,1,-1,-1,-1,-1,-1,1,1,-1,-1,-1,-1,-1,1,1,-1,-1,1,1,1,-1,1,-1,1,1,1,-1,1,1,-1,-1,-1,1,-1,-1,1,1,-1,1,1,1,1,1,1,-1,-1,1,-1,1,1,1,-1,-1,1,-1,1,1,-1,-1,1,1,-1,1,1,-1,1,1,-1,1,1,1,1,-1,1,1,-1,1,1,-1,1,1,1,1,1,1,1,-1,-1,1,1,1,1,1,-1,1,1,-1,1,1,1,-1,-1,1,1,1,-1,1,-1,-1,1,1,1,1,1,1,-1,-1,1,1,1,1,-1,-1,1,1,1,1,-1,1,-1,-1,-1,1,-1,-1,1,-1,1,-1,1,1,-1,1,-1,-1,1,1,-1,1,-1,-1,1,-1,-1,1,-1,1,-1,1,-1,1,-1,1,-1,-1,1,-1,1,-1,1,1,-1,1,-1,1,-1,1,-1,-1,1,-1,1,-1,-1,1,1,1,1,1,-1,1,1,-1,1,1,1,1,-1,1,-1,1,-1,1,-1,1,1,1,-1,1,1,-1,1,1,1,-1,1,1,1,-1,1,-1,-1,1,1,-1,-1,1,-1,1,-1,-1,1,-1,1,1,-1,1,1,-1,-1,1,1,-1,1,1,-1,-1,-1,1,1,1,1,-1,-1,1,1,-1,1,1,-1,-1,1,-1,1,1,1,-1,-1,-1,1,-1,1,1,-1,1,-1,-1,1,1,1,-1,-1,-1,-1,-1,1,-1,-1,-1,1,-1,1,1,-1,-1,-1,-1,-1,1,1,1,-1,-1,-1,-1,1,1,-1,1,-1,-1,1,1,1,-1,-1,1,-1,-1,1,1,-1,-1,1,-1,-1,1,1,-1,1,-1,-1,-1,1,1,-1,-1,1,-1,-1,1,1,-1,-1,1,-1,-1,1,1,-1,1,1,1,-1,-1,1,1,-1,1,-1,-1,1,-1,-1,-1,1,1,-1,-1,1,-1,1,-1,1,-1,1,1,-1,1,-1,1,-1,1,1,-1,1,1,1,1,-1,1,-1,1,1,-1,1,-1,1,-1,1,1,1,-1,1,1,1,1,-1,1,1,-1,1,1,-1,1,1,-1,-1,1,-1,1,1,-1,1,-1,1,-1,1,-1,-1,1,-1,1,-1,1,-1,1,-1,-1,-1,1,1,-1,-1,1,-1,-1,-1,1,-1,-1,1,-1,-1,-1,1,1,-1,1,-1,-1,1,1,-1,-1,-1,1,-1,1,1,-1,1,1,-1,1,1,-1,-1,1,-1,-1,-1,-1,1,-1,1,1,-1,1,1,-1,-1,-1,-1,1,-1,-1,-1,-1,1,-1,-1,1,1,-1,1,1,-1,1,1,1,1,-1,1,-1,1,1,1,1,-1,1,-1,-1,1,1,1,-1,1,-1,1,1,1,1,-1,1,-1,1,1,1,-1,-1,1,-1,-1,1,1,-1,-1,-1,1,-1,1,-1,1,-1,1,-1,-1,1,-2674.0,1,2000,445,1500,True
208,1,1,-1,-1,1,1,-1,-1,1,1,1,-1,-1,1,1,1,-1,1,1,-1,-1,-1,1,1,1,1,-1,-1,1,1,1,1,-1,-1,-1,-1,1,1,1,1,-1,-1,-1,1,1,1,1,-1,1,1,1,1,-1,1,-1,-1,1,-1,1,1,1,-1,-1,-1,1,1,1,1,-1,-1,-1,1,1,1,1,-1,-1,-1,1,1,1,-1,-1,-1,1,1,1,1,-1,-1,-1,1,1,1,1,-1,-1,1,1,-1,1,1,-1,-1,1,1,1,1,1,-1,-1,-1,1,1,1,1,-1,-1,1,1,1,1,1,1,-1,-1,1,1,-1,1,1,-1,1,1,1,1,1,1,-1,1,1,1,1,1,1,-1,1,1,1,1,1,1,-1,-1,-1,1,1,1,1,-1,1,1,1,1,-1,1,-1,1,-1,1,1,1,-1,-1,1,1,1,1,1,-1,1,-1,-1,1,-1,1,-1,1,1,1,1,1,1,1,1,1,-1,1,-1,1,-1,1,1,-1,1,-1,1,1,-1,1,-1,1,-1,1,-1,1,1,-1,1,-1,1,1,1,1,-1,-1,1,1,-1,-1,1,-1,1,-1,1,1,-1,1,-1,1,-1,1,-1,1,1,-1,1,-1,1,1,-1,1,-1,1,1,1,-1,1,1,-1,1,-1,1,-1,1,-1,1,-1,1,1,-1,1,-1,-1,-1,1,1,-1,1,-1,-1,-1,1,1,-1,-1,1,1,-1,-1,1,1,-1,1,1,-1,1,1,1,1,-1,1,-1,1,1,-1,1,-1,1,1,-1,1,1,1,1,1,-1,-1,1,-1,-1,-1,1,1,-1,1,1,1,-1,1,-1,-1,1,1,1,1,1,-1,1,1,1,-1,-1,1,-1,1,1,1,-1,1,1,-1,-1,1,1,1,-1,1,-1,1,1,1,-1,1,1,-1,1,1,1,-1,1,-1,-1,1,1,1,-1,1,-1,-1,-1,1,1,-1,1,-1,-1,1,-1,1,-1,1,1,-1,-1,1,1,1,-1,1,-1,-1,1,1,-1,1,-1,1,-1,-1,-1,-1,1,1,-1,-1,1,1,-1,1,1,-1,-1,1,1,1,1,1,-1,1,1,1,-1,1,-1,-1,-1,-1,1,1,1,1,-1,-1,1,1,1,1,-1,-1,-1,-1,-1,1,-1,-1,-1,1,-1,1,1,-1,1,-1,1,1,-1,1,-1,1,-1,-1,1,-1,1,1,1,1,-1,1,-1,-1,1,1,-1,-1,1,-1,1,1,1,-1,-1,1,-1,-1,1,1,-1,1,1,-1,1,1,-1,-1,1,1,-1,1,-1,-1,-1,1,-1,-1,1,-1,-1,-1,1,-1,-1,1,-1,-1,-1,1,-1,-1,1,-1,-1,-1,1,-1,-1,1,-1,-1,-1,1,1,-1,1,-1,-1,-1,1,1,-1,-1,-1,1,-1,1,-1,-1,1,-1,-1,1,-1,1,-1,-1,1,-1,1,-1,1,-1,-1,1,-1,-1,1,1,1,-1,1,-1,1,-1,-1,1,1,-1,-1,-1,1,-1,-1,-1,1,1,-1,1,-1,1,-1,1,-1,1,1,-1,1,1,1,-1,-1,1,-1,1,-1,1,1,-1,1,-1,-1,1,1,-1,-1,1,-1,-1,-1,1,-1,-1,1,-1,1,1,1,1,-1,1,-1,-1,1,1,-1,-1,1,-1,-1,-1,1,1,-1,-1,1,1,-1,1,-1,-1,1,1,1,1,1,1,-1,-1,1,1,-1,1,-1,-1,-1,1,1,1,-1,-1,-1,1,-1,1,1,1,-1,-1,-1,1,1,1,-1,-1,-1,-1,1,1,1,1,-1,-1,-1,1,1,1,-1,-1,-1,-1,1,1,1,1,-1,-1,1,1,1,1,1,-1,-1,-1,1,1,1,1,-1,-1,-1,1,1,-1,1,-1,-1,-1,1,1,1,1,-1,-1,1,1,1,1,1,-1,1,1,-1,1,1,-1,-1,-1,1,1,1,-1,1,-1,1,1,1,1,1,1,-1,-1,1,-1,1,-1,1,-1,-1,1,-1,1,-1,-1,-1,-1,1,-1,1,1,-1,-1,-1,1,1,1,-1,1,-1,-1,1,-1,1,-1,-1,-1,-1,1,1,-1,-1,-1,-1,-1,1,-1,1,-1,-1,-1,-1,-1,-1,-1,1,-1,-1,-1,1,-1,-1,1,-1,-1,-1,-1,-1,-1,1,-1,-1,-1,-1,-1,1,-1,-1,-1,1,-1,-1,1,-1,1,-1,-1,-1,-1,-1,-1,-1,1,-1,-1,-1,1,1,-1,-1,-1,-1,1,-1,-1,-1,-1,1,-1,-1,1,-1,1,-1,-1,-1,-1,1,-1,1,1,-1,1,-1,-1,1,1,-1,-1,-1,-1,-1,-1,1,1,-1,-1,1,-1,1,1,-1,-1,-1,1,-1,1,1,-1,-1,1,-1,-1,1,1,1,-1,1,-1,1,1,1,-1,-1,1,-1,-1,1,-1,1,-1,1,-1,-1,1,1,-1,1,1,-1,-1,1,1,-1,1,1,-1,-1,1,1,-1,1,1,-1,-1,1,1,1,1,1,1,-1,-1,1,-1,1,1,-1,-1,1,-1,1,1,1,1,-1,-1,1,-1,1,1,1,-1,1,1,1,1,-1,1,-1,1,1,1,1,1,1,1,-1,1,1,1,1,-1,1,-1,1,1,1,1,1,-1,1,1,1,1,-1,1,1,-1,1,1,-1,1,1,-1,-1,1,1,1,1,-1,1,-1,1,1,1,-1,-1,1,-1,1,1,1,-1,1,-1,-1,-1,1,1,-1,-1,1,-1,-1,1,1,-1,-1,1,-1,-1,1,1,1,-1,-1,-1,-1,1,1,-1,-1,-1,1,-1,1,1,-1,1,1,-1,1,1,-1,-1,1,1,-1,-1,1,1,-1,1,1,-1,1,1,-1,-1,1,-1,1,-1,-1,-1,-1,1,-1,-1,1,1,-1,1,1,-1,1,1,1,1,-1,1,-1,1,1,1,-1,-1,1,-1,-1,1,1,-1,-1,1,-1,1,1,1,-1,-1,1,-1,1,1,1,1,-1,1,-1,-1,1,1,-1,-1,-1,1,-1,1,-1,1,-1,1,-1,-1,1,-2674.0,1,2000,445,500,False
209,-1,-1,1,1,1,1,-1,1,-1,-1,-1,1,-1,1,-1,-1,1,-1,1,1,-1,1,-1,-1,-1,1,-1,-1,-1,-1,-1,-1,1,1,-1,1,1,-1,-1,-1,1,-1,1,-1,-1,-1,-1,-1,1,-1,-1,-1,1,-1,1,-1,-1,1,-1,-1,-1,1,1,1,-1,-1,-1,-1,-1,-1,1,-1,-1,-1,-1,-1,-1,1,-1,-1,-1,1,1,-1,-1,-1,-1,-1,-1,1,-1,-1,-1,-1,-1,-1,-1,1,-1,1,-1,-1,-1,-1,1,-1,-1,-1,-1,-1,-1,1,-1,-1,-1,-1,-1,-1,1,-1,-1,-1,-1,-1,-1,1,-1,-1,1,-1,-1,-1,-1,-1,-1,1,-1,-1,-1,-1,-1,-1,1,-1,-1,-1,1,-1,-1,-1,-1,-1,-1,-1,1,-1,-1,1,-1,-1,-1,-1,-1,1,-1,-1,1,-1,1,-1,-1,-1,-1,-1,-1,-1,-1,1,-1,-1,-1,1,1,-1,-1,-1,-1,-1,-1,-1,-1,1,-1,-1,-1,-1,1,-1,1,-1,-1,1,-1,1,-1,1,-1,-1,-1,-1,1,-1,1,-1,1,-1,-1,1,1,1,-1,1,-1,-1,1,1,-1,1,-1,-1,1,1,-1,1,-1,1,-1,-1,1,1,1,-1,1,1,-1,1,1,1,-1,-1,1,-1,1,1,-1,1,1,-1,-1,1,1,1,-1,1,-1,-1,1,-1,-1,-1,1,-1,1,1,1,-1,-1,1,-1,1,1,-1,1,-1,1,-1,-1,1,1,1,-1,1,1,-1,1,1,-1,-1,-1,1,1,1,-1,-1,-1,1,1,-1,1,1,1,-1,-1,1,1,1,-1,-1,-1,1,1,1,1,1,-1,-1,1,-1,1,1,-1,1,-1,1,-1,1,1,-1,-1,-1,1,1,-1,1,-1,-1,1,-1,-1,1,1,-1,-1,1,-1,1,-1,1,-1,1,1,1,-1,1,1,-1,-1,1,1,-1,1,-1,-1,-1,1,1,-1,1,-1,-1,-1,-1,1,1,1,-1,-1,1,1,1,-1,1,1,-1,1,-1,1,-1,-1,1,-1,-1,1,1,-1,1,-1,1,-1,1,1,-1,1,1,-1,-1,1,-1,-1,1,1,-1,1,-1,1,-1,1,1,-1,1,-1,-1,1,1,-1,-1,1,-1,1,-1,-1,1,-1,1,1,-1,-1,1,-1,-1,-1,1,-1,1,-1,-1,-1,-1,1,-1,-1,1,1,-1,1,1,-1,1,-1,1,-1,-1,1,-1,-1,-1,1,1,-1,1,-1,-1,1,1,-1,-1,1,-1,1,-1,1,-1,-1,1,-1,-1,1,1,-1,-1,-1,1,-1,-1,-1,1,-1,1,-1,-1,1,-1,-1,-1,-1,1,-1,1,-1,1,-1,-1,-1,-1,-1,-1,-1,-1,-1,1,-1,1,-1,-1,-1,1,-1,1,-1,-1,-1,-1,-1,-1,1,-1,-1,-1,1,-1,-1,-1,-1,1,-1,1,-1,-1,1,-1,-1,1,1,-1,-1,-1,-1,-1,1,1,-1,1,-1,1,-1,-1,1,1,1,-1,1,-1,1,-1,1,1,1,-1,1,1,-1,1,-1,-1,1,-1,1,-1,-1,1,-1,1,1,-1,-1,-1,1,1,1,1,1,-1,-1,1,-1,1,-1,1,-1,-1,-1,1,1,1,1,-1,-1,-1,-1,1,1,1,-1,-1,1,1,1,-1,1,-1,-1,-1,1,1,1,1,-1,-1,-1,-1,1,-1,1,1,-1,1,-1,1,1,1,-1,1,1,1,1,1,1,1,-1,1,-1,1,1,1,-1,1,1,1,-1,1,1,-1,-1,1,1,1,1,1,-1,1,1,1,-1,1,1,-1,1,1,1,1,1,1,1,1,1,1,-1,1,1,-1,1,1,1,1,1,1,1,1,1,1,-1,1,1,-1,1,1,1,1,1,1,1,-1,1,-1,1,1,1,1,1,1,1,1,1,1,-1,1,1,1,-1,1,-1,-1,1,1,1,-1,1,1,-1,1,1,-1,1,1,-1,-1,1,1,1,1,1,1,-1,1,-1,1,-1,1,-1,1,1,-1,1,-1,1,1,-1,1,1,-1,1,1,1,-1,1,-1,1,-1,1,1,-1,1,1,1,1,1,-1,1,1,-1,1,1,1,1,-1,1,1,-1,1,1,1,-1,1,1,-1,1,1,1,-1,1,1,-1,1,1,1,1,1,-1,-1,1,1,1,1,1,-1,1,-1,1,1,1,1,-1,-1,1,1,1,1,1,1,-1,1,-1,1,1,1,-1,1,1,1,1,1,1,1,-1,1,1,-1,1,1,-1,1,1,1,1,-1,1,-1,1,-1,1,1,1,1,1,-1,1,1,1,1,1,-1,-1,1,-1,1,1,1,-1,1,1,1,1,1,-1,-1,1,1,1,1,1,1,-1,1,1,-1,1,1,-1,1,1,1,1,1,1,-1,-1,1,1,1,1,-1,1,-1,1,1,1,1,-1,-1,-1,1,1,1,1,-1,1,-1,1,1,1,1,1,-1,-1,1,1,-1,1,1,-1,-1,1,1,-1,1,-1,-1,-1,1,-1,1,1,1,-1,1,1,1,-1,1,1,-1,-1,1,1,-1,1,1,-1,1,1,1,-1,1,1,-1,1,-1,1,1,1,1,-1,1,-1,1,1,1,-1,-1,1,1,1,1,1,1,1,-1,1,1,1,-1,1,1,1,1,1,-1,1,-1,1,1,1,1,-1,1,1,-1,1,-1,1,-1,1,1,1,-1,1,1,1,1,1,-1,1,1,-1,-1,1,-1,1,1,1,-1,-1,1,1,1,-1,-1,1,1,1,1,1,-1,-1,1,1,1,1,-1,1,1,1,1,1,1,-1,1,1,1,-1,1,1,-1,-1,1,1,1,-1,1,1,-1,-1,-1,-1,1,1,-1,1,1,1,1,-1,1,-1,-1,-1,1,1,1,1,-1,-1,1,1,1,1,1,1,-1,1,1,1,1,1,1,-1,1,1,1,1,1,-1,-1,1,-1,1,-1,1,1,-1,-1,1,1,-1,1,-1,1,1,1,1,-1,1,1,-1,-1,1,-2674.0,1,2000,445,1500,True
210,1,1,-1,-1,1,1,-1,-1,1,1,1,-1,1,1,1,1,-1,1,-1,-1,-1,-1,1,1,1,-1,-1,-1,1,1,1,1,-1,-1,-1,-1,1,-1,1,1,-1,-1,-1,1,1,1,1,-1,1,1,1,1,-1,1,-1,-1,1,-1,1,1,1,-1,-1,-1,1,1,1,1,-1,-1,-1,1,1,1,1,-1,-1,-1,1,1,1,-1,-1,-1,1,1,1,1,-1,-1,-1,1,1,1,1,-1,-1,1,1,-1,1,1,-1,-1,1,1,1,1,1,-1,-1,1,1,1,1,1,-1,-1,1,1,1,1,1,1,-1,1,1,1,-1,1,1,-1,1,1,1,1,1,1,-1,-1,1,1,1,1,1,-1,1,1,1,1,1,1,-1,-1,-1,1,1,1,1,-1,1,1,1,1,-1,1,-1,1,-1,1,1,1,-1,-1,1,1,1,1,1,-1,1,-1,-1,1,-1,1,-1,1,1,1,1,1,1,1,1,1,-1,1,-1,1,-1,1,1,-1,1,-1,1,1,-1,1,-1,1,-1,1,-1,1,1,-1,1,-1,1,1,1,1,-1,-1,1,1,-1,-1,1,-1,1,-1,1,1,-1,1,-1,1,-1,1,-1,-1,1,-1,-1,-1,1,1,-1,1,-1,1,1,1,-1,1,1,-1,1,-1,1,-1,1,-1,1,-1,1,1,-1,1,-1,-1,-1,1,1,-1,1,-1,-1,-1,1,1,-1,-1,1,1,-1,-1,1,1,-1,1,1,-1,1,1,1,1,-1,1,-1,1,1,-1,1,-1,1,1,-1,1,1,1,1,1,-1,-1,1,-1,-1,1,1,1,-1,1,1,1,-1,1,-1,-1,1,1,1,1,1,-1,1,1,1,-1,1,1,-1,1,1,1,-1,1,1,-1,-1,1,1,1,-1,1,-1,1,1,1,-1,1,1,-1,1,1,1,-1,1,-1,-1,1,1,1,-1,1,-1,-1,-1,1,1,-1,1,-1,-1,1,-1,1,-1,1,1,-1,-1,1,1,1,-1,1,-1,-1,1,1,-1,1,-1,1,-1,-1,-1,-1,1,1,-1,-1,1,1,-1,1,1,-1,-1,1,1,1,1,1,-1,1,1,1,-1,1,-1,-1,-1,-1,1,1,1,1,-1,-1,1,1,1,1,-1,-1,-1,-1,-1,1,-1,-1,-1,1,-1,1,1,1,1,-1,1,1,-1,1,-1,1,-1,-1,1,-1,1,1,1,-1,1,1,-1,-1,1,1,-1,-1,1,-1,1,1,1,1,-1,1,-1,-1,1,1,-1,1,1,-1,1,1,1,-1,1,1,-1,1,-1,-1,-1,1,-1,-1,1,-1,-1,-1,1,-1,-1,1,-1,1,-1,1,-1,-1,1,-1,-1,-1,1,-1,-1,1,-1,-1,-1,1,1,-1,1,1,-1,-1,1,1,-1,-1,1,1,-1,1,-1,-1,1,-1,-1,1,-1,1,-1,-1,1,-1,1,-1,1,-1,-1,1,-1,-1,1,1,1,-1,1,-1,1,-1,-1,-1,1,-1,-1,-1,1,-1,-1,-1,1,1,-1,1,-1,1,-1,1,-1,1,1,-1,1,1,1,-1,-1,1,-1,1,-1,1,1,-1,1,-1,-1,1,1,-1,-1,1,-1,-1,-1,1,-1,-1,1,-1,1,1,1,1,-1,1,-1,-1,1,1,-1,-1,1,-1,-1,-1,1,1,-1,-1,1,1,-1,-1,-1,-1,1,1,1,1,1,1,-1,-1,1,1,1,-1,-1,-1,1,1,1,1,-1,-1,-1,1,-1,1,-1,1,1,-1,-1,1,1,1,-1,-1,-1,-1,1,1,1,1,-1,-1,-1,1,1,1,-1,-1,-1,-1,1,1,1,1,-1,-1,1,1,1,1,1,-1,-1,-1,1,1,1,1,-1,-1,-1,1,1,-1,1,-1,-1,-1,1,1,1,1,-1,-1,1,1,1,1,1,-1,1,1,-1,1,1,-1,-1,-1,1,1,1,1,1,-1,1,1,1,1,1,1,-1,-1,1,-1,1,-1,1,-1,-1,1,-1,1,-1,-1,-1,-1,1,-1,1,1,-1,1,-1,1,1,1,-1,1,1,-1,1,-1,1,-1,-1,-1,-1,1,1,-1,-1,-1,-1,-1,1,-1,1,-1,-1,-1,-1,-1,-1,-1,1,-1,-1,-1,1,-1,-1,1,-1,-1,-1,-1,-1,1,1,-1,-1,-1,-1,-1,1,-1,-1,-1,1,-1,-1,1,-1,1,-1,-1,-1,-1,-1,-1,-1,1,-1,-1,-1,1,1,-1,-1,-1,-1,1,-1,-1,-1,-1,1,-1,-1,1,1,1,-1,-1,-1,-1,1,-1,1,1,-1,1,-1,-1,1,1,-1,-1,-1,-1,-1,-1,1,1,-1,-1,1,-1,1,1,-1,-1,-1,1,-1,-1,1,-1,-1,1,-1,-1,1,1,1,-1,1,-1,1,1,1,-1,-1,1,-1,-1,1,1,1,-1,1,-1,-1,1,1,-1,1,1,-1,-1,1,1,-1,1,1,-1,-1,1,1,-1,1,1,-1,-1,1,1,1,1,-1,1,-1,-1,1,1,-1,1,-1,-1,1,-1,1,1,1,1,-1,-1,1,-1,1,1,1,-1,1,1,1,1,-1,1,-1,1,1,1,1,1,1,1,-1,1,1,1,1,-1,1,-1,1,1,1,1,1,-1,1,1,1,1,-1,1,1,-1,1,1,-1,1,1,-1,-1,1,1,1,1,-1,1,-1,1,1,1,-1,-1,1,-1,1,1,1,-1,1,-1,-1,-1,1,1,-1,-1,1,-1,-1,1,1,-1,-1,1,-1,-1,1,1,1,-1,1,-1,-1,1,1,-1,-1,-1,1,-1,1,1,-1,1,1,-1,1,1,-1,-1,1,-1,-1,-1,1,1,-1,1,1,-1,1,1,-1,-1,-1,-1,1,-1,-1,-1,-1,-1,-1,-1,1,1,-1,1,1,-1,1,1,1,1,-1,1,-1,1,1,1,1,-1,1,-1,-1,-1,1,1,-1,1,-1,1,1,1,1,-1,1,-1,1,1,1,-1,-1,1,-1,-1,1,1,-1,-1,-1,1,-1,1,1,1,-1,1,-1,-1,1,-2674.0,1,2000,445,500,False
211,1,1,-1,-1,1,1,-1,-1,1,1,1,-1,1,1,1,1,-1,1,-1,-1,-1,-1,1,1,1,-1,-1,-1,1,1,1,1,-1,-1,-1,-1,1,1,1,1,-1,-1,-1,1,1,1,1,-1,1,1,1,1,-1,1,-1,-1,1,-1,1,1,1,-1,-1,-1,1,1,1,1,-1,-1,-1,1,1,1,1,-1,-1,-1,1,1,1,-1,-1,-1,1,1,1,1,-1,-1,-1,1,1,1,1,-1,-1,1,1,-1,1,1,-1,-1,1,1,1,1,1,-1,-1,1,1,1,1,1,-1,-1,1,1,1,1,1,1,-1,-1,1,1,-1,1,1,-1,1,1,1,1,1,1,-1,-1,1,1,1,1,1,-1,1,1,1,1,1,1,-1,-1,-1,1,1,1,1,-1,1,1,1,1,-1,1,-1,1,-1,1,1,1,-1,-1,1,1,1,1,1,-1,1,-1,-1,1,-1,1,-1,1,1,1,1,1,1,1,1,1,-1,1,-1,1,-1,1,1,-1,1,-1,1,1,-1,1,-1,1,-1,1,-1,1,1,-1,1,-1,1,1,1,1,-1,-1,1,1,-1,-1,1,-1,1,-1,-1,1,-1,1,-1,1,-1,1,-1,1,1,-1,-1,-1,1,1,-1,1,-1,1,1,1,-1,1,1,-1,1,-1,1,-1,1,-1,1,-1,1,1,-1,1,-1,-1,-1,1,1,-1,1,-1,-1,-1,1,1,-1,-1,1,1,-1,-1,1,1,-1,1,1,-1,1,1,1,1,-1,1,-1,1,1,-1,1,-1,1,1,-1,1,1,1,1,1,-1,-1,1,-1,-1,1,1,1,-1,1,1,1,-1,1,-1,-1,1,1,1,-1,1,-1,1,1,1,-1,1,1,-1,1,1,1,-1,1,1,-1,-1,1,1,1,-1,1,-1,1,1,1,-1,1,1,-1,1,1,1,-1,1,-1,-1,1,1,1,-1,1,-1,-1,-1,1,1,-1,1,-1,-1,1,-1,1,-1,1,1,-1,-1,1,1,1,1,1,-1,-1,1,1,-1,1,-1,1,-1,-1,-1,-1,1,1,-1,-1,1,1,-1,1,1,-1,-1,1,1,1,1,1,-1,1,1,1,-1,1,-1,-1,-1,-1,1,1,1,1,-1,-1,1,1,1,1,-1,-1,-1,-1,-1,1,-1,-1,-1,1,-1,1,1,1,1,-1,1,1,-1,1,-1,1,-1,-1,1,-1,1,1,1,1,-1,1,-1,-1,1,1,-1,-1,1,-1,1,1,1,-1,-1,1,-1,-1,1,1,-1,1,1,-1,1,1,-1,-1,1,1,-1,1,-1,-1,-1,1,-1,-1,1,-1,-1,1,1,-1,-1,1,-1,-1,-1,1,-1,-1,1,-1,-1,-1,1,-1,-1,1,-1,-1,-1,1,1,-1,1,1,-1,-1,1,1,-1,-1,1,1,-1,1,-1,-1,1,-1,-1,1,-1,1,-1,-1,1,-1,1,-1,1,-1,-1,1,-1,-1,1,1,1,-1,1,-1,1,-1,-1,1,1,-1,-1,-1,1,-1,-1,-1,1,1,-1,1,-1,1,-1,1,-1,1,1,-1,1,1,1,-1,-1,1,-1,1,-1,1,1,-1,1,-1,-1,1,1,-1,-1,1,-1,-1,-1,1,-1,-1,1,-1,1,1,1,1,-1,1,-1,-1,1,1,-1,-1,1,-1,-1,-1,1,1,-1,-1,1,1,-1,1,-1,-1,1,1,1,1,1,1,-1,-1,1,1,-1,1,-1,-1,1,1,1,1,-1,-1,-1,1,-1,1,1,1,1,-1,-1,1,1,1,-1,-1,-1,-1,1,1,1,1,-1,-1,-1,1,1,1,-1,-1,-1,-1,1,1,1,1,-1,-1,1,1,1,1,1,-1,-1,-1,1,1,1,-1,-1,-1,-1,1,1,-1,1,-1,-1,-1,1,1,1,1,-1,-1,1,1,1,1,1,-1,1,1,-1,1,1,-1,-1,-1,1,1,1,-1,1,-1,1,1,1,1,1,1,-1,-1,1,-1,1,-1,1,-1,-1,1,-1,1,-1,-1,-1,-1,1,-1,1,1,-1,-1,-1,1,1,1,-1,1,-1,-1,1,-1,1,-1,-1,-1,-1,1,1,-1,-1,-1,-1,-1,1,-1,1,-1,-1,-1,-1,-1,-1,-1,1,-1,-1,-1,1,-1,-1,1,-1,-1,-1,-1,-1,1,1,-1,-1,-1,-1,-1,1,-1,-1,-1,1,-1,-1,1,-1,1,-1,-1,-1,-1,-1,-1,-1,1,-1,-1,-1,1,1,-1,-1,-1,1,-1,-1,-1,-1,-1,1,-1,-1,1,-1,1,-1,-1,-1,-1,1,-1,1,1,-1,1,-1,-1,1,1,-1,-1,-1,-1,-1,-1,1,1,-1,-1,1,-1,1,1,-1,-1,-1,1,-1,-1,1,-1,-1,1,-1,-1,1,1,1,-1,1,-1,1,1,1,-1,-1,1,-1,-1,1,1,1,-1,1,-1,-1,1,1,-1,1,1,-1,-1,1,1,-1,1,1,-1,-1,1,1,-1,1,1,-1,-1,1,1,1,1,1,1,-1,-1,1,1,-1,1,-1,-1,1,-1,1,1,1,1,-1,-1,1,-1,1,1,1,-1,1,1,1,1,-1,1,-1,1,1,1,1,1,1,1,-1,1,1,1,1,-1,1,-1,1,1,1,1,1,-1,1,1,1,1,-1,1,1,-1,1,1,-1,1,1,-1,-1,1,1,1,1,-1,1,-1,1,1,1,-1,-1,1,-1,1,1,1,-1,1,-1,-1,-1,1,1,-1,-1,1,-1,-1,1,1,1,-1,1,-1,-1,1,1,1,-1,1,-1,-1,1,1,-1,-1,-1,1,-1,1,1,-1,1,1,-1,1,1,-1,-1,1,-1,-1,-1,1,1,-1,1,1,-1,1,1,-1,-1,-1,-1,1,-1,-1,-1,-1,1,-1,-1,1,1,-1,1,1,-1,1,1,1,1,-1,1,-1,1,1,1,1,-1,1,-1,-1,-1,1,1,-1,1,-1,1,1,1,1,-1,1,-1,1,1,1,-1,-1,1,-1,-1,1,1,-1,-1,-1,1,-1,1,-1,1,-1,1,-1,-1,1,-2674.0,1,2000,445,500,False
212,1,1,-1,-1,1,1,-1,-1,1,1,1,-1,1,1,1,1,-1,1,-1,-1,-1,-1,1,1,1,-1,1,-1,1,1,1,1,-1,-1,-1,-1,1,-1,1,1,-1,-1,-1,1,1,1,1,-1,1,1,1,1,-1,1,-1,-1,1,-1,1,1,1,-1,-1,-1,1,1,1,1,-1,-1,-1,1,1,1,1,-1,-1,-1,1,1,1,-1,-1,-1,1,1,1,1,-1,-1,-1,1,1,1,1,-1,-1,1,1,-1,1,1,-1,-1,1,1,1,1,1,-1,-1,1,1,-1,1,1,-1,-1,1,1,1,1,1,1,-1,-1,1,1,-1,1,1,-1,1,1,1,1,1,1,-1,-1,1,1,1,1,1,-1,1,1,1,1,1,1,-1,-1,-1,1,1,1,1,-1,1,1,1,1,-1,1,-1,1,-1,1,1,1,-1,-1,1,1,1,1,1,-1,1,-1,-1,1,-1,1,-1,1,1,1,1,1,1,1,1,1,1,1,-1,1,-1,1,1,-1,1,-1,1,1,-1,1,-1,1,-1,1,-1,1,1,-1,1,-1,1,1,1,1,-1,-1,1,1,-1,-1,1,-1,1,-1,-1,1,-1,1,-1,1,-1,1,-1,-1,1,-1,1,-1,1,1,-1,1,-1,1,1,1,-1,1,1,-1,1,-1,1,-1,1,-1,1,-1,1,1,-1,1,-1,-1,-1,1,1,-1,1,-1,-1,-1,1,1,-1,-1,1,1,-1,-1,1,1,-1,1,1,-1,1,1,1,1,-1,1,-1,1,1,-1,1,-1,1,1,-1,1,1,1,1,1,-1,-1,1,-1,-1,1,1,1,-1,1,1,1,-1,1,-1,-1,1,1,1,-1,1,-1,1,1,1,-1,1,1,-1,1,1,1,-1,1,1,-1,-1,1,1,1,-1,1,-1,1,1,1,-1,1,1,-1,1,1,1,-1,1,-1,-1,1,1,1,-1,1,-1,-1,-1,1,1,-1,1,-1,-1,1,-1,1,-1,1,1,-1,-1,1,1,1,-1,1,-1,-1,1,1,-1,1,-1,1,-1,-1,-1,-1,1,1,-1,-1,1,1,-1,1,1,-1,-1,1,1,1,1,1,-1,1,1,1,-1,1,-1,-1,-1,-1,1,1,1,1,-1,-1,1,1,1,1,-1,-1,-1,-1,-1,1,-1,-1,-1,1,-1,1,1,-1,1,-1,1,1,-1,1,-1,1,-1,-1,1,-1,1,1,1,1,-1,1,-1,-1,1,1,-1,-1,1,-1,1,1,1,-1,-1,1,-1,-1,1,1,-1,1,1,-1,1,1,-1,-1,1,1,-1,1,-1,-1,-1,1,-1,-1,1,-1,-1,-1,1,-1,-1,1,-1,-1,-1,1,-1,-1,1,1,-1,-1,1,-1,-1,1,-1,-1,-1,1,1,-1,1,-1,-1,-1,1,1,-1,-1,-1,1,-1,1,-1,-1,1,-1,-1,1,-1,1,-1,-1,1,-1,1,-1,1,-1,-1,1,-1,-1,1,1,1,-1,1,-1,1,-1,-1,1,1,-1,-1,-1,1,-1,-1,-1,1,1,-1,1,-1,1,-1,1,-1,1,1,-1,1,1,1,-1,-1,1,-1,1,-1,1,1,-1,1,-1,-1,1,1,-1,-1,1,-1,-1,-1,1,-1,-1,1,-1,1,1,1,1,-1,1,-1,-1,1,1,-1,-1,1,-1,-1,-1,1,1,-1,-1,1,1,-1,-1,-1,-1,1,1,1,1,1,1,-1,-1,1,1,-1,1,-1,-1,-1,1,1,1,-1,1,-1,1,-1,1,1,1,1,-1,-1,1,1,1,-1,-1,-1,-1,1,1,1,1,-1,-1,-1,1,1,1,-1,-1,-1,-1,1,1,1,1,-1,-1,1,1,1,1,1,-1,-1,-1,1,1,1,1,-1,-1,-1,1,1,-1,1,-1,-1,-1,1,1,1,1,-1,-1,1,1,1,1,1,-1,1,1,-1,1,1,-1,-1,-1,1,1,1,-1,1,-1,1,1,1,1,1,1,-1,-1,1,-1,1,-1,1,-1,-1,1,-1,1,1,-1,-1,-1,1,-1,1,1,-1,1,-1,1,1,1,-1,1,1,-1,1,-1,1,-1,-1,-1,-1,1,1,-1,-1,-1,-1,-1,1,-1,1,-1,-1,-1,-1,-1,-1,-1,1,-1,-1,-1,1,-1,-1,1,-1,-1,-1,-1,-1,-1,1,-1,-1,-1,-1,-1,1,-1,-1,-1,1,-1,-1,1,-1,1,-1,-1,-1,-1,-1,-1,-1,1,-1,-1,-1,1,1,1,-1,-1,1,1,-1,-1,-1,-1,1,-1,-1,1,-1,1,-1,-1,-1,-1,1,-1,1,1,-1,1,-1,-1,1,1,-1,-1,-1,-1,-1,-1,1,1,-1,-1,1,-1,1,1,-1,-1,-1,1,-1,1,1,-1,-1,1,-1,-1,1,1,1,-1,1,-1,1,1,1,-1,-1,1,-1,-1,1,-1,1,-1,1,-1,-1,1,1,-1,1,1,-1,-1,1,1,-1,1,1,-1,-1,1,1,-1,1,1,-1,-1,1,1,1,1,-1,1,-1,-1,1,1,1,1,-1,-1,1,-1,1,1,1,1,-1,-1,1,-1,1,1,1,-1,1,1,1,1,-1,1,-1,1,1,1,1,1,1,1,-1,1,1,1,1,-1,1,-1,1,1,1,1,1,-1,1,1,1,1,-1,1,1,-1,1,1,-1,1,1,-1,-1,1,1,1,1,-1,1,-1,1,1,1,-1,-1,1,-1,1,1,1,-1,1,-1,-1,-1,1,1,-1,-1,1,-1,-1,1,1,1,-1,1,-1,-1,-1,1,1,-1,1,-1,-1,1,1,-1,-1,-1,1,-1,-1,1,-1,1,1,-1,1,1,-1,-1,1,1,-1,-1,1,1,-1,1,1,-1,1,1,-1,-1,-1,-1,1,-1,-1,-1,-1,1,-1,-1,1,1,-1,1,1,-1,1,1,1,1,-1,1,-1,1,1,1,1,-1,1,-1,-1,1,1,1,-1,1,-1,1,1,1,1,-1,1,-1,1,1,1,-1,-1,1,-1,-1,1,1,-1,-1,-1,1,-1,1,-1,1,-1,1,-1,-1,1,-2674.0,1,2000,445,500,False
213,1,1,-1,-1,1,1,-1,-1,1,1,1,-1,1,1,1,1,-1,1,-1,-1,-1,-1,1,1,1,-1,1,-1,1,1,1,1,-1,-1,-1,-1,1,-1,1,1,-1,-1,-1,1,1,1,1,-1,1,1,1,1,-1,1,-1,-1,1,-1,1,1,1,-1,-1,-1,1,1,1,1,-1,-1,-1,1,1,1,1,-1,-1,-1,1,1,1,-1,-1,-1,1,1,1,1,-1,-1,-1,1,1,1,1,-1,-1,1,1,-1,1,1,-1,-1,1,1,1,1,1,-1,-1,-1,1,-1,1,1,-1,-1,1,1,1,1,1,1,-1,-1,1,1,-1,1,1,-1,1,1,1,1,1,1,-1,1,1,1,1,1,1,-1,1,1,1,1,1,1,-1,-1,-1,1,1,1,1,-1,1,1,1,1,-1,1,-1,1,-1,1,1,1,-1,-1,1,1,1,1,1,-1,1,-1,-1,1,-1,1,-1,1,1,1,1,1,1,1,1,1,-1,1,-1,1,-1,1,1,-1,1,-1,1,1,-1,1,-1,1,-1,1,-1,1,1,-1,1,-1,1,1,1,1,-1,-1,1,1,-1,-1,1,-1,1,-1,1,1,-1,1,-1,1,-1,1,-1,1,1,-1,1,-1,1,1,-1,1,-1,1,1,1,-1,1,1,-1,1,-1,1,-1,1,-1,1,-1,1,1,-1,1,-1,-1,-1,1,1,-1,1,-1,-1,-1,1,1,-1,-1,1,1,-1,-1,1,1,-1,1,1,-1,1,1,1,1,-1,1,-1,1,1,-1,1,-1,1,1,-1,1,1,1,1,1,-1,-1,1,-1,-1,-1,1,1,-1,1,1,1,-1,1,-1,-1,1,1,1,1,1,-1,1,1,1,-1,1,1,-1,1,1,1,-1,1,1,-1,-1,1,1,1,-1,1,-1,1,1,1,-1,1,1,-1,1,1,1,-1,1,-1,-1,1,1,1,-1,1,-1,-1,-1,1,1,-1,1,-1,-1,1,-1,1,-1,1,1,-1,-1,1,1,1,-1,1,-1,-1,1,1,-1,1,-1,1,-1,-1,-1,-1,1,1,-1,-1,1,1,-1,1,1,-1,-1,1,1,1,1,1,-1,1,1,1,-1,1,-1,-1,-1,-1,1,1,1,1,-1,-1,1,1,1,1,-1,-1,-1,-1,-1,1,-1,-1,-1,1,-1,1,1,-1,1,-1,1,1,-1,1,-1,1,-1,-1,1,-1,1,1,1,1,-1,1,-1,-1,1,1,-1,-1,1,-1,1,1,1,-1,-1,1,-1,-1,1,1,-1,1,1,-1,1,1,-1,-1,1,1,-1,1,-1,-1,-1,1,-1,-1,1,-1,-1,-1,1,-1,-1,1,-1,-1,-1,1,-1,-1,1,-1,-1,-1,1,-1,-1,1,-1,-1,-1,1,1,-1,1,1,-1,-1,1,1,-1,-1,-1,1,-1,1,-1,-1,1,-1,-1,1,1,1,-1,-1,1,-1,1,-1,1,1,-1,1,-1,-1,1,1,1,-1,1,-1,1,-1,-1,-1,1,-1,-1,-1,1,-1,-1,-1,1,1,-1,1,-1,1,-1,1,-1,1,1,-1,1,1,1,-1,-1,1,-1,1,-1,1,1,-1,1,-1,-1,1,1,-1,-1,1,-1,-1,-1,1,-1,-1,1,-1,1,1,1,1,-1,1,-1,-1,1,1,-1,-1,1,-1,-1,-1,1,1,-1,-1,1,1,-1,1,-1,-1,1,1,1,1,1,1,-1,-1,1,1,-1,1,-1,-1,-1,1,1,1,-1,1,-1,1,-1,1,1,1,1,-1,-1,1,1,1,-1,-1,-1,-1,1,1,1,1,-1,-1,-1,1,1,1,-1,-1,-1,-1,1,1,1,1,-1,-1,1,1,1,1,1,-1,-1,-1,1,1,1,1,-1,-1,-1,1,1,-1,1,-1,-1,-1,1,1,1,1,-1,-1,1,1,1,1,1,-1,1,1,-1,1,1,-1,-1,-1,1,1,1,-1,1,-1,1,1,1,1,1,1,-1,-1,1,-1,1,-1,1,-1,-1,1,-1,1,-1,-1,-1,-1,1,-1,1,1,-1,1,-1,1,1,1,-1,1,1,-1,1,-1,1,-1,-1,-1,-1,1,1,-1,-1,-1,-1,-1,1,-1,1,-1,-1,-1,-1,-1,-1,-1,1,-1,-1,-1,1,-1,-1,1,-1,-1,-1,-1,-1,1,1,-1,-1,-1,-1,-1,1,-1,-1,-1,1,-1,-1,1,-1,1,-1,-1,-1,-1,-1,-1,-1,1,-1,-1,-1,1,1,1,-1,-1,-1,1,-1,-1,-1,-1,1,-1,-1,1,1,1,-1,-1,-1,-1,1,-1,1,1,-1,1,-1,-1,1,1,-1,-1,-1,-1,-1,-1,1,1,-1,-1,1,-1,1,1,-1,-1,-1,1,-1,1,1,-1,-1,1,-1,-1,1,1,1,-1,1,-1,1,1,1,-1,-1,1,-1,-1,1,1,1,-1,1,-1,-1,1,1,-1,1,1,-1,-1,1,1,-1,1,1,-1,-1,1,1,-1,1,1,-1,-1,1,1,1,1,1,1,-1,-1,1,1,1,1,-1,-1,1,-1,1,1,1,1,-1,-1,1,-1,1,1,1,-1,1,1,1,1,-1,1,-1,1,1,1,1,1,1,1,-1,1,1,1,1,-1,1,-1,1,1,1,1,1,-1,1,1,1,1,-1,1,1,-1,1,1,-1,1,1,-1,-1,1,1,1,1,-1,1,-1,1,1,1,-1,-1,1,-1,1,1,1,-1,1,-1,-1,-1,1,1,-1,-1,1,-1,-1,1,1,-1,-1,1,-1,-1,-1,1,1,-1,1,-1,-1,1,1,-1,-1,-1,1,-1,-1,1,-1,1,1,-1,1,1,-1,-1,1,1,-1,-1,1,1,-1,1,1,-1,1,1,-1,-1,-1,-1,1,-1,-1,-1,-1,-1,1,-1,1,1,-1,1,1,-1,1,1,1,1,-1,1,-1,1,1,1,-1,-1,1,-1,-1,1,1,-1,-1,1,-1,1,1,1,-1,-1,1,-1,1,1,1,1,-1,1,-1,-1,1,1,-1,-1,-1,1,-1,1,1,1,-1,1,-1,-1,1,-2674.0,1,2000,445,0,False
214,1,1,-1,-1,1,-1,-1,-1,1,1,1,-1,1,1,1,1,-1,1,-1,-1,1,-1,1,1,1,-1,-1,-1,1,1,1,1,-1,-1,-1,-1,1,-1,1,1,-1,-1,-1,1,1,1,1,-1,1,1,1,1,-1,1,-1,-1,1,-1,1,1,1,-1,-1,-1,1,1,1,1,-1,-1,-1,1,1,1,1,-1,-1,-1,1,1,1,-1,-1,-1,1,1,1,1,-1,-1,-1,1,1,1,1,-1,-1,1,1,-1,1,1,-1,-1,1,1,1,1,1,-1,-1,1,1,-1,1,1,-1,-1,1,1,1,1,1,1,-1,1,1,1,-1,1,1,-1,1,1,1,1,1,1,-1,-1,1,1,1,1,1,-1,1,1,1,1,1,1,-1,-1,-1,1,1,1,1,-1,1,1,1,1,-1,1,-1,1,-1,1,1,1,-1,-1,1,1,1,1,1,-1,1,-1,-1,1,-1,1,-1,1,1,1,1,1,1,1,1,1,-1,1,-1,1,-1,1,1,-1,1,-1,1,1,-1,1,-1,1,-1,1,-1,1,1,-1,1,-1,1,1,1,1,-1,-1,1,1,-1,-1,1,-1,1,-1,1,1,-1,1,-1,1,-1,1,-1,1,1,-1,-1,-1,1,1,-1,1,-1,1,1,1,-1,1,1,-1,1,-1,1,-1,1,-1,1,-1,1,1,-1,1,-1,-1,-1,1,1,-1,1,-1,-1,-1,1,1,-1,-1,1,1,-1,-1,1,1,-1,1,1,-1,1,1,1,1,-1,1,-1,1,1,-1,1,-1,1,1,-1,1,1,1,1,1,-1,-1,1,-1,-1,1,1,1,-1,1,1,1,-1,1,-1,-1,1,1,1,1,1,-1,1,1,1,-1,1,1,-1,1,1,1,-1,1,1,-1,-1,1,1,1,-1,1,-1,1,1,1,-1,1,1,-1,1,1,1,-1,1,-1,-1,1,1,1,-1,1,-1,-1,-1,1,1,-1,1,-1,-1,1,-1,1,-1,1,1,-1,-1,1,1,1,-1,1,-1,-1,1,1,-1,1,-1,1,-1,-1,-1,-1,1,1,-1,-1,1,1,-1,1,1,-1,-1,1,1,1,1,1,-1,1,1,1,-1,1,-1,-1,-1,-1,1,1,1,1,-1,-1,1,1,1,-1,-1,-1,-1,-1,-1,1,-1,-1,-1,1,-1,1,1,-1,1,-1,1,1,-1,1,-1,1,-1,-1,1,-1,1,1,1,1,-1,1,-1,-1,1,1,-1,-1,1,-1,1,1,1,-1,-1,1,-1,-1,1,1,-1,1,1,-1,1,1,-1,-1,1,1,-1,1,-1,-1,-1,1,1,-1,1,-1,-1,1,1,-1,-1,1,-1,-1,-1,1,-1,-1,1,-1,-1,-1,1,-1,-1,1,-1,-1,-1,1,1,-1,1,-1,-1,-1,1,1,-1,-1,-1,1,-1,1,-1,-1,1,-1,-1,1,-1,1,-1,-1,1,-1,1,-1,1,1,-1,1,-1,-1,1,1,1,-1,1,-1,1,-1,1,-1,1,-1,-1,-1,1,-1,-1,-1,1,1,-1,1,-1,1,-1,1,-1,1,1,-1,1,1,1,-1,-1,1,-1,1,-1,1,1,-1,1,-1,-1,1,1,-1,-1,1,-1,-1,-1,1,-1,-1,1,-1,1,1,1,1,-1,1,-1,-1,1,1,-1,-1,1,-1,-1,-1,1,1,-1,-1,1,1,-1,1,-1,-1,1,1,1,1,1,1,-1,-1,1,1,-1,1,-1,-1,1,1,1,1,-1,1,-1,1,-1,1,1,1,1,-1,-1,1,1,1,-1,-1,-1,-1,1,1,1,1,-1,-1,-1,1,1,1,-1,-1,-1,-1,1,1,1,1,-1,-1,1,1,1,1,1,-1,-1,-1,1,1,1,-1,-1,-1,-1,1,1,-1,1,-1,-1,-1,1,1,1,1,-1,-1,1,1,1,1,1,-1,1,1,-1,1,1,-1,-1,-1,1,1,1,-1,1,-1,1,1,1,1,1,1,-1,-1,1,-1,1,-1,1,-1,-1,1,-1,1,-1,-1,-1,-1,1,-1,1,1,-1,1,-1,1,1,1,-1,1,1,-1,1,-1,1,-1,-1,-1,-1,1,1,-1,-1,-1,-1,-1,1,-1,1,-1,-1,-1,-1,-1,-1,-1,1,-1,-1,-1,1,-1,-1,1,-1,-1,-1,-1,-1,1,1,-1,-1,-1,-1,-1,1,-1,-1,-1,1,-1,-1,1,-1,1,-1,-1,-1,-1,-1,-1,-1,1,-1,-1,-1,1,1,-1,-1,-1,-1,1,-1,-1,-1,-1,1,-1,-1,1,-1,1,-1,-1,-1,-1,1,-1,1,1,-1,1,-1,-1,1,1,-1,-1,-1,-1,-1,-1,1,1,-1,-1,1,-1,1,1,-1,-1,-1,1,-1,-1,1,-1,-1,1,-1,-1,1,1,1,-1,1,-1,1,1,1,-1,-1,1,-1,-1,1,1,1,-1,1,-1,-1,1,1,-1,1,1,-1,-1,1,1,-1,1,1,-1,-1,1,1,-1,1,1,-1,-1,1,1,1,1,1,1,-1,-1,1,1,1,1,-1,-1,1,-1,1,1,1,1,-1,-1,1,-1,1,1,1,-1,1,1,1,1,-1,1,-1,1,1,1,1,1,1,1,-1,1,1,1,1,-1,1,-1,1,1,1,1,1,-1,1,1,1,1,-1,1,1,-1,1,1,-1,1,1,-1,-1,1,1,1,1,-1,1,-1,1,1,1,-1,-1,1,-1,1,1,1,-1,1,-1,-1,-1,1,1,-1,-1,1,-1,-1,1,1,-1,-1,1,-1,-1,1,1,1,-1,1,-1,-1,1,1,-1,-1,-1,1,-1,-1,1,-1,1,1,-1,1,1,-1,-1,1,1,-1,-1,1,1,-1,1,1,-1,1,1,-1,-1,-1,-1,1,-1,-1,-1,-1,-1,1,-1,1,1,-1,1,1,-1,1,1,1,1,-1,1,-1,1,1,1,1,-1,1,-1,-1,1,1,1,-1,1,-1,1,1,1,1,-1,1,-1,1,1,-1,-1,-1,1,-1,-1,1,1,-1,-1,-1,1,-1,1,-1,1,-1,1,-1,1,1,-2674.0,1,2000,445,1500,False
215,1,1,-1,-1,1,1,-1,-1,1,1,1,-1,1,1,1,1,-1,1,-1,-1,-1,-1,1,1,1,-1,1,-1,1,1,1,1,-1,-1,-1,-1,1,1,1,1,-1,-1,-1,1,1,1,1,-1,1,1,1,1,-1,1,-1,-1,1,-1,1,1,1,-1,-1,-1,1,1,1,1,-1,-1,-1,1,1,1,1,-1,-1,-1,1,1,1,-1,-1,-1,1,1,1,1,-1,-1,-1,1,1,1,1,-1,-1,1,1,-1,1,1,-1,-1,1,1,1,1,1,-1,-1,1,1,-1,1,1,-1,-1,1,1,1,1,1,1,-1,-1,1,1,-1,1,1,-1,1,1,1,1,1,1,-1,-1,1,1,1,1,1,-1,1,1,1,1,1,1,-1,-1,-1,1,1,1,1,-1,1,1,1,1,-1,1,-1,1,-1,1,1,1,-1,-1,1,1,1,1,1,-1,1,-1,-1,1,-1,1,-1,1,1,1,1,1,1,1,1,1,-1,1,-1,1,-1,1,1,-1,1,-1,1,1,-1,1,-1,1,-1,1,-1,1,1,-1,1,-1,1,1,1,1,-1,-1,1,1,-1,-1,1,-1,1,-1,-1,1,-1,1,-1,1,-1,1,-1,-1,1,-1,-1,-1,1,1,-1,1,-1,1,1,1,-1,1,1,-1,1,-1,1,-1,1,-1,1,-1,1,1,-1,1,-1,-1,-1,1,1,-1,1,-1,-1,-1,1,1,-1,-1,1,1,-1,-1,1,1,-1,1,1,-1,1,1,1,1,-1,1,-1,1,1,-1,1,-1,1,1,1,1,1,1,1,1,-1,-1,1,-1,-1,-1,1,1,-1,1,1,1,-1,1,1,1,1,1,1,1,1,-1,1,1,1,-1,1,1,-1,1,1,1,-1,1,1,-1,-1,1,1,1,-1,1,-1,1,1,1,-1,1,1,-1,1,1,1,-1,1,1,-1,1,1,1,-1,1,1,1,-1,1,1,-1,1,1,-1,1,-1,1,-1,1,1,1,-1,1,1,1,-1,1,1,-1,1,1,-1,1,1,1,-1,-1,-1,-1,1,1,1,-1,1,1,-1,1,1,-1,-1,1,1,1,1,1,-1,1,1,1,-1,1,1,1,1,-1,1,1,-1,-1,1,-1,1,-1,1,-1,1,1,-1,-1,-1,1,-1,-1,1,-1,1,-1,1,-1,1,1,1,1,-1,1,-1,-1,1,-1,1,-1,1,-1,1,1,1,1,-1,-1,1,-1,1,1,-1,-1,1,1,1,-1,1,1,-1,1,-1,-1,1,1,-1,-1,1,-1,1,1,-1,1,-1,1,-1,1,1,-1,-1,1,1,-1,1,1,-1,-1,-1,1,-1,1,1,1,-1,1,-1,1,-1,1,-1,-1,-1,1,-1,1,1,-1,1,-1,1,-1,-1,1,-1,-1,-1,-1,-1,-1,1,-1,-1,-1,1,-1,-1,1,-1,-1,-1,-1,1,-1,1,-1,-1,-1,-1,1,-1,-1,1,1,1,-1,1,-1,1,1,1,1,1,-1,-1,-1,1,-1,-1,1,1,1,-1,1,-1,1,1,1,-1,1,1,-1,-1,-1,1,-1,-1,1,-1,-1,1,1,1,-1,1,-1,-1,1,1,-1,-1,1,-1,-1,1,1,-1,-1,1,-1,-1,-1,1,1,-1,1,1,-1,-1,1,-1,-1,1,-1,1,-1,1,1,-1,-1,1,-1,-1,-1,-1,-1,1,1,1,-1,-1,1,-1,-1,1,-1,-1,1,-1,-1,1,1,-1,-1,1,1,-1,1,1,-1,1,-1,1,-1,-1,1,1,-1,-1,-1,-1,-1,1,-1,-1,1,-1,-1,-1,1,1,-1,-1,-1,-1,-1,1,-1,-1,-1,-1,-1,1,1,1,-1,-1,-1,-1,-1,1,1,-1,-1,-1,-1,-1,1,1,1,-1,-1,-1,-1,1,1,-1,-1,-1,-1,1,1,1,1,1,-1,1,1,1,1,1,1,-1,-1,1,1,1,1,-1,-1,1,1,1,1,-1,1,-1,-1,1,-1,1,-1,1,-1,-1,1,-1,1,1,1,-1,-1,1,-1,1,-1,1,-1,-1,1,-1,1,1,1,-1,-1,1,-1,1,1,1,-1,-1,1,1,-1,1,1,-1,-1,1,-1,1,-1,1,-1,-1,-1,-1,-1,1,1,-1,-1,1,-1,-1,1,1,-1,-1,-1,-1,-1,-1,1,-1,-1,-1,-1,1,-1,-1,-1,1,-1,-1,1,-1,1,-1,-1,-1,-1,-1,-1,1,1,-1,-1,-1,1,1,1,-1,-1,1,-1,-1,-1,1,-1,1,-1,-1,1,1,1,-1,-1,-1,-1,1,-1,1,1,-1,1,-1,-1,1,1,-1,-1,-1,-1,-1,-1,1,1,-1,-1,1,-1,1,1,-1,-1,-1,1,-1,1,1,-1,-1,1,-1,-1,1,1,1,-1,1,-1,1,1,1,-1,-1,1,-1,-1,1,1,1,-1,1,-1,-1,1,1,-1,1,1,-1,-1,1,1,-1,1,1,-1,-1,1,1,-1,1,1,-1,-1,1,1,1,1,-1,1,-1,1,1,1,-1,1,-1,-1,1,-1,1,1,1,1,-1,-1,1,-1,1,1,1,-1,1,1,1,1,-1,1,-1,1,1,1,1,1,1,1,-1,1,1,1,1,-1,1,-1,1,1,1,1,1,-1,1,1,1,1,-1,1,1,-1,1,1,-1,1,1,-1,-1,1,1,1,1,-1,1,-1,1,1,1,-1,-1,1,-1,1,1,1,-1,1,-1,-1,-1,1,1,-1,-1,1,-1,-1,1,1,-1,-1,1,-1,1,-1,1,1,-1,1,-1,-1,1,1,-1,-1,-1,1,1,-1,1,-1,1,1,-1,1,1,-1,-1,1,1,-1,-1,1,1,-1,1,1,1,1,1,-1,-1,-1,-1,1,-1,-1,-1,-1,-1,1,1,1,1,-1,1,1,-1,1,1,1,1,-1,1,-1,1,1,1,1,-1,1,-1,1,1,1,1,-1,1,-1,1,1,1,1,-1,1,-1,1,1,1,-1,-1,1,-1,1,1,1,-1,-1,-1,1,-1,1,-1,1,-1,1,-1,1,1,-2674.0,1,2000,445,1500,False
216,1,1,-1,-1,1,1,-1,-1,1,1,1,-1,1,1,1,1,-1,1,-1,-1,1,-1,1,1,1,-1,1,-1,1,1,1,1,-1,-1,-1,-1,1,-1,1,-1,1,-1,-1,1,1,1,1,-1,1,1,1,1,-1,1,-1,-1,1,-1,1,1,1,-1,-1,-1,1,1,1,1,-1,-1,-1,1,1,1,1,-1,-1,-1,1,1,1,-1,-1,-1,1,1,1,1,-1,-1,-1,1,1,1,1,-1,-1,1,1,-1,1,1,-1,-1,1,1,1,1,1,-1,-1,1,1,-1,1,1,-1,-1,1,1,1,1,1,1,-1,1,1,1,-1,1,1,-1,1,1,1,1,1,1,-1,-1,1,1,1,1,1,-1,1,1,1,1,1,1,-1,-1,-1,1,1,1,1,-1,1,1,1,1,-1,1,-1,1,-1,1,1,1,-1,-1,1,1,1,1,1,-1,1,-1,-1,1,-1,1,-1,1,1,1,1,1,1,1,1,1,-1,1,-1,1,-1,1,1,-1,1,-1,1,1,-1,1,-1,1,-1,1,-1,1,1,-1,-1,-1,1,1,1,1,-1,-1,1,1,-1,-1,1,-1,1,-1,-1,1,-1,1,-1,1,-1,1,-1,1,1,-1,-1,-1,1,1,-1,1,-1,1,1,1,-1,1,1,-1,1,-1,1,-1,1,-1,1,-1,1,1,-1,1,-1,-1,-1,1,1,-1,1,-1,-1,-1,1,1,-1,-1,1,1,-1,-1,1,1,-1,1,1,-1,1,1,1,1,-1,1,-1,1,1,-1,1,-1,1,1,-1,1,1,1,1,1,-1,-1,1,-1,-1,-1,1,1,-1,1,1,1,-1,1,-1,-1,1,1,1,1,1,-1,1,1,1,-1,1,1,-1,1,1,1,-1,1,1,-1,-1,1,1,1,-1,1,-1,1,1,1,-1,1,1,-1,1,1,1,-1,1,-1,-1,1,1,1,-1,1,-1,-1,-1,1,1,-1,1,-1,-1,1,-1,1,-1,1,1,-1,-1,1,1,1,-1,1,-1,-1,1,1,-1,1,-1,1,-1,-1,-1,-1,1,1,-1,-1,1,1,-1,1,1,-1,-1,1,1,1,1,1,-1,1,1,1,-1,1,-1,-1,-1,-1,1,1,1,1,-1,-1,1,1,1,1,-1,-1,-1,-1,-1,1,-1,-1,-1,1,-1,1,1,-1,1,-1,1,1,-1,1,-1,1,-1,-1,1,-1,1,1,1,1,-1,1,-1,-1,1,1,-1,-1,1,-1,1,1,1,-1,-1,1,-1,-1,1,1,-1,1,1,-1,1,1,-1,-1,1,1,-1,1,-1,-1,-1,1,-1,-1,1,-1,-1,-1,1,-1,-1,1,-1,-1,-1,1,-1,-1,1,1,-1,-1,1,-1,-1,1,-1,-1,-1,1,1,-1,1,-1,-1,-1,1,1,-1,-1,-1,1,-1,1,-1,-1,1,-1,-1,1,-1,1,-1,-1,1,-1,1,-1,1,-1,-1,1,-1,-1,1,1,1,-1,1,-1,1,-1,-1,-1,1,-1,-1,-1,1,-1,-1,-1,1,1,-1,1,-1,1,-1,1,-1,1,1,-1,1,1,1,-1,-1,1,-1,1,-1,1,1,-1,1,-1,-1,1,1,-1,-1,1,-1,-1,-1,1,-1,-1,1,-1,1,1,1,1,-1,1,-1,-1,1,1,-1,-1,1,-1,-1,-1,1,1,-1,-1,1,1,-1,-1,-1,-1,1,1,1,1,1,1,-1,-1,1,1,-1,1,-1,-1,1,1,1,1,-1,1,-1,1,-1,1,1,1,1,-1,-1,1,1,1,-1,-1,-1,-1,1,1,1,1,-1,-1,-1,1,1,1,-1,-1,-1,-1,1,1,1,1,-1,-1,-1,1,1,1,1,-1,-1,1,1,1,1,1,-1,-1,-1,1,1,-1,1,-1,-1,-1,1,1,1,1,-1,-1,1,1,1,1,1,-1,1,1,-1,1,1,-1,-1,-1,1,1,1,1,1,-1,1,1,1,1,1,1,-1,-1,1,-1,1,-1,1,-1,-1,1,-1,1,-1,-1,-1,-1,1,-1,1,1,-1,1,-1,1,1,1,-1,1,1,-1,1,-1,1,-1,-1,-1,-1,1,1,-1,-1,-1,-1,-1,1,-1,1,-1,-1,-1,-1,-1,-1,-1,1,-1,-1,-1,1,-1,-1,1,-1,-1,-1,-1,-1,1,1,-1,-1,-1,-1,-1,1,-1,-1,-1,1,-1,-1,1,-1,1,-1,-1,-1,-1,-1,-1,-1,1,-1,-1,-1,1,1,1,-1,-1,1,1,-1,-1,-1,-1,1,-1,-1,1,1,1,-1,-1,-1,-1,1,-1,1,1,-1,1,-1,-1,1,1,-1,-1,-1,-1,-1,-1,1,1,-1,-1,1,-1,1,1,1,-1,-1,1,-1,1,1,-1,-1,1,-1,-1,1,1,1,-1,1,-1,1,1,1,-1,-1,1,-1,-1,1,1,1,-1,1,-1,-1,1,1,-1,1,1,-1,-1,1,1,1,1,1,-1,-1,1,1,-1,1,1,-1,-1,1,1,1,1,1,1,-1,-1,1,1,-1,1,-1,-1,1,-1,1,1,1,1,-1,-1,1,-1,1,1,1,-1,1,1,1,1,-1,1,-1,1,1,1,1,1,1,1,-1,1,1,1,1,-1,1,-1,1,1,1,1,1,-1,1,1,1,1,-1,1,1,-1,1,1,-1,1,1,-1,-1,1,1,1,1,-1,1,-1,1,1,1,-1,-1,1,-1,1,1,1,-1,1,-1,-1,-1,1,1,-1,-1,1,-1,-1,1,1,-1,-1,1,-1,-1,-1,1,1,-1,-1,-1,-1,1,1,-1,-1,-1,1,-1,-1,1,-1,1,1,-1,1,1,-1,-1,1,1,-1,-1,1,1,-1,1,1,-1,1,1,-1,-1,-1,-1,1,-1,-1,-1,-1,-1,-1,-1,1,1,-1,1,1,-1,1,1,1,1,-1,1,-1,1,1,1,1,-1,1,-1,-1,1,1,1,-1,1,-1,1,1,1,1,-1,1,-1,1,1,-1,-1,-1,1,-1,-1,1,1,-1,-1,-1,1,-1,1,-1,1,-1,1,-1,-1,1,-2674.0,1,2000,445,1500,False
217,1,1,-1,-1,1,-1,-1,-1,1,1,1,-1,1,1,1,1,-1,1,-1,-1,-1,-1,1,1,1,-1,-1,-1,1,1,1,1,-1,-1,-1,-1,1,1,1,1,-1,-1,-1,1,1,1,1,-1,1,1,1,1,-1,1,-1,-1,1,-1,1,1,1,-1,-1,-1,1,1,1,1,-1,-1,-1,1,1,1,1,-1,-1,-1,1,1,1,-1,-1,-1,1,1,1,1,-1,-1,-1,1,1,1,1,-1,-1,1,1,-1,1,1,-1,-1,1,1,1,1,1,-1,-1,1,1,-1,1,1,-1,-1,1,1,1,1,1,1,-1,-1,1,1,-1,1,1,-1,1,1,1,1,1,1,-1,-1,1,1,1,1,1,-1,1,1,1,1,1,1,-1,-1,-1,1,1,1,1,-1,1,1,1,1,-1,1,-1,1,-1,1,1,1,-1,-1,1,1,1,1,1,-1,1,-1,-1,1,-1,1,-1,1,1,1,1,1,1,1,1,1,-1,1,-1,1,-1,1,1,-1,1,-1,1,1,-1,1,-1,1,-1,1,-1,1,1,-1,1,-1,1,1,1,1,-1,-1,1,1,-1,-1,1,-1,1,-1,-1,1,-1,1,-1,1,-1,1,-1,1,1,-1,-1,-1,1,1,-1,1,-1,1,1,1,-1,1,1,-1,1,-1,1,-1,1,-1,1,-1,1,1,-1,1,-1,-1,-1,1,1,-1,1,-1,-1,-1,1,1,-1,-1,1,1,-1,-1,1,1,-1,1,1,-1,1,1,1,1,-1,1,-1,1,1,-1,1,-1,1,1,-1,1,1,1,1,1,-1,-1,1,-1,-1,-1,1,1,-1,1,1,1,-1,1,-1,-1,1,1,1,-1,1,-1,1,1,1,-1,1,1,-1,1,1,1,-1,1,1,-1,-1,1,1,1,-1,1,-1,1,1,1,-1,1,1,-1,1,1,1,-1,1,-1,-1,1,1,1,-1,1,-1,-1,-1,-1,1,-1,1,-1,-1,1,1,1,-1,1,1,-1,-1,-1,1,1,-1,1,-1,-1,1,1,-1,1,-1,1,-1,-1,1,1,1,1,-1,-1,1,-1,-1,1,1,-1,-1,-1,1,-1,1,1,-1,1,-1,1,1,1,-1,-1,-1,-1,1,1,1,1,-1,-1,1,-1,-1,1,-1,-1,-1,1,-1,1,-1,-1,-1,1,-1,1,-1,1,1,-1,1,1,-1,1,-1,1,-1,-1,1,-1,-1,-1,1,1,-1,1,-1,-1,1,1,-1,-1,1,-1,1,-1,1,-1,-1,1,-1,-1,1,1,-1,1,1,1,-1,-1,-1,-1,1,1,-1,-1,1,-1,-1,1,-1,1,-1,1,-1,-1,1,-1,-1,1,-1,-1,-1,1,-1,1,-1,1,-1,-1,1,-1,-1,1,-1,-1,-1,1,1,-1,1,-1,-1,-1,1,1,-1,1,-1,1,-1,1,-1,-1,1,-1,-1,1,-1,1,-1,-1,1,-1,1,-1,1,-1,-1,1,-1,-1,1,1,1,-1,1,-1,1,-1,1,1,1,-1,-1,-1,1,-1,-1,-1,1,1,-1,1,-1,1,-1,1,-1,1,1,-1,1,1,1,-1,-1,1,-1,1,-1,1,1,-1,1,-1,-1,1,1,-1,-1,1,-1,-1,-1,1,-1,-1,1,-1,1,1,1,1,-1,1,-1,-1,1,1,-1,-1,1,-1,-1,-1,1,1,-1,-1,1,1,-1,-1,-1,-1,1,1,1,1,1,1,-1,-1,1,1,-1,1,-1,-1,1,1,1,1,-1,1,-1,1,-1,1,1,1,1,-1,-1,1,1,1,-1,-1,-1,-1,1,1,1,1,-1,-1,-1,1,1,1,-1,-1,-1,-1,1,1,1,1,-1,-1,1,1,1,1,1,-1,-1,-1,1,1,1,1,-1,-1,-1,1,1,-1,1,-1,-1,-1,1,1,1,1,-1,-1,1,1,1,1,1,-1,1,1,-1,1,1,-1,-1,-1,1,1,1,-1,1,-1,1,1,1,1,1,1,-1,-1,1,-1,1,-1,1,-1,-1,1,-1,1,-1,-1,-1,-1,1,-1,1,1,-1,-1,-1,1,1,1,-1,1,-1,-1,1,-1,1,-1,-1,-1,-1,1,1,-1,-1,-1,-1,-1,1,-1,1,-1,-1,-1,-1,-1,-1,-1,1,-1,-1,-1,1,-1,-1,1,-1,-1,-1,-1,-1,-1,1,-1,-1,-1,-1,-1,1,-1,-1,-1,1,-1,-1,1,-1,1,-1,-1,-1,-1,1,-1,-1,1,-1,-1,-1,-1,1,-1,-1,-1,1,-1,1,-1,-1,-1,1,-1,-1,-1,-1,1,-1,-1,-1,-1,-1,1,1,1,-1,1,-1,1,-1,1,-1,-1,-1,-1,-1,-1,1,1,-1,-1,1,-1,1,1,-1,-1,-1,1,-1,1,1,-1,-1,1,-1,-1,1,1,1,-1,1,-1,1,1,1,-1,-1,1,-1,-1,1,1,1,-1,1,-1,-1,1,1,-1,1,1,-1,-1,1,1,-1,1,1,-1,-1,1,1,-1,1,1,-1,-1,1,1,1,1,1,1,-1,1,1,1,1,1,-1,-1,1,-1,1,1,1,1,-1,-1,1,-1,1,1,1,-1,1,1,1,1,-1,1,-1,1,1,1,1,1,1,1,-1,-1,1,1,1,-1,1,-1,1,1,1,1,1,-1,1,1,1,1,-1,1,-1,1,1,1,-1,1,1,1,1,-1,1,1,1,-1,1,1,-1,1,1,-1,-1,1,-1,1,1,1,-1,1,-1,-1,-1,1,1,-1,-1,1,1,-1,1,1,-1,-1,1,1,-1,1,1,1,-1,1,-1,1,1,1,-1,-1,-1,-1,1,-1,1,-1,1,1,1,1,1,-1,-1,1,1,1,-1,1,1,-1,1,-1,1,1,1,-1,-1,-1,-1,-1,-1,-1,-1,-1,1,-1,1,1,1,-1,1,1,-1,-1,1,1,1,-1,1,-1,1,1,1,1,-1,1,-1,1,1,1,1,-1,1,-1,1,1,1,1,-1,1,-1,1,-1,1,-1,-1,1,-1,-1,1,1,-1,-1,-1,1,-1,1,-1,1,-1,1,-1,-1,1,-2674.0,1,2000,445,0,False
218,1,1,-1,-1,1,1,-1,-1,1,1,1,-1,1,1,1,1,-1,1,-1,-1,-1,-1,1,1,1,-1,-1,-1,1,1,1,1,-1,-1,-1,-1,1,1,1,1,-1,-1,-1,1,1,1,1,-1,1,1,1,1,-1,1,-1,-1,1,-1,1,1,1,-1,-1,-1,1,1,1,1,-1,-1,-1,1,1,1,1,-1,-1,-1,1,1,1,-1,-1,-1,1,1,1,1,-1,-1,1,1,1,1,1,-1,-1,-1,1,-1,1,1,-1,-1,1,1,1,1,1,-1,-1,-1,1,-1,1,1,-1,-1,1,1,1,1,1,1,-1,-1,1,1,-1,1,1,-1,1,1,1,1,1,1,-1,1,1,1,1,1,1,-1,1,1,1,1,1,1,-1,-1,-1,1,1,1,1,-1,1,1,1,1,-1,1,-1,1,-1,1,1,1,-1,-1,1,1,1,1,1,-1,1,-1,-1,1,-1,1,-1,1,1,1,1,1,1,1,1,1,-1,1,-1,1,-1,1,1,-1,1,-1,1,1,-1,1,-1,1,-1,1,-1,1,1,-1,1,-1,1,1,1,1,-1,-1,1,1,-1,-1,1,-1,1,-1,1,1,-1,1,-1,1,-1,1,-1,1,1,-1,-1,-1,1,1,-1,1,-1,1,1,1,-1,1,1,-1,1,-1,1,-1,1,-1,1,-1,1,1,-1,1,-1,-1,-1,1,1,-1,1,-1,-1,-1,1,1,-1,-1,1,1,-1,-1,1,1,-1,1,1,-1,1,1,1,1,-1,1,-1,1,1,-1,1,-1,1,1,-1,1,1,-1,-1,1,-1,-1,1,-1,-1,1,1,1,-1,1,1,1,-1,1,-1,-1,1,1,1,1,1,-1,1,1,1,1,-1,1,-1,1,1,1,-1,1,1,-1,-1,1,1,1,-1,1,-1,1,1,1,-1,1,1,-1,1,1,1,-1,1,-1,-1,1,1,1,1,1,-1,-1,-1,1,1,-1,1,-1,-1,1,-1,1,-1,1,1,-1,-1,1,1,1,-1,1,-1,-1,1,1,-1,1,-1,1,-1,-1,-1,-1,1,1,-1,-1,1,1,-1,1,1,-1,-1,1,1,1,1,1,-1,1,1,1,-1,1,-1,-1,-1,-1,1,1,1,1,-1,-1,1,1,1,1,-1,-1,-1,-1,-1,1,-1,-1,-1,1,-1,1,1,1,1,-1,1,1,-1,1,-1,1,-1,-1,1,-1,1,1,1,1,-1,1,-1,-1,1,1,-1,-1,1,-1,1,1,1,-1,-1,1,-1,-1,1,1,-1,1,1,-1,1,1,-1,-1,1,1,-1,1,-1,-1,-1,1,-1,-1,1,-1,-1,1,1,-1,-1,1,-1,-1,-1,1,-1,-1,1,1,-1,-1,1,-1,-1,1,-1,-1,-1,1,1,-1,1,1,-1,-1,1,1,-1,-1,-1,1,-1,1,-1,-1,1,-1,-1,1,-1,1,-1,-1,1,-1,1,-1,1,-1,-1,1,-1,-1,1,1,1,-1,1,-1,1,-1,-1,1,1,-1,-1,-1,1,-1,-1,-1,1,1,-1,1,-1,1,-1,1,-1,1,1,-1,1,1,1,-1,-1,1,-1,1,-1,1,1,-1,1,-1,-1,1,1,-1,-1,1,-1,-1,-1,1,-1,-1,1,-1,1,1,1,1,-1,1,-1,-1,1,1,-1,-1,1,-1,-1,-1,1,1,-1,-1,1,1,-1,1,-1,-1,1,1,1,1,1,1,-1,-1,1,1,-1,1,-1,-1,1,1,1,1,-1,1,-1,1,-1,1,1,1,1,-1,-1,1,1,1,-1,-1,-1,-1,1,1,1,1,-1,-1,-1,1,1,1,-1,-1,-1,-1,1,1,1,1,-1,-1,1,1,1,1,1,-1,-1,-1,1,1,1,1,-1,-1,-1,1,1,-1,1,-1,-1,-1,1,1,1,1,-1,-1,1,1,1,1,1,-1,1,1,-1,1,1,-1,-1,-1,1,1,1,-1,1,-1,1,1,1,1,1,1,-1,-1,1,-1,1,-1,1,-1,-1,1,-1,1,-1,-1,-1,-1,1,-1,1,1,-1,-1,-1,1,1,1,-1,1,-1,-1,1,-1,1,-1,-1,-1,-1,1,1,-1,-1,-1,-1,-1,1,-1,1,-1,-1,-1,-1,-1,-1,-1,1,-1,-1,-1,1,-1,-1,1,-1,-1,-1,-1,-1,1,1,-1,-1,-1,-1,-1,1,-1,-1,-1,1,-1,-1,1,-1,1,-1,-1,-1,-1,-1,-1,-1,1,-1,-1,-1,1,1,-1,-1,-1,-1,1,-1,-1,-1,-1,1,-1,-1,1,1,1,-1,-1,-1,-1,1,-1,1,1,-1,1,-1,-1,1,1,-1,-1,-1,-1,-1,-1,1,1,-1,-1,1,-1,1,1,-1,-1,-1,1,-1,1,1,-1,-1,1,-1,-1,1,1,1,-1,1,-1,1,1,1,-1,-1,1,-1,-1,1,1,1,-1,1,-1,-1,1,1,-1,1,1,-1,-1,1,1,-1,1,1,-1,-1,1,1,-1,1,1,-1,-1,1,1,1,1,1,1,-1,-1,1,1,1,1,-1,-1,1,-1,1,1,1,1,-1,-1,1,-1,1,1,1,-1,1,1,1,1,-1,1,-1,1,1,1,1,1,1,1,-1,1,1,1,1,-1,1,-1,1,1,1,1,1,-1,1,1,1,1,-1,-1,1,-1,1,1,-1,1,1,-1,-1,1,1,1,-1,1,1,-1,1,1,1,-1,-1,1,-1,1,1,1,-1,1,-1,-1,-1,1,1,-1,-1,1,-1,-1,1,1,1,-1,1,-1,-1,1,1,1,1,-1,-1,-1,1,1,-1,-1,-1,1,-1,1,1,-1,1,1,-1,1,1,-1,-1,1,-1,-1,-1,1,1,-1,1,1,-1,1,1,-1,-1,-1,-1,1,-1,-1,-1,-1,1,-1,-1,1,1,-1,1,1,-1,1,1,1,1,-1,1,-1,1,1,1,-1,-1,1,-1,-1,1,1,-1,-1,1,-1,1,1,1,-1,-1,1,-1,1,1,1,1,-1,1,-1,-1,1,1,1,-1,-1,1,-1,1,1,1,-1,1,-1,-1,1,-2674.0,1,2000,445,0,False
219,1,1,-1,-1,1,-1,-1,-1,1,1,1,-1,1,1,1,1,-1,1,-1,-1,1,-1,1,1,1,-1,-1,-1,1,1,1,1,1,-1,-1,-1,1,1,1,-1,-1,-1,-1,1,1,1,1,-1,1,1,1,1,-1,1,-1,-1,1,-1,1,1,1,-1,-1,-1,1,1,1,1,-1,-1,-1,1,1,1,1,-1,-1,-1,1,1,1,-1,-1,-1,1,1,1,1,-1,-1,-1,1,1,1,1,-1,-1,1,1,-1,1,1,-1,-1,1,1,1,1,1,-1,-1,1,1,1,1,1,-1,-1,1,1,1,1,1,1,-1,1,1,1,-1,1,1,-1,1,1,1,1,1,1,-1,-1,1,1,1,1,1,-1,1,1,1,1,1,1,-1,-1,-1,1,1,1,1,-1,1,1,1,1,-1,1,-1,1,-1,1,1,1,-1,-1,1,1,1,1,1,-1,1,-1,-1,1,-1,1,-1,1,1,1,1,1,1,1,1,1,-1,1,-1,1,-1,1,1,-1,1,-1,1,1,-1,1,-1,1,-1,1,-1,1,1,-1,-1,-1,1,1,1,1,-1,-1,1,1,-1,-1,1,-1,1,-1,-1,1,-1,1,-1,1,-1,1,-1,-1,1,-1,-1,-1,1,1,-1,1,-1,1,1,1,-1,1,1,-1,1,-1,1,-1,1,-1,1,-1,1,1,-1,1,-1,-1,-1,1,1,-1,1,-1,-1,-1,1,1,-1,-1,1,1,-1,-1,1,1,-1,1,1,-1,1,1,1,1,-1,1,-1,1,1,-1,1,-1,1,1,-1,1,1,1,1,1,-1,-1,1,-1,-1,-1,1,1,-1,1,1,1,-1,1,-1,-1,1,1,1,1,1,-1,1,1,1,-1,1,1,-1,1,1,1,-1,1,1,-1,-1,1,1,1,-1,1,-1,1,1,1,-1,1,1,-1,1,1,1,-1,1,-1,-1,1,1,1,-1,1,-1,-1,-1,1,1,-1,1,-1,-1,1,-1,1,-1,1,1,-1,-1,1,1,1,1,1,-1,-1,1,1,-1,1,-1,1,-1,-1,-1,-1,1,1,-1,-1,1,1,-1,1,1,-1,-1,1,1,1,1,1,-1,1,1,1,-1,1,-1,-1,-1,-1,1,1,1,1,-1,-1,1,-1,1,1,-1,-1,1,-1,-1,1,-1,-1,-1,-1,1,-1,1,1,1,1,1,1,-1,1,-1,1,-1,-1,1,-1,1,1,1,1,-1,1,-1,-1,1,1,-1,-1,1,-1,1,1,1,-1,-1,1,-1,-1,1,1,-1,-1,1,-1,1,1,-1,1,1,1,-1,1,-1,-1,-1,1,-1,1,1,-1,-1,1,1,-1,-1,1,-1,-1,-1,1,-1,-1,1,-1,-1,-1,1,-1,-1,1,-1,-1,-1,1,1,-1,1,1,-1,-1,1,1,-1,1,-1,1,-1,1,-1,-1,1,-1,-1,1,1,1,-1,-1,1,-1,1,1,1,-1,1,1,-1,-1,1,1,1,-1,1,-1,1,1,1,-1,1,-1,-1,-1,1,-1,-1,-1,1,1,-1,1,-1,1,-1,1,-1,1,1,-1,1,1,1,-1,-1,1,-1,1,-1,1,1,-1,1,-1,-1,1,1,-1,-1,1,-1,-1,-1,1,-1,-1,1,-1,1,1,1,1,-1,1,-1,-1,1,1,-1,-1,1,-1,-1,-1,1,1,-1,-1,1,1,-1,-1,-1,-1,1,1,1,-1,1,1,-1,-1,1,1,-1,1,-1,-1,1,1,1,1,-1,-1,-1,1,-1,1,1,1,-1,-1,-1,1,1,1,-1,-1,-1,-1,1,1,1,1,-1,-1,-1,1,1,1,-1,-1,-1,-1,1,1,1,1,-1,-1,-1,1,1,1,-1,-1,-1,1,1,1,1,1,-1,-1,-1,1,1,-1,1,-1,-1,-1,1,1,1,1,-1,-1,1,1,1,1,-1,-1,1,1,-1,1,1,-1,-1,-1,1,1,1,-1,1,-1,1,1,1,1,1,-1,-1,-1,1,-1,1,-1,-1,-1,-1,1,-1,1,1,-1,-1,-1,1,-1,1,1,-1,-1,-1,1,1,1,1,-1,-1,-1,1,-1,1,1,-1,-1,-1,1,1,-1,-1,-1,-1,-1,1,-1,1,-1,-1,-1,-1,-1,-1,-1,1,-1,-1,-1,1,-1,-1,1,-1,-1,-1,-1,-1,1,1,-1,-1,-1,-1,-1,1,-1,-1,-1,1,-1,-1,1,-1,1,-1,-1,-1,-1,-1,-1,-1,1,-1,-1,-1,1,1,1,-1,-1,1,-1,-1,-1,-1,-1,1,-1,-1,1,1,1,-1,-1,-1,-1,1,-1,1,1,-1,1,-1,-1,1,1,-1,-1,-1,-1,-1,-1,1,1,-1,-1,1,-1,1,1,-1,-1,-1,1,-1,1,1,-1,-1,1,-1,-1,1,1,1,-1,1,-1,1,1,1,-1,-1,1,-1,-1,1,1,1,-1,1,-1,-1,1,1,-1,1,1,-1,-1,1,1,1,1,1,-1,-1,1,1,-1,1,1,-1,-1,1,1,1,1,-1,1,-1,1,1,1,-1,1,-1,-1,1,-1,1,1,1,1,-1,-1,1,-1,1,1,1,-1,1,-1,1,1,-1,1,-1,1,1,1,1,1,1,1,-1,-1,1,1,1,-1,1,-1,1,1,1,1,1,-1,1,-1,1,1,-1,1,1,-1,-1,1,-1,1,1,-1,-1,1,1,1,1,-1,1,-1,-1,1,1,-1,-1,1,-1,1,1,1,-1,1,-1,-1,-1,1,1,-1,-1,1,-1,-1,1,1,1,-1,1,-1,-1,1,1,1,-1,1,-1,-1,1,1,-1,-1,-1,1,-1,-1,1,-1,1,1,-1,1,1,-1,-1,1,-1,-1,-1,1,1,-1,1,1,-1,1,1,-1,-1,-1,-1,1,-1,-1,-1,-1,-1,-1,-1,1,1,-1,1,1,-1,1,1,1,1,-1,1,-1,1,1,1,1,-1,1,-1,-1,1,1,1,-1,1,-1,1,1,1,1,-1,1,-1,1,1,-1,-1,-1,1,-1,-1,1,1,-1,-1,-1,1,-1,1,-1,1,-1,1,-1,-1,1,-2674.0,1,2000,445,0,False
220,1,1,-1,-1,1,1,-1,-1,1,1,1,-1,1,1,1,1,-1,1,-1,-1,-1,-1,1,1,1,-1,-1,-1,1,1,1,1,-1,-1,-1,-1,1,-1,1,1,-1,-1,-1,1,1,1,1,-1,1,1,1,1,-1,1,-1,-1,1,-1,1,1,1,-1,-1,-1,1,1,1,1,-1,-1,-1,1,1,1,1,-1,-1,-1,1,1,1,-1,-1,-1,1,1,1,1,-1,-1,-1,1,1,1,1,-1,-1,1,1,-1,1,1,-1,-1,1,1,1,1,1,-1,-1,-1,1,1,1,1,-1,-1,1,1,1,1,1,1,-1,-1,1,1,-1,1,1,-1,1,1,1,1,1,1,-1,1,1,1,1,1,1,-1,1,1,1,1,1,1,-1,-1,-1,1,1,1,1,-1,1,1,1,1,-1,1,-1,1,-1,1,1,1,-1,-1,1,1,1,1,1,-1,1,-1,-1,1,-1,1,-1,1,1,1,1,1,1,1,1,1,-1,1,-1,1,-1,1,1,-1,1,-1,1,1,-1,1,-1,1,-1,1,-1,1,1,-1,-1,-1,1,1,1,1,-1,-1,1,1,-1,-1,1,-1,1,-1,1,1,-1,1,-1,1,-1,1,-1,1,1,-1,-1,-1,1,1,-1,1,-1,1,1,1,-1,1,-1,-1,-1,-1,1,-1,1,1,1,-1,1,1,-1,1,-1,-1,-1,1,1,-1,1,-1,-1,-1,1,1,-1,-1,1,1,-1,-1,1,1,-1,1,1,-1,1,1,1,1,-1,1,-1,1,1,-1,1,-1,1,1,-1,1,1,1,1,1,-1,-1,1,-1,-1,-1,1,1,-1,1,1,1,-1,1,-1,-1,1,1,1,-1,1,-1,1,1,1,-1,-1,1,-1,1,1,1,-1,1,1,-1,-1,1,1,1,-1,1,-1,1,1,1,-1,1,1,-1,1,1,1,-1,1,-1,-1,1,1,1,-1,1,-1,-1,-1,1,1,-1,1,-1,-1,1,-1,1,-1,1,1,-1,-1,1,1,1,-1,1,-1,-1,1,1,-1,1,-1,1,-1,-1,-1,-1,1,1,-1,-1,1,1,-1,1,1,-1,-1,1,1,1,1,1,-1,1,1,1,-1,1,-1,-1,-1,-1,1,1,1,1,-1,-1,1,1,1,1,-1,-1,-1,-1,-1,1,-1,-1,-1,1,-1,1,1,-1,1,1,1,1,-1,1,-1,1,-1,-1,1,-1,1,1,1,1,-1,1,-1,-1,1,1,-1,-1,1,-1,1,1,1,-1,-1,1,-1,-1,1,1,-1,1,1,-1,1,1,-1,-1,1,1,-1,1,-1,-1,-1,1,1,-1,1,-1,-1,1,1,-1,-1,1,-1,-1,-1,1,-1,-1,1,-1,-1,-1,1,-1,-1,1,-1,-1,-1,1,1,-1,1,-1,-1,-1,1,1,-1,-1,-1,1,-1,1,-1,-1,1,-1,-1,1,-1,1,-1,-1,1,-1,1,-1,1,1,-1,1,-1,-1,1,1,1,-1,1,-1,1,-1,1,1,1,-1,-1,-1,1,-1,-1,-1,1,1,-1,1,-1,1,-1,1,-1,1,1,-1,1,1,1,-1,-1,1,-1,1,-1,1,1,-1,1,-1,-1,1,1,-1,-1,1,-1,-1,-1,1,-1,-1,1,-1,1,1,1,1,-1,1,-1,-1,1,1,-1,-1,1,-1,-1,-1,1,1,-1,-1,1,1,-1,-1,-1,-1,1,1,1,-1,1,1,-1,-1,1,1,-1,1,-1,-1,1,1,1,1,-1,-1,-1,1,-1,1,1,1,1,-1,-1,1,1,1,-1,-1,-1,1,1,1,1,1,-1,-1,-1,1,1,1,-1,-1,-1,-1,1,1,1,1,-1,-1,-1,1,1,1,1,-1,-1,1,1,1,1,-1,-1,-1,-1,1,1,-1,1,-1,-1,-1,1,1,1,1,-1,-1,1,1,1,1,1,-1,1,1,-1,1,1,-1,-1,-1,1,1,1,-1,1,-1,1,1,1,1,1,1,-1,-1,1,-1,1,-1,1,-1,-1,1,-1,1,-1,-1,-1,-1,1,-1,1,1,-1,1,-1,1,1,1,-1,1,1,-1,1,-1,1,-1,-1,-1,-1,1,1,-1,-1,-1,-1,-1,1,-1,1,-1,-1,-1,-1,-1,-1,-1,1,-1,-1,-1,1,-1,-1,1,-1,-1,-1,-1,-1,-1,1,-1,-1,-1,-1,-1,1,-1,-1,-1,1,-1,-1,1,-1,1,-1,-1,-1,-1,-1,-1,-1,1,-1,-1,-1,1,1,1,-1,-1,-1,1,-1,-1,-1,-1,1,-1,-1,1,-1,1,-1,-1,-1,-1,1,-1,1,1,-1,1,-1,-1,1,1,-1,-1,-1,-1,-1,-1,1,1,-1,-1,1,-1,1,1,-1,-1,-1,1,-1,1,1,-1,-1,1,-1,-1,1,1,1,-1,1,-1,1,1,1,-1,-1,1,-1,-1,1,1,1,-1,1,-1,-1,1,1,-1,1,1,-1,-1,1,1,-1,1,1,-1,-1,1,1,-1,1,1,-1,-1,1,1,1,1,1,1,-1,-1,1,1,-1,1,-1,-1,1,-1,1,1,1,1,-1,-1,1,-1,1,1,1,-1,1,1,1,1,-1,1,-1,1,1,1,1,1,1,1,-1,1,1,1,1,-1,1,-1,1,1,1,1,1,-1,1,1,1,1,-1,1,1,-1,1,1,-1,1,1,-1,-1,1,1,1,1,-1,1,-1,1,1,1,-1,-1,1,-1,1,1,1,-1,1,-1,-1,-1,1,1,-1,-1,1,-1,-1,1,1,-1,-1,1,-1,-1,1,1,1,-1,1,-1,-1,1,1,-1,-1,-1,1,-1,1,1,-1,1,1,-1,1,1,-1,-1,1,1,-1,-1,1,1,-1,1,1,-1,1,1,-1,-1,-1,-1,1,-1,-1,-1,-1,1,-1,-1,1,1,-1,1,1,-1,1,1,1,1,-1,1,-1,1,1,1,-1,-1,1,-1,1,1,1,-1,1,1,-1,-1,1,1,-1,-1,1,-1,1,1,1,1,-1,1,-1,-1,1,1,-1,-1,1,1,-1,1,-1,1,-1,1,-1,-1,1,-2674.0,1,2000,445,1500,False
221,1,1,-1,-1,1,1,-1,-1,1,1,1,-1,1,1,1,1,-1,1,-1,-1,1,-1,1,1,1,-1,1,-1,1,1,1,1,1,-1,-1,-1,1,-1,1,1,-1,-1,-1,1,1,1,1,-1,1,1,1,1,-1,1,-1,-1,1,-1,1,1,-1,-1,-1,-1,1,1,1,1,-1,-1,-1,1,1,1,1,-1,-1,-1,1,1,1,-1,-1,-1,1,1,1,1,-1,-1,-1,1,1,1,1,-1,-1,1,1,-1,1,1,-1,-1,1,1,1,1,1,-1,-1,1,1,1,1,1,-1,-1,1,1,1,1,1,1,-1,-1,1,1,-1,1,1,-1,1,1,1,1,1,1,-1,-1,1,1,1,1,1,-1,1,1,1,1,1,1,-1,-1,-1,1,1,1,1,-1,1,1,1,1,-1,1,-1,1,-1,1,1,1,-1,-1,1,1,1,1,1,-1,1,-1,-1,1,-1,1,-1,1,1,1,1,1,1,1,1,1,-1,1,-1,1,-1,1,1,-1,1,-1,1,1,-1,1,-1,1,-1,1,-1,1,1,-1,1,-1,1,1,1,1,-1,-1,1,1,-1,-1,1,-1,1,-1,-1,1,-1,1,-1,1,-1,1,-1,1,1,-1,-1,-1,1,1,-1,1,-1,1,1,1,-1,1,1,-1,-1,-1,1,-1,1,-1,1,-1,1,1,-1,1,-1,-1,-1,1,1,-1,1,-1,-1,-1,1,1,-1,-1,1,1,-1,-1,1,1,-1,1,1,-1,1,1,1,1,-1,1,-1,1,1,-1,1,-1,1,1,-1,1,1,-1,-1,1,-1,-1,1,-1,-1,-1,1,1,-1,1,1,1,-1,1,-1,-1,1,1,1,-1,1,-1,1,1,1,1,-1,1,-1,1,1,1,-1,1,1,-1,-1,1,1,1,-1,1,-1,1,1,1,-1,1,1,-1,1,1,1,-1,1,-1,-1,1,1,1,1,1,-1,-1,-1,1,1,-1,1,-1,-1,1,-1,1,-1,1,1,-1,-1,1,1,1,1,1,-1,-1,1,1,-1,1,-1,1,-1,-1,-1,-1,1,1,-1,-1,1,1,-1,1,1,-1,-1,1,1,1,1,1,-1,1,1,1,-1,1,-1,-1,-1,-1,1,1,1,1,-1,-1,1,1,1,1,-1,-1,-1,-1,-1,1,-1,-1,-1,1,-1,1,1,1,1,-1,1,1,-1,1,-1,1,-1,-1,1,-1,1,1,1,1,-1,1,-1,-1,1,1,-1,-1,1,-1,1,1,1,-1,-1,1,-1,-1,1,1,-1,1,1,-1,1,1,-1,-1,1,1,-1,1,-1,-1,-1,1,-1,-1,1,-1,-1,-1,1,-1,-1,1,-1,-1,-1,1,-1,-1,1,1,-1,-1,1,-1,-1,1,-1,-1,-1,1,1,-1,1,-1,-1,-1,1,1,-1,-1,-1,1,-1,1,-1,-1,1,-1,-1,1,1,1,-1,-1,1,-1,1,-1,1,-1,-1,1,-1,-1,1,1,1,-1,1,-1,1,-1,1,-1,1,-1,-1,-1,1,-1,-1,-1,1,1,-1,1,-1,1,-1,1,-1,1,1,-1,1,1,1,-1,-1,1,-1,1,-1,1,1,-1,1,-1,-1,1,1,-1,-1,1,-1,-1,-1,1,-1,-1,1,-1,1,1,1,1,-1,1,-1,-1,1,1,-1,-1,1,-1,-1,-1,1,1,-1,-1,1,1,-1,-1,-1,-1,1,1,1,1,1,1,-1,-1,1,1,-1,1,-1,-1,1,1,1,1,-1,-1,-1,1,-1,1,1,1,-1,-1,-1,1,1,1,-1,-1,-1,1,1,1,1,1,-1,-1,-1,1,1,1,-1,-1,-1,-1,1,1,1,1,-1,-1,1,1,1,1,1,-1,-1,-1,1,1,1,1,-1,-1,-1,1,1,-1,1,-1,-1,-1,1,1,1,1,-1,-1,1,1,1,1,1,-1,1,1,-1,1,1,-1,-1,-1,1,1,1,-1,1,-1,1,1,1,1,1,1,-1,-1,1,-1,1,-1,1,-1,-1,1,-1,1,-1,-1,-1,-1,1,-1,1,1,-1,1,-1,1,1,1,-1,1,1,-1,1,-1,1,-1,-1,-1,-1,1,1,-1,-1,-1,-1,-1,1,-1,1,-1,-1,-1,-1,-1,-1,-1,1,-1,-1,-1,1,-1,-1,1,-1,-1,-1,-1,-1,-1,1,-1,-1,-1,-1,-1,1,-1,-1,-1,1,-1,-1,1,-1,1,-1,-1,-1,-1,-1,-1,-1,1,-1,-1,-1,1,1,1,-1,-1,1,1,-1,-1,-1,-1,1,-1,-1,1,-1,1,-1,-1,-1,-1,1,-1,1,1,-1,1,-1,-1,1,1,-1,-1,-1,-1,-1,-1,1,1,-1,-1,1,-1,1,1,-1,-1,-1,1,-1,-1,1,-1,-1,1,-1,-1,1,1,1,-1,1,-1,1,1,1,-1,-1,1,-1,-1,1,1,1,-1,1,-1,-1,1,1,-1,1,1,-1,-1,1,1,1,1,1,-1,-1,1,1,1,1,1,-1,-1,1,1,1,1,1,1,-1,-1,1,1,-1,1,-1,-1,1,-1,1,1,1,1,-1,-1,1,-1,1,1,1,-1,1,1,1,1,-1,1,-1,1,1,1,1,1,1,1,-1,1,1,1,1,-1,1,-1,1,1,1,1,1,-1,1,1,1,1,-1,-1,1,-1,1,1,-1,1,1,-1,-1,1,1,1,-1,1,1,-1,1,1,1,-1,-1,1,-1,1,1,1,-1,1,-1,-1,-1,1,1,-1,-1,1,-1,-1,1,1,-1,-1,1,-1,-1,-1,1,1,1,-1,-1,-1,1,1,-1,-1,1,1,-1,-1,1,-1,1,1,-1,1,1,-1,-1,1,-1,-1,-1,1,1,-1,1,1,-1,1,1,-1,-1,1,-1,1,-1,-1,-1,-1,1,-1,-1,1,1,-1,1,1,-1,1,1,1,1,-1,1,-1,1,1,1,1,-1,1,-1,-1,1,1,1,-1,1,-1,1,1,1,1,-1,1,-1,1,1,-1,-1,-1,1,-1,-1,1,1,-1,-1,-1,1,-1,1,-1,1,-1,1,-1,-1,1,-2674.0,1,2000,445,1500,False
222,1,1,-1,-1,1,-1,-1,-1,1,1,1,-1,1,1,1,1,-1,1,-1,-1,-1,-1,1,1,1,-1,-1,-1,1,1,1,1,-1,-1,-1,-1,1,-1,1,1,-1,-1,-1,1,1,1,1,-1,1,1,1,1,-1,1,-1,-1,1,-1,1,1,1,-1,-1,-1,1,1,1,1,-1,1,-1,1,1,1,1,-1,-1,-1,1,1,1,-1,-1,-1,1,1,1,1,-1,1,-1,1,1,1,1,-1,-1,1,1,-1,1,1,-1,-1,1,1,1,1,1,-1,-1,1,1,1,1,1,-1,-1,1,1,1,1,1,1,-1,1,1,1,-1,1,1,-1,1,1,1,1,1,1,-1,-1,1,1,1,1,1,-1,1,1,1,1,1,1,-1,-1,-1,1,1,1,1,-1,1,1,1,1,-1,1,-1,1,-1,1,1,1,-1,-1,1,1,1,1,1,-1,1,-1,-1,1,-1,1,-1,1,1,1,1,1,1,1,1,1,1,1,-1,1,-1,1,1,-1,1,-1,1,1,-1,1,-1,1,-1,1,-1,1,1,-1,-1,-1,1,1,1,1,-1,-1,1,1,-1,-1,1,-1,1,-1,-1,1,-1,1,-1,1,-1,1,-1,-1,1,-1,1,-1,1,1,-1,1,-1,1,1,1,-1,1,1,-1,-1,-1,1,-1,1,-1,1,-1,1,1,-1,1,-1,-1,-1,1,1,-1,1,-1,-1,-1,1,1,-1,-1,1,1,-1,-1,1,1,-1,1,1,-1,1,1,1,1,-1,1,-1,1,1,-1,1,-1,1,1,-1,1,1,1,1,1,-1,-1,1,-1,-1,-1,1,1,-1,1,1,1,-1,1,-1,-1,1,1,1,-1,1,-1,1,1,1,-1,-1,1,-1,1,1,1,-1,1,1,-1,-1,1,1,1,-1,1,-1,1,1,1,-1,1,1,-1,1,1,1,-1,1,-1,-1,1,1,1,-1,1,-1,-1,-1,1,1,-1,1,-1,-1,1,-1,1,-1,1,1,-1,-1,1,1,1,-1,1,-1,-1,1,1,-1,1,-1,1,-1,-1,-1,-1,1,1,-1,-1,1,1,-1,1,1,-1,-1,1,1,1,1,1,-1,1,1,1,-1,1,-1,-1,-1,-1,1,1,1,1,-1,-1,1,1,1,1,-1,-1,-1,-1,-1,1,-1,-1,-1,1,-1,1,1,-1,1,1,1,1,-1,1,-1,1,-1,-1,1,-1,1,1,1,1,-1,1,-1,-1,1,1,-1,-1,1,-1,1,1,1,-1,-1,1,-1,-1,1,1,-1,1,1,-1,1,1,-1,-1,1,1,-1,1,-1,-1,-1,1,-1,1,1,-1,-1,-1,1,-1,-1,1,-1,-1,-1,1,-1,-1,1,1,-1,-1,1,-1,-1,1,-1,-1,-1,1,1,-1,1,-1,-1,-1,1,1,-1,1,-1,1,-1,1,-1,-1,1,-1,-1,1,-1,1,-1,-1,1,-1,1,-1,1,-1,1,1,-1,-1,1,1,1,-1,1,-1,1,-1,1,1,1,-1,-1,-1,1,-1,-1,-1,1,1,-1,1,-1,1,-1,1,-1,1,1,-1,1,1,1,-1,-1,1,-1,1,-1,1,1,-1,1,-1,-1,1,1,-1,-1,1,-1,-1,-1,1,-1,-1,1,-1,1,1,1,1,-1,1,-1,-1,1,1,-1,-1,1,-1,-1,-1,1,1,-1,-1,1,1,-1,1,-1,-1,1,1,1,-1,1,1,-1,-1,1,1,-1,1,-1,-1,-1,1,1,1,-1,-1,-1,1,-1,1,1,1,-1,-1,-1,1,1,1,-1,-1,-1,1,1,1,1,1,-1,-1,-1,1,1,1,-1,-1,-1,-1,1,1,1,1,-1,-1,-1,1,1,1,1,-1,-1,1,1,1,1,1,-1,-1,-1,1,1,-1,1,-1,-1,-1,1,1,1,1,-1,-1,1,1,1,1,1,-1,1,1,-1,1,1,-1,-1,-1,1,1,1,-1,1,-1,1,1,1,1,1,1,-1,-1,1,-1,1,-1,1,-1,-1,1,-1,1,-1,-1,-1,-1,1,-1,1,1,-1,1,-1,1,1,1,-1,1,1,-1,1,-1,1,-1,-1,-1,-1,1,1,-1,-1,-1,-1,-1,1,-1,1,-1,-1,-1,-1,-1,-1,-1,1,-1,-1,-1,1,-1,-1,1,-1,-1,-1,-1,-1,-1,1,-1,-1,-1,-1,-1,1,-1,-1,-1,1,-1,-1,1,-1,1,-1,-1,-1,-1,-1,-1,-1,1,-1,-1,-1,1,1,-1,-1,-1,1,1,-1,-1,-1,-1,1,-1,-1,1,1,1,-1,-1,-1,-1,1,-1,1,1,-1,1,-1,-1,1,1,-1,-1,-1,-1,-1,-1,1,1,-1,-1,1,-1,1,1,-1,-1,-1,1,-1,-1,1,-1,-1,1,-1,-1,1,1,1,-1,1,-1,1,1,1,-1,-1,1,-1,-1,1,1,1,-1,1,-1,-1,1,1,-1,1,1,-1,-1,1,1,-1,1,1,-1,-1,1,1,-1,1,1,-1,-1,1,1,1,1,-1,1,-1,-1,1,1,-1,1,-1,-1,1,-1,1,1,1,1,-1,-1,1,-1,1,1,1,-1,1,-1,1,1,-1,1,-1,1,1,1,1,1,1,1,-1,-1,1,1,1,-1,1,-1,1,1,1,1,1,-1,1,-1,1,1,-1,1,1,-1,1,1,-1,1,1,-1,-1,1,1,1,1,-1,1,-1,-1,1,1,-1,-1,1,-1,1,1,1,-1,1,-1,-1,-1,1,1,-1,-1,1,-1,-1,1,1,-1,-1,1,-1,-1,1,1,1,-1,1,-1,-1,1,1,-1,-1,-1,1,-1,-1,1,-1,1,1,-1,1,1,-1,-1,1,1,-1,-1,-1,1,-1,1,1,-1,1,1,-1,-1,-1,-1,1,-1,-1,-1,-1,1,-1,-1,1,1,-1,1,1,-1,1,1,1,1,-1,1,-1,1,1,1,1,-1,1,-1,-1,1,1,1,-1,1,-1,1,1,1,1,-1,1,-1,1,1,1,-1,-1,1,-1,-1,1,1,-1,-1,-1,1,-1,1,1,1,-1,1,-1,-1,1,-2674.0,1,2000,445,1500,False
223,1,1,-1,-1,1,1,-1,-1,1,1,1,-1,1,1,1,1,-1,1,-1,-1,1,-1,1,1,1,-1,1,-1,1,1,1,1,1,-1,-1,-1,1,-1,1,1,-1,-1,-1,1,1,1,1,-1,1,1,1,1,-1,1,-1,-1,1,-1,1,1,1,-1,-1,-1,1,1,1,1,-1,-1,-1,1,1,1,1,-1,-1,-1,1,1,1,-1,-1,-1,1,1,1,1,-1,-1,-1,1,1,1,1,-1,-1,1,1,-1,1,1,-1,-1,1,1,1,1,1,-1,-1,1,1,1,1,1,-1,-1,1,1,1,1,1,1,-1,-1,1,1,-1,1,1,-1,1,1,1,1,1,1,-1,-1,1,1,1,1,1,-1,1,1,1,1,1,1,-1,-1,-1,1,1,1,1,-1,1,1,1,1,-1,1,-1,1,1,1,1,1,-1,-1,1,1,1,1,1,-1,1,-1,-1,1,-1,1,-1,1,1,1,1,1,1,1,1,1,-1,1,-1,1,-1,1,1,-1,1,-1,1,1,-1,1,-1,1,-1,1,-1,1,1,-1,1,-1,1,1,1,1,-1,-1,1,1,-1,-1,1,-1,1,-1,-1,1,-1,1,-1,1,-1,1,-1,-1,1,-1,-1,-1,1,1,-1,1,-1,1,1,1,-1,1,1,-1,1,-1,1,-1,1,-1,1,-1,1,1,-1,1,-1,-1,-1,1,1,-1,1,-1,-1,-1,1,1,-1,-1,1,1,-1,-1,1,1,-1,1,1,-1,1,1,1,1,-1,1,-1,1,1,-1,1,-1,1,1,-1,1,1,1,1,1,-1,-1,1,-1,-1,1,1,1,-1,1,1,1,-1,1,-1,-1,1,1,1,1,1,-1,1,1,1,-1,1,1,-1,1,1,1,-1,1,1,-1,-1,1,1,1,-1,1,-1,1,1,1,-1,1,1,-1,1,1,1,-1,1,-1,-1,1,1,1,-1,1,-1,-1,-1,1,1,-1,1,-1,-1,1,-1,1,-1,1,1,-1,-1,1,1,1,-1,1,-1,-1,1,1,-1,1,-1,1,-1,-1,-1,-1,1,1,-1,-1,1,1,-1,1,1,-1,-1,1,1,1,1,1,-1,1,1,1,-1,1,-1,-1,-1,-1,1,1,1,1,-1,-1,1,1,1,1,-1,-1,-1,-1,-1,1,-1,-1,-1,1,-1,1,1,-1,1,-1,1,1,-1,1,-1,1,-1,-1,1,-1,1,1,1,1,-1,1,-1,-1,1,1,-1,-1,1,-1,1,1,1,-1,-1,1,-1,-1,1,1,-1,1,1,-1,1,1,-1,-1,1,1,-1,1,-1,-1,-1,1,-1,-1,1,-1,-1,1,1,-1,-1,1,-1,-1,-1,1,-1,-1,1,-1,-1,-1,1,-1,-1,1,-1,-1,-1,1,1,-1,1,1,-1,-1,1,1,-1,-1,-1,1,-1,1,-1,-1,1,-1,-1,1,1,1,-1,-1,1,-1,1,-1,1,-1,-1,1,-1,-1,1,1,1,-1,1,-1,1,-1,-1,-1,1,-1,-1,-1,1,-1,-1,-1,1,1,-1,1,-1,1,-1,1,-1,1,1,-1,1,1,1,-1,1,1,-1,1,-1,1,1,-1,1,-1,-1,1,1,-1,-1,1,-1,-1,-1,1,-1,-1,1,-1,1,1,1,1,-1,1,-1,-1,1,1,-1,-1,1,-1,-1,-1,1,1,-1,-1,1,1,-1,-1,-1,-1,-1,1,1,1,1,1,-1,1,1,1,-1,1,-1,-1,1,1,1,1,-1,-1,-1,1,-1,1,1,1,-1,-1,-1,1,1,1,-1,-1,-1,-1,1,1,1,1,-1,-1,-1,1,1,1,-1,-1,-1,-1,1,1,1,1,-1,-1,1,1,1,1,1,-1,-1,-1,1,1,1,1,-1,-1,-1,1,1,-1,1,-1,-1,-1,1,1,1,1,-1,-1,1,1,1,1,1,-1,1,1,-1,1,1,-1,-1,-1,1,1,1,-1,1,-1,1,1,1,1,1,1,-1,-1,1,-1,1,-1,1,-1,-1,1,-1,1,-1,-1,-1,-1,1,-1,1,1,-1,1,-1,1,1,1,-1,1,1,-1,1,-1,1,-1,-1,-1,-1,1,1,-1,-1,-1,-1,-1,1,-1,1,-1,-1,-1,-1,-1,-1,-1,1,-1,-1,-1,1,-1,-1,1,-1,-1,-1,-1,-1,-1,1,-1,-1,-1,-1,-1,1,-1,-1,-1,1,-1,-1,1,-1,1,-1,-1,-1,-1,-1,-1,-1,1,-1,-1,-1,1,1,1,-1,-1,1,-1,-1,-1,-1,-1,1,-1,-1,1,1,1,-1,-1,-1,-1,1,-1,1,1,-1,1,-1,-1,1,1,-1,-1,-1,-1,-1,-1,1,1,-1,-1,1,-1,1,1,-1,-1,-1,1,-1,-1,1,-1,-1,1,-1,-1,1,1,1,-1,1,-1,1,1,1,-1,-1,1,-1,-1,1,1,1,-1,1,-1,-1,1,1,-1,1,1,-1,-1,1,1,1,1,1,-1,-1,1,1,1,1,1,-1,-1,1,1,1,1,-1,1,-1,-1,1,1,-1,1,-1,-1,1,-1,1,1,1,1,-1,-1,1,-1,1,1,1,-1,1,1,1,1,-1,1,-1,1,1,1,1,1,1,1,-1,1,1,1,1,-1,1,-1,1,1,1,1,1,-1,1,1,1,1,-1,1,1,-1,1,1,-1,1,1,-1,-1,1,1,1,1,-1,1,-1,1,1,1,-1,-1,1,-1,1,1,1,-1,1,-1,-1,-1,1,1,-1,-1,1,-1,-1,1,1,-1,-1,1,-1,-1,-1,1,1,-1,1,-1,-1,1,1,-1,-1,-1,1,-1,-1,1,-1,1,1,-1,1,1,-1,-1,1,1,-1,-1,1,1,-1,1,1,-1,1,1,-1,-1,-1,-1,1,-1,-1,-1,-1,-1,1,-1,1,1,-1,1,1,-1,1,1,1,1,-1,1,-1,1,1,1,1,-1,1,-1,-1,1,1,1,-1,1,-1,1,1,1,1,-1,1,-1,1,1,-1,-1,-1,1,-1,-1,1,1,-1,-1,-1,1,-1,1,-1,1,-1,1,-1,-1,1,-2674.0,1,2000,445,1500,False
224,1,1,-1,-1,1,1,-1,-1,1,1,1,-1,-1,1,1,1,-1,1,1,-1,1,-1,1,1,1,1,-1,-1,1,1,1,1,-1,-1,-1,-1,1,1,1,1,-1,-1,-1,1,1,1,1,-1,1,1,1,1,-1,1,-1,-1,1,-1,1,1,1,-1,-1,-1,1,1,1,1,-1,-1,-1,1,1,1,1,-1,-1,-1,1,1,1,-1,-1,-1,1,1,1,1,-1,-1,-1,1,1,1,1,-1,-1,1,1,-1,1,1,-1,-1,1,1,1,1,1,-1,-1,1,1,1,1,1,-1,-1,1,1,1,1,1,1,-1,1,1,1,-1,1,1,-1,1,1,1,1,1,1,-1,-1,1,1,1,1,1,-1,1,1,1,1,1,1,-1,-1,-1,1,1,1,1,-1,1,1,1,1,-1,1,-1,1,-1,1,1,1,-1,-1,1,1,1,1,1,-1,1,-1,-1,1,-1,1,-1,1,1,1,1,1,1,1,1,1,-1,1,-1,1,-1,1,1,-1,1,-1,1,1,-1,1,-1,1,-1,1,-1,1,1,-1,1,-1,1,1,1,1,-1,-1,1,1,-1,-1,1,-1,1,-1,1,1,-1,1,-1,1,-1,1,-1,1,1,-1,1,-1,1,1,-1,1,-1,1,1,1,-1,1,1,-1,1,-1,1,-1,1,-1,1,-1,1,1,-1,1,-1,-1,-1,1,1,-1,1,-1,-1,-1,1,1,-1,-1,1,1,-1,-1,1,1,-1,1,1,-1,1,1,1,1,-1,1,-1,1,1,-1,1,-1,1,1,-1,1,1,1,1,1,-1,-1,1,-1,-1,-1,1,1,-1,1,1,1,-1,1,-1,-1,1,1,1,1,1,-1,1,1,1,-1,-1,1,-1,1,1,1,-1,1,1,-1,-1,1,1,1,-1,1,-1,1,1,1,-1,1,1,-1,1,1,1,-1,1,-1,-1,1,1,1,-1,1,-1,-1,-1,1,1,-1,1,-1,-1,1,-1,1,-1,1,1,-1,-1,1,1,1,-1,1,-1,-1,1,1,-1,1,-1,1,-1,-1,-1,-1,1,1,1,-1,1,1,-1,1,1,-1,-1,1,1,1,1,1,-1,1,1,1,-1,1,-1,-1,-1,-1,1,1,1,1,-1,-1,1,1,1,1,-1,-1,-1,-1,-1,1,-1,-1,-1,1,-1,1,1,-1,1,1,1,1,-1,1,-1,1,-1,-1,1,-1,1,1,1,1,-1,1,-1,-1,1,1,-1,-1,1,-1,1,1,1,-1,-1,1,-1,-1,1,1,-1,1,1,-1,1,1,-1,-1,1,1,-1,1,-1,-1,-1,1,-1,-1,1,-1,-1,-1,1,-1,-1,1,-1,-1,-1,1,-1,-1,1,-1,-1,-1,1,-1,-1,1,-1,-1,-1,1,1,-1,1,1,-1,-1,1,1,-1,-1,1,1,-1,1,-1,-1,1,1,-1,1,-1,1,-1,-1,1,-1,1,-1,1,1,-1,1,-1,-1,1,1,1,-1,1,-1,1,-1,-1,1,1,-1,-1,-1,1,-1,-1,-1,1,1,-1,1,-1,1,-1,1,-1,1,1,-1,1,1,1,-1,-1,1,-1,1,-1,1,1,-1,1,-1,-1,1,1,-1,-1,1,-1,-1,-1,1,-1,-1,1,-1,1,1,1,1,-1,1,-1,-1,1,1,-1,-1,1,-1,-1,-1,1,1,-1,-1,1,1,-1,-1,-1,-1,1,1,1,-1,1,1,-1,-1,1,1,-1,1,-1,-1,-1,1,1,1,-1,-1,-1,1,-1,1,1,1,-1,-1,-1,1,1,1,-1,-1,-1,-1,1,1,1,1,-1,-1,-1,1,1,1,-1,-1,-1,-1,1,1,1,1,-1,-1,1,1,1,1,1,-1,-1,-1,1,1,1,1,-1,-1,-1,1,1,-1,1,-1,-1,-1,1,1,1,1,-1,-1,1,1,1,1,1,-1,1,1,-1,1,1,-1,-1,-1,1,1,1,-1,1,-1,1,1,1,1,1,1,-1,-1,1,-1,1,-1,1,-1,-1,1,-1,1,1,-1,-1,-1,1,-1,1,1,-1,-1,-1,1,1,1,-1,1,-1,-1,1,-1,1,-1,-1,-1,-1,1,1,-1,-1,-1,-1,-1,1,-1,1,-1,-1,-1,-1,-1,-1,-1,1,-1,-1,-1,1,-1,-1,1,-1,-1,-1,-1,-1,1,1,-1,-1,-1,-1,-1,1,-1,-1,-1,1,-1,-1,1,-1,1,-1,-1,-1,-1,-1,-1,-1,1,-1,-1,-1,1,1,-1,-1,-1,-1,1,-1,-1,-1,-1,1,-1,-1,1,-1,1,-1,-1,-1,-1,1,-1,1,1,-1,1,-1,-1,1,1,-1,-1,-1,-1,-1,-1,1,1,-1,-1,1,-1,1,1,-1,-1,-1,1,-1,-1,1,-1,-1,1,-1,-1,1,1,1,-1,1,-1,1,1,1,-1,-1,1,-1,-1,1,1,1,-1,1,-1,-1,1,1,-1,1,1,-1,-1,1,1,-1,1,1,-1,-1,1,1,-1,1,1,-1,-1,1,1,1,1,1,1,-1,-1,1,-1,1,1,-1,-1,1,-1,1,1,1,1,-1,-1,1,-1,1,1,1,-1,1,1,1,1,-1,1,-1,1,1,1,1,1,1,1,-1,1,1,1,1,-1,1,-1,1,1,1,1,1,-1,1,1,1,1,-1,1,1,-1,1,1,-1,1,1,-1,-1,1,1,1,1,-1,1,-1,1,1,1,-1,-1,1,-1,1,1,1,-1,1,-1,-1,-1,1,1,-1,-1,1,-1,-1,1,1,1,-1,1,-1,-1,1,1,1,-1,1,-1,-1,1,1,-1,-1,-1,1,-1,1,1,-1,1,1,-1,1,1,-1,-1,1,1,-1,-1,1,1,-1,1,1,-1,1,1,-1,-1,-1,-1,1,-1,-1,-1,-1,1,-1,-1,1,1,-1,1,1,-1,1,1,1,1,-1,1,-1,1,1,1,1,-1,1,-1,1,-1,1,1,-1,1,-1,-1,1,1,1,-1,1,-1,1,1,-1,-1,-1,1,-1,-1,1,1,-1,-1,-1,1,-1,1,-1,1,-1,1,-1,-1,1,-2674.0,1,2000,445,1000,False
225,1,1,-1,-1,1,1,-1,-1,1,1,1,-1,-1,1,1,1,-1,1,-1,-1,1,-1,1,1,1,-1,-1,-1,1,1,1,1,-1,-1,-1,-1,1,-1,1,1,-1,-1,-1,1,1,1,1,-1,1,1,1,1,-1,1,-1,-1,1,-1,1,1,1,-1,-1,-1,1,1,1,1,-1,-1,-1,1,1,1,1,-1,-1,-1,1,1,1,-1,-1,-1,1,1,1,1,-1,-1,-1,1,1,1,1,-1,-1,1,1,-1,1,1,-1,-1,1,1,1,1,1,-1,-1,1,1,1,1,1,-1,-1,1,1,1,1,1,1,-1,-1,1,1,-1,1,1,-1,1,1,1,1,1,1,-1,-1,1,1,1,1,1,-1,1,1,1,1,1,1,-1,-1,-1,1,1,1,1,-1,1,1,1,1,-1,1,-1,1,-1,1,1,1,-1,-1,1,1,1,1,1,-1,1,-1,-1,1,-1,1,-1,1,1,1,1,1,1,1,1,1,1,1,-1,1,-1,1,1,-1,1,-1,1,1,-1,1,-1,1,-1,1,-1,1,1,-1,1,-1,1,1,1,1,-1,-1,1,1,-1,-1,1,-1,1,-1,-1,1,-1,1,-1,1,-1,1,-1,1,1,-1,-1,-1,1,1,-1,1,-1,1,1,1,-1,1,1,-1,1,-1,1,-1,1,-1,1,-1,1,1,-1,1,-1,-1,-1,1,1,-1,1,-1,-1,-1,1,1,-1,-1,1,1,-1,-1,1,1,-1,1,1,-1,1,1,1,1,-1,1,-1,1,1,-1,1,-1,1,1,-1,1,1,-1,-1,1,-1,-1,1,-1,-1,-1,1,1,-1,1,1,1,-1,1,-1,-1,1,1,1,1,1,-1,1,1,1,1,-1,1,-1,1,1,1,-1,1,1,-1,-1,1,1,1,-1,1,-1,1,1,1,-1,1,1,-1,1,1,1,-1,1,-1,-1,1,1,1,1,1,-1,-1,-1,1,1,-1,1,-1,-1,1,-1,1,-1,1,1,-1,-1,1,1,1,-1,1,-1,-1,1,1,-1,1,-1,1,-1,-1,-1,-1,1,1,-1,-1,1,1,-1,1,1,-1,-1,1,1,1,1,1,-1,1,1,1,-1,1,-1,-1,-1,-1,1,1,1,1,-1,-1,1,1,1,1,-1,-1,-1,-1,-1,1,-1,-1,-1,1,-1,1,1,-1,1,-1,1,1,-1,1,-1,1,-1,-1,1,-1,1,1,1,-1,1,1,-1,-1,1,1,-1,-1,1,-1,1,1,-1,1,-1,1,-1,-1,1,1,-1,1,1,-1,1,1,1,-1,1,1,-1,1,-1,-1,-1,1,1,-1,1,-1,-1,-1,1,-1,-1,1,-1,1,-1,1,-1,-1,1,-1,-1,-1,1,-1,-1,1,-1,-1,-1,1,1,-1,1,1,-1,-1,1,1,-1,-1,1,1,-1,1,-1,-1,1,1,-1,1,-1,1,-1,-1,1,-1,1,-1,1,-1,-1,1,-1,-1,1,1,1,-1,1,-1,1,-1,-1,1,1,-1,-1,-1,1,-1,-1,-1,1,1,-1,1,-1,1,-1,1,-1,1,1,-1,1,1,1,-1,-1,1,-1,1,-1,1,1,-1,1,-1,-1,1,1,-1,-1,1,-1,-1,-1,1,-1,-1,1,-1,1,1,1,1,-1,1,-1,-1,1,1,-1,-1,1,-1,-1,-1,1,1,-1,-1,1,1,-1,-1,-1,-1,1,1,1,1,1,1,-1,-1,1,1,1,-1,-1,-1,1,1,1,1,-1,-1,-1,1,-1,1,-1,1,-1,-1,-1,1,1,1,-1,-1,-1,-1,1,1,1,1,-1,-1,-1,1,1,1,-1,-1,-1,-1,1,1,1,1,-1,-1,1,1,1,1,1,-1,-1,-1,1,1,1,1,-1,-1,-1,1,1,-1,1,-1,-1,-1,1,1,1,1,-1,-1,1,1,1,1,1,-1,1,1,-1,1,1,-1,-1,-1,1,1,1,1,1,-1,1,1,1,1,1,1,-1,-1,1,-1,1,-1,1,-1,-1,1,-1,1,-1,-1,-1,-1,1,-1,1,1,-1,1,-1,1,1,1,-1,1,1,-1,1,-1,1,-1,-1,-1,-1,1,1,-1,-1,-1,-1,-1,1,-1,1,-1,-1,-1,-1,-1,-1,-1,1,-1,-1,-1,1,-1,-1,1,-1,-1,-1,-1,-1,-1,1,-1,-1,-1,-1,-1,1,-1,-1,-1,1,-1,-1,1,-1,1,-1,-1,-1,-1,-1,-1,-1,1,-1,-1,-1,1,1,-1,-1,-1,1,-1,-1,-1,-1,-1,1,-1,-1,1,-1,1,-1,-1,-1,-1,1,-1,1,1,-1,1,-1,-1,1,1,-1,-1,-1,-1,-1,-1,1,1,-1,-1,1,-1,1,1,-1,-1,-1,1,-1,1,1,-1,-1,1,-1,-1,1,1,1,-1,1,-1,1,1,1,-1,-1,1,-1,-1,1,1,1,-1,1,-1,-1,1,1,-1,1,1,-1,-1,1,1,-1,1,1,-1,-1,1,1,-1,1,1,-1,-1,1,1,1,1,1,1,-1,-1,1,1,1,1,-1,-1,1,-1,1,1,1,1,-1,-1,1,-1,1,1,1,-1,1,1,1,1,-1,1,-1,1,1,1,1,1,1,1,-1,1,1,1,1,-1,1,-1,1,1,1,1,1,-1,1,1,1,1,-1,-1,1,-1,1,1,-1,1,1,-1,-1,1,1,1,-1,1,1,-1,1,1,1,-1,-1,1,-1,1,1,1,-1,1,-1,-1,-1,1,1,-1,-1,1,-1,-1,1,1,-1,-1,1,-1,-1,1,1,1,1,-1,-1,-1,1,1,-1,-1,-1,1,-1,1,1,-1,1,1,-1,1,1,-1,-1,1,1,-1,-1,1,1,-1,1,1,-1,1,1,-1,-1,-1,-1,1,-1,-1,-1,-1,1,-1,-1,1,1,-1,1,1,-1,1,1,1,1,-1,1,-1,1,1,1,1,-1,1,-1,-1,-1,1,1,-1,1,-1,1,1,1,1,-1,1,-1,1,1,-1,-1,-1,1,-1,-1,1,1,-1,-1,-1,1,-1,1,-1,1,-1,1,-1,-1,1,-2674.0,1,2000,445,1000,False
226,1,1,-1,-1,1,1,-1,1,1,1,1,-1,-1,1,1,1,-1,1,-1,-1,-1,1,1,1,1,-1,-1,-1,1,1,1,1,-1,-1,-1,1,-1,1,1,1,-1,-1,1,1,1,1,1,-1,1,1,1,1,-1,1,-1,-1,1,-1,1,1,1,-1,-1,1,1,1,1,1,-1,-1,1,-1,1,1,1,-1,-1,1,-1,1,1,-1,-1,-1,-1,1,1,1,-1,-1,-1,1,-1,1,1,-1,-1,1,-1,1,1,1,-1,-1,1,-1,-1,1,1,-1,-1,-1,-1,-1,1,1,-1,-1,1,-1,-1,1,1,1,-1,-1,-1,-1,1,1,1,-1,1,-1,-1,1,1,1,-1,1,-1,-1,-1,1,1,-1,1,-1,-1,-1,1,1,-1,-1,1,-1,1,1,1,-1,1,-1,-1,-1,1,1,-1,1,1,-1,1,1,-1,-1,1,-1,-1,1,1,-1,1,-1,1,-1,1,1,-1,1,1,-1,-1,-1,1,1,1,1,1,-1,-1,1,-1,1,1,1,-1,-1,1,1,-1,1,1,-1,1,1,-1,1,1,1,-1,1,1,1,1,1,1,1,-1,1,-1,-1,1,1,-1,-1,1,1,-1,1,1,-1,-1,1,-1,1,1,1,1,-1,-1,1,-1,1,1,-1,1,1,-1,1,1,1,-1,-1,1,-1,1,-1,1,1,1,1,-1,1,-1,1,1,-1,1,-1,1,-1,1,1,1,1,-1,-1,1,1,1,1,1,1,-1,1,1,-1,-1,-1,1,1,-1,1,1,-1,-1,1,-1,-1,1,1,1,-1,1,1,1,1,1,1,-1,1,-1,-1,1,-1,1,-1,1,1,-1,1,1,1,-1,1,1,1,1,1,-1,1,1,-1,1,1,1,-1,1,1,-1,1,1,1,-1,1,1,1,-1,1,1,1,1,1,-1,1,1,-1,1,1,1,-1,1,1,1,-1,1,1,-1,1,1,1,1,-1,1,-1,1,1,1,1,1,1,-1,1,-1,1,-1,1,1,1,-1,-1,1,1,-1,1,-1,1,1,1,-1,1,1,1,1,1,1,-1,1,-1,-1,1,1,-1,1,-1,1,-1,1,1,-1,1,-1,1,1,1,1,1,1,-1,1,-1,-1,-1,1,1,1,-1,-1,1,1,1,-1,1,-1,1,-1,1,1,-1,1,-1,-1,1,1,1,-1,1,-1,1,-1,-1,1,1,1,-1,-1,-1,-1,-1,1,1,-1,-1,1,-1,1,1,-1,-1,1,-1,-1,1,1,1,-1,-1,1,-1,1,-1,-1,1,-1,-1,1,1,-1,1,-1,-1,1,1,1,-1,-1,1,-1,1,1,1,-1,-1,-1,-1,-1,1,1,-1,-1,1,-1,1,-1,1,1,-1,-1,1,-1,1,-1,1,-1,-1,1,-1,-1,-1,1,-1,-1,-1,-1,1,-1,1,-1,-1,1,-1,-1,1,1,-1,-1,-1,-1,-1,1,1,-1,-1,-1,1,-1,-1,1,1,1,-1,1,-1,1,-1,1,-1,1,-1,1,1,-1,-1,1,1,1,-1,1,-1,1,-1,1,1,1,-1,-1,-1,-1,-1,1,1,1,-1,-1,-1,1,1,-1,1,-1,-1,-1,1,1,-1,1,-1,-1,1,1,1,-1,1,-1,-1,-1,-1,1,1,1,-1,1,-1,-1,1,-1,1,-1,-1,1,1,-1,-1,1,1,-1,-1,-1,-1,-1,1,1,-1,1,-1,1,-1,1,1,-1,-1,1,-1,1,1,-1,-1,-1,-1,-1,1,1,-1,1,-1,-1,1,1,1,1,-1,-1,-1,-1,-1,1,-1,1,-1,-1,1,-1,1,1,-1,1,-1,-1,1,1,1,-1,1,-1,1,-1,1,1,-1,1,-1,-1,-1,1,1,-1,1,-1,1,-1,1,1,1,-1,1,-1,-1,1,1,-1,-1,-1,1,-1,1,1,1,-1,1,-1,-1,-1,-1,1,-1,1,-1,-1,1,-1,-1,1,-1,1,-1,1,1,-1,1,-1,1,-1,1,-1,1,-1,1,-1,-1,1,1,-1,1,-1,-1,-1,-1,1,1,1,-1,1,-1,-1,1,-1,1,1,-1,-1,-1,-1,1,1,1,1,-1,-1,1,1,-1,1,1,-1,-1,-1,1,-1,1,-1,-1,-1,1,1,1,-1,1,-1,-1,1,1,1,-1,1,-1,-1,-1,1,-1,-1,1,-1,-1,-1,1,-1,1,-1,-1,1,-1,1,-1,-1,1,-1,-1,-1,1,1,-1,1,1,-1,-1,-1,-1,1,1,-1,-1,-1,1,-1,-1,1,-1,-1,-1,1,-1,1,1,-1,-1,-1,-1,-1,1,1,1,-1,1,-1,1,-1,1,-1,-1,-1,-1,-1,-1,1,1,-1,-1,1,-1,1,1,-1,-1,-1,1,-1,1,1,-1,-1,1,-1,-1,1,1,1,-1,1,-1,1,1,1,-1,-1,1,-1,-1,1,1,1,-1,1,-1,-1,1,1,-1,1,1,-1,-1,1,1,-1,1,1,-1,-1,1,1,-1,1,1,-1,-1,1,1,1,1,1,1,-1,1,1,1,-1,1,-1,-1,1,-1,1,1,1,1,-1,-1,1,-1,1,1,1,-1,1,1,1,1,-1,1,-1,1,1,1,1,1,1,1,-1,1,1,1,1,-1,1,-1,1,1,1,1,1,-1,1,1,1,1,-1,1,-1,1,1,1,-1,1,1,1,1,1,1,1,1,-1,1,1,1,1,1,-1,-1,1,-1,1,1,1,-1,1,-1,1,1,1,1,-1,-1,1,1,-1,1,1,-1,-1,1,1,-1,1,1,1,-1,1,-1,1,1,1,-1,-1,-1,-1,1,1,1,-1,1,1,1,1,1,-1,-1,1,1,1,1,1,1,-1,1,-1,1,1,1,-1,-1,-1,-1,-1,-1,-1,-1,-1,-1,-1,1,1,1,-1,1,1,-1,-1,1,1,1,-1,1,-1,1,1,1,-1,-1,1,-1,1,1,1,-1,-1,1,-1,1,1,1,-1,-1,1,-1,1,-1,1,1,-1,1,-1,-1,1,1,-1,-1,-1,-1,1,1,1,1,-1,1,-1,-1,1,-2674.0,1,2000,445,1000,True
227,1,1,-1,-1,1,-1,-1,-1,1,1,1,-1,1,1,1,1,-1,1,-1,-1,-1,-1,1,1,1,-1,-1,-1,1,1,1,1,1,-1,-1,-1,1,1,1,1,-1,-1,-1,1,1,1,1,-1,1,1,1,1,-1,1,-1,-1,1,-1,1,1,1,-1,-1,-1,1,1,1,1,-1,-1,-1,1,1,1,1,-1,-1,-1,1,1,1,-1,-1,-1,1,1,1,1,-1,-1,1,1,1,1,1,-1,-1,-1,1,-1,1,1,-1,-1,1,1,1,1,1,-1,-1,-1,1,1,1,1,-1,-1,1,1,1,1,1,1,-1,-1,1,1,-1,1,1,-1,1,1,1,1,1,1,-1,1,1,1,1,1,1,-1,1,1,1,1,1,1,-1,-1,-1,1,1,1,1,-1,1,1,1,1,-1,1,-1,1,-1,1,1,1,-1,-1,1,1,1,1,1,-1,1,-1,-1,1,-1,1,-1,1,1,1,1,1,1,1,1,1,-1,1,-1,1,-1,1,1,-1,1,-1,1,1,-1,1,-1,1,-1,1,-1,1,1,-1,-1,-1,1,1,1,1,-1,-1,1,1,-1,-1,1,-1,1,-1,-1,1,-1,1,-1,1,-1,1,-1,-1,1,-1,-1,-1,1,1,-1,1,-1,1,1,1,-1,1,1,-1,1,-1,1,-1,1,-1,1,-1,1,1,-1,1,-1,-1,-1,1,1,-1,1,-1,-1,-1,1,1,-1,-1,1,1,-1,-1,1,1,-1,1,1,-1,1,1,1,1,-1,1,-1,1,1,-1,1,-1,1,1,-1,1,1,1,1,1,-1,-1,1,-1,-1,-1,1,1,-1,1,1,1,-1,1,-1,-1,1,1,1,1,1,-1,1,1,1,-1,-1,1,-1,1,1,1,-1,1,1,-1,-1,1,1,1,-1,1,-1,1,1,1,-1,1,1,-1,1,1,1,-1,1,-1,-1,1,1,1,-1,1,-1,-1,-1,1,1,-1,1,-1,-1,1,-1,1,-1,1,1,-1,-1,1,1,1,-1,1,-1,-1,1,1,-1,1,-1,1,-1,-1,-1,-1,1,1,-1,-1,1,1,-1,1,1,-1,-1,1,1,1,1,1,-1,1,1,1,-1,1,-1,-1,-1,-1,1,1,1,1,-1,-1,1,1,1,1,-1,-1,1,-1,-1,1,-1,-1,-1,-1,1,-1,1,-1,1,-1,1,1,-1,1,-1,1,-1,-1,1,-1,1,1,1,1,-1,1,-1,-1,1,1,-1,-1,1,-1,1,1,1,-1,-1,1,-1,-1,1,1,-1,-1,1,-1,1,1,-1,1,1,1,-1,1,-1,-1,-1,1,-1,-1,1,-1,-1,-1,1,-1,-1,1,-1,-1,-1,1,-1,-1,1,-1,-1,-1,1,-1,-1,1,-1,-1,-1,1,1,-1,1,-1,-1,-1,1,1,-1,-1,-1,1,-1,1,-1,-1,1,-1,-1,1,1,1,-1,-1,1,-1,1,1,1,-1,-1,1,-1,-1,-1,1,1,-1,1,-1,1,1,-1,-1,1,-1,-1,-1,1,-1,-1,-1,1,1,-1,1,-1,1,-1,1,-1,1,1,-1,1,1,1,-1,-1,1,-1,1,-1,1,1,-1,1,-1,-1,1,1,-1,-1,1,-1,-1,-1,1,-1,-1,1,-1,1,1,1,1,-1,1,-1,-1,1,1,-1,-1,1,-1,-1,-1,1,1,-1,-1,1,1,-1,-1,-1,-1,1,1,1,1,1,1,-1,-1,1,1,-1,1,-1,-1,1,1,1,1,-1,-1,-1,1,-1,1,1,1,-1,-1,-1,1,1,1,-1,-1,-1,1,1,1,1,1,-1,-1,-1,1,1,1,-1,-1,-1,-1,1,1,1,1,-1,-1,-1,1,1,1,1,-1,-1,1,1,1,1,1,-1,-1,-1,1,1,-1,1,-1,-1,-1,1,1,1,1,-1,-1,1,1,1,1,-1,-1,1,1,-1,1,1,-1,-1,-1,1,1,1,-1,1,-1,1,1,1,1,1,-1,-1,-1,1,-1,1,-1,-1,-1,-1,1,-1,1,1,-1,-1,-1,1,-1,1,1,-1,-1,-1,1,1,1,1,-1,-1,-1,1,-1,1,1,-1,-1,-1,1,1,-1,-1,-1,-1,-1,1,-1,1,-1,-1,-1,-1,-1,-1,-1,1,-1,-1,-1,1,-1,-1,1,-1,-1,-1,-1,-1,1,1,-1,-1,-1,-1,-1,1,-1,-1,-1,1,-1,-1,1,-1,1,-1,-1,-1,-1,-1,-1,-1,1,-1,-1,-1,1,1,-1,-1,-1,1,-1,-1,-1,-1,-1,1,-1,-1,1,1,1,-1,-1,-1,-1,1,-1,1,1,-1,1,-1,-1,1,1,-1,-1,-1,-1,-1,-1,1,1,-1,-1,1,-1,1,1,-1,-1,-1,1,-1,1,1,-1,-1,1,-1,-1,1,1,1,-1,1,-1,1,1,1,-1,-1,1,-1,-1,1,1,1,-1,1,-1,-1,1,1,-1,1,1,-1,-1,1,1,1,1,1,-1,-1,1,1,1,1,1,-1,-1,1,1,1,1,-1,1,-1,-1,1,1,-1,1,-1,-1,1,-1,1,1,1,1,-1,-1,1,-1,1,1,1,-1,1,1,1,1,-1,1,-1,1,1,1,1,1,1,1,-1,1,1,1,1,-1,1,-1,1,1,1,1,1,-1,1,1,1,1,-1,1,1,-1,1,1,-1,1,1,-1,-1,1,1,1,1,-1,1,-1,1,1,1,-1,-1,1,-1,1,1,1,-1,1,-1,-1,-1,1,1,-1,-1,1,-1,-1,1,1,1,-1,1,-1,-1,1,1,1,-1,1,-1,-1,1,1,-1,-1,-1,1,-1,-1,1,-1,1,1,-1,1,1,-1,-1,1,1,-1,-1,1,1,-1,1,1,-1,1,1,-1,-1,-1,-1,1,-1,-1,-1,-1,1,-1,-1,1,1,-1,1,1,-1,1,1,1,1,-1,1,-1,1,1,1,-1,-1,1,-1,-1,1,1,-1,-1,1,-1,1,1,1,-1,-1,1,-1,1,1,1,1,-1,1,-1,-1,1,1,1,-1,-1,1,-1,1,1,1,-1,1,-1,-1,1,-2674.0,1,2000,445,1000,False
228,1,1,-1,-1,1,-1,-1,-1,1,1,1,-1,1,1,1,1,-1,1,-1,-1,-1,-1,1,1,1,-1,-1,-1,1,1,1,1,-1,-1,-1,-1,1,1,1,1,-1,-1,-1,1,1,1,1,-1,1,1,1,1,-1,1,-1,-1,1,-1,1,1,1,-1,-1,-1,1,1,1,1,-1,-1,-1,1,1,1,1,-1,-1,-1,1,1,1,-1,-1,-1,1,1,1,1,-1,-1,-1,1,1,1,1,-1,-1,1,1,-1,1,1,-1,-1,1,1,1,1,1,-1,-1,1,1,-1,1,1,-1,-1,1,1,1,1,1,1,-1,-1,1,1,-1,1,1,-1,1,1,1,1,1,1,-1,-1,1,1,1,1,1,-1,1,1,1,1,1,1,-1,-1,-1,1,1,1,1,-1,1,1,1,1,-1,1,-1,1,-1,1,1,1,-1,-1,1,1,1,1,1,-1,1,-1,-1,1,-1,1,-1,1,1,1,1,1,1,1,1,1,1,1,-1,1,-1,1,1,-1,1,-1,1,1,-1,1,-1,1,-1,1,-1,1,1,-1,-1,-1,1,1,1,1,-1,-1,1,1,-1,-1,1,-1,1,-1,-1,1,-1,1,-1,1,-1,1,-1,1,1,-1,-1,-1,1,1,-1,1,-1,1,1,1,-1,1,1,-1,1,-1,1,-1,1,-1,1,-1,1,1,-1,1,-1,-1,-1,1,1,-1,1,-1,-1,-1,1,1,-1,-1,1,1,-1,-1,1,1,-1,1,1,-1,1,1,1,-1,-1,1,-1,1,1,-1,1,-1,1,1,-1,1,1,-1,-1,1,-1,-1,1,-1,1,-1,1,1,-1,1,1,1,-1,1,-1,-1,1,1,-1,-1,1,-1,1,1,1,1,-1,1,-1,1,1,1,-1,1,1,-1,-1,1,1,-1,-1,1,-1,1,1,1,1,1,1,-1,1,1,1,1,1,-1,-1,1,1,1,1,1,-1,-1,-1,1,1,1,1,-1,-1,1,-1,1,-1,1,1,-1,-1,1,1,1,1,1,-1,-1,1,1,1,-1,-1,1,-1,-1,-1,-1,1,1,-1,-1,1,1,-1,1,1,-1,-1,1,1,1,1,1,-1,1,1,1,-1,1,-1,-1,-1,-1,1,1,1,1,-1,-1,1,-1,1,1,-1,-1,-1,-1,-1,1,-1,-1,-1,1,-1,1,1,1,1,1,1,1,-1,1,-1,1,-1,-1,1,-1,1,-1,1,1,-1,1,-1,-1,1,1,-1,-1,1,-1,1,1,1,-1,-1,1,-1,1,-1,1,-1,1,1,-1,-1,-1,-1,-1,1,1,-1,1,-1,-1,-1,1,-1,1,-1,1,-1,-1,1,-1,-1,-1,-1,-1,-1,1,-1,1,-1,1,-1,-1,1,-1,-1,1,-1,-1,-1,1,1,-1,-1,-1,-1,-1,1,1,-1,-1,1,1,-1,1,-1,-1,1,-1,-1,1,-1,1,-1,-1,-1,-1,1,-1,1,-1,-1,-1,-1,-1,1,1,1,-1,1,-1,1,-1,-1,1,1,-1,-1,-1,1,-1,-1,-1,1,1,-1,1,-1,1,-1,1,-1,1,1,-1,1,1,1,-1,-1,1,-1,1,-1,1,1,-1,1,-1,-1,1,1,-1,-1,1,-1,-1,-1,1,-1,-1,1,-1,1,1,1,1,-1,1,-1,-1,1,1,-1,-1,1,-1,-1,-1,1,1,-1,-1,1,1,-1,-1,-1,-1,1,1,1,-1,1,1,-1,-1,1,1,-1,1,-1,-1,1,1,1,1,-1,1,-1,1,-1,1,1,1,1,-1,-1,1,1,1,-1,-1,-1,-1,1,1,1,1,-1,-1,-1,1,1,1,-1,-1,-1,-1,1,1,1,1,-1,-1,-1,1,1,1,1,-1,-1,1,1,1,1,1,-1,-1,-1,1,1,-1,1,-1,-1,-1,1,1,1,1,-1,-1,1,1,1,1,1,-1,1,1,-1,1,1,-1,-1,-1,1,1,1,-1,1,-1,1,1,1,1,1,1,-1,-1,1,-1,1,-1,1,-1,-1,1,-1,1,-1,-1,-1,-1,1,-1,1,1,-1,-1,-1,1,1,1,-1,1,-1,-1,1,-1,1,-1,-1,-1,-1,1,1,-1,-1,-1,-1,-1,1,-1,1,-1,-1,-1,-1,-1,-1,-1,1,-1,-1,-1,1,-1,-1,1,-1,-1,-1,-1,-1,-1,1,-1,-1,-1,-1,-1,1,-1,-1,-1,1,-1,-1,1,-1,1,-1,-1,-1,-1,-1,-1,-1,1,-1,-1,-1,1,1,-1,-1,-1,1,1,-1,-1,-1,-1,1,-1,-1,1,-1,1,-1,-1,-1,-1,1,-1,1,1,-1,1,-1,-1,1,1,-1,-1,-1,-1,-1,-1,1,1,-1,-1,1,-1,1,1,-1,-1,-1,1,-1,-1,1,-1,-1,1,-1,-1,1,1,1,-1,1,-1,1,1,1,-1,-1,1,-1,-1,1,1,1,-1,1,-1,-1,1,1,-1,1,1,-1,-1,1,1,1,1,1,-1,-1,1,1,-1,1,1,-1,-1,1,1,1,1,1,1,-1,1,1,1,1,1,-1,-1,1,-1,1,1,1,1,-1,-1,1,-1,1,1,1,-1,1,1,1,1,-1,1,-1,1,1,1,1,1,1,-1,-1,1,1,1,1,-1,1,-1,1,1,1,1,-1,1,-1,1,1,1,-1,-1,1,-1,1,1,-1,1,-1,-1,1,1,1,1,-1,1,-1,-1,1,1,1,-1,-1,-1,1,1,1,1,-1,1,-1,-1,-1,1,1,-1,1,-1,-1,1,1,1,1,-1,1,-1,1,1,1,1,1,1,-1,1,1,1,-1,-1,1,1,1,-1,1,-1,1,-1,-1,1,1,-1,-1,1,-1,-1,1,1,1,-1,1,1,1,1,1,-1,-1,1,-1,-1,1,-1,-1,-1,1,-1,1,-1,1,-1,1,1,-1,1,1,1,1,-1,1,-1,1,1,1,1,-1,1,-1,1,1,1,1,-1,1,-1,1,1,1,1,-1,1,-1,1,1,1,-1,-1,1,-1,-1,1,1,-1,-1,-1,1,-1,1,1,1,-1,1,-1,-1,1,-2674.0,1,2000,445,1000,False
229,1,1,-1,-1,1,1,-1,-1,1,1,1,-1,1,1,1,1,-1,1,-1,-1,-1,-1,1,1,1,-1,1,-1,1,1,1,1,1,-1,-1,-1,1,-1,1,-1,-1,-1,-1,1,1,1,1,-1,1,1,1,1,-1,1,-1,-1,1,-1,1,1,1,-1,-1,-1,1,1,1,1,-1,-1,-1,1,1,1,1,-1,-1,-1,1,1,1,-1,-1,-1,1,1,1,1,-1,-1,1,1,1,1,1,-1,-1,-1,1,-1,1,1,-1,-1,1,1,1,1,1,-1,-1,-1,1,-1,1,1,-1,-1,1,1,1,1,1,1,-1,-1,1,1,-1,1,1,-1,1,1,1,1,1,1,-1,1,1,1,1,1,1,-1,1,1,1,1,1,1,-1,-1,-1,1,1,1,1,-1,1,1,1,1,-1,1,-1,1,-1,1,1,1,-1,-1,1,1,1,1,1,-1,1,-1,-1,1,-1,1,-1,1,1,1,1,1,1,1,1,1,-1,1,-1,1,-1,1,1,-1,1,-1,1,1,-1,1,-1,1,-1,1,-1,1,1,-1,1,-1,1,1,1,1,-1,-1,1,1,-1,-1,1,-1,1,-1,-1,1,-1,1,-1,1,-1,1,-1,1,1,-1,1,-1,1,1,-1,1,-1,1,1,1,-1,1,1,-1,-1,-1,1,-1,1,-1,1,-1,1,1,-1,1,-1,-1,-1,1,1,-1,1,-1,-1,-1,1,1,-1,-1,1,1,-1,-1,1,1,-1,1,1,-1,1,1,1,1,-1,1,-1,1,1,-1,1,-1,1,1,1,1,1,1,1,1,-1,-1,1,-1,-1,-1,1,1,-1,1,1,1,-1,1,1,1,1,1,1,1,1,-1,1,1,1,-1,1,1,-1,1,1,1,-1,1,1,-1,-1,1,1,1,-1,1,-1,1,1,1,-1,1,1,-1,1,1,1,-1,1,1,-1,1,1,1,-1,1,1,-1,-1,1,1,-1,1,1,-1,1,-1,1,-1,1,1,1,-1,1,1,1,-1,1,1,-1,1,1,-1,1,-1,1,-1,-1,-1,-1,1,1,1,-1,1,1,-1,1,1,-1,-1,1,1,1,1,1,-1,1,1,1,-1,1,1,1,1,-1,1,1,-1,-1,1,-1,1,-1,1,-1,1,1,-1,-1,-1,1,-1,-1,1,-1,1,-1,1,-1,1,1,1,1,-1,1,-1,-1,1,-1,1,-1,1,-1,1,1,1,1,-1,-1,1,-1,1,1,-1,-1,1,1,1,-1,1,1,-1,1,-1,-1,1,1,-1,-1,1,-1,1,1,-1,1,-1,1,-1,1,1,-1,-1,1,1,-1,1,1,-1,-1,-1,1,-1,1,1,1,-1,1,-1,1,-1,1,-1,-1,-1,1,-1,1,1,-1,1,-1,1,-1,-1,1,-1,-1,-1,1,-1,1,1,-1,-1,-1,1,-1,-1,1,-1,-1,-1,-1,1,-1,1,-1,-1,-1,-1,1,-1,-1,1,1,1,-1,1,-1,1,-1,1,1,1,-1,-1,-1,1,-1,-1,-1,1,1,-1,1,-1,1,1,1,-1,1,1,-1,1,-1,1,-1,-1,1,-1,-1,1,1,1,-1,1,-1,-1,1,1,-1,-1,1,-1,-1,1,1,-1,-1,1,-1,-1,-1,1,1,-1,1,-1,-1,-1,1,-1,-1,1,-1,1,-1,1,1,-1,-1,1,-1,-1,-1,-1,-1,1,1,1,-1,-1,1,-1,-1,1,-1,-1,1,-1,-1,-1,1,-1,-1,1,1,-1,1,1,-1,1,-1,1,-1,-1,1,1,-1,-1,-1,-1,1,1,-1,-1,1,-1,-1,-1,1,1,-1,-1,-1,-1,-1,1,-1,-1,-1,-1,-1,1,1,1,-1,-1,-1,-1,-1,1,1,-1,-1,-1,-1,-1,1,1,1,-1,-1,-1,-1,1,1,-1,-1,-1,-1,1,1,1,1,1,-1,1,1,1,1,1,1,-1,-1,1,1,1,1,1,-1,1,1,1,1,-1,1,-1,-1,1,-1,1,-1,1,-1,-1,1,-1,1,1,1,-1,-1,1,-1,1,-1,1,1,-1,1,-1,1,1,1,1,-1,1,-1,1,1,1,-1,-1,1,1,-1,1,1,-1,-1,1,-1,1,-1,1,-1,-1,-1,-1,-1,1,1,-1,-1,1,-1,-1,1,1,-1,-1,-1,-1,-1,-1,1,-1,-1,-1,-1,1,-1,-1,-1,1,-1,-1,1,-1,1,-1,-1,-1,-1,-1,-1,1,1,-1,-1,-1,1,1,1,-1,-1,1,1,-1,-1,1,-1,1,-1,-1,1,1,1,-1,-1,-1,-1,1,-1,1,1,-1,1,-1,-1,1,1,-1,-1,-1,-1,-1,-1,1,1,-1,-1,1,-1,1,1,-1,-1,-1,1,-1,1,1,-1,-1,1,-1,-1,1,1,1,-1,1,-1,1,1,1,-1,-1,1,-1,-1,1,1,1,-1,1,-1,-1,1,1,-1,1,1,-1,-1,1,1,1,1,1,-1,-1,1,1,-1,1,1,-1,-1,1,1,1,1,1,1,-1,1,1,1,1,1,-1,-1,1,-1,1,1,1,1,-1,-1,1,-1,1,1,1,-1,1,1,1,1,-1,1,-1,1,1,1,1,1,1,1,-1,-1,1,1,1,-1,1,-1,1,1,1,1,1,-1,1,1,1,1,-1,1,1,-1,1,1,-1,1,1,-1,-1,1,1,1,1,-1,1,-1,1,1,1,-1,-1,1,-1,1,1,1,-1,1,-1,-1,-1,1,1,-1,-1,1,-1,-1,1,1,1,-1,1,-1,1,-1,1,1,-1,-1,-1,-1,1,1,-1,-1,-1,1,1,-1,1,-1,1,1,-1,1,1,-1,-1,1,1,-1,-1,1,1,-1,1,1,1,1,1,-1,-1,-1,-1,1,-1,-1,-1,-1,-1,1,1,1,1,-1,1,1,-1,1,1,1,1,-1,1,-1,1,1,1,-1,-1,1,-1,1,1,1,-1,-1,1,-1,1,1,1,-1,-1,1,-1,1,1,1,1,-1,1,-1,1,1,1,1,-1,-1,1,-1,1,1,1,-1,1,-1,1,1,-2674.0,1,2000,445,0,False
230,1,1,-1,-1,1,1,-1,-1,1,1,1,-1,1,1,1,1,-1,1,-1,-1,1,-1,1,1,1,-1,-1,-1,1,1,1,1,1,-1,-1,-1,1,-1,1,-1,-1,-1,-1,1,1,1,1,-1,1,1,1,1,-1,1,-1,-1,1,-1,1,1,1,-1,-1,-1,1,1,1,1,-1,-1,-1,1,1,1,1,-1,-1,-1,1,1,1,-1,-1,-1,1,1,1,1,-1,-1,-1,1,1,1,1,-1,-1,1,1,-1,1,1,-1,-1,1,1,1,1,1,-1,-1,1,1,1,1,1,-1,-1,1,1,1,1,1,1,-1,1,1,1,-1,1,1,-1,1,1,1,1,1,1,-1,-1,1,1,1,1,1,-1,1,1,1,1,1,1,-1,-1,-1,1,1,1,1,-1,1,1,1,1,-1,1,-1,1,-1,1,1,1,-1,-1,1,1,1,1,1,-1,1,-1,-1,1,-1,1,-1,1,1,1,1,1,1,1,1,1,-1,1,-1,1,-1,1,1,-1,1,-1,1,1,-1,1,-1,1,-1,1,-1,1,1,-1,1,-1,1,1,1,1,-1,-1,1,1,-1,-1,1,-1,1,-1,-1,1,-1,1,-1,1,-1,1,-1,-1,1,-1,-1,-1,1,1,-1,1,-1,1,1,1,-1,1,1,-1,1,-1,1,-1,1,-1,1,-1,1,1,-1,1,-1,-1,-1,1,1,-1,1,-1,-1,-1,1,1,-1,-1,1,1,-1,-1,1,1,-1,1,1,-1,1,1,1,1,-1,1,-1,1,1,-1,1,-1,1,1,-1,1,1,1,1,1,-1,-1,1,-1,-1,-1,1,1,-1,1,1,1,-1,1,-1,-1,1,1,1,-1,1,-1,1,1,1,-1,-1,1,-1,1,1,1,-1,1,1,-1,-1,1,1,1,-1,1,-1,1,1,1,-1,1,1,-1,1,1,1,-1,1,-1,-1,1,1,1,-1,1,-1,-1,-1,1,1,-1,1,-1,-1,1,-1,1,-1,1,1,-1,-1,1,1,1,-1,1,-1,-1,1,1,-1,1,-1,1,-1,-1,-1,-1,1,1,-1,-1,1,1,-1,1,1,-1,-1,1,1,1,1,1,-1,1,1,1,-1,1,-1,-1,-1,-1,1,1,1,1,-1,-1,1,1,1,1,-1,-1,-1,-1,-1,1,-1,-1,-1,1,-1,1,1,1,1,-1,1,1,-1,1,-1,1,-1,-1,1,-1,1,1,1,-1,1,1,-1,-1,1,1,-1,-1,1,-1,1,1,-1,1,-1,1,-1,-1,1,1,-1,1,1,-1,1,1,1,-1,1,1,-1,1,-1,-1,-1,1,-1,-1,1,-1,-1,-1,1,-1,-1,1,-1,1,-1,1,-1,-1,1,-1,-1,-1,1,-1,-1,1,-1,-1,-1,1,1,-1,1,1,-1,-1,1,1,-1,-1,1,1,-1,1,-1,-1,1,-1,-1,1,-1,1,-1,-1,1,-1,1,-1,1,-1,-1,1,-1,-1,1,1,1,-1,1,-1,1,-1,-1,1,1,-1,-1,-1,1,-1,-1,-1,1,1,-1,1,-1,1,-1,1,-1,1,1,-1,1,1,1,-1,-1,1,-1,1,-1,1,1,-1,1,-1,-1,1,1,-1,-1,1,-1,-1,-1,1,-1,-1,1,-1,1,1,1,1,-1,1,-1,-1,1,1,-1,-1,1,-1,-1,-1,1,1,-1,-1,1,1,-1,-1,-1,-1,1,1,1,1,1,1,-1,-1,1,1,1,-1,-1,-1,1,1,1,1,-1,-1,-1,1,-1,1,-1,1,-1,-1,-1,1,1,1,-1,-1,-1,-1,1,1,1,1,-1,-1,-1,1,1,1,-1,-1,-1,-1,1,1,1,1,-1,-1,1,1,1,1,1,-1,-1,-1,1,1,1,1,-1,-1,-1,1,1,-1,1,-1,-1,-1,1,1,1,1,-1,-1,1,1,1,1,1,-1,1,1,-1,1,1,-1,-1,-1,1,1,1,1,1,-1,1,1,1,1,1,1,-1,-1,1,-1,1,-1,1,-1,-1,1,-1,1,-1,-1,-1,-1,1,-1,1,1,-1,1,-1,1,1,1,-1,1,1,-1,1,-1,1,-1,-1,-1,-1,1,1,-1,-1,-1,-1,-1,1,-1,1,-1,-1,-1,-1,-1,-1,-1,1,-1,-1,-1,1,-1,-1,1,-1,-1,-1,-1,-1,1,1,-1,-1,-1,-1,-1,1,-1,-1,-1,1,-1,-1,1,-1,1,-1,-1,-1,-1,-1,-1,-1,1,-1,-1,-1,1,1,-1,-1,-1,1,-1,-1,-1,-1,-1,1,-1,-1,1,-1,1,-1,-1,-1,-1,1,-1,1,1,-1,1,-1,-1,1,1,-1,-1,-1,-1,-1,-1,1,1,-1,-1,1,-1,1,1,-1,-1,-1,1,-1,-1,1,-1,-1,1,-1,-1,1,1,1,-1,1,-1,1,1,1,-1,-1,1,-1,-1,1,1,1,-1,1,-1,-1,1,1,-1,1,1,-1,-1,1,1,1,1,1,-1,-1,1,1,-1,1,1,-1,-1,1,1,1,1,-1,1,-1,-1,1,1,1,1,-1,-1,1,-1,1,1,1,1,-1,-1,1,-1,1,1,1,-1,1,1,1,1,-1,1,-1,1,1,1,1,1,1,1,-1,1,1,1,1,-1,1,-1,1,1,1,1,1,-1,1,1,1,1,-1,1,1,-1,1,1,-1,1,1,-1,-1,1,1,1,1,-1,1,-1,1,1,1,-1,-1,1,-1,1,1,1,-1,1,-1,-1,-1,1,1,-1,-1,1,-1,-1,1,1,1,-1,1,-1,-1,1,1,1,-1,1,-1,-1,1,1,-1,-1,-1,1,-1,1,1,-1,1,1,-1,1,1,-1,-1,1,-1,-1,-1,1,1,-1,1,1,-1,1,1,-1,-1,1,-1,1,-1,-1,-1,-1,1,-1,-1,1,1,-1,1,1,-1,1,1,1,1,-1,1,-1,1,1,1,1,-1,1,-1,-1,-1,1,1,-1,1,-1,1,1,1,1,-1,1,-1,1,1,-1,-1,-1,1,-1,-1,1,1,-1,-1,-1,1,-1,1,-1,1,-1,1,-1,-1,1,-2674.0,1,2000,445,1000,False
231,1,1,-1,-1,1,1,-1,-1,1,1,1,-1,-1,1,1,1,-1,1,-1,-1,-1,-1,1,1,1,1,-1,-1,1,1,1,1,-1,-1,-1,-1,1,1,1,1,-1,-1,-1,1,1,1,1,-1,1,1,1,1,-1,1,-1,-1,1,-1,1,1,1,-1,-1,-1,1,1,1,1,-1,-1,-1,1,1,1,1,-1,-1,-1,1,1,1,-1,-1,-1,1,1,1,1,-1,-1,1,1,1,1,1,-1,-1,-1,1,-1,1,1,-1,-1,1,1,1,1,1,-1,-1,-1,1,1,1,1,-1,-1,1,1,1,1,1,1,-1,-1,1,1,-1,1,1,-1,1,1,1,1,1,1,-1,1,1,1,1,1,1,-1,1,1,1,1,1,1,-1,-1,-1,1,1,1,1,-1,1,1,1,1,-1,1,-1,1,-1,1,1,1,-1,-1,1,1,1,1,1,-1,1,-1,-1,1,-1,1,-1,1,1,1,1,1,1,1,1,1,-1,1,-1,1,-1,1,1,-1,1,-1,1,1,-1,1,-1,1,-1,1,-1,1,1,-1,1,-1,1,1,1,1,-1,-1,1,1,-1,-1,1,-1,1,-1,-1,1,-1,1,-1,1,-1,1,-1,1,1,-1,-1,-1,1,1,-1,1,-1,1,1,1,-1,1,-1,-1,1,-1,1,-1,1,1,1,-1,1,1,-1,1,-1,-1,-1,1,1,-1,1,-1,-1,-1,1,1,-1,-1,1,1,-1,-1,1,1,-1,1,1,-1,1,1,1,1,-1,1,-1,1,1,-1,1,-1,1,1,-1,1,1,1,1,1,-1,-1,1,-1,-1,1,1,1,-1,1,1,1,-1,1,-1,-1,1,1,1,1,1,-1,1,1,1,-1,-1,1,-1,1,1,1,-1,1,1,-1,-1,1,1,1,-1,1,-1,1,1,1,-1,1,1,-1,1,1,1,-1,1,-1,-1,1,1,1,-1,1,-1,-1,-1,1,1,-1,1,-1,-1,1,-1,1,-1,1,1,-1,-1,1,1,1,-1,1,-1,-1,1,1,-1,1,-1,1,-1,-1,-1,-1,1,1,1,-1,1,1,-1,1,1,-1,-1,1,1,1,1,1,-1,1,1,1,-1,1,-1,-1,-1,-1,1,1,1,1,-1,-1,1,1,1,1,-1,-1,-1,-1,-1,1,-1,-1,-1,1,-1,1,1,-1,1,1,1,1,-1,1,-1,1,-1,-1,1,-1,1,1,1,1,-1,1,-1,-1,1,1,-1,-1,1,-1,1,1,1,-1,-1,1,-1,-1,1,1,-1,1,1,-1,1,1,-1,-1,1,1,-1,1,-1,-1,-1,1,-1,-1,1,-1,-1,-1,1,-1,-1,1,-1,-1,-1,1,-1,-1,1,1,-1,-1,1,-1,-1,1,-1,-1,-1,1,1,-1,1,-1,-1,-1,1,1,-1,-1,-1,1,-1,1,-1,-1,1,-1,-1,1,1,1,-1,-1,1,-1,1,-1,1,-1,-1,1,-1,-1,1,1,1,-1,1,-1,1,-1,1,1,1,-1,-1,-1,1,-1,-1,-1,1,1,-1,1,-1,1,-1,1,-1,1,1,-1,1,1,1,-1,-1,1,-1,1,-1,1,1,-1,1,-1,-1,1,1,-1,-1,1,-1,-1,-1,1,-1,-1,1,-1,1,1,1,1,-1,1,-1,-1,1,1,-1,-1,1,-1,-1,-1,1,1,-1,-1,1,1,-1,1,-1,-1,1,1,1,-1,1,1,-1,-1,1,1,-1,1,-1,-1,1,1,1,1,-1,-1,-1,1,-1,1,1,1,-1,-1,-1,1,1,1,-1,-1,-1,-1,1,1,1,1,-1,-1,-1,1,1,1,-1,-1,-1,-1,1,1,1,1,-1,-1,1,1,1,1,1,-1,-1,-1,1,1,1,1,-1,-1,-1,1,1,-1,1,-1,-1,-1,1,1,1,1,-1,-1,1,1,1,1,1,-1,1,1,-1,1,1,-1,-1,-1,1,1,1,1,1,-1,1,1,1,1,1,1,-1,-1,1,-1,1,-1,1,-1,-1,1,-1,1,-1,-1,-1,-1,1,-1,1,1,-1,-1,-1,1,1,1,-1,1,-1,-1,1,-1,1,-1,-1,-1,-1,1,1,-1,-1,-1,-1,-1,1,-1,1,-1,-1,-1,-1,-1,-1,-1,1,-1,-1,-1,1,-1,-1,1,-1,-1,-1,-1,-1,1,1,-1,-1,-1,-1,-1,1,-1,-1,-1,1,-1,-1,1,-1,1,-1,-1,-1,-1,-1,-1,-1,1,-1,-1,-1,1,1,-1,-1,-1,1,-1,-1,-1,-1,-1,1,-1,-1,1,-1,1,-1,-1,-1,-1,1,-1,1,1,-1,1,-1,-1,1,1,-1,-1,-1,-1,-1,-1,1,1,-1,-1,1,-1,1,1,-1,-1,-1,1,-1,-1,1,-1,-1,1,-1,-1,1,1,1,-1,1,-1,1,1,1,-1,-1,1,-1,-1,1,-1,1,-1,1,-1,-1,1,1,-1,1,1,-1,-1,1,1,-1,1,1,-1,-1,1,1,-1,1,1,-1,-1,1,1,1,1,1,1,-1,-1,1,1,-1,1,-1,-1,1,-1,1,1,1,1,-1,-1,1,-1,1,1,1,-1,1,1,1,1,-1,1,-1,1,1,1,1,1,1,1,-1,1,1,1,1,-1,1,-1,1,1,1,1,1,-1,1,1,1,1,-1,1,1,-1,1,1,-1,1,1,-1,-1,1,1,1,1,-1,1,-1,1,1,1,-1,-1,1,-1,1,1,1,-1,1,-1,-1,-1,1,1,-1,-1,1,-1,-1,1,1,-1,-1,1,-1,-1,1,1,1,-1,1,-1,-1,1,1,-1,-1,-1,1,-1,1,1,-1,1,1,-1,1,1,-1,-1,1,1,-1,-1,1,1,-1,1,1,-1,1,1,-1,-1,-1,-1,1,-1,-1,-1,-1,1,-1,-1,1,1,-1,1,1,-1,1,1,1,1,-1,1,-1,1,1,1,-1,-1,1,-1,1,1,1,-1,1,1,-1,-1,1,1,-1,-1,1,-1,1,1,1,1,-1,1,-1,-1,1,1,1,-1,1,1,-1,1,-1,1,-1,1,-1,-1,1,-2674.0,1,2000,445,0,False
232,1,1,-1,-1,1,1,-1,-1,1,1,1,-1,-1,1,1,1,-1,1,-1,-1,1,-1,1,1,1,1,-1,-1,1,1,1,1,-1,-1,-1,-1,1,1,1,1,-1,-1,-1,1,1,1,1,-1,1,1,1,1,-1,1,-1,-1,1,-1,1,1,1,-1,-1,-1,1,1,1,1,-1,-1,-1,1,1,1,1,-1,-1,-1,1,1,1,-1,-1,-1,1,1,1,1,-1,-1,-1,1,1,1,1,-1,-1,1,1,-1,1,1,-1,-1,1,1,1,1,1,-1,-1,1,1,1,1,1,-1,-1,1,1,1,1,1,1,-1,1,1,1,-1,1,1,-1,1,1,1,1,1,1,-1,-1,1,1,1,1,1,-1,1,1,1,1,1,1,-1,-1,-1,1,1,1,1,-1,1,1,1,1,-1,1,-1,1,-1,1,1,1,-1,-1,1,1,1,1,1,-1,1,-1,-1,1,-1,1,-1,1,1,1,1,1,1,1,1,1,-1,1,-1,1,-1,1,1,-1,1,-1,1,1,-1,1,-1,1,-1,1,-1,1,1,-1,1,-1,1,1,1,1,-1,-1,1,1,-1,-1,1,-1,1,-1,-1,1,-1,1,-1,1,-1,1,-1,-1,1,-1,-1,-1,1,1,-1,1,-1,1,1,1,-1,1,1,-1,1,-1,1,-1,1,-1,1,-1,1,1,-1,1,-1,-1,-1,1,1,-1,1,-1,-1,-1,1,1,-1,-1,1,1,-1,-1,1,1,-1,1,1,-1,1,1,1,1,-1,1,-1,1,1,-1,1,-1,1,1,-1,1,1,1,1,1,-1,-1,1,-1,-1,1,1,1,-1,1,1,1,-1,1,-1,-1,1,1,1,1,1,-1,1,1,1,-1,-1,1,-1,1,1,1,-1,1,1,-1,-1,1,1,1,-1,1,-1,1,1,1,-1,1,1,-1,1,1,1,-1,1,-1,-1,1,1,1,-1,1,-1,-1,-1,1,1,-1,1,-1,-1,1,-1,1,-1,1,1,-1,-1,1,1,1,-1,1,-1,-1,1,1,-1,1,-1,1,-1,-1,-1,-1,1,1,-1,-1,1,1,-1,1,1,-1,-1,1,1,1,1,1,-1,1,1,1,-1,1,-1,-1,-1,-1,1,1,1,1,-1,-1,1,1,1,1,-1,-1,-1,-1,-1,1,-1,-1,-1,1,-1,1,1,-1,1,1,1,1,-1,1,-1,1,-1,-1,1,-1,1,1,1,1,-1,1,-1,-1,1,1,-1,-1,1,-1,1,1,1,-1,-1,1,-1,-1,1,1,-1,1,1,-1,1,1,-1,-1,1,1,-1,1,-1,-1,-1,1,-1,1,1,-1,-1,-1,1,-1,-1,1,-1,-1,-1,1,-1,-1,1,-1,-1,-1,1,-1,-1,1,-1,-1,-1,1,1,-1,1,-1,-1,-1,1,1,-1,1,-1,1,-1,1,-1,-1,1,-1,-1,1,-1,1,-1,-1,1,-1,1,-1,1,-1,1,1,-1,-1,1,1,1,-1,1,-1,1,-1,1,-1,1,-1,-1,-1,1,-1,-1,-1,1,1,-1,1,-1,1,-1,1,-1,1,1,-1,1,1,1,-1,-1,1,-1,1,-1,1,1,-1,1,-1,-1,1,1,-1,-1,1,-1,-1,-1,1,-1,-1,1,-1,1,1,1,1,-1,1,-1,-1,1,1,-1,-1,1,-1,-1,-1,1,1,-1,-1,1,1,-1,1,-1,-1,1,1,1,-1,1,1,-1,-1,1,1,-1,1,-1,-1,1,1,1,1,-1,-1,-1,1,-1,1,1,1,-1,-1,-1,1,1,1,-1,-1,-1,1,1,1,1,1,-1,-1,-1,1,1,1,-1,-1,-1,-1,1,1,1,1,-1,-1,1,1,1,1,1,-1,-1,-1,1,1,1,1,-1,-1,-1,1,1,-1,1,-1,-1,-1,1,1,1,1,-1,-1,1,1,1,1,1,-1,1,1,-1,1,1,-1,-1,-1,1,1,1,1,1,-1,1,1,1,1,1,1,-1,-1,1,-1,1,-1,1,-1,-1,1,-1,1,-1,-1,-1,-1,1,-1,1,1,-1,-1,-1,1,1,1,-1,1,-1,-1,1,-1,1,-1,-1,-1,-1,1,1,-1,-1,-1,-1,-1,1,-1,1,-1,-1,-1,-1,-1,-1,-1,1,-1,-1,-1,1,-1,-1,1,-1,-1,-1,-1,-1,1,1,-1,-1,-1,-1,-1,1,-1,-1,-1,1,-1,-1,1,-1,1,-1,-1,-1,-1,-1,-1,-1,1,-1,-1,-1,1,1,-1,-1,-1,1,-1,-1,-1,-1,-1,1,-1,-1,1,1,1,-1,-1,-1,-1,1,-1,1,1,-1,1,-1,-1,1,1,-1,-1,-1,-1,-1,-1,1,1,-1,-1,1,-1,1,1,-1,-1,-1,1,-1,1,1,-1,-1,1,-1,-1,1,1,1,-1,1,-1,1,1,1,-1,-1,1,-1,-1,1,1,1,-1,1,-1,-1,1,1,-1,1,1,-1,-1,1,1,-1,1,1,-1,-1,1,1,-1,1,1,-1,-1,1,1,1,1,-1,1,-1,-1,1,1,1,1,-1,-1,1,-1,1,1,1,1,-1,-1,1,-1,1,1,1,-1,1,-1,1,1,-1,1,-1,1,1,1,1,1,1,1,-1,-1,1,1,1,-1,1,-1,1,1,1,1,1,-1,1,-1,1,1,-1,1,1,-1,-1,1,-1,1,1,-1,-1,1,1,1,1,-1,1,-1,-1,1,1,-1,-1,1,-1,1,1,1,-1,1,-1,-1,-1,1,1,-1,-1,1,-1,-1,1,1,1,-1,1,-1,-1,1,1,1,-1,1,-1,-1,1,1,-1,-1,-1,1,-1,1,1,-1,1,1,-1,1,1,-1,-1,1,1,-1,-1,1,1,-1,1,1,-1,1,1,-1,-1,-1,-1,1,-1,-1,-1,-1,1,-1,-1,1,1,-1,1,1,-1,1,1,1,1,-1,1,-1,1,1,1,1,-1,1,-1,-1,1,1,1,-1,1,-1,1,1,1,1,-1,1,-1,1,1,-1,-1,-1,1,-1,-1,1,1,-1,-1,-1,1,-1,1,-1,1,-1,1,-1,-1,1,-2674.0,1,2000,445,0,False
233,1,1,-1,-1,1,-1,-1,-1,1,1,1,-1,1,1,1,1,-1,1,-1,-1,-1,-1,1,1,1,-1,-1,-1,1,1,1,1,-1,-1,-1,-1,1,1,1,1,-1,-1,-1,1,1,1,1,-1,1,1,1,1,-1,1,-1,-1,1,-1,1,1,1,-1,-1,-1,1,1,1,1,-1,-1,-1,1,1,1,1,-1,-1,-1,1,1,1,-1,-1,-1,1,1,1,1,-1,-1,-1,1,1,1,1,-1,-1,1,1,-1,1,1,-1,-1,1,1,1,1,1,-1,-1,-1,1,1,1,1,-1,-1,1,1,1,1,1,1,-1,-1,1,1,-1,1,1,-1,1,1,1,1,1,1,-1,1,1,1,1,1,1,-1,1,1,1,1,1,1,-1,-1,-1,1,1,1,1,-1,1,1,1,1,-1,1,-1,1,-1,1,1,1,-1,-1,1,1,1,1,1,-1,1,-1,-1,1,-1,1,-1,1,1,1,1,1,1,1,1,1,-1,1,-1,1,-1,1,1,-1,1,-1,1,1,-1,1,-1,1,-1,1,-1,1,1,-1,1,-1,1,1,1,1,-1,-1,1,1,-1,-1,1,-1,1,-1,-1,1,-1,1,-1,1,-1,1,-1,-1,1,-1,-1,-1,1,1,-1,1,-1,1,1,1,-1,1,-1,-1,1,-1,1,-1,1,1,1,-1,1,1,-1,1,-1,-1,-1,1,1,-1,1,-1,-1,-1,1,1,-1,-1,1,1,-1,-1,1,1,-1,1,1,-1,1,1,1,1,-1,1,-1,1,1,-1,1,-1,1,1,-1,1,1,1,1,1,-1,-1,1,-1,-1,-1,1,1,-1,1,1,1,-1,1,-1,-1,1,1,1,-1,1,-1,1,1,1,-1,1,1,-1,1,1,1,-1,1,1,-1,-1,1,1,1,-1,1,-1,1,1,1,-1,1,1,-1,1,1,1,-1,1,-1,-1,1,1,1,-1,1,-1,-1,-1,1,1,-1,1,-1,-1,1,-1,1,-1,1,1,-1,-1,1,1,1,1,1,-1,-1,1,1,-1,1,-1,1,-1,-1,-1,-1,1,1,1,-1,1,1,-1,1,1,-1,-1,1,1,1,1,1,-1,1,1,1,-1,1,-1,-1,-1,-1,1,1,1,1,-1,-1,1,1,1,1,-1,-1,-1,-1,-1,1,-1,-1,-1,1,-1,1,1,1,1,1,1,1,-1,1,-1,1,-1,-1,1,-1,1,1,1,1,-1,1,-1,-1,1,1,-1,-1,1,-1,1,1,1,-1,-1,1,-1,-1,1,1,-1,1,1,-1,1,1,-1,-1,1,1,-1,1,-1,-1,-1,1,-1,-1,1,-1,-1,1,1,-1,-1,1,-1,-1,-1,1,-1,-1,1,-1,-1,-1,1,-1,-1,1,-1,-1,-1,1,1,-1,1,1,-1,-1,1,1,-1,-1,1,1,-1,1,-1,-1,1,-1,-1,1,-1,1,-1,-1,1,-1,1,-1,1,-1,-1,1,-1,-1,1,1,1,-1,1,-1,1,-1,-1,1,1,-1,-1,-1,1,-1,-1,-1,1,1,-1,1,-1,1,-1,1,-1,1,1,-1,1,1,1,-1,-1,1,-1,1,-1,1,1,-1,1,-1,-1,1,1,-1,-1,1,-1,-1,-1,1,-1,-1,1,-1,1,1,1,1,-1,1,-1,-1,1,1,-1,-1,1,-1,-1,-1,1,1,-1,-1,1,1,-1,1,-1,-1,1,1,1,-1,1,1,-1,-1,1,1,-1,1,-1,-1,1,1,1,1,-1,-1,-1,1,-1,1,1,1,1,-1,-1,1,1,1,-1,-1,-1,-1,1,1,1,1,-1,-1,-1,1,1,1,-1,-1,-1,-1,1,1,1,1,-1,-1,1,1,1,1,1,-1,-1,-1,1,1,1,-1,-1,-1,-1,1,1,-1,1,-1,-1,-1,1,1,1,1,-1,-1,1,1,1,1,1,-1,1,1,-1,1,1,-1,-1,-1,1,1,1,-1,1,-1,1,1,1,1,1,1,-1,-1,1,-1,1,-1,1,-1,-1,1,-1,1,1,-1,-1,-1,1,-1,1,1,-1,-1,-1,1,1,1,-1,1,-1,-1,1,-1,1,-1,-1,-1,-1,1,1,-1,-1,-1,-1,-1,1,-1,1,-1,-1,-1,-1,-1,-1,-1,1,-1,-1,-1,1,-1,-1,1,-1,-1,-1,-1,-1,1,1,-1,-1,-1,-1,-1,1,-1,-1,-1,1,-1,-1,1,-1,1,-1,-1,-1,-1,-1,-1,-1,1,-1,-1,-1,1,1,1,-1,-1,1,-1,-1,-1,-1,-1,1,-1,-1,1,1,1,-1,-1,-1,-1,1,-1,1,1,-1,1,-1,-1,1,1,-1,-1,-1,-1,-1,-1,1,1,-1,-1,1,-1,1,1,-1,-1,-1,1,-1,1,1,-1,-1,1,-1,-1,1,1,1,-1,1,-1,1,1,1,-1,-1,1,-1,-1,1,1,1,-1,1,-1,-1,1,1,-1,1,1,-1,-1,1,1,-1,1,1,-1,-1,1,1,-1,1,1,-1,-1,1,1,1,1,-1,1,-1,-1,1,1,-1,1,-1,-1,1,-1,1,1,1,1,-1,-1,1,-1,1,1,1,-1,1,1,1,1,-1,1,-1,1,1,1,1,1,1,1,-1,1,1,1,1,-1,1,-1,1,1,1,1,1,-1,1,1,1,1,-1,1,1,-1,1,1,-1,1,1,-1,-1,1,1,1,1,-1,1,-1,1,1,1,-1,-1,1,-1,1,1,1,-1,1,-1,-1,-1,1,1,-1,-1,1,-1,-1,1,1,1,-1,1,-1,-1,1,1,1,-1,1,-1,-1,1,1,-1,-1,-1,1,-1,-1,1,-1,1,1,-1,1,1,-1,-1,1,-1,-1,-1,1,1,-1,1,1,-1,1,1,-1,-1,-1,-1,1,-1,-1,-1,-1,1,-1,-1,1,1,-1,1,1,-1,1,1,1,1,-1,1,-1,1,1,1,-1,-1,1,-1,-1,-1,1,-1,1,1,-1,1,1,1,-1,-1,1,-1,1,1,1,1,-1,1,-1,-1,1,1,-1,-1,1,1,-1,1,-1,1,-1,1,-1,-1,1,-2674.0,1,2000,445,0,False
234,1,1,-1,-1,1,1,-1,-1,1,1,1,-1,-1,1,1,1,-1,1,-1,-1,1,-1,1,1,1,-1,-1,-1,1,1,1,1,-1,-1,-1,-1,1,1,1,1,-1,-1,-1,1,1,1,1,-1,1,1,1,1,-1,1,-1,-1,1,-1,1,1,1,-1,-1,-1,1,1,1,1,-1,-1,-1,1,1,1,1,-1,-1,-1,1,1,1,-1,-1,-1,1,1,1,1,-1,-1,-1,1,1,1,1,-1,-1,1,1,-1,1,1,-1,-1,1,1,1,1,1,-1,-1,1,1,1,1,1,-1,-1,1,1,1,1,1,1,-1,-1,1,1,-1,1,1,-1,1,1,1,1,1,1,-1,-1,1,1,1,1,1,-1,1,1,1,1,1,1,-1,-1,-1,1,1,1,1,-1,1,1,1,1,-1,1,-1,1,-1,1,1,1,-1,-1,1,1,1,1,1,-1,1,-1,-1,1,-1,1,-1,1,1,1,1,1,1,1,1,1,-1,1,-1,1,-1,1,1,-1,1,-1,1,1,-1,1,-1,1,-1,1,-1,1,1,-1,-1,-1,1,1,1,1,-1,-1,1,1,-1,-1,1,-1,1,-1,-1,1,-1,1,-1,1,-1,1,-1,-1,1,-1,-1,-1,1,1,-1,1,-1,1,1,1,-1,1,1,-1,1,-1,1,-1,1,-1,1,-1,1,1,-1,1,-1,-1,-1,1,1,-1,1,-1,-1,-1,1,1,-1,-1,1,1,-1,-1,1,1,-1,1,1,-1,1,1,1,1,-1,1,-1,1,1,-1,1,-1,1,1,-1,1,1,1,1,1,-1,-1,1,-1,-1,1,1,1,-1,1,1,1,-1,1,-1,-1,1,1,1,-1,1,-1,1,1,1,-1,1,1,-1,1,1,1,-1,1,1,-1,-1,1,1,1,-1,1,-1,1,1,1,-1,1,1,-1,1,1,1,-1,1,-1,-1,1,1,1,-1,1,-1,-1,-1,1,1,-1,1,-1,-1,1,-1,1,-1,1,1,-1,-1,1,1,1,1,1,-1,-1,1,1,-1,1,-1,1,-1,-1,-1,-1,1,1,-1,-1,1,1,-1,1,1,-1,-1,1,1,1,1,1,-1,1,1,1,-1,1,-1,-1,-1,-1,1,1,1,1,-1,-1,1,1,1,1,-1,-1,1,-1,-1,1,-1,-1,-1,-1,1,-1,1,1,1,-1,1,1,-1,1,-1,1,-1,-1,1,-1,1,1,1,1,-1,1,-1,-1,1,1,-1,-1,1,-1,1,1,1,-1,-1,1,-1,-1,1,1,-1,-1,1,-1,1,1,-1,1,1,1,-1,1,-1,-1,-1,1,-1,1,1,-1,-1,-1,1,-1,-1,1,-1,-1,-1,1,-1,-1,1,-1,-1,-1,1,-1,-1,1,-1,-1,-1,1,1,-1,1,1,-1,-1,1,1,-1,1,-1,1,-1,1,-1,-1,1,-1,-1,1,1,1,-1,-1,1,-1,1,1,1,-1,1,1,-1,-1,-1,1,1,-1,1,-1,1,1,-1,1,1,-1,-1,-1,1,-1,-1,-1,1,1,-1,1,-1,1,-1,1,-1,1,1,-1,1,1,1,-1,-1,1,-1,1,-1,1,1,-1,1,-1,-1,1,1,-1,-1,1,-1,-1,-1,1,-1,-1,1,-1,1,1,1,1,-1,1,-1,-1,1,1,-1,-1,1,-1,-1,-1,1,1,-1,-1,1,1,-1,-1,-1,-1,1,1,1,1,1,1,-1,-1,1,1,-1,1,-1,-1,1,1,1,1,-1,-1,-1,1,-1,1,1,1,1,-1,-1,1,1,1,-1,-1,-1,1,1,1,1,1,-1,-1,-1,1,1,1,-1,-1,-1,-1,1,1,1,1,-1,-1,-1,1,1,1,1,-1,-1,1,1,1,1,1,-1,-1,-1,1,1,-1,1,-1,-1,-1,1,1,1,1,-1,-1,1,1,1,1,-1,-1,1,1,-1,1,1,-1,-1,-1,1,1,1,-1,1,-1,1,1,1,1,1,-1,-1,-1,1,-1,1,-1,-1,-1,-1,1,-1,1,1,-1,-1,-1,1,-1,1,1,-1,-1,-1,1,1,1,1,-1,-1,-1,1,-1,1,1,-1,-1,-1,1,1,-1,-1,-1,-1,-1,1,-1,1,-1,-1,-1,-1,-1,-1,-1,1,-1,-1,-1,1,-1,-1,1,-1,-1,-1,-1,-1,-1,1,-1,-1,-1,-1,-1,1,-1,-1,-1,1,-1,-1,1,-1,1,-1,-1,-1,-1,-1,-1,-1,1,-1,-1,-1,1,1,1,-1,-1,1,1,-1,-1,-1,-1,1,-1,-1,1,1,1,-1,-1,-1,-1,1,-1,1,1,-1,1,-1,-1,1,1,-1,-1,-1,-1,-1,-1,1,1,-1,-1,1,-1,1,1,-1,-1,-1,1,-1,1,1,-1,-1,1,-1,-1,1,1,1,-1,1,-1,1,1,1,-1,-1,1,-1,-1,1,1,1,-1,1,-1,-1,1,1,-1,1,1,-1,-1,1,1,-1,1,1,-1,-1,1,1,-1,1,1,-1,-1,1,1,1,1,-1,1,-1,-1,1,1,-1,1,-1,-1,1,-1,1,1,1,1,-1,-1,1,-1,1,1,1,-1,1,-1,1,1,-1,1,-1,1,1,1,1,1,1,1,-1,-1,1,1,1,-1,1,-1,1,1,1,1,1,-1,1,-1,1,1,-1,1,1,-1,-1,1,-1,1,1,-1,-1,1,1,1,1,-1,1,-1,-1,1,1,-1,-1,1,-1,1,1,1,-1,1,-1,-1,-1,1,1,-1,-1,1,-1,-1,1,1,1,-1,1,-1,-1,1,1,1,-1,1,-1,-1,1,1,-1,-1,-1,1,-1,1,1,-1,1,1,-1,1,1,-1,-1,1,-1,-1,-1,1,1,-1,1,1,-1,1,1,-1,-1,-1,-1,1,-1,-1,-1,-1,1,-1,-1,1,1,-1,1,1,-1,1,1,1,1,-1,1,-1,1,1,1,1,-1,1,-1,-1,1,1,1,-1,1,-1,1,1,1,1,-1,1,-1,1,1,-1,-1,-1,1,-1,-1,1,1,-1,-1,-1,1,-1,1,-1,1,-1,1,-1,-1,1,-2674.0,1,2000,445,1000,False
235,1,1,-1,-1,1,1,-1,-1,1,1,1,-1,-1,1,1,1,-1,1,-1,-1,1,-1,1,1,1,-1,-1,-1,1,1,1,1,1,-1,-1,-1,1,-1,1,1,-1,-1,-1,1,1,1,1,-1,1,1,1,1,-1,1,-1,-1,1,-1,1,1,-1,-1,-1,-1,1,1,1,1,-1,-1,-1,1,1,1,1,-1,-1,-1,1,1,1,-1,-1,-1,1,1,1,1,-1,-1,-1,1,1,1,1,-1,-1,1,1,-1,1,1,-1,-1,1,1,1,1,1,-1,-1,1,1,1,1,1,-1,-1,1,1,1,1,1,1,-1,-1,1,1,-1,1,1,-1,1,1,1,1,1,1,-1,1,1,1,1,1,1,-1,1,1,1,1,1,1,-1,-1,-1,1,1,1,1,-1,1,1,1,1,-1,1,-1,1,-1,1,1,1,-1,-1,1,1,1,1,1,-1,1,-1,-1,1,-1,1,-1,1,1,1,1,1,1,1,1,1,-1,1,-1,1,-1,1,1,-1,1,-1,1,1,-1,1,-1,1,-1,1,-1,1,1,-1,-1,-1,1,1,1,1,-1,-1,1,1,-1,-1,1,-1,1,-1,-1,1,-1,1,-1,1,-1,1,-1,1,1,-1,-1,-1,1,1,-1,1,-1,1,1,1,-1,1,1,-1,1,-1,1,-1,1,-1,1,-1,1,1,-1,1,-1,-1,-1,1,1,-1,1,-1,-1,-1,1,1,-1,-1,1,1,-1,-1,1,1,-1,1,1,-1,1,1,1,1,-1,1,-1,1,1,-1,1,-1,1,1,-1,1,1,1,1,1,-1,-1,1,-1,-1,-1,1,1,-1,1,1,1,-1,1,-1,-1,1,1,1,1,1,-1,1,1,1,-1,1,1,-1,1,1,1,-1,1,1,-1,-1,1,1,1,-1,1,-1,1,1,1,-1,1,1,-1,1,1,1,-1,1,-1,-1,1,1,1,-1,1,-1,-1,-1,1,1,-1,1,-1,-1,1,-1,1,-1,1,1,-1,-1,1,1,1,-1,1,-1,-1,1,1,-1,1,-1,1,-1,-1,-1,-1,1,1,-1,-1,1,1,-1,1,1,-1,-1,1,1,1,1,1,-1,1,1,1,-1,1,-1,-1,-1,-1,1,1,-1,1,-1,-1,1,-1,1,-1,-1,-1,-1,-1,-1,1,-1,-1,-1,1,-1,1,1,-1,1,1,1,1,-1,1,-1,1,-1,-1,1,-1,1,-1,1,1,-1,1,-1,-1,1,1,-1,-1,1,-1,1,1,1,-1,-1,1,-1,1,-1,1,-1,1,1,-1,-1,-1,-1,-1,1,1,-1,1,-1,-1,-1,1,-1,1,1,-1,-1,-1,1,-1,-1,1,-1,-1,-1,1,-1,1,-1,-1,-1,-1,1,-1,-1,1,-1,-1,-1,1,1,-1,1,-1,-1,-1,1,1,-1,-1,-1,1,-1,1,-1,-1,1,-1,-1,1,1,1,-1,-1,1,-1,1,-1,1,-1,-1,1,-1,-1,1,1,1,-1,1,-1,1,-1,1,1,1,-1,-1,-1,1,-1,-1,-1,1,1,-1,1,-1,1,-1,1,-1,1,1,-1,1,1,1,-1,-1,1,-1,1,-1,1,1,-1,1,-1,-1,1,1,-1,-1,1,-1,-1,-1,1,-1,-1,1,-1,1,1,1,1,-1,1,-1,-1,1,1,-1,-1,1,-1,-1,-1,1,1,-1,-1,1,1,-1,-1,-1,-1,1,1,1,-1,1,1,-1,-1,1,1,-1,1,-1,-1,1,1,1,1,-1,-1,-1,1,-1,1,1,1,-1,-1,-1,1,1,1,-1,-1,-1,-1,1,1,1,1,-1,-1,-1,1,1,1,-1,-1,-1,-1,1,1,1,1,-1,-1,-1,1,1,1,1,-1,-1,1,1,1,1,1,-1,-1,-1,1,1,-1,1,-1,-1,-1,1,1,1,1,-1,-1,1,1,1,1,1,-1,1,1,-1,1,1,-1,-1,-1,1,1,1,-1,1,-1,1,1,1,1,1,1,-1,-1,1,-1,1,-1,1,-1,-1,1,-1,1,1,-1,-1,-1,1,-1,1,1,-1,1,-1,1,1,1,-1,1,1,-1,1,-1,1,-1,-1,-1,-1,1,1,-1,-1,-1,-1,-1,1,-1,1,-1,-1,-1,-1,-1,-1,-1,1,-1,-1,-1,1,-1,-1,1,-1,-1,-1,-1,-1,1,1,-1,-1,-1,-1,-1,1,-1,-1,-1,1,-1,-1,1,-1,1,-1,-1,-1,-1,-1,-1,-1,1,-1,-1,-1,1,1,-1,-1,-1,1,-1,-1,-1,-1,-1,1,-1,-1,1,-1,1,-1,-1,-1,-1,1,-1,1,1,-1,1,-1,-1,1,1,-1,-1,-1,-1,-1,-1,1,1,-1,-1,1,-1,1,1,-1,-1,-1,1,-1,1,1,-1,-1,1,-1,-1,1,1,1,-1,1,-1,1,1,1,-1,-1,1,-1,-1,1,1,1,-1,1,-1,-1,1,1,-1,1,1,-1,-1,1,1,1,1,1,-1,-1,1,1,1,1,1,-1,-1,1,1,1,1,1,1,-1,1,1,1,-1,1,-1,-1,1,-1,1,1,1,1,-1,-1,1,-1,1,1,1,-1,1,1,1,1,-1,1,-1,1,1,1,1,1,1,1,-1,1,1,1,1,-1,1,-1,1,1,1,1,1,-1,1,1,1,1,-1,1,1,-1,1,1,-1,1,1,-1,-1,1,1,1,1,-1,1,-1,1,1,1,-1,-1,1,-1,1,1,1,-1,1,-1,-1,-1,1,1,-1,-1,1,-1,-1,1,1,1,-1,1,-1,1,1,1,1,-1,1,-1,-1,1,1,-1,-1,-1,1,1,1,1,-1,1,1,-1,1,1,-1,-1,1,1,-1,-1,1,1,-1,1,1,1,1,1,-1,-1,-1,-1,-1,-1,-1,-1,-1,-1,1,1,1,1,-1,1,1,-1,1,1,1,1,-1,1,-1,1,1,1,-1,-1,1,-1,1,1,1,-1,-1,1,-1,1,1,1,-1,-1,1,-1,1,1,-1,-1,-1,1,-1,1,1,1,-1,-1,-1,1,-1,1,-1,1,-1,1,-1,1,1,-2674.0,1,2000,445,0,False
236,1,1,-1,-1,1,1,-1,-1,1,1,1,-1,1,1,1,1,-1,1,-1,-1,1,-1,1,1,1,-1,1,-1,1,1,1,1,1,-1,-1,-1,1,1,1,-1,1,-1,-1,1,1,1,1,-1,1,1,1,1,-1,1,-1,-1,1,-1,1,1,1,-1,-1,-1,1,1,1,1,-1,-1,-1,1,1,1,1,-1,-1,-1,1,1,1,-1,-1,-1,1,1,1,1,-1,-1,-1,1,1,1,1,-1,-1,1,1,-1,1,1,-1,-1,1,1,1,1,1,-1,-1,1,1,1,1,1,-1,-1,1,1,1,1,1,1,-1,1,1,1,-1,1,1,-1,1,1,1,1,1,1,-1,-1,1,1,1,1,1,-1,1,1,1,1,1,1,-1,-1,-1,1,1,1,1,-1,1,1,1,1,-1,1,-1,1,-1,1,1,1,-1,-1,1,1,1,1,1,-1,1,-1,-1,1,-1,1,-1,1,1,1,1,1,1,1,1,1,-1,1,-1,1,-1,1,1,-1,1,-1,1,1,-1,1,-1,1,-1,1,-1,1,1,-1,1,-1,1,1,1,1,-1,-1,1,1,-1,-1,1,-1,1,-1,-1,1,-1,1,-1,1,-1,1,-1,1,1,-1,1,-1,1,1,-1,1,-1,1,1,1,-1,1,1,-1,-1,-1,1,-1,1,-1,1,-1,1,1,-1,1,-1,-1,-1,1,1,-1,1,-1,-1,-1,1,1,-1,-1,1,1,-1,-1,1,1,-1,1,1,-1,1,1,1,1,-1,1,-1,1,1,-1,1,-1,1,1,-1,1,1,-1,-1,1,-1,-1,1,-1,-1,-1,1,1,-1,1,1,1,-1,1,-1,-1,1,1,1,1,1,-1,1,1,1,1,-1,1,-1,1,1,1,-1,1,1,-1,-1,1,1,1,-1,1,-1,1,1,1,-1,1,1,-1,1,1,1,-1,1,-1,-1,1,1,1,1,1,-1,-1,-1,1,1,-1,1,-1,-1,1,-1,1,-1,1,1,-1,-1,1,1,1,-1,1,-1,-1,1,1,-1,1,-1,1,-1,-1,-1,-1,1,1,-1,-1,1,1,-1,1,1,-1,-1,1,1,1,1,1,-1,1,1,1,-1,1,-1,-1,-1,-1,1,1,1,1,-1,-1,1,1,1,1,-1,-1,-1,-1,-1,1,-1,-1,-1,1,-1,1,1,1,1,-1,1,1,-1,1,-1,1,-1,-1,1,-1,1,1,1,1,-1,1,-1,-1,1,1,-1,-1,1,-1,1,1,1,-1,-1,1,-1,-1,1,1,-1,1,1,-1,1,1,-1,-1,1,1,-1,1,-1,-1,-1,1,-1,-1,1,-1,-1,-1,1,-1,-1,1,-1,-1,-1,1,-1,-1,1,-1,-1,-1,1,-1,-1,1,-1,-1,-1,1,1,-1,1,-1,-1,-1,1,1,-1,-1,-1,1,-1,1,-1,-1,1,-1,-1,1,1,1,-1,-1,1,-1,1,-1,1,-1,-1,1,-1,-1,1,1,1,-1,1,-1,1,-1,-1,-1,1,-1,-1,-1,1,-1,-1,-1,1,1,-1,1,-1,1,-1,1,-1,1,1,-1,1,1,1,-1,-1,1,-1,1,-1,1,1,-1,1,-1,-1,1,1,-1,-1,1,-1,-1,-1,1,-1,-1,1,-1,1,1,1,1,-1,1,-1,-1,1,1,-1,-1,1,-1,-1,-1,1,1,-1,-1,1,1,-1,1,-1,-1,1,1,1,1,1,1,-1,-1,1,1,-1,1,-1,-1,-1,1,1,1,-1,-1,-1,1,-1,1,1,1,1,-1,-1,1,1,1,-1,-1,-1,1,1,1,1,1,-1,-1,-1,1,1,1,-1,-1,-1,-1,1,1,1,1,-1,-1,1,1,1,1,1,-1,-1,-1,1,1,1,1,-1,-1,-1,1,1,-1,1,-1,-1,-1,1,1,1,1,-1,-1,1,1,1,1,1,-1,1,1,-1,1,1,-1,-1,-1,1,1,1,-1,1,-1,1,1,1,1,1,1,-1,-1,1,-1,1,-1,1,-1,-1,1,-1,1,-1,-1,-1,-1,1,-1,1,1,-1,-1,-1,1,1,1,-1,1,-1,-1,1,-1,1,-1,-1,-1,-1,1,1,-1,-1,-1,-1,-1,1,-1,1,-1,-1,-1,-1,-1,-1,-1,1,-1,-1,-1,1,-1,-1,1,-1,-1,-1,-1,-1,1,1,-1,-1,-1,-1,-1,1,-1,-1,-1,1,-1,-1,1,-1,1,-1,-1,-1,-1,-1,-1,-1,1,-1,-1,-1,1,1,1,-1,-1,1,-1,-1,-1,-1,-1,1,-1,-1,1,-1,1,-1,-1,-1,-1,1,-1,1,1,-1,1,-1,-1,1,1,-1,-1,-1,-1,-1,-1,1,1,-1,-1,1,-1,1,1,-1,-1,-1,1,-1,1,1,-1,-1,1,-1,-1,1,1,1,-1,1,-1,1,1,1,-1,-1,1,-1,-1,1,1,1,-1,1,-1,-1,1,1,-1,1,1,-1,-1,1,1,1,1,1,-1,-1,1,1,-1,1,1,-1,-1,1,1,1,1,1,1,-1,-1,1,1,-1,1,-1,-1,1,-1,1,1,1,1,-1,-1,1,-1,1,1,1,-1,1,1,1,1,-1,1,-1,1,1,1,1,1,1,1,-1,1,1,1,1,-1,1,-1,1,1,1,1,1,-1,1,1,1,1,-1,-1,1,-1,1,1,-1,1,1,-1,-1,1,1,1,-1,1,1,-1,1,1,1,-1,-1,1,-1,1,1,1,-1,1,-1,-1,-1,1,1,-1,-1,1,-1,-1,1,1,-1,-1,1,-1,-1,-1,1,1,1,-1,-1,-1,1,1,-1,-1,-1,1,-1,-1,1,-1,1,1,-1,1,1,-1,-1,1,1,-1,-1,1,1,-1,1,1,-1,1,1,-1,-1,1,-1,1,-1,-1,-1,-1,1,-1,-1,1,1,-1,1,1,-1,1,1,1,1,-1,1,-1,1,1,1,1,-1,1,-1,-1,1,1,1,-1,1,-1,1,1,1,1,-1,1,-1,1,1,-1,-1,-1,1,-1,-1,1,1,-1,-1,-1,1,-1,1,-1,1,-1,1,-1,-1,1,-2674.0,1,2000,445,0,False
237,1,1,-1,-1,1,1,-1,-1,1,1,1,-1,1,1,1,1,-1,1,-1,-1,-1,-1,1,1,1,-1,-1,-1,1,1,1,1,1,-1,-1,-1,1,-1,1,1,-1,-1,-1,1,1,1,1,-1,1,1,1,1,-1,1,-1,-1,1,-1,1,1,1,-1,-1,-1,1,1,1,1,-1,-1,-1,1,1,1,1,-1,-1,-1,1,1,1,-1,-1,-1,1,1,1,1,-1,-1,-1,1,1,1,1,-1,-1,1,1,-1,1,1,-1,-1,1,1,1,1,1,-1,-1,1,1,1,1,1,-1,-1,1,1,1,1,1,1,-1,-1,1,1,-1,1,1,-1,1,1,1,1,1,1,-1,-1,1,1,1,1,1,-1,1,1,1,1,1,1,-1,-1,-1,1,1,1,1,-1,1,1,1,1,-1,1,-1,1,-1,1,1,1,-1,-1,1,1,1,1,1,-1,1,-1,-1,1,-1,1,-1,1,1,1,1,1,1,1,1,1,-1,1,-1,1,-1,1,1,-1,1,-1,1,1,-1,1,-1,1,-1,1,-1,1,1,-1,-1,-1,1,1,1,1,-1,-1,1,1,-1,-1,1,-1,1,-1,-1,1,-1,1,-1,1,-1,1,-1,1,1,-1,-1,-1,1,1,-1,1,-1,1,1,1,-1,1,1,-1,1,-1,1,-1,1,-1,1,-1,1,1,-1,1,-1,-1,-1,1,1,-1,1,-1,-1,-1,1,1,-1,-1,1,1,-1,-1,1,1,-1,1,1,-1,1,1,1,1,-1,1,-1,1,1,-1,1,-1,1,1,-1,1,1,1,1,1,-1,-1,1,-1,-1,-1,1,1,-1,1,1,1,-1,1,-1,-1,1,1,1,1,1,-1,1,1,1,-1,1,1,-1,1,1,1,-1,1,1,-1,-1,1,1,1,-1,1,-1,1,1,1,-1,1,1,-1,1,1,1,-1,1,-1,-1,1,1,1,-1,1,-1,-1,-1,1,1,-1,1,-1,-1,1,-1,1,-1,1,1,-1,-1,1,1,1,-1,1,-1,-1,1,1,-1,1,-1,1,-1,-1,-1,-1,1,1,-1,-1,1,1,-1,1,1,-1,-1,1,1,1,1,1,-1,1,1,1,-1,1,-1,-1,-1,-1,1,1,1,1,-1,-1,1,1,1,-1,-1,-1,-1,-1,-1,1,-1,-1,-1,1,-1,1,1,-1,1,1,1,1,-1,1,-1,1,-1,-1,1,-1,1,1,1,1,-1,1,-1,-1,1,1,-1,-1,1,-1,1,1,1,-1,-1,1,-1,-1,1,1,-1,1,1,-1,1,1,-1,-1,1,1,-1,1,-1,-1,-1,1,-1,1,1,-1,-1,-1,1,-1,-1,1,-1,-1,-1,1,-1,-1,1,1,-1,-1,1,-1,-1,1,-1,-1,-1,1,1,-1,1,-1,-1,-1,1,1,-1,1,-1,1,-1,1,-1,-1,1,-1,-1,1,-1,1,-1,-1,1,-1,1,-1,1,-1,1,1,-1,-1,1,1,1,-1,1,-1,1,-1,1,-1,1,-1,-1,-1,1,-1,-1,-1,1,1,-1,1,-1,1,-1,1,-1,1,1,-1,1,1,1,-1,-1,1,-1,1,-1,1,1,-1,1,-1,-1,1,1,-1,-1,1,-1,-1,-1,1,-1,-1,1,-1,1,1,1,1,-1,1,-1,-1,1,1,-1,-1,1,-1,-1,-1,1,1,-1,-1,1,1,-1,1,-1,-1,1,1,1,-1,1,1,-1,-1,1,1,-1,1,-1,-1,1,1,1,1,-1,-1,-1,1,-1,1,1,1,-1,-1,-1,1,1,1,-1,-1,-1,-1,1,1,1,1,-1,-1,-1,1,1,1,-1,-1,-1,-1,1,1,1,1,-1,-1,-1,1,1,1,1,-1,-1,1,1,1,1,1,-1,-1,-1,1,1,-1,1,-1,-1,-1,1,1,1,1,-1,-1,1,1,1,1,1,-1,1,1,-1,1,1,-1,-1,-1,1,1,1,-1,1,-1,1,1,1,1,1,1,-1,-1,1,-1,1,-1,1,-1,-1,1,-1,1,1,-1,-1,-1,1,-1,1,1,-1,1,-1,1,1,1,-1,1,1,-1,1,-1,1,-1,-1,-1,-1,1,1,-1,-1,-1,-1,-1,1,-1,1,-1,-1,-1,-1,-1,-1,-1,1,-1,-1,-1,1,-1,-1,1,-1,-1,-1,-1,-1,1,1,-1,-1,-1,-1,-1,1,-1,-1,-1,1,-1,-1,1,-1,1,-1,-1,-1,-1,-1,-1,-1,1,-1,-1,-1,1,1,-1,-1,-1,1,-1,-1,-1,-1,-1,1,-1,-1,1,-1,1,-1,-1,-1,-1,1,-1,1,1,-1,1,-1,-1,1,1,-1,-1,-1,-1,-1,-1,1,1,-1,-1,1,-1,1,1,-1,-1,-1,1,-1,1,1,-1,-1,1,-1,-1,1,1,1,-1,1,-1,1,1,1,-1,-1,1,-1,-1,1,1,1,-1,1,-1,-1,1,1,-1,1,1,-1,-1,1,1,-1,1,1,-1,-1,1,1,1,1,1,-1,-1,1,1,1,1,1,1,-1,-1,1,1,-1,1,-1,-1,1,-1,1,1,1,1,-1,-1,1,-1,1,1,1,-1,1,-1,1,1,-1,1,-1,1,1,1,1,1,1,1,-1,-1,1,1,1,-1,1,-1,1,1,1,1,1,-1,1,-1,1,1,-1,1,1,-1,1,1,-1,1,1,-1,-1,1,1,1,1,-1,1,-1,-1,1,1,-1,-1,1,-1,1,1,1,-1,1,-1,-1,-1,1,1,-1,-1,1,-1,-1,1,1,1,-1,1,-1,-1,1,1,1,-1,-1,-1,-1,1,1,-1,-1,-1,1,-1,1,1,-1,1,1,-1,1,1,-1,-1,1,1,-1,-1,1,1,-1,1,1,-1,1,1,-1,-1,-1,-1,1,-1,-1,-1,-1,-1,1,-1,1,1,-1,1,1,-1,1,1,1,1,-1,1,-1,1,1,1,1,-1,1,-1,-1,1,1,1,-1,1,-1,1,1,1,1,-1,1,-1,1,1,1,-1,-1,1,-1,-1,1,1,-1,-1,-1,1,-1,1,-1,1,-1,1,-1,1,1,-2674.0,1,2000,445,1000,False
238,1,1,-1,-1,1,-1,-1,-1,1,1,1,-1,1,1,1,1,-1,1,-1,-1,1,-1,1,1,1,-1,-1,-1,1,1,1,1,1,-1,-1,-1,1,-1,1,1,-1,-1,-1,1,1,1,1,-1,1,1,1,1,-1,1,-1,-1,1,-1,1,1,1,-1,-1,-1,1,1,1,1,-1,-1,-1,1,1,1,1,-1,-1,-1,1,1,1,-1,-1,-1,1,1,1,1,-1,1,-1,1,1,1,1,-1,-1,1,1,-1,1,1,-1,-1,1,1,1,1,1,-1,-1,1,1,1,1,1,-1,-1,1,1,1,1,1,1,-1,1,1,1,-1,1,1,-1,1,1,1,1,1,1,-1,-1,1,1,1,1,1,-1,1,1,1,1,1,1,-1,-1,-1,1,1,1,1,-1,1,1,1,1,-1,1,-1,1,-1,1,1,1,-1,-1,1,1,1,1,1,-1,1,-1,-1,1,-1,1,-1,1,1,1,1,1,1,1,1,1,1,1,-1,1,-1,1,1,-1,1,-1,1,1,-1,1,-1,1,-1,1,-1,1,1,-1,1,-1,1,1,1,1,-1,-1,1,1,-1,-1,1,-1,1,-1,1,1,-1,1,-1,1,-1,1,-1,1,1,-1,1,-1,1,1,-1,1,-1,1,1,1,-1,1,1,-1,1,-1,1,-1,1,-1,1,-1,1,1,-1,1,-1,-1,-1,1,1,-1,1,-1,-1,-1,1,1,-1,-1,1,1,-1,-1,1,1,-1,1,1,-1,1,1,1,-1,-1,1,-1,1,1,-1,1,-1,1,1,-1,1,1,-1,-1,1,-1,-1,1,-1,1,-1,1,1,-1,1,1,1,-1,1,-1,-1,1,1,-1,-1,1,-1,1,1,1,1,-1,1,-1,1,1,1,-1,1,1,-1,-1,1,1,-1,-1,1,-1,1,1,1,1,1,1,-1,1,1,1,1,1,-1,-1,1,1,1,1,1,-1,-1,-1,1,1,1,1,-1,-1,1,-1,1,-1,1,1,-1,-1,1,1,1,1,1,-1,-1,1,1,1,1,-1,1,-1,-1,-1,-1,1,1,-1,-1,1,1,-1,1,1,-1,-1,1,1,1,1,1,-1,1,1,1,-1,1,-1,-1,-1,-1,1,1,1,1,-1,-1,1,-1,1,1,-1,-1,-1,-1,-1,1,-1,-1,-1,1,-1,1,1,1,1,-1,1,1,-1,1,-1,1,-1,-1,1,-1,1,1,1,1,-1,1,-1,-1,1,1,-1,-1,1,-1,1,1,1,-1,-1,1,-1,1,1,1,-1,1,1,-1,1,1,-1,-1,1,1,-1,1,-1,-1,-1,1,-1,1,1,-1,-1,1,1,-1,-1,1,-1,-1,-1,1,-1,-1,1,1,-1,-1,1,-1,-1,1,-1,-1,-1,1,1,-1,1,-1,-1,-1,1,1,-1,1,-1,1,-1,1,-1,-1,1,-1,-1,1,-1,1,-1,-1,1,-1,1,-1,1,1,-1,1,-1,-1,1,1,1,-1,1,-1,1,-1,-1,-1,1,-1,-1,-1,1,-1,-1,-1,1,1,-1,1,-1,1,-1,1,-1,1,1,-1,1,1,1,-1,-1,1,-1,1,-1,1,1,-1,1,-1,-1,1,1,-1,-1,1,-1,-1,-1,1,-1,-1,1,-1,1,1,1,1,-1,1,-1,-1,1,1,-1,-1,1,-1,-1,-1,1,1,-1,-1,1,1,-1,1,-1,-1,1,1,1,1,1,1,-1,-1,1,1,-1,1,-1,-1,-1,1,1,1,-1,-1,-1,1,-1,1,1,1,-1,-1,-1,1,1,1,-1,-1,-1,-1,1,1,1,1,-1,-1,-1,1,1,1,-1,-1,-1,-1,1,1,1,1,-1,-1,1,1,1,1,1,-1,-1,-1,1,1,1,-1,-1,-1,-1,1,1,-1,1,-1,-1,-1,1,1,1,1,-1,-1,1,1,1,1,1,-1,1,1,-1,1,1,-1,-1,-1,1,1,1,-1,1,-1,1,1,1,1,1,1,-1,-1,1,-1,1,-1,1,-1,-1,1,-1,1,-1,-1,-1,-1,1,-1,1,1,-1,1,-1,1,1,1,-1,1,1,-1,1,-1,1,-1,-1,-1,-1,1,1,-1,-1,-1,-1,-1,1,-1,1,-1,-1,-1,-1,-1,-1,-1,1,-1,-1,-1,1,-1,-1,1,-1,-1,-1,-1,-1,1,1,-1,-1,-1,-1,-1,1,-1,-1,-1,1,-1,-1,1,-1,1,-1,-1,-1,-1,-1,-1,-1,1,-1,-1,-1,1,1,-1,-1,-1,-1,1,-1,-1,-1,-1,1,-1,-1,1,-1,1,-1,-1,-1,-1,1,-1,1,1,-1,1,-1,-1,1,1,-1,-1,-1,-1,-1,-1,1,1,-1,-1,1,-1,1,1,-1,-1,-1,1,-1,1,1,-1,-1,1,-1,-1,1,1,1,-1,1,-1,1,1,1,-1,-1,1,-1,-1,1,1,1,-1,1,-1,-1,1,1,-1,1,1,-1,-1,1,1,1,1,1,-1,-1,1,1,1,1,1,-1,-1,1,1,1,1,1,1,-1,1,1,1,1,1,-1,-1,1,-1,1,1,1,1,-1,-1,1,-1,1,1,1,-1,1,1,1,1,-1,1,-1,1,1,1,1,1,1,-1,-1,-1,1,1,1,-1,1,-1,1,1,1,1,-1,1,-1,1,1,1,-1,-1,1,-1,1,1,-1,1,-1,-1,-1,1,1,1,-1,1,-1,-1,1,1,1,-1,-1,-1,-1,1,1,1,-1,1,-1,-1,-1,1,1,-1,1,-1,-1,-1,1,1,-1,1,-1,1,-1,1,1,1,1,1,-1,-1,1,1,-1,-1,1,1,-1,-1,1,-1,1,-1,-1,1,1,-1,-1,1,-1,-1,-1,-1,1,-1,1,1,-1,1,1,-1,-1,-1,-1,1,-1,-1,-1,-1,1,-1,-1,1,1,-1,1,1,-1,1,1,1,1,-1,1,-1,1,1,1,1,-1,1,-1,-1,1,1,1,-1,1,-1,1,1,1,1,-1,1,-1,1,1,-1,-1,-1,1,-1,-1,1,1,-1,-1,-1,1,-1,1,-1,1,-1,1,-1,-1,1,-2674.0,1,2000,445,1000,False
239,1,1,-1,-1,1,1,-1,-1,1,1,1,-1,-1,1,1,1,-1,1,-1,-1,-1,-1,1,1,1,-1,-1,-1,1,1,1,1,-1,-1,-1,-1,1,-1,1,1,-1,-1,-1,1,1,1,1,-1,1,1,1,1,-1,1,-1,-1,1,-1,1,1,1,-1,-1,-1,1,1,1,1,-1,-1,-1,1,1,1,1,-1,-1,-1,1,1,1,-1,-1,-1,1,1,1,1,-1,-1,1,1,1,1,1,-1,-1,-1,1,-1,1,1,-1,-1,1,1,1,1,1,-1,-1,-1,1,-1,1,1,-1,-1,1,1,1,1,1,1,-1,-1,1,1,-1,1,1,-1,1,1,1,1,1,1,-1,1,1,1,1,1,1,-1,1,1,1,1,1,1,-1,-1,-1,1,1,1,1,-1,1,1,1,1,-1,1,-1,1,-1,1,1,1,-1,-1,1,1,1,1,1,-1,1,-1,-1,1,-1,1,-1,1,1,1,1,1,1,1,1,1,-1,1,-1,1,-1,1,1,-1,1,-1,1,1,-1,1,-1,1,-1,1,-1,1,1,-1,1,-1,1,1,1,1,-1,-1,1,1,-1,-1,1,-1,1,-1,-1,1,-1,1,-1,1,-1,1,-1,1,1,-1,-1,-1,1,1,-1,1,-1,1,1,1,-1,1,1,-1,-1,-1,1,-1,1,-1,1,-1,1,1,-1,1,-1,-1,-1,1,1,-1,1,-1,-1,-1,1,1,-1,-1,1,1,-1,-1,1,1,-1,1,1,-1,1,1,1,1,-1,1,-1,1,1,-1,1,-1,1,1,-1,1,1,1,1,1,-1,-1,1,-1,-1,1,1,1,-1,1,1,1,-1,1,-1,-1,1,1,1,-1,1,-1,1,1,1,-1,1,1,-1,1,1,1,-1,1,1,-1,-1,1,1,1,-1,1,-1,1,1,1,-1,1,1,-1,1,1,1,-1,1,-1,-1,1,1,1,-1,1,-1,-1,-1,1,1,-1,1,-1,-1,1,-1,1,-1,1,1,-1,-1,1,1,1,-1,1,-1,-1,1,1,-1,1,-1,1,-1,-1,-1,-1,1,1,1,-1,1,1,-1,1,1,-1,-1,1,1,1,1,1,-1,1,1,1,-1,1,-1,-1,-1,-1,1,1,1,1,-1,-1,1,1,1,1,-1,-1,-1,-1,-1,1,-1,-1,-1,1,-1,1,1,-1,1,1,1,1,-1,1,-1,1,-1,-1,1,-1,1,1,1,1,-1,1,-1,-1,1,1,-1,-1,1,-1,1,1,1,-1,-1,1,-1,-1,1,1,-1,1,1,-1,1,1,-1,-1,1,1,-1,1,-1,-1,-1,1,-1,-1,1,-1,-1,-1,1,-1,-1,1,-1,-1,-1,1,-1,-1,1,-1,-1,-1,1,-1,-1,1,-1,-1,-1,1,1,-1,1,-1,-1,-1,1,1,-1,-1,-1,1,-1,1,-1,-1,1,-1,-1,1,-1,1,-1,-1,1,-1,1,-1,1,-1,-1,1,-1,-1,1,1,1,-1,1,-1,1,-1,1,-1,1,-1,-1,-1,1,-1,-1,-1,1,1,-1,1,-1,1,-1,1,-1,1,1,-1,1,1,1,-1,-1,1,-1,1,-1,1,1,-1,1,-1,-1,1,1,-1,-1,1,-1,-1,-1,1,-1,-1,1,-1,1,1,1,1,-1,1,-1,-1,1,1,-1,-1,1,-1,-1,-1,1,1,-1,-1,1,1,-1,1,-1,-1,1,1,1,-1,1,1,-1,-1,1,1,-1,1,-1,-1,1,1,1,1,-1,1,-1,1,-1,1,1,1,1,-1,-1,1,1,1,-1,-1,-1,1,1,1,1,1,-1,-1,-1,1,1,1,-1,-1,-1,-1,1,1,1,1,-1,-1,1,1,1,1,1,-1,-1,-1,1,1,1,1,-1,-1,-1,1,1,-1,1,-1,-1,-1,1,1,1,1,-1,-1,1,1,1,1,1,-1,1,1,-1,1,1,-1,-1,-1,1,1,1,-1,1,-1,1,1,1,1,1,1,-1,-1,1,-1,1,-1,1,-1,-1,1,-1,1,1,-1,-1,-1,1,-1,1,1,-1,1,-1,1,1,1,-1,1,1,-1,1,-1,1,-1,-1,-1,-1,1,1,-1,-1,-1,-1,-1,1,-1,1,-1,-1,-1,-1,-1,-1,-1,1,-1,-1,-1,1,-1,-1,1,-1,-1,-1,-1,-1,-1,1,-1,-1,-1,-1,-1,1,-1,-1,-1,1,-1,-1,1,-1,1,-1,-1,-1,-1,-1,-1,-1,1,-1,-1,-1,1,1,-1,-1,-1,1,-1,-1,-1,-1,-1,1,-1,-1,1,-1,1,-1,-1,-1,-1,1,-1,1,1,-1,1,-1,-1,1,1,-1,-1,-1,-1,-1,-1,1,1,-1,-1,1,-1,1,1,-1,-1,-1,1,-1,-1,1,-1,-1,1,-1,-1,1,1,1,-1,1,-1,1,1,1,-1,-1,1,-1,-1,1,1,1,-1,1,-1,-1,1,1,-1,1,1,-1,-1,1,1,-1,1,1,-1,-1,1,1,-1,1,1,-1,-1,1,1,1,1,1,1,-1,-1,1,1,-1,1,-1,-1,1,-1,1,1,1,1,-1,-1,1,-1,1,1,1,-1,1,1,1,1,-1,1,-1,1,1,1,1,1,1,1,-1,1,1,1,1,-1,1,-1,1,1,1,1,1,-1,1,1,1,1,-1,1,1,-1,1,1,-1,1,1,-1,-1,1,1,1,1,-1,1,-1,1,1,1,-1,-1,1,-1,1,1,1,-1,1,-1,-1,-1,1,1,-1,-1,1,-1,-1,1,1,-1,-1,1,-1,-1,1,1,1,-1,1,-1,-1,1,1,-1,-1,-1,1,-1,1,1,-1,1,1,-1,1,1,-1,-1,1,1,-1,-1,1,1,-1,1,1,-1,1,1,-1,-1,-1,-1,1,-1,-1,-1,-1,1,-1,-1,1,1,-1,1,1,-1,1,1,1,1,-1,1,-1,1,1,1,-1,-1,1,-1,1,1,1,-1,-1,1,-1,-1,1,1,-1,-1,1,-1,1,1,1,1,-1,1,-1,-1,1,1,1,-1,-1,1,-1,1,1,1,-1,1,-1,-1,1,-2674.0,1,2000,445,1000,False
240,1,1,-1,-1,1,1,-1,-1,1,1,1,-1,-1,1,1,1,-1,1,-1,-1,1,-1,1,1,1,-1,1,-1,1,1,1,1,1,1,-1,-1,1,-1,1,1,-1,-1,-1,1,1,1,1,-1,1,1,1,1,-1,1,-1,-1,1,-1,1,1,1,-1,1,-1,1,1,1,1,-1,-1,-1,1,1,1,1,-1,1,-1,1,1,1,-1,-1,1,1,1,1,1,-1,-1,-1,1,1,1,1,-1,1,1,1,-1,1,1,-1,-1,1,1,1,1,1,-1,-1,1,1,1,1,1,-1,-1,1,1,1,1,1,1,-1,1,1,1,-1,1,1,-1,1,1,1,1,1,1,-1,1,1,1,1,1,1,-1,-1,1,1,1,1,1,-1,1,-1,1,1,1,1,-1,1,1,1,1,-1,1,-1,1,1,1,1,1,-1,-1,1,1,1,1,1,-1,1,-1,-1,1,-1,1,-1,1,1,1,1,1,1,1,1,1,-1,1,-1,1,-1,1,1,-1,1,-1,1,1,-1,1,-1,1,-1,1,-1,1,1,-1,1,-1,1,1,1,1,-1,-1,1,1,-1,-1,1,-1,1,-1,-1,1,-1,1,-1,1,-1,1,-1,1,1,-1,1,-1,1,1,-1,1,-1,1,1,1,-1,1,1,-1,1,-1,1,-1,1,-1,1,-1,1,1,-1,1,-1,-1,-1,1,1,-1,1,-1,-1,-1,1,1,-1,-1,1,1,-1,-1,1,1,-1,1,1,-1,1,1,1,1,-1,1,-1,1,1,-1,1,-1,1,1,-1,1,1,-1,-1,1,-1,-1,1,-1,-1,1,1,1,-1,1,1,1,-1,1,-1,-1,1,1,1,1,1,-1,1,1,1,1,-1,1,-1,1,1,1,-1,1,1,-1,-1,1,1,1,-1,1,-1,1,1,1,-1,1,1,-1,1,1,1,-1,1,-1,-1,1,1,1,1,1,-1,-1,-1,1,1,-1,1,-1,-1,1,-1,1,-1,1,1,-1,-1,1,1,1,1,1,-1,-1,1,1,-1,1,-1,1,-1,-1,-1,-1,1,1,1,-1,1,1,-1,1,1,-1,-1,1,1,1,1,1,-1,1,1,1,-1,1,-1,-1,-1,-1,1,1,1,1,-1,-1,1,1,1,1,-1,-1,-1,-1,-1,1,-1,-1,-1,1,-1,1,1,1,1,1,1,1,-1,1,-1,1,-1,-1,1,-1,1,1,1,1,-1,1,-1,-1,1,1,-1,-1,1,-1,1,1,1,-1,-1,1,-1,-1,1,1,-1,1,1,-1,1,1,-1,-1,1,1,-1,1,-1,-1,-1,1,-1,-1,1,-1,-1,-1,1,-1,-1,1,-1,-1,-1,1,-1,-1,1,-1,-1,-1,1,-1,-1,1,-1,-1,-1,1,1,-1,1,1,-1,-1,1,1,-1,-1,1,1,-1,1,-1,-1,1,1,-1,1,1,1,-1,-1,1,-1,1,-1,1,-1,-1,1,-1,-1,1,1,1,-1,1,-1,1,-1,1,1,1,-1,-1,-1,1,-1,-1,-1,1,1,-1,1,-1,1,-1,1,-1,1,1,-1,1,1,1,-1,1,1,-1,1,-1,1,1,-1,1,-1,-1,1,1,-1,-1,1,-1,-1,-1,1,-1,-1,1,-1,1,1,1,1,-1,1,-1,-1,1,1,-1,-1,1,-1,-1,-1,1,1,-1,-1,1,1,-1,-1,-1,-1,-1,1,1,-1,1,1,-1,1,1,1,-1,1,-1,-1,-1,1,1,1,-1,-1,-1,1,-1,1,1,1,1,-1,-1,1,1,1,-1,-1,-1,-1,1,1,1,1,-1,-1,-1,1,1,1,-1,-1,-1,-1,1,1,1,1,-1,-1,1,1,1,1,1,-1,-1,-1,1,1,1,1,-1,-1,-1,1,1,-1,1,-1,-1,-1,1,1,1,1,-1,-1,1,1,1,1,1,-1,1,1,-1,1,1,-1,-1,-1,1,1,1,-1,1,-1,1,1,1,1,1,1,-1,-1,1,-1,1,-1,1,-1,-1,1,-1,1,-1,-1,-1,-1,1,-1,1,1,-1,1,-1,1,1,1,-1,1,1,-1,1,-1,1,-1,-1,-1,-1,1,1,-1,-1,-1,-1,-1,1,-1,1,-1,-1,-1,-1,-1,-1,-1,1,-1,-1,-1,1,-1,-1,1,-1,-1,-1,-1,-1,1,1,-1,-1,-1,-1,-1,1,-1,-1,-1,1,-1,-1,1,-1,1,-1,-1,-1,-1,-1,-1,-1,1,-1,-1,-1,1,1,1,-1,-1,1,-1,-1,-1,-1,-1,1,-1,-1,1,-1,1,-1,-1,-1,-1,1,-1,1,1,-1,1,-1,-1,1,1,-1,-1,-1,-1,-1,-1,1,1,-1,-1,1,-1,1,1,-1,-1,-1,1,-1,1,1,-1,-1,1,-1,-1,1,1,1,-1,1,-1,1,1,1,-1,-1,1,-1,-1,1,1,1,-1,1,-1,-1,1,1,-1,1,1,-1,-1,1,1,1,1,1,-1,-1,1,1,1,1,1,-1,-1,1,1,1,1,1,1,-1,-1,1,1,1,1,-1,-1,1,-1,1,1,1,1,-1,-1,1,-1,1,1,1,-1,1,1,1,1,-1,1,-1,1,1,1,1,1,1,1,-1,1,1,1,1,-1,1,-1,1,1,1,1,1,-1,1,1,1,1,-1,-1,1,-1,1,1,-1,1,1,-1,-1,1,1,1,-1,1,1,-1,1,1,1,-1,-1,1,-1,1,-1,1,-1,1,-1,-1,-1,1,1,-1,-1,1,-1,-1,1,-1,1,-1,1,-1,-1,-1,1,1,1,-1,-1,-1,1,1,-1,-1,-1,1,-1,1,-1,-1,1,1,-1,1,1,-1,-1,1,-1,-1,-1,-1,1,-1,1,1,-1,1,-1,1,-1,-1,-1,1,-1,-1,-1,-1,1,-1,-1,1,1,-1,1,1,-1,1,1,-1,-1,-1,1,-1,1,1,1,1,-1,1,-1,-1,-1,1,-1,-1,1,-1,1,1,1,1,-1,1,-1,1,1,-1,-1,-1,1,-1,-1,1,1,-1,-1,-1,1,-1,1,-1,1,-1,1,-1,-1,1,-2674.0,1,2000,445,1000,False
241,1,1,-1,-1,1,-1,-1,-1,1,1,1,-1,1,1,1,1,-1,1,-1,-1,-1,-1,1,1,1,-1,1,-1,1,1,1,1,-1,-1,-1,-1,1,1,1,1,-1,-1,-1,1,1,1,1,-1,1,1,1,1,-1,1,-1,-1,1,-1,1,1,1,-1,-1,-1,1,1,1,1,-1,-1,-1,1,1,1,1,-1,-1,-1,1,1,1,-1,-1,-1,1,1,1,1,-1,-1,-1,1,1,1,1,-1,-1,1,1,-1,1,1,-1,-1,1,1,1,1,1,-1,-1,1,1,1,1,1,-1,-1,1,1,1,1,1,1,-1,-1,1,1,-1,1,1,-1,1,1,1,1,1,1,-1,-1,1,1,1,1,1,-1,1,1,1,1,1,1,-1,-1,-1,1,1,1,1,-1,1,1,1,1,-1,1,-1,1,-1,1,1,1,-1,-1,1,1,1,1,1,-1,1,-1,-1,1,-1,1,-1,1,1,1,1,1,1,1,1,1,-1,1,-1,1,-1,1,1,-1,1,-1,1,1,-1,1,-1,1,-1,1,-1,1,1,-1,1,-1,1,1,1,1,-1,-1,1,1,-1,-1,1,-1,1,-1,-1,1,-1,1,-1,1,-1,1,-1,1,1,-1,-1,-1,1,1,-1,1,-1,1,1,1,-1,1,1,-1,-1,-1,1,-1,1,-1,1,-1,1,1,-1,1,-1,-1,-1,1,1,-1,1,-1,-1,-1,1,1,-1,-1,1,1,-1,-1,1,1,-1,1,1,-1,1,1,1,1,-1,1,-1,1,1,-1,1,-1,1,1,-1,1,1,1,1,1,-1,-1,1,-1,-1,-1,1,1,-1,1,1,1,-1,1,-1,-1,1,1,1,1,1,-1,1,1,1,-1,-1,1,-1,1,1,1,-1,1,1,-1,-1,1,1,1,-1,1,-1,1,1,1,-1,1,1,-1,1,1,1,-1,1,-1,-1,1,1,1,-1,1,-1,-1,-1,1,1,-1,1,-1,-1,1,-1,1,-1,1,1,-1,-1,1,1,1,-1,1,-1,-1,1,1,-1,1,-1,1,-1,-1,-1,-1,1,1,-1,-1,1,1,-1,1,1,-1,-1,1,1,1,1,1,-1,1,1,1,-1,1,-1,-1,-1,-1,1,1,1,1,-1,-1,1,1,1,1,-1,-1,-1,-1,-1,1,-1,-1,-1,1,-1,1,1,1,1,1,1,1,-1,1,-1,1,-1,-1,1,-1,1,1,1,1,-1,1,-1,-1,1,1,-1,-1,1,-1,1,1,1,-1,-1,1,-1,-1,1,1,-1,1,1,-1,1,1,-1,-1,1,1,-1,1,-1,-1,-1,1,-1,-1,1,-1,-1,1,1,-1,-1,1,-1,-1,-1,1,-1,-1,1,-1,-1,-1,1,-1,-1,1,-1,-1,-1,1,1,-1,1,1,-1,-1,1,1,-1,-1,1,1,-1,1,-1,-1,1,-1,-1,1,-1,1,-1,-1,1,-1,1,-1,1,-1,-1,1,-1,-1,1,1,1,-1,1,-1,1,-1,-1,1,1,-1,-1,-1,1,-1,-1,-1,1,1,-1,1,-1,1,-1,1,-1,1,1,-1,1,1,1,-1,-1,1,-1,1,-1,1,1,-1,1,-1,-1,1,1,-1,-1,1,-1,-1,-1,1,-1,-1,1,-1,1,1,1,1,-1,1,-1,-1,1,1,-1,-1,1,-1,-1,-1,1,1,-1,-1,1,1,-1,-1,-1,-1,1,1,1,-1,1,1,-1,-1,1,1,-1,1,-1,-1,1,1,1,1,-1,-1,-1,1,-1,1,1,1,-1,-1,-1,1,1,1,-1,-1,-1,1,1,1,1,1,-1,-1,-1,1,1,1,-1,-1,-1,-1,1,1,1,1,-1,-1,1,1,1,1,1,-1,-1,-1,1,1,1,-1,-1,-1,-1,1,1,-1,1,-1,-1,-1,1,1,1,1,-1,-1,1,1,1,1,1,-1,1,1,-1,1,1,-1,-1,-1,1,1,1,-1,1,-1,1,1,1,1,1,1,-1,-1,1,-1,1,-1,1,-1,-1,1,-1,1,-1,-1,-1,-1,1,-1,1,1,-1,-1,-1,1,1,1,-1,1,-1,-1,1,-1,1,-1,-1,-1,-1,1,1,-1,-1,-1,-1,-1,1,-1,1,-1,-1,-1,-1,-1,-1,-1,1,-1,-1,-1,1,-1,-1,1,-1,-1,-1,-1,-1,1,1,-1,-1,-1,-1,-1,1,-1,-1,-1,1,-1,-1,1,-1,1,-1,-1,-1,-1,-1,-1,-1,1,-1,-1,-1,1,1,1,-1,-1,1,-1,-1,-1,-1,-1,1,-1,-1,1,-1,1,-1,-1,-1,-1,1,-1,1,1,-1,1,-1,-1,1,1,-1,-1,-1,-1,-1,-1,1,1,-1,-1,1,-1,1,1,-1,-1,-1,1,-1,1,1,-1,-1,1,-1,-1,1,1,1,-1,1,-1,1,1,1,-1,-1,1,-1,-1,1,1,1,-1,1,-1,-1,1,1,-1,1,1,-1,-1,1,1,-1,1,1,-1,-1,1,1,-1,1,1,-1,-1,1,1,1,1,1,1,-1,-1,1,1,-1,1,-1,-1,1,-1,1,1,1,1,-1,-1,1,-1,1,1,1,-1,1,1,1,1,-1,1,-1,1,1,1,1,1,1,1,-1,1,1,1,1,-1,1,-1,1,1,1,1,1,-1,1,1,1,1,-1,1,1,-1,1,1,-1,1,1,-1,-1,1,1,1,1,-1,1,-1,1,1,1,-1,-1,1,-1,1,1,1,-1,1,-1,-1,-1,1,1,-1,-1,1,-1,-1,1,1,1,-1,1,-1,-1,1,1,1,-1,1,-1,-1,1,1,-1,-1,-1,1,-1,-1,1,-1,1,1,-1,1,1,-1,-1,1,-1,-1,-1,1,1,-1,1,1,-1,1,1,-1,-1,1,-1,1,-1,-1,-1,-1,1,-1,-1,1,1,-1,1,1,-1,1,1,1,1,-1,1,-1,1,1,1,1,-1,1,-1,-1,-1,1,1,-1,1,-1,1,1,1,1,-1,1,-1,1,1,1,-1,-1,1,-1,-1,1,1,-1,-1,-1,1,-1,1,-1,1,-1,1,-1,-1,1,-2674.0,1,2000,445,1500,False
242,1,1,-1,-1,1,1,-1,-1,1,1,1,-1,1,1,1,1,-1,1,-1,-1,-1,-1,1,1,1,-1,1,-1,1,1,1,1,-1,-1,-1,-1,1,1,1,1,-1,-1,-1,1,1,1,1,-1,1,1,1,1,-1,1,-1,-1,1,-1,1,1,1,-1,-1,-1,1,1,1,1,-1,-1,-1,1,1,1,1,-1,-1,-1,1,1,1,-1,-1,-1,1,1,1,1,-1,-1,-1,1,1,1,1,-1,-1,1,1,-1,1,1,-1,-1,1,1,1,1,1,-1,-1,1,1,-1,1,1,-1,-1,1,1,1,1,1,1,-1,1,1,1,-1,1,1,-1,1,1,1,1,1,1,-1,-1,1,1,1,1,1,-1,1,1,1,1,1,1,-1,-1,-1,1,1,1,1,-1,1,1,1,1,-1,1,-1,1,-1,1,1,1,-1,-1,1,1,1,1,1,-1,1,-1,-1,1,-1,1,-1,1,1,1,1,1,1,1,1,1,-1,1,-1,1,-1,1,1,-1,1,-1,1,1,-1,1,-1,1,-1,1,-1,1,1,-1,-1,-1,1,1,1,1,-1,-1,1,1,-1,-1,1,-1,1,-1,-1,1,-1,1,-1,1,-1,1,-1,1,1,-1,-1,-1,1,1,-1,1,-1,1,1,1,-1,1,1,-1,-1,-1,1,-1,1,-1,1,-1,1,1,-1,1,-1,-1,-1,1,1,-1,1,-1,-1,-1,1,1,-1,-1,1,1,-1,-1,1,1,-1,1,1,-1,1,1,1,-1,-1,1,-1,1,1,-1,1,-1,1,1,-1,1,1,-1,-1,1,-1,-1,1,-1,1,-1,1,1,-1,1,1,1,-1,1,-1,-1,1,1,-1,-1,1,-1,1,1,1,1,-1,1,-1,1,1,1,-1,1,1,-1,-1,1,1,-1,-1,1,-1,1,1,1,1,1,1,-1,1,1,1,1,1,-1,-1,1,1,1,1,1,-1,-1,-1,1,1,1,1,-1,-1,1,-1,1,-1,1,1,-1,-1,1,1,1,1,1,-1,-1,1,1,1,-1,-1,1,-1,-1,-1,-1,1,1,-1,-1,1,1,-1,1,1,-1,-1,1,1,1,1,1,-1,1,1,1,-1,1,-1,-1,-1,-1,1,1,1,1,-1,-1,1,-1,1,1,-1,-1,-1,-1,-1,1,-1,-1,-1,1,-1,1,-1,1,1,-1,1,1,-1,1,-1,1,-1,-1,1,-1,1,-1,1,1,-1,1,-1,-1,1,1,-1,-1,1,-1,1,1,1,-1,-1,1,-1,1,-1,1,-1,1,1,-1,-1,-1,-1,-1,1,1,-1,1,-1,-1,-1,1,-1,1,1,-1,-1,-1,1,-1,-1,1,-1,-1,-1,1,-1,1,-1,-1,-1,-1,1,-1,-1,1,-1,-1,-1,1,1,-1,1,-1,-1,-1,1,1,-1,-1,-1,1,-1,1,-1,-1,1,-1,-1,1,-1,1,-1,-1,1,-1,1,-1,1,-1,-1,1,-1,-1,1,1,1,-1,1,-1,1,-1,-1,-1,1,-1,-1,-1,1,-1,-1,-1,1,1,-1,1,-1,1,-1,1,-1,1,1,-1,1,1,1,-1,-1,1,-1,1,-1,1,1,-1,1,-1,-1,1,1,-1,-1,1,-1,-1,-1,1,-1,-1,1,-1,1,1,1,1,-1,1,-1,-1,1,1,-1,-1,1,-1,-1,-1,1,1,-1,-1,1,1,-1,-1,-1,-1,1,1,1,1,1,1,-1,-1,1,1,-1,1,-1,-1,1,1,1,1,-1,1,-1,1,-1,1,1,1,1,-1,-1,1,1,1,-1,-1,-1,1,1,1,1,1,-1,-1,-1,1,1,1,-1,-1,-1,-1,1,1,1,1,-1,-1,-1,1,1,1,1,-1,-1,1,1,1,1,1,-1,-1,-1,1,1,-1,1,-1,-1,-1,1,1,1,1,-1,-1,1,1,1,1,1,-1,1,1,-1,1,1,-1,-1,-1,1,1,1,-1,1,-1,1,1,1,1,1,1,-1,-1,1,-1,1,-1,1,-1,-1,1,-1,1,1,-1,-1,-1,1,-1,1,1,-1,-1,-1,1,1,1,-1,1,-1,-1,1,-1,1,-1,-1,-1,-1,1,1,-1,-1,-1,-1,-1,1,-1,1,-1,-1,-1,-1,-1,-1,-1,1,-1,-1,-1,1,-1,-1,1,-1,-1,-1,-1,-1,1,1,-1,-1,-1,-1,-1,1,-1,-1,-1,1,-1,-1,1,-1,1,-1,-1,-1,-1,-1,-1,-1,1,-1,-1,-1,1,1,-1,-1,-1,1,1,-1,-1,-1,-1,1,-1,-1,1,-1,1,-1,-1,-1,-1,1,-1,1,1,-1,1,-1,-1,1,1,-1,-1,-1,-1,-1,-1,1,1,-1,-1,1,-1,1,1,-1,-1,-1,1,-1,1,1,-1,-1,1,-1,-1,1,1,1,-1,1,-1,1,1,1,-1,-1,1,-1,-1,1,1,1,-1,1,-1,-1,1,1,-1,1,1,-1,-1,1,1,1,1,1,-1,-1,1,1,-1,1,1,-1,-1,1,1,1,1,1,1,-1,1,1,1,-1,1,-1,-1,1,-1,1,1,1,1,-1,-1,1,-1,1,1,1,-1,1,1,1,1,-1,1,-1,1,1,1,1,1,1,-1,-1,1,1,1,1,-1,1,-1,1,1,1,1,-1,1,-1,1,1,1,-1,-1,1,-1,1,1,-1,1,-1,-1,-1,1,1,1,-1,1,-1,-1,1,1,1,-1,-1,-1,-1,1,1,1,-1,1,-1,-1,-1,1,1,-1,1,-1,-1,-1,1,1,1,-1,1,-1,1,-1,1,1,1,1,-1,-1,1,1,-1,-1,1,1,1,-1,1,-1,1,-1,-1,1,1,-1,-1,1,-1,-1,-1,1,1,-1,1,-1,1,1,1,-1,-1,1,-1,1,-1,-1,-1,-1,1,-1,1,1,1,-1,1,1,-1,1,1,1,1,-1,1,-1,1,1,1,1,-1,1,-1,1,1,1,1,-1,1,-1,1,1,1,1,-1,1,-1,1,1,1,-1,-1,1,-1,-1,1,1,-1,-1,-1,1,-1,1,-1,1,-1,1,-1,-1,1,-2674.0,1,2000,445,1000,False
243,1,1,-1,-1,1,-1,-1,-1,1,1,1,-1,1,1,1,1,-1,1,-1,-1,1,-1,1,1,1,-1,-1,-1,1,1,1,1,-1,-1,-1,-1,1,-1,1,-1,-1,-1,-1,1,1,1,1,-1,1,1,1,1,-1,1,-1,-1,1,-1,1,1,1,-1,-1,-1,1,1,1,1,-1,-1,-1,1,1,1,1,-1,-1,-1,1,1,1,-1,-1,-1,1,1,1,1,-1,1,-1,1,1,1,1,-1,-1,1,1,-1,1,1,-1,-1,1,1,1,1,1,-1,-1,1,1,1,1,1,-1,-1,1,1,1,1,1,1,-1,1,1,1,-1,1,1,-1,1,1,1,1,1,1,-1,-1,1,1,1,1,1,-1,1,1,1,1,1,1,-1,-1,-1,1,1,1,1,-1,1,1,1,1,-1,1,-1,1,-1,1,1,1,-1,-1,1,1,1,1,1,-1,1,-1,-1,1,-1,1,-1,1,1,1,1,1,1,1,1,1,-1,1,-1,1,-1,1,1,-1,1,-1,1,1,-1,1,-1,1,-1,1,-1,1,1,-1,-1,-1,1,1,1,1,-1,-1,1,1,-1,-1,1,-1,1,-1,1,1,-1,1,-1,1,-1,1,-1,1,1,-1,-1,-1,1,1,-1,1,-1,1,1,1,-1,1,1,-1,-1,-1,1,-1,1,-1,1,-1,1,1,-1,1,-1,-1,-1,1,1,-1,1,-1,-1,-1,1,1,-1,-1,1,1,-1,-1,1,1,-1,1,1,-1,1,1,1,1,-1,1,-1,1,1,-1,1,-1,1,1,-1,1,1,1,1,1,-1,-1,1,-1,-1,1,1,1,-1,1,1,1,-1,1,-1,-1,1,1,1,1,1,-1,1,1,1,-1,1,1,-1,1,1,1,-1,1,1,-1,-1,1,1,1,-1,1,-1,1,1,1,-1,1,1,-1,1,1,1,-1,1,-1,-1,1,1,1,-1,1,-1,-1,-1,1,1,-1,1,-1,-1,1,-1,1,-1,1,1,-1,-1,1,1,1,1,1,-1,-1,1,1,-1,1,-1,1,-1,-1,-1,-1,1,1,-1,-1,1,1,-1,1,1,-1,-1,1,1,1,1,1,-1,1,1,1,-1,1,-1,-1,-1,-1,1,1,1,1,-1,-1,1,1,1,1,-1,-1,-1,-1,-1,1,-1,-1,-1,1,-1,1,1,1,1,1,1,1,-1,1,-1,1,-1,-1,1,-1,1,1,1,1,-1,1,-1,-1,1,1,-1,-1,1,-1,1,1,1,-1,-1,1,-1,-1,1,1,-1,1,1,-1,1,1,-1,-1,1,1,-1,1,-1,-1,-1,1,1,-1,1,-1,-1,1,1,-1,-1,1,-1,-1,-1,1,-1,-1,1,-1,-1,-1,1,-1,-1,1,-1,-1,-1,1,1,-1,1,1,-1,-1,1,1,-1,-1,-1,1,-1,1,-1,-1,1,-1,-1,1,1,1,-1,-1,1,-1,1,-1,1,-1,-1,1,-1,-1,1,1,1,-1,1,-1,1,-1,1,-1,1,-1,-1,-1,1,-1,-1,-1,1,1,-1,1,-1,1,-1,1,-1,1,1,-1,1,1,1,-1,-1,1,-1,1,-1,1,1,-1,1,-1,-1,1,1,-1,-1,1,-1,-1,-1,1,-1,-1,1,-1,1,1,1,1,-1,1,-1,-1,1,1,-1,-1,1,-1,-1,-1,1,1,-1,-1,1,1,-1,1,-1,-1,1,1,1,-1,1,1,-1,-1,1,1,-1,1,-1,-1,1,1,1,1,-1,-1,-1,1,-1,1,1,1,1,-1,-1,1,1,1,-1,-1,-1,1,1,1,1,1,-1,-1,-1,1,1,1,-1,-1,-1,-1,1,1,1,1,-1,-1,-1,1,1,1,1,-1,-1,1,1,1,1,1,-1,-1,-1,1,1,-1,1,-1,-1,-1,1,1,1,1,-1,-1,1,1,1,1,1,-1,1,1,-1,1,1,-1,-1,-1,1,1,1,-1,1,-1,1,1,1,1,1,1,-1,-1,1,-1,1,-1,1,-1,-1,1,-1,1,-1,-1,-1,-1,1,-1,1,1,-1,1,-1,1,1,1,-1,1,1,-1,1,-1,1,-1,-1,-1,-1,1,1,-1,-1,-1,-1,-1,1,-1,1,-1,-1,-1,-1,-1,-1,-1,1,-1,-1,-1,1,-1,-1,1,-1,-1,-1,-1,-1,1,1,-1,-1,-1,-1,-1,1,-1,-1,-1,1,-1,-1,1,-1,1,-1,-1,-1,-1,-1,-1,-1,1,-1,-1,-1,1,1,1,-1,-1,-1,1,-1,-1,-1,-1,1,-1,-1,1,-1,1,-1,-1,-1,-1,1,-1,1,1,-1,1,-1,-1,1,1,-1,-1,-1,-1,-1,-1,1,1,-1,-1,1,-1,1,1,1,-1,-1,1,-1,-1,1,-1,-1,1,-1,-1,1,1,1,-1,1,-1,1,1,1,-1,-1,1,-1,-1,1,1,1,-1,1,-1,-1,1,1,-1,1,1,-1,-1,1,1,1,1,1,-1,-1,1,1,-1,1,1,-1,-1,1,1,1,1,1,1,-1,-1,1,1,-1,1,-1,-1,1,-1,1,1,1,1,-1,-1,1,-1,1,1,1,-1,1,1,1,1,-1,1,-1,1,1,1,1,1,1,1,-1,1,1,1,1,-1,1,-1,1,1,1,1,1,-1,1,1,1,1,-1,1,1,-1,1,1,-1,1,1,-1,-1,1,1,1,1,-1,1,-1,1,1,1,-1,-1,1,-1,1,1,1,-1,1,-1,-1,-1,1,1,-1,-1,1,-1,-1,1,1,-1,-1,1,-1,-1,1,1,1,-1,-1,-1,-1,1,1,-1,-1,-1,1,-1,-1,1,-1,1,1,-1,1,1,-1,-1,1,-1,-1,-1,-1,1,-1,1,1,-1,1,1,-1,-1,-1,-1,1,-1,-1,-1,-1,-1,-1,-1,1,1,-1,1,1,-1,1,1,1,1,-1,1,-1,1,1,1,1,-1,1,-1,-1,1,1,1,-1,1,-1,1,1,1,1,-1,1,-1,1,1,-1,-1,-1,1,-1,-1,1,1,-1,-1,-1,1,-1,1,-1,1,-1,1,-1,-1,1,-2674.0,1,2000,445,1000,False
244,-1,-1,1,1,1,1,-1,1,-1,-1,-1,1,-1,1,-1,-1,1,-1,1,1,-1,1,-1,-1,-1,1,-1,-1,1,-1,-1,-1,1,1,-1,1,1,-1,-1,-1,1,-1,1,-1,-1,-1,1,1,-1,-1,-1,-1,1,1,1,-1,-1,1,-1,-1,1,1,1,1,-1,1,-1,1,1,-1,1,-1,-1,-1,1,-1,-1,1,-1,-1,-1,1,1,-1,-1,-1,-1,1,1,1,-1,-1,-1,1,-1,1,-1,1,-1,1,1,1,1,-1,1,-1,-1,1,1,1,-1,1,-1,-1,1,1,1,-1,1,-1,-1,1,1,1,-1,1,-1,-1,1,1,-1,-1,1,-1,-1,1,1,1,-1,-1,-1,-1,1,1,1,-1,1,-1,-1,-1,1,1,-1,-1,1,-1,1,1,1,-1,1,-1,-1,-1,1,1,-1,1,1,-1,1,1,1,-1,1,-1,-1,1,1,-1,1,-1,1,-1,1,1,-1,1,1,-1,-1,-1,1,1,1,1,1,-1,1,1,-1,1,1,1,-1,1,1,1,-1,1,1,-1,1,1,1,1,1,1,-1,1,1,-1,-1,1,1,1,-1,1,-1,-1,1,1,-1,-1,1,-1,1,1,1,-1,-1,1,-1,1,1,1,1,-1,-1,1,-1,1,1,-1,1,1,-1,1,1,1,-1,-1,1,-1,1,-1,1,1,1,1,-1,1,-1,1,1,-1,1,-1,1,-1,1,1,1,1,1,-1,1,1,1,1,1,1,-1,1,1,-1,-1,-1,1,-1,-1,1,1,-1,-1,1,1,-1,1,1,1,-1,1,-1,-1,1,1,1,-1,-1,1,-1,1,-1,1,-1,1,1,-1,1,1,1,-1,1,-1,-1,1,1,-1,1,1,1,-1,1,1,-1,1,1,-1,1,1,1,-1,1,1,-1,-1,1,1,1,1,1,1,1,1,1,1,1,1,1,1,-1,1,-1,1,1,1,1,-1,1,1,-1,1,1,1,-1,1,1,-1,1,-1,1,1,-1,1,-1,1,1,1,1,-1,1,-1,1,1,-1,-1,-1,1,1,-1,-1,1,1,1,1,-1,1,-1,1,-1,1,1,-1,1,1,1,-1,1,1,-1,1,-1,1,-1,-1,1,-1,1,1,1,1,-1,1,1,-1,1,1,-1,-1,1,-1,-1,1,-1,1,-1,-1,1,-1,1,1,-1,-1,1,1,-1,1,-1,1,-1,-1,1,-1,1,-1,-1,-1,-1,1,-1,-1,1,1,-1,-1,1,-1,1,1,-1,1,-1,1,-1,1,-1,1,-1,-1,-1,-1,-1,-1,-1,1,-1,1,-1,1,-1,1,-1,-1,-1,1,-1,1,1,-1,-1,-1,-1,-1,-1,-1,-1,-1,-1,1,-1,-1,1,-1,1,-1,-1,1,-1,-1,1,-1,-1,-1,-1,-1,1,-1,1,-1,-1,-1,1,1,-1,1,-1,-1,1,-1,1,1,1,-1,-1,-1,-1,1,-1,1,-1,1,-1,-1,1,1,-1,1,1,-1,1,1,1,1,1,-1,1,-1,1,1,-1,1,-1,1,-1,-1,1,-1,-1,1,-1,-1,1,-1,-1,-1,1,1,-1,1,1,-1,-1,1,1,-1,-1,1,-1,-1,-1,-1,-1,1,1,-1,-1,-1,-1,-1,1,1,-1,-1,1,1,1,-1,1,-1,-1,1,1,-1,1,1,-1,-1,-1,1,-1,-1,1,1,-1,1,1,1,1,1,1,-1,-1,1,-1,1,1,1,-1,-1,1,-1,1,1,-1,-1,1,1,-1,1,1,-1,1,1,-1,1,1,1,1,-1,1,1,-1,1,1,-1,1,1,1,1,1,1,1,-1,-1,1,1,1,1,1,-1,1,1,-1,1,1,1,-1,-1,1,1,1,-1,1,-1,-1,1,1,1,1,1,-1,-1,-1,1,1,1,1,-1,-1,1,1,1,1,-1,1,-1,1,-1,1,-1,-1,1,-1,1,-1,1,1,-1,1,-1,1,1,1,-1,1,-1,-1,1,-1,-1,1,-1,1,-1,1,-1,1,-1,1,-1,-1,1,1,1,-1,1,1,-1,1,-1,1,-1,1,-1,-1,1,-1,1,-1,-1,1,1,1,1,1,-1,1,1,-1,1,1,1,1,-1,1,-1,-1,1,1,-1,1,1,1,-1,1,1,-1,1,1,1,-1,1,1,1,-1,1,-1,-1,1,1,-1,-1,1,-1,1,-1,-1,1,-1,1,1,-1,1,1,-1,-1,1,1,-1,1,1,-1,-1,-1,1,1,1,1,-1,-1,1,1,-1,1,1,-1,-1,1,-1,1,1,1,-1,-1,-1,1,-1,1,1,-1,1,-1,-1,1,1,1,-1,-1,-1,-1,-1,1,-1,-1,-1,1,-1,1,1,-1,-1,-1,1,-1,1,1,1,-1,-1,-1,-1,1,1,-1,1,-1,-1,1,1,1,-1,-1,1,-1,-1,1,1,-1,-1,1,-1,-1,1,1,-1,1,-1,-1,-1,1,1,-1,-1,1,-1,-1,1,1,-1,-1,1,1,-1,1,1,-1,1,1,-1,-1,1,1,-1,-1,1,-1,-1,1,-1,1,-1,1,1,-1,-1,1,-1,1,-1,1,-1,1,1,-1,1,-1,1,-1,1,1,-1,1,1,1,-1,-1,1,-1,1,1,-1,1,-1,1,-1,1,1,-1,1,-1,1,1,1,-1,-1,1,-1,1,1,-1,1,-1,-1,1,-1,-1,1,-1,1,-1,-1,1,-1,1,-1,-1,-1,1,1,-1,1,-1,-1,-1,-1,-1,1,1,-1,1,-1,-1,1,-1,1,-1,1,1,-1,1,-1,1,1,1,1,-1,1,1,1,-1,-1,1,1,1,1,1,-1,1,-1,-1,1,1,-1,-1,1,-1,-1,1,-1,1,-1,1,-1,1,1,1,-1,-1,1,-1,-1,1,-1,-1,-1,1,-1,1,-1,1,-1,1,1,-1,1,1,1,1,-1,1,-1,1,1,1,1,-1,1,-1,1,1,1,1,-1,1,-1,1,1,1,1,-1,1,-1,1,1,1,-1,-1,1,-1,-1,1,1,-1,-1,-1,1,-1,1,1,1,-1,1,-1,-1,1,-2674.0,1,2000,445,1500,True
245,1,1,-1,-1,1,1,-1,-1,1,1,1,-1,1,1,-1,1,-1,1,-1,-1,-1,1,1,1,1,-1,1,-1,1,1,1,1,1,-1,-1,-1,1,1,1,-1,-1,-1,-1,1,1,1,1,-1,1,1,1,1,-1,1,-1,-1,1,-1,1,1,1,-1,-1,1,1,1,1,1,-1,-1,1,1,1,1,1,-1,-1,-1,1,1,1,-1,-1,-1,1,1,1,1,-1,-1,-1,1,1,1,1,-1,-1,1,1,-1,1,1,-1,-1,1,1,1,1,1,-1,-1,1,1,1,1,1,-1,-1,1,1,1,1,1,1,-1,-1,1,1,-1,1,1,-1,1,1,1,1,1,1,-1,-1,1,1,1,1,1,-1,1,1,1,1,1,1,-1,-1,-1,1,1,1,1,-1,1,-1,1,1,-1,1,-1,1,-1,1,1,1,-1,-1,1,1,1,1,1,-1,1,-1,-1,1,-1,1,-1,1,1,1,1,1,1,1,1,1,-1,1,-1,1,-1,1,1,-1,1,-1,1,1,-1,1,-1,1,-1,1,-1,1,1,-1,-1,-1,1,1,1,1,-1,-1,1,1,-1,-1,1,-1,1,-1,-1,1,-1,1,-1,1,-1,1,-1,-1,1,-1,-1,-1,1,1,-1,1,-1,1,1,1,-1,1,1,-1,-1,-1,1,-1,1,-1,1,-1,1,1,-1,1,-1,-1,-1,1,1,-1,1,-1,-1,-1,1,1,-1,-1,1,1,-1,-1,1,1,-1,1,1,-1,1,1,1,1,-1,1,-1,1,1,-1,1,-1,1,1,-1,1,1,1,1,1,-1,-1,1,-1,-1,-1,1,1,-1,1,1,1,-1,1,-1,-1,1,1,1,1,1,-1,1,1,1,-1,1,1,-1,1,1,1,-1,1,1,-1,-1,1,1,1,-1,1,-1,1,1,1,-1,1,1,-1,1,1,1,-1,1,-1,-1,1,1,1,-1,1,-1,-1,-1,1,1,-1,1,-1,-1,1,-1,1,-1,1,1,-1,-1,1,1,1,-1,1,-1,-1,1,1,-1,1,-1,1,-1,-1,-1,-1,1,1,-1,-1,1,1,-1,1,1,-1,-1,1,1,1,1,1,-1,1,1,1,-1,1,-1,-1,-1,-1,1,1,-1,1,-1,-1,1,-1,1,-1,-1,-1,-1,-1,-1,1,-1,-1,-1,1,-1,1,1,-1,1,-1,1,1,-1,1,-1,1,-1,-1,1,-1,1,-1,1,1,-1,1,-1,-1,1,1,-1,-1,1,-1,1,1,1,-1,-1,1,-1,1,-1,1,-1,1,1,-1,1,-1,-1,-1,1,1,-1,1,-1,-1,-1,1,-1,1,1,1,-1,1,1,-1,-1,1,-1,-1,-1,1,-1,1,-1,1,-1,-1,1,-1,-1,1,-1,-1,-1,1,1,-1,1,-1,-1,-1,1,1,-1,1,-1,1,-1,1,-1,-1,1,-1,-1,1,-1,1,-1,-1,1,-1,1,-1,1,-1,-1,1,-1,-1,1,1,1,-1,1,-1,1,-1,1,-1,1,-1,-1,-1,1,-1,-1,-1,1,-1,1,1,-1,1,-1,1,-1,1,1,-1,1,1,1,-1,-1,1,-1,1,-1,1,-1,-1,1,-1,-1,1,1,1,-1,1,-1,-1,-1,1,-1,-1,1,-1,1,1,1,1,-1,1,-1,-1,1,1,-1,-1,1,-1,-1,-1,1,1,-1,-1,1,1,-1,1,-1,-1,1,1,1,1,1,1,-1,-1,1,1,-1,1,-1,-1,1,1,1,1,-1,-1,-1,1,-1,1,1,1,-1,-1,-1,1,1,1,-1,-1,-1,1,1,1,1,1,-1,-1,-1,1,1,1,-1,-1,-1,-1,1,1,1,1,-1,-1,-1,1,1,1,1,-1,-1,1,1,1,1,1,-1,-1,-1,1,1,-1,1,-1,-1,-1,1,1,1,1,-1,-1,1,1,1,1,1,-1,1,1,-1,1,1,-1,-1,-1,1,1,1,-1,1,-1,1,1,1,1,1,1,-1,-1,1,-1,1,-1,1,-1,-1,1,-1,1,-1,-1,-1,-1,1,-1,1,1,-1,-1,-1,1,1,1,-1,1,-1,-1,1,-1,1,-1,-1,-1,-1,1,1,-1,-1,-1,-1,-1,1,-1,1,-1,-1,-1,-1,-1,-1,-1,1,-1,-1,-1,1,-1,-1,1,-1,-1,-1,-1,-1,1,1,-1,-1,-1,-1,-1,1,-1,-1,-1,1,-1,-1,1,-1,1,-1,-1,-1,-1,-1,-1,-1,1,-1,-1,-1,1,1,1,-1,-1,1,-1,-1,-1,-1,-1,1,-1,-1,1,-1,1,-1,-1,-1,-1,1,-1,1,1,-1,1,-1,-1,1,1,-1,-1,-1,-1,-1,-1,1,1,-1,-1,1,-1,1,1,-1,-1,-1,1,-1,1,1,-1,-1,1,-1,-1,1,1,1,-1,1,-1,1,1,1,-1,-1,1,-1,-1,1,1,1,-1,1,-1,-1,1,1,-1,1,1,-1,-1,1,1,1,1,1,-1,-1,1,1,-1,1,1,-1,-1,1,1,1,1,-1,1,-1,1,1,1,1,1,-1,-1,1,-1,1,1,1,1,-1,-1,1,-1,1,1,1,-1,1,1,1,1,-1,1,-1,1,1,1,1,1,1,1,-1,-1,1,1,1,-1,1,-1,1,1,1,1,1,-1,1,1,1,1,-1,1,1,-1,1,1,-1,1,1,-1,-1,1,1,1,1,-1,1,-1,1,1,1,-1,-1,1,-1,1,1,1,-1,1,-1,-1,-1,1,1,-1,-1,1,-1,-1,1,1,1,-1,1,-1,1,-1,1,1,-1,-1,-1,-1,1,1,-1,-1,-1,1,1,-1,1,-1,1,1,-1,1,1,-1,-1,1,1,-1,-1,1,1,-1,1,1,1,1,1,-1,-1,-1,-1,-1,-1,-1,-1,-1,-1,1,1,1,1,-1,1,1,-1,1,1,1,1,-1,1,-1,1,1,1,1,-1,1,-1,1,1,1,1,-1,1,-1,1,1,1,1,-1,1,-1,1,-1,1,-1,-1,1,-1,1,1,1,-1,-1,-1,1,-1,1,-1,1,-1,1,-1,1,1,-2674.0,1,2000,445,1000,False
246,1,1,-1,-1,1,1,-1,-1,1,1,1,-1,-1,1,1,1,-1,1,-1,-1,-1,-1,1,1,1,-1,-1,-1,1,1,1,1,-1,-1,-1,-1,1,-1,1,1,-1,-1,-1,1,1,1,1,-1,1,1,1,1,-1,1,-1,-1,1,-1,1,1,1,-1,-1,-1,1,1,1,1,-1,-1,-1,1,1,1,1,-1,-1,-1,1,1,1,-1,-1,-1,1,1,1,1,-1,1,-1,1,1,1,1,-1,-1,1,1,-1,1,1,-1,-1,1,1,1,1,1,-1,-1,1,1,-1,1,1,-1,-1,1,1,1,1,1,1,-1,1,1,1,-1,1,1,-1,1,1,1,1,1,1,-1,-1,1,1,1,1,1,-1,1,1,1,1,1,1,-1,-1,-1,1,1,1,1,-1,1,1,1,1,-1,1,-1,1,1,1,1,1,-1,-1,1,1,1,1,1,-1,1,-1,-1,1,-1,1,-1,1,1,1,1,1,1,1,1,1,-1,1,-1,1,-1,1,1,-1,1,-1,1,1,-1,1,-1,1,-1,1,-1,1,1,-1,1,-1,1,1,1,1,-1,-1,1,1,-1,-1,1,-1,1,-1,1,1,-1,1,-1,1,-1,1,-1,1,1,-1,-1,-1,1,1,-1,1,-1,1,1,1,-1,1,1,-1,1,-1,1,-1,1,-1,1,-1,1,1,-1,1,-1,-1,-1,1,1,-1,1,-1,-1,-1,1,1,-1,-1,1,1,-1,-1,1,1,-1,1,1,-1,1,1,1,1,-1,1,-1,1,1,-1,1,-1,1,1,-1,1,1,1,1,1,-1,-1,1,-1,-1,-1,1,1,-1,1,1,1,-1,1,-1,-1,1,1,1,-1,1,-1,1,1,1,-1,-1,1,-1,1,1,1,-1,1,1,-1,-1,1,1,1,-1,1,-1,1,1,1,-1,1,1,-1,1,1,1,-1,1,-1,-1,1,1,1,-1,1,-1,-1,-1,1,1,-1,1,-1,-1,1,-1,1,-1,1,1,-1,-1,1,1,1,1,1,-1,-1,1,1,-1,1,-1,1,-1,-1,-1,-1,1,1,-1,-1,1,1,-1,1,1,-1,-1,1,1,1,1,1,-1,1,1,1,-1,1,-1,-1,-1,-1,1,1,1,1,-1,-1,1,1,1,1,-1,-1,-1,-1,-1,1,-1,-1,-1,1,-1,1,1,1,1,-1,1,1,-1,1,-1,1,-1,-1,1,-1,1,1,1,1,-1,1,-1,-1,1,1,-1,-1,1,-1,1,1,1,-1,-1,1,-1,-1,1,1,-1,1,1,-1,1,1,-1,-1,1,1,-1,1,-1,-1,-1,1,-1,-1,1,-1,-1,-1,1,-1,-1,1,-1,-1,-1,1,-1,-1,1,1,-1,-1,1,-1,-1,1,-1,-1,-1,1,1,-1,1,1,-1,-1,1,1,-1,-1,-1,1,-1,1,-1,-1,1,-1,-1,1,-1,1,-1,-1,1,-1,1,-1,1,-1,-1,1,-1,-1,1,1,1,-1,1,-1,1,-1,-1,1,1,-1,-1,-1,1,-1,-1,-1,1,1,-1,1,-1,1,-1,1,-1,1,1,-1,1,1,1,-1,1,1,-1,1,-1,1,1,-1,1,-1,-1,1,1,-1,-1,1,-1,-1,-1,1,-1,-1,1,-1,1,1,1,1,-1,1,-1,-1,1,1,-1,-1,1,-1,-1,-1,1,1,-1,-1,1,1,-1,-1,-1,-1,-1,1,1,1,1,1,-1,1,1,1,-1,1,-1,-1,1,1,1,1,-1,1,-1,1,-1,1,1,1,1,-1,-1,1,1,1,-1,-1,-1,-1,1,1,1,1,-1,-1,-1,1,1,1,-1,-1,-1,-1,1,1,1,1,-1,-1,1,1,1,1,1,-1,-1,-1,1,1,1,1,-1,-1,-1,1,1,-1,1,-1,-1,-1,1,1,1,1,-1,-1,1,1,1,1,1,-1,1,1,-1,1,1,-1,-1,-1,1,1,1,1,1,-1,1,1,1,1,1,1,-1,-1,1,-1,1,-1,1,-1,-1,1,-1,1,1,-1,-1,-1,1,-1,1,1,-1,1,-1,1,1,1,-1,1,1,-1,1,-1,1,-1,-1,-1,-1,1,1,-1,-1,-1,-1,-1,1,-1,1,-1,-1,-1,-1,-1,-1,-1,1,-1,-1,-1,1,-1,-1,1,-1,-1,-1,-1,-1,1,1,-1,-1,-1,-1,-1,1,-1,-1,-1,1,-1,-1,1,-1,1,-1,-1,-1,-1,-1,-1,-1,1,-1,-1,-1,1,1,1,-1,-1,-1,1,-1,-1,-1,-1,1,-1,-1,1,-1,1,-1,-1,-1,-1,1,-1,1,1,-1,1,-1,-1,1,1,-1,-1,-1,-1,-1,-1,1,1,-1,-1,1,-1,1,1,-1,-1,-1,1,-1,-1,1,-1,-1,1,-1,-1,1,1,1,-1,1,-1,1,1,1,-1,-1,1,-1,-1,1,1,1,-1,1,-1,-1,1,1,-1,1,1,-1,-1,1,1,-1,1,1,-1,-1,1,1,-1,1,1,-1,-1,1,1,1,1,1,1,-1,-1,1,1,-1,1,-1,-1,1,-1,1,1,1,1,-1,-1,1,-1,1,1,1,-1,1,1,1,1,-1,1,-1,1,1,1,1,1,1,1,-1,1,1,1,1,-1,1,-1,1,1,1,1,1,-1,1,1,1,1,-1,1,1,-1,1,1,-1,1,1,-1,-1,1,1,1,1,-1,1,-1,1,1,1,-1,-1,1,-1,1,1,1,-1,1,-1,-1,-1,1,1,-1,-1,1,-1,-1,1,1,-1,-1,1,-1,-1,1,1,1,-1,1,-1,-1,1,1,-1,-1,-1,1,-1,1,1,-1,1,1,-1,1,1,-1,-1,1,-1,-1,-1,-1,1,-1,1,1,-1,1,1,-1,-1,-1,-1,1,-1,-1,-1,-1,1,-1,-1,1,1,-1,1,1,-1,1,1,1,1,-1,1,-1,1,1,1,1,-1,1,-1,-1,1,1,1,-1,1,-1,1,1,1,1,-1,1,-1,1,1,1,-1,-1,1,-1,-1,1,1,-1,-1,-1,1,-1,1,-1,1,-1,1,-1,-1,1,-2674.0,1,2000,445,0,False
247,1,1,-1,-1,1,1,-1,-1,1,1,1,-1,1,1,1,1,-1,1,-1,-1,-1,-1,1,1,1,-1,-1,-1,1,1,1,1,-1,-1,-1,-1,1,1,1,1,-1,-1,-1,1,1,1,1,-1,1,1,1,1,-1,1,-1,-1,1,-1,1,1,1,-1,-1,-1,1,1,1,1,-1,-1,-1,1,1,1,1,-1,-1,-1,1,1,1,-1,-1,-1,1,1,1,1,-1,-1,-1,1,1,1,1,-1,-1,1,1,-1,1,1,-1,-1,1,1,1,1,1,-1,-1,-1,1,-1,1,1,-1,-1,1,1,1,1,1,1,-1,-1,1,1,-1,1,1,-1,1,1,1,1,1,1,-1,1,1,1,1,1,1,-1,1,1,1,1,1,1,-1,-1,-1,1,1,1,1,-1,1,1,1,1,-1,1,-1,1,-1,1,1,1,-1,-1,1,1,1,1,1,-1,1,-1,-1,1,-1,1,-1,1,1,1,1,1,1,1,1,1,-1,1,-1,1,-1,1,1,-1,1,-1,1,1,-1,1,-1,1,-1,1,-1,1,1,-1,1,-1,1,1,1,1,-1,-1,1,1,-1,-1,1,-1,1,-1,-1,1,-1,1,-1,1,-1,1,-1,1,1,-1,-1,-1,1,1,-1,1,-1,1,1,1,-1,1,1,-1,1,-1,1,-1,1,-1,1,-1,1,1,-1,1,-1,-1,-1,1,1,-1,1,-1,-1,-1,1,1,-1,-1,1,1,-1,-1,1,1,-1,1,1,-1,1,1,1,1,-1,1,-1,1,1,-1,1,-1,1,1,-1,1,1,1,1,1,-1,-1,1,-1,-1,1,1,1,-1,1,1,1,-1,1,-1,-1,1,1,1,1,1,-1,1,1,1,-1,1,1,-1,1,1,1,-1,1,1,-1,-1,1,1,1,-1,1,-1,1,1,1,-1,1,1,-1,1,1,1,-1,1,-1,-1,1,1,1,-1,1,-1,-1,-1,1,1,-1,1,-1,-1,1,-1,1,-1,1,1,-1,-1,1,1,1,-1,1,-1,-1,1,1,-1,1,-1,1,-1,-1,-1,-1,1,1,-1,-1,1,1,-1,1,1,-1,-1,1,1,1,1,1,-1,1,1,1,-1,1,-1,-1,-1,-1,1,1,1,1,-1,-1,1,1,1,1,-1,-1,-1,-1,-1,1,-1,-1,-1,1,-1,1,1,-1,1,-1,1,1,-1,1,-1,1,-1,-1,1,-1,1,1,1,1,-1,1,-1,-1,1,1,-1,-1,1,-1,1,1,1,-1,-1,1,-1,-1,1,1,-1,-1,1,-1,1,1,-1,1,1,1,-1,1,-1,-1,-1,1,-1,1,1,-1,-1,1,1,-1,-1,1,-1,-1,-1,1,-1,-1,1,-1,-1,-1,1,-1,-1,1,-1,-1,-1,1,1,-1,1,1,-1,-1,1,1,-1,1,-1,1,-1,1,-1,-1,1,-1,-1,1,1,1,-1,-1,1,-1,1,1,1,-1,1,1,-1,-1,1,1,1,-1,1,-1,1,-1,1,-1,1,-1,-1,-1,1,-1,-1,-1,1,1,-1,1,-1,1,-1,1,-1,1,1,-1,1,1,1,-1,-1,1,-1,1,-1,1,1,-1,1,-1,-1,1,1,-1,-1,1,-1,-1,-1,1,-1,-1,1,-1,1,1,1,1,-1,1,-1,-1,1,1,-1,-1,1,-1,-1,-1,1,1,-1,-1,1,1,-1,1,-1,-1,1,1,1,1,1,1,-1,-1,1,1,-1,1,-1,-1,1,1,1,1,-1,1,-1,1,-1,1,1,1,1,-1,-1,1,1,1,-1,-1,-1,-1,1,1,1,1,-1,-1,-1,1,1,1,-1,-1,-1,-1,1,1,1,1,-1,-1,1,1,1,1,-1,-1,-1,-1,1,1,1,1,-1,-1,-1,1,1,-1,1,-1,-1,-1,1,1,1,1,-1,-1,1,1,1,1,-1,-1,1,1,-1,1,1,-1,-1,-1,1,1,1,-1,1,-1,1,1,1,1,1,1,-1,-1,1,-1,1,-1,-1,-1,-1,1,-1,1,1,-1,-1,-1,1,-1,1,1,-1,-1,-1,1,1,1,-1,1,-1,-1,1,-1,1,-1,-1,-1,-1,1,1,-1,-1,-1,-1,-1,1,-1,1,-1,-1,-1,-1,-1,-1,-1,1,-1,-1,-1,1,-1,-1,1,-1,-1,-1,-1,-1,1,1,-1,-1,-1,-1,-1,1,-1,-1,-1,1,-1,-1,1,-1,1,-1,-1,-1,-1,-1,-1,-1,1,-1,-1,-1,1,1,1,-1,-1,1,-1,-1,-1,-1,-1,1,-1,-1,1,1,1,-1,-1,-1,-1,1,-1,1,1,-1,1,-1,-1,1,1,-1,-1,-1,-1,-1,-1,1,1,-1,-1,1,-1,1,1,-1,-1,-1,1,-1,-1,1,-1,-1,1,-1,-1,1,1,1,-1,1,-1,1,1,1,-1,-1,1,-1,-1,1,1,1,-1,1,-1,-1,1,1,-1,1,1,-1,-1,1,1,-1,1,1,-1,-1,1,1,-1,1,1,-1,-1,1,1,1,1,1,1,-1,-1,1,1,1,1,-1,-1,1,-1,1,1,1,1,-1,-1,1,-1,1,1,1,-1,1,-1,1,1,-1,1,-1,1,1,1,1,1,1,1,-1,-1,1,1,1,-1,1,-1,1,1,1,1,1,-1,1,-1,1,1,-1,1,1,-1,-1,1,-1,1,1,-1,-1,1,1,1,1,-1,1,-1,-1,1,1,-1,-1,1,-1,1,1,1,-1,1,-1,-1,-1,1,1,-1,-1,1,-1,-1,1,1,-1,-1,1,-1,-1,1,1,1,-1,-1,-1,-1,1,1,-1,-1,-1,1,-1,1,1,-1,1,1,-1,1,1,-1,-1,1,1,-1,-1,1,1,-1,1,1,-1,1,1,-1,-1,-1,-1,1,-1,-1,-1,-1,1,-1,-1,1,1,-1,1,1,-1,1,1,1,1,-1,1,-1,1,1,1,-1,-1,1,-1,1,1,1,-1,-1,1,-1,-1,1,1,-1,-1,1,-1,1,1,1,1,-1,1,-1,-1,1,1,-1,-1,-1,1,-1,1,-1,1,-1,1,-1,-1,1,-2674.0,1,2000,445,1500,False
248,1,1,-1,-1,1,1,-1,-1,1,1,1,-1,-1,1,1,1,-1,1,-1,-1,-1,-1,1,1,1,1,-1,-1,1,1,1,1,-1,-1,-1,-1,1,1,1,1,-1,-1,-1,1,1,1,1,-1,1,1,1,1,-1,1,-1,-1,1,-1,1,1,1,-1,-1,-1,1,1,1,1,-1,-1,-1,1,1,1,1,-1,-1,-1,1,1,1,-1,-1,-1,1,1,1,1,-1,-1,-1,1,1,1,1,-1,-1,1,1,-1,1,1,-1,-1,1,1,1,1,1,-1,-1,1,1,-1,1,1,-1,-1,1,1,1,1,1,1,-1,-1,1,1,-1,1,1,-1,1,1,1,1,1,1,-1,-1,1,1,1,1,1,-1,1,1,1,1,1,1,-1,-1,-1,1,1,1,1,-1,1,1,1,1,-1,1,-1,1,-1,1,1,1,-1,-1,1,1,1,1,1,-1,1,-1,-1,1,-1,1,-1,1,1,1,1,1,1,1,1,1,-1,1,-1,1,-1,1,1,-1,1,-1,1,1,-1,1,-1,1,-1,1,-1,1,1,-1,-1,-1,1,1,1,1,-1,-1,1,1,-1,-1,1,-1,1,-1,-1,1,-1,1,-1,1,-1,1,-1,-1,1,-1,-1,-1,1,1,-1,1,-1,1,1,1,-1,1,1,-1,-1,-1,1,-1,1,-1,1,-1,1,1,-1,1,-1,-1,-1,1,1,-1,1,-1,-1,-1,1,1,-1,-1,1,1,-1,-1,1,1,-1,1,1,-1,1,1,1,1,-1,1,-1,1,1,-1,1,-1,1,1,-1,1,1,1,1,1,-1,-1,1,-1,-1,-1,1,1,-1,1,1,1,-1,1,-1,-1,1,1,1,1,1,-1,1,1,1,-1,-1,1,-1,1,1,1,-1,1,1,-1,-1,1,1,1,-1,1,-1,1,1,1,-1,1,1,-1,1,1,1,-1,1,-1,-1,1,1,1,-1,1,-1,-1,-1,1,1,-1,1,-1,-1,1,-1,1,-1,1,1,-1,-1,1,1,1,-1,1,-1,-1,1,1,-1,1,-1,1,-1,-1,-1,-1,1,1,1,-1,1,1,-1,1,1,-1,-1,1,1,1,1,1,-1,1,1,1,-1,1,-1,-1,-1,-1,1,1,1,1,-1,-1,1,1,1,1,-1,-1,-1,-1,-1,1,-1,-1,-1,1,-1,1,1,-1,1,1,1,1,-1,1,-1,1,-1,-1,1,-1,1,1,1,1,-1,1,-1,-1,1,1,-1,-1,1,-1,1,1,1,-1,-1,1,-1,-1,1,1,-1,1,1,-1,1,1,-1,-1,1,1,-1,1,-1,-1,-1,1,-1,-1,1,-1,-1,1,1,-1,-1,1,-1,-1,-1,1,-1,-1,1,-1,-1,-1,1,-1,-1,1,-1,-1,-1,1,1,-1,1,1,-1,-1,1,1,-1,-1,1,1,-1,1,-1,-1,1,1,-1,1,-1,1,-1,-1,1,-1,1,-1,1,1,-1,1,-1,-1,1,1,1,-1,1,-1,1,-1,-1,1,1,-1,-1,-1,1,-1,-1,-1,1,1,-1,1,-1,1,-1,1,-1,1,1,-1,1,1,1,-1,-1,1,-1,1,-1,1,1,-1,1,-1,-1,1,1,-1,-1,1,-1,-1,-1,1,-1,-1,1,-1,1,1,1,1,-1,1,-1,-1,1,1,-1,-1,1,-1,-1,-1,1,1,-1,-1,1,1,-1,1,-1,-1,1,1,1,-1,1,1,-1,-1,1,1,-1,1,-1,-1,1,1,1,1,-1,1,-1,1,-1,1,1,1,1,-1,-1,1,1,1,-1,-1,-1,1,1,1,1,1,-1,-1,-1,1,1,1,-1,-1,-1,-1,1,1,1,1,-1,-1,-1,1,1,1,1,-1,-1,1,1,1,1,1,-1,-1,-1,1,1,-1,1,-1,-1,-1,1,1,1,1,-1,-1,1,1,1,1,1,-1,1,1,-1,1,1,-1,-1,-1,1,1,1,-1,1,-1,1,1,1,1,1,1,-1,-1,1,-1,1,-1,1,-1,-1,1,-1,1,-1,-1,-1,-1,1,-1,1,1,-1,-1,-1,1,1,1,-1,1,-1,-1,1,-1,1,-1,-1,-1,-1,1,1,-1,-1,-1,-1,-1,1,-1,1,-1,-1,-1,-1,-1,-1,-1,1,-1,-1,-1,1,-1,-1,1,-1,-1,-1,-1,-1,1,1,-1,-1,-1,-1,-1,1,-1,-1,-1,1,-1,-1,1,-1,1,-1,-1,-1,-1,-1,-1,-1,1,-1,-1,-1,1,1,1,-1,-1,1,-1,-1,-1,-1,-1,1,-1,-1,1,1,1,-1,-1,-1,-1,1,-1,1,1,-1,1,-1,-1,1,1,-1,-1,-1,-1,-1,-1,1,1,-1,-1,1,-1,1,1,-1,-1,-1,1,-1,1,1,-1,-1,1,-1,-1,1,1,1,-1,1,-1,1,1,1,-1,-1,1,-1,-1,1,1,1,-1,1,-1,-1,1,1,-1,1,1,-1,-1,1,1,-1,1,1,-1,-1,1,1,-1,1,1,-1,-1,1,1,1,1,-1,1,-1,-1,1,1,-1,1,-1,-1,1,-1,1,1,1,1,-1,-1,1,-1,1,1,1,-1,1,1,1,1,-1,1,-1,1,1,1,1,1,1,1,-1,1,1,1,1,-1,1,-1,1,1,1,1,1,-1,1,1,1,1,-1,1,1,-1,1,1,-1,1,1,-1,-1,1,1,1,1,-1,1,-1,1,1,1,-1,-1,1,-1,1,1,1,-1,1,-1,-1,-1,1,1,-1,-1,1,-1,-1,1,1,1,-1,1,-1,-1,1,1,1,-1,1,-1,-1,1,1,-1,-1,-1,1,-1,1,1,-1,1,1,-1,1,1,-1,-1,1,1,-1,-1,1,1,-1,1,1,-1,1,1,-1,-1,-1,-1,1,-1,-1,-1,-1,1,-1,-1,1,1,-1,1,1,-1,1,1,1,1,-1,1,-1,1,1,1,1,-1,1,-1,1,-1,1,1,-1,1,-1,-1,1,1,1,-1,1,-1,1,1,1,-1,-1,1,-1,-1,1,1,-1,-1,-1,1,-1,1,-1,1,-1,1,-1,-1,1,-2674.0,1,2000,445,1000,False
249,1,1,-1,-1,1,1,-1,-1,1,1,1,-1,-1,1,1,1,-1,1,-1,-1,-1,-1,1,1,1,-1,-1,-1,1,1,1,1,-1,-1,-1,-1,1,-1,1,1,-1,-1,-1,1,1,1,1,-1,1,1,1,1,-1,1,-1,-1,1,-1,1,1,1,-1,-1,-1,1,1,1,1,-1,-1,-1,1,1,1,1,-1,-1,-1,1,1,1,-1,-1,-1,1,1,1,1,-1,-1,-1,1,1,1,1,-1,-1,1,1,-1,1,1,-1,-1,1,1,1,1,1,-1,-1,-1,1,1,1,1,-1,-1,1,1,1,1,1,1,-1,-1,1,1,-1,1,1,-1,1,1,1,1,1,1,-1,1,1,1,1,1,1,-1,1,1,1,1,1,1,-1,-1,-1,1,1,1,1,-1,1,1,1,1,-1,1,-1,1,-1,1,1,1,-1,-1,1,1,1,1,1,-1,1,-1,-1,1,-1,1,-1,1,1,1,1,1,1,1,1,1,-1,1,-1,1,-1,1,1,-1,1,-1,1,1,-1,1,-1,1,-1,1,-1,1,1,-1,1,-1,1,1,1,1,-1,-1,1,1,-1,-1,1,-1,1,-1,1,1,-1,1,-1,1,-1,1,-1,1,1,-1,-1,-1,1,1,-1,1,-1,1,1,1,-1,1,1,-1,1,-1,1,-1,1,-1,1,-1,1,1,-1,1,-1,-1,-1,1,1,-1,1,-1,-1,-1,1,1,-1,-1,1,1,-1,-1,1,1,-1,1,1,-1,1,1,1,1,-1,1,-1,1,1,-1,1,-1,1,1,-1,1,1,1,1,1,-1,-1,1,-1,-1,-1,1,1,-1,1,1,1,-1,1,-1,-1,1,1,1,-1,1,-1,1,1,1,-1,-1,1,-1,1,1,1,-1,1,1,-1,-1,1,1,1,-1,1,-1,1,1,1,-1,1,1,-1,1,1,1,-1,1,-1,-1,1,1,1,-1,1,-1,-1,-1,1,1,-1,1,-1,-1,1,-1,1,-1,1,1,-1,-1,1,1,1,-1,1,-1,-1,1,1,-1,1,-1,1,-1,-1,-1,-1,1,1,-1,-1,1,1,-1,1,1,-1,-1,1,1,1,1,1,-1,1,1,1,-1,1,-1,-1,-1,-1,1,1,1,1,-1,-1,1,1,1,1,-1,-1,-1,-1,-1,1,-1,-1,-1,1,-1,1,1,1,1,-1,1,1,-1,1,-1,1,-1,-1,1,-1,1,1,1,1,-1,1,-1,-1,1,1,-1,-1,1,-1,1,1,1,-1,-1,1,-1,-1,1,1,-1,1,1,-1,1,1,-1,-1,1,1,-1,1,-1,-1,-1,1,-1,-1,1,-1,-1,1,1,-1,-1,1,-1,-1,-1,1,-1,-1,1,1,-1,-1,1,-1,-1,1,-1,-1,-1,1,1,-1,1,1,-1,-1,1,1,-1,-1,-1,1,-1,1,-1,-1,1,-1,-1,1,-1,1,-1,-1,1,-1,1,-1,1,-1,-1,1,-1,-1,1,1,1,-1,1,-1,1,-1,-1,-1,1,-1,-1,-1,1,-1,-1,-1,1,1,-1,1,-1,1,-1,1,-1,1,1,-1,1,1,1,-1,-1,1,-1,1,-1,1,1,-1,1,-1,-1,1,1,-1,-1,1,-1,-1,-1,1,-1,-1,1,-1,1,1,1,1,-1,1,-1,-1,1,1,-1,-1,1,-1,-1,-1,1,1,-1,-1,1,1,-1,-1,-1,-1,1,1,1,1,1,1,-1,-1,1,1,-1,1,-1,-1,1,1,1,1,-1,-1,-1,1,-1,1,1,1,-1,-1,-1,1,1,1,-1,-1,-1,1,1,1,1,1,-1,-1,-1,1,1,1,-1,-1,-1,-1,1,1,1,1,-1,-1,1,1,1,1,1,-1,-1,-1,1,1,1,-1,-1,-1,-1,1,1,-1,1,-1,-1,-1,1,1,1,1,-1,-1,1,1,1,1,1,-1,1,1,-1,1,1,-1,-1,-1,1,1,1,-1,1,-1,1,1,1,1,1,1,-1,-1,1,-1,1,-1,1,-1,-1,1,-1,1,-1,-1,-1,-1,1,-1,1,1,-1,1,-1,1,1,1,-1,1,1,-1,1,-1,1,-1,-1,-1,-1,1,1,-1,-1,-1,-1,-1,1,-1,1,-1,-1,-1,-1,-1,-1,-1,1,-1,-1,-1,1,-1,-1,1,-1,-1,-1,-1,-1,-1,1,-1,-1,-1,-1,-1,1,-1,-1,-1,1,-1,-1,1,-1,1,-1,-1,-1,-1,-1,-1,-1,1,-1,-1,-1,1,1,1,-1,-1,-1,1,-1,-1,-1,-1,1,-1,-1,1,-1,1,-1,-1,-1,-1,1,-1,1,1,-1,1,-1,-1,1,1,-1,-1,-1,-1,-1,-1,1,1,-1,-1,1,-1,1,1,-1,-1,-1,1,-1,1,1,-1,-1,1,-1,-1,1,1,1,-1,1,-1,1,1,1,-1,-1,1,-1,-1,1,1,1,-1,1,-1,-1,1,1,-1,1,1,-1,-1,1,1,1,1,1,-1,-1,1,1,-1,1,1,-1,-1,1,1,1,1,1,1,-1,-1,1,1,1,1,-1,-1,1,-1,1,1,1,1,-1,-1,1,-1,1,1,1,-1,1,1,1,1,-1,1,-1,1,1,1,1,1,1,1,-1,1,1,1,1,-1,1,-1,1,1,1,1,1,-1,1,1,1,1,-1,1,1,-1,1,1,-1,1,1,-1,-1,1,1,1,1,-1,1,-1,1,1,1,-1,-1,1,-1,1,1,1,-1,1,-1,-1,-1,1,1,-1,-1,1,-1,-1,1,1,-1,-1,1,-1,-1,1,1,1,-1,1,-1,-1,1,1,-1,-1,-1,1,-1,1,1,-1,1,1,-1,1,1,-1,-1,1,-1,-1,-1,1,1,-1,1,1,-1,1,1,-1,-1,1,-1,1,-1,-1,-1,-1,1,-1,-1,1,1,-1,1,1,-1,1,1,1,1,-1,1,-1,1,1,1,-1,-1,1,-1,-1,1,1,-1,-1,1,-1,1,1,1,-1,-1,1,-1,1,1,1,1,-1,1,-1,-1,1,1,-1,-1,-1,1,-1,1,1,1,-1,1,-1,-1,1,-2674.0,1,2000,445,1000,False
250,1,1,-1,-1,1,-1,-1,-1,1,1,1,-1,1,1,1,1,-1,1,-1,-1,1,-1,1,1,1,-1,1,-1,1,1,1,1,-1,-1,-1,-1,1,1,1,1,-1,-1,-1,1,1,1,1,-1,1,1,1,1,-1,1,-1,-1,1,-1,1,1,1,-1,-1,-1,1,1,1,1,-1,-1,-1,1,1,1,1,-1,-1,-1,1,1,1,-1,-1,-1,1,1,1,1,-1,-1,-1,1,1,1,1,-1,-1,1,1,-1,1,1,-1,-1,1,1,1,1,1,-1,-1,1,1,-1,1,1,-1,-1,1,1,1,1,1,1,-1,-1,1,1,-1,1,1,-1,1,1,1,1,1,1,-1,-1,1,1,1,1,1,-1,1,1,1,1,1,1,-1,-1,-1,1,1,1,1,-1,1,1,1,1,-1,1,-1,1,-1,1,1,1,-1,-1,1,1,1,1,1,-1,1,-1,-1,1,-1,1,-1,1,1,1,1,1,1,1,1,1,-1,1,-1,1,-1,1,1,-1,1,-1,1,1,-1,1,-1,1,-1,1,-1,1,1,-1,1,-1,1,1,1,1,-1,-1,1,1,-1,-1,1,-1,1,-1,-1,1,-1,1,-1,1,-1,1,-1,1,1,-1,-1,-1,1,1,-1,1,-1,1,1,1,-1,1,1,-1,1,-1,1,-1,1,-1,1,-1,1,1,-1,1,-1,-1,-1,1,1,-1,1,-1,-1,-1,1,1,-1,-1,1,1,-1,-1,1,1,-1,1,1,-1,1,1,1,1,-1,1,-1,1,1,-1,1,-1,1,1,-1,1,1,-1,-1,1,-1,-1,1,-1,-1,1,1,1,-1,1,1,1,-1,1,-1,-1,1,1,1,1,1,-1,1,1,1,1,-1,1,-1,1,1,1,-1,1,1,-1,-1,1,1,1,-1,1,-1,1,1,1,-1,1,1,-1,1,1,1,-1,1,-1,-1,1,1,1,1,1,-1,-1,-1,1,1,-1,1,-1,-1,1,-1,1,-1,1,1,-1,-1,1,1,1,-1,1,-1,-1,1,1,-1,1,-1,1,-1,-1,-1,-1,1,1,-1,-1,1,1,-1,1,1,-1,-1,1,1,1,1,1,-1,1,1,1,-1,1,-1,-1,-1,-1,1,1,1,1,-1,-1,1,1,1,1,-1,-1,-1,-1,-1,1,-1,-1,-1,1,-1,1,1,-1,1,-1,1,1,-1,1,-1,1,-1,-1,1,-1,1,1,1,1,-1,1,-1,-1,1,1,-1,-1,1,-1,1,1,1,-1,-1,1,-1,-1,1,1,-1,1,1,-1,1,1,-1,-1,1,1,-1,1,-1,-1,-1,1,-1,-1,1,-1,-1,-1,1,-1,-1,1,-1,-1,-1,1,-1,-1,1,-1,-1,-1,1,-1,-1,1,-1,-1,-1,1,1,-1,1,1,-1,-1,1,1,-1,-1,-1,1,-1,1,-1,-1,1,-1,-1,1,1,1,-1,-1,1,-1,1,-1,1,-1,-1,1,-1,-1,1,1,1,-1,1,-1,1,-1,1,-1,1,-1,-1,-1,1,-1,-1,-1,1,1,-1,1,-1,1,-1,1,-1,1,1,-1,1,1,1,-1,-1,1,-1,1,-1,1,1,-1,1,-1,-1,1,1,-1,-1,1,-1,-1,-1,1,-1,-1,1,-1,1,1,1,1,-1,1,-1,-1,1,1,-1,-1,1,-1,-1,-1,1,1,-1,-1,1,1,-1,-1,-1,-1,1,1,1,1,1,1,-1,-1,1,1,-1,1,-1,-1,1,1,1,1,-1,1,-1,1,-1,1,1,1,1,-1,-1,1,1,1,-1,-1,-1,-1,1,1,1,1,-1,-1,-1,1,1,1,-1,-1,-1,-1,1,1,1,1,-1,-1,1,1,1,1,1,-1,-1,-1,1,1,1,1,-1,-1,-1,1,1,-1,1,-1,-1,-1,1,1,1,1,-1,-1,1,1,1,1,1,-1,1,1,-1,1,1,-1,-1,-1,1,1,1,1,1,-1,1,1,1,1,1,1,-1,-1,1,-1,1,-1,1,-1,-1,1,-1,1,-1,-1,-1,-1,1,-1,1,1,-1,-1,-1,1,1,1,-1,1,-1,-1,1,-1,1,-1,-1,-1,-1,1,1,-1,-1,-1,-1,-1,1,-1,1,-1,-1,-1,-1,-1,-1,-1,1,-1,-1,-1,1,-1,-1,1,-1,-1,-1,-1,-1,-1,1,-1,-1,-1,-1,-1,1,-1,-1,-1,1,-1,-1,1,-1,1,-1,-1,-1,-1,-1,-1,-1,1,-1,-1,-1,1,1,1,-1,-1,1,-1,-1,-1,-1,-1,1,-1,-1,1,1,1,-1,-1,-1,-1,1,-1,1,1,-1,1,-1,-1,1,1,-1,-1,-1,-1,-1,-1,1,1,-1,-1,1,-1,1,1,-1,-1,-1,1,-1,-1,1,-1,-1,1,-1,-1,1,1,1,-1,1,-1,1,1,1,-1,-1,1,-1,-1,1,1,1,-1,1,-1,-1,1,1,-1,1,1,-1,-1,1,1,-1,1,1,-1,-1,1,1,-1,1,1,-1,-1,1,1,1,1,1,1,-1,-1,1,1,-1,1,-1,-1,1,-1,1,1,1,1,-1,-1,1,-1,1,1,1,-1,1,1,1,1,-1,1,-1,1,1,1,1,1,1,1,-1,1,1,1,1,-1,1,-1,1,1,1,1,1,-1,1,1,1,1,-1,-1,1,-1,1,1,-1,1,1,-1,-1,1,1,1,-1,1,1,-1,1,1,1,-1,-1,1,-1,1,1,1,-1,1,-1,-1,-1,1,1,-1,-1,1,-1,-1,1,1,1,-1,1,-1,-1,1,1,1,1,-1,-1,-1,1,1,-1,-1,-1,1,-1,-1,1,-1,1,1,-1,1,1,-1,-1,1,1,-1,-1,1,1,-1,1,1,-1,1,1,-1,-1,-1,-1,1,-1,-1,-1,-1,1,-1,-1,1,1,-1,1,1,-1,1,1,1,1,-1,1,-1,1,1,1,1,-1,1,-1,1,1,1,1,-1,1,-1,-1,1,1,1,-1,1,-1,1,1,-1,-1,-1,1,-1,-1,1,1,-1,-1,-1,1,-1,1,-1,1,-1,1,-1,-1,1,-2674.0,1,2000,445,1000,False
251,1,1,-1,-1,1,1,-1,-1,1,1,1,-1,1,1,1,1,-1,1,-1,-1,-1,-1,1,1,1,-1,-1,-1,1,1,1,1,-1,-1,-1,-1,1,-1,1,1,-1,-1,-1,1,1,1,1,-1,1,1,1,1,-1,1,-1,-1,1,-1,1,1,1,-1,-1,-1,1,1,1,1,-1,-1,-1,1,1,1,1,-1,-1,-1,1,1,1,-1,-1,-1,1,1,1,1,-1,-1,-1,1,1,1,1,-1,-1,1,1,-1,1,1,-1,-1,1,1,1,1,1,-1,-1,1,1,1,1,1,-1,-1,1,1,1,1,1,1,-1,1,1,1,-1,1,1,-1,1,1,1,1,1,1,-1,-1,1,1,1,1,1,-1,1,1,1,1,1,1,-1,-1,-1,1,1,1,1,-1,1,1,1,1,-1,1,-1,1,-1,1,1,1,-1,-1,1,1,1,1,1,-1,1,-1,-1,1,-1,1,-1,1,1,1,1,1,1,1,1,1,-1,1,-1,1,-1,1,1,-1,1,-1,1,1,-1,1,-1,1,-1,1,-1,1,1,-1,1,-1,1,1,1,1,-1,-1,1,1,-1,-1,1,-1,1,-1,-1,1,-1,1,-1,1,-1,1,-1,1,1,-1,-1,-1,1,1,-1,1,-1,1,1,1,-1,1,1,-1,1,-1,1,-1,1,-1,1,-1,1,1,-1,1,-1,-1,-1,1,1,-1,1,-1,-1,-1,1,1,-1,-1,1,1,-1,-1,1,1,-1,1,1,-1,1,1,1,1,-1,1,-1,1,1,-1,1,-1,1,1,-1,1,1,1,1,1,-1,-1,1,-1,-1,-1,1,1,-1,1,1,1,-1,1,-1,-1,1,1,1,-1,1,-1,1,1,1,-1,-1,1,-1,1,1,1,-1,1,1,-1,-1,1,1,1,-1,1,-1,1,1,1,-1,1,1,-1,1,1,1,-1,1,-1,-1,1,1,1,-1,1,-1,-1,-1,1,1,-1,1,-1,-1,1,-1,1,-1,1,1,-1,-1,1,1,1,1,1,-1,-1,1,1,-1,1,-1,1,-1,-1,-1,-1,1,1,-1,-1,1,1,-1,1,1,-1,-1,1,1,1,1,1,-1,1,1,1,-1,1,-1,-1,-1,-1,1,1,1,1,-1,-1,1,1,1,1,-1,-1,-1,-1,-1,1,-1,-1,-1,1,-1,1,1,1,1,-1,1,1,-1,1,-1,1,-1,-1,1,-1,1,1,1,1,-1,1,-1,-1,1,1,-1,-1,1,-1,1,1,1,-1,-1,1,-1,-1,1,1,-1,1,1,-1,1,1,-1,-1,1,1,-1,1,-1,-1,-1,1,-1,-1,1,-1,-1,-1,1,-1,-1,1,-1,-1,-1,1,-1,-1,1,-1,-1,-1,1,-1,-1,1,-1,-1,-1,1,1,-1,1,1,-1,-1,1,1,-1,-1,-1,1,-1,1,-1,-1,1,-1,-1,1,-1,1,-1,-1,1,-1,1,-1,1,-1,-1,1,-1,-1,1,1,1,-1,1,-1,1,-1,1,-1,1,-1,-1,-1,1,-1,-1,-1,1,1,-1,1,-1,1,-1,1,-1,1,1,-1,1,1,1,-1,-1,1,-1,1,-1,1,1,-1,1,-1,-1,1,1,-1,-1,1,-1,-1,-1,1,-1,-1,1,-1,1,1,1,1,-1,1,-1,-1,1,1,-1,-1,1,-1,-1,-1,1,1,-1,-1,1,1,-1,-1,-1,-1,1,1,1,1,1,1,-1,-1,1,1,-1,1,-1,-1,1,1,1,1,-1,-1,-1,1,-1,1,1,1,-1,-1,-1,1,1,1,-1,-1,-1,-1,1,1,1,1,-1,-1,-1,1,1,1,-1,-1,-1,-1,1,1,1,1,-1,-1,1,1,1,1,1,-1,-1,-1,1,1,1,1,-1,-1,-1,1,1,-1,1,-1,-1,-1,1,1,1,1,-1,-1,1,1,1,1,1,-1,1,1,-1,1,1,-1,-1,-1,1,1,1,-1,1,-1,1,1,1,1,1,1,-1,-1,1,-1,1,-1,1,-1,-1,1,-1,1,1,-1,-1,-1,1,-1,1,1,-1,1,-1,1,1,1,-1,1,1,-1,1,-1,1,-1,-1,-1,-1,1,1,-1,-1,-1,-1,-1,1,-1,1,-1,-1,-1,-1,-1,-1,-1,1,-1,-1,-1,1,-1,-1,1,-1,-1,-1,-1,-1,-1,1,-1,-1,-1,-1,-1,1,-1,-1,-1,1,-1,-1,1,-1,1,-1,-1,-1,-1,-1,-1,-1,1,-1,-1,-1,1,1,1,-1,-1,1,-1,-1,-1,-1,-1,1,-1,-1,1,-1,1,-1,-1,-1,-1,1,-1,1,1,-1,1,-1,-1,1,1,-1,-1,-1,-1,-1,-1,1,1,-1,-1,1,-1,1,1,-1,-1,-1,1,-1,1,1,-1,-1,1,-1,-1,1,1,1,-1,1,-1,1,1,1,-1,-1,1,-1,-1,1,1,1,-1,1,-1,-1,1,1,-1,1,1,-1,-1,1,1,-1,1,1,-1,-1,1,1,-1,1,1,-1,-1,1,1,1,1,1,1,-1,-1,1,1,1,1,-1,-1,1,-1,1,1,1,1,-1,-1,1,-1,1,1,1,-1,1,1,1,1,-1,1,-1,1,1,1,1,1,1,1,-1,1,1,1,1,-1,1,-1,1,1,1,1,1,-1,1,1,1,1,-1,1,1,-1,1,1,-1,1,1,-1,-1,1,1,1,1,-1,1,-1,1,1,1,-1,-1,1,-1,1,1,1,-1,1,-1,-1,-1,1,1,-1,-1,1,-1,-1,1,1,1,-1,1,-1,-1,1,1,1,-1,1,-1,-1,1,1,-1,-1,-1,1,-1,1,1,-1,1,1,-1,1,1,-1,-1,1,-1,-1,-1,1,1,-1,1,1,-1,1,1,-1,-1,-1,-1,1,-1,-1,-1,-1,1,-1,-1,1,1,-1,1,1,-1,1,1,1,1,-1,1,-1,1,1,1,1,-1,1,-1,-1,1,1,1,-1,1,-1,1,1,1,1,-1,1,-1,1,1,1,-1,-1,1,-1,-1,1,1,-1,-1,-1,1,-1,1,-1,1,-1,1,-1,-1,1,-2674.0,1,2000,445,1000,False
252,1,1,-1,-1,1,-1,-1,-1,1,1,1,-1,1,1,1,1,-1,1,1,-1,-1,-1,1,1,1,1,-1,-1,1,1,1,1,-1,-1,-1,-1,1,-1,1,1,-1,-1,-1,1,1,1,1,-1,1,1,1,1,-1,1,-1,-1,1,-1,1,1,1,-1,-1,-1,1,1,1,1,-1,-1,-1,1,1,1,1,-1,-1,-1,1,1,1,-1,-1,-1,1,1,1,1,-1,-1,-1,1,1,1,1,-1,-1,1,1,-1,1,1,-1,-1,1,1,1,1,1,-1,-1,-1,1,-1,1,1,-1,-1,1,1,1,1,1,1,-1,-1,1,1,-1,1,1,-1,1,1,1,1,1,1,-1,1,1,1,1,1,1,-1,1,1,1,1,1,1,-1,-1,-1,1,1,1,1,-1,1,1,1,1,-1,1,-1,1,-1,1,1,1,-1,-1,1,1,1,1,1,-1,1,-1,-1,1,-1,1,-1,1,1,1,1,1,1,1,1,1,1,1,-1,1,-1,1,1,-1,1,-1,1,1,-1,1,-1,1,-1,1,-1,1,1,-1,1,-1,1,1,1,1,-1,-1,1,1,-1,-1,1,-1,1,-1,-1,1,-1,1,-1,1,-1,1,-1,1,1,-1,-1,-1,1,1,-1,1,-1,1,1,1,-1,1,-1,-1,1,-1,1,-1,1,1,1,-1,1,1,-1,1,-1,-1,-1,1,1,-1,1,-1,-1,-1,1,1,-1,-1,1,1,-1,-1,1,1,-1,1,1,-1,1,1,1,1,-1,1,-1,1,1,-1,1,-1,1,1,1,1,1,1,1,1,-1,-1,1,-1,-1,1,1,1,-1,1,1,1,-1,1,1,1,1,1,1,1,1,-1,1,1,1,-1,1,1,-1,1,1,1,-1,1,1,-1,-1,1,1,1,-1,1,-1,1,1,1,-1,1,1,-1,1,1,1,-1,1,1,-1,1,1,1,-1,1,1,-1,-1,1,1,-1,1,1,-1,1,-1,1,-1,1,1,1,-1,1,1,1,-1,1,1,-1,1,1,-1,1,1,1,-1,-1,-1,-1,1,1,1,-1,1,1,-1,1,1,-1,-1,1,1,1,1,1,-1,1,1,1,-1,1,1,1,-1,-1,1,1,-1,-1,1,-1,1,-1,1,-1,1,1,-1,-1,-1,1,-1,-1,1,-1,1,-1,1,-1,1,1,1,1,-1,1,-1,-1,1,-1,1,-1,1,-1,1,1,1,1,-1,-1,1,-1,1,1,-1,-1,1,1,1,-1,1,1,-1,1,-1,-1,1,1,-1,-1,1,-1,1,1,-1,1,-1,1,-1,-1,1,-1,-1,1,1,-1,1,1,-1,-1,-1,1,-1,1,1,1,-1,1,-1,1,-1,1,-1,-1,-1,1,-1,1,1,-1,1,-1,1,-1,-1,1,-1,-1,-1,1,-1,-1,1,-1,-1,-1,1,-1,-1,1,-1,-1,-1,-1,1,-1,1,-1,-1,-1,-1,1,-1,-1,1,1,1,-1,1,-1,1,-1,1,1,1,-1,-1,-1,1,-1,-1,-1,1,1,-1,1,-1,1,1,1,-1,1,1,-1,-1,-1,1,-1,-1,1,-1,-1,1,1,1,-1,1,-1,-1,1,1,-1,-1,1,-1,-1,1,1,-1,-1,1,-1,-1,-1,1,1,-1,1,1,-1,-1,1,-1,-1,1,-1,1,-1,1,1,-1,-1,1,-1,-1,-1,-1,-1,1,1,1,-1,-1,1,-1,-1,1,-1,-1,1,-1,-1,1,1,-1,-1,1,1,-1,1,1,-1,1,-1,1,-1,-1,1,1,-1,-1,-1,-1,-1,1,-1,-1,1,-1,-1,-1,1,1,-1,-1,-1,-1,-1,1,-1,-1,-1,-1,-1,1,1,1,-1,-1,-1,-1,-1,1,1,-1,-1,-1,-1,-1,1,1,1,-1,-1,-1,-1,1,1,-1,-1,-1,-1,1,1,1,1,1,-1,1,1,1,1,1,1,-1,-1,1,1,1,1,-1,-1,1,1,1,1,-1,1,-1,-1,1,-1,1,-1,1,-1,-1,1,-1,1,1,1,-1,-1,1,-1,1,-1,1,1,-1,1,-1,1,1,1,1,-1,1,-1,1,1,1,-1,-1,1,1,-1,1,1,-1,-1,1,-1,1,-1,1,-1,-1,-1,-1,-1,1,1,-1,-1,1,-1,-1,1,1,-1,-1,-1,-1,-1,-1,1,-1,-1,-1,-1,1,-1,-1,-1,1,-1,-1,1,-1,1,-1,-1,-1,-1,-1,-1,1,1,-1,-1,-1,1,1,1,-1,-1,1,1,-1,-1,1,-1,1,-1,-1,1,1,1,-1,-1,-1,-1,1,-1,1,1,-1,1,-1,-1,1,1,-1,-1,-1,-1,-1,-1,1,1,-1,-1,1,-1,1,1,-1,-1,-1,1,-1,1,1,-1,-1,1,-1,-1,1,1,1,-1,1,-1,1,1,1,-1,-1,1,-1,-1,1,-1,1,-1,1,-1,-1,1,1,-1,1,1,-1,-1,1,1,-1,1,1,-1,-1,1,1,-1,1,1,-1,-1,1,1,1,1,1,1,-1,1,1,-1,1,1,-1,-1,1,-1,1,1,1,1,-1,-1,1,-1,1,1,1,-1,1,1,1,1,-1,1,-1,1,1,1,1,1,1,1,-1,-1,1,1,1,-1,1,-1,1,1,1,1,1,-1,1,1,1,1,-1,1,1,-1,1,1,-1,1,1,-1,-1,-1,1,1,1,-1,1,-1,1,1,1,-1,-1,1,-1,1,1,1,-1,1,-1,-1,-1,1,1,-1,-1,1,-1,-1,1,1,-1,-1,1,-1,1,1,1,1,-1,-1,-1,-1,1,1,-1,-1,-1,1,1,-1,1,-1,1,1,-1,1,1,-1,-1,1,1,-1,-1,1,1,-1,1,1,1,1,1,-1,-1,-1,-1,-1,-1,-1,-1,-1,-1,1,1,1,1,-1,1,1,-1,1,1,1,1,-1,1,-1,1,1,1,-1,-1,1,-1,1,1,1,-1,1,1,-1,1,1,1,-1,-1,1,-1,1,1,1,1,-1,1,-1,1,1,1,-1,-1,1,1,-1,1,-1,1,-1,1,-1,1,1,-2674.0,1,2000,445,0,False
253,1,1,-1,-1,1,-1,1,-1,1,1,1,-1,1,1,1,1,-1,1,-1,-1,1,1,1,1,1,-1,-1,-1,1,1,1,1,1,-1,-1,-1,1,-1,1,1,-1,-1,-1,1,1,1,1,-1,1,1,1,1,-1,1,-1,-1,1,-1,1,1,1,-1,-1,1,1,1,1,1,-1,-1,1,1,1,1,1,-1,-1,-1,1,1,1,-1,-1,-1,1,1,1,1,-1,-1,-1,1,1,1,1,-1,-1,1,1,-1,1,1,-1,-1,1,1,1,1,1,-1,-1,1,1,1,1,1,-1,-1,1,1,1,1,1,1,-1,-1,1,1,-1,1,1,-1,1,1,1,1,1,1,-1,-1,1,1,1,1,1,-1,1,1,1,1,1,1,-1,-1,-1,1,1,1,1,-1,1,-1,1,1,-1,1,-1,1,-1,1,1,1,-1,-1,1,1,1,1,1,-1,1,-1,-1,1,-1,1,-1,1,1,1,1,1,1,1,1,1,-1,1,-1,1,-1,1,1,-1,1,-1,1,1,-1,1,-1,1,-1,1,-1,1,1,-1,1,-1,1,1,1,1,-1,-1,1,1,-1,-1,1,-1,1,-1,-1,1,-1,1,-1,1,-1,1,-1,-1,1,-1,-1,-1,1,1,-1,1,-1,1,1,1,-1,1,1,-1,-1,-1,1,-1,1,-1,1,-1,1,1,-1,1,-1,-1,-1,1,1,-1,1,-1,-1,-1,1,1,-1,-1,1,1,-1,-1,1,1,-1,1,1,-1,1,1,1,1,-1,1,-1,1,1,-1,1,-1,1,1,-1,1,1,1,1,1,-1,-1,1,-1,-1,-1,1,1,-1,1,1,1,-1,1,-1,-1,1,1,1,1,1,-1,1,1,1,-1,1,1,-1,1,1,1,-1,1,1,-1,-1,1,1,1,-1,1,-1,1,1,1,-1,1,1,-1,1,1,1,-1,1,-1,-1,1,1,1,-1,1,-1,-1,-1,1,1,-1,1,-1,-1,1,-1,1,-1,1,1,-1,-1,1,1,1,-1,1,-1,-1,1,1,-1,1,-1,1,-1,-1,-1,-1,1,1,-1,-1,1,1,-1,1,1,-1,-1,1,1,1,1,1,-1,1,1,1,-1,1,-1,-1,-1,-1,1,1,-1,1,-1,-1,1,-1,1,-1,-1,-1,-1,-1,-1,1,-1,-1,-1,1,-1,1,1,-1,1,-1,1,1,-1,1,-1,1,-1,-1,1,-1,1,-1,1,1,-1,1,-1,-1,1,1,-1,-1,1,-1,1,1,1,-1,-1,1,-1,1,-1,1,-1,1,1,-1,1,-1,-1,-1,1,1,-1,1,-1,-1,-1,1,-1,1,1,1,-1,-1,1,-1,-1,1,-1,-1,-1,1,-1,1,-1,1,-1,-1,1,-1,-1,1,-1,-1,-1,-1,1,-1,1,-1,-1,-1,1,1,-1,1,-1,1,-1,1,-1,-1,1,-1,-1,1,1,1,-1,-1,1,-1,1,-1,1,-1,-1,1,-1,-1,1,1,1,-1,1,-1,1,-1,1,-1,1,-1,-1,-1,1,-1,-1,-1,1,-1,1,1,-1,1,-1,1,-1,1,1,-1,1,1,1,-1,-1,1,-1,1,-1,1,-1,-1,1,-1,-1,1,1,1,-1,1,-1,-1,-1,1,-1,-1,1,-1,1,1,1,1,-1,1,-1,-1,1,1,-1,-1,1,-1,-1,-1,1,1,-1,-1,1,1,-1,1,-1,-1,1,1,1,1,1,1,-1,-1,1,1,-1,1,-1,-1,1,1,1,1,-1,-1,-1,1,-1,1,1,1,-1,-1,-1,1,1,1,-1,-1,-1,1,1,1,1,1,-1,-1,-1,1,1,1,-1,-1,-1,-1,1,1,1,1,-1,-1,1,1,1,1,1,-1,-1,-1,1,1,1,1,-1,-1,-1,1,1,-1,1,-1,-1,-1,1,1,1,1,-1,-1,1,1,1,1,1,-1,1,1,-1,1,1,-1,-1,-1,1,1,1,1,1,-1,1,1,1,1,1,1,-1,-1,1,-1,1,-1,1,-1,-1,1,-1,1,1,-1,-1,-1,1,-1,1,1,-1,1,-1,1,1,1,-1,1,1,-1,1,-1,1,-1,-1,-1,-1,1,1,-1,-1,-1,-1,-1,1,-1,1,-1,-1,-1,-1,-1,-1,-1,1,-1,-1,-1,1,-1,-1,1,-1,-1,-1,-1,-1,1,1,-1,-1,-1,-1,-1,1,-1,-1,-1,1,-1,-1,1,-1,1,-1,-1,-1,-1,-1,-1,-1,1,-1,-1,-1,1,1,-1,-1,-1,1,1,-1,-1,-1,-1,1,-1,-1,1,-1,1,-1,-1,-1,-1,1,-1,1,1,-1,1,-1,-1,1,1,-1,-1,-1,-1,-1,-1,1,1,-1,-1,1,-1,1,1,-1,-1,-1,1,-1,-1,1,-1,-1,1,-1,-1,1,1,1,-1,1,-1,1,1,1,-1,-1,1,-1,-1,1,1,1,-1,1,-1,-1,1,1,-1,1,1,-1,-1,1,1,-1,1,1,-1,-1,1,1,1,1,1,-1,-1,1,1,1,1,-1,1,-1,1,1,1,-1,1,-1,-1,1,-1,1,1,1,1,-1,-1,1,-1,1,1,1,-1,1,1,1,1,-1,1,-1,1,1,1,1,1,1,1,-1,-1,1,1,1,-1,1,-1,1,1,1,1,1,-1,1,1,1,1,-1,1,1,-1,1,1,-1,1,1,-1,-1,-1,1,1,1,-1,1,-1,1,1,1,-1,-1,1,-1,1,1,1,-1,1,-1,-1,-1,1,1,-1,-1,1,-1,-1,1,1,-1,-1,1,-1,1,1,1,1,-1,1,-1,-1,1,1,-1,-1,-1,1,1,-1,1,-1,1,1,-1,1,1,-1,-1,1,1,-1,-1,1,1,-1,1,1,1,1,1,-1,-1,-1,-1,-1,-1,-1,-1,-1,-1,1,1,1,1,-1,1,1,-1,1,1,1,1,-1,1,-1,1,1,1,1,-1,1,-1,1,1,1,1,-1,1,-1,1,1,1,1,-1,1,-1,1,-1,-1,-1,-1,1,-1,1,1,1,-1,-1,-1,1,-1,1,-1,1,-1,1,-1,1,1,-2674.0,1,2000,445,1000,False
254,1,1,-1,-1,1,-1,-1,-1,1,1,1,-1,1,1,1,1,-1,1,-1,-1,1,1,1,1,1,1,-1,-1,1,1,1,1,-1,-1,-1,-1,1,1,1,1,-1,-1,-1,1,1,1,1,-1,1,1,1,1,-1,1,-1,-1,1,-1,1,1,1,-1,-1,1,1,1,1,1,-1,-1,1,1,1,1,1,-1,-1,-1,1,1,1,-1,-1,-1,1,1,1,1,-1,-1,-1,1,1,1,1,-1,-1,1,1,-1,1,1,-1,-1,1,1,1,1,1,-1,-1,1,1,1,1,1,-1,-1,1,1,1,1,1,1,-1,1,1,1,-1,1,1,-1,1,1,1,1,1,1,-1,-1,1,1,1,1,1,-1,1,1,1,1,1,1,-1,-1,-1,1,1,1,1,-1,1,-1,1,1,-1,1,-1,1,-1,1,1,1,-1,-1,1,1,1,1,1,-1,1,-1,-1,1,-1,1,-1,1,1,1,1,1,1,1,1,1,-1,1,-1,1,-1,1,1,-1,1,-1,1,1,-1,1,-1,1,-1,1,-1,1,1,-1,1,-1,1,1,1,1,-1,-1,1,1,-1,-1,1,-1,1,-1,-1,1,-1,1,-1,1,-1,1,-1,1,1,-1,-1,-1,1,1,-1,1,-1,1,1,1,-1,1,1,-1,1,-1,1,-1,1,-1,1,-1,1,1,-1,1,-1,-1,-1,1,1,-1,1,-1,-1,-1,1,1,-1,-1,1,1,-1,-1,1,1,-1,1,1,-1,1,1,1,1,-1,1,-1,1,1,-1,1,-1,1,1,-1,1,1,1,1,1,-1,-1,1,-1,-1,-1,1,1,-1,1,1,1,-1,1,-1,-1,1,1,1,1,1,-1,1,1,1,-1,1,1,-1,1,1,1,-1,1,1,-1,-1,1,1,1,-1,1,-1,1,1,1,-1,1,1,-1,1,1,1,-1,1,-1,-1,1,1,1,-1,1,-1,-1,-1,1,1,1,1,-1,-1,1,-1,1,-1,1,1,-1,-1,1,1,1,-1,1,-1,-1,1,1,-1,1,-1,1,-1,-1,-1,-1,1,1,-1,-1,1,1,-1,1,1,-1,-1,1,1,-1,1,1,-1,1,1,1,1,1,-1,-1,-1,-1,1,-1,-1,1,-1,-1,1,-1,-1,1,-1,-1,1,-1,-1,1,-1,-1,-1,-1,1,-1,-1,1,1,-1,1,1,-1,1,-1,1,-1,-1,1,-1,-1,-1,1,1,-1,1,-1,-1,1,1,-1,-1,1,-1,1,-1,1,-1,-1,1,-1,-1,1,1,-1,-1,1,-1,-1,-1,-1,1,1,1,-1,-1,1,-1,-1,1,-1,1,-1,1,-1,1,1,-1,-1,-1,-1,-1,-1,1,-1,1,-1,1,-1,-1,1,-1,-1,1,-1,-1,-1,1,1,-1,1,-1,-1,-1,1,1,-1,-1,-1,1,-1,1,-1,-1,1,-1,-1,1,1,1,-1,-1,-1,-1,1,1,1,-1,-1,1,-1,-1,-1,1,1,-1,1,-1,1,1,-1,1,1,-1,-1,-1,1,-1,-1,-1,1,-1,1,1,-1,1,-1,1,-1,1,1,-1,1,1,1,-1,-1,1,-1,1,-1,1,-1,-1,1,-1,-1,1,1,1,-1,1,-1,-1,-1,1,-1,-1,1,-1,1,1,1,1,-1,1,-1,-1,1,1,-1,-1,1,-1,-1,-1,1,1,-1,-1,1,1,-1,1,-1,-1,1,1,1,1,1,1,-1,-1,1,1,-1,1,-1,-1,1,1,1,1,-1,-1,-1,1,-1,1,1,1,1,-1,-1,1,1,1,-1,-1,-1,-1,1,1,1,1,-1,-1,-1,1,1,1,-1,-1,-1,-1,1,1,1,1,-1,-1,1,1,1,1,1,-1,-1,-1,1,1,1,1,-1,-1,-1,1,1,-1,1,-1,-1,-1,1,1,1,1,-1,-1,1,1,1,1,-1,-1,1,1,-1,1,1,-1,-1,-1,1,1,1,-1,1,-1,1,1,1,1,1,-1,-1,-1,1,-1,1,-1,-1,-1,-1,1,-1,1,1,1,-1,-1,1,-1,1,1,-1,-1,-1,1,1,1,1,-1,-1,-1,1,-1,1,1,-1,-1,-1,1,1,-1,-1,-1,-1,-1,1,-1,1,-1,-1,-1,-1,-1,-1,-1,1,-1,-1,-1,1,-1,-1,1,-1,-1,-1,-1,-1,-1,1,-1,-1,-1,-1,-1,1,-1,-1,-1,1,-1,-1,1,-1,1,-1,-1,-1,-1,-1,-1,-1,1,-1,-1,-1,1,1,1,-1,-1,1,-1,-1,-1,-1,-1,1,-1,-1,1,1,1,-1,-1,-1,-1,1,-1,1,1,-1,1,-1,-1,1,1,-1,-1,-1,-1,-1,-1,1,1,-1,-1,1,-1,1,1,-1,-1,-1,1,-1,1,1,-1,-1,1,-1,-1,1,1,1,-1,1,-1,1,1,1,-1,-1,1,-1,-1,1,1,1,-1,1,-1,-1,1,1,-1,1,1,-1,-1,1,1,-1,1,1,-1,-1,1,1,-1,1,1,-1,-1,1,1,1,1,1,1,-1,1,1,1,-1,1,-1,-1,1,-1,1,1,1,1,-1,-1,1,-1,1,1,1,-1,1,1,1,1,-1,1,-1,1,1,1,1,1,1,1,-1,1,1,1,1,-1,1,-1,1,1,1,1,1,1,1,1,1,1,-1,1,-1,1,1,1,-1,1,1,1,1,-1,1,1,1,-1,1,1,1,1,1,-1,-1,1,-1,1,1,1,-1,1,-1,1,1,1,1,-1,-1,1,1,-1,1,1,-1,-1,1,1,-1,1,1,1,-1,1,-1,1,1,1,-1,-1,-1,-1,1,-1,1,-1,1,1,1,1,1,-1,-1,1,1,1,1,1,1,-1,1,-1,1,1,1,-1,-1,-1,-1,-1,-1,-1,-1,-1,1,-1,1,1,1,-1,1,1,-1,-1,1,1,1,-1,1,-1,1,1,1,1,-1,1,-1,1,1,1,1,-1,1,-1,1,1,1,1,-1,1,-1,1,-1,-1,-1,-1,1,-1,-1,1,1,-1,-1,-1,-1,1,1,-1,1,-1,1,-1,-1,1,-2674.0,1,2000,445,0,False
255,1,1,-1,-1,1,1,-1,-1,1,1,1,-1,1,1,1,1,-1,1,-1,-1,-1,-1,1,1,1,-1,1,-1,1,1,1,1,1,-1,-1,-1,1,-1,1,-1,-1,-1,-1,1,1,1,1,-1,1,1,1,1,-1,1,-1,-1,1,-1,1,1,1,-1,-1,-1,1,1,1,1,-1,-1,-1,1,1,1,1,-1,-1,-1,1,1,1,-1,-1,-1,1,1,1,1,-1,-1,1,1,1,1,1,-1,-1,-1,1,-1,1,1,-1,-1,1,1,1,1,1,-1,-1,-1,1,1,1,1,-1,-1,1,1,1,1,1,1,-1,-1,1,1,-1,1,1,-1,1,1,1,1,1,1,-1,1,1,1,1,1,1,-1,1,1,1,1,1,1,-1,-1,-1,1,1,1,1,-1,1,1,1,1,-1,1,-1,1,1,1,1,1,-1,-1,1,1,1,1,1,-1,1,-1,-1,1,-1,1,-1,1,1,1,1,1,1,1,1,1,-1,1,-1,1,-1,1,1,-1,1,-1,1,1,-1,1,-1,1,-1,1,-1,1,1,-1,1,-1,1,1,1,1,-1,-1,1,1,-1,-1,1,-1,1,-1,1,1,-1,1,-1,1,-1,1,-1,1,1,-1,-1,-1,1,1,-1,1,-1,1,1,1,-1,1,1,-1,1,-1,1,-1,1,-1,1,-1,1,1,-1,1,-1,-1,-1,1,1,-1,1,-1,-1,-1,1,1,-1,-1,1,1,-1,-1,1,1,-1,1,1,-1,1,1,1,1,-1,1,-1,1,1,-1,1,-1,1,1,1,1,1,1,1,1,-1,-1,1,-1,-1,-1,1,1,-1,1,1,1,-1,1,1,1,1,1,1,1,1,-1,1,1,1,-1,1,1,-1,1,1,1,-1,1,1,-1,-1,1,1,1,-1,1,-1,1,1,1,-1,1,1,-1,1,1,1,-1,1,1,-1,1,1,1,-1,1,1,-1,-1,1,1,1,1,1,-1,1,-1,1,-1,1,1,1,-1,1,1,1,-1,1,1,-1,1,1,-1,1,1,1,-1,-1,-1,-1,1,1,1,-1,1,1,-1,1,1,-1,-1,1,1,-1,1,1,-1,1,1,1,1,1,1,1,1,-1,1,-1,-1,-1,1,-1,1,-1,-1,1,1,1,-1,-1,-1,1,-1,-1,1,-1,1,-1,-1,1,1,1,1,1,-1,1,-1,-1,1,-1,1,-1,-1,-1,1,1,1,1,-1,-1,1,-1,1,1,-1,-1,1,-1,1,-1,1,1,-1,-1,1,-1,1,1,-1,-1,-1,-1,1,1,-1,1,-1,-1,1,-1,1,-1,-1,1,-1,1,1,1,-1,-1,-1,-1,-1,1,1,1,-1,1,-1,1,-1,1,-1,-1,-1,1,-1,1,1,-1,1,-1,1,-1,-1,1,-1,-1,-1,-1,-1,1,1,-1,-1,-1,1,-1,-1,1,-1,-1,-1,-1,-1,-1,1,-1,-1,-1,-1,1,-1,-1,1,1,1,-1,1,-1,1,1,1,-1,1,-1,-1,-1,1,-1,-1,1,1,1,-1,1,-1,1,1,1,-1,1,1,-1,1,-1,1,-1,1,1,-1,-1,1,1,1,-1,1,-1,-1,1,1,-1,-1,1,-1,-1,1,1,-1,-1,1,-1,-1,-1,1,1,-1,1,1,-1,-1,1,-1,-1,1,-1,1,-1,1,1,-1,-1,1,-1,-1,-1,-1,-1,-1,1,1,-1,-1,1,-1,1,1,-1,-1,1,-1,-1,1,1,-1,-1,1,-1,-1,1,1,-1,1,-1,1,-1,-1,1,1,-1,-1,-1,-1,-1,1,-1,-1,1,-1,-1,-1,1,1,-1,-1,-1,-1,-1,1,-1,-1,-1,-1,-1,1,1,1,-1,-1,-1,-1,-1,1,1,-1,-1,-1,-1,-1,1,1,1,-1,-1,-1,-1,1,1,-1,-1,-1,-1,1,1,1,1,1,-1,1,1,1,1,1,1,-1,-1,1,1,1,1,-1,-1,1,1,1,1,-1,1,-1,-1,1,-1,1,-1,1,-1,-1,1,-1,1,1,1,-1,-1,1,-1,1,-1,1,1,-1,1,-1,1,1,1,1,-1,1,-1,1,1,1,-1,-1,1,1,-1,1,1,-1,-1,1,-1,1,-1,1,-1,-1,-1,-1,-1,1,1,-1,-1,1,-1,-1,1,1,-1,-1,-1,-1,-1,-1,1,-1,-1,-1,-1,1,-1,-1,-1,1,-1,-1,1,-1,1,-1,-1,-1,-1,-1,-1,1,1,-1,-1,-1,1,1,1,-1,-1,-1,1,-1,-1,1,-1,1,-1,-1,1,1,1,-1,-1,-1,-1,1,-1,1,1,-1,1,-1,-1,1,1,-1,-1,-1,-1,-1,-1,1,1,-1,-1,1,-1,1,1,-1,-1,-1,1,-1,1,1,-1,-1,1,-1,-1,1,1,1,-1,1,-1,1,1,1,-1,-1,1,-1,-1,1,1,1,-1,1,-1,-1,1,1,-1,1,1,-1,-1,1,1,1,1,1,-1,-1,1,1,-1,1,1,-1,-1,1,1,1,1,1,1,-1,1,1,1,1,1,-1,-1,1,-1,1,1,1,1,-1,-1,1,-1,1,1,1,-1,1,1,1,1,-1,1,-1,1,1,1,1,1,1,1,-1,1,1,1,1,-1,1,-1,1,1,1,1,1,1,1,1,1,1,-1,1,-1,1,1,1,-1,1,1,1,1,1,1,1,1,-1,1,1,1,1,1,-1,-1,1,-1,1,1,1,-1,1,-1,1,1,1,1,-1,-1,1,1,-1,1,1,1,-1,1,1,-1,-1,1,1,-1,1,-1,1,1,1,-1,-1,-1,-1,1,-1,1,-1,1,1,1,1,1,-1,-1,1,1,1,1,1,1,-1,1,-1,1,1,1,-1,-1,-1,-1,-1,-1,-1,-1,-1,1,-1,1,1,1,-1,1,1,-1,-1,1,1,1,-1,1,-1,1,1,1,-1,-1,1,-1,1,1,1,-1,-1,1,-1,1,1,1,-1,-1,1,-1,1,-1,1,1,-1,1,-1,-1,1,1,1,-1,-1,-1,1,1,1,1,-1,1,-1,-1,1,-2674.0,1,2000,445,0,False
256,1,1,-1,-1,1,1,-1,-1,1,1,1,-1,1,1,1,1,-1,1,-1,-1,-1,-1,1,1,1,-1,1,-1,1,1,1,1,1,-1,-1,-1,1,1,1,-1,-1,-1,-1,1,1,1,1,-1,1,1,1,1,-1,1,-1,-1,1,-1,1,1,1,-1,-1,-1,1,1,1,1,-1,-1,-1,1,1,1,1,-1,-1,-1,1,1,1,-1,-1,-1,1,1,1,1,-1,-1,1,1,1,1,1,-1,-1,-1,1,-1,1,1,-1,-1,1,1,1,1,1,-1,-1,-1,1,1,1,1,-1,-1,1,1,1,1,1,1,-1,-1,1,1,-1,1,1,-1,1,1,1,1,1,1,-1,1,1,1,1,1,1,-1,1,1,1,1,1,1,-1,-1,-1,1,1,1,1,-1,1,1,1,1,-1,1,-1,1,-1,1,1,1,-1,-1,1,1,1,1,1,-1,1,-1,-1,1,-1,1,-1,1,1,1,1,1,1,1,1,1,-1,1,-1,1,-1,1,1,-1,1,-1,1,1,-1,1,-1,1,-1,1,-1,1,1,-1,1,-1,1,1,1,1,-1,-1,1,1,-1,-1,1,-1,1,-1,-1,1,-1,1,-1,1,-1,1,-1,1,1,-1,-1,-1,1,1,-1,1,-1,1,1,1,-1,1,1,-1,1,-1,1,-1,1,-1,1,-1,1,1,-1,1,-1,-1,-1,1,1,-1,1,-1,-1,-1,1,1,-1,-1,1,1,-1,-1,1,1,-1,1,1,-1,1,1,1,1,-1,1,-1,1,1,-1,1,-1,1,1,-1,1,1,1,1,1,-1,-1,1,-1,-1,-1,1,1,-1,1,1,1,-1,1,-1,-1,1,1,1,1,1,-1,1,1,1,-1,1,1,-1,1,1,1,-1,1,1,-1,-1,1,1,1,-1,1,-1,1,1,1,-1,1,1,-1,1,1,1,-1,1,-1,-1,1,1,1,-1,1,-1,-1,-1,1,1,-1,1,-1,-1,1,-1,1,-1,1,1,-1,-1,1,1,1,-1,1,-1,-1,1,1,-1,1,-1,1,-1,-1,-1,-1,1,1,-1,-1,1,1,-1,1,1,-1,-1,1,1,1,1,1,-1,1,1,1,-1,1,-1,-1,-1,-1,1,1,-1,1,-1,-1,1,1,1,-1,-1,-1,-1,-1,-1,1,-1,-1,-1,1,-1,1,1,-1,1,-1,1,1,-1,1,-1,1,-1,-1,1,-1,1,1,1,1,-1,1,-1,-1,1,1,-1,-1,1,-1,1,1,1,-1,-1,1,-1,-1,1,1,-1,1,1,-1,1,1,-1,-1,1,1,-1,1,-1,-1,-1,1,-1,1,1,-1,-1,-1,1,-1,-1,1,-1,-1,-1,1,-1,-1,1,-1,-1,-1,1,-1,-1,1,-1,-1,-1,1,1,-1,1,-1,-1,-1,1,1,-1,1,-1,1,-1,1,-1,-1,1,-1,-1,1,-1,1,-1,-1,1,-1,1,-1,1,-1,1,1,-1,-1,1,1,1,-1,1,-1,1,-1,1,1,1,-1,-1,-1,1,-1,-1,-1,1,1,-1,1,-1,1,-1,1,-1,1,1,-1,1,1,1,-1,-1,1,-1,1,-1,1,1,-1,1,-1,-1,1,1,-1,-1,1,-1,-1,-1,1,-1,-1,1,-1,1,1,1,1,-1,1,-1,-1,1,1,-1,-1,1,-1,-1,-1,1,1,-1,-1,1,1,-1,-1,-1,-1,1,1,1,1,1,1,-1,-1,1,1,-1,1,-1,-1,1,1,1,1,-1,-1,-1,1,-1,1,1,1,1,-1,-1,1,1,1,-1,-1,-1,-1,1,1,1,1,-1,-1,-1,1,1,1,-1,-1,-1,-1,1,1,1,1,-1,-1,1,1,1,1,1,-1,-1,-1,1,1,1,1,-1,-1,-1,1,1,-1,1,-1,-1,-1,1,1,1,1,-1,-1,1,1,1,1,1,-1,1,1,-1,1,1,-1,-1,-1,1,1,1,-1,1,-1,1,1,1,1,1,1,-1,-1,1,-1,1,-1,1,-1,-1,1,-1,1,-1,-1,-1,-1,1,-1,1,1,-1,-1,-1,1,1,1,-1,1,-1,-1,1,-1,1,-1,-1,-1,-1,1,1,-1,-1,-1,-1,-1,1,-1,1,-1,-1,-1,-1,-1,-1,-1,1,-1,-1,-1,1,-1,-1,1,-1,-1,-1,-1,-1,-1,1,-1,-1,-1,-1,-1,1,-1,-1,-1,1,-1,-1,1,-1,1,-1,-1,-1,-1,-1,-1,-1,1,-1,-1,-1,1,1,-1,-1,-1,1,-1,-1,-1,-1,-1,1,-1,-1,1,-1,1,-1,-1,-1,-1,1,-1,1,1,-1,1,-1,-1,1,1,-1,-1,-1,-1,-1,-1,1,1,-1,-1,1,-1,1,1,-1,-1,-1,1,-1,1,1,-1,-1,1,-1,-1,1,1,1,-1,1,-1,1,1,1,-1,-1,1,-1,-1,1,-1,1,-1,1,-1,-1,1,1,-1,1,1,-1,-1,1,1,1,1,1,-1,-1,1,1,-1,1,1,-1,-1,1,1,1,1,1,1,-1,-1,1,1,-1,1,-1,-1,1,-1,1,1,1,1,-1,-1,1,-1,1,1,1,-1,1,-1,1,1,-1,1,-1,1,1,1,1,1,1,1,-1,-1,1,1,1,-1,1,-1,1,1,1,1,1,-1,1,-1,1,1,-1,1,1,-1,-1,1,-1,1,1,-1,-1,1,1,1,1,-1,1,-1,-1,1,1,-1,-1,1,-1,1,1,1,-1,1,-1,-1,-1,1,1,-1,-1,1,-1,-1,1,1,-1,-1,1,-1,-1,-1,1,1,-1,-1,-1,-1,1,1,-1,-1,-1,1,-1,-1,1,-1,1,1,-1,1,1,-1,-1,1,1,-1,-1,1,1,-1,1,1,-1,1,1,-1,-1,-1,-1,1,-1,-1,-1,-1,-1,1,-1,1,1,-1,1,1,-1,1,1,1,1,-1,1,-1,1,1,1,-1,-1,1,-1,-1,1,1,-1,-1,1,-1,1,1,1,-1,-1,1,-1,1,1,1,1,-1,1,-1,-1,1,1,1,-1,-1,1,-1,1,1,1,-1,1,-1,1,1,-2674.0,1,2000,445,0,False
257,1,1,-1,-1,1,1,-1,-1,1,1,1,-1,1,1,1,1,-1,1,-1,-1,-1,-1,1,1,1,-1,-1,-1,1,1,1,1,1,-1,-1,-1,1,1,1,-1,-1,-1,-1,1,1,1,1,-1,1,1,1,1,-1,1,-1,-1,1,-1,1,1,1,-1,-1,-1,1,1,1,1,-1,-1,-1,1,1,1,1,-1,-1,-1,1,1,1,-1,-1,-1,1,1,1,1,-1,-1,-1,1,1,1,1,-1,-1,1,1,-1,1,1,-1,-1,1,1,1,1,1,-1,-1,-1,1,-1,1,1,-1,-1,1,1,1,1,1,1,-1,-1,1,1,-1,1,1,-1,1,1,1,1,1,1,-1,1,1,1,1,1,1,-1,1,1,1,1,1,1,-1,-1,-1,1,1,1,1,-1,1,1,1,1,-1,1,-1,1,-1,1,1,1,-1,-1,1,1,1,1,1,-1,1,-1,-1,1,-1,1,-1,1,1,1,1,1,1,1,1,1,1,1,-1,1,-1,1,1,-1,1,-1,1,1,-1,1,-1,1,-1,1,-1,1,1,-1,1,-1,1,1,1,1,-1,-1,1,1,-1,-1,1,-1,1,-1,-1,1,-1,1,-1,1,-1,1,-1,-1,1,-1,-1,-1,1,1,-1,1,-1,1,1,1,-1,1,1,-1,-1,-1,1,-1,1,-1,-1,-1,1,1,-1,1,-1,-1,-1,1,1,-1,1,-1,-1,-1,1,1,-1,-1,1,-1,-1,-1,1,1,-1,1,1,-1,1,1,1,1,-1,1,-1,1,1,-1,1,-1,1,-1,-1,1,1,1,1,1,-1,-1,1,-1,-1,1,1,1,-1,1,1,1,-1,1,-1,-1,1,1,1,1,1,-1,1,1,1,-1,1,1,-1,1,1,1,-1,1,1,-1,-1,1,1,1,-1,1,-1,1,1,1,-1,1,1,-1,1,1,1,-1,1,-1,-1,1,1,1,-1,1,-1,-1,-1,-1,1,-1,1,-1,-1,1,1,1,-1,1,1,-1,-1,-1,1,1,-1,1,-1,-1,1,1,-1,1,-1,1,-1,-1,1,1,1,1,-1,-1,1,-1,-1,1,1,-1,-1,-1,1,-1,1,1,-1,1,-1,1,1,1,-1,-1,-1,-1,1,-1,-1,1,-1,-1,1,-1,-1,1,-1,-1,-1,1,-1,1,-1,-1,-1,1,-1,1,-1,1,1,-1,1,1,-1,1,-1,1,-1,-1,1,-1,-1,-1,1,1,-1,1,-1,-1,1,1,-1,-1,1,-1,1,-1,1,-1,-1,1,-1,-1,1,1,-1,1,1,1,-1,-1,-1,-1,1,1,-1,-1,1,-1,-1,1,-1,1,-1,1,-1,1,1,-1,-1,-1,-1,-1,-1,1,-1,1,-1,1,-1,-1,1,-1,-1,1,-1,-1,-1,1,1,-1,1,-1,-1,-1,1,1,-1,-1,-1,1,-1,1,-1,-1,1,-1,-1,1,-1,1,-1,-1,-1,-1,1,-1,1,1,-1,1,-1,-1,1,1,1,-1,1,-1,1,-1,-1,1,1,-1,-1,-1,1,-1,-1,-1,1,1,-1,1,-1,1,-1,1,-1,1,1,-1,1,1,1,-1,-1,1,-1,1,-1,1,1,-1,1,-1,-1,1,1,-1,-1,1,-1,-1,-1,1,-1,-1,1,1,1,1,1,1,-1,1,-1,-1,1,1,-1,-1,1,-1,-1,-1,1,1,-1,-1,1,1,-1,-1,-1,-1,1,1,1,1,1,1,-1,-1,1,1,-1,1,-1,-1,1,1,1,1,-1,1,-1,1,-1,1,1,1,1,-1,-1,1,1,1,-1,-1,-1,1,1,1,1,1,-1,-1,-1,1,1,1,-1,-1,-1,-1,1,1,1,1,-1,-1,1,1,1,1,1,-1,-1,-1,1,1,1,1,-1,-1,-1,1,1,-1,1,-1,-1,-1,1,1,1,1,-1,-1,1,1,1,1,1,-1,1,1,-1,1,1,-1,-1,-1,1,1,1,-1,1,-1,1,1,1,1,1,1,-1,-1,1,-1,1,-1,1,-1,-1,1,-1,1,1,-1,-1,-1,1,-1,1,1,-1,-1,-1,1,1,1,-1,1,-1,-1,1,-1,1,-1,-1,-1,-1,1,1,-1,-1,-1,-1,-1,1,-1,1,-1,-1,-1,-1,-1,-1,-1,1,-1,-1,-1,1,-1,-1,1,-1,-1,-1,-1,-1,1,1,-1,-1,-1,-1,-1,1,-1,-1,-1,1,-1,-1,1,-1,1,-1,-1,-1,-1,1,-1,-1,1,-1,-1,-1,-1,1,1,-1,-1,1,-1,1,-1,-1,-1,1,-1,-1,-1,-1,1,-1,-1,-1,-1,-1,1,1,1,-1,1,-1,1,-1,1,-1,-1,-1,-1,-1,-1,1,1,-1,-1,1,-1,1,1,-1,-1,-1,1,-1,1,1,-1,-1,1,-1,-1,1,1,1,-1,1,-1,1,1,1,-1,-1,1,-1,-1,1,1,1,-1,1,-1,-1,1,1,-1,1,1,-1,-1,1,1,1,1,1,-1,-1,1,1,-1,1,1,-1,-1,1,1,1,1,-1,1,-1,1,1,1,-1,1,-1,-1,1,-1,1,1,1,1,-1,-1,1,-1,1,1,1,-1,1,1,1,1,-1,1,-1,1,1,1,1,1,1,1,-1,1,1,1,1,-1,1,-1,1,1,1,1,1,-1,1,1,1,1,-1,1,-1,1,1,1,-1,1,1,1,1,1,1,1,1,-1,1,1,1,1,1,-1,-1,1,-1,1,1,1,-1,1,-1,1,1,1,1,-1,-1,1,1,-1,1,1,-1,-1,1,1,-1,1,1,1,-1,1,-1,1,1,1,-1,-1,-1,-1,1,1,1,-1,1,1,1,1,1,-1,-1,1,1,1,1,1,1,-1,1,-1,1,1,1,-1,-1,-1,-1,-1,-1,-1,-1,-1,1,-1,1,1,1,-1,1,1,-1,-1,1,1,1,-1,1,-1,1,1,1,-1,-1,1,-1,1,1,1,-1,-1,1,-1,1,1,1,-1,-1,1,-1,1,-1,1,1,-1,1,-1,-1,1,1,-1,-1,-1,-1,1,1,-1,1,-1,1,-1,-1,1,-2674.0,1,2000,445,1000,False
258,1,1,-1,-1,1,1,-1,-1,1,1,1,-1,1,1,1,1,-1,1,-1,-1,1,-1,1,1,1,-1,1,-1,1,1,1,1,1,-1,-1,-1,1,1,1,1,-1,-1,-1,1,1,1,1,-1,1,1,1,1,-1,1,-1,-1,1,-1,1,1,1,-1,-1,-1,1,1,1,1,-1,-1,-1,1,1,1,1,-1,-1,-1,1,1,1,-1,-1,-1,1,1,1,1,-1,1,-1,1,1,1,1,-1,-1,1,1,-1,1,1,-1,-1,1,1,1,1,1,-1,-1,1,1,1,1,1,-1,-1,1,1,1,1,1,1,-1,1,1,1,-1,1,1,-1,1,1,1,1,1,1,-1,-1,1,1,1,1,1,-1,1,1,1,1,1,1,-1,-1,-1,1,1,1,1,-1,1,1,1,1,-1,1,-1,1,-1,1,1,1,-1,-1,1,1,1,1,1,-1,1,-1,-1,1,-1,1,-1,1,1,1,1,1,1,1,1,1,-1,1,-1,1,-1,1,1,-1,1,-1,1,1,-1,1,-1,1,-1,1,-1,1,1,-1,-1,-1,1,1,1,1,-1,-1,1,1,-1,-1,1,-1,1,-1,-1,1,-1,1,-1,1,-1,1,-1,1,1,-1,-1,-1,1,1,-1,1,-1,1,1,1,-1,1,1,-1,-1,-1,1,-1,1,-1,1,-1,1,1,-1,1,-1,-1,-1,1,1,-1,1,-1,-1,-1,1,1,-1,-1,1,1,-1,-1,1,1,-1,1,1,-1,1,1,1,1,-1,1,-1,1,1,-1,1,-1,1,1,-1,1,1,1,1,1,-1,-1,1,-1,-1,1,1,1,-1,1,1,1,-1,1,-1,-1,1,1,1,1,1,-1,1,1,1,-1,-1,1,-1,1,1,1,-1,1,1,-1,-1,1,1,1,-1,1,-1,1,1,1,-1,1,1,-1,1,1,1,-1,1,-1,-1,1,1,1,-1,1,-1,-1,-1,1,1,-1,1,-1,-1,1,-1,1,-1,1,1,-1,-1,1,1,1,-1,1,-1,-1,1,1,-1,1,-1,1,-1,-1,-1,-1,1,1,-1,-1,1,1,-1,1,1,-1,-1,1,1,1,1,1,-1,1,1,1,-1,1,-1,-1,-1,-1,1,1,1,1,-1,-1,1,1,1,1,-1,-1,-1,-1,-1,1,-1,-1,-1,1,-1,1,1,-1,1,-1,1,1,-1,1,-1,1,-1,-1,1,-1,1,1,1,-1,1,1,-1,-1,1,1,-1,-1,1,-1,1,1,-1,1,-1,1,-1,-1,1,1,-1,1,1,-1,1,1,1,-1,1,1,-1,1,-1,-1,-1,1,1,-1,1,-1,-1,-1,1,-1,-1,1,-1,1,-1,1,-1,-1,1,-1,-1,-1,1,-1,-1,1,-1,-1,-1,1,1,-1,1,-1,-1,-1,1,1,-1,-1,-1,1,-1,1,-1,-1,1,-1,-1,1,-1,1,-1,-1,1,-1,1,-1,1,1,-1,1,-1,-1,1,1,1,-1,1,-1,1,-1,-1,1,1,-1,-1,-1,1,-1,-1,-1,1,1,-1,1,-1,1,-1,1,-1,1,1,-1,1,1,1,-1,-1,1,-1,1,-1,1,1,-1,1,-1,-1,1,1,-1,-1,1,-1,-1,-1,1,-1,-1,1,-1,1,1,1,1,-1,1,-1,-1,1,1,-1,-1,1,-1,-1,-1,1,1,-1,-1,1,1,-1,-1,-1,-1,1,1,1,1,1,1,-1,-1,1,1,1,-1,-1,-1,1,1,1,1,-1,-1,-1,1,-1,1,-1,1,-1,-1,-1,1,1,1,-1,-1,-1,1,1,1,1,1,-1,-1,-1,1,1,1,-1,-1,-1,-1,1,1,1,1,-1,-1,-1,1,1,1,1,-1,-1,1,1,1,1,1,-1,-1,-1,1,1,-1,1,-1,-1,-1,1,1,1,1,-1,-1,1,1,1,1,1,-1,1,1,-1,1,1,-1,-1,-1,1,1,1,1,1,-1,1,1,1,1,1,1,-1,-1,1,-1,1,-1,1,-1,-1,1,-1,1,-1,-1,-1,-1,1,-1,1,1,-1,-1,-1,1,1,1,-1,1,-1,-1,1,-1,1,-1,-1,-1,-1,1,1,-1,-1,-1,-1,-1,1,-1,1,-1,-1,-1,-1,-1,-1,-1,1,-1,-1,-1,1,-1,-1,1,-1,-1,-1,-1,-1,1,1,-1,-1,-1,-1,-1,1,-1,-1,-1,1,-1,-1,1,-1,1,-1,-1,-1,-1,-1,-1,-1,1,-1,-1,-1,1,1,1,-1,-1,1,-1,-1,-1,-1,-1,1,-1,-1,1,-1,1,-1,-1,-1,-1,1,-1,1,1,-1,1,-1,-1,1,1,-1,-1,-1,-1,-1,-1,1,1,-1,-1,1,-1,1,1,-1,-1,-1,1,-1,1,1,-1,-1,1,-1,-1,1,1,1,-1,1,-1,1,1,1,-1,-1,1,-1,-1,1,1,1,-1,1,-1,-1,1,1,-1,1,1,-1,-1,1,1,-1,1,1,-1,-1,1,1,1,1,1,-1,-1,1,1,1,1,1,1,-1,-1,1,1,-1,1,-1,-1,1,-1,1,1,1,1,-1,-1,1,-1,1,1,1,-1,1,1,1,1,-1,1,-1,1,1,1,1,1,1,1,-1,1,1,1,1,-1,1,-1,1,1,1,1,1,-1,1,1,1,1,-1,1,1,-1,1,1,-1,1,1,-1,-1,1,1,1,1,-1,1,-1,1,1,1,-1,-1,1,-1,1,1,1,-1,1,-1,-1,-1,1,1,-1,-1,1,-1,-1,1,1,-1,-1,1,-1,-1,-1,1,1,-1,1,-1,-1,1,1,-1,-1,-1,1,-1,-1,1,-1,1,1,-1,1,1,-1,-1,1,1,-1,-1,-1,1,-1,1,1,-1,1,1,-1,-1,1,-1,1,-1,-1,-1,-1,1,-1,-1,1,1,-1,1,1,-1,1,1,1,1,-1,1,-1,1,1,1,1,-1,1,-1,-1,1,1,1,-1,1,-1,1,1,1,1,-1,1,-1,1,1,-1,-1,-1,1,-1,-1,1,1,-1,-1,-1,1,-1,1,-1,1,-1,1,-1,-1,1,-2674.0,1,2000,445,1000,False
259,1,1,-1,-1,1,-1,-1,-1,1,1,1,-1,1,1,1,1,-1,1,-1,-1,-1,-1,1,1,1,-1,-1,-1,1,1,1,1,-1,-1,-1,-1,1,-1,1,1,-1,-1,-1,1,1,1,1,-1,1,1,1,1,-1,1,-1,-1,1,-1,1,1,1,-1,-1,-1,1,1,1,1,-1,-1,-1,1,1,1,1,-1,-1,-1,1,1,1,-1,-1,-1,1,1,1,1,-1,-1,-1,1,1,1,1,-1,-1,1,1,-1,1,1,-1,-1,1,1,1,1,1,-1,-1,1,1,-1,1,1,-1,-1,1,1,1,1,1,1,-1,1,1,1,-1,1,1,-1,1,1,1,1,1,1,-1,-1,1,1,1,1,1,-1,1,1,1,1,1,1,-1,-1,-1,1,1,1,1,-1,1,1,1,1,-1,1,-1,1,-1,1,1,1,-1,-1,1,1,1,1,1,-1,1,-1,-1,1,-1,1,-1,1,1,1,1,1,1,1,1,1,1,1,-1,1,-1,1,1,-1,1,-1,1,1,-1,1,-1,1,-1,1,-1,1,1,-1,1,-1,1,1,1,1,-1,-1,1,1,-1,-1,1,-1,1,-1,-1,1,-1,1,-1,1,-1,1,-1,-1,1,-1,-1,-1,1,1,-1,1,-1,1,1,1,-1,1,1,-1,1,-1,1,-1,1,-1,1,-1,1,1,-1,1,-1,-1,-1,1,1,-1,1,-1,-1,-1,1,1,-1,-1,1,1,-1,-1,1,1,-1,1,1,-1,1,1,1,1,-1,1,-1,1,1,-1,1,-1,1,1,-1,1,1,1,1,1,-1,-1,1,-1,-1,-1,1,1,-1,1,1,1,-1,1,-1,-1,1,1,1,1,1,-1,1,1,1,-1,1,1,-1,1,1,1,-1,1,1,-1,-1,1,1,1,-1,1,-1,1,1,1,-1,1,1,-1,1,1,1,-1,1,-1,-1,1,1,1,-1,1,-1,-1,-1,1,1,-1,1,-1,-1,1,-1,1,-1,1,1,-1,-1,1,1,1,-1,1,-1,-1,1,1,-1,1,-1,1,-1,-1,-1,-1,1,1,-1,-1,1,1,-1,1,1,-1,-1,1,1,1,1,1,-1,1,1,1,-1,1,-1,-1,-1,-1,1,1,1,1,-1,-1,1,1,1,-1,-1,-1,-1,-1,-1,1,-1,-1,-1,1,-1,1,1,-1,1,-1,1,1,-1,1,-1,1,-1,-1,1,-1,1,1,1,-1,1,1,-1,-1,1,1,-1,-1,1,-1,1,1,-1,1,-1,1,-1,-1,1,1,-1,1,1,-1,1,1,1,-1,1,1,-1,1,-1,-1,-1,1,-1,-1,1,-1,-1,-1,1,-1,-1,1,-1,1,-1,1,-1,-1,1,-1,-1,-1,1,-1,-1,1,-1,-1,-1,1,1,-1,1,1,-1,-1,1,1,-1,-1,1,1,-1,1,-1,-1,1,1,-1,1,-1,1,-1,-1,1,-1,1,-1,1,-1,-1,1,-1,-1,1,1,1,-1,1,-1,1,-1,1,-1,1,-1,-1,-1,1,-1,-1,-1,1,1,-1,1,-1,1,-1,1,-1,1,1,-1,1,1,1,-1,-1,1,-1,1,-1,1,1,-1,1,-1,-1,1,1,-1,-1,1,-1,-1,-1,1,-1,-1,1,-1,1,1,1,1,-1,1,-1,-1,1,1,-1,-1,1,-1,-1,-1,1,1,-1,-1,1,1,-1,-1,-1,-1,1,1,1,1,1,1,-1,-1,1,1,1,-1,-1,-1,1,1,1,1,-1,1,-1,1,-1,1,-1,1,1,-1,-1,1,1,1,-1,-1,-1,1,1,1,1,1,-1,-1,-1,1,1,1,-1,-1,-1,-1,1,1,1,1,-1,-1,1,1,1,1,1,-1,-1,-1,1,1,1,1,-1,-1,-1,1,1,-1,1,-1,-1,-1,1,1,1,1,-1,-1,1,1,1,1,1,-1,1,1,-1,1,1,-1,-1,-1,1,1,1,1,1,-1,1,1,1,1,1,1,-1,-1,1,-1,1,-1,1,-1,-1,1,-1,1,-1,-1,-1,-1,1,-1,1,1,-1,1,-1,1,1,1,-1,1,1,-1,1,-1,1,-1,-1,-1,-1,1,1,-1,-1,-1,-1,-1,1,-1,1,-1,-1,-1,-1,-1,-1,-1,1,-1,-1,-1,1,-1,-1,1,-1,-1,-1,-1,-1,1,1,-1,-1,-1,-1,-1,1,-1,-1,-1,1,-1,-1,1,-1,1,-1,-1,-1,-1,-1,-1,-1,1,-1,-1,-1,1,1,1,-1,-1,1,1,-1,-1,-1,-1,1,-1,-1,1,-1,1,-1,-1,-1,-1,1,-1,1,1,-1,1,-1,-1,1,1,-1,-1,-1,-1,-1,-1,1,1,-1,-1,1,-1,1,1,-1,-1,-1,1,-1,1,1,-1,-1,1,-1,-1,1,1,1,-1,1,-1,1,1,1,-1,-1,1,-1,-1,1,1,1,-1,1,-1,-1,1,1,-1,1,1,-1,-1,1,1,-1,1,1,-1,-1,1,1,-1,1,1,-1,-1,1,1,1,1,-1,1,-1,-1,1,1,1,1,-1,-1,1,-1,1,1,1,1,-1,-1,1,-1,1,1,1,-1,1,1,1,1,-1,1,-1,1,1,1,1,1,1,1,-1,1,1,1,1,-1,1,-1,1,1,1,1,1,-1,1,1,1,1,-1,1,1,-1,1,1,-1,1,1,-1,-1,1,1,1,1,-1,1,-1,1,1,1,-1,-1,1,-1,1,1,1,-1,1,-1,-1,-1,1,1,-1,-1,1,-1,-1,1,1,-1,-1,1,-1,-1,1,1,1,-1,-1,-1,-1,1,1,-1,-1,-1,1,-1,-1,1,-1,1,1,-1,1,1,-1,-1,1,1,-1,-1,1,1,-1,1,1,-1,1,1,-1,-1,-1,-1,1,-1,-1,-1,-1,-1,1,-1,1,1,-1,1,1,-1,1,1,1,1,-1,1,-1,1,1,1,1,-1,1,-1,-1,-1,1,1,-1,1,-1,1,1,1,1,-1,1,-1,1,1,1,-1,-1,1,-1,-1,1,1,-1,-1,-1,1,-1,1,-1,1,-1,1,-1,-1,1,-2674.0,1,2000,445,1000,False
260,1,1,-1,-1,1,-1,-1,-1,1,1,1,-1,1,1,1,1,-1,1,-1,-1,-1,-1,1,1,1,-1,-1,-1,1,1,1,1,-1,-1,-1,-1,1,1,1,1,-1,-1,-1,1,1,1,1,-1,1,1,1,1,-1,1,-1,-1,1,-1,1,1,1,-1,-1,-1,1,1,1,1,-1,-1,-1,1,1,1,1,-1,-1,-1,1,1,1,-1,-1,-1,1,1,1,1,-1,-1,1,1,1,1,1,-1,-1,-1,1,-1,1,1,-1,-1,1,1,1,1,1,-1,-1,-1,1,-1,1,1,-1,-1,1,1,1,1,1,1,-1,-1,1,1,-1,1,1,-1,1,1,1,1,1,1,-1,1,1,1,1,1,1,-1,1,1,1,1,1,1,-1,-1,-1,1,1,1,1,-1,1,1,1,1,-1,1,-1,1,-1,1,1,1,-1,-1,1,1,1,1,1,-1,1,-1,-1,1,-1,1,-1,1,1,1,1,1,1,1,1,1,-1,1,-1,1,-1,1,1,-1,1,-1,1,1,-1,1,-1,1,-1,1,-1,1,1,-1,1,-1,1,1,1,1,-1,-1,1,1,-1,-1,1,-1,1,-1,-1,1,-1,1,-1,1,-1,1,-1,1,1,-1,1,-1,1,1,-1,1,-1,1,1,1,-1,1,1,-1,-1,-1,1,-1,1,-1,1,-1,1,1,-1,1,-1,-1,-1,1,1,-1,1,-1,-1,-1,1,1,-1,-1,1,1,-1,-1,1,1,-1,1,1,-1,1,1,1,1,-1,1,-1,1,1,-1,1,-1,1,1,-1,1,1,-1,-1,1,-1,-1,1,-1,-1,-1,1,1,-1,1,1,1,-1,1,-1,-1,1,1,1,-1,1,-1,1,1,1,1,-1,1,-1,1,1,1,-1,1,1,-1,-1,1,1,1,-1,1,-1,1,1,1,-1,1,1,-1,1,1,1,-1,1,-1,-1,1,1,1,1,1,-1,-1,-1,1,1,-1,1,-1,-1,1,-1,1,-1,1,1,-1,-1,1,1,1,1,1,-1,-1,1,1,-1,1,-1,1,-1,-1,-1,-1,1,1,-1,-1,1,1,-1,1,1,-1,-1,1,1,1,1,1,-1,1,1,1,-1,1,-1,-1,-1,-1,1,1,1,1,-1,-1,1,1,1,1,-1,-1,-1,-1,-1,1,-1,-1,-1,1,-1,1,1,1,1,-1,1,1,-1,1,-1,1,-1,-1,1,-1,1,1,1,1,-1,1,-1,-1,1,1,-1,-1,1,-1,1,1,1,-1,-1,1,-1,-1,1,1,-1,1,1,-1,1,1,-1,-1,1,1,-1,1,-1,-1,-1,1,-1,-1,1,-1,-1,-1,1,-1,-1,1,-1,-1,-1,1,-1,-1,1,1,-1,-1,1,-1,-1,1,-1,-1,-1,1,1,-1,1,1,-1,-1,1,1,-1,-1,-1,1,-1,1,-1,-1,1,-1,-1,1,1,1,-1,-1,1,-1,1,-1,1,1,-1,1,-1,-1,1,1,1,-1,1,-1,1,-1,-1,1,1,-1,-1,-1,1,-1,-1,-1,1,1,-1,1,-1,1,-1,1,-1,1,1,-1,1,1,1,-1,-1,1,-1,1,-1,1,1,-1,1,-1,-1,1,1,-1,-1,1,-1,-1,-1,1,-1,-1,1,-1,1,1,1,1,-1,1,-1,-1,1,1,-1,-1,1,-1,-1,-1,1,1,-1,-1,1,1,-1,-1,-1,-1,1,1,1,1,1,1,-1,-1,1,1,-1,1,-1,-1,-1,1,1,1,-1,1,-1,1,-1,1,1,1,1,-1,-1,1,1,1,-1,-1,-1,1,1,1,1,1,-1,-1,-1,1,1,1,-1,-1,-1,-1,1,1,1,1,-1,-1,1,1,1,1,1,-1,-1,-1,1,1,1,1,-1,-1,-1,1,1,-1,1,-1,-1,-1,1,1,1,1,-1,-1,1,1,1,1,1,-1,1,1,-1,1,1,-1,-1,-1,1,1,1,-1,1,-1,1,1,1,1,1,1,-1,-1,1,-1,1,-1,1,-1,-1,1,-1,1,-1,-1,-1,-1,1,-1,1,1,-1,-1,-1,1,1,1,-1,1,-1,-1,1,-1,1,-1,-1,-1,-1,1,1,-1,-1,-1,-1,-1,1,-1,1,-1,-1,-1,-1,-1,-1,-1,1,-1,-1,-1,1,-1,-1,1,-1,-1,-1,-1,-1,1,1,-1,-1,-1,-1,-1,1,-1,-1,-1,1,-1,-1,1,-1,1,-1,-1,-1,-1,-1,-1,-1,1,-1,-1,-1,1,1,-1,-1,-1,1,-1,-1,-1,-1,-1,1,-1,-1,1,1,1,-1,-1,-1,-1,1,-1,1,1,-1,1,-1,-1,1,1,-1,-1,-1,-1,-1,-1,1,1,-1,-1,1,-1,1,1,-1,-1,-1,1,-1,-1,1,-1,-1,1,-1,-1,1,1,1,-1,1,-1,1,1,1,-1,-1,1,-1,-1,1,1,1,-1,1,-1,-1,1,1,-1,1,1,-1,-1,1,1,-1,1,1,-1,-1,1,1,-1,1,1,-1,-1,1,1,1,1,1,1,-1,-1,1,1,-1,1,-1,-1,1,-1,1,1,1,1,-1,-1,1,-1,1,1,1,-1,1,1,1,1,-1,1,-1,1,1,1,1,1,1,1,-1,1,1,1,1,-1,1,-1,1,1,1,1,1,-1,1,1,1,1,-1,-1,1,-1,1,1,-1,1,1,-1,-1,1,1,1,-1,1,1,-1,1,1,1,-1,-1,1,-1,1,1,1,-1,1,-1,-1,-1,1,1,-1,-1,1,-1,-1,1,1,-1,-1,1,-1,-1,1,1,1,1,-1,-1,-1,1,1,-1,-1,1,1,-1,-1,1,-1,1,1,-1,1,1,-1,-1,1,-1,-1,-1,1,1,-1,1,1,-1,1,1,-1,-1,1,-1,1,-1,-1,-1,-1,1,-1,-1,1,1,-1,1,1,-1,1,1,1,1,-1,1,-1,1,1,1,-1,-1,1,-1,-1,1,1,-1,-1,1,-1,1,1,1,-1,-1,1,-1,1,1,1,1,-1,1,-1,-1,1,1,1,-1,-1,1,-1,1,-1,1,-1,1,-1,-1,1,-2674.0,1,2000,445,0,False
261,1,1,-1,-1,1,-1,-1,-1,1,1,1,-1,1,1,1,1,-1,1,-1,-1,-1,-1,1,1,1,-1,-1,-1,1,1,1,1,1,-1,-1,-1,1,1,1,1,-1,-1,-1,1,1,1,1,-1,1,1,1,1,-1,1,-1,-1,1,-1,1,1,-1,-1,-1,-1,1,1,1,1,-1,-1,-1,1,1,1,1,-1,-1,-1,1,1,1,-1,-1,-1,1,1,1,1,-1,-1,-1,1,1,1,1,-1,-1,1,1,-1,1,1,-1,-1,1,1,1,1,1,-1,-1,1,1,-1,1,1,-1,-1,1,1,1,1,1,1,-1,-1,1,1,-1,1,1,-1,1,1,1,1,1,1,-1,-1,1,1,1,1,1,-1,1,1,1,1,1,1,-1,-1,-1,1,1,1,1,-1,1,1,1,1,-1,1,-1,1,-1,1,1,1,-1,-1,1,1,1,1,1,-1,1,-1,-1,1,-1,1,-1,1,1,1,1,1,1,1,1,1,1,1,-1,1,-1,1,1,-1,1,-1,1,1,-1,1,-1,1,-1,1,-1,1,1,-1,-1,-1,1,1,1,1,-1,-1,1,1,-1,-1,1,-1,1,-1,-1,1,-1,1,-1,1,-1,1,-1,1,1,-1,-1,-1,1,1,-1,1,-1,1,1,1,-1,1,1,-1,1,-1,1,-1,1,-1,1,-1,1,1,-1,1,-1,-1,-1,1,1,-1,1,-1,-1,-1,1,1,-1,-1,1,1,-1,-1,1,1,-1,1,1,-1,1,1,1,1,-1,1,-1,1,1,-1,1,-1,1,1,-1,1,1,1,1,1,-1,-1,1,-1,-1,1,1,1,-1,1,1,1,-1,1,-1,-1,1,1,1,1,1,-1,1,1,1,-1,1,1,-1,1,1,1,-1,1,1,-1,-1,1,1,1,-1,1,-1,1,1,1,-1,1,1,-1,1,1,1,-1,1,-1,-1,1,1,1,-1,1,-1,-1,-1,1,1,-1,1,-1,-1,1,-1,1,-1,1,1,-1,-1,1,1,1,-1,1,-1,-1,1,1,-1,1,-1,1,-1,-1,-1,-1,1,1,-1,-1,1,1,-1,1,1,-1,-1,1,1,1,1,1,-1,1,1,1,-1,1,-1,-1,-1,-1,1,1,1,1,-1,-1,1,1,1,1,-1,-1,-1,-1,-1,1,-1,-1,-1,1,-1,1,1,-1,1,-1,1,1,-1,1,-1,1,-1,-1,1,-1,1,1,1,1,-1,1,-1,-1,1,1,-1,-1,1,-1,1,1,1,-1,-1,1,-1,-1,1,1,-1,1,1,-1,1,1,-1,-1,1,1,-1,1,-1,-1,-1,1,-1,-1,1,-1,-1,-1,1,-1,-1,1,-1,-1,-1,1,-1,-1,1,-1,-1,-1,1,-1,-1,1,-1,-1,-1,1,1,-1,1,-1,-1,-1,1,1,-1,-1,-1,1,-1,1,-1,-1,1,-1,-1,1,-1,1,-1,-1,1,-1,1,-1,1,-1,-1,1,-1,-1,1,1,1,-1,1,-1,1,-1,-1,1,1,-1,-1,-1,1,-1,-1,-1,1,1,-1,1,-1,1,-1,1,-1,1,1,-1,1,1,1,-1,-1,1,-1,1,-1,1,1,-1,1,-1,-1,1,1,-1,-1,1,-1,-1,-1,1,-1,-1,1,-1,1,1,1,1,-1,1,-1,-1,1,1,-1,-1,1,-1,-1,-1,1,1,-1,-1,1,1,-1,1,-1,-1,1,1,1,1,1,1,-1,-1,1,1,-1,1,-1,-1,1,1,1,1,-1,1,-1,1,-1,1,1,1,1,-1,-1,1,1,1,-1,-1,-1,-1,1,1,1,1,-1,-1,-1,1,1,1,-1,-1,-1,-1,1,1,1,1,-1,-1,-1,1,1,1,1,-1,-1,1,1,1,1,1,-1,-1,-1,1,1,-1,1,-1,-1,-1,1,1,1,1,-1,-1,1,1,1,1,1,-1,1,1,-1,1,1,-1,-1,-1,1,1,1,1,1,-1,1,1,1,1,1,1,-1,-1,1,-1,1,-1,1,-1,-1,1,-1,1,-1,-1,-1,-1,1,-1,1,1,-1,-1,-1,1,1,1,-1,1,-1,-1,1,-1,1,-1,-1,-1,-1,1,1,-1,-1,-1,-1,-1,1,-1,1,-1,-1,-1,-1,-1,-1,-1,1,-1,-1,-1,1,-1,-1,1,-1,-1,-1,-1,-1,-1,1,-1,-1,-1,-1,-1,1,-1,-1,-1,1,-1,-1,1,-1,1,-1,-1,-1,-1,-1,-1,-1,1,-1,-1,-1,1,1,-1,-1,-1,1,1,-1,-1,-1,-1,1,-1,-1,1,-1,1,-1,-1,-1,-1,1,-1,1,1,-1,1,-1,-1,1,1,-1,-1,-1,-1,-1,-1,1,1,-1,-1,1,-1,1,1,-1,-1,-1,1,-1,1,1,-1,-1,1,-1,-1,1,1,1,-1,1,-1,1,1,1,-1,-1,1,-1,-1,1,-1,1,-1,1,-1,-1,1,1,-1,1,1,-1,-1,1,1,1,1,1,-1,-1,1,1,1,1,1,-1,-1,1,1,1,1,1,1,-1,-1,1,1,-1,1,-1,-1,1,-1,1,1,1,1,-1,-1,1,-1,1,1,1,-1,1,1,1,1,-1,1,-1,1,1,1,1,1,1,1,-1,1,1,1,1,-1,1,-1,1,1,1,1,1,-1,1,1,1,1,-1,1,1,-1,1,1,-1,1,1,-1,-1,1,1,1,1,-1,1,-1,1,1,1,-1,-1,1,-1,1,1,1,-1,1,-1,-1,-1,1,1,-1,-1,1,-1,-1,1,1,-1,-1,1,-1,-1,1,1,1,-1,-1,-1,-1,1,1,-1,-1,-1,1,-1,-1,1,-1,1,1,-1,1,1,-1,-1,1,1,-1,-1,1,1,-1,1,1,-1,1,1,-1,-1,-1,-1,1,-1,-1,-1,-1,-1,1,-1,1,1,-1,1,1,-1,1,1,1,1,-1,1,-1,1,1,1,1,-1,1,-1,1,1,1,1,-1,1,-1,-1,1,1,1,-1,1,-1,1,1,1,-1,-1,1,-1,-1,1,1,-1,-1,-1,1,-1,1,-1,1,-1,1,-1,-1,1,-2674.0,1,2000,445,1000,False
262,1,1,-1,-1,1,-1,-1,-1,1,1,1,-1,1,1,1,1,-1,1,-1,-1,1,-1,1,1,1,-1,1,-1,1,1,1,1,-1,-1,-1,-1,1,-1,1,1,-1,-1,-1,1,1,1,1,-1,1,1,1,1,-1,1,-1,-1,1,-1,1,1,1,-1,-1,-1,1,1,1,1,-1,-1,-1,1,1,1,1,-1,-1,-1,1,1,1,-1,-1,-1,1,1,1,1,-1,-1,-1,1,1,1,1,-1,-1,1,1,-1,1,1,-1,-1,1,1,1,1,1,-1,-1,1,1,1,1,1,-1,-1,1,1,1,1,1,1,-1,1,1,1,-1,1,1,-1,1,1,1,1,1,1,-1,-1,1,1,1,1,1,-1,1,1,1,1,1,1,-1,-1,-1,1,1,1,1,-1,1,1,1,1,-1,1,-1,1,-1,1,1,1,-1,-1,1,1,1,1,1,-1,1,-1,-1,1,-1,1,-1,1,1,1,1,1,1,1,1,1,-1,1,-1,1,-1,1,1,-1,1,-1,1,1,-1,1,-1,1,-1,1,-1,1,1,-1,-1,-1,1,1,1,1,-1,-1,1,1,-1,-1,1,-1,1,-1,1,1,-1,1,-1,1,-1,1,-1,1,1,-1,-1,-1,1,1,-1,1,-1,1,1,1,-1,1,1,-1,1,-1,1,-1,1,-1,1,-1,1,1,-1,1,-1,-1,-1,1,1,-1,1,-1,-1,-1,1,1,-1,-1,1,1,-1,-1,1,1,-1,1,1,-1,1,1,1,1,-1,1,-1,1,1,-1,1,-1,1,1,-1,1,1,1,1,1,-1,-1,1,-1,-1,-1,1,1,-1,1,1,1,-1,1,-1,-1,1,1,1,-1,1,-1,1,1,1,-1,1,1,-1,1,1,1,-1,1,1,-1,-1,1,1,1,-1,1,-1,1,1,1,-1,1,1,-1,1,1,1,-1,1,-1,-1,1,1,1,-1,1,-1,-1,-1,1,1,-1,1,-1,-1,1,-1,1,-1,1,1,-1,-1,1,1,1,1,1,-1,-1,1,1,-1,1,-1,1,-1,-1,-1,-1,1,1,-1,-1,1,1,-1,1,1,-1,-1,1,1,1,1,1,-1,1,1,1,-1,1,-1,-1,-1,-1,1,1,1,1,-1,-1,1,1,1,1,-1,-1,1,-1,-1,1,-1,-1,-1,-1,1,-1,1,1,1,-1,1,1,-1,1,-1,1,-1,-1,1,-1,1,1,1,1,-1,1,-1,-1,1,1,-1,-1,1,-1,1,1,1,-1,-1,1,-1,-1,1,1,-1,-1,1,-1,1,1,-1,1,1,1,-1,1,-1,-1,-1,1,-1,-1,1,-1,-1,-1,1,-1,-1,1,-1,-1,-1,1,-1,-1,1,-1,-1,-1,1,-1,-1,1,-1,-1,-1,1,1,-1,1,1,-1,-1,1,1,-1,-1,-1,1,-1,1,-1,-1,1,-1,-1,1,1,1,-1,-1,1,-1,1,1,1,1,-1,1,-1,-1,-1,1,1,-1,1,-1,1,1,1,1,1,-1,-1,-1,1,-1,-1,-1,1,1,-1,1,-1,1,-1,1,-1,1,1,-1,1,1,1,-1,-1,1,-1,1,-1,1,1,-1,1,-1,-1,1,1,-1,-1,1,-1,-1,-1,1,-1,-1,1,-1,1,1,1,1,-1,1,-1,-1,1,1,-1,-1,1,-1,-1,-1,1,1,-1,-1,1,1,-1,-1,-1,-1,1,1,1,1,1,1,-1,-1,1,1,-1,1,-1,-1,1,1,1,1,-1,-1,-1,1,-1,1,1,1,1,-1,-1,1,1,1,-1,-1,-1,-1,1,1,1,1,-1,-1,-1,1,1,1,-1,-1,-1,-1,1,1,1,1,-1,-1,-1,1,1,1,1,-1,-1,1,1,1,1,1,-1,-1,-1,1,1,-1,1,-1,-1,-1,1,1,1,1,-1,-1,1,1,1,1,-1,-1,1,1,-1,1,1,-1,-1,-1,1,1,1,-1,1,-1,1,1,1,1,1,-1,-1,-1,1,-1,1,-1,-1,-1,-1,1,-1,1,1,-1,-1,-1,1,-1,1,1,-1,1,-1,1,1,1,1,-1,1,-1,1,-1,1,1,-1,-1,-1,1,1,-1,-1,-1,-1,-1,1,-1,1,-1,-1,-1,-1,-1,-1,-1,1,-1,-1,-1,1,-1,-1,1,-1,-1,-1,-1,-1,1,1,-1,-1,-1,-1,-1,1,-1,-1,-1,1,-1,-1,1,-1,1,-1,-1,-1,-1,-1,-1,-1,1,-1,-1,-1,1,1,-1,-1,-1,-1,1,-1,-1,-1,-1,1,-1,-1,1,1,1,-1,-1,-1,-1,1,-1,1,1,-1,1,-1,-1,1,1,-1,-1,-1,-1,-1,-1,1,1,-1,-1,1,-1,1,1,-1,-1,-1,1,-1,1,1,-1,-1,1,-1,-1,1,1,1,-1,1,-1,1,1,1,-1,-1,1,-1,-1,1,1,1,-1,1,-1,-1,1,1,-1,1,1,-1,-1,1,1,1,1,1,-1,-1,1,1,-1,1,1,-1,-1,1,1,1,1,1,1,-1,-1,1,1,-1,1,-1,-1,1,-1,1,1,1,1,-1,-1,1,-1,1,1,1,-1,1,1,1,1,-1,1,-1,1,1,1,1,1,1,1,-1,1,1,1,1,-1,1,-1,1,1,1,1,1,-1,1,1,1,1,-1,1,1,-1,1,1,-1,1,1,-1,-1,1,1,1,1,-1,1,-1,1,1,1,-1,-1,1,-1,1,1,1,-1,1,-1,-1,-1,1,1,-1,-1,1,-1,-1,1,1,1,-1,1,-1,-1,1,1,1,-1,1,-1,-1,1,1,-1,-1,1,1,-1,-1,1,-1,1,1,-1,1,1,-1,-1,1,-1,-1,-1,1,1,-1,1,1,-1,1,1,-1,-1,-1,-1,1,-1,-1,-1,-1,1,-1,-1,1,1,-1,1,1,-1,1,1,1,1,-1,1,-1,1,1,1,1,-1,1,-1,-1,1,1,1,-1,1,-1,1,1,1,1,-1,1,-1,1,1,-1,-1,-1,1,-1,-1,1,1,-1,-1,-1,1,-1,1,-1,1,-1,1,-1,-1,1,-2674.0,1,2000,445,1000,False
263,1,1,-1,-1,1,1,-1,-1,1,1,1,-1,-1,1,1,1,-1,1,1,-1,-1,-1,1,1,1,1,-1,-1,1,1,1,1,-1,-1,-1,-1,1,1,1,1,-1,-1,-1,1,1,1,1,-1,1,1,1,1,-1,1,-1,-1,1,-1,1,1,1,-1,-1,-1,1,1,1,1,-1,-1,-1,1,1,1,1,-1,-1,-1,1,1,1,-1,-1,-1,1,1,1,1,-1,-1,-1,1,1,1,1,-1,-1,1,1,-1,1,1,-1,-1,1,1,1,1,1,-1,-1,1,1,1,1,1,-1,-1,1,1,1,1,1,1,-1,1,1,1,-1,1,1,-1,1,1,1,1,1,1,-1,-1,1,1,1,1,1,-1,1,1,1,1,1,1,-1,-1,-1,1,1,1,1,-1,1,1,1,1,-1,1,-1,1,-1,1,1,1,-1,-1,1,1,1,1,1,-1,1,-1,-1,1,-1,1,-1,1,1,1,1,1,1,1,1,1,-1,1,-1,1,-1,1,1,-1,1,-1,1,1,-1,1,-1,1,-1,1,-1,1,1,-1,-1,-1,1,1,1,1,-1,-1,1,1,-1,-1,1,-1,1,-1,-1,1,-1,1,-1,1,-1,1,-1,1,1,-1,-1,-1,1,1,-1,1,-1,1,1,1,-1,1,1,-1,1,-1,1,-1,1,-1,1,-1,1,1,-1,1,-1,-1,-1,1,1,-1,1,-1,-1,-1,1,1,-1,-1,1,1,-1,-1,1,1,-1,1,1,-1,1,1,1,1,-1,1,-1,1,1,-1,1,-1,1,-1,1,1,1,1,1,1,-1,-1,1,-1,-1,-1,1,1,-1,1,1,1,-1,1,1,1,1,1,1,1,1,-1,1,1,1,-1,1,1,-1,1,1,1,-1,1,1,-1,-1,1,1,1,-1,1,-1,1,1,1,-1,1,1,-1,1,1,1,-1,1,1,-1,1,1,1,-1,1,1,1,-1,1,1,-1,1,1,-1,1,-1,1,-1,1,1,1,-1,1,1,1,-1,1,1,-1,1,1,-1,1,1,1,-1,-1,-1,-1,1,1,1,-1,1,1,-1,1,1,-1,-1,1,1,1,1,1,-1,1,1,1,-1,1,1,1,-1,-1,1,1,-1,-1,1,-1,1,-1,1,-1,1,1,-1,-1,-1,1,-1,-1,1,-1,1,-1,1,-1,1,1,1,1,-1,1,-1,-1,1,-1,1,-1,1,-1,-1,1,1,1,-1,-1,1,-1,1,1,-1,-1,1,1,1,-1,1,1,-1,1,-1,-1,1,1,-1,-1,1,-1,1,1,-1,1,-1,1,-1,-1,1,-1,-1,1,1,-1,1,1,-1,-1,-1,1,-1,1,1,1,-1,1,-1,-1,-1,1,-1,-1,-1,1,-1,1,1,-1,1,-1,1,-1,-1,1,-1,-1,-1,-1,-1,-1,1,-1,-1,-1,1,-1,-1,1,-1,-1,-1,-1,1,-1,1,-1,-1,1,-1,1,-1,-1,1,1,1,-1,1,-1,1,-1,1,-1,1,-1,-1,-1,1,-1,-1,1,1,1,-1,1,-1,1,1,1,-1,1,1,-1,1,-1,1,-1,-1,1,-1,-1,1,1,1,-1,1,-1,-1,1,1,-1,-1,1,-1,-1,1,1,-1,-1,1,-1,-1,-1,1,1,-1,1,1,-1,-1,1,-1,-1,1,-1,1,-1,1,1,-1,-1,1,-1,-1,-1,-1,-1,1,1,1,-1,-1,1,-1,-1,1,-1,-1,1,-1,-1,1,1,-1,-1,1,-1,-1,1,1,-1,1,-1,1,-1,-1,1,1,-1,-1,-1,-1,-1,1,-1,-1,1,-1,-1,-1,1,1,-1,-1,-1,-1,-1,1,-1,-1,-1,-1,-1,-1,1,1,-1,-1,-1,-1,1,1,1,-1,-1,-1,-1,-1,1,1,1,-1,-1,-1,-1,1,1,-1,-1,-1,-1,1,1,1,1,1,-1,1,1,1,1,1,1,-1,-1,1,1,1,1,1,-1,1,1,1,1,-1,1,-1,-1,1,-1,1,-1,1,-1,-1,1,-1,1,1,1,-1,-1,1,-1,1,-1,1,-1,-1,1,-1,1,1,1,-1,-1,1,-1,1,1,1,-1,-1,1,1,-1,1,1,-1,-1,1,-1,1,-1,1,-1,-1,-1,-1,-1,1,1,-1,-1,1,-1,-1,1,1,-1,-1,-1,-1,-1,-1,1,-1,-1,-1,-1,1,-1,-1,-1,1,-1,-1,1,-1,1,-1,-1,-1,-1,-1,-1,1,1,-1,-1,-1,1,1,1,-1,-1,1,-1,-1,-1,1,-1,1,-1,-1,1,1,1,-1,-1,-1,-1,1,-1,1,1,-1,1,-1,-1,1,1,-1,-1,-1,-1,-1,-1,1,1,-1,-1,1,-1,1,1,-1,-1,-1,1,-1,1,1,-1,-1,1,-1,-1,1,1,1,-1,1,-1,1,1,1,-1,-1,1,-1,-1,1,1,1,-1,1,-1,-1,1,1,-1,1,1,-1,-1,1,1,-1,1,1,-1,-1,1,1,-1,1,1,-1,-1,1,1,1,1,1,1,-1,1,1,-1,1,1,-1,-1,1,-1,1,1,1,1,-1,-1,1,-1,1,1,1,-1,1,1,1,1,-1,1,-1,1,1,1,1,1,1,1,-1,1,1,1,1,-1,1,-1,1,1,1,1,1,-1,1,1,1,1,-1,1,1,-1,1,1,-1,1,1,-1,-1,1,1,1,1,-1,1,-1,1,1,1,-1,-1,1,-1,1,1,1,-1,1,-1,-1,-1,1,1,-1,-1,1,-1,-1,1,1,1,-1,1,-1,1,1,1,1,-1,-1,-1,-1,1,1,-1,-1,-1,1,1,1,1,-1,1,1,-1,1,1,-1,-1,1,1,-1,-1,1,1,-1,1,1,1,1,1,-1,-1,-1,-1,1,-1,-1,-1,-1,-1,1,1,1,1,-1,1,1,-1,1,1,1,1,-1,1,-1,1,1,1,1,-1,1,-1,1,1,1,1,-1,1,-1,1,1,1,1,-1,1,-1,1,1,1,-1,-1,1,-1,1,1,1,-1,-1,-1,1,-1,1,-1,1,-1,1,-1,1,1,-2674.0,1,2000,445,1000,False
264,1,1,-1,-1,1,-1,-1,-1,1,1,1,-1,1,1,1,1,-1,1,-1,-1,-1,-1,1,1,1,-1,1,-1,1,1,1,1,-1,-1,-1,-1,1,-1,1,1,-1,-1,-1,1,1,1,1,-1,1,1,1,1,-1,1,-1,-1,1,-1,1,1,1,-1,-1,-1,1,1,1,1,-1,-1,-1,1,1,1,1,-1,-1,-1,1,1,1,-1,-1,-1,1,1,1,1,-1,-1,-1,1,1,1,1,-1,-1,1,1,-1,1,1,-1,-1,1,1,1,1,1,-1,-1,1,1,1,1,1,-1,-1,1,1,1,1,1,1,-1,1,1,1,-1,1,1,-1,1,1,1,1,1,1,-1,-1,1,1,1,1,1,-1,1,1,1,1,1,1,-1,-1,-1,1,1,1,1,-1,1,1,1,1,-1,1,-1,1,-1,1,1,1,-1,-1,1,1,1,1,1,-1,1,-1,-1,1,-1,1,-1,1,1,1,1,1,1,1,1,1,-1,1,-1,1,-1,1,1,-1,1,-1,1,1,-1,1,-1,1,-1,1,-1,1,1,-1,1,-1,1,1,1,1,-1,-1,1,1,-1,-1,1,-1,1,-1,-1,1,-1,1,-1,1,-1,1,-1,1,1,-1,-1,-1,1,1,-1,1,-1,1,1,1,-1,1,1,-1,1,-1,1,-1,1,-1,1,-1,1,1,-1,1,-1,-1,-1,1,1,-1,1,-1,-1,-1,1,1,-1,-1,1,1,-1,-1,1,1,-1,1,1,-1,1,1,1,-1,-1,1,-1,1,1,-1,1,-1,1,1,-1,1,1,-1,-1,1,-1,-1,1,-1,1,-1,1,1,-1,1,1,1,-1,1,-1,-1,1,1,-1,-1,1,-1,1,1,1,1,-1,1,-1,1,1,1,-1,1,1,-1,-1,1,1,-1,-1,1,-1,1,1,1,1,1,1,-1,1,1,1,1,1,-1,-1,1,1,1,1,1,-1,-1,-1,1,1,1,1,-1,-1,1,-1,1,1,1,1,-1,-1,1,1,1,1,1,-1,-1,1,1,1,-1,-1,1,-1,-1,-1,-1,1,1,-1,-1,1,1,-1,1,1,-1,-1,1,1,1,1,1,-1,1,1,1,-1,1,-1,-1,-1,-1,1,1,1,1,-1,-1,1,-1,1,1,-1,-1,-1,-1,-1,1,-1,-1,-1,1,-1,1,1,1,1,-1,1,1,-1,1,-1,1,-1,-1,1,-1,1,-1,1,1,-1,1,-1,-1,1,1,-1,-1,1,-1,1,1,1,-1,-1,1,-1,1,-1,1,-1,1,1,-1,-1,-1,-1,-1,1,1,-1,1,-1,-1,-1,1,-1,1,1,-1,-1,-1,1,-1,-1,1,-1,-1,-1,1,-1,1,-1,-1,-1,-1,1,-1,-1,1,-1,-1,-1,1,1,-1,-1,-1,-1,-1,1,1,-1,-1,-1,1,-1,1,-1,-1,1,-1,-1,1,1,1,-1,-1,1,-1,1,-1,1,-1,-1,1,-1,-1,1,1,1,-1,1,-1,1,-1,-1,-1,1,-1,-1,-1,1,-1,-1,-1,1,1,-1,1,-1,1,-1,1,-1,1,1,-1,1,1,1,-1,-1,1,-1,1,-1,1,1,-1,1,-1,-1,1,1,-1,-1,1,-1,-1,-1,1,-1,-1,1,-1,1,1,1,1,-1,1,-1,-1,1,1,-1,-1,1,-1,-1,-1,1,1,-1,-1,1,1,-1,-1,-1,-1,1,1,1,1,1,1,-1,-1,1,1,-1,1,-1,-1,1,1,1,1,-1,-1,-1,1,-1,1,1,1,-1,-1,-1,1,1,1,-1,-1,-1,-1,1,1,1,1,-1,-1,-1,1,1,1,-1,-1,-1,-1,1,1,1,1,-1,-1,1,1,1,1,1,-1,-1,-1,1,1,1,1,-1,-1,-1,1,1,-1,1,-1,-1,-1,1,1,1,1,-1,-1,1,1,1,1,1,-1,1,1,-1,1,1,-1,-1,-1,1,1,1,1,1,-1,1,1,1,1,1,1,-1,-1,1,-1,1,-1,1,-1,-1,1,-1,1,-1,-1,-1,-1,1,-1,1,1,-1,1,-1,1,1,1,-1,1,1,-1,1,-1,1,-1,-1,-1,-1,1,1,-1,-1,-1,-1,-1,1,-1,1,-1,-1,-1,-1,-1,-1,-1,1,-1,-1,-1,1,-1,-1,1,-1,-1,-1,-1,-1,1,1,-1,-1,-1,-1,-1,1,-1,-1,-1,1,-1,-1,1,-1,1,-1,-1,-1,-1,-1,-1,-1,1,-1,-1,-1,1,1,1,-1,-1,1,-1,-1,-1,-1,-1,1,-1,-1,1,-1,1,-1,-1,-1,-1,1,-1,1,1,-1,1,-1,-1,1,1,-1,-1,-1,-1,-1,-1,1,1,-1,-1,1,-1,1,1,-1,-1,-1,1,-1,1,1,-1,-1,1,-1,-1,1,1,1,-1,1,-1,1,1,1,-1,-1,1,-1,-1,1,1,1,-1,1,-1,-1,1,1,-1,1,1,-1,-1,1,1,1,1,1,-1,-1,1,1,-1,1,1,-1,-1,1,1,1,1,1,1,-1,1,1,1,1,1,-1,-1,1,-1,1,1,1,1,-1,-1,1,-1,1,1,1,-1,1,1,1,1,-1,1,-1,1,1,1,1,1,1,-1,-1,1,1,1,1,-1,1,-1,1,1,1,1,-1,1,-1,1,1,1,-1,-1,1,-1,1,1,-1,1,-1,-1,-1,1,1,1,-1,1,-1,-1,1,1,1,-1,-1,-1,-1,1,1,1,-1,-1,1,-1,-1,1,1,-1,1,-1,-1,-1,1,1,-1,1,1,-1,1,1,1,1,1,1,-1,-1,1,1,-1,-1,1,1,1,-1,1,-1,1,-1,-1,1,1,-1,-1,1,-1,-1,-1,1,1,-1,1,1,1,1,1,-1,-1,-1,-1,1,-1,-1,-1,-1,1,-1,1,1,1,-1,1,1,-1,1,1,1,1,-1,1,-1,1,1,1,1,-1,1,-1,1,1,1,1,-1,1,-1,1,1,1,1,-1,1,-1,1,1,1,-1,-1,1,-1,-1,1,1,-1,-1,-1,1,-1,1,1,1,-1,1,-1,-1,1,-2674.0,1,2000,445,1500,False
265,1,1,-1,-1,1,-1,-1,-1,1,1,1,-1,1,1,1,1,-1,1,-1,-1,-1,-1,1,1,1,-1,1,-1,1,1,1,1,-1,-1,-1,-1,1,-1,1,1,-1,-1,-1,1,1,1,1,-1,1,1,1,1,-1,1,-1,-1,1,-1,1,1,1,-1,-1,-1,1,1,1,1,-1,-1,-1,1,1,1,1,-1,-1,-1,1,1,1,-1,-1,-1,1,1,1,1,-1,-1,1,1,1,1,1,-1,-1,-1,1,-1,1,1,-1,-1,1,1,1,1,1,-1,-1,-1,1,1,1,1,-1,-1,1,1,1,1,1,1,-1,-1,1,1,-1,1,1,-1,1,1,1,1,1,1,-1,1,1,1,1,1,1,-1,1,1,1,1,1,1,-1,-1,-1,1,1,1,1,-1,1,1,1,1,-1,1,-1,1,-1,1,1,1,-1,-1,1,1,1,1,1,-1,1,-1,-1,1,-1,1,-1,1,1,1,1,1,1,1,1,1,-1,1,-1,1,-1,1,1,-1,1,-1,1,1,-1,1,-1,1,-1,1,-1,1,1,-1,1,-1,1,1,1,1,-1,-1,1,1,-1,-1,1,-1,1,-1,-1,1,-1,1,-1,1,-1,1,-1,1,1,-1,-1,-1,1,1,-1,1,-1,1,1,1,-1,1,1,-1,1,-1,1,-1,1,-1,1,-1,1,1,-1,1,-1,-1,-1,1,1,-1,1,-1,-1,-1,1,1,-1,-1,1,1,-1,-1,1,1,-1,1,1,-1,1,1,1,1,-1,1,-1,1,1,-1,1,-1,1,1,-1,1,1,1,1,1,-1,-1,1,-1,-1,1,1,1,-1,1,1,1,-1,1,-1,-1,1,1,1,-1,1,-1,1,1,1,-1,1,1,-1,1,1,1,-1,1,1,-1,-1,1,1,1,-1,1,-1,1,1,1,-1,1,1,-1,1,1,1,-1,1,-1,-1,1,1,1,-1,1,-1,-1,-1,1,1,-1,1,-1,-1,1,-1,1,-1,1,1,-1,-1,1,1,1,1,1,-1,-1,1,1,-1,1,-1,1,-1,-1,-1,-1,1,1,1,-1,1,1,-1,1,1,-1,-1,1,1,1,1,1,-1,1,1,1,-1,1,-1,-1,-1,-1,1,1,1,1,-1,-1,1,1,1,1,-1,-1,-1,-1,-1,1,-1,-1,-1,1,-1,1,1,1,1,1,1,1,-1,1,-1,1,-1,-1,1,-1,1,1,1,1,-1,1,-1,-1,1,1,-1,-1,1,-1,1,1,1,-1,-1,1,-1,-1,1,1,-1,1,1,-1,1,1,-1,-1,1,1,-1,1,-1,-1,-1,1,-1,-1,1,-1,-1,-1,1,-1,-1,1,-1,-1,-1,1,-1,-1,1,-1,-1,-1,1,-1,-1,1,-1,-1,-1,1,1,-1,1,1,-1,-1,1,1,-1,-1,-1,1,-1,1,-1,-1,1,-1,-1,1,-1,1,-1,-1,1,-1,1,-1,1,1,-1,1,-1,-1,1,1,1,-1,1,-1,1,-1,-1,1,1,-1,-1,-1,1,-1,-1,-1,1,1,-1,1,-1,1,-1,1,-1,1,1,-1,1,1,1,-1,-1,1,-1,1,-1,1,1,-1,1,-1,-1,1,1,-1,-1,1,-1,-1,-1,1,-1,-1,1,-1,1,1,1,1,-1,1,-1,-1,1,1,-1,-1,1,-1,-1,-1,1,1,-1,-1,1,1,-1,-1,-1,-1,1,1,1,-1,1,1,-1,-1,1,1,-1,1,-1,-1,1,1,1,1,-1,-1,-1,1,-1,1,1,1,-1,-1,-1,1,1,1,-1,-1,-1,-1,1,1,1,1,-1,-1,-1,1,1,1,-1,-1,-1,-1,1,1,1,1,-1,-1,1,1,1,1,1,-1,-1,-1,1,1,1,1,-1,-1,-1,1,1,-1,1,-1,-1,-1,1,1,1,1,-1,-1,1,1,1,1,1,-1,1,1,-1,1,1,-1,-1,-1,1,1,1,1,1,-1,1,1,1,1,1,1,-1,-1,1,-1,1,-1,1,-1,-1,1,-1,1,1,-1,-1,-1,1,-1,1,1,-1,1,-1,1,1,1,-1,1,1,-1,1,-1,1,-1,-1,-1,-1,1,1,-1,-1,-1,-1,-1,1,-1,1,-1,-1,-1,-1,-1,-1,-1,1,-1,-1,-1,1,-1,-1,1,-1,-1,-1,-1,-1,1,1,-1,-1,-1,-1,-1,1,-1,-1,-1,1,-1,-1,1,-1,1,-1,-1,-1,-1,-1,-1,-1,1,-1,-1,-1,1,1,-1,-1,-1,1,-1,-1,-1,-1,-1,1,-1,-1,1,1,1,-1,-1,-1,-1,1,-1,1,1,-1,1,-1,-1,1,1,-1,-1,-1,-1,-1,-1,1,1,-1,-1,1,-1,1,1,-1,-1,-1,1,-1,1,1,-1,-1,1,-1,-1,1,1,1,-1,1,-1,1,1,1,-1,-1,1,-1,-1,1,1,1,-1,1,-1,-1,1,1,-1,1,1,-1,-1,1,1,-1,1,1,-1,-1,1,1,-1,1,1,-1,-1,1,1,1,1,1,1,-1,-1,1,1,1,1,-1,-1,1,-1,1,1,1,1,-1,-1,1,-1,1,1,1,-1,1,1,1,1,-1,1,-1,1,1,1,1,1,1,1,-1,1,1,1,1,-1,1,-1,1,1,1,1,1,-1,1,1,1,1,-1,1,1,-1,1,1,-1,1,1,-1,-1,1,1,1,1,-1,1,-1,1,1,1,-1,-1,1,-1,1,1,1,-1,1,-1,-1,-1,1,1,-1,-1,1,-1,-1,1,1,-1,-1,1,-1,-1,1,1,1,-1,1,-1,-1,1,1,-1,-1,-1,1,-1,-1,1,-1,1,1,-1,1,1,-1,-1,1,-1,-1,-1,1,1,-1,1,1,-1,1,1,-1,-1,-1,-1,1,-1,-1,-1,-1,1,-1,-1,1,1,-1,1,1,-1,1,1,1,1,-1,1,-1,1,1,1,-1,-1,1,-1,-1,1,1,-1,-1,1,-1,1,1,1,-1,-1,1,-1,1,1,1,1,-1,1,-1,-1,1,1,1,-1,-1,1,-1,1,1,1,-1,1,-1,-1,1,-2674.0,1,2000,445,1000,False
266,1,1,-1,-1,1,1,-1,-1,1,1,1,-1,-1,1,1,1,-1,1,1,-1,-1,-1,1,1,1,1,-1,-1,1,1,1,1,-1,-1,-1,-1,1,1,1,1,-1,-1,-1,1,1,1,1,-1,1,1,1,1,-1,1,-1,-1,1,-1,1,1,1,-1,-1,-1,1,1,1,1,-1,-1,-1,1,1,1,1,-1,-1,-1,1,1,1,-1,-1,-1,1,1,1,1,-1,-1,-1,1,1,1,1,-1,-1,1,1,-1,1,1,-1,-1,1,1,1,1,1,-1,-1,1,1,1,1,1,-1,-1,1,1,1,1,1,1,-1,-1,1,1,-1,1,1,-1,1,1,1,1,1,1,-1,-1,1,1,1,1,1,-1,1,1,1,1,1,1,-1,-1,-1,1,1,1,1,-1,1,1,1,1,-1,1,-1,1,-1,1,1,1,-1,-1,1,1,1,1,1,-1,1,-1,-1,1,-1,1,-1,1,1,1,1,1,1,1,1,1,-1,1,-1,1,-1,1,1,-1,1,-1,1,1,-1,1,-1,1,-1,1,-1,1,1,-1,1,-1,1,1,1,1,-1,-1,1,1,-1,-1,1,-1,1,-1,1,1,-1,1,-1,1,-1,1,-1,1,1,-1,-1,-1,1,1,-1,1,-1,1,1,1,-1,1,1,-1,-1,-1,1,-1,1,-1,1,-1,1,1,-1,1,-1,-1,-1,1,1,-1,1,-1,-1,-1,1,1,-1,-1,1,1,-1,-1,1,1,-1,1,1,-1,1,1,1,1,-1,1,-1,1,1,-1,1,-1,1,1,-1,1,1,1,1,1,-1,-1,1,-1,-1,-1,1,1,-1,1,1,1,-1,1,-1,-1,1,1,1,1,1,-1,1,1,1,-1,1,1,-1,1,1,1,-1,1,1,-1,-1,1,1,1,-1,1,-1,1,1,1,-1,1,1,-1,1,1,1,-1,1,-1,-1,1,1,1,-1,1,-1,-1,-1,1,1,-1,1,-1,-1,1,-1,1,-1,1,1,-1,-1,1,1,1,1,1,-1,-1,1,1,-1,1,-1,1,-1,-1,-1,-1,1,1,-1,-1,1,1,-1,1,1,-1,-1,1,1,1,1,1,-1,1,1,1,-1,1,-1,-1,-1,-1,1,1,1,1,-1,-1,1,1,1,1,-1,-1,-1,-1,-1,1,-1,-1,-1,1,-1,1,1,1,1,-1,1,1,-1,1,-1,1,-1,-1,1,-1,1,1,1,1,-1,1,-1,-1,1,1,-1,-1,1,-1,1,1,1,-1,-1,1,-1,-1,1,1,-1,-1,1,-1,1,1,-1,1,1,1,-1,1,-1,-1,-1,1,-1,-1,1,-1,-1,1,1,-1,-1,1,-1,-1,-1,1,-1,-1,1,1,-1,-1,1,-1,-1,1,-1,-1,-1,1,1,-1,1,1,-1,-1,1,1,-1,-1,-1,1,-1,1,-1,-1,1,-1,-1,1,1,1,-1,-1,1,-1,1,1,1,-1,-1,1,-1,-1,1,1,1,-1,1,-1,1,-1,1,1,1,-1,-1,-1,1,-1,-1,-1,1,1,-1,1,-1,1,-1,1,-1,1,1,-1,1,1,1,-1,-1,1,-1,1,-1,1,1,-1,1,-1,-1,1,1,-1,-1,1,-1,-1,-1,1,-1,-1,1,-1,1,1,1,1,-1,1,-1,-1,1,1,-1,-1,1,-1,-1,-1,1,1,-1,-1,1,1,-1,1,-1,-1,1,1,1,1,1,1,-1,-1,1,1,-1,1,-1,-1,1,1,1,1,-1,-1,-1,1,-1,1,1,1,-1,-1,-1,1,1,1,-1,-1,-1,1,1,1,1,1,-1,-1,-1,1,1,1,-1,-1,-1,-1,1,1,1,1,-1,-1,1,1,1,1,-1,-1,-1,-1,1,1,1,1,-1,-1,-1,1,1,-1,1,-1,-1,-1,1,1,1,1,-1,-1,1,1,1,1,-1,-1,1,1,-1,1,1,-1,-1,-1,1,1,1,-1,1,-1,1,1,1,1,1,1,-1,-1,1,-1,1,-1,-1,-1,-1,1,-1,1,1,-1,-1,-1,1,-1,1,1,-1,-1,-1,1,1,1,-1,1,-1,-1,1,-1,1,-1,-1,-1,-1,1,1,-1,-1,-1,-1,-1,1,-1,1,-1,-1,-1,-1,-1,-1,-1,1,-1,-1,-1,1,-1,-1,1,-1,-1,-1,-1,-1,-1,1,-1,-1,-1,-1,-1,1,-1,-1,-1,1,-1,-1,1,-1,1,-1,-1,-1,-1,-1,-1,-1,1,-1,-1,-1,1,1,-1,-1,-1,-1,1,-1,-1,-1,-1,1,-1,-1,1,-1,1,-1,-1,-1,-1,1,-1,1,1,-1,1,-1,-1,1,1,-1,-1,-1,-1,-1,-1,1,1,-1,-1,1,-1,1,1,-1,-1,-1,1,-1,-1,1,-1,-1,1,-1,-1,1,1,1,-1,1,-1,1,1,1,-1,-1,1,-1,-1,1,1,1,-1,1,-1,-1,1,1,-1,1,1,-1,-1,1,1,-1,1,1,-1,-1,1,1,-1,1,1,-1,-1,1,1,1,1,1,1,-1,-1,1,-1,1,1,-1,-1,1,-1,1,1,1,1,-1,-1,1,-1,1,1,1,-1,1,1,1,1,-1,1,-1,1,1,1,1,1,1,1,-1,1,1,1,1,-1,1,-1,1,1,1,1,1,-1,1,1,1,1,-1,1,1,-1,1,1,-1,1,1,-1,-1,1,1,1,1,-1,1,-1,1,1,1,-1,-1,1,-1,1,1,1,-1,1,-1,-1,-1,1,1,-1,-1,1,-1,-1,1,1,-1,-1,1,-1,-1,1,1,1,-1,1,-1,-1,1,1,-1,-1,-1,1,-1,1,1,-1,1,1,-1,1,1,-1,-1,1,-1,-1,-1,1,1,-1,1,1,-1,1,1,-1,-1,-1,-1,1,-1,-1,-1,-1,1,-1,-1,1,1,-1,1,1,-1,1,1,1,1,-1,1,-1,1,1,1,1,-1,1,-1,-1,1,1,1,-1,1,-1,1,1,1,1,-1,1,-1,1,1,1,-1,-1,1,-1,-1,1,1,-1,-1,-1,1,-1,1,-1,1,-1,1,-1,-1,1,-2674.0,1,2000,445,1000,False
267,1,1,-1,-1,1,-1,-1,-1,1,1,1,-1,1,1,1,1,-1,1,-1,-1,-1,-1,1,1,1,-1,1,-1,1,1,1,1,1,-1,-1,-1,1,1,1,1,-1,-1,-1,1,1,1,1,-1,1,1,1,1,-1,1,-1,-1,1,-1,1,1,-1,-1,-1,-1,1,1,1,1,-1,-1,-1,1,1,1,1,-1,-1,-1,1,1,1,-1,-1,-1,1,1,1,1,-1,-1,1,1,1,1,1,-1,-1,-1,1,-1,1,1,-1,-1,1,1,1,1,1,-1,-1,-1,1,-1,1,1,-1,-1,1,1,1,1,1,1,-1,-1,1,1,-1,1,1,-1,1,1,1,1,1,1,-1,1,1,1,1,1,1,-1,1,1,1,1,1,1,-1,-1,-1,1,1,1,1,-1,1,1,1,1,-1,1,-1,1,-1,1,1,1,-1,-1,1,1,1,1,1,-1,1,-1,-1,1,-1,1,-1,1,1,1,1,1,1,1,1,1,-1,1,-1,1,-1,1,1,-1,1,-1,1,1,-1,1,-1,1,-1,1,-1,1,1,-1,1,-1,1,1,1,1,-1,-1,1,1,-1,-1,1,-1,1,-1,-1,1,-1,1,-1,1,-1,1,-1,1,1,-1,-1,-1,1,1,-1,1,-1,1,1,1,-1,1,1,-1,1,-1,1,-1,1,-1,1,-1,1,1,-1,1,-1,-1,-1,1,1,-1,1,-1,-1,-1,1,1,-1,-1,1,1,-1,-1,1,1,-1,1,1,-1,1,1,1,1,-1,1,-1,1,1,-1,1,-1,1,1,-1,1,1,1,1,1,-1,-1,1,-1,-1,-1,1,1,-1,1,1,1,-1,1,-1,-1,1,1,1,1,1,-1,1,1,1,-1,1,1,-1,1,1,1,-1,1,1,-1,-1,1,1,1,-1,1,-1,1,1,1,-1,1,1,-1,1,1,1,-1,1,-1,-1,1,1,1,-1,1,-1,-1,-1,1,1,-1,1,-1,-1,1,-1,1,-1,1,1,-1,-1,1,1,1,-1,1,-1,-1,1,1,-1,1,-1,1,-1,-1,-1,-1,1,1,-1,-1,1,1,-1,1,1,-1,-1,1,1,1,1,1,-1,1,1,1,-1,1,-1,-1,-1,-1,1,1,1,1,-1,-1,1,1,1,1,-1,-1,-1,-1,-1,1,-1,-1,-1,1,-1,1,1,-1,1,1,1,1,-1,1,-1,1,-1,-1,1,-1,1,1,1,1,-1,1,-1,-1,1,1,-1,-1,1,-1,1,1,1,-1,-1,1,-1,-1,1,1,-1,1,1,-1,1,1,-1,-1,1,1,-1,1,-1,-1,-1,1,-1,-1,1,-1,-1,-1,1,-1,-1,1,-1,-1,-1,1,-1,-1,1,1,-1,-1,1,-1,-1,1,-1,-1,-1,-1,1,-1,1,-1,-1,-1,1,1,-1,-1,-1,1,-1,1,-1,-1,1,-1,-1,1,1,1,-1,-1,1,-1,1,-1,1,-1,-1,1,-1,-1,1,1,1,-1,1,-1,1,-1,1,-1,1,-1,-1,-1,1,-1,-1,-1,1,1,-1,1,-1,1,-1,1,-1,1,1,-1,1,1,1,-1,-1,1,-1,1,-1,1,1,-1,1,-1,-1,1,1,-1,-1,1,-1,-1,-1,1,-1,-1,1,-1,1,1,1,1,-1,1,-1,-1,1,1,-1,-1,1,-1,-1,-1,1,1,-1,-1,1,1,-1,1,-1,-1,1,1,1,-1,1,1,-1,-1,1,1,-1,1,-1,-1,1,1,1,1,-1,1,-1,1,-1,1,1,1,1,-1,-1,1,1,1,-1,-1,-1,-1,1,1,1,1,-1,-1,-1,1,1,1,-1,-1,-1,-1,1,1,1,1,-1,-1,1,1,1,1,1,-1,-1,-1,1,1,1,1,-1,-1,-1,1,1,-1,1,-1,-1,-1,1,1,1,1,-1,-1,1,1,1,1,1,-1,1,1,-1,1,1,-1,-1,-1,1,1,1,1,1,-1,1,1,1,1,1,1,-1,-1,1,-1,1,-1,1,-1,-1,1,-1,1,1,-1,-1,-1,1,-1,1,1,-1,-1,-1,1,1,1,-1,1,-1,-1,1,-1,1,-1,-1,-1,-1,1,1,-1,-1,-1,-1,-1,1,-1,1,-1,-1,-1,-1,-1,-1,-1,1,-1,-1,-1,1,-1,-1,1,-1,-1,-1,-1,-1,1,1,-1,-1,-1,-1,-1,1,-1,-1,-1,1,-1,-1,1,-1,1,-1,-1,-1,-1,-1,-1,-1,1,-1,-1,-1,1,1,-1,-1,-1,1,-1,-1,-1,-1,-1,1,-1,-1,1,1,1,-1,-1,-1,-1,1,-1,1,1,-1,1,-1,-1,1,1,-1,-1,-1,-1,-1,-1,1,1,-1,-1,1,-1,1,1,-1,-1,-1,1,-1,-1,1,-1,-1,1,-1,-1,1,1,1,-1,1,-1,1,1,1,-1,-1,1,-1,-1,1,1,1,-1,1,-1,-1,1,1,-1,1,1,-1,-1,1,1,1,1,1,-1,-1,1,1,1,1,1,-1,-1,1,1,1,1,1,1,-1,-1,1,1,-1,1,-1,-1,1,-1,1,1,1,1,-1,-1,1,-1,1,1,1,-1,1,1,1,1,-1,1,-1,1,1,1,1,1,1,1,-1,1,1,1,1,-1,1,-1,1,1,1,1,1,-1,1,1,1,1,-1,1,1,-1,1,1,-1,1,1,-1,-1,1,1,1,1,-1,1,-1,1,1,1,-1,-1,1,-1,1,1,1,-1,1,-1,-1,-1,1,1,-1,-1,1,-1,-1,1,1,1,-1,1,-1,-1,1,1,1,-1,1,-1,-1,1,1,-1,-1,-1,1,-1,-1,1,-1,1,1,-1,1,1,-1,-1,1,1,-1,-1,1,1,-1,1,1,-1,1,1,-1,-1,-1,-1,1,-1,-1,-1,-1,1,-1,-1,1,1,-1,1,1,-1,1,1,1,1,-1,1,-1,1,1,1,-1,-1,1,-1,1,1,1,-1,-1,1,-1,-1,1,1,-1,-1,1,-1,1,1,1,1,-1,1,-1,-1,1,1,1,-1,-1,1,-1,1,-1,1,-1,1,-1,-1,1,-2674.0,1,2000,445,0,False
268,1,1,-1,-1,1,-1,1,-1,1,1,1,-1,1,1,1,1,-1,1,-1,-1,1,-1,1,1,1,-1,1,-1,1,1,1,1,-1,-1,-1,-1,1,1,1,1,-1,-1,-1,1,1,1,1,-1,1,1,1,1,-1,1,-1,-1,1,-1,1,1,1,-1,-1,-1,1,1,1,1,-1,-1,-1,1,1,1,1,-1,-1,-1,1,1,1,-1,-1,-1,1,1,1,1,-1,-1,-1,1,1,1,1,-1,-1,1,1,-1,1,1,-1,-1,1,1,1,1,1,-1,-1,1,1,-1,1,1,-1,-1,1,1,1,1,1,1,-1,-1,1,1,-1,1,1,-1,1,1,1,1,1,1,-1,-1,1,1,1,1,1,-1,1,1,1,1,1,1,-1,-1,-1,1,1,1,1,-1,1,1,1,1,-1,1,-1,1,-1,1,1,1,-1,-1,1,1,1,1,1,-1,1,-1,-1,1,-1,1,-1,1,1,1,1,1,1,1,1,1,-1,1,-1,1,-1,1,1,-1,1,-1,1,1,-1,1,-1,1,-1,1,-1,1,1,-1,1,-1,1,1,1,1,-1,-1,1,1,-1,-1,1,-1,1,-1,-1,1,-1,1,-1,1,-1,1,-1,1,1,-1,-1,-1,1,1,-1,1,-1,1,1,1,-1,1,1,-1,1,-1,1,-1,1,-1,1,-1,1,1,-1,1,-1,-1,-1,1,1,-1,1,-1,-1,-1,1,1,-1,-1,1,1,-1,-1,1,1,-1,1,1,-1,1,1,1,1,-1,1,-1,1,1,-1,1,-1,1,1,-1,1,1,-1,-1,1,-1,-1,1,-1,-1,1,1,1,-1,1,1,1,-1,1,-1,-1,1,1,1,-1,1,-1,1,1,1,1,-1,1,-1,1,1,1,-1,1,1,-1,-1,1,1,1,-1,1,-1,1,1,1,-1,1,1,-1,1,1,1,-1,1,-1,-1,1,1,1,1,1,-1,-1,-1,1,1,-1,1,-1,-1,1,-1,1,-1,1,1,-1,-1,1,1,1,1,1,-1,-1,1,1,-1,1,-1,1,-1,-1,-1,-1,1,1,-1,-1,1,1,-1,1,1,-1,-1,1,1,1,1,1,-1,1,1,1,-1,1,-1,-1,-1,-1,1,1,1,1,-1,-1,1,1,1,1,-1,-1,-1,-1,-1,1,-1,-1,-1,1,-1,1,1,1,1,-1,1,1,-1,1,-1,1,-1,-1,1,-1,1,1,1,1,-1,1,-1,-1,1,1,-1,-1,1,-1,1,1,1,-1,-1,1,-1,-1,1,1,-1,1,1,-1,1,1,-1,-1,1,1,-1,1,-1,-1,-1,1,-1,-1,1,-1,-1,1,1,-1,-1,1,-1,-1,-1,1,-1,-1,1,1,-1,-1,1,-1,-1,1,-1,-1,-1,1,1,-1,1,-1,-1,-1,1,1,-1,-1,-1,1,-1,1,-1,-1,1,-1,-1,1,-1,1,-1,-1,1,-1,1,-1,1,1,-1,1,-1,-1,1,1,1,-1,1,-1,1,-1,-1,1,1,-1,-1,-1,1,-1,-1,-1,1,1,-1,1,-1,1,-1,1,-1,1,1,-1,1,1,1,-1,-1,1,-1,1,-1,1,1,-1,1,-1,-1,1,1,-1,-1,1,-1,-1,-1,1,-1,-1,1,-1,1,1,1,1,-1,1,-1,-1,1,1,-1,-1,1,-1,-1,-1,1,1,-1,-1,1,1,-1,1,-1,-1,1,1,1,1,1,1,-1,-1,1,1,-1,1,-1,-1,1,1,1,1,-1,1,-1,1,-1,1,1,1,1,-1,-1,1,1,1,-1,-1,-1,-1,1,1,1,1,-1,-1,-1,1,1,1,-1,-1,-1,-1,1,1,1,1,-1,-1,1,1,1,1,1,-1,-1,-1,1,1,1,-1,-1,-1,-1,1,1,-1,1,-1,-1,-1,1,1,1,1,-1,-1,1,1,1,1,1,-1,1,1,-1,1,1,-1,-1,-1,1,1,1,-1,1,-1,1,1,1,1,1,1,-1,-1,1,-1,1,-1,1,-1,-1,1,-1,1,-1,-1,-1,-1,1,-1,1,1,-1,-1,-1,1,1,1,-1,1,-1,-1,1,-1,1,-1,-1,-1,-1,1,1,-1,-1,-1,-1,-1,1,-1,1,-1,-1,-1,-1,-1,-1,-1,1,-1,-1,-1,1,-1,-1,1,-1,-1,-1,-1,-1,1,1,-1,-1,-1,-1,-1,1,-1,-1,-1,1,-1,-1,1,-1,1,-1,-1,-1,-1,-1,-1,-1,1,-1,-1,-1,1,1,-1,-1,-1,1,-1,-1,-1,-1,-1,1,-1,-1,1,-1,1,-1,-1,-1,-1,1,-1,1,1,-1,1,-1,-1,1,1,-1,-1,-1,-1,-1,-1,1,1,-1,-1,1,-1,1,1,-1,-1,-1,1,-1,-1,1,-1,-1,1,-1,-1,1,1,1,-1,1,-1,1,1,1,-1,-1,1,-1,-1,1,1,1,-1,1,-1,-1,1,1,-1,1,1,-1,-1,1,1,1,1,1,-1,-1,1,1,-1,1,1,-1,-1,1,1,1,1,1,1,-1,-1,1,1,-1,1,-1,-1,1,-1,1,1,1,1,-1,-1,1,-1,1,1,1,-1,1,1,1,1,-1,1,-1,1,1,1,1,1,1,1,-1,1,1,1,1,-1,1,-1,1,1,1,1,1,-1,1,1,1,1,-1,-1,1,-1,1,1,-1,1,1,-1,-1,1,1,1,-1,1,1,-1,1,1,1,-1,-1,1,-1,1,1,1,-1,1,-1,-1,-1,1,1,-1,-1,1,-1,-1,1,1,1,-1,1,-1,-1,1,1,1,1,-1,-1,-1,1,1,-1,-1,1,1,-1,-1,1,-1,1,1,-1,1,1,-1,-1,1,-1,-1,-1,1,1,-1,1,1,-1,1,1,-1,-1,-1,-1,1,-1,-1,-1,-1,1,-1,-1,1,1,-1,1,1,-1,1,1,1,1,-1,1,-1,1,1,1,1,-1,1,-1,-1,1,1,1,-1,1,-1,1,1,1,1,-1,1,-1,1,1,-1,-1,-1,1,-1,-1,1,1,-1,-1,-1,1,-1,1,-1,1,-1,1,-1,-1,1,-2674.0,1,2000,445,0,False
269,1,1,-1,-1,1,-1,1,-1,1,1,1,-1,1,1,1,1,-1,1,-1,-1,1,-1,1,1,1,-1,-1,-1,1,1,1,1,-1,-1,-1,-1,1,-1,1,-1,-1,-1,-1,1,1,1,1,-1,1,1,1,1,-1,1,-1,-1,1,-1,1,1,1,-1,-1,-1,1,1,1,1,-1,-1,-1,1,1,1,1,-1,-1,-1,1,1,1,-1,-1,-1,1,1,1,1,-1,-1,-1,1,1,1,1,-1,-1,1,1,-1,1,1,-1,-1,1,1,1,1,1,-1,-1,1,1,-1,1,1,-1,-1,1,1,1,1,1,1,-1,1,1,1,-1,1,1,-1,1,1,1,1,1,1,-1,-1,1,1,1,1,1,-1,1,1,1,1,1,1,-1,-1,-1,1,1,1,1,-1,1,1,1,1,-1,1,-1,1,-1,1,1,1,-1,-1,1,1,1,1,1,-1,1,-1,-1,1,-1,1,-1,1,1,1,1,1,1,1,1,1,-1,1,-1,1,-1,1,1,-1,1,-1,1,1,-1,1,-1,1,-1,1,-1,1,1,-1,1,-1,1,1,1,1,-1,-1,1,1,-1,-1,1,-1,1,-1,-1,1,-1,1,-1,1,-1,1,-1,-1,1,-1,-1,-1,1,1,-1,1,-1,1,1,1,-1,1,1,-1,1,-1,1,-1,1,-1,1,-1,1,1,-1,1,-1,-1,-1,1,1,-1,1,-1,-1,-1,1,1,-1,-1,1,1,-1,-1,1,1,-1,1,1,-1,1,1,1,1,-1,1,-1,1,1,-1,1,-1,1,1,-1,1,1,1,1,1,-1,-1,1,-1,-1,1,1,1,-1,1,1,1,-1,1,-1,-1,1,1,1,1,1,-1,1,1,1,-1,1,1,-1,1,1,1,-1,1,1,-1,-1,1,1,1,-1,1,-1,1,1,1,-1,1,1,-1,1,1,1,-1,1,-1,-1,1,1,1,-1,1,-1,-1,-1,1,1,-1,1,-1,-1,1,-1,1,-1,1,1,-1,-1,1,1,1,-1,1,-1,-1,1,1,-1,1,-1,1,-1,-1,-1,-1,1,1,-1,-1,1,1,-1,1,1,-1,-1,1,1,1,1,1,-1,1,1,1,-1,1,-1,-1,-1,-1,1,1,1,1,-1,-1,1,1,1,-1,-1,-1,-1,-1,-1,1,-1,-1,-1,1,-1,1,1,-1,1,-1,1,1,-1,1,-1,1,-1,-1,1,-1,1,1,1,1,-1,1,-1,-1,1,1,-1,-1,1,-1,1,1,1,-1,-1,1,-1,-1,1,1,-1,1,1,-1,1,1,-1,-1,1,1,-1,1,-1,-1,-1,1,-1,-1,1,-1,-1,-1,1,-1,-1,1,-1,-1,-1,1,-1,-1,1,-1,-1,-1,1,-1,-1,1,-1,-1,-1,1,1,-1,1,1,-1,-1,1,1,-1,-1,-1,1,-1,1,-1,-1,1,-1,-1,1,-1,1,-1,-1,1,-1,1,-1,1,-1,-1,1,-1,-1,1,1,1,-1,1,-1,1,-1,-1,1,1,-1,-1,-1,1,-1,-1,-1,1,1,-1,1,-1,1,-1,1,-1,1,1,-1,1,1,1,-1,-1,1,-1,1,-1,1,1,-1,1,-1,-1,1,1,-1,-1,1,-1,-1,-1,1,-1,-1,1,-1,1,1,1,1,-1,1,-1,-1,1,1,-1,-1,1,-1,-1,-1,1,1,-1,-1,1,1,-1,1,-1,-1,1,1,1,1,1,1,-1,-1,1,1,-1,1,-1,-1,1,1,1,1,-1,1,-1,1,-1,1,1,1,1,-1,-1,1,1,1,-1,-1,-1,-1,1,1,1,1,-1,-1,-1,1,1,1,-1,-1,-1,-1,1,1,1,1,-1,-1,1,1,1,1,1,-1,-1,-1,1,1,1,1,-1,-1,-1,1,1,-1,1,-1,-1,-1,1,1,1,1,-1,-1,1,1,1,1,1,-1,1,1,-1,1,1,-1,-1,-1,1,1,1,-1,1,-1,1,1,1,1,1,1,-1,-1,1,-1,1,-1,1,-1,-1,1,-1,1,-1,-1,-1,-1,1,-1,1,1,-1,1,-1,1,1,1,-1,1,1,-1,1,-1,1,-1,-1,-1,-1,1,1,-1,-1,-1,-1,-1,1,-1,1,-1,-1,-1,-1,-1,-1,-1,1,-1,-1,-1,1,-1,-1,1,-1,-1,-1,-1,-1,1,1,-1,-1,-1,-1,-1,1,-1,-1,-1,1,-1,-1,1,-1,1,-1,-1,-1,-1,-1,-1,-1,1,-1,-1,-1,1,1,-1,-1,-1,1,-1,-1,-1,-1,-1,1,-1,-1,1,1,1,-1,-1,-1,-1,1,-1,1,1,-1,1,-1,-1,1,1,-1,-1,-1,-1,-1,-1,1,1,-1,-1,1,-1,1,1,1,-1,-1,1,-1,-1,1,-1,-1,1,-1,-1,1,1,1,-1,1,-1,1,1,1,-1,-1,1,-1,-1,1,-1,1,-1,1,-1,-1,1,1,-1,1,1,-1,-1,1,1,1,1,1,-1,-1,1,1,-1,1,1,-1,-1,1,1,1,1,-1,1,-1,-1,1,1,1,1,-1,-1,1,-1,1,1,1,1,-1,-1,1,-1,1,1,1,-1,1,1,1,1,-1,1,-1,1,1,1,1,1,1,1,-1,1,1,1,1,-1,1,-1,1,1,1,1,1,-1,1,1,1,1,-1,1,1,-1,1,1,-1,1,1,-1,-1,1,1,1,1,-1,1,-1,1,1,1,-1,-1,1,-1,1,1,1,-1,1,-1,-1,-1,1,1,-1,-1,1,-1,-1,1,1,1,-1,1,-1,-1,1,1,1,-1,1,-1,-1,1,1,-1,-1,-1,1,-1,-1,1,-1,1,1,-1,1,1,-1,-1,1,1,-1,-1,1,1,-1,1,1,-1,1,1,-1,-1,-1,-1,1,-1,-1,-1,-1,-1,1,-1,1,1,-1,1,1,-1,1,1,1,1,-1,1,-1,1,1,1,1,-1,1,-1,-1,1,1,1,-1,1,-1,1,1,1,1,-1,1,-1,1,1,-1,-1,-1,1,-1,-1,1,1,-1,-1,-1,1,-1,1,-1,1,-1,1,-1,1,1,-2674.0,1,2000,445,1000,False
270,1,1,-1,-1,1,1,-1,-1,1,1,1,-1,-1,1,1,1,-1,1,-1,-1,-1,-1,1,1,1,-1,-1,-1,1,1,1,1,-1,-1,-1,-1,1,1,1,1,-1,-1,-1,1,1,1,1,-1,1,1,1,1,-1,1,-1,-1,1,-1,1,1,1,-1,-1,-1,1,1,1,1,-1,-1,-1,1,1,1,1,-1,-1,-1,1,1,1,-1,-1,-1,1,1,1,1,-1,-1,1,1,1,1,1,-1,-1,-1,1,-1,1,1,-1,-1,1,1,1,1,1,-1,-1,-1,1,-1,1,1,-1,-1,1,1,1,1,1,1,-1,-1,1,1,-1,1,1,-1,1,1,1,1,1,1,-1,1,1,1,1,1,1,-1,1,1,1,1,1,1,-1,-1,-1,1,1,1,1,-1,1,1,1,1,-1,1,-1,1,-1,1,1,1,-1,-1,1,1,1,1,1,-1,1,-1,-1,1,-1,1,-1,1,1,1,1,1,1,1,1,1,-1,1,-1,1,-1,1,1,-1,1,-1,1,1,-1,1,-1,1,-1,1,-1,1,1,-1,1,-1,1,1,1,1,-1,-1,1,1,-1,-1,1,-1,1,-1,-1,1,-1,1,-1,1,-1,1,-1,1,1,-1,-1,-1,1,1,-1,1,-1,1,1,1,-1,1,1,-1,1,-1,1,-1,1,-1,1,-1,1,1,-1,1,-1,-1,-1,1,1,-1,1,-1,-1,-1,1,1,-1,-1,1,1,-1,-1,1,1,-1,1,1,-1,1,1,1,1,-1,1,-1,1,1,-1,1,-1,1,1,-1,1,1,1,1,1,-1,-1,1,-1,-1,-1,1,1,-1,1,1,1,-1,1,-1,-1,1,1,1,1,1,-1,1,1,1,-1,-1,1,-1,1,1,1,-1,1,1,-1,-1,1,1,1,-1,1,-1,1,1,1,-1,1,1,-1,1,1,1,-1,1,-1,-1,1,1,1,-1,1,-1,-1,-1,1,1,-1,1,-1,-1,1,-1,1,-1,1,1,-1,-1,1,1,1,-1,1,-1,-1,1,1,-1,1,-1,1,-1,-1,-1,-1,1,1,-1,-1,1,1,-1,1,1,-1,-1,1,1,1,1,1,-1,1,1,1,-1,1,-1,-1,-1,-1,1,1,1,1,-1,-1,1,1,1,1,-1,-1,-1,-1,-1,1,-1,-1,-1,1,-1,1,1,-1,1,-1,1,1,-1,1,-1,1,-1,-1,1,-1,1,1,1,-1,1,1,-1,-1,1,1,-1,-1,1,-1,1,1,1,-1,-1,1,-1,-1,1,1,-1,1,1,-1,1,1,1,-1,1,1,-1,1,-1,-1,-1,1,-1,-1,1,-1,-1,-1,1,-1,-1,1,-1,1,-1,1,-1,-1,1,-1,-1,-1,1,-1,-1,1,-1,-1,-1,1,1,-1,1,1,-1,-1,1,1,-1,-1,-1,1,-1,1,-1,-1,1,-1,-1,1,-1,1,-1,-1,1,-1,1,-1,1,-1,-1,1,-1,-1,1,1,1,-1,1,-1,1,-1,1,-1,1,-1,-1,-1,1,-1,-1,-1,1,1,-1,1,-1,1,-1,1,-1,1,1,-1,1,1,1,-1,-1,1,-1,1,-1,1,1,-1,1,-1,-1,1,1,-1,-1,1,-1,-1,-1,1,-1,-1,1,-1,1,1,1,1,-1,1,-1,-1,1,1,-1,-1,1,-1,-1,-1,1,1,-1,-1,1,1,-1,-1,-1,-1,1,1,1,1,1,1,-1,-1,1,1,1,-1,-1,-1,1,1,1,1,-1,1,-1,1,-1,1,-1,1,1,-1,-1,1,1,1,-1,-1,-1,1,1,1,1,1,-1,-1,-1,1,1,1,-1,-1,-1,-1,1,1,1,1,-1,-1,1,1,1,1,1,-1,-1,-1,1,1,1,1,-1,-1,-1,1,1,-1,1,-1,-1,-1,1,1,1,1,-1,-1,1,1,1,1,1,-1,1,1,-1,1,1,-1,-1,-1,1,1,1,1,1,-1,1,1,1,1,1,1,-1,-1,1,-1,1,-1,1,-1,-1,1,-1,1,-1,-1,-1,-1,1,-1,1,1,-1,-1,-1,1,1,1,-1,1,-1,-1,1,-1,1,-1,-1,-1,-1,1,1,-1,-1,-1,-1,-1,1,-1,1,-1,-1,-1,-1,-1,-1,-1,1,-1,-1,-1,1,-1,-1,1,-1,-1,-1,-1,-1,-1,1,-1,-1,-1,-1,-1,1,-1,-1,-1,1,-1,-1,1,-1,1,-1,-1,-1,-1,-1,-1,-1,1,-1,-1,-1,1,1,1,-1,-1,1,-1,-1,-1,-1,-1,1,-1,-1,1,1,1,-1,-1,-1,-1,1,-1,1,1,-1,1,-1,-1,1,1,-1,-1,-1,-1,-1,-1,1,1,-1,-1,1,-1,1,1,-1,-1,-1,1,-1,1,1,-1,-1,1,-1,-1,1,1,1,-1,1,-1,1,1,1,-1,-1,1,-1,-1,1,1,1,-1,1,-1,-1,1,1,-1,1,1,-1,-1,1,1,-1,1,1,-1,-1,1,1,-1,1,1,-1,-1,1,1,1,1,1,1,-1,-1,1,1,1,1,-1,-1,1,-1,1,1,1,1,-1,-1,1,-1,1,1,1,-1,1,1,1,1,-1,1,-1,1,1,1,1,1,1,1,-1,1,1,1,1,-1,1,-1,1,1,1,1,1,-1,1,1,1,1,-1,1,1,-1,1,1,-1,1,1,-1,-1,1,1,1,1,-1,1,-1,1,1,1,-1,-1,1,-1,1,1,1,-1,1,-1,-1,-1,1,1,-1,-1,1,-1,-1,1,1,1,-1,1,-1,-1,1,1,1,-1,1,-1,-1,1,1,-1,-1,-1,1,-1,1,1,-1,1,1,-1,1,1,-1,-1,1,1,-1,-1,1,1,-1,1,1,-1,1,1,-1,-1,1,-1,1,-1,-1,-1,-1,1,-1,-1,1,1,-1,1,1,-1,1,1,1,1,-1,1,-1,1,1,1,-1,-1,1,-1,-1,1,1,-1,-1,1,-1,1,1,1,-1,-1,1,-1,1,1,1,1,-1,1,-1,-1,1,1,1,-1,-1,1,-1,1,-1,1,-1,1,-1,-1,1,-2674.0,1,2000,445,0,False
271,1,1,-1,-1,1,1,-1,-1,1,1,1,-1,1,1,1,1,-1,1,-1,-1,1,-1,1,1,1,-1,-1,-1,1,1,1,1,-1,-1,-1,-1,1,1,1,1,-1,-1,-1,1,1,1,1,-1,1,1,1,1,-1,1,-1,-1,1,-1,1,1,1,-1,-1,-1,1,1,1,1,-1,-1,-1,1,1,1,1,-1,-1,-1,1,1,1,-1,-1,-1,1,1,1,1,-1,-1,-1,1,1,1,1,-1,-1,1,1,-1,1,1,-1,-1,1,1,1,1,1,-1,-1,1,1,-1,1,1,-1,-1,1,1,1,1,1,1,-1,-1,1,1,-1,1,1,-1,1,1,1,1,1,1,-1,-1,1,1,1,1,1,-1,1,1,1,1,1,1,-1,-1,-1,1,1,1,1,-1,1,1,1,1,-1,1,-1,1,-1,1,1,1,-1,-1,1,1,1,1,1,-1,1,-1,-1,1,-1,1,-1,1,1,1,1,1,1,1,1,1,-1,1,-1,1,-1,1,1,-1,1,-1,1,1,-1,1,-1,1,-1,1,-1,1,1,-1,-1,-1,1,1,1,1,-1,-1,1,1,-1,-1,1,-1,1,-1,-1,1,-1,1,-1,1,-1,1,-1,1,1,-1,-1,-1,1,1,-1,1,-1,1,1,1,-1,1,1,-1,1,-1,1,-1,1,-1,1,-1,1,1,-1,1,-1,-1,-1,1,1,-1,1,-1,-1,-1,1,1,-1,-1,1,1,-1,-1,1,1,-1,1,1,-1,1,1,1,1,-1,1,-1,1,1,-1,1,-1,1,1,-1,1,1,1,1,1,-1,-1,1,-1,-1,-1,1,1,-1,1,1,1,-1,1,-1,-1,1,1,1,1,1,-1,1,1,1,-1,1,1,-1,1,1,1,-1,1,1,-1,-1,1,1,1,-1,1,-1,1,1,1,-1,1,1,-1,1,1,1,-1,1,-1,-1,1,1,1,-1,1,-1,-1,-1,1,1,-1,1,-1,-1,1,-1,1,-1,1,1,-1,-1,1,1,1,1,1,-1,-1,1,1,-1,1,-1,1,-1,-1,-1,-1,1,1,-1,-1,1,1,-1,1,1,-1,-1,1,1,1,1,1,-1,1,1,1,-1,1,-1,-1,-1,-1,1,1,1,1,-1,-1,1,1,1,1,-1,-1,-1,-1,-1,1,-1,-1,-1,1,-1,1,1,1,1,-1,1,1,-1,1,-1,1,-1,-1,1,-1,1,1,1,1,-1,1,-1,-1,1,1,-1,-1,1,-1,1,1,1,-1,-1,1,-1,-1,1,1,-1,1,1,-1,1,1,-1,-1,1,1,-1,1,-1,-1,-1,1,-1,-1,1,-1,-1,1,1,-1,-1,1,-1,-1,-1,1,-1,-1,1,-1,-1,-1,1,-1,-1,1,-1,-1,-1,1,1,-1,1,1,-1,-1,1,1,-1,-1,1,1,-1,1,-1,-1,1,1,-1,1,-1,1,-1,-1,1,-1,1,-1,1,1,-1,1,-1,-1,1,1,1,-1,1,-1,1,-1,-1,1,1,-1,-1,-1,1,-1,-1,-1,1,1,-1,1,-1,1,-1,1,-1,1,1,-1,1,1,1,-1,-1,1,-1,1,-1,1,1,-1,1,-1,-1,1,1,-1,-1,1,-1,-1,-1,1,-1,-1,1,-1,1,1,1,1,-1,1,-1,-1,1,1,-1,-1,1,-1,-1,-1,1,1,-1,-1,1,1,-1,-1,-1,-1,1,1,1,1,1,1,-1,-1,1,1,-1,1,-1,-1,1,1,1,1,-1,1,-1,1,-1,1,1,1,1,-1,-1,1,1,1,-1,-1,-1,-1,1,1,1,1,-1,-1,-1,1,1,1,-1,-1,-1,-1,1,1,1,1,-1,-1,-1,1,1,1,1,-1,-1,1,1,1,1,1,-1,-1,-1,1,1,-1,1,-1,-1,-1,1,1,1,1,-1,-1,1,1,1,1,1,-1,1,1,-1,1,1,-1,-1,-1,1,1,1,-1,1,-1,1,1,1,1,1,1,-1,-1,1,-1,1,-1,1,-1,-1,1,-1,1,-1,-1,-1,-1,1,-1,1,1,-1,-1,-1,1,1,1,-1,1,-1,-1,1,-1,1,-1,-1,-1,-1,1,1,-1,-1,-1,-1,-1,1,-1,1,-1,-1,-1,-1,-1,-1,-1,1,-1,-1,-1,1,-1,-1,1,-1,-1,-1,-1,-1,-1,1,-1,-1,-1,-1,-1,1,-1,-1,-1,1,-1,-1,1,-1,1,-1,-1,-1,-1,-1,-1,-1,1,-1,-1,-1,1,1,-1,-1,-1,1,1,-1,-1,-1,-1,1,-1,-1,1,-1,1,-1,-1,-1,-1,1,-1,1,1,-1,1,-1,-1,1,1,-1,-1,-1,-1,-1,-1,1,1,-1,-1,1,-1,1,1,-1,-1,-1,1,-1,1,1,-1,-1,1,-1,-1,1,1,1,-1,1,-1,1,1,1,-1,-1,1,-1,-1,1,1,1,-1,1,-1,-1,1,1,-1,1,1,-1,-1,1,1,1,1,1,-1,-1,1,1,-1,1,1,-1,-1,1,1,1,1,1,1,-1,-1,1,1,-1,1,-1,-1,1,-1,1,1,1,1,-1,-1,1,-1,1,1,1,-1,1,1,1,1,-1,1,-1,1,1,1,1,1,1,1,-1,1,1,1,1,-1,1,-1,1,1,1,1,1,-1,1,1,1,1,-1,1,1,-1,1,1,-1,1,1,-1,-1,1,1,1,1,-1,1,-1,1,1,1,-1,-1,1,-1,1,1,1,-1,1,-1,-1,-1,1,1,-1,-1,1,-1,-1,1,1,-1,-1,1,-1,-1,1,1,1,-1,1,-1,-1,1,1,-1,-1,-1,1,-1,1,1,-1,1,1,-1,1,1,-1,-1,1,-1,-1,-1,1,1,-1,1,1,-1,1,1,-1,-1,-1,-1,1,-1,-1,-1,-1,-1,-1,-1,1,1,-1,1,1,-1,1,1,1,1,-1,1,-1,1,1,1,1,-1,1,-1,-1,-1,1,1,-1,1,-1,1,1,1,1,-1,1,-1,1,1,-1,-1,-1,1,-1,-1,1,1,-1,-1,-1,1,-1,1,-1,1,-1,1,-1,-1,1,-2674.0,1,2000,445,1500,False
272,1,1,-1,-1,1,-1,-1,-1,1,1,1,-1,1,1,1,1,-1,1,-1,-1,-1,-1,1,1,1,-1,-1,-1,1,1,1,1,-1,-1,-1,-1,1,-1,1,1,-1,-1,-1,1,1,1,1,-1,1,1,1,1,-1,1,-1,-1,1,-1,1,1,1,-1,-1,-1,1,1,1,1,-1,-1,-1,1,1,1,1,-1,-1,-1,1,1,1,-1,-1,-1,1,1,1,1,-1,-1,-1,1,1,1,1,-1,-1,1,1,-1,1,1,-1,-1,1,1,1,1,1,-1,-1,-1,1,-1,1,1,-1,-1,1,1,1,1,1,1,-1,-1,1,1,-1,1,1,-1,1,1,1,1,1,1,-1,1,1,1,1,1,1,-1,1,1,1,1,1,1,-1,-1,-1,1,1,1,1,-1,1,1,1,1,-1,1,-1,1,-1,1,1,1,-1,-1,1,1,1,1,1,-1,1,-1,-1,1,-1,1,-1,1,1,1,1,1,1,1,1,1,-1,1,-1,1,-1,1,1,-1,1,-1,1,1,-1,1,-1,1,-1,1,-1,1,1,-1,1,-1,1,1,1,1,-1,-1,1,1,-1,-1,1,-1,1,-1,-1,1,-1,1,-1,1,-1,1,-1,1,1,-1,-1,-1,1,1,-1,1,-1,1,1,1,-1,1,1,-1,1,-1,1,-1,1,-1,1,-1,1,1,-1,1,-1,-1,-1,1,1,-1,1,-1,-1,-1,1,1,-1,-1,1,1,-1,-1,1,1,-1,1,1,-1,1,1,1,1,-1,1,-1,1,1,-1,1,-1,1,1,-1,1,1,1,1,1,-1,-1,1,-1,-1,1,1,1,-1,1,1,1,-1,1,-1,-1,1,1,1,1,1,-1,1,1,1,-1,-1,1,-1,1,1,1,-1,1,1,-1,-1,1,1,1,-1,1,-1,1,1,1,-1,1,1,-1,1,1,1,-1,1,-1,-1,1,1,1,-1,1,-1,-1,-1,1,1,-1,1,-1,-1,1,-1,1,-1,1,1,-1,-1,1,1,1,-1,1,-1,-1,1,1,-1,1,-1,1,-1,-1,-1,-1,1,1,-1,-1,1,1,-1,1,1,-1,-1,1,1,1,1,1,-1,1,1,1,-1,1,-1,-1,-1,-1,1,1,1,1,-1,-1,1,1,1,1,-1,-1,-1,-1,-1,1,-1,-1,-1,1,-1,1,1,1,1,-1,1,1,-1,1,-1,1,-1,-1,1,-1,1,1,1,1,-1,1,-1,-1,1,1,-1,-1,1,-1,1,1,1,-1,-1,1,-1,-1,1,1,-1,1,1,-1,1,1,-1,-1,1,1,-1,1,-1,-1,-1,1,-1,1,1,-1,-1,-1,1,-1,-1,1,-1,-1,-1,1,-1,-1,1,1,-1,-1,1,-1,-1,1,-1,-1,-1,-1,1,-1,1,-1,-1,-1,1,1,-1,1,-1,1,-1,1,-1,-1,1,-1,-1,1,1,1,-1,-1,1,-1,1,-1,1,-1,1,1,-1,-1,1,1,1,-1,1,-1,1,-1,1,1,1,-1,-1,-1,1,-1,-1,-1,1,1,-1,1,-1,1,-1,1,-1,1,1,-1,1,1,1,-1,-1,1,-1,1,-1,1,1,-1,1,-1,-1,1,1,-1,-1,1,-1,-1,-1,1,-1,-1,1,-1,1,1,1,1,-1,1,-1,-1,1,1,-1,-1,1,-1,-1,-1,1,1,-1,-1,1,1,-1,-1,-1,-1,1,1,1,1,1,1,-1,-1,1,1,-1,1,-1,-1,1,1,1,1,-1,1,-1,1,-1,1,1,1,1,-1,-1,1,1,1,-1,-1,-1,-1,1,1,1,1,-1,-1,-1,1,1,1,-1,-1,-1,-1,1,1,1,1,-1,-1,1,1,1,1,1,-1,-1,-1,1,1,1,1,-1,-1,-1,1,1,-1,1,-1,-1,-1,1,1,1,1,-1,-1,1,1,1,1,1,-1,1,1,-1,1,1,-1,-1,-1,1,1,1,1,1,-1,1,1,1,1,1,1,-1,-1,1,-1,1,-1,1,-1,-1,1,-1,1,1,-1,-1,-1,1,-1,1,1,-1,1,-1,1,1,1,-1,1,1,-1,1,-1,1,-1,-1,-1,-1,1,1,-1,-1,-1,-1,-1,1,-1,1,-1,-1,-1,-1,-1,-1,-1,1,-1,-1,-1,1,-1,-1,1,-1,-1,-1,-1,-1,1,1,-1,-1,-1,-1,-1,1,-1,-1,-1,1,-1,-1,1,-1,1,-1,-1,-1,-1,-1,-1,-1,1,-1,-1,-1,1,1,-1,-1,-1,1,-1,-1,-1,-1,-1,1,-1,-1,1,-1,1,-1,-1,-1,-1,1,-1,1,1,-1,1,-1,-1,1,1,-1,-1,-1,-1,-1,-1,1,1,-1,-1,1,-1,1,1,-1,-1,-1,1,-1,-1,1,-1,-1,1,-1,-1,1,1,1,-1,1,-1,1,1,1,-1,-1,1,-1,-1,1,-1,1,-1,1,-1,-1,1,1,-1,1,1,-1,-1,1,1,1,1,1,-1,-1,1,1,-1,1,1,-1,-1,1,1,1,1,1,1,-1,-1,1,1,-1,1,-1,-1,1,-1,1,1,1,1,-1,-1,1,-1,1,1,1,-1,1,-1,1,1,-1,1,-1,1,1,1,1,1,1,1,-1,-1,1,1,1,-1,1,-1,1,1,1,1,1,-1,1,-1,1,1,-1,1,1,-1,1,1,-1,1,1,-1,-1,1,1,1,1,-1,1,-1,-1,1,1,-1,-1,1,-1,1,1,1,-1,1,-1,-1,-1,1,1,-1,-1,1,-1,-1,1,1,-1,-1,1,-1,-1,1,1,1,-1,1,-1,-1,1,1,-1,-1,-1,1,-1,-1,1,-1,1,1,-1,1,1,-1,-1,1,-1,-1,-1,1,1,-1,1,1,-1,1,1,-1,-1,-1,-1,1,-1,-1,-1,-1,1,-1,-1,1,1,-1,1,1,-1,1,1,1,1,-1,1,-1,1,1,1,-1,-1,1,-1,-1,1,1,-1,-1,1,-1,1,1,1,-1,-1,1,-1,1,1,1,1,-1,1,-1,-1,1,1,-1,-1,-1,1,-1,1,-1,1,-1,1,-1,-1,1,-2674.0,1,2000,445,1000,False
273,1,1,-1,-1,1,-1,-1,-1,1,1,1,-1,1,1,1,1,-1,1,-1,-1,-1,-1,1,1,1,-1,-1,-1,1,1,1,1,1,-1,-1,-1,1,1,1,1,-1,-1,-1,1,1,1,1,-1,1,1,1,1,-1,1,-1,-1,1,-1,1,1,1,-1,-1,-1,1,1,1,1,-1,-1,-1,1,1,1,1,-1,-1,-1,1,1,1,-1,-1,-1,1,1,1,1,-1,-1,1,1,1,1,1,-1,-1,-1,1,-1,1,1,-1,-1,1,1,1,1,1,-1,-1,-1,1,-1,1,1,-1,-1,1,1,1,1,1,1,-1,-1,1,1,-1,1,1,-1,1,1,1,1,1,1,-1,1,1,1,1,1,1,-1,1,1,1,1,1,1,-1,-1,-1,1,1,1,1,-1,1,1,1,1,-1,1,-1,1,-1,1,1,1,-1,-1,1,1,1,1,1,-1,1,-1,-1,1,-1,1,-1,1,1,1,1,1,1,1,1,1,-1,1,-1,1,-1,1,1,-1,1,-1,1,1,-1,1,-1,1,-1,1,-1,1,1,-1,1,-1,1,1,1,1,-1,-1,1,1,-1,-1,1,-1,1,-1,-1,1,-1,1,-1,1,-1,1,-1,1,1,-1,-1,-1,1,1,-1,1,-1,1,1,1,-1,1,1,-1,-1,-1,1,-1,1,-1,1,-1,1,1,-1,1,-1,-1,-1,1,1,-1,1,-1,-1,-1,1,1,-1,-1,1,1,-1,-1,1,1,-1,1,1,-1,1,1,1,1,-1,1,-1,1,1,-1,1,-1,1,1,-1,1,1,1,1,1,-1,-1,1,-1,-1,-1,1,1,-1,1,1,1,-1,1,-1,-1,1,1,1,-1,1,-1,1,1,1,-1,-1,1,-1,1,1,1,-1,1,1,-1,-1,1,1,1,-1,1,-1,1,1,1,-1,1,1,-1,1,1,1,-1,1,-1,-1,1,1,1,-1,1,-1,-1,-1,1,1,-1,1,-1,-1,1,-1,1,-1,1,1,-1,-1,1,1,1,-1,1,-1,-1,1,1,-1,1,-1,1,-1,-1,-1,-1,1,1,-1,-1,1,1,-1,1,1,-1,-1,1,1,1,1,1,-1,1,1,1,-1,1,-1,-1,-1,-1,1,1,1,1,-1,-1,1,1,1,1,-1,-1,-1,-1,-1,1,-1,-1,-1,1,-1,1,1,-1,1,-1,1,1,-1,1,-1,1,-1,-1,1,-1,1,1,1,1,-1,1,-1,-1,1,1,-1,-1,1,-1,1,1,1,-1,-1,1,-1,-1,1,1,-1,1,1,-1,1,1,-1,-1,1,1,-1,1,-1,-1,-1,1,-1,-1,1,-1,-1,-1,1,-1,-1,1,-1,-1,-1,1,-1,-1,1,-1,-1,-1,1,-1,-1,1,-1,-1,-1,1,1,-1,1,-1,-1,-1,1,1,-1,-1,-1,1,-1,1,-1,-1,1,-1,-1,1,1,1,-1,-1,1,-1,1,-1,1,-1,-1,1,-1,-1,1,1,1,-1,1,-1,1,-1,-1,1,1,-1,-1,-1,1,-1,-1,-1,1,1,-1,1,-1,1,-1,1,-1,1,1,-1,1,1,1,-1,-1,1,-1,1,-1,1,1,-1,1,-1,-1,1,1,-1,-1,1,-1,-1,-1,1,-1,-1,1,-1,1,1,1,1,-1,1,-1,-1,1,1,-1,-1,1,-1,-1,-1,1,1,-1,-1,1,1,-1,1,-1,-1,1,1,1,1,1,1,-1,-1,1,1,-1,1,-1,-1,1,1,1,1,-1,1,-1,1,-1,1,1,1,1,-1,-1,1,1,1,-1,-1,-1,1,1,1,1,1,-1,-1,-1,1,1,1,-1,-1,-1,-1,1,1,1,1,-1,-1,1,1,1,1,1,-1,-1,-1,1,1,1,1,-1,-1,-1,1,1,-1,1,-1,-1,-1,1,1,1,1,-1,-1,1,1,1,1,1,-1,1,1,-1,1,1,-1,-1,-1,1,1,1,-1,1,-1,1,1,1,1,1,1,-1,-1,1,-1,1,-1,1,-1,-1,1,-1,1,-1,-1,-1,-1,1,-1,1,1,-1,-1,-1,1,1,1,-1,1,-1,-1,1,-1,1,-1,-1,-1,-1,1,1,-1,-1,-1,-1,-1,1,-1,1,-1,-1,-1,-1,-1,-1,-1,1,-1,-1,-1,1,-1,-1,1,-1,-1,-1,-1,-1,1,1,-1,-1,-1,-1,-1,1,-1,-1,-1,1,-1,-1,1,-1,1,-1,-1,-1,-1,-1,-1,-1,1,-1,-1,-1,1,1,-1,-1,-1,1,-1,-1,-1,-1,-1,1,-1,-1,1,-1,1,-1,-1,-1,-1,1,-1,1,1,-1,1,-1,-1,1,1,-1,-1,-1,-1,-1,-1,1,1,-1,-1,1,-1,1,1,-1,-1,-1,1,-1,1,1,-1,-1,1,-1,-1,1,1,1,-1,1,-1,1,1,1,-1,-1,1,-1,-1,1,1,1,-1,1,-1,-1,1,1,-1,1,1,-1,-1,1,1,1,1,1,-1,-1,1,1,1,1,1,-1,-1,1,1,1,1,1,1,-1,-1,1,1,1,1,-1,-1,1,-1,1,1,1,1,-1,-1,1,-1,1,1,1,-1,1,1,1,1,-1,1,-1,1,1,1,1,1,1,1,-1,1,1,1,1,-1,1,-1,1,1,1,1,1,-1,1,1,1,1,-1,1,1,-1,1,1,-1,1,1,-1,-1,1,1,1,1,-1,1,-1,1,1,1,-1,-1,1,-1,1,1,1,-1,1,-1,-1,-1,1,1,-1,-1,1,-1,-1,1,1,1,-1,1,-1,-1,1,1,1,-1,1,-1,-1,1,1,-1,-1,-1,1,-1,-1,1,-1,1,1,-1,1,1,-1,-1,1,1,-1,-1,1,1,-1,1,1,-1,1,1,-1,-1,1,-1,1,-1,-1,-1,-1,1,-1,-1,1,1,-1,1,1,-1,1,1,1,1,-1,1,-1,1,1,1,-1,-1,1,-1,-1,1,1,-1,-1,1,-1,1,1,1,-1,-1,1,-1,1,1,1,1,-1,1,-1,-1,1,1,1,-1,-1,1,-1,1,-1,1,-1,1,-1,-1,1,-2674.0,1,2000,445,1500,False
274,1,1,-1,-1,1,1,-1,-1,1,1,1,-1,-1,1,1,1,-1,1,-1,-1,-1,-1,1,1,1,-1,-1,-1,1,1,1,1,-1,-1,-1,-1,1,1,1,1,-1,-1,-1,1,1,1,1,-1,1,1,1,1,-1,1,-1,-1,1,-1,1,1,1,-1,-1,-1,1,1,1,1,-1,-1,-1,1,1,1,1,-1,-1,-1,1,1,1,-1,-1,-1,1,1,1,1,-1,-1,1,1,1,1,1,-1,-1,-1,1,-1,1,1,-1,-1,1,1,1,1,1,-1,-1,-1,1,1,1,1,-1,-1,1,1,1,1,1,1,-1,-1,1,1,-1,1,1,-1,1,1,1,1,1,1,-1,1,1,1,1,1,1,-1,1,1,1,1,1,1,-1,-1,-1,1,1,1,1,-1,1,1,1,1,-1,1,-1,1,-1,1,1,1,-1,-1,1,1,1,1,1,-1,1,-1,-1,1,-1,1,-1,1,1,1,1,1,1,1,1,1,-1,1,-1,1,-1,1,1,-1,1,-1,1,1,-1,1,-1,1,-1,1,-1,1,1,-1,-1,-1,1,1,1,1,-1,-1,1,1,-1,-1,1,-1,1,-1,1,1,-1,1,-1,1,-1,1,-1,-1,1,-1,-1,-1,1,1,-1,1,-1,1,1,1,-1,1,1,-1,1,-1,1,-1,1,-1,1,-1,1,1,-1,1,-1,-1,-1,1,1,-1,1,-1,-1,-1,1,1,-1,-1,1,1,-1,-1,1,1,-1,1,1,-1,1,1,1,1,-1,1,-1,1,1,-1,1,-1,1,1,-1,1,1,1,1,1,-1,-1,1,-1,-1,-1,1,1,-1,1,1,1,-1,1,-1,-1,1,1,1,-1,1,-1,1,1,1,-1,-1,1,-1,1,1,1,-1,1,1,-1,-1,1,1,1,-1,1,-1,1,1,1,-1,1,1,-1,1,1,1,-1,1,-1,-1,1,1,1,-1,1,-1,-1,-1,1,1,-1,1,-1,-1,1,-1,1,-1,1,1,-1,-1,1,1,1,-1,1,-1,-1,1,1,-1,1,-1,1,-1,-1,-1,-1,1,1,-1,-1,1,1,-1,1,1,-1,-1,1,1,1,1,1,-1,1,1,1,-1,1,-1,-1,-1,-1,1,1,1,1,-1,-1,1,1,1,1,-1,-1,-1,-1,-1,1,-1,-1,-1,1,-1,1,1,1,1,-1,1,1,-1,1,-1,1,-1,-1,1,-1,1,1,1,1,-1,1,-1,-1,1,1,-1,-1,1,-1,1,1,1,-1,-1,1,-1,-1,1,1,-1,1,1,-1,1,1,-1,-1,1,1,-1,1,-1,-1,-1,1,-1,-1,1,-1,-1,-1,1,-1,-1,1,-1,-1,-1,1,-1,-1,1,-1,-1,-1,1,-1,-1,1,-1,-1,-1,1,1,-1,1,1,-1,-1,1,1,-1,-1,1,1,-1,1,-1,-1,1,1,-1,1,-1,1,-1,-1,1,-1,1,-1,1,-1,-1,1,-1,-1,1,1,1,-1,1,-1,1,-1,-1,1,1,-1,-1,-1,1,-1,-1,-1,1,1,-1,1,-1,1,-1,1,-1,1,1,-1,1,1,1,-1,-1,1,-1,1,-1,1,1,-1,1,-1,-1,1,1,-1,-1,1,-1,-1,-1,1,-1,-1,1,-1,1,1,1,1,-1,1,-1,-1,1,1,-1,-1,1,-1,-1,-1,1,1,-1,-1,1,1,-1,-1,-1,-1,1,1,1,1,1,1,-1,-1,1,1,-1,1,-1,-1,1,1,1,1,-1,-1,-1,1,-1,1,1,1,-1,-1,-1,1,1,1,-1,-1,-1,-1,1,1,1,1,-1,-1,-1,1,1,1,-1,-1,-1,-1,1,1,1,1,-1,-1,-1,1,1,1,1,-1,-1,1,1,1,1,1,-1,-1,-1,1,1,-1,1,-1,-1,-1,1,1,1,1,-1,-1,1,1,1,1,1,-1,1,1,-1,1,1,-1,-1,-1,1,1,1,-1,1,-1,1,1,1,1,1,1,-1,-1,1,-1,1,-1,1,-1,-1,1,-1,1,1,-1,-1,-1,1,-1,1,1,-1,-1,-1,1,1,1,-1,1,-1,-1,1,-1,1,-1,-1,-1,-1,1,1,-1,-1,-1,-1,-1,1,-1,1,-1,-1,-1,-1,-1,-1,-1,1,-1,-1,-1,1,-1,-1,1,-1,-1,-1,-1,-1,1,1,-1,-1,-1,-1,-1,1,-1,-1,-1,1,-1,-1,1,-1,1,-1,-1,-1,-1,-1,-1,-1,1,-1,-1,-1,1,1,1,-1,-1,-1,1,-1,-1,-1,-1,1,-1,-1,1,-1,1,-1,-1,-1,-1,1,-1,1,1,-1,1,-1,-1,1,1,-1,-1,-1,-1,-1,-1,1,1,-1,-1,1,-1,1,1,-1,-1,-1,1,-1,-1,1,-1,-1,1,-1,-1,1,1,1,-1,1,-1,1,1,1,-1,-1,1,-1,-1,1,1,1,-1,1,-1,-1,1,1,-1,1,1,-1,-1,1,1,1,1,1,-1,-1,1,1,-1,1,1,-1,-1,1,1,1,1,-1,1,-1,-1,1,1,1,1,-1,-1,1,-1,1,1,1,1,-1,-1,1,-1,1,1,1,-1,1,1,1,1,-1,1,-1,1,1,1,1,1,1,1,-1,1,1,1,1,-1,1,-1,1,1,1,1,1,-1,1,1,1,1,-1,1,1,-1,1,1,-1,1,1,-1,-1,1,1,1,1,-1,1,-1,1,1,1,-1,-1,1,-1,1,1,1,-1,1,-1,-1,-1,1,1,-1,-1,1,-1,-1,1,1,-1,-1,1,-1,-1,1,1,1,-1,1,-1,-1,1,1,-1,-1,-1,1,-1,1,1,-1,1,1,-1,1,1,-1,-1,1,-1,-1,-1,1,1,-1,1,1,-1,1,1,-1,-1,1,-1,1,-1,-1,-1,-1,1,-1,-1,1,1,-1,1,1,-1,1,1,1,1,-1,1,-1,1,1,1,-1,-1,1,-1,-1,-1,1,-1,-1,1,-1,1,1,1,-1,-1,1,-1,1,1,1,1,-1,1,-1,-1,1,1,1,-1,-1,1,-1,1,-1,1,-1,1,-1,-1,1,-2674.0,1,2000,445,1500,False
275,1,1,-1,-1,1,-1,-1,-1,1,1,1,-1,1,1,1,1,-1,1,-1,-1,-1,-1,1,1,1,-1,-1,-1,1,1,1,1,-1,-1,-1,-1,1,-1,1,1,-1,-1,-1,1,1,1,1,-1,1,1,1,1,-1,1,-1,-1,1,-1,1,1,1,-1,-1,-1,1,1,1,1,-1,-1,-1,1,1,1,1,-1,-1,-1,1,1,1,-1,-1,-1,1,1,1,1,-1,-1,1,1,1,1,1,-1,-1,-1,1,-1,1,1,-1,-1,1,1,1,1,1,-1,-1,-1,1,1,1,1,-1,-1,1,1,1,1,1,1,-1,-1,1,1,-1,1,1,-1,1,1,1,1,1,1,-1,1,1,1,1,1,1,-1,1,1,1,1,1,1,-1,-1,-1,1,1,1,1,-1,1,1,1,1,-1,1,-1,1,-1,1,1,1,-1,-1,1,1,1,1,1,-1,1,-1,-1,1,-1,1,-1,1,1,1,1,1,1,1,1,1,-1,1,-1,1,-1,1,1,-1,1,-1,1,1,-1,1,-1,1,-1,1,-1,1,1,-1,1,-1,1,1,1,1,-1,-1,1,1,-1,-1,1,-1,1,-1,1,1,-1,1,-1,1,-1,1,-1,1,1,-1,-1,-1,1,1,-1,1,-1,1,1,1,-1,1,1,-1,1,-1,1,-1,1,-1,1,-1,1,1,-1,1,-1,-1,-1,1,1,-1,1,-1,-1,-1,1,1,-1,-1,1,1,-1,-1,1,1,-1,1,1,-1,1,1,1,1,-1,1,-1,1,1,-1,1,-1,1,1,-1,1,1,1,1,1,-1,-1,1,-1,-1,1,1,1,-1,1,1,1,-1,1,-1,-1,1,1,1,1,1,-1,1,1,1,-1,-1,1,-1,1,1,1,-1,1,1,-1,-1,1,1,1,-1,1,-1,1,1,1,-1,1,1,-1,1,1,1,-1,1,-1,-1,1,1,1,-1,1,-1,-1,-1,1,1,-1,1,-1,-1,1,-1,1,-1,1,1,-1,-1,1,1,1,1,1,-1,-1,1,1,-1,1,-1,1,-1,-1,-1,-1,1,1,-1,-1,1,1,-1,1,1,-1,-1,1,1,1,1,1,-1,1,1,1,-1,1,-1,-1,-1,-1,1,1,1,1,-1,-1,1,1,1,1,-1,-1,-1,-1,-1,1,-1,-1,-1,1,-1,1,1,1,1,-1,1,1,-1,1,-1,1,-1,-1,1,-1,1,1,1,1,-1,1,-1,-1,1,1,-1,-1,1,-1,1,1,1,-1,-1,1,-1,-1,1,1,-1,1,1,-1,1,1,-1,-1,1,1,-1,1,-1,-1,-1,1,-1,-1,1,-1,-1,1,1,-1,-1,1,-1,-1,-1,1,-1,-1,1,-1,-1,-1,1,-1,-1,1,-1,-1,-1,1,1,-1,1,-1,-1,-1,1,1,-1,-1,-1,1,-1,1,-1,-1,1,-1,-1,1,-1,1,-1,-1,1,-1,1,-1,1,-1,-1,1,-1,-1,1,1,1,-1,1,-1,1,-1,1,-1,1,-1,-1,-1,1,-1,-1,-1,1,1,-1,1,-1,1,-1,1,-1,1,1,-1,1,1,1,-1,-1,1,-1,1,-1,1,1,-1,1,-1,-1,1,1,-1,-1,1,-1,-1,-1,1,-1,-1,1,-1,1,1,1,1,-1,1,-1,-1,1,1,-1,-1,1,-1,-1,-1,1,1,-1,-1,1,1,-1,-1,-1,-1,1,1,1,1,1,1,-1,-1,1,1,-1,1,-1,-1,1,1,1,1,-1,-1,-1,1,-1,1,1,1,-1,-1,-1,1,1,1,-1,-1,-1,-1,1,1,1,1,-1,-1,-1,1,1,1,-1,-1,-1,-1,1,1,1,1,-1,-1,1,1,1,1,1,-1,-1,-1,1,1,1,1,-1,-1,-1,1,1,-1,1,-1,-1,-1,1,1,1,1,-1,-1,1,1,1,1,1,-1,1,1,-1,1,1,-1,-1,-1,1,1,1,-1,1,-1,1,1,1,1,1,1,-1,-1,1,-1,1,-1,1,-1,-1,1,-1,1,-1,-1,-1,-1,1,-1,1,1,-1,1,-1,1,1,1,-1,1,1,-1,1,-1,1,-1,-1,-1,-1,1,1,-1,-1,-1,-1,-1,1,-1,1,-1,-1,-1,-1,-1,-1,-1,1,-1,-1,-1,1,-1,-1,1,-1,-1,-1,-1,-1,-1,1,-1,-1,-1,-1,-1,1,-1,-1,-1,1,-1,-1,1,-1,1,-1,-1,-1,-1,-1,-1,-1,1,-1,-1,-1,1,1,-1,-1,-1,-1,1,-1,-1,-1,-1,1,-1,-1,1,-1,1,-1,-1,-1,-1,1,-1,1,1,-1,1,-1,-1,1,1,-1,-1,-1,-1,-1,-1,1,1,-1,-1,1,-1,1,1,-1,-1,-1,1,-1,-1,1,-1,-1,1,-1,-1,1,1,1,-1,1,-1,1,1,1,-1,-1,1,-1,-1,1,1,1,-1,1,-1,-1,1,1,-1,1,1,-1,-1,1,1,-1,1,1,-1,-1,1,1,-1,1,1,-1,-1,1,1,1,1,1,1,-1,-1,1,1,-1,1,-1,-1,1,-1,1,1,1,1,-1,-1,1,-1,1,1,1,-1,1,1,1,1,-1,1,-1,1,1,1,1,1,1,1,-1,1,1,1,1,-1,1,-1,1,1,1,1,1,-1,1,1,1,1,-1,1,1,-1,1,1,-1,1,1,-1,-1,1,1,1,1,-1,1,-1,1,1,1,-1,-1,1,-1,1,1,1,-1,1,-1,-1,-1,1,1,-1,-1,1,-1,-1,1,1,-1,-1,1,-1,-1,1,1,1,-1,1,-1,-1,1,1,-1,-1,-1,1,-1,-1,1,-1,1,1,-1,1,1,-1,-1,1,-1,-1,-1,1,1,-1,1,1,-1,1,1,-1,-1,-1,-1,1,-1,-1,-1,-1,1,-1,-1,1,1,-1,1,1,-1,1,1,1,1,-1,1,-1,1,1,1,-1,-1,1,-1,-1,1,1,-1,-1,1,-1,1,1,1,-1,-1,1,-1,1,1,1,1,-1,1,-1,-1,1,1,1,-1,-1,1,-1,1,1,1,-1,1,-1,-1,1,-2674.0,1,2000,445,1500,False
276,1,1,-1,-1,1,1,-1,-1,1,1,1,-1,1,1,1,1,-1,1,-1,-1,-1,-1,1,1,1,-1,-1,-1,1,1,1,1,1,-1,-1,-1,1,-1,1,1,-1,-1,-1,1,1,1,1,-1,1,1,1,1,-1,1,-1,-1,1,-1,1,1,-1,-1,-1,-1,1,1,1,1,-1,-1,-1,1,1,1,1,-1,-1,-1,1,1,1,-1,-1,-1,1,1,1,1,-1,-1,1,1,1,1,1,-1,-1,-1,1,-1,1,1,-1,-1,1,1,1,1,1,-1,-1,-1,1,1,1,1,-1,-1,1,1,1,1,1,1,-1,-1,1,1,-1,1,1,-1,1,1,1,1,1,1,-1,1,1,1,1,1,1,-1,1,1,1,1,1,1,-1,-1,-1,1,1,1,1,-1,1,1,1,1,-1,1,-1,1,-1,1,1,1,-1,-1,1,1,1,1,1,-1,1,-1,-1,1,-1,1,-1,1,1,1,1,1,1,1,1,1,-1,1,-1,1,-1,1,1,-1,1,-1,1,1,-1,1,-1,1,-1,1,-1,1,1,-1,1,-1,1,1,1,1,-1,-1,1,1,-1,-1,1,-1,1,-1,-1,1,-1,1,-1,1,-1,1,-1,-1,1,-1,-1,-1,1,1,-1,1,-1,1,1,1,-1,1,-1,-1,1,-1,1,-1,1,1,1,-1,1,1,-1,1,-1,-1,-1,1,1,-1,1,-1,-1,-1,1,1,-1,-1,1,1,-1,-1,1,1,-1,1,1,-1,1,1,1,1,-1,1,-1,1,1,-1,1,-1,1,1,-1,1,1,1,1,1,-1,-1,1,-1,-1,-1,1,1,-1,1,1,1,-1,1,-1,-1,1,1,1,-1,1,-1,1,1,1,-1,-1,1,-1,1,1,1,-1,1,1,-1,-1,1,1,1,-1,1,-1,1,1,1,-1,1,1,-1,1,1,1,-1,1,-1,-1,1,1,1,-1,1,-1,-1,-1,1,1,-1,1,-1,-1,1,-1,1,-1,1,1,-1,-1,1,1,1,-1,1,-1,-1,1,1,-1,1,-1,1,-1,-1,-1,-1,1,1,-1,-1,1,1,-1,1,1,-1,-1,1,1,1,1,1,-1,1,1,1,-1,1,-1,-1,-1,-1,1,1,1,1,-1,-1,1,1,1,1,-1,-1,-1,-1,-1,1,-1,-1,-1,1,-1,1,1,1,1,-1,1,1,-1,1,-1,1,-1,-1,1,-1,1,1,1,1,-1,1,-1,-1,1,1,-1,-1,1,-1,1,1,1,-1,-1,1,-1,-1,1,1,-1,1,1,-1,1,1,-1,-1,1,1,-1,1,-1,-1,-1,1,-1,-1,1,-1,-1,1,1,-1,-1,1,-1,-1,-1,1,-1,-1,1,-1,-1,-1,1,-1,-1,1,-1,-1,-1,1,1,-1,1,1,-1,-1,1,1,-1,-1,1,1,-1,1,-1,-1,1,1,-1,1,-1,1,-1,-1,1,-1,1,-1,1,-1,-1,1,-1,-1,1,1,1,-1,1,-1,1,-1,1,1,1,-1,-1,-1,1,-1,-1,-1,1,1,-1,1,-1,1,-1,1,-1,1,1,-1,1,1,1,-1,-1,1,-1,1,-1,1,1,-1,1,-1,-1,1,1,-1,-1,1,-1,-1,-1,1,-1,-1,1,-1,1,1,1,1,-1,1,-1,-1,1,1,-1,-1,1,-1,-1,-1,1,1,-1,-1,1,1,-1,1,-1,-1,1,1,1,1,1,1,-1,-1,1,1,-1,1,-1,-1,1,1,1,1,-1,-1,-1,1,-1,1,1,1,1,-1,-1,1,1,1,-1,-1,-1,-1,1,1,1,1,-1,-1,-1,1,1,1,-1,-1,-1,-1,1,1,1,1,-1,-1,1,1,1,1,1,-1,-1,-1,1,1,1,-1,-1,-1,-1,1,1,-1,1,-1,-1,-1,1,1,1,1,-1,-1,1,1,1,1,1,-1,1,1,-1,1,1,-1,-1,-1,1,1,1,-1,1,-1,1,1,1,1,1,1,-1,-1,1,-1,1,-1,1,-1,-1,1,-1,1,-1,-1,-1,-1,1,-1,1,1,-1,1,-1,1,1,1,-1,1,1,-1,1,-1,1,-1,-1,-1,-1,1,1,-1,-1,-1,-1,-1,1,-1,1,-1,-1,-1,-1,-1,-1,-1,1,-1,-1,-1,1,-1,-1,1,-1,-1,-1,-1,-1,-1,1,-1,-1,-1,-1,-1,1,-1,-1,-1,1,-1,-1,1,-1,1,-1,-1,-1,-1,-1,-1,-1,1,-1,-1,-1,1,1,-1,-1,-1,1,-1,-1,-1,-1,-1,1,-1,-1,1,1,1,-1,-1,-1,-1,1,-1,1,1,-1,1,-1,-1,1,1,-1,-1,-1,-1,-1,-1,1,1,-1,-1,1,-1,1,1,-1,-1,-1,1,-1,1,1,-1,-1,1,-1,-1,1,1,1,-1,1,-1,1,1,1,-1,-1,1,-1,-1,1,-1,1,-1,1,-1,-1,1,1,-1,1,1,-1,-1,1,1,1,1,1,-1,-1,1,1,1,1,1,-1,-1,1,1,1,1,-1,1,-1,-1,1,1,-1,1,-1,-1,1,-1,1,1,1,1,-1,-1,1,-1,1,1,1,-1,1,1,1,1,-1,1,-1,1,1,1,1,1,1,1,-1,1,1,1,1,-1,1,-1,1,1,1,1,1,-1,1,1,1,1,-1,1,1,-1,1,1,-1,1,1,-1,-1,1,1,1,1,-1,1,-1,1,1,1,-1,-1,1,-1,1,1,1,-1,1,-1,-1,-1,1,1,-1,-1,1,-1,-1,1,1,-1,-1,1,-1,-1,1,1,1,-1,1,-1,-1,1,1,-1,-1,-1,1,-1,1,1,-1,1,1,-1,1,1,-1,-1,1,1,-1,-1,1,1,-1,1,1,-1,1,1,-1,-1,-1,-1,1,-1,-1,-1,-1,1,-1,-1,1,1,-1,1,1,-1,1,1,1,1,-1,1,-1,1,1,1,-1,-1,1,-1,-1,-1,1,-1,1,1,-1,1,1,1,-1,-1,1,-1,1,1,1,1,-1,1,-1,-1,1,1,1,-1,1,1,-1,1,1,1,-1,1,-1,-1,1,-2674.0,1,2000,445,1000,False
277,1,1,-1,-1,1,-1,-1,-1,1,1,1,-1,1,1,1,1,-1,1,-1,-1,-1,-1,1,1,1,-1,-1,-1,1,1,1,1,-1,-1,-1,-1,1,-1,1,1,-1,-1,-1,1,1,1,1,-1,1,1,1,1,-1,1,-1,-1,1,-1,1,1,1,-1,-1,-1,1,1,1,1,-1,-1,-1,1,1,1,1,-1,-1,-1,1,1,1,-1,-1,-1,1,1,1,1,-1,-1,-1,1,1,1,1,-1,-1,1,1,-1,1,1,-1,-1,1,1,1,1,1,-1,-1,1,1,1,1,1,-1,-1,1,1,1,1,1,1,-1,-1,1,1,-1,1,1,-1,1,1,1,1,1,1,-1,-1,1,1,1,1,1,-1,1,1,1,1,1,1,-1,-1,-1,1,1,1,1,-1,1,1,1,1,-1,1,-1,1,-1,1,1,1,-1,-1,1,1,1,1,1,-1,1,-1,-1,1,-1,1,-1,1,1,1,1,1,1,1,1,1,-1,1,-1,1,-1,1,1,-1,1,-1,1,1,-1,1,-1,1,-1,1,-1,1,1,-1,-1,-1,1,1,1,1,-1,-1,1,1,-1,-1,1,-1,1,-1,1,1,-1,1,-1,1,-1,1,-1,1,1,-1,-1,-1,1,1,-1,1,-1,1,1,1,-1,1,1,-1,-1,-1,1,-1,1,-1,1,-1,1,1,-1,1,-1,-1,-1,1,1,-1,1,-1,-1,-1,1,1,-1,-1,1,1,-1,-1,1,1,-1,1,1,-1,1,1,1,1,-1,1,-1,1,1,-1,1,-1,1,1,-1,1,1,1,1,1,-1,-1,1,-1,-1,-1,1,1,-1,1,1,1,-1,1,-1,-1,1,1,1,-1,1,-1,1,1,1,-1,-1,1,-1,1,1,1,-1,1,1,-1,-1,1,1,1,-1,1,-1,1,1,1,-1,1,1,-1,1,1,1,-1,1,-1,-1,1,1,1,-1,1,-1,-1,-1,1,1,-1,1,-1,-1,1,-1,1,-1,1,1,-1,-1,1,1,1,1,1,-1,-1,1,1,-1,1,-1,1,-1,-1,-1,-1,1,1,-1,-1,1,1,-1,1,1,-1,-1,1,1,1,1,1,-1,1,1,1,-1,1,-1,-1,-1,-1,1,1,1,1,-1,-1,1,1,1,1,-1,-1,-1,-1,-1,1,-1,-1,-1,1,-1,1,1,1,1,1,1,1,-1,1,-1,1,-1,-1,1,-1,1,1,1,1,-1,1,-1,-1,1,1,-1,-1,1,-1,1,1,1,-1,-1,1,-1,-1,1,1,-1,1,1,-1,1,1,-1,-1,1,1,-1,1,-1,-1,-1,1,-1,-1,1,-1,-1,-1,1,-1,-1,1,-1,-1,-1,1,-1,-1,1,-1,-1,-1,1,-1,-1,1,-1,-1,-1,1,1,-1,1,1,-1,-1,1,1,-1,-1,1,1,-1,1,-1,-1,1,-1,-1,1,1,1,-1,-1,1,-1,1,-1,1,-1,-1,1,-1,-1,1,1,1,-1,1,-1,1,-1,1,-1,1,-1,-1,-1,1,-1,-1,-1,1,1,-1,1,-1,1,-1,1,-1,1,1,-1,1,1,1,-1,-1,1,-1,1,-1,1,1,-1,1,-1,-1,1,1,-1,-1,1,-1,-1,-1,1,-1,-1,1,-1,1,1,1,1,-1,1,-1,-1,1,1,-1,-1,1,-1,-1,-1,1,1,-1,-1,1,1,-1,1,-1,-1,1,1,1,-1,1,1,-1,-1,1,1,-1,1,-1,-1,1,1,1,1,-1,-1,-1,1,-1,1,1,1,-1,-1,-1,1,1,1,-1,-1,-1,1,1,1,1,1,-1,-1,-1,1,1,1,-1,-1,-1,-1,1,1,1,1,-1,-1,-1,1,1,1,1,-1,-1,1,1,1,1,1,-1,-1,-1,1,1,-1,1,-1,-1,-1,1,1,1,1,-1,-1,1,1,1,1,1,-1,1,1,-1,1,1,-1,-1,-1,1,1,1,-1,1,-1,1,1,1,1,1,1,-1,-1,1,-1,1,-1,1,-1,-1,1,-1,1,1,-1,-1,-1,1,-1,1,1,-1,1,-1,1,1,1,-1,1,1,-1,1,-1,1,-1,-1,-1,-1,1,1,-1,-1,-1,-1,-1,1,-1,1,-1,-1,-1,-1,-1,-1,-1,1,-1,-1,-1,1,-1,-1,1,-1,-1,-1,-1,-1,1,1,-1,-1,-1,-1,-1,1,-1,-1,-1,1,-1,-1,1,-1,1,-1,-1,-1,-1,-1,-1,-1,1,-1,-1,-1,1,1,1,-1,-1,-1,1,-1,-1,-1,-1,1,-1,-1,1,1,1,-1,-1,-1,-1,1,-1,1,1,-1,1,-1,-1,1,1,-1,-1,-1,-1,-1,-1,1,1,-1,-1,1,-1,1,1,-1,-1,-1,1,-1,-1,1,-1,-1,1,-1,-1,1,1,1,-1,1,-1,1,1,1,-1,-1,1,-1,-1,1,1,1,-1,1,-1,-1,1,1,-1,1,1,-1,-1,1,1,-1,1,1,-1,-1,1,1,-1,1,1,-1,-1,1,1,1,1,1,1,-1,-1,1,1,-1,1,-1,-1,1,-1,1,1,1,1,-1,-1,1,-1,1,1,1,-1,1,1,1,1,-1,1,-1,1,1,1,1,1,1,1,-1,1,1,1,1,-1,1,-1,1,1,1,1,1,-1,1,1,1,1,-1,1,1,-1,1,1,-1,1,1,-1,-1,1,1,1,1,-1,1,-1,1,1,1,-1,-1,1,-1,1,1,1,-1,1,-1,-1,-1,1,1,-1,-1,1,-1,-1,1,1,-1,-1,1,-1,-1,1,1,1,-1,1,-1,-1,1,1,-1,-1,-1,1,-1,-1,1,-1,1,1,-1,1,1,-1,-1,1,-1,-1,-1,1,1,-1,1,1,-1,1,1,-1,-1,-1,-1,1,-1,-1,-1,-1,1,-1,-1,1,1,-1,1,1,-1,1,1,1,1,-1,1,-1,1,1,1,1,-1,1,-1,-1,-1,1,1,-1,1,-1,1,1,1,1,-1,1,-1,1,1,1,-1,-1,1,-1,-1,1,1,-1,-1,-1,1,-1,1,-1,1,-1,1,-1,-1,1,-2674.0,1,2000,445,1500,False
278,1,1,-1,-1,1,1,-1,-1,1,1,1,-1,1,1,1,1,-1,1,-1,-1,1,-1,1,1,1,-1,-1,-1,1,1,1,1,1,-1,-1,-1,1,1,1,1,-1,-1,-1,1,1,1,1,-1,1,1,1,1,-1,1,-1,-1,1,-1,1,1,-1,-1,-1,-1,1,1,1,1,-1,-1,-1,1,1,1,1,-1,-1,-1,1,1,1,-1,-1,-1,1,1,1,1,-1,1,-1,1,1,1,1,-1,-1,1,1,-1,1,1,-1,-1,1,1,1,1,1,-1,-1,1,1,-1,1,1,-1,-1,1,1,1,1,1,1,-1,1,1,1,-1,1,1,-1,1,1,1,1,1,1,-1,-1,1,1,1,1,1,-1,1,1,1,1,1,1,-1,-1,-1,1,1,1,1,-1,1,1,1,1,-1,1,-1,1,-1,1,1,1,-1,-1,1,1,1,1,1,-1,1,-1,-1,1,-1,1,-1,1,1,1,1,1,1,1,1,1,-1,1,-1,1,-1,1,1,-1,1,-1,1,1,-1,1,-1,1,-1,1,-1,1,1,-1,1,-1,1,1,1,1,-1,-1,1,1,-1,-1,1,-1,1,-1,1,1,-1,1,-1,1,-1,1,-1,-1,1,-1,-1,-1,1,1,-1,1,-1,1,1,1,-1,1,1,-1,1,-1,1,-1,1,-1,1,-1,1,1,-1,1,-1,-1,-1,1,1,-1,1,-1,-1,-1,1,1,-1,-1,1,1,-1,-1,1,1,-1,1,1,-1,1,1,1,1,-1,1,-1,1,1,-1,1,-1,1,1,-1,1,1,1,1,1,-1,-1,1,-1,-1,-1,1,1,-1,1,1,1,-1,1,-1,-1,1,1,1,1,1,-1,1,1,1,-1,1,1,-1,1,1,1,-1,1,1,-1,-1,1,1,1,-1,1,-1,1,1,1,-1,1,1,-1,1,1,1,-1,1,-1,-1,1,1,1,-1,1,-1,-1,-1,1,1,-1,1,-1,-1,1,-1,1,-1,1,1,-1,-1,1,1,1,1,1,-1,-1,1,1,-1,1,-1,1,-1,-1,-1,-1,1,1,-1,-1,1,1,-1,1,1,-1,-1,1,1,1,1,1,-1,1,1,1,-1,1,-1,-1,-1,-1,1,1,1,1,-1,-1,1,1,1,1,-1,-1,-1,-1,-1,1,-1,-1,-1,1,-1,1,1,1,1,1,1,1,-1,1,-1,1,-1,-1,1,-1,1,1,1,1,-1,1,-1,-1,1,1,-1,-1,1,-1,1,1,1,-1,-1,1,-1,-1,1,1,-1,1,1,-1,1,1,-1,-1,1,1,-1,1,-1,-1,-1,1,-1,-1,1,-1,-1,-1,1,-1,-1,1,-1,-1,-1,1,-1,-1,1,1,-1,-1,1,-1,-1,1,-1,-1,-1,1,1,-1,1,-1,-1,-1,1,1,-1,-1,-1,1,-1,1,-1,-1,1,-1,-1,1,1,1,-1,-1,1,-1,1,-1,1,-1,-1,1,-1,-1,1,1,1,-1,1,-1,1,-1,-1,-1,1,-1,-1,-1,1,-1,-1,-1,1,1,-1,1,-1,1,-1,1,-1,1,1,-1,1,1,1,-1,-1,1,-1,1,-1,1,1,-1,1,-1,-1,1,1,-1,-1,1,-1,-1,-1,1,-1,-1,1,-1,1,1,1,1,-1,1,-1,-1,1,1,-1,-1,1,-1,-1,-1,1,1,-1,-1,1,1,-1,1,-1,-1,1,1,1,-1,1,1,-1,-1,1,1,-1,1,-1,-1,1,1,1,1,-1,1,-1,1,-1,1,1,1,1,-1,-1,1,1,1,-1,-1,-1,-1,1,1,1,1,-1,-1,-1,1,1,1,-1,-1,-1,-1,1,1,1,1,-1,-1,1,1,1,1,1,-1,-1,-1,1,1,1,1,-1,-1,-1,1,1,-1,1,-1,-1,-1,1,1,1,1,-1,-1,1,1,1,1,1,-1,1,1,-1,1,1,-1,-1,-1,1,1,1,-1,1,-1,1,1,1,1,1,1,-1,-1,1,-1,1,-1,1,-1,-1,1,-1,1,-1,-1,-1,-1,1,-1,1,1,-1,-1,-1,1,1,1,-1,1,-1,-1,1,-1,1,-1,-1,-1,-1,1,1,-1,-1,-1,-1,-1,1,-1,1,-1,-1,-1,-1,-1,-1,-1,1,-1,-1,-1,1,-1,-1,1,-1,-1,-1,-1,-1,-1,1,-1,-1,-1,-1,-1,1,-1,-1,-1,1,-1,-1,1,-1,1,-1,-1,-1,-1,-1,-1,-1,1,-1,-1,-1,1,1,1,-1,-1,-1,1,-1,-1,-1,-1,1,-1,-1,1,1,1,-1,-1,-1,-1,1,-1,1,1,-1,1,-1,-1,1,1,-1,-1,-1,-1,-1,-1,1,1,-1,-1,1,-1,1,1,-1,-1,-1,1,-1,1,1,-1,-1,1,-1,-1,1,1,1,-1,1,-1,1,1,1,-1,-1,1,-1,-1,1,1,1,-1,1,-1,-1,1,1,-1,1,1,-1,-1,1,1,1,1,1,-1,-1,1,1,1,1,1,-1,-1,1,1,1,1,-1,1,-1,-1,1,1,-1,1,-1,-1,1,-1,1,1,1,1,-1,-1,1,-1,1,1,1,-1,1,1,1,1,-1,1,-1,1,1,1,1,1,1,1,-1,1,1,1,1,-1,1,-1,1,1,1,1,1,-1,1,1,1,1,-1,1,1,-1,1,1,-1,1,1,-1,-1,1,1,1,1,-1,1,-1,1,1,1,-1,-1,1,-1,1,1,1,-1,1,-1,-1,-1,1,1,-1,-1,1,-1,-1,1,1,1,-1,1,-1,-1,1,1,1,-1,1,-1,-1,1,1,-1,-1,-1,1,-1,1,1,-1,1,1,-1,1,1,-1,-1,1,-1,-1,-1,-1,1,-1,1,1,-1,1,1,-1,-1,-1,-1,1,-1,-1,-1,-1,-1,-1,-1,1,1,-1,1,1,-1,1,1,1,1,-1,1,-1,1,1,1,1,-1,1,-1,-1,1,1,1,-1,1,-1,1,1,1,1,-1,1,-1,1,1,-1,-1,-1,1,-1,-1,1,1,-1,-1,-1,1,-1,1,-1,1,-1,1,-1,-1,1,-2674.0,1,2000,445,1000,False
279,1,1,-1,-1,1,-1,-1,-1,1,1,1,-1,1,1,1,1,-1,1,-1,-1,-1,-1,1,1,1,-1,1,-1,1,1,1,1,-1,-1,-1,-1,1,-1,1,1,-1,-1,-1,1,1,1,1,-1,1,1,1,1,-1,1,-1,-1,1,-1,1,1,1,-1,-1,-1,1,1,1,1,-1,-1,-1,1,1,1,1,-1,-1,-1,1,1,1,-1,-1,-1,1,1,1,1,-1,-1,-1,1,1,1,1,-1,-1,1,1,-1,1,1,-1,-1,1,1,1,1,1,-1,-1,1,1,-1,1,1,-1,-1,1,1,1,1,1,1,-1,1,1,1,-1,1,1,-1,1,1,1,1,1,1,-1,-1,1,1,1,1,1,-1,1,1,1,1,1,1,-1,-1,-1,1,1,1,1,-1,1,1,1,1,-1,1,-1,1,-1,1,1,1,-1,-1,1,1,1,1,1,-1,1,-1,-1,1,-1,1,-1,1,1,1,1,1,1,1,1,1,-1,1,-1,1,-1,1,1,-1,1,-1,1,1,-1,1,-1,1,-1,1,-1,1,1,-1,1,-1,1,1,1,1,-1,-1,1,1,-1,-1,1,-1,1,-1,-1,1,-1,1,-1,1,-1,1,-1,1,1,-1,-1,-1,1,1,-1,1,-1,1,1,1,-1,1,1,-1,1,-1,1,-1,1,-1,1,-1,1,1,-1,1,-1,-1,-1,1,1,-1,1,-1,-1,-1,1,1,-1,-1,1,1,-1,-1,1,1,-1,1,1,-1,1,1,1,1,-1,1,-1,1,1,-1,1,-1,1,1,-1,1,1,1,1,1,-1,-1,1,-1,-1,1,1,1,-1,1,1,1,-1,1,-1,-1,1,1,1,-1,1,-1,1,1,1,-1,-1,1,-1,1,1,1,-1,1,1,-1,-1,1,1,1,-1,1,-1,1,1,1,-1,1,1,-1,1,1,1,-1,1,-1,-1,1,1,1,-1,1,-1,-1,-1,1,1,-1,1,-1,-1,1,-1,1,-1,1,1,-1,-1,1,1,1,1,1,-1,-1,1,1,-1,1,-1,1,-1,-1,-1,-1,1,1,-1,-1,1,1,-1,1,1,-1,-1,1,1,1,1,1,-1,1,1,1,-1,1,-1,-1,-1,-1,1,1,1,1,-1,-1,1,1,1,1,-1,-1,-1,-1,-1,1,-1,-1,-1,1,-1,1,1,1,1,1,1,1,-1,1,-1,1,-1,-1,1,-1,1,1,1,1,-1,1,-1,-1,1,1,-1,-1,1,-1,1,1,1,-1,-1,1,-1,-1,1,1,-1,1,1,-1,1,1,-1,-1,1,1,-1,1,-1,-1,-1,1,1,-1,1,-1,-1,-1,1,-1,-1,1,-1,-1,-1,1,-1,-1,1,-1,-1,-1,1,-1,-1,1,-1,-1,-1,1,1,-1,1,1,-1,-1,1,1,-1,-1,1,1,-1,1,-1,-1,1,-1,-1,1,-1,1,-1,-1,1,-1,1,-1,1,-1,-1,1,-1,-1,1,1,1,-1,1,-1,1,-1,-1,-1,1,-1,-1,-1,1,-1,-1,-1,1,1,-1,1,-1,1,-1,1,-1,1,1,-1,1,1,1,-1,-1,1,-1,1,-1,1,1,-1,1,-1,-1,1,1,-1,-1,1,-1,-1,-1,1,-1,-1,1,-1,1,1,1,1,-1,1,-1,-1,1,1,-1,-1,1,-1,-1,-1,1,1,-1,-1,1,1,-1,-1,-1,-1,1,1,1,-1,1,1,-1,-1,1,1,-1,1,-1,-1,1,1,1,1,-1,1,-1,1,-1,1,1,1,1,-1,-1,1,1,1,-1,-1,-1,-1,1,1,1,1,-1,-1,-1,1,1,1,-1,-1,-1,-1,1,1,1,1,-1,-1,1,1,1,1,1,-1,-1,-1,1,1,1,1,-1,-1,-1,1,1,-1,1,-1,-1,-1,1,1,1,1,-1,-1,1,1,1,1,1,-1,1,1,-1,1,1,-1,-1,-1,1,1,1,-1,1,-1,1,1,1,1,1,1,-1,-1,1,-1,1,-1,1,-1,-1,1,-1,1,-1,-1,-1,-1,1,-1,1,1,-1,1,-1,1,1,1,-1,1,1,-1,1,-1,1,-1,-1,-1,-1,1,1,-1,-1,-1,-1,-1,1,-1,1,-1,-1,-1,-1,-1,-1,-1,1,-1,-1,-1,1,-1,-1,1,-1,-1,-1,-1,-1,1,1,-1,-1,-1,-1,-1,1,-1,-1,-1,1,-1,-1,1,-1,1,-1,-1,-1,-1,-1,-1,-1,1,-1,-1,-1,1,1,-1,-1,-1,1,-1,-1,-1,-1,-1,1,-1,-1,1,-1,1,-1,-1,-1,-1,1,-1,1,1,-1,1,-1,-1,1,1,-1,-1,-1,-1,-1,-1,1,1,-1,-1,1,-1,1,1,-1,-1,-1,1,-1,1,1,-1,-1,1,-1,-1,1,1,1,-1,1,-1,1,1,1,-1,-1,1,-1,-1,1,1,1,-1,1,-1,-1,1,1,-1,1,1,-1,-1,1,1,-1,1,1,-1,-1,1,1,-1,1,1,-1,-1,1,1,1,1,1,1,-1,-1,1,1,1,1,-1,-1,1,-1,1,1,1,1,-1,-1,1,-1,1,1,1,-1,1,1,1,1,-1,1,-1,1,1,1,1,1,1,1,-1,1,1,1,1,-1,1,-1,1,1,1,1,1,-1,1,1,1,1,-1,1,1,-1,1,1,-1,1,1,-1,-1,1,1,1,1,-1,1,-1,1,1,1,-1,-1,1,-1,1,1,1,-1,1,-1,-1,-1,1,1,-1,-1,1,-1,-1,1,1,1,-1,1,-1,-1,1,1,1,-1,1,-1,-1,1,1,-1,-1,-1,1,-1,-1,1,-1,1,1,-1,1,1,-1,-1,1,-1,-1,-1,1,1,-1,1,1,-1,1,1,-1,-1,-1,-1,1,-1,-1,-1,-1,1,-1,-1,1,1,-1,1,1,-1,1,1,1,1,-1,1,-1,1,1,1,1,-1,1,-1,-1,-1,1,1,-1,1,-1,1,1,1,1,-1,1,-1,1,1,1,-1,-1,1,-1,-1,1,1,-1,-1,-1,1,-1,1,1,1,-1,1,-1,-1,1,-2674.0,1,2000,445,1000,False
280,1,1,-1,-1,1,-1,-1,-1,1,1,1,-1,1,1,1,1,-1,1,-1,-1,1,-1,1,1,1,-1,-1,-1,1,1,1,1,-1,-1,-1,-1,1,1,1,1,-1,-1,-1,1,1,1,1,-1,1,1,1,1,-1,1,-1,-1,1,-1,1,1,1,-1,-1,-1,1,1,1,1,-1,-1,-1,1,1,1,1,-1,-1,-1,1,1,1,-1,-1,-1,1,1,1,1,-1,-1,-1,1,1,1,1,-1,-1,1,1,-1,1,1,-1,-1,1,1,1,1,1,-1,-1,1,1,1,1,1,-1,-1,1,1,1,1,1,1,-1,-1,1,1,-1,1,1,-1,1,1,1,1,1,1,-1,-1,1,1,1,1,1,-1,1,1,1,1,1,1,-1,-1,-1,1,1,1,1,-1,1,1,1,1,-1,1,-1,1,-1,1,1,1,-1,-1,1,1,1,1,1,-1,1,-1,-1,1,-1,1,-1,1,1,1,1,1,1,1,1,1,-1,1,-1,1,-1,1,1,-1,1,-1,1,1,-1,1,-1,1,-1,1,-1,1,1,-1,-1,-1,1,1,1,1,-1,-1,1,1,-1,-1,1,-1,1,-1,-1,1,-1,1,-1,1,-1,1,-1,1,1,-1,-1,-1,1,1,-1,1,-1,1,1,1,-1,1,1,-1,1,-1,1,-1,1,-1,1,-1,1,1,-1,1,-1,-1,-1,1,1,-1,1,-1,-1,-1,1,1,-1,-1,1,1,-1,-1,1,1,-1,1,1,-1,1,1,1,1,-1,1,-1,1,1,-1,1,-1,1,1,-1,1,1,1,1,1,-1,-1,1,-1,-1,-1,1,1,-1,1,1,1,-1,1,-1,-1,1,1,1,-1,1,-1,1,1,1,-1,-1,1,-1,1,1,1,-1,1,1,-1,-1,1,1,1,-1,1,-1,1,1,1,-1,1,1,-1,1,1,1,-1,1,-1,-1,1,1,1,-1,1,-1,-1,-1,1,1,-1,1,-1,-1,1,-1,1,-1,1,1,-1,-1,1,1,1,-1,1,-1,-1,1,1,-1,1,-1,1,-1,-1,-1,-1,1,1,-1,-1,1,1,-1,1,1,-1,-1,1,1,1,1,1,-1,1,1,1,-1,1,-1,-1,-1,-1,1,1,1,1,-1,-1,1,1,1,1,-1,-1,-1,-1,-1,1,-1,-1,-1,1,-1,1,1,1,1,1,1,1,-1,1,-1,1,-1,-1,1,-1,1,1,1,1,-1,1,-1,-1,1,1,-1,-1,1,-1,1,1,1,-1,-1,1,-1,-1,1,1,-1,1,1,-1,1,1,-1,-1,1,1,-1,1,-1,-1,-1,1,-1,-1,1,-1,-1,1,1,-1,-1,1,-1,-1,-1,1,-1,-1,1,1,-1,-1,1,-1,-1,1,-1,-1,-1,1,1,-1,1,1,-1,-1,1,1,-1,-1,-1,1,-1,1,-1,-1,1,-1,-1,1,1,1,-1,-1,1,-1,1,-1,1,1,-1,1,-1,-1,1,1,1,-1,1,-1,1,-1,1,-1,1,-1,-1,-1,1,-1,-1,-1,1,1,-1,1,-1,1,-1,1,-1,1,1,-1,1,1,1,-1,-1,1,-1,1,-1,1,1,-1,1,-1,-1,1,1,-1,-1,1,-1,-1,-1,1,-1,-1,1,-1,1,1,1,1,-1,1,-1,-1,1,1,-1,-1,1,-1,-1,-1,1,1,-1,-1,1,1,-1,-1,-1,-1,1,1,1,-1,1,1,-1,-1,1,1,-1,1,-1,-1,1,1,1,1,-1,-1,-1,1,-1,1,1,1,-1,-1,-1,1,1,1,-1,-1,-1,1,1,1,1,1,-1,-1,-1,1,1,1,-1,-1,-1,-1,1,1,1,1,-1,-1,-1,1,1,1,1,-1,-1,1,1,1,1,1,-1,-1,-1,1,1,-1,1,-1,-1,-1,1,1,1,1,-1,-1,1,1,1,1,1,-1,1,1,-1,1,1,-1,-1,-1,1,1,1,-1,1,-1,1,1,1,1,1,1,-1,-1,1,-1,1,-1,1,-1,-1,1,-1,1,-1,-1,-1,-1,1,-1,1,1,-1,-1,-1,1,1,1,-1,1,-1,-1,1,-1,1,-1,-1,-1,-1,1,1,-1,-1,-1,-1,-1,1,-1,1,-1,-1,-1,-1,-1,-1,-1,1,-1,-1,-1,1,-1,-1,1,-1,-1,-1,-1,-1,1,1,-1,-1,-1,-1,-1,1,-1,-1,-1,1,-1,-1,1,-1,1,-1,-1,-1,-1,-1,-1,-1,1,-1,-1,-1,1,1,-1,-1,-1,1,1,-1,-1,-1,-1,1,-1,-1,1,1,1,-1,-1,-1,-1,1,-1,1,1,-1,1,-1,-1,1,1,-1,-1,-1,-1,-1,-1,1,1,-1,-1,1,-1,1,1,-1,-1,-1,1,-1,1,1,-1,-1,1,-1,-1,1,1,1,-1,1,-1,1,1,1,-1,-1,1,-1,-1,1,1,1,-1,1,-1,-1,1,1,-1,1,1,-1,-1,1,1,1,1,1,-1,-1,1,1,-1,1,1,-1,-1,1,1,1,1,1,1,-1,-1,1,1,-1,1,-1,-1,1,-1,1,1,1,1,-1,-1,1,-1,1,1,1,-1,1,1,1,1,-1,1,-1,1,1,1,1,1,1,1,-1,1,1,1,1,-1,1,-1,1,1,1,1,1,-1,1,1,1,1,-1,1,1,-1,1,1,-1,1,1,-1,-1,1,1,1,1,-1,1,-1,1,1,1,-1,-1,1,-1,1,1,1,-1,1,-1,-1,-1,1,1,-1,-1,1,-1,-1,1,1,-1,-1,1,-1,-1,1,1,1,-1,1,-1,-1,1,1,-1,-1,-1,1,-1,-1,1,-1,1,1,-1,1,1,-1,-1,1,-1,-1,-1,1,1,-1,1,1,-1,1,1,-1,-1,1,-1,1,-1,-1,-1,-1,1,-1,-1,1,1,-1,1,1,-1,1,1,1,1,-1,1,-1,1,1,1,1,-1,1,-1,-1,1,1,1,-1,1,-1,1,1,1,1,-1,1,-1,1,1,-1,-1,-1,1,-1,-1,1,1,-1,-1,-1,1,-1,1,-1,1,-1,1,-1,-1,1,-2674.0,1,2000,445,1000,False
281,1,1,-1,-1,1,1,-1,-1,1,1,1,-1,-1,1,1,1,-1,1,-1,-1,-1,-1,1,1,1,-1,-1,-1,1,1,1,1,1,-1,-1,-1,1,-1,1,1,-1,-1,-1,1,1,1,1,-1,1,1,1,1,-1,1,-1,-1,1,-1,1,1,-1,-1,-1,-1,1,1,1,1,-1,-1,-1,1,1,1,1,-1,-1,-1,1,1,1,-1,-1,-1,1,1,1,1,-1,-1,1,1,1,1,1,-1,-1,-1,1,-1,1,1,-1,-1,1,1,1,1,1,-1,-1,-1,1,1,1,1,-1,-1,1,1,1,1,1,1,-1,-1,1,1,-1,1,1,-1,1,1,1,1,1,1,-1,1,1,1,1,1,1,-1,1,1,1,1,1,1,-1,-1,-1,1,1,1,1,-1,1,1,1,1,-1,1,-1,1,-1,1,1,1,-1,-1,1,1,1,1,1,-1,1,-1,-1,1,-1,1,-1,1,1,1,1,1,1,1,1,1,-1,1,-1,1,-1,1,1,-1,1,-1,1,1,-1,1,-1,1,-1,1,-1,1,1,-1,1,-1,1,1,1,1,-1,-1,1,1,-1,-1,1,-1,1,-1,1,1,-1,1,-1,1,-1,1,-1,-1,1,-1,-1,-1,1,1,-1,1,-1,1,1,1,-1,1,-1,-1,1,-1,1,-1,1,1,1,-1,1,1,-1,1,-1,-1,-1,1,1,-1,1,-1,-1,-1,1,1,-1,-1,1,1,-1,-1,1,1,-1,1,1,-1,1,1,1,1,-1,1,-1,1,1,-1,1,-1,1,1,-1,1,1,1,1,1,-1,-1,1,-1,-1,-1,1,1,-1,1,1,1,-1,1,-1,-1,1,1,1,-1,1,-1,1,1,1,-1,1,1,-1,1,1,1,-1,1,1,-1,-1,1,1,1,-1,1,-1,1,1,1,-1,1,1,-1,1,1,1,-1,1,-1,-1,1,1,1,-1,1,-1,-1,-1,1,1,-1,1,-1,-1,1,-1,1,-1,1,1,-1,-1,1,1,1,-1,1,-1,-1,1,1,-1,1,-1,1,-1,-1,-1,-1,1,1,-1,-1,1,1,-1,1,1,-1,-1,1,1,1,1,1,-1,1,1,1,-1,1,-1,-1,-1,-1,1,1,1,1,-1,-1,1,1,1,1,-1,-1,-1,-1,-1,1,-1,-1,-1,1,-1,1,1,1,1,1,1,1,-1,1,-1,1,-1,-1,1,-1,1,1,1,1,-1,1,-1,-1,1,1,-1,-1,1,-1,1,1,1,-1,-1,1,-1,-1,1,1,-1,1,1,-1,1,1,-1,-1,1,1,-1,1,-1,-1,-1,1,-1,1,1,-1,-1,1,1,-1,-1,1,-1,-1,-1,1,-1,-1,1,1,-1,-1,1,-1,-1,1,-1,-1,-1,1,1,-1,1,1,-1,-1,1,1,-1,1,-1,1,-1,1,-1,-1,1,-1,-1,1,1,1,-1,-1,1,-1,1,-1,1,-1,1,1,-1,-1,1,1,1,-1,1,-1,1,-1,1,-1,1,-1,-1,-1,1,-1,-1,-1,1,1,-1,1,-1,1,-1,1,-1,1,1,-1,1,1,1,-1,-1,1,-1,1,-1,1,1,-1,1,-1,-1,1,1,-1,-1,1,-1,-1,-1,1,-1,-1,1,-1,1,1,1,1,-1,1,-1,-1,1,1,-1,-1,1,-1,-1,-1,1,1,-1,-1,1,1,-1,-1,-1,-1,1,1,1,-1,1,1,-1,-1,1,1,-1,1,-1,-1,1,1,1,1,-1,-1,-1,1,-1,1,1,1,1,-1,-1,1,1,1,-1,-1,-1,-1,1,1,1,1,-1,-1,-1,1,1,1,-1,-1,-1,-1,1,1,1,1,-1,-1,1,1,1,1,1,-1,-1,-1,1,1,1,1,-1,-1,-1,1,1,-1,1,-1,-1,-1,1,1,1,1,-1,-1,1,1,1,1,1,-1,1,1,-1,1,1,-1,-1,-1,1,1,1,-1,1,-1,1,1,1,1,1,1,-1,-1,1,-1,1,-1,1,-1,-1,1,-1,1,1,-1,-1,-1,1,-1,1,1,-1,1,-1,1,1,1,-1,1,1,-1,1,-1,1,-1,-1,-1,-1,1,1,-1,-1,-1,-1,-1,1,-1,1,-1,-1,-1,-1,-1,-1,-1,1,-1,-1,-1,1,-1,-1,1,-1,-1,-1,-1,-1,1,1,-1,-1,-1,-1,-1,1,-1,-1,-1,1,-1,-1,1,-1,1,-1,-1,-1,-1,-1,-1,-1,1,-1,-1,-1,1,1,1,-1,-1,-1,1,-1,-1,-1,-1,1,-1,-1,1,-1,1,-1,-1,-1,-1,1,-1,1,1,-1,1,-1,-1,1,1,-1,-1,-1,-1,-1,-1,1,1,-1,-1,1,-1,1,1,-1,-1,-1,1,-1,1,1,-1,-1,1,-1,-1,1,1,1,-1,1,-1,1,1,1,-1,-1,1,-1,-1,1,1,1,-1,1,-1,-1,1,1,-1,1,1,-1,-1,1,1,1,1,1,-1,-1,1,1,1,1,1,-1,-1,1,1,1,1,-1,1,-1,-1,1,1,-1,1,-1,-1,1,-1,1,1,1,1,-1,-1,1,-1,1,1,1,-1,1,-1,1,1,-1,1,-1,1,1,1,1,1,1,1,-1,-1,1,1,1,-1,1,-1,1,1,1,1,1,-1,1,-1,1,1,-1,1,1,-1,1,1,-1,1,1,-1,-1,1,1,1,1,-1,1,-1,-1,1,1,-1,-1,1,-1,1,1,1,-1,1,-1,-1,-1,1,1,-1,-1,1,-1,-1,1,1,1,-1,1,-1,-1,1,1,1,-1,1,-1,-1,1,1,-1,-1,-1,1,-1,1,1,-1,1,1,-1,1,1,-1,-1,1,-1,-1,-1,1,1,-1,1,1,-1,1,1,-1,-1,-1,-1,1,-1,-1,-1,-1,1,-1,-1,1,1,-1,1,1,-1,1,1,1,1,-1,1,-1,1,1,1,-1,-1,1,-1,-1,1,1,-1,1,1,-1,1,1,1,-1,-1,1,-1,1,1,1,1,-1,1,-1,-1,1,1,1,-1,1,1,-1,1,-1,1,-1,1,-1,-1,1,-2674.0,1,2000,445,1000,False
282,1,1,-1,-1,1,1,-1,-1,1,1,1,-1,-1,1,1,1,-1,1,-1,-1,-1,-1,1,1,1,-1,-1,-1,1,1,1,1,1,-1,-1,-1,1,-1,1,1,-1,-1,-1,1,1,1,1,-1,1,1,1,1,-1,1,-1,-1,1,-1,1,1,-1,-1,-1,-1,1,1,1,1,-1,-1,-1,1,1,1,1,-1,-1,-1,1,1,1,-1,-1,-1,1,1,1,1,-1,-1,1,1,1,1,1,-1,-1,-1,1,-1,1,1,-1,-1,1,1,1,1,1,-1,-1,-1,1,1,1,1,-1,-1,1,1,1,1,1,1,-1,-1,1,1,-1,1,1,-1,1,1,1,1,1,1,-1,1,1,1,1,1,1,-1,1,1,1,1,1,1,-1,-1,-1,1,1,1,1,-1,1,1,1,1,-1,1,-1,1,-1,1,1,1,-1,-1,1,1,1,1,1,-1,1,-1,-1,1,-1,1,-1,1,1,1,1,1,1,1,1,1,-1,1,-1,1,-1,1,1,-1,1,-1,1,1,-1,1,-1,1,-1,1,-1,1,1,-1,-1,-1,1,1,1,1,-1,-1,1,1,-1,-1,1,-1,1,-1,1,1,-1,1,-1,1,-1,1,-1,1,1,-1,-1,-1,1,1,-1,1,-1,1,1,1,-1,1,1,-1,1,-1,1,-1,1,-1,1,-1,1,1,-1,1,-1,-1,-1,1,1,-1,1,-1,-1,-1,1,1,-1,-1,1,1,-1,-1,1,1,-1,1,1,-1,1,1,1,1,-1,1,-1,1,1,-1,1,-1,1,1,-1,1,1,-1,-1,1,-1,-1,1,-1,-1,-1,1,1,-1,1,1,1,-1,1,-1,-1,1,1,1,1,1,-1,1,1,1,1,-1,1,-1,1,1,1,-1,1,1,-1,-1,1,1,1,-1,1,-1,1,1,1,-1,1,1,-1,1,1,1,-1,1,-1,-1,1,1,1,1,1,-1,-1,-1,1,1,-1,1,-1,-1,1,-1,1,-1,1,1,-1,-1,1,1,1,-1,1,-1,-1,1,1,-1,1,-1,1,-1,-1,-1,-1,1,1,-1,-1,1,1,-1,1,1,-1,-1,1,1,1,1,1,-1,1,1,1,-1,1,-1,-1,-1,-1,1,1,1,1,-1,-1,1,1,1,1,-1,-1,-1,-1,-1,1,-1,-1,-1,1,-1,1,1,1,1,1,1,1,-1,1,-1,1,-1,-1,1,-1,1,1,1,1,-1,1,-1,-1,1,1,-1,-1,1,-1,1,1,1,-1,-1,1,-1,-1,1,1,-1,1,1,-1,1,1,-1,-1,1,1,-1,1,-1,-1,-1,1,1,-1,1,-1,-1,1,1,-1,-1,1,-1,-1,-1,1,-1,-1,1,-1,-1,-1,1,-1,-1,1,-1,-1,-1,1,1,-1,1,1,-1,-1,1,1,-1,-1,1,1,-1,1,-1,-1,1,-1,-1,1,1,1,-1,-1,1,-1,1,-1,1,-1,-1,1,-1,-1,1,1,1,-1,1,-1,1,-1,-1,-1,1,-1,-1,-1,1,-1,-1,-1,1,1,-1,1,-1,1,-1,1,-1,1,1,-1,1,1,1,-1,-1,1,-1,1,-1,1,1,-1,1,-1,-1,1,1,-1,-1,1,-1,-1,-1,1,-1,-1,1,-1,1,1,1,1,-1,1,-1,-1,1,1,-1,-1,1,-1,-1,-1,1,1,-1,-1,1,1,-1,1,-1,-1,1,1,1,-1,1,1,-1,-1,1,1,-1,1,-1,-1,1,1,1,1,-1,-1,-1,1,-1,1,1,1,1,-1,-1,1,1,1,-1,-1,-1,-1,1,1,1,1,-1,-1,-1,1,1,1,-1,-1,-1,-1,1,1,1,1,-1,-1,-1,1,1,1,1,-1,-1,1,1,1,1,1,-1,-1,-1,1,1,-1,1,-1,-1,-1,1,1,1,1,-1,-1,1,1,1,1,1,-1,1,1,-1,1,1,-1,-1,-1,1,1,1,-1,1,-1,1,1,1,1,1,1,-1,-1,1,-1,1,-1,1,-1,-1,1,-1,1,1,-1,-1,-1,1,-1,1,1,-1,1,-1,1,1,1,-1,1,1,-1,1,-1,1,-1,-1,-1,-1,1,1,-1,-1,-1,-1,-1,1,-1,1,-1,-1,-1,-1,-1,-1,-1,1,-1,-1,-1,1,-1,-1,1,-1,-1,-1,-1,-1,1,1,-1,-1,-1,-1,-1,1,-1,-1,-1,1,-1,-1,1,-1,1,-1,-1,-1,-1,-1,-1,-1,1,-1,-1,-1,1,1,1,-1,-1,-1,1,-1,-1,-1,-1,1,-1,-1,1,-1,1,-1,-1,-1,-1,1,-1,1,1,-1,1,-1,-1,1,1,-1,-1,-1,-1,-1,-1,1,1,-1,-1,1,-1,1,1,-1,-1,-1,1,-1,1,1,-1,-1,1,-1,-1,1,1,1,-1,1,-1,1,1,1,-1,-1,1,-1,-1,1,1,1,-1,1,-1,-1,1,1,-1,1,1,-1,-1,1,1,1,1,1,-1,-1,1,1,1,1,1,-1,-1,1,1,1,1,1,1,-1,-1,1,1,1,1,-1,-1,1,-1,1,1,1,1,-1,-1,1,-1,1,1,1,-1,1,1,1,1,-1,1,-1,1,1,1,1,1,1,1,-1,1,1,1,1,-1,1,-1,1,1,1,1,1,-1,1,1,1,1,-1,-1,1,-1,1,1,-1,1,1,-1,-1,1,1,1,-1,1,1,-1,1,1,1,-1,-1,1,-1,1,1,1,-1,1,-1,-1,-1,1,1,-1,-1,1,-1,-1,1,1,1,-1,1,-1,-1,1,1,1,1,-1,-1,-1,1,1,-1,-1,-1,1,-1,1,1,-1,1,1,-1,1,1,-1,-1,1,1,-1,-1,1,1,-1,1,1,-1,1,1,-1,-1,-1,-1,1,-1,-1,-1,-1,1,-1,-1,1,1,-1,1,1,-1,1,1,1,1,-1,1,-1,1,1,1,-1,-1,1,-1,-1,-1,1,-1,-1,1,-1,1,1,1,-1,-1,1,-1,1,1,1,1,-1,1,-1,-1,1,1,1,-1,-1,1,-1,1,-1,1,-1,1,-1,-1,1,-2674.0,1,2000,445,1500,False
283,1,1,-1,-1,1,1,-1,-1,1,1,1,-1,-1,1,1,1,-1,1,-1,-1,-1,-1,1,1,1,-1,-1,-1,1,1,1,1,1,-1,-1,-1,1,-1,1,1,-1,-1,-1,1,1,1,1,-1,1,1,1,1,-1,1,-1,-1,1,-1,1,1,-1,-1,-1,-1,1,1,1,1,-1,-1,-1,1,1,1,1,-1,-1,-1,1,1,1,-1,-1,-1,1,1,1,1,-1,-1,1,1,1,1,1,-1,-1,-1,1,-1,1,1,-1,-1,1,1,1,1,1,-1,-1,-1,1,1,1,1,-1,-1,1,1,1,1,1,1,-1,-1,1,1,-1,1,1,-1,1,1,1,1,1,1,-1,1,1,1,1,1,1,-1,1,1,1,1,1,1,-1,-1,-1,1,1,1,1,-1,1,1,1,1,-1,1,-1,1,-1,1,1,1,-1,-1,1,1,1,1,1,-1,1,-1,-1,1,-1,1,-1,1,1,1,1,1,1,1,1,1,-1,1,-1,1,-1,1,1,-1,1,-1,1,1,-1,1,-1,1,-1,1,-1,1,1,-1,1,-1,1,1,1,1,-1,-1,1,1,-1,-1,1,-1,1,-1,-1,1,-1,1,-1,1,-1,1,-1,-1,1,-1,1,-1,1,1,-1,1,-1,1,1,1,-1,1,1,-1,1,-1,1,-1,1,-1,1,-1,1,1,-1,1,-1,-1,-1,1,1,-1,1,-1,-1,-1,1,1,-1,-1,1,1,-1,-1,1,1,-1,1,1,-1,1,1,1,1,-1,1,-1,1,1,-1,1,-1,1,1,-1,1,1,1,1,1,-1,-1,1,-1,-1,-1,1,1,-1,1,1,1,-1,1,-1,-1,1,1,1,1,1,-1,1,1,1,-1,1,1,-1,1,1,1,-1,1,1,-1,-1,1,1,1,-1,1,-1,1,1,1,-1,1,1,-1,1,1,1,-1,1,-1,-1,1,1,1,-1,1,-1,-1,-1,1,1,-1,1,-1,-1,1,-1,1,-1,1,1,-1,-1,1,1,1,-1,1,-1,-1,1,1,-1,1,-1,1,-1,-1,-1,-1,1,1,-1,-1,1,1,-1,1,1,-1,-1,1,1,1,1,1,-1,1,1,1,-1,1,-1,-1,-1,-1,1,1,1,1,-1,-1,1,1,1,1,-1,-1,-1,-1,-1,1,-1,-1,-1,1,-1,1,1,-1,1,-1,1,1,-1,1,-1,1,-1,-1,1,-1,1,1,1,1,-1,1,-1,-1,1,1,-1,-1,1,-1,1,1,1,-1,-1,1,-1,-1,1,1,-1,1,1,-1,1,1,-1,-1,1,1,-1,1,-1,-1,-1,1,-1,-1,1,-1,-1,1,1,-1,-1,1,-1,-1,-1,1,-1,-1,1,-1,-1,-1,1,-1,-1,1,-1,-1,-1,1,1,-1,1,-1,-1,-1,1,1,-1,-1,-1,1,-1,1,-1,-1,1,-1,-1,1,-1,1,-1,-1,1,-1,1,-1,1,-1,-1,1,-1,-1,1,1,1,-1,1,-1,1,-1,1,-1,1,-1,-1,-1,1,-1,-1,-1,1,1,-1,1,-1,1,-1,1,-1,1,1,-1,1,1,1,-1,-1,1,-1,1,-1,1,1,-1,1,-1,-1,1,1,-1,-1,1,-1,-1,-1,1,-1,-1,1,-1,1,1,1,1,-1,1,-1,-1,1,1,-1,-1,1,-1,-1,-1,1,1,-1,-1,1,1,-1,-1,-1,-1,1,1,1,1,1,1,-1,-1,1,1,-1,1,-1,-1,-1,1,1,1,-1,-1,-1,1,-1,1,1,1,1,-1,-1,1,1,1,-1,-1,-1,-1,1,1,1,1,-1,-1,-1,1,1,1,-1,-1,-1,-1,1,1,1,1,-1,-1,1,1,1,1,1,-1,-1,-1,1,1,1,1,-1,-1,-1,1,1,-1,1,-1,-1,-1,1,1,1,1,-1,-1,1,1,1,1,1,-1,1,1,-1,1,1,-1,-1,-1,1,1,1,-1,1,-1,1,1,1,1,1,1,-1,-1,1,-1,1,-1,1,-1,-1,1,-1,1,-1,-1,-1,-1,1,-1,1,1,-1,1,-1,1,1,1,-1,1,1,-1,1,-1,1,-1,-1,-1,-1,1,1,-1,-1,-1,-1,-1,1,-1,1,-1,-1,-1,-1,-1,-1,-1,1,-1,-1,-1,1,-1,-1,1,-1,-1,-1,-1,-1,-1,1,-1,-1,-1,-1,-1,1,-1,-1,-1,1,-1,-1,1,-1,1,-1,-1,-1,-1,-1,-1,-1,1,-1,-1,-1,1,1,-1,-1,-1,1,-1,-1,-1,-1,-1,1,-1,-1,1,-1,1,-1,-1,-1,-1,1,-1,1,1,-1,1,-1,-1,1,1,-1,-1,-1,-1,-1,-1,1,1,-1,-1,1,-1,1,1,-1,-1,-1,1,-1,1,1,-1,-1,1,-1,-1,1,1,1,-1,1,-1,1,1,1,-1,-1,1,-1,-1,1,1,1,-1,1,-1,-1,1,1,-1,1,1,-1,-1,1,1,1,1,1,-1,-1,1,1,1,1,1,-1,-1,1,1,1,1,-1,1,-1,-1,1,1,-1,1,-1,-1,1,-1,1,1,1,1,-1,-1,1,-1,1,1,1,-1,1,1,1,1,-1,1,-1,1,1,1,1,1,1,1,-1,1,1,1,1,-1,1,-1,1,1,1,1,1,-1,1,1,1,1,-1,1,1,-1,1,1,-1,1,1,-1,-1,1,1,1,1,-1,1,-1,1,1,1,-1,-1,1,-1,1,1,1,-1,1,-1,-1,-1,1,1,-1,-1,1,-1,-1,1,1,1,-1,1,-1,-1,1,1,1,-1,1,-1,-1,1,1,-1,-1,-1,1,-1,1,1,-1,1,1,-1,1,1,-1,-1,1,1,-1,-1,1,1,-1,1,1,-1,1,1,-1,-1,-1,-1,1,-1,-1,-1,-1,-1,-1,-1,1,1,-1,1,1,-1,1,1,1,1,-1,1,-1,1,1,1,-1,-1,1,-1,1,1,1,-1,-1,1,-1,-1,1,1,-1,-1,1,-1,1,1,1,1,-1,1,-1,-1,1,1,1,-1,-1,1,-1,1,-1,1,-1,1,-1,-1,1,-2674.0,1,2000,445,1000,False
284,1,1,-1,-1,1,-1,-1,-1,1,1,1,-1,1,1,1,1,-1,1,-1,-1,-1,-1,1,1,1,-1,1,-1,1,1,1,1,-1,-1,-1,-1,1,1,1,1,-1,-1,-1,1,1,1,1,-1,1,1,1,1,-1,1,-1,-1,1,-1,1,1,1,-1,-1,-1,1,1,1,1,-1,-1,-1,1,1,1,1,-1,-1,-1,1,1,1,-1,-1,-1,1,1,1,1,-1,-1,-1,1,1,1,1,-1,-1,1,1,-1,1,1,-1,-1,1,1,1,1,1,-1,-1,-1,1,1,1,1,-1,-1,1,1,1,1,1,1,-1,-1,1,1,-1,1,1,-1,1,1,1,1,1,1,-1,1,1,1,1,1,1,-1,1,1,1,1,1,1,-1,-1,-1,1,1,1,1,-1,1,1,1,1,-1,1,-1,1,-1,1,1,1,-1,-1,1,1,1,1,1,-1,1,-1,-1,1,-1,1,-1,1,1,1,1,1,1,1,1,1,-1,1,-1,1,-1,1,1,-1,1,-1,1,1,-1,1,-1,1,-1,1,-1,1,1,-1,1,-1,1,1,1,1,-1,-1,1,1,-1,-1,1,-1,1,-1,1,1,-1,1,-1,1,-1,1,-1,1,1,-1,-1,-1,1,1,-1,1,-1,1,1,1,-1,1,1,-1,1,-1,1,-1,1,-1,1,-1,1,1,-1,1,-1,-1,-1,1,1,-1,1,-1,-1,-1,1,1,-1,-1,1,1,-1,-1,1,1,-1,1,1,-1,1,1,1,1,-1,1,-1,1,1,-1,1,-1,1,1,-1,1,1,1,1,1,-1,-1,1,-1,-1,1,1,1,-1,1,1,1,-1,1,-1,-1,1,1,1,-1,1,-1,1,1,1,-1,1,1,-1,1,1,1,-1,1,1,-1,-1,1,1,1,-1,1,-1,1,1,1,-1,1,1,-1,1,1,1,-1,1,-1,-1,1,1,1,-1,1,-1,-1,-1,1,1,-1,1,-1,-1,1,-1,1,-1,1,1,-1,-1,1,1,1,-1,1,-1,-1,1,1,-1,1,-1,1,-1,-1,-1,-1,1,1,-1,-1,1,1,-1,1,1,-1,-1,1,1,1,1,1,-1,1,1,1,-1,1,-1,-1,-1,-1,1,1,1,1,-1,-1,1,1,1,1,-1,-1,-1,-1,-1,1,-1,-1,-1,1,-1,1,1,1,1,-1,1,1,-1,1,-1,1,-1,-1,1,-1,1,1,1,1,-1,1,-1,-1,1,1,-1,-1,1,-1,1,1,1,-1,-1,1,-1,-1,1,1,-1,1,1,-1,1,1,-1,-1,1,1,-1,1,-1,-1,-1,1,-1,-1,1,-1,-1,-1,1,-1,-1,1,-1,-1,-1,1,-1,-1,1,1,-1,-1,1,-1,-1,1,-1,-1,-1,1,1,-1,1,1,-1,-1,1,1,-1,-1,-1,1,-1,1,-1,-1,1,-1,-1,1,1,1,-1,-1,1,-1,1,-1,1,-1,-1,1,-1,-1,1,1,1,-1,1,-1,1,-1,1,-1,1,-1,-1,-1,1,-1,-1,-1,1,1,-1,1,-1,1,-1,1,-1,1,1,-1,1,1,1,-1,-1,1,-1,1,-1,1,1,-1,1,-1,-1,1,1,-1,-1,1,-1,-1,-1,1,-1,-1,1,-1,1,1,1,1,-1,1,-1,-1,1,1,-1,-1,1,-1,-1,-1,1,1,-1,-1,1,1,-1,-1,-1,-1,1,1,1,1,1,1,-1,-1,1,1,-1,1,-1,-1,1,1,1,1,-1,-1,-1,1,-1,1,1,1,1,-1,-1,1,1,1,-1,-1,-1,-1,1,1,1,1,-1,-1,-1,1,1,1,-1,-1,-1,-1,1,1,1,1,-1,-1,1,1,1,1,1,-1,-1,-1,1,1,1,1,-1,-1,-1,1,1,-1,1,-1,-1,-1,1,1,1,1,-1,-1,1,1,1,1,1,-1,1,1,-1,1,1,-1,-1,-1,1,1,1,1,1,-1,1,1,1,1,1,1,-1,-1,1,-1,1,-1,1,-1,-1,1,-1,1,-1,-1,-1,-1,1,-1,1,1,-1,-1,-1,1,1,1,-1,1,-1,-1,1,-1,1,-1,-1,-1,-1,1,1,-1,-1,-1,-1,-1,1,-1,1,-1,-1,-1,-1,-1,-1,-1,1,-1,-1,-1,1,-1,-1,1,-1,-1,-1,-1,-1,1,1,-1,-1,-1,-1,-1,1,-1,-1,-1,1,-1,-1,1,-1,1,-1,-1,-1,-1,-1,-1,-1,1,-1,-1,-1,1,1,1,-1,-1,-1,1,-1,-1,-1,-1,1,-1,-1,1,-1,1,-1,-1,-1,-1,1,-1,1,1,-1,1,-1,-1,1,1,-1,-1,-1,-1,-1,-1,1,1,-1,-1,1,-1,1,1,-1,-1,-1,1,-1,-1,1,-1,-1,1,-1,-1,1,1,1,-1,1,-1,1,1,1,-1,-1,1,-1,-1,1,1,1,-1,1,-1,-1,1,1,-1,1,1,-1,-1,1,1,1,1,1,-1,-1,1,1,-1,1,1,-1,-1,1,1,1,1,1,1,-1,-1,1,1,1,1,-1,-1,1,-1,1,1,1,1,-1,-1,1,-1,1,1,1,-1,1,1,1,1,-1,1,-1,1,1,1,1,1,1,1,-1,1,1,1,1,-1,1,-1,1,1,1,1,1,-1,1,1,1,1,-1,1,1,-1,1,1,-1,1,1,-1,-1,1,1,1,1,-1,1,-1,1,1,1,-1,-1,1,-1,1,1,1,-1,1,-1,-1,-1,1,1,-1,-1,1,-1,-1,1,1,-1,-1,1,-1,-1,1,1,1,-1,1,-1,-1,1,1,-1,-1,-1,1,-1,-1,1,-1,1,1,-1,1,1,-1,-1,1,-1,-1,-1,1,1,-1,1,1,-1,1,1,-1,-1,-1,-1,1,-1,-1,-1,-1,1,-1,-1,1,1,-1,1,1,-1,1,1,1,1,-1,1,-1,1,1,1,-1,-1,1,-1,-1,1,1,-1,-1,1,-1,1,1,1,-1,-1,1,-1,1,1,1,1,-1,1,-1,-1,1,1,-1,-1,-1,1,-1,1,1,1,-1,1,-1,-1,1,-2674.0,1,2000,445,1500,False
285,1,1,-1,-1,1,-1,-1,-1,1,1,1,-1,1,1,1,1,-1,1,-1,-1,-1,-1,1,1,1,-1,-1,-1,1,1,1,1,-1,-1,-1,-1,1,-1,1,1,-1,-1,-1,1,1,1,1,-1,1,1,1,1,-1,1,-1,-1,1,-1,1,1,1,-1,-1,-1,1,1,1,1,-1,-1,-1,1,1,1,1,-1,-1,-1,1,1,1,-1,-1,-1,1,1,1,1,-1,-1,-1,1,1,1,1,-1,-1,1,1,-1,1,1,-1,-1,1,1,1,1,1,-1,-1,1,1,-1,1,1,-1,-1,1,1,1,1,1,1,-1,1,1,1,-1,1,1,-1,1,1,1,1,1,1,-1,-1,1,1,1,1,1,-1,1,1,1,1,1,1,-1,-1,-1,1,1,1,1,-1,1,1,1,1,-1,1,-1,1,-1,1,1,1,-1,-1,1,1,1,1,1,-1,1,-1,-1,1,-1,1,-1,1,1,1,1,1,1,1,1,1,-1,1,-1,1,-1,1,1,-1,1,-1,1,1,-1,1,-1,1,-1,1,-1,1,1,-1,-1,-1,1,1,1,1,-1,-1,1,1,-1,-1,1,-1,1,-1,-1,1,-1,1,-1,1,-1,1,-1,-1,1,-1,-1,-1,1,1,-1,1,-1,1,1,1,-1,1,1,-1,1,-1,1,-1,1,-1,1,-1,1,1,-1,1,-1,-1,-1,1,1,-1,1,-1,-1,-1,1,1,-1,-1,1,1,-1,-1,1,1,-1,1,1,-1,1,1,1,1,-1,1,-1,1,1,-1,1,-1,1,1,-1,1,1,1,1,1,-1,-1,1,-1,-1,-1,1,1,-1,1,1,1,-1,1,-1,-1,1,1,1,1,1,-1,1,1,1,-1,-1,1,-1,1,1,1,-1,1,1,-1,-1,1,1,1,-1,1,-1,1,1,1,-1,1,1,-1,1,1,1,-1,1,-1,-1,1,1,1,-1,1,-1,-1,-1,1,1,-1,1,-1,-1,1,-1,1,-1,1,1,-1,-1,1,1,1,-1,1,-1,-1,1,1,-1,1,-1,1,-1,-1,-1,-1,1,1,-1,-1,1,1,-1,1,1,-1,-1,1,1,1,1,1,-1,1,1,1,-1,1,-1,-1,-1,-1,1,1,1,1,-1,-1,1,1,1,1,-1,-1,-1,-1,-1,1,-1,-1,-1,1,-1,1,1,1,1,-1,1,1,-1,1,-1,1,-1,-1,1,-1,1,1,1,1,-1,1,-1,-1,1,1,-1,-1,1,-1,1,1,1,-1,-1,1,-1,-1,1,1,-1,1,1,-1,1,1,-1,-1,1,1,-1,1,-1,-1,-1,1,-1,-1,1,-1,-1,-1,1,-1,-1,1,-1,-1,-1,1,-1,-1,1,-1,-1,-1,1,-1,-1,1,-1,-1,-1,-1,1,-1,1,1,-1,-1,1,1,-1,-1,1,1,-1,1,-1,-1,1,-1,-1,1,1,1,-1,-1,1,-1,1,-1,1,-1,-1,1,-1,-1,1,1,1,-1,1,-1,1,-1,-1,1,1,-1,-1,-1,1,-1,-1,-1,1,1,-1,1,-1,1,-1,1,-1,1,1,-1,1,1,1,-1,-1,1,-1,1,-1,1,1,-1,1,-1,-1,1,1,-1,-1,1,-1,-1,-1,1,-1,-1,1,-1,1,1,1,1,-1,1,-1,-1,1,1,-1,-1,1,-1,-1,-1,1,1,-1,-1,1,1,-1,-1,-1,-1,1,1,1,1,1,1,-1,-1,1,1,-1,1,-1,-1,1,1,1,1,-1,1,-1,1,-1,1,1,1,1,-1,-1,1,1,1,-1,-1,-1,1,1,1,1,1,-1,-1,-1,1,1,1,-1,-1,-1,-1,1,1,1,1,-1,-1,-1,1,1,1,1,-1,-1,1,1,1,1,1,-1,-1,-1,1,1,-1,1,-1,-1,-1,1,1,1,1,-1,-1,1,1,1,1,1,-1,1,1,-1,1,1,-1,-1,-1,1,1,1,1,1,-1,1,1,1,1,1,1,-1,-1,1,-1,1,-1,1,-1,-1,1,-1,1,1,-1,-1,-1,1,-1,1,1,-1,1,-1,1,1,1,-1,1,1,-1,1,-1,1,-1,-1,-1,-1,1,1,-1,-1,-1,-1,-1,1,-1,1,-1,-1,-1,-1,-1,-1,-1,1,-1,-1,-1,1,-1,-1,1,-1,-1,-1,-1,-1,-1,1,-1,-1,-1,-1,-1,1,-1,-1,-1,1,-1,-1,1,-1,1,-1,-1,-1,-1,-1,-1,-1,1,-1,-1,-1,1,1,-1,-1,-1,1,-1,-1,-1,-1,-1,1,-1,-1,1,1,1,-1,-1,-1,-1,1,-1,1,1,-1,1,-1,-1,1,1,-1,-1,-1,-1,-1,-1,1,1,-1,-1,1,-1,1,1,-1,-1,-1,1,-1,-1,1,-1,-1,1,-1,-1,1,1,1,-1,1,-1,1,1,1,-1,-1,1,-1,-1,1,1,1,-1,1,-1,-1,1,1,-1,1,1,-1,-1,1,1,1,1,1,-1,-1,1,1,-1,1,1,-1,-1,1,1,1,1,-1,1,-1,-1,1,1,-1,1,-1,-1,1,-1,1,1,1,1,-1,-1,1,-1,1,1,1,-1,1,1,1,1,-1,1,-1,1,1,1,1,1,1,1,-1,1,1,1,1,-1,1,-1,1,1,1,1,1,-1,1,1,1,1,-1,1,1,-1,1,1,-1,1,1,-1,-1,1,1,1,1,-1,1,-1,1,1,1,-1,-1,1,-1,1,1,1,-1,1,-1,-1,-1,1,1,-1,-1,1,-1,-1,1,1,-1,-1,1,-1,-1,1,1,1,-1,1,-1,-1,1,1,-1,-1,-1,1,-1,-1,1,-1,1,1,-1,1,1,-1,-1,1,-1,-1,-1,1,1,-1,1,1,-1,1,1,-1,-1,1,-1,1,-1,-1,-1,-1,1,-1,-1,1,1,-1,1,1,-1,1,1,1,1,-1,1,-1,1,1,1,1,-1,1,-1,-1,-1,1,1,-1,1,-1,1,1,1,1,-1,1,-1,1,1,1,-1,-1,1,-1,-1,1,1,-1,-1,-1,1,-1,1,-1,1,-1,1,-1,-1,1,-2674.0,1,2000,445,1500,False
286,1,1,-1,-1,1,1,-1,-1,1,1,1,-1,1,1,1,1,-1,1,-1,-1,-1,-1,1,1,1,-1,-1,-1,1,1,1,1,-1,-1,-1,-1,1,-1,1,-1,-1,-1,-1,1,1,1,1,-1,1,1,1,1,-1,1,-1,-1,1,-1,1,1,1,-1,-1,-1,1,1,1,1,-1,-1,-1,1,1,1,1,-1,-1,-1,1,1,1,-1,-1,-1,1,1,1,1,-1,-1,-1,1,1,1,1,-1,-1,1,1,-1,1,1,-1,-1,1,1,1,1,1,-1,-1,1,1,1,1,1,-1,-1,1,1,1,1,1,1,-1,1,1,1,-1,1,1,-1,1,1,1,1,1,1,-1,-1,1,1,1,1,1,-1,1,1,1,1,1,1,-1,-1,-1,1,1,1,1,-1,1,1,1,1,-1,1,-1,1,-1,1,1,1,-1,-1,1,1,1,1,1,-1,1,-1,-1,1,-1,1,-1,1,1,1,1,1,1,1,1,1,-1,1,-1,1,-1,1,1,-1,1,-1,1,1,-1,1,-1,1,-1,1,-1,1,1,-1,1,-1,1,1,1,1,-1,-1,1,1,-1,-1,1,-1,1,-1,1,1,-1,1,-1,1,-1,1,-1,1,1,-1,-1,-1,1,1,-1,1,-1,1,1,1,-1,1,1,-1,1,-1,1,-1,1,-1,1,-1,1,1,-1,1,-1,-1,-1,1,1,-1,1,-1,-1,-1,1,1,-1,-1,1,1,-1,-1,1,1,-1,1,1,-1,1,1,1,1,-1,1,-1,1,1,-1,1,-1,1,1,-1,1,1,1,1,1,-1,-1,1,-1,-1,1,1,1,-1,1,1,1,-1,1,-1,-1,1,1,1,-1,1,-1,1,1,1,-1,1,1,-1,1,1,1,-1,1,1,-1,-1,1,1,1,-1,1,-1,1,1,1,-1,1,1,-1,1,1,1,-1,1,-1,-1,1,1,1,-1,1,-1,-1,-1,1,1,-1,1,-1,-1,1,-1,1,-1,1,1,-1,-1,1,1,1,1,1,-1,-1,1,1,-1,1,-1,1,-1,-1,-1,-1,1,1,-1,-1,1,1,-1,1,1,-1,-1,1,1,1,1,1,-1,1,1,1,-1,1,-1,-1,-1,-1,1,1,1,1,-1,-1,1,1,1,1,-1,-1,-1,-1,-1,1,-1,-1,-1,1,-1,1,1,1,1,-1,1,1,-1,1,-1,1,-1,-1,1,-1,1,1,1,1,-1,1,-1,-1,1,1,-1,-1,1,-1,1,1,1,-1,-1,1,-1,-1,1,1,-1,1,1,-1,1,1,-1,-1,1,1,-1,1,-1,-1,-1,1,-1,-1,1,-1,-1,-1,1,-1,-1,1,-1,-1,-1,1,-1,-1,1,-1,-1,-1,1,-1,-1,1,-1,-1,-1,1,1,-1,1,1,-1,-1,1,1,-1,-1,-1,1,-1,1,-1,-1,1,-1,-1,1,1,1,-1,-1,1,-1,1,-1,1,1,-1,1,-1,-1,1,1,1,-1,1,-1,1,-1,-1,1,1,-1,-1,-1,1,-1,-1,-1,1,1,-1,1,-1,1,-1,1,-1,1,1,-1,1,1,1,-1,-1,1,-1,1,-1,1,1,-1,1,-1,-1,1,1,-1,-1,1,-1,-1,-1,1,-1,-1,1,-1,1,1,1,1,-1,1,-1,-1,1,1,-1,-1,1,-1,-1,-1,1,1,-1,-1,1,1,-1,-1,-1,-1,1,1,1,1,1,1,-1,-1,1,1,-1,1,-1,-1,1,1,1,1,-1,-1,-1,1,-1,1,1,1,-1,-1,-1,1,1,1,-1,-1,-1,-1,1,1,1,1,-1,-1,-1,1,1,1,-1,-1,-1,-1,1,1,1,1,-1,-1,1,1,1,1,1,-1,-1,-1,1,1,1,1,-1,-1,-1,1,1,-1,1,-1,-1,-1,1,1,1,1,-1,-1,1,1,1,1,1,-1,1,1,-1,1,1,-1,-1,-1,1,1,1,-1,1,-1,1,1,1,1,1,1,-1,-1,1,-1,1,-1,1,-1,-1,1,-1,1,-1,-1,-1,-1,1,-1,1,1,-1,1,-1,1,1,1,-1,1,1,-1,1,-1,1,-1,-1,-1,-1,1,1,-1,-1,-1,-1,-1,1,-1,1,-1,-1,-1,-1,-1,-1,-1,1,-1,-1,-1,1,-1,-1,1,-1,-1,-1,-1,-1,-1,1,-1,-1,-1,-1,-1,1,-1,-1,-1,1,-1,-1,1,-1,1,-1,-1,-1,-1,-1,-1,-1,1,-1,-1,-1,1,1,1,-1,-1,-1,1,-1,-1,-1,-1,1,-1,-1,1,-1,1,-1,-1,-1,-1,1,-1,1,1,-1,1,-1,-1,1,1,-1,-1,-1,-1,-1,-1,1,1,-1,-1,1,-1,1,1,1,-1,-1,1,-1,-1,1,-1,-1,1,-1,-1,1,1,1,-1,1,-1,1,1,1,-1,-1,1,-1,-1,1,1,1,-1,1,-1,-1,1,1,-1,1,1,-1,-1,1,1,1,1,1,-1,-1,1,1,-1,1,1,-1,-1,1,1,1,1,1,1,-1,-1,1,1,1,1,-1,-1,1,-1,1,1,1,1,-1,-1,1,-1,1,1,1,-1,1,1,1,1,-1,1,-1,1,1,1,1,1,1,1,-1,1,1,1,1,-1,1,-1,1,1,1,1,1,-1,1,1,1,1,-1,1,1,-1,1,1,-1,1,1,-1,-1,1,1,1,1,-1,1,-1,1,1,1,-1,-1,1,-1,1,1,1,-1,1,-1,-1,-1,1,1,-1,-1,1,-1,-1,1,1,-1,-1,1,-1,-1,1,1,1,-1,1,-1,-1,1,1,-1,-1,-1,1,-1,1,1,-1,1,1,-1,1,1,-1,-1,1,-1,-1,-1,1,1,-1,1,1,-1,1,1,-1,-1,-1,-1,1,-1,-1,-1,-1,1,-1,-1,1,1,-1,1,1,-1,1,1,1,1,-1,1,-1,1,1,1,1,-1,1,-1,-1,1,1,1,-1,1,-1,1,1,1,1,-1,1,-1,1,1,1,-1,-1,1,-1,-1,1,1,-1,-1,-1,1,-1,1,-1,1,-1,1,-1,-1,1,-2674.0,1,2000,445,1500,False
287,1,1,-1,-1,1,1,-1,-1,1,1,1,-1,1,1,1,1,-1,1,-1,-1,1,-1,1,1,1,-1,1,-1,1,1,1,1,-1,-1,-1,-1,1,-1,1,1,-1,-1,-1,1,1,1,1,-1,1,1,1,1,-1,1,-1,-1,1,-1,1,1,1,-1,-1,-1,1,1,1,1,-1,-1,-1,1,1,1,1,-1,-1,-1,1,1,1,-1,-1,-1,1,1,1,1,-1,-1,-1,1,1,1,1,-1,-1,1,1,-1,1,1,-1,-1,1,1,1,1,1,-1,-1,1,1,1,1,1,-1,-1,1,1,1,1,1,1,-1,-1,1,1,-1,1,1,-1,1,1,1,1,1,1,-1,-1,1,1,1,1,1,-1,1,1,1,1,1,1,-1,-1,-1,1,1,1,1,-1,1,1,1,1,-1,1,-1,1,-1,1,1,1,-1,-1,1,1,1,1,1,-1,1,-1,-1,1,-1,1,-1,1,1,1,1,1,1,1,1,1,-1,1,-1,1,-1,1,1,-1,1,-1,1,1,-1,1,-1,1,-1,1,-1,1,1,-1,1,-1,1,1,1,1,-1,-1,1,1,-1,-1,1,-1,1,-1,-1,1,-1,1,-1,1,-1,1,-1,1,1,-1,-1,-1,1,1,-1,1,-1,1,1,1,-1,1,1,-1,1,-1,1,-1,1,-1,1,-1,1,1,-1,1,-1,-1,-1,1,1,-1,1,-1,-1,-1,1,1,-1,-1,1,1,-1,-1,1,1,-1,1,1,-1,1,1,1,1,-1,1,-1,1,1,-1,1,-1,1,1,-1,1,1,1,1,1,-1,-1,1,-1,-1,1,1,1,-1,1,1,1,-1,1,-1,-1,1,1,1,1,1,-1,1,1,1,-1,1,1,-1,1,1,1,-1,1,1,-1,-1,1,1,1,-1,1,-1,1,1,1,-1,1,1,-1,1,1,1,-1,1,-1,-1,1,1,1,-1,1,-1,-1,-1,1,1,-1,1,-1,-1,1,-1,1,-1,1,1,-1,-1,1,1,1,-1,1,-1,-1,1,1,-1,1,-1,1,-1,-1,-1,-1,1,1,-1,-1,1,1,-1,1,1,-1,-1,1,1,1,1,1,-1,1,1,1,-1,1,-1,-1,-1,-1,1,1,1,1,-1,-1,1,1,1,1,-1,-1,-1,-1,-1,1,-1,-1,-1,1,-1,1,1,1,1,1,1,1,-1,1,-1,1,-1,-1,1,-1,1,1,1,1,-1,1,-1,-1,1,1,-1,-1,1,-1,1,1,1,-1,-1,1,-1,-1,1,1,-1,1,1,-1,1,1,-1,-1,1,1,-1,1,-1,-1,-1,1,-1,-1,1,-1,-1,-1,1,-1,-1,1,-1,-1,-1,1,-1,-1,1,-1,-1,-1,1,-1,-1,1,-1,-1,-1,1,1,-1,1,1,-1,-1,1,1,-1,-1,1,1,-1,1,-1,-1,1,-1,-1,1,-1,1,-1,-1,1,-1,1,-1,1,-1,-1,1,-1,-1,1,1,1,-1,1,-1,1,-1,-1,1,1,-1,-1,-1,1,-1,-1,-1,1,1,-1,1,-1,1,-1,1,-1,1,1,-1,1,1,1,-1,-1,1,-1,1,-1,1,1,-1,1,-1,-1,1,1,-1,-1,1,-1,-1,-1,1,-1,-1,1,-1,1,1,1,1,-1,1,-1,-1,1,1,-1,-1,1,-1,-1,-1,1,1,-1,-1,1,1,-1,-1,-1,-1,1,1,1,-1,1,1,-1,-1,1,1,-1,1,-1,-1,1,1,1,1,-1,-1,-1,1,-1,1,1,1,-1,-1,-1,1,1,1,-1,-1,-1,-1,1,1,1,1,-1,-1,-1,1,1,1,-1,-1,-1,-1,1,1,1,1,-1,-1,1,1,1,1,1,-1,-1,-1,1,1,1,1,-1,-1,-1,1,1,-1,1,-1,-1,-1,1,1,1,1,-1,-1,1,1,1,1,1,-1,1,1,-1,1,1,-1,-1,-1,1,1,1,-1,1,-1,1,1,1,1,1,1,-1,-1,1,-1,1,-1,1,-1,-1,1,-1,1,1,-1,-1,-1,1,-1,1,1,-1,1,-1,1,1,1,-1,1,1,-1,1,-1,1,-1,-1,-1,-1,1,1,-1,-1,-1,-1,-1,1,-1,1,-1,-1,-1,-1,-1,-1,-1,1,-1,-1,-1,1,-1,-1,1,-1,-1,-1,-1,-1,1,1,-1,-1,-1,-1,-1,1,-1,-1,-1,1,-1,-1,1,-1,1,-1,-1,-1,-1,-1,-1,-1,1,-1,-1,-1,1,1,-1,-1,-1,1,1,-1,-1,-1,-1,1,-1,-1,1,1,1,-1,-1,-1,-1,1,-1,1,1,-1,1,-1,-1,1,1,-1,-1,-1,-1,-1,-1,1,1,-1,-1,1,-1,1,1,-1,-1,-1,1,-1,1,1,-1,-1,1,-1,-1,1,1,1,-1,1,-1,1,1,1,-1,-1,1,-1,-1,1,-1,1,-1,1,-1,-1,1,1,-1,1,1,-1,-1,1,1,1,1,1,-1,-1,1,1,-1,1,1,-1,-1,1,1,1,1,1,1,-1,-1,1,1,1,1,-1,-1,1,-1,1,1,1,1,-1,-1,1,-1,1,1,1,-1,1,1,1,1,-1,1,-1,1,1,1,1,1,1,1,-1,1,1,1,1,-1,1,-1,1,1,1,1,1,-1,1,1,1,1,-1,1,1,-1,1,1,-1,1,1,-1,-1,1,1,1,1,-1,1,-1,1,1,1,-1,-1,1,-1,1,1,1,-1,1,-1,-1,-1,1,1,-1,-1,1,-1,-1,1,1,-1,-1,1,-1,-1,-1,1,1,-1,1,-1,-1,1,1,-1,-1,-1,1,-1,-1,1,-1,1,1,-1,1,1,-1,-1,1,-1,-1,-1,1,1,-1,1,1,-1,1,1,-1,-1,-1,-1,1,-1,-1,-1,-1,-1,-1,-1,1,1,-1,1,1,-1,1,1,1,1,-1,1,-1,1,1,1,1,-1,1,-1,-1,-1,1,1,-1,1,-1,1,1,1,1,-1,1,-1,1,1,-1,-1,-1,1,-1,-1,1,1,-1,-1,-1,1,-1,1,-1,1,-1,1,-1,-1,1,-2674.0,1,2000,445,1500,False
288,1,1,-1,-1,1,1,-1,-1,1,1,1,-1,-1,1,1,1,-1,1,-1,-1,-1,-1,1,1,1,-1,-1,-1,1,1,1,1,1,-1,-1,-1,1,-1,1,1,-1,-1,-1,1,1,1,1,-1,1,1,1,1,-1,1,-1,-1,1,-1,1,1,1,-1,-1,-1,1,1,1,1,-1,-1,-1,1,1,1,1,-1,-1,-1,1,1,1,-1,-1,-1,1,1,1,1,-1,-1,-1,1,1,1,1,-1,-1,1,1,-1,1,1,-1,-1,1,1,1,1,1,-1,-1,1,1,1,1,1,-1,-1,1,1,1,1,1,1,-1,-1,1,1,-1,1,1,-1,1,1,1,1,1,1,-1,-1,1,1,1,1,1,-1,1,1,1,1,1,1,-1,-1,-1,1,1,1,1,-1,1,1,1,1,-1,1,-1,1,-1,1,1,1,-1,-1,1,1,1,1,1,-1,1,-1,-1,1,-1,1,-1,1,1,1,1,1,1,1,1,1,-1,1,-1,1,-1,1,1,-1,1,-1,1,1,-1,1,-1,1,-1,1,-1,1,1,-1,-1,-1,1,1,1,1,-1,-1,1,1,-1,-1,1,-1,1,-1,-1,1,-1,1,-1,1,-1,1,-1,1,1,-1,-1,-1,1,1,-1,1,-1,1,1,1,-1,1,1,-1,1,-1,1,-1,1,-1,1,-1,1,1,-1,1,-1,-1,-1,1,1,-1,1,-1,-1,-1,1,1,-1,-1,1,1,-1,-1,1,1,-1,1,1,-1,1,1,1,-1,-1,1,-1,1,1,-1,1,-1,1,1,-1,1,1,-1,-1,1,-1,-1,1,-1,1,-1,1,1,-1,1,1,1,-1,1,-1,-1,1,1,-1,-1,1,-1,1,1,1,1,-1,1,-1,1,1,1,-1,1,1,-1,-1,1,1,-1,-1,1,-1,1,1,1,1,1,1,-1,1,1,1,1,1,-1,-1,1,1,1,1,1,-1,-1,-1,1,1,1,1,-1,-1,1,-1,1,-1,1,1,-1,-1,1,1,1,1,1,-1,-1,1,1,1,-1,-1,1,-1,-1,-1,-1,1,1,-1,-1,1,1,-1,1,1,-1,-1,1,1,1,1,1,-1,1,1,1,-1,1,-1,-1,-1,-1,1,1,1,1,-1,-1,1,-1,1,1,-1,-1,-1,1,-1,1,-1,-1,-1,1,-1,1,1,1,1,-1,1,1,-1,1,-1,1,-1,-1,1,-1,1,-1,1,1,-1,1,-1,-1,1,1,-1,-1,1,-1,1,1,1,-1,-1,1,-1,1,-1,1,-1,1,1,1,-1,-1,-1,-1,1,1,-1,1,-1,-1,-1,1,-1,1,1,1,-1,-1,1,-1,-1,1,-1,-1,-1,1,-1,1,-1,1,-1,-1,1,-1,-1,1,-1,-1,-1,1,1,-1,1,-1,-1,-1,1,1,-1,-1,-1,1,-1,1,-1,-1,1,-1,-1,1,-1,1,-1,-1,1,-1,1,-1,1,-1,-1,1,-1,-1,1,1,1,-1,1,-1,1,-1,1,-1,1,-1,-1,-1,1,-1,-1,-1,1,1,-1,1,-1,1,-1,1,-1,1,1,-1,1,1,1,-1,-1,1,-1,1,-1,1,1,-1,1,-1,-1,1,1,-1,-1,1,-1,-1,-1,1,-1,-1,1,-1,1,1,1,1,-1,1,-1,-1,1,1,-1,-1,1,-1,-1,-1,1,1,-1,-1,1,1,-1,1,-1,-1,1,1,1,1,1,1,-1,-1,1,1,-1,1,-1,-1,1,1,1,1,-1,-1,-1,1,-1,1,1,1,-1,-1,-1,1,1,1,-1,-1,-1,1,1,1,1,1,-1,-1,-1,1,1,1,-1,-1,-1,-1,1,1,1,1,-1,-1,-1,1,1,1,1,-1,-1,1,1,1,1,1,-1,-1,-1,1,1,-1,1,-1,-1,-1,1,1,1,1,-1,-1,1,1,1,1,1,-1,1,1,-1,1,1,-1,-1,-1,1,1,1,-1,1,-1,1,1,1,1,1,1,-1,-1,1,-1,1,-1,1,-1,-1,1,-1,1,-1,-1,-1,-1,1,-1,1,1,-1,1,-1,1,1,1,-1,1,1,-1,1,-1,1,-1,-1,-1,-1,1,1,-1,-1,-1,-1,-1,1,-1,1,-1,-1,-1,-1,-1,-1,-1,1,-1,-1,-1,1,-1,-1,1,-1,-1,-1,-1,-1,-1,1,-1,-1,-1,-1,-1,1,-1,-1,-1,1,-1,-1,1,-1,1,-1,-1,-1,-1,-1,-1,-1,1,-1,-1,-1,1,1,-1,-1,-1,1,1,-1,-1,-1,-1,1,-1,-1,1,-1,1,-1,-1,-1,-1,1,1,1,1,-1,1,-1,-1,-1,1,-1,-1,-1,-1,-1,-1,1,1,-1,-1,1,-1,1,1,-1,-1,-1,1,-1,-1,1,-1,-1,1,-1,-1,1,1,1,-1,1,-1,1,1,1,-1,-1,1,-1,-1,1,1,1,-1,1,-1,-1,1,1,-1,1,1,-1,-1,1,1,1,1,1,-1,-1,1,1,1,1,1,-1,-1,1,1,1,1,1,1,-1,1,1,1,1,1,-1,-1,1,-1,1,1,1,1,-1,-1,1,-1,1,1,1,-1,1,1,1,1,-1,1,-1,1,1,1,1,1,1,-1,-1,1,1,1,1,-1,1,-1,1,1,1,1,-1,1,-1,1,1,1,-1,-1,1,-1,1,1,-1,1,-1,-1,-1,1,1,1,-1,1,-1,-1,1,1,1,-1,-1,-1,1,1,1,1,-1,-1,-1,-1,-1,1,1,-1,1,-1,-1,-1,1,1,-1,-1,1,-1,1,1,1,1,1,1,-1,-1,1,1,-1,-1,1,1,1,1,1,-1,1,-1,-1,1,1,-1,-1,1,-1,-1,-1,1,1,-1,1,-1,1,1,1,-1,-1,-1,-1,-1,-1,-1,-1,-1,1,-1,1,1,1,-1,1,1,-1,1,1,1,1,-1,1,-1,1,1,1,1,-1,1,-1,1,1,1,1,-1,1,-1,1,1,1,1,-1,1,-1,1,-1,1,-1,-1,1,-1,-1,1,1,-1,-1,-1,1,-1,1,-1,1,-1,1,-1,-1,1,-2674.0,1,2000,445,1500,False
289,1,1,-1,-1,1,1,-1,-1,1,1,1,-1,1,1,1,1,-1,1,1,-1,-1,-1,1,1,1,1,-1,-1,1,1,1,1,-1,-1,-1,-1,1,-1,1,1,-1,-1,-1,1,1,1,1,-1,1,1,1,1,-1,1,-1,-1,1,-1,1,1,1,-1,-1,-1,1,1,1,1,-1,-1,-1,1,1,1,1,-1,-1,-1,1,1,1,-1,-1,-1,1,1,1,1,-1,-1,1,1,1,1,1,-1,-1,-1,1,-1,1,1,-1,-1,1,1,1,1,1,-1,-1,-1,1,1,1,1,-1,-1,1,1,1,1,1,1,-1,-1,1,1,-1,1,1,-1,1,1,1,1,1,1,-1,1,1,1,1,1,1,-1,1,1,1,1,1,1,-1,-1,-1,1,1,1,1,-1,1,1,1,1,-1,1,-1,1,-1,1,1,1,-1,-1,1,1,1,1,1,-1,1,-1,-1,1,-1,1,-1,1,1,1,1,1,1,1,1,1,-1,1,-1,1,-1,1,1,-1,1,-1,1,1,-1,1,-1,1,-1,1,-1,1,1,-1,1,-1,1,1,1,1,-1,-1,1,1,-1,-1,1,-1,1,-1,-1,1,-1,1,-1,1,-1,1,-1,-1,1,-1,-1,-1,1,1,-1,1,-1,1,1,1,-1,1,-1,-1,1,-1,1,-1,1,1,1,-1,1,1,-1,1,-1,-1,-1,1,1,-1,1,-1,-1,-1,1,1,-1,-1,1,1,-1,-1,1,1,-1,1,1,-1,1,1,1,1,-1,1,-1,1,1,-1,1,-1,1,1,1,1,1,1,1,1,-1,-1,1,-1,-1,-1,1,1,-1,1,1,1,-1,1,1,1,1,1,1,1,1,-1,1,1,1,-1,1,1,-1,1,1,1,-1,1,1,-1,-1,1,1,1,-1,1,-1,1,1,1,-1,1,1,-1,1,1,1,-1,1,1,-1,1,1,1,-1,1,1,1,-1,1,1,-1,1,1,-1,1,-1,1,-1,1,1,1,-1,1,1,1,-1,1,1,-1,1,1,-1,1,1,1,-1,-1,-1,-1,1,1,1,-1,1,1,-1,1,1,-1,-1,1,1,1,1,1,-1,1,1,1,-1,1,1,1,1,-1,1,1,-1,-1,1,-1,1,-1,1,-1,1,1,-1,-1,-1,1,-1,-1,1,-1,1,-1,1,-1,1,1,1,1,-1,1,-1,-1,1,-1,1,-1,1,-1,1,1,1,1,-1,-1,1,-1,1,1,-1,-1,1,1,1,-1,1,1,-1,1,-1,-1,1,1,-1,-1,1,-1,1,1,-1,1,-1,1,-1,-1,1,-1,-1,1,1,-1,1,1,-1,-1,-1,1,-1,1,1,1,-1,1,-1,-1,-1,1,-1,-1,-1,1,-1,1,1,-1,1,-1,1,-1,-1,1,-1,-1,-1,1,-1,1,1,-1,-1,-1,1,-1,-1,1,-1,-1,-1,-1,1,-1,1,-1,-1,1,-1,1,-1,-1,1,1,1,-1,1,-1,1,-1,1,1,1,-1,-1,-1,1,-1,-1,1,1,1,-1,1,-1,1,1,1,-1,1,1,-1,-1,-1,1,-1,-1,1,-1,-1,1,1,1,-1,1,-1,-1,1,1,-1,-1,1,-1,-1,1,1,-1,-1,1,-1,-1,-1,1,1,-1,1,-1,-1,-1,1,-1,-1,1,-1,1,-1,1,1,-1,-1,1,-1,-1,-1,-1,-1,1,1,1,-1,-1,1,-1,-1,1,-1,-1,1,-1,-1,1,1,-1,-1,1,-1,-1,1,1,-1,1,-1,-1,-1,-1,1,1,-1,-1,-1,-1,-1,1,-1,-1,1,-1,-1,-1,1,1,-1,-1,-1,-1,-1,1,-1,-1,-1,-1,-1,1,1,1,-1,-1,-1,-1,-1,1,1,-1,-1,-1,-1,-1,1,1,1,-1,-1,-1,-1,1,1,-1,-1,-1,-1,1,1,1,1,1,-1,1,1,1,1,1,1,-1,-1,1,1,1,1,1,-1,1,1,1,1,-1,1,-1,-1,1,-1,1,-1,1,-1,-1,1,-1,1,1,1,-1,-1,1,-1,1,-1,1,1,-1,1,-1,1,1,1,1,-1,1,-1,1,1,1,-1,-1,1,1,-1,1,1,-1,-1,1,-1,1,-1,1,-1,-1,-1,-1,-1,1,1,-1,-1,1,-1,-1,1,1,-1,-1,-1,-1,1,-1,1,-1,-1,-1,-1,1,-1,-1,-1,1,-1,-1,1,-1,1,-1,-1,-1,-1,-1,-1,1,1,-1,-1,-1,1,1,1,-1,-1,1,1,-1,-1,1,-1,1,-1,-1,1,1,1,-1,-1,-1,-1,1,-1,1,1,-1,1,-1,-1,1,1,-1,-1,-1,-1,-1,-1,1,1,-1,-1,1,-1,1,1,-1,-1,-1,1,-1,1,1,-1,-1,1,-1,-1,1,1,1,-1,1,-1,1,1,1,-1,-1,1,-1,-1,1,1,1,-1,1,-1,-1,1,1,-1,1,1,-1,-1,1,1,-1,1,1,-1,-1,1,1,-1,1,1,-1,-1,1,1,1,1,-1,1,-1,1,1,-1,1,1,-1,-1,1,-1,1,1,1,1,-1,-1,1,-1,1,1,1,-1,1,1,1,1,-1,1,-1,1,1,1,1,1,1,1,-1,-1,1,1,1,-1,1,-1,1,1,1,1,1,-1,1,1,1,1,-1,1,1,-1,-1,1,-1,1,1,-1,-1,1,1,1,1,-1,1,-1,1,1,1,-1,-1,1,-1,1,1,1,-1,1,-1,-1,-1,1,1,-1,-1,1,-1,-1,1,1,-1,-1,1,-1,1,1,1,1,-1,1,-1,-1,1,1,-1,-1,-1,1,1,1,1,-1,1,1,-1,1,1,-1,-1,1,1,-1,-1,1,1,-1,1,1,1,1,1,-1,-1,-1,-1,1,-1,-1,-1,-1,-1,1,1,1,1,-1,1,1,-1,1,1,1,1,-1,1,-1,1,1,1,-1,-1,1,-1,1,1,1,-1,1,1,-1,1,1,1,-1,-1,1,-1,1,1,1,1,-1,1,-1,1,1,1,1,-1,1,1,-1,1,1,1,-1,1,-1,1,1,-2674.0,1,2000,445,1000,False
290,1,1,-1,-1,1,1,-1,-1,1,1,1,-1,1,1,1,1,-1,1,-1,-1,-1,-1,1,1,1,1,-1,-1,1,1,1,1,-1,-1,-1,-1,1,-1,1,1,-1,-1,-1,1,1,1,1,-1,1,1,1,1,-1,1,-1,-1,1,-1,1,1,1,-1,-1,-1,1,1,1,1,-1,-1,-1,1,1,1,1,-1,-1,-1,1,1,1,-1,-1,-1,1,1,1,1,-1,-1,-1,1,1,1,1,-1,-1,1,1,-1,1,1,-1,-1,1,1,1,1,1,-1,-1,-1,1,-1,1,1,-1,-1,1,1,1,1,1,1,-1,-1,1,1,-1,1,1,-1,1,1,1,1,1,1,-1,1,1,1,1,1,1,-1,1,1,1,1,1,1,-1,-1,-1,1,1,1,1,-1,1,1,1,1,-1,1,-1,1,-1,1,1,1,-1,-1,1,1,1,1,1,-1,1,-1,-1,1,-1,1,-1,1,1,1,1,1,1,1,1,1,-1,1,-1,1,-1,1,1,-1,1,-1,1,1,-1,1,-1,1,-1,1,-1,1,1,-1,-1,-1,1,1,1,1,-1,-1,1,1,-1,-1,1,-1,1,-1,1,1,-1,1,-1,1,-1,1,-1,-1,1,-1,-1,-1,1,1,-1,1,-1,1,1,1,-1,1,1,-1,1,-1,1,-1,1,-1,1,-1,1,1,-1,1,-1,-1,-1,1,1,-1,1,-1,-1,-1,1,1,-1,-1,1,1,-1,-1,1,1,-1,1,1,-1,1,1,1,1,-1,1,-1,1,1,-1,1,-1,1,1,-1,1,1,1,1,1,-1,-1,1,-1,-1,1,1,1,-1,1,1,1,-1,1,-1,-1,1,1,1,1,1,-1,1,1,1,-1,-1,1,-1,1,1,1,-1,1,1,-1,-1,1,1,1,-1,1,-1,1,1,1,-1,1,1,-1,1,1,1,-1,1,-1,-1,1,1,1,-1,1,-1,-1,-1,1,1,-1,1,-1,-1,1,-1,1,-1,1,1,-1,-1,1,1,1,-1,1,-1,-1,1,1,-1,1,-1,1,-1,-1,-1,-1,1,1,-1,-1,1,1,-1,1,1,-1,-1,1,1,1,1,1,-1,1,1,1,-1,1,-1,-1,-1,-1,1,1,1,1,-1,-1,1,1,1,1,-1,-1,-1,-1,-1,1,-1,-1,-1,1,-1,1,1,-1,1,-1,1,1,-1,1,-1,1,-1,-1,1,-1,1,1,1,1,-1,1,-1,-1,1,1,-1,-1,1,-1,1,1,1,-1,-1,1,-1,-1,1,1,-1,1,1,-1,1,1,-1,-1,1,1,-1,1,-1,-1,-1,1,-1,-1,1,-1,-1,-1,1,-1,-1,1,-1,-1,-1,1,-1,-1,1,1,-1,-1,1,-1,-1,1,-1,-1,-1,-1,1,-1,1,-1,-1,-1,1,1,-1,-1,-1,1,-1,1,-1,-1,1,-1,-1,1,-1,1,-1,-1,1,-1,1,-1,1,-1,-1,1,-1,-1,1,1,1,-1,1,-1,1,-1,-1,1,1,-1,-1,-1,1,-1,-1,-1,1,1,-1,1,-1,1,-1,1,-1,1,1,-1,1,1,1,-1,-1,1,-1,1,-1,1,1,-1,1,-1,-1,1,1,-1,-1,1,-1,-1,-1,1,-1,-1,1,-1,1,1,1,1,-1,1,-1,-1,1,1,-1,-1,1,-1,-1,-1,1,1,-1,-1,1,1,-1,1,-1,-1,1,1,1,1,1,1,-1,-1,1,1,-1,1,-1,-1,1,1,1,1,-1,1,-1,1,-1,1,1,1,1,-1,-1,1,1,1,-1,-1,-1,-1,1,1,1,1,-1,-1,-1,1,1,1,-1,-1,-1,-1,1,1,1,1,-1,-1,-1,1,1,1,1,-1,-1,1,1,1,1,1,-1,-1,-1,1,1,-1,1,-1,-1,-1,1,1,1,1,-1,-1,1,1,1,1,1,-1,1,1,-1,1,1,-1,-1,-1,1,1,1,1,1,-1,1,1,1,1,1,1,-1,-1,1,-1,1,-1,1,-1,-1,1,-1,1,1,-1,-1,-1,1,-1,1,1,-1,1,-1,1,1,1,-1,1,1,-1,1,-1,1,-1,-1,-1,-1,1,1,-1,-1,-1,-1,-1,1,-1,1,-1,-1,-1,-1,-1,-1,-1,1,-1,-1,-1,1,-1,-1,1,-1,-1,-1,-1,-1,1,1,-1,-1,-1,-1,-1,1,-1,-1,-1,1,-1,-1,1,-1,1,-1,-1,-1,-1,-1,-1,-1,1,-1,-1,-1,1,1,-1,-1,-1,-1,1,-1,-1,-1,-1,1,-1,-1,1,-1,1,-1,-1,-1,-1,1,-1,1,1,-1,1,-1,-1,1,1,-1,-1,-1,-1,-1,-1,1,1,-1,-1,1,-1,1,1,-1,-1,-1,1,-1,-1,1,-1,-1,1,-1,-1,1,1,1,-1,1,-1,1,1,1,-1,-1,1,-1,-1,1,1,1,-1,1,-1,-1,1,1,-1,1,1,-1,-1,1,1,-1,1,1,-1,-1,1,1,-1,1,1,-1,-1,1,1,1,1,-1,1,-1,-1,1,1,1,1,-1,-1,1,-1,1,1,1,1,-1,-1,1,-1,1,1,1,-1,1,1,1,1,-1,1,-1,1,1,1,1,1,1,1,-1,1,1,1,1,-1,1,-1,1,1,1,1,1,-1,1,1,1,1,-1,1,1,-1,1,1,-1,1,1,-1,-1,1,1,1,1,-1,1,-1,1,1,1,-1,-1,1,-1,1,1,1,-1,1,-1,-1,-1,1,1,-1,-1,1,-1,-1,1,1,1,-1,1,-1,-1,1,1,1,-1,1,-1,-1,1,1,-1,-1,-1,1,-1,1,1,-1,1,1,-1,1,1,-1,-1,1,1,-1,-1,1,1,-1,1,1,-1,1,1,-1,-1,-1,-1,1,-1,-1,-1,-1,1,-1,-1,1,1,-1,1,1,-1,1,1,1,1,-1,1,-1,1,1,1,-1,-1,1,-1,-1,1,1,-1,-1,1,-1,1,1,1,-1,-1,1,-1,1,1,1,1,-1,1,-1,-1,1,1,-1,-1,-1,1,-1,1,-1,1,-1,1,-1,-1,1,-2674.0,1,2000,445,1000,False
291,1,1,-1,-1,1,-1,-1,-1,1,1,1,-1,1,1,1,1,-1,1,-1,-1,-1,-1,1,1,1,-1,1,-1,1,1,1,1,1,-1,-1,-1,1,-1,1,1,-1,-1,-1,1,1,1,1,-1,1,1,1,1,-1,1,-1,-1,1,-1,1,1,-1,-1,-1,-1,1,1,1,1,-1,-1,-1,1,1,1,1,-1,-1,-1,1,1,1,-1,-1,-1,1,1,1,1,-1,-1,-1,1,1,1,1,-1,-1,1,1,-1,1,1,-1,-1,1,1,1,1,1,-1,-1,1,1,-1,1,1,-1,-1,1,1,1,1,1,1,-1,1,1,1,-1,1,1,-1,1,1,1,1,1,1,-1,-1,1,1,1,1,1,-1,1,1,1,1,1,1,-1,-1,-1,1,1,1,1,-1,1,1,1,1,-1,1,-1,1,1,1,1,1,-1,-1,1,1,1,1,1,-1,1,-1,-1,1,-1,1,-1,1,1,1,1,1,1,1,1,1,-1,1,-1,1,-1,1,1,-1,1,-1,1,1,-1,1,-1,1,-1,1,-1,1,1,-1,1,-1,1,1,1,1,-1,-1,1,1,-1,-1,1,-1,1,-1,-1,1,-1,1,-1,1,-1,1,-1,1,1,-1,-1,-1,1,1,-1,1,-1,1,1,1,-1,1,1,-1,1,-1,1,-1,1,-1,1,-1,1,1,-1,1,-1,-1,-1,1,1,-1,1,-1,-1,-1,1,1,-1,-1,1,1,-1,-1,1,1,-1,1,1,-1,1,1,1,1,-1,1,-1,1,1,-1,1,-1,1,1,-1,1,1,1,1,1,-1,-1,1,-1,-1,1,1,1,-1,1,1,1,-1,1,-1,-1,1,1,1,1,1,-1,1,1,1,-1,-1,1,-1,1,1,1,-1,1,1,-1,-1,1,1,1,-1,1,-1,1,1,1,-1,1,1,-1,1,1,1,-1,1,-1,-1,1,1,1,-1,1,-1,-1,-1,1,1,-1,1,-1,-1,1,-1,1,-1,1,1,-1,-1,1,1,1,1,1,-1,-1,1,1,-1,1,-1,1,-1,-1,-1,-1,1,1,-1,-1,1,1,-1,1,1,-1,-1,1,1,1,1,1,-1,1,1,1,-1,1,-1,-1,-1,-1,1,1,1,1,-1,-1,1,1,1,1,-1,-1,-1,-1,-1,1,-1,-1,-1,1,-1,1,1,1,1,-1,1,1,-1,1,-1,1,-1,-1,1,-1,1,1,1,1,-1,1,-1,-1,1,1,-1,-1,1,-1,1,1,1,-1,-1,1,-1,-1,1,1,-1,1,1,-1,1,1,-1,-1,1,1,-1,1,-1,-1,-1,1,-1,-1,1,-1,-1,-1,1,-1,-1,1,-1,-1,-1,1,-1,-1,1,-1,-1,-1,1,-1,-1,1,-1,-1,-1,1,1,-1,1,-1,-1,-1,1,1,-1,-1,-1,1,-1,1,-1,-1,1,-1,-1,1,-1,1,-1,-1,1,-1,1,-1,1,-1,-1,1,-1,-1,1,1,1,-1,1,-1,1,-1,-1,-1,1,-1,-1,-1,1,-1,-1,-1,1,1,-1,1,-1,1,-1,1,-1,1,1,-1,1,1,1,-1,1,1,-1,1,-1,1,1,-1,1,-1,-1,1,1,-1,-1,1,-1,-1,-1,1,-1,-1,1,-1,1,1,1,1,-1,1,-1,-1,1,1,-1,-1,1,-1,-1,-1,1,1,-1,-1,1,1,-1,-1,-1,-1,-1,1,1,1,1,1,-1,1,1,1,-1,1,-1,-1,1,1,1,1,-1,1,-1,1,-1,1,1,1,1,-1,-1,1,1,1,-1,-1,-1,-1,1,1,1,1,-1,-1,-1,1,1,1,-1,-1,-1,-1,1,1,1,1,-1,-1,1,1,1,1,1,-1,-1,-1,1,1,1,1,-1,-1,-1,1,1,-1,1,-1,-1,-1,1,1,1,1,-1,-1,1,1,1,1,1,-1,1,1,-1,1,1,-1,-1,-1,1,1,1,-1,1,-1,1,1,1,1,1,1,-1,-1,1,-1,1,-1,1,-1,-1,1,-1,1,-1,-1,-1,-1,1,-1,1,1,-1,1,-1,1,1,1,-1,1,1,-1,1,-1,1,-1,-1,-1,-1,1,1,-1,-1,-1,-1,-1,1,-1,1,-1,-1,-1,-1,-1,-1,-1,1,-1,-1,-1,1,-1,-1,1,-1,-1,-1,-1,-1,-1,1,-1,-1,-1,-1,-1,1,-1,-1,-1,1,-1,-1,1,-1,1,-1,-1,-1,-1,-1,-1,-1,1,-1,-1,-1,1,1,-1,-1,-1,1,1,-1,-1,-1,-1,1,-1,-1,1,1,1,-1,-1,-1,-1,1,-1,1,1,-1,1,-1,-1,1,1,-1,-1,-1,-1,-1,-1,1,1,-1,-1,1,-1,1,1,-1,-1,-1,1,-1,1,1,-1,-1,1,-1,-1,1,1,1,-1,1,-1,1,1,1,-1,-1,1,-1,-1,1,1,1,-1,1,-1,-1,1,1,-1,1,1,-1,-1,1,1,1,1,1,-1,-1,1,1,1,1,1,-1,-1,1,1,1,1,1,1,-1,-1,1,1,1,1,-1,-1,1,-1,1,1,1,1,-1,-1,1,-1,1,1,1,-1,1,1,1,1,-1,1,-1,1,1,1,1,1,1,1,-1,1,1,1,1,-1,1,-1,1,1,1,1,1,-1,1,1,1,1,-1,1,1,-1,1,1,-1,1,1,-1,-1,1,1,1,1,-1,1,-1,1,1,1,-1,-1,1,-1,1,1,1,-1,1,-1,-1,-1,1,1,-1,-1,1,-1,-1,1,1,-1,-1,1,-1,-1,1,1,1,-1,1,-1,-1,1,1,-1,-1,-1,1,-1,-1,1,-1,1,1,-1,1,1,-1,-1,1,-1,-1,-1,1,1,-1,1,1,-1,1,1,-1,-1,-1,-1,1,-1,-1,-1,-1,1,-1,-1,1,1,-1,1,1,-1,1,1,1,1,-1,1,-1,1,1,1,1,-1,1,-1,-1,1,1,1,-1,1,-1,1,1,1,1,-1,1,-1,1,1,1,-1,-1,1,-1,-1,1,1,-1,-1,-1,1,-1,1,1,1,-1,1,-1,-1,1,-2674.0,1,2000,445,1500,False
292,1,1,-1,-1,1,1,-1,-1,1,1,1,-1,-1,1,1,1,-1,1,-1,-1,-1,-1,1,1,1,-1,-1,-1,1,1,1,1,1,-1,-1,-1,1,1,1,1,-1,-1,-1,1,1,1,1,-1,1,1,1,1,-1,1,-1,-1,1,-1,1,1,1,-1,-1,-1,1,1,1,1,-1,-1,-1,1,1,1,1,-1,-1,-1,1,1,1,-1,-1,-1,1,1,1,1,-1,-1,-1,1,1,1,1,-1,-1,1,1,-1,1,1,-1,-1,1,1,1,1,1,-1,-1,1,1,1,1,1,-1,-1,1,1,1,1,1,1,-1,-1,1,1,-1,1,1,-1,1,1,1,1,1,1,-1,-1,1,1,1,1,1,-1,1,1,1,1,1,1,-1,-1,-1,1,1,1,1,-1,1,1,1,1,-1,1,-1,1,-1,1,1,1,-1,-1,1,1,1,1,1,-1,1,-1,-1,1,-1,1,-1,1,1,1,1,1,1,1,1,1,-1,1,-1,1,-1,1,1,-1,1,-1,1,1,-1,1,-1,1,-1,1,-1,1,1,-1,1,-1,1,1,1,1,-1,-1,1,1,-1,-1,1,-1,1,-1,1,1,-1,1,-1,1,-1,1,-1,1,1,-1,-1,-1,1,1,-1,1,-1,1,1,1,-1,1,1,-1,-1,-1,1,-1,1,-1,1,-1,1,1,-1,1,-1,-1,-1,1,1,-1,1,-1,-1,-1,1,1,-1,-1,1,1,-1,-1,1,1,-1,1,1,-1,1,1,1,1,-1,1,-1,1,1,-1,1,-1,1,1,-1,1,1,1,1,1,-1,-1,1,-1,-1,1,1,1,-1,1,1,1,-1,1,-1,-1,1,1,1,-1,1,-1,1,1,1,-1,-1,1,-1,1,1,1,-1,1,1,-1,-1,1,1,1,-1,1,-1,1,1,1,-1,1,1,-1,1,1,1,-1,1,-1,-1,1,1,1,-1,1,-1,-1,-1,1,1,-1,1,-1,-1,1,-1,1,-1,1,1,-1,-1,1,1,1,1,1,-1,-1,1,1,-1,1,-1,1,-1,-1,-1,-1,1,1,-1,-1,1,1,-1,1,1,-1,-1,1,1,1,1,1,-1,1,1,1,-1,1,-1,-1,-1,-1,1,1,1,1,-1,-1,1,1,1,1,-1,-1,-1,-1,-1,1,-1,-1,-1,1,-1,1,1,1,1,1,1,1,-1,1,-1,1,-1,-1,1,-1,1,1,1,1,-1,1,-1,-1,1,1,-1,-1,1,-1,1,1,1,-1,-1,1,-1,-1,1,1,-1,1,1,-1,1,1,-1,-1,1,1,-1,1,-1,-1,-1,1,-1,-1,1,-1,-1,-1,1,-1,-1,1,-1,-1,-1,1,-1,-1,1,-1,-1,-1,1,-1,-1,1,-1,-1,-1,1,1,-1,1,1,-1,-1,1,1,-1,-1,-1,1,-1,1,-1,-1,1,-1,-1,1,1,1,-1,-1,1,-1,1,-1,1,1,-1,1,-1,-1,1,1,1,-1,1,-1,1,-1,-1,-1,1,-1,-1,-1,1,-1,-1,-1,1,1,-1,1,-1,1,-1,1,-1,1,1,-1,1,1,1,-1,-1,1,-1,1,-1,1,1,-1,1,-1,-1,1,1,-1,-1,1,-1,-1,-1,1,-1,-1,1,-1,1,1,1,1,-1,1,-1,-1,1,1,-1,-1,1,-1,-1,-1,1,1,-1,-1,1,1,-1,1,-1,-1,1,1,1,-1,1,1,-1,-1,1,1,-1,1,-1,-1,1,1,1,1,-1,-1,-1,1,-1,1,1,1,-1,-1,-1,1,1,1,-1,-1,-1,1,1,1,1,1,-1,-1,-1,1,1,1,-1,-1,-1,-1,1,1,1,1,-1,-1,1,1,1,1,1,-1,-1,-1,1,1,1,1,-1,-1,-1,1,1,-1,1,-1,-1,-1,1,1,1,1,-1,-1,1,1,1,1,1,-1,1,1,-1,1,1,-1,-1,-1,1,1,1,1,1,-1,1,1,1,1,1,1,-1,-1,1,-1,1,-1,1,-1,-1,1,-1,1,-1,-1,-1,-1,1,-1,1,1,-1,-1,-1,1,1,1,-1,1,-1,-1,1,-1,1,-1,-1,-1,-1,1,1,-1,-1,-1,-1,-1,1,-1,1,-1,-1,-1,-1,-1,-1,-1,1,-1,-1,-1,1,-1,-1,1,-1,-1,-1,-1,-1,1,1,-1,-1,-1,-1,-1,1,-1,-1,-1,1,-1,-1,1,-1,1,-1,-1,-1,-1,-1,-1,-1,1,-1,-1,-1,1,1,-1,-1,-1,-1,1,-1,-1,-1,-1,1,-1,-1,1,-1,1,-1,-1,-1,-1,1,-1,1,1,-1,1,-1,-1,1,1,-1,-1,-1,-1,-1,-1,1,1,-1,-1,1,-1,1,1,-1,-1,-1,1,-1,1,1,-1,-1,1,-1,-1,1,1,1,-1,1,-1,1,1,1,-1,-1,1,-1,-1,1,1,1,-1,1,-1,-1,1,1,-1,1,1,-1,-1,1,1,-1,1,1,-1,-1,1,1,1,1,1,-1,-1,1,1,1,1,1,1,-1,-1,1,1,-1,1,-1,-1,1,-1,1,1,1,1,-1,-1,1,-1,1,1,1,-1,1,1,1,1,-1,1,-1,1,1,1,1,1,1,1,-1,1,1,1,1,-1,1,-1,1,1,1,1,1,-1,1,1,1,1,-1,1,1,-1,1,1,-1,1,1,-1,-1,1,1,1,1,-1,1,-1,1,1,1,-1,-1,1,-1,1,1,1,-1,1,-1,-1,-1,1,1,-1,-1,1,-1,-1,1,1,1,-1,1,-1,-1,1,1,1,-1,1,-1,-1,1,1,-1,-1,-1,1,-1,1,1,-1,1,1,-1,1,1,-1,-1,1,-1,-1,-1,1,1,-1,1,1,-1,1,1,-1,-1,-1,-1,1,-1,-1,-1,-1,1,-1,-1,1,1,-1,1,1,-1,1,1,1,1,-1,1,-1,1,1,1,1,-1,1,-1,-1,1,1,1,-1,1,-1,1,1,1,1,-1,1,-1,1,1,1,-1,-1,1,-1,-1,1,1,-1,-1,-1,1,-1,1,-1,1,-1,1,-1,-1,1,-2674.0,1,2000,445,1500,False
293,1,1,-1,-1,1,-1,-1,-1,1,1,1,-1,1,1,1,1,-1,1,-1,-1,-1,-1,1,1,1,-1,-1,-1,1,1,1,1,-1,-1,-1,-1,1,1,1,1,-1,-1,-1,1,1,1,1,-1,1,1,1,1,-1,1,-1,-1,1,-1,1,1,1,-1,-1,-1,1,1,1,1,-1,-1,-1,1,1,1,1,-1,-1,-1,1,1,1,-1,-1,-1,1,1,1,1,-1,1,-1,1,1,1,1,-1,-1,1,1,-1,1,1,-1,-1,1,1,1,1,1,-1,-1,1,1,-1,1,1,-1,-1,1,1,1,1,1,1,-1,1,1,1,-1,1,1,-1,1,1,1,1,1,1,-1,-1,1,1,1,1,1,-1,1,1,1,1,1,1,-1,-1,-1,1,1,1,1,-1,1,1,1,1,-1,1,-1,1,-1,1,1,1,-1,-1,1,1,1,1,1,-1,1,-1,-1,1,-1,1,-1,1,1,1,1,1,1,1,1,1,-1,1,-1,1,-1,1,1,-1,1,-1,1,1,-1,1,-1,1,-1,1,-1,1,1,-1,1,-1,1,1,1,1,-1,-1,1,1,-1,-1,1,-1,1,-1,-1,1,-1,1,-1,1,-1,1,-1,-1,1,-1,-1,-1,1,1,-1,1,-1,1,1,1,-1,1,1,-1,1,-1,1,-1,1,-1,1,-1,1,1,-1,1,-1,-1,-1,1,1,-1,1,-1,-1,-1,1,1,-1,-1,1,1,-1,-1,1,1,-1,1,1,-1,1,1,1,1,-1,1,-1,1,1,-1,1,-1,1,1,-1,1,1,1,1,1,-1,-1,1,-1,-1,-1,1,1,-1,1,1,1,-1,1,-1,-1,1,1,1,1,1,-1,1,1,1,-1,1,1,-1,1,1,1,-1,1,1,-1,-1,1,1,1,-1,1,-1,1,1,1,-1,1,1,-1,1,1,1,-1,1,-1,-1,1,1,1,-1,1,-1,-1,-1,1,1,-1,1,-1,-1,1,-1,1,-1,1,1,-1,-1,1,1,1,1,1,-1,-1,1,1,-1,1,-1,1,-1,-1,-1,-1,1,1,-1,-1,1,1,-1,1,1,-1,-1,1,1,1,1,1,-1,1,1,1,-1,1,-1,-1,-1,-1,1,1,1,1,-1,-1,1,1,1,1,-1,-1,1,-1,-1,1,-1,-1,-1,-1,1,-1,1,1,1,1,1,1,-1,1,-1,1,-1,-1,1,-1,1,1,1,1,-1,1,-1,-1,1,1,-1,-1,1,-1,1,1,1,-1,-1,1,-1,-1,1,1,-1,-1,1,-1,1,1,-1,1,1,1,-1,1,-1,-1,-1,1,-1,-1,1,-1,-1,-1,1,-1,-1,1,-1,-1,-1,1,-1,-1,1,-1,-1,-1,1,-1,-1,1,-1,-1,-1,1,1,-1,1,1,-1,-1,1,1,-1,-1,1,1,-1,1,-1,-1,1,1,-1,1,1,1,-1,-1,1,-1,1,1,1,-1,-1,1,-1,-1,-1,1,1,-1,1,-1,1,1,1,1,1,-1,-1,-1,1,-1,-1,-1,1,1,-1,1,-1,1,-1,1,-1,1,1,-1,1,1,1,-1,-1,1,-1,1,-1,1,1,-1,1,-1,-1,1,1,-1,-1,1,-1,-1,-1,1,-1,-1,1,-1,1,1,1,1,-1,1,-1,-1,1,1,-1,-1,1,-1,-1,-1,1,1,-1,-1,1,1,-1,-1,-1,-1,1,1,1,-1,1,1,-1,-1,1,1,-1,1,-1,-1,1,1,1,1,-1,1,-1,1,-1,1,1,1,1,-1,-1,1,1,1,-1,-1,-1,-1,1,1,1,1,-1,-1,-1,1,1,1,-1,-1,-1,-1,1,1,1,1,-1,-1,1,1,1,1,1,-1,-1,-1,1,1,1,1,-1,-1,-1,1,1,-1,1,-1,-1,-1,1,1,1,1,-1,-1,1,1,1,1,-1,-1,1,1,-1,1,1,-1,-1,-1,1,1,1,-1,1,-1,1,1,1,1,1,-1,-1,-1,1,-1,1,-1,-1,-1,-1,1,-1,1,1,-1,-1,-1,1,-1,1,1,-1,-1,-1,1,1,1,1,-1,-1,-1,1,-1,1,1,-1,-1,-1,1,1,-1,-1,-1,-1,-1,1,-1,1,-1,-1,-1,-1,-1,-1,-1,1,-1,-1,-1,1,-1,-1,1,-1,-1,-1,-1,-1,1,1,-1,-1,-1,-1,-1,1,-1,-1,-1,1,-1,-1,1,-1,1,-1,-1,-1,-1,-1,-1,-1,1,-1,-1,-1,1,1,1,-1,-1,1,1,-1,-1,-1,-1,1,-1,-1,1,1,1,-1,-1,-1,-1,1,-1,1,1,-1,1,-1,-1,1,1,-1,-1,-1,-1,-1,-1,1,1,-1,-1,1,-1,1,1,-1,-1,-1,1,-1,1,1,-1,-1,1,-1,-1,1,1,1,-1,1,-1,1,1,1,-1,-1,1,-1,-1,1,1,1,-1,1,-1,-1,1,1,-1,1,1,-1,-1,1,1,1,1,1,-1,-1,1,1,-1,1,1,-1,-1,1,1,1,1,-1,1,-1,-1,1,1,1,1,-1,-1,1,-1,1,1,1,1,-1,-1,1,-1,1,1,1,-1,1,1,1,1,-1,1,-1,1,1,1,1,1,1,1,-1,1,1,1,1,-1,1,-1,1,1,1,1,1,-1,1,1,1,1,-1,1,1,-1,1,1,-1,1,1,-1,-1,1,1,1,1,-1,1,-1,1,1,1,-1,-1,1,-1,1,1,1,-1,1,-1,-1,-1,1,1,-1,-1,1,-1,-1,1,1,-1,-1,1,-1,-1,1,1,1,-1,1,-1,-1,1,1,-1,-1,-1,1,-1,-1,1,-1,1,1,-1,1,1,-1,-1,1,-1,-1,-1,-1,1,-1,1,1,-1,1,1,-1,-1,-1,-1,1,-1,-1,-1,-1,1,-1,-1,1,1,-1,1,1,-1,1,1,1,1,-1,1,-1,1,1,1,1,-1,1,-1,-1,-1,1,1,-1,1,-1,1,1,1,1,-1,1,-1,1,1,1,-1,-1,1,-1,-1,1,1,-1,-1,-1,1,-1,1,-1,1,-1,1,-1,-1,1,-2674.0,1,2000,445,0,False
294,1,1,-1,-1,1,-1,1,-1,1,1,1,-1,1,1,1,1,-1,1,-1,-1,1,-1,1,1,1,-1,-1,-1,1,1,1,1,-1,-1,-1,-1,1,-1,1,1,-1,-1,-1,1,1,1,1,-1,1,1,1,1,-1,1,-1,-1,1,-1,1,1,1,-1,-1,-1,1,1,1,1,-1,-1,-1,1,1,1,1,-1,-1,-1,1,1,1,-1,-1,-1,1,1,1,1,-1,1,-1,1,1,1,1,-1,-1,1,1,-1,1,1,-1,-1,1,1,1,1,1,-1,-1,1,1,1,1,1,-1,-1,1,1,1,1,1,1,-1,1,1,1,-1,1,1,-1,1,1,1,1,1,1,-1,-1,1,1,1,1,1,-1,1,1,1,1,1,1,-1,-1,-1,1,1,1,1,-1,1,1,1,1,-1,1,-1,1,-1,1,1,1,-1,-1,1,1,1,1,1,-1,1,-1,-1,1,-1,1,-1,1,1,1,1,1,1,1,1,1,1,1,-1,1,-1,1,1,-1,1,-1,1,1,-1,1,-1,1,-1,1,-1,1,1,-1,1,-1,1,1,1,1,-1,-1,1,1,-1,-1,1,-1,1,-1,1,1,-1,1,-1,1,-1,1,-1,1,1,-1,-1,-1,1,1,-1,1,-1,1,1,1,-1,1,1,-1,-1,-1,1,-1,1,-1,1,-1,1,1,-1,1,-1,-1,-1,1,1,-1,1,-1,-1,-1,1,1,-1,-1,1,1,-1,-1,1,1,-1,1,1,-1,1,1,1,1,-1,1,-1,1,1,-1,1,-1,1,1,-1,1,1,1,1,1,-1,-1,1,-1,-1,-1,1,1,-1,1,1,1,-1,1,-1,-1,1,1,1,1,1,-1,1,1,1,-1,1,1,-1,1,1,1,-1,1,1,-1,-1,1,1,1,-1,1,-1,1,1,1,-1,1,1,-1,1,1,1,-1,1,-1,-1,1,1,1,-1,1,-1,-1,-1,1,1,-1,1,-1,-1,1,-1,1,-1,1,1,-1,-1,1,1,1,-1,1,-1,-1,1,1,-1,1,-1,1,-1,-1,-1,-1,1,1,-1,-1,1,1,-1,1,1,-1,-1,1,1,1,1,1,-1,1,1,1,-1,1,-1,-1,-1,-1,1,1,1,1,-1,-1,1,1,1,-1,-1,-1,-1,-1,-1,1,-1,-1,-1,1,-1,1,1,-1,1,-1,1,1,-1,1,-1,1,-1,-1,1,-1,1,1,1,1,-1,1,-1,-1,1,1,-1,-1,1,-1,1,1,1,-1,-1,1,-1,-1,1,1,-1,1,1,-1,1,1,-1,-1,1,1,-1,1,-1,-1,-1,1,-1,-1,1,-1,-1,-1,1,-1,-1,1,-1,-1,-1,1,-1,-1,1,-1,-1,-1,1,-1,-1,1,-1,-1,-1,1,1,-1,1,-1,-1,-1,1,1,-1,-1,-1,1,-1,1,-1,-1,1,-1,-1,1,-1,1,-1,-1,1,-1,1,-1,1,1,-1,1,-1,-1,1,1,1,-1,1,-1,1,-1,1,1,1,-1,-1,-1,1,-1,-1,-1,1,1,-1,1,-1,1,-1,1,-1,1,1,-1,1,1,1,-1,-1,1,-1,1,-1,1,1,-1,1,-1,-1,1,1,-1,-1,1,-1,-1,-1,1,-1,-1,1,-1,1,1,1,1,-1,1,-1,-1,1,1,-1,-1,1,-1,-1,-1,1,1,-1,-1,1,1,-1,1,-1,-1,1,1,1,1,1,1,-1,-1,1,1,-1,1,-1,-1,1,1,1,1,-1,-1,-1,1,-1,1,1,1,1,-1,-1,1,1,1,-1,-1,-1,1,1,1,1,1,-1,-1,-1,1,1,1,-1,-1,-1,-1,1,1,1,1,-1,-1,1,1,1,1,1,-1,-1,-1,1,1,1,1,-1,-1,-1,1,1,-1,1,-1,-1,-1,1,1,1,1,-1,-1,1,1,1,1,1,-1,1,1,-1,1,1,-1,-1,-1,1,1,1,-1,1,-1,1,1,1,1,1,1,-1,-1,1,-1,1,-1,1,-1,-1,1,-1,1,1,-1,-1,-1,1,-1,1,1,-1,1,-1,1,1,1,-1,1,1,-1,1,-1,1,-1,-1,-1,-1,1,1,-1,-1,-1,-1,-1,1,-1,1,-1,-1,-1,-1,-1,-1,-1,1,-1,-1,-1,1,-1,-1,1,-1,-1,-1,-1,-1,-1,1,-1,-1,-1,-1,-1,1,-1,-1,-1,1,-1,-1,1,-1,1,-1,-1,-1,-1,-1,-1,-1,1,-1,-1,-1,1,1,-1,-1,-1,-1,1,-1,-1,-1,-1,1,-1,-1,1,1,1,-1,-1,-1,-1,1,-1,1,1,-1,1,-1,-1,1,1,-1,-1,-1,-1,-1,-1,1,1,-1,-1,1,-1,1,1,-1,-1,-1,1,-1,1,1,-1,-1,1,-1,-1,1,1,1,-1,1,-1,1,1,1,-1,-1,1,-1,-1,1,1,1,-1,1,-1,-1,1,1,-1,1,1,-1,-1,1,1,1,1,1,-1,-1,1,1,-1,1,1,-1,-1,1,1,1,1,1,1,-1,-1,1,1,1,1,-1,-1,1,-1,1,1,1,1,-1,-1,1,-1,1,1,1,-1,1,1,1,1,-1,1,-1,1,1,1,1,1,1,1,-1,1,1,1,1,-1,1,-1,1,1,1,1,1,-1,1,1,1,1,-1,1,1,-1,1,1,-1,1,1,-1,-1,1,1,1,1,-1,1,-1,1,1,1,-1,-1,1,-1,1,1,1,-1,1,-1,-1,-1,1,1,-1,-1,1,-1,-1,1,1,-1,-1,1,-1,-1,1,1,1,-1,1,-1,-1,1,1,-1,-1,-1,1,-1,-1,1,-1,1,1,-1,1,1,-1,-1,1,1,-1,-1,-1,1,-1,1,1,-1,1,1,-1,-1,-1,-1,1,-1,-1,-1,-1,-1,1,-1,1,1,-1,1,1,-1,1,1,1,1,-1,1,-1,1,1,1,1,-1,1,-1,-1,1,1,1,-1,1,-1,1,1,1,1,-1,1,-1,1,1,-1,-1,-1,1,-1,-1,1,1,-1,-1,-1,1,-1,1,-1,1,-1,1,-1,1,1,-2674.0,1,2000,445,1500,False
295,1,1,-1,-1,1,-1,-1,-1,1,1,1,-1,1,1,1,1,-1,1,-1,-1,-1,-1,1,1,1,-1,-1,-1,1,1,1,1,-1,-1,-1,-1,1,-1,1,1,-1,-1,-1,1,1,1,1,-1,1,1,1,1,-1,1,-1,-1,1,-1,1,1,1,-1,-1,-1,1,1,1,1,-1,-1,-1,1,1,1,1,-1,-1,-1,1,1,1,-1,-1,-1,1,1,1,1,-1,-1,-1,1,1,1,1,-1,-1,1,1,-1,1,1,-1,-1,1,1,1,1,1,-1,-1,1,1,1,1,1,-1,-1,1,1,1,1,1,1,-1,-1,1,1,-1,1,1,-1,1,1,1,1,1,1,-1,-1,1,1,1,1,1,-1,1,1,1,1,1,1,-1,-1,-1,1,1,1,1,-1,1,1,1,1,-1,1,-1,1,-1,1,1,1,-1,-1,1,1,1,1,1,-1,1,-1,-1,1,-1,1,-1,1,1,1,1,1,1,1,1,1,-1,1,-1,1,-1,1,1,-1,1,-1,1,1,-1,1,-1,1,-1,1,-1,1,1,-1,1,-1,1,1,1,1,-1,-1,1,1,-1,-1,1,-1,1,-1,-1,1,-1,1,-1,1,-1,1,-1,1,1,-1,-1,-1,1,1,-1,1,-1,1,1,1,-1,1,1,-1,1,-1,1,-1,1,-1,1,-1,1,1,-1,1,-1,-1,-1,1,1,-1,1,-1,-1,-1,1,1,-1,-1,1,1,-1,-1,1,1,-1,1,1,-1,1,1,1,1,-1,1,-1,1,1,-1,1,-1,1,1,-1,1,1,1,1,1,-1,-1,1,-1,-1,1,1,1,-1,1,1,1,-1,1,-1,-1,1,1,1,1,1,-1,1,1,1,-1,-1,1,-1,1,1,1,-1,1,1,-1,-1,1,1,1,-1,1,-1,1,1,1,-1,1,1,-1,1,1,1,-1,1,-1,-1,1,1,1,-1,1,-1,-1,-1,1,1,-1,1,-1,-1,1,-1,1,-1,1,1,-1,-1,1,1,1,-1,1,-1,-1,1,1,-1,1,-1,1,-1,-1,-1,-1,1,1,-1,-1,1,1,-1,1,1,-1,-1,1,1,1,1,1,-1,1,1,1,-1,1,-1,-1,-1,-1,1,1,1,1,-1,-1,1,1,1,1,-1,-1,-1,-1,-1,1,-1,-1,-1,1,-1,1,1,-1,1,-1,1,1,-1,1,-1,1,-1,-1,1,-1,1,1,1,1,-1,1,-1,-1,1,1,-1,-1,1,-1,1,1,1,-1,-1,1,-1,-1,1,1,-1,1,1,-1,1,1,-1,-1,1,1,-1,1,-1,-1,-1,1,-1,-1,1,-1,-1,-1,1,-1,-1,1,-1,-1,-1,1,-1,-1,1,1,-1,-1,1,-1,-1,1,-1,-1,-1,1,1,-1,1,-1,-1,-1,1,1,-1,-1,-1,1,-1,1,-1,-1,1,-1,-1,1,1,1,-1,-1,1,-1,1,-1,1,1,-1,1,-1,-1,1,1,1,-1,1,-1,1,-1,-1,-1,1,-1,-1,-1,1,-1,-1,-1,1,1,-1,1,-1,1,-1,1,-1,1,1,-1,1,1,1,-1,-1,1,-1,1,-1,1,1,-1,1,-1,-1,1,1,-1,-1,1,-1,-1,-1,1,-1,-1,1,-1,1,1,1,1,-1,1,-1,-1,1,1,-1,-1,1,-1,-1,-1,1,1,-1,-1,1,1,-1,1,-1,-1,1,1,1,1,1,1,-1,-1,1,1,-1,1,-1,-1,1,1,1,1,-1,-1,-1,1,-1,1,1,1,-1,-1,-1,1,1,1,-1,-1,-1,-1,1,1,1,1,-1,-1,-1,1,1,1,-1,-1,-1,-1,1,1,1,1,-1,-1,1,1,1,1,1,-1,-1,-1,1,1,1,1,-1,-1,-1,1,1,-1,1,-1,-1,-1,1,1,1,1,-1,-1,1,1,1,1,1,-1,1,1,-1,1,1,-1,-1,-1,1,1,1,-1,1,-1,1,1,1,1,1,1,-1,-1,1,-1,1,-1,1,-1,-1,1,-1,1,-1,-1,-1,-1,1,-1,1,1,-1,1,-1,1,1,1,-1,1,1,-1,1,-1,1,-1,-1,-1,-1,1,1,-1,-1,-1,-1,-1,1,-1,1,-1,-1,-1,-1,-1,-1,-1,1,-1,-1,-1,1,-1,-1,1,-1,-1,-1,-1,-1,-1,1,-1,-1,-1,-1,-1,1,-1,-1,-1,1,-1,-1,1,-1,1,-1,-1,-1,-1,-1,-1,-1,1,-1,-1,-1,1,1,1,-1,-1,1,-1,-1,-1,-1,-1,1,-1,-1,1,-1,1,-1,-1,-1,-1,1,-1,1,1,-1,1,-1,-1,1,1,-1,-1,-1,-1,-1,-1,1,1,-1,-1,1,-1,1,1,-1,-1,-1,1,-1,1,1,-1,-1,1,-1,-1,1,1,1,-1,1,-1,1,1,1,-1,-1,1,-1,-1,1,1,1,-1,1,-1,-1,1,1,-1,1,1,-1,-1,1,1,-1,1,1,-1,-1,1,1,-1,1,1,-1,-1,1,1,1,1,1,1,-1,-1,1,1,-1,1,-1,-1,1,-1,1,1,1,1,-1,-1,1,-1,1,1,1,-1,1,1,1,1,-1,1,-1,1,1,1,1,1,1,1,-1,1,1,1,1,-1,1,-1,1,1,1,1,1,-1,1,1,1,1,-1,1,1,-1,1,1,-1,1,1,-1,-1,1,1,1,1,-1,1,-1,1,1,1,-1,-1,1,-1,1,1,1,-1,1,-1,-1,-1,1,1,-1,-1,1,-1,-1,1,1,-1,-1,1,-1,-1,1,1,1,-1,-1,-1,-1,1,1,-1,-1,-1,1,-1,-1,1,-1,1,1,-1,1,1,-1,-1,1,1,-1,-1,1,1,-1,1,1,-1,1,1,-1,-1,-1,-1,1,-1,-1,-1,-1,1,-1,-1,1,1,-1,1,1,-1,1,1,1,1,-1,1,-1,1,1,1,1,-1,1,-1,-1,1,1,1,-1,1,-1,1,1,1,1,-1,1,-1,1,1,1,-1,-1,1,-1,-1,1,1,-1,-1,-1,1,-1,1,1,1,-1,1,-1,-1,1,-2674.0,1,2000,445,1500,False
296,1,1,-1,-1,1,1,-1,-1,1,1,1,-1,1,1,1,1,-1,1,-1,-1,1,-1,1,1,1,-1,-1,-1,1,1,1,1,-1,-1,-1,-1,1,-1,1,1,-1,-1,-1,1,1,1,1,-1,1,1,1,1,-1,1,-1,-1,1,-1,1,1,1,-1,-1,-1,1,1,1,1,-1,-1,-1,1,1,1,1,-1,-1,-1,1,1,1,-1,-1,-1,1,1,1,1,-1,-1,-1,1,1,1,1,-1,-1,1,1,-1,1,1,-1,-1,1,1,1,1,1,-1,-1,1,1,1,1,1,-1,-1,1,1,1,1,1,1,-1,-1,1,1,-1,1,1,-1,1,1,1,1,1,1,-1,-1,1,1,1,1,1,-1,1,1,1,1,1,1,-1,-1,-1,1,1,1,1,-1,1,1,1,1,-1,1,-1,1,-1,1,1,1,-1,-1,1,1,1,1,1,-1,1,-1,-1,1,-1,1,-1,1,1,1,1,1,1,1,1,1,-1,1,-1,1,-1,1,1,-1,1,-1,1,1,-1,1,-1,1,-1,1,-1,1,1,-1,1,-1,1,1,1,1,-1,-1,1,1,-1,-1,1,-1,1,-1,-1,1,-1,1,-1,1,-1,1,-1,-1,1,-1,-1,-1,1,1,-1,1,-1,1,1,1,-1,1,1,-1,1,-1,1,-1,1,-1,1,-1,1,1,-1,1,-1,-1,-1,1,1,-1,1,-1,-1,-1,1,1,-1,-1,1,1,-1,-1,1,1,-1,1,1,-1,1,1,1,1,-1,1,-1,1,1,-1,1,-1,1,1,-1,1,1,1,1,1,-1,-1,1,-1,-1,1,1,1,-1,1,1,1,-1,1,-1,-1,1,1,1,1,1,-1,1,1,1,-1,1,1,-1,1,1,1,-1,1,1,-1,-1,1,1,1,-1,1,-1,1,1,1,-1,1,1,-1,1,1,1,-1,1,-1,-1,1,1,1,-1,1,-1,-1,-1,1,1,-1,1,-1,-1,1,-1,1,-1,1,1,-1,-1,1,1,1,1,1,-1,-1,1,1,-1,1,-1,1,-1,-1,-1,-1,1,1,1,-1,1,1,-1,1,1,-1,-1,1,1,1,1,1,-1,1,1,1,-1,1,-1,-1,-1,-1,1,1,1,1,-1,-1,1,1,1,1,-1,-1,-1,-1,-1,1,-1,-1,-1,1,-1,1,1,1,1,1,1,1,-1,1,-1,1,-1,-1,1,-1,1,1,1,1,-1,1,-1,-1,1,1,-1,-1,1,-1,1,1,1,-1,-1,1,-1,-1,1,1,-1,1,1,-1,1,1,-1,-1,1,1,-1,1,-1,-1,-1,1,-1,-1,1,-1,-1,-1,1,-1,-1,1,-1,-1,-1,1,-1,-1,1,-1,-1,-1,1,-1,-1,1,-1,-1,-1,1,1,-1,1,-1,-1,-1,1,1,-1,-1,-1,1,-1,1,-1,-1,1,-1,-1,1,1,1,-1,-1,1,-1,1,-1,1,-1,-1,1,-1,-1,1,1,1,-1,1,-1,1,-1,-1,1,1,-1,-1,-1,1,-1,-1,-1,1,1,-1,1,-1,1,-1,1,-1,1,1,-1,1,1,1,-1,-1,1,-1,1,-1,1,1,-1,1,-1,-1,1,1,-1,-1,1,-1,-1,-1,1,-1,-1,1,-1,1,1,1,1,-1,1,-1,-1,1,1,-1,-1,1,-1,-1,-1,1,1,-1,-1,1,1,-1,-1,-1,-1,1,1,1,-1,1,1,-1,-1,1,1,-1,1,-1,-1,1,1,1,1,-1,-1,-1,1,-1,1,1,1,-1,-1,-1,1,1,1,-1,-1,-1,-1,1,1,1,1,-1,-1,-1,1,1,1,-1,-1,-1,-1,1,1,1,1,-1,-1,1,1,1,1,1,-1,-1,-1,1,1,1,1,-1,-1,-1,1,1,-1,1,-1,-1,-1,1,1,1,1,-1,-1,1,1,1,1,1,-1,1,1,-1,1,1,-1,-1,-1,1,1,1,-1,1,-1,1,1,1,1,1,1,-1,-1,1,-1,1,-1,1,-1,-1,1,-1,1,-1,-1,-1,-1,1,-1,1,1,-1,1,-1,1,1,1,-1,1,1,-1,1,-1,1,-1,-1,-1,-1,1,1,-1,-1,-1,-1,-1,1,-1,1,-1,-1,-1,-1,-1,-1,-1,1,-1,-1,-1,1,-1,-1,1,-1,-1,-1,-1,-1,1,1,-1,-1,-1,-1,-1,1,-1,-1,-1,1,-1,-1,1,-1,1,-1,-1,-1,-1,-1,-1,-1,1,-1,-1,-1,1,1,-1,-1,-1,1,1,-1,-1,-1,-1,1,-1,-1,1,-1,1,-1,-1,-1,-1,1,-1,1,1,-1,1,-1,-1,1,1,-1,-1,-1,-1,-1,-1,1,1,-1,-1,1,-1,1,1,-1,-1,-1,1,-1,1,1,-1,-1,1,-1,-1,1,1,1,-1,1,-1,1,1,1,-1,-1,1,-1,-1,1,1,1,-1,1,-1,-1,1,1,-1,1,1,-1,-1,1,1,-1,1,1,-1,-1,1,1,-1,1,1,-1,-1,1,1,1,1,-1,1,-1,-1,1,1,-1,1,-1,-1,1,-1,1,1,1,1,-1,-1,1,-1,1,1,1,-1,1,1,1,1,-1,1,-1,1,1,1,1,1,1,1,-1,1,1,1,1,-1,1,-1,1,1,1,1,1,-1,1,1,1,1,-1,1,1,-1,1,1,-1,1,1,-1,-1,1,1,1,1,-1,1,-1,1,1,1,-1,-1,1,-1,1,1,1,-1,1,-1,-1,-1,1,1,-1,-1,1,-1,-1,1,1,1,-1,1,-1,-1,1,1,1,-1,1,-1,-1,1,1,-1,-1,-1,1,-1,1,1,-1,1,1,-1,1,1,-1,-1,1,-1,-1,-1,1,1,-1,1,1,-1,1,1,-1,-1,-1,-1,1,-1,-1,-1,-1,-1,-1,-1,1,1,-1,1,1,-1,1,1,1,1,-1,1,-1,1,1,1,1,-1,1,-1,-1,1,1,1,-1,1,-1,1,1,1,1,-1,1,-1,1,1,-1,-1,-1,1,-1,-1,1,1,-1,-1,-1,1,-1,1,-1,1,-1,1,-1,-1,1,-2674.0,1,2000,445,1000,False
297,1,1,-1,-1,1,1,-1,-1,1,1,1,-1,1,1,1,1,-1,1,-1,-1,-1,-1,1,1,1,-1,-1,-1,1,1,1,1,-1,-1,-1,-1,1,1,1,1,-1,-1,-1,1,1,1,1,-1,1,1,1,1,-1,1,-1,-1,1,-1,1,1,1,-1,-1,-1,1,1,1,1,-1,-1,-1,1,1,1,1,-1,-1,-1,1,1,1,-1,-1,-1,1,1,1,1,-1,-1,-1,1,1,1,1,-1,-1,1,1,-1,1,1,-1,-1,1,1,1,1,1,-1,-1,1,1,1,1,1,-1,-1,1,1,1,1,1,1,-1,-1,1,1,-1,1,1,-1,1,1,1,1,1,1,-1,-1,1,1,1,1,1,-1,1,1,1,1,1,1,-1,-1,-1,1,1,1,1,-1,1,1,1,1,-1,1,-1,1,-1,1,1,1,-1,-1,1,1,1,1,1,-1,1,-1,-1,1,-1,1,-1,1,1,1,1,1,1,1,1,1,-1,1,-1,1,-1,1,1,-1,1,-1,1,1,-1,1,-1,1,-1,1,-1,1,1,-1,1,-1,1,1,1,1,-1,-1,1,1,-1,-1,1,-1,1,-1,-1,1,-1,1,-1,1,-1,1,-1,1,1,-1,1,-1,1,1,-1,1,-1,1,1,1,-1,1,1,-1,1,-1,1,-1,1,-1,1,-1,1,1,-1,1,-1,-1,-1,1,1,-1,1,-1,-1,-1,1,1,-1,-1,1,1,-1,-1,1,1,-1,1,1,-1,1,1,1,1,-1,1,-1,1,1,-1,1,-1,1,1,-1,1,1,1,1,1,-1,-1,1,-1,-1,-1,1,1,-1,1,1,1,-1,1,-1,-1,1,1,1,1,1,-1,1,1,1,-1,1,1,-1,1,1,1,-1,1,1,-1,-1,1,1,1,-1,1,-1,1,1,1,-1,1,1,-1,1,1,1,-1,1,-1,-1,1,1,1,-1,1,-1,-1,-1,1,1,-1,1,-1,-1,1,-1,1,-1,1,1,-1,-1,1,1,1,-1,1,-1,-1,1,1,-1,1,-1,1,-1,-1,-1,-1,1,1,-1,-1,1,1,-1,1,1,-1,-1,1,1,1,1,1,-1,1,1,1,-1,1,-1,-1,-1,-1,1,1,1,1,-1,-1,1,1,1,1,-1,-1,-1,-1,-1,1,-1,-1,-1,1,-1,1,1,-1,1,-1,1,1,-1,1,-1,1,-1,-1,1,-1,1,1,1,-1,1,1,-1,-1,1,1,-1,-1,1,-1,1,1,-1,1,-1,1,-1,-1,1,1,-1,1,1,-1,1,1,1,-1,1,1,-1,1,-1,-1,-1,1,-1,-1,1,-1,-1,-1,1,-1,-1,1,-1,1,-1,1,-1,-1,1,-1,-1,-1,1,-1,-1,1,-1,-1,-1,1,1,-1,1,-1,-1,-1,1,1,-1,-1,-1,1,-1,1,-1,-1,1,-1,-1,1,1,1,-1,-1,1,-1,1,-1,1,-1,-1,1,-1,-1,1,1,1,-1,1,-1,1,-1,-1,1,1,-1,-1,-1,1,-1,-1,-1,1,1,-1,1,-1,1,-1,1,-1,1,1,-1,1,1,1,-1,-1,1,-1,1,-1,1,1,-1,1,-1,-1,1,1,-1,-1,1,-1,-1,-1,1,-1,-1,1,-1,1,1,1,1,-1,1,-1,-1,1,1,-1,-1,1,-1,-1,-1,1,1,-1,-1,1,1,-1,-1,-1,-1,1,1,1,1,1,1,-1,-1,1,1,1,-1,-1,-1,-1,1,1,1,-1,-1,-1,1,-1,1,-1,1,-1,-1,-1,1,1,1,-1,-1,-1,-1,1,1,1,1,-1,-1,-1,1,1,1,-1,-1,-1,-1,1,1,1,1,-1,-1,1,1,1,1,1,-1,-1,-1,1,1,1,1,-1,-1,-1,1,1,-1,1,-1,-1,-1,1,1,1,1,-1,-1,1,1,1,1,1,-1,1,1,-1,1,1,-1,-1,-1,1,1,1,1,1,-1,1,1,1,1,1,1,-1,-1,1,-1,1,-1,1,-1,-1,1,-1,1,-1,-1,-1,-1,1,-1,1,1,-1,-1,-1,1,1,1,-1,1,-1,-1,1,-1,1,-1,-1,-1,-1,1,1,-1,-1,-1,-1,-1,1,-1,1,-1,-1,-1,-1,-1,-1,-1,1,-1,-1,-1,1,-1,-1,1,-1,-1,-1,-1,-1,1,1,-1,-1,-1,-1,-1,1,-1,-1,-1,1,-1,-1,1,-1,1,-1,-1,-1,-1,-1,-1,-1,1,-1,-1,-1,1,1,-1,-1,-1,1,1,-1,-1,-1,-1,1,-1,-1,1,-1,1,-1,-1,-1,-1,1,-1,1,1,-1,1,-1,-1,1,1,-1,-1,-1,-1,-1,-1,1,1,-1,-1,1,-1,1,1,-1,-1,-1,1,-1,1,1,-1,-1,1,-1,-1,1,1,1,-1,1,-1,1,1,1,-1,-1,1,-1,-1,1,-1,1,-1,1,-1,-1,1,1,-1,1,1,-1,-1,1,1,-1,1,1,-1,-1,1,1,-1,1,1,-1,-1,1,1,1,1,1,1,-1,-1,1,1,-1,1,-1,-1,1,-1,1,1,1,1,-1,-1,1,-1,1,1,1,-1,1,1,1,1,-1,1,-1,1,1,1,1,1,1,1,-1,1,1,1,1,-1,1,-1,1,1,1,1,1,-1,1,1,1,1,-1,1,1,-1,1,1,-1,1,1,-1,-1,1,1,1,1,-1,1,-1,1,1,1,-1,-1,1,-1,1,1,1,-1,1,-1,-1,-1,1,1,-1,-1,1,-1,-1,1,1,-1,-1,1,-1,-1,1,1,1,-1,1,-1,-1,1,1,-1,-1,-1,1,-1,1,1,-1,1,1,-1,1,1,-1,-1,1,1,-1,-1,1,1,-1,1,1,-1,1,1,-1,-1,-1,-1,1,-1,-1,-1,-1,-1,-1,-1,1,1,-1,1,1,-1,1,1,1,1,-1,1,-1,1,1,1,1,-1,1,-1,-1,1,1,1,-1,1,-1,1,1,1,1,-1,1,-1,1,1,1,-1,-1,1,-1,-1,1,1,-1,-1,-1,1,-1,1,1,1,-1,1,-1,-1,1,-2674.0,1,2000,445,0,False
298,1,1,-1,-1,1,1,-1,-1,1,1,1,-1,-1,1,1,1,-1,1,-1,-1,-1,-1,1,1,1,-1,-1,-1,1,1,1,1,1,-1,-1,-1,1,1,1,1,-1,-1,-1,1,1,1,1,-1,1,1,1,1,-1,1,-1,-1,1,-1,1,1,1,-1,-1,-1,1,1,1,1,-1,-1,-1,1,1,1,1,-1,-1,-1,1,1,1,-1,-1,-1,1,1,1,1,-1,-1,-1,1,1,1,1,-1,-1,1,1,-1,1,1,-1,-1,1,1,1,1,1,-1,-1,-1,1,1,1,1,-1,-1,1,1,1,1,1,1,-1,-1,1,1,-1,1,1,-1,1,1,1,1,1,1,-1,1,1,1,1,1,1,-1,1,1,1,1,1,1,-1,-1,-1,1,1,1,1,-1,1,1,1,1,-1,1,-1,1,1,1,1,1,-1,-1,1,1,1,1,1,-1,1,-1,-1,1,-1,1,-1,1,1,1,1,1,1,1,1,1,-1,1,-1,1,-1,1,1,-1,1,-1,1,1,-1,1,-1,1,-1,1,-1,1,1,-1,1,-1,1,1,1,1,-1,-1,1,1,-1,-1,1,-1,1,-1,-1,1,-1,1,-1,1,-1,1,-1,-1,1,-1,-1,-1,1,1,-1,1,-1,1,1,1,-1,1,-1,-1,1,-1,1,-1,1,1,1,-1,1,1,-1,1,-1,-1,-1,1,1,-1,1,-1,-1,-1,1,1,-1,-1,1,1,-1,-1,1,1,-1,1,1,-1,1,1,1,1,-1,1,-1,1,1,-1,1,-1,1,1,-1,1,1,1,1,1,-1,-1,1,-1,-1,1,1,1,-1,1,1,1,-1,1,-1,-1,1,1,1,1,1,-1,1,1,1,-1,1,1,-1,1,1,1,-1,1,1,-1,-1,1,1,1,-1,1,-1,1,1,1,-1,1,1,-1,1,1,1,-1,1,-1,-1,1,1,1,-1,1,-1,-1,-1,1,1,-1,1,-1,-1,1,-1,1,-1,1,1,-1,-1,1,1,1,-1,1,-1,-1,1,1,-1,1,-1,1,-1,-1,-1,-1,1,1,-1,-1,1,1,-1,1,1,-1,-1,1,1,1,1,1,-1,1,1,1,-1,1,-1,-1,-1,-1,1,1,1,1,-1,-1,1,1,1,-1,-1,-1,1,-1,-1,1,-1,-1,-1,-1,1,-1,1,-1,1,-1,1,1,-1,1,-1,1,-1,-1,1,-1,1,1,1,1,-1,1,-1,-1,1,1,-1,-1,1,-1,1,1,1,-1,-1,1,-1,-1,1,1,-1,-1,1,-1,1,1,-1,1,1,1,-1,1,-1,-1,-1,1,-1,-1,1,-1,-1,-1,1,-1,-1,1,-1,-1,-1,1,-1,-1,1,-1,-1,-1,1,-1,-1,1,-1,-1,-1,1,1,-1,1,-1,-1,-1,1,1,-1,-1,-1,1,-1,1,-1,-1,1,-1,-1,1,1,1,-1,-1,1,-1,1,1,1,-1,-1,1,-1,-1,-1,1,1,-1,1,-1,1,1,-1,-1,1,-1,-1,-1,1,-1,-1,-1,1,1,-1,1,-1,1,-1,1,-1,1,1,-1,1,1,1,-1,1,1,-1,1,-1,1,1,-1,1,-1,-1,1,1,-1,-1,1,-1,-1,-1,1,-1,-1,1,-1,1,1,1,1,-1,1,-1,-1,1,1,-1,-1,1,-1,-1,-1,1,1,-1,-1,1,1,-1,-1,-1,-1,-1,1,1,1,1,1,-1,1,1,1,-1,1,-1,-1,1,1,1,1,-1,-1,-1,1,-1,1,1,1,1,-1,-1,1,1,1,-1,-1,-1,1,1,1,1,1,-1,-1,-1,1,1,1,-1,-1,-1,-1,1,1,1,1,-1,-1,1,1,1,1,1,-1,-1,-1,1,1,1,1,-1,-1,-1,1,1,-1,1,-1,-1,-1,1,1,1,1,-1,-1,1,1,1,1,-1,-1,1,1,-1,1,1,-1,-1,-1,1,1,1,-1,1,-1,1,1,1,1,1,-1,-1,-1,1,-1,1,-1,-1,-1,-1,1,-1,1,1,-1,-1,-1,1,-1,1,1,-1,-1,-1,1,1,1,1,-1,-1,-1,1,-1,1,1,-1,-1,-1,1,1,-1,-1,-1,-1,-1,1,-1,1,-1,-1,-1,-1,-1,-1,-1,1,-1,-1,-1,1,-1,-1,1,-1,-1,-1,-1,-1,-1,1,-1,-1,-1,-1,-1,1,-1,-1,-1,1,-1,-1,1,-1,1,-1,-1,-1,-1,-1,-1,-1,1,-1,-1,-1,1,1,1,-1,-1,1,-1,-1,-1,-1,-1,1,-1,-1,1,1,1,-1,-1,-1,-1,1,-1,1,1,-1,1,-1,-1,1,1,-1,-1,-1,-1,-1,-1,1,1,-1,-1,1,-1,1,1,-1,-1,-1,1,-1,1,1,-1,-1,1,-1,-1,1,1,1,-1,1,-1,1,1,1,-1,-1,1,-1,-1,1,1,1,-1,1,-1,-1,1,1,-1,1,1,-1,-1,1,1,1,1,1,-1,-1,1,1,1,1,1,-1,-1,1,1,1,1,-1,1,-1,-1,1,1,-1,1,-1,-1,1,-1,1,1,1,1,-1,-1,1,-1,1,1,1,-1,1,1,1,1,-1,1,-1,1,1,1,1,1,1,1,-1,1,1,1,1,-1,1,-1,1,1,1,1,1,-1,1,1,1,1,-1,1,1,-1,1,1,-1,1,1,-1,-1,1,1,1,1,-1,1,-1,1,1,1,-1,-1,1,-1,1,1,1,-1,1,-1,-1,-1,1,1,-1,-1,1,-1,-1,1,1,-1,-1,1,-1,-1,1,1,1,-1,1,-1,-1,1,1,-1,-1,-1,1,-1,1,1,-1,1,1,-1,1,1,-1,-1,1,1,-1,-1,1,1,-1,1,1,-1,1,1,-1,-1,-1,-1,1,-1,-1,-1,-1,-1,1,-1,1,1,-1,1,1,-1,1,1,1,1,-1,1,-1,1,1,1,-1,-1,1,-1,-1,1,1,-1,1,1,-1,1,1,1,-1,-1,1,-1,1,1,1,1,-1,1,-1,-1,1,1,-1,-1,1,1,-1,1,-1,1,-1,1,-1,1,1,-2674.0,1,2000,445,0,False
299,-1,-1,1,1,1,1,-1,1,-1,-1,-1,1,-1,1,-1,-1,1,-1,1,1,1,1,-1,-1,-1,1,-1,-1,1,-1,-1,-1,1,1,-1,1,1,-1,-1,-1,1,-1,1,-1,-1,-1,-1,-1,1,-1,-1,-1,1,-1,1,-1,-1,1,-1,-1,-1,1,1,1,-1,1,-1,-1,-1,-1,1,-1,-1,-1,-1,-1,1,1,-1,-1,-1,1,1,-1,-1,-1,-1,1,-1,1,-1,-1,-1,1,-1,-1,1,1,-1,1,1,1,-1,-1,1,-1,-1,1,1,-1,-1,1,-1,-1,1,1,-1,-1,1,-1,-1,1,1,-1,-1,1,-1,-1,1,1,-1,-1,1,-1,-1,1,1,1,-1,1,-1,-1,1,1,-1,-1,-1,-1,-1,-1,1,1,-1,1,1,-1,1,1,1,-1,1,1,-1,-1,1,1,-1,1,1,-1,1,1,-1,-1,1,-1,-1,1,1,-1,1,-1,1,-1,1,1,-1,1,1,-1,-1,-1,1,1,1,1,1,-1,1,1,-1,1,1,1,-1,1,1,1,-1,1,1,-1,1,1,1,1,1,1,-1,1,1,-1,-1,1,1,1,-1,1,-1,-1,1,1,-1,-1,1,-1,-1,1,1,-1,-1,1,-1,1,1,1,1,-1,-1,1,-1,1,1,-1,1,1,-1,1,1,1,-1,-1,1,-1,1,-1,1,1,1,1,-1,1,-1,1,1,-1,1,-1,1,-1,1,1,1,1,1,-1,1,1,1,1,1,1,-1,1,1,-1,-1,-1,1,1,-1,1,1,-1,-1,1,-1,-1,1,1,1,-1,1,1,1,1,1,1,-1,1,-1,1,1,-1,1,-1,1,1,-1,1,1,1,-1,1,1,1,1,1,-1,1,1,-1,-1,1,1,-1,1,1,-1,1,1,1,-1,1,1,1,-1,1,1,1,1,1,-1,1,1,1,1,1,1,-1,1,-1,1,-1,1,1,-1,1,-1,1,1,-1,1,-1,1,-1,1,1,-1,1,-1,1,1,-1,1,-1,1,1,-1,1,-1,1,-1,1,-1,1,-1,-1,1,1,-1,-1,1,1,-1,1,-1,1,-1,1,-1,1,1,-1,1,1,1,1,-1,1,-1,1,-1,1,-1,-1,1,-1,1,1,1,1,-1,1,1,1,1,1,-1,-1,1,-1,-1,1,-1,1,-1,-1,1,-1,1,-1,-1,-1,-1,1,-1,1,-1,1,-1,-1,1,-1,1,1,-1,-1,-1,1,-1,-1,1,1,-1,-1,1,-1,1,1,-1,1,-1,1,-1,-1,1,1,-1,-1,-1,-1,1,1,-1,1,-1,1,-1,1,-1,1,-1,-1,-1,-1,1,-1,1,-1,-1,-1,-1,1,-1,-1,-1,-1,-1,-1,1,-1,1,-1,1,-1,-1,1,-1,-1,1,-1,-1,-1,1,1,1,-1,1,-1,-1,-1,-1,1,-1,1,-1,-1,1,-1,1,1,1,-1,-1,-1,1,1,-1,1,-1,1,-1,1,1,1,-1,1,1,-1,1,1,1,1,1,1,1,-1,1,1,-1,1,-1,1,-1,1,-1,-1,-1,1,-1,-1,1,-1,-1,-1,1,1,-1,1,1,-1,-1,1,1,-1,-1,1,-1,-1,-1,-1,-1,1,1,-1,-1,-1,-1,-1,1,1,-1,-1,1,1,1,-1,1,-1,1,-1,1,-1,1,1,-1,-1,-1,1,-1,-1,1,1,-1,1,1,1,1,1,1,-1,-1,1,-1,1,1,1,-1,-1,1,-1,1,1,-1,-1,1,1,-1,1,1,-1,1,1,-1,1,1,1,1,-1,1,1,-1,1,1,-1,1,1,1,1,1,1,1,-1,-1,1,1,1,1,1,-1,1,1,-1,1,1,1,-1,-1,1,1,1,-1,1,-1,-1,1,1,1,1,1,1,-1,-1,1,1,1,1,-1,-1,1,1,1,1,-1,1,-1,1,-1,1,-1,-1,1,-1,1,-1,1,1,-1,-1,1,-1,1,1,-1,1,-1,-1,1,-1,-1,1,-1,1,-1,1,-1,1,-1,1,-1,-1,1,-1,1,-1,1,1,-1,1,-1,1,-1,1,-1,-1,1,-1,1,-1,-1,1,1,1,1,1,-1,1,1,-1,1,1,1,1,-1,1,-1,1,-1,1,-1,1,1,1,-1,1,1,-1,1,1,1,-1,1,1,1,-1,1,-1,-1,1,1,-1,-1,1,-1,1,-1,-1,1,-1,1,1,-1,1,1,-1,-1,1,1,-1,1,1,-1,-1,-1,1,1,1,1,-1,-1,1,1,-1,1,1,-1,-1,1,-1,1,1,1,1,-1,-1,1,-1,1,1,-1,1,-1,-1,1,1,1,-1,-1,-1,-1,-1,1,-1,-1,-1,1,-1,1,1,1,1,-1,-1,-1,1,1,1,-1,-1,-1,-1,1,1,-1,1,-1,-1,1,1,1,1,-1,1,-1,-1,1,1,1,-1,1,-1,-1,1,1,1,1,-1,-1,-1,1,1,1,1,1,-1,-1,1,1,1,1,1,-1,-1,1,1,-1,1,1,1,-1,-1,1,-1,1,1,-1,-1,1,-1,-1,1,1,1,-1,-1,1,-1,1,-1,1,-1,1,1,-1,1,-1,1,-1,1,1,-1,1,1,1,1,-1,1,1,1,1,-1,1,-1,1,1,1,1,1,-1,1,1,1,1,-1,1,1,-1,1,1,-1,1,1,-1,-1,1,-1,1,1,-1,1,-1,1,-1,1,-1,-1,1,-1,1,-1,1,-1,1,-1,-1,-1,1,1,-1,-1,1,-1,-1,-1,1,-1,-1,1,-1,-1,-1,1,1,-1,1,-1,-1,1,-1,-1,-1,-1,1,-1,1,-1,-1,1,1,-1,1,1,-1,-1,1,1,-1,-1,-1,1,-1,1,1,-1,1,-1,1,-1,1,-1,1,-1,-1,-1,-1,1,-1,-1,1,1,-1,1,1,-1,1,1,-1,-1,-1,1,-1,1,1,1,1,-1,1,-1,-1,1,1,-1,-1,1,-1,1,1,1,-1,-1,1,-1,1,1,-1,-1,-1,1,-1,-1,1,1,-1,-1,-1,1,-1,1,-1,1,-1,1,-1,-1,1,-2674.0,1,2000,445,1500,True
300,1,1,-1,-1,1,1,-1,-1,1,1,1,-1,-1,1,1,1,-1,1,-1,-1,-1,-1,1,1,1,-1,-1,-1,1,1,1,1,1,-1,-1,-1,1,1,1,1,-1,-1,-1,1,1,1,1,-1,1,1,1,1,-1,1,-1,-1,1,-1,1,1,1,-1,-1,-1,1,1,1,1,-1,-1,-1,1,1,1,1,-1,-1,-1,1,1,1,-1,-1,-1,1,1,1,1,-1,-1,1,1,1,1,1,-1,-1,-1,1,-1,1,1,-1,-1,1,1,1,1,1,-1,-1,-1,1,1,1,1,-1,-1,1,1,1,1,1,1,-1,-1,1,1,-1,1,1,-1,1,1,1,1,1,1,-1,1,1,1,1,1,1,-1,1,1,1,1,1,1,-1,-1,-1,1,1,1,1,-1,1,1,1,1,-1,1,-1,1,-1,1,1,1,-1,-1,1,1,1,1,1,-1,1,-1,-1,1,-1,1,-1,1,1,1,1,1,1,1,1,1,1,1,-1,1,-1,1,1,-1,1,-1,1,1,-1,1,-1,1,-1,1,-1,1,1,-1,1,-1,1,1,1,1,-1,-1,1,1,-1,-1,1,-1,1,-1,1,1,-1,1,-1,1,-1,1,-1,1,1,-1,-1,-1,1,1,-1,1,-1,1,1,1,-1,1,1,-1,1,-1,1,-1,1,-1,1,-1,1,1,-1,1,-1,-1,-1,1,1,-1,1,-1,-1,-1,1,1,-1,-1,1,1,-1,-1,1,1,-1,1,1,-1,1,1,1,-1,-1,1,-1,1,1,-1,1,-1,1,1,-1,1,1,-1,-1,1,-1,-1,1,-1,1,-1,1,1,-1,1,1,1,-1,1,-1,-1,1,1,-1,-1,1,-1,1,1,1,1,-1,1,-1,1,1,1,-1,1,1,-1,-1,1,1,-1,-1,1,-1,1,1,1,1,1,1,-1,1,1,1,1,1,-1,-1,1,1,1,1,1,-1,-1,-1,1,1,1,1,-1,-1,1,-1,1,-1,1,1,-1,-1,1,1,1,1,1,-1,-1,1,1,1,1,-1,1,-1,-1,-1,-1,1,1,-1,-1,1,1,-1,1,1,-1,-1,1,1,1,1,1,-1,1,1,1,-1,1,-1,-1,-1,-1,1,1,1,1,-1,-1,1,-1,1,1,-1,-1,-1,-1,-1,1,-1,-1,-1,1,-1,1,1,1,1,-1,1,1,-1,1,-1,1,-1,-1,1,-1,1,1,1,1,-1,1,-1,-1,1,1,-1,-1,1,-1,1,1,1,-1,-1,1,-1,1,1,1,-1,1,1,-1,1,1,-1,-1,1,1,-1,1,-1,-1,-1,1,-1,1,1,-1,-1,1,1,-1,-1,1,-1,-1,-1,1,-1,-1,1,-1,-1,-1,1,-1,-1,1,-1,-1,-1,1,1,-1,1,-1,-1,-1,1,1,-1,1,-1,1,-1,1,-1,-1,1,-1,-1,1,-1,1,-1,-1,1,-1,1,-1,1,-1,-1,1,-1,-1,1,1,1,-1,1,-1,1,-1,-1,1,1,-1,-1,-1,1,-1,-1,-1,1,1,-1,1,-1,1,-1,1,-1,1,1,-1,1,1,1,-1,-1,1,-1,1,-1,1,1,-1,1,-1,-1,1,1,-1,-1,1,-1,-1,-1,1,-1,-1,1,-1,1,1,1,1,-1,1,-1,-1,1,1,-1,-1,1,-1,-1,-1,1,1,-1,-1,1,1,-1,1,-1,-1,1,1,1,1,1,1,-1,-1,1,1,-1,1,-1,-1,1,1,1,1,-1,-1,-1,1,-1,1,1,1,-1,-1,-1,1,1,1,-1,-1,-1,-1,1,1,1,1,-1,-1,-1,1,1,1,-1,-1,-1,-1,1,1,1,1,-1,-1,1,1,1,1,1,-1,-1,-1,1,1,1,1,-1,-1,-1,1,1,-1,1,-1,-1,-1,1,1,1,1,-1,-1,1,1,1,1,1,-1,1,1,-1,1,1,-1,-1,-1,1,1,1,-1,1,-1,1,1,1,1,1,1,-1,-1,1,-1,1,-1,1,-1,-1,1,-1,1,-1,-1,-1,-1,1,-1,1,1,-1,-1,-1,1,1,1,-1,1,-1,-1,1,-1,1,-1,-1,-1,-1,1,1,-1,-1,-1,-1,-1,1,-1,1,-1,-1,-1,-1,-1,-1,-1,1,-1,-1,-1,1,-1,-1,1,-1,-1,-1,-1,-1,-1,1,-1,-1,-1,-1,-1,1,-1,-1,-1,1,-1,-1,1,-1,1,-1,-1,-1,-1,-1,-1,-1,1,-1,-1,-1,1,1,-1,-1,-1,-1,1,-1,-1,-1,-1,1,-1,-1,1,-1,1,-1,-1,-1,-1,1,-1,1,1,-1,1,-1,-1,1,1,-1,-1,-1,-1,-1,-1,1,1,-1,-1,1,-1,1,1,-1,-1,-1,1,-1,-1,1,-1,-1,1,-1,-1,1,1,1,-1,1,-1,1,1,1,-1,-1,1,-1,-1,1,-1,1,-1,1,-1,-1,1,1,-1,1,1,-1,-1,1,1,-1,1,1,-1,-1,1,1,1,1,1,-1,-1,1,1,1,1,1,1,-1,1,1,1,-1,1,-1,-1,1,-1,1,1,1,1,-1,-1,1,-1,1,1,1,-1,1,1,1,1,-1,1,-1,1,1,1,1,1,1,-1,-1,-1,1,1,1,-1,1,-1,1,1,1,1,-1,1,-1,1,1,1,-1,-1,1,-1,-1,1,-1,1,-1,-1,-1,1,1,1,-1,1,-1,-1,1,1,1,-1,-1,-1,-1,1,1,1,-1,-1,-1,-1,-1,1,1,-1,1,-1,-1,-1,1,1,-1,1,-1,1,-1,1,1,1,1,1,-1,-1,1,1,-1,-1,1,1,-1,1,1,-1,1,-1,-1,1,1,-1,-1,1,-1,-1,-1,1,1,-1,1,1,-1,1,1,-1,-1,-1,-1,1,-1,-1,-1,-1,1,-1,-1,1,1,-1,1,1,-1,1,1,1,1,-1,1,-1,1,1,1,-1,-1,1,-1,-1,1,1,-1,-1,1,-1,1,1,1,-1,-1,1,-1,1,1,1,1,-1,1,-1,-1,1,1,1,-1,-1,1,-1,1,-1,1,-1,1,-1,-1,1,-2674.0,1,2000,445,1500,False
301,1,1,-1,-1,1,-1,-1,-1,1,1,1,-1,1,1,1,1,-1,1,-1,-1,-1,-1,1,1,1,-1,1,-1,1,1,1,1,1,-1,-1,-1,1,-1,1,1,-1,-1,-1,1,1,1,1,-1,1,1,1,1,-1,1,-1,-1,1,-1,1,1,1,-1,-1,-1,1,1,1,1,-1,-1,-1,1,1,1,1,-1,-1,-1,1,1,1,-1,-1,-1,1,1,1,1,-1,-1,1,1,1,1,1,-1,-1,-1,1,-1,1,1,-1,-1,1,1,1,1,1,-1,-1,-1,1,1,1,1,-1,-1,1,1,1,1,1,1,-1,-1,1,1,-1,1,1,-1,1,1,1,1,1,1,-1,1,1,1,1,1,1,-1,1,1,1,1,1,1,-1,-1,-1,1,1,1,1,-1,1,1,1,1,-1,1,-1,1,-1,1,1,1,-1,-1,1,1,1,1,1,-1,1,-1,-1,1,-1,1,-1,1,1,1,1,1,1,1,1,1,1,1,-1,1,-1,1,1,-1,1,-1,1,1,-1,1,-1,1,-1,1,-1,1,1,-1,-1,-1,1,1,1,1,-1,-1,1,1,-1,-1,1,-1,1,-1,-1,1,-1,1,-1,1,-1,1,-1,1,1,-1,-1,-1,1,1,-1,1,-1,1,1,1,-1,1,1,-1,1,-1,1,-1,1,-1,1,-1,1,1,-1,1,-1,-1,-1,1,1,-1,1,-1,-1,-1,1,1,-1,-1,1,1,-1,-1,1,1,-1,1,1,-1,1,1,1,1,-1,1,-1,1,1,-1,1,-1,1,1,-1,1,1,1,1,1,-1,-1,1,-1,-1,1,1,1,-1,1,1,1,-1,1,-1,-1,1,1,1,-1,1,-1,1,1,1,-1,-1,1,-1,1,1,1,-1,1,1,-1,-1,1,1,1,-1,1,-1,1,1,1,-1,1,1,-1,1,1,1,-1,1,-1,-1,1,1,1,-1,1,-1,-1,-1,1,1,-1,1,-1,-1,1,-1,1,-1,1,1,-1,-1,1,1,1,1,1,-1,-1,1,1,-1,1,-1,1,-1,-1,-1,-1,1,1,-1,-1,1,1,-1,1,1,-1,-1,1,1,1,1,1,-1,1,1,1,-1,1,-1,-1,-1,-1,1,1,1,1,-1,-1,1,1,1,1,-1,-1,-1,-1,-1,1,-1,-1,-1,1,-1,1,1,1,1,-1,1,1,-1,1,-1,1,-1,-1,1,-1,1,1,1,1,-1,1,-1,-1,1,1,-1,-1,1,-1,1,1,1,-1,-1,1,-1,-1,1,1,-1,1,1,-1,1,1,-1,-1,1,1,-1,1,-1,-1,-1,1,-1,-1,1,-1,-1,-1,1,-1,-1,1,-1,-1,-1,1,-1,-1,1,-1,-1,-1,1,-1,-1,1,-1,-1,-1,1,1,-1,1,1,-1,-1,1,1,-1,-1,-1,1,-1,1,-1,-1,1,-1,-1,1,-1,1,-1,-1,1,-1,1,-1,1,-1,-1,1,-1,-1,1,1,1,-1,1,-1,1,-1,-1,-1,1,-1,-1,-1,1,-1,-1,-1,1,1,-1,1,-1,1,-1,1,-1,1,1,-1,1,1,1,-1,-1,1,-1,1,-1,1,1,-1,1,-1,-1,1,1,-1,-1,1,-1,-1,-1,1,-1,-1,1,-1,1,1,1,1,-1,1,-1,-1,1,1,-1,-1,1,-1,-1,-1,1,1,-1,-1,1,1,-1,-1,-1,-1,1,1,1,1,1,1,-1,-1,1,1,-1,1,-1,-1,1,1,1,1,-1,-1,-1,1,-1,1,1,1,-1,-1,-1,1,1,1,-1,-1,-1,-1,1,1,1,1,-1,-1,-1,1,1,1,-1,-1,-1,-1,1,1,1,1,-1,-1,-1,1,1,1,1,-1,-1,1,1,1,1,1,-1,-1,-1,1,1,-1,1,-1,-1,-1,1,1,1,1,-1,-1,1,1,1,1,1,-1,1,1,-1,1,1,-1,-1,-1,1,1,1,1,1,-1,1,1,1,1,1,1,-1,-1,1,-1,1,-1,1,-1,-1,1,-1,1,1,-1,-1,-1,1,-1,1,1,-1,1,-1,1,1,1,-1,1,1,-1,1,-1,1,-1,-1,-1,-1,1,1,-1,-1,-1,-1,-1,1,-1,1,-1,-1,-1,-1,-1,-1,-1,1,-1,-1,-1,1,-1,-1,1,-1,-1,-1,-1,-1,-1,1,-1,-1,-1,-1,-1,1,-1,-1,-1,1,-1,-1,1,-1,1,-1,-1,-1,-1,-1,-1,-1,1,-1,-1,-1,1,1,-1,-1,-1,1,1,-1,-1,-1,-1,1,-1,-1,1,1,1,-1,-1,-1,-1,1,-1,1,1,-1,1,-1,-1,1,1,-1,-1,-1,-1,-1,-1,1,1,-1,-1,1,-1,1,1,-1,-1,-1,1,-1,-1,1,-1,-1,1,-1,-1,1,1,1,-1,1,-1,1,1,1,-1,-1,1,-1,-1,1,1,1,-1,1,-1,-1,1,1,-1,1,1,-1,-1,1,1,1,1,1,-1,-1,1,1,1,1,1,-1,-1,1,1,1,1,1,1,-1,-1,1,1,1,1,-1,-1,1,-1,1,1,1,1,-1,-1,1,-1,1,1,1,-1,1,1,1,1,-1,1,-1,1,1,1,1,1,1,1,-1,1,1,1,1,-1,1,-1,1,1,1,1,1,-1,1,1,1,1,-1,1,1,-1,1,1,-1,1,1,-1,-1,1,1,1,1,-1,1,-1,1,1,1,-1,-1,1,-1,1,1,1,-1,1,-1,-1,-1,1,1,-1,-1,1,-1,-1,1,1,-1,-1,1,-1,-1,1,1,1,-1,1,-1,-1,1,1,-1,-1,1,1,-1,-1,1,-1,1,1,-1,1,1,-1,-1,1,-1,-1,-1,1,1,-1,1,1,-1,1,1,-1,-1,-1,-1,1,-1,-1,-1,-1,1,-1,-1,1,1,-1,1,1,-1,1,1,1,1,-1,1,-1,1,1,1,-1,-1,1,-1,-1,1,1,-1,-1,1,-1,1,1,1,-1,-1,1,-1,1,1,1,1,-1,1,-1,-1,1,1,1,-1,-1,1,-1,1,1,1,-1,1,-1,-1,1,-2674.0,1,2000,445,1500,False
302,1,1,-1,-1,1,1,-1,-1,1,1,1,-1,-1,1,1,1,-1,1,-1,-1,-1,-1,1,1,1,-1,-1,-1,1,1,1,1,-1,-1,-1,-1,1,-1,1,1,-1,-1,-1,1,1,1,1,-1,1,1,1,1,-1,1,-1,-1,1,-1,1,1,1,-1,-1,-1,1,1,1,1,-1,-1,-1,1,1,1,1,-1,-1,-1,1,1,1,-1,-1,-1,1,1,1,1,-1,-1,-1,1,1,1,1,-1,-1,1,1,-1,1,1,-1,-1,1,1,1,1,1,-1,-1,1,1,1,1,1,-1,-1,1,1,1,1,1,1,-1,-1,1,1,-1,1,1,-1,1,1,1,1,1,1,-1,-1,1,1,1,1,1,-1,1,1,1,1,1,1,-1,-1,-1,1,1,1,1,-1,1,1,1,1,-1,1,-1,1,-1,1,1,1,-1,-1,1,1,1,1,1,-1,1,-1,-1,1,-1,1,-1,1,1,1,1,1,1,1,1,1,-1,1,-1,1,-1,1,1,-1,1,-1,1,1,-1,1,-1,1,-1,1,-1,1,1,-1,1,-1,1,1,1,1,-1,-1,1,1,-1,-1,1,-1,1,-1,-1,1,-1,1,-1,1,-1,1,-1,1,1,-1,-1,-1,1,1,-1,1,-1,1,1,1,-1,1,1,-1,1,-1,1,-1,1,-1,1,-1,1,1,-1,1,-1,-1,-1,1,1,-1,1,-1,-1,-1,1,1,-1,-1,1,1,-1,-1,1,1,-1,1,1,-1,1,1,1,1,-1,1,-1,1,1,-1,1,-1,1,1,-1,1,1,1,1,1,-1,-1,1,-1,-1,1,1,1,-1,1,1,1,-1,1,-1,-1,1,1,1,1,1,-1,1,1,1,-1,1,1,-1,1,1,1,-1,1,1,-1,-1,1,1,1,-1,1,-1,1,1,1,-1,1,1,-1,1,1,1,-1,1,-1,-1,1,1,1,-1,1,-1,-1,-1,1,1,-1,1,-1,-1,1,-1,1,-1,1,1,-1,-1,1,1,1,-1,1,-1,-1,1,1,-1,1,-1,1,-1,-1,-1,-1,1,1,-1,-1,1,1,-1,1,1,-1,-1,1,1,1,1,1,-1,1,1,1,-1,1,-1,-1,-1,-1,1,1,1,1,-1,-1,1,1,1,1,-1,-1,-1,-1,-1,1,-1,-1,-1,1,-1,1,1,1,1,-1,1,1,-1,1,-1,1,-1,-1,1,-1,1,1,1,1,-1,1,-1,-1,1,1,-1,-1,1,-1,1,1,1,-1,-1,1,-1,-1,1,1,-1,1,1,-1,1,1,-1,-1,1,1,-1,1,-1,-1,-1,1,-1,-1,1,-1,-1,1,1,-1,-1,1,-1,-1,-1,1,-1,-1,1,-1,-1,-1,1,-1,-1,1,-1,-1,-1,1,1,-1,1,1,-1,-1,1,1,-1,-1,1,1,-1,1,-1,-1,1,-1,-1,1,-1,1,-1,-1,1,-1,1,-1,1,-1,-1,1,-1,-1,1,1,1,-1,1,-1,1,-1,-1,1,1,-1,-1,-1,1,-1,-1,-1,1,1,-1,1,-1,1,-1,1,-1,1,1,-1,1,1,1,-1,-1,1,-1,1,-1,1,1,-1,1,-1,-1,1,1,-1,-1,1,-1,-1,-1,1,-1,-1,1,-1,1,1,1,1,-1,1,-1,-1,1,1,-1,-1,1,-1,-1,-1,1,1,-1,-1,1,1,-1,1,-1,-1,1,1,1,1,1,1,-1,-1,1,1,-1,1,-1,-1,1,1,1,1,-1,-1,-1,1,-1,1,1,1,-1,-1,-1,1,1,1,-1,-1,-1,-1,1,1,1,1,-1,-1,-1,1,1,1,-1,-1,-1,-1,1,1,1,1,-1,-1,1,1,1,1,1,-1,-1,-1,1,1,1,-1,-1,-1,-1,1,1,-1,1,-1,-1,-1,1,1,1,1,-1,-1,1,1,1,1,1,-1,1,1,-1,1,1,-1,-1,-1,1,1,1,-1,1,-1,1,1,1,1,1,1,-1,-1,1,-1,1,-1,1,-1,-1,1,-1,1,-1,-1,-1,-1,1,-1,1,1,-1,1,-1,1,1,1,-1,1,1,-1,1,-1,1,-1,-1,-1,-1,1,1,-1,-1,-1,-1,-1,1,-1,1,-1,-1,-1,-1,-1,-1,-1,1,-1,-1,-1,1,-1,-1,1,-1,-1,-1,-1,-1,-1,1,-1,-1,-1,-1,-1,1,-1,-1,-1,1,-1,-1,1,-1,1,-1,-1,-1,-1,-1,-1,-1,1,-1,-1,-1,1,1,1,-1,-1,1,-1,-1,-1,-1,-1,1,-1,-1,1,1,1,-1,-1,-1,-1,1,-1,1,1,-1,1,-1,-1,1,1,-1,-1,-1,-1,-1,-1,1,1,-1,-1,1,-1,1,1,-1,-1,-1,1,-1,1,1,-1,-1,1,-1,-1,1,1,1,-1,1,-1,1,1,1,-1,-1,1,-1,-1,1,-1,1,-1,1,-1,-1,1,1,-1,1,1,-1,-1,1,1,-1,1,1,-1,-1,1,1,-1,1,1,-1,-1,1,1,1,1,1,1,-1,-1,1,1,1,1,-1,-1,1,-1,1,1,1,1,-1,-1,1,-1,1,1,1,-1,1,1,1,1,-1,1,-1,1,1,1,1,1,1,1,-1,1,1,1,1,-1,1,-1,1,1,1,1,1,-1,1,1,1,1,-1,1,1,-1,1,1,-1,1,1,-1,-1,1,1,1,1,-1,1,-1,1,1,1,-1,-1,1,-1,1,1,1,-1,1,-1,-1,-1,1,1,-1,-1,1,-1,-1,1,1,1,-1,1,-1,-1,1,1,1,1,-1,-1,-1,1,1,-1,-1,-1,1,-1,1,1,-1,1,1,-1,1,1,-1,-1,1,-1,-1,-1,1,1,-1,1,1,-1,1,1,-1,-1,-1,-1,1,-1,-1,-1,-1,1,-1,-1,1,1,-1,1,1,-1,1,1,1,1,-1,1,-1,1,1,1,1,-1,1,-1,-1,-1,1,1,-1,1,-1,1,1,1,1,-1,1,-1,1,1,1,-1,-1,1,-1,-1,1,1,-1,-1,-1,1,-1,1,-1,1,-1,1,-1,-1,1,-2674.0,1,2000,445,1500,False
303,1,1,-1,-1,1,1,-1,-1,1,1,1,-1,-1,1,1,1,-1,1,-1,-1,-1,-1,1,1,1,1,-1,-1,1,1,1,1,-1,-1,-1,-1,1,1,1,1,-1,-1,-1,1,1,1,1,-1,1,1,1,1,-1,1,-1,-1,1,-1,1,1,1,-1,-1,-1,1,1,1,1,-1,-1,-1,1,1,1,1,-1,-1,-1,1,1,1,-1,-1,-1,1,1,1,1,-1,-1,-1,1,1,1,1,-1,-1,1,1,-1,1,1,-1,-1,1,1,1,1,1,-1,-1,-1,1,1,1,1,-1,-1,1,1,1,1,1,1,-1,-1,1,1,-1,1,1,-1,1,1,1,1,1,1,-1,1,1,1,1,1,1,-1,1,1,1,1,1,1,-1,-1,-1,1,1,1,1,-1,1,1,1,1,-1,1,-1,1,-1,1,1,1,-1,-1,1,1,1,1,1,-1,1,-1,-1,1,-1,1,-1,1,1,1,1,1,1,1,1,1,-1,1,-1,1,-1,1,1,-1,1,-1,1,1,-1,1,-1,1,-1,1,-1,1,1,-1,1,-1,1,1,1,1,-1,-1,1,1,-1,-1,1,-1,1,-1,-1,1,-1,1,-1,1,-1,1,-1,1,1,-1,-1,-1,1,1,-1,1,-1,1,1,1,-1,1,1,-1,-1,-1,1,-1,1,-1,1,-1,1,1,-1,1,-1,-1,-1,1,1,-1,1,-1,-1,-1,1,1,-1,-1,1,1,-1,-1,1,1,-1,1,1,-1,1,1,1,-1,-1,1,-1,1,1,-1,1,-1,1,1,-1,1,1,-1,-1,1,-1,-1,1,-1,1,-1,1,1,-1,1,1,1,-1,1,-1,-1,1,1,-1,-1,1,-1,1,1,1,1,-1,1,-1,1,1,1,-1,1,1,-1,-1,1,1,-1,-1,1,-1,1,1,1,1,1,1,-1,1,1,1,1,1,-1,-1,1,1,1,1,1,-1,-1,-1,1,1,1,1,-1,-1,1,-1,1,-1,1,1,-1,-1,1,1,1,1,1,-1,-1,1,1,1,-1,-1,1,-1,-1,-1,-1,1,1,-1,-1,1,1,-1,1,1,-1,-1,1,1,1,1,1,-1,1,1,1,-1,1,-1,-1,-1,-1,1,1,1,1,-1,-1,1,-1,1,1,-1,-1,-1,-1,-1,1,-1,-1,-1,1,-1,1,1,1,1,1,1,1,-1,1,-1,1,-1,-1,1,-1,1,-1,1,1,-1,1,-1,-1,1,1,-1,-1,1,-1,1,1,1,-1,-1,1,-1,1,-1,1,-1,1,1,-1,1,-1,-1,-1,1,1,-1,1,-1,-1,-1,1,-1,1,1,1,-1,-1,1,-1,-1,1,-1,-1,-1,1,-1,1,-1,1,-1,-1,1,-1,-1,1,-1,-1,-1,1,1,-1,1,-1,-1,-1,1,1,-1,-1,-1,1,-1,1,-1,-1,1,-1,-1,1,-1,1,-1,-1,1,-1,1,-1,1,-1,-1,1,-1,-1,1,1,1,-1,1,-1,1,-1,-1,-1,1,-1,-1,-1,1,-1,-1,-1,1,1,-1,1,-1,1,-1,1,-1,1,1,-1,1,1,1,-1,-1,1,-1,1,-1,1,1,-1,1,-1,-1,1,1,-1,-1,1,-1,-1,-1,1,-1,-1,1,-1,1,1,1,1,-1,1,-1,-1,1,1,-1,-1,1,-1,-1,-1,1,1,-1,-1,1,1,-1,-1,-1,-1,1,1,1,-1,1,1,-1,-1,1,1,-1,1,-1,-1,1,1,1,1,-1,-1,-1,1,-1,1,1,1,-1,-1,-1,1,1,1,-1,-1,-1,1,1,1,1,1,-1,-1,-1,1,1,1,-1,-1,-1,-1,1,1,1,1,-1,-1,1,1,1,1,1,-1,-1,-1,1,1,1,1,-1,-1,-1,1,1,-1,1,-1,-1,-1,1,1,1,1,-1,-1,1,1,1,1,1,-1,1,1,-1,1,1,-1,-1,-1,1,1,1,-1,1,-1,1,1,1,1,1,1,-1,-1,1,-1,1,-1,1,-1,-1,1,-1,1,-1,-1,-1,-1,1,-1,1,1,-1,-1,-1,1,1,1,-1,1,-1,-1,1,-1,1,-1,-1,-1,-1,1,1,-1,-1,-1,-1,-1,1,-1,1,-1,-1,-1,-1,-1,-1,-1,1,-1,-1,-1,1,-1,-1,1,-1,-1,-1,-1,-1,1,1,-1,-1,-1,-1,-1,1,-1,-1,-1,1,-1,-1,1,-1,1,-1,-1,-1,-1,-1,-1,-1,1,-1,-1,-1,1,1,1,-1,-1,1,-1,-1,-1,-1,-1,1,-1,-1,1,1,1,-1,-1,-1,-1,1,-1,1,1,-1,1,-1,-1,1,1,-1,-1,-1,-1,-1,-1,1,1,-1,-1,1,-1,1,1,-1,-1,-1,1,-1,1,1,-1,-1,1,-1,-1,1,1,1,-1,1,-1,1,1,1,-1,-1,1,-1,-1,1,1,1,-1,1,-1,-1,1,1,-1,1,1,-1,-1,1,1,-1,1,1,-1,-1,1,1,-1,1,1,-1,-1,1,1,1,1,1,1,-1,1,1,1,1,1,-1,-1,1,-1,1,1,1,1,-1,-1,1,-1,1,1,1,-1,1,1,1,1,-1,1,-1,1,1,1,1,1,1,-1,-1,-1,1,1,1,-1,1,-1,1,1,1,1,-1,1,-1,1,1,1,-1,-1,1,-1,1,1,-1,1,-1,-1,-1,1,1,1,-1,1,-1,-1,1,1,1,-1,-1,-1,-1,1,1,1,-1,1,-1,-1,-1,1,1,-1,1,-1,-1,-1,1,1,-1,1,1,-1,1,1,1,1,1,1,-1,-1,1,1,-1,-1,1,1,1,1,1,-1,1,-1,-1,1,1,-1,-1,1,-1,-1,-1,1,1,-1,1,1,1,1,1,-1,-1,-1,-1,-1,-1,-1,-1,-1,1,-1,1,1,1,-1,1,1,-1,1,1,1,1,-1,1,-1,1,1,1,-1,-1,1,-1,1,1,1,-1,-1,1,-1,1,1,1,-1,-1,1,-1,1,1,1,1,-1,1,-1,-1,1,1,-1,-1,-1,1,-1,1,-1,1,-1,1,-1,-1,1,-2674.0,1,2000,445,1500,False
304,1,1,-1,-1,1,-1,-1,-1,1,1,1,-1,1,1,1,1,-1,1,-1,-1,-1,-1,1,1,1,-1,1,-1,1,1,1,1,1,-1,-1,-1,1,1,1,-1,-1,-1,-1,1,1,1,1,-1,1,1,1,1,-1,1,-1,-1,1,-1,1,1,1,-1,-1,-1,1,1,1,1,-1,-1,-1,1,1,1,1,-1,-1,-1,1,1,1,-1,-1,-1,1,1,1,1,-1,-1,-1,1,1,1,1,-1,-1,1,1,-1,1,1,-1,-1,1,1,1,1,1,-1,-1,-1,1,1,1,1,-1,-1,1,1,1,1,1,1,-1,-1,1,1,-1,1,1,-1,1,1,1,1,1,1,-1,1,1,1,1,1,1,-1,1,1,1,1,1,1,-1,-1,-1,1,1,1,1,-1,1,1,1,1,-1,1,-1,1,-1,1,1,1,-1,-1,1,1,1,1,1,-1,1,-1,-1,1,-1,1,-1,1,1,1,1,1,1,1,1,1,-1,1,-1,1,-1,1,1,-1,1,-1,1,1,-1,1,-1,1,-1,1,-1,1,1,-1,1,-1,1,1,1,1,-1,-1,1,1,-1,-1,1,-1,1,-1,-1,1,-1,1,-1,1,-1,1,-1,-1,1,-1,-1,-1,1,1,-1,1,-1,1,1,1,-1,1,1,-1,1,-1,1,-1,1,-1,1,-1,1,1,-1,1,-1,-1,-1,1,1,-1,1,-1,-1,-1,1,1,-1,-1,1,1,-1,-1,1,1,-1,1,1,-1,1,1,1,1,-1,1,-1,1,1,-1,1,-1,1,1,-1,1,1,1,1,1,-1,-1,1,-1,-1,-1,1,1,-1,1,1,1,-1,1,-1,-1,1,1,1,1,1,-1,1,1,1,-1,1,1,-1,1,1,1,-1,1,1,-1,-1,1,1,1,-1,1,-1,1,1,1,-1,1,1,-1,1,1,1,-1,1,-1,-1,1,1,1,-1,1,-1,-1,-1,1,1,-1,1,-1,-1,1,-1,1,-1,1,1,-1,-1,1,1,1,-1,1,-1,-1,1,1,-1,1,-1,1,-1,-1,-1,-1,1,1,-1,-1,1,1,-1,1,1,-1,-1,1,1,1,1,1,-1,1,1,1,-1,1,-1,-1,-1,-1,1,1,1,1,-1,-1,1,1,1,-1,-1,-1,-1,-1,-1,1,-1,-1,-1,1,-1,1,1,-1,1,-1,1,1,-1,1,-1,1,-1,-1,1,-1,1,1,1,1,-1,1,-1,-1,1,1,-1,-1,1,-1,1,1,1,-1,-1,1,-1,-1,1,1,-1,1,1,-1,1,1,-1,-1,1,1,-1,1,-1,-1,-1,1,-1,-1,1,-1,-1,-1,1,-1,-1,1,-1,-1,-1,1,-1,-1,1,-1,-1,-1,1,-1,-1,1,-1,-1,-1,1,1,-1,1,1,-1,-1,1,1,-1,-1,-1,1,-1,1,-1,-1,1,-1,-1,1,-1,1,-1,-1,1,-1,1,-1,1,-1,-1,1,-1,-1,1,1,1,-1,1,-1,1,-1,-1,-1,1,-1,-1,-1,1,-1,-1,-1,1,1,-1,1,-1,1,-1,1,-1,1,1,-1,1,1,1,-1,-1,1,-1,1,-1,1,1,-1,1,-1,-1,1,1,-1,-1,1,-1,-1,-1,1,-1,-1,1,-1,1,1,1,1,-1,1,-1,-1,1,1,-1,-1,1,-1,-1,-1,1,1,-1,-1,1,1,-1,1,-1,-1,1,1,1,1,1,1,-1,-1,1,1,-1,1,-1,-1,1,1,1,1,-1,-1,-1,1,-1,1,1,1,-1,-1,-1,1,1,1,-1,-1,-1,-1,1,1,1,1,-1,-1,-1,1,1,1,-1,-1,-1,-1,1,1,1,1,-1,-1,1,1,1,1,1,-1,-1,-1,1,1,1,1,-1,-1,-1,1,1,-1,1,-1,-1,-1,1,1,1,1,-1,-1,1,1,1,1,1,-1,1,1,-1,1,1,-1,-1,-1,1,1,1,-1,1,-1,1,1,1,1,1,1,-1,-1,1,-1,1,-1,1,-1,-1,1,-1,1,-1,-1,-1,-1,1,-1,1,1,-1,-1,-1,1,1,1,-1,1,-1,-1,1,-1,1,-1,-1,-1,-1,1,1,-1,-1,-1,-1,-1,1,-1,1,-1,-1,-1,-1,-1,-1,-1,1,-1,-1,-1,1,-1,-1,1,-1,-1,-1,-1,-1,1,1,-1,-1,-1,-1,-1,1,-1,-1,-1,1,-1,-1,1,-1,1,-1,-1,-1,-1,-1,-1,-1,1,-1,-1,-1,1,1,-1,-1,-1,1,1,-1,-1,-1,-1,1,-1,-1,1,1,1,-1,-1,-1,-1,1,-1,1,1,-1,1,-1,-1,1,1,-1,-1,-1,-1,-1,-1,1,1,-1,-1,1,-1,1,1,-1,-1,-1,1,-1,-1,1,-1,-1,1,-1,-1,1,1,1,-1,1,-1,1,1,1,-1,-1,1,-1,-1,1,1,1,-1,1,-1,-1,1,1,-1,1,1,-1,-1,1,1,1,1,1,-1,-1,1,1,-1,1,1,-1,-1,1,1,1,1,-1,1,-1,-1,1,1,1,1,-1,-1,1,-1,1,1,1,1,-1,-1,1,-1,1,1,1,-1,1,1,1,1,-1,1,-1,1,1,1,1,1,1,1,-1,1,1,1,1,-1,1,-1,1,1,1,1,1,-1,1,1,1,1,-1,1,1,-1,1,1,-1,1,1,-1,-1,1,1,1,1,-1,1,-1,1,1,1,-1,-1,1,-1,1,1,1,-1,1,-1,-1,-1,1,1,-1,-1,1,-1,-1,1,1,1,-1,1,-1,-1,1,1,1,1,-1,-1,-1,1,1,-1,-1,-1,1,-1,-1,1,-1,1,1,-1,1,1,-1,-1,1,1,-1,-1,1,1,-1,1,1,-1,1,1,-1,-1,-1,-1,1,-1,-1,-1,-1,-1,1,-1,1,1,-1,1,1,-1,1,1,1,1,-1,1,-1,1,1,1,-1,-1,1,-1,-1,1,1,-1,-1,1,-1,1,1,1,-1,-1,1,-1,1,1,1,1,-1,1,-1,-1,1,1,-1,-1,-1,1,-1,1,-1,1,-1,1,-1,1,1,-2674.0,1,2000,445,1500,False
305,1,1,-1,-1,1,1,-1,-1,1,1,1,-1,-1,1,1,1,-1,1,-1,-1,-1,-1,1,1,1,1,-1,-1,1,1,1,1,-1,-1,-1,-1,1,1,1,1,-1,-1,-1,1,1,1,1,-1,1,1,1,1,-1,1,-1,-1,1,-1,1,1,1,-1,-1,-1,1,1,1,1,-1,-1,-1,1,1,1,1,-1,-1,-1,1,1,1,-1,-1,-1,1,1,1,1,-1,-1,-1,1,1,1,1,-1,-1,1,1,-1,1,1,-1,-1,1,1,1,1,1,-1,-1,-1,1,1,1,1,-1,-1,1,1,1,1,1,1,-1,-1,1,1,-1,1,1,-1,1,1,1,1,1,1,-1,1,1,1,1,1,1,-1,1,1,1,1,1,1,-1,-1,-1,1,1,1,1,-1,1,1,1,1,-1,1,-1,1,-1,1,1,1,-1,-1,1,1,1,1,1,-1,1,-1,-1,1,-1,1,-1,1,1,1,1,1,1,1,1,1,-1,1,-1,1,-1,1,1,-1,1,-1,1,1,-1,1,-1,1,-1,1,-1,1,1,-1,1,-1,1,1,1,1,-1,-1,1,1,-1,-1,1,-1,1,-1,1,1,-1,1,-1,1,-1,1,-1,-1,1,-1,1,-1,1,1,-1,1,-1,1,1,1,-1,1,1,-1,1,-1,1,-1,1,-1,1,-1,1,1,-1,1,-1,-1,-1,1,1,-1,1,-1,-1,-1,1,1,-1,-1,1,1,-1,-1,1,1,-1,1,1,-1,1,1,1,1,-1,1,-1,1,1,-1,1,-1,1,1,-1,1,1,1,1,1,-1,-1,1,-1,-1,-1,1,1,-1,1,1,1,-1,1,-1,-1,1,1,1,1,1,-1,1,1,1,-1,-1,1,-1,1,1,1,-1,1,1,-1,-1,1,1,1,-1,1,-1,1,1,1,-1,1,1,-1,1,1,1,-1,1,-1,-1,1,1,1,-1,1,-1,-1,-1,1,1,-1,1,-1,-1,1,-1,1,-1,1,1,-1,-1,1,1,1,-1,1,-1,-1,1,1,-1,1,-1,1,-1,-1,-1,-1,1,1,-1,-1,1,1,-1,1,1,-1,-1,1,1,1,1,1,-1,1,1,1,-1,1,-1,-1,-1,-1,1,1,1,1,-1,-1,1,1,1,1,-1,-1,-1,-1,-1,1,-1,-1,-1,1,-1,1,1,1,1,1,1,1,-1,1,-1,1,-1,-1,1,-1,1,1,1,1,-1,1,-1,-1,1,1,-1,-1,1,-1,1,1,1,-1,-1,1,-1,-1,1,1,-1,1,1,-1,1,1,-1,-1,1,1,-1,1,-1,-1,-1,1,-1,-1,1,-1,-1,-1,1,-1,-1,1,-1,-1,-1,1,-1,-1,1,-1,-1,-1,1,-1,-1,1,-1,-1,-1,1,1,-1,1,1,-1,-1,1,1,-1,-1,-1,1,-1,1,-1,-1,1,-1,-1,1,-1,1,-1,-1,1,-1,1,-1,1,1,-1,1,-1,-1,1,1,1,-1,1,-1,1,-1,1,-1,1,-1,-1,-1,1,-1,-1,-1,1,1,-1,1,-1,1,-1,1,-1,1,1,-1,1,1,1,-1,-1,1,-1,1,-1,1,1,-1,1,-1,-1,1,1,-1,-1,1,-1,-1,-1,1,-1,-1,1,-1,1,1,1,1,-1,1,-1,-1,1,1,-1,-1,1,-1,-1,-1,1,1,-1,-1,1,1,-1,1,-1,-1,1,1,1,-1,1,1,-1,-1,1,1,-1,1,-1,-1,-1,1,1,1,-1,-1,-1,1,-1,1,1,1,1,-1,-1,1,1,1,-1,-1,-1,1,1,1,1,1,-1,-1,-1,1,1,1,-1,-1,-1,-1,1,1,1,1,-1,-1,1,1,1,1,1,-1,-1,-1,1,1,1,1,-1,-1,-1,1,1,-1,1,-1,-1,-1,1,1,1,1,-1,-1,1,1,1,1,1,-1,1,1,-1,1,1,-1,-1,-1,1,1,1,1,1,-1,1,1,1,1,1,1,-1,-1,1,-1,1,-1,1,-1,-1,1,-1,1,-1,-1,-1,-1,1,-1,1,1,-1,-1,-1,1,1,1,-1,1,-1,-1,1,-1,1,-1,-1,-1,-1,1,1,-1,-1,-1,-1,-1,1,-1,1,-1,-1,-1,-1,-1,-1,-1,1,-1,-1,-1,1,-1,-1,1,-1,-1,-1,-1,-1,-1,1,-1,-1,-1,-1,-1,1,-1,-1,-1,1,-1,-1,1,-1,1,-1,-1,-1,-1,-1,-1,-1,1,-1,-1,-1,1,1,-1,-1,-1,-1,1,-1,-1,-1,-1,1,-1,-1,1,-1,1,-1,-1,-1,-1,1,-1,1,1,-1,1,-1,-1,1,1,-1,-1,-1,-1,-1,-1,1,1,-1,-1,1,-1,1,1,-1,-1,-1,1,-1,-1,1,-1,-1,1,-1,-1,1,1,1,-1,1,-1,1,1,1,-1,-1,1,-1,-1,1,1,1,-1,1,-1,-1,1,1,-1,1,1,-1,-1,1,1,-1,1,1,-1,-1,1,1,-1,1,1,-1,-1,1,1,1,1,-1,1,-1,-1,1,1,1,1,-1,-1,1,-1,1,1,1,1,-1,-1,1,-1,1,1,1,-1,1,1,1,1,-1,1,-1,1,1,1,1,1,1,1,-1,1,1,1,1,-1,1,-1,1,1,1,1,1,-1,1,1,1,1,-1,1,1,-1,1,1,-1,1,1,-1,-1,1,1,1,1,-1,1,-1,1,1,1,-1,-1,1,-1,1,1,1,-1,1,-1,-1,-1,1,1,-1,-1,1,-1,-1,1,1,-1,-1,1,-1,-1,1,1,1,-1,1,-1,-1,1,1,-1,-1,-1,1,-1,1,1,-1,1,1,-1,1,1,-1,-1,1,-1,-1,-1,1,1,-1,1,1,-1,1,1,-1,-1,-1,-1,1,-1,-1,-1,-1,1,-1,-1,1,1,-1,1,1,-1,1,1,1,1,-1,1,-1,1,1,1,-1,-1,1,-1,-1,1,1,-1,-1,1,-1,1,1,1,-1,-1,1,-1,1,1,1,1,-1,1,-1,-1,1,1,-1,-1,-1,1,-1,1,-1,1,-1,1,-1,-1,1,-2674.0,1,2000,445,1000,False
306,1,1,-1,-1,1,-1,-1,-1,1,1,1,-1,1,1,1,1,-1,1,-1,-1,-1,-1,1,1,1,1,-1,-1,1,1,1,1,-1,-1,-1,-1,1,-1,1,1,-1,-1,-1,1,1,1,1,-1,1,1,1,1,-1,1,-1,-1,1,-1,1,1,1,-1,-1,-1,1,1,1,1,-1,-1,-1,1,1,1,1,-1,-1,-1,1,1,1,-1,-1,-1,1,1,1,1,-1,-1,-1,1,1,1,1,-1,-1,1,1,-1,1,1,-1,-1,1,1,1,1,1,-1,-1,1,1,-1,1,1,-1,-1,1,1,1,1,1,1,-1,-1,1,1,-1,1,1,-1,1,1,1,1,1,1,-1,-1,1,1,1,1,1,-1,1,1,1,1,1,1,-1,-1,-1,1,1,1,1,-1,1,1,1,1,-1,1,-1,1,-1,1,1,1,-1,-1,1,1,1,1,1,-1,1,-1,-1,1,-1,1,-1,1,1,1,1,1,1,1,1,1,-1,1,-1,1,-1,1,1,-1,1,-1,1,1,-1,1,-1,1,-1,1,-1,1,1,-1,1,-1,1,1,1,1,-1,-1,1,1,-1,-1,1,-1,1,-1,-1,1,-1,1,-1,1,-1,1,-1,1,1,-1,-1,-1,1,1,-1,1,-1,1,1,1,-1,1,1,-1,1,-1,1,-1,1,-1,1,-1,1,1,-1,1,-1,-1,-1,1,1,-1,1,-1,-1,-1,1,1,-1,-1,1,1,-1,-1,1,1,-1,1,1,-1,1,1,1,1,-1,1,-1,1,1,-1,1,-1,1,1,-1,1,1,1,1,1,-1,-1,1,-1,-1,-1,1,1,-1,1,1,1,-1,1,-1,-1,1,1,1,1,1,-1,1,1,1,-1,-1,1,-1,1,1,1,-1,1,1,-1,-1,1,1,1,-1,1,-1,1,1,1,-1,1,1,-1,1,1,1,-1,1,-1,-1,1,1,1,-1,1,-1,-1,-1,1,1,-1,1,-1,-1,1,-1,1,-1,1,1,-1,-1,1,1,1,-1,1,-1,-1,1,1,-1,1,-1,1,-1,-1,-1,-1,1,1,-1,-1,1,1,-1,1,1,-1,-1,1,1,1,1,1,-1,1,1,1,-1,1,-1,-1,-1,-1,1,1,1,1,-1,-1,1,1,1,1,-1,-1,-1,-1,-1,1,-1,-1,-1,1,-1,1,1,1,1,-1,1,1,-1,1,-1,1,-1,-1,1,-1,1,1,1,1,-1,1,-1,-1,1,1,-1,-1,1,-1,1,1,1,-1,-1,1,-1,-1,1,1,-1,1,1,-1,1,1,-1,-1,1,1,-1,1,-1,-1,-1,1,-1,-1,1,-1,-1,-1,1,-1,-1,1,-1,-1,-1,1,-1,-1,1,-1,-1,-1,1,-1,-1,1,-1,-1,-1,1,1,-1,1,1,-1,-1,1,1,-1,-1,1,1,-1,1,-1,-1,1,-1,-1,1,-1,1,-1,-1,1,-1,1,-1,1,1,-1,1,-1,-1,1,1,1,-1,1,-1,1,-1,-1,-1,1,-1,-1,-1,1,-1,-1,-1,1,1,-1,1,-1,1,-1,1,-1,1,1,-1,1,1,1,-1,-1,1,-1,1,-1,1,1,-1,1,-1,-1,1,1,-1,-1,1,-1,-1,-1,1,-1,-1,1,-1,1,1,1,1,-1,1,-1,-1,1,1,-1,-1,1,-1,-1,-1,1,1,-1,-1,1,1,-1,-1,-1,-1,1,1,1,1,1,1,-1,-1,1,1,-1,1,-1,-1,1,1,1,1,-1,1,-1,1,-1,1,1,1,1,-1,-1,1,1,1,-1,-1,-1,1,1,1,1,1,-1,-1,-1,1,1,1,-1,-1,-1,-1,1,1,1,1,-1,-1,1,1,1,1,1,-1,-1,-1,1,1,1,1,-1,-1,-1,1,1,-1,1,-1,-1,-1,1,1,1,1,-1,-1,1,1,1,1,1,-1,1,1,-1,1,1,-1,-1,-1,1,1,1,-1,1,-1,1,1,1,1,1,1,-1,-1,1,-1,1,-1,1,-1,-1,1,-1,1,-1,-1,-1,-1,1,-1,1,1,-1,1,-1,1,1,1,-1,1,1,-1,1,-1,1,-1,-1,-1,-1,1,1,-1,-1,-1,-1,-1,1,-1,1,-1,-1,-1,-1,-1,-1,-1,1,-1,-1,-1,1,-1,-1,1,-1,-1,-1,-1,-1,-1,1,-1,-1,-1,-1,-1,1,-1,-1,-1,1,-1,-1,1,-1,1,-1,-1,-1,-1,-1,-1,-1,1,-1,-1,-1,1,1,1,-1,-1,1,-1,-1,-1,-1,-1,1,-1,-1,1,1,1,-1,-1,-1,-1,1,-1,1,1,-1,1,-1,-1,1,1,-1,-1,-1,-1,-1,-1,1,1,-1,-1,1,-1,1,1,-1,-1,-1,1,-1,-1,1,-1,-1,1,-1,-1,1,1,1,-1,1,-1,1,1,1,-1,-1,1,-1,-1,1,1,1,-1,1,-1,-1,1,1,-1,1,1,-1,-1,1,1,-1,1,1,-1,-1,1,1,-1,1,1,-1,-1,1,1,1,1,1,1,-1,-1,1,1,1,1,-1,-1,1,-1,1,1,1,1,-1,-1,1,-1,1,1,1,-1,1,1,1,1,-1,1,-1,1,1,1,1,1,1,1,-1,1,1,1,1,-1,1,-1,1,1,1,1,1,-1,1,1,1,1,-1,1,1,-1,1,1,-1,1,1,-1,-1,1,1,1,1,-1,1,-1,1,1,1,-1,-1,1,-1,1,1,1,-1,1,-1,-1,-1,1,1,-1,-1,1,-1,-1,1,1,1,-1,1,-1,-1,1,1,1,-1,1,-1,-1,1,1,-1,-1,-1,1,-1,-1,1,-1,1,1,-1,1,1,-1,-1,1,1,-1,-1,1,1,-1,1,1,-1,1,1,-1,-1,-1,-1,1,-1,-1,-1,-1,1,-1,-1,1,1,-1,1,1,-1,1,1,1,1,-1,1,-1,1,1,1,1,-1,1,-1,-1,-1,1,1,-1,1,-1,1,1,1,1,-1,1,-1,1,1,1,-1,-1,1,-1,-1,1,1,-1,-1,-1,1,-1,1,-1,1,-1,1,-1,-1,1,-2674.0,1,2000,445,1500,False
307,1,1,-1,-1,1,1,-1,-1,1,1,1,-1,-1,1,1,1,-1,1,-1,-1,-1,-1,1,1,1,-1,-1,-1,1,1,1,1,-1,-1,-1,-1,1,1,1,1,-1,-1,-1,1,1,1,1,-1,1,1,1,1,-1,1,-1,-1,1,-1,1,1,1,-1,-1,-1,1,1,1,1,-1,-1,-1,1,1,1,1,-1,-1,-1,1,1,1,-1,-1,-1,1,1,1,1,-1,-1,1,1,1,1,1,-1,-1,-1,1,-1,1,1,-1,-1,1,1,1,1,1,-1,-1,-1,1,-1,1,1,-1,-1,1,1,1,1,1,1,-1,-1,1,1,-1,1,1,-1,1,1,1,1,1,1,-1,1,1,1,1,1,1,-1,1,1,1,1,1,1,-1,-1,-1,1,1,1,1,-1,1,1,1,1,-1,1,-1,1,-1,1,1,1,-1,-1,1,1,1,1,1,-1,1,-1,-1,1,-1,1,-1,1,1,1,1,1,1,1,1,1,-1,1,-1,1,-1,1,1,-1,1,-1,1,1,-1,1,-1,1,-1,1,-1,1,1,-1,1,-1,1,1,1,1,-1,-1,1,1,-1,-1,1,-1,1,-1,-1,1,-1,1,-1,1,-1,1,-1,1,1,-1,-1,-1,1,1,-1,1,-1,1,1,1,-1,1,1,-1,-1,-1,1,-1,1,-1,1,-1,1,1,-1,1,-1,-1,-1,1,1,-1,1,-1,-1,-1,1,1,-1,-1,1,1,-1,-1,1,1,-1,1,1,-1,1,1,1,1,-1,1,-1,1,1,-1,1,-1,1,1,-1,1,1,1,1,1,-1,-1,1,-1,-1,1,1,1,-1,1,1,1,-1,1,-1,-1,1,1,1,-1,1,-1,1,1,1,-1,-1,1,-1,1,1,1,-1,1,1,-1,-1,1,1,1,-1,1,-1,1,1,1,-1,1,1,-1,1,1,1,-1,1,-1,-1,1,1,1,-1,1,-1,-1,-1,1,1,-1,1,-1,-1,1,-1,1,-1,1,1,-1,-1,1,1,1,1,1,-1,-1,1,1,-1,1,-1,1,-1,-1,-1,-1,1,1,1,-1,1,1,-1,1,1,-1,-1,1,1,1,1,1,-1,1,1,1,-1,1,-1,-1,-1,-1,1,1,1,1,-1,-1,1,1,1,1,-1,-1,-1,-1,-1,1,-1,-1,-1,1,-1,1,1,1,1,1,1,1,-1,1,-1,1,-1,-1,1,-1,1,1,1,1,-1,1,-1,-1,1,1,-1,-1,1,-1,1,1,1,-1,-1,1,-1,-1,1,1,-1,1,1,-1,1,1,-1,-1,1,1,-1,1,-1,-1,-1,1,-1,-1,1,-1,-1,1,1,-1,-1,1,-1,-1,-1,1,-1,-1,1,-1,-1,-1,1,-1,-1,1,-1,-1,-1,1,1,-1,1,1,-1,-1,1,1,-1,-1,1,1,-1,1,-1,-1,1,1,-1,1,1,1,-1,-1,1,-1,1,-1,1,-1,-1,1,-1,-1,1,1,1,-1,1,-1,1,-1,-1,-1,1,-1,-1,-1,1,-1,-1,-1,1,1,-1,1,-1,1,-1,1,-1,1,1,-1,1,1,1,-1,-1,1,-1,1,-1,1,1,-1,1,-1,-1,1,1,-1,-1,1,-1,-1,-1,1,-1,-1,1,-1,1,1,1,1,-1,1,-1,-1,1,1,-1,-1,1,-1,-1,-1,1,1,-1,-1,1,1,-1,-1,-1,-1,1,1,1,-1,1,1,-1,-1,1,1,-1,1,-1,-1,1,1,1,1,-1,1,-1,1,-1,1,1,1,1,-1,-1,1,1,1,-1,-1,-1,1,1,1,1,1,-1,-1,-1,1,1,1,-1,-1,-1,-1,1,1,1,1,-1,-1,1,1,1,1,1,-1,-1,-1,1,1,1,1,-1,-1,-1,1,1,-1,1,-1,-1,-1,1,1,1,1,-1,-1,1,1,1,1,1,-1,1,1,-1,1,1,-1,-1,-1,1,1,1,-1,1,-1,1,1,1,1,1,1,-1,-1,1,-1,1,-1,1,-1,-1,1,-1,1,-1,-1,-1,-1,1,-1,1,1,-1,-1,-1,1,1,1,-1,1,-1,-1,1,-1,1,-1,-1,-1,-1,1,1,-1,-1,-1,-1,-1,1,-1,1,-1,-1,-1,-1,-1,-1,-1,1,-1,-1,-1,1,-1,-1,1,-1,-1,-1,-1,-1,1,1,-1,-1,-1,-1,-1,1,-1,-1,-1,1,-1,-1,1,-1,1,-1,-1,-1,-1,-1,-1,-1,1,-1,-1,-1,1,1,1,-1,-1,1,1,-1,-1,-1,-1,1,-1,-1,1,1,1,-1,-1,-1,-1,1,-1,1,1,-1,1,-1,-1,1,1,-1,-1,-1,-1,-1,-1,1,1,-1,-1,1,-1,1,1,-1,-1,-1,1,-1,1,1,-1,-1,1,-1,-1,1,1,1,-1,1,-1,1,1,1,-1,-1,1,-1,-1,1,1,1,-1,1,-1,-1,1,1,-1,1,1,-1,-1,1,1,1,1,1,-1,-1,1,1,-1,1,1,-1,-1,1,1,1,1,1,1,-1,-1,1,1,1,1,-1,-1,1,-1,1,1,1,1,-1,-1,1,-1,1,1,1,-1,1,1,1,1,-1,1,-1,1,1,1,1,1,1,1,-1,1,1,1,1,-1,1,-1,1,1,1,1,1,-1,1,1,1,1,-1,1,1,-1,1,1,-1,1,1,-1,-1,1,1,1,1,-1,1,-1,1,1,1,-1,-1,1,-1,1,1,1,-1,1,-1,-1,-1,1,1,-1,-1,1,-1,-1,1,1,1,-1,1,-1,-1,1,1,1,-1,1,-1,-1,1,1,-1,-1,-1,1,-1,1,1,-1,1,1,-1,1,1,-1,-1,1,-1,-1,-1,1,1,-1,1,1,-1,1,1,-1,-1,1,-1,1,-1,-1,-1,-1,1,-1,-1,1,1,-1,1,1,-1,1,1,1,1,-1,1,-1,1,1,1,-1,-1,1,-1,-1,-1,1,-1,-1,1,-1,1,1,1,-1,-1,1,-1,1,1,1,1,-1,1,-1,-1,1,1,1,-1,-1,1,-1,1,-1,1,-1,1,-1,-1,1,-2674.0,1,2000,445,1000,False
308,1,1,-1,-1,1,1,-1,-1,1,1,1,-1,1,1,1,1,-1,1,-1,-1,-1,-1,1,1,1,-1,1,-1,1,1,1,1,-1,-1,-1,-1,1,-1,1,1,-1,-1,-1,1,1,1,1,-1,1,1,1,1,-1,1,-1,-1,1,-1,1,1,1,-1,-1,-1,1,1,1,1,-1,-1,-1,1,1,1,1,-1,-1,-1,1,1,1,-1,-1,-1,1,1,1,1,-1,-1,-1,1,1,1,1,-1,-1,1,1,-1,1,1,-1,-1,1,1,1,1,1,-1,-1,-1,1,1,1,1,-1,-1,1,1,1,1,1,1,-1,-1,1,1,-1,1,1,-1,1,1,1,1,1,1,-1,1,1,1,1,1,1,-1,1,1,1,1,1,1,-1,-1,-1,1,1,1,1,-1,1,1,1,1,-1,1,-1,1,-1,1,1,1,-1,-1,1,1,1,1,1,-1,1,-1,-1,1,-1,1,-1,1,1,1,1,1,1,1,1,1,-1,1,-1,1,-1,1,1,-1,1,-1,1,1,-1,1,-1,1,-1,1,-1,1,1,-1,1,-1,1,1,1,1,-1,-1,1,1,-1,-1,1,-1,1,-1,1,1,-1,1,-1,1,-1,1,-1,-1,1,-1,-1,-1,1,1,-1,1,-1,1,1,1,-1,1,1,-1,1,-1,1,-1,1,-1,1,-1,1,1,-1,1,-1,-1,-1,1,1,-1,1,-1,-1,-1,1,1,-1,-1,1,1,-1,-1,1,1,-1,1,1,-1,1,1,1,1,-1,1,-1,1,1,-1,1,-1,1,1,-1,1,1,1,1,1,-1,-1,1,-1,-1,-1,1,1,-1,1,1,1,-1,1,-1,-1,1,1,1,1,1,-1,1,1,1,-1,1,1,-1,1,1,1,-1,1,1,-1,-1,1,1,1,-1,1,-1,1,1,1,-1,1,1,-1,1,1,1,-1,1,-1,-1,1,1,1,-1,1,-1,-1,-1,1,1,-1,1,-1,-1,1,-1,1,-1,1,1,-1,-1,1,1,1,-1,1,-1,-1,1,1,-1,1,-1,1,-1,-1,-1,-1,1,1,-1,-1,1,1,-1,1,1,-1,-1,1,1,1,1,1,-1,1,1,1,-1,1,-1,-1,-1,-1,1,1,1,1,-1,-1,1,1,1,1,-1,-1,-1,-1,-1,1,-1,-1,-1,1,-1,1,1,1,1,-1,1,1,-1,1,-1,1,-1,-1,1,-1,1,1,1,1,-1,1,-1,-1,1,1,-1,-1,1,-1,1,1,1,-1,-1,1,-1,-1,1,1,-1,1,1,-1,1,1,-1,-1,1,1,-1,1,-1,-1,-1,1,-1,-1,1,-1,-1,-1,1,-1,-1,1,-1,-1,-1,1,-1,-1,1,-1,-1,-1,1,-1,-1,1,-1,-1,-1,1,1,-1,1,1,-1,-1,1,1,-1,-1,1,1,-1,1,-1,-1,1,1,-1,1,-1,1,-1,-1,1,-1,1,-1,1,1,-1,1,-1,-1,1,1,1,-1,1,-1,1,-1,1,-1,1,-1,-1,-1,1,-1,-1,-1,1,1,-1,1,-1,1,-1,1,-1,1,1,-1,1,1,1,-1,-1,1,-1,1,-1,1,1,-1,1,-1,-1,1,1,-1,-1,1,-1,-1,-1,1,-1,-1,1,-1,1,1,1,1,-1,1,-1,-1,1,1,-1,-1,1,-1,-1,-1,1,1,-1,-1,1,1,-1,1,-1,-1,1,1,1,1,1,1,-1,-1,1,1,-1,1,-1,-1,1,1,1,1,-1,-1,-1,1,-1,1,1,1,-1,-1,-1,1,1,1,-1,-1,-1,1,1,1,1,1,-1,-1,-1,1,1,1,-1,-1,-1,-1,1,1,1,1,-1,-1,1,1,1,1,1,-1,-1,-1,1,1,1,1,-1,-1,-1,1,1,-1,1,-1,-1,-1,1,1,1,1,-1,-1,1,1,1,1,1,-1,1,1,-1,1,1,-1,-1,-1,1,1,1,1,1,-1,1,1,1,1,1,1,-1,-1,1,-1,1,-1,1,-1,-1,1,-1,1,-1,-1,-1,-1,1,-1,1,1,-1,1,-1,1,1,1,-1,1,1,-1,1,-1,1,-1,-1,-1,-1,1,1,-1,-1,-1,-1,-1,1,-1,1,-1,-1,-1,-1,-1,-1,-1,1,-1,-1,-1,1,-1,-1,1,-1,-1,-1,-1,-1,-1,1,-1,-1,-1,-1,-1,1,-1,-1,-1,1,-1,-1,1,-1,1,-1,-1,-1,-1,-1,-1,-1,1,-1,-1,-1,1,1,-1,-1,-1,-1,1,-1,-1,-1,-1,1,-1,-1,1,-1,1,-1,-1,-1,-1,1,-1,1,1,-1,1,-1,-1,1,1,-1,-1,-1,-1,-1,-1,1,1,-1,-1,1,-1,1,1,-1,-1,-1,1,-1,1,1,-1,-1,1,-1,-1,1,1,1,-1,1,-1,1,1,1,-1,-1,1,-1,-1,1,1,1,-1,1,-1,-1,1,1,-1,1,1,-1,-1,1,1,-1,1,1,-1,-1,1,1,-1,1,1,-1,-1,1,1,1,1,-1,1,-1,-1,1,1,-1,1,-1,-1,1,-1,1,1,1,1,-1,-1,1,-1,1,1,1,-1,1,1,1,1,-1,1,-1,1,1,1,1,1,1,1,-1,1,1,1,1,-1,1,-1,1,1,1,1,1,-1,1,1,1,1,-1,1,1,-1,1,1,-1,1,1,-1,-1,1,1,1,1,-1,1,-1,1,1,1,-1,-1,1,-1,1,1,1,-1,1,-1,-1,-1,1,1,-1,-1,1,-1,-1,1,1,-1,-1,1,-1,-1,-1,1,1,1,-1,-1,-1,1,1,-1,-1,-1,1,-1,-1,1,-1,1,1,-1,1,1,-1,-1,1,-1,-1,-1,1,1,-1,1,1,-1,1,1,-1,-1,-1,-1,1,-1,-1,-1,-1,-1,-1,-1,1,1,-1,1,1,-1,1,1,1,1,-1,1,-1,1,1,1,-1,-1,1,-1,-1,-1,1,-1,-1,1,-1,1,1,1,-1,-1,1,-1,1,1,1,1,-1,1,-1,-1,1,1,-1,-1,-1,1,-1,1,-1,1,-1,1,-1,-1,1,-2674.0,1,2000,445,1500,False
309,1,1,-1,-1,1,-1,-1,-1,1,1,1,-1,1,1,1,1,-1,1,-1,-1,-1,-1,1,1,1,-1,-1,-1,1,1,1,1,-1,-1,-1,-1,1,-1,1,1,-1,-1,-1,1,1,1,1,-1,1,1,1,1,-1,1,-1,-1,1,-1,1,1,1,-1,-1,-1,1,1,1,1,-1,-1,-1,1,1,1,1,-1,-1,-1,1,1,1,-1,-1,-1,1,1,1,1,-1,-1,1,1,1,1,1,-1,-1,-1,1,-1,1,1,-1,-1,1,1,1,1,1,-1,-1,-1,1,-1,1,1,-1,-1,1,1,1,1,1,1,-1,-1,1,1,-1,1,1,-1,1,1,1,1,1,1,-1,1,1,1,1,1,1,-1,1,1,1,1,1,1,-1,-1,-1,1,1,1,1,-1,1,1,1,1,-1,1,-1,1,-1,1,1,1,-1,-1,1,1,1,1,1,-1,1,-1,-1,1,-1,1,-1,1,1,1,1,1,1,1,1,1,-1,1,-1,1,-1,1,1,-1,1,-1,1,1,-1,1,-1,1,-1,1,-1,1,1,-1,1,-1,1,1,1,1,-1,-1,1,1,-1,-1,1,-1,1,-1,1,1,-1,1,-1,1,-1,1,-1,-1,1,-1,1,-1,1,1,-1,1,-1,1,1,1,-1,1,1,-1,-1,-1,1,-1,1,-1,1,-1,1,1,-1,1,-1,-1,-1,1,1,-1,1,-1,-1,-1,1,1,-1,-1,1,1,-1,-1,1,1,-1,1,1,-1,1,1,1,1,-1,1,-1,1,1,-1,1,-1,1,1,-1,1,1,1,1,1,-1,-1,1,-1,-1,1,1,1,-1,1,1,1,-1,1,-1,-1,1,1,1,-1,1,-1,1,1,1,-1,-1,1,-1,1,1,1,-1,1,1,-1,-1,1,1,1,-1,1,-1,1,1,1,-1,1,1,-1,1,1,1,-1,1,-1,-1,1,1,1,-1,1,-1,-1,-1,1,1,-1,1,-1,-1,1,-1,1,-1,1,1,-1,-1,1,1,1,1,1,-1,-1,1,1,-1,1,-1,1,-1,-1,-1,-1,1,1,1,-1,1,1,-1,1,1,-1,-1,1,1,1,1,1,-1,1,1,1,-1,1,-1,-1,-1,-1,1,1,1,1,-1,-1,1,1,1,1,-1,-1,-1,-1,-1,1,-1,-1,-1,1,-1,1,1,1,1,1,1,1,-1,1,-1,1,-1,-1,1,-1,1,1,1,1,-1,1,-1,-1,1,1,-1,-1,1,-1,1,1,1,-1,-1,1,-1,-1,1,1,-1,1,1,-1,1,1,-1,-1,1,1,-1,1,-1,-1,-1,1,-1,-1,1,-1,-1,-1,1,-1,-1,1,-1,-1,-1,1,-1,-1,1,-1,-1,-1,1,-1,-1,1,-1,-1,-1,1,1,-1,1,1,-1,-1,1,1,-1,-1,-1,1,-1,1,-1,-1,1,-1,-1,1,-1,1,-1,-1,1,-1,1,-1,1,1,-1,1,-1,-1,1,1,1,-1,1,-1,1,-1,-1,-1,1,-1,-1,-1,1,-1,-1,-1,1,1,-1,1,-1,1,-1,1,-1,1,1,-1,1,1,1,-1,-1,1,-1,1,-1,1,1,-1,1,-1,-1,1,1,-1,-1,1,-1,-1,-1,1,-1,-1,1,-1,1,1,1,1,-1,1,-1,-1,1,1,-1,-1,1,-1,-1,-1,1,1,-1,-1,1,1,-1,-1,-1,-1,1,1,1,-1,1,1,-1,-1,1,1,-1,1,-1,-1,-1,1,1,1,-1,1,-1,1,-1,1,1,1,1,-1,-1,1,1,1,-1,-1,-1,1,1,1,1,1,-1,-1,-1,1,1,1,-1,-1,-1,-1,1,1,1,1,-1,-1,1,1,1,1,1,-1,-1,-1,1,1,1,1,-1,-1,-1,1,1,-1,1,-1,-1,-1,1,1,1,1,-1,-1,1,1,1,1,1,-1,1,1,-1,1,1,-1,-1,-1,1,1,1,1,1,-1,1,1,1,1,1,1,-1,-1,1,-1,1,-1,1,-1,-1,1,-1,1,-1,-1,-1,-1,1,-1,1,1,-1,1,-1,1,1,1,-1,1,1,-1,1,-1,1,-1,-1,-1,-1,1,1,-1,-1,-1,-1,-1,1,-1,1,-1,-1,-1,-1,-1,-1,-1,1,-1,-1,-1,1,-1,-1,1,-1,-1,-1,-1,-1,1,1,-1,-1,-1,-1,-1,1,-1,-1,-1,1,-1,-1,1,-1,1,-1,-1,-1,-1,-1,-1,-1,1,-1,-1,-1,1,1,-1,-1,-1,-1,1,-1,-1,-1,-1,1,-1,-1,1,-1,1,-1,-1,-1,-1,1,-1,1,1,-1,1,-1,-1,1,1,-1,-1,-1,-1,-1,-1,1,1,-1,-1,1,-1,1,1,-1,-1,-1,1,-1,1,1,-1,-1,1,-1,-1,1,1,1,-1,1,-1,1,1,1,-1,-1,1,-1,-1,1,1,1,-1,1,-1,-1,1,1,-1,1,1,-1,-1,1,1,-1,1,1,-1,-1,1,1,-1,1,1,-1,-1,1,1,1,1,-1,1,-1,-1,1,1,1,1,-1,-1,1,-1,1,1,1,1,-1,-1,1,-1,1,1,1,-1,1,1,1,1,-1,1,-1,1,1,1,1,1,1,1,-1,1,1,1,1,-1,1,-1,1,1,1,1,1,-1,1,1,1,1,-1,1,1,-1,1,1,-1,1,1,-1,-1,1,1,1,1,-1,1,-1,1,1,1,-1,-1,1,-1,1,1,1,-1,1,-1,-1,-1,1,1,-1,-1,1,-1,-1,1,1,1,-1,1,-1,-1,1,1,1,-1,1,-1,-1,1,1,-1,-1,-1,1,-1,-1,1,-1,1,1,-1,1,1,-1,-1,1,-1,-1,-1,1,1,-1,1,1,-1,1,1,-1,-1,-1,-1,1,-1,-1,-1,-1,1,-1,-1,1,1,-1,1,1,-1,1,1,1,1,-1,1,-1,1,1,1,-1,-1,1,-1,-1,1,1,-1,-1,1,-1,1,1,1,-1,-1,1,-1,1,1,1,1,-1,1,-1,-1,1,1,1,-1,-1,1,-1,1,1,1,-1,1,-1,-1,1,-2674.0,1,2000,445,1000,False
310,1,1,-1,-1,1,-1,-1,-1,1,1,1,-1,1,1,1,1,-1,1,-1,-1,-1,-1,1,1,1,-1,-1,-1,1,1,1,1,-1,-1,-1,-1,1,1,1,1,-1,-1,-1,1,1,1,1,-1,1,1,1,1,-1,1,-1,-1,1,-1,1,1,1,-1,-1,-1,1,1,1,1,-1,-1,-1,1,1,1,1,-1,-1,-1,1,1,1,-1,-1,-1,1,1,1,1,-1,-1,-1,1,1,1,1,-1,-1,1,1,-1,1,1,-1,-1,1,1,1,1,1,-1,-1,1,1,1,1,1,-1,-1,1,1,1,1,1,1,-1,-1,1,1,-1,1,1,-1,1,1,1,1,1,1,-1,-1,1,1,1,1,1,-1,1,1,1,1,1,1,-1,-1,-1,1,1,1,1,-1,1,1,1,1,-1,1,-1,1,-1,1,1,1,-1,-1,1,1,1,1,1,-1,1,-1,-1,1,-1,1,-1,1,1,1,1,1,1,1,1,1,-1,1,-1,1,-1,1,1,-1,1,-1,1,1,-1,1,-1,1,-1,1,-1,1,1,-1,-1,-1,1,1,1,1,-1,-1,1,1,-1,-1,1,-1,1,-1,-1,1,-1,1,-1,1,-1,1,-1,1,1,-1,1,-1,1,1,-1,1,-1,1,1,1,-1,1,1,-1,1,-1,1,-1,1,-1,1,-1,1,1,-1,1,-1,-1,-1,1,1,-1,1,-1,-1,-1,1,1,-1,-1,1,1,-1,-1,1,1,-1,1,1,-1,1,1,1,1,-1,1,-1,1,1,-1,1,-1,1,1,-1,1,1,1,1,1,-1,-1,1,-1,-1,-1,1,1,-1,1,1,1,-1,1,-1,-1,1,1,1,-1,1,-1,1,1,1,-1,-1,1,-1,1,1,1,-1,1,1,-1,-1,1,1,1,-1,1,-1,1,1,1,-1,1,1,-1,1,1,1,-1,1,-1,-1,1,1,1,-1,1,-1,-1,-1,1,1,-1,1,-1,-1,1,-1,1,-1,1,1,-1,-1,1,1,1,-1,1,-1,-1,1,1,-1,1,-1,1,-1,-1,-1,-1,1,1,1,-1,1,1,-1,1,1,-1,-1,1,1,1,1,1,-1,1,1,1,-1,1,-1,-1,-1,-1,1,1,1,1,-1,-1,1,1,1,1,-1,-1,-1,-1,-1,1,-1,-1,-1,1,-1,1,1,-1,1,1,1,1,-1,1,-1,1,-1,-1,1,-1,1,1,1,1,-1,1,-1,-1,1,1,-1,-1,1,-1,1,1,1,-1,-1,1,-1,-1,1,1,-1,1,1,-1,1,1,-1,-1,1,1,-1,1,-1,-1,-1,1,-1,-1,1,-1,-1,1,1,-1,-1,1,-1,-1,-1,1,-1,-1,1,-1,-1,-1,1,-1,-1,1,-1,-1,-1,1,1,-1,1,1,-1,-1,1,1,-1,-1,1,1,-1,1,-1,-1,1,-1,-1,1,-1,1,-1,-1,1,-1,1,-1,1,1,-1,1,-1,-1,1,1,1,-1,1,-1,1,-1,1,-1,1,-1,-1,-1,1,-1,-1,-1,1,1,-1,1,-1,1,-1,1,-1,1,1,-1,1,1,1,-1,-1,1,-1,1,-1,1,1,-1,1,-1,-1,1,1,-1,-1,1,-1,-1,-1,1,-1,-1,1,-1,1,1,1,1,-1,1,-1,-1,1,1,-1,-1,1,-1,-1,-1,1,1,-1,-1,1,1,-1,1,-1,-1,1,1,1,-1,1,1,-1,-1,1,1,-1,1,-1,-1,-1,1,1,1,-1,-1,-1,1,-1,1,1,1,-1,-1,-1,1,1,1,-1,-1,-1,1,1,1,1,1,-1,-1,-1,1,1,1,-1,-1,-1,-1,1,1,1,1,-1,-1,-1,1,1,1,1,-1,-1,1,1,1,1,1,-1,-1,-1,1,1,-1,1,-1,-1,-1,1,1,1,1,-1,-1,1,1,1,1,1,-1,1,1,-1,1,1,-1,-1,-1,1,1,1,-1,1,-1,1,1,1,1,1,1,-1,-1,1,-1,1,-1,1,-1,-1,1,-1,1,-1,-1,-1,-1,1,-1,1,1,-1,-1,-1,1,1,1,-1,1,-1,-1,1,-1,1,-1,-1,-1,-1,1,1,-1,-1,-1,-1,-1,1,-1,1,-1,-1,-1,-1,-1,-1,-1,1,-1,-1,-1,1,-1,-1,1,-1,-1,-1,-1,-1,1,1,-1,-1,-1,-1,-1,1,-1,-1,-1,1,-1,-1,1,-1,1,-1,-1,-1,-1,-1,-1,-1,1,-1,-1,-1,1,1,1,-1,-1,1,-1,-1,-1,-1,-1,1,-1,-1,1,-1,1,-1,-1,-1,-1,1,-1,1,1,-1,1,-1,-1,1,1,-1,-1,-1,-1,-1,-1,1,1,-1,-1,1,-1,1,1,-1,-1,-1,1,-1,1,1,-1,-1,1,-1,-1,1,1,1,-1,1,-1,1,1,1,-1,-1,1,-1,-1,1,1,1,-1,1,-1,-1,1,1,-1,1,1,-1,-1,1,1,1,1,1,-1,-1,1,1,-1,1,1,-1,-1,1,1,1,1,1,1,-1,-1,1,1,1,1,-1,-1,1,-1,1,1,1,1,-1,-1,1,-1,1,1,1,-1,1,1,1,1,-1,1,-1,1,1,1,1,1,1,1,-1,1,1,1,1,-1,1,-1,1,1,1,1,1,-1,1,1,1,1,-1,1,1,-1,1,1,-1,1,1,-1,-1,1,1,1,1,-1,1,-1,1,1,1,-1,-1,1,-1,1,1,1,-1,1,-1,-1,-1,1,1,-1,-1,1,-1,-1,1,1,-1,-1,1,-1,-1,1,1,1,-1,1,-1,-1,1,1,-1,-1,-1,1,-1,-1,1,-1,1,1,-1,1,1,-1,-1,1,1,-1,-1,1,1,-1,1,1,-1,1,1,-1,-1,-1,-1,1,-1,-1,-1,-1,1,-1,-1,1,1,-1,1,1,-1,1,1,1,1,-1,1,-1,1,1,1,1,-1,1,-1,-1,-1,1,1,-1,1,-1,1,1,1,1,-1,1,-1,1,1,1,-1,-1,1,-1,-1,1,1,-1,-1,-1,1,-1,1,-1,1,-1,1,-1,-1,1,-2674.0,1,2000,445,1500,False
311,1,1,-1,-1,1,-1,-1,-1,1,1,1,-1,1,1,1,1,-1,1,-1,-1,-1,-1,1,1,1,-1,-1,-1,1,1,1,1,-1,-1,-1,-1,1,-1,1,1,-1,-1,-1,1,1,1,1,-1,1,1,1,1,-1,1,-1,-1,1,-1,1,1,1,-1,-1,-1,1,1,1,1,-1,-1,-1,1,1,1,1,-1,-1,-1,1,1,1,-1,-1,-1,1,1,1,1,-1,-1,-1,1,1,1,1,-1,-1,1,1,-1,1,1,-1,-1,1,1,1,1,1,-1,-1,1,1,1,1,1,-1,-1,1,1,1,1,1,1,-1,-1,1,1,-1,1,1,-1,1,1,1,1,1,1,-1,-1,1,1,1,1,1,-1,1,1,1,1,1,1,-1,-1,-1,1,1,1,1,-1,1,1,1,1,-1,1,-1,1,-1,1,1,1,-1,-1,1,1,1,1,1,-1,1,-1,-1,1,-1,1,-1,1,1,1,1,1,1,1,1,1,-1,1,-1,1,-1,1,1,-1,1,-1,1,1,-1,1,-1,1,-1,1,-1,1,1,-1,1,-1,1,1,1,1,-1,-1,1,1,-1,-1,1,-1,1,-1,-1,1,-1,1,-1,1,-1,1,-1,1,1,-1,-1,-1,1,1,-1,1,-1,1,1,1,-1,1,1,-1,1,-1,1,-1,1,-1,1,-1,1,1,-1,1,-1,-1,-1,1,1,-1,1,-1,-1,-1,1,1,-1,-1,1,1,-1,-1,1,1,-1,1,1,-1,1,1,1,1,-1,1,-1,1,1,-1,1,-1,1,1,-1,1,1,1,1,1,-1,-1,1,-1,-1,-1,1,1,-1,1,1,1,-1,1,-1,-1,1,1,1,-1,1,-1,1,1,1,-1,1,1,-1,1,1,1,-1,1,1,-1,-1,1,1,1,-1,1,-1,1,1,1,-1,1,1,-1,1,1,1,-1,1,-1,-1,1,1,1,-1,1,-1,-1,-1,1,1,-1,1,-1,-1,1,-1,1,-1,1,1,-1,-1,1,1,1,1,1,-1,-1,1,1,-1,1,-1,1,-1,-1,-1,-1,1,1,-1,-1,1,1,-1,1,1,-1,-1,1,1,1,1,1,-1,1,1,1,-1,1,-1,-1,-1,-1,1,1,1,1,-1,-1,1,1,1,1,-1,-1,-1,-1,-1,1,-1,-1,-1,1,-1,1,1,1,1,-1,1,1,-1,1,-1,1,-1,-1,1,-1,1,1,1,1,-1,1,-1,-1,1,1,-1,-1,1,-1,1,1,1,-1,-1,1,-1,-1,1,1,-1,1,1,-1,1,1,-1,-1,1,1,-1,1,-1,-1,-1,1,-1,-1,1,-1,-1,-1,1,-1,-1,1,-1,-1,-1,1,-1,-1,1,-1,-1,-1,1,-1,-1,1,-1,-1,-1,1,1,-1,1,1,-1,-1,1,1,-1,-1,-1,1,-1,1,-1,-1,1,-1,-1,1,-1,1,-1,-1,1,-1,1,-1,1,-1,-1,1,-1,-1,1,1,1,-1,1,-1,1,-1,1,-1,1,-1,-1,-1,1,-1,-1,-1,1,1,-1,1,-1,1,-1,1,-1,1,1,-1,1,1,1,-1,-1,1,-1,1,-1,1,1,-1,1,-1,-1,1,1,-1,-1,1,-1,-1,-1,1,-1,-1,1,-1,1,1,1,1,-1,1,-1,-1,1,1,-1,-1,1,-1,-1,-1,1,1,-1,-1,1,1,-1,-1,-1,-1,1,1,1,1,1,1,-1,-1,1,1,-1,1,-1,-1,1,1,1,1,-1,-1,-1,1,-1,1,1,1,1,-1,-1,1,1,1,-1,-1,-1,-1,1,1,1,1,-1,-1,-1,1,1,1,-1,-1,-1,-1,1,1,1,1,-1,-1,1,1,1,1,1,-1,-1,-1,1,1,1,1,-1,-1,-1,1,1,-1,1,-1,-1,-1,1,1,1,1,-1,-1,1,1,1,1,1,-1,1,1,-1,1,1,-1,-1,-1,1,1,1,1,1,-1,1,1,1,1,1,1,-1,-1,1,-1,1,-1,1,-1,-1,1,-1,1,-1,-1,-1,-1,1,-1,1,1,-1,1,-1,1,1,1,-1,1,1,-1,1,-1,1,-1,-1,-1,-1,1,1,-1,-1,-1,-1,-1,1,-1,1,-1,-1,-1,-1,-1,-1,-1,1,-1,-1,-1,1,-1,-1,1,-1,-1,-1,-1,-1,-1,1,-1,-1,-1,-1,-1,1,-1,-1,-1,1,-1,-1,1,-1,1,-1,-1,-1,-1,-1,-1,-1,1,-1,-1,-1,1,1,1,-1,-1,1,1,-1,-1,-1,-1,1,-1,-1,1,1,1,-1,-1,-1,-1,1,-1,1,1,-1,1,-1,-1,1,1,-1,-1,-1,-1,-1,-1,1,1,-1,-1,1,-1,1,1,-1,-1,-1,1,-1,1,1,-1,-1,1,-1,-1,1,1,1,-1,1,-1,1,1,1,-1,-1,1,-1,-1,1,1,1,-1,1,-1,-1,1,1,-1,1,1,-1,-1,1,1,1,1,1,-1,-1,1,1,-1,1,1,-1,-1,1,1,1,1,1,1,-1,-1,1,1,-1,1,-1,-1,1,-1,1,1,1,1,-1,-1,1,-1,1,1,1,-1,1,1,1,1,-1,1,-1,1,1,1,1,1,1,1,-1,1,1,1,1,-1,1,-1,1,1,1,1,1,-1,1,1,1,1,-1,1,1,-1,1,1,-1,1,1,-1,-1,1,1,1,1,-1,1,-1,1,1,1,-1,-1,1,-1,1,1,1,-1,1,-1,-1,-1,1,1,-1,-1,1,-1,-1,1,1,-1,-1,1,-1,-1,1,1,1,-1,1,-1,-1,1,1,-1,-1,-1,1,-1,-1,1,-1,1,1,-1,1,1,-1,-1,1,-1,-1,-1,1,1,-1,1,1,-1,1,1,-1,-1,-1,-1,1,-1,-1,-1,-1,1,-1,-1,1,1,-1,1,1,-1,1,1,1,1,-1,1,-1,1,1,1,1,-1,1,-1,-1,1,1,1,-1,1,-1,1,1,1,1,-1,1,-1,1,1,1,-1,-1,1,-1,-1,1,1,-1,-1,-1,1,-1,1,-1,1,-1,1,-1,-1,1,-2674.0,1,2000,445,1500,False
312,1,1,-1,-1,1,1,-1,-1,1,1,1,-1,1,1,1,1,-1,1,-1,-1,-1,-1,1,1,1,-1,-1,-1,1,1,1,1,1,-1,-1,-1,1,1,1,1,-1,-1,-1,1,1,1,1,-1,1,1,1,1,-1,1,-1,-1,1,-1,1,1,-1,-1,-1,-1,1,1,1,1,-1,-1,-1,1,1,1,1,-1,-1,-1,1,1,1,-1,-1,-1,1,1,1,1,-1,-1,-1,1,1,1,1,-1,-1,1,1,-1,1,1,-1,-1,1,1,1,1,1,-1,-1,-1,1,1,1,1,-1,-1,1,1,1,1,1,1,-1,-1,1,1,-1,1,1,-1,1,1,1,1,1,1,-1,1,1,1,1,1,1,-1,1,1,1,1,1,1,-1,-1,-1,1,1,1,1,-1,1,1,1,1,-1,1,-1,1,-1,1,1,1,-1,-1,1,1,1,1,1,-1,1,-1,-1,1,-1,1,-1,1,1,1,1,1,1,1,1,1,1,1,-1,1,-1,1,1,-1,1,-1,1,1,-1,1,-1,1,-1,1,-1,1,1,-1,1,-1,1,1,1,1,-1,-1,1,1,-1,-1,1,-1,1,-1,1,1,-1,1,-1,1,-1,1,-1,1,1,-1,-1,-1,1,1,-1,1,-1,1,1,1,-1,1,-1,-1,-1,-1,1,-1,1,1,1,-1,1,1,-1,1,-1,-1,-1,1,1,-1,1,-1,-1,-1,1,1,-1,-1,1,1,-1,-1,1,1,-1,1,1,-1,1,1,1,-1,-1,1,-1,1,1,-1,1,-1,1,1,-1,1,1,-1,-1,1,-1,-1,1,-1,1,-1,1,1,-1,1,1,1,-1,1,-1,-1,1,1,-1,-1,1,-1,1,1,1,1,-1,1,-1,1,1,1,-1,1,1,-1,-1,1,1,-1,-1,1,-1,1,1,1,1,1,1,-1,1,1,1,1,1,-1,-1,1,1,1,1,1,-1,-1,-1,1,1,1,1,-1,-1,1,-1,1,-1,1,1,-1,-1,1,1,1,1,1,-1,-1,1,1,1,-1,-1,1,-1,-1,-1,-1,1,1,-1,-1,1,1,-1,1,1,-1,-1,1,1,1,1,1,-1,1,1,1,-1,1,-1,-1,-1,-1,1,1,1,1,-1,-1,1,-1,1,1,-1,-1,-1,-1,-1,1,-1,-1,-1,1,-1,1,1,1,1,-1,1,1,-1,1,-1,1,-1,-1,1,-1,1,-1,1,1,-1,1,-1,-1,1,1,-1,-1,1,-1,1,1,1,-1,-1,1,-1,1,-1,1,-1,1,1,-1,1,-1,-1,-1,1,1,-1,1,-1,-1,-1,1,-1,1,1,-1,-1,1,1,-1,-1,1,-1,-1,-1,1,-1,1,-1,1,-1,-1,1,-1,-1,1,-1,-1,-1,1,1,-1,1,-1,-1,-1,1,1,-1,1,-1,1,-1,1,-1,-1,1,-1,-1,1,-1,1,-1,-1,1,-1,1,-1,1,1,-1,1,-1,-1,1,1,1,-1,1,-1,1,-1,1,-1,1,-1,-1,-1,1,-1,-1,-1,1,1,-1,1,-1,1,-1,1,-1,1,1,-1,1,1,1,-1,-1,1,-1,1,-1,1,1,-1,1,-1,-1,1,1,-1,-1,1,-1,-1,-1,1,-1,-1,1,-1,1,1,1,1,-1,1,-1,-1,1,1,-1,-1,1,-1,-1,-1,1,1,-1,-1,1,1,-1,-1,-1,-1,1,1,1,1,1,1,-1,-1,1,1,-1,1,-1,-1,1,1,1,1,-1,-1,-1,1,-1,1,1,1,-1,-1,-1,1,1,1,-1,-1,-1,1,1,1,1,1,-1,-1,-1,1,1,1,-1,-1,-1,-1,1,1,1,1,-1,-1,1,1,1,1,1,-1,-1,-1,1,1,1,-1,-1,-1,-1,1,1,-1,1,-1,-1,-1,1,1,1,1,-1,-1,1,1,1,1,1,-1,1,1,-1,1,1,-1,-1,-1,1,1,1,-1,1,-1,1,1,1,1,1,1,-1,-1,1,-1,1,-1,1,-1,-1,1,-1,1,-1,-1,-1,-1,1,-1,1,1,-1,-1,-1,1,1,1,-1,1,-1,-1,1,-1,1,-1,-1,-1,-1,1,1,-1,-1,-1,-1,-1,1,-1,1,-1,-1,-1,-1,-1,-1,-1,1,-1,-1,-1,1,-1,-1,1,-1,-1,-1,-1,-1,-1,1,-1,-1,-1,-1,-1,1,-1,-1,-1,1,-1,-1,1,-1,1,-1,-1,-1,-1,-1,-1,-1,1,-1,-1,-1,1,1,1,-1,-1,-1,1,-1,-1,-1,-1,1,-1,-1,1,1,1,-1,-1,-1,-1,1,-1,1,1,-1,1,-1,-1,1,1,-1,-1,-1,-1,-1,-1,1,1,-1,-1,1,-1,1,1,-1,-1,-1,1,-1,-1,1,-1,-1,1,-1,-1,1,1,1,-1,1,-1,1,1,1,-1,-1,1,-1,-1,1,1,1,-1,1,-1,-1,1,1,-1,1,1,-1,-1,1,1,1,1,1,-1,-1,1,1,1,1,1,-1,-1,1,1,1,1,1,1,-1,1,1,1,-1,1,-1,-1,1,-1,1,1,1,1,-1,-1,1,-1,1,1,1,-1,1,1,1,1,-1,1,-1,1,1,1,1,1,1,-1,-1,-1,1,1,1,-1,1,-1,1,1,1,1,-1,1,-1,1,1,1,-1,-1,1,-1,1,1,-1,1,-1,-1,-1,-1,1,1,-1,1,-1,-1,1,1,1,-1,-1,-1,-1,1,1,1,-1,1,-1,-1,-1,1,1,-1,1,-1,-1,-1,1,1,-1,-1,1,-1,1,1,1,1,1,1,-1,-1,1,1,-1,-1,1,1,1,1,1,-1,1,-1,-1,1,1,-1,-1,1,-1,-1,-1,1,1,-1,1,-1,1,1,1,-1,-1,-1,-1,-1,-1,-1,-1,-1,1,-1,1,1,1,-1,1,1,-1,1,1,1,1,-1,1,-1,1,1,1,-1,-1,1,-1,1,1,1,-1,1,1,-1,1,1,1,-1,-1,1,-1,1,1,1,1,-1,1,-1,-1,1,1,-1,-1,1,1,-1,1,-1,1,-1,1,-1,-1,1,-2674.0,1,2000,445,1500,False
313,1,1,-1,-1,1,-1,-1,-1,1,1,1,-1,1,1,1,1,-1,1,-1,-1,-1,-1,1,1,1,-1,-1,-1,1,1,1,1,1,-1,-1,-1,1,-1,1,1,-1,-1,-1,1,1,1,1,-1,1,1,1,1,-1,1,-1,-1,1,-1,1,1,1,-1,-1,-1,1,1,1,1,-1,-1,-1,1,1,1,1,-1,-1,-1,1,1,1,-1,-1,-1,1,1,1,1,-1,-1,-1,1,1,1,1,-1,-1,1,1,-1,1,1,-1,-1,1,1,1,1,1,-1,-1,1,1,-1,1,1,-1,-1,1,1,1,1,1,1,-1,-1,1,1,-1,1,1,-1,1,1,1,1,1,1,-1,-1,1,1,1,1,1,-1,1,1,1,1,1,1,-1,-1,-1,1,1,1,1,-1,1,1,1,1,-1,1,-1,1,-1,1,1,1,-1,-1,1,1,1,1,1,-1,1,-1,-1,1,-1,1,-1,1,1,1,1,1,1,1,1,1,-1,1,-1,1,-1,1,1,-1,1,-1,1,1,-1,1,-1,1,-1,1,-1,1,1,-1,-1,-1,1,1,1,1,-1,-1,1,1,-1,-1,1,-1,1,-1,-1,1,-1,1,-1,1,-1,1,-1,1,1,-1,-1,-1,1,1,-1,1,-1,1,1,1,-1,1,1,-1,1,-1,1,-1,1,-1,1,-1,1,1,-1,1,-1,-1,-1,1,1,-1,1,-1,-1,-1,1,1,-1,-1,1,1,-1,-1,1,1,-1,1,1,-1,1,1,1,-1,-1,1,-1,1,1,-1,1,-1,1,1,-1,1,1,-1,-1,1,-1,-1,1,-1,1,-1,1,1,-1,1,1,1,-1,1,-1,-1,1,1,-1,-1,1,-1,1,1,1,1,-1,1,-1,1,1,1,-1,1,1,-1,-1,1,1,-1,-1,1,-1,1,1,1,1,1,1,-1,1,1,1,1,1,-1,-1,1,1,1,1,1,-1,-1,-1,1,1,1,1,-1,-1,1,-1,1,-1,1,1,-1,-1,1,1,1,1,1,-1,-1,1,1,1,-1,-1,1,-1,-1,-1,-1,1,1,-1,-1,1,1,-1,1,1,-1,-1,1,1,1,1,1,-1,1,1,1,-1,1,-1,-1,-1,-1,1,1,1,1,-1,-1,1,-1,1,1,-1,-1,-1,-1,-1,1,-1,-1,-1,1,-1,1,-1,1,1,1,1,1,-1,1,-1,1,-1,-1,1,-1,1,-1,1,1,-1,1,-1,-1,1,1,-1,-1,1,-1,1,1,1,-1,-1,1,-1,1,-1,1,-1,1,1,-1,-1,-1,-1,-1,1,1,-1,1,-1,-1,-1,1,-1,1,1,-1,-1,-1,1,-1,-1,1,-1,-1,-1,1,-1,1,-1,1,-1,-1,1,-1,-1,1,-1,-1,-1,1,1,-1,1,-1,-1,-1,1,1,-1,-1,-1,1,-1,1,-1,-1,1,-1,-1,1,-1,1,-1,-1,1,-1,1,-1,1,-1,-1,1,-1,-1,1,1,1,-1,1,-1,1,-1,-1,1,1,-1,-1,-1,1,-1,-1,-1,1,1,-1,1,-1,1,-1,1,-1,1,1,-1,1,1,1,-1,-1,1,-1,1,-1,1,1,-1,1,-1,-1,1,1,-1,-1,1,-1,-1,-1,1,-1,-1,1,-1,1,1,1,1,-1,1,-1,-1,1,1,-1,-1,1,-1,-1,-1,1,1,-1,-1,1,1,-1,-1,-1,-1,1,1,1,-1,1,1,-1,-1,1,1,-1,1,-1,-1,1,1,1,1,-1,1,-1,1,-1,1,1,1,1,-1,-1,1,1,1,-1,-1,-1,1,1,1,1,1,-1,-1,-1,1,1,1,-1,-1,-1,-1,1,1,1,1,-1,-1,-1,1,1,1,1,-1,-1,1,1,1,1,1,-1,-1,-1,1,1,-1,1,-1,-1,-1,1,1,1,1,-1,-1,1,1,1,1,1,-1,1,1,-1,1,1,-1,-1,-1,1,1,1,1,1,-1,1,1,1,1,1,1,-1,-1,1,-1,1,-1,1,-1,-1,1,-1,1,-1,-1,-1,-1,1,-1,1,1,-1,1,-1,1,1,1,-1,1,1,-1,1,-1,1,-1,-1,-1,-1,1,1,-1,-1,-1,-1,-1,1,-1,1,-1,-1,-1,-1,-1,-1,-1,1,-1,-1,-1,1,-1,-1,1,-1,-1,-1,-1,-1,-1,1,-1,-1,-1,-1,-1,1,-1,-1,-1,1,-1,-1,1,-1,1,-1,-1,-1,-1,-1,-1,-1,1,-1,-1,-1,1,1,1,-1,-1,1,-1,-1,-1,-1,-1,1,-1,-1,1,-1,1,-1,-1,-1,-1,1,-1,1,1,-1,1,-1,-1,1,1,-1,-1,-1,-1,-1,-1,1,1,-1,-1,1,-1,1,1,-1,-1,-1,1,-1,-1,1,-1,-1,1,-1,-1,1,1,1,-1,1,-1,1,1,1,-1,-1,1,-1,-1,1,1,1,-1,1,-1,-1,1,1,-1,1,1,-1,-1,1,1,1,1,1,-1,-1,1,1,1,1,1,-1,-1,1,1,1,1,1,1,-1,1,1,1,-1,1,-1,-1,1,-1,1,1,1,1,-1,-1,1,-1,1,1,1,-1,1,1,1,1,-1,1,-1,1,1,1,1,1,1,-1,-1,1,1,1,1,-1,1,-1,1,1,1,1,-1,1,-1,1,1,1,-1,-1,1,-1,1,1,-1,1,-1,-1,-1,1,1,1,-1,1,-1,-1,1,1,1,-1,-1,-1,-1,1,1,1,-1,1,-1,-1,-1,1,1,-1,1,-1,-1,-1,1,1,-1,1,1,-1,1,1,1,1,1,1,-1,-1,1,1,-1,-1,1,1,1,-1,1,-1,1,-1,-1,1,1,-1,-1,1,-1,-1,-1,1,1,-1,1,-1,1,1,1,-1,-1,-1,-1,1,-1,-1,-1,-1,1,-1,1,1,1,-1,1,1,-1,1,1,1,1,-1,1,-1,1,1,1,1,-1,1,-1,1,1,1,1,-1,1,-1,1,1,1,1,-1,1,-1,1,1,1,-1,-1,1,-1,-1,1,1,-1,-1,-1,1,-1,1,-1,1,-1,1,-1,-1,1,-2674.0,1,2000,445,1500,False
314,1,1,-1,-1,1,1,-1,-1,1,1,1,-1,1,1,1,1,-1,1,-1,-1,-1,-1,1,1,1,-1,-1,-1,1,1,1,1,1,-1,-1,-1,1,-1,1,1,-1,-1,-1,1,1,1,1,-1,1,1,1,1,-1,1,-1,-1,1,-1,1,1,1,-1,-1,-1,1,1,1,1,-1,-1,-1,1,1,1,1,-1,-1,-1,1,1,1,-1,-1,-1,1,1,1,1,-1,-1,-1,1,1,1,1,-1,-1,1,1,-1,1,1,-1,-1,1,1,1,1,1,-1,-1,1,1,1,1,1,-1,-1,1,1,1,1,1,1,-1,1,1,1,-1,1,1,-1,1,1,1,1,1,1,-1,-1,1,1,1,1,1,-1,1,1,1,1,1,1,-1,-1,-1,1,1,1,1,-1,1,1,1,1,-1,1,-1,1,-1,1,1,1,-1,-1,1,1,1,1,1,-1,1,-1,-1,1,-1,1,-1,1,1,1,1,1,1,1,1,1,-1,1,-1,1,-1,1,1,-1,1,-1,1,1,-1,1,-1,1,-1,1,-1,1,1,-1,-1,-1,1,1,1,1,-1,-1,1,1,-1,-1,1,-1,1,-1,-1,1,-1,1,-1,1,-1,1,-1,1,1,-1,-1,-1,1,1,-1,1,-1,1,1,1,-1,1,1,-1,-1,-1,1,-1,1,-1,1,-1,1,1,-1,1,-1,-1,-1,1,1,-1,1,-1,-1,-1,1,1,-1,-1,1,1,-1,-1,1,1,-1,1,1,-1,1,1,1,-1,-1,1,-1,1,1,-1,1,-1,1,1,-1,1,1,-1,-1,1,-1,-1,1,-1,1,-1,1,1,-1,1,1,1,-1,1,-1,-1,1,1,-1,-1,1,-1,1,1,1,1,-1,1,-1,1,1,1,-1,1,1,-1,-1,1,1,-1,1,1,-1,1,1,1,1,1,1,-1,1,1,1,1,1,-1,-1,1,1,1,1,1,-1,-1,-1,1,1,1,1,-1,-1,1,-1,1,1,1,1,-1,-1,1,1,1,1,1,-1,-1,1,1,1,-1,-1,1,-1,-1,-1,-1,1,1,-1,-1,1,1,-1,1,1,-1,-1,1,1,1,1,1,-1,1,1,1,-1,1,-1,-1,-1,-1,1,1,1,1,-1,-1,1,-1,1,1,-1,-1,-1,-1,-1,1,-1,-1,-1,1,-1,1,1,1,1,-1,1,1,-1,1,-1,1,-1,-1,1,-1,1,-1,1,1,-1,1,-1,-1,1,1,-1,-1,1,-1,1,1,1,-1,-1,1,-1,1,-1,1,-1,1,1,-1,-1,-1,-1,-1,1,1,-1,1,-1,-1,-1,1,-1,1,1,1,-1,1,1,-1,-1,1,-1,-1,-1,1,-1,1,-1,1,-1,-1,1,-1,-1,1,-1,-1,-1,1,1,-1,-1,-1,-1,-1,1,1,-1,-1,-1,1,-1,1,-1,-1,1,-1,-1,1,1,1,-1,-1,1,-1,1,-1,1,1,-1,1,-1,-1,1,1,1,-1,1,-1,1,-1,-1,-1,1,-1,-1,-1,1,-1,-1,-1,1,1,-1,1,-1,1,-1,1,-1,1,1,-1,1,1,1,-1,-1,1,-1,1,-1,1,1,-1,1,-1,-1,1,1,-1,-1,1,-1,-1,-1,1,-1,-1,1,-1,1,1,1,1,-1,1,-1,-1,1,1,-1,-1,1,-1,-1,-1,1,1,-1,-1,1,1,-1,-1,-1,-1,1,1,1,1,1,1,-1,-1,1,1,-1,1,-1,-1,1,1,1,1,-1,-1,-1,1,-1,1,1,1,1,-1,-1,1,1,1,-1,-1,-1,1,1,1,1,1,-1,-1,-1,1,1,1,-1,-1,-1,-1,1,1,1,1,-1,-1,-1,1,1,1,1,-1,-1,1,1,1,1,1,-1,-1,-1,1,1,-1,1,-1,-1,-1,1,1,1,1,-1,-1,1,1,1,1,1,-1,1,1,-1,1,1,-1,-1,-1,1,1,1,-1,1,-1,1,1,1,1,1,1,-1,-1,1,-1,1,-1,1,-1,-1,1,-1,1,-1,-1,-1,-1,1,-1,1,1,-1,1,-1,1,1,1,-1,1,1,-1,1,-1,1,-1,-1,-1,-1,1,1,-1,-1,-1,-1,-1,1,-1,1,-1,-1,-1,-1,-1,-1,-1,1,-1,-1,-1,1,-1,-1,1,-1,-1,-1,-1,-1,-1,1,-1,-1,-1,-1,-1,1,-1,-1,-1,1,-1,-1,1,-1,1,-1,-1,-1,-1,-1,-1,-1,1,-1,-1,-1,1,1,-1,-1,-1,1,-1,-1,-1,-1,-1,1,-1,-1,1,-1,1,-1,-1,-1,-1,1,-1,1,1,-1,1,-1,-1,1,1,-1,-1,-1,-1,-1,-1,1,1,-1,-1,1,-1,1,1,-1,-1,-1,1,-1,1,1,-1,-1,1,-1,-1,1,1,1,-1,1,-1,1,1,1,-1,-1,1,-1,-1,1,1,1,-1,1,-1,-1,1,1,-1,1,1,-1,-1,1,1,1,1,1,-1,-1,1,1,1,1,1,-1,-1,1,1,1,1,1,1,-1,1,1,1,-1,1,-1,-1,1,-1,1,1,1,1,-1,-1,1,-1,1,1,1,-1,1,1,1,1,-1,1,-1,1,1,1,1,1,1,-1,-1,1,1,1,1,-1,1,-1,1,1,1,1,-1,1,-1,1,1,1,-1,-1,1,-1,1,1,-1,1,-1,-1,-1,1,1,1,-1,1,-1,-1,1,1,1,-1,-1,-1,1,1,1,1,-1,-1,1,-1,-1,1,1,-1,1,-1,-1,1,1,1,-1,1,1,-1,1,1,1,1,1,1,-1,-1,1,1,-1,-1,1,1,1,1,1,-1,1,-1,-1,1,1,-1,-1,1,-1,-1,-1,1,1,-1,1,-1,1,1,1,-1,-1,-1,-1,-1,-1,-1,-1,-1,1,-1,1,1,1,-1,1,1,-1,1,1,1,1,-1,1,-1,1,1,1,1,-1,1,-1,1,1,1,1,-1,1,-1,1,1,1,1,-1,1,-1,1,1,1,-1,-1,1,-1,-1,1,1,-1,-1,-1,1,-1,1,1,1,-1,1,-1,-1,1,-2674.0,1,2000,445,1500,False
315,1,1,-1,-1,1,-1,-1,-1,1,1,1,-1,1,1,1,1,-1,1,-1,-1,-1,-1,1,1,1,-1,-1,-1,1,1,1,1,-1,-1,-1,-1,1,-1,1,1,-1,-1,-1,1,1,1,1,-1,1,1,1,1,-1,1,-1,-1,1,-1,1,1,1,-1,-1,-1,1,1,1,1,-1,-1,-1,1,1,1,1,-1,-1,-1,1,1,1,-1,-1,-1,1,1,1,1,-1,1,-1,1,1,1,1,-1,-1,1,1,-1,1,1,-1,-1,1,1,1,1,1,-1,-1,1,1,1,1,1,-1,-1,1,1,1,1,1,1,-1,1,1,1,-1,1,1,-1,1,1,1,1,1,1,-1,-1,1,1,1,1,1,-1,1,1,1,1,1,1,-1,-1,-1,1,1,1,1,-1,1,1,1,1,-1,1,-1,1,1,1,1,1,-1,-1,1,1,1,1,1,-1,1,-1,-1,1,-1,1,-1,1,1,1,1,1,1,1,1,1,-1,1,-1,1,-1,1,1,-1,1,-1,1,1,-1,1,-1,1,-1,1,-1,1,1,-1,1,-1,1,1,1,1,-1,-1,1,1,-1,-1,1,-1,1,-1,1,1,-1,1,-1,1,-1,1,-1,-1,1,-1,-1,-1,1,1,-1,1,-1,1,1,1,-1,1,1,-1,1,-1,1,-1,1,-1,1,-1,1,1,-1,1,-1,-1,-1,1,1,-1,1,-1,-1,-1,1,1,-1,-1,1,1,-1,-1,1,1,-1,1,1,-1,1,1,1,1,-1,1,-1,1,1,-1,1,-1,1,1,-1,1,1,1,1,1,-1,-1,1,-1,-1,1,1,1,-1,1,1,1,-1,1,-1,-1,1,1,1,1,1,-1,1,1,1,-1,1,1,-1,1,1,1,-1,1,1,-1,-1,1,1,1,-1,1,-1,1,1,1,-1,1,1,-1,1,1,1,-1,1,-1,-1,1,1,1,-1,1,-1,-1,-1,1,1,-1,1,-1,-1,1,-1,1,-1,1,1,-1,-1,1,1,1,1,1,-1,-1,1,1,-1,1,-1,1,-1,-1,-1,-1,1,1,-1,-1,1,1,-1,1,1,-1,-1,1,1,1,1,1,-1,1,1,1,-1,1,-1,-1,-1,-1,1,1,1,1,-1,-1,1,1,1,1,-1,-1,-1,-1,-1,1,-1,-1,-1,1,-1,1,1,1,1,-1,1,1,-1,1,-1,1,-1,-1,1,-1,1,1,1,1,-1,1,-1,-1,1,1,-1,-1,1,-1,1,1,1,-1,-1,1,-1,-1,1,1,-1,1,1,-1,1,1,-1,-1,1,1,-1,1,-1,-1,-1,1,-1,-1,1,-1,-1,-1,1,-1,-1,1,-1,-1,-1,1,-1,-1,1,-1,-1,-1,1,-1,-1,1,-1,-1,-1,1,1,-1,1,-1,-1,-1,1,1,-1,-1,-1,1,-1,1,-1,-1,1,-1,-1,1,-1,1,-1,-1,1,-1,1,-1,1,-1,-1,1,-1,-1,1,1,1,-1,1,-1,1,-1,1,-1,1,-1,-1,-1,1,-1,-1,-1,1,1,-1,1,-1,1,-1,1,-1,1,1,-1,1,1,1,-1,1,1,-1,1,-1,1,1,-1,1,-1,-1,1,1,-1,-1,1,-1,-1,-1,1,-1,-1,1,-1,1,1,1,1,-1,1,-1,-1,1,1,-1,-1,1,-1,-1,-1,1,1,-1,-1,1,1,-1,1,-1,-1,-1,1,1,1,1,1,-1,1,1,1,-1,1,-1,-1,1,1,1,1,-1,-1,-1,1,-1,1,1,1,1,-1,-1,1,1,1,-1,-1,-1,-1,1,1,1,1,-1,-1,-1,1,1,1,-1,-1,-1,-1,1,1,1,1,-1,-1,1,1,1,1,1,-1,-1,-1,1,1,1,1,-1,-1,-1,1,1,-1,1,-1,-1,-1,1,1,1,1,-1,-1,1,1,1,1,1,-1,1,1,-1,1,1,-1,-1,-1,1,1,1,1,1,-1,1,1,1,1,1,1,-1,-1,1,-1,1,-1,1,-1,-1,1,-1,1,-1,-1,-1,-1,1,-1,1,1,-1,1,-1,1,1,1,-1,1,1,-1,1,-1,1,-1,-1,-1,-1,1,1,-1,-1,-1,-1,-1,1,-1,1,-1,-1,-1,-1,-1,-1,-1,1,-1,-1,-1,1,-1,-1,1,-1,-1,-1,-1,-1,1,1,-1,-1,-1,-1,-1,1,-1,-1,-1,1,-1,-1,1,-1,1,-1,-1,-1,-1,-1,-1,-1,1,-1,-1,-1,1,1,1,-1,-1,-1,1,-1,-1,-1,-1,1,-1,-1,1,-1,1,-1,-1,-1,-1,1,-1,1,1,-1,1,-1,-1,1,1,-1,-1,-1,-1,-1,-1,1,1,-1,-1,1,-1,1,1,-1,-1,-1,1,-1,-1,1,-1,-1,1,-1,-1,1,1,1,-1,1,-1,1,1,1,-1,-1,1,-1,-1,1,1,1,-1,1,-1,-1,1,1,-1,1,1,-1,-1,1,1,-1,1,1,-1,-1,1,1,-1,1,1,-1,-1,1,1,1,1,-1,1,-1,-1,1,1,-1,1,-1,-1,1,-1,1,1,1,1,-1,-1,1,-1,1,1,1,-1,1,1,1,1,-1,1,-1,1,1,1,1,1,1,1,-1,1,1,1,1,-1,1,-1,1,1,1,1,1,-1,1,1,1,1,-1,1,1,-1,1,1,-1,1,1,-1,-1,1,1,1,1,-1,1,-1,1,1,1,-1,-1,1,-1,1,1,1,-1,1,-1,-1,-1,1,1,-1,-1,1,-1,-1,1,1,-1,-1,1,-1,-1,1,1,1,-1,1,-1,-1,1,1,-1,-1,-1,1,-1,-1,1,-1,1,1,-1,1,1,-1,-1,1,-1,-1,-1,-1,1,-1,1,1,-1,1,1,-1,-1,-1,-1,1,-1,-1,-1,-1,-1,-1,-1,1,1,-1,1,1,-1,1,1,1,1,-1,1,-1,1,1,1,1,-1,1,-1,-1,1,1,1,-1,1,-1,1,1,1,1,-1,1,-1,1,1,1,-1,-1,1,-1,-1,1,1,-1,-1,-1,1,-1,1,-1,1,-1,1,-1,-1,1,-2674.0,1,2000,445,1500,False
316,1,1,-1,-1,1,-1,-1,-1,1,1,1,-1,1,1,1,1,-1,1,-1,-1,-1,-1,1,1,1,-1,-1,-1,1,1,1,1,1,-1,-1,-1,1,1,1,1,-1,-1,-1,1,1,1,1,-1,1,1,1,1,-1,1,-1,-1,1,-1,1,1,1,-1,-1,-1,1,1,1,1,-1,-1,-1,1,1,1,1,-1,-1,-1,1,1,1,-1,-1,-1,1,1,1,1,-1,-1,-1,1,1,1,1,-1,-1,1,1,-1,1,1,-1,-1,1,1,1,1,1,-1,-1,-1,1,1,1,1,-1,-1,1,1,1,1,1,1,-1,-1,1,1,-1,1,1,-1,1,1,1,1,1,1,-1,1,1,1,1,1,1,-1,1,1,1,1,1,1,-1,-1,-1,1,1,1,1,-1,1,1,1,1,-1,1,-1,1,-1,1,1,1,-1,-1,1,1,1,1,1,-1,1,-1,-1,1,-1,1,-1,1,1,1,1,1,1,1,1,1,-1,1,-1,1,-1,1,1,-1,1,-1,1,1,-1,1,-1,1,-1,1,-1,1,1,-1,1,-1,1,1,1,1,-1,-1,1,1,-1,-1,1,-1,1,-1,1,1,-1,1,-1,1,-1,1,-1,1,1,-1,-1,-1,1,1,-1,1,-1,1,1,1,-1,1,-1,-1,1,-1,1,-1,1,1,1,-1,1,1,-1,1,-1,-1,-1,1,1,-1,1,-1,-1,-1,1,1,-1,-1,1,1,-1,-1,1,1,-1,1,1,-1,1,1,1,-1,-1,1,-1,1,1,-1,1,-1,1,1,-1,1,1,-1,-1,1,-1,-1,1,-1,1,-1,1,1,-1,1,1,1,-1,1,-1,-1,1,1,-1,-1,1,-1,1,1,1,1,-1,1,-1,1,1,1,-1,1,1,-1,-1,1,1,-1,1,1,-1,1,1,1,1,1,1,-1,1,1,1,1,1,-1,-1,1,1,1,1,1,-1,-1,-1,1,1,1,1,-1,-1,1,-1,1,-1,1,1,-1,-1,1,1,1,1,1,-1,-1,1,1,1,-1,-1,1,-1,-1,-1,-1,1,1,-1,-1,1,1,-1,1,1,-1,-1,1,1,1,1,1,-1,1,1,1,-1,1,-1,-1,-1,-1,1,1,1,1,-1,-1,1,-1,1,1,-1,-1,-1,-1,-1,1,-1,-1,-1,1,-1,1,1,1,1,1,1,1,-1,1,-1,1,-1,-1,1,-1,1,-1,1,1,-1,1,-1,-1,1,1,-1,-1,1,-1,1,1,1,-1,-1,1,-1,1,-1,1,-1,1,1,-1,-1,-1,-1,-1,1,1,-1,1,-1,-1,-1,1,-1,1,1,1,-1,-1,1,-1,-1,1,-1,-1,-1,1,-1,1,-1,-1,-1,-1,1,-1,-1,1,-1,-1,-1,1,1,-1,-1,-1,-1,-1,1,1,-1,-1,-1,1,-1,1,-1,-1,1,-1,-1,1,-1,1,-1,-1,1,-1,1,-1,1,-1,-1,1,-1,-1,1,1,1,-1,1,-1,1,-1,-1,-1,1,-1,-1,-1,1,-1,-1,-1,1,1,-1,1,-1,1,-1,1,-1,1,1,-1,1,1,1,-1,-1,1,-1,1,-1,1,1,-1,1,-1,-1,1,1,-1,-1,1,-1,-1,-1,1,-1,-1,1,-1,1,1,1,1,-1,1,-1,-1,1,1,-1,-1,1,-1,-1,-1,1,1,-1,-1,1,1,-1,-1,-1,-1,1,1,1,-1,1,1,-1,-1,1,1,-1,1,-1,-1,1,1,1,1,-1,-1,-1,1,-1,1,1,1,-1,-1,-1,1,1,1,-1,-1,-1,-1,1,1,1,1,-1,-1,-1,1,1,1,-1,-1,-1,-1,1,1,1,1,-1,-1,1,1,1,1,1,-1,-1,-1,1,1,1,1,-1,-1,-1,1,1,-1,1,-1,-1,-1,1,1,1,1,-1,-1,1,1,1,1,1,-1,1,1,-1,1,1,-1,-1,-1,1,1,1,1,1,-1,1,1,1,1,1,1,-1,-1,1,-1,1,-1,1,-1,-1,1,-1,1,-1,-1,-1,-1,1,-1,1,1,-1,-1,-1,1,1,1,-1,1,-1,-1,1,-1,1,-1,-1,-1,-1,1,1,-1,-1,-1,-1,-1,1,-1,1,-1,-1,-1,-1,-1,-1,-1,1,-1,-1,-1,1,-1,-1,1,-1,-1,-1,-1,-1,1,1,-1,-1,-1,-1,-1,1,-1,-1,-1,1,-1,-1,1,-1,1,-1,-1,-1,-1,-1,-1,-1,1,-1,-1,-1,1,1,-1,-1,-1,-1,1,-1,-1,-1,-1,1,-1,-1,1,-1,1,-1,-1,-1,-1,1,-1,1,1,-1,1,-1,-1,1,1,-1,-1,-1,-1,-1,-1,1,1,-1,-1,1,-1,1,1,-1,-1,-1,1,-1,-1,1,-1,-1,1,-1,-1,1,1,1,-1,1,-1,1,1,1,-1,-1,1,-1,-1,1,1,1,-1,1,-1,-1,1,1,-1,1,1,-1,-1,1,1,-1,1,1,-1,-1,1,1,1,1,1,-1,-1,1,1,1,1,1,1,-1,1,1,1,-1,1,-1,-1,1,-1,1,1,1,1,-1,-1,1,-1,1,1,1,-1,1,1,1,1,-1,1,-1,1,1,1,1,1,1,-1,-1,1,1,1,1,-1,1,-1,1,1,1,1,-1,1,-1,1,1,1,-1,-1,1,-1,1,1,-1,1,-1,-1,-1,1,1,1,-1,1,-1,-1,1,1,1,-1,-1,-1,-1,1,1,1,-1,1,-1,-1,-1,1,1,-1,1,-1,-1,-1,1,1,-1,1,-1,-1,1,1,1,1,1,1,-1,-1,1,1,-1,-1,1,1,1,-1,1,-1,1,-1,-1,1,1,-1,-1,1,-1,-1,-1,1,1,-1,1,-1,1,1,1,-1,-1,-1,-1,-1,-1,-1,-1,-1,1,-1,1,1,1,-1,1,1,-1,1,1,1,1,-1,1,-1,1,1,1,-1,-1,1,-1,1,1,1,-1,1,1,-1,1,1,1,-1,-1,1,-1,1,1,1,1,-1,1,-1,-1,1,1,-1,-1,1,1,-1,1,-1,1,-1,1,-1,-1,1,-2674.0,1,2000,445,1500,False
317,1,1,-1,-1,1,-1,1,-1,1,1,1,-1,1,1,1,1,-1,1,-1,-1,1,-1,1,1,1,-1,1,-1,1,1,1,1,-1,-1,-1,-1,1,1,1,-1,-1,-1,-1,1,1,1,1,-1,1,1,1,1,-1,1,-1,-1,1,-1,1,1,1,-1,-1,-1,1,1,1,1,-1,-1,-1,1,1,1,1,-1,-1,-1,1,1,1,-1,-1,-1,1,1,1,1,-1,-1,-1,1,1,1,1,-1,-1,1,1,-1,1,1,-1,-1,1,1,1,1,1,-1,-1,1,1,1,1,1,-1,-1,1,1,1,1,1,1,-1,-1,1,1,-1,1,1,-1,1,1,1,1,1,1,-1,-1,1,1,1,1,1,-1,1,1,1,1,1,1,-1,-1,-1,1,1,1,1,-1,1,1,1,1,-1,1,-1,1,-1,1,1,1,-1,-1,1,1,1,1,1,-1,1,-1,-1,1,-1,1,-1,1,1,1,1,1,1,1,1,1,-1,1,-1,1,-1,1,1,-1,1,-1,1,1,-1,1,-1,1,-1,1,-1,1,1,-1,-1,-1,1,1,1,1,-1,-1,1,1,-1,-1,1,-1,1,-1,-1,1,-1,1,-1,1,-1,1,-1,1,1,-1,-1,-1,1,1,-1,1,-1,1,1,1,-1,1,1,-1,-1,-1,1,-1,1,-1,1,-1,1,1,-1,1,-1,-1,-1,1,1,-1,1,-1,-1,-1,1,1,-1,-1,1,1,-1,-1,1,1,-1,1,1,-1,1,1,1,1,-1,1,-1,1,1,-1,1,-1,1,1,-1,1,1,1,1,1,-1,-1,1,-1,-1,1,1,1,-1,1,1,1,-1,1,-1,-1,1,1,1,1,1,-1,1,1,1,-1,-1,1,-1,1,1,1,-1,1,1,-1,-1,1,1,1,-1,1,-1,1,1,1,-1,1,1,-1,1,1,1,-1,1,-1,-1,1,1,1,-1,1,-1,-1,-1,1,1,-1,1,-1,-1,1,-1,1,-1,1,1,-1,-1,1,1,1,-1,1,-1,-1,1,1,-1,1,-1,1,-1,-1,-1,-1,1,1,-1,-1,1,1,-1,1,1,-1,-1,1,1,1,1,1,-1,1,1,1,-1,1,-1,-1,-1,-1,1,1,1,1,-1,-1,1,1,1,1,-1,-1,-1,-1,-1,1,-1,-1,-1,1,-1,1,1,-1,1,1,1,1,-1,1,-1,1,-1,-1,1,-1,1,1,1,1,-1,1,-1,-1,1,1,-1,-1,1,-1,1,1,1,-1,-1,1,-1,-1,1,1,-1,1,1,-1,1,1,-1,-1,1,1,-1,1,-1,-1,-1,1,-1,-1,1,-1,-1,-1,1,-1,-1,1,-1,-1,-1,1,-1,-1,1,-1,-1,-1,1,-1,-1,1,-1,-1,-1,1,1,-1,1,1,-1,-1,1,1,-1,-1,1,1,-1,1,-1,-1,1,-1,-1,1,-1,1,-1,-1,1,-1,1,-1,1,1,-1,1,-1,-1,1,1,1,-1,1,-1,1,-1,1,-1,1,-1,-1,-1,1,-1,-1,-1,1,1,-1,1,-1,1,-1,1,-1,1,1,-1,1,1,1,-1,-1,1,-1,1,-1,1,1,-1,1,-1,-1,1,1,-1,-1,1,-1,-1,-1,1,-1,-1,1,-1,1,1,1,1,-1,1,-1,-1,1,1,-1,-1,1,-1,-1,-1,1,1,-1,-1,1,1,-1,1,-1,-1,1,1,1,-1,1,1,-1,-1,1,1,-1,1,-1,-1,1,1,1,1,-1,-1,-1,1,-1,1,1,1,-1,-1,-1,1,1,1,-1,-1,-1,1,1,1,1,1,-1,-1,-1,1,1,1,-1,-1,-1,-1,1,1,1,1,-1,-1,-1,1,1,1,1,-1,-1,1,1,1,1,1,-1,-1,-1,1,1,-1,1,-1,-1,-1,1,1,1,1,-1,-1,1,1,1,1,1,-1,1,1,-1,1,1,-1,-1,-1,1,1,1,-1,1,-1,1,1,1,1,1,1,-1,-1,1,-1,1,-1,1,-1,-1,1,-1,1,1,-1,-1,-1,1,-1,1,1,-1,-1,-1,1,1,1,-1,1,-1,-1,1,-1,1,-1,-1,-1,-1,1,1,-1,-1,-1,-1,-1,1,-1,1,-1,-1,-1,-1,-1,-1,-1,1,-1,-1,-1,1,-1,-1,1,-1,-1,-1,-1,-1,-1,1,-1,-1,-1,-1,-1,1,-1,-1,-1,1,-1,-1,1,-1,1,-1,-1,-1,-1,-1,-1,-1,1,-1,-1,-1,1,1,1,-1,-1,1,-1,-1,-1,-1,-1,1,-1,-1,1,-1,1,-1,-1,-1,-1,1,-1,1,1,-1,1,-1,-1,1,1,-1,-1,-1,-1,-1,-1,1,1,-1,-1,1,-1,1,1,1,-1,-1,1,-1,-1,1,-1,-1,1,-1,-1,1,1,1,-1,1,-1,1,1,1,-1,-1,1,-1,-1,1,1,1,-1,1,-1,-1,1,1,-1,1,1,-1,-1,1,1,1,1,1,-1,-1,1,1,-1,1,1,-1,-1,1,1,1,1,1,1,-1,-1,1,1,1,1,-1,-1,1,-1,1,1,1,1,-1,-1,1,-1,1,1,1,-1,1,1,1,1,-1,1,-1,1,1,1,1,1,1,1,-1,1,1,1,1,-1,1,-1,1,1,1,1,1,-1,1,1,1,1,-1,1,1,-1,1,1,-1,1,1,-1,-1,1,1,1,1,-1,1,-1,1,1,1,-1,-1,1,-1,1,1,1,-1,1,-1,-1,-1,1,1,-1,-1,1,-1,-1,1,1,-1,-1,1,-1,-1,1,1,1,-1,-1,-1,-1,1,1,-1,-1,-1,1,-1,-1,1,-1,1,1,-1,1,1,-1,-1,1,1,-1,-1,1,1,-1,1,1,-1,1,1,-1,-1,1,-1,1,-1,-1,-1,-1,1,-1,-1,1,1,-1,1,1,-1,1,1,1,1,-1,1,-1,1,1,1,1,-1,1,-1,-1,-1,1,1,-1,1,-1,1,1,1,1,-1,1,-1,1,1,-1,-1,-1,1,-1,-1,1,1,-1,-1,-1,1,-1,1,-1,1,-1,1,-1,-1,1,-2674.0,1,2000,445,1500,False
318,1,1,-1,-1,1,-1,-1,-1,1,1,1,-1,1,1,1,1,-1,1,-1,-1,-1,-1,1,1,1,-1,-1,-1,1,1,1,1,1,-1,-1,-1,1,1,1,1,-1,-1,-1,1,1,1,1,-1,1,1,1,1,-1,1,-1,-1,1,-1,1,1,1,-1,-1,-1,1,1,1,1,-1,-1,-1,1,1,1,1,-1,-1,-1,1,1,1,-1,-1,-1,1,1,1,1,-1,-1,-1,1,1,1,1,-1,-1,1,1,-1,1,1,-1,-1,1,1,1,1,1,-1,-1,1,1,1,1,1,-1,-1,1,1,1,1,1,1,-1,-1,1,1,-1,1,1,-1,1,1,1,1,1,1,-1,-1,1,1,1,1,1,-1,1,1,1,1,1,1,-1,-1,-1,1,1,1,1,-1,1,1,1,1,-1,1,-1,1,-1,1,1,1,-1,-1,1,1,1,1,1,-1,1,-1,-1,1,-1,1,-1,1,1,1,1,1,1,1,1,1,-1,1,-1,1,-1,1,1,-1,1,-1,1,1,-1,1,-1,1,-1,1,-1,1,1,-1,1,-1,1,1,1,1,-1,-1,1,1,-1,-1,1,-1,1,-1,-1,1,-1,1,-1,1,-1,1,-1,1,1,-1,-1,-1,1,1,-1,1,-1,1,1,1,-1,1,1,-1,1,-1,1,-1,1,-1,1,-1,1,1,-1,1,-1,-1,-1,1,1,-1,1,-1,-1,-1,1,1,-1,-1,1,1,-1,-1,1,1,-1,1,1,-1,1,1,1,1,-1,1,-1,1,1,-1,1,-1,1,1,-1,1,1,1,1,1,-1,-1,1,-1,-1,-1,1,1,-1,1,1,1,-1,1,-1,-1,1,1,1,-1,1,-1,1,1,1,-1,-1,1,-1,1,1,1,-1,1,1,-1,-1,1,1,1,-1,1,-1,1,1,1,-1,1,1,-1,1,1,1,-1,1,-1,-1,1,1,1,-1,1,-1,-1,-1,1,1,-1,1,-1,-1,1,-1,1,-1,1,1,-1,-1,1,1,1,-1,1,-1,-1,1,1,-1,1,-1,1,-1,-1,-1,-1,1,1,-1,-1,1,1,-1,1,1,-1,-1,1,1,1,1,1,-1,1,1,1,-1,1,-1,-1,-1,-1,1,1,1,1,-1,-1,1,1,1,1,-1,-1,-1,-1,-1,1,-1,-1,-1,1,-1,1,1,1,1,-1,1,1,-1,1,-1,1,-1,-1,1,-1,1,1,1,1,-1,1,-1,-1,1,1,-1,-1,1,-1,1,1,1,-1,-1,1,-1,-1,1,1,-1,1,1,-1,1,1,-1,-1,1,1,-1,1,-1,-1,-1,1,-1,-1,1,-1,-1,1,1,-1,-1,1,-1,-1,-1,1,-1,-1,1,1,-1,-1,1,-1,-1,1,-1,-1,-1,1,1,-1,1,-1,-1,-1,1,1,-1,-1,-1,1,-1,1,-1,-1,1,-1,-1,1,-1,1,-1,-1,1,-1,1,-1,1,-1,-1,1,-1,-1,1,1,1,-1,1,-1,1,-1,-1,1,1,-1,-1,-1,1,-1,-1,-1,1,1,-1,1,-1,1,-1,1,-1,1,1,-1,1,1,1,-1,-1,1,-1,1,-1,1,1,-1,1,-1,-1,1,1,-1,-1,1,-1,-1,-1,1,-1,-1,1,-1,1,1,1,1,-1,1,-1,-1,1,1,-1,-1,1,-1,-1,-1,1,1,-1,-1,1,1,-1,-1,-1,-1,1,1,1,1,1,1,-1,-1,1,1,-1,1,-1,-1,1,1,1,1,-1,-1,-1,1,-1,1,1,1,-1,-1,-1,1,1,1,-1,-1,-1,-1,1,1,1,1,-1,-1,-1,1,1,1,-1,-1,-1,-1,1,1,1,1,-1,-1,1,1,1,1,1,-1,-1,-1,1,1,1,1,-1,-1,-1,1,1,-1,1,-1,-1,-1,1,1,1,1,-1,-1,1,1,1,1,1,-1,1,1,-1,1,1,-1,-1,-1,1,1,1,-1,1,-1,1,1,1,1,1,1,-1,-1,1,-1,1,-1,1,-1,-1,1,-1,1,-1,-1,-1,-1,1,-1,1,1,-1,-1,-1,1,1,1,-1,1,-1,-1,1,-1,1,-1,-1,-1,-1,1,1,-1,-1,-1,-1,-1,1,-1,1,-1,-1,-1,-1,-1,-1,-1,1,-1,-1,-1,1,-1,-1,1,-1,-1,-1,-1,-1,1,1,-1,-1,-1,-1,-1,1,-1,-1,-1,1,-1,-1,1,-1,1,-1,-1,-1,-1,-1,-1,-1,1,-1,-1,-1,1,1,-1,-1,-1,1,-1,-1,-1,-1,-1,1,-1,-1,1,1,1,-1,-1,-1,-1,1,-1,1,1,-1,1,-1,-1,1,1,-1,-1,-1,-1,-1,-1,1,1,-1,-1,1,-1,1,1,-1,-1,-1,1,-1,1,1,-1,-1,1,-1,-1,1,1,1,-1,1,-1,1,1,1,-1,-1,1,-1,-1,1,-1,1,-1,1,-1,-1,1,1,-1,1,1,-1,-1,1,1,1,1,1,-1,-1,1,1,1,1,1,-1,-1,1,1,1,1,1,1,-1,-1,1,1,-1,1,-1,-1,1,-1,1,1,1,1,-1,-1,1,-1,1,1,1,-1,1,1,1,1,-1,1,-1,1,1,1,1,1,1,1,-1,1,1,1,1,-1,1,-1,1,1,1,1,1,-1,1,1,1,1,-1,1,1,-1,1,1,-1,1,1,-1,-1,1,1,1,1,-1,1,-1,1,1,1,-1,-1,1,-1,1,1,1,-1,1,-1,-1,-1,1,1,-1,-1,1,-1,-1,1,1,1,-1,1,-1,-1,1,1,1,-1,1,-1,-1,1,1,-1,-1,-1,1,-1,-1,1,-1,1,1,-1,1,1,-1,-1,1,-1,-1,-1,1,1,-1,1,1,-1,1,1,-1,-1,-1,-1,1,-1,-1,-1,-1,1,-1,-1,1,1,-1,1,1,-1,1,1,1,1,-1,1,-1,1,1,1,1,-1,1,-1,-1,1,1,1,-1,1,-1,1,1,1,1,-1,1,-1,1,1,1,-1,-1,1,-1,-1,1,1,-1,-1,-1,1,-1,1,1,1,-1,1,-1,-1,1,-2674.0,1,2000,445,1500,False
319,1,1,-1,-1,1,-1,-1,-1,1,1,1,-1,1,1,1,1,-1,1,-1,-1,1,-1,1,1,1,-1,-1,-1,1,1,1,1,-1,-1,-1,-1,1,-1,1,1,-1,-1,-1,1,1,1,1,-1,1,1,1,1,-1,1,-1,-1,1,-1,1,1,1,-1,-1,-1,1,1,1,1,-1,-1,-1,1,1,1,1,-1,-1,-1,1,1,1,-1,-1,-1,1,1,1,1,-1,-1,-1,1,1,1,1,-1,-1,1,1,-1,1,1,-1,-1,1,1,1,1,1,-1,-1,1,1,1,1,1,-1,-1,1,1,1,1,1,1,-1,1,1,1,-1,1,1,-1,1,1,1,1,1,1,-1,-1,1,1,1,1,1,-1,1,1,1,1,1,1,-1,-1,-1,1,1,1,1,-1,1,1,1,1,-1,1,-1,1,-1,1,1,1,-1,-1,1,1,1,1,1,-1,1,-1,-1,1,-1,1,-1,1,1,1,1,1,1,1,1,1,-1,1,-1,1,-1,1,1,-1,1,-1,1,1,-1,1,-1,1,-1,1,-1,1,1,-1,1,-1,1,1,1,1,-1,-1,1,1,-1,-1,1,-1,1,-1,1,1,-1,1,-1,1,-1,1,-1,1,1,-1,-1,-1,1,1,-1,1,-1,1,1,1,-1,1,1,-1,-1,-1,1,-1,1,-1,1,-1,1,1,-1,1,-1,-1,-1,1,1,-1,1,-1,-1,-1,1,1,-1,-1,1,1,-1,-1,1,1,-1,1,1,-1,1,1,1,1,-1,1,-1,1,1,-1,1,-1,1,1,-1,1,1,1,1,1,-1,-1,1,-1,-1,-1,1,1,-1,1,1,1,-1,1,-1,-1,1,1,1,1,1,-1,1,1,1,-1,-1,1,-1,1,1,1,-1,1,1,-1,-1,1,1,1,-1,1,-1,1,1,1,-1,1,1,-1,1,1,1,-1,1,-1,-1,1,1,1,-1,1,-1,-1,-1,1,1,-1,1,-1,-1,1,-1,1,-1,1,1,-1,-1,1,1,1,-1,1,-1,-1,1,1,-1,1,-1,1,-1,-1,-1,-1,1,1,-1,-1,1,1,-1,1,1,-1,-1,1,1,1,1,1,-1,1,1,1,-1,1,-1,-1,-1,-1,1,1,1,1,-1,-1,1,1,1,1,-1,-1,-1,-1,-1,1,-1,-1,-1,1,-1,1,1,-1,1,1,1,1,-1,1,-1,1,-1,-1,1,-1,1,1,1,1,-1,1,-1,-1,1,1,-1,-1,1,-1,1,1,1,-1,-1,1,-1,-1,1,1,-1,1,1,-1,1,1,-1,-1,1,1,-1,1,-1,-1,-1,1,-1,-1,1,-1,-1,-1,1,-1,-1,1,-1,-1,-1,1,-1,-1,1,-1,-1,-1,1,-1,-1,1,-1,-1,-1,1,1,-1,1,1,-1,-1,1,1,-1,-1,-1,1,-1,1,-1,-1,1,-1,-1,1,-1,1,-1,-1,1,-1,1,-1,1,1,-1,1,-1,-1,1,1,1,-1,1,-1,1,-1,-1,-1,1,-1,-1,-1,1,-1,-1,-1,1,1,-1,1,-1,1,-1,1,-1,1,1,-1,1,1,1,-1,-1,1,-1,1,-1,1,1,-1,1,-1,-1,1,1,-1,-1,1,-1,-1,-1,1,-1,-1,1,-1,1,1,1,1,-1,1,-1,-1,1,1,-1,-1,1,-1,-1,-1,1,1,-1,-1,1,1,-1,-1,-1,-1,1,1,1,-1,1,1,-1,-1,1,1,-1,1,-1,-1,1,1,1,1,-1,-1,-1,1,-1,1,1,1,-1,-1,-1,1,1,1,-1,-1,-1,1,1,1,1,1,-1,-1,-1,1,1,1,-1,-1,-1,-1,1,1,1,1,-1,-1,1,1,1,1,1,-1,-1,-1,1,1,1,1,-1,-1,-1,1,1,-1,1,-1,-1,-1,1,1,1,1,-1,-1,1,1,1,1,1,-1,1,1,-1,1,1,-1,-1,-1,1,1,1,-1,1,-1,1,1,1,1,1,1,-1,-1,1,-1,1,-1,1,-1,-1,1,-1,1,-1,-1,-1,-1,1,-1,1,1,-1,1,-1,1,1,1,-1,1,1,-1,1,-1,1,-1,-1,-1,-1,1,1,-1,-1,-1,-1,-1,1,-1,1,-1,-1,-1,-1,-1,-1,-1,1,-1,-1,-1,1,-1,-1,1,-1,-1,-1,-1,-1,-1,1,-1,-1,-1,-1,-1,1,-1,-1,-1,1,-1,-1,1,-1,1,-1,-1,-1,-1,-1,-1,-1,1,-1,-1,-1,1,1,1,-1,-1,-1,1,-1,-1,-1,-1,1,-1,-1,1,-1,1,-1,-1,-1,-1,1,-1,1,1,-1,1,-1,-1,1,1,-1,-1,-1,-1,-1,-1,1,1,-1,-1,1,-1,1,1,-1,-1,-1,1,-1,-1,1,-1,-1,1,-1,-1,1,1,1,-1,1,-1,1,1,1,-1,-1,1,-1,-1,1,1,1,-1,1,-1,-1,1,1,-1,1,1,-1,-1,1,1,-1,1,1,-1,-1,1,1,-1,1,1,-1,-1,1,1,1,1,1,1,-1,-1,1,1,1,1,-1,-1,1,-1,1,1,1,1,-1,-1,1,-1,1,1,1,-1,1,1,1,1,-1,1,-1,1,1,1,1,1,1,1,-1,1,1,1,1,-1,1,-1,1,1,1,1,1,-1,1,1,1,1,-1,1,1,-1,1,1,-1,1,1,-1,-1,1,1,1,1,-1,1,-1,1,1,1,-1,-1,1,-1,1,1,1,-1,1,-1,-1,-1,1,1,-1,-1,1,-1,-1,1,1,-1,-1,1,-1,-1,1,1,1,-1,1,-1,-1,1,1,-1,-1,-1,1,-1,-1,1,-1,1,1,-1,1,1,-1,-1,1,1,-1,-1,1,1,-1,1,1,-1,1,1,-1,-1,1,-1,1,-1,-1,-1,-1,1,-1,-1,1,1,-1,1,1,-1,1,1,1,1,-1,1,-1,1,1,1,1,-1,1,-1,1,1,1,1,-1,1,-1,-1,1,1,1,-1,1,-1,1,1,-1,-1,-1,1,-1,-1,1,1,-1,-1,-1,1,-1,1,-1,1,-1,1,-1,-1,1,-2674.0,1,2000,445,1500,False
320,-1,-1,1,1,1,1,-1,1,-1,-1,-1,1,-1,1,-1,-1,1,-1,1,1,1,-1,-1,-1,-1,1,-1,-1,-1,-1,-1,-1,1,1,-1,-1,1,-1,-1,-1,1,-1,-1,-1,-1,-1,-1,-1,1,1,-1,-1,1,-1,1,-1,-1,1,-1,-1,-1,1,1,1,-1,-1,-1,-1,-1,-1,-1,1,-1,-1,-1,-1,1,-1,1,-1,-1,1,1,-1,1,-1,-1,-1,-1,1,-1,-1,-1,-1,-1,-1,-1,1,1,1,-1,-1,-1,-1,1,1,-1,-1,-1,-1,-1,1,1,1,-1,-1,-1,-1,1,1,-1,-1,-1,-1,-1,1,1,-1,1,-1,-1,-1,1,1,-1,1,-1,-1,-1,1,1,-1,1,-1,-1,-1,-1,1,1,-1,-1,-1,-1,1,-1,1,-1,1,-1,-1,1,1,1,1,-1,-1,-1,1,-1,1,-1,-1,-1,-1,1,1,-1,1,-1,-1,1,-1,-1,1,-1,-1,-1,1,1,1,1,1,-1,-1,1,1,-1,1,1,-1,-1,-1,1,-1,1,1,-1,-1,-1,1,-1,1,1,-1,1,1,1,-1,1,1,-1,1,1,1,-1,-1,1,1,-1,-1,1,-1,1,1,-1,1,-1,1,-1,1,1,-1,1,1,1,-1,1,1,-1,-1,1,1,-1,1,1,1,1,1,-1,-1,1,1,-1,1,1,1,1,-1,-1,-1,1,1,-1,-1,1,-1,-1,1,1,-1,-1,-1,1,-1,1,-1,1,1,-1,1,-1,1,1,1,1,-1,-1,-1,-1,1,-1,1,-1,-1,-1,1,1,-1,1,1,1,-1,-1,1,1,1,-1,-1,-1,1,1,-1,1,1,-1,-1,1,1,-1,1,-1,-1,-1,1,-1,1,1,-1,-1,-1,1,-1,1,1,-1,-1,1,-1,-1,1,1,-1,-1,1,1,1,-1,1,-1,1,1,1,-1,1,1,-1,-1,1,1,-1,1,-1,-1,-1,1,1,-1,1,-1,-1,-1,-1,1,1,1,-1,-1,1,1,1,-1,1,1,-1,1,-1,1,-1,-1,1,-1,-1,1,1,-1,1,-1,1,-1,1,1,1,1,1,-1,-1,1,-1,-1,1,1,-1,1,-1,1,-1,1,1,-1,1,-1,-1,1,1,-1,-1,1,-1,1,-1,-1,1,-1,1,1,-1,-1,1,-1,-1,-1,1,-1,1,-1,-1,-1,-1,1,-1,-1,1,1,-1,1,1,-1,1,-1,1,-1,-1,1,-1,-1,-1,1,1,-1,1,-1,-1,1,1,-1,-1,1,-1,1,-1,1,-1,-1,1,-1,-1,1,1,-1,-1,-1,1,-1,-1,-1,1,-1,1,-1,-1,1,-1,-1,-1,-1,1,-1,1,-1,1,-1,-1,-1,-1,-1,-1,-1,-1,-1,1,-1,1,-1,-1,-1,1,-1,1,-1,-1,-1,-1,-1,-1,1,-1,-1,-1,1,-1,-1,-1,-1,1,-1,1,-1,-1,1,-1,-1,1,1,-1,-1,-1,-1,-1,1,1,-1,1,-1,1,-1,-1,1,1,1,-1,1,-1,1,-1,1,1,1,-1,-1,-1,1,-1,-1,-1,1,1,-1,1,-1,1,-1,1,-1,1,1,-1,1,1,1,1,-1,1,-1,1,-1,1,1,-1,1,-1,-1,1,1,1,-1,1,-1,-1,-1,1,1,-1,1,-1,1,1,1,-1,-1,1,-1,-1,1,1,1,-1,1,-1,-1,-1,1,1,-1,-1,1,1,-1,1,1,-1,1,1,1,1,1,1,-1,-1,1,1,-1,1,-1,-1,-1,1,1,1,-1,-1,-1,1,-1,1,1,1,1,-1,-1,1,1,1,-1,1,-1,-1,1,1,1,1,1,1,-1,1,1,1,-1,-1,1,-1,1,1,1,1,1,1,-1,1,1,1,-1,1,1,-1,1,1,1,1,1,1,-1,1,1,-1,1,1,1,-1,1,1,1,1,1,1,-1,1,1,1,-1,1,-1,-1,1,1,1,-1,1,-1,-1,1,1,-1,1,1,-1,-1,1,1,1,1,1,1,-1,1,-1,1,-1,1,-1,-1,1,-1,1,-1,1,1,-1,1,1,-1,1,1,1,-1,1,-1,1,-1,1,1,-1,1,1,-1,1,1,-1,1,1,-1,1,1,1,1,-1,1,1,-1,1,1,1,-1,1,1,-1,1,1,1,-1,1,1,-1,1,1,1,1,1,-1,-1,1,1,1,1,1,-1,1,-1,1,1,1,1,-1,-1,1,1,1,1,1,1,-1,1,-1,1,1,1,-1,1,1,1,1,1,1,1,-1,1,1,-1,1,1,-1,1,1,1,1,1,1,-1,1,-1,1,1,1,1,1,-1,1,1,1,1,1,-1,-1,1,-1,1,1,1,-1,1,1,1,1,1,-1,-1,1,1,1,1,1,1,-1,1,1,-1,1,1,-1,1,1,1,1,1,1,-1,1,1,1,1,1,-1,1,-1,1,1,1,1,-1,-1,-1,1,1,1,1,-1,1,-1,1,1,1,1,1,-1,-1,1,1,-1,1,1,-1,-1,1,1,-1,1,-1,-1,-1,1,-1,-1,1,1,-1,1,1,1,-1,1,1,-1,-1,1,1,-1,1,1,-1,1,1,1,-1,1,1,-1,1,-1,1,1,1,1,-1,1,-1,1,1,1,-1,1,1,1,1,1,1,-1,1,-1,1,1,1,-1,1,1,1,1,-1,-1,1,1,-1,1,1,1,-1,1,-1,-1,1,-1,1,-1,1,-1,1,-1,1,1,1,1,-1,-1,1,1,-1,-1,1,1,-1,1,1,-1,-1,1,1,-1,1,-1,1,1,-1,-1,-1,-1,-1,1,1,-1,-1,1,1,1,1,1,-1,-1,1,1,1,1,-1,1,-1,1,-1,1,1,-1,1,-1,-1,-1,-1,-1,-1,-1,-1,1,-1,1,1,1,-1,1,1,-1,-1,1,-1,-1,-1,1,-1,1,1,1,1,-1,1,-1,1,1,1,-1,1,1,-1,1,1,1,1,-1,1,-1,1,-1,-1,-1,-1,1,-1,-1,1,1,-1,-1,1,-1,1,1,-1,1,-1,1,-1,-1,1,-2674.0,1,2000,445,1500,True
321,1,1,-1,-1,1,-1,-1,-1,1,1,1,-1,1,1,1,1,-1,1,-1,-1,-1,-1,1,1,1,-1,-1,-1,1,1,1,1,1,-1,-1,-1,1,-1,1,1,-1,-1,-1,1,1,1,1,-1,1,1,1,1,-1,1,-1,-1,1,-1,1,1,1,-1,-1,-1,1,1,1,1,-1,-1,-1,1,1,1,1,-1,-1,-1,1,1,1,-1,-1,-1,1,1,1,1,-1,-1,-1,1,1,1,1,-1,-1,1,1,-1,1,1,-1,-1,1,1,1,1,1,-1,-1,1,1,-1,1,1,-1,-1,1,1,1,1,1,1,-1,-1,1,1,-1,1,1,-1,1,1,1,1,1,1,-1,-1,1,1,1,1,1,-1,1,1,1,1,1,1,-1,-1,-1,1,1,1,1,-1,1,1,1,1,-1,1,-1,1,1,1,1,1,-1,-1,1,1,1,1,1,-1,1,-1,-1,1,-1,1,-1,1,1,1,1,1,1,1,1,1,-1,1,-1,1,-1,1,1,-1,1,-1,1,1,-1,1,-1,1,-1,1,-1,1,1,-1,1,-1,1,1,1,1,-1,-1,1,1,-1,-1,1,-1,1,-1,-1,1,-1,1,-1,1,-1,1,-1,1,1,-1,-1,-1,1,1,-1,1,-1,1,1,1,-1,1,1,-1,1,-1,1,-1,1,-1,1,-1,1,1,-1,1,-1,-1,-1,1,1,-1,1,-1,-1,-1,1,1,-1,-1,1,1,-1,-1,1,1,-1,1,1,-1,1,1,1,-1,-1,1,-1,1,1,-1,1,-1,1,1,-1,1,1,-1,-1,1,-1,-1,1,-1,1,-1,1,1,-1,1,1,1,-1,1,-1,-1,1,1,-1,-1,1,-1,1,1,1,1,-1,1,-1,1,1,1,-1,1,1,-1,-1,1,1,-1,1,1,-1,1,1,1,1,1,1,-1,1,1,1,1,1,-1,-1,1,1,1,1,1,-1,-1,-1,1,1,1,1,-1,-1,1,-1,1,-1,1,1,-1,-1,1,1,1,1,1,-1,-1,1,1,1,-1,-1,1,-1,-1,-1,-1,1,1,-1,-1,1,1,-1,1,1,-1,-1,1,1,1,1,1,-1,1,1,1,-1,1,-1,-1,-1,-1,1,1,1,1,-1,-1,1,-1,1,1,-1,-1,-1,-1,-1,1,-1,-1,-1,1,-1,1,1,1,1,-1,1,1,-1,1,-1,1,-1,-1,1,-1,1,1,1,1,-1,1,-1,-1,1,1,-1,-1,1,-1,1,1,1,-1,-1,1,-1,1,1,1,-1,1,1,-1,1,1,-1,-1,1,1,-1,1,-1,-1,-1,1,-1,1,1,-1,-1,-1,1,-1,-1,1,-1,-1,-1,1,-1,-1,1,-1,-1,-1,1,-1,-1,1,-1,-1,-1,1,1,-1,1,1,-1,-1,1,1,-1,1,-1,1,-1,1,-1,-1,1,-1,-1,1,-1,1,-1,-1,1,-1,1,-1,1,-1,-1,1,-1,-1,1,1,1,-1,1,-1,1,-1,-1,-1,1,-1,-1,-1,1,-1,-1,-1,1,1,-1,1,-1,1,-1,1,-1,1,1,-1,1,1,1,-1,1,1,-1,1,-1,1,1,-1,1,-1,-1,1,1,-1,-1,1,-1,-1,-1,1,-1,-1,1,-1,1,1,1,1,-1,1,-1,-1,1,1,-1,-1,1,-1,-1,-1,1,1,-1,-1,1,1,-1,-1,-1,-1,-1,1,1,1,1,1,-1,1,1,1,-1,1,-1,-1,1,1,1,1,-1,1,-1,1,-1,1,1,1,1,-1,-1,1,1,1,-1,-1,-1,1,1,1,1,1,-1,-1,-1,1,1,1,-1,-1,-1,-1,1,1,1,1,-1,-1,1,1,1,1,1,-1,-1,-1,1,1,1,1,-1,-1,-1,1,1,-1,1,-1,-1,-1,1,1,1,1,-1,-1,1,1,1,1,1,-1,1,1,-1,1,1,-1,-1,-1,1,1,1,1,1,-1,1,1,1,1,1,1,-1,-1,1,-1,1,-1,1,-1,-1,1,-1,1,-1,-1,-1,-1,1,-1,1,1,-1,1,-1,1,1,1,-1,1,1,-1,1,-1,1,-1,-1,-1,-1,1,1,-1,-1,-1,-1,-1,1,-1,1,-1,-1,-1,-1,-1,-1,-1,1,-1,-1,-1,1,-1,-1,1,-1,-1,-1,-1,-1,-1,1,-1,-1,-1,-1,-1,1,-1,-1,-1,1,-1,-1,1,-1,1,-1,-1,-1,-1,-1,-1,-1,1,-1,-1,-1,1,1,-1,-1,-1,1,1,-1,-1,-1,-1,1,-1,-1,1,-1,1,-1,-1,-1,-1,1,-1,1,1,-1,1,-1,-1,1,1,-1,-1,-1,-1,-1,-1,1,1,-1,-1,1,-1,1,1,-1,-1,-1,1,-1,-1,1,-1,-1,1,-1,-1,1,1,1,-1,1,-1,1,1,1,-1,-1,1,-1,-1,1,1,1,-1,1,-1,-1,1,1,-1,1,1,-1,-1,1,1,-1,1,1,-1,-1,1,1,1,1,1,-1,-1,1,1,1,1,1,1,-1,1,1,1,1,1,-1,-1,1,-1,1,1,1,1,-1,-1,1,-1,1,1,1,-1,1,1,1,1,-1,1,-1,1,1,1,1,1,1,-1,-1,-1,1,1,1,-1,1,-1,1,1,1,1,-1,1,-1,1,1,1,-1,-1,1,-1,1,1,-1,1,-1,-1,-1,1,1,1,-1,1,-1,-1,1,1,1,-1,-1,-1,-1,1,1,1,-1,1,-1,-1,-1,1,1,-1,1,-1,-1,-1,1,1,-1,1,-1,1,-1,1,1,1,1,1,-1,-1,1,1,-1,-1,1,1,-1,-1,1,-1,1,-1,-1,1,1,-1,-1,1,-1,-1,-1,1,1,-1,1,1,-1,1,1,-1,-1,-1,-1,1,-1,-1,-1,-1,1,-1,-1,1,1,-1,1,1,-1,1,1,1,1,-1,1,-1,1,1,1,1,-1,1,-1,-1,1,1,1,-1,1,-1,1,1,1,1,-1,1,-1,1,1,1,-1,-1,1,-1,-1,1,1,-1,-1,-1,1,-1,1,1,1,-1,1,-1,-1,1,-2674.0,1,2000,445,1500,False
322,1,1,-1,-1,1,-1,1,-1,1,1,1,-1,1,1,1,1,-1,1,-1,-1,1,-1,1,1,1,-1,1,-1,1,1,1,1,1,-1,-1,-1,1,1,1,1,-1,-1,-1,1,1,1,1,-1,1,1,1,1,-1,1,-1,-1,1,-1,1,1,1,-1,-1,-1,1,1,1,1,-1,-1,-1,1,1,1,1,-1,-1,-1,1,1,1,-1,-1,-1,1,1,1,1,-1,-1,-1,1,1,1,1,-1,-1,1,1,-1,1,1,-1,-1,1,1,1,1,1,-1,-1,1,1,1,1,1,-1,-1,1,1,1,1,1,1,-1,1,1,1,-1,1,1,-1,1,1,1,1,1,1,-1,-1,1,1,1,1,1,-1,1,1,1,1,1,1,-1,-1,-1,1,1,1,1,-1,1,1,1,1,-1,1,-1,1,-1,1,1,1,-1,-1,1,1,1,1,1,-1,1,-1,-1,1,-1,1,-1,1,1,1,1,1,1,1,1,1,-1,1,-1,1,-1,1,1,-1,1,-1,1,1,-1,1,-1,1,-1,1,-1,1,1,-1,-1,-1,1,1,1,1,-1,-1,1,1,-1,-1,1,-1,1,-1,-1,1,-1,1,-1,1,-1,1,-1,1,1,-1,-1,-1,1,1,-1,1,-1,1,1,1,-1,1,1,-1,1,-1,1,-1,1,-1,1,-1,1,1,-1,1,-1,-1,-1,1,1,-1,1,-1,-1,-1,1,1,-1,-1,1,1,-1,-1,1,1,-1,1,1,-1,1,1,1,1,-1,1,-1,1,1,-1,1,-1,1,1,-1,1,1,1,1,1,-1,-1,1,-1,-1,-1,1,1,-1,1,1,1,-1,1,-1,-1,1,1,1,1,1,-1,1,1,1,-1,1,1,-1,1,1,1,-1,1,1,-1,-1,1,1,1,-1,1,-1,1,1,1,-1,1,1,-1,1,1,1,-1,1,-1,-1,1,1,1,-1,1,-1,-1,-1,1,1,-1,1,-1,-1,1,-1,1,-1,1,1,-1,-1,1,1,1,-1,1,-1,-1,1,1,-1,1,-1,1,-1,-1,-1,-1,1,1,-1,-1,1,1,-1,1,1,-1,-1,1,1,1,1,1,-1,1,1,1,-1,1,-1,-1,-1,-1,1,1,-1,1,-1,-1,1,1,1,-1,-1,-1,-1,-1,-1,1,-1,-1,-1,1,-1,1,1,-1,1,-1,1,1,-1,1,-1,1,-1,-1,1,-1,1,1,1,1,-1,1,-1,-1,1,1,-1,-1,1,-1,1,1,1,-1,-1,1,-1,-1,1,1,-1,1,1,-1,1,1,-1,-1,1,1,-1,1,-1,-1,-1,1,-1,-1,1,-1,-1,1,1,-1,-1,1,-1,-1,-1,1,-1,-1,1,-1,-1,-1,1,-1,-1,1,-1,-1,-1,1,1,-1,1,1,-1,-1,1,1,-1,-1,-1,1,-1,1,-1,-1,1,-1,-1,1,-1,1,-1,-1,1,-1,1,-1,1,-1,-1,1,-1,-1,1,1,1,-1,1,-1,1,-1,-1,1,1,-1,-1,-1,1,-1,-1,-1,1,1,-1,1,-1,1,-1,1,-1,1,1,-1,1,1,1,-1,-1,1,-1,1,-1,1,1,-1,1,-1,-1,1,1,-1,-1,1,-1,-1,-1,1,-1,-1,1,-1,1,1,1,1,-1,1,-1,-1,1,1,-1,-1,1,-1,-1,-1,1,1,-1,-1,1,1,-1,-1,-1,-1,1,1,1,1,1,1,-1,-1,1,1,-1,1,-1,-1,1,1,1,1,-1,-1,-1,1,-1,1,1,1,1,-1,-1,1,1,1,-1,-1,-1,-1,1,1,1,1,-1,-1,-1,1,1,1,-1,-1,-1,-1,1,1,1,1,-1,-1,-1,1,1,1,1,-1,-1,1,1,1,1,1,-1,-1,-1,1,1,-1,1,-1,-1,-1,1,1,1,1,-1,-1,1,1,1,1,1,-1,1,1,-1,1,1,-1,-1,-1,1,1,1,-1,1,-1,1,1,1,1,1,1,-1,-1,1,-1,1,-1,1,-1,-1,1,-1,1,-1,-1,-1,-1,1,-1,1,1,-1,-1,-1,1,1,1,-1,1,-1,-1,1,-1,1,-1,-1,-1,-1,1,1,-1,-1,-1,-1,-1,1,-1,1,-1,-1,-1,-1,-1,-1,-1,1,-1,-1,-1,1,-1,-1,1,-1,-1,-1,-1,-1,-1,1,-1,-1,-1,-1,-1,1,-1,-1,-1,1,-1,-1,1,-1,1,-1,-1,-1,-1,-1,-1,-1,1,-1,-1,-1,1,1,-1,-1,-1,1,1,-1,-1,-1,-1,1,-1,-1,1,-1,1,-1,-1,-1,-1,1,-1,1,1,-1,1,-1,-1,1,1,-1,-1,-1,-1,-1,-1,1,1,-1,-1,1,-1,1,1,-1,-1,-1,1,-1,-1,1,-1,-1,1,-1,-1,1,1,1,-1,1,-1,1,1,1,-1,-1,1,-1,-1,1,1,1,-1,1,-1,-1,1,1,-1,1,1,-1,-1,1,1,-1,1,1,-1,-1,1,1,1,1,1,-1,-1,1,1,1,1,1,1,-1,-1,1,1,1,1,-1,-1,1,-1,1,1,1,1,-1,-1,1,-1,1,1,1,-1,1,1,1,1,-1,1,-1,1,1,1,1,1,1,1,-1,1,1,1,1,-1,1,-1,1,1,1,1,1,-1,1,1,1,1,-1,1,1,-1,1,1,-1,1,1,-1,-1,1,1,1,1,-1,1,-1,1,1,1,-1,-1,1,-1,1,1,1,-1,1,-1,-1,-1,1,1,-1,-1,1,-1,-1,1,1,1,-1,1,-1,-1,1,1,1,-1,1,-1,-1,1,1,-1,-1,-1,1,-1,-1,1,-1,1,1,-1,1,1,-1,-1,1,1,-1,-1,1,1,-1,1,1,-1,1,1,-1,-1,-1,-1,1,-1,-1,-1,-1,-1,1,-1,1,1,-1,1,1,-1,1,1,1,1,-1,1,-1,1,1,1,1,-1,1,-1,-1,1,1,1,-1,1,-1,1,1,1,1,-1,1,-1,1,1,-1,-1,-1,1,-1,-1,1,1,-1,-1,-1,1,-1,1,-1,1,-1,1,-1,1,1,-2674.0,1,2000,445,1500,False
323,1,1,-1,-1,1,-1,-1,-1,1,1,1,-1,1,1,1,1,-1,1,1,-1,1,-1,1,1,1,1,-1,-1,1,1,1,1,-1,-1,-1,-1,1,-1,1,1,-1,-1,-1,1,1,1,1,-1,1,1,1,1,-1,1,-1,-1,1,-1,1,1,1,-1,-1,-1,1,1,1,1,-1,1,-1,1,1,1,1,-1,-1,-1,1,1,1,-1,-1,-1,1,1,1,1,-1,1,-1,1,1,1,1,-1,-1,1,1,-1,1,1,-1,-1,1,1,1,1,1,-1,-1,1,1,1,1,1,-1,-1,1,1,1,1,1,1,-1,1,1,1,-1,1,1,-1,1,1,1,1,1,1,-1,-1,1,1,1,1,1,-1,1,1,1,1,1,1,-1,-1,-1,1,1,1,1,-1,1,1,1,1,-1,1,-1,1,-1,1,1,1,-1,-1,1,1,1,1,1,-1,1,-1,-1,1,-1,1,-1,1,1,1,1,1,1,1,1,1,-1,1,-1,1,-1,1,1,-1,1,-1,1,1,-1,1,-1,1,-1,1,-1,1,1,-1,1,-1,1,1,1,1,-1,-1,1,1,-1,-1,1,-1,1,-1,1,1,-1,1,-1,1,-1,1,-1,1,1,-1,1,-1,1,1,-1,1,-1,1,1,1,-1,1,1,-1,-1,-1,1,-1,1,-1,1,-1,1,1,-1,1,-1,-1,-1,1,1,-1,1,-1,-1,-1,1,1,-1,-1,1,1,-1,-1,1,1,-1,1,1,-1,1,1,1,1,-1,1,-1,1,1,-1,1,-1,1,1,-1,1,1,1,1,1,-1,-1,1,-1,-1,-1,1,1,-1,1,1,1,-1,1,-1,-1,1,1,1,1,1,-1,1,1,1,-1,-1,1,-1,1,1,1,-1,1,1,-1,-1,1,1,1,-1,1,-1,1,1,1,-1,1,1,-1,1,1,1,-1,1,-1,-1,1,1,1,-1,1,-1,-1,-1,1,1,-1,1,-1,-1,1,-1,1,-1,1,1,-1,-1,1,1,1,-1,1,-1,-1,1,1,-1,1,-1,1,-1,-1,-1,-1,1,1,-1,-1,1,1,-1,1,1,-1,-1,1,1,1,1,1,-1,1,1,1,-1,1,-1,-1,-1,-1,1,1,1,1,-1,-1,1,1,1,1,-1,-1,-1,-1,-1,1,-1,-1,-1,1,-1,1,1,1,1,-1,1,1,-1,1,-1,1,-1,-1,1,-1,1,1,1,1,-1,1,-1,-1,1,1,-1,-1,1,-1,1,1,1,-1,-1,1,-1,-1,1,1,-1,1,1,-1,1,1,-1,-1,1,1,-1,1,-1,-1,-1,1,-1,-1,1,-1,-1,1,1,-1,-1,1,-1,-1,-1,1,-1,-1,1,-1,-1,-1,1,-1,-1,1,-1,-1,-1,1,1,-1,1,1,-1,-1,1,1,-1,-1,1,1,-1,1,-1,-1,1,-1,-1,1,-1,1,-1,-1,1,-1,1,-1,1,-1,-1,1,-1,-1,1,1,1,-1,1,-1,1,-1,-1,-1,1,-1,-1,-1,1,-1,-1,-1,1,1,-1,1,-1,1,-1,1,-1,1,1,-1,1,1,1,-1,-1,1,-1,1,-1,1,1,-1,1,-1,-1,1,1,-1,-1,1,-1,-1,-1,1,-1,-1,1,-1,1,1,1,1,-1,1,-1,-1,1,1,-1,-1,1,-1,-1,-1,1,1,-1,-1,1,1,-1,-1,-1,-1,1,1,1,1,1,1,-1,-1,1,1,-1,1,-1,-1,-1,1,1,1,-1,-1,-1,1,-1,1,1,1,-1,-1,-1,1,1,1,-1,-1,-1,1,1,1,1,1,-1,-1,-1,1,1,1,-1,-1,-1,-1,1,1,1,1,-1,-1,1,1,1,1,1,-1,-1,-1,1,1,1,-1,-1,-1,-1,1,1,-1,1,-1,-1,-1,1,1,1,1,-1,-1,1,1,1,1,1,-1,1,1,-1,1,1,-1,-1,-1,1,1,1,-1,1,-1,1,1,1,1,1,1,-1,-1,1,-1,1,-1,1,-1,-1,1,-1,1,1,-1,-1,-1,1,-1,1,1,-1,1,-1,1,1,1,-1,1,1,-1,1,-1,1,-1,-1,-1,-1,1,1,-1,-1,-1,-1,-1,1,-1,1,-1,-1,-1,-1,-1,-1,-1,1,-1,-1,-1,1,-1,-1,1,-1,-1,-1,-1,-1,1,1,-1,-1,-1,-1,-1,1,-1,-1,-1,1,-1,-1,1,-1,1,-1,-1,-1,-1,-1,-1,-1,1,-1,-1,-1,1,1,1,-1,-1,-1,1,-1,-1,-1,-1,1,-1,-1,1,-1,1,-1,-1,-1,-1,1,-1,1,1,-1,1,-1,-1,1,1,-1,-1,-1,-1,-1,-1,1,1,-1,-1,1,-1,1,1,-1,-1,-1,1,-1,-1,1,-1,-1,1,-1,-1,1,1,1,-1,1,-1,1,1,1,-1,-1,1,-1,-1,1,1,1,-1,1,-1,-1,1,1,-1,1,1,-1,-1,1,1,-1,1,1,-1,-1,1,1,-1,1,1,-1,-1,1,1,1,1,1,1,-1,-1,1,-1,1,1,-1,-1,1,-1,1,1,1,1,-1,-1,1,-1,1,1,1,-1,1,1,1,1,-1,1,-1,1,1,1,1,1,1,1,-1,1,1,1,1,-1,1,-1,1,1,1,1,1,-1,1,1,1,1,-1,1,1,-1,1,1,-1,1,1,-1,-1,1,1,1,1,-1,1,-1,1,1,1,-1,-1,1,-1,1,1,1,-1,1,-1,-1,-1,1,1,-1,-1,1,-1,-1,1,1,1,-1,1,-1,-1,1,1,1,-1,1,-1,-1,1,1,-1,-1,-1,1,-1,-1,1,-1,1,1,-1,1,1,-1,-1,1,-1,-1,-1,-1,1,-1,1,1,-1,1,1,-1,-1,-1,-1,1,-1,-1,-1,-1,1,-1,-1,1,1,-1,1,1,-1,1,1,1,1,-1,1,-1,1,1,1,1,-1,1,-1,-1,-1,1,1,-1,1,-1,1,1,1,1,-1,1,-1,1,1,-1,-1,-1,1,-1,-1,1,1,-1,-1,-1,1,-1,1,-1,1,-1,1,-1,-1,1,-2674.0,1,2000,445,1500,False
324,1,1,-1,-1,1,1,-1,-1,1,1,1,-1,-1,1,1,1,-1,1,-1,-1,1,-1,1,1,1,-1,-1,-1,1,1,1,1,-1,-1,-1,-1,1,1,1,1,-1,-1,-1,1,1,1,1,-1,1,1,1,1,-1,1,-1,-1,1,-1,1,1,1,-1,-1,-1,1,1,1,1,-1,-1,-1,1,1,1,1,-1,-1,-1,1,1,1,-1,-1,-1,1,1,1,1,-1,1,-1,1,1,1,1,-1,-1,1,1,-1,1,1,-1,-1,1,1,1,1,1,-1,-1,1,1,-1,1,1,-1,-1,1,1,1,1,1,1,-1,1,1,1,-1,1,1,-1,1,1,1,1,1,1,-1,-1,1,1,1,1,1,-1,1,1,1,1,1,1,-1,-1,-1,1,1,1,1,-1,1,1,1,1,-1,1,-1,1,-1,1,1,1,-1,-1,1,1,1,1,1,-1,1,-1,-1,1,-1,1,-1,1,1,1,1,1,1,1,1,1,-1,1,-1,1,-1,1,1,-1,1,-1,1,1,-1,1,-1,1,-1,1,-1,1,1,-1,1,-1,1,1,1,1,-1,-1,1,1,-1,-1,1,-1,1,-1,-1,1,-1,1,-1,1,-1,1,-1,1,1,-1,1,-1,1,1,-1,1,-1,1,1,1,-1,1,1,-1,1,-1,1,-1,1,-1,1,-1,1,1,-1,1,-1,-1,-1,1,1,-1,1,-1,-1,-1,1,1,-1,-1,1,1,-1,-1,1,1,-1,1,1,-1,1,1,1,1,-1,1,-1,1,1,-1,1,-1,1,1,-1,1,1,1,1,1,-1,-1,1,-1,-1,-1,1,1,-1,1,1,1,-1,1,-1,-1,1,1,1,1,1,-1,1,1,1,-1,-1,1,-1,1,1,1,-1,1,1,-1,-1,1,1,1,-1,1,-1,1,1,1,-1,1,1,-1,1,1,1,-1,1,-1,-1,1,1,1,-1,1,-1,-1,-1,1,1,-1,1,-1,-1,1,-1,1,-1,1,1,-1,-1,1,1,1,1,1,-1,-1,1,1,-1,1,-1,1,-1,-1,-1,-1,1,1,-1,-1,1,1,-1,1,1,-1,-1,1,1,1,1,1,-1,1,1,1,-1,1,-1,-1,-1,-1,1,1,1,1,-1,-1,1,1,1,1,-1,-1,-1,-1,-1,1,-1,-1,-1,1,-1,1,1,1,1,-1,1,1,-1,1,-1,1,-1,-1,1,-1,1,1,1,1,-1,1,-1,-1,1,1,-1,-1,1,-1,1,1,1,-1,-1,1,-1,-1,1,1,-1,1,1,-1,1,1,-1,-1,1,1,-1,1,-1,-1,-1,1,-1,-1,1,-1,-1,-1,1,-1,-1,1,-1,-1,-1,1,-1,-1,1,-1,-1,-1,1,-1,-1,1,-1,-1,-1,1,1,-1,1,1,-1,-1,1,1,-1,-1,1,1,-1,1,-1,-1,1,-1,-1,1,-1,1,-1,-1,1,-1,1,-1,1,-1,-1,1,-1,-1,1,1,1,-1,1,-1,1,-1,1,-1,1,-1,-1,-1,1,-1,-1,-1,1,1,-1,1,-1,1,-1,1,-1,1,1,-1,1,1,1,-1,-1,1,-1,1,-1,1,1,-1,1,-1,-1,1,1,-1,-1,1,-1,-1,-1,1,-1,-1,1,-1,1,1,1,1,-1,1,-1,-1,1,1,-1,-1,1,-1,-1,-1,1,1,-1,-1,1,1,-1,1,-1,-1,1,1,1,1,1,1,-1,-1,1,1,-1,1,-1,-1,-1,1,1,1,-1,1,-1,1,-1,1,1,1,1,-1,-1,1,1,1,-1,-1,-1,1,1,1,1,1,-1,-1,-1,1,1,1,-1,-1,-1,-1,1,1,1,1,-1,-1,1,1,1,1,1,-1,-1,-1,1,1,1,1,-1,-1,-1,1,1,-1,1,-1,-1,-1,1,1,1,1,-1,-1,1,1,1,1,1,-1,1,1,-1,1,1,-1,-1,-1,1,1,1,-1,1,-1,1,1,1,1,1,1,-1,-1,1,-1,1,-1,1,-1,-1,1,-1,1,-1,-1,-1,-1,1,-1,1,1,-1,-1,-1,1,1,1,-1,1,-1,-1,1,-1,1,-1,-1,-1,-1,1,1,-1,-1,-1,-1,-1,1,-1,1,-1,-1,-1,-1,-1,-1,-1,1,-1,-1,-1,1,-1,-1,1,-1,-1,-1,-1,-1,-1,1,-1,-1,-1,-1,-1,1,-1,-1,-1,1,-1,-1,1,-1,1,-1,-1,-1,-1,-1,-1,-1,1,-1,-1,-1,1,1,-1,-1,-1,1,-1,-1,-1,-1,-1,1,-1,-1,1,-1,1,-1,-1,-1,-1,1,-1,1,1,-1,1,-1,-1,1,1,-1,-1,-1,-1,-1,-1,1,1,-1,-1,1,-1,1,1,-1,-1,-1,1,-1,-1,1,-1,-1,1,-1,-1,1,1,1,-1,1,-1,1,1,1,-1,-1,1,-1,-1,1,1,1,-1,1,-1,-1,1,1,-1,1,1,-1,-1,1,1,-1,1,1,-1,-1,1,1,-1,1,1,-1,-1,1,1,1,1,1,1,-1,-1,1,1,-1,1,-1,-1,1,-1,1,1,1,1,-1,-1,1,-1,1,1,1,-1,1,1,1,1,-1,1,-1,1,1,1,1,1,1,1,-1,1,1,1,1,-1,1,-1,1,1,1,1,1,-1,1,1,1,1,-1,1,1,-1,1,1,-1,1,1,-1,-1,1,1,1,1,-1,1,-1,1,1,1,-1,-1,1,-1,1,1,1,-1,1,-1,-1,-1,1,1,-1,-1,1,-1,-1,1,1,1,-1,1,-1,-1,1,1,1,-1,1,-1,-1,1,1,-1,-1,-1,1,-1,1,1,-1,1,1,-1,1,1,-1,-1,1,-1,-1,-1,-1,1,-1,1,1,-1,1,1,-1,-1,-1,-1,1,-1,-1,-1,-1,1,-1,-1,1,1,-1,1,1,-1,1,1,1,1,-1,1,-1,1,1,1,1,-1,1,-1,-1,-1,1,1,-1,1,-1,1,1,1,1,-1,1,-1,1,1,-1,-1,-1,1,-1,-1,1,1,-1,-1,-1,1,-1,1,-1,1,-1,1,-1,-1,1,-2674.0,1,2000,445,1000,False
325,1,1,-1,-1,1,-1,-1,-1,1,1,1,-1,1,1,1,1,-1,1,-1,-1,1,-1,1,1,1,-1,1,-1,1,1,1,1,1,-1,-1,-1,1,-1,1,1,-1,-1,-1,1,1,1,1,-1,1,1,1,1,-1,1,-1,-1,1,-1,1,1,-1,-1,-1,-1,1,1,1,1,-1,-1,-1,1,1,1,1,-1,-1,-1,1,1,1,-1,-1,-1,1,1,1,1,-1,-1,-1,1,1,1,1,-1,-1,1,1,-1,1,1,-1,-1,1,1,1,1,1,-1,-1,1,1,1,1,1,-1,-1,1,1,1,1,1,1,-1,-1,1,1,-1,1,1,-1,1,1,1,1,1,1,-1,-1,1,1,1,1,1,-1,1,1,1,1,1,1,-1,-1,-1,1,1,1,1,-1,1,1,1,1,-1,1,-1,1,-1,1,1,1,-1,-1,1,1,1,1,1,-1,1,-1,-1,1,-1,1,-1,1,1,1,1,1,1,1,1,1,-1,1,-1,1,-1,1,1,-1,1,-1,1,1,-1,1,-1,1,-1,1,-1,1,1,-1,-1,-1,1,1,1,1,-1,-1,1,1,-1,-1,1,-1,1,-1,1,1,-1,1,-1,1,-1,1,-1,1,1,-1,-1,-1,1,1,-1,1,-1,1,1,1,-1,1,1,-1,1,-1,1,-1,1,-1,1,-1,1,1,-1,1,-1,-1,-1,1,1,-1,1,-1,-1,-1,1,1,-1,-1,1,1,-1,-1,1,1,-1,1,1,-1,1,1,1,-1,-1,1,-1,1,1,-1,1,-1,1,1,-1,1,1,-1,-1,1,-1,-1,1,-1,1,-1,1,1,-1,1,1,1,-1,1,-1,-1,1,1,-1,-1,1,-1,1,1,1,1,-1,1,-1,1,1,1,-1,1,1,-1,-1,1,1,-1,-1,1,-1,1,1,1,1,1,1,-1,1,1,1,1,1,-1,-1,1,1,1,1,1,-1,-1,-1,1,1,1,1,-1,-1,1,-1,1,-1,1,1,-1,-1,1,1,1,1,1,-1,-1,1,1,1,-1,-1,1,-1,-1,-1,-1,1,1,-1,-1,1,1,-1,1,1,-1,-1,1,1,1,1,1,-1,1,1,1,-1,1,-1,-1,-1,-1,1,1,1,1,-1,-1,1,-1,1,1,-1,-1,-1,1,-1,1,-1,-1,-1,1,-1,1,1,1,1,-1,1,1,-1,1,-1,1,-1,-1,1,-1,1,-1,1,1,-1,1,-1,-1,1,1,-1,-1,1,-1,1,1,1,-1,-1,1,-1,1,-1,1,-1,1,1,1,-1,-1,-1,-1,1,1,-1,1,-1,-1,-1,1,-1,1,1,-1,-1,-1,1,-1,-1,1,-1,-1,-1,1,-1,1,-1,1,-1,-1,1,-1,-1,1,-1,-1,-1,1,1,-1,1,-1,-1,-1,1,1,-1,-1,-1,1,-1,1,-1,-1,1,-1,-1,1,-1,1,-1,-1,1,-1,1,-1,1,-1,-1,1,-1,-1,1,1,1,-1,1,-1,1,-1,1,-1,1,-1,-1,-1,1,-1,-1,-1,1,1,-1,1,-1,1,-1,1,-1,1,1,-1,1,1,1,-1,-1,1,-1,1,-1,1,1,-1,1,-1,-1,1,1,-1,-1,1,-1,-1,-1,1,-1,-1,1,-1,1,1,1,1,-1,1,-1,-1,1,1,-1,-1,1,-1,-1,-1,1,1,-1,-1,1,1,-1,1,-1,-1,1,1,1,1,1,1,-1,-1,1,1,-1,1,-1,-1,1,1,1,1,-1,-1,-1,1,-1,1,1,1,-1,-1,-1,1,1,1,-1,-1,-1,-1,1,1,1,1,-1,-1,-1,1,1,1,-1,-1,-1,-1,1,1,1,1,-1,-1,-1,1,1,1,1,-1,-1,1,1,1,1,1,-1,-1,-1,1,1,-1,1,-1,-1,-1,1,1,1,1,-1,-1,1,1,1,1,1,-1,1,1,-1,1,1,-1,-1,-1,1,1,1,-1,1,-1,1,1,1,1,1,1,-1,-1,1,-1,1,-1,1,-1,-1,1,-1,1,-1,-1,-1,-1,1,-1,1,1,-1,1,-1,1,1,1,-1,1,1,-1,1,-1,1,-1,-1,-1,-1,1,1,-1,-1,-1,-1,-1,1,-1,1,-1,-1,-1,-1,-1,-1,-1,1,-1,-1,-1,1,-1,-1,1,-1,-1,-1,-1,-1,1,1,-1,-1,-1,-1,-1,1,-1,-1,-1,1,-1,-1,1,-1,1,-1,-1,-1,-1,-1,-1,-1,1,-1,-1,-1,-1,1,-1,-1,-1,-1,1,-1,-1,-1,-1,1,-1,-1,1,-1,1,-1,-1,-1,-1,1,1,1,1,-1,1,-1,-1,-1,1,-1,-1,-1,-1,-1,-1,1,1,-1,-1,1,-1,1,1,-1,-1,-1,1,-1,-1,1,-1,-1,1,-1,-1,1,1,1,-1,1,-1,1,1,1,-1,-1,1,-1,-1,1,1,1,-1,1,-1,-1,1,1,-1,1,1,-1,-1,1,1,1,1,1,-1,-1,1,1,1,1,1,-1,-1,1,1,1,1,1,1,-1,1,1,1,-1,1,-1,-1,1,-1,1,1,1,1,-1,-1,1,-1,1,1,1,-1,1,1,1,1,-1,1,-1,1,1,1,1,1,1,-1,-1,1,1,1,1,-1,1,-1,1,1,1,1,-1,1,-1,1,1,1,-1,-1,1,-1,1,1,-1,1,-1,-1,-1,1,1,1,-1,1,-1,-1,1,1,1,-1,-1,-1,-1,1,1,1,-1,-1,-1,-1,-1,1,1,-1,1,-1,-1,-1,1,1,1,-1,1,-1,1,1,1,1,1,1,-1,-1,1,1,-1,-1,1,1,1,-1,1,-1,1,-1,-1,1,1,-1,-1,1,-1,-1,-1,1,1,-1,1,-1,1,1,1,-1,-1,1,-1,1,-1,-1,-1,-1,1,-1,1,1,1,-1,1,1,-1,1,1,1,1,-1,1,-1,1,1,1,1,-1,1,-1,1,1,1,1,-1,1,-1,1,1,1,1,-1,1,-1,1,1,-1,-1,-1,1,-1,-1,1,1,-1,-1,-1,1,-1,1,-1,1,-1,1,-1,-1,1,-2674.0,1,2000,445,1500,False
326,1,1,-1,-1,1,-1,-1,-1,1,1,1,-1,1,1,1,1,-1,1,-1,-1,-1,-1,1,1,1,-1,-1,-1,1,1,1,1,1,-1,-1,-1,1,1,1,1,-1,-1,-1,1,1,1,1,-1,1,1,1,1,-1,1,-1,-1,1,-1,1,1,1,-1,-1,-1,1,1,1,1,-1,-1,-1,1,1,1,1,-1,-1,-1,1,1,1,-1,-1,-1,1,1,1,1,-1,-1,-1,1,1,1,1,-1,-1,1,1,-1,1,1,-1,-1,1,1,1,1,1,-1,-1,-1,1,1,1,1,-1,-1,1,1,1,1,1,1,-1,-1,1,1,-1,1,1,-1,1,1,1,1,1,1,-1,1,1,1,1,1,1,-1,1,1,1,1,1,1,-1,-1,-1,1,1,1,1,-1,1,1,1,1,-1,1,-1,1,-1,1,1,1,-1,-1,1,1,1,1,1,-1,1,-1,-1,1,-1,1,-1,1,1,1,1,1,1,1,1,1,-1,1,-1,1,-1,1,1,-1,1,-1,1,1,-1,1,-1,1,-1,1,-1,1,1,-1,-1,-1,1,1,1,1,-1,-1,1,1,-1,-1,1,-1,1,-1,-1,1,-1,1,-1,1,-1,1,-1,1,1,-1,-1,-1,1,1,-1,1,-1,1,1,1,-1,1,1,-1,1,-1,1,-1,1,-1,1,-1,1,1,-1,1,-1,-1,-1,1,1,-1,1,-1,-1,-1,1,1,-1,-1,1,1,-1,-1,1,1,-1,1,1,-1,1,1,1,1,-1,1,-1,1,1,-1,1,-1,1,1,-1,1,1,-1,-1,1,-1,-1,1,-1,-1,-1,1,1,-1,1,1,1,-1,1,-1,-1,1,1,1,-1,1,-1,1,1,1,1,-1,1,-1,1,1,1,-1,1,1,-1,-1,1,1,1,-1,1,-1,1,1,1,-1,1,1,-1,1,1,1,-1,1,-1,-1,1,1,1,1,1,-1,-1,-1,1,1,-1,1,-1,-1,1,-1,1,-1,1,1,-1,-1,1,1,1,1,1,-1,-1,1,1,-1,1,-1,1,-1,-1,-1,-1,1,1,-1,-1,1,1,-1,1,1,-1,-1,1,1,1,1,1,-1,1,1,1,-1,1,-1,-1,-1,-1,1,1,1,1,-1,-1,1,1,1,1,-1,-1,-1,-1,-1,1,-1,-1,-1,1,-1,1,1,1,1,-1,1,1,-1,1,-1,1,-1,-1,1,-1,1,1,1,1,-1,1,-1,-1,1,1,-1,-1,1,-1,1,1,1,-1,-1,1,-1,-1,1,1,-1,1,1,-1,1,1,-1,-1,1,1,-1,1,-1,-1,-1,1,-1,-1,1,-1,-1,1,1,-1,-1,1,-1,-1,-1,1,-1,-1,1,-1,-1,-1,1,-1,-1,1,-1,-1,-1,1,1,-1,1,1,-1,-1,1,1,-1,-1,1,1,-1,1,-1,-1,1,1,-1,1,-1,1,-1,-1,1,-1,1,-1,1,-1,-1,1,-1,-1,1,1,1,-1,1,-1,1,-1,1,-1,1,-1,-1,-1,1,-1,-1,-1,1,1,-1,1,-1,1,-1,1,-1,1,1,-1,1,1,1,-1,-1,1,-1,1,-1,1,1,-1,1,-1,-1,1,1,-1,-1,1,-1,-1,-1,1,-1,-1,1,-1,1,1,1,1,-1,1,-1,-1,1,1,-1,-1,1,-1,-1,-1,1,1,-1,-1,1,1,-1,-1,-1,-1,1,1,1,1,1,1,-1,-1,1,1,-1,1,-1,-1,1,1,1,1,-1,-1,-1,1,-1,1,1,1,-1,-1,-1,1,1,1,-1,-1,-1,-1,1,1,1,1,-1,-1,-1,1,1,1,-1,-1,-1,-1,1,1,1,1,-1,-1,-1,1,1,1,1,-1,-1,1,1,1,1,1,-1,-1,-1,1,1,-1,1,-1,-1,-1,1,1,1,1,-1,-1,1,1,1,1,1,-1,1,1,-1,1,1,-1,-1,-1,1,1,1,-1,1,-1,1,1,1,1,1,1,-1,-1,1,-1,1,-1,1,-1,-1,1,-1,1,1,-1,-1,-1,1,-1,1,1,-1,-1,-1,1,1,1,-1,1,-1,-1,1,-1,1,-1,-1,-1,-1,1,1,-1,-1,-1,-1,-1,1,-1,1,-1,-1,-1,-1,-1,-1,-1,1,-1,-1,-1,1,-1,-1,1,-1,-1,-1,-1,-1,-1,1,-1,-1,-1,-1,-1,1,-1,-1,-1,1,-1,-1,1,-1,1,-1,-1,-1,-1,-1,-1,-1,1,-1,-1,-1,1,1,1,-1,-1,1,-1,-1,-1,-1,-1,1,-1,-1,1,-1,1,-1,-1,-1,-1,1,-1,1,1,-1,1,-1,-1,1,1,-1,-1,-1,-1,-1,-1,1,1,-1,-1,1,-1,1,1,-1,-1,-1,1,-1,-1,1,-1,-1,1,-1,-1,1,1,1,-1,1,-1,1,1,1,-1,-1,1,-1,-1,1,1,1,-1,1,-1,-1,1,1,-1,1,1,-1,-1,1,1,1,1,1,-1,-1,1,1,1,1,1,-1,-1,1,1,1,1,1,1,-1,-1,1,1,1,1,-1,-1,1,-1,1,1,1,1,-1,-1,1,-1,1,1,1,-1,1,1,1,1,-1,1,-1,1,1,1,1,1,1,1,-1,1,1,1,1,-1,1,-1,1,1,1,1,1,-1,1,1,1,1,-1,-1,1,-1,1,1,-1,1,1,-1,-1,1,1,1,-1,1,1,-1,1,1,1,-1,-1,1,-1,1,1,1,-1,1,-1,-1,-1,1,1,-1,-1,1,-1,-1,1,1,1,-1,1,-1,-1,1,1,1,1,-1,-1,-1,1,1,-1,-1,1,1,-1,-1,1,-1,1,1,-1,1,1,-1,-1,1,-1,-1,-1,1,1,-1,1,1,-1,1,1,-1,-1,1,-1,1,-1,-1,-1,-1,1,-1,-1,1,1,-1,1,1,-1,1,1,1,1,-1,1,-1,1,1,1,-1,-1,1,-1,-1,-1,1,-1,-1,1,-1,1,1,1,-1,-1,1,-1,1,1,1,1,-1,1,-1,-1,1,1,-1,-1,-1,1,-1,1,1,1,-1,1,-1,-1,1,-2674.0,1,2000,445,1500,False
327,1,1,-1,-1,1,-1,-1,-1,1,1,1,-1,1,1,1,1,-1,1,-1,-1,-1,-1,1,1,1,-1,-1,-1,1,1,1,1,-1,-1,-1,-1,1,-1,1,1,-1,-1,-1,1,1,1,1,-1,1,1,1,1,-1,1,-1,-1,1,-1,1,1,1,-1,-1,-1,1,1,1,1,-1,-1,-1,1,1,1,1,-1,-1,-1,1,1,1,-1,-1,-1,1,1,1,1,-1,-1,-1,1,1,1,1,-1,-1,1,1,-1,1,1,-1,-1,1,1,1,1,1,-1,-1,-1,1,-1,1,1,-1,-1,1,1,1,1,1,1,-1,-1,1,1,-1,1,1,-1,1,1,1,1,1,1,-1,1,1,1,1,1,1,-1,1,1,1,1,1,1,-1,-1,-1,1,1,1,1,-1,1,1,1,1,-1,1,-1,1,-1,1,1,1,-1,-1,1,1,1,1,1,-1,1,-1,-1,1,-1,1,-1,1,1,1,1,1,1,1,1,1,-1,1,-1,1,-1,1,1,-1,1,-1,1,1,-1,1,-1,1,-1,1,-1,1,1,-1,-1,-1,1,1,1,1,-1,-1,1,1,-1,-1,1,-1,1,-1,-1,1,-1,1,-1,1,-1,1,-1,1,1,-1,-1,-1,1,1,-1,1,-1,1,1,1,-1,1,1,-1,-1,-1,1,-1,1,-1,1,-1,1,1,-1,1,-1,-1,-1,1,1,-1,1,-1,-1,-1,1,1,-1,-1,1,1,-1,-1,1,1,-1,1,1,-1,1,1,1,1,-1,1,-1,1,1,-1,1,-1,1,1,-1,1,1,1,1,1,-1,-1,1,-1,-1,1,1,1,-1,1,1,1,-1,1,-1,-1,1,1,1,-1,1,-1,1,1,1,-1,-1,1,-1,1,1,1,-1,1,1,-1,-1,1,1,1,-1,1,-1,1,1,1,-1,1,1,-1,1,1,1,-1,1,-1,-1,1,1,1,-1,1,-1,-1,-1,1,1,-1,1,-1,-1,1,-1,1,-1,1,1,-1,-1,1,1,1,-1,1,-1,-1,1,1,-1,1,-1,1,-1,-1,-1,-1,1,1,-1,-1,1,1,-1,1,1,-1,-1,1,1,1,1,1,-1,1,1,1,-1,1,-1,-1,-1,-1,1,1,1,1,-1,-1,1,1,1,1,-1,-1,-1,-1,-1,1,-1,-1,-1,1,-1,1,1,-1,1,-1,1,1,-1,1,-1,1,-1,-1,1,-1,1,1,1,1,-1,1,-1,-1,1,1,-1,-1,1,-1,1,1,1,-1,-1,1,-1,-1,1,1,-1,1,1,-1,1,1,-1,-1,1,1,-1,1,-1,-1,-1,1,-1,-1,1,-1,-1,-1,1,-1,-1,1,-1,-1,-1,1,-1,-1,1,-1,-1,-1,1,-1,-1,1,-1,-1,-1,-1,1,-1,1,1,-1,-1,1,1,-1,-1,1,1,-1,1,-1,-1,1,1,-1,1,-1,1,-1,-1,1,-1,1,-1,1,1,-1,1,-1,-1,1,1,1,-1,1,-1,1,-1,1,-1,1,-1,-1,-1,1,-1,-1,-1,1,1,-1,1,-1,1,-1,1,-1,1,1,-1,1,1,1,-1,-1,1,-1,1,-1,1,1,-1,1,-1,-1,1,1,-1,-1,1,-1,-1,-1,1,-1,-1,1,-1,1,1,1,1,-1,1,-1,-1,1,1,-1,-1,1,-1,-1,-1,1,1,-1,-1,1,1,-1,1,-1,-1,1,1,1,1,1,1,-1,-1,1,1,-1,1,-1,-1,1,1,1,1,-1,1,-1,1,-1,1,1,1,1,-1,-1,1,1,1,-1,-1,-1,1,1,1,1,1,-1,-1,-1,1,1,1,-1,-1,-1,-1,1,1,1,1,-1,-1,-1,1,1,1,1,-1,-1,1,1,1,1,1,-1,-1,-1,1,1,-1,1,-1,-1,-1,1,1,1,1,-1,-1,1,1,1,1,1,-1,1,1,-1,1,1,-1,-1,-1,1,1,1,1,1,-1,1,1,1,1,1,1,-1,-1,1,-1,1,-1,1,-1,-1,1,-1,1,1,-1,-1,-1,1,-1,1,1,-1,1,-1,1,1,1,-1,1,1,-1,1,-1,1,-1,-1,-1,-1,1,1,-1,-1,-1,-1,-1,1,-1,1,-1,-1,-1,-1,-1,-1,-1,1,-1,-1,-1,1,-1,-1,1,-1,-1,-1,-1,-1,-1,1,-1,-1,-1,-1,-1,1,-1,-1,-1,1,-1,-1,1,-1,1,-1,-1,-1,-1,-1,-1,-1,1,-1,-1,-1,1,1,-1,-1,-1,1,-1,-1,-1,-1,-1,1,-1,-1,1,-1,1,-1,-1,-1,-1,1,-1,1,1,-1,1,-1,-1,1,1,-1,-1,-1,-1,-1,-1,1,1,-1,-1,1,-1,1,1,-1,-1,-1,1,-1,1,1,-1,-1,1,-1,-1,1,1,1,-1,1,-1,1,1,1,-1,-1,1,-1,-1,1,1,1,-1,1,-1,-1,1,1,-1,1,1,-1,-1,1,1,1,1,1,-1,-1,1,1,-1,1,1,-1,-1,1,1,1,1,1,1,-1,-1,1,1,1,1,-1,-1,1,-1,1,1,1,1,-1,-1,1,-1,1,1,1,-1,1,1,1,1,-1,1,-1,1,1,1,1,1,1,1,-1,1,1,1,1,-1,1,-1,1,1,1,1,1,-1,1,1,1,1,-1,1,1,-1,1,1,-1,1,1,-1,-1,1,1,1,1,-1,1,-1,1,1,1,-1,-1,1,-1,1,1,1,-1,1,-1,-1,-1,1,1,-1,-1,1,-1,-1,1,1,1,-1,1,-1,-1,1,1,1,-1,1,-1,-1,1,1,-1,-1,-1,1,-1,-1,1,-1,1,1,-1,1,1,-1,-1,1,1,-1,-1,1,1,-1,1,1,-1,1,1,-1,-1,1,-1,1,-1,-1,-1,-1,1,-1,-1,1,1,-1,1,1,-1,1,1,1,1,-1,1,-1,1,1,1,-1,-1,1,-1,-1,-1,1,-1,-1,1,-1,1,1,1,-1,-1,1,-1,1,1,1,1,-1,1,-1,-1,1,1,-1,-1,-1,1,-1,1,1,1,-1,1,-1,-1,1,-2674.0,1,2000,445,1500,False
328,1,1,-1,-1,1,1,-1,-1,1,1,1,-1,-1,1,1,1,-1,1,-1,-1,-1,-1,1,1,1,-1,-1,-1,1,1,1,1,1,-1,-1,-1,1,-1,1,1,-1,-1,-1,1,1,1,1,-1,1,1,1,1,-1,1,-1,-1,1,-1,1,1,1,-1,-1,-1,1,1,1,1,-1,-1,-1,1,1,1,1,-1,-1,-1,1,1,1,-1,-1,-1,1,1,1,1,-1,-1,-1,1,1,1,1,-1,-1,1,1,-1,1,1,-1,-1,1,1,1,1,1,-1,-1,1,1,1,1,1,-1,-1,1,1,1,1,1,1,-1,1,1,1,-1,1,1,-1,1,1,1,1,1,1,-1,-1,1,1,-1,1,1,-1,1,1,1,1,1,1,-1,-1,-1,1,-1,1,1,-1,1,1,1,1,-1,1,-1,1,-1,1,1,1,-1,-1,1,1,1,1,1,-1,1,-1,-1,1,1,1,-1,1,1,1,1,-1,1,1,1,1,-1,1,-1,1,-1,1,1,-1,1,-1,1,1,-1,1,-1,1,-1,1,-1,1,1,-1,1,-1,1,1,1,1,-1,-1,1,1,-1,-1,1,-1,1,1,-1,1,-1,1,-1,1,-1,1,-1,1,1,-1,-1,1,1,1,-1,1,-1,1,1,1,-1,1,1,-1,1,-1,1,-1,1,-1,1,-1,1,1,-1,1,-1,-1,1,1,1,-1,1,-1,-1,-1,-1,1,-1,-1,1,1,-1,-1,1,1,-1,1,1,-1,1,1,1,1,-1,1,-1,1,1,-1,1,-1,1,1,-1,1,1,1,1,1,-1,-1,1,-1,-1,1,1,1,-1,1,1,1,-1,1,-1,-1,1,1,1,1,1,-1,-1,1,1,-1,1,1,-1,-1,1,1,-1,1,1,-1,1,-1,1,1,-1,1,-1,1,1,1,-1,1,1,-1,1,1,1,-1,1,-1,-1,1,1,1,-1,1,-1,-1,1,-1,1,-1,1,-1,-1,1,-1,1,-1,1,1,-1,1,-1,1,1,-1,1,-1,-1,1,1,-1,1,-1,-1,1,1,-1,-1,1,-1,-1,1,-1,1,-1,1,-1,1,1,-1,1,1,1,-1,1,1,-1,1,-1,1,-1,-1,1,-1,1,1,-1,1,-1,1,1,-1,1,-1,-1,-1,1,-1,-1,1,-1,1,-1,-1,1,-1,1,-1,-1,-1,-1,1,-1,1,-1,1,-1,-1,1,-1,1,-1,-1,-1,-1,1,-1,-1,1,1,-1,-1,1,-1,1,1,-1,1,-1,1,-1,1,-1,1,-1,-1,-1,-1,1,-1,-1,-1,-1,1,-1,1,-1,1,-1,-1,-1,1,1,-1,1,-1,-1,-1,-1,1,-1,-1,-1,-1,-1,1,-1,-1,1,-1,-1,-1,-1,1,-1,-1,1,-1,-1,-1,1,-1,1,-1,-1,-1,-1,-1,-1,1,-1,1,-1,-1,1,-1,1,1,1,-1,-1,-1,1,1,-1,1,-1,-1,-1,1,1,1,-1,1,1,-1,1,1,1,1,1,-1,1,-1,-1,-1,1,-1,1,1,1,1,-1,1,-1,1,-1,-1,-1,1,1,-1,1,1,-1,-1,-1,1,-1,1,1,-1,1,-1,1,-1,-1,-1,-1,-1,-1,1,-1,-1,-1,-1,-1,-1,1,-1,1,1,1,1,-1,1,-1,1,1,-1,-1,-1,1,-1,-1,1,-1,1,-1,-1,1,1,1,1,-1,-1,1,1,1,1,-1,1,-1,-1,1,1,1,-1,-1,-1,1,1,1,1,-1,-1,-1,1,-1,1,-1,1,1,-1,-1,1,1,1,-1,-1,-1,-1,1,1,1,1,-1,-1,-1,1,1,1,1,-1,-1,-1,1,-1,1,-1,-1,-1,-1,1,1,1,1,-1,1,-1,1,-1,1,1,-1,-1,-1,1,1,-1,1,-1,-1,-1,1,1,1,1,-1,-1,1,-1,1,-1,1,-1,1,1,-1,1,1,1,-1,-1,1,1,-1,1,-1,-1,1,-1,1,-1,1,-1,-1,-1,1,-1,-1,1,-1,-1,1,-1,1,-1,1,1,-1,-1,-1,1,-1,1,1,1,-1,1,1,-1,1,-1,1,1,-1,-1,-1,1,1,-1,-1,1,1,-1,1,1,-1,-1,1,-1,1,-1,1,-1,-1,-1,-1,-1,-1,1,-1,-1,1,-1,1,-1,1,-1,-1,-1,-1,-1,-1,1,-1,-1,-1,-1,-1,1,-1,-1,1,-1,-1,1,-1,1,-1,-1,-1,-1,1,-1,1,1,-1,-1,-1,1,1,1,-1,-1,1,-1,1,-1,1,-1,1,-1,-1,-1,1,1,-1,-1,-1,-1,1,-1,1,1,-1,1,-1,-1,1,1,-1,-1,-1,-1,-1,-1,1,1,-1,-1,1,-1,1,1,-1,-1,-1,1,-1,1,1,-1,-1,1,-1,-1,1,1,1,-1,1,-1,1,1,1,-1,-1,1,-1,-1,1,1,1,-1,1,-1,-1,1,1,-1,1,1,-1,-1,1,1,-1,1,1,-1,-1,1,1,1,1,1,-1,-1,1,1,1,1,1,1,-1,1,1,1,-1,1,-1,-1,1,-1,1,1,1,1,-1,-1,1,-1,1,1,1,-1,1,1,1,1,-1,1,-1,1,1,1,1,1,1,1,-1,-1,1,1,1,-1,1,-1,1,1,1,1,1,-1,1,1,1,1,-1,1,1,-1,1,1,-1,1,1,-1,-1,1,1,1,1,-1,1,-1,1,1,1,-1,-1,1,-1,1,1,1,-1,1,-1,-1,-1,1,1,-1,-1,1,-1,-1,1,1,-1,-1,1,-1,1,1,1,1,-1,1,-1,-1,1,1,-1,-1,-1,1,1,1,1,-1,1,1,-1,1,1,-1,-1,1,1,-1,-1,1,1,-1,1,1,1,1,1,-1,-1,-1,-1,1,-1,-1,-1,-1,-1,1,1,1,1,-1,1,1,-1,1,1,1,1,-1,1,-1,1,1,1,1,-1,1,-1,1,1,1,1,-1,1,-1,1,1,1,1,-1,1,-1,1,1,1,-1,-1,1,-1,1,1,1,-1,-1,-1,1,-1,1,1,1,-1,1,-1,1,1,-2674.0,1,2000,445,1500,False
329,1,1,-1,-1,1,1,-1,-1,1,1,1,-1,1,1,1,1,-1,1,-1,-1,-1,-1,1,1,1,-1,-1,-1,1,1,1,1,1,-1,-1,-1,1,-1,1,1,-1,-1,-1,1,1,1,1,-1,1,1,1,1,-1,1,-1,-1,1,-1,1,1,1,-1,-1,-1,1,1,1,1,-1,-1,-1,1,1,1,1,-1,-1,-1,1,1,1,-1,-1,-1,1,1,1,1,-1,-1,-1,1,1,1,1,-1,-1,1,1,-1,1,1,-1,-1,1,1,1,1,1,-1,-1,-1,1,-1,1,1,-1,-1,1,1,1,1,1,1,-1,-1,1,1,-1,1,1,-1,1,1,1,1,1,1,-1,1,1,1,1,1,1,-1,1,1,1,1,1,1,-1,-1,-1,1,1,1,1,-1,1,1,1,1,-1,1,-1,1,-1,1,1,1,-1,-1,1,1,1,1,1,-1,1,-1,-1,1,-1,1,-1,1,1,1,1,1,1,1,1,1,-1,1,-1,1,-1,1,1,-1,1,-1,1,1,-1,1,-1,1,-1,1,-1,1,1,-1,1,-1,1,1,1,1,-1,-1,1,1,-1,-1,1,-1,1,-1,-1,1,-1,1,-1,1,-1,1,-1,1,1,-1,-1,-1,1,1,-1,1,-1,1,1,1,-1,1,1,-1,-1,-1,1,-1,1,-1,1,-1,1,1,-1,1,-1,-1,-1,1,1,-1,1,-1,-1,-1,1,1,-1,-1,1,1,-1,-1,1,1,-1,1,1,-1,1,1,1,1,-1,1,-1,1,1,-1,1,-1,1,1,-1,1,1,1,1,1,-1,-1,1,-1,-1,1,1,1,-1,1,1,1,-1,1,-1,-1,1,1,1,1,1,-1,1,1,1,-1,1,1,-1,1,1,1,-1,1,1,-1,-1,1,1,1,-1,1,-1,1,1,1,-1,1,1,-1,1,1,1,-1,1,-1,-1,1,1,1,-1,1,-1,-1,-1,1,1,-1,1,-1,-1,1,-1,1,-1,1,1,-1,-1,1,1,1,-1,1,-1,-1,1,1,-1,1,-1,1,-1,-1,-1,-1,1,1,-1,-1,1,1,-1,1,1,-1,-1,1,1,1,1,1,-1,1,1,1,-1,1,-1,-1,-1,-1,1,1,-1,1,-1,-1,1,1,1,-1,-1,-1,-1,-1,-1,1,-1,-1,-1,1,-1,1,1,-1,1,-1,1,1,-1,1,-1,1,-1,-1,1,-1,1,1,1,1,-1,1,-1,-1,1,1,-1,-1,1,-1,1,1,1,-1,-1,1,-1,-1,1,1,-1,1,1,-1,1,1,-1,-1,1,1,-1,1,-1,-1,-1,1,-1,1,1,-1,-1,-1,1,-1,-1,1,-1,-1,-1,1,-1,-1,1,1,-1,-1,1,-1,-1,1,-1,-1,-1,1,1,-1,1,-1,-1,-1,1,1,-1,1,-1,1,-1,1,-1,-1,1,-1,-1,1,-1,1,-1,-1,1,-1,1,-1,1,-1,1,1,-1,-1,1,1,1,-1,1,-1,1,-1,-1,-1,1,-1,-1,-1,1,-1,-1,-1,1,1,-1,1,-1,1,-1,1,-1,1,1,-1,1,1,1,-1,-1,1,-1,1,-1,1,1,-1,1,-1,-1,1,1,-1,-1,1,-1,-1,-1,1,-1,-1,1,-1,1,1,1,1,-1,1,-1,-1,1,1,-1,-1,1,-1,-1,-1,1,1,-1,-1,1,1,-1,1,-1,-1,1,1,1,1,1,1,-1,-1,1,1,-1,1,-1,-1,1,1,1,1,-1,1,-1,1,-1,1,1,1,1,-1,-1,1,1,1,-1,-1,-1,1,1,1,1,1,-1,-1,-1,1,1,1,-1,-1,-1,-1,1,1,1,1,-1,-1,1,1,1,1,1,-1,-1,-1,1,1,1,1,-1,-1,-1,1,1,-1,1,-1,-1,-1,1,1,1,1,-1,-1,1,1,1,1,1,-1,1,1,-1,1,1,-1,-1,-1,1,1,1,1,1,-1,1,1,1,1,1,1,-1,-1,1,-1,1,-1,1,-1,-1,1,-1,1,-1,-1,-1,-1,1,-1,1,1,-1,1,-1,1,1,1,-1,1,1,-1,1,-1,1,-1,-1,-1,-1,1,1,-1,-1,-1,-1,-1,1,-1,1,-1,-1,-1,-1,-1,-1,-1,1,-1,-1,-1,1,-1,-1,1,-1,-1,-1,-1,-1,1,1,-1,-1,-1,-1,-1,1,-1,-1,-1,1,-1,-1,1,-1,1,-1,-1,-1,-1,-1,-1,-1,1,-1,-1,-1,1,1,-1,-1,-1,1,1,-1,-1,-1,-1,1,-1,-1,1,1,1,-1,-1,-1,-1,1,-1,1,1,-1,1,-1,-1,1,1,-1,-1,-1,-1,-1,-1,1,1,-1,-1,1,-1,1,1,-1,-1,-1,1,-1,-1,1,-1,-1,1,-1,-1,1,1,1,-1,1,-1,1,1,1,-1,-1,1,-1,-1,1,1,1,-1,1,-1,-1,1,1,-1,1,1,-1,-1,1,1,1,1,1,-1,-1,1,1,1,1,1,-1,-1,1,1,1,1,1,1,-1,-1,1,1,-1,1,-1,-1,1,-1,1,1,1,1,-1,-1,1,-1,1,1,1,-1,1,-1,1,1,-1,1,-1,1,1,1,1,1,1,1,-1,-1,1,1,1,-1,1,-1,1,1,1,1,1,-1,1,-1,1,1,-1,1,1,-1,1,1,-1,1,1,-1,-1,1,1,1,1,-1,1,-1,-1,1,1,-1,-1,1,-1,1,1,1,-1,1,-1,-1,-1,1,1,-1,-1,1,-1,-1,1,1,1,-1,1,-1,-1,1,1,1,-1,1,-1,-1,1,1,-1,-1,-1,1,-1,1,1,-1,1,1,-1,1,1,-1,-1,1,1,-1,-1,1,1,-1,1,1,-1,1,1,-1,-1,-1,-1,1,-1,-1,-1,-1,-1,1,-1,1,1,-1,1,1,-1,1,1,1,1,-1,1,-1,1,1,1,-1,-1,1,-1,-1,1,1,-1,-1,1,-1,1,1,1,-1,-1,1,-1,1,1,1,1,-1,1,-1,-1,1,1,-1,-1,-1,1,-1,1,-1,1,-1,1,-1,1,1,-2674.0,1,2000,445,1000,False
330,-1,-1,1,1,1,1,-1,1,-1,-1,-1,1,-1,1,-1,-1,1,-1,1,1,-1,1,-1,-1,-1,1,-1,-1,1,-1,-1,-1,1,1,-1,1,1,-1,-1,-1,1,-1,1,-1,-1,-1,1,-1,1,-1,-1,-1,1,-1,1,-1,-1,1,-1,-1,-1,1,1,1,-1,-1,-1,-1,-1,-1,1,-1,-1,-1,-1,-1,-1,1,-1,-1,-1,1,1,-1,-1,-1,-1,-1,-1,1,1,-1,-1,-1,-1,-1,-1,1,-1,1,-1,-1,-1,-1,-1,-1,-1,-1,-1,-1,-1,1,-1,-1,-1,-1,-1,-1,1,-1,-1,-1,-1,-1,-1,1,-1,-1,1,-1,-1,-1,-1,-1,-1,1,-1,-1,-1,-1,-1,-1,1,-1,-1,-1,1,-1,-1,-1,-1,-1,-1,-1,1,-1,1,1,-1,-1,-1,-1,-1,-1,-1,-1,1,-1,1,-1,-1,-1,-1,-1,-1,-1,-1,1,-1,-1,-1,1,1,-1,-1,-1,-1,-1,-1,-1,-1,1,-1,-1,1,-1,1,-1,1,-1,-1,1,-1,1,-1,1,-1,-1,-1,1,1,-1,1,-1,-1,-1,1,1,-1,1,-1,1,-1,-1,1,1,-1,1,-1,-1,1,1,1,1,-1,1,-1,-1,1,-1,1,-1,1,1,-1,1,1,1,-1,-1,1,-1,1,-1,-1,1,1,1,-1,1,-1,1,-1,1,-1,-1,1,1,-1,-1,1,-1,-1,1,1,-1,-1,1,-1,-1,1,1,1,-1,1,-1,-1,1,1,1,-1,1,1,-1,1,-1,-1,-1,-1,1,-1,1,1,-1,-1,1,1,-1,1,1,1,-1,-1,1,-1,1,1,1,-1,1,1,-1,1,-1,1,-1,1,1,-1,1,1,1,-1,1,-1,1,1,1,-1,-1,1,-1,-1,1,1,-1,1,-1,-1,1,1,1,-1,1,1,1,-1,1,1,1,1,1,-1,1,-1,1,1,1,1,-1,1,1,1,-1,1,1,-1,1,1,1,1,-1,1,-1,1,1,1,1,-1,1,-1,1,-1,1,1,-1,1,1,-1,-1,1,1,-1,1,-1,1,1,1,1,1,-1,-1,1,1,1,1,-1,1,-1,1,1,-1,1,-1,1,1,1,1,1,1,-1,1,-1,1,1,1,1,-1,1,1,1,-1,1,1,1,1,1,1,1,1,1,-1,-1,1,-1,1,1,-1,1,-1,1,1,1,1,1,1,-1,1,-1,-1,1,-1,1,-1,1,1,-1,1,-1,1,-1,-1,1,-1,1,-1,1,-1,1,1,-1,1,-1,1,-1,-1,1,-1,1,-1,-1,-1,1,1,1,1,-1,1,-1,1,-1,1,1,-1,-1,1,1,-1,1,-1,-1,-1,-1,1,-1,1,1,-1,-1,-1,1,-1,-1,1,-1,-1,-1,1,-1,1,-1,-1,-1,-1,1,1,-1,-1,-1,-1,-1,1,-1,1,-1,1,-1,-1,1,-1,-1,1,1,-1,-1,-1,1,-1,1,1,-1,-1,1,1,-1,-1,-1,1,1,-1,1,-1,1,1,1,1,1,-1,1,1,-1,-1,1,1,1,-1,1,-1,1,-1,1,1,1,-1,-1,-1,-1,-1,1,1,1,-1,-1,-1,1,1,-1,1,-1,-1,-1,1,1,1,1,-1,-1,1,1,1,1,1,-1,-1,-1,-1,1,-1,1,-1,1,-1,-1,1,1,1,-1,-1,1,1,-1,-1,1,1,-1,-1,-1,-1,1,1,1,-1,-1,-1,1,1,1,1,-1,-1,1,-1,1,1,-1,-1,-1,-1,-1,1,1,-1,1,-1,-1,1,1,1,1,-1,-1,-1,-1,1,1,1,-1,-1,-1,1,1,1,1,-1,-1,-1,-1,1,1,1,-1,1,-1,1,1,1,1,-1,-1,1,1,1,-1,1,-1,-1,-1,1,1,1,1,-1,-1,1,1,1,1,1,-1,-1,-1,1,1,1,-1,1,-1,1,-1,1,-1,-1,1,-1,1,1,1,1,-1,1,-1,1,1,1,-1,-1,-1,-1,1,-1,1,1,-1,1,-1,1,-1,1,-1,1,-1,-1,1,1,1,1,-1,1,-1,1,1,1,1,-1,-1,-1,1,-1,1,1,-1,1,1,1,1,1,-1,1,1,-1,1,1,1,1,-1,1,-1,-1,1,1,1,-1,1,1,-1,1,1,1,-1,1,1,-1,1,1,1,1,1,-1,-1,1,1,1,1,1,-1,1,-1,1,1,1,1,1,-1,1,1,1,1,1,1,-1,1,1,1,1,1,1,1,1,1,1,1,1,1,-1,1,1,1,1,1,-1,1,1,1,1,-1,1,1,-1,1,1,1,1,1,-1,1,1,1,1,1,1,-1,-1,1,-1,1,1,1,-1,1,1,1,1,1,-1,-1,1,1,1,1,1,1,-1,1,1,-1,1,1,-1,1,1,1,1,1,1,-1,-1,1,-1,1,1,-1,1,-1,1,1,1,1,-1,-1,-1,1,1,1,1,-1,1,-1,1,1,1,1,1,-1,-1,1,1,-1,1,1,-1,-1,-1,1,1,1,-1,-1,-1,1,-1,-1,1,1,-1,-1,-1,1,-1,1,1,-1,-1,1,-1,-1,1,1,-1,1,1,1,-1,1,1,-1,1,-1,-1,1,1,1,-1,1,-1,1,1,1,-1,1,-1,1,-1,1,1,1,1,1,-1,1,1,-1,1,1,-1,-1,1,-1,1,-1,1,1,-1,-1,-1,1,1,-1,1,-1,1,-1,1,1,1,-1,-1,-1,1,1,-1,1,1,-1,-1,-1,1,-1,1,1,-1,-1,-1,1,1,1,-1,-1,-1,1,1,1,1,-1,1,-1,1,1,-1,1,1,-1,1,1,1,1,1,1,-1,-1,-1,1,1,1,1,-1,1,-1,1,1,1,-1,1,-1,1,1,1,1,-1,-1,1,1,-1,1,1,-1,1,1,1,1,1,1,-1,1,1,1,1,1,1,-1,-1,1,1,1,-1,1,-1,1,1,1,1,1,1,-1,1,1,1,1,1,1,-1,-1,1,1,-1,1,1,1,-1,1,1,-1,1,1,-1,-1,1,-2674.0,1,2000,445,500,True
331,1,1,-1,-1,1,-1,1,-1,1,1,1,-1,1,1,1,1,-1,1,-1,-1,1,-1,1,1,1,-1,-1,-1,1,1,1,1,-1,-1,-1,-1,1,-1,1,1,-1,-1,-1,1,1,1,1,-1,1,1,1,1,-1,1,-1,-1,1,-1,1,1,1,-1,-1,-1,1,1,1,1,-1,-1,-1,1,1,1,1,-1,-1,-1,1,1,1,-1,-1,-1,1,1,1,1,-1,-1,-1,1,1,1,1,-1,-1,1,1,-1,1,1,-1,-1,1,1,1,1,1,-1,-1,1,1,-1,1,1,-1,-1,1,1,1,1,1,1,-1,-1,1,1,-1,1,1,-1,1,1,1,1,1,1,-1,-1,1,1,1,1,1,-1,1,1,1,1,1,1,-1,-1,-1,1,1,1,1,-1,1,1,1,1,-1,1,-1,1,-1,1,1,1,-1,-1,1,1,1,1,1,-1,1,-1,-1,1,-1,1,-1,1,1,1,1,1,1,1,1,1,-1,1,-1,1,-1,1,1,-1,1,-1,1,1,-1,1,-1,1,-1,1,-1,1,1,-1,-1,-1,1,1,1,1,-1,-1,1,1,-1,-1,1,-1,1,-1,-1,1,-1,1,-1,1,-1,1,-1,1,1,-1,-1,-1,1,1,-1,1,-1,1,1,1,-1,1,1,-1,1,-1,1,-1,1,-1,1,-1,1,1,-1,1,-1,-1,-1,1,1,-1,1,-1,-1,-1,1,1,-1,-1,1,1,-1,-1,1,1,-1,1,1,-1,1,1,1,1,-1,1,-1,1,1,-1,1,-1,1,1,-1,1,1,1,1,1,-1,-1,1,-1,-1,1,1,1,-1,1,1,1,-1,1,-1,-1,1,1,1,-1,1,-1,1,1,1,-1,1,1,-1,1,1,1,-1,1,1,-1,-1,1,1,1,-1,1,-1,1,1,1,-1,1,1,-1,1,1,1,-1,1,-1,-1,1,1,1,-1,1,-1,-1,-1,1,1,-1,1,-1,-1,1,-1,1,-1,1,1,-1,-1,1,1,1,1,1,-1,-1,1,1,-1,1,-1,1,-1,-1,-1,-1,1,1,-1,-1,1,1,-1,1,1,-1,-1,1,1,1,1,1,-1,1,1,1,-1,1,-1,-1,-1,-1,1,1,1,1,-1,-1,1,1,1,1,-1,-1,-1,-1,-1,1,-1,-1,-1,1,-1,1,1,1,1,-1,1,1,-1,1,-1,1,-1,-1,1,-1,1,1,1,1,-1,1,-1,-1,1,1,-1,-1,1,-1,1,1,1,-1,-1,1,-1,-1,1,1,-1,1,1,-1,1,1,-1,-1,1,1,-1,1,-1,-1,-1,1,-1,-1,1,-1,-1,-1,1,-1,-1,1,-1,-1,-1,1,-1,-1,1,-1,-1,-1,1,-1,-1,1,-1,-1,-1,1,1,-1,1,-1,-1,-1,1,1,-1,-1,-1,1,-1,1,-1,-1,1,-1,-1,1,-1,1,-1,-1,1,-1,1,-1,1,1,-1,1,-1,-1,1,1,1,-1,1,-1,1,-1,1,-1,1,-1,-1,-1,1,-1,-1,-1,1,1,-1,1,-1,1,-1,1,-1,1,1,-1,1,1,1,-1,-1,1,-1,1,-1,1,1,-1,1,-1,-1,1,1,-1,-1,1,-1,-1,-1,1,-1,-1,1,-1,1,1,1,1,-1,1,-1,-1,1,1,-1,-1,1,-1,-1,-1,1,1,-1,-1,1,1,-1,-1,-1,-1,1,1,1,1,1,1,-1,-1,1,1,-1,1,-1,-1,1,1,1,1,-1,1,-1,1,-1,1,1,1,1,-1,-1,1,1,1,-1,-1,-1,-1,1,1,1,1,-1,-1,-1,1,1,1,-1,-1,-1,-1,1,1,1,1,-1,-1,-1,1,1,1,1,-1,-1,1,1,1,1,1,-1,-1,-1,1,1,-1,1,-1,-1,-1,1,1,1,1,-1,-1,1,1,1,1,1,-1,1,1,-1,1,1,-1,-1,-1,1,1,1,1,1,-1,1,1,1,1,1,1,-1,-1,1,-1,1,-1,1,-1,-1,1,-1,1,-1,-1,-1,-1,1,-1,1,1,-1,1,-1,1,1,1,-1,1,1,-1,1,-1,1,-1,-1,-1,-1,1,1,-1,-1,-1,-1,-1,1,-1,1,-1,-1,-1,-1,-1,-1,-1,1,-1,-1,-1,1,-1,-1,1,-1,-1,-1,-1,-1,-1,1,-1,-1,-1,-1,-1,1,-1,-1,-1,1,-1,-1,1,-1,1,-1,-1,-1,-1,-1,-1,-1,1,-1,-1,-1,1,1,-1,-1,-1,1,-1,-1,-1,-1,-1,1,-1,-1,1,1,1,-1,-1,-1,-1,1,-1,1,1,-1,1,-1,-1,1,1,-1,-1,-1,-1,-1,-1,1,1,-1,-1,1,-1,1,1,-1,-1,-1,1,-1,-1,1,-1,-1,1,-1,-1,1,1,1,-1,1,-1,1,1,1,-1,-1,1,-1,-1,1,1,1,-1,1,-1,-1,1,1,-1,1,1,-1,-1,1,1,1,1,1,-1,-1,1,1,-1,1,1,-1,-1,1,1,1,1,1,1,-1,-1,1,1,-1,1,-1,-1,1,-1,1,1,1,1,-1,-1,1,-1,1,1,1,-1,1,1,1,1,-1,1,-1,1,1,1,1,1,1,1,-1,1,1,1,1,-1,1,-1,1,1,1,1,1,-1,1,1,1,1,-1,1,1,-1,1,1,-1,1,1,-1,-1,1,1,1,1,-1,1,-1,1,1,1,-1,-1,1,-1,1,1,1,-1,1,-1,-1,-1,1,1,-1,-1,1,-1,-1,1,1,1,-1,1,-1,-1,1,1,1,-1,1,-1,-1,1,1,-1,-1,-1,1,-1,-1,1,-1,1,1,-1,1,1,-1,-1,1,-1,-1,-1,1,1,-1,1,1,-1,1,1,-1,-1,-1,-1,1,-1,-1,-1,-1,1,-1,-1,1,1,-1,1,1,-1,1,1,1,1,-1,1,-1,1,1,1,1,-1,1,-1,-1,1,1,1,-1,1,-1,1,1,1,1,-1,1,-1,1,1,-1,-1,-1,1,-1,-1,1,1,-1,-1,-1,1,-1,1,-1,1,-1,1,-1,-1,1,-2674.0,1,2000,445,1500,False
332,1,1,-1,-1,1,1,-1,-1,1,1,1,-1,-1,1,1,1,-1,1,-1,-1,-1,-1,1,1,1,-1,-1,-1,1,1,1,1,-1,-1,-1,-1,1,1,1,1,-1,-1,-1,1,1,1,1,-1,1,1,1,1,-1,1,-1,-1,1,-1,1,1,1,-1,-1,-1,1,1,1,1,-1,-1,-1,1,1,1,1,-1,-1,-1,1,1,1,-1,-1,-1,1,1,1,1,-1,1,-1,1,1,1,1,-1,-1,1,1,-1,1,1,-1,-1,1,1,1,1,1,-1,-1,1,1,1,1,1,-1,-1,1,1,1,1,1,1,-1,1,1,1,-1,1,1,-1,1,1,1,1,1,1,-1,-1,1,1,1,1,1,-1,1,1,1,1,1,1,-1,-1,-1,1,1,1,1,-1,1,1,1,1,-1,1,-1,1,-1,1,1,1,-1,-1,1,1,1,1,1,-1,1,-1,-1,1,-1,1,-1,1,1,1,1,1,1,1,1,1,-1,1,-1,1,-1,1,1,-1,1,-1,1,1,-1,1,-1,1,-1,1,-1,1,1,-1,-1,-1,1,1,1,1,-1,-1,1,1,-1,-1,1,-1,1,-1,-1,1,-1,1,-1,1,-1,1,-1,1,1,-1,1,-1,1,1,-1,1,-1,1,1,1,-1,1,1,-1,-1,-1,1,-1,1,-1,1,-1,1,1,-1,1,-1,-1,-1,1,1,-1,1,-1,-1,-1,1,1,-1,-1,1,1,-1,-1,1,1,-1,1,1,-1,1,1,1,1,-1,1,-1,1,1,-1,1,-1,1,1,-1,1,1,-1,-1,1,-1,-1,1,-1,-1,-1,1,1,-1,1,1,1,-1,1,-1,-1,1,1,1,-1,1,-1,1,1,1,1,-1,1,-1,1,1,1,-1,1,1,-1,-1,1,1,1,-1,1,-1,1,1,1,-1,1,1,-1,1,1,1,-1,1,-1,-1,1,1,1,1,1,-1,-1,-1,1,1,-1,1,-1,-1,1,-1,1,-1,1,1,-1,-1,1,1,1,1,1,-1,-1,1,1,-1,1,-1,1,-1,-1,-1,-1,1,1,-1,-1,1,1,-1,1,1,-1,-1,1,1,1,1,1,-1,1,1,1,-1,1,-1,-1,-1,-1,1,1,1,1,-1,-1,1,1,1,1,-1,-1,-1,-1,-1,1,-1,-1,-1,1,-1,1,1,1,1,1,1,1,-1,1,-1,1,-1,-1,1,-1,1,1,1,1,-1,1,-1,-1,1,1,-1,-1,1,-1,1,1,1,-1,-1,1,-1,-1,1,1,-1,1,1,-1,1,1,-1,-1,1,1,-1,1,-1,-1,-1,1,-1,-1,1,-1,-1,-1,1,-1,-1,1,-1,-1,-1,1,-1,-1,1,-1,-1,-1,1,-1,-1,1,-1,-1,-1,1,1,-1,1,1,-1,-1,1,1,-1,-1,1,1,-1,1,-1,-1,1,-1,-1,1,-1,1,-1,-1,1,-1,1,-1,1,-1,-1,1,-1,-1,1,1,1,-1,1,-1,1,-1,-1,1,1,-1,-1,-1,1,-1,-1,-1,1,1,-1,1,-1,1,-1,1,-1,1,1,-1,1,1,1,-1,-1,1,-1,1,-1,1,1,-1,1,-1,-1,1,1,-1,-1,1,-1,-1,-1,1,-1,-1,1,-1,1,1,1,1,-1,1,-1,-1,1,1,-1,-1,1,-1,-1,-1,1,1,-1,-1,1,1,-1,-1,-1,-1,1,1,1,-1,1,1,-1,-1,1,1,-1,1,-1,-1,-1,1,1,1,-1,-1,-1,1,-1,1,1,1,-1,-1,-1,1,1,1,-1,-1,-1,1,1,1,1,1,-1,-1,-1,1,1,1,-1,-1,-1,-1,1,1,1,1,-1,-1,-1,1,1,1,1,-1,-1,1,1,1,1,1,-1,-1,-1,1,1,-1,1,-1,-1,-1,1,1,1,1,-1,-1,1,1,1,1,1,-1,1,1,-1,1,1,-1,-1,-1,1,1,1,1,1,-1,1,1,1,1,1,1,-1,-1,1,-1,1,-1,1,-1,-1,1,-1,1,-1,-1,-1,-1,1,-1,1,1,-1,-1,-1,1,1,1,-1,1,-1,-1,1,-1,1,-1,-1,-1,-1,1,1,-1,-1,-1,-1,-1,1,-1,1,-1,-1,-1,-1,-1,-1,-1,1,-1,-1,-1,1,-1,-1,1,-1,-1,-1,-1,-1,1,1,-1,-1,-1,-1,-1,1,-1,-1,-1,1,-1,-1,1,-1,1,-1,-1,-1,-1,-1,-1,-1,1,-1,-1,-1,1,1,1,-1,-1,1,1,-1,-1,-1,-1,1,-1,-1,1,-1,1,-1,-1,-1,-1,1,-1,1,1,-1,1,-1,-1,1,1,-1,-1,-1,-1,-1,-1,1,1,-1,-1,1,-1,1,1,-1,-1,-1,1,-1,1,1,-1,-1,1,-1,-1,1,1,1,-1,1,-1,1,1,1,-1,-1,1,-1,-1,1,-1,1,-1,1,-1,-1,1,1,-1,1,1,-1,-1,1,1,-1,1,1,-1,-1,1,1,-1,1,1,-1,-1,1,1,1,1,1,1,-1,-1,1,1,1,1,-1,-1,1,-1,1,1,1,1,-1,-1,1,-1,1,1,1,-1,1,1,1,1,-1,1,-1,1,1,1,1,1,1,1,-1,1,1,1,1,-1,1,-1,1,1,1,1,1,-1,1,1,1,1,-1,-1,1,-1,1,1,-1,1,1,-1,-1,1,1,1,-1,1,1,-1,1,1,1,-1,-1,1,-1,1,1,1,-1,1,-1,-1,-1,1,1,-1,-1,1,-1,-1,1,1,-1,-1,1,-1,-1,1,1,1,1,-1,-1,-1,1,1,-1,-1,1,1,-1,1,1,-1,1,1,-1,1,1,-1,-1,1,-1,-1,-1,-1,1,-1,1,1,-1,1,1,-1,-1,-1,-1,1,-1,-1,-1,-1,1,-1,-1,1,1,-1,1,1,-1,1,1,1,1,-1,1,-1,1,1,1,1,-1,1,-1,-1,-1,1,1,-1,1,-1,1,1,1,1,-1,1,-1,1,1,1,-1,-1,1,-1,-1,1,1,-1,-1,-1,1,-1,1,-1,1,-1,1,-1,-1,1,-2674.0,1,2000,445,1500,False
333,1,1,-1,-1,1,1,-1,-1,1,1,1,-1,1,1,1,1,-1,1,-1,-1,1,-1,1,1,1,-1,1,-1,1,1,1,1,1,-1,-1,-1,1,-1,1,1,-1,-1,-1,1,1,1,1,-1,1,1,1,1,-1,1,-1,-1,1,-1,1,1,1,-1,-1,-1,1,1,1,1,-1,-1,-1,1,1,1,1,-1,-1,-1,1,1,1,-1,-1,-1,1,1,1,1,-1,-1,-1,1,1,1,1,-1,-1,1,1,-1,1,1,-1,-1,1,1,1,1,1,-1,-1,1,1,1,1,1,-1,-1,1,1,1,1,1,1,-1,1,1,1,-1,1,1,-1,1,1,1,1,1,1,-1,-1,1,1,1,1,1,-1,1,1,1,1,1,1,-1,-1,-1,1,1,1,1,-1,1,1,1,1,-1,1,-1,1,-1,1,1,1,-1,-1,1,1,1,1,1,-1,1,-1,-1,1,-1,1,-1,1,1,1,1,1,1,1,1,1,-1,1,-1,1,-1,1,1,-1,1,-1,1,1,-1,1,-1,1,-1,1,-1,1,1,-1,1,-1,1,1,1,1,-1,-1,1,1,-1,-1,1,-1,1,-1,-1,1,-1,1,-1,1,-1,1,-1,1,1,-1,1,-1,1,1,-1,1,-1,1,1,1,-1,1,1,-1,-1,-1,1,-1,1,-1,1,-1,1,1,-1,1,-1,-1,-1,1,1,-1,1,-1,-1,-1,1,1,-1,-1,1,1,-1,-1,1,1,-1,1,1,-1,1,1,1,1,-1,1,-1,1,1,-1,1,-1,1,1,-1,1,1,1,1,1,-1,-1,1,-1,-1,-1,1,1,-1,1,1,1,-1,1,-1,-1,1,1,1,-1,1,-1,1,1,1,-1,-1,1,-1,1,1,1,-1,1,1,-1,-1,1,1,1,-1,1,-1,1,1,1,-1,1,1,-1,1,1,1,-1,1,-1,-1,1,1,1,-1,1,-1,-1,-1,1,1,-1,1,-1,-1,1,-1,1,-1,1,1,-1,-1,1,1,1,1,1,-1,-1,1,1,-1,1,-1,1,-1,-1,-1,-1,1,1,1,-1,1,1,-1,1,1,-1,-1,1,1,1,1,1,-1,1,1,1,-1,1,-1,-1,-1,-1,1,1,1,1,-1,-1,1,1,1,1,-1,-1,-1,-1,-1,1,-1,-1,-1,1,-1,1,1,1,1,1,1,1,-1,1,-1,1,-1,-1,1,-1,1,1,1,1,-1,1,-1,-1,1,1,-1,-1,1,-1,1,1,1,-1,-1,1,-1,-1,1,1,-1,1,1,-1,1,1,-1,-1,1,1,-1,1,-1,-1,-1,1,-1,-1,1,-1,-1,-1,1,-1,-1,1,-1,-1,-1,1,-1,-1,1,1,-1,-1,1,-1,-1,1,-1,-1,-1,1,1,-1,1,1,-1,-1,1,1,-1,-1,-1,1,-1,1,-1,-1,1,-1,-1,1,-1,1,-1,-1,1,-1,1,-1,1,1,-1,1,-1,-1,1,1,1,-1,1,-1,1,-1,1,1,1,-1,-1,-1,1,-1,-1,-1,1,1,-1,1,-1,1,-1,1,-1,1,1,-1,1,1,1,-1,-1,1,-1,1,-1,1,1,-1,1,-1,-1,1,1,-1,-1,1,-1,-1,-1,1,-1,-1,1,-1,1,1,1,1,-1,1,-1,-1,1,1,-1,-1,1,-1,-1,-1,1,1,-1,-1,1,1,-1,-1,-1,-1,1,1,1,-1,1,1,-1,-1,1,1,-1,1,-1,-1,-1,1,1,1,-1,-1,-1,1,-1,1,1,1,1,-1,-1,1,1,1,-1,-1,-1,1,1,1,1,1,-1,-1,-1,1,1,1,-1,-1,-1,-1,1,1,1,1,-1,-1,1,1,1,1,1,-1,-1,-1,1,1,1,1,-1,-1,-1,1,1,-1,1,-1,-1,-1,1,1,1,1,-1,-1,1,1,1,1,1,-1,1,1,-1,1,1,-1,-1,-1,1,1,1,1,1,-1,1,1,1,1,1,1,-1,-1,1,-1,1,-1,1,-1,-1,1,-1,1,1,-1,-1,-1,1,-1,1,1,-1,1,-1,1,1,1,-1,1,1,-1,1,-1,1,-1,-1,-1,-1,1,1,-1,-1,-1,-1,-1,1,-1,1,-1,-1,-1,-1,-1,-1,-1,1,-1,-1,-1,1,-1,-1,1,-1,-1,-1,-1,-1,-1,1,-1,-1,-1,-1,-1,1,-1,-1,-1,1,-1,-1,1,-1,1,-1,-1,-1,-1,-1,-1,-1,1,-1,-1,-1,1,1,-1,-1,-1,1,-1,-1,-1,-1,-1,1,-1,-1,1,-1,1,-1,-1,-1,-1,1,-1,1,1,-1,1,-1,-1,1,1,-1,-1,-1,-1,-1,-1,1,1,-1,-1,1,-1,1,1,-1,-1,-1,1,-1,1,1,-1,-1,1,-1,-1,1,1,1,-1,1,-1,1,1,1,-1,-1,1,-1,-1,1,1,1,-1,1,-1,-1,1,1,-1,1,1,-1,-1,1,1,1,1,1,-1,-1,1,1,1,1,1,-1,-1,1,1,1,1,1,1,-1,-1,1,1,-1,1,-1,-1,1,-1,1,1,1,1,-1,-1,1,-1,1,1,1,-1,1,1,1,1,-1,1,-1,1,1,1,1,1,1,1,-1,1,1,1,1,-1,1,-1,1,1,1,1,1,-1,1,1,1,1,-1,1,1,-1,1,1,-1,1,1,-1,-1,1,1,1,1,-1,1,-1,1,1,1,-1,-1,1,-1,1,1,1,-1,1,-1,-1,-1,1,1,-1,-1,1,-1,-1,1,1,-1,-1,1,-1,-1,-1,1,1,-1,1,-1,-1,1,1,-1,-1,-1,1,-1,-1,1,-1,1,1,-1,1,1,-1,-1,1,-1,-1,-1,1,1,-1,1,1,-1,1,1,-1,-1,-1,-1,1,-1,-1,-1,-1,1,-1,-1,1,1,-1,1,1,-1,1,1,1,1,-1,1,-1,1,1,1,1,-1,1,-1,-1,1,1,1,-1,1,-1,1,1,1,1,-1,1,-1,1,1,-1,-1,-1,1,-1,-1,1,1,-1,-1,-1,1,-1,1,-1,1,-1,1,-1,-1,1,-2674.0,1,2000,445,1500,False
334,-1,-1,1,1,1,1,-1,1,-1,-1,-1,1,-1,1,-1,-1,1,-1,1,1,-1,1,-1,-1,-1,1,-1,-1,1,-1,-1,-1,1,1,-1,1,1,-1,-1,-1,1,-1,1,-1,-1,-1,-1,-1,1,-1,-1,-1,1,-1,1,-1,-1,1,-1,-1,-1,1,1,1,-1,-1,-1,-1,-1,-1,1,-1,-1,-1,-1,-1,-1,1,-1,-1,-1,1,1,-1,-1,-1,-1,-1,-1,1,1,-1,-1,-1,-1,-1,-1,-1,-1,1,-1,-1,-1,-1,-1,-1,-1,-1,-1,-1,-1,1,-1,-1,-1,-1,-1,-1,1,-1,-1,-1,-1,-1,-1,1,-1,-1,1,-1,-1,-1,-1,-1,-1,1,-1,-1,-1,-1,-1,-1,1,-1,-1,-1,1,-1,-1,-1,-1,-1,-1,-1,1,-1,1,1,-1,-1,-1,1,-1,-1,-1,-1,1,-1,1,-1,-1,-1,-1,-1,-1,-1,-1,1,-1,-1,-1,1,1,-1,-1,-1,-1,-1,-1,-1,-1,1,-1,-1,-1,-1,1,-1,1,-1,-1,1,-1,1,-1,1,-1,-1,-1,-1,1,-1,1,-1,-1,-1,-1,1,-1,1,-1,1,-1,-1,1,1,-1,1,-1,-1,-1,1,1,1,-1,1,-1,-1,1,-1,1,-1,1,1,-1,1,1,1,-1,-1,1,-1,1,-1,-1,1,1,-1,-1,1,-1,1,-1,1,-1,-1,1,1,-1,-1,1,-1,1,1,1,-1,-1,1,-1,1,1,1,1,-1,1,-1,-1,1,1,1,-1,1,1,-1,1,1,-1,-1,-1,1,1,1,1,-1,-1,1,1,-1,1,-1,1,-1,-1,1,1,1,1,1,-1,1,1,1,1,-1,1,-1,1,-1,1,1,1,1,-1,1,-1,1,1,1,-1,-1,1,1,-1,1,1,-1,1,-1,-1,1,1,1,-1,1,-1,1,-1,1,1,1,1,1,-1,1,1,1,1,1,1,-1,1,-1,1,-1,1,1,-1,1,-1,1,1,-1,1,-1,1,-1,1,1,1,1,-1,1,1,-1,1,-1,1,-1,-1,1,-1,1,-1,1,-1,1,-1,-1,1,1,-1,-1,1,1,-1,1,-1,1,-1,1,-1,1,1,-1,1,1,1,1,-1,1,-1,1,-1,1,-1,-1,1,-1,1,1,-1,1,-1,1,1,-1,1,-1,-1,-1,1,1,-1,1,-1,1,-1,-1,1,-1,1,-1,-1,-1,-1,1,-1,1,-1,1,-1,-1,1,-1,1,-1,-1,-1,-1,1,-1,-1,1,1,-1,-1,1,-1,1,1,-1,1,-1,1,-1,1,-1,1,-1,-1,-1,1,-1,-1,-1,1,-1,1,-1,1,-1,1,-1,-1,-1,1,1,-1,1,-1,-1,-1,-1,1,-1,-1,-1,-1,-1,1,-1,1,1,-1,1,-1,-1,1,-1,-1,1,-1,-1,-1,-1,-1,1,-1,1,-1,-1,-1,-1,1,-1,1,-1,-1,1,-1,1,1,1,-1,-1,-1,1,1,-1,1,-1,1,-1,1,1,1,-1,1,1,-1,1,1,1,1,1,1,1,-1,1,1,-1,1,-1,1,-1,-1,1,-1,-1,1,-1,-1,1,-1,-1,-1,1,1,-1,1,1,-1,-1,1,1,-1,-1,1,-1,-1,-1,-1,-1,1,1,-1,-1,-1,-1,-1,1,1,-1,-1,1,1,1,-1,1,-1,1,-1,1,-1,1,1,-1,1,-1,1,-1,-1,1,1,-1,1,1,1,1,1,1,-1,-1,1,-1,1,1,1,-1,-1,1,-1,1,1,-1,-1,1,1,-1,1,1,-1,-1,1,-1,1,1,1,1,-1,1,1,-1,1,1,1,-1,1,1,1,1,1,1,-1,-1,1,1,1,1,1,-1,1,1,-1,1,1,1,-1,-1,1,1,1,-1,1,-1,-1,1,1,1,1,1,-1,-1,-1,1,1,1,1,-1,-1,1,1,1,1,-1,1,-1,1,-1,1,-1,-1,1,-1,1,-1,1,1,-1,-1,1,-1,1,1,-1,-1,-1,-1,1,-1,1,1,-1,1,-1,1,-1,1,-1,1,-1,-1,1,-1,1,1,-1,1,-1,1,-1,1,1,-1,-1,-1,1,-1,1,1,-1,1,1,1,1,1,-1,1,1,-1,1,1,1,1,-1,1,-1,1,-1,1,1,-1,1,1,-1,1,1,1,-1,1,1,-1,1,1,1,1,1,-1,-1,1,1,1,1,1,-1,1,-1,1,1,1,1,-1,-1,1,1,1,1,1,1,-1,1,1,1,1,1,-1,1,1,1,1,1,1,1,-1,1,1,1,1,1,-1,1,1,1,1,1,1,-1,1,1,1,1,1,1,1,-1,1,1,1,1,1,-1,-1,1,-1,1,1,1,-1,1,1,1,1,1,-1,-1,1,1,1,1,1,1,-1,1,1,-1,1,1,-1,1,1,1,1,1,1,-1,-1,1,1,1,1,-1,1,-1,1,1,1,1,-1,-1,-1,1,1,1,1,-1,1,-1,1,1,1,1,1,-1,-1,1,1,-1,1,1,-1,-1,1,1,-1,1,-1,-1,-1,1,-1,1,1,1,-1,1,1,1,-1,1,1,-1,-1,1,1,-1,1,1,-1,1,1,1,-1,1,1,-1,1,-1,1,1,1,1,-1,1,-1,1,1,1,-1,-1,1,-1,1,1,1,1,1,1,-1,1,1,-1,1,1,-1,-1,1,-1,1,-1,1,1,-1,1,-1,1,1,-1,1,-1,1,-1,1,1,1,-1,-1,-1,1,1,1,-1,1,-1,1,-1,1,-1,1,1,-1,1,-1,1,1,1,-1,-1,-1,1,1,1,1,-1,1,1,1,1,1,-1,1,-1,1,1,1,1,-1,1,-1,-1,-1,1,1,-1,1,1,1,-1,-1,1,1,-1,-1,-1,1,1,1,-1,1,1,1,1,-1,1,-1,-1,1,1,1,1,1,-1,-1,1,1,1,1,1,1,-1,1,1,1,1,1,1,-1,1,1,1,1,1,-1,-1,1,1,1,1,1,1,-1,1,1,1,1,1,-1,1,-1,1,1,-1,1,1,-1,1,1,-2674.0,1,2000,445,500,True
335,1,1,-1,-1,1,1,-1,-1,1,1,1,-1,1,1,1,1,-1,1,1,-1,-1,-1,1,1,1,1,-1,-1,1,1,1,1,-1,-1,-1,-1,1,1,1,1,-1,-1,-1,1,1,1,1,-1,1,1,1,1,-1,1,-1,-1,1,-1,1,1,1,-1,-1,-1,1,1,1,1,-1,-1,-1,1,1,1,1,-1,-1,-1,1,1,1,-1,-1,-1,1,1,1,1,-1,-1,1,1,1,1,1,-1,-1,-1,1,-1,1,1,-1,-1,1,1,1,1,1,-1,-1,-1,1,1,1,1,-1,-1,1,1,1,1,1,1,-1,-1,1,1,-1,1,1,-1,1,1,1,1,1,1,-1,1,1,1,1,1,1,-1,1,1,1,1,1,1,-1,-1,-1,1,1,1,1,-1,1,1,1,1,-1,1,-1,1,-1,1,1,1,-1,-1,1,1,1,1,1,-1,1,-1,-1,1,-1,1,-1,1,1,1,1,1,1,1,1,1,-1,1,-1,1,-1,1,1,-1,1,-1,1,1,-1,1,-1,1,-1,1,-1,1,1,-1,1,-1,1,1,1,1,-1,-1,1,1,-1,-1,1,-1,1,-1,1,1,-1,1,-1,1,-1,1,-1,-1,1,-1,-1,-1,1,1,-1,1,-1,1,1,1,-1,1,1,-1,-1,-1,1,-1,1,-1,1,-1,1,1,-1,1,-1,-1,-1,1,1,-1,1,-1,-1,-1,1,1,-1,-1,1,1,-1,-1,1,1,-1,1,1,-1,1,1,1,1,-1,1,-1,1,1,-1,1,-1,1,1,1,1,1,1,1,1,-1,-1,1,-1,-1,-1,1,1,-1,1,1,1,-1,1,1,1,1,1,1,1,1,-1,1,1,1,-1,1,1,-1,1,1,1,-1,1,1,-1,-1,1,1,1,-1,1,-1,1,1,1,-1,1,1,-1,1,1,1,-1,1,1,-1,1,1,1,-1,1,1,1,-1,1,1,-1,1,1,-1,1,-1,1,-1,1,1,1,-1,1,1,1,-1,1,1,-1,1,1,-1,1,1,1,-1,-1,-1,-1,1,1,1,-1,1,1,-1,1,1,-1,-1,1,1,1,1,1,-1,1,1,1,-1,1,1,1,-1,-1,1,1,-1,-1,1,-1,1,-1,1,-1,1,1,-1,1,-1,1,-1,-1,1,1,-1,1,1,-1,1,1,1,1,-1,1,-1,-1,1,-1,1,-1,1,-1,1,1,1,1,-1,-1,1,-1,1,1,1,-1,1,1,1,-1,1,1,-1,1,-1,-1,1,1,1,1,-1,-1,1,1,1,1,-1,1,-1,-1,1,1,-1,1,1,-1,-1,1,1,-1,-1,1,-1,1,1,1,-1,1,-1,-1,-1,1,1,-1,-1,1,-1,1,1,1,1,-1,1,-1,-1,-1,1,1,-1,-1,-1,1,-1,1,-1,-1,1,-1,-1,1,-1,1,-1,-1,1,-1,1,-1,1,-1,-1,1,-1,-1,1,1,1,-1,1,-1,1,-1,-1,-1,1,-1,-1,-1,1,-1,-1,-1,1,1,-1,1,-1,1,1,1,-1,1,1,-1,1,-1,1,-1,-1,1,-1,-1,1,1,1,-1,1,-1,-1,1,1,-1,-1,1,-1,-1,1,1,-1,-1,1,-1,-1,-1,1,1,-1,1,-1,-1,-1,1,-1,-1,1,-1,1,-1,1,1,-1,-1,1,-1,-1,-1,-1,-1,1,1,1,-1,1,1,-1,-1,1,-1,-1,-1,-1,-1,1,1,-1,-1,-1,-1,-1,1,1,-1,1,1,-1,-1,-1,1,1,-1,-1,-1,-1,1,1,-1,-1,1,-1,-1,-1,1,1,-1,-1,-1,-1,-1,1,-1,-1,1,-1,-1,1,1,1,-1,1,-1,-1,-1,1,1,-1,-1,-1,-1,-1,1,1,1,-1,-1,-1,-1,1,1,-1,-1,-1,-1,1,1,1,1,-1,-1,1,1,1,1,1,-1,-1,-1,1,1,1,1,1,-1,1,1,1,1,-1,1,-1,-1,1,-1,1,-1,1,-1,-1,1,-1,1,-1,-1,-1,-1,1,-1,1,-1,1,-1,-1,1,-1,1,-1,1,-1,-1,1,-1,1,-1,-1,-1,-1,1,1,-1,-1,-1,-1,-1,1,-1,1,-1,-1,-1,-1,-1,-1,-1,1,-1,-1,-1,1,-1,-1,1,-1,-1,-1,-1,-1,1,1,-1,-1,-1,-1,-1,1,-1,-1,-1,1,-1,-1,1,-1,1,-1,-1,-1,-1,-1,-1,-1,1,-1,-1,-1,1,1,-1,-1,-1,-1,1,-1,-1,-1,-1,1,-1,-1,1,1,1,-1,-1,-1,-1,1,1,1,1,-1,1,-1,-1,-1,1,-1,-1,-1,-1,-1,-1,1,1,-1,-1,1,-1,1,1,-1,-1,-1,1,-1,1,1,-1,-1,1,-1,-1,1,1,1,-1,1,-1,1,1,1,-1,-1,1,-1,-1,1,1,1,-1,1,-1,-1,1,1,-1,1,1,-1,-1,1,1,-1,1,1,-1,-1,1,1,-1,1,1,-1,-1,1,1,1,1,-1,1,-1,1,1,-1,1,1,-1,-1,1,-1,1,1,1,1,-1,-1,1,-1,1,1,1,-1,1,1,1,1,-1,1,-1,1,1,1,1,1,1,1,-1,1,1,1,1,-1,1,-1,1,1,1,1,1,-1,1,1,1,1,-1,1,1,-1,1,1,-1,1,1,-1,-1,1,1,1,1,-1,1,-1,1,1,1,-1,-1,1,-1,1,1,1,-1,1,-1,-1,-1,1,1,-1,-1,1,-1,-1,1,1,-1,-1,1,-1,1,1,1,1,1,-1,-1,-1,1,1,-1,-1,-1,1,1,1,1,-1,1,1,-1,1,1,-1,-1,1,1,-1,-1,1,1,-1,1,1,1,1,1,-1,-1,-1,-1,-1,-1,-1,-1,-1,-1,1,1,1,1,-1,1,1,-1,1,1,1,1,-1,1,-1,1,1,1,-1,-1,1,-1,1,1,1,-1,-1,1,-1,1,1,1,-1,-1,1,-1,1,1,1,1,-1,1,-1,1,1,1,1,-1,-1,1,-1,1,-1,1,-1,1,-1,1,1,-2672.0,1,2000,445,500,False
336,1,1,-1,-1,1,1,-1,-1,1,1,1,-1,1,1,1,1,-1,1,-1,-1,1,-1,1,1,1,-1,1,-1,1,1,1,1,-1,-1,-1,-1,1,-1,1,1,-1,-1,-1,1,1,1,1,-1,1,1,1,1,-1,1,-1,-1,1,-1,1,1,1,-1,-1,-1,1,1,1,1,-1,-1,-1,1,1,1,1,-1,-1,-1,1,1,1,-1,-1,-1,1,1,1,1,-1,-1,-1,1,1,1,1,-1,-1,1,1,-1,1,1,-1,-1,1,1,1,1,1,-1,-1,1,1,1,1,1,-1,-1,1,1,1,1,1,1,-1,-1,1,1,-1,1,1,-1,1,1,1,1,1,1,-1,-1,1,1,1,1,1,-1,1,1,1,1,1,1,-1,-1,-1,1,1,1,1,-1,1,1,1,1,-1,1,-1,1,-1,1,1,1,-1,-1,1,1,1,1,1,-1,1,-1,-1,1,-1,1,-1,1,1,1,1,1,1,1,1,1,1,1,-1,1,-1,1,1,-1,1,-1,1,1,-1,1,-1,1,-1,1,-1,1,1,-1,1,-1,1,1,1,1,-1,-1,1,1,-1,-1,1,-1,1,-1,-1,1,-1,1,-1,1,-1,1,-1,1,1,-1,-1,-1,1,1,-1,1,-1,1,1,1,-1,1,1,-1,1,-1,1,-1,1,-1,1,-1,1,1,-1,1,-1,-1,-1,1,1,-1,1,-1,-1,-1,1,1,-1,-1,1,1,-1,-1,1,1,-1,1,1,-1,1,1,1,1,-1,1,-1,1,1,-1,1,-1,1,-1,1,1,1,1,1,1,-1,-1,1,-1,-1,-1,1,1,-1,1,1,1,-1,1,1,1,1,1,1,-1,1,-1,1,1,1,-1,1,1,-1,1,1,1,-1,1,1,-1,-1,1,1,1,-1,1,-1,1,1,1,-1,1,1,-1,1,1,1,-1,1,1,-1,1,1,1,-1,1,1,1,-1,1,1,-1,1,1,-1,1,-1,1,-1,1,1,1,-1,1,1,1,-1,1,1,-1,1,1,-1,1,1,1,-1,-1,-1,-1,1,1,1,-1,1,1,-1,1,1,-1,-1,1,1,1,1,1,-1,1,1,1,-1,1,1,1,-1,-1,1,1,1,-1,1,-1,1,1,1,1,1,1,-1,-1,-1,1,-1,-1,1,-1,1,-1,1,1,1,1,1,1,-1,1,-1,-1,1,-1,1,-1,1,1,1,1,1,1,-1,-1,1,-1,1,1,-1,-1,1,1,1,-1,1,1,-1,-1,1,-1,1,1,-1,-1,1,1,1,1,-1,1,-1,1,-1,-1,1,-1,-1,-1,1,-1,1,1,-1,-1,-1,1,-1,1,1,1,-1,-1,1,-1,-1,1,-1,-1,-1,1,-1,1,1,-1,1,-1,1,-1,-1,1,-1,-1,-1,-1,-1,-1,1,-1,-1,-1,1,-1,-1,1,-1,-1,-1,-1,1,-1,1,-1,-1,1,-1,1,-1,-1,1,1,1,-1,1,-1,1,-1,1,-1,1,-1,-1,-1,1,-1,-1,1,1,1,-1,1,-1,1,1,1,-1,1,1,-1,1,-1,1,-1,-1,1,-1,-1,1,1,1,-1,1,-1,-1,1,1,-1,-1,1,-1,-1,1,1,-1,-1,1,-1,-1,-1,1,1,-1,1,1,-1,-1,1,-1,-1,1,-1,1,-1,1,1,-1,-1,1,-1,-1,-1,-1,-1,1,1,1,-1,-1,1,-1,-1,1,-1,-1,1,-1,-1,1,1,-1,-1,1,-1,-1,1,1,-1,1,-1,-1,-1,-1,1,1,-1,-1,-1,-1,-1,1,-1,-1,1,-1,-1,-1,1,1,-1,-1,-1,-1,-1,1,-1,-1,-1,-1,-1,1,1,1,-1,-1,-1,-1,-1,1,1,-1,-1,-1,-1,-1,1,1,1,-1,-1,-1,-1,1,1,-1,-1,-1,-1,1,1,1,1,1,-1,1,1,1,1,1,1,-1,-1,1,1,1,1,-1,-1,1,1,1,1,-1,1,-1,-1,1,-1,1,-1,1,-1,-1,1,-1,1,1,1,-1,-1,1,-1,1,-1,1,1,-1,1,-1,1,1,1,1,-1,1,-1,1,1,1,-1,-1,1,1,-1,1,1,-1,-1,1,-1,1,-1,1,-1,-1,-1,-1,-1,1,1,-1,-1,1,-1,-1,1,1,-1,-1,-1,-1,1,-1,1,-1,-1,-1,-1,1,-1,-1,-1,1,-1,-1,1,-1,1,-1,-1,-1,-1,-1,-1,1,1,-1,-1,-1,1,1,1,-1,-1,1,1,-1,-1,1,-1,1,-1,-1,1,1,1,-1,-1,-1,-1,1,-1,1,1,-1,1,-1,-1,1,1,-1,-1,-1,-1,-1,-1,1,1,-1,-1,1,-1,1,1,-1,-1,-1,1,-1,1,1,-1,-1,1,-1,-1,1,1,1,-1,1,-1,1,1,1,-1,-1,1,-1,-1,1,1,1,-1,1,-1,-1,1,1,-1,1,1,-1,-1,1,1,-1,1,1,-1,-1,1,1,-1,1,1,-1,-1,1,1,1,1,1,1,-1,-1,1,1,-1,1,-1,-1,1,-1,1,1,1,1,-1,-1,1,-1,1,1,1,-1,1,1,1,1,-1,1,-1,1,1,1,1,1,1,1,-1,1,1,1,1,-1,1,-1,1,1,1,1,1,-1,1,1,1,1,-1,1,1,-1,1,1,-1,1,1,-1,-1,1,1,1,1,-1,1,-1,1,1,1,-1,-1,1,-1,1,1,1,-1,1,-1,-1,-1,1,1,-1,-1,1,-1,-1,1,1,1,-1,1,-1,-1,-1,1,1,-1,1,-1,-1,1,1,-1,-1,-1,1,-1,-1,1,-1,1,1,-1,1,1,-1,-1,1,1,-1,-1,1,1,-1,1,1,-1,1,1,-1,-1,-1,-1,1,-1,-1,-1,-1,1,-1,-1,1,1,-1,1,1,-1,1,1,1,1,-1,1,-1,1,1,1,1,-1,1,-1,-1,1,1,1,-1,1,-1,1,1,1,1,-1,1,-1,1,1,-1,-1,-1,1,-1,-1,1,1,-1,-1,-1,1,-1,1,-1,1,-1,1,-1,-1,1,-2672.0,1,2000,445,1000,False
337,1,1,-1,-1,1,1,-1,-1,1,1,1,-1,1,1,1,1,-1,1,-1,-1,-1,-1,1,1,1,-1,-1,-1,1,1,1,1,1,-1,-1,-1,1,1,1,1,-1,-1,-1,1,1,1,1,-1,1,1,1,1,-1,1,-1,-1,1,-1,1,1,1,-1,-1,-1,1,1,1,1,-1,-1,-1,1,1,1,1,-1,-1,-1,1,1,1,-1,-1,-1,1,1,1,1,-1,-1,1,1,1,1,1,-1,-1,-1,1,-1,1,1,-1,-1,1,1,1,1,1,-1,-1,-1,1,1,1,1,-1,-1,1,1,1,1,1,1,-1,-1,1,1,-1,1,1,-1,1,1,1,1,1,1,-1,1,1,1,1,1,1,-1,1,1,1,1,1,1,-1,-1,-1,1,1,1,1,-1,1,1,1,1,-1,1,-1,1,-1,1,1,1,-1,-1,1,1,1,1,1,-1,1,-1,-1,1,-1,1,-1,1,1,1,1,1,1,1,1,1,-1,1,-1,1,-1,1,1,-1,1,-1,1,1,-1,1,-1,1,-1,1,-1,1,1,-1,1,-1,1,1,1,1,-1,-1,1,1,-1,-1,1,-1,1,-1,1,1,-1,1,-1,1,-1,1,-1,1,1,-1,1,-1,1,1,-1,1,-1,1,1,1,-1,1,1,-1,-1,-1,1,-1,1,-1,1,-1,1,1,-1,1,-1,-1,-1,1,1,-1,1,-1,-1,-1,1,1,-1,-1,1,1,-1,-1,1,1,-1,1,1,-1,1,1,1,1,-1,1,-1,1,1,-1,1,-1,1,1,1,1,1,1,1,1,-1,-1,1,-1,-1,-1,1,1,-1,1,1,1,-1,1,1,1,1,1,1,-1,1,-1,1,1,1,-1,1,1,-1,1,1,1,-1,1,1,-1,-1,1,1,1,-1,1,-1,1,1,1,-1,1,1,-1,1,1,1,-1,1,1,-1,1,1,1,-1,1,1,-1,-1,1,1,-1,1,1,-1,1,-1,1,-1,1,1,1,-1,1,1,1,1,1,1,-1,1,1,-1,1,-1,1,-1,-1,-1,-1,1,1,1,-1,1,1,-1,1,1,-1,-1,1,1,1,1,1,-1,1,1,1,-1,1,1,1,1,-1,1,1,1,-1,1,-1,1,1,1,1,1,1,-1,-1,-1,1,-1,-1,1,-1,1,-1,1,1,1,1,1,1,-1,1,-1,-1,1,-1,1,-1,1,1,1,1,1,1,-1,-1,1,-1,1,1,-1,-1,1,1,1,-1,1,1,-1,-1,1,-1,1,1,-1,-1,1,1,1,1,-1,1,-1,1,-1,-1,1,-1,-1,-1,1,-1,1,1,-1,-1,-1,1,-1,1,1,1,-1,-1,1,1,-1,1,-1,-1,-1,1,-1,1,1,-1,1,-1,1,-1,-1,1,-1,-1,-1,-1,-1,-1,1,-1,-1,-1,1,-1,-1,1,-1,-1,-1,-1,1,-1,1,-1,-1,-1,-1,1,-1,-1,1,1,1,-1,1,-1,1,1,1,1,1,-1,-1,-1,1,-1,-1,-1,1,1,-1,1,-1,1,1,1,-1,1,1,-1,1,-1,1,-1,-1,1,-1,-1,1,1,1,-1,1,-1,-1,1,1,-1,-1,1,-1,-1,1,1,-1,-1,1,-1,-1,-1,1,1,-1,1,1,-1,-1,1,-1,-1,1,-1,1,-1,1,1,-1,-1,1,-1,-1,-1,-1,-1,1,1,1,-1,-1,1,-1,-1,1,-1,-1,1,-1,-1,-1,1,-1,-1,1,-1,-1,1,1,-1,1,-1,-1,-1,-1,1,1,-1,-1,-1,-1,1,1,-1,-1,1,-1,-1,-1,1,1,-1,-1,-1,-1,-1,1,-1,-1,-1,-1,-1,1,1,1,-1,-1,-1,-1,-1,1,1,-1,-1,-1,-1,-1,1,1,1,-1,-1,-1,-1,1,1,-1,-1,-1,-1,1,1,1,1,1,-1,1,1,1,1,1,1,-1,-1,1,1,1,1,-1,-1,1,1,1,1,-1,1,-1,-1,1,-1,1,-1,1,-1,-1,1,-1,1,1,1,-1,-1,1,-1,1,-1,1,-1,-1,1,-1,1,1,1,-1,-1,1,-1,1,1,1,-1,-1,1,1,-1,1,1,-1,-1,1,-1,1,-1,1,-1,-1,-1,-1,-1,1,1,-1,-1,1,-1,-1,1,1,-1,-1,-1,-1,-1,-1,1,-1,-1,-1,-1,1,-1,-1,-1,1,-1,-1,1,-1,1,-1,-1,-1,-1,-1,-1,1,1,-1,-1,-1,1,1,1,-1,-1,-1,1,-1,-1,1,-1,1,-1,-1,1,1,1,-1,-1,-1,-1,1,-1,1,1,-1,1,-1,-1,1,1,-1,-1,-1,-1,-1,-1,1,1,-1,-1,1,-1,1,1,-1,-1,-1,1,-1,1,1,-1,-1,1,-1,-1,1,1,1,-1,1,-1,1,1,1,-1,-1,1,-1,-1,1,1,1,-1,1,-1,-1,1,1,-1,1,1,-1,-1,1,1,-1,1,1,-1,-1,1,1,1,1,1,-1,-1,1,1,1,1,1,1,-1,-1,1,1,-1,1,-1,-1,1,-1,1,1,1,1,-1,-1,1,-1,1,1,1,-1,1,1,1,1,-1,1,-1,1,1,1,1,1,1,1,-1,1,1,1,1,-1,1,-1,1,1,1,1,1,-1,1,1,1,1,-1,1,1,-1,1,1,-1,1,1,-1,-1,1,1,1,1,-1,1,-1,1,1,1,-1,-1,1,-1,1,1,1,-1,1,-1,-1,-1,1,1,-1,-1,1,-1,-1,1,1,1,-1,1,-1,-1,1,1,1,-1,1,-1,-1,1,1,-1,-1,-1,1,-1,1,1,-1,1,1,-1,1,1,-1,-1,1,-1,-1,-1,1,1,-1,1,1,-1,1,1,-1,-1,-1,-1,1,-1,-1,-1,-1,1,-1,-1,1,1,-1,1,1,-1,1,1,1,1,-1,1,-1,1,1,1,-1,-1,1,-1,-1,1,1,-1,-1,1,-1,1,1,1,-1,-1,1,-1,1,1,1,1,-1,1,-1,-1,1,1,1,-1,-1,1,-1,1,-1,1,-1,1,-1,-1,1,-2672.0,1,2000,445,0,False
338,1,1,-1,-1,1,-1,-1,-1,1,1,1,-1,1,1,1,1,-1,1,-1,-1,-1,-1,1,1,1,1,-1,-1,1,1,1,1,-1,-1,-1,-1,1,-1,1,1,-1,-1,-1,1,1,1,1,-1,1,1,1,1,-1,1,-1,-1,1,-1,1,1,1,-1,-1,-1,1,1,1,1,-1,-1,-1,1,1,1,1,-1,-1,-1,1,1,1,-1,-1,-1,1,1,1,1,-1,-1,1,1,1,1,1,-1,-1,-1,1,-1,1,1,-1,-1,1,1,1,1,1,-1,-1,-1,1,1,1,1,-1,-1,1,1,1,1,1,1,-1,-1,1,1,-1,1,1,-1,1,1,1,1,1,1,-1,1,1,1,1,1,1,-1,1,1,1,1,1,1,-1,-1,-1,1,1,1,1,-1,1,1,1,1,-1,1,-1,1,-1,1,1,1,-1,-1,1,1,1,1,1,-1,1,-1,-1,1,-1,1,-1,1,1,1,1,1,1,1,1,1,-1,1,-1,1,-1,1,1,-1,1,-1,1,1,-1,1,-1,1,-1,1,-1,1,1,-1,-1,-1,1,1,1,1,-1,-1,1,1,-1,-1,1,-1,1,-1,1,1,-1,1,-1,1,-1,1,-1,1,1,-1,-1,-1,1,1,-1,1,-1,1,1,1,-1,1,1,-1,-1,-1,1,-1,1,-1,1,-1,1,1,-1,1,-1,-1,-1,1,1,-1,1,-1,-1,-1,1,1,-1,-1,1,1,-1,-1,1,1,-1,1,1,-1,1,1,1,-1,-1,1,-1,1,1,-1,1,-1,1,-1,1,1,1,-1,-1,1,-1,-1,1,-1,1,-1,1,1,-1,1,1,1,-1,1,1,1,1,1,-1,-1,1,-1,1,1,1,1,-1,1,-1,1,1,1,-1,1,1,-1,-1,1,1,-1,1,1,-1,1,1,1,1,1,1,-1,1,1,1,1,1,1,-1,1,1,1,1,1,1,-1,-1,1,1,1,1,1,-1,1,-1,1,-1,1,1,1,-1,1,1,1,1,1,1,-1,1,1,1,1,-1,1,-1,-1,-1,-1,1,1,1,-1,1,1,-1,1,1,-1,-1,1,1,1,1,1,-1,1,1,1,-1,1,1,1,-1,-1,1,1,1,-1,1,-1,1,-1,1,1,1,1,-1,-1,-1,1,-1,-1,1,1,-1,1,-1,1,1,1,1,1,-1,1,-1,-1,1,-1,1,-1,1,1,1,1,1,1,-1,-1,1,-1,1,1,1,-1,1,1,1,-1,1,1,-1,1,1,-1,1,1,1,-1,1,1,1,1,1,1,-1,1,-1,-1,1,1,-1,1,1,-1,1,1,1,-1,-1,1,-1,1,1,1,-1,-1,1,-1,-1,1,1,-1,-1,1,-1,1,1,1,1,-1,-1,1,-1,1,1,1,-1,-1,1,-1,1,1,-1,-1,-1,1,-1,1,-1,1,-1,-1,1,-1,1,-1,1,-1,-1,1,-1,-1,1,1,1,-1,1,-1,1,-1,-1,1,1,-1,-1,-1,1,-1,-1,1,1,1,-1,1,-1,1,1,1,-1,1,1,-1,1,-1,1,-1,-1,1,-1,-1,1,1,1,-1,1,-1,-1,1,1,-1,-1,1,-1,-1,1,1,-1,-1,1,-1,-1,-1,1,1,-1,1,1,-1,-1,1,-1,-1,1,-1,1,-1,1,1,-1,-1,1,-1,-1,-1,-1,-1,1,1,1,-1,-1,1,-1,-1,1,-1,-1,1,-1,-1,1,1,-1,-1,1,-1,-1,1,1,-1,1,-1,-1,-1,-1,1,1,-1,-1,-1,-1,1,1,-1,-1,1,-1,-1,-1,1,1,-1,-1,-1,-1,-1,1,-1,-1,-1,-1,-1,-1,1,1,-1,-1,-1,-1,1,1,1,-1,-1,-1,-1,-1,1,1,1,-1,-1,-1,-1,1,1,-1,-1,-1,-1,1,1,1,1,-1,-1,1,1,1,1,1,-1,-1,-1,1,1,1,-1,1,-1,1,1,1,1,-1,1,-1,-1,1,-1,1,-1,1,-1,-1,1,-1,1,-1,-1,-1,-1,1,-1,1,-1,1,1,-1,1,-1,1,-1,1,1,-1,1,-1,1,-1,-1,-1,-1,1,1,-1,-1,-1,-1,-1,1,-1,1,-1,-1,-1,-1,-1,-1,-1,1,-1,-1,-1,1,-1,-1,1,-1,-1,-1,-1,-1,-1,1,-1,-1,-1,-1,-1,1,-1,-1,-1,1,-1,-1,1,-1,1,-1,-1,-1,-1,-1,-1,-1,1,-1,-1,-1,1,1,1,-1,-1,-1,1,-1,-1,-1,-1,1,-1,-1,1,1,1,-1,-1,-1,-1,1,-1,1,1,-1,1,-1,-1,1,1,-1,-1,-1,-1,-1,-1,1,1,-1,-1,1,-1,1,1,-1,-1,-1,1,-1,-1,1,-1,-1,1,-1,-1,1,1,1,-1,1,-1,1,1,1,-1,-1,1,-1,-1,1,1,1,-1,1,-1,-1,1,1,-1,1,1,-1,-1,1,1,-1,1,1,-1,-1,1,1,-1,1,1,-1,-1,1,1,1,1,1,1,-1,1,1,1,1,1,-1,-1,1,-1,1,1,1,1,-1,-1,1,-1,1,1,1,-1,1,1,1,1,-1,1,-1,1,1,1,1,1,1,-1,-1,1,1,1,1,-1,1,-1,1,1,1,1,-1,1,-1,1,1,1,-1,-1,1,-1,1,1,-1,1,-1,-1,-1,1,1,1,-1,1,-1,-1,1,1,1,-1,-1,-1,-1,1,1,1,-1,-1,-1,-1,-1,1,1,-1,1,-1,-1,1,1,1,-1,1,-1,1,-1,1,1,1,1,1,-1,-1,1,1,-1,-1,1,1,-1,-1,1,-1,1,-1,-1,1,1,-1,-1,1,-1,-1,-1,1,1,-1,1,1,-1,1,1,-1,-1,-1,-1,1,-1,-1,-1,-1,1,-1,-1,1,1,-1,1,1,-1,1,1,1,1,-1,1,-1,1,1,1,-1,-1,1,-1,-1,-1,1,-1,-1,1,-1,1,1,1,-1,-1,1,-1,1,1,1,1,-1,1,-1,-1,1,1,1,-1,-1,1,-1,1,-1,1,-1,1,-1,-1,1,-2672.0,1,2000,445,1500,False
339,-1,-1,1,1,1,1,-1,1,-1,-1,-1,1,-1,1,-1,-1,1,-1,1,1,-1,-1,-1,-1,-1,1,-1,-1,-1,-1,-1,-1,1,1,-1,-1,1,-1,-1,-1,1,-1,-1,-1,-1,-1,-1,1,-1,1,-1,-1,1,-1,1,-1,-1,1,-1,-1,-1,1,1,1,-1,-1,-1,-1,-1,-1,-1,1,-1,-1,-1,-1,-1,-1,1,-1,-1,1,1,-1,1,-1,-1,-1,-1,1,-1,-1,-1,-1,-1,-1,-1,1,1,1,-1,-1,-1,-1,1,1,1,-1,-1,-1,-1,1,1,1,-1,-1,-1,-1,1,1,1,-1,-1,-1,-1,1,1,1,1,-1,-1,-1,-1,1,1,-1,-1,-1,-1,-1,1,1,1,-1,-1,-1,1,1,1,1,-1,-1,-1,-1,-1,1,1,1,-1,-1,-1,1,1,1,-1,-1,1,-1,-1,1,-1,-1,-1,-1,-1,1,1,1,-1,-1,-1,1,-1,1,-1,-1,-1,-1,-1,1,1,1,-1,-1,1,-1,1,1,1,-1,-1,1,-1,-1,1,1,-1,-1,-1,1,-1,1,1,-1,1,-1,1,-1,1,1,-1,1,-1,-1,-1,-1,1,1,-1,-1,1,-1,1,1,-1,1,-1,-1,-1,1,1,-1,1,1,-1,-1,-1,1,-1,-1,1,-1,-1,1,-1,1,1,1,-1,-1,1,1,-1,1,-1,-1,1,-1,-1,-1,1,-1,-1,-1,1,-1,-1,1,-1,-1,-1,-1,1,-1,1,-1,-1,1,-1,1,-1,1,1,-1,1,-1,-1,-1,-1,1,-1,1,-1,-1,-1,1,1,-1,1,1,-1,-1,-1,1,-1,1,-1,-1,-1,1,1,-1,1,1,-1,-1,1,1,-1,1,-1,-1,-1,1,-1,1,1,-1,-1,-1,1,-1,-1,1,-1,-1,1,-1,-1,1,1,-1,1,1,-1,1,-1,1,-1,1,1,1,-1,1,1,-1,-1,1,1,-1,1,-1,-1,-1,1,1,-1,1,-1,-1,1,-1,1,-1,1,-1,-1,1,1,1,-1,1,1,-1,1,-1,1,-1,1,1,-1,-1,1,1,-1,1,-1,-1,1,1,-1,-1,1,1,-1,1,-1,1,-1,1,-1,1,1,-1,1,1,1,-1,1,1,-1,1,-1,1,-1,-1,1,-1,1,1,1,1,-1,1,1,-1,1,1,-1,-1,1,1,-1,1,-1,1,-1,-1,1,-1,-1,1,-1,-1,-1,1,-1,1,-1,1,-1,-1,1,-1,1,-1,-1,-1,-1,1,-1,-1,1,1,-1,-1,1,-1,1,1,-1,1,-1,1,-1,1,-1,1,-1,-1,-1,1,-1,-1,-1,-1,-1,1,-1,1,-1,1,-1,-1,-1,1,1,1,1,-1,-1,-1,-1,1,-1,-1,-1,-1,-1,1,-1,-1,1,-1,-1,1,-1,1,-1,-1,1,-1,-1,-1,-1,-1,1,-1,1,-1,-1,-1,-1,1,-1,-1,-1,-1,1,-1,1,1,1,-1,-1,-1,1,1,-1,1,-1,1,-1,1,1,1,-1,1,1,-1,1,1,1,1,1,1,1,-1,-1,-1,1,-1,-1,1,-1,1,-1,1,-1,1,-1,-1,-1,1,1,-1,1,1,-1,1,-1,1,-1,1,1,-1,1,-1,1,-1,-1,-1,-1,1,-1,1,-1,-1,-1,-1,1,-1,1,-1,1,1,1,-1,-1,1,-1,1,1,-1,1,-1,1,-1,-1,1,-1,1,-1,-1,1,1,1,1,1,-1,1,1,1,1,-1,1,-1,-1,1,1,1,-1,-1,-1,1,1,1,1,-1,-1,-1,1,-1,1,-1,1,1,-1,-1,1,1,1,-1,-1,-1,-1,1,1,1,1,1,-1,-1,1,1,1,1,1,-1,-1,1,-1,1,-1,1,-1,1,1,1,1,1,1,-1,-1,1,-1,1,1,1,-1,-1,1,1,-1,1,1,-1,-1,1,1,1,1,1,1,-1,1,1,-1,1,1,-1,-1,1,1,1,1,1,-1,-1,1,-1,1,1,1,-1,-1,1,-1,1,-1,1,1,-1,1,-1,1,-1,1,-1,-1,1,-1,1,1,1,1,-1,1,-1,1,1,1,1,-1,1,-1,1,-1,1,1,-1,1,1,1,1,1,-1,1,1,-1,1,1,1,1,-1,1,-1,-1,1,1,1,-1,1,1,-1,1,1,1,-1,1,1,-1,1,1,1,1,1,-1,-1,1,1,1,1,1,-1,1,-1,1,1,1,1,-1,-1,1,1,1,1,1,1,-1,1,1,1,1,1,-1,1,1,1,1,1,1,1,-1,1,1,-1,1,1,-1,1,1,1,1,-1,1,-1,1,-1,1,1,1,1,1,-1,1,1,1,1,1,-1,-1,1,-1,1,1,1,-1,1,1,1,1,1,-1,-1,1,1,1,1,1,1,-1,1,1,-1,1,1,-1,1,1,1,1,1,1,-1,-1,1,1,1,1,-1,1,-1,1,1,1,1,-1,-1,-1,1,1,1,1,-1,1,-1,1,1,1,1,1,-1,-1,1,1,-1,1,1,-1,-1,1,1,-1,1,-1,-1,-1,1,-1,1,1,1,-1,1,1,1,-1,1,1,-1,-1,1,1,-1,1,1,-1,1,1,1,-1,1,1,-1,1,-1,1,1,1,1,-1,1,-1,1,1,1,-1,-1,1,-1,1,1,1,1,1,1,-1,1,1,-1,1,1,-1,-1,1,-1,1,-1,1,1,-1,1,-1,1,1,-1,1,-1,1,-1,1,1,1,-1,-1,-1,1,1,-1,1,1,-1,1,-1,1,-1,1,1,-1,1,-1,1,1,1,-1,-1,-1,1,1,1,1,-1,1,1,1,1,-1,1,1,-1,1,1,1,1,1,-1,-1,-1,-1,1,1,1,1,1,1,1,-1,1,1,-1,-1,-1,-1,1,1,1,-1,1,1,1,-1,1,1,-1,1,1,1,1,1,1,-1,1,1,1,1,1,1,-1,1,1,1,1,-1,1,-1,1,1,1,1,-1,1,-1,1,1,1,-1,1,1,-1,-1,1,1,-1,1,1,1,-1,1,1,-1,1,1,-1,-1,1,-2672.0,1,2000,445,0,False
340,1,1,-1,-1,1,1,-1,-1,1,1,1,-1,1,1,1,1,-1,1,-1,-1,1,-1,1,1,1,-1,1,-1,1,1,1,1,1,-1,-1,-1,1,1,1,-1,-1,-1,-1,1,1,1,1,-1,1,1,1,1,-1,1,-1,-1,1,-1,1,1,1,-1,-1,-1,1,1,1,1,-1,-1,-1,1,1,1,1,-1,-1,-1,1,1,1,-1,-1,-1,1,1,1,1,-1,-1,-1,1,1,1,1,-1,-1,1,1,-1,1,1,-1,-1,1,1,1,1,1,-1,-1,1,1,1,1,1,-1,-1,1,1,1,1,1,1,-1,-1,1,1,-1,1,1,-1,1,1,1,1,1,1,-1,-1,1,1,1,1,1,-1,1,1,1,1,1,1,-1,-1,-1,1,1,1,1,-1,1,1,1,1,-1,1,-1,1,1,1,1,1,-1,-1,1,1,1,1,1,-1,1,-1,-1,1,-1,1,-1,1,1,1,1,1,1,1,1,1,-1,1,-1,1,-1,1,1,-1,1,-1,1,1,-1,1,-1,1,-1,1,-1,1,1,-1,1,-1,1,1,1,1,-1,-1,1,1,-1,-1,1,-1,1,-1,-1,1,-1,1,-1,1,-1,1,-1,1,1,-1,-1,-1,1,1,-1,1,-1,1,1,1,-1,1,1,-1,1,-1,1,-1,1,-1,1,-1,1,1,-1,1,-1,-1,-1,1,1,-1,1,-1,-1,-1,1,1,-1,-1,1,1,-1,-1,1,1,-1,1,1,-1,1,1,1,1,-1,1,-1,1,1,-1,1,-1,1,-1,1,1,1,1,1,1,-1,-1,1,-1,-1,-1,1,1,-1,1,1,1,-1,1,1,1,1,1,1,1,1,-1,1,1,1,-1,1,1,-1,1,1,1,-1,1,1,-1,-1,1,1,1,-1,1,-1,1,1,1,-1,1,1,-1,1,1,1,-1,1,1,-1,1,1,1,-1,1,1,1,-1,1,1,1,1,1,-1,1,-1,1,-1,1,1,1,-1,1,1,1,-1,1,1,-1,1,1,-1,1,1,1,-1,-1,-1,-1,1,1,1,-1,1,1,-1,1,1,-1,-1,1,1,-1,1,1,-1,1,1,1,1,1,1,1,1,-1,1,-1,-1,-1,1,-1,1,-1,-1,1,1,1,-1,1,-1,1,-1,-1,1,1,-1,1,-1,1,1,1,1,1,-1,1,-1,-1,1,-1,1,-1,-1,-1,-1,1,1,1,-1,-1,1,-1,1,1,1,-1,1,-1,1,-1,1,1,-1,-1,1,-1,1,1,1,1,-1,-1,1,1,1,1,-1,-1,1,1,1,1,-1,1,-1,1,-1,1,1,-1,-1,-1,-1,1,1,1,-1,1,-1,1,-1,1,1,-1,-1,1,-1,1,1,1,1,-1,1,-1,-1,-1,1,1,-1,-1,-1,1,-1,1,-1,-1,1,-1,-1,1,-1,1,-1,-1,-1,-1,1,-1,1,-1,-1,1,-1,-1,1,1,1,-1,1,-1,1,-1,1,-1,1,-1,-1,-1,1,-1,-1,1,1,1,-1,1,-1,1,1,1,-1,1,1,-1,1,-1,1,-1,1,1,-1,-1,1,1,1,-1,1,-1,-1,1,1,-1,-1,1,-1,-1,1,1,-1,-1,1,-1,-1,-1,1,1,-1,1,1,-1,-1,1,-1,-1,1,-1,1,-1,1,1,-1,-1,1,-1,-1,-1,-1,-1,-1,1,1,-1,1,1,-1,1,1,-1,-1,-1,-1,-1,1,1,-1,-1,-1,-1,-1,1,1,-1,1,1,-1,-1,-1,1,1,-1,-1,-1,-1,-1,1,-1,-1,1,-1,-1,-1,1,1,-1,-1,-1,-1,-1,1,-1,-1,1,-1,-1,1,1,1,-1,1,-1,-1,-1,1,1,-1,-1,-1,-1,-1,1,1,1,-1,-1,-1,-1,1,1,-1,-1,-1,-1,1,1,1,1,-1,-1,1,1,1,1,1,-1,-1,-1,1,1,1,-1,1,-1,1,1,1,1,-1,1,-1,-1,1,-1,1,-1,1,-1,-1,1,-1,1,-1,-1,-1,-1,1,-1,1,-1,1,-1,-1,1,-1,1,-1,1,-1,-1,1,-1,1,-1,-1,-1,-1,1,1,-1,-1,-1,-1,-1,1,-1,1,-1,-1,-1,-1,-1,-1,-1,1,-1,-1,-1,1,-1,-1,1,-1,-1,-1,-1,-1,-1,1,-1,-1,-1,-1,-1,1,-1,-1,-1,1,-1,-1,1,-1,1,-1,-1,-1,-1,-1,-1,-1,1,-1,-1,-1,1,1,-1,-1,-1,1,1,-1,-1,-1,-1,1,-1,-1,1,-1,1,-1,-1,-1,-1,1,1,1,1,-1,1,-1,-1,-1,1,-1,-1,-1,-1,-1,-1,1,1,-1,-1,1,-1,1,1,-1,-1,-1,1,-1,1,1,-1,-1,1,-1,-1,1,1,1,-1,1,-1,1,1,1,-1,-1,1,-1,-1,1,1,1,-1,1,-1,-1,1,1,-1,1,1,-1,-1,1,1,1,1,1,-1,-1,1,1,-1,1,1,-1,-1,1,1,1,1,1,1,-1,1,1,1,1,1,-1,-1,1,-1,1,1,1,1,-1,-1,1,-1,1,1,1,-1,1,1,1,1,-1,1,-1,1,1,1,1,1,1,1,-1,1,1,1,1,-1,1,-1,1,1,1,1,1,1,1,1,1,1,-1,1,-1,1,1,1,-1,1,1,1,1,1,1,1,1,-1,1,1,1,1,1,-1,-1,1,-1,1,1,1,-1,1,-1,1,1,1,1,-1,-1,1,1,-1,1,1,1,-1,1,1,-1,-1,1,1,-1,-1,-1,1,1,1,-1,-1,-1,-1,1,-1,1,-1,1,1,1,1,1,-1,-1,1,1,1,1,1,1,-1,1,-1,1,1,1,-1,-1,-1,-1,-1,-1,-1,-1,-1,-1,-1,1,1,1,-1,1,1,-1,-1,1,1,1,-1,1,-1,1,1,1,1,-1,1,-1,1,1,1,1,-1,1,-1,1,1,1,1,-1,1,-1,1,-1,-1,-1,-1,1,-1,-1,1,1,-1,-1,-1,-1,1,1,-1,1,-1,1,-1,-1,1,-2672.0,1,2000,445,0,False
341,1,1,-1,-1,1,-1,-1,-1,1,1,1,-1,1,1,1,1,-1,1,-1,-1,1,-1,1,1,1,1,-1,-1,1,1,1,1,-1,-1,-1,-1,1,1,1,1,-1,-1,-1,1,1,1,1,-1,1,1,1,1,-1,1,-1,-1,1,-1,1,1,1,-1,-1,-1,1,1,1,1,-1,1,-1,1,1,1,1,-1,-1,-1,1,1,1,-1,-1,-1,1,1,1,1,-1,1,-1,1,1,1,1,-1,-1,1,1,-1,1,1,-1,-1,1,1,1,1,1,-1,-1,1,1,1,1,1,-1,-1,1,1,1,1,1,1,-1,1,1,1,-1,1,1,-1,1,1,1,1,1,1,-1,-1,1,1,1,1,1,-1,1,1,1,1,1,1,-1,-1,-1,1,1,1,1,-1,1,1,1,1,-1,1,-1,1,-1,1,1,1,-1,-1,1,1,1,1,1,-1,1,-1,-1,1,-1,1,-1,1,1,1,1,1,1,1,1,1,1,1,-1,1,-1,1,1,-1,1,-1,1,1,-1,1,-1,1,-1,1,-1,1,1,-1,1,-1,1,1,1,1,-1,-1,1,1,-1,-1,1,-1,1,-1,1,1,-1,1,-1,1,-1,1,-1,-1,1,-1,-1,-1,1,1,-1,1,-1,1,1,1,-1,1,1,-1,1,-1,1,-1,1,-1,1,-1,1,1,-1,1,-1,-1,-1,1,1,-1,1,-1,-1,-1,1,1,-1,-1,1,1,-1,-1,1,1,-1,1,1,-1,1,1,1,1,-1,1,-1,1,1,-1,1,-1,1,1,-1,1,1,1,1,1,-1,-1,1,-1,-1,-1,1,1,-1,1,1,1,-1,1,-1,-1,1,1,1,1,1,-1,1,1,1,-1,1,1,-1,1,1,1,-1,1,1,-1,-1,1,1,1,-1,1,-1,1,1,1,-1,1,1,-1,1,1,1,-1,1,-1,-1,1,1,1,-1,1,-1,-1,-1,1,1,-1,1,-1,-1,1,-1,1,-1,1,1,-1,-1,1,1,1,-1,1,-1,-1,1,1,-1,1,-1,-1,-1,-1,-1,-1,1,1,-1,-1,1,1,-1,1,-1,-1,-1,1,1,1,1,-1,-1,1,1,1,-1,1,-1,-1,-1,-1,1,1,-1,1,-1,-1,1,-1,1,-1,-1,-1,1,-1,-1,1,-1,1,-1,-1,1,-1,1,-1,-1,-1,1,1,-1,1,-1,1,-1,-1,1,-1,1,-1,-1,-1,-1,1,-1,-1,1,1,-1,-1,1,-1,1,1,-1,1,-1,1,-1,1,-1,1,-1,-1,1,-1,1,-1,-1,-1,1,1,-1,1,-1,1,-1,1,-1,1,1,1,1,-1,1,-1,-1,1,-1,-1,-1,1,-1,1,-1,1,1,-1,1,-1,-1,1,-1,-1,1,-1,1,-1,1,-1,1,-1,1,1,-1,1,-1,1,-1,1,-1,-1,1,-1,1,1,1,1,-1,-1,1,1,-1,1,1,1,-1,1,1,1,-1,1,1,-1,1,1,1,1,1,-1,1,-1,-1,-1,1,-1,1,1,-1,1,-1,1,-1,1,-1,-1,-1,1,1,-1,1,1,-1,-1,-1,1,-1,1,1,-1,1,-1,1,-1,-1,-1,-1,-1,-1,1,-1,-1,-1,-1,-1,-1,1,-1,1,1,1,1,-1,1,-1,1,1,-1,-1,-1,1,-1,-1,1,-1,1,-1,-1,1,1,1,1,-1,-1,1,1,1,1,-1,1,-1,-1,1,1,1,-1,-1,-1,1,1,1,1,-1,-1,-1,1,-1,1,-1,1,1,-1,-1,1,1,1,-1,-1,-1,-1,1,1,1,1,-1,-1,-1,1,1,1,1,-1,-1,-1,1,1,1,-1,-1,-1,1,1,1,1,1,-1,-1,-1,1,1,1,1,-1,-1,-1,1,1,-1,1,-1,-1,-1,1,1,1,1,-1,-1,1,1,1,1,-1,-1,1,1,-1,1,1,-1,-1,-1,1,1,1,1,1,-1,1,1,1,1,1,-1,-1,-1,1,-1,1,-1,-1,-1,-1,1,-1,1,1,-1,-1,-1,1,-1,1,1,-1,-1,-1,1,1,1,1,-1,-1,-1,1,-1,1,1,-1,-1,-1,1,1,-1,-1,-1,-1,-1,1,-1,1,-1,-1,-1,-1,-1,-1,-1,1,-1,-1,-1,1,-1,-1,1,-1,-1,-1,-1,-1,-1,1,-1,-1,-1,-1,-1,1,-1,-1,-1,1,-1,-1,1,-1,1,-1,-1,-1,-1,-1,-1,-1,1,-1,-1,-1,1,1,1,-1,-1,-1,1,-1,-1,-1,-1,1,-1,-1,1,1,1,-1,-1,-1,-1,1,-1,1,1,-1,1,-1,-1,1,1,-1,-1,-1,-1,-1,-1,1,1,-1,-1,1,-1,1,1,-1,-1,-1,1,-1,1,1,-1,-1,1,-1,-1,1,1,1,-1,1,-1,1,1,1,-1,-1,1,-1,-1,1,1,1,-1,1,-1,-1,1,1,-1,1,1,-1,-1,1,1,-1,1,1,-1,-1,1,1,-1,1,1,-1,-1,1,1,1,1,-1,1,-1,1,1,1,1,1,-1,-1,1,-1,1,1,1,1,-1,-1,1,-1,1,1,1,-1,1,1,1,1,-1,1,-1,1,1,1,1,1,1,1,-1,-1,1,1,1,-1,1,-1,1,1,1,1,1,-1,1,1,1,1,-1,1,1,-1,1,1,-1,1,1,-1,-1,1,1,1,1,-1,1,-1,1,1,1,-1,-1,1,-1,1,1,1,-1,1,-1,-1,-1,1,1,-1,-1,1,-1,-1,1,1,1,-1,1,-1,1,1,1,1,-1,1,-1,-1,1,1,-1,-1,-1,1,1,-1,1,-1,1,1,-1,1,1,-1,-1,1,1,-1,-1,-1,1,-1,1,1,1,1,1,-1,-1,-1,-1,-1,-1,-1,-1,-1,-1,1,1,1,1,-1,1,1,-1,1,1,1,1,-1,1,-1,1,1,1,1,-1,1,-1,1,1,1,1,-1,1,-1,1,1,1,1,-1,1,-1,1,1,-1,-1,-1,1,-1,1,1,1,-1,-1,-1,1,-1,1,-1,1,-1,1,-1,1,1,-2672.0,1,2000,445,1000,False
342,1,1,-1,-1,1,1,-1,-1,1,1,1,-1,1,1,1,1,-1,1,-1,-1,-1,-1,1,1,1,-1,-1,-1,1,1,1,1,-1,-1,-1,-1,1,1,1,-1,-1,-1,-1,1,1,1,1,-1,1,1,1,1,-1,1,-1,-1,1,-1,1,1,1,-1,-1,-1,1,1,1,1,-1,-1,-1,1,1,1,1,-1,-1,-1,1,1,1,-1,-1,-1,1,1,1,1,-1,-1,-1,1,1,1,1,-1,-1,1,1,-1,1,1,-1,-1,1,1,1,1,1,-1,-1,1,1,1,1,1,-1,-1,1,1,1,1,1,1,-1,1,1,1,-1,1,1,-1,1,1,1,1,1,1,-1,-1,1,1,1,1,1,-1,1,1,1,1,1,1,-1,-1,-1,1,1,1,1,-1,1,1,1,1,-1,1,-1,1,-1,1,1,1,-1,-1,1,1,1,1,1,-1,1,-1,-1,1,-1,1,-1,1,1,1,1,1,1,1,1,1,-1,1,-1,1,-1,1,1,-1,1,-1,1,1,-1,1,-1,1,-1,1,-1,1,1,-1,-1,-1,1,1,1,1,-1,-1,1,1,-1,-1,1,-1,1,-1,1,1,-1,1,-1,1,-1,1,-1,1,1,-1,-1,-1,1,1,-1,1,-1,1,1,1,-1,1,1,-1,1,-1,1,-1,1,-1,1,-1,1,1,-1,1,-1,-1,-1,1,1,-1,1,-1,-1,-1,1,1,-1,-1,1,1,-1,-1,1,1,-1,1,1,-1,1,1,1,1,-1,1,-1,1,1,-1,1,-1,1,1,1,1,1,1,1,1,-1,-1,1,-1,-1,1,1,1,-1,1,1,1,-1,1,-1,-1,1,1,1,1,1,-1,1,1,1,-1,1,1,-1,1,1,1,-1,1,1,-1,-1,1,1,1,-1,1,-1,1,1,1,-1,1,1,-1,1,1,1,-1,1,-1,-1,1,1,1,-1,1,-1,-1,-1,1,1,-1,1,-1,-1,1,-1,1,-1,1,1,-1,-1,1,1,1,1,1,-1,-1,1,1,-1,1,-1,1,-1,-1,-1,-1,1,1,-1,-1,1,1,-1,1,1,-1,-1,1,1,1,1,1,-1,1,1,1,-1,1,-1,-1,-1,-1,1,1,1,1,-1,-1,1,1,1,1,-1,-1,-1,-1,-1,1,-1,-1,-1,1,-1,1,1,1,1,-1,1,1,-1,1,-1,1,-1,-1,1,-1,1,1,1,1,-1,1,-1,-1,1,1,-1,-1,1,-1,1,1,1,-1,-1,1,-1,-1,1,1,-1,1,1,-1,1,1,-1,-1,1,1,-1,1,-1,-1,-1,1,-1,-1,1,-1,-1,1,1,-1,-1,1,-1,-1,-1,1,-1,-1,1,-1,-1,-1,1,-1,-1,1,-1,-1,-1,1,1,-1,1,1,-1,-1,1,1,-1,-1,1,1,-1,1,-1,-1,1,1,-1,1,-1,1,-1,-1,1,-1,1,-1,1,1,-1,1,-1,-1,1,1,1,-1,1,-1,1,-1,1,-1,1,-1,-1,-1,1,-1,-1,-1,1,1,-1,1,-1,1,-1,1,-1,1,1,-1,1,1,1,-1,-1,1,-1,1,-1,1,1,-1,1,-1,-1,1,1,-1,-1,1,-1,-1,-1,1,-1,-1,1,-1,1,1,1,1,-1,1,-1,-1,1,1,-1,-1,1,-1,-1,-1,1,1,-1,-1,1,1,-1,-1,-1,-1,1,1,1,1,1,1,-1,-1,1,1,-1,1,-1,-1,1,1,1,1,-1,-1,-1,1,-1,1,1,1,-1,-1,-1,1,1,1,-1,-1,-1,-1,1,1,1,1,-1,-1,-1,1,1,1,-1,-1,-1,-1,1,1,1,1,-1,-1,-1,1,1,1,1,-1,-1,1,1,1,1,1,-1,-1,-1,1,1,-1,1,-1,-1,-1,1,1,1,1,-1,-1,1,1,1,1,1,-1,1,1,1,1,1,-1,-1,-1,1,1,1,-1,1,-1,1,1,1,1,1,1,-1,-1,1,-1,1,-1,1,-1,-1,1,-1,1,-1,-1,-1,-1,1,-1,1,1,-1,-1,-1,1,-1,1,-1,1,-1,-1,1,-1,1,-1,-1,-1,-1,1,1,-1,-1,-1,-1,-1,1,-1,1,-1,-1,-1,-1,-1,-1,-1,1,-1,-1,-1,1,-1,-1,1,-1,-1,-1,-1,-1,-1,1,-1,-1,-1,-1,-1,1,-1,-1,-1,1,-1,-1,1,-1,1,-1,-1,-1,-1,-1,-1,-1,1,-1,-1,-1,1,1,1,-1,-1,-1,1,-1,-1,-1,-1,1,-1,-1,1,-1,1,-1,-1,-1,-1,1,-1,1,1,-1,1,-1,-1,1,1,-1,-1,-1,-1,-1,-1,1,1,-1,-1,1,-1,1,1,1,-1,-1,1,-1,1,1,-1,-1,1,-1,-1,1,1,1,-1,1,-1,1,1,1,-1,-1,1,-1,-1,1,1,1,-1,1,-1,-1,1,1,-1,1,1,-1,-1,1,1,1,1,1,-1,-1,1,1,-1,1,1,-1,-1,1,1,1,1,1,1,-1,-1,1,1,1,1,-1,-1,1,-1,1,1,1,1,-1,-1,1,-1,1,1,1,-1,1,1,1,1,-1,1,-1,1,1,1,1,1,1,1,-1,1,1,1,1,-1,1,-1,1,1,1,1,1,-1,1,1,1,1,-1,1,1,-1,1,1,-1,1,1,-1,-1,1,1,1,1,-1,1,-1,1,1,1,-1,-1,1,-1,1,1,1,-1,1,-1,-1,-1,1,1,-1,-1,1,-1,-1,1,1,-1,-1,1,-1,-1,1,1,1,-1,1,-1,-1,1,1,-1,-1,-1,1,-1,1,1,-1,1,1,-1,1,1,-1,-1,1,-1,-1,-1,1,1,-1,1,1,-1,1,1,-1,-1,-1,-1,1,-1,-1,-1,-1,1,-1,-1,1,1,-1,1,1,-1,1,1,1,1,-1,1,-1,1,1,1,1,-1,1,-1,-1,-1,1,1,-1,1,-1,1,1,1,1,-1,1,-1,1,1,1,-1,-1,1,-1,-1,1,1,-1,-1,-1,1,-1,1,-1,1,-1,1,-1,-1,1,-2672.0,1,2000,445,1000,False
343,1,1,-1,-1,1,1,-1,-1,1,1,1,-1,1,1,1,1,-1,1,-1,-1,1,-1,1,1,1,-1,1,-1,-1,1,1,1,-1,-1,-1,1,1,1,1,1,-1,-1,-1,1,1,1,1,-1,1,1,1,1,-1,1,-1,-1,1,-1,1,1,1,-1,-1,-1,1,1,1,1,-1,-1,-1,1,1,1,1,-1,-1,-1,1,1,1,-1,-1,-1,1,1,1,1,-1,-1,-1,1,1,1,1,-1,-1,1,1,-1,1,1,-1,-1,1,1,1,1,1,-1,-1,1,1,1,1,1,-1,-1,1,1,1,1,1,1,-1,-1,1,1,-1,1,1,-1,1,1,1,1,1,1,-1,-1,1,1,1,1,1,-1,1,1,1,1,1,1,-1,-1,-1,1,1,1,1,-1,1,1,1,1,-1,1,-1,1,-1,1,1,1,-1,-1,1,1,1,1,1,-1,1,-1,-1,1,-1,1,-1,1,1,1,1,1,1,1,1,1,-1,1,-1,1,-1,1,1,-1,1,-1,1,1,-1,1,-1,1,-1,1,-1,1,1,-1,-1,-1,1,1,1,1,-1,-1,1,1,-1,-1,1,-1,1,-1,-1,1,-1,1,-1,1,-1,1,-1,1,1,-1,-1,-1,1,1,-1,1,-1,1,1,1,-1,1,1,-1,-1,-1,1,-1,1,-1,1,-1,1,1,-1,1,-1,-1,-1,1,1,-1,1,-1,-1,-1,1,1,-1,-1,1,1,-1,-1,1,1,-1,1,1,-1,1,1,1,1,-1,1,-1,1,1,-1,1,-1,1,1,-1,1,1,1,1,1,-1,-1,1,-1,-1,-1,1,1,-1,1,1,1,-1,1,-1,-1,1,1,1,1,1,-1,1,1,1,-1,-1,1,-1,1,1,1,-1,1,1,-1,-1,1,1,1,-1,1,-1,1,1,1,-1,1,1,-1,1,1,1,-1,1,-1,-1,1,1,1,-1,1,-1,-1,-1,1,1,-1,1,-1,-1,1,-1,1,-1,1,1,-1,-1,1,1,1,-1,1,-1,-1,1,1,-1,1,-1,1,-1,-1,-1,-1,1,1,-1,-1,1,1,-1,1,1,-1,-1,1,1,1,1,1,-1,1,1,1,-1,1,-1,-1,-1,-1,1,1,1,1,-1,-1,1,1,1,1,-1,-1,-1,-1,-1,1,-1,-1,-1,1,-1,1,1,1,1,1,1,1,-1,1,-1,1,-1,-1,1,-1,1,1,1,1,-1,1,-1,-1,1,1,-1,-1,1,-1,1,1,1,-1,-1,1,-1,-1,1,1,-1,1,1,-1,1,1,-1,-1,1,1,-1,1,-1,-1,-1,1,-1,-1,1,-1,-1,-1,1,-1,-1,1,-1,-1,-1,1,-1,-1,1,-1,-1,-1,1,-1,-1,1,-1,-1,-1,1,1,-1,1,1,-1,-1,1,1,-1,-1,1,1,-1,1,-1,-1,1,1,-1,1,-1,1,-1,-1,1,-1,1,-1,1,1,-1,1,-1,-1,1,1,1,-1,1,-1,1,-1,1,-1,1,-1,-1,-1,1,-1,-1,-1,1,1,-1,1,-1,1,-1,1,-1,1,1,-1,1,1,1,-1,-1,1,-1,1,-1,1,1,-1,1,-1,-1,1,1,-1,-1,1,-1,-1,-1,1,-1,-1,1,-1,1,1,1,1,-1,1,-1,-1,1,1,-1,-1,1,-1,-1,-1,1,1,-1,-1,1,1,-1,-1,-1,-1,1,1,1,-1,1,1,-1,-1,1,1,-1,1,-1,-1,1,1,1,1,-1,-1,-1,1,-1,1,1,1,1,-1,-1,1,1,1,-1,-1,-1,1,1,1,1,1,-1,-1,-1,1,1,1,-1,-1,-1,-1,1,1,1,1,-1,-1,-1,1,1,1,1,-1,-1,1,1,1,1,1,-1,-1,-1,1,1,-1,1,-1,-1,-1,1,1,1,1,-1,-1,1,1,1,1,1,-1,1,1,-1,1,1,-1,-1,-1,1,1,1,-1,1,-1,1,1,1,1,1,1,-1,-1,1,-1,1,-1,1,-1,-1,1,-1,1,-1,-1,-1,-1,1,-1,1,1,-1,-1,-1,1,1,1,-1,1,-1,-1,1,-1,1,-1,-1,-1,-1,1,1,-1,-1,-1,-1,-1,1,-1,1,-1,-1,-1,-1,-1,-1,-1,1,-1,-1,-1,1,-1,-1,1,-1,-1,-1,-1,-1,1,1,-1,-1,-1,-1,-1,1,-1,-1,-1,1,-1,-1,1,-1,1,-1,-1,-1,-1,-1,-1,-1,1,-1,-1,-1,1,1,-1,-1,-1,1,-1,-1,-1,-1,-1,1,-1,-1,1,-1,1,-1,-1,-1,-1,1,-1,1,1,-1,1,-1,-1,1,1,-1,-1,-1,-1,-1,-1,1,1,-1,-1,1,-1,1,1,-1,-1,-1,1,-1,1,1,-1,-1,1,-1,-1,1,1,1,-1,1,-1,1,1,1,-1,-1,1,-1,-1,1,1,1,-1,1,-1,-1,1,1,-1,1,1,-1,-1,1,1,-1,1,1,-1,-1,1,1,-1,1,1,-1,-1,1,1,1,1,1,1,-1,-1,1,1,-1,1,-1,-1,1,-1,1,1,1,1,-1,-1,1,-1,1,1,1,-1,1,1,1,1,-1,1,-1,1,1,1,1,1,1,1,-1,1,1,1,1,-1,1,-1,1,1,1,1,1,-1,1,1,1,1,-1,1,1,-1,1,1,-1,1,1,-1,-1,1,1,1,1,-1,1,-1,1,1,1,-1,-1,1,-1,1,1,1,-1,1,-1,-1,-1,1,1,-1,-1,1,-1,-1,1,1,-1,-1,1,-1,-1,-1,1,1,1,-1,-1,-1,1,1,-1,-1,-1,1,-1,-1,1,-1,1,1,-1,1,1,-1,-1,1,-1,-1,-1,1,1,-1,1,1,-1,1,1,-1,-1,-1,-1,1,-1,-1,-1,-1,1,-1,-1,1,1,-1,1,1,-1,1,1,1,1,-1,1,-1,1,1,1,1,-1,1,-1,-1,-1,1,1,-1,1,-1,1,1,1,1,-1,1,-1,1,1,-1,-1,-1,1,-1,-1,1,1,-1,-1,-1,1,-1,1,-1,1,-1,1,-1,-1,1,-2672.0,1,2000,445,1500,False
344,1,1,-1,-1,1,1,-1,-1,1,1,1,-1,1,1,1,1,-1,1,-1,-1,-1,1,1,1,1,-1,-1,-1,1,1,1,1,1,-1,-1,-1,1,-1,1,1,-1,-1,-1,1,1,1,1,-1,1,1,1,1,-1,1,-1,-1,1,-1,1,1,-1,-1,-1,1,1,1,1,1,-1,-1,1,1,1,1,1,-1,-1,-1,1,1,1,-1,-1,-1,1,1,1,1,-1,-1,-1,1,1,1,1,-1,-1,1,1,-1,1,1,-1,-1,1,1,1,1,1,-1,-1,-1,1,-1,1,1,-1,-1,1,1,1,1,1,1,-1,-1,1,1,-1,1,1,-1,1,1,1,1,1,1,-1,1,1,1,1,1,1,-1,1,1,1,1,1,1,-1,-1,-1,1,1,1,1,-1,1,-1,1,1,-1,1,-1,1,-1,1,1,1,-1,-1,1,1,1,1,1,-1,1,-1,-1,1,-1,1,-1,1,1,1,1,1,1,1,1,1,-1,1,-1,1,-1,1,1,-1,1,-1,1,1,-1,1,-1,1,-1,1,-1,1,1,-1,1,-1,1,1,1,1,-1,-1,1,1,-1,-1,1,-1,1,-1,-1,1,-1,1,-1,1,-1,1,-1,1,1,-1,-1,-1,1,1,-1,1,-1,1,1,1,-1,1,1,-1,1,-1,1,-1,1,-1,1,-1,1,1,-1,1,-1,-1,-1,1,1,-1,1,-1,-1,-1,1,1,-1,-1,1,1,-1,-1,1,1,-1,1,1,-1,1,1,1,1,-1,1,-1,1,1,-1,1,-1,1,1,-1,1,1,1,1,1,-1,-1,1,-1,-1,-1,1,1,-1,1,1,1,-1,1,-1,-1,1,1,1,1,1,-1,1,1,1,-1,-1,1,-1,1,1,1,-1,1,1,-1,-1,1,1,1,-1,1,-1,1,1,1,-1,1,1,-1,1,1,1,-1,1,-1,-1,1,1,1,-1,1,-1,-1,-1,1,1,-1,1,-1,-1,1,-1,1,-1,1,1,-1,-1,1,1,1,-1,1,-1,-1,1,1,-1,1,-1,1,-1,-1,-1,-1,1,1,-1,-1,1,1,-1,1,1,-1,-1,1,1,1,1,1,-1,1,1,1,-1,1,-1,-1,-1,-1,1,1,1,1,-1,-1,1,1,1,1,-1,-1,-1,-1,-1,1,-1,-1,-1,1,-1,1,1,-1,1,-1,1,1,-1,1,-1,1,-1,-1,1,-1,1,1,1,1,-1,1,-1,-1,1,1,-1,-1,1,-1,1,1,1,-1,-1,1,-1,-1,1,1,-1,1,1,-1,1,1,-1,-1,1,1,-1,1,-1,-1,-1,1,-1,-1,1,-1,-1,-1,1,-1,-1,1,-1,-1,-1,1,-1,-1,1,-1,-1,-1,1,-1,-1,1,-1,-1,-1,-1,1,-1,1,1,-1,-1,1,1,-1,-1,1,1,-1,1,-1,-1,1,1,-1,1,-1,1,-1,-1,1,-1,1,-1,1,1,-1,1,-1,-1,1,1,1,-1,1,-1,1,-1,-1,1,1,-1,-1,-1,1,-1,-1,-1,1,-1,1,1,-1,1,-1,1,-1,1,1,-1,1,1,1,-1,-1,1,-1,1,-1,1,-1,-1,1,-1,-1,1,1,1,-1,1,-1,-1,-1,1,-1,-1,1,-1,1,1,1,1,-1,1,-1,-1,1,1,-1,-1,1,-1,-1,-1,1,1,-1,-1,1,1,-1,-1,-1,-1,1,1,1,1,1,1,-1,-1,1,1,-1,1,-1,-1,1,1,1,1,-1,1,-1,1,-1,1,1,1,1,-1,-1,1,1,1,-1,-1,-1,1,1,1,1,1,-1,-1,-1,1,1,1,-1,-1,-1,-1,1,1,1,1,-1,-1,1,1,1,1,1,-1,-1,-1,1,1,1,1,-1,-1,-1,1,1,-1,1,-1,-1,-1,1,1,1,1,-1,-1,1,1,1,1,1,-1,1,1,-1,1,1,-1,-1,-1,1,1,1,1,1,-1,1,1,1,1,1,1,-1,-1,1,-1,1,-1,1,-1,-1,1,-1,1,1,-1,-1,-1,1,-1,1,1,-1,1,-1,1,1,1,-1,1,1,-1,1,-1,1,-1,-1,-1,-1,1,1,-1,-1,-1,-1,-1,1,-1,1,-1,-1,-1,-1,-1,-1,-1,1,-1,-1,-1,1,-1,-1,1,-1,-1,-1,-1,-1,-1,1,-1,-1,-1,-1,-1,1,-1,-1,-1,1,-1,-1,1,-1,1,-1,-1,-1,-1,-1,-1,-1,1,-1,-1,-1,1,1,-1,-1,-1,1,-1,-1,-1,-1,-1,1,-1,-1,1,-1,1,-1,-1,-1,-1,1,-1,1,1,-1,1,-1,-1,1,1,-1,-1,-1,-1,-1,-1,1,1,-1,-1,1,-1,1,1,-1,-1,-1,1,-1,1,1,-1,-1,1,-1,-1,1,1,1,-1,1,-1,1,1,1,-1,-1,1,-1,-1,1,1,1,-1,1,-1,-1,1,1,-1,1,1,-1,-1,1,1,1,1,1,-1,-1,1,1,1,1,1,-1,-1,1,1,1,1,1,1,-1,-1,1,1,-1,1,-1,-1,1,-1,1,1,1,1,-1,-1,1,-1,1,1,1,-1,1,1,1,1,-1,1,-1,1,1,1,1,1,1,1,-1,1,1,1,1,-1,1,-1,1,1,1,1,1,-1,1,1,1,1,-1,1,1,-1,1,1,-1,1,1,-1,-1,1,1,1,1,-1,1,-1,1,1,1,-1,-1,1,-1,1,1,1,-1,1,-1,-1,-1,1,1,-1,-1,1,-1,-1,1,1,1,-1,1,-1,-1,1,1,1,-1,1,-1,-1,1,1,-1,-1,-1,1,-1,1,1,-1,1,1,-1,1,1,-1,-1,1,1,-1,-1,1,1,-1,1,1,-1,1,1,-1,-1,1,-1,1,-1,-1,-1,-1,1,-1,-1,1,1,-1,1,1,-1,1,1,1,1,-1,1,-1,1,1,1,-1,-1,1,-1,1,-1,1,-1,-1,1,-1,-1,1,1,-1,-1,1,-1,1,1,1,1,-1,1,-1,-1,1,1,-1,-1,-1,1,-1,1,-1,1,-1,1,-1,-1,1,-2672.0,1,2000,445,1000,False
345,1,1,-1,-1,1,-1,-1,-1,1,1,1,-1,1,1,1,1,-1,1,-1,-1,-1,-1,1,1,1,-1,-1,-1,1,1,1,1,-1,-1,-1,-1,1,1,1,1,-1,-1,-1,1,1,1,1,-1,1,1,1,1,-1,1,-1,-1,1,-1,1,1,1,-1,-1,-1,1,1,1,1,-1,-1,-1,1,1,1,1,-1,-1,-1,1,1,1,-1,-1,-1,1,1,1,1,-1,-1,-1,1,1,1,1,-1,-1,1,1,-1,1,1,-1,-1,1,1,1,1,1,-1,-1,-1,1,-1,1,1,-1,-1,1,1,1,1,1,1,-1,-1,1,1,-1,1,1,-1,1,1,1,1,1,1,-1,1,1,1,1,1,1,-1,1,1,1,1,1,1,-1,-1,-1,1,1,1,1,-1,1,1,1,1,-1,1,-1,1,-1,1,1,1,-1,-1,1,1,1,1,1,-1,1,-1,-1,1,-1,1,-1,1,1,1,1,1,1,1,1,1,-1,1,-1,1,-1,1,1,-1,1,-1,1,1,-1,1,-1,1,-1,1,-1,1,1,-1,-1,-1,1,1,1,1,-1,-1,1,1,-1,-1,1,-1,1,-1,-1,1,-1,1,-1,1,-1,1,-1,1,1,-1,1,-1,1,1,-1,1,-1,1,1,1,-1,1,1,-1,-1,-1,1,-1,1,-1,1,-1,1,1,-1,1,-1,-1,-1,1,1,-1,1,-1,-1,-1,1,1,-1,-1,1,1,-1,-1,1,1,-1,1,1,-1,1,1,1,1,-1,1,-1,1,1,-1,1,-1,1,1,1,1,1,1,1,1,-1,-1,1,-1,-1,1,1,1,-1,1,1,1,-1,1,1,1,1,1,1,1,1,-1,1,1,1,-1,1,1,-1,1,1,1,-1,1,1,-1,-1,1,1,1,-1,1,-1,1,1,1,-1,1,1,-1,1,1,1,-1,1,1,-1,1,1,1,-1,1,1,-1,-1,1,1,-1,1,1,-1,1,-1,1,-1,1,1,1,-1,1,1,1,-1,1,1,-1,1,1,-1,1,1,1,-1,-1,-1,-1,1,1,1,-1,1,1,-1,1,1,-1,-1,1,1,1,1,1,-1,1,1,1,-1,1,1,1,1,-1,1,1,-1,-1,1,-1,1,-1,1,-1,1,1,-1,-1,-1,1,-1,-1,1,-1,1,-1,1,-1,1,1,1,-1,-1,1,-1,-1,1,-1,1,-1,1,-1,1,1,1,1,-1,-1,1,-1,1,1,-1,-1,1,1,1,-1,1,-1,-1,1,-1,-1,1,1,-1,-1,1,-1,1,1,-1,1,-1,1,-1,-1,1,-1,-1,1,1,1,1,1,-1,-1,-1,1,-1,1,1,1,-1,1,-1,1,-1,1,-1,-1,-1,1,-1,1,1,1,-1,-1,1,-1,-1,1,-1,-1,-1,1,-1,-1,1,-1,-1,-1,1,-1,-1,1,-1,-1,-1,-1,1,-1,1,-1,-1,1,-1,1,-1,-1,1,1,1,-1,1,-1,1,1,1,-1,1,-1,-1,-1,1,-1,-1,1,1,1,-1,1,-1,1,1,1,-1,1,1,-1,1,-1,1,-1,-1,1,-1,-1,1,1,1,-1,1,-1,-1,1,1,-1,-1,1,-1,-1,1,1,-1,-1,1,-1,-1,-1,1,1,-1,1,1,-1,-1,1,-1,-1,1,-1,1,-1,1,1,-1,-1,1,-1,-1,-1,-1,-1,1,1,1,-1,-1,1,-1,-1,1,-1,-1,1,-1,-1,-1,1,-1,-1,1,1,-1,1,1,-1,1,-1,1,-1,-1,1,1,-1,-1,-1,-1,1,1,-1,-1,1,-1,-1,-1,1,1,-1,-1,-1,-1,-1,1,-1,-1,-1,-1,-1,-1,1,1,-1,-1,-1,-1,1,1,1,-1,-1,-1,-1,-1,1,1,1,-1,-1,-1,-1,1,1,-1,-1,-1,-1,1,1,1,1,1,-1,1,1,1,1,1,1,-1,-1,1,1,1,-1,-1,-1,1,1,1,1,-1,1,-1,-1,1,-1,1,-1,1,-1,-1,1,-1,1,-1,1,-1,-1,1,-1,1,-1,1,-1,-1,1,-1,1,1,1,-1,-1,1,-1,1,1,1,-1,-1,1,1,-1,1,1,-1,-1,1,-1,1,-1,1,-1,-1,-1,-1,-1,1,1,-1,-1,1,-1,-1,1,1,-1,-1,-1,-1,-1,-1,1,-1,-1,-1,-1,1,1,-1,-1,1,-1,-1,1,-1,1,-1,-1,-1,-1,-1,1,1,1,-1,-1,-1,1,1,1,-1,-1,1,-1,-1,-1,1,-1,1,-1,-1,1,1,1,-1,-1,-1,-1,1,-1,1,1,-1,1,-1,-1,1,1,-1,-1,-1,-1,-1,-1,1,1,-1,-1,1,-1,1,1,-1,-1,-1,1,-1,1,1,-1,-1,1,-1,-1,1,1,1,-1,1,-1,1,1,1,-1,-1,1,-1,-1,1,1,1,-1,1,-1,-1,1,1,-1,1,1,-1,-1,1,1,1,1,1,-1,-1,1,1,-1,1,1,-1,-1,1,1,1,1,1,1,-1,1,1,1,1,1,-1,-1,1,-1,1,1,1,1,-1,-1,1,-1,1,1,1,-1,1,1,1,1,-1,1,-1,1,1,1,1,1,1,1,-1,-1,1,1,1,-1,1,-1,1,1,1,1,1,-1,1,1,1,1,-1,1,1,-1,1,1,-1,1,1,-1,-1,-1,1,1,1,-1,1,-1,1,1,1,-1,-1,1,-1,1,1,1,-1,1,-1,-1,-1,1,1,-1,-1,1,-1,-1,1,1,-1,-1,1,-1,1,1,1,1,-1,1,-1,-1,1,1,-1,-1,-1,1,1,-1,1,-1,1,1,-1,1,1,-1,-1,1,1,-1,-1,1,1,-1,1,1,1,1,1,-1,-1,-1,-1,-1,-1,-1,-1,-1,-1,1,1,1,1,-1,1,1,-1,1,1,1,1,-1,1,-1,1,1,1,-1,-1,1,-1,1,1,1,-1,-1,1,-1,1,1,1,-1,-1,1,-1,1,-1,1,1,-1,1,-1,1,1,1,-1,-1,-1,1,-1,1,-1,1,-1,1,-1,1,1,-2672.0,1,2000,445,1000,False
346,1,1,-1,-1,1,1,-1,-1,1,1,1,-1,-1,1,1,1,-1,1,-1,-1,-1,-1,1,1,1,-1,-1,-1,1,1,1,1,1,-1,-1,-1,1,1,1,1,-1,-1,-1,1,1,1,1,-1,1,1,1,1,-1,1,-1,-1,1,-1,1,1,1,-1,-1,-1,1,1,1,1,-1,-1,-1,1,1,1,1,-1,-1,-1,1,1,1,-1,-1,-1,1,1,1,1,-1,-1,-1,1,1,1,1,-1,-1,1,1,-1,1,1,-1,-1,1,1,1,1,1,-1,-1,-1,1,1,1,1,-1,-1,1,1,1,1,1,1,-1,-1,1,1,-1,1,1,-1,1,1,1,1,1,1,-1,1,1,1,1,1,1,-1,1,1,1,1,1,1,-1,-1,-1,1,1,1,1,-1,1,1,1,1,-1,1,-1,1,1,1,1,1,-1,-1,1,1,1,1,1,-1,1,-1,-1,1,-1,1,-1,1,1,1,1,1,1,1,1,1,-1,1,-1,1,-1,1,1,-1,1,-1,1,1,-1,1,-1,1,-1,1,-1,1,1,-1,1,-1,1,1,1,1,-1,-1,1,1,-1,-1,1,-1,1,-1,-1,1,-1,1,-1,1,-1,1,-1,1,1,-1,-1,-1,1,1,-1,1,-1,1,1,1,-1,1,1,-1,1,-1,1,-1,1,-1,1,-1,1,1,-1,1,-1,-1,-1,1,1,-1,1,-1,-1,-1,1,1,-1,-1,1,1,-1,-1,1,1,-1,1,1,-1,1,1,1,1,-1,1,-1,1,1,-1,1,-1,1,1,-1,1,1,1,1,1,-1,-1,1,-1,-1,1,1,1,-1,1,1,1,-1,1,-1,-1,1,1,1,1,1,-1,1,1,1,-1,1,1,-1,1,1,1,-1,1,1,-1,-1,1,1,1,-1,1,-1,1,1,1,-1,1,1,-1,1,1,1,-1,1,-1,-1,1,1,1,-1,1,-1,-1,-1,1,1,-1,1,-1,-1,1,-1,1,-1,1,1,-1,-1,1,1,1,-1,1,-1,-1,1,1,-1,1,-1,-1,-1,-1,-1,-1,1,1,-1,-1,1,1,-1,1,-1,-1,-1,1,1,1,1,-1,-1,1,1,1,-1,1,-1,-1,-1,-1,1,1,-1,1,-1,-1,1,-1,1,-1,-1,-1,1,-1,-1,1,-1,1,-1,-1,1,-1,1,-1,-1,-1,1,1,-1,1,-1,1,-1,-1,1,-1,1,-1,-1,-1,-1,1,-1,-1,1,1,-1,-1,1,-1,1,1,-1,1,-1,1,-1,1,-1,1,-1,-1,1,-1,1,-1,-1,-1,1,1,-1,1,-1,1,-1,1,-1,1,1,-1,1,-1,1,-1,-1,1,-1,-1,-1,1,-1,1,-1,-1,1,-1,1,-1,-1,1,-1,-1,1,-1,1,-1,1,-1,1,-1,1,1,-1,1,-1,1,-1,1,-1,-1,1,-1,1,1,1,1,-1,-1,1,1,-1,1,1,-1,-1,1,1,1,-1,1,1,-1,1,1,1,1,1,-1,1,-1,-1,-1,1,-1,-1,1,-1,1,-1,1,-1,1,-1,-1,-1,1,1,-1,1,1,-1,-1,1,1,-1,1,1,-1,1,-1,1,-1,-1,-1,-1,-1,-1,1,-1,-1,-1,-1,-1,-1,1,-1,1,1,1,1,-1,1,-1,1,1,-1,-1,-1,1,-1,-1,1,-1,1,-1,-1,1,1,1,1,-1,-1,-1,1,1,1,-1,1,-1,1,1,1,1,-1,-1,-1,1,1,1,1,-1,-1,-1,1,-1,1,-1,1,-1,-1,-1,1,1,1,-1,-1,-1,1,1,1,1,1,-1,-1,-1,1,1,1,1,-1,-1,-1,1,1,1,-1,-1,-1,1,1,1,1,1,-1,-1,-1,1,1,1,1,-1,-1,-1,1,1,-1,1,-1,-1,-1,1,1,1,1,-1,-1,1,1,1,1,-1,-1,1,1,-1,1,1,-1,-1,-1,1,1,1,1,1,-1,1,1,1,1,1,-1,-1,-1,1,-1,1,-1,-1,-1,-1,1,-1,1,1,-1,-1,-1,1,-1,1,1,-1,-1,-1,1,1,1,1,-1,-1,-1,1,-1,1,1,-1,-1,-1,1,1,-1,-1,-1,-1,-1,1,-1,1,-1,-1,-1,-1,-1,-1,-1,1,-1,-1,-1,1,-1,-1,1,-1,-1,-1,-1,-1,-1,1,-1,-1,-1,-1,-1,1,-1,-1,-1,1,-1,-1,1,-1,1,-1,-1,-1,-1,-1,-1,-1,1,-1,-1,-1,1,1,-1,-1,-1,1,-1,-1,-1,-1,-1,1,-1,-1,1,1,1,-1,-1,-1,-1,1,-1,1,1,-1,1,-1,-1,1,1,-1,-1,-1,-1,-1,-1,1,1,-1,-1,1,-1,1,1,-1,-1,-1,1,-1,1,1,-1,-1,1,-1,-1,1,1,1,-1,1,-1,1,1,1,-1,-1,1,-1,-1,1,1,1,-1,1,-1,-1,1,1,-1,1,1,-1,-1,1,1,-1,1,1,-1,-1,1,1,1,1,1,-1,-1,1,1,1,1,1,1,-1,1,1,1,-1,1,-1,-1,1,-1,1,1,1,1,-1,-1,1,-1,1,1,1,-1,1,1,1,1,-1,1,-1,1,1,1,1,1,1,1,-1,-1,1,1,1,-1,1,-1,1,1,1,1,1,-1,1,1,1,1,-1,1,1,-1,1,1,-1,1,1,-1,-1,1,1,1,1,-1,1,-1,1,1,1,-1,-1,1,-1,1,1,1,-1,1,-1,-1,-1,1,1,-1,-1,1,-1,-1,1,1,1,-1,1,-1,1,1,1,1,-1,1,-1,-1,1,1,-1,-1,-1,1,1,1,1,-1,1,1,-1,1,1,-1,-1,1,1,-1,-1,1,1,-1,1,1,1,1,1,-1,-1,-1,-1,-1,-1,-1,-1,-1,-1,1,1,1,1,-1,1,1,-1,1,1,1,1,-1,1,-1,1,1,1,-1,-1,1,-1,1,1,1,-1,-1,1,-1,1,1,1,-1,-1,1,-1,1,1,1,1,-1,1,-1,1,1,1,-1,-1,-1,1,-1,1,-1,1,-1,1,-1,1,1,-2672.0,1,2000,445,1000,False
347,1,1,-1,-1,1,1,-1,-1,1,1,1,-1,1,1,1,1,-1,1,-1,-1,1,-1,1,1,1,-1,1,-1,1,1,1,1,1,-1,-1,-1,1,-1,1,1,-1,-1,-1,1,1,1,1,-1,1,1,1,1,-1,1,-1,-1,1,-1,1,1,-1,-1,-1,-1,1,1,1,1,-1,-1,-1,1,1,1,1,-1,-1,-1,1,1,1,-1,-1,-1,1,1,1,1,-1,-1,-1,1,1,1,1,-1,-1,1,1,-1,1,1,-1,-1,1,1,1,1,1,-1,-1,1,1,-1,1,1,-1,-1,1,1,1,1,1,1,-1,1,1,1,-1,1,1,-1,1,1,1,1,1,1,-1,-1,1,1,1,1,1,-1,1,1,1,1,1,1,-1,-1,-1,1,1,1,1,-1,1,1,1,1,-1,1,-1,1,-1,1,1,1,-1,-1,1,1,1,1,1,-1,1,-1,-1,1,-1,1,-1,1,1,1,1,1,1,1,1,1,1,1,-1,1,-1,1,1,-1,1,-1,1,1,-1,1,-1,1,-1,1,-1,1,1,-1,1,-1,1,1,1,1,-1,-1,1,1,-1,-1,1,-1,1,-1,1,1,1,1,-1,1,-1,1,-1,1,1,-1,-1,-1,1,-1,-1,1,-1,1,1,1,-1,1,1,-1,1,-1,1,-1,1,-1,1,-1,1,1,-1,1,-1,-1,-1,1,1,-1,1,-1,-1,-1,1,1,-1,-1,1,1,-1,-1,1,-1,-1,1,1,-1,1,1,1,-1,-1,1,-1,1,1,-1,1,-1,1,1,-1,1,-1,-1,-1,1,-1,-1,1,-1,1,-1,1,1,-1,1,1,1,-1,1,-1,-1,1,1,-1,-1,1,-1,1,1,-1,1,-1,1,-1,1,1,1,-1,1,1,-1,-1,1,1,-1,-1,1,-1,1,1,1,1,1,1,-1,1,1,1,1,1,-1,-1,1,1,1,1,1,-1,-1,-1,1,1,1,1,-1,-1,1,-1,1,-1,1,1,-1,-1,1,1,1,1,1,-1,-1,1,1,1,1,-1,1,-1,-1,-1,-1,1,1,-1,-1,1,1,-1,1,1,-1,-1,1,1,1,1,1,-1,1,1,1,-1,1,-1,-1,-1,-1,1,1,1,1,-1,-1,1,-1,1,1,-1,-1,-1,1,-1,1,-1,-1,-1,1,-1,1,-1,1,1,-1,1,1,-1,1,-1,1,-1,-1,1,-1,1,-1,1,1,-1,1,-1,-1,1,1,-1,-1,1,-1,1,1,1,-1,-1,1,-1,1,-1,1,-1,1,1,1,-1,-1,-1,-1,1,1,-1,1,-1,-1,-1,1,-1,1,1,-1,-1,-1,1,-1,-1,1,-1,-1,-1,1,-1,1,-1,-1,-1,-1,1,-1,-1,1,-1,-1,-1,-1,1,-1,-1,-1,-1,-1,1,1,-1,-1,-1,1,-1,1,-1,-1,1,-1,-1,1,-1,1,-1,-1,1,-1,1,-1,1,1,-1,1,-1,-1,1,1,1,-1,1,-1,1,-1,-1,-1,1,-1,-1,-1,1,-1,-1,-1,1,1,-1,1,-1,1,-1,1,-1,1,1,-1,1,1,1,-1,-1,1,-1,1,-1,1,1,-1,1,-1,-1,1,1,-1,-1,1,-1,-1,-1,1,-1,-1,1,-1,1,1,1,1,-1,1,-1,-1,1,1,-1,-1,1,-1,-1,-1,1,1,-1,-1,1,1,-1,-1,-1,-1,1,1,1,1,1,1,-1,-1,1,1,-1,1,-1,-1,1,1,1,1,-1,1,-1,1,-1,1,1,1,1,-1,-1,1,1,1,-1,-1,-1,-1,1,1,1,1,-1,-1,-1,1,1,1,-1,-1,-1,-1,1,1,1,1,-1,-1,1,1,1,1,1,-1,-1,-1,1,1,1,1,-1,-1,-1,1,1,-1,1,-1,-1,-1,1,1,1,1,-1,-1,1,1,1,1,1,-1,1,1,-1,1,1,-1,-1,-1,1,1,1,1,1,-1,1,1,1,1,1,1,-1,-1,1,-1,1,-1,1,-1,-1,1,-1,1,1,-1,-1,-1,1,-1,1,1,-1,1,-1,1,1,1,-1,1,1,-1,1,-1,1,-1,-1,-1,-1,1,1,-1,-1,-1,-1,-1,1,-1,1,-1,-1,-1,-1,-1,-1,-1,1,-1,-1,-1,1,-1,-1,1,-1,-1,-1,-1,-1,1,1,-1,-1,-1,-1,-1,1,-1,-1,-1,1,-1,-1,1,-1,1,-1,-1,-1,-1,-1,-1,-1,1,-1,-1,-1,-1,1,-1,-1,-1,-1,1,-1,-1,-1,-1,1,-1,-1,1,1,1,-1,-1,-1,-1,1,1,1,1,-1,1,-1,-1,-1,1,-1,-1,-1,-1,-1,-1,1,1,-1,-1,1,-1,1,1,-1,-1,-1,1,-1,1,1,-1,-1,1,1,-1,1,1,1,-1,1,-1,1,1,1,-1,-1,1,-1,-1,1,1,1,-1,1,-1,-1,1,1,-1,1,1,1,-1,1,1,1,1,1,1,-1,1,1,1,1,1,1,-1,1,1,1,1,-1,1,-1,1,1,1,1,1,1,-1,1,-1,1,1,1,1,-1,-1,1,-1,1,-1,1,-1,1,1,1,1,-1,1,-1,1,1,1,1,1,1,-1,-1,1,1,1,1,-1,1,-1,1,1,1,1,-1,1,-1,1,1,1,-1,-1,1,-1,1,1,-1,1,-1,-1,-1,1,1,1,-1,1,-1,-1,1,1,1,-1,-1,-1,-1,1,1,1,-1,1,-1,-1,-1,1,1,-1,1,-1,-1,-1,1,1,-1,1,-1,-1,1,-1,1,1,1,1,-1,-1,1,1,-1,-1,1,1,1,-1,1,-1,1,-1,-1,1,1,-1,-1,1,-1,-1,-1,1,1,-1,1,-1,1,1,1,-1,-1,1,-1,1,-1,-1,-1,-1,1,-1,1,1,1,-1,1,1,-1,1,1,1,1,-1,1,-1,1,1,1,1,-1,1,-1,1,1,1,1,-1,1,-1,1,1,1,1,-1,1,-1,1,1,-1,-1,-1,1,-1,-1,1,1,-1,-1,-1,1,-1,1,-1,1,-1,1,-1,-1,1,-2672.0,1,2000,445,1000,False
348,1,1,-1,-1,1,1,-1,-1,1,1,1,-1,-1,1,1,1,-1,1,-1,-1,-1,-1,1,1,1,-1,-1,-1,1,1,1,1,-1,-1,-1,-1,1,1,1,1,-1,-1,-1,1,1,1,1,-1,1,1,1,1,-1,1,-1,-1,1,-1,1,1,1,-1,-1,-1,1,1,1,1,-1,-1,-1,1,1,1,1,-1,-1,-1,1,1,1,-1,-1,-1,1,1,1,1,-1,-1,1,1,1,1,1,-1,-1,-1,1,-1,1,1,-1,-1,1,1,1,1,1,-1,-1,-1,1,1,1,1,-1,-1,1,1,1,1,1,1,-1,-1,1,1,-1,1,1,-1,1,1,1,1,1,1,-1,1,1,1,1,1,1,-1,1,1,1,1,1,1,-1,-1,-1,1,1,1,1,-1,1,1,1,1,-1,1,-1,1,-1,1,1,1,-1,-1,1,1,1,1,1,-1,1,-1,-1,1,-1,1,-1,1,1,1,1,1,1,1,1,1,-1,1,-1,1,-1,1,1,-1,1,-1,1,1,-1,1,-1,1,-1,1,-1,1,1,-1,1,-1,1,1,1,1,-1,-1,1,1,-1,-1,1,-1,1,-1,-1,1,-1,1,-1,1,-1,1,-1,1,1,-1,-1,-1,1,1,-1,1,-1,1,1,1,-1,1,1,-1,1,-1,1,-1,1,-1,1,-1,1,1,-1,1,-1,-1,-1,1,1,-1,1,-1,-1,-1,1,1,-1,-1,1,1,-1,-1,1,1,-1,1,1,-1,1,1,1,1,-1,1,-1,1,1,-1,1,-1,1,-1,1,1,1,1,1,1,-1,-1,1,-1,-1,-1,1,1,-1,1,1,1,-1,1,1,1,1,1,1,1,1,-1,1,1,1,-1,1,1,-1,1,1,1,-1,1,1,-1,-1,1,1,1,-1,1,-1,1,1,1,-1,1,1,-1,1,1,1,-1,1,1,-1,1,1,1,-1,1,1,1,-1,1,1,1,1,1,-1,1,-1,1,-1,1,1,1,-1,1,1,1,-1,1,1,-1,1,1,-1,1,1,1,-1,-1,-1,-1,1,1,1,-1,1,1,-1,1,1,-1,-1,1,1,-1,1,1,-1,1,1,1,1,1,1,1,-1,-1,1,-1,-1,-1,1,-1,1,-1,-1,1,1,1,-1,-1,-1,1,-1,-1,1,-1,1,-1,-1,1,1,1,1,-1,-1,1,-1,-1,1,-1,1,-1,-1,-1,-1,1,1,1,-1,-1,1,-1,1,1,-1,-1,1,-1,1,-1,1,-1,-1,-1,1,-1,1,1,-1,-1,-1,-1,1,1,-1,1,-1,-1,1,1,1,-1,-1,1,-1,1,1,1,-1,-1,-1,-1,-1,1,1,1,-1,1,-1,1,-1,1,-1,-1,-1,1,-1,1,1,1,-1,-1,1,-1,-1,1,-1,-1,-1,-1,-1,-1,1,-1,-1,-1,1,-1,-1,1,-1,-1,-1,-1,-1,-1,1,-1,-1,1,-1,1,-1,-1,1,1,1,-1,1,-1,1,-1,1,1,1,-1,-1,-1,1,-1,-1,1,1,1,-1,1,-1,1,1,1,-1,1,1,-1,-1,-1,1,-1,-1,1,-1,-1,1,1,1,-1,1,-1,-1,1,1,-1,-1,1,-1,-1,1,1,-1,-1,1,-1,-1,-1,1,1,-1,1,1,-1,-1,1,-1,-1,1,-1,1,-1,1,1,-1,-1,1,-1,-1,-1,-1,-1,1,1,1,-1,-1,1,-1,-1,1,-1,-1,1,-1,-1,1,1,-1,-1,1,-1,-1,1,1,-1,1,-1,-1,-1,-1,1,1,-1,-1,-1,-1,-1,1,-1,-1,1,-1,-1,-1,1,1,-1,-1,-1,-1,-1,1,-1,-1,-1,-1,-1,1,1,1,-1,-1,-1,-1,-1,1,1,-1,-1,-1,-1,-1,1,1,1,-1,-1,-1,-1,1,1,-1,-1,-1,-1,1,1,1,1,1,-1,1,1,1,1,1,1,-1,-1,1,1,1,-1,-1,-1,1,1,1,1,-1,1,-1,-1,1,-1,1,-1,1,-1,-1,1,-1,1,1,1,-1,-1,1,-1,1,-1,1,-1,-1,1,-1,1,1,1,-1,-1,1,-1,1,1,1,-1,-1,1,1,-1,1,1,-1,-1,1,-1,1,-1,1,-1,-1,-1,-1,-1,1,1,-1,-1,1,-1,-1,1,1,-1,-1,-1,-1,-1,-1,1,-1,-1,-1,-1,1,1,-1,-1,1,-1,-1,1,-1,1,-1,-1,-1,-1,-1,1,1,1,-1,-1,-1,1,1,1,-1,-1,1,1,-1,-1,1,-1,1,-1,-1,1,1,1,-1,-1,-1,-1,1,-1,1,1,-1,1,-1,-1,1,1,-1,-1,-1,-1,-1,-1,1,1,-1,-1,1,-1,1,1,-1,-1,-1,1,-1,1,1,-1,-1,1,-1,-1,1,1,1,-1,1,-1,1,1,1,-1,-1,1,-1,-1,1,1,1,-1,1,-1,-1,1,1,-1,1,1,-1,-1,1,1,-1,1,1,-1,-1,1,1,-1,1,1,-1,-1,1,1,1,1,1,1,-1,1,1,1,-1,1,-1,-1,1,-1,1,1,1,1,-1,-1,1,-1,1,1,1,-1,1,1,1,1,-1,1,-1,1,1,1,1,1,1,1,-1,1,1,1,1,-1,1,-1,1,1,1,1,1,1,1,1,1,1,-1,1,-1,1,1,1,-1,1,1,1,1,-1,1,1,1,-1,1,1,1,1,1,-1,-1,1,-1,1,1,1,-1,1,-1,1,1,1,1,-1,-1,1,1,-1,1,1,-1,-1,1,1,-1,1,1,1,-1,-1,-1,1,1,1,-1,-1,-1,-1,1,1,1,-1,1,1,1,1,1,-1,-1,1,1,1,1,1,1,-1,1,-1,1,1,1,-1,-1,-1,-1,-1,-1,-1,-1,-1,1,-1,1,1,1,-1,1,1,-1,-1,1,1,1,-1,1,-1,1,1,1,-1,-1,1,-1,1,1,1,-1,-1,1,-1,1,1,1,-1,-1,1,-1,1,-1,1,1,-1,1,-1,-1,1,1,1,-1,-1,-1,1,1,-1,1,-1,1,-1,-1,1,-2672.0,1,2000,445,1000,False
349,1,1,-1,-1,1,-1,-1,-1,1,1,1,-1,1,1,1,1,-1,1,-1,-1,1,-1,1,1,1,-1,-1,-1,1,1,1,1,1,-1,-1,-1,1,-1,1,1,-1,-1,-1,1,1,1,1,-1,1,1,1,1,-1,1,-1,-1,1,-1,1,1,-1,-1,-1,-1,1,1,1,1,-1,-1,-1,1,1,1,1,-1,-1,-1,1,1,1,-1,-1,-1,1,1,1,1,-1,-1,-1,1,1,1,1,-1,-1,1,1,-1,1,1,-1,-1,1,1,1,1,1,-1,-1,1,1,1,1,1,-1,-1,1,1,1,1,1,1,-1,1,1,1,-1,1,1,-1,1,1,1,1,1,1,-1,-1,1,1,1,1,1,-1,1,1,1,1,1,1,-1,-1,-1,1,1,1,1,-1,1,1,1,1,-1,1,-1,1,-1,1,1,1,-1,-1,1,1,1,1,1,-1,1,-1,-1,1,-1,1,-1,1,1,1,1,1,1,1,1,1,-1,1,-1,1,-1,1,1,-1,1,-1,1,1,-1,1,-1,1,-1,1,-1,1,1,-1,1,-1,1,1,1,1,-1,-1,1,1,-1,-1,1,-1,1,-1,1,1,-1,1,-1,1,-1,1,-1,1,1,-1,-1,-1,1,1,-1,1,-1,1,1,1,-1,1,1,-1,1,-1,1,-1,1,-1,1,-1,1,1,-1,1,-1,-1,-1,1,1,-1,1,-1,-1,-1,1,1,-1,-1,1,1,-1,-1,1,1,-1,1,1,-1,1,1,1,1,-1,1,-1,1,1,-1,1,-1,1,1,1,1,1,1,1,1,-1,-1,1,-1,-1,-1,1,1,-1,1,1,1,-1,1,1,1,1,1,1,1,1,-1,1,1,1,-1,1,1,-1,1,1,1,-1,1,1,-1,-1,1,1,1,-1,1,-1,1,1,1,-1,1,1,-1,1,1,1,-1,1,1,-1,1,1,1,-1,1,1,-1,-1,1,1,-1,1,1,-1,1,-1,1,-1,1,1,1,-1,1,1,1,-1,1,1,-1,1,1,-1,1,1,1,-1,-1,-1,-1,1,1,1,-1,1,1,-1,1,1,-1,-1,1,1,1,1,1,-1,1,1,1,-1,1,1,1,1,-1,1,1,-1,-1,1,-1,1,-1,1,-1,1,1,-1,-1,-1,1,-1,-1,1,-1,1,-1,1,-1,1,1,1,-1,-1,1,-1,-1,1,-1,1,-1,1,-1,1,1,1,1,-1,-1,1,-1,1,1,-1,-1,1,1,1,-1,1,-1,-1,1,-1,-1,1,1,-1,-1,1,-1,1,1,-1,1,-1,1,-1,-1,1,-1,-1,1,1,-1,1,1,-1,-1,-1,1,-1,1,1,1,-1,1,-1,-1,-1,1,-1,-1,-1,1,-1,1,1,1,-1,-1,1,-1,-1,1,-1,-1,-1,1,-1,-1,1,-1,-1,-1,1,-1,-1,1,-1,-1,-1,-1,1,-1,1,-1,-1,-1,-1,1,-1,-1,1,1,1,-1,1,-1,1,-1,1,1,1,-1,-1,-1,1,-1,-1,1,1,1,-1,1,-1,1,1,1,-1,1,1,-1,1,-1,1,-1,-1,1,-1,-1,1,1,1,-1,1,-1,-1,1,1,-1,-1,1,-1,-1,1,1,-1,-1,1,-1,-1,-1,1,1,-1,1,1,-1,-1,1,-1,-1,1,-1,1,-1,1,1,-1,-1,1,-1,-1,-1,-1,-1,1,1,1,-1,-1,1,-1,-1,1,-1,-1,1,-1,-1,1,1,-1,-1,1,-1,-1,1,1,-1,1,-1,1,-1,-1,1,1,-1,-1,-1,-1,1,1,-1,-1,1,-1,-1,-1,1,1,-1,-1,-1,-1,-1,1,-1,-1,-1,-1,-1,1,1,1,-1,-1,-1,-1,-1,1,1,-1,-1,-1,-1,-1,1,1,1,-1,-1,-1,-1,1,1,-1,-1,-1,-1,1,1,1,1,1,-1,1,1,1,1,1,1,-1,-1,1,1,1,-1,-1,-1,1,1,1,1,-1,1,-1,-1,1,-1,1,-1,1,-1,-1,1,-1,1,-1,1,-1,-1,1,-1,1,-1,1,1,-1,1,-1,1,1,1,1,-1,1,-1,1,1,1,-1,-1,1,1,-1,1,1,-1,-1,1,-1,1,-1,1,-1,-1,-1,-1,-1,1,1,-1,-1,1,-1,-1,1,1,-1,-1,-1,-1,1,-1,1,-1,-1,-1,-1,1,1,-1,-1,1,-1,-1,1,-1,1,-1,-1,-1,-1,-1,1,1,1,-1,-1,-1,1,1,1,-1,-1,-1,1,-1,-1,1,-1,1,-1,-1,1,1,1,-1,-1,-1,-1,1,-1,1,1,-1,1,-1,-1,1,1,-1,-1,-1,-1,-1,-1,1,1,-1,-1,1,-1,1,1,-1,-1,-1,1,-1,1,1,-1,-1,1,-1,-1,1,1,1,-1,1,-1,1,1,1,-1,-1,1,-1,-1,1,-1,1,-1,1,-1,-1,1,1,-1,1,1,-1,-1,1,1,1,1,1,-1,-1,1,1,1,1,1,-1,-1,1,1,1,1,1,1,-1,1,1,1,-1,1,-1,-1,1,-1,1,1,1,1,-1,-1,1,-1,1,1,1,-1,1,1,1,1,-1,1,-1,1,1,1,1,1,1,1,-1,-1,1,1,1,-1,1,-1,1,1,1,1,1,-1,1,1,1,1,-1,1,1,-1,-1,1,-1,1,1,-1,-1,1,1,1,1,-1,1,-1,1,1,1,-1,-1,1,-1,1,1,1,-1,1,-1,-1,-1,1,1,-1,-1,1,-1,-1,1,1,-1,-1,1,-1,1,1,1,1,-1,1,-1,-1,1,1,-1,-1,-1,1,1,-1,1,-1,1,1,-1,1,1,-1,-1,1,1,-1,-1,1,1,-1,1,1,1,1,1,-1,-1,-1,-1,1,-1,-1,-1,-1,-1,1,1,1,1,-1,1,1,-1,1,1,1,1,-1,1,-1,1,1,1,1,-1,1,-1,1,1,1,1,-1,1,-1,1,1,1,1,-1,1,-1,1,1,-1,-1,-1,1,-1,1,1,1,-1,-1,-1,1,-1,1,-1,1,-1,1,-1,1,1,-2672.0,1,2000,445,1000,False
350,1,1,-1,-1,1,-1,1,-1,1,1,1,-1,1,1,1,1,-1,1,-1,-1,1,-1,1,1,1,-1,-1,-1,1,1,1,1,1,-1,-1,-1,1,1,1,1,-1,-1,-1,1,1,1,1,-1,1,1,1,1,-1,1,-1,-1,1,-1,1,1,-1,-1,-1,-1,1,1,1,1,-1,-1,-1,1,1,1,1,-1,-1,-1,1,1,1,-1,-1,-1,1,1,1,1,-1,-1,-1,1,1,1,1,-1,-1,1,1,-1,1,1,-1,-1,1,1,1,1,1,-1,-1,1,1,1,1,1,-1,-1,1,1,1,1,1,1,-1,-1,1,1,-1,1,1,-1,1,1,1,1,1,1,-1,-1,1,1,1,1,1,-1,1,1,1,1,1,1,-1,-1,-1,1,1,1,1,-1,1,1,1,1,-1,1,-1,1,-1,1,1,1,-1,-1,1,1,1,1,1,-1,1,-1,-1,1,-1,1,-1,1,1,1,1,1,1,1,1,1,1,1,-1,1,-1,1,1,-1,1,-1,1,1,-1,1,-1,1,-1,1,-1,1,1,-1,1,-1,1,1,1,1,-1,-1,1,1,-1,-1,1,-1,1,-1,-1,1,-1,1,-1,1,-1,1,-1,1,1,-1,-1,-1,1,1,-1,1,-1,1,1,1,-1,1,1,-1,1,-1,1,-1,1,-1,1,-1,1,1,-1,1,-1,-1,-1,1,1,-1,1,-1,-1,-1,1,1,-1,-1,1,1,-1,-1,1,1,-1,1,1,-1,1,1,1,1,-1,1,-1,1,1,-1,1,-1,1,-1,1,1,1,1,1,1,-1,-1,1,-1,-1,-1,1,1,-1,1,1,1,-1,1,1,1,1,1,1,1,1,-1,1,1,1,-1,1,1,-1,1,1,1,-1,1,1,-1,-1,1,1,1,-1,1,-1,1,1,1,-1,1,1,-1,1,1,1,-1,1,1,-1,1,1,1,-1,1,1,1,-1,1,1,-1,1,1,-1,1,-1,1,-1,1,1,1,-1,1,1,1,-1,1,1,-1,1,1,-1,1,-1,1,-1,-1,-1,-1,1,1,1,-1,1,1,-1,1,1,-1,-1,1,1,1,1,1,-1,1,1,1,-1,1,1,1,1,-1,1,1,-1,-1,1,-1,1,-1,1,-1,1,1,-1,-1,-1,1,-1,-1,1,1,-1,1,1,-1,1,1,1,1,-1,1,-1,-1,1,-1,1,-1,1,-1,-1,1,1,1,-1,-1,1,-1,1,1,1,-1,1,1,1,-1,1,1,-1,1,-1,-1,1,1,1,-1,1,-1,1,1,1,1,-1,1,-1,1,1,1,-1,1,1,-1,-1,1,1,-1,-1,1,-1,1,1,1,-1,1,-1,-1,-1,1,1,-1,-1,1,-1,1,1,1,1,-1,1,-1,-1,-1,1,1,-1,1,-1,1,-1,1,-1,-1,1,-1,-1,1,-1,1,-1,-1,1,-1,1,-1,1,-1,-1,1,-1,-1,1,1,1,-1,1,-1,1,-1,-1,-1,1,-1,-1,-1,1,-1,-1,1,1,1,-1,1,-1,1,1,1,-1,1,1,-1,1,-1,1,-1,-1,1,-1,-1,1,1,1,-1,1,-1,-1,1,1,-1,-1,1,-1,-1,1,1,-1,-1,1,-1,-1,-1,1,1,-1,1,1,-1,-1,1,-1,-1,1,-1,1,-1,1,1,-1,-1,1,-1,-1,-1,-1,-1,1,1,1,-1,1,1,-1,-1,1,-1,-1,-1,-1,-1,1,1,-1,-1,-1,-1,-1,1,1,-1,1,1,-1,-1,-1,1,1,-1,-1,-1,-1,-1,1,-1,-1,1,-1,-1,-1,1,1,-1,-1,-1,-1,-1,1,-1,-1,1,-1,-1,1,1,1,-1,1,-1,-1,-1,1,1,-1,-1,-1,-1,-1,1,1,1,-1,-1,-1,-1,1,1,-1,-1,-1,-1,1,1,1,1,-1,-1,1,1,1,1,1,-1,-1,-1,1,1,1,1,1,-1,1,1,1,1,-1,1,-1,-1,1,-1,1,-1,1,-1,-1,1,-1,1,-1,-1,-1,-1,1,-1,1,-1,1,-1,-1,1,-1,1,-1,1,-1,-1,1,-1,1,-1,-1,-1,-1,1,1,-1,-1,-1,-1,-1,1,-1,1,-1,-1,-1,-1,-1,-1,-1,1,-1,-1,-1,1,-1,-1,1,-1,-1,-1,-1,-1,1,1,-1,-1,-1,-1,-1,1,-1,-1,-1,1,-1,-1,1,-1,1,-1,-1,-1,-1,-1,-1,-1,1,-1,-1,-1,1,1,-1,-1,-1,1,-1,-1,-1,-1,-1,1,-1,-1,1,-1,1,-1,-1,-1,-1,1,-1,1,1,-1,1,-1,-1,1,1,-1,-1,-1,-1,-1,-1,1,1,-1,-1,1,-1,1,1,-1,-1,-1,1,-1,1,1,-1,-1,1,-1,-1,1,1,1,-1,1,-1,1,1,1,-1,-1,1,-1,-1,1,1,1,-1,1,-1,-1,1,1,-1,1,1,-1,-1,1,1,1,1,1,-1,-1,1,1,1,1,1,-1,-1,1,1,1,1,1,1,-1,1,1,1,1,1,-1,-1,1,-1,1,1,1,1,-1,-1,1,-1,1,1,1,-1,1,1,1,1,-1,1,-1,1,1,1,1,1,1,1,-1,-1,1,1,1,-1,1,-1,1,1,1,1,1,-1,1,1,1,1,-1,1,1,-1,1,1,-1,1,1,-1,-1,1,1,1,1,-1,1,-1,1,1,1,-1,-1,1,-1,1,1,1,-1,1,-1,-1,-1,1,1,-1,-1,1,-1,-1,1,1,-1,-1,1,-1,1,1,1,1,-1,1,-1,-1,1,1,-1,-1,-1,1,1,-1,1,-1,1,1,-1,1,1,-1,-1,1,1,-1,-1,1,1,-1,1,1,1,1,1,-1,-1,-1,-1,1,-1,-1,-1,-1,-1,1,1,1,1,-1,1,1,-1,1,1,1,1,-1,1,-1,1,1,1,1,-1,1,-1,1,1,1,1,-1,1,-1,1,1,1,1,-1,1,-1,1,1,-1,-1,-1,1,-1,1,1,1,-1,-1,-1,1,-1,1,-1,1,-1,1,-1,1,1,-2672.0,1,2000,445,0,False
351,1,1,-1,-1,1,1,-1,-1,1,1,1,-1,1,1,1,1,-1,1,-1,-1,-1,-1,1,1,1,-1,-1,-1,1,1,1,1,-1,-1,-1,-1,1,-1,1,1,-1,-1,-1,1,1,1,1,-1,1,1,1,1,-1,1,-1,-1,1,-1,1,1,1,-1,-1,-1,1,1,1,1,-1,-1,-1,1,1,1,1,-1,-1,-1,1,1,1,-1,-1,-1,1,1,1,1,-1,-1,1,1,1,1,1,-1,-1,-1,1,-1,1,1,-1,-1,1,1,1,1,1,-1,-1,-1,1,1,1,1,-1,-1,1,1,1,1,1,1,-1,-1,1,1,-1,1,1,-1,1,1,1,1,1,1,-1,1,1,1,1,1,1,-1,1,1,1,1,1,1,-1,-1,-1,1,1,1,1,-1,1,1,1,1,-1,1,-1,1,-1,1,1,1,-1,-1,1,1,1,1,1,-1,1,-1,-1,1,-1,1,-1,1,1,1,1,1,1,1,1,1,-1,1,-1,1,-1,1,1,-1,1,-1,1,1,-1,1,-1,1,-1,1,-1,1,1,-1,1,-1,1,1,1,1,-1,-1,1,1,-1,-1,1,-1,1,-1,-1,1,-1,1,-1,1,-1,1,-1,1,1,-1,-1,-1,1,1,-1,1,-1,1,1,1,-1,1,1,-1,1,-1,1,-1,1,-1,1,-1,1,1,-1,1,-1,-1,-1,1,1,-1,1,-1,-1,-1,1,1,-1,-1,1,1,-1,-1,1,1,-1,1,1,-1,1,1,1,1,-1,1,-1,1,1,-1,1,-1,1,1,-1,1,1,1,1,1,-1,-1,1,-1,-1,-1,1,1,-1,1,1,1,-1,1,-1,-1,1,1,1,1,1,-1,1,1,1,-1,1,1,-1,1,1,1,-1,1,1,-1,-1,1,1,1,-1,1,-1,1,1,1,-1,1,1,-1,1,1,1,-1,1,-1,-1,1,1,1,-1,1,-1,-1,-1,1,1,-1,1,-1,-1,1,-1,1,-1,1,1,-1,-1,1,1,1,-1,1,-1,-1,1,1,-1,1,-1,-1,-1,-1,-1,-1,1,-1,-1,-1,1,1,-1,1,-1,1,-1,1,1,1,1,-1,-1,1,1,1,-1,1,-1,-1,-1,-1,1,1,-1,1,-1,-1,1,-1,1,-1,-1,-1,1,-1,-1,1,-1,1,-1,-1,1,-1,1,-1,-1,-1,1,1,-1,1,-1,1,-1,-1,1,-1,1,-1,-1,-1,-1,1,-1,-1,1,1,-1,-1,1,-1,1,1,-1,1,-1,1,-1,1,-1,1,-1,-1,1,-1,1,-1,-1,-1,1,1,-1,1,-1,1,-1,1,-1,1,1,-1,1,-1,1,-1,-1,1,-1,-1,-1,1,-1,1,-1,-1,1,-1,1,-1,-1,1,-1,-1,1,-1,1,-1,1,-1,1,-1,1,1,-1,1,-1,1,-1,1,-1,-1,1,-1,1,1,1,1,-1,-1,1,1,-1,1,1,-1,-1,1,1,1,-1,1,1,-1,1,1,1,1,1,-1,1,-1,-1,-1,1,-1,1,1,1,1,-1,1,-1,1,-1,-1,-1,1,1,-1,1,1,-1,-1,-1,1,-1,1,1,-1,1,-1,1,-1,-1,-1,-1,-1,-1,1,-1,-1,-1,-1,-1,-1,1,-1,1,1,1,1,-1,1,-1,1,1,-1,-1,-1,1,-1,-1,1,-1,1,-1,-1,1,1,1,1,-1,-1,1,1,1,1,-1,1,-1,-1,1,1,1,-1,-1,-1,1,1,1,1,-1,-1,-1,1,-1,1,-1,1,1,-1,-1,1,1,1,-1,-1,-1,1,1,1,1,1,-1,-1,-1,1,1,1,1,-1,-1,-1,1,-1,1,-1,-1,-1,1,1,1,1,1,-1,-1,-1,1,1,1,1,-1,-1,-1,1,1,-1,1,-1,-1,-1,1,1,1,1,-1,-1,1,1,1,1,-1,-1,1,1,-1,1,1,-1,-1,-1,1,1,1,1,1,-1,1,1,1,1,1,-1,-1,-1,1,-1,1,-1,-1,-1,-1,1,-1,1,1,-1,-1,-1,1,-1,1,1,-1,1,-1,1,1,1,1,-1,1,-1,1,-1,1,1,-1,-1,-1,1,1,-1,-1,-1,-1,-1,1,-1,1,-1,-1,-1,-1,-1,-1,-1,1,-1,-1,-1,1,-1,-1,1,-1,-1,-1,-1,-1,1,1,-1,-1,-1,-1,-1,1,-1,-1,-1,1,-1,-1,1,-1,1,-1,-1,-1,-1,-1,-1,-1,1,-1,-1,-1,1,1,-1,-1,-1,1,1,-1,-1,-1,-1,1,-1,-1,1,1,1,-1,-1,-1,-1,1,-1,1,1,-1,1,-1,-1,1,1,-1,-1,-1,-1,-1,-1,1,1,-1,-1,1,-1,1,1,-1,-1,-1,1,-1,1,1,-1,-1,1,-1,-1,1,1,1,-1,1,-1,1,1,1,-1,-1,1,-1,-1,1,1,1,-1,1,-1,-1,1,1,-1,1,1,-1,-1,1,1,-1,1,1,-1,-1,1,1,-1,1,1,-1,-1,1,1,1,1,1,1,-1,1,1,1,1,1,-1,-1,1,-1,1,1,1,1,-1,-1,1,-1,1,1,1,-1,1,1,1,1,-1,1,-1,1,1,1,1,1,1,1,-1,-1,1,1,1,-1,1,-1,1,1,1,1,1,-1,1,1,1,1,-1,1,1,-1,-1,1,-1,1,1,-1,-1,1,1,1,1,-1,1,-1,1,1,1,-1,-1,1,-1,1,1,1,-1,1,-1,-1,-1,1,1,-1,-1,1,-1,-1,1,1,-1,-1,1,-1,1,1,1,1,-1,1,-1,-1,1,1,-1,-1,-1,1,1,1,1,-1,1,1,-1,1,1,-1,-1,1,1,-1,-1,1,1,-1,1,1,1,1,1,-1,-1,-1,-1,1,-1,-1,-1,-1,-1,1,1,1,1,-1,1,1,-1,1,1,1,1,-1,1,-1,1,1,1,-1,-1,1,-1,1,1,1,-1,-1,1,-1,1,1,1,-1,-1,1,-1,1,1,1,1,-1,1,-1,1,1,1,1,-1,-1,1,-1,1,-1,1,-1,1,-1,1,1,-2672.0,1,2000,445,0,False
352,1,1,-1,-1,1,1,-1,-1,1,1,1,-1,1,1,1,1,-1,1,-1,-1,-1,-1,1,1,1,-1,1,-1,1,1,1,1,1,-1,-1,-1,1,1,1,1,-1,-1,-1,1,1,1,1,-1,1,1,1,1,-1,1,-1,-1,1,-1,1,1,1,-1,-1,-1,1,1,1,1,-1,-1,-1,1,1,1,1,-1,-1,-1,1,1,1,-1,-1,-1,1,1,1,1,-1,-1,-1,1,1,1,1,-1,-1,1,1,-1,1,1,-1,-1,1,1,1,1,1,-1,-1,-1,1,1,1,1,-1,-1,1,1,1,1,1,1,-1,-1,1,1,-1,1,1,-1,1,1,1,1,1,1,-1,1,1,1,1,1,1,-1,1,1,1,1,1,1,-1,-1,-1,1,1,1,1,-1,1,1,1,1,-1,1,-1,1,-1,1,1,1,-1,-1,1,1,1,1,1,-1,1,-1,-1,1,-1,1,-1,1,1,1,1,1,1,1,1,1,-1,1,-1,1,-1,1,1,-1,1,-1,1,1,-1,1,-1,1,-1,1,-1,1,1,-1,1,-1,1,1,1,1,-1,-1,1,1,-1,-1,1,-1,1,-1,-1,1,-1,1,-1,1,-1,1,-1,1,1,-1,-1,-1,1,1,-1,1,-1,1,1,1,-1,1,1,-1,1,-1,1,-1,1,-1,1,-1,1,1,-1,1,-1,-1,-1,1,1,-1,1,-1,-1,-1,1,1,-1,-1,1,1,-1,-1,1,1,-1,1,1,-1,1,1,1,1,-1,1,-1,1,1,-1,1,-1,1,-1,1,1,1,1,1,1,-1,-1,1,-1,-1,-1,1,1,-1,1,1,1,-1,1,1,1,1,1,1,-1,1,-1,1,1,1,-1,1,1,-1,1,1,1,-1,1,1,-1,-1,1,1,1,-1,1,-1,1,1,1,-1,1,1,-1,1,1,1,-1,1,1,-1,1,1,1,-1,1,1,-1,-1,-1,1,-1,1,1,-1,1,1,1,-1,1,1,1,-1,1,1,1,-1,1,1,-1,1,1,-1,1,1,1,-1,-1,1,1,1,1,1,-1,1,-1,-1,1,1,-1,-1,-1,1,-1,1,1,-1,1,-1,1,1,1,1,1,-1,-1,1,-1,-1,-1,1,-1,1,-1,-1,1,1,1,-1,1,-1,1,-1,-1,1,1,-1,1,-1,1,1,1,1,1,-1,1,-1,-1,1,-1,1,-1,-1,-1,-1,1,1,1,-1,-1,1,-1,1,1,1,-1,1,-1,1,-1,1,1,-1,-1,1,-1,1,1,1,1,-1,-1,1,1,1,1,-1,-1,1,-1,1,1,-1,1,-1,1,1,1,1,-1,-1,-1,-1,1,1,1,-1,1,-1,1,-1,1,1,-1,-1,1,-1,1,1,1,1,-1,1,-1,-1,1,1,1,-1,-1,-1,-1,1,1,-1,-1,1,-1,-1,1,-1,1,-1,-1,-1,-1,1,-1,1,-1,-1,1,-1,-1,1,1,1,-1,1,-1,1,-1,1,-1,1,-1,-1,-1,1,-1,-1,1,1,1,-1,1,-1,1,1,1,-1,1,1,-1,1,-1,1,-1,-1,1,-1,-1,1,1,1,-1,1,-1,-1,1,1,-1,-1,1,-1,-1,1,1,-1,-1,1,-1,-1,-1,1,1,-1,1,1,-1,-1,1,-1,-1,1,-1,1,-1,1,1,-1,-1,1,-1,-1,-1,-1,-1,1,1,1,-1,-1,1,-1,-1,1,-1,-1,1,-1,-1,1,1,-1,-1,1,-1,-1,1,1,-1,1,-1,1,-1,-1,1,1,-1,-1,-1,-1,-1,1,-1,-1,1,-1,-1,-1,1,1,-1,-1,-1,-1,-1,1,-1,-1,-1,-1,-1,1,1,1,-1,-1,-1,-1,-1,1,1,-1,-1,-1,-1,-1,1,1,1,-1,-1,-1,-1,1,1,-1,-1,-1,-1,1,1,1,1,-1,-1,1,1,1,1,1,-1,-1,-1,1,1,1,-1,1,-1,1,1,1,1,-1,1,-1,-1,1,-1,1,-1,1,-1,-1,1,-1,1,-1,-1,-1,-1,1,-1,1,-1,1,-1,-1,1,-1,1,-1,1,-1,-1,1,-1,1,-1,-1,-1,-1,1,1,-1,-1,-1,-1,-1,1,-1,1,-1,-1,-1,-1,-1,-1,-1,1,-1,-1,-1,1,-1,-1,1,-1,-1,-1,-1,-1,-1,1,-1,-1,-1,-1,-1,1,-1,-1,-1,1,-1,-1,1,-1,1,-1,-1,-1,-1,1,-1,-1,1,-1,-1,-1,-1,1,1,-1,-1,1,-1,1,-1,-1,-1,1,-1,-1,-1,-1,1,-1,-1,-1,-1,-1,1,1,1,-1,1,-1,1,-1,1,-1,-1,-1,-1,-1,-1,1,1,-1,-1,1,-1,1,1,-1,-1,-1,1,-1,1,1,-1,-1,1,-1,-1,1,1,1,-1,1,-1,1,1,1,-1,-1,1,-1,-1,1,1,1,-1,1,-1,-1,1,1,-1,1,1,-1,-1,1,1,1,1,1,-1,-1,1,1,1,1,1,-1,-1,1,1,1,1,1,1,-1,1,1,1,-1,1,-1,-1,1,-1,1,1,1,1,-1,-1,1,-1,1,1,1,-1,1,1,1,1,-1,1,-1,1,1,1,1,1,1,1,-1,1,1,1,1,-1,1,-1,1,1,1,1,1,-1,1,1,1,1,-1,1,-1,1,1,1,-1,1,1,1,1,-1,1,1,1,-1,1,1,1,1,1,-1,-1,1,-1,1,1,1,-1,1,-1,1,1,1,1,-1,-1,1,1,-1,1,1,-1,-1,1,1,-1,-1,1,1,-1,1,-1,1,1,1,-1,-1,-1,-1,1,-1,1,-1,1,1,1,1,1,-1,-1,1,1,1,1,1,1,-1,1,-1,1,1,1,-1,-1,-1,-1,-1,-1,-1,-1,-1,1,-1,1,1,1,-1,1,1,-1,-1,1,1,1,-1,1,-1,1,1,1,-1,-1,1,-1,1,1,1,-1,-1,1,-1,1,1,1,-1,-1,1,-1,1,-1,1,1,-1,1,-1,-1,1,1,-1,-1,-1,-1,1,1,-1,1,-1,1,-1,-1,1,-2672.0,1,2000,445,0,False
353,-1,-1,1,1,1,1,-1,1,-1,-1,-1,1,-1,1,-1,-1,1,-1,1,1,1,-1,-1,-1,-1,1,-1,-1,-1,-1,-1,-1,1,1,-1,-1,1,-1,-1,-1,1,-1,-1,-1,-1,-1,1,-1,1,1,-1,-1,1,-1,1,-1,-1,1,-1,-1,-1,1,1,1,-1,-1,-1,-1,-1,-1,-1,1,-1,-1,1,-1,1,-1,1,-1,-1,-1,-1,1,1,-1,-1,1,-1,1,-1,-1,1,-1,1,-1,-1,1,1,1,-1,1,-1,-1,1,1,1,-1,1,-1,-1,1,1,1,-1,1,-1,-1,1,1,1,-1,1,1,-1,1,1,1,-1,1,1,-1,1,1,1,-1,1,1,-1,1,1,1,-1,1,1,-1,-1,1,1,1,1,1,-1,1,-1,1,1,1,1,-1,1,1,1,-1,1,1,-1,1,-1,1,1,1,-1,-1,1,1,1,-1,1,-1,1,-1,-1,1,1,1,-1,1,1,1,1,-1,1,1,1,1,-1,1,-1,1,-1,1,1,-1,1,-1,1,1,-1,1,-1,1,-1,1,-1,1,1,-1,1,-1,1,1,1,1,-1,-1,1,1,-1,-1,1,-1,1,1,-1,1,-1,1,-1,1,1,1,-1,1,1,-1,-1,1,1,1,-1,1,-1,1,1,1,-1,1,1,-1,1,-1,1,-1,1,-1,1,-1,1,1,-1,1,-1,-1,1,1,1,-1,1,-1,-1,-1,-1,1,-1,-1,1,1,-1,-1,1,1,-1,1,1,-1,1,1,1,1,-1,1,-1,1,1,-1,1,-1,1,1,-1,1,1,1,1,1,-1,-1,1,-1,-1,-1,1,1,-1,1,1,1,-1,1,-1,-1,1,1,1,1,1,-1,-1,1,1,-1,1,1,-1,-1,1,1,-1,1,1,-1,1,-1,1,1,-1,1,-1,1,1,1,-1,1,1,-1,1,1,1,-1,1,-1,-1,1,1,1,-1,1,-1,-1,1,-1,1,-1,1,-1,-1,1,-1,1,-1,1,1,-1,1,-1,1,1,-1,1,-1,-1,1,1,-1,1,-1,-1,1,1,-1,-1,1,1,-1,1,-1,1,-1,1,-1,1,1,-1,1,1,1,-1,1,1,-1,1,-1,1,-1,-1,1,-1,1,1,1,1,-1,1,1,1,1,1,-1,-1,1,-1,-1,1,-1,1,-1,-1,1,-1,1,1,-1,-1,-1,1,-1,1,-1,1,-1,-1,1,-1,1,1,-1,-1,-1,1,-1,-1,1,1,-1,-1,1,-1,1,1,-1,1,-1,1,-1,-1,1,1,-1,-1,-1,-1,1,1,-1,-1,-1,1,-1,1,-1,1,-1,-1,1,-1,1,-1,1,-1,-1,-1,-1,1,-1,-1,-1,-1,-1,-1,1,-1,1,-1,-1,-1,-1,1,-1,-1,1,-1,-1,-1,1,1,1,-1,-1,-1,-1,-1,1,1,-1,1,-1,-1,1,1,1,1,1,-1,-1,-1,1,1,-1,1,-1,1,-1,1,1,1,-1,1,1,-1,1,1,1,1,1,-1,1,-1,-1,-1,1,-1,1,1,-1,1,-1,1,-1,1,-1,-1,-1,1,1,-1,1,1,-1,1,-1,1,-1,1,1,-1,1,-1,1,-1,-1,-1,-1,1,-1,1,-1,-1,-1,-1,1,-1,1,-1,1,1,1,-1,-1,1,-1,1,1,-1,1,-1,1,-1,-1,1,-1,1,-1,-1,1,1,1,1,1,-1,1,1,1,1,-1,1,-1,-1,1,1,1,-1,-1,-1,1,1,1,1,-1,-1,-1,1,-1,1,-1,1,1,-1,-1,1,1,1,-1,-1,-1,-1,1,1,1,1,1,-1,-1,1,1,1,1,-1,-1,-1,1,-1,1,-1,1,-1,1,1,1,1,1,1,-1,-1,1,-1,1,1,1,-1,-1,1,1,-1,1,1,-1,-1,1,1,1,1,1,-1,1,-1,1,-1,1,1,1,1,-1,1,1,1,1,-1,1,1,-1,1,-1,1,1,-1,1,-1,1,-1,1,-1,1,-1,-1,1,-1,1,1,-1,1,-1,1,1,1,1,-1,1,-1,1,1,1,1,1,1,-1,1,-1,1,1,-1,-1,-1,1,1,1,1,1,1,-1,1,1,1,1,1,-1,1,-1,1,1,1,-1,-1,-1,-1,1,1,-1,1,-1,1,-1,1,1,1,-1,-1,-1,-1,1,1,-1,-1,-1,-1,1,-1,1,-1,-1,-1,1,-1,1,1,-1,-1,-1,1,-1,1,1,-1,-1,-1,1,1,1,1,-1,1,-1,1,-1,1,1,-1,-1,-1,1,1,1,1,-1,-1,-1,1,-1,1,1,-1,1,-1,-1,1,1,1,-1,-1,-1,-1,-1,1,-1,-1,-1,1,-1,1,1,1,-1,-1,1,-1,1,1,1,-1,1,-1,-1,1,1,1,-1,1,-1,1,1,1,-1,-1,1,-1,-1,1,1,1,-1,1,-1,-1,1,1,1,1,1,-1,-1,1,1,1,1,1,-1,-1,1,1,-1,1,1,-1,-1,1,1,-1,1,1,1,-1,-1,1,1,-1,1,-1,-1,1,-1,-1,1,1,1,-1,-1,1,-1,1,1,1,-1,1,1,-1,1,-1,1,-1,1,1,-1,1,1,1,1,-1,1,1,1,1,-1,1,-1,1,1,1,1,1,-1,1,1,1,1,-1,1,1,-1,1,1,-1,1,1,-1,-1,1,-1,1,1,-1,1,-1,1,-1,1,-1,-1,1,-1,1,-1,1,-1,1,-1,-1,-1,1,1,-1,-1,1,-1,-1,-1,1,-1,-1,1,-1,-1,-1,1,1,-1,1,-1,-1,1,1,-1,-1,-1,1,-1,1,-1,-1,1,1,-1,1,1,-1,-1,1,1,-1,-1,-1,1,-1,1,1,-1,1,-1,1,-1,-1,-1,1,-1,-1,-1,-1,-1,-1,-1,1,1,-1,1,1,-1,1,1,-1,-1,-1,1,-1,1,1,1,1,-1,1,-1,-1,-1,1,-1,-1,1,-1,1,1,1,1,-1,1,-1,1,1,-1,-1,-1,1,-1,-1,1,1,-1,-1,-1,1,-1,1,-1,1,-1,1,-1,-1,1,-2672.0,1,2000,445,1500,True
354,1,1,-1,-1,1,1,-1,-1,1,1,1,-1,-1,1,-1,1,-1,1,1,-1,-1,1,1,1,1,1,-1,-1,1,1,1,1,-1,-1,-1,-1,1,-1,1,1,-1,-1,1,1,1,1,1,-1,1,1,1,1,-1,1,-1,-1,1,-1,1,1,1,-1,-1,1,1,1,1,1,-1,-1,1,1,1,1,1,-1,-1,-1,1,1,1,-1,-1,-1,1,1,1,1,-1,-1,-1,1,1,1,1,-1,-1,1,1,-1,1,1,-1,-1,1,1,1,1,1,-1,-1,-1,1,1,1,1,-1,-1,1,1,1,1,1,1,-1,-1,1,1,-1,1,1,-1,1,1,1,1,1,1,-1,1,1,1,1,1,1,-1,1,1,1,1,1,1,-1,-1,-1,1,1,1,1,-1,1,-1,1,1,-1,1,-1,1,-1,1,1,1,-1,-1,1,1,1,1,1,-1,1,-1,-1,1,-1,1,-1,1,1,1,1,1,1,1,1,1,-1,1,-1,1,-1,1,1,-1,1,-1,1,1,-1,1,-1,1,-1,1,-1,1,1,-1,-1,-1,1,1,1,1,-1,-1,1,1,-1,-1,1,-1,1,-1,-1,1,-1,1,-1,1,-1,1,-1,-1,1,-1,-1,-1,1,1,-1,1,-1,1,1,1,-1,1,-1,-1,1,-1,1,-1,1,1,1,-1,1,1,-1,1,-1,-1,-1,1,1,-1,1,-1,1,-1,1,1,-1,-1,1,1,-1,-1,1,1,-1,1,1,-1,1,1,1,1,-1,1,-1,1,1,-1,1,-1,1,1,-1,1,1,1,1,1,-1,-1,1,-1,-1,1,-1,1,-1,1,1,1,-1,1,-1,-1,1,1,1,-1,1,-1,1,1,1,-1,1,1,-1,1,1,1,-1,1,1,-1,-1,1,1,1,-1,1,-1,1,1,1,-1,1,1,-1,1,1,1,-1,1,-1,-1,1,1,1,-1,1,-1,-1,-1,1,1,-1,1,-1,-1,1,-1,1,-1,1,1,-1,-1,1,1,1,1,1,-1,-1,1,1,-1,1,-1,1,-1,-1,-1,-1,1,1,-1,-1,1,1,-1,1,1,-1,-1,1,1,1,1,1,-1,1,1,1,-1,1,-1,-1,-1,-1,1,1,1,1,-1,-1,1,1,1,1,-1,-1,-1,-1,-1,1,-1,-1,-1,1,-1,1,1,1,1,-1,1,1,-1,1,-1,1,-1,-1,1,-1,1,1,1,1,-1,1,-1,-1,1,1,-1,-1,1,-1,1,1,1,-1,-1,1,-1,-1,1,1,-1,1,1,-1,1,1,-1,-1,1,1,-1,1,-1,-1,-1,1,-1,-1,1,-1,-1,1,1,-1,-1,1,-1,-1,-1,1,-1,-1,1,-1,-1,-1,1,-1,-1,1,-1,-1,-1,1,1,-1,1,1,-1,-1,1,1,-1,-1,1,1,-1,1,-1,-1,1,-1,-1,1,-1,1,-1,-1,1,-1,1,-1,1,-1,-1,1,-1,-1,1,1,1,-1,1,-1,1,-1,-1,1,1,-1,-1,1,-1,1,-1,-1,1,-1,1,1,-1,1,-1,1,-1,1,1,-1,1,1,1,1,-1,1,-1,1,-1,1,-1,-1,1,-1,-1,1,1,1,-1,1,-1,-1,-1,1,-1,-1,1,-1,1,1,1,1,-1,1,-1,-1,1,1,-1,-1,1,-1,-1,-1,1,1,-1,-1,1,1,-1,1,-1,-1,1,1,1,1,1,1,-1,-1,1,1,-1,1,-1,-1,1,1,1,1,-1,-1,-1,1,-1,1,1,1,-1,-1,-1,1,1,1,-1,-1,-1,-1,1,1,1,1,-1,-1,-1,1,1,1,-1,-1,-1,-1,1,1,1,1,-1,-1,-1,1,1,1,1,-1,-1,1,1,1,1,1,-1,-1,-1,1,1,-1,1,-1,-1,-1,1,1,1,1,-1,-1,1,1,1,1,1,-1,1,1,-1,1,1,-1,-1,-1,1,1,1,-1,1,-1,1,1,1,1,1,1,-1,-1,1,-1,1,-1,1,-1,-1,1,-1,1,-1,-1,-1,-1,1,-1,1,1,-1,1,-1,1,1,1,-1,1,1,-1,1,-1,1,-1,-1,-1,-1,1,1,-1,-1,-1,-1,-1,1,-1,1,-1,-1,-1,-1,-1,-1,-1,1,-1,-1,-1,1,-1,-1,1,-1,-1,-1,-1,-1,-1,1,-1,-1,-1,-1,-1,1,-1,-1,-1,1,-1,-1,1,-1,1,-1,-1,-1,-1,-1,-1,-1,1,-1,-1,-1,1,1,-1,-1,-1,1,1,-1,-1,-1,-1,1,-1,-1,1,1,1,-1,-1,-1,-1,1,-1,1,1,-1,1,-1,-1,1,1,-1,-1,-1,-1,-1,-1,1,1,-1,-1,1,-1,1,1,-1,-1,-1,1,-1,1,1,-1,-1,1,-1,-1,1,1,1,-1,1,-1,1,1,1,-1,-1,1,-1,-1,1,1,1,-1,1,-1,-1,1,1,-1,1,1,-1,-1,1,1,-1,1,1,-1,-1,1,1,-1,1,1,-1,-1,1,1,1,1,-1,1,-1,-1,1,-1,1,1,-1,-1,1,-1,1,1,1,1,-1,-1,1,-1,1,1,1,-1,1,1,1,1,-1,1,-1,1,1,1,1,1,1,1,-1,1,1,1,1,-1,1,-1,1,1,1,1,1,-1,1,1,1,1,-1,1,1,-1,1,1,-1,1,1,-1,-1,1,1,1,1,-1,1,-1,1,1,1,-1,-1,1,-1,1,1,1,-1,1,-1,-1,-1,1,1,-1,-1,1,-1,-1,1,1,-1,-1,1,-1,-1,1,1,1,-1,1,-1,-1,1,1,-1,-1,1,1,-1,1,1,-1,1,1,-1,1,1,-1,-1,1,-1,-1,-1,1,1,-1,1,1,-1,1,1,-1,-1,-1,-1,1,-1,-1,-1,-1,1,-1,-1,1,1,-1,1,1,-1,1,1,1,1,-1,1,-1,1,1,1,-1,-1,1,-1,-1,-1,1,-1,1,1,-1,1,1,1,-1,-1,1,-1,1,1,1,1,-1,1,-1,-1,1,1,-1,-1,1,1,-1,1,1,1,-1,1,-1,-1,1,-2672.0,1,2000,445,500,False
355,1,1,-1,-1,1,-1,-1,-1,1,1,1,-1,1,1,1,1,-1,1,-1,-1,-1,-1,1,1,1,-1,1,-1,1,1,1,1,-1,-1,-1,-1,1,1,1,1,-1,-1,-1,1,1,1,1,-1,1,1,1,1,-1,1,-1,-1,1,-1,1,1,1,-1,-1,-1,1,1,1,1,-1,-1,-1,1,1,1,1,-1,-1,-1,1,1,1,-1,-1,-1,1,1,1,1,-1,-1,-1,1,1,1,1,-1,-1,1,1,-1,1,1,-1,-1,1,1,1,1,1,-1,-1,1,1,-1,1,1,-1,-1,1,1,1,1,1,1,-1,1,1,1,-1,1,1,-1,1,1,1,1,1,1,-1,-1,1,1,1,1,1,-1,1,1,1,1,1,1,-1,-1,-1,1,1,1,1,-1,1,1,1,1,-1,1,-1,1,-1,1,1,1,-1,-1,1,1,1,1,1,-1,1,-1,-1,1,-1,1,-1,1,1,1,1,1,1,1,1,1,1,1,-1,1,-1,1,1,-1,1,-1,1,1,-1,1,-1,1,-1,1,-1,1,1,-1,-1,-1,1,1,1,1,-1,-1,1,1,-1,-1,1,-1,1,-1,-1,1,-1,1,-1,1,-1,1,-1,1,1,-1,-1,-1,1,1,-1,1,-1,1,1,1,-1,1,1,-1,1,-1,1,-1,1,-1,1,-1,1,1,-1,1,-1,-1,-1,1,1,-1,1,-1,-1,-1,1,1,-1,-1,1,1,-1,-1,1,1,-1,1,1,-1,1,1,1,-1,-1,1,-1,1,1,-1,1,-1,1,1,1,1,1,-1,-1,1,-1,-1,1,-1,1,-1,1,1,-1,1,1,1,-1,1,1,1,1,1,-1,-1,1,-1,1,1,1,1,-1,1,-1,1,1,1,-1,1,1,-1,-1,1,1,-1,1,1,-1,1,1,1,1,1,1,-1,1,1,1,1,1,1,-1,1,1,1,1,1,1,-1,-1,1,1,1,1,1,-1,1,-1,1,-1,1,1,1,-1,1,1,1,1,1,1,-1,1,1,1,1,1,1,-1,-1,-1,-1,1,1,1,-1,1,1,-1,1,1,-1,-1,1,1,1,1,1,-1,1,1,1,-1,1,1,1,-1,-1,1,1,1,-1,1,-1,1,-1,1,1,1,1,-1,-1,-1,1,-1,-1,1,1,-1,1,-1,1,1,1,1,1,-1,1,-1,-1,1,-1,1,-1,1,1,1,1,1,1,-1,-1,1,-1,1,1,1,-1,1,1,1,-1,1,1,-1,1,1,-1,1,1,1,-1,1,1,1,1,1,1,-1,1,-1,1,1,1,-1,1,1,-1,1,1,1,-1,-1,1,-1,1,1,1,-1,-1,1,-1,-1,1,1,-1,-1,1,-1,1,1,1,1,-1,-1,1,-1,1,1,1,-1,-1,1,-1,1,1,-1,-1,-1,1,-1,1,-1,1,-1,-1,1,-1,1,-1,1,-1,-1,1,-1,-1,1,1,1,-1,1,-1,1,-1,1,1,1,-1,-1,-1,1,-1,-1,-1,1,1,-1,1,-1,1,1,1,-1,1,1,-1,1,-1,1,-1,-1,1,-1,-1,1,1,1,-1,1,-1,-1,1,1,-1,-1,1,-1,-1,1,1,-1,-1,1,-1,-1,-1,1,1,-1,1,1,-1,-1,1,-1,-1,1,-1,1,-1,1,1,-1,-1,1,-1,-1,-1,-1,-1,1,1,1,-1,-1,1,-1,-1,1,-1,-1,1,-1,-1,1,1,-1,-1,1,1,-1,1,1,-1,1,-1,1,-1,-1,1,1,-1,-1,-1,-1,-1,1,-1,-1,1,-1,-1,-1,1,1,-1,-1,-1,-1,-1,1,-1,-1,-1,-1,-1,-1,1,1,-1,-1,-1,-1,1,1,1,-1,-1,-1,-1,-1,1,1,1,-1,-1,-1,-1,1,1,-1,-1,-1,-1,1,1,1,1,-1,-1,1,1,1,1,1,-1,-1,-1,1,1,1,-1,1,-1,1,1,1,1,-1,1,-1,-1,1,-1,1,-1,1,-1,-1,1,-1,1,-1,-1,-1,-1,1,-1,1,-1,1,-1,-1,1,-1,1,-1,1,-1,-1,1,-1,1,-1,-1,-1,-1,1,1,-1,-1,-1,-1,-1,1,-1,1,-1,-1,-1,-1,-1,-1,-1,1,-1,-1,-1,1,-1,-1,1,-1,-1,-1,-1,-1,-1,1,-1,-1,-1,-1,-1,1,-1,-1,-1,1,-1,-1,1,-1,1,-1,-1,-1,-1,-1,-1,-1,1,-1,-1,-1,1,1,-1,-1,-1,1,-1,-1,-1,-1,-1,1,-1,-1,1,-1,1,-1,-1,-1,-1,1,-1,1,1,-1,1,-1,-1,1,1,-1,-1,-1,-1,-1,-1,1,1,-1,-1,1,-1,1,1,-1,-1,-1,1,-1,-1,1,-1,-1,1,-1,-1,1,1,1,-1,1,-1,1,1,1,-1,-1,1,-1,-1,1,1,1,-1,1,-1,-1,1,1,-1,1,1,-1,-1,1,1,-1,1,1,-1,-1,1,1,-1,1,1,-1,-1,1,1,1,1,1,1,-1,1,1,1,-1,1,-1,-1,1,-1,1,1,1,1,-1,-1,1,-1,1,1,1,-1,1,1,1,1,-1,1,-1,1,1,1,1,1,1,-1,-1,1,1,1,1,-1,1,-1,1,1,1,1,-1,1,-1,1,1,1,-1,-1,1,-1,1,1,-1,1,-1,-1,-1,1,1,1,-1,1,-1,-1,1,1,1,-1,-1,-1,-1,1,1,1,-1,-1,-1,-1,-1,1,1,-1,1,-1,-1,1,1,1,-1,1,-1,1,-1,1,1,1,1,1,-1,-1,1,1,-1,-1,1,1,-1,-1,1,-1,1,-1,-1,1,1,-1,-1,1,-1,-1,-1,1,1,-1,1,1,-1,1,1,-1,-1,-1,-1,1,-1,-1,-1,-1,1,-1,-1,1,1,-1,1,1,-1,1,1,1,1,-1,1,-1,1,1,1,1,-1,1,-1,-1,-1,1,1,-1,1,-1,1,1,1,1,-1,1,-1,1,1,1,-1,-1,1,-1,-1,1,1,-1,-1,-1,1,-1,1,1,1,-1,1,-1,-1,1,-2672.0,1,2000,445,1000,False
356,1,1,-1,-1,1,-1,-1,-1,1,1,1,-1,1,1,1,1,-1,1,-1,-1,1,-1,1,1,1,-1,1,-1,1,1,1,1,-1,-1,-1,-1,1,-1,1,1,-1,-1,-1,1,1,1,1,-1,1,1,1,1,-1,1,-1,-1,1,-1,1,1,1,-1,-1,-1,1,1,1,1,-1,-1,-1,1,1,1,1,-1,-1,-1,1,1,1,-1,-1,-1,1,1,1,1,-1,-1,-1,1,1,1,1,-1,-1,1,1,-1,1,1,-1,-1,1,1,1,1,1,-1,-1,1,1,1,1,1,-1,-1,1,1,1,1,1,1,-1,1,1,1,-1,1,1,-1,1,1,1,1,1,1,-1,-1,1,1,1,1,1,-1,1,1,1,1,1,1,-1,-1,-1,1,1,1,1,-1,1,1,1,1,-1,1,-1,1,-1,1,1,1,-1,-1,1,1,1,1,1,-1,1,-1,-1,1,-1,1,-1,1,1,1,1,1,1,1,1,1,-1,1,-1,1,-1,1,1,-1,1,-1,1,1,-1,1,-1,1,-1,1,-1,1,1,-1,1,-1,1,1,1,1,-1,-1,1,1,-1,-1,1,-1,1,-1,1,1,-1,1,-1,1,-1,1,-1,1,1,-1,-1,-1,1,1,-1,1,-1,1,1,1,-1,1,1,-1,-1,-1,1,-1,1,-1,1,-1,1,1,-1,1,-1,-1,-1,1,1,-1,1,-1,-1,-1,1,1,-1,-1,1,1,-1,-1,1,1,-1,1,1,-1,1,1,1,-1,-1,1,-1,1,1,-1,1,-1,1,1,-1,1,1,-1,-1,1,-1,-1,1,-1,1,-1,1,1,-1,1,1,1,-1,1,-1,-1,1,1,-1,-1,1,-1,1,1,1,1,-1,1,-1,1,1,1,-1,1,1,-1,-1,1,1,-1,-1,1,-1,1,1,1,1,1,1,-1,1,1,1,1,1,-1,-1,1,1,1,1,1,-1,-1,-1,1,1,1,1,-1,-1,1,-1,1,-1,1,1,-1,-1,1,1,1,1,1,-1,-1,1,1,1,-1,-1,-1,-1,-1,-1,-1,1,1,-1,-1,1,1,-1,1,-1,1,-1,1,1,1,1,-1,-1,1,1,1,-1,1,-1,-1,-1,-1,1,1,1,1,-1,-1,1,-1,1,1,-1,-1,1,-1,-1,1,-1,1,-1,-1,1,-1,1,1,-1,-1,1,1,-1,1,-1,1,-1,-1,1,-1,1,1,-1,-1,-1,1,-1,-1,1,1,-1,-1,1,-1,1,1,-1,1,-1,1,-1,1,1,1,-1,-1,1,-1,1,1,-1,-1,1,1,-1,1,-1,1,-1,1,-1,1,1,-1,1,-1,1,-1,-1,1,-1,-1,-1,1,-1,-1,1,-1,1,-1,1,-1,-1,1,-1,-1,1,-1,1,-1,-1,1,1,-1,1,1,-1,-1,1,1,-1,1,-1,-1,-1,1,1,1,1,1,-1,-1,1,1,-1,1,1,1,-1,1,1,1,-1,1,1,-1,1,1,1,1,1,1,1,-1,-1,-1,1,-1,-1,1,1,1,-1,1,-1,1,-1,-1,-1,1,1,-1,1,1,-1,-1,-1,1,-1,1,1,-1,1,-1,1,-1,-1,-1,-1,-1,-1,1,-1,-1,-1,-1,-1,-1,1,-1,1,1,1,1,-1,1,-1,1,1,-1,-1,-1,1,-1,-1,1,-1,1,-1,-1,1,1,1,1,-1,-1,1,1,1,1,-1,1,-1,-1,1,1,1,-1,-1,-1,1,1,1,1,-1,-1,-1,1,-1,1,-1,1,1,-1,-1,1,1,1,-1,-1,-1,1,1,1,1,1,-1,-1,-1,1,1,1,1,-1,-1,-1,1,-1,1,-1,-1,-1,1,1,1,1,1,-1,-1,-1,1,1,1,1,-1,-1,-1,1,1,-1,1,-1,-1,-1,1,1,1,1,-1,-1,1,1,1,1,-1,-1,1,1,-1,1,1,-1,-1,-1,1,1,1,1,1,-1,1,1,1,1,1,-1,-1,-1,1,-1,1,-1,-1,-1,-1,1,-1,1,1,-1,-1,-1,1,-1,1,1,-1,1,-1,1,1,1,1,-1,1,-1,1,-1,1,1,-1,-1,-1,1,1,-1,-1,-1,-1,-1,1,-1,1,-1,-1,-1,-1,-1,-1,-1,1,-1,-1,-1,1,-1,-1,1,-1,-1,-1,-1,-1,1,1,-1,-1,-1,-1,-1,1,-1,-1,-1,1,-1,-1,1,-1,1,-1,-1,-1,-1,-1,-1,-1,1,-1,-1,-1,1,1,1,-1,-1,-1,1,-1,-1,-1,-1,1,-1,-1,1,1,1,-1,-1,-1,-1,1,-1,1,1,-1,1,-1,-1,1,1,-1,-1,-1,-1,-1,-1,1,1,-1,-1,1,-1,1,1,-1,-1,-1,1,-1,1,1,-1,-1,1,-1,-1,1,1,1,-1,1,-1,1,1,1,-1,-1,1,-1,-1,1,1,1,-1,1,-1,-1,1,1,-1,1,1,-1,-1,1,1,-1,1,1,-1,-1,1,1,-1,1,1,-1,-1,1,1,1,1,1,1,-1,1,1,1,1,1,-1,-1,1,-1,1,1,1,1,-1,-1,1,-1,1,1,1,-1,1,1,1,1,-1,1,-1,1,1,1,1,1,1,-1,-1,1,1,1,1,-1,1,-1,1,1,1,1,-1,1,-1,1,1,1,-1,-1,1,-1,1,1,-1,1,-1,-1,-1,1,1,1,-1,1,-1,-1,1,1,1,-1,-1,-1,-1,1,1,1,-1,1,-1,-1,-1,1,1,-1,1,-1,-1,1,1,1,-1,1,-1,1,-1,1,1,1,1,1,-1,-1,1,1,-1,-1,1,1,-1,-1,1,-1,1,-1,-1,1,1,-1,-1,1,-1,-1,-1,1,1,-1,1,1,-1,1,1,-1,-1,-1,-1,1,-1,-1,-1,-1,1,-1,-1,1,1,-1,1,1,-1,1,1,1,1,-1,1,-1,1,1,1,1,-1,1,-1,-1,-1,1,1,-1,1,-1,1,1,1,1,-1,1,-1,1,1,-1,-1,-1,1,-1,-1,1,1,-1,-1,-1,1,-1,1,-1,1,-1,1,-1,-1,1,-2672.0,1,2000,445,1500,False
357,1,1,-1,-1,1,1,-1,-1,1,1,1,-1,-1,1,1,1,-1,1,-1,-1,-1,-1,1,1,1,-1,-1,-1,1,1,1,1,1,-1,-1,-1,1,-1,1,1,-1,-1,-1,1,1,1,1,-1,1,1,1,1,-1,1,-1,-1,1,-1,1,1,-1,-1,-1,-1,1,1,1,1,-1,-1,-1,1,1,1,1,-1,-1,-1,1,1,1,-1,-1,-1,1,1,1,1,-1,1,-1,1,1,1,1,-1,-1,1,1,-1,1,1,-1,-1,1,1,1,1,1,-1,-1,1,1,1,1,1,-1,-1,1,1,1,1,1,1,-1,1,1,1,-1,1,1,-1,1,1,1,1,1,1,-1,-1,1,1,1,1,1,-1,1,1,1,1,1,1,-1,-1,-1,1,1,1,1,-1,1,1,1,1,-1,1,-1,1,-1,1,1,1,-1,-1,1,1,1,1,1,-1,1,-1,-1,1,-1,1,-1,1,1,1,1,1,1,1,1,1,-1,1,-1,1,-1,1,1,-1,1,-1,1,1,-1,1,-1,1,-1,1,-1,1,1,-1,-1,-1,1,1,1,1,-1,-1,1,1,-1,-1,1,-1,1,-1,-1,1,-1,1,-1,1,-1,1,-1,-1,1,-1,-1,-1,1,1,-1,1,-1,1,1,1,-1,1,1,-1,1,-1,1,-1,1,-1,1,-1,1,1,-1,1,-1,-1,-1,1,1,-1,1,-1,-1,-1,1,1,-1,-1,1,1,-1,-1,1,1,-1,1,1,-1,1,1,1,1,-1,1,-1,1,1,-1,1,-1,1,-1,1,1,1,1,1,1,-1,-1,1,-1,-1,1,1,1,-1,1,1,1,-1,1,1,1,1,1,1,1,1,-1,1,1,1,-1,1,1,-1,1,1,1,-1,1,1,-1,-1,1,1,1,-1,1,-1,1,1,1,-1,1,1,-1,1,1,1,-1,1,1,-1,1,1,1,-1,1,1,-1,-1,1,1,-1,1,1,-1,1,-1,1,-1,1,1,1,-1,1,1,1,-1,1,1,-1,1,1,-1,1,1,1,-1,-1,-1,-1,1,1,1,-1,1,1,-1,1,1,-1,-1,1,1,1,1,1,-1,1,1,1,-1,1,1,1,-1,-1,1,1,-1,-1,1,-1,1,-1,1,-1,1,1,-1,-1,-1,1,-1,-1,1,1,-1,1,1,-1,1,1,1,1,-1,1,-1,-1,1,-1,1,-1,1,-1,-1,1,1,1,-1,-1,1,-1,1,1,1,-1,1,1,1,-1,1,1,-1,1,-1,-1,1,1,1,-1,-1,-1,1,1,1,1,-1,1,-1,1,1,1,-1,1,1,-1,-1,1,1,-1,-1,1,-1,1,1,1,-1,1,-1,-1,-1,1,1,-1,-1,1,-1,1,1,1,1,-1,1,-1,-1,-1,1,1,-1,-1,-1,1,-1,1,-1,-1,1,-1,-1,1,-1,1,-1,-1,1,-1,1,-1,1,-1,-1,1,-1,-1,1,1,1,-1,1,-1,1,-1,1,-1,1,-1,-1,-1,1,-1,-1,1,1,1,-1,1,-1,1,1,1,-1,1,1,-1,1,-1,1,-1,-1,1,-1,-1,1,1,1,-1,1,-1,-1,1,1,-1,-1,1,-1,-1,1,1,-1,-1,1,-1,-1,-1,1,1,-1,1,1,-1,-1,1,-1,-1,1,-1,1,-1,1,1,-1,-1,1,-1,-1,-1,-1,-1,1,1,1,-1,1,1,-1,-1,1,-1,1,-1,-1,-1,1,1,-1,-1,-1,-1,-1,1,1,-1,1,1,-1,-1,-1,1,1,-1,-1,-1,-1,1,1,-1,-1,1,-1,-1,-1,1,1,-1,-1,-1,-1,-1,1,-1,-1,1,-1,-1,-1,1,1,-1,1,-1,-1,1,1,1,-1,-1,-1,-1,-1,1,1,1,-1,-1,-1,-1,1,1,-1,-1,-1,-1,1,1,1,1,-1,-1,1,1,1,1,1,-1,-1,-1,1,1,1,1,1,-1,1,1,1,1,-1,1,-1,-1,1,-1,1,-1,1,-1,-1,1,-1,1,-1,-1,-1,-1,1,-1,1,-1,1,1,-1,1,-1,1,-1,1,1,-1,1,-1,1,-1,-1,-1,-1,1,1,-1,-1,-1,-1,-1,1,-1,1,-1,-1,-1,-1,-1,-1,-1,1,-1,-1,-1,1,-1,-1,1,-1,-1,-1,-1,-1,1,1,-1,-1,-1,-1,-1,1,-1,-1,-1,1,-1,-1,1,-1,1,-1,-1,-1,-1,-1,-1,-1,1,-1,-1,-1,1,1,-1,-1,-1,1,-1,-1,-1,-1,-1,1,-1,-1,1,-1,1,-1,-1,-1,-1,1,-1,1,1,-1,1,-1,-1,1,1,-1,-1,-1,-1,-1,-1,1,1,-1,-1,1,-1,1,1,-1,-1,-1,1,-1,-1,1,-1,-1,1,-1,-1,1,1,1,-1,1,-1,1,1,1,-1,-1,1,-1,-1,1,1,1,-1,1,-1,-1,1,1,-1,1,1,-1,-1,1,1,1,1,1,-1,-1,1,1,1,1,1,-1,-1,1,1,1,1,-1,1,-1,1,1,1,-1,1,-1,-1,1,-1,1,1,1,1,-1,-1,1,-1,1,1,1,-1,1,1,1,1,-1,1,-1,1,1,1,1,1,1,1,-1,1,1,1,1,-1,1,-1,1,1,1,1,1,-1,1,1,1,1,-1,1,1,-1,1,1,-1,1,1,-1,-1,1,1,1,1,-1,1,-1,1,1,1,-1,-1,1,-1,1,1,1,-1,1,-1,-1,-1,1,1,-1,-1,1,-1,-1,1,1,1,-1,1,-1,1,1,1,1,-1,1,-1,-1,1,1,-1,-1,-1,1,1,1,1,-1,1,1,-1,1,1,-1,-1,1,1,-1,-1,-1,1,-1,1,1,1,1,1,-1,-1,-1,-1,1,-1,-1,-1,-1,-1,1,1,1,1,-1,1,1,-1,1,1,1,1,-1,1,-1,1,1,1,1,-1,1,-1,1,1,1,1,-1,1,-1,1,1,1,1,-1,1,-1,1,1,1,-1,-1,1,-1,1,1,1,-1,-1,-1,1,-1,1,1,1,-1,1,-1,1,1,-2672.0,1,2000,445,500,False
358,1,1,-1,-1,1,1,-1,1,1,1,1,-1,-1,1,1,1,-1,1,-1,-1,-1,1,1,1,1,1,-1,-1,1,1,1,1,-1,-1,-1,1,-1,1,1,1,-1,-1,1,1,1,1,1,-1,1,-1,1,1,1,1,-1,-1,-1,-1,1,1,1,-1,-1,1,1,1,1,1,-1,-1,1,-1,1,1,1,-1,-1,1,-1,1,1,-1,-1,-1,-1,1,1,1,-1,-1,-1,-1,-1,1,1,-1,-1,1,-1,1,1,1,-1,-1,1,-1,-1,1,1,-1,-1,1,-1,-1,1,1,-1,-1,1,-1,-1,1,1,1,-1,-1,-1,-1,1,1,1,-1,1,-1,-1,1,1,1,-1,-1,-1,-1,1,1,1,-1,1,-1,-1,-1,1,1,-1,-1,1,-1,-1,1,1,-1,1,1,-1,-1,1,1,-1,1,1,-1,1,1,-1,-1,1,-1,-1,1,1,-1,1,-1,1,-1,1,1,-1,1,1,-1,-1,-1,1,1,1,1,1,-1,1,1,-1,1,1,1,-1,1,1,1,-1,1,1,-1,1,1,-1,1,1,1,-1,1,1,1,1,1,1,1,-1,1,-1,-1,1,1,-1,-1,1,1,-1,1,1,-1,-1,1,-1,-1,1,1,1,-1,1,1,-1,1,1,-1,1,1,-1,1,1,1,-1,-1,1,-1,1,-1,1,1,1,1,-1,1,-1,1,1,1,1,-1,1,-1,1,1,1,1,-1,-1,1,1,1,1,1,1,-1,1,1,-1,-1,1,1,1,-1,1,1,1,1,-1,1,-1,1,1,1,-1,1,1,1,1,1,1,1,-1,-1,1,1,-1,1,1,1,1,-1,1,1,1,1,1,1,1,1,1,1,1,1,-1,1,1,1,1,1,1,-1,1,1,1,-1,1,1,1,-1,1,1,-1,1,1,-1,1,1,-1,1,1,1,-1,1,1,1,1,1,1,-1,1,1,1,-1,1,1,-1,1,1,1,1,-1,1,-1,1,-1,1,-1,1,1,1,-1,-1,1,1,-1,1,-1,1,1,1,-1,-1,-1,-1,1,-1,1,-1,1,1,-1,1,1,-1,1,1,1,1,1,1,-1,1,1,1,-1,1,1,1,1,-1,1,1,-1,-1,1,-1,1,-1,1,-1,1,1,-1,-1,-1,1,-1,1,1,-1,1,-1,1,-1,1,1,1,-1,-1,1,-1,-1,1,-1,1,-1,1,-1,-1,-1,1,1,-1,-1,1,-1,1,1,-1,-1,1,1,-1,1,1,-1,-1,1,-1,-1,1,-1,-1,-1,1,-1,1,1,-1,1,-1,1,-1,1,1,-1,-1,1,1,-1,1,1,-1,-1,-1,1,-1,1,1,-1,-1,1,-1,1,-1,1,1,-1,-1,1,-1,1,-1,1,-1,-1,1,-1,-1,-1,1,-1,-1,1,-1,1,-1,1,-1,-1,1,-1,-1,1,1,-1,-1,-1,1,-1,1,1,-1,-1,-1,1,-1,-1,1,1,1,-1,1,-1,1,-1,1,-1,1,-1,1,1,-1,-1,1,1,1,-1,1,-1,1,-1,1,1,1,-1,-1,-1,1,-1,1,1,1,-1,-1,-1,1,1,-1,1,-1,-1,-1,1,1,1,1,-1,-1,1,1,1,-1,1,-1,-1,-1,-1,1,1,1,-1,1,-1,-1,1,-1,1,-1,-1,1,1,-1,-1,1,1,-1,-1,-1,-1,-1,1,1,-1,-1,-1,1,-1,1,1,-1,-1,1,-1,1,1,-1,-1,-1,-1,-1,1,1,-1,1,-1,-1,1,1,1,1,-1,-1,-1,-1,-1,1,-1,1,-1,-1,1,-1,1,1,-1,1,-1,-1,1,1,1,-1,1,-1,1,-1,1,1,-1,1,-1,-1,-1,1,1,-1,1,-1,1,-1,1,1,-1,-1,1,-1,-1,1,1,-1,-1,-1,1,-1,1,1,-1,-1,1,-1,-1,-1,-1,1,-1,1,-1,-1,1,-1,-1,1,-1,1,-1,-1,1,-1,1,-1,1,-1,1,-1,1,-1,1,-1,-1,-1,1,-1,1,-1,-1,-1,-1,1,-1,1,-1,1,-1,-1,1,-1,1,1,-1,-1,-1,-1,1,1,1,1,-1,-1,1,-1,-1,1,1,-1,-1,-1,-1,1,-1,1,-1,-1,1,1,-1,1,1,-1,-1,1,-1,-1,1,1,-1,-1,-1,-1,1,-1,1,-1,-1,-1,-1,-1,1,-1,-1,1,-1,-1,1,-1,1,-1,-1,-1,-1,-1,1,1,1,-1,-1,-1,1,1,1,-1,-1,-1,1,-1,-1,1,1,-1,-1,-1,1,1,1,-1,-1,-1,-1,1,-1,1,-1,-1,1,-1,-1,1,1,-1,-1,-1,-1,-1,-1,1,1,-1,-1,1,-1,1,1,-1,-1,-1,1,-1,1,1,-1,-1,1,-1,-1,1,1,1,-1,1,-1,1,1,1,-1,-1,1,-1,-1,1,1,1,-1,1,-1,-1,1,1,-1,1,1,-1,-1,1,1,-1,1,1,-1,-1,1,1,-1,1,1,-1,-1,1,1,1,1,-1,1,-1,1,1,1,-1,1,-1,-1,1,-1,1,1,1,1,-1,-1,1,-1,1,1,1,-1,1,1,1,1,-1,1,-1,1,1,1,1,1,1,1,-1,-1,1,1,1,-1,1,-1,1,1,1,1,1,-1,1,1,1,1,-1,1,1,-1,1,1,-1,1,1,-1,-1,1,1,1,1,-1,1,-1,1,1,1,-1,-1,1,-1,1,1,1,-1,1,-1,-1,-1,1,1,-1,-1,1,-1,-1,1,1,-1,-1,1,-1,1,1,1,1,-1,1,-1,-1,1,1,-1,-1,-1,1,1,1,1,-1,1,1,-1,1,1,-1,-1,1,1,-1,-1,1,1,-1,1,1,1,1,1,-1,-1,-1,-1,-1,-1,-1,-1,-1,-1,1,1,1,1,-1,1,1,-1,1,1,1,1,-1,1,-1,1,1,1,1,-1,1,-1,1,1,1,1,-1,1,-1,1,1,1,1,-1,1,-1,1,1,1,-1,-1,1,-1,1,1,1,-1,-1,-1,1,-1,1,-1,1,-1,1,-1,1,1,-2672.0,1,2000,445,1000,True
359,1,1,-1,-1,1,-1,1,-1,1,1,1,-1,1,1,1,1,-1,1,1,-1,1,-1,1,1,1,1,-1,-1,1,1,1,1,-1,-1,-1,-1,1,1,1,1,-1,-1,-1,1,1,1,1,-1,1,1,1,1,-1,1,-1,-1,1,-1,1,1,1,-1,-1,-1,1,1,1,1,-1,-1,-1,1,1,1,1,-1,-1,-1,1,1,1,-1,-1,-1,1,1,1,1,-1,1,-1,1,1,1,1,-1,-1,1,1,-1,1,1,-1,-1,1,1,1,1,1,-1,-1,1,1,1,1,1,-1,-1,1,1,1,1,1,1,-1,1,1,1,-1,1,1,-1,1,1,1,1,1,1,-1,-1,1,1,1,1,1,-1,1,1,1,1,1,1,-1,-1,-1,1,1,1,1,-1,1,1,1,1,-1,1,-1,1,-1,1,1,1,-1,-1,1,1,1,1,1,-1,1,-1,-1,1,-1,1,-1,1,1,1,1,1,1,1,1,1,1,1,-1,1,-1,1,1,-1,1,-1,1,1,-1,1,-1,1,-1,1,-1,1,1,-1,1,-1,1,1,1,1,-1,-1,1,1,-1,-1,1,-1,1,-1,-1,1,-1,1,-1,1,-1,1,-1,1,1,-1,-1,-1,1,1,-1,1,-1,1,1,1,-1,1,1,-1,1,-1,1,-1,1,-1,1,-1,1,1,-1,1,-1,-1,-1,1,1,-1,1,-1,-1,-1,1,1,-1,-1,1,1,-1,-1,1,1,-1,1,1,-1,1,1,1,1,-1,1,-1,1,1,-1,1,-1,1,1,1,1,1,1,1,1,-1,-1,1,-1,-1,1,1,1,-1,1,1,1,-1,1,1,1,1,1,1,1,1,-1,1,1,1,-1,1,1,-1,1,1,1,-1,1,1,-1,-1,1,1,1,-1,1,-1,1,1,1,-1,1,1,-1,1,1,1,-1,1,1,-1,1,1,1,-1,1,1,-1,-1,1,1,-1,1,1,-1,1,-1,1,-1,1,1,1,-1,1,1,1,1,1,1,-1,1,1,-1,1,1,1,-1,-1,-1,-1,1,1,1,-1,1,1,-1,1,1,-1,-1,1,1,1,1,1,-1,1,1,1,-1,1,1,1,-1,-1,1,1,1,-1,1,-1,1,1,1,1,1,1,-1,-1,-1,1,-1,-1,1,-1,1,-1,1,1,1,1,1,1,-1,1,-1,-1,1,-1,1,-1,1,1,1,1,1,1,-1,-1,1,-1,1,1,-1,-1,1,1,1,-1,1,1,-1,-1,1,-1,1,1,-1,-1,1,1,1,1,-1,1,-1,1,-1,1,1,-1,-1,-1,1,-1,1,1,-1,-1,-1,1,-1,1,1,1,-1,-1,1,-1,-1,1,-1,-1,-1,1,-1,1,1,-1,1,-1,1,-1,-1,1,-1,-1,-1,-1,-1,-1,1,-1,-1,-1,1,-1,-1,1,-1,-1,-1,-1,1,-1,1,-1,-1,-1,-1,1,-1,-1,1,1,1,-1,1,-1,1,1,1,-1,1,-1,-1,-1,1,-1,-1,-1,1,1,-1,1,-1,1,1,1,-1,1,1,-1,1,-1,1,-1,-1,1,-1,-1,1,1,1,-1,1,-1,-1,1,1,-1,-1,1,-1,-1,1,1,-1,-1,1,-1,-1,-1,1,1,-1,1,1,-1,-1,1,-1,-1,1,-1,1,-1,1,1,-1,-1,1,-1,-1,-1,-1,-1,1,1,1,-1,-1,1,-1,-1,1,-1,-1,1,-1,-1,1,1,-1,-1,1,-1,-1,1,1,-1,1,-1,1,-1,-1,1,1,-1,-1,-1,-1,1,1,-1,-1,1,-1,-1,-1,1,1,-1,-1,-1,-1,-1,1,-1,-1,-1,-1,-1,1,1,1,-1,-1,-1,-1,-1,1,1,-1,-1,-1,-1,-1,1,1,1,-1,-1,-1,-1,1,1,-1,-1,-1,-1,1,1,1,1,1,-1,1,1,1,1,1,1,-1,-1,1,1,1,1,-1,-1,1,1,1,1,-1,1,-1,-1,1,-1,1,-1,1,-1,-1,1,-1,1,1,1,-1,-1,1,-1,1,-1,1,-1,-1,1,-1,1,1,1,-1,-1,1,-1,1,1,1,-1,-1,1,1,-1,1,1,-1,-1,1,-1,1,-1,1,-1,-1,-1,-1,-1,1,1,-1,-1,1,-1,-1,1,1,-1,-1,-1,-1,1,-1,1,-1,-1,-1,-1,1,-1,-1,-1,1,-1,-1,1,-1,1,-1,-1,-1,-1,-1,-1,1,1,-1,-1,-1,1,1,1,-1,-1,1,-1,-1,-1,1,-1,1,-1,-1,1,1,1,-1,-1,-1,-1,1,-1,1,1,-1,1,-1,-1,1,1,-1,-1,-1,-1,-1,-1,1,1,-1,-1,1,-1,1,1,-1,-1,-1,1,-1,1,1,-1,-1,1,-1,-1,1,1,1,-1,1,-1,1,1,1,-1,-1,1,-1,-1,1,1,1,-1,1,-1,-1,1,1,-1,1,1,-1,-1,1,1,-1,1,1,-1,-1,1,1,-1,1,1,-1,-1,1,1,1,1,1,1,-1,-1,1,-1,1,1,-1,-1,1,-1,1,1,1,1,-1,-1,1,-1,1,1,1,-1,1,1,1,1,-1,1,-1,1,1,1,1,1,1,1,-1,1,1,1,1,-1,1,-1,1,1,1,1,1,-1,1,1,1,1,-1,1,1,-1,1,1,-1,1,1,-1,-1,1,1,1,1,-1,1,-1,1,1,1,-1,-1,1,-1,1,1,1,-1,1,-1,-1,-1,1,1,-1,-1,1,-1,-1,1,1,1,-1,1,-1,-1,1,1,1,-1,-1,-1,-1,1,1,-1,-1,-1,1,-1,-1,1,-1,1,1,-1,1,1,-1,-1,1,-1,-1,-1,-1,1,-1,1,1,-1,1,1,-1,-1,-1,-1,1,-1,-1,-1,-1,1,-1,-1,1,1,-1,1,1,-1,1,1,1,1,-1,1,-1,1,1,1,1,-1,1,-1,-1,1,1,1,-1,1,-1,1,1,1,1,-1,1,-1,1,1,-1,-1,-1,1,-1,-1,1,1,-1,-1,-1,1,-1,1,-1,1,-1,1,-1,-1,1,-2672.0,1,2000,445,1500,False
360,1,1,-1,-1,1,-1,-1,-1,1,1,1,-1,1,1,1,1,-1,1,-1,-1,-1,-1,1,1,1,-1,1,-1,1,1,1,1,-1,-1,-1,-1,1,-1,1,1,-1,-1,-1,1,1,1,1,-1,1,1,1,1,-1,1,-1,-1,1,-1,1,1,1,-1,-1,-1,1,1,1,1,-1,-1,-1,1,1,1,1,-1,-1,-1,1,1,1,-1,-1,-1,1,1,1,1,-1,-1,-1,1,1,1,1,-1,-1,1,1,-1,1,1,-1,-1,1,1,1,1,1,-1,-1,1,1,-1,1,1,-1,-1,1,1,1,1,1,1,-1,1,1,1,-1,1,1,-1,1,1,1,1,1,1,-1,-1,1,1,1,1,1,-1,1,1,1,1,1,1,-1,-1,-1,1,1,1,1,-1,1,1,1,1,-1,1,-1,1,-1,1,1,1,-1,-1,1,1,1,1,1,-1,1,-1,-1,1,-1,1,-1,1,1,1,1,1,1,1,1,1,-1,1,-1,1,-1,1,1,-1,1,-1,1,1,-1,1,-1,1,-1,1,-1,1,1,-1,1,-1,1,1,1,1,-1,-1,1,1,-1,-1,1,-1,1,-1,-1,1,-1,1,-1,1,-1,1,-1,-1,1,-1,-1,-1,1,1,-1,1,-1,1,1,1,-1,1,1,-1,-1,-1,1,-1,1,-1,1,-1,1,1,-1,1,-1,-1,-1,1,1,-1,1,-1,-1,-1,1,1,-1,-1,1,1,-1,-1,1,1,-1,1,1,-1,1,1,1,1,-1,1,-1,1,1,-1,1,-1,1,1,-1,1,1,1,1,1,-1,-1,1,-1,-1,-1,1,1,-1,1,1,1,-1,1,-1,-1,1,1,1,1,1,-1,1,1,1,-1,1,1,-1,1,1,1,-1,1,1,-1,-1,1,1,1,-1,1,-1,1,1,1,-1,1,1,-1,1,1,1,-1,1,-1,-1,1,1,1,-1,1,-1,-1,-1,1,1,-1,1,-1,-1,1,-1,1,-1,1,1,-1,-1,1,1,1,-1,1,-1,-1,1,1,-1,1,-1,-1,-1,-1,-1,-1,1,-1,-1,-1,1,1,-1,1,-1,1,-1,1,1,1,1,-1,-1,1,1,1,-1,1,-1,-1,-1,-1,1,1,-1,1,-1,-1,1,-1,1,-1,-1,-1,1,-1,-1,1,-1,1,-1,-1,1,-1,1,-1,-1,-1,1,1,-1,1,-1,1,-1,-1,1,-1,1,-1,-1,-1,-1,1,-1,-1,1,1,-1,-1,1,-1,1,1,-1,1,-1,1,-1,1,-1,1,-1,-1,1,-1,1,-1,-1,-1,1,1,-1,1,-1,1,-1,1,-1,1,1,-1,1,-1,1,-1,-1,1,-1,-1,-1,1,-1,1,-1,1,1,-1,1,-1,-1,1,-1,-1,1,-1,1,-1,1,-1,1,-1,1,1,-1,-1,-1,1,-1,1,-1,-1,1,-1,1,1,1,1,-1,-1,1,1,-1,1,1,-1,-1,1,1,1,-1,1,1,-1,1,1,1,1,1,-1,1,-1,-1,-1,1,-1,1,1,1,1,-1,1,-1,1,-1,-1,-1,1,1,-1,1,1,-1,-1,-1,1,-1,1,1,-1,1,-1,1,-1,-1,-1,-1,-1,-1,1,-1,-1,-1,-1,-1,-1,1,-1,1,1,1,1,-1,1,-1,1,1,-1,-1,-1,1,-1,-1,1,-1,1,-1,-1,1,1,1,1,-1,-1,1,1,1,1,-1,1,-1,-1,1,1,1,-1,-1,-1,1,1,1,1,-1,1,-1,1,-1,1,-1,1,1,-1,-1,1,1,1,-1,-1,-1,1,1,1,1,1,-1,-1,-1,1,1,1,1,-1,-1,-1,1,-1,1,-1,-1,-1,1,1,1,1,1,-1,-1,-1,1,1,1,1,-1,-1,-1,1,1,-1,1,-1,-1,-1,1,1,1,1,-1,-1,1,1,1,1,-1,-1,1,1,-1,1,1,-1,-1,-1,1,1,1,1,1,-1,1,1,1,1,1,-1,-1,-1,1,-1,1,-1,-1,-1,-1,1,-1,1,1,1,-1,-1,1,-1,1,1,-1,1,-1,1,1,1,1,-1,1,-1,1,-1,1,1,-1,-1,-1,1,1,-1,-1,-1,-1,-1,1,-1,1,-1,-1,-1,-1,-1,-1,-1,1,-1,-1,-1,1,-1,-1,1,-1,-1,-1,-1,-1,1,1,-1,-1,-1,-1,-1,1,-1,-1,-1,1,-1,-1,1,-1,1,-1,-1,-1,-1,-1,-1,-1,1,-1,-1,-1,1,1,-1,-1,-1,1,-1,-1,-1,-1,-1,1,-1,-1,1,1,1,-1,-1,-1,-1,1,-1,1,1,-1,1,-1,-1,1,1,-1,-1,-1,-1,-1,-1,1,1,-1,-1,1,-1,1,1,-1,-1,-1,1,-1,1,1,-1,-1,1,-1,-1,1,1,1,-1,1,-1,1,1,1,-1,-1,1,-1,-1,1,1,1,-1,1,-1,-1,1,1,-1,1,1,-1,-1,1,1,-1,1,1,-1,-1,1,1,-1,1,1,-1,-1,1,1,1,1,-1,1,-1,1,1,1,1,1,-1,-1,1,-1,1,1,1,1,-1,-1,1,-1,1,1,1,-1,1,1,1,1,-1,1,-1,1,1,1,1,1,1,1,-1,1,1,1,1,-1,1,-1,1,1,1,1,1,-1,1,1,1,1,-1,1,1,-1,1,1,-1,1,1,-1,-1,1,1,1,1,-1,1,-1,1,1,1,-1,-1,1,-1,1,1,1,-1,1,-1,-1,-1,1,1,-1,-1,1,-1,-1,1,1,1,-1,1,-1,1,1,1,1,-1,1,-1,-1,1,1,-1,-1,-1,1,1,-1,1,-1,1,1,-1,1,1,-1,-1,1,1,-1,-1,1,1,-1,1,1,1,1,1,-1,-1,-1,-1,-1,-1,-1,-1,-1,-1,1,1,1,1,-1,1,1,-1,1,1,1,1,-1,1,-1,1,1,1,1,-1,1,-1,1,1,1,1,-1,1,-1,1,1,1,1,-1,1,-1,1,1,1,-1,-1,1,-1,1,1,1,-1,-1,-1,1,-1,1,-1,1,-1,1,-1,1,1,-2672.0,1,2000,445,1500,False
361,1,1,-1,-1,1,1,-1,-1,1,1,1,-1,1,1,1,1,-1,1,-1,-1,-1,-1,1,1,1,-1,-1,-1,1,1,1,1,-1,-1,-1,-1,1,1,1,-1,-1,-1,-1,1,1,1,1,-1,1,1,1,1,-1,1,-1,-1,1,-1,1,1,1,-1,-1,-1,1,1,1,1,-1,-1,-1,1,1,1,1,-1,-1,-1,1,1,1,-1,-1,-1,1,1,1,1,-1,-1,-1,1,1,1,1,-1,-1,1,1,-1,1,1,-1,-1,1,1,1,1,1,-1,-1,-1,1,-1,1,1,-1,-1,1,1,1,1,1,1,-1,-1,1,1,-1,1,1,-1,1,1,1,1,1,1,-1,1,1,1,1,1,1,-1,1,1,1,1,1,1,-1,-1,-1,1,1,1,1,-1,1,1,1,1,-1,1,-1,1,-1,1,1,1,-1,-1,1,1,1,1,1,-1,1,-1,-1,1,-1,1,-1,1,1,1,1,1,1,1,1,1,-1,1,-1,1,-1,1,1,-1,1,-1,1,1,-1,1,-1,1,-1,1,-1,1,1,-1,1,-1,1,1,1,1,-1,-1,1,1,-1,-1,1,-1,1,-1,1,1,-1,1,-1,1,-1,1,-1,-1,1,-1,-1,-1,1,1,-1,1,-1,1,1,1,-1,1,1,-1,1,-1,1,-1,1,-1,1,-1,1,1,-1,1,-1,-1,-1,1,1,-1,1,-1,-1,-1,1,1,-1,-1,1,1,-1,-1,1,1,-1,1,1,-1,1,1,1,1,-1,1,-1,1,1,-1,1,-1,1,1,1,1,1,1,1,1,-1,-1,1,-1,-1,-1,1,1,-1,1,1,1,-1,1,1,1,1,1,1,1,1,-1,1,1,1,-1,1,1,-1,1,1,1,-1,1,1,-1,-1,1,1,1,-1,1,-1,1,1,1,-1,1,1,-1,1,1,1,-1,1,1,-1,1,1,1,-1,1,1,-1,-1,1,1,1,1,1,-1,1,-1,1,-1,1,1,1,-1,1,1,1,-1,1,1,-1,1,1,-1,1,1,1,-1,-1,-1,-1,1,1,1,-1,1,1,-1,1,1,-1,-1,1,1,-1,1,1,-1,1,1,1,1,1,1,1,1,-1,1,-1,-1,-1,1,-1,1,-1,-1,1,1,1,-1,-1,-1,1,-1,-1,1,-1,1,-1,-1,1,1,1,1,-1,-1,1,-1,-1,1,-1,1,-1,-1,-1,1,1,-1,1,-1,-1,1,-1,1,1,-1,-1,1,-1,1,-1,1,-1,-1,-1,1,-1,1,1,-1,-1,-1,-1,1,1,-1,1,-1,-1,1,-1,1,-1,-1,1,-1,1,1,1,-1,-1,-1,-1,-1,1,1,1,-1,1,-1,1,-1,1,-1,-1,-1,1,-1,1,1,1,-1,-1,1,-1,-1,1,-1,-1,-1,-1,-1,-1,1,-1,-1,-1,1,-1,-1,1,-1,-1,-1,-1,-1,-1,1,-1,-1,-1,-1,1,-1,-1,1,1,1,-1,1,-1,1,-1,1,1,1,-1,-1,-1,1,-1,-1,1,1,1,-1,1,-1,1,1,1,-1,1,1,-1,-1,-1,1,-1,-1,1,-1,-1,1,1,1,-1,1,-1,-1,1,1,-1,-1,1,-1,-1,1,1,-1,-1,1,-1,-1,-1,1,1,-1,1,1,-1,-1,1,-1,-1,1,-1,1,-1,1,1,-1,-1,1,-1,-1,-1,-1,-1,1,1,1,-1,-1,1,-1,-1,1,-1,-1,1,-1,-1,1,1,-1,-1,1,1,-1,1,1,-1,1,-1,1,-1,-1,1,1,-1,-1,-1,-1,-1,1,-1,-1,1,-1,-1,-1,1,1,-1,-1,-1,-1,-1,1,-1,-1,-1,-1,-1,1,1,1,-1,-1,-1,-1,-1,1,1,-1,-1,-1,-1,-1,1,1,1,-1,-1,-1,-1,1,1,1,-1,-1,-1,1,1,1,1,1,-1,1,1,1,1,1,1,-1,-1,1,1,1,-1,1,-1,1,1,1,1,-1,1,-1,-1,1,-1,1,-1,1,-1,-1,1,-1,1,1,1,-1,-1,1,-1,1,-1,1,-1,-1,1,-1,1,1,1,-1,-1,1,-1,1,1,1,-1,-1,1,1,-1,1,1,-1,-1,1,-1,1,-1,1,-1,-1,-1,-1,-1,1,1,-1,-1,1,-1,-1,1,1,-1,-1,-1,-1,-1,-1,1,-1,-1,-1,-1,-1,1,-1,-1,1,-1,-1,1,-1,1,-1,-1,-1,-1,-1,1,1,1,-1,-1,-1,1,1,1,-1,-1,-1,1,-1,-1,1,-1,1,-1,-1,1,1,1,-1,-1,-1,-1,1,-1,1,1,-1,1,-1,-1,1,1,-1,-1,-1,-1,-1,-1,1,1,-1,-1,1,-1,1,1,1,-1,-1,1,-1,1,1,-1,-1,1,-1,-1,1,1,1,-1,1,-1,1,1,1,-1,-1,1,-1,-1,1,1,1,-1,1,-1,-1,1,1,-1,1,1,-1,-1,1,1,1,1,1,-1,-1,1,1,-1,1,1,-1,-1,1,1,1,1,-1,1,-1,1,1,1,-1,1,-1,-1,1,-1,1,1,1,1,-1,-1,1,-1,1,1,1,-1,1,1,1,1,-1,1,-1,1,1,1,1,1,1,1,-1,1,1,1,1,-1,1,-1,1,1,1,1,1,1,1,1,1,1,-1,1,-1,1,1,1,-1,1,1,1,1,-1,1,1,1,-1,1,1,1,1,1,-1,-1,1,-1,1,1,1,-1,1,-1,1,1,1,1,-1,-1,1,1,-1,1,1,-1,-1,1,1,-1,1,1,1,-1,-1,-1,1,1,1,-1,-1,-1,-1,1,1,1,-1,1,1,1,1,1,-1,-1,1,1,1,1,1,1,-1,1,-1,1,1,1,-1,-1,-1,-1,-1,-1,-1,-1,-1,1,-1,1,1,1,-1,1,1,-1,-1,1,1,1,-1,1,-1,1,1,1,-1,-1,1,-1,1,1,1,-1,-1,1,-1,1,1,1,-1,-1,1,-1,1,-1,1,1,-1,1,-1,-1,1,1,-1,-1,-1,-1,1,1,-1,1,-1,1,-1,-1,1,-2672.0,1,2000,445,1000,False
362,1,1,-1,-1,1,1,-1,1,1,1,1,-1,-1,1,1,1,-1,1,-1,-1,-1,1,1,1,1,-1,-1,-1,1,1,1,1,1,-1,-1,1,-1,1,1,-1,-1,-1,1,1,1,1,1,-1,1,-1,1,1,-1,1,-1,-1,1,-1,1,1,1,-1,-1,-1,1,1,1,1,-1,-1,1,-1,1,1,1,-1,-1,1,-1,1,1,-1,-1,-1,-1,1,1,1,-1,-1,-1,1,-1,1,1,-1,-1,1,-1,1,1,1,-1,-1,1,-1,-1,1,1,-1,-1,-1,-1,-1,1,1,-1,-1,1,-1,-1,1,1,1,-1,-1,-1,-1,1,1,1,-1,1,-1,-1,1,1,1,-1,1,-1,-1,1,1,1,-1,1,-1,-1,-1,1,1,-1,-1,1,-1,-1,1,1,-1,1,1,-1,-1,1,1,-1,1,1,-1,1,1,-1,-1,1,-1,-1,1,1,-1,1,-1,1,-1,1,1,-1,1,1,-1,-1,-1,1,1,1,1,1,-1,-1,1,-1,1,1,1,-1,-1,1,1,-1,1,1,-1,1,1,-1,1,1,1,-1,1,1,1,1,1,1,1,-1,1,-1,-1,1,1,1,-1,1,1,-1,1,1,-1,-1,1,-1,-1,1,1,1,-1,-1,1,-1,1,1,-1,1,1,-1,1,1,1,-1,-1,1,-1,1,-1,1,1,1,1,-1,1,-1,1,1,-1,1,-1,1,-1,1,1,1,1,-1,-1,1,1,1,1,1,1,-1,1,1,-1,-1,-1,1,1,-1,1,1,-1,-1,1,-1,-1,1,-1,1,-1,1,1,1,1,1,1,-1,1,-1,-1,1,-1,1,-1,1,1,-1,1,1,1,-1,1,1,1,1,1,-1,1,1,-1,-1,1,1,-1,1,1,-1,1,1,1,-1,1,1,1,-1,1,1,1,1,1,-1,1,1,1,1,1,1,-1,1,1,1,-1,1,1,-1,1,1,1,1,-1,1,-1,1,1,1,1,1,1,-1,1,-1,1,1,-1,1,1,-1,-1,1,1,-1,1,-1,1,1,1,1,1,1,1,1,1,1,1,-1,1,-1,1,1,-1,1,-1,1,-1,1,1,1,1,-1,1,1,1,1,1,1,-1,1,1,1,-1,1,1,1,-1,-1,1,1,1,1,-1,-1,1,-1,1,1,-1,1,-1,-1,1,1,-1,-1,1,-1,1,-1,-1,1,-1,1,-1,-1,-1,1,1,-1,1,-1,-1,1,-1,1,-1,1,-1,1,-1,-1,1,-1,1,-1,-1,1,-1,1,-1,-1,1,-1,-1,1,1,-1,1,-1,-1,1,-1,1,-1,-1,1,-1,1,-1,1,-1,-1,-1,-1,-1,-1,1,-1,-1,1,-1,1,-1,1,1,-1,-1,1,-1,-1,1,-1,-1,-1,-1,-1,-1,-1,1,-1,-1,-1,-1,1,-1,1,-1,-1,-1,-1,-1,1,1,-1,-1,-1,-1,-1,1,1,-1,1,-1,-1,-1,-1,1,1,1,-1,-1,-1,1,-1,1,1,1,1,1,1,-1,-1,1,1,1,1,-1,-1,1,-1,1,1,1,-1,-1,-1,1,1,1,-1,1,-1,-1,-1,1,1,-1,1,-1,-1,-1,1,1,-1,1,-1,-1,-1,1,1,-1,1,-1,-1,-1,-1,1,1,1,-1,1,-1,-1,1,-1,1,-1,1,1,-1,1,-1,1,1,-1,-1,-1,-1,-1,1,1,-1,-1,-1,1,-1,1,1,-1,-1,1,-1,1,1,-1,-1,-1,-1,-1,1,1,-1,1,-1,1,1,1,1,1,-1,-1,-1,-1,-1,1,1,-1,-1,-1,1,-1,1,1,-1,-1,-1,-1,1,1,1,-1,1,-1,1,-1,1,1,-1,-1,1,-1,-1,1,1,-1,-1,1,-1,-1,1,1,-1,-1,1,1,-1,1,1,-1,-1,-1,1,-1,1,1,1,-1,1,-1,-1,-1,-1,1,-1,1,-1,-1,1,-1,1,-1,-1,1,-1,1,1,-1,-1,1,1,-1,1,-1,1,-1,1,-1,-1,1,1,-1,-1,1,-1,-1,-1,1,1,-1,1,1,-1,-1,1,-1,-1,1,-1,-1,-1,-1,1,1,1,1,-1,-1,1,1,-1,1,1,-1,-1,-1,1,-1,1,-1,-1,-1,1,1,1,-1,1,-1,-1,1,1,1,-1,1,-1,-1,-1,1,-1,-1,1,-1,-1,-1,1,-1,1,-1,-1,1,-1,1,1,-1,1,-1,-1,-1,1,1,-1,1,1,-1,-1,-1,1,1,1,-1,-1,-1,1,1,-1,1,-1,-1,-1,1,-1,1,1,-1,-1,-1,-1,-1,1,-1,1,-1,1,-1,1,-1,1,-1,-1,-1,-1,-1,-1,1,1,-1,-1,1,-1,1,1,-1,-1,-1,1,-1,1,1,-1,-1,1,-1,-1,1,1,1,-1,1,-1,1,1,1,-1,-1,1,-1,-1,1,1,1,-1,1,-1,-1,1,1,-1,1,1,-1,-1,1,1,1,1,1,-1,-1,1,1,-1,1,1,-1,-1,1,1,1,1,-1,1,-1,1,1,1,1,1,-1,-1,1,-1,1,1,1,1,-1,-1,1,-1,1,1,1,-1,1,1,1,1,-1,1,-1,1,1,1,1,1,1,1,-1,1,1,1,1,-1,1,-1,1,1,1,1,1,-1,1,1,1,1,-1,1,-1,1,1,1,-1,1,1,1,1,1,1,1,1,-1,1,1,1,1,1,-1,-1,1,-1,1,1,1,-1,1,-1,1,1,1,1,-1,-1,1,1,1,1,1,-1,-1,1,-1,1,1,1,1,-1,-1,-1,1,1,1,-1,-1,-1,-1,1,1,1,-1,1,1,1,1,1,-1,-1,1,1,1,1,1,1,-1,1,-1,1,-1,1,-1,-1,1,-1,-1,1,-1,-1,-1,1,-1,1,1,1,-1,1,1,-1,-1,1,1,1,-1,1,-1,1,-1,1,-1,-1,1,-1,1,1,1,-1,-1,1,-1,1,1,1,-1,-1,1,-1,1,-1,1,1,-1,1,-1,-1,1,1,-1,-1,-1,1,-1,1,-1,1,-1,1,-1,-1,1,-2672.0,1,2000,445,1000,True
363,1,1,-1,-1,1,1,-1,-1,1,1,1,-1,-1,1,1,1,-1,1,-1,-1,-1,-1,1,1,1,-1,-1,-1,1,1,1,1,-1,-1,-1,-1,1,1,1,1,-1,-1,-1,1,1,1,1,-1,1,1,1,1,-1,1,-1,-1,1,-1,1,1,1,-1,-1,-1,1,1,1,1,-1,-1,-1,1,1,1,1,-1,-1,-1,1,1,1,-1,-1,-1,1,1,1,1,-1,-1,-1,1,1,1,1,-1,-1,1,1,-1,1,1,-1,-1,1,1,1,1,1,-1,-1,1,1,1,1,1,-1,-1,1,1,1,1,1,1,-1,-1,1,1,-1,1,1,-1,1,1,1,1,1,1,-1,-1,1,1,1,1,1,-1,1,1,1,1,1,1,-1,-1,-1,1,1,1,1,-1,1,1,1,1,-1,1,-1,1,-1,1,1,1,-1,-1,1,1,1,1,1,-1,1,-1,-1,1,-1,1,-1,1,1,1,1,1,1,1,1,1,-1,1,-1,1,-1,1,1,-1,1,-1,1,1,-1,1,-1,1,-1,1,-1,1,1,-1,-1,-1,1,1,1,1,-1,-1,1,1,-1,-1,1,-1,1,-1,1,1,-1,1,-1,1,-1,1,-1,-1,1,-1,-1,-1,1,1,-1,1,-1,1,1,1,-1,1,1,-1,1,-1,1,-1,1,-1,1,-1,1,1,-1,1,-1,-1,-1,1,1,-1,1,-1,-1,-1,1,1,-1,-1,1,1,-1,-1,1,1,-1,1,1,-1,1,1,1,1,-1,1,-1,1,1,-1,1,-1,1,1,-1,1,1,1,1,1,-1,-1,1,-1,-1,-1,1,1,-1,1,1,1,-1,1,-1,-1,1,1,1,1,1,-1,1,1,1,-1,1,1,-1,1,1,1,-1,1,1,-1,-1,1,1,1,-1,1,-1,1,1,1,-1,1,1,-1,1,1,1,-1,1,-1,-1,1,1,1,-1,1,-1,-1,-1,1,1,-1,1,-1,-1,1,-1,1,-1,1,1,-1,-1,1,1,1,-1,1,-1,-1,1,1,-1,1,-1,-1,-1,-1,-1,-1,1,1,-1,-1,1,1,-1,1,-1,-1,-1,1,1,1,1,-1,-1,1,1,1,-1,1,-1,-1,-1,-1,1,1,-1,1,-1,-1,1,-1,1,-1,-1,-1,1,-1,-1,1,-1,1,-1,-1,1,-1,1,-1,-1,-1,1,1,-1,1,-1,1,-1,-1,1,-1,1,-1,-1,-1,-1,1,-1,-1,1,1,-1,-1,1,-1,1,1,-1,1,-1,1,-1,1,-1,1,-1,-1,1,-1,1,-1,-1,-1,1,1,-1,1,-1,1,-1,1,-1,1,1,-1,1,-1,1,-1,-1,1,-1,-1,-1,1,-1,1,-1,-1,1,-1,1,-1,-1,1,-1,-1,1,-1,1,-1,1,-1,1,-1,1,1,-1,-1,-1,1,-1,1,-1,-1,1,-1,1,1,1,1,-1,-1,1,1,-1,1,1,-1,-1,1,1,1,-1,1,1,-1,1,1,1,1,-1,1,1,-1,-1,-1,1,-1,-1,1,1,1,-1,1,-1,1,-1,-1,-1,1,1,-1,1,1,-1,-1,-1,1,-1,1,1,-1,1,-1,1,-1,-1,-1,-1,-1,-1,1,-1,-1,-1,-1,-1,-1,1,-1,1,1,1,1,-1,1,-1,1,1,-1,-1,-1,1,-1,-1,1,-1,1,-1,-1,1,1,1,1,-1,-1,1,1,1,1,-1,1,-1,-1,1,1,1,-1,-1,-1,1,1,1,1,-1,-1,-1,1,-1,1,-1,1,-1,-1,-1,1,1,1,-1,-1,-1,1,1,1,1,1,-1,-1,-1,1,1,1,1,-1,-1,-1,1,1,1,-1,-1,-1,-1,1,1,1,1,-1,-1,1,1,1,1,1,-1,-1,-1,1,1,-1,1,-1,-1,-1,1,1,1,1,-1,-1,1,1,1,1,-1,-1,1,1,-1,1,1,-1,-1,-1,1,1,1,1,1,-1,1,1,1,1,1,-1,-1,-1,1,-1,1,-1,-1,-1,-1,1,-1,1,1,-1,-1,-1,1,-1,1,1,-1,-1,-1,1,1,1,1,-1,-1,-1,1,-1,1,1,-1,-1,-1,1,1,-1,-1,-1,-1,-1,1,-1,1,-1,-1,-1,-1,-1,-1,-1,1,-1,-1,-1,1,-1,-1,1,-1,-1,-1,-1,-1,1,1,-1,-1,-1,-1,-1,1,-1,-1,-1,1,-1,-1,1,-1,1,-1,-1,-1,-1,-1,-1,-1,1,-1,-1,-1,1,1,-1,-1,-1,-1,1,-1,-1,-1,-1,1,-1,-1,1,1,1,-1,-1,-1,-1,1,-1,1,1,-1,1,-1,-1,1,1,-1,-1,-1,-1,-1,-1,1,1,-1,-1,1,-1,1,1,-1,-1,-1,1,-1,1,1,-1,-1,1,-1,-1,1,1,1,-1,1,-1,1,1,1,-1,-1,1,-1,-1,1,-1,1,-1,1,-1,-1,1,1,-1,1,1,-1,-1,1,1,-1,1,1,-1,-1,1,1,-1,1,1,-1,-1,1,1,1,1,-1,1,-1,1,1,1,-1,1,-1,-1,1,-1,1,1,1,1,-1,-1,1,-1,1,1,1,-1,1,1,1,1,-1,1,-1,1,1,1,1,1,1,1,-1,1,1,1,1,-1,1,-1,1,1,1,1,1,-1,1,1,1,1,-1,1,1,-1,1,1,-1,1,1,-1,-1,1,1,1,1,-1,1,-1,1,1,1,-1,-1,1,-1,1,1,1,-1,1,-1,-1,-1,1,1,-1,-1,1,-1,-1,1,1,-1,-1,1,-1,1,1,1,1,-1,1,-1,-1,1,1,-1,-1,-1,1,1,1,1,-1,1,1,-1,1,1,-1,-1,1,1,-1,-1,1,1,-1,1,1,1,1,1,-1,-1,-1,-1,1,-1,-1,-1,-1,-1,1,1,1,1,-1,1,1,-1,1,1,1,1,-1,1,-1,1,1,1,1,-1,1,-1,1,1,1,1,-1,1,-1,1,1,1,1,-1,1,-1,1,1,1,-1,-1,1,-1,1,1,1,-1,-1,-1,1,-1,1,-1,1,-1,1,-1,1,1,-2672.0,1,2000,445,1500,False
364,-1,-1,1,1,1,1,-1,1,-1,-1,-1,1,-1,-1,-1,-1,1,-1,1,-1,-1,1,-1,-1,-1,1,-1,-1,-1,-1,-1,-1,1,-1,-1,1,1,-1,-1,1,-1,-1,1,-1,-1,-1,1,1,-1,-1,-1,-1,-1,1,-1,1,-1,1,-1,-1,1,1,-1,1,-1,-1,-1,1,1,-1,1,-1,-1,-1,1,1,1,1,-1,-1,-1,1,1,-1,-1,-1,-1,1,1,1,1,-1,-1,-1,1,1,-1,1,-1,1,-1,1,1,1,-1,-1,-1,-1,1,1,1,1,-1,-1,-1,1,1,1,1,-1,-1,-1,-1,1,1,1,-1,-1,-1,1,1,1,-1,-1,-1,1,1,1,1,-1,-1,-1,1,-1,1,1,1,-1,-1,-1,-1,1,1,1,1,-1,1,1,1,1,-1,1,-1,-1,1,-1,1,-1,1,-1,1,-1,1,1,-1,-1,-1,-1,1,1,-1,1,1,-1,1,-1,1,-1,-1,-1,-1,1,-1,1,-1,-1,1,-1,1,-1,1,-1,-1,1,-1,1,1,1,1,-1,1,-1,1,-1,1,-1,-1,1,-1,1,-1,1,1,-1,1,1,-1,1,-1,1,-1,1,-1,1,-1,1,1,-1,1,-1,1,-1,1,-1,-1,1,1,1,-1,-1,1,-1,1,-1,-1,-1,1,-1,-1,1,-1,1,-1,1,1,-1,1,1,-1,-1,1,-1,1,1,1,-1,-1,1,-1,1,1,1,1,-1,-1,1,-1,1,1,1,-1,1,1,-1,1,-1,-1,-1,1,1,1,1,1,-1,-1,1,1,-1,1,1,1,-1,1,1,1,1,1,1,-1,1,-1,1,1,-1,1,-1,1,-1,1,1,1,1,-1,1,-1,1,1,1,-1,-1,1,1,-1,1,1,-1,1,1,-1,1,1,1,-1,1,1,1,-1,1,1,1,1,1,-1,1,1,-1,1,1,1,-1,1,1,1,-1,1,1,-1,1,1,1,1,-1,1,1,1,1,1,1,1,1,-1,1,-1,1,-1,1,1,-1,-1,1,1,1,-1,1,-1,1,1,1,-1,1,1,-1,1,1,1,-1,1,-1,-1,1,1,-1,1,-1,1,-1,1,1,-1,1,-1,-1,1,1,1,1,1,-1,1,-1,-1,-1,1,1,1,-1,-1,1,1,1,-1,1,-1,1,-1,1,1,-1,1,-1,-1,1,1,1,-1,1,-1,1,-1,-1,1,1,1,-1,-1,-1,-1,-1,1,1,-1,-1,1,-1,1,1,-1,-1,1,-1,1,1,1,1,-1,-1,1,-1,1,-1,-1,1,-1,-1,1,1,-1,1,-1,-1,1,1,1,-1,-1,1,-1,1,1,1,-1,-1,-1,-1,-1,1,1,-1,-1,1,-1,1,-1,1,1,-1,-1,1,-1,1,-1,1,-1,-1,1,-1,-1,-1,1,-1,-1,-1,-1,1,-1,1,-1,-1,1,-1,-1,1,1,-1,-1,-1,-1,-1,1,1,-1,-1,-1,1,-1,-1,1,1,1,-1,1,-1,1,-1,1,1,1,-1,1,1,-1,-1,1,1,1,1,-1,-1,1,-1,1,1,1,-1,-1,-1,-1,-1,1,1,1,-1,-1,-1,1,1,-1,1,-1,-1,-1,1,1,1,1,-1,-1,-1,1,1,1,1,-1,-1,-1,-1,1,-1,1,-1,1,-1,-1,1,1,1,-1,-1,1,1,-1,-1,1,1,-1,-1,-1,-1,1,1,1,-1,-1,-1,1,1,1,1,-1,-1,1,-1,1,1,-1,-1,-1,-1,-1,1,1,-1,1,-1,-1,1,1,1,1,-1,-1,-1,-1,1,1,-1,1,-1,-1,1,1,1,1,-1,1,-1,-1,1,1,1,-1,1,-1,1,1,1,1,-1,1,-1,-1,1,-1,1,-1,1,-1,1,1,1,1,-1,-1,1,-1,1,1,1,-1,-1,-1,1,1,1,-1,1,-1,1,-1,1,-1,-1,1,-1,1,-1,1,1,-1,-1,1,-1,1,1,-1,-1,-1,1,-1,1,1,1,-1,1,-1,1,-1,1,-1,1,-1,1,-1,-1,1,1,-1,1,1,-1,1,1,1,-1,-1,1,1,-1,1,1,-1,1,1,1,1,1,-1,1,1,-1,1,1,1,1,-1,1,-1,1,-1,1,1,-1,1,1,-1,1,1,1,-1,1,1,-1,1,1,1,-1,1,-1,-1,1,1,-1,1,1,-1,1,-1,1,-1,1,1,-1,-1,1,1,1,1,1,1,-1,1,1,-1,1,1,-1,1,1,1,-1,1,1,1,-1,1,1,-1,1,1,-1,1,1,-1,1,1,1,-1,1,1,1,-1,1,1,1,-1,1,1,-1,1,1,-1,-1,1,-1,-1,1,1,-1,1,1,-1,-1,-1,1,-1,1,1,1,-1,1,-1,-1,1,1,1,-1,1,-1,1,1,1,-1,1,1,-1,-1,1,1,-1,-1,-1,-1,1,1,1,-1,1,-1,-1,-1,1,1,-1,-1,1,-1,-1,1,1,-1,-1,-1,-1,-1,1,1,-1,-1,-1,1,-1,1,1,-1,-1,-1,-1,-1,1,-1,-1,-1,-1,-1,1,1,1,-1,-1,-1,1,-1,1,1,-1,-1,1,-1,1,1,1,1,-1,-1,-1,1,-1,1,-1,-1,-1,-1,1,-1,1,-1,-1,-1,-1,1,1,1,-1,-1,1,1,-1,1,1,-1,1,-1,1,1,1,1,1,-1,1,1,1,1,1,1,-1,1,-1,1,-1,1,1,-1,1,1,-1,1,1,1,-1,1,-1,1,1,-1,1,-1,1,-1,1,1,-1,1,-1,-1,1,-1,-1,1,1,-1,1,1,-1,-1,1,1,1,1,-1,1,1,1,-1,1,1,-1,1,1,1,-1,-1,1,-1,-1,1,1,-1,1,1,1,-1,-1,-1,1,1,1,-1,-1,1,1,1,-1,1,-1,-1,-1,1,1,1,1,-1,-1,1,1,1,1,1,1,-1,1,1,1,1,1,1,-1,1,1,-1,-1,1,-1,-1,1,-1,1,1,1,1,-1,-1,1,1,-1,1,-1,1,-1,1,1,-1,1,1,-1,-1,1,-2672.0,1,2000,445,1000,True
365,1,1,-1,-1,1,-1,-1,1,1,1,1,-1,1,1,1,1,-1,1,-1,-1,-1,1,1,1,1,-1,-1,-1,1,1,1,1,-1,-1,-1,1,-1,1,1,-1,-1,-1,1,1,1,1,1,-1,1,-1,1,1,-1,1,-1,-1,1,-1,1,1,1,-1,-1,-1,1,1,1,1,-1,-1,1,-1,1,1,1,-1,-1,1,-1,1,1,-1,-1,-1,-1,1,1,1,-1,-1,-1,1,-1,1,1,-1,-1,1,-1,1,1,1,-1,-1,1,-1,-1,1,1,-1,-1,1,-1,-1,1,1,-1,-1,1,-1,-1,1,1,1,-1,1,-1,-1,1,1,1,-1,1,-1,-1,1,1,1,-1,-1,-1,-1,1,1,1,-1,1,-1,-1,-1,1,1,-1,-1,1,-1,-1,1,1,-1,1,1,-1,-1,1,1,-1,1,1,-1,1,1,-1,-1,1,-1,-1,1,1,-1,1,-1,1,-1,1,1,-1,1,1,-1,-1,-1,1,1,1,1,1,-1,-1,1,-1,1,1,1,-1,-1,1,1,-1,1,1,-1,1,1,-1,1,1,1,-1,1,1,1,1,1,1,1,-1,1,-1,-1,1,1,-1,-1,1,1,-1,1,1,-1,-1,1,-1,1,1,1,1,-1,-1,1,-1,1,1,-1,1,1,-1,1,1,1,-1,-1,1,-1,1,-1,1,1,1,1,-1,1,-1,1,1,-1,1,-1,1,-1,1,1,1,1,-1,-1,1,1,1,1,1,1,-1,1,1,-1,-1,1,1,1,-1,1,1,-1,-1,1,-1,-1,1,1,1,-1,1,1,1,1,1,1,-1,1,-1,-1,1,-1,1,-1,1,1,-1,1,1,1,-1,1,1,1,1,1,-1,-1,1,-1,1,1,1,-1,1,1,-1,1,1,1,-1,1,1,1,-1,1,1,1,1,1,-1,1,1,-1,1,1,1,-1,1,1,1,-1,1,1,-1,1,1,1,1,-1,1,-1,1,1,1,1,1,1,-1,1,-1,1,-1,-1,1,1,-1,-1,1,1,-1,1,-1,1,1,1,-1,1,1,1,1,-1,1,-1,1,-1,-1,1,1,-1,1,-1,1,-1,1,1,-1,1,-1,1,1,1,1,1,1,-1,1,-1,-1,-1,1,1,1,-1,-1,1,1,1,-1,1,-1,1,-1,1,1,-1,1,-1,-1,1,1,1,-1,1,-1,1,-1,-1,1,1,1,-1,-1,-1,1,1,1,1,-1,-1,1,-1,1,1,-1,-1,1,-1,1,-1,1,1,-1,-1,1,-1,1,-1,-1,1,-1,-1,1,1,-1,1,-1,-1,1,1,1,-1,-1,1,-1,1,-1,1,-1,-1,-1,-1,-1,1,1,-1,-1,1,-1,1,-1,1,1,-1,-1,1,-1,1,-1,1,-1,-1,1,-1,-1,-1,1,-1,-1,-1,-1,1,-1,1,-1,-1,1,-1,-1,1,1,-1,-1,-1,-1,-1,1,1,-1,-1,-1,1,-1,-1,1,1,1,-1,1,-1,1,-1,1,1,1,-1,1,1,-1,-1,1,-1,1,-1,1,-1,1,-1,1,1,1,-1,-1,-1,-1,-1,1,-1,1,-1,-1,-1,1,1,-1,1,-1,-1,-1,1,1,-1,1,-1,-1,1,1,1,-1,1,-1,-1,-1,-1,1,1,1,-1,1,-1,-1,1,-1,1,-1,-1,1,-1,1,-1,1,1,-1,-1,-1,-1,-1,1,1,-1,1,-1,1,-1,1,1,-1,-1,1,-1,1,1,-1,-1,-1,-1,-1,1,1,-1,1,-1,1,1,1,1,1,-1,-1,-1,-1,-1,1,-1,1,-1,-1,1,-1,1,1,-1,1,-1,-1,1,1,1,-1,1,-1,1,-1,1,1,-1,-1,-1,-1,-1,1,1,-1,1,-1,1,-1,1,1,1,-1,1,-1,-1,1,1,-1,-1,-1,1,-1,1,1,1,-1,1,-1,-1,-1,-1,1,-1,1,-1,-1,1,-1,-1,1,-1,1,-1,1,1,-1,1,-1,1,-1,1,-1,1,-1,1,-1,-1,1,1,-1,1,-1,-1,-1,-1,1,1,1,-1,1,-1,-1,1,-1,1,1,-1,-1,-1,-1,1,1,1,1,-1,-1,1,1,-1,1,1,-1,-1,-1,1,-1,1,-1,-1,-1,1,1,1,-1,1,-1,-1,1,1,1,-1,1,-1,-1,-1,1,-1,-1,1,-1,-1,-1,1,-1,1,-1,-1,1,-1,1,-1,-1,1,-1,-1,-1,1,1,-1,1,1,-1,-1,1,-1,1,1,-1,-1,-1,1,1,-1,1,-1,-1,-1,1,-1,1,1,-1,-1,-1,-1,-1,1,1,1,-1,1,-1,1,-1,1,-1,-1,-1,-1,-1,-1,1,1,-1,-1,1,-1,1,1,1,-1,-1,-1,-1,1,1,-1,-1,1,-1,-1,1,1,1,-1,1,-1,1,1,1,-1,-1,1,-1,-1,1,-1,1,-1,1,-1,-1,1,1,-1,1,1,-1,-1,1,1,1,1,1,-1,-1,1,1,-1,1,1,-1,-1,1,1,1,1,1,1,-1,1,1,1,-1,1,-1,-1,1,-1,1,1,1,1,-1,-1,1,-1,1,1,1,-1,1,1,1,1,-1,1,-1,1,1,1,1,1,1,1,-1,1,1,1,1,-1,1,-1,1,1,1,1,1,-1,1,1,1,1,-1,1,-1,1,1,1,-1,1,1,1,1,1,1,1,1,-1,1,1,1,1,1,-1,-1,1,-1,1,1,1,-1,1,-1,1,1,1,1,-1,-1,1,1,-1,1,1,-1,-1,1,1,-1,1,1,1,-1,1,-1,1,1,1,-1,-1,-1,-1,1,-1,1,-1,1,1,1,1,1,-1,-1,1,1,1,1,1,1,-1,1,-1,1,1,1,-1,-1,-1,-1,-1,-1,-1,-1,-1,-1,1,1,1,1,-1,1,1,-1,-1,1,1,1,-1,1,-1,1,1,1,1,-1,1,-1,1,1,1,1,-1,1,-1,1,1,1,1,-1,1,-1,1,-1,1,-1,-1,1,-1,-1,1,1,-1,-1,-1,-1,1,1,-1,1,-1,1,-1,-1,1,-2672.0,1,2000,445,1000,True
366,1,1,-1,-1,1,-1,-1,-1,1,1,1,-1,1,1,1,1,-1,1,-1,-1,1,-1,1,1,1,-1,1,-1,1,1,1,1,-1,-1,-1,-1,1,1,1,1,-1,-1,-1,1,1,1,1,-1,1,1,1,1,-1,1,-1,-1,1,-1,1,1,1,-1,-1,-1,1,1,1,1,-1,-1,-1,1,1,1,1,-1,-1,-1,1,1,1,-1,-1,-1,1,1,1,1,-1,-1,-1,1,1,1,1,-1,-1,1,1,-1,1,1,-1,-1,1,1,1,1,1,-1,-1,1,1,1,1,1,-1,-1,1,1,1,1,1,1,-1,1,1,1,-1,1,1,-1,1,1,1,1,1,1,-1,-1,1,1,1,1,1,-1,1,1,1,1,1,1,-1,-1,-1,1,1,1,1,-1,1,1,1,1,-1,1,-1,1,-1,1,1,1,-1,-1,1,1,1,1,1,-1,1,-1,-1,1,-1,1,-1,1,1,1,1,1,1,1,1,1,-1,1,-1,1,-1,1,1,-1,1,-1,1,1,-1,1,-1,1,-1,1,-1,1,1,-1,-1,-1,1,1,1,1,-1,-1,1,1,-1,-1,1,-1,1,-1,-1,1,-1,1,-1,1,-1,1,-1,1,1,-1,-1,-1,1,1,-1,1,-1,1,1,1,-1,1,1,-1,1,-1,1,-1,1,-1,1,-1,1,1,-1,1,-1,-1,-1,1,1,-1,1,-1,-1,-1,1,1,-1,-1,1,1,-1,-1,1,1,-1,1,1,-1,1,1,1,1,-1,1,-1,1,1,-1,1,-1,1,-1,1,1,1,1,1,1,-1,-1,1,-1,-1,1,1,1,-1,1,1,1,-1,1,1,1,1,1,1,-1,1,-1,1,1,1,-1,-1,1,-1,1,1,1,-1,1,1,-1,-1,1,1,1,-1,1,-1,1,1,1,-1,1,1,-1,1,1,1,-1,1,1,-1,1,1,1,-1,1,1,-1,-1,1,1,-1,1,1,-1,1,-1,1,-1,1,1,1,-1,1,1,1,1,1,1,-1,1,1,-1,1,1,1,-1,-1,-1,-1,1,1,1,-1,1,1,-1,1,1,-1,-1,1,1,1,1,1,-1,1,1,1,-1,1,1,1,1,-1,1,1,1,-1,1,-1,1,1,1,1,1,1,-1,-1,-1,1,-1,-1,1,-1,1,-1,1,1,1,1,1,1,-1,1,-1,-1,1,-1,1,-1,1,1,1,1,1,1,-1,-1,1,-1,1,1,-1,-1,1,1,1,-1,1,1,-1,-1,1,-1,1,1,-1,-1,1,1,1,1,-1,1,-1,1,-1,1,1,-1,-1,-1,1,-1,1,1,-1,-1,-1,1,-1,1,1,1,-1,-1,1,-1,-1,1,-1,-1,-1,1,-1,1,1,-1,1,-1,1,1,-1,1,-1,-1,-1,-1,-1,1,1,-1,-1,-1,1,-1,-1,1,-1,-1,-1,-1,1,-1,1,-1,-1,1,-1,1,-1,-1,1,1,1,-1,1,-1,1,-1,1,-1,1,-1,-1,-1,1,-1,-1,1,1,1,-1,1,-1,1,1,1,-1,1,1,-1,1,-1,1,-1,-1,1,-1,-1,1,1,1,-1,1,-1,-1,1,1,-1,-1,1,-1,-1,1,1,-1,-1,1,-1,-1,-1,1,1,-1,1,1,-1,-1,1,-1,-1,1,-1,1,-1,1,1,-1,-1,1,-1,-1,-1,-1,-1,1,1,1,-1,-1,1,-1,-1,1,-1,-1,1,-1,-1,1,1,-1,-1,1,-1,-1,1,1,-1,1,-1,-1,-1,-1,1,1,-1,-1,-1,-1,-1,1,-1,-1,1,-1,-1,-1,1,1,-1,-1,-1,-1,-1,1,-1,-1,-1,-1,-1,-1,1,1,-1,-1,-1,-1,1,1,1,-1,-1,-1,-1,-1,1,1,1,-1,-1,-1,-1,1,1,-1,-1,-1,-1,1,1,1,1,1,-1,1,1,1,1,1,1,-1,-1,1,1,1,1,1,-1,1,1,1,1,-1,1,-1,-1,1,-1,1,-1,1,-1,-1,1,-1,1,1,1,-1,-1,1,-1,1,-1,1,-1,-1,1,-1,1,1,1,-1,-1,1,-1,1,1,1,-1,-1,1,1,-1,1,1,-1,-1,1,-1,1,-1,1,-1,-1,-1,-1,-1,1,1,-1,-1,1,-1,-1,1,1,-1,-1,-1,-1,1,-1,1,-1,-1,-1,-1,1,-1,-1,-1,1,-1,-1,1,-1,1,-1,-1,-1,-1,-1,-1,1,1,-1,-1,-1,1,1,1,-1,-1,1,-1,-1,-1,1,-1,1,-1,-1,1,1,1,-1,-1,-1,-1,1,-1,1,1,-1,1,-1,-1,1,1,-1,-1,-1,-1,-1,-1,1,1,-1,-1,1,-1,1,1,-1,-1,-1,1,-1,1,1,-1,-1,1,-1,-1,1,1,1,-1,1,-1,1,1,1,-1,-1,1,-1,-1,1,1,1,-1,1,-1,-1,1,1,-1,1,1,-1,-1,1,1,-1,1,1,-1,-1,1,1,-1,1,1,-1,-1,1,1,1,1,1,1,-1,-1,1,1,-1,1,-1,-1,1,-1,1,1,1,1,-1,-1,1,-1,1,1,1,-1,1,1,1,1,-1,1,-1,1,1,1,1,1,1,1,-1,1,1,1,1,-1,1,-1,1,1,1,1,1,-1,1,1,1,1,-1,1,1,-1,1,1,-1,1,1,-1,-1,1,1,1,1,-1,1,-1,1,1,1,-1,-1,1,-1,1,1,1,-1,1,-1,-1,-1,1,1,-1,-1,1,-1,-1,1,1,-1,-1,1,-1,-1,1,1,1,-1,1,-1,-1,1,1,-1,-1,-1,1,-1,-1,1,-1,1,1,-1,1,1,-1,-1,1,-1,-1,-1,1,1,-1,1,1,-1,1,1,-1,-1,1,-1,1,-1,-1,-1,-1,1,-1,-1,1,1,-1,1,1,-1,1,1,1,1,-1,1,-1,1,1,1,1,-1,1,-1,-1,1,1,1,-1,1,-1,1,1,1,1,-1,1,-1,1,1,-1,-1,-1,1,-1,-1,1,1,-1,-1,-1,1,-1,1,-1,1,-1,1,-1,-1,1,-2672.0,1,2000,445,0,False
367,1,1,-1,-1,1,1,-1,-1,1,1,1,-1,-1,1,1,1,-1,1,-1,-1,-1,-1,1,1,1,-1,-1,-1,1,1,1,1,-1,-1,-1,-1,1,-1,1,-1,-1,-1,-1,1,1,1,1,-1,1,1,1,1,-1,1,-1,-1,1,-1,1,1,1,-1,-1,-1,1,1,1,1,-1,-1,-1,1,1,1,1,-1,-1,-1,1,1,1,-1,-1,-1,1,1,1,1,-1,-1,-1,1,1,1,1,-1,-1,1,1,-1,1,1,-1,-1,1,1,1,1,1,-1,-1,1,1,1,1,1,-1,-1,1,1,1,1,1,1,-1,1,1,1,-1,1,1,-1,1,1,1,1,1,1,-1,-1,1,1,1,1,1,-1,1,1,1,1,1,1,-1,-1,-1,1,1,1,1,-1,1,1,1,1,-1,1,-1,1,-1,1,1,1,-1,-1,1,1,1,1,1,-1,1,-1,-1,1,-1,1,-1,1,1,1,1,1,1,1,1,1,-1,1,-1,1,-1,1,1,-1,1,-1,1,1,-1,1,-1,1,-1,1,-1,1,1,-1,1,-1,1,1,1,1,-1,-1,1,1,-1,-1,1,-1,1,-1,1,1,-1,1,-1,1,-1,1,-1,1,1,-1,1,-1,1,1,-1,1,-1,1,1,1,-1,1,1,-1,1,-1,1,-1,1,-1,1,-1,1,1,-1,1,-1,-1,-1,1,1,-1,1,-1,-1,-1,1,1,-1,-1,1,1,-1,-1,1,1,-1,1,1,-1,1,1,1,1,-1,1,-1,1,1,-1,1,-1,1,1,1,1,1,1,1,1,-1,-1,1,-1,-1,-1,1,1,-1,1,1,1,-1,1,1,1,1,1,1,1,1,-1,1,1,1,-1,1,1,-1,1,1,1,-1,1,1,-1,-1,1,1,1,-1,1,-1,1,1,1,-1,1,1,-1,1,1,1,-1,1,1,-1,1,1,1,-1,1,1,-1,-1,1,1,-1,1,1,-1,1,-1,1,-1,1,1,1,-1,1,1,1,-1,1,1,-1,1,1,-1,1,1,1,-1,-1,-1,-1,1,1,1,-1,1,1,-1,1,1,-1,-1,1,1,1,1,1,-1,1,1,1,-1,1,1,1,-1,-1,1,1,-1,-1,1,-1,1,-1,1,-1,1,1,-1,-1,-1,1,-1,-1,1,1,-1,1,1,-1,1,1,1,1,-1,1,-1,-1,1,-1,1,-1,1,-1,1,1,1,1,-1,-1,1,-1,1,1,1,-1,1,1,1,-1,1,1,-1,1,-1,-1,1,1,1,-1,-1,-1,1,1,1,1,-1,1,-1,-1,1,1,-1,1,1,-1,-1,1,1,-1,-1,1,-1,1,1,1,-1,1,-1,-1,-1,1,1,-1,-1,1,-1,1,1,1,1,-1,1,-1,-1,-1,1,1,-1,-1,-1,1,-1,1,-1,-1,1,-1,-1,1,-1,1,-1,-1,1,-1,1,-1,1,-1,-1,1,-1,-1,1,1,1,-1,1,-1,1,-1,-1,1,1,-1,-1,-1,1,-1,-1,1,1,1,-1,1,-1,1,1,1,-1,1,1,-1,1,-1,1,-1,-1,1,-1,-1,1,1,1,-1,1,-1,-1,1,1,-1,-1,1,-1,-1,1,1,-1,-1,1,-1,-1,-1,1,1,-1,1,1,-1,-1,1,-1,-1,1,-1,1,-1,1,1,-1,-1,1,-1,-1,-1,-1,-1,1,1,1,-1,1,1,-1,-1,1,-1,-1,-1,-1,-1,-1,1,-1,-1,-1,-1,-1,1,1,-1,1,1,-1,-1,-1,1,1,-1,-1,-1,-1,1,1,-1,-1,1,-1,-1,-1,1,1,-1,-1,-1,-1,-1,1,-1,-1,1,-1,-1,1,1,1,-1,1,-1,-1,-1,1,1,-1,-1,-1,-1,-1,1,1,1,-1,-1,-1,-1,1,1,-1,-1,-1,-1,1,1,1,1,-1,-1,1,1,1,1,1,-1,-1,-1,1,1,1,-1,1,-1,1,1,1,1,-1,1,-1,-1,1,-1,1,-1,1,-1,-1,1,-1,1,-1,-1,-1,-1,1,-1,1,-1,1,1,-1,1,-1,1,-1,1,1,-1,1,-1,1,-1,-1,-1,-1,1,1,-1,-1,-1,-1,-1,1,-1,1,-1,-1,-1,-1,-1,-1,-1,1,-1,-1,-1,1,-1,-1,1,-1,-1,-1,-1,-1,1,1,-1,-1,-1,-1,-1,1,-1,-1,-1,1,-1,-1,1,-1,1,-1,-1,-1,-1,-1,-1,-1,1,-1,-1,-1,1,1,-1,-1,-1,-1,1,-1,-1,-1,-1,1,-1,-1,1,1,1,-1,-1,-1,-1,1,-1,1,1,-1,1,-1,-1,1,1,-1,-1,-1,-1,-1,-1,1,1,-1,-1,1,-1,1,1,1,-1,-1,1,-1,1,1,-1,-1,1,-1,-1,1,1,1,-1,1,-1,1,1,1,-1,-1,1,-1,-1,1,1,1,-1,1,-1,-1,1,1,-1,1,1,-1,-1,1,1,1,1,1,-1,-1,1,1,-1,1,1,-1,-1,1,1,1,1,1,1,-1,1,1,1,1,1,-1,-1,1,-1,1,1,1,1,-1,-1,1,-1,1,1,1,-1,1,1,1,1,-1,1,-1,1,1,1,1,1,1,1,-1,1,1,1,1,-1,1,-1,1,1,1,1,1,-1,1,1,1,1,-1,1,1,-1,1,1,-1,1,1,-1,-1,1,1,1,1,-1,1,-1,1,1,1,-1,-1,1,-1,1,1,1,-1,1,-1,-1,-1,1,1,-1,-1,1,-1,-1,1,1,1,-1,1,-1,1,1,1,1,-1,1,-1,-1,1,1,-1,-1,-1,1,1,1,1,-1,1,1,-1,1,1,-1,-1,1,1,-1,-1,1,1,-1,1,1,1,1,1,-1,-1,-1,-1,1,-1,-1,-1,-1,-1,1,1,1,1,-1,1,1,-1,1,1,1,1,-1,1,-1,1,1,1,1,-1,1,-1,1,1,1,1,-1,1,-1,1,1,1,1,-1,1,-1,1,1,1,-1,-1,1,-1,1,1,1,-1,-1,-1,1,-1,1,-1,1,-1,1,-1,1,1,-2672.0,1,2000,445,1500,False
368,1,1,-1,-1,1,-1,-1,1,1,1,1,-1,1,1,1,1,-1,1,-1,-1,-1,1,1,1,1,-1,1,-1,1,1,1,1,1,-1,-1,1,-1,1,1,1,-1,-1,1,1,1,1,1,-1,1,-1,1,1,-1,1,-1,-1,-1,-1,1,1,1,-1,-1,1,1,1,1,1,-1,-1,1,-1,1,1,1,-1,-1,1,-1,1,1,-1,-1,-1,-1,1,1,1,-1,-1,-1,-1,-1,1,1,-1,-1,1,-1,1,1,1,-1,-1,1,-1,-1,1,1,-1,-1,-1,-1,-1,1,1,-1,-1,1,-1,-1,1,1,1,-1,-1,-1,-1,1,1,1,-1,1,-1,-1,1,1,1,-1,1,-1,-1,1,1,1,-1,1,-1,-1,-1,1,1,-1,-1,1,-1,-1,1,1,-1,1,1,-1,-1,1,1,-1,1,1,-1,1,1,-1,-1,1,-1,-1,1,1,-1,1,-1,1,-1,1,1,-1,1,1,-1,-1,-1,1,1,1,1,1,-1,1,1,-1,1,1,1,-1,-1,1,1,-1,1,1,-1,1,1,-1,1,1,1,-1,1,1,1,1,1,1,1,-1,1,-1,-1,1,1,1,-1,1,1,-1,1,1,-1,-1,1,-1,1,1,1,1,-1,1,1,-1,1,1,-1,1,1,-1,1,1,1,-1,-1,1,-1,1,-1,1,1,1,1,-1,1,-1,1,1,1,1,-1,1,-1,1,1,1,1,-1,-1,1,1,1,1,1,1,-1,1,1,1,1,1,1,-1,-1,1,1,1,1,-1,1,-1,1,1,1,-1,1,-1,-1,1,1,1,1,-1,1,-1,1,-1,1,1,1,1,-1,1,1,1,1,1,-1,-1,1,1,1,1,1,1,-1,1,1,1,1,1,-1,1,1,1,1,-1,1,-1,-1,1,1,1,1,1,1,1,1,1,1,1,1,1,1,1,1,1,1,1,1,1,1,1,1,1,1,1,1,1,1,-1,-1,1,-1,1,-1,1,-1,1,1,1,1,-1,1,1,-1,1,1,-1,1,1,1,-1,-1,-1,1,-1,1,1,-1,1,-1,1,1,1,-1,1,1,1,1,1,1,-1,1,1,-1,1,1,1,-1,-1,1,1,1,-1,1,-1,1,-1,1,1,1,1,1,-1,-1,1,-1,1,1,1,-1,1,-1,1,1,1,1,1,-1,1,-1,-1,1,-1,1,-1,1,1,-1,-1,1,1,-1,-1,1,-1,1,1,-1,-1,1,1,-1,1,-1,1,-1,1,1,-1,1,1,1,-1,1,1,1,1,1,1,-1,1,-1,1,1,1,-1,1,1,-1,1,-1,1,-1,-1,1,-1,1,-1,1,-1,-1,1,-1,-1,1,1,-1,-1,1,-1,1,-1,1,1,-1,-1,1,-1,-1,1,1,-1,-1,1,1,-1,1,-1,-1,-1,1,-1,1,1,1,-1,-1,1,-1,1,1,1,-1,-1,1,-1,-1,1,1,1,-1,1,-1,1,-1,1,1,1,-1,1,1,-1,-1,1,1,1,-1,1,-1,1,-1,1,1,1,-1,-1,-1,1,-1,1,1,1,-1,-1,-1,1,1,-1,1,-1,-1,-1,1,1,1,1,-1,-1,1,1,1,-1,1,-1,-1,-1,-1,1,1,1,-1,1,-1,-1,1,-1,1,-1,-1,1,1,-1,-1,1,1,-1,-1,-1,-1,-1,1,1,-1,-1,-1,1,-1,1,1,-1,-1,1,-1,1,1,-1,-1,-1,-1,-1,1,1,-1,1,-1,-1,1,1,1,1,-1,-1,-1,-1,-1,1,1,-1,-1,-1,1,-1,1,1,-1,-1,-1,-1,1,1,1,-1,1,-1,1,-1,1,1,-1,-1,-1,-1,-1,1,1,-1,-1,-1,1,-1,1,1,-1,-1,1,1,-1,1,1,-1,-1,-1,1,-1,1,1,-1,-1,1,-1,-1,-1,-1,1,-1,-1,-1,-1,1,-1,-1,-1,1,1,-1,-1,1,-1,-1,1,1,-1,1,-1,-1,1,-1,-1,-1,-1,1,-1,1,-1,-1,-1,-1,1,-1,-1,1,-1,-1,-1,1,-1,1,-1,1,-1,-1,-1,-1,-1,1,-1,-1,-1,1,-1,1,-1,-1,-1,-1,-1,-1,-1,1,-1,-1,-1,1,1,-1,1,-1,-1,-1,1,-1,-1,1,-1,-1,-1,-1,-1,1,1,-1,-1,-1,-1,-1,1,-1,-1,-1,1,-1,-1,1,-1,1,-1,-1,-1,-1,-1,-1,-1,1,-1,-1,-1,1,1,-1,-1,-1,-1,1,1,-1,-1,-1,-1,-1,-1,1,1,1,-1,-1,-1,-1,1,-1,1,1,-1,1,-1,-1,1,1,-1,-1,-1,-1,-1,-1,1,1,-1,-1,1,-1,1,1,-1,-1,-1,1,-1,-1,1,-1,-1,1,-1,-1,1,1,1,-1,1,-1,1,1,1,-1,-1,1,-1,-1,1,-1,1,-1,1,-1,-1,1,1,-1,1,1,-1,-1,1,1,-1,1,1,-1,-1,1,1,1,1,1,-1,-1,1,1,1,1,1,1,-1,1,1,1,1,1,-1,-1,1,-1,1,1,1,1,-1,-1,1,-1,1,1,1,-1,1,1,1,1,-1,1,-1,1,1,1,1,1,1,-1,-1,1,1,1,1,-1,1,-1,1,1,1,1,-1,1,-1,1,1,1,-1,-1,1,-1,1,1,-1,1,-1,-1,-1,1,1,1,-1,1,-1,-1,1,1,1,-1,-1,-1,-1,1,1,1,-1,-1,-1,-1,-1,1,1,-1,1,-1,-1,1,1,1,-1,1,-1,1,-1,1,1,1,1,1,-1,-1,1,1,-1,-1,1,1,-1,-1,1,-1,1,-1,-1,1,1,-1,-1,1,-1,-1,-1,1,1,-1,1,1,-1,1,1,-1,-1,1,-1,1,-1,-1,-1,-1,1,-1,-1,1,1,-1,1,1,-1,1,1,1,1,-1,1,-1,1,1,1,-1,-1,1,-1,-1,-1,1,-1,-1,1,-1,1,1,1,-1,-1,1,-1,1,1,1,1,-1,1,-1,-1,1,1,-1,-1,-1,1,-1,1,-1,1,-1,1,-1,-1,1,-2672.0,1,2000,445,1000,True
369,1,1,-1,-1,1,1,-1,-1,1,1,1,-1,-1,1,1,1,-1,1,-1,-1,1,-1,1,1,1,-1,-1,-1,1,1,1,1,1,-1,-1,-1,1,1,1,1,-1,-1,-1,1,1,1,1,-1,1,1,1,1,-1,1,-1,-1,1,-1,1,1,1,-1,-1,-1,1,1,1,1,-1,-1,-1,1,1,1,1,-1,-1,-1,1,1,1,-1,-1,-1,1,1,1,1,-1,-1,-1,1,1,1,1,-1,-1,1,1,-1,1,1,-1,-1,1,1,1,1,1,-1,-1,1,1,1,1,1,-1,-1,1,1,1,1,1,1,-1,-1,1,1,-1,1,1,-1,1,1,1,1,1,1,-1,-1,1,1,1,1,1,-1,1,1,1,1,1,1,-1,-1,-1,1,1,1,1,-1,1,1,1,1,-1,1,-1,1,-1,1,1,1,-1,-1,1,1,1,1,1,-1,1,-1,-1,1,-1,1,-1,1,1,1,1,1,1,1,1,1,-1,1,-1,1,-1,1,1,-1,1,-1,1,1,-1,1,-1,1,-1,1,-1,1,1,-1,1,-1,1,1,1,1,-1,-1,1,1,-1,-1,1,-1,1,-1,-1,1,-1,1,-1,1,-1,1,-1,1,1,-1,-1,-1,1,1,-1,1,-1,1,1,1,-1,1,1,-1,-1,-1,1,-1,1,-1,1,-1,1,1,-1,1,-1,-1,-1,1,1,-1,1,-1,-1,-1,1,1,-1,-1,1,1,-1,-1,1,1,-1,1,1,-1,1,1,1,1,-1,1,-1,1,1,-1,1,-1,1,1,1,1,1,1,1,1,-1,-1,1,-1,-1,1,1,1,-1,1,1,1,-1,1,1,1,1,1,1,1,1,-1,1,1,1,-1,1,1,-1,1,1,1,-1,1,1,-1,-1,1,1,1,-1,1,-1,1,1,1,-1,1,1,-1,1,1,1,-1,1,1,-1,1,1,1,-1,1,1,-1,-1,1,1,-1,1,1,-1,1,-1,1,-1,1,1,1,-1,1,1,1,-1,1,1,-1,1,1,-1,1,1,1,-1,-1,-1,-1,1,1,1,-1,1,1,-1,1,1,-1,-1,1,1,1,1,1,-1,1,1,1,-1,1,1,1,-1,-1,1,1,-1,-1,1,-1,1,-1,1,-1,1,1,-1,-1,-1,1,-1,-1,1,1,-1,1,1,-1,1,1,1,1,-1,1,-1,-1,1,-1,1,-1,1,-1,1,1,1,1,-1,-1,1,-1,1,1,1,-1,1,1,1,-1,1,1,-1,1,-1,-1,1,1,1,-1,-1,-1,1,1,1,1,-1,1,-1,1,1,1,-1,1,1,-1,1,1,1,-1,-1,1,-1,1,1,1,-1,1,-1,1,-1,1,1,-1,-1,1,-1,1,1,1,1,-1,1,-1,-1,1,1,1,-1,-1,-1,-1,1,1,-1,-1,1,-1,-1,1,-1,1,-1,-1,1,-1,1,-1,1,-1,-1,1,-1,-1,1,1,1,-1,1,-1,1,-1,-1,1,1,-1,-1,-1,1,-1,-1,1,1,1,-1,1,-1,1,1,1,-1,1,1,-1,-1,-1,1,-1,-1,1,-1,-1,1,1,1,-1,1,-1,-1,1,1,-1,-1,1,-1,-1,1,1,-1,-1,1,-1,-1,-1,1,1,-1,1,1,-1,-1,1,-1,-1,1,-1,1,-1,1,1,-1,-1,1,-1,-1,-1,-1,-1,1,1,1,-1,-1,1,-1,-1,1,-1,-1,1,-1,-1,1,1,-1,-1,1,-1,-1,1,1,-1,1,-1,1,-1,-1,1,1,-1,-1,-1,-1,1,1,-1,-1,1,-1,-1,-1,1,1,-1,-1,-1,-1,-1,1,-1,-1,-1,-1,-1,1,1,1,-1,-1,-1,-1,-1,1,1,-1,-1,-1,-1,-1,1,1,1,-1,-1,-1,-1,1,1,-1,-1,-1,-1,1,1,1,1,-1,-1,1,1,1,1,1,-1,-1,-1,1,1,1,1,1,-1,1,1,1,1,-1,1,-1,-1,1,-1,1,-1,1,-1,-1,1,-1,1,-1,-1,-1,-1,1,-1,1,-1,1,-1,-1,1,-1,1,-1,1,-1,-1,1,-1,1,-1,-1,-1,-1,1,1,-1,-1,-1,-1,-1,1,-1,1,-1,-1,-1,-1,-1,-1,-1,1,-1,-1,-1,1,-1,-1,1,-1,-1,-1,-1,-1,-1,1,-1,-1,-1,-1,-1,1,-1,-1,-1,1,-1,-1,1,-1,1,-1,-1,-1,-1,-1,-1,-1,1,-1,-1,-1,1,1,1,-1,-1,1,-1,-1,-1,-1,-1,1,-1,-1,1,-1,1,-1,-1,-1,-1,1,-1,1,1,-1,1,-1,-1,1,1,-1,-1,-1,-1,-1,-1,1,1,-1,-1,1,-1,1,1,-1,-1,-1,1,-1,1,1,-1,-1,1,-1,-1,1,1,1,-1,1,-1,1,1,1,-1,-1,1,-1,-1,1,1,1,-1,1,-1,-1,1,1,-1,1,1,-1,-1,1,1,-1,1,1,-1,-1,1,1,1,1,1,-1,-1,1,1,1,1,1,1,-1,1,1,1,-1,1,-1,-1,1,-1,1,1,1,1,-1,-1,1,-1,1,1,1,-1,1,1,1,1,-1,1,-1,1,1,1,1,1,1,1,-1,1,1,1,1,-1,1,-1,1,1,1,1,1,-1,1,1,1,1,-1,1,1,-1,1,1,-1,1,1,-1,-1,1,1,1,1,-1,1,-1,1,1,1,-1,-1,1,-1,1,1,1,-1,1,-1,-1,-1,1,1,-1,-1,1,-1,-1,1,1,1,-1,1,-1,1,1,1,1,-1,1,-1,-1,1,1,-1,-1,-1,1,1,1,1,-1,1,1,-1,1,1,-1,-1,1,1,-1,-1,1,1,-1,1,1,1,1,1,-1,-1,-1,-1,-1,-1,-1,-1,-1,-1,1,1,1,1,-1,1,1,-1,1,1,1,1,-1,1,-1,1,1,1,1,-1,1,-1,1,1,1,1,-1,1,-1,1,1,1,1,-1,1,-1,1,1,-1,-1,-1,1,-1,1,1,1,-1,-1,-1,1,-1,1,-1,1,-1,1,-1,1,1,-2672.0,1,2000,445,1000,False
370,1,1,-1,-1,1,1,-1,-1,1,1,1,-1,1,1,1,1,-1,1,-1,-1,-1,-1,1,1,1,-1,1,-1,1,1,1,1,1,-1,-1,-1,1,1,1,1,-1,-1,-1,1,1,1,1,-1,1,1,1,1,-1,1,-1,-1,1,-1,1,1,1,-1,-1,-1,1,1,1,1,-1,-1,-1,1,1,1,1,-1,-1,-1,1,1,1,-1,-1,-1,1,1,1,1,-1,-1,-1,1,1,1,1,-1,-1,1,1,-1,1,1,-1,-1,1,1,1,1,1,-1,-1,1,1,-1,1,1,-1,-1,1,1,1,1,1,1,-1,-1,1,1,-1,1,1,-1,1,1,1,1,1,1,-1,-1,1,1,1,1,1,-1,1,1,1,1,1,1,-1,-1,-1,1,1,1,1,-1,1,1,1,1,-1,1,-1,1,-1,1,1,1,-1,-1,1,1,1,1,1,-1,1,-1,-1,1,-1,1,-1,1,1,1,1,1,1,1,1,1,1,1,-1,1,-1,1,1,-1,1,-1,1,1,-1,1,-1,1,-1,1,-1,1,1,-1,-1,-1,1,1,1,1,-1,-1,1,1,-1,-1,1,-1,1,-1,-1,1,-1,1,-1,1,-1,1,-1,-1,1,-1,1,-1,1,1,-1,1,-1,1,1,1,-1,1,1,-1,1,-1,1,-1,1,-1,1,-1,1,1,-1,1,-1,-1,-1,1,1,-1,1,-1,-1,-1,1,1,-1,-1,1,1,-1,-1,1,1,-1,1,1,-1,1,1,1,1,-1,1,-1,1,1,-1,1,-1,1,-1,1,1,1,1,1,1,-1,-1,1,-1,-1,-1,1,1,-1,1,1,1,-1,1,1,1,1,1,1,1,1,-1,1,1,1,-1,1,1,-1,1,1,1,-1,1,1,-1,-1,1,1,1,-1,1,-1,1,1,1,-1,1,1,-1,1,1,1,-1,1,1,-1,1,1,1,-1,1,1,-1,-1,1,1,-1,1,1,-1,1,-1,1,-1,1,1,1,-1,1,1,1,-1,1,1,-1,1,1,-1,1,1,1,-1,-1,-1,-1,1,1,1,-1,1,1,-1,1,1,-1,-1,1,1,1,1,1,-1,1,1,1,-1,1,1,1,-1,-1,1,1,-1,-1,1,-1,1,-1,1,-1,1,1,-1,-1,-1,1,-1,-1,1,-1,1,-1,1,-1,1,1,1,-1,-1,1,-1,-1,1,-1,1,-1,1,-1,1,1,1,1,-1,-1,1,-1,1,1,-1,-1,1,1,1,-1,1,-1,-1,1,-1,-1,1,1,-1,-1,1,-1,1,1,-1,1,-1,1,-1,-1,1,-1,-1,1,1,-1,1,1,-1,-1,-1,1,-1,1,1,1,-1,1,-1,1,-1,1,-1,-1,-1,1,-1,1,1,1,-1,-1,1,-1,-1,1,-1,-1,-1,1,-1,-1,1,-1,-1,-1,1,-1,-1,1,-1,-1,-1,-1,1,-1,1,-1,-1,-1,-1,1,-1,-1,1,1,1,-1,1,-1,1,-1,1,-1,1,-1,-1,-1,1,-1,-1,1,1,1,-1,1,-1,1,1,1,-1,1,1,-1,-1,-1,1,-1,-1,1,-1,-1,1,1,1,-1,1,-1,-1,1,1,-1,-1,1,-1,-1,1,1,-1,-1,1,-1,-1,-1,1,1,-1,1,1,-1,-1,1,-1,-1,1,-1,1,-1,1,1,-1,-1,1,-1,-1,-1,-1,-1,1,1,1,-1,-1,1,-1,-1,1,-1,-1,1,-1,-1,-1,1,-1,-1,1,1,-1,1,1,-1,1,-1,1,-1,-1,1,1,-1,-1,-1,-1,1,1,-1,-1,1,-1,-1,-1,1,1,-1,-1,-1,-1,-1,1,-1,-1,-1,-1,-1,-1,1,1,-1,-1,-1,-1,1,1,1,-1,-1,-1,-1,-1,1,1,1,-1,-1,-1,-1,1,1,-1,-1,-1,-1,1,1,1,1,1,-1,1,1,1,1,1,1,-1,-1,1,1,1,1,1,-1,1,1,1,1,-1,1,-1,-1,1,-1,1,-1,1,-1,-1,1,-1,1,-1,1,-1,-1,1,-1,1,-1,1,-1,-1,1,-1,1,1,1,-1,-1,1,-1,1,1,1,-1,-1,1,1,-1,1,1,-1,-1,1,-1,1,-1,1,-1,-1,-1,-1,-1,1,1,-1,-1,1,-1,-1,1,1,-1,-1,-1,-1,1,-1,1,-1,-1,-1,-1,1,1,-1,-1,1,-1,-1,1,-1,1,-1,-1,-1,-1,-1,1,1,1,-1,-1,-1,1,1,1,-1,-1,1,1,-1,-1,1,-1,1,-1,-1,1,1,1,-1,-1,-1,-1,1,-1,1,1,-1,1,-1,-1,1,1,-1,-1,-1,-1,-1,-1,1,1,-1,-1,1,-1,1,1,-1,-1,-1,1,-1,1,1,-1,-1,1,-1,-1,1,1,1,-1,1,-1,1,1,1,-1,-1,1,-1,-1,1,1,1,-1,1,-1,-1,1,1,-1,1,1,-1,-1,1,1,-1,1,1,-1,-1,1,1,1,1,1,-1,-1,1,1,1,1,-1,1,-1,1,1,1,1,1,-1,-1,1,-1,1,1,1,1,-1,-1,1,-1,1,1,1,-1,1,1,1,1,-1,1,-1,1,1,1,1,1,1,1,-1,-1,1,1,1,-1,1,-1,1,1,1,1,1,-1,1,1,1,1,-1,1,1,-1,1,1,-1,1,1,-1,-1,1,1,1,1,-1,1,-1,1,1,1,-1,-1,1,-1,1,1,1,-1,1,-1,-1,-1,1,1,-1,-1,1,-1,-1,1,1,-1,-1,1,-1,1,-1,1,1,-1,1,-1,-1,1,1,-1,-1,-1,1,1,-1,1,-1,1,1,-1,1,1,-1,-1,1,1,-1,-1,1,1,-1,1,1,1,1,1,-1,-1,-1,-1,1,-1,-1,-1,-1,-1,1,1,1,1,-1,1,1,-1,1,1,1,1,-1,1,-1,1,1,1,1,-1,1,-1,1,1,1,1,-1,1,-1,1,1,1,1,-1,1,-1,1,1,1,-1,-1,1,-1,1,1,1,-1,-1,-1,1,-1,1,-1,1,-1,1,-1,1,1,-2672.0,1,2000,445,1000,False
371,1,1,-1,-1,1,1,-1,-1,1,1,1,-1,1,1,1,1,-1,1,-1,-1,-1,-1,1,1,1,-1,1,-1,1,1,1,1,1,-1,-1,-1,1,1,1,1,-1,-1,-1,1,1,1,1,-1,1,1,1,1,-1,1,-1,-1,1,-1,1,1,1,-1,-1,-1,1,1,1,1,-1,-1,-1,1,1,1,1,-1,-1,-1,1,1,1,-1,-1,-1,1,1,1,1,-1,-1,1,1,1,1,1,-1,-1,-1,1,-1,1,1,-1,-1,1,1,1,1,1,-1,-1,-1,1,-1,1,1,-1,-1,1,1,1,1,1,1,-1,-1,1,1,-1,1,1,-1,1,1,1,1,1,1,-1,1,1,1,1,1,1,-1,1,1,1,1,1,1,-1,-1,-1,1,1,1,1,-1,1,1,1,1,-1,1,-1,1,-1,1,1,1,-1,-1,1,1,1,1,1,-1,1,-1,-1,1,-1,1,-1,1,1,1,1,1,1,1,1,1,-1,1,-1,1,-1,1,1,-1,1,-1,1,1,-1,1,-1,1,-1,1,-1,1,1,-1,1,-1,1,1,1,1,-1,-1,1,1,-1,-1,1,-1,1,-1,-1,1,-1,1,-1,1,-1,1,-1,1,1,-1,1,-1,1,1,-1,1,-1,1,1,1,-1,1,1,-1,1,-1,1,-1,1,-1,1,-1,1,1,-1,1,-1,-1,-1,1,1,-1,1,-1,-1,-1,1,1,-1,-1,1,1,-1,-1,1,1,-1,1,1,-1,1,1,1,-1,-1,1,-1,1,1,-1,1,-1,1,1,1,1,1,-1,-1,1,-1,-1,1,-1,1,-1,1,1,-1,1,1,1,-1,1,1,1,1,1,-1,-1,1,-1,1,1,1,1,-1,1,-1,1,1,1,-1,1,1,-1,-1,1,1,-1,1,1,-1,1,1,1,1,1,1,-1,1,1,1,1,1,1,-1,1,1,1,1,1,1,1,-1,1,1,1,1,1,-1,1,-1,1,-1,1,1,1,-1,1,1,1,1,1,1,-1,1,1,1,-1,-1,1,-1,-1,-1,-1,1,1,1,-1,1,1,-1,1,1,-1,-1,1,1,1,1,1,-1,1,1,1,-1,1,1,1,1,-1,1,1,1,-1,1,-1,1,-1,1,1,1,1,-1,-1,-1,1,-1,-1,1,-1,1,-1,-1,1,1,1,1,-1,-1,1,-1,-1,1,-1,1,-1,1,1,1,1,1,1,-1,-1,1,-1,1,1,-1,-1,1,1,1,-1,1,-1,-1,1,1,-1,1,1,-1,-1,1,1,1,1,-1,1,-1,1,-1,1,1,-1,-1,1,1,-1,1,1,-1,-1,-1,1,-1,1,1,1,-1,-1,1,-1,-1,1,-1,-1,-1,1,-1,1,1,1,-1,-1,-1,1,-1,1,-1,-1,-1,-1,1,1,1,-1,-1,-1,-1,1,-1,1,-1,-1,-1,-1,1,-1,1,-1,-1,1,-1,1,-1,-1,1,1,1,-1,1,-1,1,-1,1,1,1,-1,-1,-1,1,-1,-1,-1,1,1,-1,1,-1,1,1,1,-1,1,1,-1,1,-1,1,-1,-1,1,-1,-1,1,1,1,-1,1,-1,-1,1,1,-1,-1,1,-1,-1,1,1,-1,-1,1,-1,-1,-1,1,1,-1,1,-1,-1,-1,1,-1,-1,1,-1,1,-1,1,1,-1,-1,1,-1,-1,-1,-1,-1,1,1,1,-1,-1,1,-1,-1,1,-1,-1,1,-1,-1,-1,1,-1,-1,1,1,-1,1,1,-1,1,-1,1,-1,-1,1,1,-1,-1,-1,-1,1,1,-1,-1,1,-1,-1,-1,1,1,-1,-1,-1,-1,-1,1,-1,-1,-1,-1,-1,1,1,1,-1,-1,-1,-1,-1,1,1,-1,-1,-1,-1,-1,1,1,1,-1,-1,-1,-1,1,1,-1,-1,-1,-1,1,1,1,1,1,-1,1,1,1,1,1,1,-1,-1,1,1,1,-1,-1,-1,1,1,1,1,-1,1,-1,-1,1,-1,1,-1,1,-1,-1,1,-1,1,-1,1,-1,-1,1,-1,1,-1,1,-1,-1,1,-1,1,1,1,-1,-1,1,-1,1,1,1,-1,-1,1,1,-1,1,1,-1,-1,1,-1,1,-1,1,-1,-1,-1,-1,-1,1,1,-1,-1,1,-1,-1,1,1,-1,-1,-1,-1,1,-1,1,-1,-1,-1,-1,1,1,-1,-1,1,-1,-1,1,-1,1,-1,-1,-1,-1,-1,1,1,1,-1,-1,-1,1,1,1,-1,-1,1,1,-1,-1,1,-1,1,-1,-1,1,1,1,-1,-1,-1,-1,1,-1,1,1,-1,1,-1,-1,1,1,-1,-1,-1,-1,-1,-1,1,1,-1,-1,1,-1,1,1,-1,-1,-1,1,-1,1,1,-1,-1,1,-1,-1,1,1,1,-1,1,-1,1,1,1,-1,-1,1,-1,-1,1,1,1,-1,1,-1,-1,1,1,-1,1,1,-1,-1,1,1,1,1,1,-1,-1,1,1,1,1,1,-1,-1,1,1,1,1,1,1,-1,1,1,1,1,1,-1,-1,1,-1,1,1,1,1,-1,-1,1,-1,1,1,1,-1,1,1,1,1,-1,1,-1,1,1,1,1,1,1,-1,-1,1,1,1,1,-1,1,-1,1,1,1,1,-1,1,-1,1,1,1,-1,-1,1,-1,1,1,-1,1,-1,-1,-1,1,1,1,-1,1,-1,-1,1,1,1,-1,-1,-1,-1,1,1,1,-1,-1,-1,-1,-1,1,1,-1,1,-1,-1,1,1,1,-1,1,-1,1,-1,-1,1,1,1,1,-1,-1,1,1,-1,-1,1,1,-1,-1,1,-1,1,-1,-1,1,1,-1,-1,1,-1,-1,-1,1,1,-1,1,1,-1,1,1,-1,-1,-1,-1,1,-1,-1,-1,-1,1,-1,-1,1,1,-1,1,1,-1,1,1,1,1,-1,1,-1,1,1,1,-1,-1,1,-1,-1,-1,1,-1,-1,1,-1,1,1,1,-1,-1,1,-1,1,1,1,1,-1,1,-1,-1,1,1,1,-1,-1,1,-1,1,-1,1,-1,1,-1,-1,1,-2672.0,1,2000,445,1500,False
372,1,1,-1,-1,1,1,-1,-1,1,1,1,-1,1,1,1,1,-1,1,-1,-1,-1,-1,1,1,1,-1,1,-1,1,1,1,1,1,-1,-1,-1,1,1,1,1,-1,-1,-1,1,1,1,1,-1,1,1,1,1,-1,1,-1,-1,1,-1,1,1,1,-1,-1,-1,1,1,1,1,-1,-1,-1,1,1,1,1,-1,-1,-1,1,1,1,-1,-1,-1,1,1,1,1,-1,-1,-1,1,1,1,1,-1,-1,1,1,-1,1,1,-1,-1,1,1,1,1,1,-1,-1,-1,1,1,1,1,-1,-1,1,1,1,1,1,1,-1,-1,1,1,-1,1,1,-1,1,1,1,1,1,1,-1,1,1,1,1,1,1,-1,1,1,1,1,1,1,-1,-1,-1,1,1,1,1,-1,1,1,1,1,-1,1,-1,1,-1,1,1,1,-1,-1,1,1,1,1,1,-1,1,-1,-1,1,-1,1,-1,1,1,1,1,1,1,1,1,1,-1,1,-1,1,-1,1,1,-1,1,-1,1,1,-1,1,-1,1,-1,1,-1,1,1,-1,-1,-1,1,1,1,1,-1,-1,1,1,-1,-1,1,-1,1,-1,-1,1,-1,1,-1,1,-1,1,-1,1,1,-1,-1,-1,1,1,-1,1,-1,1,1,1,-1,1,1,-1,-1,-1,1,-1,1,-1,1,-1,1,1,-1,1,-1,-1,-1,1,1,-1,1,-1,-1,-1,1,1,-1,-1,1,1,-1,-1,1,1,-1,1,1,-1,1,1,1,1,-1,1,-1,1,1,-1,1,-1,1,1,1,1,1,1,1,1,-1,-1,1,-1,-1,1,1,1,-1,1,1,1,-1,1,1,1,1,1,1,1,1,-1,1,1,1,-1,1,1,-1,1,1,1,-1,1,1,-1,-1,1,1,1,-1,1,-1,1,1,1,-1,1,1,-1,1,1,1,-1,1,1,-1,1,1,1,-1,1,1,-1,-1,1,1,-1,1,1,-1,1,-1,1,-1,1,1,1,-1,1,1,1,-1,1,1,-1,1,1,-1,1,1,1,-1,-1,-1,-1,1,1,1,-1,1,1,-1,1,1,-1,-1,1,1,1,1,1,-1,1,1,1,-1,1,1,1,1,-1,1,1,1,-1,1,-1,1,1,1,1,1,1,-1,-1,-1,1,-1,-1,1,-1,1,-1,1,1,1,1,1,1,-1,1,-1,-1,1,-1,1,-1,1,1,1,1,1,1,-1,-1,1,-1,1,1,-1,-1,1,1,1,-1,1,1,-1,-1,1,-1,1,1,-1,-1,1,1,1,1,-1,1,-1,1,-1,1,1,-1,-1,-1,1,-1,1,1,-1,-1,-1,1,-1,1,1,1,-1,-1,1,-1,-1,1,-1,-1,-1,1,-1,1,1,-1,1,-1,1,1,-1,1,-1,-1,-1,-1,1,-1,1,-1,-1,-1,1,-1,-1,1,-1,-1,-1,-1,1,-1,1,-1,-1,-1,-1,1,-1,-1,1,1,1,-1,1,-1,1,-1,1,-1,1,-1,-1,-1,1,-1,-1,1,1,1,-1,1,-1,1,1,1,-1,1,1,-1,-1,-1,1,-1,-1,1,-1,-1,1,1,1,-1,1,-1,-1,1,1,-1,-1,1,-1,-1,1,1,-1,-1,1,-1,-1,-1,1,1,-1,1,-1,-1,-1,1,-1,-1,1,-1,1,-1,1,1,-1,-1,1,-1,-1,-1,-1,-1,1,1,1,-1,-1,1,-1,-1,1,-1,-1,1,-1,-1,1,1,-1,-1,1,-1,-1,1,1,-1,1,-1,1,-1,-1,1,1,-1,-1,-1,-1,1,1,-1,-1,1,-1,-1,-1,1,1,-1,-1,-1,-1,-1,1,-1,-1,-1,-1,-1,-1,1,1,-1,-1,-1,-1,1,1,1,-1,-1,-1,-1,-1,1,1,1,-1,-1,-1,-1,1,1,-1,-1,-1,-1,1,1,1,1,1,-1,1,1,1,1,1,1,-1,-1,1,1,1,1,-1,-1,1,1,1,1,-1,1,-1,-1,1,-1,1,-1,1,-1,-1,1,-1,1,1,1,-1,-1,1,-1,1,-1,1,-1,-1,1,-1,1,1,1,-1,-1,1,-1,1,1,1,-1,-1,1,1,-1,1,1,-1,-1,1,-1,1,-1,1,-1,-1,-1,-1,-1,1,1,-1,-1,1,-1,-1,1,1,-1,-1,-1,-1,-1,-1,1,-1,-1,-1,-1,1,-1,-1,-1,1,-1,-1,1,-1,1,-1,-1,-1,-1,-1,-1,1,1,-1,-1,-1,1,1,1,-1,-1,1,1,-1,-1,1,-1,1,-1,-1,1,1,1,-1,-1,-1,-1,1,-1,1,1,-1,1,-1,-1,1,1,-1,-1,-1,-1,-1,-1,1,1,-1,-1,1,-1,1,1,-1,-1,-1,1,-1,1,1,-1,-1,1,-1,-1,1,1,1,-1,1,-1,1,1,1,-1,-1,1,-1,-1,1,1,1,-1,1,-1,-1,1,1,-1,1,1,-1,-1,1,1,-1,1,1,-1,-1,1,1,1,1,1,-1,-1,1,1,1,1,1,1,-1,-1,1,1,1,1,-1,-1,1,-1,1,1,1,1,-1,-1,1,-1,1,1,1,-1,1,1,1,1,-1,1,-1,1,1,1,1,1,1,1,-1,1,1,1,1,-1,1,-1,1,1,1,1,1,-1,1,1,1,1,-1,1,1,-1,1,1,-1,1,1,-1,-1,1,1,1,1,-1,1,-1,1,1,1,-1,-1,1,-1,1,1,1,-1,1,-1,-1,-1,1,1,-1,-1,1,-1,-1,1,1,1,-1,1,-1,-1,-1,1,1,-1,1,-1,-1,1,1,-1,-1,-1,1,-1,-1,1,-1,1,1,-1,1,1,-1,-1,1,1,-1,-1,1,1,-1,1,1,-1,1,1,-1,-1,-1,-1,1,-1,-1,-1,-1,-1,-1,-1,1,1,-1,1,1,-1,1,1,1,1,-1,1,-1,1,1,1,-1,-1,1,-1,-1,-1,1,-1,-1,1,-1,1,1,1,-1,-1,1,-1,1,1,1,1,-1,1,-1,-1,1,1,-1,-1,-1,1,-1,1,-1,1,-1,1,-1,-1,1,-2672.0,1,2000,445,500,False
373,1,1,-1,-1,1,1,-1,-1,1,1,1,-1,-1,1,1,1,-1,1,-1,-1,-1,-1,1,1,1,1,-1,-1,1,1,1,1,-1,-1,-1,-1,1,-1,1,1,-1,-1,-1,1,1,1,1,-1,1,1,1,1,-1,1,-1,-1,1,-1,1,1,1,-1,-1,-1,1,1,1,1,-1,-1,-1,1,1,1,1,-1,-1,-1,1,1,1,-1,-1,-1,1,1,1,1,-1,-1,1,1,1,1,1,-1,-1,-1,1,-1,1,1,-1,-1,1,1,1,1,1,-1,-1,-1,1,-1,1,1,-1,-1,1,1,1,1,1,1,-1,-1,1,1,-1,1,1,-1,1,1,1,1,1,1,-1,1,1,1,1,1,1,-1,1,1,1,1,1,1,-1,-1,-1,1,1,1,1,-1,1,1,1,1,-1,1,-1,1,-1,1,1,1,-1,-1,1,1,1,1,1,-1,1,-1,-1,1,-1,1,-1,1,1,1,1,1,1,1,1,1,-1,1,-1,1,-1,1,1,-1,1,-1,1,1,-1,1,-1,1,-1,1,-1,1,1,-1,1,-1,1,1,1,1,-1,-1,1,1,-1,-1,1,-1,1,-1,1,1,-1,1,-1,1,-1,1,-1,-1,1,-1,-1,-1,1,1,-1,1,-1,1,1,1,-1,1,1,-1,1,-1,1,-1,1,-1,1,-1,1,1,-1,1,-1,-1,-1,1,1,-1,1,-1,-1,-1,1,1,-1,-1,1,1,-1,-1,1,1,-1,1,1,-1,1,1,1,1,-1,1,-1,1,1,-1,1,-1,1,-1,1,1,1,1,1,1,-1,-1,1,-1,-1,-1,1,1,-1,1,1,1,-1,1,1,1,1,1,1,1,1,-1,1,1,1,-1,1,1,-1,1,1,1,-1,1,1,-1,-1,1,1,1,-1,1,-1,1,1,1,-1,1,1,-1,1,1,1,-1,1,1,-1,1,1,1,-1,1,1,1,-1,1,1,-1,1,1,-1,1,-1,1,-1,1,1,1,-1,1,1,1,-1,1,1,-1,1,1,-1,1,1,1,-1,-1,-1,-1,1,1,1,-1,1,1,-1,1,1,-1,-1,1,1,1,1,1,-1,1,1,1,-1,1,1,1,1,-1,1,1,-1,-1,1,-1,1,-1,1,-1,1,1,-1,-1,-1,1,-1,-1,1,-1,1,-1,1,-1,1,1,1,-1,-1,1,-1,-1,1,-1,1,-1,1,-1,-1,1,1,1,-1,-1,1,-1,1,1,-1,-1,1,1,1,-1,1,-1,-1,1,-1,-1,1,1,-1,-1,1,-1,1,1,-1,1,-1,1,-1,-1,1,-1,-1,1,1,-1,1,1,-1,-1,-1,1,-1,1,1,1,-1,1,-1,1,-1,1,-1,-1,-1,1,-1,1,1,1,-1,-1,1,-1,-1,1,-1,-1,-1,-1,-1,-1,1,-1,-1,-1,1,-1,-1,1,-1,-1,-1,-1,1,-1,1,-1,-1,-1,-1,1,-1,-1,1,1,1,-1,1,-1,1,-1,1,1,1,-1,-1,-1,1,-1,-1,1,1,1,-1,1,-1,1,1,1,-1,1,1,-1,1,-1,1,-1,-1,1,-1,-1,1,1,1,-1,1,-1,-1,1,1,-1,-1,1,-1,-1,1,1,-1,-1,1,-1,-1,-1,1,1,-1,1,1,-1,-1,1,-1,-1,1,-1,1,-1,1,1,-1,-1,1,-1,-1,-1,-1,-1,1,1,1,-1,-1,1,-1,-1,1,-1,-1,1,-1,-1,1,1,-1,-1,1,1,-1,1,1,-1,1,-1,1,-1,-1,1,1,-1,-1,-1,-1,1,1,-1,-1,1,-1,-1,-1,1,1,-1,-1,-1,-1,-1,1,-1,-1,-1,-1,-1,1,1,1,-1,-1,-1,-1,-1,1,1,-1,-1,-1,-1,-1,1,1,1,-1,-1,-1,-1,1,1,-1,-1,-1,-1,1,1,1,1,1,-1,1,1,1,1,1,1,-1,-1,1,1,1,1,-1,-1,1,1,1,1,-1,1,-1,-1,1,-1,1,-1,1,-1,-1,1,-1,1,-1,1,-1,-1,1,-1,1,-1,1,1,-1,1,-1,1,1,1,1,-1,1,-1,1,1,1,-1,-1,1,1,-1,1,1,-1,-1,1,-1,1,-1,1,-1,-1,-1,-1,-1,1,1,-1,-1,1,-1,-1,1,1,-1,-1,-1,-1,-1,-1,1,-1,-1,-1,-1,-1,1,-1,-1,1,-1,-1,1,-1,1,-1,-1,-1,-1,-1,1,1,1,-1,-1,-1,1,1,1,-1,-1,-1,1,-1,-1,1,-1,1,-1,-1,1,1,1,-1,-1,-1,-1,1,-1,1,1,-1,1,-1,-1,1,1,-1,-1,-1,-1,-1,-1,1,1,-1,-1,1,-1,1,1,-1,-1,-1,1,-1,1,1,-1,-1,1,-1,-1,1,1,1,-1,1,-1,1,1,1,-1,-1,1,-1,-1,1,-1,1,-1,1,-1,-1,1,1,-1,1,1,-1,-1,1,1,-1,1,1,-1,-1,1,1,-1,1,1,-1,-1,1,1,1,1,-1,1,-1,1,1,1,-1,1,-1,-1,1,-1,1,1,1,1,-1,-1,1,-1,1,1,1,-1,1,1,1,1,-1,1,-1,1,1,1,1,1,1,1,-1,1,1,1,1,-1,1,-1,1,1,1,1,1,-1,1,1,1,1,-1,1,1,-1,1,1,-1,1,1,-1,-1,1,1,1,1,-1,1,-1,1,1,1,-1,-1,1,-1,1,1,1,-1,1,-1,-1,-1,1,1,-1,-1,1,-1,-1,1,1,1,-1,1,-1,1,1,1,1,-1,1,-1,-1,1,1,-1,-1,-1,1,1,1,1,-1,1,1,-1,1,1,-1,-1,1,1,-1,-1,1,1,-1,1,1,1,1,1,-1,-1,-1,-1,1,-1,-1,-1,-1,-1,1,1,1,1,-1,1,1,-1,1,1,1,1,-1,1,-1,1,1,1,-1,-1,1,-1,1,1,1,-1,-1,1,-1,1,1,1,-1,-1,1,-1,1,1,1,1,-1,1,-1,1,1,1,1,-1,-1,1,-1,1,-1,1,-1,1,-1,1,1,-2672.0,1,2000,445,500,False
374,1,1,-1,-1,1,-1,-1,-1,1,1,1,-1,1,1,1,1,-1,1,-1,-1,-1,-1,1,1,1,-1,-1,-1,1,1,1,1,1,-1,-1,-1,1,1,1,-1,-1,-1,-1,1,1,1,1,-1,1,1,1,1,-1,1,-1,-1,1,-1,1,1,1,-1,-1,-1,1,1,1,1,-1,-1,-1,1,1,1,1,-1,-1,-1,1,1,1,-1,-1,-1,1,1,1,1,-1,-1,-1,1,1,1,1,-1,-1,1,1,-1,1,1,-1,-1,1,1,1,1,1,-1,-1,1,1,1,1,1,-1,-1,1,1,1,1,1,1,-1,1,1,1,-1,1,1,-1,1,1,1,1,1,1,-1,-1,1,1,1,1,1,-1,1,1,1,1,1,1,-1,-1,-1,1,1,1,1,-1,1,1,1,1,-1,1,-1,1,-1,1,1,1,-1,-1,1,1,1,1,1,-1,1,-1,-1,1,-1,1,-1,1,1,1,1,1,1,1,1,1,-1,1,-1,1,-1,1,1,-1,1,-1,1,1,-1,1,-1,1,-1,1,-1,1,1,-1,1,-1,1,1,1,1,-1,-1,1,1,-1,-1,1,-1,1,-1,-1,1,-1,1,-1,1,-1,1,-1,-1,1,-1,-1,-1,1,1,-1,1,-1,1,1,1,-1,1,1,-1,-1,-1,1,-1,1,-1,1,-1,1,1,-1,1,-1,-1,-1,1,1,-1,1,-1,-1,-1,1,1,-1,-1,1,1,-1,-1,1,1,-1,1,1,-1,1,1,1,1,-1,1,-1,1,1,-1,1,-1,1,-1,1,1,1,1,1,1,-1,-1,1,-1,-1,-1,1,1,-1,1,1,1,-1,1,1,1,1,1,1,-1,1,-1,1,1,1,-1,1,1,-1,1,1,1,-1,1,1,-1,-1,1,1,1,-1,1,-1,1,1,1,-1,1,1,-1,1,1,1,-1,1,1,-1,1,1,1,-1,1,1,-1,-1,1,1,-1,1,1,-1,1,-1,1,-1,1,1,1,-1,1,1,1,1,1,1,-1,1,1,-1,1,1,1,-1,-1,-1,-1,1,1,1,-1,1,1,-1,1,1,-1,-1,1,1,1,1,1,-1,1,1,1,-1,1,1,1,-1,-1,1,1,1,-1,1,-1,1,1,1,1,1,1,-1,-1,-1,1,-1,-1,1,-1,1,-1,1,1,1,1,1,1,-1,1,-1,-1,1,-1,1,-1,1,1,-1,1,1,1,-1,-1,1,-1,1,1,-1,-1,1,1,1,-1,1,1,-1,-1,1,-1,1,1,-1,-1,1,1,1,1,-1,1,-1,1,-1,1,1,-1,-1,-1,1,-1,1,1,-1,-1,-1,1,-1,1,1,1,-1,-1,1,-1,-1,1,-1,-1,-1,1,-1,1,1,-1,1,-1,1,1,-1,1,-1,-1,-1,-1,1,-1,1,-1,-1,-1,1,-1,-1,1,-1,-1,-1,-1,1,-1,1,-1,-1,1,-1,1,-1,-1,1,1,1,-1,1,-1,1,-1,1,-1,1,-1,-1,-1,1,-1,-1,1,1,1,-1,1,-1,1,1,1,-1,1,1,-1,1,-1,1,-1,-1,1,-1,-1,1,1,1,-1,1,-1,-1,1,1,-1,-1,1,-1,-1,1,1,-1,-1,1,-1,-1,-1,1,1,-1,1,1,-1,-1,1,-1,-1,1,-1,1,-1,1,1,-1,-1,1,-1,-1,-1,-1,-1,1,1,1,-1,-1,1,-1,-1,1,-1,-1,1,-1,-1,1,1,-1,-1,1,-1,-1,1,1,-1,1,-1,-1,-1,-1,1,1,-1,-1,-1,-1,1,1,-1,-1,1,-1,-1,-1,1,1,-1,-1,-1,-1,-1,1,-1,-1,-1,-1,-1,1,1,1,-1,-1,-1,-1,-1,1,1,-1,-1,-1,-1,-1,1,1,1,-1,-1,-1,-1,1,1,-1,-1,-1,-1,1,1,1,1,1,-1,1,1,1,1,1,1,-1,-1,1,1,1,1,1,-1,1,1,1,1,-1,1,-1,-1,1,-1,1,-1,1,-1,-1,1,-1,1,1,1,-1,-1,1,-1,1,-1,1,-1,-1,1,-1,1,1,1,-1,-1,1,-1,1,1,1,-1,-1,1,1,-1,1,1,-1,-1,1,-1,1,-1,1,-1,-1,-1,-1,-1,1,1,-1,-1,1,-1,-1,1,1,-1,-1,-1,-1,-1,-1,1,-1,-1,-1,-1,1,-1,-1,-1,1,-1,-1,1,-1,1,-1,-1,-1,-1,-1,-1,1,1,-1,-1,-1,1,1,1,-1,-1,1,1,-1,-1,1,-1,1,-1,-1,1,1,1,-1,-1,-1,-1,1,-1,1,1,-1,1,-1,-1,1,1,-1,-1,-1,-1,-1,-1,1,1,-1,-1,1,-1,1,1,-1,-1,-1,1,-1,1,1,-1,-1,1,-1,-1,1,1,1,-1,1,-1,1,1,1,-1,-1,1,-1,-1,1,1,1,-1,1,-1,-1,1,1,-1,1,1,-1,-1,1,1,1,1,1,-1,-1,1,1,-1,1,1,-1,-1,1,1,1,1,-1,1,-1,-1,1,1,-1,1,-1,-1,1,-1,1,1,1,1,-1,-1,1,-1,1,1,1,-1,1,1,1,1,-1,1,-1,1,1,1,1,1,1,1,-1,1,1,1,1,-1,1,-1,1,1,1,1,1,-1,1,1,1,1,-1,1,1,-1,1,1,-1,1,1,-1,-1,1,1,1,1,-1,1,-1,1,1,1,-1,-1,1,-1,1,1,1,-1,1,-1,-1,-1,1,1,-1,-1,1,-1,-1,1,1,-1,-1,1,-1,-1,1,1,1,-1,1,-1,-1,1,1,-1,-1,-1,1,-1,-1,1,-1,1,1,-1,1,1,-1,-1,1,-1,-1,-1,1,1,-1,1,1,-1,1,1,-1,-1,-1,-1,1,-1,-1,-1,-1,1,-1,-1,1,1,-1,1,1,-1,1,1,1,1,-1,1,-1,1,1,1,1,-1,1,-1,-1,-1,1,1,-1,1,-1,1,1,1,1,-1,1,-1,1,1,1,-1,-1,1,-1,-1,1,1,-1,-1,-1,1,-1,1,1,1,-1,1,-1,-1,1,-2672.0,1,2000,445,500,False
375,1,1,-1,-1,1,-1,-1,-1,1,1,1,-1,1,1,1,1,-1,1,-1,-1,-1,-1,1,1,1,1,-1,-1,1,1,1,1,-1,-1,-1,-1,1,-1,1,1,-1,-1,-1,1,1,1,1,-1,1,1,1,1,-1,1,-1,-1,1,-1,1,1,1,-1,-1,-1,1,1,1,1,-1,-1,-1,1,1,1,1,-1,-1,-1,1,1,1,-1,-1,-1,1,1,1,1,-1,1,-1,1,1,1,1,-1,-1,1,1,-1,1,1,-1,-1,1,1,1,1,1,-1,-1,1,1,-1,1,1,-1,-1,1,1,1,1,1,1,-1,1,1,1,-1,1,1,-1,1,1,1,1,1,1,-1,-1,1,1,1,1,1,-1,1,1,1,1,1,1,-1,-1,-1,1,1,1,1,-1,1,1,1,1,-1,1,-1,1,-1,1,1,1,-1,-1,1,1,1,1,1,-1,1,-1,-1,1,-1,1,-1,1,1,1,1,1,1,1,1,1,1,1,-1,1,-1,1,1,-1,1,-1,1,1,-1,1,-1,1,-1,1,-1,1,1,-1,1,-1,1,1,1,1,-1,-1,1,1,-1,-1,1,-1,1,-1,1,1,-1,1,-1,1,-1,1,-1,1,1,-1,-1,-1,1,1,-1,1,-1,1,1,1,-1,1,1,-1,1,-1,1,-1,1,-1,1,-1,1,1,-1,1,-1,-1,-1,1,1,-1,1,-1,-1,-1,1,1,-1,-1,1,1,-1,-1,1,1,-1,1,1,-1,1,1,1,1,-1,1,-1,1,1,-1,1,-1,1,1,1,1,1,1,1,1,-1,-1,1,-1,-1,-1,1,1,-1,1,1,1,-1,1,-1,-1,1,1,1,1,1,-1,1,1,1,-1,1,1,-1,1,1,1,-1,1,1,-1,-1,1,1,1,-1,1,-1,1,1,1,-1,1,1,-1,1,1,1,-1,1,-1,-1,1,1,1,-1,1,-1,-1,-1,1,1,-1,1,-1,-1,1,-1,1,-1,1,1,-1,-1,1,1,1,1,1,-1,-1,1,1,-1,1,-1,1,-1,-1,-1,-1,1,1,-1,-1,1,1,-1,1,1,-1,-1,1,1,1,1,1,-1,1,1,1,-1,1,-1,-1,-1,-1,1,1,1,1,-1,-1,1,1,1,1,-1,-1,-1,-1,-1,1,-1,-1,-1,1,-1,1,1,1,1,1,1,1,-1,1,-1,1,-1,-1,1,-1,1,1,1,1,-1,1,-1,-1,1,1,-1,-1,1,-1,1,1,1,-1,-1,1,-1,-1,1,1,-1,1,1,-1,1,1,-1,-1,1,1,-1,1,-1,-1,-1,1,-1,-1,1,-1,-1,1,1,-1,-1,1,-1,-1,-1,1,-1,-1,1,1,-1,-1,1,-1,-1,1,-1,-1,-1,1,1,-1,1,-1,-1,-1,1,1,-1,-1,-1,1,-1,1,-1,-1,1,-1,-1,1,-1,1,-1,-1,1,-1,1,-1,1,1,-1,1,-1,-1,1,1,1,-1,1,-1,1,-1,-1,-1,1,-1,-1,-1,1,-1,-1,-1,1,1,-1,1,-1,1,-1,1,-1,1,1,-1,1,1,1,-1,-1,1,-1,1,-1,1,1,-1,1,-1,-1,1,1,-1,-1,1,-1,-1,-1,1,-1,-1,1,-1,1,1,1,1,-1,1,-1,-1,1,1,-1,-1,1,-1,-1,-1,1,1,-1,-1,1,1,-1,-1,-1,-1,1,1,1,-1,1,1,-1,-1,1,1,-1,1,-1,-1,1,1,1,1,-1,1,-1,1,-1,1,1,1,1,-1,-1,1,1,1,-1,-1,-1,1,1,1,1,1,-1,-1,-1,1,1,1,-1,-1,-1,-1,1,1,1,1,-1,-1,1,1,1,1,1,-1,-1,-1,1,1,1,-1,-1,-1,-1,1,1,-1,1,-1,-1,-1,1,1,1,1,-1,-1,1,1,1,1,1,-1,1,1,1,1,1,-1,-1,-1,1,1,1,-1,1,-1,1,1,1,1,1,1,-1,-1,1,-1,1,-1,1,-1,-1,1,-1,1,-1,-1,-1,-1,1,-1,1,1,-1,1,-1,1,-1,1,-1,1,1,-1,1,-1,1,-1,-1,-1,-1,1,1,-1,-1,-1,-1,-1,1,-1,1,-1,-1,-1,-1,-1,-1,-1,1,-1,-1,-1,1,-1,-1,1,-1,-1,-1,-1,-1,1,1,-1,-1,-1,-1,-1,1,-1,-1,-1,1,-1,-1,1,-1,1,-1,-1,-1,-1,-1,-1,-1,1,-1,-1,-1,1,1,-1,-1,-1,-1,1,-1,-1,-1,-1,1,-1,-1,1,-1,1,-1,-1,-1,-1,1,-1,1,1,-1,1,-1,-1,1,1,-1,-1,-1,-1,-1,-1,1,1,-1,-1,1,-1,1,1,-1,-1,-1,1,-1,-1,1,-1,-1,1,-1,-1,1,1,1,-1,1,-1,1,1,1,-1,-1,1,-1,-1,1,1,1,-1,1,-1,-1,1,1,-1,1,1,-1,-1,1,1,-1,1,1,-1,-1,1,1,-1,1,1,-1,-1,1,1,1,1,1,1,-1,-1,1,1,-1,1,-1,-1,1,-1,1,1,1,1,-1,-1,1,-1,1,1,1,-1,1,1,1,1,-1,1,-1,1,1,1,1,1,1,1,-1,1,1,1,1,-1,1,-1,1,1,1,1,1,-1,1,1,1,1,-1,1,1,-1,1,1,-1,1,1,-1,-1,1,1,1,1,-1,1,-1,1,1,1,-1,-1,1,-1,1,1,1,-1,1,-1,-1,-1,1,1,-1,-1,1,-1,-1,1,1,-1,-1,1,-1,-1,1,1,1,-1,-1,-1,-1,1,1,-1,-1,-1,1,-1,-1,1,-1,1,1,-1,1,1,-1,-1,1,-1,-1,-1,-1,1,-1,1,1,-1,1,1,-1,-1,-1,-1,1,-1,-1,-1,-1,1,-1,-1,1,1,-1,1,1,-1,1,1,1,1,-1,1,-1,1,1,1,1,-1,1,-1,-1,1,1,1,-1,1,-1,1,1,1,1,-1,1,-1,1,1,1,-1,-1,1,-1,-1,1,1,-1,-1,-1,1,-1,1,-1,1,-1,1,-1,-1,1,-2672.0,1,2000,445,500,False
376,1,1,-1,-1,1,1,-1,-1,1,1,1,-1,1,1,1,1,-1,1,-1,-1,-1,-1,1,1,1,-1,1,-1,1,1,1,1,-1,-1,-1,-1,1,-1,1,1,-1,-1,-1,1,1,1,1,-1,1,1,1,1,-1,1,-1,-1,1,-1,1,1,1,-1,-1,-1,1,1,1,1,-1,-1,-1,1,1,1,1,-1,-1,-1,1,1,1,-1,-1,-1,1,1,1,1,-1,-1,-1,1,1,1,1,-1,-1,1,1,-1,1,1,-1,-1,1,1,1,1,1,-1,-1,1,1,1,1,1,-1,-1,1,1,1,1,1,1,-1,-1,1,1,-1,1,1,-1,1,1,1,1,1,1,-1,-1,1,1,1,1,1,-1,1,1,1,1,1,1,-1,-1,-1,1,1,1,1,-1,1,1,1,1,-1,1,-1,1,-1,1,1,1,-1,-1,1,1,1,1,1,-1,1,-1,-1,1,-1,1,-1,1,1,1,1,1,1,1,1,1,-1,1,-1,1,-1,1,1,-1,1,-1,1,1,-1,1,-1,1,-1,1,-1,1,1,-1,1,-1,1,1,1,1,-1,-1,1,1,-1,-1,1,-1,1,-1,-1,1,-1,1,-1,1,-1,1,-1,-1,1,-1,-1,-1,1,1,-1,1,-1,1,1,1,-1,1,1,-1,1,-1,1,-1,1,-1,1,-1,1,1,-1,1,-1,-1,-1,1,1,-1,1,-1,-1,-1,1,1,-1,-1,1,1,-1,-1,1,1,-1,1,1,-1,1,1,1,1,-1,1,-1,1,1,-1,1,-1,1,1,-1,1,1,1,1,1,-1,-1,1,-1,-1,1,1,1,-1,1,1,1,-1,1,-1,-1,1,1,1,1,1,-1,1,1,1,-1,1,1,-1,1,1,1,-1,1,1,-1,-1,1,1,1,-1,1,-1,1,1,1,-1,1,1,-1,1,1,1,-1,1,-1,-1,1,1,1,-1,1,-1,-1,-1,1,1,-1,1,-1,-1,1,-1,1,-1,1,1,-1,-1,1,1,1,-1,1,-1,-1,1,1,-1,1,-1,-1,-1,-1,-1,-1,1,1,-1,-1,1,1,-1,1,-1,1,-1,1,1,1,1,-1,-1,1,1,1,-1,1,-1,-1,-1,-1,1,1,-1,1,-1,-1,1,-1,1,-1,-1,-1,1,-1,-1,1,-1,1,-1,-1,1,-1,1,-1,-1,-1,1,1,-1,1,-1,1,-1,-1,1,-1,1,-1,-1,-1,-1,1,-1,-1,1,1,-1,-1,1,-1,1,1,-1,1,-1,1,-1,1,-1,1,-1,-1,1,-1,-1,-1,-1,-1,1,1,-1,1,-1,1,-1,1,-1,1,1,1,1,-1,1,-1,-1,1,-1,-1,-1,1,-1,1,-1,1,1,-1,1,-1,-1,1,-1,-1,1,-1,1,-1,1,-1,1,-1,1,1,-1,-1,-1,1,-1,1,-1,-1,1,-1,1,1,1,1,-1,-1,1,1,-1,1,1,1,-1,1,1,1,-1,1,1,-1,1,1,1,1,-1,1,1,-1,-1,-1,1,-1,1,1,1,1,-1,1,-1,1,-1,-1,-1,1,1,-1,1,1,-1,-1,-1,1,-1,1,1,-1,1,-1,1,-1,-1,-1,-1,-1,-1,1,-1,-1,-1,-1,-1,-1,1,-1,1,1,1,1,-1,1,-1,1,1,-1,-1,-1,1,-1,-1,1,-1,1,-1,-1,1,1,1,1,-1,-1,1,1,1,1,-1,1,-1,-1,1,1,1,-1,-1,-1,1,1,1,1,-1,-1,-1,1,-1,1,-1,1,-1,-1,-1,1,1,1,-1,-1,-1,-1,1,1,1,1,-1,-1,-1,1,1,1,1,-1,-1,-1,1,-1,1,-1,-1,-1,1,1,1,1,1,-1,-1,-1,1,1,1,1,-1,-1,-1,1,1,-1,1,-1,-1,-1,1,1,1,1,-1,-1,1,1,1,1,-1,-1,1,1,-1,1,1,-1,-1,-1,1,1,1,1,1,-1,1,1,1,1,1,-1,-1,-1,1,-1,1,-1,-1,-1,-1,1,-1,1,1,-1,-1,-1,1,-1,1,1,-1,1,-1,1,1,1,1,-1,1,-1,1,-1,1,1,-1,-1,-1,1,1,-1,-1,-1,-1,-1,1,-1,1,-1,-1,-1,-1,-1,-1,-1,1,-1,-1,-1,1,-1,-1,1,-1,-1,-1,-1,-1,1,1,-1,-1,-1,-1,-1,1,-1,-1,-1,1,-1,-1,1,-1,1,-1,-1,-1,-1,-1,-1,-1,1,-1,-1,-1,1,1,-1,-1,-1,1,-1,-1,-1,-1,-1,1,-1,-1,1,1,1,-1,-1,-1,-1,1,-1,1,1,-1,1,-1,-1,1,1,-1,-1,-1,-1,-1,-1,1,1,-1,-1,1,-1,1,1,-1,-1,-1,1,-1,1,1,-1,-1,1,-1,-1,1,1,1,-1,1,-1,1,1,1,-1,-1,1,-1,-1,1,1,1,-1,1,-1,-1,1,1,-1,1,1,-1,-1,1,1,-1,1,1,-1,-1,1,1,-1,1,1,-1,-1,1,1,1,1,-1,1,-1,1,1,1,1,1,-1,-1,1,-1,1,1,1,1,-1,-1,1,-1,1,1,1,-1,1,1,1,1,-1,1,-1,1,1,1,1,1,1,1,-1,1,1,1,1,-1,1,-1,1,1,1,1,1,-1,1,1,1,1,-1,1,1,-1,1,1,-1,1,1,-1,-1,1,1,1,1,-1,1,-1,1,1,1,-1,-1,1,-1,1,1,1,-1,1,-1,-1,-1,1,1,-1,-1,1,-1,-1,1,1,-1,-1,1,-1,1,-1,1,1,-1,1,-1,-1,1,1,-1,-1,-1,1,1,-1,1,-1,1,1,-1,1,1,-1,-1,1,1,-1,-1,1,1,-1,1,1,1,1,1,-1,-1,-1,-1,-1,-1,-1,-1,-1,-1,1,1,1,1,-1,1,1,-1,1,1,1,1,-1,1,-1,1,1,1,1,-1,1,-1,1,1,1,1,-1,1,-1,1,1,1,1,-1,1,-1,1,1,1,-1,-1,1,-1,1,1,1,-1,-1,-1,1,-1,1,1,1,-1,1,-1,1,1,-2672.0,1,2000,445,1000,False
377,1,1,-1,-1,1,-1,-1,-1,1,1,1,-1,1,1,1,1,-1,1,-1,-1,-1,-1,1,1,1,-1,-1,-1,1,1,1,1,-1,-1,-1,-1,1,1,1,1,-1,-1,-1,1,1,1,1,-1,1,1,1,1,-1,1,-1,-1,1,-1,1,1,1,-1,-1,-1,1,1,1,1,-1,-1,-1,1,1,1,1,-1,-1,-1,1,1,1,-1,-1,-1,1,1,1,1,-1,-1,-1,1,1,1,1,-1,-1,1,1,-1,1,1,-1,-1,1,1,1,1,1,-1,-1,-1,1,1,1,1,-1,-1,1,1,1,1,1,1,-1,-1,1,1,-1,1,1,-1,1,1,1,1,1,1,-1,1,1,1,1,1,1,-1,1,1,1,1,1,1,-1,-1,-1,1,1,1,1,-1,1,1,1,1,-1,1,-1,1,-1,1,1,1,-1,-1,1,1,1,1,1,-1,1,-1,-1,1,-1,1,-1,1,1,1,1,1,1,1,1,1,-1,1,-1,1,-1,1,1,-1,1,-1,1,1,-1,1,-1,1,-1,1,-1,1,1,-1,1,-1,1,1,1,1,-1,-1,1,1,-1,-1,1,-1,1,-1,-1,1,-1,1,-1,1,-1,1,-1,1,1,-1,-1,-1,1,1,-1,1,-1,1,1,1,-1,1,1,-1,-1,-1,1,-1,1,-1,1,-1,1,1,-1,1,-1,-1,-1,1,1,-1,1,-1,-1,-1,1,1,-1,-1,1,1,-1,-1,1,1,-1,1,1,-1,1,1,1,1,-1,1,-1,1,1,-1,1,-1,1,1,-1,1,1,1,1,1,-1,-1,1,-1,-1,-1,1,1,-1,1,1,1,-1,1,-1,-1,1,1,1,1,1,-1,1,1,1,-1,1,1,-1,1,1,1,-1,1,1,-1,-1,1,1,1,-1,1,-1,1,1,1,-1,1,1,-1,1,1,1,-1,1,-1,-1,1,1,1,-1,1,-1,-1,-1,1,1,1,1,-1,-1,1,-1,1,-1,1,1,-1,-1,1,1,1,-1,1,-1,-1,1,1,-1,1,-1,-1,-1,-1,-1,-1,1,1,-1,-1,1,1,-1,1,-1,-1,-1,1,1,-1,1,-1,-1,1,1,1,1,1,-1,-1,-1,-1,1,-1,-1,1,-1,-1,1,-1,-1,1,-1,-1,1,-1,-1,1,-1,1,-1,-1,1,-1,-1,1,-1,-1,1,1,-1,1,-1,1,-1,-1,1,-1,-1,-1,-1,-1,-1,1,-1,-1,1,1,-1,-1,1,-1,1,-1,-1,1,-1,1,-1,-1,1,1,-1,-1,1,-1,-1,-1,-1,-1,1,1,-1,-1,1,1,-1,1,-1,1,-1,1,1,-1,1,-1,-1,-1,-1,-1,-1,1,-1,1,-1,1,1,-1,1,-1,-1,1,-1,-1,1,-1,1,-1,1,-1,1,-1,1,1,-1,-1,-1,1,-1,1,-1,-1,1,-1,1,1,1,1,-1,-1,-1,1,-1,1,1,-1,-1,1,1,1,-1,1,1,-1,1,1,1,1,-1,1,1,-1,-1,-1,1,-1,-1,1,1,1,-1,1,-1,1,-1,-1,-1,1,1,-1,1,1,-1,-1,-1,1,-1,1,1,-1,1,-1,1,-1,-1,-1,-1,-1,-1,1,-1,-1,-1,-1,-1,-1,1,-1,1,1,1,1,-1,1,-1,1,1,-1,-1,-1,1,-1,-1,1,-1,1,-1,-1,1,1,1,1,-1,-1,1,1,1,1,-1,1,-1,-1,1,1,1,-1,-1,-1,1,1,1,1,-1,-1,-1,1,-1,1,-1,1,-1,-1,-1,1,1,1,-1,-1,-1,1,1,1,1,1,-1,-1,-1,1,1,1,1,-1,-1,-1,1,1,1,-1,-1,-1,1,1,1,1,1,-1,-1,-1,1,1,1,1,-1,-1,-1,1,1,-1,1,-1,-1,-1,1,1,1,1,-1,-1,1,1,1,1,-1,-1,1,1,-1,1,1,-1,-1,-1,1,1,1,1,1,-1,1,1,1,1,1,-1,-1,-1,1,-1,1,-1,-1,-1,-1,1,-1,1,1,-1,-1,-1,1,-1,1,1,-1,-1,-1,1,1,1,1,-1,-1,-1,1,-1,1,1,-1,-1,-1,1,1,-1,-1,-1,-1,-1,1,-1,1,-1,-1,-1,-1,-1,-1,-1,1,-1,-1,-1,1,-1,-1,1,-1,-1,-1,-1,-1,1,1,-1,-1,-1,-1,-1,1,-1,-1,-1,1,-1,-1,1,-1,1,-1,-1,-1,-1,-1,-1,-1,1,-1,-1,-1,1,1,-1,-1,-1,1,-1,-1,-1,-1,-1,1,-1,-1,1,1,1,-1,-1,-1,-1,1,-1,1,1,-1,1,-1,-1,1,1,-1,-1,-1,-1,-1,-1,1,1,-1,-1,1,-1,1,1,-1,-1,-1,1,-1,1,1,-1,-1,1,-1,-1,1,1,1,-1,1,-1,1,1,1,-1,-1,1,-1,-1,1,-1,1,-1,1,-1,-1,1,1,-1,1,1,-1,-1,1,1,1,1,1,-1,-1,1,1,-1,1,1,-1,-1,1,1,1,1,1,1,-1,1,1,1,1,1,-1,-1,1,-1,1,1,1,1,-1,-1,1,-1,1,1,1,-1,1,1,1,1,-1,1,-1,1,1,1,1,1,1,1,-1,1,1,1,1,-1,1,-1,1,1,1,1,1,1,1,1,1,1,-1,1,-1,1,1,1,-1,1,1,1,1,1,1,1,1,-1,1,1,1,1,1,-1,-1,1,-1,1,1,1,-1,1,-1,1,1,1,1,-1,-1,1,1,-1,1,1,-1,-1,1,1,-1,1,1,1,-1,1,-1,1,1,1,-1,-1,-1,-1,1,-1,1,-1,1,1,1,1,1,-1,-1,1,1,1,1,1,1,-1,1,-1,1,1,1,-1,-1,-1,-1,-1,-1,-1,-1,-1,-1,-1,1,1,1,-1,1,1,-1,-1,1,1,1,-1,1,-1,1,1,1,-1,-1,1,-1,1,1,1,-1,-1,1,-1,1,1,1,-1,-1,1,-1,1,-1,1,1,-1,1,-1,-1,1,1,-1,-1,-1,-1,1,1,1,1,-1,1,-1,-1,1,-2672.0,1,2000,445,0,False
378,1,1,-1,-1,1,-1,-1,-1,1,1,1,-1,1,1,1,1,-1,1,-1,-1,-1,-1,1,1,1,-1,1,-1,1,1,1,1,1,-1,-1,-1,1,1,1,1,-1,-1,-1,1,1,1,1,-1,1,1,1,1,-1,1,-1,-1,1,-1,1,1,1,-1,-1,-1,1,1,1,1,-1,-1,-1,1,1,1,1,-1,-1,-1,1,1,1,-1,-1,-1,1,1,1,1,-1,-1,-1,1,1,1,1,-1,-1,1,1,-1,1,1,-1,-1,1,1,1,1,1,-1,-1,-1,1,1,1,1,-1,-1,1,1,1,1,1,1,-1,-1,1,1,-1,1,1,-1,1,1,1,1,1,1,-1,1,1,1,1,1,1,-1,1,1,1,1,1,1,-1,-1,-1,1,1,1,1,-1,1,1,1,1,-1,1,-1,1,1,1,1,1,-1,-1,1,1,1,1,1,-1,1,-1,-1,1,-1,1,-1,1,1,1,1,1,1,1,1,1,-1,1,-1,1,-1,1,1,-1,1,-1,1,1,-1,1,-1,1,-1,1,-1,1,1,-1,1,-1,1,1,1,1,-1,-1,1,1,-1,-1,1,-1,1,-1,1,1,-1,1,-1,1,-1,1,-1,-1,1,-1,-1,-1,1,1,-1,1,-1,1,1,1,-1,1,-1,-1,1,-1,1,-1,1,1,1,-1,1,1,-1,1,-1,-1,-1,1,1,-1,1,-1,-1,-1,1,1,-1,-1,1,1,-1,-1,1,1,-1,1,1,-1,1,1,1,1,-1,1,-1,1,1,-1,1,-1,1,1,-1,1,1,1,1,1,-1,-1,1,-1,-1,-1,1,1,-1,1,1,1,-1,1,-1,-1,1,1,1,1,1,-1,1,1,1,-1,1,1,-1,1,1,1,-1,1,1,-1,-1,1,1,1,-1,1,-1,1,1,1,-1,1,1,-1,1,1,1,-1,1,-1,-1,1,1,1,-1,1,-1,-1,-1,1,1,-1,1,-1,-1,1,-1,1,-1,1,1,-1,-1,1,1,1,-1,1,-1,-1,1,1,-1,1,-1,-1,-1,-1,-1,-1,1,1,-1,-1,1,1,-1,1,-1,1,-1,1,1,1,1,-1,-1,1,1,1,-1,1,-1,-1,-1,-1,1,1,-1,1,-1,-1,1,-1,1,-1,-1,-1,1,-1,-1,1,-1,1,-1,-1,1,-1,1,-1,-1,-1,1,1,-1,1,-1,1,-1,-1,1,-1,1,-1,-1,-1,-1,1,-1,-1,1,1,-1,-1,1,-1,1,1,-1,1,-1,1,-1,1,-1,1,-1,-1,1,-1,1,-1,-1,-1,1,1,-1,1,-1,1,-1,1,-1,1,1,1,1,-1,1,-1,-1,1,-1,-1,-1,1,-1,1,-1,1,1,-1,1,-1,-1,1,-1,-1,1,-1,1,-1,1,-1,1,-1,1,1,-1,1,-1,1,-1,1,-1,-1,1,-1,1,1,1,1,-1,-1,1,1,-1,1,1,-1,-1,1,1,1,-1,1,1,-1,1,1,1,1,-1,1,1,-1,-1,-1,1,-1,-1,1,-1,1,-1,1,-1,1,-1,-1,-1,1,1,-1,1,1,-1,-1,1,1,-1,1,1,-1,1,-1,1,-1,-1,-1,-1,-1,-1,1,-1,-1,-1,-1,-1,-1,1,-1,1,1,1,1,-1,1,-1,1,1,-1,-1,-1,1,-1,-1,1,-1,1,-1,-1,1,1,1,1,-1,-1,-1,1,1,1,-1,1,-1,1,1,1,1,-1,-1,-1,1,1,1,1,-1,-1,-1,1,-1,1,-1,1,-1,-1,-1,1,1,1,-1,-1,-1,1,1,1,1,1,-1,-1,-1,1,1,1,1,-1,-1,-1,1,-1,1,-1,-1,-1,1,1,1,1,1,-1,-1,-1,1,1,1,1,-1,-1,-1,1,1,-1,1,-1,-1,-1,1,1,1,1,-1,-1,1,1,1,1,-1,-1,1,1,-1,1,1,-1,-1,-1,1,1,1,1,1,-1,1,1,1,1,1,-1,-1,-1,1,-1,1,-1,-1,-1,-1,1,-1,1,1,-1,-1,-1,1,-1,1,1,-1,-1,-1,1,1,1,1,-1,-1,-1,1,-1,1,1,-1,-1,-1,1,1,-1,-1,-1,-1,-1,1,-1,1,-1,-1,-1,-1,-1,-1,-1,1,-1,-1,-1,1,-1,-1,1,-1,-1,-1,-1,-1,1,1,-1,-1,-1,-1,-1,1,-1,-1,-1,1,-1,-1,1,-1,1,-1,-1,-1,-1,-1,-1,-1,1,-1,-1,-1,1,1,1,-1,-1,-1,1,-1,-1,-1,-1,1,-1,-1,1,1,1,-1,-1,-1,-1,1,-1,1,1,-1,1,-1,-1,1,1,-1,-1,-1,-1,-1,-1,1,1,-1,-1,1,-1,1,1,-1,-1,-1,1,-1,1,1,-1,-1,1,-1,-1,1,1,1,-1,1,-1,1,1,1,-1,-1,1,-1,-1,1,1,1,-1,1,-1,-1,1,1,-1,1,1,-1,-1,1,1,-1,1,1,-1,-1,1,1,1,1,1,-1,-1,1,1,1,1,-1,1,-1,1,1,1,1,1,-1,-1,1,-1,1,1,1,1,-1,-1,1,-1,1,1,1,-1,1,1,1,1,-1,1,-1,1,1,1,1,1,1,1,-1,-1,1,1,1,-1,1,-1,1,1,1,1,1,-1,1,1,1,1,-1,1,1,-1,1,1,-1,1,1,-1,-1,1,1,1,1,-1,1,-1,1,1,1,-1,-1,1,-1,1,1,1,-1,1,-1,-1,-1,1,1,-1,-1,1,-1,-1,1,1,-1,-1,1,-1,1,1,1,1,-1,1,-1,-1,1,1,-1,-1,-1,1,1,-1,1,-1,1,1,-1,1,1,-1,-1,1,1,-1,-1,1,1,-1,1,1,1,1,1,-1,-1,-1,-1,-1,-1,-1,-1,-1,-1,1,1,1,1,-1,1,1,-1,1,1,1,1,-1,1,-1,1,1,1,-1,-1,1,-1,1,1,1,-1,1,1,-1,1,1,1,-1,-1,1,-1,1,1,1,1,-1,1,-1,1,1,1,-1,-1,1,1,-1,1,-1,1,-1,1,-1,1,1,-2672.0,1,2000,445,1000,False
379,1,1,-1,-1,1,1,-1,-1,1,1,1,-1,-1,1,1,1,-1,1,-1,-1,-1,-1,1,1,1,-1,-1,-1,1,1,1,1,1,-1,-1,-1,1,1,1,1,-1,-1,-1,1,1,1,1,-1,1,1,1,1,-1,1,-1,-1,1,-1,1,1,-1,-1,-1,-1,1,1,1,1,-1,-1,-1,1,1,1,1,-1,-1,-1,1,1,1,-1,-1,-1,1,1,1,1,-1,-1,-1,1,1,1,1,-1,-1,1,1,-1,1,1,-1,-1,1,1,1,1,1,-1,-1,-1,1,-1,1,1,-1,-1,1,1,1,1,1,1,-1,-1,1,1,-1,1,1,-1,1,1,1,1,1,1,-1,1,1,1,1,1,1,-1,1,1,1,1,1,1,-1,-1,-1,1,1,1,1,-1,1,1,1,1,-1,1,-1,1,-1,1,1,1,-1,-1,1,1,1,1,1,-1,1,-1,-1,1,-1,1,-1,1,1,1,1,1,1,1,1,1,-1,1,-1,1,-1,1,1,-1,1,-1,1,1,-1,1,-1,1,-1,1,-1,1,1,-1,1,-1,1,1,1,1,-1,-1,1,1,-1,-1,1,-1,1,-1,-1,1,-1,1,-1,1,-1,1,-1,-1,1,-1,-1,-1,1,1,-1,1,-1,1,1,1,-1,1,-1,-1,1,-1,1,-1,1,1,1,-1,1,1,-1,1,-1,-1,-1,1,1,-1,1,-1,-1,-1,1,1,-1,-1,1,1,-1,-1,1,1,-1,1,1,-1,1,1,1,1,-1,1,-1,1,1,-1,1,-1,1,1,-1,1,1,1,1,1,-1,-1,1,-1,-1,-1,1,1,-1,1,1,1,-1,1,-1,-1,1,1,1,1,1,-1,1,1,1,-1,1,1,-1,1,1,1,-1,1,1,-1,-1,1,1,1,-1,1,-1,1,1,1,-1,1,1,-1,1,1,1,-1,1,-1,-1,1,1,1,-1,1,-1,-1,-1,1,1,-1,1,-1,-1,1,-1,1,-1,1,1,-1,-1,1,1,1,-1,1,-1,-1,1,1,-1,1,-1,-1,-1,-1,-1,-1,1,1,-1,-1,1,1,-1,1,-1,1,-1,1,1,1,1,-1,-1,1,1,1,-1,1,-1,-1,-1,-1,1,1,-1,1,-1,-1,1,-1,1,-1,-1,-1,1,-1,-1,1,-1,1,-1,-1,1,-1,1,-1,-1,-1,1,1,-1,1,-1,1,-1,-1,1,-1,1,-1,-1,-1,-1,1,-1,-1,1,1,-1,-1,1,-1,1,1,-1,1,-1,1,-1,1,-1,1,-1,-1,1,-1,1,-1,-1,-1,1,1,-1,1,-1,1,-1,1,-1,1,1,-1,1,-1,1,-1,-1,1,-1,-1,-1,1,-1,1,-1,1,1,-1,1,-1,-1,1,-1,-1,1,-1,1,-1,1,-1,1,-1,1,1,-1,1,-1,1,-1,1,-1,-1,1,-1,1,1,1,1,-1,-1,1,1,-1,1,1,-1,-1,1,1,1,-1,1,1,-1,1,1,1,1,-1,-1,1,-1,-1,-1,1,-1,-1,1,1,1,-1,1,-1,1,-1,-1,-1,1,1,-1,1,1,-1,-1,-1,1,-1,1,1,-1,1,-1,1,-1,-1,-1,-1,-1,-1,1,-1,-1,-1,-1,-1,-1,1,-1,1,1,1,1,-1,1,-1,1,1,-1,-1,-1,1,-1,-1,1,-1,1,-1,-1,1,1,1,1,-1,-1,1,1,1,1,-1,1,-1,-1,1,1,1,-1,-1,-1,1,1,1,1,-1,1,-1,1,-1,1,-1,1,1,-1,-1,1,1,1,-1,-1,-1,1,1,1,1,1,-1,-1,-1,1,1,1,1,-1,-1,-1,1,-1,1,-1,-1,-1,1,1,1,1,1,-1,-1,-1,1,1,1,1,-1,-1,-1,1,1,-1,1,-1,-1,-1,1,1,1,1,-1,-1,1,1,1,1,-1,-1,1,1,-1,1,1,-1,-1,-1,1,1,1,1,1,-1,1,1,1,1,1,-1,-1,-1,1,-1,1,-1,-1,-1,-1,1,-1,1,1,-1,-1,-1,1,-1,1,1,-1,-1,-1,1,1,1,1,-1,-1,-1,1,-1,1,1,-1,-1,-1,1,1,-1,-1,-1,-1,-1,1,-1,1,-1,-1,-1,-1,-1,-1,-1,1,-1,-1,-1,1,-1,-1,1,-1,-1,-1,-1,-1,1,1,-1,-1,-1,-1,-1,1,-1,-1,-1,1,-1,-1,1,-1,1,-1,-1,-1,-1,-1,-1,-1,1,-1,-1,-1,1,1,-1,-1,-1,1,-1,-1,-1,-1,-1,1,-1,-1,1,1,1,-1,-1,-1,-1,1,-1,1,1,-1,1,-1,-1,1,1,-1,-1,-1,-1,-1,-1,1,1,-1,-1,1,-1,1,1,-1,-1,-1,1,-1,1,1,-1,-1,1,-1,-1,1,1,1,-1,1,-1,1,1,1,-1,-1,1,-1,-1,1,1,1,-1,1,-1,-1,1,1,-1,1,1,-1,-1,1,1,1,1,1,-1,-1,1,1,1,1,1,-1,-1,1,1,1,1,-1,1,-1,1,1,1,-1,1,-1,-1,1,-1,1,1,1,1,-1,-1,1,-1,1,1,1,-1,1,1,1,1,-1,1,-1,1,1,1,1,1,1,1,-1,-1,1,1,1,-1,1,-1,1,1,1,1,1,-1,1,1,1,1,-1,1,1,-1,1,1,-1,1,1,-1,-1,1,1,1,1,-1,1,-1,1,1,1,-1,-1,1,-1,1,1,1,-1,1,-1,-1,-1,1,1,-1,-1,1,-1,-1,1,1,-1,-1,1,-1,1,1,1,1,-1,1,-1,-1,1,1,-1,-1,-1,1,1,1,1,-1,1,1,-1,1,1,-1,-1,1,1,-1,-1,1,1,-1,1,1,1,1,1,-1,-1,-1,-1,1,-1,-1,-1,-1,-1,1,1,1,1,-1,1,1,-1,1,1,1,1,-1,1,-1,1,1,1,-1,-1,1,-1,1,1,1,-1,1,1,-1,1,1,1,-1,-1,1,-1,1,1,1,1,-1,1,-1,1,1,1,-1,-1,1,1,-1,1,-1,1,-1,1,-1,1,1,-2672.0,1,2000,445,0,False
380,1,1,-1,-1,1,1,-1,-1,1,1,1,-1,-1,1,1,1,-1,1,-1,-1,1,-1,1,1,1,-1,-1,-1,1,1,1,1,1,-1,-1,-1,1,-1,1,1,-1,-1,-1,1,1,1,1,-1,1,1,1,1,-1,1,-1,-1,1,-1,1,1,1,-1,-1,-1,1,1,1,1,-1,-1,-1,1,1,1,1,-1,-1,-1,1,1,1,-1,-1,-1,1,1,1,1,-1,-1,-1,1,1,1,1,-1,-1,1,1,-1,1,1,-1,-1,1,1,1,1,1,-1,-1,1,1,1,1,1,-1,-1,1,1,1,1,1,1,-1,-1,1,1,-1,1,1,-1,1,1,1,1,1,1,-1,-1,1,1,1,1,1,-1,1,1,1,1,1,1,-1,-1,-1,1,1,1,1,-1,1,1,1,1,-1,1,-1,1,-1,1,1,1,-1,-1,1,1,1,1,1,-1,1,-1,-1,1,-1,1,-1,1,1,1,1,1,1,1,1,1,-1,1,-1,1,-1,1,1,-1,1,-1,1,1,-1,1,-1,1,-1,1,-1,1,1,-1,1,-1,1,1,1,1,-1,-1,1,1,-1,-1,1,-1,1,-1,-1,1,-1,1,-1,1,-1,1,-1,1,1,-1,-1,-1,1,1,-1,1,-1,1,1,1,-1,1,1,-1,-1,-1,1,-1,1,-1,1,-1,1,1,-1,1,-1,-1,-1,1,1,-1,1,-1,-1,-1,1,1,-1,-1,1,1,-1,-1,1,1,-1,1,1,-1,1,1,1,1,-1,1,-1,1,1,-1,1,-1,1,-1,1,1,1,1,1,1,-1,-1,1,-1,-1,-1,1,1,-1,1,1,1,-1,1,1,1,1,1,1,-1,1,-1,1,1,1,-1,-1,1,-1,1,1,1,-1,1,1,-1,-1,1,1,1,-1,1,-1,1,1,1,-1,1,1,-1,1,1,1,-1,1,1,-1,1,1,1,-1,1,1,-1,-1,1,1,-1,1,1,-1,1,-1,1,-1,1,1,1,-1,1,1,1,-1,1,1,-1,1,1,-1,1,1,1,-1,-1,-1,-1,1,1,1,-1,1,1,-1,1,1,-1,-1,1,1,1,1,1,-1,1,1,1,-1,1,1,1,1,-1,1,1,1,-1,1,-1,1,1,1,1,1,1,-1,-1,-1,1,-1,-1,1,-1,1,-1,1,-1,1,1,1,1,-1,1,-1,-1,1,-1,1,-1,1,1,-1,1,1,1,-1,-1,1,-1,1,1,-1,-1,1,1,1,-1,1,1,-1,-1,1,-1,1,1,-1,-1,1,1,1,1,-1,1,-1,1,-1,1,1,-1,1,-1,1,-1,1,1,-1,-1,-1,1,-1,1,1,1,-1,-1,1,-1,-1,1,-1,-1,-1,1,-1,1,1,-1,1,-1,1,1,-1,1,-1,-1,-1,-1,-1,-1,1,-1,-1,-1,1,-1,-1,1,-1,-1,-1,-1,1,-1,1,-1,-1,-1,-1,1,-1,-1,1,1,1,-1,1,-1,1,-1,1,-1,1,-1,-1,-1,1,-1,-1,1,1,1,-1,1,-1,1,1,1,-1,1,1,-1,1,-1,1,-1,-1,1,-1,-1,1,1,1,-1,1,-1,-1,1,1,-1,-1,1,-1,-1,1,1,-1,-1,1,-1,-1,-1,1,1,-1,1,1,-1,-1,1,-1,-1,1,-1,1,-1,1,1,-1,-1,1,-1,-1,-1,-1,-1,1,1,1,-1,-1,1,-1,-1,1,-1,-1,1,-1,-1,1,1,-1,-1,1,-1,-1,1,1,-1,1,-1,-1,-1,-1,1,1,-1,-1,-1,-1,1,1,-1,-1,1,-1,-1,-1,1,1,-1,-1,-1,-1,-1,1,-1,-1,-1,-1,-1,1,1,1,-1,-1,-1,-1,-1,1,1,-1,-1,-1,-1,-1,1,1,1,-1,-1,-1,-1,1,1,-1,-1,-1,-1,1,1,1,1,1,-1,1,1,1,1,1,1,-1,-1,1,1,1,1,1,-1,1,1,1,1,-1,1,-1,-1,1,-1,1,-1,1,-1,-1,1,-1,1,1,1,-1,-1,1,-1,1,-1,1,1,-1,1,-1,1,1,1,1,-1,1,-1,1,1,1,-1,-1,1,1,-1,1,1,-1,-1,1,-1,1,-1,1,-1,-1,-1,-1,-1,1,1,-1,-1,1,-1,-1,1,1,-1,-1,-1,-1,1,-1,1,-1,-1,-1,-1,1,-1,-1,-1,1,-1,-1,1,-1,1,-1,-1,-1,-1,-1,-1,1,1,-1,-1,-1,1,1,1,-1,-1,1,1,-1,-1,1,-1,1,-1,-1,1,1,1,-1,-1,-1,-1,1,-1,1,1,-1,1,-1,-1,1,1,-1,-1,-1,-1,-1,-1,1,1,-1,-1,1,-1,1,1,-1,-1,-1,1,-1,1,1,-1,-1,1,-1,-1,1,1,1,-1,1,-1,1,1,1,-1,-1,1,-1,-1,1,1,1,-1,1,-1,-1,1,1,-1,1,1,-1,-1,1,1,1,1,1,-1,-1,1,1,1,1,1,-1,-1,1,1,1,1,1,1,-1,-1,1,1,1,1,-1,-1,1,-1,1,1,1,1,-1,-1,1,-1,1,1,1,-1,1,1,1,1,-1,1,-1,1,1,1,1,1,1,1,-1,1,1,1,1,-1,1,-1,1,1,1,1,1,-1,1,1,1,1,-1,1,1,-1,1,1,-1,1,1,-1,-1,1,1,1,1,-1,1,-1,1,1,1,-1,-1,1,-1,1,1,1,-1,1,-1,-1,-1,1,1,-1,-1,1,-1,-1,1,1,-1,-1,1,-1,-1,1,1,1,-1,1,-1,-1,1,1,-1,-1,-1,1,-1,1,1,-1,1,1,-1,1,1,-1,-1,1,1,-1,-1,1,1,-1,1,1,-1,1,1,-1,-1,1,-1,1,-1,-1,-1,-1,1,-1,-1,1,1,-1,1,1,-1,1,1,1,1,-1,1,-1,1,1,1,1,-1,1,-1,-1,1,1,1,-1,1,-1,1,1,1,1,-1,1,-1,1,1,-1,-1,-1,1,-1,-1,1,1,-1,-1,-1,1,-1,1,-1,1,-1,1,-1,-1,1,-2672.0,1,2000,445,0,False
381,1,1,-1,-1,1,1,-1,-1,1,1,1,-1,1,1,-1,1,-1,1,-1,-1,-1,1,1,1,1,1,-1,-1,1,1,1,1,-1,-1,-1,-1,1,-1,1,1,-1,-1,1,1,1,1,1,-1,1,1,1,1,-1,1,-1,-1,1,-1,1,1,1,-1,-1,1,1,1,1,1,-1,-1,1,1,1,1,1,-1,-1,-1,1,1,1,-1,-1,-1,1,1,1,1,-1,-1,-1,1,1,1,1,-1,-1,1,1,-1,1,1,-1,-1,1,1,1,1,1,-1,-1,-1,1,-1,1,1,-1,-1,1,1,1,1,1,1,-1,-1,1,1,-1,1,1,-1,1,1,1,1,1,1,-1,1,1,1,1,1,1,-1,1,1,1,1,1,1,-1,-1,-1,1,1,1,1,-1,1,-1,1,1,-1,1,-1,1,-1,1,1,1,-1,-1,1,1,1,1,1,-1,1,-1,-1,1,-1,1,-1,1,1,1,1,1,1,1,1,1,-1,1,-1,1,-1,1,1,-1,1,-1,1,1,-1,1,-1,1,-1,1,-1,1,1,-1,1,-1,1,1,1,1,-1,-1,1,1,-1,-1,1,-1,1,-1,-1,1,-1,1,-1,1,-1,1,-1,-1,1,-1,-1,-1,1,1,-1,1,-1,1,1,1,-1,1,1,-1,1,-1,1,-1,1,-1,1,-1,1,1,-1,1,-1,-1,-1,1,1,-1,1,-1,1,-1,1,1,-1,-1,1,1,-1,-1,1,1,-1,1,1,-1,1,1,1,1,-1,1,-1,1,1,-1,1,-1,1,1,-1,1,1,1,1,1,-1,-1,1,-1,-1,-1,1,1,-1,1,1,1,-1,1,-1,-1,1,1,1,1,1,-1,1,1,1,-1,-1,1,-1,1,1,1,-1,1,1,-1,-1,1,1,1,-1,1,-1,1,1,1,-1,1,1,-1,1,1,1,-1,1,-1,-1,1,1,1,-1,1,-1,-1,-1,1,1,-1,1,-1,-1,1,-1,1,-1,1,1,-1,-1,1,1,1,-1,1,-1,-1,1,1,-1,1,-1,1,-1,-1,-1,-1,1,1,-1,-1,1,1,-1,1,1,-1,-1,1,1,1,1,1,-1,1,1,1,-1,1,-1,-1,-1,-1,1,1,1,1,-1,-1,1,1,1,1,-1,-1,-1,-1,-1,1,-1,-1,-1,1,-1,1,1,-1,1,-1,1,1,-1,1,-1,1,-1,-1,1,-1,1,1,1,-1,1,1,-1,-1,1,1,-1,-1,1,-1,1,1,1,1,-1,1,-1,-1,1,1,-1,1,1,-1,1,1,1,-1,1,1,-1,1,-1,-1,-1,1,-1,-1,1,-1,-1,-1,1,-1,-1,1,-1,1,-1,1,-1,-1,1,-1,-1,-1,1,-1,-1,1,-1,-1,-1,1,1,-1,1,-1,-1,-1,1,1,-1,-1,-1,1,-1,1,-1,-1,1,-1,-1,1,1,1,-1,-1,1,-1,1,-1,1,1,-1,1,-1,-1,1,1,1,-1,1,-1,1,-1,1,-1,1,-1,-1,1,-1,1,-1,-1,1,-1,1,1,-1,1,-1,1,-1,1,1,-1,1,1,1,1,-1,1,-1,1,-1,1,-1,-1,1,-1,-1,1,1,1,-1,1,-1,-1,-1,1,-1,-1,1,-1,1,1,1,1,-1,1,-1,-1,1,1,-1,-1,1,-1,-1,-1,1,1,-1,-1,1,1,-1,-1,-1,-1,1,1,1,1,1,1,-1,-1,1,1,1,-1,-1,-1,1,1,1,1,-1,1,-1,1,-1,1,-1,1,1,-1,-1,1,1,1,-1,-1,-1,-1,1,1,1,1,-1,-1,-1,1,1,1,-1,-1,-1,-1,1,1,1,1,-1,-1,1,1,1,1,1,-1,-1,-1,1,1,1,1,-1,-1,-1,1,1,-1,1,-1,-1,-1,1,1,1,1,-1,-1,1,1,1,1,1,-1,1,1,-1,1,1,-1,-1,-1,1,1,1,1,1,-1,1,1,1,1,1,1,-1,-1,1,-1,1,-1,1,-1,-1,1,-1,1,-1,-1,-1,-1,1,-1,1,1,-1,1,-1,1,1,1,-1,1,1,-1,1,-1,1,-1,-1,-1,-1,1,1,-1,-1,-1,-1,-1,1,-1,1,-1,-1,-1,-1,-1,-1,-1,1,-1,-1,-1,1,-1,-1,1,-1,-1,-1,-1,-1,-1,1,-1,-1,-1,-1,-1,1,-1,-1,-1,1,-1,-1,1,-1,1,-1,-1,-1,-1,-1,-1,-1,1,-1,-1,-1,1,1,-1,-1,-1,1,-1,-1,-1,-1,-1,1,-1,-1,1,-1,1,-1,-1,-1,-1,1,-1,1,1,-1,1,-1,-1,1,1,-1,-1,-1,-1,-1,-1,1,1,-1,-1,1,-1,1,1,-1,-1,-1,1,-1,1,1,-1,-1,1,-1,-1,1,1,1,-1,1,-1,1,1,1,-1,-1,1,-1,-1,1,1,1,-1,1,-1,-1,1,1,-1,1,1,-1,-1,1,1,-1,1,1,-1,-1,1,1,-1,1,1,-1,-1,1,1,1,1,-1,1,-1,-1,1,1,1,1,-1,-1,1,-1,1,1,1,1,-1,-1,1,-1,1,1,1,-1,1,1,1,1,-1,1,-1,1,1,1,1,1,1,1,-1,1,1,1,1,-1,1,-1,1,1,1,1,1,-1,1,1,1,1,-1,1,1,-1,1,1,-1,1,1,-1,-1,1,1,1,1,-1,1,-1,1,1,1,-1,-1,1,-1,1,1,1,-1,1,-1,-1,-1,1,1,-1,-1,1,-1,-1,1,1,1,-1,1,-1,-1,1,1,1,-1,1,-1,-1,1,1,-1,-1,-1,1,-1,1,1,-1,1,1,-1,1,1,-1,-1,1,1,-1,-1,1,1,-1,1,1,-1,1,1,-1,-1,-1,-1,1,-1,-1,-1,-1,1,-1,-1,1,1,-1,1,1,-1,1,1,1,1,-1,1,-1,1,1,1,-1,-1,1,-1,-1,1,1,-1,-1,1,-1,1,1,1,-1,-1,1,-1,1,1,1,1,-1,1,-1,-1,1,1,-1,-1,-1,1,-1,1,-1,1,-1,1,-1,-1,1,-2672.0,1,2000,445,0,False
382,1,1,-1,-1,1,1,-1,-1,1,1,1,-1,1,1,1,1,-1,1,-1,-1,-1,-1,1,1,1,1,-1,-1,1,1,1,1,-1,-1,-1,-1,1,1,1,1,-1,-1,-1,1,1,1,1,-1,1,1,1,1,-1,1,-1,-1,1,-1,1,1,1,-1,-1,-1,1,1,1,1,-1,-1,-1,1,1,1,1,-1,-1,-1,1,1,1,-1,-1,-1,1,1,1,1,-1,-1,1,1,1,1,1,-1,-1,-1,1,-1,1,1,-1,-1,1,1,1,1,1,-1,-1,-1,1,-1,1,1,-1,-1,1,1,1,1,1,1,-1,-1,1,1,-1,1,1,-1,1,1,1,1,1,1,-1,1,1,1,1,1,1,-1,1,1,1,1,1,1,-1,-1,-1,1,1,1,1,-1,1,1,1,1,-1,1,-1,1,-1,1,1,1,-1,-1,1,1,1,1,1,-1,1,-1,-1,1,-1,1,-1,1,1,1,1,1,1,1,1,1,-1,1,-1,1,-1,1,1,-1,1,-1,1,1,-1,1,-1,1,-1,1,-1,1,1,-1,1,-1,1,1,1,1,-1,-1,1,1,-1,-1,1,-1,1,-1,1,1,-1,1,-1,1,-1,1,-1,-1,1,-1,1,-1,1,1,-1,1,-1,1,1,1,-1,1,1,-1,1,-1,1,-1,1,-1,1,-1,1,1,-1,1,-1,-1,-1,1,1,-1,1,-1,-1,-1,1,1,-1,-1,1,1,-1,-1,1,1,-1,1,1,-1,1,1,1,1,-1,1,-1,1,1,-1,1,-1,1,1,-1,1,1,1,1,1,-1,-1,1,-1,-1,-1,1,1,-1,1,1,1,-1,1,-1,-1,1,1,1,1,1,-1,1,1,1,-1,1,1,-1,1,1,1,-1,1,1,-1,-1,1,1,1,-1,1,-1,1,1,1,-1,1,1,-1,1,1,1,-1,1,-1,-1,1,1,1,-1,1,-1,-1,-1,1,1,1,1,-1,-1,1,-1,1,-1,1,1,-1,-1,1,1,1,-1,1,-1,-1,1,1,-1,1,-1,-1,-1,-1,-1,-1,1,1,-1,-1,1,1,-1,1,-1,1,-1,1,1,-1,1,-1,-1,1,1,1,1,1,-1,-1,-1,-1,1,-1,-1,1,-1,-1,1,-1,-1,1,-1,-1,1,-1,-1,1,-1,1,-1,-1,1,-1,-1,1,-1,-1,1,1,-1,1,-1,1,-1,-1,1,-1,-1,-1,-1,-1,-1,1,-1,-1,1,1,-1,-1,1,-1,1,-1,-1,1,-1,1,-1,-1,1,1,-1,-1,1,-1,-1,-1,-1,-1,1,1,-1,-1,1,1,-1,1,-1,1,-1,1,1,-1,1,-1,-1,-1,-1,-1,-1,1,-1,1,-1,1,1,-1,1,-1,-1,1,-1,-1,1,-1,1,-1,1,-1,1,-1,1,1,-1,-1,-1,1,-1,1,-1,-1,1,-1,1,1,1,1,-1,-1,-1,1,-1,1,1,-1,-1,1,1,1,-1,1,1,-1,1,1,1,1,1,1,1,-1,-1,-1,1,-1,-1,1,-1,1,-1,1,-1,1,-1,-1,-1,1,1,-1,1,1,-1,-1,-1,1,-1,1,1,-1,1,-1,1,-1,-1,-1,-1,-1,-1,1,-1,-1,-1,-1,-1,-1,1,-1,1,1,1,1,-1,1,-1,1,1,-1,-1,-1,1,-1,-1,1,-1,1,-1,-1,1,1,1,1,-1,-1,1,1,1,1,-1,1,-1,-1,1,1,1,-1,-1,-1,-1,1,1,1,-1,1,-1,1,-1,1,-1,1,1,-1,-1,1,1,1,-1,-1,-1,-1,1,1,1,1,-1,-1,-1,1,1,1,1,-1,-1,-1,1,-1,1,-1,-1,-1,1,1,1,1,1,-1,-1,-1,1,1,1,1,-1,-1,-1,1,1,-1,1,-1,-1,-1,1,1,1,1,-1,-1,1,1,1,1,-1,-1,1,1,-1,1,1,-1,-1,-1,1,1,1,1,1,-1,1,1,1,1,1,-1,-1,-1,1,-1,1,-1,-1,-1,-1,1,-1,1,1,1,-1,-1,1,-1,1,1,-1,-1,-1,1,1,1,1,-1,-1,-1,1,-1,1,1,-1,-1,-1,1,1,-1,-1,-1,-1,-1,1,-1,1,-1,-1,-1,-1,-1,-1,-1,1,-1,-1,-1,1,-1,-1,1,-1,-1,-1,-1,-1,1,1,-1,-1,-1,-1,-1,1,-1,-1,-1,1,-1,-1,1,-1,1,-1,-1,-1,-1,-1,-1,-1,1,-1,-1,-1,1,1,1,-1,-1,-1,1,-1,-1,-1,-1,1,-1,-1,1,1,1,-1,-1,-1,-1,1,-1,1,1,-1,1,-1,-1,1,1,-1,-1,-1,-1,-1,-1,1,1,-1,-1,1,-1,1,1,-1,-1,-1,1,-1,1,1,-1,-1,1,-1,-1,1,1,1,-1,1,-1,1,1,1,-1,-1,1,-1,-1,1,1,1,-1,1,-1,-1,1,1,-1,1,1,-1,-1,1,1,-1,1,1,-1,-1,1,1,-1,1,1,-1,-1,1,1,1,1,-1,1,-1,1,1,1,1,1,-1,-1,1,-1,1,1,1,1,-1,-1,1,-1,1,1,1,-1,1,1,1,1,-1,1,-1,1,1,1,1,1,1,1,-1,1,1,1,1,-1,1,-1,1,1,1,1,1,1,1,1,1,1,-1,1,-1,1,1,1,-1,1,1,1,1,1,1,1,1,-1,1,1,1,1,1,-1,-1,1,-1,1,1,1,-1,1,-1,1,1,1,1,-1,-1,1,1,-1,1,1,-1,-1,1,1,-1,1,1,1,-1,1,-1,1,1,1,-1,-1,-1,-1,1,1,1,-1,1,1,1,1,1,-1,-1,1,1,1,1,1,1,-1,1,-1,1,1,1,-1,-1,-1,-1,-1,-1,-1,-1,-1,-1,-1,1,1,1,-1,1,1,-1,-1,1,1,1,-1,1,-1,1,1,1,-1,-1,1,-1,1,1,1,-1,-1,1,-1,1,1,1,-1,-1,1,-1,1,-1,1,1,-1,1,-1,-1,1,1,1,-1,-1,-1,1,1,1,1,-1,1,-1,-1,1,-2672.0,1,2000,445,1000,False
383,1,1,-1,-1,1,-1,1,-1,1,1,1,-1,1,1,1,1,-1,1,-1,-1,1,-1,1,1,1,-1,-1,-1,1,1,1,1,1,-1,-1,-1,1,1,1,1,-1,-1,-1,1,1,1,1,-1,1,1,1,1,-1,1,-1,-1,1,-1,1,1,1,-1,-1,-1,1,1,1,1,-1,-1,-1,1,1,1,1,-1,-1,-1,1,1,1,-1,-1,-1,1,1,1,1,-1,-1,-1,1,1,1,1,-1,-1,1,1,-1,1,1,-1,-1,1,1,1,1,1,-1,-1,1,1,1,1,1,-1,-1,1,1,1,1,1,1,-1,1,1,1,-1,1,1,-1,1,1,1,1,1,1,-1,-1,1,1,1,1,1,-1,1,1,1,1,1,1,-1,-1,-1,1,1,1,1,-1,1,1,1,1,-1,1,-1,1,-1,1,1,1,-1,-1,1,1,1,1,1,-1,1,-1,-1,1,-1,1,-1,1,1,1,1,1,1,1,1,1,-1,1,-1,1,-1,1,1,-1,1,-1,1,1,-1,1,-1,1,-1,1,-1,1,1,-1,-1,-1,1,1,1,1,-1,-1,1,1,-1,-1,1,-1,1,-1,-1,1,-1,1,-1,1,-1,1,-1,1,1,-1,-1,-1,1,1,-1,1,-1,1,1,1,-1,1,1,-1,-1,-1,1,-1,1,-1,1,-1,1,1,-1,1,-1,-1,-1,1,1,-1,1,-1,-1,-1,1,1,-1,-1,1,1,-1,-1,1,1,-1,1,1,-1,1,1,1,1,-1,1,-1,1,1,-1,1,-1,1,-1,1,1,1,1,1,1,-1,-1,1,-1,-1,-1,1,1,-1,1,1,1,-1,1,1,1,1,1,1,-1,1,-1,1,1,1,-1,1,1,-1,1,1,1,-1,1,1,-1,-1,1,1,1,-1,1,-1,1,1,1,-1,1,1,-1,1,1,1,-1,1,1,-1,1,1,1,-1,1,1,1,-1,-1,1,-1,1,1,-1,1,1,1,-1,1,1,1,-1,-1,1,1,-1,1,1,-1,1,1,-1,1,1,1,-1,-1,1,1,1,1,1,-1,1,-1,-1,1,1,-1,-1,-1,1,-1,1,1,-1,1,-1,1,1,1,1,1,1,-1,1,-1,-1,-1,1,-1,1,-1,-1,1,1,1,-1,1,-1,1,-1,-1,1,1,-1,1,-1,1,1,1,1,1,-1,1,-1,-1,1,-1,1,-1,-1,-1,-1,1,1,1,-1,-1,1,-1,1,1,1,-1,1,-1,1,-1,1,1,-1,-1,1,-1,1,1,1,1,-1,-1,1,1,1,1,-1,-1,1,-1,1,1,-1,1,-1,1,-1,1,1,-1,-1,-1,-1,1,1,1,-1,1,-1,1,-1,1,1,-1,-1,1,-1,1,1,1,1,-1,1,-1,-1,-1,1,1,-1,-1,-1,1,-1,1,-1,-1,1,-1,-1,1,-1,1,-1,-1,-1,-1,1,-1,1,-1,-1,1,-1,-1,1,1,1,-1,1,-1,1,-1,1,-1,1,-1,-1,-1,1,-1,-1,1,1,1,-1,1,-1,1,1,1,-1,1,1,-1,1,-1,1,-1,-1,1,-1,-1,1,1,1,-1,1,-1,-1,1,1,-1,-1,1,-1,-1,1,1,-1,-1,1,-1,-1,-1,1,1,-1,1,1,-1,-1,1,-1,-1,1,-1,1,-1,1,1,-1,-1,1,-1,-1,-1,-1,-1,1,1,1,-1,1,1,-1,-1,1,-1,-1,-1,-1,-1,1,1,-1,-1,-1,-1,-1,1,1,-1,1,1,-1,-1,-1,1,1,-1,-1,-1,-1,1,1,-1,-1,1,-1,-1,-1,1,1,-1,-1,-1,-1,-1,1,-1,-1,1,-1,-1,-1,1,1,-1,1,-1,-1,1,1,1,-1,-1,-1,-1,-1,1,1,1,-1,-1,-1,-1,1,1,-1,-1,-1,-1,1,1,1,1,-1,-1,1,1,1,1,1,-1,-1,-1,1,1,1,-1,1,-1,1,1,1,1,-1,1,-1,-1,1,-1,1,-1,1,-1,-1,1,-1,1,-1,-1,-1,-1,1,-1,1,-1,1,-1,-1,1,-1,1,-1,1,-1,-1,1,-1,1,-1,-1,-1,-1,1,1,-1,-1,-1,-1,-1,1,-1,1,-1,-1,-1,-1,-1,-1,-1,1,-1,-1,-1,1,-1,-1,1,-1,-1,-1,-1,-1,-1,1,-1,-1,-1,-1,-1,1,-1,-1,-1,1,-1,-1,1,-1,1,-1,-1,-1,-1,1,-1,-1,1,-1,-1,-1,-1,1,-1,-1,-1,1,-1,1,-1,-1,-1,1,-1,-1,-1,-1,1,-1,-1,-1,-1,-1,1,1,1,-1,1,-1,1,-1,1,-1,-1,-1,-1,-1,-1,1,1,-1,-1,1,-1,1,1,-1,-1,-1,1,-1,1,1,-1,-1,1,-1,-1,1,1,1,-1,1,-1,1,1,1,-1,-1,1,-1,1,1,1,1,-1,1,-1,-1,1,1,-1,1,1,-1,-1,1,1,-1,1,1,-1,-1,1,1,1,1,1,-1,-1,1,1,1,1,1,1,-1,1,1,1,-1,1,-1,-1,1,-1,1,1,1,1,-1,-1,1,-1,1,1,1,-1,1,1,1,1,-1,1,-1,1,1,1,1,1,1,1,-1,1,1,1,1,-1,1,-1,1,1,1,1,1,-1,1,1,1,1,-1,1,-1,1,1,1,-1,1,1,1,1,-1,1,1,1,-1,1,1,1,1,1,-1,-1,1,-1,1,1,1,-1,1,-1,1,1,1,1,-1,-1,1,1,-1,1,1,-1,-1,1,1,-1,1,1,1,-1,1,-1,1,1,1,-1,-1,-1,-1,1,-1,1,-1,1,1,1,1,1,-1,-1,1,1,1,1,1,1,-1,1,-1,1,1,1,-1,-1,-1,-1,-1,-1,-1,-1,-1,1,-1,1,1,1,-1,1,1,-1,-1,1,1,1,-1,1,-1,1,1,1,1,-1,1,-1,1,1,1,1,-1,1,-1,1,1,1,1,-1,1,-1,1,-1,-1,-1,-1,1,-1,-1,1,1,-1,-1,-1,-1,1,1,-1,1,-1,1,-1,-1,1,-2672.0,1,2000,445,0,False
384,1,1,-1,-1,1,-1,-1,-1,1,1,1,-1,1,1,1,1,-1,1,1,-1,-1,-1,1,1,1,1,-1,-1,1,1,1,1,-1,-1,-1,-1,1,-1,1,1,-1,-1,-1,1,1,1,1,-1,1,1,1,1,-1,1,-1,-1,1,-1,1,1,1,-1,-1,-1,1,1,1,1,-1,-1,-1,1,1,1,1,-1,-1,-1,1,1,1,-1,-1,-1,1,1,1,1,-1,-1,-1,1,1,1,1,-1,-1,1,1,-1,1,1,-1,-1,1,1,1,1,1,-1,-1,1,1,-1,1,1,-1,-1,1,1,1,1,1,1,-1,-1,1,1,-1,1,1,-1,1,1,1,1,1,1,-1,-1,1,1,1,1,1,-1,1,1,1,1,1,1,-1,-1,-1,1,1,1,1,-1,1,1,1,1,-1,1,-1,1,-1,1,1,1,-1,-1,1,1,1,1,1,-1,1,-1,-1,1,-1,1,-1,1,1,1,1,1,1,1,1,1,-1,1,-1,1,-1,1,1,-1,1,-1,1,1,-1,1,-1,1,-1,1,-1,1,1,-1,-1,-1,1,1,1,1,-1,-1,1,1,-1,-1,1,-1,1,-1,-1,1,-1,1,-1,1,-1,1,-1,1,1,-1,-1,-1,1,1,-1,1,-1,1,1,1,-1,1,1,-1,-1,-1,1,-1,1,-1,1,-1,1,1,-1,1,-1,-1,-1,1,1,-1,1,-1,-1,-1,1,1,-1,-1,1,1,-1,-1,1,1,-1,1,1,-1,1,1,1,1,-1,1,-1,1,1,-1,1,-1,1,1,-1,1,1,1,1,1,-1,-1,1,-1,-1,-1,1,1,-1,1,1,1,-1,1,-1,-1,1,1,1,1,1,-1,1,1,1,-1,1,1,-1,1,1,1,-1,1,1,-1,1,-1,1,1,-1,1,-1,1,1,1,-1,1,1,-1,1,1,1,-1,1,-1,-1,1,1,1,-1,1,-1,-1,1,1,1,-1,1,-1,-1,-1,-1,1,-1,1,1,-1,1,1,1,1,-1,1,-1,-1,-1,1,-1,1,-1,-1,1,-1,-1,-1,1,1,-1,1,-1,1,-1,1,-1,1,-1,1,1,1,1,-1,1,-1,1,1,-1,1,-1,-1,-1,-1,1,1,-1,1,-1,-1,1,-1,1,-1,-1,-1,1,-1,-1,1,-1,1,-1,1,-1,1,1,-1,-1,-1,1,1,-1,1,-1,1,-1,-1,1,-1,1,-1,-1,-1,-1,1,-1,-1,1,1,-1,-1,1,-1,1,1,-1,1,-1,1,-1,1,-1,1,-1,-1,1,-1,-1,-1,-1,-1,1,1,-1,1,-1,1,-1,1,-1,1,1,1,1,-1,1,-1,-1,1,-1,-1,-1,1,-1,1,-1,1,1,-1,1,-1,-1,1,-1,-1,1,-1,1,-1,1,-1,1,-1,1,1,-1,-1,-1,1,-1,1,-1,-1,1,-1,1,1,1,1,-1,-1,1,1,-1,1,1,-1,-1,1,1,1,-1,1,1,-1,1,1,1,1,-1,-1,1,-1,-1,-1,1,-1,-1,1,1,1,-1,1,-1,1,-1,-1,-1,1,1,-1,1,1,-1,-1,-1,1,-1,1,1,-1,1,-1,1,-1,-1,-1,-1,-1,-1,1,-1,-1,-1,-1,-1,-1,1,-1,1,1,1,1,-1,1,-1,1,1,-1,-1,-1,1,-1,-1,1,-1,1,-1,-1,1,1,1,1,-1,-1,1,1,1,1,-1,1,-1,-1,1,1,1,-1,-1,-1,1,1,1,1,-1,1,-1,1,-1,1,-1,1,1,-1,-1,1,1,1,-1,-1,-1,1,1,1,1,1,-1,-1,-1,1,1,1,1,-1,-1,-1,1,-1,1,-1,-1,-1,-1,1,1,1,1,-1,-1,1,1,-1,1,1,-1,-1,-1,1,1,-1,1,-1,-1,-1,1,1,1,1,-1,-1,1,1,1,-1,-1,-1,1,1,-1,1,1,-1,-1,-1,1,1,-1,1,1,-1,1,1,1,-1,1,-1,-1,-1,1,-1,1,-1,-1,-1,-1,1,1,-1,1,-1,-1,-1,1,-1,-1,1,-1,1,-1,1,1,-1,1,-1,1,-1,1,-1,-1,-1,-1,-1,-1,1,1,1,-1,-1,-1,-1,1,-1,1,-1,-1,-1,-1,-1,-1,-1,1,-1,-1,-1,1,-1,-1,1,-1,-1,-1,-1,-1,1,1,-1,-1,-1,-1,-1,1,-1,-1,-1,1,-1,-1,1,-1,1,-1,-1,-1,-1,-1,-1,-1,1,-1,-1,-1,1,1,-1,-1,-1,1,-1,1,-1,-1,-1,1,-1,-1,1,-1,1,-1,-1,-1,-1,1,-1,1,1,-1,1,-1,-1,1,1,-1,-1,-1,-1,-1,-1,1,1,-1,-1,1,-1,1,1,-1,-1,-1,1,-1,1,1,-1,-1,1,-1,-1,1,1,1,-1,1,-1,1,1,1,-1,-1,1,-1,-1,1,1,1,-1,1,-1,-1,1,1,-1,1,1,-1,-1,1,1,-1,1,1,-1,-1,1,1,-1,1,1,-1,-1,1,1,1,1,1,1,-1,1,1,-1,1,1,-1,-1,1,-1,1,1,1,1,-1,-1,1,-1,1,1,1,-1,1,1,1,1,-1,1,-1,1,1,1,1,1,1,1,-1,1,1,1,1,-1,1,-1,1,1,1,1,1,-1,1,1,1,1,-1,1,1,-1,1,1,-1,1,1,-1,-1,1,1,1,1,-1,1,-1,1,1,1,-1,-1,1,-1,1,1,1,-1,1,-1,-1,-1,1,1,-1,-1,1,-1,-1,1,1,1,-1,1,-1,1,1,1,1,-1,1,-1,-1,1,1,-1,-1,-1,1,1,-1,1,-1,1,1,-1,1,1,-1,-1,1,1,-1,-1,1,1,-1,1,1,1,1,1,-1,-1,-1,-1,-1,-1,-1,-1,-1,-1,1,1,1,1,-1,1,1,-1,1,1,1,1,-1,1,-1,1,1,1,1,-1,1,-1,1,1,1,1,-1,1,-1,1,1,1,1,-1,1,-1,1,1,1,-1,-1,1,-1,1,1,1,-1,-1,-1,1,-1,1,-1,1,-1,1,-1,1,1,-2672.0,1,2000,445,0,False
385,-1,-1,1,1,1,1,-1,1,-1,-1,-1,1,-1,1,-1,-1,1,-1,1,1,1,-1,-1,-1,-1,1,-1,-1,-1,-1,-1,-1,1,1,-1,-1,1,-1,-1,-1,1,-1,-1,-1,-1,-1,-1,-1,1,1,-1,-1,1,-1,1,-1,-1,1,-1,-1,-1,1,1,1,-1,-1,-1,-1,-1,-1,-1,1,-1,-1,-1,-1,-1,-1,1,-1,-1,1,1,-1,1,-1,-1,-1,-1,1,-1,-1,-1,-1,-1,-1,-1,1,1,1,-1,-1,-1,-1,1,1,-1,-1,-1,-1,-1,1,1,1,-1,-1,-1,-1,1,1,-1,-1,-1,-1,-1,1,1,-1,1,-1,-1,-1,1,1,-1,1,-1,-1,-1,-1,1,-1,1,-1,-1,-1,1,1,1,-1,-1,-1,-1,-1,-1,1,-1,1,-1,-1,1,1,1,1,-1,-1,-1,1,-1,1,-1,-1,-1,-1,1,1,-1,1,-1,-1,1,-1,-1,1,-1,-1,-1,1,1,1,1,1,-1,-1,1,1,-1,1,1,-1,-1,1,1,-1,1,1,-1,-1,-1,1,-1,1,1,-1,1,1,1,-1,1,1,-1,1,1,1,-1,-1,1,1,-1,-1,1,-1,1,1,-1,1,-1,1,-1,1,1,-1,1,1,1,-1,-1,1,-1,-1,1,1,-1,1,-1,1,1,1,1,-1,1,1,-1,1,1,-1,1,-1,-1,-1,1,1,-1,-1,1,-1,-1,1,1,-1,-1,-1,1,-1,1,-1,1,1,-1,1,-1,1,1,1,1,-1,-1,-1,-1,1,-1,1,-1,-1,-1,1,-1,-1,1,1,-1,-1,-1,1,1,1,-1,-1,-1,1,1,-1,1,1,-1,-1,1,1,-1,1,-1,-1,-1,1,1,1,1,-1,-1,-1,1,-1,1,1,-1,-1,1,-1,-1,1,1,-1,1,1,1,1,-1,1,-1,1,1,1,-1,1,1,-1,-1,1,1,-1,1,-1,-1,-1,1,1,-1,1,-1,-1,1,-1,1,-1,1,-1,-1,1,1,1,-1,1,1,-1,1,-1,1,1,-1,1,-1,-1,1,1,-1,1,-1,-1,1,1,1,1,1,1,-1,1,-1,1,-1,1,-1,1,1,-1,1,-1,1,-1,1,1,-1,1,1,1,-1,-1,1,-1,1,-1,-1,1,-1,1,1,-1,-1,1,-1,-1,1,1,-1,1,-1,1,-1,-1,1,-1,-1,1,-1,-1,-1,1,-1,1,-1,1,-1,1,1,-1,-1,-1,-1,-1,-1,1,-1,-1,1,1,-1,-1,1,-1,1,-1,-1,1,-1,1,-1,-1,1,1,-1,-1,-1,1,-1,-1,-1,1,-1,1,-1,-1,1,1,-1,-1,-1,1,-1,1,1,-1,-1,-1,-1,-1,-1,-1,1,-1,-1,1,-1,1,1,1,1,-1,-1,1,-1,-1,1,-1,-1,-1,1,-1,1,-1,1,-1,-1,-1,-1,1,-1,1,-1,-1,1,-1,1,1,1,-1,-1,-1,-1,1,-1,1,-1,1,-1,1,1,1,-1,1,1,-1,1,1,1,1,1,1,1,-1,-1,-1,1,-1,-1,1,-1,1,-1,1,-1,1,-1,-1,-1,1,1,-1,1,1,-1,1,-1,1,-1,1,1,-1,1,-1,1,-1,-1,-1,-1,1,-1,1,-1,-1,-1,-1,1,-1,1,-1,1,1,1,-1,-1,1,-1,1,1,-1,1,-1,1,-1,-1,1,-1,1,-1,-1,1,1,1,1,1,-1,1,1,1,1,-1,1,-1,-1,1,1,1,-1,-1,-1,1,1,1,1,-1,-1,-1,1,-1,1,-1,1,1,-1,-1,1,1,-1,-1,1,-1,-1,1,1,-1,1,1,1,-1,1,1,1,1,-1,1,-1,1,-1,1,-1,1,1,-1,1,1,1,1,1,1,-1,1,-1,1,-1,1,1,-1,1,1,-1,1,1,1,-1,1,1,1,1,1,1,-1,1,1,-1,-1,1,-1,-1,1,1,1,-1,1,-1,-1,1,-1,-1,1,1,-1,-1,1,-1,1,-1,1,1,-1,1,-1,1,-1,1,-1,-1,1,-1,1,-1,1,1,-1,1,-1,1,-1,1,1,-1,1,-1,1,-1,1,1,-1,1,1,1,1,1,-1,1,1,-1,1,1,1,1,-1,1,-1,1,-1,1,1,-1,1,1,-1,1,1,1,-1,1,1,-1,1,1,1,1,1,-1,-1,1,1,1,1,1,-1,1,-1,1,1,1,1,-1,-1,1,1,1,1,1,1,-1,1,1,1,1,1,-1,1,1,1,1,1,1,1,-1,1,1,1,1,1,-1,1,1,1,1,1,1,-1,1,1,1,1,1,1,1,-1,1,1,1,1,1,-1,-1,1,-1,1,1,1,-1,1,1,1,1,1,-1,-1,1,1,1,1,1,1,-1,1,1,-1,1,1,-1,1,1,1,1,1,1,-1,-1,1,1,1,1,-1,1,-1,1,1,1,1,-1,-1,-1,1,1,1,1,-1,1,-1,1,1,1,1,1,-1,-1,1,1,-1,1,1,-1,-1,1,1,-1,1,-1,-1,-1,1,-1,1,1,1,-1,-1,-1,1,-1,1,1,-1,-1,1,1,-1,1,1,-1,1,1,1,-1,1,1,-1,1,-1,1,1,1,1,-1,1,-1,1,1,1,-1,1,-1,1,1,1,1,-1,1,-1,1,1,1,-1,1,1,1,1,-1,-1,1,1,-1,1,1,1,-1,1,-1,-1,1,-1,1,-1,1,-1,1,-1,1,1,1,1,-1,1,1,1,-1,-1,1,-1,-1,1,1,-1,-1,1,1,-1,1,-1,1,1,1,-1,-1,-1,-1,1,1,1,-1,1,1,1,1,1,-1,-1,1,1,1,1,-1,1,-1,1,-1,1,1,1,-1,-1,-1,-1,-1,-1,-1,-1,-1,-1,1,1,1,1,-1,1,1,-1,-1,1,1,1,-1,1,-1,1,1,1,1,-1,1,-1,1,1,1,1,-1,1,-1,1,1,1,1,-1,1,-1,1,-1,-1,-1,-1,1,-1,-1,1,1,-1,-1,-1,-1,1,1,-1,1,-1,1,-1,-1,1,-2672.0,1,2000,445,1500,True
386,1,1,-1,-1,1,-1,-1,-1,1,1,1,-1,1,1,1,1,-1,1,-1,-1,-1,-1,1,1,1,-1,-1,-1,1,1,1,1,1,-1,-1,-1,1,1,1,1,-1,-1,-1,1,1,1,1,-1,1,1,1,1,-1,1,-1,-1,1,-1,1,1,-1,-1,-1,-1,1,1,1,1,-1,-1,-1,1,1,1,1,-1,-1,-1,1,1,1,-1,-1,-1,1,1,1,1,-1,-1,-1,1,1,1,1,-1,-1,1,1,-1,1,1,-1,-1,1,1,1,1,1,-1,-1,1,1,-1,1,1,-1,-1,1,1,1,1,1,1,-1,-1,1,1,-1,1,1,-1,1,1,1,1,1,1,-1,-1,1,1,1,1,1,-1,1,1,1,1,1,1,-1,-1,-1,1,1,1,1,-1,1,1,1,1,-1,1,-1,1,1,1,1,1,-1,-1,1,1,1,1,1,-1,1,-1,-1,1,1,1,-1,1,1,1,1,-1,1,1,1,1,-1,1,-1,1,-1,1,1,-1,1,-1,1,1,-1,1,-1,1,-1,1,-1,1,1,-1,1,-1,1,1,1,1,-1,-1,1,1,-1,-1,1,-1,1,-1,-1,1,-1,1,-1,1,-1,1,-1,1,1,-1,-1,-1,1,1,-1,1,-1,1,1,1,-1,1,1,-1,1,-1,1,-1,1,-1,1,-1,1,1,-1,1,-1,-1,-1,1,1,-1,1,-1,-1,-1,1,1,-1,-1,1,1,-1,-1,1,1,-1,1,1,-1,1,1,1,1,-1,1,-1,1,1,-1,1,-1,1,1,-1,1,1,1,1,1,-1,-1,1,-1,-1,-1,1,1,-1,1,1,1,-1,1,-1,-1,1,1,1,1,1,-1,1,1,1,-1,1,1,-1,1,1,1,-1,1,1,-1,-1,1,1,1,-1,1,-1,1,1,1,-1,1,1,-1,1,1,1,-1,1,-1,-1,1,1,1,-1,1,-1,-1,-1,1,1,-1,1,-1,-1,1,-1,1,-1,1,1,-1,-1,1,1,1,-1,1,-1,-1,1,1,-1,1,-1,1,-1,-1,-1,-1,1,1,-1,-1,1,1,-1,1,1,-1,-1,1,1,1,1,1,-1,1,1,1,-1,1,-1,-1,-1,-1,1,1,1,1,-1,-1,1,1,1,1,-1,-1,-1,-1,-1,1,-1,-1,-1,1,-1,1,1,1,1,-1,1,1,-1,1,-1,1,-1,-1,1,-1,1,1,1,1,-1,1,-1,-1,1,1,-1,-1,1,-1,1,1,1,-1,-1,1,-1,-1,1,1,-1,1,1,-1,1,1,-1,-1,1,1,-1,1,-1,-1,-1,1,-1,-1,1,-1,-1,-1,1,-1,-1,1,-1,-1,-1,1,-1,-1,1,1,-1,-1,1,-1,-1,1,-1,-1,-1,1,1,-1,1,-1,-1,-1,1,1,-1,-1,-1,1,-1,1,-1,-1,1,-1,-1,1,-1,1,-1,-1,1,-1,1,-1,1,-1,-1,1,-1,-1,1,1,1,-1,1,-1,1,-1,-1,-1,1,-1,-1,-1,1,-1,-1,-1,1,1,-1,1,-1,1,-1,1,-1,1,1,-1,1,1,1,-1,1,1,-1,1,-1,1,1,-1,1,-1,-1,1,1,-1,-1,1,-1,-1,-1,1,-1,-1,1,-1,1,1,1,1,-1,1,-1,-1,1,1,-1,-1,1,-1,-1,-1,1,1,-1,-1,1,1,-1,-1,-1,-1,-1,1,1,1,1,1,-1,1,1,1,-1,1,-1,-1,1,1,1,1,-1,1,-1,1,-1,1,1,1,1,-1,-1,1,1,1,-1,-1,-1,-1,1,1,1,1,-1,-1,-1,1,1,1,-1,-1,-1,-1,1,1,1,1,-1,-1,1,1,1,1,1,-1,-1,-1,1,1,1,1,-1,-1,-1,1,1,-1,1,-1,-1,-1,1,1,1,1,-1,-1,1,1,1,1,1,-1,1,1,-1,1,1,-1,-1,-1,1,1,1,-1,1,-1,1,1,1,1,1,1,-1,-1,1,-1,1,-1,1,-1,-1,1,-1,1,-1,-1,-1,-1,1,-1,1,1,-1,-1,-1,1,1,1,-1,1,-1,1,-1,-1,1,-1,-1,-1,-1,1,1,-1,-1,-1,-1,-1,1,-1,1,-1,-1,-1,-1,-1,-1,-1,1,-1,-1,-1,1,-1,-1,1,-1,-1,-1,-1,-1,1,1,-1,-1,-1,-1,-1,1,-1,-1,-1,1,-1,-1,1,-1,1,-1,-1,-1,-1,-1,-1,-1,1,-1,-1,-1,1,1,1,-1,-1,1,1,-1,-1,-1,-1,1,-1,-1,1,1,1,-1,-1,-1,-1,1,-1,1,1,-1,1,-1,-1,1,1,-1,-1,-1,-1,-1,-1,1,1,-1,-1,1,-1,1,1,-1,-1,-1,1,-1,1,1,-1,-1,1,-1,-1,1,1,1,-1,1,-1,1,1,1,-1,-1,1,-1,-1,1,1,1,-1,1,-1,-1,1,1,-1,1,1,-1,-1,1,1,1,1,1,-1,-1,1,1,1,1,1,-1,-1,1,1,1,1,1,1,-1,-1,1,1,1,1,-1,-1,1,-1,1,1,1,1,-1,-1,1,-1,1,1,1,-1,1,1,1,1,-1,1,-1,1,1,1,1,1,1,1,-1,1,1,1,1,-1,1,-1,1,1,1,1,1,-1,1,1,1,1,-1,1,1,-1,1,1,-1,1,1,-1,-1,1,1,1,1,-1,1,-1,1,1,1,-1,-1,1,-1,1,1,1,-1,1,-1,-1,-1,1,1,-1,-1,1,-1,-1,1,1,1,-1,1,-1,-1,1,1,1,-1,1,-1,-1,1,1,-1,-1,-1,1,-1,-1,1,-1,1,1,-1,1,1,-1,-1,1,-1,-1,-1,1,1,-1,1,1,-1,1,1,-1,-1,-1,-1,1,-1,-1,-1,-1,1,-1,-1,1,1,-1,1,1,-1,1,1,1,1,-1,1,-1,1,1,1,1,-1,1,-1,-1,1,1,1,-1,1,-1,1,1,1,1,-1,1,-1,1,1,1,-1,-1,1,-1,-1,1,1,-1,-1,-1,1,-1,1,-1,1,-1,1,-1,-1,1,-2672.0,1,2000,445,0,False
387,1,1,-1,-1,1,-1,-1,-1,1,1,1,-1,1,1,1,1,-1,1,-1,-1,-1,-1,1,1,1,1,-1,-1,1,1,1,1,-1,-1,-1,-1,1,-1,1,1,-1,-1,-1,1,1,1,1,-1,1,1,1,1,-1,1,-1,-1,1,-1,1,1,1,-1,-1,-1,1,1,1,1,-1,-1,-1,1,1,1,1,-1,-1,-1,1,1,1,-1,-1,-1,1,1,1,1,-1,-1,1,1,1,1,1,-1,-1,-1,1,-1,1,1,-1,-1,1,1,1,1,1,-1,-1,-1,1,-1,1,1,-1,-1,1,1,1,1,1,1,-1,-1,1,1,-1,1,1,-1,1,1,1,1,1,1,-1,1,1,1,1,1,1,-1,1,1,1,1,1,1,-1,-1,-1,1,1,1,1,-1,1,1,1,1,-1,1,-1,1,-1,1,1,1,-1,-1,1,1,1,1,1,-1,1,-1,-1,1,-1,1,-1,1,1,1,1,1,1,1,1,1,1,1,-1,1,-1,1,1,-1,1,-1,1,1,-1,1,-1,1,-1,1,-1,1,1,-1,1,-1,1,1,1,1,-1,-1,1,1,-1,-1,1,-1,1,-1,1,1,1,1,-1,1,-1,1,-1,1,1,-1,-1,-1,1,1,-1,1,-1,1,1,1,-1,1,1,-1,1,-1,1,-1,1,-1,1,-1,1,1,-1,1,-1,-1,-1,1,1,-1,1,-1,-1,-1,1,1,-1,-1,1,1,-1,-1,1,1,-1,1,1,-1,1,1,1,-1,-1,1,-1,1,1,-1,1,-1,1,-1,1,1,1,-1,-1,1,-1,-1,1,-1,1,-1,1,1,-1,1,1,1,-1,1,1,1,1,1,-1,-1,1,-1,1,1,1,1,-1,1,-1,1,1,1,-1,1,1,-1,-1,1,1,-1,1,1,-1,1,1,1,1,1,1,-1,1,1,1,1,1,1,-1,1,1,1,1,1,1,1,-1,1,1,1,1,1,-1,1,-1,1,-1,1,1,1,-1,1,1,1,1,1,1,-1,1,1,1,-1,1,1,-1,-1,-1,-1,1,1,1,-1,1,1,-1,1,1,-1,-1,1,1,1,1,1,-1,1,1,1,-1,1,1,1,-1,-1,1,1,1,-1,1,-1,1,-1,1,1,1,1,-1,-1,-1,1,-1,-1,1,-1,1,-1,-1,1,1,1,1,1,-1,1,-1,-1,1,-1,1,-1,1,1,-1,1,1,1,-1,-1,1,-1,1,1,-1,-1,1,1,1,-1,1,1,-1,-1,1,-1,1,1,-1,-1,1,1,1,1,-1,1,-1,1,-1,1,1,-1,-1,1,1,-1,1,1,-1,-1,-1,1,-1,1,1,1,-1,-1,1,-1,-1,1,-1,-1,-1,1,-1,1,1,-1,1,-1,1,1,-1,1,-1,-1,-1,1,-1,1,1,-1,-1,-1,1,-1,-1,1,-1,-1,-1,-1,1,-1,1,-1,-1,-1,1,1,-1,-1,1,1,1,-1,1,-1,1,-1,1,-1,1,-1,-1,-1,1,-1,-1,1,1,1,-1,1,-1,1,1,1,-1,1,1,-1,-1,-1,1,-1,-1,1,-1,-1,1,1,1,-1,1,-1,-1,1,1,-1,-1,1,-1,-1,1,1,-1,-1,1,-1,-1,-1,1,1,-1,1,1,-1,-1,1,-1,-1,1,-1,1,-1,1,1,-1,-1,1,-1,-1,-1,-1,-1,1,1,1,-1,-1,1,-1,-1,1,-1,-1,1,-1,-1,1,1,-1,-1,1,1,-1,1,1,-1,1,-1,1,-1,-1,1,1,-1,-1,-1,-1,-1,1,-1,-1,1,-1,-1,-1,1,1,-1,-1,-1,-1,-1,1,-1,-1,-1,-1,-1,1,1,1,-1,-1,-1,-1,-1,1,1,-1,-1,-1,-1,-1,1,1,1,-1,-1,-1,-1,1,1,-1,-1,-1,-1,1,1,1,1,1,-1,1,1,1,1,1,1,-1,-1,1,1,1,1,-1,-1,1,1,1,1,-1,1,-1,-1,1,-1,1,-1,1,-1,-1,1,-1,1,1,1,-1,-1,1,-1,1,-1,1,1,-1,1,-1,1,1,1,1,-1,1,-1,1,1,1,-1,-1,1,1,-1,1,1,-1,-1,1,-1,1,-1,1,-1,-1,-1,-1,-1,1,1,-1,-1,1,-1,-1,1,1,-1,-1,-1,-1,-1,-1,1,-1,-1,-1,-1,1,-1,-1,-1,1,-1,-1,1,-1,1,-1,-1,-1,-1,-1,-1,1,1,-1,-1,-1,1,1,1,-1,-1,-1,1,-1,-1,1,-1,1,-1,-1,1,1,1,-1,-1,-1,-1,1,-1,1,1,-1,1,-1,-1,1,1,-1,-1,-1,-1,-1,-1,1,1,-1,-1,1,-1,1,1,-1,-1,-1,1,-1,1,1,-1,-1,1,-1,-1,1,1,1,-1,1,-1,1,1,1,-1,-1,1,-1,-1,1,1,1,-1,1,-1,-1,1,1,-1,1,1,-1,-1,1,1,-1,1,1,-1,-1,1,1,-1,1,1,-1,-1,1,1,1,1,-1,1,-1,1,1,1,1,1,-1,-1,1,-1,1,1,1,1,-1,-1,1,-1,1,-1,1,-1,1,-1,1,1,-1,1,-1,1,1,1,1,1,1,-1,-1,-1,1,1,1,-1,1,-1,1,1,1,1,-1,1,1,-1,1,1,-1,-1,1,-1,-1,1,-1,1,-1,-1,-1,1,1,1,-1,1,-1,-1,-1,1,1,-1,-1,-1,-1,1,1,1,-1,-1,-1,-1,-1,1,1,-1,1,-1,-1,-1,1,1,-1,1,-1,1,-1,1,1,1,1,1,-1,-1,1,1,-1,-1,1,1,-1,-1,1,-1,1,-1,-1,1,1,-1,-1,1,-1,-1,-1,1,1,-1,1,1,-1,1,1,-1,-1,-1,-1,1,-1,-1,-1,-1,1,-1,-1,1,1,-1,1,1,-1,1,1,1,1,-1,1,-1,1,1,1,-1,-1,1,-1,-1,1,1,-1,-1,1,-1,1,1,1,-1,-1,1,-1,1,1,1,1,-1,1,-1,-1,1,1,1,-1,-1,1,-1,1,1,1,-1,1,-1,-1,1,-2672.0,1,2000,445,500,False
388,1,1,-1,-1,1,1,-1,-1,1,1,1,-1,-1,1,1,1,-1,1,-1,-1,-1,-1,1,1,1,-1,-1,-1,1,1,1,1,-1,-1,-1,-1,1,1,1,1,-1,-1,-1,1,1,1,1,-1,1,1,1,1,-1,1,-1,-1,1,-1,1,1,1,-1,-1,-1,1,1,1,1,-1,-1,-1,1,1,1,1,-1,-1,-1,1,1,1,-1,-1,-1,1,1,1,1,-1,-1,-1,1,1,1,1,-1,-1,1,1,-1,1,1,-1,-1,1,1,1,1,1,-1,-1,1,1,1,1,1,-1,-1,1,1,1,1,1,1,-1,1,1,1,-1,1,1,-1,1,1,1,1,1,1,-1,-1,1,1,1,1,1,-1,1,1,1,1,1,1,-1,-1,-1,1,1,1,1,-1,1,1,1,1,-1,1,-1,1,-1,1,1,1,-1,-1,1,1,1,1,1,-1,1,-1,-1,1,-1,1,-1,1,1,1,1,1,1,1,1,1,1,1,-1,1,-1,1,1,-1,1,-1,1,1,-1,1,-1,1,-1,1,-1,1,1,-1,1,-1,1,1,1,1,-1,-1,1,1,-1,-1,1,-1,1,-1,-1,1,-1,1,-1,1,-1,1,-1,1,1,-1,-1,-1,1,1,-1,1,-1,1,1,1,-1,1,1,-1,1,-1,1,-1,1,-1,1,-1,1,1,-1,1,-1,-1,-1,1,1,-1,1,-1,-1,-1,1,1,-1,-1,1,1,-1,-1,1,1,-1,1,1,-1,1,1,1,1,-1,1,-1,1,1,-1,1,-1,1,-1,1,1,1,1,1,1,-1,-1,1,-1,-1,-1,1,1,-1,1,1,1,-1,1,1,1,1,1,1,1,1,-1,1,1,1,-1,1,1,-1,1,1,1,-1,1,1,-1,-1,1,1,1,-1,1,-1,1,1,1,-1,1,1,-1,1,1,1,-1,1,1,-1,1,1,1,-1,1,1,-1,-1,1,1,-1,1,1,-1,1,-1,1,-1,1,1,1,-1,1,1,1,-1,1,1,-1,1,1,-1,1,1,1,-1,-1,-1,-1,1,1,1,-1,1,1,-1,1,1,-1,-1,1,1,1,1,1,-1,1,1,1,-1,1,1,1,-1,-1,1,1,-1,-1,1,-1,1,-1,1,-1,1,1,-1,-1,-1,1,-1,-1,1,1,-1,1,1,-1,1,1,1,1,-1,1,-1,-1,1,-1,1,-1,1,-1,-1,1,1,1,-1,-1,1,-1,1,1,1,-1,1,1,1,-1,1,1,-1,1,-1,-1,1,1,1,-1,1,-1,1,1,1,1,-1,1,-1,-1,1,1,-1,1,1,1,-1,1,1,-1,-1,1,-1,1,1,1,-1,1,-1,-1,-1,1,1,-1,-1,1,-1,1,1,1,1,-1,1,-1,-1,-1,1,1,-1,1,-1,1,-1,1,-1,-1,1,-1,-1,1,-1,1,-1,-1,1,-1,1,-1,1,-1,-1,1,-1,-1,1,1,1,-1,1,-1,1,-1,-1,-1,1,-1,-1,-1,1,-1,-1,1,1,1,-1,1,-1,1,1,1,-1,1,1,-1,-1,-1,1,-1,-1,1,-1,-1,1,1,1,-1,1,-1,-1,1,1,-1,-1,1,-1,-1,1,1,-1,-1,1,-1,-1,-1,1,1,-1,1,1,-1,-1,1,-1,-1,1,-1,1,-1,1,1,-1,-1,1,-1,-1,-1,-1,-1,1,1,1,-1,1,1,-1,-1,1,-1,-1,-1,-1,-1,1,1,-1,-1,-1,-1,-1,1,1,-1,1,1,-1,-1,-1,1,1,-1,-1,-1,-1,-1,1,-1,-1,1,-1,-1,-1,1,1,-1,-1,-1,-1,-1,1,-1,-1,1,-1,-1,1,1,1,-1,1,-1,-1,-1,1,1,-1,-1,-1,-1,-1,1,1,1,-1,-1,-1,-1,1,1,-1,-1,-1,-1,1,1,1,1,-1,-1,1,1,1,1,1,-1,-1,-1,1,1,1,1,1,-1,1,1,1,1,-1,1,-1,-1,1,-1,1,-1,1,-1,-1,1,-1,1,-1,-1,-1,-1,1,-1,1,-1,1,-1,-1,1,-1,1,-1,1,-1,-1,1,-1,1,-1,-1,-1,-1,1,1,-1,-1,-1,-1,-1,1,-1,1,-1,-1,-1,-1,-1,-1,-1,1,-1,-1,-1,1,-1,-1,1,-1,-1,-1,-1,-1,1,1,-1,-1,-1,-1,-1,1,-1,-1,-1,1,-1,-1,1,-1,1,-1,-1,-1,-1,-1,-1,-1,1,-1,-1,-1,1,1,1,-1,-1,1,-1,-1,-1,-1,-1,1,-1,-1,1,-1,1,-1,-1,-1,-1,1,-1,1,1,-1,1,-1,-1,1,1,-1,-1,-1,-1,-1,-1,1,1,-1,-1,1,-1,1,1,-1,-1,-1,1,-1,-1,1,-1,-1,1,-1,-1,1,1,1,-1,1,-1,1,1,1,-1,-1,1,-1,-1,1,1,1,-1,1,-1,-1,1,1,-1,1,1,-1,-1,1,1,-1,1,1,-1,-1,1,1,-1,1,1,-1,-1,1,1,1,1,1,1,-1,1,1,1,1,1,-1,-1,1,-1,1,1,1,1,-1,-1,1,-1,1,1,1,-1,1,1,1,1,-1,1,-1,1,1,1,1,1,1,1,-1,-1,1,1,1,-1,1,-1,1,1,1,1,1,-1,1,1,1,1,-1,1,1,-1,1,1,-1,1,1,-1,-1,1,1,1,1,-1,1,-1,1,1,1,-1,-1,1,-1,1,1,1,-1,1,-1,-1,-1,1,1,-1,-1,1,-1,-1,1,1,-1,-1,1,-1,1,1,1,1,1,-1,-1,-1,1,1,-1,-1,-1,1,1,1,1,-1,1,1,-1,1,1,-1,-1,1,1,-1,-1,1,1,-1,1,1,1,1,1,-1,-1,-1,-1,-1,-1,-1,-1,-1,-1,1,1,1,1,-1,1,1,-1,1,1,1,1,-1,1,-1,1,1,1,1,-1,1,-1,1,1,1,1,-1,1,-1,1,1,1,1,-1,1,-1,1,1,1,-1,-1,1,-1,1,1,1,-1,-1,-1,1,-1,1,-1,1,-1,1,-1,1,1,-2672.0,1,2000,445,1000,False
389,1,1,-1,-1,1,1,-1,-1,1,1,1,-1,-1,1,1,1,-1,1,-1,-1,-1,-1,1,1,1,-1,-1,-1,1,1,1,1,1,-1,-1,-1,1,1,1,-1,-1,-1,-1,1,1,1,1,-1,1,1,1,1,-1,1,-1,-1,1,-1,1,1,1,-1,-1,-1,1,1,1,1,-1,-1,-1,1,1,1,1,-1,-1,-1,1,1,1,-1,-1,-1,1,1,1,1,-1,-1,1,1,1,1,1,-1,-1,-1,1,-1,1,1,-1,-1,1,1,1,1,1,-1,-1,-1,1,-1,1,1,-1,-1,1,1,1,1,1,1,-1,-1,1,1,-1,1,1,-1,1,1,1,1,1,1,-1,1,1,1,1,1,1,-1,1,1,1,1,1,1,-1,-1,-1,1,1,1,1,-1,1,1,1,1,-1,1,-1,1,-1,1,1,1,-1,-1,1,1,1,1,1,-1,1,-1,-1,1,-1,1,-1,1,1,1,1,1,1,1,1,1,-1,1,-1,1,-1,1,1,-1,1,-1,1,1,-1,1,-1,1,-1,1,-1,1,1,-1,1,-1,1,1,1,1,-1,-1,1,1,-1,-1,1,-1,1,-1,1,1,-1,1,-1,1,-1,1,-1,-1,1,-1,-1,-1,1,1,-1,1,-1,1,1,1,-1,1,1,-1,-1,-1,1,-1,1,-1,1,-1,1,1,-1,1,-1,-1,-1,1,1,-1,1,-1,-1,-1,1,1,-1,-1,1,1,-1,-1,1,1,-1,1,1,-1,1,1,1,1,-1,1,-1,1,1,-1,1,-1,1,1,1,1,1,1,1,1,-1,-1,1,-1,-1,-1,1,1,-1,1,1,1,-1,1,1,1,1,1,1,1,1,-1,1,1,1,-1,1,1,-1,1,1,1,-1,1,1,-1,-1,1,1,1,-1,1,-1,1,1,1,-1,1,1,-1,1,1,1,-1,1,1,-1,1,1,1,-1,1,1,-1,-1,1,1,-1,1,1,-1,1,-1,1,-1,1,1,1,-1,1,1,1,-1,1,1,-1,1,1,-1,1,1,1,-1,-1,-1,-1,1,1,1,-1,1,1,-1,1,1,-1,-1,1,1,1,1,1,-1,1,1,1,-1,1,1,1,1,-1,1,1,-1,-1,1,-1,1,1,1,-1,1,1,-1,-1,-1,1,-1,-1,1,-1,1,-1,1,-1,1,1,1,1,-1,1,-1,-1,1,-1,1,-1,1,1,-1,1,1,1,-1,-1,1,-1,1,1,-1,-1,1,1,1,-1,1,1,-1,-1,1,-1,1,1,-1,-1,1,1,1,1,-1,1,-1,1,-1,-1,1,-1,-1,1,1,-1,1,1,-1,-1,-1,1,-1,1,1,1,-1,-1,1,-1,-1,1,-1,-1,-1,1,-1,1,1,-1,1,-1,1,-1,-1,1,-1,-1,-1,1,-1,1,1,-1,-1,-1,1,-1,-1,1,-1,-1,-1,-1,1,-1,1,-1,-1,-1,1,1,-1,-1,1,1,1,-1,1,-1,1,-1,1,-1,1,-1,-1,-1,1,-1,-1,1,1,1,-1,1,-1,1,1,1,-1,1,1,-1,1,-1,1,-1,-1,1,-1,-1,1,1,1,-1,1,-1,-1,1,1,-1,-1,1,-1,-1,1,1,-1,-1,1,-1,-1,-1,1,1,-1,1,-1,-1,-1,1,-1,-1,1,-1,1,-1,1,1,-1,-1,1,-1,-1,-1,-1,-1,1,1,1,-1,-1,1,-1,-1,1,-1,-1,1,-1,-1,1,1,-1,-1,1,1,-1,1,1,-1,1,-1,1,-1,-1,1,1,-1,-1,-1,-1,1,1,-1,-1,1,-1,-1,-1,1,1,-1,-1,-1,-1,-1,1,-1,-1,-1,-1,-1,1,1,1,-1,-1,-1,-1,-1,1,1,-1,-1,-1,-1,-1,1,1,1,-1,-1,-1,-1,1,1,-1,-1,-1,-1,1,1,1,1,1,-1,1,1,1,1,1,1,-1,-1,1,1,1,1,1,-1,1,1,1,1,-1,1,-1,-1,1,-1,1,-1,1,-1,-1,1,-1,1,1,1,-1,-1,1,-1,1,-1,1,-1,-1,1,-1,1,1,1,-1,-1,1,-1,1,1,1,-1,-1,1,1,-1,1,1,-1,-1,1,-1,1,-1,1,-1,-1,-1,-1,-1,1,1,-1,-1,1,-1,-1,1,1,-1,-1,-1,-1,1,-1,1,-1,-1,-1,-1,1,-1,-1,-1,1,-1,-1,1,-1,1,-1,-1,-1,-1,-1,-1,1,1,-1,-1,-1,1,1,1,-1,-1,-1,1,-1,-1,1,-1,1,-1,-1,1,1,1,-1,-1,-1,-1,1,-1,1,1,-1,1,-1,-1,1,1,-1,-1,-1,-1,-1,-1,1,1,-1,-1,1,-1,1,1,-1,-1,-1,1,-1,1,1,-1,-1,1,-1,-1,1,1,1,-1,1,-1,1,1,1,-1,-1,1,-1,-1,1,1,1,-1,1,-1,-1,1,1,-1,1,1,-1,-1,1,1,1,1,1,-1,-1,1,1,-1,1,1,-1,-1,1,1,1,1,-1,1,-1,-1,1,1,-1,1,-1,-1,1,-1,1,1,1,1,-1,-1,1,-1,1,1,1,-1,1,-1,1,1,-1,1,-1,1,1,1,1,1,1,1,-1,-1,1,1,1,-1,1,-1,1,1,1,1,1,-1,1,-1,1,1,-1,1,1,-1,1,1,-1,1,1,-1,-1,1,1,1,1,-1,1,-1,-1,1,1,-1,-1,1,-1,1,1,1,-1,1,-1,-1,-1,1,1,-1,-1,1,-1,-1,1,1,-1,-1,1,-1,-1,1,1,1,-1,-1,-1,-1,1,1,-1,-1,-1,1,-1,1,1,-1,1,1,-1,1,1,-1,-1,1,1,-1,-1,1,1,-1,1,1,-1,1,1,-1,-1,-1,-1,1,-1,-1,-1,-1,-1,1,-1,1,1,-1,1,1,-1,1,1,1,1,-1,1,-1,1,1,1,-1,-1,1,-1,-1,1,1,-1,-1,1,-1,1,1,1,-1,-1,1,-1,1,1,1,1,-1,1,-1,-1,1,1,1,-1,-1,1,-1,1,-1,1,-1,1,-1,1,1,-2672.0,1,2000,445,500,False
390,1,1,-1,-1,1,1,-1,-1,1,1,1,-1,-1,1,-1,1,-1,1,-1,-1,-1,1,1,1,1,-1,-1,-1,1,1,1,1,-1,-1,-1,-1,1,1,1,1,-1,-1,-1,1,1,1,1,-1,1,1,1,1,-1,1,-1,-1,1,-1,1,1,1,-1,-1,1,1,1,1,1,-1,-1,1,1,1,1,1,-1,-1,-1,1,1,1,-1,-1,-1,1,1,1,1,-1,-1,-1,1,1,1,1,-1,-1,1,1,-1,1,1,-1,-1,1,1,1,1,1,-1,-1,1,1,1,1,1,-1,-1,1,1,1,1,1,1,-1,1,1,1,-1,1,1,-1,1,1,1,1,1,1,-1,-1,1,1,1,1,1,-1,1,1,1,1,1,1,-1,-1,-1,1,1,1,1,-1,1,1,1,1,-1,1,-1,1,-1,1,1,1,-1,-1,1,1,1,1,1,-1,1,-1,-1,1,-1,1,-1,1,1,1,1,1,1,1,1,1,-1,1,-1,1,-1,1,1,-1,1,-1,1,1,-1,1,-1,1,-1,1,-1,1,1,-1,1,-1,1,1,1,1,-1,-1,1,1,-1,-1,1,-1,1,-1,1,1,-1,1,-1,1,-1,1,-1,1,1,-1,-1,-1,1,1,-1,1,-1,1,1,1,-1,1,1,-1,-1,-1,1,-1,1,-1,1,-1,1,1,-1,1,-1,-1,-1,1,1,-1,1,-1,-1,-1,1,1,-1,-1,1,1,-1,-1,1,1,-1,1,1,-1,1,1,1,1,-1,1,-1,1,1,-1,1,-1,1,1,-1,1,1,1,1,1,-1,-1,1,-1,-1,-1,1,1,-1,1,1,1,-1,1,-1,-1,1,1,1,-1,1,-1,1,1,1,-1,1,1,-1,1,1,1,-1,1,1,-1,-1,1,1,1,-1,1,-1,1,1,1,-1,1,1,-1,1,1,1,-1,1,-1,-1,1,1,1,-1,1,-1,-1,-1,1,1,-1,1,-1,-1,1,-1,1,-1,1,1,-1,-1,1,1,1,1,1,-1,-1,1,1,-1,1,-1,1,-1,-1,-1,-1,1,1,-1,-1,1,1,-1,1,1,-1,-1,1,1,1,1,1,-1,1,1,1,-1,1,-1,-1,-1,-1,1,1,1,1,-1,-1,1,1,1,1,-1,-1,-1,-1,-1,1,-1,-1,-1,1,-1,1,1,1,1,-1,1,1,-1,1,-1,1,-1,-1,1,-1,1,1,1,1,-1,1,-1,-1,1,1,-1,-1,1,-1,1,1,1,-1,-1,1,-1,-1,1,1,-1,1,1,-1,1,1,-1,-1,1,1,-1,1,-1,-1,-1,1,-1,-1,1,-1,-1,1,1,-1,-1,1,-1,-1,-1,1,-1,-1,1,-1,-1,-1,1,-1,-1,1,-1,-1,-1,1,1,-1,1,1,-1,-1,1,1,-1,-1,1,1,-1,1,-1,-1,1,-1,-1,1,-1,1,-1,-1,1,-1,1,-1,1,-1,-1,1,-1,-1,1,1,1,-1,1,-1,1,-1,1,-1,1,-1,-1,-1,1,-1,-1,-1,1,-1,1,1,-1,1,-1,1,-1,1,1,-1,1,1,1,-1,-1,1,-1,1,-1,1,-1,-1,1,-1,-1,1,1,1,-1,1,-1,-1,-1,1,-1,-1,1,-1,1,1,1,1,-1,1,-1,-1,1,1,-1,-1,1,-1,-1,-1,1,1,-1,-1,1,1,-1,-1,-1,-1,1,1,1,1,1,1,-1,-1,1,1,-1,1,-1,-1,1,1,1,1,-1,-1,-1,1,-1,1,1,1,1,-1,-1,1,1,1,-1,-1,-1,1,1,1,1,1,-1,-1,-1,1,1,1,-1,-1,-1,-1,1,1,1,1,-1,-1,1,1,1,1,1,-1,-1,-1,1,1,1,1,-1,-1,-1,1,1,-1,1,-1,-1,-1,1,1,1,1,-1,-1,1,1,1,1,1,-1,1,1,-1,1,1,-1,-1,-1,1,1,1,-1,1,-1,1,1,1,1,1,1,-1,-1,1,-1,1,-1,1,-1,-1,1,-1,1,1,-1,-1,-1,1,-1,1,1,-1,-1,-1,1,1,1,-1,1,-1,-1,1,-1,1,-1,-1,-1,-1,1,1,-1,-1,-1,-1,-1,1,-1,1,-1,-1,-1,-1,-1,-1,-1,1,-1,-1,-1,1,-1,-1,1,-1,-1,-1,-1,-1,-1,1,-1,-1,-1,-1,-1,1,-1,-1,-1,1,-1,-1,1,-1,1,-1,-1,-1,-1,-1,-1,-1,1,-1,-1,-1,1,1,-1,-1,-1,-1,1,-1,-1,-1,-1,1,-1,-1,1,-1,1,-1,-1,-1,-1,1,-1,1,1,-1,1,-1,-1,1,1,-1,-1,-1,-1,-1,-1,1,1,-1,-1,1,-1,1,1,-1,-1,-1,1,-1,1,1,-1,-1,1,-1,-1,1,1,1,-1,1,-1,1,1,1,-1,-1,1,-1,-1,1,1,1,-1,1,-1,-1,1,1,-1,1,1,-1,-1,1,1,-1,1,1,-1,-1,1,1,-1,1,1,-1,-1,1,1,1,1,1,1,-1,-1,1,1,-1,1,-1,-1,1,-1,1,1,1,1,-1,-1,1,-1,1,1,1,-1,1,1,1,1,-1,1,-1,1,1,1,1,1,1,1,-1,1,1,1,1,-1,1,-1,1,1,1,1,1,-1,1,1,1,1,-1,1,1,-1,1,1,-1,1,1,-1,-1,1,1,1,1,-1,1,-1,1,1,1,-1,-1,1,-1,1,1,1,-1,1,-1,-1,-1,1,1,-1,-1,1,-1,-1,1,1,-1,-1,1,-1,-1,1,1,1,-1,1,-1,-1,1,1,-1,-1,-1,1,-1,1,1,-1,1,1,-1,1,1,-1,-1,1,-1,-1,-1,1,1,-1,1,1,-1,1,1,-1,-1,-1,-1,1,-1,-1,-1,-1,1,-1,-1,1,1,-1,1,1,-1,1,1,1,1,-1,1,-1,1,1,1,1,-1,1,-1,-1,-1,1,1,-1,1,-1,1,1,1,1,-1,1,-1,1,1,1,-1,-1,1,-1,-1,1,1,-1,-1,-1,1,-1,1,1,1,-1,1,-1,-1,1,-2672.0,1,2000,445,1000,False
391,1,1,-1,-1,1,-1,-1,-1,1,1,1,-1,1,1,1,1,-1,1,-1,-1,-1,-1,1,1,1,-1,-1,-1,1,1,1,1,-1,-1,-1,-1,1,-1,1,1,-1,-1,-1,1,1,1,1,-1,1,1,1,1,-1,1,-1,-1,1,-1,1,1,1,-1,-1,-1,1,1,1,1,-1,-1,-1,1,1,1,1,-1,-1,-1,1,1,1,-1,-1,-1,1,1,1,1,-1,-1,1,1,1,1,1,-1,-1,-1,1,-1,1,1,-1,-1,1,1,1,1,1,-1,-1,-1,1,-1,1,1,-1,-1,1,1,1,1,1,1,-1,-1,1,1,-1,1,1,-1,1,1,1,1,1,1,-1,1,1,1,1,1,1,-1,1,1,1,1,1,1,-1,-1,-1,1,1,1,1,-1,1,1,1,1,-1,1,-1,1,-1,1,1,1,-1,-1,1,1,1,1,1,-1,1,-1,-1,1,-1,1,-1,1,1,1,1,1,1,1,1,1,-1,1,-1,1,-1,1,1,-1,1,-1,1,1,-1,1,-1,1,-1,1,-1,1,1,-1,-1,-1,1,1,1,1,-1,-1,1,1,-1,-1,1,-1,1,-1,-1,1,-1,1,-1,1,-1,1,-1,1,1,-1,-1,-1,1,1,-1,1,-1,1,1,1,-1,1,1,-1,-1,-1,1,-1,1,-1,1,-1,1,1,-1,1,-1,-1,-1,1,1,-1,1,-1,-1,-1,1,1,-1,-1,1,1,-1,-1,1,1,-1,1,1,-1,1,1,1,1,-1,1,-1,1,1,-1,1,-1,1,1,1,1,1,1,1,1,-1,-1,1,-1,-1,-1,1,1,-1,1,1,1,-1,1,1,1,1,1,1,1,1,-1,1,1,1,-1,1,1,-1,1,1,1,-1,1,1,-1,-1,1,1,1,-1,1,-1,1,1,1,-1,1,1,-1,1,1,1,-1,1,1,-1,1,1,1,-1,1,1,-1,-1,1,1,-1,1,1,-1,1,-1,1,-1,1,1,1,-1,1,1,1,-1,1,1,-1,1,1,-1,1,1,1,-1,-1,-1,-1,1,1,1,-1,1,1,-1,1,1,-1,-1,1,1,1,1,1,-1,1,1,1,-1,1,1,1,-1,-1,1,1,-1,-1,1,-1,1,-1,1,-1,1,1,-1,-1,-1,1,-1,-1,1,-1,1,-1,1,-1,1,1,1,-1,-1,1,-1,-1,1,-1,1,-1,1,-1,1,1,1,1,-1,-1,1,-1,1,1,-1,-1,1,1,1,-1,1,-1,-1,1,-1,-1,1,1,-1,-1,-1,-1,1,1,-1,1,-1,1,-1,-1,1,-1,-1,1,1,1,1,1,-1,-1,-1,1,-1,1,1,1,-1,1,-1,-1,-1,1,-1,-1,-1,1,-1,1,1,1,-1,-1,1,-1,-1,1,-1,-1,-1,-1,-1,1,1,-1,-1,-1,1,-1,-1,1,-1,-1,-1,-1,1,-1,1,-1,-1,-1,-1,1,-1,-1,1,1,1,-1,1,-1,1,-1,1,1,1,-1,-1,-1,1,-1,-1,1,1,1,-1,1,-1,1,1,1,-1,1,1,-1,-1,-1,1,-1,-1,1,-1,-1,1,1,1,-1,1,-1,-1,1,1,-1,-1,1,-1,-1,1,1,-1,-1,1,-1,-1,-1,1,1,-1,1,-1,-1,-1,1,-1,-1,1,-1,1,-1,1,1,-1,-1,1,-1,-1,-1,-1,-1,1,1,1,-1,-1,1,-1,-1,1,-1,-1,1,-1,-1,1,1,-1,-1,1,1,-1,1,1,-1,1,-1,1,-1,-1,1,1,-1,-1,-1,-1,1,1,-1,-1,1,-1,-1,-1,1,1,-1,-1,-1,-1,-1,1,-1,-1,-1,-1,-1,-1,1,1,-1,-1,-1,-1,1,1,1,-1,-1,-1,-1,-1,1,1,1,-1,-1,-1,-1,1,1,-1,-1,-1,-1,1,1,1,1,1,-1,1,1,1,1,1,1,-1,-1,1,1,1,1,1,-1,1,1,1,1,-1,1,-1,-1,1,-1,1,-1,1,-1,-1,1,-1,1,-1,1,-1,-1,1,-1,1,-1,1,1,-1,1,-1,1,1,1,1,-1,1,-1,1,1,1,-1,-1,1,1,-1,1,1,-1,-1,1,-1,1,-1,1,-1,-1,-1,-1,-1,1,1,-1,-1,1,-1,-1,1,1,-1,-1,-1,-1,-1,-1,1,-1,-1,-1,-1,1,1,-1,-1,1,-1,-1,1,-1,1,-1,-1,-1,-1,-1,1,1,1,-1,-1,-1,1,1,1,-1,-1,1,1,-1,-1,1,-1,1,-1,-1,1,1,1,-1,-1,-1,-1,1,-1,1,1,-1,1,-1,-1,1,1,-1,-1,-1,-1,-1,-1,1,1,-1,-1,1,-1,1,1,-1,-1,-1,1,-1,1,1,-1,-1,1,-1,-1,1,1,1,-1,1,-1,1,1,1,-1,-1,1,-1,-1,1,1,1,-1,1,-1,-1,1,1,-1,1,1,-1,-1,1,1,-1,1,1,-1,-1,1,1,-1,1,1,-1,-1,1,1,1,1,1,1,-1,1,1,1,1,1,-1,-1,1,-1,1,1,1,1,-1,-1,1,-1,1,1,1,-1,1,1,1,1,-1,1,-1,1,1,1,1,1,1,1,-1,1,1,1,1,-1,1,-1,1,1,1,1,1,-1,1,1,1,1,-1,1,1,-1,1,1,-1,1,1,-1,-1,1,1,1,1,-1,1,-1,1,1,1,-1,-1,1,-1,1,1,1,-1,1,-1,-1,-1,1,1,-1,-1,1,-1,-1,1,1,1,-1,1,-1,1,1,1,1,-1,-1,-1,-1,1,1,-1,-1,-1,1,1,-1,1,-1,1,1,-1,1,1,-1,-1,1,1,-1,-1,1,1,-1,1,1,1,1,1,-1,-1,-1,-1,-1,-1,-1,-1,-1,-1,1,1,1,1,-1,1,1,-1,1,1,1,1,-1,1,-1,1,1,1,-1,-1,1,-1,1,1,1,-1,-1,1,-1,1,1,1,-1,-1,1,-1,1,1,1,1,-1,1,-1,1,1,1,1,-1,-1,1,-1,1,1,1,-1,1,-1,1,1,-2672.0,1,2000,445,1000,False
392,1,1,-1,-1,1,-1,-1,-1,1,1,1,-1,1,1,1,1,-1,1,-1,-1,-1,-1,1,1,1,1,-1,-1,1,1,1,1,-1,-1,-1,-1,1,1,1,1,-1,-1,-1,1,1,1,1,-1,1,1,1,1,-1,1,-1,-1,1,-1,1,1,1,-1,-1,-1,1,1,1,1,-1,-1,-1,1,1,1,1,-1,-1,-1,1,1,1,-1,-1,-1,1,1,1,1,-1,-1,1,1,1,1,1,-1,-1,-1,1,-1,1,1,-1,-1,1,1,1,1,1,-1,-1,-1,1,1,1,1,-1,-1,1,1,1,1,1,1,-1,-1,1,1,-1,1,1,-1,1,1,1,1,1,1,-1,1,1,1,1,1,1,-1,1,1,1,1,1,1,-1,-1,-1,1,1,1,1,-1,1,1,1,1,-1,1,-1,1,-1,1,1,1,-1,-1,1,1,1,1,1,-1,1,-1,-1,1,-1,1,-1,1,1,1,1,1,1,1,1,1,-1,1,-1,1,-1,1,1,-1,1,-1,1,1,-1,1,-1,1,-1,1,-1,1,1,-1,1,-1,1,1,1,1,-1,-1,1,1,-1,-1,1,-1,1,-1,-1,1,-1,1,-1,1,-1,1,-1,1,1,-1,-1,-1,1,1,-1,1,-1,1,1,1,-1,1,1,-1,1,-1,1,-1,1,-1,1,-1,1,1,-1,1,-1,-1,-1,1,1,-1,1,-1,-1,-1,1,1,-1,-1,1,1,-1,-1,1,1,-1,1,1,-1,1,1,1,1,-1,1,-1,1,1,-1,1,-1,1,1,-1,1,1,1,1,1,-1,-1,1,-1,-1,-1,1,1,-1,1,1,1,-1,1,-1,-1,1,1,1,-1,1,-1,1,1,1,-1,1,1,-1,1,1,1,-1,1,1,-1,-1,1,1,1,-1,1,-1,1,1,1,-1,1,1,-1,1,1,1,-1,1,-1,-1,1,1,1,-1,1,-1,-1,-1,1,1,1,1,-1,-1,1,-1,1,-1,1,1,-1,-1,1,1,1,-1,1,-1,-1,1,1,-1,1,-1,-1,-1,-1,-1,-1,1,1,-1,-1,1,1,-1,1,-1,1,-1,1,1,-1,1,-1,-1,1,1,1,1,1,-1,-1,-1,-1,1,-1,-1,1,-1,-1,1,-1,-1,1,-1,-1,1,-1,-1,1,-1,1,-1,-1,1,-1,-1,1,-1,-1,1,1,-1,1,-1,1,-1,-1,1,-1,-1,-1,-1,-1,-1,1,-1,-1,1,1,-1,-1,1,-1,1,-1,-1,1,-1,1,-1,-1,1,1,-1,-1,1,-1,-1,-1,-1,-1,1,1,-1,-1,1,1,-1,1,-1,1,-1,1,1,-1,1,-1,-1,-1,-1,-1,-1,1,-1,1,-1,1,1,-1,1,-1,-1,1,-1,-1,1,-1,1,-1,1,-1,1,-1,1,1,-1,-1,-1,1,-1,1,-1,-1,1,-1,1,1,1,1,-1,-1,-1,1,-1,1,1,-1,-1,1,1,1,-1,1,1,-1,1,1,1,1,1,-1,1,-1,-1,-1,1,-1,1,1,-1,1,-1,1,-1,1,-1,-1,-1,1,1,-1,1,1,-1,-1,-1,1,-1,1,1,-1,1,-1,1,-1,-1,-1,-1,-1,-1,1,-1,-1,-1,-1,-1,-1,1,-1,1,1,1,1,-1,1,-1,1,1,-1,-1,-1,1,-1,-1,1,-1,1,-1,-1,1,1,1,1,-1,-1,1,1,1,1,-1,1,-1,-1,1,1,1,-1,-1,-1,1,1,1,1,-1,-1,-1,1,-1,1,-1,1,-1,-1,-1,1,1,1,-1,-1,-1,1,1,1,1,1,-1,-1,-1,1,1,1,1,-1,-1,-1,1,-1,1,-1,-1,-1,1,1,1,1,1,-1,-1,-1,1,1,1,1,-1,-1,-1,1,1,-1,1,-1,-1,-1,1,1,1,1,-1,-1,1,1,1,1,-1,-1,1,1,-1,1,1,-1,-1,-1,1,1,1,1,1,-1,1,1,1,1,1,-1,-1,-1,1,-1,1,-1,-1,-1,-1,1,-1,1,1,1,-1,-1,1,-1,1,1,-1,-1,-1,1,1,1,1,-1,-1,-1,1,-1,1,1,-1,-1,-1,1,1,-1,-1,-1,-1,-1,1,-1,1,-1,-1,-1,-1,-1,-1,-1,1,-1,-1,-1,1,-1,-1,1,-1,-1,-1,-1,-1,1,1,-1,-1,-1,-1,-1,1,-1,-1,-1,1,-1,-1,1,-1,1,-1,-1,-1,-1,-1,-1,-1,1,-1,-1,-1,1,1,-1,-1,-1,1,-1,-1,-1,-1,-1,1,-1,-1,1,1,1,-1,-1,-1,-1,1,-1,1,1,-1,1,-1,-1,1,1,-1,-1,-1,-1,-1,-1,1,1,-1,-1,1,-1,1,1,-1,-1,-1,1,-1,1,1,-1,-1,1,-1,-1,1,1,1,-1,1,-1,1,1,1,-1,-1,1,-1,-1,1,1,1,-1,1,-1,-1,1,1,-1,1,1,-1,-1,1,1,-1,1,1,-1,-1,1,1,-1,1,1,-1,-1,1,1,1,1,1,1,-1,1,1,1,-1,1,-1,-1,1,-1,1,1,1,1,-1,-1,1,-1,1,1,1,-1,1,1,1,1,-1,1,-1,1,1,1,1,1,1,1,-1,1,1,1,1,-1,1,-1,1,1,1,1,1,1,1,1,1,1,-1,1,-1,1,1,1,-1,1,1,1,1,-1,1,1,1,-1,1,1,1,1,1,-1,-1,1,-1,1,1,1,-1,1,-1,1,1,1,1,-1,-1,1,1,-1,1,1,-1,-1,1,1,-1,1,1,1,-1,1,-1,1,1,1,-1,-1,-1,-1,1,-1,1,-1,1,1,1,1,1,-1,-1,1,1,1,1,1,1,-1,1,-1,1,1,1,-1,-1,-1,-1,-1,-1,-1,-1,-1,1,-1,1,1,1,-1,1,1,-1,-1,1,1,1,-1,1,-1,1,1,1,-1,-1,1,-1,1,1,1,-1,-1,1,-1,1,1,1,-1,-1,1,-1,1,-1,1,1,-1,1,-1,-1,1,1,1,-1,-1,-1,1,1,1,1,-1,1,-1,-1,1,-2672.0,1,2000,445,0,False
393,1,1,-1,-1,1,1,-1,-1,1,1,1,-1,1,1,1,1,-1,1,-1,-1,-1,-1,1,1,1,-1,1,-1,1,1,1,1,-1,-1,-1,-1,1,1,1,1,-1,-1,-1,1,1,1,1,-1,1,1,1,1,-1,1,-1,-1,1,-1,1,1,1,-1,-1,-1,1,1,1,1,-1,-1,-1,1,1,1,1,-1,-1,-1,1,1,1,-1,-1,-1,1,1,1,1,-1,-1,-1,1,1,1,1,-1,-1,1,1,-1,1,1,-1,-1,1,1,1,1,1,-1,-1,-1,1,1,1,1,-1,-1,1,1,1,1,1,1,-1,-1,1,1,-1,1,1,-1,1,1,1,1,1,1,-1,1,1,1,1,1,1,-1,1,1,1,1,1,1,-1,-1,-1,1,1,1,1,-1,1,1,1,1,-1,1,-1,1,-1,1,1,1,-1,-1,1,1,1,1,1,-1,1,-1,-1,1,-1,1,-1,1,1,1,1,1,1,1,1,1,-1,1,-1,1,-1,1,1,-1,1,-1,1,1,-1,1,-1,1,-1,1,-1,1,1,-1,1,-1,1,1,1,1,-1,-1,1,1,-1,-1,1,-1,1,-1,-1,1,-1,1,-1,1,-1,1,-1,1,1,-1,-1,-1,1,1,-1,1,-1,1,1,1,-1,1,1,-1,1,-1,1,-1,1,-1,1,-1,1,1,-1,1,-1,-1,-1,1,1,-1,1,-1,-1,-1,1,1,-1,-1,1,1,-1,-1,1,1,-1,1,1,-1,1,1,1,1,-1,1,-1,1,1,-1,1,-1,1,1,1,1,1,1,1,1,-1,-1,1,-1,-1,1,1,1,-1,1,1,1,-1,1,1,1,1,1,1,1,1,-1,1,1,1,-1,1,1,-1,1,1,1,-1,1,1,-1,-1,1,1,1,-1,1,-1,1,1,1,-1,1,1,-1,1,1,1,-1,1,1,-1,1,1,1,-1,1,1,1,-1,-1,1,-1,1,1,-1,1,1,1,-1,1,1,1,-1,-1,1,1,-1,1,1,-1,1,1,-1,1,1,1,-1,-1,1,1,1,1,1,-1,1,-1,-1,1,1,-1,-1,-1,1,-1,1,1,-1,1,-1,1,1,1,1,1,-1,-1,1,-1,-1,-1,1,-1,1,-1,-1,1,1,1,-1,1,-1,1,-1,-1,1,1,-1,1,-1,1,1,1,1,1,-1,1,-1,-1,1,-1,1,-1,-1,-1,-1,1,1,1,-1,-1,1,-1,1,1,1,-1,1,-1,1,-1,1,1,-1,-1,1,-1,1,1,1,1,-1,-1,1,1,1,1,-1,-1,1,-1,1,1,-1,1,-1,1,1,1,1,-1,-1,-1,-1,1,1,1,-1,1,-1,1,-1,1,1,-1,-1,1,-1,1,1,1,1,-1,1,-1,-1,1,1,1,-1,-1,-1,1,1,1,-1,-1,1,-1,-1,1,-1,1,-1,-1,-1,-1,1,-1,1,-1,-1,1,-1,-1,1,1,1,-1,1,-1,1,-1,1,-1,1,-1,-1,-1,1,-1,-1,1,1,1,-1,1,-1,1,1,1,-1,1,1,-1,-1,-1,1,-1,-1,1,-1,-1,1,1,1,-1,1,-1,-1,1,1,-1,-1,1,-1,-1,1,1,-1,-1,1,-1,-1,-1,1,1,-1,1,1,-1,-1,1,-1,-1,1,-1,1,-1,1,1,-1,-1,1,-1,-1,-1,-1,-1,1,1,1,-1,-1,1,-1,-1,1,-1,-1,1,-1,-1,1,1,-1,-1,1,-1,-1,1,1,-1,1,-1,1,-1,-1,1,1,-1,-1,-1,-1,-1,1,-1,-1,1,-1,-1,-1,1,1,-1,-1,-1,-1,-1,1,-1,-1,-1,-1,-1,1,1,1,-1,-1,-1,-1,-1,1,1,-1,-1,-1,-1,-1,1,1,1,-1,-1,-1,-1,1,1,-1,-1,-1,-1,1,1,1,1,-1,-1,1,1,1,1,1,-1,-1,-1,1,1,1,-1,1,-1,1,1,1,1,-1,1,-1,-1,1,-1,1,-1,1,-1,-1,1,-1,1,-1,-1,-1,-1,1,-1,1,-1,1,-1,-1,1,-1,1,-1,1,-1,-1,1,-1,1,-1,-1,-1,-1,1,1,-1,-1,-1,-1,-1,1,-1,1,-1,-1,-1,-1,-1,-1,-1,1,-1,-1,-1,1,-1,-1,1,-1,-1,-1,-1,-1,1,1,-1,-1,-1,-1,-1,1,-1,-1,-1,1,-1,-1,1,-1,1,-1,-1,-1,-1,1,-1,-1,1,-1,-1,-1,-1,1,-1,-1,-1,1,-1,1,-1,-1,-1,1,-1,-1,-1,-1,1,-1,-1,-1,-1,-1,1,1,1,-1,1,-1,1,-1,1,-1,-1,-1,-1,-1,-1,1,1,-1,-1,1,-1,1,1,-1,-1,-1,1,-1,1,1,-1,-1,1,-1,-1,1,1,1,-1,1,-1,1,1,1,-1,-1,1,-1,-1,1,1,1,-1,1,-1,-1,1,1,-1,1,1,-1,-1,1,1,-1,1,1,-1,-1,1,1,-1,1,1,-1,-1,1,1,1,1,1,1,-1,1,1,1,1,1,-1,-1,1,-1,1,1,1,1,-1,-1,1,-1,1,1,1,-1,1,1,1,1,-1,1,-1,1,1,1,1,1,1,1,-1,1,1,1,1,-1,1,-1,1,1,1,1,1,-1,1,1,1,1,-1,1,-1,1,1,1,-1,1,1,1,1,1,1,1,1,-1,1,1,1,1,1,-1,-1,1,-1,1,1,1,-1,1,-1,1,1,1,1,-1,-1,1,1,-1,1,1,1,-1,1,1,-1,-1,1,1,-1,1,-1,1,1,1,-1,-1,-1,-1,1,-1,1,-1,1,1,1,1,1,-1,-1,1,1,1,1,1,1,-1,1,-1,1,1,1,-1,-1,-1,-1,-1,-1,-1,-1,-1,-1,-1,1,1,1,-1,1,1,-1,-1,1,1,1,-1,1,-1,1,1,1,-1,-1,1,-1,1,1,1,-1,-1,1,-1,1,1,1,-1,-1,1,-1,1,-1,1,1,-1,1,-1,-1,1,1,-1,-1,-1,-1,1,1,-1,1,-1,1,-1,-1,1,-2672.0,1,2000,445,1000,False
394,1,1,-1,-1,1,1,-1,-1,1,1,1,-1,1,1,1,1,-1,1,-1,-1,1,1,1,1,1,-1,1,-1,1,1,1,1,1,-1,-1,-1,1,1,1,-1,1,-1,-1,1,1,1,-1,-1,1,1,1,1,-1,1,-1,-1,1,-1,1,1,-1,-1,-1,1,1,1,1,-1,-1,-1,1,1,1,1,1,-1,-1,-1,1,1,1,-1,-1,-1,1,1,1,1,-1,-1,-1,1,1,1,1,-1,-1,1,1,-1,1,1,-1,-1,1,1,1,1,1,-1,-1,1,1,1,1,1,-1,-1,1,1,1,1,1,1,-1,1,1,1,-1,1,1,-1,1,1,1,1,1,1,-1,-1,1,1,1,1,1,-1,1,1,1,1,1,1,-1,-1,-1,1,1,1,1,-1,1,-1,1,1,-1,1,-1,1,-1,1,1,1,-1,-1,1,1,1,1,1,-1,1,-1,-1,1,-1,1,-1,1,1,1,1,1,1,-1,1,1,-1,1,-1,1,1,-1,1,-1,1,-1,1,-1,-1,1,-1,1,-1,1,-1,1,1,-1,1,-1,1,1,1,1,-1,-1,1,1,-1,-1,1,-1,1,-1,-1,1,-1,1,-1,1,-1,1,-1,1,1,-1,-1,-1,1,-1,1,1,-1,1,1,1,1,1,1,-1,1,-1,-1,1,1,-1,1,-1,1,-1,1,1,-1,-1,-1,1,1,1,1,-1,-1,-1,1,1,-1,1,1,1,-1,-1,1,1,1,1,1,-1,1,1,-1,1,-1,1,-1,1,1,1,1,-1,1,1,-1,1,1,1,1,1,-1,-1,1,-1,1,-1,1,1,-1,1,1,1,-1,1,-1,-1,1,1,1,-1,1,-1,1,1,1,1,-1,1,-1,1,1,1,-1,1,1,-1,-1,1,1,-1,-1,1,-1,1,1,1,1,1,1,-1,1,1,1,1,1,-1,-1,1,1,1,1,1,-1,-1,-1,1,1,1,1,-1,-1,1,-1,1,-1,1,1,-1,-1,1,1,1,1,1,-1,-1,1,1,1,-1,-1,1,-1,-1,-1,-1,1,1,1,-1,1,1,-1,1,1,-1,-1,1,1,1,1,1,-1,1,1,1,-1,1,-1,-1,-1,-1,1,1,1,1,-1,-1,1,-1,1,1,-1,-1,-1,1,-1,1,-1,-1,-1,1,-1,1,-1,1,1,1,1,1,-1,1,-1,1,-1,-1,1,-1,1,-1,1,1,-1,1,-1,-1,1,1,-1,-1,1,-1,1,1,1,-1,-1,1,-1,1,-1,1,-1,1,1,1,-1,-1,-1,-1,1,1,-1,1,-1,-1,-1,1,-1,1,1,-1,-1,-1,1,-1,-1,1,-1,-1,-1,1,-1,1,-1,-1,-1,-1,1,-1,-1,1,-1,-1,-1,1,1,-1,-1,-1,-1,-1,1,1,-1,-1,-1,1,-1,1,-1,-1,1,-1,-1,1,-1,1,-1,-1,1,-1,1,-1,1,1,-1,1,-1,-1,1,1,1,-1,1,-1,1,-1,1,1,1,-1,-1,-1,1,-1,-1,-1,1,-1,1,1,-1,1,-1,1,-1,1,1,-1,1,1,1,-1,-1,1,-1,1,-1,1,-1,-1,1,-1,-1,1,1,1,-1,1,-1,-1,-1,1,-1,-1,1,-1,1,1,1,1,-1,1,-1,-1,1,1,-1,-1,1,-1,-1,-1,1,1,-1,-1,1,1,-1,1,-1,-1,1,1,1,-1,1,1,-1,-1,1,1,-1,1,-1,-1,1,1,1,1,-1,-1,-1,1,-1,1,1,1,1,-1,-1,1,1,1,-1,-1,-1,1,1,1,1,1,-1,-1,-1,1,1,1,-1,-1,-1,-1,1,1,1,1,-1,-1,1,1,1,1,1,-1,-1,-1,1,1,1,1,-1,-1,-1,1,1,-1,1,-1,-1,-1,1,1,1,1,-1,-1,1,1,1,1,1,-1,1,1,-1,1,1,-1,-1,-1,1,1,1,1,1,-1,1,1,1,1,1,1,-1,-1,1,-1,1,-1,1,-1,-1,1,-1,1,-1,-1,-1,-1,1,-1,1,1,-1,-1,-1,1,1,1,-1,1,-1,-1,1,-1,1,-1,-1,-1,-1,1,1,-1,-1,-1,-1,-1,1,-1,1,-1,-1,-1,-1,-1,-1,-1,1,-1,-1,-1,1,-1,-1,1,-1,-1,-1,-1,-1,-1,1,-1,-1,-1,-1,-1,1,-1,-1,-1,1,-1,-1,1,-1,1,-1,-1,-1,-1,-1,-1,-1,1,-1,-1,-1,-1,1,-1,-1,-1,1,-1,-1,-1,-1,-1,1,-1,-1,1,-1,1,-1,-1,-1,-1,1,1,1,1,-1,1,-1,-1,-1,1,-1,-1,-1,-1,-1,-1,1,1,-1,-1,1,-1,1,1,-1,-1,-1,1,-1,-1,1,1,-1,1,1,-1,1,1,1,-1,1,-1,1,1,1,-1,-1,1,-1,-1,1,1,1,1,-1,-1,-1,1,1,1,-1,1,-1,-1,1,1,1,1,-1,1,-1,1,1,1,1,1,-1,-1,1,1,1,1,1,-1,-1,1,1,1,1,-1,-1,-1,1,-1,1,1,1,-1,-1,-1,1,-1,1,1,-1,-1,1,1,1,1,1,-1,-1,1,1,1,1,1,-1,-1,-1,1,1,1,1,-1,1,-1,1,1,1,-1,-1,1,-1,1,1,1,-1,-1,1,-1,1,1,-1,1,-1,-1,-1,1,1,1,1,-1,-1,-1,1,1,1,-1,-1,-1,-1,1,1,1,-1,1,-1,-1,-1,1,1,-1,1,-1,-1,1,1,1,1,-1,1,-1,1,-1,1,1,-1,1,-1,-1,1,1,-1,-1,1,1,1,-1,1,-1,1,-1,-1,1,1,-1,-1,1,-1,-1,-1,1,1,-1,1,-1,1,1,1,-1,-1,-1,-1,-1,-1,-1,-1,-1,1,-1,1,1,1,-1,1,1,-1,1,1,1,1,-1,1,-1,1,1,1,1,-1,1,-1,1,1,1,1,-1,1,-1,1,1,1,1,-1,1,-1,1,1,-1,-1,-1,1,-1,-1,1,1,-1,-1,-1,1,-1,1,-1,1,-1,1,-1,-1,1,-2672.0,1,2000,445,0,False
395,1,1,-1,-1,1,1,-1,-1,1,1,1,-1,1,1,1,1,-1,1,-1,-1,-1,-1,1,1,1,-1,1,-1,1,1,1,1,1,-1,-1,-1,1,1,1,1,-1,-1,-1,1,1,1,1,-1,1,1,1,1,-1,1,-1,-1,1,-1,1,1,-1,-1,-1,-1,1,1,1,1,-1,-1,-1,1,1,1,1,-1,-1,-1,1,1,1,-1,-1,-1,1,1,1,1,-1,-1,-1,1,1,1,1,-1,-1,1,1,-1,1,1,-1,-1,1,1,1,1,1,-1,-1,1,1,-1,1,1,-1,-1,1,1,1,1,1,1,-1,1,1,1,-1,1,1,-1,1,1,1,1,1,1,-1,-1,1,1,1,1,1,-1,1,1,1,1,1,1,-1,-1,-1,1,1,1,1,-1,1,1,1,1,-1,1,-1,1,-1,1,1,1,-1,-1,1,1,1,1,1,-1,1,-1,-1,1,-1,1,-1,1,1,1,1,1,1,1,1,1,-1,1,-1,1,-1,1,1,-1,1,-1,1,1,-1,1,-1,1,-1,1,-1,1,1,-1,1,-1,1,1,1,1,-1,-1,1,1,-1,-1,1,-1,1,-1,-1,1,-1,1,-1,1,-1,1,-1,-1,1,-1,-1,-1,1,1,-1,1,-1,1,1,1,-1,1,1,-1,1,-1,1,-1,1,-1,1,-1,1,1,-1,1,-1,-1,-1,1,1,-1,1,-1,-1,-1,1,1,-1,-1,1,1,-1,-1,1,1,-1,1,1,-1,1,1,1,1,-1,1,-1,1,1,-1,1,-1,1,1,1,1,1,1,1,1,-1,-1,1,-1,-1,1,1,1,-1,1,1,1,-1,1,1,1,1,1,1,1,1,-1,1,1,1,-1,1,1,-1,1,1,1,-1,1,1,-1,-1,1,1,1,-1,1,-1,1,1,1,-1,1,1,-1,1,1,1,-1,1,1,-1,1,1,1,-1,1,1,1,-1,1,1,-1,1,1,-1,1,-1,1,-1,1,-1,1,-1,1,1,1,-1,-1,1,-1,1,1,-1,1,1,1,-1,-1,-1,-1,1,1,1,-1,1,1,-1,1,1,1,-1,1,1,1,1,1,-1,1,1,1,-1,1,1,1,-1,-1,1,1,-1,-1,1,-1,1,-1,1,-1,1,1,1,-1,-1,1,-1,1,1,1,-1,1,1,-1,1,1,1,1,-1,1,-1,-1,1,-1,1,-1,1,-1,-1,-1,1,1,-1,-1,1,-1,1,1,-1,-1,1,1,1,1,-1,1,-1,1,-1,-1,1,1,1,-1,1,-1,1,1,1,1,-1,1,-1,1,1,1,-1,1,1,-1,1,-1,1,-1,-1,1,-1,1,1,1,-1,1,-1,1,-1,1,1,-1,-1,1,-1,1,-1,1,1,-1,1,-1,-1,-1,1,1,-1,1,-1,1,-1,1,-1,-1,1,-1,-1,1,1,1,-1,-1,1,-1,1,1,1,-1,-1,1,-1,-1,1,1,1,-1,1,-1,1,-1,-1,-1,1,-1,-1,-1,1,-1,1,1,1,1,-1,1,-1,-1,1,1,-1,1,1,-1,1,-1,1,-1,-1,1,-1,-1,1,1,1,-1,1,-1,-1,1,1,-1,-1,1,-1,1,1,1,-1,-1,1,-1,-1,-1,1,1,-1,1,-1,-1,-1,1,-1,-1,1,-1,1,1,-1,1,-1,-1,1,-1,-1,-1,-1,-1,1,1,1,-1,1,1,-1,-1,1,-1,1,-1,-1,-1,1,1,-1,-1,-1,1,-1,1,1,-1,-1,1,1,-1,-1,1,1,-1,-1,-1,-1,1,1,-1,-1,1,-1,-1,-1,1,1,-1,-1,-1,-1,-1,1,-1,-1,1,-1,-1,1,1,1,-1,-1,-1,-1,-1,1,1,-1,1,-1,-1,-1,1,1,1,1,-1,-1,-1,1,1,-1,1,-1,-1,1,1,1,1,-1,-1,1,1,1,1,1,-1,-1,-1,1,1,-1,1,1,-1,1,1,1,1,-1,1,-1,-1,1,-1,1,-1,-1,-1,-1,1,-1,1,-1,-1,-1,-1,1,-1,1,1,-1,-1,-1,1,-1,1,-1,1,-1,-1,1,-1,1,1,-1,-1,-1,1,1,-1,-1,-1,-1,-1,1,-1,1,-1,-1,-1,-1,-1,-1,-1,1,-1,-1,-1,1,-1,-1,1,-1,-1,-1,-1,-1,1,1,-1,-1,-1,-1,-1,1,-1,-1,-1,1,-1,-1,1,-1,1,-1,-1,-1,-1,-1,-1,-1,1,-1,-1,-1,1,1,-1,-1,-1,1,-1,-1,-1,-1,-1,1,-1,-1,1,-1,1,-1,-1,-1,-1,1,-1,1,1,-1,1,-1,-1,1,1,-1,-1,-1,-1,-1,-1,1,1,-1,-1,1,-1,1,1,-1,-1,-1,1,-1,1,1,-1,-1,1,-1,-1,1,1,1,-1,1,-1,1,1,1,-1,-1,1,-1,-1,1,1,1,-1,1,-1,-1,1,1,-1,1,1,-1,-1,1,1,1,1,1,-1,-1,1,1,1,1,1,-1,-1,1,1,1,1,-1,1,-1,1,1,1,-1,1,-1,-1,1,-1,1,1,1,1,-1,-1,1,-1,1,1,1,-1,1,1,1,1,-1,1,-1,1,1,1,1,1,1,1,-1,-1,1,1,1,-1,1,-1,1,1,1,1,1,-1,1,1,1,1,-1,1,1,-1,1,1,-1,1,1,-1,-1,1,1,1,1,-1,1,-1,1,1,1,-1,-1,1,-1,1,1,1,-1,1,-1,-1,-1,1,1,-1,-1,1,-1,-1,1,1,-1,-1,1,-1,1,-1,1,1,-1,1,-1,-1,1,1,-1,-1,-1,1,1,-1,1,-1,1,1,-1,1,1,-1,-1,1,1,-1,-1,1,1,-1,1,1,1,1,1,-1,-1,-1,-1,-1,-1,-1,-1,-1,-1,1,1,1,1,-1,1,1,-1,1,1,1,1,-1,1,-1,1,1,1,1,-1,1,-1,1,1,1,1,-1,1,-1,1,1,1,1,-1,1,-1,1,1,1,-1,-1,1,-1,1,1,1,-1,-1,-1,1,-1,1,1,1,-1,1,-1,1,1,-2672.0,1,2000,445,1500,False
396,1,1,-1,-1,1,1,-1,-1,1,1,1,-1,-1,1,1,1,-1,1,-1,-1,-1,-1,1,1,1,-1,-1,-1,1,1,1,1,1,-1,-1,-1,1,1,1,1,-1,-1,-1,1,1,1,1,-1,1,1,1,1,-1,1,-1,-1,1,-1,1,1,1,-1,-1,-1,1,1,1,1,-1,-1,-1,1,1,1,1,-1,-1,-1,1,1,1,-1,-1,-1,1,1,1,1,-1,-1,-1,1,1,1,1,-1,-1,1,1,-1,1,1,-1,-1,1,1,1,1,1,-1,-1,-1,1,-1,1,1,-1,-1,1,1,1,1,1,1,-1,-1,1,1,-1,1,1,-1,1,1,1,1,1,1,-1,1,1,1,1,1,1,-1,1,1,1,1,1,1,-1,-1,-1,1,1,1,1,-1,1,1,1,1,-1,1,-1,1,-1,1,1,1,-1,-1,1,1,1,1,1,-1,1,-1,-1,1,-1,1,-1,1,1,1,1,1,1,1,1,1,-1,1,-1,1,-1,1,1,-1,1,-1,1,1,-1,1,-1,1,-1,1,-1,1,1,-1,1,-1,1,1,1,1,-1,-1,1,1,-1,-1,1,-1,1,-1,1,1,-1,1,-1,1,-1,1,-1,1,1,-1,-1,-1,1,1,-1,1,-1,1,1,1,-1,1,-1,-1,1,-1,1,-1,1,1,1,-1,1,1,-1,1,-1,-1,-1,1,1,-1,1,-1,-1,-1,1,1,-1,-1,1,1,-1,-1,1,1,-1,1,1,-1,1,1,1,1,-1,1,-1,1,1,-1,1,-1,1,1,-1,1,1,1,1,1,-1,-1,1,-1,-1,1,1,1,-1,1,1,1,-1,1,-1,-1,1,1,1,1,1,-1,1,1,1,-1,1,1,-1,1,1,1,-1,1,1,-1,-1,1,1,1,-1,1,-1,1,1,1,-1,1,1,-1,1,1,1,-1,1,-1,-1,1,1,1,-1,1,-1,-1,-1,1,1,-1,1,-1,-1,1,-1,1,-1,1,1,-1,-1,1,1,1,-1,1,-1,-1,1,1,-1,1,-1,-1,-1,-1,-1,-1,1,-1,-1,-1,1,1,-1,1,-1,1,-1,1,1,1,1,-1,-1,1,1,1,-1,1,-1,-1,-1,-1,1,1,-1,1,-1,-1,1,-1,1,-1,-1,-1,1,-1,-1,1,-1,1,-1,-1,1,-1,1,-1,-1,-1,1,1,-1,1,-1,1,-1,-1,1,-1,1,-1,-1,-1,-1,1,-1,-1,1,1,-1,-1,1,-1,1,1,-1,1,-1,1,-1,1,-1,1,-1,-1,1,-1,-1,-1,-1,-1,1,1,-1,1,-1,1,-1,1,-1,1,1,1,1,-1,1,-1,-1,1,-1,-1,-1,1,-1,1,-1,1,1,-1,1,-1,-1,1,-1,-1,1,-1,1,-1,1,-1,1,-1,1,1,-1,-1,-1,1,-1,1,-1,-1,1,-1,1,1,1,1,-1,-1,1,1,-1,1,1,1,-1,1,1,1,-1,1,1,-1,1,1,1,1,-1,-1,1,-1,-1,-1,1,-1,1,1,-1,1,-1,1,-1,1,-1,-1,-1,1,1,-1,1,1,-1,-1,-1,1,-1,1,1,-1,1,-1,1,-1,-1,-1,-1,-1,-1,1,-1,-1,-1,-1,-1,-1,1,-1,1,1,1,1,-1,1,-1,1,1,-1,-1,-1,1,-1,-1,1,-1,1,-1,-1,1,1,1,1,-1,-1,1,1,1,1,-1,1,-1,-1,1,1,1,-1,-1,-1,1,1,1,1,-1,1,-1,1,-1,1,-1,1,1,-1,-1,1,1,1,-1,-1,-1,1,1,1,1,1,-1,-1,-1,1,1,1,1,-1,-1,-1,1,-1,1,-1,-1,-1,1,1,1,1,1,-1,-1,-1,1,1,1,1,-1,-1,-1,1,1,-1,1,-1,-1,-1,1,1,1,1,-1,-1,1,1,1,1,-1,-1,1,1,-1,1,1,-1,-1,-1,1,1,1,1,1,-1,1,1,1,1,1,-1,-1,-1,1,-1,1,-1,-1,-1,-1,1,-1,1,1,1,-1,-1,1,-1,1,1,-1,-1,-1,1,1,1,1,-1,-1,-1,1,-1,1,1,-1,-1,-1,1,1,-1,-1,-1,-1,-1,1,-1,1,-1,-1,-1,-1,-1,-1,-1,1,-1,-1,-1,1,-1,-1,1,-1,-1,-1,-1,-1,1,1,-1,-1,-1,-1,-1,1,-1,-1,-1,1,-1,-1,1,-1,1,-1,-1,-1,-1,-1,-1,-1,1,-1,-1,-1,1,1,-1,-1,-1,-1,1,-1,-1,-1,-1,1,-1,-1,1,1,1,-1,-1,-1,-1,1,-1,1,1,-1,1,-1,-1,1,1,-1,-1,-1,-1,-1,-1,1,1,-1,-1,1,-1,1,1,-1,-1,-1,1,-1,1,1,-1,-1,1,-1,-1,1,1,1,-1,1,-1,1,1,1,-1,-1,1,-1,-1,1,1,1,-1,1,-1,-1,1,1,-1,1,1,-1,-1,1,1,-1,1,1,-1,-1,1,1,1,1,1,-1,-1,1,1,1,1,1,1,-1,1,1,1,1,1,-1,-1,1,-1,1,1,1,1,-1,-1,1,-1,1,1,1,-1,1,1,1,1,-1,1,-1,1,1,1,1,1,1,1,-1,1,1,1,1,-1,1,-1,1,1,1,1,1,-1,1,1,1,1,-1,1,1,-1,1,1,-1,1,1,-1,-1,1,1,1,1,-1,1,-1,1,1,1,-1,-1,1,-1,1,1,1,-1,1,-1,-1,-1,1,1,-1,-1,1,-1,-1,1,1,1,-1,1,-1,1,1,1,1,-1,1,-1,-1,1,1,-1,-1,-1,1,1,1,1,-1,1,1,-1,1,1,-1,-1,1,1,-1,-1,1,1,-1,1,1,1,1,1,-1,-1,-1,-1,-1,-1,-1,-1,-1,-1,1,1,1,1,-1,1,1,-1,1,1,1,1,-1,1,-1,1,1,1,-1,-1,1,-1,1,1,1,-1,1,1,-1,1,1,1,-1,-1,1,-1,1,1,1,1,-1,1,-1,1,1,1,-1,-1,1,1,-1,1,-1,1,-1,1,-1,1,1,-2672.0,1,2000,445,1500,False
397,1,1,-1,-1,1,-1,-1,-1,1,1,1,-1,1,1,1,1,-1,1,-1,-1,-1,1,1,1,1,-1,-1,-1,1,1,1,1,1,-1,-1,-1,1,1,1,-1,-1,-1,1,1,1,1,1,-1,1,1,1,1,-1,1,-1,-1,1,-1,1,1,1,-1,-1,1,1,1,1,1,-1,-1,1,1,1,1,1,-1,-1,-1,1,1,1,-1,-1,-1,1,1,1,1,-1,-1,-1,1,1,1,1,-1,-1,1,1,-1,1,1,-1,-1,1,1,1,1,1,-1,-1,-1,1,1,1,1,-1,-1,1,1,1,1,1,1,-1,-1,1,1,-1,1,1,-1,1,1,1,1,1,1,-1,1,1,1,1,1,1,-1,1,1,1,1,1,1,-1,-1,-1,1,1,1,1,-1,1,-1,1,1,-1,1,-1,1,-1,1,1,1,-1,-1,1,1,1,1,1,-1,1,-1,-1,1,-1,1,-1,1,1,1,1,1,1,1,1,1,-1,1,-1,1,-1,1,1,-1,1,-1,1,1,-1,1,-1,1,-1,1,-1,1,1,-1,1,-1,1,1,1,1,-1,-1,1,1,-1,-1,1,-1,1,-1,-1,1,-1,1,-1,1,-1,1,-1,1,1,-1,-1,-1,1,1,-1,1,-1,1,1,1,-1,1,1,-1,1,-1,1,-1,1,-1,1,-1,1,1,-1,1,-1,-1,-1,1,1,-1,1,-1,-1,-1,1,1,-1,-1,1,1,-1,-1,1,1,-1,1,1,-1,1,1,1,1,-1,1,-1,1,1,-1,1,-1,1,1,-1,1,1,1,1,1,-1,-1,1,-1,-1,-1,1,1,-1,1,1,1,-1,1,-1,-1,1,1,1,1,1,-1,1,1,1,-1,-1,1,-1,1,1,1,-1,1,1,-1,-1,1,1,1,-1,1,-1,1,1,1,-1,1,1,-1,1,1,1,-1,1,-1,-1,1,1,1,-1,1,-1,-1,-1,-1,1,-1,1,-1,-1,1,1,1,-1,1,1,-1,-1,1,1,1,-1,1,-1,-1,1,1,-1,1,-1,1,-1,-1,1,1,1,1,-1,-1,1,-1,-1,1,1,-1,-1,-1,1,-1,1,1,-1,1,-1,1,1,1,-1,-1,-1,-1,1,1,1,1,-1,-1,1,-1,-1,1,-1,-1,-1,1,-1,1,-1,-1,-1,1,-1,1,-1,1,1,-1,1,1,-1,1,-1,1,-1,-1,1,-1,-1,-1,1,1,-1,1,-1,-1,1,1,-1,-1,1,-1,1,-1,1,-1,-1,1,-1,-1,1,1,-1,1,1,1,-1,-1,-1,-1,1,1,-1,-1,1,-1,-1,1,-1,1,-1,1,-1,-1,1,-1,-1,-1,-1,-1,-1,1,-1,1,-1,1,-1,-1,1,-1,-1,1,-1,-1,-1,1,1,-1,-1,-1,-1,-1,1,1,-1,-1,-1,1,-1,1,-1,-1,1,-1,-1,1,1,1,-1,-1,-1,-1,1,-1,1,-1,-1,-1,-1,-1,1,1,1,-1,1,-1,1,-1,-1,-1,1,-1,-1,-1,1,-1,-1,-1,1,-1,1,1,-1,1,-1,1,-1,1,1,-1,1,1,1,1,-1,1,-1,1,-1,1,-1,-1,1,-1,-1,1,1,1,-1,1,-1,-1,-1,1,-1,-1,1,-1,1,1,1,1,-1,1,-1,-1,1,1,-1,-1,1,-1,-1,-1,1,1,-1,-1,1,1,-1,1,-1,-1,1,1,1,1,1,1,-1,-1,1,1,-1,1,-1,-1,1,1,1,1,-1,-1,-1,1,-1,1,1,1,-1,-1,-1,1,1,1,-1,-1,-1,-1,1,1,1,1,-1,-1,-1,1,1,1,-1,-1,-1,-1,1,1,1,1,-1,-1,1,1,1,1,1,-1,-1,-1,1,1,1,1,-1,-1,-1,1,1,-1,1,-1,-1,-1,1,1,1,1,-1,-1,1,1,1,1,1,-1,1,1,-1,1,1,-1,-1,-1,1,1,1,1,1,-1,1,1,1,1,1,1,-1,-1,1,-1,1,-1,1,-1,-1,1,-1,1,-1,-1,-1,-1,1,-1,1,1,-1,-1,-1,1,1,1,-1,1,-1,-1,1,-1,1,-1,-1,-1,-1,1,1,-1,-1,-1,-1,-1,1,-1,1,-1,-1,-1,-1,-1,-1,-1,1,-1,-1,-1,1,-1,-1,1,-1,-1,-1,-1,-1,-1,1,-1,-1,-1,-1,-1,1,-1,-1,-1,1,-1,-1,1,-1,1,-1,-1,-1,-1,1,-1,-1,1,-1,-1,-1,-1,1,-1,-1,-1,1,-1,1,-1,-1,-1,1,-1,-1,-1,1,1,-1,-1,-1,-1,-1,1,1,1,-1,1,-1,1,-1,1,-1,-1,-1,-1,-1,-1,1,1,-1,-1,1,-1,1,1,-1,-1,-1,1,-1,1,1,-1,-1,1,-1,-1,1,1,1,-1,1,-1,1,1,1,-1,-1,1,-1,-1,1,1,1,-1,1,-1,-1,1,1,-1,1,1,-1,-1,1,1,1,1,1,-1,-1,1,1,-1,1,1,-1,-1,1,1,1,1,1,1,-1,1,1,1,1,1,-1,-1,1,-1,1,1,1,1,-1,-1,1,-1,1,1,1,-1,1,1,1,1,-1,1,-1,1,1,1,1,1,1,1,-1,1,1,1,1,-1,1,-1,1,1,1,1,1,-1,1,1,1,1,-1,1,-1,1,1,1,-1,1,1,1,1,1,1,1,1,-1,1,1,1,1,1,-1,-1,1,-1,1,1,1,-1,1,-1,-1,-1,1,1,-1,-1,1,1,1,1,1,1,-1,1,-1,1,1,1,1,-1,-1,-1,1,1,1,-1,-1,-1,-1,1,-1,1,-1,1,1,1,1,1,-1,-1,1,1,1,1,1,1,-1,1,-1,1,1,1,-1,-1,1,-1,-1,1,-1,-1,-1,1,-1,1,1,1,-1,1,1,-1,-1,1,1,1,-1,1,-1,1,1,1,-1,-1,1,-1,1,1,1,-1,-1,1,-1,1,1,1,-1,-1,1,-1,1,-1,1,1,-1,1,-1,-1,1,1,-1,-1,-1,1,-1,1,-1,1,-1,1,-1,-1,1,-2672.0,1,2000,445,0,False
398,1,1,-1,-1,1,1,-1,-1,1,1,1,-1,-1,1,1,1,-1,1,-1,-1,-1,-1,1,1,1,1,-1,-1,1,1,1,1,-1,-1,-1,-1,1,-1,1,1,-1,-1,-1,1,1,1,1,-1,1,1,1,1,-1,1,-1,-1,1,-1,1,1,1,-1,-1,-1,1,1,1,1,-1,-1,-1,1,1,1,1,-1,-1,-1,1,1,1,-1,-1,-1,1,1,1,1,-1,-1,1,1,1,1,1,-1,-1,-1,1,-1,1,1,-1,-1,1,1,1,1,1,-1,-1,-1,1,1,1,1,-1,-1,1,1,1,1,1,1,-1,-1,1,1,-1,1,1,-1,1,1,1,1,1,1,-1,1,1,1,1,1,1,-1,1,1,1,1,1,1,-1,-1,-1,1,1,1,1,-1,1,1,1,1,-1,1,-1,1,-1,1,1,1,-1,-1,1,1,1,1,1,-1,1,-1,-1,1,-1,1,-1,1,1,1,1,1,1,1,1,1,-1,1,-1,1,-1,1,1,-1,1,-1,1,1,-1,1,-1,1,-1,1,-1,1,1,-1,1,-1,1,1,1,1,-1,-1,1,1,-1,-1,1,-1,1,-1,1,1,-1,1,-1,1,-1,1,-1,-1,1,-1,-1,-1,1,1,-1,1,-1,1,1,1,-1,1,1,-1,-1,-1,1,-1,1,-1,1,-1,1,1,-1,1,-1,-1,-1,1,1,-1,1,-1,-1,-1,1,1,-1,-1,1,1,-1,-1,1,1,-1,1,1,-1,1,1,1,1,-1,1,-1,1,1,-1,1,-1,1,1,1,1,1,1,1,1,-1,-1,1,-1,-1,-1,1,1,-1,1,1,1,-1,1,1,1,1,1,1,1,1,-1,1,1,1,-1,-1,1,-1,1,1,1,-1,1,1,-1,-1,1,1,1,-1,1,-1,1,1,1,-1,1,1,-1,1,1,1,-1,1,1,-1,1,1,1,-1,1,1,-1,-1,1,1,-1,1,1,-1,1,-1,1,-1,1,1,1,-1,1,1,1,-1,1,1,-1,1,1,-1,1,1,1,-1,-1,-1,-1,1,1,1,-1,1,1,-1,1,1,-1,-1,1,1,1,1,1,-1,1,1,1,-1,1,1,1,-1,-1,1,1,1,-1,1,-1,1,1,1,1,1,1,-1,-1,-1,1,-1,-1,1,-1,1,-1,1,1,1,1,1,1,-1,1,-1,-1,1,-1,1,-1,1,1,-1,1,1,1,-1,-1,1,-1,1,1,-1,-1,1,1,1,-1,1,1,-1,-1,1,-1,1,1,-1,-1,1,1,1,1,-1,1,-1,1,-1,-1,1,-1,1,-1,1,-1,1,1,-1,-1,-1,1,-1,1,1,1,-1,-1,1,-1,-1,1,-1,-1,-1,1,-1,1,1,-1,1,-1,1,1,-1,1,-1,-1,-1,-1,-1,-1,1,-1,-1,-1,1,-1,-1,1,-1,-1,-1,-1,1,-1,1,-1,-1,-1,-1,1,-1,-1,1,1,1,-1,1,-1,1,-1,1,1,1,-1,-1,-1,1,-1,-1,1,1,1,-1,1,-1,1,1,1,-1,1,1,-1,-1,-1,1,-1,-1,1,-1,-1,1,1,1,-1,1,-1,-1,1,1,-1,-1,1,-1,-1,1,1,-1,-1,1,-1,-1,-1,1,1,-1,1,-1,-1,-1,1,-1,-1,1,-1,1,-1,1,1,-1,-1,1,-1,-1,-1,-1,-1,1,1,1,-1,-1,1,-1,-1,1,-1,-1,1,-1,-1,1,1,-1,-1,1,-1,-1,1,1,-1,1,-1,1,-1,-1,1,1,-1,-1,-1,-1,1,1,-1,-1,1,-1,-1,-1,1,1,-1,-1,-1,-1,-1,1,-1,-1,-1,-1,-1,1,1,1,-1,-1,-1,-1,-1,1,1,-1,-1,-1,-1,-1,1,1,1,-1,-1,-1,-1,1,1,-1,-1,-1,-1,1,1,1,1,1,-1,1,1,1,1,1,1,-1,-1,1,1,1,1,1,-1,1,1,1,1,-1,1,-1,-1,1,-1,1,-1,1,-1,-1,1,-1,1,1,1,-1,-1,1,-1,1,-1,1,1,-1,1,-1,1,1,1,1,-1,1,-1,1,1,1,-1,-1,1,1,-1,1,1,-1,-1,1,-1,1,-1,1,-1,-1,-1,-1,-1,1,1,-1,-1,1,-1,-1,1,1,-1,-1,-1,-1,-1,-1,1,-1,-1,-1,-1,1,-1,-1,-1,1,-1,-1,1,-1,1,-1,-1,-1,-1,-1,-1,1,1,-1,-1,-1,1,1,1,-1,-1,-1,1,-1,-1,1,-1,1,-1,-1,1,1,1,-1,-1,-1,-1,1,-1,1,1,-1,1,-1,-1,1,1,-1,-1,-1,-1,-1,-1,1,1,-1,-1,1,-1,1,1,-1,-1,-1,1,-1,1,1,-1,-1,1,-1,-1,1,1,1,-1,1,-1,1,1,1,-1,-1,1,-1,-1,1,-1,1,-1,1,-1,-1,1,1,-1,1,1,-1,-1,1,1,-1,1,1,-1,-1,1,1,-1,1,1,-1,-1,1,1,1,1,-1,1,-1,-1,1,1,-1,1,-1,-1,1,-1,1,1,1,1,-1,-1,1,-1,1,1,1,-1,1,1,1,1,-1,1,-1,1,1,1,1,1,1,1,-1,1,1,1,1,-1,1,-1,1,1,1,1,1,-1,1,1,1,1,-1,1,1,-1,1,1,-1,1,1,-1,-1,1,1,1,1,-1,1,-1,1,1,1,-1,-1,1,-1,1,1,1,-1,1,-1,-1,-1,1,1,-1,-1,1,-1,-1,1,1,-1,-1,1,-1,-1,1,1,1,-1,1,-1,-1,1,1,-1,-1,-1,1,-1,1,1,-1,1,1,-1,1,1,-1,-1,1,-1,-1,-1,1,1,-1,1,1,-1,1,1,-1,-1,1,-1,1,-1,-1,-1,-1,1,-1,-1,1,1,-1,1,1,-1,1,1,1,1,-1,1,-1,1,1,1,-1,-1,1,-1,-1,1,1,-1,-1,1,-1,1,1,1,-1,-1,1,-1,1,1,1,1,-1,1,-1,-1,1,1,1,-1,-1,1,-1,1,-1,1,-1,1,-1,-1,1,-2672.0,1,2000,445,500,False
399,1,1,-1,-1,1,1,-1,-1,1,1,1,-1,1,1,1,1,-1,1,1,-1,1,-1,1,1,1,1,-1,-1,1,1,1,1,-1,-1,-1,-1,1,-1,1,1,-1,-1,-1,1,1,1,1,-1,1,1,1,1,-1,1,-1,-1,1,-1,1,1,1,-1,-1,-1,1,1,1,1,-1,-1,-1,1,1,1,1,-1,-1,-1,1,1,1,-1,-1,-1,1,1,1,1,-1,1,-1,1,1,1,1,-1,-1,1,1,-1,1,1,-1,-1,1,1,1,1,1,-1,-1,1,1,1,1,1,-1,-1,1,1,1,1,1,1,-1,1,1,1,-1,1,1,-1,1,1,1,1,1,1,-1,-1,1,1,1,1,1,-1,1,1,1,1,1,1,-1,-1,-1,1,1,1,1,-1,1,1,1,1,-1,1,-1,1,-1,1,1,1,-1,-1,1,1,1,1,1,-1,1,-1,-1,1,-1,1,-1,1,1,1,1,1,1,1,1,1,-1,1,-1,1,-1,1,1,-1,1,-1,1,1,-1,1,-1,1,-1,1,-1,1,1,-1,1,-1,1,1,1,1,-1,-1,1,1,-1,-1,1,-1,1,-1,-1,1,-1,1,-1,1,-1,1,-1,-1,1,-1,-1,-1,1,1,-1,1,-1,1,1,1,-1,1,1,-1,1,-1,1,-1,1,-1,1,-1,1,1,-1,1,-1,-1,-1,1,1,-1,1,-1,-1,-1,1,1,-1,-1,1,1,-1,-1,1,1,-1,1,1,-1,1,1,1,1,-1,1,-1,1,1,-1,1,-1,1,1,-1,1,1,1,1,1,-1,-1,1,-1,-1,-1,1,1,-1,1,1,1,-1,1,-1,-1,1,1,1,1,1,-1,1,1,1,-1,1,1,-1,1,1,1,-1,1,1,-1,-1,1,1,1,-1,1,-1,1,1,1,-1,1,1,-1,1,1,1,-1,1,-1,-1,1,1,1,-1,1,-1,-1,-1,1,1,-1,1,-1,-1,1,-1,1,-1,1,1,-1,-1,1,1,1,-1,1,-1,-1,1,1,-1,1,-1,-1,-1,-1,-1,-1,1,-1,-1,-1,1,1,-1,1,-1,1,-1,1,1,1,1,-1,-1,1,1,1,-1,1,-1,-1,-1,-1,1,1,-1,1,-1,-1,1,-1,1,-1,-1,-1,1,-1,-1,1,-1,1,-1,-1,1,-1,1,-1,-1,-1,1,1,-1,1,-1,1,-1,-1,1,-1,1,-1,-1,-1,-1,1,-1,-1,1,1,-1,-1,1,-1,1,1,-1,1,-1,1,-1,1,-1,1,-1,-1,1,-1,-1,-1,-1,-1,1,1,-1,1,-1,1,-1,1,-1,1,1,-1,1,-1,1,-1,-1,1,-1,-1,-1,1,-1,1,-1,-1,1,-1,1,-1,-1,1,-1,-1,1,-1,1,-1,1,-1,1,-1,1,1,-1,-1,-1,1,-1,1,-1,-1,1,-1,1,1,1,1,-1,-1,1,1,-1,1,1,-1,-1,1,1,1,-1,1,1,-1,1,1,1,1,-1,-1,1,-1,-1,-1,1,-1,1,1,1,1,-1,1,-1,1,-1,-1,-1,1,1,-1,1,1,-1,-1,-1,1,-1,1,1,-1,1,-1,1,-1,-1,-1,-1,-1,-1,1,-1,-1,-1,-1,-1,-1,1,-1,1,1,1,1,-1,1,-1,1,1,-1,-1,-1,1,-1,-1,1,-1,1,-1,-1,1,1,1,1,-1,-1,1,1,1,1,-1,1,-1,-1,1,1,1,-1,-1,-1,1,1,1,1,-1,-1,-1,1,-1,1,-1,1,-1,-1,-1,1,1,1,-1,-1,-1,1,1,1,1,1,-1,-1,-1,1,1,1,1,-1,-1,-1,1,-1,1,-1,-1,-1,1,1,1,1,1,-1,-1,-1,1,1,1,1,-1,-1,-1,1,1,-1,1,-1,-1,-1,1,1,1,1,-1,-1,1,1,1,1,-1,-1,1,1,-1,1,1,-1,-1,-1,1,1,1,1,1,-1,1,1,1,1,1,-1,-1,-1,1,-1,1,-1,-1,-1,-1,1,-1,1,1,-1,-1,-1,1,-1,1,1,-1,1,-1,1,1,1,1,-1,1,-1,1,-1,1,1,-1,-1,-1,1,1,-1,-1,-1,-1,-1,1,-1,1,-1,-1,-1,-1,-1,-1,-1,1,-1,-1,-1,1,-1,-1,1,-1,-1,-1,-1,-1,1,1,-1,-1,-1,-1,-1,1,-1,-1,-1,1,-1,-1,1,-1,1,-1,-1,-1,-1,-1,-1,-1,1,-1,-1,-1,1,1,-1,-1,-1,1,-1,-1,-1,-1,-1,1,-1,-1,1,1,1,-1,-1,-1,-1,1,-1,1,1,-1,1,-1,-1,1,1,-1,-1,-1,-1,-1,-1,1,1,-1,-1,1,-1,1,1,-1,-1,-1,1,-1,1,1,-1,-1,1,-1,-1,1,1,1,-1,1,-1,1,1,1,-1,-1,1,-1,-1,1,1,1,-1,1,-1,-1,1,1,-1,1,1,-1,-1,1,1,-1,1,1,-1,-1,1,1,-1,1,1,-1,-1,1,1,1,1,-1,1,-1,1,1,-1,1,1,-1,-1,1,-1,1,1,1,1,-1,-1,1,-1,1,1,1,-1,1,1,1,1,-1,1,-1,1,1,1,1,1,1,1,-1,1,1,1,1,-1,1,-1,1,1,1,1,1,-1,1,1,1,1,-1,1,1,-1,1,1,-1,1,1,-1,-1,1,1,1,1,-1,1,-1,1,1,1,-1,-1,1,-1,1,1,1,-1,1,-1,-1,-1,1,1,-1,-1,1,-1,-1,1,1,1,-1,1,-1,1,1,1,1,-1,1,-1,-1,1,1,-1,-1,-1,1,1,1,1,-1,1,1,-1,1,1,-1,-1,1,1,-1,-1,-1,1,-1,1,1,1,1,1,-1,-1,-1,-1,-1,-1,-1,-1,-1,-1,1,1,1,1,-1,1,1,-1,1,1,1,1,-1,1,-1,1,1,1,1,-1,1,-1,1,1,1,1,-1,1,-1,1,1,1,1,-1,1,-1,1,1,-1,-1,-1,1,-1,1,1,1,-1,-1,-1,1,-1,1,-1,1,-1,1,-1,1,1,-2672.0,1,2000,445,0,False
400,1,1,-1,-1,1,-1,1,-1,1,1,1,-1,1,1,1,1,-1,1,1,-1,1,-1,1,1,1,1,-1,-1,1,1,1,1,-1,-1,-1,-1,1,-1,1,1,-1,-1,-1,1,1,1,1,-1,1,1,1,1,-1,1,-1,-1,1,-1,1,1,1,-1,-1,-1,1,1,1,1,-1,-1,-1,1,1,1,1,-1,-1,-1,1,1,1,-1,-1,-1,1,1,1,1,-1,-1,-1,1,1,1,1,-1,-1,1,1,-1,1,1,-1,-1,1,1,1,1,1,-1,-1,1,1,1,1,1,-1,-1,1,1,1,1,1,1,-1,-1,1,1,-1,1,1,-1,1,1,1,1,1,1,-1,-1,1,1,1,1,1,-1,1,1,1,1,1,1,-1,-1,-1,1,1,1,1,-1,1,1,1,1,-1,1,-1,1,-1,1,1,1,-1,-1,1,1,1,1,1,-1,1,-1,-1,1,-1,1,-1,1,1,1,1,1,1,1,1,1,-1,1,-1,1,-1,1,1,-1,1,-1,1,1,-1,1,-1,1,-1,1,-1,1,1,-1,1,-1,1,1,1,1,-1,-1,1,1,-1,-1,1,-1,1,-1,-1,1,-1,1,-1,1,-1,1,-1,1,1,-1,1,-1,1,1,-1,1,-1,1,1,1,-1,1,1,-1,1,-1,1,-1,1,-1,1,-1,1,1,-1,1,-1,-1,-1,1,1,-1,1,-1,-1,-1,1,1,-1,-1,1,1,-1,-1,1,1,-1,1,1,-1,1,1,1,1,-1,1,-1,1,1,-1,1,-1,1,1,1,1,1,1,1,1,-1,-1,1,-1,-1,-1,1,1,-1,1,1,1,-1,1,1,1,1,1,1,1,1,-1,1,1,1,-1,1,1,-1,1,1,1,-1,1,1,-1,-1,1,1,1,-1,1,-1,1,1,1,-1,1,1,-1,1,1,1,-1,1,1,-1,1,1,1,-1,1,1,-1,-1,1,1,1,1,1,-1,1,-1,1,-1,1,1,1,-1,1,1,1,-1,1,1,-1,1,1,-1,1,1,1,-1,-1,-1,-1,1,1,1,-1,1,1,-1,1,1,-1,-1,1,1,-1,1,1,-1,1,1,1,1,1,1,1,1,-1,1,-1,-1,-1,1,-1,1,-1,-1,1,1,1,-1,1,-1,1,-1,-1,1,1,-1,1,-1,1,1,1,1,1,-1,1,-1,-1,1,-1,1,-1,-1,-1,1,1,1,1,-1,-1,1,-1,1,1,1,-1,1,-1,1,-1,1,1,-1,-1,1,-1,1,1,1,1,-1,-1,1,1,1,1,-1,-1,1,1,1,1,-1,1,-1,1,-1,1,1,-1,-1,-1,-1,1,1,1,-1,1,-1,1,-1,1,1,-1,-1,1,-1,1,1,1,1,-1,1,-1,-1,-1,1,1,-1,-1,-1,1,-1,1,-1,-1,1,-1,-1,1,-1,1,-1,-1,-1,-1,1,-1,1,-1,-1,1,-1,-1,1,1,1,-1,1,-1,1,-1,1,-1,1,-1,-1,-1,1,-1,-1,1,1,1,-1,1,-1,1,1,1,-1,1,1,-1,1,-1,1,-1,-1,1,-1,-1,1,1,1,-1,1,-1,-1,1,1,-1,-1,1,-1,-1,1,1,-1,-1,1,-1,-1,-1,1,1,-1,1,-1,-1,-1,1,-1,-1,1,-1,1,-1,1,1,-1,-1,1,-1,-1,-1,-1,-1,1,1,1,-1,1,1,-1,-1,1,-1,-1,-1,-1,-1,-1,1,-1,-1,-1,-1,-1,1,1,-1,1,1,-1,-1,-1,1,1,-1,-1,-1,-1,-1,1,-1,-1,1,-1,-1,-1,1,1,-1,-1,-1,-1,-1,1,-1,-1,1,-1,-1,1,1,1,-1,1,-1,-1,-1,1,1,-1,-1,-1,-1,-1,1,1,1,-1,-1,-1,-1,1,1,-1,-1,-1,-1,1,1,1,1,-1,-1,1,1,1,1,1,-1,-1,-1,1,1,1,-1,1,-1,1,1,1,1,-1,1,-1,-1,1,-1,1,-1,1,-1,-1,1,-1,1,-1,-1,-1,-1,1,-1,1,-1,1,1,-1,1,-1,1,-1,1,1,-1,1,-1,1,-1,-1,-1,-1,1,1,-1,-1,-1,-1,-1,1,-1,1,-1,-1,-1,-1,-1,-1,-1,1,-1,-1,-1,1,-1,-1,1,-1,-1,-1,-1,-1,1,1,-1,-1,-1,-1,-1,1,-1,-1,-1,1,-1,-1,1,-1,1,-1,-1,-1,-1,-1,-1,-1,1,-1,-1,-1,1,1,-1,-1,-1,1,-1,-1,-1,-1,-1,1,-1,-1,1,-1,1,-1,-1,-1,-1,1,1,1,1,-1,1,-1,-1,-1,1,-1,-1,-1,-1,-1,-1,1,1,-1,-1,1,-1,1,1,-1,-1,-1,1,-1,-1,1,-1,-1,1,-1,-1,1,1,1,-1,1,-1,1,1,1,-1,-1,1,-1,-1,1,1,1,-1,1,-1,-1,1,1,-1,1,1,-1,-1,1,1,-1,1,1,-1,-1,1,1,-1,1,1,-1,-1,1,1,1,1,1,1,-1,1,1,-1,1,1,-1,-1,1,-1,1,1,1,1,-1,-1,1,-1,1,1,1,-1,1,1,1,1,-1,1,-1,1,1,1,1,1,1,1,-1,1,1,1,1,-1,1,-1,1,1,1,1,1,1,1,1,1,1,-1,1,-1,1,1,1,-1,1,1,1,1,-1,1,1,1,-1,1,1,1,1,1,-1,-1,1,-1,1,1,1,-1,1,-1,1,1,1,1,-1,-1,1,1,-1,1,1,-1,-1,1,1,-1,1,1,1,-1,1,-1,1,1,1,-1,-1,-1,-1,1,-1,1,-1,1,1,1,1,1,-1,-1,1,1,1,1,1,1,-1,1,-1,1,1,1,-1,-1,-1,-1,-1,-1,-1,-1,-1,-1,1,1,1,1,-1,1,1,-1,-1,1,1,1,-1,1,-1,1,1,1,1,-1,1,-1,1,1,1,1,-1,1,-1,1,1,1,1,-1,1,-1,1,-1,-1,-1,-1,1,-1,-1,1,1,-1,-1,-1,-1,1,1,-1,1,-1,1,-1,-1,1,-2672.0,1,2000,445,0,False
401,1,1,-1,-1,1,-1,-1,-1,1,1,1,-1,1,1,1,1,-1,1,-1,-1,-1,-1,1,1,1,-1,-1,-1,1,1,1,1,1,-1,-1,-1,1,1,1,1,-1,-1,-1,1,1,1,1,-1,1,1,1,1,-1,1,-1,-1,1,-1,1,1,1,-1,-1,-1,1,1,1,1,-1,-1,-1,1,1,1,1,-1,-1,-1,1,1,1,-1,-1,-1,1,1,1,1,-1,-1,-1,1,1,1,1,-1,-1,1,1,-1,1,1,-1,-1,1,1,1,1,1,-1,-1,1,1,1,1,1,-1,-1,1,1,1,1,1,1,-1,-1,1,1,-1,1,1,-1,1,1,1,1,1,1,-1,-1,1,1,1,1,1,-1,1,1,1,1,1,1,-1,-1,-1,1,1,1,1,-1,1,1,1,1,-1,1,-1,1,-1,1,1,1,-1,-1,1,1,1,1,1,-1,1,-1,-1,1,-1,1,-1,1,1,1,1,1,1,1,1,1,1,1,-1,1,-1,1,1,-1,1,-1,1,1,-1,1,-1,1,-1,1,-1,1,1,-1,1,-1,1,1,1,1,-1,-1,1,1,-1,-1,1,-1,1,-1,-1,1,-1,1,-1,1,-1,1,-1,1,1,-1,-1,-1,1,1,-1,1,-1,1,1,1,-1,1,1,-1,1,-1,1,-1,1,-1,1,-1,1,1,-1,1,-1,-1,-1,1,1,-1,1,-1,-1,-1,1,1,-1,-1,1,1,-1,-1,1,1,-1,1,1,-1,1,1,1,1,-1,1,-1,1,1,-1,1,-1,1,1,1,1,1,1,1,1,-1,-1,1,-1,-1,-1,1,1,-1,1,1,1,-1,1,1,1,1,1,1,-1,1,-1,1,1,1,-1,1,1,-1,1,1,1,-1,1,1,-1,-1,1,1,1,-1,1,-1,1,1,1,-1,1,1,-1,1,1,1,-1,1,1,-1,1,1,1,-1,1,1,-1,-1,1,1,-1,1,1,-1,1,-1,1,-1,1,1,1,-1,1,1,1,-1,1,1,-1,1,1,-1,1,1,1,-1,-1,-1,-1,1,1,1,-1,1,1,-1,1,1,-1,-1,1,1,1,1,1,-1,1,1,1,-1,1,1,1,1,-1,1,1,1,-1,1,-1,1,1,1,1,1,1,-1,-1,-1,1,-1,-1,1,-1,1,-1,1,1,1,1,1,1,-1,1,-1,-1,1,-1,1,-1,1,1,-1,1,1,1,-1,-1,1,-1,1,1,-1,-1,1,1,1,-1,1,1,-1,-1,1,-1,1,1,-1,-1,1,1,1,1,-1,1,-1,1,-1,-1,1,-1,-1,1,1,-1,1,1,-1,-1,-1,1,-1,1,1,1,-1,-1,1,-1,-1,1,-1,-1,-1,1,-1,1,1,-1,1,-1,1,1,-1,1,-1,-1,-1,1,-1,-1,1,-1,-1,-1,1,-1,-1,1,-1,-1,-1,-1,1,-1,1,-1,-1,-1,1,1,-1,-1,1,1,1,-1,1,-1,1,-1,1,-1,1,-1,-1,-1,1,-1,-1,1,1,1,-1,1,-1,1,1,1,-1,1,1,-1,-1,-1,1,-1,-1,1,-1,-1,1,1,1,-1,1,-1,-1,1,1,-1,-1,1,-1,-1,1,1,-1,-1,1,-1,-1,-1,1,1,-1,1,-1,-1,-1,1,-1,-1,1,-1,1,-1,1,1,-1,-1,1,-1,-1,-1,-1,-1,1,1,1,-1,-1,1,-1,-1,1,-1,-1,1,-1,-1,1,1,-1,-1,1,-1,-1,1,1,-1,1,-1,-1,-1,-1,1,1,-1,-1,-1,-1,-1,1,-1,-1,1,-1,-1,-1,1,1,-1,-1,-1,-1,-1,1,-1,-1,-1,-1,-1,1,1,1,-1,-1,-1,-1,-1,1,1,-1,-1,-1,-1,-1,1,1,1,-1,-1,-1,-1,1,1,-1,-1,-1,-1,1,1,1,1,1,-1,1,1,1,1,1,1,-1,-1,1,1,1,1,-1,-1,1,1,1,1,-1,1,-1,-1,1,-1,1,-1,1,-1,-1,1,-1,1,1,1,-1,-1,1,-1,1,-1,1,-1,-1,1,-1,1,1,1,-1,-1,1,-1,1,1,1,-1,-1,1,1,-1,1,1,-1,-1,1,-1,1,-1,1,-1,-1,-1,-1,-1,1,1,-1,-1,1,-1,-1,1,1,-1,-1,-1,-1,1,-1,1,-1,-1,-1,-1,1,-1,-1,-1,1,-1,-1,1,-1,1,-1,-1,-1,-1,-1,-1,1,1,-1,-1,-1,1,1,1,-1,-1,1,-1,-1,-1,1,-1,1,-1,-1,1,1,1,-1,-1,-1,-1,1,-1,1,1,-1,1,-1,-1,1,1,-1,-1,-1,-1,-1,-1,1,1,-1,-1,1,-1,1,1,-1,-1,-1,1,-1,1,1,-1,-1,1,-1,-1,1,1,1,-1,1,-1,1,1,1,-1,-1,1,-1,-1,1,1,1,-1,1,-1,-1,1,1,-1,1,1,-1,-1,1,1,1,1,1,-1,-1,1,1,1,1,1,-1,-1,1,1,1,1,1,1,-1,-1,1,1,-1,1,-1,-1,1,-1,1,1,1,1,-1,-1,1,-1,1,1,1,-1,1,-1,1,1,-1,1,-1,1,1,1,1,1,1,1,-1,-1,1,1,1,-1,1,-1,1,1,1,1,1,-1,1,-1,1,1,-1,1,1,-1,1,1,-1,1,1,-1,-1,1,1,1,1,-1,1,-1,-1,1,1,-1,-1,1,-1,1,1,1,-1,1,-1,-1,-1,1,1,-1,-1,1,-1,-1,1,1,-1,-1,1,-1,-1,1,1,1,-1,1,-1,-1,1,1,-1,-1,-1,1,-1,-1,1,-1,1,1,-1,1,1,-1,-1,1,1,-1,-1,1,1,-1,1,1,-1,1,1,-1,-1,-1,-1,1,-1,-1,-1,-1,1,-1,-1,1,1,-1,1,1,-1,1,1,1,1,-1,1,-1,1,1,1,1,-1,1,-1,-1,1,1,1,-1,1,-1,1,1,1,1,-1,1,-1,1,1,1,-1,-1,1,-1,-1,1,1,-1,-1,-1,1,-1,1,-1,1,-1,1,-1,-1,1,-2672.0,1,2000,445,0,False
402,1,1,-1,-1,1,1,-1,-1,1,1,1,-1,-1,1,1,1,-1,1,-1,-1,-1,-1,1,1,1,-1,-1,-1,1,1,1,1,1,-1,-1,-1,1,-1,1,1,-1,-1,-1,1,1,1,1,-1,1,1,1,1,-1,1,-1,-1,1,-1,1,1,1,-1,-1,-1,1,1,1,1,-1,-1,-1,1,1,1,1,-1,-1,-1,1,1,1,-1,-1,-1,1,1,1,1,-1,-1,1,1,1,1,1,-1,-1,-1,1,-1,1,1,-1,-1,1,1,1,1,1,-1,-1,-1,1,1,1,1,-1,-1,1,1,1,1,1,1,-1,-1,1,1,-1,1,1,-1,1,1,1,1,1,1,-1,1,1,1,1,1,1,-1,1,1,1,1,1,1,-1,-1,-1,1,1,1,1,-1,1,1,1,1,-1,1,-1,1,-1,1,1,1,-1,-1,1,1,1,1,1,-1,1,-1,-1,1,-1,1,-1,1,1,1,1,1,1,1,1,1,-1,1,-1,1,-1,1,1,-1,1,-1,1,1,-1,1,-1,1,-1,1,-1,1,1,-1,1,-1,1,1,1,1,-1,-1,1,1,-1,-1,1,-1,1,-1,-1,1,-1,1,-1,1,-1,1,-1,1,1,-1,-1,-1,1,1,-1,1,-1,1,1,1,-1,1,1,-1,1,-1,1,-1,1,-1,1,-1,1,1,-1,1,-1,-1,-1,1,1,-1,1,-1,-1,-1,1,1,-1,-1,1,1,-1,-1,1,1,-1,1,1,-1,1,1,1,1,-1,1,-1,1,1,-1,1,-1,1,1,1,1,1,1,1,1,-1,-1,1,-1,-1,1,1,1,-1,1,1,1,-1,1,1,1,1,1,1,1,1,-1,1,1,1,-1,1,1,-1,1,1,1,-1,1,1,-1,-1,1,1,1,-1,1,-1,1,1,1,-1,1,1,-1,1,1,1,-1,1,1,-1,1,1,1,-1,1,1,-1,-1,1,1,-1,1,1,-1,1,-1,1,-1,1,1,1,-1,1,1,1,-1,1,1,-1,1,1,-1,1,1,1,-1,-1,-1,-1,1,1,1,-1,1,1,-1,1,1,-1,-1,1,1,1,1,1,-1,1,1,1,-1,1,1,1,1,-1,1,1,-1,-1,1,-1,1,-1,1,-1,1,1,-1,-1,-1,1,-1,-1,1,1,-1,1,1,-1,1,1,1,1,-1,1,-1,-1,1,-1,1,-1,1,-1,-1,1,1,1,-1,-1,1,-1,1,1,1,-1,1,1,1,-1,1,1,-1,1,-1,-1,1,1,1,-1,1,-1,1,1,1,1,-1,1,-1,-1,1,1,-1,1,1,-1,-1,1,1,-1,-1,1,-1,1,1,1,-1,1,-1,1,-1,1,1,-1,-1,1,-1,1,1,1,1,-1,1,-1,-1,-1,1,1,-1,-1,-1,1,-1,1,-1,-1,1,-1,-1,1,-1,1,-1,-1,1,-1,1,-1,1,1,-1,1,-1,-1,1,1,1,-1,1,-1,1,-1,-1,1,1,-1,-1,-1,1,-1,-1,1,1,1,-1,1,-1,1,1,1,-1,1,1,-1,1,-1,1,-1,-1,1,-1,-1,1,1,1,-1,1,-1,-1,1,1,-1,-1,1,-1,-1,1,1,-1,-1,1,-1,-1,-1,1,1,-1,1,-1,-1,-1,1,-1,-1,1,-1,1,-1,1,1,-1,-1,1,-1,-1,-1,-1,-1,1,1,1,-1,1,1,-1,-1,1,-1,-1,-1,-1,-1,1,1,-1,-1,-1,-1,-1,1,1,-1,1,1,-1,-1,-1,1,1,-1,-1,-1,-1,-1,1,-1,-1,1,-1,-1,-1,1,1,-1,-1,-1,-1,-1,1,-1,-1,1,-1,-1,1,1,1,-1,1,-1,-1,-1,1,1,-1,-1,-1,-1,-1,1,1,1,-1,-1,-1,-1,1,1,-1,-1,-1,-1,1,1,1,1,-1,-1,1,1,1,1,1,-1,-1,-1,1,1,1,-1,1,-1,1,1,1,1,-1,1,-1,-1,1,-1,1,-1,1,-1,-1,1,-1,1,-1,-1,-1,-1,1,-1,1,-1,1,1,-1,1,-1,1,-1,1,1,-1,1,-1,1,-1,-1,-1,-1,1,1,-1,-1,-1,-1,-1,1,-1,1,-1,-1,-1,-1,-1,-1,-1,1,-1,-1,-1,1,-1,-1,1,-1,-1,-1,-1,-1,-1,1,-1,-1,-1,-1,-1,1,-1,-1,-1,1,-1,-1,1,-1,1,-1,-1,-1,-1,-1,-1,-1,1,-1,-1,-1,1,1,-1,-1,-1,1,-1,-1,-1,-1,-1,1,-1,-1,1,-1,1,-1,-1,-1,-1,1,-1,1,1,-1,1,-1,-1,1,1,-1,-1,-1,-1,-1,-1,1,1,-1,-1,1,-1,1,1,-1,-1,-1,1,-1,-1,1,-1,-1,1,-1,-1,1,1,1,-1,1,-1,1,1,1,-1,-1,1,-1,-1,1,1,1,-1,1,-1,-1,1,1,-1,1,1,-1,-1,1,1,-1,1,1,-1,-1,1,1,1,1,1,-1,-1,1,1,1,1,1,1,-1,1,1,1,1,1,-1,-1,1,-1,1,1,1,1,-1,-1,1,-1,1,1,1,-1,1,1,1,1,-1,1,-1,1,1,1,1,1,1,1,-1,-1,1,1,1,-1,1,-1,1,1,1,1,1,-1,1,1,1,1,-1,1,1,-1,1,1,-1,1,1,-1,-1,1,1,1,1,-1,1,-1,1,1,1,-1,-1,1,-1,1,1,1,-1,1,-1,-1,-1,1,1,-1,-1,1,-1,-1,1,1,-1,-1,1,-1,1,1,1,1,-1,1,-1,-1,1,1,-1,-1,-1,1,1,1,1,-1,1,1,-1,1,1,-1,-1,1,1,-1,-1,1,1,-1,1,1,1,1,1,-1,-1,-1,-1,1,-1,-1,-1,-1,-1,1,1,1,1,-1,1,1,-1,1,1,1,1,-1,1,-1,1,1,1,-1,-1,1,-1,1,1,1,-1,-1,1,-1,1,1,1,-1,-1,1,-1,1,1,1,1,-1,1,-1,1,1,1,1,-1,-1,1,-1,1,1,1,-1,1,-1,1,1,-2672.0,1,2000,445,1000,False
403,1,1,-1,-1,1,1,-1,-1,1,1,1,-1,1,1,1,1,-1,1,-1,-1,-1,-1,1,1,1,-1,1,-1,1,1,1,1,1,-1,-1,-1,1,-1,1,1,-1,-1,-1,1,1,1,1,-1,1,1,1,1,-1,1,-1,-1,1,-1,1,1,1,-1,-1,-1,1,1,1,1,-1,-1,-1,1,1,1,1,-1,-1,-1,1,1,1,-1,-1,-1,1,1,1,1,-1,-1,-1,1,1,1,1,-1,-1,1,1,-1,1,1,-1,-1,1,1,1,1,1,-1,-1,-1,1,1,1,1,-1,-1,1,1,1,1,1,1,-1,-1,1,1,-1,1,1,-1,1,1,1,1,1,1,-1,1,1,1,1,1,1,-1,1,1,1,1,1,1,-1,-1,-1,1,1,1,1,-1,1,1,1,1,-1,1,-1,1,-1,1,1,1,-1,-1,1,1,1,1,1,-1,1,-1,-1,1,-1,1,-1,1,1,1,1,1,1,1,1,1,-1,1,-1,1,-1,1,1,-1,1,-1,1,1,-1,1,-1,1,-1,1,-1,1,1,-1,1,-1,1,1,1,1,-1,-1,1,1,-1,-1,1,-1,1,-1,-1,1,-1,1,-1,1,-1,1,-1,1,1,-1,-1,-1,1,1,-1,1,-1,1,1,1,-1,1,-1,-1,1,-1,1,-1,1,1,1,-1,1,1,-1,1,-1,-1,-1,1,1,-1,1,-1,-1,-1,1,1,-1,-1,1,1,-1,-1,1,1,-1,1,1,-1,1,1,1,1,-1,1,-1,1,1,-1,1,-1,1,1,1,1,1,1,1,1,-1,-1,1,-1,-1,-1,1,1,-1,1,1,1,-1,1,1,1,1,1,1,1,1,-1,1,1,1,-1,1,1,-1,1,1,1,-1,1,1,-1,-1,1,1,1,-1,1,-1,1,1,1,-1,1,1,-1,1,1,1,-1,1,1,-1,1,1,1,-1,1,1,-1,-1,-1,1,-1,1,1,-1,1,1,1,-1,1,1,1,-1,1,1,1,-1,1,1,-1,1,1,-1,1,1,1,-1,-1,1,1,1,1,1,-1,1,-1,-1,1,1,-1,-1,-1,1,-1,1,1,-1,1,-1,1,1,1,1,1,-1,-1,1,-1,-1,-1,1,-1,1,-1,-1,1,1,1,-1,1,-1,1,-1,-1,1,1,-1,1,-1,1,1,1,1,1,-1,1,-1,-1,1,-1,1,-1,-1,-1,-1,1,1,1,-1,-1,1,-1,1,1,1,-1,1,-1,1,-1,1,1,-1,-1,1,-1,1,1,1,1,-1,-1,1,1,1,1,-1,-1,1,1,1,1,-1,1,-1,1,1,1,1,-1,-1,-1,-1,1,1,1,-1,1,-1,1,-1,1,1,-1,-1,1,-1,1,1,1,1,-1,1,-1,-1,1,1,1,-1,-1,-1,-1,1,1,-1,-1,1,-1,-1,1,-1,1,-1,-1,-1,-1,1,-1,1,-1,-1,1,-1,-1,1,1,1,-1,1,-1,1,-1,-1,-1,1,-1,-1,-1,1,-1,-1,1,1,1,-1,1,-1,1,1,1,-1,1,1,-1,-1,-1,1,-1,-1,1,-1,-1,1,1,1,-1,1,-1,-1,1,1,-1,-1,1,-1,-1,1,1,-1,-1,1,-1,-1,-1,1,1,-1,1,-1,-1,-1,1,-1,-1,1,-1,1,-1,1,1,-1,-1,1,-1,-1,-1,-1,-1,1,1,1,-1,-1,1,-1,-1,1,-1,-1,1,-1,-1,1,1,-1,-1,1,-1,-1,1,1,-1,1,-1,-1,-1,-1,1,1,-1,-1,-1,-1,-1,1,-1,-1,1,-1,-1,-1,1,1,-1,-1,-1,-1,-1,1,-1,-1,-1,-1,-1,1,1,1,-1,-1,-1,-1,-1,1,1,-1,-1,-1,-1,-1,1,1,1,-1,-1,-1,-1,1,1,-1,-1,-1,-1,1,1,1,1,-1,-1,1,1,1,1,1,-1,-1,-1,1,1,1,1,1,-1,1,1,1,1,-1,1,-1,-1,1,-1,1,-1,1,-1,-1,1,-1,1,-1,-1,-1,-1,1,-1,1,-1,1,1,-1,1,-1,1,-1,1,1,-1,1,-1,1,-1,-1,-1,-1,1,1,-1,-1,-1,-1,-1,1,-1,1,-1,-1,-1,-1,-1,-1,-1,1,-1,-1,-1,1,-1,-1,1,-1,-1,-1,-1,-1,1,1,-1,-1,-1,-1,-1,1,-1,-1,-1,1,-1,-1,1,-1,1,-1,-1,-1,-1,1,-1,-1,1,-1,-1,-1,-1,1,-1,-1,-1,1,-1,1,-1,-1,-1,1,-1,-1,-1,1,1,-1,-1,-1,-1,-1,1,1,1,-1,1,-1,1,-1,1,-1,-1,-1,-1,-1,-1,1,1,-1,-1,1,-1,1,1,-1,-1,-1,1,-1,1,1,-1,-1,1,-1,-1,1,1,1,-1,1,-1,1,1,1,-1,-1,1,-1,-1,1,1,1,-1,1,-1,-1,1,1,-1,1,1,-1,-1,1,1,-1,1,1,-1,-1,1,1,1,1,1,-1,-1,1,1,1,1,1,1,-1,1,1,1,1,1,-1,-1,1,-1,1,1,1,1,-1,-1,1,-1,1,1,1,-1,1,1,1,1,-1,1,-1,1,1,1,1,1,1,1,-1,1,1,1,1,-1,1,-1,1,1,1,1,1,-1,1,1,1,1,-1,1,-1,1,1,1,-1,1,1,1,1,1,1,1,1,-1,1,1,1,1,1,-1,-1,1,-1,1,1,1,-1,1,-1,1,1,1,1,-1,-1,1,1,-1,1,1,1,-1,1,1,-1,-1,1,1,-1,1,-1,1,1,1,-1,-1,-1,-1,1,-1,1,-1,1,1,1,1,1,-1,-1,1,1,1,1,1,1,-1,1,-1,1,1,1,-1,-1,-1,-1,-1,-1,-1,-1,-1,1,-1,1,1,1,-1,1,1,-1,-1,1,1,1,-1,1,-1,1,1,1,-1,-1,1,-1,1,1,1,-1,1,1,-1,1,1,1,-1,-1,1,-1,1,-1,1,1,-1,1,-1,-1,1,1,-1,-1,1,-1,1,1,1,1,-1,1,-1,-1,1,-2672.0,1,2000,445,0,False
404,1,1,-1,-1,1,1,-1,-1,1,1,1,-1,-1,1,1,1,-1,1,-1,-1,-1,-1,1,1,1,-1,-1,-1,1,1,1,1,1,-1,-1,-1,1,1,1,-1,-1,-1,-1,1,1,1,1,-1,1,1,1,1,-1,1,-1,-1,1,-1,1,1,1,-1,-1,-1,1,1,1,1,-1,-1,-1,1,1,1,1,-1,-1,-1,1,1,1,-1,-1,-1,1,1,1,1,-1,-1,-1,1,1,1,1,-1,-1,1,1,-1,1,1,-1,-1,1,1,1,1,1,-1,-1,-1,1,1,1,1,-1,-1,1,1,1,1,1,1,-1,-1,1,1,-1,1,1,-1,1,1,1,1,1,1,-1,1,1,1,1,1,1,-1,1,1,1,1,1,1,-1,-1,-1,1,1,1,1,-1,1,1,1,1,-1,1,-1,1,-1,1,1,1,-1,-1,1,1,1,1,1,-1,1,-1,-1,1,-1,1,-1,1,1,1,1,1,1,1,1,1,1,1,-1,1,-1,1,1,-1,1,-1,1,1,-1,1,-1,1,-1,1,-1,1,1,-1,-1,-1,1,1,1,1,-1,-1,1,1,-1,-1,1,-1,1,-1,-1,1,-1,1,-1,1,-1,1,-1,1,1,-1,1,-1,1,1,-1,1,-1,1,1,1,-1,1,1,-1,1,-1,1,-1,1,-1,1,-1,1,1,-1,1,-1,-1,-1,1,1,-1,1,-1,-1,-1,1,1,-1,-1,1,1,-1,-1,1,1,-1,1,1,-1,1,1,1,1,-1,1,-1,1,1,-1,1,-1,1,1,-1,1,1,1,1,1,-1,-1,1,-1,-1,1,1,1,-1,1,1,1,-1,1,-1,-1,1,1,1,1,1,-1,1,1,1,-1,1,1,-1,1,1,1,-1,1,1,-1,-1,1,1,1,-1,1,-1,1,1,1,-1,1,1,-1,1,1,1,-1,1,-1,-1,1,1,1,-1,1,-1,-1,-1,1,1,-1,1,-1,-1,1,-1,1,-1,1,1,-1,-1,1,1,1,-1,1,-1,-1,1,1,-1,1,-1,-1,-1,-1,-1,-1,1,1,-1,-1,1,1,-1,1,-1,-1,-1,1,1,1,1,1,-1,1,1,1,-1,1,-1,-1,-1,-1,1,1,-1,1,-1,-1,1,-1,1,-1,-1,-1,1,-1,-1,1,-1,1,-1,-1,1,-1,1,-1,-1,-1,1,1,-1,1,-1,1,-1,-1,1,-1,1,-1,-1,-1,-1,1,-1,-1,1,1,-1,-1,1,-1,1,1,-1,1,-1,1,-1,1,-1,1,-1,-1,1,-1,-1,-1,-1,-1,1,1,-1,1,-1,1,-1,1,-1,1,1,-1,1,-1,1,-1,-1,1,-1,-1,-1,1,-1,1,-1,-1,1,-1,1,-1,-1,1,-1,-1,1,-1,1,-1,1,-1,1,-1,1,1,-1,-1,-1,1,-1,1,-1,-1,1,-1,1,1,1,1,-1,-1,1,1,-1,1,1,-1,-1,1,1,1,-1,1,1,-1,1,1,1,1,-1,-1,1,-1,-1,-1,1,-1,1,1,1,1,-1,1,-1,1,-1,-1,-1,1,1,-1,1,1,-1,-1,-1,1,-1,1,1,-1,1,-1,1,-1,-1,-1,-1,-1,-1,1,-1,-1,-1,-1,-1,-1,1,-1,1,1,1,1,-1,1,-1,1,1,-1,-1,-1,1,-1,-1,1,-1,1,-1,-1,1,1,1,1,-1,-1,1,1,1,1,-1,1,-1,-1,1,1,1,-1,-1,-1,-1,1,1,1,-1,-1,-1,1,-1,1,-1,1,1,-1,-1,1,1,1,-1,-1,-1,-1,1,1,1,1,-1,-1,-1,1,1,1,1,-1,-1,-1,1,1,1,-1,-1,-1,-1,1,1,1,1,-1,-1,1,1,1,1,1,-1,-1,-1,1,1,-1,1,-1,-1,-1,1,1,1,1,-1,-1,1,1,1,1,-1,-1,1,1,-1,1,1,-1,-1,-1,1,1,1,1,1,-1,1,1,1,1,1,-1,-1,-1,1,-1,1,-1,-1,-1,-1,1,-1,1,1,1,-1,-1,1,-1,1,1,-1,-1,-1,1,1,1,1,-1,-1,-1,1,-1,1,1,-1,-1,-1,1,1,-1,-1,-1,-1,-1,1,-1,1,-1,-1,-1,-1,-1,-1,-1,1,-1,-1,-1,1,-1,-1,1,-1,-1,-1,-1,-1,1,1,-1,-1,-1,-1,-1,1,-1,-1,-1,1,-1,-1,1,-1,1,-1,-1,-1,-1,-1,-1,-1,1,-1,-1,-1,1,1,1,-1,-1,1,-1,-1,-1,-1,-1,1,-1,-1,1,1,1,-1,-1,-1,-1,1,-1,1,1,-1,1,-1,-1,1,1,-1,-1,-1,-1,-1,-1,1,1,-1,-1,1,-1,1,1,-1,-1,-1,1,-1,1,1,-1,-1,1,-1,-1,1,1,1,-1,1,-1,1,1,1,-1,-1,1,-1,-1,1,1,1,-1,1,-1,-1,1,1,-1,1,1,-1,-1,1,1,1,1,1,-1,-1,1,1,-1,1,1,-1,-1,1,1,1,1,1,1,-1,1,1,1,-1,1,-1,-1,1,-1,1,1,1,1,-1,-1,1,-1,1,1,1,-1,1,1,1,1,-1,1,-1,1,1,1,1,1,1,1,-1,1,1,1,1,-1,1,-1,1,1,1,1,1,-1,1,1,1,1,-1,1,1,-1,1,1,-1,1,1,-1,-1,1,1,1,1,-1,1,-1,1,1,1,-1,-1,1,-1,1,1,1,-1,1,-1,-1,-1,1,1,-1,-1,1,-1,-1,1,1,1,-1,1,-1,1,1,1,1,-1,1,-1,-1,1,1,-1,-1,-1,1,1,1,1,-1,1,1,-1,1,1,-1,-1,1,1,-1,-1,1,1,-1,1,1,1,1,1,-1,-1,-1,-1,-1,-1,-1,-1,-1,-1,1,1,1,1,-1,1,1,-1,1,1,1,1,-1,1,-1,1,1,1,-1,-1,1,-1,1,1,1,-1,-1,1,-1,1,1,1,-1,-1,1,-1,1,1,1,1,-1,1,-1,1,1,1,-1,-1,-1,1,-1,1,1,1,-1,1,-1,1,1,-2672.0,1,2000,445,500,False
405,1,1,-1,-1,1,-1,-1,-1,1,1,1,-1,1,1,1,1,-1,1,-1,-1,-1,1,1,1,1,-1,-1,-1,1,1,1,1,1,-1,-1,1,1,1,1,1,-1,-1,1,1,1,1,1,-1,1,1,1,1,-1,1,-1,-1,1,-1,1,1,1,-1,-1,1,1,1,1,1,-1,-1,1,1,1,1,1,-1,-1,-1,1,1,1,-1,-1,-1,1,1,1,1,-1,-1,-1,1,1,1,1,-1,-1,1,1,-1,1,1,-1,-1,1,1,1,1,1,-1,-1,1,1,-1,1,1,-1,-1,1,1,1,1,1,1,-1,-1,1,1,-1,1,1,-1,1,1,1,1,1,1,-1,-1,1,1,1,1,1,-1,1,1,1,1,1,1,-1,-1,-1,1,1,1,1,-1,1,-1,1,1,-1,1,-1,1,-1,1,1,1,-1,-1,1,1,1,1,1,-1,1,-1,-1,1,-1,1,-1,1,1,1,1,1,1,1,1,1,-1,1,-1,1,-1,1,1,-1,1,-1,1,1,-1,1,-1,1,-1,1,-1,1,1,-1,1,-1,1,1,1,1,-1,-1,1,1,-1,-1,1,-1,1,-1,-1,1,-1,1,-1,1,-1,1,-1,1,1,-1,-1,-1,1,1,-1,1,-1,1,1,1,-1,1,1,-1,1,-1,1,-1,1,-1,1,-1,1,1,-1,1,-1,-1,-1,1,1,-1,1,-1,-1,-1,1,1,-1,-1,1,1,-1,-1,1,1,-1,1,1,-1,1,1,1,1,-1,1,-1,1,1,-1,1,-1,1,1,-1,1,1,1,1,1,-1,-1,1,-1,-1,-1,1,1,-1,1,1,1,-1,1,-1,-1,1,1,1,1,1,-1,1,1,1,-1,-1,1,-1,1,1,1,-1,1,1,-1,-1,1,1,1,-1,1,-1,1,1,1,-1,1,1,-1,1,1,1,-1,1,-1,-1,1,1,1,-1,1,-1,-1,-1,1,1,-1,1,-1,-1,1,-1,1,-1,1,1,-1,-1,1,1,1,1,1,-1,-1,1,1,-1,1,-1,1,-1,-1,-1,-1,1,1,-1,-1,1,1,-1,1,1,-1,-1,1,1,1,1,1,-1,1,1,1,-1,1,-1,-1,-1,-1,1,1,1,1,-1,-1,1,1,1,1,-1,-1,-1,-1,-1,1,-1,-1,-1,1,-1,1,1,1,1,1,1,1,-1,1,-1,1,-1,-1,1,-1,1,1,1,1,-1,1,-1,-1,1,1,-1,-1,1,-1,1,1,1,-1,-1,1,-1,-1,1,1,-1,1,1,-1,1,1,-1,-1,1,1,-1,1,-1,-1,-1,1,-1,-1,1,-1,-1,1,1,-1,-1,1,-1,-1,-1,1,-1,-1,1,1,-1,-1,1,-1,-1,1,-1,-1,-1,1,1,-1,1,1,-1,-1,1,1,-1,-1,-1,1,-1,1,-1,-1,1,-1,-1,1,-1,1,-1,-1,1,-1,1,-1,1,-1,-1,1,-1,-1,1,1,1,-1,1,-1,1,-1,1,-1,1,-1,-1,-1,1,-1,-1,-1,1,-1,1,1,-1,1,-1,1,-1,1,1,-1,1,1,1,1,-1,1,-1,1,-1,1,-1,-1,1,-1,-1,1,1,1,-1,1,-1,-1,-1,1,-1,-1,1,-1,1,1,1,1,-1,1,-1,-1,1,1,-1,-1,1,-1,-1,-1,1,-1,-1,-1,1,1,-1,1,-1,-1,1,1,1,-1,1,1,-1,-1,1,1,-1,1,-1,-1,1,1,1,1,-1,1,-1,1,-1,1,1,1,1,-1,-1,1,1,1,-1,-1,-1,1,1,1,1,1,-1,-1,-1,1,1,1,-1,-1,-1,-1,1,1,1,1,-1,-1,1,1,1,1,1,-1,-1,-1,1,1,1,1,-1,-1,-1,1,1,-1,1,-1,-1,-1,1,1,1,1,-1,-1,1,1,1,1,1,-1,1,1,-1,1,1,-1,-1,-1,1,1,1,-1,1,-1,1,1,1,1,1,1,-1,-1,1,-1,1,-1,1,-1,-1,1,-1,1,-1,-1,-1,-1,1,-1,1,1,-1,-1,-1,1,1,1,-1,1,-1,-1,1,-1,1,-1,-1,-1,-1,1,1,-1,-1,-1,-1,-1,1,-1,1,-1,-1,-1,-1,-1,-1,-1,1,-1,-1,-1,1,-1,-1,1,-1,-1,-1,-1,-1,1,1,-1,-1,-1,-1,-1,1,-1,-1,-1,1,-1,-1,1,-1,1,-1,-1,-1,-1,-1,-1,-1,1,-1,-1,-1,1,1,-1,-1,-1,1,-1,-1,-1,-1,-1,1,-1,-1,1,-1,1,-1,-1,-1,-1,1,-1,1,1,-1,1,-1,-1,1,1,-1,-1,-1,-1,-1,-1,1,1,-1,-1,1,-1,1,1,-1,-1,-1,1,-1,1,1,-1,-1,1,-1,-1,1,1,1,-1,1,-1,1,1,1,-1,-1,1,-1,-1,1,1,1,-1,1,-1,-1,1,1,-1,1,1,-1,-1,1,1,-1,1,1,-1,-1,1,1,1,1,1,-1,-1,1,1,1,1,1,1,-1,-1,1,1,1,1,-1,-1,1,-1,1,1,1,1,-1,-1,1,-1,1,1,1,-1,1,1,1,1,-1,1,-1,1,1,1,1,1,1,1,-1,1,1,1,1,-1,1,-1,1,1,1,1,1,-1,1,1,1,1,-1,1,1,-1,1,1,-1,1,1,-1,-1,1,1,1,1,-1,1,-1,1,1,1,-1,-1,1,-1,1,1,1,-1,1,-1,-1,-1,1,1,-1,-1,1,-1,-1,1,1,-1,-1,1,-1,-1,1,1,1,-1,1,-1,-1,1,1,-1,-1,-1,1,-1,-1,1,-1,1,1,-1,1,1,-1,-1,1,-1,-1,-1,1,1,-1,1,1,-1,1,1,-1,-1,-1,-1,1,-1,-1,-1,-1,1,-1,-1,1,1,-1,1,1,-1,1,1,1,1,-1,1,-1,1,1,1,1,-1,1,-1,-1,1,1,1,-1,1,-1,1,1,1,1,-1,1,-1,1,1,1,-1,-1,1,-1,-1,1,1,-1,-1,-1,1,-1,1,1,1,-1,1,-1,-1,1,-2672.0,1,2000,445,500,False
406,1,1,-1,-1,1,-1,-1,-1,1,1,1,-1,1,1,1,1,-1,1,-1,-1,-1,-1,1,1,1,1,-1,-1,1,1,1,1,-1,-1,-1,-1,1,-1,1,1,-1,-1,-1,1,1,1,1,-1,1,1,1,1,-1,1,-1,-1,1,-1,1,1,1,-1,-1,-1,1,1,1,1,-1,-1,-1,1,1,1,1,-1,-1,-1,1,1,1,-1,-1,-1,1,1,1,1,-1,-1,-1,1,1,1,1,-1,-1,1,1,-1,1,1,-1,-1,1,1,1,1,1,-1,-1,-1,1,-1,1,1,-1,-1,1,1,1,1,1,1,-1,-1,1,1,-1,1,1,-1,1,1,1,1,1,1,-1,1,1,1,1,1,1,-1,1,1,1,1,1,1,-1,-1,-1,1,1,1,1,-1,1,1,1,1,-1,1,-1,1,-1,1,1,1,-1,-1,1,1,1,1,1,-1,1,-1,-1,1,-1,1,-1,1,1,1,1,1,1,1,1,1,1,1,-1,1,-1,1,1,-1,1,-1,1,1,-1,1,-1,1,-1,1,-1,1,1,-1,-1,-1,1,1,1,1,-1,-1,1,1,-1,-1,1,-1,1,-1,-1,1,-1,1,-1,1,-1,1,-1,-1,1,-1,-1,-1,1,1,-1,1,-1,1,1,1,-1,1,1,-1,1,-1,1,-1,1,-1,1,-1,1,1,-1,1,-1,-1,-1,1,1,-1,1,-1,-1,-1,1,1,-1,-1,1,1,-1,-1,1,1,-1,1,1,-1,1,1,1,1,-1,1,-1,1,1,-1,1,-1,1,-1,1,1,1,1,1,1,-1,-1,1,-1,-1,1,1,1,-1,1,1,1,-1,1,1,1,1,1,1,1,1,-1,1,1,1,-1,1,1,-1,1,1,1,-1,1,1,-1,-1,1,1,1,-1,1,-1,1,1,1,-1,1,1,-1,1,1,1,-1,1,1,-1,1,1,1,-1,1,1,-1,-1,1,1,-1,1,1,-1,1,-1,1,-1,1,1,1,-1,1,1,1,-1,1,1,-1,1,1,-1,1,-1,1,-1,-1,-1,-1,1,1,1,-1,1,1,-1,1,1,-1,-1,1,1,1,1,1,-1,1,1,1,-1,1,1,1,-1,-1,1,1,-1,-1,1,-1,1,-1,1,-1,1,1,-1,-1,-1,1,-1,-1,1,1,-1,1,1,-1,1,1,1,1,-1,1,-1,-1,1,-1,1,-1,1,-1,-1,1,1,1,-1,-1,1,-1,1,1,1,-1,1,1,1,-1,1,1,-1,1,-1,-1,1,1,1,-1,1,-1,1,1,1,1,-1,1,-1,-1,1,1,-1,1,1,-1,1,1,1,-1,-1,1,-1,1,1,1,-1,1,-1,-1,-1,1,1,-1,-1,1,-1,1,1,1,1,-1,1,-1,-1,1,1,1,-1,-1,-1,1,1,1,-1,-1,1,-1,-1,1,-1,1,-1,-1,1,-1,1,-1,1,-1,-1,1,-1,-1,1,1,1,-1,1,-1,1,-1,1,-1,1,-1,-1,-1,1,-1,-1,1,1,1,-1,1,-1,1,1,1,-1,1,1,-1,1,-1,1,-1,-1,1,-1,-1,1,1,1,-1,1,-1,-1,1,1,-1,-1,1,-1,-1,1,1,-1,-1,1,-1,-1,-1,1,1,-1,1,1,-1,-1,1,-1,-1,1,-1,1,-1,1,1,-1,-1,1,-1,-1,-1,-1,-1,1,1,1,-1,-1,1,-1,-1,1,-1,-1,1,-1,-1,1,1,-1,-1,1,1,-1,1,1,-1,1,-1,1,-1,-1,1,1,-1,-1,-1,-1,1,1,-1,-1,1,-1,-1,-1,1,1,-1,-1,-1,-1,-1,1,-1,-1,-1,-1,-1,-1,1,1,-1,-1,-1,-1,1,1,1,-1,-1,-1,-1,-1,1,1,1,-1,-1,-1,-1,1,1,-1,-1,-1,-1,1,1,1,1,-1,-1,1,1,1,1,1,-1,-1,-1,1,1,1,1,1,-1,1,1,1,1,-1,1,-1,-1,1,-1,1,-1,1,-1,-1,1,-1,1,-1,-1,-1,-1,1,-1,1,-1,1,1,-1,1,-1,1,-1,1,1,-1,1,-1,1,-1,-1,-1,-1,1,1,-1,-1,-1,-1,-1,1,-1,1,-1,-1,-1,-1,-1,-1,-1,1,-1,-1,-1,1,-1,-1,1,-1,-1,-1,-1,-1,-1,1,-1,-1,-1,-1,-1,1,-1,-1,-1,1,-1,-1,1,-1,1,-1,-1,-1,-1,-1,-1,-1,1,-1,-1,-1,1,1,-1,-1,-1,1,-1,-1,-1,-1,-1,1,-1,-1,1,1,1,-1,-1,-1,-1,1,-1,1,1,-1,1,-1,-1,1,1,-1,-1,-1,-1,-1,-1,1,1,-1,-1,1,-1,1,1,-1,-1,-1,1,-1,1,1,-1,-1,1,-1,-1,1,1,1,-1,1,-1,1,1,1,-1,-1,1,-1,-1,1,1,1,-1,1,-1,-1,1,1,-1,1,1,-1,-1,1,1,-1,1,1,-1,-1,1,1,-1,1,1,-1,-1,1,1,1,1,-1,1,-1,1,1,1,1,1,-1,-1,1,-1,1,1,1,1,-1,-1,1,-1,1,1,1,-1,1,1,1,1,-1,1,-1,1,1,1,1,1,1,1,-1,1,1,1,1,-1,1,-1,1,1,1,1,1,-1,1,1,1,1,-1,1,1,-1,1,1,-1,1,1,-1,-1,1,1,1,1,-1,1,-1,1,1,1,-1,-1,1,-1,1,1,1,-1,1,-1,-1,-1,1,1,-1,-1,1,-1,-1,1,1,-1,-1,1,-1,1,1,1,1,-1,1,-1,-1,1,1,-1,-1,-1,1,1,-1,1,-1,1,1,-1,1,1,-1,-1,1,1,-1,-1,1,1,-1,1,1,1,1,1,-1,-1,-1,-1,1,-1,-1,-1,-1,-1,1,1,1,1,-1,1,1,-1,1,1,1,1,-1,1,-1,1,1,1,-1,-1,1,-1,1,1,1,-1,-1,1,-1,1,1,1,-1,-1,1,-1,1,1,1,1,-1,1,-1,1,1,1,-1,-1,-1,1,-1,1,-1,1,-1,1,-1,1,1,-2672.0,1,2000,445,500,False
407,-1,-1,1,1,1,1,-1,1,-1,-1,-1,1,-1,1,-1,-1,1,-1,1,1,-1,-1,-1,-1,-1,1,-1,-1,-1,-1,-1,-1,1,1,-1,-1,1,-1,-1,-1,1,-1,-1,-1,-1,-1,-1,-1,1,1,-1,-1,1,-1,1,-1,-1,1,-1,-1,-1,1,1,1,-1,-1,-1,-1,-1,-1,-1,1,-1,-1,-1,-1,-1,-1,1,-1,-1,1,1,-1,1,-1,-1,-1,-1,1,-1,-1,-1,-1,-1,-1,-1,1,1,1,-1,-1,-1,-1,1,1,-1,-1,-1,-1,-1,1,1,1,-1,-1,-1,-1,1,1,-1,-1,-1,-1,-1,1,1,-1,1,-1,-1,-1,1,1,-1,1,-1,-1,-1,-1,1,-1,1,-1,-1,-1,1,1,1,-1,-1,-1,-1,-1,-1,1,-1,1,-1,-1,1,1,1,1,-1,-1,-1,1,-1,1,-1,-1,-1,-1,1,1,-1,1,-1,-1,1,-1,-1,1,-1,-1,-1,1,1,1,1,1,-1,1,1,1,-1,1,1,-1,-1,1,1,-1,1,1,-1,-1,-1,1,-1,1,1,-1,-1,1,1,-1,1,1,-1,1,1,1,-1,-1,1,1,-1,-1,1,-1,1,1,-1,1,-1,1,-1,1,1,-1,-1,1,1,-1,1,1,1,-1,-1,1,-1,1,1,1,-1,1,1,-1,1,1,-1,-1,1,-1,1,-1,1,-1,-1,1,-1,-1,1,1,1,-1,1,-1,-1,-1,1,1,-1,-1,1,1,-1,1,-1,-1,-1,1,1,-1,1,-1,1,-1,-1,1,-1,1,1,-1,1,-1,1,1,-1,1,-1,-1,-1,1,-1,-1,1,-1,-1,-1,1,1,-1,1,1,1,-1,1,-1,-1,1,1,1,-1,1,-1,1,1,-1,1,-1,1,-1,1,1,1,-1,1,1,-1,1,-1,1,-1,-1,1,-1,1,1,1,1,1,1,-1,1,1,1,1,1,-1,-1,1,1,1,1,1,-1,-1,1,1,1,1,1,-1,-1,-1,-1,1,-1,1,1,-1,1,1,1,1,1,1,-1,-1,-1,1,1,-1,-1,-1,1,-1,-1,-1,1,1,-1,1,-1,1,-1,1,-1,1,-1,1,1,1,1,-1,1,-1,1,1,-1,1,-1,-1,-1,-1,1,1,1,1,-1,-1,1,-1,1,1,-1,-1,1,-1,-1,1,-1,1,-1,1,-1,1,1,1,-1,-1,1,1,-1,1,-1,1,-1,-1,1,-1,1,-1,-1,-1,-1,1,-1,-1,1,1,-1,-1,-1,-1,1,1,-1,1,-1,1,-1,1,-1,1,-1,-1,1,-1,1,-1,-1,-1,1,1,-1,1,-1,1,-1,1,-1,1,1,1,1,-1,1,-1,-1,1,-1,-1,-1,1,-1,1,-1,1,1,-1,1,-1,-1,1,-1,-1,1,-1,1,-1,1,-1,1,-1,1,1,-1,1,-1,1,-1,1,-1,-1,1,-1,1,1,1,1,-1,-1,1,1,-1,1,1,-1,-1,1,1,1,-1,1,1,-1,1,1,1,1,1,-1,1,-1,-1,-1,1,-1,-1,1,-1,1,-1,1,-1,1,-1,-1,-1,1,1,-1,1,1,-1,1,-1,1,-1,1,1,-1,1,-1,1,-1,-1,-1,-1,1,-1,1,-1,-1,-1,-1,1,-1,1,-1,1,1,1,1,-1,1,-1,1,1,-1,1,-1,1,-1,-1,1,-1,1,-1,-1,1,1,1,1,1,-1,1,1,1,1,-1,1,-1,-1,1,1,1,-1,-1,-1,-1,1,1,1,-1,-1,-1,1,-1,1,-1,1,1,-1,-1,1,1,1,-1,1,-1,-1,1,1,1,1,1,1,-1,1,1,1,1,-1,1,-1,1,-1,1,-1,1,1,-1,1,1,1,1,1,1,-1,1,-1,1,1,1,1,-1,1,1,-1,1,1,1,-1,1,1,1,1,1,1,-1,1,1,-1,-1,1,-1,-1,-1,1,1,-1,1,-1,-1,1,-1,1,1,1,-1,-1,1,-1,1,-1,1,1,-1,-1,1,-1,-1,1,-1,-1,1,-1,1,-1,1,1,-1,-1,-1,1,-1,1,1,-1,1,-1,1,-1,1,1,1,-1,-1,1,-1,1,-1,-1,-1,1,-1,-1,1,1,-1,-1,-1,1,-1,1,1,-1,-1,-1,1,-1,1,1,-1,-1,-1,1,-1,1,1,1,1,1,1,-1,1,1,-1,-1,1,-1,-1,1,1,1,-1,1,-1,1,1,1,1,-1,-1,-1,-1,1,1,1,-1,1,1,-1,1,1,1,-1,1,-1,-1,1,1,1,-1,1,1,1,1,1,1,-1,1,-1,1,1,1,1,1,-1,1,1,1,1,1,1,-1,-1,1,-1,1,1,1,-1,1,1,1,1,1,1,-1,-1,1,1,1,1,1,-1,1,1,-1,1,1,-1,1,1,1,1,1,1,-1,-1,1,1,1,1,1,-1,-1,1,1,1,1,1,1,-1,1,1,1,1,1,1,-1,1,1,1,1,1,1,-1,1,1,-1,1,1,1,-1,1,1,-1,1,1,1,-1,1,-1,-1,1,1,1,-1,-1,1,-1,1,1,1,-1,1,1,-1,1,-1,1,-1,1,1,-1,1,1,1,-1,-1,-1,1,1,1,1,1,-1,1,1,1,1,-1,1,-1,1,1,1,-1,-1,1,-1,1,1,-1,1,-1,-1,-1,1,-1,1,-1,1,-1,-1,1,-1,1,-1,-1,-1,-1,1,-1,1,-1,1,-1,-1,-1,1,1,-1,1,-1,-1,-1,-1,1,1,-1,1,-1,1,-1,1,1,1,1,-1,-1,1,1,-1,-1,1,1,1,1,1,-1,1,-1,-1,1,1,-1,-1,1,-1,-1,-1,-1,1,-1,1,-1,1,1,1,-1,-1,-1,-1,-1,-1,-1,-1,-1,1,-1,1,1,1,-1,1,1,-1,1,1,1,1,-1,1,-1,1,1,1,1,-1,1,-1,1,1,1,1,-1,1,-1,1,1,1,1,-1,1,-1,1,-1,1,-1,-1,1,-1,-1,1,1,-1,-1,-1,1,-1,1,-1,1,-1,1,-1,-1,1,-2672.0,1,2000,445,1500,True
408,1,1,-1,-1,1,-1,-1,-1,1,1,1,-1,1,1,1,1,-1,1,-1,-1,-1,-1,1,1,1,-1,-1,-1,1,1,1,1,1,-1,-1,-1,1,-1,1,1,-1,-1,-1,1,1,1,-1,-1,1,1,1,1,-1,1,-1,-1,1,-1,1,1,1,-1,-1,-1,1,1,1,-1,-1,-1,-1,1,1,1,1,-1,-1,-1,1,1,1,-1,-1,-1,1,1,1,1,-1,-1,-1,1,1,1,1,-1,-1,1,1,-1,1,1,-1,-1,1,1,1,1,1,-1,-1,1,1,1,1,1,-1,-1,1,1,1,1,1,1,-1,-1,1,1,-1,1,1,-1,1,1,1,1,1,1,-1,-1,1,1,1,1,1,-1,1,1,1,1,1,1,-1,-1,-1,1,1,1,1,-1,1,1,1,1,-1,1,-1,1,1,1,1,1,-1,-1,1,1,1,1,1,-1,1,-1,-1,1,-1,1,-1,1,1,1,1,1,1,-1,1,1,-1,1,-1,1,1,-1,1,-1,1,-1,1,-1,-1,1,-1,1,-1,1,-1,1,1,-1,1,-1,1,1,1,1,-1,-1,1,1,-1,-1,1,-1,1,-1,-1,1,-1,1,-1,1,-1,1,-1,1,1,-1,-1,-1,1,-1,1,1,-1,1,1,1,1,1,1,-1,-1,-1,-1,1,1,-1,1,-1,1,-1,1,1,-1,-1,-1,1,1,1,1,-1,-1,-1,1,1,-1,1,1,1,-1,-1,1,1,1,1,1,-1,1,1,-1,1,-1,1,-1,1,1,1,1,-1,1,-1,1,1,1,1,1,1,-1,-1,1,-1,1,-1,1,1,-1,1,1,1,-1,1,1,1,1,1,-1,1,1,-1,1,1,1,-1,1,1,-1,1,1,-1,1,-1,1,-1,-1,1,-1,1,-1,1,-1,1,1,1,-1,1,1,-1,1,1,1,-1,1,1,-1,1,1,1,1,1,1,1,-1,1,1,1,1,1,-1,1,-1,1,-1,1,1,1,-1,1,1,-1,-1,1,1,-1,1,1,-1,1,-1,1,-1,-1,-1,-1,1,1,1,-1,1,1,-1,1,1,-1,-1,1,1,-1,1,1,-1,1,1,-1,1,1,1,1,1,-1,1,-1,-1,-1,1,-1,1,-1,-1,1,1,1,-1,-1,-1,1,-1,-1,1,-1,1,-1,-1,1,1,1,1,-1,-1,1,-1,-1,1,-1,1,-1,-1,-1,-1,1,1,1,-1,-1,1,-1,1,1,-1,-1,1,-1,1,-1,1,-1,-1,-1,1,-1,1,1,-1,-1,-1,-1,1,1,-1,1,-1,-1,1,-1,1,-1,-1,1,-1,1,1,1,-1,-1,-1,-1,-1,1,1,1,-1,1,-1,1,-1,1,-1,-1,-1,1,-1,1,1,1,-1,-1,1,-1,-1,1,-1,-1,-1,-1,-1,-1,1,-1,-1,-1,1,-1,-1,1,-1,-1,-1,-1,-1,-1,1,-1,-1,-1,-1,1,-1,-1,1,1,1,-1,1,-1,1,-1,1,1,1,-1,-1,-1,1,-1,-1,1,1,1,-1,1,-1,1,1,1,-1,1,1,-1,1,-1,1,-1,1,1,-1,-1,1,1,1,-1,1,-1,-1,1,1,-1,-1,1,-1,-1,1,1,-1,-1,1,-1,-1,-1,1,1,-1,1,1,-1,-1,1,-1,-1,1,-1,1,-1,1,1,-1,-1,1,-1,-1,-1,-1,-1,-1,1,1,-1,-1,1,-1,1,1,-1,-1,1,-1,-1,1,1,-1,-1,1,-1,-1,1,1,-1,1,-1,-1,-1,-1,1,1,-1,-1,-1,-1,1,1,-1,-1,1,-1,-1,-1,1,1,-1,-1,-1,-1,-1,1,-1,-1,-1,-1,-1,1,1,1,-1,-1,-1,-1,-1,1,1,-1,-1,-1,-1,-1,1,1,1,-1,-1,-1,-1,1,1,-1,-1,-1,-1,1,1,1,1,1,-1,1,1,1,1,1,1,-1,-1,1,1,1,-1,-1,-1,1,1,1,1,-1,1,-1,-1,1,-1,1,-1,1,-1,-1,1,-1,1,1,1,-1,-1,1,-1,1,-1,1,1,-1,1,-1,1,1,1,1,-1,1,-1,1,1,1,-1,-1,1,1,-1,1,1,-1,-1,1,-1,1,-1,1,-1,-1,-1,-1,-1,1,1,-1,-1,1,-1,-1,1,1,-1,-1,-1,-1,1,-1,1,-1,-1,-1,-1,1,1,-1,-1,1,-1,-1,1,-1,1,-1,-1,-1,-1,-1,1,1,1,-1,-1,-1,1,1,1,-1,-1,1,-1,-1,-1,1,-1,1,-1,-1,1,1,1,-1,-1,-1,-1,1,-1,1,1,-1,1,-1,-1,1,1,-1,-1,-1,-1,-1,-1,1,1,-1,-1,1,-1,1,1,-1,-1,-1,1,-1,1,1,-1,-1,1,1,-1,1,1,1,-1,1,-1,1,1,1,-1,-1,1,-1,-1,1,-1,1,1,-1,1,-1,1,1,1,-1,1,-1,-1,1,1,-1,1,-1,1,-1,1,1,1,1,1,-1,-1,1,1,1,1,1,-1,-1,1,1,1,1,-1,-1,-1,1,-1,1,1,1,-1,1,1,1,-1,1,1,-1,-1,1,1,1,1,1,-1,1,1,1,1,1,1,-1,1,-1,1,1,1,1,-1,1,-1,1,1,1,-1,1,1,1,1,1,1,-1,-1,1,1,1,1,-1,1,-1,1,1,-1,1,1,1,-1,1,1,1,1,1,-1,-1,1,-1,1,1,1,-1,1,-1,1,1,1,1,-1,1,1,1,-1,1,1,1,-1,1,1,-1,1,1,1,-1,-1,-1,1,1,1,-1,-1,-1,-1,1,-1,1,-1,1,1,1,1,1,-1,-1,1,1,1,1,1,1,-1,1,-1,1,1,1,-1,-1,1,-1,-1,-1,-1,-1,-1,1,-1,1,1,1,-1,1,1,-1,-1,1,1,1,-1,1,-1,1,1,1,1,-1,1,-1,1,1,1,1,-1,1,-1,1,1,1,1,-1,1,-1,1,-1,1,-1,-1,1,-1,-1,1,1,-1,-1,-1,-1,1,1,1,1,-1,1,1,-1,1,-2672.0,1,2000,445,1000,False
409,1,1,-1,-1,1,-1,-1,-1,1,1,1,-1,1,1,1,1,-1,1,-1,-1,-1,-1,1,1,1,-1,-1,-1,1,1,1,1,-1,-1,-1,-1,1,1,1,1,-1,-1,-1,1,1,1,1,-1,1,1,1,1,-1,1,-1,-1,1,-1,1,1,1,-1,-1,-1,1,1,1,1,-1,-1,-1,1,1,1,1,-1,-1,-1,1,1,1,-1,-1,-1,1,1,1,1,-1,-1,-1,1,1,1,1,-1,-1,1,1,-1,1,1,-1,-1,1,1,1,1,1,-1,-1,-1,1,-1,1,1,-1,-1,1,1,1,1,1,1,-1,-1,1,1,-1,1,1,-1,1,1,1,1,1,1,-1,1,1,1,1,1,1,-1,1,1,1,1,1,1,-1,-1,-1,1,1,1,1,-1,1,1,1,1,-1,1,-1,1,-1,1,1,1,-1,-1,1,1,1,1,1,-1,1,-1,-1,1,-1,1,-1,1,1,1,1,1,1,1,1,1,-1,1,-1,1,-1,1,1,-1,1,-1,1,1,-1,1,-1,1,-1,1,-1,1,1,-1,1,-1,1,1,1,1,-1,-1,1,1,-1,-1,1,-1,1,-1,-1,1,-1,1,-1,1,-1,1,-1,1,1,-1,-1,-1,1,1,-1,1,-1,1,1,1,-1,1,1,-1,-1,-1,1,-1,1,-1,1,-1,1,1,-1,1,-1,-1,-1,1,1,-1,1,-1,-1,-1,1,1,-1,-1,1,1,-1,-1,1,1,-1,1,1,-1,1,1,1,1,-1,1,-1,1,1,-1,1,-1,1,-1,1,1,1,1,1,1,-1,-1,1,-1,-1,1,1,1,-1,1,1,1,-1,1,1,1,1,1,1,1,1,-1,1,1,1,-1,1,1,-1,1,1,1,-1,1,1,-1,-1,1,1,1,-1,1,-1,1,1,1,-1,1,1,-1,1,1,1,-1,1,1,-1,1,1,1,-1,1,1,-1,-1,1,1,-1,1,1,-1,1,-1,1,-1,1,1,1,-1,1,1,1,-1,1,1,-1,1,1,-1,1,1,1,-1,-1,-1,-1,1,1,1,-1,1,1,-1,1,1,-1,-1,1,1,1,1,1,-1,1,1,1,-1,1,1,1,1,-1,1,1,-1,-1,1,-1,1,-1,1,-1,1,1,-1,-1,-1,1,-1,-1,1,-1,1,-1,1,-1,1,1,1,-1,-1,1,-1,-1,1,-1,1,-1,1,-1,1,1,1,1,-1,-1,1,-1,1,1,-1,-1,1,1,1,-1,1,-1,-1,1,-1,-1,1,1,-1,-1,1,-1,1,1,-1,1,-1,1,-1,1,1,-1,-1,1,1,1,1,1,-1,-1,-1,1,-1,1,1,1,-1,1,-1,1,-1,1,-1,-1,-1,1,-1,1,1,1,-1,-1,1,-1,-1,1,-1,-1,-1,1,-1,-1,1,-1,-1,-1,1,-1,-1,1,-1,-1,-1,-1,1,-1,1,-1,-1,-1,-1,1,-1,-1,1,1,1,-1,1,-1,1,-1,1,1,1,-1,-1,-1,1,-1,-1,1,1,1,-1,1,-1,1,1,1,-1,1,1,-1,-1,-1,1,-1,-1,1,-1,-1,1,1,1,-1,1,-1,-1,1,1,-1,-1,1,-1,-1,1,1,-1,-1,1,-1,-1,-1,1,1,-1,1,1,-1,-1,1,-1,-1,1,-1,1,-1,1,1,-1,-1,1,-1,-1,-1,-1,-1,1,1,1,-1,-1,1,-1,-1,1,-1,-1,1,-1,-1,1,1,-1,-1,1,1,-1,1,1,-1,1,-1,1,-1,-1,1,1,-1,-1,-1,-1,1,1,-1,-1,1,-1,-1,-1,1,1,-1,-1,-1,-1,-1,1,-1,-1,-1,-1,-1,1,1,1,-1,-1,-1,-1,-1,1,1,-1,-1,-1,-1,-1,1,1,1,-1,-1,-1,-1,1,1,-1,-1,-1,-1,1,1,1,1,1,-1,1,1,1,1,1,1,-1,-1,1,1,1,-1,-1,-1,1,1,1,1,-1,1,-1,-1,1,-1,1,-1,1,-1,-1,1,-1,1,-1,1,-1,-1,1,-1,1,-1,1,-1,-1,1,-1,1,1,1,-1,-1,1,-1,1,1,1,-1,-1,1,1,-1,1,1,-1,-1,1,-1,1,-1,1,-1,-1,-1,-1,-1,1,1,-1,-1,1,-1,-1,1,1,-1,-1,-1,-1,1,-1,1,-1,-1,-1,-1,1,1,-1,-1,1,-1,-1,1,-1,1,-1,-1,-1,-1,-1,1,1,1,-1,-1,-1,1,1,1,-1,-1,1,1,-1,-1,1,-1,1,-1,-1,1,1,1,-1,-1,-1,-1,1,-1,1,1,-1,1,-1,-1,1,1,-1,-1,-1,-1,-1,-1,1,1,-1,-1,1,-1,1,1,-1,-1,-1,1,-1,1,1,-1,-1,1,-1,-1,1,1,1,-1,1,-1,1,1,1,-1,-1,1,-1,-1,1,1,1,-1,1,-1,-1,1,1,-1,1,1,-1,-1,1,1,-1,1,1,-1,-1,1,1,-1,1,1,-1,-1,1,1,1,1,1,1,-1,1,1,1,1,1,-1,-1,1,-1,1,1,1,1,-1,-1,1,-1,1,1,1,-1,1,1,1,1,-1,1,-1,1,1,1,1,1,1,1,-1,-1,1,1,1,-1,1,-1,1,1,1,1,1,-1,1,1,1,1,-1,1,1,-1,1,1,-1,1,1,-1,-1,1,1,1,1,-1,1,-1,1,1,1,-1,-1,1,-1,1,1,1,-1,1,-1,-1,-1,1,1,-1,-1,1,-1,-1,1,1,1,-1,1,-1,1,1,1,1,-1,1,-1,-1,1,1,-1,-1,-1,1,1,-1,1,-1,1,1,-1,1,1,-1,-1,1,1,-1,-1,1,1,-1,1,1,1,1,1,-1,-1,-1,-1,-1,-1,-1,-1,-1,-1,1,1,1,1,-1,1,1,-1,1,1,1,1,-1,1,-1,1,1,1,-1,-1,1,-1,1,1,1,-1,-1,1,-1,1,1,1,-1,-1,1,-1,1,-1,1,1,-1,1,-1,1,1,1,-1,-1,-1,1,-1,1,-1,1,-1,1,-1,1,1,-2672.0,1,2000,445,500,False
410,1,1,-1,-1,1,-1,-1,-1,1,1,1,-1,1,1,1,1,-1,1,-1,-1,-1,-1,1,1,1,-1,-1,-1,1,1,1,1,-1,-1,-1,-1,1,1,1,1,-1,-1,-1,1,1,1,1,-1,1,1,1,1,-1,1,-1,-1,1,-1,1,1,1,-1,-1,-1,1,1,1,1,-1,-1,-1,1,1,1,1,-1,-1,-1,1,1,1,-1,-1,-1,1,1,1,1,-1,-1,-1,1,1,1,1,-1,-1,1,1,-1,1,1,-1,-1,1,1,1,1,1,-1,-1,1,1,-1,1,1,-1,-1,1,1,1,1,1,1,-1,-1,1,1,-1,1,1,-1,1,1,1,1,1,1,-1,-1,1,1,1,1,1,-1,1,1,1,1,1,1,-1,-1,-1,1,1,1,1,-1,1,1,1,1,-1,1,-1,1,-1,1,1,1,-1,-1,1,1,1,1,1,-1,1,-1,-1,1,-1,1,-1,1,1,1,1,1,1,1,1,1,-1,1,-1,1,-1,1,1,-1,1,-1,1,1,-1,1,-1,1,-1,1,-1,1,1,-1,1,-1,1,1,1,1,-1,-1,1,1,-1,-1,1,-1,1,-1,-1,1,-1,1,-1,1,-1,1,-1,1,1,-1,-1,-1,1,1,-1,1,-1,1,1,1,-1,1,1,-1,1,-1,1,-1,1,-1,1,-1,1,1,-1,1,-1,-1,-1,1,1,-1,1,-1,-1,-1,1,1,-1,-1,1,1,-1,-1,1,1,-1,1,1,-1,1,1,1,1,-1,1,-1,1,1,-1,1,-1,1,1,1,1,1,1,1,1,-1,-1,1,-1,-1,1,1,1,-1,1,1,1,-1,1,1,1,1,1,1,1,1,-1,1,1,1,-1,1,1,-1,1,1,1,-1,1,1,-1,-1,1,1,1,-1,1,-1,1,1,1,-1,1,1,-1,1,1,1,-1,1,1,-1,1,1,1,-1,1,1,-1,-1,-1,1,-1,1,1,-1,1,1,1,-1,1,1,1,-1,-1,1,1,-1,1,1,-1,1,1,-1,1,1,1,-1,-1,1,1,1,1,1,-1,1,-1,-1,1,1,-1,-1,-1,1,-1,1,1,-1,1,-1,1,1,1,1,1,1,-1,1,-1,-1,-1,1,-1,1,-1,-1,1,1,1,-1,1,-1,1,-1,-1,1,1,-1,1,-1,1,1,1,1,1,-1,1,-1,-1,1,-1,1,-1,-1,-1,-1,1,1,1,-1,-1,1,-1,1,1,1,-1,1,-1,1,-1,1,1,-1,-1,1,-1,1,1,1,1,-1,-1,1,1,1,1,-1,-1,1,1,1,1,-1,1,-1,1,-1,1,1,-1,-1,-1,-1,1,1,1,-1,1,-1,1,-1,1,1,-1,-1,1,-1,1,1,1,1,-1,1,-1,-1,-1,1,1,-1,-1,-1,1,-1,1,-1,-1,1,-1,-1,1,-1,1,-1,-1,-1,-1,1,-1,1,-1,-1,1,-1,-1,1,1,1,-1,1,-1,1,-1,-1,1,1,-1,-1,-1,1,-1,-1,1,1,1,-1,1,-1,1,1,1,-1,1,1,-1,-1,-1,1,-1,-1,1,-1,-1,1,1,1,-1,1,-1,-1,1,1,-1,-1,1,-1,-1,1,1,-1,-1,1,-1,-1,-1,1,1,-1,1,1,-1,-1,1,-1,-1,1,-1,1,-1,1,1,-1,-1,1,-1,-1,-1,-1,-1,1,1,1,-1,1,1,-1,-1,1,-1,1,-1,-1,-1,1,1,-1,-1,-1,1,-1,1,1,-1,1,1,1,-1,-1,1,1,-1,-1,-1,-1,1,1,-1,-1,1,-1,-1,-1,1,1,-1,-1,-1,-1,-1,1,-1,-1,1,-1,-1,1,1,1,-1,1,-1,-1,-1,1,1,-1,-1,-1,-1,-1,1,1,1,-1,-1,-1,-1,1,1,-1,-1,-1,-1,1,1,1,1,-1,-1,1,1,1,1,1,-1,-1,-1,1,1,1,-1,1,-1,1,1,1,1,-1,1,-1,-1,1,-1,1,-1,1,-1,-1,1,-1,1,-1,-1,-1,-1,1,-1,1,-1,1,-1,-1,1,-1,1,-1,1,-1,-1,1,-1,1,-1,-1,-1,-1,1,1,-1,-1,-1,-1,-1,1,-1,1,-1,-1,-1,-1,-1,-1,-1,1,-1,-1,-1,1,-1,-1,1,-1,-1,-1,-1,-1,-1,1,-1,-1,-1,-1,-1,1,-1,-1,-1,1,-1,-1,1,-1,1,-1,-1,-1,-1,1,-1,-1,1,-1,-1,-1,-1,1,1,-1,-1,1,-1,1,-1,-1,-1,1,-1,-1,-1,-1,1,-1,-1,-1,-1,-1,1,1,1,-1,1,-1,1,-1,1,-1,-1,-1,-1,-1,-1,1,1,-1,-1,1,-1,1,1,-1,-1,-1,1,-1,1,1,-1,-1,1,-1,-1,1,1,1,-1,1,-1,1,1,1,-1,-1,1,-1,-1,1,1,1,-1,1,-1,-1,1,1,-1,1,1,-1,-1,1,1,-1,1,1,-1,-1,1,1,-1,1,1,-1,-1,1,1,1,1,1,1,-1,1,1,1,-1,1,-1,-1,1,-1,1,1,1,1,-1,-1,1,-1,1,1,1,-1,1,1,1,1,-1,1,-1,1,1,1,1,1,1,1,-1,1,1,1,1,-1,1,-1,1,1,1,1,1,-1,1,1,1,1,-1,1,-1,1,1,1,-1,1,1,1,1,1,1,1,1,-1,1,1,1,1,1,-1,-1,1,-1,1,1,1,-1,1,-1,1,1,1,1,-1,-1,1,1,-1,1,1,-1,-1,1,1,-1,1,1,1,-1,1,-1,1,1,1,-1,-1,-1,-1,1,-1,1,-1,1,1,1,1,1,-1,-1,1,1,1,1,1,1,-1,1,-1,1,1,1,-1,-1,-1,-1,-1,-1,-1,-1,-1,-1,-1,1,1,1,-1,1,1,-1,-1,1,1,1,-1,1,-1,1,1,1,1,-1,1,-1,1,1,1,1,-1,1,-1,1,1,1,1,-1,1,-1,1,-1,1,-1,-1,1,-1,-1,1,1,-1,-1,-1,-1,1,1,-1,1,-1,1,-1,-1,1,-2672.0,1,2000,445,500,False
411,1,1,-1,-1,1,-1,-1,-1,1,1,1,-1,1,1,1,1,-1,1,-1,-1,1,-1,1,1,1,-1,-1,-1,1,1,1,1,-1,-1,-1,-1,1,-1,1,1,-1,-1,-1,1,1,1,1,-1,1,1,1,1,-1,1,-1,-1,1,-1,1,1,1,-1,-1,-1,1,1,1,1,-1,-1,-1,1,1,1,1,-1,-1,-1,1,1,1,-1,-1,-1,1,1,1,1,-1,-1,-1,1,1,1,1,-1,-1,1,1,-1,1,1,-1,-1,1,1,1,1,1,-1,-1,1,1,1,1,1,-1,-1,1,1,1,1,1,1,-1,1,1,1,-1,1,1,-1,1,1,1,1,1,1,-1,-1,1,1,1,1,1,-1,1,1,1,1,1,1,-1,-1,-1,1,1,1,1,-1,1,1,1,1,-1,1,-1,1,-1,1,1,1,-1,-1,1,1,1,1,1,-1,1,-1,-1,1,-1,1,-1,1,1,1,1,1,1,1,1,1,-1,1,-1,1,-1,1,1,-1,1,-1,1,1,-1,1,-1,1,-1,1,-1,1,1,-1,-1,-1,1,1,1,1,-1,-1,1,1,-1,-1,1,-1,1,-1,1,1,-1,1,-1,1,-1,1,-1,1,1,-1,-1,-1,1,1,-1,1,-1,1,1,1,-1,1,1,-1,1,-1,1,-1,1,-1,1,-1,1,1,-1,1,-1,-1,-1,1,1,-1,1,-1,-1,-1,1,1,-1,-1,1,1,-1,-1,1,1,-1,1,1,-1,1,1,1,1,-1,1,-1,1,1,-1,1,-1,1,1,-1,1,1,1,1,1,-1,-1,1,-1,-1,-1,1,1,-1,1,1,1,-1,1,-1,-1,1,1,1,1,1,-1,1,1,1,-1,1,1,-1,1,1,1,-1,1,1,-1,-1,1,1,1,-1,1,-1,1,1,1,-1,1,1,-1,1,1,1,-1,1,-1,-1,1,1,1,-1,1,-1,-1,-1,1,1,-1,1,-1,-1,1,-1,1,-1,1,1,-1,-1,1,1,1,-1,1,-1,-1,1,1,-1,1,-1,-1,-1,-1,-1,-1,1,1,-1,-1,1,1,-1,1,-1,1,-1,1,1,1,1,-1,-1,1,1,1,-1,1,-1,-1,-1,-1,1,1,-1,1,-1,-1,1,-1,1,-1,-1,-1,1,-1,-1,1,-1,1,-1,-1,1,-1,1,-1,-1,-1,1,1,-1,1,-1,1,-1,-1,1,-1,1,-1,-1,-1,-1,1,-1,-1,1,1,-1,-1,1,-1,1,1,-1,1,-1,1,-1,1,-1,1,-1,-1,1,-1,1,-1,-1,-1,1,1,-1,1,-1,1,-1,1,-1,1,1,1,1,-1,1,-1,-1,1,-1,-1,-1,1,-1,1,-1,1,1,-1,1,-1,-1,1,-1,-1,1,-1,1,-1,1,-1,1,-1,1,1,-1,1,-1,1,-1,1,-1,-1,1,-1,1,1,1,1,-1,-1,1,1,-1,1,1,-1,-1,1,1,1,-1,1,1,-1,1,1,1,1,1,1,1,-1,-1,-1,1,-1,1,1,-1,1,-1,1,-1,1,-1,-1,-1,1,1,-1,1,1,-1,-1,-1,1,-1,1,1,-1,1,-1,1,-1,-1,-1,-1,-1,-1,1,-1,-1,-1,-1,-1,-1,1,-1,1,1,1,1,-1,1,-1,1,1,-1,-1,-1,1,-1,-1,1,-1,1,-1,-1,1,1,1,1,-1,-1,1,1,1,1,-1,1,-1,-1,1,1,1,-1,-1,-1,1,1,1,1,-1,-1,-1,1,-1,1,-1,1,-1,-1,-1,1,1,1,-1,-1,-1,1,1,1,1,1,-1,-1,-1,1,1,1,1,-1,-1,-1,1,-1,1,-1,-1,-1,-1,1,1,1,1,-1,-1,1,1,1,1,1,-1,-1,-1,1,1,-1,1,-1,-1,-1,1,1,1,1,-1,-1,1,1,1,1,-1,-1,1,1,-1,1,1,-1,-1,-1,1,1,1,1,1,-1,1,1,1,1,1,-1,-1,-1,1,-1,1,-1,-1,-1,-1,1,-1,1,1,1,-1,-1,1,-1,1,1,-1,1,-1,1,1,1,1,-1,1,-1,1,-1,1,1,-1,-1,-1,1,1,-1,-1,-1,-1,-1,1,-1,1,-1,-1,-1,-1,-1,-1,-1,1,-1,-1,-1,1,-1,-1,1,-1,-1,-1,-1,-1,-1,1,-1,-1,-1,-1,-1,1,-1,-1,-1,1,-1,-1,1,-1,1,-1,-1,-1,-1,-1,-1,-1,1,-1,-1,-1,1,1,1,-1,-1,-1,1,-1,-1,-1,-1,1,-1,-1,1,1,1,-1,-1,-1,-1,1,-1,1,1,-1,1,-1,-1,1,1,-1,-1,-1,-1,-1,-1,1,1,-1,-1,1,-1,1,1,-1,-1,-1,1,-1,1,1,-1,-1,1,-1,-1,1,1,1,-1,1,-1,1,1,1,-1,-1,1,-1,-1,1,-1,1,-1,1,-1,-1,1,1,-1,1,1,-1,-1,1,1,-1,1,1,-1,-1,1,1,-1,1,1,-1,-1,1,1,1,1,1,1,-1,1,1,1,-1,1,-1,-1,1,-1,1,1,1,1,-1,-1,1,-1,1,1,1,-1,1,1,1,1,-1,1,-1,1,1,1,1,1,1,1,-1,-1,1,1,1,-1,1,-1,1,1,1,1,1,-1,1,1,1,1,-1,1,1,-1,1,1,-1,1,1,-1,-1,1,1,1,1,-1,1,-1,1,1,1,-1,-1,1,-1,1,1,1,-1,1,-1,-1,-1,1,1,-1,-1,1,-1,-1,1,1,1,-1,1,-1,1,1,1,1,-1,1,-1,-1,1,1,-1,-1,-1,1,1,-1,1,-1,1,1,-1,1,1,-1,-1,1,1,-1,-1,1,1,-1,1,1,1,1,1,-1,-1,-1,-1,-1,-1,-1,-1,-1,-1,1,1,1,1,-1,1,1,-1,1,1,1,1,-1,1,-1,1,1,1,1,-1,1,-1,1,1,1,1,-1,1,-1,1,1,1,1,-1,1,-1,1,1,-1,-1,-1,1,-1,1,1,1,-1,-1,-1,1,-1,1,-1,1,-1,1,-1,1,1,-2672.0,1,2000,445,500,False
412,1,1,-1,-1,1,-1,-1,-1,1,1,1,-1,1,1,1,1,-1,1,-1,-1,-1,-1,1,1,1,-1,-1,-1,1,1,1,1,1,-1,-1,-1,1,-1,1,1,-1,-1,-1,1,1,1,1,-1,1,1,1,1,-1,1,-1,-1,1,-1,1,1,1,-1,-1,-1,1,1,1,1,-1,-1,-1,1,1,1,1,-1,-1,-1,1,1,1,-1,-1,-1,1,1,1,1,-1,-1,-1,1,1,1,1,-1,-1,1,1,-1,1,1,-1,-1,1,1,1,1,1,-1,-1,-1,1,1,1,1,-1,-1,1,1,1,1,1,1,-1,-1,1,1,-1,1,1,-1,1,1,1,1,1,1,-1,1,1,1,1,1,1,-1,1,1,1,1,1,1,-1,-1,-1,1,1,1,1,-1,1,1,1,1,-1,1,-1,1,-1,1,1,1,-1,-1,1,1,1,1,1,-1,1,-1,-1,1,-1,1,-1,1,1,1,1,1,1,1,1,1,-1,1,-1,1,-1,1,1,-1,1,-1,1,1,-1,1,-1,1,-1,1,-1,1,1,-1,1,-1,1,1,1,1,-1,-1,1,1,-1,-1,1,-1,1,-1,-1,1,-1,1,-1,1,-1,1,-1,-1,1,-1,-1,-1,1,1,-1,1,-1,1,1,1,-1,1,-1,-1,1,-1,1,-1,1,1,1,-1,1,1,-1,1,-1,-1,-1,1,1,-1,1,-1,-1,-1,1,1,-1,-1,1,1,-1,-1,1,1,-1,1,1,-1,1,1,1,1,-1,1,-1,1,1,-1,1,-1,1,1,1,1,1,1,1,1,-1,-1,1,-1,-1,-1,1,1,-1,1,1,1,-1,1,1,1,1,1,1,1,1,-1,1,1,1,-1,1,1,-1,1,1,1,-1,1,1,-1,-1,1,1,1,-1,1,-1,1,1,1,-1,1,1,-1,1,1,1,-1,1,1,-1,1,1,1,-1,1,1,-1,-1,1,1,-1,1,1,-1,1,-1,1,-1,1,1,1,-1,1,1,1,-1,1,1,-1,1,1,-1,1,1,1,-1,-1,-1,-1,1,1,1,-1,1,1,-1,1,1,-1,-1,1,1,1,1,1,-1,1,1,1,-1,1,1,1,-1,-1,1,1,-1,-1,1,-1,1,-1,1,-1,1,1,-1,-1,-1,1,-1,-1,1,1,-1,1,1,-1,1,1,1,1,-1,1,-1,-1,1,-1,1,-1,1,-1,1,1,1,1,-1,-1,1,-1,1,1,1,-1,1,1,1,-1,1,1,-1,1,-1,-1,1,1,1,-1,-1,-1,1,1,1,1,-1,1,-1,1,1,1,-1,1,1,-1,-1,1,1,-1,-1,1,-1,1,1,1,-1,1,-1,1,-1,1,1,-1,-1,1,-1,1,1,1,1,-1,1,-1,-1,-1,1,1,-1,-1,-1,1,-1,1,-1,-1,1,-1,-1,1,-1,1,-1,-1,1,-1,1,-1,1,-1,-1,1,-1,-1,1,1,1,-1,1,-1,1,-1,-1,-1,1,-1,-1,-1,1,-1,-1,-1,1,1,-1,1,-1,1,1,1,-1,1,1,-1,-1,-1,1,-1,-1,1,-1,-1,1,1,1,-1,1,-1,-1,1,1,-1,-1,1,-1,-1,1,1,-1,-1,1,-1,-1,-1,1,1,-1,1,-1,-1,-1,1,-1,-1,1,-1,1,-1,1,1,-1,-1,1,-1,-1,-1,-1,-1,1,1,1,-1,1,1,-1,-1,1,-1,-1,-1,-1,-1,1,1,-1,-1,-1,-1,-1,1,1,-1,1,1,1,-1,-1,1,1,-1,-1,-1,-1,-1,1,-1,-1,1,-1,-1,-1,1,1,-1,-1,-1,-1,-1,1,-1,-1,1,-1,-1,1,1,1,-1,1,-1,-1,-1,1,1,-1,-1,-1,-1,-1,1,1,1,-1,-1,-1,-1,1,1,-1,-1,-1,-1,1,1,1,1,-1,-1,1,1,1,1,1,-1,-1,-1,1,1,1,-1,1,-1,1,1,1,1,-1,1,-1,-1,1,-1,1,-1,1,-1,-1,1,-1,1,-1,-1,-1,-1,1,-1,1,-1,1,1,-1,1,-1,1,-1,1,1,-1,1,-1,1,-1,-1,-1,-1,1,1,-1,-1,-1,-1,-1,1,-1,1,-1,-1,-1,-1,-1,-1,-1,1,-1,-1,-1,1,-1,-1,1,-1,-1,-1,-1,-1,-1,1,-1,-1,-1,-1,-1,1,-1,-1,-1,1,-1,-1,1,-1,1,-1,-1,-1,-1,-1,-1,-1,1,-1,-1,-1,1,1,1,-1,-1,1,-1,-1,-1,-1,-1,1,-1,-1,1,1,1,-1,-1,-1,-1,1,-1,1,1,-1,1,-1,-1,1,1,-1,-1,-1,-1,-1,-1,1,1,-1,-1,1,-1,1,1,-1,-1,-1,1,-1,1,1,-1,-1,1,-1,-1,1,1,1,-1,1,-1,1,1,1,-1,-1,1,-1,-1,1,1,1,-1,1,-1,-1,1,1,-1,1,1,-1,-1,1,1,-1,1,1,-1,-1,1,1,1,1,1,-1,-1,1,1,1,1,-1,1,-1,1,1,1,1,1,-1,-1,1,-1,1,1,1,1,-1,-1,1,-1,1,1,1,-1,1,1,1,1,-1,1,-1,1,1,1,1,1,1,1,-1,1,1,1,1,-1,1,-1,1,1,1,1,1,-1,1,1,1,1,-1,1,1,-1,1,1,-1,1,1,-1,-1,1,1,1,1,-1,1,-1,1,1,1,-1,-1,1,-1,1,1,1,-1,1,-1,-1,-1,1,1,-1,-1,1,-1,-1,1,1,-1,-1,1,-1,1,1,1,1,-1,-1,-1,-1,1,1,-1,-1,-1,1,1,-1,1,-1,1,1,-1,1,1,-1,-1,1,1,-1,-1,1,1,-1,1,1,1,1,1,-1,-1,-1,-1,-1,-1,-1,-1,-1,-1,1,1,1,1,-1,1,1,-1,1,1,1,1,-1,1,-1,1,1,1,-1,-1,1,-1,1,1,1,-1,1,1,-1,1,1,1,-1,-1,1,-1,1,1,1,1,-1,1,-1,1,1,1,-1,-1,1,1,-1,1,-1,1,-1,1,-1,1,1,-2672.0,1,2000,445,500,False
413,1,1,-1,-1,1,1,-1,-1,1,1,1,-1,-1,1,1,1,-1,1,-1,-1,-1,-1,1,1,1,-1,-1,-1,1,1,1,1,-1,-1,-1,-1,1,-1,1,1,-1,-1,-1,1,1,1,1,-1,1,1,1,1,-1,1,-1,-1,1,-1,1,1,1,-1,-1,-1,1,1,1,1,-1,-1,-1,1,1,1,1,-1,-1,-1,1,1,1,-1,-1,-1,1,1,1,1,-1,-1,-1,1,1,1,1,-1,-1,1,1,-1,1,1,-1,-1,1,1,1,1,1,-1,-1,-1,1,-1,1,1,-1,-1,1,1,1,1,1,1,-1,-1,1,1,-1,1,1,-1,1,1,1,1,1,1,-1,1,1,1,1,1,1,-1,1,1,1,1,1,1,-1,-1,-1,1,1,1,1,-1,1,1,1,1,-1,1,-1,1,-1,1,1,1,-1,-1,1,1,1,1,1,-1,1,-1,-1,1,-1,1,-1,1,1,1,1,1,1,1,1,1,1,1,-1,1,-1,1,1,-1,1,-1,1,1,-1,1,-1,1,-1,1,-1,1,1,-1,-1,-1,1,1,1,1,-1,-1,1,1,-1,-1,1,-1,1,-1,1,1,-1,1,-1,1,-1,1,-1,1,1,-1,1,-1,1,1,-1,1,-1,1,1,1,-1,1,1,-1,-1,-1,1,-1,1,-1,1,-1,1,1,-1,1,-1,-1,-1,1,1,-1,1,-1,-1,-1,1,1,-1,-1,1,1,-1,-1,1,1,-1,1,1,-1,1,1,1,1,-1,1,-1,1,1,-1,1,-1,1,1,1,1,1,1,1,1,-1,-1,1,-1,-1,1,1,1,-1,1,1,1,-1,1,1,1,1,1,1,1,1,-1,1,1,1,-1,1,1,-1,1,1,1,-1,1,1,-1,-1,1,1,1,-1,1,-1,1,1,1,-1,1,1,-1,1,1,1,-1,1,1,-1,1,1,1,-1,1,1,1,-1,1,1,-1,1,1,-1,1,-1,1,-1,1,1,1,-1,1,1,1,-1,1,1,-1,1,1,-1,1,1,1,-1,-1,-1,-1,1,1,1,-1,1,1,-1,1,1,-1,-1,1,1,1,1,1,-1,1,1,1,-1,1,1,1,-1,-1,1,1,-1,-1,1,-1,1,1,1,-1,1,1,-1,-1,-1,1,-1,-1,1,-1,1,-1,1,-1,1,1,1,1,-1,1,-1,-1,1,-1,1,-1,1,1,1,1,1,1,-1,-1,1,-1,1,1,-1,-1,1,1,1,-1,1,1,-1,-1,1,-1,1,1,-1,-1,1,1,1,1,-1,1,-1,1,-1,-1,1,-1,-1,-1,1,-1,1,1,-1,-1,-1,1,-1,1,1,1,-1,-1,1,-1,-1,1,-1,-1,-1,1,-1,1,1,-1,1,-1,1,1,-1,1,-1,-1,-1,-1,1,-1,1,-1,-1,-1,1,1,-1,1,-1,-1,-1,-1,1,-1,1,-1,-1,-1,-1,1,-1,-1,1,1,1,-1,1,-1,1,1,1,1,1,-1,-1,-1,1,-1,-1,1,1,1,-1,1,-1,1,1,1,-1,1,1,-1,-1,-1,1,-1,-1,1,-1,-1,1,1,1,-1,1,-1,-1,1,1,-1,-1,1,-1,-1,1,1,-1,-1,1,-1,-1,-1,1,1,-1,1,1,-1,-1,1,-1,-1,1,-1,1,-1,1,1,-1,-1,1,-1,-1,-1,-1,-1,1,1,1,-1,-1,1,-1,-1,1,-1,-1,1,-1,-1,-1,1,-1,-1,1,1,-1,1,1,-1,1,-1,1,-1,-1,1,1,-1,-1,-1,-1,1,1,-1,-1,1,-1,-1,-1,1,1,-1,-1,-1,-1,-1,1,-1,-1,-1,-1,-1,-1,1,1,-1,-1,-1,-1,1,1,1,-1,-1,-1,-1,-1,1,1,1,-1,-1,-1,-1,1,1,-1,-1,-1,-1,1,1,1,1,1,-1,1,1,1,1,1,1,-1,-1,1,1,1,1,-1,-1,1,1,1,1,-1,1,-1,-1,1,-1,1,-1,1,-1,-1,1,-1,1,1,1,-1,-1,1,-1,1,-1,1,1,-1,1,-1,1,1,1,1,-1,1,-1,1,1,1,-1,-1,1,1,-1,1,1,-1,-1,1,-1,1,-1,1,-1,-1,-1,-1,-1,1,1,-1,-1,1,-1,-1,1,1,-1,-1,-1,-1,1,-1,1,-1,-1,-1,-1,1,-1,-1,-1,1,-1,-1,1,-1,1,-1,-1,-1,-1,-1,-1,1,1,-1,-1,-1,1,1,1,-1,-1,-1,1,-1,-1,1,-1,1,-1,-1,1,1,1,-1,-1,-1,-1,1,-1,1,1,-1,1,-1,-1,1,1,-1,-1,-1,-1,-1,-1,1,1,-1,-1,1,-1,1,1,-1,-1,-1,1,-1,1,1,-1,-1,1,-1,-1,1,1,1,-1,1,-1,1,1,1,-1,-1,1,-1,-1,1,1,1,-1,1,-1,-1,1,1,-1,1,1,-1,-1,1,1,-1,1,1,-1,-1,1,1,-1,1,1,-1,-1,1,1,1,1,1,1,-1,-1,1,1,-1,1,-1,-1,1,-1,1,1,1,1,-1,-1,1,-1,1,1,1,-1,1,1,1,1,-1,1,-1,1,1,1,1,1,1,1,-1,1,1,1,1,-1,1,-1,1,1,1,1,1,-1,1,1,1,1,-1,1,1,-1,1,1,-1,1,1,-1,-1,1,1,1,1,-1,1,-1,1,1,1,-1,-1,1,-1,1,1,1,-1,1,-1,-1,-1,1,1,-1,-1,1,-1,-1,1,1,-1,-1,1,-1,-1,1,1,1,-1,1,-1,-1,1,1,-1,-1,-1,1,-1,1,1,-1,1,1,-1,1,1,-1,-1,1,1,-1,-1,1,1,-1,1,1,-1,1,1,-1,-1,-1,-1,1,-1,-1,-1,-1,-1,1,-1,1,1,-1,1,1,-1,1,1,1,1,-1,1,-1,1,1,1,-1,-1,1,-1,-1,-1,1,-1,-1,1,-1,1,1,1,-1,-1,1,-1,1,1,1,1,-1,1,-1,-1,1,1,-1,-1,-1,1,-1,1,1,1,-1,1,-1,1,1,-2672.0,1,2000,445,500,False
414,1,1,-1,-1,1,-1,1,-1,1,1,1,-1,1,1,1,1,-1,1,-1,-1,1,-1,1,1,1,-1,1,-1,1,1,1,1,1,-1,-1,-1,1,-1,1,1,-1,-1,-1,1,1,1,1,-1,1,1,1,1,-1,1,-1,-1,1,-1,1,1,1,-1,-1,-1,1,1,1,1,-1,-1,-1,1,1,1,1,-1,-1,-1,1,1,1,-1,-1,-1,1,1,1,1,-1,1,-1,1,1,1,1,-1,-1,1,1,-1,1,1,-1,-1,1,1,1,1,1,-1,-1,1,1,-1,1,1,-1,-1,1,1,1,1,1,1,-1,1,1,1,-1,1,1,-1,1,1,1,1,1,1,-1,-1,1,1,1,1,1,-1,1,1,1,1,1,1,-1,-1,-1,1,1,1,1,-1,1,1,1,1,-1,1,-1,1,-1,1,1,1,-1,-1,1,1,1,1,1,-1,1,-1,-1,1,-1,1,-1,1,1,1,1,1,1,1,1,1,-1,1,-1,1,-1,1,1,-1,1,-1,1,1,-1,1,-1,1,-1,1,-1,1,1,-1,1,-1,1,1,1,1,-1,-1,1,1,-1,-1,1,-1,1,-1,-1,1,-1,1,-1,1,-1,1,-1,1,1,-1,1,-1,1,1,-1,1,-1,1,1,1,-1,1,1,-1,-1,-1,1,-1,1,-1,1,-1,1,1,-1,1,-1,-1,-1,1,1,-1,1,-1,-1,-1,1,1,-1,-1,1,1,-1,-1,1,1,-1,1,1,-1,1,1,1,1,-1,1,-1,1,1,-1,1,-1,1,1,-1,1,1,1,1,1,-1,-1,1,-1,-1,-1,1,1,-1,1,1,1,-1,1,-1,-1,1,1,1,1,1,-1,1,1,1,-1,1,1,-1,1,1,1,-1,1,1,-1,-1,1,1,1,-1,1,-1,1,1,1,-1,1,1,-1,1,1,1,-1,1,-1,-1,1,1,1,-1,1,-1,-1,-1,1,1,-1,1,-1,-1,1,-1,1,-1,1,1,-1,-1,1,1,1,-1,1,-1,-1,1,1,-1,1,-1,1,-1,-1,-1,-1,1,1,-1,-1,1,1,-1,1,1,-1,-1,1,1,1,1,1,-1,1,1,1,-1,1,-1,-1,-1,-1,1,1,-1,1,-1,-1,1,1,1,-1,-1,-1,-1,-1,-1,1,-1,-1,-1,1,-1,1,1,-1,1,-1,1,1,-1,1,-1,1,-1,-1,1,-1,1,-1,1,-1,1,1,-1,-1,1,1,-1,-1,1,-1,1,1,-1,1,-1,1,-1,-1,1,1,-1,1,1,-1,1,1,1,-1,1,1,-1,1,-1,-1,-1,1,1,-1,1,-1,-1,-1,1,-1,-1,1,1,1,-1,1,-1,-1,1,-1,-1,-1,1,-1,-1,1,1,-1,-1,1,1,-1,1,1,-1,-1,1,1,-1,-1,1,1,-1,1,-1,-1,-1,1,-1,1,1,1,-1,-1,-1,-1,1,-1,1,-1,-1,1,-1,-1,1,1,1,-1,1,-1,1,-1,1,-1,1,1,-1,-1,1,-1,-1,-1,1,1,-1,1,-1,1,-1,1,-1,1,1,-1,1,1,1,-1,-1,1,-1,1,-1,1,1,-1,1,-1,-1,1,1,-1,-1,1,-1,-1,-1,1,-1,-1,1,-1,1,1,1,1,-1,1,-1,-1,1,1,-1,-1,1,-1,-1,-1,1,1,-1,-1,1,1,-1,-1,-1,-1,1,1,1,1,1,1,-1,-1,1,1,1,-1,-1,-1,-1,1,1,1,-1,1,-1,1,-1,1,-1,1,1,-1,-1,1,1,1,-1,-1,-1,1,1,1,1,1,-1,-1,-1,1,1,1,-1,-1,-1,-1,1,1,1,1,-1,-1,1,1,1,1,1,-1,-1,-1,1,1,1,1,-1,-1,-1,1,1,-1,1,-1,-1,-1,1,1,1,1,-1,-1,1,1,1,1,1,-1,1,1,-1,1,1,-1,-1,-1,1,1,1,1,1,-1,1,1,1,1,1,1,-1,-1,1,-1,1,-1,1,-1,-1,1,-1,1,-1,-1,-1,-1,1,-1,1,1,-1,1,-1,1,1,1,-1,1,1,-1,1,-1,1,-1,-1,-1,-1,1,1,-1,-1,-1,-1,-1,1,-1,1,-1,-1,-1,-1,-1,-1,-1,1,-1,-1,-1,1,-1,-1,1,-1,-1,-1,-1,-1,1,1,-1,-1,-1,-1,-1,1,-1,-1,-1,1,-1,-1,1,-1,1,-1,-1,-1,-1,-1,-1,-1,1,-1,-1,-1,1,1,-1,-1,-1,1,1,-1,-1,-1,-1,1,-1,-1,1,-1,1,-1,-1,-1,-1,1,-1,1,1,-1,1,-1,-1,1,1,-1,-1,-1,-1,-1,-1,1,1,-1,-1,1,-1,1,1,-1,-1,-1,1,-1,-1,1,-1,-1,1,-1,-1,1,1,1,-1,1,-1,1,1,1,-1,-1,1,-1,-1,1,1,1,-1,1,-1,-1,1,1,-1,1,1,-1,-1,1,1,-1,1,1,-1,-1,1,1,1,1,1,-1,-1,1,1,1,1,1,1,-1,-1,1,1,-1,1,-1,-1,1,-1,1,1,1,1,-1,-1,1,-1,1,1,1,-1,1,1,1,1,-1,1,-1,1,1,1,1,1,1,1,-1,1,1,1,1,-1,1,-1,1,1,1,1,1,-1,1,1,1,1,-1,1,1,-1,1,1,-1,1,1,-1,-1,1,1,1,1,-1,1,-1,1,1,1,-1,-1,1,-1,1,1,1,-1,1,-1,-1,1,1,1,-1,-1,1,-1,-1,1,1,-1,-1,1,-1,-1,1,1,1,-1,1,-1,-1,1,1,-1,-1,-1,1,-1,-1,1,-1,1,1,-1,-1,1,-1,-1,1,1,1,-1,-1,1,-1,1,1,-1,1,1,-1,-1,-1,-1,1,-1,-1,-1,-1,-1,1,-1,1,1,-1,1,1,-1,1,-1,1,1,-1,1,-1,1,1,1,1,-1,1,-1,1,-1,1,1,-1,1,-1,1,-1,1,1,-1,1,-1,1,1,-1,-1,-1,1,-1,1,-1,1,-1,-1,-1,1,-1,1,-1,1,-1,1,-1,1,1,-2672.0,1,2000,445,500,False
415,1,1,-1,-1,1,1,-1,-1,1,1,1,-1,-1,1,1,1,-1,1,-1,-1,-1,-1,1,1,1,-1,-1,-1,1,1,1,1,1,-1,-1,-1,1,-1,1,1,-1,-1,-1,1,1,1,1,-1,1,1,1,1,-1,1,-1,-1,1,-1,1,1,1,-1,-1,-1,1,1,1,1,-1,-1,-1,1,1,1,1,-1,-1,-1,1,1,1,-1,-1,-1,1,1,1,1,-1,-1,1,1,1,1,1,-1,-1,-1,1,-1,1,1,-1,-1,1,1,1,1,1,-1,-1,-1,1,1,1,1,-1,-1,1,1,1,1,1,1,-1,-1,1,1,-1,1,1,-1,1,1,1,1,1,1,-1,1,1,1,1,1,1,-1,1,1,1,1,1,1,-1,-1,-1,1,1,1,1,-1,1,1,1,1,-1,1,-1,1,-1,1,1,1,-1,-1,1,1,1,1,1,-1,1,-1,-1,1,-1,1,-1,1,1,1,1,1,1,1,1,1,-1,1,-1,1,-1,1,1,-1,1,-1,1,1,-1,1,-1,1,-1,1,-1,1,1,-1,1,-1,1,1,1,1,-1,-1,1,1,-1,-1,1,-1,1,-1,-1,1,-1,1,-1,1,-1,1,-1,1,1,-1,-1,-1,1,1,-1,1,-1,1,1,1,-1,1,1,-1,1,-1,1,-1,1,-1,1,-1,1,1,-1,1,-1,-1,-1,1,1,-1,1,-1,-1,-1,1,1,-1,-1,1,1,-1,-1,1,1,-1,1,1,-1,1,1,1,1,-1,1,-1,1,1,-1,1,-1,1,-1,1,1,1,1,1,1,-1,-1,1,-1,-1,-1,1,1,-1,1,1,1,-1,1,1,1,1,1,1,1,1,-1,1,1,1,-1,1,1,-1,1,1,1,-1,1,1,-1,-1,1,1,1,-1,1,-1,1,1,1,-1,1,1,-1,1,1,1,-1,1,1,-1,1,1,1,-1,1,1,-1,-1,1,1,1,1,1,-1,1,-1,1,-1,1,1,1,-1,1,1,1,-1,1,1,-1,1,1,-1,1,-1,1,-1,-1,-1,-1,1,1,1,-1,1,1,-1,1,1,-1,-1,1,1,-1,1,1,-1,1,1,1,1,1,1,1,1,-1,1,-1,-1,-1,1,-1,1,-1,-1,1,1,1,-1,-1,-1,1,-1,-1,1,-1,1,-1,-1,1,1,1,1,-1,-1,1,-1,-1,1,-1,1,-1,-1,-1,-1,1,1,1,-1,-1,1,-1,1,1,-1,-1,1,-1,1,-1,1,-1,-1,-1,1,-1,1,1,-1,-1,-1,-1,1,1,-1,1,-1,-1,1,1,1,-1,-1,1,-1,1,1,1,-1,-1,-1,-1,-1,1,1,1,-1,1,-1,1,-1,1,-1,-1,-1,1,-1,1,1,1,-1,-1,1,-1,-1,1,-1,-1,-1,-1,-1,-1,1,-1,-1,-1,1,-1,-1,1,-1,-1,-1,-1,-1,-1,1,-1,-1,-1,-1,1,-1,-1,1,1,1,-1,1,-1,1,-1,1,-1,1,-1,-1,-1,1,-1,-1,1,1,1,-1,1,-1,1,1,1,-1,1,1,-1,1,-1,1,-1,-1,1,-1,-1,1,1,1,-1,1,-1,-1,1,1,-1,-1,1,-1,-1,1,1,-1,-1,1,-1,-1,-1,1,1,-1,1,1,-1,-1,1,-1,-1,1,-1,1,-1,1,1,-1,-1,1,-1,-1,-1,-1,-1,1,1,1,-1,-1,1,-1,-1,1,-1,-1,1,-1,-1,1,1,-1,-1,1,-1,-1,1,1,-1,1,-1,-1,-1,-1,1,1,-1,-1,-1,-1,1,1,-1,-1,1,-1,-1,-1,1,1,-1,-1,-1,-1,-1,1,-1,-1,-1,-1,-1,1,1,1,-1,-1,-1,-1,-1,1,1,-1,-1,-1,-1,-1,1,1,1,-1,-1,-1,-1,1,1,-1,-1,-1,-1,1,1,1,1,1,-1,1,1,1,1,1,1,-1,-1,1,1,1,-1,-1,-1,1,1,1,1,-1,1,-1,-1,1,-1,1,-1,1,-1,-1,1,-1,1,-1,1,-1,-1,1,-1,1,-1,1,1,-1,1,-1,1,1,1,1,-1,1,-1,1,1,1,-1,-1,1,1,-1,1,1,-1,-1,1,-1,1,-1,1,-1,-1,-1,-1,-1,1,1,-1,-1,1,-1,-1,1,1,-1,-1,-1,-1,-1,-1,1,-1,-1,-1,-1,-1,1,-1,-1,1,-1,-1,1,-1,1,-1,-1,-1,-1,-1,1,1,1,-1,-1,-1,1,1,1,-1,-1,1,-1,-1,-1,1,-1,1,-1,-1,1,1,1,-1,-1,-1,-1,1,-1,1,1,-1,1,-1,-1,1,1,-1,-1,-1,-1,-1,-1,1,1,-1,-1,1,-1,1,1,-1,-1,-1,1,-1,1,1,-1,-1,1,-1,-1,1,1,1,-1,1,-1,1,1,1,-1,-1,1,-1,-1,1,1,1,-1,1,-1,-1,1,1,-1,1,1,-1,-1,1,1,1,1,1,-1,-1,1,1,1,1,1,-1,-1,1,1,1,1,1,1,-1,1,1,1,1,1,-1,-1,1,-1,1,1,1,1,-1,-1,1,-1,1,1,1,-1,1,1,1,1,-1,1,-1,1,1,1,1,1,1,1,-1,1,1,1,1,-1,1,-1,1,1,1,1,1,1,1,1,1,1,-1,1,-1,1,1,1,-1,1,1,1,1,1,1,1,1,-1,1,1,1,1,1,-1,-1,1,-1,1,1,1,-1,1,-1,1,1,1,1,-1,-1,1,1,-1,1,1,1,-1,1,1,-1,1,1,1,-1,1,-1,1,1,1,-1,-1,-1,-1,1,1,1,-1,1,1,1,1,1,-1,-1,1,1,1,1,1,1,-1,1,-1,1,1,1,-1,-1,-1,-1,-1,-1,-1,-1,-1,1,-1,1,1,1,-1,1,1,-1,-1,1,1,1,-1,1,-1,1,1,1,-1,-1,1,-1,1,1,1,-1,-1,1,-1,1,1,1,-1,-1,1,-1,1,-1,1,1,-1,1,-1,-1,1,1,1,-1,-1,-1,1,1,1,1,-1,1,-1,-1,1,-2672.0,1,2000,445,0,False
416,1,1,-1,-1,1,-1,-1,-1,1,1,1,-1,1,1,-1,1,-1,1,-1,-1,-1,1,1,1,1,-1,-1,-1,1,1,1,1,-1,-1,-1,-1,1,-1,1,1,-1,-1,-1,1,1,1,1,-1,1,1,1,1,-1,1,-1,-1,1,-1,1,1,1,-1,-1,1,1,1,1,1,-1,-1,1,1,1,1,1,-1,-1,-1,1,1,1,-1,-1,-1,1,1,1,1,-1,-1,-1,1,1,1,1,-1,-1,1,1,-1,1,1,-1,-1,1,1,1,1,1,-1,-1,1,1,-1,1,1,-1,-1,1,1,1,1,1,1,-1,-1,1,1,-1,1,1,-1,1,1,1,1,1,1,-1,-1,1,1,1,1,1,-1,1,1,1,1,1,1,-1,-1,-1,1,1,1,1,-1,1,-1,1,1,-1,1,-1,1,-1,1,1,1,-1,-1,1,1,1,1,1,-1,1,-1,-1,1,-1,1,-1,1,1,1,1,1,1,1,1,1,-1,1,-1,1,-1,1,1,-1,1,-1,1,1,-1,1,-1,1,-1,1,-1,1,1,-1,1,-1,1,1,1,1,-1,-1,1,1,-1,-1,1,-1,1,-1,-1,1,-1,1,-1,1,-1,1,-1,1,1,-1,-1,-1,1,1,-1,1,-1,1,1,1,-1,1,1,-1,1,-1,1,-1,1,-1,1,-1,1,1,-1,1,-1,-1,-1,1,1,-1,1,-1,-1,-1,1,1,-1,-1,1,1,-1,-1,1,1,-1,1,1,-1,1,1,1,1,-1,1,-1,1,1,-1,1,-1,1,1,-1,1,1,1,1,1,-1,-1,1,-1,-1,-1,1,1,-1,1,1,1,-1,1,-1,-1,1,1,1,-1,1,-1,1,1,1,-1,-1,1,-1,1,1,1,-1,1,1,-1,-1,1,1,1,-1,1,-1,1,1,1,-1,1,1,-1,1,1,1,-1,1,-1,-1,1,1,1,-1,1,-1,-1,-1,1,1,-1,1,-1,-1,1,-1,1,-1,1,1,-1,-1,1,1,1,1,1,-1,-1,1,1,-1,1,-1,1,-1,-1,-1,-1,1,1,-1,-1,1,1,-1,1,1,-1,-1,1,1,1,1,1,-1,1,1,1,-1,1,-1,-1,-1,-1,1,1,1,1,-1,-1,1,1,1,1,-1,-1,-1,-1,-1,1,-1,-1,-1,1,-1,1,1,1,1,-1,1,1,-1,1,-1,1,-1,-1,1,-1,1,1,1,-1,1,1,-1,-1,1,1,-1,-1,1,-1,1,1,-1,1,-1,1,-1,-1,1,1,-1,1,1,-1,1,1,1,-1,1,1,-1,1,-1,-1,-1,1,-1,-1,1,-1,-1,-1,1,-1,-1,1,-1,1,-1,1,-1,-1,1,-1,-1,-1,1,-1,-1,1,-1,-1,-1,1,1,-1,1,1,-1,-1,1,1,-1,-1,1,1,-1,1,-1,-1,1,-1,-1,1,-1,1,-1,-1,1,-1,1,-1,1,-1,-1,1,-1,-1,1,1,1,-1,1,-1,1,-1,-1,1,1,-1,-1,-1,1,-1,-1,-1,1,-1,1,1,-1,1,-1,1,-1,1,1,-1,1,1,1,-1,-1,1,-1,1,-1,1,-1,-1,1,-1,-1,1,1,1,-1,1,-1,-1,-1,1,-1,-1,1,-1,1,1,1,1,-1,1,-1,-1,1,1,-1,-1,1,-1,-1,-1,1,1,-1,-1,1,1,-1,-1,-1,-1,1,1,1,1,1,1,-1,-1,1,1,1,-1,-1,-1,1,1,1,1,-1,1,-1,1,-1,1,-1,1,1,-1,-1,1,1,1,-1,-1,-1,-1,1,1,1,1,-1,-1,-1,1,1,1,-1,-1,-1,-1,1,1,1,1,-1,-1,1,1,1,1,1,-1,-1,-1,1,1,1,1,-1,-1,-1,1,1,-1,1,-1,-1,-1,1,1,1,1,-1,-1,1,1,1,1,1,-1,1,1,-1,1,1,-1,-1,-1,1,1,1,1,1,-1,1,1,1,1,1,1,-1,-1,1,-1,1,-1,1,-1,-1,1,-1,1,-1,-1,-1,-1,1,-1,1,1,-1,1,-1,1,1,1,-1,1,1,-1,1,-1,1,-1,-1,-1,-1,1,1,-1,-1,-1,-1,-1,1,-1,1,-1,-1,-1,-1,-1,-1,-1,1,-1,-1,-1,1,-1,-1,1,-1,-1,-1,-1,-1,1,1,-1,-1,-1,-1,-1,1,-1,-1,-1,1,-1,-1,1,-1,1,-1,-1,-1,-1,-1,-1,-1,1,-1,-1,-1,1,1,1,-1,-1,1,1,-1,-1,-1,-1,1,-1,-1,1,-1,1,-1,-1,-1,-1,1,-1,1,1,-1,1,-1,-1,1,1,-1,-1,-1,-1,-1,-1,1,1,-1,-1,1,-1,1,1,-1,-1,-1,1,-1,-1,1,-1,-1,1,-1,-1,1,1,1,-1,1,-1,1,1,1,-1,-1,1,-1,-1,1,-1,1,-1,1,-1,-1,1,1,-1,1,1,-1,-1,1,1,-1,1,1,-1,-1,1,1,-1,1,1,-1,-1,1,1,1,1,1,1,-1,-1,1,1,1,1,-1,-1,1,-1,1,1,1,1,-1,-1,1,-1,1,1,1,-1,1,1,1,1,-1,1,-1,1,1,1,1,1,1,1,-1,1,1,1,1,-1,1,-1,1,1,1,1,1,-1,1,1,1,1,-1,1,1,-1,1,1,-1,1,1,-1,-1,1,1,1,1,-1,1,-1,1,1,1,-1,-1,1,-1,1,1,1,-1,1,-1,-1,-1,1,1,-1,-1,1,-1,-1,1,1,-1,-1,1,-1,-1,1,1,1,-1,1,-1,-1,1,1,-1,-1,1,1,-1,-1,1,-1,1,1,-1,1,1,-1,-1,1,-1,-1,-1,1,1,-1,1,1,-1,1,1,-1,-1,1,-1,1,-1,-1,-1,-1,1,-1,-1,1,1,-1,1,1,-1,1,1,1,1,-1,1,-1,1,1,1,1,-1,1,-1,-1,-1,1,1,-1,1,-1,1,1,1,1,-1,1,-1,1,1,1,-1,-1,1,-1,-1,1,1,-1,-1,-1,1,-1,1,-1,1,-1,1,-1,-1,1,-2672.0,1,2000,445,500,False
417,1,1,-1,-1,1,1,-1,-1,1,1,1,-1,1,1,1,1,-1,1,-1,-1,-1,-1,1,1,1,-1,-1,-1,1,1,1,1,-1,-1,-1,-1,1,-1,1,1,-1,-1,-1,1,1,1,1,-1,1,1,1,1,-1,1,-1,-1,1,-1,1,1,1,-1,-1,-1,1,1,1,1,-1,-1,-1,1,1,1,1,-1,-1,-1,1,1,1,-1,-1,-1,1,1,1,1,-1,-1,1,1,1,1,1,-1,-1,-1,1,-1,1,1,-1,-1,1,1,1,1,1,-1,-1,-1,1,1,1,1,-1,-1,1,1,1,1,1,1,-1,-1,1,1,-1,1,1,-1,1,1,1,1,1,1,-1,1,1,1,1,1,1,-1,1,1,1,1,1,1,-1,-1,-1,1,1,1,1,-1,1,1,1,1,-1,1,-1,1,-1,1,1,1,-1,-1,1,1,1,1,1,-1,1,-1,-1,1,-1,1,-1,1,1,1,1,1,1,1,1,1,-1,1,-1,1,-1,1,1,-1,1,-1,1,1,-1,1,-1,1,-1,1,-1,1,1,-1,-1,-1,1,1,1,1,-1,-1,1,1,-1,-1,1,-1,1,-1,-1,1,-1,1,-1,1,-1,1,-1,1,1,-1,-1,-1,1,1,-1,1,-1,1,1,1,-1,1,1,-1,1,-1,1,-1,1,-1,1,-1,1,1,-1,1,-1,-1,-1,1,1,-1,1,-1,-1,-1,1,1,-1,-1,1,1,-1,-1,1,1,-1,1,1,-1,1,1,1,1,-1,1,-1,1,1,-1,1,-1,1,1,1,1,1,1,1,1,-1,-1,1,-1,-1,-1,1,1,-1,1,1,1,-1,1,1,1,1,1,1,-1,1,-1,1,1,1,-1,1,1,-1,1,1,1,-1,1,1,-1,-1,1,1,1,-1,1,-1,1,1,1,-1,1,1,-1,1,1,1,-1,1,1,-1,1,1,1,-1,1,1,-1,-1,1,1,1,1,1,-1,1,-1,1,-1,1,1,1,-1,1,1,1,-1,1,1,-1,1,1,-1,1,1,1,-1,-1,-1,-1,1,1,1,-1,1,1,-1,1,1,-1,-1,1,1,-1,1,1,-1,1,1,1,1,1,1,1,1,-1,1,-1,-1,-1,1,-1,1,-1,-1,1,1,1,-1,-1,-1,1,-1,-1,1,1,-1,1,-1,1,1,1,1,1,-1,1,-1,-1,1,-1,1,-1,-1,-1,1,1,1,1,-1,-1,1,-1,1,1,1,-1,1,-1,1,-1,1,1,-1,-1,1,-1,1,1,1,-1,-1,-1,1,1,1,1,-1,-1,1,-1,1,1,-1,1,-1,1,-1,1,1,-1,-1,-1,-1,1,1,1,-1,1,-1,1,-1,1,1,-1,-1,1,-1,1,1,1,1,-1,1,-1,-1,-1,1,1,-1,-1,-1,1,-1,1,-1,-1,1,-1,-1,1,-1,1,-1,-1,-1,-1,1,-1,1,-1,-1,1,-1,-1,1,1,1,-1,1,-1,1,-1,-1,-1,1,-1,-1,-1,1,-1,-1,-1,1,1,-1,1,-1,1,1,1,-1,1,1,-1,1,-1,1,-1,-1,1,-1,-1,1,1,1,-1,1,-1,-1,1,1,-1,-1,1,-1,-1,1,1,-1,-1,1,-1,-1,-1,1,1,-1,1,-1,-1,-1,1,-1,-1,1,-1,1,-1,1,1,-1,-1,1,-1,-1,-1,-1,-1,1,1,1,-1,1,1,-1,-1,1,-1,1,-1,-1,-1,1,1,-1,-1,-1,-1,-1,1,1,-1,1,1,1,-1,-1,1,1,-1,-1,-1,-1,1,1,-1,-1,1,-1,-1,-1,1,1,-1,-1,-1,-1,-1,1,-1,-1,1,-1,-1,-1,1,1,-1,1,-1,-1,1,1,1,-1,-1,-1,-1,-1,1,1,1,-1,-1,-1,-1,1,1,-1,-1,-1,-1,1,1,1,1,-1,-1,1,1,1,1,1,-1,-1,-1,1,1,1,1,1,-1,1,1,1,1,-1,1,-1,-1,1,-1,1,-1,1,-1,-1,1,-1,1,-1,-1,-1,-1,1,-1,1,-1,1,1,-1,1,-1,1,-1,1,1,-1,1,-1,1,-1,-1,-1,-1,1,1,-1,-1,-1,-1,-1,1,-1,1,-1,-1,-1,-1,-1,-1,-1,1,-1,-1,-1,1,-1,-1,1,-1,-1,-1,-1,-1,-1,1,-1,-1,-1,-1,-1,1,-1,-1,-1,1,-1,-1,1,-1,1,-1,-1,-1,-1,-1,-1,-1,1,-1,-1,-1,1,1,-1,-1,-1,1,-1,-1,-1,-1,-1,1,-1,-1,1,1,1,-1,-1,-1,-1,1,-1,1,1,-1,1,-1,-1,1,1,-1,-1,-1,-1,-1,-1,1,1,-1,-1,1,-1,1,1,-1,-1,-1,1,-1,-1,1,-1,-1,1,-1,-1,1,1,1,-1,1,-1,1,1,1,-1,-1,1,-1,-1,1,1,1,-1,1,-1,-1,1,1,-1,1,1,-1,-1,1,1,1,1,1,-1,-1,1,1,-1,1,1,-1,-1,1,1,1,1,1,1,-1,1,1,1,1,1,-1,-1,1,-1,1,1,1,1,-1,-1,1,-1,1,1,1,-1,1,1,1,1,-1,1,-1,1,1,1,1,1,1,1,-1,1,1,1,1,-1,1,-1,1,1,1,1,1,1,1,1,1,1,-1,1,-1,1,1,1,-1,1,1,1,1,1,1,1,1,-1,1,1,1,1,1,-1,-1,1,-1,1,1,1,-1,1,-1,1,1,1,1,-1,-1,1,1,-1,1,1,1,-1,1,1,-1,1,1,1,-1,1,-1,1,1,1,-1,-1,-1,-1,1,1,1,-1,1,1,1,1,1,-1,-1,1,1,1,1,1,1,-1,1,-1,1,1,1,-1,-1,-1,-1,-1,-1,-1,-1,-1,1,-1,1,1,1,-1,1,1,-1,-1,1,1,1,-1,1,-1,1,1,1,-1,-1,1,-1,1,1,1,-1,-1,1,-1,1,1,1,-1,-1,1,-1,1,-1,1,1,-1,1,-1,-1,1,1,1,-1,-1,-1,1,1,-1,1,-1,1,-1,-1,1,-2672.0,1,2000,445,500,False
418,1,1,-1,-1,1,1,-1,-1,1,1,1,-1,1,1,1,1,-1,1,-1,-1,-1,-1,1,1,1,1,-1,-1,1,1,1,1,-1,-1,-1,-1,1,-1,1,1,-1,-1,-1,1,1,1,1,-1,1,1,1,1,-1,1,-1,-1,1,-1,1,1,1,-1,-1,-1,1,1,1,1,-1,-1,-1,1,1,1,1,-1,-1,-1,1,1,1,-1,-1,-1,1,1,1,1,-1,-1,-1,1,1,1,1,-1,-1,1,1,-1,1,1,-1,-1,1,1,1,1,1,-1,-1,1,1,1,1,1,-1,-1,1,1,1,1,1,1,-1,-1,1,1,-1,1,1,-1,1,1,1,1,1,1,-1,-1,1,1,1,1,1,-1,1,1,1,1,1,1,-1,-1,-1,1,1,1,1,-1,1,1,1,1,-1,1,-1,1,-1,1,1,1,-1,-1,1,1,1,1,1,-1,1,-1,-1,1,-1,1,-1,1,1,1,1,1,1,1,1,1,-1,1,-1,1,-1,1,1,-1,1,-1,1,1,-1,1,-1,1,-1,1,-1,1,1,-1,1,-1,1,1,1,1,-1,-1,1,1,-1,-1,1,-1,1,-1,-1,1,-1,1,-1,1,-1,1,-1,1,1,-1,-1,-1,1,1,-1,1,-1,1,1,1,-1,1,1,-1,1,-1,1,-1,1,-1,1,-1,1,1,-1,1,-1,-1,-1,1,1,-1,1,-1,-1,-1,1,1,-1,-1,1,1,-1,-1,1,1,-1,1,1,-1,1,1,1,-1,-1,1,-1,1,1,-1,1,-1,1,1,-1,1,1,-1,-1,1,-1,-1,1,-1,1,-1,1,1,-1,1,1,1,-1,1,-1,-1,1,1,-1,-1,1,-1,1,1,1,1,-1,1,-1,1,1,1,-1,1,1,-1,-1,1,1,-1,-1,1,-1,1,1,1,1,1,1,-1,1,1,1,1,1,-1,-1,1,1,1,1,1,-1,-1,-1,-1,1,1,1,-1,-1,1,1,1,-1,1,1,-1,-1,-1,1,1,1,1,-1,-1,1,1,1,-1,-1,1,-1,-1,1,-1,1,1,-1,-1,1,-1,-1,1,1,-1,-1,-1,1,1,1,1,-1,1,-1,1,-1,1,-1,-1,-1,-1,1,1,1,1,-1,-1,1,-1,1,1,-1,-1,-1,1,-1,1,-1,-1,-1,1,-1,1,1,1,1,1,1,1,-1,1,-1,1,-1,-1,1,-1,1,-1,1,1,-1,1,-1,-1,1,1,-1,-1,1,-1,1,1,1,-1,-1,1,-1,1,-1,1,-1,1,1,1,-1,-1,-1,-1,1,1,-1,1,-1,-1,-1,1,-1,1,-1,1,-1,1,1,-1,-1,-1,-1,-1,-1,1,-1,1,-1,-1,-1,-1,1,-1,-1,1,-1,-1,-1,1,1,-1,-1,-1,-1,-1,1,1,-1,-1,1,1,-1,1,-1,-1,1,-1,-1,1,-1,1,-1,-1,-1,-1,1,-1,1,-1,-1,-1,-1,-1,1,1,1,-1,1,-1,1,-1,-1,-1,1,-1,-1,-1,1,-1,-1,-1,1,1,-1,1,-1,1,-1,1,-1,1,1,-1,1,1,1,-1,-1,1,-1,1,-1,1,1,-1,1,-1,-1,1,1,-1,-1,1,-1,-1,-1,1,-1,-1,1,-1,1,1,1,1,-1,1,-1,-1,1,1,-1,-1,1,-1,-1,-1,1,1,-1,-1,1,1,-1,-1,-1,-1,1,1,1,-1,1,1,-1,-1,1,1,-1,1,-1,-1,1,1,1,1,-1,-1,-1,1,-1,1,1,1,-1,-1,-1,1,1,1,-1,-1,-1,-1,1,1,1,1,-1,-1,-1,1,1,1,-1,-1,-1,-1,1,1,1,1,-1,-1,1,1,1,1,1,-1,-1,-1,1,1,1,1,-1,-1,-1,1,1,-1,1,-1,-1,-1,1,1,1,1,-1,-1,1,1,1,1,1,-1,1,1,-1,1,1,-1,-1,-1,1,1,1,-1,1,-1,1,1,1,1,1,1,-1,-1,1,-1,1,-1,1,-1,-1,1,-1,1,-1,-1,-1,-1,1,-1,1,1,-1,1,-1,1,1,1,-1,1,1,-1,1,-1,1,-1,-1,-1,-1,1,1,-1,-1,-1,-1,-1,1,-1,1,-1,-1,-1,-1,-1,-1,-1,1,-1,-1,-1,1,-1,-1,1,-1,-1,-1,-1,-1,-1,1,-1,-1,-1,-1,-1,1,-1,-1,-1,1,-1,-1,1,-1,1,-1,-1,-1,-1,1,-1,-1,1,-1,-1,-1,-1,1,1,-1,-1,1,-1,1,-1,-1,-1,1,-1,-1,-1,-1,1,-1,-1,-1,-1,-1,1,1,1,-1,1,-1,1,-1,1,-1,-1,-1,-1,-1,-1,1,1,-1,-1,1,-1,1,1,-1,-1,-1,1,-1,1,1,-1,-1,1,-1,-1,1,1,1,-1,1,-1,1,1,1,-1,-1,1,-1,-1,1,1,1,-1,1,-1,-1,1,1,-1,1,1,-1,-1,1,1,-1,1,1,-1,-1,1,1,-1,1,1,-1,-1,1,1,1,1,1,1,-1,1,1,1,1,1,-1,-1,1,-1,1,1,1,1,-1,-1,1,-1,1,1,1,-1,1,1,1,1,-1,1,-1,1,1,1,1,1,1,-1,-1,1,1,1,1,-1,1,-1,1,1,1,1,-1,1,-1,1,1,1,-1,-1,1,-1,1,1,-1,1,-1,-1,1,1,1,1,-1,1,-1,-1,1,1,1,-1,-1,-1,1,1,1,1,-1,1,-1,-1,-1,1,1,-1,1,-1,-1,1,1,1,-1,1,-1,-1,1,1,1,1,1,1,-1,1,1,1,-1,-1,1,1,1,1,1,-1,1,-1,-1,1,1,-1,-1,1,-1,-1,1,1,1,-1,1,1,1,1,1,-1,-1,-1,-1,-1,1,-1,-1,-1,1,-1,1,-1,1,-1,1,1,-1,1,1,1,1,-1,1,-1,1,1,1,1,-1,1,-1,1,1,1,1,-1,1,-1,1,1,1,1,-1,1,-1,1,1,1,-1,-1,1,-1,-1,1,1,-1,-1,-1,1,-1,1,-1,1,-1,1,-1,-1,1,-2672.0,1,2000,445,500,False
419,1,1,-1,-1,1,1,-1,-1,1,1,1,-1,-1,1,1,1,-1,1,1,-1,-1,-1,1,1,1,1,-1,-1,1,1,1,1,-1,-1,-1,-1,1,-1,1,1,-1,-1,-1,1,1,1,1,-1,1,1,1,1,-1,1,-1,-1,1,-1,1,1,1,-1,-1,-1,1,1,1,1,-1,-1,-1,1,1,1,1,-1,-1,-1,1,1,1,-1,-1,-1,1,1,1,1,-1,-1,-1,1,1,1,1,-1,-1,1,1,-1,1,1,-1,-1,1,1,1,1,1,-1,-1,-1,1,-1,1,1,-1,-1,1,1,1,1,1,1,-1,-1,1,1,-1,1,1,-1,1,1,1,1,1,1,-1,1,1,1,1,1,1,-1,1,1,1,1,1,1,-1,-1,-1,1,1,1,1,-1,1,1,1,1,-1,1,-1,1,-1,1,1,1,-1,-1,1,1,1,1,1,-1,1,-1,-1,1,-1,1,-1,1,1,1,1,1,1,1,1,1,-1,1,-1,1,-1,1,1,-1,1,-1,1,1,-1,1,-1,1,-1,1,-1,1,1,-1,-1,-1,1,1,1,1,-1,-1,1,1,-1,-1,1,-1,1,-1,-1,1,-1,1,-1,1,-1,1,-1,1,1,-1,1,-1,1,1,-1,1,-1,1,1,1,-1,1,1,-1,-1,-1,1,-1,1,-1,1,-1,1,1,-1,1,-1,-1,-1,1,1,-1,1,-1,-1,-1,1,1,-1,-1,1,1,-1,-1,1,1,-1,1,1,-1,1,1,1,1,-1,1,-1,1,1,-1,1,-1,1,-1,1,1,1,1,1,1,-1,-1,1,-1,-1,-1,1,1,-1,1,1,1,-1,1,1,1,1,1,1,1,1,-1,1,1,1,-1,1,1,-1,1,1,1,-1,1,1,-1,-1,1,1,1,-1,1,-1,1,1,1,-1,1,1,-1,1,1,1,-1,1,1,-1,1,1,1,-1,1,1,1,-1,1,1,-1,1,1,-1,1,-1,1,-1,1,1,1,-1,1,1,1,-1,1,1,-1,1,1,-1,1,1,1,-1,-1,-1,-1,1,1,1,-1,1,1,-1,1,1,-1,-1,1,1,1,1,1,-1,1,1,1,-1,1,1,1,-1,-1,1,1,-1,-1,1,-1,1,-1,1,-1,1,1,-1,-1,-1,1,-1,-1,1,-1,1,-1,1,-1,1,1,1,-1,-1,1,-1,-1,1,-1,1,-1,1,-1,1,1,1,1,-1,-1,1,-1,1,1,-1,-1,1,1,1,-1,1,-1,-1,1,-1,-1,1,1,-1,-1,1,-1,1,1,-1,1,-1,1,-1,1,1,-1,-1,1,1,-1,1,1,-1,-1,-1,1,-1,1,1,1,-1,1,-1,1,-1,1,-1,-1,-1,1,-1,1,1,1,-1,-1,1,-1,-1,1,-1,-1,-1,1,-1,-1,1,-1,-1,-1,1,-1,-1,1,-1,-1,-1,-1,1,-1,1,-1,-1,-1,-1,1,-1,-1,1,1,1,-1,1,-1,1,-1,1,-1,1,-1,-1,-1,1,-1,-1,1,1,1,-1,1,-1,1,1,1,-1,1,1,-1,-1,-1,1,-1,-1,1,-1,-1,1,1,1,-1,1,-1,-1,1,1,-1,-1,1,-1,-1,1,1,-1,-1,1,-1,-1,-1,1,1,-1,1,1,-1,-1,1,-1,-1,1,-1,1,-1,1,1,-1,-1,1,-1,-1,-1,-1,-1,1,1,1,-1,-1,1,-1,-1,1,-1,-1,1,-1,-1,-1,1,-1,-1,1,1,-1,1,1,-1,1,-1,1,-1,-1,1,1,-1,-1,-1,-1,1,1,-1,-1,1,-1,-1,-1,1,1,-1,-1,-1,-1,-1,1,-1,-1,-1,-1,-1,-1,1,1,-1,-1,-1,-1,1,1,1,-1,-1,-1,-1,-1,1,1,1,-1,-1,-1,-1,1,1,-1,-1,-1,-1,1,1,1,1,1,-1,1,1,1,1,1,1,-1,-1,1,1,1,-1,1,-1,1,1,1,1,-1,1,-1,-1,1,-1,1,-1,1,-1,-1,1,-1,1,-1,1,-1,-1,1,-1,1,-1,1,1,-1,1,-1,1,1,1,1,-1,1,-1,1,1,1,-1,-1,1,1,-1,1,1,-1,-1,1,-1,1,-1,1,-1,-1,-1,-1,-1,1,1,-1,-1,1,-1,-1,1,1,-1,-1,-1,-1,1,-1,1,-1,-1,-1,-1,1,1,-1,-1,1,-1,-1,1,-1,1,-1,-1,-1,-1,-1,1,1,1,-1,-1,-1,1,1,1,-1,-1,1,-1,-1,-1,1,-1,1,-1,-1,1,1,1,-1,-1,-1,-1,1,-1,1,1,-1,1,-1,-1,1,1,-1,-1,-1,-1,-1,-1,1,1,-1,-1,1,-1,1,1,-1,-1,-1,1,-1,1,1,-1,-1,1,-1,-1,1,1,1,-1,1,-1,1,1,1,-1,-1,1,-1,-1,1,1,1,-1,1,-1,-1,1,1,-1,1,1,-1,-1,1,1,-1,1,1,-1,-1,1,1,-1,1,1,-1,-1,1,1,1,1,1,1,-1,1,1,-1,1,1,-1,-1,1,-1,1,1,1,1,-1,-1,1,-1,1,1,1,-1,1,1,1,1,-1,1,-1,1,1,1,1,1,1,1,-1,-1,1,1,1,-1,1,-1,1,1,1,1,1,-1,1,1,1,1,-1,1,1,-1,1,1,-1,1,1,-1,-1,1,1,1,1,-1,1,-1,1,1,1,-1,-1,1,-1,1,1,1,-1,1,-1,-1,-1,1,1,-1,-1,1,-1,-1,1,1,-1,-1,1,-1,1,1,1,1,-1,-1,-1,-1,1,1,-1,-1,-1,1,1,1,1,-1,1,1,-1,1,1,-1,-1,1,1,-1,-1,1,1,-1,1,1,1,1,1,-1,-1,-1,-1,-1,-1,-1,-1,-1,-1,1,1,1,1,-1,1,1,-1,1,1,1,1,-1,1,-1,1,1,1,-1,-1,1,-1,1,1,1,-1,-1,1,-1,1,1,1,-1,-1,1,-1,1,1,1,1,-1,1,-1,1,1,1,-1,-1,-1,1,-1,1,-1,1,-1,1,-1,1,1,-2672.0,1,2000,445,500,False
420,1,1,-1,-1,1,-1,-1,-1,1,1,1,-1,1,1,1,1,-1,1,-1,-1,-1,-1,1,1,1,-1,1,-1,1,1,1,1,-1,-1,-1,-1,1,-1,1,1,-1,-1,-1,1,1,1,1,-1,1,1,1,1,-1,1,-1,-1,1,-1,1,1,1,-1,-1,-1,1,1,1,1,-1,-1,-1,1,1,1,1,-1,-1,-1,1,1,1,-1,-1,-1,1,1,1,1,-1,-1,1,1,1,1,1,-1,-1,-1,1,-1,1,1,-1,-1,1,1,1,1,1,-1,-1,-1,1,-1,1,1,-1,-1,1,1,1,1,1,1,-1,-1,1,1,-1,1,1,-1,1,1,1,1,1,1,-1,1,1,1,1,1,1,-1,1,1,1,1,1,1,-1,-1,-1,1,1,1,1,-1,1,1,1,1,-1,1,-1,1,-1,1,1,1,-1,-1,1,1,1,1,1,-1,1,-1,-1,1,-1,1,-1,1,1,1,1,1,1,1,1,1,1,1,-1,1,-1,1,1,-1,1,-1,1,1,-1,1,-1,1,-1,1,-1,1,1,-1,1,-1,1,1,1,1,-1,-1,1,1,-1,-1,1,-1,1,-1,-1,1,-1,1,-1,1,-1,1,-1,1,1,-1,-1,-1,1,-1,-1,1,-1,1,1,1,-1,1,1,-1,1,-1,1,-1,1,-1,1,-1,1,1,-1,1,-1,-1,-1,1,1,-1,1,-1,-1,-1,1,1,-1,-1,1,1,-1,-1,1,-1,-1,1,1,-1,1,1,1,1,-1,1,-1,1,1,-1,1,-1,1,1,-1,1,-1,-1,-1,1,-1,-1,1,-1,-1,-1,1,1,-1,1,1,1,-1,1,-1,-1,1,1,-1,1,1,-1,1,1,-1,1,-1,1,-1,1,1,-1,-1,1,1,-1,-1,1,1,1,-1,1,-1,1,1,1,-1,1,1,-1,1,1,1,-1,1,-1,-1,1,1,1,-1,1,-1,-1,-1,1,1,-1,1,-1,-1,1,-1,1,-1,1,1,-1,-1,1,1,1,-1,1,-1,-1,1,1,-1,1,-1,1,-1,-1,-1,-1,1,1,-1,-1,1,1,-1,1,1,-1,-1,1,1,1,1,1,-1,1,1,1,-1,1,-1,-1,-1,-1,1,1,1,1,-1,-1,1,1,1,1,-1,-1,-1,-1,-1,1,-1,-1,-1,1,-1,1,1,1,1,-1,1,1,-1,1,-1,1,-1,-1,1,-1,1,1,1,1,-1,1,-1,-1,1,1,-1,-1,1,-1,1,1,1,-1,-1,1,-1,-1,1,1,-1,1,1,-1,1,1,-1,-1,1,1,-1,1,-1,-1,-1,1,-1,-1,1,-1,-1,1,1,-1,-1,1,-1,-1,-1,1,-1,-1,1,-1,-1,-1,1,-1,-1,1,-1,-1,-1,1,1,-1,1,1,-1,-1,1,1,-1,-1,-1,1,-1,1,-1,-1,1,-1,-1,1,-1,1,-1,-1,1,-1,1,-1,1,1,-1,1,-1,-1,1,1,1,-1,1,-1,1,-1,1,1,1,-1,-1,-1,1,-1,-1,-1,1,1,-1,1,-1,1,-1,1,-1,1,1,-1,1,1,1,-1,-1,1,-1,1,-1,1,1,-1,1,-1,-1,1,1,-1,-1,1,-1,-1,-1,1,-1,-1,1,-1,1,1,1,1,-1,1,-1,-1,1,1,-1,-1,1,-1,-1,-1,1,1,-1,-1,1,1,-1,-1,-1,-1,1,1,1,1,1,1,-1,-1,1,1,-1,1,-1,-1,1,1,1,1,-1,1,-1,1,-1,1,1,1,1,-1,-1,1,1,1,-1,-1,-1,-1,1,1,1,1,-1,-1,-1,1,1,1,-1,-1,-1,-1,1,1,1,1,-1,-1,1,1,1,1,1,-1,-1,-1,1,1,1,-1,-1,-1,-1,1,1,-1,1,-1,-1,-1,1,1,1,1,-1,-1,1,1,1,1,1,-1,1,1,-1,1,1,-1,-1,-1,1,1,1,-1,1,-1,1,1,1,1,1,1,-1,-1,1,-1,1,-1,1,-1,-1,1,-1,1,-1,-1,-1,-1,1,-1,1,1,-1,1,-1,1,1,1,-1,1,1,-1,1,-1,1,-1,-1,-1,-1,1,1,-1,-1,-1,-1,-1,1,-1,1,-1,-1,-1,-1,-1,-1,-1,1,-1,-1,-1,1,-1,-1,1,-1,-1,-1,-1,-1,1,1,-1,-1,-1,-1,-1,1,-1,-1,-1,1,-1,-1,1,-1,1,-1,-1,-1,-1,-1,-1,-1,1,-1,-1,-1,1,1,-1,-1,-1,1,-1,-1,-1,-1,-1,1,-1,-1,1,-1,1,-1,-1,-1,-1,1,-1,1,1,-1,1,-1,-1,1,1,-1,-1,-1,-1,-1,-1,1,1,-1,-1,1,-1,1,1,-1,-1,-1,-1,-1,-1,1,-1,-1,1,1,-1,1,1,1,-1,1,-1,1,1,1,-1,-1,1,-1,-1,1,1,1,-1,1,-1,-1,1,1,-1,1,1,1,-1,1,1,-1,1,1,1,-1,1,1,-1,1,1,1,-1,1,1,1,1,1,1,-1,-1,1,1,-1,1,1,-1,1,-1,1,1,1,1,-1,-1,1,-1,1,1,1,-1,1,1,1,1,-1,1,1,1,1,1,1,1,1,1,-1,1,1,1,1,-1,1,-1,1,1,1,1,1,-1,1,1,1,1,-1,-1,1,-1,1,1,-1,1,1,-1,-1,1,1,1,-1,1,1,-1,1,1,1,-1,-1,1,-1,1,1,1,-1,1,-1,-1,-1,1,1,-1,-1,1,-1,-1,1,1,-1,-1,1,-1,-1,1,1,1,1,-1,-1,-1,1,1,-1,-1,-1,1,-1,-1,1,-1,1,1,-1,1,1,-1,-1,1,1,-1,-1,1,1,-1,1,1,-1,1,1,-1,-1,-1,-1,1,-1,-1,-1,-1,1,-1,-1,1,1,-1,1,1,-1,1,1,1,1,-1,1,-1,1,1,1,-1,-1,1,-1,-1,1,1,-1,-1,1,-1,1,1,1,-1,-1,1,-1,1,1,1,1,-1,1,-1,-1,1,1,1,-1,-1,1,-1,1,-1,1,-1,1,-1,-1,1,-2672.0,1,2000,445,500,False
421,1,1,-1,-1,1,-1,-1,-1,1,1,1,-1,1,1,1,1,-1,1,-1,-1,-1,-1,1,1,1,-1,-1,-1,1,1,1,1,1,-1,-1,-1,1,1,1,1,-1,-1,-1,1,1,1,1,-1,1,1,1,1,-1,1,-1,-1,1,-1,1,1,-1,-1,-1,-1,1,1,1,1,-1,-1,-1,1,1,1,1,-1,-1,-1,1,1,1,-1,-1,-1,1,1,1,1,-1,-1,1,1,1,1,1,-1,-1,-1,1,-1,1,1,-1,-1,1,1,1,1,1,-1,-1,-1,1,1,1,1,-1,-1,1,1,1,1,1,1,-1,-1,1,1,-1,1,1,-1,1,1,1,1,1,1,-1,1,1,1,1,1,1,-1,1,1,1,1,1,1,-1,-1,-1,1,1,1,1,-1,1,1,1,1,-1,1,-1,1,-1,1,1,1,-1,-1,1,1,1,1,1,-1,1,-1,-1,1,-1,1,-1,1,1,1,1,1,1,1,1,1,-1,1,-1,1,-1,1,1,-1,1,-1,1,1,-1,1,-1,1,-1,1,-1,1,1,-1,-1,-1,1,1,1,1,-1,-1,1,1,-1,-1,1,-1,1,-1,-1,1,-1,1,-1,1,-1,1,-1,1,1,-1,1,-1,1,1,-1,1,-1,1,1,1,-1,1,-1,-1,-1,-1,1,-1,1,1,1,-1,1,1,-1,1,-1,-1,-1,1,1,-1,1,-1,-1,-1,1,1,-1,-1,1,1,-1,-1,1,1,-1,1,1,-1,1,1,1,-1,-1,1,-1,1,1,-1,1,-1,1,1,1,1,1,-1,-1,1,-1,-1,1,-1,1,-1,1,1,-1,1,1,1,-1,1,-1,-1,1,1,-1,-1,1,-1,1,1,1,1,-1,1,-1,1,1,1,-1,1,1,-1,-1,1,1,-1,-1,1,-1,1,1,1,1,1,1,-1,1,1,1,1,1,-1,-1,1,1,1,1,1,-1,-1,-1,1,1,1,1,-1,-1,1,-1,1,-1,1,1,-1,-1,1,1,1,1,1,-1,-1,1,1,1,-1,-1,1,-1,-1,-1,-1,1,1,-1,-1,1,1,-1,1,1,-1,-1,1,1,1,1,1,-1,1,1,1,-1,1,-1,-1,-1,-1,1,1,1,1,-1,-1,1,-1,1,1,-1,-1,-1,-1,-1,1,-1,-1,-1,1,-1,1,-1,1,1,-1,1,1,-1,1,-1,1,-1,-1,1,-1,1,-1,1,1,-1,1,-1,-1,1,1,-1,-1,1,-1,1,1,1,-1,-1,1,-1,1,-1,1,-1,1,1,-1,1,-1,-1,-1,1,1,-1,1,-1,-1,-1,1,-1,1,1,-1,-1,1,1,-1,-1,1,-1,-1,-1,1,-1,1,-1,-1,-1,-1,1,-1,-1,1,-1,-1,-1,1,1,-1,1,-1,-1,-1,1,1,-1,-1,-1,1,-1,1,-1,-1,1,-1,-1,1,-1,1,-1,-1,1,-1,1,-1,1,-1,-1,1,-1,-1,1,1,1,-1,1,-1,1,-1,1,1,1,-1,-1,-1,1,-1,-1,-1,1,1,-1,1,-1,1,-1,1,-1,1,1,-1,1,1,1,-1,-1,1,-1,1,-1,1,1,-1,1,-1,-1,1,1,-1,-1,1,-1,-1,-1,1,-1,-1,1,-1,1,1,1,1,-1,1,-1,-1,1,1,-1,-1,1,-1,-1,-1,1,1,-1,-1,1,1,-1,-1,-1,-1,1,1,1,1,1,1,-1,-1,1,1,-1,1,-1,-1,-1,1,1,1,-1,-1,-1,1,-1,1,1,1,-1,-1,-1,1,1,1,-1,-1,-1,1,1,1,1,1,-1,-1,-1,1,1,1,-1,-1,-1,-1,1,1,1,1,-1,-1,-1,1,1,1,1,-1,-1,1,1,1,1,1,-1,-1,-1,1,1,-1,1,-1,-1,-1,1,1,1,1,-1,-1,1,1,1,1,1,-1,1,1,1,1,1,-1,-1,-1,1,1,1,-1,1,-1,1,1,1,1,1,1,-1,-1,1,-1,1,-1,1,-1,-1,1,-1,1,-1,-1,-1,-1,1,-1,1,1,-1,-1,-1,1,-1,1,-1,1,-1,-1,1,-1,1,-1,-1,-1,-1,1,1,-1,-1,-1,-1,-1,1,-1,1,-1,-1,-1,-1,-1,-1,-1,1,-1,-1,-1,1,-1,-1,1,-1,-1,-1,-1,-1,1,1,-1,-1,-1,-1,-1,1,-1,-1,-1,1,-1,-1,1,-1,1,-1,-1,-1,-1,-1,-1,-1,1,-1,-1,-1,1,1,1,-1,-1,1,-1,-1,-1,-1,-1,1,-1,-1,1,-1,1,-1,-1,-1,-1,1,-1,1,1,-1,1,-1,-1,1,1,-1,-1,-1,-1,-1,-1,1,1,-1,-1,1,-1,1,1,-1,-1,-1,1,-1,1,1,-1,-1,1,-1,-1,1,1,1,-1,1,-1,1,1,1,-1,-1,1,-1,-1,1,1,1,-1,1,-1,-1,1,1,-1,1,1,-1,-1,1,1,1,1,1,-1,-1,1,1,1,1,1,-1,-1,1,1,1,1,1,1,-1,1,1,1,-1,1,-1,-1,1,-1,1,1,1,1,-1,-1,1,-1,1,1,1,-1,1,1,1,1,-1,1,-1,1,1,1,1,1,1,-1,-1,1,1,1,1,-1,1,-1,1,1,1,1,-1,1,-1,1,1,1,-1,-1,1,-1,1,1,-1,1,-1,-1,-1,1,1,1,-1,1,-1,-1,1,1,1,-1,-1,-1,-1,1,1,1,-1,-1,-1,-1,-1,1,1,-1,1,-1,-1,-1,1,1,1,-1,1,-1,1,1,1,1,1,1,-1,-1,1,1,-1,-1,1,1,1,-1,1,-1,1,-1,-1,1,1,-1,-1,1,-1,-1,-1,1,1,-1,1,-1,1,1,1,-1,-1,1,-1,1,-1,-1,-1,-1,1,-1,1,1,1,-1,1,1,-1,1,1,1,1,-1,1,-1,1,1,1,-1,-1,1,-1,1,1,1,-1,1,1,-1,1,1,1,-1,-1,1,-1,1,1,1,1,-1,1,-1,-1,1,1,1,-1,1,1,-1,1,1,1,-1,1,-1,-1,1,-2672.0,1,2000,445,500,False
422,1,1,-1,-1,1,-1,-1,-1,1,1,1,-1,1,1,1,1,-1,1,1,-1,1,-1,1,1,1,1,-1,-1,1,1,1,1,-1,-1,-1,-1,1,1,1,1,-1,-1,-1,1,1,1,1,-1,1,1,1,1,-1,1,-1,-1,1,-1,1,1,1,-1,-1,-1,1,1,1,1,-1,-1,-1,1,1,1,1,-1,-1,-1,1,1,1,-1,-1,-1,1,1,1,1,-1,-1,-1,1,1,1,1,-1,-1,1,1,-1,1,1,-1,-1,1,1,1,1,1,-1,-1,1,1,1,1,1,-1,-1,1,1,1,1,1,1,-1,-1,1,1,-1,1,1,-1,1,1,1,1,1,1,-1,-1,1,1,1,1,1,-1,1,1,1,1,1,1,-1,-1,-1,1,1,1,1,-1,1,1,1,1,-1,1,-1,1,-1,1,1,1,-1,-1,1,1,1,1,1,-1,1,-1,-1,1,-1,1,-1,1,1,1,1,1,1,1,1,1,-1,1,-1,1,-1,1,1,-1,1,-1,1,1,-1,1,-1,1,-1,1,-1,1,1,-1,1,-1,1,1,1,1,-1,-1,1,1,-1,-1,1,-1,1,-1,-1,1,-1,1,-1,1,-1,1,-1,1,1,-1,1,-1,1,1,-1,1,-1,1,1,1,-1,1,1,-1,1,-1,1,-1,1,-1,1,-1,1,1,-1,1,-1,-1,-1,1,1,-1,1,-1,-1,-1,1,1,-1,-1,1,1,-1,-1,1,1,-1,1,1,-1,1,1,1,-1,-1,1,-1,1,1,-1,1,-1,1,1,-1,1,1,-1,-1,1,-1,-1,1,-1,1,-1,1,1,-1,1,1,1,-1,1,-1,-1,1,1,-1,-1,1,-1,1,1,1,1,-1,1,-1,1,1,1,-1,1,1,-1,-1,1,1,-1,-1,1,-1,1,1,1,1,1,1,-1,1,1,1,1,1,-1,-1,1,1,1,1,1,-1,-1,-1,-1,1,1,1,-1,-1,1,1,1,-1,1,1,-1,-1,1,1,1,1,1,-1,-1,1,-1,1,-1,-1,1,-1,-1,1,-1,1,1,1,-1,1,-1,-1,1,1,-1,-1,-1,1,1,1,1,-1,1,-1,1,-1,1,-1,-1,-1,-1,1,1,1,1,-1,-1,1,-1,1,1,-1,-1,-1,1,-1,1,-1,-1,-1,1,-1,1,-1,1,1,1,1,1,-1,1,-1,1,-1,-1,1,-1,1,-1,1,1,-1,1,-1,-1,1,1,-1,-1,1,-1,1,1,1,-1,-1,1,-1,1,-1,1,-1,1,1,1,-1,-1,-1,-1,1,1,-1,1,-1,-1,-1,1,-1,1,1,-1,-1,1,1,-1,-1,1,-1,-1,-1,1,-1,1,-1,-1,-1,-1,1,-1,-1,1,-1,-1,-1,1,1,-1,1,-1,-1,-1,1,1,-1,-1,-1,1,-1,1,-1,-1,1,-1,-1,1,-1,1,-1,-1,1,-1,1,-1,1,-1,-1,1,-1,-1,1,1,1,-1,1,-1,1,-1,-1,-1,1,-1,-1,-1,1,-1,-1,-1,1,1,-1,1,-1,1,-1,1,-1,1,1,-1,1,1,1,-1,-1,1,-1,1,-1,1,1,-1,1,-1,-1,1,1,-1,-1,1,-1,-1,-1,1,-1,-1,1,-1,1,1,1,1,-1,1,-1,-1,1,1,-1,-1,1,-1,-1,-1,1,1,-1,-1,1,1,-1,1,-1,-1,1,1,1,-1,1,1,-1,-1,1,1,-1,1,-1,-1,-1,1,1,1,-1,-1,-1,1,-1,1,1,1,-1,-1,-1,1,1,1,-1,-1,-1,1,1,1,1,1,-1,-1,-1,1,1,1,-1,-1,-1,-1,1,1,1,1,-1,-1,1,1,1,1,1,-1,-1,-1,1,1,1,1,-1,-1,-1,1,1,-1,1,-1,-1,-1,1,1,1,1,-1,-1,1,1,1,1,1,-1,1,1,-1,1,1,-1,-1,-1,1,1,1,-1,1,-1,1,1,1,1,1,1,-1,-1,1,-1,1,-1,1,-1,-1,1,-1,1,1,-1,-1,-1,1,-1,1,1,-1,-1,-1,1,1,1,-1,1,-1,-1,1,-1,1,-1,-1,-1,-1,1,1,-1,-1,-1,-1,-1,1,-1,1,-1,-1,-1,-1,-1,-1,-1,1,-1,-1,-1,1,-1,-1,1,-1,-1,-1,-1,-1,-1,1,-1,-1,-1,-1,-1,1,-1,-1,-1,1,-1,-1,1,-1,1,-1,-1,-1,-1,1,-1,-1,1,-1,-1,-1,-1,1,-1,-1,-1,1,-1,1,-1,-1,-1,1,-1,-1,-1,-1,1,-1,-1,-1,-1,-1,1,1,1,-1,1,-1,1,-1,1,-1,-1,-1,-1,-1,-1,1,1,-1,-1,1,-1,1,1,-1,-1,-1,1,-1,1,1,-1,-1,1,-1,-1,1,1,1,-1,1,-1,1,1,1,-1,-1,1,-1,-1,1,1,1,-1,1,-1,-1,1,1,-1,1,1,-1,-1,1,1,-1,1,1,-1,-1,1,1,-1,1,1,-1,-1,1,1,1,1,1,1,-1,1,1,-1,1,1,-1,-1,1,-1,1,1,1,1,-1,-1,1,-1,1,1,1,-1,1,1,1,1,-1,1,-1,1,1,1,1,1,1,-1,-1,1,1,1,1,-1,1,-1,1,1,1,1,-1,1,-1,1,1,1,-1,-1,1,-1,1,1,-1,1,-1,-1,-1,1,1,1,-1,1,-1,-1,1,1,1,-1,-1,-1,-1,1,1,1,-1,1,-1,-1,-1,1,1,-1,1,-1,-1,-1,1,1,-1,1,-1,-1,1,1,1,1,1,1,-1,-1,1,1,-1,-1,1,1,1,-1,1,-1,1,-1,-1,1,1,-1,-1,1,-1,-1,-1,1,1,-1,1,-1,1,1,1,-1,-1,-1,-1,-1,-1,-1,-1,-1,1,-1,1,1,1,-1,1,1,-1,1,1,1,1,-1,1,-1,1,1,1,1,-1,1,-1,1,1,1,1,-1,1,-1,1,1,1,1,-1,1,-1,1,1,-1,-1,-1,1,-1,-1,1,1,-1,-1,-1,1,-1,1,-1,1,-1,1,-1,-1,1,-2672.0,1,2000,445,500,False
423,1,1,-1,-1,1,1,-1,-1,1,1,1,-1,1,1,1,1,-1,1,1,-1,-1,-1,1,1,1,1,-1,-1,1,1,1,1,-1,-1,-1,-1,1,-1,1,1,-1,-1,-1,1,1,1,1,-1,1,1,1,1,-1,1,-1,-1,1,-1,1,1,1,-1,-1,-1,1,1,1,1,-1,-1,-1,1,1,1,1,-1,-1,-1,1,1,1,-1,-1,-1,1,1,1,1,-1,-1,-1,1,1,1,1,-1,-1,1,1,-1,1,1,-1,-1,1,1,1,1,1,-1,-1,-1,1,-1,1,1,-1,-1,1,1,1,1,1,1,-1,-1,1,1,-1,1,1,-1,1,1,1,1,1,1,-1,1,1,1,1,1,1,-1,1,1,1,1,1,1,-1,-1,-1,1,1,1,1,-1,1,1,1,1,-1,1,-1,1,-1,1,1,1,-1,-1,1,1,1,1,1,-1,1,-1,-1,1,-1,1,-1,1,1,1,1,1,1,1,1,1,-1,1,-1,1,-1,1,1,-1,1,-1,1,1,-1,1,-1,1,-1,1,-1,1,1,-1,1,-1,1,1,1,1,-1,-1,1,1,-1,-1,1,-1,1,-1,1,1,-1,1,-1,1,-1,1,-1,-1,1,-1,-1,-1,1,1,-1,1,-1,1,1,1,-1,1,1,-1,1,-1,1,-1,1,-1,1,-1,1,1,-1,1,-1,-1,-1,1,1,-1,1,-1,-1,-1,1,1,-1,-1,1,1,-1,-1,1,1,-1,1,1,-1,1,1,1,1,-1,1,-1,1,1,-1,1,-1,1,1,-1,1,1,1,1,1,-1,-1,1,-1,-1,-1,1,1,-1,1,1,1,-1,1,-1,-1,1,1,1,1,1,-1,1,1,1,-1,1,1,-1,1,1,1,-1,1,1,-1,-1,1,1,1,-1,1,-1,1,1,1,-1,1,1,-1,1,1,1,-1,1,-1,-1,1,1,1,-1,1,-1,-1,-1,1,1,-1,1,-1,-1,1,-1,1,-1,1,1,-1,-1,1,1,1,-1,1,-1,-1,1,1,-1,1,-1,-1,-1,-1,-1,-1,1,1,-1,-1,1,1,-1,1,-1,-1,-1,1,1,1,1,1,-1,1,1,1,-1,1,-1,-1,-1,-1,1,1,-1,1,-1,-1,1,-1,1,-1,-1,-1,1,-1,-1,1,-1,1,-1,-1,1,-1,1,-1,-1,-1,1,1,-1,1,-1,1,-1,-1,1,-1,1,-1,-1,-1,-1,1,-1,-1,1,1,-1,-1,1,-1,1,1,-1,1,-1,1,-1,1,-1,1,-1,-1,1,-1,1,-1,-1,-1,1,1,-1,1,-1,1,-1,1,-1,1,1,-1,1,-1,1,-1,-1,1,-1,-1,-1,1,-1,1,-1,1,1,-1,1,-1,-1,1,-1,-1,1,-1,1,-1,1,-1,1,-1,1,1,-1,1,-1,1,-1,1,-1,-1,1,-1,1,1,1,1,-1,-1,1,1,-1,1,1,-1,-1,1,1,1,-1,1,1,-1,1,1,1,1,-1,-1,1,-1,-1,-1,1,-1,1,1,1,1,-1,1,-1,1,-1,-1,-1,1,1,-1,1,1,-1,-1,-1,1,-1,1,1,-1,1,-1,1,-1,-1,-1,-1,-1,-1,1,-1,-1,-1,-1,-1,-1,1,-1,1,1,1,1,-1,1,-1,1,1,-1,-1,-1,1,-1,-1,1,-1,1,-1,-1,1,1,1,1,-1,-1,1,1,1,1,-1,1,-1,-1,1,1,1,-1,-1,-1,1,1,1,1,-1,1,-1,1,-1,1,-1,1,1,-1,-1,1,1,1,-1,-1,-1,-1,1,1,1,1,-1,-1,-1,1,1,1,1,-1,-1,-1,1,1,1,-1,-1,-1,1,1,1,1,1,-1,-1,-1,1,1,1,1,-1,-1,-1,1,1,-1,1,-1,-1,-1,1,1,1,1,-1,-1,1,1,1,1,-1,-1,1,1,-1,1,1,-1,-1,-1,1,1,1,1,1,-1,1,1,1,1,1,-1,-1,-1,1,-1,1,-1,-1,-1,-1,1,-1,1,1,-1,-1,-1,1,-1,1,1,-1,1,-1,1,1,1,1,-1,1,-1,1,-1,1,1,-1,-1,-1,1,1,-1,-1,-1,-1,-1,1,-1,1,-1,-1,-1,-1,-1,-1,-1,1,-1,-1,-1,1,-1,-1,1,-1,-1,-1,-1,-1,1,1,-1,-1,-1,-1,-1,1,-1,-1,-1,1,-1,-1,1,-1,1,-1,-1,-1,-1,-1,-1,-1,1,-1,-1,-1,1,1,-1,-1,-1,-1,1,-1,-1,-1,-1,1,-1,-1,1,1,1,-1,-1,-1,-1,1,-1,1,1,-1,1,-1,-1,1,1,-1,-1,-1,-1,-1,-1,1,1,-1,-1,1,-1,1,1,-1,-1,-1,1,-1,1,1,-1,-1,1,-1,-1,1,1,1,-1,1,-1,1,1,1,-1,-1,1,-1,-1,1,1,1,-1,1,-1,-1,1,1,-1,1,1,-1,-1,1,1,-1,1,1,-1,-1,1,1,-1,1,1,-1,-1,1,1,1,1,-1,1,-1,1,1,-1,1,1,-1,-1,1,-1,1,1,1,1,-1,-1,1,-1,1,1,1,-1,1,1,1,1,-1,1,-1,1,1,1,1,1,1,1,-1,-1,1,1,1,-1,1,-1,1,1,1,1,1,-1,1,1,1,1,-1,1,1,-1,-1,1,-1,1,1,-1,-1,1,1,1,1,-1,1,-1,1,1,1,-1,-1,1,-1,1,1,1,-1,1,-1,-1,-1,1,1,-1,-1,1,-1,-1,1,1,1,-1,1,-1,1,1,1,1,-1,1,-1,-1,1,1,-1,-1,-1,1,1,1,1,-1,1,1,-1,1,1,-1,-1,1,1,-1,-1,1,1,-1,1,1,1,1,1,-1,-1,-1,-1,1,-1,-1,-1,-1,-1,1,1,1,1,-1,1,1,-1,1,1,1,1,-1,1,-1,1,1,1,-1,-1,1,-1,1,1,1,-1,-1,1,-1,1,1,1,-1,-1,1,-1,1,1,1,1,-1,1,-1,1,1,1,-1,-1,-1,1,-1,1,1,1,-1,1,-1,1,1,-2672.0,1,2000,445,500,False
424,1,1,-1,-1,1,1,-1,-1,1,1,1,-1,-1,1,1,1,-1,1,-1,-1,-1,-1,1,1,1,-1,-1,-1,1,1,1,1,-1,-1,-1,-1,1,-1,1,1,-1,-1,-1,1,1,1,1,-1,1,1,1,1,-1,1,-1,-1,1,-1,1,1,1,-1,-1,-1,1,1,1,1,-1,-1,-1,1,1,1,1,-1,-1,-1,1,1,1,-1,-1,-1,1,1,1,1,-1,-1,1,1,1,1,1,-1,-1,-1,1,-1,1,1,-1,-1,1,1,1,1,1,-1,-1,-1,1,-1,1,1,-1,-1,1,1,1,1,1,1,-1,-1,1,1,-1,1,1,-1,1,1,1,1,1,1,-1,1,1,1,1,1,1,-1,1,1,1,1,1,1,-1,-1,-1,1,1,1,1,-1,1,1,1,1,-1,1,-1,1,-1,1,1,1,-1,-1,1,1,1,1,1,-1,1,-1,-1,1,-1,1,-1,1,1,1,1,1,1,1,1,1,-1,1,-1,1,-1,1,1,-1,1,-1,1,1,-1,1,-1,1,-1,1,-1,1,1,-1,1,-1,1,1,1,1,-1,-1,1,1,-1,-1,1,-1,1,-1,-1,1,-1,1,-1,1,-1,1,-1,-1,1,-1,-1,-1,1,1,-1,1,-1,1,1,1,-1,1,1,-1,1,-1,1,-1,1,-1,1,-1,1,1,-1,1,-1,-1,-1,1,1,-1,1,-1,-1,-1,1,1,-1,-1,1,1,-1,-1,1,1,-1,1,1,-1,1,1,1,1,-1,1,-1,1,1,-1,1,-1,1,-1,1,1,1,1,1,1,-1,-1,1,-1,-1,-1,1,1,-1,1,1,1,-1,1,1,1,1,1,1,1,1,-1,1,1,1,-1,1,1,-1,1,1,1,-1,1,1,-1,-1,1,1,1,-1,1,-1,1,1,1,-1,1,1,-1,1,1,1,-1,1,1,-1,1,1,1,-1,1,1,-1,-1,1,1,-1,1,1,-1,1,-1,1,-1,1,1,1,-1,1,1,1,-1,1,1,-1,1,1,-1,1,1,1,-1,-1,-1,-1,1,1,1,-1,1,1,-1,1,1,-1,-1,1,1,1,1,1,-1,1,1,1,-1,1,1,1,1,-1,1,1,1,-1,1,-1,1,1,1,1,1,1,-1,-1,-1,1,-1,-1,1,-1,1,-1,1,1,1,1,1,1,-1,1,-1,-1,1,-1,1,-1,1,1,-1,1,1,1,-1,-1,1,-1,1,1,-1,-1,1,1,1,-1,1,1,-1,-1,1,-1,1,1,-1,-1,1,1,1,1,-1,1,-1,1,-1,1,1,-1,1,-1,1,-1,1,1,-1,-1,-1,1,-1,1,1,1,-1,-1,1,1,-1,1,-1,-1,-1,1,-1,1,1,-1,1,-1,1,-1,-1,1,-1,-1,-1,-1,-1,-1,1,-1,-1,-1,1,-1,-1,1,-1,-1,-1,-1,1,-1,1,-1,-1,-1,-1,1,-1,-1,1,1,1,-1,1,-1,1,-1,1,-1,1,-1,-1,-1,1,-1,-1,1,1,1,-1,1,-1,1,1,1,-1,1,1,-1,1,-1,1,-1,-1,1,-1,-1,1,1,1,-1,1,-1,-1,1,1,-1,-1,1,-1,-1,1,1,-1,-1,1,-1,-1,-1,1,1,-1,1,1,-1,-1,1,-1,-1,1,-1,1,-1,1,1,-1,-1,1,-1,-1,-1,-1,-1,1,1,1,-1,-1,1,-1,-1,1,-1,-1,1,-1,-1,1,1,-1,-1,1,1,-1,1,1,-1,1,-1,1,-1,-1,1,1,-1,-1,-1,-1,-1,1,-1,-1,1,-1,-1,-1,1,1,-1,-1,-1,-1,-1,1,-1,-1,-1,-1,-1,1,1,1,-1,-1,-1,-1,-1,1,1,-1,-1,-1,-1,-1,1,1,1,-1,-1,-1,-1,1,1,-1,-1,-1,-1,1,1,1,1,1,-1,1,1,1,1,1,1,-1,-1,1,1,1,1,1,-1,1,1,1,1,-1,1,-1,-1,1,-1,1,-1,1,-1,-1,1,-1,1,1,1,-1,-1,1,-1,1,-1,1,1,-1,1,-1,1,1,1,1,-1,1,-1,1,1,1,-1,-1,1,1,-1,1,1,-1,-1,1,-1,1,-1,1,-1,-1,-1,-1,-1,1,1,-1,-1,1,-1,-1,1,1,-1,-1,-1,-1,-1,-1,1,-1,-1,-1,-1,1,-1,-1,-1,1,-1,-1,1,-1,1,-1,-1,-1,-1,-1,-1,1,1,-1,-1,-1,1,1,1,-1,-1,1,1,-1,-1,1,-1,1,-1,-1,1,1,1,-1,-1,-1,-1,1,-1,1,1,-1,1,-1,-1,1,1,-1,-1,-1,-1,-1,-1,1,1,-1,-1,1,-1,1,1,-1,-1,-1,1,-1,1,1,-1,-1,1,-1,-1,1,1,1,-1,1,-1,1,1,1,-1,-1,1,-1,-1,1,1,1,-1,1,-1,-1,1,1,-1,1,1,-1,-1,1,1,-1,1,1,-1,-1,1,1,-1,1,1,-1,-1,1,1,1,1,-1,1,-1,-1,1,1,1,1,-1,-1,1,-1,1,1,1,1,-1,-1,1,-1,1,1,1,-1,1,1,1,1,-1,1,-1,1,1,1,1,1,1,1,-1,1,1,1,1,-1,1,-1,1,1,1,1,1,-1,1,1,1,1,-1,1,1,-1,1,1,-1,1,1,-1,-1,1,1,1,1,-1,1,-1,1,1,1,-1,-1,1,-1,1,1,1,-1,1,-1,-1,-1,1,1,-1,-1,1,-1,-1,1,1,-1,-1,1,-1,-1,1,1,1,-1,1,-1,-1,1,1,-1,-1,-1,1,-1,1,1,-1,1,1,-1,1,1,-1,-1,1,-1,-1,-1,1,1,-1,1,1,-1,1,1,-1,-1,-1,-1,1,-1,-1,-1,-1,1,-1,-1,1,1,-1,1,1,-1,1,1,1,1,-1,1,-1,1,1,1,-1,-1,1,-1,-1,1,1,-1,-1,1,-1,1,1,1,-1,-1,1,-1,1,1,1,1,-1,1,-1,-1,1,1,1,-1,-1,1,-1,1,-1,1,-1,1,-1,-1,1,-2672.0,1,2000,445,500,False
425,1,1,-1,-1,1,1,-1,-1,1,1,1,-1,-1,1,1,1,-1,1,1,-1,-1,-1,1,1,1,1,-1,-1,1,1,1,1,-1,-1,-1,-1,1,1,1,1,-1,-1,-1,1,1,1,1,-1,1,1,1,1,-1,1,-1,-1,1,-1,1,1,1,-1,-1,-1,1,1,1,1,-1,-1,-1,1,1,1,1,-1,-1,-1,1,1,1,-1,-1,-1,1,1,1,1,-1,-1,-1,1,1,1,1,-1,-1,1,1,-1,1,1,-1,-1,1,1,1,1,1,-1,-1,-1,1,1,1,1,-1,-1,1,1,1,1,1,1,-1,-1,1,1,-1,1,1,-1,1,1,1,1,1,1,-1,1,1,1,1,1,1,-1,1,1,1,1,1,1,-1,-1,-1,1,1,1,1,-1,1,1,1,1,-1,1,-1,1,-1,1,1,1,-1,-1,1,1,1,1,1,-1,1,-1,-1,1,-1,1,-1,1,1,1,1,1,1,1,1,1,-1,1,-1,1,-1,1,1,-1,1,-1,1,1,-1,1,-1,1,-1,1,-1,1,1,-1,1,-1,1,1,1,1,-1,-1,1,1,-1,-1,1,-1,1,-1,-1,1,-1,1,-1,1,-1,1,-1,1,1,-1,-1,-1,1,1,-1,1,-1,1,1,1,-1,1,1,-1,1,-1,1,-1,1,-1,1,-1,1,1,-1,1,-1,-1,-1,1,1,-1,1,-1,-1,-1,1,1,-1,-1,1,1,-1,-1,1,1,-1,1,1,-1,1,1,1,1,-1,1,-1,1,1,-1,1,-1,1,-1,1,1,1,1,1,1,-1,-1,1,-1,-1,1,1,1,-1,1,1,1,-1,1,1,1,1,1,1,-1,1,-1,1,1,1,-1,-1,1,-1,1,1,1,-1,1,1,-1,-1,1,1,1,-1,1,-1,1,1,1,-1,1,1,-1,1,1,1,-1,1,1,-1,1,1,1,-1,1,1,-1,-1,1,1,-1,1,1,-1,1,-1,1,-1,1,1,1,-1,1,1,1,-1,1,1,-1,1,1,-1,1,-1,1,-1,-1,-1,-1,1,1,1,-1,1,1,-1,1,1,-1,-1,1,1,1,1,1,-1,1,1,1,-1,1,1,1,1,-1,1,1,1,-1,1,-1,1,1,1,1,1,1,-1,-1,-1,1,-1,-1,1,-1,1,-1,1,1,1,1,1,1,-1,1,-1,-1,1,-1,1,-1,1,1,-1,1,1,1,-1,-1,1,-1,1,1,-1,-1,1,1,1,-1,1,1,-1,-1,1,-1,1,1,-1,-1,1,1,1,1,-1,1,-1,1,-1,-1,1,-1,-1,-1,1,-1,1,1,-1,-1,-1,1,-1,1,1,1,-1,-1,1,-1,-1,1,-1,-1,-1,1,-1,1,1,-1,1,-1,1,1,-1,1,-1,-1,-1,-1,1,-1,1,-1,-1,-1,1,1,-1,1,-1,-1,-1,-1,1,-1,1,-1,-1,-1,-1,1,-1,-1,1,1,1,-1,1,-1,1,-1,1,-1,1,-1,-1,-1,1,-1,-1,1,1,1,-1,1,-1,1,1,1,-1,1,1,-1,1,-1,1,-1,-1,1,-1,-1,1,1,1,-1,1,-1,-1,1,1,-1,-1,1,-1,-1,1,1,-1,-1,1,-1,-1,-1,1,1,-1,1,1,-1,-1,1,-1,-1,1,-1,1,-1,1,1,-1,-1,1,-1,-1,-1,-1,-1,1,1,1,-1,-1,1,-1,-1,1,-1,-1,1,-1,-1,1,1,-1,-1,1,-1,-1,1,1,-1,1,-1,1,-1,-1,1,1,-1,-1,-1,-1,-1,1,-1,-1,1,-1,-1,-1,1,1,-1,-1,-1,-1,-1,1,-1,-1,-1,-1,-1,1,1,1,-1,-1,-1,-1,-1,1,1,-1,-1,-1,-1,-1,1,1,1,-1,-1,-1,-1,1,1,-1,-1,-1,-1,1,1,1,1,1,-1,1,1,1,1,1,1,-1,-1,1,1,1,1,-1,-1,1,1,1,1,-1,1,-1,-1,1,-1,1,-1,1,-1,-1,1,-1,1,1,1,-1,-1,1,-1,1,-1,1,-1,-1,1,-1,1,1,1,-1,-1,1,-1,1,1,1,-1,-1,1,1,-1,1,1,-1,-1,1,-1,1,-1,1,-1,-1,-1,-1,-1,1,1,-1,-1,1,-1,-1,1,1,-1,-1,-1,-1,-1,-1,1,-1,-1,-1,-1,1,-1,-1,-1,1,-1,-1,1,-1,1,-1,-1,-1,-1,-1,-1,1,1,-1,-1,-1,1,1,1,-1,-1,1,1,-1,-1,1,-1,1,-1,-1,1,1,1,-1,-1,-1,-1,1,-1,1,1,-1,1,-1,-1,1,1,-1,-1,-1,-1,-1,-1,1,1,-1,-1,1,-1,1,1,-1,-1,-1,1,-1,1,1,-1,-1,1,-1,-1,1,1,1,-1,1,-1,1,1,1,-1,-1,1,-1,-1,1,1,1,-1,1,-1,-1,1,1,-1,1,1,-1,-1,1,1,-1,1,1,-1,-1,1,1,-1,1,1,-1,-1,1,1,1,1,1,1,-1,-1,1,-1,1,1,-1,-1,1,-1,1,1,1,1,-1,-1,1,-1,1,1,1,-1,1,1,1,1,-1,1,-1,1,1,1,1,1,1,1,-1,1,1,1,1,-1,1,-1,1,1,1,1,1,-1,1,1,1,1,-1,1,1,-1,1,1,-1,1,1,-1,-1,1,1,1,1,-1,1,-1,1,1,1,-1,-1,1,-1,1,1,1,-1,1,-1,-1,-1,1,1,-1,-1,1,-1,-1,1,1,-1,-1,1,-1,-1,1,1,1,-1,1,-1,-1,1,1,-1,-1,-1,1,-1,1,1,-1,1,1,-1,1,1,-1,-1,1,-1,-1,-1,1,1,-1,1,1,-1,1,1,-1,-1,-1,-1,1,-1,-1,-1,-1,1,-1,-1,1,1,-1,1,1,-1,1,1,1,1,-1,1,-1,1,1,1,-1,-1,1,-1,-1,-1,1,-1,-1,1,-1,1,1,1,-1,-1,1,-1,1,1,1,1,-1,1,-1,-1,1,1,-1,-1,-1,1,-1,1,-1,1,-1,1,-1,-1,1,-2672.0,1,2000,445,500,False
426,1,1,-1,-1,1,-1,-1,-1,1,1,1,-1,1,1,-1,1,-1,1,-1,-1,-1,1,1,1,1,-1,-1,-1,1,1,1,1,1,-1,-1,-1,1,-1,1,1,-1,-1,-1,1,1,1,1,-1,1,1,1,1,-1,1,-1,-1,1,-1,1,1,1,-1,-1,1,1,1,1,1,-1,1,1,1,1,1,1,-1,-1,-1,1,1,1,-1,-1,-1,1,1,1,1,-1,1,-1,1,1,1,1,-1,-1,1,1,-1,1,1,-1,-1,1,1,1,1,1,-1,-1,1,1,-1,1,1,-1,-1,1,1,1,1,1,1,-1,1,1,1,-1,1,1,-1,1,1,1,1,1,1,-1,-1,1,1,1,1,1,-1,1,1,1,1,1,1,-1,-1,-1,1,1,1,1,-1,1,-1,1,1,-1,1,-1,1,-1,1,1,1,-1,-1,1,1,1,1,1,-1,1,-1,-1,1,-1,1,-1,1,1,1,1,1,1,1,1,1,-1,1,-1,1,-1,1,1,-1,1,-1,1,1,-1,1,-1,1,-1,1,-1,1,1,-1,-1,-1,1,1,1,1,-1,-1,1,1,-1,-1,1,-1,1,-1,-1,1,-1,1,-1,1,-1,1,-1,1,1,-1,-1,-1,1,1,-1,1,-1,1,1,1,-1,1,1,-1,-1,-1,1,-1,1,-1,1,-1,1,1,-1,1,-1,-1,-1,1,1,-1,1,-1,-1,-1,1,1,-1,-1,1,1,-1,-1,1,1,-1,1,1,-1,1,1,1,1,-1,1,-1,1,1,-1,1,-1,1,1,-1,1,1,1,1,1,-1,-1,1,-1,-1,-1,1,1,-1,1,1,1,-1,1,-1,-1,1,1,1,-1,1,-1,1,1,1,-1,-1,1,-1,1,1,1,-1,1,1,-1,-1,1,1,1,-1,1,-1,1,1,1,-1,1,1,-1,1,1,1,-1,1,-1,-1,1,1,1,-1,1,-1,-1,-1,1,1,-1,1,-1,-1,1,-1,1,-1,1,1,-1,-1,1,1,1,-1,1,-1,-1,1,1,-1,1,-1,1,-1,-1,-1,-1,1,1,-1,-1,1,1,-1,1,1,-1,-1,1,1,1,1,1,-1,1,1,1,-1,1,-1,-1,-1,-1,1,1,1,1,-1,-1,1,1,1,1,-1,-1,-1,-1,-1,1,-1,-1,-1,1,-1,1,1,1,1,-1,1,1,-1,1,-1,1,-1,-1,1,-1,1,1,1,-1,1,1,-1,-1,1,1,-1,-1,1,-1,1,1,1,-1,-1,1,-1,-1,1,1,-1,1,1,-1,1,1,1,-1,1,1,-1,1,-1,-1,-1,1,-1,-1,1,-1,-1,-1,1,-1,-1,1,-1,1,-1,1,-1,-1,1,-1,-1,-1,1,-1,-1,1,-1,-1,-1,1,1,-1,1,-1,-1,-1,1,1,-1,-1,-1,1,-1,1,-1,-1,1,-1,-1,1,-1,1,-1,-1,1,-1,1,-1,1,-1,-1,1,-1,-1,1,1,1,-1,1,-1,1,-1,-1,-1,1,-1,-1,1,1,-1,-1,-1,1,-1,1,1,-1,1,-1,1,-1,1,1,-1,1,1,1,-1,-1,1,-1,1,-1,1,-1,-1,1,-1,-1,1,1,1,-1,1,-1,-1,-1,1,-1,-1,1,-1,1,1,1,1,-1,1,-1,-1,1,1,-1,-1,1,-1,-1,-1,1,1,-1,-1,1,1,-1,-1,-1,-1,1,1,1,1,1,1,-1,-1,1,1,1,-1,-1,-1,1,1,1,1,-1,1,-1,1,-1,1,-1,1,1,-1,-1,1,1,1,-1,-1,-1,1,1,1,1,1,-1,-1,-1,1,1,1,-1,-1,-1,-1,1,1,1,1,-1,-1,-1,1,1,1,1,-1,-1,1,1,1,1,1,-1,-1,-1,1,1,-1,1,-1,-1,-1,1,1,1,1,-1,-1,1,1,1,1,1,-1,1,1,-1,1,1,-1,-1,-1,1,1,1,1,1,-1,1,1,1,1,1,1,-1,-1,1,-1,1,-1,1,-1,-1,1,-1,1,-1,-1,-1,-1,1,-1,1,1,-1,1,-1,1,1,1,-1,1,1,-1,1,-1,1,-1,-1,-1,-1,1,1,-1,-1,-1,-1,-1,1,-1,1,-1,-1,-1,-1,-1,-1,-1,1,-1,-1,-1,1,-1,-1,1,-1,-1,-1,-1,-1,1,1,-1,-1,-1,-1,-1,1,-1,-1,-1,1,-1,-1,1,-1,1,-1,-1,-1,-1,-1,-1,-1,1,-1,-1,-1,1,1,1,-1,-1,1,-1,-1,-1,-1,-1,1,-1,-1,1,-1,1,-1,-1,-1,-1,1,-1,1,1,-1,1,-1,-1,1,1,-1,-1,-1,-1,-1,-1,1,1,-1,-1,1,-1,1,1,-1,-1,-1,1,-1,1,1,-1,-1,1,-1,-1,1,1,1,-1,1,-1,1,1,1,-1,-1,1,-1,-1,1,1,1,-1,1,-1,-1,1,1,-1,1,1,-1,-1,1,1,-1,1,1,-1,-1,1,1,1,1,1,-1,-1,1,1,1,1,1,1,-1,-1,1,1,1,1,-1,-1,1,-1,1,1,1,1,-1,-1,1,-1,1,1,1,-1,1,1,1,1,-1,1,-1,1,1,1,1,1,1,1,-1,1,1,1,1,-1,1,-1,1,1,1,1,1,-1,1,1,1,1,-1,1,1,-1,1,1,-1,1,1,-1,-1,1,1,1,1,-1,1,-1,1,1,1,-1,-1,1,-1,1,1,1,-1,1,-1,-1,-1,1,1,-1,-1,1,-1,-1,1,1,-1,-1,1,-1,-1,1,1,1,-1,1,-1,-1,1,1,-1,-1,-1,1,-1,-1,1,-1,1,1,-1,1,1,-1,-1,1,-1,-1,-1,-1,1,-1,1,1,-1,1,1,-1,-1,-1,-1,1,-1,-1,-1,-1,1,-1,-1,1,1,-1,1,1,-1,1,1,1,1,-1,1,-1,1,1,1,1,-1,1,-1,-1,1,1,1,-1,1,-1,1,1,1,1,-1,1,-1,1,1,1,-1,-1,1,-1,-1,1,1,-1,-1,-1,1,-1,1,1,1,-1,1,-1,-1,1,-2672.0,1,2000,445,1000,False
427,1,1,-1,-1,1,1,-1,-1,1,1,1,-1,-1,1,1,1,-1,1,-1,-1,-1,-1,1,1,1,1,-1,-1,1,1,1,1,-1,-1,-1,-1,1,-1,1,1,-1,-1,-1,1,1,1,1,-1,1,1,1,1,-1,1,-1,-1,1,-1,1,1,1,-1,-1,-1,1,1,1,1,-1,-1,-1,1,1,1,1,-1,-1,-1,1,1,1,-1,-1,-1,1,1,1,1,-1,-1,1,1,1,1,1,-1,-1,-1,1,-1,1,1,-1,-1,1,1,1,1,1,-1,-1,-1,1,-1,1,1,-1,-1,1,1,1,1,1,1,-1,-1,1,1,-1,1,1,-1,1,1,1,1,1,1,-1,1,1,1,1,1,1,-1,1,1,1,1,1,1,-1,-1,-1,1,1,1,1,-1,1,1,1,1,-1,1,-1,1,-1,1,1,1,-1,-1,1,1,1,1,1,-1,1,-1,-1,1,-1,1,-1,1,1,1,1,1,1,1,1,1,-1,1,-1,1,-1,1,1,-1,1,-1,1,1,-1,1,-1,1,-1,1,-1,1,1,-1,1,-1,1,1,1,1,-1,-1,1,1,-1,-1,1,-1,1,-1,1,1,-1,1,-1,1,-1,1,-1,-1,1,-1,-1,-1,1,1,-1,1,-1,1,1,1,-1,1,1,-1,1,-1,1,-1,1,-1,1,-1,1,1,-1,1,-1,-1,-1,1,1,-1,1,-1,-1,-1,1,1,-1,-1,1,1,-1,-1,1,1,-1,1,1,-1,1,1,1,1,-1,1,-1,1,1,-1,1,-1,1,1,1,1,1,1,1,1,-1,-1,1,-1,-1,-1,1,1,-1,1,1,1,-1,1,1,1,1,1,1,1,1,-1,1,1,1,-1,1,1,-1,1,1,1,-1,1,1,-1,-1,1,1,1,-1,1,-1,1,1,1,-1,1,1,-1,1,1,1,-1,1,1,-1,1,1,1,-1,1,1,-1,-1,1,1,-1,1,1,-1,1,-1,1,-1,1,1,1,-1,1,1,1,-1,1,1,-1,1,1,-1,1,1,1,-1,-1,-1,-1,1,1,1,-1,1,1,-1,1,1,-1,-1,1,1,1,1,1,-1,1,1,1,-1,1,1,1,-1,-1,1,1,-1,-1,1,-1,1,-1,1,-1,1,1,-1,-1,-1,1,-1,-1,1,1,-1,1,1,-1,1,1,1,1,-1,1,-1,-1,1,-1,1,-1,1,-1,1,1,1,1,-1,-1,1,-1,1,1,1,-1,1,1,1,-1,1,1,-1,1,-1,-1,1,1,1,-1,-1,-1,1,1,1,1,-1,1,-1,-1,1,1,-1,1,1,-1,1,1,1,-1,-1,1,-1,1,1,1,-1,1,-1,1,-1,1,1,-1,-1,1,-1,1,1,1,1,-1,1,-1,-1,1,1,1,-1,-1,-1,-1,1,1,-1,-1,1,-1,-1,1,-1,1,-1,-1,1,-1,1,-1,1,1,-1,1,-1,-1,1,1,1,-1,1,-1,1,-1,-1,-1,1,-1,-1,-1,1,-1,-1,-1,1,1,-1,1,-1,1,1,1,-1,1,1,-1,1,-1,1,-1,-1,1,-1,-1,1,1,1,-1,1,-1,-1,1,1,-1,-1,1,-1,-1,1,1,-1,-1,1,-1,-1,-1,1,1,-1,1,1,-1,-1,1,-1,-1,1,-1,1,-1,1,1,-1,-1,1,-1,-1,-1,-1,-1,1,1,1,-1,-1,1,-1,-1,1,-1,-1,1,-1,-1,1,1,-1,-1,1,1,-1,1,1,-1,1,-1,1,-1,-1,1,1,-1,-1,-1,-1,1,1,-1,-1,1,-1,-1,-1,1,1,-1,-1,-1,-1,-1,1,-1,-1,-1,-1,-1,1,1,1,-1,-1,-1,-1,-1,1,1,-1,-1,-1,-1,-1,1,1,1,-1,-1,-1,-1,1,1,-1,-1,-1,-1,1,1,1,1,-1,-1,1,1,1,1,1,-1,-1,-1,1,1,1,-1,1,-1,1,1,1,1,-1,1,-1,-1,1,-1,1,-1,1,-1,-1,1,-1,1,-1,-1,-1,-1,1,-1,1,-1,1,1,-1,1,-1,1,-1,1,1,-1,1,-1,1,-1,-1,-1,-1,1,1,-1,-1,-1,-1,-1,1,-1,1,-1,-1,-1,-1,-1,-1,-1,1,-1,-1,-1,1,-1,-1,1,-1,-1,-1,-1,-1,1,1,-1,-1,-1,-1,-1,1,-1,-1,-1,1,-1,-1,1,-1,1,-1,-1,-1,-1,-1,-1,-1,1,-1,-1,-1,1,1,-1,-1,-1,-1,1,-1,-1,-1,-1,1,-1,-1,1,1,1,-1,-1,-1,-1,1,-1,1,1,-1,1,-1,-1,1,1,-1,-1,-1,-1,-1,-1,1,1,-1,-1,1,-1,1,1,-1,-1,-1,1,-1,-1,1,-1,-1,1,-1,-1,1,1,1,-1,1,-1,1,1,1,-1,-1,1,-1,-1,1,1,1,-1,1,-1,-1,1,1,-1,1,1,-1,-1,1,1,-1,1,1,-1,-1,1,1,-1,1,1,-1,-1,1,1,1,1,-1,1,-1,1,1,1,-1,1,-1,-1,1,-1,1,1,1,1,-1,-1,1,-1,1,1,1,-1,1,1,1,1,-1,1,-1,1,1,1,1,1,1,1,-1,1,1,1,1,-1,1,-1,1,1,1,1,1,-1,1,1,1,1,-1,1,1,-1,1,1,-1,1,1,-1,-1,1,1,1,1,-1,1,-1,1,1,1,-1,-1,1,-1,1,1,1,-1,1,-1,-1,-1,1,1,-1,-1,1,-1,-1,1,1,-1,-1,1,-1,1,1,1,1,-1,1,-1,-1,1,1,-1,-1,-1,1,1,1,1,-1,1,1,-1,1,1,-1,-1,1,1,-1,-1,1,1,-1,1,1,1,1,1,-1,-1,-1,-1,1,-1,-1,-1,-1,-1,1,1,1,1,-1,1,1,-1,1,1,1,1,-1,1,-1,1,1,1,-1,-1,1,-1,1,1,1,-1,-1,1,-1,1,1,1,-1,-1,1,-1,1,1,1,1,-1,1,-1,1,1,1,1,-1,-1,1,-1,1,-1,1,-1,1,-1,1,1,-2672.0,1,2000,445,500,False
428,1,1,-1,-1,1,-1,-1,-1,1,1,1,-1,1,1,1,1,-1,1,-1,-1,1,-1,1,1,1,-1,-1,-1,1,1,1,1,-1,-1,-1,-1,1,1,1,1,-1,-1,-1,1,1,1,1,-1,1,1,1,1,-1,1,-1,-1,1,-1,1,1,1,-1,-1,-1,1,1,1,1,-1,-1,-1,1,1,1,1,-1,-1,-1,1,1,1,-1,-1,-1,1,1,1,1,-1,1,-1,1,1,1,1,-1,-1,1,1,-1,1,1,-1,-1,1,1,1,1,1,-1,-1,1,1,1,1,1,-1,-1,1,1,1,1,1,1,-1,1,1,1,-1,1,1,-1,1,1,1,1,1,1,-1,-1,1,1,1,1,1,-1,1,1,1,1,1,1,-1,-1,-1,1,1,1,1,-1,1,1,1,1,-1,1,-1,1,1,1,1,1,-1,-1,1,1,1,1,1,-1,1,-1,-1,1,-1,1,-1,1,1,1,1,1,1,1,1,1,-1,1,-1,1,-1,1,1,-1,1,-1,1,1,-1,1,-1,1,-1,1,-1,1,1,-1,1,-1,1,1,1,1,-1,-1,1,1,-1,-1,1,-1,1,-1,-1,1,-1,1,-1,1,-1,1,-1,-1,1,-1,-1,-1,1,1,-1,1,-1,1,1,1,-1,1,1,-1,-1,-1,1,-1,1,-1,1,-1,1,1,-1,1,-1,-1,-1,1,1,-1,1,-1,-1,-1,1,1,-1,-1,1,1,-1,-1,1,1,-1,1,1,-1,1,1,1,1,-1,1,-1,1,1,-1,1,-1,1,1,-1,1,1,1,1,1,-1,-1,1,-1,-1,-1,1,1,-1,1,1,1,-1,1,-1,-1,1,1,1,1,1,-1,1,1,1,-1,1,1,-1,1,1,1,-1,1,1,-1,1,-1,1,1,-1,1,-1,1,1,1,-1,1,1,-1,1,1,1,-1,1,-1,-1,1,1,1,-1,1,-1,-1,1,1,1,-1,1,-1,-1,-1,-1,1,-1,1,1,-1,1,1,1,1,-1,1,-1,-1,-1,1,-1,1,-1,-1,1,-1,-1,-1,1,-1,-1,1,-1,1,-1,1,-1,1,-1,1,1,1,1,-1,1,-1,1,1,-1,1,-1,-1,-1,-1,1,1,-1,1,-1,-1,1,-1,1,-1,-1,-1,1,-1,-1,1,-1,1,-1,1,-1,1,1,-1,-1,-1,1,1,-1,1,-1,1,-1,-1,1,-1,1,-1,-1,-1,-1,1,-1,-1,1,1,-1,-1,1,-1,1,1,-1,1,-1,1,-1,1,-1,1,-1,1,1,-1,-1,-1,-1,-1,1,1,-1,1,-1,1,-1,1,-1,1,1,1,1,-1,1,-1,-1,1,-1,-1,-1,1,-1,1,-1,1,1,-1,1,-1,-1,1,-1,-1,1,-1,1,-1,1,-1,1,-1,1,1,-1,-1,-1,1,-1,1,-1,-1,1,-1,1,1,-1,1,-1,-1,1,1,-1,-1,1,-1,-1,1,1,1,1,1,1,-1,1,1,1,-1,1,1,1,-1,-1,-1,1,-1,1,1,1,1,-1,1,-1,1,-1,-1,-1,1,1,-1,1,1,-1,-1,1,1,-1,1,1,-1,1,-1,1,-1,-1,-1,-1,-1,-1,1,-1,-1,-1,-1,-1,-1,1,-1,1,1,1,1,-1,1,-1,1,1,-1,-1,-1,1,-1,-1,1,-1,1,-1,-1,1,1,1,1,-1,-1,-1,1,1,1,-1,1,-1,1,1,1,1,-1,-1,-1,1,1,1,1,-1,-1,-1,1,-1,1,-1,1,-1,-1,-1,1,1,1,-1,-1,-1,1,1,1,1,1,-1,-1,-1,1,1,1,1,-1,-1,-1,1,-1,1,-1,-1,-1,1,1,1,1,1,-1,-1,-1,1,-1,1,1,-1,-1,-1,1,1,-1,1,-1,-1,-1,1,1,1,1,-1,-1,1,1,1,-1,1,-1,1,1,-1,1,1,-1,-1,-1,1,1,-1,1,1,-1,1,1,1,-1,1,1,-1,-1,1,-1,1,-1,1,-1,-1,1,1,-1,1,-1,-1,-1,1,-1,-1,1,-1,-1,-1,1,1,-1,-1,1,-1,-1,1,-1,-1,1,-1,-1,-1,1,1,1,-1,-1,-1,-1,1,-1,1,-1,-1,-1,-1,-1,-1,-1,1,-1,-1,-1,1,-1,-1,1,-1,-1,-1,-1,-1,1,1,-1,-1,-1,-1,-1,1,-1,-1,-1,1,-1,-1,1,-1,1,-1,-1,-1,-1,-1,-1,-1,1,-1,-1,-1,1,1,-1,-1,-1,1,-1,1,-1,-1,-1,1,-1,-1,1,-1,1,-1,-1,-1,-1,1,-1,1,1,-1,1,-1,-1,1,1,-1,-1,-1,-1,-1,-1,1,1,-1,-1,1,-1,1,1,-1,-1,-1,1,-1,1,1,-1,-1,1,-1,-1,1,1,1,-1,1,-1,1,1,1,-1,-1,1,-1,-1,1,1,1,-1,1,-1,-1,1,1,-1,1,1,-1,-1,1,1,-1,1,1,-1,-1,1,1,-1,1,1,-1,-1,1,1,1,1,-1,1,-1,1,1,1,1,1,-1,-1,1,-1,1,1,1,1,-1,-1,1,-1,1,1,1,-1,1,1,1,1,-1,1,-1,1,1,1,1,1,1,1,-1,1,1,1,1,-1,1,-1,1,1,1,1,1,-1,1,1,1,1,-1,1,1,-1,1,1,-1,1,1,-1,-1,1,1,1,1,-1,1,-1,1,1,1,-1,-1,1,-1,1,1,1,-1,1,-1,-1,-1,1,1,-1,-1,1,-1,-1,1,1,1,-1,1,-1,1,1,1,1,-1,1,-1,-1,1,1,-1,-1,-1,1,1,-1,1,-1,1,1,-1,1,1,-1,-1,1,1,-1,-1,-1,1,-1,1,1,1,1,1,-1,-1,-1,-1,-1,-1,-1,-1,-1,-1,1,1,1,1,-1,1,1,-1,1,1,1,1,-1,1,-1,1,1,1,1,-1,1,-1,1,1,1,1,-1,1,-1,1,1,1,1,-1,1,-1,1,1,-1,-1,-1,1,-1,1,1,1,-1,-1,-1,1,-1,1,-1,1,-1,1,-1,1,1,-2672.0,1,2000,445,0,False
429,1,1,-1,-1,1,1,-1,-1,1,1,1,-1,1,1,1,1,-1,1,-1,-1,1,-1,1,1,1,-1,1,-1,1,1,1,1,-1,1,-1,-1,1,-1,1,1,-1,-1,-1,1,1,1,1,-1,1,1,1,1,-1,1,-1,-1,1,-1,1,1,1,-1,1,-1,1,1,1,1,-1,-1,-1,1,1,1,1,-1,1,-1,1,1,1,-1,-1,1,1,1,1,1,-1,-1,-1,1,1,1,1,-1,1,1,1,-1,1,1,-1,-1,1,1,1,1,1,-1,-1,1,1,1,1,1,-1,-1,1,1,1,1,1,1,-1,1,1,1,-1,1,1,-1,1,1,1,1,1,1,-1,1,1,1,1,1,1,-1,-1,1,1,1,1,1,-1,1,-1,1,1,1,1,-1,1,1,1,1,-1,1,-1,1,-1,1,1,1,-1,-1,1,1,1,1,1,-1,1,-1,-1,1,-1,1,-1,1,1,1,1,1,1,1,1,1,-1,1,-1,1,-1,1,1,-1,1,-1,1,1,-1,1,-1,1,-1,1,-1,1,1,-1,1,-1,1,1,1,1,-1,-1,1,1,-1,-1,1,-1,1,-1,1,1,-1,1,-1,1,-1,1,-1,1,1,-1,-1,-1,1,1,-1,1,-1,1,1,1,-1,1,1,-1,1,-1,1,-1,1,-1,1,-1,1,1,-1,1,-1,-1,-1,1,1,-1,1,-1,-1,-1,1,1,-1,-1,1,1,-1,-1,1,1,-1,1,1,-1,1,1,1,1,-1,1,-1,1,1,-1,1,-1,1,1,-1,1,1,1,1,1,-1,-1,1,-1,-1,-1,1,1,-1,1,1,1,-1,1,-1,-1,1,1,1,1,1,-1,1,1,1,-1,1,1,-1,1,1,1,-1,1,1,-1,-1,1,1,1,-1,1,-1,1,1,1,-1,1,1,-1,1,1,1,-1,1,-1,-1,1,1,1,-1,1,-1,-1,-1,1,1,-1,1,-1,-1,1,-1,1,-1,1,1,-1,-1,1,1,1,-1,1,-1,-1,1,1,-1,1,-1,1,-1,-1,-1,-1,1,1,-1,-1,1,1,-1,1,1,-1,-1,1,1,1,1,1,-1,1,1,1,-1,1,-1,-1,-1,-1,1,1,-1,1,-1,-1,1,-1,1,-1,-1,-1,1,-1,-1,1,-1,-1,-1,-1,1,-1,1,-1,1,-1,1,1,-1,1,-1,1,-1,-1,1,-1,1,-1,1,-1,-1,1,-1,-1,1,1,-1,-1,1,-1,1,1,-1,1,-1,1,-1,1,-1,1,-1,-1,1,-1,1,-1,1,-1,1,1,-1,1,-1,1,-1,1,-1,1,1,-1,1,-1,1,-1,-1,1,-1,-1,-1,1,-1,1,-1,-1,1,-1,1,-1,-1,1,-1,-1,1,-1,1,-1,1,-1,1,-1,1,1,-1,1,-1,1,-1,1,-1,-1,1,-1,-1,1,1,1,-1,-1,1,1,-1,1,1,1,-1,1,1,1,-1,1,1,-1,1,1,1,1,1,1,1,-1,-1,-1,1,-1,-1,-1,1,1,-1,1,-1,1,-1,-1,-1,1,1,-1,1,1,-1,-1,-1,1,-1,1,-1,-1,1,-1,1,-1,-1,1,1,-1,-1,1,-1,-1,-1,-1,-1,-1,1,-1,1,1,1,1,-1,1,-1,-1,1,-1,-1,-1,1,-1,-1,-1,-1,1,-1,-1,1,1,-1,1,-1,-1,1,1,1,1,-1,1,-1,-1,1,1,1,-1,-1,-1,1,1,1,1,-1,-1,-1,1,-1,1,-1,1,1,-1,-1,1,1,1,-1,-1,-1,1,1,1,1,1,-1,-1,-1,1,1,1,1,-1,-1,-1,1,1,1,-1,-1,-1,1,1,1,1,1,-1,-1,-1,1,1,1,1,-1,-1,-1,1,1,-1,1,-1,-1,-1,1,1,1,1,-1,-1,1,1,1,1,-1,-1,1,1,-1,1,1,-1,-1,-1,1,1,1,1,1,-1,1,1,1,1,1,-1,-1,-1,1,-1,1,-1,-1,-1,-1,1,-1,1,1,-1,-1,-1,1,-1,1,1,-1,1,-1,1,1,1,1,-1,1,-1,1,-1,1,1,-1,-1,-1,1,1,-1,-1,-1,-1,-1,1,-1,1,-1,-1,-1,-1,-1,-1,-1,1,-1,-1,-1,1,-1,-1,1,-1,-1,-1,-1,-1,1,1,-1,-1,-1,-1,-1,1,-1,-1,-1,1,-1,-1,1,-1,1,-1,-1,-1,-1,-1,-1,-1,1,-1,-1,-1,1,1,-1,-1,-1,-1,1,-1,-1,-1,-1,1,-1,-1,1,1,1,-1,-1,-1,-1,1,-1,1,1,-1,1,-1,-1,1,1,-1,-1,-1,-1,-1,-1,1,1,-1,-1,1,-1,1,1,-1,-1,-1,1,-1,1,1,-1,-1,1,-1,-1,1,1,1,-1,1,-1,1,1,1,-1,-1,1,-1,-1,1,1,1,-1,1,-1,-1,1,1,-1,1,1,-1,-1,1,1,-1,1,1,-1,-1,1,1,-1,1,1,-1,-1,1,1,1,1,1,1,-1,1,1,1,1,1,-1,-1,1,-1,1,1,1,1,-1,-1,1,-1,1,1,1,-1,1,1,1,1,-1,1,-1,1,1,1,1,1,1,1,-1,-1,1,1,1,-1,1,-1,1,1,1,1,1,-1,1,1,1,1,-1,1,1,-1,1,1,-1,1,1,-1,-1,1,1,1,1,-1,1,-1,1,1,1,-1,-1,1,-1,1,-1,1,-1,1,-1,-1,-1,1,1,-1,-1,1,-1,-1,1,-1,1,-1,1,-1,1,-1,1,1,-1,-1,-1,-1,1,1,-1,-1,-1,1,1,1,-1,-1,1,1,-1,1,1,-1,-1,1,1,-1,-1,-1,1,-1,1,1,1,1,-1,1,-1,-1,-1,1,-1,-1,-1,-1,-1,1,1,1,1,-1,1,1,-1,1,1,-1,-1,-1,1,-1,1,1,1,1,-1,1,-1,1,1,1,-1,-1,1,-1,1,1,1,1,-1,1,-1,1,1,-1,-1,-1,1,-1,1,1,1,-1,-1,-1,1,-1,1,-1,1,-1,1,-1,1,1,-2672.0,1,2000,445,1000,False
430,1,1,-1,-1,1,1,-1,-1,1,1,1,-1,1,1,1,1,-1,1,1,-1,-1,-1,1,1,1,1,-1,-1,1,1,1,1,-1,-1,-1,-1,1,-1,1,1,-1,-1,-1,1,1,1,1,-1,1,1,1,1,-1,1,-1,-1,1,-1,1,1,1,-1,-1,-1,1,1,1,1,-1,-1,-1,1,1,1,1,-1,-1,-1,1,1,1,-1,-1,-1,1,1,1,1,-1,-1,-1,1,1,1,1,-1,-1,1,1,-1,1,1,-1,-1,1,1,1,1,1,-1,-1,-1,1,1,1,1,-1,-1,1,1,1,1,1,1,-1,-1,1,1,-1,1,1,-1,1,1,1,1,1,1,-1,1,1,1,1,1,1,-1,1,1,1,1,1,1,-1,-1,-1,1,1,1,1,-1,1,1,1,1,-1,1,-1,1,-1,1,1,1,-1,-1,1,1,1,1,1,-1,1,-1,-1,1,-1,1,-1,1,1,1,1,1,1,1,1,1,-1,1,-1,1,-1,1,1,-1,1,-1,1,1,-1,1,-1,1,-1,1,-1,1,1,-1,1,-1,1,1,1,1,-1,-1,1,1,-1,-1,1,-1,1,-1,-1,1,-1,1,-1,1,-1,1,-1,1,1,-1,-1,-1,1,1,-1,1,-1,1,1,1,-1,1,1,-1,1,-1,1,-1,1,-1,1,-1,1,1,-1,1,-1,-1,-1,1,1,-1,1,-1,-1,-1,1,1,-1,-1,1,1,-1,-1,1,1,-1,1,1,-1,1,1,1,1,-1,1,-1,1,1,-1,1,-1,1,1,-1,1,1,1,1,1,-1,-1,1,-1,-1,-1,1,1,-1,1,1,1,-1,1,-1,-1,1,1,1,1,1,-1,1,1,1,-1,1,1,-1,1,1,1,-1,1,1,-1,-1,1,1,1,-1,1,-1,1,1,1,-1,1,1,-1,1,1,1,-1,1,-1,-1,1,1,1,-1,1,-1,-1,-1,1,1,-1,1,-1,-1,1,-1,1,-1,1,1,-1,-1,1,1,1,-1,1,-1,-1,1,1,-1,1,-1,-1,-1,-1,-1,-1,1,-1,-1,-1,1,1,-1,1,-1,-1,-1,1,1,1,1,-1,-1,1,1,1,-1,1,-1,-1,-1,-1,1,1,-1,1,-1,-1,1,-1,1,-1,-1,-1,1,-1,-1,1,-1,1,-1,-1,1,-1,1,-1,-1,-1,1,1,-1,1,-1,1,-1,-1,1,-1,1,-1,-1,-1,-1,1,-1,-1,1,1,-1,-1,1,-1,1,1,-1,1,-1,1,-1,1,-1,1,-1,-1,1,-1,1,-1,-1,-1,1,1,-1,1,-1,1,-1,1,-1,1,1,-1,1,-1,1,-1,-1,1,-1,-1,-1,1,-1,1,-1,1,1,-1,1,-1,-1,1,-1,-1,1,-1,1,-1,1,-1,1,-1,1,1,-1,-1,-1,1,-1,1,-1,-1,1,-1,1,1,1,1,-1,-1,1,1,-1,1,1,1,-1,1,1,1,-1,1,1,-1,1,1,1,1,-1,1,1,-1,-1,-1,1,-1,1,1,1,1,-1,1,-1,1,-1,-1,-1,1,1,-1,1,1,-1,-1,-1,1,-1,1,1,-1,1,-1,1,-1,-1,-1,-1,-1,-1,1,-1,-1,-1,-1,-1,-1,1,-1,1,1,1,1,-1,1,-1,1,1,-1,-1,-1,1,-1,-1,1,-1,1,-1,-1,1,1,1,1,-1,-1,1,1,1,1,-1,1,-1,-1,1,1,1,-1,-1,-1,1,1,1,1,-1,-1,-1,1,-1,1,-1,1,1,-1,-1,1,1,1,-1,-1,-1,-1,1,1,1,1,-1,-1,-1,1,1,1,1,-1,-1,-1,1,1,1,-1,-1,-1,1,1,1,1,1,-1,-1,-1,1,1,1,1,-1,-1,-1,1,1,-1,1,-1,-1,-1,1,1,1,1,-1,-1,1,1,1,1,-1,-1,1,1,-1,1,1,-1,-1,-1,1,1,1,1,1,-1,1,1,1,1,1,-1,-1,-1,1,-1,1,-1,-1,-1,-1,1,-1,1,1,1,-1,-1,1,-1,1,1,-1,1,-1,1,1,1,1,-1,1,-1,1,-1,1,1,-1,-1,-1,1,1,-1,-1,-1,-1,-1,1,-1,1,-1,-1,-1,-1,-1,-1,-1,1,-1,-1,-1,1,-1,-1,1,-1,-1,-1,-1,-1,1,1,-1,-1,-1,-1,-1,1,-1,-1,-1,1,-1,-1,1,-1,1,-1,-1,-1,-1,-1,-1,-1,1,-1,-1,-1,1,1,1,-1,-1,1,-1,-1,-1,-1,-1,1,-1,-1,1,1,1,-1,-1,-1,-1,1,-1,1,1,-1,1,-1,-1,1,1,-1,-1,-1,-1,-1,-1,1,1,-1,-1,1,-1,1,1,-1,-1,-1,1,-1,1,1,-1,-1,1,-1,-1,1,1,1,-1,1,-1,1,1,1,-1,-1,1,-1,-1,1,1,1,-1,1,-1,-1,1,1,-1,1,1,-1,-1,1,1,-1,1,1,-1,-1,1,1,-1,1,1,-1,-1,1,1,1,1,1,1,-1,1,1,-1,1,1,-1,-1,1,-1,1,1,1,1,-1,-1,1,-1,1,1,1,-1,1,1,1,1,-1,1,-1,1,1,1,1,1,1,1,-1,1,1,1,1,-1,1,-1,1,1,1,1,1,-1,1,1,1,1,-1,1,1,-1,1,1,-1,1,1,-1,-1,1,1,1,1,-1,1,-1,1,1,1,-1,-1,1,-1,1,1,1,-1,1,-1,-1,-1,1,1,-1,-1,1,-1,-1,1,1,1,-1,1,-1,1,1,1,1,-1,1,-1,-1,1,1,-1,-1,-1,1,1,1,1,-1,1,1,-1,1,1,-1,-1,1,1,-1,-1,1,1,-1,1,1,1,1,1,-1,-1,-1,-1,-1,-1,-1,-1,-1,-1,1,1,1,1,-1,1,1,-1,1,1,1,1,-1,1,-1,1,1,1,-1,-1,1,-1,1,1,1,-1,-1,1,-1,1,1,1,-1,-1,1,-1,1,1,1,1,-1,1,-1,1,1,1,-1,-1,-1,1,-1,1,-1,1,-1,1,-1,1,1,-2672.0,1,2000,445,1000,False
431,1,1,-1,-1,1,-1,-1,-1,1,1,1,-1,1,1,1,1,-1,1,-1,-1,-1,-1,1,1,1,-1,-1,-1,1,1,1,1,1,-1,-1,-1,1,1,1,1,-1,-1,-1,1,1,1,1,-1,1,1,1,1,-1,1,-1,-1,1,-1,1,1,1,-1,-1,-1,1,1,1,1,-1,-1,-1,1,1,1,1,-1,-1,-1,1,1,1,-1,-1,-1,1,1,1,1,-1,-1,-1,1,1,1,1,-1,-1,1,1,-1,1,1,-1,-1,1,1,1,1,1,-1,-1,-1,1,1,1,1,-1,-1,1,1,1,1,1,1,-1,-1,1,1,-1,1,1,-1,1,1,1,1,1,1,-1,1,1,1,1,1,1,-1,1,1,1,1,1,1,-1,-1,-1,1,1,1,1,-1,1,1,1,1,-1,1,-1,1,-1,1,1,1,-1,-1,1,1,1,1,1,-1,1,-1,-1,1,-1,1,-1,1,1,1,1,1,1,1,1,1,1,1,-1,1,-1,1,1,-1,1,-1,1,1,-1,1,-1,1,-1,1,-1,1,1,-1,1,-1,1,1,1,1,-1,-1,1,1,-1,-1,1,-1,1,-1,1,1,-1,1,-1,1,-1,1,-1,1,1,-1,-1,-1,1,1,-1,1,-1,1,1,1,-1,1,1,-1,1,-1,1,-1,1,-1,1,-1,1,1,-1,1,-1,-1,-1,1,1,-1,1,-1,-1,-1,1,1,-1,-1,1,1,-1,-1,1,1,-1,1,1,-1,1,1,1,1,-1,1,-1,1,1,-1,1,-1,1,-1,1,1,1,1,1,1,-1,-1,1,-1,-1,-1,1,1,-1,1,1,1,-1,1,1,1,1,1,1,-1,1,-1,1,1,1,-1,1,1,-1,1,1,1,-1,1,1,-1,-1,1,1,1,-1,1,-1,1,1,1,-1,1,1,-1,1,1,1,-1,1,1,-1,1,1,1,-1,1,1,-1,-1,1,1,1,1,1,-1,1,-1,1,-1,1,1,1,-1,1,1,1,-1,1,1,-1,1,1,-1,1,1,1,-1,-1,-1,-1,1,1,1,-1,1,1,-1,1,1,-1,-1,1,1,-1,1,1,-1,1,1,-1,1,1,1,1,-1,-1,1,-1,-1,-1,1,-1,1,-1,-1,1,1,1,-1,-1,-1,1,-1,-1,1,-1,1,-1,-1,1,1,1,1,-1,-1,1,-1,-1,1,-1,1,-1,-1,-1,1,1,1,1,-1,-1,1,-1,1,1,-1,-1,1,-1,1,-1,1,-1,-1,-1,1,-1,1,1,-1,-1,-1,-1,1,1,-1,1,-1,-1,1,-1,1,-1,-1,1,-1,1,1,1,-1,-1,-1,-1,-1,1,1,1,-1,1,-1,1,-1,1,-1,-1,-1,1,-1,1,1,1,-1,-1,1,-1,-1,1,-1,-1,-1,-1,-1,-1,1,-1,-1,-1,1,-1,-1,1,-1,-1,-1,-1,-1,-1,1,-1,-1,1,-1,1,-1,-1,1,1,1,-1,1,-1,1,-1,1,1,1,-1,-1,-1,1,-1,-1,-1,1,1,-1,1,-1,1,1,1,-1,1,1,-1,1,-1,1,-1,-1,1,-1,-1,1,1,1,-1,1,-1,-1,1,1,-1,-1,1,-1,-1,1,1,-1,-1,1,-1,-1,-1,1,1,-1,1,1,-1,-1,1,-1,-1,1,-1,1,-1,1,1,-1,-1,1,-1,-1,-1,-1,-1,1,1,1,-1,-1,1,-1,-1,1,-1,-1,1,-1,-1,1,1,-1,-1,1,-1,-1,1,1,-1,1,-1,1,-1,-1,1,1,-1,-1,-1,-1,-1,1,-1,-1,1,-1,-1,-1,1,1,-1,-1,-1,-1,-1,1,-1,-1,-1,-1,-1,1,1,1,-1,-1,-1,-1,-1,1,1,-1,-1,-1,-1,-1,1,1,1,-1,-1,-1,-1,1,1,-1,-1,-1,-1,1,1,1,1,1,-1,1,1,1,1,1,1,-1,-1,1,1,1,1,-1,-1,1,1,1,1,-1,1,-1,-1,1,-1,1,-1,1,-1,-1,1,-1,1,1,1,-1,-1,1,-1,1,-1,1,-1,-1,1,-1,1,1,1,-1,-1,1,-1,1,1,1,-1,-1,1,1,-1,1,1,-1,-1,1,-1,1,-1,1,-1,-1,-1,-1,-1,1,1,-1,-1,1,-1,-1,1,1,-1,-1,-1,-1,-1,-1,1,-1,-1,-1,-1,1,1,-1,-1,1,-1,-1,1,-1,1,-1,-1,-1,-1,-1,1,1,1,-1,-1,-1,1,1,1,-1,-1,-1,1,-1,-1,1,-1,1,-1,-1,1,1,1,-1,-1,-1,-1,1,-1,1,1,-1,1,-1,-1,1,1,-1,-1,-1,-1,-1,-1,1,1,-1,-1,1,-1,1,1,-1,-1,-1,1,-1,1,1,-1,-1,1,-1,-1,1,1,1,-1,1,-1,1,1,1,-1,-1,1,-1,-1,1,1,1,-1,1,-1,-1,1,1,-1,1,1,-1,-1,1,1,-1,1,1,-1,-1,1,1,1,1,1,-1,-1,1,1,1,1,1,1,-1,1,1,1,-1,1,-1,-1,1,-1,1,1,1,1,-1,1,1,-1,1,1,1,-1,1,1,1,1,-1,1,-1,1,1,1,1,1,1,1,-1,1,1,1,1,-1,1,-1,1,1,1,1,1,1,1,1,1,1,-1,1,-1,1,1,1,-1,1,1,1,1,1,1,1,1,-1,1,1,1,1,1,-1,-1,1,-1,1,1,1,-1,1,-1,1,1,1,1,-1,-1,1,1,-1,1,1,-1,-1,1,1,-1,1,1,1,-1,1,-1,1,1,1,-1,-1,-1,-1,1,-1,1,-1,1,1,1,1,1,-1,-1,1,1,1,1,1,1,-1,1,-1,1,1,1,-1,-1,-1,-1,-1,-1,-1,-1,-1,1,-1,1,1,1,-1,1,1,-1,-1,1,1,1,-1,1,-1,1,1,1,-1,-1,1,-1,1,1,1,-1,-1,1,-1,1,1,1,-1,-1,1,-1,1,-1,1,1,-1,1,-1,-1,1,1,-1,-1,-1,-1,1,1,-1,1,-1,1,-1,-1,1,-2672.0,1,2000,445,1000,False
432,1,1,-1,-1,1,1,-1,-1,1,1,1,-1,-1,1,1,1,-1,1,-1,-1,-1,-1,1,1,1,-1,-1,-1,1,1,1,1,1,-1,-1,-1,1,1,1,-1,-1,-1,-1,1,1,1,1,-1,1,1,1,1,-1,1,-1,-1,1,-1,1,1,1,-1,-1,-1,1,1,1,1,-1,-1,-1,1,1,1,1,-1,-1,-1,1,1,1,-1,-1,-1,1,1,1,1,-1,-1,1,1,1,1,1,-1,-1,-1,1,-1,1,1,-1,-1,1,1,1,1,1,-1,-1,-1,1,1,1,1,-1,-1,1,1,1,1,1,1,-1,-1,1,1,-1,1,1,-1,1,1,1,1,1,1,-1,1,1,1,1,1,1,-1,1,1,1,1,1,1,-1,-1,-1,1,1,1,1,-1,1,1,1,1,-1,1,-1,1,-1,1,1,1,-1,-1,1,1,1,1,1,-1,1,-1,-1,1,-1,1,-1,1,1,1,1,1,1,1,1,1,-1,1,-1,1,-1,1,1,-1,1,-1,1,1,-1,1,-1,1,-1,1,-1,1,1,-1,1,-1,1,1,1,1,-1,-1,1,1,-1,-1,1,-1,1,-1,-1,1,-1,1,-1,1,-1,1,-1,-1,1,-1,-1,-1,1,1,-1,1,-1,1,1,1,-1,1,-1,-1,1,-1,1,-1,1,1,1,-1,1,1,-1,1,-1,-1,-1,1,1,-1,1,-1,-1,-1,1,1,-1,-1,1,1,-1,-1,1,1,-1,1,1,-1,1,1,1,1,-1,1,-1,1,1,-1,1,-1,1,1,-1,1,1,1,1,1,-1,-1,1,-1,-1,-1,1,1,-1,1,1,1,-1,1,-1,-1,1,1,1,1,1,-1,1,1,1,-1,1,1,-1,1,1,1,-1,1,1,-1,-1,1,1,1,-1,1,-1,1,1,1,-1,1,1,-1,1,1,1,-1,1,-1,-1,1,1,1,-1,1,-1,-1,-1,1,1,-1,1,-1,-1,1,-1,1,-1,1,1,-1,-1,1,1,1,-1,1,-1,-1,1,1,-1,1,-1,1,-1,-1,-1,-1,1,1,-1,-1,1,1,-1,1,1,-1,-1,1,1,1,1,1,-1,1,1,1,-1,1,-1,-1,-1,-1,1,1,-1,1,-1,-1,1,1,1,-1,-1,-1,-1,-1,-1,1,-1,-1,-1,1,-1,1,1,-1,1,-1,1,1,-1,1,-1,1,-1,-1,1,-1,1,-1,1,1,-1,1,-1,-1,1,1,-1,-1,1,-1,1,1,1,-1,-1,1,-1,-1,1,1,-1,1,1,-1,1,1,-1,-1,1,1,-1,1,-1,-1,-1,1,-1,-1,1,-1,-1,-1,1,-1,-1,1,1,-1,-1,1,-1,-1,1,-1,-1,-1,1,-1,-1,1,1,-1,-1,1,1,-1,1,1,-1,-1,1,1,-1,-1,1,1,-1,1,-1,-1,-1,1,-1,1,-1,1,-1,-1,-1,-1,1,-1,1,-1,-1,1,-1,-1,1,1,1,-1,1,-1,1,-1,-1,1,1,1,-1,-1,1,-1,-1,-1,1,1,-1,1,-1,1,-1,1,-1,1,1,-1,1,1,1,-1,-1,1,-1,1,-1,1,1,-1,1,-1,-1,1,1,-1,-1,1,-1,-1,-1,1,-1,-1,1,-1,1,1,1,1,-1,1,-1,-1,1,1,-1,-1,1,-1,-1,-1,1,1,-1,-1,1,1,-1,1,-1,-1,1,1,1,1,1,1,-1,-1,1,1,-1,1,-1,-1,1,1,1,1,-1,-1,-1,1,-1,1,1,1,-1,-1,-1,1,1,1,-1,-1,-1,-1,1,1,1,1,-1,-1,-1,1,1,1,-1,-1,-1,-1,1,1,1,1,-1,-1,1,1,1,1,1,-1,-1,-1,1,1,1,1,-1,-1,-1,1,1,-1,1,-1,-1,-1,1,1,1,1,-1,-1,1,1,1,1,1,-1,1,1,-1,1,1,-1,-1,-1,1,1,1,-1,1,-1,1,1,1,1,1,1,-1,-1,1,-1,1,-1,1,-1,-1,1,-1,1,-1,-1,-1,-1,1,-1,1,1,-1,-1,-1,1,1,1,-1,1,-1,-1,1,-1,1,-1,-1,-1,-1,1,1,-1,-1,-1,-1,-1,1,-1,1,-1,-1,-1,-1,-1,-1,-1,1,-1,-1,-1,1,-1,-1,1,-1,-1,-1,-1,-1,1,1,-1,-1,-1,-1,-1,1,-1,-1,-1,1,-1,-1,1,-1,1,-1,-1,-1,-1,-1,-1,-1,1,-1,-1,-1,1,1,-1,-1,-1,1,1,-1,-1,-1,-1,1,-1,-1,1,-1,1,-1,-1,-1,-1,1,-1,1,1,-1,1,-1,-1,1,1,-1,-1,-1,-1,-1,-1,1,1,-1,-1,1,-1,1,1,-1,-1,-1,1,-1,-1,1,-1,-1,1,-1,-1,1,1,1,-1,1,-1,1,1,1,-1,-1,1,-1,-1,1,1,1,-1,1,-1,-1,1,1,-1,1,1,-1,-1,1,1,1,1,1,-1,-1,1,1,-1,1,1,-1,-1,1,1,1,1,-1,1,-1,-1,1,1,1,1,-1,-1,1,-1,1,1,1,1,-1,-1,1,-1,1,1,1,-1,1,1,1,1,-1,1,-1,1,1,1,1,1,1,1,-1,1,1,1,1,-1,1,-1,1,1,1,1,1,-1,1,1,1,1,-1,1,1,-1,1,1,-1,1,1,-1,-1,1,1,1,1,-1,1,-1,1,1,1,-1,-1,1,-1,1,1,1,-1,1,-1,-1,1,1,1,-1,-1,1,-1,-1,1,1,-1,-1,1,-1,-1,1,1,1,1,-1,-1,-1,1,1,-1,-1,-1,1,-1,1,1,-1,1,1,-1,-1,1,-1,-1,1,1,1,-1,1,1,-1,1,1,-1,1,1,-1,-1,-1,-1,1,-1,-1,-1,-1,-1,1,-1,1,1,-1,1,1,-1,1,-1,1,1,-1,1,-1,1,1,1,-1,-1,1,-1,1,-1,1,-1,1,1,-1,1,-1,1,-1,-1,1,-1,1,1,1,1,-1,1,-1,1,1,1,1,-1,1,1,-1,1,-1,1,-1,1,-1,1,1,-2672.0,1,2000,445,1000,False
433,1,1,-1,-1,1,-1,1,-1,1,1,1,-1,1,1,1,1,-1,1,-1,-1,1,-1,1,1,1,1,-1,-1,1,1,1,1,-1,-1,-1,-1,1,-1,1,1,-1,-1,-1,1,1,1,1,-1,1,1,1,1,-1,1,-1,-1,1,-1,1,1,1,-1,-1,-1,1,1,1,1,-1,-1,-1,1,1,1,1,-1,-1,-1,1,1,1,-1,-1,-1,1,1,1,1,-1,-1,-1,1,1,1,1,-1,-1,1,1,-1,1,1,-1,-1,1,1,1,1,1,-1,-1,1,1,-1,1,1,-1,-1,1,1,1,1,1,1,-1,-1,1,1,-1,1,1,-1,1,1,1,1,1,1,-1,-1,1,1,1,1,1,-1,1,1,1,1,1,1,-1,-1,-1,1,1,1,1,-1,1,1,1,1,-1,1,-1,1,-1,1,1,1,-1,-1,1,1,1,1,1,-1,1,-1,-1,1,-1,1,-1,1,1,1,1,1,1,1,1,1,-1,1,-1,1,-1,1,1,-1,1,-1,1,1,-1,1,-1,1,-1,1,-1,1,1,-1,1,-1,1,1,1,1,-1,-1,1,1,-1,-1,1,-1,1,-1,-1,1,-1,1,-1,1,-1,1,-1,1,1,-1,-1,-1,1,1,-1,1,-1,1,1,1,-1,1,1,-1,-1,-1,1,-1,1,-1,1,-1,1,1,-1,1,-1,-1,-1,1,1,-1,1,-1,-1,-1,1,1,-1,-1,1,1,-1,-1,1,1,-1,1,1,-1,1,1,1,1,-1,1,-1,1,1,-1,1,-1,1,-1,1,1,1,1,1,1,-1,-1,1,-1,-1,-1,1,1,-1,1,1,1,-1,1,1,1,1,1,1,1,1,-1,1,1,1,-1,-1,1,-1,1,1,1,-1,1,1,-1,-1,1,1,1,-1,1,-1,1,1,1,-1,1,1,-1,1,1,1,-1,1,1,-1,1,1,1,-1,1,1,-1,-1,1,1,-1,1,1,-1,1,-1,1,-1,1,1,1,-1,1,1,1,-1,1,1,-1,1,1,-1,1,1,1,-1,-1,-1,-1,1,1,1,-1,1,1,-1,1,1,-1,-1,1,1,1,1,1,-1,1,1,1,-1,1,1,1,-1,-1,1,1,1,-1,1,-1,1,1,1,1,1,1,-1,-1,-1,1,-1,-1,1,-1,1,-1,1,-1,1,1,1,1,-1,1,-1,-1,1,-1,1,-1,1,1,1,1,1,1,-1,-1,1,-1,1,1,-1,-1,1,1,1,-1,1,1,-1,-1,1,-1,1,1,-1,-1,1,1,1,1,-1,1,-1,1,-1,-1,1,-1,-1,-1,1,-1,1,1,-1,-1,-1,1,-1,1,1,1,-1,-1,1,1,-1,1,-1,-1,-1,1,-1,1,1,-1,1,-1,1,-1,-1,1,-1,-1,-1,-1,-1,1,1,-1,-1,-1,1,-1,-1,1,-1,-1,-1,-1,1,-1,1,-1,-1,-1,-1,1,-1,-1,1,1,1,-1,1,-1,1,1,1,-1,1,-1,-1,-1,1,-1,-1,1,1,1,-1,1,-1,1,1,1,-1,1,1,-1,-1,-1,1,-1,-1,1,-1,-1,1,1,1,-1,1,-1,-1,1,1,-1,-1,1,-1,-1,1,1,-1,-1,1,-1,-1,-1,1,1,-1,1,1,-1,-1,1,-1,-1,1,-1,1,-1,1,1,-1,-1,1,-1,-1,-1,-1,-1,1,1,1,-1,-1,1,-1,-1,1,-1,-1,1,-1,-1,1,1,-1,-1,1,1,-1,1,1,-1,1,-1,1,-1,-1,1,1,-1,-1,-1,-1,1,1,-1,-1,1,-1,-1,-1,1,1,-1,-1,-1,-1,-1,1,-1,-1,-1,-1,-1,1,1,1,-1,-1,-1,-1,-1,1,1,-1,-1,-1,-1,-1,1,1,1,-1,-1,-1,-1,1,1,-1,-1,-1,-1,1,1,1,1,1,-1,1,1,1,1,1,1,-1,-1,1,1,1,1,-1,-1,1,1,1,1,-1,1,-1,-1,1,-1,1,-1,1,-1,-1,1,-1,1,1,1,-1,-1,1,-1,1,-1,1,1,-1,1,-1,1,1,1,1,-1,1,-1,1,1,1,-1,-1,1,1,-1,1,1,-1,-1,1,-1,1,-1,1,-1,-1,-1,-1,-1,1,1,-1,-1,1,-1,-1,1,1,-1,-1,-1,-1,1,-1,1,-1,-1,-1,-1,1,-1,-1,-1,1,-1,-1,1,-1,1,-1,-1,-1,-1,-1,-1,1,1,-1,-1,-1,1,1,1,-1,-1,1,-1,-1,-1,1,-1,1,-1,-1,1,1,1,-1,-1,-1,-1,1,-1,1,1,-1,1,-1,-1,1,1,-1,-1,-1,-1,-1,-1,1,1,-1,-1,1,-1,1,1,-1,-1,-1,1,-1,1,1,-1,-1,1,-1,-1,1,1,1,-1,1,-1,1,1,1,-1,-1,1,-1,-1,1,1,1,-1,1,-1,-1,1,1,-1,1,1,-1,-1,1,1,-1,1,1,-1,-1,1,1,-1,1,1,-1,-1,1,1,1,1,1,1,-1,-1,1,1,-1,1,-1,-1,1,-1,1,1,1,1,-1,-1,1,-1,1,1,1,-1,1,1,1,1,-1,1,-1,1,1,1,1,1,1,1,-1,1,1,1,1,-1,1,-1,1,1,1,1,1,-1,1,1,1,1,-1,1,1,-1,1,1,-1,1,1,-1,-1,1,1,1,1,-1,1,-1,1,1,1,-1,-1,1,-1,1,1,1,-1,1,-1,-1,-1,1,1,-1,-1,1,-1,-1,1,1,-1,-1,1,-1,-1,1,1,1,-1,1,-1,-1,1,1,-1,-1,-1,1,-1,-1,1,-1,1,1,-1,1,1,-1,-1,1,1,-1,-1,1,1,-1,1,1,-1,1,1,-1,-1,-1,-1,1,-1,-1,-1,-1,1,-1,-1,1,1,-1,1,1,-1,1,1,1,1,-1,1,-1,1,1,1,1,-1,1,-1,1,1,1,1,-1,1,-1,-1,1,1,1,-1,1,-1,1,1,-1,-1,-1,1,-1,-1,1,1,-1,-1,-1,1,-1,1,-1,1,-1,1,-1,-1,1,-2672.0,1,2000,445,1000,False
434,1,1,-1,-1,1,1,-1,-1,1,1,1,-1,1,1,1,1,-1,1,-1,-1,-1,-1,1,1,1,-1,1,-1,1,1,1,1,-1,-1,-1,-1,1,1,1,1,-1,-1,-1,1,1,1,1,-1,1,1,1,1,-1,1,-1,-1,1,-1,1,1,1,-1,-1,-1,1,1,1,1,-1,-1,-1,1,1,1,1,-1,-1,-1,1,1,1,-1,-1,-1,1,1,1,1,-1,-1,-1,1,1,1,1,-1,-1,1,1,-1,1,1,-1,-1,1,1,1,1,1,-1,-1,-1,1,1,1,1,-1,-1,1,1,1,1,1,1,-1,-1,1,1,-1,1,1,-1,1,1,1,1,1,1,-1,1,1,1,1,1,1,-1,1,1,1,1,1,1,-1,-1,-1,1,1,1,1,-1,1,1,1,1,-1,1,-1,1,-1,1,1,1,-1,-1,1,1,1,1,1,-1,1,-1,-1,1,-1,1,-1,1,1,1,1,1,1,1,1,1,1,1,-1,1,-1,1,1,-1,1,-1,1,1,-1,1,-1,1,-1,1,-1,1,1,-1,1,-1,1,1,1,1,-1,-1,1,1,-1,-1,1,-1,1,-1,-1,1,-1,1,-1,1,-1,1,-1,1,1,-1,-1,-1,1,1,-1,1,-1,1,1,1,-1,1,1,-1,1,-1,1,-1,1,-1,1,-1,1,1,-1,1,-1,-1,-1,1,1,-1,1,-1,-1,-1,1,1,-1,-1,1,1,-1,-1,1,1,-1,1,1,-1,1,1,1,1,-1,1,-1,1,1,-1,1,-1,1,1,1,1,1,1,1,1,-1,-1,1,-1,-1,1,1,1,-1,1,1,1,-1,1,1,1,1,1,1,1,1,-1,1,1,1,-1,1,1,-1,1,1,1,-1,1,1,-1,-1,1,1,1,-1,1,-1,1,1,1,-1,1,1,-1,1,1,1,-1,1,1,-1,1,1,1,-1,1,1,1,-1,1,1,1,1,1,-1,1,-1,1,-1,1,1,1,-1,1,1,1,-1,1,1,-1,1,1,-1,1,-1,1,-1,-1,-1,-1,1,1,1,-1,1,1,-1,1,1,-1,-1,1,1,-1,1,1,-1,1,1,-1,1,1,1,1,1,-1,1,-1,-1,-1,1,-1,1,-1,-1,1,1,1,-1,-1,-1,1,-1,-1,1,-1,1,-1,-1,1,1,1,1,-1,-1,1,-1,-1,1,-1,1,-1,-1,-1,-1,1,1,1,-1,-1,1,-1,1,1,-1,-1,1,-1,1,-1,1,-1,-1,-1,1,-1,1,1,-1,-1,-1,-1,1,1,-1,1,-1,-1,1,1,1,-1,-1,1,-1,1,1,1,-1,-1,-1,-1,-1,1,1,1,-1,1,-1,1,-1,1,-1,-1,-1,1,-1,1,1,1,-1,-1,1,-1,-1,1,-1,-1,-1,-1,-1,-1,1,-1,-1,-1,1,-1,-1,1,-1,-1,-1,-1,-1,-1,1,-1,-1,-1,-1,1,-1,-1,1,1,1,-1,1,-1,1,-1,1,1,1,-1,-1,-1,1,-1,-1,1,1,1,-1,1,-1,1,1,1,-1,1,1,-1,1,-1,1,-1,-1,1,-1,-1,1,1,1,-1,1,-1,-1,1,1,-1,-1,1,-1,-1,1,1,-1,-1,1,-1,-1,-1,1,1,-1,1,1,-1,-1,1,-1,-1,1,-1,1,-1,1,1,-1,-1,1,-1,-1,-1,-1,-1,1,1,1,-1,-1,1,-1,-1,1,-1,-1,1,-1,-1,1,1,-1,-1,1,-1,-1,1,1,-1,1,-1,-1,-1,-1,1,1,-1,-1,-1,-1,-1,1,-1,-1,1,-1,-1,-1,1,1,-1,-1,-1,-1,-1,1,-1,-1,-1,-1,-1,1,1,1,-1,-1,-1,-1,-1,1,1,-1,-1,-1,-1,-1,1,1,1,-1,-1,-1,-1,1,1,-1,-1,-1,-1,1,1,1,1,1,-1,1,1,1,1,1,1,-1,-1,1,1,1,-1,1,-1,1,1,1,1,-1,1,-1,-1,1,-1,1,-1,1,-1,-1,1,-1,1,-1,1,-1,-1,1,-1,1,-1,1,-1,-1,1,-1,1,1,1,-1,-1,1,-1,1,1,1,-1,-1,1,1,-1,1,1,-1,-1,1,-1,1,-1,1,-1,-1,-1,-1,-1,1,1,-1,-1,1,-1,-1,1,1,-1,-1,-1,-1,1,-1,1,-1,-1,-1,-1,1,1,-1,-1,1,-1,-1,1,-1,1,-1,-1,-1,-1,-1,1,1,1,-1,-1,-1,1,1,1,-1,-1,1,-1,-1,-1,1,-1,1,-1,-1,1,1,1,-1,-1,-1,-1,1,-1,1,1,-1,1,-1,-1,1,1,-1,-1,-1,-1,-1,-1,1,1,-1,-1,1,-1,1,1,-1,-1,-1,1,-1,1,1,-1,-1,1,-1,-1,1,1,1,-1,1,-1,1,1,1,-1,-1,1,-1,-1,1,1,1,-1,1,-1,-1,1,1,-1,1,1,-1,-1,1,1,-1,1,1,-1,-1,1,1,-1,1,1,-1,-1,1,1,1,1,1,1,-1,1,1,1,1,1,-1,-1,1,-1,1,1,1,1,-1,1,1,-1,1,1,1,-1,1,1,1,1,-1,1,-1,1,1,1,1,1,1,1,-1,1,1,1,1,-1,1,-1,1,1,1,1,1,1,1,1,1,1,-1,1,-1,1,1,1,-1,1,1,1,1,1,1,1,1,-1,1,1,1,1,1,-1,-1,1,-1,1,1,1,-1,1,-1,1,1,1,1,-1,-1,1,1,-1,1,1,-1,-1,1,1,-1,-1,1,1,-1,1,-1,1,1,1,-1,-1,-1,-1,1,-1,1,-1,1,1,1,1,1,-1,-1,1,1,1,1,1,1,-1,1,-1,1,1,1,-1,-1,-1,-1,-1,-1,-1,-1,-1,-1,-1,1,1,1,-1,1,1,-1,-1,1,1,1,-1,1,-1,1,1,1,-1,-1,1,-1,1,1,1,-1,-1,1,-1,1,1,1,-1,-1,1,-1,1,-1,1,1,-1,1,-1,-1,1,1,-1,-1,-1,-1,1,1,-1,1,-1,1,-1,-1,1,-2672.0,1,2000,445,500,False
435,1,1,-1,-1,1,-1,-1,-1,1,1,1,-1,1,1,1,1,-1,1,-1,-1,-1,-1,1,1,1,1,-1,-1,1,1,1,1,-1,-1,-1,-1,1,1,1,1,-1,-1,-1,1,1,1,1,-1,1,1,1,1,-1,1,-1,-1,1,-1,1,1,1,-1,-1,-1,1,1,1,1,-1,-1,-1,1,1,1,1,-1,-1,-1,1,1,1,-1,-1,-1,1,1,1,1,-1,1,-1,1,1,1,1,-1,-1,1,1,-1,1,1,-1,-1,1,1,1,1,1,-1,-1,1,1,-1,1,1,-1,-1,1,1,1,1,1,1,-1,1,1,1,-1,1,1,-1,1,1,1,1,1,1,-1,-1,1,1,1,1,1,-1,1,1,1,1,1,1,-1,-1,-1,1,1,1,1,-1,1,1,1,1,-1,1,-1,1,1,1,1,1,-1,-1,1,1,1,1,1,-1,1,-1,-1,1,-1,1,-1,1,1,1,1,1,1,1,1,1,-1,1,-1,1,-1,1,1,-1,1,-1,1,1,-1,1,-1,1,-1,1,-1,1,1,-1,1,-1,1,1,1,1,-1,-1,1,1,-1,-1,1,-1,1,-1,1,1,-1,1,-1,1,-1,1,-1,1,1,-1,1,-1,1,1,-1,1,-1,1,1,1,-1,1,1,-1,1,-1,1,-1,1,-1,1,-1,1,1,-1,1,-1,-1,-1,1,1,-1,1,-1,-1,-1,1,1,-1,-1,1,1,-1,-1,1,1,-1,1,1,-1,1,1,1,1,-1,1,-1,1,1,-1,1,-1,1,1,-1,1,1,1,1,1,-1,-1,1,-1,-1,-1,1,1,-1,1,1,1,-1,1,-1,-1,1,1,1,1,1,-1,1,1,1,-1,1,1,-1,1,1,1,-1,1,1,-1,-1,1,1,1,-1,1,-1,1,1,1,-1,1,1,-1,1,1,1,-1,1,-1,-1,1,1,1,-1,1,-1,-1,-1,1,1,-1,1,-1,-1,1,-1,1,-1,1,1,-1,-1,1,1,1,-1,1,-1,-1,1,1,-1,1,-1,-1,-1,-1,-1,-1,1,1,-1,-1,1,1,-1,1,-1,-1,-1,1,1,1,1,1,-1,1,1,1,-1,1,-1,-1,-1,-1,1,1,-1,1,-1,-1,1,-1,1,-1,-1,-1,1,-1,-1,1,-1,1,-1,-1,1,-1,1,-1,-1,-1,1,1,-1,1,-1,1,-1,-1,1,-1,1,-1,-1,-1,-1,1,-1,-1,1,1,-1,-1,1,-1,1,1,-1,1,-1,1,-1,1,-1,1,-1,-1,1,-1,1,-1,-1,-1,1,1,-1,1,-1,1,-1,1,-1,1,1,1,1,-1,1,-1,-1,1,-1,-1,-1,1,-1,1,-1,-1,1,-1,1,-1,-1,1,-1,-1,1,-1,1,-1,1,-1,1,-1,1,1,-1,-1,-1,1,-1,1,-1,-1,1,-1,1,1,1,1,-1,-1,1,1,-1,1,1,-1,-1,1,1,1,-1,1,1,-1,1,1,1,1,1,-1,1,-1,-1,-1,1,-1,-1,1,1,1,-1,1,-1,1,-1,-1,-1,1,1,-1,1,1,-1,-1,1,1,-1,1,1,-1,1,-1,1,-1,-1,-1,-1,-1,-1,1,-1,-1,-1,-1,-1,-1,1,-1,1,1,1,1,-1,1,-1,1,1,-1,-1,-1,1,-1,-1,1,-1,1,-1,-1,1,1,1,1,-1,-1,-1,1,1,1,-1,1,-1,1,1,1,1,-1,-1,-1,-1,1,1,1,-1,1,-1,1,-1,1,-1,1,1,-1,-1,1,1,1,-1,-1,-1,-1,1,1,1,1,-1,-1,-1,1,1,1,1,-1,-1,-1,1,1,1,-1,-1,-1,1,1,1,1,1,-1,-1,-1,1,1,1,1,-1,-1,-1,1,1,-1,1,-1,-1,-1,1,1,1,1,-1,-1,1,1,1,1,-1,-1,1,1,-1,1,1,-1,-1,-1,1,1,1,1,1,-1,1,1,1,1,1,-1,-1,-1,1,-1,1,-1,-1,-1,-1,1,-1,1,1,-1,-1,-1,1,-1,1,1,-1,-1,-1,1,1,1,1,-1,-1,-1,1,-1,1,1,-1,-1,-1,1,1,-1,-1,-1,-1,-1,1,-1,1,-1,-1,-1,-1,-1,-1,-1,1,-1,-1,-1,1,-1,-1,1,-1,-1,-1,-1,-1,1,1,-1,-1,-1,-1,-1,1,-1,-1,-1,1,-1,-1,1,-1,1,-1,-1,-1,-1,-1,-1,-1,1,-1,-1,-1,1,1,1,-1,-1,-1,1,-1,-1,-1,-1,1,-1,-1,1,1,1,-1,-1,-1,-1,1,-1,1,1,-1,1,-1,-1,1,1,-1,-1,-1,-1,-1,-1,1,1,-1,-1,1,-1,1,1,-1,-1,-1,1,-1,1,1,-1,-1,1,-1,-1,1,1,1,-1,1,-1,1,1,1,-1,-1,1,-1,-1,1,1,1,-1,1,-1,-1,1,1,-1,1,1,-1,-1,1,1,-1,1,1,-1,-1,1,1,-1,1,1,-1,-1,1,1,1,1,1,1,-1,1,1,1,-1,1,-1,-1,1,-1,1,1,1,1,-1,-1,1,-1,1,1,1,-1,1,1,1,1,-1,1,-1,1,1,1,1,1,1,1,-1,1,1,1,1,-1,1,-1,1,1,1,1,1,-1,1,1,1,1,-1,1,1,-1,1,1,-1,1,1,-1,-1,1,1,1,1,-1,1,-1,1,1,1,-1,-1,1,-1,1,1,1,-1,1,-1,-1,-1,1,1,-1,-1,1,-1,-1,1,1,1,-1,1,-1,1,1,1,1,-1,-1,-1,-1,1,1,-1,-1,-1,1,1,-1,1,-1,1,1,-1,1,1,-1,-1,1,1,-1,-1,-1,1,-1,1,1,1,1,1,-1,-1,-1,-1,-1,-1,-1,-1,-1,-1,1,1,1,1,-1,1,1,-1,1,1,1,1,-1,1,-1,1,1,1,1,-1,1,-1,1,1,1,1,-1,1,-1,1,1,1,1,-1,1,-1,1,1,1,-1,-1,1,-1,1,1,1,-1,-1,-1,1,-1,1,1,1,-1,1,-1,1,1,-2672.0,1,2000,445,0,False
436,1,1,-1,-1,1,1,-1,-1,1,1,1,-1,-1,1,1,1,-1,1,-1,-1,-1,-1,1,1,1,-1,-1,-1,1,1,1,1,-1,-1,-1,-1,1,-1,1,1,-1,-1,-1,1,1,1,1,-1,1,1,1,1,-1,1,-1,-1,1,-1,1,1,1,-1,-1,-1,1,1,1,1,-1,-1,-1,1,1,1,1,-1,-1,-1,1,1,1,-1,-1,-1,1,1,1,1,-1,-1,-1,1,1,1,1,-1,-1,1,1,-1,1,1,-1,-1,1,1,1,1,1,-1,-1,1,1,-1,1,1,-1,-1,1,1,1,1,1,1,-1,-1,1,1,-1,1,1,-1,1,1,1,1,1,1,-1,-1,1,1,1,1,1,-1,1,1,1,1,1,1,-1,-1,-1,1,1,1,1,-1,1,1,1,1,-1,1,-1,1,-1,1,1,1,-1,-1,1,1,1,1,1,-1,1,-1,-1,1,1,1,-1,1,1,1,1,-1,1,1,1,1,-1,1,-1,1,-1,1,1,-1,1,-1,1,1,-1,1,-1,1,-1,1,-1,1,1,-1,-1,-1,1,1,1,1,-1,-1,1,1,-1,-1,1,-1,1,-1,1,1,-1,1,-1,1,-1,1,-1,1,1,-1,-1,-1,1,1,-1,1,-1,1,1,1,-1,1,1,-1,-1,-1,1,-1,1,-1,1,-1,1,1,-1,1,-1,-1,-1,1,1,-1,1,-1,-1,-1,1,1,-1,-1,1,1,-1,-1,1,1,-1,1,1,-1,1,1,1,1,-1,1,-1,1,1,-1,1,-1,1,1,-1,1,1,1,1,1,-1,-1,1,-1,-1,-1,1,1,-1,1,1,1,-1,1,-1,-1,1,1,1,1,1,-1,1,1,1,-1,1,1,-1,1,1,1,-1,1,1,-1,-1,1,1,1,-1,1,-1,1,1,1,-1,1,1,-1,1,1,1,-1,1,-1,-1,1,1,1,-1,1,-1,-1,-1,1,1,-1,1,-1,-1,1,-1,1,-1,1,1,-1,-1,1,1,1,-1,1,-1,-1,1,1,-1,1,-1,1,-1,-1,-1,-1,1,1,1,-1,1,1,-1,1,1,-1,-1,1,1,1,1,1,-1,1,1,1,-1,1,-1,-1,-1,-1,1,1,1,1,-1,-1,1,1,1,1,-1,-1,-1,-1,-1,1,-1,-1,-1,1,-1,1,1,-1,1,1,1,1,-1,1,-1,1,-1,-1,1,-1,1,1,1,1,-1,1,-1,-1,1,1,-1,-1,1,-1,1,1,1,-1,-1,1,-1,-1,1,1,-1,1,1,-1,1,1,-1,-1,1,1,-1,1,-1,-1,-1,1,-1,-1,1,-1,-1,1,1,-1,-1,1,-1,-1,-1,1,-1,-1,1,-1,-1,-1,1,-1,-1,1,-1,-1,-1,1,1,-1,1,1,-1,-1,1,1,-1,-1,1,1,-1,1,-1,-1,1,-1,-1,1,-1,1,-1,-1,1,-1,1,-1,1,-1,-1,1,-1,-1,1,1,1,-1,1,-1,1,-1,-1,-1,1,-1,-1,-1,1,-1,-1,-1,1,1,-1,1,-1,1,-1,1,-1,1,1,-1,1,1,1,-1,-1,1,-1,1,-1,1,1,-1,1,-1,-1,1,1,-1,-1,1,-1,-1,-1,1,-1,-1,1,-1,1,1,1,1,-1,1,-1,-1,1,1,-1,-1,1,-1,-1,-1,1,1,-1,-1,1,1,-1,1,-1,-1,1,1,1,-1,1,1,-1,-1,1,1,-1,1,-1,-1,1,1,1,1,-1,1,-1,1,-1,1,1,1,1,-1,-1,1,1,1,-1,-1,-1,1,1,1,1,1,-1,-1,-1,1,1,1,-1,-1,-1,-1,1,1,1,1,-1,-1,-1,1,1,1,1,-1,-1,1,1,1,1,1,-1,-1,-1,1,1,-1,1,-1,-1,-1,1,1,1,1,-1,-1,1,1,1,1,1,-1,1,1,-1,1,1,-1,-1,-1,1,1,1,-1,1,-1,1,1,1,1,1,1,-1,-1,1,-1,1,-1,1,-1,-1,1,-1,1,1,-1,-1,-1,1,-1,1,1,-1,1,-1,1,1,1,-1,1,1,1,-1,-1,1,-1,-1,-1,-1,1,1,-1,-1,-1,-1,-1,1,-1,1,-1,-1,-1,-1,-1,-1,-1,1,-1,-1,-1,1,-1,-1,1,-1,-1,-1,-1,-1,1,1,-1,-1,-1,-1,-1,1,-1,-1,-1,1,-1,-1,1,-1,1,-1,-1,-1,-1,-1,-1,-1,1,-1,-1,-1,1,1,-1,-1,-1,-1,1,-1,-1,-1,-1,1,-1,-1,1,1,1,-1,-1,-1,-1,1,-1,1,1,-1,1,-1,-1,1,1,-1,-1,-1,-1,-1,-1,1,1,-1,-1,1,-1,1,1,-1,-1,-1,1,-1,1,1,-1,-1,1,-1,-1,1,1,1,-1,1,-1,1,1,1,-1,-1,1,-1,-1,1,1,1,-1,1,-1,-1,1,1,-1,1,1,-1,-1,1,1,-1,1,1,-1,-1,1,1,-1,1,1,-1,-1,1,1,1,1,1,1,-1,-1,1,1,-1,1,-1,-1,1,-1,1,1,1,1,-1,-1,1,-1,1,1,1,-1,1,1,1,1,-1,1,-1,1,1,1,1,1,1,1,-1,1,1,1,1,-1,1,-1,1,1,1,1,1,-1,1,1,1,1,-1,1,1,-1,1,1,-1,1,1,-1,-1,1,1,1,1,-1,1,-1,1,1,1,-1,-1,1,-1,1,1,1,-1,1,-1,-1,-1,1,1,-1,-1,1,-1,-1,1,1,-1,-1,1,-1,-1,1,1,1,-1,1,-1,-1,1,1,-1,-1,-1,1,-1,1,1,-1,1,1,-1,1,1,-1,-1,1,1,-1,-1,1,1,-1,1,1,-1,1,1,-1,-1,-1,-1,1,-1,-1,-1,-1,-1,-1,-1,1,1,-1,1,1,-1,1,1,1,1,-1,1,-1,1,1,1,1,-1,1,-1,1,-1,1,1,-1,1,-1,-1,1,1,1,-1,1,-1,1,1,1,-1,-1,1,-1,-1,1,1,-1,-1,-1,1,-1,1,-1,1,-1,1,-1,-1,1,-2672.0,1,2000,445,500,False
437,1,1,-1,-1,1,-1,-1,-1,1,1,1,-1,1,1,1,1,-1,1,-1,-1,-1,-1,1,1,1,-1,-1,-1,1,1,1,1,-1,-1,-1,-1,1,1,1,1,-1,-1,-1,1,1,1,1,-1,1,1,1,1,-1,1,-1,-1,1,-1,1,1,1,-1,-1,-1,1,1,1,1,-1,-1,-1,1,1,1,1,-1,-1,-1,1,1,1,-1,-1,-1,1,1,1,1,-1,-1,1,1,1,1,1,-1,-1,-1,1,-1,1,1,-1,-1,1,1,1,1,1,-1,-1,-1,1,-1,1,1,-1,-1,1,1,1,1,1,1,-1,-1,1,1,-1,1,1,-1,1,1,1,1,1,1,-1,1,1,1,1,1,1,-1,1,1,1,1,1,1,-1,-1,-1,1,1,1,1,-1,1,1,1,1,-1,1,-1,1,-1,1,1,1,-1,-1,1,1,1,1,1,-1,1,-1,-1,1,-1,1,-1,1,1,1,1,1,1,1,1,1,1,1,-1,1,-1,1,1,-1,1,-1,1,1,-1,1,-1,1,-1,1,-1,1,1,-1,-1,-1,1,1,1,1,-1,-1,1,1,-1,-1,1,-1,1,-1,-1,1,-1,1,-1,1,-1,1,-1,1,1,-1,-1,-1,1,1,-1,1,-1,1,1,1,-1,1,1,-1,1,-1,1,-1,1,-1,1,-1,1,1,-1,1,-1,-1,-1,1,1,-1,1,-1,-1,-1,1,1,-1,-1,1,1,-1,-1,1,1,-1,1,1,-1,1,1,1,1,-1,1,-1,1,1,-1,1,-1,1,1,-1,1,1,1,1,1,-1,-1,1,-1,-1,-1,1,1,-1,1,1,1,-1,1,-1,-1,1,1,1,1,1,-1,1,1,1,-1,1,1,-1,1,1,1,-1,1,1,-1,-1,1,1,1,-1,1,-1,1,1,1,-1,1,1,-1,1,1,1,-1,1,-1,-1,1,1,1,-1,1,-1,-1,-1,1,1,-1,1,-1,-1,1,-1,1,-1,1,1,-1,-1,1,1,1,-1,1,-1,-1,1,1,-1,1,-1,1,-1,-1,-1,-1,1,1,-1,-1,1,1,-1,1,1,-1,-1,1,1,1,1,1,-1,1,1,1,-1,1,-1,-1,-1,-1,1,1,-1,1,-1,-1,1,1,1,-1,-1,-1,-1,-1,-1,1,-1,-1,-1,1,-1,1,1,-1,1,-1,1,1,-1,1,-1,1,-1,-1,1,-1,1,-1,1,1,-1,1,-1,-1,1,1,-1,-1,1,-1,1,1,1,-1,-1,1,-1,-1,1,1,-1,1,1,-1,1,1,-1,-1,1,1,-1,1,-1,-1,-1,1,-1,-1,1,-1,-1,-1,1,-1,-1,1,1,-1,-1,1,-1,-1,1,-1,-1,-1,1,-1,-1,1,1,-1,-1,1,1,-1,1,1,-1,-1,1,1,-1,-1,1,1,-1,1,-1,-1,-1,1,-1,1,-1,1,-1,-1,1,-1,1,-1,1,-1,-1,1,-1,-1,1,1,1,-1,1,-1,1,-1,-1,1,1,1,-1,-1,1,-1,-1,-1,1,1,-1,1,-1,1,-1,1,-1,1,1,-1,1,1,1,-1,-1,1,-1,1,-1,1,1,-1,1,-1,-1,1,1,-1,-1,1,-1,-1,-1,1,-1,-1,1,-1,1,1,1,1,-1,1,-1,-1,1,1,-1,-1,1,-1,-1,-1,1,1,-1,-1,1,1,-1,-1,-1,-1,1,1,1,1,1,1,-1,-1,1,1,-1,1,-1,-1,1,1,1,1,-1,1,-1,1,-1,1,1,1,1,-1,-1,1,1,1,-1,-1,-1,-1,1,1,1,1,-1,-1,-1,1,1,1,-1,-1,-1,-1,1,1,1,1,-1,-1,-1,1,1,1,1,-1,-1,1,1,1,1,1,-1,-1,-1,1,1,-1,1,-1,-1,-1,1,1,1,1,-1,-1,1,1,1,1,1,-1,1,1,-1,1,1,-1,-1,-1,1,1,1,1,1,-1,1,1,1,1,1,1,-1,-1,1,-1,1,-1,1,-1,-1,1,-1,1,1,-1,-1,-1,1,-1,1,1,-1,-1,-1,1,1,1,-1,1,-1,-1,1,-1,1,-1,-1,-1,-1,1,1,-1,-1,-1,-1,-1,1,-1,1,-1,-1,-1,-1,-1,-1,-1,1,-1,-1,-1,1,-1,-1,1,-1,-1,-1,-1,-1,-1,1,-1,-1,-1,-1,-1,1,-1,-1,-1,1,-1,-1,1,-1,1,-1,-1,-1,-1,-1,-1,-1,1,-1,-1,-1,1,1,1,-1,-1,1,1,-1,-1,-1,-1,1,-1,-1,1,-1,1,-1,-1,-1,-1,1,-1,1,1,-1,1,-1,-1,1,1,-1,-1,-1,-1,-1,-1,1,1,-1,-1,1,-1,1,1,-1,-1,-1,1,-1,-1,1,-1,-1,1,-1,-1,1,1,1,-1,1,-1,1,1,1,-1,-1,1,-1,-1,1,1,1,-1,1,-1,-1,1,1,-1,1,1,-1,-1,1,1,-1,1,1,-1,-1,1,1,-1,1,1,-1,-1,1,1,1,1,1,1,-1,-1,1,1,-1,1,-1,-1,1,-1,1,1,1,1,-1,-1,1,-1,1,1,1,-1,1,1,1,1,-1,1,-1,1,1,1,1,1,1,1,-1,1,1,1,1,-1,1,-1,1,1,1,1,1,-1,1,1,1,1,-1,1,1,-1,1,1,-1,1,1,-1,-1,1,1,1,1,-1,1,-1,1,1,1,-1,-1,1,-1,1,1,1,-1,1,-1,-1,1,1,1,-1,-1,1,-1,-1,1,1,-1,-1,1,-1,-1,1,1,1,-1,1,-1,-1,1,1,-1,-1,-1,1,-1,-1,1,-1,1,1,-1,-1,1,-1,-1,1,1,1,-1,1,1,-1,1,1,-1,1,1,-1,-1,-1,-1,1,-1,-1,-1,-1,-1,1,-1,1,1,-1,1,1,-1,1,-1,1,1,-1,1,-1,1,1,1,-1,-1,1,-1,1,-1,1,-1,-1,1,-1,1,-1,1,-1,-1,1,-1,1,1,1,1,-1,1,-1,1,-1,1,1,-1,-1,1,-1,1,1,1,-1,1,-1,1,1,-2672.0,1,2000,445,500,False
438,1,1,-1,-1,1,1,-1,-1,1,1,1,-1,1,1,1,1,-1,1,1,-1,-1,-1,1,1,1,1,-1,-1,1,1,1,1,-1,-1,-1,-1,1,-1,1,1,-1,-1,-1,1,1,1,1,-1,1,1,1,1,-1,1,-1,-1,1,-1,1,1,1,-1,-1,-1,1,1,1,1,-1,-1,-1,1,1,1,1,-1,-1,-1,1,1,1,-1,-1,-1,1,1,1,1,-1,-1,1,1,1,1,1,-1,-1,-1,1,-1,1,1,-1,-1,1,1,1,1,1,-1,-1,-1,1,1,1,1,-1,-1,1,1,1,1,1,1,-1,-1,1,1,-1,1,1,-1,1,1,1,1,1,1,-1,1,1,1,1,1,1,-1,1,1,1,1,1,1,-1,-1,-1,1,1,1,1,-1,1,1,1,1,-1,1,-1,1,-1,1,1,1,-1,-1,1,1,1,1,1,-1,1,-1,-1,1,-1,1,-1,1,1,1,1,1,1,1,1,1,-1,1,-1,1,-1,1,1,-1,1,-1,1,1,-1,1,-1,1,-1,1,-1,1,1,-1,1,-1,1,1,1,1,-1,-1,1,1,-1,-1,1,-1,1,-1,-1,1,-1,1,-1,1,-1,1,-1,1,1,-1,-1,-1,1,1,-1,1,-1,1,1,1,-1,1,1,-1,1,-1,1,-1,1,-1,1,-1,1,1,-1,1,-1,-1,-1,1,1,-1,1,-1,-1,-1,1,1,-1,-1,1,1,-1,-1,1,1,-1,1,1,-1,1,1,1,1,-1,1,-1,1,1,-1,1,-1,1,1,1,1,1,1,1,1,-1,-1,1,-1,-1,-1,1,1,-1,1,1,1,-1,1,1,1,1,1,1,1,1,-1,1,1,1,-1,1,1,-1,1,1,1,-1,1,1,-1,-1,1,1,1,-1,1,-1,1,1,1,-1,1,1,-1,1,1,1,-1,1,1,-1,1,1,1,-1,1,1,1,-1,1,1,-1,1,1,-1,1,-1,1,-1,1,1,1,-1,1,1,1,-1,1,1,-1,1,1,-1,1,1,1,-1,-1,-1,-1,1,1,1,-1,1,1,-1,1,1,-1,-1,1,1,1,1,1,-1,1,1,1,-1,1,1,1,-1,-1,1,1,-1,-1,1,-1,1,-1,1,-1,1,1,-1,-1,-1,1,-1,-1,1,1,-1,1,1,-1,1,1,1,1,-1,1,-1,-1,1,-1,1,-1,1,-1,-1,1,1,1,-1,-1,1,-1,1,1,1,-1,1,1,1,-1,1,1,-1,1,-1,-1,1,1,1,-1,1,-1,1,1,1,1,-1,1,-1,-1,1,1,-1,1,1,-1,1,1,1,-1,-1,1,-1,1,1,1,-1,1,-1,-1,-1,1,1,-1,-1,1,-1,1,1,1,1,-1,1,-1,-1,1,1,1,-1,-1,-1,-1,1,1,-1,-1,1,-1,-1,1,-1,1,-1,-1,1,-1,1,-1,1,-1,-1,1,-1,-1,1,1,1,-1,1,-1,1,-1,-1,-1,1,-1,-1,-1,1,-1,-1,1,1,1,-1,1,-1,1,1,1,-1,1,1,-1,-1,-1,1,-1,-1,1,-1,-1,1,1,1,-1,1,-1,-1,1,1,-1,-1,1,-1,-1,1,1,-1,-1,1,-1,-1,-1,1,1,-1,1,-1,-1,-1,1,-1,-1,1,-1,1,-1,1,1,-1,-1,1,-1,-1,-1,-1,-1,1,1,1,-1,-1,1,-1,-1,1,-1,-1,1,-1,-1,1,1,-1,-1,1,-1,-1,1,1,-1,1,-1,-1,-1,-1,1,1,-1,-1,-1,-1,-1,1,-1,-1,1,-1,-1,-1,1,1,-1,-1,-1,-1,-1,1,-1,-1,-1,-1,-1,1,1,1,-1,-1,-1,-1,-1,1,1,-1,-1,-1,-1,-1,1,1,1,-1,-1,-1,-1,1,1,-1,-1,-1,-1,1,1,1,1,-1,-1,1,1,1,1,1,-1,-1,-1,1,1,1,1,1,-1,1,1,1,1,-1,1,-1,-1,1,-1,1,-1,1,-1,-1,1,-1,1,-1,-1,-1,-1,1,-1,1,-1,1,1,-1,1,-1,1,-1,1,1,-1,1,-1,1,-1,-1,-1,-1,1,1,-1,-1,-1,-1,-1,1,-1,1,-1,-1,-1,-1,-1,-1,-1,1,-1,-1,-1,1,-1,-1,1,-1,-1,-1,-1,-1,1,1,-1,-1,-1,-1,-1,1,-1,-1,-1,1,-1,-1,1,-1,1,-1,-1,-1,-1,-1,-1,-1,1,-1,-1,-1,1,1,-1,-1,-1,1,1,-1,-1,-1,-1,1,-1,-1,1,-1,1,-1,-1,-1,-1,1,-1,1,1,-1,1,-1,-1,1,1,-1,-1,-1,-1,-1,-1,1,1,-1,-1,1,-1,1,1,-1,-1,-1,1,-1,-1,1,-1,-1,1,-1,-1,1,1,1,-1,1,-1,1,1,1,-1,-1,1,-1,-1,1,1,1,-1,1,-1,-1,1,1,-1,1,1,-1,-1,1,1,-1,1,1,-1,-1,1,1,-1,1,1,-1,-1,1,1,1,1,1,1,-1,1,1,-1,1,1,-1,-1,1,-1,1,1,1,1,-1,-1,1,-1,1,1,1,-1,1,1,1,1,-1,1,-1,1,1,1,1,1,1,1,-1,1,1,1,1,-1,1,-1,1,1,1,1,1,-1,1,1,1,1,-1,1,1,-1,1,1,-1,1,1,-1,-1,1,1,1,1,-1,1,-1,1,1,1,-1,-1,1,-1,1,1,1,-1,1,-1,-1,-1,1,1,-1,-1,1,-1,-1,1,1,1,-1,1,-1,1,1,1,1,-1,-1,-1,-1,1,1,-1,-1,-1,1,1,1,1,-1,1,1,-1,1,1,-1,-1,1,1,-1,-1,1,1,-1,1,1,1,1,1,-1,-1,-1,-1,-1,-1,-1,-1,-1,-1,1,1,1,1,-1,1,1,-1,1,1,1,1,-1,1,-1,1,1,1,-1,-1,1,-1,1,1,1,-1,-1,1,-1,1,1,1,-1,-1,1,-1,1,1,1,1,-1,1,-1,1,1,1,1,-1,-1,1,-1,1,1,1,-1,1,-1,1,1,-2672.0,1,2000,445,500,False
439,1,1,-1,-1,1,-1,-1,-1,1,1,1,-1,1,1,1,1,-1,1,-1,-1,1,-1,1,1,1,-1,-1,-1,1,1,1,1,1,-1,-1,-1,1,1,1,1,-1,-1,-1,1,1,1,1,-1,1,1,1,1,-1,1,-1,-1,1,-1,1,1,1,-1,-1,-1,1,1,1,1,-1,-1,-1,1,1,1,1,-1,-1,-1,1,1,1,-1,-1,-1,1,1,1,1,-1,-1,-1,1,1,1,1,-1,-1,1,1,-1,1,1,-1,-1,1,1,1,1,1,-1,-1,1,1,-1,1,1,-1,-1,1,1,1,1,1,1,-1,-1,1,1,-1,1,1,-1,1,1,1,1,1,1,-1,-1,1,1,1,1,1,-1,1,1,1,1,1,1,-1,-1,-1,1,1,1,1,-1,1,1,1,1,-1,1,-1,1,1,1,1,1,-1,-1,1,1,1,1,1,-1,1,-1,-1,1,1,1,-1,1,1,1,1,-1,1,1,1,1,-1,1,-1,1,-1,1,1,-1,1,-1,1,1,-1,1,-1,1,-1,1,-1,1,1,-1,1,-1,1,1,1,1,-1,-1,1,1,-1,-1,1,-1,1,-1,-1,1,-1,1,-1,1,-1,1,-1,1,1,-1,-1,-1,1,1,-1,1,-1,1,1,1,-1,1,1,-1,1,-1,1,-1,1,-1,1,-1,1,1,-1,1,-1,-1,-1,1,1,-1,1,-1,-1,-1,1,1,-1,-1,1,1,-1,-1,1,1,-1,1,1,-1,1,1,1,1,-1,1,-1,1,1,-1,1,-1,1,1,-1,1,1,1,1,1,-1,-1,1,-1,-1,-1,1,1,-1,1,1,1,-1,1,-1,-1,1,1,1,1,1,-1,1,1,1,-1,-1,1,-1,1,1,1,-1,1,1,-1,-1,1,1,1,-1,1,-1,1,1,1,-1,1,1,-1,1,1,1,-1,1,-1,-1,1,1,1,-1,1,-1,-1,-1,1,1,-1,1,-1,-1,1,-1,1,-1,1,1,-1,-1,1,1,1,-1,1,-1,-1,1,1,-1,1,-1,1,-1,-1,-1,-1,1,1,-1,-1,1,1,-1,1,1,-1,-1,1,1,1,1,1,-1,1,1,1,-1,1,-1,-1,-1,-1,1,1,1,1,-1,-1,1,1,1,1,-1,-1,-1,-1,-1,1,-1,-1,-1,1,-1,1,1,1,1,-1,1,1,-1,1,-1,1,-1,-1,1,-1,1,1,1,1,-1,1,-1,-1,1,1,-1,-1,1,-1,1,1,1,-1,-1,1,-1,-1,1,1,-1,1,1,-1,1,1,-1,-1,1,1,-1,1,-1,-1,-1,1,-1,-1,1,-1,-1,1,1,-1,-1,1,-1,-1,-1,1,-1,-1,1,1,-1,-1,1,-1,-1,1,-1,-1,-1,1,1,-1,1,-1,-1,-1,1,1,-1,-1,-1,1,-1,1,-1,-1,1,-1,-1,1,-1,1,-1,-1,1,-1,1,-1,1,-1,-1,1,-1,-1,1,1,1,-1,1,-1,1,-1,-1,1,1,-1,-1,-1,1,-1,-1,-1,1,1,-1,1,-1,1,-1,1,-1,1,1,-1,1,1,1,-1,1,1,-1,1,-1,1,1,-1,1,-1,-1,1,1,-1,-1,1,-1,-1,-1,1,-1,-1,1,-1,1,1,1,1,-1,1,-1,-1,1,1,-1,-1,1,-1,-1,-1,1,1,-1,-1,1,1,-1,1,-1,-1,-1,1,1,1,1,1,-1,1,1,1,-1,1,-1,-1,1,1,1,1,-1,1,-1,1,-1,1,1,1,1,-1,-1,1,1,1,-1,-1,-1,-1,1,1,1,1,-1,-1,-1,1,1,1,-1,-1,-1,-1,1,1,1,1,-1,-1,1,1,1,1,1,-1,-1,-1,1,1,1,1,-1,-1,-1,1,1,-1,1,-1,-1,-1,1,1,1,1,-1,-1,1,1,1,1,1,-1,1,1,-1,1,1,-1,-1,-1,1,1,1,-1,1,-1,1,1,1,1,1,1,-1,-1,1,-1,1,-1,1,-1,-1,1,-1,1,-1,-1,-1,-1,1,-1,1,1,-1,-1,-1,1,1,1,-1,1,-1,1,-1,-1,1,-1,-1,-1,-1,1,1,-1,-1,-1,-1,-1,1,-1,1,-1,-1,-1,-1,-1,-1,-1,1,-1,-1,-1,1,-1,-1,1,-1,-1,-1,-1,-1,1,1,-1,-1,-1,-1,-1,1,-1,-1,-1,1,-1,-1,1,-1,1,-1,-1,-1,-1,-1,-1,-1,1,-1,-1,-1,1,1,-1,-1,-1,1,1,-1,-1,-1,-1,1,-1,-1,1,-1,1,-1,-1,-1,-1,1,-1,1,1,-1,1,-1,-1,1,1,-1,-1,-1,-1,-1,-1,1,1,-1,-1,1,-1,1,1,-1,-1,-1,1,-1,1,1,-1,-1,1,-1,-1,1,1,1,-1,1,-1,1,1,1,-1,-1,1,-1,-1,1,1,1,-1,1,-1,-1,1,1,-1,1,1,-1,-1,1,1,-1,1,1,-1,-1,1,1,1,1,1,-1,-1,1,1,1,1,1,1,-1,-1,1,1,1,1,-1,-1,1,-1,1,1,1,1,-1,-1,1,-1,1,1,1,-1,1,1,1,1,-1,1,-1,1,1,1,1,1,1,1,-1,1,1,1,1,-1,1,-1,1,1,1,1,1,-1,1,1,1,1,-1,1,1,-1,1,1,-1,1,1,-1,-1,1,1,1,1,-1,1,-1,1,1,1,-1,-1,1,-1,1,1,1,-1,1,-1,-1,-1,1,1,-1,-1,1,-1,-1,1,1,-1,-1,1,-1,-1,1,1,1,-1,1,-1,-1,1,1,-1,-1,-1,1,-1,-1,1,-1,1,1,-1,1,1,-1,-1,1,-1,-1,-1,1,1,-1,1,1,-1,1,1,-1,-1,-1,-1,1,-1,-1,-1,-1,1,-1,-1,1,1,-1,1,1,-1,1,1,1,1,-1,1,-1,1,1,1,1,-1,1,-1,-1,1,1,1,-1,1,-1,1,1,1,1,-1,1,-1,1,1,-1,-1,-1,1,-1,-1,1,1,-1,-1,-1,1,-1,1,-1,1,-1,1,-1,-1,1,-2672.0,1,2000,445,500,False
440,1,1,-1,-1,1,1,-1,-1,1,1,1,-1,-1,1,1,1,-1,1,-1,-1,-1,-1,1,1,1,-1,-1,-1,1,1,1,1,1,-1,-1,-1,1,1,1,1,-1,-1,-1,1,1,1,1,-1,1,1,1,1,-1,1,-1,-1,1,-1,1,1,1,-1,-1,-1,1,1,1,1,-1,-1,-1,1,1,1,1,-1,-1,-1,1,1,1,-1,-1,-1,1,1,1,1,-1,-1,-1,1,1,1,1,-1,-1,1,1,-1,1,1,-1,-1,1,1,1,1,1,-1,-1,1,1,1,1,1,-1,-1,1,1,1,1,1,1,-1,1,1,1,-1,1,1,-1,1,1,1,1,1,1,-1,-1,1,1,1,1,1,-1,1,1,1,1,1,1,-1,-1,-1,1,1,1,1,-1,1,1,1,1,-1,1,-1,1,-1,1,1,1,-1,-1,1,1,1,1,1,-1,1,-1,-1,1,-1,1,-1,1,1,1,1,1,1,1,1,1,-1,1,-1,1,-1,1,1,-1,1,-1,1,1,-1,1,-1,1,-1,1,-1,1,1,-1,-1,-1,1,1,1,1,-1,-1,1,1,-1,-1,1,-1,1,-1,1,1,-1,1,-1,1,-1,1,-1,-1,1,-1,1,-1,1,1,-1,1,-1,1,1,1,-1,1,1,-1,1,-1,1,-1,1,-1,1,-1,1,1,-1,1,-1,-1,-1,1,1,-1,1,-1,-1,-1,1,1,-1,-1,1,1,-1,-1,1,1,-1,1,1,-1,1,1,1,1,-1,1,-1,1,1,-1,1,-1,1,-1,1,1,1,1,1,1,-1,-1,1,-1,-1,1,1,1,-1,1,1,1,-1,1,1,1,1,1,1,1,1,-1,1,1,1,-1,1,1,-1,1,1,1,-1,1,1,-1,-1,1,1,1,-1,1,-1,1,1,1,-1,1,1,-1,1,1,1,-1,1,1,-1,1,1,1,-1,1,1,-1,-1,1,1,-1,1,1,-1,1,-1,1,-1,1,1,1,-1,1,1,1,-1,1,1,-1,1,1,-1,1,1,1,-1,-1,-1,-1,1,1,1,-1,1,1,-1,1,1,-1,-1,1,1,1,1,1,-1,1,1,1,-1,1,1,1,1,-1,1,1,-1,-1,1,-1,1,-1,1,-1,1,1,-1,-1,-1,1,-1,-1,1,1,-1,1,1,-1,1,1,1,1,-1,1,-1,-1,1,-1,1,-1,1,-1,-1,1,1,1,-1,-1,1,-1,1,1,1,-1,1,1,1,-1,1,1,-1,1,-1,-1,1,1,1,-1,1,-1,1,1,1,1,-1,1,-1,1,1,1,-1,1,1,1,1,1,1,-1,-1,1,-1,1,1,1,-1,1,-1,1,-1,1,1,-1,-1,1,-1,1,1,1,1,-1,1,-1,-1,1,1,1,-1,1,-1,-1,1,1,-1,-1,1,-1,-1,1,-1,1,-1,-1,1,-1,1,-1,1,-1,-1,1,-1,-1,1,1,1,-1,1,-1,1,-1,-1,1,1,-1,-1,-1,1,-1,-1,1,1,1,-1,1,-1,1,1,1,-1,1,1,-1,1,-1,1,-1,-1,1,-1,-1,1,1,1,-1,1,-1,-1,1,1,-1,-1,1,-1,-1,1,1,-1,-1,1,-1,-1,-1,1,1,-1,1,1,-1,-1,1,-1,-1,1,-1,1,-1,1,1,-1,-1,1,-1,-1,-1,-1,-1,1,1,1,-1,-1,1,-1,-1,1,-1,-1,1,-1,-1,-1,1,-1,-1,1,-1,-1,1,1,-1,1,-1,1,-1,-1,1,1,-1,-1,-1,-1,-1,1,-1,-1,1,-1,-1,-1,1,1,-1,-1,-1,-1,-1,1,-1,-1,-1,-1,-1,-1,1,1,-1,-1,-1,-1,1,1,1,-1,-1,-1,-1,-1,1,1,1,-1,-1,-1,-1,1,1,-1,-1,-1,-1,1,1,1,1,-1,-1,1,1,1,1,1,-1,-1,-1,1,1,1,-1,1,-1,1,1,1,1,-1,1,-1,-1,1,-1,1,-1,1,-1,-1,1,-1,1,-1,-1,-1,-1,1,-1,1,-1,1,-1,-1,1,-1,1,-1,1,-1,-1,1,-1,1,-1,-1,-1,-1,1,1,-1,-1,-1,-1,-1,1,-1,1,-1,-1,-1,-1,-1,-1,-1,1,-1,-1,-1,1,-1,-1,1,-1,-1,-1,-1,-1,1,1,-1,-1,-1,-1,-1,1,-1,-1,-1,1,-1,-1,1,-1,1,-1,-1,-1,-1,-1,-1,-1,1,-1,-1,-1,1,1,-1,-1,-1,-1,1,-1,-1,-1,-1,1,-1,-1,1,-1,1,-1,-1,-1,-1,1,-1,1,1,-1,1,-1,-1,1,1,-1,-1,-1,-1,-1,-1,1,1,-1,-1,1,-1,1,1,-1,-1,-1,1,-1,1,1,-1,-1,1,-1,-1,1,1,1,-1,1,-1,1,1,1,-1,-1,1,-1,-1,1,1,1,-1,1,-1,-1,1,1,-1,1,1,-1,-1,1,1,1,1,1,-1,-1,1,1,1,1,1,-1,-1,1,1,1,1,-1,1,-1,1,1,1,1,1,-1,-1,1,-1,1,1,1,1,-1,-1,1,-1,1,1,1,-1,1,1,1,1,-1,1,-1,1,1,1,1,1,1,1,-1,-1,1,1,1,-1,1,-1,1,1,1,1,1,-1,1,1,1,1,-1,1,1,-1,1,1,-1,1,1,-1,-1,1,1,1,1,-1,1,-1,1,1,1,-1,-1,1,-1,1,1,1,-1,1,-1,-1,-1,1,1,-1,-1,1,-1,-1,1,1,-1,-1,1,-1,1,1,1,1,-1,-1,-1,-1,1,1,-1,-1,-1,1,1,1,1,-1,1,1,-1,1,1,-1,-1,1,1,-1,-1,1,1,-1,1,1,1,1,1,-1,-1,-1,-1,-1,-1,-1,-1,-1,-1,1,1,1,1,-1,1,1,-1,1,1,1,1,-1,1,-1,1,1,1,1,-1,1,-1,1,1,1,1,-1,1,-1,1,1,1,1,-1,1,-1,1,1,1,-1,-1,1,-1,1,1,1,-1,-1,-1,1,-1,1,1,1,-1,1,-1,1,1,-2672.0,1,2000,445,500,False
441,1,1,-1,-1,1,-1,-1,-1,1,1,1,-1,1,1,-1,1,-1,1,-1,-1,-1,1,1,1,1,-1,-1,-1,1,1,1,1,-1,-1,-1,-1,1,1,1,1,-1,-1,1,1,1,1,1,-1,1,1,1,1,-1,1,-1,-1,1,-1,1,1,1,-1,-1,1,1,1,1,1,-1,-1,1,1,1,1,1,-1,-1,-1,1,1,1,-1,-1,-1,1,1,1,1,-1,-1,-1,1,1,1,1,-1,-1,1,1,-1,1,1,-1,-1,1,1,1,1,1,-1,-1,1,1,-1,1,1,-1,-1,1,1,1,1,1,1,-1,1,1,1,-1,1,1,-1,1,1,1,1,1,1,-1,-1,1,1,1,1,1,-1,1,1,1,1,1,1,-1,-1,-1,1,1,1,1,-1,1,-1,1,1,-1,1,-1,1,-1,1,1,1,-1,-1,1,1,1,1,1,-1,1,-1,-1,1,1,1,-1,1,1,1,1,-1,1,1,1,1,-1,1,-1,1,-1,1,1,-1,1,-1,1,1,-1,1,-1,1,-1,1,-1,1,1,-1,-1,-1,1,1,1,1,-1,-1,1,1,-1,-1,1,-1,1,-1,1,1,-1,1,-1,1,-1,1,-1,1,1,-1,-1,-1,1,1,-1,1,-1,1,1,1,-1,1,1,-1,-1,-1,1,-1,1,-1,1,-1,1,1,-1,1,-1,-1,-1,1,1,-1,1,-1,1,-1,1,1,-1,-1,1,1,-1,-1,1,1,-1,1,1,-1,1,1,1,1,-1,1,-1,1,1,-1,1,-1,1,1,-1,1,1,1,1,1,-1,-1,1,-1,-1,-1,1,1,-1,1,1,1,-1,1,-1,-1,1,1,1,1,1,-1,1,1,1,-1,1,1,-1,1,1,1,-1,1,1,-1,-1,1,1,1,-1,1,-1,1,1,1,-1,1,1,-1,1,1,1,-1,1,-1,-1,1,1,1,-1,1,-1,-1,-1,1,1,-1,1,-1,-1,1,-1,1,-1,1,1,-1,-1,1,1,1,-1,1,-1,-1,1,1,-1,1,-1,1,-1,-1,-1,-1,1,1,-1,-1,1,1,-1,1,1,-1,-1,1,1,1,1,1,-1,1,1,1,-1,1,-1,-1,-1,-1,1,1,-1,1,-1,-1,1,-1,1,-1,-1,-1,-1,-1,-1,1,-1,-1,-1,1,-1,1,1,-1,1,1,1,1,-1,1,-1,1,-1,-1,1,-1,1,-1,1,1,-1,1,-1,-1,1,1,-1,-1,1,-1,1,1,1,-1,-1,1,-1,1,-1,1,-1,1,1,-1,1,-1,-1,-1,1,1,-1,1,-1,-1,-1,1,-1,1,1,-1,-1,1,1,-1,-1,1,-1,-1,-1,1,-1,1,-1,-1,-1,-1,1,-1,-1,1,-1,-1,-1,1,1,-1,1,-1,-1,-1,1,1,-1,1,-1,1,-1,1,-1,-1,1,-1,-1,1,-1,1,-1,-1,1,-1,1,-1,1,-1,-1,1,-1,-1,1,1,1,-1,1,-1,1,-1,1,-1,1,-1,-1,1,-1,1,-1,-1,1,-1,1,1,-1,1,-1,1,-1,1,1,-1,1,1,1,1,-1,1,-1,1,-1,1,-1,-1,1,-1,-1,1,1,1,-1,1,-1,-1,-1,1,-1,-1,1,-1,1,1,1,1,-1,1,-1,-1,1,1,-1,-1,1,-1,-1,-1,1,1,-1,-1,1,1,-1,1,-1,-1,1,1,1,-1,1,1,-1,-1,1,1,-1,1,-1,-1,1,1,1,1,-1,1,-1,1,-1,1,1,1,1,-1,-1,1,1,1,-1,-1,-1,1,1,1,1,1,-1,-1,-1,1,1,1,-1,-1,-1,-1,1,1,1,1,-1,-1,-1,1,1,1,1,-1,-1,1,1,1,1,1,-1,-1,-1,1,1,-1,1,-1,-1,-1,1,1,1,1,-1,-1,1,1,1,1,1,-1,1,1,-1,1,1,-1,-1,-1,1,1,1,-1,1,-1,1,1,1,1,1,1,-1,-1,1,-1,1,-1,1,-1,-1,1,-1,1,1,-1,-1,-1,1,-1,1,1,-1,-1,-1,1,1,1,-1,1,-1,1,-1,-1,1,-1,-1,-1,-1,1,1,-1,-1,-1,-1,-1,1,-1,1,-1,-1,-1,-1,1,-1,-1,1,-1,-1,-1,1,-1,-1,1,-1,-1,-1,-1,-1,-1,1,-1,-1,-1,-1,-1,1,-1,-1,-1,1,-1,-1,1,-1,1,-1,-1,-1,-1,-1,-1,-1,1,-1,-1,-1,1,1,-1,-1,-1,-1,1,-1,-1,-1,-1,1,-1,-1,1,-1,1,-1,-1,-1,-1,1,-1,1,1,-1,1,-1,-1,1,1,-1,-1,-1,-1,-1,-1,1,1,-1,-1,1,-1,1,1,-1,-1,-1,1,-1,-1,1,-1,-1,1,-1,-1,1,1,1,-1,1,-1,1,1,1,-1,-1,1,-1,-1,1,1,1,-1,1,-1,-1,1,1,-1,1,1,-1,-1,1,1,-1,1,1,-1,-1,1,1,-1,1,1,-1,-1,1,1,1,1,1,1,-1,1,1,1,-1,1,-1,-1,1,-1,1,1,1,1,-1,-1,1,-1,1,1,1,-1,1,1,1,1,-1,1,-1,1,1,1,1,1,1,1,-1,-1,1,1,1,-1,1,-1,1,1,1,1,1,-1,1,1,1,1,-1,1,1,-1,-1,1,-1,1,1,-1,-1,1,1,1,1,-1,1,-1,1,1,1,-1,-1,1,-1,1,1,1,-1,1,-1,-1,-1,1,1,-1,-1,1,-1,-1,1,1,-1,-1,1,-1,1,1,1,1,-1,1,-1,-1,1,1,-1,-1,-1,1,1,-1,1,-1,1,1,-1,1,1,-1,-1,1,1,-1,-1,1,1,-1,1,1,1,1,1,-1,-1,-1,-1,-1,-1,-1,-1,-1,-1,1,1,1,1,-1,1,1,-1,1,1,1,1,-1,1,-1,1,1,1,1,-1,1,-1,1,1,1,1,-1,1,-1,1,1,1,1,-1,1,-1,1,1,1,-1,-1,1,-1,1,1,1,-1,-1,-1,1,-1,1,1,1,-1,1,-1,1,1,-2672.0,1,2000,445,500,False
442,1,1,-1,-1,1,1,-1,-1,1,1,1,-1,-1,1,1,1,-1,1,-1,-1,-1,-1,1,1,1,-1,-1,-1,1,1,1,1,-1,-1,-1,-1,1,-1,1,1,-1,-1,-1,1,1,1,1,-1,1,1,1,1,-1,1,-1,-1,1,-1,1,1,1,-1,-1,-1,1,1,1,1,-1,-1,-1,1,1,1,1,-1,-1,-1,1,1,1,-1,-1,-1,1,1,1,1,-1,-1,-1,1,1,1,1,-1,-1,1,1,-1,1,1,-1,-1,1,1,1,1,1,-1,-1,1,1,1,1,1,-1,-1,1,1,1,1,1,1,-1,1,1,1,-1,1,1,-1,1,1,1,1,1,1,-1,-1,1,1,1,1,1,-1,1,1,1,1,1,1,-1,-1,-1,1,1,1,1,-1,1,1,1,1,-1,1,-1,1,-1,1,1,1,-1,-1,1,1,1,1,1,-1,1,-1,-1,1,-1,1,-1,1,1,1,1,1,1,1,1,1,-1,1,-1,1,-1,1,1,-1,1,-1,1,1,-1,1,-1,1,-1,1,-1,1,1,-1,1,-1,1,1,1,1,-1,-1,1,1,-1,-1,1,-1,1,-1,1,1,1,1,-1,1,-1,1,-1,1,1,-1,-1,-1,1,1,-1,1,-1,1,1,1,-1,1,1,-1,1,-1,1,-1,1,-1,1,-1,1,1,-1,1,-1,-1,-1,1,1,-1,1,-1,-1,-1,1,1,-1,-1,1,1,-1,-1,1,1,-1,1,1,-1,1,1,1,-1,-1,1,-1,1,1,-1,1,-1,1,1,1,1,1,-1,-1,1,-1,-1,1,-1,1,-1,1,1,-1,1,1,1,-1,1,1,1,1,1,1,-1,1,-1,1,1,1,1,-1,1,-1,1,1,1,-1,1,1,-1,-1,1,1,-1,1,1,-1,1,1,1,1,1,1,-1,1,1,1,1,1,1,-1,1,1,1,1,1,1,-1,-1,1,1,-1,1,1,-1,1,-1,1,-1,1,1,1,-1,1,1,1,1,1,1,-1,1,1,1,-1,1,1,-1,-1,-1,-1,1,1,1,-1,1,1,-1,1,1,-1,-1,1,1,1,1,1,-1,1,1,1,-1,1,1,1,1,-1,1,1,1,-1,1,-1,1,1,1,1,1,1,-1,-1,-1,1,-1,-1,1,-1,1,-1,1,1,1,1,1,1,-1,1,-1,-1,1,-1,1,-1,1,1,1,1,1,1,-1,-1,1,-1,1,1,-1,-1,1,1,1,-1,1,1,-1,-1,1,-1,1,1,-1,-1,1,1,1,1,-1,1,-1,1,-1,-1,1,-1,-1,-1,1,-1,1,1,-1,-1,-1,1,-1,1,1,1,-1,-1,1,1,-1,1,-1,-1,-1,1,-1,1,1,-1,1,-1,1,1,-1,1,-1,-1,-1,-1,-1,-1,1,-1,-1,-1,1,-1,-1,1,-1,-1,-1,-1,1,-1,1,-1,-1,-1,-1,1,-1,-1,1,1,1,-1,1,-1,1,-1,1,-1,1,-1,-1,-1,1,-1,-1,1,1,1,-1,1,-1,1,1,1,-1,1,1,-1,-1,-1,1,-1,-1,1,-1,-1,1,1,1,-1,1,-1,-1,1,1,-1,-1,1,-1,-1,1,1,-1,-1,1,-1,-1,-1,1,1,-1,1,-1,-1,-1,1,-1,-1,1,-1,1,-1,1,1,-1,-1,1,-1,-1,-1,-1,-1,1,1,1,-1,-1,1,-1,-1,1,-1,-1,1,-1,-1,1,1,-1,-1,1,-1,-1,1,1,-1,1,-1,1,-1,-1,1,1,-1,-1,-1,-1,-1,1,-1,-1,1,-1,-1,-1,1,1,-1,-1,-1,-1,-1,1,-1,-1,-1,-1,-1,1,1,1,-1,-1,-1,-1,-1,1,1,-1,-1,-1,-1,-1,1,1,1,-1,-1,-1,-1,1,1,-1,-1,-1,-1,1,1,1,1,1,-1,1,1,1,1,1,1,-1,-1,1,1,1,1,-1,-1,1,1,1,1,-1,1,-1,-1,1,-1,1,-1,1,-1,-1,1,-1,1,1,1,-1,-1,1,-1,1,-1,1,1,-1,1,-1,1,1,1,1,-1,1,-1,1,1,1,-1,-1,1,1,-1,1,1,-1,-1,1,-1,1,-1,1,-1,-1,-1,-1,-1,1,1,-1,-1,1,-1,-1,1,1,-1,-1,-1,-1,1,-1,1,-1,-1,-1,-1,1,-1,-1,-1,1,-1,-1,1,-1,1,-1,-1,-1,-1,-1,-1,1,1,-1,-1,-1,1,1,1,-1,-1,-1,1,-1,-1,1,-1,1,-1,-1,1,1,1,-1,-1,-1,-1,1,-1,1,1,-1,1,-1,-1,1,1,-1,-1,-1,-1,-1,-1,1,1,-1,-1,1,-1,1,1,-1,-1,-1,1,-1,1,1,-1,-1,1,-1,-1,1,1,1,-1,1,-1,1,1,1,-1,-1,1,-1,-1,1,1,1,-1,1,-1,-1,1,1,-1,1,1,-1,-1,1,1,1,1,1,-1,-1,1,1,-1,1,1,-1,-1,1,1,1,1,-1,1,-1,-1,1,1,-1,1,-1,-1,1,-1,1,1,1,1,-1,-1,1,-1,1,-1,1,-1,1,1,1,1,-1,1,-1,1,1,1,1,1,1,-1,-1,1,1,1,1,-1,1,-1,1,1,1,1,1,-1,1,1,1,1,-1,-1,1,-1,1,1,-1,1,-1,-1,-1,1,1,1,-1,1,1,-1,1,1,1,-1,-1,-1,-1,1,1,1,-1,-1,1,-1,-1,1,1,-1,1,-1,-1,-1,1,1,-1,1,-1,1,-1,1,1,1,1,1,-1,-1,1,1,-1,-1,1,1,-1,1,1,-1,1,-1,-1,1,1,-1,-1,1,-1,-1,-1,1,1,-1,1,1,-1,1,1,-1,-1,-1,-1,1,-1,-1,-1,-1,1,-1,-1,1,1,-1,1,1,-1,1,1,1,1,-1,1,-1,1,1,1,1,-1,1,-1,-1,1,1,1,-1,1,-1,1,1,1,1,-1,1,-1,1,1,1,-1,-1,1,-1,-1,1,1,-1,-1,-1,1,-1,1,-1,1,-1,1,-1,-1,1,-2672.0,1,2000,445,500,False
443,1,1,-1,-1,1,1,-1,-1,1,1,1,-1,1,1,1,1,-1,1,-1,-1,-1,-1,1,1,1,-1,-1,-1,1,1,1,1,-1,-1,-1,-1,1,1,1,1,-1,-1,-1,1,1,1,1,-1,1,1,1,1,-1,1,-1,-1,1,-1,1,1,1,-1,-1,-1,1,1,1,1,-1,-1,-1,1,1,1,1,-1,-1,-1,1,1,1,-1,-1,-1,1,1,1,1,-1,-1,1,1,1,1,1,-1,-1,-1,1,-1,1,1,-1,-1,1,1,1,1,1,-1,-1,-1,1,-1,1,1,-1,-1,1,1,1,1,1,1,-1,-1,1,1,-1,1,1,-1,1,1,1,1,1,1,-1,1,1,1,1,1,1,-1,1,1,1,1,1,1,-1,-1,-1,1,1,1,1,-1,1,1,1,1,-1,1,-1,1,-1,1,1,1,-1,-1,1,1,1,1,1,-1,1,-1,-1,1,-1,1,-1,1,1,1,1,1,1,1,1,1,-1,1,-1,1,-1,1,1,-1,1,-1,1,1,-1,1,-1,1,-1,1,-1,1,1,-1,1,-1,1,1,1,1,-1,-1,1,1,-1,-1,1,-1,1,-1,1,1,-1,1,-1,1,-1,1,-1,-1,1,-1,-1,-1,1,1,-1,1,-1,1,1,1,-1,1,1,-1,1,-1,1,-1,1,-1,1,-1,1,1,-1,1,-1,-1,-1,1,1,-1,1,-1,-1,-1,1,1,-1,-1,1,1,-1,-1,1,1,-1,1,1,-1,1,1,1,1,-1,1,-1,1,1,-1,1,-1,1,1,-1,1,1,1,1,1,-1,-1,1,-1,-1,1,1,1,-1,1,1,1,-1,1,-1,-1,1,1,1,1,1,-1,1,1,1,-1,1,1,-1,1,1,1,-1,1,1,-1,-1,1,1,1,-1,1,-1,1,1,1,-1,1,1,-1,1,1,1,-1,1,-1,-1,1,1,1,-1,1,-1,-1,-1,1,1,-1,1,-1,-1,1,-1,1,-1,1,1,-1,-1,1,1,1,-1,1,-1,-1,1,1,-1,1,-1,-1,-1,-1,-1,-1,1,1,-1,-1,1,1,-1,1,-1,-1,-1,1,1,1,1,-1,-1,1,1,1,-1,1,-1,-1,-1,-1,1,1,-1,1,-1,-1,1,-1,1,-1,-1,-1,1,-1,-1,1,-1,1,-1,-1,1,-1,1,-1,-1,-1,1,1,-1,1,-1,1,-1,-1,1,-1,1,-1,-1,-1,-1,1,-1,-1,1,1,-1,-1,1,-1,1,1,-1,1,-1,1,-1,1,-1,1,-1,-1,1,-1,-1,-1,-1,-1,1,1,-1,1,-1,1,-1,1,-1,1,1,-1,1,-1,1,-1,-1,1,-1,-1,-1,1,-1,1,-1,1,1,-1,1,-1,-1,1,-1,-1,1,-1,1,-1,1,-1,1,-1,1,1,-1,-1,-1,1,-1,1,-1,-1,1,-1,1,1,1,1,-1,-1,1,1,-1,1,1,-1,-1,1,1,1,-1,1,1,-1,1,1,1,1,-1,1,1,-1,-1,-1,1,-1,-1,1,-1,1,-1,1,-1,1,-1,-1,-1,1,1,-1,1,1,-1,-1,-1,1,-1,1,1,-1,1,-1,1,-1,-1,-1,-1,-1,-1,1,-1,-1,-1,-1,-1,-1,1,-1,1,1,1,1,-1,1,-1,1,1,-1,-1,-1,1,-1,-1,1,-1,1,-1,-1,1,1,1,1,-1,-1,1,1,1,1,-1,1,-1,-1,1,1,1,-1,-1,-1,1,1,1,1,-1,1,-1,1,-1,1,-1,1,1,-1,-1,1,1,1,-1,-1,-1,-1,1,1,1,1,-1,-1,-1,1,1,1,1,-1,-1,-1,1,1,1,-1,-1,-1,1,1,1,1,1,-1,-1,-1,1,1,1,1,-1,-1,-1,1,1,-1,1,-1,-1,-1,1,1,1,1,-1,-1,1,1,1,1,-1,-1,1,1,-1,1,1,-1,-1,-1,1,1,1,1,1,-1,1,1,1,1,1,-1,-1,-1,1,-1,1,-1,-1,-1,-1,1,-1,1,1,-1,-1,-1,1,-1,1,1,-1,-1,-1,1,1,1,1,-1,-1,-1,1,-1,1,1,-1,-1,-1,1,1,-1,-1,-1,-1,-1,1,-1,1,-1,-1,-1,-1,-1,-1,-1,1,-1,-1,-1,1,-1,-1,1,-1,-1,-1,-1,-1,-1,1,-1,-1,-1,-1,-1,1,-1,-1,-1,1,-1,-1,1,-1,1,-1,-1,-1,-1,-1,-1,-1,1,-1,-1,-1,1,1,-1,-1,-1,-1,1,-1,-1,-1,-1,1,-1,-1,1,1,1,-1,-1,-1,-1,1,-1,1,1,-1,1,-1,-1,1,1,-1,-1,-1,-1,-1,-1,1,1,-1,-1,1,-1,1,1,-1,-1,-1,1,-1,1,1,-1,-1,1,-1,-1,1,1,1,-1,1,-1,1,1,1,-1,-1,1,-1,-1,1,1,1,-1,1,-1,-1,1,1,-1,1,1,-1,-1,1,1,-1,1,1,-1,-1,1,1,-1,1,1,-1,-1,1,1,1,1,-1,1,-1,1,1,1,-1,1,-1,-1,1,-1,1,1,1,1,-1,-1,1,-1,1,1,1,-1,1,1,1,1,-1,1,-1,1,1,1,1,1,1,1,-1,1,1,1,1,-1,1,-1,1,1,1,1,1,-1,1,1,1,1,-1,1,1,-1,1,1,-1,1,1,-1,-1,1,1,1,1,-1,1,-1,1,1,1,-1,-1,1,-1,1,1,1,-1,1,-1,-1,-1,1,1,-1,-1,1,-1,-1,1,1,-1,-1,1,-1,1,1,1,1,-1,1,-1,-1,1,1,-1,-1,-1,1,1,1,1,-1,1,1,-1,1,1,-1,-1,1,1,-1,-1,1,1,-1,1,1,1,1,1,-1,-1,-1,-1,1,-1,-1,-1,-1,-1,1,1,1,1,-1,1,1,-1,1,1,1,1,-1,1,-1,1,1,1,-1,-1,1,-1,1,1,1,-1,-1,1,-1,1,1,1,-1,-1,1,-1,1,1,1,1,-1,1,-1,1,1,1,1,-1,-1,1,-1,1,-1,1,-1,1,-1,1,1,-2672.0,1,2000,445,500,False
444,1,1,-1,-1,1,1,-1,-1,1,1,1,-1,-1,1,1,1,-1,1,-1,-1,-1,-1,1,1,1,-1,-1,-1,1,1,1,1,1,-1,-1,-1,1,-1,1,1,-1,-1,-1,1,1,1,1,-1,1,1,1,1,-1,1,-1,-1,1,-1,1,1,1,-1,-1,-1,1,1,1,1,-1,-1,-1,1,1,1,1,-1,-1,-1,1,1,1,-1,-1,-1,1,1,1,1,-1,-1,-1,1,1,1,1,-1,-1,1,1,-1,1,1,-1,-1,1,1,1,1,1,-1,-1,-1,1,1,1,1,-1,-1,1,1,1,1,1,1,-1,-1,1,1,-1,1,1,-1,1,1,1,1,1,1,-1,1,1,1,1,1,1,-1,1,1,1,1,1,1,-1,-1,-1,1,1,1,1,-1,1,1,1,1,-1,1,-1,1,-1,1,1,1,-1,-1,1,1,1,1,1,-1,1,-1,-1,1,-1,1,-1,1,1,1,1,1,1,1,1,1,-1,1,-1,1,-1,1,1,-1,1,-1,1,1,-1,1,-1,1,-1,1,-1,1,1,-1,1,-1,1,1,1,1,-1,-1,1,1,-1,-1,1,-1,1,-1,1,1,-1,1,-1,1,-1,1,-1,1,1,-1,1,-1,1,1,-1,1,-1,1,1,1,-1,1,-1,-1,1,-1,1,-1,1,1,1,-1,1,1,-1,1,-1,-1,-1,1,1,-1,1,-1,-1,-1,1,1,-1,-1,1,1,-1,-1,1,1,-1,1,1,-1,1,1,1,1,-1,1,-1,1,1,-1,1,-1,1,1,-1,1,1,1,1,1,-1,-1,1,-1,-1,1,1,1,-1,1,1,1,-1,1,-1,-1,1,1,1,1,1,-1,1,1,1,-1,1,1,-1,1,1,1,-1,1,1,-1,-1,1,1,1,-1,1,-1,1,1,1,-1,1,1,-1,1,1,1,-1,1,-1,-1,1,1,1,-1,1,-1,-1,-1,1,1,-1,1,-1,-1,1,-1,1,-1,1,1,-1,-1,1,1,1,-1,1,-1,-1,1,1,-1,1,-1,-1,-1,-1,-1,-1,1,-1,-1,-1,1,1,-1,1,-1,-1,-1,1,1,1,1,-1,-1,1,1,1,-1,1,-1,-1,-1,-1,1,1,-1,1,-1,-1,1,-1,1,-1,-1,-1,1,-1,-1,1,-1,1,-1,-1,1,-1,1,-1,-1,-1,1,1,-1,1,-1,1,-1,-1,1,-1,1,-1,-1,-1,-1,1,-1,-1,1,1,-1,-1,1,-1,1,1,-1,1,-1,1,-1,1,-1,1,-1,-1,1,-1,1,-1,-1,-1,1,1,-1,1,-1,1,-1,1,-1,1,1,-1,1,-1,1,-1,-1,1,-1,-1,-1,1,-1,1,-1,1,1,-1,1,-1,-1,1,-1,-1,1,-1,1,-1,1,-1,1,-1,1,1,-1,-1,-1,1,-1,1,-1,-1,1,-1,1,1,1,1,-1,-1,1,1,-1,1,1,1,-1,1,1,1,-1,1,1,-1,1,1,1,1,1,-1,1,-1,-1,-1,1,-1,1,1,-1,1,-1,1,-1,1,-1,-1,-1,1,1,-1,1,1,-1,-1,-1,1,-1,1,1,-1,1,-1,1,-1,-1,-1,-1,-1,-1,1,-1,-1,-1,-1,-1,-1,1,-1,1,1,1,1,-1,1,-1,1,1,-1,-1,-1,1,-1,-1,1,-1,1,-1,-1,1,1,1,1,-1,-1,1,1,1,1,-1,1,-1,-1,1,1,1,-1,-1,-1,-1,1,1,1,-1,-1,-1,1,-1,1,-1,1,1,-1,-1,1,1,1,-1,-1,-1,-1,1,1,1,1,-1,-1,-1,1,1,1,1,-1,-1,-1,1,1,1,-1,-1,-1,1,1,1,1,1,-1,-1,-1,1,1,1,1,-1,-1,-1,1,1,-1,1,-1,-1,-1,1,1,1,1,-1,-1,1,1,1,1,-1,-1,1,1,-1,1,1,-1,-1,-1,1,1,1,1,1,-1,1,1,1,1,1,-1,-1,-1,1,-1,1,-1,-1,-1,-1,1,-1,1,1,-1,-1,-1,1,-1,1,1,-1,1,-1,1,1,1,1,-1,1,-1,1,-1,1,1,-1,-1,-1,1,1,-1,-1,-1,-1,-1,1,-1,1,-1,-1,-1,-1,-1,-1,-1,1,-1,-1,-1,1,-1,-1,1,-1,-1,-1,-1,-1,1,1,-1,-1,-1,-1,-1,1,-1,-1,-1,1,-1,-1,1,-1,1,-1,-1,-1,-1,-1,-1,-1,1,-1,-1,-1,1,1,1,-1,-1,-1,1,-1,-1,-1,-1,1,-1,-1,1,1,1,-1,-1,-1,-1,1,-1,1,1,-1,1,-1,-1,1,1,-1,-1,-1,-1,-1,-1,1,1,-1,-1,1,-1,1,1,-1,-1,-1,1,-1,1,1,-1,-1,1,-1,-1,1,1,1,-1,1,-1,1,1,1,-1,-1,1,-1,-1,1,1,1,-1,1,-1,-1,1,1,-1,1,1,-1,-1,1,1,-1,1,1,-1,-1,1,1,1,1,1,-1,-1,1,1,1,1,1,1,-1,1,1,1,-1,1,-1,-1,1,-1,1,1,1,1,-1,-1,1,-1,1,1,1,-1,1,1,1,1,-1,1,-1,1,1,1,1,1,1,1,-1,-1,1,1,1,-1,1,-1,1,1,1,1,1,-1,1,1,1,1,-1,1,1,-1,1,1,-1,1,1,-1,-1,1,1,1,1,-1,1,-1,1,1,1,-1,-1,1,-1,1,1,1,-1,1,-1,-1,-1,1,1,-1,-1,1,-1,-1,1,1,1,-1,1,-1,1,1,1,1,-1,1,-1,-1,1,1,-1,-1,-1,1,1,1,1,-1,1,1,-1,1,1,-1,-1,1,1,-1,-1,1,1,-1,1,1,1,1,1,-1,-1,-1,-1,-1,-1,-1,-1,-1,-1,1,1,1,1,-1,1,1,-1,1,1,1,1,-1,1,-1,1,1,1,-1,-1,1,-1,1,1,1,-1,1,1,-1,1,1,1,-1,-1,1,-1,1,1,1,1,-1,1,-1,1,1,1,-1,-1,1,1,-1,1,-1,1,-1,1,-1,1,1,-2672.0,1,2000,445,500,False
445,1,1,-1,-1,1,1,-1,-1,1,1,1,-1,1,1,1,1,-1,1,1,-1,1,-1,1,1,1,1,-1,-1,1,1,1,1,-1,-1,-1,-1,1,-1,1,1,-1,-1,-1,1,1,1,1,-1,1,1,1,1,-1,1,-1,-1,1,-1,1,1,1,-1,-1,-1,1,1,1,1,-1,-1,-1,1,1,1,1,-1,-1,-1,1,1,1,-1,-1,-1,1,1,1,1,-1,1,-1,1,1,1,1,-1,-1,1,1,-1,1,1,-1,-1,1,1,1,1,1,-1,-1,1,1,1,1,1,-1,-1,1,1,1,1,1,1,-1,1,1,1,-1,1,1,-1,1,1,1,1,1,1,-1,-1,1,1,1,1,1,-1,1,1,1,1,1,1,-1,-1,-1,1,1,1,1,-1,1,1,1,1,-1,1,-1,1,-1,1,1,1,-1,-1,1,1,1,1,1,-1,1,-1,-1,1,1,1,-1,1,1,1,1,-1,1,1,1,1,1,1,-1,1,-1,1,1,-1,1,-1,1,1,-1,1,-1,1,-1,1,-1,1,1,-1,1,-1,1,1,1,1,-1,-1,1,1,-1,-1,1,-1,1,-1,1,1,-1,1,-1,1,-1,1,-1,1,1,-1,-1,-1,1,1,-1,1,-1,1,1,1,-1,1,1,-1,-1,-1,1,-1,1,-1,1,-1,1,1,-1,1,-1,-1,-1,1,1,-1,1,-1,-1,-1,1,1,-1,-1,1,1,-1,-1,1,1,-1,1,1,-1,1,1,1,1,-1,1,-1,1,1,-1,1,-1,1,1,-1,1,1,1,1,1,-1,-1,1,-1,-1,-1,1,1,-1,1,1,1,-1,1,-1,-1,1,1,1,1,1,-1,1,1,1,-1,-1,1,-1,1,1,1,-1,1,1,-1,-1,1,1,1,-1,1,-1,1,1,1,-1,1,1,-1,1,1,1,-1,1,-1,-1,1,1,1,-1,1,-1,-1,-1,1,1,-1,1,-1,-1,1,-1,1,-1,1,1,-1,-1,1,1,1,-1,1,-1,-1,1,1,-1,1,-1,1,-1,-1,-1,-1,1,1,-1,-1,1,1,-1,1,1,-1,-1,1,1,1,1,1,-1,1,1,1,-1,1,-1,-1,-1,-1,1,1,1,1,-1,-1,1,1,1,1,-1,-1,-1,-1,-1,1,-1,-1,-1,1,-1,1,1,-1,1,-1,1,1,-1,1,-1,1,-1,-1,1,-1,1,1,1,1,-1,1,-1,-1,1,1,-1,-1,1,-1,1,1,1,-1,-1,1,-1,-1,1,1,-1,1,1,-1,1,1,-1,-1,1,1,-1,1,-1,-1,-1,1,-1,-1,1,-1,-1,-1,1,-1,-1,1,-1,-1,-1,1,-1,-1,1,1,-1,-1,1,-1,-1,1,-1,-1,-1,1,1,-1,1,1,-1,-1,1,1,-1,-1,-1,1,-1,1,-1,-1,1,-1,-1,1,-1,1,-1,-1,1,-1,1,-1,1,-1,-1,1,-1,-1,1,1,1,-1,1,-1,1,-1,-1,1,1,-1,-1,-1,1,-1,-1,-1,1,1,-1,1,-1,1,-1,1,-1,1,1,-1,1,1,1,-1,-1,1,-1,1,-1,1,1,-1,1,-1,-1,1,1,-1,-1,1,-1,-1,-1,1,-1,-1,1,-1,1,1,1,1,-1,1,-1,-1,1,1,-1,-1,1,-1,-1,-1,1,1,-1,-1,1,1,-1,-1,-1,-1,1,1,1,1,1,1,-1,-1,1,1,-1,1,-1,-1,1,1,1,1,-1,-1,-1,1,-1,1,1,1,1,-1,-1,1,1,1,-1,-1,-1,1,1,1,1,1,-1,-1,-1,1,1,1,-1,-1,-1,-1,1,1,1,1,-1,-1,1,1,1,1,1,-1,-1,-1,1,1,1,1,-1,-1,-1,1,1,-1,1,-1,-1,-1,1,1,1,1,-1,-1,1,1,1,1,1,-1,1,1,-1,1,1,-1,-1,-1,1,1,1,1,1,-1,1,1,1,1,1,1,-1,-1,1,-1,1,-1,1,-1,-1,1,-1,1,-1,-1,-1,-1,1,-1,1,1,-1,1,-1,1,1,1,-1,1,1,1,-1,-1,1,-1,-1,-1,-1,1,1,-1,-1,-1,-1,-1,1,-1,1,-1,-1,-1,-1,-1,-1,-1,1,-1,-1,-1,1,-1,-1,1,-1,-1,-1,-1,-1,1,1,-1,-1,-1,-1,-1,1,-1,-1,-1,1,-1,-1,1,-1,1,-1,-1,-1,-1,-1,-1,-1,1,-1,-1,-1,1,1,-1,-1,-1,-1,1,-1,-1,-1,-1,1,-1,-1,1,-1,1,-1,-1,-1,-1,1,-1,1,1,-1,1,-1,-1,1,1,-1,-1,-1,-1,-1,-1,1,1,-1,-1,1,-1,1,1,-1,-1,-1,1,-1,1,1,-1,-1,1,-1,-1,1,1,1,-1,1,-1,1,1,1,-1,-1,1,-1,-1,1,1,1,-1,1,-1,-1,1,1,-1,1,1,-1,-1,1,1,-1,1,1,-1,-1,1,1,-1,1,1,-1,-1,1,1,1,1,1,1,-1,-1,1,-1,1,1,-1,-1,1,-1,1,1,1,1,-1,-1,1,-1,1,1,1,-1,1,1,1,1,-1,1,-1,1,1,1,1,1,1,1,-1,1,1,1,1,-1,1,-1,1,1,1,1,1,-1,1,1,1,1,-1,1,1,-1,1,1,-1,1,1,-1,-1,1,1,1,1,-1,1,-1,1,1,1,-1,-1,1,-1,1,1,1,-1,1,-1,-1,-1,1,1,-1,-1,1,-1,-1,1,1,1,-1,1,-1,-1,1,1,1,-1,1,-1,-1,1,1,-1,-1,-1,1,-1,1,1,-1,1,1,-1,1,1,-1,-1,1,1,-1,-1,-1,1,-1,1,1,-1,1,1,-1,-1,1,-1,1,-1,-1,-1,-1,1,-1,-1,1,1,-1,1,1,-1,1,1,1,1,-1,1,-1,1,1,1,1,-1,1,-1,-1,1,1,1,-1,1,-1,1,1,1,1,-1,1,-1,1,1,-1,-1,-1,1,-1,-1,1,1,-1,-1,-1,1,-1,1,-1,1,-1,1,-1,-1,1,-2672.0,1,2000,445,500,False
446,1,1,-1,-1,1,1,-1,-1,1,1,1,-1,1,1,1,1,-1,1,-1,-1,1,-1,1,1,1,-1,1,-1,1,1,1,1,1,-1,-1,-1,1,-1,1,1,-1,-1,-1,1,1,1,1,-1,1,1,1,1,-1,1,-1,-1,1,-1,1,1,-1,-1,-1,-1,1,1,1,1,-1,-1,-1,1,1,1,1,-1,-1,-1,1,1,1,-1,-1,-1,1,1,1,1,-1,-1,-1,1,1,1,1,-1,-1,1,1,-1,1,1,-1,-1,1,1,1,1,1,-1,-1,1,1,1,1,1,-1,-1,1,1,1,1,1,1,-1,1,1,1,-1,1,1,-1,1,1,1,1,1,1,-1,-1,1,1,1,1,1,-1,1,1,1,1,1,1,-1,-1,-1,1,1,1,1,-1,1,1,1,1,-1,1,-1,1,-1,1,1,1,-1,-1,1,1,1,1,1,-1,1,-1,-1,1,-1,1,-1,1,1,1,1,1,1,1,1,1,-1,1,-1,1,-1,1,1,-1,1,-1,1,1,-1,1,-1,1,-1,1,-1,1,1,-1,1,-1,1,1,1,1,-1,-1,1,1,-1,-1,1,-1,1,-1,1,1,-1,1,-1,1,-1,1,-1,1,1,-1,-1,-1,1,1,-1,1,-1,1,1,1,-1,1,1,-1,-1,-1,1,-1,1,-1,1,-1,1,1,-1,1,-1,-1,-1,1,1,-1,1,-1,-1,-1,1,1,-1,-1,1,1,-1,-1,1,1,-1,1,1,-1,1,1,1,1,-1,1,-1,1,1,-1,1,-1,1,1,1,1,1,1,1,1,-1,-1,1,-1,-1,1,1,1,-1,1,1,1,-1,1,1,1,1,1,1,1,1,-1,1,1,1,-1,1,1,-1,1,1,1,-1,1,1,-1,-1,1,1,1,-1,1,-1,1,1,1,-1,1,1,-1,1,1,1,-1,1,1,-1,1,1,1,-1,1,1,-1,-1,1,1,-1,1,1,-1,1,-1,1,-1,1,1,1,-1,1,1,1,-1,1,1,-1,1,1,-1,1,1,1,-1,-1,-1,-1,1,1,1,-1,1,1,-1,1,1,-1,-1,1,1,1,1,1,-1,1,1,1,-1,1,1,1,1,-1,1,1,-1,-1,1,-1,1,-1,1,-1,1,1,-1,-1,-1,1,-1,-1,1,-1,1,-1,1,-1,1,1,1,-1,-1,1,-1,-1,1,-1,1,-1,1,-1,-1,1,-1,1,-1,-1,1,-1,1,1,-1,-1,1,1,1,-1,1,-1,-1,1,-1,-1,1,1,-1,-1,-1,-1,1,1,-1,1,-1,1,-1,1,1,-1,-1,1,1,-1,1,1,-1,-1,-1,1,-1,1,1,1,-1,1,-1,-1,-1,1,-1,-1,-1,1,-1,1,1,1,-1,-1,1,-1,-1,1,-1,-1,-1,-1,-1,1,1,-1,-1,-1,1,-1,-1,1,-1,-1,-1,-1,1,-1,1,-1,-1,1,-1,1,-1,-1,1,1,1,-1,1,-1,1,-1,1,1,1,-1,-1,-1,1,-1,-1,1,1,1,-1,1,-1,1,1,1,-1,1,1,-1,1,-1,1,-1,-1,1,-1,-1,1,1,1,-1,1,-1,-1,1,1,-1,-1,1,-1,-1,1,1,-1,-1,1,-1,-1,-1,1,1,-1,1,-1,-1,-1,1,-1,-1,1,-1,1,-1,1,1,-1,-1,1,-1,-1,-1,-1,-1,1,1,1,-1,-1,1,-1,-1,1,-1,-1,1,-1,-1,1,1,-1,-1,1,-1,-1,1,1,-1,1,-1,-1,-1,-1,1,1,-1,-1,-1,-1,1,1,-1,-1,1,-1,-1,-1,1,1,-1,-1,-1,-1,-1,1,-1,-1,-1,-1,-1,1,1,1,-1,-1,-1,-1,-1,1,1,-1,-1,-1,-1,-1,1,1,1,-1,-1,-1,-1,1,1,1,-1,-1,-1,1,1,1,1,1,-1,1,1,1,1,1,1,-1,-1,1,1,1,-1,-1,-1,1,1,1,1,-1,1,-1,-1,1,-1,1,-1,1,-1,-1,1,-1,1,1,1,-1,-1,1,-1,1,-1,1,1,-1,1,-1,1,1,1,1,-1,1,-1,1,1,1,-1,-1,1,1,-1,1,1,-1,-1,1,-1,1,-1,1,-1,-1,-1,-1,-1,1,1,-1,-1,1,-1,-1,1,1,-1,-1,-1,-1,1,-1,1,-1,-1,-1,-1,1,1,-1,-1,1,-1,-1,1,-1,1,-1,-1,-1,-1,-1,1,1,1,-1,-1,-1,1,1,1,-1,-1,-1,1,-1,-1,1,-1,1,-1,-1,1,1,1,-1,-1,-1,-1,1,-1,1,1,-1,1,-1,-1,1,1,-1,-1,-1,-1,-1,-1,1,1,-1,-1,1,-1,1,1,-1,-1,-1,1,-1,1,1,-1,-1,1,-1,-1,1,1,1,-1,1,-1,1,1,1,-1,-1,1,-1,-1,1,1,1,-1,1,-1,-1,1,1,-1,1,1,-1,-1,1,1,1,1,1,-1,-1,1,1,1,1,1,-1,-1,1,1,1,1,1,1,-1,1,1,1,1,1,-1,-1,1,-1,1,1,1,1,-1,-1,1,-1,1,1,1,-1,1,1,1,1,-1,1,-1,1,1,1,1,1,1,1,-1,1,1,1,1,-1,1,-1,1,1,1,1,1,-1,1,1,1,1,-1,1,1,-1,1,1,-1,1,1,-1,-1,1,1,1,1,-1,1,-1,1,1,1,-1,-1,1,-1,1,1,1,-1,1,-1,-1,-1,1,1,-1,-1,1,-1,-1,1,1,-1,-1,1,-1,1,-1,1,1,-1,-1,-1,-1,1,1,-1,-1,-1,1,1,-1,1,-1,1,1,-1,1,1,-1,-1,1,1,-1,-1,1,1,-1,1,1,1,1,1,-1,-1,-1,-1,-1,-1,-1,-1,-1,-1,1,1,1,1,-1,1,1,-1,1,1,1,1,-1,1,-1,1,1,1,1,-1,1,-1,1,1,1,1,-1,1,-1,1,1,1,1,-1,1,-1,1,1,-1,-1,-1,1,-1,1,1,1,-1,-1,-1,1,-1,1,-1,1,-1,1,-1,1,1,-2672.0,1,2000,445,1000,False
447,1,1,-1,-1,1,-1,-1,-1,1,1,1,-1,1,1,1,1,-1,1,-1,-1,-1,-1,1,1,1,-1,-1,-1,1,1,1,1,1,-1,-1,-1,1,1,1,1,-1,-1,-1,1,1,1,1,-1,1,1,1,1,-1,1,-1,-1,1,-1,1,1,1,-1,-1,-1,1,1,1,1,-1,-1,-1,1,1,1,1,-1,-1,-1,1,1,1,-1,-1,-1,1,1,1,1,-1,-1,-1,1,1,1,1,-1,-1,1,1,-1,1,1,-1,-1,1,1,1,1,1,-1,-1,1,1,1,1,1,-1,-1,1,1,1,1,1,1,-1,-1,1,1,-1,1,1,-1,1,1,1,1,1,1,-1,-1,1,1,1,1,1,-1,1,1,1,1,1,1,-1,-1,-1,1,1,1,1,-1,1,1,1,1,-1,1,-1,1,-1,1,1,1,-1,-1,1,1,1,1,1,-1,1,-1,-1,1,-1,1,-1,1,1,1,1,1,1,1,1,1,-1,1,-1,1,-1,1,1,-1,1,-1,1,1,-1,1,-1,1,-1,1,-1,1,1,-1,1,-1,1,1,1,1,-1,-1,1,1,-1,-1,1,-1,1,-1,-1,1,-1,1,-1,1,-1,1,-1,-1,1,-1,-1,-1,1,1,-1,1,-1,1,1,1,-1,1,1,-1,-1,-1,1,-1,1,-1,1,-1,1,1,-1,1,-1,-1,-1,1,1,-1,1,-1,-1,-1,1,1,-1,-1,1,1,-1,-1,1,1,-1,1,1,-1,1,1,1,1,-1,1,-1,1,1,-1,1,-1,1,1,1,1,1,1,1,1,-1,-1,1,-1,-1,1,1,1,-1,1,1,1,-1,1,1,1,1,1,1,1,1,-1,1,1,1,-1,1,1,-1,1,1,1,-1,1,1,-1,-1,1,1,1,-1,1,-1,1,1,1,-1,1,1,-1,1,1,1,-1,1,1,-1,1,1,1,-1,1,1,-1,-1,1,1,-1,1,1,-1,1,-1,1,-1,1,1,1,-1,1,1,1,-1,1,1,-1,1,1,-1,1,1,1,-1,-1,-1,-1,1,1,1,-1,1,1,-1,1,1,-1,-1,1,1,1,1,1,-1,1,1,1,-1,1,1,1,-1,-1,1,1,-1,-1,1,-1,1,-1,1,-1,1,1,-1,-1,-1,1,-1,-1,1,1,-1,1,1,-1,1,1,1,1,-1,1,-1,-1,1,-1,1,-1,1,-1,-1,1,1,1,-1,-1,1,-1,1,1,1,-1,1,1,1,-1,1,1,-1,1,-1,-1,1,1,1,-1,1,-1,1,1,1,1,-1,1,-1,-1,1,1,-1,1,1,-1,-1,1,1,-1,-1,1,-1,1,1,1,-1,1,-1,-1,-1,1,1,-1,-1,1,-1,1,1,1,1,-1,1,-1,-1,-1,1,1,-1,1,-1,1,-1,1,-1,-1,1,-1,-1,1,-1,1,-1,-1,1,-1,1,-1,1,-1,-1,1,-1,-1,1,1,1,-1,1,-1,1,-1,1,1,1,-1,-1,-1,1,-1,-1,1,1,1,-1,1,-1,1,1,1,-1,1,1,-1,1,-1,1,-1,-1,1,-1,-1,1,1,1,-1,1,-1,-1,1,1,-1,-1,1,-1,-1,1,1,-1,-1,1,-1,-1,-1,1,1,-1,1,-1,-1,-1,1,-1,-1,1,-1,1,-1,1,1,-1,-1,1,-1,-1,-1,-1,-1,1,1,1,-1,1,1,-1,-1,1,-1,-1,-1,-1,-1,1,1,-1,-1,-1,-1,-1,1,1,-1,1,1,-1,-1,-1,1,1,-1,-1,-1,-1,1,1,-1,-1,1,-1,-1,-1,1,1,-1,-1,-1,-1,-1,1,-1,-1,1,-1,-1,1,1,1,-1,1,-1,-1,-1,1,1,-1,-1,-1,-1,-1,1,1,1,-1,-1,-1,-1,1,1,-1,-1,-1,-1,1,1,1,1,-1,-1,1,1,1,1,1,-1,-1,-1,1,1,1,1,1,-1,1,1,1,1,-1,1,-1,-1,1,-1,1,-1,1,-1,-1,1,-1,1,-1,-1,-1,-1,1,-1,1,-1,1,-1,-1,1,-1,1,-1,1,-1,-1,1,-1,1,-1,-1,-1,-1,1,1,-1,-1,-1,-1,-1,1,-1,1,-1,-1,-1,-1,-1,-1,-1,1,-1,-1,-1,1,-1,-1,1,-1,-1,-1,-1,-1,1,1,-1,-1,-1,-1,-1,1,-1,-1,-1,1,-1,-1,1,-1,1,-1,-1,-1,-1,-1,-1,-1,1,-1,-1,-1,1,1,1,-1,-1,1,-1,-1,-1,-1,-1,1,-1,-1,1,1,1,-1,-1,-1,-1,1,-1,1,1,-1,1,-1,-1,1,1,-1,-1,-1,-1,-1,-1,1,1,-1,-1,1,-1,1,1,-1,-1,-1,1,-1,1,1,-1,-1,1,-1,-1,1,1,1,-1,1,-1,1,1,1,-1,-1,1,-1,-1,1,-1,1,-1,1,-1,-1,1,1,-1,1,1,-1,-1,1,1,-1,1,1,-1,-1,1,1,1,1,1,-1,-1,1,1,1,1,-1,1,-1,1,1,1,-1,1,-1,-1,1,-1,1,1,1,1,-1,-1,1,-1,1,1,1,-1,1,1,1,1,-1,1,-1,1,1,1,1,1,1,1,-1,-1,1,1,1,-1,1,-1,1,1,1,1,1,-1,1,1,1,1,-1,1,1,-1,1,1,-1,1,1,-1,-1,-1,1,1,1,-1,1,-1,1,1,1,-1,-1,1,-1,1,1,1,-1,1,-1,-1,-1,1,1,-1,-1,1,-1,-1,1,1,1,-1,1,-1,1,1,1,1,-1,1,-1,-1,1,1,-1,-1,-1,1,1,-1,1,-1,1,1,-1,1,1,-1,-1,1,1,-1,-1,1,1,-1,1,1,1,1,1,-1,-1,-1,-1,-1,-1,-1,-1,-1,-1,1,1,1,1,-1,1,1,-1,1,1,1,1,-1,1,-1,1,1,1,1,-1,1,-1,1,1,1,1,-1,1,-1,1,1,1,1,-1,1,-1,1,1,1,-1,-1,1,-1,1,1,1,-1,-1,-1,1,-1,1,1,1,-1,1,-1,1,1,-2672.0,1,2000,445,1500,False
448,-1,-1,1,1,1,1,-1,1,-1,-1,-1,1,-1,1,-1,-1,1,-1,1,1,-1,-1,-1,-1,-1,1,-1,-1,-1,-1,-1,-1,1,1,-1,-1,1,-1,-1,-1,1,-1,-1,-1,-1,-1,-1,1,-1,1,-1,-1,1,-1,1,-1,-1,1,-1,-1,-1,1,1,1,-1,-1,-1,-1,-1,-1,-1,1,-1,-1,-1,-1,-1,-1,1,-1,-1,1,1,-1,1,-1,-1,1,-1,1,-1,-1,-1,-1,-1,-1,-1,1,1,1,-1,-1,-1,-1,1,1,1,-1,-1,-1,-1,1,1,1,-1,-1,-1,-1,1,1,1,-1,-1,-1,-1,1,1,1,1,-1,-1,-1,-1,1,1,-1,-1,-1,-1,-1,1,1,1,-1,-1,-1,1,1,1,1,-1,-1,-1,-1,-1,1,1,-1,-1,-1,-1,1,1,1,-1,-1,1,-1,-1,1,-1,-1,-1,-1,-1,1,1,1,-1,-1,-1,1,-1,1,-1,-1,-1,-1,-1,1,1,1,-1,-1,1,-1,-1,1,1,-1,-1,1,-1,-1,1,1,-1,-1,-1,1,-1,1,1,-1,1,-1,1,-1,1,1,-1,1,-1,-1,-1,-1,1,1,-1,-1,1,-1,1,1,1,-1,-1,-1,-1,1,1,-1,1,1,-1,-1,-1,1,1,-1,1,-1,-1,1,1,1,1,1,-1,-1,1,1,-1,1,-1,-1,1,-1,1,1,1,-1,-1,-1,1,1,1,1,-1,-1,-1,-1,1,1,1,-1,-1,1,-1,1,1,1,1,-1,1,-1,1,1,1,-1,-1,1,-1,1,1,1,1,-1,1,1,-1,1,1,1,-1,1,-1,-1,1,-1,1,-1,1,1,-1,1,1,1,-1,1,-1,-1,1,1,-1,-1,1,-1,1,1,1,1,-1,1,-1,1,1,1,-1,1,1,-1,1,-1,1,-1,-1,1,-1,1,1,1,1,1,1,-1,1,1,1,1,1,-1,-1,1,1,1,1,1,-1,-1,1,1,1,1,1,-1,-1,-1,-1,1,-1,1,1,-1,1,1,1,1,1,1,-1,-1,-1,1,1,-1,-1,-1,1,-1,-1,-1,1,1,-1,1,-1,1,-1,1,-1,1,-1,1,1,1,1,-1,1,-1,1,1,-1,1,-1,-1,-1,-1,1,1,1,1,-1,-1,1,-1,1,1,-1,-1,1,-1,-1,1,-1,1,-1,1,-1,1,-1,1,-1,-1,1,1,-1,1,-1,1,-1,-1,1,-1,1,-1,-1,-1,-1,1,-1,-1,1,1,-1,-1,1,-1,1,1,-1,1,-1,1,-1,1,-1,1,-1,-1,1,-1,1,-1,-1,-1,1,1,-1,1,-1,1,-1,1,-1,1,1,-1,1,-1,1,-1,-1,1,-1,-1,-1,1,-1,1,-1,1,1,-1,1,-1,-1,1,-1,-1,1,-1,1,-1,1,-1,1,-1,1,1,-1,1,-1,1,-1,1,-1,-1,1,-1,1,1,1,1,-1,-1,1,1,-1,1,1,1,-1,1,1,1,-1,1,1,-1,1,1,1,1,-1,1,1,-1,-1,-1,1,-1,-1,1,1,1,-1,1,-1,1,-1,-1,-1,1,1,-1,1,1,-1,1,-1,1,-1,1,1,-1,1,-1,1,-1,-1,-1,-1,1,-1,1,-1,-1,-1,-1,1,-1,1,-1,1,1,1,-1,-1,1,-1,1,1,-1,1,-1,1,-1,-1,1,-1,1,-1,-1,1,1,1,1,1,-1,1,1,1,1,-1,1,-1,-1,1,1,1,-1,-1,-1,1,1,1,1,-1,-1,-1,1,-1,1,-1,1,1,-1,-1,1,1,1,-1,-1,-1,-1,1,1,1,1,1,-1,-1,1,1,1,1,1,-1,-1,1,-1,1,-1,1,-1,1,1,1,1,1,1,-1,-1,1,-1,1,1,1,-1,-1,1,1,-1,1,1,-1,-1,1,1,1,1,1,1,-1,-1,1,-1,1,1,-1,-1,-1,1,1,-1,1,-1,-1,1,-1,1,1,1,-1,-1,1,-1,1,-1,1,1,-1,-1,1,-1,-1,1,-1,-1,1,-1,1,-1,1,1,-1,-1,-1,1,-1,1,-1,-1,1,-1,1,-1,1,1,1,-1,-1,1,-1,1,1,-1,-1,1,-1,-1,1,1,-1,-1,1,-1,-1,1,1,-1,-1,-1,1,-1,1,1,-1,-1,-1,1,-1,1,1,1,-1,1,1,-1,1,1,-1,-1,1,-1,-1,1,1,-1,-1,1,-1,1,1,1,-1,-1,-1,-1,-1,-1,1,-1,-1,1,1,-1,1,1,1,-1,1,-1,-1,1,1,1,-1,1,1,1,1,1,1,-1,1,-1,1,1,1,1,-1,-1,1,1,1,1,1,-1,-1,-1,1,-1,1,1,1,-1,1,1,1,1,1,-1,-1,1,1,1,1,1,1,-1,1,1,-1,1,-1,-1,1,1,1,1,1,1,-1,-1,1,1,1,1,-1,-1,-1,1,1,1,1,-1,-1,-1,1,1,1,1,-1,-1,-1,1,1,1,1,1,-1,-1,1,1,-1,1,1,-1,-1,1,1,-1,1,-1,-1,-1,1,-1,-1,1,1,-1,-1,-1,1,-1,1,1,-1,-1,1,1,-1,1,1,-1,-1,1,1,-1,1,1,-1,-1,-1,-1,1,1,1,-1,1,-1,1,1,1,-1,-1,1,-1,1,1,1,1,-1,1,-1,1,1,-1,1,-1,-1,-1,-1,-1,1,-1,1,-1,-1,1,-1,1,1,-1,-1,-1,1,-1,1,1,-1,-1,-1,-1,1,1,-1,1,-1,-1,-1,-1,1,-1,1,-1,-1,1,-1,1,1,1,1,-1,-1,1,1,1,1,1,1,1,1,1,-1,1,-1,-1,1,1,1,1,1,-1,-1,-1,-1,1,1,1,-1,1,1,1,-1,1,1,-1,1,-1,-1,1,1,1,-1,1,1,1,-1,1,1,-1,1,1,1,1,1,1,-1,1,1,1,1,1,1,-1,1,1,1,1,1,1,-1,1,1,1,1,-1,1,-1,1,1,1,-1,1,1,-1,-1,1,1,-1,1,1,1,-1,1,1,-1,1,1,-1,-1,1,-2672.0,1,2000,445,1500,True
449,-1,-1,1,1,1,1,-1,1,-1,-1,-1,1,-1,1,-1,-1,1,-1,1,1,-1,-1,-1,-1,-1,1,-1,-1,-1,-1,-1,-1,1,1,-1,-1,1,-1,-1,-1,1,-1,-1,-1,-1,-1,1,1,-1,1,-1,-1,1,1,1,-1,-1,1,-1,-1,1,1,1,1,-1,-1,-1,1,1,-1,-1,1,-1,-1,1,-1,-1,-1,1,-1,-1,-1,1,-1,1,-1,-1,1,1,1,-1,-1,1,-1,1,1,-1,1,1,1,-1,1,1,-1,1,1,1,-1,1,1,-1,1,1,1,-1,1,1,-1,1,1,1,-1,1,1,-1,1,1,1,-1,1,1,-1,1,1,1,-1,1,1,-1,-1,1,1,-1,1,1,-1,1,1,1,1,1,1,-1,-1,-1,1,1,1,1,-1,1,1,1,1,1,1,-1,1,-1,1,1,1,1,-1,1,1,1,-1,1,1,1,-1,-1,1,1,1,-1,1,1,1,1,-1,1,1,1,1,-1,1,-1,1,-1,1,1,-1,1,-1,1,1,-1,1,-1,1,-1,1,-1,1,1,-1,-1,-1,1,1,1,1,-1,-1,1,1,-1,-1,1,-1,1,1,-1,1,-1,1,-1,1,-1,1,-1,1,1,-1,-1,1,1,1,-1,1,-1,1,1,1,-1,1,1,-1,1,-1,1,-1,1,-1,1,-1,1,1,-1,1,-1,-1,-1,1,1,-1,1,-1,-1,-1,-1,1,-1,-1,1,1,-1,-1,1,1,-1,1,1,-1,1,1,1,1,-1,1,-1,1,1,-1,1,-1,1,1,-1,1,1,1,1,1,-1,-1,1,-1,-1,1,1,1,-1,1,1,1,-1,1,-1,-1,1,1,1,-1,1,-1,-1,1,1,-1,-1,1,-1,-1,1,1,-1,1,1,-1,1,-1,1,1,-1,1,-1,1,1,1,-1,1,1,-1,1,1,1,-1,1,-1,-1,1,1,1,-1,1,-1,-1,1,-1,1,-1,1,-1,-1,1,-1,1,-1,1,1,-1,1,-1,1,1,-1,1,-1,-1,1,1,-1,1,-1,-1,1,1,-1,-1,1,1,-1,1,-1,1,-1,1,-1,1,1,-1,1,1,1,-1,1,1,-1,1,-1,1,-1,-1,1,-1,1,1,1,1,-1,1,1,1,1,1,-1,-1,1,-1,-1,1,-1,1,-1,-1,1,-1,1,1,-1,-1,-1,1,-1,1,-1,1,-1,-1,1,-1,1,1,-1,-1,-1,1,-1,-1,1,1,-1,-1,1,-1,1,1,-1,1,-1,1,-1,-1,1,1,-1,-1,-1,-1,1,1,-1,-1,-1,1,-1,1,-1,1,-1,-1,-1,-1,1,-1,1,-1,-1,-1,-1,1,-1,-1,-1,-1,-1,-1,1,-1,1,-1,-1,-1,-1,1,-1,-1,1,-1,-1,-1,1,1,1,-1,-1,-1,-1,-1,1,1,-1,1,-1,-1,1,-1,1,1,1,-1,-1,-1,1,1,-1,1,-1,-1,-1,1,1,1,-1,1,1,-1,1,1,1,1,1,1,1,-1,-1,-1,1,-1,1,1,-1,1,-1,1,-1,1,-1,-1,-1,1,1,-1,1,1,-1,1,-1,1,-1,1,1,-1,1,-1,1,-1,-1,-1,-1,1,-1,1,-1,-1,-1,-1,1,-1,1,-1,1,1,1,-1,-1,1,-1,1,1,-1,1,-1,1,-1,-1,1,-1,1,-1,-1,1,1,1,1,1,-1,1,1,1,1,-1,1,-1,-1,1,1,1,-1,-1,-1,1,1,1,1,-1,-1,-1,1,-1,1,-1,1,1,-1,-1,1,1,1,-1,-1,-1,1,1,1,1,1,1,-1,-1,1,1,1,1,-1,-1,-1,1,-1,1,-1,1,-1,-1,1,1,1,1,1,-1,-1,1,-1,1,1,1,-1,-1,1,1,-1,1,1,-1,-1,1,1,1,1,1,-1,1,-1,1,-1,1,1,1,1,-1,1,1,1,1,-1,1,1,-1,1,1,1,1,1,1,-1,1,-1,1,-1,1,-1,-1,1,-1,1,1,-1,1,-1,1,1,1,1,-1,1,-1,1,1,1,1,1,1,-1,1,-1,1,1,-1,-1,-1,1,1,1,1,1,1,-1,1,1,1,1,1,-1,1,-1,1,1,1,-1,-1,-1,-1,1,1,-1,1,-1,1,-1,1,1,1,-1,-1,-1,-1,1,1,-1,-1,-1,-1,1,-1,1,-1,-1,-1,1,-1,1,1,-1,-1,-1,1,-1,1,1,-1,-1,-1,1,1,1,1,-1,1,-1,1,-1,1,1,-1,-1,-1,1,1,1,1,-1,-1,-1,1,-1,1,1,-1,1,-1,-1,1,1,1,-1,-1,-1,-1,-1,1,-1,-1,-1,1,-1,1,1,-1,-1,-1,1,-1,1,1,1,-1,1,-1,-1,1,1,1,-1,1,-1,1,1,1,-1,-1,1,-1,-1,1,1,-1,-1,1,-1,-1,1,1,-1,1,1,-1,-1,1,1,-1,-1,1,-1,-1,1,1,-1,-1,1,-1,-1,1,1,-1,-1,1,1,-1,-1,1,-1,-1,1,-1,-1,1,-1,-1,-1,1,1,-1,-1,1,-1,1,-1,1,-1,1,1,-1,1,-1,1,-1,1,1,-1,1,1,1,1,-1,1,-1,1,1,-1,1,-1,1,-1,1,1,1,-1,1,1,1,1,-1,1,1,-1,1,1,-1,1,1,-1,-1,1,-1,1,1,-1,1,-1,1,-1,1,-1,-1,1,-1,1,-1,1,-1,1,-1,-1,-1,1,1,-1,-1,1,-1,-1,-1,1,1,-1,1,-1,-1,-1,1,1,-1,1,-1,-1,1,1,-1,-1,-1,1,-1,1,1,-1,1,1,-1,1,1,-1,-1,1,1,-1,-1,-1,1,-1,1,1,-1,1,1,-1,-1,-1,-1,1,-1,-1,-1,-1,1,-1,-1,1,1,-1,1,1,-1,1,1,1,1,-1,1,-1,1,1,1,1,-1,1,-1,-1,-1,1,1,-1,1,-1,1,1,1,1,-1,1,-1,1,1,1,-1,-1,1,-1,-1,1,1,-1,-1,-1,1,-1,1,-1,1,-1,1,-1,-1,1,-2672.0,1,2000,445,1500,True
450,-1,-1,1,1,1,1,-1,1,-1,-1,-1,1,-1,1,-1,-1,1,-1,1,1,-1,-1,-1,-1,-1,1,-1,-1,-1,-1,-1,-1,1,1,-1,-1,1,-1,-1,-1,1,-1,-1,-1,-1,-1,-1,1,-1,1,-1,-1,1,-1,1,-1,-1,1,-1,-1,-1,1,1,1,-1,-1,-1,-1,-1,-1,-1,1,-1,-1,-1,-1,-1,-1,1,-1,-1,1,1,-1,1,-1,-1,-1,-1,1,-1,-1,-1,-1,-1,-1,-1,1,1,1,-1,-1,-1,-1,1,1,1,-1,-1,-1,-1,1,1,1,-1,-1,-1,-1,1,1,1,-1,-1,-1,-1,1,1,1,1,-1,-1,-1,1,1,1,-1,-1,-1,-1,-1,1,1,1,-1,-1,-1,1,1,1,1,-1,-1,-1,-1,-1,1,1,1,-1,-1,1,1,1,1,-1,-1,-1,1,-1,1,-1,-1,-1,-1,1,1,1,1,-1,-1,1,-1,-1,1,-1,-1,-1,1,1,1,1,1,-1,-1,1,1,-1,1,1,-1,-1,1,1,-1,1,1,-1,-1,-1,1,-1,1,1,-1,-1,1,1,-1,1,1,-1,1,1,1,-1,-1,1,1,-1,-1,1,-1,1,1,-1,1,-1,1,-1,1,1,-1,1,1,1,-1,-1,1,-1,-1,1,1,-1,1,1,1,1,1,1,-1,1,1,-1,1,-1,-1,1,-1,-1,-1,1,1,-1,-1,1,-1,-1,1,1,-1,-1,-1,1,-1,1,-1,1,1,-1,1,-1,1,1,1,1,-1,-1,-1,1,1,-1,1,-1,-1,-1,1,1,-1,1,1,-1,-1,-1,1,-1,1,-1,-1,-1,1,1,-1,1,1,-1,-1,1,1,-1,1,-1,1,-1,1,-1,-1,1,-1,-1,-1,1,1,-1,1,-1,-1,1,1,-1,1,1,-1,1,1,1,-1,-1,1,-1,1,1,1,1,1,1,-1,-1,1,1,1,1,-1,-1,-1,1,1,1,1,-1,-1,1,-1,1,1,1,-1,-1,1,-1,1,-1,1,1,-1,1,-1,1,1,1,1,-1,-1,1,1,1,-1,-1,-1,1,1,-1,-1,1,1,-1,1,-1,1,-1,1,-1,1,1,-1,1,1,1,-1,1,1,-1,1,-1,1,-1,-1,1,-1,1,1,1,1,-1,1,1,-1,1,1,-1,-1,1,-1,-1,1,-1,1,-1,-1,1,-1,-1,1,-1,-1,-1,1,-1,1,-1,1,-1,-1,1,-1,1,1,-1,-1,-1,1,-1,-1,1,1,-1,-1,1,-1,1,1,-1,1,-1,1,-1,1,1,1,-1,-1,-1,-1,1,1,-1,1,-1,1,-1,1,-1,1,-1,-1,-1,1,1,-1,1,-1,-1,-1,-1,1,-1,-1,1,-1,-1,-1,1,-1,1,1,1,-1,-1,1,-1,-1,1,-1,-1,-1,-1,1,1,-1,1,-1,-1,-1,1,1,-1,1,-1,-1,-1,1,1,1,1,-1,-1,-1,1,1,-1,1,-1,-1,-1,1,1,1,-1,1,1,-1,1,1,1,1,1,1,1,-1,-1,-1,1,-1,-1,1,-1,1,-1,1,-1,1,-1,-1,-1,1,1,-1,1,1,-1,1,-1,1,-1,1,1,-1,1,-1,1,-1,-1,-1,-1,1,-1,1,-1,-1,-1,-1,1,-1,1,-1,1,1,1,1,-1,1,-1,1,1,-1,1,-1,1,-1,-1,1,-1,1,-1,-1,1,1,1,1,1,-1,1,1,1,1,-1,1,-1,-1,1,1,1,-1,-1,-1,1,1,1,1,-1,-1,-1,1,-1,1,-1,1,1,-1,-1,1,1,-1,-1,-1,-1,-1,1,1,1,1,1,-1,-1,1,1,1,1,1,-1,-1,1,-1,1,-1,1,-1,1,1,1,1,1,1,-1,-1,1,-1,1,-1,1,-1,-1,1,1,-1,1,1,-1,-1,1,1,1,1,1,1,-1,1,1,-1,-1,1,-1,-1,1,1,1,-1,1,-1,-1,1,-1,-1,1,1,-1,-1,1,-1,1,-1,1,1,-1,1,-1,1,-1,1,-1,-1,1,-1,1,-1,1,1,-1,1,-1,1,-1,1,1,-1,1,-1,1,-1,1,1,-1,1,1,1,1,1,-1,1,1,-1,1,1,1,1,-1,1,-1,1,-1,1,1,-1,1,1,-1,1,1,1,-1,1,1,-1,1,1,1,1,1,-1,-1,1,1,1,1,1,-1,1,-1,1,1,1,1,1,-1,1,1,1,1,1,1,-1,1,-1,1,1,1,1,1,1,1,1,1,1,1,-1,1,1,1,1,1,-1,1,1,1,1,1,1,1,-1,1,1,1,1,1,-1,1,1,1,1,1,1,-1,-1,1,-1,1,1,1,-1,1,1,1,1,1,-1,-1,1,1,1,1,1,1,-1,1,1,-1,1,1,-1,1,1,1,1,1,1,-1,-1,1,1,1,1,-1,-1,-1,1,1,1,1,-1,-1,-1,1,1,1,1,-1,1,-1,1,1,1,1,1,-1,-1,1,1,-1,1,1,-1,-1,1,1,-1,1,-1,-1,-1,1,-1,-1,1,1,-1,-1,-1,1,-1,1,1,-1,-1,1,1,-1,1,1,-1,-1,1,1,-1,1,1,-1,-1,-1,1,1,1,1,-1,1,-1,1,1,1,-1,-1,1,-1,1,1,1,-1,-1,1,-1,1,1,-1,1,-1,-1,-1,1,-1,1,-1,1,-1,-1,1,-1,1,1,-1,-1,-1,1,-1,1,-1,1,-1,-1,-1,1,1,-1,1,-1,-1,1,-1,1,-1,1,-1,1,-1,-1,1,1,-1,1,-1,-1,1,1,-1,-1,1,1,-1,1,1,-1,1,-1,-1,1,1,-1,-1,1,-1,-1,-1,-1,1,-1,1,1,-1,1,1,-1,-1,1,-1,1,-1,-1,-1,-1,1,-1,-1,1,1,-1,1,1,-1,1,1,1,1,-1,1,-1,1,1,1,1,-1,1,-1,-1,-1,1,1,-1,1,-1,1,1,1,1,-1,1,-1,1,1,1,-1,-1,1,-1,-1,1,1,-1,-1,-1,1,-1,1,-1,1,-1,1,-1,-1,1,-2672.0,1,2000,445,1500,True
451,1,-1,1,1,1,1,-1,-1,-1,-1,-1,1,-1,1,-1,-1,1,-1,1,1,1,1,-1,-1,-1,1,-1,-1,1,-1,-1,-1,1,1,-1,-1,1,1,-1,-1,1,-1,-1,-1,-1,-1,-1,-1,1,1,1,-1,1,-1,1,-1,1,-1,1,-1,-1,1,1,1,1,1,-1,-1,-1,-1,1,1,1,1,-1,-1,-1,-1,1,-1,-1,1,1,-1,1,1,1,1,-1,1,-1,1,-1,1,-1,-1,-1,1,1,1,1,1,-1,-1,1,1,1,1,1,-1,-1,1,1,1,1,1,-1,-1,1,1,1,1,1,-1,-1,1,1,1,1,1,-1,-1,1,1,1,1,1,1,-1,-1,1,1,1,1,-1,-1,1,1,1,1,1,1,-1,-1,-1,1,1,1,1,-1,1,1,1,1,1,-1,-1,1,-1,1,1,1,-1,-1,1,1,1,1,1,-1,1,-1,-1,1,1,1,-1,1,1,1,1,-1,1,1,1,1,-1,1,-1,1,-1,1,1,-1,1,-1,1,-1,-1,1,-1,1,-1,1,-1,1,1,-1,1,-1,1,1,1,1,-1,-1,1,1,-1,-1,1,-1,1,1,-1,1,-1,1,-1,1,1,1,-1,1,1,-1,-1,1,1,-1,-1,1,-1,1,1,1,-1,1,1,-1,1,-1,1,-1,1,-1,1,-1,1,1,-1,1,-1,-1,1,1,1,-1,1,-1,-1,-1,-1,1,1,-1,1,1,-1,-1,1,-1,-1,1,1,-1,1,1,1,-1,-1,1,-1,1,1,-1,1,-1,1,1,-1,1,-1,-1,-1,1,-1,-1,1,-1,1,-1,1,1,-1,1,1,1,-1,1,-1,-1,1,1,-1,-1,1,-1,-1,1,-1,1,-1,1,-1,-1,1,1,-1,1,1,-1,1,-1,1,-1,-1,1,-1,1,1,1,1,1,1,-1,1,1,1,1,1,-1,-1,1,1,1,1,1,-1,-1,1,-1,1,1,1,-1,-1,1,-1,1,-1,1,1,-1,1,-1,1,1,1,1,-1,-1,1,1,1,1,-1,-1,1,1,-1,-1,1,1,-1,1,-1,1,-1,1,-1,1,1,-1,1,1,1,-1,1,1,-1,1,-1,1,-1,-1,1,-1,1,1,1,1,-1,1,1,-1,1,1,-1,-1,1,-1,-1,1,-1,1,-1,-1,1,-1,1,1,-1,-1,-1,1,-1,1,-1,1,-1,1,-1,-1,1,1,-1,-1,-1,1,-1,-1,1,1,-1,-1,1,-1,1,1,-1,1,-1,1,-1,1,1,1,-1,-1,-1,-1,1,1,-1,-1,-1,1,-1,1,-1,1,-1,-1,-1,1,1,-1,1,-1,-1,-1,-1,1,-1,-1,-1,-1,-1,-1,1,1,1,-1,-1,-1,-1,1,-1,-1,1,-1,-1,-1,1,-1,1,-1,-1,-1,-1,1,-1,1,-1,1,-1,-1,1,-1,1,1,1,-1,-1,-1,1,1,-1,1,-1,-1,-1,1,1,1,-1,1,1,-1,1,1,1,1,1,-1,1,-1,-1,-1,1,-1,-1,1,-1,-1,1,1,-1,1,-1,-1,-1,1,1,-1,1,1,-1,-1,-1,1,-1,1,1,-1,-1,-1,1,-1,-1,-1,-1,1,-1,1,-1,-1,-1,-1,-1,-1,1,-1,1,1,1,1,-1,1,-1,1,1,-1,-1,-1,1,-1,-1,1,-1,1,-1,-1,1,1,1,1,-1,-1,1,1,1,1,-1,1,-1,-1,1,1,1,-1,-1,-1,1,1,1,1,-1,-1,-1,1,-1,1,-1,1,1,-1,-1,1,1,1,-1,-1,-1,-1,1,1,1,1,-1,-1,-1,1,1,1,1,1,-1,-1,1,-1,1,-1,1,-1,1,1,1,1,1,1,-1,-1,1,-1,1,1,1,-1,-1,1,1,-1,1,1,-1,-1,1,1,1,1,1,-1,1,-1,1,-1,1,1,-1,1,-1,1,1,1,1,-1,1,1,-1,1,1,-1,1,-1,1,-1,1,-1,-1,-1,1,-1,-1,1,-1,-1,1,-1,1,-1,1,1,1,-1,-1,1,-1,1,1,1,-1,1,1,-1,1,-1,-1,-1,-1,-1,-1,1,1,1,-1,1,1,-1,1,1,1,-1,1,-1,1,-1,1,1,-1,-1,-1,-1,-1,1,1,-1,1,-1,1,-1,1,1,-1,-1,-1,-1,-1,1,-1,-1,-1,-1,-1,1,-1,-1,1,-1,-1,1,-1,1,1,-1,-1,-1,1,-1,1,1,-1,-1,-1,1,1,1,1,-1,1,-1,1,-1,1,1,-1,-1,-1,1,1,1,1,1,-1,-1,1,-1,1,1,-1,1,-1,-1,1,1,1,-1,-1,-1,-1,-1,1,-1,-1,-1,1,-1,1,1,1,1,1,-1,-1,1,1,1,-1,1,1,-1,1,1,-1,1,-1,-1,1,1,1,1,-1,1,-1,-1,1,1,1,-1,1,-1,-1,1,1,1,1,1,1,-1,1,1,1,1,1,1,-1,1,1,1,1,1,1,-1,1,1,-1,1,1,-1,-1,1,1,-1,1,1,1,-1,1,-1,1,1,1,1,-1,-1,1,-1,1,1,1,-1,1,1,-1,1,-1,1,-1,1,1,-1,1,1,1,-1,-1,-1,1,1,1,-1,1,-1,1,1,1,1,-1,1,-1,1,1,1,-1,-1,1,-1,1,1,-1,1,-1,-1,-1,1,-1,1,-1,1,-1,-1,1,-1,1,-1,-1,-1,-1,1,-1,1,-1,1,-1,-1,-1,1,1,-1,1,-1,-1,-1,-1,1,-1,1,-1,1,-1,-1,1,1,1,1,-1,-1,1,1,-1,-1,1,1,-1,1,1,-1,1,-1,-1,1,1,-1,-1,1,-1,-1,-1,-1,1,-1,1,1,-1,1,1,-1,-1,-1,-1,1,-1,-1,-1,-1,1,-1,-1,1,1,-1,1,1,-1,1,1,1,1,-1,1,-1,1,1,1,1,-1,1,-1,-1,1,1,1,-1,1,-1,1,1,1,1,-1,1,-1,1,1,-1,-1,-1,1,-1,-1,1,1,-1,-1,-1,1,-1,1,-1,1,-1,1,-1,-1,1,-2672.0,1,2000,445,1500,True
452,1,1,-1,-1,1,-1,-1,-1,1,1,1,-1,1,1,1,1,-1,1,-1,-1,1,-1,1,1,1,-1,1,-1,1,1,1,1,-1,-1,-1,-1,1,1,1,1,-1,-1,-1,1,1,1,1,-1,1,1,1,1,-1,1,-1,-1,1,-1,1,1,1,-1,-1,-1,1,1,1,1,-1,-1,-1,1,1,1,1,-1,-1,-1,1,1,1,-1,-1,-1,1,1,1,1,-1,-1,-1,1,1,1,1,-1,-1,1,1,-1,1,1,-1,-1,1,1,1,1,1,-1,-1,1,1,-1,1,1,-1,-1,1,1,1,1,1,1,-1,1,1,1,-1,1,1,-1,1,1,1,1,1,1,-1,-1,1,1,1,1,1,-1,1,1,1,1,1,1,-1,-1,-1,1,1,1,1,-1,1,1,1,1,-1,1,-1,1,-1,1,1,1,-1,-1,1,1,1,1,1,-1,1,-1,-1,1,-1,1,-1,1,1,1,1,1,1,1,1,1,-1,1,-1,1,-1,1,1,-1,1,-1,1,1,-1,1,-1,1,-1,1,-1,1,1,-1,1,-1,1,1,1,1,-1,-1,1,1,-1,-1,1,-1,1,-1,-1,1,-1,1,-1,1,-1,1,-1,1,1,-1,1,-1,1,1,-1,1,-1,1,1,1,-1,1,1,-1,1,-1,1,-1,1,-1,1,-1,1,1,-1,1,-1,-1,-1,1,1,-1,1,-1,-1,-1,1,1,-1,-1,1,1,-1,-1,1,1,-1,1,1,-1,1,1,1,1,-1,1,-1,1,1,-1,1,-1,1,-1,1,1,1,1,1,1,-1,-1,1,-1,-1,1,1,1,-1,1,1,1,-1,1,1,1,1,1,1,1,1,-1,1,1,1,-1,1,1,-1,1,1,1,-1,1,1,-1,-1,1,1,1,-1,1,-1,1,1,1,-1,1,1,-1,1,1,1,-1,1,1,-1,1,1,1,-1,1,1,-1,-1,1,1,-1,1,1,-1,1,-1,1,-1,1,1,1,-1,1,1,1,-1,1,1,-1,1,1,-1,1,1,1,-1,-1,-1,-1,1,1,1,-1,1,1,-1,1,1,-1,-1,1,1,1,1,1,-1,1,1,1,-1,1,1,1,-1,-1,1,1,1,-1,1,-1,1,1,1,-1,1,1,-1,-1,-1,1,-1,-1,1,-1,1,-1,1,-1,1,1,1,1,-1,1,-1,-1,1,-1,1,-1,1,1,1,1,1,1,-1,-1,1,-1,1,1,-1,-1,1,1,1,-1,1,1,-1,-1,1,-1,1,1,-1,-1,1,1,1,1,-1,1,-1,1,-1,1,1,-1,-1,-1,1,-1,1,1,-1,-1,-1,1,-1,1,1,1,-1,-1,1,1,-1,1,-1,-1,-1,1,-1,1,1,-1,1,-1,1,1,-1,1,-1,-1,-1,-1,-1,-1,1,-1,-1,-1,1,-1,-1,1,-1,-1,-1,-1,1,-1,1,-1,-1,-1,-1,1,-1,-1,1,1,1,-1,1,-1,1,-1,1,-1,1,-1,-1,-1,1,-1,-1,1,1,1,-1,1,-1,1,1,1,-1,1,1,-1,1,-1,1,-1,-1,1,-1,-1,1,1,1,-1,1,-1,-1,1,1,-1,-1,1,-1,-1,1,1,-1,-1,1,-1,-1,-1,1,1,-1,1,1,-1,-1,1,-1,-1,1,-1,1,-1,1,1,-1,-1,1,-1,-1,-1,-1,-1,1,1,1,-1,-1,1,-1,-1,1,-1,-1,1,-1,-1,-1,1,-1,-1,1,1,-1,1,1,-1,1,-1,1,-1,-1,1,1,-1,-1,-1,-1,1,1,-1,-1,1,-1,-1,-1,1,1,-1,-1,-1,-1,-1,1,-1,-1,-1,-1,-1,1,1,1,-1,-1,-1,-1,-1,1,1,-1,-1,-1,-1,-1,1,1,1,-1,-1,-1,-1,1,1,-1,-1,-1,-1,1,1,1,1,1,-1,1,1,1,1,1,1,-1,-1,1,1,1,1,1,-1,1,1,1,1,-1,1,-1,-1,1,-1,1,-1,1,-1,-1,1,-1,1,1,1,-1,-1,1,-1,1,-1,1,-1,-1,1,-1,1,1,1,-1,-1,1,-1,1,1,1,-1,-1,1,1,-1,1,1,-1,-1,1,-1,1,-1,1,-1,-1,-1,-1,-1,1,1,-1,-1,1,-1,-1,1,1,-1,-1,-1,-1,-1,-1,1,-1,-1,-1,-1,1,-1,-1,-1,1,-1,-1,1,-1,1,-1,-1,-1,-1,-1,-1,1,1,-1,-1,-1,1,1,1,-1,-1,1,1,-1,-1,1,-1,1,-1,-1,1,1,1,-1,-1,-1,-1,1,-1,1,1,-1,1,-1,-1,1,1,-1,-1,-1,-1,-1,-1,1,1,-1,-1,1,-1,1,1,-1,-1,-1,1,-1,1,1,-1,-1,1,-1,-1,1,1,1,-1,1,-1,1,1,1,-1,-1,1,-1,-1,1,1,1,-1,1,-1,-1,1,1,-1,1,1,-1,-1,1,1,1,1,1,-1,-1,1,1,-1,1,1,-1,-1,1,1,1,1,1,1,-1,-1,1,1,1,1,-1,-1,1,-1,1,1,1,1,-1,-1,1,-1,1,1,1,-1,1,1,1,1,-1,1,-1,1,1,1,1,1,1,1,-1,1,1,1,1,-1,1,-1,1,1,1,1,1,-1,1,1,1,1,-1,1,1,-1,1,1,-1,1,1,-1,-1,1,1,1,1,-1,1,-1,1,1,1,-1,-1,1,-1,1,1,1,-1,1,-1,-1,-1,1,1,-1,-1,1,-1,-1,1,1,-1,-1,1,-1,-1,1,1,1,-1,1,-1,-1,1,1,-1,-1,-1,1,-1,-1,1,-1,1,1,-1,1,1,-1,-1,1,1,-1,-1,1,1,-1,1,1,-1,1,1,-1,-1,-1,-1,1,-1,-1,-1,-1,-1,1,-1,1,1,-1,1,1,-1,1,1,1,1,-1,1,-1,1,1,1,1,-1,1,-1,-1,1,1,1,-1,1,-1,1,1,1,1,-1,1,-1,1,1,-1,-1,-1,1,-1,-1,1,1,-1,-1,-1,1,-1,1,-1,1,-1,1,-1,1,1,-2672.0,1,2000,445,500,False
453,1,1,-1,-1,1,1,-1,-1,1,1,1,-1,-1,1,1,1,-1,1,-1,-1,-1,-1,1,1,1,1,-1,-1,1,1,1,1,-1,-1,-1,-1,1,1,1,1,-1,-1,-1,1,1,1,1,-1,1,1,1,1,-1,1,-1,-1,1,-1,1,1,1,-1,-1,-1,1,1,1,1,-1,-1,-1,1,1,1,1,-1,-1,-1,1,1,1,-1,-1,-1,1,1,1,1,-1,-1,1,1,1,1,1,-1,-1,-1,1,-1,1,1,-1,-1,1,1,1,1,1,-1,-1,-1,1,1,1,1,-1,-1,1,1,1,1,1,1,-1,-1,1,1,-1,1,1,-1,1,1,1,1,1,1,-1,1,1,1,1,1,1,-1,1,1,1,1,1,1,-1,-1,-1,1,1,1,1,-1,1,1,1,1,-1,1,-1,1,-1,1,1,1,-1,-1,1,1,1,1,1,-1,1,-1,-1,1,-1,1,-1,1,1,1,1,1,1,1,1,1,-1,1,-1,1,-1,1,1,-1,1,-1,1,1,-1,1,-1,1,-1,1,-1,1,1,-1,1,-1,1,1,1,1,-1,-1,1,1,-1,-1,1,-1,1,-1,1,1,-1,1,-1,1,-1,1,-1,1,1,-1,1,-1,1,1,-1,1,-1,1,1,1,-1,1,1,-1,1,-1,1,-1,1,-1,1,-1,1,1,-1,1,-1,-1,-1,1,1,-1,1,-1,-1,-1,1,1,-1,-1,1,1,-1,-1,1,1,-1,1,1,-1,1,1,1,-1,-1,1,-1,1,1,-1,1,-1,1,1,-1,1,1,-1,-1,1,-1,-1,1,-1,1,-1,1,1,-1,1,1,1,-1,1,-1,-1,1,1,-1,-1,1,-1,1,1,1,1,-1,1,-1,1,1,1,-1,1,1,-1,-1,1,1,-1,1,1,-1,1,1,1,1,1,1,-1,1,1,1,1,1,-1,-1,1,1,1,1,1,-1,-1,-1,1,1,1,1,-1,-1,1,-1,1,-1,1,1,-1,-1,1,1,1,1,1,-1,-1,1,1,1,-1,-1,1,-1,-1,-1,-1,1,1,-1,-1,1,1,-1,1,1,-1,-1,1,1,1,1,1,-1,1,1,1,-1,1,-1,-1,-1,-1,1,1,1,1,-1,-1,1,-1,1,1,-1,-1,-1,-1,-1,1,-1,-1,-1,1,-1,1,-1,1,1,-1,1,1,-1,1,-1,1,-1,-1,1,-1,1,-1,1,1,-1,1,-1,-1,1,1,-1,-1,1,-1,1,1,1,-1,-1,1,-1,1,-1,1,-1,1,1,-1,1,-1,-1,-1,1,1,-1,1,-1,-1,-1,1,-1,1,1,1,-1,-1,1,-1,-1,1,-1,-1,-1,1,-1,1,-1,1,-1,-1,1,-1,-1,1,-1,-1,-1,1,1,-1,-1,-1,-1,-1,1,1,-1,-1,-1,1,-1,1,-1,-1,1,-1,-1,1,-1,1,-1,-1,1,-1,1,-1,1,-1,-1,1,-1,-1,1,1,1,-1,1,-1,1,-1,-1,-1,1,-1,-1,-1,1,-1,-1,-1,1,1,-1,1,-1,1,-1,1,-1,1,1,-1,1,1,1,-1,-1,1,-1,1,-1,1,1,-1,1,-1,-1,1,1,-1,-1,1,-1,-1,-1,1,-1,-1,1,-1,1,1,1,1,-1,1,-1,-1,1,1,-1,-1,1,-1,-1,-1,1,1,-1,-1,1,1,-1,-1,-1,-1,1,1,1,1,1,1,-1,-1,1,1,-1,1,-1,-1,-1,1,1,1,-1,-1,-1,1,-1,1,1,1,-1,-1,-1,1,1,1,-1,-1,-1,-1,1,1,1,1,-1,-1,-1,1,1,1,-1,-1,-1,-1,1,1,1,1,-1,-1,1,1,1,1,1,-1,-1,-1,1,1,1,1,-1,-1,-1,1,1,-1,1,-1,-1,-1,1,1,1,1,-1,-1,1,1,1,1,1,-1,1,1,1,1,1,-1,-1,-1,1,1,1,1,1,-1,1,1,1,1,1,1,-1,-1,1,-1,1,-1,1,-1,-1,1,-1,1,-1,-1,-1,-1,1,-1,1,1,-1,-1,-1,1,1,1,-1,1,-1,-1,1,-1,1,-1,-1,-1,-1,1,1,-1,-1,-1,-1,-1,1,-1,1,-1,-1,-1,-1,-1,-1,-1,1,-1,-1,-1,1,-1,-1,1,-1,-1,-1,-1,-1,1,1,-1,-1,-1,-1,-1,1,-1,-1,-1,1,-1,-1,1,-1,1,-1,-1,-1,-1,-1,-1,-1,1,-1,-1,-1,1,1,-1,-1,-1,-1,1,-1,-1,-1,-1,1,-1,-1,1,1,1,-1,-1,-1,-1,1,-1,1,1,-1,1,-1,-1,1,1,-1,-1,-1,-1,-1,-1,1,1,-1,-1,1,-1,1,1,-1,-1,-1,1,-1,1,1,-1,-1,1,-1,-1,1,1,1,-1,1,-1,1,1,1,-1,-1,1,-1,-1,1,1,1,-1,1,-1,-1,1,1,-1,1,1,-1,-1,1,1,-1,1,1,-1,-1,1,1,-1,1,1,-1,-1,1,1,1,1,1,1,-1,1,1,1,1,1,-1,-1,1,-1,1,1,1,1,-1,-1,1,-1,1,1,1,-1,1,1,1,1,-1,1,-1,1,1,1,1,1,1,-1,-1,1,1,1,1,-1,1,-1,1,1,1,1,-1,1,-1,1,1,1,-1,-1,1,-1,1,1,-1,1,-1,-1,-1,1,1,1,-1,1,-1,-1,1,1,1,-1,-1,-1,-1,1,1,1,-1,-1,-1,-1,-1,1,1,-1,1,-1,-1,-1,1,1,-1,1,1,-1,1,1,1,1,1,1,-1,-1,1,1,-1,-1,1,1,1,1,1,-1,1,-1,-1,1,1,-1,-1,1,-1,-1,-1,1,1,-1,1,1,1,1,1,-1,-1,-1,-1,-1,-1,-1,-1,-1,1,-1,1,1,1,-1,1,1,-1,1,1,1,1,-1,1,-1,1,1,1,-1,-1,1,-1,1,1,1,-1,-1,1,-1,1,1,1,-1,-1,1,-1,1,1,1,1,-1,1,-1,-1,1,1,1,-1,-1,1,-1,1,1,1,-1,1,-1,-1,1,-2672.0,1,2000,445,500,False
454,1,1,-1,-1,1,1,-1,-1,1,1,1,-1,-1,1,1,1,-1,1,1,-1,-1,-1,1,1,1,1,-1,-1,1,1,1,1,-1,-1,-1,-1,1,-1,1,1,-1,-1,-1,1,1,1,1,-1,1,1,1,1,-1,1,-1,-1,1,-1,1,1,1,-1,-1,-1,1,1,1,1,-1,-1,-1,1,1,1,1,-1,-1,-1,1,1,1,-1,-1,-1,1,1,1,1,-1,-1,1,1,1,1,1,-1,-1,-1,1,-1,1,1,-1,-1,1,1,1,1,1,-1,-1,-1,1,1,1,1,-1,-1,1,1,1,1,1,1,-1,-1,1,1,-1,1,1,-1,1,1,1,1,1,1,-1,1,1,1,1,1,1,-1,1,1,1,1,1,1,-1,-1,-1,1,1,1,1,-1,1,1,1,1,-1,1,-1,1,-1,1,1,1,-1,-1,1,1,1,1,1,-1,1,-1,-1,1,-1,1,-1,1,1,1,1,1,1,1,1,1,-1,1,-1,1,-1,1,1,-1,1,-1,1,1,-1,1,-1,1,-1,1,-1,1,1,-1,-1,-1,1,1,1,1,-1,-1,1,1,-1,-1,1,-1,1,-1,-1,1,-1,1,-1,1,-1,1,-1,-1,1,-1,-1,-1,1,1,-1,1,-1,1,1,1,-1,1,1,-1,-1,-1,1,-1,1,-1,1,-1,1,1,-1,1,-1,-1,-1,1,1,-1,1,-1,-1,-1,1,1,-1,-1,1,1,-1,-1,1,1,-1,1,1,-1,1,1,1,1,-1,1,-1,1,1,-1,1,-1,1,1,1,1,1,1,1,1,-1,-1,1,-1,-1,-1,1,1,-1,1,1,1,-1,1,1,1,1,1,1,1,1,-1,1,1,1,-1,1,1,-1,1,1,1,-1,1,1,-1,-1,1,1,1,-1,1,-1,1,1,1,-1,1,1,-1,1,1,1,-1,1,1,-1,1,1,1,-1,1,1,1,-1,1,1,-1,1,1,-1,1,-1,1,-1,1,1,1,-1,1,1,1,-1,1,1,-1,1,1,-1,1,1,1,-1,-1,-1,-1,1,1,1,-1,1,1,-1,1,1,-1,-1,1,1,1,1,1,-1,1,1,1,-1,1,1,1,-1,-1,1,1,-1,-1,1,-1,1,-1,1,-1,1,1,-1,-1,-1,1,-1,-1,1,1,-1,1,1,-1,1,1,1,1,-1,1,-1,-1,1,-1,1,-1,1,-1,1,1,1,1,-1,-1,1,-1,1,1,1,-1,1,1,1,-1,1,1,-1,1,-1,-1,1,1,1,-1,1,-1,1,1,1,1,-1,1,-1,-1,1,1,-1,1,1,-1,1,1,1,-1,-1,1,-1,1,1,1,-1,1,-1,1,-1,1,1,-1,-1,1,-1,1,1,1,1,-1,1,-1,-1,1,1,1,-1,-1,-1,1,1,1,-1,-1,1,-1,-1,1,-1,1,-1,-1,1,-1,1,-1,1,-1,-1,1,-1,-1,1,1,1,-1,1,-1,1,-1,1,-1,1,-1,-1,-1,1,-1,-1,1,1,1,-1,1,-1,1,1,1,-1,1,1,-1,1,-1,1,-1,-1,1,-1,-1,1,1,1,-1,1,-1,-1,1,1,-1,-1,1,-1,-1,1,1,-1,-1,1,-1,-1,-1,1,1,-1,1,-1,-1,-1,1,-1,-1,1,-1,1,-1,1,1,-1,-1,1,-1,-1,-1,-1,-1,1,1,1,-1,-1,1,-1,-1,1,-1,-1,1,-1,-1,1,1,-1,-1,1,-1,-1,1,1,-1,1,-1,1,-1,-1,1,1,-1,-1,-1,-1,1,1,-1,-1,1,-1,-1,-1,1,1,-1,-1,-1,-1,-1,1,-1,-1,-1,-1,-1,-1,1,1,-1,-1,-1,-1,1,1,1,-1,-1,-1,-1,-1,1,1,1,-1,-1,-1,-1,1,1,-1,-1,-1,-1,1,1,1,1,-1,-1,1,1,1,1,1,-1,-1,-1,1,1,1,-1,1,-1,1,1,1,1,-1,1,-1,-1,1,-1,1,-1,1,-1,-1,1,-1,1,-1,-1,-1,-1,1,-1,1,-1,1,1,-1,1,-1,1,-1,1,1,-1,1,-1,1,-1,-1,-1,-1,1,1,-1,-1,-1,-1,-1,1,-1,1,-1,-1,-1,-1,-1,-1,-1,1,-1,-1,-1,1,-1,-1,1,-1,-1,-1,-1,-1,1,1,-1,-1,-1,-1,-1,1,-1,-1,-1,1,-1,-1,1,-1,1,-1,-1,-1,-1,-1,-1,-1,1,-1,-1,-1,1,1,1,-1,-1,1,-1,-1,-1,-1,-1,1,-1,-1,1,-1,1,-1,-1,-1,-1,1,-1,1,1,-1,1,-1,-1,1,1,-1,-1,-1,-1,-1,-1,1,1,-1,-1,1,-1,1,1,-1,-1,-1,1,-1,-1,1,-1,-1,1,-1,-1,1,1,1,-1,1,-1,1,1,1,-1,-1,1,-1,-1,1,1,1,-1,1,-1,-1,1,1,-1,1,1,-1,-1,1,1,-1,1,1,-1,-1,1,1,-1,1,1,-1,-1,1,1,1,1,-1,1,-1,1,1,-1,1,1,-1,-1,1,-1,1,1,1,1,-1,-1,1,-1,1,1,1,-1,1,1,1,1,-1,1,-1,1,1,1,1,1,1,1,-1,1,1,1,1,-1,1,-1,1,1,1,1,1,-1,1,1,1,1,-1,1,1,-1,1,1,-1,1,1,-1,-1,1,1,1,1,-1,1,-1,1,1,1,-1,-1,1,-1,1,1,1,-1,1,-1,-1,-1,1,1,-1,-1,1,-1,-1,1,1,1,-1,1,-1,1,1,1,1,-1,1,-1,-1,1,1,-1,-1,-1,1,1,1,1,-1,1,1,-1,1,1,-1,-1,1,1,-1,-1,1,1,-1,1,1,1,1,1,-1,-1,-1,-1,1,-1,-1,-1,-1,-1,1,1,1,1,-1,1,1,-1,1,1,1,1,-1,1,-1,1,1,1,-1,-1,1,-1,1,1,1,-1,-1,1,-1,1,1,1,-1,-1,1,-1,1,1,1,1,-1,1,-1,1,1,1,1,-1,-1,1,-1,1,1,1,-1,1,-1,1,1,-2672.0,1,2000,445,500,False
455,1,1,-1,-1,1,1,-1,-1,1,1,1,-1,-1,1,1,1,-1,1,-1,-1,-1,-1,1,1,1,-1,-1,-1,1,1,1,1,-1,-1,-1,-1,1,-1,1,1,-1,-1,-1,1,1,1,1,-1,1,1,1,1,-1,1,-1,-1,1,-1,1,1,1,-1,-1,-1,1,1,1,1,-1,-1,-1,1,1,1,1,-1,-1,-1,1,1,1,-1,-1,-1,1,1,1,1,-1,-1,1,1,1,1,1,-1,-1,-1,1,-1,1,1,-1,-1,1,1,1,1,1,-1,-1,-1,1,1,1,1,-1,-1,1,1,1,1,1,1,-1,-1,1,1,-1,1,1,-1,1,1,1,1,1,1,-1,1,1,1,1,1,1,-1,1,1,1,1,1,1,-1,-1,-1,1,1,1,1,-1,1,1,1,1,-1,1,-1,1,-1,1,1,1,-1,-1,1,1,1,1,1,-1,1,-1,-1,1,-1,1,-1,1,1,1,1,1,1,1,1,1,-1,1,-1,1,-1,1,1,-1,1,-1,1,1,-1,1,-1,1,-1,1,-1,1,1,-1,1,-1,1,1,1,1,-1,-1,1,1,-1,-1,1,-1,1,-1,1,1,-1,1,-1,1,-1,1,-1,1,1,-1,-1,-1,1,-1,-1,1,-1,1,1,1,-1,1,1,-1,1,-1,1,-1,1,-1,1,-1,1,1,-1,1,-1,-1,-1,1,1,-1,1,-1,-1,-1,1,1,-1,-1,1,1,-1,-1,1,1,-1,1,1,-1,1,1,1,1,-1,1,-1,1,1,-1,1,-1,1,1,-1,1,1,1,1,1,-1,-1,1,-1,-1,-1,1,1,-1,1,1,1,-1,1,-1,-1,1,1,1,-1,1,-1,1,1,1,-1,1,1,-1,1,1,1,-1,1,1,-1,-1,1,1,1,-1,1,-1,1,1,1,-1,1,1,-1,1,1,1,-1,1,-1,-1,1,1,1,-1,1,-1,-1,-1,1,1,-1,1,-1,-1,1,-1,1,-1,1,1,-1,-1,1,1,1,1,1,-1,-1,1,1,-1,1,-1,1,-1,-1,-1,-1,1,1,-1,-1,1,1,-1,1,1,-1,-1,1,1,1,1,1,-1,1,1,1,-1,1,-1,-1,-1,-1,1,1,1,1,-1,-1,1,1,1,1,-1,-1,-1,-1,-1,1,-1,-1,-1,1,-1,1,1,1,1,-1,1,1,-1,1,-1,1,-1,-1,1,-1,1,1,1,-1,1,1,-1,-1,1,1,-1,-1,1,-1,1,1,-1,1,-1,1,-1,-1,1,1,-1,1,1,-1,1,1,1,-1,1,1,-1,1,-1,-1,-1,1,-1,-1,1,-1,-1,-1,1,-1,-1,1,-1,1,-1,1,-1,-1,1,-1,-1,-1,1,-1,-1,1,-1,-1,-1,1,1,-1,1,1,-1,-1,1,1,-1,-1,1,1,-1,1,-1,-1,1,-1,-1,1,1,1,-1,-1,1,-1,1,-1,1,1,-1,1,-1,-1,1,1,1,-1,1,-1,1,-1,-1,-1,1,-1,-1,-1,1,-1,-1,-1,1,1,-1,1,-1,1,-1,1,-1,1,1,-1,1,1,1,-1,-1,1,-1,1,-1,1,1,-1,1,-1,-1,1,1,-1,-1,1,-1,-1,-1,1,-1,-1,1,-1,1,1,1,1,-1,1,-1,-1,1,1,-1,-1,1,-1,-1,-1,1,1,-1,-1,1,1,-1,-1,-1,-1,1,1,1,1,1,1,-1,-1,1,1,1,-1,-1,-1,1,1,1,1,-1,-1,-1,1,-1,1,-1,1,1,-1,-1,1,1,1,-1,-1,-1,1,1,1,1,1,-1,-1,-1,1,1,1,-1,-1,-1,-1,1,1,1,1,-1,-1,1,1,1,1,1,-1,-1,-1,1,1,1,1,-1,-1,-1,1,1,-1,1,-1,-1,-1,1,1,1,1,-1,-1,1,1,1,1,1,-1,1,1,-1,1,1,-1,-1,-1,1,1,1,1,1,-1,1,1,1,1,1,1,-1,-1,1,-1,1,-1,1,-1,-1,1,-1,1,-1,-1,-1,-1,1,-1,1,1,-1,1,-1,1,1,1,-1,1,1,-1,1,-1,1,-1,-1,-1,-1,1,1,-1,-1,-1,-1,-1,1,-1,1,-1,-1,-1,-1,-1,-1,-1,1,-1,-1,-1,1,-1,-1,1,-1,-1,-1,-1,-1,-1,1,-1,-1,-1,-1,-1,1,-1,-1,-1,1,-1,-1,1,-1,1,-1,-1,-1,-1,-1,-1,-1,1,-1,-1,-1,1,1,1,-1,-1,-1,1,-1,-1,-1,-1,1,-1,-1,1,-1,1,-1,-1,-1,-1,1,-1,1,1,-1,1,-1,-1,1,1,-1,-1,-1,-1,-1,-1,1,1,-1,-1,1,-1,1,1,-1,-1,-1,1,-1,-1,1,-1,-1,1,1,-1,1,1,1,-1,1,-1,1,1,1,-1,-1,1,-1,-1,1,1,1,-1,1,-1,-1,1,1,-1,1,1,-1,-1,1,1,-1,1,1,-1,-1,1,1,-1,1,1,-1,-1,1,1,1,1,1,1,-1,-1,1,1,-1,1,-1,-1,1,-1,1,1,1,1,-1,-1,1,-1,1,1,1,-1,1,1,1,1,-1,1,-1,1,1,1,1,1,1,1,-1,1,1,1,1,-1,1,-1,1,1,1,1,1,-1,1,1,1,1,-1,1,1,-1,1,1,-1,1,1,-1,-1,1,1,1,1,-1,1,-1,1,1,1,-1,-1,1,-1,1,1,1,-1,1,-1,-1,-1,1,1,-1,-1,1,-1,-1,1,1,-1,-1,1,-1,-1,1,1,1,-1,1,-1,-1,1,1,-1,-1,-1,1,-1,1,1,-1,1,1,-1,1,1,-1,-1,1,-1,-1,-1,1,1,-1,1,1,-1,1,1,-1,-1,-1,-1,1,-1,-1,-1,-1,1,-1,-1,1,1,-1,1,1,-1,1,1,1,1,-1,1,-1,1,1,1,-1,-1,1,-1,-1,-1,1,-1,-1,1,-1,1,1,1,-1,-1,1,-1,1,1,1,1,-1,1,-1,-1,1,1,1,-1,-1,1,-1,1,1,1,-1,1,-1,-1,1,-2672.0,1,2000,445,500,False
456,1,1,-1,-1,1,1,-1,-1,1,1,1,-1,1,1,1,1,-1,1,-1,-1,-1,-1,1,1,1,-1,-1,-1,1,1,1,1,1,-1,-1,-1,1,1,1,1,-1,-1,-1,1,1,1,1,-1,1,1,1,1,-1,1,-1,-1,1,-1,1,1,1,-1,-1,-1,1,1,1,1,-1,-1,-1,1,1,1,1,-1,-1,-1,1,1,1,-1,-1,-1,1,1,1,1,-1,-1,-1,1,1,1,1,-1,-1,1,1,-1,1,1,-1,-1,1,1,1,1,1,-1,-1,-1,1,1,1,1,-1,-1,1,1,1,1,1,1,-1,-1,1,1,-1,1,1,-1,1,1,1,1,1,1,-1,1,1,1,1,1,1,-1,1,1,1,1,1,1,-1,-1,-1,1,1,1,1,-1,1,1,1,1,-1,1,-1,1,-1,1,1,1,-1,-1,1,1,1,1,1,-1,1,-1,-1,1,-1,1,-1,1,1,1,1,1,1,1,1,1,-1,1,-1,1,-1,1,1,-1,1,-1,1,1,-1,1,-1,1,-1,1,-1,1,1,-1,-1,-1,1,1,1,1,-1,-1,1,1,-1,-1,1,-1,1,-1,1,1,-1,1,-1,1,-1,1,-1,1,1,-1,1,-1,1,1,-1,1,-1,1,1,1,-1,1,1,-1,1,-1,1,-1,1,-1,1,-1,1,1,-1,1,-1,-1,-1,1,1,-1,1,-1,-1,-1,1,1,-1,-1,1,1,-1,-1,1,1,-1,1,1,-1,1,1,1,1,-1,1,-1,1,1,-1,1,-1,1,1,-1,1,1,1,1,1,-1,-1,1,-1,-1,1,1,1,-1,1,1,1,-1,1,-1,-1,1,1,1,1,1,-1,1,1,1,-1,1,1,-1,1,1,1,-1,1,1,-1,-1,1,1,1,-1,1,-1,1,1,1,-1,1,1,-1,1,1,1,-1,1,-1,-1,1,1,1,-1,1,-1,-1,-1,1,1,-1,1,-1,-1,1,-1,1,-1,1,1,-1,-1,1,1,1,-1,1,-1,-1,1,1,-1,1,-1,-1,-1,-1,-1,-1,1,1,-1,-1,1,1,-1,1,-1,-1,-1,1,1,1,1,-1,-1,1,1,1,-1,1,-1,-1,-1,-1,1,1,-1,1,-1,-1,1,-1,1,-1,-1,-1,1,-1,-1,1,-1,1,-1,-1,1,-1,1,-1,-1,-1,1,1,-1,1,-1,1,-1,-1,1,-1,1,-1,-1,-1,-1,1,-1,-1,1,1,-1,-1,1,-1,1,1,-1,1,-1,1,-1,1,-1,1,-1,-1,1,-1,1,-1,-1,-1,1,1,-1,1,-1,1,-1,1,-1,1,1,-1,1,-1,1,-1,-1,1,-1,-1,-1,1,-1,1,-1,1,1,-1,1,-1,-1,1,-1,-1,1,-1,1,-1,1,-1,1,-1,1,1,-1,1,-1,1,-1,1,-1,-1,1,-1,1,1,1,1,-1,-1,1,1,-1,1,1,-1,-1,1,1,1,-1,1,1,-1,1,1,1,1,-1,1,1,-1,-1,-1,1,-1,-1,1,-1,1,-1,1,-1,1,-1,-1,-1,1,1,-1,1,1,-1,-1,-1,1,-1,1,1,-1,1,-1,1,-1,-1,-1,-1,-1,-1,1,-1,-1,-1,-1,-1,-1,1,-1,1,1,1,1,-1,1,-1,1,1,-1,-1,-1,1,-1,-1,1,-1,1,-1,-1,1,1,1,1,-1,-1,1,1,1,1,-1,1,-1,-1,1,1,1,-1,-1,-1,-1,1,1,1,-1,-1,-1,1,-1,1,-1,1,-1,-1,-1,1,1,1,-1,-1,-1,-1,1,1,1,1,-1,-1,-1,1,1,1,1,-1,-1,-1,1,1,1,-1,-1,-1,-1,1,1,1,1,-1,-1,1,1,1,1,1,-1,-1,-1,1,1,-1,1,-1,-1,-1,1,1,1,1,-1,-1,1,1,1,1,-1,-1,1,1,-1,1,1,-1,-1,-1,1,1,1,1,1,-1,1,1,1,1,1,-1,-1,-1,1,-1,1,-1,-1,-1,-1,1,-1,1,1,-1,-1,-1,1,-1,1,1,-1,-1,-1,1,1,1,1,-1,-1,-1,1,-1,1,1,-1,-1,-1,1,1,-1,-1,-1,-1,-1,1,-1,1,-1,-1,-1,-1,-1,-1,-1,1,-1,-1,-1,1,-1,-1,1,-1,-1,-1,-1,-1,1,1,-1,-1,-1,-1,-1,1,-1,-1,-1,1,-1,-1,1,-1,1,-1,-1,-1,-1,-1,-1,-1,1,-1,-1,-1,1,1,-1,-1,-1,-1,1,-1,-1,-1,-1,1,-1,-1,1,1,1,-1,-1,-1,-1,1,-1,1,1,-1,1,-1,-1,1,1,-1,-1,-1,-1,-1,-1,1,1,-1,-1,1,-1,1,1,-1,-1,-1,1,-1,1,1,-1,-1,1,-1,-1,1,1,1,-1,1,-1,1,1,1,-1,-1,1,-1,-1,1,1,1,-1,1,-1,-1,1,1,-1,1,1,-1,-1,1,1,-1,1,1,-1,-1,1,1,1,1,1,-1,-1,1,1,1,1,1,1,-1,1,1,1,-1,1,-1,-1,1,-1,1,1,1,1,-1,-1,1,-1,1,1,1,-1,1,1,1,1,-1,1,-1,1,1,1,1,1,1,1,-1,-1,1,1,1,-1,1,-1,1,1,1,1,1,-1,1,1,1,1,-1,1,1,-1,1,1,-1,1,1,-1,-1,1,1,1,1,-1,1,-1,1,1,1,-1,-1,1,-1,1,1,1,-1,1,-1,-1,-1,1,1,-1,-1,1,-1,-1,1,1,1,-1,1,-1,1,1,1,1,-1,1,-1,-1,1,1,-1,-1,-1,1,1,1,1,-1,1,1,-1,1,1,-1,-1,1,1,-1,-1,1,1,-1,1,1,1,1,1,-1,-1,-1,-1,1,-1,-1,-1,-1,-1,1,1,1,1,-1,1,1,-1,1,1,1,1,-1,1,-1,1,1,1,-1,-1,1,-1,1,1,1,-1,-1,1,-1,1,1,1,-1,-1,1,-1,1,1,1,1,-1,1,-1,1,1,1,-1,-1,-1,1,-1,1,1,1,-1,1,-1,1,1,-2672.0,1,2000,445,500,False
457,1,1,-1,-1,1,1,-1,-1,1,1,1,-1,-1,1,1,1,-1,1,-1,-1,-1,1,1,1,1,-1,-1,-1,1,1,1,1,-1,-1,-1,-1,1,1,1,1,-1,-1,1,1,1,1,1,-1,1,1,1,1,-1,1,-1,-1,1,-1,1,1,1,-1,-1,1,1,1,1,1,-1,-1,1,1,1,1,1,-1,-1,-1,1,1,1,-1,-1,-1,1,1,1,1,-1,-1,1,1,1,1,1,-1,-1,-1,1,-1,1,1,-1,-1,1,1,1,1,1,-1,-1,-1,1,1,1,1,-1,-1,1,1,1,1,1,1,-1,-1,1,1,-1,1,1,-1,1,1,1,1,1,1,-1,1,1,1,1,1,1,-1,1,1,1,1,1,1,-1,-1,-1,1,1,1,1,-1,1,-1,1,1,-1,1,-1,1,-1,1,1,1,-1,-1,1,1,1,1,1,-1,1,-1,-1,1,-1,1,-1,1,1,1,1,1,1,1,1,1,-1,1,-1,1,-1,1,1,-1,1,-1,1,1,-1,1,-1,1,-1,1,-1,1,1,-1,1,-1,1,1,1,1,-1,-1,1,1,-1,-1,1,-1,1,-1,1,1,-1,1,-1,1,-1,1,-1,-1,1,-1,-1,-1,1,1,-1,1,-1,1,1,1,-1,1,-1,-1,1,-1,1,-1,1,1,1,-1,1,1,-1,1,-1,-1,-1,1,1,-1,1,-1,1,-1,1,1,-1,-1,1,1,-1,-1,1,1,-1,1,1,-1,1,1,1,1,-1,1,-1,1,1,-1,1,-1,1,1,-1,1,1,1,1,1,-1,-1,1,-1,-1,-1,1,1,-1,1,1,1,-1,1,-1,-1,1,1,1,1,1,-1,1,1,1,-1,-1,1,-1,1,1,1,-1,1,1,-1,-1,1,1,1,-1,1,-1,1,1,1,-1,1,1,-1,1,1,1,-1,1,-1,-1,1,1,1,-1,1,-1,-1,-1,1,1,-1,1,-1,-1,1,-1,1,-1,1,1,-1,-1,1,1,1,1,1,-1,-1,1,1,-1,1,-1,1,-1,-1,-1,-1,1,1,1,-1,1,1,-1,1,1,-1,-1,1,1,1,1,1,-1,1,1,1,-1,1,-1,-1,-1,-1,1,1,1,1,-1,-1,1,1,1,1,-1,-1,-1,-1,-1,1,-1,-1,-1,1,-1,1,1,1,1,1,1,1,-1,1,-1,1,-1,-1,1,-1,1,1,1,1,-1,1,-1,-1,1,1,-1,-1,1,-1,1,1,1,-1,-1,1,-1,-1,1,1,-1,1,1,-1,1,1,-1,-1,1,1,-1,1,-1,-1,-1,1,-1,-1,1,-1,-1,1,1,-1,-1,1,-1,-1,-1,1,-1,-1,1,-1,-1,-1,1,-1,-1,1,-1,-1,-1,1,1,-1,1,1,-1,-1,1,1,-1,-1,1,1,-1,1,-1,-1,1,-1,-1,1,-1,1,-1,-1,1,-1,1,-1,1,-1,-1,1,-1,-1,1,1,1,-1,1,-1,1,-1,-1,1,1,-1,-1,1,-1,1,-1,-1,1,-1,1,1,-1,1,-1,1,-1,1,1,-1,1,1,1,1,-1,1,-1,1,-1,1,-1,-1,1,-1,-1,1,1,1,-1,1,-1,-1,-1,1,-1,-1,1,-1,1,1,1,1,-1,1,-1,-1,1,1,-1,-1,1,-1,-1,-1,1,1,-1,-1,1,1,-1,1,-1,-1,1,1,1,-1,1,1,-1,-1,1,1,-1,1,-1,-1,1,1,1,1,-1,-1,-1,1,-1,1,1,1,1,-1,-1,1,1,1,-1,-1,-1,-1,1,1,1,1,-1,-1,-1,1,1,1,-1,-1,-1,-1,1,1,1,1,-1,-1,1,1,1,1,1,-1,-1,-1,1,1,1,1,-1,-1,-1,1,1,-1,1,-1,-1,-1,1,1,1,1,-1,-1,1,1,1,1,1,-1,1,1,-1,1,1,-1,-1,-1,1,1,1,-1,1,-1,1,1,1,1,1,1,-1,-1,1,-1,1,-1,1,-1,-1,1,-1,1,-1,-1,-1,-1,1,-1,1,1,-1,-1,-1,1,1,1,-1,1,-1,-1,1,-1,1,-1,-1,-1,-1,1,1,-1,-1,-1,-1,-1,1,-1,1,-1,-1,-1,-1,-1,-1,-1,1,-1,-1,-1,1,-1,-1,1,-1,-1,-1,-1,-1,1,1,-1,-1,-1,-1,-1,1,-1,-1,-1,1,-1,-1,1,-1,1,-1,-1,-1,-1,-1,-1,-1,1,-1,-1,-1,1,1,-1,-1,-1,-1,1,-1,-1,-1,-1,1,-1,-1,1,1,1,-1,-1,-1,-1,1,-1,1,1,-1,1,-1,-1,1,1,-1,-1,-1,-1,-1,-1,1,1,-1,-1,1,-1,1,1,-1,-1,-1,1,-1,1,1,-1,-1,1,-1,-1,1,1,1,-1,1,-1,1,1,1,-1,-1,1,-1,-1,1,1,1,-1,1,-1,-1,1,1,-1,1,1,-1,-1,1,1,-1,1,1,-1,-1,1,1,-1,1,1,-1,-1,1,1,1,1,-1,1,-1,-1,1,1,-1,1,-1,-1,1,-1,1,1,1,1,-1,-1,1,-1,1,1,1,-1,1,1,1,1,-1,1,-1,1,1,1,1,1,1,1,-1,1,1,1,1,-1,1,-1,1,1,1,1,1,-1,1,1,1,1,-1,1,1,-1,1,1,-1,1,1,-1,-1,1,1,1,1,-1,1,-1,1,1,1,-1,-1,1,-1,1,1,1,-1,1,-1,-1,-1,1,1,-1,-1,1,-1,-1,1,1,-1,-1,1,-1,-1,1,1,1,-1,1,-1,-1,1,1,-1,-1,-1,1,-1,1,1,-1,1,1,-1,1,1,-1,-1,1,-1,-1,-1,1,1,-1,1,1,-1,1,1,-1,-1,-1,-1,1,-1,-1,-1,-1,1,-1,-1,1,1,-1,1,1,-1,1,1,1,1,-1,1,-1,1,1,1,-1,-1,1,-1,-1,-1,1,-1,1,1,-1,1,1,1,-1,-1,1,-1,1,1,1,1,-1,1,-1,-1,1,1,1,-1,1,1,-1,1,-1,1,-1,1,-1,-1,1,-2672.0,1,2000,445,500,False
458,1,1,-1,-1,1,-1,-1,-1,1,1,1,-1,1,1,1,1,-1,1,-1,-1,1,-1,1,1,1,-1,1,-1,1,1,1,1,-1,-1,-1,-1,1,1,1,-1,-1,-1,-1,1,1,1,1,-1,1,1,1,1,-1,1,-1,-1,1,-1,1,1,1,-1,-1,-1,1,1,1,1,-1,-1,-1,1,1,1,1,-1,-1,-1,1,1,1,-1,-1,-1,1,1,1,1,-1,1,-1,1,1,1,1,-1,-1,1,1,-1,1,1,-1,-1,1,1,1,1,1,-1,-1,1,1,-1,1,1,-1,-1,1,1,1,1,1,1,-1,1,1,1,-1,1,1,-1,1,1,1,1,1,1,-1,-1,1,1,1,1,1,-1,1,1,1,1,1,1,-1,-1,-1,1,1,1,1,-1,1,1,1,1,-1,1,-1,1,-1,1,1,1,-1,-1,1,1,1,1,1,-1,1,-1,-1,1,-1,1,-1,1,1,1,1,1,1,1,1,1,1,1,-1,1,-1,1,1,-1,1,-1,1,1,-1,1,-1,1,-1,1,-1,1,1,-1,-1,-1,1,1,1,1,-1,-1,1,1,-1,-1,1,-1,1,-1,1,1,-1,1,-1,1,-1,1,-1,-1,1,-1,-1,-1,1,1,-1,1,-1,1,1,1,-1,1,1,-1,1,-1,1,-1,1,-1,1,-1,1,1,-1,1,-1,-1,-1,1,1,-1,1,-1,-1,-1,1,1,-1,-1,1,1,-1,-1,1,1,-1,1,1,-1,1,1,1,1,-1,1,-1,1,1,-1,1,-1,1,1,1,1,1,1,1,1,-1,-1,1,-1,-1,-1,1,1,-1,1,1,1,-1,1,-1,1,1,1,1,-1,1,-1,1,1,1,-1,1,1,-1,1,1,1,-1,1,1,-1,-1,1,1,1,-1,1,-1,1,1,1,-1,1,1,-1,1,1,1,-1,1,-1,-1,1,1,1,-1,1,-1,-1,-1,1,1,-1,1,-1,-1,1,-1,1,-1,1,1,-1,-1,1,1,1,-1,1,-1,-1,1,1,-1,1,-1,1,-1,-1,-1,-1,1,1,-1,-1,1,1,-1,1,1,-1,-1,1,1,1,1,1,-1,1,1,1,-1,1,-1,-1,-1,-1,1,1,1,1,-1,-1,1,1,1,1,-1,-1,-1,-1,-1,1,-1,-1,-1,1,-1,1,1,1,1,-1,1,1,-1,1,-1,1,-1,-1,1,-1,1,1,1,1,-1,1,-1,-1,1,1,-1,-1,1,-1,1,1,1,-1,-1,1,-1,-1,1,1,-1,1,1,-1,1,1,-1,-1,1,1,-1,1,-1,-1,-1,1,-1,-1,1,-1,-1,-1,1,-1,-1,1,-1,-1,-1,1,-1,-1,1,1,-1,-1,1,-1,-1,1,-1,-1,-1,1,1,-1,1,-1,-1,-1,1,1,-1,-1,-1,1,-1,1,-1,-1,1,-1,-1,1,-1,1,-1,-1,1,-1,1,-1,1,1,-1,1,-1,-1,1,1,1,-1,1,-1,1,-1,-1,1,1,-1,-1,-1,1,-1,-1,-1,1,1,-1,1,-1,1,-1,1,-1,1,1,-1,1,1,1,-1,-1,1,-1,1,-1,1,1,-1,1,-1,-1,1,1,-1,-1,1,-1,-1,-1,1,-1,-1,1,-1,1,1,1,1,-1,1,-1,-1,1,1,-1,-1,1,-1,-1,-1,1,1,-1,-1,1,1,-1,1,-1,-1,1,1,1,1,1,1,-1,-1,1,1,-1,1,-1,-1,1,1,1,1,-1,1,-1,1,-1,1,1,1,1,-1,-1,1,1,1,-1,-1,-1,-1,1,1,1,1,-1,-1,-1,1,1,1,-1,-1,-1,-1,1,1,1,1,-1,-1,-1,1,1,1,1,-1,-1,1,1,1,1,1,-1,-1,-1,1,1,-1,1,-1,-1,-1,1,1,1,1,-1,-1,1,1,1,1,1,-1,1,1,1,1,1,-1,-1,-1,1,1,1,1,1,-1,1,1,1,1,1,1,-1,-1,1,-1,1,-1,1,-1,-1,1,-1,1,-1,-1,-1,-1,1,-1,1,1,-1,-1,-1,1,-1,1,-1,1,-1,-1,1,-1,1,-1,-1,-1,-1,1,1,-1,-1,-1,-1,-1,1,-1,1,-1,-1,-1,-1,-1,-1,-1,1,-1,-1,-1,1,-1,-1,1,-1,-1,-1,-1,-1,-1,1,-1,-1,-1,-1,-1,1,-1,-1,-1,1,-1,-1,1,-1,1,-1,-1,-1,-1,-1,-1,-1,1,-1,-1,-1,1,1,-1,-1,-1,-1,1,-1,-1,-1,-1,1,-1,-1,1,1,1,-1,-1,-1,-1,1,-1,1,1,-1,1,-1,-1,1,1,-1,-1,-1,-1,-1,-1,1,1,-1,-1,1,-1,1,1,1,-1,-1,1,-1,1,1,-1,-1,1,-1,-1,1,1,1,-1,1,-1,1,1,1,-1,-1,1,-1,-1,1,1,1,-1,1,-1,-1,1,1,-1,1,1,-1,-1,1,1,1,1,1,-1,-1,1,1,-1,1,1,-1,-1,1,1,1,1,-1,1,-1,-1,1,1,1,1,-1,-1,1,-1,1,1,1,1,-1,-1,1,-1,1,1,1,-1,1,1,1,1,-1,1,-1,1,1,1,1,1,1,1,-1,1,1,1,1,-1,1,-1,1,1,1,1,1,-1,1,1,1,1,-1,1,1,-1,1,1,-1,1,1,-1,-1,1,1,1,1,-1,1,-1,1,1,1,-1,-1,1,-1,1,1,1,-1,1,-1,-1,-1,1,1,-1,-1,1,-1,-1,1,1,1,-1,1,-1,-1,1,1,1,-1,1,-1,-1,1,1,-1,-1,-1,1,-1,-1,1,-1,1,1,-1,1,1,-1,-1,1,-1,-1,-1,-1,1,-1,1,1,-1,1,1,-1,-1,-1,-1,1,-1,-1,-1,-1,1,-1,-1,1,1,-1,1,1,-1,1,1,1,1,-1,1,-1,1,1,1,1,-1,1,-1,-1,1,1,1,-1,1,-1,1,1,1,1,-1,1,-1,1,1,-1,-1,-1,1,-1,-1,1,1,-1,-1,-1,1,-1,1,-1,1,-1,1,-1,-1,1,-2672.0,1,2000,445,500,False
459,1,1,-1,-1,1,1,-1,-1,1,1,1,-1,-1,1,1,1,-1,1,-1,-1,-1,-1,1,1,1,-1,-1,-1,1,1,1,1,1,-1,-1,-1,1,-1,1,1,-1,-1,-1,1,1,1,1,-1,1,1,1,1,-1,1,-1,-1,1,-1,1,1,1,-1,-1,-1,1,1,1,1,-1,-1,-1,1,1,1,1,-1,-1,-1,1,1,1,-1,-1,-1,1,1,1,1,-1,-1,1,1,1,1,1,-1,-1,-1,1,-1,1,1,-1,-1,1,1,1,1,1,-1,-1,-1,1,-1,1,1,-1,-1,1,1,1,1,1,1,-1,-1,1,1,-1,1,1,-1,1,1,1,1,1,1,-1,1,1,1,1,1,1,-1,1,1,1,1,1,1,-1,-1,-1,1,1,1,1,-1,1,1,1,1,-1,1,-1,1,-1,1,1,1,-1,-1,1,1,1,1,1,-1,1,-1,-1,1,-1,1,-1,1,1,1,1,1,1,1,1,1,-1,1,-1,1,-1,1,1,-1,1,-1,1,1,-1,1,-1,1,-1,1,-1,1,1,-1,1,-1,1,1,1,1,-1,-1,1,1,-1,-1,1,-1,1,-1,-1,1,-1,1,-1,1,-1,1,-1,1,1,-1,-1,-1,1,1,-1,1,-1,1,1,1,-1,1,1,-1,1,-1,1,-1,1,-1,1,-1,1,1,-1,1,-1,-1,-1,1,1,-1,1,-1,-1,-1,1,1,-1,-1,1,1,-1,-1,1,1,-1,1,1,-1,1,1,1,1,-1,1,-1,1,1,-1,1,-1,1,1,1,1,1,1,1,1,-1,-1,1,-1,-1,1,1,1,-1,1,1,1,-1,1,1,1,1,1,1,1,1,-1,1,1,1,-1,1,1,-1,1,1,1,-1,1,1,-1,-1,1,1,1,-1,1,-1,1,1,1,-1,1,1,-1,1,1,1,-1,1,1,-1,1,1,1,-1,1,1,-1,-1,1,1,1,1,1,-1,1,-1,1,-1,1,1,1,-1,1,1,1,-1,1,1,-1,1,1,-1,1,1,1,-1,-1,-1,-1,1,1,1,-1,1,1,-1,1,1,-1,-1,1,1,-1,1,1,-1,1,1,1,1,1,1,1,-1,-1,1,-1,-1,-1,1,-1,1,-1,-1,1,1,1,-1,1,-1,1,-1,-1,1,1,-1,1,-1,1,1,1,1,1,-1,1,-1,-1,1,-1,1,-1,-1,-1,-1,1,1,1,-1,-1,1,-1,1,1,1,-1,1,-1,1,-1,1,1,-1,-1,1,-1,1,1,1,1,-1,-1,1,1,1,1,-1,-1,1,1,1,1,-1,1,-1,1,-1,1,1,-1,-1,-1,-1,1,1,1,-1,1,-1,1,-1,1,1,-1,-1,1,-1,1,1,1,1,-1,1,-1,-1,-1,1,1,-1,-1,-1,1,-1,1,-1,-1,1,-1,-1,1,-1,1,-1,-1,-1,-1,1,-1,1,1,-1,1,-1,-1,1,1,1,-1,1,-1,1,-1,-1,1,1,-1,-1,-1,1,-1,-1,1,1,1,-1,1,-1,1,1,1,-1,1,1,-1,-1,-1,1,-1,-1,1,-1,-1,1,1,1,-1,1,-1,-1,1,1,-1,-1,1,-1,-1,1,1,-1,-1,1,-1,-1,-1,1,1,-1,1,1,-1,-1,1,-1,-1,1,-1,1,-1,1,1,-1,-1,1,-1,-1,-1,-1,-1,1,1,1,-1,1,1,-1,-1,1,-1,1,-1,-1,-1,1,1,-1,-1,-1,1,-1,1,1,-1,1,1,1,-1,-1,1,1,-1,-1,-1,-1,-1,1,-1,-1,1,-1,-1,-1,1,1,-1,-1,-1,-1,-1,1,-1,-1,1,-1,-1,1,1,1,-1,1,-1,-1,-1,1,1,-1,-1,-1,-1,-1,1,1,1,-1,-1,-1,-1,1,1,-1,-1,-1,-1,1,1,1,1,-1,-1,1,1,1,1,1,-1,-1,-1,1,1,1,1,1,-1,1,1,1,1,-1,1,-1,-1,1,-1,1,-1,1,-1,-1,1,-1,1,-1,-1,-1,-1,1,-1,1,-1,1,1,-1,1,-1,1,-1,1,1,-1,1,-1,1,-1,-1,-1,-1,1,1,-1,-1,-1,-1,-1,1,-1,1,-1,-1,-1,-1,-1,-1,-1,1,-1,-1,-1,1,-1,-1,1,-1,-1,-1,-1,-1,-1,1,-1,-1,-1,-1,-1,1,-1,-1,-1,1,-1,-1,1,-1,1,-1,-1,-1,-1,-1,-1,-1,1,-1,-1,-1,1,1,1,-1,-1,1,1,-1,-1,-1,-1,1,-1,-1,1,-1,1,-1,-1,-1,-1,1,1,1,1,-1,1,-1,-1,-1,1,-1,-1,-1,-1,-1,-1,1,1,-1,-1,1,-1,1,1,-1,-1,-1,1,-1,1,1,-1,-1,1,-1,-1,1,1,1,-1,1,-1,1,1,1,-1,-1,1,-1,-1,1,1,1,-1,1,-1,-1,1,1,-1,1,1,-1,-1,1,1,-1,1,1,-1,-1,1,1,1,1,1,-1,-1,1,1,1,1,1,1,-1,1,1,1,-1,1,-1,-1,1,-1,1,1,1,1,-1,-1,1,-1,1,1,1,-1,1,1,1,1,-1,1,-1,1,1,1,1,1,1,1,-1,1,1,1,1,-1,1,-1,1,1,1,1,1,1,1,1,1,1,-1,1,-1,1,1,1,-1,1,1,1,1,1,1,1,1,-1,1,1,1,1,1,-1,-1,1,-1,1,1,1,-1,1,-1,1,1,1,1,-1,-1,1,1,-1,1,1,-1,-1,1,1,-1,1,1,1,-1,1,-1,1,1,1,-1,-1,-1,-1,1,1,1,-1,1,1,1,1,1,-1,-1,1,1,1,1,1,1,-1,1,-1,1,1,1,-1,-1,-1,-1,-1,-1,-1,-1,-1,-1,1,1,1,1,-1,1,1,-1,-1,1,1,1,-1,1,-1,1,1,1,-1,-1,1,-1,1,1,1,-1,-1,1,-1,1,1,1,-1,-1,1,-1,1,-1,1,1,-1,1,-1,-1,1,1,1,-1,-1,-1,1,1,-1,1,-1,1,-1,-1,1,-2672.0,1,2000,445,500,False
460,1,1,-1,-1,1,-1,-1,-1,1,1,1,-1,1,1,1,1,-1,1,-1,-1,-1,-1,1,1,1,-1,1,-1,1,1,1,1,1,-1,-1,-1,1,-1,1,-1,-1,-1,-1,1,1,1,1,-1,1,1,1,1,-1,1,-1,-1,1,-1,1,1,1,-1,-1,-1,1,1,1,1,-1,-1,-1,1,1,1,1,-1,-1,-1,1,1,1,-1,-1,-1,1,1,1,1,-1,-1,-1,1,1,1,1,-1,-1,1,1,-1,1,1,-1,-1,1,1,1,1,1,-1,-1,1,1,1,1,1,-1,-1,1,1,1,1,1,1,-1,-1,1,1,-1,1,1,-1,1,1,1,1,1,1,-1,-1,1,1,1,1,1,-1,1,1,1,1,1,1,-1,-1,-1,1,1,1,1,-1,1,1,1,1,-1,1,-1,1,1,1,1,1,-1,-1,1,1,1,1,1,-1,1,-1,-1,1,-1,1,-1,1,1,1,1,1,1,1,1,1,-1,1,-1,1,-1,1,1,-1,1,-1,1,1,-1,1,-1,1,-1,1,-1,1,1,-1,1,-1,1,1,1,1,-1,-1,1,1,-1,-1,1,-1,1,-1,1,1,-1,1,-1,1,-1,1,-1,-1,1,-1,-1,-1,1,1,-1,1,-1,1,1,1,-1,1,1,-1,1,-1,1,-1,1,-1,1,-1,1,1,-1,1,-1,-1,-1,1,1,-1,1,-1,-1,-1,1,1,-1,-1,1,1,-1,-1,1,1,-1,1,1,-1,1,1,1,1,-1,1,-1,1,1,-1,1,-1,1,1,1,1,1,1,1,1,-1,-1,1,-1,-1,-1,1,1,-1,1,1,1,-1,1,1,1,1,1,1,1,1,-1,1,1,1,-1,1,1,-1,1,1,1,-1,1,1,-1,-1,1,1,1,-1,1,-1,1,1,1,-1,1,1,-1,1,1,1,-1,1,1,-1,1,1,1,-1,1,1,-1,-1,1,1,-1,1,1,-1,1,-1,1,-1,1,1,1,-1,1,1,1,-1,1,1,-1,1,1,-1,1,-1,1,-1,-1,-1,-1,1,1,1,-1,1,1,-1,1,1,-1,-1,1,1,1,1,1,-1,1,1,1,-1,1,1,1,1,-1,1,1,-1,-1,1,-1,1,-1,1,-1,1,1,-1,-1,-1,1,-1,-1,1,-1,1,-1,1,-1,1,1,1,-1,-1,1,-1,-1,1,-1,1,-1,1,-1,-1,1,1,1,-1,-1,1,-1,1,1,-1,-1,1,1,1,-1,1,-1,-1,1,-1,-1,1,1,-1,-1,1,-1,1,1,-1,1,-1,1,-1,1,1,-1,-1,1,1,-1,1,1,-1,-1,-1,1,-1,1,1,1,-1,1,-1,-1,-1,1,-1,-1,-1,1,-1,1,1,1,-1,-1,1,-1,-1,1,-1,-1,-1,-1,-1,1,1,-1,-1,-1,1,-1,-1,1,-1,-1,-1,-1,1,-1,1,-1,-1,-1,-1,1,-1,-1,1,1,1,-1,1,-1,1,1,1,1,1,-1,-1,-1,1,-1,-1,1,1,1,-1,1,-1,1,1,1,-1,1,1,-1,1,-1,1,-1,1,1,-1,-1,1,1,1,-1,1,-1,-1,1,1,-1,-1,1,-1,-1,1,1,-1,-1,1,-1,-1,-1,1,1,-1,1,-1,-1,-1,1,-1,-1,1,-1,1,-1,1,1,-1,-1,1,-1,-1,-1,-1,-1,-1,1,1,-1,-1,1,-1,1,1,-1,-1,1,-1,-1,1,1,-1,-1,1,-1,-1,1,1,-1,1,-1,1,-1,-1,1,1,-1,-1,-1,-1,-1,1,-1,-1,1,-1,-1,-1,1,1,-1,-1,-1,-1,-1,1,-1,-1,-1,-1,-1,1,1,1,-1,-1,-1,-1,-1,1,1,-1,-1,-1,-1,-1,1,1,1,-1,-1,-1,-1,1,1,-1,-1,-1,-1,1,1,1,1,1,-1,1,1,1,1,1,1,-1,-1,1,1,1,-1,-1,-1,1,1,1,1,-1,1,-1,-1,1,-1,1,-1,1,-1,-1,1,-1,1,-1,1,-1,-1,1,-1,1,-1,1,1,-1,1,-1,1,1,1,1,-1,1,-1,1,1,1,-1,-1,1,1,-1,1,1,-1,-1,1,-1,1,-1,1,-1,-1,-1,-1,-1,1,1,-1,-1,1,-1,-1,1,1,-1,-1,-1,-1,1,-1,1,-1,-1,-1,-1,-1,1,-1,-1,1,-1,-1,1,-1,1,-1,-1,-1,-1,-1,1,1,1,-1,-1,-1,1,1,1,-1,-1,-1,1,-1,-1,1,-1,1,-1,-1,1,1,1,-1,-1,-1,-1,1,-1,1,1,-1,1,-1,-1,1,1,-1,-1,-1,-1,-1,-1,1,1,-1,-1,1,-1,1,1,-1,-1,-1,1,-1,1,1,-1,-1,1,-1,-1,1,1,1,-1,1,-1,1,1,1,-1,-1,1,-1,-1,1,1,1,-1,1,-1,-1,1,1,-1,1,1,-1,-1,1,1,1,1,1,-1,-1,1,1,-1,1,1,-1,-1,1,1,1,1,-1,1,-1,1,1,1,1,1,-1,-1,1,-1,1,1,1,1,-1,-1,1,-1,1,1,1,-1,1,1,1,1,-1,1,-1,1,1,1,1,1,1,1,-1,-1,1,1,1,-1,1,-1,1,1,1,1,1,-1,1,1,1,1,-1,1,1,-1,1,1,-1,1,1,-1,-1,1,1,1,1,-1,1,-1,1,1,1,-1,-1,1,-1,1,1,1,-1,1,-1,-1,-1,1,1,-1,-1,1,-1,-1,1,1,1,-1,1,-1,1,1,1,1,-1,1,-1,-1,1,1,-1,-1,-1,1,1,-1,1,-1,1,1,-1,1,1,-1,-1,1,1,-1,-1,1,1,-1,1,1,1,1,1,-1,-1,-1,-1,-1,-1,-1,-1,-1,-1,1,1,1,1,-1,1,1,-1,1,1,1,1,-1,1,-1,1,1,1,1,-1,1,-1,1,1,1,1,-1,1,-1,1,1,1,1,-1,1,-1,1,1,1,-1,-1,1,-1,1,1,1,-1,-1,-1,1,-1,1,1,1,-1,1,-1,1,1,-2672.0,1,2000,445,500,False
461,1,1,-1,-1,1,-1,-1,-1,1,1,1,-1,1,1,1,1,-1,1,-1,-1,-1,-1,1,1,1,-1,-1,-1,1,1,1,1,1,-1,-1,-1,1,1,1,1,-1,-1,-1,1,1,1,1,-1,1,1,1,1,-1,1,-1,-1,1,-1,1,1,-1,-1,-1,-1,1,1,1,1,-1,-1,-1,1,1,1,1,-1,-1,-1,1,1,1,-1,-1,-1,1,1,1,1,-1,-1,1,1,1,1,1,-1,-1,-1,1,-1,1,1,-1,-1,1,1,1,1,1,-1,-1,-1,1,1,1,1,-1,-1,1,1,1,1,1,1,-1,-1,1,1,-1,1,1,-1,1,1,1,1,1,1,-1,1,1,1,1,1,1,-1,1,1,1,1,1,1,-1,-1,-1,1,1,1,1,-1,1,1,1,1,-1,1,-1,1,1,1,1,1,-1,-1,1,1,1,1,1,-1,1,-1,-1,1,-1,1,-1,1,1,1,1,1,1,1,1,1,-1,1,-1,1,-1,1,1,-1,1,-1,1,1,-1,1,-1,1,-1,1,-1,1,1,-1,1,-1,1,1,1,1,-1,-1,1,1,-1,-1,1,-1,1,-1,-1,1,-1,1,-1,1,-1,1,-1,1,1,-1,-1,-1,1,1,-1,1,-1,1,1,1,-1,1,1,-1,1,-1,1,-1,1,-1,1,-1,1,1,-1,1,-1,-1,-1,1,1,-1,1,-1,-1,-1,1,1,-1,-1,1,1,-1,-1,1,1,-1,1,1,-1,1,1,1,1,-1,1,-1,1,1,-1,1,-1,1,1,-1,1,1,1,1,1,-1,-1,1,-1,-1,1,1,1,-1,1,1,1,-1,1,-1,-1,1,1,1,1,1,-1,1,1,1,-1,1,1,-1,1,1,1,-1,1,1,-1,-1,1,1,1,-1,1,-1,1,1,1,-1,1,1,-1,1,1,1,-1,1,-1,-1,1,1,1,-1,1,-1,-1,-1,1,1,-1,1,-1,-1,1,-1,1,-1,1,1,-1,-1,1,1,1,-1,1,-1,-1,1,1,-1,1,-1,-1,-1,-1,-1,-1,1,-1,-1,-1,1,1,-1,1,-1,1,-1,1,1,1,1,-1,-1,1,1,1,-1,1,-1,-1,-1,-1,1,1,-1,1,-1,-1,1,-1,1,-1,-1,-1,1,-1,-1,1,-1,1,-1,-1,1,-1,1,-1,-1,-1,1,1,-1,1,-1,1,-1,-1,1,-1,1,-1,-1,-1,-1,1,-1,-1,1,1,-1,-1,1,-1,1,1,-1,1,-1,1,-1,1,-1,1,-1,-1,1,-1,1,-1,-1,-1,1,1,-1,1,-1,1,-1,1,-1,1,1,-1,1,-1,1,-1,-1,1,-1,-1,-1,1,-1,1,-1,-1,1,-1,1,-1,-1,1,-1,-1,1,-1,1,-1,1,-1,1,-1,1,1,-1,1,-1,1,-1,1,-1,-1,1,-1,1,1,1,1,-1,-1,1,1,-1,1,1,-1,-1,1,1,1,-1,1,1,-1,1,1,1,1,-1,-1,1,-1,-1,-1,1,-1,1,1,-1,1,-1,1,-1,1,-1,-1,-1,1,1,-1,1,1,-1,-1,1,1,-1,1,1,-1,1,-1,1,-1,-1,-1,-1,-1,-1,1,-1,-1,-1,-1,-1,-1,1,-1,1,1,1,1,-1,1,-1,1,1,-1,-1,-1,1,-1,-1,1,-1,1,-1,-1,1,1,1,1,-1,-1,-1,1,1,1,-1,1,-1,1,1,1,1,-1,-1,-1,1,1,1,1,-1,-1,-1,1,-1,1,-1,1,-1,-1,-1,1,1,1,-1,-1,-1,-1,1,1,1,1,-1,-1,-1,1,1,1,1,-1,-1,-1,1,-1,1,-1,-1,-1,1,1,1,1,1,-1,-1,-1,1,1,1,1,-1,-1,-1,1,1,-1,1,-1,-1,-1,1,1,1,1,-1,-1,1,1,1,1,-1,-1,1,1,-1,1,1,-1,-1,-1,1,1,1,1,1,-1,1,1,1,1,1,-1,-1,-1,1,-1,1,-1,-1,-1,-1,1,-1,1,1,-1,-1,-1,1,-1,1,1,-1,-1,-1,1,1,1,1,-1,-1,-1,1,-1,1,1,-1,-1,-1,1,1,-1,-1,-1,-1,-1,1,-1,1,-1,-1,-1,-1,-1,-1,-1,1,-1,-1,-1,1,-1,-1,1,-1,-1,-1,-1,-1,1,1,-1,-1,-1,-1,-1,1,-1,-1,-1,1,-1,-1,1,-1,1,-1,-1,-1,-1,-1,-1,-1,1,-1,-1,-1,1,1,-1,-1,-1,1,1,-1,-1,-1,-1,1,-1,-1,1,1,1,-1,-1,-1,-1,1,-1,1,1,-1,1,-1,-1,1,1,-1,-1,-1,-1,-1,-1,1,1,-1,-1,1,-1,1,1,-1,-1,-1,1,-1,1,1,-1,-1,1,-1,-1,1,1,1,-1,1,-1,1,1,1,-1,-1,1,-1,-1,1,1,1,-1,1,-1,-1,1,1,-1,1,1,-1,-1,1,1,1,1,1,-1,-1,1,1,1,1,1,-1,-1,1,1,1,1,1,1,-1,1,1,1,-1,1,-1,-1,1,-1,1,1,1,1,-1,-1,1,-1,1,1,1,-1,1,1,1,1,-1,1,-1,1,1,1,1,1,1,1,-1,-1,1,1,1,-1,1,-1,1,1,1,1,1,-1,1,1,1,1,-1,1,1,-1,-1,1,-1,1,1,-1,-1,1,1,1,1,-1,1,-1,1,1,1,-1,-1,1,-1,1,1,1,-1,1,-1,-1,-1,1,1,-1,-1,1,-1,-1,1,1,1,-1,1,-1,1,1,1,1,-1,1,-1,-1,1,1,-1,-1,-1,1,1,-1,1,-1,1,1,-1,1,1,-1,-1,1,1,-1,-1,1,1,-1,1,1,1,1,1,-1,-1,-1,-1,-1,-1,-1,-1,-1,-1,1,1,1,1,-1,1,1,-1,1,1,1,1,-1,1,-1,1,1,1,-1,-1,1,-1,1,1,1,-1,-1,1,-1,1,1,1,-1,-1,1,-1,1,1,1,1,-1,1,-1,1,1,1,1,-1,-1,1,-1,1,-1,1,-1,1,-1,1,1,-2672.0,1,2000,445,0,False
462,1,1,-1,-1,1,1,-1,-1,1,1,1,-1,1,1,1,1,-1,1,-1,-1,1,-1,1,1,1,-1,-1,-1,1,1,1,1,-1,-1,-1,-1,1,-1,1,1,-1,-1,-1,1,1,1,1,-1,1,1,1,1,-1,1,-1,-1,1,-1,1,1,1,-1,-1,-1,1,1,1,1,-1,-1,-1,1,1,1,1,-1,-1,-1,1,1,1,-1,-1,-1,1,1,1,1,-1,-1,-1,1,1,1,1,-1,-1,1,1,-1,1,1,-1,-1,1,1,1,1,1,-1,-1,1,1,-1,1,1,-1,-1,1,1,1,1,1,1,-1,-1,1,1,-1,1,1,-1,1,1,1,1,1,1,-1,-1,1,1,1,1,1,-1,1,1,1,1,1,1,-1,-1,-1,1,1,1,1,-1,1,1,1,1,-1,1,-1,1,-1,1,1,1,-1,-1,1,1,1,1,1,-1,1,-1,-1,1,-1,1,-1,1,1,1,1,1,1,1,1,1,-1,1,-1,1,-1,1,1,-1,1,-1,1,1,-1,1,-1,1,-1,1,-1,1,1,-1,1,-1,1,1,1,1,-1,-1,1,1,-1,-1,1,-1,1,-1,-1,1,-1,1,-1,1,-1,1,-1,1,1,-1,-1,-1,1,1,-1,1,-1,1,1,1,-1,1,1,-1,1,-1,1,-1,1,-1,1,-1,1,1,-1,1,-1,-1,-1,1,1,-1,1,-1,-1,-1,1,1,-1,-1,1,1,-1,-1,1,1,-1,1,1,-1,1,1,1,1,-1,1,-1,1,1,-1,1,-1,1,1,-1,1,1,1,1,1,-1,-1,1,-1,-1,-1,1,1,-1,1,1,1,-1,1,-1,-1,1,1,1,1,1,-1,1,1,1,-1,1,1,-1,1,1,1,-1,1,1,-1,-1,1,1,1,-1,1,-1,1,1,1,-1,1,1,-1,1,1,1,-1,1,-1,-1,1,1,1,-1,1,-1,-1,-1,1,1,-1,1,-1,-1,1,-1,1,-1,1,1,-1,-1,1,1,1,-1,1,-1,-1,1,1,-1,1,-1,-1,-1,-1,-1,-1,1,1,-1,-1,1,1,-1,1,-1,-1,-1,1,1,1,1,-1,-1,1,1,1,-1,1,-1,-1,-1,-1,1,1,-1,1,-1,-1,1,-1,1,-1,-1,-1,1,-1,-1,1,-1,1,-1,-1,1,-1,1,-1,-1,-1,1,1,-1,1,-1,1,-1,-1,1,-1,1,-1,-1,-1,-1,1,-1,-1,1,1,-1,-1,1,-1,1,1,-1,1,-1,1,-1,1,-1,1,-1,-1,1,-1,1,-1,-1,-1,1,1,-1,1,-1,1,-1,1,-1,1,1,-1,1,-1,1,-1,-1,1,-1,-1,-1,1,-1,1,-1,1,1,-1,1,-1,-1,1,-1,-1,1,-1,1,-1,1,-1,1,-1,1,1,-1,-1,-1,1,-1,1,-1,-1,1,-1,1,1,1,1,-1,-1,1,1,-1,1,1,-1,-1,1,1,1,-1,1,1,-1,1,1,1,1,-1,-1,1,-1,-1,-1,1,-1,1,1,-1,1,-1,1,-1,1,-1,-1,-1,1,1,-1,1,1,-1,-1,-1,1,-1,1,1,-1,1,-1,1,-1,-1,-1,-1,-1,-1,1,-1,-1,-1,-1,-1,-1,1,-1,1,1,1,1,-1,1,-1,1,1,-1,-1,-1,1,-1,-1,1,-1,1,-1,-1,1,1,1,1,-1,-1,1,1,1,1,-1,1,-1,-1,1,1,1,-1,-1,-1,1,1,1,1,-1,1,-1,1,-1,1,-1,1,1,-1,-1,1,1,1,-1,-1,-1,1,1,1,1,1,-1,-1,-1,1,1,1,1,-1,-1,-1,1,1,1,-1,-1,-1,1,1,1,1,1,-1,-1,-1,1,1,1,1,-1,-1,-1,1,1,-1,1,-1,-1,-1,1,1,1,1,-1,-1,1,1,1,1,-1,-1,1,1,-1,1,1,-1,-1,-1,1,1,1,1,1,-1,1,1,1,1,1,-1,-1,-1,1,-1,1,-1,-1,-1,-1,1,-1,1,1,-1,-1,-1,1,-1,1,1,-1,1,-1,1,1,1,1,-1,1,-1,1,-1,1,1,-1,-1,-1,1,1,-1,-1,-1,-1,-1,1,-1,1,-1,-1,-1,-1,-1,-1,-1,1,-1,-1,-1,1,-1,-1,1,-1,-1,-1,-1,-1,1,1,-1,-1,-1,-1,-1,1,-1,-1,-1,1,-1,-1,1,-1,1,-1,-1,-1,-1,-1,-1,-1,1,-1,-1,-1,1,1,1,-1,-1,1,-1,-1,-1,-1,-1,1,-1,-1,1,1,1,-1,-1,-1,-1,1,-1,1,1,-1,1,-1,-1,1,1,-1,-1,-1,-1,-1,-1,1,1,-1,-1,1,-1,1,1,-1,-1,-1,1,-1,1,1,-1,-1,1,-1,-1,1,1,1,-1,1,-1,1,1,1,-1,-1,1,-1,-1,1,1,1,-1,1,-1,-1,1,1,-1,1,1,-1,-1,1,1,-1,1,1,-1,-1,1,1,-1,1,1,-1,-1,1,1,1,1,1,1,-1,1,1,1,-1,1,-1,-1,1,-1,1,1,1,1,-1,-1,1,-1,1,1,1,-1,1,1,1,1,-1,1,-1,1,1,1,1,1,1,1,-1,1,1,1,1,-1,1,-1,1,1,1,1,1,-1,1,1,1,1,-1,1,1,-1,1,1,-1,1,1,-1,-1,1,1,1,1,-1,1,-1,1,1,1,-1,-1,1,-1,1,1,1,-1,1,-1,-1,-1,1,1,-1,-1,1,-1,-1,1,1,-1,-1,1,-1,1,1,1,1,-1,1,-1,-1,1,1,-1,-1,-1,1,1,1,1,-1,1,1,-1,1,1,-1,-1,1,1,-1,-1,1,1,-1,1,1,1,1,1,-1,-1,-1,-1,-1,-1,-1,-1,-1,-1,1,1,1,1,-1,1,1,-1,1,1,1,1,-1,1,-1,1,1,1,1,-1,1,-1,1,1,1,1,-1,1,-1,1,1,1,1,-1,1,-1,1,1,-1,-1,-1,1,-1,1,1,1,-1,-1,-1,1,-1,1,-1,1,-1,1,-1,1,1,-2672.0,1,2000,445,500,False
463,1,1,-1,-1,1,-1,-1,-1,1,1,1,-1,1,1,1,1,-1,1,-1,-1,-1,-1,1,1,1,-1,-1,-1,1,1,1,1,1,-1,-1,-1,1,1,1,1,-1,-1,-1,1,1,1,1,-1,1,1,1,1,-1,1,-1,-1,1,-1,1,1,1,-1,-1,-1,1,1,1,1,-1,-1,-1,1,1,1,1,-1,-1,-1,1,1,1,-1,-1,-1,1,1,1,1,-1,-1,-1,1,1,1,1,-1,-1,1,1,-1,1,1,-1,-1,1,1,1,1,1,-1,-1,-1,1,-1,1,1,-1,-1,1,1,1,1,1,1,-1,-1,1,1,-1,1,1,-1,1,1,1,1,1,1,-1,1,1,1,1,1,1,-1,1,1,1,1,1,1,-1,-1,-1,1,1,1,1,-1,1,1,1,1,-1,1,-1,1,1,1,1,1,-1,-1,1,1,1,1,1,-1,1,-1,-1,1,-1,1,-1,1,1,1,1,1,1,1,1,1,-1,1,-1,1,-1,1,1,-1,1,-1,1,1,-1,1,-1,1,-1,1,-1,1,1,-1,1,-1,1,1,1,1,-1,-1,1,1,-1,-1,1,-1,1,-1,1,1,-1,1,-1,1,-1,1,-1,-1,1,-1,-1,-1,1,1,-1,1,-1,1,1,1,-1,1,-1,-1,1,-1,1,-1,1,1,1,-1,1,1,-1,1,-1,-1,-1,1,1,-1,1,-1,-1,-1,1,1,-1,-1,1,1,-1,-1,1,1,-1,1,1,-1,1,1,1,1,-1,1,-1,1,1,-1,1,-1,1,1,-1,1,1,1,1,1,-1,-1,1,-1,-1,-1,1,1,-1,1,1,1,-1,1,-1,-1,1,1,1,-1,1,-1,1,1,1,-1,1,1,-1,1,1,1,-1,1,1,-1,-1,1,1,1,-1,1,-1,1,1,1,-1,1,1,-1,1,1,1,-1,1,-1,-1,1,1,1,-1,1,-1,-1,-1,1,1,1,1,-1,-1,1,-1,1,-1,1,1,-1,-1,1,1,1,-1,1,-1,-1,1,1,-1,1,-1,-1,-1,-1,-1,-1,1,-1,-1,-1,1,1,-1,1,-1,1,-1,1,1,-1,1,1,-1,1,1,-1,1,1,-1,-1,-1,-1,1,-1,-1,1,-1,-1,1,-1,-1,1,-1,-1,1,-1,-1,1,-1,1,-1,-1,1,-1,-1,1,-1,-1,1,1,-1,1,-1,1,-1,-1,1,-1,-1,-1,-1,-1,-1,1,-1,-1,1,1,-1,-1,1,-1,1,-1,-1,1,-1,1,-1,-1,1,1,-1,-1,1,-1,-1,-1,-1,-1,1,1,-1,-1,1,1,-1,1,-1,1,-1,1,1,-1,1,-1,-1,-1,-1,-1,-1,1,-1,1,-1,1,1,-1,1,-1,-1,1,-1,-1,1,-1,1,-1,1,-1,1,-1,1,1,-1,-1,-1,1,-1,1,-1,-1,1,-1,1,1,1,1,-1,-1,-1,1,-1,1,1,-1,-1,1,1,1,-1,1,1,-1,1,1,1,1,-1,-1,1,-1,-1,-1,1,-1,1,1,-1,1,-1,1,-1,1,-1,-1,-1,1,1,-1,1,1,-1,-1,1,1,-1,1,1,-1,1,-1,1,-1,-1,-1,-1,-1,-1,1,-1,-1,-1,-1,-1,-1,1,-1,1,1,1,1,-1,1,-1,1,1,-1,-1,-1,1,-1,-1,1,-1,1,-1,-1,1,1,1,1,-1,-1,-1,1,1,1,-1,1,-1,1,1,1,1,-1,-1,-1,1,1,1,1,-1,1,-1,1,-1,1,-1,1,1,-1,-1,1,1,1,-1,-1,-1,-1,1,1,1,1,-1,-1,-1,1,1,1,1,-1,-1,-1,1,-1,1,-1,-1,-1,1,1,1,1,1,-1,-1,-1,1,1,1,1,-1,-1,-1,1,1,-1,1,-1,-1,-1,1,1,1,1,-1,-1,1,1,1,1,-1,-1,1,1,-1,1,1,-1,-1,-1,1,1,1,1,1,-1,1,1,1,1,1,-1,-1,-1,1,-1,1,-1,-1,-1,-1,1,-1,1,1,-1,-1,-1,1,-1,1,1,-1,-1,-1,1,1,1,1,-1,-1,-1,1,-1,1,1,-1,-1,-1,1,1,-1,-1,-1,-1,-1,1,-1,1,-1,-1,-1,-1,-1,-1,-1,1,-1,-1,-1,1,-1,-1,1,-1,-1,-1,-1,-1,1,1,-1,-1,-1,-1,-1,1,-1,-1,-1,1,-1,-1,1,-1,1,-1,-1,-1,-1,-1,-1,-1,1,-1,-1,-1,1,1,1,-1,-1,-1,1,-1,-1,-1,-1,1,-1,-1,1,1,1,-1,-1,-1,-1,1,-1,1,1,-1,1,-1,-1,1,1,-1,-1,-1,-1,-1,-1,1,1,-1,-1,1,-1,1,1,-1,-1,-1,1,-1,1,1,-1,-1,1,-1,-1,1,1,1,-1,1,-1,1,1,1,-1,-1,1,-1,-1,1,1,1,-1,1,-1,-1,1,1,-1,1,1,-1,-1,1,1,-1,1,1,-1,-1,1,1,1,1,1,-1,-1,1,1,1,1,-1,1,-1,1,1,1,-1,1,-1,-1,1,-1,1,1,1,1,-1,1,1,-1,1,1,1,-1,1,1,1,1,-1,1,-1,1,1,1,1,1,1,1,-1,1,1,1,1,-1,1,-1,1,1,1,1,1,1,1,1,1,1,-1,1,-1,1,1,1,-1,1,1,1,1,-1,1,1,1,-1,1,1,1,1,1,-1,-1,1,-1,1,1,1,-1,1,-1,1,1,1,1,-1,-1,1,1,-1,1,1,-1,-1,1,1,-1,1,1,1,-1,1,-1,1,1,1,-1,-1,-1,-1,1,-1,1,-1,1,1,1,1,1,-1,-1,1,1,1,1,1,1,-1,1,-1,1,1,1,-1,-1,-1,-1,-1,-1,-1,-1,-1,1,-1,1,1,1,-1,1,1,-1,-1,1,1,1,-1,1,-1,1,1,1,-1,-1,1,-1,1,1,1,-1,1,1,-1,1,1,1,-1,-1,1,-1,1,-1,1,1,-1,1,-1,-1,1,1,-1,-1,1,-1,1,1,-1,1,-1,1,-1,-1,1,-2672.0,1,2000,445,0,False
464,1,1,-1,-1,1,1,-1,-1,1,1,1,-1,1,1,1,1,-1,1,-1,-1,-1,-1,1,1,1,-1,1,-1,1,1,1,1,1,-1,-1,-1,1,-1,1,1,-1,-1,-1,1,1,1,1,-1,1,1,1,1,-1,1,-1,-1,1,-1,1,1,1,-1,-1,-1,1,1,1,1,-1,-1,-1,1,1,1,1,-1,-1,-1,1,1,1,-1,-1,-1,1,1,1,1,-1,-1,1,1,1,1,1,-1,-1,-1,1,-1,1,1,-1,-1,1,1,1,1,1,-1,-1,-1,1,-1,1,1,-1,-1,1,1,1,1,1,1,-1,-1,1,1,-1,1,1,-1,1,1,1,1,1,1,-1,1,1,1,1,1,1,-1,1,1,1,1,1,1,-1,-1,-1,1,1,1,1,-1,1,1,1,1,-1,1,-1,1,-1,1,1,1,-1,-1,1,1,1,1,1,-1,1,-1,-1,1,-1,1,-1,1,1,1,1,1,1,1,1,1,-1,1,-1,1,-1,1,1,-1,1,-1,1,1,-1,1,-1,1,-1,1,-1,1,1,-1,1,-1,1,1,1,1,-1,-1,1,1,-1,-1,1,-1,1,-1,-1,1,-1,1,-1,1,-1,1,-1,1,1,-1,-1,-1,1,1,-1,1,-1,1,1,1,-1,1,1,-1,1,-1,1,-1,1,-1,1,-1,1,1,-1,1,-1,-1,-1,1,1,-1,1,-1,-1,-1,1,1,-1,-1,1,1,-1,-1,1,1,-1,1,1,-1,1,1,1,1,-1,1,-1,1,1,-1,1,-1,1,1,-1,1,1,1,1,1,-1,-1,1,-1,-1,-1,1,1,-1,1,1,1,-1,1,-1,-1,1,1,1,1,1,-1,1,1,1,-1,1,1,-1,1,1,1,-1,1,1,-1,-1,1,1,1,-1,1,-1,1,1,1,-1,1,1,-1,1,1,1,-1,1,-1,-1,1,1,1,-1,1,-1,-1,-1,1,1,-1,1,-1,-1,1,-1,1,-1,1,1,-1,-1,1,1,1,-1,1,-1,-1,1,1,-1,1,-1,-1,-1,-1,-1,-1,1,1,-1,-1,1,1,-1,1,-1,-1,-1,1,1,1,1,-1,-1,1,1,1,-1,1,-1,-1,-1,-1,1,1,-1,1,-1,-1,1,-1,1,-1,-1,-1,1,-1,-1,1,-1,1,-1,-1,1,-1,1,-1,-1,-1,1,1,-1,1,-1,1,-1,-1,1,-1,1,-1,-1,-1,-1,1,-1,-1,1,1,-1,-1,1,-1,1,1,-1,1,-1,1,-1,1,-1,1,-1,-1,1,-1,1,-1,-1,-1,1,1,-1,1,-1,1,-1,1,-1,1,1,1,1,-1,1,-1,-1,1,-1,-1,-1,1,-1,1,-1,1,1,-1,1,-1,-1,1,-1,-1,1,-1,1,-1,1,-1,1,-1,1,1,-1,1,-1,1,-1,1,-1,-1,1,-1,1,1,1,1,-1,-1,1,1,-1,1,1,-1,-1,1,1,1,-1,1,1,-1,1,1,1,1,1,-1,1,-1,-1,-1,1,-1,1,1,-1,1,-1,1,-1,1,-1,-1,-1,1,1,-1,1,1,-1,-1,-1,1,-1,1,1,-1,1,-1,1,-1,-1,-1,-1,-1,-1,1,-1,-1,-1,-1,-1,-1,1,-1,1,1,1,1,-1,1,-1,1,1,-1,-1,-1,1,-1,-1,1,-1,1,-1,-1,1,1,1,1,-1,-1,1,1,1,1,-1,1,-1,-1,1,1,1,-1,-1,-1,1,1,1,1,-1,1,-1,1,-1,1,-1,1,1,-1,-1,1,1,1,-1,-1,-1,-1,1,1,1,1,-1,-1,-1,1,1,1,1,-1,-1,-1,1,1,1,-1,-1,-1,1,1,1,1,1,-1,-1,-1,1,1,1,1,-1,-1,-1,1,1,-1,1,-1,-1,-1,1,1,1,1,-1,-1,1,1,1,1,-1,-1,1,1,-1,1,1,-1,-1,-1,1,1,1,1,1,-1,1,1,1,1,1,-1,-1,-1,1,-1,1,-1,-1,-1,-1,1,-1,1,1,1,-1,-1,1,-1,1,1,-1,1,-1,1,1,1,1,-1,1,-1,1,-1,1,1,-1,-1,-1,1,1,-1,-1,-1,-1,-1,1,-1,1,-1,-1,-1,-1,-1,-1,-1,1,-1,-1,-1,1,-1,-1,1,-1,-1,-1,-1,-1,-1,1,-1,-1,-1,-1,-1,1,-1,-1,-1,1,-1,-1,1,-1,1,-1,-1,-1,-1,-1,-1,-1,1,-1,-1,-1,1,1,-1,-1,-1,1,-1,-1,-1,-1,-1,1,-1,-1,1,1,1,-1,-1,-1,-1,1,-1,1,1,-1,1,-1,-1,1,1,-1,-1,-1,-1,-1,-1,1,1,-1,-1,1,-1,1,1,-1,-1,-1,1,-1,1,1,-1,-1,1,-1,-1,1,1,1,-1,1,-1,1,1,1,-1,-1,1,-1,-1,1,1,1,-1,1,-1,-1,1,1,-1,1,1,-1,-1,1,1,-1,1,1,-1,-1,1,1,1,1,1,-1,-1,1,1,1,1,1,1,-1,1,1,1,-1,1,-1,-1,1,-1,1,1,1,1,-1,-1,1,-1,1,1,1,-1,1,1,1,1,-1,1,-1,1,1,1,1,1,1,1,-1,-1,1,1,1,-1,1,-1,1,1,1,1,1,-1,1,1,1,1,-1,1,1,-1,-1,1,-1,1,1,-1,-1,1,1,1,1,-1,1,-1,1,1,1,-1,-1,1,-1,1,1,1,-1,1,-1,-1,-1,1,1,-1,-1,1,-1,-1,1,1,1,-1,1,-1,1,-1,1,1,-1,1,-1,-1,1,1,-1,-1,-1,1,1,-1,1,-1,1,1,-1,1,1,-1,-1,1,1,-1,-1,1,1,-1,1,1,1,1,1,-1,-1,-1,-1,-1,-1,-1,-1,-1,-1,1,1,1,1,-1,1,1,-1,1,1,1,1,-1,1,-1,1,1,1,-1,-1,1,-1,1,1,1,-1,-1,1,-1,1,1,1,-1,-1,1,-1,1,-1,1,1,-1,1,-1,1,1,1,1,-1,-1,1,-1,1,1,1,-1,1,-1,1,1,-2672.0,1,2000,445,0,False
465,1,1,-1,-1,1,-1,-1,-1,1,1,1,-1,1,1,1,1,-1,1,-1,-1,-1,-1,1,1,1,-1,1,-1,1,1,1,1,1,-1,-1,-1,1,1,1,1,-1,-1,-1,1,1,1,1,-1,1,1,1,1,-1,1,-1,-1,1,-1,1,1,1,-1,-1,-1,1,1,1,1,-1,-1,-1,1,1,1,1,-1,-1,-1,1,1,1,-1,-1,-1,1,1,1,1,-1,-1,-1,1,1,1,1,-1,-1,1,1,-1,1,1,-1,-1,1,1,1,1,1,-1,-1,-1,1,1,1,1,-1,-1,1,1,1,1,1,1,-1,-1,1,1,-1,1,1,-1,1,1,1,1,1,1,-1,1,1,1,1,1,1,-1,1,1,1,1,1,1,-1,-1,-1,1,1,1,1,-1,1,1,1,1,-1,1,-1,1,-1,1,1,1,-1,-1,1,1,1,1,1,-1,1,-1,-1,1,-1,1,-1,1,1,1,1,1,1,1,1,1,-1,1,-1,1,-1,1,1,-1,1,-1,1,1,-1,1,-1,1,-1,1,1,1,1,-1,1,-1,1,-1,1,1,-1,-1,1,1,-1,-1,1,-1,1,-1,1,-1,-1,1,-1,1,-1,1,-1,1,1,-1,-1,-1,1,-1,-1,1,-1,1,1,1,-1,1,1,-1,1,-1,1,-1,1,-1,1,-1,1,1,-1,1,-1,-1,-1,1,1,-1,1,-1,-1,-1,1,1,1,-1,1,1,-1,-1,1,1,-1,1,1,-1,1,1,1,1,-1,1,-1,1,1,1,-1,-1,1,1,-1,1,-1,1,1,1,-1,-1,1,-1,-1,-1,1,1,-1,1,1,1,-1,1,-1,-1,1,1,1,1,1,-1,1,1,1,-1,1,1,-1,1,1,1,-1,1,1,-1,-1,1,1,1,-1,1,-1,1,1,1,-1,1,1,-1,1,1,1,-1,1,-1,-1,1,1,1,-1,1,-1,-1,-1,1,1,-1,1,-1,-1,1,-1,1,-1,1,1,-1,-1,1,1,1,-1,1,-1,-1,1,1,-1,1,-1,1,-1,-1,-1,-1,1,1,-1,-1,1,1,-1,1,1,-1,-1,1,1,1,1,1,-1,1,1,1,-1,1,-1,-1,-1,-1,1,1,1,1,-1,-1,1,-1,1,-1,-1,-1,-1,-1,-1,1,-1,-1,-1,1,-1,1,1,-1,1,-1,1,1,-1,1,-1,1,-1,-1,1,-1,1,1,1,1,-1,1,-1,-1,1,1,-1,-1,1,-1,1,1,1,-1,-1,1,-1,-1,1,1,-1,1,1,-1,1,1,-1,-1,1,1,-1,1,-1,-1,-1,1,-1,1,1,-1,-1,1,1,-1,-1,1,-1,-1,-1,1,-1,-1,1,1,-1,-1,1,-1,-1,1,-1,-1,-1,1,1,-1,1,-1,-1,-1,1,1,-1,1,-1,1,-1,1,-1,-1,1,-1,-1,1,-1,1,-1,-1,1,-1,1,-1,1,-1,1,1,-1,-1,1,1,1,-1,1,-1,1,-1,1,-1,1,-1,-1,-1,1,-1,-1,-1,1,1,-1,1,-1,1,-1,1,-1,1,1,-1,1,1,1,-1,-1,1,-1,1,-1,1,1,-1,1,-1,-1,1,1,-1,-1,1,-1,-1,-1,1,-1,-1,1,-1,1,1,1,1,-1,1,-1,-1,1,1,-1,-1,1,-1,-1,-1,1,1,-1,-1,1,1,-1,-1,-1,-1,1,1,1,1,1,1,-1,-1,1,1,-1,1,-1,-1,1,1,1,1,-1,-1,-1,1,-1,1,1,1,-1,-1,-1,1,1,1,-1,-1,-1,1,1,1,1,1,-1,-1,-1,1,1,1,-1,-1,-1,-1,1,1,1,1,-1,-1,1,1,1,1,1,-1,-1,-1,1,1,1,-1,-1,-1,-1,1,1,-1,1,-1,-1,-1,1,1,1,1,-1,-1,1,1,1,1,1,-1,1,1,-1,1,1,-1,-1,-1,1,1,1,-1,1,-1,1,1,1,1,1,1,-1,-1,1,-1,1,-1,1,-1,-1,1,-1,1,-1,-1,-1,-1,1,-1,1,1,-1,-1,-1,1,1,1,-1,1,-1,-1,1,-1,1,-1,-1,-1,-1,1,1,-1,-1,-1,-1,-1,1,-1,1,-1,-1,-1,-1,-1,-1,-1,1,-1,-1,-1,1,-1,-1,1,-1,-1,-1,-1,-1,1,1,-1,-1,-1,-1,-1,1,-1,-1,-1,1,-1,-1,1,-1,1,-1,-1,-1,-1,-1,-1,-1,1,-1,-1,-1,1,1,-1,-1,-1,-1,1,-1,-1,-1,-1,1,-1,-1,1,1,1,-1,-1,-1,-1,1,-1,1,1,-1,1,-1,-1,1,1,-1,-1,-1,-1,-1,-1,1,1,-1,-1,1,-1,1,1,-1,-1,-1,-1,-1,-1,1,-1,-1,-1,1,-1,1,1,1,-1,-1,-1,1,1,1,-1,-1,1,-1,-1,1,1,1,-1,1,-1,-1,1,1,-1,1,-1,-1,-1,1,1,-1,1,1,1,-1,1,1,1,1,1,1,-1,1,1,1,1,1,1,-1,1,1,1,-1,1,-1,-1,1,-1,1,1,1,1,-1,-1,1,-1,1,-1,1,-1,1,-1,1,1,-1,1,-1,1,1,1,1,1,1,1,-1,-1,1,1,1,-1,1,-1,1,1,1,1,1,-1,1,-1,1,1,-1,1,1,-1,-1,1,-1,1,1,-1,-1,1,1,1,1,-1,1,-1,-1,1,1,-1,-1,1,-1,1,1,1,-1,1,-1,-1,-1,1,1,-1,-1,1,-1,-1,1,1,-1,-1,1,-1,-1,1,1,1,-1,1,-1,-1,1,1,-1,-1,-1,1,-1,-1,1,-1,1,1,-1,1,1,-1,-1,1,1,-1,-1,1,1,-1,1,1,-1,1,1,-1,-1,-1,-1,1,-1,-1,-1,-1,-1,1,-1,1,1,-1,1,1,-1,1,1,1,1,-1,1,-1,1,1,1,-1,-1,1,-1,-1,1,1,-1,-1,1,-1,1,1,1,-1,-1,1,-1,1,1,1,1,-1,1,-1,-1,1,1,-1,-1,-1,1,-1,1,-1,1,-1,1,-1,-1,1,-2672.0,1,2000,445,1000,False
466,1,1,-1,-1,1,1,-1,-1,1,1,1,-1,1,1,1,1,-1,1,-1,-1,-1,-1,1,1,1,-1,-1,-1,1,1,1,1,1,-1,-1,-1,1,-1,1,1,-1,-1,-1,1,1,1,1,-1,1,1,1,1,-1,1,-1,-1,1,-1,1,1,1,-1,-1,-1,1,1,1,1,-1,-1,-1,1,1,1,1,-1,-1,-1,1,1,1,-1,-1,-1,1,1,1,1,-1,-1,1,1,1,1,1,-1,-1,-1,1,-1,1,1,-1,-1,1,1,1,1,1,-1,-1,-1,1,-1,1,1,-1,-1,1,1,1,1,1,1,-1,-1,1,1,-1,1,1,-1,1,1,1,1,1,1,-1,1,1,1,1,1,1,-1,1,1,1,1,1,1,-1,-1,-1,1,1,1,1,-1,1,1,1,1,-1,1,-1,1,-1,1,1,1,-1,-1,1,1,1,1,1,-1,1,-1,-1,1,-1,1,-1,1,1,1,1,1,1,1,1,1,-1,1,-1,1,-1,1,1,-1,1,-1,1,1,-1,1,-1,1,-1,1,-1,1,1,-1,1,-1,1,1,1,1,-1,-1,1,1,-1,-1,1,-1,1,-1,1,1,-1,1,-1,1,-1,1,-1,1,1,-1,-1,-1,1,1,-1,1,-1,1,1,1,-1,1,1,-1,1,-1,1,-1,1,-1,1,-1,1,1,-1,1,-1,-1,-1,1,1,-1,1,-1,-1,-1,1,1,-1,-1,1,1,-1,-1,1,1,-1,1,1,-1,1,1,1,1,-1,1,-1,1,1,-1,1,-1,1,-1,1,1,1,1,1,1,-1,-1,1,-1,-1,1,1,1,-1,1,1,1,-1,1,1,1,1,1,1,1,1,-1,1,1,1,-1,1,1,-1,1,1,1,-1,1,1,-1,-1,1,1,1,-1,1,-1,1,1,1,-1,1,1,-1,1,1,1,-1,1,1,-1,1,1,1,-1,1,1,-1,-1,1,1,-1,1,1,-1,1,-1,1,-1,1,1,1,-1,1,1,1,-1,1,1,-1,1,1,-1,1,-1,1,-1,-1,-1,-1,1,1,1,-1,1,1,-1,1,1,-1,-1,1,1,1,1,1,-1,1,1,1,-1,1,1,1,-1,-1,1,1,-1,-1,1,-1,1,-1,1,-1,1,1,-1,-1,-1,1,-1,-1,1,-1,1,-1,1,-1,1,1,1,-1,-1,1,-1,-1,1,-1,1,-1,1,-1,1,1,1,1,-1,-1,1,-1,1,1,-1,-1,1,1,1,-1,1,-1,-1,1,-1,-1,1,1,-1,-1,1,-1,1,1,-1,1,-1,1,-1,-1,1,-1,-1,1,1,-1,1,1,-1,-1,-1,1,-1,1,1,1,-1,1,-1,1,-1,1,-1,-1,-1,1,-1,1,1,1,-1,-1,1,-1,-1,1,-1,-1,-1,1,-1,-1,1,-1,-1,-1,1,-1,-1,1,-1,-1,-1,-1,1,-1,1,-1,-1,-1,-1,1,-1,-1,1,1,1,-1,1,-1,1,-1,1,1,1,-1,-1,-1,1,-1,-1,-1,1,1,-1,1,-1,1,1,1,-1,1,1,-1,1,-1,1,-1,-1,1,-1,-1,1,1,1,-1,1,-1,-1,1,1,-1,-1,1,-1,-1,1,1,-1,-1,1,-1,-1,-1,1,1,-1,1,1,-1,-1,1,-1,-1,1,-1,1,-1,1,1,-1,-1,1,-1,-1,-1,-1,-1,1,1,1,-1,-1,1,-1,-1,1,-1,-1,1,-1,-1,1,1,-1,-1,1,1,-1,1,1,-1,1,-1,1,-1,-1,1,1,-1,-1,-1,-1,1,1,-1,-1,1,-1,-1,-1,1,1,-1,-1,-1,-1,-1,1,-1,-1,-1,-1,-1,1,1,1,-1,-1,-1,-1,-1,1,1,-1,-1,-1,-1,-1,1,1,1,-1,-1,-1,-1,1,1,-1,-1,-1,-1,1,1,1,1,1,-1,1,1,1,1,1,1,-1,-1,1,1,1,-1,-1,-1,1,1,1,1,-1,1,-1,-1,1,-1,1,-1,1,-1,-1,1,-1,1,-1,1,-1,-1,1,-1,1,-1,1,1,-1,1,-1,1,1,1,1,-1,1,-1,1,1,1,-1,-1,1,1,-1,1,1,-1,-1,1,-1,1,-1,1,-1,-1,-1,-1,-1,1,1,-1,-1,1,-1,-1,1,1,-1,-1,-1,-1,-1,-1,1,-1,-1,-1,-1,1,1,-1,-1,1,-1,-1,1,-1,1,-1,-1,-1,-1,-1,1,1,1,-1,-1,-1,1,1,1,-1,-1,-1,1,-1,-1,1,-1,1,-1,-1,1,1,1,-1,-1,-1,-1,1,-1,1,1,-1,1,-1,-1,1,1,-1,-1,-1,-1,-1,-1,1,1,-1,-1,1,-1,1,1,-1,-1,-1,1,-1,1,1,-1,-1,1,-1,-1,1,1,1,-1,1,-1,1,1,1,-1,-1,1,-1,-1,1,1,1,-1,1,-1,-1,1,1,-1,1,1,-1,-1,1,1,1,1,1,-1,-1,1,1,1,1,1,-1,-1,1,1,1,1,1,1,-1,1,1,1,1,1,-1,-1,1,-1,1,1,1,1,-1,-1,1,-1,1,1,1,-1,1,1,1,1,-1,1,-1,1,1,1,1,1,1,1,-1,-1,1,1,1,-1,1,-1,1,1,1,1,1,-1,1,1,1,1,-1,1,1,-1,1,1,-1,1,1,-1,-1,1,1,1,1,-1,1,-1,1,1,1,-1,-1,1,-1,1,1,1,-1,1,-1,-1,-1,1,1,-1,-1,1,-1,-1,1,1,1,-1,1,-1,1,1,1,1,-1,1,-1,-1,1,1,-1,-1,-1,1,1,1,1,-1,1,1,-1,1,1,-1,-1,1,1,-1,-1,1,1,-1,1,1,1,1,1,-1,-1,-1,-1,-1,-1,-1,-1,-1,-1,1,1,1,1,-1,1,1,-1,1,1,1,1,-1,1,-1,1,1,1,-1,-1,1,-1,1,1,1,-1,-1,1,-1,1,1,1,-1,-1,1,-1,1,1,1,1,-1,1,-1,1,1,1,1,-1,-1,1,-1,1,-1,1,-1,1,-1,1,1,-2672.0,1,2000,445,500,False
467,1,1,-1,-1,1,-1,-1,-1,1,1,1,-1,1,1,1,1,-1,1,-1,-1,-1,-1,1,1,1,-1,1,-1,1,1,1,1,1,-1,-1,-1,1,-1,1,1,-1,-1,-1,1,1,1,1,-1,1,1,1,1,-1,1,-1,-1,1,-1,1,1,1,-1,-1,-1,1,1,1,1,-1,1,-1,1,1,1,1,-1,-1,-1,1,1,1,-1,-1,-1,1,1,1,1,-1,1,-1,1,1,1,1,-1,-1,1,1,-1,1,1,-1,-1,1,1,1,1,1,-1,-1,1,1,1,1,1,-1,-1,1,1,1,1,1,1,-1,1,1,1,-1,1,1,-1,1,1,1,1,1,1,-1,-1,1,1,1,1,1,-1,1,1,1,1,1,1,-1,-1,-1,1,1,1,1,-1,1,1,1,1,-1,1,-1,1,-1,1,1,1,-1,-1,1,1,1,1,1,-1,1,-1,-1,1,1,1,-1,1,1,1,1,-1,1,1,1,1,-1,1,-1,1,-1,1,1,-1,1,-1,1,1,-1,1,-1,1,-1,1,-1,1,1,-1,-1,-1,1,1,1,1,-1,-1,1,1,-1,-1,1,-1,1,-1,1,1,-1,1,-1,1,-1,1,-1,-1,1,-1,-1,-1,1,1,-1,1,-1,1,1,1,-1,1,1,-1,1,-1,1,-1,1,-1,1,-1,1,1,-1,1,-1,-1,-1,1,1,-1,1,-1,-1,-1,1,1,-1,-1,1,1,-1,-1,1,1,-1,1,1,-1,1,1,1,1,-1,1,-1,1,1,-1,1,-1,1,1,-1,1,1,1,1,1,-1,-1,1,-1,-1,1,1,1,-1,1,1,1,-1,1,-1,-1,1,1,1,-1,1,-1,1,1,1,-1,1,1,-1,1,1,1,-1,1,1,-1,-1,1,1,1,-1,1,-1,1,1,1,-1,1,1,-1,1,1,1,-1,1,-1,-1,1,1,1,-1,1,-1,-1,-1,1,1,-1,1,-1,-1,1,-1,1,-1,1,1,-1,-1,1,1,1,1,1,-1,-1,1,1,-1,1,-1,1,-1,-1,-1,-1,1,1,-1,-1,1,1,-1,1,1,-1,-1,1,1,1,1,1,-1,1,1,1,-1,1,-1,-1,-1,-1,1,1,1,1,-1,-1,1,1,1,1,-1,-1,-1,-1,-1,1,-1,-1,-1,1,-1,1,1,1,1,1,1,1,-1,1,-1,1,-1,-1,1,-1,1,1,1,1,-1,1,-1,-1,1,1,-1,-1,1,-1,1,1,1,-1,-1,1,-1,-1,1,1,-1,1,1,-1,1,1,-1,-1,1,1,-1,1,-1,-1,-1,1,-1,-1,1,-1,-1,1,1,-1,-1,1,-1,-1,-1,1,-1,-1,1,-1,-1,-1,1,-1,-1,1,-1,-1,-1,1,1,-1,1,-1,-1,-1,1,1,-1,-1,-1,1,-1,1,-1,-1,1,-1,-1,1,-1,1,-1,-1,1,-1,1,-1,1,1,-1,1,-1,-1,1,1,1,-1,1,-1,1,-1,-1,-1,1,-1,-1,-1,1,-1,-1,-1,1,1,-1,1,-1,1,-1,1,-1,1,1,-1,1,1,1,-1,-1,1,-1,1,-1,1,1,-1,1,-1,-1,1,1,-1,-1,1,-1,-1,-1,1,-1,-1,1,-1,1,1,1,1,-1,1,-1,-1,1,1,-1,-1,1,-1,-1,-1,1,1,-1,-1,1,1,-1,1,-1,-1,1,1,1,-1,1,1,-1,-1,1,1,-1,1,-1,-1,1,1,1,1,-1,-1,-1,1,-1,1,1,1,-1,-1,-1,1,1,1,-1,-1,-1,-1,1,1,1,1,-1,-1,-1,1,1,1,-1,-1,-1,-1,1,1,1,1,-1,-1,-1,1,1,1,1,-1,-1,1,1,1,1,1,-1,-1,-1,1,1,-1,1,-1,-1,-1,1,1,1,1,-1,-1,1,1,1,1,1,-1,1,1,-1,1,1,-1,-1,-1,1,1,1,-1,1,-1,1,1,1,1,1,1,-1,-1,1,-1,1,-1,1,-1,-1,1,-1,1,-1,-1,-1,-1,1,-1,1,1,-1,1,-1,1,1,1,-1,1,1,1,-1,-1,1,-1,-1,-1,-1,1,1,-1,-1,-1,-1,-1,1,-1,1,-1,-1,-1,-1,1,-1,-1,1,-1,-1,-1,1,-1,-1,1,-1,-1,-1,-1,-1,-1,1,-1,-1,-1,-1,-1,1,-1,-1,-1,1,-1,-1,1,-1,1,-1,-1,-1,-1,-1,-1,-1,1,-1,-1,-1,1,1,-1,-1,-1,-1,1,-1,-1,-1,-1,1,-1,-1,1,-1,1,-1,-1,-1,-1,1,-1,1,1,-1,1,-1,-1,1,1,-1,-1,-1,-1,-1,-1,1,1,-1,-1,1,-1,1,1,-1,-1,-1,1,-1,-1,1,-1,-1,1,-1,-1,1,1,1,-1,1,-1,1,1,1,-1,-1,1,-1,-1,1,1,1,-1,1,-1,-1,1,1,-1,1,1,-1,-1,1,1,-1,1,1,-1,-1,1,1,1,1,1,-1,-1,1,1,1,1,-1,1,-1,-1,1,1,-1,1,-1,-1,1,-1,1,1,1,1,-1,-1,1,-1,1,1,1,-1,1,1,1,1,-1,1,-1,1,1,1,1,1,1,1,-1,1,1,1,1,-1,1,-1,1,1,1,1,1,-1,1,1,1,1,-1,1,1,-1,1,1,-1,1,1,-1,-1,1,1,1,1,-1,1,-1,1,1,1,-1,-1,1,-1,1,1,1,-1,1,-1,-1,-1,1,1,-1,-1,1,-1,-1,1,1,1,-1,1,-1,-1,1,1,1,-1,1,-1,-1,1,1,-1,-1,-1,1,-1,-1,1,-1,1,1,-1,1,1,-1,-1,1,-1,-1,-1,-1,1,-1,1,1,-1,1,1,-1,-1,-1,-1,1,-1,-1,-1,-1,1,-1,-1,1,1,-1,1,1,-1,1,1,1,1,-1,1,-1,1,1,1,1,-1,1,-1,-1,1,1,1,-1,1,-1,1,1,1,1,-1,1,-1,1,1,1,-1,-1,1,-1,-1,1,1,-1,-1,-1,1,-1,1,-1,1,-1,1,-1,-1,1,-2672.0,1,2000,445,1500,False
468,1,1,-1,-1,1,1,-1,-1,1,1,1,-1,-1,1,1,1,-1,1,-1,-1,-1,-1,1,1,1,-1,-1,-1,1,1,1,1,-1,-1,-1,-1,1,1,1,1,-1,-1,-1,1,1,1,1,-1,1,1,1,1,-1,1,-1,-1,1,-1,1,1,1,-1,-1,-1,1,1,1,1,-1,-1,-1,1,1,1,1,-1,-1,-1,1,1,1,-1,-1,-1,1,1,1,1,-1,-1,-1,1,1,1,1,-1,-1,1,1,-1,1,1,-1,-1,1,1,1,1,1,-1,-1,-1,1,-1,1,1,-1,-1,1,1,1,1,1,1,-1,-1,1,1,-1,1,1,-1,1,1,1,1,1,1,-1,1,1,1,1,1,1,-1,1,1,1,1,1,1,-1,-1,-1,1,1,1,1,-1,1,1,1,1,-1,1,-1,1,-1,1,1,1,-1,-1,1,1,1,1,1,-1,1,-1,-1,1,-1,1,-1,1,1,1,1,1,1,1,1,1,1,1,-1,1,-1,1,1,-1,1,-1,1,1,-1,1,-1,1,-1,1,-1,1,1,-1,1,-1,1,1,1,1,-1,-1,1,1,-1,-1,1,-1,1,-1,-1,1,-1,1,-1,1,-1,1,-1,1,1,-1,-1,-1,1,1,-1,1,-1,1,1,1,-1,1,1,-1,-1,-1,1,-1,1,-1,1,-1,1,1,-1,1,-1,-1,-1,1,1,-1,1,-1,-1,-1,1,1,-1,-1,1,1,-1,-1,1,1,-1,1,1,-1,1,1,1,1,-1,1,-1,1,1,-1,1,-1,1,1,1,1,1,1,1,1,-1,-1,1,-1,-1,-1,1,1,-1,1,1,1,-1,1,1,1,1,1,1,1,1,-1,1,1,1,-1,1,1,-1,1,1,1,-1,1,1,-1,-1,1,1,1,-1,1,-1,1,1,1,-1,1,1,-1,1,1,1,-1,1,1,-1,1,1,1,-1,1,1,-1,-1,-1,1,-1,1,1,-1,1,1,1,-1,1,1,1,-1,-1,1,1,-1,1,1,-1,1,1,-1,1,1,1,-1,-1,1,1,1,1,1,-1,1,-1,-1,1,1,-1,-1,-1,1,-1,1,1,-1,1,-1,1,1,1,1,1,1,-1,1,-1,-1,-1,1,-1,1,-1,-1,1,1,1,-1,1,-1,1,-1,-1,1,1,-1,1,-1,1,1,1,1,1,-1,1,-1,-1,1,-1,1,-1,-1,-1,-1,1,1,1,-1,-1,1,-1,1,1,1,-1,1,-1,1,-1,1,1,-1,-1,1,-1,1,1,1,1,-1,-1,1,1,1,1,-1,-1,1,1,1,1,-1,1,-1,1,1,1,1,-1,-1,-1,-1,1,1,1,-1,1,-1,1,-1,1,1,-1,-1,1,-1,1,1,1,1,-1,1,-1,-1,1,1,1,-1,-1,-1,-1,1,1,-1,-1,1,-1,-1,1,-1,1,-1,-1,-1,-1,1,-1,1,1,-1,1,-1,-1,1,1,1,-1,1,-1,1,-1,1,-1,1,-1,-1,-1,1,-1,-1,1,1,1,-1,1,-1,1,1,1,-1,1,1,-1,-1,-1,1,-1,-1,1,-1,-1,1,1,1,-1,1,-1,-1,1,1,-1,-1,1,-1,-1,1,1,-1,-1,1,-1,-1,-1,1,1,-1,1,-1,-1,-1,1,-1,-1,1,-1,1,-1,1,1,-1,-1,1,-1,-1,-1,-1,-1,1,1,1,-1,-1,1,-1,-1,1,-1,-1,1,-1,-1,1,1,-1,-1,1,1,-1,1,1,-1,1,-1,1,-1,-1,1,1,-1,-1,-1,-1,1,1,-1,-1,1,-1,-1,-1,1,1,-1,-1,-1,-1,-1,1,-1,-1,-1,-1,-1,1,1,1,-1,-1,-1,-1,-1,1,1,-1,-1,-1,-1,-1,1,1,1,-1,-1,-1,-1,1,1,-1,-1,-1,-1,1,1,1,1,-1,-1,1,1,1,1,1,-1,-1,-1,1,1,1,-1,1,-1,1,1,1,1,-1,1,-1,-1,1,-1,1,-1,1,-1,-1,1,-1,1,-1,-1,-1,-1,1,-1,1,-1,1,-1,-1,1,-1,1,-1,1,-1,-1,1,-1,1,-1,-1,-1,-1,1,1,-1,-1,-1,-1,-1,1,-1,1,-1,-1,-1,-1,-1,-1,-1,1,-1,-1,-1,1,-1,-1,1,-1,-1,-1,-1,-1,-1,1,-1,-1,-1,-1,-1,1,-1,-1,-1,1,-1,-1,1,-1,1,-1,-1,-1,-1,1,-1,-1,1,-1,-1,-1,-1,1,1,-1,-1,1,-1,1,-1,-1,-1,1,-1,-1,-1,-1,1,-1,-1,-1,-1,-1,1,1,1,-1,1,-1,1,-1,1,-1,-1,-1,-1,-1,-1,1,1,-1,-1,1,-1,1,1,-1,-1,-1,1,-1,1,1,-1,-1,1,-1,-1,1,1,1,-1,1,-1,1,1,1,-1,-1,1,-1,-1,1,1,1,-1,1,-1,-1,1,1,-1,1,1,-1,-1,1,1,1,1,1,-1,-1,1,1,-1,1,1,-1,-1,1,1,1,1,1,1,-1,1,1,1,-1,1,-1,-1,1,-1,1,1,1,1,-1,-1,1,-1,1,1,1,-1,1,1,1,1,-1,1,-1,1,1,1,1,1,1,1,-1,1,1,1,1,-1,1,-1,1,1,1,1,1,-1,1,1,1,1,-1,1,-1,1,1,1,-1,1,1,1,1,1,1,1,1,-1,1,1,1,1,1,-1,-1,1,-1,1,1,1,-1,1,-1,1,1,1,1,-1,-1,1,1,-1,1,1,1,-1,1,1,-1,1,1,1,-1,1,-1,1,1,1,-1,-1,-1,-1,1,1,1,-1,1,1,1,1,1,-1,-1,1,1,1,1,1,1,-1,1,-1,1,1,1,-1,-1,-1,-1,-1,-1,-1,-1,-1,1,-1,1,1,1,-1,1,1,-1,-1,1,1,1,-1,1,-1,1,1,1,-1,-1,1,-1,1,1,1,-1,-1,1,-1,1,1,1,-1,-1,1,-1,1,-1,1,1,-1,1,-1,-1,1,1,-1,-1,-1,-1,1,1,-1,1,-1,1,-1,-1,1,-2672.0,1,2000,445,500,False
469,1,1,-1,-1,1,1,-1,-1,1,1,1,-1,1,1,1,1,-1,1,-1,-1,-1,-1,1,1,1,-1,1,-1,1,1,1,1,1,-1,-1,-1,1,1,1,1,-1,-1,-1,1,1,1,1,-1,1,1,1,1,-1,1,-1,-1,1,-1,1,1,1,-1,-1,-1,1,1,1,1,-1,-1,-1,1,1,1,1,-1,-1,-1,1,1,1,-1,-1,-1,1,1,1,1,-1,-1,-1,1,1,1,1,-1,-1,1,1,-1,1,1,-1,-1,1,1,1,1,1,-1,-1,1,1,1,1,1,-1,-1,1,1,1,1,1,1,-1,-1,1,1,-1,1,1,-1,1,1,1,1,1,1,-1,-1,1,1,1,1,1,-1,1,1,1,1,1,1,-1,-1,-1,1,1,1,1,-1,1,1,1,1,-1,1,-1,1,-1,1,1,1,-1,-1,1,1,1,1,1,-1,1,-1,-1,1,-1,1,-1,1,1,1,1,1,1,1,1,1,1,1,-1,1,-1,1,1,-1,1,-1,1,1,-1,1,-1,1,-1,1,-1,1,1,-1,1,-1,1,1,1,1,-1,-1,1,1,-1,-1,1,-1,1,-1,-1,1,-1,1,-1,1,-1,1,-1,-1,1,-1,-1,-1,1,1,-1,1,-1,1,1,1,-1,1,1,-1,-1,-1,1,-1,1,-1,1,-1,1,1,-1,1,-1,-1,-1,1,1,-1,1,-1,-1,-1,1,1,-1,-1,1,1,-1,-1,1,1,-1,1,1,-1,1,1,1,1,-1,1,-1,1,1,-1,1,-1,1,-1,1,1,1,1,1,1,-1,-1,1,-1,-1,-1,1,1,-1,1,1,1,-1,1,1,1,1,1,1,1,1,-1,1,1,1,-1,1,1,-1,1,1,1,-1,1,1,-1,-1,1,1,1,-1,1,-1,1,1,1,-1,1,1,-1,1,1,1,-1,1,1,-1,1,1,1,-1,1,1,1,-1,1,1,-1,1,1,-1,1,-1,1,-1,1,1,1,-1,1,1,1,-1,1,1,-1,1,1,-1,1,1,1,-1,-1,-1,-1,1,1,1,-1,1,1,-1,1,1,-1,-1,1,1,1,1,1,-1,1,1,1,-1,1,1,1,1,-1,1,1,-1,-1,1,-1,1,-1,1,-1,1,1,-1,-1,-1,1,-1,-1,1,1,-1,1,1,-1,1,1,1,1,-1,1,-1,-1,1,-1,1,-1,1,-1,1,1,1,1,-1,-1,1,-1,1,1,1,-1,1,1,1,-1,1,1,-1,1,-1,-1,1,1,1,-1,1,-1,1,1,1,1,-1,1,-1,1,1,1,-1,1,1,1,1,1,1,-1,-1,1,-1,1,1,1,-1,1,-1,1,-1,1,1,-1,-1,1,-1,1,1,1,1,-1,1,-1,-1,1,1,1,-1,1,-1,-1,1,1,-1,-1,1,-1,-1,1,-1,1,-1,-1,1,-1,1,-1,1,1,-1,1,-1,-1,1,1,1,-1,1,-1,1,-1,1,1,1,-1,-1,-1,1,-1,-1,1,1,1,-1,1,-1,1,1,1,-1,1,1,-1,1,-1,1,-1,-1,1,-1,-1,1,1,1,-1,1,-1,-1,1,1,-1,-1,1,-1,-1,1,1,-1,-1,1,-1,-1,-1,1,1,-1,1,1,-1,-1,1,-1,-1,1,-1,1,-1,1,1,-1,-1,1,-1,-1,-1,-1,-1,1,1,1,-1,-1,1,-1,-1,1,-1,-1,1,-1,-1,1,1,-1,-1,1,-1,-1,1,1,-1,1,-1,-1,-1,-1,1,1,-1,-1,-1,-1,1,1,-1,-1,1,-1,-1,-1,1,1,-1,-1,-1,-1,-1,1,-1,-1,-1,-1,-1,1,1,1,-1,-1,-1,-1,-1,1,1,-1,-1,-1,-1,-1,1,1,1,-1,-1,-1,-1,1,1,-1,-1,-1,-1,1,1,1,1,-1,-1,1,1,1,1,1,-1,-1,-1,1,1,1,1,1,-1,1,1,1,1,-1,1,-1,-1,1,-1,1,-1,1,-1,-1,1,-1,1,-1,-1,-1,-1,1,-1,1,-1,1,-1,-1,1,-1,1,-1,1,-1,-1,1,-1,1,-1,-1,-1,-1,1,1,-1,-1,-1,-1,-1,1,-1,1,-1,-1,-1,-1,-1,-1,-1,1,-1,-1,-1,1,-1,-1,1,-1,-1,-1,-1,-1,1,1,-1,-1,-1,-1,-1,1,-1,-1,-1,1,-1,-1,1,-1,1,-1,-1,-1,-1,-1,-1,-1,1,-1,-1,-1,1,1,-1,-1,-1,1,1,-1,-1,-1,-1,1,-1,-1,1,-1,1,-1,-1,-1,-1,1,-1,1,1,-1,1,-1,-1,1,1,-1,-1,-1,-1,-1,-1,1,1,-1,-1,1,-1,1,1,-1,-1,-1,1,-1,1,1,-1,-1,1,-1,-1,1,1,1,-1,1,-1,1,1,1,-1,-1,1,-1,-1,1,1,1,-1,1,-1,-1,1,1,-1,1,1,-1,-1,1,1,1,1,1,-1,-1,1,1,1,1,1,-1,-1,1,1,1,1,-1,1,-1,1,1,1,1,1,-1,-1,1,-1,1,1,1,1,-1,-1,1,-1,1,1,1,-1,1,1,1,1,-1,1,-1,1,1,1,1,1,1,1,-1,-1,1,1,1,-1,1,-1,1,1,1,1,1,-1,1,1,1,1,-1,1,1,-1,1,1,-1,1,1,-1,-1,-1,1,1,1,-1,1,-1,1,1,1,-1,-1,1,-1,1,1,1,-1,1,-1,-1,-1,1,1,-1,-1,1,-1,-1,1,1,-1,-1,1,-1,1,-1,1,1,-1,1,-1,-1,1,1,-1,-1,-1,1,1,-1,1,-1,1,1,-1,1,1,-1,-1,1,1,-1,-1,1,1,-1,1,1,1,1,1,-1,-1,-1,-1,-1,-1,-1,-1,-1,-1,1,1,1,1,-1,1,1,-1,1,1,1,1,-1,1,-1,1,1,1,1,-1,1,-1,1,1,1,1,-1,1,-1,1,1,1,1,-1,1,-1,1,-1,1,-1,-1,1,-1,1,1,1,-1,-1,-1,1,-1,1,1,1,-1,1,-1,1,1,-2672.0,1,2000,445,1000,False
470,1,1,-1,-1,1,-1,-1,-1,1,1,1,-1,1,1,1,1,-1,1,-1,-1,-1,-1,1,1,1,-1,-1,-1,1,1,1,1,1,-1,-1,-1,1,1,1,1,-1,-1,-1,1,1,1,1,-1,1,1,1,1,-1,1,-1,-1,1,-1,1,1,1,-1,-1,-1,1,1,1,1,-1,-1,-1,1,1,1,1,-1,-1,-1,1,1,1,-1,-1,-1,1,1,1,1,-1,-1,1,1,1,1,1,-1,-1,-1,1,-1,1,1,-1,-1,1,1,1,1,1,-1,-1,-1,1,1,1,1,-1,-1,1,1,1,1,1,1,-1,-1,1,1,-1,1,1,-1,1,1,1,1,1,1,-1,1,1,1,1,1,1,-1,1,1,1,1,1,1,-1,-1,-1,1,1,1,1,-1,1,1,1,1,-1,1,-1,1,-1,1,1,1,-1,-1,1,1,1,1,1,-1,1,-1,-1,1,-1,1,-1,1,1,1,1,1,1,1,1,1,-1,1,-1,1,-1,1,1,-1,1,-1,1,1,-1,1,-1,1,-1,1,-1,1,1,-1,-1,-1,1,1,1,1,-1,-1,1,1,-1,-1,1,-1,1,-1,-1,1,-1,1,-1,1,-1,1,-1,1,1,-1,-1,-1,1,1,-1,1,-1,1,1,1,-1,1,1,-1,-1,-1,1,-1,1,-1,1,-1,1,1,-1,1,-1,-1,-1,1,1,-1,1,-1,-1,-1,1,1,-1,-1,1,1,-1,-1,1,1,-1,1,1,-1,1,1,1,1,-1,1,-1,1,1,-1,1,-1,1,-1,1,1,1,1,1,1,-1,-1,1,-1,-1,1,1,1,-1,1,1,1,-1,1,1,1,1,1,1,1,1,-1,1,1,1,-1,1,1,-1,1,1,1,-1,1,1,-1,-1,1,1,1,-1,1,-1,1,1,1,-1,1,1,-1,1,1,1,-1,1,1,-1,1,1,1,-1,1,1,-1,-1,1,1,-1,1,1,-1,1,-1,1,-1,1,1,1,-1,1,1,1,-1,1,1,-1,1,1,-1,1,1,1,-1,-1,-1,-1,1,1,1,-1,1,1,-1,1,1,-1,-1,1,1,1,1,1,-1,1,1,1,-1,1,1,1,1,-1,1,1,-1,-1,1,-1,1,-1,1,-1,1,1,-1,-1,-1,1,-1,-1,1,-1,1,-1,1,-1,1,1,1,-1,-1,1,-1,-1,1,-1,1,-1,1,-1,1,1,1,1,-1,-1,1,-1,1,1,-1,-1,1,1,1,-1,1,-1,-1,1,-1,-1,1,1,-1,-1,1,-1,1,1,-1,1,-1,1,-1,1,1,-1,-1,1,1,-1,1,1,-1,-1,-1,1,-1,1,1,1,-1,1,-1,-1,-1,1,-1,-1,-1,1,-1,1,1,1,-1,-1,1,-1,-1,1,-1,-1,-1,-1,-1,-1,1,-1,-1,-1,1,-1,-1,1,-1,-1,-1,-1,1,-1,1,-1,-1,1,-1,1,-1,-1,1,1,1,-1,1,-1,1,-1,1,1,1,-1,-1,-1,1,-1,-1,1,1,1,-1,1,-1,1,1,1,-1,1,1,-1,1,-1,1,-1,-1,1,-1,-1,1,1,1,-1,1,-1,-1,1,1,-1,-1,1,-1,-1,1,1,-1,-1,1,-1,-1,-1,1,1,-1,1,1,-1,-1,1,-1,-1,1,-1,1,-1,1,1,-1,-1,1,-1,-1,-1,-1,-1,1,1,1,-1,-1,1,-1,-1,1,-1,-1,1,-1,-1,1,1,-1,-1,1,-1,-1,1,1,-1,1,-1,-1,-1,-1,1,1,-1,-1,-1,-1,1,1,-1,-1,1,-1,-1,-1,1,1,-1,-1,-1,-1,-1,1,-1,-1,-1,-1,-1,-1,1,1,-1,-1,-1,-1,1,1,1,-1,-1,-1,-1,-1,1,1,1,-1,-1,-1,-1,1,1,-1,-1,-1,-1,1,1,1,1,1,-1,1,1,1,1,1,1,-1,-1,1,1,1,1,1,-1,1,1,1,1,-1,1,-1,-1,1,-1,1,-1,1,-1,-1,1,-1,1,1,1,-1,-1,1,-1,1,-1,1,-1,-1,1,-1,1,1,1,-1,-1,1,-1,1,1,1,-1,-1,1,1,-1,1,1,-1,-1,1,-1,1,-1,1,-1,-1,-1,-1,-1,1,1,-1,-1,1,-1,-1,1,1,-1,-1,-1,-1,1,-1,1,-1,-1,-1,-1,-1,1,-1,-1,1,-1,-1,1,-1,1,-1,-1,-1,-1,-1,1,1,1,-1,-1,-1,1,1,1,-1,-1,1,-1,-1,-1,1,-1,1,-1,-1,1,1,1,-1,-1,-1,-1,1,-1,1,1,-1,1,-1,-1,1,1,-1,-1,-1,-1,-1,-1,1,1,-1,-1,1,-1,1,1,-1,-1,-1,1,-1,1,1,-1,-1,1,-1,-1,1,1,1,-1,1,-1,1,1,1,-1,-1,1,-1,-1,1,1,1,-1,1,-1,-1,1,1,-1,1,1,-1,-1,1,1,-1,1,1,-1,-1,1,1,1,1,1,-1,-1,1,1,1,1,1,1,-1,1,1,1,1,1,-1,-1,1,-1,1,1,1,1,-1,-1,1,-1,1,1,1,-1,1,1,1,1,-1,1,-1,1,1,1,1,1,1,1,-1,-1,1,1,1,-1,1,-1,1,1,1,1,1,-1,1,1,1,1,-1,1,1,-1,1,1,-1,1,1,-1,-1,1,1,1,1,-1,1,-1,1,1,1,-1,-1,1,-1,1,1,1,-1,1,-1,-1,-1,1,1,-1,-1,1,-1,-1,1,1,1,-1,1,-1,1,1,1,1,-1,1,-1,-1,1,1,-1,-1,-1,1,1,-1,1,-1,1,1,-1,1,1,-1,-1,1,1,-1,-1,1,1,-1,1,1,1,1,1,-1,-1,-1,-1,-1,-1,-1,-1,-1,-1,1,1,1,1,-1,1,1,-1,1,1,1,1,-1,1,-1,1,1,1,-1,-1,1,-1,1,1,1,-1,-1,1,-1,1,1,1,-1,-1,1,-1,1,1,1,1,-1,1,-1,1,1,1,1,-1,-1,1,-1,1,-1,1,-1,1,-1,1,1,-2672.0,1,2000,445,1000,False
471,1,1,-1,-1,1,1,-1,-1,1,1,1,-1,1,1,1,1,-1,1,-1,-1,-1,-1,1,1,1,-1,-1,-1,1,1,1,1,-1,-1,-1,-1,1,1,1,1,-1,-1,-1,1,1,1,1,-1,1,1,1,1,-1,1,-1,-1,1,-1,1,1,1,-1,-1,-1,1,1,1,1,-1,-1,-1,1,1,1,1,-1,-1,-1,1,1,1,-1,-1,-1,1,1,1,1,-1,-1,-1,1,1,1,1,-1,-1,1,1,-1,1,1,-1,-1,1,1,1,1,1,-1,-1,1,1,1,1,1,-1,-1,1,1,1,1,1,1,-1,1,1,1,-1,1,1,-1,1,1,1,1,1,1,-1,-1,1,1,1,1,1,-1,1,1,1,1,1,1,-1,-1,-1,1,1,1,1,-1,1,1,1,1,-1,1,-1,1,-1,1,1,1,-1,-1,1,1,1,1,1,-1,1,-1,-1,1,-1,1,-1,1,1,1,1,1,1,1,1,1,-1,1,-1,1,-1,1,1,-1,1,-1,1,1,-1,1,-1,1,-1,1,-1,1,1,-1,1,-1,1,1,1,1,-1,-1,1,1,-1,-1,1,-1,1,-1,1,1,-1,1,-1,1,-1,1,-1,1,1,-1,-1,-1,1,1,-1,1,-1,1,1,1,-1,1,1,-1,1,-1,1,-1,1,-1,1,-1,1,1,-1,1,-1,-1,-1,1,1,-1,1,-1,-1,-1,1,1,-1,-1,1,1,-1,-1,1,1,-1,1,1,-1,1,1,1,1,-1,1,-1,1,1,-1,1,-1,1,-1,1,1,1,1,1,1,-1,-1,1,-1,-1,1,1,1,-1,1,1,1,-1,1,1,1,1,1,1,1,1,-1,1,1,1,-1,1,1,-1,1,1,1,-1,1,1,-1,-1,1,1,1,-1,1,-1,1,1,1,-1,1,1,-1,1,1,1,-1,1,1,-1,1,1,1,-1,1,1,-1,-1,1,1,-1,1,1,-1,1,-1,1,-1,1,1,1,-1,1,1,1,-1,1,1,-1,1,1,-1,1,1,1,-1,-1,-1,-1,1,1,1,-1,1,1,-1,1,1,-1,-1,1,1,1,1,1,-1,1,1,1,-1,1,1,1,-1,-1,1,1,-1,-1,1,-1,1,-1,1,-1,1,1,-1,-1,-1,1,-1,-1,1,1,-1,1,1,-1,1,1,1,1,-1,1,-1,-1,1,-1,1,-1,1,-1,-1,1,1,1,-1,-1,1,-1,1,1,1,-1,1,1,1,-1,1,1,-1,1,-1,-1,1,1,1,-1,1,-1,1,1,1,1,-1,1,-1,1,1,1,-1,1,1,-1,-1,1,1,-1,-1,1,-1,1,1,1,-1,1,-1,1,-1,1,1,-1,-1,1,-1,1,1,1,1,-1,1,-1,-1,-1,1,1,-1,1,-1,1,-1,1,-1,-1,1,-1,-1,1,-1,1,-1,-1,1,-1,1,-1,1,-1,-1,1,-1,-1,1,1,1,-1,1,-1,1,-1,-1,1,1,-1,-1,-1,1,-1,-1,1,1,1,-1,1,-1,1,1,1,-1,1,1,-1,-1,-1,1,-1,-1,1,-1,-1,1,1,1,-1,1,-1,-1,1,1,-1,-1,1,-1,-1,1,1,-1,-1,1,-1,-1,-1,1,1,-1,1,1,-1,-1,1,-1,-1,1,-1,1,-1,1,1,-1,-1,1,-1,-1,-1,-1,-1,1,1,1,-1,1,1,-1,-1,1,-1,1,-1,-1,-1,1,1,-1,-1,-1,-1,-1,1,1,-1,1,1,-1,-1,-1,1,1,-1,-1,-1,-1,-1,1,-1,-1,1,-1,-1,-1,1,1,-1,-1,-1,-1,-1,1,-1,-1,1,-1,-1,1,1,1,-1,1,-1,-1,-1,1,1,-1,-1,-1,-1,-1,1,1,1,-1,-1,-1,-1,1,1,-1,-1,-1,-1,1,1,1,1,-1,-1,1,1,1,1,1,-1,-1,-1,1,1,1,-1,1,-1,1,1,1,1,-1,1,-1,-1,1,-1,1,-1,1,-1,-1,1,-1,1,-1,-1,-1,-1,1,-1,1,-1,1,-1,-1,1,-1,1,-1,1,-1,-1,1,-1,1,-1,-1,-1,-1,1,1,-1,-1,-1,-1,-1,1,-1,1,-1,-1,-1,-1,-1,-1,-1,1,-1,-1,-1,1,-1,-1,1,-1,-1,-1,-1,-1,1,1,-1,-1,-1,-1,-1,1,-1,-1,-1,1,-1,-1,1,-1,1,-1,-1,-1,-1,-1,-1,-1,1,-1,-1,-1,1,1,1,-1,-1,-1,1,-1,-1,-1,-1,1,-1,-1,1,-1,1,-1,-1,-1,-1,1,-1,1,1,-1,1,-1,-1,1,1,-1,-1,-1,-1,-1,-1,1,1,-1,-1,1,-1,1,1,-1,-1,-1,1,-1,1,1,-1,-1,1,-1,-1,1,1,1,-1,1,-1,1,1,1,-1,-1,1,-1,-1,1,1,1,-1,1,-1,-1,1,1,-1,1,1,-1,-1,1,1,-1,1,1,-1,-1,1,1,-1,1,1,-1,-1,1,1,1,1,1,1,-1,1,1,1,1,1,-1,-1,1,-1,1,1,1,1,-1,-1,1,-1,1,1,1,-1,1,1,1,1,-1,1,-1,1,1,1,1,1,1,1,-1,-1,1,1,1,-1,1,-1,1,1,1,1,1,-1,1,1,1,1,-1,1,1,-1,1,1,-1,1,1,-1,-1,1,1,1,1,-1,1,-1,1,1,1,-1,-1,1,-1,1,1,1,-1,1,-1,-1,-1,1,1,-1,-1,1,-1,-1,1,1,-1,-1,1,-1,1,1,1,1,-1,1,-1,-1,1,1,-1,-1,-1,1,1,1,1,-1,1,1,-1,1,1,-1,-1,1,1,-1,-1,1,1,-1,1,1,1,1,1,-1,-1,-1,-1,-1,-1,-1,-1,-1,-1,1,1,1,1,-1,1,1,-1,1,1,1,1,-1,1,-1,1,1,1,1,-1,1,-1,1,1,1,1,-1,1,-1,1,1,1,1,-1,1,-1,1,1,1,-1,-1,1,-1,1,1,1,-1,-1,-1,1,-1,1,-1,1,-1,1,-1,1,1,-2672.0,1,2000,445,1000,False
472,1,1,-1,-1,1,-1,-1,-1,1,1,1,-1,1,1,1,1,-1,1,-1,-1,-1,-1,1,1,1,-1,-1,-1,1,1,1,1,1,-1,-1,-1,1,1,1,1,-1,-1,-1,1,1,1,1,-1,1,1,1,1,-1,1,-1,-1,1,-1,1,1,1,-1,-1,-1,1,1,1,1,-1,-1,-1,1,1,1,1,-1,-1,-1,1,1,1,-1,-1,-1,1,1,1,1,-1,-1,-1,1,1,1,1,-1,-1,1,1,-1,1,1,-1,-1,1,1,1,1,1,-1,-1,1,1,1,1,1,-1,-1,1,1,1,1,1,1,-1,1,1,1,-1,1,1,-1,1,1,1,1,1,1,-1,-1,1,1,1,1,1,-1,1,1,1,1,1,1,-1,-1,-1,1,1,1,1,-1,1,1,1,1,-1,1,-1,1,-1,1,1,1,-1,-1,1,1,1,1,1,-1,1,-1,-1,1,-1,1,-1,1,1,1,1,1,1,1,1,1,-1,1,-1,1,-1,1,1,-1,1,-1,1,1,-1,1,-1,1,-1,1,-1,1,1,-1,-1,-1,1,1,1,1,-1,-1,1,1,-1,-1,1,-1,1,-1,-1,1,-1,1,-1,1,-1,1,-1,1,1,-1,-1,-1,1,1,-1,1,-1,1,1,1,-1,1,1,-1,-1,-1,1,-1,1,-1,1,-1,1,1,-1,1,-1,-1,-1,1,1,-1,1,-1,-1,-1,1,1,-1,-1,1,1,-1,-1,1,1,-1,1,1,-1,1,1,1,1,-1,1,-1,1,1,-1,1,-1,1,1,-1,1,1,1,1,1,-1,-1,1,-1,-1,1,1,1,-1,1,1,1,-1,1,-1,-1,1,1,1,1,1,-1,1,1,1,-1,1,1,-1,1,1,1,-1,1,1,-1,-1,1,1,1,-1,1,-1,1,1,1,-1,1,1,-1,1,1,1,-1,1,-1,-1,1,1,1,-1,1,-1,-1,-1,1,1,-1,1,-1,-1,1,-1,1,-1,1,1,-1,-1,1,1,1,-1,1,-1,-1,1,1,-1,1,-1,-1,-1,-1,-1,-1,1,1,-1,-1,1,1,-1,1,-1,-1,-1,1,1,1,1,-1,-1,1,1,1,-1,1,-1,-1,-1,-1,1,1,-1,1,-1,-1,1,-1,1,-1,-1,-1,1,-1,-1,1,-1,1,-1,-1,1,-1,1,-1,-1,-1,1,1,-1,1,-1,1,-1,-1,1,-1,1,-1,-1,-1,-1,1,-1,-1,1,1,-1,-1,1,-1,1,1,-1,1,-1,1,-1,1,-1,1,-1,-1,1,-1,1,-1,-1,-1,1,1,-1,1,-1,1,-1,1,-1,1,1,-1,1,-1,1,-1,-1,1,-1,-1,-1,1,-1,1,-1,-1,1,-1,1,-1,-1,1,-1,-1,1,-1,1,-1,1,-1,1,-1,1,1,-1,1,-1,1,-1,1,-1,-1,1,-1,1,1,1,1,-1,-1,1,1,-1,1,1,-1,-1,1,1,1,-1,1,1,-1,1,1,1,1,-1,-1,1,-1,-1,-1,1,-1,-1,1,-1,1,-1,1,-1,1,-1,-1,-1,1,1,-1,1,1,-1,-1,-1,1,-1,1,1,-1,1,-1,1,-1,-1,-1,-1,-1,-1,1,-1,-1,-1,-1,-1,-1,1,-1,1,1,1,1,-1,1,-1,1,1,-1,-1,-1,1,-1,-1,1,-1,1,-1,-1,1,1,1,1,-1,-1,1,1,1,1,-1,1,-1,-1,1,1,1,-1,-1,-1,1,1,1,1,-1,-1,-1,1,-1,1,-1,1,1,-1,-1,1,1,1,-1,-1,-1,1,1,1,1,1,-1,-1,-1,1,1,1,1,-1,-1,-1,1,1,1,-1,-1,-1,-1,1,1,1,1,-1,-1,1,1,1,1,1,-1,-1,-1,1,1,-1,1,-1,-1,-1,1,1,1,1,-1,-1,1,1,1,1,-1,-1,1,1,-1,1,1,-1,-1,-1,1,1,1,1,1,-1,1,1,1,1,1,-1,-1,-1,1,-1,1,-1,-1,-1,-1,1,-1,1,1,-1,-1,-1,1,-1,1,1,-1,-1,-1,1,1,1,1,-1,-1,-1,1,-1,1,1,-1,-1,-1,1,1,-1,-1,-1,-1,-1,1,-1,1,-1,-1,-1,-1,-1,-1,-1,1,-1,-1,-1,1,-1,-1,1,-1,-1,-1,-1,-1,-1,1,-1,-1,-1,-1,-1,1,-1,-1,-1,1,-1,-1,1,-1,1,-1,-1,-1,-1,-1,-1,-1,1,-1,-1,-1,1,1,1,-1,-1,1,-1,-1,-1,-1,-1,1,-1,-1,1,1,1,-1,-1,-1,-1,1,-1,1,1,-1,1,-1,-1,1,1,-1,-1,-1,-1,-1,-1,1,1,-1,-1,1,-1,1,1,-1,-1,-1,1,-1,1,1,-1,-1,1,-1,-1,1,1,1,-1,1,-1,1,1,1,-1,-1,1,-1,-1,1,1,1,-1,1,-1,-1,1,1,-1,1,1,-1,-1,1,1,-1,1,1,-1,-1,1,1,1,1,1,-1,-1,1,1,1,1,1,1,-1,1,1,1,-1,1,-1,-1,1,-1,1,1,1,1,-1,-1,1,-1,1,1,1,-1,1,1,1,1,-1,1,-1,1,1,1,1,1,1,1,-1,-1,1,1,1,-1,1,-1,1,1,1,1,1,-1,1,1,1,1,-1,1,1,-1,-1,1,-1,1,1,-1,-1,1,1,1,1,-1,1,-1,1,1,1,-1,-1,1,-1,1,1,1,-1,1,-1,-1,-1,1,1,-1,-1,1,-1,-1,1,1,-1,-1,1,-1,1,1,1,1,-1,1,-1,-1,1,1,-1,-1,-1,1,1,-1,1,-1,1,1,-1,1,1,-1,-1,1,1,-1,-1,1,1,-1,1,1,1,1,1,-1,-1,-1,-1,-1,-1,-1,-1,-1,-1,1,1,1,1,-1,1,1,-1,1,1,1,1,-1,1,-1,1,1,1,1,-1,1,-1,1,1,1,1,-1,1,-1,1,1,1,1,-1,1,-1,1,1,1,-1,-1,1,-1,1,1,1,-1,-1,-1,1,-1,1,-1,1,-1,1,-1,1,1,-2672.0,1,2000,445,1000,False
473,1,1,-1,-1,1,-1,-1,-1,1,1,1,-1,1,1,1,1,-1,1,1,-1,-1,-1,1,1,1,1,-1,-1,1,1,1,1,-1,-1,-1,-1,1,-1,1,1,-1,-1,-1,1,1,1,1,-1,1,1,1,1,-1,1,-1,-1,1,-1,1,1,1,-1,-1,-1,1,1,1,1,-1,-1,-1,1,1,1,1,-1,-1,-1,1,1,1,-1,-1,-1,1,1,1,1,-1,-1,-1,1,1,1,1,-1,-1,1,1,-1,1,1,-1,-1,1,1,1,1,1,-1,-1,-1,1,1,1,1,-1,-1,1,1,1,1,1,1,-1,-1,1,1,-1,1,1,-1,1,1,1,1,1,1,-1,1,1,1,1,1,1,-1,1,1,1,1,1,1,-1,-1,-1,1,1,1,1,-1,1,1,1,1,-1,1,-1,1,-1,1,1,1,-1,-1,1,1,1,1,1,-1,1,-1,-1,1,-1,1,-1,1,1,1,1,1,1,1,1,1,-1,1,-1,1,-1,1,1,-1,1,-1,1,1,-1,1,-1,1,-1,1,-1,1,1,-1,1,-1,1,1,1,1,-1,-1,1,1,-1,-1,1,-1,1,-1,-1,1,-1,1,-1,1,-1,1,-1,-1,1,-1,-1,-1,1,1,-1,1,-1,1,1,1,-1,1,1,-1,1,-1,1,-1,1,-1,1,-1,1,1,-1,1,-1,-1,-1,1,1,-1,1,-1,-1,-1,1,1,-1,-1,1,1,-1,-1,1,1,-1,1,1,-1,1,1,1,1,-1,1,-1,1,1,-1,1,-1,1,1,1,1,1,1,1,1,-1,-1,1,-1,-1,1,1,1,-1,1,1,1,-1,1,1,1,1,1,1,1,1,-1,1,1,1,-1,-1,1,-1,1,1,1,-1,1,1,-1,-1,1,1,1,-1,1,-1,1,1,1,-1,1,1,-1,1,1,1,-1,1,1,-1,1,1,1,-1,1,1,1,-1,1,1,-1,1,1,-1,1,-1,1,-1,1,1,1,-1,1,1,1,-1,1,1,-1,1,1,-1,1,1,1,-1,-1,-1,-1,1,1,1,-1,1,1,-1,1,1,-1,-1,1,1,1,1,1,-1,1,1,1,-1,1,1,1,-1,-1,1,1,1,-1,1,-1,1,1,1,1,1,1,-1,-1,-1,1,-1,-1,1,-1,1,-1,1,1,1,1,1,1,-1,1,-1,-1,1,-1,1,-1,1,1,1,1,1,1,-1,-1,1,-1,1,1,-1,-1,1,1,1,-1,1,1,-1,-1,1,-1,1,1,-1,-1,1,1,1,1,-1,1,-1,1,-1,1,1,-1,-1,-1,1,-1,1,1,-1,-1,-1,1,-1,1,1,1,-1,-1,1,-1,-1,1,-1,-1,-1,1,-1,1,1,-1,1,-1,1,-1,-1,1,-1,-1,-1,-1,-1,1,1,-1,-1,-1,1,-1,-1,1,-1,-1,-1,-1,1,-1,1,-1,-1,-1,-1,1,-1,-1,1,1,1,-1,1,-1,1,-1,1,1,1,-1,-1,-1,1,-1,-1,1,1,1,-1,1,-1,1,1,1,-1,1,1,-1,1,-1,1,-1,-1,1,-1,-1,1,1,1,-1,1,-1,-1,1,1,-1,-1,1,-1,-1,1,1,-1,-1,1,-1,-1,-1,1,1,-1,1,1,-1,-1,1,-1,-1,1,-1,1,-1,1,1,-1,-1,1,-1,-1,-1,-1,-1,1,1,1,-1,-1,1,-1,-1,1,-1,-1,1,-1,-1,1,1,-1,-1,1,-1,-1,1,1,-1,1,-1,-1,-1,-1,1,1,-1,-1,-1,-1,1,1,-1,-1,1,-1,-1,-1,1,1,-1,-1,-1,-1,-1,1,-1,-1,-1,-1,-1,1,1,1,-1,-1,-1,-1,-1,1,1,-1,-1,-1,-1,-1,1,1,1,-1,-1,-1,-1,1,1,-1,-1,-1,-1,1,1,1,1,1,-1,1,1,1,1,1,1,-1,-1,1,1,1,1,1,-1,1,1,1,1,-1,1,-1,-1,1,-1,1,-1,1,-1,-1,1,-1,1,1,1,-1,-1,1,-1,1,-1,1,1,-1,1,-1,1,1,1,1,-1,1,-1,1,1,1,-1,-1,1,1,-1,1,1,-1,-1,1,-1,1,-1,1,-1,-1,-1,-1,-1,1,1,-1,-1,1,-1,-1,1,1,-1,-1,-1,-1,-1,-1,1,-1,-1,-1,-1,1,-1,-1,-1,1,-1,-1,1,-1,1,-1,-1,-1,-1,-1,-1,1,1,-1,-1,-1,1,1,1,-1,-1,1,-1,-1,-1,1,-1,1,-1,-1,1,1,1,-1,-1,-1,-1,1,-1,1,1,-1,1,-1,-1,1,1,-1,-1,-1,-1,-1,-1,1,1,-1,-1,1,-1,1,1,-1,-1,-1,1,-1,1,1,-1,-1,1,-1,-1,1,1,1,-1,1,-1,1,1,1,-1,-1,1,-1,-1,1,1,1,-1,1,-1,-1,1,1,-1,1,1,-1,-1,1,1,-1,1,1,-1,-1,1,1,-1,1,1,-1,-1,1,1,1,1,-1,1,-1,-1,1,-1,1,1,-1,-1,1,-1,1,1,1,1,-1,-1,1,-1,1,1,1,-1,1,1,1,1,-1,1,-1,1,1,1,1,1,1,1,-1,1,1,1,1,-1,1,-1,1,1,1,1,1,-1,1,1,1,1,-1,1,1,-1,1,1,-1,1,1,-1,-1,1,1,1,1,-1,1,-1,1,1,1,-1,-1,1,-1,1,1,1,-1,1,-1,-1,-1,1,1,-1,-1,1,-1,-1,1,1,-1,-1,1,-1,-1,1,1,1,1,-1,-1,-1,1,1,-1,-1,-1,1,-1,-1,1,-1,1,1,-1,1,1,-1,-1,1,-1,-1,-1,1,1,-1,1,1,-1,1,1,-1,-1,-1,-1,1,-1,-1,-1,-1,1,-1,-1,1,1,-1,1,1,-1,1,1,1,1,-1,1,-1,1,1,1,-1,-1,1,-1,-1,1,1,-1,-1,1,-1,1,1,1,-1,-1,1,-1,1,1,1,1,-1,1,-1,-1,1,1,-1,-1,-1,1,-1,1,1,1,-1,1,-1,-1,1,-2672.0,1,2000,445,1000,False
474,1,1,-1,-1,1,-1,-1,-1,1,1,1,-1,1,1,1,1,-1,1,-1,-1,-1,1,1,1,1,-1,1,-1,1,1,1,1,1,-1,-1,-1,1,-1,1,1,-1,-1,-1,1,1,1,1,-1,1,1,1,1,-1,1,-1,-1,1,-1,1,1,1,-1,-1,1,1,1,1,1,-1,-1,1,1,1,1,1,-1,-1,-1,1,1,1,-1,-1,-1,1,1,1,1,-1,-1,-1,1,1,1,1,-1,-1,1,1,-1,1,1,-1,-1,1,1,1,1,1,-1,-1,1,1,1,1,1,-1,-1,1,1,1,1,1,1,-1,-1,1,1,-1,1,1,-1,1,1,1,1,1,1,-1,-1,1,1,1,1,1,-1,1,1,1,1,1,1,-1,-1,-1,1,1,1,1,-1,1,1,1,1,-1,1,-1,1,-1,1,1,1,-1,-1,1,1,1,1,1,-1,1,-1,-1,1,-1,1,-1,1,1,1,1,1,1,1,1,1,-1,1,-1,1,-1,1,1,-1,1,-1,1,1,-1,1,-1,1,-1,1,-1,1,1,-1,1,-1,1,1,1,1,-1,-1,1,1,-1,-1,1,-1,1,-1,-1,1,-1,1,-1,1,-1,1,-1,1,1,-1,-1,-1,1,1,-1,1,-1,1,1,1,-1,1,1,-1,1,-1,1,-1,1,-1,1,-1,1,1,-1,1,-1,-1,-1,1,1,-1,1,-1,-1,-1,1,1,-1,-1,1,1,-1,-1,1,1,-1,1,1,-1,1,1,1,1,-1,1,-1,1,1,-1,1,-1,1,1,-1,1,1,1,1,1,-1,-1,1,-1,-1,1,1,1,-1,1,1,1,-1,1,-1,-1,1,1,1,1,1,-1,1,1,1,-1,-1,1,-1,1,1,1,-1,1,1,-1,-1,1,1,1,-1,1,-1,1,1,1,-1,1,1,-1,1,1,1,-1,1,-1,-1,1,1,1,-1,1,-1,-1,-1,1,1,-1,1,-1,-1,1,-1,1,-1,1,1,-1,-1,1,1,1,-1,1,-1,-1,1,1,-1,1,-1,1,-1,-1,-1,-1,1,1,1,-1,1,1,-1,1,1,-1,-1,1,1,1,1,1,-1,1,1,1,-1,1,-1,-1,-1,-1,1,1,1,1,-1,-1,1,1,1,1,-1,-1,-1,-1,-1,1,-1,-1,-1,1,-1,1,1,1,1,1,1,1,-1,1,-1,1,-1,-1,1,-1,1,1,1,1,-1,1,-1,-1,1,1,-1,-1,1,-1,1,1,1,-1,-1,1,-1,-1,1,1,-1,1,1,-1,1,1,-1,-1,1,1,-1,1,-1,-1,-1,1,-1,-1,1,-1,-1,-1,1,-1,-1,1,-1,-1,-1,1,-1,-1,1,-1,-1,-1,1,-1,-1,1,-1,-1,-1,-1,1,-1,1,1,-1,-1,1,1,-1,-1,1,1,-1,1,-1,-1,1,-1,-1,1,-1,1,-1,-1,1,-1,1,-1,1,-1,-1,1,-1,-1,1,1,1,-1,1,-1,1,-1,-1,-1,1,-1,-1,-1,1,-1,-1,-1,1,-1,1,1,-1,1,-1,1,-1,1,1,-1,1,1,1,-1,-1,1,-1,1,-1,1,-1,-1,1,-1,-1,1,1,1,-1,1,-1,-1,-1,1,-1,-1,1,-1,1,1,1,1,-1,1,-1,-1,1,1,-1,-1,1,-1,-1,-1,1,1,-1,-1,1,1,-1,1,-1,-1,1,1,1,-1,1,1,-1,-1,1,1,-1,1,-1,-1,1,1,1,1,-1,-1,-1,1,-1,1,1,1,-1,-1,-1,1,1,1,-1,-1,-1,-1,1,1,1,1,-1,-1,-1,1,1,1,-1,-1,-1,-1,1,1,1,1,-1,-1,1,1,1,1,1,-1,-1,-1,1,1,1,1,-1,-1,-1,1,1,-1,1,-1,-1,-1,1,1,1,1,-1,-1,1,1,1,1,1,-1,1,1,-1,1,1,-1,-1,-1,1,1,1,1,1,-1,1,1,1,1,1,1,-1,-1,1,-1,1,-1,1,-1,-1,1,-1,1,1,-1,-1,-1,1,-1,1,1,-1,1,-1,1,1,1,-1,1,1,-1,1,-1,1,-1,-1,-1,-1,1,1,-1,-1,-1,-1,-1,1,-1,1,-1,-1,-1,-1,-1,-1,-1,1,-1,-1,-1,1,-1,-1,1,-1,-1,-1,-1,-1,-1,1,-1,-1,-1,-1,-1,1,-1,-1,-1,1,-1,-1,1,-1,1,-1,-1,-1,-1,-1,-1,-1,1,-1,-1,-1,1,1,1,-1,-1,1,-1,-1,-1,-1,-1,1,-1,-1,1,-1,1,-1,-1,-1,-1,1,-1,1,1,-1,1,-1,-1,1,1,-1,-1,-1,-1,-1,-1,1,1,-1,-1,1,-1,1,1,-1,-1,-1,1,-1,1,1,-1,-1,1,-1,-1,1,1,1,-1,1,-1,1,1,1,-1,-1,1,-1,-1,1,1,1,-1,1,-1,-1,1,1,-1,1,1,-1,-1,1,1,-1,1,1,-1,-1,1,1,1,1,1,-1,-1,1,1,1,1,1,1,-1,-1,1,1,1,1,-1,-1,1,-1,1,1,1,1,-1,-1,1,-1,1,1,1,-1,1,1,1,1,-1,1,-1,1,1,1,1,1,1,1,-1,1,1,1,1,-1,1,-1,1,1,1,1,1,-1,1,1,1,1,-1,1,1,-1,1,1,-1,1,1,-1,-1,1,1,1,1,-1,1,-1,1,1,1,-1,-1,1,-1,1,1,1,-1,1,-1,-1,-1,1,1,-1,-1,1,-1,-1,1,1,1,-1,1,-1,-1,1,1,1,-1,1,-1,-1,1,1,-1,-1,-1,1,-1,-1,1,-1,1,1,-1,1,1,-1,-1,1,1,-1,-1,1,1,-1,1,1,-1,1,1,-1,-1,-1,-1,1,-1,-1,-1,-1,1,-1,-1,1,1,-1,1,1,-1,1,1,1,1,-1,1,-1,1,1,1,1,-1,1,-1,-1,-1,1,1,-1,1,-1,1,1,1,1,-1,1,-1,1,1,1,-1,-1,1,-1,-1,1,1,-1,-1,-1,1,-1,1,-1,1,-1,1,-1,-1,1,-2672.0,1,2000,445,1000,False
475,-1,-1,1,1,1,1,-1,1,-1,-1,-1,1,-1,1,-1,-1,1,-1,1,1,-1,-1,-1,-1,-1,1,-1,-1,-1,-1,-1,-1,1,1,-1,-1,1,-1,-1,-1,1,-1,-1,-1,-1,-1,-1,1,-1,1,-1,-1,1,-1,1,-1,-1,1,-1,-1,-1,1,1,1,-1,-1,-1,-1,-1,-1,-1,1,-1,-1,-1,-1,-1,-1,1,-1,-1,1,1,-1,1,-1,-1,1,-1,1,-1,-1,-1,-1,-1,-1,-1,1,1,1,-1,-1,-1,-1,1,1,-1,-1,-1,-1,-1,1,1,1,-1,-1,-1,-1,1,1,-1,-1,-1,-1,-1,1,1,-1,1,-1,-1,-1,1,1,-1,1,-1,-1,-1,-1,1,-1,1,-1,-1,-1,1,1,1,-1,-1,-1,-1,-1,-1,1,-1,1,-1,-1,1,1,1,1,-1,-1,1,1,-1,1,-1,-1,-1,-1,1,1,-1,1,-1,-1,1,-1,-1,1,-1,-1,-1,1,1,1,1,1,-1,-1,1,1,-1,1,1,-1,-1,1,1,-1,1,1,-1,-1,-1,1,-1,1,1,-1,-1,1,1,-1,1,1,-1,1,1,1,-1,-1,1,1,-1,-1,1,-1,1,1,-1,1,-1,1,-1,1,1,-1,1,1,1,-1,-1,1,-1,-1,1,1,-1,1,-1,1,1,1,1,-1,1,1,-1,1,1,-1,1,-1,-1,-1,1,1,-1,-1,1,-1,-1,1,1,-1,-1,-1,1,-1,1,1,1,1,-1,1,-1,1,1,1,1,-1,-1,-1,-1,1,-1,1,-1,-1,-1,1,1,-1,1,1,-1,-1,-1,1,1,1,-1,-1,-1,1,1,-1,1,1,-1,-1,1,1,-1,1,-1,-1,-1,1,1,1,1,-1,-1,-1,1,-1,1,1,-1,-1,1,-1,-1,1,1,-1,1,1,1,1,-1,1,-1,1,1,1,-1,1,1,-1,-1,1,1,-1,1,-1,-1,-1,1,1,-1,1,-1,-1,1,-1,1,-1,1,-1,-1,1,-1,1,-1,1,1,-1,1,-1,1,1,-1,1,-1,-1,1,1,-1,1,-1,-1,1,1,-1,-1,1,1,-1,1,-1,1,-1,1,-1,1,1,-1,1,1,1,-1,1,1,-1,1,-1,1,-1,-1,1,-1,1,1,-1,1,-1,1,1,-1,1,-1,-1,-1,1,-1,-1,1,-1,1,-1,-1,1,-1,1,-1,-1,-1,-1,1,-1,1,-1,1,-1,1,1,-1,1,-1,-1,-1,-1,1,-1,-1,1,1,-1,-1,1,-1,1,1,-1,1,-1,1,-1,1,-1,1,-1,-1,-1,-1,1,-1,-1,1,-1,1,-1,1,-1,1,-1,-1,-1,1,1,-1,1,-1,-1,-1,-1,1,-1,-1,1,-1,-1,1,-1,-1,1,1,1,-1,-1,1,-1,-1,1,-1,-1,-1,1,-1,1,-1,1,-1,-1,1,-1,1,-1,1,-1,-1,1,-1,1,1,1,-1,-1,-1,1,1,-1,1,-1,1,-1,1,1,1,-1,1,1,-1,1,1,1,1,1,-1,1,-1,-1,-1,1,-1,-1,1,1,1,-1,1,-1,1,-1,-1,-1,1,1,-1,1,1,-1,1,-1,1,-1,1,1,-1,1,-1,1,-1,-1,-1,-1,1,-1,1,-1,-1,-1,-1,1,-1,1,-1,1,1,1,-1,-1,1,-1,1,1,-1,1,-1,1,-1,-1,1,-1,1,-1,-1,1,1,1,1,1,-1,1,1,1,1,-1,1,-1,-1,1,1,1,-1,-1,-1,1,1,1,1,-1,-1,-1,1,-1,1,-1,1,1,-1,-1,1,1,-1,-1,1,-1,-1,1,1,-1,1,1,1,-1,1,1,1,1,-1,1,-1,1,-1,1,-1,1,1,-1,1,1,1,1,1,1,-1,1,-1,1,-1,1,1,-1,1,1,-1,1,1,1,-1,1,1,1,1,1,1,-1,1,1,-1,-1,1,-1,-1,1,1,1,-1,1,-1,-1,1,-1,-1,1,1,-1,-1,1,-1,1,-1,1,1,-1,1,-1,1,-1,1,-1,-1,1,-1,1,1,1,1,-1,1,-1,1,-1,1,1,-1,1,-1,1,-1,1,1,-1,1,1,1,1,1,-1,1,1,-1,1,1,1,1,-1,1,-1,1,-1,1,1,-1,1,1,-1,1,1,1,-1,1,1,-1,1,1,1,1,1,-1,-1,1,1,1,1,1,-1,1,-1,1,1,1,1,1,-1,1,1,1,1,1,1,-1,1,1,1,1,1,1,1,1,1,1,1,1,1,-1,1,1,-1,1,1,-1,1,1,1,1,1,1,1,-1,1,1,1,1,1,-1,1,1,1,1,1,1,-1,-1,1,-1,1,1,1,-1,1,1,1,1,1,-1,-1,1,1,1,1,1,1,-1,1,1,-1,1,1,-1,1,1,1,1,1,1,-1,-1,1,1,1,1,-1,1,-1,1,1,1,1,-1,-1,-1,1,1,1,1,-1,1,-1,1,1,1,1,1,-1,-1,1,1,-1,1,1,-1,-1,1,1,-1,1,-1,-1,-1,1,-1,1,1,1,-1,-1,-1,1,-1,1,1,-1,-1,1,1,-1,1,1,-1,1,1,1,-1,1,1,-1,1,-1,-1,1,1,1,-1,1,-1,1,1,1,-1,1,-1,1,1,1,1,-1,-1,1,-1,1,1,-1,1,1,-1,-1,1,-1,1,1,-1,1,-1,1,-1,1,-1,-1,1,-1,1,-1,1,-1,1,-1,-1,-1,1,1,-1,-1,1,-1,-1,-1,1,-1,-1,1,-1,1,-1,1,1,-1,-1,-1,-1,1,1,-1,-1,-1,1,1,1,1,-1,1,1,-1,1,1,-1,-1,1,1,-1,-1,-1,1,-1,1,1,1,1,1,-1,-1,-1,-1,1,-1,-1,-1,-1,-1,1,1,1,1,-1,1,1,-1,1,1,1,1,-1,1,-1,1,1,1,1,-1,1,-1,1,1,1,1,-1,1,-1,1,1,1,1,-1,1,-1,1,1,1,-1,-1,1,-1,1,1,1,-1,-1,-1,1,-1,1,-1,1,-1,1,-1,1,1,-2672.0,1,2000,445,1500,True
476,1,1,-1,-1,1,1,-1,-1,1,1,1,-1,-1,1,1,1,-1,1,-1,-1,-1,-1,1,1,1,-1,-1,-1,1,1,1,1,-1,-1,-1,-1,1,-1,1,1,-1,-1,-1,1,1,1,1,-1,1,1,1,1,-1,1,-1,-1,1,-1,1,1,1,-1,-1,-1,1,1,1,1,-1,-1,-1,1,1,1,1,-1,-1,-1,1,1,1,-1,-1,-1,1,1,1,1,-1,-1,1,1,1,1,1,-1,-1,-1,1,-1,1,1,-1,-1,1,1,1,1,1,-1,-1,-1,1,-1,1,1,-1,-1,1,1,1,1,1,1,-1,-1,1,1,-1,1,1,-1,1,1,1,1,1,1,-1,1,1,1,1,1,1,-1,1,1,1,1,1,1,-1,-1,-1,1,1,1,1,-1,1,1,1,1,-1,1,-1,1,-1,1,1,1,-1,-1,1,1,1,1,1,-1,1,-1,-1,1,-1,1,-1,1,1,1,1,1,1,1,1,1,-1,1,-1,1,-1,1,1,-1,1,-1,1,1,-1,1,-1,1,-1,1,-1,1,1,-1,1,-1,1,1,1,1,-1,-1,1,1,-1,-1,1,-1,1,-1,-1,1,-1,1,-1,1,-1,1,-1,1,1,-1,-1,-1,1,1,-1,1,-1,1,1,1,-1,1,1,-1,-1,-1,1,-1,1,-1,1,-1,1,1,-1,1,-1,-1,-1,1,1,-1,1,-1,-1,-1,1,1,-1,-1,1,1,-1,-1,1,1,-1,1,1,-1,1,1,1,1,-1,1,-1,1,1,-1,1,-1,1,1,1,1,1,1,1,1,-1,-1,1,-1,-1,-1,1,1,-1,1,1,1,-1,1,1,1,1,1,1,1,1,-1,1,1,1,-1,1,1,-1,1,1,1,-1,1,1,-1,-1,1,1,1,-1,1,-1,1,1,1,-1,1,1,-1,1,1,1,-1,1,1,-1,1,1,1,-1,1,1,1,-1,1,1,-1,1,1,-1,1,-1,1,-1,1,1,1,-1,1,1,1,-1,1,1,-1,1,1,-1,1,1,1,-1,-1,-1,-1,1,1,1,-1,1,1,-1,1,1,-1,-1,1,1,1,1,1,-1,1,1,1,-1,1,1,1,1,-1,1,1,-1,-1,1,-1,1,-1,1,-1,1,1,-1,-1,-1,1,-1,-1,1,1,-1,1,1,-1,1,1,1,1,-1,1,-1,-1,1,-1,1,-1,1,-1,-1,1,1,1,-1,-1,1,-1,1,1,1,-1,1,1,1,-1,1,1,-1,1,-1,-1,1,1,1,-1,-1,-1,1,1,1,1,-1,1,-1,-1,1,1,-1,1,1,-1,-1,1,1,-1,-1,1,-1,1,1,1,-1,1,-1,1,-1,1,1,-1,-1,1,-1,1,1,1,1,-1,1,-1,-1,-1,1,1,-1,-1,-1,1,-1,1,-1,-1,1,-1,-1,1,-1,1,-1,-1,1,-1,1,-1,1,-1,-1,1,-1,-1,1,1,1,-1,1,-1,1,-1,-1,-1,1,-1,-1,-1,1,-1,-1,1,1,1,-1,1,-1,1,1,1,-1,1,1,-1,-1,-1,1,-1,-1,1,-1,-1,1,1,1,-1,1,-1,-1,1,1,-1,-1,1,-1,-1,1,1,-1,-1,1,-1,-1,-1,1,1,-1,1,-1,-1,-1,1,-1,-1,1,-1,1,-1,1,1,-1,-1,1,-1,-1,-1,-1,-1,1,1,1,-1,1,1,-1,-1,1,-1,-1,-1,-1,-1,1,1,-1,-1,-1,1,-1,1,1,-1,1,1,1,-1,-1,1,1,-1,-1,-1,-1,1,1,-1,-1,1,-1,-1,-1,1,1,-1,-1,-1,-1,-1,1,-1,-1,1,-1,-1,1,1,1,-1,1,-1,-1,-1,1,1,-1,-1,-1,-1,-1,1,1,1,-1,-1,-1,-1,1,1,-1,-1,-1,-1,1,1,1,1,-1,-1,1,1,1,1,1,-1,-1,-1,1,1,1,1,1,-1,1,1,1,1,-1,1,-1,-1,1,-1,1,-1,1,-1,-1,1,-1,1,-1,-1,-1,-1,1,-1,1,-1,1,1,-1,1,-1,1,-1,1,1,-1,1,-1,1,-1,-1,-1,-1,1,1,-1,-1,-1,-1,-1,1,-1,1,-1,-1,-1,-1,-1,-1,-1,1,-1,-1,-1,1,-1,-1,1,-1,-1,-1,-1,-1,-1,1,-1,-1,-1,-1,-1,1,-1,-1,-1,1,-1,-1,1,-1,1,-1,-1,-1,-1,-1,-1,-1,1,-1,-1,-1,1,1,1,-1,-1,1,1,-1,-1,-1,-1,1,-1,-1,1,-1,1,-1,-1,-1,-1,1,-1,1,1,-1,1,-1,-1,1,1,-1,-1,-1,-1,-1,-1,1,1,-1,-1,1,-1,1,1,-1,-1,-1,1,-1,-1,1,-1,-1,1,-1,-1,1,1,1,-1,1,-1,1,1,1,-1,-1,1,-1,-1,1,1,1,-1,1,-1,-1,1,1,-1,1,1,-1,-1,1,1,-1,1,1,-1,-1,1,1,-1,1,1,-1,-1,1,1,1,1,1,1,-1,1,1,1,1,1,-1,-1,1,-1,1,1,1,1,-1,-1,1,-1,1,1,1,-1,1,1,1,1,-1,1,-1,1,1,1,1,1,1,1,-1,1,1,1,1,-1,1,-1,1,1,1,1,1,-1,1,1,1,1,-1,1,1,-1,1,1,-1,1,1,-1,-1,1,1,1,1,-1,1,-1,1,1,1,-1,-1,1,-1,1,1,1,-1,1,-1,-1,-1,1,1,-1,-1,1,-1,-1,1,1,-1,-1,1,-1,1,1,1,1,-1,-1,-1,-1,1,1,-1,-1,-1,1,1,1,1,-1,1,1,-1,1,1,-1,-1,1,1,-1,-1,1,1,-1,1,1,1,1,1,-1,-1,-1,-1,-1,-1,-1,-1,-1,-1,1,1,1,1,-1,1,1,-1,1,1,1,1,-1,1,-1,1,1,1,-1,-1,1,-1,1,1,1,-1,-1,1,-1,1,1,1,-1,-1,1,-1,1,1,1,1,-1,1,-1,1,1,1,1,-1,-1,1,-1,1,-1,1,-1,1,-1,1,1,-2672.0,1,2000,445,1000,False
477,1,1,-1,-1,1,1,-1,-1,1,1,1,-1,1,1,1,1,-1,1,-1,-1,-1,-1,1,1,1,1,-1,-1,1,1,1,1,-1,-1,-1,-1,1,1,1,1,-1,-1,-1,1,1,1,1,-1,1,1,1,1,-1,1,-1,-1,1,-1,1,1,1,-1,-1,-1,1,1,1,1,-1,-1,-1,1,1,1,1,-1,-1,-1,1,1,1,-1,-1,-1,1,1,1,1,-1,-1,-1,1,1,1,1,-1,-1,1,1,-1,1,1,-1,-1,1,1,1,1,1,-1,-1,1,1,1,1,1,-1,-1,1,1,1,1,1,1,-1,1,1,1,-1,1,1,-1,1,1,1,1,1,1,-1,-1,1,1,1,1,1,-1,1,1,1,1,1,1,-1,-1,-1,1,1,1,1,-1,1,1,1,1,-1,1,-1,1,-1,1,1,1,-1,-1,1,1,1,1,1,-1,1,-1,-1,1,-1,1,-1,1,1,1,1,1,1,1,1,1,-1,1,-1,1,-1,1,1,-1,1,-1,1,1,-1,1,-1,1,-1,1,-1,1,1,-1,1,-1,1,1,1,1,-1,-1,1,1,-1,-1,1,-1,1,-1,-1,1,-1,1,-1,1,-1,1,-1,1,1,-1,-1,-1,1,1,-1,1,-1,1,1,1,-1,1,1,-1,1,-1,1,-1,1,-1,1,-1,1,1,-1,1,-1,-1,-1,1,1,-1,1,-1,-1,-1,1,1,-1,-1,1,1,-1,-1,1,1,-1,1,1,-1,1,1,1,1,-1,1,-1,1,1,-1,1,-1,1,1,1,1,1,1,1,1,-1,-1,1,-1,-1,-1,1,1,-1,1,1,1,-1,1,1,1,1,1,1,1,1,-1,1,1,1,-1,1,1,-1,1,1,1,-1,1,1,-1,-1,1,1,1,-1,1,-1,1,1,1,-1,1,1,-1,1,1,1,-1,1,1,-1,1,1,1,-1,1,1,-1,-1,1,1,-1,1,1,-1,1,-1,1,-1,1,1,1,-1,1,1,1,-1,1,1,-1,1,1,-1,1,1,1,-1,-1,-1,-1,1,1,1,-1,1,1,-1,1,1,-1,-1,1,1,1,1,1,-1,1,1,1,-1,1,1,1,1,-1,1,1,1,-1,1,-1,1,1,1,1,1,1,-1,-1,-1,1,-1,-1,1,-1,1,-1,1,-1,1,1,1,1,-1,1,-1,-1,1,-1,1,-1,1,1,1,1,1,1,-1,-1,1,-1,1,1,-1,-1,1,1,1,-1,1,1,-1,-1,1,-1,1,1,-1,-1,1,1,1,1,-1,1,-1,1,-1,1,1,-1,1,-1,1,-1,1,1,-1,-1,-1,1,-1,1,1,1,-1,-1,1,-1,-1,1,-1,-1,-1,1,-1,1,1,-1,1,-1,1,1,-1,1,-1,-1,-1,-1,-1,-1,1,-1,-1,-1,1,-1,-1,1,-1,-1,-1,-1,1,-1,1,-1,-1,1,-1,1,-1,-1,1,1,1,-1,1,-1,1,-1,1,-1,1,-1,-1,-1,1,-1,-1,-1,1,1,-1,1,-1,1,1,1,-1,1,1,-1,-1,-1,1,-1,-1,1,-1,-1,1,1,1,-1,1,-1,-1,1,1,-1,-1,1,-1,-1,1,1,-1,-1,1,-1,-1,-1,1,1,-1,1,-1,-1,-1,1,-1,-1,1,-1,1,-1,1,1,-1,-1,1,-1,-1,-1,-1,-1,1,1,1,-1,-1,1,-1,-1,1,-1,-1,1,-1,-1,1,1,-1,-1,1,-1,-1,1,1,-1,1,-1,-1,-1,-1,1,1,-1,-1,-1,-1,-1,1,-1,-1,1,-1,-1,-1,1,1,-1,-1,-1,-1,-1,1,-1,-1,-1,-1,-1,1,1,1,-1,-1,-1,-1,-1,1,1,-1,-1,-1,-1,-1,1,1,1,-1,-1,-1,-1,1,1,-1,-1,-1,-1,1,1,1,1,1,-1,1,1,1,1,1,1,-1,-1,1,1,1,1,-1,-1,1,1,1,1,-1,1,-1,-1,1,-1,1,-1,1,-1,-1,1,-1,1,1,1,-1,-1,1,-1,1,-1,1,-1,-1,1,-1,1,1,1,-1,-1,1,-1,1,1,1,-1,-1,1,1,-1,1,1,-1,-1,1,-1,1,-1,1,-1,-1,-1,-1,-1,1,1,-1,-1,1,-1,-1,1,1,-1,-1,-1,-1,-1,-1,1,-1,-1,-1,-1,1,-1,-1,-1,1,-1,-1,1,-1,1,-1,-1,-1,-1,-1,-1,1,1,-1,-1,-1,1,1,1,-1,-1,1,1,-1,-1,1,-1,1,-1,-1,1,1,1,-1,-1,-1,-1,1,-1,1,1,-1,1,-1,-1,1,1,-1,-1,-1,-1,-1,-1,1,1,-1,-1,1,-1,1,1,-1,-1,-1,1,-1,1,1,-1,-1,1,-1,-1,1,1,1,-1,1,-1,1,1,1,-1,-1,1,-1,-1,1,1,1,-1,1,-1,-1,1,1,-1,1,1,-1,-1,1,1,-1,1,1,-1,-1,1,1,-1,1,1,-1,-1,1,1,1,1,1,1,-1,-1,1,1,-1,1,-1,-1,1,-1,1,1,1,1,-1,-1,1,-1,1,1,1,-1,1,1,1,1,-1,1,-1,1,1,1,1,1,1,1,-1,1,1,1,1,-1,1,-1,1,1,1,1,1,-1,1,1,1,1,-1,1,1,-1,1,1,-1,1,1,-1,-1,1,1,1,1,-1,1,-1,1,1,1,-1,-1,1,-1,1,1,1,-1,1,-1,-1,-1,1,1,-1,-1,1,-1,-1,1,1,1,-1,1,-1,-1,1,1,1,-1,-1,-1,-1,1,1,-1,-1,-1,1,-1,1,1,-1,1,1,-1,1,1,-1,-1,1,1,-1,-1,1,1,-1,1,1,-1,1,1,-1,-1,-1,-1,1,-1,-1,-1,-1,1,-1,-1,1,1,-1,1,1,-1,1,1,1,1,-1,1,-1,1,1,1,1,-1,1,-1,-1,1,1,1,-1,1,-1,1,1,1,1,-1,1,-1,1,1,1,-1,-1,1,-1,-1,1,1,-1,-1,-1,1,-1,1,1,1,-1,1,-1,-1,1,-2672.0,1,2000,445,0,False
478,1,1,-1,-1,1,1,-1,-1,1,1,1,-1,1,1,1,1,-1,1,-1,-1,1,-1,1,1,1,-1,1,-1,1,1,1,1,-1,-1,-1,-1,1,1,1,1,-1,-1,-1,1,1,1,1,-1,1,1,1,1,-1,1,-1,-1,1,-1,1,1,1,-1,-1,-1,1,1,1,1,-1,-1,-1,1,1,1,1,-1,-1,-1,1,1,1,-1,-1,-1,1,1,1,1,-1,-1,-1,1,1,1,1,-1,-1,1,1,-1,1,1,-1,-1,1,1,1,1,1,-1,-1,1,1,1,1,1,-1,-1,1,1,1,1,1,1,-1,1,1,1,-1,1,1,-1,1,1,1,1,1,1,-1,-1,1,1,1,1,1,-1,1,1,1,1,1,1,-1,-1,-1,1,1,1,1,-1,1,1,1,1,-1,1,-1,1,-1,1,1,1,-1,-1,1,1,1,1,1,-1,1,-1,-1,1,-1,1,-1,1,1,1,1,1,1,1,1,1,1,1,-1,1,-1,1,1,-1,1,-1,1,1,-1,1,-1,1,-1,1,-1,1,1,-1,1,-1,1,1,1,1,-1,-1,1,1,-1,-1,1,-1,1,-1,1,1,-1,1,-1,1,-1,1,-1,1,1,-1,-1,-1,1,-1,-1,1,-1,1,1,1,-1,1,1,-1,1,-1,1,-1,1,-1,1,-1,1,1,-1,1,-1,-1,-1,1,1,-1,1,-1,-1,-1,1,1,-1,-1,1,1,-1,-1,1,-1,-1,1,1,-1,1,1,1,-1,-1,1,-1,1,1,-1,1,-1,1,1,-1,1,-1,-1,-1,1,-1,-1,1,-1,1,-1,1,1,-1,1,1,1,-1,1,-1,-1,1,1,-1,-1,1,-1,1,1,-1,1,-1,1,-1,1,1,1,-1,1,1,-1,-1,1,1,-1,-1,1,-1,1,1,1,1,1,1,-1,1,1,1,1,1,-1,-1,1,1,1,1,1,-1,-1,-1,1,1,1,1,-1,-1,1,-1,1,-1,1,1,-1,-1,1,1,1,1,1,-1,-1,1,1,1,-1,-1,1,-1,-1,-1,-1,1,1,-1,-1,1,1,-1,1,1,-1,-1,1,1,1,1,1,-1,1,1,1,-1,1,-1,-1,-1,-1,1,1,1,1,-1,-1,1,-1,1,1,-1,-1,-1,-1,-1,1,-1,-1,-1,1,-1,1,-1,1,1,-1,1,1,-1,1,-1,1,-1,-1,1,-1,1,-1,1,1,-1,1,-1,-1,1,1,-1,-1,1,-1,1,1,1,-1,-1,1,-1,1,-1,1,-1,1,1,-1,-1,-1,-1,-1,1,1,-1,1,-1,-1,-1,1,-1,1,1,-1,-1,-1,1,-1,-1,1,-1,-1,-1,1,-1,1,-1,1,-1,-1,1,-1,-1,1,-1,-1,-1,1,1,-1,1,-1,-1,-1,1,1,-1,-1,-1,1,-1,1,-1,-1,1,-1,-1,1,-1,1,-1,-1,1,-1,1,-1,1,1,-1,1,-1,-1,1,1,1,-1,1,-1,1,-1,-1,1,1,-1,-1,-1,1,-1,-1,-1,1,1,-1,1,-1,1,-1,1,-1,1,1,-1,1,1,1,-1,-1,1,-1,1,-1,1,1,-1,1,-1,-1,1,1,-1,-1,1,-1,-1,-1,1,-1,-1,1,-1,1,1,1,1,-1,1,-1,-1,1,1,-1,-1,1,-1,-1,-1,1,1,-1,-1,1,1,-1,1,-1,-1,1,1,1,1,1,1,-1,-1,1,1,-1,1,-1,-1,1,1,1,1,-1,-1,-1,1,-1,1,1,1,1,-1,-1,1,1,1,-1,-1,-1,-1,1,1,1,1,-1,-1,-1,1,1,1,-1,-1,-1,-1,1,1,1,1,-1,-1,1,1,1,1,1,-1,-1,-1,1,1,1,1,-1,-1,-1,1,1,-1,1,-1,-1,-1,1,1,1,1,-1,-1,1,1,1,1,1,-1,1,1,-1,1,1,-1,-1,-1,1,1,1,-1,1,-1,1,1,1,1,1,1,-1,-1,1,-1,1,-1,1,-1,-1,1,-1,1,-1,-1,-1,-1,1,-1,1,1,-1,-1,-1,1,1,1,-1,1,-1,-1,1,-1,1,-1,-1,-1,-1,1,1,-1,-1,-1,-1,-1,1,-1,1,-1,-1,-1,-1,-1,-1,-1,1,-1,-1,-1,1,-1,-1,1,-1,-1,-1,-1,-1,1,1,-1,-1,-1,-1,-1,1,-1,-1,-1,1,-1,-1,1,-1,1,-1,-1,-1,-1,-1,-1,-1,1,-1,-1,-1,1,1,-1,-1,-1,-1,1,-1,-1,-1,-1,1,-1,-1,1,-1,1,-1,-1,-1,-1,1,-1,1,1,-1,1,-1,-1,1,1,-1,-1,-1,-1,-1,-1,1,1,-1,-1,1,-1,1,1,-1,-1,-1,1,-1,-1,1,-1,-1,1,1,-1,1,1,1,-1,1,-1,1,1,1,-1,-1,1,-1,-1,1,1,1,-1,1,-1,-1,1,1,-1,1,1,1,-1,1,1,-1,1,1,1,-1,1,1,-1,1,1,1,-1,1,1,1,1,1,1,-1,1,1,1,-1,1,1,-1,1,-1,1,1,1,1,-1,-1,1,-1,1,1,1,-1,1,1,1,1,-1,1,-1,1,1,1,1,1,1,-1,-1,1,1,1,1,-1,1,-1,1,1,1,1,-1,1,-1,1,1,1,-1,-1,1,-1,1,1,-1,1,-1,-1,-1,1,1,1,-1,1,-1,-1,1,1,1,-1,-1,-1,-1,1,1,1,-1,-1,-1,-1,-1,1,1,-1,1,-1,-1,-1,1,1,-1,1,1,-1,1,-1,1,1,1,1,-1,-1,1,1,-1,-1,1,1,1,-1,1,-1,1,-1,-1,1,1,-1,-1,1,-1,-1,-1,1,1,-1,1,1,1,1,1,-1,-1,-1,-1,-1,-1,-1,-1,-1,1,-1,1,1,1,-1,1,1,-1,1,1,1,1,-1,1,-1,1,1,1,1,-1,1,-1,1,1,1,1,-1,1,-1,1,1,1,1,-1,1,-1,1,1,-1,-1,-1,1,-1,-1,1,1,-1,-1,-1,1,-1,1,-1,1,-1,1,-1,-1,1,-2672.0,1,2000,445,500,False
479,1,1,-1,-1,1,-1,-1,-1,1,1,1,-1,1,1,1,1,-1,1,-1,-1,-1,-1,1,1,1,-1,-1,-1,1,1,1,1,-1,-1,-1,-1,1,1,1,1,-1,-1,-1,1,1,1,1,-1,1,1,1,1,-1,1,-1,-1,1,-1,1,1,1,-1,-1,-1,1,1,1,1,-1,-1,-1,1,1,1,1,-1,-1,-1,1,1,1,-1,-1,-1,1,1,1,1,-1,-1,-1,1,1,1,1,-1,-1,1,1,-1,1,1,-1,-1,1,1,1,1,1,-1,-1,-1,1,-1,1,1,-1,-1,1,1,1,1,1,1,-1,-1,1,1,-1,1,1,-1,1,1,1,1,1,1,-1,1,1,1,1,1,1,-1,1,1,1,1,1,1,-1,-1,-1,1,1,1,1,-1,1,1,1,1,-1,1,-1,1,-1,1,1,1,-1,-1,1,1,1,1,1,-1,1,-1,-1,1,-1,1,-1,1,1,1,1,1,1,1,1,1,-1,1,-1,1,-1,1,1,-1,1,-1,1,1,-1,1,-1,1,-1,1,-1,1,1,-1,-1,-1,1,1,1,1,-1,-1,1,1,-1,-1,1,-1,1,-1,1,1,-1,1,-1,1,-1,1,-1,1,1,-1,-1,-1,1,1,-1,1,-1,1,1,1,-1,1,1,-1,1,-1,1,-1,1,-1,1,-1,1,1,-1,1,-1,-1,-1,1,1,-1,1,-1,-1,-1,1,1,-1,-1,1,1,-1,-1,1,1,-1,1,1,-1,1,1,1,1,-1,1,-1,1,1,-1,1,-1,1,1,1,1,1,1,1,1,-1,-1,1,-1,-1,1,1,1,-1,1,1,1,-1,1,-1,-1,1,1,1,1,1,-1,1,1,1,-1,1,1,-1,1,1,1,-1,1,1,-1,-1,1,1,1,-1,1,-1,1,1,1,-1,1,1,-1,1,1,1,-1,1,-1,-1,1,1,1,-1,1,-1,-1,-1,1,1,-1,1,-1,-1,1,-1,1,-1,1,1,-1,-1,1,1,1,-1,1,-1,-1,1,1,-1,1,-1,1,-1,-1,-1,-1,1,1,-1,-1,1,1,-1,1,1,-1,-1,1,1,1,1,1,-1,1,1,1,-1,1,-1,-1,-1,-1,1,1,-1,1,-1,-1,1,1,1,-1,-1,-1,-1,-1,-1,1,-1,-1,-1,1,-1,1,1,-1,1,1,1,1,-1,1,-1,1,-1,-1,1,-1,1,1,1,1,-1,1,-1,-1,1,1,-1,-1,1,-1,1,1,1,-1,-1,1,-1,-1,1,1,-1,1,1,-1,1,1,-1,-1,1,1,-1,1,-1,-1,-1,1,-1,-1,1,-1,-1,-1,1,-1,-1,1,-1,-1,-1,1,-1,-1,1,-1,-1,-1,1,-1,-1,1,-1,-1,-1,1,1,-1,1,-1,-1,-1,1,1,-1,-1,-1,1,-1,1,-1,-1,1,-1,-1,1,-1,1,-1,-1,1,-1,1,-1,1,-1,-1,1,-1,-1,1,1,1,-1,1,-1,1,-1,-1,1,1,-1,-1,-1,1,-1,-1,-1,1,1,-1,1,-1,1,-1,1,-1,1,1,-1,1,1,1,-1,-1,1,-1,1,-1,1,1,-1,1,-1,-1,1,1,-1,-1,1,-1,-1,-1,1,-1,-1,1,-1,1,1,1,1,-1,1,-1,-1,1,1,-1,-1,1,-1,-1,-1,1,1,-1,-1,1,1,-1,1,-1,-1,1,1,1,-1,1,1,-1,-1,1,1,-1,1,-1,-1,1,1,1,1,-1,1,-1,1,-1,1,1,1,1,-1,-1,1,1,1,-1,-1,-1,-1,1,1,1,1,-1,-1,-1,1,1,1,-1,-1,-1,-1,1,1,1,1,-1,-1,-1,1,1,1,1,-1,-1,1,1,1,1,1,-1,-1,-1,1,1,-1,1,-1,-1,-1,1,1,1,1,-1,-1,1,1,1,1,1,-1,1,1,1,1,1,-1,-1,-1,1,1,1,-1,1,-1,1,1,1,1,1,1,-1,-1,1,-1,1,-1,1,-1,-1,1,-1,1,-1,-1,-1,-1,1,-1,1,1,-1,-1,-1,1,-1,1,-1,1,-1,-1,1,-1,1,-1,-1,-1,-1,1,1,-1,-1,-1,-1,-1,1,-1,1,-1,-1,-1,-1,-1,-1,-1,1,-1,-1,-1,1,-1,-1,1,-1,-1,-1,-1,-1,-1,1,-1,-1,-1,-1,-1,1,-1,-1,-1,1,-1,-1,1,-1,1,-1,-1,-1,-1,-1,-1,-1,1,-1,-1,-1,1,1,-1,-1,-1,-1,1,-1,-1,-1,-1,1,-1,-1,1,1,1,-1,-1,-1,-1,1,-1,1,1,-1,1,-1,-1,1,1,-1,-1,-1,-1,-1,-1,1,1,-1,-1,1,-1,1,1,-1,-1,-1,1,-1,1,1,-1,-1,1,-1,-1,1,1,1,-1,1,-1,1,1,1,-1,-1,1,-1,-1,1,-1,1,-1,1,-1,-1,1,1,-1,1,1,-1,-1,1,1,-1,1,1,-1,-1,1,1,-1,1,1,-1,-1,1,1,1,1,1,1,-1,-1,1,1,-1,1,-1,-1,1,-1,1,1,1,1,-1,-1,1,-1,1,1,1,-1,1,1,1,1,-1,1,-1,1,1,1,1,1,1,1,-1,1,1,1,1,-1,1,-1,1,1,1,1,1,-1,1,1,1,1,-1,1,1,-1,1,1,-1,1,1,-1,-1,1,1,1,1,-1,1,-1,1,1,1,-1,-1,1,-1,1,1,1,-1,1,-1,-1,-1,1,1,-1,-1,1,-1,-1,1,1,-1,-1,1,-1,-1,1,1,1,-1,1,-1,-1,1,1,-1,-1,-1,1,-1,-1,1,-1,1,1,-1,1,1,-1,-1,1,1,-1,-1,1,1,-1,1,1,-1,1,1,-1,-1,-1,-1,1,-1,-1,-1,-1,-1,1,-1,1,1,-1,1,1,-1,1,1,1,1,-1,1,-1,1,1,1,-1,-1,1,-1,-1,1,1,-1,-1,1,-1,1,1,1,-1,-1,1,-1,1,1,1,1,-1,1,-1,-1,1,1,-1,-1,-1,1,-1,1,1,1,-1,1,-1,1,1,-2672.0,1,2000,445,1000,False
480,1,1,-1,-1,1,1,-1,-1,1,1,1,-1,-1,1,1,1,-1,1,-1,-1,-1,-1,1,1,1,-1,-1,-1,1,1,1,1,1,-1,-1,-1,1,1,1,-1,-1,-1,-1,1,1,1,1,-1,1,1,1,1,-1,1,-1,-1,1,-1,1,1,1,-1,-1,-1,1,1,1,1,-1,-1,-1,1,1,1,1,-1,-1,-1,1,1,1,-1,-1,-1,1,1,1,1,-1,-1,1,1,1,1,1,-1,-1,-1,1,-1,1,1,-1,-1,1,1,1,1,1,-1,-1,-1,1,-1,1,1,-1,-1,1,1,1,1,1,1,-1,-1,1,1,-1,1,1,-1,1,1,1,1,1,1,-1,1,1,1,1,1,1,-1,1,1,1,1,1,1,-1,-1,-1,1,1,1,1,-1,1,1,1,1,-1,1,-1,1,-1,1,1,1,-1,-1,1,1,1,1,1,-1,1,-1,-1,1,-1,1,-1,1,1,1,1,1,1,1,1,1,1,1,-1,1,-1,1,1,-1,1,-1,1,1,-1,1,-1,1,-1,1,-1,1,1,-1,1,-1,1,1,1,1,-1,-1,1,1,-1,-1,1,-1,1,-1,-1,1,-1,1,-1,1,-1,1,-1,1,1,-1,-1,-1,1,1,-1,1,-1,1,1,1,-1,1,1,-1,-1,-1,1,-1,1,-1,1,-1,1,1,-1,1,-1,-1,-1,1,1,-1,1,-1,-1,-1,1,1,-1,-1,1,1,-1,-1,1,1,-1,1,1,-1,1,1,1,1,-1,1,-1,1,1,-1,1,-1,1,1,-1,1,1,1,1,1,-1,-1,1,-1,-1,1,1,1,-1,1,1,1,-1,1,-1,-1,1,1,1,1,1,-1,1,1,1,-1,1,1,-1,1,1,1,-1,1,1,-1,-1,1,1,1,-1,1,-1,1,1,1,-1,1,1,-1,1,1,1,-1,1,-1,-1,1,1,1,-1,1,-1,-1,-1,1,1,-1,1,-1,-1,1,-1,1,-1,1,1,-1,-1,1,1,1,-1,1,-1,-1,1,1,-1,1,-1,-1,-1,-1,-1,-1,1,1,-1,-1,1,1,-1,1,-1,1,-1,1,1,1,1,-1,-1,1,1,1,-1,1,-1,-1,-1,-1,1,1,-1,1,-1,-1,1,-1,1,-1,-1,-1,1,-1,-1,1,-1,1,-1,-1,1,-1,1,-1,-1,-1,1,1,-1,1,-1,1,-1,-1,1,-1,1,-1,-1,-1,-1,1,-1,-1,1,1,-1,-1,1,-1,1,1,-1,1,-1,1,-1,1,-1,1,-1,-1,1,-1,-1,-1,-1,-1,1,1,-1,1,-1,1,-1,1,-1,1,1,-1,1,-1,1,-1,-1,1,-1,-1,-1,1,-1,1,-1,1,1,-1,1,-1,-1,1,-1,-1,1,-1,1,-1,1,-1,1,-1,1,1,-1,-1,-1,1,-1,1,-1,-1,1,-1,1,1,1,1,-1,-1,1,1,-1,1,1,-1,-1,1,1,1,-1,1,1,-1,1,1,1,1,-1,1,1,-1,-1,-1,1,-1,-1,1,1,1,-1,1,-1,1,-1,-1,-1,1,1,-1,1,1,-1,-1,-1,1,-1,1,1,-1,1,-1,1,-1,-1,-1,-1,-1,-1,1,-1,-1,-1,-1,-1,-1,1,-1,1,1,1,1,-1,1,-1,1,1,-1,-1,-1,1,-1,-1,1,-1,1,-1,-1,1,1,1,1,-1,-1,1,1,1,1,-1,1,-1,-1,1,1,1,-1,-1,-1,1,1,1,1,-1,1,-1,1,-1,1,-1,1,1,-1,-1,1,1,1,-1,-1,-1,1,1,1,1,1,-1,-1,-1,1,1,1,1,-1,-1,-1,1,-1,1,-1,-1,-1,1,1,1,1,1,-1,-1,-1,1,1,1,1,-1,-1,-1,1,1,-1,1,-1,-1,-1,1,1,1,1,-1,-1,1,1,1,1,-1,-1,1,1,-1,1,1,-1,-1,-1,1,1,1,1,1,-1,1,1,1,1,1,-1,-1,-1,1,-1,1,-1,-1,-1,-1,1,-1,1,1,1,-1,-1,1,-1,1,1,-1,-1,-1,1,1,1,1,-1,-1,-1,1,-1,1,1,-1,-1,-1,1,1,-1,-1,-1,-1,-1,1,-1,1,-1,-1,-1,-1,-1,-1,-1,1,-1,-1,-1,1,-1,-1,1,-1,-1,-1,-1,-1,1,1,-1,-1,-1,-1,-1,1,-1,-1,-1,1,-1,-1,1,-1,1,-1,-1,-1,-1,-1,-1,-1,1,-1,-1,-1,1,1,1,-1,-1,1,-1,-1,-1,-1,-1,1,-1,-1,1,1,1,-1,-1,-1,-1,1,-1,1,1,-1,1,-1,-1,1,1,-1,-1,-1,-1,-1,-1,1,1,-1,-1,1,-1,1,1,-1,-1,-1,1,-1,1,1,-1,-1,1,-1,-1,1,1,1,-1,1,-1,1,1,1,-1,-1,1,-1,-1,1,1,1,-1,1,-1,-1,1,1,-1,1,1,-1,-1,1,1,1,1,1,-1,-1,1,1,-1,1,1,-1,-1,1,1,1,1,1,1,-1,1,1,1,1,1,-1,-1,1,-1,1,1,1,1,-1,-1,1,-1,1,1,1,-1,1,1,1,1,-1,1,-1,1,1,1,1,1,1,1,-1,1,1,1,1,-1,1,-1,1,1,1,1,1,-1,1,1,1,1,-1,1,1,-1,1,1,-1,1,1,-1,-1,1,1,1,1,-1,1,-1,1,1,1,-1,-1,1,-1,1,1,1,-1,1,-1,-1,-1,1,1,-1,-1,1,-1,-1,1,1,1,-1,1,-1,1,1,1,1,-1,1,-1,-1,1,1,-1,-1,-1,1,1,1,1,-1,1,1,-1,1,1,-1,-1,1,1,-1,-1,1,1,-1,1,1,1,1,1,-1,-1,-1,-1,-1,-1,-1,-1,-1,-1,1,1,1,1,-1,1,1,-1,1,1,1,1,-1,1,-1,1,1,1,-1,-1,1,-1,1,1,1,-1,-1,1,-1,1,1,1,-1,-1,1,-1,1,1,1,1,-1,1,-1,1,1,1,1,-1,-1,1,-1,1,-1,1,-1,1,-1,1,1,-2672.0,1,2000,445,1000,False
481,1,1,-1,-1,1,-1,-1,-1,1,1,1,-1,1,1,1,1,-1,1,-1,-1,-1,-1,1,1,1,-1,1,-1,1,1,1,1,1,-1,-1,-1,1,-1,1,1,-1,-1,-1,1,1,1,1,-1,1,1,1,1,-1,1,-1,-1,1,-1,1,1,1,-1,-1,-1,1,1,1,1,-1,-1,-1,1,1,1,1,-1,-1,-1,1,1,1,-1,-1,-1,1,1,1,1,-1,-1,-1,1,1,1,1,-1,-1,1,1,-1,1,1,-1,-1,1,1,1,1,1,-1,-1,-1,1,-1,1,1,-1,-1,1,1,1,1,1,1,-1,-1,1,1,-1,1,1,-1,1,1,1,1,1,1,-1,1,1,1,1,1,1,-1,1,1,1,1,1,1,-1,-1,-1,1,1,1,1,-1,1,1,1,1,-1,1,-1,1,-1,1,1,1,-1,-1,1,1,1,1,1,-1,1,-1,-1,1,1,1,-1,1,1,1,1,-1,1,1,1,1,-1,1,-1,1,-1,1,1,-1,1,-1,1,1,-1,1,-1,1,-1,1,-1,1,1,-1,1,-1,1,1,1,1,-1,-1,1,1,-1,-1,1,-1,1,-1,1,1,-1,1,-1,1,-1,1,-1,1,1,-1,-1,-1,1,1,-1,1,-1,1,1,1,-1,1,1,-1,1,-1,1,-1,1,-1,1,-1,1,1,-1,1,-1,-1,-1,1,1,-1,1,-1,-1,-1,1,1,-1,-1,1,1,-1,-1,1,1,-1,1,1,-1,1,1,1,1,-1,1,-1,1,1,-1,1,-1,1,1,-1,1,1,1,1,1,-1,-1,1,-1,-1,1,1,1,-1,1,1,1,-1,1,-1,-1,1,1,1,1,1,-1,1,1,1,-1,1,1,-1,1,1,1,-1,1,1,-1,-1,1,1,1,-1,1,-1,1,1,1,-1,1,1,-1,1,1,1,-1,1,-1,-1,1,1,1,-1,1,-1,-1,-1,1,1,-1,1,-1,-1,1,-1,1,-1,1,1,-1,-1,1,1,1,-1,1,-1,-1,1,1,-1,1,-1,1,-1,-1,-1,-1,1,1,-1,-1,1,1,-1,1,1,-1,-1,1,1,1,1,1,-1,1,1,1,-1,1,-1,-1,-1,-1,1,1,1,1,-1,-1,1,1,1,1,-1,-1,-1,-1,-1,1,-1,-1,-1,1,-1,1,1,1,1,-1,1,1,-1,1,-1,1,-1,-1,1,-1,1,1,1,1,-1,1,-1,-1,1,1,-1,-1,1,-1,1,1,1,-1,-1,1,-1,-1,1,1,-1,1,1,-1,1,1,-1,-1,1,1,-1,1,-1,-1,-1,1,-1,-1,1,-1,-1,1,1,-1,-1,1,-1,-1,-1,1,-1,-1,1,-1,-1,-1,1,-1,-1,1,-1,-1,-1,1,1,-1,1,1,-1,-1,1,1,-1,-1,-1,1,-1,1,-1,-1,1,-1,-1,1,-1,1,-1,-1,1,-1,1,-1,1,1,-1,1,-1,-1,1,1,1,-1,1,-1,1,-1,1,-1,1,-1,-1,-1,1,-1,-1,-1,1,1,-1,1,-1,1,-1,1,-1,1,1,-1,1,1,1,-1,-1,1,-1,1,-1,1,1,-1,1,-1,-1,1,1,-1,-1,1,-1,-1,-1,1,-1,-1,1,-1,1,1,1,1,-1,1,-1,-1,1,1,-1,-1,1,-1,-1,-1,1,1,-1,-1,1,1,-1,1,-1,-1,1,1,1,1,1,1,-1,-1,1,1,-1,1,-1,-1,1,1,1,1,-1,1,-1,1,-1,1,1,1,1,-1,-1,1,1,1,-1,-1,-1,-1,1,1,1,1,-1,-1,-1,1,1,1,-1,-1,-1,-1,1,1,1,1,-1,-1,1,1,1,1,1,-1,-1,-1,1,1,1,1,-1,-1,-1,1,1,-1,1,-1,-1,-1,1,1,1,1,-1,-1,1,1,1,1,1,-1,1,1,-1,1,1,-1,-1,-1,1,1,1,-1,1,-1,1,1,1,1,1,1,-1,-1,1,-1,1,-1,1,-1,-1,1,-1,1,-1,-1,-1,-1,1,-1,1,1,-1,1,-1,1,1,1,-1,1,1,1,-1,-1,1,-1,-1,-1,-1,1,1,-1,-1,-1,-1,-1,1,-1,1,-1,-1,-1,-1,1,-1,-1,1,-1,-1,-1,1,-1,-1,1,-1,-1,-1,-1,-1,1,1,-1,-1,-1,-1,-1,1,-1,-1,-1,1,-1,-1,1,-1,1,-1,-1,-1,-1,-1,-1,-1,1,-1,-1,-1,1,1,1,-1,-1,-1,1,-1,-1,-1,-1,1,-1,-1,1,1,1,-1,-1,-1,-1,1,-1,1,1,-1,1,-1,-1,1,1,-1,-1,-1,-1,-1,-1,1,1,-1,-1,1,-1,1,1,-1,-1,-1,1,-1,1,1,-1,-1,1,-1,-1,1,1,1,-1,1,-1,1,1,1,-1,-1,1,-1,-1,1,1,1,-1,1,-1,-1,1,1,-1,1,1,-1,-1,1,1,-1,1,1,-1,-1,1,1,1,1,1,-1,-1,1,1,1,1,1,1,-1,-1,1,1,1,1,-1,-1,1,-1,1,1,1,1,-1,-1,1,-1,1,1,1,-1,1,1,1,1,-1,1,-1,1,1,1,1,1,1,1,-1,1,1,1,1,-1,1,-1,1,1,1,1,1,-1,1,1,1,1,-1,1,1,-1,1,1,-1,1,1,-1,-1,1,1,1,1,-1,1,-1,1,1,1,-1,-1,1,-1,1,1,1,-1,1,-1,-1,-1,1,1,-1,-1,1,-1,-1,1,1,-1,-1,1,-1,-1,1,1,1,-1,1,-1,-1,1,1,-1,-1,-1,1,-1,-1,1,-1,1,1,-1,1,1,-1,-1,1,-1,-1,-1,1,1,-1,1,1,-1,1,1,-1,-1,-1,-1,1,-1,-1,-1,-1,1,-1,-1,1,1,-1,1,1,-1,1,1,1,1,-1,1,-1,1,1,1,-1,-1,1,-1,-1,1,1,-1,-1,1,-1,1,1,1,-1,-1,1,-1,1,1,1,1,-1,1,-1,-1,1,1,-1,-1,-1,1,-1,1,-1,1,-1,1,-1,-1,1,-2672.0,1,2000,445,0,False
482,1,1,-1,-1,1,-1,-1,-1,1,1,1,-1,1,1,1,1,-1,1,-1,-1,-1,-1,1,1,1,-1,1,-1,1,1,1,1,-1,-1,-1,-1,1,1,1,1,-1,-1,-1,1,1,1,1,-1,1,1,1,1,-1,1,-1,-1,1,-1,1,1,1,-1,-1,-1,1,1,1,1,-1,-1,-1,1,1,1,1,-1,-1,-1,1,1,1,-1,-1,-1,1,1,1,1,-1,-1,1,1,1,1,1,-1,-1,-1,1,-1,1,1,-1,-1,1,1,1,1,1,-1,-1,-1,1,-1,1,1,-1,-1,1,1,1,1,1,1,-1,-1,1,1,-1,1,1,-1,1,1,1,1,1,1,-1,1,1,1,1,1,1,-1,1,1,1,1,1,1,-1,-1,-1,1,1,1,1,-1,1,1,1,1,-1,1,-1,1,-1,1,1,1,-1,-1,1,1,1,1,1,-1,1,-1,-1,1,-1,1,-1,1,1,1,1,1,1,1,1,1,-1,1,-1,1,-1,1,1,-1,1,-1,1,1,-1,1,-1,1,-1,1,-1,1,1,-1,1,-1,1,1,1,1,-1,-1,1,1,-1,-1,1,-1,1,-1,-1,1,-1,1,-1,1,-1,1,-1,1,1,-1,-1,-1,1,1,-1,1,-1,1,1,1,-1,1,1,-1,1,-1,1,-1,1,-1,1,-1,1,1,-1,1,-1,-1,-1,1,1,-1,1,-1,-1,-1,1,1,-1,-1,1,1,-1,-1,1,1,-1,1,1,-1,1,1,1,1,-1,1,-1,1,1,-1,1,-1,1,1,-1,1,1,1,1,1,-1,-1,1,-1,-1,-1,1,1,-1,1,1,1,-1,1,-1,-1,1,1,1,1,1,-1,1,1,1,-1,1,1,-1,1,1,1,-1,1,1,-1,-1,1,1,1,-1,1,-1,1,1,1,-1,1,1,-1,1,1,1,-1,1,-1,-1,1,1,1,-1,1,-1,-1,-1,1,1,-1,1,-1,-1,1,-1,1,-1,1,1,-1,-1,1,1,1,-1,1,-1,-1,1,1,-1,1,-1,-1,-1,-1,-1,-1,1,1,-1,-1,1,1,-1,1,-1,1,-1,1,1,1,1,-1,-1,1,1,1,-1,1,-1,-1,-1,-1,1,1,-1,1,-1,-1,1,-1,1,-1,-1,-1,1,-1,-1,1,-1,1,-1,-1,1,-1,1,-1,-1,-1,1,1,-1,1,-1,1,-1,-1,1,-1,1,-1,-1,-1,-1,1,-1,-1,1,1,-1,-1,1,-1,1,1,-1,1,-1,1,-1,1,-1,1,-1,-1,1,-1,-1,-1,-1,-1,1,1,-1,1,-1,1,-1,1,-1,1,1,-1,1,-1,1,-1,-1,1,-1,-1,-1,1,-1,1,-1,-1,1,-1,1,-1,-1,1,-1,-1,1,-1,1,-1,1,-1,1,-1,1,1,-1,-1,-1,1,-1,1,-1,-1,1,-1,1,1,1,1,-1,-1,1,1,-1,1,1,-1,-1,1,1,1,-1,1,1,-1,1,1,1,1,1,1,1,-1,-1,-1,1,-1,-1,1,-1,1,-1,1,-1,1,-1,-1,-1,1,1,-1,1,1,-1,-1,-1,1,-1,1,1,-1,1,-1,1,-1,-1,-1,-1,-1,-1,1,-1,-1,-1,-1,-1,-1,1,-1,1,1,1,1,-1,1,-1,1,1,-1,-1,-1,1,-1,-1,1,-1,1,-1,-1,1,1,1,1,-1,-1,1,1,1,1,-1,1,-1,-1,1,1,1,-1,-1,-1,1,1,1,1,-1,1,-1,1,-1,1,-1,1,1,-1,-1,1,1,1,-1,-1,-1,1,1,1,1,1,-1,-1,-1,1,1,1,1,-1,-1,-1,1,-1,1,-1,-1,-1,1,1,1,1,1,-1,-1,-1,1,1,1,1,-1,-1,-1,1,1,-1,1,-1,-1,-1,1,1,1,1,-1,-1,1,1,1,1,-1,-1,1,1,-1,1,1,-1,-1,-1,1,1,1,1,1,-1,1,1,1,1,1,-1,-1,-1,1,-1,1,-1,-1,-1,-1,1,-1,1,1,1,-1,-1,1,-1,1,1,-1,-1,-1,1,1,1,1,-1,-1,-1,1,-1,1,1,-1,-1,-1,1,1,-1,-1,-1,-1,-1,1,-1,1,-1,-1,-1,-1,-1,-1,-1,1,-1,-1,-1,1,-1,-1,1,-1,-1,-1,-1,-1,1,1,-1,-1,-1,-1,-1,1,-1,-1,-1,1,-1,-1,1,-1,1,-1,-1,-1,-1,-1,-1,-1,1,-1,-1,-1,1,1,-1,-1,-1,1,-1,-1,-1,-1,-1,1,-1,-1,1,1,1,-1,-1,-1,-1,1,-1,1,1,-1,1,-1,-1,1,1,-1,-1,-1,-1,-1,-1,1,1,-1,-1,1,-1,1,1,-1,-1,-1,1,-1,1,1,-1,-1,1,-1,-1,1,1,1,-1,1,-1,1,1,1,-1,-1,1,-1,-1,1,1,1,-1,1,-1,-1,1,1,-1,1,1,-1,-1,1,1,-1,1,1,-1,-1,1,1,-1,1,1,-1,-1,1,1,1,1,1,1,-1,1,1,1,-1,1,-1,-1,1,-1,1,1,1,1,-1,-1,1,-1,1,1,1,-1,1,1,1,1,-1,1,-1,1,1,1,1,1,1,1,-1,1,1,1,1,-1,1,-1,1,1,1,1,1,-1,1,1,1,1,-1,1,1,-1,1,1,-1,1,1,-1,-1,1,1,1,1,-1,1,-1,1,1,1,-1,-1,1,-1,1,1,1,-1,1,-1,-1,-1,1,1,-1,-1,1,-1,-1,1,1,1,-1,1,-1,1,1,1,1,-1,-1,-1,-1,1,1,-1,-1,-1,1,1,-1,1,-1,1,1,-1,1,1,-1,-1,1,1,-1,-1,1,1,-1,1,1,1,1,1,-1,-1,-1,-1,-1,-1,-1,-1,-1,-1,1,1,1,1,-1,1,1,-1,1,1,1,1,-1,1,-1,1,1,1,-1,-1,1,-1,1,1,1,-1,-1,1,-1,1,1,1,-1,-1,1,-1,1,1,1,1,-1,1,-1,1,1,1,1,-1,-1,1,-1,1,-1,1,-1,1,-1,1,1,-2672.0,1,2000,445,0,False
483,1,1,-1,-1,1,-1,-1,-1,1,1,1,-1,1,1,1,1,-1,1,-1,-1,-1,-1,1,1,1,1,-1,-1,1,1,1,1,-1,-1,-1,-1,1,-1,1,1,-1,-1,-1,1,1,1,1,-1,1,1,1,1,-1,1,-1,-1,1,-1,1,1,1,-1,-1,-1,1,1,1,1,-1,-1,-1,1,1,1,1,-1,-1,-1,1,1,1,-1,-1,-1,1,1,1,1,-1,-1,-1,1,1,1,1,-1,-1,1,1,-1,1,1,-1,-1,1,1,1,1,1,-1,-1,-1,1,-1,1,1,-1,-1,1,1,1,1,1,1,-1,-1,1,1,-1,1,1,-1,1,1,1,1,1,1,-1,1,1,1,1,1,1,-1,1,1,1,1,1,1,-1,-1,-1,1,1,1,1,-1,1,1,1,1,-1,1,-1,1,-1,1,1,1,-1,-1,1,1,1,1,1,-1,1,-1,-1,1,-1,1,-1,1,1,1,1,1,1,1,1,1,-1,1,-1,1,-1,1,1,-1,1,-1,1,1,-1,1,-1,1,-1,1,-1,1,1,-1,1,-1,1,1,1,1,-1,-1,1,1,-1,-1,1,-1,1,-1,1,1,-1,1,-1,1,-1,1,-1,1,1,-1,-1,-1,1,1,-1,1,-1,1,1,1,-1,1,1,-1,-1,-1,1,-1,1,-1,1,-1,1,1,-1,1,-1,-1,-1,1,1,-1,1,-1,-1,-1,1,1,-1,-1,1,1,-1,-1,1,1,-1,1,1,-1,1,1,1,1,-1,1,-1,1,1,-1,1,-1,1,1,1,1,1,1,1,1,-1,-1,1,-1,-1,1,1,1,-1,1,1,1,-1,1,1,1,1,1,1,1,1,-1,1,1,1,-1,1,1,-1,1,1,1,-1,1,1,-1,-1,1,1,1,-1,1,-1,1,1,1,-1,1,1,-1,1,1,1,-1,1,1,-1,1,1,1,-1,1,1,1,-1,1,1,-1,1,1,-1,1,-1,1,-1,1,-1,1,-1,1,1,1,-1,-1,1,-1,1,1,-1,1,1,1,-1,-1,-1,-1,1,1,1,-1,1,1,-1,1,1,1,-1,1,1,1,1,1,-1,1,1,1,-1,1,1,1,-1,-1,1,1,-1,-1,1,-1,1,-1,1,-1,1,1,1,-1,-1,1,-1,1,1,1,-1,1,1,-1,1,1,1,1,-1,1,-1,-1,1,-1,1,-1,1,-1,-1,-1,1,1,-1,-1,1,-1,1,1,-1,-1,1,1,-1,1,-1,1,-1,1,-1,-1,1,1,1,-1,1,-1,1,1,1,1,-1,1,-1,1,1,1,-1,1,1,1,1,-1,1,-1,-1,1,-1,1,1,1,-1,1,-1,1,-1,1,1,-1,-1,1,-1,1,-1,1,1,-1,1,-1,-1,-1,1,1,-1,1,-1,1,-1,1,-1,-1,1,-1,-1,1,1,1,-1,-1,1,-1,1,1,1,-1,-1,1,-1,-1,1,1,1,-1,1,-1,1,-1,-1,1,1,-1,-1,-1,1,-1,1,1,1,1,-1,1,-1,-1,1,1,-1,1,1,-1,1,-1,1,-1,-1,1,-1,-1,1,1,1,-1,1,-1,-1,1,1,-1,-1,1,-1,-1,1,1,-1,-1,1,-1,-1,-1,1,1,-1,1,1,-1,-1,1,-1,-1,1,-1,1,1,-1,1,-1,-1,1,-1,-1,-1,-1,-1,1,1,1,-1,1,1,-1,-1,1,-1,1,-1,-1,-1,1,1,-1,-1,-1,1,-1,1,1,-1,-1,1,1,-1,-1,1,1,-1,-1,-1,-1,1,1,-1,-1,1,-1,-1,-1,1,1,-1,-1,-1,-1,-1,1,-1,-1,1,-1,-1,1,1,1,-1,-1,-1,-1,-1,1,1,-1,1,-1,-1,-1,1,1,1,1,-1,-1,-1,1,1,-1,1,-1,-1,1,1,1,1,-1,-1,1,1,1,1,-1,-1,-1,-1,1,1,-1,1,1,-1,1,1,1,1,-1,1,-1,-1,1,-1,1,-1,-1,-1,-1,1,-1,1,-1,-1,-1,-1,1,-1,1,1,-1,1,-1,1,-1,1,-1,1,1,-1,1,-1,1,1,-1,-1,-1,1,1,-1,-1,-1,-1,-1,1,-1,1,-1,-1,-1,-1,-1,-1,-1,1,-1,-1,-1,1,-1,-1,1,-1,-1,-1,-1,-1,1,1,-1,-1,-1,-1,-1,1,-1,-1,-1,1,-1,-1,1,-1,1,-1,-1,-1,-1,-1,-1,-1,1,-1,-1,-1,1,1,1,-1,-1,-1,1,-1,-1,-1,-1,1,-1,-1,1,-1,1,-1,-1,-1,-1,1,-1,1,1,-1,1,-1,-1,1,1,-1,-1,-1,-1,-1,-1,1,1,-1,-1,1,-1,1,1,-1,-1,-1,1,-1,-1,1,-1,-1,1,-1,-1,1,1,1,-1,1,-1,1,1,1,-1,-1,1,-1,-1,1,1,1,-1,1,-1,-1,1,1,-1,1,1,-1,-1,1,1,-1,1,1,-1,-1,1,1,-1,1,1,-1,-1,1,1,1,1,1,1,-1,1,1,1,-1,1,-1,-1,1,-1,1,1,1,1,-1,-1,1,-1,1,1,1,-1,1,1,1,1,-1,1,-1,1,1,1,1,1,1,1,-1,-1,1,1,1,-1,1,-1,1,1,1,1,1,-1,1,1,1,1,-1,1,1,-1,1,1,-1,1,1,-1,-1,-1,1,1,1,-1,1,-1,1,1,1,-1,-1,1,-1,1,1,1,-1,1,-1,-1,-1,1,1,-1,-1,1,-1,-1,1,1,-1,-1,1,-1,1,1,1,1,-1,1,-1,-1,1,1,-1,-1,-1,1,1,-1,1,-1,1,1,-1,1,1,-1,-1,1,1,-1,-1,1,1,-1,1,1,1,1,1,-1,-1,-1,-1,-1,-1,-1,-1,-1,-1,1,1,1,1,-1,1,1,-1,1,1,1,1,-1,1,-1,1,1,1,-1,-1,1,-1,1,1,1,-1,-1,1,-1,1,1,1,-1,-1,1,-1,1,-1,1,1,-1,1,-1,1,1,1,-1,-1,-1,1,-1,1,-1,1,-1,1,-1,1,1,-2672.0,1,2000,445,1000,False
484,1,1,-1,-1,1,-1,1,-1,1,1,1,-1,1,1,1,1,-1,1,-1,-1,1,-1,1,1,1,-1,-1,-1,1,1,1,1,1,-1,-1,-1,1,1,1,1,-1,-1,-1,1,1,1,1,-1,1,1,1,1,-1,1,-1,-1,1,-1,1,1,-1,-1,-1,-1,1,1,1,1,-1,-1,-1,1,1,1,1,-1,-1,-1,1,1,1,-1,-1,-1,1,1,1,1,-1,-1,-1,1,1,1,1,-1,-1,1,1,-1,1,1,-1,-1,1,1,1,1,1,-1,-1,1,1,1,1,1,-1,-1,1,1,1,1,1,1,-1,1,1,1,-1,1,1,-1,1,1,1,1,1,1,-1,-1,1,1,1,1,1,-1,1,1,1,1,1,1,-1,-1,-1,1,1,1,1,-1,1,1,1,1,-1,1,-1,1,-1,1,1,1,-1,-1,1,1,1,1,1,-1,1,-1,-1,1,-1,1,-1,1,1,1,1,1,1,1,1,1,-1,1,-1,1,-1,1,1,-1,1,-1,1,1,-1,1,-1,1,-1,1,-1,1,1,-1,1,-1,1,1,1,1,-1,-1,1,1,-1,-1,1,-1,1,-1,-1,1,-1,1,-1,1,-1,1,-1,1,1,-1,-1,-1,1,1,-1,1,-1,1,1,1,-1,1,1,-1,-1,-1,1,-1,1,-1,1,-1,1,1,-1,1,-1,-1,-1,1,1,-1,1,-1,-1,-1,1,1,-1,-1,1,1,-1,-1,1,1,-1,1,1,-1,1,1,1,1,-1,1,-1,1,1,-1,1,-1,1,1,1,1,1,1,1,1,-1,-1,1,-1,-1,-1,1,1,-1,1,1,1,-1,1,1,1,1,1,1,1,1,-1,1,1,1,-1,1,1,-1,1,1,1,-1,1,1,-1,-1,1,1,1,-1,1,-1,1,1,1,-1,1,1,-1,1,1,1,-1,1,1,-1,1,1,1,-1,1,1,-1,-1,1,1,-1,1,1,-1,1,-1,1,-1,1,1,1,-1,1,1,1,-1,1,1,-1,1,1,-1,1,1,1,-1,-1,-1,-1,1,1,1,-1,1,1,-1,1,1,-1,-1,1,1,1,1,1,-1,1,1,1,-1,1,1,1,-1,-1,1,1,-1,-1,1,-1,1,-1,1,-1,1,1,-1,-1,-1,1,-1,-1,1,1,-1,1,1,-1,1,1,1,1,-1,1,-1,-1,1,-1,1,-1,1,-1,1,1,1,1,-1,-1,1,-1,1,1,1,-1,1,1,1,-1,1,1,-1,1,-1,-1,1,1,1,-1,-1,-1,1,1,1,1,-1,1,-1,1,1,1,-1,1,1,1,1,1,1,-1,-1,1,-1,1,1,1,-1,1,-1,1,-1,1,1,-1,-1,1,-1,1,1,1,1,-1,1,-1,-1,1,1,1,-1,-1,-1,-1,1,1,-1,-1,1,-1,-1,1,-1,1,-1,-1,1,-1,1,-1,1,-1,-1,1,-1,-1,1,1,1,-1,1,-1,1,-1,-1,-1,1,-1,-1,-1,1,-1,-1,1,1,1,-1,1,-1,1,1,1,-1,1,1,-1,1,-1,1,-1,-1,1,-1,-1,1,1,1,-1,1,-1,-1,1,1,-1,-1,1,-1,-1,1,1,-1,-1,1,-1,-1,-1,1,1,-1,1,-1,-1,-1,1,-1,-1,1,-1,1,-1,1,1,-1,-1,1,-1,-1,-1,-1,-1,1,1,1,-1,-1,1,-1,-1,1,-1,-1,1,-1,-1,1,1,-1,-1,1,-1,-1,1,1,-1,1,-1,-1,-1,-1,1,1,-1,-1,-1,-1,1,1,-1,-1,1,-1,-1,-1,1,1,-1,-1,-1,-1,-1,1,-1,-1,-1,-1,-1,1,1,1,-1,-1,-1,-1,-1,1,1,-1,-1,-1,-1,-1,1,1,1,-1,-1,-1,-1,1,1,-1,-1,-1,-1,1,1,1,1,-1,-1,1,1,1,1,1,-1,-1,-1,1,1,1,1,1,-1,1,1,1,1,-1,1,-1,-1,1,-1,1,-1,1,-1,-1,1,-1,1,-1,-1,-1,-1,1,-1,1,-1,1,-1,-1,1,-1,1,-1,1,-1,-1,1,-1,1,-1,-1,-1,-1,1,1,-1,-1,-1,-1,-1,1,-1,1,-1,-1,-1,-1,-1,-1,-1,1,-1,-1,-1,1,-1,-1,1,-1,-1,-1,-1,-1,-1,1,-1,-1,-1,-1,-1,1,-1,-1,-1,1,-1,-1,1,-1,1,-1,-1,-1,-1,-1,-1,-1,1,-1,-1,-1,1,1,1,-1,-1,1,-1,-1,-1,-1,-1,1,-1,-1,1,1,1,-1,-1,-1,-1,1,-1,1,1,-1,1,-1,-1,1,1,-1,-1,-1,-1,-1,-1,1,1,-1,-1,1,-1,1,1,-1,-1,-1,1,-1,1,1,-1,-1,1,-1,-1,1,1,1,-1,1,-1,1,1,1,-1,-1,1,-1,-1,1,1,1,-1,1,-1,-1,1,1,-1,1,1,-1,-1,1,1,1,1,1,-1,-1,1,1,1,1,1,-1,-1,1,1,1,1,1,1,-1,1,1,1,-1,1,-1,-1,1,-1,1,1,1,1,-1,-1,1,-1,1,1,1,-1,1,1,1,1,-1,1,-1,1,1,1,1,1,1,1,-1,1,1,1,1,-1,1,-1,1,1,1,1,1,-1,1,1,1,1,-1,1,1,-1,1,1,-1,1,1,-1,-1,1,1,1,1,-1,1,-1,1,1,1,-1,-1,1,-1,1,1,1,-1,1,-1,-1,-1,1,1,-1,-1,1,-1,-1,1,1,1,-1,1,-1,1,1,1,1,-1,1,-1,-1,1,1,-1,-1,-1,1,1,-1,1,-1,1,1,-1,1,1,-1,-1,1,1,-1,-1,1,1,-1,1,1,1,1,1,-1,-1,-1,-1,-1,-1,-1,-1,-1,-1,1,1,1,1,-1,1,1,-1,1,1,1,1,-1,1,-1,1,1,1,1,-1,1,-1,1,1,1,1,-1,1,-1,1,1,1,1,-1,1,-1,1,-1,-1,-1,-1,1,-1,1,1,1,-1,-1,-1,1,-1,1,-1,1,-1,1,-1,1,1,-2672.0,1,2000,445,0,False
485,-1,-1,1,1,1,1,-1,1,-1,-1,-1,1,-1,1,-1,-1,1,-1,1,1,-1,1,-1,-1,-1,1,-1,-1,1,-1,-1,-1,1,1,-1,-1,1,-1,-1,-1,1,-1,-1,-1,-1,-1,1,1,-1,1,-1,-1,1,1,1,-1,1,-1,-1,-1,1,1,1,1,-1,1,-1,1,1,-1,1,-1,-1,-1,1,-1,-1,-1,1,-1,-1,1,1,-1,1,-1,-1,1,1,1,-1,1,-1,1,-1,1,-1,1,1,1,1,1,1,-1,1,1,-1,1,1,1,-1,1,1,-1,1,1,1,-1,1,1,-1,1,1,1,-1,1,1,-1,1,1,-1,-1,1,1,-1,1,1,1,-1,-1,1,-1,1,1,1,-1,1,1,1,-1,1,1,-1,-1,-1,1,-1,1,1,-1,1,1,1,1,1,1,-1,1,1,-1,1,1,1,-1,1,1,-1,1,1,-1,1,-1,-1,1,1,1,-1,1,1,1,1,1,1,1,1,1,-1,1,1,1,-1,1,1,-1,1,1,1,1,-1,1,-1,-1,1,1,1,1,1,-1,1,1,1,-1,-1,1,-1,-1,1,1,-1,-1,1,-1,1,1,1,-1,-1,1,-1,1,1,-1,1,1,1,-1,-1,1,1,-1,-1,1,-1,1,1,1,-1,1,1,-1,1,1,1,-1,1,-1,1,-1,1,1,-1,1,-1,-1,1,1,1,-1,1,-1,-1,-1,1,1,1,-1,1,1,-1,1,1,1,-1,1,1,-1,1,1,1,-1,-1,1,-1,1,1,-1,1,-1,1,1,-1,1,-1,-1,-1,1,-1,-1,1,-1,1,-1,1,1,-1,1,1,1,-1,1,-1,-1,1,1,-1,-1,1,-1,1,1,-1,1,-1,1,-1,1,1,1,-1,1,1,-1,1,-1,1,-1,-1,1,-1,1,1,1,1,1,1,-1,1,1,1,1,1,-1,-1,1,1,1,1,1,-1,-1,1,1,1,1,1,-1,-1,-1,-1,1,-1,1,1,-1,1,1,1,1,1,1,-1,-1,-1,1,1,-1,-1,-1,1,-1,-1,-1,1,1,-1,1,-1,1,-1,1,-1,1,-1,1,1,1,1,-1,1,-1,1,1,-1,1,-1,-1,-1,-1,1,1,1,1,-1,-1,1,-1,1,1,-1,-1,1,-1,-1,1,-1,1,-1,1,-1,1,1,1,-1,-1,1,1,-1,1,-1,1,-1,-1,1,-1,1,-1,-1,-1,-1,1,-1,-1,1,1,-1,-1,1,-1,1,1,-1,1,-1,1,-1,1,-1,1,-1,1,1,-1,1,-1,-1,-1,1,1,-1,1,-1,1,-1,1,-1,1,1,1,1,-1,1,-1,-1,1,-1,-1,-1,1,-1,1,-1,1,1,-1,1,-1,-1,1,-1,-1,1,-1,1,-1,1,-1,1,-1,1,1,-1,1,-1,1,-1,1,-1,-1,1,-1,1,1,-1,1,-1,-1,1,1,-1,-1,1,1,-1,1,1,1,1,1,1,-1,1,1,1,-1,-1,1,1,-1,-1,-1,1,-1,-1,1,1,-1,1,1,-1,1,-1,-1,-1,1,1,-1,1,1,-1,-1,1,1,-1,1,1,-1,-1,-1,1,-1,-1,-1,-1,1,-1,1,-1,-1,-1,-1,-1,-1,1,-1,1,1,1,1,-1,1,-1,1,1,-1,1,-1,1,-1,-1,1,-1,1,-1,-1,1,1,1,1,1,1,-1,1,1,1,-1,1,-1,1,1,1,1,-1,-1,-1,1,1,1,1,-1,1,-1,1,-1,1,-1,1,1,-1,-1,1,1,1,-1,1,-1,-1,1,1,1,1,1,1,-1,1,1,1,1,1,1,-1,1,-1,1,-1,1,1,-1,1,1,1,1,1,1,-1,1,-1,1,1,1,1,-1,1,1,-1,1,1,1,1,1,1,1,1,1,1,-1,-1,1,-1,1,1,-1,-1,-1,1,1,-1,1,-1,-1,1,-1,1,1,1,-1,-1,1,-1,1,1,-1,1,-1,-1,1,-1,1,1,-1,-1,1,-1,1,-1,1,-1,-1,-1,-1,1,-1,1,-1,-1,1,-1,-1,1,1,-1,1,-1,-1,1,-1,1,-1,-1,-1,1,-1,-1,1,1,-1,-1,1,-1,-1,1,-1,-1,-1,-1,1,-1,1,-1,1,-1,-1,1,-1,1,1,-1,1,1,1,-1,1,-1,-1,-1,1,-1,-1,-1,-1,-1,-1,1,-1,1,1,-1,-1,-1,-1,-1,-1,1,-1,-1,-1,1,1,-1,1,-1,1,-1,1,-1,-1,1,-1,-1,-1,1,1,1,1,-1,1,-1,1,-1,1,1,-1,1,-1,-1,1,1,1,-1,-1,-1,-1,-1,1,-1,-1,-1,1,-1,1,1,-1,-1,-1,-1,-1,-1,1,1,-1,-1,1,-1,1,1,-1,1,-1,-1,1,1,1,-1,-1,1,-1,-1,1,1,-1,-1,1,-1,-1,1,1,-1,1,-1,1,-1,1,1,-1,-1,1,1,-1,1,1,-1,-1,1,1,-1,1,1,-1,1,1,-1,-1,1,1,-1,-1,1,1,-1,1,-1,1,-1,1,1,-1,-1,1,-1,1,-1,1,-1,1,1,-1,1,-1,1,-1,1,1,-1,1,1,1,-1,-1,-1,-1,1,1,-1,1,-1,1,-1,1,1,-1,1,-1,1,1,1,-1,-1,1,-1,1,1,-1,1,-1,-1,-1,1,-1,1,-1,1,-1,-1,1,-1,1,-1,-1,-1,-1,1,-1,1,-1,-1,-1,-1,-1,1,1,-1,1,-1,-1,-1,-1,1,-1,-1,1,-1,1,-1,1,1,1,1,-1,-1,1,1,-1,-1,1,1,1,1,1,-1,1,-1,-1,1,1,-1,-1,1,-1,-1,-1,-1,1,-1,1,-1,1,1,1,-1,-1,1,-1,-1,-1,-1,-1,-1,1,-1,1,1,1,-1,1,1,-1,1,1,1,1,-1,1,-1,1,1,1,1,-1,1,-1,1,1,1,1,-1,1,-1,1,1,1,1,-1,1,-1,1,-1,1,-1,-1,1,-1,-1,1,1,-1,-1,-1,1,-1,1,1,1,-1,1,-1,-1,1,-2672.0,1,2000,445,1500,True
486,-1,-1,1,1,1,1,-1,1,-1,-1,-1,1,-1,1,-1,-1,1,-1,1,1,-1,1,-1,-1,-1,1,-1,-1,-1,-1,-1,-1,1,1,-1,1,1,-1,-1,-1,1,-1,1,-1,-1,-1,-1,1,-1,-1,-1,-1,1,-1,1,-1,-1,1,-1,-1,-1,1,1,1,-1,-1,-1,-1,-1,-1,1,-1,-1,-1,-1,-1,-1,1,-1,-1,-1,1,1,-1,-1,-1,-1,-1,-1,1,-1,-1,-1,-1,-1,-1,-1,1,-1,1,-1,-1,-1,-1,1,-1,-1,-1,-1,-1,-1,1,-1,-1,-1,-1,-1,-1,1,-1,-1,-1,-1,-1,-1,1,-1,-1,1,-1,-1,-1,1,-1,-1,1,-1,-1,-1,-1,-1,-1,1,-1,-1,-1,1,-1,-1,-1,-1,-1,-1,-1,1,-1,1,1,-1,-1,1,-1,-1,-1,-1,-1,1,1,1,-1,-1,-1,-1,-1,1,-1,-1,1,-1,-1,1,-1,1,-1,-1,-1,-1,1,1,-1,-1,1,-1,-1,1,1,1,-1,1,-1,-1,1,1,1,-1,1,-1,-1,-1,1,1,-1,1,-1,1,1,1,1,-1,1,-1,1,1,1,1,1,-1,1,-1,-1,1,1,1,1,-1,1,-1,1,1,-1,1,-1,1,1,1,1,1,1,-1,-1,1,1,1,-1,-1,-1,1,1,1,1,-1,1,-1,1,1,-1,1,1,-1,-1,1,1,-1,1,1,-1,-1,1,1,-1,1,1,1,-1,1,-1,1,1,1,1,-1,1,1,1,1,1,-1,-1,-1,1,-1,1,1,-1,-1,1,-1,-1,1,1,1,-1,-1,1,1,1,1,1,-1,1,1,-1,1,-1,1,-1,1,1,-1,1,1,1,-1,1,1,1,1,1,-1,-1,1,-1,1,1,1,-1,1,-1,-1,1,1,1,-1,1,1,1,-1,1,1,1,1,1,-1,1,1,1,1,1,1,-1,1,-1,1,-1,1,1,-1,1,-1,1,1,-1,1,-1,1,-1,1,1,-1,1,-1,1,1,-1,1,-1,1,1,-1,1,-1,1,-1,1,-1,1,-1,-1,1,1,-1,-1,1,1,-1,1,-1,1,-1,1,-1,1,1,-1,1,1,1,1,-1,1,-1,1,-1,1,-1,-1,1,-1,1,1,-1,1,-1,1,1,-1,1,-1,-1,-1,1,-1,-1,1,-1,1,-1,-1,1,-1,1,-1,-1,-1,-1,1,-1,1,-1,1,-1,-1,1,-1,1,-1,-1,-1,-1,1,-1,-1,1,1,-1,-1,1,-1,1,1,-1,1,-1,1,-1,1,-1,1,-1,-1,-1,-1,1,-1,-1,1,-1,1,-1,1,-1,1,-1,-1,-1,1,1,-1,1,-1,-1,-1,-1,1,-1,-1,-1,-1,-1,1,-1,-1,1,-1,1,-1,-1,1,-1,-1,1,-1,-1,-1,1,-1,1,-1,1,-1,-1,1,-1,1,-1,1,-1,-1,1,-1,1,1,1,-1,-1,-1,1,1,-1,1,-1,1,-1,1,1,1,-1,1,1,-1,1,1,1,1,1,-1,1,-1,1,1,-1,1,-1,1,-1,-1,1,-1,-1,1,-1,-1,1,-1,-1,-1,1,1,-1,1,1,-1,-1,1,1,-1,-1,1,-1,-1,-1,-1,-1,1,1,-1,-1,-1,-1,-1,1,1,-1,-1,1,1,1,-1,1,-1,1,-1,1,-1,1,1,-1,-1,-1,1,-1,-1,1,1,-1,1,1,1,1,1,1,-1,-1,1,-1,1,1,1,-1,-1,1,-1,1,1,-1,-1,1,1,-1,1,1,-1,-1,1,-1,1,1,1,1,-1,1,1,-1,1,1,1,-1,1,1,1,1,1,1,-1,-1,1,1,1,1,1,-1,1,1,-1,1,1,1,-1,-1,1,1,1,-1,1,-1,-1,1,1,1,1,1,-1,-1,-1,1,1,1,1,-1,-1,1,1,1,1,-1,1,-1,1,-1,1,-1,-1,1,-1,1,-1,1,1,-1,-1,1,-1,1,1,-1,-1,-1,-1,1,-1,1,1,-1,1,-1,1,-1,1,-1,1,-1,-1,1,1,1,1,-1,1,-1,1,-1,1,1,-1,-1,-1,1,-1,1,1,-1,1,1,1,1,1,-1,1,1,-1,1,1,1,1,-1,1,-1,1,-1,1,1,-1,1,1,-1,1,1,1,-1,1,1,-1,1,1,1,1,1,-1,-1,1,1,1,1,1,-1,1,-1,1,1,1,1,1,-1,1,1,1,1,1,1,-1,1,1,1,1,1,1,1,1,1,1,1,1,1,-1,1,1,1,1,1,-1,1,1,1,1,1,1,1,-1,1,1,1,1,1,-1,1,1,1,1,1,1,-1,-1,1,-1,1,1,1,-1,1,1,1,1,1,-1,-1,1,1,1,1,1,1,-1,1,1,-1,1,1,-1,1,1,1,1,1,1,-1,-1,1,1,1,1,-1,1,-1,1,1,1,1,-1,-1,-1,1,1,1,1,-1,1,-1,1,1,1,1,1,-1,-1,1,1,-1,1,1,-1,-1,1,1,-1,1,-1,-1,-1,1,-1,-1,1,1,-1,-1,-1,1,-1,1,1,-1,-1,1,1,-1,1,1,-1,1,1,1,-1,1,1,-1,1,-1,-1,1,1,1,-1,1,-1,1,1,1,-1,1,-1,1,1,1,1,-1,1,1,-1,1,1,-1,1,1,-1,-1,-1,-1,1,1,-1,1,-1,1,-1,1,-1,-1,1,-1,1,-1,1,-1,1,-1,-1,-1,1,1,-1,1,1,-1,-1,-1,1,-1,-1,1,-1,1,-1,1,1,-1,1,-1,-1,1,1,-1,-1,-1,1,1,1,1,-1,1,1,-1,1,1,-1,-1,1,1,-1,-1,-1,1,-1,1,1,1,1,1,-1,-1,-1,-1,-1,-1,-1,-1,-1,-1,1,1,1,1,-1,1,1,-1,1,1,1,1,-1,1,-1,1,1,1,1,-1,1,-1,1,1,1,1,-1,1,-1,1,1,1,1,-1,1,-1,1,1,1,-1,-1,1,-1,1,1,1,-1,-1,-1,1,-1,1,-1,1,-1,1,-1,1,1,-2672.0,1,2000,445,1500,True
487,-1,-1,1,1,1,1,-1,1,-1,-1,-1,1,-1,1,-1,-1,1,-1,1,1,-1,-1,-1,-1,-1,1,-1,-1,-1,-1,-1,-1,1,1,-1,-1,1,-1,-1,-1,1,-1,-1,-1,-1,-1,-1,-1,1,1,-1,-1,1,-1,1,-1,-1,1,-1,-1,-1,1,1,1,-1,-1,-1,-1,-1,-1,-1,1,-1,-1,-1,-1,-1,-1,1,-1,-1,1,1,-1,1,-1,-1,-1,-1,1,-1,-1,1,-1,-1,-1,-1,1,1,1,-1,1,-1,-1,1,1,1,-1,-1,-1,-1,1,1,1,-1,1,-1,-1,1,1,1,-1,-1,-1,-1,1,1,1,-1,1,-1,-1,1,1,1,-1,-1,-1,-1,-1,1,1,-1,1,1,-1,1,1,1,1,1,-1,-1,-1,-1,1,1,1,-1,-1,1,1,1,1,-1,1,-1,1,-1,1,1,1,-1,-1,1,1,1,-1,1,-1,1,-1,-1,1,1,1,-1,1,1,1,1,-1,1,-1,1,1,-1,1,-1,1,-1,1,1,-1,1,-1,1,-1,-1,1,-1,1,-1,1,-1,1,1,-1,-1,-1,1,-1,-1,1,-1,-1,1,1,-1,-1,1,-1,1,1,-1,1,-1,1,-1,1,-1,1,-1,1,1,-1,-1,1,1,-1,-1,1,-1,1,1,1,-1,1,1,-1,1,-1,1,-1,1,-1,1,-1,1,1,-1,1,-1,-1,-1,1,1,-1,1,-1,-1,-1,-1,1,1,-1,1,1,-1,-1,1,-1,-1,1,1,-1,1,1,1,-1,-1,1,-1,1,1,-1,1,-1,1,1,-1,1,-1,-1,-1,1,-1,-1,1,-1,1,-1,1,1,-1,1,1,1,-1,1,-1,-1,1,1,-1,-1,1,-1,-1,1,-1,1,-1,1,-1,-1,1,1,-1,1,1,-1,1,-1,1,-1,-1,1,-1,1,1,1,1,1,1,-1,1,1,1,1,1,-1,-1,1,1,1,1,1,-1,-1,1,-1,1,1,1,-1,-1,1,-1,1,1,1,1,-1,1,-1,1,1,1,1,-1,-1,1,1,1,-1,-1,-1,1,1,-1,-1,1,1,-1,1,-1,1,-1,1,-1,1,1,-1,1,1,1,-1,1,1,-1,1,-1,1,-1,-1,1,-1,1,1,1,1,-1,1,1,-1,1,1,-1,-1,1,-1,-1,1,-1,1,-1,-1,1,-1,1,1,-1,-1,1,1,-1,1,-1,1,-1,-1,1,-1,1,-1,-1,-1,-1,1,-1,-1,1,1,-1,-1,1,-1,1,1,-1,1,-1,1,-1,1,-1,1,-1,-1,-1,-1,1,-1,-1,-1,-1,1,-1,1,-1,1,-1,-1,-1,1,1,1,1,-1,-1,-1,-1,1,-1,-1,-1,-1,-1,1,-1,1,1,-1,-1,-1,-1,1,-1,-1,1,-1,-1,-1,1,-1,1,-1,-1,-1,-1,1,-1,1,-1,1,-1,-1,1,-1,1,1,1,-1,-1,-1,1,1,-1,1,-1,-1,-1,1,1,1,-1,1,1,-1,1,1,1,1,1,-1,1,-1,-1,-1,1,-1,-1,1,1,1,-1,1,-1,1,-1,-1,-1,1,1,-1,1,1,-1,1,-1,1,-1,1,1,-1,1,-1,1,-1,-1,-1,-1,1,-1,1,-1,-1,-1,-1,1,-1,1,-1,1,1,1,-1,-1,1,-1,1,1,-1,1,-1,1,-1,-1,1,-1,1,-1,-1,1,1,1,1,1,-1,1,1,1,1,-1,1,-1,-1,1,1,1,-1,-1,-1,1,1,1,1,-1,-1,-1,1,-1,1,-1,1,1,-1,-1,1,1,1,-1,-1,-1,-1,1,1,1,1,1,-1,-1,1,1,1,1,-1,-1,-1,1,-1,1,-1,1,-1,-1,1,1,1,1,1,-1,-1,1,-1,1,1,1,-1,-1,1,1,-1,1,1,-1,-1,1,1,1,1,1,-1,1,-1,1,-1,1,1,1,1,-1,1,1,1,1,-1,1,1,-1,1,1,1,1,1,1,-1,1,-1,1,-1,1,-1,-1,1,-1,1,1,-1,1,-1,1,1,1,1,-1,1,-1,1,1,1,1,1,1,-1,1,-1,1,1,-1,-1,-1,1,1,1,1,1,1,-1,1,1,1,1,1,-1,1,-1,1,1,1,-1,-1,-1,-1,1,1,1,1,-1,1,-1,1,1,1,-1,-1,-1,-1,1,1,-1,-1,-1,-1,1,-1,1,-1,-1,-1,1,-1,1,1,-1,-1,-1,1,-1,1,1,-1,-1,-1,1,1,1,1,-1,1,-1,1,-1,1,1,1,-1,-1,-1,1,1,1,1,-1,-1,1,-1,1,1,-1,1,-1,-1,1,1,1,1,-1,-1,-1,-1,1,-1,1,-1,1,-1,1,1,1,1,1,-1,-1,1,1,1,1,-1,1,-1,1,1,-1,1,-1,-1,1,1,1,1,-1,1,-1,-1,1,1,1,1,1,-1,-1,1,1,1,-1,1,1,-1,1,1,1,1,1,1,-1,1,1,1,1,1,1,-1,1,1,-1,1,1,-1,-1,1,1,-1,1,1,1,-1,1,-1,-1,1,1,1,-1,-1,1,-1,1,1,1,-1,1,1,-1,1,1,1,-1,1,1,-1,1,1,1,-1,-1,-1,1,1,1,-1,1,-1,1,1,1,1,-1,1,-1,1,1,1,-1,-1,1,-1,-1,1,-1,1,-1,-1,-1,1,-1,1,-1,1,-1,-1,1,-1,1,-1,-1,-1,-1,1,-1,1,-1,-1,1,-1,-1,1,1,-1,1,-1,-1,-1,-1,1,-1,1,-1,-1,1,-1,1,1,1,1,-1,-1,1,1,-1,-1,1,1,1,1,1,-1,1,-1,-1,1,1,-1,-1,1,-1,-1,-1,-1,1,-1,1,1,1,1,1,-1,-1,1,-1,-1,-1,-1,-1,-1,1,-1,1,1,1,-1,1,1,-1,1,1,1,1,-1,1,-1,1,1,1,1,-1,1,-1,1,1,1,1,-1,1,-1,1,1,1,1,-1,1,-1,1,1,1,-1,-1,1,-1,-1,1,1,-1,-1,-1,1,-1,1,-1,1,-1,1,-1,-1,1,-2672.0,1,2000,445,1500,True
488,1,1,-1,-1,1,-1,-1,-1,1,1,1,-1,1,1,1,1,-1,1,-1,-1,-1,-1,1,1,1,-1,-1,-1,1,1,1,1,1,-1,-1,-1,1,-1,1,1,-1,-1,-1,1,1,1,1,-1,1,1,1,1,-1,1,-1,-1,1,-1,1,1,1,-1,-1,-1,1,1,1,1,-1,-1,-1,1,1,1,1,-1,-1,-1,1,1,1,-1,-1,-1,1,1,1,1,-1,-1,1,1,1,1,1,-1,-1,-1,1,-1,1,1,-1,-1,1,1,1,1,1,-1,-1,-1,1,-1,1,1,-1,-1,1,1,1,1,1,1,-1,-1,1,1,-1,1,1,-1,1,1,1,1,1,1,-1,1,1,1,1,1,1,-1,1,1,1,1,1,1,-1,-1,-1,1,1,1,1,-1,1,1,1,1,-1,1,-1,1,-1,1,1,1,-1,-1,1,1,1,1,1,-1,1,-1,-1,1,-1,1,-1,1,1,1,1,1,1,1,1,1,-1,1,-1,1,-1,1,1,-1,1,-1,1,1,-1,1,-1,1,-1,1,-1,1,1,-1,-1,-1,1,1,1,1,-1,-1,1,1,-1,-1,1,-1,1,-1,-1,1,-1,1,-1,1,-1,1,-1,1,1,-1,-1,-1,1,1,-1,1,-1,1,1,1,-1,1,-1,-1,1,-1,1,-1,1,1,1,-1,1,1,-1,1,-1,-1,-1,1,1,-1,1,-1,-1,-1,1,1,-1,-1,1,1,-1,-1,1,1,-1,1,1,-1,1,1,1,1,-1,1,-1,1,1,-1,1,-1,1,1,-1,1,1,1,1,1,-1,-1,1,-1,-1,-1,1,1,-1,1,1,1,-1,1,-1,-1,1,1,1,1,1,-1,1,1,1,-1,1,1,-1,1,1,1,-1,1,1,-1,-1,1,1,1,-1,1,-1,1,1,1,-1,1,1,-1,1,1,1,-1,1,-1,-1,1,1,1,-1,1,-1,-1,-1,1,1,-1,1,-1,-1,1,-1,1,-1,1,1,-1,-1,1,1,1,-1,1,-1,-1,1,1,-1,1,-1,-1,-1,-1,-1,-1,1,1,-1,-1,1,1,-1,1,-1,1,-1,1,1,1,1,-1,-1,1,1,1,-1,1,-1,-1,-1,-1,1,1,-1,1,-1,-1,1,-1,1,-1,-1,-1,1,-1,-1,1,-1,1,-1,-1,1,-1,1,-1,-1,-1,1,1,-1,1,-1,1,-1,-1,1,-1,1,-1,-1,-1,-1,1,-1,-1,1,1,-1,-1,1,-1,1,1,-1,1,-1,1,-1,1,-1,1,-1,-1,1,-1,1,-1,-1,-1,1,1,-1,1,-1,1,-1,1,-1,1,1,1,1,-1,1,-1,-1,1,-1,-1,-1,1,-1,1,-1,1,1,-1,1,-1,-1,1,-1,-1,1,-1,1,-1,1,-1,1,-1,1,1,-1,-1,-1,1,-1,1,-1,-1,1,-1,1,1,1,1,-1,-1,1,1,-1,1,1,-1,-1,1,1,1,-1,1,1,-1,1,1,1,1,1,1,1,-1,-1,-1,1,-1,-1,1,1,1,-1,1,-1,1,-1,-1,-1,1,1,-1,1,1,-1,-1,-1,1,-1,1,1,-1,1,-1,1,-1,-1,-1,-1,-1,-1,1,-1,-1,-1,-1,-1,-1,1,-1,1,1,1,1,-1,1,-1,1,1,-1,-1,-1,1,-1,-1,1,-1,1,-1,-1,1,1,1,1,-1,-1,1,1,1,1,-1,1,-1,-1,1,1,1,-1,-1,-1,1,1,1,1,-1,1,-1,1,-1,1,-1,1,1,-1,-1,1,1,1,-1,-1,-1,-1,1,1,1,1,-1,-1,-1,1,1,1,1,-1,-1,-1,1,-1,1,-1,-1,-1,-1,1,1,1,1,-1,-1,1,1,1,1,1,-1,-1,-1,1,1,-1,1,-1,-1,-1,1,1,1,1,-1,-1,1,1,1,1,-1,-1,1,1,-1,1,1,-1,-1,-1,1,1,1,1,1,-1,1,1,1,1,1,-1,-1,-1,1,-1,1,-1,-1,-1,-1,1,-1,1,1,-1,-1,-1,1,-1,1,1,-1,1,-1,1,1,1,1,-1,1,-1,1,-1,1,1,-1,-1,-1,1,1,-1,-1,-1,-1,-1,1,-1,1,-1,-1,-1,-1,-1,-1,-1,1,-1,-1,-1,1,-1,-1,1,-1,-1,-1,-1,-1,1,1,-1,-1,-1,-1,-1,1,-1,-1,-1,1,-1,-1,1,-1,1,-1,-1,-1,-1,-1,-1,-1,1,-1,-1,-1,1,1,1,-1,-1,1,1,-1,-1,-1,-1,1,-1,-1,1,1,1,-1,-1,-1,-1,1,-1,1,1,-1,1,-1,-1,1,1,-1,-1,-1,-1,-1,-1,1,1,-1,-1,1,-1,1,1,-1,-1,-1,1,-1,1,1,-1,-1,1,-1,-1,1,1,1,-1,1,-1,1,1,1,-1,-1,1,-1,-1,1,-1,1,-1,1,-1,-1,1,1,-1,1,1,-1,-1,1,1,-1,1,1,-1,-1,1,1,1,1,1,-1,-1,1,1,1,1,1,1,-1,1,1,1,-1,1,-1,-1,1,-1,1,1,1,1,-1,-1,1,-1,1,1,1,-1,1,1,1,1,-1,1,-1,1,1,1,1,1,1,1,-1,1,1,1,1,-1,1,-1,1,1,1,1,1,-1,1,1,1,1,-1,1,1,-1,1,1,-1,1,1,-1,-1,1,1,1,1,-1,1,-1,1,1,1,-1,-1,1,-1,1,1,1,-1,1,-1,-1,-1,1,1,-1,-1,1,-1,-1,1,1,1,-1,1,-1,1,1,1,1,-1,1,-1,-1,1,1,-1,-1,-1,1,1,-1,1,-1,1,1,-1,1,1,-1,-1,1,1,-1,-1,1,1,-1,1,1,1,1,1,-1,-1,-1,-1,-1,-1,-1,-1,-1,-1,1,1,1,1,-1,1,1,-1,1,1,1,1,-1,1,-1,1,1,1,-1,-1,1,-1,1,1,1,-1,1,1,-1,1,1,1,-1,-1,1,-1,1,-1,1,1,-1,1,-1,1,1,1,1,-1,1,1,-1,1,-1,1,-1,1,-1,1,1,-2672.0,1,2000,445,1500,False
489,1,1,-1,-1,1,-1,-1,-1,1,1,1,-1,1,1,1,1,-1,1,-1,-1,-1,-1,1,1,1,-1,1,-1,1,1,1,1,1,-1,-1,-1,1,-1,1,-1,-1,-1,-1,1,1,1,1,-1,1,1,1,1,-1,1,-1,-1,1,-1,1,1,1,-1,-1,-1,1,1,1,1,-1,-1,-1,1,1,1,1,-1,-1,-1,1,1,1,-1,-1,-1,1,1,1,1,-1,-1,-1,1,1,1,1,-1,-1,1,1,-1,1,1,-1,-1,1,1,1,1,1,-1,-1,-1,1,1,1,1,-1,-1,1,1,1,1,1,1,-1,-1,1,1,-1,1,1,-1,1,1,1,1,1,1,-1,1,1,1,1,1,1,-1,1,1,1,1,1,1,-1,-1,-1,1,1,1,1,-1,1,1,1,1,-1,1,-1,1,-1,1,1,1,-1,-1,1,1,1,1,1,-1,1,-1,-1,1,1,1,-1,1,1,1,1,-1,1,1,1,1,-1,1,-1,1,-1,1,1,-1,1,-1,1,1,-1,1,-1,1,-1,1,-1,1,1,-1,1,-1,1,1,1,1,-1,-1,1,1,-1,-1,1,-1,1,-1,-1,1,-1,1,-1,1,-1,1,-1,1,1,-1,-1,-1,1,1,-1,1,-1,1,1,1,-1,1,1,-1,1,-1,1,-1,1,-1,1,-1,1,1,-1,1,-1,-1,-1,1,1,-1,1,-1,-1,-1,1,1,-1,-1,1,1,-1,-1,1,1,-1,1,1,-1,1,1,1,1,-1,1,-1,1,1,-1,1,-1,1,1,-1,1,1,-1,-1,1,-1,-1,1,-1,-1,-1,1,1,-1,1,1,1,-1,1,-1,-1,1,1,1,1,1,-1,1,1,1,1,-1,1,-1,1,1,1,-1,1,1,-1,-1,1,1,1,-1,1,-1,1,1,1,-1,1,1,-1,1,1,1,-1,1,-1,-1,1,1,1,1,1,-1,-1,-1,1,1,-1,1,-1,-1,1,-1,1,-1,1,1,-1,-1,1,1,1,-1,1,-1,-1,1,1,-1,1,-1,1,-1,-1,-1,-1,1,1,-1,-1,1,1,-1,1,1,-1,-1,1,1,1,1,1,-1,1,1,1,-1,1,-1,-1,-1,-1,1,1,1,1,-1,-1,1,1,1,1,-1,-1,-1,-1,-1,1,-1,-1,-1,1,-1,1,1,-1,1,1,1,1,-1,1,-1,1,-1,-1,1,-1,1,1,1,1,-1,1,-1,-1,1,1,-1,-1,1,-1,1,1,1,-1,-1,1,-1,-1,1,1,-1,1,1,-1,1,1,-1,-1,1,1,-1,1,-1,-1,-1,1,-1,-1,1,-1,-1,1,1,-1,-1,1,-1,-1,-1,1,-1,-1,1,-1,-1,-1,1,-1,-1,1,-1,-1,-1,1,1,-1,1,1,-1,-1,1,1,-1,-1,-1,1,-1,1,-1,-1,1,-1,-1,1,1,1,-1,-1,1,-1,1,-1,1,-1,-1,1,-1,-1,1,1,1,-1,1,-1,1,-1,-1,-1,1,-1,-1,-1,1,-1,-1,-1,1,1,-1,1,-1,1,-1,1,-1,1,1,-1,1,1,1,-1,-1,1,-1,1,-1,1,1,-1,1,-1,-1,1,1,-1,-1,1,-1,-1,-1,1,-1,-1,1,-1,1,1,1,1,-1,1,-1,-1,1,1,-1,-1,1,-1,-1,-1,1,1,-1,-1,1,1,-1,1,-1,-1,1,1,1,-1,1,1,-1,-1,1,1,-1,1,-1,-1,1,1,1,1,-1,-1,-1,1,-1,1,1,1,-1,-1,-1,1,1,1,-1,-1,-1,-1,1,1,1,1,-1,-1,-1,1,1,1,-1,-1,-1,-1,1,1,1,1,-1,-1,1,1,1,1,1,-1,-1,-1,1,1,1,1,-1,-1,-1,1,1,-1,1,-1,-1,-1,1,1,1,1,-1,-1,1,1,1,1,1,-1,1,1,-1,1,1,-1,-1,-1,1,1,1,-1,1,-1,1,1,1,1,1,1,-1,-1,1,-1,1,-1,1,-1,-1,1,-1,1,-1,-1,-1,-1,1,-1,1,1,-1,1,-1,1,1,1,-1,1,1,1,-1,-1,1,-1,-1,-1,-1,1,1,-1,-1,-1,-1,-1,1,-1,1,-1,-1,-1,-1,-1,-1,-1,1,-1,-1,-1,1,-1,-1,1,-1,-1,-1,-1,-1,1,1,-1,-1,-1,-1,-1,1,-1,-1,-1,1,-1,-1,1,-1,1,-1,-1,-1,-1,-1,-1,-1,1,-1,-1,-1,1,1,-1,-1,-1,1,1,-1,-1,-1,-1,1,-1,-1,1,1,1,-1,-1,-1,-1,1,-1,1,1,-1,1,-1,-1,1,1,-1,-1,-1,-1,-1,-1,1,1,-1,-1,1,-1,1,1,-1,-1,-1,1,-1,-1,1,-1,-1,1,-1,-1,1,1,1,-1,1,-1,1,1,1,-1,-1,1,-1,-1,1,1,1,-1,1,-1,-1,1,1,-1,1,1,-1,-1,1,1,1,1,1,-1,-1,1,1,-1,1,1,-1,-1,1,1,1,1,1,1,-1,-1,1,1,-1,1,-1,-1,1,-1,1,1,1,1,-1,-1,1,-1,1,1,1,-1,1,1,1,1,-1,1,-1,1,1,1,1,1,1,1,-1,1,1,1,1,-1,1,-1,1,1,1,1,1,-1,1,1,1,1,-1,-1,1,-1,1,1,-1,1,1,-1,-1,1,1,1,-1,1,1,-1,1,1,1,-1,-1,1,-1,1,1,1,-1,1,-1,-1,-1,1,1,-1,-1,1,-1,-1,1,1,-1,-1,1,-1,-1,1,1,1,1,-1,-1,-1,1,1,-1,-1,-1,1,-1,-1,1,-1,1,1,-1,1,1,-1,-1,1,1,-1,-1,1,1,-1,1,1,-1,1,1,-1,-1,-1,-1,1,-1,-1,-1,-1,1,-1,-1,1,1,-1,1,1,-1,1,1,1,1,-1,1,-1,1,1,1,-1,-1,1,-1,1,1,1,-1,-1,1,-1,-1,1,1,-1,-1,1,-1,1,1,1,1,-1,1,-1,-1,1,1,-1,-1,-1,1,-1,1,-1,1,-1,1,-1,-1,1,-2672.0,1,2000,445,0,False
490,1,1,-1,-1,1,1,-1,-1,1,1,1,-1,1,1,1,1,-1,1,-1,-1,-1,-1,1,1,1,1,-1,-1,1,1,1,1,-1,-1,-1,-1,1,1,1,1,-1,-1,-1,1,1,1,1,-1,1,1,1,1,-1,1,-1,-1,1,-1,1,1,1,-1,-1,-1,1,1,1,1,-1,-1,-1,1,1,1,1,-1,-1,-1,1,1,1,-1,-1,-1,1,1,1,1,-1,-1,1,1,1,1,1,-1,-1,-1,1,-1,1,1,-1,-1,1,1,1,1,1,-1,-1,-1,1,1,1,1,-1,-1,1,1,1,1,1,1,-1,-1,1,1,-1,1,1,-1,1,1,1,1,1,1,-1,1,1,1,1,1,1,-1,1,1,1,1,1,1,-1,-1,-1,1,1,1,1,-1,1,1,1,1,-1,1,-1,1,-1,1,1,1,-1,-1,1,1,1,1,1,-1,1,-1,-1,1,-1,1,-1,1,1,1,1,1,1,1,1,1,-1,1,-1,1,-1,1,1,-1,1,-1,1,1,-1,1,-1,1,-1,1,-1,1,1,-1,1,-1,1,1,1,1,-1,-1,1,1,-1,-1,1,-1,1,-1,-1,1,-1,1,-1,1,-1,1,-1,1,1,-1,1,-1,1,1,-1,1,-1,1,1,1,-1,1,1,-1,-1,-1,1,-1,1,-1,1,-1,1,1,-1,1,-1,-1,-1,1,1,-1,1,-1,-1,-1,1,1,-1,-1,1,1,-1,-1,1,1,-1,1,1,-1,1,1,1,1,-1,1,-1,1,1,-1,1,-1,1,1,1,1,1,1,1,1,-1,-1,1,-1,-1,-1,1,1,-1,1,1,1,-1,1,1,1,1,1,1,1,1,-1,1,1,1,-1,1,1,-1,1,1,1,-1,1,1,-1,-1,1,1,1,-1,1,-1,1,1,1,-1,1,1,-1,1,1,1,-1,1,1,-1,1,1,1,-1,1,1,-1,-1,1,1,-1,1,1,-1,1,-1,1,-1,1,1,1,-1,1,1,1,-1,1,1,-1,1,1,-1,1,1,1,-1,-1,-1,-1,1,1,1,-1,1,1,-1,1,1,-1,-1,1,1,1,1,1,-1,1,1,1,-1,1,1,1,1,-1,1,1,-1,-1,1,-1,1,-1,1,-1,1,1,-1,-1,-1,1,-1,-1,1,-1,1,-1,1,-1,1,1,1,-1,-1,1,-1,-1,1,-1,1,-1,1,-1,-1,1,1,1,-1,-1,1,-1,1,1,-1,-1,1,1,1,-1,1,-1,-1,1,-1,-1,1,1,-1,-1,1,-1,1,1,-1,1,-1,1,-1,-1,1,-1,-1,1,1,-1,1,1,-1,-1,-1,1,-1,1,1,1,-1,1,-1,1,-1,1,-1,-1,-1,1,-1,1,1,-1,-1,-1,1,-1,-1,1,-1,-1,-1,1,-1,-1,1,-1,-1,-1,1,-1,-1,1,-1,-1,-1,-1,1,-1,1,-1,-1,-1,-1,1,-1,-1,1,1,1,-1,1,-1,1,1,1,-1,1,-1,-1,-1,1,-1,-1,1,1,1,-1,1,-1,1,1,1,-1,1,1,-1,1,-1,1,-1,-1,1,-1,-1,1,1,1,-1,1,-1,-1,1,1,-1,-1,1,-1,-1,1,1,-1,-1,1,-1,-1,-1,1,1,-1,1,-1,-1,-1,1,-1,-1,1,-1,1,-1,1,1,-1,-1,1,-1,-1,-1,-1,-1,1,1,1,-1,-1,1,-1,-1,1,-1,-1,1,-1,-1,-1,1,-1,-1,1,-1,-1,1,1,-1,1,-1,1,-1,-1,1,1,-1,-1,-1,-1,1,1,-1,-1,1,-1,-1,-1,1,1,-1,-1,-1,-1,-1,1,-1,-1,-1,-1,-1,1,1,1,-1,-1,-1,-1,-1,1,1,-1,-1,-1,-1,-1,1,1,1,-1,-1,-1,-1,1,1,-1,-1,-1,-1,1,1,1,1,1,-1,1,1,1,1,1,1,-1,-1,1,1,1,1,-1,-1,1,1,1,1,-1,1,-1,-1,1,-1,1,-1,1,-1,-1,1,-1,1,1,1,-1,-1,1,-1,1,-1,1,-1,-1,1,-1,1,1,1,-1,-1,1,-1,1,1,1,-1,-1,1,1,-1,1,1,-1,-1,1,-1,1,-1,1,-1,-1,-1,-1,-1,1,1,-1,-1,1,-1,-1,1,1,-1,-1,-1,-1,-1,-1,1,-1,-1,-1,-1,-1,1,-1,-1,1,-1,-1,1,-1,1,-1,-1,-1,-1,-1,1,1,1,-1,-1,-1,1,1,1,-1,-1,1,1,-1,-1,1,-1,1,-1,-1,1,1,1,-1,-1,-1,-1,1,-1,1,1,-1,1,-1,-1,1,1,-1,-1,-1,-1,-1,-1,1,1,-1,-1,1,-1,1,1,-1,-1,-1,1,-1,1,1,-1,-1,1,-1,-1,1,1,1,-1,1,-1,1,1,1,-1,-1,1,-1,-1,1,1,1,-1,1,-1,-1,1,1,-1,1,1,-1,-1,1,1,-1,1,1,-1,-1,1,1,-1,1,1,-1,-1,1,1,1,1,1,1,-1,1,1,1,-1,1,-1,-1,1,-1,1,1,1,1,-1,-1,1,-1,1,1,1,-1,1,1,1,1,-1,1,-1,1,1,1,1,1,1,1,-1,-1,1,1,1,-1,1,-1,1,1,1,1,1,-1,1,1,1,1,-1,1,1,-1,1,1,-1,1,1,-1,-1,1,1,1,1,-1,1,-1,1,1,1,-1,-1,1,-1,1,1,1,-1,1,-1,-1,-1,1,1,-1,-1,1,-1,-1,1,1,1,-1,1,-1,1,1,1,1,-1,1,-1,-1,1,1,-1,-1,-1,1,1,1,1,-1,1,1,-1,1,1,-1,-1,1,1,-1,-1,1,1,-1,1,1,1,1,1,-1,-1,-1,-1,-1,-1,-1,-1,-1,-1,1,1,1,1,-1,1,1,-1,1,1,1,1,-1,1,-1,1,1,1,-1,-1,1,-1,1,1,1,-1,-1,1,-1,1,1,1,-1,-1,1,-1,1,1,1,1,-1,1,-1,1,1,1,1,-1,-1,1,-1,1,-1,1,-1,1,-1,1,1,-2672.0,1,2000,445,1500,False
491,1,1,-1,-1,1,1,-1,-1,1,1,1,-1,-1,1,1,1,-1,1,-1,-1,-1,-1,1,1,1,-1,-1,-1,1,1,1,1,-1,-1,-1,-1,1,1,1,1,-1,-1,-1,1,1,1,1,-1,1,1,1,1,-1,1,-1,-1,1,-1,1,1,1,-1,-1,-1,1,1,1,1,-1,-1,-1,1,1,1,1,-1,-1,-1,1,1,1,-1,-1,-1,1,1,1,1,-1,-1,1,1,1,1,1,-1,-1,-1,1,-1,1,1,-1,-1,1,1,1,1,1,-1,-1,-1,1,-1,1,1,-1,-1,1,1,1,1,1,1,-1,-1,1,1,-1,1,1,-1,1,1,1,1,1,1,-1,1,1,1,1,1,1,-1,1,1,1,1,1,1,-1,-1,-1,1,1,1,1,-1,1,1,1,1,-1,1,-1,1,-1,1,1,1,-1,-1,1,1,1,1,1,-1,1,-1,-1,1,-1,1,-1,1,1,1,1,1,1,1,1,1,-1,1,-1,1,-1,1,1,-1,1,-1,1,1,-1,1,-1,1,-1,1,-1,1,1,-1,-1,-1,1,1,1,1,-1,-1,1,1,-1,-1,1,-1,1,-1,-1,1,-1,1,-1,1,-1,1,-1,1,1,-1,-1,-1,1,1,-1,1,-1,1,1,1,-1,1,1,-1,1,-1,1,-1,1,-1,1,-1,1,1,-1,1,-1,-1,-1,1,1,-1,1,-1,-1,-1,1,1,-1,-1,1,1,-1,-1,1,1,-1,1,1,-1,1,1,1,1,-1,1,-1,1,1,-1,1,-1,1,-1,1,1,1,1,1,1,-1,-1,1,-1,-1,-1,1,1,-1,1,1,1,-1,1,1,1,1,1,1,1,1,-1,1,1,1,-1,1,1,-1,1,1,1,-1,1,1,-1,-1,1,1,1,-1,1,-1,1,1,1,-1,1,1,-1,1,1,1,-1,1,1,-1,1,1,1,-1,1,1,1,-1,1,1,-1,1,1,-1,1,-1,1,-1,1,1,1,-1,1,1,1,-1,1,1,-1,1,1,-1,1,1,1,-1,-1,-1,-1,1,1,1,-1,1,1,-1,1,1,-1,-1,1,1,1,1,1,-1,1,1,1,-1,1,1,1,-1,-1,1,1,-1,-1,1,-1,1,-1,1,-1,1,1,-1,-1,-1,1,-1,-1,1,1,-1,1,1,-1,1,1,1,1,-1,1,-1,-1,1,-1,1,-1,1,-1,-1,1,1,1,-1,-1,1,-1,1,1,1,-1,1,1,1,-1,1,1,-1,1,-1,-1,1,1,1,-1,1,-1,1,1,1,1,-1,1,-1,1,1,1,-1,1,1,-1,1,1,1,-1,-1,1,-1,1,1,1,-1,1,-1,1,-1,1,1,-1,-1,1,-1,1,1,1,1,-1,1,-1,-1,1,1,1,-1,1,-1,-1,1,1,-1,-1,1,-1,-1,1,-1,1,-1,-1,1,-1,1,-1,1,1,-1,1,-1,-1,1,1,1,-1,1,-1,1,-1,-1,-1,1,-1,-1,-1,1,-1,-1,1,1,1,-1,1,-1,1,1,1,-1,1,1,-1,1,-1,1,-1,-1,1,-1,-1,1,1,1,-1,1,-1,-1,1,1,-1,-1,1,-1,-1,1,1,-1,-1,1,-1,-1,-1,1,1,-1,1,1,-1,-1,1,-1,-1,1,-1,1,-1,1,1,-1,-1,1,-1,-1,-1,-1,-1,1,1,1,-1,-1,1,-1,-1,1,-1,-1,1,-1,-1,1,1,-1,-1,1,1,-1,1,1,-1,1,-1,1,-1,-1,1,1,-1,-1,-1,-1,-1,1,-1,-1,1,-1,-1,-1,1,1,-1,-1,-1,-1,-1,1,-1,-1,-1,-1,-1,-1,1,1,-1,-1,-1,-1,1,1,1,-1,-1,-1,-1,-1,1,1,1,-1,-1,-1,-1,1,1,-1,-1,-1,-1,1,1,1,1,-1,-1,1,1,1,1,1,-1,-1,-1,1,1,1,1,1,-1,1,1,1,1,-1,1,-1,-1,1,-1,1,-1,1,-1,-1,1,-1,1,-1,-1,-1,-1,1,-1,1,-1,1,-1,-1,1,-1,1,-1,1,-1,-1,1,-1,1,-1,-1,-1,-1,1,1,-1,-1,-1,-1,-1,1,-1,1,-1,-1,-1,-1,-1,-1,-1,1,-1,-1,-1,1,-1,-1,1,-1,-1,-1,-1,-1,1,1,-1,-1,-1,-1,-1,1,-1,-1,-1,1,-1,-1,1,-1,1,-1,-1,-1,-1,-1,-1,-1,1,-1,-1,-1,1,1,-1,-1,-1,1,1,-1,-1,-1,-1,1,-1,-1,1,-1,1,-1,-1,-1,-1,1,-1,1,1,-1,1,-1,-1,1,1,-1,-1,-1,-1,-1,-1,1,1,-1,-1,1,-1,1,1,-1,-1,-1,1,-1,1,1,-1,-1,1,-1,-1,1,1,1,-1,1,-1,1,1,1,-1,-1,1,-1,-1,1,1,1,-1,1,-1,-1,1,1,-1,1,1,-1,-1,1,1,1,1,1,-1,-1,1,1,-1,1,1,-1,-1,1,1,1,1,1,1,-1,1,1,1,-1,1,-1,-1,1,-1,1,1,1,1,-1,-1,1,-1,1,1,1,-1,1,1,1,1,-1,1,-1,1,1,1,1,1,1,1,-1,-1,1,1,1,-1,1,-1,1,1,1,1,1,-1,1,1,1,1,-1,1,1,-1,1,1,-1,1,1,-1,-1,-1,1,1,1,-1,1,-1,1,1,1,-1,-1,1,-1,1,1,1,-1,1,-1,-1,-1,1,1,-1,-1,1,-1,-1,1,1,1,-1,1,-1,1,1,1,1,-1,-1,-1,-1,1,1,-1,-1,-1,1,1,1,1,-1,1,1,-1,1,1,-1,-1,1,1,-1,-1,1,1,-1,1,1,1,1,1,-1,-1,-1,-1,1,-1,-1,-1,-1,-1,1,1,1,1,-1,1,1,-1,1,1,1,1,-1,1,-1,1,1,1,-1,-1,1,-1,1,1,1,-1,-1,1,-1,1,1,1,-1,-1,1,-1,1,1,1,1,-1,1,-1,1,1,1,1,-1,-1,1,-1,1,-1,1,-1,1,-1,1,1,-2672.0,1,2000,445,1500,False
492,1,1,-1,-1,1,-1,-1,-1,1,1,1,-1,1,1,1,1,-1,1,-1,-1,-1,-1,1,1,1,-1,1,-1,1,1,1,1,1,-1,-1,-1,1,-1,1,1,-1,-1,-1,1,1,1,1,-1,1,1,1,1,-1,1,-1,-1,1,-1,1,1,-1,-1,-1,-1,1,1,1,1,-1,-1,-1,1,1,1,1,-1,-1,-1,1,1,1,-1,-1,-1,1,1,1,1,-1,-1,1,1,1,1,1,-1,-1,-1,1,-1,1,1,-1,-1,1,1,1,1,1,-1,-1,-1,1,-1,1,1,-1,-1,1,1,1,1,1,1,-1,-1,1,1,-1,1,1,-1,1,1,1,1,1,1,-1,1,1,1,1,1,1,-1,1,1,1,1,1,1,-1,-1,-1,1,1,1,1,-1,1,1,1,1,-1,1,-1,1,-1,1,1,1,-1,-1,1,1,1,1,1,-1,1,-1,-1,1,-1,1,-1,1,1,1,1,1,1,1,1,1,1,1,-1,1,-1,1,1,-1,1,-1,1,1,-1,1,-1,1,-1,1,-1,1,1,-1,-1,-1,1,1,1,1,-1,-1,1,1,-1,-1,1,-1,1,-1,-1,1,-1,1,-1,1,-1,1,-1,-1,1,-1,-1,-1,1,1,-1,1,-1,1,1,1,-1,1,1,-1,-1,-1,1,-1,1,-1,1,-1,1,1,-1,1,-1,-1,-1,1,1,-1,1,-1,-1,-1,1,1,-1,-1,1,1,-1,-1,1,1,-1,1,1,-1,1,1,1,1,-1,1,-1,1,1,-1,1,-1,1,1,1,1,1,1,1,1,-1,-1,1,-1,-1,-1,1,1,-1,1,1,1,-1,1,1,1,1,1,1,1,1,-1,1,1,1,-1,1,1,-1,1,1,1,-1,1,1,-1,-1,1,1,1,-1,1,-1,1,1,1,-1,1,1,-1,1,1,1,-1,1,1,-1,1,1,1,-1,1,1,-1,-1,1,1,1,1,1,-1,1,-1,1,-1,1,1,1,-1,1,1,1,-1,1,1,-1,1,1,-1,1,1,1,-1,-1,-1,-1,1,1,1,-1,1,1,-1,1,1,-1,-1,1,1,-1,1,1,-1,1,1,1,1,1,1,1,-1,-1,1,-1,-1,-1,1,-1,1,-1,-1,1,1,1,-1,-1,-1,1,-1,-1,1,-1,1,-1,-1,1,1,1,1,-1,-1,1,-1,-1,1,-1,1,-1,-1,-1,1,1,1,1,-1,-1,1,-1,1,1,-1,-1,1,-1,1,-1,1,-1,-1,-1,1,-1,1,1,-1,-1,-1,-1,1,1,-1,1,-1,-1,1,-1,1,-1,-1,1,-1,1,1,1,-1,-1,-1,-1,-1,1,1,1,-1,1,-1,1,-1,1,-1,-1,-1,1,-1,1,1,1,-1,-1,1,-1,-1,1,-1,-1,-1,-1,-1,1,1,-1,-1,-1,1,-1,-1,1,-1,-1,-1,-1,-1,-1,1,-1,-1,-1,-1,1,-1,-1,1,1,1,-1,1,-1,1,-1,1,-1,1,-1,-1,-1,1,-1,-1,1,1,1,-1,1,-1,1,1,1,-1,1,1,-1,-1,-1,1,-1,-1,1,-1,-1,1,1,1,-1,1,-1,-1,1,1,-1,-1,1,-1,-1,1,1,-1,-1,1,-1,-1,-1,1,1,-1,1,-1,-1,-1,1,-1,-1,1,-1,1,-1,1,1,-1,-1,1,-1,-1,-1,-1,-1,1,1,1,-1,-1,1,-1,-1,1,-1,-1,1,-1,-1,1,1,-1,-1,1,1,-1,1,1,-1,1,-1,1,-1,-1,1,1,-1,-1,-1,-1,1,1,-1,-1,1,-1,-1,-1,1,1,-1,-1,-1,-1,-1,1,-1,-1,-1,-1,-1,-1,1,1,-1,-1,-1,-1,1,1,1,-1,-1,-1,-1,-1,1,1,1,-1,-1,-1,-1,1,1,-1,-1,-1,-1,1,1,1,1,1,-1,1,1,1,1,1,1,-1,-1,1,1,1,-1,-1,-1,1,1,1,1,-1,1,-1,-1,1,-1,1,-1,1,-1,-1,1,-1,1,-1,1,-1,-1,1,-1,1,-1,1,1,-1,1,-1,1,1,1,1,-1,1,-1,1,1,1,-1,-1,1,1,-1,1,1,-1,-1,1,-1,1,-1,1,-1,-1,-1,-1,-1,1,1,-1,-1,1,-1,-1,1,1,-1,-1,-1,-1,-1,-1,1,-1,-1,-1,-1,1,1,-1,-1,1,-1,-1,1,-1,1,-1,-1,-1,-1,-1,1,1,1,-1,-1,-1,1,1,1,-1,-1,1,1,-1,-1,1,-1,1,-1,-1,1,1,1,-1,-1,-1,-1,1,-1,1,1,-1,1,-1,-1,1,1,-1,-1,-1,-1,-1,-1,1,1,-1,-1,1,-1,1,1,-1,-1,-1,1,-1,1,1,-1,-1,1,-1,-1,1,1,1,-1,1,-1,1,1,1,-1,-1,1,-1,-1,1,1,1,-1,1,-1,-1,1,1,-1,1,1,-1,-1,1,1,1,1,1,-1,-1,1,1,1,1,1,-1,-1,1,1,1,1,-1,1,-1,1,1,1,1,1,-1,-1,1,-1,1,1,1,1,-1,-1,1,-1,1,1,1,-1,1,1,1,1,-1,1,-1,1,1,1,1,1,1,1,-1,1,1,1,1,-1,1,-1,1,1,1,1,1,1,1,1,1,1,-1,1,-1,1,1,1,-1,1,1,1,1,1,1,1,1,-1,1,1,1,1,1,-1,-1,1,-1,1,1,1,-1,1,-1,1,1,1,1,-1,-1,1,1,-1,1,1,1,-1,1,1,-1,1,1,1,-1,1,-1,1,1,1,-1,-1,-1,-1,1,-1,1,-1,1,1,1,1,1,-1,-1,1,1,1,1,1,1,-1,1,-1,1,1,1,-1,-1,-1,-1,-1,-1,-1,-1,-1,1,-1,1,1,1,-1,1,1,-1,-1,1,1,1,-1,1,-1,1,1,1,-1,-1,1,-1,1,1,1,-1,-1,1,-1,1,1,1,-1,-1,1,-1,1,-1,1,1,-1,1,-1,-1,1,1,1,-1,-1,-1,1,1,-1,1,-1,1,-1,-1,1,-2672.0,1,2000,445,1500,False
493,1,1,-1,-1,1,1,-1,-1,1,1,1,-1,1,1,1,1,-1,1,-1,-1,1,-1,1,1,1,-1,1,-1,1,1,1,1,1,-1,-1,-1,1,-1,1,1,-1,-1,-1,1,1,1,1,-1,1,1,1,1,-1,1,-1,-1,1,-1,1,1,-1,-1,-1,-1,1,1,1,1,-1,-1,-1,1,1,1,1,-1,-1,-1,1,1,1,-1,-1,-1,1,1,1,1,-1,-1,-1,1,1,1,1,-1,-1,1,1,-1,1,1,-1,-1,1,1,1,1,1,-1,-1,1,1,-1,1,1,-1,-1,1,1,1,1,1,1,-1,1,1,1,-1,1,1,-1,1,1,1,1,1,1,-1,-1,1,1,1,1,1,-1,1,1,1,1,1,1,-1,-1,-1,1,1,1,1,-1,1,1,1,1,-1,1,-1,1,-1,1,1,1,-1,-1,1,1,1,1,1,-1,1,-1,-1,1,-1,1,-1,1,1,1,1,1,1,1,1,1,-1,1,-1,1,-1,1,1,-1,1,-1,1,1,-1,1,-1,1,-1,1,-1,1,1,-1,1,-1,1,1,1,1,-1,-1,1,1,-1,-1,1,-1,1,-1,-1,1,-1,1,-1,1,-1,1,-1,1,1,-1,-1,-1,1,1,-1,1,-1,1,1,1,-1,1,1,-1,1,-1,1,-1,1,-1,1,-1,1,1,-1,1,-1,-1,-1,1,1,-1,1,-1,-1,-1,1,1,-1,-1,1,1,-1,-1,1,1,-1,1,1,-1,1,1,1,1,-1,1,-1,1,1,-1,1,-1,1,-1,1,1,1,1,1,1,-1,-1,1,-1,-1,-1,1,1,-1,1,1,1,-1,1,1,1,1,1,1,1,1,-1,1,1,1,-1,1,1,-1,1,1,1,-1,1,1,-1,-1,1,1,1,-1,1,-1,1,1,1,-1,1,1,-1,1,1,1,-1,1,1,-1,1,1,1,-1,1,1,-1,-1,1,1,-1,1,1,-1,1,-1,1,-1,1,1,1,-1,1,1,1,-1,1,1,-1,1,1,-1,1,1,1,-1,-1,-1,-1,1,1,1,-1,1,1,-1,1,1,-1,-1,1,1,1,1,1,-1,1,1,1,-1,1,1,1,1,-1,1,1,-1,-1,1,-1,1,-1,1,-1,1,1,-1,-1,-1,1,-1,-1,1,-1,1,-1,1,-1,1,1,1,-1,-1,1,-1,-1,1,-1,1,-1,1,-1,1,1,1,1,-1,-1,1,-1,1,1,-1,-1,1,1,1,-1,1,-1,-1,1,-1,-1,1,1,-1,-1,1,-1,1,1,-1,1,-1,1,-1,1,1,-1,-1,1,1,1,1,1,-1,-1,-1,1,-1,1,1,1,-1,1,-1,1,-1,1,-1,-1,-1,1,-1,1,1,1,-1,-1,1,-1,-1,1,-1,-1,-1,1,-1,-1,1,-1,-1,-1,1,-1,-1,1,-1,-1,-1,-1,1,-1,1,-1,-1,-1,-1,1,-1,-1,1,1,1,-1,1,-1,1,-1,1,-1,1,-1,-1,-1,1,-1,-1,1,1,1,-1,1,-1,1,1,1,-1,1,1,-1,-1,-1,1,-1,-1,1,-1,-1,1,1,1,-1,1,-1,-1,1,1,-1,-1,1,-1,-1,1,1,-1,-1,1,-1,-1,-1,1,1,-1,1,1,-1,-1,1,-1,-1,1,-1,1,-1,1,1,-1,-1,1,-1,-1,-1,-1,-1,1,1,1,-1,-1,1,-1,-1,1,-1,-1,1,-1,-1,1,1,-1,-1,1,1,-1,1,1,-1,1,-1,1,-1,-1,1,1,-1,-1,-1,-1,-1,1,-1,-1,1,-1,-1,-1,1,1,-1,-1,-1,-1,-1,1,-1,-1,-1,-1,-1,1,1,1,-1,-1,-1,-1,-1,1,1,-1,-1,-1,-1,-1,1,1,1,-1,-1,-1,-1,1,1,-1,-1,-1,-1,1,1,1,1,1,-1,1,1,1,1,1,1,-1,-1,1,1,1,-1,-1,-1,1,1,1,1,-1,1,-1,-1,1,-1,1,-1,1,-1,-1,1,-1,1,1,1,-1,-1,1,-1,1,-1,1,1,-1,1,-1,1,1,1,1,-1,1,-1,1,1,1,-1,-1,1,1,-1,1,1,-1,-1,1,-1,1,-1,1,-1,-1,-1,-1,-1,1,1,-1,-1,1,-1,-1,1,1,-1,-1,-1,-1,1,-1,1,-1,-1,-1,-1,1,1,-1,-1,1,-1,-1,1,-1,1,-1,-1,-1,-1,-1,1,1,1,-1,-1,-1,1,1,1,-1,-1,1,-1,-1,-1,1,-1,1,-1,-1,1,1,1,-1,-1,-1,-1,1,-1,1,1,-1,1,-1,-1,1,1,-1,-1,-1,-1,-1,-1,1,1,-1,-1,1,-1,1,1,-1,-1,-1,1,-1,1,1,-1,-1,1,-1,-1,1,1,1,-1,1,-1,1,1,1,-1,-1,1,-1,-1,1,1,1,-1,1,-1,-1,1,1,-1,1,1,-1,-1,1,1,1,1,1,-1,-1,1,1,1,1,1,-1,-1,1,1,1,1,1,1,-1,1,1,1,-1,1,-1,-1,1,-1,1,1,1,1,-1,-1,1,-1,1,1,1,-1,1,1,1,1,-1,1,-1,1,1,1,1,1,1,1,-1,-1,1,1,1,-1,1,-1,1,1,1,1,1,-1,1,1,1,1,-1,1,1,-1,1,1,-1,1,1,-1,-1,1,1,1,1,-1,1,-1,1,1,1,-1,-1,1,-1,1,1,1,-1,1,-1,-1,-1,1,1,-1,-1,1,-1,-1,1,1,1,-1,1,-1,1,-1,1,1,-1,-1,-1,-1,1,1,-1,-1,-1,1,1,-1,1,-1,1,1,-1,1,1,-1,-1,1,1,-1,-1,1,1,-1,1,1,1,1,1,-1,-1,-1,-1,-1,-1,-1,-1,-1,-1,1,1,1,1,-1,1,1,-1,1,1,1,1,-1,1,-1,1,1,1,1,-1,1,-1,1,1,1,1,-1,1,-1,1,1,1,1,-1,1,-1,1,1,-1,-1,-1,1,-1,1,1,1,-1,-1,-1,1,-1,1,-1,1,-1,1,-1,1,1,-2672.0,1,2000,445,1500,False
494,1,1,-1,-1,1,1,-1,-1,1,1,1,-1,-1,1,1,1,-1,1,-1,-1,-1,-1,1,1,1,-1,-1,-1,1,1,1,1,-1,-1,-1,-1,1,-1,1,1,-1,-1,-1,1,1,1,1,-1,1,1,1,1,-1,1,-1,-1,1,-1,1,1,1,-1,-1,-1,1,1,1,1,-1,-1,-1,1,1,1,1,-1,-1,-1,1,1,1,-1,-1,-1,1,1,1,1,-1,-1,-1,1,1,1,1,-1,-1,1,1,-1,1,1,-1,-1,1,1,1,1,1,-1,-1,1,1,1,1,1,-1,-1,1,1,1,1,1,1,-1,1,1,1,-1,1,1,-1,1,1,1,1,1,1,-1,-1,1,1,1,1,1,-1,1,1,1,1,1,1,-1,-1,-1,1,1,1,1,-1,1,1,1,1,-1,1,-1,1,-1,1,1,1,-1,-1,1,1,1,1,1,-1,1,-1,-1,1,-1,1,-1,1,1,1,1,1,1,1,1,1,-1,1,-1,1,-1,1,1,-1,1,-1,1,1,-1,1,-1,1,-1,1,-1,1,1,-1,1,-1,1,1,1,1,-1,-1,1,1,-1,-1,1,-1,1,-1,1,1,-1,1,-1,1,-1,1,-1,-1,1,-1,-1,-1,1,1,-1,1,-1,1,1,1,-1,1,1,-1,1,-1,1,-1,1,-1,1,-1,1,1,-1,1,-1,-1,-1,1,1,-1,1,-1,-1,-1,1,1,-1,-1,1,1,-1,-1,1,1,-1,1,1,-1,1,1,1,1,-1,1,-1,1,1,-1,1,-1,1,1,-1,1,1,1,1,1,-1,-1,1,-1,-1,-1,1,1,-1,1,1,1,-1,1,-1,-1,1,1,1,-1,1,-1,1,1,1,-1,1,1,-1,1,1,1,-1,1,1,-1,-1,1,1,1,-1,1,-1,1,1,1,-1,1,1,-1,1,1,1,-1,1,-1,-1,1,1,1,-1,1,-1,-1,-1,1,1,1,1,-1,-1,1,-1,1,-1,1,1,-1,-1,1,1,1,-1,1,-1,-1,1,1,-1,1,-1,-1,-1,-1,-1,-1,1,-1,-1,-1,1,1,-1,1,-1,-1,-1,1,1,-1,1,-1,-1,1,1,1,1,1,-1,-1,-1,-1,1,-1,-1,1,-1,-1,1,-1,-1,1,-1,-1,1,-1,-1,1,-1,1,-1,-1,1,-1,-1,1,-1,-1,1,1,-1,1,-1,1,-1,-1,1,-1,-1,-1,-1,-1,-1,1,-1,-1,1,1,-1,-1,1,-1,1,-1,-1,1,-1,1,-1,-1,1,1,-1,-1,1,-1,-1,-1,-1,-1,1,1,-1,-1,1,1,-1,1,-1,1,-1,1,1,-1,1,-1,-1,-1,-1,-1,-1,1,-1,1,-1,1,1,-1,1,-1,-1,1,-1,-1,1,-1,1,-1,1,-1,1,-1,1,1,-1,-1,-1,1,-1,1,-1,-1,1,-1,1,1,1,1,-1,-1,-1,1,-1,1,1,-1,-1,1,1,1,-1,1,1,-1,1,1,1,1,-1,-1,1,-1,-1,-1,1,-1,1,1,1,1,-1,1,-1,1,-1,-1,-1,1,1,-1,1,1,-1,-1,-1,1,-1,1,1,-1,1,-1,1,-1,-1,-1,-1,-1,-1,1,-1,-1,-1,-1,-1,-1,1,-1,1,1,1,1,-1,1,-1,1,1,-1,-1,-1,1,-1,-1,1,-1,1,-1,-1,1,1,1,1,-1,-1,1,1,1,1,-1,1,-1,-1,1,1,1,-1,-1,-1,1,1,1,1,-1,-1,-1,1,-1,1,-1,1,-1,-1,-1,1,1,1,-1,-1,-1,-1,1,1,1,1,-1,-1,-1,1,1,1,1,-1,-1,-1,1,1,1,-1,-1,-1,1,1,1,1,1,-1,-1,-1,1,1,1,1,-1,-1,-1,1,1,-1,1,-1,-1,-1,1,1,1,1,-1,-1,1,1,1,1,-1,-1,1,1,-1,1,1,-1,-1,-1,1,1,1,1,1,-1,1,1,1,1,1,-1,-1,-1,1,-1,1,-1,-1,-1,-1,1,-1,1,1,1,-1,-1,1,-1,1,1,-1,1,-1,1,1,1,1,-1,1,-1,1,-1,1,1,-1,-1,-1,1,1,-1,-1,-1,-1,-1,1,-1,1,-1,-1,-1,-1,-1,-1,-1,1,-1,-1,-1,1,-1,-1,1,-1,-1,-1,-1,-1,1,1,-1,-1,-1,-1,-1,1,-1,-1,-1,1,-1,-1,1,-1,1,-1,-1,-1,-1,-1,-1,-1,1,-1,-1,-1,1,1,1,-1,-1,-1,1,-1,-1,-1,-1,1,-1,-1,1,1,1,-1,-1,-1,-1,1,-1,1,1,-1,1,-1,-1,1,1,-1,-1,-1,-1,-1,-1,1,1,-1,-1,1,-1,1,1,-1,-1,-1,1,-1,1,1,-1,-1,1,-1,-1,1,1,1,-1,1,-1,1,1,1,-1,-1,1,-1,-1,1,1,1,-1,1,-1,-1,1,1,-1,1,1,-1,-1,1,1,-1,1,1,-1,-1,1,1,-1,1,1,-1,-1,1,1,1,1,-1,1,-1,1,1,1,1,1,-1,-1,1,-1,1,1,1,1,-1,-1,1,-1,1,1,1,-1,1,1,1,1,-1,1,-1,1,1,1,1,1,1,1,-1,1,1,1,1,-1,1,-1,1,1,1,1,1,1,1,1,1,1,-1,1,-1,1,1,1,-1,1,1,1,1,1,1,1,1,-1,1,1,1,1,1,-1,-1,1,-1,1,1,1,-1,1,-1,1,1,1,1,-1,-1,1,1,-1,1,1,-1,-1,1,1,-1,1,1,1,-1,1,-1,1,1,1,-1,-1,-1,-1,1,1,1,-1,1,1,1,1,1,-1,-1,1,1,1,1,1,1,-1,1,-1,1,1,1,-1,-1,-1,-1,-1,-1,-1,-1,-1,1,-1,1,1,1,-1,1,1,-1,-1,1,1,1,-1,1,-1,1,1,1,1,-1,1,-1,1,1,1,1,-1,1,-1,1,1,1,1,-1,1,-1,1,-1,1,-1,-1,1,-1,-1,1,1,-1,-1,-1,-1,1,1,-1,1,-1,1,-1,-1,1,-2672.0,1,2000,445,1500,False
495,1,1,-1,-1,1,1,-1,-1,1,1,1,-1,-1,1,1,1,-1,1,-1,-1,-1,-1,1,1,1,1,-1,-1,1,1,1,1,-1,-1,-1,-1,1,-1,1,1,-1,-1,-1,1,1,1,1,-1,1,1,1,1,-1,1,-1,-1,1,-1,1,1,1,-1,-1,-1,1,1,1,1,-1,-1,-1,1,1,1,1,-1,-1,-1,1,1,1,-1,-1,-1,1,1,1,1,-1,-1,1,1,1,1,1,-1,-1,-1,1,-1,1,1,-1,-1,1,1,1,1,1,-1,-1,-1,1,1,1,1,-1,-1,1,1,1,1,1,1,-1,-1,1,1,-1,1,1,-1,1,1,1,1,1,1,-1,1,1,1,1,1,1,-1,1,1,1,1,1,1,-1,-1,-1,1,1,1,1,-1,1,1,1,1,-1,1,-1,1,-1,1,1,1,-1,-1,1,1,1,1,1,-1,1,-1,-1,1,-1,1,-1,1,1,1,1,1,1,1,1,1,-1,1,-1,1,-1,1,1,-1,1,-1,1,1,-1,1,-1,1,-1,1,-1,1,1,-1,-1,-1,1,1,1,1,-1,-1,1,1,-1,-1,1,-1,1,-1,-1,1,-1,1,-1,1,-1,1,-1,1,1,-1,-1,-1,1,1,-1,1,-1,1,1,1,-1,1,1,-1,1,-1,1,-1,1,-1,1,-1,1,1,-1,1,-1,-1,-1,1,1,-1,1,-1,-1,-1,1,1,-1,-1,1,1,-1,-1,1,1,-1,1,1,-1,1,1,1,1,-1,1,-1,1,1,-1,1,-1,1,1,-1,1,1,1,1,1,-1,-1,1,-1,-1,-1,1,1,-1,1,1,1,-1,1,-1,-1,1,1,1,1,1,-1,1,1,1,-1,1,1,-1,1,1,1,-1,1,1,-1,1,-1,1,1,-1,1,-1,1,1,1,-1,1,1,-1,1,1,1,-1,1,-1,-1,1,1,1,-1,1,-1,-1,1,1,1,-1,1,-1,-1,-1,-1,1,-1,1,1,-1,1,1,1,1,-1,1,-1,-1,-1,1,-1,1,-1,-1,1,-1,-1,-1,1,-1,-1,1,-1,1,-1,1,-1,1,-1,1,1,1,1,-1,1,-1,1,1,-1,1,-1,-1,-1,-1,1,1,-1,1,-1,-1,1,-1,1,-1,-1,-1,1,-1,-1,1,-1,1,-1,1,-1,1,1,-1,-1,-1,1,1,-1,1,-1,1,-1,-1,1,-1,1,-1,-1,-1,-1,1,-1,-1,1,1,-1,-1,1,-1,1,1,-1,1,-1,1,-1,1,-1,1,-1,1,1,-1,-1,-1,-1,-1,1,1,-1,1,-1,1,-1,1,-1,1,1,-1,1,-1,1,-1,-1,1,-1,-1,-1,1,-1,1,-1,1,1,-1,1,-1,-1,1,-1,-1,1,-1,1,-1,1,-1,1,-1,1,1,-1,-1,-1,1,-1,1,-1,-1,1,-1,1,1,-1,1,-1,-1,1,1,-1,-1,1,-1,-1,1,1,1,1,1,1,-1,1,1,1,-1,-1,-1,1,-1,-1,-1,1,-1,1,1,-1,1,-1,1,-1,1,-1,-1,-1,1,1,-1,1,1,-1,-1,-1,1,-1,1,1,-1,1,-1,1,-1,-1,-1,-1,-1,-1,1,-1,-1,-1,-1,-1,-1,1,-1,1,1,1,1,-1,1,-1,1,1,-1,-1,-1,1,-1,-1,1,-1,1,-1,-1,1,1,1,1,-1,-1,1,1,1,1,-1,1,-1,-1,1,1,1,-1,-1,-1,1,1,1,1,-1,-1,-1,1,-1,1,-1,1,1,-1,-1,1,1,1,-1,-1,-1,1,1,1,1,1,-1,-1,-1,1,1,1,1,-1,-1,-1,1,-1,1,-1,-1,-1,-1,1,1,1,1,-1,-1,1,1,-1,1,-1,-1,-1,-1,1,1,-1,1,-1,-1,-1,1,1,1,1,-1,-1,1,1,1,-1,1,-1,1,1,-1,1,1,-1,-1,-1,1,1,-1,1,1,-1,1,1,1,-1,1,1,-1,-1,1,-1,1,-1,1,-1,-1,1,1,-1,1,-1,-1,-1,1,-1,-1,1,-1,1,-1,1,1,-1,-1,1,1,-1,1,-1,-1,1,-1,-1,-1,1,1,1,-1,-1,-1,-1,1,-1,1,-1,-1,-1,-1,-1,-1,-1,1,-1,-1,-1,1,-1,-1,1,-1,-1,-1,-1,-1,1,1,-1,-1,-1,-1,-1,1,-1,-1,-1,1,-1,-1,1,-1,1,-1,-1,-1,-1,-1,-1,-1,1,-1,-1,-1,1,1,-1,-1,-1,1,-1,1,-1,-1,-1,1,-1,-1,1,-1,1,-1,-1,-1,-1,1,-1,1,1,-1,1,-1,-1,1,1,-1,-1,-1,-1,-1,-1,1,1,-1,-1,1,-1,1,1,-1,-1,-1,1,-1,1,1,-1,-1,1,-1,-1,1,1,1,-1,1,-1,1,1,1,-1,-1,1,-1,-1,1,1,1,-1,1,-1,-1,1,1,-1,1,1,-1,-1,1,1,-1,1,1,-1,-1,1,1,-1,1,1,-1,-1,1,1,1,1,1,1,-1,1,1,1,-1,1,-1,-1,1,-1,1,1,1,1,-1,-1,1,-1,1,1,1,-1,1,1,1,1,-1,1,-1,1,1,1,1,1,1,1,-1,1,1,1,1,-1,1,-1,1,1,1,1,1,-1,1,1,1,1,-1,1,1,-1,1,1,-1,1,1,-1,-1,1,1,1,1,-1,1,-1,1,1,1,-1,-1,1,-1,1,1,1,-1,1,-1,-1,-1,1,1,-1,-1,1,-1,-1,1,1,1,-1,1,-1,1,1,1,1,-1,1,-1,-1,1,1,-1,-1,-1,1,1,1,1,-1,1,1,-1,1,1,-1,-1,1,1,-1,-1,1,1,-1,1,1,1,1,1,-1,-1,-1,-1,-1,-1,-1,-1,-1,-1,1,1,1,1,-1,1,1,-1,1,1,1,1,-1,1,-1,1,1,1,-1,-1,1,-1,1,1,1,-1,-1,1,-1,1,1,1,-1,-1,1,-1,1,1,1,1,-1,1,-1,1,1,1,1,-1,-1,1,-1,1,1,1,-1,1,-1,1,1,-2672.0,1,2000,445,1500,False
496,1,1,-1,-1,1,-1,-1,-1,1,1,1,-1,1,1,-1,1,-1,1,1,-1,-1,1,1,1,1,1,-1,-1,1,1,1,1,-1,-1,-1,-1,1,-1,1,1,-1,-1,-1,1,1,1,1,-1,1,1,1,1,-1,1,-1,-1,1,-1,1,1,1,-1,-1,1,1,1,1,1,-1,-1,1,1,1,1,1,-1,-1,-1,1,1,1,-1,-1,-1,1,1,1,1,-1,-1,-1,1,1,1,1,-1,-1,1,1,-1,1,1,-1,-1,1,1,1,1,1,-1,-1,1,1,1,1,1,-1,-1,1,1,1,1,1,1,-1,1,1,1,-1,1,1,-1,1,1,1,1,1,1,-1,-1,1,1,1,1,1,-1,1,1,1,1,1,1,-1,-1,-1,1,1,1,1,-1,1,1,1,1,-1,1,-1,1,1,1,1,1,-1,-1,1,1,1,1,1,-1,1,-1,-1,1,-1,1,-1,1,1,1,1,1,1,1,1,1,-1,1,-1,1,-1,1,1,-1,1,-1,1,1,-1,1,-1,1,-1,1,-1,1,1,-1,1,-1,1,1,1,1,-1,-1,1,1,-1,-1,1,-1,1,-1,-1,1,-1,1,-1,1,-1,1,-1,1,1,-1,-1,-1,1,1,-1,1,-1,1,1,1,-1,1,1,-1,-1,-1,1,-1,1,-1,1,-1,1,1,-1,1,-1,-1,-1,1,1,-1,1,-1,-1,-1,1,1,-1,-1,1,1,-1,-1,1,1,-1,1,1,-1,1,1,1,-1,-1,1,-1,1,1,-1,1,-1,1,1,-1,1,1,-1,-1,1,-1,-1,1,-1,1,-1,1,1,-1,1,1,1,-1,1,-1,-1,1,1,-1,-1,1,-1,1,1,1,1,-1,1,-1,1,1,1,-1,1,1,-1,-1,1,1,-1,1,1,-1,1,1,1,1,1,1,-1,1,1,1,1,1,-1,-1,1,1,1,1,1,-1,-1,-1,1,1,1,1,-1,-1,1,-1,1,-1,1,1,-1,-1,1,1,1,1,1,-1,-1,1,1,1,-1,-1,1,-1,-1,-1,-1,1,1,-1,-1,1,1,-1,1,1,-1,-1,1,1,1,1,1,-1,1,1,1,-1,1,-1,-1,-1,-1,1,1,1,1,-1,-1,1,-1,1,1,-1,-1,-1,-1,-1,1,-1,-1,-1,1,-1,1,1,1,1,1,1,1,-1,1,-1,1,-1,-1,1,-1,1,-1,1,1,-1,1,-1,-1,1,1,-1,-1,1,-1,1,1,1,-1,-1,1,-1,1,-1,1,-1,1,1,-1,1,-1,-1,-1,1,1,-1,1,-1,-1,-1,1,-1,1,1,-1,-1,-1,1,-1,-1,1,-1,-1,-1,1,-1,1,-1,1,-1,-1,1,-1,-1,1,-1,-1,-1,1,1,-1,1,-1,-1,-1,1,1,-1,1,-1,1,-1,1,-1,-1,1,-1,-1,1,1,1,-1,-1,1,-1,1,-1,1,1,-1,1,-1,-1,1,1,1,-1,1,-1,1,-1,1,-1,1,-1,-1,-1,1,-1,-1,-1,1,-1,1,1,-1,1,-1,1,-1,1,1,-1,1,1,1,-1,1,1,-1,1,-1,1,-1,-1,1,-1,-1,1,1,1,-1,1,-1,-1,-1,1,-1,-1,1,-1,1,1,1,1,-1,1,-1,-1,1,1,1,-1,1,-1,-1,-1,1,1,-1,-1,1,1,-1,-1,-1,-1,-1,1,1,-1,1,1,-1,1,1,1,-1,1,-1,-1,1,1,1,1,-1,-1,-1,1,-1,1,1,1,1,-1,-1,1,1,1,-1,-1,-1,1,1,1,1,1,-1,-1,-1,1,1,1,-1,-1,-1,-1,1,1,1,1,-1,-1,1,1,1,1,1,-1,-1,-1,1,1,1,1,-1,-1,-1,1,1,-1,1,-1,-1,-1,1,1,1,1,-1,-1,1,1,1,1,1,-1,1,1,-1,1,1,-1,-1,-1,1,1,1,-1,1,-1,1,1,1,1,1,1,-1,-1,1,-1,1,-1,1,-1,-1,1,-1,1,1,-1,-1,-1,1,-1,1,1,-1,1,-1,1,1,1,-1,1,1,-1,1,-1,1,-1,-1,-1,-1,1,1,-1,-1,-1,-1,-1,1,-1,1,-1,-1,-1,-1,-1,-1,-1,1,-1,-1,-1,1,-1,-1,1,-1,-1,-1,-1,-1,-1,1,-1,-1,-1,-1,-1,1,-1,-1,-1,1,-1,-1,1,-1,1,-1,-1,-1,-1,-1,-1,-1,1,-1,-1,-1,1,1,-1,-1,-1,1,-1,-1,-1,-1,-1,1,-1,-1,1,-1,1,-1,-1,-1,-1,1,-1,1,1,-1,1,-1,-1,1,1,-1,-1,-1,-1,-1,-1,1,1,-1,-1,1,-1,1,1,-1,-1,-1,1,-1,-1,1,-1,-1,1,-1,-1,1,1,1,-1,1,-1,1,1,1,-1,-1,1,-1,-1,1,1,1,-1,1,-1,-1,1,1,-1,1,1,-1,-1,1,1,-1,1,1,-1,-1,1,1,-1,1,1,-1,-1,1,1,1,1,1,1,-1,1,1,-1,1,1,-1,-1,1,-1,1,1,1,1,-1,-1,1,-1,1,1,1,-1,1,1,1,1,-1,1,-1,1,1,1,1,1,1,-1,-1,-1,1,1,1,-1,1,-1,1,1,1,1,-1,1,-1,1,1,1,-1,-1,1,-1,-1,1,-1,1,-1,-1,-1,1,1,1,-1,1,-1,-1,1,1,1,-1,-1,-1,-1,1,1,1,-1,-1,-1,-1,-1,1,1,-1,1,-1,-1,-1,1,1,-1,-1,1,-1,1,1,1,1,1,1,-1,-1,1,1,-1,-1,1,1,1,-1,1,-1,1,-1,-1,1,1,-1,-1,1,-1,-1,-1,1,1,-1,1,1,1,1,1,-1,-1,-1,-1,1,-1,-1,-1,-1,1,-1,1,1,1,-1,1,1,-1,1,1,1,1,-1,1,-1,1,1,1,1,-1,1,-1,1,1,1,1,-1,1,-1,1,1,1,1,-1,1,-1,1,1,1,-1,-1,1,-1,-1,1,1,-1,-1,-1,1,-1,1,-1,1,-1,1,-1,-1,1,-2672.0,1,2000,445,1000,False
497,1,1,-1,-1,1,1,-1,-1,1,1,1,-1,-1,1,1,1,-1,1,-1,-1,-1,-1,1,1,1,-1,-1,-1,1,1,1,1,1,-1,-1,-1,1,1,1,1,-1,-1,-1,1,1,1,1,-1,1,1,1,1,-1,1,-1,-1,1,-1,1,1,1,-1,-1,-1,1,1,1,1,-1,-1,-1,1,1,1,1,-1,-1,-1,1,1,1,-1,-1,-1,1,1,1,1,-1,-1,-1,1,1,1,1,-1,-1,1,1,-1,1,1,-1,-1,1,1,1,1,1,-1,-1,1,1,-1,1,1,-1,-1,1,1,1,1,1,1,-1,-1,1,1,-1,1,1,-1,1,1,1,1,1,1,-1,-1,1,1,1,1,1,-1,1,1,1,1,1,1,-1,-1,-1,1,1,1,1,-1,1,1,1,1,-1,1,-1,1,-1,1,1,1,-1,-1,1,1,1,1,1,-1,1,-1,-1,1,-1,1,-1,1,1,1,1,1,1,1,1,1,1,1,-1,1,-1,1,1,-1,1,-1,1,1,-1,1,-1,1,-1,1,-1,1,1,-1,-1,-1,1,1,1,1,-1,-1,1,1,-1,-1,1,-1,1,-1,-1,1,-1,1,-1,1,-1,1,-1,1,1,-1,-1,-1,1,1,-1,1,-1,1,1,1,-1,1,1,-1,-1,-1,1,-1,1,-1,1,-1,1,1,-1,1,-1,-1,-1,1,1,-1,1,-1,-1,-1,1,1,-1,-1,1,1,-1,-1,1,1,-1,1,1,-1,1,1,1,1,-1,1,-1,1,1,-1,1,-1,1,1,-1,1,1,1,1,1,-1,-1,1,-1,-1,-1,1,1,-1,1,1,1,-1,1,-1,-1,1,1,1,1,1,-1,1,1,1,-1,1,1,-1,1,1,1,-1,1,1,-1,-1,1,1,1,-1,1,-1,1,1,1,-1,1,1,-1,1,1,1,-1,1,-1,-1,1,1,1,-1,1,-1,-1,-1,1,1,-1,1,-1,-1,1,-1,1,-1,1,1,-1,-1,1,1,1,-1,1,-1,-1,1,1,-1,1,-1,-1,-1,-1,-1,-1,1,-1,-1,-1,1,1,-1,1,-1,-1,-1,1,1,1,1,-1,-1,1,1,1,-1,1,-1,-1,-1,-1,1,1,-1,1,-1,-1,1,-1,1,-1,-1,-1,1,-1,-1,1,-1,1,-1,-1,1,-1,1,-1,-1,-1,1,1,-1,1,-1,1,-1,-1,1,-1,1,-1,-1,-1,-1,1,-1,-1,1,1,-1,-1,1,-1,1,1,-1,1,-1,1,-1,1,-1,1,-1,-1,1,-1,-1,-1,-1,-1,1,1,-1,1,-1,1,-1,1,-1,1,1,-1,1,-1,1,-1,-1,1,-1,-1,-1,1,-1,1,-1,1,1,-1,1,-1,-1,1,-1,-1,1,-1,1,-1,1,-1,1,-1,1,1,-1,-1,-1,1,-1,1,-1,-1,1,-1,1,1,1,1,-1,-1,1,1,-1,1,1,-1,-1,1,1,1,-1,1,1,-1,1,1,1,1,-1,1,1,-1,-1,-1,1,-1,1,1,1,1,-1,1,-1,1,-1,-1,-1,1,1,-1,1,1,-1,-1,-1,1,-1,1,1,-1,1,-1,1,-1,-1,-1,-1,-1,-1,1,-1,-1,-1,-1,-1,-1,1,-1,1,1,1,1,-1,1,-1,1,1,-1,-1,-1,1,-1,-1,1,-1,1,-1,-1,1,1,1,1,-1,-1,1,1,1,1,-1,1,-1,-1,1,1,1,-1,-1,-1,1,1,1,1,-1,1,-1,1,-1,1,-1,1,1,-1,-1,1,1,1,-1,-1,-1,1,1,1,1,1,-1,-1,-1,1,1,1,1,-1,-1,-1,1,1,1,-1,-1,-1,-1,1,1,1,1,-1,-1,1,1,1,1,1,-1,-1,-1,1,1,-1,1,-1,-1,-1,1,1,1,1,-1,-1,1,1,1,1,-1,-1,1,1,-1,1,1,-1,-1,-1,1,1,1,1,1,-1,1,1,1,1,1,-1,-1,-1,1,-1,1,-1,-1,-1,-1,1,-1,1,1,-1,-1,-1,1,-1,1,1,-1,-1,-1,1,1,1,1,-1,-1,-1,1,-1,1,1,-1,-1,-1,1,1,-1,-1,-1,-1,-1,1,-1,1,-1,-1,-1,-1,-1,-1,-1,1,-1,-1,-1,1,-1,-1,1,-1,-1,-1,-1,-1,1,1,-1,-1,-1,-1,-1,1,-1,-1,-1,1,-1,-1,1,-1,1,-1,-1,-1,-1,-1,-1,-1,1,-1,-1,-1,1,1,-1,-1,-1,1,1,-1,-1,-1,-1,1,-1,-1,1,1,1,-1,-1,-1,-1,1,-1,1,1,-1,1,-1,-1,1,1,-1,-1,-1,-1,-1,-1,1,1,-1,-1,1,-1,1,1,-1,-1,-1,1,-1,1,1,-1,-1,1,-1,-1,1,1,1,-1,1,-1,1,1,1,-1,-1,1,-1,-1,1,-1,1,-1,1,-1,-1,1,1,-1,1,1,-1,-1,1,1,-1,1,1,-1,-1,1,1,1,1,1,-1,-1,1,1,1,1,1,1,-1,1,1,1,-1,1,-1,-1,1,-1,1,1,1,1,-1,-1,1,-1,1,1,1,-1,1,1,1,1,-1,1,-1,1,1,1,1,1,1,1,-1,1,1,1,1,-1,1,-1,1,1,1,1,1,-1,1,1,1,1,-1,1,1,-1,1,1,-1,1,1,-1,-1,1,1,1,1,-1,1,-1,1,1,1,-1,-1,1,-1,1,1,1,-1,1,-1,-1,-1,1,1,-1,-1,1,-1,-1,1,1,-1,-1,1,-1,1,1,1,1,-1,-1,-1,-1,1,1,-1,-1,-1,1,1,1,1,-1,1,1,-1,1,1,-1,-1,1,1,-1,-1,1,1,-1,1,1,1,1,1,-1,-1,-1,-1,1,-1,-1,-1,-1,-1,1,1,1,1,-1,1,1,-1,1,1,1,1,-1,1,-1,1,1,1,1,-1,1,-1,1,1,1,1,-1,1,-1,1,1,1,1,-1,1,-1,1,1,1,-1,-1,1,-1,1,1,1,-1,-1,-1,1,-1,1,-1,1,-1,1,-1,1,1,-2672.0,1,2000,445,1500,False
498,1,1,-1,-1,1,1,-1,-1,1,1,1,-1,-1,1,1,1,-1,1,-1,-1,-1,-1,1,1,1,1,-1,-1,1,1,1,1,-1,-1,-1,-1,1,-1,1,1,-1,-1,-1,1,1,1,1,-1,1,1,1,1,-1,1,-1,-1,1,-1,1,1,1,-1,-1,-1,1,1,1,1,-1,-1,-1,1,1,1,1,-1,-1,-1,1,1,1,-1,-1,-1,1,1,1,1,-1,1,-1,1,1,1,1,-1,-1,1,1,-1,1,1,-1,-1,1,1,1,1,1,-1,-1,1,1,1,1,1,-1,-1,1,1,1,1,1,1,-1,1,1,1,-1,1,1,-1,1,1,1,1,1,1,-1,-1,1,1,1,1,1,-1,1,1,1,1,1,1,-1,-1,-1,1,1,1,1,-1,1,1,1,1,-1,1,-1,1,-1,1,1,1,-1,-1,1,1,1,1,1,-1,1,-1,-1,1,-1,1,-1,1,1,1,1,1,1,1,1,1,-1,1,-1,1,-1,1,1,-1,1,-1,1,1,-1,1,-1,1,-1,1,-1,1,1,-1,1,-1,1,1,1,1,-1,-1,1,1,-1,-1,1,-1,1,-1,-1,1,-1,1,-1,1,-1,1,-1,1,1,-1,-1,-1,1,1,-1,1,-1,1,1,1,-1,1,1,-1,1,-1,1,-1,1,-1,1,-1,1,1,-1,1,-1,-1,-1,1,1,-1,1,-1,-1,-1,1,1,-1,-1,1,1,-1,-1,1,1,-1,1,1,-1,1,1,1,-1,-1,1,-1,1,1,-1,1,-1,1,-1,1,1,1,-1,-1,1,-1,-1,1,-1,1,-1,1,1,-1,1,1,1,-1,1,1,1,1,1,-1,-1,1,-1,1,1,1,1,-1,1,-1,1,1,1,-1,1,1,-1,-1,1,1,-1,-1,1,-1,1,1,1,1,1,1,-1,1,1,1,1,1,1,-1,1,1,1,1,1,1,-1,-1,1,1,1,1,1,-1,1,-1,1,1,1,1,1,-1,1,1,1,1,1,1,-1,1,1,1,-1,1,1,-1,-1,-1,-1,1,1,1,-1,1,1,-1,1,1,-1,-1,1,1,1,1,1,-1,1,1,1,-1,1,1,1,1,-1,1,1,1,-1,1,-1,1,-1,1,1,1,1,-1,-1,-1,1,-1,-1,1,-1,1,-1,-1,1,1,1,1,1,-1,1,-1,-1,1,-1,1,-1,1,1,-1,1,1,1,-1,-1,1,-1,1,1,-1,-1,1,1,1,-1,1,1,-1,1,1,-1,1,1,-1,-1,1,1,1,1,-1,1,-1,1,-1,-1,1,-1,-1,1,1,-1,1,1,-1,-1,-1,1,-1,1,1,1,-1,-1,1,1,-1,1,-1,-1,-1,1,-1,1,1,-1,1,-1,1,-1,-1,1,-1,-1,-1,-1,-1,1,1,-1,-1,-1,1,-1,-1,1,-1,-1,-1,-1,1,-1,1,-1,-1,1,-1,1,-1,-1,1,1,1,-1,1,-1,1,-1,1,1,1,-1,-1,-1,1,-1,-1,1,1,1,-1,1,-1,1,1,1,-1,1,1,-1,-1,-1,1,-1,-1,1,-1,-1,1,1,1,-1,1,-1,-1,1,1,-1,-1,1,-1,-1,1,1,-1,-1,1,-1,-1,-1,1,1,-1,1,1,-1,-1,1,-1,-1,1,-1,1,-1,1,1,-1,-1,1,-1,-1,-1,-1,-1,1,1,1,-1,-1,1,-1,-1,1,-1,-1,1,-1,-1,1,1,-1,-1,1,-1,-1,1,1,-1,1,-1,-1,-1,-1,1,1,-1,-1,-1,-1,1,1,-1,-1,1,-1,-1,-1,1,1,-1,-1,-1,-1,-1,1,-1,-1,-1,-1,-1,1,1,1,-1,-1,-1,-1,-1,1,1,-1,-1,-1,-1,-1,1,1,1,-1,-1,-1,-1,1,1,-1,-1,-1,-1,1,1,1,1,1,-1,1,1,1,1,1,1,-1,-1,1,1,1,1,-1,-1,1,1,1,1,-1,1,-1,-1,1,-1,1,-1,1,-1,-1,1,-1,1,1,1,-1,-1,1,-1,1,-1,1,1,-1,1,-1,1,1,1,1,-1,1,-1,1,1,1,-1,-1,1,1,-1,1,1,-1,-1,1,-1,1,-1,1,-1,-1,-1,-1,-1,1,1,-1,-1,1,-1,-1,1,1,-1,-1,-1,-1,-1,-1,1,-1,-1,-1,-1,1,-1,-1,-1,1,-1,-1,1,-1,1,-1,-1,-1,-1,-1,-1,1,1,-1,-1,-1,1,1,1,-1,-1,1,-1,-1,-1,1,-1,1,-1,-1,1,1,1,-1,-1,-1,-1,1,-1,1,1,-1,1,-1,-1,1,1,-1,-1,-1,-1,-1,-1,1,1,-1,-1,1,-1,1,1,-1,-1,-1,1,-1,1,1,-1,-1,1,-1,-1,1,1,1,-1,1,-1,1,1,1,-1,-1,1,-1,-1,1,1,1,-1,1,-1,-1,1,1,-1,1,1,-1,-1,1,1,-1,1,1,-1,-1,1,1,-1,1,1,-1,-1,1,1,1,1,1,1,-1,1,1,1,1,1,-1,-1,1,-1,1,1,1,1,-1,-1,1,-1,1,1,1,-1,1,1,1,1,-1,1,-1,1,1,1,1,1,1,-1,-1,-1,1,1,1,-1,1,-1,1,1,1,1,-1,1,-1,1,1,1,-1,-1,1,-1,1,1,-1,1,-1,-1,-1,1,1,1,-1,1,-1,-1,1,1,1,-1,-1,-1,-1,1,1,1,-1,-1,1,-1,-1,1,1,-1,1,-1,-1,-1,1,1,-1,1,-1,1,-1,1,1,1,1,1,-1,-1,1,1,-1,-1,1,1,-1,1,1,-1,1,-1,-1,1,1,-1,-1,1,-1,-1,-1,-1,1,-1,1,1,-1,1,1,-1,-1,-1,-1,1,-1,-1,-1,-1,1,-1,-1,1,1,-1,1,1,-1,1,1,1,1,-1,1,-1,1,1,1,1,-1,1,-1,-1,1,1,1,-1,1,-1,1,1,1,1,-1,1,-1,1,1,1,-1,-1,1,-1,-1,1,1,-1,-1,-1,1,-1,1,-1,1,-1,1,-1,-1,1,-2672.0,1,2000,445,1500,False
499,1,1,-1,-1,1,-1,-1,-1,1,1,1,-1,1,1,1,1,-1,1,-1,-1,-1,-1,1,1,1,-1,-1,-1,1,1,1,1,-1,-1,-1,-1,1,-1,1,1,-1,-1,-1,1,1,1,1,-1,1,1,1,1,-1,1,-1,-1,1,-1,1,1,1,-1,-1,-1,1,1,1,1,-1,-1,-1,1,1,1,1,-1,-1,-1,1,1,1,-1,-1,-1,1,1,1,1,-1,-1,-1,1,1,1,1,-1,-1,1,1,-1,1,1,-1,-1,1,1,1,1,1,-1,-1,1,1,1,1,1,-1,-1,1,1,1,1,1,1,-1,1,1,1,-1,1,1,-1,1,1,1,1,1,1,-1,-1,1,1,1,1,1,-1,1,1,1,1,1,1,-1,-1,-1,1,1,1,1,-1,1,1,1,1,-1,1,-1,1,-1,1,1,1,-1,-1,1,1,1,1,1,-1,1,-1,-1,1,-1,1,-1,1,1,1,1,1,1,1,1,1,-1,1,-1,1,-1,1,1,-1,1,-1,1,1,-1,1,-1,1,-1,1,-1,1,1,-1,1,-1,1,1,1,1,-1,-1,1,1,-1,-1,1,-1,1,-1,1,1,-1,1,-1,1,-1,1,-1,1,1,-1,-1,-1,1,1,-1,1,-1,1,1,1,-1,1,1,-1,-1,-1,1,-1,1,-1,1,-1,1,1,-1,1,-1,-1,-1,1,1,-1,1,-1,-1,-1,1,1,-1,-1,1,1,-1,-1,1,1,-1,1,1,-1,1,1,1,1,-1,1,-1,1,1,-1,1,-1,1,1,1,1,1,1,1,1,-1,-1,1,-1,-1,-1,1,1,-1,1,1,1,-1,1,1,1,1,1,1,1,1,-1,1,1,1,-1,1,1,-1,1,1,1,-1,1,1,-1,-1,1,1,1,-1,1,-1,1,1,1,-1,1,1,-1,1,1,1,-1,1,1,-1,1,1,1,-1,1,1,-1,-1,1,1,-1,1,1,-1,1,-1,1,-1,1,1,1,-1,1,1,1,-1,1,1,-1,1,1,-1,1,1,1,-1,-1,-1,-1,1,1,1,-1,1,1,-1,1,1,-1,-1,1,1,1,1,1,-1,1,1,1,-1,1,1,1,1,-1,1,1,1,-1,1,-1,1,1,1,1,1,1,-1,-1,-1,1,-1,-1,1,-1,1,-1,1,-1,1,1,1,1,-1,1,-1,-1,1,-1,1,-1,1,1,1,1,1,1,-1,-1,1,-1,1,1,-1,-1,1,1,1,-1,1,1,-1,-1,1,-1,1,1,-1,-1,1,1,1,1,-1,1,-1,1,-1,1,1,-1,-1,-1,1,-1,1,1,-1,-1,-1,1,-1,1,1,1,-1,-1,1,-1,-1,1,-1,-1,-1,1,-1,1,1,-1,1,-1,1,1,-1,1,-1,-1,-1,-1,-1,1,1,-1,-1,-1,1,-1,-1,1,-1,-1,-1,-1,1,-1,1,-1,-1,-1,-1,1,-1,-1,1,1,1,-1,1,-1,1,-1,1,-1,1,-1,-1,-1,1,-1,-1,1,1,1,-1,1,-1,1,1,1,-1,1,1,-1,-1,-1,1,-1,-1,1,-1,-1,1,1,1,-1,1,-1,-1,1,1,-1,-1,1,-1,-1,1,1,-1,-1,1,-1,-1,-1,1,1,-1,1,-1,-1,-1,1,-1,-1,1,-1,1,-1,1,1,-1,-1,1,-1,-1,-1,-1,-1,1,1,1,-1,-1,1,-1,-1,1,-1,-1,1,-1,-1,1,1,-1,-1,1,-1,-1,1,1,-1,1,-1,1,-1,-1,1,1,-1,-1,-1,-1,1,1,-1,-1,1,-1,-1,-1,1,1,-1,-1,-1,-1,-1,1,-1,-1,-1,-1,-1,1,1,1,-1,-1,-1,-1,-1,1,1,-1,-1,-1,-1,-1,1,1,1,-1,-1,-1,-1,1,1,-1,-1,-1,-1,1,1,1,1,1,-1,1,1,1,1,1,1,-1,-1,1,1,1,1,-1,-1,1,1,1,1,-1,1,-1,-1,1,-1,1,-1,1,-1,-1,1,-1,1,1,1,-1,-1,1,-1,1,-1,1,1,-1,1,-1,1,1,1,1,-1,1,-1,1,1,1,-1,-1,1,1,-1,1,1,-1,-1,1,-1,1,-1,1,-1,-1,-1,-1,-1,1,1,-1,-1,1,-1,-1,1,1,-1,-1,-1,-1,-1,-1,1,-1,-1,-1,-1,1,-1,-1,-1,1,-1,-1,1,-1,1,-1,-1,-1,-1,-1,-1,1,1,-1,-1,-1,1,1,1,-1,-1,-1,1,-1,-1,1,-1,1,-1,-1,1,1,1,-1,-1,-1,-1,1,-1,1,1,-1,1,-1,-1,1,1,-1,-1,-1,-1,-1,-1,1,1,-1,-1,1,-1,1,1,-1,-1,-1,1,-1,1,1,-1,-1,1,-1,-1,1,1,1,-1,1,-1,1,1,1,-1,-1,1,-1,-1,1,1,1,-1,1,-1,-1,1,1,-1,1,1,-1,-1,1,1,1,1,1,-1,-1,1,1,-1,1,1,-1,-1,1,1,1,1,1,1,-1,-1,1,1,-1,1,-1,-1,1,-1,1,1,1,1,-1,-1,1,-1,1,1,1,-1,1,1,1,1,-1,1,-1,1,1,1,1,1,1,1,-1,1,1,1,1,-1,1,-1,1,1,1,1,1,-1,1,1,1,1,-1,1,1,-1,1,1,-1,1,1,-1,-1,1,1,1,1,-1,1,-1,1,1,1,-1,-1,1,-1,1,1,1,-1,1,-1,-1,-1,1,1,-1,-1,1,-1,-1,1,1,-1,-1,1,-1,-1,1,1,1,-1,-1,-1,-1,1,1,-1,-1,-1,1,-1,-1,1,-1,1,1,-1,1,1,-1,-1,1,1,-1,-1,1,1,-1,1,1,-1,1,1,-1,-1,-1,-1,1,-1,-1,-1,-1,-1,1,-1,1,1,-1,1,1,-1,1,1,1,1,-1,1,-1,1,1,1,1,-1,1,-1,-1,1,1,1,-1,1,-1,1,1,1,1,-1,1,-1,1,1,1,-1,-1,1,-1,-1,1,1,-1,-1,-1,1,-1,1,-1,1,-1,1,-1,-1,1,-2672.0,1,2000,445,1500,False
500,-1,-1,1,1,1,1,-1,1,-1,-1,-1,1,-1,1,-1,-1,1,-1,1,1,1,1,-1,-1,-1,1,-1,-1,1,-1,-1,-1,1,1,-1,-1,1,-1,-1,-1,1,-1,-1,-1,-1,-1,-1,-1,1,1,1,-1,1,-1,1,-1,1,-1,1,-1,-1,1,1,1,1,1,-1,-1,-1,-1,1,1,1,1,-1,-1,-1,-1,1,-1,-1,1,1,-1,1,1,1,-1,-1,1,-1,1,-1,1,-1,-1,-1,1,1,1,1,1,-1,-1,1,1,1,1,1,-1,-1,1,1,1,1,1,-1,-1,1,1,1,1,1,-1,-1,1,1,1,1,1,-1,-1,1,1,1,1,1,-1,-1,-1,1,1,1,1,1,-1,1,1,1,1,1,-1,-1,-1,-1,1,1,1,-1,-1,1,-1,1,1,1,1,-1,1,-1,1,1,1,-1,-1,1,1,1,1,1,-1,1,-1,-1,1,1,1,-1,1,1,1,1,-1,1,-1,1,1,-1,1,-1,1,-1,1,1,-1,1,-1,1,-1,-1,1,-1,1,-1,1,-1,1,1,-1,1,-1,1,-1,-1,1,-1,-1,1,1,-1,-1,1,-1,1,1,-1,1,-1,1,-1,1,-1,1,-1,1,1,-1,-1,1,1,-1,-1,1,-1,1,1,1,-1,1,1,-1,1,-1,1,-1,1,-1,1,-1,1,1,-1,1,-1,-1,1,1,1,-1,1,-1,1,-1,-1,1,1,-1,1,1,-1,-1,1,-1,-1,1,1,-1,1,1,1,-1,-1,1,-1,1,1,-1,1,-1,1,1,-1,1,-1,-1,-1,1,-1,-1,1,-1,1,-1,-1,1,-1,1,1,1,-1,1,-1,-1,1,1,-1,-1,1,-1,-1,1,-1,1,-1,1,-1,-1,1,1,-1,1,1,-1,1,-1,1,-1,-1,1,-1,1,1,1,1,1,1,-1,1,1,1,1,1,-1,-1,1,1,1,1,1,-1,-1,1,-1,1,1,1,-1,-1,1,-1,1,-1,1,1,-1,1,-1,1,1,1,1,-1,-1,1,1,1,-1,-1,-1,1,1,-1,-1,1,1,-1,1,-1,1,-1,1,-1,1,1,-1,1,1,1,-1,1,1,-1,1,-1,1,-1,-1,1,-1,1,1,1,1,-1,1,1,-1,1,1,-1,-1,1,-1,-1,1,-1,1,-1,-1,1,-1,1,1,-1,-1,-1,1,-1,1,-1,1,-1,1,-1,-1,1,-1,-1,-1,-1,1,-1,-1,1,1,-1,-1,1,-1,1,1,-1,1,-1,1,-1,1,-1,1,-1,-1,-1,-1,1,-1,-1,-1,-1,1,-1,1,-1,1,-1,-1,-1,1,1,1,1,-1,-1,-1,-1,1,-1,-1,-1,-1,-1,1,-1,1,1,-1,-1,-1,-1,1,-1,-1,1,-1,-1,-1,1,-1,1,-1,1,-1,-1,1,-1,1,-1,-1,-1,-1,1,-1,1,1,1,-1,-1,-1,1,1,-1,1,-1,-1,-1,1,1,1,-1,1,1,-1,1,1,1,1,1,1,1,-1,-1,1,-1,1,-1,1,1,-1,1,1,-1,1,-1,-1,-1,1,1,-1,1,1,-1,-1,-1,1,-1,1,1,-1,-1,-1,1,-1,-1,-1,-1,1,-1,1,-1,-1,-1,-1,-1,-1,1,-1,1,1,1,1,-1,1,-1,1,1,-1,1,-1,1,-1,-1,1,-1,1,-1,-1,1,1,1,1,-1,-1,1,1,1,1,-1,1,-1,-1,1,1,1,-1,-1,-1,1,1,1,1,-1,-1,-1,1,-1,1,-1,1,1,-1,-1,1,1,1,-1,-1,-1,-1,1,1,1,1,-1,-1,-1,1,1,1,1,1,-1,-1,1,-1,1,-1,1,-1,-1,1,1,1,1,1,-1,-1,1,-1,1,1,1,-1,-1,1,1,-1,1,1,-1,-1,1,1,1,1,1,-1,1,-1,1,-1,1,1,-1,1,-1,1,-1,1,1,-1,1,1,-1,1,1,-1,1,-1,1,-1,1,-1,-1,-1,1,-1,-1,1,-1,-1,1,-1,1,-1,1,1,1,-1,-1,1,-1,1,1,1,-1,1,1,-1,1,-1,-1,-1,-1,-1,-1,1,1,1,-1,1,1,-1,1,1,1,-1,1,-1,1,-1,1,1,-1,-1,-1,-1,-1,1,1,-1,1,-1,1,-1,1,1,-1,-1,-1,-1,-1,1,-1,-1,-1,-1,-1,1,-1,-1,1,-1,-1,1,-1,1,1,-1,-1,-1,1,-1,1,1,-1,-1,-1,1,1,1,1,-1,1,-1,1,-1,1,1,-1,-1,-1,-1,1,1,1,1,-1,-1,1,-1,1,1,-1,1,-1,-1,1,1,1,-1,-1,-1,-1,-1,1,-1,-1,-1,1,-1,1,1,1,1,1,-1,-1,1,1,1,1,-1,1,-1,1,1,-1,1,-1,-1,1,1,1,1,-1,1,-1,-1,1,-1,1,1,1,-1,-1,1,1,1,-1,1,1,-1,1,1,1,1,1,1,-1,1,1,1,1,1,1,-1,1,1,-1,1,1,-1,-1,1,1,-1,1,1,1,-1,1,-1,-1,1,1,1,-1,-1,1,-1,1,1,1,-1,1,1,-1,1,1,1,-1,1,1,-1,1,1,1,-1,-1,-1,1,1,1,-1,1,-1,1,1,1,1,-1,1,-1,1,1,1,-1,-1,1,-1,1,1,-1,1,-1,-1,-1,1,-1,1,-1,1,-1,-1,1,-1,1,-1,-1,-1,-1,1,-1,1,-1,1,-1,-1,-1,1,1,-1,1,-1,-1,-1,-1,1,-1,1,-1,-1,1,-1,1,1,1,1,-1,-1,1,1,-1,-1,1,1,1,1,1,-1,1,-1,-1,1,1,-1,-1,1,-1,-1,-1,-1,1,-1,1,1,1,1,1,-1,-1,-1,-1,-1,-1,-1,-1,-1,1,-1,1,1,1,-1,1,1,-1,1,1,1,1,-1,1,-1,1,1,1,1,-1,1,-1,1,1,1,1,-1,1,-1,1,1,1,1,-1,1,-1,1,-1,-1,-1,-1,1,-1,-1,1,1,-1,-1,-1,1,-1,1,-1,1,-1,1,-1,-1,1,-2672.0,1,2000,445,1500,True
501,1,1,-1,-1,1,1,-1,-1,1,1,1,-1,-1,1,1,1,-1,1,1,-1,-1,-1,1,1,1,1,-1,-1,1,1,1,1,-1,-1,-1,-1,1,-1,1,1,-1,-1,-1,1,1,1,1,-1,1,1,1,1,-1,1,-1,-1,1,-1,1,1,1,-1,-1,-1,1,1,1,1,-1,-1,-1,1,1,1,1,-1,-1,-1,1,1,1,-1,-1,-1,1,1,1,1,-1,-1,-1,1,1,1,1,-1,-1,1,1,-1,1,1,-1,-1,1,1,1,1,1,-1,-1,1,1,1,1,1,-1,-1,1,1,1,1,1,1,-1,1,1,1,-1,1,1,-1,1,1,1,1,1,1,-1,-1,1,1,1,1,1,-1,1,1,1,1,1,1,-1,-1,-1,1,1,1,1,-1,1,1,1,1,-1,1,-1,1,-1,1,1,1,-1,-1,1,1,1,1,1,-1,1,-1,-1,1,-1,1,-1,1,1,1,1,1,1,1,1,1,-1,1,-1,1,-1,1,1,-1,1,-1,1,1,-1,1,-1,1,-1,1,-1,1,1,-1,1,-1,1,1,1,1,-1,-1,1,1,-1,-1,1,-1,1,-1,-1,1,-1,1,-1,1,-1,1,-1,1,1,-1,-1,-1,1,1,-1,1,-1,1,1,1,-1,1,1,-1,-1,-1,1,-1,1,-1,1,-1,1,1,-1,1,-1,-1,-1,1,1,-1,1,-1,-1,-1,1,1,-1,-1,1,1,-1,-1,1,1,-1,1,1,-1,1,1,1,1,-1,1,-1,1,1,-1,1,-1,1,1,1,1,1,1,1,1,-1,-1,1,-1,-1,-1,1,1,-1,1,1,1,-1,1,1,1,1,1,1,1,1,-1,1,1,1,-1,1,1,-1,1,1,1,-1,1,1,-1,-1,1,1,1,-1,1,-1,1,1,1,-1,1,1,-1,1,1,1,-1,1,1,-1,1,1,1,-1,1,1,-1,-1,1,1,-1,1,1,-1,1,-1,1,-1,1,1,1,-1,1,1,1,1,1,1,-1,1,1,-1,1,1,1,-1,-1,-1,-1,1,1,1,-1,1,1,-1,1,1,-1,-1,1,1,1,1,1,-1,1,1,1,-1,1,1,1,-1,-1,1,1,1,-1,1,-1,1,1,1,1,1,1,-1,-1,-1,1,-1,-1,1,-1,1,-1,1,1,1,1,1,1,-1,1,-1,-1,1,-1,1,-1,1,1,1,1,1,1,-1,-1,1,-1,1,1,-1,-1,1,1,1,-1,1,1,-1,-1,1,-1,1,1,-1,-1,1,1,1,1,-1,1,-1,1,-1,-1,1,-1,-1,-1,1,-1,1,1,-1,-1,-1,1,-1,1,1,1,-1,-1,1,1,-1,1,-1,-1,-1,1,-1,1,1,-1,1,-1,1,-1,-1,1,-1,-1,-1,-1,-1,-1,1,-1,-1,-1,1,-1,-1,1,-1,-1,-1,-1,1,-1,1,-1,-1,-1,-1,1,-1,-1,1,1,1,-1,1,-1,1,1,1,1,1,-1,-1,-1,1,-1,-1,1,1,1,-1,1,-1,1,1,1,-1,1,1,-1,1,-1,1,-1,-1,1,-1,-1,1,1,1,-1,1,-1,-1,1,1,-1,-1,1,-1,-1,1,1,-1,-1,1,-1,-1,-1,1,1,-1,1,1,-1,-1,1,-1,-1,1,-1,1,-1,1,1,-1,-1,1,-1,-1,-1,-1,-1,1,1,1,-1,-1,1,-1,-1,1,-1,-1,1,-1,-1,1,1,-1,-1,1,-1,-1,1,1,-1,1,-1,-1,-1,-1,1,1,-1,-1,-1,-1,1,1,-1,-1,1,-1,-1,-1,1,1,-1,-1,-1,-1,-1,1,-1,-1,-1,-1,-1,1,1,1,-1,-1,-1,-1,-1,1,1,-1,-1,-1,-1,-1,1,1,1,-1,-1,-1,-1,1,1,-1,-1,-1,-1,1,1,1,1,1,-1,1,1,1,1,1,1,-1,-1,1,1,1,1,-1,-1,1,1,1,1,-1,1,-1,-1,1,-1,1,-1,1,-1,-1,1,-1,1,1,1,-1,-1,1,-1,1,-1,1,1,-1,1,-1,1,1,1,1,-1,1,-1,1,1,1,-1,-1,1,1,-1,1,1,-1,-1,1,-1,1,-1,1,-1,-1,-1,-1,-1,1,1,-1,-1,1,-1,-1,1,1,-1,-1,-1,-1,-1,-1,1,-1,-1,-1,-1,1,-1,-1,-1,1,-1,-1,1,-1,1,-1,-1,-1,-1,-1,-1,1,1,-1,-1,-1,1,1,1,-1,-1,1,-1,-1,-1,1,-1,1,-1,-1,1,1,1,-1,-1,-1,-1,1,-1,1,1,-1,1,-1,-1,1,1,-1,-1,-1,-1,-1,-1,1,1,-1,-1,1,-1,1,1,-1,-1,-1,1,-1,1,1,-1,-1,1,-1,-1,1,1,1,-1,1,-1,1,1,1,-1,-1,1,-1,-1,1,1,1,-1,1,-1,-1,1,1,-1,1,1,-1,-1,1,1,-1,1,1,-1,-1,1,1,-1,1,1,-1,-1,1,1,1,1,1,1,-1,-1,1,-1,1,1,-1,-1,1,-1,1,1,1,1,-1,-1,1,-1,1,1,1,-1,1,1,1,1,-1,1,-1,1,1,1,1,1,1,1,-1,1,1,1,1,-1,1,-1,1,1,1,1,1,-1,1,1,1,1,-1,1,1,-1,1,1,-1,1,1,-1,-1,1,1,1,1,-1,1,-1,1,1,1,-1,-1,1,-1,1,1,1,-1,1,-1,-1,-1,1,1,-1,-1,1,-1,-1,1,1,1,-1,1,-1,-1,1,1,1,-1,1,-1,-1,1,1,-1,-1,-1,1,-1,1,1,-1,1,1,-1,1,1,-1,-1,1,-1,-1,-1,1,1,-1,1,1,-1,1,1,-1,-1,-1,-1,1,-1,-1,-1,-1,-1,-1,-1,1,1,-1,1,1,-1,1,1,1,1,-1,1,-1,1,1,1,1,-1,1,-1,-1,1,1,1,-1,1,-1,1,1,1,1,-1,1,-1,1,1,1,-1,-1,1,-1,-1,1,1,-1,-1,-1,1,-1,1,-1,1,-1,1,-1,-1,1,-2672.0,1,2000,445,1000,False
502,1,1,-1,-1,1,1,-1,-1,1,1,1,-1,1,1,1,1,-1,1,-1,-1,-1,-1,1,1,1,-1,-1,-1,1,1,1,1,-1,-1,-1,-1,1,1,1,1,-1,-1,-1,1,1,1,1,-1,1,1,1,1,-1,1,-1,-1,1,-1,1,1,1,-1,-1,-1,1,1,1,1,-1,-1,-1,1,1,1,1,-1,-1,-1,1,1,1,-1,-1,-1,1,1,1,1,-1,-1,1,1,1,1,1,-1,-1,-1,1,-1,1,1,-1,-1,1,1,1,1,1,-1,-1,-1,1,-1,1,1,-1,-1,1,1,1,1,1,1,-1,-1,1,1,-1,1,1,-1,1,1,1,1,1,1,-1,1,1,1,1,1,1,-1,1,1,1,1,1,1,-1,-1,-1,1,1,1,1,-1,1,1,1,1,-1,1,-1,1,-1,1,1,1,-1,-1,1,1,1,1,1,-1,1,-1,-1,1,-1,1,-1,1,1,1,1,1,1,1,1,1,1,1,-1,1,-1,1,1,-1,1,-1,1,1,-1,1,-1,1,-1,1,-1,1,1,-1,1,-1,1,1,1,1,-1,-1,1,1,-1,-1,1,-1,1,-1,-1,1,-1,1,-1,1,-1,1,-1,1,1,-1,-1,-1,1,1,-1,1,-1,1,1,1,-1,1,1,-1,1,-1,1,-1,1,-1,1,-1,1,1,-1,1,-1,-1,-1,1,1,-1,1,-1,-1,-1,1,1,-1,-1,1,1,-1,-1,1,1,-1,1,1,-1,1,1,1,1,-1,1,-1,1,1,-1,1,-1,1,-1,1,1,1,1,1,1,-1,-1,1,-1,-1,-1,1,1,-1,1,1,1,-1,1,1,1,1,1,1,1,1,-1,1,1,1,-1,1,1,-1,1,1,1,-1,1,1,-1,-1,1,1,1,-1,1,-1,1,1,1,-1,1,1,-1,1,1,1,-1,1,1,-1,1,1,1,-1,1,1,-1,-1,1,1,-1,1,1,-1,1,-1,1,-1,1,1,1,-1,1,1,1,-1,1,1,-1,1,1,-1,1,1,1,-1,-1,-1,-1,1,1,1,-1,1,1,-1,1,1,-1,-1,1,1,1,1,1,-1,1,1,1,-1,1,1,1,1,-1,1,1,-1,-1,1,-1,1,-1,1,-1,1,1,-1,-1,-1,1,-1,-1,1,-1,1,-1,1,-1,1,1,1,-1,-1,1,-1,-1,1,-1,1,-1,1,-1,-1,1,1,1,-1,-1,1,-1,1,1,-1,-1,1,1,1,-1,1,-1,-1,1,-1,-1,1,1,-1,-1,-1,-1,1,1,-1,1,-1,1,-1,1,1,-1,-1,1,1,-1,1,1,-1,-1,-1,1,-1,1,1,1,-1,1,-1,1,-1,1,-1,-1,-1,1,-1,1,1,1,-1,-1,1,-1,-1,1,-1,-1,-1,-1,-1,-1,1,-1,-1,-1,1,-1,-1,1,-1,-1,-1,-1,1,-1,1,-1,-1,-1,-1,1,-1,-1,1,1,1,-1,1,-1,1,-1,1,1,1,-1,-1,-1,1,-1,-1,1,1,1,-1,1,-1,1,1,1,-1,1,1,-1,-1,-1,1,-1,-1,1,-1,-1,1,1,1,-1,1,-1,-1,1,1,-1,-1,1,-1,-1,1,1,-1,-1,1,-1,-1,-1,1,1,-1,1,1,-1,-1,1,-1,-1,1,-1,1,-1,1,1,-1,-1,1,-1,-1,-1,-1,-1,1,1,1,-1,-1,1,-1,-1,1,-1,-1,1,-1,-1,1,1,-1,-1,1,1,-1,1,1,-1,1,-1,1,-1,-1,1,1,-1,-1,-1,-1,-1,1,-1,-1,1,-1,-1,-1,1,1,-1,-1,-1,-1,-1,1,-1,-1,-1,-1,-1,1,1,1,-1,-1,-1,-1,-1,1,1,-1,-1,-1,-1,-1,1,1,1,-1,-1,-1,-1,1,1,-1,-1,-1,-1,1,1,1,1,1,-1,1,1,1,1,1,1,-1,-1,1,1,1,-1,1,-1,1,1,1,1,-1,1,-1,-1,1,-1,1,-1,1,-1,-1,1,-1,1,-1,1,-1,-1,1,-1,1,-1,1,-1,-1,1,-1,1,1,1,-1,-1,1,-1,1,1,1,-1,-1,1,1,-1,1,1,-1,-1,1,-1,1,-1,1,-1,-1,-1,-1,-1,1,1,-1,-1,1,-1,-1,1,1,-1,-1,-1,-1,-1,-1,1,-1,-1,-1,-1,1,1,-1,-1,1,-1,-1,1,-1,1,-1,-1,-1,-1,-1,1,1,1,-1,-1,-1,1,1,1,-1,-1,1,-1,-1,-1,1,-1,1,-1,-1,1,1,1,-1,-1,-1,-1,1,-1,1,1,-1,1,-1,-1,1,1,-1,-1,-1,-1,-1,-1,1,1,-1,-1,1,-1,1,1,-1,-1,-1,1,-1,1,1,-1,-1,1,-1,-1,1,1,1,-1,1,-1,1,1,1,-1,-1,1,-1,-1,1,1,1,-1,1,-1,-1,1,1,-1,1,1,-1,-1,1,1,1,1,1,-1,-1,1,1,-1,1,1,-1,-1,1,1,1,1,1,1,-1,1,1,1,-1,1,-1,-1,1,-1,1,1,1,1,-1,-1,1,-1,1,1,1,-1,1,1,1,1,-1,1,-1,1,1,1,1,1,1,1,-1,1,1,1,1,-1,1,-1,1,1,1,1,1,-1,1,1,1,1,-1,1,1,-1,1,1,-1,1,1,-1,-1,1,1,1,1,-1,1,-1,1,1,1,-1,-1,1,-1,1,1,1,-1,1,-1,-1,-1,1,1,-1,-1,1,-1,-1,1,1,1,-1,1,-1,1,1,1,1,-1,-1,-1,-1,1,1,-1,-1,-1,1,1,1,1,-1,1,1,-1,1,1,-1,-1,1,1,-1,-1,1,1,-1,1,1,1,1,1,-1,-1,-1,-1,-1,-1,-1,-1,-1,-1,1,1,1,1,-1,1,1,-1,1,1,1,1,-1,1,-1,1,1,1,-1,-1,1,-1,1,1,1,-1,-1,1,-1,1,1,1,-1,-1,1,-1,1,1,1,1,-1,1,-1,1,1,1,1,-1,-1,1,-1,1,-1,1,-1,1,-1,1,1,-2672.0,1,2000,445,0,False
503,1,1,-1,-1,1,-1,-1,-1,1,1,1,-1,1,1,1,1,-1,1,-1,-1,-1,-1,1,1,1,-1,-1,-1,1,1,1,1,1,-1,-1,-1,1,1,1,1,-1,-1,-1,1,1,1,1,-1,1,1,1,1,-1,1,-1,-1,1,-1,1,1,1,-1,-1,-1,1,1,1,1,-1,-1,-1,1,1,1,1,-1,-1,-1,1,1,1,-1,-1,-1,1,1,1,1,-1,-1,1,1,1,1,1,-1,-1,-1,1,-1,1,1,-1,-1,1,1,1,1,1,-1,-1,-1,1,-1,1,1,-1,-1,1,1,1,1,1,1,-1,-1,1,1,-1,1,1,-1,1,1,1,1,1,1,-1,1,1,1,1,1,1,-1,1,1,1,1,1,1,-1,-1,-1,1,1,1,1,-1,1,1,1,1,-1,1,-1,1,-1,1,1,1,-1,-1,1,1,1,1,1,-1,1,-1,-1,1,-1,1,-1,1,1,1,1,1,1,1,1,1,-1,1,-1,1,-1,1,1,-1,1,-1,1,1,-1,1,-1,1,-1,1,-1,1,1,-1,1,-1,1,1,1,1,-1,-1,1,1,-1,-1,1,-1,1,-1,-1,1,-1,1,-1,1,-1,1,-1,1,1,-1,-1,-1,1,1,-1,1,-1,1,1,1,-1,1,1,-1,1,-1,1,-1,1,-1,1,-1,1,1,-1,1,-1,-1,-1,1,1,-1,1,-1,-1,-1,1,1,-1,-1,1,1,-1,-1,1,1,-1,1,1,-1,1,1,1,1,-1,1,-1,1,1,-1,1,-1,1,1,-1,1,1,1,1,1,-1,-1,1,-1,-1,-1,1,1,-1,1,1,1,-1,1,-1,-1,1,1,1,1,1,-1,1,1,1,-1,1,1,-1,1,1,1,-1,1,1,-1,-1,1,1,1,-1,1,-1,1,1,1,-1,1,1,-1,1,1,1,-1,1,-1,-1,1,1,1,-1,1,-1,-1,-1,1,1,1,1,-1,-1,1,-1,1,-1,1,1,-1,-1,1,1,1,-1,1,-1,-1,1,1,-1,1,-1,-1,-1,-1,-1,-1,1,1,-1,-1,1,1,-1,1,-1,-1,-1,1,1,-1,1,-1,-1,1,1,-1,1,1,-1,-1,-1,-1,1,-1,-1,1,-1,-1,1,-1,-1,1,-1,-1,1,-1,-1,1,-1,1,-1,-1,1,-1,-1,1,-1,-1,1,1,-1,1,-1,1,-1,-1,1,-1,-1,-1,-1,-1,-1,1,-1,-1,1,1,-1,-1,1,-1,1,-1,-1,1,-1,1,-1,-1,1,1,-1,-1,1,-1,-1,-1,-1,-1,1,1,-1,-1,1,1,-1,1,-1,1,-1,1,1,-1,1,-1,-1,-1,-1,-1,-1,1,-1,1,-1,1,1,-1,1,-1,-1,1,-1,-1,1,-1,1,-1,1,-1,1,-1,1,1,-1,-1,-1,1,-1,1,-1,-1,1,-1,1,1,1,1,-1,-1,-1,1,-1,1,1,-1,-1,1,1,1,-1,1,1,-1,1,1,1,1,-1,1,1,-1,-1,-1,1,-1,-1,1,-1,1,-1,1,-1,1,-1,-1,-1,1,1,-1,1,1,-1,-1,-1,1,-1,1,1,-1,1,-1,1,-1,-1,-1,-1,-1,-1,1,-1,-1,-1,-1,-1,-1,1,-1,1,1,1,1,-1,1,-1,1,1,-1,-1,-1,1,-1,-1,1,-1,1,-1,-1,1,1,1,1,-1,-1,1,1,1,1,-1,1,-1,-1,1,1,1,-1,-1,-1,1,1,1,1,-1,1,-1,1,-1,1,-1,1,1,-1,-1,1,1,1,-1,-1,-1,1,1,1,1,1,-1,-1,-1,1,1,1,1,-1,-1,-1,1,1,1,-1,-1,-1,1,1,1,1,1,-1,-1,-1,1,1,1,1,-1,-1,-1,1,1,-1,1,-1,-1,-1,1,1,1,1,-1,-1,1,1,1,1,-1,-1,1,1,-1,1,1,-1,-1,-1,1,1,1,1,1,-1,1,1,1,1,1,-1,-1,-1,1,-1,1,-1,-1,-1,-1,1,-1,1,1,1,-1,-1,1,-1,1,1,-1,-1,-1,1,1,1,1,-1,-1,-1,1,-1,1,1,-1,-1,-1,1,1,-1,-1,-1,-1,-1,1,-1,1,-1,-1,-1,-1,-1,-1,-1,1,-1,-1,-1,1,-1,-1,1,-1,-1,-1,-1,-1,1,1,-1,-1,-1,-1,-1,1,-1,-1,-1,1,-1,-1,1,-1,1,-1,-1,-1,-1,-1,-1,-1,1,-1,-1,-1,1,1,-1,-1,-1,1,-1,-1,-1,-1,-1,1,-1,-1,1,1,1,-1,-1,-1,-1,1,-1,1,1,-1,1,-1,-1,1,1,-1,-1,-1,-1,-1,-1,1,1,-1,-1,1,-1,1,1,-1,-1,-1,1,-1,1,1,-1,-1,1,-1,-1,1,1,1,-1,1,-1,1,1,1,-1,-1,1,-1,-1,1,-1,1,-1,1,-1,-1,1,1,-1,1,1,-1,-1,1,1,-1,1,1,-1,-1,1,1,1,1,1,-1,-1,1,1,1,1,1,1,-1,1,1,1,-1,1,-1,-1,1,-1,1,1,1,1,-1,1,1,-1,1,1,1,-1,1,1,1,1,-1,1,-1,1,1,1,1,1,1,1,-1,1,1,1,1,-1,1,-1,1,1,1,1,1,1,1,1,1,1,-1,1,-1,1,1,1,-1,1,1,1,1,1,1,1,1,-1,1,1,1,1,1,-1,-1,1,-1,1,1,1,-1,1,-1,1,1,1,1,-1,-1,1,1,-1,1,1,1,-1,1,1,-1,1,1,1,-1,1,-1,1,1,1,-1,-1,-1,-1,1,-1,1,-1,1,1,1,1,1,-1,-1,1,1,1,1,1,1,-1,1,-1,1,1,1,-1,-1,-1,-1,-1,-1,-1,-1,-1,-1,-1,1,1,1,-1,1,1,-1,-1,1,1,1,-1,1,-1,1,1,1,-1,-1,1,-1,1,1,1,-1,-1,1,-1,1,1,1,-1,-1,1,-1,1,-1,1,1,-1,1,-1,-1,1,1,1,-1,-1,-1,1,1,-1,1,-1,1,-1,-1,1,-2672.0,1,2000,445,0,False
504,1,1,-1,-1,1,1,-1,-1,1,1,1,-1,1,1,1,1,-1,1,-1,-1,-1,-1,1,1,1,-1,-1,-1,1,1,1,1,-1,-1,-1,-1,1,1,1,1,-1,-1,-1,1,1,1,1,-1,1,1,1,1,-1,1,-1,-1,1,-1,1,1,1,-1,-1,-1,1,1,1,1,-1,-1,-1,1,1,1,1,-1,-1,-1,1,1,1,-1,-1,-1,1,1,1,1,-1,1,-1,1,1,1,1,-1,-1,1,1,-1,1,1,-1,-1,1,1,1,1,1,-1,-1,1,1,-1,1,1,-1,-1,1,1,1,1,1,1,-1,1,1,1,-1,1,1,-1,1,1,1,1,1,1,-1,-1,1,1,1,1,1,-1,1,1,1,1,1,1,-1,-1,-1,1,1,1,1,-1,1,1,1,1,-1,1,-1,1,1,1,1,1,-1,-1,1,1,1,1,1,-1,1,-1,-1,1,-1,1,-1,1,1,1,1,1,1,1,1,1,-1,1,-1,1,-1,1,1,-1,1,-1,1,1,-1,1,-1,1,-1,1,-1,1,1,-1,1,-1,1,1,1,1,-1,-1,1,1,-1,-1,1,-1,1,-1,-1,1,-1,1,-1,1,-1,1,-1,1,1,-1,-1,-1,1,1,-1,1,-1,1,1,1,-1,1,1,-1,-1,-1,1,-1,1,-1,1,-1,1,1,-1,1,-1,-1,-1,1,1,-1,1,-1,-1,-1,1,1,-1,-1,1,1,-1,-1,1,1,-1,1,1,-1,1,1,1,1,-1,1,-1,1,1,-1,1,-1,1,-1,1,1,1,-1,-1,1,-1,-1,1,-1,-1,-1,1,1,-1,1,1,1,-1,1,1,1,1,1,1,1,1,-1,1,1,1,1,-1,1,-1,1,1,1,-1,1,1,-1,-1,1,1,1,-1,1,-1,1,1,1,-1,1,1,-1,1,1,1,-1,1,1,-1,1,1,1,1,1,1,-1,-1,1,1,-1,1,1,-1,1,-1,1,-1,1,1,1,-1,1,1,1,1,1,1,-1,1,1,-1,1,1,1,-1,-1,-1,-1,1,1,1,-1,1,1,-1,1,1,-1,-1,1,1,1,1,1,-1,1,1,1,-1,1,1,1,-1,-1,1,1,1,-1,1,-1,1,1,1,1,1,1,-1,-1,-1,1,-1,-1,1,-1,1,-1,1,1,1,1,1,1,-1,1,-1,-1,1,-1,1,-1,1,1,1,1,1,1,-1,-1,1,-1,1,1,-1,-1,1,1,1,-1,1,1,-1,-1,1,-1,1,1,-1,-1,1,1,1,1,-1,1,-1,1,-1,-1,1,-1,-1,-1,1,-1,1,1,-1,-1,-1,1,-1,1,1,1,-1,-1,1,-1,-1,1,-1,-1,-1,1,-1,1,1,-1,1,-1,1,-1,-1,1,-1,-1,-1,-1,-1,-1,1,-1,-1,-1,1,-1,-1,1,-1,-1,-1,-1,1,-1,1,-1,-1,1,-1,1,-1,-1,1,1,1,-1,1,-1,1,1,1,-1,1,-1,-1,-1,1,-1,-1,1,1,1,-1,1,-1,1,1,1,-1,1,1,-1,1,-1,1,-1,1,1,-1,-1,1,1,1,-1,1,-1,-1,1,1,-1,-1,1,-1,-1,1,1,-1,-1,1,-1,-1,-1,1,1,-1,1,1,-1,-1,1,-1,-1,1,-1,1,-1,1,1,-1,-1,1,-1,-1,-1,-1,-1,-1,1,1,-1,-1,1,-1,1,1,-1,-1,1,-1,-1,1,1,-1,-1,1,1,-1,1,1,-1,1,-1,1,-1,-1,1,1,-1,-1,-1,-1,1,1,-1,-1,1,-1,-1,-1,1,1,-1,-1,-1,-1,-1,1,-1,-1,-1,-1,-1,1,1,1,-1,-1,-1,-1,-1,1,1,-1,-1,-1,-1,-1,1,1,1,-1,-1,-1,-1,1,1,-1,-1,-1,-1,1,1,1,1,1,-1,1,1,1,1,1,1,-1,-1,1,1,1,1,-1,-1,1,1,1,1,-1,1,-1,-1,1,-1,1,-1,1,-1,-1,1,-1,1,1,1,-1,-1,1,-1,1,-1,1,-1,-1,1,-1,1,1,1,-1,-1,1,-1,1,1,1,-1,-1,1,1,-1,1,1,-1,-1,1,-1,1,-1,1,-1,-1,-1,-1,-1,1,1,-1,-1,1,-1,-1,1,1,-1,-1,-1,-1,1,-1,1,-1,-1,-1,-1,1,-1,-1,-1,1,-1,-1,1,-1,1,-1,-1,-1,-1,-1,-1,1,1,-1,-1,-1,1,1,1,-1,-1,1,-1,-1,-1,1,-1,1,-1,-1,1,1,1,-1,-1,-1,-1,1,-1,1,1,-1,1,-1,-1,1,1,-1,-1,-1,-1,-1,-1,1,1,-1,-1,1,-1,1,1,-1,-1,-1,1,-1,1,1,-1,-1,1,-1,-1,1,1,1,-1,1,-1,1,1,1,-1,-1,1,-1,-1,1,1,1,-1,1,-1,-1,1,1,-1,1,1,-1,-1,1,1,-1,1,1,-1,-1,1,1,-1,1,1,-1,-1,1,1,1,1,1,1,-1,-1,1,1,-1,1,-1,-1,1,-1,1,1,1,1,-1,-1,1,-1,1,1,1,-1,1,1,1,1,-1,1,-1,1,1,1,1,1,1,1,-1,1,1,1,1,-1,1,-1,1,1,1,1,1,-1,1,1,1,1,-1,-1,1,-1,1,1,-1,1,1,-1,-1,1,1,1,-1,1,1,-1,1,1,1,-1,-1,1,-1,1,1,1,-1,1,-1,-1,-1,1,1,-1,-1,1,-1,-1,1,1,-1,-1,1,-1,-1,1,1,1,1,-1,-1,-1,1,1,-1,-1,1,1,-1,1,1,-1,1,1,-1,1,1,-1,-1,1,-1,-1,-1,-1,1,-1,1,1,-1,1,1,-1,-1,-1,-1,1,-1,-1,-1,-1,1,-1,-1,1,1,-1,1,1,-1,1,1,1,1,-1,1,-1,1,1,1,1,-1,1,-1,-1,1,1,1,-1,1,-1,1,1,1,1,-1,1,-1,1,1,1,-1,-1,1,-1,-1,1,1,-1,-1,-1,1,-1,1,-1,1,-1,1,-1,-1,1,-2672.0,1,2000,445,1500,False
505,1,1,-1,-1,1,1,-1,-1,1,1,1,-1,-1,1,1,1,-1,1,-1,-1,-1,-1,1,1,1,-1,-1,-1,1,1,1,1,-1,-1,-1,-1,1,-1,1,1,-1,-1,-1,1,1,1,1,-1,1,1,1,1,-1,1,-1,-1,1,-1,1,1,1,-1,-1,-1,1,1,1,1,-1,-1,-1,1,1,1,1,-1,-1,-1,1,1,1,-1,-1,-1,1,1,1,1,-1,-1,1,1,1,1,1,-1,-1,-1,1,-1,1,1,-1,-1,1,1,1,1,1,-1,-1,-1,1,1,1,1,-1,-1,1,1,1,1,1,1,-1,-1,1,1,-1,1,1,-1,1,1,1,1,1,1,-1,1,1,1,1,1,1,-1,1,1,1,1,1,1,-1,-1,-1,1,1,1,1,-1,1,1,1,1,-1,1,-1,1,-1,1,1,1,-1,-1,1,1,1,1,1,-1,1,-1,-1,1,-1,1,-1,1,1,1,1,1,1,1,1,1,-1,1,-1,1,-1,1,1,-1,1,-1,1,1,-1,1,-1,1,-1,1,-1,1,1,-1,1,-1,1,1,1,1,-1,-1,1,1,-1,-1,1,-1,1,-1,1,1,-1,1,-1,1,-1,1,-1,1,1,-1,-1,-1,1,1,-1,1,-1,1,1,1,-1,1,1,-1,1,-1,1,-1,1,-1,-1,-1,1,1,-1,1,-1,-1,-1,1,1,-1,1,-1,-1,-1,1,1,-1,-1,1,-1,-1,-1,1,1,-1,1,1,-1,1,1,1,1,-1,1,-1,1,1,-1,1,-1,1,-1,-1,1,1,1,1,1,-1,-1,1,-1,-1,-1,1,1,-1,1,1,1,-1,1,-1,-1,1,1,1,1,1,-1,1,1,1,-1,1,1,-1,1,1,1,-1,1,1,-1,-1,1,1,1,-1,1,-1,1,1,1,-1,1,1,-1,1,1,1,-1,1,-1,-1,1,1,1,-1,1,-1,-1,-1,1,1,-1,1,-1,-1,1,-1,1,-1,1,1,-1,-1,1,1,1,-1,1,-1,-1,1,1,-1,1,-1,1,-1,-1,-1,-1,1,1,-1,-1,1,1,-1,1,1,-1,-1,1,1,1,1,1,-1,1,1,1,-1,1,-1,-1,-1,-1,1,1,-1,1,-1,-1,1,1,1,-1,-1,-1,-1,-1,-1,1,-1,-1,-1,1,-1,1,1,-1,1,-1,1,1,-1,1,-1,1,-1,-1,1,-1,1,1,1,1,-1,1,-1,-1,1,1,-1,-1,1,-1,1,1,1,-1,-1,1,-1,-1,1,1,-1,1,1,-1,1,1,-1,-1,1,1,-1,1,-1,-1,-1,1,-1,1,1,-1,-1,1,1,-1,-1,1,-1,-1,-1,1,-1,-1,1,-1,-1,-1,1,-1,-1,1,-1,-1,-1,1,1,-1,1,-1,-1,-1,1,1,-1,1,-1,1,-1,1,-1,-1,1,-1,-1,1,1,1,-1,-1,1,-1,1,-1,1,-1,1,1,-1,-1,1,1,1,-1,1,-1,1,-1,-1,1,1,-1,-1,-1,1,-1,-1,-1,1,1,-1,1,-1,1,-1,1,-1,1,1,-1,1,1,1,-1,-1,1,-1,1,-1,1,1,-1,1,-1,-1,1,1,-1,-1,1,-1,-1,-1,1,-1,-1,1,1,1,1,1,1,-1,1,-1,-1,1,1,-1,-1,1,-1,-1,-1,1,1,-1,-1,1,1,-1,1,-1,-1,1,1,1,1,1,1,-1,-1,1,1,-1,1,-1,-1,1,1,1,1,-1,-1,-1,1,-1,1,1,1,-1,-1,-1,1,1,1,-1,-1,-1,1,1,1,1,1,-1,-1,-1,1,1,1,-1,-1,-1,-1,1,1,1,1,-1,-1,1,1,1,1,1,-1,-1,-1,1,1,1,1,-1,-1,-1,1,1,-1,1,-1,-1,-1,1,1,1,1,-1,-1,1,1,1,1,1,-1,1,1,-1,1,1,-1,-1,-1,1,1,1,-1,1,-1,1,1,1,1,1,1,-1,-1,1,-1,1,-1,1,-1,-1,1,-1,1,-1,-1,-1,-1,1,-1,1,1,-1,1,-1,1,1,1,-1,1,1,-1,1,-1,1,-1,-1,-1,-1,1,1,-1,-1,-1,-1,-1,1,-1,1,-1,-1,-1,-1,-1,-1,-1,1,-1,-1,-1,1,-1,-1,1,-1,-1,-1,-1,-1,-1,1,-1,-1,-1,-1,-1,1,-1,-1,-1,1,-1,-1,1,-1,1,-1,-1,-1,-1,-1,-1,-1,1,-1,-1,-1,1,1,1,-1,-1,-1,1,-1,-1,-1,-1,1,-1,-1,1,1,1,-1,-1,-1,-1,1,-1,1,1,-1,1,-1,-1,1,1,-1,-1,-1,-1,-1,-1,1,1,-1,-1,1,-1,1,1,-1,-1,-1,1,-1,1,1,-1,-1,1,-1,-1,1,1,1,-1,1,-1,1,1,1,-1,-1,1,-1,-1,1,-1,1,-1,1,-1,-1,1,1,-1,1,1,-1,-1,1,1,-1,1,1,-1,-1,1,1,-1,1,1,-1,-1,1,1,1,1,1,1,-1,-1,1,1,1,1,-1,-1,1,-1,1,1,1,1,-1,-1,1,-1,1,1,1,-1,1,-1,1,1,-1,1,-1,1,1,1,1,1,1,1,-1,-1,1,1,1,-1,1,-1,1,1,1,1,1,-1,1,-1,1,1,-1,1,1,-1,-1,1,-1,1,1,-1,-1,1,1,1,1,-1,1,-1,-1,1,1,-1,-1,1,-1,1,1,1,-1,1,-1,-1,-1,1,1,-1,-1,1,-1,-1,1,1,1,-1,1,-1,-1,1,1,1,1,-1,-1,-1,1,1,-1,-1,-1,1,-1,1,1,-1,1,1,-1,1,1,-1,-1,1,1,-1,-1,1,1,-1,1,1,-1,1,1,-1,-1,-1,-1,1,-1,-1,-1,-1,-1,1,-1,1,1,-1,1,1,-1,1,1,1,1,-1,1,-1,1,1,1,-1,-1,1,-1,-1,1,1,-1,-1,1,-1,1,1,1,-1,-1,1,-1,1,1,1,1,-1,1,-1,-1,1,1,1,-1,-1,1,-1,1,-1,1,-1,1,-1,1,1,-2672.0,1,2000,445,1500,False
506,1,1,-1,-1,1,-1,-1,-1,1,1,1,-1,1,1,1,1,-1,1,-1,-1,-1,-1,1,1,1,-1,1,-1,1,1,1,1,-1,-1,-1,-1,1,1,1,1,-1,-1,-1,1,1,1,1,-1,1,1,1,1,-1,1,-1,-1,1,-1,1,1,1,-1,-1,-1,1,1,1,1,-1,-1,-1,1,1,1,1,-1,-1,-1,1,1,1,-1,-1,-1,1,1,1,1,-1,-1,-1,1,1,1,1,-1,-1,1,1,-1,1,1,-1,-1,1,1,1,1,1,-1,-1,-1,1,1,1,1,-1,-1,1,1,1,1,1,1,-1,-1,1,1,-1,1,1,-1,1,1,1,1,1,1,-1,1,1,1,1,1,1,-1,1,1,1,1,1,1,-1,-1,-1,1,1,1,1,-1,1,1,1,1,-1,1,-1,1,-1,1,1,1,-1,-1,1,1,1,1,1,-1,1,-1,-1,1,-1,1,-1,1,1,1,1,1,1,1,1,1,-1,1,-1,1,-1,1,1,-1,1,-1,1,1,-1,1,-1,1,-1,1,-1,1,1,-1,-1,-1,1,1,1,1,-1,-1,1,1,-1,-1,1,-1,1,-1,-1,1,-1,1,-1,1,-1,1,-1,-1,1,-1,-1,-1,1,1,-1,1,-1,1,1,1,-1,1,1,-1,1,-1,1,-1,1,-1,1,-1,1,1,-1,1,-1,-1,-1,1,1,-1,1,-1,-1,-1,1,1,-1,-1,1,1,-1,-1,1,1,-1,1,1,-1,1,1,1,1,-1,1,-1,1,1,-1,1,-1,1,1,-1,1,1,1,1,1,-1,-1,1,-1,-1,-1,1,1,-1,1,1,1,-1,1,-1,-1,1,1,1,1,1,-1,1,1,1,-1,1,1,-1,1,1,1,-1,1,1,-1,-1,1,1,1,-1,1,-1,1,1,1,-1,1,1,-1,1,1,1,-1,1,-1,-1,1,1,1,-1,1,-1,-1,-1,1,1,-1,1,-1,-1,1,-1,1,-1,1,1,-1,-1,1,1,1,-1,1,-1,-1,1,1,-1,1,-1,-1,-1,-1,-1,-1,1,1,-1,-1,1,1,-1,1,-1,-1,-1,1,1,1,1,-1,-1,1,1,1,-1,1,-1,-1,-1,-1,1,1,-1,1,-1,-1,1,-1,1,-1,-1,-1,1,-1,-1,1,-1,1,-1,-1,1,-1,1,-1,-1,-1,1,1,-1,1,-1,1,-1,-1,1,-1,1,-1,-1,-1,-1,1,-1,-1,1,1,-1,-1,1,-1,1,1,-1,1,-1,1,-1,1,-1,1,-1,-1,1,-1,1,-1,-1,-1,1,1,-1,1,-1,1,-1,1,-1,1,1,-1,1,-1,1,-1,-1,1,-1,-1,-1,1,-1,1,-1,1,1,-1,1,-1,-1,1,-1,-1,1,-1,1,-1,1,-1,1,-1,1,1,-1,1,-1,1,-1,1,-1,-1,1,-1,1,1,1,1,-1,-1,1,1,-1,1,1,-1,-1,1,1,1,-1,1,1,-1,1,1,1,1,1,1,1,-1,-1,-1,1,-1,1,1,-1,1,-1,1,-1,1,-1,-1,-1,1,1,-1,1,1,-1,-1,-1,1,-1,1,1,-1,1,-1,1,-1,-1,-1,-1,-1,-1,1,-1,-1,-1,-1,-1,-1,1,-1,1,1,1,1,-1,1,-1,1,1,-1,-1,-1,1,-1,-1,1,-1,1,-1,-1,1,1,1,1,-1,-1,1,1,1,1,-1,1,-1,-1,1,1,1,-1,-1,-1,1,1,1,1,-1,-1,-1,1,-1,1,-1,1,-1,-1,-1,1,1,1,-1,-1,-1,-1,1,1,1,1,-1,-1,-1,1,1,1,1,-1,-1,-1,1,1,1,-1,-1,-1,-1,1,1,1,1,-1,-1,1,1,1,1,1,-1,-1,-1,1,1,-1,1,-1,-1,-1,1,1,1,1,-1,-1,1,1,1,1,-1,-1,1,1,-1,1,1,-1,-1,-1,1,1,1,1,1,-1,1,1,1,1,1,-1,-1,-1,1,-1,1,-1,-1,-1,-1,1,-1,1,1,-1,-1,-1,1,-1,1,1,-1,-1,-1,1,1,1,1,-1,-1,-1,1,-1,1,1,-1,-1,-1,1,1,-1,-1,-1,-1,-1,1,-1,1,-1,-1,-1,-1,-1,-1,-1,1,-1,-1,-1,1,-1,-1,1,-1,-1,-1,-1,-1,1,1,-1,-1,-1,-1,-1,1,-1,-1,-1,1,-1,-1,1,-1,1,-1,-1,-1,-1,-1,-1,-1,1,-1,-1,-1,1,1,1,-1,-1,1,-1,-1,-1,-1,-1,1,-1,-1,1,1,1,-1,-1,-1,-1,1,-1,1,1,-1,1,-1,-1,1,1,-1,-1,-1,-1,-1,-1,1,1,-1,-1,1,-1,1,1,-1,-1,-1,1,-1,1,1,-1,-1,1,-1,-1,1,1,1,-1,1,-1,1,1,1,-1,-1,1,-1,-1,1,1,1,-1,1,-1,-1,1,1,-1,1,1,-1,-1,1,1,-1,1,1,-1,-1,1,1,-1,1,1,-1,-1,1,1,1,1,-1,1,-1,1,1,1,-1,1,-1,-1,1,-1,1,1,1,1,-1,-1,1,-1,1,1,1,-1,1,1,1,1,-1,1,-1,1,1,1,1,1,1,1,-1,-1,1,1,1,-1,1,-1,1,1,1,1,1,-1,1,1,1,1,-1,1,1,-1,1,1,-1,1,1,-1,-1,1,1,1,1,-1,1,-1,1,1,1,-1,-1,1,-1,1,1,1,-1,1,-1,-1,-1,1,1,-1,-1,1,-1,-1,1,1,-1,-1,1,-1,1,1,1,1,-1,-1,-1,-1,1,1,-1,-1,-1,1,1,-1,1,-1,1,1,-1,1,1,-1,-1,1,1,-1,-1,1,1,-1,1,1,1,1,1,-1,-1,-1,-1,1,-1,-1,-1,-1,-1,1,1,1,1,-1,1,1,-1,1,1,1,1,-1,1,-1,1,1,1,-1,-1,1,-1,1,1,1,-1,-1,1,-1,1,1,1,-1,-1,1,-1,1,1,1,1,-1,1,-1,1,1,1,-1,-1,-1,1,-1,1,-1,1,-1,1,-1,1,1,-2672.0,1,2000,445,1500,False
507,1,1,-1,-1,1,-1,-1,-1,1,1,1,-1,1,1,1,1,-1,1,-1,-1,1,-1,1,1,1,-1,-1,-1,1,1,1,1,1,-1,-1,-1,1,1,1,1,-1,-1,-1,1,1,1,1,-1,1,1,1,1,-1,1,-1,-1,1,-1,1,1,-1,-1,-1,-1,1,1,1,1,-1,-1,-1,1,1,1,1,-1,-1,-1,1,1,1,-1,-1,-1,1,1,1,1,-1,-1,-1,1,1,1,1,-1,-1,1,1,-1,1,1,-1,-1,1,1,1,1,1,-1,-1,1,1,-1,1,1,-1,-1,1,1,1,1,1,1,-1,-1,1,1,-1,1,1,-1,1,1,1,1,1,1,-1,-1,1,1,1,1,1,-1,1,1,1,1,1,1,-1,-1,-1,1,1,1,1,-1,1,1,1,1,-1,1,-1,1,-1,1,1,1,-1,-1,1,1,1,1,1,-1,1,-1,-1,1,-1,1,-1,1,1,1,1,1,1,1,1,1,-1,1,-1,1,-1,1,1,-1,1,-1,1,1,-1,1,-1,1,-1,1,-1,1,1,-1,1,-1,1,1,1,1,-1,-1,1,1,-1,-1,1,-1,1,-1,1,1,-1,1,-1,1,-1,1,-1,1,1,-1,1,-1,1,1,-1,1,-1,1,1,1,-1,1,1,-1,1,-1,1,-1,1,-1,1,-1,1,1,-1,1,-1,-1,-1,1,1,-1,1,-1,-1,-1,1,1,-1,-1,1,1,-1,-1,1,1,-1,1,1,-1,1,1,1,1,-1,1,-1,1,1,-1,1,-1,1,-1,1,1,1,1,1,1,-1,-1,1,-1,-1,1,1,1,-1,1,1,1,-1,1,1,1,1,1,1,1,1,-1,1,1,1,-1,1,1,-1,1,1,1,-1,1,1,-1,-1,1,1,1,-1,1,-1,1,1,1,-1,1,1,-1,1,1,1,-1,1,1,-1,1,1,1,-1,1,1,-1,-1,1,1,-1,1,1,-1,1,-1,1,-1,1,1,1,-1,1,1,1,-1,1,1,-1,1,1,-1,1,1,1,-1,-1,-1,-1,1,1,1,-1,1,1,-1,1,1,-1,-1,1,1,1,1,1,-1,1,1,1,-1,1,1,1,-1,-1,1,1,-1,-1,1,-1,1,-1,1,-1,1,1,-1,-1,-1,1,-1,-1,1,1,-1,1,1,-1,1,1,1,1,-1,1,-1,-1,1,-1,1,-1,1,-1,-1,1,1,1,-1,-1,1,-1,1,1,1,-1,1,1,1,-1,1,1,-1,1,-1,-1,1,1,1,-1,1,-1,1,1,1,1,-1,1,-1,1,1,1,-1,1,1,-1,1,1,1,-1,-1,1,-1,1,1,1,-1,1,-1,1,-1,1,1,-1,-1,1,-1,1,1,1,1,-1,1,-1,-1,1,1,1,-1,1,-1,-1,1,1,-1,-1,1,-1,-1,1,-1,1,-1,-1,1,-1,1,-1,1,-1,-1,1,-1,-1,1,1,1,-1,1,-1,1,-1,1,-1,1,-1,-1,-1,1,-1,-1,1,1,1,-1,1,-1,1,1,1,-1,1,1,-1,-1,-1,1,-1,-1,1,-1,-1,1,1,1,-1,1,-1,-1,1,1,-1,-1,1,-1,-1,1,1,-1,-1,1,-1,-1,-1,1,1,-1,1,1,-1,-1,1,-1,-1,1,-1,1,-1,1,1,-1,-1,1,-1,-1,-1,-1,-1,1,1,1,-1,-1,1,-1,-1,1,-1,-1,1,-1,-1,-1,1,-1,-1,1,1,-1,1,1,-1,1,-1,1,-1,-1,1,1,-1,-1,-1,-1,1,1,-1,-1,1,-1,-1,-1,1,1,-1,-1,-1,-1,-1,1,-1,-1,-1,-1,-1,1,1,1,-1,-1,-1,-1,-1,1,1,-1,-1,-1,-1,-1,1,1,1,-1,-1,-1,-1,1,1,-1,-1,-1,-1,1,1,1,1,-1,-1,1,1,1,1,1,-1,-1,-1,1,1,1,1,1,-1,1,1,1,1,-1,1,-1,-1,1,-1,1,-1,1,-1,-1,1,-1,1,-1,-1,-1,-1,1,-1,1,-1,1,-1,-1,1,-1,1,-1,1,-1,-1,1,-1,1,-1,-1,-1,-1,1,1,-1,-1,-1,-1,-1,1,-1,1,-1,-1,-1,-1,-1,-1,-1,1,-1,-1,-1,1,-1,-1,1,-1,-1,-1,-1,-1,-1,1,-1,-1,-1,-1,-1,1,-1,-1,-1,1,-1,-1,1,-1,1,-1,-1,-1,-1,-1,-1,-1,1,-1,-1,-1,1,1,-1,-1,-1,-1,1,-1,-1,-1,-1,1,-1,-1,1,-1,1,-1,-1,-1,-1,1,-1,1,1,-1,1,-1,-1,1,1,-1,-1,-1,-1,-1,-1,1,1,-1,-1,1,-1,1,1,-1,-1,-1,1,-1,-1,1,-1,-1,1,-1,-1,1,1,1,-1,1,-1,1,1,1,-1,-1,1,-1,-1,1,1,1,-1,1,-1,-1,1,1,-1,1,1,-1,-1,1,1,1,1,1,-1,-1,1,1,1,1,1,-1,-1,1,1,1,1,1,1,-1,1,1,1,-1,1,-1,-1,1,-1,1,1,1,1,-1,-1,1,-1,1,1,1,-1,1,1,1,1,-1,1,-1,1,1,1,1,1,1,1,-1,-1,1,1,1,-1,1,-1,1,1,1,1,1,-1,1,1,1,1,-1,1,1,-1,1,1,-1,1,1,-1,-1,1,1,1,1,-1,1,-1,1,1,1,-1,-1,1,-1,1,1,1,-1,1,-1,-1,-1,1,1,-1,-1,1,-1,-1,1,1,-1,-1,1,-1,1,1,1,1,-1,1,-1,-1,1,1,-1,-1,-1,1,1,-1,1,-1,1,1,-1,1,1,-1,-1,1,1,-1,-1,1,1,-1,1,1,1,1,1,-1,-1,-1,-1,-1,-1,-1,-1,-1,-1,1,1,1,1,-1,1,1,-1,1,1,1,1,-1,1,-1,1,1,1,1,-1,1,-1,1,1,1,1,-1,1,-1,1,1,1,1,-1,1,-1,1,1,-1,-1,-1,1,-1,1,1,1,-1,-1,-1,1,-1,1,-1,1,-1,1,-1,1,1,-2672.0,1,2000,445,0,False
508,1,1,-1,-1,1,-1,-1,-1,1,1,1,-1,1,1,1,1,-1,1,-1,-1,1,-1,1,1,1,-1,-1,-1,1,1,1,1,1,-1,-1,-1,1,-1,1,1,-1,-1,-1,1,1,1,1,-1,1,1,1,1,-1,1,-1,-1,1,-1,1,1,1,-1,-1,-1,1,1,1,1,-1,-1,-1,1,1,1,1,-1,-1,-1,1,1,1,-1,-1,-1,1,1,1,1,-1,1,-1,1,1,1,1,-1,-1,1,1,-1,1,1,-1,-1,1,1,1,1,1,-1,-1,1,1,-1,1,1,-1,-1,1,1,1,1,1,1,-1,1,1,1,-1,1,1,-1,1,1,1,1,1,1,-1,-1,1,1,1,1,1,-1,1,1,1,1,1,1,-1,-1,-1,1,1,1,1,-1,1,1,1,1,-1,1,-1,1,-1,1,1,1,-1,-1,1,1,1,1,1,-1,1,-1,-1,1,-1,1,-1,1,1,1,1,1,1,1,1,1,-1,1,-1,1,-1,1,1,-1,1,-1,1,1,-1,1,-1,1,-1,1,-1,1,1,-1,1,-1,1,1,1,1,-1,-1,1,1,-1,-1,1,-1,1,-1,1,1,-1,1,-1,1,-1,1,-1,-1,1,-1,1,-1,1,1,-1,1,-1,1,1,1,-1,1,1,-1,1,-1,1,-1,1,-1,1,-1,1,1,-1,1,-1,-1,-1,1,1,-1,1,-1,-1,-1,1,1,-1,-1,1,1,-1,-1,1,1,-1,1,1,-1,1,1,1,1,-1,1,-1,1,1,-1,1,-1,1,1,-1,1,1,1,1,1,-1,-1,1,-1,-1,1,1,1,-1,1,1,1,-1,1,-1,-1,1,1,1,1,1,-1,1,1,1,-1,1,1,-1,1,1,1,-1,1,1,-1,-1,1,1,1,-1,1,-1,1,1,1,-1,1,1,-1,1,1,1,-1,1,-1,-1,1,1,1,-1,1,-1,-1,-1,1,1,-1,1,-1,-1,1,-1,1,-1,1,1,-1,-1,1,1,1,-1,1,-1,-1,1,1,-1,1,-1,-1,-1,-1,-1,-1,1,1,-1,-1,1,1,-1,1,-1,-1,-1,1,1,1,1,-1,-1,1,1,1,-1,1,-1,-1,-1,-1,1,1,-1,1,-1,-1,1,-1,1,-1,-1,-1,1,-1,-1,1,-1,1,-1,-1,1,-1,1,-1,-1,-1,1,1,-1,1,-1,1,-1,-1,1,-1,1,-1,-1,-1,-1,1,-1,-1,1,1,-1,-1,1,-1,1,1,-1,1,-1,1,-1,1,-1,1,-1,-1,1,-1,1,-1,-1,-1,1,1,-1,1,-1,1,-1,1,-1,1,1,-1,1,-1,1,-1,-1,1,-1,-1,-1,1,-1,1,-1,-1,1,-1,1,-1,-1,1,-1,-1,1,-1,1,-1,1,-1,1,-1,1,1,-1,-1,-1,1,-1,1,-1,-1,1,-1,1,1,1,1,-1,-1,1,1,-1,1,1,-1,-1,1,1,1,-1,1,1,-1,1,1,1,1,-1,1,1,-1,-1,-1,1,-1,-1,1,1,1,-1,1,-1,1,-1,-1,-1,1,1,-1,1,1,-1,-1,-1,1,-1,1,1,-1,1,-1,1,-1,-1,-1,-1,-1,-1,1,-1,-1,-1,-1,-1,-1,1,-1,1,1,1,1,-1,1,-1,1,1,-1,-1,-1,1,-1,-1,1,-1,1,-1,-1,1,1,1,1,-1,-1,1,1,1,1,-1,1,-1,-1,1,1,1,-1,-1,-1,-1,1,1,1,-1,1,-1,1,-1,1,-1,1,1,-1,-1,1,1,1,-1,-1,-1,-1,1,1,1,1,-1,-1,-1,1,1,1,1,-1,-1,-1,1,1,1,-1,-1,-1,1,1,1,1,1,-1,-1,-1,1,1,1,1,-1,-1,-1,1,1,-1,1,-1,-1,-1,1,1,1,1,-1,-1,1,1,1,1,-1,-1,1,1,-1,1,1,-1,-1,-1,1,1,1,1,1,-1,1,1,1,1,1,-1,-1,-1,1,-1,1,-1,-1,-1,-1,1,-1,1,1,1,-1,-1,1,-1,1,1,-1,1,-1,1,1,1,1,-1,1,-1,1,-1,1,1,-1,-1,-1,1,1,-1,-1,-1,-1,-1,1,-1,1,-1,-1,-1,-1,-1,-1,-1,1,-1,-1,-1,1,-1,-1,1,-1,-1,-1,-1,-1,1,1,-1,-1,-1,-1,-1,1,-1,-1,-1,1,-1,-1,1,-1,1,-1,-1,-1,-1,-1,-1,-1,1,-1,-1,-1,1,1,-1,-1,-1,-1,1,-1,-1,-1,-1,1,-1,-1,1,1,1,-1,-1,-1,-1,1,-1,1,1,-1,1,-1,-1,1,1,-1,-1,-1,-1,-1,-1,1,1,-1,-1,1,-1,1,1,-1,-1,-1,1,-1,1,1,-1,-1,1,-1,-1,1,1,1,-1,1,-1,1,1,1,-1,-1,1,-1,-1,1,1,1,-1,1,-1,-1,1,1,-1,1,1,-1,-1,1,1,-1,1,1,-1,-1,1,1,1,1,1,-1,-1,1,1,1,1,-1,1,-1,1,1,1,1,1,-1,-1,1,-1,1,1,1,1,-1,-1,1,-1,1,1,1,-1,1,1,1,1,-1,1,-1,1,1,1,1,1,1,1,-1,1,1,1,1,-1,1,-1,1,1,1,1,1,-1,1,1,1,1,-1,1,1,-1,1,1,-1,1,1,-1,-1,1,1,1,1,-1,1,-1,1,1,1,-1,-1,1,-1,1,1,1,-1,1,-1,-1,-1,1,1,-1,-1,1,-1,-1,1,1,1,-1,1,-1,1,1,1,1,1,-1,-1,-1,1,1,-1,-1,-1,1,1,-1,1,-1,1,1,-1,1,1,-1,-1,1,1,-1,-1,-1,1,-1,1,1,1,1,1,-1,-1,-1,-1,1,-1,-1,-1,-1,-1,1,1,1,1,-1,1,1,-1,1,1,1,1,-1,1,-1,1,1,1,1,-1,1,-1,1,1,1,1,-1,1,-1,1,1,1,1,-1,1,-1,1,1,-1,-1,-1,1,-1,1,1,1,-1,-1,-1,1,-1,1,-1,1,-1,1,-1,1,1,-2672.0,1,2000,445,1000,False
509,1,-1,1,1,1,1,-1,-1,-1,-1,-1,1,-1,1,-1,-1,1,-1,1,1,-1,1,-1,-1,-1,1,-1,-1,1,-1,-1,-1,1,1,-1,-1,1,-1,-1,-1,1,-1,1,-1,-1,-1,-1,1,-1,1,1,-1,1,-1,1,-1,1,-1,1,-1,-1,1,1,1,1,1,-1,-1,-1,-1,1,1,1,1,-1,-1,-1,-1,1,-1,-1,1,1,-1,1,1,1,-1,-1,1,-1,1,-1,1,-1,-1,-1,1,1,1,1,1,-1,-1,1,1,1,1,1,-1,-1,1,1,1,1,1,-1,-1,1,1,1,1,1,-1,-1,1,1,1,1,1,-1,-1,1,1,1,1,1,-1,-1,-1,1,1,1,1,1,-1,1,1,1,1,1,-1,-1,-1,-1,1,1,1,-1,-1,1,1,1,1,1,1,-1,1,-1,1,1,1,-1,-1,1,1,1,1,1,-1,1,-1,-1,1,1,1,-1,1,1,1,1,-1,1,-1,1,1,-1,1,-1,1,-1,1,1,-1,1,-1,1,-1,-1,1,-1,1,-1,1,-1,1,1,-1,1,-1,1,-1,-1,1,-1,-1,1,1,-1,-1,1,-1,1,1,-1,1,-1,1,-1,1,1,1,-1,1,1,-1,-1,1,1,-1,-1,1,-1,1,1,1,-1,1,1,-1,1,-1,1,-1,1,-1,1,-1,1,1,-1,1,-1,-1,1,1,1,-1,1,-1,-1,-1,-1,1,1,-1,1,1,-1,-1,1,-1,-1,1,1,-1,1,1,1,-1,-1,1,-1,1,1,-1,1,-1,1,1,-1,1,-1,-1,-1,1,-1,-1,1,-1,1,-1,1,1,-1,1,1,1,-1,1,-1,-1,1,1,-1,-1,1,-1,-1,1,-1,1,-1,1,-1,-1,1,1,-1,1,1,-1,1,-1,1,-1,1,1,-1,1,1,1,1,1,1,-1,1,1,1,1,1,-1,-1,1,1,1,1,1,-1,-1,1,-1,1,1,1,-1,-1,1,-1,1,-1,1,1,-1,1,-1,1,1,1,1,-1,-1,1,1,1,1,-1,-1,1,1,-1,-1,1,1,-1,1,-1,1,-1,1,-1,1,1,-1,1,1,1,1,-1,1,-1,1,-1,1,-1,-1,1,-1,1,1,1,1,-1,1,1,-1,1,1,-1,-1,1,-1,-1,1,-1,1,-1,-1,1,-1,1,1,-1,-1,1,1,-1,1,-1,1,-1,-1,1,-1,1,-1,-1,-1,-1,1,-1,-1,1,1,-1,-1,1,-1,1,1,-1,1,-1,1,-1,1,-1,1,-1,-1,-1,-1,-1,-1,-1,1,-1,1,-1,1,-1,1,-1,-1,-1,1,1,-1,1,-1,-1,-1,-1,1,-1,-1,-1,-1,-1,1,-1,1,1,-1,1,-1,-1,1,-1,-1,1,-1,-1,-1,-1,-1,1,-1,1,-1,-1,-1,-1,1,-1,1,-1,-1,1,-1,1,1,1,-1,-1,-1,1,1,-1,1,-1,-1,-1,1,1,1,-1,1,1,-1,1,1,1,1,1,1,1,-1,-1,-1,1,-1,-1,1,1,-1,1,1,-1,1,-1,-1,-1,1,1,-1,1,1,-1,1,-1,1,-1,1,1,-1,-1,-1,1,-1,-1,-1,-1,1,-1,1,-1,-1,-1,-1,-1,-1,1,-1,1,1,1,1,-1,1,-1,1,1,-1,-1,-1,1,-1,-1,1,-1,1,-1,-1,1,1,1,1,-1,-1,1,1,1,1,-1,1,-1,-1,1,1,1,-1,1,-1,1,1,1,1,-1,-1,-1,1,-1,1,-1,1,1,-1,-1,1,1,1,-1,-1,-1,-1,1,1,1,1,-1,-1,-1,1,1,1,1,1,-1,-1,1,-1,1,-1,1,-1,1,1,1,1,1,1,-1,-1,1,-1,1,1,1,-1,-1,1,1,-1,1,1,-1,-1,1,1,1,1,1,-1,1,-1,1,1,-1,1,-1,1,-1,1,1,-1,1,-1,1,1,-1,1,1,-1,1,-1,1,-1,1,-1,-1,-1,1,-1,-1,1,-1,-1,1,-1,1,-1,1,1,1,-1,-1,1,-1,1,-1,1,-1,1,1,-1,1,-1,-1,-1,-1,-1,-1,1,1,1,-1,1,1,-1,1,1,1,-1,1,-1,1,-1,1,1,-1,-1,-1,-1,-1,1,1,-1,1,-1,1,-1,1,1,-1,-1,-1,-1,-1,1,-1,-1,-1,-1,-1,1,-1,-1,1,-1,-1,1,-1,1,1,-1,-1,-1,1,-1,1,1,-1,-1,-1,1,1,1,1,-1,1,-1,1,-1,1,1,-1,-1,-1,1,1,1,1,1,-1,-1,1,-1,1,1,-1,1,-1,-1,1,1,1,-1,-1,-1,-1,-1,1,-1,-1,-1,1,-1,1,1,1,1,1,-1,-1,1,1,1,1,-1,1,-1,1,1,-1,1,-1,-1,1,1,1,1,-1,1,-1,-1,1,1,1,1,1,-1,-1,1,1,1,-1,1,1,-1,1,1,1,1,1,1,-1,1,1,1,1,1,1,-1,1,1,-1,1,1,-1,-1,1,1,-1,1,1,1,-1,1,-1,1,1,1,1,-1,-1,1,-1,1,1,1,-1,1,1,-1,1,1,1,-1,1,1,-1,1,1,1,-1,-1,1,1,1,1,-1,1,-1,1,1,1,1,-1,1,-1,1,1,1,-1,-1,1,-1,1,1,-1,1,-1,-1,-1,1,-1,1,-1,1,-1,-1,1,-1,1,-1,-1,-1,-1,1,-1,1,-1,-1,-1,-1,-1,1,1,-1,1,-1,-1,-1,-1,1,-1,1,-1,-1,1,-1,1,1,1,1,-1,-1,1,1,-1,-1,1,1,1,1,1,-1,1,-1,-1,1,1,-1,-1,1,-1,-1,-1,-1,1,-1,1,-1,1,1,1,-1,-1,-1,-1,-1,-1,-1,-1,-1,1,-1,1,1,1,-1,1,1,-1,1,1,1,1,-1,1,-1,1,1,1,1,-1,1,-1,1,1,1,1,-1,1,-1,1,1,1,1,-1,1,-1,1,1,1,-1,-1,1,-1,-1,1,1,-1,-1,-1,1,-1,1,1,1,-1,1,-1,-1,1,-2672.0,1,2000,445,1500,True
510,-1,-1,1,1,1,1,-1,1,-1,-1,-1,1,-1,1,-1,-1,1,-1,1,1,-1,-1,-1,-1,-1,1,-1,-1,-1,-1,-1,-1,1,1,-1,-1,1,-1,-1,-1,1,-1,-1,-1,-1,-1,1,1,-1,1,-1,-1,-1,1,1,-1,-1,1,-1,-1,1,1,1,1,-1,-1,-1,1,1,-1,-1,1,-1,-1,1,-1,-1,-1,1,-1,-1,1,1,-1,1,-1,-1,1,1,1,-1,-1,1,-1,1,1,-1,1,1,1,-1,1,1,-1,1,1,1,-1,1,1,-1,1,1,1,-1,1,1,-1,1,1,1,-1,1,1,-1,1,1,1,-1,1,1,-1,1,1,1,-1,1,1,-1,-1,1,1,-1,1,1,-1,1,1,1,1,1,1,-1,-1,-1,1,1,1,1,-1,1,1,1,1,1,1,-1,1,-1,1,1,1,1,-1,1,1,1,-1,1,1,1,-1,-1,1,1,1,-1,1,1,1,1,-1,1,1,1,1,-1,1,-1,1,-1,1,1,-1,1,-1,1,1,-1,1,-1,1,-1,1,-1,1,1,-1,1,-1,1,1,1,1,-1,-1,1,1,-1,-1,1,-1,1,1,-1,1,1,1,-1,1,-1,1,-1,1,1,-1,-1,1,1,1,-1,1,-1,1,1,1,-1,1,1,-1,1,-1,1,-1,1,-1,1,-1,1,1,-1,1,-1,-1,1,1,1,-1,1,-1,-1,-1,-1,1,-1,-1,1,1,-1,-1,1,1,-1,1,1,-1,1,1,1,-1,-1,1,-1,1,1,-1,1,-1,1,1,-1,1,1,-1,-1,1,-1,-1,1,-1,1,-1,1,1,-1,1,1,1,-1,1,-1,-1,1,1,-1,-1,1,-1,1,1,1,1,-1,1,-1,1,1,1,-1,1,1,-1,1,-1,1,-1,1,1,-1,1,1,1,1,1,1,-1,1,1,1,1,1,-1,-1,1,1,1,1,1,-1,-1,1,1,1,1,1,-1,-1,-1,-1,1,-1,1,1,-1,1,1,1,1,1,1,-1,-1,-1,1,1,1,-1,-1,1,-1,-1,-1,1,1,-1,1,-1,1,-1,1,-1,1,-1,1,1,1,1,-1,1,-1,1,1,-1,1,-1,-1,-1,-1,1,1,1,1,-1,-1,1,-1,1,1,-1,-1,1,-1,-1,1,-1,1,-1,1,-1,1,-1,1,-1,-1,1,1,-1,1,-1,1,-1,-1,1,-1,1,1,-1,-1,-1,1,-1,-1,1,1,-1,-1,-1,-1,1,1,-1,1,-1,1,-1,1,1,1,-1,1,1,-1,1,1,-1,-1,1,1,-1,1,-1,1,-1,1,-1,1,1,-1,1,-1,1,-1,-1,1,-1,-1,-1,1,-1,-1,1,-1,1,-1,1,-1,-1,1,-1,-1,1,-1,1,-1,-1,1,1,-1,1,1,-1,-1,1,1,-1,1,-1,-1,-1,1,1,1,-1,1,-1,-1,1,1,-1,-1,1,-1,-1,1,1,1,1,1,1,-1,1,1,1,-1,-1,1,1,-1,-1,-1,1,-1,-1,1,-1,1,-1,1,-1,1,-1,-1,-1,1,1,-1,1,1,-1,1,-1,1,-1,1,1,-1,1,-1,1,-1,-1,-1,-1,1,-1,1,-1,-1,-1,-1,1,-1,1,-1,1,1,1,-1,-1,1,-1,1,1,-1,1,-1,1,-1,-1,1,-1,1,-1,-1,1,1,1,1,1,-1,1,1,1,1,-1,1,-1,-1,1,1,1,-1,-1,-1,1,1,1,1,-1,-1,-1,1,-1,1,-1,1,1,-1,-1,1,1,1,-1,-1,-1,-1,1,1,1,1,1,-1,-1,1,1,1,1,-1,-1,-1,1,-1,1,-1,1,-1,-1,1,1,1,1,1,-1,-1,1,-1,1,-1,1,-1,-1,1,1,-1,1,1,-1,-1,1,1,1,1,1,-1,1,-1,1,-1,1,1,1,1,-1,1,1,-1,1,-1,1,1,-1,1,1,1,1,-1,1,-1,1,1,1,-1,1,-1,1,-1,1,1,1,-1,1,-1,1,-1,1,1,-1,1,-1,1,-1,1,1,1,1,-1,-1,1,1,1,-1,-1,-1,1,-1,1,1,1,1,1,-1,-1,1,1,1,-1,-1,1,-1,1,1,-1,-1,-1,1,-1,1,-1,1,-1,-1,1,-1,1,1,-1,-1,1,1,-1,1,-1,-1,-1,1,-1,-1,1,-1,-1,-1,1,-1,1,1,-1,-1,-1,-1,-1,-1,1,-1,-1,-1,1,1,1,1,-1,1,-1,1,-1,-1,1,-1,-1,-1,1,-1,1,-1,-1,-1,-1,1,-1,1,1,-1,1,-1,-1,1,1,1,-1,-1,-1,-1,-1,1,-1,-1,-1,1,-1,1,1,-1,-1,-1,1,-1,1,1,1,-1,1,-1,-1,1,1,1,-1,1,-1,1,1,1,-1,-1,1,-1,-1,1,-1,-1,-1,1,-1,-1,1,1,-1,1,1,-1,-1,1,1,-1,-1,1,-1,-1,1,1,-1,-1,1,-1,-1,1,1,-1,-1,-1,1,-1,1,1,-1,-1,1,-1,-1,1,-1,1,-1,1,1,-1,-1,1,-1,1,-1,1,-1,1,1,-1,1,-1,1,-1,1,1,-1,1,1,1,-1,-1,1,-1,1,1,-1,1,-1,1,-1,1,1,-1,1,-1,1,1,1,-1,-1,1,-1,1,1,-1,1,-1,-1,-1,1,-1,1,-1,1,-1,-1,1,-1,1,-1,-1,-1,-1,1,-1,1,-1,-1,-1,-1,-1,1,1,-1,1,-1,-1,1,-1,1,-1,1,-1,1,-1,-1,1,1,1,1,-1,-1,1,1,-1,-1,1,1,-1,1,1,-1,1,-1,-1,1,1,-1,-1,1,-1,-1,-1,-1,1,-1,1,1,-1,1,1,-1,-1,-1,-1,1,-1,-1,-1,-1,1,-1,-1,1,1,-1,1,1,-1,1,1,1,1,-1,1,-1,1,1,1,1,-1,1,-1,-1,-1,1,1,-1,1,-1,1,1,1,1,-1,1,-1,1,1,1,-1,-1,1,-1,-1,1,1,-1,-1,-1,1,-1,1,1,1,-1,1,-1,-1,1,-2672.0,1,2000,445,1500,True
511,-1,-1,1,1,1,1,-1,1,-1,-1,-1,1,-1,1,-1,-1,1,-1,1,1,-1,-1,-1,-1,-1,1,-1,-1,-1,-1,-1,-1,1,1,-1,-1,1,-1,-1,-1,1,-1,-1,-1,-1,-1,-1,-1,1,1,-1,-1,1,-1,1,-1,-1,1,-1,-1,-1,1,1,1,-1,-1,-1,-1,-1,-1,-1,1,-1,-1,-1,-1,-1,-1,1,-1,-1,1,1,-1,1,-1,-1,-1,-1,1,-1,-1,1,-1,-1,-1,-1,1,1,1,-1,1,-1,-1,1,1,1,-1,-1,-1,-1,1,1,1,-1,1,-1,-1,1,1,1,-1,-1,-1,-1,1,1,1,-1,1,-1,-1,1,1,1,-1,-1,-1,-1,-1,1,1,-1,1,1,-1,1,1,1,1,1,-1,-1,-1,-1,1,1,1,-1,-1,1,1,1,1,-1,1,-1,1,-1,1,1,1,-1,-1,1,1,1,-1,1,-1,1,-1,-1,1,1,1,-1,1,1,1,1,-1,1,-1,1,1,-1,1,-1,1,-1,1,1,-1,1,-1,1,-1,-1,1,-1,1,-1,1,-1,1,1,-1,-1,-1,1,-1,-1,1,-1,-1,1,1,-1,-1,1,-1,1,1,-1,1,-1,1,-1,1,-1,1,-1,1,1,-1,-1,1,1,-1,-1,1,-1,1,1,1,-1,1,1,-1,1,-1,1,-1,1,-1,1,-1,1,1,-1,1,-1,-1,1,1,1,-1,1,-1,-1,-1,-1,1,1,-1,1,1,-1,-1,1,-1,-1,1,1,-1,1,1,1,-1,-1,1,-1,1,1,-1,1,-1,1,1,-1,1,-1,-1,-1,1,-1,-1,1,-1,1,-1,1,1,-1,1,1,1,-1,1,-1,-1,1,1,-1,-1,1,-1,-1,1,-1,1,-1,1,-1,-1,1,1,-1,1,1,-1,1,-1,1,-1,-1,1,-1,1,1,1,1,1,1,-1,1,1,1,1,1,-1,-1,1,1,1,1,1,-1,-1,1,-1,1,1,1,-1,-1,1,-1,1,1,1,1,-1,1,-1,1,1,1,1,-1,-1,1,1,1,-1,-1,-1,1,1,-1,-1,1,-1,-1,1,-1,1,-1,1,-1,1,1,-1,1,1,1,-1,1,1,-1,1,-1,1,-1,-1,1,-1,1,1,1,1,-1,1,1,-1,1,1,-1,-1,1,-1,-1,1,-1,1,-1,-1,1,-1,1,1,-1,-1,-1,1,-1,1,-1,1,-1,1,-1,-1,1,-1,-1,-1,-1,1,-1,-1,1,1,-1,-1,1,-1,1,1,-1,1,-1,1,-1,1,-1,1,-1,-1,-1,-1,-1,-1,-1,-1,-1,1,-1,1,-1,1,-1,-1,-1,1,1,-1,1,-1,-1,-1,-1,1,-1,-1,-1,-1,-1,1,-1,-1,1,-1,-1,-1,-1,1,-1,-1,1,-1,-1,-1,-1,-1,1,-1,1,-1,-1,-1,-1,1,-1,-1,-1,-1,1,-1,1,1,1,-1,-1,-1,1,1,-1,1,-1,-1,-1,1,1,1,-1,1,1,-1,1,1,1,1,1,1,1,-1,-1,-1,1,-1,1,1,-1,1,-1,1,-1,1,-1,-1,-1,1,1,-1,1,1,-1,1,-1,1,-1,1,1,-1,1,-1,1,-1,-1,-1,-1,1,-1,1,-1,-1,-1,-1,1,-1,1,-1,1,1,1,-1,-1,1,-1,1,1,-1,1,-1,1,-1,-1,1,-1,1,-1,-1,1,1,1,1,1,-1,1,1,1,1,-1,1,-1,-1,1,1,1,-1,-1,-1,1,1,1,1,-1,-1,-1,1,-1,1,-1,1,1,-1,-1,1,1,1,-1,-1,-1,-1,1,1,1,1,1,-1,-1,1,1,1,1,-1,-1,-1,1,-1,1,-1,1,-1,-1,1,1,1,1,1,-1,-1,1,-1,1,1,1,-1,-1,1,1,-1,1,1,-1,-1,1,1,1,1,1,-1,1,-1,1,-1,1,1,1,1,-1,1,1,1,1,-1,1,1,-1,1,1,1,1,-1,1,-1,1,-1,1,-1,1,-1,-1,1,-1,1,1,-1,1,-1,1,1,1,1,-1,1,-1,1,1,1,1,1,1,-1,1,-1,1,1,-1,-1,-1,1,1,1,1,1,1,-1,1,1,1,1,1,-1,1,-1,1,1,1,-1,-1,-1,-1,1,1,-1,1,-1,1,-1,1,1,1,-1,-1,-1,-1,1,1,-1,-1,-1,-1,1,-1,1,-1,-1,-1,1,-1,1,1,-1,-1,-1,1,-1,1,1,-1,-1,-1,1,1,1,1,-1,1,-1,1,-1,1,1,1,-1,-1,1,1,1,1,1,-1,-1,1,-1,1,1,-1,1,-1,-1,1,1,1,1,-1,-1,-1,-1,1,-1,1,-1,1,-1,1,1,1,1,1,-1,-1,1,1,1,1,-1,1,-1,1,1,-1,1,-1,-1,1,1,1,1,-1,1,-1,-1,1,-1,1,1,1,-1,-1,1,1,1,-1,1,1,-1,1,1,1,1,1,1,-1,1,1,1,1,1,1,-1,1,1,-1,1,1,-1,-1,1,1,-1,1,1,1,-1,1,-1,-1,1,1,1,-1,-1,1,-1,1,1,1,-1,1,1,-1,1,1,1,-1,1,1,-1,1,1,1,-1,-1,1,1,1,1,-1,1,-1,1,1,1,1,-1,1,-1,1,1,1,-1,-1,1,-1,1,1,-1,1,-1,-1,-1,1,-1,1,-1,1,-1,-1,1,-1,1,-1,-1,-1,-1,1,-1,1,-1,-1,1,-1,-1,1,1,-1,1,-1,-1,-1,-1,1,-1,1,1,-1,1,-1,1,1,1,1,-1,-1,1,1,-1,-1,1,1,1,1,1,-1,1,-1,-1,1,1,-1,-1,1,-1,-1,-1,-1,1,-1,1,-1,1,1,1,-1,-1,1,-1,-1,-1,-1,-1,-1,1,-1,1,1,1,-1,1,1,-1,1,1,1,1,-1,1,-1,1,1,1,1,-1,1,-1,1,1,1,1,-1,1,-1,1,1,1,1,-1,1,-1,1,1,1,-1,-1,1,-1,-1,1,1,-1,-1,-1,1,-1,1,-1,1,-1,1,-1,-1,1,-2672.0,1,2000,445,1500,True
512,-1,-1,1,1,1,1,-1,1,-1,-1,-1,1,-1,1,-1,-1,1,-1,1,1,1,-1,-1,-1,-1,1,-1,-1,-1,-1,-1,-1,1,1,-1,-1,1,-1,-1,-1,1,-1,-1,-1,-1,-1,-1,-1,1,1,-1,-1,1,-1,1,-1,-1,1,-1,-1,-1,1,1,1,-1,-1,-1,-1,-1,-1,-1,1,-1,-1,-1,-1,-1,-1,1,-1,-1,1,1,-1,1,-1,-1,-1,-1,1,-1,-1,-1,-1,-1,-1,-1,1,1,1,-1,-1,-1,-1,1,1,1,-1,-1,-1,-1,1,1,1,-1,-1,-1,-1,1,1,1,-1,-1,-1,-1,1,1,1,1,-1,-1,-1,1,1,1,-1,-1,-1,-1,-1,1,1,1,-1,-1,-1,1,1,1,1,-1,-1,-1,-1,-1,1,1,1,-1,-1,1,1,1,1,-1,-1,1,1,-1,1,-1,-1,-1,-1,1,1,1,1,-1,-1,1,-1,-1,1,-1,-1,-1,1,1,1,1,1,-1,-1,1,1,-1,1,1,-1,-1,1,1,-1,1,1,-1,-1,-1,1,-1,1,1,-1,1,1,1,-1,1,1,-1,1,1,1,-1,-1,1,1,-1,-1,1,-1,1,1,-1,1,-1,1,-1,1,1,-1,1,1,1,-1,-1,1,-1,-1,1,1,-1,1,-1,1,1,1,1,-1,1,1,-1,1,-1,-1,1,-1,-1,-1,1,1,-1,-1,1,-1,-1,1,1,-1,-1,-1,1,-1,1,-1,1,1,-1,1,-1,1,1,1,1,-1,-1,-1,-1,1,-1,1,-1,-1,-1,1,-1,-1,1,1,-1,-1,-1,1,-1,1,-1,-1,-1,1,1,-1,1,1,-1,-1,1,1,-1,1,-1,-1,-1,1,1,1,1,-1,-1,-1,1,-1,1,1,-1,-1,1,-1,-1,1,1,-1,1,1,1,1,-1,1,-1,1,1,1,-1,1,1,-1,-1,1,1,-1,1,-1,-1,-1,1,1,-1,1,-1,-1,1,-1,1,-1,1,-1,-1,1,-1,1,-1,1,1,-1,1,-1,1,1,1,1,-1,-1,1,1,-1,1,-1,-1,1,1,-1,-1,1,1,-1,1,-1,1,-1,1,-1,1,1,-1,1,1,1,-1,1,1,-1,1,-1,1,-1,-1,1,-1,1,1,1,1,-1,1,1,1,1,1,-1,-1,1,-1,-1,1,-1,1,-1,-1,1,-1,1,1,-1,-1,-1,1,-1,1,-1,1,-1,-1,1,-1,1,1,-1,-1,-1,1,-1,-1,1,1,-1,-1,1,-1,1,1,-1,1,-1,1,-1,-1,1,1,-1,-1,-1,-1,1,1,-1,1,-1,1,-1,1,-1,1,-1,-1,1,-1,1,-1,1,-1,-1,-1,-1,1,-1,-1,-1,-1,-1,-1,1,-1,1,-1,1,-1,-1,1,-1,-1,1,-1,-1,-1,1,1,1,-1,1,-1,-1,-1,-1,1,-1,1,-1,-1,1,-1,1,1,1,-1,-1,-1,1,1,-1,1,-1,-1,-1,1,1,1,-1,1,1,-1,1,1,1,1,1,1,1,-1,-1,-1,1,-1,1,1,-1,1,-1,1,-1,1,-1,-1,-1,1,1,-1,1,1,-1,1,-1,1,-1,1,1,-1,1,-1,1,-1,-1,-1,-1,1,-1,1,-1,-1,-1,-1,1,-1,1,-1,1,1,1,-1,-1,1,-1,1,1,-1,1,-1,1,-1,-1,1,-1,1,-1,-1,1,1,1,1,1,-1,1,1,1,1,-1,1,-1,-1,1,1,1,-1,-1,-1,1,1,1,1,-1,-1,-1,1,-1,1,-1,1,1,-1,-1,1,1,1,-1,-1,-1,-1,1,1,1,1,1,-1,-1,1,1,1,1,1,-1,-1,1,-1,1,-1,1,-1,1,1,1,1,1,1,-1,-1,1,-1,1,1,1,-1,-1,1,1,-1,1,1,-1,-1,1,1,1,1,1,1,-1,1,1,-1,-1,1,-1,-1,1,1,1,-1,1,-1,-1,1,-1,-1,1,1,-1,-1,1,-1,1,-1,1,1,-1,1,-1,1,-1,1,-1,-1,1,-1,1,-1,1,1,-1,1,-1,1,-1,1,1,-1,1,-1,1,-1,1,1,-1,1,1,1,1,1,-1,1,1,-1,1,1,1,1,-1,1,-1,1,-1,1,1,-1,1,1,-1,1,1,1,-1,1,1,-1,1,1,1,1,1,-1,-1,1,1,1,1,1,-1,1,-1,1,1,1,1,1,-1,1,1,1,1,1,1,-1,1,1,1,1,1,1,1,1,1,1,1,1,1,-1,1,1,1,1,1,-1,1,1,1,1,1,1,1,-1,1,1,1,1,1,-1,1,1,1,1,1,1,-1,-1,1,-1,1,1,1,-1,1,1,1,1,1,-1,-1,1,1,1,1,1,1,-1,1,1,-1,1,1,-1,1,1,1,1,1,1,-1,-1,1,-1,1,1,-1,1,-1,1,1,1,1,-1,-1,-1,1,1,1,1,-1,1,-1,1,1,1,1,1,-1,-1,1,1,-1,1,1,-1,-1,-1,1,-1,1,-1,-1,-1,1,-1,1,1,1,-1,-1,-1,1,-1,1,1,-1,-1,1,1,-1,1,1,-1,1,1,1,-1,1,1,-1,1,-1,1,1,1,1,-1,1,-1,1,1,1,-1,1,-1,1,1,1,1,-1,1,1,-1,1,1,-1,1,1,-1,-1,1,-1,1,1,-1,1,-1,1,-1,1,-1,-1,1,-1,1,-1,1,-1,1,-1,-1,-1,1,1,-1,1,1,-1,-1,-1,1,-1,1,-1,1,-1,-1,1,1,-1,1,-1,-1,1,1,-1,-1,-1,1,-1,1,1,-1,1,1,-1,1,1,-1,-1,1,-1,-1,-1,-1,1,-1,1,1,-1,1,1,-1,-1,-1,-1,1,-1,-1,-1,-1,1,-1,-1,1,1,-1,1,1,-1,1,1,1,1,-1,1,-1,1,1,1,1,-1,1,-1,-1,1,1,1,-1,1,-1,1,1,1,1,-1,1,-1,1,1,-1,-1,-1,1,-1,-1,1,1,-1,-1,-1,1,-1,1,-1,1,-1,1,-1,-1,1,-2672.0,1,2000,445,1500,True
513,-1,-1,1,1,1,1,-1,1,-1,-1,-1,1,-1,1,-1,-1,1,-1,1,1,-1,-1,-1,-1,-1,1,-1,-1,-1,-1,-1,-1,1,1,-1,-1,1,-1,-1,-1,1,-1,-1,-1,-1,-1,-1,1,-1,1,-1,-1,1,-1,1,-1,-1,1,-1,-1,-1,1,1,1,-1,-1,-1,-1,-1,-1,-1,1,-1,-1,-1,-1,-1,-1,1,-1,-1,1,1,-1,1,-1,-1,-1,-1,1,-1,-1,1,-1,-1,-1,-1,1,1,1,-1,1,-1,-1,1,1,1,-1,-1,-1,-1,1,1,1,-1,1,-1,-1,1,1,1,-1,-1,-1,-1,1,1,1,-1,1,-1,-1,1,1,1,-1,-1,-1,-1,-1,1,1,-1,1,1,-1,1,1,1,1,1,-1,-1,-1,-1,1,1,1,-1,-1,1,1,1,1,-1,1,-1,1,-1,1,1,1,-1,-1,1,1,1,-1,1,-1,1,-1,-1,1,1,1,-1,1,1,1,1,-1,1,-1,1,1,-1,1,-1,1,-1,1,1,-1,1,-1,1,-1,-1,1,-1,1,-1,1,-1,1,1,-1,-1,-1,1,-1,-1,1,-1,-1,1,1,-1,-1,1,-1,1,1,-1,1,-1,1,-1,1,-1,1,-1,1,1,-1,-1,1,1,-1,-1,1,-1,1,1,1,-1,1,1,-1,1,-1,1,-1,1,-1,1,-1,1,1,-1,1,-1,-1,-1,1,1,-1,1,-1,-1,-1,-1,1,1,-1,1,1,-1,-1,1,-1,-1,1,1,-1,1,1,1,-1,-1,1,-1,1,1,-1,1,-1,1,1,-1,1,-1,-1,-1,1,-1,-1,1,-1,1,-1,1,1,-1,1,1,1,-1,1,-1,-1,1,1,-1,-1,1,-1,-1,1,-1,1,-1,1,-1,-1,1,1,-1,1,1,-1,1,-1,1,-1,-1,1,-1,1,1,1,1,1,1,-1,1,1,1,1,1,-1,-1,1,1,1,1,1,-1,-1,1,-1,1,1,1,-1,-1,1,-1,1,-1,1,1,-1,1,-1,1,1,1,1,-1,-1,1,1,1,-1,-1,-1,1,1,-1,-1,1,1,-1,1,-1,1,-1,1,-1,1,1,-1,1,1,1,-1,1,1,-1,1,-1,1,-1,-1,1,-1,1,1,1,1,-1,1,1,-1,1,1,-1,-1,1,-1,-1,1,-1,1,-1,-1,1,-1,-1,1,-1,-1,-1,1,-1,1,-1,1,-1,-1,1,-1,1,1,-1,-1,-1,1,-1,-1,1,1,-1,-1,1,-1,1,1,-1,1,-1,1,-1,1,1,1,-1,-1,-1,-1,1,1,-1,-1,-1,1,-1,1,-1,1,-1,-1,-1,1,1,-1,1,-1,-1,-1,-1,1,-1,-1,-1,-1,-1,-1,1,-1,1,-1,-1,-1,-1,1,-1,-1,1,-1,-1,-1,1,1,1,-1,-1,-1,-1,1,-1,1,-1,1,-1,-1,1,-1,1,1,1,-1,-1,-1,1,1,-1,1,-1,-1,-1,1,1,1,-1,1,1,-1,1,1,1,1,1,-1,1,-1,-1,-1,1,-1,-1,1,-1,1,-1,1,-1,1,-1,-1,-1,1,1,-1,1,1,-1,1,-1,1,-1,1,1,-1,1,-1,1,-1,-1,-1,-1,1,-1,1,-1,-1,-1,-1,1,-1,1,-1,1,1,1,-1,-1,1,-1,1,1,-1,1,-1,1,-1,-1,1,-1,1,-1,-1,1,1,1,1,1,-1,1,1,1,1,-1,1,-1,-1,1,1,1,-1,-1,-1,1,1,1,1,-1,-1,-1,1,-1,1,-1,1,1,-1,-1,1,1,1,-1,-1,-1,-1,1,1,1,1,1,-1,-1,1,1,1,1,-1,-1,-1,1,-1,1,-1,1,-1,-1,1,1,1,1,1,-1,-1,1,-1,1,1,1,-1,-1,1,1,-1,1,1,-1,-1,1,1,1,1,1,-1,1,-1,1,-1,1,1,1,1,-1,1,1,1,1,-1,1,1,-1,1,-1,1,1,1,1,-1,1,-1,1,-1,1,-1,-1,1,-1,1,1,-1,1,-1,1,1,1,1,-1,1,-1,1,1,1,1,1,1,-1,1,-1,1,1,-1,-1,-1,1,1,1,1,1,1,-1,1,1,1,1,1,-1,1,-1,1,1,1,-1,-1,-1,-1,1,1,1,1,-1,1,-1,1,1,1,-1,-1,-1,-1,1,1,-1,-1,-1,-1,1,-1,1,-1,-1,-1,1,-1,1,1,-1,-1,-1,1,-1,1,1,-1,-1,-1,1,1,1,1,-1,1,-1,1,-1,1,1,1,-1,-1,-1,1,1,1,1,-1,-1,1,-1,1,1,-1,1,-1,-1,1,1,1,1,-1,-1,-1,-1,1,-1,1,-1,1,-1,1,1,1,1,1,-1,-1,1,1,1,1,-1,1,-1,1,1,-1,1,-1,-1,1,1,1,1,-1,1,-1,-1,1,1,1,1,1,-1,-1,1,1,1,-1,1,1,-1,1,1,1,1,1,1,-1,1,1,1,1,1,1,-1,1,1,-1,1,1,-1,-1,1,1,-1,1,1,1,-1,1,-1,-1,1,1,1,-1,-1,1,-1,1,1,1,-1,1,1,-1,1,1,1,-1,1,1,-1,1,1,1,-1,-1,-1,1,1,1,-1,1,-1,1,1,1,1,-1,1,-1,1,1,1,-1,-1,1,-1,1,1,-1,1,-1,-1,-1,1,-1,1,-1,1,-1,-1,1,-1,1,-1,-1,-1,-1,1,-1,1,-1,1,-1,-1,-1,1,1,-1,1,-1,-1,-1,-1,1,-1,1,-1,1,-1,-1,1,1,1,1,-1,-1,1,1,-1,-1,1,1,-1,1,1,-1,1,-1,-1,1,1,-1,-1,1,-1,-1,-1,-1,1,-1,1,1,-1,1,1,-1,-1,-1,-1,1,-1,-1,-1,-1,1,-1,-1,1,1,-1,1,1,-1,1,1,1,1,-1,1,-1,1,1,1,1,-1,1,-1,-1,1,1,1,-1,1,-1,1,1,1,1,-1,1,-1,1,1,1,-1,-1,1,-1,-1,1,1,-1,-1,-1,1,-1,1,-1,1,-1,1,-1,-1,1,-2672.0,1,2000,445,1500,True
514,-1,-1,1,1,1,1,-1,1,-1,-1,-1,1,-1,1,-1,-1,1,-1,1,1,1,-1,-1,-1,-1,1,-1,-1,-1,-1,-1,-1,1,1,-1,-1,1,-1,-1,-1,1,-1,-1,-1,-1,-1,-1,-1,1,1,-1,-1,1,-1,1,-1,-1,1,-1,-1,-1,1,1,1,-1,-1,-1,-1,-1,-1,-1,1,-1,-1,-1,-1,-1,-1,1,-1,-1,1,1,-1,1,-1,-1,1,-1,1,-1,-1,1,-1,-1,-1,-1,1,1,1,-1,1,-1,-1,1,1,1,-1,-1,-1,-1,1,1,1,-1,1,-1,-1,1,1,1,-1,-1,-1,-1,1,1,1,-1,1,-1,-1,1,1,1,-1,-1,-1,-1,-1,1,1,-1,1,1,-1,1,1,1,1,1,-1,-1,-1,-1,1,1,1,-1,-1,1,1,1,1,-1,1,-1,1,-1,1,1,1,-1,-1,1,1,1,-1,1,-1,1,-1,-1,1,1,1,-1,1,1,1,1,-1,1,-1,1,1,-1,1,-1,1,-1,1,1,-1,1,-1,1,-1,-1,1,-1,1,-1,1,-1,1,1,-1,-1,-1,1,-1,-1,1,-1,-1,1,1,-1,-1,1,-1,1,1,-1,1,-1,1,-1,1,-1,1,-1,1,1,-1,-1,1,1,-1,-1,1,-1,1,1,1,-1,1,1,-1,1,-1,1,-1,1,-1,1,-1,1,1,-1,1,-1,-1,1,1,1,-1,1,-1,-1,-1,-1,1,1,-1,1,1,-1,-1,1,-1,-1,1,1,-1,1,1,1,-1,-1,1,-1,1,1,-1,1,-1,1,1,-1,1,-1,-1,-1,1,-1,-1,1,-1,1,-1,1,1,-1,1,1,1,-1,1,-1,-1,1,1,-1,-1,1,-1,-1,1,-1,1,-1,1,-1,-1,1,1,-1,1,1,-1,1,-1,1,-1,1,1,-1,1,1,1,1,1,1,-1,1,1,1,1,1,-1,-1,1,1,1,1,1,-1,-1,1,-1,1,1,1,-1,-1,1,-1,1,-1,1,1,-1,1,-1,1,1,1,1,-1,-1,1,1,1,-1,-1,-1,1,1,-1,-1,1,1,-1,1,-1,1,-1,1,-1,1,1,-1,1,1,1,-1,1,1,-1,1,-1,1,-1,-1,1,-1,1,1,1,1,-1,1,1,-1,1,1,-1,-1,1,-1,-1,1,-1,1,-1,-1,1,-1,1,1,-1,-1,-1,1,-1,1,-1,1,-1,1,1,-1,1,1,-1,-1,-1,1,-1,-1,1,1,-1,-1,1,-1,1,1,-1,1,-1,1,-1,1,1,1,-1,-1,-1,-1,1,1,-1,-1,-1,1,-1,1,-1,1,-1,-1,-1,1,1,-1,1,-1,-1,-1,-1,1,-1,-1,-1,-1,-1,-1,1,-1,1,-1,-1,-1,-1,1,-1,-1,1,-1,-1,-1,-1,1,1,-1,-1,-1,-1,-1,1,1,-1,1,-1,-1,1,-1,1,1,1,-1,-1,-1,1,1,-1,1,-1,-1,-1,1,1,1,-1,1,1,-1,1,1,1,1,1,-1,1,-1,-1,-1,1,-1,-1,1,-1,1,-1,1,-1,1,-1,-1,-1,1,1,-1,1,1,-1,1,-1,1,-1,1,1,-1,1,-1,1,-1,-1,-1,-1,1,-1,1,-1,-1,-1,-1,1,-1,1,-1,1,1,1,1,-1,1,-1,1,1,-1,1,-1,1,-1,-1,1,-1,1,-1,-1,1,1,1,1,1,-1,1,1,1,1,-1,1,-1,-1,1,1,1,-1,-1,-1,1,1,1,1,-1,-1,-1,1,-1,1,-1,1,1,-1,-1,1,1,1,-1,-1,-1,-1,1,1,1,1,1,-1,-1,1,1,1,1,-1,-1,-1,1,-1,1,-1,1,-1,-1,1,1,1,1,1,-1,-1,1,-1,1,1,1,-1,-1,1,1,-1,1,1,-1,-1,1,1,1,1,1,-1,1,-1,1,-1,1,1,1,1,-1,1,-1,1,1,-1,1,1,-1,1,-1,1,1,-1,1,-1,1,-1,1,-1,1,-1,-1,1,-1,1,1,-1,1,-1,1,1,1,1,-1,1,-1,1,1,1,1,1,1,-1,1,-1,1,1,-1,-1,-1,1,1,1,1,1,1,-1,1,1,1,1,1,-1,1,-1,1,1,1,-1,-1,-1,-1,1,1,-1,1,-1,1,-1,1,1,1,-1,-1,-1,-1,1,1,-1,-1,-1,-1,1,-1,1,-1,-1,-1,1,-1,1,1,-1,-1,-1,1,-1,1,1,-1,-1,-1,1,1,1,1,-1,1,-1,1,-1,1,1,1,-1,-1,1,1,1,1,1,-1,-1,1,-1,1,1,-1,1,-1,-1,1,1,1,1,-1,-1,-1,-1,1,-1,1,-1,1,-1,1,1,1,1,1,-1,-1,1,1,1,1,-1,1,-1,1,1,-1,1,-1,-1,1,1,1,1,-1,1,-1,-1,1,1,1,1,1,-1,-1,1,1,1,-1,1,1,-1,1,1,1,1,1,1,-1,1,1,1,1,1,1,-1,1,1,-1,1,1,-1,-1,1,1,-1,1,1,1,-1,1,-1,1,1,1,1,-1,-1,1,-1,1,1,1,-1,1,1,-1,1,1,1,-1,1,1,-1,1,1,1,-1,-1,1,1,1,1,-1,1,-1,1,1,1,1,-1,1,-1,1,1,1,-1,-1,1,-1,1,1,-1,1,-1,-1,-1,1,-1,1,-1,1,-1,-1,1,-1,1,-1,-1,-1,-1,1,-1,1,-1,-1,-1,-1,-1,1,1,-1,1,-1,-1,-1,-1,1,-1,1,-1,1,-1,-1,1,1,1,1,-1,-1,1,1,-1,-1,1,1,-1,1,1,-1,1,-1,-1,1,1,-1,-1,1,-1,-1,-1,-1,1,-1,1,1,-1,1,1,-1,-1,-1,-1,1,-1,-1,-1,-1,1,-1,-1,1,1,-1,1,1,-1,1,1,1,1,-1,1,-1,1,1,1,1,-1,1,-1,-1,-1,1,1,-1,1,-1,1,1,1,1,-1,1,-1,1,1,-1,-1,-1,1,-1,-1,1,1,-1,-1,-1,1,-1,1,-1,1,-1,1,-1,-1,1,-2672.0,1,2000,445,1500,True
515,1,1,-1,-1,1,1,-1,-1,1,1,1,-1,1,1,1,1,-1,1,-1,-1,1,-1,1,1,1,-1,1,-1,1,1,1,1,1,-1,-1,-1,1,-1,1,-1,1,-1,-1,1,1,1,1,-1,1,1,1,1,-1,1,-1,-1,1,-1,1,1,1,-1,-1,-1,1,1,1,1,-1,-1,-1,1,1,1,1,-1,-1,-1,1,1,1,-1,-1,-1,1,1,1,1,-1,-1,-1,1,1,1,1,-1,-1,1,1,-1,1,1,-1,-1,1,1,1,1,1,-1,-1,1,1,1,1,1,-1,-1,1,1,1,1,1,1,-1,-1,1,1,-1,1,1,-1,1,1,1,1,1,1,-1,-1,1,1,1,1,1,-1,1,1,1,1,1,1,-1,-1,-1,1,1,1,1,-1,1,1,1,1,-1,1,-1,1,-1,1,1,1,-1,-1,1,1,1,1,1,-1,1,-1,-1,1,-1,1,-1,1,1,1,1,1,1,1,1,1,-1,1,-1,1,-1,1,1,-1,1,-1,1,1,-1,1,-1,1,-1,1,-1,1,1,-1,-1,-1,1,1,1,1,-1,-1,1,1,-1,-1,1,-1,1,-1,-1,1,-1,1,-1,1,-1,1,-1,-1,1,-1,-1,-1,1,1,-1,1,-1,1,1,1,-1,1,1,-1,-1,-1,1,-1,1,-1,1,-1,1,1,-1,1,-1,-1,-1,1,1,-1,1,-1,-1,-1,1,1,-1,-1,1,1,-1,-1,1,1,-1,1,1,-1,1,1,1,1,-1,1,-1,1,1,-1,1,-1,1,1,1,1,1,1,1,1,-1,-1,1,-1,-1,-1,1,1,-1,1,1,1,-1,1,1,1,1,1,1,1,1,-1,1,1,1,-1,1,1,-1,1,1,1,-1,1,1,-1,-1,1,1,1,-1,1,-1,1,1,1,-1,1,1,-1,1,1,1,-1,1,1,-1,1,1,1,-1,1,1,-1,-1,1,1,-1,1,1,-1,1,-1,1,-1,1,-1,1,-1,1,1,1,-1,-1,1,-1,1,1,-1,1,1,1,-1,-1,-1,-1,1,1,1,-1,1,1,-1,1,1,1,-1,1,1,1,1,1,-1,1,1,1,-1,1,1,1,-1,-1,1,1,-1,-1,1,-1,1,-1,1,-1,1,1,1,-1,-1,1,-1,1,1,1,-1,1,1,-1,1,1,1,1,-1,1,-1,-1,1,-1,1,-1,1,-1,-1,-1,1,1,-1,-1,1,-1,1,1,-1,-1,1,1,-1,1,-1,1,-1,1,-1,-1,1,1,1,-1,1,-1,1,1,1,1,-1,1,-1,1,1,1,-1,1,1,-1,1,-1,1,-1,-1,1,-1,1,1,1,-1,1,-1,-1,-1,1,1,-1,-1,1,-1,1,-1,1,1,-1,1,-1,-1,-1,1,1,-1,1,-1,1,-1,1,-1,-1,1,-1,-1,1,1,1,-1,-1,1,-1,1,1,1,-1,-1,1,-1,-1,1,1,1,-1,1,-1,1,-1,1,1,1,-1,-1,-1,1,-1,1,1,1,1,-1,1,-1,-1,1,1,-1,1,1,-1,-1,-1,1,-1,-1,1,-1,-1,1,1,1,-1,1,-1,-1,1,1,-1,-1,1,-1,1,1,1,-1,-1,1,-1,-1,-1,1,1,-1,1,1,-1,-1,1,-1,-1,1,-1,1,1,-1,1,-1,-1,1,-1,-1,-1,-1,-1,1,1,1,-1,1,1,-1,-1,1,-1,1,-1,-1,-1,1,1,-1,-1,-1,-1,-1,1,1,-1,-1,1,-1,-1,-1,1,1,-1,-1,-1,-1,1,1,-1,-1,1,-1,-1,-1,1,1,-1,-1,-1,-1,-1,1,-1,-1,1,-1,-1,-1,1,1,-1,-1,-1,-1,1,1,1,-1,1,-1,-1,-1,1,1,1,1,-1,-1,-1,1,1,-1,1,-1,-1,1,1,1,1,-1,-1,1,1,1,1,-1,-1,-1,-1,1,1,-1,1,1,-1,1,1,1,1,-1,1,-1,-1,1,-1,1,-1,-1,-1,-1,1,-1,1,-1,-1,-1,-1,1,-1,1,1,-1,1,-1,1,-1,1,-1,1,1,-1,1,-1,1,1,-1,-1,-1,1,1,-1,-1,-1,-1,-1,1,-1,1,-1,-1,-1,-1,-1,-1,-1,1,-1,-1,-1,1,-1,-1,1,-1,-1,-1,-1,-1,-1,1,-1,-1,-1,-1,-1,1,-1,-1,-1,1,-1,-1,1,-1,1,-1,-1,-1,-1,-1,-1,-1,1,-1,-1,-1,1,1,-1,-1,-1,1,-1,-1,-1,-1,-1,1,-1,-1,1,-1,1,-1,-1,-1,-1,1,-1,1,1,-1,1,-1,-1,1,1,-1,-1,-1,-1,-1,-1,1,1,-1,-1,1,-1,1,1,-1,-1,-1,1,-1,1,1,-1,-1,1,-1,-1,1,1,1,-1,1,-1,1,1,1,-1,-1,1,-1,-1,1,-1,1,-1,1,-1,-1,1,1,-1,1,1,-1,-1,1,1,1,1,1,-1,-1,1,1,-1,1,1,-1,-1,1,1,1,1,-1,1,-1,1,1,1,1,1,-1,-1,1,-1,1,1,1,1,-1,-1,1,-1,1,1,1,-1,1,1,1,1,-1,1,-1,1,1,1,1,1,1,1,-1,-1,1,1,1,-1,1,-1,1,1,1,1,1,-1,1,1,1,1,-1,1,1,-1,1,1,-1,1,1,-1,-1,-1,1,1,1,-1,1,-1,1,1,1,-1,-1,1,-1,1,1,1,-1,1,-1,-1,-1,1,1,-1,-1,1,-1,-1,1,1,1,-1,1,-1,1,-1,1,1,-1,-1,-1,-1,1,1,-1,-1,-1,1,1,-1,1,-1,1,1,-1,1,1,-1,-1,1,1,-1,-1,1,1,-1,1,1,1,1,1,-1,-1,-1,-1,1,-1,-1,-1,-1,-1,1,1,1,1,-1,1,1,-1,1,1,1,1,-1,1,-1,1,1,1,1,-1,1,-1,1,1,1,1,-1,1,-1,1,1,1,1,-1,1,-1,1,1,-1,-1,-1,1,-1,1,1,1,-1,-1,-1,1,-1,1,-1,1,-1,1,-1,1,1,-2672.0,1,2000,445,1000,False
516,1,1,-1,-1,1,-1,1,-1,1,1,1,-1,1,1,1,1,-1,1,-1,-1,1,-1,1,1,1,-1,1,-1,1,1,1,1,1,-1,-1,-1,1,-1,1,1,-1,-1,-1,1,1,1,1,-1,1,1,1,1,-1,1,-1,-1,1,-1,1,1,1,-1,-1,-1,1,1,1,1,-1,-1,-1,1,1,1,1,-1,-1,-1,1,1,1,-1,-1,-1,1,1,1,1,-1,-1,-1,1,1,1,1,-1,-1,1,1,-1,1,1,-1,-1,1,1,1,1,1,-1,-1,1,1,1,1,1,-1,-1,1,1,1,1,1,1,-1,-1,1,1,-1,1,1,-1,1,1,1,1,1,1,-1,-1,1,1,-1,1,1,-1,1,1,1,1,1,1,-1,-1,-1,1,-1,1,1,-1,1,1,1,1,-1,1,-1,1,-1,1,1,1,-1,-1,1,1,1,-1,1,-1,1,-1,-1,1,1,1,-1,1,1,1,1,-1,1,1,1,1,-1,1,-1,1,-1,1,1,-1,1,-1,1,1,-1,1,-1,1,-1,1,-1,1,1,-1,1,-1,1,1,1,1,-1,-1,1,1,-1,-1,1,-1,1,1,-1,1,-1,1,-1,1,-1,1,-1,1,1,-1,-1,1,1,1,-1,1,-1,1,1,1,-1,1,1,-1,1,-1,1,-1,1,-1,1,-1,1,1,-1,1,-1,-1,-1,1,1,-1,1,-1,-1,-1,-1,1,-1,-1,1,1,-1,-1,1,1,-1,1,1,-1,1,1,1,-1,-1,1,-1,1,1,-1,1,-1,1,1,-1,1,1,-1,-1,1,-1,-1,1,-1,1,-1,1,1,-1,1,1,1,-1,1,-1,-1,1,1,-1,-1,1,-1,-1,1,1,1,-1,1,-1,-1,1,1,-1,1,1,-1,1,-1,1,-1,-1,1,-1,1,1,1,1,1,1,-1,1,1,1,1,1,-1,-1,1,1,1,1,1,-1,-1,1,-1,1,1,1,-1,-1,1,-1,1,-1,1,1,-1,1,-1,1,1,1,1,-1,-1,1,1,1,-1,-1,-1,1,1,-1,-1,1,1,-1,1,-1,1,-1,1,-1,1,1,-1,1,1,1,-1,1,1,-1,1,-1,1,-1,-1,1,-1,1,1,1,1,-1,1,1,-1,1,1,-1,-1,1,-1,-1,1,-1,1,-1,-1,1,-1,-1,1,-1,-1,-1,1,-1,1,-1,1,-1,1,1,-1,1,1,-1,-1,-1,1,-1,-1,1,1,-1,-1,1,-1,1,1,-1,1,-1,1,-1,1,1,1,-1,-1,-1,-1,1,1,-1,-1,-1,1,-1,1,-1,1,-1,-1,-1,1,1,-1,1,-1,-1,-1,-1,1,-1,-1,-1,-1,-1,-1,1,1,1,-1,-1,-1,-1,1,-1,-1,1,-1,-1,-1,1,1,1,-1,-1,-1,-1,1,-1,1,-1,1,-1,-1,1,-1,1,1,1,-1,-1,-1,1,1,-1,1,-1,-1,-1,1,1,1,-1,1,1,-1,1,1,1,1,1,1,1,-1,-1,-1,1,-1,-1,1,-1,1,-1,1,-1,1,-1,-1,-1,1,1,-1,1,1,-1,-1,-1,1,-1,1,1,-1,1,-1,1,-1,-1,-1,-1,-1,-1,1,-1,-1,-1,-1,-1,-1,1,-1,1,1,1,1,-1,1,-1,1,1,-1,-1,-1,1,-1,-1,1,-1,1,-1,-1,1,1,1,1,-1,-1,1,1,1,1,-1,1,-1,-1,1,1,1,-1,-1,-1,1,1,1,1,-1,-1,-1,1,-1,1,-1,1,1,-1,-1,1,1,1,-1,-1,-1,1,1,1,1,1,-1,-1,-1,1,1,1,1,-1,-1,-1,1,-1,1,-1,-1,-1,-1,1,1,1,1,-1,1,-1,1,-1,1,1,-1,-1,-1,1,1,-1,1,-1,-1,-1,1,1,1,1,-1,-1,1,-1,1,-1,1,-1,1,1,-1,1,1,1,-1,-1,1,1,-1,1,1,-1,1,1,1,-1,1,-1,-1,-1,1,-1,-1,1,-1,-1,1,-1,1,-1,1,1,-1,-1,-1,1,-1,1,1,1,-1,1,1,-1,1,-1,1,1,-1,-1,-1,1,1,-1,-1,1,1,-1,1,1,-1,-1,1,-1,1,-1,1,-1,-1,-1,-1,-1,-1,1,-1,-1,1,-1,1,-1,1,-1,-1,-1,-1,-1,-1,1,-1,-1,-1,-1,-1,1,-1,-1,1,-1,-1,1,-1,1,-1,-1,-1,-1,1,-1,1,1,-1,-1,-1,1,1,1,-1,-1,1,-1,1,-1,1,-1,1,-1,-1,-1,1,1,-1,-1,-1,-1,1,-1,1,1,-1,1,-1,-1,1,1,-1,-1,-1,-1,-1,-1,1,1,-1,-1,1,-1,1,1,-1,-1,-1,1,-1,1,1,-1,-1,1,-1,-1,1,1,1,-1,1,-1,1,1,1,-1,-1,1,-1,-1,1,1,1,-1,1,-1,-1,1,1,-1,1,1,-1,-1,1,1,1,1,1,-1,-1,1,1,1,1,1,-1,-1,1,1,1,1,1,1,-1,1,1,1,-1,1,-1,-1,1,-1,1,1,1,1,-1,-1,1,-1,1,1,1,-1,1,1,1,1,-1,1,-1,1,1,1,1,1,1,-1,-1,-1,1,1,1,-1,1,-1,1,1,1,1,-1,1,-1,1,1,1,-1,-1,1,-1,-1,1,-1,1,-1,-1,-1,1,1,1,-1,1,-1,-1,1,1,1,-1,-1,-1,-1,1,1,1,-1,-1,-1,-1,-1,1,1,-1,1,-1,-1,-1,1,1,-1,1,-1,1,-1,1,1,1,1,1,-1,-1,1,1,-1,-1,1,1,-1,-1,1,-1,1,-1,-1,1,1,-1,-1,1,-1,-1,-1,1,1,-1,1,1,-1,1,1,-1,-1,1,-1,1,-1,-1,-1,-1,1,-1,-1,1,1,-1,1,1,-1,1,1,1,1,-1,1,-1,1,1,1,1,-1,1,-1,-1,1,1,1,-1,1,-1,1,1,1,1,-1,1,-1,1,1,-1,-1,-1,1,-1,-1,1,1,-1,-1,-1,1,-1,1,-1,1,-1,1,-1,-1,1,-2672.0,1,2000,445,1500,True
517,1,1,-1,-1,1,-1,-1,-1,1,1,1,-1,1,1,1,1,-1,1,-1,-1,-1,-1,1,1,1,-1,-1,-1,1,1,1,1,1,-1,-1,-1,1,-1,1,-1,-1,-1,-1,1,1,1,1,-1,1,1,1,1,-1,1,-1,-1,1,-1,1,1,1,-1,-1,-1,1,1,1,1,-1,-1,-1,1,1,1,1,-1,-1,-1,1,1,1,-1,-1,-1,1,1,1,1,-1,-1,-1,1,1,1,1,-1,-1,1,1,-1,1,1,-1,-1,1,1,1,1,1,-1,-1,-1,1,-1,1,1,-1,-1,1,1,1,1,1,1,-1,-1,1,1,-1,1,1,-1,1,1,1,1,1,1,-1,1,1,1,1,1,1,-1,1,1,1,1,1,1,-1,-1,-1,1,1,1,1,-1,1,1,1,1,-1,1,-1,1,-1,1,1,1,-1,-1,1,1,1,1,1,-1,1,-1,-1,1,-1,1,-1,1,1,1,1,1,1,1,1,1,-1,1,-1,1,-1,1,1,-1,1,-1,1,1,-1,1,-1,1,-1,1,1,1,1,-1,1,-1,1,-1,-1,1,-1,-1,1,1,-1,-1,1,-1,1,-1,1,-1,-1,1,-1,1,-1,1,-1,1,1,-1,-1,-1,1,-1,-1,1,-1,1,1,1,-1,1,1,-1,-1,-1,1,-1,1,-1,1,-1,1,1,-1,1,-1,-1,-1,1,1,-1,1,-1,-1,-1,1,1,1,-1,1,1,-1,-1,1,1,-1,1,1,-1,1,1,1,1,-1,1,-1,1,1,1,-1,-1,1,1,-1,1,-1,1,1,1,-1,-1,1,-1,-1,1,1,1,-1,1,1,1,-1,1,-1,-1,1,1,1,1,1,-1,1,1,1,-1,-1,1,-1,1,1,1,-1,1,1,-1,-1,1,1,1,-1,1,-1,1,1,1,-1,1,1,-1,1,1,1,-1,1,-1,-1,1,1,1,-1,1,-1,-1,-1,1,1,-1,1,-1,-1,1,-1,1,-1,1,1,-1,-1,1,1,1,-1,1,-1,-1,1,1,-1,1,-1,1,-1,-1,-1,-1,1,1,-1,-1,1,1,-1,1,1,-1,-1,1,1,1,1,1,-1,1,1,1,-1,1,-1,-1,-1,-1,1,1,1,1,-1,-1,1,1,1,1,-1,-1,-1,-1,-1,1,-1,-1,-1,1,-1,1,1,1,1,-1,1,1,-1,1,-1,1,-1,-1,1,-1,1,1,1,-1,1,1,-1,-1,1,1,-1,-1,1,-1,1,1,-1,1,-1,1,-1,-1,1,1,-1,1,1,-1,1,1,1,-1,1,1,-1,1,-1,-1,-1,1,-1,-1,1,-1,-1,-1,1,-1,-1,1,-1,1,-1,1,-1,-1,1,-1,-1,-1,1,-1,-1,1,-1,-1,-1,1,1,-1,1,-1,-1,-1,1,1,-1,-1,-1,1,-1,1,-1,-1,1,-1,-1,1,-1,1,-1,-1,1,-1,1,-1,1,-1,-1,1,-1,-1,1,1,1,-1,1,-1,1,-1,1,1,1,-1,-1,-1,1,-1,-1,-1,1,1,-1,1,-1,1,-1,1,-1,1,1,-1,1,1,1,-1,-1,1,-1,1,-1,1,1,-1,1,-1,-1,1,1,-1,-1,1,-1,-1,-1,1,-1,-1,1,-1,1,1,1,1,-1,1,-1,-1,1,1,-1,-1,1,-1,-1,-1,1,1,-1,-1,1,1,-1,-1,-1,-1,1,1,1,1,1,1,-1,-1,1,1,1,-1,-1,-1,1,1,1,1,-1,1,-1,1,-1,1,-1,1,1,-1,-1,1,1,1,-1,-1,-1,1,1,1,1,1,-1,-1,-1,1,1,1,-1,-1,-1,-1,1,1,1,1,-1,-1,1,1,1,1,1,-1,-1,-1,1,1,1,1,-1,-1,-1,1,1,-1,1,-1,-1,-1,1,1,1,1,-1,-1,1,1,1,1,1,-1,1,1,-1,1,1,-1,-1,-1,1,1,1,1,1,-1,1,1,1,1,1,1,-1,-1,1,-1,1,-1,1,-1,-1,1,-1,1,-1,-1,-1,-1,1,-1,1,1,-1,1,-1,1,1,1,-1,1,1,-1,1,-1,1,-1,-1,-1,-1,1,1,-1,-1,-1,-1,-1,1,-1,1,-1,-1,-1,-1,-1,-1,-1,1,-1,-1,-1,1,-1,-1,1,-1,-1,-1,-1,-1,-1,1,-1,-1,-1,-1,-1,1,-1,-1,-1,1,-1,-1,1,-1,1,-1,-1,-1,-1,-1,-1,-1,1,-1,-1,-1,1,1,1,-1,-1,-1,1,-1,-1,-1,-1,1,-1,-1,1,-1,1,-1,-1,-1,-1,1,-1,1,1,-1,1,-1,-1,1,1,-1,-1,-1,-1,-1,-1,1,1,-1,-1,1,-1,1,1,-1,-1,-1,-1,-1,1,1,-1,-1,-1,1,-1,1,1,1,-1,-1,-1,1,1,1,-1,-1,1,-1,-1,1,-1,1,-1,1,-1,-1,1,1,-1,1,-1,-1,-1,1,1,1,1,1,1,-1,1,1,-1,1,1,1,-1,1,1,1,1,1,1,-1,-1,1,1,1,1,-1,-1,1,-1,1,1,1,1,-1,-1,1,-1,1,-1,1,-1,1,1,1,1,-1,1,-1,1,1,1,1,1,1,1,-1,1,1,1,1,-1,1,-1,1,1,1,1,1,-1,1,1,1,1,-1,1,1,-1,1,1,-1,1,1,-1,-1,1,1,1,1,-1,1,-1,1,1,1,-1,-1,1,-1,1,1,1,-1,1,-1,-1,-1,1,1,-1,-1,1,-1,-1,1,1,-1,-1,1,-1,-1,1,1,1,-1,-1,-1,-1,1,1,-1,-1,-1,1,-1,-1,1,-1,1,1,-1,1,1,-1,-1,1,-1,-1,-1,1,1,-1,1,1,-1,1,1,-1,-1,-1,-1,1,-1,-1,-1,-1,1,-1,-1,1,1,-1,1,1,-1,1,1,1,1,-1,1,-1,1,1,1,-1,-1,1,-1,-1,1,1,-1,-1,1,-1,1,1,1,-1,-1,1,-1,1,1,1,1,-1,1,-1,-1,1,1,-1,-1,-1,1,-1,1,1,1,-1,1,-1,-1,1,-2672.0,1,2000,445,1000,False
518,1,1,-1,-1,1,1,-1,-1,1,1,1,-1,1,1,1,1,-1,1,-1,-1,-1,-1,1,1,1,-1,-1,-1,1,1,1,1,1,-1,-1,-1,1,-1,1,1,-1,-1,-1,1,1,1,1,-1,1,1,1,1,-1,1,-1,-1,1,-1,1,1,-1,-1,-1,-1,1,1,1,1,-1,-1,-1,1,1,1,1,-1,-1,-1,1,1,1,-1,-1,-1,1,1,1,1,-1,1,-1,1,1,1,1,-1,-1,1,1,-1,1,1,-1,-1,1,1,1,1,1,-1,-1,1,1,-1,1,1,-1,-1,1,1,1,1,1,1,-1,1,1,1,-1,1,1,-1,1,1,1,1,1,1,-1,-1,1,1,1,1,1,-1,1,1,1,1,1,1,-1,-1,-1,1,1,1,1,-1,1,1,1,1,-1,1,-1,1,-1,1,1,1,-1,-1,1,1,1,1,1,-1,1,-1,-1,1,-1,1,-1,1,1,1,1,1,1,1,1,1,-1,1,-1,1,-1,1,1,-1,1,-1,1,1,-1,1,-1,1,-1,1,-1,1,1,-1,1,-1,1,1,1,1,-1,-1,1,1,-1,-1,1,-1,1,-1,-1,1,-1,1,-1,1,-1,1,-1,1,1,-1,-1,-1,1,1,-1,1,-1,1,1,1,-1,1,1,-1,1,-1,1,-1,1,-1,1,-1,1,1,-1,1,-1,-1,-1,1,1,-1,1,-1,-1,-1,1,1,-1,-1,1,1,-1,-1,1,1,-1,1,1,-1,1,1,1,1,-1,1,-1,1,1,-1,1,-1,1,-1,1,1,1,-1,-1,1,-1,-1,1,-1,-1,1,1,1,-1,1,1,1,-1,1,1,1,1,1,1,1,1,-1,1,1,1,1,-1,1,-1,1,1,1,-1,1,1,-1,-1,1,1,1,-1,1,-1,1,1,1,-1,1,1,-1,1,1,1,-1,1,1,-1,1,1,1,1,1,1,1,-1,1,1,-1,1,1,-1,1,-1,1,-1,1,1,1,-1,1,1,1,-1,1,1,-1,1,1,-1,1,1,1,-1,-1,-1,-1,1,1,1,-1,1,1,-1,1,1,-1,-1,1,1,1,1,1,-1,1,1,1,-1,1,1,1,1,-1,1,1,1,-1,1,-1,1,1,1,1,1,1,-1,-1,-1,1,-1,-1,1,-1,1,-1,1,-1,1,1,1,1,-1,1,-1,-1,1,-1,1,-1,1,1,-1,1,1,1,-1,-1,1,-1,1,1,-1,-1,1,1,1,-1,1,1,-1,-1,1,-1,1,1,-1,-1,1,1,1,1,-1,1,-1,1,-1,-1,1,-1,-1,-1,1,-1,1,1,-1,-1,-1,1,-1,1,1,1,-1,-1,1,-1,-1,1,-1,-1,-1,1,-1,1,1,-1,1,-1,1,-1,-1,1,-1,-1,-1,-1,-1,1,1,-1,-1,-1,1,-1,-1,1,-1,-1,-1,-1,1,-1,1,-1,-1,-1,-1,1,-1,-1,1,1,1,-1,1,-1,1,-1,1,-1,1,-1,-1,-1,1,-1,-1,1,1,1,-1,1,-1,1,1,1,-1,1,1,-1,-1,-1,1,-1,-1,1,-1,-1,1,1,1,-1,1,-1,-1,1,1,-1,-1,1,-1,-1,1,1,-1,-1,1,-1,-1,-1,1,1,-1,1,1,-1,-1,1,-1,-1,1,-1,1,-1,1,1,-1,-1,1,-1,-1,-1,-1,-1,1,1,1,-1,-1,1,-1,-1,1,-1,-1,1,-1,-1,1,1,-1,-1,1,1,-1,1,1,-1,1,-1,1,-1,-1,1,1,-1,-1,-1,-1,-1,1,-1,-1,1,-1,-1,-1,1,1,-1,-1,-1,-1,-1,1,-1,-1,-1,-1,-1,1,1,1,-1,-1,-1,-1,-1,1,1,-1,-1,-1,-1,-1,1,1,1,-1,-1,-1,-1,1,1,-1,-1,-1,-1,1,1,1,1,1,-1,1,1,1,1,1,1,-1,-1,1,1,1,1,1,-1,1,1,1,1,-1,1,-1,-1,1,-1,1,-1,1,-1,-1,1,-1,1,1,1,-1,-1,1,-1,1,-1,1,1,-1,1,-1,1,1,1,1,-1,1,-1,1,1,1,-1,-1,1,1,-1,1,1,-1,-1,1,-1,1,-1,1,-1,-1,-1,-1,-1,1,1,-1,-1,1,-1,-1,1,1,-1,-1,-1,-1,1,-1,1,-1,-1,-1,-1,1,-1,-1,-1,1,-1,-1,1,-1,1,-1,-1,-1,-1,-1,-1,1,1,-1,-1,-1,1,1,1,-1,-1,1,-1,-1,-1,1,-1,1,-1,-1,1,1,1,-1,-1,-1,-1,1,-1,1,1,-1,1,-1,-1,1,1,-1,-1,-1,-1,-1,-1,1,1,-1,-1,1,-1,1,1,-1,-1,-1,1,-1,1,1,-1,-1,1,-1,-1,1,1,1,-1,1,-1,1,1,1,-1,-1,1,-1,-1,1,1,1,-1,1,-1,-1,1,1,-1,1,1,-1,-1,1,1,1,1,1,-1,-1,1,1,1,1,1,-1,-1,1,1,1,1,1,1,-1,-1,1,1,1,1,-1,-1,1,-1,1,1,1,1,-1,-1,1,-1,1,1,1,-1,1,1,1,1,-1,1,-1,1,1,1,1,1,1,1,-1,1,1,1,1,-1,1,-1,1,1,1,1,1,-1,1,1,1,1,-1,-1,1,-1,1,1,-1,1,1,-1,-1,1,1,1,-1,1,1,-1,1,1,1,-1,-1,1,-1,1,1,1,-1,1,-1,-1,-1,1,1,-1,-1,1,-1,-1,1,1,-1,-1,1,-1,-1,1,1,1,1,-1,-1,-1,1,1,-1,-1,-1,1,-1,1,1,-1,1,1,-1,1,1,-1,-1,1,1,-1,-1,-1,1,-1,1,1,-1,1,1,-1,-1,-1,-1,1,-1,-1,-1,-1,1,-1,-1,1,1,-1,1,1,-1,1,1,1,1,-1,1,-1,1,1,1,1,-1,1,-1,1,1,1,1,-1,1,-1,-1,1,1,1,-1,1,-1,1,1,1,-1,-1,1,-1,-1,1,1,-1,-1,-1,1,-1,1,-1,1,-1,1,-1,-1,1,-2672.0,1,2000,445,0,False
519,1,1,-1,-1,1,1,-1,-1,1,1,1,-1,-1,1,1,1,-1,1,-1,-1,1,-1,1,1,1,-1,-1,-1,1,1,1,1,-1,-1,-1,-1,1,1,1,1,-1,-1,-1,1,1,1,1,-1,1,1,1,1,-1,1,-1,-1,1,-1,1,1,1,-1,-1,-1,1,1,1,1,-1,-1,-1,1,1,1,1,-1,-1,-1,1,1,1,-1,-1,-1,1,1,1,1,-1,-1,-1,1,1,1,1,-1,-1,1,1,-1,1,1,-1,-1,1,1,1,1,1,-1,-1,1,1,-1,1,1,-1,-1,1,1,1,1,1,1,-1,-1,1,1,-1,1,1,-1,1,1,1,1,1,1,-1,-1,1,1,1,1,1,-1,1,1,1,1,1,1,-1,-1,-1,1,1,1,1,-1,1,1,1,1,-1,1,-1,1,-1,1,1,1,-1,-1,1,1,1,1,1,-1,1,-1,-1,1,-1,1,-1,1,1,1,1,1,1,1,1,1,-1,1,-1,1,-1,1,1,-1,1,-1,1,1,-1,1,-1,1,-1,1,-1,1,1,-1,-1,-1,1,1,1,1,-1,-1,1,1,-1,-1,1,-1,1,-1,1,1,-1,1,-1,1,-1,1,-1,1,1,-1,-1,-1,1,1,-1,1,-1,1,1,1,-1,1,1,-1,-1,-1,1,-1,1,-1,1,-1,1,1,-1,1,-1,-1,-1,1,1,-1,1,-1,-1,-1,1,1,-1,-1,1,1,-1,-1,1,1,-1,1,1,-1,1,1,1,1,-1,1,-1,1,1,-1,1,-1,1,1,1,1,1,1,1,1,-1,-1,1,-1,-1,-1,1,1,-1,1,1,1,-1,1,1,1,1,1,1,1,1,-1,1,1,1,-1,1,1,-1,1,1,1,-1,1,1,-1,-1,1,1,1,-1,1,-1,1,1,1,-1,1,1,-1,1,1,1,-1,1,1,-1,1,1,1,-1,1,1,-1,-1,1,1,-1,1,1,-1,1,-1,1,-1,1,1,1,-1,1,1,1,-1,1,1,-1,1,1,-1,1,-1,1,-1,-1,-1,-1,1,1,1,-1,1,1,-1,1,1,-1,-1,1,1,1,1,1,-1,1,1,1,-1,1,1,1,1,-1,1,1,-1,-1,1,-1,1,-1,1,-1,1,1,-1,-1,-1,1,-1,-1,1,-1,1,-1,1,-1,1,1,1,-1,-1,1,-1,-1,1,-1,1,-1,1,-1,1,1,1,1,-1,-1,1,-1,1,1,-1,-1,1,1,1,-1,1,-1,-1,1,-1,-1,1,1,-1,-1,1,-1,1,1,-1,1,-1,1,-1,1,1,-1,-1,1,1,-1,1,1,-1,-1,-1,1,-1,1,1,1,-1,1,-1,-1,-1,1,-1,-1,-1,1,-1,1,1,1,-1,-1,1,-1,-1,1,-1,-1,-1,-1,-1,1,1,-1,-1,-1,1,-1,-1,1,-1,-1,-1,-1,1,-1,1,-1,-1,1,-1,1,-1,-1,1,1,1,-1,1,-1,1,1,1,1,1,-1,-1,-1,1,-1,-1,1,1,1,-1,1,-1,1,1,1,-1,1,1,-1,1,-1,1,-1,-1,1,-1,-1,1,1,1,-1,1,-1,-1,1,1,-1,-1,1,-1,-1,1,1,-1,-1,1,-1,-1,-1,1,1,-1,1,-1,-1,-1,1,-1,-1,1,-1,1,-1,1,1,-1,-1,1,-1,-1,-1,-1,-1,1,1,1,-1,-1,1,-1,-1,1,-1,-1,1,-1,-1,1,1,-1,-1,1,1,-1,1,1,-1,1,-1,1,-1,-1,1,1,-1,-1,-1,-1,1,1,-1,-1,1,-1,-1,-1,1,1,-1,-1,-1,-1,-1,1,-1,-1,-1,-1,-1,-1,1,1,-1,-1,-1,-1,1,1,1,-1,-1,-1,-1,-1,1,1,1,-1,-1,-1,-1,1,1,-1,-1,-1,-1,1,1,1,1,1,-1,1,1,1,1,1,1,-1,-1,1,1,1,-1,-1,-1,1,1,1,1,-1,1,-1,-1,1,-1,1,-1,1,-1,-1,1,-1,1,-1,1,-1,-1,1,-1,1,-1,1,-1,-1,1,-1,1,1,1,-1,-1,1,-1,1,1,1,-1,-1,1,1,-1,1,1,-1,-1,1,-1,1,-1,1,-1,-1,-1,-1,-1,1,1,-1,-1,1,-1,-1,1,1,-1,-1,-1,-1,-1,-1,1,-1,-1,-1,-1,-1,1,-1,-1,1,-1,-1,1,-1,1,-1,-1,-1,-1,-1,1,1,1,-1,-1,-1,1,1,1,-1,-1,-1,1,-1,-1,1,-1,1,-1,-1,1,1,1,-1,-1,-1,-1,1,-1,1,1,-1,1,-1,-1,1,1,-1,-1,-1,-1,-1,-1,1,1,-1,-1,1,-1,1,1,-1,-1,-1,1,-1,1,1,-1,-1,1,-1,-1,1,1,1,-1,1,-1,1,1,1,-1,-1,1,-1,-1,1,1,1,-1,1,-1,-1,1,1,-1,1,1,-1,-1,1,1,1,1,1,-1,-1,1,1,-1,1,1,-1,-1,1,1,1,1,1,1,-1,1,1,1,1,1,-1,-1,1,-1,1,1,1,1,-1,-1,1,-1,1,1,1,-1,1,1,1,1,-1,1,-1,1,1,1,1,1,1,1,-1,-1,1,1,1,-1,1,-1,1,1,1,1,1,-1,1,1,1,1,-1,1,1,-1,1,1,-1,1,1,-1,-1,1,1,1,1,-1,1,-1,1,1,1,-1,-1,1,-1,1,1,1,-1,1,-1,-1,-1,1,1,-1,-1,1,-1,-1,1,1,-1,-1,1,-1,1,1,1,1,-1,1,-1,-1,1,1,-1,-1,-1,1,1,1,1,-1,1,1,-1,1,1,-1,-1,1,1,-1,-1,1,1,-1,1,1,1,1,1,-1,-1,-1,-1,1,-1,-1,-1,-1,-1,1,1,1,1,-1,1,1,-1,1,1,1,1,-1,1,-1,1,1,1,1,-1,1,-1,1,1,1,1,-1,1,-1,1,1,1,1,-1,1,-1,1,1,-1,-1,-1,1,-1,1,1,1,-1,-1,-1,1,-1,1,-1,1,-1,1,-1,1,1,-2672.0,1,2000,445,1000,False
520,1,1,-1,-1,1,1,-1,-1,1,1,1,-1,1,1,1,1,-1,1,-1,-1,-1,-1,1,1,1,-1,-1,-1,1,1,1,1,-1,-1,-1,-1,1,-1,1,1,-1,-1,-1,1,1,1,1,-1,1,1,1,1,-1,1,-1,-1,1,-1,1,1,1,-1,-1,-1,1,1,1,1,-1,-1,-1,1,1,1,1,-1,-1,-1,1,1,1,-1,-1,-1,1,1,1,1,-1,-1,-1,1,1,1,1,-1,-1,1,1,-1,1,1,-1,-1,1,1,1,1,1,-1,-1,1,1,-1,1,1,-1,-1,1,1,1,1,1,1,-1,1,1,1,-1,1,1,-1,1,1,1,1,1,1,-1,-1,1,1,1,1,1,-1,1,1,1,1,1,1,-1,-1,-1,1,1,1,1,-1,1,1,1,1,-1,1,-1,1,-1,1,1,1,-1,-1,1,1,1,1,1,-1,1,-1,-1,1,-1,1,-1,1,1,1,1,1,1,1,1,1,-1,1,-1,1,-1,1,1,-1,1,-1,1,1,-1,1,-1,1,-1,1,-1,1,1,-1,1,-1,1,1,1,1,-1,-1,1,1,-1,-1,1,-1,1,-1,-1,1,-1,1,-1,1,-1,1,-1,1,1,-1,-1,-1,1,1,-1,1,-1,1,1,1,-1,1,1,-1,1,-1,1,-1,1,-1,1,-1,1,1,-1,1,-1,-1,-1,1,1,-1,1,-1,-1,-1,1,1,-1,-1,1,1,-1,-1,1,1,-1,1,1,-1,1,1,1,1,-1,1,-1,1,1,-1,1,-1,1,1,1,1,1,1,1,1,-1,-1,1,-1,-1,-1,1,1,-1,1,1,1,-1,1,1,1,1,1,1,1,1,-1,1,1,1,-1,1,1,-1,1,1,1,-1,1,1,-1,-1,1,1,1,-1,1,-1,1,1,1,-1,1,1,-1,1,1,1,-1,1,1,-1,1,1,1,-1,1,1,-1,-1,1,1,-1,1,1,-1,1,-1,1,-1,1,1,1,-1,1,1,1,-1,1,1,-1,1,1,-1,1,1,1,-1,-1,-1,-1,1,1,1,-1,1,1,-1,1,1,-1,-1,1,1,1,1,1,-1,1,1,1,-1,1,1,1,-1,-1,1,1,-1,-1,1,-1,1,-1,1,-1,1,1,-1,-1,-1,1,-1,-1,1,1,-1,1,1,-1,1,1,1,1,-1,1,-1,-1,1,-1,1,-1,1,-1,1,1,1,1,-1,-1,1,-1,1,1,1,-1,1,1,1,-1,1,1,-1,1,-1,-1,1,1,1,-1,-1,-1,1,1,1,1,-1,1,-1,-1,1,1,-1,1,1,-1,-1,1,1,-1,-1,1,-1,1,1,1,-1,1,-1,1,-1,1,1,-1,-1,1,-1,1,1,1,1,-1,1,-1,-1,-1,1,1,-1,-1,-1,1,-1,1,-1,-1,1,-1,-1,1,-1,1,-1,-1,1,-1,1,-1,1,1,-1,1,-1,-1,1,1,1,-1,1,-1,1,-1,-1,-1,1,-1,-1,-1,1,-1,-1,1,1,1,-1,1,-1,1,1,1,-1,1,1,-1,-1,-1,1,-1,-1,1,-1,-1,1,1,1,-1,1,-1,-1,1,1,-1,-1,1,-1,-1,1,1,-1,-1,1,-1,-1,-1,1,1,-1,1,-1,-1,-1,1,-1,-1,1,-1,1,-1,1,1,-1,-1,1,-1,-1,-1,-1,-1,1,1,1,-1,1,1,-1,-1,1,-1,-1,-1,-1,-1,1,1,-1,-1,-1,1,-1,1,1,-1,1,1,1,-1,-1,1,1,-1,-1,-1,-1,-1,1,-1,-1,1,-1,-1,-1,1,1,-1,-1,-1,-1,-1,1,-1,-1,1,-1,-1,1,1,1,-1,1,-1,-1,-1,1,1,-1,-1,-1,-1,-1,1,1,1,-1,-1,-1,-1,1,1,-1,-1,-1,-1,1,1,1,1,-1,-1,1,1,1,1,1,-1,-1,-1,1,1,1,-1,1,-1,1,1,1,1,-1,1,-1,-1,1,-1,1,-1,1,-1,-1,1,-1,1,-1,-1,-1,-1,1,-1,1,-1,1,1,-1,1,-1,1,-1,1,1,-1,1,-1,1,-1,-1,-1,-1,1,1,-1,-1,-1,-1,-1,1,-1,1,-1,-1,-1,-1,-1,-1,-1,1,-1,-1,-1,1,-1,-1,1,-1,-1,-1,-1,-1,1,1,-1,-1,-1,-1,-1,1,-1,-1,-1,1,-1,-1,1,-1,1,-1,-1,-1,-1,-1,-1,-1,1,-1,-1,-1,1,1,1,-1,-1,1,-1,-1,-1,-1,-1,1,-1,-1,1,-1,1,-1,-1,-1,-1,1,-1,1,1,-1,1,-1,-1,1,1,-1,-1,-1,-1,-1,-1,1,1,-1,-1,1,-1,1,1,-1,-1,-1,1,-1,1,1,-1,-1,1,-1,-1,1,1,1,-1,1,-1,1,1,1,-1,-1,1,-1,-1,1,1,1,-1,1,-1,-1,1,1,-1,1,1,-1,-1,1,1,-1,1,1,-1,-1,1,1,-1,1,1,-1,-1,1,1,1,1,1,1,-1,1,1,1,-1,1,-1,-1,1,-1,1,1,1,1,-1,-1,1,-1,1,1,1,-1,1,1,1,1,-1,1,-1,1,1,1,1,1,1,1,-1,1,1,1,1,-1,1,-1,1,1,1,1,1,-1,1,1,1,1,-1,1,1,-1,1,1,-1,1,1,-1,-1,1,1,1,1,-1,1,-1,1,1,1,-1,-1,1,-1,1,1,1,-1,1,-1,-1,-1,1,1,-1,-1,1,-1,-1,1,1,-1,-1,1,-1,1,1,1,1,-1,1,-1,-1,1,1,-1,-1,-1,1,1,1,1,-1,1,1,-1,1,1,-1,-1,1,1,-1,-1,1,1,-1,1,1,1,1,1,-1,-1,-1,-1,-1,-1,-1,-1,-1,-1,1,1,1,1,-1,1,1,-1,1,1,1,1,-1,1,-1,1,1,1,1,-1,1,-1,1,1,1,1,-1,1,-1,1,1,1,1,-1,1,-1,1,1,1,-1,-1,1,-1,1,1,1,-1,-1,-1,1,-1,1,1,1,-1,1,-1,1,1,-2672.0,1,2000,445,1500,False
521,1,1,-1,-1,1,1,-1,-1,1,1,1,-1,1,1,1,1,-1,1,-1,-1,1,-1,1,1,1,-1,1,-1,1,1,1,1,-1,-1,-1,-1,1,-1,1,1,-1,-1,-1,1,1,1,1,-1,1,1,1,1,-1,1,-1,-1,1,-1,1,1,1,-1,-1,-1,1,1,1,1,-1,-1,-1,1,1,1,1,-1,-1,-1,1,1,1,-1,-1,-1,1,1,1,1,-1,-1,-1,1,1,1,1,-1,-1,1,1,-1,1,1,-1,-1,1,1,1,1,1,-1,-1,1,1,1,1,1,-1,-1,1,1,1,1,1,1,-1,-1,1,1,-1,1,1,-1,1,1,1,1,1,1,-1,-1,1,1,1,1,1,-1,1,1,1,1,1,1,-1,-1,-1,1,1,1,1,-1,1,1,1,1,-1,1,-1,1,-1,1,1,1,-1,-1,1,1,1,1,1,-1,1,-1,-1,1,-1,1,-1,1,1,1,1,1,1,1,1,1,-1,1,-1,1,-1,1,1,-1,1,-1,1,1,-1,1,-1,1,-1,1,-1,1,1,-1,1,-1,1,1,1,1,-1,-1,1,1,-1,-1,1,-1,1,-1,-1,1,-1,1,-1,1,-1,1,-1,1,1,-1,-1,-1,1,1,-1,1,-1,1,1,1,-1,1,1,-1,1,-1,1,-1,1,-1,1,-1,1,1,-1,1,-1,-1,-1,1,1,-1,1,-1,-1,-1,1,1,-1,-1,1,1,-1,-1,1,1,-1,1,1,-1,1,1,1,1,-1,1,-1,1,1,-1,1,-1,1,1,1,1,1,1,1,1,-1,-1,1,-1,-1,1,1,1,-1,1,1,1,-1,1,1,1,1,1,1,1,1,-1,1,1,1,-1,-1,1,-1,1,1,1,-1,1,1,-1,-1,1,1,1,-1,1,-1,1,1,1,-1,1,1,-1,1,1,1,-1,1,1,-1,1,1,1,-1,1,1,-1,-1,1,1,-1,1,1,-1,1,-1,1,-1,1,1,1,-1,1,1,1,-1,1,1,-1,1,1,-1,1,1,1,-1,-1,-1,-1,1,1,1,-1,1,1,-1,1,1,-1,-1,1,1,1,1,1,-1,1,1,1,-1,1,1,1,1,-1,1,1,1,-1,1,-1,1,1,1,1,1,1,-1,-1,-1,1,-1,-1,1,-1,1,-1,1,1,1,1,1,1,-1,1,-1,-1,1,-1,1,-1,1,1,1,1,1,1,-1,-1,1,-1,1,1,-1,-1,1,1,1,-1,1,1,-1,-1,1,-1,1,1,-1,-1,1,1,1,1,-1,1,-1,1,-1,-1,1,-1,-1,-1,1,-1,1,1,-1,-1,-1,1,-1,1,1,1,-1,-1,1,1,-1,1,-1,-1,-1,1,-1,1,1,-1,1,-1,1,1,-1,1,-1,-1,-1,-1,-1,-1,1,-1,-1,-1,1,-1,-1,1,-1,-1,-1,-1,1,-1,1,-1,-1,-1,-1,1,-1,-1,1,1,1,-1,1,-1,1,-1,1,-1,1,-1,-1,-1,1,-1,-1,-1,1,1,-1,1,-1,1,1,1,-1,1,1,-1,-1,-1,1,-1,-1,1,-1,-1,1,1,1,-1,1,-1,-1,1,1,-1,-1,1,-1,-1,1,1,-1,-1,1,-1,-1,-1,1,1,-1,1,1,-1,-1,1,-1,-1,1,-1,1,-1,1,1,-1,-1,1,-1,-1,-1,-1,-1,1,1,1,-1,-1,1,-1,-1,1,-1,-1,1,-1,-1,1,1,-1,-1,1,-1,-1,1,1,-1,1,-1,1,-1,-1,1,1,-1,-1,-1,-1,-1,1,-1,-1,1,-1,-1,-1,1,1,-1,-1,-1,-1,-1,1,-1,-1,-1,-1,-1,1,1,1,-1,-1,-1,-1,-1,1,1,-1,-1,-1,-1,-1,1,1,1,-1,-1,-1,-1,1,1,-1,-1,-1,-1,1,1,1,1,1,-1,1,1,1,1,1,1,-1,-1,1,1,1,1,1,-1,1,1,1,1,-1,1,-1,-1,1,-1,1,-1,1,-1,-1,1,-1,1,1,1,-1,-1,1,-1,1,-1,1,1,-1,1,-1,1,1,1,1,-1,1,-1,1,1,1,-1,-1,1,1,-1,1,1,-1,-1,1,-1,1,-1,1,-1,-1,-1,-1,-1,1,1,-1,-1,1,-1,-1,1,1,-1,-1,-1,-1,-1,-1,1,-1,-1,-1,-1,1,-1,-1,-1,1,-1,-1,1,-1,1,-1,-1,-1,-1,-1,-1,1,1,-1,-1,-1,1,1,1,-1,-1,1,1,-1,-1,1,-1,1,-1,-1,1,1,1,-1,-1,-1,-1,1,-1,1,1,-1,1,-1,-1,1,1,-1,-1,-1,-1,-1,-1,1,1,-1,-1,1,-1,1,1,-1,-1,-1,1,-1,1,1,-1,-1,1,-1,-1,1,1,1,-1,1,-1,1,1,1,-1,-1,1,-1,-1,1,1,1,-1,1,-1,-1,1,1,-1,1,1,-1,-1,1,1,-1,1,1,-1,-1,1,1,-1,1,1,-1,-1,1,1,1,1,1,1,-1,-1,1,1,1,1,-1,-1,1,-1,1,1,1,1,-1,-1,1,-1,1,1,1,-1,1,1,1,1,-1,1,-1,1,1,1,1,1,1,1,-1,1,1,1,1,-1,1,-1,1,1,1,1,1,-1,1,1,1,1,-1,1,1,-1,1,1,-1,1,1,-1,-1,1,1,1,1,-1,1,-1,1,1,1,-1,-1,1,-1,1,1,1,-1,1,-1,-1,-1,1,1,-1,-1,1,-1,-1,1,1,-1,-1,1,-1,-1,-1,1,1,-1,1,-1,-1,1,1,-1,-1,-1,1,-1,-1,1,-1,1,1,-1,1,1,-1,-1,1,1,-1,-1,1,1,-1,1,1,-1,1,1,-1,-1,-1,-1,1,-1,-1,-1,-1,1,-1,-1,1,1,-1,1,1,-1,1,1,1,1,-1,1,-1,1,1,1,1,-1,1,-1,-1,1,1,1,-1,1,-1,1,1,1,1,-1,1,-1,1,1,-1,-1,-1,1,-1,-1,1,1,-1,-1,-1,1,-1,1,-1,1,-1,1,-1,-1,1,-2672.0,1,2000,445,1000,False
522,-1,-1,1,1,1,1,-1,1,-1,-1,-1,1,-1,1,-1,-1,1,-1,1,1,-1,-1,-1,-1,-1,1,-1,-1,-1,-1,-1,-1,1,1,-1,-1,1,-1,-1,-1,1,-1,-1,-1,-1,-1,-1,1,-1,1,-1,-1,1,-1,1,-1,-1,1,-1,-1,-1,1,1,1,-1,-1,-1,-1,-1,-1,-1,1,-1,-1,-1,-1,-1,-1,1,-1,-1,1,1,-1,1,-1,-1,-1,-1,1,-1,-1,-1,-1,-1,-1,-1,1,1,1,-1,-1,-1,-1,1,1,1,-1,-1,-1,-1,1,1,1,-1,-1,-1,-1,1,1,1,-1,-1,-1,-1,1,1,1,1,-1,-1,-1,-1,1,1,-1,-1,-1,-1,-1,1,1,1,-1,-1,-1,1,1,1,1,-1,-1,-1,-1,-1,1,1,1,-1,-1,1,1,1,1,-1,-1,1,-1,-1,1,-1,-1,-1,-1,-1,1,1,1,-1,-1,-1,1,-1,1,-1,-1,-1,-1,-1,1,1,1,-1,-1,1,-1,-1,1,1,-1,-1,1,-1,-1,1,1,-1,-1,-1,1,-1,1,1,-1,1,-1,1,-1,1,1,-1,1,-1,-1,-1,-1,1,1,-1,-1,1,-1,1,1,-1,1,-1,-1,-1,1,1,-1,1,1,-1,-1,-1,1,-1,-1,1,-1,-1,1,-1,-1,1,1,-1,-1,1,1,-1,1,-1,-1,1,-1,-1,-1,1,-1,-1,-1,1,-1,-1,1,-1,-1,-1,-1,1,-1,1,-1,-1,1,-1,1,-1,1,1,-1,1,-1,-1,-1,1,-1,-1,1,-1,-1,-1,1,1,-1,1,1,-1,-1,-1,1,-1,1,-1,-1,-1,1,1,-1,1,1,-1,-1,1,1,-1,1,-1,-1,-1,1,-1,-1,1,-1,-1,-1,1,1,-1,1,-1,-1,1,1,-1,1,1,-1,1,1,1,-1,-1,1,-1,1,1,1,1,1,1,-1,-1,1,1,1,1,-1,-1,-1,1,1,1,1,-1,-1,1,-1,1,1,1,-1,-1,1,-1,1,-1,1,1,-1,1,-1,1,1,1,1,-1,-1,1,1,1,-1,-1,-1,1,1,-1,-1,1,1,-1,1,-1,1,-1,1,-1,1,1,-1,1,1,1,-1,1,1,-1,1,-1,1,-1,-1,1,-1,1,1,1,1,-1,1,1,-1,1,1,-1,-1,1,-1,-1,1,-1,1,-1,-1,1,-1,-1,1,-1,-1,-1,1,-1,1,-1,1,-1,1,1,-1,1,-1,-1,-1,-1,1,-1,-1,1,1,-1,-1,1,-1,1,1,-1,1,-1,1,-1,1,-1,1,-1,-1,-1,-1,-1,-1,-1,1,-1,1,-1,1,-1,1,-1,-1,-1,1,1,-1,1,-1,-1,-1,-1,1,-1,-1,-1,-1,-1,1,-1,1,1,-1,1,-1,-1,1,-1,-1,1,-1,-1,-1,1,-1,1,-1,1,-1,-1,-1,-1,1,-1,1,-1,-1,1,-1,1,1,1,-1,-1,-1,1,1,-1,1,-1,-1,-1,1,1,1,-1,1,1,-1,1,1,1,1,1,1,1,-1,-1,-1,1,-1,-1,1,-1,1,-1,1,-1,1,-1,-1,-1,1,1,-1,1,1,-1,1,-1,1,-1,1,1,-1,1,-1,1,-1,-1,-1,-1,1,-1,1,-1,-1,-1,-1,1,-1,1,-1,1,1,1,1,-1,1,-1,1,1,-1,1,-1,1,-1,-1,1,-1,1,-1,-1,1,1,1,1,1,-1,1,1,1,1,-1,1,-1,-1,1,1,1,-1,-1,-1,1,1,1,1,-1,-1,-1,1,-1,1,-1,1,1,-1,-1,1,1,1,-1,-1,-1,-1,1,1,1,1,1,-1,-1,1,1,1,1,1,-1,-1,1,-1,1,-1,1,-1,1,1,1,1,1,1,-1,-1,1,-1,1,1,1,-1,-1,1,1,-1,1,1,-1,-1,1,1,1,1,1,1,-1,1,1,-1,-1,1,-1,-1,1,1,1,-1,1,-1,-1,1,-1,-1,1,1,-1,-1,1,-1,1,-1,1,1,-1,1,-1,1,-1,1,-1,-1,1,-1,1,1,1,1,-1,1,-1,1,-1,1,1,-1,1,-1,1,-1,1,1,-1,1,1,1,1,1,-1,1,1,-1,1,1,1,1,-1,1,-1,1,-1,1,1,-1,1,1,-1,1,1,1,-1,1,1,-1,1,1,1,1,1,-1,-1,1,1,1,1,1,-1,1,-1,1,1,1,1,1,-1,1,1,1,1,1,1,-1,1,-1,1,1,1,1,1,1,1,1,1,1,1,-1,1,1,-1,1,1,-1,1,1,1,1,1,1,1,-1,1,1,1,1,1,-1,1,1,1,1,1,1,-1,-1,1,-1,1,1,1,-1,1,1,1,1,1,-1,-1,1,1,1,1,1,1,-1,1,1,-1,1,1,-1,1,1,1,1,1,1,-1,-1,1,1,1,1,-1,-1,-1,1,1,1,1,-1,-1,-1,1,1,1,1,-1,1,-1,1,1,1,1,1,-1,-1,1,1,-1,1,1,-1,-1,1,1,-1,1,-1,-1,-1,1,-1,-1,1,1,-1,-1,-1,1,-1,1,1,-1,-1,1,1,-1,1,1,-1,-1,1,1,-1,1,1,-1,-1,-1,1,1,1,1,-1,1,-1,1,1,1,-1,-1,1,-1,1,1,1,1,-1,1,-1,1,1,-1,1,-1,-1,-1,1,-1,1,-1,1,-1,-1,1,-1,1,1,-1,-1,-1,1,-1,1,1,1,-1,-1,-1,1,1,-1,1,-1,-1,-1,-1,1,-1,1,1,-1,1,-1,1,1,1,1,-1,-1,1,1,1,1,1,1,1,1,1,-1,1,-1,-1,1,1,1,1,1,-1,-1,-1,-1,1,1,1,1,1,1,1,-1,1,1,-1,-1,-1,-1,1,1,1,-1,1,1,1,-1,1,1,-1,1,1,1,1,1,1,-1,1,1,1,1,1,1,-1,1,1,1,1,-1,1,-1,1,1,1,1,-1,1,-1,1,1,1,-1,1,1,-1,-1,1,1,-1,1,1,1,-1,1,1,-1,1,1,-1,-1,1,-2672.0,1,2000,445,1500,True
523,1,1,-1,-1,1,-1,1,-1,1,1,1,-1,1,1,1,1,-1,1,-1,-1,1,-1,1,1,1,-1,-1,-1,1,1,1,1,-1,-1,-1,-1,1,-1,1,1,-1,-1,-1,1,1,1,1,-1,1,1,1,1,-1,1,-1,-1,1,-1,1,1,1,-1,-1,-1,1,1,1,1,-1,-1,-1,1,1,1,1,-1,-1,-1,1,1,1,-1,-1,-1,1,1,1,1,-1,-1,-1,1,1,1,1,-1,-1,1,1,-1,1,1,-1,-1,1,1,1,1,1,-1,-1,1,1,1,1,1,-1,-1,1,1,1,1,1,1,-1,-1,1,1,-1,1,1,-1,1,1,1,1,1,1,-1,-1,1,1,1,1,1,-1,1,1,1,1,1,1,-1,-1,-1,1,1,1,1,-1,1,1,1,1,-1,1,-1,1,-1,1,1,1,-1,-1,1,1,1,1,1,-1,1,-1,-1,1,-1,1,-1,1,1,1,1,1,1,1,1,1,-1,1,-1,1,-1,1,1,-1,1,-1,1,1,-1,1,-1,1,-1,1,-1,1,1,-1,1,-1,1,1,1,1,-1,-1,1,1,-1,-1,1,-1,1,-1,-1,1,-1,1,-1,1,-1,1,-1,-1,1,-1,-1,-1,1,1,-1,1,-1,1,1,1,-1,1,1,-1,1,-1,1,-1,1,-1,1,-1,1,1,-1,1,-1,-1,-1,1,1,-1,1,-1,-1,-1,1,1,-1,-1,1,1,-1,-1,1,1,-1,1,1,-1,1,1,1,1,-1,1,-1,1,1,-1,1,-1,1,1,-1,1,1,1,1,1,-1,-1,1,-1,-1,-1,1,1,-1,1,1,1,-1,1,-1,-1,1,1,1,1,1,-1,1,1,1,-1,1,1,-1,1,1,1,-1,1,1,-1,-1,1,1,1,-1,1,-1,1,1,1,-1,1,1,-1,1,1,1,-1,1,-1,-1,1,1,1,-1,1,-1,-1,-1,1,1,-1,1,-1,-1,1,-1,1,-1,1,1,-1,-1,1,1,1,-1,1,-1,-1,1,1,-1,1,-1,-1,-1,-1,-1,-1,1,1,-1,-1,1,1,-1,1,-1,-1,-1,1,1,1,1,-1,-1,1,1,1,-1,1,-1,-1,-1,-1,1,1,-1,1,-1,-1,1,-1,1,-1,-1,-1,1,-1,-1,1,-1,1,-1,-1,1,-1,1,-1,-1,-1,1,1,-1,1,-1,1,-1,-1,1,-1,1,-1,-1,-1,-1,1,-1,-1,1,1,-1,-1,1,-1,1,1,-1,1,-1,1,-1,1,-1,1,-1,-1,1,-1,1,-1,-1,-1,1,1,-1,1,-1,1,-1,1,-1,1,1,-1,1,-1,1,-1,-1,1,-1,-1,-1,1,-1,1,-1,-1,1,-1,1,-1,-1,1,-1,-1,1,-1,1,-1,1,-1,1,-1,1,1,-1,-1,-1,1,-1,1,-1,-1,1,-1,1,1,1,1,-1,-1,1,1,-1,1,1,-1,-1,1,1,1,-1,1,1,-1,1,1,1,1,1,1,1,-1,-1,-1,1,-1,-1,1,-1,1,-1,1,-1,1,-1,-1,-1,1,1,-1,1,1,-1,-1,-1,1,-1,1,1,-1,1,-1,1,-1,-1,-1,-1,-1,-1,1,-1,-1,-1,-1,-1,-1,1,-1,1,1,1,1,-1,1,-1,1,1,-1,-1,-1,1,-1,-1,1,-1,1,-1,-1,1,1,1,1,-1,-1,1,1,1,1,-1,1,-1,-1,1,1,1,-1,-1,-1,1,1,1,1,-1,-1,-1,1,-1,1,-1,1,1,-1,-1,1,1,1,-1,-1,-1,1,1,1,1,1,-1,-1,-1,1,1,1,1,-1,-1,-1,1,1,1,-1,-1,-1,1,1,1,1,1,-1,-1,-1,1,1,1,1,-1,-1,-1,1,1,-1,1,-1,-1,-1,1,1,1,1,-1,-1,1,1,1,1,-1,-1,1,1,-1,1,1,-1,-1,-1,1,1,1,1,1,-1,1,1,1,1,1,-1,-1,-1,1,-1,1,-1,-1,-1,-1,1,-1,1,1,1,-1,-1,1,-1,1,1,-1,1,-1,1,1,1,1,-1,1,-1,1,-1,1,1,-1,-1,-1,1,1,-1,-1,-1,-1,-1,1,-1,1,-1,-1,-1,-1,-1,-1,-1,1,-1,-1,-1,1,-1,-1,1,-1,-1,-1,-1,-1,-1,1,-1,-1,-1,-1,-1,1,-1,-1,-1,1,-1,-1,1,-1,1,-1,-1,-1,-1,-1,-1,-1,1,-1,-1,-1,1,1,-1,-1,-1,1,-1,-1,-1,-1,-1,1,-1,-1,1,1,1,-1,-1,-1,-1,1,-1,1,1,-1,1,-1,-1,1,1,-1,-1,-1,-1,-1,-1,1,1,-1,-1,1,-1,1,1,-1,-1,-1,1,-1,1,1,-1,-1,1,-1,-1,1,1,1,-1,1,-1,1,1,1,-1,-1,1,-1,-1,1,-1,1,-1,1,-1,-1,1,1,-1,1,1,-1,-1,1,1,-1,1,1,-1,-1,1,1,-1,1,1,-1,-1,1,1,1,1,-1,1,-1,1,1,1,-1,1,-1,-1,1,-1,1,1,1,1,-1,-1,1,-1,1,1,1,-1,1,1,1,1,-1,1,-1,1,1,1,1,1,1,1,-1,1,1,1,1,-1,1,-1,1,1,1,1,1,-1,1,1,1,1,-1,1,1,-1,1,1,-1,1,1,-1,-1,1,1,1,1,-1,1,-1,1,1,1,-1,-1,1,-1,1,1,1,-1,1,-1,-1,-1,1,1,-1,-1,1,-1,-1,1,1,1,-1,1,-1,1,1,1,1,-1,1,-1,-1,1,1,-1,-1,-1,1,1,-1,1,-1,1,1,-1,1,1,-1,-1,1,1,-1,-1,1,1,-1,1,1,1,1,1,-1,-1,-1,-1,1,-1,-1,-1,-1,-1,1,1,1,1,-1,1,1,-1,1,1,1,1,-1,1,-1,1,1,1,1,-1,1,-1,1,1,1,1,-1,1,-1,1,1,1,1,-1,1,-1,1,1,-1,-1,-1,1,-1,1,1,1,-1,-1,-1,1,-1,1,-1,1,-1,1,-1,1,1,-2672.0,1,2000,445,1500,False
524,-1,-1,1,1,1,1,-1,1,-1,-1,-1,1,-1,1,-1,-1,1,-1,1,1,1,1,-1,-1,-1,1,-1,-1,-1,-1,-1,-1,1,1,-1,1,1,-1,-1,-1,1,-1,1,-1,-1,-1,-1,-1,1,-1,-1,-1,1,-1,1,-1,-1,1,-1,-1,-1,1,1,1,-1,-1,-1,-1,-1,-1,1,-1,-1,-1,-1,-1,1,1,-1,-1,-1,1,1,-1,-1,-1,-1,-1,-1,1,-1,-1,-1,-1,-1,-1,-1,1,-1,1,-1,-1,-1,-1,1,-1,-1,-1,-1,-1,-1,1,-1,-1,-1,-1,-1,-1,1,-1,-1,1,-1,-1,-1,1,-1,-1,1,-1,-1,-1,1,-1,-1,1,-1,-1,-1,1,-1,-1,1,-1,-1,-1,-1,-1,-1,-1,-1,-1,-1,1,1,-1,1,1,-1,-1,1,-1,-1,-1,-1,-1,1,1,1,-1,-1,-1,-1,-1,1,-1,-1,1,-1,-1,1,-1,1,-1,-1,-1,-1,1,1,-1,-1,1,-1,1,1,1,1,-1,1,-1,-1,1,1,1,-1,1,-1,-1,-1,1,1,-1,1,-1,-1,1,1,1,-1,1,1,1,1,1,1,1,-1,1,-1,-1,1,1,-1,-1,1,1,-1,1,1,-1,-1,1,-1,1,1,1,1,-1,-1,1,-1,1,1,-1,1,1,-1,1,1,1,-1,-1,1,-1,1,-1,1,1,1,1,-1,1,-1,1,1,-1,1,-1,1,-1,1,1,1,1,-1,-1,1,1,1,1,1,1,-1,1,1,-1,-1,-1,1,1,-1,1,1,-1,-1,1,-1,-1,1,1,1,-1,1,1,1,1,1,1,-1,1,-1,1,1,-1,1,-1,1,1,-1,1,1,1,-1,1,1,1,1,1,-1,1,1,-1,1,1,1,-1,1,1,-1,1,1,1,-1,1,1,1,-1,1,1,1,1,1,-1,1,1,1,1,1,1,-1,1,-1,1,-1,1,1,-1,1,-1,1,1,-1,1,-1,1,-1,1,1,-1,1,-1,1,1,-1,1,-1,1,1,1,1,-1,1,-1,1,-1,1,-1,-1,1,1,-1,-1,1,1,-1,1,-1,1,-1,1,-1,1,1,-1,1,1,1,1,-1,1,-1,1,-1,1,-1,-1,1,-1,1,1,1,1,-1,1,1,1,1,1,-1,-1,1,-1,-1,1,-1,1,-1,-1,1,-1,1,1,-1,-1,-1,1,-1,1,-1,1,-1,-1,1,-1,1,1,-1,-1,-1,1,-1,-1,1,1,-1,-1,1,-1,1,1,-1,1,-1,1,-1,-1,1,1,-1,-1,-1,-1,1,1,-1,1,-1,1,-1,1,-1,1,-1,-1,1,-1,1,-1,1,-1,-1,-1,-1,1,-1,-1,-1,-1,-1,-1,1,-1,1,-1,1,-1,-1,1,-1,-1,1,-1,-1,-1,1,1,1,-1,1,-1,-1,-1,1,1,-1,1,-1,-1,1,-1,1,1,1,-1,-1,-1,1,1,-1,1,-1,-1,-1,1,1,1,-1,1,1,-1,1,1,1,1,1,1,1,-1,1,1,-1,1,-1,1,-1,-1,1,-1,-1,1,-1,-1,1,-1,-1,-1,1,1,-1,1,1,-1,-1,1,1,-1,-1,1,-1,-1,-1,-1,-1,1,1,-1,-1,-1,-1,-1,1,1,-1,-1,1,1,1,-1,1,-1,1,-1,1,-1,1,1,-1,-1,-1,1,-1,-1,1,1,-1,1,1,1,1,1,1,-1,-1,1,-1,1,1,1,-1,-1,1,-1,1,1,-1,-1,1,1,-1,1,1,-1,1,1,-1,1,1,1,1,-1,1,1,-1,1,1,-1,1,1,1,1,1,1,1,-1,-1,1,1,1,1,1,-1,1,1,-1,1,1,1,-1,-1,1,1,1,-1,1,-1,-1,1,1,1,1,1,-1,-1,-1,1,1,1,1,-1,-1,1,1,1,1,-1,1,-1,1,-1,1,-1,-1,1,-1,1,-1,1,1,-1,-1,1,-1,1,1,-1,1,-1,-1,1,-1,1,1,-1,1,-1,1,-1,1,-1,1,-1,-1,1,1,1,1,1,1,-1,1,-1,1,-1,1,-1,-1,1,-1,1,1,-1,1,1,1,1,1,-1,1,1,-1,1,1,1,1,-1,1,-1,1,-1,1,1,-1,1,1,-1,1,1,1,-1,1,1,-1,1,1,1,1,1,-1,-1,1,1,1,-1,1,-1,1,-1,1,1,-1,1,1,-1,1,1,1,-1,1,1,-1,1,1,1,-1,-1,1,1,1,1,1,1,1,1,-1,1,1,1,-1,1,-1,1,1,1,1,-1,-1,1,-1,1,1,1,1,-1,-1,1,1,1,1,1,1,-1,-1,1,-1,1,1,-1,-1,1,1,1,1,1,-1,-1,1,1,1,1,1,-1,-1,1,1,-1,1,1,-1,1,1,1,1,1,1,-1,-1,1,1,1,1,1,-1,-1,1,1,1,1,1,-1,-1,1,1,1,1,1,-1,-1,1,1,1,1,1,-1,-1,1,1,-1,1,1,1,-1,-1,1,-1,1,1,-1,-1,1,-1,-1,1,1,1,-1,-1,1,-1,1,1,1,-1,1,1,-1,1,-1,1,-1,1,1,-1,1,1,1,1,-1,1,1,1,1,-1,1,-1,1,1,1,1,1,-1,1,1,1,1,-1,1,1,-1,1,1,-1,1,1,-1,-1,1,-1,1,1,-1,1,-1,1,-1,1,-1,-1,1,-1,1,-1,1,-1,1,-1,-1,-1,1,1,-1,-1,1,-1,-1,-1,1,-1,-1,1,-1,-1,-1,1,1,-1,-1,-1,-1,1,-1,-1,-1,-1,1,-1,1,-1,-1,1,1,-1,1,1,-1,-1,1,-1,-1,-1,-1,1,-1,1,1,-1,1,-1,1,-1,-1,-1,1,-1,-1,-1,-1,1,-1,-1,1,1,-1,1,1,-1,1,1,-1,-1,-1,1,-1,1,1,1,1,-1,1,-1,-1,-1,1,-1,-1,1,-1,1,1,1,1,-1,1,-1,1,1,-1,-1,-1,1,-1,-1,1,1,-1,-1,-1,1,-1,1,-1,1,-1,1,-1,-1,1,-2672.0,1,2000,445,1500,True
525,1,1,-1,-1,1,-1,-1,-1,1,1,1,-1,1,1,1,1,-1,1,1,-1,-1,-1,1,1,1,1,-1,-1,1,1,1,1,-1,-1,-1,-1,1,1,1,1,-1,-1,-1,1,1,1,1,-1,1,1,1,1,-1,1,-1,-1,1,-1,1,1,1,-1,-1,-1,1,1,1,1,-1,-1,-1,1,1,1,1,-1,-1,-1,1,1,1,-1,-1,-1,1,1,1,1,-1,-1,1,1,1,1,1,-1,-1,-1,1,-1,1,1,-1,-1,1,1,1,1,1,-1,-1,-1,1,-1,1,1,-1,-1,1,1,1,1,1,1,-1,-1,1,1,-1,1,1,-1,1,1,1,1,1,1,-1,1,1,1,1,1,1,-1,1,1,1,1,1,1,-1,-1,-1,1,1,1,1,-1,1,1,1,1,-1,1,-1,1,-1,1,1,1,-1,-1,1,1,1,1,1,-1,1,-1,-1,1,-1,1,-1,1,1,1,1,1,1,1,1,1,1,1,-1,1,-1,1,1,-1,1,-1,1,1,-1,1,-1,1,-1,1,-1,1,1,-1,1,-1,1,1,1,1,-1,-1,1,1,-1,-1,1,-1,1,-1,1,1,-1,1,-1,1,-1,1,-1,1,1,-1,1,-1,1,1,-1,1,-1,1,1,1,-1,1,1,-1,1,-1,1,-1,1,-1,1,-1,1,1,-1,1,-1,-1,-1,1,1,-1,1,-1,-1,-1,1,1,-1,-1,1,1,-1,-1,1,1,-1,1,1,-1,1,1,1,1,-1,1,-1,1,1,-1,1,-1,1,1,1,1,1,1,1,1,-1,-1,1,-1,-1,1,1,1,-1,1,1,1,-1,1,1,1,1,1,1,1,1,-1,1,1,1,-1,1,1,-1,1,1,1,-1,1,1,-1,-1,1,1,1,-1,1,-1,1,1,1,-1,1,1,-1,1,1,1,-1,1,1,-1,1,1,1,-1,1,1,1,-1,1,1,-1,1,1,-1,1,-1,1,-1,1,1,1,-1,1,1,1,-1,1,1,-1,1,1,-1,1,1,1,-1,-1,-1,-1,1,1,1,-1,1,1,-1,1,1,-1,-1,1,1,1,1,1,-1,1,1,1,-1,1,1,1,1,-1,1,1,-1,-1,1,-1,1,-1,1,-1,1,1,-1,-1,-1,1,-1,-1,1,-1,1,-1,1,-1,1,1,1,-1,-1,1,-1,-1,1,-1,1,-1,1,-1,1,1,1,1,-1,-1,1,-1,1,1,-1,-1,1,1,1,-1,1,-1,-1,1,-1,-1,1,1,-1,-1,1,-1,1,1,-1,1,-1,1,-1,1,1,-1,-1,1,1,-1,1,1,-1,-1,-1,1,-1,1,1,1,-1,1,-1,1,-1,1,-1,-1,-1,1,-1,1,1,1,-1,-1,1,-1,-1,1,-1,-1,-1,-1,-1,-1,1,-1,-1,-1,1,-1,-1,1,-1,-1,-1,-1,1,-1,1,-1,-1,1,-1,1,-1,-1,1,1,1,-1,1,-1,1,-1,1,1,1,-1,-1,-1,1,-1,-1,1,1,1,-1,1,-1,1,1,1,-1,1,1,-1,1,-1,1,-1,-1,1,-1,-1,1,1,1,-1,1,-1,-1,1,1,-1,-1,1,-1,-1,1,1,-1,-1,1,-1,-1,-1,1,1,-1,1,-1,-1,-1,1,-1,-1,1,-1,1,-1,1,1,-1,-1,1,-1,-1,-1,-1,-1,1,1,1,-1,-1,1,-1,-1,1,-1,-1,1,-1,-1,-1,1,-1,-1,1,1,-1,1,1,-1,1,-1,1,-1,-1,1,1,-1,-1,-1,-1,1,1,-1,-1,1,-1,-1,-1,1,1,-1,-1,-1,-1,-1,1,-1,-1,-1,-1,-1,1,1,1,-1,-1,-1,-1,-1,1,1,-1,-1,-1,-1,-1,1,1,1,-1,-1,-1,-1,1,1,-1,-1,-1,-1,1,1,1,1,1,-1,1,1,1,1,1,1,-1,-1,1,1,1,-1,1,-1,1,1,1,1,-1,1,-1,-1,1,-1,1,-1,1,-1,-1,1,-1,1,-1,1,-1,-1,1,-1,1,-1,1,-1,-1,1,-1,1,1,1,-1,-1,1,-1,1,1,1,-1,-1,1,1,-1,1,1,-1,-1,1,-1,1,-1,1,-1,-1,-1,-1,-1,1,1,-1,-1,1,-1,-1,1,1,-1,-1,-1,-1,1,-1,1,-1,-1,-1,-1,-1,1,-1,-1,1,-1,-1,1,-1,1,-1,-1,-1,-1,-1,1,1,1,-1,-1,-1,1,1,1,-1,-1,-1,1,-1,-1,1,-1,1,-1,-1,1,1,1,-1,-1,-1,-1,1,-1,1,1,-1,1,-1,-1,1,1,-1,-1,-1,-1,-1,-1,1,1,-1,-1,1,-1,1,1,-1,-1,-1,1,-1,1,1,-1,-1,1,-1,-1,1,1,1,-1,1,-1,1,1,1,-1,-1,1,-1,-1,1,1,1,-1,1,-1,-1,1,1,-1,1,1,-1,-1,1,1,-1,1,1,-1,-1,1,1,-1,1,1,-1,-1,1,1,1,1,1,1,-1,1,1,-1,1,1,-1,-1,1,-1,1,1,1,1,-1,-1,1,-1,1,1,1,-1,1,1,1,1,-1,1,-1,1,1,1,1,1,1,1,-1,1,1,1,1,-1,1,-1,1,1,1,1,1,-1,1,1,1,1,-1,1,1,-1,1,1,-1,1,1,-1,-1,1,1,1,1,-1,1,-1,1,1,1,-1,-1,1,-1,1,1,1,-1,1,-1,-1,-1,1,1,-1,-1,1,-1,-1,1,1,1,-1,1,-1,1,1,1,1,-1,1,-1,-1,1,1,-1,-1,-1,1,1,-1,1,-1,1,1,-1,1,1,-1,-1,1,1,-1,-1,1,1,-1,1,1,1,1,1,-1,-1,-1,-1,-1,-1,-1,-1,-1,-1,1,1,1,1,-1,1,1,-1,1,1,1,1,-1,1,-1,1,1,1,-1,-1,1,-1,1,1,1,-1,-1,1,-1,1,1,1,-1,-1,1,-1,1,1,1,1,-1,1,-1,1,1,1,1,-1,-1,1,-1,1,-1,1,-1,1,-1,1,1,-2672.0,1,2000,445,1000,False
526,-1,-1,1,1,1,1,-1,1,-1,-1,-1,1,-1,1,-1,-1,1,-1,1,1,-1,1,-1,-1,-1,1,-1,-1,1,-1,-1,-1,1,1,-1,-1,1,-1,-1,-1,1,-1,-1,-1,-1,-1,1,1,-1,1,-1,-1,1,1,1,-1,1,-1,-1,-1,1,1,1,1,-1,1,-1,1,1,-1,1,-1,-1,-1,1,-1,-1,-1,1,-1,-1,1,1,-1,1,-1,-1,1,1,1,-1,1,-1,1,-1,1,-1,1,1,1,1,1,1,-1,1,1,-1,1,1,1,-1,1,1,-1,1,1,1,-1,1,1,-1,1,1,1,-1,1,1,-1,1,1,-1,-1,1,1,-1,1,1,1,-1,-1,1,-1,1,1,1,-1,1,1,1,-1,1,1,-1,-1,-1,1,-1,1,1,-1,1,1,1,1,1,1,-1,1,1,-1,1,1,1,-1,1,1,-1,1,1,-1,1,-1,-1,1,1,1,-1,1,1,1,1,1,1,1,1,1,-1,1,1,1,-1,1,1,-1,1,1,1,1,-1,1,-1,-1,1,1,1,1,1,-1,1,1,1,-1,1,1,-1,-1,1,1,-1,-1,1,-1,1,1,1,-1,-1,1,-1,1,1,-1,1,1,1,-1,-1,1,1,-1,-1,1,-1,1,1,1,-1,1,1,-1,1,1,1,-1,1,-1,1,-1,1,1,-1,1,-1,-1,1,1,1,-1,1,-1,-1,-1,1,1,1,-1,1,1,-1,1,1,-1,-1,1,1,-1,1,1,1,-1,-1,1,-1,1,1,-1,1,-1,1,1,-1,1,-1,-1,-1,1,-1,-1,1,-1,1,-1,1,1,-1,1,1,1,-1,1,-1,-1,1,1,-1,-1,1,-1,1,1,-1,1,-1,1,-1,1,1,1,-1,1,1,-1,1,-1,1,-1,-1,1,-1,1,1,1,1,1,1,-1,1,1,1,1,1,-1,-1,1,1,1,1,1,-1,-1,1,1,1,1,1,-1,-1,-1,-1,1,-1,1,1,-1,1,1,1,1,1,1,-1,-1,-1,1,1,-1,-1,-1,1,-1,-1,-1,1,1,-1,1,-1,1,-1,1,-1,1,-1,1,1,1,1,-1,1,-1,1,1,-1,1,-1,-1,-1,-1,1,1,1,1,-1,-1,1,-1,1,1,-1,-1,1,-1,-1,1,-1,1,-1,1,-1,1,-1,1,-1,-1,1,1,-1,1,-1,1,-1,-1,1,-1,1,-1,-1,-1,-1,1,-1,-1,1,1,-1,-1,1,-1,1,1,-1,1,-1,1,-1,1,-1,1,-1,1,1,-1,1,-1,-1,-1,1,1,-1,1,-1,1,-1,1,-1,1,1,-1,1,-1,1,-1,-1,1,-1,-1,-1,1,-1,1,-1,-1,1,-1,1,-1,-1,1,-1,-1,1,-1,1,-1,1,-1,1,-1,1,1,-1,1,-1,1,-1,1,-1,-1,1,-1,1,1,-1,1,-1,-1,1,1,-1,-1,1,-1,-1,1,1,1,1,1,1,-1,1,1,1,-1,-1,1,1,-1,-1,-1,1,-1,-1,1,1,-1,1,1,-1,1,-1,-1,-1,1,1,-1,1,1,-1,-1,1,1,-1,1,1,-1,-1,-1,1,-1,-1,-1,-1,1,-1,1,-1,-1,-1,-1,-1,-1,1,-1,1,1,1,1,-1,1,-1,1,1,-1,1,-1,1,-1,-1,1,-1,1,-1,-1,1,1,1,1,1,1,-1,1,1,1,-1,1,-1,1,1,1,1,-1,-1,-1,1,1,1,1,-1,1,-1,1,-1,1,-1,1,1,-1,-1,1,1,1,-1,1,-1,-1,1,1,1,1,1,1,-1,1,1,1,1,1,1,-1,1,-1,1,-1,1,1,-1,1,1,1,1,1,1,-1,1,-1,1,-1,1,1,-1,1,1,-1,1,1,1,1,1,1,1,1,1,1,-1,1,1,-1,1,1,-1,-1,-1,1,1,-1,1,-1,-1,1,-1,1,1,1,-1,-1,1,-1,1,1,-1,1,-1,-1,1,-1,1,1,-1,-1,1,-1,1,-1,1,-1,-1,-1,-1,1,-1,1,-1,-1,1,-1,-1,1,1,-1,1,-1,-1,1,-1,1,-1,-1,-1,1,-1,-1,1,1,-1,-1,1,-1,-1,1,-1,-1,-1,-1,1,-1,1,-1,1,-1,-1,1,-1,1,1,-1,1,1,1,-1,1,-1,-1,-1,1,-1,-1,-1,1,-1,-1,1,-1,1,1,-1,-1,-1,-1,-1,-1,1,-1,-1,-1,1,1,-1,1,-1,1,-1,1,-1,-1,1,-1,-1,-1,1,-1,1,1,-1,1,-1,1,-1,1,1,-1,1,-1,-1,1,1,1,-1,-1,-1,-1,-1,1,-1,-1,-1,1,-1,1,1,-1,-1,-1,-1,-1,1,1,1,-1,-1,1,-1,1,1,-1,1,-1,-1,1,1,1,-1,-1,1,-1,-1,1,-1,-1,-1,1,-1,-1,1,1,-1,1,-1,1,-1,1,1,-1,-1,1,1,-1,1,1,-1,-1,1,1,-1,1,1,-1,1,1,-1,-1,1,1,-1,-1,1,1,-1,1,-1,-1,-1,1,1,-1,-1,1,-1,1,-1,1,-1,1,1,-1,1,-1,1,-1,1,1,-1,1,1,1,-1,-1,-1,-1,1,1,-1,1,-1,1,-1,1,1,-1,1,-1,1,1,1,-1,-1,1,-1,1,1,-1,1,-1,-1,-1,1,-1,1,-1,1,-1,-1,1,-1,1,-1,-1,-1,-1,1,-1,1,-1,-1,-1,-1,-1,1,1,-1,1,-1,-1,-1,-1,1,-1,-1,1,-1,1,-1,1,1,1,1,-1,-1,1,1,-1,-1,1,1,1,1,1,-1,1,-1,-1,1,1,-1,-1,1,-1,-1,-1,-1,1,-1,1,-1,1,1,1,-1,-1,-1,-1,1,-1,-1,-1,-1,1,-1,1,1,1,-1,1,1,-1,1,1,1,1,-1,1,-1,1,1,1,1,-1,1,-1,1,1,1,1,-1,1,-1,1,1,1,1,-1,1,-1,1,1,1,-1,-1,1,-1,-1,1,1,-1,-1,-1,1,-1,1,-1,1,-1,1,-1,-1,1,-2672.0,1,2000,445,1500,True
527,1,1,-1,-1,1,1,-1,-1,1,1,1,-1,1,1,1,1,-1,1,-1,-1,-1,-1,1,1,1,-1,1,-1,1,1,1,1,1,-1,-1,-1,1,1,1,-1,1,-1,-1,1,1,1,1,-1,1,1,1,1,-1,1,-1,-1,1,-1,1,1,1,-1,-1,-1,1,1,1,1,-1,-1,-1,1,1,1,1,-1,-1,-1,1,1,1,-1,-1,-1,1,1,1,1,-1,-1,-1,1,1,1,1,-1,-1,1,1,-1,1,1,-1,-1,1,1,1,1,1,-1,-1,-1,1,-1,1,1,-1,-1,1,1,1,1,1,1,-1,-1,1,1,-1,1,1,-1,1,1,1,1,1,1,-1,1,1,1,1,1,1,-1,1,1,1,1,1,1,-1,-1,-1,1,1,1,1,-1,1,1,1,1,-1,1,-1,1,-1,1,1,1,-1,-1,1,1,1,1,1,-1,1,-1,-1,1,-1,1,-1,1,1,1,1,1,1,1,1,1,-1,1,-1,1,-1,1,1,-1,1,-1,1,1,-1,1,-1,1,-1,1,-1,1,1,-1,1,-1,1,1,1,1,-1,-1,1,1,-1,-1,1,-1,1,-1,-1,1,-1,1,-1,1,-1,1,-1,-1,1,-1,-1,-1,1,1,-1,1,-1,1,1,1,-1,1,1,-1,1,-1,1,-1,1,-1,1,-1,1,1,-1,1,-1,-1,-1,1,1,-1,1,-1,-1,-1,1,1,-1,-1,1,1,-1,-1,1,1,-1,1,1,-1,1,1,1,1,-1,1,-1,1,1,-1,1,-1,1,-1,1,1,1,1,1,1,-1,-1,1,-1,-1,-1,1,1,-1,1,1,1,-1,1,1,1,1,1,1,1,1,-1,1,1,1,-1,1,1,-1,1,1,1,-1,1,1,-1,-1,1,1,1,-1,1,-1,1,1,1,-1,1,1,-1,1,1,1,-1,1,1,-1,1,1,1,-1,1,1,-1,-1,-1,1,-1,1,1,-1,1,1,1,-1,1,1,1,-1,-1,1,1,-1,1,1,-1,1,1,-1,1,1,1,-1,-1,1,1,1,1,1,-1,1,-1,-1,1,1,-1,-1,-1,1,-1,1,1,-1,1,-1,1,1,1,1,1,1,-1,1,-1,-1,-1,1,-1,1,-1,-1,1,1,1,-1,1,-1,1,-1,-1,1,1,-1,1,-1,1,1,1,1,1,-1,1,-1,-1,1,-1,1,-1,-1,-1,1,1,1,1,-1,-1,1,-1,1,1,1,-1,1,-1,1,-1,1,1,-1,-1,1,-1,1,1,1,1,-1,-1,1,1,1,1,-1,-1,1,-1,1,1,-1,1,-1,1,1,1,1,-1,-1,-1,-1,1,1,1,-1,1,-1,1,-1,1,1,-1,-1,1,-1,1,1,1,1,-1,1,-1,-1,1,1,1,-1,-1,-1,-1,1,1,-1,-1,1,-1,-1,1,-1,1,-1,-1,-1,-1,1,-1,1,-1,-1,1,-1,-1,1,1,1,-1,1,-1,1,-1,1,-1,1,-1,-1,-1,1,-1,-1,-1,1,1,-1,1,-1,1,1,1,-1,1,1,-1,1,-1,1,-1,-1,1,-1,-1,1,1,1,-1,1,-1,-1,1,1,-1,-1,1,-1,-1,1,1,-1,-1,1,-1,-1,-1,1,1,-1,1,1,-1,-1,1,-1,-1,1,-1,1,-1,1,1,-1,-1,1,-1,-1,-1,-1,-1,1,1,1,-1,-1,1,-1,-1,1,-1,-1,1,-1,-1,1,1,-1,-1,1,1,-1,1,1,-1,1,-1,1,-1,-1,1,1,-1,-1,-1,-1,-1,1,-1,-1,1,-1,-1,-1,1,1,-1,-1,-1,-1,-1,1,-1,-1,-1,-1,-1,1,1,1,-1,-1,-1,-1,-1,1,1,-1,-1,-1,-1,-1,1,1,1,-1,-1,-1,-1,1,1,-1,-1,-1,-1,1,1,1,1,-1,-1,1,1,1,1,1,-1,-1,-1,1,1,1,-1,1,-1,1,1,1,1,-1,1,-1,-1,1,-1,1,-1,1,-1,-1,1,-1,1,-1,-1,-1,-1,1,-1,1,-1,1,-1,-1,1,-1,1,-1,1,-1,-1,1,-1,1,-1,-1,-1,-1,1,1,-1,-1,-1,-1,-1,1,-1,1,-1,-1,-1,-1,-1,-1,-1,1,-1,-1,-1,1,-1,-1,1,-1,-1,-1,-1,-1,1,1,-1,-1,-1,-1,-1,1,-1,-1,-1,1,-1,-1,1,-1,1,-1,-1,-1,-1,1,-1,-1,1,-1,-1,-1,-1,1,-1,-1,-1,1,-1,1,-1,-1,-1,1,-1,-1,-1,-1,1,-1,-1,-1,-1,-1,1,1,1,-1,1,-1,1,-1,1,-1,-1,-1,-1,-1,-1,1,1,-1,-1,1,-1,1,1,-1,-1,-1,1,-1,1,1,-1,-1,1,-1,-1,1,1,1,-1,1,-1,1,1,1,-1,-1,1,-1,-1,1,1,1,-1,1,-1,-1,1,1,-1,1,1,-1,-1,1,1,1,1,1,-1,-1,1,1,-1,1,1,-1,-1,1,1,1,1,-1,1,-1,1,1,1,-1,1,-1,-1,1,-1,1,1,1,1,-1,-1,1,-1,1,1,1,-1,1,1,1,1,-1,1,-1,1,1,1,1,1,1,1,-1,1,1,1,1,-1,1,-1,1,1,1,1,1,-1,1,1,1,1,-1,1,-1,1,1,1,-1,1,1,1,1,1,1,1,1,-1,1,1,1,1,1,-1,-1,1,-1,1,1,1,-1,1,-1,1,1,1,1,-1,-1,1,1,-1,1,1,-1,-1,1,1,-1,-1,1,1,-1,1,-1,1,1,1,-1,-1,-1,-1,1,-1,1,-1,1,1,1,1,1,-1,-1,1,1,1,1,1,1,-1,1,-1,1,1,1,-1,-1,-1,-1,-1,-1,-1,-1,-1,-1,-1,1,1,1,-1,1,1,-1,-1,1,1,1,-1,1,-1,1,1,1,-1,-1,1,-1,1,1,1,-1,-1,1,-1,1,1,1,-1,-1,1,-1,1,-1,1,1,-1,1,-1,-1,1,1,-1,-1,-1,-1,1,1,-1,1,-1,1,-1,-1,1,-2672.0,1,2000,445,1000,False
528,-1,-1,1,1,1,1,-1,1,-1,-1,-1,1,-1,1,-1,-1,1,-1,1,1,1,1,-1,-1,-1,1,-1,-1,-1,-1,-1,-1,1,1,-1,1,1,-1,-1,-1,1,-1,1,-1,-1,-1,-1,-1,1,-1,-1,-1,1,-1,1,-1,-1,1,-1,-1,-1,1,1,1,-1,1,-1,-1,-1,-1,1,-1,-1,-1,-1,-1,1,1,-1,-1,-1,1,1,-1,-1,-1,-1,1,-1,1,-1,-1,-1,1,-1,-1,1,1,-1,1,1,1,-1,-1,1,-1,-1,1,1,-1,-1,1,-1,-1,1,1,-1,-1,1,-1,-1,1,1,-1,-1,1,-1,-1,1,1,-1,-1,1,-1,-1,1,1,1,-1,1,-1,-1,1,1,-1,-1,-1,-1,-1,-1,1,1,-1,1,1,-1,1,1,1,-1,1,1,-1,-1,1,1,-1,1,1,-1,1,1,-1,-1,1,-1,-1,1,1,-1,1,-1,1,-1,1,1,-1,1,1,-1,-1,-1,1,1,1,1,1,-1,1,1,-1,1,1,1,-1,1,1,1,-1,1,1,-1,1,1,1,1,1,1,-1,1,1,-1,-1,1,1,1,-1,1,-1,-1,1,1,-1,-1,1,-1,-1,1,1,-1,-1,1,-1,1,1,1,1,-1,-1,1,-1,1,1,-1,1,1,-1,1,1,1,-1,-1,1,-1,1,-1,1,1,1,1,-1,1,-1,1,1,-1,1,-1,1,-1,1,1,1,1,1,-1,1,1,1,1,1,1,-1,1,1,-1,-1,-1,1,-1,-1,1,1,-1,-1,1,1,-1,1,1,1,-1,1,-1,-1,1,1,1,-1,-1,1,-1,1,-1,1,-1,1,1,-1,1,1,1,-1,1,-1,-1,1,1,-1,1,1,1,-1,1,1,-1,1,1,-1,1,1,1,-1,1,1,-1,1,1,1,1,1,1,1,1,1,1,1,1,1,1,1,-1,1,-1,1,1,1,1,-1,1,1,-1,1,1,1,-1,1,1,-1,1,-1,1,1,-1,1,-1,1,1,1,1,-1,1,-1,1,1,-1,-1,-1,1,1,-1,-1,1,1,-1,1,-1,1,-1,1,-1,1,1,-1,1,1,1,1,-1,1,-1,1,-1,1,-1,-1,1,-1,1,1,1,1,-1,1,1,-1,1,1,-1,-1,1,-1,-1,1,-1,1,-1,-1,1,-1,1,1,-1,-1,-1,1,-1,1,-1,1,-1,-1,1,-1,1,-1,-1,-1,-1,1,-1,-1,1,1,-1,-1,1,-1,1,1,-1,1,-1,1,-1,1,-1,1,-1,-1,-1,-1,-1,-1,-1,1,-1,1,-1,1,-1,1,-1,-1,-1,1,1,-1,1,-1,-1,-1,-1,1,-1,-1,-1,-1,-1,1,-1,-1,1,-1,1,-1,-1,1,-1,-1,1,-1,-1,-1,1,-1,1,-1,1,-1,-1,-1,-1,1,-1,1,-1,-1,1,-1,1,1,1,-1,-1,-1,1,1,-1,1,-1,-1,-1,1,1,1,-1,1,1,-1,1,1,1,1,1,-1,1,-1,1,1,-1,1,-1,1,1,-1,1,-1,-1,1,-1,-1,1,-1,-1,-1,1,1,-1,1,1,-1,-1,1,1,-1,-1,1,-1,-1,-1,-1,-1,1,1,-1,-1,-1,-1,-1,1,1,-1,-1,1,1,1,-1,1,-1,1,-1,1,-1,1,1,-1,-1,-1,1,-1,-1,1,1,-1,1,1,1,1,1,1,-1,-1,1,-1,1,1,1,-1,-1,1,-1,1,1,-1,-1,1,1,-1,1,1,-1,1,1,-1,1,1,1,1,-1,1,1,-1,1,1,-1,1,1,1,1,1,1,1,-1,-1,1,1,1,1,1,-1,1,1,-1,1,1,1,-1,-1,1,1,1,-1,1,-1,-1,1,1,1,1,1,1,-1,-1,1,1,1,1,-1,-1,1,1,1,1,-1,1,-1,1,-1,1,-1,-1,1,-1,1,-1,1,1,-1,-1,1,-1,1,1,-1,1,-1,-1,1,-1,-1,1,-1,1,-1,1,-1,1,-1,1,-1,-1,1,1,1,-1,1,1,-1,1,-1,1,-1,1,-1,-1,1,-1,1,-1,-1,1,1,1,1,1,-1,1,1,-1,1,1,1,1,-1,1,-1,1,-1,1,-1,1,1,1,-1,1,1,-1,1,1,1,-1,1,1,1,-1,1,-1,-1,1,1,-1,-1,1,-1,1,-1,-1,1,-1,1,1,-1,1,1,-1,-1,1,1,-1,1,1,-1,-1,-1,1,1,1,1,-1,-1,1,1,-1,1,1,-1,-1,1,-1,1,1,1,1,-1,-1,1,-1,1,1,-1,1,-1,-1,1,1,1,-1,-1,-1,-1,-1,1,-1,-1,-1,1,-1,1,1,1,1,-1,-1,-1,1,1,1,-1,-1,1,-1,1,1,-1,1,-1,-1,1,1,1,1,-1,1,-1,-1,1,1,1,-1,1,-1,-1,1,1,1,1,-1,-1,-1,1,1,1,1,1,-1,-1,1,1,1,1,1,1,-1,1,1,-1,1,1,-1,-1,1,1,-1,1,1,-1,-1,1,-1,-1,1,1,1,-1,-1,1,-1,1,-1,1,-1,1,1,-1,1,-1,1,-1,1,1,-1,1,1,1,-1,-1,1,1,1,1,-1,1,-1,1,1,1,1,-1,1,-1,1,1,1,-1,-1,1,-1,1,1,-1,1,-1,-1,-1,1,-1,1,-1,1,-1,-1,1,-1,1,-1,-1,-1,-1,1,-1,1,-1,-1,-1,-1,-1,1,1,-1,1,-1,-1,-1,-1,1,-1,1,-1,-1,1,-1,1,1,1,1,-1,-1,1,-1,-1,-1,1,1,1,1,-1,-1,1,-1,-1,1,1,-1,-1,1,-1,-1,-1,-1,1,-1,1,1,1,1,-1,1,-1,-1,-1,-1,-1,-1,-1,-1,1,-1,1,1,1,-1,1,1,-1,1,1,-1,-1,-1,1,-1,1,1,1,1,-1,1,-1,1,1,1,-1,-1,1,-1,1,1,1,1,-1,1,-1,1,1,-1,-1,-1,1,-1,-1,1,1,-1,-1,-1,1,-1,1,-1,1,-1,1,-1,-1,1,-2672.0,1,2000,445,1500,True
529,1,1,-1,-1,1,-1,-1,-1,1,1,1,-1,1,1,1,1,-1,1,-1,-1,-1,-1,1,1,1,-1,-1,-1,1,1,1,1,1,-1,-1,-1,1,1,1,1,-1,-1,-1,1,1,1,1,-1,1,1,1,1,-1,1,-1,-1,1,-1,1,1,-1,-1,-1,-1,1,1,1,1,-1,-1,-1,1,1,1,1,-1,-1,-1,1,1,1,-1,-1,-1,1,1,1,1,-1,1,-1,1,1,1,1,-1,-1,1,1,-1,1,1,-1,-1,1,1,1,1,1,-1,-1,1,1,1,1,1,-1,-1,1,1,1,1,1,1,-1,1,1,1,-1,1,1,-1,1,1,1,1,1,1,-1,-1,1,1,1,1,1,-1,1,1,1,1,1,1,-1,-1,-1,1,1,1,1,-1,1,1,1,1,-1,1,-1,1,-1,1,1,1,-1,-1,1,1,1,1,1,-1,1,-1,-1,1,-1,1,-1,1,1,1,1,1,1,1,1,1,-1,1,-1,1,-1,1,1,-1,1,-1,1,1,-1,1,-1,1,-1,1,-1,1,1,-1,1,-1,1,1,1,1,-1,-1,1,1,-1,-1,1,-1,1,-1,-1,1,-1,1,-1,1,-1,1,-1,1,1,-1,1,-1,1,1,-1,1,-1,1,1,1,-1,1,1,-1,1,-1,1,-1,1,-1,1,-1,1,1,-1,1,-1,-1,-1,1,1,-1,1,-1,-1,-1,1,1,-1,-1,1,1,-1,-1,1,1,-1,1,1,-1,1,1,1,1,-1,1,-1,1,1,-1,1,-1,1,-1,1,1,1,1,1,1,-1,-1,1,-1,-1,-1,1,1,-1,1,1,1,-1,1,1,1,1,1,1,1,1,-1,1,1,1,-1,1,1,-1,1,1,1,-1,1,1,-1,-1,1,1,1,-1,1,-1,1,1,1,-1,1,1,-1,1,1,1,-1,1,1,-1,1,1,1,-1,1,1,-1,-1,1,1,-1,1,1,-1,1,-1,1,-1,1,1,1,-1,1,1,1,1,1,1,-1,1,1,-1,1,-1,1,-1,-1,-1,-1,1,1,1,-1,1,1,-1,1,1,-1,-1,1,1,1,1,1,-1,1,1,1,-1,1,1,1,-1,-1,1,1,1,-1,1,-1,1,-1,1,1,1,1,-1,-1,-1,1,-1,-1,1,-1,1,-1,1,1,1,1,1,1,-1,1,-1,-1,1,-1,1,-1,1,1,1,1,1,1,-1,-1,1,-1,1,1,-1,-1,1,1,1,-1,1,1,-1,-1,1,-1,1,1,-1,-1,1,1,1,1,-1,1,-1,1,-1,1,1,-1,-1,1,1,-1,1,1,-1,-1,-1,1,-1,1,1,1,-1,-1,1,-1,-1,1,-1,-1,-1,1,-1,1,1,-1,1,-1,1,1,-1,1,-1,-1,-1,1,-1,-1,1,-1,-1,-1,1,-1,-1,1,-1,-1,-1,-1,1,-1,1,-1,-1,-1,1,1,-1,-1,1,1,1,-1,1,-1,1,-1,1,-1,1,-1,-1,-1,1,-1,-1,1,1,1,-1,1,-1,1,1,1,-1,1,1,-1,1,-1,1,-1,-1,1,-1,-1,1,1,1,-1,1,-1,-1,1,1,-1,-1,1,-1,-1,1,1,-1,-1,1,-1,-1,-1,1,1,-1,1,1,-1,-1,1,-1,-1,1,-1,1,-1,1,1,-1,-1,1,-1,-1,-1,-1,-1,1,1,1,-1,-1,1,-1,-1,1,-1,-1,1,-1,-1,-1,1,-1,-1,1,-1,-1,1,1,-1,1,-1,-1,-1,-1,1,1,-1,-1,-1,-1,-1,1,-1,-1,1,-1,-1,-1,1,1,-1,-1,-1,-1,-1,1,-1,-1,-1,-1,-1,1,1,1,-1,-1,-1,-1,-1,1,1,-1,-1,-1,-1,-1,1,1,1,-1,-1,-1,-1,1,1,-1,-1,-1,-1,1,1,1,1,1,-1,1,1,1,1,1,1,-1,-1,1,1,1,1,-1,-1,1,1,1,1,-1,1,-1,-1,1,-1,1,-1,1,-1,-1,1,-1,1,1,1,-1,-1,1,-1,1,-1,1,-1,-1,1,-1,1,1,1,-1,-1,1,-1,1,1,1,-1,-1,1,1,-1,1,1,-1,-1,1,-1,1,-1,1,-1,-1,-1,-1,-1,1,1,-1,-1,1,-1,-1,1,1,-1,-1,-1,-1,1,-1,1,-1,-1,-1,-1,1,-1,-1,-1,1,-1,-1,1,-1,1,-1,-1,-1,-1,-1,-1,1,1,-1,-1,-1,1,1,1,-1,-1,1,-1,-1,-1,1,-1,1,-1,-1,1,1,1,-1,-1,-1,-1,1,-1,1,1,-1,1,-1,-1,1,1,-1,-1,-1,-1,-1,-1,1,1,-1,-1,1,-1,1,1,-1,-1,-1,1,-1,1,1,-1,-1,1,-1,-1,1,1,1,-1,1,-1,1,1,1,-1,-1,1,-1,-1,1,1,1,-1,1,-1,-1,1,1,-1,1,1,-1,-1,1,1,1,1,1,-1,-1,1,1,1,1,1,-1,-1,1,1,1,1,1,1,-1,1,1,1,1,1,-1,-1,1,-1,1,1,1,1,-1,-1,1,-1,1,1,1,-1,1,-1,1,1,-1,1,-1,1,1,1,1,1,1,1,-1,-1,1,1,1,-1,1,-1,1,1,1,1,1,-1,1,-1,1,1,-1,1,1,-1,-1,1,-1,1,1,-1,-1,1,1,1,1,-1,1,-1,-1,1,1,-1,-1,1,-1,1,1,1,-1,1,-1,-1,-1,1,1,-1,-1,1,-1,-1,1,1,1,-1,1,-1,-1,1,1,1,-1,1,-1,-1,1,1,-1,-1,-1,1,-1,-1,1,-1,1,1,-1,1,1,-1,-1,1,-1,-1,-1,-1,1,-1,1,1,-1,1,1,-1,-1,-1,-1,1,-1,-1,-1,-1,1,-1,-1,1,1,-1,1,1,-1,1,1,1,1,-1,1,-1,1,1,1,1,-1,1,-1,-1,1,1,1,-1,1,-1,1,1,1,1,-1,1,-1,1,1,1,-1,-1,1,-1,-1,1,1,-1,-1,-1,1,-1,1,-1,1,-1,1,-1,-1,1,-2672.0,1,2000,445,0,False
530,-1,-1,1,1,1,1,-1,1,-1,-1,-1,1,-1,1,-1,-1,1,-1,1,1,-1,1,-1,-1,-1,1,-1,-1,1,-1,-1,-1,1,1,-1,-1,1,-1,-1,-1,1,-1,-1,-1,-1,-1,1,1,-1,1,-1,-1,1,1,1,-1,1,-1,1,-1,1,1,1,1,-1,1,-1,1,1,-1,1,-1,-1,-1,1,-1,-1,-1,1,-1,-1,1,1,-1,1,-1,-1,1,1,1,-1,1,-1,1,-1,1,-1,1,1,1,1,1,1,-1,1,1,-1,1,1,1,-1,1,1,-1,1,1,1,-1,1,1,-1,1,1,1,-1,1,1,-1,1,1,-1,-1,1,1,-1,1,1,1,-1,-1,1,-1,1,1,1,-1,1,1,1,-1,1,1,-1,-1,-1,1,-1,1,1,-1,1,1,1,1,1,1,-1,1,1,-1,1,1,1,-1,1,1,-1,1,1,-1,1,-1,-1,1,1,1,-1,1,1,1,1,1,1,1,1,1,-1,1,1,1,-1,1,1,-1,1,1,1,1,-1,1,-1,-1,1,1,1,1,1,-1,1,1,1,-1,-1,1,-1,-1,1,1,-1,-1,1,-1,1,1,1,-1,-1,1,-1,1,1,-1,1,1,1,-1,-1,1,1,-1,-1,1,-1,1,1,1,-1,1,1,-1,1,1,1,-1,1,-1,1,-1,1,1,-1,1,-1,-1,1,1,1,-1,1,-1,-1,-1,1,1,1,-1,1,1,-1,1,1,-1,-1,1,1,-1,1,1,1,-1,-1,1,-1,1,1,-1,1,-1,1,1,-1,1,-1,-1,-1,1,-1,-1,1,-1,1,-1,1,1,-1,1,1,1,-1,1,-1,-1,1,1,-1,-1,1,-1,1,1,-1,1,-1,1,-1,1,1,1,-1,1,1,-1,1,-1,1,-1,1,1,-1,1,1,1,1,1,1,-1,1,1,1,1,1,-1,-1,1,1,1,1,1,-1,-1,1,1,1,1,1,-1,-1,-1,-1,1,-1,1,1,-1,1,1,1,1,1,1,-1,-1,-1,1,1,-1,-1,-1,1,-1,-1,-1,1,1,-1,1,-1,1,-1,1,-1,1,-1,1,1,1,1,-1,1,-1,1,1,-1,1,-1,-1,-1,-1,1,1,1,1,-1,-1,1,-1,1,1,-1,-1,1,-1,-1,1,-1,1,-1,-1,1,-1,1,1,-1,-1,1,1,-1,1,-1,1,-1,-1,1,-1,1,-1,-1,-1,-1,1,-1,-1,1,1,-1,-1,1,-1,1,1,-1,1,-1,1,-1,1,-1,1,-1,-1,1,-1,1,-1,-1,-1,1,1,-1,1,-1,1,-1,1,-1,1,1,-1,1,-1,1,-1,-1,1,-1,-1,-1,1,-1,1,-1,1,1,-1,1,-1,-1,1,-1,-1,1,-1,1,-1,1,-1,1,-1,1,1,-1,1,-1,1,-1,1,-1,-1,1,-1,1,1,1,1,-1,-1,1,1,-1,1,1,1,-1,1,1,1,-1,1,1,-1,1,1,1,1,1,1,1,-1,-1,-1,1,-1,1,1,-1,-1,1,1,-1,1,-1,-1,-1,1,1,-1,1,1,-1,-1,1,1,-1,1,1,-1,-1,-1,1,-1,-1,-1,-1,1,-1,1,-1,-1,-1,-1,-1,-1,1,-1,1,1,1,1,-1,1,-1,1,1,-1,1,-1,1,-1,-1,1,-1,1,-1,-1,1,1,1,1,1,1,-1,1,1,1,-1,1,-1,1,1,1,1,-1,-1,-1,1,1,1,1,-1,1,-1,1,-1,1,-1,1,1,-1,-1,1,1,1,-1,1,-1,-1,1,1,1,1,1,1,-1,1,1,1,1,1,1,-1,1,-1,1,-1,1,1,-1,1,1,1,1,1,1,-1,1,-1,1,1,1,1,-1,1,1,-1,1,1,1,1,1,1,1,1,1,1,-1,-1,1,-1,-1,1,-1,-1,-1,1,1,-1,1,-1,-1,1,-1,1,1,1,-1,-1,1,-1,1,-1,-1,1,-1,-1,1,-1,-1,1,-1,-1,1,-1,1,-1,1,-1,-1,-1,-1,1,-1,1,-1,-1,1,-1,1,-1,1,-1,1,-1,-1,1,-1,1,-1,-1,-1,1,-1,-1,1,1,-1,-1,1,-1,-1,1,-1,-1,-1,-1,1,-1,1,-1,1,-1,-1,1,-1,1,1,-1,1,1,1,-1,1,-1,-1,-1,1,-1,-1,-1,-1,-1,-1,1,-1,1,1,-1,-1,-1,-1,-1,-1,1,-1,-1,-1,1,1,1,1,-1,1,-1,1,-1,-1,1,-1,-1,-1,1,1,1,1,-1,1,-1,1,-1,1,1,-1,1,-1,-1,1,1,1,-1,-1,-1,-1,-1,1,-1,-1,-1,1,-1,1,1,-1,-1,-1,-1,-1,1,1,1,-1,-1,1,-1,1,1,-1,1,-1,-1,1,1,1,-1,-1,1,-1,-1,1,1,-1,-1,1,-1,-1,1,1,-1,1,-1,1,-1,1,1,-1,-1,1,1,-1,1,1,-1,-1,1,1,-1,1,1,-1,1,1,-1,-1,1,1,-1,-1,1,1,-1,1,-1,-1,-1,1,1,-1,-1,1,-1,1,-1,1,-1,1,1,-1,1,-1,1,-1,1,1,-1,1,1,1,-1,-1,-1,-1,1,1,-1,1,-1,1,-1,1,1,-1,1,-1,1,1,1,-1,-1,1,-1,1,1,-1,1,-1,-1,-1,-1,-1,1,-1,1,-1,-1,1,-1,1,-1,-1,-1,-1,1,-1,1,-1,-1,-1,-1,-1,1,1,-1,1,-1,-1,-1,-1,1,-1,1,-1,-1,1,-1,1,1,1,1,-1,-1,1,1,-1,-1,1,1,1,1,1,-1,1,-1,-1,1,1,-1,-1,1,-1,-1,-1,-1,1,-1,1,-1,1,1,1,-1,-1,-1,-1,1,-1,-1,-1,-1,1,-1,1,1,1,-1,1,1,-1,1,1,1,1,-1,1,-1,1,1,1,1,-1,1,-1,1,1,1,1,-1,1,-1,1,1,1,1,-1,1,-1,1,1,1,-1,-1,1,-1,-1,1,1,-1,-1,-1,1,-1,1,1,1,-1,1,-1,-1,1,-2672.0,1,2000,445,1500,True
531,1,1,-1,-1,1,-1,-1,-1,1,1,1,-1,1,1,1,1,-1,1,1,-1,-1,-1,1,1,1,1,-1,-1,1,1,1,1,-1,-1,-1,-1,1,1,1,1,-1,-1,-1,1,1,1,1,-1,1,1,1,1,-1,1,-1,-1,1,-1,1,1,1,-1,-1,-1,1,1,1,1,-1,-1,-1,1,1,1,1,-1,-1,-1,1,1,1,-1,-1,-1,1,1,1,1,-1,-1,-1,1,1,1,1,-1,-1,1,1,-1,1,1,-1,-1,1,1,1,1,1,-1,-1,-1,1,-1,1,1,-1,-1,1,1,1,1,1,1,-1,-1,1,1,-1,1,1,-1,1,1,1,1,1,1,-1,1,1,1,1,1,1,-1,1,1,1,1,1,1,-1,-1,-1,1,1,1,1,-1,1,1,1,1,-1,1,-1,1,-1,1,1,1,-1,-1,1,1,1,1,1,-1,1,-1,-1,1,-1,1,-1,1,1,1,1,1,1,1,1,1,-1,1,-1,1,-1,1,1,-1,1,-1,1,1,-1,1,-1,1,-1,1,-1,1,1,-1,1,-1,1,1,1,1,-1,-1,1,1,-1,-1,1,-1,1,-1,1,1,-1,1,-1,1,-1,1,-1,1,1,-1,-1,-1,1,1,-1,1,-1,1,1,1,-1,1,1,-1,1,-1,1,-1,1,-1,1,-1,1,1,-1,1,-1,-1,-1,1,1,-1,1,-1,-1,-1,1,1,-1,-1,1,1,-1,-1,1,1,-1,1,1,-1,1,1,1,1,-1,1,-1,1,1,-1,1,-1,1,1,1,1,1,1,1,1,-1,-1,1,-1,-1,1,1,1,-1,1,1,1,-1,1,1,1,1,1,1,1,1,-1,1,1,1,-1,1,1,-1,1,1,1,-1,1,1,-1,-1,1,1,1,-1,1,-1,1,1,1,-1,1,1,-1,1,1,1,-1,1,1,-1,1,1,1,-1,1,1,1,-1,1,1,-1,1,1,-1,1,-1,1,-1,1,1,1,-1,1,1,1,-1,1,1,-1,1,1,-1,1,1,1,-1,-1,-1,-1,1,1,1,-1,1,1,-1,1,1,-1,-1,1,1,1,1,1,-1,1,1,1,-1,1,1,1,-1,-1,1,1,-1,-1,1,-1,1,-1,1,-1,1,1,-1,-1,-1,1,-1,-1,1,1,-1,1,1,-1,1,1,1,1,-1,1,-1,-1,1,-1,1,-1,1,-1,-1,1,1,1,-1,-1,1,-1,1,1,1,-1,1,1,1,-1,1,1,-1,1,-1,-1,1,1,1,-1,1,-1,1,1,1,1,-1,1,-1,1,1,1,-1,1,1,1,1,1,1,-1,-1,1,-1,1,1,1,-1,1,-1,1,-1,1,1,-1,-1,1,-1,1,1,1,1,-1,1,-1,-1,1,1,1,-1,1,-1,-1,1,1,-1,-1,1,-1,-1,1,-1,1,-1,-1,1,-1,1,-1,1,-1,-1,1,-1,-1,1,1,1,-1,1,-1,1,-1,-1,-1,1,-1,-1,-1,1,-1,-1,1,1,1,-1,1,-1,1,1,1,-1,1,1,-1,1,-1,1,-1,-1,1,-1,-1,1,1,1,-1,1,-1,-1,1,1,-1,-1,1,-1,-1,1,1,-1,-1,1,-1,-1,-1,1,1,-1,1,-1,-1,-1,1,-1,-1,1,-1,1,-1,1,1,-1,-1,1,-1,-1,-1,-1,-1,1,1,1,-1,-1,1,-1,-1,1,-1,-1,1,-1,-1,1,1,-1,-1,1,1,-1,1,1,-1,1,-1,1,-1,-1,1,1,-1,-1,-1,-1,-1,1,-1,-1,1,-1,-1,-1,1,1,-1,-1,-1,-1,-1,1,-1,-1,-1,-1,-1,1,1,1,-1,-1,-1,-1,-1,1,1,-1,-1,-1,-1,-1,1,1,1,-1,-1,-1,-1,1,1,-1,-1,-1,-1,1,1,1,1,-1,-1,1,1,1,1,1,-1,-1,-1,1,1,1,-1,1,-1,1,1,1,1,-1,1,-1,-1,1,-1,1,-1,1,-1,-1,1,-1,1,-1,-1,-1,-1,1,-1,1,-1,1,-1,-1,1,-1,1,-1,1,-1,-1,1,-1,1,-1,-1,-1,-1,1,1,-1,-1,-1,-1,-1,1,-1,1,-1,-1,-1,-1,-1,-1,-1,1,-1,-1,-1,1,-1,-1,1,-1,-1,-1,-1,-1,1,1,-1,-1,-1,-1,-1,1,-1,-1,-1,1,-1,-1,1,-1,1,-1,-1,-1,-1,-1,-1,-1,1,-1,-1,-1,1,1,1,-1,-1,-1,1,-1,-1,-1,-1,1,-1,-1,1,1,1,-1,-1,-1,-1,1,-1,1,1,-1,1,-1,-1,1,1,-1,-1,-1,-1,-1,-1,1,1,-1,-1,1,-1,1,1,-1,-1,-1,1,-1,1,1,-1,-1,1,-1,-1,1,1,1,-1,1,-1,1,1,1,-1,-1,1,-1,-1,1,1,1,-1,1,-1,-1,1,1,-1,1,1,-1,-1,1,1,-1,1,1,-1,-1,1,1,-1,1,1,-1,-1,1,1,1,1,1,1,-1,1,1,-1,1,1,-1,-1,1,-1,1,1,1,1,-1,-1,1,-1,1,1,1,-1,1,1,1,1,-1,1,-1,1,1,1,1,1,1,1,-1,-1,1,1,1,-1,1,-1,1,1,1,1,1,-1,1,1,1,1,-1,1,1,-1,1,1,-1,1,1,-1,-1,-1,1,1,1,-1,1,-1,1,1,1,-1,-1,1,-1,1,1,1,-1,1,-1,-1,-1,1,1,-1,-1,1,-1,-1,1,1,1,-1,1,-1,1,1,1,1,-1,1,-1,-1,1,1,-1,-1,-1,1,1,-1,1,-1,1,1,-1,1,1,-1,-1,1,1,-1,-1,1,1,-1,1,1,1,1,1,-1,-1,-1,-1,-1,-1,-1,-1,-1,-1,1,1,1,1,-1,1,1,-1,1,1,1,1,-1,1,-1,1,1,1,-1,-1,1,-1,1,1,1,-1,-1,1,-1,1,1,1,-1,-1,1,-1,1,-1,1,1,-1,1,-1,1,1,1,-1,-1,-1,1,-1,1,1,1,-1,1,-1,1,1,-2672.0,1,2000,445,1000,False
532,-1,-1,1,1,1,1,-1,1,-1,-1,-1,1,-1,1,-1,-1,1,-1,1,1,-1,-1,-1,-1,-1,1,-1,-1,-1,-1,-1,-1,1,1,-1,-1,1,-1,-1,-1,1,-1,-1,-1,-1,-1,-1,-1,1,1,-1,-1,1,-1,1,-1,-1,1,-1,-1,-1,1,1,1,-1,-1,-1,-1,-1,-1,-1,1,-1,-1,-1,-1,-1,-1,1,-1,-1,1,1,-1,1,-1,-1,-1,-1,1,-1,-1,-1,-1,-1,-1,-1,1,1,1,-1,-1,-1,-1,1,1,-1,-1,-1,-1,-1,1,1,1,-1,-1,-1,-1,1,1,-1,-1,-1,-1,-1,1,1,-1,1,-1,-1,-1,1,1,-1,1,-1,-1,-1,-1,1,-1,1,-1,-1,-1,1,1,1,-1,-1,-1,-1,-1,-1,1,-1,1,-1,-1,1,1,1,1,-1,-1,1,1,-1,1,-1,-1,-1,-1,1,1,-1,1,-1,-1,1,-1,-1,1,-1,-1,-1,1,1,1,1,1,-1,-1,1,1,-1,1,1,-1,-1,1,1,-1,1,1,-1,-1,-1,1,-1,1,1,-1,-1,1,1,-1,-1,1,-1,1,1,1,-1,-1,1,1,-1,-1,1,-1,1,1,-1,1,-1,1,-1,1,1,-1,1,1,1,-1,-1,1,-1,-1,1,1,-1,1,-1,-1,1,1,1,-1,1,1,-1,1,-1,-1,1,-1,-1,-1,1,1,-1,-1,1,1,-1,1,1,-1,-1,-1,1,-1,1,-1,1,1,-1,1,-1,1,1,1,1,-1,-1,-1,1,1,-1,1,-1,-1,-1,1,1,-1,1,1,1,-1,-1,1,-1,1,-1,-1,-1,1,1,-1,1,1,-1,-1,1,1,-1,1,-1,1,-1,1,1,-1,1,-1,-1,-1,1,1,-1,1,-1,-1,1,1,-1,1,1,-1,1,1,1,-1,-1,1,-1,1,1,1,1,1,1,-1,-1,1,1,1,1,-1,-1,-1,1,1,1,1,-1,-1,1,-1,1,1,1,-1,-1,1,-1,1,-1,1,1,-1,1,-1,1,1,1,1,-1,-1,1,1,1,1,-1,-1,1,1,-1,-1,1,-1,-1,1,-1,1,-1,1,-1,1,1,-1,1,1,1,-1,1,1,-1,1,-1,1,-1,-1,1,-1,1,1,1,1,-1,1,1,-1,1,1,-1,-1,1,-1,-1,1,-1,1,-1,-1,1,-1,-1,1,-1,-1,-1,1,-1,1,-1,1,-1,1,1,-1,1,-1,-1,-1,-1,1,-1,-1,1,1,-1,-1,1,-1,1,1,-1,1,-1,1,-1,1,-1,1,-1,-1,-1,-1,1,-1,-1,1,-1,1,-1,1,-1,1,-1,-1,-1,1,1,-1,1,-1,-1,-1,-1,1,-1,-1,-1,-1,-1,1,-1,1,1,-1,1,-1,-1,1,-1,-1,1,-1,-1,-1,1,-1,1,-1,1,-1,-1,1,-1,1,-1,1,-1,-1,1,-1,1,1,1,-1,-1,-1,1,1,-1,1,-1,-1,-1,1,1,1,-1,1,1,-1,1,1,1,1,1,-1,1,-1,-1,-1,1,-1,1,1,-1,1,-1,1,-1,1,-1,-1,-1,1,1,-1,1,1,-1,1,-1,1,-1,1,1,-1,1,-1,1,-1,-1,-1,-1,1,-1,1,-1,-1,-1,-1,1,-1,1,-1,1,1,1,-1,-1,1,-1,1,1,-1,1,-1,1,-1,-1,1,-1,1,-1,-1,1,1,1,1,1,-1,1,1,1,1,-1,1,-1,-1,1,1,1,-1,-1,-1,1,1,1,1,-1,-1,-1,1,-1,1,-1,1,1,-1,-1,1,1,1,-1,1,-1,-1,1,1,1,1,1,1,-1,1,1,1,1,-1,1,-1,1,-1,1,-1,1,1,-1,1,1,1,1,1,1,-1,1,-1,1,1,1,1,-1,1,1,-1,1,1,1,-1,1,1,1,1,1,1,-1,1,1,-1,-1,1,-1,-1,1,1,1,-1,1,-1,-1,1,-1,1,1,1,-1,-1,1,-1,1,-1,1,1,-1,1,-1,1,-1,1,-1,-1,1,-1,1,1,1,1,-1,1,-1,1,-1,1,1,-1,1,-1,1,-1,1,1,-1,1,1,1,1,1,-1,1,1,-1,1,1,1,1,-1,1,-1,1,-1,1,1,-1,1,1,-1,1,1,1,-1,1,1,-1,1,1,1,1,1,-1,-1,1,1,1,1,1,-1,1,-1,1,1,1,1,1,-1,1,1,1,1,1,1,-1,1,1,1,1,1,1,1,1,1,1,1,1,1,-1,1,1,-1,1,1,-1,1,1,1,1,1,1,1,-1,1,1,1,1,1,-1,1,1,1,1,1,1,-1,-1,1,-1,1,1,1,-1,1,1,1,1,1,-1,-1,1,1,1,1,1,1,-1,1,1,-1,1,1,-1,1,1,1,1,1,1,-1,-1,1,1,1,1,-1,-1,-1,1,1,1,1,-1,-1,-1,1,1,1,1,-1,1,-1,1,1,1,1,1,-1,-1,1,1,-1,1,1,-1,-1,1,1,-1,1,-1,-1,-1,1,-1,-1,1,1,-1,-1,-1,1,-1,1,1,-1,-1,1,1,-1,1,1,-1,-1,1,1,-1,1,1,-1,-1,-1,-1,1,1,1,-1,1,-1,1,1,1,-1,-1,1,-1,1,1,1,-1,-1,1,-1,1,1,-1,1,-1,-1,-1,1,-1,1,1,-1,-1,-1,1,-1,1,-1,-1,-1,-1,1,-1,1,-1,1,-1,-1,-1,1,1,-1,1,-1,-1,-1,-1,1,-1,1,-1,-1,1,-1,1,1,-1,1,-1,-1,1,1,-1,-1,1,1,1,1,1,-1,1,-1,-1,1,1,-1,-1,1,-1,-1,-1,-1,1,-1,1,1,1,1,1,-1,-1,-1,-1,1,-1,-1,-1,-1,1,-1,1,1,1,-1,1,1,-1,1,1,1,1,-1,1,-1,1,1,1,1,-1,1,-1,1,1,1,1,-1,1,-1,1,1,1,1,-1,1,-1,1,1,1,-1,-1,1,-1,-1,1,1,-1,-1,-1,1,-1,1,-1,1,-1,1,-1,-1,1,-2672.0,1,2000,445,1500,True
533,-1,-1,1,1,1,1,-1,1,-1,-1,-1,1,-1,1,-1,-1,1,-1,1,1,-1,1,-1,-1,-1,1,-1,-1,1,-1,-1,-1,1,1,-1,-1,1,-1,-1,1,1,-1,-1,-1,-1,-1,-1,1,-1,1,-1,-1,1,1,1,-1,1,-1,-1,-1,-1,1,1,1,-1,1,-1,-1,1,-1,1,-1,-1,-1,1,-1,-1,-1,1,-1,-1,1,1,-1,1,-1,-1,1,1,1,-1,1,-1,1,-1,1,-1,1,1,1,1,1,1,-1,1,1,-1,1,1,1,-1,1,1,-1,1,1,1,-1,1,1,-1,1,1,1,-1,1,1,-1,1,1,-1,-1,1,1,-1,1,1,1,-1,-1,1,-1,1,1,1,-1,1,1,1,-1,1,1,-1,-1,-1,1,-1,1,1,-1,1,1,1,1,1,1,-1,1,1,-1,1,1,1,-1,1,1,-1,1,1,-1,1,-1,-1,1,1,1,-1,1,1,1,-1,-1,1,1,1,1,-1,1,1,1,-1,1,1,-1,1,1,1,1,-1,1,-1,-1,1,1,1,1,1,-1,1,1,1,-1,-1,1,-1,-1,1,1,-1,-1,1,-1,-1,1,1,-1,-1,1,-1,1,1,1,-1,1,1,-1,-1,1,-1,1,-1,1,-1,1,1,1,-1,1,1,-1,1,-1,1,-1,1,-1,1,-1,1,1,-1,1,-1,-1,1,1,1,-1,1,-1,-1,-1,1,1,1,-1,1,1,-1,1,1,1,-1,1,1,-1,-1,-1,1,1,-1,1,-1,-1,-1,1,-1,-1,1,1,1,-1,1,1,1,1,-1,-1,-1,1,-1,-1,1,1,-1,-1,1,1,-1,1,-1,-1,-1,1,1,1,1,-1,-1,1,1,-1,1,1,-1,-1,1,1,-1,1,1,-1,1,-1,1,1,-1,1,-1,1,1,1,-1,1,1,-1,-1,1,1,-1,1,-1,-1,-1,1,1,-1,1,-1,-1,1,-1,1,-1,1,-1,-1,1,-1,1,-1,1,1,-1,1,-1,1,1,-1,1,-1,-1,1,1,-1,1,-1,-1,1,1,-1,-1,1,-1,-1,1,-1,1,-1,1,-1,1,1,-1,1,1,1,-1,1,1,-1,1,-1,1,-1,-1,1,-1,1,1,-1,1,-1,1,1,-1,1,-1,-1,-1,1,-1,-1,1,-1,1,-1,-1,1,-1,1,-1,-1,-1,-1,1,-1,1,-1,1,-1,-1,1,-1,1,-1,-1,-1,-1,1,-1,-1,1,1,-1,-1,1,-1,1,1,-1,1,-1,1,-1,1,-1,1,-1,-1,-1,-1,1,-1,-1,1,-1,1,-1,1,-1,1,-1,-1,-1,1,1,-1,1,-1,-1,-1,-1,1,-1,-1,1,-1,-1,1,-1,-1,1,1,1,-1,-1,1,-1,-1,1,-1,-1,-1,1,-1,1,-1,1,-1,-1,-1,-1,1,-1,1,-1,-1,1,-1,1,1,1,-1,-1,-1,1,1,-1,1,-1,-1,-1,1,1,1,-1,1,1,-1,1,1,1,1,1,1,1,-1,-1,-1,1,-1,1,1,-1,-1,1,1,-1,1,-1,-1,-1,1,1,-1,1,1,-1,-1,1,1,-1,1,1,-1,-1,-1,1,-1,-1,-1,-1,1,-1,1,-1,-1,-1,-1,-1,-1,1,-1,1,1,1,1,-1,1,-1,1,1,-1,1,-1,1,-1,-1,1,-1,1,-1,-1,1,1,1,1,1,1,-1,1,1,1,-1,1,-1,1,1,1,1,-1,-1,-1,1,1,1,1,-1,1,-1,1,-1,1,-1,1,1,-1,-1,1,1,-1,-1,1,-1,-1,1,1,1,1,1,1,1,1,1,1,1,1,1,-1,1,-1,1,-1,1,1,-1,1,1,1,1,1,1,-1,1,-1,1,-1,1,1,-1,1,1,-1,1,1,1,1,1,1,1,1,1,1,-1,1,1,-1,-1,1,-1,-1,1,1,1,-1,1,1,-1,1,-1,-1,1,1,-1,-1,1,-1,1,-1,-1,1,-1,1,-1,1,-1,1,-1,-1,1,-1,1,-1,1,-1,-1,1,-1,1,-1,1,-1,-1,1,-1,1,-1,1,-1,-1,1,1,1,1,1,-1,1,1,-1,1,1,1,1,-1,1,-1,1,-1,1,-1,1,1,1,-1,1,1,-1,1,-1,1,-1,1,1,1,-1,1,-1,-1,1,1,-1,-1,1,-1,1,-1,-1,1,-1,1,1,-1,1,1,-1,-1,1,1,-1,1,1,-1,-1,-1,1,1,1,1,-1,-1,1,1,-1,1,1,-1,-1,1,-1,1,1,1,-1,-1,-1,1,-1,1,1,-1,1,-1,-1,1,1,1,-1,-1,-1,-1,-1,1,-1,-1,-1,1,-1,1,1,-1,-1,-1,-1,-1,1,1,1,-1,-1,-1,-1,1,1,-1,1,-1,-1,1,1,1,-1,-1,1,-1,-1,1,1,1,-1,1,-1,-1,1,1,-1,1,-1,-1,-1,1,1,-1,-1,1,-1,-1,1,1,1,-1,1,-1,-1,1,1,-1,1,1,1,-1,1,1,-1,-1,1,-1,-1,1,-1,1,-1,1,1,-1,-1,1,-1,1,-1,1,-1,1,1,-1,1,-1,1,-1,1,1,-1,1,1,1,1,-1,1,-1,1,1,-1,1,-1,1,-1,1,1,1,-1,1,1,1,1,-1,1,1,-1,1,1,-1,1,1,-1,-1,1,-1,1,1,-1,1,-1,1,-1,1,-1,-1,1,-1,1,-1,1,-1,1,-1,-1,-1,1,1,-1,-1,1,-1,-1,-1,1,-1,-1,1,-1,1,-1,1,1,-1,1,-1,-1,1,1,-1,-1,-1,1,1,1,1,-1,1,1,-1,1,1,-1,-1,1,1,-1,-1,-1,1,-1,1,1,1,1,1,-1,-1,-1,-1,-1,-1,-1,-1,-1,-1,1,1,1,1,-1,1,1,-1,1,1,1,1,-1,1,-1,1,1,1,1,-1,1,-1,1,1,1,1,-1,1,-1,1,1,1,1,-1,1,-1,1,1,1,-1,-1,1,-1,1,1,1,-1,-1,-1,1,-1,1,1,1,-1,1,-1,1,1,-2672.0,1,2000,445,1500,True
534,-1,-1,1,1,1,1,-1,1,-1,-1,-1,1,-1,1,-1,-1,1,-1,1,1,-1,-1,-1,-1,-1,1,-1,-1,-1,-1,-1,-1,1,1,-1,-1,1,-1,-1,-1,1,-1,-1,-1,-1,-1,-1,1,-1,1,-1,-1,1,-1,1,-1,-1,1,-1,-1,-1,1,1,1,-1,-1,-1,-1,-1,-1,-1,1,-1,-1,-1,-1,-1,-1,1,-1,-1,1,1,-1,1,-1,-1,1,-1,1,-1,-1,-1,-1,-1,-1,-1,1,1,1,-1,-1,-1,-1,1,1,1,-1,-1,-1,-1,1,1,1,-1,-1,-1,-1,1,1,1,-1,-1,-1,-1,1,1,1,1,-1,-1,-1,1,1,1,-1,-1,-1,-1,-1,1,1,1,-1,-1,-1,1,1,1,-1,-1,-1,-1,-1,-1,1,1,-1,-1,-1,1,1,1,1,-1,-1,1,1,-1,1,-1,-1,-1,-1,1,1,1,-1,-1,-1,1,-1,-1,1,-1,-1,-1,1,1,1,1,1,-1,1,1,1,-1,1,-1,-1,-1,1,1,-1,1,1,-1,-1,-1,1,-1,1,-1,-1,-1,1,1,-1,1,-1,-1,1,1,1,-1,-1,1,-1,-1,-1,1,-1,1,1,-1,1,-1,1,-1,1,1,-1,-1,1,1,-1,-1,1,1,-1,-1,1,-1,1,1,1,-1,1,1,-1,1,1,-1,-1,1,-1,1,-1,1,-1,-1,1,-1,-1,1,-1,1,-1,1,-1,-1,-1,-1,1,-1,-1,1,1,-1,-1,-1,-1,-1,1,1,-1,1,-1,1,-1,-1,1,-1,1,1,-1,1,-1,1,1,-1,1,-1,-1,-1,1,-1,-1,1,-1,1,-1,1,1,-1,1,1,1,-1,1,-1,-1,1,1,-1,-1,1,-1,1,1,-1,1,-1,1,-1,1,1,1,-1,1,1,-1,1,-1,1,-1,-1,1,-1,1,1,1,1,1,1,-1,1,1,1,1,1,-1,-1,1,1,1,1,1,-1,-1,1,1,1,1,1,-1,-1,-1,-1,1,-1,1,1,-1,1,1,1,1,1,1,-1,-1,-1,1,1,-1,-1,-1,1,-1,-1,-1,1,-1,-1,1,-1,1,-1,1,-1,1,-1,1,1,1,1,-1,1,-1,1,1,-1,1,-1,-1,-1,-1,1,1,1,1,-1,-1,1,-1,1,1,-1,-1,1,-1,-1,1,-1,1,-1,1,-1,1,-1,1,-1,-1,1,1,-1,1,-1,1,-1,-1,1,-1,1,-1,-1,-1,-1,1,-1,-1,1,1,-1,-1,1,-1,1,1,-1,1,-1,1,-1,1,-1,1,-1,1,1,-1,-1,-1,-1,-1,1,1,-1,1,-1,1,-1,1,-1,1,1,1,1,-1,1,-1,-1,1,-1,-1,-1,1,-1,1,-1,-1,1,-1,1,-1,-1,1,-1,-1,1,-1,1,-1,-1,-1,1,-1,1,1,-1,-1,-1,1,-1,1,-1,-1,1,-1,1,1,-1,1,-1,-1,1,1,-1,-1,1,-1,-1,1,1,1,1,1,1,-1,1,1,1,-1,-1,1,1,-1,-1,-1,1,-1,1,1,-1,1,-1,1,-1,1,-1,-1,-1,1,1,-1,1,1,-1,1,-1,1,-1,1,1,-1,1,-1,1,-1,-1,-1,-1,1,-1,1,-1,-1,-1,-1,1,-1,1,-1,1,1,1,-1,-1,1,-1,1,1,-1,1,-1,1,-1,-1,1,-1,1,-1,-1,1,1,1,1,1,-1,1,1,1,1,-1,1,-1,-1,1,1,1,-1,-1,-1,1,1,1,1,-1,-1,-1,1,-1,1,-1,1,1,-1,-1,1,1,1,-1,-1,-1,-1,1,1,1,1,1,-1,-1,1,1,1,1,1,-1,-1,1,-1,1,-1,1,-1,1,1,1,1,1,1,-1,-1,1,-1,1,1,1,-1,-1,1,1,-1,1,1,-1,-1,1,1,1,1,1,1,-1,1,1,-1,1,1,-1,1,-1,1,1,-1,1,-1,1,1,-1,1,1,1,-1,-1,1,-1,1,1,1,1,1,-1,1,-1,1,1,1,-1,1,-1,1,-1,1,1,-1,1,-1,1,-1,1,1,-1,1,-1,-1,1,1,1,1,-1,-1,-1,-1,1,1,-1,-1,1,-1,-1,1,1,1,-1,1,-1,-1,1,1,-1,-1,-1,1,-1,1,1,-1,-1,-1,1,-1,1,1,1,1,1,1,-1,1,1,-1,-1,1,-1,-1,1,-1,1,-1,1,-1,1,1,1,1,-1,-1,-1,-1,-1,1,1,-1,1,1,1,1,1,1,-1,1,-1,-1,1,1,1,-1,1,-1,1,1,1,-1,-1,1,-1,1,1,1,1,1,-1,1,1,1,1,1,1,-1,-1,1,-1,1,1,1,-1,1,1,1,1,1,1,-1,-1,1,1,1,1,1,-1,1,1,-1,1,1,-1,1,1,1,1,1,1,-1,-1,1,1,1,1,1,-1,-1,1,1,1,1,1,1,-1,1,1,1,1,1,1,-1,1,1,1,1,1,1,-1,1,1,-1,1,1,1,-1,1,1,-1,1,1,1,-1,1,-1,1,1,1,1,-1,-1,1,-1,1,1,1,-1,1,1,-1,1,-1,1,-1,1,1,-1,1,1,1,-1,-1,1,1,1,1,-1,1,-1,1,1,1,1,-1,1,-1,1,1,1,-1,-1,1,-1,1,1,-1,1,-1,-1,-1,1,-1,1,-1,1,-1,-1,1,-1,1,-1,-1,-1,-1,1,-1,1,-1,-1,-1,-1,-1,1,1,-1,1,-1,-1,1,-1,1,-1,1,1,-1,1,-1,1,1,1,1,-1,-1,1,1,-1,-1,1,1,1,1,1,-1,1,-1,-1,1,1,-1,-1,1,-1,-1,-1,-1,1,-1,1,1,1,1,1,-1,-1,1,-1,-1,-1,-1,-1,-1,1,-1,1,1,1,-1,1,1,-1,1,1,1,1,-1,1,-1,1,1,1,1,-1,1,-1,1,1,1,1,-1,1,-1,1,1,1,1,-1,1,-1,1,1,1,-1,-1,1,-1,-1,1,1,-1,-1,-1,1,-1,1,1,1,-1,1,-1,-1,1,-2672.0,1,2000,445,1500,True
535,-1,-1,1,1,1,1,-1,1,-1,-1,-1,1,-1,1,-1,-1,1,-1,1,1,-1,-1,-1,-1,-1,1,-1,-1,-1,-1,-1,-1,1,1,-1,-1,1,-1,-1,-1,1,-1,-1,-1,-1,-1,-1,-1,1,1,-1,-1,1,-1,1,-1,-1,1,-1,-1,-1,1,1,1,-1,-1,-1,-1,-1,-1,-1,1,-1,-1,-1,-1,-1,-1,1,-1,-1,1,1,-1,1,-1,-1,1,-1,1,-1,-1,1,-1,-1,-1,-1,1,1,1,-1,1,-1,-1,1,1,1,-1,-1,-1,-1,1,1,1,-1,1,-1,-1,1,1,1,-1,-1,-1,-1,1,1,1,-1,1,-1,-1,1,1,1,-1,-1,-1,-1,-1,1,1,-1,1,1,-1,1,1,1,1,1,-1,-1,-1,-1,1,1,1,-1,-1,1,1,1,1,-1,1,-1,1,-1,1,1,1,-1,-1,1,1,1,-1,1,-1,1,-1,-1,1,1,1,-1,1,1,1,1,-1,1,-1,1,1,-1,1,-1,1,-1,1,1,-1,1,-1,1,-1,-1,1,-1,1,-1,1,-1,1,1,-1,-1,-1,1,-1,-1,1,-1,-1,1,1,-1,-1,1,-1,1,1,-1,1,-1,1,-1,1,-1,1,-1,1,1,-1,-1,1,1,-1,-1,1,-1,1,1,1,-1,1,1,-1,1,-1,1,-1,1,-1,1,-1,1,1,-1,1,-1,-1,-1,1,1,-1,1,-1,-1,-1,-1,1,1,-1,1,1,-1,-1,1,-1,-1,1,1,-1,1,1,1,-1,-1,1,-1,1,1,-1,1,-1,1,1,-1,1,-1,-1,-1,1,-1,-1,1,-1,1,-1,1,1,-1,1,1,1,-1,1,-1,-1,1,1,-1,-1,1,-1,-1,1,-1,1,-1,1,-1,-1,1,1,-1,1,1,-1,1,-1,1,-1,-1,1,-1,1,1,1,1,1,1,-1,1,1,1,1,1,-1,-1,1,1,1,1,1,-1,-1,1,-1,1,1,1,-1,-1,1,-1,1,-1,1,1,-1,1,-1,1,1,1,1,-1,-1,1,1,1,-1,-1,-1,1,1,-1,-1,1,1,-1,1,-1,1,-1,1,-1,1,1,-1,1,1,1,-1,1,1,-1,1,-1,1,-1,-1,1,-1,1,1,1,1,-1,1,1,-1,1,1,-1,-1,1,-1,-1,1,-1,1,-1,-1,1,-1,1,1,-1,-1,1,1,-1,1,-1,1,-1,-1,1,-1,1,-1,-1,-1,-1,1,-1,-1,1,1,-1,-1,1,-1,1,1,-1,1,-1,1,-1,1,-1,1,-1,-1,-1,-1,-1,-1,-1,-1,-1,1,-1,1,-1,1,-1,-1,-1,1,1,-1,1,-1,-1,-1,-1,1,-1,-1,-1,-1,-1,1,-1,-1,1,-1,-1,-1,-1,1,-1,-1,1,-1,-1,-1,-1,-1,1,-1,1,-1,-1,-1,-1,1,-1,-1,-1,-1,1,-1,1,1,1,-1,-1,-1,1,1,-1,1,-1,-1,-1,1,1,1,-1,1,1,-1,1,1,1,1,1,1,1,-1,-1,-1,1,-1,-1,1,1,1,-1,1,-1,1,-1,-1,-1,1,1,-1,1,1,-1,1,-1,1,-1,1,1,-1,1,-1,1,-1,-1,-1,-1,1,-1,1,-1,-1,-1,-1,1,-1,1,-1,1,1,1,1,-1,1,-1,1,1,-1,1,-1,1,-1,-1,1,-1,1,-1,-1,1,1,1,1,1,-1,1,1,1,1,-1,1,-1,-1,1,1,1,-1,-1,-1,1,1,1,1,-1,-1,-1,1,-1,1,-1,1,1,-1,-1,1,1,1,-1,-1,-1,-1,1,1,1,1,1,-1,-1,1,1,1,1,-1,-1,-1,1,-1,1,-1,1,-1,-1,1,1,1,1,1,-1,-1,1,-1,1,1,1,-1,-1,1,1,-1,1,1,-1,-1,1,1,1,1,1,-1,1,-1,1,-1,1,1,1,1,-1,1,1,1,1,-1,1,1,-1,1,1,1,1,1,1,-1,1,-1,1,-1,1,-1,-1,1,-1,1,1,-1,1,-1,1,1,1,1,-1,1,-1,1,1,1,1,1,1,-1,1,-1,1,1,-1,-1,-1,1,1,1,1,1,1,-1,1,1,1,1,1,-1,1,-1,1,1,1,-1,-1,-1,-1,1,1,-1,1,-1,1,-1,1,1,1,-1,-1,-1,-1,1,1,-1,-1,-1,-1,1,-1,1,-1,-1,-1,1,-1,1,1,-1,-1,-1,1,-1,1,1,-1,-1,-1,1,1,1,1,-1,1,-1,1,-1,1,1,1,-1,-1,1,1,1,1,1,-1,-1,1,-1,1,1,-1,1,-1,-1,1,1,1,1,-1,-1,-1,-1,1,-1,1,-1,1,-1,1,1,1,1,1,-1,-1,1,1,1,1,-1,1,-1,1,1,-1,1,-1,-1,1,1,1,1,-1,1,-1,-1,1,1,1,1,1,-1,-1,1,1,1,-1,1,1,-1,1,1,1,1,1,1,-1,1,1,1,1,1,1,-1,1,1,-1,1,1,-1,-1,1,1,-1,1,1,1,-1,1,-1,1,1,1,1,-1,-1,1,-1,1,1,1,-1,1,1,-1,1,1,1,-1,1,1,-1,1,1,1,-1,-1,1,1,1,1,-1,1,-1,1,1,1,1,-1,1,-1,1,1,1,-1,-1,1,-1,1,1,-1,1,-1,-1,-1,1,-1,1,-1,1,-1,-1,1,-1,1,-1,-1,-1,-1,1,-1,1,-1,-1,-1,-1,-1,1,1,-1,1,-1,-1,-1,-1,1,-1,1,-1,-1,1,-1,1,1,1,1,-1,-1,1,1,-1,-1,1,1,1,1,1,-1,1,-1,-1,1,1,-1,-1,1,-1,-1,-1,-1,1,-1,1,1,1,1,1,-1,-1,-1,-1,-1,-1,-1,-1,-1,1,-1,1,1,1,-1,1,1,-1,1,1,1,1,-1,1,-1,1,1,1,1,-1,1,-1,1,1,1,1,-1,1,-1,1,1,1,1,-1,1,-1,1,1,1,-1,-1,1,-1,-1,1,1,-1,-1,-1,1,-1,1,-1,1,-1,1,-1,-1,1,-2672.0,1,2000,445,1500,True
536,1,1,-1,-1,1,-1,-1,-1,1,1,1,-1,1,1,1,1,-1,1,-1,-1,1,-1,1,1,1,-1,1,-1,1,1,1,1,1,-1,-1,-1,1,-1,1,1,-1,-1,-1,1,1,1,1,-1,1,1,1,1,-1,1,-1,-1,1,-1,1,1,1,-1,-1,-1,1,1,1,1,-1,-1,-1,1,1,1,1,-1,-1,-1,1,1,1,-1,-1,-1,1,1,1,1,-1,-1,-1,1,1,1,1,-1,-1,1,1,-1,1,1,-1,-1,1,1,1,1,1,-1,-1,1,1,1,1,1,-1,-1,1,1,1,1,1,1,-1,1,1,1,-1,1,1,-1,1,1,1,1,1,1,-1,-1,1,1,1,1,1,-1,1,1,1,1,1,1,-1,-1,-1,1,1,1,1,-1,1,1,1,1,-1,1,-1,1,-1,1,1,1,-1,-1,1,1,1,1,1,-1,1,-1,-1,1,-1,1,-1,1,1,1,1,1,1,1,1,1,-1,1,-1,1,-1,1,1,-1,1,-1,1,1,-1,1,-1,1,-1,1,-1,1,1,-1,1,-1,1,1,1,1,-1,-1,1,1,-1,-1,1,-1,1,-1,-1,1,-1,1,-1,1,-1,1,-1,1,1,-1,-1,-1,1,1,-1,1,-1,1,1,1,-1,1,1,-1,1,-1,1,-1,1,-1,1,-1,1,1,-1,1,-1,-1,-1,1,1,-1,1,-1,-1,-1,1,1,-1,-1,1,1,-1,-1,1,1,-1,1,1,-1,1,1,1,-1,-1,1,-1,1,1,-1,1,-1,1,1,-1,1,1,-1,-1,1,-1,-1,1,-1,1,-1,1,1,-1,1,1,1,-1,1,-1,-1,1,1,-1,-1,1,-1,1,1,1,1,-1,1,-1,1,1,1,-1,1,1,-1,1,-1,1,-1,-1,1,-1,1,1,1,1,1,1,-1,1,1,1,1,1,-1,-1,1,1,1,1,1,-1,-1,1,1,1,1,1,-1,-1,-1,-1,1,-1,1,1,-1,1,1,1,1,1,1,-1,-1,-1,1,1,1,-1,-1,1,-1,-1,-1,1,-1,-1,1,-1,1,-1,1,-1,1,-1,1,1,1,1,-1,1,-1,1,1,-1,1,-1,-1,-1,-1,1,1,1,1,-1,-1,1,-1,1,1,-1,-1,1,-1,-1,1,-1,1,-1,1,-1,1,1,1,-1,-1,1,1,-1,1,-1,1,-1,-1,1,-1,1,1,-1,-1,-1,1,-1,-1,1,1,-1,-1,-1,-1,1,1,-1,1,-1,1,-1,1,1,1,-1,-1,1,-1,1,1,-1,-1,1,1,-1,1,-1,1,-1,1,-1,1,1,-1,1,-1,1,-1,-1,1,-1,-1,-1,1,-1,-1,1,-1,1,-1,1,-1,-1,1,-1,-1,1,-1,1,-1,-1,1,1,-1,1,1,-1,-1,1,1,-1,1,-1,-1,-1,1,1,1,1,1,-1,-1,1,1,-1,1,1,1,-1,1,1,1,-1,1,1,-1,1,1,1,1,-1,-1,1,-1,-1,-1,1,-1,1,1,-1,1,-1,1,-1,1,-1,-1,-1,1,1,-1,1,1,-1,-1,-1,1,-1,1,1,-1,1,-1,1,-1,-1,-1,-1,-1,-1,1,-1,-1,-1,-1,-1,-1,1,-1,1,1,1,1,-1,1,-1,1,1,-1,-1,-1,1,-1,-1,1,-1,1,-1,-1,1,1,1,1,-1,-1,1,1,1,1,-1,1,-1,-1,1,1,1,-1,-1,-1,1,1,1,1,-1,-1,-1,1,-1,1,-1,1,1,-1,-1,1,1,1,-1,-1,-1,-1,1,1,1,1,-1,-1,-1,1,1,1,1,-1,-1,-1,1,-1,1,-1,-1,-1,1,1,1,1,1,-1,-1,-1,1,-1,1,1,-1,-1,-1,1,1,-1,1,-1,-1,-1,1,1,1,1,-1,-1,1,1,1,-1,-1,-1,1,1,-1,1,1,-1,-1,-1,1,1,-1,1,1,-1,1,1,1,-1,1,-1,-1,-1,1,-1,1,-1,-1,-1,-1,1,1,-1,1,-1,-1,-1,1,-1,-1,1,-1,1,-1,1,1,-1,1,-1,1,-1,1,-1,-1,1,-1,-1,-1,1,1,1,-1,-1,-1,-1,1,-1,-1,1,-1,-1,-1,-1,-1,-1,1,-1,-1,-1,1,-1,-1,1,-1,-1,-1,-1,-1,1,1,-1,-1,-1,-1,-1,1,-1,-1,-1,1,-1,-1,1,-1,1,-1,-1,-1,-1,-1,-1,-1,1,-1,-1,-1,1,1,1,-1,-1,1,-1,1,-1,-1,-1,1,-1,-1,1,-1,1,-1,-1,-1,-1,1,-1,1,1,-1,1,-1,-1,1,1,-1,-1,-1,-1,-1,-1,1,1,-1,-1,1,-1,1,1,-1,-1,-1,1,-1,-1,1,-1,-1,1,-1,-1,1,1,1,-1,1,-1,1,1,1,-1,-1,1,-1,-1,1,1,1,-1,1,-1,-1,1,1,-1,1,1,-1,-1,1,1,1,1,1,-1,-1,1,1,1,1,1,-1,-1,1,1,1,1,1,1,-1,1,1,1,1,1,-1,-1,1,-1,1,1,1,1,-1,-1,1,-1,1,1,1,-1,1,1,1,1,-1,1,-1,1,1,1,1,1,1,-1,-1,1,1,1,1,-1,1,-1,1,1,1,1,-1,1,-1,1,1,1,-1,-1,1,-1,1,1,-1,1,-1,-1,-1,1,1,1,-1,1,-1,-1,1,1,1,-1,-1,-1,-1,1,1,1,-1,1,-1,-1,-1,1,1,-1,1,-1,-1,1,1,1,-1,1,-1,1,-1,1,1,1,1,1,-1,-1,1,1,-1,-1,1,1,-1,-1,1,-1,1,-1,-1,1,1,-1,-1,1,-1,-1,-1,1,1,-1,1,1,-1,1,1,-1,-1,1,-1,1,-1,-1,-1,-1,1,-1,-1,1,1,-1,1,1,-1,1,1,1,1,-1,1,-1,1,1,1,1,-1,1,-1,-1,-1,1,1,-1,1,-1,1,1,1,1,-1,1,-1,1,1,-1,-1,-1,1,-1,-1,1,1,-1,-1,-1,1,-1,1,-1,1,-1,1,-1,-1,1,-2672.0,1,2000,445,1500,True
537,1,1,-1,-1,1,1,-1,-1,1,1,1,-1,1,1,1,1,-1,1,-1,-1,-1,-1,1,1,1,-1,1,-1,1,1,1,1,-1,-1,-1,-1,1,1,1,1,-1,-1,-1,1,1,1,1,-1,1,1,1,1,-1,1,-1,-1,1,-1,1,1,1,-1,-1,-1,1,1,1,1,-1,-1,-1,1,1,1,1,-1,-1,-1,1,1,1,-1,-1,-1,1,1,1,1,-1,-1,-1,1,1,1,1,-1,-1,1,1,-1,1,1,-1,-1,1,1,1,1,1,-1,-1,1,1,1,1,1,-1,-1,1,1,1,1,1,1,-1,1,1,1,-1,1,1,-1,1,1,1,1,1,1,-1,-1,1,1,1,1,1,-1,1,1,1,1,1,1,-1,-1,-1,1,1,1,1,-1,1,1,1,1,-1,1,-1,1,-1,1,1,1,-1,-1,1,1,1,1,1,-1,1,-1,-1,1,-1,1,-1,1,1,1,1,1,1,1,1,1,-1,1,-1,1,-1,1,1,-1,1,-1,1,1,-1,1,-1,1,-1,1,-1,1,1,-1,1,-1,1,1,1,1,-1,-1,1,1,-1,-1,1,-1,1,-1,-1,1,-1,1,-1,1,-1,1,-1,1,1,-1,-1,-1,1,1,-1,1,-1,1,1,1,-1,1,1,-1,-1,-1,1,-1,1,-1,1,-1,1,1,-1,1,-1,-1,-1,1,1,-1,1,-1,-1,-1,1,1,-1,-1,1,1,-1,-1,1,1,-1,1,1,-1,1,1,1,1,-1,1,-1,1,1,-1,1,-1,1,1,1,1,1,1,1,1,-1,-1,1,-1,-1,1,1,1,-1,1,1,1,-1,1,1,1,1,1,1,1,1,-1,1,1,1,-1,1,1,-1,1,1,1,-1,1,1,-1,-1,1,1,1,-1,1,-1,1,1,1,-1,1,1,-1,1,1,1,-1,1,1,-1,1,1,1,-1,1,1,-1,-1,1,1,-1,1,1,-1,1,-1,1,-1,1,1,1,-1,1,1,1,-1,1,1,-1,1,1,-1,1,1,1,-1,-1,-1,-1,1,1,1,-1,1,1,-1,1,1,-1,-1,1,1,1,1,1,-1,1,1,1,-1,1,1,1,1,-1,1,1,-1,-1,1,-1,1,-1,1,-1,1,1,-1,-1,-1,1,-1,-1,1,1,-1,1,1,-1,1,1,1,1,-1,1,-1,-1,1,-1,1,-1,1,-1,-1,1,1,1,-1,-1,1,-1,1,1,1,-1,1,1,1,-1,1,1,-1,1,-1,-1,1,1,1,-1,-1,-1,1,1,1,1,-1,1,-1,-1,1,1,-1,1,1,-1,1,1,1,-1,-1,1,-1,1,1,1,-1,1,-1,-1,-1,1,1,-1,-1,1,-1,1,1,1,1,-1,1,-1,-1,1,1,1,-1,-1,-1,1,1,1,-1,-1,1,-1,-1,1,-1,1,-1,-1,1,-1,1,-1,1,-1,-1,1,-1,-1,1,1,1,-1,1,-1,1,-1,1,-1,1,-1,-1,-1,1,-1,-1,1,1,1,-1,1,-1,1,1,1,-1,1,1,-1,1,-1,1,-1,-1,1,-1,-1,1,1,1,-1,1,-1,-1,1,1,-1,-1,1,-1,-1,1,1,-1,-1,1,-1,-1,-1,1,1,-1,1,-1,-1,-1,1,-1,-1,1,-1,1,-1,1,1,-1,-1,1,-1,-1,-1,-1,-1,1,1,1,-1,-1,1,-1,-1,1,-1,-1,1,-1,-1,1,1,-1,-1,1,-1,-1,1,1,-1,1,-1,-1,-1,-1,1,1,-1,-1,-1,-1,1,1,-1,-1,1,-1,-1,-1,1,1,-1,-1,-1,-1,-1,1,-1,-1,-1,-1,-1,1,1,1,-1,-1,-1,-1,-1,1,1,-1,-1,-1,-1,-1,1,1,1,-1,-1,-1,-1,1,1,-1,-1,-1,-1,1,1,1,1,-1,-1,1,1,1,1,1,-1,-1,-1,1,1,1,1,1,-1,1,1,1,1,-1,1,-1,-1,1,-1,1,-1,1,-1,-1,1,-1,1,-1,-1,-1,-1,1,-1,1,-1,1,-1,-1,1,-1,1,-1,1,-1,-1,1,-1,1,-1,-1,-1,-1,1,1,-1,-1,-1,-1,-1,1,-1,1,-1,-1,-1,-1,-1,-1,-1,1,-1,-1,-1,1,-1,-1,1,-1,-1,-1,-1,-1,1,1,-1,-1,-1,-1,-1,1,-1,-1,-1,1,-1,-1,1,-1,1,-1,-1,-1,-1,-1,-1,-1,1,-1,-1,-1,1,1,1,-1,-1,1,1,-1,-1,-1,-1,1,-1,-1,1,-1,1,-1,-1,-1,-1,1,-1,1,1,-1,1,-1,-1,1,1,-1,-1,-1,-1,-1,-1,1,1,-1,-1,1,-1,1,1,-1,-1,-1,1,-1,1,1,-1,-1,1,-1,-1,1,1,1,-1,1,-1,1,1,1,-1,-1,1,-1,-1,1,1,1,-1,1,-1,-1,1,1,-1,1,1,-1,-1,1,1,-1,1,1,-1,-1,1,1,-1,1,1,-1,-1,1,1,1,1,1,1,-1,1,1,1,1,1,-1,-1,1,-1,1,1,1,1,-1,-1,1,-1,1,1,1,-1,1,1,1,1,-1,1,-1,1,1,1,1,1,1,1,-1,1,1,1,1,-1,1,-1,1,1,1,1,1,-1,1,1,1,1,-1,1,1,-1,1,1,-1,1,1,-1,-1,1,1,1,1,-1,1,-1,1,1,1,-1,-1,1,-1,1,1,1,-1,1,-1,-1,-1,1,1,-1,-1,1,-1,-1,1,1,1,-1,1,-1,1,-1,1,1,-1,-1,-1,-1,1,1,-1,-1,-1,1,1,-1,1,-1,1,1,-1,1,1,-1,-1,1,1,-1,-1,1,1,-1,1,1,1,1,1,-1,-1,-1,-1,1,-1,-1,-1,-1,-1,1,1,1,1,-1,1,1,-1,1,1,1,1,-1,1,-1,1,1,1,1,-1,1,-1,1,1,1,1,-1,1,-1,1,1,1,1,-1,1,-1,1,1,1,-1,-1,1,-1,1,1,1,-1,-1,-1,1,-1,1,-1,1,-1,1,-1,1,1,-2672.0,1,2000,445,1000,False
538,-1,-1,1,1,1,1,-1,1,-1,-1,-1,1,-1,1,-1,-1,1,-1,1,1,-1,-1,-1,-1,-1,1,-1,-1,-1,-1,-1,-1,1,1,-1,-1,1,-1,-1,-1,1,-1,-1,-1,-1,-1,-1,-1,1,1,-1,-1,1,-1,1,-1,-1,1,-1,-1,-1,1,1,1,-1,-1,-1,-1,-1,-1,-1,1,-1,-1,-1,-1,-1,-1,1,-1,-1,1,1,-1,1,-1,-1,1,-1,1,-1,-1,-1,-1,-1,-1,-1,1,1,1,-1,-1,-1,-1,1,1,-1,-1,-1,-1,-1,1,1,1,-1,-1,-1,-1,1,1,-1,-1,-1,-1,-1,1,1,-1,1,-1,-1,-1,1,1,-1,1,-1,-1,-1,-1,1,-1,1,-1,-1,-1,1,1,1,-1,-1,-1,-1,-1,-1,1,-1,1,-1,-1,1,1,1,1,-1,-1,-1,1,-1,1,-1,-1,-1,-1,1,1,-1,1,-1,-1,1,-1,-1,1,-1,-1,-1,1,1,1,1,1,-1,-1,1,1,-1,1,1,-1,-1,1,1,-1,1,1,-1,-1,-1,1,-1,1,1,-1,-1,1,1,-1,1,1,-1,1,1,1,-1,-1,1,1,-1,-1,1,-1,1,1,-1,1,-1,1,-1,1,1,-1,1,1,1,-1,-1,1,-1,-1,1,1,-1,1,-1,1,1,1,1,-1,1,1,-1,1,-1,-1,1,-1,-1,-1,1,1,-1,-1,1,-1,-1,1,1,-1,-1,-1,1,-1,1,-1,1,1,-1,1,-1,1,1,1,1,-1,-1,-1,-1,1,-1,1,-1,-1,-1,1,1,-1,1,1,-1,-1,-1,1,-1,1,-1,-1,-1,1,1,-1,1,1,-1,-1,1,1,-1,1,-1,-1,-1,1,1,1,1,-1,-1,-1,1,-1,-1,1,-1,-1,1,-1,1,1,1,-1,1,1,1,1,-1,1,-1,1,1,1,-1,1,1,-1,-1,1,1,-1,1,-1,-1,-1,1,1,-1,1,-1,-1,1,-1,1,-1,1,-1,-1,1,-1,1,-1,1,1,-1,1,-1,1,1,1,1,-1,-1,1,1,-1,1,-1,-1,1,1,-1,-1,1,1,-1,1,-1,1,-1,1,-1,1,1,-1,1,1,1,-1,1,1,-1,1,-1,1,-1,-1,1,-1,1,1,1,1,-1,1,1,1,1,1,-1,-1,1,-1,-1,1,-1,1,-1,-1,1,-1,1,1,-1,-1,-1,1,-1,1,-1,1,-1,-1,1,-1,1,1,-1,-1,-1,1,-1,-1,1,1,-1,-1,1,-1,1,1,-1,1,-1,1,-1,-1,1,1,-1,-1,-1,-1,1,1,-1,1,-1,1,-1,1,-1,1,-1,-1,-1,-1,1,-1,1,-1,-1,-1,-1,1,-1,-1,1,-1,-1,-1,1,1,1,1,1,-1,-1,1,-1,-1,1,-1,-1,-1,1,1,1,-1,1,-1,-1,-1,-1,1,-1,1,-1,-1,1,-1,1,1,1,-1,-1,-1,1,1,-1,1,-1,-1,-1,1,1,1,-1,1,1,-1,1,1,1,1,1,1,1,-1,-1,-1,1,-1,-1,1,-1,1,-1,1,-1,1,-1,-1,-1,1,1,-1,1,1,-1,1,-1,1,-1,1,1,-1,1,-1,1,-1,-1,-1,-1,1,-1,1,-1,-1,-1,-1,1,-1,1,-1,1,1,1,-1,-1,1,-1,1,1,-1,1,-1,1,-1,-1,1,-1,1,-1,-1,1,1,1,1,1,-1,1,1,1,1,-1,1,-1,-1,1,1,1,-1,-1,-1,1,1,1,1,-1,-1,-1,1,-1,1,-1,1,1,-1,-1,1,1,-1,-1,1,-1,-1,1,1,1,1,1,1,-1,1,1,1,1,-1,1,-1,1,-1,1,-1,1,1,-1,1,1,1,1,1,1,-1,1,-1,1,-1,1,1,-1,1,1,-1,1,1,1,-1,1,1,1,1,1,1,-1,1,1,-1,-1,1,-1,-1,1,1,1,-1,1,-1,-1,1,-1,1,1,1,-1,-1,1,-1,1,-1,1,1,-1,1,-1,1,-1,1,-1,-1,1,-1,1,1,1,1,-1,1,-1,1,-1,1,1,-1,1,-1,1,-1,1,1,-1,1,1,1,1,1,-1,1,1,-1,1,1,1,1,-1,1,-1,1,-1,1,1,-1,1,1,-1,1,1,1,-1,1,1,-1,1,1,1,1,1,-1,-1,1,1,1,1,1,-1,1,-1,1,1,1,1,1,-1,1,1,1,1,1,1,-1,1,-1,1,1,1,1,1,1,1,1,1,1,1,-1,1,1,-1,1,1,-1,1,1,1,1,-1,1,1,-1,1,1,1,1,1,-1,1,1,1,1,1,1,-1,-1,1,-1,1,1,1,-1,1,1,1,1,1,-1,-1,1,1,1,1,1,1,-1,1,1,-1,1,1,-1,1,1,1,1,1,1,-1,-1,1,-1,1,1,-1,1,-1,1,1,1,1,-1,-1,-1,1,1,1,1,-1,1,-1,1,1,1,1,1,-1,-1,1,1,-1,1,1,-1,-1,-1,1,-1,1,-1,-1,-1,1,-1,-1,1,1,-1,-1,-1,1,-1,1,1,-1,-1,1,1,-1,1,1,-1,1,1,1,-1,1,1,-1,1,-1,1,1,1,1,-1,1,-1,1,1,1,-1,1,-1,1,1,1,1,-1,-1,1,-1,1,1,-1,1,1,-1,-1,1,-1,1,1,-1,1,-1,1,-1,1,-1,-1,1,-1,1,-1,1,-1,1,-1,-1,-1,1,1,-1,1,1,-1,-1,-1,1,-1,1,-1,1,-1,-1,1,1,-1,-1,-1,-1,1,1,-1,-1,-1,1,-1,1,1,-1,1,1,-1,1,1,-1,-1,1,-1,-1,-1,-1,1,-1,1,1,-1,1,1,-1,-1,-1,-1,1,-1,-1,-1,-1,1,-1,-1,1,1,-1,1,1,-1,1,1,1,1,-1,1,-1,1,1,1,1,-1,1,-1,-1,1,1,1,-1,1,-1,1,1,1,1,-1,1,-1,1,1,1,-1,-1,1,-1,-1,1,1,-1,-1,-1,1,-1,1,1,1,-1,1,-1,-1,1,-2672.0,1,2000,445,1500,True
539,1,1,-1,-1,1,1,-1,-1,1,1,1,-1,1,1,1,1,-1,1,-1,-1,-1,-1,1,1,1,-1,1,-1,1,1,1,1,1,-1,-1,-1,1,-1,1,-1,1,-1,-1,1,1,1,1,-1,1,1,1,1,-1,1,-1,-1,1,-1,1,1,1,-1,-1,-1,1,1,1,1,-1,-1,-1,1,1,1,1,-1,-1,-1,1,1,1,-1,-1,-1,1,1,1,1,-1,1,-1,1,1,1,1,-1,-1,1,1,-1,1,1,-1,-1,1,1,1,1,1,-1,-1,1,1,-1,1,1,-1,-1,1,1,1,1,1,1,-1,1,1,1,-1,1,1,-1,1,1,1,1,1,1,-1,-1,1,1,1,1,1,-1,1,1,1,1,1,1,-1,-1,-1,1,1,1,1,-1,1,1,1,1,-1,1,-1,1,1,1,1,1,-1,-1,1,1,1,1,1,-1,1,-1,-1,1,-1,1,-1,1,1,1,1,1,1,1,1,1,-1,1,-1,1,-1,1,1,-1,1,-1,1,1,-1,1,-1,1,-1,1,-1,1,1,-1,1,-1,1,1,1,1,-1,-1,1,1,-1,-1,1,-1,1,-1,-1,1,-1,1,-1,1,-1,1,-1,-1,1,-1,-1,-1,1,1,-1,1,-1,1,1,1,-1,1,1,-1,1,-1,1,-1,1,-1,1,-1,1,1,-1,1,-1,-1,-1,1,1,-1,1,-1,-1,-1,1,1,-1,-1,1,1,-1,-1,1,1,-1,1,1,-1,1,1,1,1,-1,1,-1,1,1,-1,1,-1,1,1,-1,1,1,1,1,1,-1,-1,1,-1,-1,-1,1,1,-1,1,1,1,-1,1,-1,-1,1,1,1,1,1,-1,1,1,1,-1,1,1,-1,1,1,1,-1,1,1,-1,-1,1,1,1,-1,1,-1,1,1,1,-1,1,1,-1,1,1,1,-1,1,-1,-1,1,1,1,-1,1,-1,-1,-1,1,1,-1,1,-1,-1,1,-1,1,-1,1,1,-1,-1,1,1,1,-1,1,-1,-1,1,1,-1,1,-1,-1,-1,-1,-1,-1,1,1,-1,-1,1,1,-1,1,-1,-1,-1,1,1,1,1,-1,-1,1,1,1,-1,1,-1,-1,-1,-1,1,1,-1,1,-1,-1,1,-1,1,-1,-1,-1,1,-1,-1,1,-1,1,-1,-1,1,-1,1,-1,-1,-1,1,1,-1,1,-1,1,-1,-1,1,-1,1,-1,-1,-1,-1,1,-1,-1,1,1,-1,-1,1,-1,1,1,-1,1,-1,1,-1,1,-1,1,-1,-1,1,-1,1,-1,-1,-1,1,1,-1,1,-1,1,-1,1,-1,1,1,-1,1,-1,1,-1,-1,1,-1,-1,-1,1,-1,1,-1,-1,1,-1,1,-1,-1,1,-1,-1,1,-1,1,-1,1,-1,1,-1,1,1,-1,-1,-1,1,-1,1,-1,-1,1,-1,1,1,1,1,-1,-1,1,1,-1,1,1,1,-1,1,1,1,-1,1,1,-1,1,1,1,1,-1,-1,1,-1,-1,-1,1,-1,1,1,1,1,-1,1,-1,1,-1,-1,-1,1,1,-1,1,1,-1,-1,1,1,-1,1,1,-1,1,-1,1,-1,-1,-1,-1,-1,-1,1,-1,-1,-1,-1,-1,-1,1,-1,1,1,1,1,-1,1,-1,1,1,-1,-1,-1,1,-1,-1,1,-1,1,-1,-1,1,1,1,1,-1,-1,-1,1,1,1,-1,1,-1,1,1,1,1,-1,-1,-1,1,1,1,1,-1,1,-1,1,-1,1,-1,1,1,-1,-1,1,1,1,-1,-1,-1,-1,1,1,1,1,-1,-1,-1,1,1,1,1,-1,-1,-1,1,1,1,-1,-1,-1,1,1,1,1,1,-1,-1,-1,1,1,1,1,-1,-1,-1,1,1,-1,1,-1,-1,-1,1,1,1,1,-1,-1,1,1,1,1,-1,-1,1,1,-1,1,1,-1,-1,-1,1,1,1,1,1,-1,1,1,1,1,1,-1,-1,-1,1,-1,1,-1,-1,-1,-1,1,-1,1,1,-1,-1,-1,1,-1,1,1,-1,1,-1,1,1,1,1,-1,1,-1,1,-1,1,1,-1,-1,-1,1,1,-1,-1,-1,-1,-1,1,-1,1,-1,-1,-1,-1,-1,-1,-1,1,-1,-1,-1,1,-1,-1,1,-1,-1,-1,-1,-1,-1,1,-1,-1,-1,-1,-1,1,-1,-1,-1,1,-1,-1,1,-1,1,-1,-1,-1,-1,-1,-1,-1,1,-1,-1,-1,1,1,1,-1,-1,1,-1,-1,-1,-1,-1,1,-1,-1,1,1,1,-1,-1,-1,-1,1,-1,1,1,-1,1,-1,-1,1,1,-1,-1,-1,-1,-1,-1,1,1,-1,-1,1,-1,1,1,-1,-1,-1,1,-1,1,1,-1,-1,1,-1,-1,1,1,1,-1,1,-1,1,1,1,-1,-1,1,-1,-1,1,1,1,-1,1,-1,-1,1,1,-1,1,1,-1,-1,1,1,1,1,1,-1,-1,1,1,-1,1,1,-1,-1,1,1,1,1,-1,1,-1,1,1,1,-1,1,-1,-1,1,-1,1,1,1,1,-1,-1,1,-1,1,1,1,-1,1,1,1,1,-1,1,-1,1,1,1,1,1,1,1,-1,-1,1,1,1,-1,1,-1,1,1,1,1,1,-1,1,1,1,1,-1,1,1,-1,1,1,-1,1,1,-1,-1,1,1,1,1,-1,1,-1,1,1,1,-1,-1,1,-1,1,1,1,-1,1,-1,-1,-1,1,1,-1,-1,1,-1,-1,1,1,1,-1,1,-1,1,-1,1,1,-1,1,-1,-1,1,1,-1,-1,-1,1,1,-1,1,-1,1,1,-1,1,1,-1,-1,1,1,-1,-1,-1,1,-1,1,1,1,1,1,-1,-1,-1,-1,1,-1,-1,-1,-1,-1,1,1,1,1,-1,1,1,-1,1,1,1,1,-1,1,-1,1,1,1,1,-1,1,-1,1,1,1,1,-1,1,-1,1,1,1,1,-1,1,-1,1,1,1,-1,-1,1,-1,1,1,1,-1,-1,-1,1,-1,1,-1,1,-1,1,-1,1,1,-2672.0,1,2000,445,1000,False
540,1,1,-1,-1,1,1,-1,-1,1,1,1,-1,1,1,1,1,-1,1,-1,-1,-1,-1,1,1,1,-1,-1,-1,1,1,1,1,1,-1,-1,-1,1,-1,1,1,-1,-1,-1,1,1,1,1,-1,1,1,1,1,-1,1,-1,-1,1,-1,1,1,-1,-1,-1,-1,1,1,1,1,-1,-1,-1,1,1,1,1,-1,-1,-1,1,1,1,-1,-1,-1,1,1,1,1,-1,-1,-1,1,1,1,1,-1,-1,1,1,-1,1,1,-1,-1,1,1,1,1,1,-1,-1,1,1,-1,1,1,-1,-1,1,1,1,1,1,1,-1,-1,1,1,-1,1,1,-1,1,1,1,1,1,1,-1,-1,1,1,1,1,1,-1,1,1,1,1,1,1,-1,-1,-1,1,1,1,1,-1,1,1,1,1,-1,1,-1,1,-1,1,1,1,-1,-1,1,1,1,1,1,-1,1,-1,-1,1,-1,1,-1,1,1,1,1,1,1,1,1,1,-1,1,-1,1,-1,1,1,-1,1,-1,1,1,-1,1,-1,1,-1,1,-1,1,1,-1,1,-1,1,1,1,1,-1,-1,1,1,-1,-1,1,-1,1,-1,-1,1,-1,1,-1,1,-1,1,-1,1,1,-1,-1,-1,1,1,-1,1,-1,1,1,1,-1,1,1,-1,-1,-1,1,-1,1,-1,1,-1,1,1,-1,1,-1,-1,-1,1,1,-1,1,-1,-1,-1,1,1,-1,-1,1,1,-1,-1,1,1,-1,1,1,-1,1,1,1,1,-1,1,-1,1,1,-1,1,-1,1,1,1,1,1,1,1,1,-1,-1,1,-1,-1,-1,1,1,-1,1,1,1,-1,1,1,1,1,1,1,1,1,-1,1,1,1,-1,1,1,-1,1,1,1,-1,1,1,-1,-1,1,1,1,-1,1,-1,1,1,1,-1,1,1,-1,1,1,1,-1,1,1,-1,1,1,1,-1,1,1,-1,-1,1,1,-1,1,1,-1,1,-1,1,-1,1,1,1,-1,1,1,1,-1,1,1,-1,1,1,-1,1,1,1,-1,-1,-1,-1,1,1,1,-1,1,1,-1,1,1,-1,-1,1,1,1,1,1,-1,1,1,1,-1,1,1,1,1,-1,1,1,-1,-1,1,-1,1,-1,1,-1,1,1,-1,-1,-1,1,-1,-1,1,1,-1,1,1,-1,1,1,1,1,-1,1,-1,-1,1,-1,1,-1,1,-1,1,1,1,1,-1,-1,1,-1,1,1,1,-1,1,1,1,-1,1,1,-1,1,-1,-1,1,1,1,-1,1,-1,1,1,1,1,-1,1,-1,1,1,1,-1,1,1,-1,-1,1,1,-1,-1,1,-1,1,1,1,-1,1,-1,-1,-1,1,1,-1,-1,1,-1,1,1,1,1,-1,1,-1,-1,-1,1,1,-1,-1,-1,1,-1,1,-1,-1,1,-1,-1,1,-1,1,-1,-1,1,-1,1,-1,1,-1,-1,1,-1,-1,1,1,1,-1,1,-1,1,-1,1,1,1,-1,-1,-1,1,-1,-1,1,1,1,-1,1,-1,1,1,1,-1,1,1,-1,1,-1,1,-1,-1,1,-1,-1,1,1,1,-1,1,-1,-1,1,1,-1,-1,1,-1,-1,1,1,-1,-1,1,-1,-1,-1,1,1,-1,1,-1,-1,-1,1,-1,-1,1,-1,1,-1,1,1,-1,-1,1,-1,-1,-1,-1,-1,1,1,1,-1,1,1,-1,-1,1,-1,-1,-1,-1,-1,1,1,-1,-1,-1,1,-1,1,1,-1,1,1,1,-1,-1,1,1,-1,-1,-1,-1,1,1,-1,-1,1,-1,-1,-1,1,1,-1,-1,-1,-1,-1,1,-1,-1,1,-1,-1,1,1,1,-1,1,-1,-1,-1,1,1,-1,-1,-1,-1,-1,1,1,1,-1,-1,-1,-1,1,1,-1,-1,-1,-1,1,1,1,1,-1,-1,1,1,1,1,1,-1,-1,-1,1,1,1,1,1,-1,1,1,1,1,-1,1,-1,-1,1,-1,1,-1,1,-1,-1,1,-1,1,-1,-1,-1,-1,1,-1,1,-1,1,1,-1,1,-1,1,-1,1,1,-1,1,-1,1,-1,-1,-1,-1,1,1,-1,-1,-1,-1,-1,1,-1,1,-1,-1,-1,-1,-1,-1,-1,1,-1,-1,-1,1,-1,-1,1,-1,-1,-1,-1,-1,-1,1,-1,-1,-1,-1,-1,1,-1,-1,-1,1,-1,-1,1,-1,1,-1,-1,-1,-1,-1,-1,-1,1,-1,-1,-1,1,1,1,-1,-1,1,-1,-1,-1,-1,-1,1,-1,-1,1,1,1,-1,-1,-1,-1,1,-1,1,1,-1,1,-1,-1,1,1,-1,-1,-1,-1,-1,-1,1,1,-1,-1,1,-1,1,1,-1,-1,-1,1,-1,1,1,-1,-1,1,-1,-1,1,1,1,-1,1,-1,1,1,1,-1,-1,1,-1,-1,1,1,1,-1,1,-1,-1,1,1,-1,1,1,-1,-1,1,1,1,1,1,-1,-1,1,1,1,1,1,-1,-1,1,1,1,1,1,1,-1,1,1,1,1,1,-1,-1,1,-1,1,1,1,1,-1,-1,1,-1,1,1,1,-1,1,1,1,1,-1,1,-1,1,1,1,1,1,1,1,-1,1,1,1,1,-1,1,-1,1,1,1,1,1,-1,1,1,1,1,-1,1,1,-1,1,1,-1,1,1,-1,-1,1,1,1,1,-1,1,-1,1,1,1,-1,-1,1,-1,1,1,1,-1,1,-1,-1,-1,1,1,-1,-1,1,-1,-1,1,1,-1,-1,1,-1,1,1,1,1,-1,-1,-1,-1,1,1,-1,-1,-1,1,1,1,1,-1,1,1,-1,1,1,-1,-1,1,1,-1,-1,1,1,-1,1,1,1,1,1,-1,-1,-1,-1,-1,-1,-1,-1,-1,-1,1,1,1,1,-1,1,1,-1,1,1,1,1,-1,1,-1,1,1,1,1,-1,1,-1,1,1,1,1,-1,1,-1,1,1,1,1,-1,1,-1,1,1,1,-1,-1,1,-1,1,1,1,-1,-1,-1,1,-1,1,-1,1,-1,1,-1,1,1,-2672.0,1,2000,445,0,False
541,1,1,-1,-1,1,-1,-1,-1,1,1,1,-1,1,1,1,1,-1,1,-1,-1,-1,-1,1,1,1,-1,-1,-1,1,1,1,1,1,-1,-1,-1,1,1,1,1,-1,-1,-1,1,1,1,1,-1,1,1,1,1,-1,1,-1,-1,1,-1,1,1,-1,-1,-1,-1,1,1,1,1,-1,-1,-1,1,1,1,1,-1,-1,-1,1,1,1,-1,-1,-1,1,1,1,1,-1,-1,1,1,1,1,1,-1,-1,-1,1,-1,1,1,-1,-1,1,1,1,1,1,-1,-1,-1,1,-1,1,1,-1,-1,1,1,1,1,1,1,-1,-1,1,1,-1,1,1,-1,1,1,1,1,1,1,-1,1,1,1,-1,1,1,-1,1,1,1,1,1,1,-1,-1,-1,1,1,1,1,-1,1,1,1,1,-1,1,-1,1,-1,1,1,1,-1,-1,1,1,1,-1,1,-1,1,-1,-1,1,1,1,-1,1,1,1,1,-1,1,1,1,1,-1,1,-1,1,-1,1,1,-1,1,-1,1,1,-1,1,-1,1,-1,1,-1,1,1,-1,1,-1,1,1,1,1,-1,-1,1,1,-1,-1,1,-1,1,1,-1,1,-1,1,-1,1,-1,1,-1,1,1,-1,-1,1,1,1,-1,1,-1,1,1,1,-1,1,1,-1,1,-1,1,-1,1,-1,1,-1,1,1,-1,1,-1,-1,-1,1,1,-1,1,-1,-1,-1,-1,1,-1,-1,1,1,-1,-1,1,1,-1,1,1,-1,1,1,1,1,-1,1,-1,1,1,-1,1,-1,1,1,-1,1,1,-1,-1,1,-1,-1,1,-1,-1,1,1,1,-1,1,1,1,-1,1,-1,-1,1,1,1,-1,1,-1,-1,1,1,1,-1,1,-1,-1,1,1,-1,1,1,-1,1,-1,1,1,-1,1,-1,1,1,1,-1,1,1,-1,1,1,1,-1,1,-1,-1,1,1,1,1,1,-1,-1,1,-1,1,-1,1,-1,-1,1,-1,1,-1,1,1,-1,1,-1,1,1,1,1,-1,-1,1,1,-1,1,-1,-1,1,1,-1,-1,1,1,-1,1,-1,1,-1,1,-1,1,1,-1,1,1,1,-1,-1,1,-1,1,-1,1,-1,-1,1,-1,1,1,1,1,-1,1,1,1,1,1,-1,-1,1,-1,-1,1,-1,1,-1,-1,1,-1,1,1,-1,-1,1,1,-1,1,-1,1,-1,-1,1,-1,1,1,-1,-1,-1,1,-1,-1,1,1,-1,-1,1,-1,1,1,-1,1,-1,1,-1,-1,1,1,-1,-1,-1,-1,1,1,-1,1,-1,1,-1,1,-1,1,-1,-1,-1,-1,1,-1,1,-1,-1,-1,-1,1,-1,-1,1,-1,-1,-1,1,-1,1,1,-1,-1,-1,1,-1,-1,1,-1,-1,-1,1,1,1,-1,-1,-1,-1,-1,-1,1,-1,1,-1,-1,1,-1,1,1,1,-1,-1,-1,1,1,-1,1,-1,-1,-1,1,1,1,-1,1,1,-1,1,1,1,1,1,1,1,-1,-1,-1,1,-1,-1,1,-1,1,-1,1,-1,1,-1,-1,-1,1,1,-1,1,1,-1,-1,-1,1,-1,1,1,-1,1,-1,1,-1,-1,-1,-1,-1,-1,1,-1,-1,-1,-1,-1,-1,1,-1,1,1,1,1,-1,1,-1,1,1,-1,-1,-1,1,-1,-1,1,-1,1,-1,-1,1,1,1,1,-1,-1,1,1,1,1,-1,1,-1,-1,1,1,1,-1,-1,-1,1,1,1,1,-1,1,-1,1,-1,1,-1,1,1,-1,-1,1,1,-1,-1,-1,-1,-1,1,1,-1,1,-1,-1,-1,1,1,1,1,-1,-1,-1,1,-1,1,-1,-1,-1,-1,1,1,1,1,-1,1,-1,1,1,1,-1,-1,-1,-1,1,1,-1,1,-1,-1,-1,1,1,1,1,-1,-1,1,-1,1,1,-1,-1,1,1,-1,1,1,1,-1,-1,1,1,-1,1,1,-1,1,1,1,-1,1,-1,-1,-1,1,-1,-1,1,-1,-1,1,-1,1,-1,1,1,-1,-1,-1,1,-1,1,1,-1,1,1,1,-1,1,-1,-1,1,-1,-1,-1,1,1,-1,-1,1,1,-1,1,1,-1,-1,1,-1,1,-1,1,-1,-1,-1,-1,-1,-1,1,-1,-1,1,-1,1,-1,1,-1,-1,-1,-1,-1,-1,1,-1,-1,-1,-1,-1,1,-1,-1,1,-1,-1,1,-1,1,-1,-1,-1,-1,1,-1,1,1,-1,-1,-1,1,1,1,-1,-1,1,-1,1,-1,1,-1,1,-1,-1,-1,1,1,-1,-1,-1,-1,1,-1,1,1,-1,1,-1,-1,1,1,-1,-1,-1,-1,-1,-1,1,1,-1,-1,1,-1,1,1,-1,-1,-1,1,-1,1,1,-1,-1,1,-1,-1,1,1,1,-1,1,-1,1,1,1,-1,-1,1,-1,-1,1,1,1,-1,1,-1,-1,1,1,-1,1,1,-1,-1,1,1,1,1,1,-1,-1,1,1,1,1,1,-1,-1,1,1,1,1,1,1,-1,-1,1,1,1,1,-1,-1,1,-1,1,1,1,1,-1,-1,1,-1,1,1,1,-1,1,1,1,1,-1,1,-1,1,1,1,1,1,1,1,-1,1,1,1,1,-1,1,-1,1,1,1,1,1,-1,1,1,1,1,-1,-1,1,-1,1,1,-1,1,1,-1,-1,1,1,1,-1,1,1,-1,1,1,1,-1,-1,1,-1,1,1,1,-1,1,-1,-1,-1,1,1,-1,-1,1,-1,-1,1,1,1,-1,1,-1,-1,1,1,1,1,-1,-1,-1,1,1,-1,-1,1,1,-1,-1,1,-1,1,1,-1,1,1,-1,-1,1,-1,-1,-1,1,1,-1,1,1,-1,1,1,-1,-1,1,-1,1,-1,-1,-1,-1,1,-1,-1,1,1,-1,1,1,-1,1,1,1,1,-1,1,-1,1,1,1,-1,-1,1,-1,-1,1,1,-1,-1,1,-1,1,1,1,-1,-1,1,-1,1,1,1,1,-1,1,-1,-1,1,1,1,-1,-1,1,-1,1,-1,1,-1,1,-1,-1,1,-2672.0,1,2000,445,0,False
542,1,1,-1,-1,1,-1,-1,-1,1,1,1,-1,1,1,1,1,-1,1,-1,-1,1,-1,1,1,1,-1,-1,-1,1,1,1,1,-1,-1,-1,-1,1,1,1,1,-1,-1,-1,1,1,1,1,-1,1,1,1,1,-1,1,-1,-1,1,-1,1,1,1,-1,-1,-1,1,1,1,1,-1,-1,-1,1,1,1,1,-1,-1,-1,1,1,1,-1,-1,-1,1,1,1,1,-1,-1,-1,1,1,1,1,-1,-1,1,1,-1,1,1,-1,-1,1,1,1,1,1,-1,-1,1,1,1,1,1,-1,-1,1,1,1,1,1,1,-1,-1,1,1,-1,1,1,-1,1,1,1,1,1,1,-1,-1,1,1,1,1,1,-1,1,1,1,1,1,1,-1,-1,-1,1,1,1,1,-1,1,1,1,1,-1,1,-1,1,-1,1,1,1,-1,-1,1,1,1,1,1,-1,1,-1,-1,1,-1,1,-1,1,1,1,1,1,1,1,1,1,-1,1,-1,1,-1,1,1,-1,1,-1,1,1,-1,1,-1,1,-1,1,-1,1,1,-1,-1,-1,1,1,1,1,-1,-1,1,1,-1,-1,1,-1,1,-1,-1,1,-1,1,-1,1,-1,1,-1,1,1,-1,-1,-1,1,1,-1,1,-1,1,1,1,-1,1,1,-1,1,-1,1,-1,1,-1,1,-1,1,1,-1,1,-1,-1,-1,1,1,-1,1,-1,-1,-1,1,1,-1,-1,1,1,-1,-1,1,1,-1,1,1,-1,1,1,1,1,-1,1,-1,1,1,-1,1,-1,1,-1,1,1,1,1,1,1,-1,-1,1,-1,-1,-1,1,1,-1,1,1,1,-1,1,1,1,1,1,1,1,1,-1,1,1,1,-1,1,1,-1,1,1,1,-1,1,1,-1,-1,1,1,1,-1,1,-1,1,1,1,-1,1,1,-1,1,1,1,-1,1,1,-1,1,1,1,-1,1,1,-1,-1,1,1,-1,1,1,-1,1,-1,1,-1,1,1,1,-1,1,1,1,-1,1,1,-1,1,1,-1,1,1,1,-1,-1,-1,-1,1,1,1,-1,1,1,-1,1,1,-1,-1,1,1,1,1,1,-1,1,1,1,-1,1,1,1,-1,-1,1,1,-1,-1,1,-1,1,-1,1,-1,1,1,-1,-1,-1,1,-1,-1,1,1,-1,1,1,-1,1,1,1,1,-1,1,-1,-1,1,-1,1,-1,1,-1,-1,1,1,1,-1,-1,1,-1,1,1,1,-1,1,1,1,-1,1,1,-1,1,-1,-1,1,1,1,-1,-1,-1,1,1,1,1,-1,1,-1,1,1,1,-1,1,1,-1,1,1,1,-1,-1,1,-1,1,1,1,-1,1,-1,-1,-1,1,1,-1,-1,1,-1,1,1,1,1,-1,1,-1,-1,1,1,1,-1,-1,-1,-1,1,1,-1,-1,1,-1,-1,1,-1,1,-1,-1,1,-1,1,-1,1,1,-1,1,-1,-1,1,1,1,-1,1,-1,1,-1,-1,-1,1,-1,-1,-1,1,-1,-1,1,1,1,-1,1,-1,1,1,1,-1,1,1,-1,1,-1,1,-1,-1,1,-1,-1,1,1,1,-1,1,-1,-1,1,1,-1,-1,1,-1,-1,1,1,-1,-1,1,-1,-1,-1,1,1,-1,1,1,-1,-1,1,-1,-1,1,-1,1,-1,1,1,-1,-1,1,-1,-1,-1,-1,-1,1,1,1,-1,-1,1,-1,-1,1,-1,-1,1,-1,-1,1,1,-1,-1,1,-1,-1,1,1,-1,1,-1,1,-1,-1,1,1,-1,-1,-1,-1,1,1,-1,-1,1,-1,-1,-1,1,1,-1,-1,-1,-1,-1,1,-1,-1,-1,-1,-1,-1,1,1,-1,-1,-1,-1,1,1,1,-1,-1,-1,-1,-1,1,1,1,-1,-1,-1,-1,1,1,-1,-1,-1,-1,1,1,1,1,-1,-1,1,1,1,1,1,-1,-1,-1,1,1,1,-1,1,-1,1,1,1,1,-1,1,-1,-1,1,-1,1,-1,1,-1,-1,1,-1,1,-1,-1,-1,-1,1,-1,1,-1,1,-1,-1,1,-1,1,-1,1,-1,-1,1,-1,1,-1,-1,-1,-1,1,1,-1,-1,-1,-1,-1,1,-1,1,-1,-1,-1,-1,-1,-1,-1,1,-1,-1,-1,1,-1,-1,1,-1,-1,-1,-1,-1,-1,1,-1,-1,-1,-1,-1,1,-1,-1,-1,1,-1,-1,1,-1,1,-1,-1,-1,-1,-1,-1,-1,1,-1,-1,-1,1,1,1,-1,-1,1,1,-1,-1,-1,-1,1,-1,-1,1,-1,1,-1,-1,-1,-1,1,-1,1,1,-1,1,-1,-1,1,1,-1,-1,-1,-1,-1,-1,1,1,-1,-1,1,-1,1,1,-1,-1,-1,1,-1,-1,1,-1,-1,1,-1,-1,1,1,1,-1,1,-1,1,1,1,-1,-1,1,-1,-1,1,1,1,-1,1,-1,-1,1,1,-1,1,1,-1,-1,1,1,-1,1,1,-1,-1,1,1,-1,1,1,-1,-1,1,1,1,1,1,1,-1,1,1,1,-1,1,-1,-1,1,-1,1,1,1,1,-1,-1,1,-1,1,1,1,-1,1,1,1,1,-1,1,-1,1,1,1,1,1,1,1,-1,1,1,1,1,-1,1,-1,1,1,1,1,1,-1,1,1,1,1,-1,1,1,-1,1,1,-1,1,1,-1,-1,1,1,1,1,-1,1,-1,1,1,1,-1,-1,1,-1,1,1,1,-1,1,-1,-1,-1,1,1,-1,-1,1,-1,-1,1,1,-1,-1,1,-1,1,1,1,1,-1,-1,-1,-1,1,1,-1,-1,-1,1,1,-1,1,-1,1,1,-1,1,1,-1,-1,1,1,-1,-1,1,1,-1,1,1,1,1,1,-1,-1,-1,-1,-1,-1,-1,-1,-1,-1,1,1,1,1,-1,1,1,-1,1,1,1,1,-1,1,-1,1,1,1,1,-1,1,-1,1,1,1,1,-1,1,-1,1,1,1,1,-1,1,-1,1,1,-1,-1,-1,1,-1,1,1,1,-1,-1,-1,1,-1,1,-1,1,-1,1,-1,1,1,-2672.0,1,2000,445,1500,False
543,-1,-1,1,1,1,1,-1,1,-1,-1,-1,1,-1,1,-1,-1,1,-1,1,1,-1,-1,-1,-1,-1,1,-1,-1,-1,-1,-1,-1,1,1,-1,-1,1,-1,-1,-1,1,-1,-1,-1,-1,-1,-1,-1,1,1,-1,-1,1,-1,1,-1,-1,1,-1,-1,-1,1,1,1,-1,-1,-1,-1,-1,-1,-1,1,-1,-1,-1,-1,-1,-1,1,-1,-1,1,1,-1,1,-1,-1,-1,-1,1,-1,-1,1,-1,-1,-1,-1,1,1,1,-1,1,-1,-1,1,1,1,-1,-1,-1,-1,1,1,1,-1,1,-1,-1,1,1,1,-1,-1,-1,-1,1,1,1,-1,1,-1,-1,1,1,1,-1,-1,-1,-1,-1,1,1,-1,1,1,-1,1,1,1,1,1,-1,-1,-1,-1,1,1,1,-1,-1,1,1,1,1,-1,1,-1,1,-1,1,1,1,-1,-1,1,1,1,-1,1,-1,1,-1,-1,1,1,1,-1,1,1,1,1,-1,1,-1,1,1,1,1,-1,1,-1,1,1,-1,1,-1,1,-1,-1,1,-1,1,-1,1,-1,1,1,-1,1,-1,1,-1,-1,1,-1,-1,1,1,-1,-1,1,-1,1,1,-1,1,-1,1,-1,1,-1,1,-1,1,1,-1,-1,1,1,-1,-1,1,-1,1,1,1,-1,1,1,-1,1,-1,1,-1,1,-1,1,-1,1,1,-1,1,-1,-1,-1,1,1,-1,1,-1,-1,-1,-1,1,1,-1,1,1,-1,-1,1,-1,-1,1,1,-1,1,1,1,-1,-1,1,-1,1,1,-1,1,-1,1,1,-1,1,-1,-1,-1,1,-1,-1,1,-1,1,-1,1,1,-1,1,1,1,-1,1,-1,-1,1,1,-1,-1,1,-1,-1,1,-1,1,-1,1,-1,-1,1,1,-1,1,1,-1,1,-1,1,-1,-1,1,-1,1,1,1,1,1,1,-1,1,1,1,1,1,-1,-1,1,1,1,1,1,-1,-1,1,-1,1,1,1,-1,-1,1,-1,1,-1,1,1,-1,1,-1,1,1,1,1,-1,-1,1,1,1,-1,-1,-1,1,1,-1,-1,1,1,-1,1,-1,1,-1,1,-1,1,1,-1,1,1,1,-1,1,1,-1,1,-1,1,-1,-1,1,-1,1,1,1,1,-1,1,1,-1,1,1,-1,-1,1,-1,-1,1,-1,1,-1,-1,1,-1,-1,1,-1,-1,-1,1,-1,1,-1,1,-1,1,-1,-1,1,-1,-1,-1,-1,1,-1,-1,1,1,-1,-1,1,-1,1,1,-1,1,-1,1,-1,1,-1,1,-1,-1,-1,-1,-1,-1,-1,-1,-1,1,-1,1,-1,1,-1,-1,-1,1,1,-1,1,-1,-1,-1,-1,1,-1,-1,-1,-1,-1,1,-1,1,1,-1,-1,-1,-1,1,-1,-1,1,-1,-1,-1,-1,-1,1,-1,-1,-1,-1,-1,-1,1,-1,1,-1,-1,1,-1,1,1,1,-1,-1,-1,1,1,-1,1,-1,-1,-1,1,1,1,-1,1,1,-1,1,1,1,1,1,1,1,-1,-1,-1,1,-1,-1,1,1,1,-1,1,-1,1,-1,-1,-1,1,1,-1,1,1,-1,1,-1,1,-1,1,1,-1,1,-1,1,-1,-1,-1,-1,1,-1,1,-1,-1,-1,-1,1,-1,1,-1,1,1,1,-1,-1,1,-1,1,1,-1,1,-1,1,-1,-1,1,-1,1,-1,-1,1,1,1,1,1,-1,1,1,1,1,-1,1,-1,-1,1,1,1,-1,-1,-1,1,1,1,1,-1,-1,-1,1,-1,1,-1,1,1,-1,-1,1,1,1,-1,-1,-1,-1,1,1,1,1,1,-1,-1,1,1,1,1,-1,-1,-1,1,-1,1,-1,1,-1,-1,1,1,1,1,1,-1,-1,1,-1,1,1,1,-1,-1,1,1,-1,1,1,-1,-1,1,1,1,1,1,-1,1,-1,1,-1,1,1,1,1,-1,1,-1,1,1,-1,1,1,-1,1,-1,1,1,1,1,-1,1,-1,1,-1,1,-1,-1,1,-1,1,1,-1,1,-1,1,1,1,1,-1,1,-1,1,1,1,1,1,1,-1,1,-1,1,1,-1,-1,-1,1,1,1,1,1,1,-1,1,1,1,1,1,-1,1,-1,1,1,1,-1,-1,-1,-1,1,1,1,1,-1,1,-1,1,1,1,-1,-1,-1,-1,1,1,-1,-1,-1,-1,1,-1,1,-1,-1,-1,1,-1,1,1,-1,-1,-1,1,-1,1,1,-1,-1,-1,1,1,1,1,-1,1,-1,1,-1,1,1,1,-1,-1,-1,1,1,1,1,-1,-1,1,-1,1,1,-1,1,-1,-1,1,1,1,1,-1,-1,-1,-1,1,-1,1,-1,1,-1,1,1,1,1,1,-1,-1,1,1,1,1,-1,1,-1,1,1,-1,1,-1,-1,1,1,1,1,-1,1,-1,-1,1,1,1,1,1,-1,-1,1,1,1,-1,1,1,-1,1,1,1,1,1,1,-1,1,1,1,1,1,1,-1,1,1,-1,1,1,-1,-1,1,1,-1,1,1,1,-1,1,-1,1,1,1,1,-1,-1,1,-1,1,1,1,-1,1,1,-1,1,1,1,-1,1,1,-1,1,1,1,-1,-1,1,1,1,1,-1,1,-1,1,1,1,1,-1,1,-1,1,1,1,-1,-1,1,-1,1,1,-1,1,-1,-1,-1,1,-1,1,-1,1,-1,-1,1,-1,1,-1,-1,-1,-1,1,-1,1,-1,1,-1,-1,-1,1,1,-1,1,-1,-1,1,-1,1,-1,1,-1,-1,1,-1,1,1,1,1,-1,-1,1,1,-1,-1,1,1,1,1,1,-1,1,-1,-1,1,1,-1,-1,1,-1,-1,-1,-1,1,-1,1,-1,1,1,1,-1,-1,-1,-1,1,-1,-1,-1,-1,1,-1,1,1,1,-1,1,1,-1,1,1,1,1,-1,1,-1,1,1,1,1,-1,1,-1,1,1,1,1,-1,1,-1,1,1,1,1,-1,1,-1,1,1,1,-1,-1,1,-1,-1,1,1,-1,-1,-1,1,-1,1,1,1,-1,1,-1,-1,1,-2672.0,1,2000,445,1500,True
544,1,1,-1,-1,1,1,-1,-1,1,1,1,-1,1,1,1,1,-1,1,-1,-1,1,-1,1,1,1,-1,1,-1,1,1,1,1,1,-1,-1,-1,1,-1,1,1,-1,-1,-1,1,1,1,1,-1,1,1,1,1,-1,1,-1,-1,1,-1,1,1,-1,-1,-1,-1,1,1,1,1,-1,-1,-1,1,1,1,1,-1,-1,-1,1,1,1,-1,-1,-1,1,1,1,1,-1,1,-1,1,1,1,1,-1,-1,1,1,-1,1,1,-1,-1,1,1,1,1,1,-1,-1,1,1,1,1,1,-1,-1,1,1,1,1,1,1,-1,1,1,1,-1,1,1,-1,1,1,1,1,1,1,-1,-1,1,1,1,1,1,-1,1,1,1,1,1,1,-1,-1,-1,1,1,1,1,-1,1,1,1,1,-1,1,-1,1,-1,1,1,1,-1,-1,1,1,1,1,1,-1,1,-1,-1,1,-1,1,-1,1,1,1,1,1,1,1,1,1,-1,1,-1,1,-1,1,1,-1,1,-1,1,1,-1,1,-1,1,-1,1,-1,1,1,-1,1,-1,1,1,1,1,-1,-1,1,1,-1,-1,1,-1,1,-1,-1,1,-1,1,-1,1,-1,1,-1,1,1,-1,-1,-1,1,1,-1,1,-1,1,1,1,-1,1,1,-1,1,-1,1,-1,1,-1,1,-1,1,1,-1,1,-1,-1,-1,1,1,-1,1,-1,-1,-1,1,1,-1,-1,1,1,-1,-1,1,1,-1,1,1,-1,1,1,1,-1,-1,1,-1,1,1,-1,1,-1,1,1,-1,1,1,-1,-1,1,-1,-1,1,-1,1,-1,1,1,-1,1,1,1,-1,1,-1,-1,1,1,-1,-1,1,-1,1,1,1,1,-1,1,-1,1,1,1,-1,1,1,-1,-1,1,1,-1,-1,1,-1,1,1,1,1,1,1,-1,1,1,1,1,1,-1,-1,1,1,1,1,1,-1,-1,-1,1,1,1,1,-1,-1,1,-1,1,-1,1,1,-1,-1,1,1,1,1,1,-1,-1,1,1,1,-1,-1,-1,-1,-1,-1,-1,1,1,-1,-1,1,1,-1,1,-1,-1,-1,1,1,1,1,1,-1,1,1,1,-1,1,-1,-1,-1,-1,1,1,1,1,-1,-1,1,-1,1,1,-1,-1,1,-1,-1,1,-1,1,-1,-1,1,-1,1,1,-1,-1,1,1,-1,1,-1,1,-1,-1,1,-1,1,1,-1,-1,-1,1,-1,-1,1,1,-1,-1,1,-1,1,1,-1,1,-1,1,-1,1,1,1,-1,-1,1,-1,1,1,-1,-1,1,1,-1,1,-1,1,-1,1,-1,1,1,-1,1,-1,1,-1,-1,1,-1,-1,-1,1,-1,-1,1,-1,1,-1,1,-1,-1,1,-1,-1,1,-1,1,-1,-1,1,1,-1,1,1,-1,-1,1,1,-1,1,-1,-1,-1,1,1,1,1,1,-1,-1,1,1,-1,1,1,1,-1,1,1,1,-1,1,1,-1,1,1,1,1,-1,-1,1,-1,-1,-1,1,-1,1,1,-1,1,-1,1,-1,1,-1,-1,-1,1,1,-1,1,1,-1,-1,-1,1,-1,1,1,-1,1,-1,1,-1,-1,-1,-1,-1,-1,1,-1,-1,-1,-1,-1,-1,1,-1,1,1,1,1,-1,1,-1,1,1,-1,-1,-1,1,-1,-1,1,-1,1,-1,-1,1,1,1,1,-1,-1,1,1,1,1,-1,1,-1,-1,1,1,1,-1,-1,-1,1,1,1,1,-1,-1,-1,1,-1,1,-1,1,-1,-1,-1,1,1,1,-1,-1,-1,-1,1,1,1,1,-1,-1,-1,1,1,1,1,-1,-1,-1,1,1,1,-1,-1,-1,1,1,1,1,1,-1,-1,-1,1,1,1,1,-1,-1,-1,1,1,-1,1,-1,-1,-1,1,1,1,1,-1,-1,1,1,1,1,-1,-1,1,1,-1,1,1,-1,-1,-1,1,1,1,1,1,-1,1,1,1,1,1,-1,-1,-1,1,-1,1,-1,-1,-1,-1,1,-1,1,1,1,-1,-1,1,-1,1,1,-1,1,-1,1,1,1,1,-1,1,-1,1,-1,1,1,-1,-1,-1,1,1,-1,-1,-1,-1,-1,1,-1,1,-1,-1,-1,-1,-1,-1,-1,1,-1,-1,-1,1,-1,-1,1,-1,-1,-1,-1,-1,-1,1,-1,-1,-1,-1,-1,1,-1,-1,-1,1,-1,-1,1,-1,1,-1,-1,-1,-1,-1,-1,-1,1,-1,-1,-1,1,1,1,-1,-1,1,-1,-1,-1,-1,-1,1,-1,-1,1,1,1,-1,-1,-1,-1,1,-1,1,1,-1,1,-1,-1,1,1,-1,-1,-1,-1,-1,-1,1,1,-1,-1,1,-1,1,1,-1,-1,-1,1,-1,1,1,-1,-1,1,-1,-1,1,1,1,-1,1,-1,1,1,1,-1,-1,1,-1,-1,1,1,1,-1,1,-1,-1,1,1,-1,1,1,-1,-1,1,1,1,1,1,-1,-1,1,1,1,1,1,-1,-1,1,1,1,1,1,1,-1,1,1,1,1,1,-1,-1,1,-1,1,1,1,1,-1,-1,1,-1,1,1,1,-1,1,1,1,1,-1,1,-1,1,1,1,1,1,1,-1,-1,1,1,1,1,-1,1,-1,1,1,1,1,-1,1,-1,1,1,1,-1,-1,1,-1,1,1,-1,1,-1,-1,-1,1,1,1,-1,1,-1,-1,1,1,1,-1,-1,-1,-1,1,1,1,-1,1,-1,-1,-1,1,1,-1,1,-1,-1,1,1,1,-1,1,-1,1,-1,-1,1,1,1,1,-1,-1,1,1,-1,-1,1,1,-1,-1,1,-1,1,-1,-1,1,1,-1,-1,1,-1,-1,-1,-1,1,-1,1,1,-1,1,1,-1,-1,1,-1,1,-1,-1,-1,-1,1,-1,-1,1,1,-1,1,1,-1,1,1,1,1,-1,1,-1,1,1,1,1,-1,1,-1,-1,-1,1,1,-1,1,-1,1,1,1,1,-1,1,-1,1,1,-1,-1,-1,1,-1,-1,1,1,-1,-1,-1,1,-1,1,-1,1,-1,1,-1,-1,1,-2672.0,1,2000,445,0,False
545,1,1,-1,-1,1,-1,-1,-1,1,1,1,-1,1,1,1,1,-1,1,-1,-1,-1,-1,1,1,1,-1,1,-1,1,1,1,1,-1,-1,-1,-1,1,-1,1,1,-1,-1,-1,1,1,1,1,-1,1,1,1,1,-1,1,-1,-1,1,-1,1,1,1,-1,-1,-1,1,1,1,1,-1,-1,-1,1,1,1,1,-1,-1,-1,1,1,1,-1,-1,-1,1,1,1,1,-1,-1,-1,1,1,1,1,-1,-1,1,1,-1,1,1,-1,-1,1,1,1,1,1,-1,-1,-1,1,1,1,1,-1,-1,1,1,1,1,1,1,-1,-1,1,1,-1,1,1,-1,1,1,1,1,1,1,-1,1,1,1,-1,1,1,-1,1,1,1,1,1,1,-1,-1,-1,1,1,1,1,-1,1,1,1,1,-1,1,-1,1,-1,1,1,1,-1,-1,1,1,1,1,1,-1,1,-1,-1,1,1,1,-1,1,1,1,1,-1,1,1,1,1,-1,1,-1,1,-1,1,1,-1,1,-1,1,1,-1,1,-1,1,-1,1,-1,1,1,-1,1,-1,1,1,1,1,-1,-1,1,1,-1,-1,1,-1,1,1,-1,1,-1,1,-1,1,-1,1,-1,1,1,-1,-1,1,1,1,-1,1,-1,1,1,1,-1,1,1,-1,1,-1,1,-1,1,-1,1,-1,1,1,-1,1,-1,-1,-1,1,1,-1,1,-1,-1,-1,-1,1,-1,-1,1,1,-1,-1,1,1,-1,1,1,-1,1,1,1,-1,-1,1,-1,1,1,-1,1,-1,1,1,-1,1,1,-1,-1,1,-1,-1,1,-1,1,-1,1,1,-1,1,1,1,-1,1,-1,-1,1,1,-1,-1,1,-1,-1,1,1,1,-1,1,-1,-1,1,1,-1,1,1,-1,1,-1,1,-1,-1,1,-1,1,1,1,1,1,1,-1,1,1,1,1,1,-1,-1,1,1,1,1,1,-1,-1,1,-1,1,1,1,-1,-1,1,-1,1,-1,1,1,-1,1,-1,1,1,1,1,-1,-1,1,1,1,-1,-1,-1,1,1,-1,-1,1,1,-1,1,-1,1,-1,1,-1,1,1,-1,1,1,1,-1,1,1,-1,1,-1,1,-1,-1,1,-1,1,1,1,1,-1,1,1,-1,1,1,-1,-1,1,-1,-1,1,-1,1,-1,-1,1,-1,-1,1,-1,-1,1,1,-1,1,-1,1,-1,-1,1,-1,1,-1,-1,-1,-1,1,-1,-1,1,1,-1,-1,1,-1,1,1,-1,1,-1,1,-1,1,-1,1,-1,-1,-1,-1,-1,-1,-1,-1,-1,1,-1,1,-1,1,-1,-1,-1,1,1,1,1,-1,-1,-1,-1,1,-1,-1,-1,-1,-1,1,-1,1,1,-1,-1,-1,-1,1,-1,-1,1,-1,-1,-1,1,-1,1,-1,-1,-1,-1,-1,-1,1,-1,1,-1,-1,1,-1,1,1,1,-1,-1,-1,1,1,-1,1,-1,-1,-1,1,1,1,-1,1,1,-1,1,1,1,1,1,1,1,-1,-1,-1,1,-1,-1,1,1,1,-1,1,-1,1,-1,-1,-1,1,1,-1,1,1,-1,-1,-1,1,-1,1,1,-1,1,-1,1,-1,-1,-1,-1,-1,-1,1,-1,-1,-1,-1,-1,-1,1,-1,1,1,1,1,-1,1,-1,1,1,-1,-1,-1,1,-1,-1,1,-1,1,-1,-1,1,1,1,1,-1,-1,1,1,1,1,-1,1,-1,-1,1,1,1,-1,-1,-1,1,1,1,1,-1,-1,-1,1,-1,1,-1,1,-1,-1,-1,1,1,1,-1,-1,-1,-1,1,1,1,1,-1,-1,-1,1,1,1,1,-1,-1,-1,1,-1,1,-1,-1,-1,-1,1,1,1,1,-1,1,-1,1,-1,1,1,-1,-1,-1,1,1,-1,1,-1,-1,-1,1,1,1,1,-1,-1,1,-1,1,-1,1,-1,1,1,-1,1,1,1,-1,-1,1,1,-1,1,-1,-1,1,1,1,-1,1,-1,-1,-1,1,-1,-1,1,-1,-1,1,-1,1,-1,1,1,-1,-1,-1,1,-1,1,1,1,-1,1,1,-1,1,-1,1,1,-1,-1,-1,1,1,-1,-1,1,1,-1,1,1,-1,-1,1,-1,1,-1,1,-1,-1,-1,-1,-1,-1,1,-1,-1,1,-1,1,-1,1,-1,-1,-1,-1,-1,-1,1,-1,-1,-1,-1,-1,1,-1,-1,1,-1,-1,1,-1,1,-1,-1,-1,-1,1,-1,1,1,-1,-1,-1,1,1,1,-1,-1,1,-1,1,-1,1,-1,1,-1,-1,-1,1,1,-1,-1,-1,-1,1,-1,1,1,-1,1,-1,-1,1,1,-1,-1,-1,-1,-1,-1,1,1,-1,-1,1,-1,1,1,-1,-1,-1,1,-1,1,1,-1,-1,1,-1,-1,1,1,1,-1,1,-1,1,1,1,-1,-1,1,-1,-1,1,1,1,-1,1,-1,-1,1,1,-1,1,1,-1,-1,1,1,-1,1,1,-1,-1,1,1,-1,1,1,-1,-1,1,1,1,1,1,1,-1,1,1,1,-1,1,-1,-1,1,-1,1,1,1,1,-1,-1,1,-1,1,1,1,-1,1,1,1,1,-1,1,-1,1,1,1,1,1,1,-1,-1,1,1,1,1,-1,1,-1,1,1,1,1,-1,1,-1,1,1,1,-1,-1,1,-1,1,1,-1,1,-1,-1,-1,1,1,1,-1,1,-1,-1,1,1,1,-1,-1,-1,-1,1,1,1,-1,1,-1,-1,-1,1,1,-1,1,-1,-1,-1,1,1,-1,-1,1,-1,1,1,1,1,1,1,-1,-1,1,1,-1,-1,1,1,1,-1,1,-1,1,-1,-1,1,1,-1,-1,1,-1,-1,-1,1,1,-1,1,-1,1,1,1,-1,-1,-1,-1,-1,-1,-1,-1,-1,1,-1,1,1,1,-1,1,1,-1,1,1,1,1,-1,1,-1,1,1,1,-1,-1,1,-1,1,1,1,-1,-1,1,-1,1,1,1,-1,-1,1,-1,1,-1,1,1,-1,1,-1,-1,1,1,-1,-1,-1,1,-1,1,-1,1,-1,1,-1,-1,1,-2672.0,1,2000,445,1500,True
546,1,1,-1,-1,1,1,-1,-1,1,1,1,-1,1,1,1,1,-1,1,-1,-1,-1,-1,1,1,1,-1,1,-1,1,1,1,1,1,-1,-1,-1,1,1,1,1,-1,-1,-1,1,1,1,1,-1,1,1,1,1,-1,1,-1,-1,1,-1,1,1,1,-1,-1,-1,1,1,1,1,-1,-1,-1,1,1,1,1,-1,-1,-1,1,1,1,-1,-1,-1,1,1,1,1,-1,1,-1,1,1,1,1,-1,-1,1,1,-1,1,1,-1,-1,1,1,1,1,1,-1,-1,1,1,1,1,1,-1,-1,1,1,1,1,1,1,-1,1,1,1,-1,1,1,-1,1,1,1,1,1,1,-1,-1,1,1,1,1,1,-1,1,1,1,1,1,1,-1,-1,-1,1,1,1,1,-1,1,1,1,1,1,1,-1,1,-1,1,1,1,-1,-1,1,1,1,1,1,-1,1,-1,-1,1,-1,1,-1,1,1,1,1,1,1,1,1,1,-1,1,-1,1,-1,1,1,-1,1,-1,1,1,-1,1,-1,1,-1,1,-1,1,1,-1,1,-1,1,1,1,1,-1,-1,1,1,-1,-1,1,-1,1,-1,-1,1,-1,1,-1,1,-1,1,-1,-1,1,-1,-1,-1,1,1,-1,1,-1,1,1,1,-1,1,1,-1,1,-1,1,-1,1,-1,1,-1,1,1,-1,1,-1,-1,-1,1,1,-1,1,-1,-1,-1,1,1,-1,-1,1,1,-1,-1,1,1,-1,1,1,-1,1,1,1,1,-1,1,-1,1,1,-1,1,-1,1,1,-1,1,1,1,1,1,-1,-1,1,-1,-1,1,1,1,-1,1,1,1,-1,1,-1,-1,1,1,1,1,1,-1,1,1,1,-1,1,1,-1,1,1,1,-1,1,1,-1,-1,1,1,1,-1,1,-1,1,1,1,-1,1,1,-1,1,1,1,-1,1,-1,-1,1,1,1,-1,1,-1,-1,-1,1,1,-1,1,-1,-1,1,-1,1,-1,1,1,-1,-1,1,1,1,-1,1,-1,-1,1,1,-1,1,-1,1,-1,-1,-1,-1,1,1,-1,-1,1,1,-1,1,1,-1,-1,1,1,1,1,1,-1,1,1,1,-1,1,-1,-1,-1,-1,1,1,1,1,-1,-1,1,1,1,1,-1,-1,-1,-1,-1,1,-1,-1,-1,1,-1,1,1,-1,1,-1,1,1,-1,1,-1,1,-1,-1,1,-1,1,1,1,1,-1,1,-1,-1,1,1,-1,-1,1,-1,1,1,1,-1,-1,1,-1,-1,1,1,-1,1,1,-1,1,1,-1,-1,1,1,-1,1,-1,-1,-1,1,-1,-1,1,-1,-1,-1,1,-1,-1,1,-1,-1,-1,1,-1,-1,1,-1,-1,-1,1,-1,-1,1,-1,-1,-1,1,1,-1,1,1,-1,-1,1,1,-1,-1,-1,1,-1,1,-1,-1,1,-1,-1,1,-1,1,-1,-1,1,-1,1,-1,1,1,-1,1,-1,-1,1,1,1,-1,1,-1,1,-1,1,-1,1,-1,-1,-1,1,-1,-1,-1,1,1,-1,1,-1,1,-1,1,-1,1,1,-1,1,1,1,-1,-1,1,-1,1,-1,1,1,-1,1,-1,-1,1,1,-1,-1,1,-1,-1,-1,1,-1,-1,1,-1,1,1,1,1,-1,1,-1,-1,1,1,-1,-1,1,-1,-1,-1,1,1,-1,-1,1,1,-1,1,-1,-1,1,1,1,1,1,1,-1,-1,1,1,-1,1,-1,-1,1,1,1,1,-1,-1,-1,1,-1,1,1,1,-1,-1,-1,1,1,1,-1,-1,-1,1,1,1,1,1,-1,-1,-1,1,1,1,-1,-1,-1,-1,1,1,1,1,-1,-1,1,1,1,1,1,-1,-1,-1,1,1,1,1,-1,-1,-1,1,1,-1,1,-1,-1,-1,1,1,1,1,-1,-1,1,1,1,1,1,-1,1,1,-1,1,1,-1,-1,-1,1,1,1,1,1,-1,1,1,1,1,1,1,-1,-1,1,-1,1,-1,1,-1,-1,1,-1,1,-1,-1,-1,-1,1,-1,1,1,-1,-1,-1,1,1,1,-1,1,-1,-1,1,-1,1,-1,-1,-1,-1,1,1,-1,-1,-1,-1,-1,1,-1,1,-1,-1,-1,-1,-1,-1,-1,1,-1,-1,-1,1,-1,-1,1,-1,-1,-1,-1,-1,-1,1,-1,-1,-1,-1,-1,1,-1,-1,-1,-1,-1,-1,1,-1,1,-1,-1,-1,-1,-1,-1,-1,1,-1,-1,-1,1,1,1,-1,-1,1,-1,-1,-1,-1,-1,-1,-1,-1,1,1,1,-1,-1,-1,-1,1,-1,1,1,-1,1,-1,-1,1,1,-1,-1,-1,-1,-1,-1,1,1,-1,-1,1,-1,1,1,-1,-1,-1,1,-1,-1,1,-1,-1,1,-1,-1,1,1,1,-1,1,-1,1,1,1,-1,-1,1,-1,-1,1,1,1,-1,1,-1,-1,1,1,-1,1,1,-1,-1,1,1,-1,1,1,-1,-1,1,1,1,1,1,-1,-1,1,1,1,1,-1,1,-1,-1,1,1,1,1,-1,-1,1,-1,1,1,1,1,-1,-1,1,-1,1,1,1,-1,1,1,1,1,-1,1,-1,1,1,1,1,1,1,1,-1,1,1,1,1,-1,1,-1,1,1,1,1,1,-1,1,1,1,1,-1,1,1,-1,1,1,-1,1,1,-1,-1,1,1,1,1,-1,1,-1,1,1,1,-1,-1,1,-1,1,1,1,-1,1,-1,-1,-1,1,1,-1,-1,1,-1,-1,1,1,-1,-1,1,-1,-1,-1,1,1,-1,-1,-1,-1,1,1,-1,-1,-1,1,-1,-1,1,-1,1,1,-1,1,1,-1,-1,1,1,-1,-1,-1,1,-1,1,1,-1,1,1,-1,-1,-1,-1,1,-1,-1,-1,-1,-1,1,-1,1,1,-1,1,1,-1,1,1,1,1,-1,1,-1,1,1,1,1,-1,1,-1,-1,1,1,1,-1,1,-1,1,1,1,1,-1,1,-1,1,1,1,-1,-1,1,-1,-1,1,1,-1,-1,-1,1,-1,1,-1,1,-1,1,-1,-1,1,-2672.0,1,2000,445,1500,False
547,1,1,-1,-1,1,-1,1,-1,1,1,1,-1,1,1,1,1,-1,1,-1,-1,1,-1,1,1,1,-1,-1,-1,1,1,1,1,-1,-1,-1,-1,1,-1,1,1,-1,-1,-1,1,1,1,1,-1,1,1,1,1,-1,1,-1,-1,1,-1,1,1,1,-1,-1,-1,1,1,1,1,-1,-1,-1,1,1,1,1,-1,-1,-1,1,1,1,-1,-1,-1,1,1,1,1,-1,-1,-1,1,1,1,1,-1,-1,1,1,-1,1,1,-1,-1,1,1,1,1,1,-1,-1,1,1,-1,1,1,-1,-1,1,1,1,1,1,1,-1,1,1,1,-1,1,1,-1,1,1,1,1,1,1,-1,-1,1,1,1,1,1,-1,1,1,1,1,1,1,-1,-1,-1,1,1,1,1,-1,1,1,1,1,-1,1,-1,1,-1,1,1,1,-1,-1,1,1,1,1,1,-1,1,-1,-1,1,-1,1,-1,1,1,1,1,1,1,1,1,1,-1,1,-1,1,-1,1,1,-1,1,-1,1,1,-1,1,-1,1,-1,1,-1,1,1,-1,1,-1,1,1,1,1,-1,-1,1,1,-1,-1,1,-1,1,-1,1,1,-1,1,-1,1,-1,1,-1,1,1,-1,-1,-1,1,1,-1,1,-1,1,1,1,-1,1,1,-1,1,-1,1,-1,1,-1,1,-1,1,1,-1,1,-1,-1,-1,1,1,-1,1,-1,-1,-1,1,1,-1,-1,1,1,-1,-1,1,1,-1,1,1,-1,1,1,1,1,-1,1,-1,1,1,-1,1,-1,1,1,-1,1,1,1,1,1,-1,-1,1,-1,-1,-1,1,1,-1,1,1,1,-1,1,-1,-1,1,1,1,1,1,-1,1,1,1,-1,1,1,-1,1,1,1,-1,1,1,-1,-1,1,1,1,-1,1,-1,1,1,1,-1,1,1,-1,1,1,1,-1,1,-1,-1,1,1,1,-1,1,-1,-1,-1,1,1,1,1,-1,-1,1,-1,1,-1,1,1,-1,-1,1,1,1,-1,1,-1,-1,1,1,-1,1,-1,-1,-1,-1,-1,-1,1,-1,-1,-1,1,1,-1,1,-1,1,-1,1,1,-1,1,-1,-1,1,1,1,1,1,-1,-1,-1,-1,1,-1,-1,1,-1,-1,1,-1,-1,1,-1,-1,1,-1,-1,1,-1,1,-1,-1,1,-1,-1,1,-1,-1,1,1,-1,1,-1,1,-1,-1,1,-1,-1,-1,-1,-1,-1,1,-1,-1,1,1,-1,-1,1,-1,1,-1,-1,1,-1,1,-1,-1,1,1,-1,-1,1,-1,-1,-1,-1,-1,1,1,-1,-1,1,1,-1,1,-1,1,-1,1,1,-1,1,-1,-1,-1,-1,-1,-1,1,-1,1,-1,1,1,-1,1,-1,-1,1,-1,-1,1,-1,1,-1,1,-1,1,-1,1,1,-1,-1,-1,1,-1,1,-1,-1,1,-1,1,1,1,1,-1,-1,-1,1,-1,1,1,1,-1,1,1,1,-1,1,1,-1,1,1,1,1,1,1,1,-1,-1,-1,1,-1,1,1,-1,1,-1,1,-1,1,-1,-1,-1,1,1,-1,1,1,-1,-1,-1,1,-1,1,1,-1,1,-1,1,-1,-1,-1,-1,-1,-1,1,-1,-1,-1,-1,-1,-1,1,-1,1,1,1,1,-1,1,-1,1,1,-1,-1,-1,1,-1,-1,1,-1,1,-1,-1,1,1,1,1,-1,-1,1,1,1,1,-1,1,-1,-1,1,1,1,-1,-1,-1,1,1,1,1,-1,1,-1,1,-1,1,-1,1,1,-1,-1,1,1,1,-1,-1,-1,1,1,1,1,1,-1,-1,-1,1,1,1,1,-1,-1,-1,1,-1,1,-1,-1,-1,1,1,1,1,1,-1,-1,-1,1,1,1,1,-1,-1,-1,1,1,-1,1,-1,-1,-1,1,1,1,1,-1,-1,1,1,1,1,-1,-1,1,1,-1,1,1,-1,-1,-1,1,1,1,1,1,-1,1,1,1,1,1,-1,-1,-1,1,-1,1,-1,-1,-1,-1,1,-1,1,1,-1,-1,-1,1,-1,1,1,-1,1,-1,1,1,1,1,-1,1,-1,1,-1,1,1,-1,-1,-1,1,1,-1,-1,-1,-1,-1,1,-1,1,-1,-1,-1,-1,-1,-1,-1,1,-1,-1,-1,1,-1,-1,1,-1,-1,-1,-1,-1,1,1,-1,-1,-1,-1,-1,1,-1,-1,-1,1,-1,-1,1,-1,1,-1,-1,-1,-1,-1,-1,-1,1,-1,-1,-1,1,1,-1,-1,-1,-1,1,-1,-1,-1,-1,1,-1,-1,1,1,1,-1,-1,-1,-1,1,-1,1,1,-1,1,-1,-1,1,1,-1,-1,-1,-1,-1,-1,1,1,-1,-1,1,-1,1,1,-1,-1,-1,1,-1,1,1,-1,-1,1,-1,-1,1,1,1,-1,1,-1,1,1,1,-1,-1,1,-1,-1,1,1,1,-1,1,-1,-1,1,1,-1,1,1,-1,-1,1,1,-1,1,1,-1,-1,1,1,-1,1,1,-1,-1,1,1,1,1,1,1,-1,1,1,1,1,1,-1,-1,1,-1,1,1,1,1,-1,-1,1,-1,1,1,1,-1,1,1,1,1,-1,1,-1,1,1,1,1,1,1,1,-1,1,1,1,1,-1,1,-1,1,1,1,1,1,1,1,1,1,1,-1,1,-1,1,1,1,-1,1,1,1,1,-1,1,1,1,-1,1,1,1,1,1,-1,-1,1,-1,1,1,1,-1,1,-1,1,1,1,1,-1,-1,1,1,-1,1,1,1,-1,1,1,-1,1,1,1,-1,1,-1,1,1,1,-1,-1,-1,-1,1,-1,1,-1,1,1,1,1,1,-1,-1,1,1,1,1,1,1,-1,1,-1,1,1,1,-1,-1,-1,-1,-1,-1,-1,-1,-1,-1,-1,1,1,1,-1,1,1,-1,-1,1,1,1,-1,1,-1,1,1,1,1,-1,1,-1,1,1,1,1,-1,1,-1,1,1,1,1,-1,1,-1,1,-1,-1,-1,-1,1,-1,-1,1,1,-1,-1,-1,-1,1,1,-1,1,-1,1,-1,-1,1,-2672.0,1,2000,445,1500,False
548,1,1,-1,-1,1,-1,-1,-1,1,1,1,-1,1,1,1,1,-1,1,1,-1,-1,-1,1,1,1,1,-1,-1,1,1,1,1,-1,-1,-1,-1,1,-1,1,1,-1,-1,-1,1,1,1,1,-1,1,1,1,1,-1,1,-1,-1,1,-1,1,1,1,-1,-1,-1,1,1,1,1,-1,-1,-1,1,1,1,1,-1,-1,-1,1,1,1,-1,-1,-1,1,1,1,1,-1,-1,-1,1,1,1,1,-1,-1,1,1,-1,1,1,-1,-1,1,1,1,1,1,-1,-1,1,1,1,1,1,-1,-1,1,1,1,1,1,1,-1,-1,1,1,-1,1,1,-1,1,1,1,1,1,1,-1,-1,1,1,1,1,1,-1,1,1,1,1,1,1,-1,-1,-1,1,1,1,1,-1,1,1,1,1,-1,1,-1,1,-1,1,1,1,-1,-1,1,1,1,1,1,-1,1,-1,-1,1,-1,1,-1,1,1,1,1,1,1,1,1,1,-1,1,-1,1,-1,1,1,-1,1,-1,1,1,-1,1,-1,1,-1,1,-1,1,1,-1,-1,-1,1,1,1,1,-1,-1,1,1,-1,-1,1,-1,1,-1,-1,1,-1,1,-1,1,-1,1,-1,1,1,-1,-1,-1,1,1,-1,1,-1,1,1,1,-1,1,1,-1,1,-1,1,-1,1,-1,1,-1,1,1,-1,1,-1,-1,-1,1,1,-1,1,-1,-1,-1,1,1,-1,-1,1,1,-1,-1,1,1,-1,1,1,-1,1,1,1,-1,-1,1,-1,1,1,-1,1,-1,1,-1,1,1,1,-1,-1,1,-1,-1,1,-1,1,-1,1,1,-1,1,1,1,-1,1,1,1,1,1,-1,-1,1,-1,1,1,1,1,-1,1,-1,1,1,1,-1,1,1,-1,-1,1,1,-1,-1,1,-1,1,1,1,1,1,1,-1,1,1,1,1,1,1,-1,1,1,1,1,1,1,-1,-1,1,1,1,1,1,-1,1,-1,1,-1,1,1,1,-1,1,1,1,1,1,1,-1,1,1,1,-1,1,1,-1,-1,-1,-1,1,1,1,-1,1,1,-1,1,1,-1,-1,1,1,1,1,1,-1,1,1,1,-1,1,1,1,1,-1,1,1,1,-1,1,-1,1,-1,1,1,1,1,-1,-1,-1,1,-1,-1,1,1,-1,1,-1,1,1,1,1,1,-1,1,-1,-1,1,-1,1,-1,1,1,-1,1,1,1,-1,-1,1,-1,1,1,1,-1,1,1,1,-1,1,1,-1,1,1,-1,1,1,1,-1,1,1,1,1,1,1,-1,1,-1,-1,1,1,-1,1,1,-1,-1,1,1,-1,-1,1,-1,1,1,1,-1,-1,1,-1,-1,1,1,-1,-1,1,-1,1,1,1,1,-1,-1,1,-1,-1,1,1,-1,-1,1,1,-1,1,-1,-1,-1,1,-1,1,-1,1,-1,-1,1,-1,1,-1,1,1,-1,1,-1,-1,1,1,1,-1,1,-1,1,-1,-1,1,1,-1,-1,-1,1,-1,-1,1,1,1,-1,1,-1,1,1,1,-1,1,1,-1,-1,-1,1,-1,-1,1,-1,-1,1,1,1,-1,1,-1,-1,1,1,-1,-1,1,-1,-1,1,1,-1,-1,1,-1,-1,-1,1,1,-1,1,1,-1,-1,1,-1,-1,1,-1,1,-1,1,1,-1,-1,1,-1,-1,-1,-1,-1,1,1,1,-1,1,1,-1,-1,1,-1,1,-1,-1,-1,1,1,-1,-1,-1,-1,-1,1,1,-1,1,1,-1,-1,-1,1,1,-1,-1,-1,-1,1,1,-1,-1,1,-1,-1,-1,1,1,-1,-1,-1,-1,-1,1,-1,-1,1,-1,-1,-1,1,1,-1,1,-1,-1,1,1,1,-1,-1,-1,-1,-1,1,1,1,-1,-1,-1,-1,1,1,-1,-1,-1,-1,1,1,1,1,-1,-1,1,1,1,1,1,-1,-1,-1,1,1,1,1,1,-1,1,1,1,1,-1,1,-1,-1,1,-1,1,-1,1,-1,-1,1,-1,1,-1,-1,-1,-1,1,-1,1,-1,1,1,-1,1,-1,1,-1,1,1,-1,1,-1,1,-1,-1,-1,-1,1,1,-1,-1,-1,-1,-1,1,-1,1,-1,-1,-1,-1,-1,-1,-1,1,-1,-1,-1,1,-1,-1,1,-1,-1,-1,-1,-1,1,1,-1,-1,-1,-1,-1,1,-1,-1,-1,1,-1,-1,1,-1,1,-1,-1,-1,-1,-1,-1,-1,1,-1,-1,-1,1,1,-1,-1,-1,1,-1,-1,-1,-1,-1,1,-1,-1,1,1,1,-1,-1,-1,-1,1,-1,1,1,-1,1,-1,-1,1,1,-1,-1,-1,-1,-1,-1,1,1,-1,-1,1,-1,1,1,-1,-1,-1,1,-1,1,1,-1,-1,1,-1,-1,1,1,1,-1,1,-1,1,1,1,-1,-1,1,-1,-1,1,1,1,-1,1,-1,-1,1,1,-1,1,1,-1,-1,1,1,-1,1,1,-1,-1,1,1,-1,1,1,-1,-1,1,1,1,1,1,1,-1,1,1,-1,1,1,-1,-1,1,-1,1,1,1,1,-1,-1,1,-1,1,1,1,-1,1,1,1,1,-1,1,-1,1,1,1,1,1,1,-1,-1,1,1,1,1,-1,1,-1,1,1,1,1,-1,1,-1,1,1,1,-1,-1,1,-1,1,1,-1,1,-1,-1,-1,1,1,1,-1,1,-1,-1,1,1,1,-1,-1,-1,-1,1,1,1,-1,-1,-1,-1,-1,1,1,-1,1,-1,-1,1,1,1,-1,1,-1,1,-1,1,1,1,1,1,-1,-1,1,1,-1,-1,1,1,-1,-1,1,-1,1,-1,-1,1,1,-1,-1,1,-1,-1,-1,1,1,-1,1,1,-1,1,1,-1,-1,-1,-1,1,-1,-1,-1,-1,1,-1,-1,1,1,-1,1,1,-1,1,1,1,1,-1,1,-1,1,1,1,1,-1,1,-1,-1,-1,1,1,-1,1,-1,1,1,1,1,-1,1,-1,1,1,1,-1,-1,1,-1,-1,1,1,-1,-1,-1,1,-1,1,1,1,-1,1,-1,-1,1,-2672.0,1,2000,445,0,False
549,1,1,-1,-1,1,-1,-1,-1,1,1,1,-1,1,1,1,1,-1,1,-1,-1,-1,-1,1,1,1,-1,-1,-1,1,1,1,1,-1,-1,-1,-1,1,1,1,1,-1,-1,-1,1,1,1,1,-1,1,1,1,1,-1,1,-1,-1,1,-1,1,1,1,-1,-1,-1,1,1,1,1,-1,-1,-1,1,1,1,1,-1,-1,-1,1,1,1,-1,-1,-1,1,1,1,1,-1,-1,1,1,1,1,1,-1,-1,-1,1,-1,1,1,-1,-1,1,1,1,1,1,-1,-1,-1,1,-1,1,1,-1,-1,1,1,1,1,1,1,-1,-1,1,1,-1,1,1,-1,1,1,1,1,1,1,-1,1,1,1,1,1,1,-1,1,1,1,1,1,1,-1,-1,-1,1,1,1,1,-1,1,1,1,1,-1,1,-1,1,-1,1,1,1,-1,-1,1,1,1,1,1,-1,1,-1,-1,1,-1,1,-1,1,1,1,1,1,1,1,1,1,-1,1,-1,1,-1,1,1,-1,1,-1,1,1,-1,1,-1,1,-1,1,-1,1,1,-1,1,-1,1,1,1,1,-1,-1,1,1,-1,-1,1,-1,1,-1,1,1,-1,1,-1,1,-1,1,-1,1,1,-1,1,-1,1,1,-1,1,-1,1,1,1,-1,1,1,-1,1,-1,1,-1,1,-1,1,-1,1,1,-1,1,-1,-1,-1,1,1,-1,1,-1,-1,-1,1,1,-1,-1,1,1,-1,-1,1,1,-1,1,1,-1,1,1,1,1,-1,1,-1,1,1,-1,1,-1,1,1,-1,1,1,1,1,1,-1,-1,1,-1,-1,-1,1,1,-1,1,1,1,-1,1,-1,-1,1,1,1,1,1,-1,1,1,1,-1,1,1,-1,1,1,1,-1,1,1,-1,-1,1,1,1,-1,1,-1,1,1,1,-1,1,1,-1,1,1,1,-1,1,-1,-1,1,1,1,-1,1,-1,-1,-1,1,1,-1,1,-1,-1,1,-1,1,-1,1,1,-1,-1,1,1,1,-1,1,-1,-1,1,1,-1,1,-1,-1,-1,-1,-1,-1,1,1,-1,-1,1,1,-1,1,-1,1,-1,1,1,1,1,-1,-1,1,1,1,-1,1,-1,-1,-1,-1,1,1,-1,1,-1,-1,1,-1,1,-1,-1,-1,1,-1,-1,1,-1,1,-1,-1,1,-1,1,-1,-1,-1,1,1,-1,1,-1,1,-1,-1,1,-1,1,-1,-1,-1,-1,1,-1,-1,1,1,-1,-1,1,-1,1,1,-1,1,-1,1,-1,1,-1,1,-1,-1,1,-1,-1,-1,-1,-1,1,1,-1,1,-1,1,-1,1,-1,1,1,-1,1,-1,1,-1,-1,1,-1,-1,-1,1,-1,1,-1,1,1,-1,1,-1,-1,1,-1,-1,1,-1,1,-1,1,-1,1,-1,1,1,-1,-1,-1,1,-1,1,-1,-1,1,-1,1,1,1,1,-1,-1,1,1,-1,1,1,-1,-1,1,1,1,-1,1,1,-1,1,1,1,1,1,1,1,-1,-1,-1,1,-1,-1,1,1,1,-1,1,-1,1,-1,-1,-1,1,1,-1,1,1,-1,-1,-1,1,-1,1,1,-1,1,-1,1,-1,-1,-1,-1,-1,-1,1,-1,-1,-1,-1,-1,-1,1,-1,1,1,1,1,-1,1,-1,1,1,-1,-1,-1,1,-1,-1,1,-1,1,-1,-1,1,1,1,1,-1,-1,1,1,1,1,-1,1,-1,-1,1,1,1,-1,-1,-1,-1,1,1,1,-1,1,-1,1,-1,1,-1,1,1,-1,-1,1,1,1,-1,-1,-1,-1,1,1,1,1,-1,-1,-1,1,1,1,1,-1,-1,-1,1,-1,1,-1,-1,-1,1,1,1,1,1,-1,-1,-1,1,1,1,1,-1,-1,-1,1,1,-1,1,-1,-1,-1,1,1,1,1,-1,-1,1,1,1,1,-1,-1,1,1,-1,1,1,-1,-1,-1,1,1,1,1,1,-1,1,1,1,1,1,-1,-1,-1,1,-1,1,-1,-1,-1,-1,1,-1,1,1,1,-1,-1,1,-1,1,1,-1,-1,-1,1,1,1,1,-1,-1,-1,1,-1,1,1,-1,-1,-1,1,1,-1,-1,-1,-1,-1,1,-1,1,-1,-1,-1,-1,-1,-1,-1,1,-1,-1,-1,1,-1,-1,1,-1,-1,-1,-1,-1,-1,1,-1,-1,-1,-1,-1,1,-1,-1,-1,1,-1,-1,1,-1,1,-1,-1,-1,-1,-1,-1,-1,1,-1,-1,-1,1,1,-1,-1,-1,-1,1,-1,-1,-1,-1,1,-1,-1,1,1,1,-1,-1,-1,-1,1,-1,1,1,-1,1,-1,-1,1,1,-1,-1,-1,-1,-1,-1,1,1,-1,-1,1,-1,1,1,-1,-1,-1,1,-1,1,1,-1,-1,1,-1,-1,1,1,1,-1,1,-1,1,1,1,-1,-1,1,-1,-1,1,1,1,-1,1,-1,-1,1,1,-1,1,1,-1,-1,1,1,-1,1,1,-1,-1,1,1,-1,1,1,-1,-1,1,1,1,1,1,1,-1,1,1,1,-1,1,-1,-1,1,-1,1,1,1,1,-1,-1,1,-1,1,1,1,-1,1,1,1,1,-1,1,-1,1,1,1,1,1,1,1,-1,1,1,1,1,-1,1,-1,1,1,1,1,1,-1,1,1,1,1,-1,1,1,-1,1,1,-1,1,1,-1,-1,1,1,1,1,-1,1,-1,1,1,1,-1,-1,1,-1,1,1,1,-1,1,-1,-1,-1,1,1,-1,-1,1,-1,-1,1,1,1,-1,1,-1,1,1,1,1,-1,1,-1,-1,1,1,-1,-1,-1,1,1,-1,1,-1,1,1,-1,1,1,-1,-1,1,1,-1,-1,1,1,-1,1,1,1,1,1,-1,-1,-1,-1,1,-1,-1,-1,-1,-1,1,1,1,1,-1,1,1,-1,1,1,1,1,-1,1,-1,1,1,1,-1,-1,1,-1,1,1,1,-1,-1,1,-1,1,1,1,-1,-1,1,-1,1,1,1,1,-1,1,-1,1,1,1,1,-1,-1,1,-1,1,1,1,-1,1,-1,1,1,-2672.0,1,2000,445,0,False
550,1,1,-1,-1,1,1,-1,-1,1,1,1,-1,1,1,1,1,-1,1,-1,-1,-1,-1,1,1,1,-1,-1,-1,1,1,1,1,1,-1,-1,-1,1,-1,1,1,-1,-1,-1,1,1,1,1,-1,1,1,1,1,-1,1,-1,-1,1,-1,1,1,-1,-1,-1,-1,1,1,1,1,-1,-1,-1,1,1,1,1,-1,-1,-1,1,1,1,-1,-1,-1,1,1,1,1,-1,-1,-1,1,1,1,1,-1,-1,1,1,-1,1,1,-1,-1,1,1,1,1,1,-1,-1,1,1,1,1,1,-1,-1,1,1,1,1,1,1,-1,1,1,1,-1,1,1,-1,1,1,1,1,1,1,-1,-1,1,1,1,1,1,-1,1,1,1,1,1,1,-1,-1,-1,1,1,1,1,-1,1,1,1,1,-1,1,-1,1,-1,1,1,1,-1,-1,1,1,1,1,1,-1,1,-1,-1,1,-1,1,-1,1,1,1,1,1,1,1,1,1,-1,1,-1,1,-1,1,1,-1,1,-1,1,1,-1,1,-1,1,-1,1,-1,1,1,-1,-1,-1,1,1,1,1,-1,-1,1,1,-1,-1,1,-1,1,-1,-1,1,-1,1,-1,1,-1,1,-1,-1,1,-1,-1,-1,1,1,-1,1,-1,1,1,1,-1,1,1,-1,1,-1,1,-1,1,-1,1,-1,1,1,-1,1,-1,-1,-1,1,1,-1,1,-1,-1,-1,1,1,-1,-1,1,1,-1,-1,1,1,-1,1,1,-1,1,1,1,1,-1,1,-1,1,1,-1,1,-1,1,1,1,1,1,1,1,1,-1,-1,1,-1,-1,-1,1,1,-1,1,1,1,-1,1,1,1,1,1,1,-1,1,-1,1,1,1,-1,1,1,-1,1,1,1,-1,1,1,-1,-1,1,1,1,-1,1,-1,1,1,1,-1,1,1,-1,1,1,1,-1,1,1,-1,1,1,1,-1,1,1,-1,-1,1,1,1,1,1,-1,1,-1,1,-1,1,1,1,-1,1,1,1,-1,1,1,-1,1,1,-1,1,1,1,-1,-1,-1,-1,1,1,1,-1,1,1,-1,1,1,-1,-1,1,1,-1,1,1,-1,1,1,1,1,1,1,1,1,-1,1,-1,-1,-1,1,-1,1,-1,-1,1,1,1,-1,-1,-1,1,-1,-1,1,-1,1,-1,-1,1,1,1,1,-1,-1,1,-1,-1,1,-1,1,-1,-1,-1,1,1,1,1,-1,-1,1,-1,1,1,-1,-1,1,-1,1,-1,1,-1,-1,-1,1,-1,1,1,-1,-1,-1,-1,1,1,-1,1,-1,-1,1,1,1,-1,-1,1,-1,1,1,1,-1,-1,-1,-1,-1,1,1,1,-1,1,-1,1,-1,1,-1,-1,-1,1,-1,1,1,1,-1,-1,1,-1,-1,1,-1,-1,-1,-1,-1,-1,1,-1,-1,-1,1,-1,-1,1,-1,-1,-1,-1,-1,-1,1,-1,-1,1,-1,1,-1,-1,1,1,1,-1,1,-1,1,-1,1,-1,1,-1,-1,-1,1,-1,-1,-1,1,1,-1,1,-1,1,1,1,-1,1,1,-1,1,-1,1,-1,-1,1,-1,-1,1,1,1,-1,1,-1,-1,1,1,-1,-1,1,-1,-1,1,1,-1,-1,1,-1,-1,-1,1,1,-1,1,1,-1,-1,1,-1,-1,1,-1,1,-1,1,1,-1,-1,1,-1,-1,-1,-1,-1,1,1,1,-1,-1,1,-1,-1,1,-1,-1,1,-1,-1,1,1,-1,-1,1,-1,-1,1,1,-1,1,-1,1,-1,-1,1,1,-1,-1,-1,-1,1,1,-1,-1,1,-1,-1,-1,1,1,-1,-1,-1,-1,-1,1,-1,-1,-1,-1,-1,-1,1,1,-1,-1,-1,-1,1,1,1,-1,-1,-1,-1,-1,1,1,1,-1,-1,-1,-1,1,1,-1,-1,-1,-1,1,1,1,1,1,-1,1,1,1,1,1,1,-1,-1,1,1,1,-1,1,-1,1,1,1,1,-1,1,-1,-1,1,-1,1,-1,1,-1,-1,1,-1,1,-1,1,-1,-1,1,-1,1,-1,1,1,-1,1,-1,1,1,1,1,-1,1,-1,1,1,1,-1,-1,1,1,-1,1,1,-1,-1,1,-1,1,-1,1,-1,-1,-1,-1,-1,1,1,-1,-1,1,-1,-1,1,1,-1,-1,-1,-1,1,-1,1,-1,-1,-1,-1,1,1,-1,-1,1,-1,-1,1,-1,1,-1,-1,-1,-1,-1,1,1,1,-1,-1,-1,1,1,1,-1,-1,1,1,-1,-1,1,-1,1,-1,-1,1,1,1,-1,-1,-1,-1,1,-1,1,1,-1,1,-1,-1,1,1,-1,-1,-1,-1,-1,-1,1,1,-1,-1,1,-1,1,1,-1,-1,-1,1,-1,1,1,-1,-1,1,-1,-1,1,1,1,-1,1,-1,1,1,1,-1,-1,1,-1,-1,1,1,1,-1,1,-1,-1,1,1,-1,1,1,-1,-1,1,1,1,1,1,-1,-1,1,1,1,1,1,-1,-1,1,1,1,1,-1,1,-1,1,1,1,-1,1,-1,-1,1,-1,1,1,1,1,-1,-1,1,-1,1,1,1,-1,1,1,1,1,-1,1,-1,1,1,1,1,1,1,1,-1,1,1,1,1,-1,1,-1,1,1,1,1,1,1,1,1,1,1,-1,1,-1,1,1,1,-1,1,1,1,1,-1,1,1,1,-1,1,1,1,1,1,-1,-1,1,-1,1,1,1,-1,1,-1,1,1,1,1,-1,-1,1,1,-1,1,1,1,-1,1,1,-1,1,1,1,-1,1,-1,1,1,1,-1,-1,-1,-1,1,1,1,-1,1,1,1,1,1,-1,-1,1,1,1,1,1,1,-1,1,-1,1,1,1,-1,-1,-1,-1,-1,-1,-1,-1,-1,1,-1,1,1,1,-1,1,1,-1,-1,1,1,1,-1,1,-1,1,1,1,1,-1,1,-1,1,1,1,1,-1,1,-1,1,1,1,1,-1,1,-1,1,-1,1,-1,-1,1,-1,-1,1,1,-1,-1,-1,-1,1,1,1,1,-1,1,-1,-1,1,-2672.0,1,2000,445,1000,False
551,-1,-1,1,1,1,1,-1,1,-1,-1,-1,1,-1,1,-1,-1,1,-1,1,1,-1,-1,-1,-1,-1,1,-1,-1,-1,-1,-1,-1,1,1,-1,-1,1,-1,-1,-1,1,-1,-1,-1,-1,-1,-1,1,-1,1,-1,-1,1,-1,1,-1,-1,1,-1,-1,-1,1,1,1,-1,-1,-1,-1,-1,-1,-1,1,-1,-1,-1,-1,-1,-1,1,-1,-1,1,1,-1,1,-1,-1,-1,-1,1,-1,-1,-1,-1,-1,-1,-1,1,1,1,-1,-1,-1,-1,1,1,-1,-1,-1,-1,-1,1,1,1,-1,-1,-1,-1,1,1,-1,-1,-1,-1,-1,1,1,-1,1,-1,-1,-1,1,1,-1,1,-1,-1,-1,-1,1,-1,1,-1,-1,-1,1,1,1,-1,-1,-1,-1,-1,-1,1,-1,1,-1,-1,1,1,1,1,-1,-1,-1,1,-1,1,-1,-1,-1,-1,1,1,-1,1,-1,-1,1,-1,-1,1,-1,-1,-1,1,1,1,1,1,-1,-1,1,1,-1,1,1,-1,-1,1,1,-1,1,1,-1,-1,-1,1,-1,1,1,-1,-1,1,1,-1,1,1,-1,1,1,1,-1,-1,1,1,-1,-1,1,-1,1,1,-1,1,-1,1,-1,1,1,-1,1,1,1,-1,-1,1,-1,-1,1,1,-1,1,-1,1,1,1,1,-1,1,1,-1,1,1,-1,1,-1,-1,-1,1,1,-1,-1,1,-1,-1,1,1,-1,-1,-1,1,-1,1,1,1,1,-1,1,-1,1,1,1,1,-1,-1,-1,-1,1,-1,1,-1,-1,-1,1,-1,-1,1,1,-1,-1,-1,1,1,1,-1,-1,-1,1,1,-1,1,1,-1,-1,1,1,-1,1,-1,1,-1,1,1,1,1,-1,-1,-1,1,-1,1,1,-1,-1,1,-1,-1,1,1,-1,1,1,1,1,-1,1,-1,1,1,1,-1,1,1,-1,-1,1,1,-1,1,-1,-1,-1,1,1,-1,1,-1,-1,1,-1,1,-1,1,-1,-1,1,-1,1,-1,1,1,-1,1,-1,1,1,-1,1,-1,-1,1,1,-1,1,-1,-1,1,1,-1,-1,1,-1,-1,1,-1,1,-1,1,-1,1,1,-1,1,1,1,-1,1,1,-1,1,-1,1,-1,-1,1,-1,1,1,-1,1,-1,1,1,-1,1,-1,-1,-1,1,-1,-1,1,-1,1,-1,-1,1,-1,1,-1,-1,-1,-1,1,-1,1,-1,1,-1,1,-1,-1,1,-1,-1,-1,-1,1,-1,-1,1,1,-1,-1,1,-1,1,1,-1,1,-1,1,-1,1,-1,1,-1,-1,-1,-1,1,-1,-1,1,-1,1,-1,1,-1,1,-1,-1,-1,1,1,1,1,-1,-1,-1,-1,1,-1,-1,-1,-1,-1,1,-1,1,1,-1,1,-1,-1,1,-1,-1,1,-1,-1,-1,1,-1,1,-1,1,-1,-1,1,-1,1,-1,1,-1,-1,1,-1,1,1,1,-1,-1,-1,1,1,-1,1,-1,-1,-1,1,1,1,-1,1,1,-1,1,1,1,1,1,-1,1,-1,-1,-1,1,-1,1,1,-1,1,-1,1,-1,1,-1,-1,-1,1,1,-1,1,1,-1,1,-1,1,-1,1,1,-1,1,-1,1,-1,-1,-1,-1,1,-1,1,-1,-1,-1,-1,1,-1,1,-1,1,1,1,-1,-1,1,-1,1,1,-1,1,-1,1,-1,-1,1,-1,1,-1,-1,1,1,1,1,1,-1,1,1,1,1,-1,1,-1,-1,1,1,1,-1,-1,-1,1,1,1,1,-1,-1,-1,1,-1,1,-1,1,1,-1,-1,1,1,1,-1,1,-1,-1,1,1,1,1,1,1,-1,1,1,1,1,-1,1,-1,1,-1,1,-1,1,1,-1,1,1,1,1,1,1,-1,1,-1,1,1,1,1,-1,1,1,-1,1,1,1,-1,1,1,1,1,1,1,-1,1,1,-1,-1,1,-1,-1,1,1,1,-1,1,-1,-1,1,-1,-1,1,1,-1,-1,1,-1,1,-1,1,1,-1,1,-1,1,-1,1,-1,-1,1,-1,1,1,1,1,-1,1,-1,1,-1,1,1,-1,1,-1,1,-1,1,1,-1,1,1,1,1,1,-1,1,1,-1,1,1,1,1,-1,1,-1,1,-1,1,1,-1,1,1,-1,1,1,1,-1,1,1,-1,1,1,1,1,1,-1,-1,1,1,1,1,1,-1,1,-1,1,1,1,1,1,-1,1,1,1,1,1,1,-1,1,1,1,1,1,1,1,1,1,1,1,1,1,-1,1,1,-1,1,1,-1,1,1,1,1,-1,1,1,-1,1,1,1,1,1,-1,1,1,1,1,1,1,-1,-1,1,-1,1,1,1,-1,1,1,1,1,1,-1,-1,1,1,1,1,1,1,-1,1,1,-1,1,1,-1,1,1,1,1,1,1,-1,-1,1,1,1,1,-1,1,-1,1,1,1,1,-1,-1,-1,1,1,1,1,-1,1,-1,1,1,1,1,1,-1,-1,1,1,-1,1,1,-1,-1,1,1,-1,1,-1,-1,-1,1,-1,-1,1,1,-1,-1,-1,1,-1,1,1,-1,-1,1,1,-1,1,1,-1,1,1,1,-1,1,1,-1,1,-1,-1,1,1,1,-1,1,-1,1,1,1,-1,1,-1,1,1,1,1,-1,1,1,-1,1,1,-1,1,1,-1,-1,1,-1,1,1,-1,1,-1,1,-1,1,-1,-1,1,-1,1,-1,1,-1,1,-1,-1,-1,1,1,-1,1,1,-1,-1,-1,1,-1,-1,1,-1,1,-1,1,1,-1,1,-1,-1,1,1,-1,-1,-1,1,1,1,1,-1,1,1,-1,1,1,-1,-1,1,1,-1,-1,-1,1,-1,1,1,1,1,1,-1,-1,-1,-1,-1,-1,-1,-1,-1,-1,1,1,1,1,-1,1,1,-1,1,1,1,1,-1,1,-1,1,1,1,1,-1,1,-1,1,1,1,1,-1,1,-1,1,1,1,1,-1,1,-1,1,-1,1,-1,-1,1,-1,1,1,1,-1,-1,-1,1,-1,1,1,1,-1,1,-1,1,1,-2672.0,1,2000,445,1500,True
552,1,1,-1,-1,1,1,-1,-1,1,1,1,-1,-1,1,1,1,-1,1,-1,-1,-1,-1,1,1,1,-1,-1,-1,1,1,1,1,-1,-1,-1,-1,1,-1,1,1,-1,-1,-1,1,1,1,1,-1,1,1,1,1,-1,1,-1,-1,1,-1,1,1,1,-1,-1,-1,1,1,1,1,-1,-1,-1,1,1,1,1,-1,-1,-1,1,1,1,-1,-1,-1,1,1,1,1,-1,-1,-1,1,1,1,1,-1,-1,1,1,-1,1,1,-1,-1,1,1,1,1,1,-1,-1,1,1,-1,1,1,-1,-1,1,1,1,1,1,1,-1,-1,1,1,-1,1,1,-1,1,1,1,1,1,1,-1,-1,1,1,1,1,1,-1,1,1,1,1,1,1,-1,-1,-1,1,1,1,1,-1,1,1,1,1,-1,1,-1,1,-1,1,1,1,-1,-1,1,1,1,1,1,-1,1,-1,-1,1,-1,1,-1,1,1,1,1,1,1,1,1,1,-1,1,-1,1,-1,1,1,-1,1,-1,1,1,-1,1,-1,1,-1,1,-1,1,1,-1,-1,-1,1,1,1,1,-1,-1,1,1,-1,-1,1,-1,1,-1,-1,1,-1,1,-1,1,-1,1,-1,-1,1,-1,-1,-1,1,1,-1,1,-1,1,1,1,-1,1,1,-1,1,-1,1,-1,1,-1,1,-1,1,1,-1,1,-1,-1,-1,1,1,-1,1,-1,-1,-1,1,1,-1,-1,1,1,-1,-1,1,1,-1,1,1,-1,1,1,1,1,-1,1,-1,1,1,-1,1,-1,1,1,-1,1,1,1,1,1,-1,-1,1,-1,-1,-1,1,1,-1,1,1,1,-1,1,-1,-1,1,1,1,1,1,-1,1,1,1,-1,1,1,-1,1,1,1,-1,1,1,-1,-1,1,1,1,-1,1,-1,1,1,1,-1,1,1,-1,1,1,1,-1,1,-1,-1,1,1,1,-1,1,-1,-1,-1,1,1,-1,1,-1,-1,1,-1,1,-1,1,1,-1,-1,1,1,1,-1,1,-1,-1,1,1,-1,1,-1,-1,-1,-1,-1,-1,1,1,-1,-1,1,1,-1,1,-1,-1,-1,1,1,1,1,-1,-1,1,1,1,-1,1,-1,-1,-1,-1,1,1,-1,1,-1,-1,1,-1,1,-1,-1,-1,1,-1,-1,1,-1,1,-1,-1,1,-1,1,-1,-1,-1,1,1,-1,1,-1,1,-1,-1,1,-1,1,-1,-1,-1,-1,1,-1,-1,1,1,-1,-1,1,-1,1,1,-1,1,-1,1,-1,1,-1,1,-1,-1,1,-1,-1,-1,-1,-1,1,1,-1,1,-1,1,-1,1,-1,1,1,1,1,-1,1,-1,-1,1,-1,-1,-1,1,-1,1,-1,1,1,-1,1,-1,-1,1,-1,-1,1,-1,1,-1,1,-1,1,-1,1,1,-1,-1,-1,1,-1,1,-1,-1,1,-1,1,1,1,1,-1,-1,1,1,-1,1,1,-1,-1,1,1,1,-1,1,1,-1,1,1,1,1,1,1,1,-1,-1,-1,1,-1,1,1,1,1,-1,1,-1,1,-1,-1,-1,1,1,-1,1,1,-1,-1,-1,1,-1,1,1,-1,1,-1,1,-1,-1,-1,-1,-1,-1,1,-1,-1,-1,-1,-1,-1,1,-1,1,1,1,1,-1,1,-1,1,1,-1,-1,-1,1,-1,-1,1,-1,1,-1,-1,1,1,1,1,-1,-1,1,1,1,1,-1,1,-1,-1,1,1,1,-1,-1,-1,1,1,1,1,-1,1,-1,1,-1,1,-1,1,1,-1,-1,1,1,1,-1,-1,-1,1,1,1,1,1,-1,-1,-1,1,1,1,1,-1,-1,-1,1,1,1,-1,-1,-1,-1,1,1,1,1,-1,-1,1,1,1,1,1,-1,-1,-1,1,1,-1,1,-1,-1,-1,1,1,1,1,-1,-1,1,1,1,1,-1,-1,1,1,-1,1,1,-1,-1,-1,1,1,1,1,1,-1,1,1,1,1,1,-1,-1,-1,1,-1,1,-1,-1,-1,-1,1,-1,1,1,-1,-1,-1,1,-1,1,1,-1,1,-1,1,1,1,1,-1,1,-1,1,-1,1,1,-1,-1,-1,1,1,-1,-1,-1,-1,-1,1,-1,1,-1,-1,-1,-1,-1,-1,-1,1,-1,-1,-1,1,-1,-1,1,-1,-1,-1,-1,-1,-1,1,-1,-1,-1,-1,-1,1,-1,-1,-1,1,-1,-1,1,-1,1,-1,-1,-1,-1,-1,-1,-1,1,-1,-1,-1,1,1,-1,-1,-1,1,-1,-1,-1,-1,-1,1,-1,-1,1,1,1,-1,-1,-1,-1,1,-1,1,1,-1,1,-1,-1,1,1,-1,-1,-1,-1,-1,-1,1,1,-1,-1,1,-1,1,1,-1,-1,-1,1,-1,1,1,-1,-1,1,-1,-1,1,1,1,-1,1,-1,1,1,1,-1,-1,1,-1,-1,1,-1,1,-1,1,-1,-1,1,1,-1,1,1,-1,-1,1,1,-1,1,1,-1,-1,1,1,-1,1,1,-1,-1,1,1,1,1,-1,1,-1,1,1,1,-1,1,-1,-1,1,-1,1,1,1,1,-1,-1,1,-1,1,1,1,-1,1,1,1,1,-1,1,-1,1,1,1,1,1,1,1,-1,1,1,1,1,-1,1,-1,1,1,1,1,1,-1,1,1,1,1,-1,1,1,-1,1,1,-1,1,1,-1,-1,1,1,1,1,-1,1,-1,1,1,1,-1,-1,1,-1,1,1,1,-1,1,-1,-1,-1,1,1,-1,-1,1,-1,-1,1,1,-1,-1,1,-1,1,1,1,1,-1,1,-1,-1,1,1,-1,-1,-1,1,1,1,1,-1,1,1,-1,1,1,-1,-1,1,1,-1,-1,1,1,-1,1,1,1,1,1,-1,-1,-1,-1,-1,-1,-1,-1,-1,-1,1,1,1,1,-1,1,1,-1,1,1,1,1,-1,1,-1,1,1,1,1,-1,1,-1,1,1,1,1,-1,1,-1,1,1,1,1,-1,1,-1,1,1,1,-1,-1,1,-1,1,1,1,-1,-1,-1,1,-1,1,-1,1,-1,1,-1,1,1,-2672.0,1,2000,445,1000,False
553,1,1,-1,-1,1,-1,-1,-1,1,1,1,-1,1,1,1,1,-1,1,-1,-1,1,-1,1,1,1,-1,-1,-1,1,1,1,1,1,-1,-1,-1,1,1,1,1,-1,-1,-1,1,1,1,1,-1,1,1,1,1,-1,1,-1,-1,1,-1,1,1,1,-1,-1,-1,1,1,1,1,-1,-1,-1,1,1,1,1,-1,-1,-1,1,1,1,-1,-1,-1,1,1,1,1,-1,-1,-1,1,1,1,1,-1,-1,1,1,-1,1,1,-1,-1,1,1,1,1,1,-1,-1,1,1,-1,1,1,-1,-1,1,1,1,1,1,1,-1,1,1,1,-1,1,1,-1,1,1,1,1,1,1,-1,-1,1,1,1,1,1,-1,1,1,1,1,1,1,-1,-1,-1,1,1,1,1,-1,1,1,1,1,-1,1,-1,1,-1,1,1,1,-1,-1,1,1,1,1,1,-1,1,-1,-1,1,-1,1,-1,1,1,1,1,1,1,1,1,1,-1,1,-1,1,-1,1,1,-1,1,-1,1,1,-1,1,-1,1,-1,1,1,1,1,-1,-1,-1,1,-1,-1,1,-1,-1,1,1,-1,-1,1,-1,1,-1,1,-1,-1,1,-1,1,-1,1,-1,1,1,-1,-1,-1,1,-1,-1,1,-1,1,1,1,-1,1,1,-1,-1,-1,1,-1,1,-1,1,-1,1,1,-1,1,-1,-1,-1,1,1,-1,1,-1,-1,-1,1,1,1,-1,1,1,-1,-1,1,1,-1,1,1,-1,1,1,1,1,-1,1,-1,1,1,1,-1,-1,1,1,-1,1,-1,1,1,1,-1,-1,1,-1,-1,-1,1,1,-1,1,1,1,-1,1,-1,-1,1,1,1,1,1,-1,1,1,1,-1,-1,1,-1,1,1,1,-1,1,1,-1,-1,1,1,1,-1,1,-1,1,1,1,-1,1,1,-1,1,1,1,-1,1,-1,-1,1,1,1,-1,1,-1,-1,-1,1,1,-1,1,-1,-1,1,-1,1,-1,1,1,-1,-1,1,1,1,-1,1,-1,-1,1,1,-1,1,-1,1,-1,-1,-1,-1,1,1,-1,-1,1,1,-1,1,1,-1,-1,1,1,1,1,1,-1,1,1,1,-1,1,-1,-1,-1,-1,1,1,1,1,-1,-1,1,1,1,1,-1,-1,-1,-1,-1,1,-1,-1,-1,1,-1,1,1,-1,1,-1,1,1,-1,1,-1,1,-1,-1,1,-1,1,1,1,1,-1,1,-1,-1,1,1,-1,-1,1,-1,1,1,1,-1,-1,1,-1,-1,1,1,-1,1,1,-1,1,1,-1,-1,1,1,-1,1,-1,-1,-1,1,-1,-1,1,-1,-1,-1,1,-1,-1,1,-1,-1,-1,1,-1,-1,1,-1,-1,-1,1,-1,-1,1,-1,-1,-1,1,1,-1,1,-1,-1,-1,1,1,-1,-1,-1,1,-1,1,-1,-1,1,-1,-1,1,1,1,-1,-1,1,-1,1,-1,1,1,-1,1,-1,-1,1,1,1,-1,1,-1,1,-1,-1,1,1,-1,-1,-1,1,-1,-1,-1,1,1,-1,1,-1,1,-1,1,-1,1,1,-1,1,1,1,-1,-1,1,-1,1,-1,1,1,-1,1,-1,-1,1,1,-1,-1,1,-1,-1,-1,1,-1,-1,1,-1,1,1,1,1,-1,1,-1,-1,1,1,-1,-1,1,-1,-1,-1,1,1,-1,-1,1,1,-1,1,-1,-1,1,1,1,1,1,1,-1,-1,1,1,-1,1,-1,-1,1,1,1,1,-1,1,-1,1,-1,1,1,1,1,-1,-1,1,1,1,-1,-1,-1,1,1,1,1,1,-1,-1,-1,1,1,1,-1,-1,-1,-1,1,1,1,1,-1,-1,-1,1,1,1,1,-1,-1,1,1,1,1,1,-1,-1,-1,1,1,-1,1,-1,-1,-1,1,1,1,1,-1,-1,1,1,1,1,1,-1,1,1,-1,1,1,-1,-1,-1,1,1,1,1,1,-1,1,1,1,1,1,1,-1,-1,1,-1,1,-1,1,-1,-1,1,-1,1,1,-1,-1,-1,1,-1,1,1,-1,-1,-1,1,1,1,-1,1,-1,-1,1,-1,1,-1,-1,-1,-1,1,1,-1,-1,-1,-1,-1,1,-1,1,-1,-1,-1,-1,-1,-1,-1,1,-1,-1,-1,1,-1,-1,1,-1,-1,-1,-1,-1,-1,1,-1,-1,-1,-1,-1,1,-1,-1,-1,1,-1,-1,1,-1,1,-1,-1,-1,-1,-1,-1,-1,1,-1,-1,-1,1,1,1,-1,-1,-1,1,-1,-1,-1,-1,1,-1,-1,1,1,1,-1,-1,-1,-1,1,-1,1,1,-1,1,-1,-1,1,1,-1,-1,-1,-1,-1,-1,1,1,-1,-1,1,-1,1,1,-1,-1,-1,-1,-1,1,1,-1,-1,-1,1,-1,1,1,1,-1,-1,-1,1,1,1,-1,-1,1,-1,-1,1,1,1,-1,1,-1,-1,1,1,-1,1,-1,-1,-1,1,1,1,1,1,1,-1,1,1,1,1,1,1,-1,1,1,1,1,1,1,-1,-1,1,1,-1,1,-1,-1,1,-1,1,1,1,1,-1,-1,1,-1,1,-1,1,-1,1,1,1,1,-1,1,-1,1,1,1,1,1,1,1,-1,1,1,1,1,-1,1,-1,1,1,1,1,1,-1,1,1,1,1,-1,1,1,-1,1,1,-1,1,1,-1,-1,1,1,1,1,-1,1,-1,1,1,1,-1,-1,1,-1,1,1,1,-1,1,-1,-1,-1,1,1,-1,-1,1,-1,-1,1,1,-1,-1,1,-1,-1,1,1,1,-1,1,-1,-1,1,1,-1,-1,-1,1,-1,-1,1,-1,1,1,-1,1,1,-1,-1,1,1,-1,-1,1,1,-1,1,1,-1,1,1,-1,-1,-1,-1,1,-1,-1,-1,-1,1,-1,-1,1,1,-1,1,1,-1,1,1,1,1,-1,1,-1,1,1,1,1,-1,1,-1,1,1,1,1,-1,1,-1,-1,1,1,1,-1,1,-1,1,1,-1,-1,-1,1,-1,-1,1,1,-1,-1,-1,1,-1,1,-1,1,-1,1,-1,-1,1,-2672.0,1,2000,445,0,False
554,1,1,-1,-1,1,-1,-1,-1,1,1,1,-1,1,1,1,1,-1,1,-1,-1,-1,-1,1,1,1,-1,1,-1,1,1,1,1,-1,-1,-1,-1,1,1,1,1,-1,-1,-1,1,1,1,1,-1,1,1,1,1,-1,1,-1,-1,1,-1,1,1,1,-1,-1,-1,1,1,1,1,-1,-1,-1,1,1,1,1,-1,-1,-1,1,1,1,-1,-1,-1,1,1,1,1,-1,-1,1,1,1,1,1,-1,-1,-1,1,-1,1,1,-1,-1,1,1,1,1,1,-1,-1,-1,1,-1,1,1,-1,-1,1,1,1,1,1,1,-1,-1,1,1,-1,1,1,-1,1,1,1,1,1,1,-1,1,1,1,1,1,1,-1,1,1,1,1,1,1,-1,-1,-1,1,1,1,1,-1,1,1,1,1,-1,1,-1,1,-1,1,1,1,-1,-1,1,1,1,1,1,-1,1,-1,-1,1,-1,1,-1,1,1,1,1,1,1,1,1,1,-1,1,-1,1,-1,1,1,-1,1,-1,1,1,-1,1,-1,1,-1,1,-1,1,1,-1,1,-1,1,1,1,1,-1,-1,1,1,-1,-1,1,-1,1,-1,-1,1,-1,1,-1,1,-1,1,-1,1,1,-1,1,-1,1,1,-1,1,-1,1,1,1,-1,1,1,-1,1,-1,1,-1,1,-1,1,-1,1,1,-1,1,-1,-1,-1,1,1,-1,1,-1,-1,-1,1,1,-1,-1,1,1,-1,-1,1,1,-1,1,1,-1,1,1,1,-1,-1,1,-1,1,1,-1,1,-1,1,1,-1,1,1,-1,-1,1,-1,-1,1,-1,1,-1,1,1,-1,1,1,1,-1,1,-1,-1,1,1,-1,-1,1,-1,1,1,1,1,-1,1,-1,1,1,1,-1,1,1,-1,-1,1,1,-1,1,1,-1,1,1,1,1,1,1,-1,1,1,1,1,1,-1,-1,1,1,1,1,1,-1,-1,-1,1,1,1,1,-1,-1,1,-1,1,-1,1,1,-1,-1,1,1,1,1,1,-1,-1,1,1,1,-1,-1,-1,-1,-1,-1,-1,1,-1,-1,-1,1,1,-1,1,-1,1,-1,1,1,1,1,-1,-1,1,1,1,-1,1,-1,-1,-1,-1,1,1,1,1,-1,-1,1,-1,1,1,-1,-1,1,-1,-1,1,-1,1,-1,-1,1,-1,-1,1,-1,-1,1,1,-1,1,-1,1,-1,-1,1,-1,1,1,-1,-1,-1,1,-1,-1,1,1,-1,-1,1,-1,1,1,-1,1,-1,1,-1,1,1,1,-1,-1,1,-1,1,1,-1,-1,1,1,-1,1,-1,1,-1,1,-1,1,1,-1,1,-1,1,-1,-1,1,-1,-1,-1,1,-1,-1,1,-1,1,-1,1,-1,-1,1,-1,-1,1,-1,1,-1,-1,1,1,-1,1,1,-1,-1,1,1,-1,1,-1,-1,-1,1,1,1,1,1,-1,-1,1,1,-1,1,1,-1,-1,1,1,1,-1,1,1,-1,1,1,1,1,-1,1,1,-1,-1,-1,1,-1,1,1,-1,1,-1,1,-1,1,-1,-1,-1,1,1,-1,1,1,-1,-1,-1,1,-1,1,1,-1,1,-1,1,-1,-1,-1,-1,-1,-1,1,-1,-1,-1,-1,-1,-1,1,-1,1,1,1,1,-1,1,-1,1,1,-1,-1,-1,1,-1,-1,1,-1,1,-1,-1,1,1,1,1,-1,-1,1,1,1,1,-1,1,-1,-1,1,1,1,-1,-1,-1,-1,1,1,1,-1,1,-1,1,-1,1,-1,1,1,-1,-1,1,1,1,-1,-1,-1,-1,1,1,1,1,-1,-1,-1,1,1,1,1,-1,-1,-1,1,-1,1,-1,-1,-1,1,1,1,1,1,-1,-1,-1,1,1,1,1,-1,-1,-1,1,1,-1,1,-1,-1,-1,1,1,1,1,-1,-1,1,1,1,1,-1,-1,1,1,-1,1,1,-1,-1,-1,1,1,1,1,1,-1,1,1,1,1,1,-1,-1,-1,1,-1,1,-1,-1,-1,-1,1,-1,1,1,-1,-1,-1,1,-1,1,1,-1,-1,-1,1,1,1,1,-1,-1,-1,1,-1,1,1,-1,-1,-1,1,1,-1,-1,-1,-1,-1,1,-1,1,-1,-1,-1,-1,-1,-1,-1,1,-1,-1,-1,1,-1,-1,1,-1,-1,-1,-1,-1,-1,1,-1,-1,-1,-1,-1,1,-1,-1,-1,1,-1,-1,1,-1,1,-1,-1,-1,-1,-1,-1,-1,1,-1,-1,-1,1,1,-1,-1,-1,1,-1,-1,-1,-1,-1,1,-1,-1,1,1,1,-1,-1,-1,-1,1,-1,1,1,-1,1,-1,-1,1,1,-1,-1,-1,-1,-1,-1,1,1,-1,-1,1,-1,1,1,-1,-1,-1,1,-1,1,1,-1,-1,1,-1,-1,1,1,1,-1,1,-1,1,1,1,-1,-1,1,-1,-1,1,1,1,-1,1,-1,-1,1,1,-1,1,1,-1,-1,1,1,1,1,1,-1,-1,1,1,-1,1,1,-1,-1,1,1,1,1,1,1,-1,1,1,1,1,1,-1,-1,1,-1,1,1,1,1,-1,-1,1,-1,1,1,1,-1,1,1,1,1,-1,1,-1,1,1,1,1,1,1,-1,-1,1,1,1,1,-1,1,-1,1,1,1,1,-1,1,-1,1,1,1,-1,-1,1,-1,1,1,-1,1,-1,-1,-1,1,1,1,-1,1,-1,-1,1,1,1,-1,-1,-1,-1,1,1,1,-1,1,-1,-1,-1,1,1,-1,1,-1,-1,1,1,1,-1,1,-1,1,-1,1,1,1,1,1,-1,-1,1,1,-1,-1,1,1,-1,-1,1,-1,1,-1,-1,1,1,-1,-1,1,-1,-1,-1,1,1,-1,1,1,-1,1,1,-1,-1,-1,-1,1,-1,-1,-1,-1,1,-1,-1,1,1,-1,1,1,-1,1,1,1,1,-1,1,-1,1,1,1,-1,-1,1,-1,-1,-1,1,-1,-1,1,-1,1,1,1,-1,-1,1,-1,1,1,1,1,-1,1,-1,-1,1,1,1,-1,-1,1,-1,1,1,1,-1,1,-1,-1,1,-2672.0,1,2000,445,0,False
555,1,1,-1,-1,1,-1,-1,-1,1,1,1,-1,1,1,1,1,-1,1,-1,-1,-1,-1,1,1,1,-1,1,-1,1,1,1,1,-1,-1,-1,-1,1,1,1,1,-1,-1,-1,1,1,1,1,-1,1,1,1,1,-1,1,-1,-1,1,-1,1,1,1,-1,-1,-1,1,1,1,1,-1,-1,-1,1,1,1,1,-1,-1,-1,1,1,1,-1,-1,-1,1,1,1,1,-1,-1,-1,1,1,1,1,-1,-1,1,1,-1,1,1,-1,-1,1,1,1,1,1,-1,-1,1,1,1,1,1,-1,-1,1,1,1,1,1,1,-1,1,1,1,-1,1,1,-1,1,1,1,1,1,1,-1,-1,1,1,1,1,1,-1,1,1,1,1,1,1,-1,-1,-1,1,1,1,1,-1,1,1,1,1,-1,1,-1,1,-1,1,1,1,-1,-1,1,1,1,1,1,-1,1,-1,-1,1,-1,1,-1,1,1,1,1,1,1,1,1,1,-1,1,-1,1,-1,1,1,-1,1,-1,1,1,-1,1,-1,1,-1,1,-1,1,1,-1,1,-1,1,1,1,1,-1,-1,1,1,-1,-1,1,-1,1,-1,1,1,-1,1,-1,1,-1,1,-1,1,1,-1,-1,-1,1,1,-1,1,-1,1,1,1,-1,1,1,-1,1,-1,1,-1,1,-1,1,-1,1,1,-1,1,-1,-1,-1,1,1,-1,1,-1,-1,-1,1,1,-1,-1,1,1,-1,-1,1,1,-1,1,1,-1,1,1,1,1,-1,1,-1,1,1,-1,1,-1,1,1,-1,1,1,1,1,1,-1,-1,1,-1,-1,-1,1,1,-1,1,1,1,-1,1,-1,-1,1,1,1,1,1,-1,1,1,1,-1,1,1,-1,1,1,1,-1,1,1,-1,-1,1,1,1,-1,1,-1,1,1,1,-1,1,1,-1,1,1,1,-1,1,-1,-1,1,1,1,-1,1,-1,-1,-1,1,1,-1,1,-1,-1,1,-1,1,-1,1,1,-1,-1,1,1,1,-1,1,-1,-1,1,1,-1,1,-1,1,-1,-1,-1,-1,1,1,-1,-1,1,1,-1,1,1,-1,-1,1,1,1,1,1,-1,1,1,1,-1,1,-1,-1,-1,-1,1,1,-1,1,-1,-1,1,1,1,-1,-1,-1,-1,-1,-1,1,-1,-1,-1,1,-1,1,1,-1,1,-1,1,1,-1,1,-1,1,-1,-1,1,-1,1,-1,1,1,-1,1,-1,-1,1,1,-1,-1,1,-1,1,1,1,-1,-1,1,-1,-1,1,1,-1,1,1,-1,1,1,-1,-1,1,1,-1,1,-1,-1,-1,1,-1,-1,1,-1,-1,-1,1,-1,-1,1,1,-1,-1,1,-1,-1,1,1,-1,-1,1,-1,-1,1,1,-1,-1,1,1,-1,1,1,-1,-1,1,1,-1,-1,1,1,-1,1,-1,-1,-1,1,-1,1,-1,1,-1,-1,1,-1,1,-1,1,-1,-1,1,-1,-1,1,1,1,-1,1,-1,1,-1,1,1,1,1,-1,-1,1,-1,-1,-1,1,1,-1,1,-1,1,-1,1,-1,1,1,-1,1,1,1,-1,-1,1,-1,1,-1,1,1,-1,1,-1,-1,1,1,-1,-1,1,-1,-1,-1,1,-1,-1,1,-1,1,1,1,1,-1,1,-1,-1,1,1,-1,-1,1,-1,-1,-1,1,1,-1,-1,1,1,-1,-1,-1,-1,1,1,1,1,1,1,-1,-1,1,1,-1,1,-1,-1,1,1,1,1,-1,-1,-1,1,-1,1,1,1,-1,-1,-1,1,1,1,-1,-1,-1,1,1,1,1,1,-1,-1,-1,1,1,1,-1,-1,-1,-1,1,1,1,1,-1,-1,1,1,1,1,1,-1,-1,-1,1,1,1,1,-1,-1,-1,1,1,-1,1,-1,-1,-1,1,1,1,1,-1,-1,1,1,1,1,1,-1,1,1,-1,1,1,-1,-1,-1,1,1,1,-1,1,-1,1,1,1,1,1,1,-1,-1,1,-1,1,-1,1,-1,-1,1,-1,1,-1,-1,-1,-1,1,-1,1,1,-1,-1,-1,1,1,1,-1,1,-1,-1,1,-1,1,-1,-1,-1,-1,1,1,-1,-1,-1,-1,-1,1,-1,1,-1,-1,-1,-1,-1,-1,-1,1,-1,-1,-1,1,-1,-1,1,-1,-1,-1,-1,-1,-1,1,-1,-1,-1,-1,-1,1,-1,-1,-1,1,-1,-1,1,-1,1,-1,-1,-1,-1,-1,-1,-1,1,-1,-1,-1,1,1,-1,-1,-1,-1,1,-1,-1,-1,-1,1,-1,-1,1,-1,1,-1,-1,-1,-1,1,-1,1,1,-1,1,-1,-1,1,1,-1,-1,-1,-1,-1,-1,1,1,-1,-1,1,-1,1,1,-1,-1,-1,1,-1,1,1,-1,-1,1,-1,-1,1,1,1,-1,1,-1,1,1,1,-1,-1,1,-1,-1,1,-1,1,-1,1,-1,-1,1,1,-1,1,1,-1,-1,1,1,-1,1,1,-1,-1,1,1,-1,1,1,-1,-1,1,1,1,1,1,1,-1,-1,1,1,-1,1,-1,-1,1,-1,1,1,1,1,-1,-1,1,-1,1,1,1,-1,1,1,1,1,-1,1,-1,1,1,1,1,1,1,1,-1,1,1,1,1,-1,1,-1,1,1,1,1,1,-1,1,1,1,1,-1,1,1,-1,1,1,-1,1,1,-1,-1,1,1,1,1,-1,1,-1,1,1,1,-1,-1,1,-1,1,1,1,-1,1,-1,-1,1,1,1,-1,-1,1,-1,-1,1,1,1,-1,1,-1,-1,1,1,1,-1,1,-1,-1,1,1,-1,-1,-1,1,-1,-1,1,-1,1,1,-1,-1,1,-1,-1,1,1,1,-1,1,1,-1,1,1,-1,1,1,-1,-1,-1,-1,1,-1,-1,-1,-1,-1,1,-1,1,1,-1,1,1,-1,1,-1,1,1,-1,1,-1,1,1,1,1,-1,1,-1,1,-1,1,1,-1,1,-1,1,-1,1,1,-1,1,-1,1,-1,1,-1,-1,1,-1,1,1,1,-1,-1,-1,-1,1,-1,-1,1,-1,1,-1,1,-1,-2672.0,1,2000,445,1000,False
556,1,1,-1,-1,1,1,-1,-1,1,1,1,-1,1,1,1,1,-1,1,-1,-1,1,-1,1,1,1,-1,-1,-1,1,1,1,1,-1,-1,-1,-1,1,-1,1,1,-1,-1,-1,1,1,1,1,-1,1,1,1,1,-1,1,-1,-1,1,-1,1,1,1,-1,-1,-1,1,1,1,1,-1,-1,-1,1,1,1,1,-1,-1,-1,1,1,1,-1,-1,-1,1,1,1,1,-1,-1,-1,1,1,1,1,-1,-1,1,1,-1,1,1,-1,-1,1,1,1,1,1,-1,-1,1,1,1,1,1,-1,-1,1,1,1,1,1,1,-1,-1,1,1,-1,1,1,-1,1,1,1,1,1,1,-1,1,1,1,1,1,1,-1,1,1,1,1,1,1,-1,-1,-1,1,1,1,1,-1,1,1,1,1,-1,1,-1,1,1,1,1,1,-1,-1,1,1,1,1,1,-1,1,-1,-1,1,-1,1,-1,1,1,1,1,1,1,1,1,1,-1,1,-1,1,-1,1,1,-1,1,-1,1,1,-1,1,-1,1,-1,1,-1,1,1,-1,1,-1,1,1,1,1,-1,-1,1,1,-1,-1,1,-1,1,-1,-1,1,-1,1,-1,1,-1,1,-1,-1,1,-1,-1,-1,1,1,-1,1,-1,1,1,1,-1,1,1,-1,1,-1,1,-1,1,-1,1,-1,1,1,-1,1,-1,-1,-1,1,1,-1,1,-1,-1,-1,1,1,-1,-1,1,1,-1,-1,1,1,-1,1,1,-1,1,1,1,1,-1,1,-1,1,1,-1,1,-1,1,1,-1,1,1,1,1,1,-1,-1,1,-1,-1,-1,1,1,-1,1,1,1,-1,1,-1,-1,1,1,1,1,1,-1,1,1,1,-1,-1,1,-1,1,1,1,-1,1,1,-1,-1,1,1,1,-1,1,-1,1,1,1,-1,1,1,-1,1,1,1,-1,1,-1,-1,1,1,1,-1,1,-1,-1,-1,1,1,-1,1,-1,-1,1,-1,1,-1,1,1,-1,-1,1,1,1,1,1,-1,-1,1,1,-1,1,-1,1,-1,-1,-1,-1,1,1,-1,-1,1,1,-1,1,1,-1,-1,1,1,1,1,1,-1,1,1,1,-1,1,-1,-1,-1,-1,1,1,1,1,-1,-1,1,1,1,1,-1,-1,-1,-1,-1,1,-1,-1,-1,1,-1,1,1,1,1,-1,1,1,-1,1,-1,1,-1,-1,1,-1,1,1,1,1,-1,1,-1,-1,1,1,-1,-1,1,-1,1,1,1,-1,-1,1,-1,-1,1,1,-1,1,1,-1,1,1,-1,-1,1,1,-1,1,-1,-1,-1,1,-1,-1,1,-1,-1,1,1,-1,-1,1,-1,-1,-1,1,-1,-1,1,1,-1,-1,1,-1,-1,1,-1,-1,-1,1,1,-1,1,1,-1,-1,1,1,-1,-1,-1,1,-1,1,-1,-1,1,-1,-1,1,1,1,-1,-1,1,-1,1,-1,1,1,-1,1,-1,-1,1,1,1,-1,1,-1,1,-1,-1,1,1,-1,-1,-1,1,-1,-1,-1,1,1,-1,1,-1,1,-1,1,-1,1,1,-1,1,1,1,-1,1,1,-1,1,-1,1,1,-1,1,-1,-1,1,1,-1,-1,1,-1,-1,-1,1,-1,-1,1,-1,1,1,1,1,-1,1,-1,-1,1,1,-1,-1,1,-1,-1,-1,1,1,-1,-1,1,1,-1,-1,-1,-1,-1,1,1,1,1,1,-1,1,1,1,-1,1,-1,-1,1,1,1,1,-1,-1,-1,1,-1,1,1,1,-1,-1,-1,1,1,1,-1,-1,-1,-1,1,1,1,1,-1,-1,-1,1,1,1,-1,-1,-1,-1,1,1,1,1,-1,-1,1,1,1,1,1,-1,-1,-1,1,1,1,1,-1,-1,-1,1,1,-1,1,-1,-1,-1,1,1,1,1,-1,-1,1,1,1,1,1,-1,1,1,-1,1,1,-1,-1,-1,1,1,1,-1,1,-1,1,1,1,1,1,1,-1,-1,1,-1,1,-1,1,-1,-1,1,-1,1,1,-1,-1,-1,1,-1,1,1,-1,1,-1,1,1,1,-1,1,1,-1,1,-1,1,-1,-1,-1,-1,1,1,-1,-1,-1,-1,-1,1,-1,1,-1,-1,-1,-1,-1,-1,-1,1,-1,-1,-1,1,-1,-1,1,-1,-1,-1,-1,-1,1,1,-1,-1,-1,-1,-1,1,-1,-1,-1,1,-1,-1,1,-1,1,-1,-1,-1,-1,-1,-1,-1,1,-1,-1,-1,1,1,1,-1,-1,1,-1,-1,-1,-1,-1,1,-1,-1,1,1,1,-1,-1,-1,-1,1,-1,1,1,-1,1,-1,-1,1,1,-1,-1,-1,-1,-1,-1,1,1,-1,-1,1,-1,1,1,-1,-1,-1,1,-1,1,1,-1,-1,1,-1,-1,1,1,1,-1,1,-1,1,1,1,-1,-1,1,-1,-1,1,1,1,-1,1,-1,-1,1,1,-1,1,1,-1,-1,1,1,1,1,1,-1,-1,1,1,-1,1,1,-1,-1,1,1,1,1,-1,1,-1,-1,1,1,-1,1,-1,-1,1,-1,1,1,1,1,-1,-1,1,-1,1,1,1,-1,1,1,1,1,-1,1,-1,1,1,1,1,1,1,1,-1,1,1,1,1,-1,1,-1,1,1,1,1,1,-1,1,1,1,1,-1,1,1,-1,1,1,-1,1,1,-1,-1,1,1,1,1,-1,1,-1,1,1,1,-1,-1,1,-1,1,1,1,-1,1,-1,-1,-1,1,1,-1,-1,1,-1,-1,1,1,-1,-1,1,-1,-1,1,1,1,-1,1,-1,-1,1,1,-1,-1,-1,1,-1,1,1,-1,1,1,-1,1,1,-1,-1,1,-1,-1,-1,1,1,-1,1,1,-1,1,1,-1,-1,-1,-1,1,-1,-1,-1,-1,1,-1,-1,1,1,-1,1,1,-1,1,1,1,1,-1,1,-1,1,1,1,-1,-1,1,-1,-1,1,1,-1,-1,1,-1,1,1,1,1,-1,1,-1,1,1,-1,-1,-1,1,-1,-1,1,1,-1,-1,-1,1,-1,1,-1,1,-1,1,-1,-1,1,-2672.0,1,2000,445,0,False
557,-1,-1,1,1,1,1,-1,1,-1,-1,-1,1,-1,1,-1,-1,1,-1,1,1,-1,-1,-1,-1,-1,1,-1,-1,-1,-1,-1,-1,1,1,-1,-1,1,-1,-1,-1,1,-1,-1,-1,-1,-1,-1,-1,1,1,-1,-1,1,-1,1,-1,-1,1,-1,-1,-1,1,1,1,-1,-1,-1,-1,-1,-1,-1,1,-1,-1,-1,-1,-1,-1,1,-1,-1,1,1,-1,1,-1,-1,1,-1,1,-1,-1,1,-1,-1,-1,-1,1,1,1,-1,1,-1,-1,1,1,1,-1,-1,-1,-1,1,1,1,-1,1,-1,-1,1,1,1,-1,-1,-1,-1,1,1,1,-1,1,-1,-1,1,1,1,-1,-1,-1,-1,-1,1,1,-1,1,1,-1,1,1,1,1,1,-1,-1,-1,-1,1,1,1,-1,-1,1,1,1,1,-1,1,-1,1,-1,1,1,1,-1,-1,1,1,1,-1,1,-1,1,-1,-1,1,1,1,-1,1,1,1,1,-1,1,-1,1,1,-1,1,-1,1,-1,1,1,-1,1,-1,1,-1,-1,1,-1,1,-1,1,-1,1,1,-1,1,-1,1,-1,-1,1,-1,-1,1,1,-1,-1,1,-1,1,1,-1,1,-1,1,-1,1,-1,1,-1,1,1,-1,-1,1,1,-1,-1,1,-1,1,1,1,-1,1,1,-1,1,-1,1,-1,1,-1,1,-1,1,1,-1,1,-1,-1,-1,1,1,-1,1,-1,-1,-1,-1,1,1,-1,1,1,-1,-1,1,-1,-1,1,1,-1,1,1,1,-1,-1,1,-1,1,1,-1,1,-1,1,1,-1,1,-1,-1,-1,1,-1,-1,1,-1,1,-1,1,1,-1,1,1,1,-1,1,-1,-1,1,1,-1,-1,1,-1,-1,1,-1,1,-1,1,-1,-1,1,1,-1,1,1,-1,1,-1,1,-1,1,1,-1,1,1,1,1,1,1,-1,1,1,1,1,1,-1,-1,1,1,1,1,1,-1,-1,1,-1,1,1,1,-1,-1,1,-1,1,-1,1,1,-1,1,-1,1,1,1,1,-1,-1,1,1,1,-1,-1,-1,1,1,-1,-1,1,1,-1,1,-1,1,-1,1,-1,1,1,-1,1,1,1,-1,1,1,-1,1,-1,1,-1,-1,1,-1,1,1,1,1,-1,1,1,-1,1,1,-1,-1,1,-1,-1,1,-1,1,-1,-1,1,-1,1,1,-1,-1,1,1,-1,1,-1,1,-1,-1,1,-1,1,-1,-1,-1,-1,1,-1,-1,1,1,-1,-1,1,-1,1,1,-1,1,-1,1,-1,1,-1,1,-1,-1,-1,-1,1,-1,-1,-1,-1,1,-1,1,-1,1,-1,-1,-1,1,1,-1,1,-1,-1,-1,-1,1,-1,-1,-1,-1,-1,1,-1,1,1,-1,-1,-1,-1,1,-1,-1,1,-1,-1,-1,1,-1,1,-1,-1,-1,-1,-1,-1,1,-1,1,-1,-1,1,-1,1,1,1,-1,-1,-1,1,1,-1,1,-1,-1,-1,1,1,1,-1,1,1,-1,1,1,1,1,1,1,1,-1,-1,-1,1,-1,1,1,-1,1,-1,1,-1,1,-1,-1,-1,1,1,-1,1,1,-1,1,-1,1,-1,1,1,-1,1,-1,1,-1,-1,-1,-1,1,-1,1,-1,-1,-1,-1,1,-1,1,-1,1,1,1,-1,-1,1,-1,1,1,-1,1,-1,1,-1,-1,1,-1,1,-1,-1,1,1,1,1,1,-1,1,1,1,1,-1,1,-1,-1,1,1,1,-1,-1,-1,1,1,1,1,-1,-1,-1,1,-1,1,-1,1,1,-1,-1,1,1,1,-1,-1,-1,1,1,1,1,1,1,-1,-1,1,1,1,1,-1,-1,-1,1,-1,1,-1,1,-1,-1,1,1,1,1,1,-1,-1,1,-1,1,1,1,-1,-1,1,1,-1,1,1,-1,-1,1,1,1,1,1,-1,1,-1,1,-1,1,1,1,1,-1,1,1,1,1,-1,1,1,-1,1,1,1,1,1,1,-1,1,-1,1,-1,1,-1,-1,1,-1,1,1,-1,1,-1,1,1,1,1,-1,1,-1,1,1,1,1,1,1,-1,1,-1,1,1,-1,-1,-1,1,1,1,1,1,1,-1,1,1,1,1,1,-1,1,-1,1,1,1,-1,-1,-1,-1,1,1,-1,1,-1,1,-1,1,1,1,-1,-1,-1,-1,1,1,-1,-1,-1,-1,1,-1,1,-1,-1,-1,1,-1,1,1,-1,-1,-1,1,-1,1,1,-1,-1,-1,1,1,1,1,-1,1,-1,1,-1,1,1,1,-1,-1,1,1,1,1,1,-1,-1,1,-1,1,1,-1,1,-1,-1,1,1,1,1,-1,-1,-1,-1,1,-1,1,-1,1,-1,1,1,1,1,1,-1,-1,1,1,1,1,-1,1,-1,1,1,-1,1,-1,-1,1,1,1,1,-1,1,-1,-1,1,1,1,1,1,-1,-1,1,1,1,-1,1,1,-1,1,1,1,1,1,1,-1,1,1,1,1,1,1,-1,1,1,-1,1,1,-1,-1,1,1,-1,1,1,1,-1,1,-1,-1,1,1,1,-1,-1,1,-1,1,1,1,-1,1,1,-1,1,1,1,-1,1,1,-1,1,1,1,-1,-1,-1,1,1,1,-1,1,-1,1,1,1,1,-1,1,-1,1,1,1,-1,-1,1,-1,1,1,-1,1,-1,-1,-1,1,-1,1,-1,1,-1,-1,1,-1,1,-1,-1,-1,-1,1,-1,1,-1,1,-1,-1,-1,1,1,-1,1,-1,-1,-1,-1,1,-1,1,-1,-1,1,-1,1,1,1,1,-1,-1,1,1,-1,-1,1,1,1,1,1,-1,1,-1,-1,1,1,-1,-1,1,-1,-1,-1,-1,1,-1,1,-1,1,1,1,-1,-1,-1,-1,-1,-1,-1,-1,-1,1,-1,1,1,1,-1,1,1,-1,1,1,1,1,-1,1,-1,1,1,1,1,-1,1,-1,1,1,1,1,-1,1,-1,1,1,1,1,-1,1,-1,1,1,1,-1,-1,1,-1,-1,1,1,-1,-1,-1,1,-1,1,-1,1,-1,1,-1,-1,1,-2672.0,1,2000,445,1500,True
558,1,1,-1,-1,1,1,-1,-1,1,1,1,-1,1,1,1,1,-1,1,-1,-1,1,-1,1,1,1,-1,1,-1,1,1,1,1,1,-1,-1,-1,1,-1,1,1,-1,-1,-1,1,1,1,1,-1,1,1,1,1,-1,1,-1,-1,1,-1,1,1,1,-1,-1,-1,1,1,1,1,-1,-1,-1,1,1,1,1,-1,-1,-1,1,1,1,-1,-1,-1,1,1,1,1,-1,-1,-1,1,1,1,1,-1,-1,1,1,-1,1,1,-1,-1,1,1,1,1,1,-1,-1,1,1,-1,1,1,-1,-1,1,1,1,1,1,1,-1,-1,1,1,-1,1,1,-1,1,1,1,1,1,1,-1,-1,1,1,1,1,1,-1,1,1,1,1,1,1,-1,-1,-1,1,1,1,1,-1,1,1,1,1,-1,1,-1,1,-1,1,1,1,-1,-1,1,1,1,1,1,-1,1,-1,-1,1,-1,1,-1,1,1,1,1,1,1,1,1,1,-1,1,-1,1,-1,1,1,-1,1,-1,1,1,-1,1,-1,1,-1,1,-1,1,1,-1,1,-1,1,1,1,1,-1,-1,1,1,-1,-1,1,-1,1,-1,-1,1,-1,1,-1,1,-1,1,-1,-1,1,-1,-1,-1,1,1,-1,1,-1,1,1,1,-1,1,1,-1,1,-1,1,-1,1,-1,1,-1,1,1,-1,1,-1,-1,-1,1,1,-1,1,-1,-1,-1,1,1,-1,-1,1,1,-1,-1,1,1,-1,1,1,-1,1,1,1,1,-1,1,-1,1,1,-1,1,-1,1,1,1,1,1,1,1,1,-1,-1,1,-1,-1,-1,1,1,-1,1,1,1,-1,1,1,1,1,1,1,1,1,-1,1,1,1,-1,1,1,-1,1,1,1,-1,1,1,-1,-1,1,1,1,-1,1,-1,1,1,1,-1,1,1,-1,1,1,1,-1,1,1,-1,1,1,1,-1,1,1,-1,-1,1,1,-1,1,1,-1,1,-1,1,-1,1,1,1,-1,1,1,1,-1,1,1,-1,1,1,-1,1,1,1,-1,-1,-1,-1,1,1,1,-1,1,1,-1,1,1,-1,-1,1,1,1,1,1,-1,1,1,1,-1,1,1,1,1,-1,1,1,-1,-1,1,-1,1,-1,1,-1,1,1,-1,-1,-1,1,-1,-1,1,1,-1,1,1,-1,1,1,1,1,-1,1,-1,-1,1,-1,1,-1,1,-1,1,1,1,1,-1,-1,1,-1,1,1,1,-1,1,1,1,-1,1,1,-1,1,-1,-1,1,1,1,-1,1,-1,1,1,1,1,-1,1,-1,1,1,1,-1,1,1,-1,1,1,1,-1,-1,1,-1,1,1,1,-1,1,-1,1,-1,1,1,-1,-1,1,-1,1,1,1,1,-1,1,-1,-1,1,1,1,-1,1,-1,-1,1,1,-1,-1,1,-1,-1,1,-1,1,-1,-1,1,-1,1,-1,1,-1,-1,1,-1,-1,1,1,1,-1,1,-1,1,-1,1,-1,1,-1,-1,-1,1,-1,-1,1,1,1,-1,1,-1,1,1,1,-1,1,1,-1,1,-1,1,-1,-1,1,-1,-1,1,1,1,-1,1,-1,-1,1,1,-1,-1,1,-1,-1,1,1,-1,-1,1,-1,-1,-1,1,1,-1,1,-1,-1,-1,1,-1,-1,1,-1,1,-1,1,1,-1,-1,1,-1,-1,-1,-1,-1,1,1,1,-1,-1,1,-1,-1,1,-1,-1,1,-1,-1,1,1,-1,-1,1,1,-1,1,1,-1,1,-1,1,-1,-1,1,1,-1,-1,-1,-1,-1,1,-1,-1,1,-1,-1,-1,1,1,-1,-1,-1,-1,-1,1,-1,-1,-1,-1,-1,1,1,1,-1,-1,-1,-1,-1,1,1,-1,-1,-1,-1,-1,1,1,1,-1,-1,-1,-1,1,1,-1,-1,-1,-1,1,1,1,1,-1,-1,1,1,1,1,1,-1,-1,-1,1,1,1,-1,1,-1,1,1,1,1,-1,1,-1,-1,1,-1,1,-1,1,-1,-1,1,-1,1,-1,-1,-1,-1,1,-1,1,-1,1,1,-1,1,-1,1,-1,1,1,-1,1,-1,1,-1,-1,-1,-1,1,1,-1,-1,-1,-1,-1,1,-1,1,-1,-1,-1,-1,-1,-1,-1,1,-1,-1,-1,1,-1,-1,1,-1,-1,-1,-1,-1,1,1,-1,-1,-1,-1,-1,1,-1,-1,-1,1,-1,-1,1,-1,1,-1,-1,-1,-1,-1,-1,-1,1,-1,-1,-1,1,1,-1,-1,-1,1,1,-1,-1,-1,-1,1,-1,-1,1,-1,1,-1,-1,-1,-1,1,-1,1,1,-1,1,-1,-1,1,1,-1,-1,-1,-1,-1,-1,1,1,-1,-1,1,-1,1,1,-1,-1,-1,1,-1,1,1,-1,-1,1,-1,-1,1,1,1,-1,1,-1,1,1,1,-1,-1,1,-1,-1,1,1,1,-1,1,-1,-1,1,1,-1,1,1,-1,-1,1,1,-1,1,1,-1,-1,1,1,1,1,1,-1,-1,1,1,1,1,-1,1,-1,1,1,1,1,1,-1,-1,1,-1,1,1,1,1,-1,-1,1,-1,1,1,1,-1,1,1,1,1,-1,1,-1,1,1,1,1,1,1,1,-1,-1,1,1,1,-1,1,-1,1,1,1,1,1,-1,1,1,1,1,-1,1,1,-1,1,1,-1,1,1,-1,-1,-1,1,1,1,-1,1,-1,1,1,1,-1,-1,1,-1,1,1,1,-1,1,-1,-1,-1,1,1,-1,-1,1,-1,-1,1,1,-1,-1,1,-1,1,-1,1,1,-1,1,-1,-1,1,1,-1,-1,-1,1,1,-1,1,-1,1,1,-1,1,1,-1,-1,1,1,-1,-1,1,1,-1,1,1,1,1,1,-1,-1,-1,-1,1,-1,-1,-1,-1,-1,1,1,1,1,-1,1,1,-1,1,1,1,1,-1,1,-1,1,1,1,1,-1,1,-1,1,1,1,1,-1,1,-1,1,1,1,1,-1,1,-1,1,1,-1,-1,-1,1,-1,1,1,1,-1,-1,-1,1,-1,1,-1,1,-1,1,-1,1,1,-2672.0,1,2000,445,1500,False
559,1,1,-1,-1,1,1,-1,-1,1,1,1,-1,1,1,1,1,-1,1,-1,-1,1,-1,1,1,1,-1,1,-1,1,1,1,1,1,-1,-1,-1,1,-1,1,-1,-1,-1,-1,1,1,1,1,-1,1,1,1,1,-1,1,-1,-1,1,-1,1,1,1,-1,-1,-1,1,1,1,1,-1,-1,-1,1,1,1,1,-1,-1,-1,1,1,1,-1,-1,-1,1,1,1,1,-1,-1,-1,1,1,1,1,-1,-1,1,1,-1,1,1,-1,-1,1,1,1,1,1,-1,-1,1,1,1,1,1,-1,-1,1,1,1,1,1,1,-1,1,1,1,-1,1,1,-1,1,1,1,1,1,1,-1,-1,1,1,1,1,1,-1,1,1,1,1,1,1,-1,-1,-1,1,1,1,1,-1,1,1,1,1,-1,1,-1,1,-1,1,1,1,-1,-1,1,1,1,1,1,-1,1,-1,-1,1,1,1,-1,1,1,1,1,-1,1,1,1,1,-1,1,-1,1,-1,1,1,-1,1,-1,1,1,-1,1,-1,1,-1,1,-1,1,1,-1,1,-1,1,1,1,1,-1,-1,1,1,-1,-1,1,-1,1,1,-1,1,-1,1,-1,1,-1,1,-1,1,1,-1,1,1,1,1,-1,1,-1,1,1,1,-1,1,1,-1,1,-1,1,-1,1,-1,1,-1,1,1,-1,1,-1,-1,1,1,1,-1,1,-1,-1,-1,-1,1,-1,-1,1,1,-1,-1,1,1,-1,1,1,-1,1,1,1,-1,-1,1,-1,1,1,-1,1,-1,1,1,-1,1,1,-1,-1,1,-1,-1,1,-1,1,-1,1,1,-1,1,1,1,-1,1,-1,-1,1,1,-1,-1,1,-1,-1,1,1,1,-1,1,-1,-1,1,1,-1,1,1,-1,1,-1,1,-1,-1,1,-1,1,1,1,1,1,1,-1,1,1,1,1,1,-1,-1,1,1,1,1,1,-1,-1,1,-1,1,1,1,-1,-1,1,-1,1,-1,1,1,-1,1,-1,1,1,1,1,-1,-1,1,1,1,-1,-1,-1,1,1,-1,-1,1,-1,-1,1,-1,1,-1,1,-1,1,1,-1,1,1,1,-1,-1,1,-1,1,-1,1,-1,-1,1,-1,1,1,1,1,-1,1,1,-1,1,1,-1,-1,1,-1,-1,1,-1,1,-1,-1,1,-1,-1,1,-1,-1,1,1,-1,1,-1,1,-1,-1,1,-1,1,-1,-1,-1,-1,1,-1,-1,1,1,-1,-1,1,-1,1,1,-1,1,-1,1,-1,1,-1,1,-1,-1,-1,-1,1,-1,-1,1,-1,1,-1,1,-1,1,-1,-1,-1,1,1,-1,1,-1,-1,-1,1,1,-1,-1,-1,-1,-1,1,-1,1,1,-1,1,-1,-1,1,-1,-1,1,-1,-1,-1,1,-1,1,-1,1,-1,-1,1,-1,1,-1,1,-1,-1,1,-1,1,1,1,-1,-1,-1,1,1,-1,1,-1,1,-1,1,1,1,-1,1,1,-1,1,1,1,1,1,-1,1,-1,-1,-1,1,-1,1,1,-1,1,-1,1,-1,1,-1,-1,-1,1,1,-1,1,1,-1,-1,-1,1,-1,1,1,-1,1,-1,1,-1,-1,-1,-1,-1,-1,1,-1,-1,-1,-1,-1,-1,1,-1,1,1,1,1,-1,1,-1,1,1,-1,-1,-1,1,-1,-1,1,-1,1,-1,-1,1,1,1,1,-1,-1,1,1,1,1,-1,1,-1,-1,1,1,1,-1,-1,-1,-1,1,1,1,-1,-1,-1,1,-1,1,-1,1,-1,-1,-1,1,1,1,-1,-1,-1,-1,1,1,1,1,-1,-1,-1,1,1,1,1,-1,-1,-1,1,-1,1,-1,-1,-1,-1,1,1,1,1,-1,-1,-1,1,1,1,1,-1,-1,-1,1,1,-1,1,-1,-1,-1,1,1,1,1,-1,-1,1,-1,1,1,-1,-1,1,1,-1,1,1,-1,-1,-1,1,1,-1,1,1,-1,1,-1,1,-1,1,-1,-1,-1,1,-1,-1,1,-1,-1,-1,-1,1,-1,1,-1,-1,-1,-1,1,-1,1,-1,1,-1,1,1,-1,1,-1,1,1,-1,-1,-1,1,1,-1,-1,1,1,-1,1,1,-1,-1,1,-1,1,-1,-1,-1,-1,-1,-1,-1,-1,1,-1,-1,1,-1,1,-1,1,-1,-1,-1,-1,-1,-1,1,-1,-1,-1,-1,-1,1,-1,-1,1,-1,-1,1,-1,1,-1,-1,-1,-1,1,-1,1,1,-1,-1,-1,1,1,1,-1,-1,1,-1,1,-1,1,-1,1,-1,-1,1,1,1,-1,-1,-1,-1,1,-1,1,1,-1,1,-1,-1,1,1,-1,-1,-1,-1,-1,-1,1,1,-1,-1,1,-1,1,1,-1,-1,-1,1,-1,1,1,-1,-1,1,-1,-1,1,1,1,-1,1,-1,1,1,1,-1,-1,1,-1,-1,1,1,1,-1,1,-1,-1,1,1,-1,1,1,-1,-1,1,1,1,1,1,-1,-1,1,-1,-1,1,1,-1,-1,1,1,1,1,1,1,-1,1,1,1,-1,1,-1,-1,1,-1,1,1,1,1,-1,-1,1,-1,1,1,1,-1,1,1,1,1,-1,1,-1,1,1,1,1,1,1,-1,-1,-1,1,1,1,-1,1,-1,1,1,1,1,-1,1,-1,1,1,1,-1,-1,1,-1,1,1,-1,1,-1,-1,-1,1,1,1,-1,1,-1,-1,1,1,1,-1,-1,-1,-1,1,1,1,-1,1,-1,-1,-1,1,1,-1,1,-1,-1,-1,1,1,-1,-1,1,-1,1,-1,1,1,1,1,-1,-1,1,1,-1,-1,1,1,1,-1,1,-1,1,-1,-1,1,1,-1,-1,1,-1,-1,-1,1,1,-1,1,-1,1,1,1,-1,-1,-1,-1,-1,-1,-1,-1,-1,1,-1,1,1,1,-1,1,1,-1,1,1,1,1,-1,1,-1,1,1,1,1,-1,1,-1,1,1,1,1,-1,1,-1,1,1,1,1,-1,1,-1,1,1,-1,-1,-1,1,-1,-1,1,1,-1,-1,-1,1,-1,1,-1,1,-1,1,-1,-1,1,-2672.0,1,2000,445,1500,True
560,1,1,-1,-1,1,-1,-1,-1,1,1,1,-1,1,1,1,1,-1,1,-1,-1,1,-1,1,1,1,-1,-1,-1,1,1,1,1,-1,-1,-1,-1,1,-1,1,1,-1,-1,-1,1,1,1,1,-1,1,1,1,1,-1,1,-1,-1,1,-1,1,1,1,-1,-1,-1,1,1,1,1,-1,-1,-1,1,1,1,1,-1,-1,-1,1,1,1,-1,-1,-1,1,1,1,1,-1,-1,-1,1,1,1,1,-1,-1,1,1,-1,1,1,-1,-1,1,1,1,1,1,-1,-1,1,1,1,1,1,-1,-1,1,1,1,1,1,1,-1,1,1,1,-1,1,1,-1,1,1,1,1,1,1,-1,-1,1,1,1,1,1,-1,1,1,1,1,1,1,-1,-1,-1,1,1,1,1,-1,1,1,1,1,-1,1,-1,1,-1,1,1,1,-1,-1,1,1,1,1,1,-1,1,-1,-1,1,1,1,-1,1,1,1,1,-1,1,1,1,1,-1,1,-1,1,-1,1,1,-1,1,-1,1,1,-1,1,-1,1,-1,1,-1,1,1,-1,-1,-1,1,1,1,1,-1,-1,1,1,-1,-1,1,-1,1,-1,-1,1,-1,1,-1,1,-1,1,-1,-1,1,-1,-1,-1,1,1,-1,1,-1,1,1,1,-1,1,1,-1,1,-1,1,-1,1,-1,1,-1,1,1,-1,1,-1,-1,-1,1,1,-1,1,-1,-1,-1,1,1,-1,-1,1,1,-1,-1,1,1,-1,1,1,-1,1,1,1,1,-1,1,-1,1,1,-1,1,-1,1,1,-1,1,1,1,1,1,-1,-1,1,-1,-1,1,1,1,-1,1,1,1,-1,1,-1,-1,1,1,1,-1,1,-1,1,1,1,-1,-1,1,-1,1,1,1,-1,1,1,-1,-1,1,1,1,-1,1,-1,1,1,1,-1,1,1,-1,1,1,1,-1,1,-1,-1,1,1,1,-1,1,-1,-1,-1,1,1,-1,1,-1,-1,1,-1,1,-1,1,1,-1,-1,1,1,1,1,1,-1,-1,1,1,-1,1,-1,1,-1,-1,-1,-1,1,1,-1,-1,1,1,-1,1,1,-1,-1,1,1,1,1,1,-1,1,1,1,-1,1,-1,-1,-1,-1,1,1,1,1,-1,-1,1,1,1,1,-1,-1,1,-1,-1,1,-1,-1,-1,-1,1,-1,1,1,1,1,1,1,-1,1,-1,1,-1,-1,1,-1,1,1,1,1,-1,1,-1,-1,1,1,-1,-1,1,-1,1,1,1,-1,-1,1,-1,-1,1,1,-1,-1,1,-1,1,1,-1,1,1,1,-1,1,-1,-1,-1,1,-1,-1,1,-1,-1,1,1,-1,-1,1,-1,-1,-1,1,-1,-1,1,1,-1,-1,1,-1,-1,1,-1,-1,-1,1,1,-1,1,1,-1,-1,1,1,-1,-1,-1,1,-1,1,-1,-1,1,-1,-1,1,1,1,-1,-1,1,-1,1,1,1,1,-1,1,-1,-1,-1,1,1,-1,1,-1,1,1,-1,-1,1,-1,-1,-1,1,-1,-1,-1,1,1,-1,1,-1,1,-1,1,-1,1,1,-1,1,1,1,-1,-1,1,-1,1,-1,1,1,-1,1,-1,-1,1,1,-1,-1,1,-1,-1,-1,1,-1,-1,1,-1,1,1,1,1,-1,1,-1,-1,1,1,-1,-1,1,-1,-1,-1,1,1,-1,-1,1,1,-1,-1,-1,-1,1,1,1,-1,1,1,-1,-1,1,1,-1,1,-1,-1,1,1,1,1,-1,-1,-1,1,-1,1,1,1,1,-1,-1,1,1,1,-1,-1,-1,-1,1,1,1,1,-1,-1,-1,1,1,1,-1,-1,-1,-1,1,1,1,1,-1,-1,-1,1,1,1,1,-1,-1,1,1,1,1,1,-1,-1,-1,1,1,-1,1,-1,-1,-1,1,1,1,1,-1,-1,1,1,1,1,-1,-1,1,1,-1,1,1,-1,-1,-1,1,1,1,-1,1,-1,1,1,1,1,1,-1,-1,-1,1,-1,1,-1,-1,-1,-1,1,-1,1,1,-1,-1,-1,1,-1,1,1,-1,1,-1,1,1,1,1,-1,1,1,-1,-1,1,1,-1,-1,-1,1,1,-1,-1,-1,-1,-1,1,-1,1,-1,-1,-1,-1,-1,-1,-1,1,-1,-1,-1,1,-1,-1,1,-1,-1,-1,-1,-1,1,1,-1,-1,-1,-1,-1,1,-1,-1,-1,1,-1,-1,1,-1,1,-1,-1,-1,-1,-1,-1,-1,1,-1,-1,-1,1,1,-1,-1,-1,1,-1,-1,-1,-1,-1,1,-1,-1,1,1,1,-1,-1,-1,-1,1,-1,1,1,-1,1,-1,-1,1,1,-1,-1,-1,-1,-1,-1,1,1,-1,-1,1,-1,1,1,-1,-1,-1,1,-1,1,1,-1,-1,1,-1,-1,1,1,1,-1,1,-1,1,1,1,-1,-1,1,-1,-1,1,1,1,-1,1,-1,-1,1,1,-1,1,1,-1,-1,1,1,-1,1,1,-1,-1,1,1,-1,1,1,-1,-1,1,1,1,1,-1,1,-1,-1,1,1,1,1,-1,-1,1,-1,1,1,1,1,-1,-1,1,-1,1,1,1,-1,1,1,1,1,-1,1,-1,1,1,1,1,1,1,1,-1,1,1,1,1,-1,1,-1,1,1,1,1,1,-1,1,1,1,1,-1,1,1,-1,1,1,-1,1,1,-1,-1,1,1,1,1,-1,1,-1,1,1,1,-1,-1,1,-1,1,1,1,-1,1,-1,-1,-1,1,1,-1,-1,1,-1,-1,1,1,1,-1,1,-1,-1,1,1,1,-1,1,-1,-1,1,1,-1,-1,1,1,-1,-1,1,-1,1,1,-1,1,1,-1,-1,1,-1,-1,-1,1,1,-1,1,1,-1,1,1,-1,-1,1,-1,1,-1,-1,-1,-1,1,-1,-1,1,1,-1,1,1,-1,1,1,1,1,-1,1,-1,1,1,1,1,-1,1,-1,-1,1,1,1,-1,1,-1,1,1,1,1,-1,1,-1,1,1,-1,-1,-1,1,-1,-1,1,1,-1,-1,-1,1,-1,1,-1,1,-1,1,-1,-1,1,-2672.0,1,2000,445,1500,False
561,1,1,-1,-1,1,1,-1,-1,1,1,1,-1,-1,1,1,1,-1,1,1,-1,-1,-1,1,1,1,1,-1,-1,1,1,1,1,-1,-1,-1,-1,1,1,1,1,-1,-1,-1,1,1,1,1,-1,1,1,1,1,-1,1,-1,-1,1,-1,1,1,1,-1,-1,-1,1,1,1,1,-1,-1,-1,1,1,1,1,-1,-1,-1,1,1,1,-1,-1,-1,1,1,1,1,-1,1,-1,1,1,1,1,-1,-1,1,1,-1,1,1,-1,-1,1,1,1,1,1,-1,-1,1,1,1,1,1,-1,-1,1,1,1,1,1,1,-1,1,1,1,-1,1,1,-1,1,1,1,1,1,1,-1,-1,1,1,1,1,1,-1,1,1,1,1,1,1,-1,-1,-1,1,1,1,1,-1,1,1,1,1,-1,1,-1,1,-1,1,1,1,-1,-1,1,1,1,1,1,-1,1,-1,-1,1,-1,1,-1,1,1,1,1,1,1,1,1,1,-1,1,-1,1,-1,1,1,-1,1,-1,1,1,-1,1,-1,1,-1,1,-1,1,1,-1,1,-1,1,1,1,1,-1,-1,1,1,-1,-1,1,-1,1,-1,-1,1,-1,1,-1,1,-1,1,-1,1,1,-1,-1,-1,1,1,-1,1,-1,1,1,1,-1,1,1,-1,1,-1,1,-1,1,-1,1,-1,1,1,-1,1,-1,-1,-1,1,1,-1,1,-1,-1,-1,1,1,-1,-1,1,1,-1,-1,1,1,-1,1,1,-1,1,1,1,1,-1,1,-1,1,1,-1,1,-1,1,-1,1,1,1,1,1,1,-1,-1,1,-1,-1,-1,1,1,-1,1,1,1,-1,1,1,1,1,1,1,1,1,-1,1,1,1,-1,1,1,-1,1,1,1,-1,1,1,-1,-1,1,1,1,-1,1,-1,1,1,1,-1,1,1,-1,1,1,1,-1,1,1,-1,1,1,1,-1,1,1,-1,-1,1,1,-1,1,1,-1,1,-1,1,-1,1,1,1,-1,1,1,1,-1,1,1,-1,1,1,-1,1,-1,1,-1,-1,-1,-1,1,1,1,-1,1,1,-1,1,1,-1,-1,1,1,1,1,1,-1,1,1,1,-1,1,1,1,1,-1,1,1,-1,-1,1,-1,1,-1,1,-1,1,1,-1,-1,-1,1,-1,-1,1,-1,1,-1,1,-1,1,1,1,-1,-1,1,-1,-1,1,-1,1,-1,1,-1,-1,1,1,1,-1,-1,1,-1,1,1,-1,-1,1,1,1,-1,1,-1,-1,1,-1,-1,1,1,-1,-1,1,-1,1,1,-1,1,-1,1,-1,1,1,-1,-1,1,1,-1,1,1,-1,-1,-1,1,-1,1,1,1,-1,1,-1,-1,-1,1,-1,-1,-1,1,-1,1,1,1,-1,-1,1,-1,-1,1,-1,-1,-1,-1,-1,-1,1,-1,-1,-1,1,-1,-1,1,-1,-1,-1,-1,1,-1,1,-1,-1,-1,-1,1,-1,-1,1,1,1,-1,1,-1,1,-1,1,1,1,-1,-1,-1,1,-1,-1,1,1,1,-1,1,-1,1,1,1,-1,1,1,-1,1,-1,1,-1,-1,1,-1,-1,1,1,1,-1,1,-1,-1,1,1,-1,-1,1,-1,-1,1,1,-1,-1,1,-1,-1,-1,1,1,-1,1,1,-1,-1,1,-1,-1,1,-1,1,-1,1,1,-1,-1,1,-1,-1,-1,-1,-1,1,1,1,-1,-1,1,-1,-1,1,-1,-1,1,-1,-1,1,1,-1,-1,1,-1,-1,1,1,-1,1,-1,-1,-1,-1,1,1,-1,-1,-1,-1,-1,1,-1,-1,1,-1,-1,-1,1,1,-1,-1,-1,-1,-1,1,-1,-1,-1,-1,-1,1,1,1,-1,-1,-1,-1,-1,1,1,-1,-1,-1,-1,-1,1,1,1,-1,-1,-1,-1,1,1,-1,-1,-1,-1,1,1,1,1,1,-1,1,1,1,1,1,1,-1,-1,1,1,1,-1,1,-1,1,1,1,1,-1,1,-1,-1,1,-1,1,-1,1,-1,-1,1,-1,1,1,1,-1,-1,1,-1,1,-1,1,-1,-1,1,-1,1,1,1,-1,-1,1,-1,1,1,1,-1,-1,1,1,-1,1,1,-1,-1,1,-1,1,-1,1,-1,-1,-1,-1,-1,1,1,-1,-1,1,-1,-1,1,1,-1,-1,-1,-1,1,-1,1,-1,-1,-1,-1,1,1,-1,-1,1,-1,-1,1,-1,1,-1,-1,-1,-1,-1,1,1,1,-1,-1,-1,1,1,1,-1,-1,1,-1,-1,-1,1,-1,1,-1,-1,1,1,1,-1,-1,-1,-1,1,-1,1,1,-1,1,-1,-1,1,1,-1,-1,-1,-1,-1,-1,1,1,-1,-1,1,-1,1,1,-1,-1,-1,1,-1,1,1,-1,-1,1,-1,-1,1,1,1,-1,1,-1,1,1,1,-1,-1,1,-1,-1,1,-1,1,-1,1,-1,-1,1,1,-1,1,1,-1,-1,1,1,-1,1,1,-1,-1,1,1,-1,1,1,-1,-1,1,1,1,1,1,1,-1,1,1,-1,1,1,-1,-1,1,-1,1,1,1,1,-1,-1,1,-1,1,1,1,-1,1,1,1,1,-1,1,-1,1,1,1,1,1,1,1,-1,1,1,1,1,-1,1,-1,1,1,1,1,1,-1,1,1,1,1,-1,1,1,-1,1,1,-1,1,1,-1,-1,1,1,1,1,-1,1,-1,1,1,1,-1,-1,1,-1,1,1,1,-1,1,-1,-1,-1,1,1,-1,-1,1,-1,-1,1,1,-1,-1,1,-1,1,1,1,1,-1,-1,-1,-1,1,1,-1,-1,-1,1,1,1,1,-1,1,1,-1,1,1,-1,-1,1,1,-1,-1,-1,1,-1,1,1,1,1,1,-1,-1,-1,-1,-1,-1,-1,-1,-1,-1,1,1,1,1,-1,1,1,-1,1,1,1,1,-1,1,-1,1,1,1,1,-1,1,-1,1,1,1,1,-1,1,-1,1,1,1,1,-1,1,-1,1,1,1,-1,-1,1,-1,1,1,1,-1,-1,-1,1,-1,1,-1,1,-1,1,-1,1,1,-2672.0,1,2000,445,1500,False
562,1,1,-1,-1,1,-1,-1,-1,1,1,1,-1,1,1,1,1,-1,1,-1,-1,-1,-1,1,1,1,-1,-1,-1,1,1,1,1,1,-1,-1,-1,1,1,1,-1,-1,-1,-1,1,1,1,1,-1,1,1,1,1,-1,1,-1,-1,1,-1,1,1,1,-1,-1,-1,1,1,1,1,-1,-1,-1,1,1,1,1,-1,-1,-1,1,1,1,-1,-1,-1,1,1,1,1,-1,-1,-1,1,1,1,1,-1,-1,1,1,-1,1,1,-1,-1,1,1,1,1,1,-1,-1,-1,1,1,1,1,-1,-1,1,1,1,1,1,1,-1,-1,1,1,-1,1,1,-1,1,1,1,1,1,1,-1,1,1,1,1,1,1,-1,1,1,1,1,1,1,-1,-1,-1,1,1,1,1,-1,1,1,1,1,-1,1,-1,1,-1,1,1,1,-1,-1,1,1,1,1,1,-1,1,-1,-1,1,-1,1,-1,1,1,1,1,1,1,1,1,1,-1,1,-1,1,-1,1,1,-1,1,-1,1,1,-1,1,-1,1,-1,1,-1,1,1,-1,1,-1,1,1,1,1,-1,-1,1,1,-1,-1,1,-1,1,-1,-1,1,-1,1,-1,1,-1,1,-1,-1,1,-1,-1,-1,1,1,-1,1,-1,1,1,1,-1,1,1,-1,-1,-1,1,-1,1,-1,1,-1,1,1,-1,1,-1,-1,-1,1,1,-1,1,-1,-1,-1,1,1,-1,-1,1,1,-1,-1,1,1,-1,1,1,-1,1,1,1,1,-1,1,-1,1,1,-1,1,-1,1,-1,1,1,1,1,1,1,-1,-1,1,-1,-1,1,1,1,-1,1,1,1,-1,1,1,1,1,1,1,1,1,-1,1,1,1,-1,1,1,-1,1,1,1,-1,1,1,-1,-1,1,1,1,-1,1,-1,1,1,1,-1,1,1,-1,1,1,1,-1,1,1,-1,1,1,1,-1,1,1,1,-1,1,1,-1,1,1,-1,1,-1,1,-1,1,1,1,-1,1,1,1,-1,1,1,-1,1,1,-1,1,1,1,-1,-1,-1,-1,1,1,1,-1,1,1,-1,1,1,-1,-1,1,1,1,1,1,-1,1,1,1,-1,1,1,1,-1,-1,1,1,-1,-1,1,-1,1,-1,1,-1,1,1,-1,1,-1,1,-1,-1,1,1,-1,1,1,-1,1,1,1,1,-1,1,-1,-1,1,-1,1,-1,1,-1,-1,1,1,1,-1,-1,1,-1,1,1,1,-1,1,1,1,-1,1,1,-1,1,-1,-1,1,1,1,1,-1,-1,1,1,1,1,-1,1,-1,-1,1,1,-1,1,1,-1,1,1,1,-1,-1,1,-1,1,1,1,-1,1,-1,-1,-1,1,1,-1,-1,1,-1,1,1,1,1,-1,1,-1,-1,1,1,1,-1,-1,-1,-1,1,1,-1,-1,1,-1,-1,1,-1,1,-1,-1,1,-1,1,-1,1,1,-1,1,-1,-1,1,1,1,-1,1,-1,1,-1,1,-1,1,-1,-1,-1,1,-1,-1,1,1,1,-1,1,-1,1,1,1,-1,1,1,-1,1,-1,1,-1,-1,1,-1,-1,1,1,1,-1,1,-1,-1,1,1,-1,-1,1,-1,-1,1,1,-1,-1,1,-1,-1,-1,1,1,-1,1,1,-1,-1,1,-1,-1,1,-1,1,-1,1,1,-1,-1,1,-1,-1,-1,-1,-1,1,1,1,-1,-1,1,-1,-1,1,-1,-1,1,-1,-1,1,1,-1,-1,1,-1,-1,1,1,-1,1,-1,-1,-1,-1,1,1,-1,-1,-1,-1,1,1,-1,-1,1,-1,-1,-1,1,1,-1,-1,-1,-1,-1,1,-1,-1,-1,-1,-1,1,1,1,-1,-1,-1,-1,-1,1,1,-1,-1,-1,-1,-1,1,1,1,-1,-1,-1,-1,1,1,-1,-1,-1,-1,1,1,1,1,-1,-1,1,1,1,1,1,-1,-1,-1,1,1,1,-1,1,-1,1,1,1,1,-1,1,-1,-1,1,-1,1,-1,1,-1,-1,1,-1,1,-1,-1,-1,-1,1,-1,1,-1,1,-1,-1,1,-1,1,-1,1,-1,-1,1,-1,1,-1,-1,-1,-1,1,1,-1,-1,-1,-1,-1,1,-1,1,-1,-1,-1,-1,-1,-1,-1,1,-1,-1,-1,1,-1,-1,1,-1,-1,-1,-1,-1,1,1,-1,-1,-1,-1,-1,1,-1,-1,-1,1,-1,-1,1,-1,1,-1,-1,-1,-1,-1,-1,-1,1,-1,-1,-1,-1,1,-1,-1,-1,1,1,-1,-1,-1,-1,1,-1,-1,1,-1,1,-1,-1,-1,-1,1,1,1,1,-1,1,-1,-1,-1,1,-1,-1,-1,-1,-1,-1,1,1,-1,-1,1,-1,1,1,-1,-1,-1,1,-1,1,1,-1,-1,1,-1,-1,1,1,1,-1,1,-1,1,1,1,-1,-1,1,-1,-1,1,1,1,-1,1,-1,-1,1,1,-1,1,1,-1,-1,1,1,1,1,1,-1,-1,1,1,-1,1,1,-1,-1,1,1,1,1,-1,1,-1,1,1,1,-1,1,-1,-1,1,-1,1,1,1,1,-1,-1,1,-1,1,1,1,-1,1,1,1,1,-1,1,-1,1,1,1,1,1,1,1,-1,1,1,1,1,-1,1,-1,1,1,1,1,1,-1,1,1,1,1,-1,1,1,-1,1,1,-1,1,1,-1,-1,1,1,1,1,-1,1,-1,1,1,1,-1,-1,1,-1,1,1,1,-1,1,-1,-1,-1,1,1,-1,-1,1,-1,-1,1,1,1,-1,1,-1,1,1,1,1,-1,-1,-1,-1,1,1,-1,-1,-1,1,1,-1,1,-1,1,1,-1,1,1,-1,-1,1,1,-1,-1,1,1,-1,1,1,1,1,1,-1,-1,-1,-1,1,-1,-1,-1,-1,-1,1,1,1,1,-1,1,1,-1,1,1,1,1,-1,1,-1,1,1,1,-1,-1,1,-1,1,1,1,-1,-1,1,-1,1,1,1,-1,-1,1,-1,1,1,1,1,-1,1,-1,1,1,1,-1,-1,-1,1,-1,1,1,1,-1,1,-1,1,1,-2672.0,1,2000,445,1500,False
563,1,1,-1,-1,1,1,-1,-1,1,1,1,-1,1,1,1,1,-1,1,-1,-1,-1,-1,1,1,1,-1,1,-1,1,1,1,1,-1,-1,-1,-1,1,1,1,1,-1,-1,-1,1,1,1,1,-1,1,1,1,1,-1,1,-1,-1,1,-1,1,1,1,-1,-1,-1,1,1,1,1,-1,-1,-1,1,1,1,1,-1,-1,-1,1,1,1,-1,-1,-1,1,1,1,1,-1,-1,-1,1,1,1,1,-1,-1,1,1,-1,1,1,-1,-1,1,1,1,1,1,-1,-1,-1,1,-1,1,1,-1,-1,1,1,1,1,1,1,-1,-1,1,1,-1,1,1,-1,1,1,1,1,1,1,-1,1,1,1,1,1,1,-1,1,1,1,1,1,1,-1,-1,-1,1,1,1,1,-1,1,1,1,1,-1,1,-1,1,-1,1,1,1,-1,-1,1,1,1,1,1,-1,1,-1,-1,1,-1,1,-1,1,1,1,1,1,1,1,1,1,1,1,-1,1,-1,1,1,-1,1,-1,1,1,-1,1,-1,1,-1,1,-1,1,1,-1,-1,-1,1,1,1,1,-1,-1,1,1,-1,-1,1,-1,1,-1,1,1,-1,1,-1,1,-1,1,-1,1,1,-1,-1,-1,1,1,-1,1,-1,1,1,1,-1,1,-1,-1,1,-1,1,-1,1,1,1,-1,1,1,-1,1,-1,-1,-1,1,1,-1,1,-1,-1,-1,1,1,-1,-1,1,1,-1,-1,1,1,-1,1,1,-1,1,1,1,-1,-1,1,-1,1,1,-1,1,-1,1,1,-1,1,1,-1,-1,1,-1,-1,1,-1,1,-1,1,1,-1,1,1,1,-1,1,-1,-1,1,1,-1,-1,1,-1,1,1,1,1,-1,1,-1,1,1,1,-1,1,1,-1,-1,1,1,-1,1,1,-1,1,1,1,1,1,1,-1,1,1,1,1,1,-1,-1,1,1,1,1,1,-1,-1,-1,1,1,1,1,-1,-1,1,-1,1,-1,1,1,-1,-1,1,1,1,1,1,-1,-1,1,1,1,-1,-1,1,-1,-1,-1,-1,1,1,-1,-1,1,1,-1,1,1,-1,-1,1,1,1,1,1,-1,1,1,1,-1,1,-1,-1,-1,-1,1,1,1,1,-1,-1,1,-1,1,1,-1,-1,-1,-1,-1,1,-1,-1,-1,1,-1,1,-1,1,1,-1,1,1,-1,1,-1,1,-1,-1,1,-1,1,-1,1,1,-1,1,-1,-1,1,1,-1,-1,1,-1,1,1,1,-1,-1,1,-1,1,-1,1,-1,1,1,-1,-1,-1,-1,-1,1,1,-1,1,-1,-1,-1,1,-1,1,1,1,-1,1,1,-1,-1,1,-1,-1,-1,1,-1,1,-1,1,-1,-1,1,-1,-1,1,-1,-1,-1,1,1,-1,1,-1,-1,-1,1,1,-1,-1,-1,1,-1,1,-1,-1,1,-1,-1,1,-1,1,-1,-1,1,-1,1,-1,1,-1,-1,1,-1,-1,1,1,1,-1,1,-1,1,-1,1,1,1,-1,-1,-1,1,-1,-1,-1,1,1,-1,1,-1,1,-1,1,-1,1,1,-1,1,1,1,-1,-1,1,-1,1,-1,1,1,-1,1,-1,-1,1,1,-1,-1,1,-1,-1,-1,1,-1,-1,1,-1,1,1,1,1,-1,1,-1,-1,1,1,-1,-1,1,-1,-1,-1,1,1,-1,-1,1,1,-1,1,-1,-1,1,1,1,1,1,1,-1,-1,1,1,-1,1,-1,-1,1,1,1,1,-1,1,-1,1,-1,1,1,1,1,-1,-1,1,1,1,-1,-1,-1,-1,1,1,1,1,-1,-1,-1,1,1,1,-1,-1,-1,-1,1,1,1,1,-1,-1,-1,1,1,1,1,-1,-1,1,1,1,1,1,-1,-1,-1,1,1,-1,1,-1,-1,-1,1,1,1,1,-1,-1,1,1,1,1,1,-1,1,1,1,1,1,-1,-1,-1,1,1,1,-1,1,-1,1,1,1,1,1,1,-1,-1,1,-1,1,-1,1,-1,-1,1,-1,1,-1,-1,-1,-1,1,-1,1,1,-1,-1,-1,1,1,1,-1,1,-1,-1,1,-1,1,-1,-1,-1,-1,1,1,-1,-1,-1,-1,-1,1,-1,1,-1,-1,-1,-1,-1,-1,-1,1,-1,-1,-1,1,-1,-1,1,-1,-1,-1,-1,-1,-1,1,-1,-1,-1,-1,-1,1,-1,-1,-1,1,-1,-1,1,-1,1,-1,-1,-1,-1,-1,-1,-1,1,-1,-1,-1,1,1,-1,-1,-1,-1,1,-1,-1,-1,-1,1,-1,-1,1,-1,1,-1,-1,-1,-1,1,-1,1,1,-1,1,-1,-1,1,1,-1,-1,-1,-1,-1,-1,1,1,-1,-1,1,-1,1,1,-1,-1,-1,1,-1,-1,1,-1,-1,1,-1,-1,1,1,1,-1,1,-1,1,1,1,-1,-1,1,-1,-1,1,1,1,-1,1,-1,-1,1,1,-1,1,1,-1,-1,1,1,-1,1,1,-1,-1,1,1,-1,1,1,-1,-1,1,1,1,1,1,1,-1,1,1,1,-1,1,-1,-1,1,-1,1,1,1,1,-1,-1,1,-1,1,1,1,-1,1,1,1,1,-1,1,-1,1,1,1,1,1,1,-1,-1,1,1,1,1,-1,1,-1,1,1,1,1,-1,1,-1,1,1,1,-1,-1,1,-1,1,1,-1,1,-1,-1,-1,1,1,1,-1,1,-1,-1,1,1,1,-1,-1,-1,-1,1,1,1,-1,1,-1,-1,-1,1,1,-1,1,-1,-1,-1,1,1,-1,1,-1,-1,1,-1,1,1,1,1,-1,-1,1,1,-1,-1,1,1,1,-1,1,-1,1,-1,-1,1,1,-1,-1,1,-1,-1,-1,1,1,-1,1,1,1,1,1,-1,-1,-1,-1,-1,-1,-1,-1,-1,1,-1,1,1,1,-1,1,1,-1,1,1,1,1,-1,1,-1,1,1,1,-1,-1,1,-1,1,1,1,-1,1,1,-1,1,1,1,-1,-1,1,-1,1,1,1,1,-1,1,-1,-1,1,1,-1,-1,1,1,-1,1,1,1,-1,1,-1,-1,1,-2672.0,1,2000,445,1500,False
564,1,1,-1,-1,1,1,-1,-1,1,1,1,-1,-1,1,1,1,-1,1,-1,-1,-1,-1,1,1,1,1,-1,-1,1,1,1,1,-1,-1,-1,-1,1,-1,1,1,-1,-1,-1,1,1,1,1,-1,1,1,1,1,-1,1,-1,-1,1,-1,1,1,1,-1,-1,-1,1,1,1,1,-1,-1,-1,1,1,1,1,-1,-1,-1,1,1,1,-1,-1,-1,1,1,1,1,-1,-1,1,1,1,1,1,-1,-1,-1,1,-1,1,1,-1,-1,1,1,1,1,1,-1,-1,-1,1,1,1,1,-1,-1,1,1,1,1,1,1,-1,-1,1,1,-1,1,1,-1,1,1,1,1,1,1,-1,1,1,1,1,1,1,-1,1,1,1,1,1,1,-1,-1,-1,1,1,1,1,-1,1,1,1,1,-1,1,-1,1,1,1,1,1,-1,-1,1,1,1,1,1,-1,1,-1,-1,1,1,1,-1,1,1,1,1,-1,1,1,1,1,-1,1,-1,1,-1,1,1,-1,1,-1,1,1,-1,1,-1,1,-1,1,-1,1,1,-1,1,-1,1,1,1,1,-1,-1,1,1,-1,-1,1,-1,1,-1,-1,1,-1,1,-1,1,-1,1,-1,1,1,-1,-1,-1,1,1,-1,1,-1,1,1,1,-1,1,1,-1,1,-1,1,-1,1,-1,1,-1,1,1,-1,1,-1,-1,-1,1,1,-1,1,-1,-1,-1,1,1,-1,-1,1,1,-1,-1,1,1,-1,1,1,-1,1,1,1,1,-1,1,-1,1,1,-1,1,-1,1,1,-1,1,1,1,1,1,-1,-1,1,-1,-1,1,1,1,-1,1,1,1,-1,1,-1,-1,1,1,1,-1,1,-1,1,1,1,-1,1,1,-1,1,1,1,-1,1,1,-1,-1,1,1,1,-1,1,-1,1,1,1,-1,1,1,-1,1,1,1,-1,1,-1,-1,1,1,1,-1,1,-1,-1,-1,1,1,-1,1,-1,-1,1,-1,1,-1,1,1,-1,-1,1,1,1,-1,1,-1,-1,1,1,-1,1,-1,1,-1,-1,-1,-1,1,1,-1,-1,1,1,-1,1,1,-1,-1,1,1,1,1,1,-1,1,1,1,-1,1,-1,-1,-1,-1,1,1,1,1,-1,-1,1,1,1,1,-1,-1,-1,-1,-1,1,-1,-1,-1,1,-1,1,1,-1,1,-1,1,1,-1,1,-1,1,-1,-1,1,-1,1,1,1,1,-1,1,-1,-1,1,1,-1,-1,1,-1,1,1,1,-1,-1,1,-1,-1,1,1,-1,1,1,-1,1,1,-1,-1,1,1,-1,1,-1,-1,-1,1,-1,-1,1,-1,-1,1,1,-1,-1,1,-1,-1,-1,1,-1,-1,1,1,-1,-1,1,-1,-1,1,-1,-1,-1,1,1,-1,1,-1,-1,-1,1,1,-1,-1,-1,1,-1,1,-1,-1,1,-1,-1,1,-1,1,-1,-1,1,-1,1,-1,1,-1,-1,1,-1,-1,1,1,1,-1,1,-1,1,-1,-1,1,1,-1,-1,-1,1,-1,-1,-1,1,1,-1,1,-1,1,-1,1,-1,1,1,-1,1,1,1,-1,1,1,-1,1,-1,1,1,-1,1,-1,-1,1,1,-1,-1,1,-1,-1,-1,1,-1,-1,1,-1,1,1,1,1,-1,1,-1,-1,1,1,-1,-1,1,-1,-1,-1,1,1,-1,-1,1,1,-1,1,-1,-1,-1,1,1,1,1,1,-1,1,1,1,-1,1,-1,-1,1,1,1,1,-1,-1,-1,1,-1,1,1,1,-1,-1,-1,1,1,1,-1,-1,-1,-1,1,1,1,1,-1,-1,-1,1,1,1,-1,-1,-1,-1,1,1,1,1,-1,-1,1,1,1,1,1,-1,-1,-1,1,1,1,1,-1,-1,-1,1,1,-1,1,-1,-1,-1,1,1,1,1,-1,-1,1,1,1,1,1,-1,1,1,-1,1,1,-1,-1,-1,1,1,1,-1,1,-1,1,1,1,1,1,1,-1,-1,1,-1,1,-1,1,-1,-1,1,-1,1,-1,-1,-1,-1,1,-1,1,1,-1,1,-1,1,1,1,-1,1,1,1,-1,-1,1,-1,-1,-1,-1,1,1,-1,-1,-1,-1,-1,1,-1,1,-1,-1,-1,-1,-1,-1,-1,1,-1,-1,-1,1,-1,-1,1,-1,-1,-1,-1,-1,-1,1,-1,-1,-1,-1,-1,1,-1,-1,-1,1,-1,-1,1,-1,1,-1,-1,-1,-1,-1,-1,-1,1,-1,-1,-1,1,1,1,-1,-1,1,-1,-1,-1,-1,-1,1,-1,-1,1,1,1,-1,-1,-1,-1,1,-1,1,1,-1,1,-1,-1,1,1,-1,-1,-1,-1,-1,-1,1,1,-1,-1,1,-1,1,1,-1,-1,-1,1,-1,-1,1,-1,-1,1,-1,-1,1,1,1,-1,1,-1,1,1,1,-1,-1,1,-1,-1,1,-1,1,-1,1,-1,-1,1,1,-1,1,1,-1,-1,1,1,-1,1,1,-1,-1,1,1,-1,1,1,-1,-1,1,1,1,1,1,1,-1,-1,1,1,1,1,-1,-1,1,-1,1,1,1,1,-1,-1,1,-1,1,1,1,-1,1,1,1,1,-1,1,-1,1,1,1,1,1,1,1,-1,1,1,1,1,-1,1,-1,1,1,1,1,1,-1,1,1,1,1,-1,1,1,-1,1,1,-1,1,1,-1,-1,1,1,1,1,-1,1,-1,1,1,1,-1,-1,1,-1,1,1,1,-1,1,-1,-1,-1,1,1,-1,-1,1,-1,-1,1,1,1,-1,1,-1,-1,1,1,1,-1,1,-1,-1,1,1,-1,-1,-1,1,-1,1,1,-1,1,1,-1,1,1,-1,-1,1,1,-1,-1,1,1,-1,1,1,-1,1,1,-1,-1,-1,-1,1,-1,-1,-1,-1,1,-1,-1,1,1,-1,1,1,-1,1,1,1,1,-1,1,-1,1,1,1,-1,-1,1,-1,-1,1,1,-1,-1,1,-1,1,1,1,-1,-1,1,-1,1,1,1,1,-1,1,-1,-1,1,1,1,-1,-1,1,-1,1,1,1,-1,1,-1,-1,1,-2672.0,1,2000,445,0,False
565,1,1,-1,-1,1,1,-1,-1,1,1,1,-1,1,1,1,1,-1,1,-1,-1,-1,-1,1,1,1,-1,1,-1,1,1,1,1,-1,-1,-1,-1,1,1,1,1,-1,-1,-1,1,1,1,1,-1,1,1,1,1,-1,1,-1,-1,1,-1,1,1,1,-1,-1,-1,1,1,1,1,-1,-1,-1,1,1,1,1,-1,-1,-1,1,1,1,-1,-1,-1,1,1,1,1,-1,-1,-1,1,1,1,1,-1,-1,1,1,-1,1,1,-1,-1,1,1,1,1,1,-1,-1,1,1,1,1,1,-1,-1,1,1,1,1,1,1,-1,-1,1,1,-1,1,1,-1,1,1,1,1,1,1,-1,-1,1,1,1,1,1,-1,1,1,1,1,1,1,-1,-1,-1,1,1,1,1,-1,1,1,1,1,-1,1,-1,1,-1,1,1,1,-1,-1,1,1,1,1,1,-1,1,-1,-1,1,-1,1,-1,1,1,1,1,1,1,1,1,1,-1,1,-1,1,-1,1,1,-1,1,-1,1,1,-1,1,-1,1,-1,1,-1,1,1,-1,-1,-1,1,1,1,1,-1,-1,1,1,-1,-1,1,-1,1,-1,-1,1,-1,1,-1,1,-1,1,-1,1,1,-1,-1,-1,1,1,-1,1,-1,1,1,1,-1,1,1,-1,1,-1,1,-1,1,-1,1,-1,1,1,-1,1,-1,-1,-1,1,1,-1,1,-1,-1,-1,1,1,-1,-1,1,1,-1,-1,1,1,-1,1,1,-1,1,1,1,1,-1,1,-1,1,1,-1,1,-1,1,1,-1,1,1,1,1,1,-1,-1,1,-1,-1,-1,1,1,-1,1,1,1,-1,1,-1,-1,1,1,1,1,1,-1,1,1,1,-1,1,1,-1,1,1,1,-1,1,1,-1,-1,1,1,1,-1,1,-1,1,1,1,-1,1,1,-1,1,1,1,-1,1,-1,-1,1,1,1,-1,1,-1,-1,-1,1,1,-1,1,-1,-1,1,-1,1,-1,1,1,-1,-1,1,1,1,-1,1,-1,-1,1,1,-1,1,-1,-1,-1,-1,-1,-1,1,1,-1,-1,1,1,-1,1,-1,1,-1,1,1,1,1,-1,-1,1,1,1,-1,1,-1,-1,-1,-1,1,1,-1,1,-1,-1,1,-1,1,-1,-1,-1,1,-1,-1,1,-1,1,-1,-1,1,-1,1,-1,-1,-1,1,1,-1,1,-1,1,-1,-1,1,-1,1,-1,-1,-1,-1,1,-1,-1,1,1,-1,-1,1,-1,1,1,-1,1,-1,1,-1,1,-1,1,-1,-1,1,-1,1,-1,-1,-1,1,1,-1,1,-1,1,-1,1,-1,1,1,1,1,-1,1,-1,-1,1,-1,-1,-1,1,-1,1,-1,-1,1,-1,1,-1,-1,1,-1,-1,1,-1,1,-1,1,-1,1,-1,1,1,-1,-1,-1,1,-1,1,-1,-1,1,-1,1,1,1,1,-1,-1,1,1,-1,1,1,1,-1,1,1,1,-1,1,1,-1,1,1,1,1,1,-1,1,-1,-1,-1,1,-1,1,1,-1,1,-1,1,-1,1,-1,-1,-1,1,1,-1,1,1,-1,-1,-1,1,-1,1,1,-1,1,-1,1,-1,-1,-1,-1,-1,-1,1,-1,-1,-1,-1,-1,-1,1,-1,1,1,1,1,-1,1,-1,1,1,-1,-1,-1,1,-1,-1,1,-1,1,-1,-1,1,1,1,1,-1,-1,1,1,1,1,-1,1,-1,-1,1,1,1,-1,-1,-1,1,1,1,1,-1,-1,-1,1,-1,1,-1,1,1,-1,-1,1,1,1,-1,-1,-1,-1,1,1,1,1,-1,-1,-1,1,1,1,1,-1,-1,-1,1,-1,1,-1,-1,-1,-1,1,1,1,1,-1,-1,1,1,1,1,1,-1,-1,-1,1,1,-1,1,-1,-1,-1,1,1,1,1,-1,-1,1,1,1,1,-1,-1,1,1,-1,1,1,-1,-1,-1,1,1,1,1,1,-1,1,1,1,1,1,-1,-1,-1,1,-1,1,-1,-1,-1,-1,1,-1,1,1,-1,-1,-1,1,-1,1,1,-1,-1,-1,1,1,1,1,-1,-1,-1,1,-1,1,1,-1,-1,-1,1,1,-1,-1,-1,-1,-1,1,-1,1,-1,-1,-1,-1,-1,-1,-1,1,-1,-1,-1,1,-1,-1,1,-1,-1,-1,-1,-1,-1,1,-1,-1,-1,-1,-1,1,-1,-1,-1,1,-1,-1,1,-1,1,-1,-1,-1,-1,-1,-1,-1,1,-1,-1,-1,1,1,-1,-1,-1,1,-1,-1,-1,-1,-1,1,-1,-1,1,1,1,-1,-1,-1,-1,1,-1,1,1,-1,1,-1,-1,1,1,-1,-1,-1,-1,-1,-1,1,1,-1,-1,1,-1,1,1,-1,-1,-1,1,-1,1,1,-1,-1,1,-1,-1,1,1,1,-1,1,-1,1,1,1,-1,-1,1,-1,-1,1,1,1,-1,1,-1,-1,1,1,-1,1,1,-1,-1,1,1,-1,1,1,-1,-1,1,1,-1,1,1,-1,-1,1,1,1,1,1,1,-1,1,1,1,1,1,-1,-1,1,-1,1,1,1,1,-1,-1,1,-1,1,1,1,-1,1,1,1,1,-1,1,-1,1,1,1,1,1,1,1,-1,1,1,1,1,-1,1,-1,1,1,1,1,1,-1,1,1,1,1,-1,1,1,-1,1,1,-1,1,1,-1,-1,1,1,1,1,-1,1,-1,1,1,1,-1,-1,1,-1,1,1,1,-1,1,-1,-1,-1,1,1,-1,-1,1,-1,-1,1,1,-1,-1,1,-1,1,-1,1,1,-1,1,-1,-1,1,1,-1,-1,-1,1,1,-1,1,-1,1,1,-1,1,1,-1,-1,1,1,-1,-1,1,1,-1,1,1,1,1,1,-1,-1,-1,-1,-1,-1,-1,-1,-1,-1,1,1,1,1,-1,1,1,-1,1,1,1,1,-1,1,-1,1,1,1,1,-1,1,-1,1,1,1,1,-1,1,-1,1,1,1,1,-1,1,-1,1,1,1,-1,-1,1,-1,1,1,1,-1,-1,-1,1,-1,1,-1,1,-1,1,-1,1,1,-2672.0,1,2000,445,0,False
566,1,1,-1,-1,1,1,-1,-1,1,1,1,-1,1,1,1,1,-1,1,-1,-1,-1,-1,1,1,1,-1,-1,-1,1,1,1,1,-1,-1,-1,-1,1,-1,1,1,-1,-1,-1,1,1,1,1,-1,1,1,1,1,-1,1,-1,-1,1,-1,1,1,1,-1,-1,-1,1,1,1,1,-1,-1,-1,1,1,1,1,-1,-1,-1,1,1,1,-1,-1,-1,1,1,1,1,-1,-1,-1,1,1,1,1,-1,-1,1,1,-1,1,1,-1,-1,1,1,1,1,1,-1,-1,1,1,1,1,1,-1,-1,1,1,1,1,1,1,-1,1,1,1,-1,1,1,-1,1,1,1,1,1,1,-1,-1,1,1,1,1,1,-1,1,1,1,1,1,1,-1,-1,-1,1,1,1,1,-1,1,1,1,1,-1,1,-1,1,-1,1,1,1,-1,-1,1,1,1,1,1,-1,1,-1,-1,1,-1,1,-1,1,1,1,1,1,1,1,1,1,1,1,-1,1,-1,1,1,-1,1,-1,1,1,-1,1,-1,1,-1,1,-1,1,1,-1,1,-1,1,1,1,1,-1,-1,1,1,-1,-1,1,-1,1,-1,-1,1,-1,1,-1,1,-1,1,-1,1,1,-1,-1,-1,1,1,-1,1,-1,1,1,1,-1,1,1,-1,1,-1,1,-1,1,-1,1,-1,1,1,-1,1,-1,-1,-1,1,1,-1,1,-1,-1,-1,1,1,-1,-1,1,1,-1,-1,1,1,-1,1,1,-1,1,1,1,1,-1,1,-1,1,1,-1,1,-1,1,1,1,1,1,1,1,1,-1,-1,1,-1,-1,-1,1,1,-1,1,1,1,-1,1,1,1,1,1,1,1,1,-1,1,1,1,-1,1,1,-1,1,1,1,-1,1,1,-1,-1,1,1,1,-1,1,-1,1,1,1,-1,1,1,-1,1,1,1,-1,1,1,-1,1,1,1,-1,1,1,-1,-1,1,1,1,1,1,-1,1,-1,1,-1,1,1,1,-1,1,1,1,-1,1,1,-1,1,1,-1,1,1,1,-1,-1,-1,-1,1,1,1,-1,1,1,-1,1,1,-1,-1,1,1,-1,1,1,-1,1,1,1,1,1,1,1,1,-1,1,-1,-1,-1,1,-1,1,-1,-1,1,1,1,-1,-1,-1,1,-1,-1,1,-1,1,-1,-1,1,1,1,1,-1,-1,1,-1,-1,1,-1,1,-1,-1,-1,1,1,1,1,-1,-1,1,-1,1,1,-1,-1,1,-1,1,-1,1,-1,-1,-1,1,-1,1,1,-1,-1,-1,-1,1,1,-1,1,-1,-1,1,-1,1,-1,-1,1,-1,1,1,1,-1,-1,-1,-1,-1,1,1,1,-1,1,-1,1,-1,1,-1,-1,-1,1,-1,1,1,1,-1,-1,1,-1,-1,1,-1,-1,-1,-1,-1,1,1,-1,-1,-1,1,-1,-1,1,-1,-1,-1,-1,-1,-1,1,-1,-1,-1,-1,1,-1,-1,1,1,1,-1,1,-1,1,1,1,1,1,-1,-1,-1,1,-1,-1,-1,1,1,-1,1,-1,1,1,1,-1,1,1,-1,1,-1,1,-1,-1,1,-1,-1,1,1,1,-1,1,-1,-1,1,1,-1,-1,1,-1,-1,1,1,-1,-1,1,-1,-1,-1,1,1,-1,1,-1,-1,-1,1,-1,-1,1,-1,1,-1,1,1,-1,-1,1,-1,-1,-1,-1,-1,1,1,1,-1,-1,1,-1,-1,1,-1,-1,1,-1,-1,1,1,-1,-1,1,-1,-1,1,1,-1,1,-1,-1,-1,-1,1,1,-1,-1,-1,-1,1,1,-1,-1,1,-1,-1,-1,1,1,-1,-1,-1,-1,-1,1,-1,-1,-1,-1,-1,1,1,1,-1,-1,-1,-1,-1,1,1,-1,-1,-1,-1,-1,1,1,1,-1,-1,-1,-1,1,1,-1,-1,-1,-1,1,1,1,1,1,-1,1,1,1,1,1,1,-1,-1,1,1,1,-1,-1,-1,1,1,1,1,-1,1,-1,-1,1,-1,1,-1,1,-1,-1,1,-1,1,-1,1,-1,-1,1,-1,1,-1,1,1,-1,1,-1,1,1,1,1,-1,1,-1,1,1,1,-1,-1,1,1,-1,1,1,-1,-1,1,-1,1,-1,1,-1,-1,-1,-1,-1,1,1,-1,-1,1,-1,-1,1,1,-1,-1,-1,-1,1,-1,1,-1,-1,-1,-1,-1,1,-1,-1,1,-1,-1,1,-1,1,-1,-1,-1,-1,-1,1,1,1,-1,-1,-1,1,1,1,-1,-1,1,-1,-1,-1,1,-1,1,-1,-1,1,1,1,-1,-1,-1,-1,1,-1,1,1,-1,1,-1,-1,1,1,-1,-1,-1,-1,-1,-1,1,1,-1,-1,1,-1,1,1,-1,-1,-1,1,-1,1,1,-1,-1,1,-1,-1,1,1,1,-1,1,-1,1,1,1,-1,-1,1,-1,-1,1,1,1,-1,1,-1,-1,1,1,-1,1,1,-1,-1,1,1,-1,1,1,-1,-1,1,1,-1,1,1,-1,-1,1,1,1,1,1,1,-1,1,1,1,1,1,-1,-1,1,-1,1,1,1,1,-1,-1,1,-1,1,1,1,-1,1,1,1,1,-1,1,-1,1,1,1,1,1,1,1,-1,1,1,1,1,-1,1,-1,1,1,1,1,1,1,1,1,1,1,-1,1,-1,1,1,1,-1,1,1,1,1,1,1,1,1,-1,1,1,1,1,1,-1,-1,1,-1,1,1,1,-1,1,-1,1,1,1,1,-1,-1,1,1,-1,1,1,-1,-1,1,1,-1,1,1,1,-1,1,-1,1,1,1,-1,-1,-1,-1,1,1,1,-1,1,1,1,1,1,-1,-1,1,1,1,1,1,1,-1,1,-1,1,1,1,-1,-1,-1,-1,-1,-1,-1,-1,-1,1,-1,1,1,1,-1,1,1,-1,-1,1,1,1,-1,1,-1,1,1,1,1,-1,1,-1,1,1,1,1,-1,1,-1,1,1,1,1,-1,1,-1,1,-1,1,-1,-1,1,-1,-1,1,1,-1,-1,-1,-1,1,1,1,1,-1,1,-1,-1,1,-2672.0,1,2000,445,1500,False
567,1,1,-1,-1,1,-1,-1,-1,1,1,1,-1,1,1,1,1,-1,1,-1,-1,1,-1,1,1,1,-1,-1,-1,1,1,1,1,1,-1,-1,-1,1,1,1,-1,-1,-1,-1,1,1,1,1,-1,1,1,1,1,-1,1,-1,-1,1,-1,1,1,1,-1,-1,-1,1,1,1,1,-1,-1,-1,1,1,1,1,-1,-1,-1,1,1,1,-1,-1,-1,1,1,1,1,-1,-1,-1,1,1,1,1,-1,-1,1,1,-1,1,1,-1,-1,1,1,1,1,1,-1,-1,1,1,-1,1,1,-1,-1,1,1,1,1,1,1,-1,-1,1,1,-1,1,1,-1,1,1,1,1,1,1,-1,-1,1,1,1,1,1,-1,1,1,1,1,1,1,-1,-1,-1,1,1,1,1,-1,1,1,1,1,-1,1,-1,1,-1,1,1,1,-1,-1,1,1,1,1,1,-1,1,-1,-1,1,-1,1,-1,1,1,1,1,1,1,1,1,1,-1,1,-1,1,-1,1,1,-1,1,-1,1,1,-1,1,-1,1,-1,1,-1,1,1,-1,1,-1,1,1,1,1,-1,-1,1,1,-1,-1,1,-1,1,-1,-1,1,-1,1,-1,1,-1,1,-1,-1,1,-1,-1,-1,1,1,-1,1,-1,1,1,1,-1,1,1,-1,1,-1,1,-1,1,-1,1,-1,1,1,-1,1,-1,-1,-1,1,1,-1,1,-1,-1,-1,1,1,-1,-1,1,1,-1,-1,1,1,-1,1,1,-1,1,1,1,1,-1,1,-1,1,1,-1,1,-1,1,1,-1,1,1,1,1,1,-1,-1,1,-1,-1,1,1,1,-1,1,1,1,-1,1,-1,-1,1,1,1,1,1,-1,1,1,1,-1,1,1,-1,1,1,1,-1,1,1,-1,1,-1,1,1,-1,1,-1,1,1,1,-1,1,1,-1,1,1,1,-1,1,-1,-1,1,1,1,-1,1,-1,-1,1,1,1,-1,1,-1,-1,-1,-1,1,-1,1,1,-1,1,1,1,1,-1,1,-1,-1,-1,1,-1,1,-1,-1,1,-1,-1,-1,1,-1,-1,1,-1,1,-1,1,-1,1,-1,1,1,1,1,-1,1,-1,1,1,-1,1,-1,-1,-1,-1,1,1,-1,1,-1,-1,1,-1,1,-1,-1,-1,1,-1,-1,1,-1,1,-1,1,-1,1,1,-1,-1,-1,1,1,-1,1,-1,1,-1,-1,1,-1,1,-1,-1,-1,-1,1,-1,-1,1,1,-1,-1,1,-1,1,1,-1,1,-1,1,-1,1,-1,1,-1,-1,1,-1,-1,-1,-1,-1,1,1,-1,1,-1,1,-1,1,-1,1,1,-1,1,-1,1,-1,-1,1,-1,-1,-1,1,-1,1,-1,1,1,-1,1,-1,-1,1,-1,-1,1,-1,1,-1,1,-1,1,-1,1,1,-1,-1,-1,1,-1,1,-1,-1,1,-1,1,1,1,1,-1,-1,1,1,-1,1,1,-1,-1,1,1,1,-1,1,1,-1,1,1,1,1,-1,-1,1,-1,-1,-1,1,-1,1,1,-1,1,-1,1,-1,1,-1,-1,-1,1,1,-1,1,1,-1,-1,-1,1,-1,1,1,-1,1,-1,1,-1,-1,-1,-1,-1,-1,1,-1,-1,-1,-1,-1,-1,1,-1,1,1,1,1,-1,1,-1,1,1,-1,-1,-1,1,-1,-1,1,-1,1,-1,-1,1,1,1,1,-1,-1,1,1,1,1,-1,1,-1,-1,1,1,1,-1,-1,-1,1,1,1,1,-1,1,-1,1,-1,1,-1,1,1,-1,-1,1,1,1,-1,-1,-1,-1,1,1,1,1,-1,-1,-1,1,1,1,1,-1,-1,-1,1,-1,1,-1,-1,-1,1,1,1,1,1,-1,-1,-1,1,-1,1,1,-1,-1,-1,1,1,-1,1,-1,-1,-1,1,1,1,1,-1,-1,1,1,1,-1,1,-1,1,1,-1,1,1,-1,-1,-1,1,1,-1,1,1,-1,1,1,1,-1,1,-1,-1,-1,1,-1,1,-1,-1,-1,-1,1,1,-1,1,-1,-1,-1,1,-1,-1,1,-1,-1,-1,1,1,-1,1,-1,-1,-1,1,-1,-1,-1,-1,-1,-1,1,1,1,-1,-1,-1,-1,1,-1,1,-1,-1,-1,-1,-1,-1,-1,1,-1,-1,-1,1,-1,-1,1,-1,-1,-1,-1,-1,1,1,-1,-1,-1,-1,-1,1,-1,-1,-1,1,-1,-1,1,-1,1,-1,-1,-1,-1,-1,-1,-1,1,-1,-1,-1,1,1,1,-1,-1,1,-1,1,-1,-1,-1,1,-1,-1,1,1,1,-1,-1,-1,-1,1,-1,1,1,-1,1,-1,-1,1,1,-1,-1,-1,-1,-1,-1,1,1,-1,-1,1,-1,1,1,-1,-1,-1,1,-1,1,1,-1,-1,1,-1,-1,1,1,1,-1,1,-1,1,1,1,-1,-1,1,-1,-1,1,1,1,-1,1,-1,-1,1,1,-1,1,1,-1,-1,1,1,1,1,1,-1,-1,1,1,-1,1,1,-1,-1,1,1,1,1,-1,1,-1,1,1,1,-1,1,-1,-1,1,-1,1,1,1,1,-1,-1,1,-1,1,1,1,-1,1,1,1,1,-1,1,-1,1,1,1,1,1,1,1,-1,1,1,1,1,-1,1,-1,1,1,1,1,1,-1,1,1,1,1,-1,1,1,-1,1,1,-1,1,1,-1,-1,1,1,1,1,-1,1,-1,1,1,1,-1,-1,1,-1,1,1,1,-1,1,-1,-1,-1,1,1,-1,-1,1,-1,-1,1,1,-1,-1,1,-1,1,1,1,1,-1,1,-1,-1,1,1,-1,-1,-1,1,1,-1,1,-1,1,1,-1,1,1,-1,-1,1,1,-1,-1,1,1,-1,1,1,1,1,1,-1,-1,-1,-1,1,-1,-1,-1,-1,-1,1,1,1,1,-1,1,1,-1,1,1,1,1,-1,1,-1,1,1,1,1,-1,1,-1,1,1,1,1,-1,1,-1,1,1,1,1,-1,1,-1,1,1,-1,-1,-1,1,-1,1,1,1,-1,-1,-1,1,-1,1,-1,1,-1,1,-1,1,1,-2672.0,1,2000,445,1500,False
568,1,1,-1,-1,1,-1,-1,-1,1,1,1,-1,1,1,1,1,-1,1,-1,-1,-1,-1,1,1,1,-1,-1,-1,1,1,1,1,1,-1,-1,-1,1,1,1,1,-1,-1,-1,1,1,1,1,-1,1,1,1,1,-1,1,-1,-1,1,-1,1,1,1,-1,-1,-1,1,1,1,1,-1,-1,-1,1,1,1,1,-1,-1,-1,1,1,1,-1,-1,-1,1,1,1,1,-1,-1,-1,1,1,1,1,-1,-1,1,1,-1,1,1,-1,-1,1,1,1,1,1,-1,-1,-1,1,1,1,1,-1,-1,1,1,1,1,1,1,-1,-1,1,1,-1,1,1,-1,1,1,1,1,1,1,-1,1,1,1,1,1,1,-1,1,1,1,1,1,1,-1,-1,-1,1,1,1,1,-1,1,1,1,1,-1,1,-1,1,-1,1,1,1,-1,-1,1,1,1,1,1,-1,1,-1,-1,1,-1,1,-1,1,1,1,1,1,1,1,1,1,-1,1,-1,1,-1,1,1,-1,1,-1,1,1,-1,1,-1,1,-1,1,-1,1,1,-1,1,-1,1,1,1,1,-1,-1,1,1,-1,-1,1,-1,1,-1,-1,1,-1,1,-1,1,-1,1,-1,1,1,-1,1,-1,1,1,-1,1,-1,1,1,1,-1,1,1,-1,1,-1,1,-1,1,-1,1,-1,1,1,-1,1,-1,-1,-1,1,1,-1,1,-1,-1,-1,1,1,-1,-1,1,1,-1,-1,1,1,-1,1,1,-1,1,1,1,1,-1,1,-1,1,1,-1,1,-1,1,1,-1,1,1,1,1,1,-1,-1,1,-1,-1,-1,1,1,-1,1,1,1,-1,1,-1,-1,1,1,1,1,1,-1,1,1,1,-1,1,1,-1,1,1,1,-1,1,1,-1,-1,1,1,1,-1,1,-1,1,1,1,-1,1,1,-1,1,1,1,-1,1,-1,-1,1,1,1,-1,1,-1,-1,-1,1,1,1,1,-1,-1,1,-1,1,-1,1,1,-1,-1,1,1,1,-1,1,-1,-1,1,1,-1,1,-1,-1,-1,-1,-1,-1,1,-1,-1,-1,1,1,-1,1,-1,1,-1,1,1,-1,1,-1,-1,1,1,1,1,1,-1,-1,-1,-1,1,-1,-1,1,-1,-1,1,-1,-1,1,-1,-1,1,-1,-1,1,-1,1,-1,-1,1,-1,-1,1,-1,-1,1,1,-1,1,-1,1,-1,-1,1,-1,-1,-1,-1,-1,-1,1,-1,-1,1,1,-1,-1,1,-1,1,-1,-1,1,-1,1,-1,-1,1,1,-1,-1,1,-1,-1,-1,-1,-1,1,1,-1,-1,1,1,-1,1,-1,1,-1,1,1,-1,1,-1,-1,-1,-1,-1,-1,1,-1,1,-1,1,1,-1,1,-1,-1,1,-1,-1,1,-1,1,-1,1,-1,1,-1,1,1,-1,-1,-1,1,-1,1,-1,-1,1,-1,1,1,1,1,-1,-1,-1,1,-1,1,1,-1,-1,1,1,1,-1,1,1,-1,1,1,1,1,-1,-1,1,-1,-1,-1,1,-1,1,1,1,1,-1,1,-1,1,-1,-1,-1,1,1,-1,1,1,-1,-1,-1,1,-1,1,1,-1,1,-1,1,-1,-1,-1,-1,-1,-1,1,-1,-1,-1,-1,-1,-1,1,-1,1,1,1,1,-1,1,-1,1,1,-1,-1,-1,1,-1,-1,1,-1,1,-1,-1,1,1,1,1,-1,-1,1,1,1,1,-1,1,-1,-1,1,1,1,-1,-1,-1,-1,1,1,1,-1,-1,-1,1,-1,1,-1,1,-1,-1,-1,1,1,1,-1,-1,-1,1,1,1,1,1,-1,-1,-1,1,1,1,1,-1,-1,-1,1,-1,1,-1,-1,-1,1,1,1,1,1,-1,-1,-1,1,1,1,1,-1,-1,-1,1,1,-1,1,-1,-1,-1,1,1,1,1,-1,-1,1,1,1,1,-1,-1,1,1,-1,1,1,-1,-1,-1,1,1,1,1,1,-1,1,1,1,1,1,-1,-1,-1,1,-1,1,-1,-1,-1,-1,1,-1,1,1,1,-1,-1,1,-1,1,1,-1,-1,-1,1,1,1,1,-1,-1,-1,1,-1,1,1,-1,-1,-1,1,1,-1,-1,-1,-1,-1,1,-1,1,-1,-1,-1,-1,-1,-1,-1,1,-1,-1,-1,1,-1,-1,1,-1,-1,-1,-1,-1,-1,1,-1,-1,-1,-1,-1,1,-1,-1,-1,1,-1,-1,1,-1,1,-1,-1,-1,-1,-1,-1,-1,1,-1,-1,-1,1,1,1,-1,-1,1,-1,-1,-1,-1,-1,1,-1,-1,1,1,1,-1,-1,-1,-1,1,-1,1,1,-1,1,-1,-1,1,1,-1,-1,-1,-1,-1,-1,1,1,-1,-1,1,-1,1,1,-1,-1,-1,1,-1,1,1,-1,-1,1,-1,-1,1,1,1,-1,1,-1,1,1,1,-1,-1,1,-1,-1,1,1,1,-1,1,-1,-1,1,1,-1,1,1,-1,-1,1,1,-1,1,1,-1,-1,1,1,1,1,1,-1,-1,1,1,1,1,1,1,-1,1,1,1,1,1,-1,-1,1,-1,1,1,1,1,-1,-1,1,-1,1,1,1,-1,1,1,1,1,-1,1,-1,1,1,1,1,1,1,1,-1,1,1,1,1,-1,1,-1,1,1,1,1,1,1,1,1,1,1,-1,1,-1,1,1,1,-1,1,1,1,1,-1,1,1,1,-1,1,1,1,1,1,-1,-1,1,-1,1,1,1,-1,1,-1,1,1,1,1,-1,-1,1,1,-1,1,1,-1,-1,1,1,-1,1,1,1,-1,1,-1,1,1,1,-1,-1,-1,-1,1,-1,1,-1,1,1,1,1,1,-1,-1,1,1,1,1,1,1,-1,1,-1,1,1,1,-1,-1,-1,-1,-1,-1,-1,-1,-1,1,-1,1,1,1,-1,1,1,-1,-1,1,1,1,-1,1,-1,1,1,1,-1,-1,1,-1,1,1,1,-1,-1,1,-1,1,1,1,-1,-1,1,-1,1,-1,1,1,-1,1,-1,-1,1,1,-1,-1,-1,-1,1,1,-1,1,-1,1,-1,-1,1,-2672.0,1,2000,445,0,False
569,1,1,-1,-1,1,1,-1,-1,1,1,1,-1,1,1,1,1,-1,1,-1,-1,1,-1,1,1,1,-1,1,-1,1,1,1,1,1,-1,-1,-1,1,1,1,-1,-1,-1,-1,1,1,1,1,-1,1,1,1,1,-1,1,-1,-1,1,-1,1,1,1,-1,-1,-1,1,1,1,1,-1,-1,-1,1,1,1,1,-1,-1,-1,1,1,1,-1,-1,-1,1,1,1,1,-1,-1,-1,1,1,1,1,-1,-1,1,1,-1,1,1,-1,-1,1,1,1,1,1,-1,-1,1,1,1,1,1,-1,-1,1,1,1,1,1,1,-1,1,1,1,-1,1,1,-1,1,1,1,1,1,1,-1,-1,1,1,1,1,1,-1,1,1,1,1,1,1,-1,-1,-1,1,1,1,1,-1,1,1,1,1,-1,1,-1,1,-1,1,1,1,-1,-1,1,1,1,1,1,-1,1,-1,-1,1,-1,1,-1,1,1,1,1,1,1,1,1,1,-1,1,-1,1,-1,1,1,-1,1,-1,1,1,-1,1,-1,1,-1,1,-1,1,1,-1,-1,-1,1,1,1,1,-1,-1,1,1,-1,-1,1,-1,1,-1,1,1,-1,1,-1,1,-1,1,-1,-1,1,-1,-1,-1,1,1,-1,1,-1,1,1,1,-1,1,1,-1,-1,-1,1,-1,1,-1,1,-1,1,1,-1,1,-1,-1,-1,1,1,-1,1,-1,-1,-1,1,1,-1,-1,1,1,-1,-1,1,1,-1,1,1,-1,1,1,1,1,-1,1,-1,1,1,-1,1,-1,1,1,-1,1,1,1,1,1,-1,-1,1,-1,-1,-1,1,1,-1,1,1,1,-1,1,-1,-1,1,1,1,1,1,-1,1,1,1,-1,1,1,-1,1,1,1,-1,1,1,-1,-1,1,1,1,-1,1,-1,1,1,1,-1,1,1,-1,1,1,1,-1,1,-1,-1,1,1,1,-1,1,-1,-1,-1,1,1,-1,1,-1,-1,1,-1,1,-1,1,1,-1,-1,1,1,1,-1,1,-1,-1,1,1,-1,1,-1,1,-1,-1,-1,-1,1,1,-1,-1,1,1,-1,1,1,-1,-1,1,1,1,1,1,-1,1,1,1,-1,1,-1,-1,-1,-1,1,1,-1,1,-1,-1,1,-1,1,-1,-1,-1,-1,-1,-1,1,-1,-1,-1,1,-1,1,1,-1,1,-1,1,1,-1,1,-1,1,-1,-1,1,-1,1,1,1,1,-1,1,-1,-1,1,1,-1,-1,1,-1,1,1,1,-1,-1,1,-1,-1,1,1,-1,1,1,-1,1,1,-1,-1,1,1,-1,1,-1,-1,-1,1,-1,1,1,-1,-1,-1,1,-1,-1,1,-1,-1,-1,1,-1,-1,1,1,-1,-1,1,-1,-1,1,-1,-1,-1,1,1,-1,1,-1,-1,-1,1,1,-1,1,-1,1,-1,1,-1,-1,1,-1,-1,1,-1,1,-1,-1,1,-1,1,-1,1,-1,1,1,-1,-1,1,1,1,-1,1,-1,1,-1,-1,1,1,-1,-1,-1,1,-1,-1,-1,1,1,-1,1,-1,1,-1,1,-1,1,1,-1,1,1,1,-1,-1,1,-1,1,-1,1,1,-1,1,-1,-1,1,1,-1,-1,1,-1,-1,-1,1,-1,-1,1,-1,1,1,1,1,-1,1,-1,-1,1,1,-1,-1,1,-1,-1,-1,1,1,-1,-1,1,1,-1,-1,-1,-1,1,1,1,1,1,1,-1,-1,1,1,-1,1,-1,-1,1,1,1,1,-1,-1,-1,1,-1,1,1,1,-1,-1,-1,1,1,1,-1,-1,-1,1,1,1,1,1,-1,-1,-1,1,1,1,-1,-1,-1,-1,1,1,1,1,-1,-1,-1,1,1,1,1,-1,-1,1,1,1,1,1,-1,-1,-1,1,1,-1,1,-1,-1,-1,1,1,1,1,-1,-1,1,1,1,1,1,-1,1,1,1,1,1,-1,-1,-1,1,1,1,-1,1,-1,1,1,1,1,1,1,-1,-1,1,-1,1,-1,1,-1,-1,1,-1,1,-1,-1,-1,-1,1,-1,1,1,-1,-1,-1,1,1,1,-1,1,-1,-1,1,-1,1,-1,-1,-1,-1,1,1,-1,-1,-1,-1,-1,1,-1,1,-1,-1,-1,-1,-1,-1,-1,1,-1,-1,-1,1,-1,-1,1,-1,-1,-1,-1,-1,1,1,-1,-1,-1,-1,-1,1,-1,-1,-1,1,-1,-1,1,-1,1,-1,-1,-1,-1,-1,-1,-1,1,-1,-1,-1,1,1,-1,-1,-1,-1,1,-1,-1,-1,-1,1,-1,-1,1,1,1,-1,-1,-1,-1,1,-1,1,1,-1,1,-1,-1,1,1,-1,-1,-1,-1,-1,-1,1,1,-1,-1,1,-1,1,1,-1,-1,-1,1,-1,1,1,-1,-1,1,-1,-1,1,1,1,-1,1,-1,1,1,1,-1,-1,1,-1,-1,1,1,1,-1,1,-1,-1,1,1,-1,1,1,-1,-1,1,1,1,1,1,-1,-1,1,1,-1,1,1,-1,-1,1,1,1,1,-1,1,-1,1,1,1,1,1,-1,-1,1,-1,1,1,1,1,-1,-1,1,-1,1,1,1,-1,1,-1,1,1,-1,1,-1,1,1,1,1,1,1,1,-1,-1,1,1,1,-1,1,-1,1,1,1,1,1,-1,1,-1,1,1,-1,1,1,-1,1,1,-1,1,1,-1,-1,1,1,1,1,-1,1,-1,-1,1,1,-1,-1,1,-1,1,1,1,-1,1,-1,-1,-1,1,1,-1,-1,1,-1,-1,1,1,1,-1,1,-1,-1,-1,1,1,-1,1,-1,-1,1,1,-1,-1,-1,1,-1,-1,1,-1,1,1,-1,1,1,-1,-1,1,1,-1,-1,1,1,-1,1,1,-1,1,1,-1,-1,-1,-1,1,-1,-1,-1,-1,-1,1,-1,1,1,-1,1,1,-1,1,1,1,1,-1,1,-1,1,1,1,1,-1,1,-1,-1,1,1,1,-1,1,-1,1,1,1,1,-1,1,-1,1,1,-1,-1,-1,1,-1,-1,1,1,-1,-1,-1,1,-1,1,-1,1,-1,1,-1,1,1,-2672.0,1,2000,445,1500,False
570,1,1,-1,-1,1,-1,-1,-1,1,1,1,-1,1,1,1,1,-1,1,-1,-1,-1,-1,1,1,1,-1,-1,-1,1,1,1,1,-1,-1,-1,-1,1,-1,1,1,-1,-1,-1,1,1,1,1,-1,1,1,1,1,-1,1,-1,-1,1,-1,1,1,1,-1,-1,-1,1,1,1,1,-1,-1,-1,1,1,1,1,-1,-1,-1,1,1,1,-1,-1,-1,1,1,1,1,-1,-1,1,1,1,1,1,-1,-1,-1,1,-1,1,1,-1,-1,1,1,1,1,1,-1,-1,-1,1,1,1,1,-1,-1,1,1,1,1,1,1,-1,-1,1,1,-1,1,1,-1,1,1,1,1,1,1,-1,1,1,1,1,1,1,-1,1,1,1,1,1,1,-1,-1,-1,1,1,1,1,-1,1,1,1,1,-1,1,-1,1,-1,1,1,1,-1,-1,1,1,1,1,1,-1,1,-1,-1,1,-1,1,-1,1,1,1,1,1,1,1,1,1,-1,1,-1,1,-1,1,1,-1,1,-1,1,1,-1,1,-1,1,-1,1,-1,1,1,-1,1,-1,1,1,1,1,-1,-1,1,1,-1,-1,1,-1,1,-1,1,1,-1,1,-1,1,-1,1,-1,1,1,-1,-1,-1,1,1,-1,1,-1,1,1,1,-1,1,1,-1,-1,-1,1,-1,1,-1,1,-1,1,1,-1,1,-1,-1,-1,1,1,-1,1,-1,-1,-1,1,1,-1,-1,1,1,-1,-1,1,1,-1,1,1,-1,1,1,1,1,-1,1,-1,1,1,-1,1,-1,1,1,1,1,1,1,1,1,-1,-1,1,-1,-1,1,1,1,-1,1,1,1,-1,1,1,1,1,1,1,1,1,-1,1,1,1,-1,1,1,-1,1,1,1,-1,1,1,-1,-1,1,1,1,-1,1,-1,1,1,1,-1,1,1,-1,1,1,1,-1,1,1,-1,1,1,1,-1,1,1,-1,-1,1,1,-1,1,1,-1,1,-1,1,-1,1,1,1,-1,1,1,1,-1,1,1,-1,1,1,-1,1,1,1,-1,-1,-1,-1,1,1,1,-1,1,1,-1,1,1,-1,-1,1,1,1,1,1,-1,1,1,1,-1,1,1,1,1,-1,1,1,-1,-1,1,-1,1,-1,1,-1,1,1,-1,-1,-1,1,-1,-1,1,-1,1,-1,1,-1,1,1,1,-1,-1,1,-1,-1,1,-1,1,-1,1,-1,-1,1,1,1,-1,-1,1,-1,1,1,-1,-1,1,1,1,-1,1,-1,-1,1,-1,-1,1,1,-1,-1,1,-1,1,1,-1,1,-1,1,-1,-1,1,-1,-1,1,1,-1,1,1,-1,-1,-1,1,-1,1,1,1,-1,1,-1,-1,-1,1,-1,-1,-1,1,-1,1,1,1,-1,-1,1,-1,-1,1,-1,-1,-1,1,-1,-1,1,-1,-1,-1,1,-1,-1,1,-1,-1,-1,-1,1,-1,1,-1,-1,-1,-1,1,-1,-1,1,1,1,-1,1,-1,1,-1,1,-1,1,-1,-1,-1,1,-1,-1,1,1,1,-1,1,-1,1,1,1,-1,1,1,-1,1,-1,1,-1,-1,1,-1,-1,1,1,1,-1,1,-1,-1,1,1,-1,-1,1,-1,-1,1,1,-1,-1,1,-1,-1,-1,1,1,-1,1,-1,-1,-1,1,-1,-1,1,-1,1,-1,1,1,-1,-1,1,-1,-1,-1,-1,-1,1,1,1,-1,-1,1,-1,-1,1,-1,-1,1,-1,-1,1,1,-1,-1,1,-1,-1,1,1,-1,1,-1,1,-1,-1,1,1,-1,-1,-1,-1,1,1,-1,-1,1,-1,-1,-1,1,1,-1,-1,-1,-1,-1,1,-1,-1,-1,-1,-1,1,1,1,-1,-1,-1,-1,-1,1,1,-1,-1,-1,-1,-1,1,1,1,-1,-1,-1,-1,1,1,-1,-1,-1,-1,1,1,1,1,1,-1,1,1,1,1,1,1,-1,-1,1,1,1,-1,1,-1,1,1,1,1,-1,1,-1,-1,1,-1,1,-1,1,-1,-1,1,-1,1,1,1,-1,-1,1,-1,1,-1,1,1,-1,1,-1,1,1,1,1,-1,1,-1,1,1,1,-1,-1,1,1,-1,1,1,-1,-1,1,-1,1,-1,1,-1,-1,-1,-1,-1,1,1,-1,-1,1,-1,-1,1,1,-1,-1,-1,-1,-1,-1,1,-1,-1,-1,-1,-1,1,-1,-1,1,-1,-1,1,-1,1,-1,-1,-1,-1,-1,1,1,1,-1,-1,-1,1,1,1,-1,-1,-1,1,-1,-1,1,-1,1,-1,-1,1,1,1,-1,-1,-1,-1,1,-1,1,1,-1,1,-1,-1,1,1,-1,-1,-1,-1,-1,-1,1,1,-1,-1,1,-1,1,1,-1,-1,-1,1,-1,1,1,-1,-1,1,-1,-1,1,1,1,-1,1,-1,1,1,1,-1,-1,1,-1,-1,1,1,1,-1,1,-1,-1,1,1,-1,1,1,-1,-1,1,1,-1,1,1,-1,-1,1,1,-1,1,1,-1,-1,1,1,1,1,1,1,-1,1,1,1,-1,1,-1,-1,1,-1,1,1,1,1,-1,-1,1,-1,1,1,1,-1,1,1,1,1,-1,1,-1,1,1,1,1,1,1,1,-1,-1,1,1,1,-1,1,-1,1,1,1,1,1,-1,1,1,1,1,-1,1,1,-1,1,1,-1,1,1,-1,-1,-1,1,1,1,-1,1,-1,1,1,1,-1,-1,1,-1,1,1,1,-1,1,-1,-1,-1,1,1,-1,-1,1,-1,-1,1,1,-1,-1,1,-1,1,1,1,1,-1,1,-1,-1,1,1,-1,-1,-1,1,1,-1,1,-1,1,1,-1,1,1,-1,-1,1,1,-1,-1,1,1,-1,1,1,1,1,1,-1,-1,-1,-1,-1,-1,-1,-1,-1,-1,1,1,1,1,-1,1,1,-1,1,1,1,1,-1,1,-1,1,1,1,-1,-1,1,-1,1,1,1,-1,-1,1,-1,1,1,1,-1,-1,1,-1,1,1,1,1,-1,1,-1,1,1,1,1,-1,-1,1,-1,1,-1,1,-1,1,-1,1,1,-2672.0,1,2000,445,1500,False
571,1,1,-1,-1,1,-1,-1,-1,1,1,1,-1,1,1,1,1,-1,1,-1,-1,-1,-1,1,1,1,-1,-1,-1,1,1,1,1,1,-1,-1,-1,1,-1,1,1,-1,-1,-1,1,1,1,1,-1,1,1,1,1,-1,1,-1,-1,1,-1,1,1,-1,-1,-1,-1,1,1,1,1,-1,-1,-1,1,1,1,1,-1,-1,-1,1,1,1,-1,-1,-1,1,1,1,1,-1,-1,1,1,1,1,1,-1,-1,-1,1,-1,1,1,-1,-1,1,1,1,1,1,-1,-1,-1,1,1,1,1,-1,-1,1,1,1,1,1,1,-1,-1,1,1,-1,1,1,-1,1,1,1,1,1,1,-1,1,1,1,1,1,1,-1,1,1,1,1,1,1,-1,-1,-1,1,1,1,1,-1,1,1,1,1,-1,1,-1,1,-1,1,1,1,-1,-1,1,1,1,1,1,-1,1,-1,-1,1,-1,1,-1,1,1,1,1,1,1,1,1,1,-1,1,-1,1,-1,1,1,-1,1,-1,1,1,-1,1,-1,1,-1,1,-1,1,1,-1,1,-1,1,1,1,1,-1,-1,1,1,-1,-1,1,-1,1,-1,-1,1,-1,1,-1,1,-1,1,-1,-1,1,-1,-1,-1,1,1,-1,1,-1,1,1,1,-1,1,1,-1,1,-1,1,-1,1,-1,1,-1,1,1,-1,1,-1,-1,-1,1,1,-1,1,-1,-1,-1,1,1,-1,-1,1,1,-1,-1,1,1,-1,1,1,-1,1,1,1,1,-1,1,-1,1,1,-1,1,-1,1,1,1,1,1,1,1,1,-1,-1,1,-1,-1,-1,1,1,-1,1,1,1,-1,1,1,1,1,1,1,1,1,-1,1,1,1,-1,1,1,-1,1,1,1,-1,1,1,-1,-1,1,1,1,-1,1,-1,1,1,1,-1,1,1,-1,1,1,1,-1,1,1,-1,1,1,1,-1,1,1,-1,-1,1,1,1,1,1,-1,1,-1,1,-1,1,1,1,-1,1,1,1,-1,1,1,-1,1,1,-1,1,1,1,-1,-1,-1,-1,1,1,1,-1,1,1,-1,1,1,-1,-1,1,1,-1,1,1,-1,1,1,1,1,1,1,1,1,-1,1,-1,-1,-1,1,-1,1,-1,-1,1,1,1,-1,-1,-1,1,-1,-1,1,-1,1,-1,-1,1,1,1,1,-1,-1,1,-1,-1,1,-1,1,-1,-1,-1,1,1,1,1,-1,-1,1,-1,1,1,-1,-1,1,-1,1,-1,1,-1,-1,-1,1,-1,1,1,-1,-1,-1,-1,1,1,-1,1,-1,-1,1,1,1,-1,-1,1,-1,1,1,1,-1,-1,-1,-1,-1,1,1,1,-1,1,-1,1,-1,1,-1,-1,-1,1,-1,1,1,1,-1,-1,1,-1,-1,1,-1,-1,-1,-1,-1,1,1,-1,-1,-1,1,-1,-1,1,-1,-1,-1,-1,-1,-1,1,-1,-1,-1,-1,1,-1,-1,1,1,1,-1,1,-1,1,-1,1,-1,1,-1,-1,-1,1,-1,-1,-1,1,1,-1,1,-1,1,1,1,-1,1,1,-1,-1,-1,1,-1,-1,1,-1,-1,1,1,1,-1,1,-1,-1,1,1,-1,-1,1,-1,-1,1,1,-1,-1,1,-1,-1,-1,1,1,-1,1,1,-1,-1,1,-1,-1,1,-1,1,-1,1,1,-1,-1,1,-1,-1,-1,-1,-1,1,1,1,-1,-1,1,-1,-1,1,-1,-1,1,-1,-1,1,1,-1,-1,1,-1,-1,1,1,-1,1,-1,-1,-1,-1,1,1,-1,-1,-1,-1,1,1,-1,-1,1,-1,-1,-1,1,1,-1,-1,-1,-1,-1,1,-1,-1,-1,-1,-1,1,1,1,-1,-1,-1,-1,-1,1,1,-1,-1,-1,-1,-1,1,1,1,-1,-1,-1,-1,1,1,-1,-1,-1,-1,1,1,1,1,1,-1,1,1,1,1,1,1,-1,-1,1,1,1,-1,1,-1,1,1,1,1,-1,1,-1,-1,1,-1,1,-1,1,-1,-1,1,-1,1,-1,1,-1,-1,1,-1,1,-1,1,1,-1,1,-1,1,1,1,1,-1,1,-1,1,1,1,-1,-1,1,1,-1,1,1,-1,-1,1,-1,1,-1,1,-1,-1,-1,-1,-1,1,1,-1,-1,1,-1,-1,1,1,-1,-1,-1,-1,-1,-1,1,-1,-1,-1,-1,-1,1,-1,-1,1,-1,-1,1,-1,1,-1,-1,-1,-1,-1,1,1,1,-1,-1,-1,1,1,1,-1,-1,1,-1,-1,-1,1,-1,1,-1,-1,1,1,1,-1,-1,-1,-1,1,-1,1,1,-1,1,-1,-1,1,1,-1,-1,-1,-1,-1,-1,1,1,-1,-1,1,-1,1,1,-1,-1,-1,1,-1,1,1,-1,-1,1,-1,-1,1,1,1,-1,1,-1,1,1,1,-1,-1,1,-1,-1,1,1,1,-1,1,-1,-1,1,1,-1,1,1,-1,-1,1,1,1,1,1,-1,-1,1,1,1,1,1,-1,-1,1,1,1,1,-1,1,-1,1,1,1,1,1,-1,-1,1,-1,1,1,1,1,-1,-1,1,-1,1,1,1,-1,1,1,1,1,-1,1,-1,1,1,1,1,1,1,1,-1,1,1,1,1,-1,1,-1,1,1,1,1,1,1,1,1,1,1,-1,1,-1,1,1,1,-1,1,1,1,1,1,1,1,1,-1,1,1,1,1,1,-1,-1,1,-1,1,1,1,-1,1,-1,1,1,1,1,-1,-1,1,1,-1,1,1,-1,-1,1,1,-1,1,1,1,-1,1,-1,1,1,1,-1,-1,-1,-1,1,-1,1,-1,1,1,1,1,1,-1,-1,1,1,1,1,1,1,-1,1,-1,1,1,1,-1,-1,-1,-1,-1,-1,-1,-1,-1,-1,-1,1,1,1,-1,1,1,-1,-1,1,1,1,-1,1,-1,1,1,1,-1,-1,1,-1,1,1,1,-1,-1,1,-1,1,1,1,-1,-1,1,-1,1,-1,1,1,-1,1,-1,-1,1,1,1,-1,-1,-1,1,1,1,1,-1,1,-1,-1,1,-2672.0,1,2000,445,0,False
572,1,1,-1,-1,1,1,-1,-1,1,1,1,-1,-1,1,1,1,-1,1,-1,-1,-1,1,1,1,1,-1,-1,-1,1,1,1,1,-1,-1,-1,-1,1,-1,1,1,-1,-1,1,1,1,1,1,-1,1,1,1,1,-1,1,-1,-1,1,-1,1,1,1,-1,-1,1,1,1,1,1,-1,-1,1,1,1,1,1,-1,-1,-1,1,1,1,-1,-1,-1,1,1,1,1,-1,-1,-1,1,1,1,1,-1,-1,1,1,-1,1,1,-1,-1,1,1,1,1,1,-1,-1,1,1,-1,1,1,-1,-1,1,1,1,1,1,1,-1,1,1,1,-1,1,1,-1,1,1,1,1,1,1,-1,-1,1,1,1,1,1,-1,1,1,1,1,1,1,-1,-1,-1,1,1,1,1,-1,1,-1,1,1,-1,1,-1,1,-1,1,1,1,-1,-1,1,1,1,1,1,-1,1,-1,-1,1,-1,1,-1,1,1,1,1,1,1,1,1,1,-1,1,-1,1,-1,1,1,-1,1,-1,1,1,-1,1,-1,1,-1,1,-1,1,1,-1,1,-1,1,1,1,1,-1,-1,1,1,-1,-1,1,-1,1,-1,-1,1,-1,1,-1,1,-1,1,-1,1,1,-1,-1,-1,1,1,-1,1,-1,1,1,1,-1,1,1,-1,-1,-1,1,-1,1,-1,1,-1,1,1,-1,1,-1,-1,-1,1,1,-1,1,-1,-1,-1,1,1,-1,-1,1,1,-1,-1,1,1,-1,1,1,-1,1,1,1,1,-1,1,-1,1,1,-1,1,-1,1,1,-1,1,1,1,1,1,-1,-1,1,-1,-1,-1,1,1,-1,1,1,1,-1,1,-1,-1,1,1,1,1,1,-1,1,1,1,-1,1,1,-1,1,1,1,-1,1,1,-1,-1,1,1,1,-1,1,-1,1,1,1,-1,1,1,-1,1,1,1,-1,1,-1,-1,1,1,1,-1,1,-1,-1,-1,1,1,-1,1,-1,-1,1,-1,1,-1,1,1,-1,-1,1,1,1,-1,1,-1,-1,1,1,-1,1,-1,1,-1,-1,-1,-1,1,1,-1,-1,1,1,-1,1,1,-1,-1,1,1,1,1,1,-1,1,1,1,-1,1,-1,-1,-1,-1,1,1,1,1,-1,-1,1,1,1,1,-1,-1,-1,-1,-1,1,-1,-1,-1,1,-1,1,1,-1,1,-1,1,1,-1,1,-1,1,-1,-1,1,-1,1,1,1,-1,1,1,-1,-1,1,1,-1,-1,1,-1,1,1,1,-1,-1,1,-1,-1,1,1,-1,1,1,-1,1,1,1,-1,1,1,-1,1,-1,-1,-1,1,-1,-1,1,-1,-1,-1,1,-1,-1,1,-1,1,-1,1,-1,-1,1,-1,-1,-1,1,-1,-1,1,-1,-1,-1,1,1,-1,1,-1,-1,-1,1,1,-1,-1,-1,1,-1,1,-1,-1,1,-1,-1,1,-1,1,-1,-1,1,-1,1,-1,1,-1,-1,1,-1,-1,1,1,1,-1,1,-1,1,-1,-1,1,1,-1,-1,-1,1,-1,-1,-1,1,-1,1,1,-1,1,-1,1,-1,1,1,-1,1,1,1,1,-1,1,-1,1,-1,1,-1,-1,1,-1,-1,1,1,1,-1,1,-1,-1,-1,1,-1,-1,1,-1,1,1,1,1,-1,1,-1,-1,1,1,-1,-1,1,-1,-1,-1,1,1,-1,-1,1,1,-1,-1,-1,-1,1,1,1,1,1,1,-1,-1,1,1,1,-1,-1,-1,1,1,1,1,-1,1,-1,1,-1,1,-1,1,1,-1,-1,1,1,1,-1,-1,-1,1,1,1,1,1,-1,-1,-1,1,1,1,-1,-1,-1,-1,1,1,1,1,-1,-1,1,1,1,1,1,-1,-1,-1,1,1,1,1,-1,-1,-1,1,1,-1,1,-1,-1,-1,1,1,1,1,-1,-1,1,1,1,1,1,-1,1,1,-1,1,1,-1,-1,-1,1,1,1,1,1,-1,1,1,1,1,1,1,-1,-1,1,-1,1,-1,1,-1,-1,1,-1,1,-1,-1,-1,-1,1,-1,1,1,-1,1,-1,1,1,1,-1,1,1,-1,1,-1,1,-1,-1,-1,-1,1,1,-1,-1,-1,-1,-1,1,-1,1,-1,-1,-1,-1,-1,-1,-1,1,-1,-1,-1,1,-1,-1,1,-1,-1,-1,-1,-1,-1,1,-1,-1,-1,-1,-1,1,-1,-1,-1,1,-1,-1,1,-1,1,-1,-1,-1,-1,-1,-1,-1,1,-1,-1,-1,1,1,-1,-1,-1,1,1,-1,-1,-1,-1,1,-1,-1,1,-1,1,-1,-1,-1,-1,1,-1,1,1,-1,1,-1,-1,1,1,-1,-1,-1,-1,-1,-1,1,1,-1,-1,1,-1,1,1,-1,-1,-1,1,-1,1,1,-1,-1,1,-1,-1,1,1,1,-1,1,-1,1,1,1,-1,-1,1,-1,-1,1,1,1,-1,1,-1,-1,1,1,-1,1,1,-1,-1,1,1,-1,1,1,-1,-1,1,1,-1,1,1,-1,-1,1,1,1,1,1,1,-1,-1,1,1,1,1,-1,-1,1,-1,1,1,1,1,-1,-1,1,-1,1,1,1,-1,1,1,1,1,-1,1,-1,1,1,1,1,1,1,1,-1,1,1,1,1,-1,1,-1,1,1,1,1,1,-1,1,1,1,1,-1,1,1,-1,1,1,-1,1,1,-1,-1,1,1,1,1,-1,1,-1,1,1,1,-1,-1,1,-1,1,1,1,-1,1,-1,-1,-1,1,1,-1,-1,1,-1,-1,1,1,-1,-1,1,-1,-1,1,1,1,-1,1,-1,-1,1,1,-1,-1,-1,1,-1,1,1,-1,1,1,-1,1,1,-1,-1,1,1,-1,-1,1,1,-1,1,1,-1,1,1,-1,-1,-1,-1,1,-1,-1,-1,-1,1,-1,-1,1,1,-1,1,1,-1,1,1,1,1,-1,1,-1,1,1,1,1,-1,1,-1,-1,1,1,1,-1,1,-1,1,1,1,1,-1,1,-1,1,1,1,-1,-1,1,-1,-1,1,1,-1,-1,-1,1,-1,1,1,1,-1,1,-1,-1,1,-2672.0,1,2000,445,1500,False
573,1,1,-1,-1,1,1,-1,-1,1,1,1,-1,-1,1,1,1,-1,1,-1,-1,-1,-1,1,1,1,-1,-1,-1,1,1,1,1,-1,-1,-1,-1,1,1,1,1,-1,-1,-1,1,1,1,1,-1,1,1,1,1,-1,1,-1,-1,1,-1,1,1,1,-1,-1,-1,1,1,1,1,-1,-1,-1,1,1,1,1,-1,-1,-1,1,1,1,-1,-1,-1,1,1,1,1,-1,-1,-1,1,1,1,1,-1,-1,1,1,-1,1,1,-1,-1,1,1,1,1,1,-1,-1,1,1,-1,1,1,-1,-1,1,1,1,1,1,1,-1,-1,1,1,-1,1,1,-1,1,1,1,1,1,1,-1,-1,1,1,1,1,1,-1,1,1,1,1,1,1,-1,-1,-1,1,1,1,1,-1,1,1,1,1,-1,1,-1,1,-1,1,1,1,-1,-1,1,1,1,1,1,-1,1,-1,-1,1,-1,1,-1,1,1,1,1,1,1,1,1,1,-1,1,-1,1,-1,1,1,-1,1,-1,1,1,-1,1,-1,1,-1,1,-1,1,1,-1,1,-1,1,1,1,1,-1,-1,1,1,-1,-1,1,-1,1,-1,-1,1,-1,1,-1,1,-1,1,-1,1,1,-1,-1,-1,1,1,-1,1,-1,1,1,1,-1,1,1,-1,1,-1,1,-1,1,-1,1,-1,1,1,-1,1,-1,-1,-1,1,1,-1,1,-1,-1,-1,1,1,-1,-1,1,1,-1,-1,1,1,-1,1,1,-1,1,1,1,1,-1,1,-1,1,1,-1,1,-1,1,1,1,1,1,1,1,1,-1,-1,1,-1,-1,-1,1,1,-1,1,1,1,-1,1,1,1,1,1,1,1,1,-1,1,1,1,-1,1,1,-1,1,1,1,-1,1,1,-1,-1,1,1,1,-1,1,-1,1,1,1,-1,1,1,-1,1,1,1,-1,1,1,-1,1,1,1,-1,1,1,1,-1,1,1,-1,1,1,-1,1,-1,1,-1,1,1,1,-1,1,1,1,-1,1,1,-1,1,1,-1,1,1,1,-1,-1,-1,-1,1,1,1,-1,1,1,-1,1,1,-1,-1,1,1,1,1,1,-1,1,1,1,-1,1,1,1,1,-1,1,1,1,-1,1,-1,1,1,1,1,1,1,-1,-1,-1,1,-1,-1,1,-1,1,-1,1,-1,1,1,1,1,-1,1,-1,-1,1,-1,1,-1,1,1,-1,1,1,1,-1,-1,1,-1,1,1,-1,-1,1,1,1,-1,1,1,-1,-1,1,-1,1,1,-1,-1,1,1,1,1,-1,1,-1,1,-1,1,1,-1,-1,-1,1,-1,1,1,-1,-1,-1,1,-1,1,1,1,-1,-1,1,-1,-1,1,-1,-1,-1,1,-1,1,1,-1,1,-1,1,-1,-1,1,-1,-1,-1,-1,-1,-1,1,-1,-1,-1,1,-1,-1,1,-1,-1,-1,-1,1,-1,1,-1,-1,-1,-1,1,-1,-1,1,1,1,-1,1,-1,1,-1,1,-1,1,-1,-1,-1,1,-1,-1,1,1,1,-1,1,-1,1,1,1,-1,1,1,-1,-1,-1,1,-1,-1,1,-1,-1,1,1,1,-1,1,-1,-1,1,1,-1,-1,1,-1,-1,1,1,-1,-1,1,-1,-1,-1,1,1,-1,1,-1,-1,-1,1,-1,-1,1,-1,1,-1,1,1,-1,-1,1,-1,-1,-1,-1,-1,1,1,1,-1,-1,1,-1,-1,1,-1,-1,1,-1,-1,1,1,-1,-1,1,1,-1,1,1,-1,1,-1,1,-1,-1,1,1,-1,-1,-1,-1,1,1,-1,-1,1,-1,-1,-1,1,1,-1,-1,-1,-1,-1,1,-1,-1,-1,-1,-1,1,1,1,-1,-1,-1,-1,-1,1,1,-1,-1,-1,-1,-1,1,1,1,-1,-1,-1,-1,1,1,-1,-1,-1,-1,1,1,1,1,1,-1,1,1,1,1,1,1,-1,-1,1,1,1,1,-1,-1,1,1,1,1,-1,1,-1,-1,1,-1,1,-1,1,-1,-1,1,-1,1,1,1,-1,-1,1,-1,1,-1,1,-1,-1,1,-1,1,1,1,-1,-1,1,-1,1,1,1,-1,-1,1,1,-1,1,1,-1,-1,1,-1,1,-1,1,-1,-1,-1,-1,-1,1,1,-1,-1,1,-1,-1,1,1,-1,-1,-1,-1,1,-1,1,-1,-1,-1,-1,1,-1,-1,-1,1,-1,-1,1,-1,1,-1,-1,-1,-1,-1,-1,1,1,-1,-1,-1,1,1,1,-1,-1,1,-1,-1,-1,1,-1,1,-1,-1,1,1,1,-1,-1,-1,-1,1,-1,1,1,-1,1,-1,-1,1,1,-1,-1,-1,-1,-1,-1,1,1,-1,-1,1,-1,1,1,-1,-1,-1,1,-1,1,1,-1,-1,1,-1,-1,1,1,1,-1,1,-1,1,1,1,-1,-1,1,-1,-1,1,1,1,-1,1,-1,-1,1,1,-1,1,1,-1,-1,1,1,-1,1,1,-1,-1,1,1,-1,1,1,-1,-1,1,1,1,1,1,1,-1,-1,1,1,1,1,-1,-1,1,-1,1,1,1,1,-1,-1,1,-1,1,1,1,-1,1,1,1,1,-1,1,-1,1,1,1,1,1,1,1,-1,1,1,1,1,-1,1,-1,1,1,1,1,1,-1,1,1,1,1,-1,1,1,-1,1,1,-1,1,1,-1,-1,1,1,1,1,-1,1,-1,1,1,1,-1,-1,1,-1,1,1,1,-1,1,-1,-1,-1,1,1,-1,-1,1,-1,-1,1,1,-1,-1,1,-1,-1,1,1,1,-1,-1,-1,-1,1,1,-1,-1,-1,1,-1,1,1,-1,1,1,-1,1,1,-1,-1,1,1,-1,-1,1,1,-1,1,1,-1,1,1,-1,-1,-1,-1,1,-1,-1,-1,-1,1,-1,-1,1,1,-1,1,1,-1,1,1,1,1,-1,1,-1,1,1,1,1,-1,1,-1,-1,1,1,1,-1,1,-1,1,1,1,1,-1,1,-1,1,1,1,-1,-1,1,-1,-1,1,1,-1,-1,-1,1,-1,1,-1,1,-1,1,-1,-1,1,-2672.0,1,2000,445,0,False
574,1,1,-1,-1,1,1,-1,-1,1,1,1,-1,-1,1,1,1,-1,1,-1,-1,-1,-1,1,1,1,-1,-1,-1,1,1,1,1,1,-1,-1,-1,1,-1,1,1,-1,-1,-1,1,1,1,-1,-1,1,1,1,1,-1,1,-1,-1,1,-1,1,1,-1,-1,-1,-1,1,1,1,-1,-1,-1,-1,1,1,1,1,-1,-1,-1,1,1,1,-1,-1,-1,1,1,1,1,-1,1,-1,1,1,1,1,-1,-1,1,1,-1,1,1,-1,-1,1,1,1,1,1,-1,-1,1,1,-1,1,1,-1,-1,1,1,1,1,1,1,-1,1,1,1,-1,1,1,-1,1,1,1,1,1,1,-1,-1,1,1,1,1,1,-1,1,1,1,1,1,1,-1,-1,-1,1,1,1,1,-1,1,1,1,1,-1,1,-1,1,-1,1,1,1,-1,-1,1,1,1,1,1,-1,1,-1,-1,1,-1,1,-1,1,1,1,1,1,1,-1,1,1,-1,1,-1,1,1,-1,1,-1,1,-1,1,-1,-1,1,-1,1,-1,1,-1,1,1,-1,1,-1,1,1,1,1,-1,-1,1,1,-1,-1,1,-1,1,-1,1,1,-1,1,-1,1,-1,1,-1,1,1,-1,-1,-1,1,-1,1,1,-1,1,1,1,1,1,1,-1,1,-1,-1,1,1,-1,1,-1,1,-1,1,1,-1,-1,-1,1,1,1,1,-1,-1,-1,1,1,-1,1,1,1,-1,-1,1,1,1,1,1,-1,1,1,-1,1,-1,1,-1,1,1,1,1,-1,1,1,-1,1,1,1,1,1,-1,-1,1,-1,1,-1,1,1,-1,1,1,1,-1,1,-1,-1,1,1,-1,1,1,-1,1,1,1,-1,1,1,-1,1,1,-1,1,-1,1,-1,-1,1,1,1,-1,1,-1,1,1,1,-1,1,1,-1,1,1,1,-1,1,-1,-1,1,1,1,1,1,-1,-1,-1,1,1,1,1,-1,-1,1,-1,1,-1,1,1,-1,-1,1,1,-1,-1,1,-1,-1,1,1,-1,1,-1,-1,-1,-1,-1,-1,1,-1,-1,-1,1,1,-1,1,-1,1,-1,1,1,-1,1,1,-1,1,1,-1,1,1,-1,-1,-1,-1,1,-1,-1,1,-1,-1,1,-1,-1,1,-1,-1,1,-1,-1,1,-1,1,-1,-1,1,-1,-1,1,-1,-1,1,1,-1,1,-1,1,-1,-1,1,-1,-1,-1,-1,-1,-1,1,-1,-1,1,1,-1,-1,1,-1,1,-1,-1,1,-1,1,-1,-1,1,1,-1,-1,1,-1,-1,-1,-1,-1,1,1,-1,-1,1,1,-1,1,-1,1,-1,1,1,-1,1,-1,-1,-1,-1,-1,-1,1,-1,1,-1,1,1,-1,1,-1,-1,1,-1,-1,1,-1,1,-1,1,-1,1,-1,1,1,-1,-1,-1,1,-1,1,-1,-1,1,-1,1,1,1,1,-1,-1,-1,1,-1,1,1,-1,-1,1,1,1,-1,1,1,-1,1,1,1,1,1,1,1,-1,-1,-1,1,-1,1,1,-1,1,-1,1,-1,1,-1,-1,-1,1,1,-1,1,1,-1,-1,-1,1,-1,1,1,-1,1,-1,1,-1,-1,-1,-1,-1,-1,1,-1,-1,-1,-1,-1,-1,1,-1,1,1,1,1,-1,1,-1,1,1,-1,-1,-1,1,-1,-1,1,-1,1,-1,-1,1,1,1,1,-1,-1,1,1,1,1,-1,1,-1,-1,1,1,1,-1,-1,-1,1,1,1,1,-1,1,-1,1,-1,1,-1,1,1,-1,-1,1,1,1,-1,-1,-1,-1,1,1,1,1,-1,-1,-1,1,1,1,1,-1,-1,-1,1,-1,1,-1,-1,-1,1,1,1,1,1,-1,-1,-1,1,1,1,1,-1,-1,-1,1,1,-1,1,-1,-1,-1,1,1,1,1,-1,-1,1,1,1,1,-1,-1,1,1,-1,1,1,-1,-1,-1,1,1,1,1,1,-1,1,1,1,1,1,-1,-1,-1,1,-1,1,-1,-1,-1,-1,1,-1,1,1,1,-1,-1,1,-1,1,1,-1,1,-1,1,1,1,1,-1,1,-1,1,-1,1,1,-1,-1,-1,1,1,-1,-1,-1,-1,-1,1,-1,1,-1,-1,-1,-1,-1,-1,-1,1,-1,-1,-1,1,-1,-1,1,-1,-1,-1,-1,-1,1,1,-1,-1,-1,-1,-1,1,-1,-1,-1,1,-1,-1,1,-1,1,-1,-1,-1,-1,-1,-1,-1,1,-1,-1,-1,1,1,-1,-1,-1,-1,1,-1,-1,-1,-1,1,-1,-1,1,1,1,-1,-1,-1,-1,1,-1,1,1,-1,1,-1,-1,1,1,-1,-1,-1,-1,-1,-1,1,1,-1,-1,1,-1,1,1,-1,-1,-1,1,-1,1,1,-1,-1,1,1,-1,1,1,1,-1,1,-1,1,1,1,-1,-1,1,-1,-1,1,-1,1,1,-1,1,-1,1,1,1,-1,1,-1,-1,1,1,1,1,-1,1,-1,1,1,1,1,1,-1,-1,1,1,1,1,1,-1,-1,1,1,1,1,-1,-1,-1,1,-1,1,1,1,-1,1,1,1,-1,1,1,-1,-1,1,1,1,1,1,-1,1,1,1,1,1,1,-1,1,-1,1,1,1,1,-1,1,-1,1,1,1,-1,-1,1,1,1,1,1,-1,-1,1,1,1,1,-1,1,-1,1,1,1,1,1,1,-1,1,1,1,1,1,-1,-1,1,-1,1,1,1,-1,1,-1,1,1,1,1,-1,1,1,1,-1,1,1,1,-1,1,1,-1,1,1,1,-1,-1,-1,1,1,1,-1,-1,-1,-1,1,1,1,-1,1,1,1,1,1,-1,-1,1,1,1,1,-1,1,-1,1,-1,1,1,1,-1,-1,-1,-1,-1,-1,-1,-1,-1,1,-1,1,1,1,-1,1,1,-1,-1,1,1,1,-1,1,-1,1,1,1,1,-1,1,-1,1,1,1,1,-1,1,-1,1,1,1,1,-1,1,-1,1,-1,1,-1,-1,1,-1,-1,1,1,-1,-1,-1,-1,1,1,-1,1,-1,1,1,-1,1,-2672.0,1,2000,445,0,False
575,1,1,-1,-1,1,-1,-1,-1,1,1,1,-1,1,1,1,1,-1,1,-1,-1,-1,-1,1,1,1,-1,1,-1,1,1,1,1,1,-1,-1,-1,1,1,1,1,-1,-1,-1,1,1,1,1,-1,1,1,1,1,-1,1,-1,-1,1,-1,1,1,1,-1,-1,-1,1,1,1,1,-1,-1,-1,1,1,1,1,-1,-1,-1,1,1,1,-1,-1,-1,1,1,1,1,-1,-1,-1,1,1,1,1,-1,-1,1,1,-1,1,1,-1,-1,1,1,1,1,1,-1,-1,1,1,1,1,1,-1,-1,1,1,1,1,1,1,-1,1,1,1,-1,1,1,-1,1,1,1,1,1,1,-1,-1,1,1,1,1,1,-1,1,1,1,1,1,1,-1,-1,-1,1,1,1,1,-1,1,1,1,1,-1,1,-1,1,1,1,1,1,-1,-1,1,1,1,1,1,-1,1,-1,-1,1,-1,1,-1,1,1,1,1,1,1,1,1,1,-1,1,-1,1,-1,1,1,-1,1,-1,1,1,-1,1,-1,1,-1,1,-1,1,1,-1,1,-1,1,1,1,1,-1,-1,1,1,-1,-1,1,-1,1,-1,-1,1,-1,1,-1,1,-1,1,-1,-1,1,-1,-1,-1,1,1,-1,1,-1,1,1,1,-1,1,1,-1,1,-1,1,-1,1,-1,1,-1,1,1,-1,1,-1,-1,-1,1,1,-1,1,-1,-1,-1,1,1,-1,-1,1,1,-1,-1,1,1,-1,1,1,-1,1,1,1,1,-1,1,-1,1,1,-1,1,-1,1,-1,1,1,1,1,1,1,-1,-1,1,-1,-1,-1,1,1,-1,1,1,1,-1,1,1,1,1,1,1,1,1,-1,1,1,1,-1,1,1,-1,1,1,1,-1,1,1,-1,-1,1,1,1,-1,1,-1,1,1,1,-1,1,1,-1,1,1,1,-1,1,1,-1,1,1,1,-1,1,1,-1,-1,1,1,-1,1,1,-1,1,-1,1,-1,1,1,1,-1,1,1,1,-1,1,1,-1,1,1,-1,1,1,1,-1,-1,-1,-1,1,1,1,-1,1,1,-1,1,1,-1,-1,1,1,1,1,1,-1,1,1,1,-1,1,1,1,-1,-1,1,1,-1,-1,1,-1,1,-1,1,-1,1,1,-1,-1,-1,1,-1,-1,1,1,-1,1,1,-1,1,1,1,1,-1,1,-1,-1,1,-1,1,-1,1,-1,-1,1,1,1,-1,-1,1,-1,1,1,1,-1,1,1,1,-1,1,1,-1,1,-1,-1,1,1,1,-1,1,-1,1,1,1,1,-1,1,-1,-1,1,1,-1,1,1,1,1,1,1,-1,-1,1,-1,1,1,1,-1,1,-1,1,-1,1,1,-1,-1,1,-1,1,1,1,1,-1,1,-1,-1,1,1,1,-1,1,-1,-1,1,1,-1,-1,1,-1,-1,1,-1,1,-1,-1,1,-1,1,-1,1,-1,-1,1,-1,-1,1,1,1,-1,1,-1,1,-1,1,-1,1,-1,-1,-1,1,-1,-1,1,1,1,-1,1,-1,1,1,1,-1,1,1,-1,-1,-1,1,-1,1,1,-1,-1,1,1,1,-1,1,-1,-1,1,1,-1,-1,1,-1,-1,1,1,-1,-1,1,-1,-1,-1,1,1,-1,1,1,-1,-1,1,-1,-1,1,-1,1,-1,1,1,-1,-1,1,-1,-1,-1,-1,-1,-1,1,1,-1,-1,1,-1,1,1,-1,-1,1,-1,-1,1,1,-1,-1,1,-1,-1,1,1,-1,1,-1,-1,-1,-1,1,1,-1,-1,-1,-1,-1,1,-1,-1,1,-1,-1,-1,1,1,-1,-1,-1,-1,-1,1,-1,-1,-1,-1,-1,1,1,1,-1,-1,-1,-1,-1,1,1,-1,-1,-1,-1,-1,1,1,1,-1,-1,-1,-1,1,1,-1,-1,-1,-1,1,1,1,1,-1,-1,1,1,1,1,1,-1,-1,-1,1,1,1,-1,1,-1,1,1,1,1,-1,1,-1,-1,1,-1,1,-1,1,-1,-1,1,-1,1,-1,-1,-1,-1,1,-1,1,-1,1,-1,-1,1,-1,1,-1,1,-1,-1,1,-1,1,-1,-1,-1,-1,1,1,-1,-1,-1,-1,-1,1,-1,1,-1,-1,-1,-1,-1,-1,-1,1,-1,-1,-1,1,-1,-1,1,-1,-1,-1,-1,-1,1,1,-1,-1,-1,-1,-1,1,-1,-1,-1,1,-1,-1,1,-1,1,-1,-1,-1,-1,-1,-1,-1,1,-1,-1,-1,1,1,1,-1,-1,1,-1,-1,-1,-1,-1,1,-1,-1,1,-1,1,-1,-1,-1,-1,1,-1,1,1,-1,1,-1,-1,1,1,-1,-1,-1,-1,-1,-1,1,1,-1,-1,1,-1,1,1,-1,-1,-1,1,-1,-1,1,-1,-1,1,-1,-1,1,1,1,-1,1,-1,1,1,1,-1,-1,1,-1,-1,1,1,1,-1,1,-1,-1,1,1,-1,1,1,-1,-1,1,1,1,1,1,-1,-1,1,1,1,1,1,-1,-1,1,1,1,1,-1,1,-1,1,1,1,-1,1,-1,-1,1,-1,1,1,1,1,-1,-1,1,-1,1,1,1,-1,1,1,1,1,-1,1,-1,1,1,1,1,1,1,1,-1,-1,1,1,1,-1,1,-1,1,1,1,1,1,-1,1,1,1,1,-1,1,1,-1,1,1,-1,1,1,-1,-1,1,1,1,1,-1,1,-1,1,1,1,-1,-1,1,-1,1,1,1,-1,1,-1,-1,-1,1,1,-1,-1,1,-1,-1,1,1,-1,-1,1,-1,1,1,1,1,-1,1,-1,-1,1,1,-1,-1,-1,1,1,-1,1,-1,1,1,-1,1,1,-1,-1,1,1,-1,-1,1,1,-1,1,1,1,1,1,-1,-1,-1,-1,-1,-1,-1,-1,-1,-1,1,1,1,1,-1,1,1,-1,1,1,1,1,-1,1,-1,1,1,1,1,-1,1,-1,1,1,1,1,-1,1,-1,1,1,1,1,-1,1,-1,1,1,1,-1,-1,1,-1,1,1,1,-1,-1,-1,1,-1,1,-1,1,-1,1,-1,1,1,-2672.0,1,2000,445,1500,False
576,1,1,-1,-1,1,-1,-1,-1,1,1,1,-1,1,1,1,1,-1,1,-1,-1,1,-1,1,1,1,-1,-1,-1,1,1,1,1,1,-1,-1,-1,1,1,1,1,-1,-1,-1,1,1,1,1,-1,1,1,1,1,-1,1,-1,-1,1,-1,1,1,-1,-1,-1,-1,1,1,1,1,-1,-1,-1,1,1,1,1,-1,-1,-1,1,1,1,-1,-1,-1,1,1,1,1,-1,-1,-1,1,1,1,1,-1,-1,1,1,-1,1,1,-1,-1,1,1,1,1,1,-1,-1,1,1,1,1,1,-1,-1,1,1,1,1,1,1,-1,1,1,1,-1,1,1,-1,1,1,1,1,1,1,-1,-1,1,1,1,1,1,-1,1,1,1,1,1,1,-1,-1,-1,1,1,1,1,-1,1,1,1,1,-1,1,-1,1,-1,1,1,1,-1,-1,1,1,1,1,1,-1,1,-1,-1,1,-1,1,-1,1,1,1,1,1,1,1,1,1,-1,1,-1,1,-1,1,1,-1,1,-1,1,1,-1,1,-1,1,-1,1,-1,1,1,-1,1,-1,1,1,1,1,-1,-1,1,1,-1,-1,1,-1,1,-1,1,1,-1,1,-1,1,-1,1,-1,1,1,-1,-1,-1,1,1,-1,1,-1,1,1,1,-1,1,1,-1,1,-1,1,-1,1,-1,1,-1,1,1,-1,1,-1,-1,-1,1,1,-1,1,-1,-1,-1,1,1,-1,-1,1,1,-1,-1,1,1,-1,1,1,-1,1,1,1,1,-1,1,-1,1,1,-1,1,-1,1,1,-1,1,1,1,1,1,-1,-1,1,-1,-1,-1,1,1,-1,1,1,1,-1,1,-1,-1,1,1,1,-1,1,-1,1,1,1,-1,-1,1,-1,1,1,1,-1,1,1,-1,-1,1,1,1,-1,1,-1,1,1,1,-1,1,1,-1,1,1,1,-1,1,-1,-1,1,1,1,-1,1,-1,-1,-1,1,1,-1,1,-1,-1,1,-1,1,-1,1,1,-1,-1,1,1,1,-1,1,-1,-1,1,1,-1,1,-1,1,-1,-1,-1,-1,1,1,-1,-1,1,1,-1,1,1,-1,-1,1,1,1,1,1,-1,1,1,1,-1,1,-1,-1,-1,-1,1,1,1,1,-1,-1,1,1,1,1,-1,-1,1,-1,-1,1,-1,-1,-1,1,-1,1,1,-1,1,-1,1,1,-1,1,-1,1,-1,-1,1,-1,1,1,1,1,-1,1,-1,-1,1,1,-1,-1,1,-1,1,1,1,-1,-1,1,-1,-1,1,1,-1,1,1,-1,1,1,-1,-1,1,1,-1,1,-1,-1,-1,1,-1,-1,1,-1,-1,1,1,-1,-1,1,-1,-1,-1,1,-1,-1,1,-1,-1,-1,1,-1,-1,1,-1,-1,-1,1,1,-1,1,1,-1,-1,1,1,-1,-1,-1,1,-1,1,-1,-1,1,-1,-1,1,-1,1,-1,-1,1,-1,1,-1,1,-1,-1,1,-1,-1,1,1,1,-1,1,-1,1,-1,1,-1,1,-1,-1,-1,1,-1,-1,-1,1,1,-1,1,-1,1,-1,1,-1,1,1,-1,1,1,1,-1,-1,1,-1,1,-1,1,1,-1,1,-1,-1,1,1,-1,-1,1,-1,-1,-1,1,-1,-1,1,-1,1,1,1,1,-1,1,-1,-1,1,1,-1,-1,1,-1,-1,-1,1,1,-1,-1,1,1,-1,-1,-1,-1,1,1,1,1,1,1,-1,-1,1,1,-1,1,-1,-1,1,1,1,1,-1,-1,-1,1,-1,1,1,1,1,-1,-1,1,1,1,-1,-1,-1,-1,1,1,1,1,-1,-1,-1,1,1,1,-1,-1,-1,-1,1,1,1,1,-1,-1,1,1,1,1,1,-1,-1,-1,1,1,1,1,-1,-1,-1,1,1,-1,1,-1,-1,-1,1,1,1,1,-1,-1,1,1,1,1,1,-1,1,1,-1,1,1,-1,-1,-1,1,1,1,-1,1,-1,1,1,1,1,1,1,-1,-1,1,-1,1,-1,1,-1,-1,1,-1,1,-1,-1,-1,-1,1,-1,1,1,-1,-1,-1,1,1,1,-1,1,-1,-1,1,-1,1,-1,-1,-1,-1,1,1,-1,-1,-1,-1,-1,1,-1,1,-1,-1,-1,-1,-1,-1,-1,1,-1,-1,-1,1,-1,-1,1,-1,-1,-1,-1,-1,-1,1,-1,-1,-1,-1,-1,1,-1,-1,-1,1,-1,-1,1,-1,1,-1,-1,-1,-1,-1,-1,-1,1,-1,-1,-1,1,1,1,-1,-1,-1,1,-1,-1,-1,-1,1,-1,-1,1,-1,1,-1,-1,-1,-1,1,-1,1,1,-1,1,-1,-1,1,1,-1,-1,-1,-1,-1,-1,1,1,-1,-1,1,-1,1,1,-1,-1,-1,1,-1,-1,1,-1,-1,1,-1,-1,1,1,1,-1,1,-1,1,1,1,-1,-1,1,-1,-1,1,1,1,-1,1,-1,-1,1,1,-1,1,1,-1,-1,1,1,1,1,1,-1,-1,1,1,1,1,1,-1,-1,1,1,1,1,1,1,-1,-1,1,1,1,1,-1,-1,1,-1,1,1,1,1,-1,-1,1,-1,1,1,1,-1,1,1,1,1,-1,1,-1,1,1,1,1,1,1,1,-1,1,1,1,1,-1,1,-1,1,1,1,1,1,-1,1,1,1,1,-1,1,1,-1,1,1,-1,1,1,-1,-1,1,1,1,1,-1,1,-1,1,1,1,-1,-1,1,-1,1,1,1,-1,1,-1,-1,-1,1,1,-1,-1,1,-1,-1,1,1,-1,-1,1,-1,-1,1,1,1,-1,1,-1,-1,1,1,-1,-1,-1,1,-1,-1,1,-1,1,1,-1,1,1,-1,-1,1,1,-1,-1,1,1,-1,1,1,-1,1,1,-1,-1,-1,-1,1,-1,-1,-1,-1,1,-1,-1,1,1,-1,1,1,-1,1,1,1,1,-1,1,-1,1,1,1,1,-1,1,-1,1,1,1,1,-1,1,-1,-1,1,1,1,-1,1,-1,1,1,-1,-1,-1,1,-1,-1,1,1,-1,-1,-1,1,-1,1,-1,1,-1,1,-1,-1,1,-2672.0,1,2000,445,1500,False
577,1,1,-1,-1,1,1,-1,-1,1,1,1,-1,1,1,1,1,-1,1,-1,-1,1,-1,1,1,1,-1,1,-1,1,1,1,1,1,-1,-1,-1,1,1,1,1,-1,-1,-1,1,1,1,1,-1,1,1,1,1,-1,1,-1,-1,1,-1,1,1,-1,-1,-1,-1,1,1,1,1,-1,-1,-1,1,1,1,1,-1,-1,-1,1,1,1,-1,-1,-1,1,1,1,1,-1,1,-1,1,1,1,1,-1,-1,1,1,-1,1,1,-1,-1,1,1,1,1,1,-1,-1,1,1,-1,1,1,-1,-1,1,1,1,1,1,1,-1,1,1,1,-1,1,1,-1,1,1,1,1,1,1,-1,-1,1,1,1,1,1,-1,1,1,1,1,1,1,-1,-1,-1,1,1,1,1,-1,1,1,1,1,-1,1,-1,1,-1,1,1,1,-1,-1,1,1,1,1,1,-1,1,-1,-1,1,-1,1,-1,1,1,1,1,1,1,1,1,1,-1,1,-1,1,-1,1,1,-1,1,-1,1,1,-1,1,-1,1,-1,1,-1,1,1,-1,1,-1,1,1,1,1,-1,-1,1,1,-1,-1,1,-1,1,-1,1,1,-1,1,-1,1,-1,1,-1,1,1,-1,-1,-1,1,1,-1,1,-1,1,1,1,-1,1,1,-1,1,-1,1,-1,1,-1,1,-1,1,1,-1,1,-1,-1,-1,1,1,-1,1,-1,-1,-1,1,1,-1,-1,1,1,-1,-1,1,1,-1,1,1,-1,1,1,1,1,-1,1,-1,1,1,-1,1,-1,1,1,1,1,1,1,1,1,-1,-1,1,-1,-1,-1,1,1,-1,1,1,1,-1,1,1,1,1,1,1,1,1,-1,1,1,1,-1,1,1,-1,1,1,1,-1,1,1,-1,-1,1,1,1,-1,1,-1,1,1,1,-1,1,1,-1,1,1,1,-1,1,1,-1,1,1,1,-1,1,1,-1,-1,1,1,-1,1,1,-1,1,-1,1,-1,1,1,1,-1,1,1,1,-1,1,1,-1,1,1,-1,1,1,1,-1,-1,-1,-1,1,1,1,-1,1,1,-1,1,1,-1,-1,1,1,1,1,1,-1,1,1,1,-1,1,1,1,-1,-1,1,1,-1,-1,1,-1,1,-1,1,-1,1,1,-1,-1,-1,1,-1,-1,1,1,-1,1,1,-1,1,1,1,1,-1,1,-1,-1,1,-1,1,-1,1,-1,-1,1,1,1,-1,-1,1,-1,1,1,1,-1,1,1,1,-1,1,1,-1,1,-1,-1,1,1,1,-1,1,-1,1,1,1,1,-1,1,-1,-1,1,1,-1,1,1,-1,1,1,1,-1,-1,1,-1,1,1,1,-1,1,-1,-1,-1,1,1,-1,-1,1,-1,1,1,1,1,-1,1,-1,-1,1,1,1,-1,1,-1,1,1,1,-1,-1,1,-1,-1,1,-1,1,-1,-1,1,-1,1,-1,1,-1,-1,1,-1,-1,1,1,1,-1,1,-1,1,-1,-1,-1,1,-1,-1,-1,1,-1,-1,1,1,1,-1,1,-1,1,1,1,-1,1,1,-1,-1,-1,1,-1,-1,1,-1,-1,1,1,1,-1,1,-1,-1,1,1,-1,-1,1,-1,-1,1,1,-1,-1,1,-1,-1,-1,1,1,-1,1,-1,-1,-1,1,-1,-1,1,-1,1,-1,1,1,-1,-1,1,-1,-1,-1,-1,-1,1,1,1,-1,-1,1,-1,-1,1,-1,-1,1,-1,-1,1,1,-1,-1,1,1,-1,1,1,-1,1,-1,1,-1,-1,1,1,-1,-1,-1,-1,-1,1,-1,-1,1,-1,-1,-1,1,1,-1,-1,-1,-1,-1,1,-1,-1,-1,-1,-1,1,1,1,-1,-1,-1,-1,-1,1,1,-1,-1,-1,-1,-1,1,1,1,-1,-1,-1,-1,1,1,-1,-1,-1,-1,1,1,1,1,-1,-1,1,1,1,1,1,-1,-1,-1,1,1,1,1,1,-1,1,1,1,1,-1,1,-1,-1,1,-1,1,-1,1,-1,-1,1,-1,1,-1,-1,-1,-1,1,-1,1,-1,1,-1,-1,1,-1,1,-1,1,-1,-1,1,-1,1,-1,-1,-1,-1,1,1,-1,-1,-1,-1,-1,1,-1,1,-1,-1,-1,-1,-1,-1,-1,1,-1,-1,-1,1,-1,-1,1,-1,-1,-1,-1,-1,-1,1,-1,-1,-1,-1,-1,1,-1,-1,-1,1,-1,-1,1,-1,1,-1,-1,-1,-1,-1,-1,-1,1,-1,-1,-1,1,1,-1,-1,-1,-1,1,-1,-1,-1,-1,1,-1,-1,1,-1,1,-1,-1,-1,-1,1,-1,1,1,-1,1,-1,-1,1,1,-1,-1,-1,-1,-1,-1,1,1,-1,-1,1,-1,1,1,-1,-1,-1,1,-1,-1,1,-1,-1,1,-1,-1,1,1,1,-1,1,-1,1,1,1,-1,-1,1,-1,-1,1,1,1,-1,1,-1,-1,1,1,-1,1,1,-1,-1,1,1,1,1,1,-1,-1,1,1,1,1,1,-1,-1,1,1,1,1,1,1,-1,1,1,1,1,1,-1,-1,1,-1,1,1,1,1,-1,-1,1,-1,1,1,1,-1,1,1,1,1,-1,1,-1,1,1,1,1,1,1,1,-1,-1,1,1,1,-1,1,-1,1,1,1,1,1,-1,1,1,1,1,-1,1,1,-1,1,1,-1,1,1,-1,-1,1,1,1,1,-1,1,-1,1,1,1,-1,-1,1,-1,1,1,1,-1,1,-1,-1,-1,1,1,-1,-1,1,-1,-1,1,1,-1,-1,1,-1,1,-1,1,1,-1,1,-1,-1,1,1,-1,-1,-1,1,1,-1,1,-1,1,1,-1,1,1,-1,-1,1,1,-1,-1,-1,1,-1,1,1,1,1,1,-1,-1,-1,-1,-1,-1,-1,-1,-1,-1,1,1,1,1,-1,1,1,-1,1,1,1,1,-1,1,-1,1,1,1,1,-1,1,-1,1,1,1,1,-1,1,-1,1,1,1,1,-1,1,-1,1,1,-1,-1,-1,1,-1,1,1,1,-1,-1,-1,1,-1,1,-1,1,-1,1,-1,1,1,-2672.0,1,2000,445,0,False
578,1,1,-1,-1,1,-1,-1,-1,1,1,1,-1,1,1,1,1,-1,1,-1,-1,-1,1,1,1,1,-1,1,-1,1,1,1,1,-1,-1,-1,-1,1,-1,1,1,-1,-1,1,1,1,1,1,-1,1,1,1,1,-1,1,-1,-1,1,-1,1,1,1,-1,-1,1,1,1,1,1,-1,-1,1,1,1,1,1,-1,-1,-1,1,1,1,-1,-1,-1,1,1,1,1,-1,-1,-1,1,1,1,1,-1,-1,1,1,-1,1,1,-1,-1,1,1,1,1,1,-1,-1,1,1,-1,1,1,-1,-1,1,1,1,1,1,1,-1,-1,1,1,-1,1,1,-1,1,1,1,1,1,1,-1,-1,1,1,1,1,1,-1,1,1,1,1,1,1,-1,-1,-1,1,1,1,1,-1,1,-1,1,1,-1,1,-1,1,-1,1,1,1,-1,-1,1,1,1,1,1,-1,1,-1,-1,1,-1,1,-1,1,1,1,1,1,1,1,1,1,-1,1,-1,1,-1,1,1,-1,1,-1,1,1,-1,1,-1,1,-1,1,-1,1,1,-1,1,-1,1,1,1,1,-1,-1,1,1,-1,-1,1,-1,1,-1,-1,1,-1,1,-1,1,-1,1,-1,1,1,-1,-1,-1,1,1,-1,1,-1,1,1,1,-1,1,1,-1,1,-1,1,-1,1,-1,1,-1,1,1,-1,1,-1,-1,-1,1,1,-1,1,-1,-1,-1,1,1,-1,-1,1,1,-1,-1,1,1,-1,1,1,-1,1,1,1,1,-1,1,-1,1,1,-1,1,-1,1,1,-1,1,1,1,1,1,-1,-1,1,-1,-1,1,1,1,-1,1,1,1,-1,1,-1,-1,1,1,1,-1,1,-1,1,1,1,-1,1,1,-1,1,1,1,-1,1,1,-1,-1,1,1,1,-1,1,-1,1,1,1,-1,1,1,-1,1,1,1,-1,1,-1,-1,1,1,1,-1,1,-1,-1,-1,1,1,-1,1,-1,-1,1,-1,1,-1,1,1,-1,-1,1,1,1,1,1,-1,-1,1,1,-1,1,-1,1,-1,-1,-1,-1,1,1,-1,-1,1,1,-1,1,1,-1,-1,1,1,1,1,1,-1,1,1,1,-1,1,-1,-1,-1,-1,1,1,1,1,-1,-1,1,1,1,1,-1,-1,-1,-1,-1,1,-1,-1,-1,1,-1,1,1,1,1,-1,1,1,-1,1,-1,1,-1,-1,1,-1,1,1,1,1,-1,1,-1,-1,1,1,-1,-1,1,-1,1,1,1,-1,-1,1,-1,-1,1,1,-1,1,1,-1,1,1,-1,-1,1,1,-1,1,-1,-1,-1,1,-1,-1,1,-1,-1,-1,1,-1,-1,1,-1,-1,-1,1,-1,-1,1,1,-1,-1,1,-1,-1,1,-1,-1,-1,1,1,-1,1,-1,-1,-1,1,1,-1,-1,-1,1,-1,1,-1,-1,1,-1,-1,1,-1,1,-1,-1,1,-1,1,-1,1,-1,-1,1,-1,-1,1,1,1,-1,1,-1,1,-1,1,1,1,-1,-1,1,1,-1,-1,-1,1,-1,1,1,-1,1,-1,1,-1,1,1,-1,1,1,1,1,-1,1,-1,1,-1,1,-1,-1,1,-1,-1,1,1,1,-1,1,-1,-1,-1,1,-1,-1,1,-1,1,1,1,1,-1,1,-1,-1,1,1,-1,-1,1,-1,-1,-1,1,1,-1,-1,1,1,-1,-1,-1,-1,1,1,1,1,1,1,-1,-1,1,1,-1,1,-1,-1,1,1,1,1,-1,1,-1,1,-1,1,1,1,1,-1,-1,1,1,1,-1,-1,-1,-1,1,1,1,1,-1,-1,-1,1,1,1,-1,-1,-1,-1,1,1,1,1,-1,-1,1,1,1,1,1,-1,-1,-1,1,1,1,1,-1,-1,-1,1,1,-1,1,-1,-1,-1,1,1,1,1,-1,-1,1,1,1,1,1,-1,1,1,-1,1,1,-1,-1,-1,1,1,1,-1,1,-1,1,1,1,1,1,1,-1,-1,1,-1,1,-1,1,-1,-1,1,-1,1,-1,-1,-1,-1,1,-1,1,1,-1,1,-1,1,1,1,-1,1,1,-1,1,-1,1,-1,-1,-1,-1,1,1,-1,-1,-1,-1,-1,1,-1,1,-1,-1,-1,-1,-1,-1,-1,1,-1,-1,-1,1,-1,-1,1,-1,-1,-1,-1,-1,1,1,-1,-1,-1,-1,-1,1,-1,-1,-1,1,-1,-1,1,-1,1,-1,-1,-1,-1,-1,-1,-1,1,-1,-1,-1,1,1,1,-1,-1,1,-1,-1,-1,-1,-1,1,-1,-1,1,-1,1,-1,-1,-1,-1,1,-1,1,1,-1,1,-1,-1,1,1,-1,-1,-1,-1,-1,-1,1,1,-1,-1,1,-1,1,1,-1,-1,-1,1,-1,-1,1,-1,-1,1,-1,-1,1,1,1,-1,1,-1,1,1,1,-1,-1,1,-1,-1,1,-1,1,-1,1,-1,-1,1,1,-1,1,1,-1,-1,1,1,-1,1,1,-1,-1,1,1,-1,1,1,-1,-1,1,1,1,1,1,1,-1,-1,1,1,-1,1,-1,-1,1,-1,1,1,1,1,-1,-1,1,-1,1,1,1,-1,1,1,1,1,-1,1,-1,1,1,1,1,1,1,1,-1,1,1,1,1,-1,1,-1,1,1,1,1,1,-1,1,1,1,1,-1,1,1,-1,1,1,-1,1,1,-1,-1,1,1,1,1,-1,1,-1,1,1,1,-1,-1,1,-1,1,1,1,-1,1,-1,-1,-1,1,1,-1,-1,1,-1,-1,1,1,-1,-1,1,-1,-1,1,1,1,-1,1,-1,-1,1,1,-1,-1,-1,1,-1,-1,1,-1,1,1,-1,1,1,-1,-1,1,-1,-1,-1,1,1,-1,1,1,-1,1,1,-1,-1,-1,-1,1,-1,-1,-1,-1,1,-1,-1,1,1,-1,1,1,-1,1,1,1,1,-1,1,-1,1,1,1,1,-1,1,-1,-1,1,1,1,-1,1,-1,1,1,1,1,-1,1,-1,1,1,1,-1,-1,1,-1,-1,1,1,-1,-1,-1,1,-1,1,-1,1,-1,1,-1,-1,1,-2672.0,1,2000,445,1500,False
579,1,1,-1,-1,1,1,-1,-1,1,1,1,-1,-1,1,1,1,-1,1,-1,-1,-1,-1,1,1,1,-1,-1,-1,1,1,1,1,1,-1,-1,-1,1,-1,1,1,-1,-1,-1,1,1,1,1,-1,1,1,1,1,-1,1,-1,-1,1,-1,1,1,-1,-1,-1,-1,1,1,1,1,-1,-1,-1,1,1,1,1,-1,-1,-1,1,1,1,-1,-1,-1,1,1,1,1,-1,-1,1,1,1,1,1,-1,-1,-1,1,-1,1,1,-1,-1,1,1,1,1,1,-1,-1,-1,1,1,1,1,-1,-1,1,1,1,1,1,1,-1,-1,1,1,-1,1,1,-1,1,1,1,1,1,1,-1,1,1,1,1,1,1,-1,1,1,1,1,1,1,-1,-1,-1,1,1,1,1,-1,1,1,1,1,-1,1,-1,1,-1,1,1,1,-1,-1,1,1,1,1,1,-1,1,-1,-1,1,-1,1,-1,1,1,1,1,1,1,1,1,1,-1,1,-1,1,-1,1,1,-1,1,-1,1,1,-1,1,-1,1,-1,1,-1,1,1,-1,1,-1,1,1,1,1,-1,-1,1,1,-1,-1,1,-1,1,-1,-1,1,-1,1,-1,1,-1,1,-1,1,1,-1,-1,-1,1,1,-1,1,-1,1,1,1,-1,1,-1,-1,1,-1,1,-1,1,1,1,-1,1,1,-1,1,-1,-1,-1,1,1,-1,1,-1,-1,-1,1,1,-1,-1,1,1,-1,-1,1,1,-1,1,1,-1,1,1,1,1,-1,1,-1,1,1,-1,1,-1,1,1,1,1,1,1,1,1,-1,-1,1,-1,-1,1,1,1,-1,1,1,1,-1,1,1,1,1,1,1,1,1,-1,1,1,1,-1,-1,1,-1,1,1,1,-1,1,1,-1,-1,1,1,1,-1,1,-1,1,1,1,-1,1,1,-1,1,1,1,-1,1,1,-1,1,1,1,-1,1,1,-1,-1,1,1,-1,1,1,-1,1,-1,1,-1,1,1,1,-1,1,1,1,1,1,1,-1,1,1,-1,1,-1,1,-1,-1,-1,-1,1,1,1,-1,1,1,-1,1,1,-1,-1,1,1,1,1,1,-1,1,1,1,-1,1,1,1,-1,-1,1,1,1,-1,1,-1,1,1,1,1,1,1,-1,-1,-1,1,-1,-1,1,-1,1,-1,1,1,1,1,1,1,-1,1,-1,-1,1,-1,1,-1,1,1,1,1,1,1,-1,-1,1,-1,1,1,-1,-1,1,1,1,-1,1,1,-1,-1,1,-1,1,1,-1,-1,1,1,1,1,-1,1,-1,1,-1,1,1,-1,-1,-1,1,-1,1,1,-1,-1,-1,1,-1,1,1,1,-1,-1,1,-1,-1,1,-1,-1,-1,1,-1,1,1,-1,1,-1,1,1,-1,1,-1,-1,-1,-1,1,-1,1,-1,-1,-1,1,-1,-1,1,-1,-1,-1,-1,1,-1,1,-1,-1,-1,-1,1,-1,-1,1,1,1,-1,1,-1,1,-1,1,1,1,-1,-1,-1,1,-1,-1,-1,1,1,-1,1,-1,1,1,1,-1,1,1,-1,1,-1,1,-1,-1,1,-1,-1,1,1,1,-1,1,-1,-1,1,1,-1,-1,1,-1,-1,1,1,-1,-1,1,-1,-1,-1,1,1,-1,1,-1,-1,-1,1,-1,-1,1,-1,1,-1,1,1,-1,-1,1,-1,-1,-1,-1,-1,1,1,1,-1,-1,1,-1,-1,1,-1,-1,1,-1,-1,1,1,-1,-1,1,-1,-1,1,1,-1,1,-1,1,-1,-1,1,1,-1,-1,-1,-1,-1,1,-1,-1,1,-1,-1,-1,1,1,-1,-1,-1,-1,-1,1,-1,-1,-1,-1,-1,1,1,1,-1,-1,-1,-1,-1,1,1,-1,-1,-1,-1,-1,1,1,1,-1,-1,-1,-1,1,1,-1,-1,-1,-1,1,1,1,1,1,-1,1,1,1,1,1,1,-1,-1,1,1,1,1,1,-1,1,1,1,1,-1,1,-1,-1,1,-1,1,-1,1,-1,-1,1,-1,1,1,1,-1,-1,1,-1,1,-1,1,1,-1,1,-1,1,1,1,1,-1,1,-1,1,1,1,-1,-1,1,1,-1,1,1,-1,-1,1,-1,1,-1,1,-1,-1,-1,-1,-1,1,1,-1,-1,1,-1,-1,1,1,-1,-1,-1,-1,1,-1,1,-1,-1,-1,-1,1,-1,-1,-1,1,-1,-1,1,-1,1,-1,-1,-1,-1,-1,-1,1,1,-1,-1,-1,1,1,1,-1,-1,1,1,-1,-1,1,-1,1,-1,-1,1,1,1,-1,-1,-1,-1,1,-1,1,1,-1,1,-1,-1,1,1,-1,-1,-1,-1,-1,-1,1,1,-1,-1,1,-1,1,1,-1,-1,-1,1,-1,1,1,-1,-1,1,-1,-1,1,1,1,-1,1,-1,1,1,1,-1,-1,1,-1,-1,1,1,1,-1,1,-1,-1,1,1,-1,1,1,-1,-1,1,1,1,1,1,-1,-1,1,1,1,1,1,-1,-1,1,1,1,1,1,1,-1,-1,1,1,-1,1,-1,-1,1,-1,1,1,1,1,-1,-1,1,-1,1,1,1,-1,1,1,1,1,-1,1,-1,1,1,1,1,1,1,1,-1,1,1,1,1,-1,1,-1,1,1,1,1,1,-1,1,1,1,1,-1,1,1,-1,1,1,-1,1,1,-1,-1,1,1,1,1,-1,1,-1,1,1,1,-1,-1,1,-1,1,1,1,-1,1,-1,-1,-1,1,1,-1,-1,1,-1,-1,1,1,1,-1,1,-1,-1,1,1,1,-1,1,-1,-1,1,1,-1,-1,-1,1,-1,1,1,-1,1,1,-1,1,1,-1,-1,1,-1,-1,-1,1,1,-1,1,1,-1,1,1,-1,-1,-1,-1,1,-1,-1,-1,-1,1,-1,-1,1,1,-1,1,1,-1,1,1,1,1,-1,1,-1,1,1,1,-1,-1,1,-1,-1,-1,1,-1,1,1,-1,1,1,1,-1,-1,1,-1,1,1,1,1,-1,1,-1,-1,1,1,1,-1,1,1,-1,1,-1,1,-1,1,-1,-1,1,-2672.0,1,2000,445,1000,False
580,1,1,-1,-1,1,-1,-1,-1,1,1,1,-1,1,1,1,1,-1,1,-1,-1,-1,-1,1,1,1,-1,1,-1,1,1,1,1,1,-1,-1,-1,1,1,1,1,-1,-1,-1,1,1,1,1,-1,1,1,1,1,-1,1,-1,-1,1,-1,1,1,1,-1,-1,-1,1,1,1,1,-1,-1,-1,1,1,1,1,-1,-1,-1,1,1,1,-1,-1,-1,1,1,1,1,-1,-1,1,1,1,1,1,-1,-1,-1,1,-1,1,1,-1,-1,1,1,1,1,1,-1,-1,-1,1,1,1,1,-1,-1,1,1,1,1,1,1,-1,-1,1,1,-1,1,1,-1,1,1,1,1,1,1,-1,1,1,1,1,1,1,-1,1,1,1,1,1,1,-1,-1,-1,1,1,1,1,-1,1,1,1,1,-1,1,-1,1,-1,1,1,1,-1,-1,1,1,1,1,1,-1,1,-1,-1,1,-1,1,-1,1,1,1,1,1,1,1,1,1,-1,1,-1,1,-1,1,1,-1,1,-1,1,1,-1,1,-1,1,-1,1,-1,1,1,-1,1,-1,1,1,1,1,-1,-1,1,1,-1,-1,1,-1,1,-1,-1,1,-1,1,-1,1,-1,1,-1,-1,1,-1,-1,-1,1,1,-1,1,-1,1,1,1,-1,1,1,-1,-1,-1,1,-1,1,-1,1,-1,1,1,-1,1,-1,-1,-1,1,1,-1,1,-1,-1,-1,1,1,-1,-1,1,1,-1,-1,1,1,-1,1,1,-1,1,1,1,1,-1,1,-1,1,1,-1,1,-1,1,-1,1,1,1,1,1,1,-1,-1,1,-1,-1,-1,1,1,-1,1,1,1,-1,1,1,1,1,1,1,1,1,-1,1,1,1,-1,-1,1,-1,1,1,1,-1,1,1,-1,-1,1,1,1,-1,1,-1,1,1,1,-1,1,1,-1,1,1,1,-1,1,1,-1,1,1,1,-1,1,1,-1,-1,1,1,-1,1,1,-1,1,-1,1,-1,1,1,1,-1,1,1,1,-1,1,1,-1,1,1,-1,1,1,1,-1,-1,-1,-1,1,1,1,-1,1,1,-1,1,1,-1,-1,1,1,1,1,1,-1,1,1,1,-1,1,1,1,-1,-1,1,1,1,-1,1,-1,1,1,1,1,1,1,-1,-1,-1,1,-1,-1,1,-1,1,-1,1,-1,1,1,1,1,-1,1,-1,-1,1,-1,1,-1,1,1,-1,1,1,1,-1,-1,1,-1,1,1,-1,-1,1,1,1,-1,1,1,-1,-1,1,-1,1,1,-1,-1,1,1,1,1,-1,1,-1,1,-1,1,1,-1,-1,-1,1,-1,1,1,-1,-1,-1,1,-1,1,1,1,-1,-1,1,-1,-1,1,-1,-1,-1,1,-1,1,1,-1,1,-1,1,1,-1,1,-1,-1,-1,-1,1,1,1,-1,-1,-1,1,1,-1,1,-1,-1,-1,-1,1,-1,1,-1,-1,-1,-1,1,-1,-1,1,1,1,-1,1,-1,1,-1,1,-1,1,-1,-1,-1,1,-1,-1,1,1,1,-1,1,-1,1,1,1,-1,1,1,-1,1,-1,1,-1,-1,1,-1,-1,1,1,1,-1,1,-1,-1,1,1,-1,-1,1,-1,-1,1,1,-1,-1,1,-1,-1,-1,1,1,-1,1,1,-1,-1,1,-1,-1,1,-1,1,-1,1,1,-1,-1,1,-1,-1,-1,-1,-1,1,1,1,-1,-1,1,-1,-1,1,-1,-1,1,-1,-1,1,1,-1,-1,1,-1,-1,1,1,-1,1,-1,-1,-1,-1,1,1,-1,-1,-1,-1,1,1,-1,-1,1,-1,-1,-1,1,1,-1,-1,-1,-1,-1,1,-1,-1,-1,-1,-1,1,1,1,-1,-1,-1,-1,-1,1,1,-1,-1,-1,-1,-1,1,1,1,-1,-1,-1,-1,1,1,-1,-1,-1,-1,1,1,1,1,1,-1,1,1,1,1,1,1,-1,-1,1,1,1,1,1,-1,1,1,1,1,-1,1,-1,-1,1,-1,1,-1,1,-1,-1,1,-1,1,1,1,-1,-1,1,-1,1,-1,1,-1,-1,1,-1,1,1,1,-1,-1,1,-1,1,1,1,-1,-1,1,1,-1,1,1,-1,-1,1,-1,1,-1,1,-1,-1,-1,-1,-1,1,1,-1,-1,1,-1,-1,1,1,-1,-1,-1,-1,1,-1,1,-1,-1,-1,-1,1,-1,-1,-1,1,-1,-1,1,-1,1,-1,-1,-1,-1,-1,-1,1,1,-1,-1,-1,1,1,1,-1,-1,1,-1,-1,-1,1,-1,1,-1,-1,1,1,1,-1,-1,-1,-1,1,-1,1,1,-1,1,-1,-1,1,1,-1,-1,-1,-1,-1,-1,1,1,-1,-1,1,-1,1,1,-1,-1,-1,1,-1,1,1,-1,-1,1,-1,-1,1,1,1,-1,1,-1,1,1,1,-1,-1,1,-1,-1,1,1,1,-1,1,-1,-1,1,1,-1,1,1,-1,-1,1,1,1,1,1,-1,-1,1,1,1,1,1,-1,-1,1,1,1,1,-1,1,-1,-1,1,1,1,1,-1,-1,1,-1,1,1,1,1,-1,-1,1,-1,1,1,1,-1,1,1,1,1,-1,1,-1,1,1,1,1,1,1,1,-1,1,1,1,1,-1,1,-1,1,1,1,1,1,-1,1,1,1,1,-1,1,1,-1,1,1,-1,1,1,-1,-1,1,1,1,1,-1,1,-1,1,1,1,-1,-1,1,-1,1,1,1,-1,1,-1,-1,-1,1,1,-1,-1,1,-1,-1,1,1,1,-1,1,-1,-1,1,1,1,-1,-1,-1,-1,1,1,-1,-1,-1,1,-1,-1,1,-1,1,1,-1,1,1,-1,-1,1,1,-1,-1,1,1,-1,1,1,-1,1,1,-1,-1,-1,-1,1,-1,-1,-1,-1,1,-1,-1,1,1,-1,1,1,-1,1,1,1,1,-1,1,-1,1,1,1,-1,-1,1,-1,-1,-1,1,-1,-1,1,-1,1,1,1,-1,-1,1,-1,1,1,1,1,-1,1,-1,-1,1,1,1,-1,-1,1,-1,1,-1,1,-1,1,-1,-1,1,-2672.0,1,2000,445,1500,False
581,1,1,-1,-1,1,-1,-1,-1,1,1,1,-1,1,1,1,1,-1,1,-1,-1,-1,-1,1,1,1,-1,-1,-1,1,1,1,1,1,-1,-1,-1,1,1,1,1,-1,-1,-1,1,1,1,1,-1,1,1,1,1,1,1,-1,-1,1,-1,1,1,1,-1,-1,-1,1,1,1,1,-1,-1,-1,1,1,1,1,-1,-1,-1,1,1,1,-1,-1,-1,1,1,1,1,-1,-1,-1,1,1,1,1,-1,-1,1,1,-1,1,1,-1,-1,1,1,1,1,1,-1,-1,-1,1,1,1,1,-1,-1,1,1,1,1,1,1,-1,-1,1,1,-1,1,1,-1,1,1,1,1,1,1,-1,1,1,1,1,1,1,-1,1,1,1,1,1,1,-1,-1,-1,1,1,1,1,-1,1,1,1,1,-1,1,-1,1,-1,1,1,1,-1,-1,1,1,1,1,1,-1,1,-1,-1,1,-1,1,-1,1,1,1,1,1,1,1,1,1,-1,1,-1,1,-1,1,1,-1,1,-1,1,1,-1,1,-1,1,-1,1,-1,1,1,-1,1,-1,1,1,1,1,-1,-1,1,1,-1,-1,1,-1,1,-1,-1,1,-1,1,-1,1,-1,1,-1,-1,1,-1,1,-1,1,1,-1,1,-1,1,1,1,-1,1,1,-1,-1,-1,1,-1,1,-1,1,-1,1,1,-1,1,-1,-1,-1,1,1,-1,1,-1,-1,-1,1,1,-1,-1,1,1,-1,-1,1,1,-1,1,1,-1,1,1,1,1,-1,1,-1,1,1,-1,1,-1,1,1,-1,1,1,1,1,1,-1,-1,1,-1,-1,-1,1,1,-1,1,1,1,-1,1,-1,-1,1,1,1,1,1,-1,1,1,1,-1,1,1,-1,1,1,1,-1,1,1,-1,-1,1,1,1,-1,1,-1,1,1,1,-1,1,1,-1,1,1,1,-1,1,-1,-1,1,1,1,-1,1,-1,-1,-1,1,1,-1,1,-1,-1,1,-1,1,-1,1,1,-1,-1,1,1,1,1,1,-1,-1,1,1,-1,1,-1,1,-1,-1,-1,-1,1,1,-1,-1,1,1,-1,1,1,-1,-1,1,1,1,1,1,-1,1,1,1,-1,1,-1,-1,-1,-1,1,1,1,1,-1,-1,1,1,1,1,-1,-1,-1,-1,-1,1,-1,-1,-1,1,-1,1,1,1,1,-1,1,1,-1,1,-1,1,-1,-1,1,-1,1,1,1,1,-1,1,-1,-1,1,1,-1,-1,1,-1,1,1,1,-1,-1,1,-1,-1,1,1,-1,1,1,-1,1,1,-1,-1,1,1,-1,1,-1,-1,-1,1,-1,-1,1,-1,-1,-1,1,-1,-1,1,-1,-1,-1,1,-1,-1,1,1,-1,-1,1,-1,-1,1,-1,-1,-1,1,1,-1,1,-1,-1,-1,1,1,-1,-1,-1,1,-1,1,-1,-1,1,-1,-1,1,-1,1,-1,-1,1,-1,1,-1,1,1,-1,1,-1,-1,1,1,1,-1,1,-1,1,-1,-1,-1,1,-1,-1,-1,1,-1,-1,-1,1,1,-1,1,-1,1,-1,1,-1,1,1,-1,1,1,1,-1,-1,1,-1,1,-1,1,1,-1,1,-1,-1,1,1,-1,-1,1,-1,-1,-1,1,-1,-1,1,-1,1,1,1,1,-1,1,-1,-1,1,1,-1,-1,1,-1,-1,-1,1,1,-1,-1,1,1,-1,1,-1,-1,1,1,1,1,1,1,-1,-1,1,1,-1,1,-1,-1,-1,1,1,1,-1,-1,-1,1,-1,1,1,1,-1,-1,-1,1,1,1,-1,-1,-1,1,1,1,1,1,-1,-1,-1,1,1,1,-1,-1,-1,-1,1,1,1,1,-1,-1,1,1,1,1,1,-1,-1,-1,1,1,1,1,-1,-1,-1,1,1,-1,1,-1,-1,-1,1,1,1,1,-1,-1,1,1,1,1,1,-1,1,1,-1,1,1,-1,-1,-1,1,1,1,1,1,-1,1,1,1,1,1,1,-1,-1,1,-1,1,-1,1,-1,-1,1,-1,1,1,-1,-1,-1,1,-1,1,1,-1,-1,-1,1,1,1,-1,1,-1,-1,1,-1,1,-1,-1,-1,-1,1,1,-1,-1,-1,-1,-1,1,-1,1,-1,-1,-1,-1,-1,-1,-1,1,-1,-1,-1,1,-1,-1,1,-1,-1,-1,-1,-1,1,1,-1,-1,-1,-1,-1,1,-1,-1,-1,1,-1,-1,1,-1,1,-1,-1,-1,-1,-1,-1,-1,1,-1,-1,-1,1,1,-1,-1,-1,1,1,-1,-1,-1,-1,1,-1,-1,1,1,1,-1,-1,-1,-1,1,-1,1,-1,-1,1,-1,-1,1,1,-1,-1,-1,-1,-1,-1,1,1,-1,-1,1,-1,1,1,-1,-1,-1,1,-1,1,1,-1,-1,1,-1,-1,1,1,1,-1,1,-1,1,1,1,-1,-1,1,-1,-1,1,1,1,-1,1,-1,-1,1,1,-1,1,1,-1,-1,1,1,-1,1,1,-1,-1,1,1,1,1,1,-1,-1,1,1,1,1,-1,1,-1,-1,1,1,-1,1,-1,-1,1,-1,1,1,1,1,-1,-1,1,-1,1,1,1,-1,1,1,1,1,-1,1,-1,1,1,1,1,1,1,1,-1,1,1,1,1,-1,1,-1,1,1,1,1,1,-1,1,1,1,1,-1,1,1,-1,1,1,-1,1,1,-1,-1,1,1,1,1,-1,1,-1,1,1,1,-1,-1,1,-1,1,1,1,-1,1,-1,-1,-1,1,1,-1,-1,1,-1,-1,1,1,-1,-1,1,-1,-1,1,1,1,-1,1,-1,-1,1,1,-1,-1,-1,1,-1,-1,1,-1,1,1,-1,1,1,-1,-1,1,-1,-1,-1,1,1,-1,1,1,-1,1,1,-1,-1,-1,-1,1,-1,-1,-1,-1,-1,-1,-1,1,1,-1,1,1,-1,1,1,1,1,-1,1,-1,1,1,1,-1,-1,1,-1,-1,1,1,-1,-1,1,-1,1,1,1,-1,-1,1,-1,1,1,1,1,-1,1,-1,-1,1,1,-1,-1,-1,1,-1,1,-1,1,-1,1,-1,-1,1,-2672.0,1,2000,445,1000,False
582,1,1,-1,-1,1,1,-1,-1,1,1,1,-1,1,1,1,1,-1,1,1,-1,-1,1,1,1,1,1,-1,-1,1,1,1,1,-1,-1,-1,1,1,-1,1,1,-1,-1,1,1,1,1,1,-1,1,1,1,1,-1,1,-1,-1,1,-1,1,1,1,-1,-1,1,1,1,1,1,-1,-1,1,1,1,1,1,-1,-1,-1,1,1,1,-1,-1,-1,1,1,1,1,-1,-1,-1,1,1,1,1,-1,-1,1,1,-1,1,1,-1,-1,1,1,1,1,1,-1,-1,-1,1,-1,1,1,-1,-1,1,1,1,1,1,1,-1,-1,1,1,-1,1,1,-1,1,1,1,1,1,1,-1,1,1,1,1,1,1,-1,1,1,1,1,1,1,-1,-1,-1,1,1,1,1,-1,1,-1,1,1,-1,1,-1,1,-1,1,1,1,-1,-1,1,1,1,1,1,-1,1,-1,-1,1,-1,1,-1,1,1,1,1,1,1,1,1,1,-1,1,-1,1,-1,1,1,-1,1,-1,1,1,-1,1,-1,1,-1,1,-1,1,1,-1,1,-1,1,1,1,1,-1,-1,1,1,-1,-1,1,-1,1,-1,-1,1,-1,1,-1,1,-1,1,-1,-1,1,-1,-1,-1,1,1,-1,1,-1,1,1,1,-1,1,1,-1,-1,-1,1,-1,1,-1,1,-1,1,1,-1,1,-1,-1,-1,1,1,-1,1,-1,-1,-1,1,1,-1,-1,1,1,-1,-1,1,1,-1,1,1,-1,1,1,1,1,-1,1,-1,1,1,-1,1,-1,1,1,-1,1,1,1,1,1,-1,-1,1,-1,-1,-1,1,1,-1,1,1,1,-1,1,-1,-1,1,1,1,1,1,-1,1,1,1,-1,1,1,-1,1,1,1,-1,1,1,-1,-1,1,1,1,-1,1,-1,1,1,1,-1,1,1,-1,1,1,1,-1,1,-1,-1,1,1,1,-1,1,-1,-1,-1,1,1,-1,1,-1,-1,1,-1,1,-1,1,1,-1,-1,1,1,1,1,1,-1,-1,1,1,-1,1,-1,1,-1,-1,-1,-1,1,1,-1,-1,1,1,-1,1,1,-1,-1,1,1,1,1,1,-1,1,1,1,-1,1,-1,-1,-1,-1,1,1,1,1,-1,-1,1,1,1,1,-1,-1,-1,-1,-1,1,-1,-1,-1,1,-1,1,1,1,1,-1,1,1,-1,1,-1,1,-1,-1,1,-1,1,1,1,1,-1,1,-1,-1,1,1,-1,-1,1,-1,1,1,1,-1,-1,1,-1,-1,1,1,-1,1,1,-1,1,1,-1,-1,1,1,-1,1,-1,-1,-1,1,-1,-1,1,-1,-1,-1,1,-1,-1,1,-1,-1,-1,1,-1,-1,1,1,-1,-1,1,-1,-1,1,-1,-1,-1,1,1,-1,1,-1,-1,-1,1,1,-1,-1,-1,1,-1,1,-1,-1,1,-1,-1,1,-1,1,-1,-1,1,-1,1,-1,1,1,-1,1,-1,-1,1,1,1,-1,1,-1,1,-1,-1,-1,1,-1,-1,1,1,-1,-1,-1,1,-1,1,1,-1,1,-1,1,-1,1,1,-1,1,1,1,1,-1,1,-1,1,-1,1,-1,-1,1,-1,-1,1,1,-1,-1,1,-1,-1,-1,1,-1,-1,1,-1,1,1,1,1,-1,1,-1,-1,1,1,-1,-1,1,-1,-1,-1,1,-1,-1,-1,1,1,-1,1,-1,-1,1,1,1,1,1,1,-1,-1,1,1,-1,1,-1,-1,1,1,1,1,-1,1,-1,1,-1,1,1,1,1,-1,-1,1,1,1,-1,-1,-1,1,1,1,1,1,-1,-1,-1,1,1,1,-1,-1,-1,-1,1,1,1,1,-1,-1,1,1,1,1,1,-1,-1,-1,1,1,1,1,-1,-1,-1,1,1,-1,1,-1,-1,-1,1,1,1,1,-1,-1,1,1,1,1,1,-1,1,1,-1,1,1,-1,-1,-1,1,1,1,1,1,-1,1,1,1,1,1,1,-1,-1,1,-1,1,-1,1,-1,-1,1,-1,1,1,-1,-1,-1,1,-1,1,1,-1,1,-1,1,1,1,-1,1,1,-1,1,-1,1,-1,-1,-1,-1,1,1,-1,-1,-1,-1,-1,1,-1,1,-1,-1,-1,-1,-1,-1,-1,1,-1,-1,-1,1,-1,-1,1,-1,-1,-1,-1,-1,-1,1,-1,-1,-1,-1,-1,1,-1,-1,-1,1,-1,-1,1,-1,1,-1,-1,-1,-1,-1,-1,-1,1,-1,-1,-1,1,1,-1,-1,-1,1,1,-1,-1,-1,-1,1,-1,-1,1,-1,1,-1,-1,-1,-1,1,-1,1,1,-1,1,-1,-1,1,1,-1,-1,-1,-1,-1,-1,1,1,-1,-1,1,-1,1,1,-1,-1,-1,1,-1,1,1,-1,-1,1,-1,-1,1,1,1,-1,1,-1,1,1,1,-1,-1,1,-1,-1,1,1,1,-1,1,-1,-1,1,1,-1,1,1,-1,-1,1,1,-1,1,1,-1,-1,1,1,-1,1,1,-1,-1,1,1,1,1,-1,1,-1,-1,1,-1,1,1,-1,-1,1,-1,1,1,1,1,-1,-1,1,-1,1,1,1,-1,1,1,1,1,-1,1,-1,1,1,1,1,1,1,1,-1,1,1,1,1,-1,1,-1,1,1,1,1,1,-1,1,1,1,1,-1,1,1,-1,1,1,-1,1,1,-1,-1,1,1,1,1,-1,1,-1,1,1,1,-1,-1,1,-1,1,1,1,-1,1,-1,-1,-1,1,1,-1,-1,1,-1,-1,1,1,1,-1,1,-1,-1,1,1,1,-1,1,-1,-1,1,1,-1,-1,-1,1,-1,1,1,-1,1,1,-1,1,1,-1,-1,1,-1,-1,-1,1,1,-1,1,1,-1,1,1,-1,-1,-1,-1,1,-1,-1,-1,-1,1,-1,-1,1,1,-1,1,1,-1,1,1,1,1,-1,1,-1,1,1,1,-1,-1,1,-1,-1,1,1,-1,-1,1,-1,1,1,1,-1,-1,1,-1,1,1,1,1,-1,1,-1,-1,1,1,-1,-1,-1,1,-1,1,1,1,-1,1,-1,-1,1,-2672.0,1,2000,445,1500,False
583,1,1,-1,-1,1,1,-1,-1,1,1,1,-1,-1,1,1,1,-1,1,1,-1,1,-1,1,1,1,1,-1,-1,1,1,1,1,-1,-1,-1,-1,1,-1,1,1,-1,-1,-1,1,1,1,1,-1,1,1,1,1,-1,1,-1,-1,1,-1,1,1,1,-1,-1,-1,1,1,1,1,-1,-1,-1,1,1,1,1,-1,-1,-1,1,1,1,-1,-1,-1,1,1,1,1,-1,-1,-1,1,1,1,1,-1,-1,1,1,-1,1,1,-1,-1,1,1,1,1,1,-1,-1,1,1,1,1,1,-1,-1,1,1,1,1,1,1,-1,1,1,1,-1,1,1,-1,1,1,1,1,1,1,-1,-1,1,1,1,1,1,-1,1,1,1,1,1,1,-1,-1,-1,1,1,1,1,-1,1,1,1,1,-1,1,-1,1,-1,1,1,1,-1,-1,1,1,1,1,1,-1,1,-1,-1,1,-1,1,-1,1,1,1,1,1,1,1,1,1,-1,1,-1,1,-1,1,1,-1,1,-1,1,1,-1,1,-1,1,-1,1,-1,1,1,-1,1,-1,1,1,1,1,-1,-1,1,1,-1,-1,1,-1,1,-1,1,1,-1,1,-1,1,-1,1,-1,-1,1,-1,-1,-1,1,1,-1,1,-1,1,1,1,-1,1,1,-1,1,-1,1,-1,1,-1,1,-1,1,1,-1,1,-1,-1,-1,1,1,-1,1,-1,-1,-1,1,1,-1,-1,1,1,-1,-1,1,1,-1,1,1,-1,1,1,1,1,-1,1,-1,1,1,-1,1,-1,1,-1,1,1,1,1,1,1,-1,-1,1,-1,-1,-1,1,1,-1,1,1,1,-1,1,1,1,1,1,1,1,1,-1,1,1,1,-1,1,1,-1,1,1,1,-1,1,1,-1,-1,1,1,1,-1,1,-1,1,1,1,-1,1,1,-1,1,1,1,-1,1,1,-1,1,1,1,-1,1,1,1,-1,1,1,-1,1,1,-1,1,-1,1,-1,1,1,1,-1,1,1,1,-1,1,1,-1,1,1,-1,1,1,1,-1,-1,-1,-1,1,1,1,-1,1,1,-1,1,1,-1,-1,1,1,1,1,1,-1,1,1,1,-1,1,1,1,-1,-1,1,1,-1,-1,1,-1,1,-1,1,-1,1,1,-1,-1,-1,1,-1,-1,1,1,-1,1,1,-1,1,1,1,1,-1,1,-1,-1,1,-1,1,-1,1,-1,1,1,1,1,-1,-1,1,-1,1,1,1,-1,1,1,1,-1,1,1,-1,1,-1,-1,1,1,1,-1,1,-1,1,1,1,1,-1,1,-1,1,1,1,-1,1,1,1,1,1,1,-1,-1,1,-1,1,1,1,-1,1,-1,-1,-1,1,1,-1,-1,1,-1,1,1,1,1,-1,1,-1,-1,1,1,1,-1,-1,-1,-1,1,1,-1,-1,1,-1,-1,1,-1,1,-1,-1,1,-1,1,-1,1,1,-1,1,-1,-1,1,1,1,-1,1,-1,1,-1,1,-1,1,-1,-1,-1,1,-1,-1,-1,1,1,-1,1,-1,1,1,1,-1,1,1,-1,1,-1,1,-1,-1,1,-1,-1,1,1,1,-1,1,-1,-1,1,1,-1,-1,1,-1,-1,1,1,-1,-1,1,-1,-1,-1,1,1,-1,1,1,-1,-1,1,-1,-1,1,-1,1,-1,1,1,-1,-1,1,-1,-1,-1,-1,-1,1,1,1,-1,-1,1,-1,-1,1,-1,-1,1,-1,-1,1,1,-1,-1,1,-1,-1,1,1,-1,1,-1,-1,-1,-1,1,1,-1,-1,-1,-1,-1,1,-1,-1,1,-1,-1,-1,1,1,-1,-1,-1,-1,-1,1,-1,-1,-1,-1,-1,1,1,1,-1,-1,-1,-1,-1,1,1,-1,-1,-1,-1,-1,1,1,1,-1,-1,-1,-1,1,1,-1,-1,-1,-1,1,1,1,1,-1,-1,1,1,1,1,1,-1,-1,-1,1,1,1,-1,1,-1,1,1,1,1,-1,1,-1,-1,1,-1,1,-1,1,-1,-1,1,-1,1,-1,-1,-1,-1,1,-1,1,-1,1,1,-1,1,-1,1,-1,1,1,-1,1,-1,1,-1,-1,-1,-1,1,1,-1,-1,-1,-1,-1,1,-1,1,-1,-1,-1,-1,-1,-1,-1,1,-1,-1,-1,1,-1,-1,1,-1,-1,-1,-1,-1,-1,1,-1,-1,-1,-1,-1,1,-1,-1,-1,1,-1,-1,1,-1,1,-1,-1,-1,-1,-1,-1,-1,1,-1,-1,-1,1,1,1,-1,-1,-1,1,-1,-1,-1,-1,1,-1,-1,1,-1,1,-1,-1,-1,-1,1,-1,1,1,-1,1,-1,-1,1,1,-1,-1,-1,-1,-1,-1,1,1,-1,-1,1,-1,1,1,-1,-1,-1,1,-1,1,1,-1,-1,1,-1,-1,1,1,1,-1,1,-1,1,1,1,-1,-1,1,-1,-1,1,1,1,-1,1,-1,-1,1,1,-1,1,1,-1,-1,1,1,-1,1,1,-1,-1,1,1,-1,1,1,-1,-1,1,1,1,1,-1,1,-1,1,1,-1,1,1,-1,-1,1,-1,1,1,1,1,-1,-1,1,-1,1,1,1,-1,1,1,1,1,-1,1,-1,1,1,1,1,1,1,1,-1,1,1,1,1,-1,1,-1,1,1,1,1,1,-1,1,1,1,1,-1,1,1,-1,1,1,-1,1,1,-1,-1,1,1,1,1,-1,1,-1,1,1,1,-1,-1,1,-1,1,1,1,-1,1,-1,-1,-1,1,1,-1,-1,1,-1,-1,1,1,1,-1,1,-1,1,1,1,1,-1,1,-1,-1,1,1,-1,-1,-1,1,1,1,1,-1,1,1,-1,1,1,-1,-1,1,1,-1,-1,1,1,-1,1,1,1,1,1,-1,-1,-1,-1,-1,-1,-1,-1,-1,-1,1,1,1,1,-1,1,1,-1,1,1,1,1,-1,1,-1,1,1,1,1,-1,1,-1,1,1,1,1,-1,1,-1,1,1,1,1,-1,1,-1,1,1,-1,-1,-1,1,-1,1,1,1,-1,-1,-1,1,-1,1,-1,1,-1,1,-1,1,1,-2672.0,1,2000,445,1000,False
584,1,1,-1,-1,1,1,-1,-1,1,1,1,-1,1,1,1,1,-1,1,-1,-1,-1,-1,1,1,1,-1,-1,-1,1,1,1,1,-1,-1,-1,-1,1,-1,1,1,-1,-1,-1,1,1,1,1,-1,1,1,1,1,-1,1,-1,-1,1,-1,1,1,1,-1,-1,-1,1,1,1,1,-1,-1,-1,1,1,1,1,-1,-1,-1,1,1,1,-1,-1,-1,1,1,1,1,-1,-1,1,1,1,1,1,-1,-1,-1,1,-1,1,1,-1,-1,1,1,1,1,1,-1,-1,-1,1,-1,1,1,-1,-1,1,1,1,1,1,1,-1,-1,1,1,-1,1,1,-1,1,1,1,1,1,1,-1,1,1,1,1,1,1,-1,1,1,1,1,1,1,-1,-1,-1,1,1,1,1,-1,1,1,1,1,-1,1,-1,1,-1,1,1,1,-1,-1,1,1,1,1,1,-1,1,-1,-1,1,-1,1,-1,1,1,1,1,1,1,1,1,1,-1,1,-1,1,-1,1,1,-1,1,-1,1,1,-1,1,-1,1,-1,1,-1,1,1,-1,-1,-1,1,1,1,1,-1,-1,1,1,-1,-1,1,-1,1,-1,1,1,-1,1,-1,1,-1,1,-1,1,1,-1,-1,-1,1,1,-1,1,-1,1,1,1,-1,1,1,-1,-1,-1,1,-1,1,-1,1,-1,1,1,-1,1,-1,-1,-1,1,1,-1,1,-1,-1,-1,1,1,-1,-1,1,1,-1,-1,1,1,-1,1,1,-1,1,1,1,1,-1,1,-1,1,1,-1,1,-1,1,-1,1,1,1,1,1,1,-1,-1,1,-1,-1,-1,1,1,-1,1,1,1,-1,1,1,1,1,1,1,1,1,-1,1,1,1,-1,1,1,-1,1,1,1,-1,1,1,-1,-1,1,1,1,-1,1,-1,1,1,1,-1,1,1,-1,1,1,1,-1,1,1,-1,1,1,1,-1,1,1,-1,-1,1,1,-1,1,1,-1,1,-1,1,-1,1,1,1,-1,1,1,1,-1,1,1,-1,1,1,-1,1,-1,1,-1,-1,-1,-1,1,1,1,-1,1,1,-1,1,1,-1,-1,1,1,1,1,1,-1,1,1,1,-1,1,1,1,1,-1,1,1,-1,-1,1,-1,1,-1,1,-1,1,1,-1,-1,-1,1,-1,-1,1,-1,1,-1,1,-1,1,1,1,-1,-1,1,-1,-1,1,-1,1,-1,1,-1,1,1,1,1,-1,-1,1,-1,1,1,-1,-1,1,1,1,-1,1,-1,-1,1,-1,-1,1,1,-1,-1,1,-1,1,1,-1,1,-1,1,-1,-1,1,-1,-1,1,1,-1,1,1,-1,-1,-1,1,-1,1,1,1,-1,1,-1,-1,-1,1,-1,-1,-1,1,-1,1,1,1,-1,-1,1,-1,-1,1,-1,-1,-1,1,-1,-1,1,-1,-1,-1,1,-1,-1,1,-1,-1,-1,-1,1,-1,1,-1,-1,1,-1,1,-1,-1,1,1,1,-1,1,-1,1,1,1,-1,1,-1,-1,-1,1,-1,-1,1,1,1,-1,1,-1,1,1,1,-1,1,1,-1,1,-1,1,-1,-1,1,-1,-1,1,1,1,-1,1,-1,-1,1,1,-1,-1,1,-1,-1,1,1,-1,-1,1,-1,-1,-1,1,1,-1,1,1,-1,-1,1,-1,-1,1,-1,1,-1,1,1,-1,-1,1,-1,-1,-1,-1,-1,1,1,1,-1,-1,1,-1,-1,1,-1,-1,1,-1,-1,1,1,-1,-1,1,1,-1,1,1,-1,1,-1,1,-1,-1,1,1,-1,-1,-1,-1,1,1,-1,-1,1,-1,-1,-1,1,1,-1,-1,-1,-1,-1,1,-1,-1,-1,-1,-1,-1,1,1,-1,-1,-1,-1,1,1,1,-1,-1,-1,-1,-1,1,1,1,-1,-1,-1,-1,1,1,-1,-1,-1,-1,1,1,1,1,1,-1,1,1,1,1,1,1,-1,-1,1,1,1,-1,-1,-1,1,1,1,1,-1,1,-1,-1,1,-1,1,-1,1,-1,-1,1,-1,1,-1,1,-1,-1,1,-1,1,-1,1,1,-1,1,-1,1,1,1,1,-1,1,-1,1,1,1,-1,-1,1,1,-1,1,1,-1,-1,1,-1,1,-1,1,-1,-1,-1,-1,-1,1,1,-1,-1,1,-1,-1,1,1,-1,-1,-1,-1,1,-1,1,-1,-1,-1,-1,1,1,-1,-1,1,-1,-1,1,-1,1,-1,-1,-1,-1,-1,1,1,1,-1,-1,-1,1,1,1,-1,-1,-1,1,-1,-1,1,-1,1,-1,-1,1,1,1,-1,-1,-1,-1,1,-1,1,1,-1,1,-1,-1,1,1,-1,-1,-1,-1,-1,-1,1,1,-1,-1,1,-1,1,1,-1,-1,-1,1,-1,1,1,-1,-1,1,-1,-1,1,1,1,-1,1,-1,1,1,1,-1,-1,1,-1,-1,1,1,1,-1,1,-1,-1,1,1,-1,1,1,-1,-1,1,1,-1,1,1,-1,-1,1,1,-1,1,1,-1,-1,1,1,1,1,1,1,-1,1,1,1,-1,1,-1,-1,1,-1,1,1,1,1,-1,-1,1,-1,1,1,1,-1,1,1,1,1,-1,1,-1,1,1,1,1,1,1,1,-1,-1,1,1,1,-1,1,-1,1,1,1,1,1,-1,1,1,1,1,-1,1,1,-1,-1,1,-1,1,1,-1,-1,1,1,1,1,-1,1,-1,1,1,1,-1,-1,1,-1,1,1,1,-1,1,-1,-1,-1,1,1,-1,-1,1,-1,-1,1,1,-1,-1,1,-1,1,1,1,1,-1,1,-1,-1,1,1,-1,-1,-1,1,1,1,1,-1,1,1,-1,1,1,-1,-1,1,1,-1,-1,1,1,-1,1,1,1,1,1,-1,-1,-1,-1,1,-1,-1,-1,-1,-1,1,1,1,1,-1,1,1,-1,1,1,1,1,-1,1,-1,1,1,1,-1,-1,1,-1,1,1,1,-1,-1,1,-1,1,1,1,-1,-1,1,-1,1,1,1,1,-1,1,-1,1,1,1,1,-1,-1,1,-1,1,1,1,-1,1,-1,1,1,-2672.0,1,2000,445,1500,False
585,1,1,-1,-1,1,1,-1,-1,1,1,1,-1,-1,1,1,1,-1,1,-1,-1,1,-1,1,1,1,-1,-1,-1,1,1,1,1,-1,-1,-1,-1,1,1,1,1,-1,-1,-1,1,1,1,1,-1,1,1,1,1,-1,1,-1,-1,1,-1,1,1,1,-1,-1,-1,1,1,1,1,-1,-1,-1,1,1,1,1,-1,-1,-1,1,1,1,-1,-1,-1,1,1,1,1,-1,-1,-1,1,1,1,1,-1,-1,1,1,-1,1,1,-1,-1,1,1,1,1,1,-1,-1,1,1,1,1,1,-1,-1,1,1,1,1,1,1,-1,1,1,1,-1,1,1,-1,1,1,1,1,1,1,-1,-1,1,1,1,1,1,-1,1,1,1,1,1,1,-1,-1,-1,1,1,1,1,-1,1,1,1,1,-1,1,-1,1,-1,1,1,1,-1,-1,1,1,1,1,1,-1,1,-1,-1,1,-1,1,-1,1,1,1,1,1,1,1,1,1,1,1,-1,1,-1,1,1,-1,1,-1,1,1,-1,1,-1,1,-1,1,-1,1,1,-1,1,-1,1,1,1,1,-1,-1,1,1,-1,-1,1,-1,1,-1,1,1,-1,1,-1,1,-1,1,-1,-1,1,-1,-1,-1,1,1,-1,1,-1,1,1,1,-1,1,1,-1,1,-1,1,-1,1,-1,1,-1,1,1,-1,1,-1,-1,-1,1,1,-1,1,-1,-1,-1,1,1,-1,-1,1,1,-1,-1,1,1,-1,1,1,-1,1,1,1,1,-1,1,-1,1,1,-1,1,-1,1,1,-1,1,1,1,1,1,-1,-1,1,-1,-1,-1,1,1,-1,1,1,1,-1,1,-1,-1,1,1,1,1,1,-1,1,1,1,-1,1,1,-1,1,1,1,-1,1,1,-1,-1,1,1,1,-1,1,-1,1,1,1,-1,1,1,-1,1,1,1,-1,1,-1,-1,1,1,1,-1,1,-1,-1,-1,1,1,-1,1,-1,-1,1,-1,1,-1,1,1,-1,-1,1,1,1,-1,1,-1,-1,1,1,-1,1,-1,-1,-1,-1,-1,-1,1,-1,-1,-1,1,1,-1,1,-1,-1,-1,1,1,1,1,-1,-1,1,1,1,-1,1,-1,-1,-1,-1,1,1,-1,1,-1,-1,1,-1,1,-1,-1,-1,1,-1,-1,1,-1,1,-1,-1,1,-1,1,-1,-1,-1,1,1,-1,1,-1,1,-1,-1,1,-1,1,-1,-1,-1,-1,1,-1,-1,1,1,-1,-1,1,-1,1,1,-1,1,-1,1,-1,1,-1,1,-1,-1,1,-1,1,-1,-1,-1,1,1,-1,1,-1,1,-1,1,-1,1,1,-1,1,-1,1,-1,-1,1,-1,-1,-1,1,-1,1,-1,-1,1,-1,1,-1,-1,1,-1,-1,1,-1,1,-1,1,-1,1,-1,1,1,-1,1,-1,1,-1,1,-1,-1,1,-1,1,1,1,1,-1,-1,1,1,-1,1,1,-1,-1,1,1,1,-1,1,1,-1,1,1,1,1,1,1,1,-1,-1,-1,1,-1,1,1,-1,1,-1,1,-1,1,-1,-1,-1,1,1,-1,1,1,-1,-1,-1,1,-1,1,1,-1,1,-1,1,-1,-1,-1,-1,-1,-1,1,-1,-1,-1,-1,-1,-1,1,-1,1,1,1,1,-1,1,-1,1,1,-1,-1,-1,1,-1,-1,1,-1,1,-1,-1,1,1,1,1,-1,-1,1,1,1,1,-1,1,-1,-1,1,1,1,-1,-1,-1,1,1,1,1,-1,-1,-1,1,-1,1,-1,1,-1,-1,-1,1,1,1,-1,-1,-1,-1,1,1,1,1,-1,-1,-1,1,1,1,1,-1,-1,-1,1,1,1,-1,-1,-1,1,1,1,1,1,-1,-1,-1,1,1,1,1,-1,-1,-1,1,1,-1,1,-1,-1,-1,1,1,1,1,-1,-1,1,1,1,1,-1,-1,1,1,-1,1,1,-1,-1,-1,1,1,1,1,1,-1,1,1,1,1,1,-1,-1,-1,1,-1,1,-1,-1,-1,-1,1,-1,1,1,-1,-1,-1,1,-1,1,1,-1,-1,-1,1,1,1,1,-1,-1,-1,1,-1,1,1,-1,-1,-1,1,1,-1,-1,-1,-1,-1,1,-1,1,-1,-1,-1,-1,-1,-1,-1,1,-1,-1,-1,1,-1,-1,1,-1,-1,-1,-1,-1,1,1,-1,-1,-1,-1,-1,1,-1,-1,-1,1,-1,-1,1,-1,1,-1,-1,-1,-1,-1,-1,-1,1,-1,-1,-1,1,1,1,-1,-1,-1,1,-1,-1,-1,-1,1,-1,-1,1,1,1,-1,-1,-1,-1,1,-1,1,1,-1,1,-1,-1,1,1,-1,-1,-1,-1,-1,-1,1,1,-1,-1,1,-1,1,1,-1,-1,-1,1,-1,1,1,-1,-1,1,-1,-1,1,1,1,-1,1,-1,1,1,1,-1,-1,1,-1,-1,1,1,1,-1,1,-1,-1,1,1,-1,1,1,-1,-1,1,1,-1,1,1,-1,-1,1,1,-1,1,1,-1,-1,1,1,1,1,-1,1,-1,1,1,1,1,1,-1,-1,1,-1,1,1,1,1,-1,-1,1,-1,1,1,1,-1,1,1,1,1,-1,1,-1,1,1,1,1,1,1,1,-1,-1,1,1,1,-1,1,-1,1,1,1,1,1,-1,1,1,1,1,-1,1,1,-1,1,1,-1,1,1,-1,-1,1,1,1,1,-1,1,-1,1,1,1,-1,-1,1,-1,1,1,1,-1,1,-1,-1,-1,1,1,-1,-1,1,-1,-1,1,1,-1,-1,1,-1,1,1,1,1,-1,-1,-1,-1,1,1,-1,-1,-1,1,1,1,1,-1,1,1,-1,1,1,-1,-1,1,1,-1,-1,1,1,-1,1,1,1,1,1,-1,-1,-1,-1,-1,-1,-1,-1,-1,-1,1,1,1,1,-1,1,1,-1,1,1,1,1,-1,1,-1,1,1,1,1,-1,1,-1,1,1,1,1,-1,1,-1,1,1,1,1,-1,1,-1,1,1,-1,-1,-1,1,-1,1,1,1,-1,-1,-1,1,-1,1,-1,1,-1,1,-1,1,1,-2672.0,1,2000,445,1000,False
586,1,1,-1,-1,1,-1,-1,-1,1,1,1,-1,1,1,1,1,-1,1,-1,-1,1,-1,1,1,1,-1,-1,-1,1,1,1,1,1,-1,-1,-1,1,1,1,-1,-1,-1,-1,1,1,1,1,-1,1,1,1,1,-1,1,-1,-1,1,-1,1,1,1,-1,-1,-1,1,1,1,1,-1,-1,-1,1,1,1,1,-1,-1,-1,1,1,1,-1,-1,-1,1,1,1,1,-1,-1,-1,1,1,1,1,-1,-1,1,1,-1,1,1,-1,-1,1,1,1,1,1,-1,-1,1,1,1,1,1,-1,-1,1,1,1,1,1,1,-1,-1,1,1,-1,1,1,-1,1,1,1,1,1,1,-1,-1,1,1,1,1,1,-1,1,1,1,1,1,1,-1,-1,-1,1,1,1,1,-1,1,1,1,1,-1,1,-1,1,-1,1,1,1,-1,-1,1,1,1,1,1,-1,1,-1,-1,1,-1,1,-1,1,1,1,1,1,1,1,1,1,-1,1,-1,1,-1,1,1,-1,1,-1,1,1,-1,1,-1,1,-1,1,-1,1,1,-1,1,-1,1,1,1,1,-1,-1,1,1,-1,-1,1,-1,1,-1,1,1,-1,1,-1,1,-1,1,-1,-1,1,-1,-1,-1,1,1,-1,1,-1,1,1,1,-1,1,1,-1,1,-1,1,-1,1,-1,1,-1,1,1,-1,1,-1,-1,-1,1,1,-1,1,-1,-1,-1,1,1,-1,-1,1,1,-1,-1,1,1,-1,1,1,-1,1,1,1,1,-1,1,-1,1,1,-1,1,-1,1,1,-1,1,1,1,1,1,-1,-1,1,-1,-1,1,1,1,-1,1,1,1,-1,1,-1,-1,1,1,1,1,1,-1,1,1,1,-1,1,1,-1,1,1,1,-1,1,1,-1,-1,1,1,1,-1,1,-1,1,1,1,-1,1,1,-1,1,1,1,-1,1,-1,-1,1,1,1,-1,1,-1,-1,-1,1,1,-1,1,-1,-1,1,-1,1,-1,1,1,-1,-1,1,1,1,-1,1,-1,-1,1,1,-1,1,-1,-1,-1,-1,-1,-1,1,1,-1,-1,1,1,-1,1,-1,1,-1,1,1,1,1,-1,-1,1,1,1,-1,1,-1,-1,-1,-1,1,1,-1,1,-1,-1,1,-1,1,-1,-1,-1,1,-1,-1,1,-1,1,-1,-1,1,-1,1,-1,-1,-1,1,1,-1,1,-1,1,-1,-1,1,-1,1,-1,-1,-1,-1,1,-1,-1,1,1,-1,-1,1,-1,1,1,-1,1,-1,1,-1,1,-1,1,-1,-1,1,-1,-1,-1,-1,-1,1,1,-1,1,-1,1,-1,1,-1,1,1,-1,1,-1,1,-1,-1,1,-1,-1,-1,1,-1,1,-1,-1,1,-1,1,-1,-1,1,-1,-1,1,-1,1,-1,1,-1,1,-1,1,1,-1,-1,-1,1,-1,1,-1,-1,1,-1,1,1,1,1,-1,-1,1,1,-1,1,1,-1,-1,1,1,1,-1,1,1,-1,1,1,1,1,-1,-1,1,-1,-1,-1,1,-1,-1,1,-1,1,-1,1,-1,1,-1,-1,-1,1,1,-1,1,1,-1,-1,-1,1,-1,1,1,-1,1,-1,1,-1,-1,-1,-1,-1,-1,1,-1,-1,-1,-1,-1,-1,1,-1,1,1,1,1,-1,1,-1,1,1,-1,-1,-1,1,-1,-1,1,-1,1,-1,-1,1,1,1,1,-1,-1,1,1,1,1,-1,1,-1,-1,1,1,1,-1,-1,-1,1,1,1,1,-1,-1,-1,1,-1,1,-1,1,-1,-1,-1,1,1,1,-1,-1,-1,-1,1,1,1,1,-1,-1,-1,1,1,1,1,-1,-1,-1,1,-1,1,-1,-1,-1,1,1,1,1,1,-1,-1,-1,1,1,1,1,-1,-1,-1,1,1,-1,1,-1,-1,-1,1,1,1,1,-1,-1,1,1,1,1,-1,-1,1,1,-1,1,1,-1,-1,-1,1,1,1,1,1,-1,1,1,1,1,1,-1,-1,-1,1,-1,1,-1,-1,-1,-1,1,-1,1,1,1,-1,-1,1,-1,1,1,-1,-1,-1,1,1,1,1,-1,-1,-1,1,-1,1,1,-1,-1,-1,1,1,-1,-1,-1,-1,-1,1,-1,1,-1,-1,-1,-1,-1,-1,-1,1,-1,-1,-1,1,-1,-1,1,-1,-1,-1,-1,-1,-1,1,-1,-1,-1,-1,-1,1,-1,-1,-1,1,-1,-1,1,-1,1,-1,-1,-1,-1,-1,-1,-1,1,-1,-1,-1,1,1,-1,-1,-1,-1,1,-1,-1,-1,-1,1,-1,-1,1,1,1,-1,-1,-1,-1,1,-1,1,1,-1,1,-1,-1,1,1,-1,-1,-1,-1,-1,-1,1,1,-1,-1,1,-1,1,1,-1,-1,-1,1,-1,1,1,-1,-1,1,-1,-1,1,1,1,-1,1,-1,1,1,1,-1,-1,1,-1,-1,1,1,1,-1,1,-1,-1,1,1,-1,1,1,-1,-1,1,1,1,1,1,-1,-1,1,1,-1,1,1,-1,-1,1,1,1,1,-1,1,-1,1,1,1,1,1,-1,-1,1,-1,1,1,1,1,-1,-1,1,-1,1,1,1,-1,1,1,1,1,-1,1,-1,1,1,1,1,1,1,1,-1,1,1,1,1,-1,1,-1,1,1,1,1,1,-1,1,1,1,1,-1,1,1,-1,1,1,-1,1,1,-1,-1,1,1,1,1,-1,1,-1,1,1,1,-1,-1,1,-1,1,1,1,-1,1,-1,-1,-1,1,1,-1,-1,1,-1,-1,1,1,-1,-1,1,-1,1,1,1,1,-1,1,-1,-1,1,1,-1,-1,-1,1,1,-1,1,-1,1,1,-1,1,1,-1,-1,1,1,-1,-1,1,1,-1,1,1,1,1,1,-1,-1,-1,-1,1,-1,-1,-1,-1,-1,1,1,1,1,-1,1,1,-1,1,1,1,1,-1,1,-1,1,1,1,1,-1,1,-1,1,1,1,1,-1,1,-1,1,1,1,1,-1,1,-1,1,1,-1,-1,-1,1,-1,1,1,1,-1,-1,-1,1,-1,1,-1,1,-1,1,-1,1,1,-2672.0,1,2000,445,1500,False
587,-1,-1,1,1,1,1,-1,1,-1,-1,-1,1,-1,1,-1,-1,1,-1,1,1,-1,1,-1,-1,-1,1,-1,-1,1,-1,-1,-1,1,1,-1,1,1,-1,-1,-1,1,-1,1,-1,-1,-1,-1,-1,1,-1,-1,-1,1,-1,1,-1,-1,1,-1,-1,-1,1,1,1,-1,-1,-1,-1,-1,-1,1,-1,-1,-1,-1,-1,-1,1,-1,-1,-1,1,1,-1,-1,-1,-1,-1,-1,1,-1,-1,-1,-1,-1,-1,-1,1,-1,1,-1,-1,-1,-1,1,-1,-1,-1,-1,-1,-1,1,-1,-1,-1,-1,-1,-1,1,-1,-1,1,-1,-1,-1,1,-1,-1,1,-1,-1,-1,1,-1,-1,1,-1,-1,-1,-1,-1,-1,1,-1,-1,-1,1,-1,-1,-1,-1,-1,-1,-1,1,-1,1,1,-1,-1,1,1,-1,-1,-1,-1,1,1,1,-1,-1,-1,-1,-1,1,-1,-1,1,-1,-1,1,-1,1,-1,-1,-1,-1,1,1,-1,-1,1,-1,1,1,1,1,-1,1,-1,-1,1,1,1,-1,1,-1,-1,-1,1,1,-1,1,-1,-1,1,1,1,-1,1,-1,1,1,1,1,1,-1,1,-1,-1,1,1,-1,-1,1,1,-1,1,1,-1,-1,1,-1,1,1,1,1,-1,1,-1,-1,1,1,-1,1,1,-1,1,1,1,-1,-1,1,-1,1,-1,1,1,1,1,-1,1,-1,1,1,-1,1,-1,1,-1,1,1,1,1,-1,-1,1,1,1,1,1,1,-1,1,1,-1,-1,1,1,1,-1,1,1,1,1,1,-1,-1,1,1,1,-1,1,1,1,1,1,1,-1,1,-1,1,1,-1,1,1,1,1,-1,1,1,1,1,1,1,-1,1,1,1,1,1,-1,1,1,1,1,1,1,-1,1,1,1,-1,1,1,1,-1,1,1,-1,1,1,-1,1,1,-1,1,1,1,-1,1,1,1,1,1,1,-1,1,1,1,-1,1,1,1,1,1,1,1,-1,1,-1,1,-1,1,-1,1,1,1,-1,1,1,1,-1,1,-1,1,1,1,-1,-1,-1,-1,1,1,1,-1,1,1,-1,1,1,-1,1,1,1,-1,1,1,-1,1,1,1,1,1,1,1,1,-1,1,-1,-1,-1,1,-1,1,-1,-1,1,1,1,-1,-1,-1,1,-1,1,1,-1,1,-1,-1,1,1,1,1,-1,-1,1,-1,-1,1,-1,1,-1,-1,-1,-1,-1,1,1,-1,-1,1,-1,1,1,-1,-1,1,-1,-1,1,1,-1,-1,-1,1,-1,1,-1,-1,-1,-1,-1,1,1,-1,1,-1,-1,1,1,1,-1,-1,1,-1,1,1,1,-1,-1,-1,-1,-1,1,1,-1,-1,1,-1,1,-1,1,1,-1,-1,1,-1,1,-1,1,-1,-1,1,-1,-1,-1,1,-1,-1,-1,-1,1,-1,1,-1,-1,1,-1,-1,1,1,-1,-1,-1,-1,-1,1,1,-1,-1,-1,1,-1,-1,1,1,1,-1,1,-1,1,-1,1,-1,1,-1,1,1,-1,-1,1,1,1,-1,1,-1,1,-1,1,1,1,-1,-1,-1,-1,-1,1,1,1,-1,-1,-1,1,1,-1,1,-1,-1,-1,1,1,1,1,-1,-1,-1,1,1,1,1,-1,-1,-1,-1,1,-1,1,-1,1,-1,-1,1,1,1,-1,-1,1,1,-1,-1,1,1,-1,-1,-1,-1,1,1,1,-1,-1,-1,1,1,1,1,-1,-1,1,-1,1,1,-1,-1,-1,-1,-1,1,1,-1,1,-1,-1,1,1,1,1,-1,-1,-1,-1,1,1,-1,1,-1,-1,1,1,1,1,-1,1,-1,-1,1,1,1,-1,1,-1,1,1,1,1,-1,1,-1,-1,1,-1,1,-1,1,-1,1,1,1,1,-1,-1,1,-1,1,1,1,-1,-1,-1,1,1,1,-1,1,-1,1,-1,1,-1,-1,1,-1,1,-1,1,1,-1,-1,1,-1,1,1,-1,1,-1,1,-1,1,1,1,-1,1,-1,1,-1,1,-1,1,-1,1,-1,-1,1,1,1,-1,1,-1,1,1,-1,1,-1,1,1,-1,1,1,-1,1,1,1,1,1,-1,1,-1,-1,1,1,1,1,-1,-1,1,-1,1,1,1,-1,1,-1,1,1,1,1,-1,1,-1,1,1,1,1,1,-1,1,-1,1,1,1,-1,-1,-1,1,-1,1,1,-1,-1,1,-1,1,1,1,-1,-1,-1,1,1,-1,1,-1,-1,1,1,1,1,1,1,1,-1,-1,1,1,-1,1,-1,1,1,1,1,1,-1,-1,1,-1,1,1,1,1,-1,-1,1,1,1,1,1,1,-1,-1,1,-1,1,1,-1,-1,1,1,1,1,1,-1,-1,1,1,1,1,1,-1,-1,1,1,-1,1,-1,-1,1,1,1,1,1,1,-1,-1,1,1,1,1,1,-1,-1,1,1,1,1,1,-1,-1,1,1,1,1,1,-1,-1,1,1,1,1,1,-1,-1,1,1,-1,1,1,1,-1,1,1,-1,1,1,-1,-1,1,-1,1,1,1,1,-1,-1,1,-1,1,1,1,-1,1,1,-1,1,-1,1,-1,1,1,-1,1,1,1,1,-1,1,1,1,1,-1,1,-1,1,1,1,1,1,1,1,1,1,1,-1,1,-1,1,1,1,-1,1,1,1,1,-1,-1,1,1,-1,1,1,1,-1,1,-1,-1,1,-1,1,-1,1,-1,1,-1,1,1,1,1,-1,-1,1,1,-1,-1,1,-1,-1,1,1,-1,-1,1,1,-1,1,-1,1,1,1,-1,-1,-1,-1,1,1,1,-1,1,1,1,1,1,-1,-1,1,1,1,1,-1,1,-1,1,-1,1,1,1,-1,-1,-1,-1,-1,-1,-1,-1,-1,1,-1,1,1,1,-1,1,1,-1,-1,1,1,1,-1,1,-1,1,1,1,1,-1,1,-1,1,1,1,1,-1,1,-1,1,1,1,1,-1,1,-1,1,-1,1,-1,-1,1,-1,-1,1,1,-1,-1,-1,-1,1,1,1,1,-1,1,-1,-1,1,-2672.0,1,2000,445,1000,True
588,1,1,-1,-1,1,1,-1,-1,1,1,1,-1,-1,1,1,1,-1,1,-1,-1,1,-1,1,1,1,-1,1,-1,1,1,1,1,1,-1,-1,-1,1,1,1,-1,1,-1,-1,1,1,1,1,-1,1,1,1,1,-1,1,-1,-1,1,-1,1,1,1,-1,1,-1,1,1,1,1,-1,1,-1,1,1,1,1,-1,1,-1,1,1,1,-1,-1,1,1,1,1,1,-1,-1,-1,1,1,1,1,-1,1,1,1,-1,1,1,-1,-1,1,1,1,1,1,-1,-1,1,1,-1,1,1,-1,-1,1,1,1,1,1,1,-1,1,1,1,-1,1,1,-1,1,1,1,1,1,1,-1,1,1,1,1,1,1,-1,-1,1,1,1,1,1,-1,1,-1,1,1,1,1,-1,1,1,1,1,-1,1,-1,1,-1,1,1,1,-1,-1,1,1,1,1,1,-1,1,-1,-1,1,-1,1,-1,1,1,1,1,1,1,1,1,1,-1,1,-1,1,-1,1,1,-1,1,-1,1,1,-1,1,-1,1,-1,1,-1,1,1,-1,1,-1,1,1,1,1,-1,-1,1,1,-1,-1,1,-1,1,-1,1,1,-1,1,-1,1,-1,1,-1,1,1,-1,-1,-1,1,1,-1,1,-1,1,1,1,-1,1,1,-1,-1,-1,1,-1,1,-1,1,-1,1,1,-1,1,-1,-1,-1,1,1,-1,1,-1,-1,-1,1,1,-1,-1,1,1,-1,-1,1,1,-1,1,1,-1,1,1,1,1,-1,1,-1,1,1,-1,1,-1,1,1,-1,1,1,1,1,1,-1,-1,1,-1,-1,-1,1,1,-1,1,1,1,-1,1,-1,-1,1,1,1,1,1,-1,1,1,1,-1,1,1,-1,1,1,1,-1,1,1,-1,-1,1,1,1,-1,1,-1,1,1,1,-1,1,1,-1,1,1,1,-1,1,-1,-1,1,1,1,-1,1,-1,-1,-1,1,1,1,1,-1,-1,1,-1,1,-1,1,1,-1,-1,1,1,1,-1,1,-1,-1,1,1,-1,1,-1,-1,-1,-1,-1,-1,1,1,-1,-1,1,1,-1,1,-1,-1,-1,1,1,-1,1,-1,-1,1,1,-1,1,1,-1,-1,-1,-1,1,-1,-1,1,-1,-1,1,-1,-1,1,-1,-1,1,-1,-1,1,-1,1,-1,-1,1,-1,-1,1,-1,-1,1,1,-1,1,-1,1,-1,-1,1,-1,-1,-1,-1,-1,-1,1,-1,-1,1,1,-1,-1,1,-1,1,-1,-1,1,-1,1,-1,-1,1,1,-1,-1,1,-1,-1,-1,-1,-1,1,1,-1,-1,1,1,-1,1,-1,1,-1,1,1,-1,1,-1,-1,-1,-1,-1,-1,1,-1,1,-1,1,1,-1,1,-1,-1,1,-1,-1,1,-1,1,-1,1,-1,1,-1,1,1,-1,-1,-1,1,-1,1,-1,-1,1,-1,1,1,1,1,-1,-1,-1,1,-1,1,1,-1,-1,1,1,1,-1,1,1,-1,1,1,1,1,1,-1,1,-1,-1,-1,1,-1,-1,1,-1,1,-1,1,-1,1,-1,-1,-1,1,1,-1,1,1,-1,-1,-1,1,-1,1,1,-1,1,-1,1,-1,-1,-1,-1,-1,-1,1,-1,-1,-1,-1,-1,-1,1,-1,1,1,1,1,-1,1,-1,1,1,-1,-1,-1,1,-1,-1,1,-1,1,-1,-1,1,1,1,1,-1,-1,1,1,1,1,-1,1,-1,-1,1,1,1,-1,-1,-1,1,1,1,1,-1,1,-1,1,-1,1,-1,1,1,-1,-1,1,1,1,-1,-1,-1,1,1,1,1,1,-1,-1,-1,1,1,1,1,-1,-1,-1,1,1,1,-1,-1,-1,1,1,1,1,1,-1,-1,-1,1,1,1,1,-1,-1,-1,1,1,-1,1,-1,-1,-1,1,1,1,1,-1,-1,1,1,1,1,-1,-1,1,1,-1,1,1,-1,-1,-1,1,1,1,1,1,-1,1,1,1,1,1,-1,-1,-1,1,-1,1,-1,-1,-1,-1,1,-1,1,1,1,-1,-1,1,-1,1,1,-1,-1,-1,1,1,1,1,-1,-1,-1,1,-1,1,1,-1,-1,-1,1,1,-1,-1,-1,-1,-1,1,-1,1,-1,-1,-1,-1,-1,-1,-1,1,-1,-1,-1,1,-1,-1,1,-1,-1,-1,-1,-1,1,1,-1,-1,-1,-1,-1,1,-1,-1,-1,1,-1,-1,1,-1,1,-1,-1,-1,-1,-1,-1,-1,1,-1,-1,-1,1,1,-1,-1,-1,-1,1,-1,-1,-1,-1,1,-1,-1,1,1,1,-1,-1,-1,-1,1,-1,1,1,-1,1,-1,-1,1,1,-1,-1,-1,-1,-1,-1,1,1,-1,-1,1,-1,1,1,-1,-1,-1,1,-1,1,1,-1,-1,1,-1,-1,1,1,1,-1,1,-1,1,1,1,-1,-1,1,-1,-1,1,1,1,-1,1,-1,-1,1,1,-1,1,1,-1,-1,1,1,1,1,1,-1,-1,1,1,-1,1,1,-1,-1,1,1,1,1,1,1,-1,1,1,1,1,1,-1,-1,1,-1,1,1,1,1,-1,1,1,-1,1,1,1,-1,1,1,1,1,-1,1,-1,1,1,1,1,1,1,1,-1,1,1,1,1,-1,1,-1,1,1,1,1,1,1,1,1,1,1,-1,1,-1,1,1,1,-1,1,1,1,1,-1,1,1,1,-1,1,1,1,1,1,-1,-1,1,-1,1,1,1,-1,1,-1,1,1,-1,1,-1,-1,1,1,-1,1,-1,1,-1,1,1,-1,-1,1,1,-1,1,-1,1,1,1,-1,-1,-1,-1,1,1,-1,-1,1,1,1,1,1,-1,-1,1,1,1,1,-1,1,-1,1,-1,1,1,-1,1,-1,-1,-1,-1,-1,-1,-1,-1,-1,-1,1,1,1,-1,1,1,-1,-1,1,-1,-1,-1,1,-1,1,1,1,1,-1,1,-1,1,1,1,-1,-1,1,-1,1,1,1,-1,-1,1,-1,1,-1,-1,-1,-1,1,-1,-1,1,1,-1,-1,-1,-1,1,1,-1,1,-1,1,-1,-1,1,-2672.0,1,2000,445,0,False
589,1,1,-1,-1,1,-1,-1,-1,1,1,1,-1,1,1,1,1,-1,1,-1,-1,-1,-1,1,1,1,-1,1,-1,1,1,1,1,1,-1,-1,-1,1,-1,1,1,-1,-1,-1,1,1,1,1,-1,1,1,1,1,-1,1,-1,-1,1,-1,1,1,-1,-1,-1,-1,1,1,1,1,-1,-1,-1,1,1,1,1,-1,-1,-1,1,1,1,-1,-1,-1,1,1,1,1,-1,-1,1,1,1,1,1,-1,-1,-1,1,-1,1,1,-1,-1,1,1,1,1,1,-1,-1,-1,1,-1,1,1,1,-1,1,1,1,1,1,1,-1,-1,1,1,-1,1,-1,-1,1,1,1,1,1,1,-1,1,1,1,1,1,1,-1,1,1,1,1,1,1,-1,-1,-1,1,1,1,1,-1,1,1,1,1,-1,1,-1,1,-1,1,1,1,-1,-1,1,1,1,1,-1,-1,1,-1,-1,1,-1,1,-1,1,1,1,1,1,1,1,1,1,-1,1,-1,1,-1,1,1,-1,1,-1,1,-1,-1,1,-1,1,-1,1,-1,1,1,-1,1,-1,1,1,1,1,-1,-1,1,1,-1,-1,1,-1,1,-1,-1,1,-1,1,-1,1,-1,1,-1,1,1,-1,-1,-1,1,-1,-1,1,-1,1,1,1,-1,1,-1,-1,-1,-1,1,-1,1,1,1,-1,1,1,-1,1,-1,-1,-1,1,1,-1,1,-1,-1,-1,1,1,1,-1,1,1,-1,-1,1,-1,-1,1,1,-1,1,1,1,-1,-1,1,-1,1,1,-1,1,-1,1,1,-1,1,-1,-1,-1,1,-1,-1,1,-1,1,-1,1,1,-1,1,1,1,-1,1,-1,-1,1,1,-1,-1,1,-1,1,1,-1,1,-1,1,-1,1,1,1,-1,1,1,-1,-1,1,1,-1,-1,1,-1,1,1,1,1,1,1,-1,1,1,1,1,1,-1,-1,1,1,1,1,1,-1,-1,-1,1,1,1,1,-1,-1,1,-1,1,-1,1,1,-1,-1,1,1,1,1,1,-1,-1,1,1,1,-1,-1,1,-1,-1,-1,-1,1,1,-1,-1,1,1,-1,1,1,-1,-1,1,1,1,1,1,-1,1,1,1,-1,1,-1,-1,-1,-1,1,1,1,1,-1,-1,1,-1,1,1,-1,-1,-1,-1,-1,1,-1,-1,-1,1,-1,1,-1,1,1,-1,1,1,-1,1,-1,1,-1,-1,1,-1,1,-1,1,1,-1,1,-1,-1,1,1,-1,-1,1,-1,1,1,1,-1,-1,1,-1,1,-1,1,-1,1,1,-1,1,-1,-1,-1,1,1,-1,1,-1,-1,-1,1,-1,1,1,1,-1,1,1,-1,-1,1,-1,-1,-1,1,-1,1,-1,1,-1,-1,1,-1,-1,1,-1,-1,-1,1,1,-1,-1,-1,-1,-1,1,1,-1,-1,-1,1,-1,1,-1,-1,1,-1,-1,1,-1,1,-1,-1,1,-1,1,-1,1,-1,-1,1,-1,-1,1,1,1,-1,1,-1,1,-1,1,1,1,-1,-1,-1,1,-1,-1,-1,1,1,-1,1,-1,1,-1,1,-1,1,1,-1,1,1,1,-1,-1,1,-1,1,-1,1,1,-1,1,-1,-1,1,1,-1,-1,1,-1,-1,-1,1,-1,-1,1,-1,1,1,1,1,-1,1,-1,-1,1,1,-1,-1,1,-1,-1,-1,1,1,-1,-1,1,1,-1,-1,-1,-1,1,1,1,1,1,1,-1,-1,1,1,-1,1,-1,-1,1,1,1,1,-1,1,-1,1,-1,1,1,1,1,-1,-1,1,1,1,-1,-1,-1,1,1,1,1,1,-1,-1,-1,1,1,1,-1,-1,-1,-1,1,1,1,1,-1,-1,1,1,1,1,1,-1,-1,-1,1,1,1,-1,-1,-1,-1,1,1,-1,1,-1,-1,-1,1,1,1,1,-1,-1,1,1,1,1,1,-1,1,1,-1,1,1,-1,-1,-1,1,1,1,-1,1,-1,1,1,1,1,1,1,-1,-1,1,-1,1,-1,1,-1,-1,1,-1,1,-1,-1,-1,-1,1,-1,1,1,-1,1,-1,1,1,1,-1,1,1,-1,1,-1,1,-1,-1,-1,-1,1,1,-1,-1,-1,-1,-1,1,-1,1,-1,-1,-1,-1,-1,-1,-1,1,-1,-1,-1,1,-1,-1,1,-1,-1,-1,-1,-1,1,1,-1,-1,-1,-1,-1,1,-1,-1,-1,1,-1,-1,1,-1,1,-1,-1,-1,-1,-1,-1,-1,1,-1,-1,-1,1,1,1,-1,-1,1,-1,-1,-1,-1,-1,1,-1,-1,1,-1,1,-1,-1,-1,-1,1,-1,1,1,-1,1,-1,-1,1,1,-1,-1,-1,-1,-1,-1,1,1,-1,-1,1,-1,1,1,-1,-1,1,-1,-1,-1,1,-1,-1,1,1,-1,1,1,-1,1,-1,-1,1,1,1,-1,-1,1,-1,-1,1,1,1,-1,-1,-1,-1,1,1,-1,1,1,1,-1,1,1,1,1,1,1,-1,1,1,1,-1,1,1,-1,1,1,1,1,1,-1,-1,1,1,1,1,1,1,-1,1,-1,1,1,1,1,-1,-1,1,-1,1,1,1,-1,1,1,1,1,-1,1,-1,1,1,1,1,1,1,-1,-1,1,1,1,1,-1,1,-1,1,1,1,1,-1,1,-1,1,1,1,-1,-1,1,-1,1,1,-1,1,-1,-1,-1,1,1,1,-1,1,-1,-1,1,1,1,-1,-1,-1,-1,1,1,1,-1,1,-1,-1,-1,1,1,-1,1,-1,-1,-1,1,1,-1,1,-1,-1,1,1,1,1,1,1,-1,-1,1,1,-1,-1,1,1,1,-1,1,-1,1,-1,-1,1,1,-1,-1,1,-1,-1,-1,1,1,-1,1,-1,1,1,1,-1,-1,1,-1,-1,-1,-1,-1,-1,1,-1,1,1,1,-1,1,1,-1,1,1,1,1,-1,1,-1,1,1,1,-1,-1,1,-1,1,1,1,-1,1,1,-1,1,1,1,-1,-1,1,-1,1,1,1,1,-1,1,-1,-1,1,1,1,-1,1,1,-1,1,-1,1,-1,1,-1,-1,1,-2672.0,1,2000,445,0,False
590,1,1,-1,-1,1,1,-1,1,1,1,1,-1,1,1,1,1,-1,1,-1,-1,-1,1,1,1,1,-1,-1,-1,1,1,1,1,-1,-1,-1,1,-1,1,1,1,-1,-1,1,1,1,1,1,-1,1,-1,1,1,-1,1,-1,-1,1,-1,1,1,1,-1,-1,-1,1,1,1,1,-1,-1,1,-1,1,1,1,-1,-1,-1,1,1,1,-1,-1,-1,-1,1,1,1,-1,1,-1,1,-1,1,1,-1,-1,1,-1,1,1,1,-1,-1,1,1,-1,1,1,-1,-1,1,-1,-1,1,1,-1,-1,1,-1,-1,1,1,1,-1,1,-1,-1,1,1,1,-1,1,-1,-1,1,1,1,-1,-1,-1,-1,-1,1,1,-1,1,-1,-1,-1,1,1,-1,-1,1,-1,-1,1,1,-1,1,1,-1,-1,1,1,-1,1,1,-1,1,1,-1,-1,1,-1,-1,1,1,-1,1,-1,1,-1,1,1,-1,1,1,-1,-1,-1,1,1,1,1,1,-1,-1,1,-1,1,1,1,-1,-1,1,1,-1,1,1,-1,1,1,-1,1,1,1,-1,1,1,1,1,1,1,1,-1,1,-1,-1,1,1,-1,-1,1,1,-1,1,1,-1,-1,1,-1,1,1,1,1,-1,1,1,-1,1,1,-1,1,1,-1,1,1,1,-1,-1,1,-1,1,-1,1,1,1,1,-1,1,-1,1,1,1,1,-1,1,-1,1,1,1,1,-1,-1,1,1,1,1,1,1,-1,1,1,-1,-1,1,1,1,-1,1,1,1,1,-1,1,-1,1,1,1,-1,1,1,1,1,1,1,1,-1,-1,-1,1,-1,1,1,1,1,-1,1,1,1,1,1,1,1,1,1,1,1,1,-1,1,1,1,1,1,1,-1,1,1,1,-1,1,1,1,-1,1,1,-1,1,1,-1,1,1,-1,1,1,1,-1,1,1,1,1,1,1,-1,1,1,1,-1,1,1,1,1,1,1,1,-1,1,-1,1,-1,1,-1,1,1,1,-1,-1,1,1,-1,1,-1,1,1,1,-1,-1,-1,-1,1,-1,1,-1,1,1,-1,1,1,-1,1,1,1,-1,1,1,-1,1,1,1,1,1,1,1,1,-1,1,-1,-1,-1,1,-1,1,-1,-1,1,1,1,-1,-1,-1,1,-1,1,1,-1,1,-1,-1,1,1,1,1,-1,-1,1,-1,-1,1,-1,1,-1,-1,-1,-1,-1,1,1,-1,-1,1,-1,1,1,-1,-1,1,-1,1,1,1,-1,-1,-1,1,-1,1,-1,-1,-1,-1,-1,1,1,-1,1,-1,-1,1,1,1,-1,-1,1,-1,1,1,1,-1,-1,-1,-1,-1,1,1,-1,-1,1,-1,1,-1,1,1,-1,-1,1,-1,1,-1,1,-1,-1,1,-1,-1,-1,1,-1,-1,-1,-1,1,-1,1,-1,-1,1,-1,-1,1,1,-1,-1,-1,-1,-1,1,1,-1,-1,-1,1,-1,-1,1,1,1,-1,1,-1,1,-1,1,-1,1,-1,1,1,-1,-1,1,1,1,-1,1,-1,1,-1,1,1,1,-1,-1,-1,1,-1,1,-1,1,-1,-1,-1,1,1,-1,1,-1,-1,-1,1,1,-1,1,-1,-1,1,1,1,-1,1,-1,-1,-1,-1,1,1,1,-1,1,-1,-1,1,-1,1,-1,-1,1,1,-1,-1,1,1,-1,-1,-1,-1,-1,1,1,-1,1,-1,1,-1,-1,1,-1,-1,1,-1,1,1,-1,-1,-1,-1,-1,1,1,-1,1,-1,-1,1,1,1,1,-1,-1,-1,-1,-1,1,-1,1,-1,-1,1,-1,1,1,-1,1,-1,-1,1,1,1,-1,1,-1,1,-1,1,1,-1,-1,-1,-1,-1,1,1,-1,1,-1,1,-1,1,1,1,-1,1,-1,-1,1,1,-1,-1,-1,1,-1,1,1,1,-1,1,-1,-1,-1,-1,1,-1,1,-1,-1,1,-1,-1,1,-1,1,-1,1,1,-1,1,-1,1,-1,1,-1,1,-1,1,-1,-1,1,1,-1,1,-1,-1,-1,-1,1,-1,1,-1,1,-1,-1,1,-1,1,1,-1,-1,-1,-1,1,1,1,1,-1,-1,1,-1,-1,1,1,-1,-1,-1,-1,1,-1,1,-1,-1,1,1,-1,1,1,-1,-1,1,-1,-1,1,1,-1,-1,-1,-1,1,-1,1,-1,-1,-1,-1,-1,1,-1,-1,1,-1,-1,1,-1,1,-1,-1,-1,-1,-1,1,1,1,-1,-1,-1,1,1,1,-1,-1,-1,1,-1,-1,1,-1,-1,-1,-1,1,1,1,-1,-1,-1,-1,1,-1,1,1,-1,1,-1,-1,1,1,-1,-1,-1,-1,-1,-1,1,1,-1,-1,1,-1,1,1,-1,-1,-1,1,-1,1,1,-1,-1,1,-1,-1,1,1,1,-1,1,-1,1,1,1,-1,-1,1,-1,-1,1,1,1,-1,1,-1,-1,1,1,-1,1,1,-1,-1,1,1,-1,1,1,-1,-1,1,1,-1,1,1,-1,-1,1,1,1,1,1,1,-1,1,1,1,-1,1,-1,-1,1,-1,1,1,1,1,-1,-1,1,-1,1,1,1,-1,1,1,1,1,-1,1,-1,1,1,1,1,1,1,1,-1,1,1,1,1,-1,1,-1,1,1,1,1,1,1,1,1,1,1,-1,1,-1,1,1,1,-1,1,1,1,1,1,1,1,1,-1,1,1,1,1,1,-1,-1,1,-1,1,1,1,-1,1,-1,1,1,1,1,-1,-1,1,1,-1,1,1,1,-1,1,1,-1,1,1,1,-1,1,-1,1,1,1,-1,-1,-1,-1,1,1,1,-1,1,1,1,1,1,-1,-1,1,1,1,1,-1,1,-1,1,-1,1,1,1,-1,-1,-1,-1,-1,-1,-1,-1,-1,1,-1,1,1,1,-1,1,1,-1,-1,1,1,1,-1,1,-1,1,1,1,1,-1,1,-1,1,1,1,1,-1,1,-1,1,1,1,1,-1,1,-1,1,-1,1,-1,-1,1,-1,-1,1,1,-1,-1,-1,-1,1,1,1,1,-1,1,-1,-1,1,-2672.0,1,2000,445,1000,True
591,1,1,-1,-1,1,-1,-1,1,1,1,1,-1,1,1,1,1,-1,1,-1,-1,-1,1,1,1,1,-1,-1,-1,1,1,1,1,-1,-1,-1,1,-1,1,1,1,-1,-1,1,1,1,1,1,-1,1,1,1,1,-1,1,-1,-1,1,-1,1,1,1,-1,-1,-1,1,1,1,1,-1,-1,1,-1,1,1,1,-1,-1,1,1,1,1,-1,-1,-1,-1,1,1,1,-1,-1,-1,1,-1,1,1,-1,-1,1,-1,1,1,1,-1,-1,1,-1,-1,1,1,-1,-1,-1,-1,-1,1,1,-1,-1,1,-1,-1,1,1,1,-1,-1,-1,-1,1,1,1,-1,1,-1,-1,1,1,1,-1,1,-1,-1,-1,1,1,-1,1,-1,-1,-1,1,1,-1,-1,1,-1,-1,1,1,-1,1,1,-1,-1,1,1,-1,1,1,-1,1,1,-1,-1,1,-1,-1,1,1,-1,1,-1,1,-1,1,1,-1,1,1,-1,-1,-1,1,1,1,1,1,-1,-1,1,-1,1,1,1,-1,-1,1,1,-1,1,1,-1,1,1,-1,1,1,1,-1,1,1,1,1,1,1,1,-1,1,-1,-1,1,1,-1,-1,1,1,-1,1,1,-1,-1,1,-1,1,1,1,1,-1,1,1,-1,1,1,-1,1,1,-1,1,1,1,-1,-1,1,-1,1,-1,1,1,1,1,-1,1,-1,1,1,1,1,-1,1,-1,1,1,1,1,-1,-1,1,1,1,1,1,1,-1,1,1,-1,-1,1,1,1,-1,1,1,1,1,-1,1,-1,1,1,1,-1,1,1,1,1,1,1,1,-1,-1,1,1,-1,1,1,1,1,-1,1,1,1,1,1,1,1,1,1,1,1,1,-1,1,1,1,1,1,1,-1,1,1,1,-1,1,1,1,-1,1,1,-1,1,1,-1,1,1,-1,1,1,1,-1,1,1,1,-1,1,1,-1,1,1,1,-1,1,1,1,1,1,1,1,-1,1,-1,1,-1,1,-1,1,1,1,-1,-1,1,1,-1,1,-1,1,1,1,-1,-1,-1,-1,1,1,1,-1,1,1,-1,1,1,-1,1,-1,1,-1,1,1,-1,-1,1,-1,1,1,1,1,1,-1,1,-1,-1,-1,1,-1,1,-1,-1,1,1,1,-1,-1,-1,1,-1,1,1,-1,1,-1,-1,1,1,1,1,-1,-1,1,-1,-1,1,-1,1,-1,-1,-1,-1,-1,1,1,-1,-1,1,-1,1,1,-1,-1,1,-1,-1,1,1,-1,-1,-1,1,-1,1,-1,-1,-1,-1,-1,1,1,-1,1,-1,-1,1,1,1,-1,-1,1,-1,1,1,1,-1,-1,-1,-1,-1,1,1,-1,-1,1,-1,1,-1,1,1,-1,-1,1,-1,1,-1,1,-1,-1,1,-1,-1,-1,1,-1,-1,-1,-1,1,-1,1,-1,-1,1,-1,-1,1,1,-1,-1,-1,-1,-1,1,1,-1,-1,-1,1,-1,-1,1,1,1,-1,1,-1,1,-1,1,-1,1,-1,-1,1,-1,-1,1,1,1,1,-1,-1,1,-1,1,1,1,-1,-1,-1,-1,-1,1,1,1,-1,-1,-1,1,1,-1,1,-1,-1,-1,1,1,-1,1,-1,-1,1,1,1,-1,1,-1,-1,-1,-1,1,1,1,-1,1,-1,-1,1,-1,1,-1,-1,1,1,-1,-1,1,1,-1,-1,-1,-1,-1,1,1,-1,-1,-1,1,-1,-1,1,-1,-1,1,-1,1,1,-1,-1,-1,-1,-1,1,1,-1,1,-1,-1,1,1,1,1,-1,-1,-1,-1,-1,1,-1,1,-1,-1,1,-1,1,1,-1,1,-1,-1,1,1,1,-1,1,-1,1,-1,1,1,-1,1,-1,-1,-1,1,1,-1,1,-1,1,-1,1,1,-1,-1,1,-1,-1,1,1,-1,-1,-1,1,-1,1,1,-1,-1,1,-1,-1,-1,-1,1,-1,1,-1,-1,1,-1,-1,1,-1,1,-1,1,1,-1,1,-1,1,-1,1,-1,1,-1,1,-1,-1,1,1,-1,1,-1,-1,-1,-1,1,-1,1,-1,1,-1,-1,1,-1,1,1,-1,-1,-1,-1,1,1,1,1,-1,-1,1,-1,-1,1,1,-1,-1,-1,-1,1,-1,1,-1,-1,1,1,1,1,1,-1,-1,1,-1,-1,1,1,-1,-1,-1,-1,1,-1,1,-1,-1,-1,-1,-1,1,-1,-1,1,-1,-1,1,-1,1,-1,-1,-1,-1,-1,1,1,1,-1,-1,-1,1,1,1,-1,-1,-1,1,-1,-1,1,-1,1,-1,-1,1,1,1,-1,-1,-1,-1,1,-1,1,1,-1,1,-1,-1,1,1,-1,-1,-1,-1,-1,-1,1,1,-1,-1,1,-1,1,1,-1,-1,-1,1,-1,1,1,-1,-1,1,-1,-1,1,1,1,-1,1,-1,1,1,1,-1,-1,1,-1,-1,1,1,1,-1,1,-1,-1,1,1,-1,1,1,-1,-1,1,1,1,1,1,-1,-1,1,1,-1,1,1,-1,-1,1,1,1,1,1,1,-1,1,1,1,1,1,-1,-1,1,-1,1,1,1,1,-1,1,1,-1,1,1,1,-1,1,1,1,1,-1,1,-1,1,1,1,1,1,1,1,-1,1,1,1,1,-1,1,-1,1,1,1,1,1,1,1,1,1,1,-1,1,-1,1,1,1,-1,1,1,1,1,1,1,1,1,-1,1,1,1,1,1,-1,-1,1,-1,1,1,1,-1,1,-1,1,1,1,1,-1,-1,1,1,-1,1,1,-1,-1,1,1,-1,1,1,1,-1,-1,-1,1,1,1,-1,-1,-1,-1,1,-1,1,-1,1,1,1,1,1,-1,-1,1,1,1,1,1,1,-1,1,-1,1,1,1,-1,-1,-1,-1,-1,-1,-1,-1,-1,-1,-1,1,1,1,-1,1,1,-1,-1,1,1,1,-1,1,-1,1,1,1,-1,-1,1,-1,1,1,1,-1,-1,1,-1,1,1,1,-1,-1,1,-1,1,-1,1,1,-1,1,-1,-1,1,1,-1,-1,-1,-1,1,1,-1,1,-1,1,-1,-1,1,-2672.0,1,2000,445,1000,True
592,1,1,-1,-1,1,1,-1,-1,1,1,1,-1,1,1,1,1,-1,1,-1,-1,-1,-1,1,1,1,-1,1,-1,1,1,1,1,1,-1,-1,-1,1,-1,1,1,-1,-1,-1,1,1,1,1,-1,1,1,1,1,-1,1,-1,-1,1,-1,1,1,1,-1,-1,-1,1,1,1,1,-1,-1,-1,1,1,1,1,-1,-1,-1,1,1,1,-1,-1,-1,1,1,1,1,-1,-1,1,1,1,1,1,-1,-1,-1,1,-1,1,1,-1,-1,1,1,1,1,1,-1,-1,-1,1,1,1,1,-1,-1,1,1,1,1,1,1,-1,-1,1,1,-1,1,1,-1,1,1,1,1,1,1,-1,1,1,1,1,1,1,-1,1,1,1,1,1,1,-1,-1,-1,1,1,1,1,-1,1,1,1,1,-1,1,-1,1,-1,1,1,1,-1,-1,1,1,1,1,1,-1,1,-1,-1,1,-1,1,-1,1,1,1,1,1,1,1,1,1,1,1,-1,1,-1,1,1,-1,1,-1,1,1,-1,1,-1,1,-1,1,-1,1,1,-1,1,-1,1,1,1,1,-1,-1,1,1,-1,-1,1,-1,1,-1,-1,1,-1,1,-1,1,-1,1,-1,1,1,-1,-1,-1,1,1,-1,1,-1,1,1,1,-1,1,1,-1,-1,-1,1,-1,1,-1,1,-1,1,1,-1,1,-1,-1,-1,1,1,-1,1,-1,-1,-1,1,1,-1,-1,1,1,-1,-1,1,1,-1,1,1,-1,1,1,1,1,-1,1,-1,1,1,-1,1,-1,1,1,-1,1,1,1,1,1,-1,-1,1,-1,-1,-1,1,1,-1,1,1,1,-1,1,-1,-1,1,1,1,1,1,-1,1,1,1,-1,1,1,-1,1,1,1,-1,1,1,-1,-1,1,1,1,-1,1,-1,1,1,1,-1,1,1,-1,1,1,1,-1,1,-1,-1,1,1,1,-1,1,-1,-1,-1,1,1,1,1,-1,-1,1,-1,1,-1,1,1,-1,-1,1,1,1,-1,1,-1,-1,1,1,-1,1,-1,-1,-1,-1,-1,-1,1,1,-1,-1,1,1,-1,1,-1,-1,-1,1,1,-1,1,-1,-1,1,1,-1,1,1,-1,-1,-1,-1,1,-1,-1,1,-1,-1,1,-1,-1,1,-1,-1,1,-1,-1,1,-1,1,-1,-1,1,-1,-1,1,-1,-1,1,1,-1,1,-1,1,-1,-1,1,-1,-1,-1,-1,-1,-1,1,-1,-1,1,1,-1,-1,1,-1,1,-1,-1,1,-1,1,-1,-1,1,1,-1,-1,1,-1,-1,-1,-1,-1,1,1,-1,-1,1,1,-1,1,-1,1,-1,1,1,-1,1,-1,-1,-1,-1,-1,-1,1,-1,1,-1,1,1,-1,1,-1,-1,1,-1,-1,1,-1,1,-1,1,-1,1,-1,1,1,-1,-1,-1,1,-1,1,-1,-1,1,-1,1,1,1,1,-1,-1,-1,1,-1,1,1,1,-1,1,1,1,-1,1,1,-1,1,1,1,1,1,-1,1,-1,-1,-1,1,-1,-1,1,1,1,-1,1,-1,1,-1,-1,-1,1,1,-1,1,1,-1,-1,-1,1,-1,1,1,-1,1,-1,1,-1,-1,-1,-1,-1,-1,1,-1,-1,-1,-1,-1,-1,1,-1,1,1,1,1,-1,1,-1,1,1,-1,-1,-1,1,-1,-1,1,-1,1,-1,-1,1,1,1,1,-1,-1,1,1,1,1,-1,1,-1,-1,1,1,1,-1,-1,-1,1,1,1,1,-1,-1,-1,1,-1,1,-1,1,1,-1,-1,1,1,1,-1,-1,-1,1,1,1,1,1,-1,-1,-1,1,1,1,1,-1,-1,-1,1,1,1,-1,-1,-1,1,1,1,1,1,-1,-1,-1,1,1,1,1,-1,-1,-1,1,1,-1,1,-1,-1,-1,1,1,1,1,-1,-1,1,1,1,1,-1,-1,1,1,-1,1,1,-1,-1,-1,1,1,1,1,1,-1,1,1,1,1,1,-1,-1,-1,1,-1,1,-1,-1,-1,-1,1,-1,1,1,-1,-1,-1,1,-1,1,1,-1,1,-1,1,1,1,1,-1,1,-1,1,-1,1,1,-1,-1,-1,1,1,-1,-1,-1,-1,-1,1,-1,1,-1,-1,-1,-1,-1,-1,-1,1,-1,-1,-1,1,-1,-1,1,-1,-1,-1,-1,-1,-1,1,-1,-1,-1,-1,-1,1,-1,-1,-1,1,-1,-1,1,-1,1,-1,-1,-1,-1,-1,-1,-1,1,-1,-1,-1,1,1,1,-1,-1,1,-1,-1,-1,-1,-1,1,-1,-1,1,1,1,-1,-1,-1,-1,1,-1,1,1,-1,1,-1,-1,1,1,-1,-1,-1,-1,-1,-1,1,1,-1,-1,1,-1,1,1,-1,-1,-1,1,-1,1,1,-1,-1,1,-1,-1,1,1,1,-1,1,-1,1,1,1,-1,-1,1,-1,-1,1,1,1,-1,1,-1,-1,1,1,-1,1,1,-1,-1,1,1,1,1,1,-1,-1,1,1,1,1,1,-1,-1,1,1,1,1,1,1,-1,1,1,1,-1,1,-1,-1,1,-1,1,1,1,1,-1,1,1,-1,1,1,1,-1,1,1,1,1,-1,1,-1,1,1,1,1,1,1,1,-1,1,1,1,1,-1,1,-1,1,1,1,1,1,1,1,1,1,1,-1,1,-1,1,1,1,-1,1,1,1,1,1,1,1,1,-1,1,1,1,1,1,-1,-1,1,-1,1,1,1,-1,1,-1,1,1,1,1,-1,-1,1,1,-1,1,1,-1,-1,1,1,-1,-1,1,1,-1,1,-1,1,1,1,-1,-1,-1,-1,1,-1,1,-1,1,1,1,1,1,-1,-1,1,1,1,1,1,1,-1,1,-1,1,1,1,-1,-1,-1,-1,-1,-1,-1,-1,-1,-1,-1,1,1,1,-1,1,1,-1,-1,1,1,1,-1,1,-1,1,1,1,-1,-1,1,-1,1,1,1,-1,-1,1,-1,1,1,1,-1,-1,1,-1,1,-1,1,1,-1,1,-1,-1,1,1,1,-1,-1,-1,1,1,1,1,-1,1,-1,-1,1,-2672.0,1,2000,445,0,False
593,1,1,-1,-1,1,1,-1,-1,1,1,1,-1,1,1,1,1,-1,1,-1,-1,-1,-1,1,1,1,-1,-1,-1,1,1,1,1,1,-1,-1,-1,1,1,1,-1,-1,-1,-1,1,1,1,1,-1,1,1,1,1,-1,1,-1,-1,1,-1,1,1,1,-1,-1,-1,1,1,1,1,-1,-1,-1,1,1,1,1,-1,-1,-1,1,1,1,-1,-1,-1,1,1,1,1,-1,-1,-1,1,1,1,1,-1,-1,1,1,-1,1,1,-1,-1,1,1,1,1,1,-1,-1,-1,1,1,1,1,-1,-1,1,1,1,1,1,1,-1,-1,1,1,-1,1,1,-1,1,1,1,1,1,1,-1,1,1,1,1,1,1,-1,1,1,1,1,1,1,-1,-1,-1,1,1,1,1,-1,1,1,1,1,-1,1,-1,1,1,1,1,1,-1,-1,1,1,1,1,1,-1,1,-1,-1,1,-1,1,-1,1,1,1,1,1,1,1,1,1,-1,1,-1,1,-1,1,1,-1,1,-1,1,1,-1,1,-1,1,-1,1,-1,1,1,-1,1,-1,1,1,1,1,-1,-1,1,1,-1,-1,1,-1,1,-1,-1,1,-1,1,-1,1,-1,1,-1,1,1,-1,-1,-1,1,1,-1,1,-1,1,1,1,-1,1,1,-1,1,-1,1,-1,1,-1,-1,-1,1,1,-1,1,-1,-1,-1,1,1,-1,1,-1,-1,-1,1,1,-1,-1,1,-1,-1,-1,1,1,-1,1,1,-1,1,1,1,1,-1,1,-1,1,1,-1,1,-1,1,-1,-1,1,1,-1,-1,1,-1,-1,1,-1,-1,-1,1,1,-1,1,1,1,-1,1,-1,-1,1,1,1,1,1,-1,1,1,1,1,-1,1,-1,1,1,1,-1,1,1,-1,-1,1,1,1,-1,1,-1,1,1,1,-1,1,1,-1,1,1,1,-1,1,-1,-1,1,1,1,1,1,-1,-1,-1,1,1,-1,1,-1,-1,1,-1,1,-1,1,1,-1,-1,1,1,1,-1,1,-1,-1,1,1,-1,1,-1,1,-1,-1,-1,-1,1,1,-1,-1,1,1,-1,1,1,-1,-1,1,1,1,1,1,-1,1,1,1,-1,1,-1,-1,-1,-1,1,1,1,1,-1,-1,1,1,1,1,-1,-1,-1,-1,-1,1,-1,-1,-1,1,-1,1,1,-1,1,-1,1,1,-1,1,-1,1,-1,-1,1,-1,1,1,1,1,-1,1,-1,-1,1,1,-1,-1,1,-1,1,1,1,-1,-1,1,-1,-1,1,1,-1,1,1,-1,1,1,-1,-1,1,1,-1,1,-1,-1,-1,1,-1,-1,1,-1,-1,-1,1,-1,-1,1,-1,-1,-1,1,-1,-1,1,-1,-1,-1,1,-1,-1,1,-1,-1,-1,1,1,-1,1,-1,-1,-1,1,1,-1,-1,-1,1,-1,1,-1,-1,1,-1,-1,1,-1,1,-1,-1,1,-1,1,-1,1,-1,-1,1,-1,-1,1,1,1,-1,1,-1,1,-1,1,1,1,-1,-1,-1,1,-1,-1,-1,1,1,-1,1,-1,1,-1,1,-1,1,1,-1,1,1,1,-1,1,1,-1,1,-1,1,1,-1,1,-1,-1,1,1,-1,-1,1,-1,-1,-1,1,-1,-1,1,1,1,1,1,1,-1,1,-1,-1,1,1,-1,-1,1,-1,-1,-1,1,1,-1,-1,1,1,-1,-1,-1,-1,-1,1,1,1,1,1,-1,1,1,1,-1,1,-1,-1,1,1,1,1,-1,-1,-1,1,-1,1,1,1,-1,-1,-1,1,1,1,-1,-1,-1,-1,1,1,1,1,-1,-1,-1,1,1,1,-1,-1,-1,-1,1,1,1,1,-1,-1,1,1,1,1,1,-1,-1,-1,1,1,1,1,-1,-1,-1,1,1,-1,1,-1,-1,-1,1,1,1,1,-1,-1,1,1,1,1,1,-1,1,1,-1,1,1,-1,-1,-1,1,1,1,-1,1,-1,1,1,1,1,1,1,-1,-1,1,-1,1,-1,1,-1,-1,1,-1,1,-1,-1,-1,-1,1,-1,1,1,-1,-1,-1,1,1,1,-1,1,-1,-1,1,-1,1,-1,-1,-1,-1,1,1,-1,-1,-1,-1,-1,1,-1,1,-1,-1,-1,-1,-1,-1,-1,1,-1,-1,-1,1,-1,-1,1,-1,-1,-1,-1,-1,-1,1,-1,-1,-1,-1,-1,1,-1,-1,-1,1,-1,-1,1,-1,1,-1,-1,-1,-1,-1,-1,-1,1,-1,-1,-1,1,1,1,-1,-1,1,-1,-1,-1,-1,-1,1,-1,-1,1,-1,1,-1,-1,-1,-1,1,-1,1,1,-1,1,-1,-1,1,1,-1,-1,-1,-1,-1,-1,1,1,-1,-1,1,-1,1,1,-1,-1,-1,1,-1,-1,1,-1,-1,1,-1,-1,1,1,1,-1,1,-1,1,1,1,-1,-1,1,-1,-1,1,1,1,-1,1,-1,-1,1,1,-1,1,1,-1,-1,1,1,1,1,1,-1,-1,1,1,-1,1,1,-1,-1,1,1,1,1,1,1,-1,-1,1,1,1,1,-1,-1,1,-1,1,1,1,1,-1,-1,1,-1,1,1,1,-1,1,1,1,1,-1,1,-1,1,1,1,1,1,1,1,-1,1,1,1,1,-1,1,-1,1,1,1,1,1,-1,1,1,1,1,-1,-1,1,-1,1,1,-1,1,1,-1,-1,1,1,1,-1,1,1,-1,1,1,1,-1,-1,1,-1,1,1,1,-1,1,-1,-1,-1,1,1,-1,-1,1,-1,-1,1,1,-1,-1,1,-1,-1,1,1,1,1,-1,-1,-1,1,1,-1,-1,-1,1,-1,1,1,-1,1,1,-1,1,1,-1,-1,1,1,-1,-1,1,1,-1,1,1,-1,1,1,-1,-1,1,-1,1,-1,-1,-1,-1,1,-1,-1,1,1,-1,1,1,-1,1,1,1,1,-1,1,-1,1,1,1,-1,-1,1,-1,-1,1,1,-1,-1,1,-1,1,1,1,-1,-1,1,-1,1,1,1,1,-1,1,-1,-1,1,1,-1,-1,-1,1,-1,1,-1,1,-1,1,-1,-1,1,-2672.0,1,2000,445,0,False
594,1,1,-1,-1,1,-1,-1,-1,1,1,1,-1,1,1,1,1,-1,1,-1,-1,-1,-1,1,1,1,-1,-1,-1,1,1,1,1,1,-1,-1,-1,1,1,1,1,-1,-1,-1,1,1,1,1,-1,1,1,1,1,-1,1,-1,-1,1,-1,1,1,-1,-1,-1,-1,1,1,1,1,-1,-1,-1,1,1,1,1,-1,-1,-1,1,1,1,-1,-1,-1,1,1,1,1,-1,-1,-1,1,1,1,1,-1,-1,1,1,-1,1,1,-1,-1,1,1,1,1,1,-1,-1,1,1,-1,1,1,-1,-1,1,1,1,1,1,1,-1,-1,1,1,-1,1,1,-1,1,1,1,1,1,1,-1,-1,1,1,-1,1,1,-1,1,1,1,1,1,1,-1,-1,-1,1,-1,1,1,-1,1,1,1,1,-1,1,-1,1,-1,1,1,1,-1,-1,1,1,1,-1,1,-1,1,-1,-1,1,1,1,-1,1,1,1,1,-1,1,1,1,1,-1,1,-1,1,-1,1,1,-1,1,-1,1,1,-1,1,-1,1,-1,1,-1,1,1,-1,1,-1,1,1,1,1,-1,-1,1,1,-1,-1,1,-1,1,1,-1,1,-1,1,-1,1,-1,1,-1,1,1,-1,-1,1,1,1,-1,1,-1,1,1,1,-1,1,1,-1,1,-1,1,-1,1,-1,1,-1,1,1,-1,1,-1,-1,-1,1,1,-1,1,-1,-1,-1,-1,1,-1,-1,1,1,-1,-1,1,1,-1,1,1,-1,1,1,1,1,-1,1,-1,1,1,-1,1,-1,1,1,-1,1,1,1,1,1,-1,-1,1,-1,-1,-1,1,1,-1,1,1,1,-1,1,-1,-1,1,1,1,1,1,-1,-1,1,1,-1,1,1,-1,-1,1,1,-1,1,1,-1,1,-1,1,1,-1,1,-1,1,1,1,-1,1,1,-1,1,1,1,-1,1,-1,-1,1,1,1,-1,1,-1,-1,1,-1,1,-1,1,-1,-1,1,-1,1,-1,1,1,-1,1,-1,1,1,-1,1,-1,-1,1,1,-1,1,-1,-1,1,1,-1,-1,1,-1,-1,1,-1,1,-1,1,-1,1,1,-1,1,1,1,-1,1,1,-1,1,-1,1,-1,-1,1,-1,1,1,1,1,-1,1,1,1,1,1,-1,-1,1,-1,-1,1,-1,1,-1,-1,1,-1,1,1,-1,-1,-1,1,-1,1,-1,1,-1,1,-1,-1,1,1,-1,-1,-1,1,-1,-1,1,1,-1,-1,1,-1,1,1,-1,1,-1,1,-1,-1,1,1,-1,-1,-1,-1,1,1,-1,-1,-1,1,-1,1,-1,1,-1,-1,1,-1,1,-1,1,-1,-1,-1,-1,1,-1,-1,-1,-1,-1,-1,1,-1,1,-1,-1,-1,-1,1,-1,-1,1,-1,-1,-1,1,1,1,-1,-1,-1,-1,-1,-1,1,-1,1,-1,-1,1,-1,1,1,1,-1,-1,-1,1,1,-1,1,-1,1,-1,1,1,1,-1,1,1,-1,1,1,1,1,1,1,1,-1,-1,-1,1,-1,1,1,-1,1,-1,1,-1,1,-1,-1,-1,1,1,-1,1,1,-1,-1,-1,1,-1,1,1,-1,1,-1,1,-1,-1,-1,-1,-1,-1,1,-1,-1,-1,-1,-1,-1,1,-1,1,1,1,1,-1,1,-1,1,1,-1,-1,-1,1,-1,-1,1,-1,1,-1,-1,1,1,1,1,-1,-1,1,1,1,1,-1,1,-1,-1,1,1,1,-1,-1,-1,1,1,1,1,-1,1,-1,1,-1,1,-1,1,1,-1,-1,1,1,1,-1,-1,-1,-1,1,1,1,1,-1,-1,-1,1,1,1,1,-1,-1,-1,1,-1,1,-1,-1,1,-1,1,1,1,1,-1,1,-1,1,-1,1,1,-1,-1,-1,1,1,-1,1,-1,-1,-1,1,1,1,1,-1,-1,1,-1,1,-1,1,-1,1,1,-1,1,-1,1,-1,-1,1,1,-1,1,-1,-1,1,1,1,-1,1,-1,-1,-1,1,-1,-1,1,-1,-1,1,-1,1,-1,1,1,-1,-1,-1,1,-1,1,1,-1,-1,1,1,-1,1,-1,-1,1,-1,-1,-1,1,1,-1,-1,1,1,-1,1,1,-1,-1,1,-1,1,-1,1,-1,-1,-1,-1,-1,-1,1,-1,-1,1,-1,1,-1,1,-1,-1,-1,-1,-1,-1,1,-1,-1,-1,-1,-1,1,-1,-1,1,-1,-1,1,-1,1,-1,-1,-1,-1,1,-1,1,1,-1,-1,-1,1,1,1,-1,-1,1,-1,1,-1,1,-1,1,-1,-1,1,1,1,-1,-1,-1,-1,1,-1,1,1,-1,1,-1,-1,1,1,-1,-1,-1,-1,-1,-1,1,1,-1,-1,1,-1,1,1,-1,-1,-1,1,-1,1,1,-1,-1,1,-1,-1,1,1,1,-1,1,-1,1,1,1,-1,-1,1,-1,-1,1,1,1,-1,1,-1,-1,1,1,-1,1,1,-1,-1,1,1,1,1,1,-1,-1,1,1,1,1,1,-1,-1,1,1,1,1,1,1,-1,-1,1,1,-1,1,-1,-1,1,-1,1,1,1,1,-1,-1,1,-1,1,1,1,-1,1,1,1,1,-1,1,-1,1,1,1,1,1,1,1,-1,1,1,1,1,-1,1,-1,1,1,1,1,1,-1,1,1,1,1,-1,1,1,-1,1,1,-1,1,1,-1,-1,1,1,1,1,-1,1,-1,1,1,1,-1,-1,1,-1,1,1,1,-1,1,-1,-1,-1,1,1,-1,-1,1,-1,-1,1,1,1,-1,1,-1,-1,1,1,1,-1,1,-1,-1,1,1,-1,-1,-1,1,-1,-1,1,-1,1,1,-1,1,1,-1,-1,1,-1,-1,-1,1,1,-1,1,1,-1,1,1,-1,-1,-1,-1,1,-1,-1,-1,-1,-1,-1,-1,1,1,-1,1,1,-1,1,1,1,1,-1,1,-1,1,1,1,1,-1,1,-1,-1,1,1,1,-1,1,-1,1,1,1,1,-1,1,-1,1,1,1,-1,-1,1,-1,-1,1,1,-1,-1,-1,1,-1,1,1,1,-1,1,-1,-1,1,-2672.0,1,2000,445,0,False
595,1,1,-1,-1,1,-1,-1,-1,1,1,1,-1,1,1,1,1,-1,1,-1,-1,1,-1,1,1,1,-1,-1,-1,1,1,1,1,-1,-1,-1,-1,1,1,1,-1,-1,-1,-1,1,1,1,1,-1,1,1,1,1,-1,1,-1,-1,1,-1,1,1,1,-1,-1,-1,1,1,1,1,-1,-1,-1,1,1,1,1,-1,-1,-1,1,1,1,-1,-1,-1,1,1,1,1,-1,-1,-1,1,1,1,1,-1,-1,1,1,-1,1,1,-1,-1,1,1,1,1,1,-1,-1,1,1,-1,1,1,-1,-1,1,1,1,1,1,1,-1,-1,1,1,-1,1,1,-1,1,1,1,1,1,1,-1,-1,1,1,-1,1,1,-1,1,1,1,1,1,1,-1,-1,-1,1,-1,1,1,-1,1,1,1,1,-1,1,-1,1,-1,1,1,1,-1,-1,1,1,1,-1,1,-1,1,-1,-1,1,1,1,-1,1,1,1,1,-1,1,1,1,1,-1,1,-1,1,-1,1,1,-1,1,-1,1,1,-1,1,-1,1,-1,1,-1,1,1,-1,-1,-1,1,1,1,1,-1,-1,1,1,-1,-1,1,-1,1,1,-1,1,-1,1,-1,1,-1,1,-1,1,1,-1,-1,1,1,1,-1,1,-1,1,1,1,-1,1,1,-1,1,-1,1,-1,1,-1,1,-1,1,1,-1,1,-1,-1,-1,1,1,-1,1,-1,-1,-1,-1,1,-1,-1,1,1,-1,-1,1,1,-1,1,1,-1,1,1,1,1,-1,1,-1,1,1,-1,1,-1,1,1,-1,1,1,1,1,1,-1,-1,1,-1,-1,-1,1,1,-1,1,1,1,-1,1,-1,-1,1,1,1,1,1,-1,-1,1,1,-1,-1,1,-1,-1,1,1,-1,1,1,-1,1,-1,1,1,-1,1,-1,1,1,1,-1,1,1,-1,1,1,1,-1,1,-1,-1,1,1,1,-1,1,-1,-1,1,-1,1,-1,1,-1,-1,1,-1,1,-1,1,1,-1,1,-1,1,1,-1,1,-1,-1,1,1,-1,1,-1,-1,1,1,-1,-1,1,1,-1,1,-1,1,-1,1,-1,1,1,-1,1,1,1,-1,1,1,-1,1,-1,1,-1,-1,1,-1,1,1,1,1,-1,1,1,1,1,1,-1,-1,1,-1,-1,1,-1,1,-1,-1,1,-1,1,-1,-1,-1,-1,1,-1,1,-1,1,-1,1,1,-1,1,1,-1,-1,-1,1,-1,-1,1,1,-1,-1,1,-1,1,1,-1,1,-1,1,-1,-1,1,1,-1,-1,-1,-1,1,1,-1,-1,-1,1,-1,1,-1,1,-1,-1,-1,-1,1,-1,1,-1,-1,-1,-1,1,-1,-1,-1,-1,-1,-1,1,-1,1,-1,-1,-1,-1,1,-1,-1,1,-1,-1,-1,1,1,1,-1,-1,-1,-1,-1,-1,1,-1,1,-1,-1,1,-1,1,1,1,-1,-1,-1,1,1,-1,1,-1,-1,-1,1,1,1,-1,1,1,-1,1,1,1,1,1,-1,1,-1,-1,-1,1,-1,1,1,-1,1,-1,1,-1,1,-1,-1,-1,1,1,-1,1,1,-1,-1,-1,1,-1,1,1,-1,1,-1,1,-1,-1,-1,-1,-1,-1,1,-1,-1,-1,-1,-1,-1,1,-1,1,1,1,1,-1,1,-1,1,1,-1,-1,-1,1,-1,-1,1,-1,1,-1,-1,1,1,1,1,-1,-1,1,1,1,1,-1,1,-1,-1,1,1,1,-1,-1,-1,1,1,1,1,-1,1,-1,1,-1,1,-1,1,1,-1,-1,1,1,1,-1,-1,-1,-1,1,1,1,1,-1,-1,-1,1,1,1,1,-1,-1,-1,1,-1,1,-1,-1,1,-1,1,1,1,1,-1,1,-1,1,-1,1,1,-1,-1,-1,1,1,-1,1,-1,-1,-1,1,1,1,1,-1,-1,1,-1,1,-1,1,-1,1,1,-1,1,-1,1,-1,-1,1,1,-1,1,-1,-1,1,1,1,-1,1,-1,-1,-1,1,-1,-1,1,-1,-1,1,-1,1,-1,1,1,-1,-1,-1,1,-1,1,1,-1,1,1,1,-1,1,-1,-1,1,-1,-1,-1,1,1,-1,-1,1,1,-1,1,1,-1,-1,1,-1,1,-1,1,-1,-1,-1,-1,-1,-1,1,-1,-1,1,-1,1,-1,1,-1,-1,-1,-1,-1,-1,1,-1,-1,-1,-1,-1,1,-1,-1,1,-1,-1,1,-1,1,-1,-1,-1,-1,1,-1,1,1,-1,-1,-1,1,1,1,-1,-1,1,-1,1,-1,1,-1,1,-1,-1,1,1,1,-1,-1,-1,-1,1,-1,1,1,-1,1,-1,-1,1,1,-1,-1,-1,-1,-1,-1,1,1,-1,-1,1,-1,1,1,1,-1,-1,1,-1,1,1,-1,-1,1,-1,-1,1,1,1,-1,1,-1,1,1,1,-1,-1,1,-1,-1,1,1,1,-1,1,-1,-1,1,1,-1,1,1,-1,-1,1,1,1,1,1,-1,-1,1,1,-1,1,1,-1,-1,1,1,1,1,1,1,-1,-1,1,1,-1,1,-1,-1,1,-1,1,1,1,1,-1,-1,1,-1,1,1,1,-1,1,1,1,1,-1,1,-1,1,1,1,1,1,1,1,-1,1,1,1,1,-1,1,-1,1,1,1,1,1,-1,1,1,1,1,-1,1,1,-1,1,1,-1,1,1,-1,-1,1,1,1,1,-1,1,-1,1,1,1,-1,-1,1,-1,1,1,1,-1,1,-1,-1,-1,1,1,-1,-1,1,-1,-1,1,1,1,-1,1,-1,-1,1,1,1,-1,1,-1,-1,1,1,-1,-1,-1,1,-1,-1,1,-1,1,1,-1,1,1,-1,-1,1,1,-1,-1,1,1,-1,1,1,-1,1,1,-1,-1,-1,-1,1,-1,-1,-1,-1,1,-1,-1,1,1,-1,1,1,-1,1,1,1,1,-1,1,-1,1,1,1,1,-1,1,-1,1,1,1,1,-1,1,-1,-1,1,1,1,-1,1,-1,1,1,-1,-1,-1,1,-1,-1,1,1,-1,-1,-1,1,-1,1,-1,1,-1,1,-1,-1,1,-2672.0,1,2000,445,0,False
596,1,1,-1,-1,1,1,-1,-1,1,1,1,-1,1,1,1,1,-1,1,-1,-1,-1,1,1,1,1,-1,1,-1,1,1,1,1,-1,-1,-1,1,1,-1,1,1,-1,-1,1,1,1,1,1,-1,1,1,1,1,-1,1,-1,-1,1,-1,1,1,1,-1,-1,1,1,1,1,1,-1,-1,1,1,1,1,1,-1,-1,-1,1,1,1,-1,-1,-1,1,1,1,1,-1,-1,-1,1,1,1,1,-1,-1,1,1,-1,1,1,-1,-1,1,1,1,1,1,-1,-1,1,1,1,1,1,-1,-1,1,1,1,1,1,1,-1,-1,1,1,-1,1,1,-1,1,1,1,1,1,1,-1,-1,1,1,1,1,1,-1,1,1,1,1,1,1,-1,-1,-1,1,1,1,1,-1,1,-1,1,1,-1,1,-1,1,-1,1,1,1,-1,-1,1,1,1,1,1,-1,1,-1,-1,1,-1,1,-1,1,1,1,1,1,1,1,1,1,-1,1,-1,1,-1,1,1,-1,1,-1,1,1,-1,1,-1,1,-1,1,-1,1,1,-1,-1,-1,1,1,1,1,-1,-1,1,1,-1,-1,1,-1,1,-1,-1,1,-1,1,-1,1,-1,1,-1,-1,1,-1,-1,-1,1,1,-1,1,-1,1,1,1,-1,1,1,-1,1,-1,1,-1,1,-1,1,-1,1,1,-1,1,-1,-1,-1,1,1,-1,1,-1,-1,-1,1,1,-1,-1,1,1,-1,-1,1,1,-1,1,1,-1,1,1,1,1,-1,1,-1,1,1,-1,1,-1,1,1,-1,1,1,1,1,1,-1,-1,1,-1,-1,1,1,1,-1,1,1,1,-1,1,-1,-1,1,1,1,1,1,-1,1,1,1,-1,1,1,-1,1,1,1,-1,1,1,-1,-1,1,1,1,-1,1,-1,1,1,1,-1,1,1,-1,1,1,1,-1,1,-1,-1,1,1,1,-1,1,-1,-1,-1,1,1,-1,1,-1,-1,1,-1,1,-1,1,1,-1,-1,1,1,1,1,1,-1,-1,1,1,-1,1,-1,1,-1,-1,-1,-1,1,1,-1,-1,1,1,-1,1,1,-1,-1,1,1,1,1,1,-1,1,1,1,-1,1,-1,-1,-1,-1,1,1,1,1,-1,-1,1,1,1,1,-1,-1,-1,-1,-1,1,-1,-1,-1,1,-1,1,1,1,1,-1,1,1,-1,1,-1,1,-1,-1,1,-1,1,1,1,-1,1,1,-1,-1,1,1,-1,-1,1,-1,1,1,-1,1,-1,1,-1,-1,1,1,-1,1,1,-1,1,1,1,-1,1,1,-1,1,-1,-1,-1,1,-1,-1,1,-1,-1,-1,1,-1,-1,1,-1,1,-1,1,-1,-1,1,-1,-1,-1,1,-1,-1,1,-1,-1,-1,1,1,-1,1,1,-1,-1,1,1,-1,-1,1,1,-1,1,-1,-1,1,-1,-1,1,-1,1,-1,-1,1,-1,1,-1,1,-1,-1,1,-1,-1,1,1,1,-1,1,-1,1,-1,-1,-1,1,-1,-1,-1,1,-1,-1,-1,1,-1,1,1,-1,1,-1,1,-1,1,1,-1,1,1,1,1,-1,1,-1,1,-1,1,-1,-1,1,-1,-1,1,1,1,-1,1,-1,-1,-1,1,-1,-1,1,-1,1,1,1,1,-1,1,-1,-1,1,1,-1,-1,1,-1,-1,-1,1,-1,-1,-1,1,1,-1,-1,-1,-1,1,1,1,1,1,1,-1,-1,1,1,1,-1,-1,-1,1,1,1,1,-1,-1,-1,1,-1,1,-1,1,1,-1,-1,1,1,1,-1,-1,-1,-1,1,1,1,1,-1,-1,-1,1,1,1,-1,-1,-1,-1,1,1,1,1,-1,-1,-1,1,1,1,1,-1,-1,1,1,1,1,1,-1,-1,-1,1,1,-1,1,-1,-1,-1,1,1,1,1,-1,-1,1,1,1,1,1,-1,1,1,-1,1,1,-1,-1,-1,1,1,1,1,1,-1,1,1,1,1,1,1,-1,-1,1,-1,1,-1,1,-1,-1,1,-1,1,-1,-1,-1,-1,1,-1,1,1,-1,1,-1,1,1,1,-1,1,1,-1,1,-1,1,-1,-1,-1,-1,1,1,-1,-1,-1,-1,-1,1,-1,1,-1,-1,-1,-1,-1,-1,-1,1,-1,-1,-1,1,-1,-1,1,-1,-1,-1,-1,-1,-1,1,-1,-1,-1,-1,-1,1,-1,-1,-1,1,-1,-1,1,-1,1,-1,-1,-1,-1,-1,-1,-1,1,-1,-1,-1,1,1,1,-1,-1,1,-1,-1,-1,-1,-1,1,-1,-1,1,-1,1,-1,-1,-1,-1,1,-1,1,1,-1,1,-1,-1,1,1,-1,-1,-1,-1,-1,-1,1,1,-1,-1,1,-1,1,1,-1,-1,-1,1,-1,1,1,-1,-1,1,-1,-1,1,1,1,-1,1,-1,1,1,1,-1,-1,1,-1,-1,1,1,1,-1,1,-1,-1,1,1,-1,1,1,-1,-1,1,1,-1,1,1,-1,-1,1,1,-1,1,1,-1,-1,1,1,1,1,-1,1,-1,-1,1,1,1,1,-1,-1,1,-1,1,1,1,1,-1,-1,1,-1,1,1,1,-1,1,1,1,1,-1,1,-1,1,1,1,1,1,1,1,-1,1,1,1,1,-1,1,-1,1,1,1,1,1,-1,1,1,1,1,-1,1,1,-1,1,1,-1,1,1,-1,-1,1,1,1,1,-1,1,-1,1,1,1,-1,-1,1,-1,1,1,1,-1,1,-1,-1,-1,1,1,-1,-1,1,-1,-1,1,1,-1,-1,1,-1,-1,-1,1,1,-1,-1,-1,-1,1,1,-1,-1,-1,1,-1,-1,1,-1,1,1,-1,1,1,-1,-1,1,-1,-1,-1,1,1,-1,1,1,-1,1,1,-1,-1,-1,-1,1,-1,-1,-1,-1,1,-1,-1,1,1,-1,1,1,-1,1,1,1,1,-1,1,-1,1,1,1,1,-1,1,-1,-1,-1,1,1,-1,1,-1,1,1,1,1,-1,1,-1,1,1,1,-1,-1,1,-1,-1,1,1,-1,-1,-1,1,-1,1,1,1,-1,1,-1,-1,1,-2672.0,1,2000,445,0,False
597,1,1,-1,-1,1,1,-1,-1,1,1,1,-1,-1,1,1,1,-1,1,-1,-1,-1,-1,1,1,1,-1,-1,-1,1,1,1,1,-1,-1,-1,-1,1,-1,1,1,-1,-1,-1,1,1,1,1,-1,1,1,1,1,-1,1,-1,-1,1,-1,1,1,1,-1,-1,-1,1,1,1,1,-1,-1,-1,1,1,1,1,-1,-1,-1,1,1,1,-1,-1,-1,1,1,1,1,-1,-1,-1,1,1,1,1,-1,-1,1,1,-1,1,1,-1,-1,1,1,1,1,1,-1,-1,1,1,-1,1,1,-1,-1,1,1,1,1,1,1,-1,1,1,1,-1,1,1,-1,1,1,1,1,1,1,-1,-1,1,1,1,1,1,-1,1,1,1,1,1,1,-1,-1,-1,1,1,1,1,-1,1,1,1,1,-1,1,-1,1,-1,1,1,1,-1,-1,1,1,1,1,1,-1,1,-1,-1,1,-1,1,-1,1,1,1,1,1,1,1,1,1,-1,1,-1,1,-1,1,1,-1,1,-1,1,1,-1,1,-1,1,-1,1,-1,1,1,-1,1,-1,1,1,1,1,-1,-1,1,1,-1,-1,1,-1,1,-1,1,1,-1,1,-1,1,-1,1,-1,1,1,-1,-1,-1,1,1,-1,1,-1,1,1,1,-1,1,1,-1,1,-1,1,-1,1,-1,1,-1,1,1,-1,1,-1,-1,-1,1,1,-1,1,-1,-1,-1,1,1,-1,-1,1,1,-1,-1,1,1,-1,1,1,-1,1,1,1,1,-1,1,-1,1,1,-1,1,-1,1,1,1,1,1,1,1,1,-1,-1,1,-1,-1,-1,1,1,-1,1,1,1,-1,1,1,1,1,1,1,1,1,-1,1,1,1,-1,1,1,-1,1,1,1,-1,1,1,-1,-1,1,1,1,-1,1,-1,1,1,1,-1,1,1,-1,1,1,1,-1,1,1,-1,1,1,1,-1,1,1,-1,-1,1,1,-1,1,1,-1,1,-1,1,-1,1,-1,1,-1,1,1,1,-1,-1,1,-1,1,1,-1,1,1,1,-1,-1,-1,-1,1,1,1,-1,1,1,-1,1,1,-1,-1,1,1,1,1,1,-1,1,1,1,-1,1,1,1,1,-1,1,1,-1,-1,1,-1,1,-1,1,-1,1,1,-1,-1,-1,1,-1,1,1,-1,1,-1,1,-1,1,1,1,1,-1,1,-1,-1,1,-1,1,-1,1,-1,1,1,1,1,-1,-1,1,-1,1,1,-1,-1,1,1,1,-1,1,1,-1,1,-1,-1,1,1,-1,-1,1,-1,1,1,-1,1,-1,1,-1,1,1,-1,-1,1,1,-1,1,1,-1,-1,-1,1,-1,1,1,1,-1,1,-1,-1,-1,1,-1,-1,-1,1,-1,1,1,-1,1,-1,1,-1,-1,1,-1,-1,-1,1,-1,-1,1,-1,-1,-1,1,-1,-1,1,-1,-1,-1,-1,1,-1,1,-1,-1,-1,-1,1,-1,-1,1,1,1,-1,1,-1,1,-1,1,1,1,-1,-1,-1,1,-1,1,1,1,1,-1,1,-1,-1,1,1,-1,1,1,-1,-1,-1,1,-1,-1,1,-1,-1,1,1,1,-1,1,-1,-1,1,1,-1,-1,1,-1,1,1,1,-1,-1,1,-1,-1,-1,1,1,-1,1,-1,-1,-1,1,-1,-1,1,-1,1,1,1,1,-1,-1,1,-1,-1,-1,-1,-1,1,1,1,-1,-1,1,-1,-1,1,-1,-1,1,-1,-1,1,1,-1,-1,1,1,-1,1,1,-1,1,-1,1,-1,-1,1,1,-1,-1,-1,-1,-1,1,-1,-1,1,-1,-1,-1,1,1,-1,-1,-1,-1,-1,1,-1,-1,-1,-1,-1,1,1,1,-1,-1,-1,-1,-1,1,1,-1,-1,-1,-1,-1,1,1,1,-1,-1,-1,-1,1,1,-1,-1,-1,-1,1,1,1,1,1,-1,1,1,1,1,1,1,-1,-1,1,1,1,1,-1,-1,1,1,1,1,-1,1,-1,-1,1,-1,1,-1,1,-1,-1,1,-1,1,1,1,-1,-1,1,-1,1,-1,1,1,-1,1,-1,1,1,1,1,-1,1,-1,1,1,1,-1,-1,1,1,-1,1,1,-1,-1,1,-1,1,-1,1,-1,-1,-1,-1,-1,1,1,-1,-1,1,-1,-1,1,1,-1,-1,-1,-1,1,-1,1,-1,-1,-1,-1,1,-1,-1,-1,1,-1,-1,1,-1,1,-1,-1,-1,-1,-1,-1,1,1,-1,-1,-1,1,1,1,-1,-1,-1,1,-1,-1,1,-1,1,-1,-1,1,1,1,-1,-1,-1,-1,1,-1,1,1,-1,1,-1,-1,1,1,-1,-1,-1,-1,-1,-1,1,1,-1,-1,1,-1,1,1,-1,-1,-1,1,-1,1,1,-1,-1,1,-1,-1,1,1,1,-1,1,-1,1,1,1,-1,-1,1,-1,-1,1,1,1,-1,1,-1,-1,1,1,-1,1,1,-1,-1,1,1,-1,1,1,-1,-1,1,1,-1,1,1,-1,-1,1,1,1,1,1,1,-1,1,1,1,-1,1,-1,-1,1,-1,1,1,1,1,-1,-1,1,-1,1,1,1,-1,1,1,1,1,-1,1,-1,1,1,1,1,1,1,1,-1,-1,1,1,1,-1,1,-1,1,1,1,1,1,-1,1,1,1,1,-1,1,1,-1,-1,1,-1,1,1,-1,-1,1,1,1,1,-1,1,-1,1,1,1,-1,-1,1,-1,1,1,1,-1,1,-1,-1,-1,1,1,-1,-1,1,-1,-1,1,1,-1,-1,1,-1,1,1,1,1,-1,1,-1,-1,1,1,-1,-1,-1,1,1,1,1,-1,1,1,-1,1,1,-1,-1,1,1,-1,-1,1,1,-1,1,1,1,1,1,-1,-1,-1,-1,-1,-1,-1,-1,-1,-1,1,1,1,1,-1,1,1,-1,1,1,1,1,-1,1,-1,1,1,1,1,-1,1,-1,1,1,1,1,-1,1,-1,1,1,1,1,-1,1,-1,1,1,1,-1,-1,1,-1,1,1,1,-1,-1,-1,1,-1,1,1,1,-1,1,-1,1,1,-2672.0,1,2000,445,1500,False
598,1,1,-1,-1,1,1,-1,-1,1,1,1,-1,-1,1,1,1,-1,1,-1,-1,1,-1,1,1,1,-1,-1,-1,1,1,1,1,1,-1,-1,-1,1,-1,1,1,-1,-1,-1,1,1,1,1,-1,1,1,1,1,-1,1,-1,-1,1,-1,1,1,1,-1,-1,-1,1,1,1,1,-1,-1,-1,1,1,1,1,-1,-1,-1,1,1,1,-1,-1,-1,1,1,1,1,-1,1,-1,1,1,1,1,-1,-1,1,1,-1,1,1,-1,-1,1,1,1,1,1,-1,-1,1,1,1,1,1,-1,-1,1,1,1,1,1,1,-1,1,1,1,-1,1,1,-1,1,1,1,1,1,1,-1,-1,1,1,1,1,1,-1,1,1,1,1,1,1,-1,-1,-1,1,1,1,1,-1,1,1,1,1,-1,1,-1,1,-1,1,1,1,-1,-1,1,1,1,1,1,-1,1,-1,-1,1,-1,1,-1,1,1,1,1,1,1,1,1,1,-1,1,-1,1,-1,1,1,-1,1,-1,1,1,-1,1,-1,1,-1,1,-1,1,1,-1,-1,-1,1,1,1,1,-1,-1,1,1,-1,-1,1,-1,1,-1,-1,1,-1,1,-1,1,-1,1,-1,1,1,-1,-1,-1,1,1,-1,1,-1,1,1,1,-1,1,1,-1,-1,-1,1,-1,1,-1,1,-1,1,1,-1,1,-1,-1,-1,1,1,-1,1,-1,-1,-1,1,1,-1,-1,1,1,-1,-1,1,1,-1,1,1,-1,1,1,1,1,-1,1,-1,1,1,-1,1,-1,1,1,1,1,1,1,1,1,-1,-1,1,-1,-1,-1,1,1,-1,1,1,1,-1,1,1,1,1,1,1,1,1,-1,1,1,1,-1,-1,1,-1,1,1,1,-1,1,1,-1,-1,1,1,1,-1,1,-1,1,1,1,-1,1,1,-1,1,1,1,-1,1,1,-1,1,1,1,-1,1,1,-1,-1,1,1,-1,1,1,-1,1,-1,1,-1,1,1,1,-1,1,1,1,-1,1,1,-1,1,1,-1,1,1,1,-1,-1,-1,-1,1,1,1,-1,1,1,-1,1,1,-1,-1,1,1,1,1,1,-1,1,1,1,-1,1,1,1,-1,-1,1,1,1,-1,1,-1,1,1,1,1,1,1,-1,-1,-1,1,-1,-1,1,-1,1,-1,1,-1,1,1,1,1,-1,1,-1,-1,1,-1,1,-1,1,1,1,1,1,1,-1,-1,1,-1,1,1,-1,-1,1,1,1,-1,1,1,-1,-1,1,-1,1,1,-1,-1,1,1,1,1,-1,1,-1,1,-1,1,1,-1,1,-1,1,-1,1,1,-1,-1,-1,1,-1,1,1,1,-1,-1,1,-1,-1,1,-1,-1,-1,1,-1,1,1,-1,1,-1,1,1,-1,1,-1,-1,-1,-1,1,-1,1,-1,-1,-1,1,-1,-1,1,-1,-1,-1,-1,1,-1,1,-1,-1,-1,-1,1,-1,-1,1,1,1,-1,1,-1,1,1,1,-1,1,-1,-1,-1,1,-1,-1,-1,1,1,-1,1,-1,1,1,1,-1,1,1,-1,1,-1,1,-1,-1,1,-1,-1,1,1,1,-1,1,-1,-1,1,1,-1,-1,1,-1,-1,1,1,-1,-1,1,-1,-1,-1,1,1,-1,1,-1,-1,-1,1,-1,-1,1,-1,1,-1,1,1,-1,-1,1,-1,-1,-1,-1,-1,1,1,1,-1,-1,1,-1,-1,1,-1,-1,1,-1,-1,1,1,-1,-1,1,-1,-1,1,1,-1,1,-1,-1,-1,-1,1,1,-1,-1,-1,-1,1,1,-1,-1,1,-1,-1,-1,1,1,-1,-1,-1,-1,-1,1,-1,-1,-1,-1,-1,-1,1,1,-1,-1,-1,-1,1,1,1,-1,-1,-1,-1,-1,1,1,1,-1,-1,-1,-1,1,1,-1,-1,-1,-1,1,1,1,1,1,-1,1,1,1,1,1,1,-1,-1,1,1,1,1,-1,-1,1,1,1,1,-1,1,-1,-1,1,-1,1,-1,1,-1,-1,1,-1,1,1,1,-1,-1,1,-1,1,-1,1,1,-1,1,-1,1,1,1,1,-1,1,-1,1,1,1,-1,-1,1,1,-1,1,1,-1,-1,1,-1,1,-1,1,-1,-1,-1,-1,-1,1,1,-1,-1,1,-1,-1,1,1,-1,-1,-1,-1,-1,-1,1,-1,-1,-1,-1,1,-1,-1,-1,1,-1,-1,1,-1,1,-1,-1,-1,-1,-1,-1,1,1,-1,-1,-1,1,1,1,-1,-1,1,-1,-1,-1,1,-1,1,-1,-1,1,1,1,-1,-1,-1,-1,1,-1,1,1,-1,1,-1,-1,1,1,-1,-1,-1,-1,-1,-1,1,1,-1,-1,1,-1,1,1,-1,-1,-1,1,-1,1,1,-1,-1,1,-1,-1,1,1,1,-1,1,-1,1,1,1,-1,-1,1,-1,-1,1,1,1,-1,1,-1,-1,1,1,-1,1,1,-1,-1,1,1,-1,1,1,-1,-1,1,1,1,1,1,-1,-1,1,1,1,1,1,1,-1,-1,1,1,-1,1,-1,-1,1,-1,1,1,1,1,-1,-1,1,-1,1,1,1,-1,1,1,1,1,-1,1,-1,1,1,1,1,1,1,1,-1,1,1,1,1,-1,1,-1,1,1,1,1,1,-1,1,1,1,1,-1,1,1,-1,1,1,-1,1,1,-1,-1,1,1,1,1,-1,1,-1,1,1,1,-1,-1,1,-1,1,1,1,-1,1,-1,-1,-1,1,1,-1,-1,1,-1,-1,1,1,-1,-1,1,-1,-1,1,1,1,-1,1,-1,-1,1,1,-1,-1,-1,1,-1,1,1,-1,1,1,-1,1,1,-1,-1,1,1,-1,-1,-1,1,-1,1,1,-1,1,1,-1,-1,1,-1,1,-1,-1,-1,-1,1,-1,-1,1,1,-1,1,1,-1,1,1,1,1,-1,1,-1,1,1,1,1,-1,1,-1,-1,-1,1,1,-1,1,-1,1,1,1,1,-1,1,-1,1,1,-1,-1,-1,1,-1,-1,1,1,-1,-1,-1,1,-1,1,-1,1,-1,1,-1,-1,1,-2672.0,1,2000,445,1500,False
599,-1,-1,1,1,1,1,-1,1,-1,-1,-1,1,-1,1,-1,-1,1,-1,1,1,-1,-1,-1,-1,-1,1,-1,-1,-1,-1,-1,-1,1,1,-1,-1,1,-1,-1,-1,1,-1,-1,-1,-1,-1,-1,1,-1,1,-1,-1,1,-1,1,-1,-1,1,-1,-1,-1,1,1,1,-1,-1,-1,-1,-1,-1,-1,1,-1,-1,-1,-1,-1,-1,1,-1,-1,1,1,-1,1,-1,-1,-1,-1,1,-1,-1,1,-1,-1,-1,-1,1,1,1,-1,-1,-1,-1,1,1,1,-1,-1,-1,-1,1,1,1,-1,-1,-1,-1,1,1,1,-1,-1,-1,-1,1,1,1,-1,-1,-1,-1,-1,1,1,-1,-1,-1,-1,-1,1,1,-1,-1,-1,-1,1,1,1,1,-1,-1,-1,-1,-1,1,1,-1,-1,-1,-1,1,1,1,-1,-1,1,-1,-1,1,-1,-1,-1,-1,-1,1,1,1,-1,-1,-1,1,-1,1,-1,-1,-1,-1,-1,1,1,1,-1,-1,-1,-1,-1,1,-1,-1,-1,1,-1,-1,1,-1,-1,-1,-1,-1,-1,1,-1,-1,1,-1,-1,-1,1,-1,-1,1,-1,-1,-1,-1,1,1,-1,-1,-1,-1,1,-1,1,-1,-1,-1,-1,1,-1,1,-1,1,-1,-1,-1,-1,1,-1,1,-1,-1,1,1,1,1,-1,-1,-1,-1,-1,-1,1,-1,-1,1,-1,1,1,1,-1,1,-1,-1,1,1,1,-1,1,-1,-1,1,-1,1,-1,-1,1,-1,-1,1,1,1,-1,1,-1,1,1,-1,1,1,1,-1,1,1,1,1,-1,1,1,-1,1,1,1,1,1,-1,-1,1,1,1,1,1,1,-1,1,1,-1,1,1,-1,-1,1,1,-1,1,1,-1,1,1,1,1,-1,1,-1,1,1,-1,-1,1,1,-1,-1,1,1,1,-1,1,-1,1,1,1,-1,1,1,-1,1,1,1,-1,1,-1,-1,1,1,1,-1,1,-1,-1,-1,1,1,1,1,-1,-1,1,-1,1,-1,1,1,-1,-1,1,1,-1,-1,1,-1,-1,1,1,-1,1,-1,-1,-1,-1,-1,-1,1,1,-1,-1,1,1,-1,1,-1,1,-1,1,1,-1,1,-1,-1,1,1,-1,1,1,-1,-1,-1,-1,1,1,1,1,-1,-1,1,-1,-1,1,-1,-1,1,-1,-1,1,-1,1,-1,-1,1,-1,-1,1,-1,-1,1,1,-1,1,-1,1,-1,-1,1,-1,-1,-1,-1,-1,-1,1,-1,-1,1,1,-1,-1,1,-1,1,-1,-1,1,-1,1,-1,-1,1,1,-1,-1,1,-1,-1,-1,-1,-1,1,1,-1,-1,1,1,-1,1,-1,1,-1,1,1,-1,1,-1,-1,-1,-1,-1,-1,1,-1,1,-1,1,1,-1,1,-1,-1,1,-1,-1,1,-1,1,-1,-1,-1,1,-1,1,1,-1,-1,-1,1,-1,1,-1,-1,1,-1,1,1,1,1,-1,-1,1,1,-1,1,1,1,-1,1,1,1,-1,1,1,-1,1,1,1,1,-1,-1,1,-1,-1,-1,1,-1,1,1,-1,1,-1,1,-1,1,-1,-1,-1,1,1,-1,1,1,-1,1,-1,1,-1,1,1,-1,1,-1,1,-1,-1,-1,-1,1,-1,1,-1,-1,-1,-1,1,-1,1,-1,1,1,1,-1,-1,1,-1,1,1,-1,1,-1,1,-1,-1,1,-1,1,-1,-1,1,1,1,1,1,-1,1,1,1,1,-1,1,-1,-1,1,1,1,-1,-1,-1,1,1,1,1,-1,-1,-1,1,-1,1,-1,1,1,-1,-1,1,1,1,-1,-1,-1,1,1,1,1,1,1,-1,-1,1,1,1,1,-1,-1,-1,1,-1,1,-1,1,-1,1,1,1,1,1,1,-1,-1,1,1,1,1,1,-1,-1,1,1,-1,1,1,-1,-1,1,1,1,1,1,-1,1,1,1,1,-1,1,1,1,-1,1,1,-1,1,-1,1,1,1,1,1,1,1,1,1,1,1,-1,1,-1,1,-1,1,-1,-1,1,-1,1,-1,1,1,-1,1,1,1,-1,1,1,-1,1,1,1,1,1,1,-1,1,1,1,-1,1,1,-1,1,1,1,1,-1,-1,-1,1,1,1,-1,1,-1,-1,1,1,-1,-1,-1,1,-1,1,1,-1,-1,-1,1,-1,1,1,1,-1,-1,1,-1,1,1,-1,-1,1,-1,-1,1,1,-1,-1,1,-1,1,1,1,-1,-1,-1,-1,-1,-1,1,-1,-1,1,1,1,1,1,1,1,-1,-1,-1,1,1,1,-1,1,1,1,1,1,1,-1,1,-1,1,1,1,1,-1,-1,1,1,1,1,1,1,-1,-1,1,-1,1,1,-1,-1,1,1,1,1,1,-1,-1,1,1,1,1,1,1,-1,1,1,-1,1,-1,-1,1,1,1,1,1,1,-1,-1,1,1,1,1,-1,1,-1,1,1,1,1,-1,-1,-1,1,1,1,1,-1,1,-1,1,1,1,1,1,-1,-1,1,1,-1,1,1,-1,-1,1,1,-1,1,-1,-1,-1,1,-1,1,1,1,-1,1,1,1,-1,1,1,-1,-1,1,1,-1,1,1,-1,1,1,1,-1,1,1,-1,1,-1,1,1,1,1,-1,1,-1,1,1,1,-1,-1,1,1,1,1,1,1,1,-1,1,1,1,-1,1,1,1,1,-1,-1,1,-1,1,1,1,1,-1,1,1,-1,1,-1,1,-1,1,1,1,-1,-1,-1,1,1,1,-1,1,1,1,-1,1,-1,1,1,1,-1,-1,1,1,1,-1,-1,1,1,1,1,1,-1,-1,1,1,1,1,-1,1,1,1,1,1,1,-1,1,1,-1,-1,1,1,-1,-1,1,1,1,-1,1,1,-1,-1,-1,-1,1,1,-1,-1,1,1,1,-1,1,-1,-1,-1,1,1,1,1,-1,-1,1,1,1,1,1,1,-1,1,1,1,1,1,1,-1,1,1,1,1,1,-1,-1,1,-1,1,-1,1,1,-1,-1,1,1,-1,1,-1,1,-1,1,1,-1,1,1,-1,-1,1,-2672.0,1,2000,445,500,True
600,1,1,-1,-1,1,-1,-1,-1,1,1,1,-1,1,1,1,1,-1,1,-1,-1,-1,-1,1,1,1,1,-1,-1,1,1,1,1,-1,-1,-1,-1,1,1,1,1,-1,-1,-1,1,1,1,1,-1,1,1,1,1,-1,1,-1,-1,1,-1,1,1,1,-1,-1,-1,1,1,1,1,-1,-1,-1,1,1,1,1,-1,-1,-1,1,1,1,-1,-1,-1,1,1,1,1,-1,-1,-1,1,1,1,1,-1,-1,1,1,-1,1,1,-1,-1,1,1,1,1,1,-1,-1,1,1,-1,1,1,-1,-1,1,1,1,1,1,1,-1,1,1,1,-1,1,1,-1,1,1,1,1,1,1,-1,-1,1,1,1,1,1,-1,1,1,1,1,1,1,-1,-1,-1,1,1,1,1,-1,1,1,1,1,-1,1,-1,1,-1,1,1,1,-1,-1,1,1,1,1,1,-1,1,-1,-1,1,-1,1,-1,1,1,1,1,1,1,1,1,1,-1,1,-1,1,-1,1,1,-1,1,-1,1,1,-1,1,-1,1,-1,1,-1,1,1,-1,1,-1,1,1,1,1,-1,-1,1,1,-1,-1,1,-1,1,-1,-1,1,1,1,-1,1,-1,1,-1,1,1,-1,-1,-1,1,1,-1,1,-1,1,1,1,-1,1,1,-1,1,-1,1,-1,1,-1,1,-1,1,1,-1,1,-1,-1,-1,1,1,-1,1,-1,-1,-1,1,1,-1,-1,1,1,-1,-1,1,1,-1,1,1,-1,1,1,1,-1,-1,1,-1,1,1,-1,1,-1,1,1,-1,1,1,-1,-1,1,-1,-1,1,-1,1,-1,1,1,-1,1,1,1,-1,1,-1,-1,1,1,-1,-1,1,-1,1,1,1,1,-1,1,-1,1,1,1,-1,1,1,-1,-1,1,1,-1,-1,1,-1,1,1,1,1,1,1,-1,1,1,1,1,1,-1,-1,1,1,1,1,1,-1,-1,-1,-1,1,1,1,-1,-1,1,1,1,-1,1,1,-1,-1,1,1,1,1,1,-1,-1,1,-1,1,-1,-1,1,-1,-1,1,-1,1,1,-1,-1,1,-1,-1,1,1,-1,-1,-1,1,1,1,1,-1,1,-1,1,-1,1,-1,-1,-1,-1,1,1,1,1,-1,-1,1,-1,1,1,-1,-1,-1,1,-1,1,-1,-1,-1,1,-1,1,1,1,1,-1,1,1,-1,1,-1,1,-1,-1,1,-1,1,-1,1,1,-1,1,-1,-1,1,1,-1,-1,1,-1,1,1,1,-1,-1,1,-1,1,-1,1,-1,1,1,1,-1,-1,-1,-1,1,1,-1,1,-1,-1,-1,1,-1,1,1,1,-1,-1,1,-1,-1,1,-1,-1,-1,1,-1,1,-1,1,-1,-1,1,-1,-1,1,-1,-1,-1,1,1,-1,1,-1,-1,-1,1,1,-1,-1,-1,1,-1,1,-1,-1,1,-1,-1,1,-1,1,-1,-1,1,-1,1,-1,1,-1,-1,1,-1,-1,1,1,1,-1,1,-1,1,-1,1,-1,1,-1,-1,-1,1,-1,-1,-1,1,1,-1,1,-1,1,-1,1,-1,1,1,-1,1,1,1,-1,-1,1,-1,1,-1,1,1,-1,1,-1,-1,1,1,-1,-1,1,-1,-1,-1,1,-1,-1,1,-1,1,1,1,1,-1,1,-1,-1,1,1,-1,-1,1,-1,-1,-1,1,1,-1,-1,1,1,-1,-1,-1,-1,1,1,1,1,1,1,-1,-1,1,1,-1,1,-1,-1,1,1,1,1,-1,1,-1,1,-1,1,1,1,1,-1,-1,1,1,1,-1,-1,-1,-1,1,1,1,1,-1,-1,-1,1,1,1,-1,-1,-1,-1,1,1,1,1,-1,-1,1,1,1,1,1,-1,-1,-1,1,1,1,1,-1,-1,-1,1,1,-1,1,-1,-1,-1,1,1,1,1,-1,-1,1,1,1,1,1,-1,1,1,-1,1,1,-1,-1,-1,1,1,1,-1,1,-1,1,1,1,1,1,1,-1,-1,1,-1,1,-1,1,-1,-1,1,-1,1,-1,-1,-1,-1,1,-1,1,1,-1,-1,-1,1,1,1,-1,1,-1,-1,1,-1,1,-1,-1,-1,-1,1,1,-1,-1,-1,-1,-1,1,-1,1,-1,-1,-1,-1,-1,-1,-1,1,-1,-1,-1,1,-1,-1,1,-1,-1,-1,-1,-1,1,1,-1,-1,-1,-1,-1,1,-1,-1,-1,1,-1,-1,1,-1,1,-1,-1,-1,-1,1,-1,-1,1,-1,-1,-1,-1,1,1,-1,-1,1,-1,1,-1,-1,-1,1,-1,-1,-1,-1,1,-1,-1,-1,-1,-1,1,1,1,-1,1,-1,1,-1,1,-1,-1,-1,-1,-1,-1,1,1,-1,-1,1,-1,1,1,-1,-1,-1,1,-1,1,1,-1,-1,1,-1,-1,1,1,1,-1,1,-1,1,1,1,-1,-1,1,-1,-1,1,1,1,-1,1,-1,-1,1,1,-1,1,1,-1,-1,1,1,-1,1,1,-1,-1,1,1,-1,1,1,-1,-1,1,1,1,1,-1,1,-1,1,1,1,1,1,-1,-1,1,-1,1,1,1,1,-1,-1,1,-1,1,-1,1,-1,1,1,1,1,-1,1,-1,1,1,1,1,1,1,-1,-1,1,1,1,1,-1,1,-1,1,1,1,1,-1,1,-1,1,1,1,-1,-1,1,-1,1,1,-1,1,-1,-1,-1,1,1,1,-1,1,-1,-1,1,1,1,-1,-1,-1,-1,1,1,1,-1,1,-1,-1,-1,1,1,-1,1,-1,-1,-1,1,1,-1,-1,1,-1,1,1,1,1,1,1,-1,-1,1,1,-1,-1,1,1,1,-1,1,-1,1,-1,-1,1,1,-1,-1,1,-1,-1,-1,1,1,-1,1,1,1,1,1,-1,-1,-1,-1,-1,-1,-1,-1,-1,1,-1,1,1,1,-1,1,1,-1,1,1,1,1,-1,1,-1,1,1,1,1,-1,1,-1,1,1,1,1,-1,1,-1,1,1,1,1,-1,1,-1,1,1,1,-1,-1,1,-1,-1,1,1,-1,-1,-1,1,-1,1,1,1,-1,1,-1,-1,1,-2672.0,1,2000,445,0,False
601,1,1,-1,-1,1,1,-1,-1,1,1,1,-1,1,1,1,1,-1,1,-1,-1,1,-1,1,1,1,-1,1,-1,1,1,1,1,1,-1,-1,-1,1,1,1,1,-1,-1,-1,1,1,1,1,-1,1,1,1,1,-1,1,-1,-1,1,-1,1,1,-1,-1,-1,-1,1,1,1,1,-1,-1,-1,1,1,1,1,-1,-1,-1,1,1,1,-1,-1,-1,1,1,1,1,-1,-1,-1,1,1,1,1,-1,-1,1,1,-1,1,1,-1,-1,1,1,1,1,1,-1,-1,1,1,1,1,1,-1,-1,1,1,1,1,1,1,-1,-1,1,1,-1,1,1,-1,1,1,1,1,1,1,-1,-1,1,1,1,1,1,-1,1,1,1,1,1,1,-1,-1,-1,1,1,1,1,-1,1,1,1,1,-1,1,-1,1,-1,1,1,1,-1,-1,1,1,1,1,1,-1,1,-1,-1,1,-1,1,-1,1,1,1,1,1,1,1,1,1,-1,1,-1,1,-1,1,1,-1,1,-1,1,1,-1,1,-1,1,-1,1,-1,1,1,-1,1,-1,1,1,1,1,-1,-1,1,1,-1,-1,1,-1,1,-1,-1,1,-1,1,-1,1,-1,1,-1,1,1,-1,-1,-1,1,1,-1,1,-1,1,1,1,-1,1,1,-1,1,-1,1,-1,1,-1,1,-1,1,1,-1,1,-1,-1,-1,1,1,-1,1,-1,-1,-1,1,1,-1,-1,1,1,-1,-1,1,1,-1,1,1,-1,1,1,1,1,-1,1,-1,1,1,-1,1,-1,1,-1,1,1,1,1,1,1,-1,-1,1,-1,-1,-1,1,1,-1,1,1,1,-1,1,1,1,1,1,1,1,1,-1,1,1,1,-1,1,1,-1,1,1,1,-1,1,1,-1,-1,1,1,1,-1,1,-1,1,1,1,-1,1,1,-1,1,1,1,-1,1,1,-1,1,1,1,-1,1,1,-1,-1,1,1,-1,1,1,-1,1,-1,1,-1,1,1,1,-1,1,1,1,-1,1,1,-1,1,1,-1,1,1,1,-1,-1,-1,-1,1,1,1,-1,1,1,-1,1,1,-1,-1,1,1,1,1,1,-1,1,1,1,-1,1,1,1,1,-1,1,1,-1,-1,1,-1,1,-1,1,-1,1,1,-1,-1,-1,1,-1,-1,1,-1,1,-1,1,-1,1,1,1,-1,-1,1,-1,-1,1,-1,1,-1,1,-1,-1,1,1,1,-1,-1,1,-1,1,1,-1,-1,1,1,1,-1,1,-1,-1,1,-1,-1,1,1,-1,-1,1,-1,1,1,-1,1,-1,1,-1,1,1,-1,-1,1,1,-1,1,1,-1,-1,-1,1,-1,1,1,1,-1,1,-1,-1,-1,1,-1,-1,-1,1,-1,1,1,1,-1,-1,1,-1,-1,1,-1,-1,-1,1,-1,-1,1,-1,-1,-1,1,-1,-1,1,-1,-1,-1,-1,1,-1,1,-1,-1,-1,-1,1,-1,-1,1,1,1,-1,1,-1,1,1,1,1,1,-1,-1,-1,1,-1,-1,1,1,1,-1,1,-1,1,1,1,-1,1,1,-1,-1,-1,1,-1,-1,1,-1,-1,1,1,1,-1,1,-1,-1,1,1,-1,-1,1,-1,-1,1,1,-1,-1,1,-1,-1,-1,1,1,-1,1,1,-1,-1,1,-1,-1,1,-1,1,-1,1,1,-1,-1,1,-1,-1,-1,-1,-1,1,1,1,-1,-1,1,-1,-1,1,-1,-1,1,-1,-1,1,1,-1,-1,1,-1,-1,1,1,-1,1,-1,-1,-1,-1,1,1,-1,-1,-1,-1,1,1,-1,-1,1,-1,-1,-1,1,1,-1,-1,-1,-1,-1,1,-1,-1,-1,-1,-1,1,1,1,-1,-1,-1,-1,-1,1,1,-1,-1,-1,-1,-1,1,1,1,-1,-1,-1,-1,1,1,-1,-1,-1,-1,1,1,1,1,1,-1,1,1,1,1,1,1,-1,-1,1,1,1,-1,-1,-1,1,1,1,1,-1,1,-1,-1,1,-1,1,-1,1,-1,-1,1,-1,1,-1,1,-1,-1,1,-1,1,-1,1,-1,-1,1,-1,1,1,1,-1,-1,1,-1,1,1,1,-1,-1,1,1,-1,1,1,-1,-1,1,-1,1,-1,1,-1,-1,-1,-1,-1,1,1,-1,-1,1,-1,-1,1,1,-1,-1,-1,-1,1,-1,1,-1,-1,-1,-1,1,1,-1,-1,1,-1,-1,1,-1,1,-1,-1,-1,-1,-1,1,1,1,-1,-1,-1,1,1,1,-1,-1,1,-1,-1,-1,1,-1,1,-1,-1,1,1,1,-1,-1,-1,-1,1,-1,1,1,-1,1,-1,-1,1,1,-1,-1,-1,-1,-1,-1,1,1,-1,-1,1,-1,1,1,-1,-1,-1,1,-1,1,1,-1,-1,1,-1,-1,1,1,1,-1,1,-1,1,1,1,-1,-1,1,-1,-1,1,1,1,-1,1,-1,-1,1,1,-1,1,1,-1,-1,1,1,1,1,1,-1,-1,1,1,1,1,1,-1,-1,1,1,1,1,1,1,-1,1,1,1,1,1,-1,-1,1,-1,1,1,1,1,-1,-1,1,-1,1,1,1,-1,1,1,1,1,-1,1,-1,1,1,1,1,1,1,1,-1,-1,1,1,1,-1,1,-1,1,1,1,1,1,-1,1,1,1,1,-1,1,1,-1,1,1,-1,1,1,-1,-1,1,1,1,1,-1,1,-1,1,1,1,-1,-1,1,-1,1,1,1,-1,1,-1,-1,-1,1,1,-1,-1,1,-1,-1,1,1,-1,-1,1,-1,1,-1,1,1,-1,-1,-1,-1,1,1,-1,-1,-1,1,1,-1,1,-1,1,1,-1,1,1,-1,-1,1,1,-1,-1,1,1,-1,1,1,1,1,1,-1,-1,-1,-1,1,-1,-1,-1,-1,-1,1,1,1,1,-1,1,1,-1,1,1,1,1,-1,1,-1,1,1,1,1,-1,1,-1,1,1,1,1,-1,1,-1,1,1,1,1,-1,1,-1,1,1,-1,-1,-1,1,-1,1,1,1,-1,-1,-1,1,-1,1,-1,1,-1,1,-1,1,1,-2672.0,1,2000,445,1500,False
602,1,1,-1,-1,1,-1,-1,-1,1,1,1,-1,1,1,1,1,-1,1,-1,-1,-1,-1,1,1,1,-1,-1,-1,1,1,1,1,-1,-1,-1,-1,1,-1,1,1,-1,-1,-1,1,1,1,1,-1,1,1,1,1,-1,1,-1,-1,1,-1,1,1,1,-1,-1,-1,1,1,1,1,-1,-1,-1,1,1,1,1,-1,-1,-1,1,1,1,-1,-1,-1,1,1,1,1,-1,-1,1,1,1,1,1,-1,-1,-1,1,-1,1,1,-1,-1,1,1,1,1,1,-1,-1,-1,1,-1,1,1,-1,-1,1,1,1,1,1,1,-1,-1,1,1,-1,1,1,-1,1,1,1,1,1,1,-1,1,1,1,1,1,1,-1,1,1,1,1,1,1,-1,-1,-1,1,1,1,1,-1,1,1,1,1,-1,1,-1,1,1,1,1,1,-1,-1,1,1,1,1,1,-1,1,-1,-1,1,-1,1,-1,1,1,1,1,1,1,1,1,1,-1,1,-1,1,-1,1,1,-1,1,-1,1,1,-1,1,-1,1,-1,1,-1,1,1,-1,1,-1,1,1,1,1,-1,-1,1,1,-1,-1,1,-1,1,-1,1,1,-1,1,-1,1,-1,1,-1,-1,1,-1,-1,-1,1,1,-1,1,-1,1,1,1,-1,1,1,-1,1,-1,1,-1,1,-1,1,-1,1,1,-1,1,-1,-1,-1,1,1,-1,1,-1,-1,-1,1,1,-1,-1,1,1,-1,-1,1,1,-1,1,1,-1,1,1,1,1,-1,1,-1,1,1,-1,1,-1,1,-1,1,1,1,1,1,1,-1,-1,1,-1,-1,-1,1,1,-1,1,1,1,-1,1,1,1,1,1,1,1,1,-1,1,1,1,-1,1,1,-1,1,1,1,-1,1,1,-1,-1,1,1,1,-1,1,-1,1,1,1,-1,1,1,-1,1,1,1,-1,1,1,-1,1,1,1,-1,1,1,-1,-1,1,1,-1,1,1,-1,1,-1,1,-1,1,1,1,-1,1,1,1,-1,1,1,-1,1,1,-1,1,1,1,-1,-1,-1,-1,1,1,1,-1,1,1,-1,1,1,-1,-1,1,1,1,1,1,-1,1,1,1,-1,1,1,1,-1,-1,1,1,1,-1,1,-1,1,1,1,1,1,1,-1,-1,-1,1,-1,-1,1,-1,1,-1,1,1,1,1,1,1,-1,1,-1,-1,1,-1,1,-1,1,1,1,1,1,1,-1,-1,1,-1,1,1,-1,-1,1,1,1,-1,1,1,-1,-1,1,-1,1,1,-1,-1,1,1,1,1,-1,1,-1,1,-1,-1,1,-1,1,-1,1,-1,1,1,-1,-1,-1,1,-1,1,1,1,-1,-1,1,1,-1,1,-1,-1,-1,1,-1,1,1,-1,1,-1,1,-1,-1,1,-1,-1,-1,-1,-1,-1,1,-1,-1,-1,1,-1,-1,1,-1,-1,-1,-1,1,-1,1,-1,-1,-1,-1,1,-1,-1,1,1,1,-1,1,-1,1,-1,1,-1,1,-1,-1,-1,1,-1,-1,1,1,1,-1,1,-1,1,1,1,-1,1,1,-1,1,-1,1,-1,1,1,-1,-1,1,1,1,-1,1,-1,-1,1,1,-1,-1,1,-1,-1,1,1,-1,-1,1,-1,-1,-1,1,1,-1,1,1,-1,-1,1,-1,-1,1,-1,1,-1,1,1,-1,-1,1,-1,-1,-1,-1,-1,-1,1,1,-1,-1,1,-1,1,1,-1,-1,1,-1,-1,1,1,-1,-1,1,1,-1,1,1,-1,1,-1,1,-1,-1,1,1,-1,-1,-1,-1,-1,1,-1,-1,1,-1,-1,-1,1,1,-1,-1,-1,-1,-1,1,-1,-1,-1,-1,-1,1,1,1,-1,-1,-1,-1,-1,1,1,-1,-1,-1,-1,-1,1,1,1,-1,-1,-1,-1,1,1,-1,-1,-1,-1,1,1,1,1,1,-1,1,1,1,1,1,1,-1,-1,1,1,1,1,1,-1,1,1,1,1,-1,1,-1,-1,1,-1,1,-1,1,-1,-1,1,-1,1,1,1,-1,-1,1,-1,1,-1,1,1,-1,1,-1,1,1,1,1,-1,1,-1,1,1,1,-1,-1,1,1,-1,1,1,-1,-1,1,-1,1,-1,1,-1,-1,-1,-1,-1,1,1,-1,-1,1,-1,-1,1,1,-1,-1,-1,-1,-1,-1,1,-1,-1,-1,-1,1,-1,-1,-1,1,-1,-1,1,-1,1,-1,-1,-1,-1,-1,-1,1,1,-1,-1,-1,1,1,1,-1,-1,-1,1,-1,-1,1,-1,1,-1,-1,1,1,1,-1,-1,-1,-1,1,-1,1,1,-1,1,-1,-1,1,1,-1,-1,-1,-1,-1,-1,1,1,-1,-1,1,-1,1,1,-1,-1,-1,1,-1,1,1,-1,-1,1,-1,-1,1,1,1,-1,1,-1,1,1,1,-1,-1,1,-1,-1,1,1,1,-1,1,-1,-1,1,1,-1,1,1,-1,-1,1,1,-1,1,1,-1,-1,1,1,-1,1,1,-1,-1,1,1,1,1,-1,1,-1,-1,1,1,-1,1,-1,-1,1,-1,1,1,1,1,-1,-1,1,-1,1,1,1,-1,1,1,1,1,-1,1,-1,1,1,1,1,1,1,1,-1,1,1,1,1,-1,1,-1,1,1,1,1,1,-1,1,1,1,1,-1,1,1,-1,1,1,-1,1,1,-1,-1,1,1,1,1,-1,1,-1,1,1,1,-1,-1,1,-1,1,1,1,-1,1,-1,-1,-1,1,1,-1,-1,1,-1,-1,1,1,-1,-1,1,-1,-1,1,1,1,-1,-1,-1,-1,1,1,-1,-1,-1,1,-1,-1,1,-1,1,1,-1,1,1,-1,-1,1,1,-1,-1,1,1,-1,1,1,-1,1,1,-1,-1,-1,-1,1,-1,-1,-1,-1,-1,-1,-1,1,1,-1,1,1,-1,1,1,1,1,-1,1,-1,1,1,1,-1,-1,1,-1,-1,1,1,-1,-1,1,-1,1,1,1,-1,-1,1,-1,1,1,1,1,-1,1,-1,-1,1,1,1,-1,-1,1,-1,1,1,1,-1,1,-1,-1,1,-2672.0,1,2000,445,1500,False
603,1,1,-1,-1,1,1,-1,-1,1,1,1,-1,1,1,1,1,-1,1,-1,-1,-1,-1,1,1,1,-1,1,-1,1,1,1,1,-1,-1,-1,-1,1,-1,1,1,-1,-1,-1,1,1,1,1,-1,1,1,1,1,-1,1,-1,-1,1,-1,1,1,1,-1,-1,-1,1,1,1,1,-1,-1,-1,1,1,1,1,-1,-1,-1,1,1,1,-1,-1,-1,1,1,1,1,-1,-1,1,1,1,1,1,-1,-1,-1,1,-1,1,1,-1,-1,1,1,1,1,1,-1,-1,-1,1,1,1,1,-1,-1,1,1,1,1,1,1,-1,-1,1,1,-1,1,1,-1,1,1,1,1,1,1,-1,1,1,1,1,1,1,-1,1,1,1,1,1,1,-1,-1,-1,1,1,1,1,-1,1,1,1,1,-1,1,-1,1,-1,1,1,1,-1,-1,1,1,1,1,1,-1,1,-1,-1,1,-1,1,-1,1,1,1,1,1,1,1,1,1,-1,1,-1,1,-1,1,1,-1,1,-1,1,1,-1,1,-1,1,-1,1,-1,1,1,-1,1,-1,1,1,1,1,-1,-1,1,1,-1,-1,1,-1,1,-1,-1,1,-1,1,-1,1,-1,1,-1,1,1,-1,-1,-1,1,1,-1,1,-1,1,1,1,-1,1,-1,-1,-1,-1,1,-1,1,1,1,-1,1,1,-1,1,-1,-1,-1,1,1,-1,1,-1,-1,-1,1,1,-1,-1,1,1,-1,-1,1,1,-1,1,1,-1,1,1,1,1,-1,1,-1,1,1,-1,1,-1,1,1,1,1,1,1,1,1,-1,-1,1,-1,-1,-1,1,1,-1,1,1,1,-1,1,1,1,1,1,1,1,1,-1,1,1,1,-1,1,1,-1,1,1,1,-1,1,1,-1,-1,1,1,1,-1,1,-1,1,1,1,-1,1,1,-1,1,1,1,-1,1,1,-1,1,1,1,-1,1,1,-1,-1,1,1,1,1,1,-1,1,-1,1,-1,1,1,1,-1,1,1,1,-1,1,1,-1,1,1,-1,1,1,1,-1,-1,-1,-1,1,1,1,-1,1,1,-1,1,1,-1,-1,1,1,-1,1,1,-1,1,1,1,1,1,1,1,1,-1,1,-1,-1,-1,1,-1,1,-1,-1,1,1,1,-1,1,-1,1,-1,-1,1,1,-1,1,-1,1,1,1,1,1,-1,1,-1,-1,1,-1,1,-1,-1,-1,1,1,1,1,-1,-1,1,-1,1,1,1,-1,1,-1,1,-1,1,1,-1,-1,1,-1,1,1,1,1,-1,-1,1,1,1,1,-1,-1,1,1,1,1,-1,1,-1,1,1,1,1,-1,-1,-1,-1,1,1,1,-1,1,-1,1,-1,1,1,-1,-1,1,-1,1,1,1,1,-1,1,-1,-1,1,1,1,-1,-1,-1,1,1,1,-1,-1,1,-1,-1,1,-1,1,-1,-1,-1,-1,1,-1,1,-1,-1,1,-1,-1,1,1,1,-1,1,-1,1,-1,-1,1,1,-1,-1,-1,1,-1,-1,-1,1,1,-1,1,-1,1,1,1,-1,1,1,-1,1,-1,1,-1,-1,1,-1,-1,1,1,1,-1,1,-1,-1,1,1,-1,-1,1,-1,-1,1,1,-1,-1,1,-1,-1,-1,1,1,-1,1,-1,-1,-1,1,-1,-1,1,-1,1,-1,1,1,-1,-1,1,-1,-1,-1,-1,-1,1,1,1,-1,-1,1,-1,-1,1,-1,-1,1,-1,-1,1,1,-1,-1,1,-1,-1,1,1,-1,1,-1,-1,-1,-1,1,1,-1,-1,-1,-1,1,1,-1,-1,1,-1,-1,-1,1,1,-1,-1,-1,-1,-1,1,-1,-1,-1,-1,-1,1,1,1,-1,-1,-1,-1,-1,1,1,-1,-1,-1,-1,-1,1,1,1,-1,-1,-1,-1,1,1,-1,-1,-1,-1,1,1,1,1,-1,-1,1,1,1,1,1,-1,-1,-1,1,1,1,-1,1,-1,1,1,1,1,-1,1,-1,-1,1,-1,1,-1,1,-1,-1,1,-1,1,-1,-1,-1,-1,1,-1,1,-1,1,1,-1,1,-1,1,-1,1,1,-1,1,-1,1,-1,-1,-1,-1,1,1,-1,-1,-1,-1,-1,1,-1,1,-1,-1,-1,-1,-1,-1,-1,1,-1,-1,-1,1,-1,-1,1,-1,-1,-1,-1,-1,-1,1,-1,-1,-1,-1,-1,1,-1,-1,-1,1,-1,-1,1,-1,1,-1,-1,-1,-1,-1,-1,-1,1,-1,-1,-1,-1,1,-1,-1,-1,1,-1,-1,-1,-1,-1,1,-1,-1,1,1,1,-1,-1,-1,-1,1,1,1,1,-1,1,-1,-1,-1,1,-1,-1,-1,-1,-1,-1,1,1,-1,-1,1,-1,1,1,-1,-1,-1,1,-1,1,1,-1,-1,1,-1,-1,1,1,1,-1,1,-1,1,1,1,-1,-1,1,-1,-1,1,1,1,-1,1,-1,-1,1,1,-1,1,1,-1,-1,1,1,1,1,1,-1,-1,1,1,-1,1,1,-1,-1,1,1,1,1,1,1,-1,1,1,1,-1,1,-1,-1,1,-1,1,1,1,1,-1,-1,1,-1,1,1,1,-1,1,1,1,1,-1,1,-1,1,1,1,1,1,1,1,-1,1,1,1,1,-1,1,-1,1,1,1,1,1,1,1,1,1,1,-1,1,-1,1,1,1,-1,1,1,1,1,-1,1,1,1,-1,1,1,1,1,1,-1,-1,1,-1,1,1,1,-1,1,-1,1,1,1,1,-1,-1,1,1,-1,1,1,-1,-1,1,1,-1,-1,1,1,-1,-1,-1,1,1,1,-1,-1,-1,-1,1,-1,1,-1,1,1,1,1,1,-1,-1,1,1,1,1,1,1,-1,1,-1,1,1,1,-1,-1,-1,-1,-1,-1,-1,-1,-1,-1,-1,1,1,1,-1,1,1,-1,-1,1,1,1,-1,1,-1,1,1,1,-1,-1,1,-1,1,1,1,-1,1,1,-1,1,1,1,-1,-1,1,-1,1,-1,1,1,-1,1,-1,-1,1,1,1,-1,1,-1,1,1,1,1,-1,1,-1,-1,1,-2672.0,1,2000,445,1500,False
604,1,1,-1,-1,1,1,-1,-1,1,1,1,-1,-1,1,1,1,-1,1,-1,-1,-1,-1,1,1,1,-1,-1,-1,1,1,1,1,-1,-1,-1,-1,1,1,1,1,-1,-1,-1,1,1,1,1,-1,1,1,1,1,-1,1,-1,-1,1,-1,1,1,1,-1,-1,-1,1,1,1,1,-1,-1,-1,1,1,1,1,-1,-1,-1,1,1,1,-1,-1,-1,1,1,1,1,-1,-1,-1,1,1,1,1,-1,-1,1,1,-1,1,1,-1,-1,1,1,1,1,1,-1,-1,1,1,1,1,1,-1,-1,1,1,1,1,1,1,-1,-1,1,1,-1,1,1,-1,1,1,1,1,1,1,-1,-1,1,1,1,1,1,-1,1,1,1,1,1,1,-1,-1,-1,1,1,1,1,-1,1,1,1,1,-1,1,-1,1,-1,1,1,1,-1,-1,1,1,1,1,1,-1,1,-1,-1,1,-1,1,-1,1,1,1,1,1,1,1,1,1,1,1,-1,1,-1,1,1,-1,1,-1,1,1,-1,1,-1,1,-1,1,-1,1,1,-1,-1,-1,1,1,1,1,-1,-1,1,1,-1,-1,1,-1,1,-1,-1,1,-1,1,-1,1,-1,1,-1,1,1,-1,-1,-1,1,1,-1,1,-1,1,1,1,-1,1,1,-1,1,-1,1,-1,1,-1,1,-1,1,1,-1,1,-1,-1,-1,1,1,-1,1,-1,-1,-1,1,1,-1,-1,1,1,-1,-1,1,1,-1,1,1,-1,1,1,1,1,-1,1,-1,1,1,-1,1,-1,1,1,-1,1,1,1,1,1,-1,-1,1,-1,-1,-1,1,1,-1,1,1,1,-1,1,-1,-1,1,1,1,1,1,-1,1,1,1,-1,1,1,-1,1,1,1,-1,1,1,-1,-1,1,1,1,-1,1,-1,1,1,1,-1,1,1,-1,1,1,1,-1,1,-1,-1,1,1,1,-1,1,-1,-1,-1,1,1,-1,1,-1,-1,1,-1,1,-1,1,1,-1,-1,1,1,1,-1,1,-1,-1,1,1,-1,1,-1,-1,-1,-1,-1,-1,1,1,-1,-1,1,1,-1,1,-1,1,-1,1,1,1,1,-1,-1,1,1,1,-1,1,-1,-1,-1,-1,1,1,-1,1,-1,-1,1,-1,1,-1,-1,-1,1,-1,-1,1,-1,1,-1,-1,1,-1,1,-1,-1,-1,1,1,-1,1,-1,1,-1,-1,1,-1,1,-1,-1,-1,-1,1,-1,-1,1,1,-1,-1,1,-1,1,1,-1,1,-1,1,-1,1,-1,1,-1,-1,1,-1,1,-1,-1,-1,1,1,-1,1,-1,1,-1,1,-1,1,1,1,1,-1,1,-1,-1,1,-1,-1,-1,1,-1,1,-1,1,1,-1,1,-1,-1,1,-1,-1,1,-1,1,-1,1,-1,1,-1,1,1,-1,1,-1,1,-1,1,-1,-1,1,-1,1,1,1,1,-1,-1,1,1,-1,1,1,-1,-1,1,1,1,-1,1,1,-1,1,1,1,1,-1,-1,1,-1,-1,-1,1,-1,1,1,1,1,-1,1,-1,1,-1,-1,-1,1,1,-1,1,1,-1,-1,-1,1,-1,1,1,-1,1,-1,1,-1,-1,-1,-1,-1,-1,1,-1,-1,-1,-1,-1,-1,1,-1,1,1,1,1,-1,1,-1,1,1,-1,-1,-1,1,-1,-1,1,-1,1,-1,-1,1,1,1,1,-1,-1,1,1,1,1,-1,1,-1,-1,1,1,1,-1,-1,-1,1,1,1,1,-1,-1,-1,1,-1,1,-1,1,-1,-1,-1,1,1,1,-1,-1,-1,1,1,1,1,1,-1,-1,-1,1,1,1,1,-1,-1,-1,1,-1,1,-1,-1,-1,-1,1,1,1,1,-1,-1,1,1,1,1,1,-1,-1,-1,1,1,-1,1,-1,-1,-1,1,1,1,1,-1,-1,1,1,1,1,-1,-1,1,1,-1,1,1,-1,-1,-1,1,1,1,1,1,-1,1,1,1,1,1,-1,-1,-1,1,-1,1,-1,-1,-1,-1,1,-1,1,1,1,-1,-1,1,-1,1,1,-1,-1,-1,1,1,1,1,-1,-1,-1,1,-1,1,1,-1,-1,-1,1,1,-1,-1,-1,-1,-1,1,-1,1,-1,-1,-1,-1,-1,-1,-1,1,-1,-1,-1,1,-1,-1,1,-1,-1,-1,-1,-1,-1,1,-1,-1,-1,-1,-1,1,-1,-1,-1,1,-1,-1,1,-1,1,-1,-1,-1,-1,-1,-1,-1,1,-1,-1,-1,1,1,-1,-1,-1,1,-1,-1,-1,-1,-1,1,-1,-1,1,1,1,-1,-1,-1,-1,1,-1,1,1,-1,1,-1,-1,1,1,-1,-1,-1,-1,-1,-1,1,1,-1,-1,1,-1,1,1,-1,-1,-1,1,-1,1,1,-1,-1,1,-1,-1,1,1,1,-1,1,-1,1,1,1,-1,-1,1,-1,-1,1,1,1,-1,1,-1,-1,1,1,-1,1,1,-1,-1,1,1,1,1,1,-1,-1,1,1,-1,1,1,-1,-1,1,1,1,1,1,1,-1,1,1,1,1,1,-1,-1,1,-1,1,1,1,1,-1,-1,1,-1,1,1,1,-1,1,1,1,1,-1,1,-1,1,1,1,1,1,1,1,-1,-1,1,1,1,-1,1,-1,1,1,1,1,1,-1,1,1,1,1,-1,1,1,-1,1,1,-1,1,1,-1,-1,1,1,1,1,-1,1,-1,1,1,1,-1,-1,1,-1,1,1,1,-1,1,-1,-1,-1,1,1,-1,-1,1,-1,-1,1,1,1,-1,1,-1,1,1,1,1,-1,1,-1,-1,1,1,-1,-1,-1,1,1,1,1,-1,1,1,-1,1,1,-1,-1,1,1,-1,-1,1,1,-1,1,1,1,1,1,-1,-1,-1,-1,-1,-1,-1,-1,-1,-1,1,1,1,1,-1,1,1,-1,1,1,1,1,-1,1,-1,1,1,1,1,-1,1,-1,1,1,1,1,-1,1,-1,1,1,1,1,-1,1,-1,1,1,1,-1,-1,1,-1,1,1,1,-1,-1,-1,1,-1,1,-1,1,-1,1,-1,1,1,-2672.0,1,2000,445,1500,False
605,1,1,-1,-1,1,1,-1,-1,1,1,1,-1,1,1,1,1,-1,1,-1,-1,-1,-1,1,1,1,-1,-1,-1,1,1,1,1,-1,-1,-1,-1,1,-1,1,1,-1,-1,-1,1,1,1,1,-1,1,1,1,1,-1,1,-1,-1,1,-1,1,1,1,-1,-1,-1,1,1,1,1,-1,-1,-1,1,1,1,1,-1,-1,-1,1,1,1,-1,-1,-1,1,1,1,1,-1,-1,-1,1,1,1,1,-1,-1,1,1,-1,1,1,-1,-1,1,1,1,1,1,-1,-1,1,1,-1,1,1,-1,-1,1,1,1,1,1,1,-1,-1,1,1,-1,1,1,-1,1,1,1,1,1,1,-1,-1,1,1,1,1,1,-1,1,1,1,1,1,1,-1,-1,-1,1,1,1,1,-1,1,1,1,1,-1,1,-1,1,-1,1,1,1,-1,-1,1,1,1,1,1,-1,1,-1,-1,1,-1,1,-1,1,1,1,1,1,1,1,1,1,-1,1,-1,1,-1,1,1,-1,1,-1,1,1,-1,1,-1,1,-1,1,-1,1,1,-1,1,-1,1,1,1,1,-1,-1,1,1,-1,-1,1,-1,1,-1,-1,1,-1,1,-1,1,-1,1,-1,1,1,-1,1,-1,1,1,-1,1,-1,1,1,1,-1,1,1,-1,1,-1,1,-1,1,-1,1,-1,1,1,-1,1,-1,-1,-1,1,1,-1,1,-1,-1,-1,1,1,-1,-1,1,1,-1,-1,1,1,-1,1,1,-1,1,1,1,1,-1,1,-1,1,1,-1,1,-1,1,1,1,1,1,1,1,1,-1,-1,1,-1,-1,1,1,1,-1,1,1,1,-1,1,1,1,1,1,1,1,1,-1,1,1,1,-1,1,1,-1,1,1,1,-1,1,1,-1,-1,1,1,1,-1,1,-1,1,1,1,-1,1,1,-1,1,1,1,-1,1,1,-1,1,1,1,-1,1,1,1,-1,-1,1,-1,1,1,-1,1,1,1,-1,1,1,1,-1,1,1,1,-1,1,1,-1,1,1,-1,1,1,1,-1,-1,1,1,1,1,1,-1,1,-1,-1,1,1,-1,-1,-1,1,-1,1,1,-1,1,-1,1,1,1,1,1,1,-1,1,-1,-1,-1,1,-1,1,-1,-1,1,1,1,-1,1,-1,1,-1,-1,1,1,-1,1,-1,1,1,1,1,1,-1,1,-1,-1,1,-1,1,-1,-1,-1,-1,1,1,1,-1,-1,1,-1,1,1,1,-1,1,-1,1,-1,1,1,-1,-1,1,-1,1,1,1,1,-1,-1,1,1,1,1,-1,-1,1,-1,1,1,-1,1,-1,1,-1,1,1,-1,-1,-1,-1,1,1,1,-1,1,-1,1,-1,1,1,-1,-1,1,-1,1,1,1,1,-1,1,-1,-1,-1,1,1,-1,-1,-1,1,-1,1,-1,-1,1,-1,-1,1,-1,1,-1,-1,-1,-1,1,-1,1,1,-1,1,-1,-1,1,1,1,-1,1,-1,1,-1,-1,-1,1,-1,-1,-1,1,-1,-1,1,1,1,-1,1,-1,1,1,1,-1,1,1,-1,1,-1,1,-1,-1,1,-1,-1,1,1,1,-1,1,-1,-1,1,1,-1,-1,1,-1,-1,1,1,-1,-1,1,-1,-1,-1,1,1,-1,1,-1,-1,-1,1,-1,-1,1,-1,1,-1,1,1,-1,-1,1,-1,-1,-1,-1,-1,1,1,1,-1,1,1,-1,-1,1,-1,-1,-1,-1,-1,-1,1,-1,-1,-1,1,-1,1,1,-1,1,1,1,-1,-1,1,1,-1,-1,-1,-1,-1,1,-1,-1,1,-1,-1,-1,1,1,-1,-1,-1,-1,-1,1,-1,-1,1,-1,-1,1,1,1,-1,1,-1,-1,-1,1,1,-1,-1,-1,-1,-1,1,1,1,-1,-1,-1,-1,1,1,-1,-1,-1,-1,1,1,1,1,-1,-1,1,1,1,1,1,-1,-1,-1,1,1,1,-1,1,-1,1,1,1,1,-1,1,-1,-1,1,-1,1,-1,1,-1,-1,1,-1,1,-1,-1,-1,-1,1,-1,1,-1,1,1,-1,1,-1,1,-1,1,1,-1,1,-1,1,-1,-1,-1,-1,1,1,-1,-1,-1,-1,-1,1,-1,1,-1,-1,-1,-1,-1,-1,-1,1,-1,-1,-1,1,-1,-1,1,-1,-1,-1,-1,-1,1,1,-1,-1,-1,-1,-1,1,-1,-1,-1,1,-1,-1,1,-1,1,-1,-1,-1,-1,1,-1,-1,1,-1,-1,-1,-1,1,-1,-1,-1,1,-1,1,-1,-1,-1,1,-1,-1,-1,-1,1,-1,-1,-1,-1,-1,1,1,1,-1,1,-1,1,-1,1,-1,-1,-1,-1,-1,-1,1,1,-1,-1,1,-1,1,1,-1,-1,-1,1,-1,1,1,-1,-1,1,-1,-1,1,1,1,-1,1,-1,1,1,1,-1,-1,1,-1,-1,1,1,1,-1,1,-1,-1,1,1,-1,1,1,-1,-1,1,1,-1,1,1,-1,-1,1,1,-1,1,1,-1,-1,1,1,1,1,1,1,-1,1,1,1,-1,1,-1,-1,1,-1,1,1,1,1,-1,-1,1,-1,1,1,1,-1,1,1,1,1,-1,1,-1,1,1,1,1,1,1,1,-1,1,1,1,1,-1,1,-1,1,1,1,1,1,-1,1,1,1,1,-1,1,-1,1,1,1,-1,1,1,1,1,1,1,1,1,-1,1,1,1,1,1,-1,-1,1,-1,1,1,1,-1,1,-1,1,1,1,1,-1,-1,1,1,-1,1,1,1,-1,1,1,-1,1,1,1,-1,1,-1,1,1,1,-1,-1,-1,-1,1,1,1,-1,1,1,1,1,1,-1,-1,1,1,1,1,1,1,-1,1,-1,1,1,1,-1,-1,-1,-1,-1,-1,-1,-1,-1,1,-1,1,1,1,-1,1,1,-1,-1,1,1,1,-1,1,-1,1,1,1,1,-1,1,-1,1,1,1,1,-1,1,-1,1,1,1,1,-1,1,-1,1,-1,1,-1,-1,1,-1,-1,1,1,-1,-1,-1,-1,1,1,-1,1,-1,1,-1,-1,1,-2672.0,1,2000,445,1500,False
606,1,1,-1,-1,1,1,-1,-1,1,1,1,-1,1,1,1,1,-1,1,-1,-1,-1,-1,1,1,1,-1,-1,-1,1,1,1,1,1,-1,-1,-1,1,-1,1,-1,-1,-1,-1,1,1,1,1,-1,1,1,1,1,-1,1,-1,-1,1,-1,1,1,1,-1,-1,-1,1,1,1,1,-1,-1,-1,1,1,1,1,-1,-1,-1,1,1,1,-1,-1,-1,1,1,1,1,-1,-1,-1,1,1,1,1,-1,-1,1,1,-1,1,1,-1,-1,1,1,1,1,1,-1,-1,1,1,-1,1,1,-1,-1,1,1,1,1,1,1,-1,1,1,1,-1,1,1,-1,1,1,1,1,1,1,-1,-1,1,1,1,1,1,-1,1,1,1,1,1,1,-1,-1,-1,1,1,1,1,-1,1,1,1,1,-1,1,-1,1,-1,1,1,1,-1,-1,1,1,1,1,1,-1,1,-1,-1,1,-1,1,-1,1,1,1,1,1,1,1,1,1,-1,1,-1,1,-1,1,1,-1,1,-1,1,1,-1,1,-1,1,-1,1,-1,1,1,-1,1,-1,1,1,1,1,-1,-1,1,1,-1,-1,1,-1,1,-1,-1,1,-1,1,-1,1,-1,1,-1,1,1,-1,-1,-1,1,1,-1,1,-1,1,1,1,-1,1,1,-1,-1,-1,1,-1,1,-1,-1,-1,1,1,-1,1,-1,-1,-1,1,1,-1,1,-1,-1,-1,1,1,-1,-1,1,-1,-1,-1,1,1,-1,1,1,-1,1,1,1,1,-1,1,-1,1,1,-1,1,-1,1,1,-1,1,1,-1,-1,1,-1,-1,1,-1,-1,1,1,1,-1,1,1,1,-1,1,-1,-1,1,1,1,1,1,-1,1,1,1,1,-1,1,-1,1,1,1,-1,1,1,-1,-1,1,1,1,-1,1,-1,1,1,1,-1,1,1,-1,1,1,1,-1,1,-1,-1,1,1,1,1,1,-1,-1,-1,1,1,-1,1,-1,-1,1,-1,1,-1,1,1,-1,-1,1,1,1,-1,1,-1,-1,1,1,-1,1,-1,1,-1,-1,-1,-1,1,1,-1,-1,1,1,-1,1,1,-1,-1,1,1,1,1,1,-1,1,1,1,-1,1,-1,-1,-1,-1,1,1,1,1,-1,-1,1,1,1,1,-1,-1,-1,-1,-1,1,-1,-1,-1,1,-1,1,1,-1,1,-1,1,1,-1,1,-1,1,-1,-1,1,-1,1,1,1,-1,1,1,-1,-1,1,1,-1,-1,1,-1,1,1,1,-1,-1,1,-1,-1,1,1,-1,1,1,-1,1,1,1,-1,1,1,-1,1,-1,-1,-1,1,-1,-1,1,-1,-1,-1,1,-1,-1,1,-1,1,-1,1,-1,-1,1,-1,-1,-1,1,-1,-1,1,-1,-1,-1,1,1,-1,1,-1,-1,-1,1,1,-1,-1,-1,1,-1,1,-1,-1,1,-1,-1,1,-1,1,-1,-1,1,-1,1,-1,1,-1,-1,1,-1,-1,1,1,1,-1,1,-1,1,-1,1,1,1,-1,-1,-1,1,-1,-1,-1,1,1,-1,1,-1,1,-1,1,-1,1,1,-1,1,1,1,-1,-1,1,-1,1,-1,1,1,-1,1,-1,-1,1,1,-1,-1,1,-1,-1,-1,1,-1,-1,1,1,1,1,1,1,-1,1,-1,-1,1,1,-1,-1,1,-1,-1,-1,1,1,-1,-1,1,1,-1,-1,-1,-1,1,1,1,1,1,1,-1,-1,1,1,1,-1,-1,-1,1,1,1,1,-1,1,-1,1,-1,1,-1,1,1,-1,-1,1,1,1,-1,-1,-1,1,1,1,1,1,-1,-1,-1,1,1,1,-1,-1,-1,-1,1,1,1,1,-1,-1,1,1,1,1,1,-1,-1,-1,1,1,1,1,-1,-1,-1,1,1,-1,1,-1,-1,-1,1,1,1,1,-1,-1,1,1,1,1,1,-1,1,1,-1,1,1,-1,-1,-1,1,1,1,1,1,-1,1,1,1,1,1,1,-1,-1,1,-1,1,-1,1,-1,-1,1,-1,1,-1,-1,-1,-1,1,-1,1,1,-1,1,-1,1,1,1,-1,1,1,-1,1,-1,1,-1,-1,-1,-1,1,1,-1,-1,-1,-1,-1,1,-1,1,-1,-1,-1,-1,-1,-1,-1,1,-1,-1,-1,1,-1,-1,1,-1,-1,-1,-1,-1,1,1,-1,-1,-1,-1,-1,1,-1,-1,-1,1,-1,-1,1,-1,1,-1,-1,-1,-1,-1,-1,-1,1,-1,-1,-1,1,1,-1,-1,-1,1,1,-1,-1,-1,-1,1,-1,-1,1,-1,1,-1,-1,-1,-1,1,-1,1,1,-1,1,-1,-1,1,1,-1,-1,-1,-1,-1,-1,1,1,-1,-1,1,-1,1,1,-1,-1,-1,1,-1,1,1,-1,-1,1,-1,-1,1,1,1,-1,1,-1,1,1,1,-1,-1,1,-1,-1,1,-1,1,-1,1,-1,-1,1,1,-1,1,1,-1,-1,1,1,1,1,1,-1,-1,1,1,-1,1,1,-1,-1,1,1,1,1,1,1,-1,-1,1,1,1,1,-1,-1,1,-1,1,1,1,1,-1,-1,1,-1,1,1,1,-1,1,1,1,1,-1,1,-1,1,1,1,1,1,1,1,-1,1,1,1,1,-1,1,-1,1,1,1,1,1,-1,1,1,1,1,-1,-1,1,-1,1,1,-1,1,1,-1,-1,1,1,1,-1,1,1,-1,1,1,1,-1,-1,1,-1,1,1,1,-1,1,-1,-1,-1,1,1,-1,-1,1,-1,-1,1,1,1,-1,1,-1,-1,1,1,1,1,-1,-1,-1,1,1,-1,-1,-1,1,-1,1,1,-1,1,1,-1,1,1,-1,-1,1,1,-1,-1,1,1,-1,1,1,-1,1,1,-1,-1,-1,-1,1,-1,-1,-1,-1,1,-1,-1,1,1,-1,1,1,-1,1,1,1,1,-1,1,-1,1,1,1,1,-1,1,-1,-1,1,1,1,-1,1,-1,1,1,1,1,-1,1,-1,1,1,1,-1,-1,1,-1,-1,1,1,-1,-1,-1,1,-1,1,1,1,-1,1,-1,-1,1,-2672.0,1,2000,445,1500,False
607,1,1,-1,-1,1,-1,-1,-1,1,1,1,-1,1,1,1,1,-1,1,1,-1,-1,-1,1,1,1,1,-1,-1,1,1,1,1,-1,-1,-1,-1,1,1,1,1,-1,-1,-1,1,1,1,1,-1,1,1,1,1,-1,1,-1,-1,1,-1,1,1,1,-1,-1,-1,1,1,1,1,-1,-1,-1,1,1,1,1,-1,-1,-1,1,1,1,-1,-1,-1,1,1,1,1,-1,-1,1,1,1,1,1,-1,-1,-1,1,-1,1,1,-1,-1,1,1,1,1,1,-1,-1,-1,1,1,1,1,-1,-1,1,1,1,1,1,1,-1,-1,1,1,-1,1,1,-1,1,1,1,1,1,1,-1,1,1,1,1,1,1,-1,1,1,1,1,1,1,-1,-1,-1,1,1,1,1,-1,1,1,1,1,-1,1,-1,1,-1,1,1,1,-1,-1,1,1,1,1,1,-1,1,-1,-1,1,-1,1,-1,1,1,1,1,1,1,1,1,1,-1,1,-1,1,-1,1,1,-1,1,-1,1,1,-1,1,-1,1,-1,1,-1,1,1,-1,1,-1,1,1,1,1,-1,-1,1,1,-1,-1,1,-1,1,-1,-1,1,-1,1,-1,1,-1,1,-1,1,1,-1,-1,-1,1,1,-1,1,-1,1,1,1,-1,1,1,-1,1,-1,1,-1,1,-1,1,-1,1,1,-1,1,-1,-1,-1,1,1,-1,1,-1,-1,-1,1,1,-1,-1,1,1,-1,-1,1,1,-1,1,1,-1,1,1,1,1,-1,1,-1,1,1,-1,1,-1,1,1,-1,1,1,1,1,1,-1,-1,1,-1,-1,-1,1,1,-1,1,1,1,-1,1,-1,-1,1,1,1,1,1,-1,1,1,1,-1,1,1,-1,1,1,1,-1,1,1,-1,-1,1,1,1,-1,1,-1,1,1,1,-1,1,1,-1,1,1,1,-1,1,-1,-1,1,1,1,-1,1,-1,-1,-1,1,1,-1,1,-1,-1,1,-1,1,-1,1,1,-1,-1,1,1,1,-1,1,-1,-1,1,1,-1,1,-1,-1,-1,-1,-1,-1,1,1,-1,-1,1,1,-1,1,-1,1,-1,1,1,1,1,1,-1,1,1,1,-1,1,-1,-1,-1,-1,1,1,-1,1,-1,-1,1,-1,1,-1,-1,-1,1,-1,-1,1,-1,1,-1,-1,1,-1,1,-1,-1,-1,1,1,-1,1,-1,1,-1,-1,1,-1,1,-1,-1,-1,-1,1,-1,-1,1,1,-1,-1,1,-1,1,1,-1,1,-1,1,-1,1,-1,1,-1,-1,1,-1,1,-1,-1,-1,1,1,-1,1,-1,1,-1,1,-1,1,1,-1,1,-1,1,-1,-1,1,-1,-1,-1,1,-1,1,-1,1,1,-1,1,-1,-1,1,-1,-1,1,-1,1,-1,1,-1,1,-1,1,1,-1,1,-1,1,-1,1,-1,-1,1,-1,1,1,1,1,-1,-1,1,1,-1,1,1,-1,-1,1,1,1,-1,1,1,-1,1,1,1,1,1,-1,1,-1,-1,-1,1,-1,-1,1,1,1,-1,1,-1,1,-1,-1,-1,1,1,-1,1,1,-1,-1,-1,1,-1,1,1,-1,1,-1,1,-1,-1,-1,-1,-1,-1,1,-1,-1,-1,-1,-1,-1,1,-1,1,1,1,1,-1,1,-1,1,1,-1,-1,-1,1,-1,-1,1,-1,1,-1,-1,1,1,1,1,-1,-1,1,1,1,1,-1,1,-1,-1,1,1,1,-1,-1,-1,1,1,1,1,-1,-1,-1,1,-1,1,-1,1,1,-1,-1,1,1,1,-1,-1,-1,-1,1,1,1,1,-1,-1,-1,1,1,1,1,-1,-1,-1,1,-1,1,-1,-1,-1,1,1,1,1,1,-1,-1,-1,1,1,1,1,-1,-1,-1,1,1,-1,1,-1,-1,-1,1,1,1,1,-1,-1,1,1,1,1,-1,-1,1,1,-1,1,1,-1,-1,-1,1,1,1,1,1,-1,1,1,1,1,1,-1,-1,-1,1,-1,1,-1,-1,-1,-1,1,-1,1,1,1,-1,-1,1,-1,1,1,-1,-1,-1,1,1,1,1,-1,-1,-1,1,-1,1,1,-1,-1,-1,1,1,-1,-1,-1,-1,-1,1,-1,1,-1,-1,-1,-1,-1,-1,-1,1,-1,-1,-1,1,-1,-1,1,-1,-1,-1,-1,-1,1,1,-1,-1,-1,-1,-1,1,-1,-1,-1,1,-1,-1,1,-1,1,-1,-1,-1,-1,-1,-1,-1,1,-1,-1,-1,1,1,1,-1,-1,1,1,-1,-1,-1,-1,1,-1,-1,1,1,1,-1,-1,-1,-1,1,-1,1,1,-1,1,-1,-1,1,1,-1,-1,-1,-1,-1,-1,1,1,-1,-1,1,-1,1,1,-1,-1,-1,1,-1,1,1,-1,-1,1,-1,-1,1,1,1,-1,1,-1,1,1,1,-1,-1,1,-1,-1,1,1,1,-1,1,-1,-1,1,1,-1,1,1,-1,-1,1,1,-1,1,1,-1,-1,1,1,-1,1,1,-1,-1,1,1,1,1,1,1,-1,1,1,-1,1,1,-1,-1,1,-1,1,1,1,1,-1,-1,1,-1,1,1,1,-1,1,1,1,1,-1,1,-1,1,1,1,1,1,1,1,-1,-1,1,1,1,-1,1,-1,1,1,1,1,1,-1,1,1,1,1,-1,1,1,-1,1,1,-1,1,1,-1,-1,1,1,1,1,-1,1,-1,1,1,1,-1,-1,1,-1,1,1,1,-1,1,-1,-1,-1,1,1,-1,-1,1,-1,-1,1,1,-1,-1,1,-1,1,1,1,1,-1,1,-1,-1,1,1,-1,-1,-1,1,1,-1,1,-1,1,1,-1,1,1,-1,-1,1,1,-1,-1,1,1,-1,1,1,1,1,1,-1,-1,-1,-1,-1,-1,-1,-1,-1,-1,1,1,1,1,-1,1,1,-1,1,1,1,1,-1,1,-1,1,1,1,-1,-1,1,-1,1,1,1,-1,-1,1,-1,1,1,1,-1,-1,1,-1,1,1,1,1,-1,1,-1,1,1,1,1,-1,-1,1,-1,1,-1,1,-1,1,-1,1,1,-2672.0,1,2000,445,1500,False
608,1,1,-1,-1,1,-1,-1,-1,1,1,1,-1,1,1,1,1,-1,1,-1,-1,-1,-1,1,1,1,-1,-1,-1,1,1,1,1,-1,-1,-1,-1,1,1,1,1,-1,-1,-1,1,1,1,1,-1,1,1,1,1,-1,1,-1,-1,1,-1,1,1,1,-1,-1,-1,1,1,1,1,-1,-1,-1,1,1,1,1,-1,-1,-1,1,1,1,-1,-1,-1,1,1,1,1,-1,-1,1,1,1,1,1,-1,-1,-1,1,-1,1,1,-1,-1,1,1,1,1,1,-1,-1,-1,1,1,1,1,-1,-1,1,1,1,1,1,1,-1,-1,1,1,-1,1,1,-1,1,1,1,1,1,1,-1,1,1,1,1,1,1,-1,1,1,1,1,1,1,-1,-1,-1,1,1,1,1,-1,1,1,1,1,-1,1,-1,1,-1,1,1,1,-1,-1,1,1,1,1,1,-1,1,-1,-1,1,-1,1,-1,1,1,1,1,1,1,1,1,1,-1,1,-1,1,-1,1,1,-1,1,-1,1,1,-1,1,-1,1,-1,1,-1,1,1,-1,-1,-1,1,1,1,1,-1,-1,1,1,-1,-1,1,-1,1,-1,-1,1,-1,1,-1,1,-1,1,-1,1,1,-1,1,-1,1,1,-1,1,-1,1,1,1,-1,1,1,-1,1,-1,1,-1,1,-1,1,-1,1,1,-1,1,-1,-1,-1,1,1,-1,1,-1,-1,-1,1,1,-1,-1,1,1,-1,-1,1,1,-1,1,1,-1,1,1,1,1,-1,1,-1,1,1,-1,1,-1,1,1,1,1,1,1,1,1,-1,-1,1,-1,-1,1,1,1,-1,1,1,1,-1,1,-1,-1,1,1,1,1,1,-1,1,1,1,-1,-1,1,-1,1,1,1,-1,1,1,-1,-1,1,1,1,-1,1,-1,1,1,1,-1,1,1,-1,1,1,1,-1,1,-1,-1,1,1,1,-1,1,-1,-1,-1,1,1,-1,1,-1,-1,1,-1,1,-1,1,1,-1,-1,1,1,1,1,1,-1,-1,1,1,-1,1,-1,1,-1,-1,-1,-1,1,1,-1,-1,1,1,-1,1,1,-1,-1,1,1,1,1,1,-1,1,1,1,-1,1,-1,-1,-1,-1,1,1,1,1,-1,-1,1,1,1,1,-1,-1,-1,-1,-1,1,-1,-1,-1,1,-1,1,1,1,1,-1,1,1,-1,1,-1,1,-1,-1,1,-1,1,1,1,1,-1,1,-1,-1,1,1,-1,-1,1,-1,1,1,1,-1,-1,1,-1,-1,1,1,-1,1,1,-1,1,1,-1,-1,1,1,-1,1,-1,-1,-1,1,-1,-1,1,-1,-1,-1,1,-1,-1,1,-1,-1,-1,1,-1,-1,1,-1,-1,-1,1,-1,-1,1,-1,-1,-1,1,1,-1,1,1,-1,-1,1,1,-1,-1,1,1,-1,1,-1,-1,1,1,-1,1,1,1,-1,-1,1,-1,1,-1,1,1,-1,1,-1,-1,1,1,1,-1,1,-1,1,-1,-1,1,1,-1,-1,-1,1,-1,-1,-1,1,1,-1,1,-1,1,-1,1,-1,1,1,-1,1,1,1,-1,-1,1,-1,1,-1,1,1,-1,1,-1,-1,1,1,-1,-1,1,-1,-1,-1,1,-1,-1,1,-1,1,1,1,1,-1,1,-1,-1,1,1,-1,-1,1,-1,-1,-1,1,1,-1,-1,1,1,-1,-1,-1,-1,1,1,1,1,1,1,-1,-1,1,1,-1,1,-1,-1,-1,1,1,1,-1,-1,-1,1,-1,1,1,1,-1,-1,-1,1,1,1,-1,-1,-1,1,1,1,1,1,-1,-1,-1,1,1,1,-1,-1,-1,-1,1,1,1,1,-1,-1,-1,1,1,1,1,-1,-1,1,1,1,1,1,-1,-1,-1,1,1,-1,1,-1,-1,-1,1,1,1,1,-1,-1,1,1,1,1,1,-1,1,1,1,1,1,-1,-1,-1,1,1,1,-1,1,-1,1,1,1,1,1,1,-1,-1,1,-1,1,-1,1,-1,-1,1,-1,1,-1,-1,-1,-1,1,-1,1,1,-1,-1,-1,1,-1,1,-1,1,-1,-1,1,-1,1,-1,-1,-1,-1,1,1,-1,-1,-1,-1,-1,1,-1,1,-1,-1,-1,-1,-1,-1,-1,1,-1,-1,-1,1,-1,-1,1,-1,-1,-1,-1,-1,-1,1,-1,-1,-1,-1,-1,1,-1,-1,-1,1,-1,-1,1,-1,1,-1,-1,-1,-1,-1,-1,-1,1,-1,-1,-1,1,1,-1,-1,-1,1,-1,-1,-1,-1,-1,1,-1,-1,1,1,1,-1,-1,-1,-1,1,-1,1,1,-1,1,-1,-1,1,1,-1,-1,-1,-1,-1,-1,1,1,-1,-1,1,-1,1,1,-1,-1,-1,1,-1,-1,1,-1,-1,1,-1,-1,1,1,1,-1,1,-1,1,1,1,-1,-1,1,-1,-1,1,1,1,-1,1,-1,-1,1,1,-1,1,1,-1,-1,1,1,-1,1,1,-1,-1,1,1,-1,1,1,-1,-1,1,1,1,1,1,1,-1,-1,1,1,1,1,-1,-1,1,-1,1,1,1,1,-1,-1,1,-1,1,1,1,-1,1,1,1,1,-1,1,-1,1,1,1,1,1,1,1,-1,1,1,1,1,-1,1,-1,1,1,1,1,1,-1,1,1,1,1,-1,1,1,-1,1,1,-1,1,1,-1,-1,1,1,1,1,-1,1,-1,1,1,1,-1,-1,1,-1,1,1,1,-1,1,-1,-1,-1,1,1,-1,-1,1,-1,-1,1,1,1,-1,1,-1,-1,1,1,1,-1,1,-1,-1,1,1,-1,-1,-1,1,-1,-1,1,-1,1,1,-1,1,1,-1,-1,1,-1,-1,-1,1,1,-1,1,1,-1,1,1,-1,-1,1,-1,1,-1,-1,-1,-1,1,-1,-1,1,1,-1,1,1,-1,1,1,1,1,-1,1,-1,1,1,1,-1,-1,1,-1,-1,-1,1,-1,-1,1,-1,1,1,1,-1,-1,1,-1,1,1,1,1,-1,1,-1,-1,1,1,1,-1,-1,1,-1,1,-1,1,-1,1,-1,-1,1,-2672.0,1,2000,445,1500,False
609,1,1,-1,-1,1,-1,-1,-1,1,1,1,-1,1,1,1,1,-1,1,-1,-1,-1,-1,1,1,1,-1,-1,-1,1,1,1,1,1,-1,-1,-1,1,-1,1,-1,-1,-1,-1,1,1,1,1,-1,1,1,1,1,-1,1,-1,-1,1,-1,1,1,1,-1,-1,-1,1,1,1,1,-1,-1,-1,1,1,1,1,-1,-1,-1,1,1,1,-1,-1,-1,1,1,1,1,-1,-1,1,1,1,1,1,-1,-1,-1,1,-1,1,1,-1,-1,1,1,1,1,1,-1,-1,-1,1,-1,1,1,-1,-1,1,1,1,1,1,1,-1,-1,1,1,-1,1,1,-1,1,1,1,1,1,1,-1,1,1,1,1,1,1,-1,1,1,1,1,1,1,-1,-1,-1,1,1,1,1,-1,1,1,1,1,-1,1,-1,1,-1,1,1,1,-1,-1,1,1,1,1,1,-1,1,-1,-1,1,-1,1,-1,1,1,1,1,1,1,1,1,1,-1,1,-1,1,-1,1,1,-1,1,-1,1,1,-1,1,-1,1,-1,1,-1,1,1,-1,1,-1,1,1,1,1,-1,-1,1,1,-1,-1,1,-1,1,-1,1,1,-1,1,-1,1,-1,1,-1,1,1,-1,-1,-1,1,1,-1,1,-1,1,1,1,-1,1,1,-1,1,-1,1,-1,1,-1,1,-1,1,1,-1,1,-1,-1,-1,1,1,-1,1,-1,-1,-1,1,1,-1,-1,1,1,-1,-1,1,1,-1,1,1,-1,1,1,1,1,-1,1,-1,1,1,-1,1,-1,1,1,-1,1,1,1,1,1,-1,-1,1,-1,-1,-1,1,1,-1,1,1,1,-1,1,-1,-1,1,1,1,1,1,-1,1,1,1,-1,1,1,-1,1,1,1,-1,1,1,-1,-1,1,1,1,-1,1,-1,1,1,1,-1,1,1,-1,1,1,1,-1,1,-1,-1,1,1,1,-1,1,-1,-1,-1,1,1,-1,1,-1,-1,1,-1,1,-1,1,1,-1,-1,1,1,1,1,1,-1,-1,1,1,-1,1,-1,1,-1,-1,-1,-1,1,1,-1,-1,1,1,-1,1,1,-1,-1,1,1,1,1,1,-1,1,1,1,-1,1,-1,-1,-1,-1,1,1,1,1,-1,-1,1,1,1,1,-1,-1,-1,-1,-1,1,-1,-1,-1,1,-1,1,1,1,1,-1,1,1,-1,1,-1,1,-1,-1,1,-1,1,1,1,1,-1,1,-1,-1,1,1,-1,-1,1,-1,1,1,1,-1,-1,1,-1,-1,1,1,-1,-1,1,-1,1,1,-1,1,1,1,-1,1,-1,-1,-1,1,-1,-1,1,-1,-1,1,1,-1,-1,1,-1,-1,-1,1,-1,-1,1,1,-1,-1,1,-1,-1,1,-1,-1,-1,1,1,-1,1,-1,-1,-1,1,1,-1,-1,-1,1,-1,1,-1,-1,1,-1,-1,1,1,1,-1,-1,1,-1,1,1,1,1,-1,1,-1,-1,1,1,1,-1,1,-1,1,-1,-1,1,1,-1,-1,-1,1,-1,-1,-1,1,1,-1,1,-1,1,-1,1,-1,1,1,-1,1,1,1,-1,-1,1,-1,1,-1,1,1,-1,1,-1,-1,1,1,-1,-1,1,-1,-1,-1,1,-1,-1,1,-1,1,1,1,1,-1,1,-1,-1,1,1,-1,-1,1,-1,-1,-1,1,1,-1,-1,1,1,-1,1,-1,-1,1,1,1,1,1,1,-1,-1,1,1,-1,1,-1,-1,1,1,1,1,-1,1,-1,1,-1,1,1,1,1,-1,-1,1,1,1,-1,-1,-1,-1,1,1,1,1,-1,-1,-1,1,1,1,-1,-1,-1,-1,1,1,1,1,-1,-1,1,1,1,1,-1,-1,-1,-1,1,1,1,1,-1,-1,-1,1,1,-1,1,-1,-1,-1,1,1,1,1,-1,-1,1,1,1,1,-1,-1,1,1,-1,1,1,-1,-1,-1,1,1,1,-1,1,-1,1,1,1,1,1,1,-1,-1,1,-1,1,-1,-1,-1,-1,1,-1,1,1,-1,-1,-1,1,-1,1,1,-1,1,-1,1,1,1,-1,1,1,-1,1,-1,1,-1,-1,-1,-1,1,1,-1,-1,-1,-1,-1,1,-1,1,-1,-1,-1,-1,-1,-1,-1,1,-1,-1,-1,1,-1,-1,1,-1,-1,-1,-1,-1,1,1,-1,-1,-1,-1,-1,1,-1,-1,-1,1,-1,-1,1,-1,1,-1,-1,-1,-1,-1,-1,-1,1,-1,-1,-1,1,1,-1,-1,-1,-1,1,-1,-1,-1,-1,1,-1,-1,1,-1,1,-1,-1,-1,-1,1,-1,1,1,-1,1,-1,-1,1,1,-1,-1,-1,-1,-1,-1,1,1,-1,-1,1,-1,1,1,-1,-1,-1,1,-1,1,1,-1,-1,1,-1,-1,1,1,1,-1,1,-1,1,1,1,-1,-1,1,-1,-1,1,1,1,-1,1,-1,-1,1,1,-1,1,1,-1,-1,1,1,1,1,1,-1,-1,1,1,-1,1,1,-1,-1,1,1,1,1,1,1,-1,-1,1,1,1,1,-1,-1,1,-1,1,1,1,1,-1,-1,1,-1,1,1,1,-1,1,1,1,1,-1,1,-1,1,1,1,1,1,1,1,-1,1,1,1,1,-1,1,-1,1,1,1,1,1,-1,1,1,1,1,-1,1,1,-1,1,1,-1,1,1,-1,-1,1,1,1,1,-1,1,-1,1,1,1,-1,-1,1,-1,1,1,1,-1,1,-1,-1,-1,1,1,-1,-1,1,-1,-1,1,1,-1,-1,1,-1,-1,1,1,1,-1,1,-1,-1,1,1,-1,-1,-1,1,-1,-1,1,-1,1,1,-1,1,1,-1,-1,1,-1,-1,-1,1,1,-1,1,1,-1,1,1,-1,-1,-1,-1,1,-1,-1,-1,-1,1,-1,-1,1,1,-1,1,1,-1,1,1,1,1,-1,1,-1,1,1,1,-1,-1,1,-1,-1,1,1,-1,-1,1,-1,1,1,1,-1,-1,1,-1,1,1,1,1,-1,1,-1,-1,1,1,1,-1,-1,-1,-1,1,-1,1,-1,1,-1,-1,1,-2672.0,1,2000,445,1500,False
610,1,1,-1,-1,1,-1,-1,-1,1,1,1,-1,1,1,1,1,-1,1,-1,-1,-1,-1,1,1,1,-1,-1,-1,1,1,1,1,1,-1,-1,-1,1,1,1,-1,-1,-1,-1,1,1,1,1,-1,1,1,1,1,-1,1,-1,-1,1,-1,1,1,1,-1,-1,-1,1,1,1,1,-1,-1,-1,1,1,1,1,-1,-1,-1,1,1,1,-1,-1,-1,1,1,1,1,-1,-1,-1,1,1,1,1,-1,-1,1,1,-1,1,1,-1,-1,1,1,1,1,1,-1,-1,1,1,-1,1,1,-1,-1,1,1,1,1,1,1,-1,-1,1,1,-1,1,1,-1,1,1,1,1,1,1,-1,-1,1,1,1,1,1,-1,1,1,1,1,1,1,-1,-1,-1,1,1,1,1,-1,1,1,1,1,-1,1,-1,1,-1,1,1,1,-1,-1,1,1,1,1,1,-1,1,-1,-1,1,1,1,-1,1,1,1,1,-1,1,1,1,1,-1,1,-1,1,-1,1,1,-1,1,-1,1,1,-1,1,-1,1,-1,1,-1,1,1,-1,-1,-1,1,1,1,1,-1,-1,1,1,-1,-1,1,-1,1,-1,-1,1,-1,1,-1,1,-1,1,-1,1,1,-1,-1,-1,1,1,-1,1,-1,1,1,1,-1,1,1,-1,1,-1,1,-1,1,-1,1,-1,1,1,-1,1,-1,-1,-1,1,1,-1,1,-1,-1,-1,1,1,-1,-1,1,1,-1,-1,1,1,-1,1,1,-1,1,1,1,-1,-1,1,-1,1,1,-1,1,-1,1,1,-1,1,1,-1,-1,1,-1,-1,1,-1,1,-1,1,1,-1,1,1,1,-1,1,-1,-1,1,1,-1,-1,1,-1,1,1,1,1,-1,1,-1,1,1,1,-1,1,1,-1,-1,1,1,-1,-1,1,-1,1,1,1,1,1,1,-1,1,1,1,1,1,-1,-1,1,1,1,1,1,-1,-1,-1,1,1,1,1,-1,-1,1,-1,1,-1,1,1,-1,-1,1,1,1,1,1,-1,-1,1,1,1,-1,-1,1,-1,-1,-1,-1,1,1,-1,-1,1,1,-1,1,1,-1,-1,1,1,1,1,1,-1,1,1,1,-1,1,-1,-1,-1,-1,1,1,1,1,-1,-1,1,-1,1,1,-1,-1,-1,-1,-1,1,-1,-1,-1,1,-1,1,-1,1,1,-1,1,1,-1,1,-1,1,-1,-1,1,-1,1,-1,1,-1,1,1,-1,-1,1,1,-1,-1,1,-1,1,1,1,1,-1,1,-1,1,-1,1,-1,1,1,-1,-1,-1,1,-1,1,1,-1,1,-1,-1,-1,1,-1,1,1,1,-1,-1,1,-1,-1,1,-1,1,-1,1,-1,1,-1,-1,-1,-1,1,-1,-1,1,-1,-1,-1,1,1,-1,-1,-1,-1,-1,1,1,-1,-1,-1,1,-1,1,-1,-1,1,-1,-1,1,-1,1,-1,-1,1,-1,1,-1,1,-1,-1,1,-1,-1,1,1,1,-1,1,-1,1,-1,-1,-1,1,-1,-1,-1,1,-1,-1,-1,1,1,-1,1,-1,1,-1,1,-1,1,1,-1,1,1,1,-1,-1,1,-1,1,-1,1,1,-1,1,-1,-1,1,1,-1,-1,1,-1,-1,-1,1,-1,-1,1,-1,1,1,1,1,-1,1,-1,-1,1,1,-1,-1,1,-1,-1,-1,1,1,-1,-1,1,1,-1,-1,-1,-1,1,1,1,1,1,1,-1,-1,1,1,1,-1,-1,-1,1,1,1,1,-1,1,-1,1,-1,1,-1,1,1,-1,-1,1,1,1,-1,-1,-1,1,1,1,1,1,-1,-1,-1,1,1,1,-1,-1,-1,-1,1,1,1,1,-1,-1,-1,1,1,1,1,-1,-1,1,1,1,1,1,-1,-1,-1,1,1,-1,1,-1,-1,-1,1,1,1,1,-1,-1,1,1,1,1,1,-1,1,1,-1,1,1,-1,-1,-1,1,1,1,1,1,-1,1,1,1,1,1,1,-1,-1,1,-1,1,-1,1,-1,-1,1,-1,1,-1,-1,-1,-1,1,-1,1,1,-1,-1,-1,1,1,1,-1,1,-1,1,-1,-1,1,-1,-1,-1,-1,1,1,-1,-1,-1,-1,-1,1,-1,1,-1,-1,-1,-1,-1,-1,-1,1,-1,-1,-1,1,-1,-1,1,-1,-1,-1,-1,-1,-1,1,-1,-1,-1,-1,-1,1,-1,-1,-1,1,-1,-1,1,-1,1,-1,-1,-1,-1,-1,-1,-1,1,-1,-1,-1,1,1,-1,-1,-1,1,1,-1,-1,-1,-1,1,-1,-1,1,-1,1,-1,-1,-1,-1,1,-1,1,1,-1,1,-1,-1,1,1,-1,-1,-1,-1,-1,-1,1,1,-1,-1,1,-1,1,1,-1,-1,-1,1,-1,-1,1,-1,-1,1,-1,-1,1,1,1,-1,1,-1,1,1,1,-1,-1,1,-1,-1,1,1,1,-1,1,-1,-1,1,1,-1,1,1,-1,-1,1,1,1,1,1,-1,-1,1,1,-1,1,1,-1,-1,1,1,1,1,1,1,-1,1,1,1,1,1,-1,-1,1,-1,1,1,1,1,-1,-1,1,-1,1,1,1,-1,1,1,1,1,-1,1,-1,1,1,1,1,1,1,-1,-1,1,1,1,1,-1,1,-1,1,1,1,1,-1,1,-1,1,1,1,-1,-1,1,-1,1,1,-1,1,-1,-1,-1,1,1,1,-1,1,-1,-1,1,1,1,-1,-1,-1,-1,1,1,1,-1,-1,-1,-1,-1,1,1,-1,1,-1,-1,1,1,1,-1,1,-1,-1,1,1,1,1,1,1,-1,-1,1,1,-1,-1,1,1,1,-1,1,-1,1,-1,-1,1,1,-1,-1,1,-1,-1,-1,1,1,-1,1,1,1,1,1,-1,-1,1,-1,-1,-1,-1,-1,-1,1,-1,1,1,1,-1,1,1,-1,1,1,1,1,-1,1,-1,1,1,1,1,-1,1,-1,1,1,1,1,-1,1,-1,1,1,1,1,-1,1,-1,1,1,1,-1,-1,1,-1,-1,1,1,-1,-1,-1,1,-1,1,-1,1,-1,1,-1,-1,1,-2672.0,1,2000,445,1500,False
611,1,1,-1,-1,1,1,-1,-1,1,1,1,-1,1,1,1,1,-1,1,-1,-1,-1,1,1,1,1,-1,1,-1,1,1,1,1,-1,-1,-1,-1,1,1,1,1,-1,-1,-1,1,1,1,1,-1,1,1,1,1,-1,1,-1,-1,1,-1,1,1,1,-1,-1,1,1,1,1,1,-1,-1,1,1,1,1,1,-1,-1,-1,1,1,1,-1,-1,-1,1,1,1,1,-1,-1,-1,1,1,1,1,-1,-1,1,1,-1,1,1,-1,-1,1,1,1,1,1,-1,-1,1,1,-1,1,1,-1,-1,1,1,1,1,1,1,-1,1,1,1,-1,1,1,-1,1,1,1,1,1,1,-1,-1,1,1,1,1,1,-1,1,1,1,1,1,1,-1,-1,-1,1,1,1,1,-1,1,1,1,1,-1,1,-1,1,-1,1,1,1,-1,-1,1,1,1,1,1,-1,1,-1,-1,1,-1,1,-1,1,1,1,1,1,1,1,1,1,-1,1,-1,1,-1,1,1,-1,1,-1,1,1,-1,1,-1,1,-1,1,-1,1,1,-1,1,-1,1,1,1,1,-1,-1,1,1,-1,-1,1,-1,1,-1,-1,1,-1,1,-1,1,-1,1,-1,-1,1,-1,-1,-1,1,1,-1,1,-1,1,1,1,-1,1,1,-1,1,-1,1,-1,1,-1,1,-1,1,1,-1,1,-1,-1,-1,1,1,-1,1,-1,-1,-1,1,1,-1,-1,1,1,-1,-1,1,1,-1,1,1,-1,1,1,1,1,-1,1,-1,1,1,-1,1,-1,1,1,-1,1,1,1,1,1,-1,-1,1,-1,-1,-1,1,1,-1,1,1,1,-1,1,-1,-1,1,1,1,1,1,-1,1,1,1,-1,-1,1,-1,1,1,1,-1,1,1,-1,-1,1,1,1,-1,1,-1,1,1,1,-1,1,1,-1,1,1,1,-1,1,-1,-1,1,1,1,-1,1,-1,-1,-1,1,1,-1,1,-1,-1,1,-1,1,-1,1,1,-1,-1,1,1,1,1,1,-1,-1,1,1,-1,1,-1,1,-1,-1,-1,-1,1,1,-1,-1,1,1,-1,1,1,-1,-1,1,1,1,1,1,-1,1,1,1,-1,1,-1,-1,-1,-1,1,1,1,1,-1,-1,1,1,1,1,-1,-1,1,-1,-1,1,-1,-1,-1,-1,1,-1,1,1,1,-1,1,1,-1,1,-1,1,-1,-1,1,-1,1,1,1,1,-1,1,-1,-1,1,1,-1,-1,1,-1,1,1,1,-1,-1,1,-1,-1,1,1,-1,-1,1,-1,1,1,-1,1,1,1,-1,1,-1,-1,-1,1,-1,-1,1,-1,-1,-1,1,-1,-1,1,-1,-1,-1,1,-1,-1,1,-1,-1,-1,1,-1,-1,1,-1,-1,-1,1,1,-1,1,1,-1,-1,1,1,-1,-1,-1,1,-1,1,-1,-1,1,-1,-1,1,1,1,-1,-1,1,-1,1,1,1,-1,-1,1,-1,-1,-1,1,1,-1,1,-1,1,1,-1,1,1,-1,-1,-1,1,-1,-1,-1,1,-1,1,1,-1,1,-1,1,-1,1,1,-1,1,1,1,-1,-1,1,-1,1,-1,1,-1,-1,1,-1,-1,1,1,1,-1,1,-1,-1,-1,1,-1,-1,1,-1,1,1,1,1,-1,1,-1,-1,1,1,-1,-1,1,-1,-1,-1,1,1,-1,-1,1,1,-1,-1,-1,-1,1,1,1,1,1,1,-1,-1,1,1,-1,1,-1,-1,1,1,1,1,-1,1,-1,1,-1,1,1,1,1,-1,-1,1,1,1,-1,-1,-1,1,1,1,1,1,-1,-1,-1,1,1,1,-1,-1,-1,-1,1,1,1,1,-1,-1,1,1,1,1,1,-1,-1,-1,1,1,1,1,-1,-1,-1,1,1,-1,1,-1,-1,-1,1,1,1,1,-1,-1,1,1,1,1,-1,-1,1,1,-1,1,1,-1,-1,-1,1,1,1,-1,1,-1,1,1,1,1,1,-1,-1,-1,1,-1,1,-1,-1,-1,-1,1,-1,1,1,-1,-1,-1,1,-1,1,1,-1,-1,-1,1,1,1,1,-1,-1,-1,1,-1,1,1,-1,-1,-1,1,1,-1,-1,-1,-1,-1,1,-1,1,-1,-1,-1,-1,-1,-1,-1,1,-1,-1,-1,1,-1,-1,1,-1,-1,-1,-1,-1,1,1,-1,-1,-1,-1,-1,1,-1,-1,-1,1,-1,-1,1,-1,1,-1,-1,-1,-1,-1,-1,-1,1,-1,-1,-1,1,1,-1,-1,-1,1,-1,-1,-1,-1,-1,1,-1,-1,1,1,1,-1,-1,-1,-1,1,-1,1,1,-1,1,-1,-1,1,1,-1,-1,-1,-1,-1,-1,1,1,-1,-1,1,-1,1,1,-1,-1,-1,1,-1,1,1,-1,-1,1,-1,-1,1,1,1,-1,1,-1,1,1,1,-1,-1,1,-1,-1,1,1,1,-1,1,-1,-1,1,1,-1,1,1,-1,-1,1,1,-1,1,1,-1,-1,1,1,-1,1,1,-1,-1,1,1,1,1,-1,1,-1,-1,1,1,-1,1,-1,-1,1,-1,1,1,1,1,-1,-1,1,-1,1,1,1,-1,1,1,1,1,-1,1,-1,1,1,1,1,1,1,1,-1,1,1,1,1,-1,1,-1,1,1,1,1,1,-1,1,1,1,1,-1,1,1,-1,1,1,-1,1,1,-1,-1,1,1,1,1,-1,1,-1,1,1,1,-1,-1,1,-1,1,1,1,-1,1,-1,-1,-1,1,1,-1,-1,1,-1,-1,1,1,-1,-1,1,-1,-1,-1,1,1,-1,1,-1,-1,1,1,-1,-1,-1,1,-1,-1,1,-1,1,1,-1,1,1,-1,-1,1,-1,-1,-1,1,1,-1,1,1,-1,1,1,-1,-1,1,-1,1,-1,-1,-1,-1,1,-1,-1,1,1,-1,1,1,-1,1,1,1,1,-1,1,-1,1,1,1,1,-1,1,-1,-1,1,1,1,-1,1,-1,1,1,1,1,-1,1,-1,1,1,1,-1,-1,1,-1,-1,1,1,-1,-1,-1,1,-1,1,-1,1,-1,1,-1,-1,1,-2672.0,1,2000,445,1500,False
612,1,1,-1,-1,1,-1,-1,-1,1,1,1,-1,1,1,1,1,-1,1,-1,-1,-1,-1,1,1,1,-1,-1,-1,1,1,1,1,1,-1,-1,-1,1,-1,1,1,-1,-1,-1,1,1,1,1,-1,1,1,1,1,-1,1,-1,-1,1,-1,1,1,1,-1,-1,-1,1,1,1,1,-1,-1,-1,1,1,1,1,-1,-1,-1,1,1,1,-1,-1,-1,1,1,1,1,-1,-1,-1,1,1,1,1,-1,-1,1,1,-1,1,1,-1,-1,1,1,1,1,1,-1,-1,1,1,1,1,1,-1,-1,1,1,1,1,1,1,-1,-1,1,1,-1,1,1,-1,1,1,1,1,1,1,-1,-1,1,1,1,1,1,-1,1,1,1,1,1,1,-1,-1,-1,1,1,1,1,-1,1,1,1,1,-1,1,-1,1,-1,1,1,1,-1,-1,1,1,1,1,1,-1,1,-1,-1,1,-1,1,-1,1,1,1,1,1,1,1,1,1,-1,1,-1,1,-1,1,1,-1,1,-1,1,1,-1,1,-1,1,-1,1,1,1,1,-1,-1,-1,1,-1,-1,1,-1,-1,1,1,-1,-1,1,-1,1,-1,1,-1,-1,1,-1,1,-1,1,-1,1,1,-1,-1,-1,1,-1,-1,1,-1,1,1,1,-1,1,1,-1,1,-1,1,-1,1,-1,1,-1,1,1,-1,1,-1,-1,-1,1,1,-1,1,-1,-1,-1,1,1,1,-1,1,1,-1,-1,1,1,-1,1,1,-1,1,1,1,-1,-1,1,-1,1,1,-1,1,-1,1,1,-1,1,-1,-1,-1,1,-1,-1,1,-1,1,-1,1,1,-1,1,1,1,-1,1,-1,-1,1,1,-1,-1,1,-1,1,1,-1,1,-1,1,-1,1,1,1,-1,1,1,-1,-1,1,1,-1,1,1,-1,1,1,1,1,1,1,-1,1,1,1,1,1,-1,-1,1,1,1,1,1,-1,-1,-1,1,1,1,1,-1,-1,1,-1,1,-1,1,1,-1,-1,1,1,1,1,1,-1,-1,1,1,1,-1,-1,1,-1,-1,-1,-1,1,1,-1,-1,1,1,-1,1,1,-1,-1,1,1,1,1,1,-1,1,1,1,-1,1,-1,-1,-1,-1,1,1,1,1,-1,-1,1,-1,1,1,-1,-1,-1,-1,-1,1,-1,-1,-1,1,-1,1,-1,1,1,-1,1,1,-1,1,-1,1,-1,-1,1,-1,1,1,1,1,-1,1,-1,-1,1,1,-1,-1,1,-1,1,1,1,-1,-1,1,-1,1,1,1,-1,1,1,-1,1,1,-1,-1,1,1,-1,1,-1,-1,-1,1,-1,1,1,-1,-1,-1,1,-1,-1,1,-1,-1,-1,1,-1,-1,1,-1,-1,-1,1,-1,-1,1,-1,-1,-1,1,1,-1,1,-1,-1,-1,1,1,-1,-1,-1,1,-1,1,-1,-1,1,-1,-1,1,1,1,-1,-1,1,-1,1,-1,1,-1,-1,1,-1,-1,1,1,1,-1,1,-1,1,-1,-1,1,1,-1,-1,-1,1,-1,-1,-1,1,1,-1,1,-1,1,-1,1,-1,1,1,-1,1,1,1,-1,-1,1,-1,1,-1,1,1,-1,1,-1,-1,1,1,-1,-1,1,-1,-1,-1,1,-1,-1,1,-1,1,1,1,1,-1,1,-1,-1,1,1,-1,-1,1,-1,-1,-1,1,1,-1,-1,1,1,-1,-1,-1,-1,1,1,1,1,1,1,-1,-1,1,1,-1,1,-1,-1,1,1,1,1,-1,-1,-1,1,-1,1,1,1,1,-1,-1,1,1,1,-1,-1,-1,-1,1,1,1,1,-1,-1,-1,1,1,1,-1,-1,-1,-1,1,1,1,1,-1,-1,-1,1,1,1,1,-1,-1,1,1,1,1,1,-1,-1,-1,1,1,-1,1,-1,-1,-1,1,1,1,1,-1,-1,1,1,1,1,1,-1,1,1,-1,1,1,-1,-1,-1,1,1,1,-1,1,-1,1,1,1,1,1,1,-1,-1,1,-1,1,-1,1,-1,-1,1,-1,1,-1,-1,-1,-1,1,-1,1,1,-1,1,-1,1,1,1,-1,1,1,-1,1,-1,1,-1,-1,-1,-1,1,1,-1,-1,-1,-1,-1,1,-1,1,-1,-1,-1,-1,-1,-1,-1,1,-1,-1,-1,1,-1,-1,1,-1,-1,-1,-1,-1,-1,1,-1,-1,-1,-1,-1,1,-1,-1,-1,1,-1,-1,1,-1,1,-1,-1,-1,-1,-1,-1,-1,1,-1,-1,-1,1,1,-1,-1,-1,-1,1,-1,-1,-1,-1,1,-1,-1,1,-1,1,-1,-1,1,-1,1,-1,1,1,-1,1,-1,-1,1,1,-1,-1,-1,-1,-1,-1,1,1,-1,-1,1,-1,1,1,-1,-1,-1,-1,-1,1,1,-1,-1,-1,1,-1,1,1,1,-1,-1,-1,1,1,1,-1,-1,1,-1,-1,1,1,1,-1,1,-1,-1,1,1,-1,1,-1,1,-1,1,1,1,1,1,1,-1,1,1,1,1,1,1,-1,1,1,1,1,1,-1,-1,1,1,1,1,1,1,-1,1,-1,1,1,1,1,-1,-1,1,-1,1,-1,1,-1,1,1,1,1,-1,1,-1,1,1,1,1,1,1,-1,-1,-1,1,1,1,-1,1,-1,1,1,1,1,-1,1,-1,1,1,1,-1,-1,1,-1,1,1,-1,1,-1,-1,-1,1,1,1,-1,1,-1,-1,1,1,1,-1,-1,-1,-1,1,1,1,-1,1,-1,-1,-1,1,1,-1,1,-1,-1,-1,1,1,-1,1,-1,1,-1,1,1,1,1,1,-1,-1,1,1,-1,-1,1,1,-1,-1,1,-1,1,-1,-1,1,1,-1,-1,1,-1,-1,-1,1,1,-1,1,1,-1,1,1,-1,-1,-1,-1,1,-1,-1,-1,-1,1,-1,-1,1,1,-1,1,1,-1,1,1,1,1,-1,1,-1,1,1,1,1,-1,1,-1,-1,1,1,1,-1,1,-1,1,1,1,1,-1,1,-1,1,1,1,-1,-1,1,-1,-1,1,1,-1,-1,-1,1,-1,1,1,1,-1,1,-1,-1,1,-2672.0,1,2000,445,1500,False
613,1,1,-1,-1,1,-1,-1,-1,1,1,1,-1,1,1,1,1,-1,1,-1,-1,1,-1,1,1,1,-1,-1,-1,1,1,1,1,1,-1,-1,-1,1,1,1,1,-1,-1,-1,1,1,1,1,-1,1,1,1,1,-1,1,-1,-1,1,-1,1,1,1,-1,-1,-1,1,1,1,1,-1,1,-1,1,1,1,1,-1,-1,-1,1,1,1,-1,-1,-1,1,1,1,1,-1,1,-1,1,1,1,1,-1,-1,1,1,-1,1,1,-1,-1,1,1,1,1,1,-1,-1,1,1,-1,1,1,-1,-1,1,1,1,1,1,1,-1,1,1,1,-1,1,1,-1,1,1,1,1,1,1,-1,-1,1,1,1,1,1,-1,1,1,1,1,1,1,-1,-1,-1,1,1,1,1,-1,1,1,1,1,-1,1,-1,1,-1,1,1,1,-1,-1,1,1,1,1,1,-1,1,-1,-1,1,-1,1,-1,1,1,1,1,1,1,1,1,1,-1,1,-1,1,-1,1,1,-1,1,-1,1,1,-1,1,-1,1,-1,1,-1,1,1,-1,1,-1,1,1,1,1,-1,-1,1,1,-1,-1,1,-1,1,-1,-1,1,-1,1,-1,1,-1,1,-1,1,1,-1,-1,-1,1,1,-1,1,-1,1,1,1,-1,1,1,-1,1,-1,1,-1,1,-1,1,-1,1,1,-1,1,-1,-1,-1,1,1,-1,1,-1,-1,-1,1,1,-1,-1,1,1,-1,-1,1,1,-1,1,1,-1,1,1,1,1,-1,1,-1,1,1,-1,1,-1,1,1,1,1,1,1,1,1,-1,-1,1,-1,-1,-1,1,1,-1,1,1,1,-1,1,1,1,1,1,1,1,1,-1,1,1,1,-1,1,1,-1,1,1,1,-1,1,1,-1,-1,1,1,1,-1,1,-1,1,1,1,-1,1,1,-1,1,1,1,-1,1,1,-1,1,1,1,-1,1,1,-1,-1,1,1,-1,1,1,-1,1,-1,1,-1,1,1,1,-1,1,1,1,-1,1,1,-1,1,1,-1,1,1,1,-1,-1,-1,-1,1,1,1,-1,1,1,-1,1,1,-1,-1,1,1,1,1,1,-1,1,1,1,-1,1,1,1,-1,-1,1,1,-1,-1,1,-1,1,-1,1,-1,1,1,-1,-1,-1,1,-1,-1,1,1,-1,1,1,-1,1,1,1,1,-1,1,-1,-1,1,-1,1,-1,1,-1,-1,1,1,1,-1,-1,1,-1,1,1,1,-1,1,1,1,-1,1,1,-1,1,-1,-1,1,1,1,-1,1,-1,1,1,1,1,-1,1,-1,-1,1,1,-1,1,1,1,-1,1,1,-1,-1,1,-1,1,1,1,-1,1,-1,1,-1,1,1,-1,-1,1,-1,1,1,1,1,-1,1,-1,-1,-1,1,1,-1,-1,-1,1,-1,1,-1,-1,1,-1,-1,1,-1,1,-1,-1,1,-1,1,-1,1,1,-1,1,-1,-1,1,1,1,-1,1,-1,1,-1,1,1,1,-1,-1,-1,1,-1,-1,1,1,1,-1,1,-1,1,1,1,-1,1,1,-1,1,-1,1,-1,-1,1,-1,-1,1,1,1,-1,1,-1,-1,1,1,-1,-1,1,-1,-1,1,1,-1,-1,1,-1,-1,-1,1,1,-1,1,1,-1,-1,1,-1,-1,1,-1,1,-1,1,1,-1,-1,1,-1,-1,-1,-1,-1,1,1,1,-1,1,1,-1,-1,1,-1,1,-1,-1,-1,1,1,-1,-1,-1,1,-1,1,1,-1,1,1,1,-1,-1,1,1,-1,-1,-1,-1,1,1,-1,-1,1,-1,-1,-1,1,1,-1,-1,-1,-1,-1,1,-1,-1,1,-1,-1,1,1,1,-1,1,-1,-1,-1,1,1,-1,-1,-1,-1,-1,1,1,1,-1,-1,-1,-1,1,1,-1,-1,-1,-1,1,1,1,1,-1,-1,1,1,1,1,1,-1,-1,-1,1,1,1,-1,1,-1,1,1,1,1,-1,1,-1,-1,1,-1,1,-1,1,-1,-1,1,-1,1,-1,-1,-1,-1,1,-1,1,-1,1,-1,-1,1,-1,1,-1,1,-1,-1,1,-1,1,-1,-1,-1,-1,1,1,-1,-1,-1,-1,-1,1,-1,1,-1,-1,-1,-1,-1,-1,-1,1,-1,-1,-1,1,-1,-1,1,-1,-1,-1,-1,-1,1,1,-1,-1,-1,-1,-1,1,-1,-1,-1,1,-1,-1,1,-1,1,-1,-1,-1,-1,-1,-1,-1,1,-1,-1,-1,1,1,-1,-1,-1,1,1,-1,-1,-1,-1,1,-1,-1,1,-1,1,-1,-1,-1,-1,1,-1,1,1,-1,1,-1,-1,1,1,-1,-1,-1,-1,-1,-1,1,1,-1,-1,1,-1,1,1,-1,-1,-1,1,-1,1,1,-1,-1,1,-1,-1,1,1,1,-1,1,-1,1,1,1,-1,-1,1,-1,-1,1,1,1,-1,1,-1,-1,1,1,-1,1,1,-1,-1,1,1,-1,1,1,-1,-1,1,1,1,1,1,-1,-1,1,1,1,1,1,1,-1,1,1,1,-1,1,-1,-1,1,-1,1,1,1,1,-1,-1,1,-1,1,1,1,-1,1,1,1,1,-1,1,-1,1,1,1,1,1,1,1,-1,-1,1,1,1,-1,1,-1,1,1,1,1,1,-1,1,1,1,1,-1,1,1,-1,1,1,-1,1,1,-1,-1,1,1,1,1,-1,1,-1,1,1,1,-1,-1,1,-1,1,1,1,-1,1,-1,-1,-1,1,1,-1,-1,1,-1,-1,1,1,-1,-1,1,-1,1,1,1,1,-1,-1,-1,-1,1,1,-1,-1,-1,1,1,-1,1,-1,1,1,-1,1,1,-1,-1,1,1,-1,-1,-1,1,-1,1,1,1,1,1,-1,-1,-1,-1,-1,-1,-1,-1,-1,-1,1,1,1,1,-1,1,1,-1,1,1,1,1,-1,1,-1,1,1,1,1,-1,1,-1,1,1,1,1,-1,1,-1,1,1,1,1,-1,1,-1,1,1,-1,-1,-1,1,-1,1,1,1,-1,-1,-1,1,-1,1,-1,1,-1,1,-1,1,1,-2672.0,1,2000,445,1500,False
614,1,1,-1,-1,1,1,-1,-1,1,1,1,-1,1,1,1,1,-1,1,-1,-1,1,-1,1,1,1,-1,1,-1,1,1,1,1,-1,-1,-1,-1,1,1,1,1,-1,-1,-1,1,1,1,1,-1,1,1,1,1,-1,1,-1,-1,1,-1,1,1,1,-1,-1,-1,1,1,1,1,-1,-1,-1,1,1,1,1,-1,-1,-1,1,1,1,-1,-1,-1,1,1,1,1,-1,-1,-1,1,1,1,1,-1,-1,1,1,-1,1,1,-1,-1,1,1,1,1,1,-1,-1,1,1,-1,1,1,-1,-1,1,1,1,1,1,1,-1,1,1,1,-1,1,1,-1,1,1,1,1,1,1,-1,-1,1,1,1,1,1,-1,1,1,1,1,1,1,-1,-1,-1,1,1,1,1,-1,1,1,1,1,-1,1,-1,1,-1,1,1,1,-1,-1,1,1,1,1,1,-1,1,-1,-1,1,-1,1,-1,1,1,1,1,1,1,1,1,1,-1,1,-1,1,-1,1,1,-1,1,-1,1,1,-1,1,-1,1,-1,1,-1,1,1,-1,1,-1,1,1,1,1,-1,-1,1,1,-1,-1,1,-1,1,-1,-1,1,-1,1,-1,1,-1,1,-1,1,1,-1,-1,-1,1,1,-1,1,-1,1,1,1,-1,1,1,-1,1,-1,1,-1,1,-1,1,-1,1,1,-1,1,-1,-1,-1,1,1,-1,1,-1,-1,-1,1,1,-1,-1,1,1,-1,-1,1,1,-1,1,1,-1,1,1,1,1,-1,1,-1,1,1,-1,1,-1,1,1,1,1,1,1,1,1,-1,-1,1,-1,-1,-1,1,1,-1,1,1,1,-1,1,1,1,1,1,1,1,1,-1,1,1,1,-1,1,1,-1,1,1,1,-1,1,1,-1,-1,1,1,1,-1,1,-1,1,1,1,-1,1,1,-1,1,1,1,-1,1,1,-1,1,1,1,-1,1,1,-1,-1,1,1,-1,1,1,-1,1,-1,1,-1,1,1,1,-1,1,1,1,1,1,1,-1,1,1,-1,1,-1,1,-1,-1,-1,-1,1,1,1,-1,1,1,-1,1,1,-1,-1,1,1,1,1,1,-1,1,1,1,-1,1,1,1,-1,-1,1,1,1,-1,1,-1,1,1,1,1,1,1,-1,-1,-1,1,-1,-1,1,-1,1,-1,1,1,1,1,1,1,-1,1,-1,-1,1,-1,1,-1,1,1,-1,1,1,1,-1,-1,1,-1,1,1,-1,-1,1,1,1,-1,1,1,-1,-1,1,-1,1,1,-1,-1,1,1,1,1,-1,1,-1,1,-1,1,1,-1,-1,-1,1,-1,1,1,-1,-1,-1,1,-1,1,1,1,-1,-1,1,-1,-1,1,-1,-1,-1,1,-1,1,1,-1,1,-1,1,1,-1,1,-1,-1,-1,-1,1,-1,1,-1,-1,-1,1,-1,-1,1,-1,-1,-1,-1,1,-1,1,-1,-1,1,-1,1,-1,-1,1,1,1,-1,1,-1,1,1,1,-1,1,-1,-1,-1,1,-1,-1,1,1,1,-1,1,-1,1,1,1,-1,1,1,-1,1,-1,1,-1,-1,1,-1,-1,1,1,1,-1,1,-1,-1,1,1,-1,-1,1,-1,-1,1,1,-1,-1,1,-1,-1,-1,1,1,-1,1,-1,-1,-1,1,-1,-1,1,-1,1,-1,1,1,-1,-1,1,-1,-1,-1,-1,-1,1,1,1,-1,-1,1,-1,-1,1,-1,-1,1,-1,-1,1,1,-1,-1,1,1,-1,1,1,-1,1,-1,1,-1,-1,1,1,-1,-1,-1,-1,-1,1,-1,-1,1,-1,-1,-1,1,1,-1,-1,-1,-1,-1,1,-1,-1,-1,-1,-1,1,1,1,-1,-1,-1,-1,-1,1,1,-1,-1,-1,-1,-1,1,1,1,-1,-1,-1,-1,1,1,-1,-1,-1,-1,1,1,1,1,1,-1,1,1,1,1,1,1,-1,-1,1,1,1,1,-1,-1,1,1,1,1,-1,1,-1,-1,1,-1,1,-1,1,-1,-1,1,-1,1,1,1,-1,-1,1,-1,1,-1,1,-1,-1,1,-1,1,1,1,-1,-1,1,-1,1,1,1,-1,-1,1,1,-1,1,1,-1,-1,1,-1,1,-1,1,-1,-1,-1,-1,-1,1,1,-1,-1,1,-1,-1,1,1,-1,-1,-1,-1,1,-1,1,-1,-1,-1,-1,1,-1,-1,-1,1,-1,-1,1,-1,1,-1,-1,-1,-1,-1,-1,1,1,-1,-1,-1,1,1,1,-1,-1,1,-1,-1,-1,1,-1,1,-1,-1,1,1,1,-1,-1,-1,-1,1,-1,1,1,-1,1,-1,-1,1,1,-1,-1,-1,-1,-1,-1,1,1,-1,-1,1,-1,1,1,-1,-1,-1,1,-1,1,1,-1,-1,1,-1,-1,1,1,1,-1,1,-1,1,1,1,-1,-1,1,-1,-1,1,1,1,-1,1,-1,-1,1,1,-1,1,1,-1,-1,1,1,1,1,1,-1,-1,1,1,-1,1,1,-1,-1,1,1,1,1,1,1,-1,-1,1,1,1,1,-1,-1,1,-1,1,1,1,1,-1,-1,1,-1,1,1,1,-1,1,1,1,1,-1,1,-1,1,1,1,1,1,1,1,-1,1,1,1,1,-1,1,-1,1,1,1,1,1,-1,1,1,1,1,-1,1,1,-1,1,1,-1,1,1,-1,-1,1,1,1,1,-1,1,-1,1,1,1,-1,-1,1,-1,1,1,1,-1,1,-1,-1,-1,1,1,-1,-1,1,-1,-1,1,1,1,-1,1,-1,-1,-1,1,1,-1,1,-1,-1,1,1,-1,-1,-1,1,-1,-1,1,-1,1,1,-1,1,1,-1,-1,1,-1,-1,-1,1,1,-1,1,1,-1,1,1,-1,-1,-1,-1,1,-1,-1,-1,-1,-1,-1,-1,1,1,-1,1,1,-1,1,1,1,1,-1,1,-1,1,1,1,1,-1,1,-1,-1,-1,1,1,-1,1,-1,1,1,1,1,-1,1,-1,1,1,-1,-1,-1,1,-1,-1,1,1,-1,-1,-1,1,-1,1,-1,1,-1,1,-1,-1,1,-2672.0,1,2000,445,1500,False
615,1,1,-1,-1,1,-1,-1,-1,1,1,1,-1,1,1,1,1,-1,1,-1,-1,-1,-1,1,1,1,-1,-1,-1,1,1,1,1,1,-1,-1,-1,1,-1,1,1,-1,-1,-1,1,1,1,1,-1,1,1,1,1,-1,1,-1,-1,1,-1,1,1,1,-1,-1,-1,1,1,1,1,-1,-1,-1,1,1,1,1,-1,-1,-1,1,1,1,-1,-1,-1,1,1,1,1,-1,-1,1,1,1,1,1,-1,-1,-1,1,-1,1,1,-1,-1,1,1,1,1,1,-1,-1,-1,1,1,1,1,-1,-1,1,1,1,1,1,1,-1,-1,1,1,-1,1,1,-1,1,1,1,1,1,1,-1,1,1,1,1,1,1,-1,1,1,1,1,1,1,-1,-1,-1,1,1,1,1,-1,1,1,1,1,-1,1,-1,1,-1,1,1,1,-1,-1,1,1,1,1,1,-1,1,-1,-1,1,-1,1,-1,1,1,1,1,1,1,1,1,1,-1,1,-1,1,-1,1,1,-1,1,-1,1,1,-1,1,-1,1,-1,1,-1,1,1,-1,-1,-1,1,1,1,1,-1,-1,1,1,-1,-1,1,-1,1,-1,1,1,-1,1,-1,1,-1,1,-1,1,1,-1,-1,-1,1,1,-1,1,-1,1,1,1,-1,1,1,-1,1,-1,1,-1,1,-1,1,-1,1,1,-1,1,-1,-1,-1,1,1,-1,1,-1,-1,-1,1,1,-1,-1,1,1,-1,-1,1,1,-1,1,1,-1,1,1,1,1,-1,1,-1,1,1,-1,1,-1,1,1,1,1,1,1,1,1,-1,-1,1,-1,-1,-1,1,1,-1,1,1,1,-1,1,1,1,1,1,1,1,1,-1,1,1,1,-1,1,1,-1,1,1,1,-1,1,1,-1,-1,1,1,1,-1,1,-1,1,1,1,-1,1,1,-1,1,1,1,-1,1,1,-1,1,1,1,-1,1,1,1,-1,1,1,-1,1,1,-1,1,-1,1,-1,1,1,1,-1,1,1,1,-1,1,1,-1,1,1,-1,1,1,1,-1,-1,-1,-1,1,1,1,-1,1,1,-1,1,1,-1,-1,1,1,1,1,1,-1,1,1,1,-1,1,1,1,1,-1,1,1,-1,-1,1,-1,1,-1,1,-1,1,1,-1,-1,-1,1,-1,-1,1,1,-1,1,1,-1,1,1,1,1,-1,1,-1,-1,1,-1,1,-1,1,-1,1,1,1,1,-1,-1,1,-1,1,1,1,-1,1,1,1,-1,1,1,-1,1,-1,-1,1,1,1,-1,1,-1,1,1,1,1,-1,1,-1,1,1,1,-1,1,1,-1,-1,1,1,-1,-1,1,-1,1,1,1,-1,1,-1,-1,-1,1,1,-1,-1,1,-1,1,1,1,1,-1,1,-1,-1,-1,1,1,-1,-1,-1,1,-1,1,-1,-1,1,-1,-1,1,-1,1,-1,-1,1,-1,1,-1,1,1,-1,1,-1,-1,1,1,1,-1,1,-1,1,-1,-1,-1,1,-1,-1,-1,1,-1,-1,1,1,1,-1,1,-1,1,1,1,-1,1,1,-1,-1,-1,1,-1,-1,1,-1,-1,1,1,1,-1,1,-1,-1,1,1,-1,-1,1,-1,-1,1,1,-1,-1,1,-1,-1,-1,1,1,-1,1,1,-1,-1,1,-1,-1,1,-1,1,-1,1,1,-1,-1,1,-1,-1,-1,-1,-1,1,1,1,-1,1,1,-1,-1,1,-1,-1,-1,-1,-1,1,1,-1,-1,-1,-1,-1,1,1,-1,1,1,1,-1,-1,1,1,-1,-1,-1,-1,-1,1,-1,-1,1,-1,-1,-1,1,1,-1,-1,-1,-1,-1,1,-1,-1,1,-1,-1,-1,1,1,-1,1,-1,-1,1,1,1,-1,-1,-1,-1,-1,1,1,1,-1,-1,-1,-1,1,1,-1,-1,-1,-1,1,1,1,1,-1,-1,1,1,1,1,1,-1,-1,-1,1,1,1,1,1,-1,1,1,1,1,-1,1,-1,-1,1,-1,1,-1,1,-1,-1,1,-1,1,-1,-1,-1,-1,1,-1,1,-1,1,1,-1,1,-1,1,-1,1,1,-1,1,-1,1,-1,-1,-1,-1,1,1,-1,-1,-1,-1,-1,1,-1,1,-1,-1,-1,-1,-1,-1,-1,1,-1,-1,-1,1,-1,-1,1,-1,-1,-1,-1,-1,-1,1,-1,-1,-1,-1,-1,1,-1,-1,-1,1,-1,-1,1,-1,1,-1,-1,-1,-1,-1,-1,-1,1,-1,-1,-1,1,1,1,-1,-1,-1,1,-1,-1,-1,-1,1,-1,-1,1,-1,1,-1,-1,-1,-1,1,-1,1,1,-1,1,-1,-1,1,1,-1,-1,-1,-1,-1,-1,1,1,-1,-1,1,-1,1,1,-1,-1,-1,1,-1,1,1,-1,-1,1,-1,-1,1,1,1,-1,1,-1,1,1,1,-1,-1,1,-1,-1,1,1,1,-1,1,-1,-1,1,1,-1,1,1,-1,-1,1,1,-1,1,1,-1,-1,1,1,1,1,1,-1,-1,1,1,1,1,1,1,-1,1,1,1,1,1,-1,-1,1,-1,1,1,1,1,-1,-1,1,-1,1,1,1,-1,1,1,1,1,-1,1,-1,1,1,1,1,1,1,1,-1,1,1,1,1,-1,1,-1,1,1,1,1,1,-1,1,1,1,1,-1,1,1,-1,1,1,-1,1,1,-1,-1,1,1,1,1,-1,1,-1,1,1,1,-1,-1,1,-1,1,1,1,-1,1,-1,-1,-1,1,1,-1,-1,1,-1,-1,1,1,-1,-1,1,-1,1,1,1,1,-1,-1,-1,-1,1,1,-1,-1,-1,1,1,-1,1,-1,1,1,-1,1,1,-1,-1,1,1,-1,-1,1,1,-1,1,1,1,1,1,-1,-1,-1,-1,1,-1,-1,-1,-1,-1,1,1,1,1,-1,1,1,-1,1,1,1,1,-1,1,-1,1,1,1,-1,-1,1,-1,1,1,1,-1,-1,1,-1,1,1,1,-1,-1,1,-1,1,1,1,1,-1,1,-1,1,1,1,1,-1,-1,1,-1,1,-1,1,-1,1,-1,1,1,-2672.0,1,2000,445,1500,False
616,1,1,-1,-1,1,1,-1,-1,1,1,1,-1,-1,1,-1,1,-1,1,-1,-1,-1,1,1,1,1,-1,-1,-1,1,1,1,1,-1,-1,-1,-1,1,-1,1,1,-1,-1,-1,1,1,1,1,-1,1,1,1,1,-1,1,-1,-1,1,-1,1,1,1,-1,-1,1,1,1,1,1,-1,-1,1,1,1,1,1,-1,-1,-1,1,1,1,-1,-1,-1,1,1,1,1,-1,-1,-1,1,1,1,1,-1,-1,1,1,-1,1,1,-1,-1,1,1,1,1,1,-1,-1,1,1,1,1,1,-1,-1,1,1,1,1,1,1,-1,-1,1,1,-1,1,1,-1,1,1,1,1,1,1,-1,1,1,1,1,1,1,-1,1,1,1,1,1,1,-1,-1,-1,1,1,1,1,-1,1,-1,1,1,-1,1,-1,1,-1,1,1,1,-1,-1,1,1,1,1,1,-1,1,-1,-1,1,-1,1,-1,1,1,1,1,1,1,1,1,1,-1,1,-1,1,-1,1,1,-1,1,-1,1,1,-1,1,-1,1,-1,1,-1,1,1,-1,-1,-1,1,1,1,1,-1,-1,1,1,-1,-1,1,-1,1,-1,-1,1,-1,1,-1,1,-1,1,-1,-1,1,-1,1,-1,1,1,-1,1,-1,1,1,1,-1,1,1,-1,1,-1,1,-1,1,-1,1,-1,1,1,-1,1,-1,-1,-1,1,1,-1,1,-1,-1,-1,1,1,-1,-1,1,1,-1,-1,1,1,-1,1,1,-1,1,1,1,1,-1,1,-1,1,1,-1,1,-1,1,1,-1,1,1,1,1,1,-1,-1,1,-1,-1,1,1,1,-1,1,1,1,-1,1,-1,-1,1,1,1,1,1,-1,1,1,1,-1,1,1,-1,1,1,1,-1,1,1,-1,-1,1,1,1,-1,1,-1,1,1,1,-1,1,1,-1,1,1,1,-1,1,-1,-1,1,1,1,-1,1,-1,-1,-1,1,1,-1,1,-1,-1,1,-1,1,-1,1,1,-1,-1,1,1,1,-1,1,-1,-1,1,1,-1,1,-1,1,-1,-1,-1,-1,1,1,-1,-1,1,1,-1,1,1,-1,-1,1,1,1,1,1,-1,1,1,1,-1,1,-1,-1,-1,-1,1,1,-1,1,-1,-1,1,-1,1,-1,-1,-1,-1,-1,-1,1,-1,-1,-1,1,-1,1,1,-1,1,-1,1,1,-1,1,-1,1,-1,-1,1,-1,1,-1,1,1,-1,1,-1,-1,1,1,-1,-1,1,-1,1,1,1,-1,-1,1,-1,1,-1,1,-1,1,1,-1,1,-1,-1,-1,1,1,-1,1,-1,-1,-1,1,-1,1,1,-1,-1,1,1,-1,-1,1,-1,-1,-1,1,-1,1,-1,-1,-1,-1,1,-1,-1,1,-1,-1,-1,1,1,-1,1,-1,-1,-1,1,1,-1,-1,-1,1,-1,1,-1,-1,1,-1,-1,1,1,1,-1,-1,1,-1,1,-1,1,1,-1,1,-1,-1,1,1,1,-1,1,-1,1,-1,-1,-1,1,-1,-1,-1,1,-1,-1,-1,1,-1,1,1,-1,1,-1,1,-1,1,1,-1,1,1,1,-1,-1,1,-1,1,-1,1,-1,-1,1,-1,-1,1,1,1,-1,1,-1,-1,-1,1,-1,-1,1,-1,1,1,1,1,-1,1,-1,-1,1,1,1,-1,1,-1,-1,-1,1,1,-1,-1,1,1,-1,-1,-1,-1,1,1,1,1,1,1,-1,-1,1,1,-1,1,-1,-1,-1,1,1,1,-1,-1,-1,1,-1,1,1,1,1,-1,-1,1,1,1,-1,-1,-1,1,1,1,1,1,-1,-1,-1,1,1,1,-1,-1,-1,-1,1,1,1,1,-1,-1,-1,1,1,1,1,-1,-1,1,1,1,1,1,-1,-1,-1,1,1,-1,1,-1,-1,-1,1,1,1,1,-1,-1,1,1,1,1,1,-1,1,1,-1,1,1,-1,-1,-1,1,1,1,-1,1,-1,1,1,1,1,1,1,-1,-1,1,-1,1,-1,1,-1,-1,1,-1,1,-1,-1,-1,-1,1,-1,1,1,-1,1,-1,1,1,1,-1,1,1,-1,1,-1,1,-1,-1,-1,-1,1,1,-1,-1,-1,-1,-1,1,-1,1,-1,-1,-1,-1,-1,-1,-1,1,-1,-1,-1,1,-1,-1,1,-1,-1,-1,-1,-1,1,1,-1,-1,-1,-1,-1,1,-1,-1,-1,1,-1,-1,1,-1,1,-1,-1,-1,-1,-1,-1,-1,1,-1,-1,-1,1,1,1,-1,-1,1,-1,-1,-1,-1,-1,1,-1,-1,1,-1,1,-1,-1,-1,-1,1,-1,1,1,-1,1,-1,-1,1,1,-1,-1,-1,-1,-1,-1,1,1,-1,-1,1,-1,1,1,-1,-1,-1,1,-1,-1,1,-1,-1,1,-1,-1,1,1,1,-1,1,-1,1,1,1,-1,-1,1,-1,-1,1,1,1,-1,1,-1,-1,1,1,-1,1,1,-1,-1,1,1,-1,1,1,-1,-1,1,1,-1,1,1,-1,-1,1,1,1,1,-1,1,-1,1,1,1,-1,1,-1,-1,1,-1,1,1,1,1,-1,-1,1,-1,1,1,1,-1,1,1,1,1,-1,1,-1,1,1,1,1,1,1,1,-1,1,1,1,1,-1,1,-1,1,1,1,1,1,-1,1,1,1,1,-1,1,1,-1,1,1,-1,1,1,-1,-1,1,1,1,1,-1,1,-1,1,1,1,-1,-1,1,-1,1,1,1,-1,1,-1,-1,-1,1,1,-1,-1,1,-1,-1,1,1,-1,-1,1,-1,1,1,1,1,-1,-1,-1,-1,1,1,-1,-1,-1,1,1,1,1,-1,1,1,-1,1,1,-1,-1,1,1,-1,-1,1,1,-1,1,1,1,1,1,-1,-1,-1,-1,-1,-1,-1,-1,-1,-1,1,1,1,1,-1,1,1,-1,1,1,1,1,-1,1,-1,1,1,1,-1,-1,1,-1,1,1,1,-1,-1,1,-1,1,1,1,1,-1,1,-1,1,1,1,-1,-1,1,-1,1,1,1,-1,-1,-1,1,-1,1,1,1,-1,1,-1,1,1,-2672.0,1,2000,445,1500,False
617,1,1,-1,-1,1,1,-1,-1,1,1,1,-1,1,1,1,1,-1,1,-1,-1,1,-1,1,1,1,-1,-1,-1,1,1,1,1,1,-1,-1,-1,1,-1,1,1,-1,-1,-1,1,1,1,1,-1,1,1,1,1,-1,1,-1,-1,1,-1,1,1,-1,-1,-1,-1,1,1,1,1,-1,-1,-1,1,1,1,1,-1,-1,-1,1,1,1,-1,-1,-1,1,1,1,1,-1,-1,-1,1,1,1,1,-1,-1,1,1,-1,1,1,-1,-1,1,1,1,1,1,-1,-1,1,1,1,1,1,-1,-1,1,1,1,1,1,1,-1,1,1,1,-1,1,1,-1,1,1,1,1,1,1,-1,-1,1,1,1,1,1,-1,1,1,1,1,1,1,-1,-1,-1,1,1,1,1,-1,1,1,1,1,-1,1,-1,1,-1,1,1,1,-1,-1,1,1,1,1,1,-1,1,-1,-1,1,-1,1,-1,1,1,1,1,1,1,1,1,1,-1,1,-1,1,-1,1,1,-1,1,-1,1,1,-1,1,-1,1,-1,1,-1,1,1,-1,1,-1,1,1,1,1,-1,-1,1,1,-1,-1,1,-1,1,-1,1,1,-1,1,-1,1,-1,1,-1,1,1,-1,-1,-1,1,1,-1,1,-1,1,1,1,-1,1,1,-1,1,-1,1,-1,1,-1,1,-1,1,1,-1,1,-1,-1,-1,1,1,-1,1,-1,-1,-1,1,1,-1,-1,1,1,-1,-1,1,1,-1,1,1,-1,1,1,1,1,-1,1,-1,1,1,-1,1,-1,1,1,-1,1,1,1,1,1,-1,-1,1,-1,-1,-1,1,1,-1,1,1,1,-1,1,-1,-1,1,1,1,1,1,-1,1,1,1,-1,1,1,-1,1,1,1,-1,1,1,-1,-1,1,1,1,-1,1,-1,1,1,1,-1,1,1,-1,1,1,1,-1,1,-1,-1,1,1,1,-1,1,-1,-1,-1,1,1,-1,1,-1,-1,1,-1,1,-1,1,1,-1,-1,1,1,1,-1,1,-1,-1,1,1,-1,1,-1,-1,-1,-1,-1,-1,1,1,-1,-1,1,1,-1,1,-1,-1,-1,1,1,1,1,-1,-1,1,1,1,-1,1,-1,-1,-1,-1,1,1,-1,1,-1,-1,1,-1,1,-1,-1,-1,1,-1,-1,1,-1,1,-1,-1,1,-1,1,-1,-1,-1,1,1,-1,1,-1,1,-1,-1,1,-1,1,-1,-1,-1,-1,1,-1,-1,1,1,-1,-1,1,-1,1,1,-1,1,-1,1,-1,1,-1,1,-1,-1,1,-1,1,-1,-1,-1,1,1,-1,1,-1,1,-1,1,-1,1,1,-1,1,-1,1,-1,-1,1,-1,-1,-1,1,-1,1,-1,-1,1,-1,1,-1,-1,1,-1,-1,1,-1,1,-1,1,-1,1,-1,1,1,-1,-1,-1,1,-1,1,-1,-1,1,-1,1,1,1,1,-1,-1,1,1,-1,1,1,-1,-1,1,1,1,-1,1,1,-1,1,1,1,1,-1,1,1,-1,-1,-1,1,-1,-1,1,-1,1,-1,1,-1,1,-1,-1,-1,1,1,-1,1,1,-1,-1,-1,1,-1,1,1,-1,1,-1,1,-1,-1,-1,-1,-1,-1,1,-1,-1,-1,-1,-1,-1,1,-1,1,1,1,1,-1,1,-1,1,1,-1,-1,-1,1,-1,-1,1,-1,1,-1,-1,1,1,1,1,-1,-1,1,1,1,1,-1,1,-1,-1,1,1,1,-1,-1,-1,1,1,1,1,-1,-1,-1,1,-1,1,-1,1,-1,-1,-1,1,1,1,-1,-1,-1,-1,1,1,1,1,-1,-1,-1,1,1,1,1,-1,-1,-1,1,1,1,-1,-1,-1,1,1,1,1,1,-1,-1,-1,1,1,1,1,-1,-1,-1,1,1,-1,1,-1,-1,-1,1,1,1,1,-1,-1,1,1,1,1,-1,-1,1,1,-1,1,1,-1,-1,-1,1,1,1,1,1,-1,1,1,1,1,1,-1,-1,-1,1,-1,1,-1,-1,-1,-1,1,-1,1,1,1,-1,-1,1,-1,1,1,-1,1,-1,1,1,1,1,-1,1,-1,1,-1,1,1,-1,-1,-1,1,1,-1,-1,-1,-1,-1,1,-1,1,-1,-1,-1,-1,-1,-1,-1,1,-1,-1,-1,1,-1,-1,1,-1,-1,-1,-1,-1,1,1,-1,-1,-1,-1,-1,1,-1,-1,-1,1,-1,-1,1,-1,1,-1,-1,-1,-1,-1,-1,-1,1,-1,-1,-1,1,1,1,-1,-1,-1,1,-1,-1,-1,-1,1,-1,-1,1,1,1,-1,-1,-1,-1,1,-1,1,1,-1,1,-1,-1,1,1,-1,-1,-1,-1,-1,-1,1,1,-1,-1,1,-1,1,1,-1,-1,-1,1,-1,1,1,-1,-1,1,-1,-1,1,1,1,-1,1,-1,1,1,1,-1,-1,1,-1,-1,1,1,1,-1,1,-1,-1,1,1,-1,1,1,-1,-1,1,1,1,1,1,-1,-1,1,1,1,1,1,-1,-1,1,1,1,1,1,1,-1,1,1,1,1,1,-1,-1,1,-1,1,1,1,1,-1,-1,1,-1,1,1,1,-1,1,1,1,1,-1,1,-1,1,1,1,1,1,1,1,-1,1,1,1,1,-1,1,-1,1,1,1,1,1,-1,1,1,1,1,-1,1,1,-1,1,1,-1,1,1,-1,-1,1,1,1,1,-1,1,-1,1,1,1,-1,-1,1,-1,1,1,1,-1,1,-1,-1,-1,1,1,-1,-1,1,-1,-1,1,1,1,-1,1,-1,1,1,1,1,-1,1,-1,-1,1,1,-1,-1,-1,1,1,1,1,-1,1,1,-1,1,1,-1,-1,1,1,-1,-1,1,1,-1,1,1,1,1,1,-1,-1,-1,-1,1,-1,-1,-1,-1,-1,1,1,1,1,-1,1,1,-1,1,1,1,1,-1,1,-1,1,1,1,1,-1,1,-1,1,1,1,1,-1,1,-1,1,1,1,1,-1,1,-1,1,1,-1,-1,-1,1,-1,1,1,1,-1,-1,-1,1,-1,1,-1,1,-1,1,-1,1,1,-2672.0,1,2000,445,1500,False
618,1,1,-1,-1,1,-1,-1,1,1,1,1,-1,1,1,1,1,-1,1,-1,-1,1,1,1,1,1,-1,1,-1,1,1,1,1,1,-1,-1,1,-1,1,1,1,-1,-1,1,1,1,1,1,-1,1,1,1,1,-1,1,-1,-1,1,-1,1,1,-1,-1,-1,1,1,1,1,1,-1,-1,1,1,1,1,1,-1,-1,-1,1,1,1,-1,-1,-1,1,1,1,1,-1,-1,-1,1,1,1,1,-1,-1,1,1,-1,1,1,-1,-1,1,1,1,1,1,-1,-1,1,1,-1,1,1,-1,-1,1,1,1,1,1,1,-1,1,1,1,-1,1,1,-1,1,1,1,1,1,1,-1,-1,1,1,1,1,1,-1,1,1,1,1,1,1,-1,-1,-1,1,1,1,1,-1,1,1,1,1,-1,1,-1,1,-1,1,1,1,-1,-1,1,1,1,1,1,-1,1,-1,-1,1,-1,1,-1,1,1,1,1,1,1,1,1,1,-1,1,-1,1,-1,1,1,-1,1,-1,1,1,-1,1,-1,1,-1,1,-1,1,1,-1,1,-1,1,1,1,1,-1,-1,1,1,-1,-1,1,-1,1,-1,-1,1,-1,1,-1,1,-1,1,-1,-1,1,-1,-1,-1,1,1,-1,1,-1,1,1,1,-1,1,1,-1,-1,-1,1,-1,1,-1,1,-1,1,1,-1,1,-1,-1,-1,1,1,-1,1,-1,-1,-1,1,1,-1,-1,1,1,-1,-1,1,1,-1,1,1,-1,1,1,1,1,-1,1,-1,1,1,-1,1,-1,1,1,-1,1,1,1,1,1,-1,-1,1,-1,-1,-1,1,1,-1,1,1,1,-1,1,-1,-1,1,1,1,1,1,-1,1,1,1,-1,-1,1,-1,1,1,1,-1,1,1,-1,-1,1,1,1,-1,1,-1,1,1,1,-1,1,1,-1,1,1,1,-1,1,-1,-1,1,1,1,-1,1,-1,-1,-1,1,1,-1,1,-1,-1,1,-1,1,-1,1,1,-1,-1,1,1,1,1,1,-1,-1,1,1,-1,1,-1,1,-1,-1,-1,-1,1,1,-1,-1,1,1,-1,1,1,-1,-1,1,1,1,1,1,-1,1,1,1,-1,1,-1,-1,-1,-1,1,1,1,1,-1,-1,1,1,1,1,-1,-1,1,-1,-1,1,-1,-1,-1,-1,1,-1,1,1,1,-1,1,1,-1,1,-1,1,-1,-1,1,-1,1,1,1,1,-1,1,-1,-1,1,1,-1,-1,1,-1,1,1,1,-1,-1,1,-1,-1,1,1,-1,-1,1,-1,1,1,-1,1,1,1,-1,1,-1,-1,-1,1,-1,-1,1,-1,-1,1,1,-1,-1,1,-1,-1,-1,1,-1,-1,1,-1,-1,-1,1,-1,-1,1,-1,-1,-1,1,1,-1,1,-1,-1,-1,1,1,-1,-1,-1,1,-1,1,-1,-1,1,-1,-1,1,1,1,-1,-1,1,-1,1,1,1,-1,-1,1,-1,-1,-1,1,1,-1,1,-1,1,1,1,1,1,-1,-1,-1,1,-1,-1,-1,1,-1,1,1,-1,1,-1,1,-1,1,1,-1,1,1,1,1,-1,1,-1,1,-1,1,-1,-1,1,-1,-1,1,1,1,-1,1,-1,-1,-1,1,-1,-1,1,-1,1,1,1,1,-1,1,-1,-1,1,1,-1,-1,1,-1,-1,-1,1,-1,-1,-1,1,1,-1,1,-1,-1,1,1,1,1,1,-1,-1,-1,1,1,-1,1,-1,-1,1,1,1,1,-1,1,-1,1,-1,1,1,1,1,-1,-1,1,1,1,-1,-1,-1,1,1,1,1,1,-1,-1,-1,1,1,1,-1,1,-1,-1,1,1,1,1,-1,-1,1,1,1,1,1,-1,-1,-1,1,1,1,1,-1,-1,-1,1,1,-1,1,-1,-1,-1,1,1,1,1,-1,-1,1,1,1,1,-1,-1,1,1,-1,1,1,-1,-1,-1,1,1,1,-1,1,-1,1,1,1,1,1,-1,-1,-1,1,-1,1,-1,-1,-1,-1,1,-1,1,1,1,-1,-1,1,-1,1,1,-1,-1,-1,1,1,1,1,-1,-1,-1,1,-1,1,1,-1,-1,-1,1,1,-1,-1,-1,-1,-1,1,-1,1,-1,-1,-1,-1,-1,-1,-1,1,-1,-1,-1,1,-1,-1,1,-1,-1,-1,-1,-1,-1,1,-1,-1,-1,-1,-1,1,-1,-1,-1,1,-1,-1,1,-1,1,-1,-1,-1,-1,-1,-1,-1,1,-1,-1,-1,1,1,-1,-1,-1,1,-1,-1,-1,-1,-1,1,-1,-1,1,1,1,-1,-1,-1,-1,1,-1,1,1,-1,1,-1,-1,1,1,-1,-1,-1,-1,-1,-1,1,1,-1,-1,1,-1,1,1,-1,-1,-1,1,-1,1,1,-1,-1,1,-1,-1,1,1,1,-1,1,-1,1,1,1,-1,-1,1,-1,-1,1,1,1,-1,1,-1,-1,1,1,-1,1,1,-1,-1,1,1,1,1,1,-1,-1,1,1,1,1,1,-1,-1,1,1,1,1,-1,1,-1,-1,1,1,1,1,-1,-1,1,-1,1,1,1,1,-1,-1,1,-1,1,1,1,-1,1,1,1,1,-1,1,-1,1,1,1,1,1,1,1,-1,1,1,1,1,-1,1,-1,1,1,1,1,1,-1,1,1,1,1,-1,1,1,-1,1,1,-1,1,1,-1,-1,1,1,1,1,-1,1,-1,1,1,1,-1,-1,1,-1,1,1,1,-1,1,-1,-1,-1,1,1,-1,-1,1,-1,-1,1,1,-1,-1,1,-1,-1,1,1,1,-1,1,-1,-1,1,1,-1,-1,-1,1,-1,-1,1,-1,1,1,-1,1,1,-1,-1,1,-1,-1,-1,1,1,-1,1,1,-1,1,1,-1,-1,1,-1,1,-1,-1,-1,-1,1,-1,-1,1,1,-1,1,1,-1,1,1,1,1,-1,1,-1,1,1,1,1,-1,1,-1,-1,1,1,1,-1,1,-1,1,1,1,1,-1,1,-1,1,1,-1,-1,-1,1,-1,-1,1,1,-1,-1,-1,1,-1,1,-1,1,-1,1,-1,-1,1,-2672.0,1,2000,445,0,False
619,1,1,-1,-1,1,1,-1,-1,1,1,1,-1,1,1,1,1,-1,1,-1,-1,1,-1,1,1,1,-1,-1,-1,1,1,1,1,-1,-1,-1,-1,1,1,1,1,-1,-1,-1,1,1,1,1,-1,1,1,1,1,-1,1,-1,-1,1,-1,1,1,1,-1,-1,-1,1,1,1,1,-1,-1,-1,1,1,1,1,-1,-1,-1,1,1,1,-1,-1,-1,1,1,1,1,-1,-1,-1,1,1,1,1,-1,-1,1,1,-1,1,1,-1,-1,1,1,1,1,1,-1,-1,1,1,1,1,1,-1,-1,1,1,1,1,1,1,-1,-1,1,1,-1,1,1,-1,1,1,1,1,1,1,-1,-1,1,1,1,1,1,-1,1,1,1,1,1,1,-1,-1,-1,1,1,1,1,-1,1,1,1,1,-1,1,-1,1,-1,1,1,1,-1,-1,1,1,1,1,1,-1,1,-1,-1,1,-1,1,-1,1,1,1,1,1,1,1,1,1,-1,1,-1,1,-1,1,1,-1,1,-1,1,1,-1,1,-1,1,-1,1,-1,1,1,-1,1,-1,1,1,1,1,-1,-1,1,1,-1,-1,1,-1,1,-1,1,1,-1,1,-1,1,-1,1,-1,1,1,-1,-1,-1,1,1,-1,1,-1,1,1,1,-1,1,1,-1,-1,-1,1,-1,1,-1,1,-1,1,1,-1,1,-1,-1,-1,1,1,-1,1,-1,-1,-1,1,1,-1,-1,1,1,-1,-1,1,1,-1,1,1,-1,1,1,1,-1,-1,1,-1,1,1,-1,1,-1,1,1,-1,1,1,-1,-1,1,-1,-1,1,-1,1,-1,1,1,-1,1,1,1,-1,1,-1,-1,1,1,-1,-1,1,-1,1,1,1,1,-1,1,-1,1,1,1,-1,1,1,-1,-1,1,1,-1,1,1,-1,1,1,1,1,1,1,-1,1,1,1,1,1,-1,-1,1,1,1,1,1,-1,-1,-1,1,1,1,1,-1,-1,1,-1,1,1,1,1,-1,-1,1,1,1,1,1,-1,-1,1,1,1,-1,-1,1,-1,-1,-1,-1,1,1,-1,-1,1,1,-1,1,1,-1,-1,1,1,1,1,1,-1,1,1,1,-1,1,-1,-1,-1,-1,1,1,1,1,-1,-1,1,-1,1,1,-1,-1,-1,-1,-1,1,-1,-1,-1,1,-1,1,-1,1,1,-1,1,1,-1,1,-1,1,-1,-1,1,-1,1,1,1,1,-1,1,-1,-1,1,1,-1,-1,1,-1,1,1,1,-1,-1,1,-1,1,1,1,-1,1,1,-1,1,1,-1,-1,1,1,-1,1,-1,-1,-1,1,-1,1,1,-1,-1,-1,1,-1,-1,1,1,-1,-1,1,-1,-1,1,-1,-1,-1,1,-1,-1,1,1,-1,-1,1,1,-1,-1,1,-1,-1,1,1,-1,-1,1,1,-1,1,-1,-1,-1,1,-1,1,-1,1,-1,-1,1,-1,1,-1,1,-1,-1,1,-1,-1,1,1,1,-1,1,-1,1,-1,-1,-1,1,-1,-1,-1,1,-1,-1,-1,1,1,-1,1,-1,1,-1,1,-1,1,1,-1,1,1,1,-1,-1,1,-1,1,-1,1,1,-1,1,-1,-1,1,1,-1,-1,1,-1,-1,-1,1,-1,-1,1,-1,1,1,1,1,-1,1,-1,-1,1,1,-1,-1,1,-1,-1,-1,1,1,-1,-1,1,1,-1,1,-1,-1,1,1,1,1,1,1,-1,-1,1,1,-1,1,-1,-1,1,1,1,1,-1,-1,-1,1,-1,1,1,1,-1,-1,-1,1,1,1,-1,-1,-1,1,1,1,1,1,-1,-1,-1,1,1,1,-1,-1,-1,-1,1,1,1,1,-1,-1,1,1,1,1,1,-1,-1,-1,1,1,1,1,-1,-1,-1,1,1,-1,1,-1,-1,-1,1,1,1,1,-1,-1,1,1,1,1,1,-1,1,1,-1,1,1,-1,-1,-1,1,1,1,1,1,-1,1,1,1,1,1,1,-1,-1,1,-1,1,-1,1,-1,-1,1,-1,1,-1,-1,-1,-1,1,-1,1,1,-1,-1,-1,1,1,1,-1,1,-1,-1,1,-1,1,-1,-1,-1,-1,1,1,-1,-1,-1,-1,-1,1,-1,1,-1,-1,-1,-1,-1,-1,-1,1,-1,-1,-1,1,-1,-1,1,-1,-1,-1,-1,-1,-1,1,-1,-1,-1,-1,-1,1,-1,-1,-1,1,-1,-1,1,-1,1,-1,-1,-1,-1,-1,-1,-1,1,-1,-1,-1,1,1,1,-1,-1,-1,1,-1,-1,-1,-1,1,-1,-1,1,1,1,-1,-1,-1,-1,1,-1,1,1,-1,1,-1,-1,1,1,-1,-1,-1,-1,-1,-1,1,1,-1,-1,1,-1,1,1,-1,-1,-1,1,-1,-1,1,-1,-1,1,-1,-1,1,1,1,-1,1,-1,1,1,1,-1,-1,1,-1,-1,1,1,1,-1,1,-1,-1,1,1,-1,1,1,-1,-1,1,1,-1,1,1,-1,-1,1,1,-1,1,1,-1,-1,1,1,1,1,1,1,-1,1,1,1,1,1,-1,-1,1,-1,1,1,1,1,-1,-1,1,-1,1,1,1,-1,1,1,1,1,-1,1,-1,1,1,1,1,1,1,-1,-1,1,1,1,1,-1,1,-1,1,1,1,1,-1,1,-1,1,1,1,-1,-1,1,-1,1,1,-1,1,-1,-1,-1,1,1,1,-1,1,-1,-1,1,1,1,-1,-1,-1,-1,1,1,1,-1,-1,1,-1,-1,1,1,-1,1,-1,-1,1,1,1,-1,1,-1,1,-1,1,1,1,1,1,-1,-1,1,1,-1,-1,1,1,-1,1,1,-1,1,-1,-1,-1,1,-1,-1,1,-1,1,-1,1,1,-1,1,1,-1,1,1,-1,-1,-1,-1,1,-1,-1,-1,-1,1,-1,-1,1,1,-1,1,1,-1,1,-1,1,1,-1,1,-1,1,1,1,1,-1,1,-1,-1,-1,1,1,-1,1,-1,1,-1,1,1,-1,1,-1,1,1,-1,-1,-1,1,-1,-1,1,1,-1,-1,-1,1,-1,1,-1,1,-1,1,-1,-1,1,-2672.0,1,2000,445,1500,False
620,1,1,-1,-1,1,-1,-1,-1,1,1,1,-1,1,1,1,1,-1,1,-1,-1,-1,-1,1,1,1,-1,1,-1,1,1,1,1,-1,-1,-1,-1,1,1,1,1,-1,-1,-1,1,1,1,1,-1,1,1,1,1,-1,1,-1,-1,1,-1,1,1,1,-1,-1,-1,1,1,1,1,-1,-1,-1,1,1,1,1,-1,-1,-1,1,1,1,-1,-1,-1,1,1,1,1,-1,-1,-1,1,1,1,1,-1,-1,1,1,-1,1,1,-1,-1,1,1,1,1,1,-1,-1,1,1,1,1,1,-1,-1,1,1,1,1,1,1,-1,-1,1,1,-1,1,1,-1,1,1,1,1,1,1,-1,-1,1,1,1,1,1,-1,1,1,1,1,1,1,-1,-1,-1,1,1,1,1,-1,1,1,1,1,-1,1,-1,1,-1,1,1,1,-1,-1,1,1,1,1,1,-1,1,-1,-1,1,-1,1,-1,1,1,1,1,1,1,1,1,1,-1,1,-1,1,-1,1,1,-1,1,-1,1,1,-1,1,-1,1,-1,1,-1,1,1,-1,1,-1,1,1,1,1,-1,-1,1,1,-1,-1,1,-1,1,-1,1,1,-1,1,-1,1,-1,1,-1,1,1,-1,-1,-1,1,1,-1,1,-1,1,1,1,-1,1,1,-1,-1,-1,1,-1,1,-1,1,-1,1,1,-1,1,-1,-1,-1,1,1,-1,1,-1,-1,-1,1,1,-1,-1,1,1,-1,-1,1,1,-1,1,1,-1,1,1,1,1,-1,1,-1,1,1,-1,1,-1,1,1,-1,1,1,1,1,1,-1,-1,1,-1,-1,-1,1,1,-1,1,1,1,-1,1,-1,-1,1,1,1,1,1,-1,1,1,1,-1,1,1,-1,1,1,1,-1,1,1,-1,-1,1,1,1,-1,1,-1,1,1,1,-1,1,1,-1,1,1,1,-1,1,-1,-1,1,1,1,-1,1,-1,-1,-1,1,1,-1,1,-1,-1,1,-1,1,-1,1,1,-1,-1,1,1,1,-1,1,-1,-1,1,1,-1,1,-1,-1,-1,-1,-1,-1,1,-1,-1,-1,1,1,-1,1,-1,1,-1,1,1,1,1,-1,-1,1,1,1,-1,1,-1,-1,-1,-1,1,1,-1,1,-1,-1,1,-1,1,-1,-1,-1,1,-1,-1,1,-1,1,-1,-1,1,-1,1,-1,-1,-1,1,1,-1,1,-1,1,-1,-1,1,-1,1,-1,-1,-1,-1,1,-1,-1,1,1,-1,-1,1,-1,1,1,-1,1,-1,1,-1,1,-1,1,-1,-1,1,-1,1,-1,-1,-1,1,1,-1,1,-1,1,-1,1,-1,1,1,1,1,-1,1,-1,-1,1,-1,-1,-1,1,-1,1,-1,-1,1,-1,1,-1,-1,1,-1,-1,1,-1,1,-1,1,-1,1,-1,1,1,-1,1,-1,1,-1,1,-1,-1,1,-1,1,1,1,1,-1,-1,1,1,-1,1,1,-1,-1,1,1,1,-1,1,1,-1,1,1,1,1,-1,1,1,-1,-1,-1,1,-1,1,1,-1,1,-1,1,-1,1,-1,-1,-1,1,1,-1,1,1,-1,-1,-1,1,-1,1,1,-1,1,-1,1,-1,-1,-1,-1,-1,-1,1,-1,-1,-1,-1,-1,-1,1,-1,1,1,1,1,-1,1,-1,1,1,-1,-1,-1,1,-1,-1,1,-1,1,-1,-1,1,1,1,1,-1,-1,1,1,1,1,-1,1,-1,-1,1,1,1,-1,-1,-1,1,1,1,1,-1,-1,-1,1,-1,1,-1,1,-1,-1,-1,1,1,1,-1,-1,-1,1,1,1,1,1,-1,-1,-1,1,1,1,1,-1,-1,-1,1,-1,1,-1,-1,-1,1,1,1,1,1,-1,-1,-1,1,1,1,1,-1,-1,-1,1,1,-1,1,-1,-1,-1,1,1,1,1,-1,-1,1,1,1,1,-1,-1,1,1,-1,1,1,-1,-1,-1,1,1,1,1,1,-1,1,1,1,1,1,-1,-1,-1,1,-1,1,-1,-1,-1,-1,1,-1,1,1,1,-1,-1,1,-1,1,1,-1,-1,-1,1,1,1,1,-1,-1,-1,1,-1,1,1,-1,-1,-1,1,1,-1,-1,-1,-1,-1,1,-1,1,-1,-1,-1,-1,-1,-1,-1,1,-1,-1,-1,1,-1,-1,1,-1,-1,-1,-1,-1,1,1,-1,-1,-1,-1,-1,1,-1,-1,-1,1,-1,-1,1,-1,1,-1,-1,-1,-1,-1,-1,-1,1,-1,-1,-1,1,1,-1,-1,-1,-1,1,-1,-1,-1,-1,1,-1,-1,1,1,1,-1,-1,-1,-1,1,-1,1,1,-1,1,-1,-1,1,1,-1,-1,-1,-1,-1,-1,1,1,-1,-1,1,-1,1,1,-1,-1,-1,1,-1,1,1,-1,-1,1,-1,-1,1,1,1,-1,1,-1,1,1,1,-1,-1,1,-1,-1,1,-1,1,-1,1,-1,-1,1,1,-1,1,1,-1,-1,1,1,1,1,1,-1,-1,1,1,-1,1,1,-1,-1,1,1,1,1,1,1,-1,1,1,1,-1,1,-1,-1,1,-1,1,1,1,1,-1,-1,1,-1,1,1,1,-1,1,1,1,1,-1,1,-1,1,1,1,1,1,1,1,-1,-1,1,1,1,-1,1,-1,1,1,1,1,1,-1,1,1,1,1,-1,1,1,-1,-1,1,-1,1,1,-1,-1,1,1,1,1,-1,1,-1,1,1,1,-1,-1,1,-1,1,1,1,-1,1,-1,-1,-1,1,1,-1,-1,1,-1,-1,1,1,1,-1,1,-1,1,1,1,1,-1,1,-1,-1,1,1,-1,-1,-1,1,1,-1,1,-1,1,1,-1,1,1,-1,-1,1,1,-1,-1,1,1,-1,1,1,1,1,1,-1,-1,-1,-1,-1,-1,-1,-1,-1,-1,1,1,1,1,-1,1,1,-1,1,1,1,1,-1,1,-1,1,1,1,1,-1,1,-1,1,1,1,1,-1,1,-1,1,1,1,1,-1,1,-1,1,1,1,-1,-1,1,-1,1,1,1,-1,-1,-1,1,-1,1,1,1,-1,1,-1,1,1,-2672.0,1,2000,445,0,False
621,1,1,-1,-1,1,1,-1,-1,1,1,1,-1,-1,1,1,1,-1,1,-1,-1,1,-1,1,1,1,-1,-1,-1,1,1,1,1,1,-1,-1,-1,1,1,1,1,-1,-1,-1,1,1,1,1,-1,1,1,1,1,-1,1,-1,-1,1,-1,1,1,-1,-1,-1,-1,1,1,1,1,-1,-1,-1,1,1,1,1,-1,-1,-1,1,1,1,-1,-1,-1,1,1,1,1,-1,1,-1,1,1,1,1,-1,-1,1,1,-1,1,1,-1,-1,1,1,1,1,1,-1,-1,1,1,1,1,1,-1,-1,1,1,1,1,1,1,-1,1,1,1,-1,1,1,-1,1,1,1,1,1,1,-1,-1,1,1,1,1,1,-1,1,1,1,1,1,1,-1,-1,-1,1,1,1,1,-1,1,1,1,1,-1,1,-1,1,-1,1,1,1,-1,-1,1,1,1,1,1,-1,1,-1,-1,1,-1,1,-1,1,1,1,1,1,1,1,1,1,-1,1,-1,1,-1,1,1,-1,1,-1,1,1,-1,1,-1,1,-1,1,-1,1,1,-1,1,-1,1,1,1,1,-1,-1,1,1,-1,-1,1,-1,1,-1,-1,1,-1,1,-1,1,-1,1,-1,1,1,-1,1,-1,1,1,-1,1,-1,1,1,1,-1,1,1,-1,1,-1,1,-1,1,-1,1,-1,1,1,-1,1,-1,-1,-1,1,1,-1,1,-1,-1,-1,1,1,-1,-1,1,1,-1,-1,1,1,-1,1,1,-1,1,1,1,1,-1,1,-1,1,1,-1,1,-1,1,1,-1,1,1,1,1,1,-1,-1,1,-1,-1,-1,1,1,-1,1,1,1,-1,1,-1,-1,1,1,1,1,1,-1,1,1,1,-1,1,1,-1,1,1,1,-1,1,1,-1,-1,1,1,1,-1,1,-1,1,1,1,-1,1,1,-1,1,1,1,-1,1,-1,-1,1,1,1,-1,1,-1,-1,-1,1,1,-1,1,-1,-1,1,-1,1,-1,1,1,-1,-1,1,1,1,-1,1,-1,-1,1,1,-1,1,-1,-1,-1,-1,-1,-1,1,1,-1,-1,1,1,-1,1,-1,1,-1,1,1,1,1,-1,-1,1,1,1,-1,1,-1,-1,-1,-1,1,1,-1,1,-1,-1,1,-1,1,-1,-1,-1,1,-1,-1,1,-1,1,-1,-1,1,-1,1,-1,-1,-1,1,1,-1,1,-1,1,-1,-1,1,-1,1,-1,-1,-1,-1,1,-1,-1,1,1,-1,-1,1,-1,1,1,-1,1,-1,1,-1,1,-1,1,-1,-1,1,-1,1,-1,-1,-1,1,1,-1,1,-1,1,-1,1,-1,1,1,1,1,-1,1,-1,-1,1,-1,-1,-1,1,-1,1,-1,-1,1,-1,1,-1,-1,1,-1,-1,1,-1,1,-1,1,-1,1,-1,1,1,-1,-1,-1,1,-1,1,-1,-1,1,-1,1,1,1,1,-1,-1,1,1,-1,1,1,1,-1,1,1,1,-1,1,1,-1,1,1,1,1,1,1,1,-1,-1,-1,1,-1,1,1,-1,1,-1,1,-1,1,-1,-1,-1,1,1,-1,1,1,-1,-1,-1,1,-1,1,1,-1,1,-1,1,-1,-1,-1,-1,-1,-1,1,-1,-1,-1,-1,-1,-1,1,-1,1,1,1,1,-1,1,-1,1,1,-1,-1,-1,1,-1,-1,1,-1,1,-1,-1,1,1,1,1,-1,-1,1,1,1,1,-1,1,-1,-1,1,1,1,-1,-1,-1,-1,1,1,1,-1,-1,-1,1,-1,1,-1,1,1,-1,-1,1,1,1,-1,-1,-1,-1,1,1,1,1,-1,-1,-1,1,1,1,1,-1,-1,-1,1,-1,1,-1,-1,-1,1,1,1,1,1,-1,-1,-1,1,1,1,1,-1,-1,-1,1,1,-1,1,-1,-1,-1,1,1,1,1,-1,-1,1,1,1,1,-1,-1,1,1,-1,1,1,-1,-1,-1,1,1,1,1,1,-1,1,1,1,1,1,-1,-1,-1,1,-1,1,-1,-1,-1,-1,1,-1,1,1,1,-1,-1,1,-1,1,1,-1,-1,-1,1,1,1,1,-1,-1,-1,1,-1,1,1,-1,-1,-1,1,1,-1,-1,-1,-1,-1,1,-1,1,-1,-1,-1,-1,-1,-1,-1,1,-1,-1,-1,1,-1,-1,1,-1,-1,-1,-1,-1,1,1,-1,-1,-1,-1,-1,1,-1,-1,-1,1,-1,-1,1,-1,1,-1,-1,-1,-1,-1,-1,-1,1,-1,-1,-1,1,1,-1,-1,-1,1,-1,-1,-1,-1,-1,1,-1,-1,1,1,1,-1,-1,-1,-1,1,-1,1,1,-1,1,-1,-1,1,1,-1,-1,-1,-1,-1,-1,1,1,-1,-1,1,-1,1,1,-1,-1,-1,1,-1,1,1,-1,-1,1,-1,-1,1,1,1,-1,1,-1,1,1,1,-1,-1,1,-1,-1,1,1,1,-1,1,-1,-1,1,1,-1,1,1,-1,-1,1,1,1,1,1,-1,-1,1,1,1,1,1,-1,-1,1,1,1,1,1,1,-1,1,1,1,-1,1,-1,-1,1,-1,1,1,1,1,-1,-1,1,-1,1,1,1,-1,1,1,1,1,-1,1,-1,1,1,1,1,1,1,1,-1,-1,1,1,1,-1,1,-1,1,1,1,1,1,-1,1,1,1,1,-1,1,1,-1,1,1,-1,1,1,-1,-1,1,1,1,1,-1,1,-1,1,1,1,-1,-1,1,-1,1,1,1,-1,1,-1,-1,-1,1,1,-1,-1,1,-1,-1,1,1,-1,-1,1,-1,1,1,1,1,-1,1,-1,-1,1,1,-1,-1,-1,1,1,1,1,-1,1,1,-1,1,1,-1,-1,1,1,-1,-1,-1,1,-1,1,1,1,1,1,-1,-1,-1,-1,-1,-1,-1,-1,-1,-1,1,1,1,1,-1,1,1,-1,1,1,1,1,-1,1,-1,1,1,1,1,-1,1,-1,1,1,1,1,-1,1,-1,1,1,1,1,-1,1,-1,1,1,-1,-1,-1,1,-1,1,1,1,-1,-1,-1,1,-1,1,-1,1,-1,1,-1,1,1,-2672.0,1,2000,445,1500,False
622,1,1,-1,-1,1,-1,-1,-1,1,1,1,-1,1,1,1,1,-1,1,-1,-1,1,-1,1,1,1,-1,1,-1,1,1,1,1,-1,-1,-1,-1,1,1,1,1,-1,-1,-1,1,1,1,1,-1,1,1,1,1,-1,1,-1,-1,1,-1,1,1,1,-1,-1,-1,1,1,1,1,-1,-1,-1,1,1,1,1,-1,-1,-1,1,1,1,-1,-1,-1,1,1,1,1,-1,1,-1,1,1,1,1,-1,-1,1,1,-1,1,1,-1,-1,1,1,1,1,1,-1,-1,1,1,1,1,1,-1,-1,1,1,1,1,1,1,-1,1,1,1,-1,1,1,-1,1,1,1,1,1,1,-1,-1,1,1,1,1,1,-1,1,1,1,1,1,1,-1,-1,-1,1,1,1,1,-1,1,1,1,1,-1,1,-1,1,-1,1,1,1,-1,-1,1,1,1,1,1,-1,1,-1,-1,1,-1,1,-1,1,1,1,1,1,1,1,1,1,1,1,-1,1,-1,1,1,-1,1,-1,1,1,-1,1,-1,1,-1,1,-1,1,1,-1,1,-1,1,1,1,1,-1,-1,1,1,-1,-1,1,-1,1,-1,1,1,-1,1,-1,1,-1,1,-1,-1,1,-1,-1,-1,1,1,-1,1,-1,1,1,1,-1,1,1,-1,1,-1,1,-1,1,-1,1,-1,1,1,-1,1,-1,-1,-1,1,1,-1,1,-1,-1,-1,1,1,-1,-1,1,1,-1,-1,1,1,-1,1,1,-1,1,1,1,1,-1,1,-1,1,1,-1,1,-1,1,1,1,1,1,1,1,1,-1,-1,1,-1,-1,-1,1,1,-1,1,1,1,-1,1,-1,-1,1,1,1,1,1,-1,1,1,1,-1,1,1,-1,1,1,1,-1,1,1,-1,-1,1,1,1,-1,1,-1,1,1,1,-1,1,1,-1,1,1,1,-1,1,-1,-1,1,1,1,-1,1,-1,-1,-1,1,1,-1,1,-1,-1,1,-1,1,-1,1,1,-1,-1,1,1,1,-1,1,-1,-1,1,1,-1,1,-1,1,-1,-1,-1,-1,1,1,-1,-1,1,1,-1,1,1,-1,-1,1,1,1,1,1,-1,1,1,1,-1,1,-1,-1,-1,-1,1,1,-1,1,-1,-1,1,-1,1,-1,-1,-1,-1,-1,-1,1,-1,-1,-1,1,-1,1,1,-1,1,-1,1,1,-1,1,-1,1,-1,-1,1,-1,1,-1,1,1,-1,1,-1,-1,1,1,-1,-1,1,-1,1,1,1,-1,-1,1,-1,1,-1,1,-1,1,1,-1,-1,-1,-1,-1,1,1,-1,1,-1,-1,-1,1,-1,1,1,-1,-1,1,1,-1,-1,1,-1,-1,-1,1,-1,1,-1,1,-1,-1,1,-1,-1,1,-1,-1,-1,1,1,-1,1,-1,-1,-1,1,1,-1,-1,-1,1,-1,1,-1,-1,1,-1,-1,1,-1,1,-1,-1,1,-1,1,-1,1,-1,-1,1,-1,-1,1,1,1,-1,1,-1,1,-1,1,1,1,-1,-1,-1,1,-1,-1,-1,1,1,-1,1,-1,1,-1,1,-1,1,1,-1,1,1,1,-1,-1,1,-1,1,-1,1,1,-1,1,-1,-1,1,1,-1,-1,1,-1,-1,-1,1,-1,-1,1,-1,1,1,1,1,-1,1,-1,-1,1,1,-1,-1,1,-1,-1,-1,1,1,-1,-1,1,1,-1,-1,-1,-1,1,1,1,1,1,1,-1,-1,1,1,-1,1,-1,-1,1,1,1,1,-1,-1,-1,1,-1,1,1,1,-1,-1,-1,1,1,1,-1,-1,-1,-1,1,1,1,1,-1,-1,-1,1,1,1,-1,-1,-1,-1,1,1,1,1,-1,-1,1,1,1,1,1,-1,-1,-1,1,1,1,-1,-1,-1,-1,1,1,-1,1,-1,-1,-1,1,1,1,1,-1,-1,1,-1,1,1,1,-1,1,1,-1,1,1,-1,-1,-1,1,1,1,-1,1,-1,1,1,1,1,1,1,-1,-1,1,-1,1,-1,1,-1,-1,1,-1,1,1,-1,-1,-1,1,-1,1,1,-1,-1,-1,1,-1,1,-1,1,-1,-1,1,-1,1,-1,-1,-1,-1,1,1,-1,-1,-1,-1,-1,1,-1,1,-1,-1,-1,-1,-1,-1,-1,1,-1,-1,-1,1,-1,-1,1,-1,-1,-1,-1,-1,1,1,-1,-1,-1,-1,-1,1,-1,-1,-1,1,-1,-1,1,-1,1,-1,-1,-1,-1,-1,-1,-1,1,-1,-1,-1,1,1,-1,-1,-1,-1,1,-1,-1,-1,-1,1,-1,-1,1,1,1,-1,-1,-1,-1,1,-1,1,1,-1,1,-1,-1,1,1,-1,-1,-1,-1,-1,-1,1,1,-1,-1,1,-1,1,1,-1,-1,-1,1,-1,-1,1,-1,-1,1,-1,-1,1,1,1,-1,1,-1,1,1,1,-1,-1,1,-1,-1,1,-1,1,-1,1,-1,-1,1,1,-1,1,1,-1,-1,1,1,-1,1,1,-1,-1,1,1,-1,1,1,-1,-1,1,1,1,1,-1,1,-1,1,1,1,1,1,-1,-1,1,-1,1,1,1,1,-1,-1,1,-1,1,1,1,-1,1,1,1,1,-1,1,-1,1,1,1,1,1,1,1,-1,1,1,1,1,-1,1,-1,1,1,1,1,1,-1,1,1,1,1,-1,1,1,-1,1,1,-1,1,1,-1,-1,1,1,1,1,-1,1,-1,1,1,1,-1,-1,1,-1,1,1,1,-1,1,-1,-1,-1,1,1,-1,-1,1,-1,-1,1,1,-1,-1,1,-1,1,1,1,1,-1,1,-1,-1,1,1,-1,-1,-1,1,1,-1,1,-1,1,1,-1,1,1,-1,-1,1,1,-1,-1,-1,1,-1,1,1,1,1,1,-1,-1,-1,-1,-1,-1,-1,-1,-1,-1,1,1,1,1,-1,1,1,-1,1,1,1,1,-1,1,-1,1,1,1,1,-1,1,-1,1,1,1,1,-1,1,-1,1,1,1,1,-1,1,-1,1,1,-1,-1,-1,1,-1,1,1,1,-1,-1,-1,1,-1,1,-1,1,-1,1,-1,1,1,-2672.0,1,2000,445,1500,False
623,1,1,-1,-1,1,-1,-1,-1,1,1,1,-1,1,1,-1,1,-1,1,-1,-1,-1,1,1,1,1,-1,-1,-1,1,1,1,1,1,-1,-1,-1,1,-1,1,-1,-1,-1,-1,1,1,1,1,-1,1,1,1,1,-1,1,-1,-1,1,-1,1,1,1,-1,-1,1,1,1,1,1,-1,-1,1,1,1,1,1,-1,-1,-1,1,1,1,-1,-1,-1,1,1,1,1,-1,-1,1,1,1,1,1,-1,-1,-1,1,-1,1,1,-1,-1,1,1,1,1,1,-1,-1,-1,1,-1,1,1,-1,-1,1,1,1,1,1,1,-1,-1,1,1,-1,1,1,-1,1,1,1,1,1,1,-1,1,1,1,1,1,1,-1,1,1,1,1,1,1,-1,-1,-1,1,1,1,1,-1,1,-1,1,1,-1,1,-1,1,-1,1,1,1,-1,-1,1,1,1,1,1,-1,1,-1,-1,1,-1,1,-1,1,1,1,1,1,1,1,1,1,-1,1,-1,1,-1,1,1,-1,1,-1,1,1,-1,1,-1,1,-1,1,-1,1,1,-1,1,-1,1,1,1,1,-1,-1,1,1,-1,-1,1,-1,1,-1,1,1,-1,1,-1,1,-1,1,-1,-1,1,-1,-1,-1,1,1,-1,1,-1,1,1,1,-1,1,1,-1,1,-1,1,-1,1,-1,1,-1,1,1,-1,1,-1,-1,-1,1,1,-1,1,-1,-1,-1,1,1,-1,-1,1,1,-1,-1,1,1,-1,1,1,-1,1,1,1,1,-1,1,-1,1,1,-1,1,-1,1,1,-1,1,1,1,1,1,-1,-1,1,-1,-1,-1,1,1,-1,1,1,1,-1,1,-1,-1,1,1,1,1,1,-1,1,1,1,-1,1,1,-1,1,1,1,-1,1,1,-1,-1,1,1,1,-1,1,-1,1,1,1,-1,1,1,-1,1,1,1,-1,1,-1,-1,1,1,1,-1,1,-1,-1,-1,1,1,-1,1,-1,-1,1,-1,1,-1,1,1,-1,-1,1,1,1,-1,1,-1,-1,1,1,-1,1,-1,1,-1,-1,-1,-1,1,1,-1,-1,1,1,-1,1,1,-1,-1,1,1,1,1,1,-1,1,1,1,-1,1,-1,-1,-1,-1,1,1,1,1,-1,-1,1,1,1,1,-1,-1,-1,-1,-1,1,-1,-1,-1,1,-1,1,1,-1,1,-1,1,1,-1,1,-1,1,-1,-1,1,-1,1,1,1,1,-1,1,-1,-1,1,1,-1,-1,1,-1,1,1,1,-1,-1,1,-1,-1,1,1,-1,1,1,-1,1,1,-1,-1,1,1,-1,1,-1,-1,-1,1,-1,-1,1,-1,-1,-1,1,-1,-1,1,-1,-1,-1,1,-1,-1,1,-1,-1,-1,1,-1,-1,1,-1,-1,-1,1,1,-1,1,1,-1,-1,1,1,-1,-1,1,1,-1,1,-1,-1,1,1,-1,1,1,1,-1,-1,1,-1,1,-1,1,-1,-1,1,-1,-1,1,1,1,-1,1,-1,1,-1,-1,-1,1,-1,-1,1,1,-1,-1,-1,1,-1,1,1,-1,1,-1,1,-1,1,1,-1,1,1,1,-1,-1,1,-1,1,-1,1,-1,-1,1,-1,-1,1,1,1,-1,1,-1,-1,-1,1,-1,-1,1,-1,1,1,1,1,-1,1,-1,-1,1,1,-1,-1,1,-1,-1,-1,1,1,-1,-1,1,1,-1,-1,-1,-1,1,1,1,1,1,1,-1,-1,1,1,-1,1,-1,-1,1,1,1,1,-1,1,-1,1,-1,1,1,1,1,-1,-1,1,1,1,-1,-1,-1,1,1,1,1,1,-1,-1,-1,1,1,1,-1,-1,-1,-1,1,1,1,1,-1,-1,1,1,1,1,1,-1,-1,-1,1,1,1,1,-1,-1,-1,1,1,-1,1,-1,-1,-1,1,1,1,1,-1,-1,1,1,1,1,1,-1,1,1,-1,1,1,-1,-1,-1,1,1,1,1,1,-1,1,1,1,1,1,1,-1,-1,1,-1,1,-1,1,-1,-1,1,-1,1,-1,-1,-1,-1,1,-1,1,1,-1,1,-1,1,1,1,-1,1,1,-1,1,-1,1,-1,-1,-1,-1,1,1,-1,-1,-1,-1,-1,1,-1,1,-1,-1,-1,-1,-1,-1,-1,1,-1,-1,-1,1,-1,-1,1,-1,-1,-1,-1,-1,1,1,-1,-1,-1,-1,-1,1,-1,-1,-1,1,-1,-1,1,-1,1,-1,-1,-1,-1,-1,-1,-1,1,-1,-1,-1,1,1,-1,-1,-1,-1,1,-1,-1,-1,-1,1,-1,-1,1,1,1,-1,-1,-1,-1,1,-1,1,1,-1,1,-1,-1,1,1,-1,-1,-1,-1,-1,-1,1,1,-1,-1,1,-1,1,1,-1,-1,-1,1,-1,1,1,-1,-1,1,-1,-1,1,1,1,-1,1,-1,1,1,1,-1,-1,1,-1,-1,1,1,1,-1,1,-1,-1,1,1,-1,1,1,-1,-1,1,1,1,1,1,-1,-1,1,1,-1,1,1,-1,-1,1,1,1,1,-1,1,-1,-1,1,1,-1,1,-1,-1,1,-1,1,1,1,1,-1,-1,1,-1,1,1,1,-1,1,1,1,1,-1,1,-1,1,1,1,1,1,1,1,-1,1,1,1,1,-1,1,-1,1,1,1,1,1,-1,1,1,1,1,-1,1,1,-1,1,1,-1,1,1,-1,-1,1,1,1,1,-1,1,-1,1,1,1,-1,-1,1,-1,1,1,1,-1,1,-1,-1,-1,1,1,-1,-1,1,-1,-1,1,1,-1,-1,1,-1,-1,1,1,1,-1,1,-1,-1,1,1,-1,-1,-1,1,-1,-1,1,-1,1,1,-1,1,1,-1,-1,1,1,-1,-1,1,1,-1,1,1,-1,1,1,-1,-1,-1,-1,1,-1,-1,-1,-1,-1,-1,-1,1,1,-1,1,1,-1,1,1,1,1,-1,1,-1,1,1,1,-1,-1,1,-1,-1,-1,1,-1,-1,1,-1,1,1,1,-1,-1,1,-1,1,1,1,1,-1,1,-1,-1,1,1,1,-1,-1,1,-1,1,-1,1,-1,1,-1,-1,1,-2672.0,1,2000,445,1500,False
624,1,1,-1,-1,1,1,-1,-1,1,1,1,-1,1,1,1,1,-1,1,-1,-1,-1,-1,1,1,1,-1,-1,-1,1,1,1,1,1,-1,-1,-1,1,-1,1,1,-1,-1,-1,1,1,1,1,-1,1,1,1,1,-1,1,-1,-1,1,-1,1,1,1,-1,-1,-1,1,1,1,1,-1,-1,-1,1,1,1,1,-1,-1,-1,1,1,1,-1,-1,-1,1,1,1,1,-1,-1,-1,1,1,1,1,-1,-1,1,1,-1,1,1,-1,-1,1,1,1,1,1,-1,-1,1,1,-1,1,1,-1,-1,1,1,1,1,1,1,-1,-1,1,1,-1,1,1,-1,1,1,1,1,1,1,-1,-1,1,1,1,1,1,-1,1,1,1,1,1,1,-1,-1,-1,1,1,1,1,-1,1,1,1,1,-1,1,-1,1,-1,1,1,1,-1,-1,1,1,1,1,1,-1,1,-1,-1,1,-1,1,-1,1,1,1,1,1,1,1,1,1,1,1,-1,1,-1,1,1,-1,1,-1,1,1,-1,1,-1,1,-1,1,-1,1,1,-1,-1,-1,1,1,1,1,-1,-1,1,1,-1,-1,1,-1,1,-1,1,1,-1,1,-1,1,-1,1,-1,1,1,-1,1,-1,1,1,-1,1,-1,1,1,1,-1,1,1,-1,1,-1,1,-1,1,-1,1,-1,1,1,-1,1,-1,-1,-1,1,1,-1,1,-1,-1,-1,1,1,-1,-1,1,1,-1,-1,1,1,-1,1,1,-1,1,1,1,1,-1,1,-1,1,1,-1,1,-1,1,1,1,1,1,1,1,1,-1,-1,1,-1,-1,1,1,1,-1,1,1,1,-1,1,1,1,1,1,1,1,1,-1,1,1,1,-1,1,1,-1,1,1,1,-1,1,1,-1,-1,1,1,1,-1,1,-1,1,1,1,-1,1,1,-1,1,1,1,-1,1,1,-1,1,1,1,-1,1,1,-1,-1,1,1,-1,1,1,-1,1,-1,1,-1,1,1,1,-1,1,1,1,-1,1,1,-1,1,1,-1,1,1,1,-1,-1,-1,-1,1,1,1,-1,1,1,-1,1,1,-1,-1,1,1,1,1,1,-1,1,1,1,-1,1,1,1,-1,-1,1,1,-1,-1,1,-1,1,-1,1,-1,1,1,-1,-1,-1,1,-1,-1,1,-1,1,-1,1,-1,1,1,1,-1,-1,1,-1,-1,1,-1,1,-1,1,-1,1,1,1,1,-1,-1,1,-1,1,1,-1,-1,1,1,1,-1,1,-1,-1,1,-1,-1,1,1,-1,-1,1,-1,1,1,-1,1,-1,1,-1,-1,1,-1,-1,1,1,-1,1,1,-1,-1,-1,1,-1,1,1,1,-1,1,-1,1,-1,1,-1,-1,-1,1,-1,1,1,1,-1,-1,1,-1,-1,1,-1,-1,-1,1,-1,1,1,-1,-1,-1,1,-1,-1,1,-1,-1,-1,-1,1,-1,1,-1,-1,-1,-1,1,-1,-1,1,1,1,-1,1,-1,1,-1,1,1,1,-1,-1,-1,1,-1,-1,-1,1,1,-1,1,-1,1,1,1,-1,1,1,-1,-1,-1,1,-1,-1,1,-1,-1,1,1,1,-1,1,-1,-1,1,1,-1,-1,1,-1,-1,1,1,-1,-1,1,-1,-1,-1,1,1,-1,1,-1,-1,-1,1,-1,-1,1,-1,1,-1,1,1,-1,-1,1,-1,-1,-1,-1,-1,1,1,1,-1,-1,1,-1,-1,1,-1,-1,1,-1,-1,-1,1,-1,-1,1,1,-1,1,1,-1,1,-1,1,-1,-1,1,1,-1,-1,-1,-1,-1,1,-1,-1,1,-1,-1,-1,1,1,-1,-1,-1,-1,-1,1,-1,-1,-1,-1,-1,-1,1,1,-1,-1,-1,-1,1,1,1,-1,-1,-1,-1,-1,1,1,1,-1,-1,-1,-1,1,1,-1,-1,-1,-1,1,1,1,1,1,-1,1,1,1,1,1,1,-1,-1,1,1,1,1,1,-1,1,1,1,1,-1,1,-1,-1,1,-1,1,-1,1,-1,-1,1,-1,1,-1,1,-1,-1,1,-1,1,-1,1,1,-1,1,-1,1,1,1,1,-1,1,-1,1,1,1,-1,-1,1,1,-1,1,1,-1,-1,1,-1,1,-1,1,-1,-1,-1,-1,-1,1,1,-1,-1,1,-1,-1,1,1,-1,-1,-1,-1,-1,-1,1,-1,-1,-1,-1,1,1,-1,-1,1,-1,-1,1,-1,1,-1,-1,-1,-1,-1,1,1,1,-1,-1,-1,1,1,1,-1,-1,-1,1,-1,-1,1,-1,1,-1,-1,1,1,1,-1,-1,-1,-1,1,-1,1,1,-1,1,-1,-1,1,1,-1,-1,-1,-1,-1,-1,1,1,-1,-1,1,-1,1,1,-1,-1,-1,1,-1,1,1,-1,-1,1,-1,-1,1,1,1,-1,1,-1,1,1,1,-1,-1,1,-1,-1,1,1,1,-1,1,-1,-1,1,1,-1,1,1,-1,-1,1,1,-1,1,1,-1,-1,1,1,1,1,1,-1,-1,1,1,1,1,1,1,-1,1,1,1,-1,1,-1,-1,1,-1,1,1,1,1,-1,-1,1,-1,1,1,1,-1,1,1,1,1,-1,1,-1,1,1,1,1,1,1,1,-1,-1,1,1,1,-1,1,-1,1,1,1,1,1,-1,1,1,1,1,-1,1,1,-1,-1,1,-1,1,1,-1,-1,1,1,1,1,-1,1,-1,1,1,1,-1,-1,1,-1,1,1,1,-1,1,-1,-1,-1,1,1,-1,-1,1,-1,-1,1,1,-1,-1,1,-1,1,1,1,1,-1,1,-1,-1,1,1,-1,-1,-1,1,1,1,1,-1,1,1,-1,1,1,-1,-1,1,1,-1,-1,1,1,-1,1,1,1,1,1,-1,-1,-1,-1,1,-1,-1,-1,-1,-1,1,1,1,1,-1,1,1,-1,1,1,1,1,-1,1,-1,1,1,1,1,-1,1,-1,1,1,1,1,-1,1,-1,1,1,1,1,-1,1,-1,1,1,1,-1,-1,1,-1,1,1,1,-1,-1,-1,1,-1,1,1,1,-1,1,-1,1,1,-2672.0,1,2000,445,1500,False
625,1,1,-1,-1,1,-1,-1,-1,1,1,1,-1,1,1,1,1,-1,1,1,-1,1,-1,1,1,1,1,-1,-1,1,1,1,1,-1,-1,-1,-1,1,1,1,1,-1,-1,-1,1,1,1,1,-1,1,1,1,1,-1,1,-1,-1,1,-1,1,1,1,-1,-1,-1,1,1,1,1,-1,-1,-1,1,1,1,1,-1,-1,-1,1,1,1,-1,-1,-1,1,1,1,1,-1,-1,-1,1,1,1,1,-1,-1,1,1,-1,1,1,-1,-1,1,1,1,1,1,-1,-1,1,1,-1,1,1,-1,-1,1,1,1,1,1,1,-1,1,1,1,-1,1,1,-1,1,1,1,1,1,1,-1,-1,1,1,1,1,1,-1,1,1,1,1,1,1,-1,-1,-1,1,1,1,1,-1,1,1,1,1,-1,1,-1,1,-1,1,1,1,-1,-1,1,1,1,1,1,-1,1,-1,-1,1,-1,1,-1,1,1,1,1,1,1,1,1,1,-1,1,-1,1,-1,1,1,-1,1,-1,1,1,-1,1,-1,1,-1,1,-1,1,1,-1,1,-1,1,1,1,1,-1,-1,1,1,-1,-1,1,-1,1,-1,-1,1,-1,1,-1,1,-1,1,-1,1,1,-1,-1,-1,1,1,-1,1,-1,1,1,1,-1,1,1,-1,1,-1,1,-1,1,-1,1,-1,1,1,-1,1,-1,-1,-1,1,1,-1,1,-1,-1,-1,1,1,-1,-1,1,1,-1,-1,1,1,-1,1,1,-1,1,1,1,1,-1,1,-1,1,1,-1,1,-1,1,1,-1,1,1,1,1,1,-1,-1,1,-1,-1,-1,1,1,-1,1,1,1,-1,1,-1,-1,1,1,1,1,1,-1,1,1,1,-1,1,1,-1,1,1,1,-1,1,1,-1,-1,1,1,1,-1,1,-1,1,1,1,-1,1,1,-1,1,1,1,-1,1,-1,-1,1,1,1,-1,1,-1,-1,-1,1,1,-1,1,-1,-1,1,-1,1,-1,1,1,-1,-1,1,1,1,-1,1,-1,-1,1,1,-1,1,-1,-1,-1,-1,-1,-1,1,1,-1,-1,1,1,-1,1,-1,-1,-1,1,1,1,1,-1,-1,1,1,1,-1,1,-1,-1,-1,-1,1,1,-1,1,-1,-1,1,-1,1,-1,-1,-1,1,-1,-1,1,-1,1,-1,-1,1,-1,1,-1,-1,-1,1,1,-1,1,-1,1,-1,-1,1,-1,1,-1,-1,-1,-1,1,-1,-1,1,1,-1,-1,1,-1,1,1,-1,1,-1,1,-1,1,-1,1,-1,-1,1,-1,1,-1,-1,-1,1,1,-1,1,-1,1,-1,1,-1,1,1,-1,1,-1,1,-1,-1,1,-1,-1,-1,1,-1,1,-1,1,1,-1,1,-1,-1,1,-1,-1,1,-1,1,-1,1,-1,1,-1,1,1,-1,1,-1,1,-1,1,-1,-1,1,-1,1,1,1,1,-1,-1,1,1,-1,1,1,-1,-1,1,1,1,-1,1,1,-1,1,1,1,1,-1,1,1,-1,-1,-1,1,-1,-1,1,-1,1,-1,1,-1,1,-1,-1,-1,1,1,-1,1,1,-1,-1,-1,1,-1,1,1,-1,1,-1,1,-1,-1,-1,-1,-1,-1,1,-1,-1,-1,-1,-1,-1,1,-1,1,1,1,1,-1,1,-1,1,1,-1,-1,-1,1,-1,-1,1,-1,1,-1,-1,1,1,1,1,-1,-1,1,1,1,1,-1,1,-1,-1,1,1,1,-1,-1,-1,1,1,1,1,-1,1,-1,1,-1,1,-1,1,1,-1,-1,1,1,1,-1,-1,-1,-1,1,1,1,1,-1,-1,-1,1,1,1,1,-1,-1,-1,1,1,1,-1,-1,-1,1,1,1,1,1,-1,-1,-1,1,1,1,1,-1,-1,-1,1,1,-1,1,-1,-1,-1,1,1,1,1,-1,-1,1,1,1,1,-1,-1,1,1,-1,1,1,-1,-1,-1,1,1,1,1,1,-1,1,1,1,1,1,-1,-1,-1,1,-1,1,-1,-1,-1,-1,1,-1,1,1,-1,-1,-1,1,-1,1,1,-1,-1,-1,1,1,1,1,-1,-1,-1,1,-1,1,1,-1,-1,-1,1,1,-1,-1,-1,-1,-1,1,-1,1,-1,-1,-1,-1,-1,-1,-1,1,-1,-1,-1,1,-1,-1,1,-1,-1,-1,-1,-1,1,1,-1,-1,-1,-1,-1,1,-1,-1,-1,1,-1,-1,1,-1,1,-1,-1,-1,-1,-1,-1,-1,1,-1,-1,-1,1,1,1,-1,-1,1,-1,-1,-1,-1,-1,1,-1,-1,1,1,1,-1,-1,-1,-1,1,-1,1,1,-1,1,-1,-1,1,1,-1,-1,-1,-1,-1,-1,1,1,-1,-1,1,-1,1,1,-1,-1,-1,1,-1,1,1,-1,-1,1,-1,-1,1,1,1,-1,1,-1,1,1,1,-1,-1,1,-1,-1,1,-1,1,-1,1,-1,-1,1,1,-1,1,1,-1,-1,1,1,-1,1,1,-1,-1,1,1,-1,1,1,-1,-1,1,1,1,1,1,1,-1,1,1,-1,1,1,-1,-1,1,-1,1,1,1,1,-1,-1,1,-1,1,1,1,-1,1,1,1,1,-1,1,-1,1,1,1,1,1,1,1,-1,-1,1,1,1,-1,1,-1,1,1,1,1,1,-1,1,1,1,1,-1,1,1,-1,1,1,-1,1,1,-1,-1,1,1,1,1,-1,1,-1,1,1,1,-1,-1,1,-1,1,1,1,-1,1,-1,-1,-1,1,1,-1,-1,1,-1,-1,1,1,1,-1,1,-1,1,1,1,1,-1,1,-1,-1,1,1,-1,-1,-1,1,1,-1,1,-1,1,1,-1,1,1,-1,-1,1,1,-1,-1,1,1,-1,1,1,1,1,1,-1,-1,-1,-1,-1,-1,-1,-1,-1,-1,1,1,1,1,-1,1,1,-1,1,1,1,1,-1,1,-1,1,1,1,1,-1,1,-1,1,1,1,1,-1,1,-1,1,1,1,1,-1,1,-1,1,1,-1,-1,-1,1,-1,1,1,1,-1,-1,-1,1,-1,1,-1,1,-1,1,-1,1,1,-2672.0,1,2000,445,0,False
626,1,1,-1,-1,1,1,-1,-1,1,1,1,-1,-1,1,1,1,-1,1,-1,-1,-1,-1,1,1,1,-1,-1,-1,1,1,1,1,1,-1,-1,-1,1,-1,1,1,-1,-1,-1,1,1,1,1,-1,1,1,1,1,-1,1,-1,-1,1,-1,1,1,1,-1,-1,-1,1,1,1,1,-1,-1,-1,1,1,1,1,-1,-1,-1,1,1,1,-1,-1,-1,1,1,1,1,-1,-1,-1,1,1,1,1,-1,-1,1,1,-1,1,1,-1,-1,1,1,1,1,1,-1,-1,1,1,1,1,1,-1,-1,1,1,1,1,1,1,-1,1,1,1,-1,1,1,-1,1,1,1,1,1,1,-1,-1,1,1,1,1,1,-1,1,1,1,1,1,1,-1,-1,-1,1,1,1,1,-1,1,1,1,1,-1,1,-1,1,1,1,1,1,-1,-1,1,1,1,1,1,-1,1,-1,-1,1,-1,1,-1,1,1,1,1,1,1,1,1,1,-1,1,-1,1,-1,1,1,-1,1,-1,1,1,-1,1,-1,1,-1,1,-1,1,1,-1,1,-1,1,1,1,1,-1,-1,1,1,-1,-1,1,-1,1,-1,1,1,-1,1,-1,1,-1,1,-1,-1,1,-1,-1,-1,1,1,-1,1,-1,1,1,1,-1,1,1,-1,1,-1,1,-1,1,-1,1,-1,1,1,-1,1,-1,-1,-1,1,1,-1,1,-1,-1,-1,1,1,-1,-1,1,1,-1,-1,1,1,-1,1,1,-1,1,1,1,1,-1,1,-1,1,1,-1,1,-1,1,1,1,1,1,1,1,1,-1,-1,1,-1,-1,-1,1,1,-1,1,1,1,-1,1,1,1,1,1,1,1,1,-1,1,1,1,-1,1,1,-1,1,1,1,-1,1,1,-1,-1,1,1,1,-1,1,-1,1,1,1,-1,1,1,-1,1,1,1,-1,1,1,-1,1,1,1,-1,1,1,1,-1,1,1,-1,1,1,-1,1,-1,1,-1,1,1,1,-1,1,1,1,-1,1,1,-1,1,1,-1,1,1,1,-1,-1,-1,-1,1,1,1,-1,1,1,-1,1,1,-1,-1,1,1,1,1,1,-1,1,1,1,-1,1,1,1,-1,-1,1,1,-1,-1,1,-1,1,-1,1,-1,1,1,-1,-1,-1,1,-1,-1,1,-1,1,-1,1,-1,1,1,1,-1,-1,1,-1,-1,1,-1,1,-1,1,-1,-1,1,1,1,-1,-1,1,-1,1,1,-1,-1,1,1,1,-1,1,-1,-1,1,-1,-1,1,1,-1,-1,1,-1,1,1,-1,1,-1,1,-1,-1,1,-1,-1,1,1,-1,1,1,-1,-1,-1,1,-1,1,1,1,-1,1,-1,-1,-1,1,-1,-1,-1,1,-1,1,1,1,-1,-1,1,-1,-1,1,-1,-1,-1,1,-1,1,1,-1,-1,-1,1,-1,-1,1,-1,-1,-1,-1,1,-1,1,-1,-1,-1,-1,1,-1,-1,1,1,1,-1,1,-1,1,1,1,1,1,-1,-1,-1,1,-1,-1,1,1,1,-1,1,-1,1,1,1,-1,1,1,-1,-1,-1,1,-1,1,1,-1,-1,1,1,1,-1,1,-1,-1,1,1,-1,-1,1,-1,-1,1,1,-1,-1,1,-1,-1,-1,1,1,-1,1,1,-1,-1,1,-1,-1,1,-1,1,-1,1,1,-1,-1,1,-1,-1,-1,-1,-1,-1,1,1,-1,-1,1,-1,1,1,-1,-1,1,-1,-1,1,1,-1,-1,1,-1,-1,1,1,-1,1,-1,1,-1,-1,1,1,-1,-1,-1,-1,-1,1,-1,-1,1,-1,-1,-1,1,1,-1,-1,-1,-1,-1,1,-1,-1,-1,-1,-1,1,1,1,-1,-1,-1,-1,-1,1,1,-1,-1,-1,-1,-1,1,1,1,-1,-1,-1,-1,1,1,-1,-1,-1,-1,1,1,1,1,1,-1,1,1,1,1,1,1,-1,-1,1,1,1,-1,-1,-1,1,1,1,1,-1,1,-1,-1,1,-1,1,-1,1,-1,-1,1,-1,1,-1,1,-1,-1,1,-1,1,-1,1,1,-1,1,-1,1,1,1,1,-1,1,-1,1,1,1,-1,-1,1,1,-1,1,1,-1,-1,1,-1,1,-1,1,-1,-1,-1,-1,-1,1,1,-1,-1,1,-1,-1,1,1,-1,-1,-1,-1,1,-1,1,-1,-1,-1,-1,1,1,-1,-1,1,-1,-1,1,-1,1,-1,-1,-1,-1,-1,1,1,1,-1,-1,-1,1,1,1,-1,-1,-1,1,-1,-1,1,-1,1,-1,-1,1,1,1,-1,-1,-1,-1,1,-1,1,1,-1,1,-1,-1,1,1,-1,-1,-1,-1,-1,-1,1,1,-1,-1,1,-1,1,1,-1,-1,-1,1,-1,1,1,-1,-1,1,-1,-1,1,1,1,-1,1,-1,1,1,1,-1,-1,1,-1,-1,1,-1,1,-1,1,-1,-1,1,1,-1,1,1,-1,-1,1,1,1,1,1,-1,-1,1,1,1,1,1,-1,-1,1,1,1,1,-1,1,-1,1,1,1,-1,1,-1,-1,1,-1,1,1,1,1,-1,-1,1,-1,1,1,1,-1,1,1,1,1,-1,1,-1,1,1,1,1,1,1,1,-1,-1,1,1,1,-1,1,-1,1,1,1,1,1,-1,1,1,1,1,-1,1,1,-1,1,1,-1,1,1,-1,-1,-1,1,1,1,-1,1,-1,1,1,1,-1,-1,1,-1,1,1,1,-1,1,-1,-1,-1,1,1,-1,-1,1,-1,-1,1,1,-1,-1,1,-1,1,1,1,1,-1,1,-1,-1,1,1,-1,-1,-1,1,1,1,1,-1,1,1,-1,1,1,-1,-1,1,1,-1,-1,1,1,-1,1,1,1,1,1,-1,-1,-1,-1,-1,-1,-1,-1,-1,-1,1,1,1,1,-1,1,1,-1,1,1,1,1,-1,1,-1,1,1,1,1,-1,1,-1,1,1,1,1,-1,1,-1,1,1,1,1,-1,1,-1,1,1,1,-1,-1,1,-1,1,1,1,-1,-1,-1,1,-1,1,1,1,-1,1,-1,1,1,-2672.0,1,2000,445,1500,False
627,1,1,-1,-1,1,1,-1,-1,1,1,1,-1,1,1,1,1,-1,1,-1,-1,-1,-1,1,1,1,-1,1,-1,1,1,1,1,-1,-1,-1,-1,1,1,1,1,-1,-1,-1,1,1,1,1,-1,1,1,1,1,-1,1,-1,-1,1,-1,1,1,1,-1,-1,-1,1,1,1,1,-1,-1,-1,1,1,1,1,-1,-1,-1,1,1,1,-1,-1,-1,1,1,1,1,-1,-1,-1,1,1,1,1,-1,-1,1,1,-1,1,1,-1,-1,1,1,1,1,1,-1,-1,1,1,1,1,1,-1,-1,1,1,1,1,1,1,-1,-1,1,1,-1,1,1,-1,1,1,1,1,1,1,-1,-1,1,1,1,1,1,-1,1,1,1,1,1,1,-1,-1,-1,1,1,1,1,-1,1,1,1,1,-1,1,-1,1,-1,1,1,1,-1,-1,1,1,1,1,1,-1,1,-1,-1,1,-1,1,-1,1,1,1,1,1,1,1,1,1,1,1,-1,1,-1,1,1,-1,1,-1,1,1,-1,1,-1,1,-1,1,-1,1,1,-1,1,-1,1,1,1,1,-1,-1,1,1,-1,-1,1,-1,1,-1,-1,1,-1,1,-1,1,-1,1,-1,1,1,-1,-1,-1,1,1,-1,1,-1,1,1,1,-1,1,1,-1,1,-1,1,-1,1,-1,1,-1,1,1,-1,1,-1,-1,-1,1,1,-1,1,-1,-1,-1,1,1,-1,-1,1,1,-1,-1,1,1,-1,1,1,-1,1,1,1,1,-1,1,-1,1,1,-1,1,-1,1,1,-1,1,1,1,1,1,-1,-1,1,-1,-1,-1,1,1,-1,1,1,1,-1,1,-1,-1,1,1,1,1,1,-1,1,1,1,-1,1,1,-1,1,1,1,-1,1,1,-1,-1,1,1,1,-1,1,-1,1,1,1,-1,1,1,-1,1,1,1,-1,1,-1,-1,1,1,1,-1,1,-1,-1,-1,1,1,-1,1,-1,-1,1,-1,1,-1,1,1,-1,-1,1,1,1,-1,1,-1,-1,1,1,-1,1,-1,1,-1,-1,-1,-1,1,1,-1,-1,1,1,-1,1,1,-1,-1,1,1,1,1,1,-1,1,1,1,-1,1,-1,-1,-1,-1,1,1,-1,1,-1,-1,1,1,1,-1,-1,-1,-1,-1,-1,1,-1,-1,-1,1,-1,1,1,-1,1,1,1,1,-1,1,-1,1,-1,-1,1,-1,1,-1,1,1,-1,1,-1,-1,1,1,-1,-1,1,-1,1,1,1,-1,-1,1,-1,-1,1,1,-1,1,1,-1,1,1,-1,-1,1,1,-1,1,-1,-1,-1,1,-1,-1,1,-1,-1,-1,1,-1,-1,1,1,-1,-1,1,-1,-1,1,-1,-1,-1,1,-1,-1,1,1,-1,-1,-1,1,-1,1,1,-1,-1,1,1,-1,-1,1,1,-1,1,-1,-1,1,1,-1,1,-1,1,-1,-1,1,-1,1,-1,1,1,-1,1,-1,-1,1,1,1,-1,1,-1,1,-1,-1,-1,1,-1,-1,-1,1,-1,-1,-1,1,1,-1,1,-1,1,-1,1,-1,1,1,-1,1,1,1,-1,-1,1,-1,1,-1,1,1,-1,1,-1,-1,1,1,-1,-1,1,-1,-1,-1,1,-1,-1,1,-1,1,1,1,1,-1,1,-1,-1,1,1,-1,-1,1,-1,-1,-1,1,1,-1,-1,1,1,-1,-1,-1,-1,1,1,1,-1,1,1,-1,-1,1,1,-1,1,-1,-1,1,1,1,1,-1,-1,-1,1,-1,1,1,1,-1,-1,-1,1,1,1,-1,-1,-1,-1,1,1,1,1,-1,-1,-1,1,1,1,-1,-1,-1,-1,1,1,1,1,-1,-1,1,1,1,1,1,-1,-1,-1,1,1,1,1,-1,-1,-1,1,1,-1,1,-1,-1,-1,1,1,1,1,-1,-1,1,1,1,1,1,-1,1,1,-1,1,1,-1,-1,-1,1,1,1,1,1,-1,1,1,1,1,1,1,-1,-1,1,-1,1,-1,1,-1,-1,1,-1,1,1,-1,-1,-1,1,-1,1,1,-1,-1,-1,1,1,1,-1,1,-1,-1,1,-1,1,-1,-1,-1,-1,1,1,-1,-1,-1,-1,-1,1,-1,1,-1,-1,-1,-1,-1,-1,-1,1,-1,-1,-1,1,-1,-1,1,-1,-1,-1,-1,-1,-1,1,-1,-1,-1,-1,-1,1,-1,-1,-1,1,-1,-1,1,-1,1,-1,-1,-1,-1,-1,-1,-1,1,-1,-1,-1,1,1,-1,-1,-1,1,1,-1,-1,-1,-1,1,-1,-1,1,-1,1,-1,-1,-1,-1,1,-1,1,1,-1,1,-1,-1,1,1,-1,-1,-1,-1,-1,-1,1,1,-1,-1,1,-1,1,1,-1,-1,-1,1,-1,1,1,-1,-1,1,-1,-1,1,1,1,-1,1,-1,1,1,1,-1,-1,1,-1,-1,1,1,1,-1,1,-1,-1,1,1,-1,1,1,-1,-1,1,1,-1,1,1,-1,-1,1,1,-1,1,1,-1,-1,1,1,1,1,1,1,-1,-1,1,1,-1,1,-1,-1,1,-1,1,1,1,1,-1,-1,1,-1,1,1,1,-1,1,1,1,1,-1,1,-1,1,1,1,1,1,1,1,-1,1,1,1,1,-1,1,-1,1,1,1,1,1,-1,1,1,1,1,-1,1,1,-1,1,1,-1,1,1,-1,-1,1,1,1,1,-1,1,-1,1,1,1,-1,-1,1,-1,1,1,1,-1,1,-1,-1,-1,1,1,-1,-1,1,-1,-1,1,1,1,-1,1,-1,-1,-1,1,1,-1,1,-1,-1,1,1,-1,-1,-1,1,-1,-1,1,-1,1,1,-1,-1,1,-1,-1,1,1,1,-1,1,1,-1,1,1,-1,1,1,-1,-1,-1,-1,1,-1,-1,-1,-1,-1,1,-1,1,1,-1,1,1,-1,1,-1,1,1,-1,1,-1,1,1,1,1,-1,1,-1,1,-1,1,1,-1,1,-1,1,-1,1,1,-1,1,-1,1,1,1,-1,-1,1,-1,1,1,1,-1,-1,-1,1,-1,1,-1,1,-1,1,-1,1,1,-2672.0,1,2000,445,1500,False
628,1,1,-1,-1,1,-1,-1,-1,1,1,1,-1,1,1,1,1,-1,1,-1,-1,-1,-1,1,1,1,-1,1,-1,1,1,1,1,1,-1,-1,-1,1,-1,1,1,-1,-1,-1,1,1,1,1,-1,1,1,1,1,-1,1,-1,-1,1,-1,1,1,1,-1,-1,-1,1,1,1,1,-1,-1,-1,1,1,1,1,-1,-1,-1,1,1,1,-1,-1,-1,1,1,1,1,-1,-1,-1,1,1,1,1,-1,-1,1,1,-1,1,1,-1,-1,1,1,1,1,1,-1,-1,1,1,1,1,1,-1,-1,1,1,1,1,1,1,-1,1,1,1,-1,1,1,-1,1,1,1,1,1,1,-1,-1,1,1,1,1,1,-1,1,1,1,1,1,1,-1,-1,-1,1,1,1,1,-1,1,1,1,1,-1,1,-1,1,-1,1,1,1,-1,-1,1,1,1,1,1,-1,1,-1,-1,1,-1,1,-1,1,1,1,1,1,1,1,1,1,-1,1,-1,1,-1,1,1,-1,1,-1,1,1,-1,1,-1,1,-1,1,-1,1,1,-1,1,-1,1,1,1,1,-1,-1,1,1,-1,-1,1,-1,1,-1,-1,1,-1,1,-1,1,-1,1,-1,1,1,-1,1,-1,1,1,-1,1,-1,1,1,1,-1,1,1,-1,-1,-1,1,-1,1,-1,1,-1,1,1,-1,1,-1,-1,-1,1,1,-1,1,-1,-1,-1,1,1,-1,-1,1,1,-1,-1,1,1,-1,1,1,-1,1,1,1,-1,-1,1,-1,1,1,-1,1,-1,1,-1,1,1,1,-1,-1,1,-1,-1,1,-1,1,-1,1,1,-1,1,1,1,-1,1,1,1,1,1,-1,-1,1,-1,1,1,1,1,-1,1,-1,1,1,1,-1,1,1,-1,-1,1,1,-1,-1,1,-1,1,1,1,1,1,1,-1,1,1,1,1,1,1,-1,1,1,1,1,1,1,-1,-1,1,1,1,1,1,-1,1,-1,1,-1,1,1,1,-1,1,1,1,1,1,1,-1,1,1,1,-1,-1,1,-1,-1,-1,-1,1,1,1,-1,1,1,-1,1,1,-1,-1,1,1,1,1,1,-1,1,1,1,-1,1,1,1,1,-1,1,1,1,-1,1,-1,1,-1,1,1,1,1,-1,-1,-1,1,-1,-1,1,-1,1,-1,1,1,1,1,1,1,-1,1,-1,-1,1,-1,1,-1,1,-1,-1,1,1,1,-1,-1,1,-1,1,1,-1,-1,1,1,1,-1,1,1,-1,1,-1,-1,1,1,-1,-1,1,-1,1,1,-1,1,-1,1,-1,1,1,-1,-1,1,1,1,1,1,-1,-1,-1,1,-1,1,1,1,-1,1,-1,-1,-1,1,-1,-1,-1,1,-1,1,1,-1,1,-1,-1,-1,-1,1,-1,-1,-1,-1,-1,1,1,-1,-1,-1,1,-1,-1,1,-1,-1,-1,-1,1,-1,1,-1,-1,-1,-1,1,-1,-1,1,1,1,-1,1,-1,1,-1,1,-1,1,-1,-1,-1,1,-1,-1,1,1,1,-1,1,-1,1,1,1,-1,1,1,-1,1,-1,1,-1,-1,1,-1,-1,1,1,1,-1,1,-1,-1,1,1,-1,-1,1,-1,-1,1,1,-1,-1,1,-1,-1,-1,1,1,-1,1,1,-1,-1,1,-1,-1,1,-1,1,-1,1,1,-1,-1,1,-1,-1,-1,-1,-1,1,1,1,-1,-1,1,-1,-1,1,-1,-1,1,-1,-1,-1,1,-1,-1,1,-1,-1,1,1,-1,1,-1,-1,-1,-1,1,1,-1,-1,-1,-1,1,1,-1,-1,1,-1,-1,-1,1,1,-1,-1,-1,-1,-1,1,-1,-1,-1,-1,-1,1,1,1,-1,-1,-1,-1,-1,1,1,-1,-1,-1,-1,-1,1,1,1,-1,-1,-1,-1,1,1,-1,-1,-1,-1,1,1,1,1,1,-1,1,1,1,1,1,1,-1,-1,1,1,1,1,-1,-1,1,1,1,1,-1,1,-1,-1,1,-1,1,-1,1,-1,-1,1,-1,1,1,1,-1,-1,1,-1,1,-1,1,1,-1,1,-1,1,1,1,1,-1,1,-1,1,1,1,-1,-1,1,1,-1,1,1,-1,-1,1,-1,1,-1,1,-1,-1,-1,-1,-1,1,1,-1,-1,1,-1,-1,1,1,-1,-1,-1,-1,1,-1,1,-1,-1,-1,-1,1,-1,-1,-1,1,-1,-1,1,-1,1,-1,-1,-1,-1,-1,-1,1,1,-1,-1,-1,1,1,1,-1,-1,1,-1,-1,-1,1,-1,1,-1,-1,1,1,1,-1,-1,-1,-1,1,-1,1,1,-1,1,-1,-1,1,1,-1,-1,-1,-1,-1,-1,1,1,-1,-1,1,-1,1,1,-1,-1,-1,1,-1,1,1,-1,-1,1,-1,-1,1,1,1,-1,1,-1,1,1,1,-1,-1,1,-1,-1,1,1,1,-1,1,-1,-1,1,1,-1,1,1,-1,-1,1,1,-1,1,1,-1,-1,1,1,1,1,1,-1,-1,1,1,1,1,1,1,-1,1,1,1,1,1,-1,-1,1,-1,1,1,1,1,-1,-1,1,-1,1,1,1,-1,1,1,1,1,-1,1,-1,1,1,1,1,1,1,-1,-1,1,1,1,1,-1,1,-1,1,1,1,1,-1,1,-1,1,1,1,-1,-1,1,-1,1,1,-1,1,-1,-1,-1,1,1,1,-1,1,-1,-1,1,1,1,-1,-1,-1,-1,1,1,1,-1,1,-1,-1,-1,1,1,-1,1,-1,-1,-1,1,1,-1,1,-1,-1,1,1,1,1,1,1,-1,-1,1,1,-1,-1,1,1,1,-1,1,-1,1,-1,-1,1,1,-1,-1,1,-1,-1,-1,1,1,-1,1,1,1,1,1,-1,-1,-1,-1,-1,-1,-1,-1,-1,1,-1,1,1,1,-1,1,1,-1,1,1,1,1,-1,1,-1,1,1,1,1,-1,1,-1,1,1,1,1,-1,1,-1,1,1,1,1,-1,1,-1,1,1,1,-1,-1,1,-1,-1,1,1,-1,-1,-1,1,-1,1,-1,1,-1,1,-1,-1,1,-2672.0,1,2000,445,1500,False
629,1,1,-1,-1,1,1,-1,-1,1,1,1,-1,-1,1,1,1,-1,1,-1,-1,-1,-1,1,1,1,1,-1,-1,1,1,1,1,-1,-1,-1,-1,1,-1,1,1,-1,-1,-1,1,1,1,1,-1,1,1,1,1,-1,1,-1,-1,1,-1,1,1,1,-1,-1,-1,1,1,1,1,-1,-1,-1,1,1,1,1,-1,-1,-1,1,1,1,-1,-1,-1,1,1,1,1,-1,-1,-1,1,1,1,1,-1,-1,1,1,-1,1,1,-1,-1,1,1,1,1,1,-1,-1,1,1,1,1,1,-1,-1,1,1,1,1,1,1,-1,1,1,1,-1,1,1,-1,1,1,1,1,1,1,-1,-1,1,1,1,1,1,-1,1,1,1,1,1,1,-1,-1,-1,1,1,1,1,-1,1,1,1,1,-1,1,-1,1,-1,1,1,1,-1,-1,1,1,1,1,1,-1,1,-1,-1,1,-1,1,-1,1,1,1,1,1,1,1,1,1,-1,1,-1,1,-1,1,1,-1,1,-1,1,1,-1,1,-1,1,-1,1,-1,1,1,-1,1,-1,1,1,1,1,-1,-1,1,1,-1,-1,1,-1,1,-1,1,1,-1,1,-1,1,-1,1,-1,1,1,-1,-1,-1,1,1,-1,1,-1,1,1,1,-1,1,1,-1,1,-1,1,-1,1,-1,1,-1,1,1,-1,1,-1,-1,-1,1,1,-1,1,-1,-1,-1,1,1,-1,-1,1,1,-1,-1,1,1,-1,1,1,-1,1,1,1,1,-1,1,-1,1,1,-1,1,-1,1,-1,1,1,1,1,1,1,-1,-1,1,-1,-1,1,1,1,-1,1,1,1,-1,1,1,1,1,1,1,1,1,-1,1,1,1,-1,1,1,-1,1,1,1,-1,1,1,-1,-1,1,1,1,-1,1,-1,1,1,1,-1,1,1,-1,1,1,1,-1,1,1,-1,1,1,1,-1,1,1,-1,-1,1,1,-1,1,1,-1,1,-1,1,-1,1,1,1,-1,1,1,1,-1,1,1,-1,1,1,-1,1,1,1,-1,-1,-1,-1,1,1,1,-1,1,1,-1,1,1,-1,-1,1,1,1,1,1,-1,1,1,1,-1,1,1,1,-1,-1,1,1,-1,-1,1,-1,1,-1,1,-1,1,1,-1,-1,-1,1,-1,-1,1,1,-1,1,1,-1,1,1,1,1,-1,1,-1,-1,1,-1,1,-1,1,-1,1,1,1,1,-1,-1,1,-1,1,1,1,-1,1,1,1,-1,1,1,-1,1,-1,-1,1,1,1,-1,1,-1,1,1,1,1,-1,1,-1,-1,1,1,-1,1,1,-1,-1,1,1,-1,-1,1,-1,1,1,1,-1,1,-1,1,-1,1,1,-1,-1,1,-1,1,1,1,1,-1,1,-1,-1,-1,1,1,-1,-1,-1,1,-1,1,-1,-1,1,-1,-1,1,-1,1,-1,-1,1,-1,1,-1,1,-1,-1,1,-1,-1,1,1,1,-1,1,-1,1,-1,-1,1,1,-1,-1,-1,1,-1,-1,1,1,1,-1,1,-1,1,1,1,-1,1,1,-1,-1,-1,1,-1,-1,1,-1,-1,1,1,1,-1,1,-1,-1,1,1,-1,-1,1,-1,-1,1,1,-1,-1,1,-1,-1,-1,1,1,-1,1,1,-1,-1,1,-1,-1,1,-1,1,-1,1,1,-1,-1,1,-1,-1,-1,-1,-1,1,1,1,-1,1,1,-1,-1,1,-1,-1,-1,-1,-1,1,1,-1,-1,-1,-1,-1,1,1,-1,1,1,-1,-1,-1,1,1,-1,-1,-1,-1,-1,1,-1,-1,1,-1,-1,-1,1,1,-1,-1,-1,-1,-1,1,-1,-1,1,-1,-1,1,1,1,-1,1,-1,-1,-1,1,1,-1,-1,-1,-1,-1,1,1,1,-1,-1,-1,-1,1,1,-1,-1,-1,-1,1,1,1,1,-1,-1,1,1,1,1,1,-1,-1,-1,1,1,1,1,1,-1,1,1,1,1,-1,1,-1,-1,1,-1,1,-1,1,-1,-1,1,-1,1,-1,-1,-1,-1,1,-1,1,-1,1,1,-1,1,-1,1,-1,1,1,-1,1,-1,1,-1,-1,-1,-1,1,1,-1,-1,-1,-1,-1,1,-1,1,-1,-1,-1,-1,-1,-1,-1,1,-1,-1,-1,1,-1,-1,1,-1,-1,-1,-1,-1,1,1,-1,-1,-1,-1,-1,1,-1,-1,-1,1,-1,-1,1,-1,1,-1,-1,-1,-1,-1,-1,-1,1,-1,-1,-1,1,1,-1,-1,-1,-1,1,-1,-1,-1,-1,1,-1,-1,1,1,1,-1,-1,-1,-1,1,-1,1,1,-1,1,-1,-1,1,1,-1,-1,-1,-1,-1,-1,1,1,-1,-1,1,-1,1,1,-1,-1,-1,1,-1,1,1,-1,-1,1,-1,-1,1,1,1,-1,1,-1,1,1,1,-1,-1,1,-1,-1,1,-1,1,-1,1,-1,-1,1,1,-1,1,1,-1,-1,1,1,-1,1,1,-1,-1,1,1,-1,1,1,-1,-1,1,1,1,1,1,1,-1,1,1,1,1,1,-1,-1,1,-1,1,1,1,1,-1,-1,1,-1,1,1,1,-1,1,1,1,1,-1,1,-1,1,1,1,1,1,1,1,-1,-1,1,1,1,-1,1,-1,1,1,1,1,1,-1,1,1,1,1,-1,1,1,-1,1,1,-1,1,1,-1,-1,1,1,1,1,-1,1,-1,1,1,1,-1,-1,1,-1,1,1,1,-1,1,-1,-1,-1,1,1,-1,-1,1,-1,-1,1,1,-1,-1,1,-1,1,1,1,1,-1,1,-1,-1,1,1,-1,-1,-1,1,1,1,1,-1,1,1,-1,1,1,-1,-1,1,1,-1,-1,1,1,-1,1,1,1,1,1,-1,-1,-1,-1,1,-1,-1,-1,-1,-1,1,1,1,1,-1,1,1,-1,1,1,1,1,-1,1,-1,1,1,1,1,-1,1,-1,1,1,1,1,-1,1,-1,1,1,1,1,-1,1,-1,1,1,1,-1,-1,1,-1,1,1,1,-1,-1,-1,1,-1,1,-1,1,-1,1,-1,1,1,-2672.0,1,2000,445,1500,False
630,1,1,-1,-1,1,-1,-1,-1,1,1,1,-1,1,1,1,1,-1,1,-1,-1,1,-1,1,1,1,-1,1,-1,1,1,1,1,-1,-1,-1,-1,1,1,1,1,-1,-1,-1,1,1,1,1,-1,1,1,1,1,-1,1,-1,-1,1,-1,1,1,1,-1,-1,-1,1,1,1,1,-1,-1,-1,1,1,1,1,-1,-1,-1,1,1,1,-1,-1,-1,1,1,1,1,-1,-1,-1,1,1,1,1,-1,-1,1,1,-1,1,1,-1,-1,1,1,1,1,1,-1,-1,1,1,1,1,1,-1,-1,1,1,1,1,1,1,-1,-1,1,1,-1,1,1,-1,1,1,1,1,1,1,-1,-1,1,1,1,1,1,-1,1,1,1,1,1,1,-1,-1,-1,1,1,1,1,-1,1,1,1,1,-1,1,-1,1,-1,1,1,1,-1,-1,1,1,1,1,1,-1,1,-1,-1,1,-1,1,-1,1,1,1,1,1,1,1,1,1,-1,1,-1,1,-1,1,1,-1,1,-1,1,1,-1,1,-1,1,-1,1,-1,1,1,-1,1,-1,1,1,1,1,-1,-1,1,1,-1,-1,1,-1,1,-1,-1,1,-1,1,-1,1,-1,1,-1,1,1,-1,-1,-1,1,1,-1,1,-1,1,1,1,-1,1,1,-1,1,-1,1,-1,1,-1,1,-1,1,1,-1,1,-1,-1,-1,1,1,-1,1,-1,-1,-1,1,1,-1,-1,1,1,-1,-1,1,1,-1,1,1,-1,1,1,1,1,-1,1,-1,1,1,-1,1,-1,1,1,-1,1,1,1,1,1,-1,-1,1,-1,-1,-1,1,1,-1,1,1,1,-1,1,-1,-1,1,1,1,1,1,-1,1,1,1,-1,1,1,-1,1,1,1,-1,1,1,-1,-1,1,1,1,-1,1,-1,1,1,1,-1,1,1,-1,1,1,1,-1,1,-1,-1,1,1,1,-1,1,-1,-1,-1,1,1,-1,1,-1,-1,1,-1,1,-1,1,1,-1,-1,1,1,1,-1,1,-1,-1,1,1,-1,1,-1,-1,-1,-1,-1,-1,1,-1,-1,-1,1,1,-1,1,-1,-1,-1,1,1,1,1,1,-1,1,1,1,-1,1,-1,-1,-1,-1,1,1,-1,1,-1,-1,1,-1,1,-1,-1,-1,1,-1,-1,1,-1,1,-1,-1,1,-1,1,-1,-1,-1,1,1,-1,1,-1,1,-1,-1,1,-1,1,-1,-1,-1,-1,1,-1,-1,1,1,-1,-1,1,-1,1,1,-1,1,-1,1,-1,1,-1,1,-1,-1,1,-1,1,-1,-1,-1,1,1,-1,1,-1,1,-1,1,-1,1,1,1,1,-1,1,-1,-1,1,-1,-1,-1,1,-1,1,-1,1,1,-1,1,-1,-1,1,-1,-1,1,-1,1,-1,1,-1,1,-1,1,1,-1,-1,-1,1,-1,1,-1,-1,1,-1,1,1,1,1,-1,-1,1,1,-1,1,1,-1,-1,1,1,1,-1,1,1,-1,1,1,1,1,1,1,1,-1,-1,-1,1,-1,1,1,-1,1,-1,1,-1,1,-1,-1,-1,1,1,-1,1,1,-1,-1,-1,1,-1,1,1,-1,1,-1,1,-1,-1,-1,-1,-1,-1,1,-1,-1,-1,-1,-1,-1,1,-1,1,1,1,1,-1,1,-1,1,1,-1,-1,-1,1,-1,-1,1,-1,1,-1,-1,1,1,1,1,-1,-1,1,1,1,1,-1,1,-1,-1,1,1,1,-1,-1,-1,1,1,1,1,-1,-1,-1,1,-1,1,-1,1,-1,-1,-1,1,1,1,-1,-1,-1,-1,1,1,1,1,-1,-1,-1,1,1,1,1,-1,-1,-1,1,1,1,-1,-1,-1,1,1,1,1,1,-1,-1,-1,1,1,1,1,-1,-1,-1,1,1,-1,1,-1,-1,-1,1,1,1,1,-1,-1,1,1,1,1,-1,-1,1,1,-1,1,1,-1,-1,-1,1,1,1,1,1,-1,1,1,1,1,1,-1,-1,-1,1,-1,1,-1,-1,-1,-1,1,-1,1,1,-1,-1,-1,1,-1,1,1,-1,-1,-1,1,1,1,1,-1,-1,-1,1,-1,1,1,-1,-1,-1,1,1,-1,-1,-1,-1,-1,1,-1,1,-1,-1,-1,-1,-1,-1,-1,1,-1,-1,-1,1,-1,-1,1,-1,-1,-1,-1,-1,1,1,-1,-1,-1,-1,-1,1,-1,-1,-1,1,-1,-1,1,-1,1,-1,-1,-1,-1,-1,-1,-1,1,-1,-1,-1,1,1,-1,-1,-1,1,-1,-1,-1,-1,-1,1,-1,-1,1,1,1,-1,-1,-1,-1,1,-1,1,1,-1,1,-1,-1,1,1,-1,-1,-1,-1,-1,-1,1,1,-1,-1,1,-1,1,1,-1,-1,-1,1,-1,1,1,-1,-1,1,-1,-1,1,1,1,-1,1,-1,1,1,1,-1,-1,1,-1,-1,1,1,1,-1,1,-1,-1,1,1,-1,1,1,-1,-1,1,1,-1,1,1,-1,-1,1,1,-1,1,1,-1,-1,1,1,1,1,1,1,-1,1,1,1,-1,1,-1,-1,1,-1,1,1,1,1,-1,-1,1,-1,1,1,1,-1,1,1,1,1,-1,1,-1,1,1,1,1,1,1,1,-1,1,1,1,1,-1,1,-1,1,1,1,1,1,-1,1,1,1,1,-1,1,1,-1,1,1,-1,1,1,-1,-1,1,1,1,1,-1,1,-1,1,1,1,-1,-1,1,-1,1,1,1,-1,1,-1,-1,-1,1,1,-1,-1,1,-1,-1,1,1,-1,-1,1,-1,1,1,1,1,1,-1,-1,-1,1,1,-1,-1,-1,1,1,-1,1,-1,1,1,-1,1,1,-1,-1,1,1,-1,-1,1,1,-1,1,1,1,1,1,-1,-1,-1,-1,-1,-1,-1,-1,-1,-1,1,1,1,1,-1,1,1,-1,1,1,1,1,-1,1,-1,1,1,1,1,-1,1,-1,1,1,1,1,-1,1,-1,1,1,1,1,-1,1,-1,1,1,-1,-1,-1,1,-1,1,1,1,-1,-1,-1,1,-1,1,-1,1,-1,1,-1,1,1,-2672.0,1,2000,445,1500,False
631,1,1,-1,-1,1,-1,-1,-1,1,1,1,-1,1,1,1,1,-1,1,-1,-1,-1,1,1,1,1,-1,-1,-1,1,1,1,1,-1,-1,-1,-1,1,1,1,1,-1,-1,-1,1,1,1,1,-1,1,1,1,1,-1,1,-1,-1,1,-1,1,1,1,-1,-1,1,1,1,1,1,-1,-1,1,1,1,1,1,-1,-1,-1,1,1,1,-1,-1,-1,1,1,1,1,-1,-1,-1,1,1,1,1,-1,-1,1,1,-1,1,1,-1,-1,1,1,1,1,1,-1,-1,-1,1,1,1,1,-1,-1,1,1,1,1,1,1,-1,-1,1,1,-1,1,1,-1,1,1,1,1,1,1,-1,1,1,1,1,1,1,-1,1,1,1,1,1,1,-1,-1,-1,1,1,1,1,-1,1,-1,1,1,-1,1,-1,1,-1,1,1,1,-1,-1,1,1,1,1,1,-1,1,-1,-1,1,-1,1,-1,1,1,1,1,1,1,1,1,1,-1,1,-1,1,-1,1,1,-1,1,-1,1,1,-1,1,-1,1,-1,1,-1,1,1,-1,1,-1,1,1,1,1,-1,-1,1,1,-1,-1,1,-1,1,-1,-1,1,-1,1,-1,1,-1,1,-1,1,1,-1,-1,-1,1,1,-1,1,-1,1,1,1,-1,1,1,-1,-1,-1,1,-1,1,-1,1,-1,1,1,-1,1,-1,-1,-1,1,1,-1,1,-1,-1,-1,1,1,-1,-1,1,1,-1,-1,1,1,-1,1,1,-1,1,1,1,1,-1,1,-1,1,1,-1,1,-1,1,1,-1,1,1,1,1,1,-1,-1,1,-1,-1,-1,1,1,-1,1,1,1,-1,1,-1,-1,1,1,1,-1,1,-1,1,1,1,-1,-1,1,-1,1,1,1,-1,1,1,-1,-1,1,1,1,-1,1,-1,1,1,1,-1,1,1,-1,1,1,1,-1,1,-1,-1,1,1,1,-1,1,-1,-1,-1,1,1,-1,1,-1,-1,1,-1,1,-1,1,1,-1,-1,1,1,1,1,1,-1,-1,1,1,-1,1,-1,1,-1,-1,-1,-1,1,1,-1,-1,1,1,-1,1,1,-1,-1,1,1,1,1,1,-1,1,1,1,-1,1,-1,-1,-1,-1,1,1,1,1,-1,-1,1,1,1,1,-1,-1,-1,-1,-1,1,-1,-1,-1,1,-1,1,1,1,1,-1,1,1,-1,1,-1,1,-1,-1,1,-1,1,1,1,1,-1,1,-1,-1,1,1,-1,-1,1,-1,1,1,1,-1,-1,1,-1,-1,1,1,-1,1,1,-1,1,1,-1,-1,1,1,-1,1,-1,-1,-1,1,-1,-1,1,-1,-1,-1,1,-1,-1,1,-1,-1,-1,1,-1,-1,1,-1,-1,-1,1,-1,-1,1,-1,-1,-1,1,1,-1,1,-1,-1,-1,1,1,-1,-1,-1,1,-1,1,-1,-1,1,-1,-1,1,1,1,-1,-1,1,-1,1,-1,1,-1,-1,1,-1,-1,1,1,1,-1,1,-1,1,-1,-1,-1,1,-1,-1,1,1,-1,-1,-1,1,-1,1,1,-1,1,-1,1,-1,1,1,-1,1,1,1,-1,-1,1,-1,1,-1,1,-1,-1,1,-1,-1,1,1,1,-1,1,-1,-1,-1,1,-1,-1,1,-1,1,1,1,1,-1,1,-1,-1,1,1,-1,-1,1,-1,-1,-1,1,1,-1,-1,1,1,-1,-1,-1,-1,1,1,1,1,1,1,-1,-1,1,1,-1,1,-1,-1,1,1,1,1,-1,-1,-1,1,-1,1,1,1,-1,-1,-1,1,1,1,-1,-1,-1,1,1,1,1,1,-1,-1,-1,1,1,1,-1,-1,-1,-1,1,1,1,1,-1,-1,1,1,1,1,1,-1,-1,-1,1,1,1,1,-1,-1,-1,1,1,-1,1,-1,-1,-1,1,1,1,1,-1,-1,1,1,1,1,1,-1,1,1,-1,1,1,-1,-1,-1,1,1,1,1,1,-1,1,1,1,1,1,1,-1,-1,1,-1,1,-1,1,-1,-1,1,-1,1,-1,-1,-1,-1,1,-1,1,1,-1,-1,-1,1,1,1,-1,1,-1,-1,1,-1,1,-1,-1,-1,-1,1,1,-1,-1,-1,-1,-1,1,-1,1,-1,-1,-1,-1,-1,-1,-1,1,-1,-1,-1,1,-1,-1,1,-1,-1,-1,-1,-1,1,1,-1,-1,-1,-1,-1,1,-1,-1,-1,1,-1,-1,1,-1,1,-1,-1,-1,-1,-1,-1,-1,1,-1,-1,-1,1,1,1,-1,-1,1,1,-1,-1,-1,-1,1,-1,-1,1,-1,1,-1,-1,-1,-1,1,-1,1,1,-1,1,-1,-1,1,1,-1,-1,-1,-1,-1,-1,1,1,-1,-1,1,-1,1,1,-1,-1,-1,1,-1,-1,1,-1,-1,1,-1,-1,1,1,1,-1,1,-1,1,1,1,-1,-1,1,-1,-1,1,1,1,-1,1,-1,-1,1,1,-1,1,1,-1,-1,1,1,-1,1,1,-1,-1,1,1,-1,1,1,-1,-1,1,1,1,1,1,1,-1,-1,1,1,1,1,-1,-1,1,-1,1,1,1,1,-1,-1,1,-1,1,1,1,-1,1,1,1,1,-1,1,-1,1,1,1,1,1,1,1,-1,1,1,1,1,-1,1,-1,1,1,1,1,1,-1,1,1,1,1,-1,1,1,-1,1,1,-1,1,1,-1,-1,1,1,1,1,-1,1,-1,1,1,1,-1,-1,1,-1,1,1,1,-1,1,-1,-1,-1,1,1,-1,-1,1,-1,-1,1,1,-1,-1,1,-1,-1,1,1,1,-1,1,-1,-1,1,1,-1,-1,1,1,-1,-1,1,-1,1,1,-1,1,1,-1,-1,1,-1,-1,-1,1,1,-1,1,1,-1,1,1,-1,-1,-1,-1,1,-1,-1,-1,-1,1,-1,-1,1,1,-1,1,1,-1,1,1,1,1,-1,1,-1,1,1,1,-1,-1,1,-1,-1,1,1,-1,-1,1,-1,1,1,1,-1,-1,1,-1,1,1,1,1,-1,1,-1,-1,1,1,-1,-1,-1,1,-1,1,1,1,-1,1,-1,-1,1,-2672.0,1,2000,445,1500,False
632,1,1,-1,-1,1,1,-1,-1,1,1,1,-1,1,1,1,1,-1,1,-1,-1,-1,-1,1,1,1,1,-1,-1,1,1,1,1,-1,-1,-1,-1,1,1,1,1,-1,-1,-1,1,1,1,1,-1,1,1,1,1,-1,1,-1,-1,1,-1,1,1,1,-1,-1,-1,1,1,1,1,-1,-1,-1,1,1,1,1,-1,-1,-1,1,1,1,-1,-1,-1,1,1,1,1,-1,-1,-1,1,1,1,1,-1,-1,1,1,-1,1,1,-1,-1,1,1,1,1,1,-1,-1,1,1,1,1,1,-1,-1,1,1,1,1,1,1,-1,-1,1,1,-1,1,1,-1,1,1,1,1,1,1,-1,-1,1,1,1,1,1,-1,1,1,1,1,1,1,-1,-1,-1,1,1,1,1,-1,1,1,1,1,-1,1,-1,1,-1,1,1,1,-1,-1,1,1,1,1,1,-1,1,-1,-1,1,-1,1,-1,1,1,1,1,1,1,1,1,1,-1,1,-1,1,-1,1,1,-1,1,-1,1,1,-1,1,-1,1,-1,1,-1,1,1,-1,-1,-1,1,1,1,1,-1,-1,1,1,-1,-1,1,-1,1,-1,-1,1,-1,1,-1,1,-1,1,-1,1,1,-1,-1,-1,1,1,-1,1,-1,1,1,1,-1,1,1,-1,-1,-1,1,-1,1,-1,1,-1,1,1,-1,1,-1,-1,-1,1,1,-1,1,-1,-1,-1,1,1,-1,-1,1,1,-1,-1,1,1,-1,1,1,-1,1,1,1,1,-1,1,-1,1,1,-1,1,-1,1,-1,1,1,1,1,1,1,-1,-1,1,-1,-1,-1,1,1,-1,1,1,1,-1,1,1,1,1,1,1,1,1,-1,1,1,1,-1,1,1,-1,1,1,1,-1,1,1,-1,-1,1,1,1,-1,1,-1,1,1,1,-1,1,1,-1,1,1,1,-1,1,1,-1,1,1,1,-1,1,1,1,-1,1,1,-1,1,1,-1,1,-1,1,-1,1,1,1,-1,1,1,1,-1,1,1,-1,1,1,-1,1,1,1,-1,-1,-1,-1,1,1,1,-1,1,1,-1,1,1,-1,-1,1,1,1,1,1,-1,1,1,1,-1,1,1,1,-1,-1,1,1,1,-1,1,-1,1,1,1,1,1,1,-1,-1,-1,1,-1,-1,1,-1,1,-1,1,-1,1,1,1,1,-1,1,-1,-1,1,-1,1,-1,1,1,-1,1,1,1,-1,-1,1,-1,1,1,-1,-1,1,1,1,-1,1,1,-1,-1,1,-1,1,1,-1,-1,1,1,1,1,-1,1,-1,1,-1,-1,1,-1,-1,1,1,-1,1,1,-1,-1,-1,1,-1,1,1,1,-1,-1,1,-1,-1,1,-1,-1,-1,1,-1,1,1,-1,1,-1,1,-1,-1,1,-1,-1,-1,1,-1,-1,1,-1,-1,-1,1,-1,-1,1,-1,-1,-1,-1,1,-1,1,-1,-1,-1,1,1,-1,-1,1,1,1,-1,1,-1,1,-1,1,1,1,-1,-1,-1,1,-1,-1,1,1,1,-1,1,-1,1,1,1,-1,1,1,-1,-1,-1,1,-1,-1,1,-1,-1,1,1,1,-1,1,-1,-1,1,1,-1,-1,1,-1,-1,1,1,-1,-1,1,-1,-1,-1,1,1,-1,1,1,-1,-1,1,-1,-1,1,-1,1,-1,1,1,-1,-1,1,-1,-1,-1,-1,-1,1,1,1,-1,-1,1,-1,-1,1,-1,-1,1,-1,-1,1,1,-1,-1,1,-1,-1,1,1,-1,1,-1,-1,-1,-1,1,1,-1,-1,-1,-1,1,1,-1,-1,1,-1,-1,-1,1,1,-1,-1,-1,-1,-1,1,-1,-1,-1,-1,-1,-1,1,1,-1,-1,-1,-1,1,1,1,-1,-1,-1,-1,-1,1,1,1,-1,-1,-1,-1,1,1,-1,-1,-1,-1,1,1,1,1,1,-1,1,1,1,1,1,1,-1,-1,1,1,1,1,-1,-1,1,1,1,1,-1,1,-1,-1,1,-1,1,-1,1,-1,-1,1,-1,1,1,1,-1,-1,1,-1,1,-1,1,-1,-1,1,-1,1,1,1,-1,-1,1,-1,1,1,1,-1,-1,1,1,-1,1,1,-1,-1,1,-1,1,-1,1,-1,-1,-1,-1,-1,1,1,-1,-1,1,-1,-1,1,1,-1,-1,-1,-1,1,-1,1,-1,-1,-1,-1,1,-1,-1,-1,1,-1,-1,1,-1,1,-1,-1,-1,-1,-1,-1,1,1,-1,-1,-1,1,1,1,-1,-1,1,-1,-1,-1,1,-1,1,-1,-1,1,1,1,-1,-1,-1,-1,1,-1,1,1,-1,1,-1,-1,1,1,-1,-1,-1,-1,-1,-1,1,1,-1,-1,1,-1,1,1,-1,-1,-1,1,-1,1,1,-1,-1,1,-1,-1,1,1,1,-1,1,-1,1,1,1,-1,-1,1,-1,-1,1,-1,1,-1,1,-1,-1,1,1,-1,1,1,-1,-1,1,1,-1,1,1,-1,-1,1,1,-1,1,1,-1,-1,1,1,1,1,1,1,-1,-1,1,1,1,1,-1,-1,1,-1,1,1,1,1,-1,-1,1,-1,1,1,1,-1,1,-1,1,1,-1,1,-1,1,1,1,1,1,1,1,-1,-1,1,1,1,-1,1,-1,1,1,1,1,1,-1,1,-1,1,1,-1,1,1,-1,-1,1,-1,1,1,-1,-1,1,1,1,1,-1,1,-1,-1,1,1,-1,-1,1,-1,1,1,1,-1,1,-1,-1,-1,1,1,-1,-1,1,-1,-1,1,1,-1,-1,1,-1,-1,1,1,1,-1,1,-1,-1,1,1,-1,-1,-1,1,-1,1,1,-1,1,1,-1,1,1,-1,-1,1,1,-1,-1,1,1,-1,1,1,-1,1,1,-1,-1,-1,-1,1,-1,-1,-1,-1,1,-1,-1,1,1,-1,1,1,-1,1,1,1,1,-1,1,-1,1,1,1,1,-1,1,-1,1,1,1,1,-1,1,-1,-1,1,1,1,-1,1,-1,1,1,1,-1,-1,1,-1,-1,1,1,-1,-1,-1,1,-1,1,-1,1,-1,1,-1,-1,1,-2672.0,1,2000,445,0,False
633,1,1,-1,-1,1,1,-1,1,1,1,1,-1,1,1,1,1,-1,1,-1,-1,-1,1,1,1,1,-1,-1,-1,1,1,1,1,1,-1,-1,1,-1,1,1,1,-1,-1,1,1,1,1,1,-1,1,-1,1,1,1,1,-1,-1,1,-1,1,1,1,-1,-1,-1,1,1,1,1,-1,-1,1,-1,1,1,1,-1,-1,1,1,1,1,-1,-1,-1,-1,1,1,1,-1,-1,-1,1,-1,1,1,-1,-1,1,-1,1,1,1,-1,-1,1,-1,-1,1,1,-1,-1,1,-1,-1,1,1,-1,-1,1,-1,-1,1,1,1,-1,-1,-1,-1,1,1,1,-1,1,-1,-1,1,1,1,-1,-1,-1,-1,-1,1,1,-1,1,-1,-1,-1,1,1,-1,-1,1,-1,-1,1,1,-1,1,1,-1,-1,1,1,-1,1,1,-1,1,1,-1,-1,1,-1,-1,1,1,-1,1,-1,1,-1,1,1,-1,1,1,-1,-1,-1,1,1,1,1,1,-1,-1,1,-1,1,1,1,-1,-1,1,1,-1,1,1,-1,1,1,-1,1,1,1,-1,1,1,1,1,1,1,1,-1,1,-1,-1,1,1,-1,-1,1,1,-1,1,1,-1,-1,1,-1,1,1,1,1,-1,1,1,-1,1,1,-1,1,1,-1,1,1,1,-1,-1,1,-1,1,-1,1,1,1,1,-1,1,-1,1,1,1,1,-1,1,-1,1,1,1,1,-1,-1,1,1,1,1,1,1,-1,1,1,-1,-1,1,1,-1,-1,1,1,1,1,-1,1,-1,1,1,1,-1,1,-1,-1,1,1,1,1,-1,1,-1,1,-1,1,1,1,1,-1,1,1,1,1,1,-1,-1,1,1,1,1,1,1,-1,1,1,1,1,1,-1,1,1,1,-1,1,1,-1,-1,1,1,-1,1,1,1,1,1,-1,1,1,1,1,1,1,1,-1,1,1,1,1,1,1,-1,1,1,1,1,1,1,1,-1,1,-1,1,-1,1,-1,1,1,1,1,-1,1,1,-1,1,1,1,1,1,-1,-1,-1,-1,1,-1,1,-1,1,1,-1,1,1,-1,1,-1,1,1,1,1,-1,-1,1,1,-1,1,1,1,1,-1,1,1,1,-1,1,-1,1,-1,1,1,1,1,-1,-1,-1,1,-1,1,1,-1,1,-1,1,1,1,1,1,-1,-1,1,-1,-1,1,-1,1,-1,1,-1,-1,-1,1,1,-1,-1,1,-1,1,1,-1,-1,1,1,1,1,1,-1,-1,1,-1,-1,1,-1,-1,-1,1,-1,1,1,-1,1,-1,1,-1,1,1,-1,-1,1,1,-1,1,1,-1,-1,-1,1,-1,1,1,-1,-1,1,-1,1,-1,1,1,-1,-1,1,-1,1,-1,1,-1,-1,1,-1,-1,-1,1,-1,-1,-1,-1,1,-1,1,-1,-1,1,-1,-1,1,1,-1,-1,-1,1,-1,1,1,-1,1,-1,1,-1,-1,1,1,1,-1,1,-1,1,-1,1,-1,1,-1,1,1,-1,-1,1,1,1,-1,1,-1,1,-1,1,1,1,-1,-1,-1,-1,-1,1,-1,1,-1,-1,-1,1,1,-1,1,-1,-1,-1,1,1,-1,1,-1,-1,1,1,1,-1,1,-1,-1,-1,-1,1,1,1,-1,1,-1,-1,1,-1,1,-1,-1,1,1,-1,-1,1,1,-1,-1,-1,-1,-1,1,1,-1,-1,-1,1,-1,-1,1,-1,-1,1,-1,1,1,-1,-1,-1,-1,-1,1,1,-1,1,-1,-1,1,1,1,1,-1,-1,-1,-1,-1,1,-1,1,-1,-1,1,-1,1,1,-1,1,-1,-1,1,1,1,-1,1,-1,1,-1,1,1,-1,1,-1,-1,-1,1,1,-1,1,-1,1,-1,1,1,-1,-1,1,-1,-1,1,1,-1,-1,-1,1,-1,1,1,-1,-1,1,-1,-1,-1,-1,1,-1,1,-1,-1,1,-1,-1,1,-1,1,-1,1,1,-1,1,-1,1,-1,1,-1,1,-1,1,-1,-1,1,1,-1,1,-1,-1,-1,-1,1,-1,1,-1,1,-1,-1,1,-1,1,1,-1,-1,-1,-1,1,1,1,1,-1,-1,1,-1,-1,1,1,-1,-1,-1,-1,1,-1,1,-1,-1,1,1,-1,1,1,-1,-1,1,-1,-1,1,1,-1,-1,-1,-1,1,-1,1,-1,-1,-1,-1,-1,1,-1,-1,1,-1,-1,1,-1,1,-1,-1,-1,-1,-1,1,1,1,-1,-1,-1,1,1,1,-1,-1,-1,1,-1,-1,1,1,-1,-1,-1,1,1,1,-1,-1,-1,-1,1,-1,1,-1,-1,1,-1,-1,1,1,-1,-1,-1,-1,-1,-1,1,1,-1,-1,1,-1,1,1,-1,-1,-1,1,-1,1,1,-1,-1,1,-1,-1,1,1,1,-1,1,-1,1,1,1,-1,-1,1,-1,-1,1,1,1,-1,1,-1,-1,1,1,-1,1,1,-1,-1,1,1,-1,1,1,-1,-1,1,1,1,1,1,-1,-1,1,1,1,1,1,1,-1,1,1,1,1,1,-1,-1,1,-1,1,1,1,1,-1,-1,1,-1,1,1,1,-1,1,1,1,1,-1,1,-1,1,1,1,1,1,1,-1,-1,-1,1,1,1,-1,1,-1,1,1,1,1,-1,1,-1,1,1,1,-1,-1,1,-1,1,1,-1,1,-1,-1,-1,1,1,1,-1,1,-1,-1,1,1,1,-1,-1,-1,-1,1,1,1,-1,-1,-1,-1,-1,1,1,-1,1,-1,-1,-1,1,1,-1,1,-1,-1,1,1,1,1,1,1,-1,-1,1,1,-1,-1,1,1,1,1,1,-1,1,-1,-1,1,1,-1,-1,1,-1,-1,-1,1,1,-1,1,1,1,1,1,-1,-1,1,-1,-1,-1,-1,-1,-1,1,-1,1,1,1,-1,1,1,-1,1,1,1,1,-1,1,-1,1,1,1,1,-1,1,-1,1,1,1,1,-1,1,-1,1,1,1,1,-1,1,-1,1,1,1,-1,-1,1,-1,-1,1,1,-1,-1,-1,1,-1,1,1,1,-1,1,-1,-1,1,-2670.0,1,2000,445,1000,True
634,1,1,-1,-1,1,1,-1,-1,1,1,1,-1,1,1,1,1,-1,1,-1,-1,-1,-1,1,1,1,-1,1,-1,1,1,1,1,1,-1,-1,-1,1,1,1,1,-1,-1,-1,1,1,1,1,-1,1,1,1,1,-1,1,-1,-1,1,-1,1,1,-1,-1,-1,-1,1,1,1,1,-1,-1,-1,1,1,1,1,-1,-1,-1,1,1,1,-1,-1,-1,1,1,1,1,-1,-1,1,1,1,1,1,-1,-1,-1,1,-1,1,1,-1,-1,1,1,1,1,1,-1,-1,-1,1,1,1,1,-1,-1,1,1,1,1,1,1,-1,-1,1,1,-1,1,1,-1,1,1,1,1,1,1,-1,1,1,1,1,1,1,-1,1,1,1,1,1,1,-1,-1,-1,1,1,1,1,-1,1,1,1,1,-1,1,-1,1,-1,1,1,1,-1,-1,1,1,1,1,1,-1,1,-1,-1,1,-1,1,-1,1,1,1,1,1,1,1,1,1,-1,1,-1,1,-1,1,1,-1,1,-1,1,1,-1,1,-1,1,-1,1,-1,1,1,-1,1,-1,1,1,1,1,-1,-1,1,1,-1,-1,1,-1,1,-1,-1,1,-1,1,-1,1,-1,1,-1,-1,1,-1,-1,-1,1,1,-1,1,-1,1,1,1,-1,1,1,-1,-1,-1,1,-1,1,-1,1,-1,1,1,-1,1,-1,-1,-1,1,1,-1,1,-1,-1,-1,1,1,-1,-1,1,1,-1,-1,1,1,-1,1,1,-1,1,1,1,1,-1,1,-1,1,1,-1,1,-1,1,1,1,1,1,1,1,1,-1,-1,1,-1,-1,1,1,1,-1,1,1,1,-1,1,1,1,1,1,1,1,1,-1,1,1,1,-1,-1,1,-1,1,1,1,-1,1,1,-1,-1,1,1,1,-1,1,-1,1,1,1,-1,1,1,-1,1,1,1,-1,1,1,-1,1,1,1,-1,1,1,-1,-1,1,1,-1,1,1,-1,1,-1,1,-1,1,1,1,-1,1,1,1,1,1,1,-1,1,1,-1,1,-1,1,-1,-1,-1,-1,1,1,1,-1,1,1,-1,1,1,-1,-1,1,1,1,1,1,-1,1,1,1,-1,1,1,1,-1,-1,1,1,1,-1,1,-1,1,1,1,1,1,1,-1,-1,-1,1,-1,-1,1,1,-1,1,1,1,1,1,1,1,-1,1,-1,-1,1,-1,1,-1,1,1,1,1,1,1,-1,-1,1,-1,1,1,1,-1,1,1,1,-1,1,1,-1,-1,1,-1,1,1,1,-1,1,1,1,1,1,1,-1,1,-1,-1,1,1,-1,-1,1,-1,-1,1,1,-1,-1,1,-1,1,1,1,-1,-1,1,1,-1,1,1,-1,-1,1,-1,1,1,1,1,-1,1,1,-1,-1,1,1,-1,-1,-1,1,-1,1,-1,-1,1,-1,-1,1,-1,1,-1,-1,1,-1,1,-1,1,-1,-1,1,-1,-1,1,1,1,-1,1,-1,1,-1,-1,1,1,-1,-1,-1,1,-1,-1,1,1,1,-1,1,-1,1,1,1,-1,1,1,-1,1,-1,1,-1,-1,1,-1,-1,1,1,1,-1,1,-1,-1,1,1,-1,-1,1,-1,-1,1,1,-1,-1,1,-1,-1,-1,1,1,-1,1,1,-1,-1,1,-1,-1,1,-1,1,-1,1,1,-1,-1,1,-1,-1,-1,-1,-1,1,1,1,-1,1,1,-1,-1,1,-1,-1,-1,-1,-1,1,1,-1,-1,-1,-1,-1,1,1,-1,1,1,1,-1,-1,1,1,-1,-1,-1,-1,1,1,-1,-1,1,-1,-1,-1,1,1,-1,-1,-1,-1,-1,1,-1,-1,1,-1,-1,1,1,1,-1,1,-1,-1,-1,1,1,-1,-1,-1,-1,-1,1,1,1,-1,-1,-1,-1,1,1,-1,-1,-1,-1,1,1,1,1,-1,-1,1,1,1,1,1,-1,-1,-1,1,1,1,-1,1,-1,1,1,1,1,-1,1,-1,-1,1,-1,1,-1,1,-1,-1,1,-1,1,-1,-1,-1,-1,1,-1,1,-1,1,-1,-1,1,-1,1,-1,1,-1,-1,1,-1,1,-1,-1,-1,-1,1,1,-1,-1,-1,-1,-1,1,-1,1,-1,-1,-1,-1,-1,-1,-1,1,-1,-1,-1,1,-1,-1,1,-1,-1,-1,-1,-1,1,1,-1,-1,-1,-1,-1,1,-1,-1,-1,1,-1,-1,1,-1,1,-1,-1,-1,-1,-1,-1,-1,1,-1,-1,-1,1,1,1,-1,-1,1,1,-1,-1,-1,-1,1,-1,-1,1,-1,1,-1,-1,-1,-1,1,-1,1,1,-1,1,-1,-1,1,1,-1,-1,-1,-1,-1,-1,1,1,-1,-1,1,-1,1,1,-1,-1,-1,1,-1,-1,1,-1,-1,1,-1,-1,1,1,1,-1,1,-1,1,1,1,-1,-1,1,-1,-1,1,1,1,-1,1,-1,-1,1,1,-1,1,1,-1,-1,1,1,1,1,1,-1,-1,1,1,1,1,1,-1,-1,1,1,1,1,-1,1,-1,-1,1,1,-1,1,-1,-1,1,-1,1,1,1,1,-1,-1,1,-1,1,1,1,-1,1,1,1,1,-1,1,-1,1,1,1,1,1,1,1,-1,1,1,1,1,-1,1,-1,1,1,1,1,1,-1,1,1,1,1,-1,1,1,-1,1,1,-1,1,1,-1,-1,1,1,1,1,-1,1,-1,1,1,1,-1,-1,1,-1,1,1,1,-1,1,-1,-1,-1,1,1,-1,-1,1,-1,-1,1,1,1,-1,1,-1,-1,-1,1,1,-1,1,-1,-1,1,1,-1,-1,-1,1,-1,-1,1,-1,1,1,-1,1,1,-1,-1,1,-1,-1,-1,1,1,-1,1,1,-1,1,1,-1,-1,1,-1,1,-1,-1,-1,-1,1,-1,-1,1,1,-1,1,1,-1,1,1,1,1,-1,1,-1,1,1,1,-1,-1,1,-1,-1,1,1,-1,-1,1,-1,1,1,1,-1,-1,1,-1,1,1,1,1,-1,1,-1,-1,1,1,1,-1,-1,1,-1,1,-1,1,-1,1,-1,-1,1,-2670.0,1,2000,445,1000,False
635,1,1,-1,-1,1,1,-1,-1,1,1,1,-1,1,1,-1,1,-1,1,-1,-1,-1,1,1,1,1,-1,-1,-1,1,1,1,1,-1,-1,-1,-1,1,-1,1,1,-1,-1,-1,1,1,1,1,-1,1,1,1,1,-1,1,-1,-1,1,-1,1,1,1,-1,-1,1,1,1,1,1,-1,-1,1,1,1,1,1,-1,-1,-1,1,1,1,-1,-1,-1,1,1,1,1,-1,-1,-1,1,1,1,1,-1,-1,1,1,-1,1,1,-1,-1,1,1,1,1,1,-1,-1,1,1,1,1,1,-1,-1,1,1,1,1,1,1,-1,-1,1,1,-1,1,1,-1,1,1,1,1,1,1,-1,-1,1,1,1,1,1,-1,1,1,1,1,1,1,-1,-1,-1,1,1,1,1,-1,1,-1,1,1,-1,1,-1,1,-1,1,1,1,-1,-1,1,1,1,1,1,-1,1,-1,-1,1,-1,1,-1,1,1,1,1,1,1,1,1,1,-1,1,-1,1,-1,1,1,-1,1,-1,1,1,-1,1,-1,1,-1,1,-1,1,1,-1,1,-1,1,1,1,1,-1,-1,1,1,-1,-1,1,-1,1,-1,-1,1,-1,1,-1,1,-1,1,-1,-1,1,-1,-1,-1,1,1,-1,1,-1,1,1,1,-1,1,1,-1,1,-1,1,-1,1,-1,1,-1,1,1,-1,1,-1,-1,-1,1,1,-1,1,-1,-1,-1,1,1,-1,-1,1,1,-1,-1,1,1,-1,1,1,-1,1,1,1,1,-1,1,-1,1,1,-1,1,-1,1,-1,1,1,1,1,1,1,-1,-1,1,-1,-1,-1,1,1,-1,1,1,1,-1,1,1,1,1,1,1,1,1,-1,1,1,1,-1,1,1,-1,1,1,1,-1,1,1,-1,-1,1,1,1,-1,1,-1,1,1,1,-1,1,1,-1,1,1,1,-1,1,1,-1,1,1,1,-1,1,1,-1,-1,1,1,-1,1,1,-1,1,-1,1,-1,1,1,1,-1,1,1,1,-1,1,1,-1,1,1,-1,1,1,1,-1,-1,-1,-1,1,1,1,-1,1,1,-1,1,1,-1,-1,1,1,1,1,1,-1,1,1,1,-1,1,1,1,-1,-1,1,1,-1,-1,1,-1,1,-1,1,-1,1,1,-1,-1,-1,1,-1,-1,1,-1,1,-1,1,-1,1,1,1,-1,-1,1,-1,-1,1,-1,1,-1,1,-1,-1,1,1,1,-1,-1,1,-1,1,1,-1,-1,1,1,1,-1,1,-1,-1,1,-1,-1,1,1,-1,-1,-1,-1,1,1,-1,1,-1,1,-1,1,1,-1,-1,1,1,-1,1,1,-1,-1,-1,1,-1,1,1,1,-1,1,-1,1,-1,1,-1,-1,-1,1,-1,1,1,1,-1,-1,1,-1,-1,1,-1,-1,-1,-1,-1,-1,1,-1,-1,-1,1,-1,-1,1,-1,-1,-1,-1,1,-1,1,-1,-1,1,-1,1,-1,-1,1,1,1,-1,1,-1,1,-1,1,-1,1,-1,-1,1,1,-1,-1,1,1,-1,1,1,-1,1,1,1,-1,1,1,-1,1,-1,1,-1,-1,1,-1,-1,1,1,-1,-1,1,-1,-1,1,1,1,-1,1,-1,-1,1,1,-1,-1,1,-1,-1,-1,1,1,-1,1,1,-1,-1,1,-1,-1,1,-1,1,-1,1,1,-1,-1,1,-1,-1,-1,-1,-1,1,1,1,-1,-1,1,-1,-1,1,-1,-1,1,-1,-1,1,1,-1,-1,1,-1,-1,1,1,-1,1,-1,-1,-1,-1,1,1,-1,-1,-1,-1,-1,1,-1,-1,1,-1,-1,-1,1,1,-1,-1,-1,-1,-1,1,-1,-1,-1,-1,-1,1,1,1,-1,-1,-1,-1,-1,1,1,-1,-1,-1,-1,-1,1,1,1,-1,-1,-1,-1,1,1,-1,-1,-1,-1,1,1,1,1,1,-1,1,1,1,1,1,1,-1,-1,1,1,1,-1,-1,-1,1,1,1,1,-1,1,-1,-1,1,-1,1,-1,1,-1,-1,1,-1,1,-1,1,-1,-1,1,-1,1,-1,1,1,-1,1,-1,1,1,1,1,-1,1,-1,1,1,1,-1,-1,1,1,-1,1,1,-1,-1,1,-1,1,-1,1,-1,-1,-1,-1,-1,1,1,-1,-1,1,-1,-1,1,1,-1,-1,-1,-1,-1,-1,1,-1,-1,-1,-1,1,1,-1,-1,1,-1,-1,1,-1,1,-1,-1,-1,-1,-1,1,1,1,-1,-1,-1,1,1,1,-1,-1,1,-1,-1,-1,1,-1,1,-1,-1,1,1,1,-1,-1,-1,-1,1,-1,1,1,-1,1,-1,-1,1,1,-1,-1,-1,-1,-1,-1,1,1,-1,-1,1,-1,1,1,-1,-1,-1,1,-1,1,1,-1,-1,1,-1,-1,1,1,1,-1,1,-1,1,1,1,-1,-1,1,-1,-1,1,1,1,-1,1,-1,-1,1,1,-1,1,1,-1,-1,1,1,-1,1,1,-1,-1,1,1,-1,1,1,-1,-1,1,1,1,1,-1,1,-1,1,1,1,1,1,-1,-1,1,-1,1,1,1,1,-1,-1,1,-1,1,1,1,-1,1,1,1,1,-1,1,-1,1,1,1,1,1,1,1,-1,1,1,1,1,-1,1,-1,1,1,1,1,1,-1,1,1,1,1,-1,1,1,-1,1,1,-1,1,1,-1,-1,1,1,1,1,-1,1,-1,1,1,1,-1,-1,1,-1,1,1,1,-1,1,-1,-1,-1,1,1,-1,-1,1,-1,-1,1,1,1,-1,1,-1,1,1,1,1,-1,1,-1,-1,1,1,-1,-1,-1,1,1,1,1,-1,1,1,-1,1,1,-1,-1,1,1,-1,-1,1,1,-1,1,1,1,1,1,-1,-1,-1,-1,1,-1,-1,-1,-1,-1,1,1,1,1,-1,1,1,-1,1,1,1,1,-1,1,-1,1,1,1,1,-1,1,-1,1,1,1,1,-1,1,-1,1,1,1,1,-1,1,-1,1,1,1,-1,-1,1,-1,1,1,1,-1,-1,-1,1,-1,1,-1,1,-1,1,-1,1,1,-2670.0,1,2000,445,0,False
636,1,1,-1,-1,1,1,-1,-1,1,1,1,-1,1,1,1,1,-1,1,-1,-1,-1,-1,1,1,1,-1,-1,-1,1,1,1,1,-1,-1,-1,-1,1,-1,1,-1,-1,-1,-1,1,1,1,1,-1,1,1,1,1,-1,1,-1,-1,1,-1,1,1,1,-1,-1,-1,1,1,1,1,-1,-1,-1,1,1,1,1,-1,-1,-1,1,1,1,-1,-1,-1,1,1,1,1,-1,1,1,1,1,1,1,-1,-1,1,1,-1,1,1,-1,-1,1,1,1,1,1,-1,-1,1,1,1,1,1,-1,-1,1,1,1,1,1,1,-1,1,1,1,-1,1,1,-1,-1,1,1,1,1,1,-1,1,1,1,1,1,1,-1,-1,1,1,1,1,1,-1,1,-1,1,1,1,1,-1,1,1,1,1,-1,1,-1,1,-1,1,1,1,-1,-1,1,1,1,1,1,-1,1,-1,-1,1,-1,1,-1,1,1,1,1,1,1,1,1,1,-1,1,-1,1,-1,1,1,-1,1,-1,1,1,-1,1,-1,1,-1,1,-1,1,1,-1,1,-1,1,1,1,1,-1,-1,1,1,-1,-1,1,-1,1,-1,-1,1,-1,1,-1,1,-1,1,-1,1,1,-1,-1,-1,1,1,-1,1,-1,1,1,1,-1,1,1,-1,1,-1,1,-1,1,-1,1,-1,1,1,-1,1,-1,-1,-1,1,1,-1,1,-1,-1,-1,1,1,-1,-1,1,1,-1,-1,1,1,-1,1,1,-1,1,1,1,1,-1,1,-1,1,1,-1,1,-1,1,-1,1,1,1,1,1,1,-1,-1,1,-1,-1,-1,1,1,-1,1,1,1,-1,1,1,1,1,1,1,1,1,-1,1,1,1,-1,1,1,-1,1,1,1,-1,1,1,-1,-1,1,1,1,-1,1,-1,1,1,1,-1,1,1,-1,1,1,1,-1,1,1,-1,1,1,1,-1,1,1,-1,-1,1,1,-1,1,1,-1,1,-1,1,-1,1,1,1,-1,1,1,1,-1,1,1,-1,1,1,-1,1,1,1,-1,-1,-1,-1,1,1,1,-1,1,1,-1,1,1,-1,-1,1,1,1,1,1,-1,1,1,1,-1,1,1,1,1,-1,1,1,-1,-1,1,-1,1,-1,1,-1,1,1,-1,-1,-1,1,-1,-1,1,-1,1,-1,1,-1,1,1,1,1,-1,1,-1,-1,1,-1,1,-1,1,-1,1,1,1,1,-1,-1,1,-1,1,1,-1,-1,1,1,1,-1,1,1,-1,1,-1,-1,1,1,-1,-1,1,-1,1,1,-1,1,-1,1,-1,-1,1,-1,-1,1,1,-1,1,1,-1,-1,-1,1,-1,1,1,1,-1,1,-1,-1,-1,1,-1,-1,-1,1,-1,1,1,-1,1,-1,1,-1,-1,1,-1,-1,-1,1,-1,1,1,-1,-1,-1,1,-1,-1,1,-1,-1,-1,-1,1,-1,1,-1,-1,-1,-1,1,-1,-1,1,1,1,-1,1,-1,1,-1,1,-1,1,-1,-1,-1,1,-1,-1,-1,1,1,-1,1,-1,1,1,1,-1,1,1,-1,-1,-1,1,-1,-1,1,-1,-1,1,1,1,-1,1,-1,-1,1,1,-1,-1,1,-1,-1,1,1,-1,-1,1,-1,-1,-1,1,1,-1,1,1,-1,-1,1,-1,-1,1,-1,1,-1,1,1,-1,-1,1,-1,-1,-1,-1,-1,1,1,1,-1,-1,1,-1,-1,1,-1,-1,1,-1,-1,1,1,-1,-1,1,-1,-1,1,1,-1,1,-1,1,-1,-1,1,1,-1,-1,-1,-1,-1,1,-1,-1,1,-1,-1,-1,1,1,-1,-1,-1,-1,-1,1,-1,-1,-1,-1,-1,1,1,1,-1,-1,-1,-1,-1,1,1,-1,-1,-1,-1,-1,1,1,1,-1,-1,-1,-1,1,1,-1,-1,-1,-1,1,1,1,1,1,-1,1,1,1,1,1,1,-1,-1,1,1,1,1,-1,-1,1,1,1,1,-1,1,-1,-1,1,-1,1,-1,1,-1,-1,1,-1,1,1,1,-1,-1,1,-1,1,-1,1,1,-1,1,-1,1,1,1,1,-1,1,-1,1,1,1,-1,-1,1,1,-1,1,1,-1,-1,1,-1,1,-1,1,-1,-1,-1,-1,-1,1,1,-1,-1,1,-1,-1,1,1,-1,-1,-1,-1,-1,-1,1,-1,-1,-1,-1,1,-1,-1,-1,1,-1,-1,1,-1,1,-1,-1,-1,-1,-1,-1,1,1,-1,-1,-1,1,1,1,-1,-1,1,-1,-1,-1,1,-1,1,-1,-1,1,1,1,-1,-1,-1,-1,1,-1,1,1,-1,1,-1,-1,1,1,-1,-1,-1,-1,-1,-1,1,1,-1,-1,1,-1,1,1,1,-1,-1,1,-1,1,1,-1,-1,1,-1,-1,1,1,1,-1,1,-1,1,1,1,-1,-1,1,-1,-1,1,1,1,-1,1,-1,-1,1,1,-1,1,1,-1,-1,1,1,1,1,1,-1,-1,1,1,-1,1,1,-1,-1,1,1,1,1,1,1,-1,1,1,1,-1,1,-1,-1,1,-1,1,1,1,1,-1,-1,1,-1,1,1,1,-1,1,1,1,1,-1,1,-1,1,1,1,1,1,1,1,-1,-1,1,1,1,-1,1,-1,1,1,1,1,1,-1,1,1,1,1,-1,1,1,-1,1,1,-1,1,1,-1,-1,1,1,1,1,-1,1,-1,1,1,1,-1,-1,1,-1,1,1,1,-1,1,-1,-1,-1,1,1,-1,-1,1,-1,-1,1,1,-1,-1,1,-1,1,1,1,1,-1,1,-1,-1,1,1,-1,-1,-1,1,1,1,1,-1,1,1,-1,1,1,-1,-1,1,1,-1,-1,-1,1,-1,1,1,1,1,-1,1,-1,-1,-1,-1,-1,-1,-1,-1,-1,1,1,1,1,-1,1,1,-1,1,1,1,1,-1,1,-1,1,1,1,1,-1,1,-1,1,1,1,-1,-1,1,-1,1,1,1,-1,-1,1,-1,1,1,1,-1,-1,1,-1,1,1,1,1,-1,-1,1,-1,1,1,-1,-1,1,-1,1,1,-2670.0,1,2000,445,0,False
637,1,1,-1,-1,1,1,-1,1,1,1,1,-1,-1,1,1,1,-1,1,-1,-1,-1,1,1,1,1,-1,-1,-1,1,1,1,1,1,-1,-1,1,-1,1,1,1,-1,-1,1,1,1,1,1,-1,1,-1,1,1,-1,1,-1,-1,1,-1,1,1,1,-1,-1,-1,1,1,1,1,-1,-1,1,-1,1,1,1,-1,-1,1,-1,1,1,-1,-1,-1,-1,1,1,1,-1,-1,-1,1,-1,1,1,-1,-1,1,-1,1,1,1,-1,-1,1,-1,-1,1,1,-1,-1,1,-1,-1,1,1,-1,-1,1,-1,-1,1,1,1,-1,-1,-1,-1,1,1,1,-1,1,-1,-1,1,1,1,-1,-1,-1,-1,1,1,1,-1,1,-1,-1,-1,1,1,-1,-1,1,-1,-1,1,1,-1,1,-1,-1,-1,1,1,-1,1,1,-1,1,1,-1,-1,1,-1,-1,1,1,-1,1,-1,1,-1,1,1,-1,1,1,-1,-1,-1,1,1,1,1,1,-1,1,1,-1,1,1,1,-1,-1,1,1,-1,1,1,-1,1,1,-1,1,1,1,-1,1,1,1,1,1,1,1,-1,1,-1,-1,1,1,-1,-1,1,1,-1,1,1,-1,-1,1,-1,1,1,1,1,-1,1,1,-1,1,1,-1,1,1,-1,1,1,1,-1,-1,1,-1,1,-1,1,1,1,1,-1,1,-1,1,1,1,1,-1,1,-1,1,1,1,1,-1,-1,1,1,1,1,1,1,-1,1,1,-1,-1,1,1,-1,-1,1,1,1,1,-1,1,-1,1,1,1,-1,1,-1,-1,1,1,1,1,-1,1,-1,1,-1,1,1,1,1,-1,1,1,1,1,1,-1,-1,1,1,1,1,1,1,-1,1,1,1,1,1,-1,1,1,1,-1,1,1,-1,-1,1,1,-1,1,1,1,1,1,-1,1,1,1,1,1,1,1,-1,1,1,1,1,1,1,-1,1,1,1,1,1,1,1,-1,1,1,1,-1,1,-1,1,1,1,1,-1,1,1,-1,1,-1,-1,1,1,-1,-1,-1,-1,1,1,1,-1,1,1,-1,1,1,-1,1,-1,1,-1,1,1,-1,-1,1,1,1,1,1,1,1,-1,1,1,1,-1,1,-1,1,-1,-1,1,1,1,-1,-1,-1,1,-1,1,1,-1,1,-1,-1,1,1,1,1,-1,-1,1,-1,-1,1,-1,1,-1,1,-1,-1,-1,1,1,-1,-1,1,-1,1,1,-1,-1,1,-1,-1,1,1,-1,-1,1,1,-1,1,-1,-1,-1,-1,-1,1,1,-1,1,-1,-1,1,1,1,-1,-1,1,-1,1,1,1,-1,-1,-1,-1,-1,1,1,-1,-1,1,-1,1,-1,1,1,-1,-1,1,-1,1,-1,1,-1,-1,-1,-1,-1,-1,1,-1,-1,-1,-1,1,-1,1,-1,-1,1,-1,-1,1,1,-1,-1,-1,1,-1,1,1,-1,-1,-1,1,-1,-1,1,1,1,-1,1,-1,1,-1,1,-1,1,-1,1,1,-1,-1,1,1,1,-1,1,-1,1,-1,1,1,1,-1,-1,-1,-1,-1,1,-1,1,-1,-1,-1,1,1,-1,1,-1,-1,-1,1,1,-1,1,-1,-1,-1,1,1,-1,1,-1,-1,-1,-1,1,1,1,-1,1,-1,-1,1,-1,1,-1,-1,1,1,-1,-1,1,1,-1,-1,-1,-1,-1,1,1,-1,1,-1,1,-1,1,1,-1,-1,1,-1,1,1,-1,-1,-1,-1,-1,1,1,-1,1,-1,-1,1,1,1,1,-1,-1,-1,-1,-1,1,-1,1,-1,-1,1,-1,1,1,-1,1,-1,-1,1,1,1,-1,1,-1,1,-1,1,1,-1,-1,-1,-1,-1,1,1,-1,1,-1,1,-1,1,1,1,-1,1,-1,-1,1,1,-1,-1,-1,1,-1,1,1,1,-1,1,-1,-1,-1,-1,1,-1,1,-1,-1,1,-1,-1,1,-1,1,-1,-1,1,-1,1,-1,1,-1,1,-1,1,-1,1,-1,-1,-1,1,-1,1,-1,-1,-1,-1,1,-1,1,-1,1,-1,-1,1,-1,1,1,-1,-1,-1,-1,1,1,1,1,-1,-1,1,-1,-1,1,1,-1,-1,-1,-1,1,-1,1,-1,-1,1,1,-1,1,1,-1,-1,1,-1,-1,1,1,-1,-1,-1,-1,1,-1,1,-1,-1,-1,-1,-1,1,-1,-1,1,-1,-1,1,-1,1,-1,-1,-1,-1,-1,1,1,1,-1,-1,-1,1,1,1,-1,-1,-1,1,-1,-1,1,-1,-1,-1,-1,1,1,1,-1,-1,-1,-1,1,-1,1,1,-1,1,-1,-1,1,1,-1,-1,-1,-1,-1,-1,1,1,-1,-1,1,-1,1,1,-1,-1,-1,1,-1,1,1,-1,-1,1,-1,-1,1,1,1,-1,1,-1,1,1,1,-1,-1,1,-1,-1,1,1,1,-1,1,-1,-1,1,1,-1,1,1,-1,-1,1,1,1,1,1,-1,-1,1,1,1,1,1,-1,-1,1,1,1,1,1,1,-1,1,1,1,-1,1,-1,-1,1,-1,1,1,1,1,-1,-1,1,-1,1,1,1,-1,1,1,1,1,-1,1,-1,1,1,1,1,1,1,1,-1,1,1,1,1,-1,1,-1,1,1,1,1,-1,1,-1,1,1,1,-1,-1,-1,1,1,1,-1,1,-1,1,1,1,1,1,-1,1,-1,1,1,1,1,-1,-1,-1,1,1,1,1,-1,-1,1,-1,-1,1,1,-1,1,-1,-1,1,1,1,-1,1,-1,1,-1,1,1,1,1,1,-1,1,1,1,-1,-1,1,-1,1,1,1,-1,1,-1,1,1,1,-1,-1,1,1,1,-1,1,1,-1,1,-1,1,1,1,-1,-1,1,-1,-1,-1,-1,-1,-1,1,-1,1,1,1,-1,1,1,-1,-1,1,1,1,-1,1,-1,1,1,1,1,-1,1,-1,1,1,1,1,-1,1,-1,1,1,1,1,-1,1,-1,1,-1,1,-1,-1,1,-1,-1,1,1,-1,-1,-1,1,-1,1,1,1,-1,1,-1,-1,1,-2670.0,1,2000,445,1000,True
638,1,1,-1,-1,1,-1,-1,-1,1,1,1,-1,1,1,1,1,-1,1,-1,-1,-1,-1,1,1,1,-1,-1,-1,1,1,1,1,1,-1,-1,-1,1,-1,1,1,-1,-1,-1,1,1,1,1,-1,1,1,1,1,-1,1,-1,-1,1,-1,1,1,-1,-1,-1,-1,1,1,1,1,-1,1,-1,1,1,1,1,-1,-1,-1,1,1,1,-1,-1,-1,1,1,1,1,-1,1,-1,1,1,1,1,-1,-1,1,1,-1,1,1,-1,-1,1,1,1,1,1,-1,-1,1,1,-1,1,1,-1,-1,1,1,1,1,1,1,-1,1,1,1,-1,1,1,-1,1,1,1,1,1,1,-1,-1,1,1,1,1,1,-1,1,1,1,1,1,1,-1,-1,-1,1,1,1,1,-1,1,1,1,1,-1,1,-1,1,-1,1,1,1,-1,-1,1,1,1,1,1,-1,1,-1,-1,1,-1,1,-1,1,1,1,1,1,1,1,1,1,-1,1,-1,1,-1,1,1,-1,1,-1,1,1,-1,1,-1,1,-1,1,-1,1,1,-1,1,-1,1,1,1,1,-1,-1,1,1,-1,-1,1,-1,1,-1,1,1,-1,1,-1,1,-1,1,-1,1,1,-1,-1,-1,1,1,-1,1,-1,1,1,1,-1,1,1,-1,-1,-1,1,-1,1,-1,1,-1,1,1,-1,1,-1,-1,-1,1,1,-1,1,-1,-1,-1,1,1,-1,-1,1,1,-1,-1,1,1,-1,1,1,-1,1,1,1,1,-1,1,-1,1,1,-1,1,-1,1,1,-1,1,1,1,1,1,-1,-1,1,-1,-1,1,1,1,-1,1,1,1,-1,1,-1,-1,1,1,1,1,1,-1,1,1,1,-1,-1,1,-1,1,1,1,-1,1,1,-1,-1,1,1,1,-1,1,-1,1,1,1,-1,1,1,-1,1,1,1,-1,1,-1,-1,1,1,1,-1,1,-1,-1,-1,1,1,-1,1,-1,-1,1,-1,1,-1,1,1,-1,-1,1,1,1,-1,1,-1,-1,1,1,-1,1,-1,-1,-1,-1,-1,-1,1,-1,-1,-1,1,1,-1,1,-1,-1,-1,1,1,1,1,-1,-1,1,1,1,-1,1,-1,-1,-1,-1,1,1,1,1,-1,-1,1,1,1,1,-1,-1,1,-1,-1,1,-1,1,-1,-1,1,-1,1,-1,-1,-1,1,1,-1,1,-1,1,-1,-1,1,-1,1,1,-1,-1,-1,1,-1,-1,1,1,-1,-1,1,-1,1,1,-1,1,-1,1,-1,-1,1,1,-1,-1,1,-1,1,1,-1,-1,1,1,-1,1,-1,1,-1,1,-1,-1,1,-1,1,-1,1,-1,-1,1,-1,-1,-1,1,-1,-1,1,-1,1,-1,1,-1,-1,1,-1,-1,1,-1,1,-1,1,-1,1,-1,1,1,-1,-1,-1,1,-1,1,-1,-1,1,-1,1,1,1,1,-1,-1,1,1,-1,1,1,-1,-1,1,1,1,-1,1,1,-1,1,1,1,1,1,1,1,-1,-1,-1,1,-1,1,1,-1,1,-1,1,-1,1,-1,-1,-1,1,1,-1,1,1,-1,-1,-1,1,-1,1,1,-1,1,-1,1,-1,-1,-1,-1,-1,-1,1,-1,-1,-1,-1,-1,-1,1,-1,1,1,1,1,-1,1,-1,1,1,-1,-1,-1,1,-1,-1,1,-1,1,-1,-1,1,1,1,1,-1,-1,1,1,1,1,-1,1,-1,-1,1,1,1,-1,-1,-1,1,1,1,1,-1,1,-1,1,-1,1,-1,1,1,-1,-1,1,1,1,-1,-1,-1,1,1,1,1,1,-1,-1,-1,1,1,1,1,-1,-1,-1,1,1,1,-1,-1,-1,1,1,1,1,1,-1,-1,-1,1,1,1,1,-1,-1,-1,1,1,-1,1,-1,-1,-1,1,1,1,1,-1,-1,1,1,1,1,-1,-1,1,1,-1,1,1,-1,-1,-1,1,1,1,1,1,-1,1,1,1,1,1,-1,-1,-1,1,-1,1,-1,-1,-1,-1,1,-1,1,1,-1,-1,-1,1,-1,1,1,-1,1,-1,1,1,1,1,-1,1,-1,1,-1,1,1,-1,-1,-1,1,1,-1,-1,-1,-1,-1,1,-1,1,-1,-1,-1,-1,-1,-1,-1,1,-1,-1,-1,1,-1,-1,1,-1,-1,-1,-1,-1,-1,1,-1,-1,-1,-1,-1,1,-1,-1,-1,1,-1,-1,1,-1,1,-1,-1,-1,-1,-1,-1,-1,1,-1,-1,-1,1,1,-1,-1,-1,-1,1,-1,-1,-1,-1,1,-1,-1,1,1,1,-1,-1,-1,-1,1,-1,1,1,-1,1,-1,-1,1,1,-1,-1,-1,-1,-1,-1,1,1,-1,-1,1,-1,1,1,-1,-1,-1,1,-1,1,1,-1,-1,1,-1,-1,1,1,1,-1,1,-1,1,1,1,-1,-1,1,-1,-1,1,1,1,-1,1,-1,-1,1,1,-1,1,1,-1,-1,1,1,1,1,1,-1,-1,1,1,1,1,1,-1,-1,1,1,1,1,1,1,-1,-1,1,1,1,1,-1,-1,1,-1,1,1,1,1,-1,-1,1,-1,1,1,1,-1,1,1,1,1,-1,1,-1,1,1,1,1,1,1,1,-1,1,1,1,1,-1,1,-1,1,1,1,1,1,-1,1,1,1,1,-1,1,1,-1,1,1,-1,1,1,-1,-1,1,1,1,1,-1,1,-1,1,1,1,-1,-1,1,-1,1,1,1,-1,1,-1,-1,-1,1,1,-1,-1,1,-1,-1,1,1,-1,-1,1,-1,-1,1,1,1,-1,1,-1,-1,1,1,-1,-1,-1,1,-1,-1,1,-1,1,1,-1,1,1,-1,-1,1,1,-1,-1,-1,1,-1,1,1,-1,1,1,-1,-1,-1,-1,1,-1,-1,-1,-1,1,-1,-1,1,1,-1,1,1,-1,1,1,1,1,-1,1,-1,1,1,1,1,-1,1,-1,1,1,1,1,-1,1,-1,-1,1,1,1,-1,1,-1,1,1,1,-1,-1,1,-1,-1,1,1,-1,-1,-1,1,-1,1,-1,1,-1,1,-1,-1,1,-2670.0,1,2000,445,0,False
639,1,1,-1,-1,1,-1,-1,-1,1,1,1,-1,1,1,1,1,-1,1,-1,-1,-1,-1,1,1,1,-1,-1,-1,1,1,1,1,-1,-1,-1,-1,1,-1,1,1,-1,-1,-1,1,1,1,1,-1,1,1,1,1,-1,1,-1,-1,1,-1,1,1,1,-1,-1,-1,1,1,1,1,-1,-1,-1,1,1,1,1,-1,-1,-1,1,1,1,-1,-1,-1,1,1,1,1,-1,-1,-1,1,1,1,1,-1,-1,1,1,-1,1,1,-1,-1,1,1,1,1,1,-1,-1,-1,1,-1,1,1,-1,-1,1,1,1,1,1,1,-1,-1,1,1,-1,1,1,-1,1,1,1,1,1,1,-1,1,1,1,1,1,1,-1,1,1,1,1,1,1,-1,-1,-1,1,1,1,1,-1,1,1,1,1,-1,1,-1,1,-1,1,1,1,-1,-1,1,1,1,1,1,-1,1,-1,-1,1,-1,1,-1,1,1,1,1,1,1,1,1,1,1,1,-1,1,-1,1,1,-1,1,-1,1,1,-1,1,-1,1,-1,1,-1,1,1,-1,-1,-1,1,1,1,1,-1,-1,1,1,-1,-1,1,-1,1,-1,-1,1,-1,1,-1,1,-1,1,-1,-1,1,-1,1,-1,1,1,-1,1,-1,1,1,1,-1,1,-1,-1,1,-1,1,-1,1,1,1,-1,1,1,-1,1,-1,-1,-1,1,1,-1,1,-1,-1,-1,1,1,-1,-1,1,1,-1,-1,1,1,-1,1,1,-1,1,1,1,1,-1,1,-1,1,1,-1,1,-1,1,1,1,1,1,1,1,1,-1,-1,1,-1,-1,-1,1,1,-1,1,1,1,-1,1,1,1,1,1,1,1,1,-1,1,1,1,-1,-1,1,-1,1,1,1,-1,1,1,-1,-1,1,1,1,-1,1,-1,1,1,1,-1,1,1,-1,1,1,1,-1,1,1,-1,1,1,1,-1,1,1,-1,-1,1,1,-1,1,1,-1,1,-1,1,-1,1,1,1,-1,1,1,1,-1,1,1,-1,1,1,-1,1,1,1,-1,-1,-1,-1,1,1,1,-1,1,1,-1,1,1,-1,-1,1,1,1,1,1,-1,1,1,1,-1,1,1,1,1,-1,1,1,1,-1,1,-1,1,1,1,1,1,1,-1,-1,-1,1,-1,-1,1,1,-1,1,1,1,1,1,1,1,-1,1,-1,-1,1,-1,1,-1,1,1,-1,1,1,1,-1,-1,1,-1,1,1,1,-1,1,1,1,-1,1,1,-1,-1,1,-1,1,1,1,-1,1,1,1,1,1,1,-1,1,-1,1,1,1,-1,1,1,-1,1,1,1,-1,-1,1,-1,1,1,1,-1,-1,1,-1,-1,1,1,-1,-1,1,-1,1,1,1,1,-1,1,-1,-1,1,1,1,-1,1,-1,-1,1,1,-1,-1,1,-1,-1,1,-1,1,-1,-1,1,-1,1,-1,1,-1,1,1,-1,-1,1,1,1,-1,1,-1,1,-1,-1,1,1,-1,-1,-1,1,-1,-1,1,1,1,-1,1,-1,1,1,1,-1,1,1,-1,1,-1,1,-1,-1,1,-1,-1,1,1,1,-1,1,-1,-1,1,1,-1,-1,1,-1,-1,1,1,-1,-1,1,-1,-1,-1,1,1,-1,1,-1,-1,-1,1,-1,-1,1,-1,1,-1,1,1,-1,-1,1,-1,-1,-1,-1,-1,1,1,1,-1,-1,1,-1,-1,1,-1,-1,1,-1,-1,-1,1,-1,-1,1,1,-1,1,1,-1,1,-1,1,-1,-1,1,1,-1,-1,-1,-1,-1,1,-1,-1,1,-1,-1,-1,1,1,-1,-1,-1,-1,-1,1,-1,-1,-1,-1,-1,-1,1,1,-1,-1,-1,-1,1,1,1,-1,-1,-1,-1,-1,1,1,1,-1,-1,-1,-1,1,1,-1,-1,-1,-1,1,1,1,1,-1,-1,1,1,1,1,1,-1,-1,-1,1,1,1,-1,1,-1,1,1,1,1,-1,1,-1,-1,1,-1,1,-1,1,-1,-1,1,-1,1,-1,-1,-1,-1,1,-1,1,-1,1,1,-1,1,-1,1,-1,1,1,-1,1,-1,1,-1,-1,-1,-1,1,1,-1,-1,-1,-1,-1,1,-1,1,-1,-1,-1,-1,-1,-1,-1,1,-1,-1,-1,1,-1,-1,1,-1,-1,-1,-1,-1,1,1,-1,-1,-1,-1,-1,1,-1,-1,-1,1,-1,-1,1,-1,1,-1,-1,-1,-1,-1,-1,-1,1,-1,-1,-1,1,1,-1,-1,-1,1,1,-1,-1,-1,-1,1,-1,-1,1,1,1,-1,-1,-1,-1,1,-1,1,1,-1,1,-1,-1,1,1,-1,-1,-1,-1,-1,-1,1,1,-1,-1,1,-1,1,1,-1,-1,-1,1,-1,1,1,-1,-1,1,-1,-1,1,1,1,-1,1,-1,1,1,1,-1,-1,1,-1,-1,1,-1,1,-1,1,-1,-1,1,1,-1,1,1,-1,-1,1,1,-1,1,1,-1,-1,1,1,-1,1,1,-1,-1,1,1,1,1,-1,1,-1,-1,1,1,-1,1,-1,-1,1,-1,1,1,1,1,-1,-1,1,-1,1,1,1,-1,1,-1,1,1,-1,1,-1,1,1,1,1,1,1,1,-1,-1,1,1,1,-1,1,-1,1,1,1,1,1,-1,1,-1,1,1,-1,1,1,-1,-1,1,-1,1,1,-1,-1,1,1,1,1,-1,1,-1,-1,1,1,-1,-1,1,-1,1,1,1,-1,1,-1,-1,-1,1,1,-1,-1,1,-1,-1,1,1,1,-1,1,-1,-1,1,1,1,-1,1,-1,-1,1,1,-1,-1,-1,1,-1,-1,1,-1,1,1,-1,1,1,-1,-1,1,1,-1,-1,1,1,-1,1,1,-1,1,1,-1,-1,-1,-1,1,-1,-1,-1,-1,1,-1,-1,1,1,-1,1,1,-1,1,1,1,1,-1,1,-1,1,1,1,-1,-1,1,-1,-1,1,1,-1,1,1,-1,1,1,1,-1,-1,1,-1,1,1,1,1,-1,1,-1,-1,1,1,-1,-1,1,1,-1,1,-1,1,-1,1,-1,-1,1,-2670.0,1,2000,445,0,False
640,-1,-1,1,1,1,1,-1,1,-1,-1,-1,1,-1,1,-1,-1,1,-1,1,1,1,1,-1,-1,-1,1,-1,-1,-1,-1,-1,-1,1,1,-1,1,1,-1,-1,-1,1,-1,1,-1,-1,-1,-1,-1,1,-1,1,-1,1,-1,1,-1,-1,1,-1,-1,-1,1,1,1,-1,-1,-1,-1,-1,-1,1,-1,-1,-1,-1,-1,1,1,-1,-1,-1,1,1,-1,-1,-1,-1,-1,-1,1,-1,-1,-1,-1,-1,-1,-1,1,-1,1,-1,-1,-1,-1,1,-1,-1,-1,-1,-1,-1,1,-1,1,-1,-1,-1,-1,1,-1,-1,1,-1,-1,-1,1,-1,-1,1,-1,-1,-1,1,-1,-1,1,-1,-1,-1,1,-1,-1,1,-1,-1,-1,-1,-1,-1,-1,-1,-1,-1,1,1,-1,1,1,-1,-1,1,1,-1,-1,-1,-1,-1,1,1,-1,-1,-1,-1,-1,1,-1,-1,1,-1,-1,1,-1,1,-1,-1,-1,-1,1,1,-1,-1,1,-1,1,1,1,1,-1,1,-1,-1,1,1,1,-1,1,-1,-1,-1,1,1,-1,1,-1,-1,1,1,1,-1,1,-1,1,1,1,1,1,-1,1,-1,-1,1,1,-1,-1,1,1,-1,1,1,-1,-1,1,-1,1,1,1,1,-1,1,-1,-1,1,1,-1,1,1,-1,1,1,1,-1,-1,1,-1,1,-1,1,1,1,1,-1,1,-1,1,1,-1,1,-1,1,-1,1,1,1,1,-1,-1,1,1,1,1,1,1,-1,1,1,-1,-1,1,1,1,-1,1,1,1,1,1,-1,-1,1,1,1,-1,1,1,1,1,1,1,1,1,-1,1,1,-1,1,1,1,1,-1,1,1,1,1,1,1,-1,1,1,1,1,1,-1,1,1,1,1,1,1,-1,1,1,1,-1,1,1,1,-1,1,1,-1,1,1,-1,1,1,-1,1,1,1,-1,1,1,1,-1,1,1,-1,1,1,1,-1,1,1,1,1,1,1,1,-1,1,-1,1,-1,1,-1,1,1,1,-1,-1,1,1,-1,1,-1,1,1,1,-1,-1,-1,-1,1,1,1,-1,1,1,-1,1,1,-1,1,1,1,-1,1,1,-1,-1,1,1,1,1,1,1,1,-1,1,-1,-1,-1,1,-1,1,-1,-1,1,1,1,-1,-1,-1,1,-1,1,1,-1,1,-1,-1,1,1,1,1,-1,-1,1,-1,-1,1,-1,1,-1,-1,-1,-1,-1,1,1,-1,-1,1,-1,1,1,-1,-1,1,-1,-1,1,1,-1,-1,-1,1,-1,1,-1,-1,-1,-1,-1,1,1,-1,1,-1,-1,1,1,1,-1,-1,1,-1,1,1,1,-1,-1,-1,-1,-1,1,1,-1,-1,1,-1,1,-1,1,1,-1,-1,1,-1,1,-1,1,-1,-1,1,-1,-1,-1,1,-1,-1,-1,-1,1,-1,1,-1,-1,1,-1,-1,1,1,-1,-1,-1,-1,-1,1,1,-1,-1,-1,1,-1,-1,1,1,1,-1,1,-1,1,-1,1,1,1,-1,1,1,-1,-1,1,1,1,1,-1,-1,1,-1,1,1,1,-1,-1,-1,-1,-1,1,1,1,-1,-1,-1,1,1,-1,1,-1,-1,-1,1,1,1,1,-1,-1,1,1,1,1,1,-1,-1,-1,-1,1,-1,1,-1,1,-1,-1,1,1,1,-1,-1,1,1,-1,-1,1,1,-1,-1,-1,-1,1,1,1,-1,1,-1,1,1,1,1,-1,-1,1,-1,1,1,-1,-1,-1,-1,-1,1,1,-1,1,-1,-1,1,-1,1,1,-1,-1,-1,-1,1,1,-1,1,-1,-1,1,1,1,1,-1,1,-1,-1,1,1,1,-1,1,-1,1,1,1,1,-1,1,-1,-1,1,-1,1,-1,1,-1,1,1,1,1,1,-1,1,-1,1,1,1,-1,-1,-1,1,1,1,-1,1,-1,1,-1,1,-1,-1,1,-1,1,-1,1,1,-1,-1,1,-1,1,1,-1,1,-1,1,-1,1,1,1,-1,1,-1,1,-1,1,-1,1,-1,1,-1,-1,1,1,1,-1,1,-1,1,1,-1,1,-1,1,1,-1,1,1,-1,1,1,1,1,1,-1,1,-1,-1,1,1,1,1,-1,-1,1,-1,1,1,1,-1,1,-1,1,1,1,1,-1,1,-1,1,1,1,1,1,-1,1,-1,1,1,1,-1,-1,-1,1,-1,1,1,-1,-1,1,-1,1,1,1,-1,-1,-1,1,1,1,1,-1,-1,1,1,1,1,1,1,1,-1,-1,1,1,-1,1,-1,1,1,1,1,1,-1,-1,1,-1,1,1,1,1,-1,-1,1,1,1,1,1,1,-1,-1,1,-1,1,1,-1,-1,1,1,1,1,1,-1,-1,1,1,1,1,1,1,-1,1,1,-1,1,1,-1,1,1,1,1,1,1,-1,-1,1,-1,1,1,1,-1,-1,1,1,1,1,1,-1,-1,1,1,1,1,1,-1,-1,1,1,1,1,1,-1,-1,1,1,-1,1,1,1,-1,1,1,-1,1,1,-1,-1,1,-1,1,1,1,1,-1,-1,1,-1,1,1,1,-1,1,1,-1,1,-1,1,-1,1,1,-1,1,1,1,1,-1,1,1,1,1,-1,1,-1,1,1,1,1,1,1,1,1,1,1,-1,1,-1,1,1,1,-1,1,1,1,1,1,-1,1,1,-1,1,1,1,-1,1,-1,-1,1,-1,1,-1,1,-1,1,-1,1,1,1,1,-1,-1,1,1,-1,-1,1,1,-1,1,1,-1,-1,1,1,-1,1,-1,1,1,1,-1,-1,-1,-1,1,1,-1,-1,1,1,1,1,1,-1,-1,1,1,1,1,-1,1,-1,1,-1,1,1,-1,1,-1,-1,-1,-1,-1,-1,-1,-1,1,-1,1,1,1,-1,1,1,-1,-1,1,-1,-1,-1,1,-1,1,1,1,1,-1,1,-1,1,1,1,-1,-1,1,-1,1,1,1,-1,-1,1,-1,1,-1,-1,-1,-1,1,-1,-1,1,1,-1,-1,-1,-1,1,1,-1,1,-1,1,-1,-1,1,-2670.0,1,2000,445,1000,True
641,1,1,-1,-1,1,1,-1,1,1,1,1,-1,1,1,1,1,-1,1,-1,-1,-1,1,1,1,1,-1,1,-1,1,1,1,1,-1,-1,-1,1,-1,1,1,1,-1,-1,1,1,1,1,1,-1,1,-1,1,1,-1,1,-1,-1,1,-1,1,1,1,-1,-1,-1,1,1,1,1,-1,-1,1,-1,1,1,1,-1,-1,1,-1,1,1,-1,-1,-1,-1,1,1,1,-1,-1,1,1,-1,1,1,-1,-1,-1,-1,1,1,1,-1,-1,1,-1,-1,1,1,-1,-1,-1,-1,-1,1,1,-1,-1,1,-1,-1,1,1,1,-1,-1,-1,-1,1,1,1,-1,1,-1,-1,1,1,1,-1,1,-1,-1,1,1,1,-1,1,-1,-1,-1,1,1,-1,-1,1,-1,1,1,1,-1,1,-1,-1,-1,1,1,-1,1,1,-1,1,1,-1,-1,1,-1,-1,1,1,-1,1,-1,1,-1,1,1,-1,1,1,-1,-1,-1,1,1,1,1,1,-1,-1,1,-1,1,1,1,-1,-1,1,1,-1,1,1,-1,1,1,-1,1,1,1,-1,1,1,1,1,1,1,1,-1,1,-1,-1,1,1,-1,-1,1,1,-1,1,1,-1,-1,1,-1,1,1,1,1,-1,1,1,-1,1,1,-1,1,1,-1,1,1,1,-1,-1,1,-1,1,-1,1,1,1,1,-1,1,-1,1,1,1,1,-1,1,-1,1,1,1,1,-1,-1,1,1,1,1,1,1,-1,1,1,-1,-1,1,1,1,-1,1,1,1,1,-1,1,-1,1,1,1,-1,1,1,1,1,1,1,1,-1,-1,-1,1,-1,1,1,1,1,-1,1,1,1,1,1,1,1,1,1,1,1,1,-1,1,1,1,1,1,1,-1,1,1,1,-1,1,1,1,-1,1,1,-1,1,1,-1,1,1,-1,1,1,1,-1,1,1,1,1,1,1,-1,1,1,1,-1,1,1,-1,1,1,1,1,-1,1,-1,1,-1,1,-1,1,1,1,-1,-1,1,1,-1,1,-1,1,1,1,-1,-1,-1,-1,1,-1,1,-1,1,1,-1,1,1,-1,1,-1,1,1,1,1,-1,-1,1,1,-1,1,1,1,1,-1,1,1,-1,-1,1,-1,1,-1,1,-1,1,1,-1,-1,-1,1,-1,1,1,-1,1,-1,1,-1,1,1,1,-1,-1,1,-1,-1,1,-1,1,-1,1,-1,1,1,1,1,-1,-1,1,-1,1,1,-1,-1,1,1,1,-1,1,-1,-1,1,-1,-1,1,-1,-1,-1,1,-1,1,1,-1,1,-1,1,-1,-1,1,-1,-1,1,1,-1,-1,1,-1,-1,-1,1,-1,1,1,-1,-1,1,-1,1,-1,1,1,-1,-1,1,-1,1,-1,1,-1,-1,1,-1,-1,-1,1,-1,-1,1,-1,1,-1,1,-1,-1,1,-1,-1,1,1,-1,-1,-1,1,-1,1,1,-1,-1,-1,1,-1,-1,1,1,1,-1,1,-1,1,-1,1,-1,1,-1,1,1,-1,-1,1,1,1,-1,1,-1,1,-1,1,1,1,-1,-1,-1,1,-1,1,-1,1,-1,-1,-1,1,1,-1,1,-1,-1,-1,1,1,-1,1,-1,-1,1,1,1,-1,1,-1,-1,-1,-1,1,1,1,-1,1,-1,-1,1,-1,1,-1,-1,1,-1,1,-1,1,1,-1,-1,-1,-1,-1,1,1,-1,-1,-1,1,-1,1,1,-1,-1,1,-1,1,1,-1,-1,-1,-1,-1,1,1,-1,1,-1,1,1,1,1,1,-1,-1,-1,-1,-1,1,-1,1,-1,-1,1,-1,1,1,-1,1,-1,-1,1,1,1,-1,1,-1,1,-1,1,1,-1,-1,-1,-1,-1,1,1,-1,1,-1,1,-1,1,1,-1,-1,1,-1,-1,1,1,-1,-1,-1,1,-1,1,1,1,-1,1,-1,-1,-1,-1,1,-1,1,-1,-1,1,-1,-1,1,-1,1,-1,1,1,-1,1,-1,1,-1,1,-1,1,-1,1,-1,-1,1,1,-1,1,-1,-1,-1,-1,1,-1,1,-1,1,-1,-1,1,-1,1,1,-1,-1,-1,-1,1,1,1,1,-1,-1,1,-1,-1,1,1,-1,-1,-1,-1,1,-1,1,-1,-1,1,1,-1,1,1,-1,-1,1,-1,-1,1,1,-1,-1,-1,-1,1,-1,1,-1,-1,-1,-1,-1,1,-1,-1,1,-1,-1,1,-1,1,-1,-1,-1,-1,-1,1,1,1,-1,-1,-1,1,1,1,-1,-1,-1,1,-1,-1,1,-1,-1,-1,-1,1,1,1,-1,-1,-1,-1,1,-1,1,1,-1,1,-1,-1,1,1,-1,-1,-1,-1,-1,-1,1,1,-1,-1,1,-1,1,1,-1,-1,-1,1,-1,1,1,-1,-1,1,-1,-1,1,1,1,-1,1,-1,1,1,1,-1,-1,1,-1,-1,1,1,1,-1,1,-1,-1,1,1,-1,1,1,-1,-1,1,1,-1,1,1,-1,-1,1,1,-1,1,1,-1,-1,1,1,1,1,1,1,-1,1,1,1,-1,1,-1,-1,1,-1,1,1,1,1,-1,-1,1,-1,1,1,1,-1,1,1,1,1,-1,1,-1,1,1,1,1,1,1,1,-1,-1,1,1,1,-1,1,-1,1,1,1,1,1,-1,1,1,1,1,-1,1,1,-1,1,1,-1,1,1,-1,-1,-1,1,1,1,-1,1,-1,1,1,1,-1,-1,1,-1,1,1,1,-1,1,-1,-1,-1,1,1,-1,-1,1,-1,-1,1,1,1,-1,1,-1,1,-1,1,1,-1,1,-1,-1,1,1,-1,-1,-1,1,1,-1,1,-1,1,1,-1,1,1,-1,-1,1,1,-1,-1,1,1,-1,1,1,1,1,1,-1,-1,-1,-1,-1,-1,-1,-1,-1,-1,1,1,1,1,-1,1,1,-1,1,1,1,1,-1,1,-1,1,1,1,-1,-1,1,-1,1,1,1,-1,-1,1,-1,1,1,1,-1,-1,1,-1,1,1,1,1,-1,1,-1,1,1,1,1,-1,-1,1,-1,1,1,1,-1,1,-1,1,1,-2670.0,1,2000,445,1000,True
642,1,1,-1,-1,1,-1,-1,-1,1,1,1,-1,1,1,1,1,-1,1,-1,-1,-1,-1,1,1,1,-1,-1,-1,1,1,1,1,-1,-1,-1,-1,1,1,1,1,-1,-1,-1,1,1,1,1,-1,1,1,1,1,-1,1,-1,-1,1,-1,1,1,1,-1,-1,-1,1,1,1,1,-1,-1,-1,1,1,1,1,-1,-1,-1,1,1,1,-1,-1,-1,1,1,1,1,-1,-1,-1,1,1,1,1,-1,-1,1,1,-1,1,1,-1,-1,1,1,1,1,1,-1,-1,-1,1,1,1,1,-1,-1,1,1,1,1,1,1,-1,-1,1,1,-1,1,1,-1,1,1,1,1,1,1,-1,1,1,1,1,1,1,-1,1,1,1,1,1,1,-1,-1,-1,1,1,1,1,-1,1,1,1,1,-1,1,-1,1,-1,1,1,1,-1,-1,1,1,1,1,1,-1,1,-1,-1,1,-1,1,-1,1,1,1,1,1,1,1,1,1,-1,1,-1,1,-1,1,1,-1,1,-1,1,1,-1,1,-1,1,-1,1,-1,1,1,-1,1,-1,1,1,1,1,-1,-1,1,1,-1,-1,1,-1,1,-1,-1,1,-1,1,-1,1,-1,1,-1,1,1,-1,-1,-1,1,1,-1,1,-1,1,1,1,-1,1,-1,-1,1,-1,1,-1,1,1,1,-1,1,1,-1,1,-1,-1,-1,1,1,-1,1,-1,-1,-1,1,1,-1,-1,1,1,-1,-1,1,1,-1,1,1,-1,1,1,1,1,-1,1,-1,1,1,-1,1,-1,1,-1,1,1,1,1,1,1,-1,-1,1,-1,-1,-1,1,1,-1,1,1,1,-1,1,1,1,1,1,1,1,1,-1,1,1,1,-1,1,1,-1,1,1,1,-1,1,1,-1,-1,1,1,1,-1,1,-1,1,1,1,-1,1,1,-1,1,1,1,-1,1,1,-1,1,1,1,-1,1,1,-1,-1,1,1,-1,1,1,-1,1,-1,1,-1,1,-1,1,-1,1,1,1,-1,-1,1,-1,1,1,-1,1,1,1,-1,-1,-1,-1,1,1,1,-1,1,1,-1,1,1,-1,-1,1,1,1,1,1,-1,1,1,1,-1,1,1,1,-1,-1,1,1,-1,-1,1,-1,1,-1,1,-1,1,1,-1,-1,-1,1,-1,1,1,-1,1,-1,1,-1,1,1,1,-1,-1,1,-1,-1,1,-1,1,-1,1,-1,1,1,1,1,-1,-1,1,-1,1,1,-1,-1,1,1,1,-1,1,-1,-1,1,-1,-1,1,1,-1,-1,1,-1,1,1,-1,1,-1,1,-1,-1,1,-1,-1,1,1,-1,1,1,-1,-1,-1,1,-1,1,1,1,-1,1,-1,1,-1,1,-1,-1,-1,1,-1,1,1,1,-1,-1,1,-1,-1,1,-1,-1,-1,1,-1,1,1,-1,-1,-1,1,-1,-1,1,-1,-1,-1,-1,1,-1,1,-1,-1,-1,-1,1,-1,-1,1,1,1,-1,1,-1,1,-1,1,-1,1,-1,-1,-1,1,-1,1,-1,1,1,-1,1,-1,-1,1,1,-1,1,1,-1,-1,-1,1,-1,-1,1,-1,-1,1,1,1,-1,1,-1,-1,1,1,-1,-1,1,-1,1,1,1,-1,-1,1,-1,-1,-1,1,1,-1,1,1,-1,-1,1,-1,-1,1,-1,1,1,1,1,-1,-1,1,-1,-1,-1,-1,-1,1,1,1,-1,-1,1,-1,-1,1,-1,-1,1,-1,-1,1,1,-1,-1,1,-1,-1,1,1,-1,1,-1,1,-1,-1,1,1,-1,-1,-1,-1,1,1,-1,-1,1,-1,-1,-1,1,1,-1,-1,-1,-1,-1,1,-1,-1,-1,-1,-1,1,1,1,-1,-1,-1,-1,-1,1,1,-1,-1,-1,-1,-1,1,1,1,-1,-1,-1,-1,1,1,-1,-1,-1,-1,1,1,1,1,1,-1,1,1,1,1,1,1,-1,-1,1,1,1,-1,-1,-1,1,1,1,1,-1,1,-1,-1,1,-1,1,-1,1,-1,-1,1,-1,1,1,1,-1,-1,1,-1,1,-1,1,-1,-1,1,-1,1,1,1,-1,-1,1,-1,1,1,1,-1,-1,1,1,-1,1,1,-1,-1,1,-1,1,-1,1,-1,-1,-1,-1,-1,1,1,-1,-1,1,-1,-1,1,1,-1,-1,-1,-1,1,-1,1,-1,-1,-1,-1,1,1,-1,-1,1,-1,-1,1,-1,1,-1,-1,-1,-1,-1,1,1,1,-1,-1,-1,1,1,1,-1,-1,1,1,-1,-1,1,-1,1,-1,-1,1,1,1,-1,-1,-1,-1,1,-1,1,1,-1,1,-1,-1,1,1,-1,-1,-1,-1,-1,-1,1,1,-1,-1,1,-1,1,1,-1,-1,-1,1,-1,1,1,-1,-1,1,-1,-1,1,1,1,-1,1,-1,1,1,1,-1,-1,1,-1,-1,1,1,1,-1,1,-1,-1,1,1,-1,1,1,-1,-1,1,1,-1,1,1,-1,-1,1,1,-1,1,1,-1,-1,1,1,1,1,1,1,-1,1,1,1,1,1,-1,-1,1,-1,1,1,1,1,-1,-1,1,-1,1,1,1,-1,1,1,1,1,-1,1,-1,1,1,1,1,1,1,1,-1,-1,1,1,1,-1,1,-1,1,1,1,1,1,-1,1,1,1,1,-1,1,1,-1,1,1,-1,1,1,-1,-1,1,1,1,1,-1,1,-1,1,1,1,-1,-1,1,-1,1,1,1,-1,1,-1,-1,-1,1,1,-1,-1,1,-1,-1,1,1,-1,-1,1,-1,1,1,1,1,-1,1,-1,-1,1,1,-1,-1,-1,1,1,-1,1,-1,1,1,-1,1,1,-1,-1,1,1,-1,-1,1,1,-1,1,1,1,1,1,-1,-1,-1,-1,-1,-1,-1,-1,-1,-1,1,1,1,1,-1,1,1,-1,1,1,1,1,-1,1,-1,1,1,1,-1,-1,1,-1,1,1,1,-1,1,1,-1,1,1,1,-1,-1,1,-1,1,1,1,1,-1,1,-1,1,1,1,-1,-1,1,1,-1,1,-1,1,-1,1,-1,1,1,-2670.0,1,2000,445,500,False
643,1,1,-1,-1,1,-1,-1,-1,1,1,1,-1,1,1,1,1,-1,1,-1,-1,-1,-1,1,1,1,-1,1,-1,1,1,1,1,-1,-1,-1,-1,1,1,1,1,-1,-1,-1,1,1,1,1,-1,1,1,1,1,-1,1,-1,-1,1,-1,1,1,1,-1,-1,-1,1,1,1,1,-1,-1,-1,1,1,1,1,-1,-1,-1,1,1,1,-1,-1,-1,1,1,1,1,-1,-1,-1,1,1,1,1,-1,-1,1,1,-1,1,1,-1,-1,1,1,1,1,1,-1,-1,-1,1,1,1,1,-1,-1,1,1,1,1,1,1,-1,-1,1,1,-1,1,1,-1,1,1,1,1,1,1,-1,1,1,1,1,1,1,-1,1,1,1,1,1,1,-1,-1,-1,1,1,1,1,-1,1,1,1,1,-1,1,-1,1,-1,1,1,1,-1,-1,1,1,1,1,1,-1,1,-1,-1,1,-1,1,-1,1,1,1,1,1,1,1,1,1,-1,1,-1,1,-1,1,1,-1,1,-1,1,1,-1,1,-1,1,-1,1,-1,1,1,-1,-1,-1,1,1,1,1,-1,-1,1,1,-1,-1,1,-1,1,-1,-1,1,-1,1,-1,1,-1,1,-1,-1,1,-1,-1,-1,1,1,-1,1,-1,1,1,1,-1,1,1,-1,1,-1,1,-1,1,-1,1,-1,1,1,-1,1,-1,-1,-1,1,1,-1,1,-1,-1,-1,1,1,-1,-1,1,1,-1,-1,1,1,-1,1,1,-1,1,1,1,1,-1,1,-1,1,1,-1,1,-1,1,-1,1,1,1,1,1,1,-1,-1,1,-1,-1,-1,1,1,-1,1,1,1,-1,1,1,1,1,1,1,1,1,-1,1,1,1,-1,1,1,-1,1,1,1,-1,1,1,-1,-1,1,1,1,-1,1,-1,1,1,1,-1,1,1,-1,1,1,1,-1,1,1,-1,1,1,1,-1,1,1,1,-1,1,1,-1,1,1,-1,1,-1,1,-1,1,1,1,-1,1,1,1,-1,1,1,-1,1,1,-1,1,1,1,-1,-1,-1,-1,1,1,1,-1,1,1,-1,1,1,-1,-1,1,1,1,1,1,-1,1,1,1,-1,1,1,1,1,-1,1,1,1,-1,1,-1,1,1,1,1,1,1,-1,-1,-1,1,-1,-1,1,-1,1,-1,1,1,1,1,1,-1,-1,1,-1,-1,1,-1,1,-1,1,1,1,1,1,1,-1,-1,1,-1,1,1,-1,-1,1,1,1,-1,1,-1,-1,-1,1,-1,1,1,-1,-1,1,1,1,1,-1,1,-1,1,-1,-1,1,-1,-1,-1,1,-1,1,1,-1,-1,-1,1,-1,1,1,1,-1,-1,1,-1,-1,1,-1,-1,-1,1,-1,1,1,1,-1,-1,1,-1,-1,1,-1,-1,-1,-1,-1,1,1,-1,-1,-1,1,-1,-1,1,-1,-1,-1,-1,1,-1,1,-1,-1,-1,-1,1,-1,-1,1,1,1,-1,1,-1,1,-1,1,1,1,-1,-1,-1,1,-1,-1,1,1,1,-1,1,-1,1,1,1,-1,1,1,-1,1,-1,1,-1,-1,1,-1,-1,1,1,1,-1,1,-1,-1,1,1,-1,-1,1,-1,-1,1,1,-1,-1,1,-1,-1,-1,1,1,-1,1,1,-1,-1,1,-1,-1,1,-1,1,-1,1,1,-1,-1,1,-1,-1,-1,-1,-1,1,1,1,-1,-1,1,-1,-1,1,-1,-1,1,-1,-1,1,1,-1,-1,1,-1,-1,1,1,-1,1,-1,1,-1,-1,1,1,-1,-1,-1,-1,-1,1,-1,-1,1,-1,-1,-1,1,1,-1,-1,-1,-1,-1,1,-1,-1,-1,-1,-1,-1,1,1,-1,-1,-1,-1,1,1,1,-1,-1,-1,-1,-1,1,1,1,-1,-1,-1,-1,1,1,-1,-1,-1,-1,1,1,1,1,1,-1,1,1,1,1,1,1,-1,-1,1,1,1,-1,1,-1,1,1,1,1,-1,1,-1,-1,1,-1,1,-1,1,-1,-1,1,-1,1,-1,1,-1,-1,1,-1,1,-1,1,-1,-1,1,-1,1,1,1,-1,-1,1,-1,1,1,1,-1,-1,1,1,-1,1,1,-1,-1,1,-1,1,-1,1,-1,-1,-1,-1,-1,1,1,-1,-1,1,-1,-1,1,1,-1,-1,-1,-1,-1,-1,1,-1,-1,-1,-1,1,1,-1,-1,1,-1,-1,1,-1,1,-1,-1,-1,-1,-1,1,1,1,-1,-1,-1,1,1,1,-1,-1,1,1,-1,-1,1,-1,1,-1,-1,1,1,1,-1,-1,-1,-1,1,-1,1,1,-1,1,-1,-1,1,1,-1,-1,-1,-1,-1,-1,1,1,-1,-1,1,-1,1,1,-1,-1,-1,1,-1,1,1,-1,-1,1,-1,-1,1,1,1,-1,1,-1,1,1,1,-1,-1,1,-1,-1,1,1,1,-1,1,-1,-1,1,1,-1,1,1,-1,-1,1,1,-1,1,1,-1,-1,1,1,-1,1,1,-1,-1,1,1,1,1,-1,1,-1,-1,1,1,-1,1,-1,-1,1,-1,1,1,1,1,-1,-1,1,-1,1,1,1,-1,1,1,1,1,-1,1,-1,1,1,1,1,1,1,1,-1,1,1,1,1,-1,1,-1,1,1,1,1,1,-1,1,1,1,1,-1,1,1,-1,1,1,-1,1,1,-1,-1,1,1,1,1,-1,1,-1,1,1,1,-1,-1,1,-1,1,1,1,-1,1,-1,-1,-1,1,1,-1,-1,1,-1,-1,1,1,-1,-1,1,-1,-1,1,1,1,-1,1,-1,-1,1,1,-1,-1,-1,1,-1,-1,1,-1,1,1,-1,1,1,-1,-1,1,-1,-1,-1,1,1,-1,1,1,-1,1,1,-1,-1,-1,-1,1,-1,-1,-1,-1,1,-1,-1,1,1,-1,1,1,-1,1,1,1,1,-1,1,-1,1,1,1,-1,-1,1,-1,-1,1,1,-1,-1,1,-1,1,1,1,-1,-1,1,-1,1,1,1,1,-1,1,-1,-1,1,1,-1,-1,-1,1,-1,1,-1,1,-1,1,-1,-1,1,-2670.0,1,2000,445,0,False
644,1,1,-1,-1,1,1,-1,-1,1,1,1,-1,-1,1,1,1,-1,1,-1,-1,1,1,1,1,1,-1,1,-1,1,1,1,1,1,1,-1,-1,1,1,1,1,-1,-1,1,1,1,1,1,-1,1,1,1,1,-1,1,-1,-1,1,-1,1,1,-1,-1,1,1,1,1,1,1,-1,-1,1,1,1,1,1,-1,1,-1,1,1,1,-1,-1,1,1,1,1,1,-1,-1,-1,1,1,1,1,-1,1,1,1,-1,1,1,-1,-1,1,1,1,1,1,-1,-1,1,1,1,1,1,-1,-1,1,1,1,1,1,1,-1,1,1,1,-1,1,1,-1,1,1,1,1,1,1,-1,1,1,1,1,1,1,-1,-1,1,1,1,1,1,-1,1,-1,1,1,1,1,-1,1,-1,1,1,-1,1,-1,1,-1,1,1,1,-1,-1,1,1,1,1,1,-1,1,-1,-1,1,-1,1,-1,1,1,1,1,1,1,1,1,1,-1,1,-1,1,-1,1,1,-1,1,-1,1,1,-1,1,-1,1,-1,1,-1,1,1,-1,1,-1,1,1,1,1,-1,-1,1,1,-1,-1,1,-1,1,-1,-1,1,-1,1,-1,1,-1,1,-1,-1,1,-1,-1,-1,1,1,-1,1,-1,1,1,1,-1,1,-1,-1,1,-1,1,-1,1,1,1,-1,1,1,-1,1,-1,-1,-1,1,1,-1,1,-1,-1,-1,1,1,-1,-1,1,1,-1,-1,1,1,-1,1,1,-1,1,1,1,1,-1,1,-1,1,1,-1,1,-1,1,1,-1,1,1,1,1,1,-1,-1,1,-1,-1,-1,1,1,-1,1,1,1,-1,1,-1,-1,1,1,1,1,1,-1,1,1,1,-1,1,1,-1,1,1,1,-1,1,1,-1,-1,1,1,1,-1,1,-1,1,1,1,-1,1,1,-1,1,1,1,-1,1,-1,-1,1,1,1,-1,1,-1,-1,-1,1,1,1,1,-1,-1,1,-1,1,-1,1,1,-1,-1,1,1,1,-1,1,-1,-1,1,1,-1,1,-1,-1,-1,-1,-1,-1,1,1,-1,-1,1,1,-1,1,-1,-1,-1,1,1,-1,1,-1,-1,1,1,-1,1,1,-1,-1,-1,-1,1,-1,-1,1,-1,-1,1,-1,-1,1,-1,-1,1,-1,-1,1,-1,1,-1,-1,1,-1,-1,1,-1,-1,1,1,-1,1,-1,1,-1,-1,1,-1,-1,-1,-1,-1,-1,1,-1,-1,1,1,-1,-1,1,-1,1,-1,-1,1,-1,1,-1,-1,1,1,-1,-1,1,-1,-1,-1,-1,-1,1,1,-1,-1,1,1,-1,1,-1,1,-1,1,1,-1,1,-1,-1,-1,-1,-1,-1,1,-1,1,-1,1,1,-1,1,-1,-1,1,-1,-1,1,-1,1,-1,1,-1,1,-1,1,1,-1,-1,-1,1,-1,1,-1,-1,1,-1,1,1,1,1,-1,-1,-1,1,-1,1,1,-1,-1,1,1,1,-1,1,1,-1,1,1,1,1,-1,-1,1,-1,-1,-1,1,-1,1,1,-1,-1,1,1,-1,1,-1,-1,-1,1,1,-1,1,1,-1,1,-1,1,-1,1,1,-1,-1,-1,1,-1,-1,-1,-1,1,-1,1,-1,-1,-1,-1,-1,-1,1,-1,1,1,1,1,-1,1,-1,1,1,-1,-1,-1,1,-1,-1,1,-1,1,-1,-1,1,1,1,1,-1,-1,1,1,1,1,-1,1,-1,-1,1,1,1,-1,-1,-1,1,1,1,1,-1,-1,-1,1,-1,1,-1,1,1,-1,-1,1,1,1,-1,-1,-1,1,1,1,1,1,-1,-1,-1,1,1,1,1,-1,-1,-1,1,1,1,-1,-1,-1,1,1,1,1,1,-1,-1,-1,1,1,1,1,-1,-1,-1,1,1,-1,1,-1,-1,-1,1,1,1,1,-1,-1,1,1,1,1,-1,-1,1,1,-1,1,1,-1,-1,-1,1,1,1,1,1,-1,1,1,1,1,1,-1,-1,-1,1,-1,1,-1,-1,-1,-1,1,-1,1,1,-1,-1,-1,1,-1,1,1,-1,-1,-1,1,1,1,1,-1,-1,-1,1,-1,1,1,-1,-1,-1,1,1,-1,-1,-1,-1,-1,1,-1,1,-1,-1,-1,-1,-1,-1,-1,1,-1,-1,-1,1,-1,-1,1,-1,-1,-1,-1,-1,-1,1,-1,-1,-1,-1,-1,1,-1,-1,-1,1,-1,-1,1,-1,1,-1,-1,-1,-1,-1,-1,-1,1,-1,-1,-1,1,1,1,-1,-1,1,-1,-1,-1,-1,-1,1,-1,-1,1,1,1,-1,-1,-1,-1,1,-1,1,1,-1,1,-1,-1,1,1,-1,-1,-1,-1,-1,-1,1,1,-1,-1,1,-1,1,1,-1,-1,-1,1,-1,1,1,-1,-1,1,-1,-1,1,1,1,-1,1,-1,1,1,1,-1,-1,1,-1,-1,1,1,1,-1,1,-1,-1,1,1,-1,1,1,-1,-1,1,1,1,1,1,-1,-1,1,1,1,1,1,-1,-1,1,1,1,1,-1,1,-1,1,1,1,-1,1,-1,-1,1,-1,1,1,1,1,-1,1,1,-1,1,1,1,-1,1,1,1,1,-1,1,-1,1,1,1,1,1,1,1,-1,1,1,1,1,-1,1,-1,1,1,1,1,1,1,1,1,1,1,-1,1,-1,1,1,1,-1,1,1,1,1,1,1,1,1,-1,1,1,1,1,1,-1,-1,1,-1,1,-1,1,-1,1,-1,1,1,1,1,-1,-1,1,1,-1,1,-1,1,-1,1,1,-1,-1,1,1,-1,-1,-1,1,1,1,-1,-1,-1,-1,1,1,-1,-1,1,1,1,1,1,-1,-1,1,1,1,1,-1,1,-1,1,-1,1,1,-1,1,-1,-1,-1,-1,-1,-1,-1,-1,1,-1,1,1,1,-1,1,1,-1,-1,1,-1,-1,-1,1,-1,1,1,1,1,-1,1,-1,1,1,1,-1,1,1,-1,1,1,1,1,-1,1,-1,1,-1,-1,-1,-1,1,-1,-1,1,1,-1,-1,1,-1,1,1,-1,1,-1,1,-1,-1,1,-2670.0,1,2000,445,0,False
645,1,1,-1,-1,1,1,-1,-1,1,1,1,-1,1,1,1,1,-1,1,-1,-1,-1,-1,1,1,1,-1,1,-1,1,1,1,1,-1,-1,-1,-1,1,-1,1,-1,1,-1,-1,1,1,1,1,-1,1,1,1,1,-1,1,-1,-1,1,-1,1,1,1,-1,-1,-1,1,1,1,1,-1,-1,-1,1,1,1,1,-1,-1,-1,1,1,1,-1,-1,-1,1,1,1,1,-1,-1,-1,1,1,1,1,-1,-1,1,1,-1,1,1,-1,-1,1,1,1,1,1,-1,-1,1,1,1,1,1,-1,-1,1,1,1,1,1,1,-1,1,1,1,-1,1,1,-1,1,1,1,1,1,1,-1,-1,1,1,1,1,1,-1,1,1,1,1,1,1,-1,-1,-1,1,1,1,1,-1,1,1,1,1,-1,1,-1,1,-1,1,1,1,-1,-1,1,1,1,1,1,-1,1,-1,-1,1,-1,1,-1,1,1,1,1,1,1,1,1,1,-1,1,-1,1,-1,1,1,-1,1,-1,1,1,-1,1,-1,1,-1,1,-1,1,1,-1,1,-1,1,1,1,1,-1,-1,1,1,-1,-1,1,-1,1,-1,-1,1,-1,1,-1,1,-1,1,-1,1,1,-1,1,-1,1,1,-1,1,-1,1,1,1,-1,1,1,-1,1,-1,1,-1,1,-1,1,-1,1,1,-1,1,-1,-1,-1,1,1,-1,1,-1,-1,-1,1,1,-1,-1,1,1,-1,-1,1,1,-1,1,1,-1,1,1,1,1,-1,1,-1,1,1,-1,1,-1,1,-1,1,1,1,1,1,1,-1,-1,1,-1,-1,-1,1,1,-1,1,1,1,-1,1,1,1,1,1,1,-1,1,-1,1,1,1,-1,-1,1,-1,1,1,1,-1,1,1,-1,-1,1,1,1,-1,1,-1,1,1,1,-1,1,1,-1,1,1,1,-1,1,1,-1,1,1,1,-1,1,1,1,-1,1,1,-1,1,1,-1,1,-1,1,-1,1,1,1,-1,1,1,1,1,1,1,-1,1,1,-1,1,-1,1,-1,-1,-1,-1,1,1,1,-1,1,1,-1,1,1,-1,-1,1,1,1,1,1,-1,1,1,1,-1,1,1,1,-1,-1,1,1,1,-1,1,-1,1,1,1,1,1,1,-1,-1,-1,1,-1,-1,1,-1,1,-1,1,1,1,1,1,-1,-1,1,-1,-1,1,-1,1,-1,1,1,-1,1,1,1,-1,-1,1,-1,1,1,-1,-1,1,1,1,-1,1,-1,-1,-1,1,-1,1,1,-1,-1,1,1,1,1,-1,1,-1,1,-1,1,1,-1,-1,-1,1,-1,1,1,-1,-1,-1,1,-1,1,1,1,-1,-1,1,-1,-1,1,-1,-1,-1,1,-1,1,1,1,-1,-1,1,-1,-1,1,-1,-1,-1,-1,-1,-1,1,-1,-1,-1,1,-1,-1,1,-1,-1,-1,-1,1,-1,1,-1,-1,1,-1,1,-1,-1,1,1,1,-1,1,-1,1,-1,1,-1,1,-1,-1,-1,1,-1,-1,1,1,1,-1,1,-1,1,1,1,-1,1,1,-1,1,-1,1,-1,-1,1,-1,-1,1,1,1,-1,1,-1,-1,1,1,-1,-1,1,-1,-1,1,1,-1,-1,1,-1,-1,-1,1,1,-1,1,1,-1,-1,1,-1,-1,1,-1,1,-1,1,1,-1,-1,1,-1,-1,-1,-1,-1,1,1,1,-1,-1,1,-1,-1,1,-1,-1,1,-1,-1,-1,1,-1,-1,1,-1,-1,1,1,-1,1,-1,-1,-1,-1,1,1,-1,-1,-1,-1,-1,1,-1,-1,1,-1,-1,-1,1,1,-1,-1,-1,-1,-1,1,-1,-1,-1,-1,-1,1,1,1,-1,-1,-1,-1,-1,1,1,-1,-1,-1,-1,-1,1,1,1,-1,-1,-1,-1,1,1,-1,-1,-1,-1,1,1,1,1,1,-1,1,1,1,1,1,1,-1,-1,1,1,1,-1,-1,-1,1,1,1,1,-1,1,-1,-1,1,-1,1,-1,1,-1,-1,1,-1,1,-1,1,-1,-1,1,-1,1,-1,1,1,-1,1,-1,1,1,1,1,-1,1,-1,1,1,1,-1,-1,1,1,-1,1,1,-1,-1,1,-1,1,-1,1,-1,-1,-1,-1,-1,1,1,-1,-1,1,-1,-1,1,1,-1,-1,-1,-1,-1,-1,1,-1,-1,-1,-1,1,1,-1,-1,1,-1,-1,1,-1,1,-1,-1,-1,-1,-1,1,1,1,-1,-1,-1,1,1,1,-1,-1,1,1,-1,-1,1,-1,1,-1,-1,1,1,1,-1,-1,-1,-1,1,-1,1,1,-1,1,-1,-1,1,1,-1,-1,-1,-1,-1,-1,1,1,-1,-1,1,-1,1,1,1,-1,-1,1,-1,1,1,-1,-1,1,-1,-1,1,1,1,-1,1,-1,1,1,1,-1,-1,1,-1,-1,1,1,1,-1,1,-1,-1,1,1,-1,1,1,-1,-1,1,1,1,1,1,-1,-1,1,1,-1,1,1,-1,-1,1,1,1,1,1,1,-1,-1,1,1,1,1,-1,-1,1,-1,1,1,1,1,-1,-1,1,-1,1,1,1,-1,1,1,1,1,-1,1,-1,1,1,1,1,1,1,1,-1,1,1,1,1,-1,1,-1,1,1,1,1,1,-1,1,1,1,1,-1,1,1,-1,1,1,-1,1,1,-1,-1,1,1,1,1,-1,1,-1,1,1,1,-1,-1,1,-1,1,1,1,-1,1,-1,-1,-1,1,1,-1,-1,1,-1,-1,1,1,-1,-1,1,-1,-1,-1,1,1,-1,1,-1,-1,1,1,-1,-1,-1,1,-1,-1,1,-1,1,1,-1,1,1,-1,-1,1,-1,-1,-1,1,1,-1,1,1,-1,1,1,-1,-1,1,-1,1,-1,-1,-1,-1,1,-1,-1,1,1,-1,1,1,-1,1,1,1,1,-1,1,-1,1,1,1,1,-1,1,-1,-1,1,1,1,-1,1,-1,1,1,1,1,-1,1,-1,1,1,1,-1,-1,1,-1,-1,1,1,-1,-1,-1,1,-1,1,1,1,-1,1,-1,-1,1,-2670.0,1,2000,445,0,False
646,1,1,-1,-1,1,1,-1,-1,1,1,1,-1,1,1,1,1,-1,1,-1,-1,-1,-1,1,1,1,1,-1,-1,1,1,1,1,-1,-1,-1,-1,1,1,1,1,-1,-1,-1,1,1,1,1,-1,1,1,1,1,-1,1,-1,-1,1,-1,1,1,1,-1,-1,-1,1,1,1,1,-1,-1,-1,1,1,1,1,-1,-1,-1,1,1,1,-1,-1,-1,1,1,1,1,-1,-1,-1,1,1,1,1,-1,-1,1,1,-1,1,1,-1,-1,1,1,1,1,1,-1,-1,-1,1,1,1,1,-1,-1,1,1,1,1,1,1,-1,-1,1,1,-1,1,1,-1,1,1,1,1,1,1,-1,1,1,1,1,1,1,-1,1,1,1,1,1,1,-1,-1,-1,1,1,1,1,-1,1,1,1,1,-1,1,-1,1,-1,1,1,1,-1,-1,1,1,1,1,1,-1,1,-1,-1,1,-1,1,-1,1,1,1,1,1,1,1,1,1,1,1,-1,1,-1,1,1,-1,1,-1,1,1,-1,1,-1,1,-1,1,-1,1,1,-1,1,-1,1,1,1,1,-1,-1,1,1,-1,-1,1,-1,1,-1,-1,1,-1,1,-1,1,-1,1,-1,1,1,-1,1,-1,1,1,-1,1,-1,1,1,1,-1,1,1,-1,1,-1,1,-1,1,-1,1,-1,1,1,-1,1,-1,-1,-1,1,1,-1,1,-1,-1,-1,1,1,-1,-1,1,1,-1,-1,1,1,-1,1,1,-1,1,1,1,1,-1,1,-1,1,1,-1,1,-1,1,1,-1,1,1,1,1,1,-1,-1,1,-1,-1,-1,1,1,-1,1,1,1,-1,1,-1,-1,1,1,1,1,1,-1,1,1,1,-1,1,1,-1,1,1,1,-1,1,1,-1,-1,1,1,1,-1,1,-1,1,1,1,-1,1,1,-1,1,1,1,-1,1,-1,-1,1,1,1,-1,1,-1,-1,-1,1,1,-1,1,-1,-1,1,-1,1,-1,1,1,-1,-1,1,1,1,-1,1,-1,-1,1,1,-1,1,-1,-1,-1,-1,-1,-1,1,1,-1,-1,1,1,-1,1,-1,1,-1,1,1,1,1,1,-1,1,1,1,-1,1,-1,-1,-1,-1,1,1,1,1,-1,-1,1,1,1,1,-1,-1,1,-1,-1,1,-1,1,-1,-1,1,-1,1,1,-1,-1,1,1,-1,1,-1,1,-1,-1,1,-1,1,1,-1,-1,-1,1,-1,-1,1,1,-1,-1,1,-1,1,1,-1,1,-1,1,-1,-1,1,1,-1,-1,1,-1,1,1,-1,-1,1,1,-1,1,-1,1,-1,1,-1,-1,1,-1,1,-1,1,-1,-1,1,-1,-1,-1,1,-1,-1,1,-1,1,-1,1,-1,-1,1,-1,-1,1,-1,1,-1,1,-1,1,-1,1,1,-1,-1,-1,1,-1,1,-1,-1,1,-1,1,1,1,1,-1,-1,1,1,-1,1,1,-1,-1,1,1,1,-1,1,1,-1,1,1,1,1,1,1,1,-1,-1,-1,1,-1,-1,1,1,1,-1,1,-1,1,-1,-1,-1,1,1,-1,1,1,-1,-1,-1,1,-1,1,1,-1,1,-1,1,-1,-1,-1,-1,-1,-1,1,-1,-1,-1,-1,-1,-1,1,-1,1,1,1,1,-1,1,-1,1,1,-1,-1,-1,1,-1,-1,1,-1,1,-1,-1,1,1,1,1,-1,-1,1,1,1,1,-1,1,-1,-1,1,1,1,-1,-1,-1,-1,1,1,1,-1,-1,-1,1,-1,1,-1,1,1,-1,-1,1,1,1,-1,-1,-1,-1,1,1,1,1,-1,-1,-1,1,1,1,1,-1,-1,-1,1,-1,1,-1,-1,-1,1,1,1,1,1,-1,-1,-1,1,1,1,1,-1,-1,-1,1,1,-1,1,-1,-1,-1,1,1,1,1,-1,-1,1,1,1,1,-1,-1,1,1,-1,1,1,-1,-1,-1,1,1,1,1,1,-1,1,1,1,1,1,-1,-1,-1,1,-1,1,-1,-1,-1,-1,1,-1,1,1,-1,-1,-1,1,-1,1,1,-1,-1,-1,1,1,1,1,-1,-1,-1,1,-1,1,1,-1,-1,-1,1,1,-1,-1,-1,-1,-1,1,-1,1,-1,-1,-1,-1,-1,-1,-1,1,-1,-1,-1,1,-1,-1,1,-1,-1,-1,-1,-1,-1,1,-1,-1,-1,-1,-1,1,-1,-1,-1,1,-1,-1,1,-1,1,-1,-1,-1,-1,-1,-1,-1,1,-1,-1,-1,1,1,-1,-1,-1,1,1,-1,-1,-1,-1,1,-1,-1,1,1,1,-1,-1,-1,-1,1,-1,1,1,-1,1,-1,-1,1,1,-1,-1,-1,-1,-1,-1,1,1,-1,-1,1,-1,1,1,-1,-1,-1,1,-1,1,1,-1,-1,1,-1,-1,1,1,1,-1,1,-1,1,1,1,-1,-1,1,-1,-1,1,1,1,-1,1,-1,-1,1,1,-1,1,1,-1,-1,1,1,-1,1,1,-1,-1,1,1,-1,1,1,-1,-1,1,1,1,1,1,1,-1,-1,1,1,-1,1,-1,-1,1,-1,1,1,1,1,-1,-1,1,-1,1,1,1,-1,1,1,1,1,-1,1,-1,1,1,1,1,1,1,1,-1,1,1,1,1,-1,1,-1,1,1,1,1,1,-1,1,1,1,1,-1,1,1,-1,1,1,-1,1,1,-1,-1,1,1,1,1,-1,1,-1,1,1,1,-1,-1,1,-1,1,1,1,-1,1,-1,-1,-1,1,1,-1,-1,1,-1,-1,1,1,-1,-1,1,-1,-1,1,1,1,-1,1,-1,-1,1,1,-1,-1,-1,1,-1,1,1,-1,1,1,-1,1,1,-1,-1,1,1,-1,-1,1,1,-1,1,1,-1,1,1,-1,-1,-1,-1,1,-1,-1,-1,-1,1,-1,-1,1,1,-1,1,1,-1,1,1,1,1,-1,1,-1,1,1,1,-1,-1,1,-1,-1,1,1,-1,-1,1,-1,1,1,1,-1,-1,1,-1,1,1,1,1,-1,1,-1,-1,1,1,-1,-1,-1,1,-1,1,-1,1,-1,1,-1,-1,1,-2670.0,1,2000,445,0,False
647,1,1,-1,-1,1,-1,-1,-1,1,1,1,-1,1,1,-1,1,-1,1,-1,-1,1,1,1,1,1,-1,1,-1,1,1,1,1,1,-1,-1,-1,1,1,1,-1,-1,-1,-1,1,1,1,1,-1,1,1,1,1,-1,1,-1,-1,1,-1,1,1,1,-1,-1,1,1,1,1,1,-1,-1,1,1,1,1,1,-1,-1,-1,1,1,1,-1,-1,-1,1,1,1,1,-1,-1,-1,1,1,1,1,-1,-1,1,1,-1,1,1,-1,-1,1,1,1,1,1,-1,-1,1,1,1,1,1,-1,-1,1,1,1,1,1,1,-1,1,1,1,-1,1,1,-1,1,1,1,1,1,1,-1,-1,1,1,1,1,1,-1,1,1,1,1,1,1,-1,-1,-1,1,1,1,1,-1,1,1,1,1,-1,1,-1,1,-1,1,1,1,-1,-1,1,1,1,1,1,-1,1,-1,-1,1,-1,1,-1,1,1,1,1,1,1,1,1,1,-1,1,-1,1,-1,1,1,-1,1,-1,1,1,-1,1,-1,1,-1,1,-1,1,1,-1,-1,-1,1,1,1,1,-1,-1,1,1,-1,-1,1,-1,1,-1,-1,1,-1,1,-1,1,-1,1,-1,-1,1,-1,1,-1,1,1,-1,1,-1,1,1,1,-1,1,1,-1,1,-1,1,-1,1,-1,1,-1,1,1,-1,1,-1,-1,-1,1,1,-1,1,-1,-1,-1,1,1,-1,-1,1,1,-1,-1,1,1,-1,1,1,-1,1,1,1,1,-1,1,-1,1,1,-1,1,-1,1,1,1,1,1,1,1,1,-1,-1,1,-1,-1,1,1,1,-1,1,1,1,-1,1,1,1,1,1,1,1,1,-1,1,1,1,-1,1,1,-1,1,1,1,-1,1,1,-1,-1,1,1,1,-1,1,-1,1,1,1,-1,1,1,-1,1,1,1,-1,1,1,-1,1,1,1,-1,1,1,-1,-1,1,1,-1,1,1,-1,1,-1,1,-1,1,1,1,-1,1,1,1,-1,1,1,-1,1,1,-1,1,1,1,-1,-1,-1,-1,1,1,1,-1,1,1,-1,1,1,-1,-1,1,1,1,1,1,-1,1,1,1,-1,1,1,1,-1,-1,1,1,-1,-1,1,-1,1,-1,1,-1,1,1,-1,-1,-1,1,-1,-1,1,1,-1,1,1,-1,1,1,1,1,-1,1,-1,-1,1,-1,1,-1,1,-1,1,1,1,1,-1,-1,1,-1,1,1,1,-1,1,1,1,-1,1,1,-1,1,-1,-1,1,1,1,-1,1,-1,1,1,1,1,-1,1,-1,-1,1,1,-1,1,1,-1,1,1,1,-1,-1,1,-1,1,1,1,-1,1,-1,1,-1,1,1,-1,-1,1,-1,1,1,1,1,-1,1,-1,-1,1,1,1,-1,1,-1,1,1,1,-1,-1,1,-1,-1,1,-1,1,-1,-1,1,-1,1,-1,1,1,-1,1,-1,-1,1,1,1,-1,1,-1,1,-1,-1,1,1,-1,-1,-1,1,-1,-1,-1,1,-1,1,1,-1,1,1,1,-1,1,1,-1,1,-1,1,-1,-1,1,-1,-1,1,1,-1,-1,1,-1,-1,1,1,1,-1,1,-1,-1,1,1,-1,-1,1,-1,-1,-1,1,1,-1,1,-1,-1,-1,1,-1,-1,1,-1,1,-1,1,1,-1,-1,1,-1,-1,-1,-1,-1,1,1,1,-1,-1,1,-1,-1,1,-1,-1,1,-1,-1,-1,1,-1,-1,1,-1,-1,1,1,-1,1,-1,-1,-1,-1,1,1,-1,-1,-1,-1,1,1,-1,-1,1,-1,-1,-1,1,1,-1,-1,-1,-1,-1,1,-1,-1,-1,-1,-1,-1,1,1,-1,-1,-1,-1,1,1,1,-1,-1,-1,-1,-1,1,1,1,-1,-1,-1,-1,1,1,-1,-1,-1,-1,1,1,1,1,-1,-1,1,1,1,1,1,-1,-1,-1,1,1,1,-1,1,-1,1,1,1,1,-1,1,-1,-1,1,-1,1,-1,1,-1,-1,1,-1,1,-1,-1,-1,-1,1,-1,1,-1,1,-1,-1,1,-1,1,-1,1,-1,-1,1,-1,1,-1,-1,-1,-1,1,1,-1,-1,-1,-1,-1,1,-1,1,-1,-1,-1,-1,-1,-1,-1,1,-1,-1,-1,1,-1,-1,1,-1,-1,-1,-1,-1,1,1,-1,-1,-1,-1,-1,1,-1,-1,-1,1,-1,-1,1,-1,1,-1,-1,-1,-1,-1,-1,-1,1,-1,-1,-1,1,1,1,-1,-1,1,1,-1,-1,-1,-1,1,-1,-1,1,-1,1,-1,-1,-1,-1,1,-1,1,1,-1,1,-1,-1,1,1,-1,-1,-1,-1,-1,-1,1,1,-1,-1,1,-1,1,1,-1,-1,-1,1,-1,1,1,-1,-1,1,-1,-1,1,1,1,-1,1,-1,1,1,1,-1,-1,1,-1,-1,1,1,1,-1,1,-1,-1,1,1,-1,1,1,-1,-1,1,1,1,1,1,-1,-1,1,1,-1,1,1,-1,-1,1,1,1,1,-1,1,-1,1,1,1,1,1,-1,-1,1,-1,1,1,1,1,-1,-1,1,-1,1,1,1,-1,1,1,1,1,-1,1,-1,1,1,1,1,1,1,1,-1,-1,1,1,1,-1,1,-1,1,1,1,1,1,-1,1,1,1,1,-1,1,1,-1,1,1,-1,1,1,-1,-1,1,1,1,1,-1,1,-1,1,1,1,-1,-1,1,-1,1,1,1,-1,1,-1,-1,-1,1,1,-1,-1,1,-1,-1,1,1,1,-1,1,-1,1,1,1,1,-1,1,-1,-1,1,1,-1,-1,-1,1,1,-1,1,-1,1,1,-1,1,1,-1,-1,1,1,-1,-1,1,1,-1,1,1,1,1,1,-1,-1,-1,-1,-1,-1,-1,-1,-1,-1,1,1,1,1,-1,1,1,-1,1,1,1,1,-1,1,-1,1,1,1,1,-1,1,-1,1,1,1,1,-1,1,-1,1,1,1,1,-1,1,-1,1,1,-1,-1,-1,1,-1,1,1,1,-1,-1,-1,1,-1,1,-1,1,-1,1,-1,1,1,-2670.0,1,2000,445,1000,False
648,1,1,-1,-1,1,1,-1,-1,1,1,1,-1,-1,1,1,1,-1,1,-1,-1,1,-1,1,1,1,-1,-1,-1,1,1,1,1,1,-1,-1,-1,1,1,1,1,-1,-1,-1,1,1,1,1,-1,1,1,1,1,-1,1,-1,-1,1,-1,1,1,1,-1,-1,-1,1,1,1,1,-1,-1,-1,1,1,1,1,-1,-1,-1,1,1,1,-1,-1,-1,1,1,1,1,-1,1,-1,1,1,1,1,-1,-1,1,1,-1,1,1,-1,-1,1,1,1,1,1,-1,-1,1,1,-1,1,1,-1,-1,1,1,1,1,1,1,-1,1,1,1,-1,1,1,-1,1,1,1,1,1,1,-1,-1,1,1,1,1,1,-1,1,1,1,1,1,1,-1,-1,-1,1,1,1,1,-1,1,1,1,1,-1,1,-1,1,-1,1,1,1,-1,-1,1,1,1,1,1,-1,1,-1,-1,1,-1,1,-1,1,1,1,1,1,1,1,1,1,-1,1,-1,1,-1,1,1,-1,1,-1,1,1,-1,1,-1,1,-1,1,-1,1,1,-1,-1,-1,1,1,1,1,-1,-1,1,1,-1,-1,1,-1,1,-1,-1,1,-1,1,-1,1,-1,1,-1,1,1,-1,1,-1,1,1,-1,1,-1,1,1,1,-1,1,1,-1,1,-1,1,-1,1,-1,1,-1,1,1,-1,1,-1,-1,-1,1,1,-1,1,-1,-1,-1,1,1,-1,-1,1,1,-1,-1,1,1,-1,1,1,-1,1,1,1,1,-1,1,-1,1,1,-1,1,-1,1,-1,1,1,1,1,1,1,-1,-1,1,-1,-1,1,1,1,-1,1,1,1,-1,1,1,1,1,1,1,1,1,-1,1,1,1,-1,-1,1,-1,1,1,1,-1,1,1,-1,-1,1,1,1,-1,1,-1,1,1,1,-1,1,1,-1,1,1,1,-1,1,1,-1,1,1,1,-1,1,1,-1,-1,1,1,-1,1,1,-1,1,-1,1,-1,1,1,1,-1,1,1,1,-1,1,1,-1,1,1,-1,1,1,1,-1,-1,-1,-1,1,1,1,-1,1,1,-1,1,1,-1,-1,1,1,1,1,1,-1,1,1,1,-1,1,1,1,1,-1,1,1,1,-1,1,-1,1,1,1,1,1,1,-1,-1,-1,1,-1,-1,1,1,-1,1,1,1,1,1,1,1,-1,1,-1,-1,1,-1,1,-1,1,1,1,1,1,1,-1,-1,1,-1,1,1,1,-1,1,1,1,-1,1,1,-1,-1,1,-1,1,1,1,-1,1,1,1,1,1,1,-1,1,-1,-1,1,1,-1,-1,1,-1,1,1,1,-1,-1,1,-1,1,1,1,-1,-1,1,-1,-1,1,1,-1,-1,1,-1,1,1,1,1,-1,1,1,-1,1,1,1,-1,-1,1,1,1,1,-1,-1,1,-1,-1,1,-1,1,-1,-1,1,-1,1,-1,1,1,-1,1,-1,-1,1,1,1,-1,1,-1,1,-1,-1,-1,1,-1,-1,-1,1,-1,-1,1,1,1,-1,1,-1,1,1,1,-1,1,1,-1,1,-1,1,-1,-1,1,-1,-1,1,1,1,-1,1,-1,-1,1,1,-1,-1,1,-1,-1,1,1,-1,-1,1,-1,-1,-1,1,1,-1,1,1,-1,-1,1,-1,-1,1,-1,1,-1,1,1,-1,-1,1,-1,-1,-1,-1,-1,1,1,1,-1,-1,1,-1,-1,1,-1,-1,1,-1,-1,-1,1,-1,-1,1,1,-1,1,1,-1,1,-1,1,-1,-1,1,1,-1,-1,-1,-1,-1,1,-1,-1,1,-1,-1,-1,1,1,-1,-1,-1,-1,-1,1,-1,-1,-1,-1,-1,-1,1,1,-1,-1,-1,-1,1,1,1,-1,-1,-1,-1,-1,1,1,1,-1,-1,-1,-1,1,1,-1,-1,-1,-1,1,1,1,1,-1,-1,1,1,1,1,1,-1,-1,-1,1,1,1,-1,1,-1,1,1,1,1,-1,1,-1,-1,1,-1,1,-1,1,-1,-1,1,-1,1,-1,-1,-1,-1,1,-1,1,-1,1,-1,-1,1,-1,1,-1,1,-1,-1,1,-1,1,-1,-1,-1,-1,1,1,-1,-1,-1,-1,-1,1,-1,1,-1,-1,-1,-1,-1,-1,-1,1,-1,-1,-1,1,-1,-1,1,-1,-1,-1,-1,-1,1,1,-1,-1,-1,-1,-1,1,-1,-1,-1,1,-1,-1,1,-1,1,-1,-1,-1,-1,-1,-1,-1,1,-1,-1,-1,1,1,-1,-1,-1,1,-1,-1,-1,-1,-1,1,-1,-1,1,-1,1,-1,-1,-1,-1,1,-1,1,1,-1,1,-1,-1,1,1,-1,-1,-1,-1,-1,-1,1,1,-1,-1,1,-1,1,1,-1,-1,-1,1,-1,1,1,-1,-1,1,-1,-1,1,1,1,-1,1,-1,1,1,1,-1,-1,1,-1,-1,1,1,1,-1,1,-1,-1,1,1,-1,1,1,-1,-1,1,1,-1,1,1,-1,-1,1,1,1,1,1,-1,-1,1,1,1,1,1,1,-1,-1,1,1,1,1,-1,-1,1,-1,1,1,1,1,-1,-1,1,-1,1,1,1,-1,1,1,1,1,-1,1,-1,1,1,1,1,1,1,1,-1,1,1,1,1,-1,1,-1,1,1,1,1,1,-1,1,1,1,1,-1,1,1,-1,1,1,-1,1,1,-1,-1,1,1,1,1,-1,1,-1,1,1,1,-1,-1,1,-1,1,1,1,-1,1,-1,-1,-1,1,1,-1,-1,1,-1,-1,1,1,1,-1,1,-1,-1,1,1,1,-1,1,-1,-1,1,1,-1,-1,-1,1,-1,1,1,-1,1,1,-1,1,1,-1,-1,1,-1,-1,-1,-1,1,-1,1,1,-1,1,1,-1,-1,1,-1,1,-1,-1,-1,-1,1,-1,-1,1,1,-1,1,1,-1,1,1,1,1,-1,1,-1,1,1,1,1,-1,1,-1,-1,-1,1,1,-1,1,-1,1,1,1,1,-1,1,-1,1,1,-1,-1,-1,1,-1,-1,1,1,-1,-1,-1,1,-1,1,-1,1,-1,1,-1,-1,1,-2670.0,1,2000,445,500,False
649,1,1,-1,-1,1,1,-1,-1,1,1,1,-1,-1,1,1,1,-1,1,-1,-1,-1,-1,1,1,1,-1,-1,-1,1,1,1,1,1,-1,-1,-1,1,-1,1,1,-1,-1,-1,1,1,1,-1,-1,1,1,1,1,-1,1,-1,-1,1,-1,1,1,-1,-1,-1,-1,1,1,1,-1,-1,-1,-1,1,1,1,1,-1,-1,-1,1,1,1,-1,-1,-1,1,1,1,1,-1,-1,1,1,1,1,1,-1,-1,-1,1,-1,1,1,-1,-1,1,1,1,1,1,-1,-1,-1,1,1,1,1,-1,-1,1,1,1,1,1,1,-1,-1,1,1,-1,1,1,-1,1,1,1,1,1,1,-1,1,1,1,1,1,1,-1,1,1,1,1,1,1,-1,-1,-1,1,1,1,-1,-1,1,1,1,1,-1,1,-1,1,-1,1,1,1,-1,-1,1,1,1,1,1,-1,1,-1,-1,1,-1,1,-1,1,1,1,1,1,1,-1,1,1,-1,1,-1,1,1,-1,1,-1,1,-1,1,-1,-1,1,-1,1,-1,1,-1,1,1,-1,-1,-1,1,1,1,1,-1,-1,1,1,-1,-1,1,-1,1,-1,1,1,-1,1,-1,1,-1,1,-1,1,1,-1,-1,-1,1,-1,1,1,-1,1,1,1,1,1,1,-1,-1,-1,-1,1,1,-1,1,-1,1,-1,1,1,-1,-1,-1,1,1,1,1,-1,-1,-1,1,1,-1,1,1,1,-1,-1,1,1,1,1,1,-1,1,1,-1,1,-1,1,-1,1,1,1,-1,-1,1,1,-1,1,1,1,1,1,-1,-1,1,-1,1,-1,1,1,-1,1,1,1,-1,1,-1,-1,1,1,1,-1,1,-1,1,1,1,-1,-1,1,-1,1,1,-1,-1,1,1,-1,-1,1,-1,1,-1,1,-1,1,1,1,-1,1,1,-1,1,1,1,-1,1,-1,-1,1,1,1,-1,1,-1,-1,-1,1,1,-1,1,-1,-1,1,-1,1,-1,1,1,-1,-1,1,1,1,1,1,-1,-1,1,1,-1,1,-1,1,-1,-1,-1,-1,1,1,-1,-1,1,1,-1,1,1,-1,-1,1,1,1,1,1,-1,1,1,1,-1,1,-1,-1,-1,-1,1,1,1,1,-1,-1,1,1,1,1,-1,-1,-1,-1,-1,1,-1,-1,-1,1,-1,1,1,1,1,1,1,1,-1,1,-1,1,-1,-1,1,-1,1,1,1,1,-1,1,-1,-1,1,1,-1,-1,1,-1,1,1,1,-1,-1,1,-1,-1,1,1,-1,1,1,-1,1,1,-1,-1,1,1,-1,1,-1,-1,-1,1,-1,-1,1,-1,-1,1,1,-1,-1,1,-1,-1,-1,1,-1,-1,1,-1,-1,-1,1,-1,-1,1,-1,-1,-1,1,1,-1,1,1,-1,-1,1,1,-1,-1,1,1,-1,1,-1,-1,1,-1,-1,1,-1,1,-1,-1,1,-1,1,-1,1,-1,-1,1,-1,-1,1,1,1,-1,1,-1,1,-1,1,-1,1,-1,-1,-1,1,-1,-1,-1,1,1,-1,1,-1,1,-1,1,-1,1,1,-1,1,1,1,-1,-1,1,-1,1,-1,1,1,-1,1,-1,-1,1,1,-1,-1,1,-1,-1,-1,1,-1,-1,1,-1,1,1,1,1,-1,1,-1,-1,1,1,-1,-1,1,-1,-1,-1,1,1,-1,-1,1,1,-1,-1,-1,-1,1,1,1,-1,1,1,-1,-1,1,1,-1,1,-1,-1,1,1,1,1,-1,-1,-1,1,-1,1,1,1,1,-1,-1,1,1,1,-1,-1,-1,1,1,1,1,1,-1,-1,-1,1,1,1,-1,-1,-1,-1,1,1,1,1,-1,-1,-1,1,1,1,1,-1,-1,1,1,1,1,1,-1,-1,-1,1,1,-1,1,-1,-1,-1,1,1,1,1,-1,-1,1,1,1,1,1,-1,1,1,-1,1,1,-1,-1,-1,1,1,1,-1,1,-1,1,1,1,1,1,1,-1,-1,1,-1,1,-1,1,-1,-1,1,-1,1,-1,-1,-1,-1,1,-1,1,1,-1,1,-1,1,1,1,-1,1,1,-1,1,-1,1,-1,-1,-1,-1,1,1,-1,-1,-1,-1,-1,1,-1,1,-1,-1,-1,-1,-1,-1,-1,1,-1,-1,-1,1,-1,-1,1,-1,-1,-1,-1,-1,1,1,-1,-1,-1,-1,-1,1,-1,-1,-1,1,-1,-1,1,-1,1,-1,-1,-1,-1,-1,-1,-1,1,-1,-1,-1,1,1,1,-1,-1,-1,1,-1,-1,-1,-1,1,-1,-1,1,-1,1,-1,1,-1,-1,1,-1,1,1,-1,1,-1,-1,1,1,-1,-1,-1,-1,-1,-1,1,1,-1,-1,1,-1,1,1,-1,-1,-1,1,-1,1,1,-1,-1,1,1,-1,1,1,1,-1,1,-1,1,1,1,-1,-1,1,-1,-1,1,1,1,1,-1,1,-1,1,1,1,-1,1,-1,-1,1,1,1,1,-1,1,-1,1,1,1,1,1,-1,-1,1,1,1,1,1,-1,-1,-1,1,1,1,-1,-1,-1,1,-1,1,1,1,-1,-1,-1,1,-1,1,1,-1,-1,1,1,1,1,1,-1,1,1,1,1,1,1,-1,1,-1,1,1,1,1,-1,1,-1,1,1,1,-1,1,-1,1,1,1,1,-1,1,1,-1,1,1,-1,1,1,-1,-1,1,1,1,1,-1,1,-1,1,1,1,-1,-1,1,-1,1,1,1,-1,1,-1,-1,-1,1,1,-1,1,1,-1,-1,1,1,1,-1,1,-1,-1,1,1,1,-1,1,-1,-1,1,1,-1,-1,-1,1,-1,1,1,-1,1,1,-1,1,1,-1,-1,1,-1,-1,-1,1,1,-1,1,1,-1,1,1,-1,-1,-1,-1,1,-1,-1,-1,-1,1,-1,-1,1,1,-1,1,1,-1,1,1,1,1,-1,1,-1,1,1,1,-1,-1,1,-1,-1,-1,1,-1,-1,1,-1,1,1,1,-1,-1,1,-1,1,1,1,1,-1,1,-1,-1,1,1,1,-1,-1,1,-1,1,-1,1,-1,1,-1,-1,1,-2670.0,1,2000,445,0,False
650,1,1,-1,-1,1,1,-1,-1,1,1,1,-1,1,1,1,1,-1,1,-1,-1,-1,-1,1,1,1,-1,1,-1,1,1,1,1,-1,-1,-1,-1,1,1,1,1,-1,-1,-1,1,1,1,1,-1,1,1,1,1,-1,1,-1,-1,1,-1,1,1,1,-1,-1,-1,1,1,1,1,-1,-1,-1,1,1,1,1,-1,-1,-1,1,1,1,-1,-1,-1,1,1,1,1,-1,1,-1,1,1,1,1,-1,-1,1,1,-1,1,1,-1,-1,1,1,1,1,1,-1,-1,1,1,1,1,1,-1,-1,1,1,1,1,1,1,-1,1,1,1,-1,1,1,-1,1,1,1,1,1,1,-1,-1,1,1,1,1,1,-1,1,1,1,1,1,1,-1,-1,-1,1,1,1,1,-1,1,1,1,1,-1,1,-1,1,-1,1,1,1,-1,-1,1,1,1,1,1,-1,1,-1,-1,1,-1,1,-1,1,1,1,1,1,1,1,1,1,1,1,-1,1,-1,1,1,-1,1,-1,1,1,-1,1,-1,1,-1,1,-1,1,1,-1,-1,-1,1,1,1,1,-1,-1,1,1,-1,-1,1,-1,1,-1,-1,1,-1,1,-1,1,-1,1,-1,1,1,-1,-1,-1,1,1,-1,1,-1,1,1,1,-1,1,1,-1,1,-1,1,-1,1,-1,1,-1,1,1,-1,1,-1,-1,-1,1,1,-1,1,-1,-1,-1,1,1,-1,-1,1,1,-1,-1,1,1,-1,1,1,-1,1,1,1,1,-1,1,-1,1,1,-1,1,-1,1,1,1,1,1,1,1,1,-1,-1,1,-1,-1,-1,1,1,-1,1,1,1,-1,1,1,1,1,1,1,1,1,-1,1,1,1,-1,1,1,-1,1,1,1,-1,1,1,-1,-1,1,1,1,-1,1,-1,1,1,1,-1,1,1,-1,1,1,1,-1,1,1,-1,1,1,1,-1,1,1,-1,-1,1,1,-1,1,1,-1,1,-1,1,-1,1,1,1,-1,1,1,1,-1,1,1,-1,1,1,-1,1,1,1,-1,-1,-1,-1,1,1,1,-1,1,1,-1,1,1,-1,-1,1,1,1,1,1,-1,1,1,1,-1,1,1,1,-1,-1,1,1,1,-1,1,-1,1,1,1,1,1,1,-1,-1,-1,1,-1,-1,1,1,-1,1,1,1,1,1,1,1,-1,1,-1,-1,1,-1,1,-1,1,1,1,1,1,1,-1,-1,1,-1,1,1,1,-1,1,1,1,-1,1,1,-1,-1,1,-1,1,1,1,-1,1,1,1,1,1,1,-1,1,-1,1,1,1,-1,-1,1,-1,1,1,1,-1,-1,1,-1,1,1,1,-1,-1,1,-1,-1,1,1,-1,-1,1,-1,1,1,1,1,-1,1,-1,-1,1,1,1,-1,-1,-1,-1,1,1,-1,-1,1,-1,-1,1,-1,1,-1,-1,1,-1,1,-1,1,-1,-1,1,-1,-1,1,1,1,-1,1,-1,1,-1,-1,1,1,-1,-1,-1,1,-1,-1,-1,1,1,-1,1,-1,1,1,1,-1,1,1,-1,1,-1,1,-1,-1,1,-1,-1,1,1,1,-1,1,-1,-1,1,1,-1,-1,1,-1,-1,1,1,-1,-1,1,-1,-1,-1,1,1,-1,1,1,-1,-1,1,-1,-1,1,-1,1,-1,1,1,-1,-1,1,-1,-1,-1,-1,-1,1,1,1,-1,-1,1,-1,-1,1,-1,-1,1,-1,-1,1,1,-1,-1,1,-1,-1,1,1,-1,1,-1,-1,-1,-1,1,1,-1,-1,-1,-1,1,1,-1,-1,1,-1,-1,-1,1,1,-1,-1,-1,-1,-1,1,-1,-1,-1,-1,-1,-1,1,1,-1,-1,-1,-1,1,1,1,-1,-1,-1,-1,-1,1,1,1,-1,-1,-1,-1,1,1,-1,-1,-1,-1,1,1,1,1,-1,-1,1,1,1,1,1,-1,-1,-1,1,1,1,-1,1,-1,1,1,1,1,-1,1,-1,-1,1,-1,1,-1,1,-1,-1,1,-1,1,-1,-1,-1,-1,1,-1,1,-1,1,-1,-1,1,-1,1,-1,1,-1,-1,1,-1,1,-1,-1,-1,-1,1,1,-1,-1,-1,-1,-1,1,-1,1,-1,-1,-1,-1,-1,-1,-1,1,-1,-1,-1,1,-1,-1,1,-1,-1,-1,-1,-1,-1,1,-1,-1,-1,-1,-1,1,-1,-1,-1,1,-1,-1,1,-1,1,-1,-1,-1,-1,-1,-1,-1,1,-1,-1,-1,1,1,-1,-1,-1,1,1,-1,-1,-1,-1,1,-1,-1,1,1,1,-1,-1,-1,-1,1,-1,1,1,-1,1,-1,-1,1,1,-1,-1,-1,-1,-1,-1,1,1,-1,-1,1,-1,1,1,-1,-1,-1,1,-1,1,1,-1,-1,1,-1,-1,1,1,1,-1,1,-1,1,1,1,-1,-1,1,-1,-1,1,-1,1,-1,1,-1,-1,1,1,-1,1,1,-1,-1,1,1,-1,1,1,-1,-1,1,1,-1,1,1,-1,-1,1,1,1,1,1,1,-1,-1,1,1,1,1,-1,-1,1,-1,1,1,1,1,-1,-1,1,-1,1,1,1,-1,1,1,1,1,-1,1,-1,1,1,1,1,1,1,1,-1,1,1,1,1,-1,1,-1,1,1,1,1,1,-1,1,1,1,1,-1,1,1,-1,1,1,-1,1,1,-1,-1,1,1,1,1,-1,1,-1,1,1,1,-1,-1,1,-1,1,1,1,-1,1,-1,-1,-1,1,1,-1,-1,1,-1,-1,1,1,-1,-1,1,-1,-1,-1,1,1,-1,1,-1,-1,1,1,-1,-1,-1,1,-1,-1,1,-1,1,1,-1,1,1,-1,-1,1,1,-1,-1,-1,1,-1,1,1,-1,1,1,-1,-1,-1,-1,1,-1,-1,-1,-1,1,-1,-1,1,1,-1,1,1,-1,1,1,1,1,-1,1,-1,1,1,1,1,-1,1,-1,-1,1,1,1,-1,1,-1,1,1,1,1,-1,1,-1,1,1,1,-1,-1,1,-1,-1,1,1,-1,-1,-1,1,-1,1,1,1,-1,1,-1,-1,1,-2670.0,1,2000,445,0,False
651,1,1,-1,-1,1,1,-1,-1,1,1,1,-1,1,1,1,1,-1,1,-1,-1,-1,-1,1,1,1,-1,1,-1,1,1,1,1,1,-1,-1,-1,1,-1,1,1,-1,-1,-1,1,1,1,1,-1,1,1,1,1,-1,1,-1,-1,1,-1,1,1,1,-1,-1,-1,1,1,1,1,-1,-1,-1,1,1,1,1,-1,-1,-1,1,1,1,-1,-1,-1,1,1,1,1,-1,-1,1,1,1,1,1,-1,-1,-1,1,-1,1,1,-1,-1,1,1,1,1,1,-1,-1,-1,1,1,1,1,-1,-1,1,1,1,1,1,1,-1,-1,1,1,-1,1,1,-1,1,1,1,1,1,1,-1,1,1,1,1,1,1,-1,1,1,1,1,1,1,-1,-1,-1,1,1,1,1,-1,1,1,1,1,-1,1,-1,1,-1,1,1,1,-1,-1,1,1,1,1,1,-1,1,-1,-1,1,-1,1,-1,1,1,1,1,1,1,1,1,1,-1,1,-1,1,-1,1,1,-1,1,-1,1,1,-1,1,-1,1,-1,1,-1,1,1,-1,1,-1,1,1,1,1,-1,-1,1,1,-1,-1,1,-1,1,-1,-1,1,-1,1,-1,1,-1,1,-1,-1,1,-1,-1,-1,1,1,-1,1,-1,1,1,1,-1,1,1,-1,1,-1,1,-1,1,-1,1,-1,1,1,-1,1,-1,-1,-1,1,1,-1,1,-1,-1,-1,1,1,-1,-1,1,1,-1,-1,1,1,-1,1,1,-1,1,1,1,1,-1,1,-1,1,1,-1,1,-1,1,1,1,1,1,1,1,1,-1,-1,1,-1,-1,-1,1,1,-1,1,1,1,-1,1,1,1,1,1,1,-1,1,-1,1,1,1,-1,1,1,-1,1,1,1,-1,1,1,-1,-1,1,1,1,-1,1,-1,1,1,1,-1,1,1,-1,1,1,1,-1,1,1,-1,1,1,1,-1,1,1,-1,-1,1,1,-1,1,1,-1,1,-1,1,-1,1,1,1,-1,1,1,1,-1,1,1,-1,1,1,-1,1,-1,1,-1,-1,-1,-1,1,1,1,-1,1,1,-1,1,1,-1,-1,1,1,1,1,1,-1,1,1,1,-1,1,1,1,-1,-1,1,1,1,-1,1,-1,1,1,1,1,1,1,-1,-1,-1,1,-1,-1,1,1,-1,1,1,1,1,1,1,1,-1,1,-1,-1,1,-1,1,-1,1,1,1,1,1,1,-1,-1,1,-1,1,1,1,-1,1,1,1,-1,1,1,-1,-1,1,-1,1,1,1,-1,1,1,1,1,1,1,-1,1,-1,1,1,1,-1,-1,1,-1,1,1,1,-1,-1,1,-1,1,1,1,-1,-1,1,-1,-1,1,1,-1,-1,1,-1,1,1,1,1,-1,1,1,-1,1,1,1,-1,-1,1,-1,1,1,-1,-1,1,-1,-1,1,-1,1,-1,-1,1,-1,1,-1,1,1,-1,1,-1,-1,1,1,1,-1,1,-1,1,-1,-1,1,1,-1,-1,-1,1,-1,-1,1,1,1,-1,1,-1,1,1,1,-1,1,1,-1,1,-1,1,-1,-1,1,-1,-1,1,1,1,-1,1,-1,-1,1,1,-1,-1,1,-1,-1,1,1,-1,-1,1,-1,-1,-1,1,1,-1,1,-1,-1,-1,1,-1,-1,1,-1,1,-1,1,1,-1,-1,1,-1,-1,-1,-1,-1,1,1,1,-1,-1,1,-1,-1,1,-1,-1,1,-1,-1,1,1,-1,-1,1,-1,-1,1,1,-1,1,-1,-1,-1,-1,1,1,-1,-1,-1,-1,-1,1,-1,-1,1,-1,-1,-1,1,1,-1,-1,-1,-1,-1,1,-1,-1,-1,-1,-1,1,1,1,-1,-1,-1,-1,-1,1,1,-1,-1,-1,-1,-1,1,1,1,-1,-1,-1,-1,1,1,-1,-1,-1,-1,1,1,1,1,-1,-1,1,1,1,1,1,-1,-1,-1,1,1,1,1,1,-1,1,1,1,1,-1,1,-1,-1,1,-1,1,-1,1,-1,-1,1,-1,1,-1,-1,-1,-1,1,-1,1,-1,1,1,-1,1,-1,1,-1,1,1,-1,1,-1,1,-1,-1,-1,-1,1,1,-1,-1,-1,-1,-1,1,-1,1,-1,-1,-1,-1,-1,-1,-1,1,-1,-1,-1,1,-1,-1,1,-1,-1,-1,-1,-1,1,1,-1,-1,-1,-1,-1,1,-1,-1,-1,1,-1,-1,1,-1,1,-1,-1,-1,-1,-1,-1,-1,1,-1,-1,-1,1,1,-1,-1,-1,1,-1,-1,-1,-1,-1,1,-1,-1,1,-1,1,-1,-1,-1,-1,1,-1,1,1,-1,1,-1,-1,1,1,-1,-1,-1,-1,-1,-1,1,1,-1,-1,1,-1,1,1,-1,-1,-1,1,-1,1,1,-1,-1,1,-1,-1,1,1,1,-1,1,-1,1,1,1,-1,-1,1,-1,-1,1,1,1,-1,1,-1,-1,1,1,-1,1,1,-1,-1,1,1,-1,1,1,-1,-1,1,1,1,1,1,-1,-1,1,1,1,1,-1,1,-1,-1,1,1,1,1,-1,-1,1,-1,1,1,1,1,-1,-1,1,-1,1,1,1,-1,1,1,1,1,-1,1,-1,1,1,1,1,1,1,1,-1,1,1,1,1,-1,1,-1,1,1,1,1,1,-1,1,1,1,1,-1,1,1,-1,1,1,-1,1,1,-1,-1,1,1,1,1,-1,1,-1,1,1,1,-1,-1,1,-1,1,1,1,-1,1,-1,-1,-1,1,1,-1,-1,1,-1,-1,1,1,1,-1,1,-1,-1,-1,1,1,-1,1,-1,-1,1,1,-1,-1,-1,1,-1,-1,1,-1,1,1,-1,1,1,-1,-1,1,-1,-1,-1,1,1,-1,1,1,-1,1,1,-1,-1,-1,-1,1,-1,-1,-1,-1,1,-1,-1,1,1,-1,1,1,-1,1,1,1,1,-1,1,-1,1,1,1,-1,-1,1,-1,-1,-1,1,-1,-1,1,-1,1,1,1,-1,-1,1,-1,1,1,1,1,-1,1,-1,-1,1,1,1,-1,-1,1,-1,1,-1,1,-1,1,-1,-1,1,-2670.0,1,2000,445,500,False
652,1,1,-1,-1,1,1,-1,-1,1,1,1,-1,-1,1,1,1,-1,1,-1,-1,-1,-1,1,1,1,1,-1,-1,1,1,1,1,-1,-1,-1,-1,1,-1,1,1,-1,-1,-1,1,1,1,1,-1,1,1,1,1,-1,1,-1,-1,1,-1,1,1,1,-1,-1,-1,1,1,1,1,-1,-1,-1,1,1,1,1,-1,-1,-1,1,1,1,-1,-1,-1,1,1,1,1,-1,-1,1,1,1,1,1,-1,-1,-1,1,-1,1,1,-1,-1,1,1,1,1,1,-1,-1,-1,1,1,1,1,-1,-1,1,1,1,1,1,1,-1,-1,1,1,-1,1,1,-1,1,1,1,1,1,1,-1,1,1,1,1,1,1,-1,1,1,1,1,1,1,-1,-1,-1,1,1,1,1,-1,1,1,1,1,-1,1,-1,1,-1,1,1,1,-1,-1,1,1,1,1,1,-1,1,-1,-1,1,-1,1,-1,1,1,1,1,1,1,1,1,1,-1,1,-1,1,-1,1,1,-1,1,-1,1,1,-1,1,-1,1,-1,1,-1,1,1,-1,1,-1,1,1,1,1,-1,-1,1,1,-1,-1,1,-1,1,-1,-1,1,-1,1,-1,1,-1,1,-1,1,1,-1,-1,-1,1,1,-1,1,-1,1,1,1,-1,1,1,-1,-1,-1,1,-1,1,-1,1,-1,1,1,-1,1,-1,-1,-1,1,1,-1,1,-1,-1,-1,1,1,-1,-1,1,1,-1,-1,1,1,-1,1,1,-1,1,1,1,1,-1,1,-1,1,1,-1,1,-1,1,1,1,1,1,1,1,1,-1,-1,1,-1,-1,-1,1,1,-1,1,1,1,-1,1,1,1,1,1,1,-1,1,-1,1,1,1,-1,-1,1,-1,1,1,1,-1,1,1,-1,-1,1,1,1,-1,1,-1,1,1,1,-1,1,1,-1,1,1,1,-1,1,1,-1,1,1,1,-1,1,1,-1,-1,1,1,-1,1,1,-1,1,-1,1,-1,1,1,1,-1,1,1,1,1,1,1,-1,1,1,-1,1,1,1,-1,-1,-1,-1,1,1,1,-1,1,1,-1,1,1,-1,-1,1,1,1,1,1,-1,1,1,1,-1,1,1,1,-1,-1,1,1,1,-1,1,-1,1,1,1,1,1,1,-1,-1,-1,1,-1,-1,1,1,-1,1,1,1,1,1,1,1,-1,1,-1,-1,1,-1,1,-1,1,1,1,1,1,1,-1,-1,1,-1,1,1,1,-1,1,1,1,-1,1,1,-1,-1,1,-1,1,1,1,-1,1,1,1,1,1,1,-1,1,-1,1,1,1,-1,-1,1,-1,1,1,1,-1,-1,1,-1,1,1,1,-1,-1,1,1,-1,1,1,-1,-1,1,-1,1,1,1,1,-1,1,-1,-1,1,1,1,-1,-1,-1,-1,1,1,-1,-1,1,-1,-1,1,-1,1,-1,-1,1,-1,1,-1,1,-1,-1,1,-1,-1,1,1,1,-1,1,-1,1,-1,-1,1,1,-1,-1,-1,1,-1,-1,1,1,1,-1,1,-1,1,1,1,-1,1,1,-1,1,-1,1,-1,-1,1,-1,-1,1,1,1,-1,1,-1,-1,1,1,-1,-1,1,-1,-1,1,1,-1,-1,1,-1,-1,-1,1,1,-1,1,1,-1,-1,1,-1,-1,1,-1,1,-1,1,1,-1,-1,1,-1,-1,-1,-1,-1,1,1,1,-1,-1,1,-1,-1,1,-1,-1,1,-1,-1,1,1,-1,-1,1,-1,-1,1,1,-1,1,-1,-1,-1,-1,1,1,-1,-1,-1,-1,1,1,-1,-1,1,-1,-1,-1,1,1,-1,-1,-1,-1,-1,1,-1,-1,-1,-1,-1,1,1,1,-1,-1,-1,-1,-1,1,1,-1,-1,-1,-1,-1,1,1,1,-1,-1,-1,-1,1,1,-1,-1,-1,-1,1,1,1,1,-1,-1,1,1,1,1,1,-1,-1,-1,1,1,1,1,1,-1,1,1,1,1,-1,1,-1,-1,1,-1,1,-1,1,-1,-1,1,-1,1,-1,-1,-1,-1,1,-1,1,-1,1,1,-1,1,-1,1,-1,1,1,-1,1,-1,1,-1,-1,-1,-1,1,1,-1,-1,-1,-1,-1,1,-1,1,-1,-1,-1,-1,-1,-1,-1,1,-1,-1,-1,1,-1,-1,1,-1,-1,-1,-1,-1,1,1,-1,-1,-1,-1,-1,1,-1,-1,-1,1,-1,-1,1,-1,1,-1,-1,-1,-1,-1,-1,-1,1,-1,-1,-1,1,1,-1,-1,-1,1,1,-1,-1,-1,-1,1,-1,-1,1,-1,1,-1,-1,-1,-1,1,-1,1,1,-1,1,-1,-1,1,1,-1,-1,-1,-1,-1,-1,1,1,-1,-1,1,-1,1,1,-1,-1,-1,1,-1,-1,1,-1,-1,1,-1,-1,1,1,1,-1,1,-1,1,1,1,-1,-1,1,-1,-1,1,1,1,-1,1,-1,-1,1,1,-1,1,1,-1,-1,1,1,-1,1,1,-1,-1,1,1,-1,1,1,-1,-1,1,1,1,1,1,1,-1,-1,1,1,-1,1,-1,-1,1,-1,1,1,1,1,-1,-1,1,-1,1,1,1,-1,1,1,1,1,-1,1,-1,1,1,1,1,1,1,1,-1,1,1,1,1,-1,1,-1,1,1,1,1,1,-1,1,1,1,1,-1,1,1,-1,1,1,-1,1,1,-1,-1,1,1,1,1,-1,1,-1,1,1,1,-1,-1,1,-1,1,1,1,-1,1,-1,-1,-1,1,1,-1,-1,1,-1,-1,1,1,-1,-1,1,-1,-1,1,1,1,-1,1,-1,-1,1,1,-1,-1,-1,1,-1,1,1,-1,1,1,-1,1,1,-1,-1,1,-1,-1,-1,1,1,-1,1,1,-1,1,1,-1,-1,-1,-1,1,-1,-1,-1,-1,1,-1,-1,1,1,-1,1,1,-1,1,1,1,1,-1,1,-1,1,1,1,-1,-1,1,-1,-1,1,1,-1,-1,1,-1,1,1,1,-1,-1,1,-1,1,1,1,1,-1,1,-1,-1,1,1,1,-1,-1,1,-1,1,1,1,-1,1,-1,-1,1,-2670.0,1,2000,445,1000,False
653,-1,-1,1,1,1,1,-1,1,-1,-1,-1,1,-1,1,-1,-1,1,-1,1,-1,-1,1,-1,-1,-1,1,-1,-1,-1,-1,-1,-1,1,-1,-1,1,1,-1,-1,1,-1,-1,1,-1,-1,1,-1,-1,1,-1,-1,-1,1,1,-1,-1,-1,1,-1,-1,1,-1,-1,1,-1,1,-1,-1,-1,-1,1,-1,-1,-1,1,-1,-1,1,-1,-1,-1,-1,-1,-1,-1,-1,-1,1,-1,-1,1,-1,-1,1,1,-1,-1,-1,-1,1,1,1,-1,-1,1,-1,-1,1,1,-1,-1,-1,-1,-1,1,1,-1,-1,1,-1,-1,1,1,1,-1,-1,-1,-1,1,1,1,-1,1,-1,-1,1,1,1,-1,1,-1,-1,1,1,1,-1,1,-1,-1,-1,1,1,-1,-1,1,-1,-1,1,1,-1,1,-1,-1,1,1,1,-1,1,1,-1,1,1,-1,-1,1,-1,-1,1,1,-1,1,-1,1,-1,1,1,-1,1,1,-1,-1,-1,1,-1,1,1,1,-1,1,1,1,-1,1,1,-1,-1,1,-1,-1,1,1,-1,1,1,-1,1,1,1,-1,1,1,1,1,1,1,1,-1,1,-1,-1,1,1,-1,-1,1,1,-1,1,1,-1,-1,1,-1,1,1,1,1,-1,1,-1,1,1,1,-1,1,1,1,1,1,1,-1,-1,-1,1,1,-1,1,1,1,-1,1,1,-1,1,1,1,1,1,1,-1,1,1,1,1,-1,1,1,1,1,1,1,1,1,1,1,-1,-1,1,-1,1,-1,1,1,1,1,1,1,-1,1,1,1,-1,1,1,1,1,1,1,1,-1,1,-1,1,-1,1,1,1,1,-1,1,1,1,1,1,-1,1,1,1,1,1,1,-1,1,1,1,1,1,-1,-1,1,1,1,-1,1,-1,1,-1,1,1,-1,1,1,-1,1,1,-1,1,1,1,-1,1,1,1,-1,1,1,-1,1,1,1,-1,1,1,1,1,1,1,1,-1,1,-1,1,-1,1,-1,1,1,-1,-1,-1,1,1,-1,1,-1,1,1,1,-1,-1,-1,-1,1,1,1,-1,1,1,-1,1,1,-1,1,-1,1,-1,1,1,-1,1,1,-1,1,1,1,1,1,-1,1,-1,-1,-1,1,-1,1,-1,-1,1,1,1,-1,-1,-1,1,-1,1,1,-1,1,-1,-1,1,1,1,1,-1,-1,1,-1,-1,1,-1,1,-1,-1,-1,-1,-1,1,1,-1,-1,1,-1,1,1,-1,-1,1,-1,-1,1,1,-1,-1,-1,1,-1,1,-1,-1,-1,-1,-1,1,1,-1,1,-1,-1,1,1,1,-1,-1,1,-1,1,1,1,-1,-1,-1,-1,-1,1,1,-1,-1,1,-1,1,-1,1,1,-1,-1,1,-1,1,-1,1,-1,-1,1,-1,-1,-1,1,-1,-1,-1,-1,1,-1,1,-1,-1,1,-1,-1,1,1,-1,-1,-1,-1,-1,1,1,-1,-1,-1,1,-1,-1,1,1,1,-1,1,-1,1,-1,1,-1,1,-1,1,1,-1,-1,1,1,1,-1,1,-1,1,-1,1,1,1,-1,-1,-1,-1,-1,1,1,1,-1,-1,-1,1,1,-1,1,-1,-1,-1,1,1,1,1,-1,-1,-1,1,1,1,1,-1,-1,-1,-1,1,-1,1,-1,1,-1,-1,1,1,1,-1,-1,1,1,-1,-1,1,1,-1,-1,-1,-1,1,1,1,-1,-1,-1,1,1,1,1,-1,-1,1,-1,1,1,-1,-1,-1,-1,-1,1,1,-1,1,-1,-1,1,1,1,1,-1,-1,-1,-1,1,1,-1,1,-1,-1,1,1,1,1,-1,1,-1,-1,1,1,1,-1,1,-1,1,1,1,1,-1,-1,-1,-1,1,1,1,-1,1,-1,1,1,1,1,-1,-1,1,-1,1,1,1,-1,-1,-1,1,1,1,1,-1,-1,1,-1,1,-1,-1,1,-1,1,-1,1,1,-1,-1,1,-1,1,1,-1,1,-1,1,-1,1,-1,1,-1,1,-1,1,-1,1,-1,1,-1,1,-1,-1,1,-1,1,-1,1,-1,1,1,-1,1,-1,1,1,-1,1,-1,-1,1,1,1,1,1,-1,1,-1,-1,1,1,1,1,-1,-1,1,-1,1,1,-1,1,1,1,1,1,1,-1,1,-1,-1,1,1,1,1,-1,-1,1,-1,1,1,-1,-1,-1,-1,1,-1,-1,1,-1,-1,1,-1,1,1,-1,-1,-1,-1,1,1,1,-1,-1,-1,1,1,1,1,-1,-1,1,-1,-1,1,1,-1,-1,-1,1,1,1,1,-1,-1,-1,1,-1,1,1,-1,1,-1,-1,1,1,1,-1,-1,-1,-1,-1,1,-1,-1,-1,1,-1,1,1,-1,-1,-1,1,-1,1,1,1,-1,1,1,-1,1,1,1,-1,1,-1,1,1,1,-1,-1,1,-1,-1,1,1,1,1,-1,1,-1,1,1,1,-1,1,-1,-1,1,1,-1,1,-1,1,-1,1,1,1,1,1,-1,-1,1,1,1,1,1,-1,-1,1,1,-1,1,-1,-1,-1,1,-1,1,1,1,-1,1,1,1,-1,1,1,-1,-1,1,1,1,1,1,-1,1,1,1,1,1,1,-1,1,-1,1,1,1,1,-1,1,-1,1,1,1,-1,-1,1,1,1,1,1,-1,1,-1,1,1,1,-1,1,1,1,1,1,1,1,1,-1,1,1,1,1,1,-1,-1,1,-1,1,1,1,-1,1,-1,1,1,1,1,-1,-1,1,1,-1,1,1,1,-1,1,1,-1,1,1,1,-1,1,-1,1,1,1,-1,-1,-1,-1,1,1,1,-1,1,1,1,1,1,-1,-1,1,1,1,1,1,1,-1,1,-1,1,1,1,-1,-1,-1,-1,-1,-1,-1,-1,-1,-1,-1,1,1,1,-1,1,1,-1,-1,1,1,1,-1,1,-1,1,1,1,-1,-1,1,-1,1,1,1,-1,-1,1,-1,1,1,1,-1,-1,1,-1,1,-1,1,1,-1,1,-1,-1,1,1,1,-1,-1,-1,1,1,1,1,-1,1,-1,-1,1,-2670.0,1,2000,445,1000,True
654,1,1,-1,-1,1,-1,-1,-1,1,1,1,-1,1,1,1,1,-1,1,1,-1,1,-1,1,1,1,1,-1,-1,1,1,1,1,-1,-1,-1,-1,1,1,1,1,-1,-1,-1,1,1,1,1,-1,1,1,1,1,-1,1,-1,-1,1,-1,1,1,1,-1,-1,-1,1,1,1,1,-1,-1,-1,1,1,1,1,-1,-1,-1,1,1,1,-1,-1,-1,1,1,1,1,-1,-1,-1,1,1,1,1,-1,-1,1,1,-1,1,1,-1,-1,1,1,1,1,1,-1,-1,1,1,1,1,1,-1,-1,1,1,1,1,1,1,-1,-1,1,1,-1,1,1,-1,1,1,1,1,1,1,-1,-1,1,1,1,1,1,-1,1,1,1,1,1,1,-1,-1,-1,1,1,1,1,-1,1,1,1,1,-1,1,-1,1,-1,1,1,1,-1,-1,1,1,1,1,1,-1,1,-1,-1,1,-1,1,-1,1,1,1,1,1,1,1,1,1,-1,1,-1,1,-1,1,1,-1,1,-1,1,1,-1,1,-1,1,-1,1,-1,1,1,-1,1,-1,1,1,1,1,-1,-1,1,1,-1,-1,1,-1,1,-1,1,1,-1,1,-1,1,-1,1,-1,1,1,-1,1,-1,1,1,-1,1,-1,1,1,1,-1,1,1,-1,1,-1,1,-1,1,-1,1,-1,1,1,-1,1,-1,-1,-1,1,1,-1,1,-1,-1,-1,1,1,-1,-1,1,1,-1,-1,1,1,-1,1,1,-1,1,1,1,1,-1,1,-1,1,1,-1,1,-1,1,1,1,1,1,1,1,1,-1,-1,1,-1,-1,-1,1,1,-1,1,1,1,-1,1,1,1,1,1,1,1,1,-1,1,1,1,-1,1,1,-1,1,1,1,-1,1,1,-1,-1,1,1,1,-1,1,-1,1,1,1,-1,1,1,-1,1,1,1,-1,1,1,-1,1,1,1,-1,1,1,1,-1,1,1,-1,1,1,-1,1,-1,1,-1,1,1,1,-1,1,1,1,1,1,1,-1,1,1,-1,1,1,1,-1,-1,-1,-1,1,1,1,-1,1,1,-1,1,1,-1,-1,1,1,1,1,1,-1,1,1,1,-1,1,1,1,1,-1,1,1,1,-1,1,-1,1,1,1,1,1,1,-1,-1,-1,1,-1,-1,1,-1,1,-1,1,1,1,1,1,-1,-1,1,-1,-1,1,-1,1,-1,1,1,1,1,1,1,-1,-1,1,-1,1,1,-1,-1,1,1,1,-1,1,-1,-1,-1,1,-1,1,1,-1,-1,1,1,1,1,-1,1,-1,1,-1,1,1,-1,-1,-1,1,-1,1,1,-1,-1,-1,1,-1,1,1,1,-1,-1,1,1,-1,1,-1,-1,-1,1,-1,1,1,1,-1,-1,1,1,-1,1,-1,-1,-1,-1,-1,-1,1,-1,-1,-1,1,-1,-1,1,-1,-1,-1,-1,1,-1,1,-1,-1,-1,-1,1,-1,-1,1,1,1,-1,1,-1,1,-1,1,-1,1,-1,-1,-1,1,-1,-1,-1,1,1,-1,1,-1,1,1,1,-1,1,1,-1,-1,-1,1,-1,-1,1,-1,-1,1,1,1,-1,1,-1,-1,1,1,-1,-1,1,-1,-1,1,1,-1,-1,1,-1,-1,-1,1,1,-1,1,-1,-1,-1,1,-1,-1,1,-1,1,-1,1,1,-1,-1,1,-1,-1,-1,-1,-1,1,1,1,-1,-1,1,-1,-1,1,-1,-1,1,-1,-1,-1,1,-1,-1,1,-1,-1,1,1,-1,1,-1,-1,-1,-1,1,1,-1,-1,-1,-1,-1,1,-1,-1,1,-1,-1,-1,1,1,-1,-1,-1,-1,-1,1,-1,-1,-1,-1,-1,1,1,1,-1,-1,-1,-1,-1,1,1,-1,-1,-1,-1,-1,1,1,1,-1,-1,-1,-1,1,1,-1,-1,-1,-1,1,1,1,1,1,-1,1,1,1,1,1,1,-1,-1,1,1,1,-1,-1,-1,1,1,1,1,-1,1,-1,-1,1,-1,1,-1,1,-1,-1,1,-1,1,-1,1,-1,-1,1,-1,1,-1,1,-1,-1,1,-1,1,1,1,-1,-1,1,-1,1,1,1,-1,-1,1,1,-1,1,1,-1,-1,1,-1,1,-1,1,-1,-1,-1,-1,-1,1,1,-1,-1,1,-1,-1,1,1,-1,-1,-1,-1,-1,-1,1,-1,-1,-1,-1,1,1,-1,-1,1,-1,-1,1,-1,1,-1,-1,-1,-1,-1,1,1,1,-1,-1,-1,1,1,1,-1,-1,-1,1,-1,-1,1,-1,1,-1,-1,1,1,1,-1,-1,-1,-1,1,-1,1,1,-1,1,-1,-1,1,1,-1,-1,-1,-1,-1,-1,1,1,-1,-1,1,-1,1,1,-1,-1,-1,1,-1,1,1,-1,-1,1,-1,-1,1,1,1,-1,1,-1,1,1,1,-1,-1,1,-1,-1,1,1,1,-1,1,-1,-1,1,1,-1,1,1,-1,-1,1,1,-1,1,1,-1,-1,1,1,-1,1,1,-1,-1,1,1,1,1,1,1,-1,-1,1,-1,1,1,-1,-1,1,-1,1,1,1,1,-1,-1,1,-1,1,1,1,-1,1,1,1,1,-1,1,-1,1,1,1,1,1,1,1,-1,1,1,1,1,-1,1,-1,1,1,1,1,1,-1,1,1,1,1,-1,1,1,-1,1,1,-1,1,1,-1,-1,1,1,1,1,-1,1,-1,1,1,1,-1,-1,1,-1,1,1,1,-1,1,-1,-1,-1,1,1,-1,-1,1,-1,-1,1,1,-1,-1,1,-1,-1,1,1,1,-1,1,-1,-1,1,1,-1,-1,-1,1,-1,-1,1,-1,1,1,-1,1,1,-1,-1,1,-1,-1,-1,1,1,-1,1,1,-1,1,1,-1,-1,-1,-1,1,-1,-1,-1,-1,1,-1,-1,1,1,-1,1,1,-1,1,1,1,1,-1,1,-1,1,1,1,1,-1,1,-1,-1,1,1,1,-1,1,-1,1,1,1,1,-1,1,-1,1,1,-1,-1,-1,1,-1,-1,1,1,-1,-1,-1,1,-1,1,-1,1,-1,1,-1,-1,1,-2670.0,1,2000,445,500,False
655,1,1,-1,-1,1,1,-1,1,1,1,1,-1,-1,1,1,1,-1,1,-1,-1,-1,1,1,1,1,-1,-1,-1,1,1,1,1,1,-1,-1,1,-1,1,1,1,-1,-1,1,1,1,1,1,-1,1,-1,1,1,-1,1,-1,-1,-1,-1,1,1,-1,-1,-1,1,1,1,1,1,-1,-1,1,-1,1,1,1,-1,-1,1,-1,1,1,-1,-1,-1,-1,1,1,1,-1,-1,1,-1,-1,1,1,-1,-1,-1,-1,1,1,1,-1,-1,1,-1,-1,1,1,-1,-1,-1,-1,-1,1,1,-1,-1,1,-1,-1,1,1,1,-1,-1,-1,-1,1,1,1,-1,1,-1,-1,1,1,1,-1,1,-1,-1,1,1,1,-1,1,-1,-1,-1,1,1,-1,-1,1,-1,-1,1,1,-1,1,1,-1,-1,1,1,-1,1,1,-1,1,1,-1,-1,1,-1,-1,1,1,-1,1,-1,1,-1,1,1,-1,1,1,-1,-1,-1,1,1,1,1,1,-1,1,1,-1,1,1,1,-1,-1,1,1,-1,1,1,-1,1,1,-1,1,1,1,-1,1,1,1,1,1,1,1,-1,1,-1,-1,1,1,-1,-1,1,1,-1,1,1,-1,-1,1,-1,1,1,1,1,-1,1,1,-1,1,1,-1,1,1,-1,1,1,1,-1,-1,1,-1,1,-1,1,1,1,1,-1,1,-1,1,1,1,1,-1,1,-1,1,1,1,1,-1,-1,1,1,1,1,1,1,-1,1,1,-1,-1,1,1,-1,-1,1,1,1,1,-1,1,-1,1,1,1,-1,1,-1,-1,1,1,1,1,-1,1,-1,1,-1,1,1,1,1,-1,1,1,1,1,1,-1,-1,1,1,1,1,1,1,-1,1,1,1,1,1,-1,1,1,1,-1,1,1,-1,1,1,1,-1,1,1,1,1,1,-1,1,1,1,1,1,1,1,-1,1,1,1,1,1,1,-1,1,1,1,1,1,1,1,-1,1,-1,1,-1,1,-1,1,1,1,1,-1,1,1,-1,1,1,-1,1,1,-1,-1,-1,-1,1,1,1,-1,1,1,-1,1,1,-1,1,1,1,1,1,1,-1,1,1,1,-1,1,1,1,1,-1,1,1,1,-1,1,-1,1,-1,1,1,1,1,-1,-1,-1,1,-1,1,1,-1,1,-1,1,1,1,1,1,-1,-1,1,-1,-1,1,-1,1,-1,1,-1,-1,-1,1,1,-1,-1,1,-1,1,1,-1,-1,1,1,-1,1,1,-1,-1,1,-1,-1,1,-1,-1,-1,-1,-1,1,1,-1,1,-1,1,-1,1,1,-1,-1,1,1,1,1,1,-1,-1,-1,1,-1,1,1,-1,-1,1,-1,1,-1,1,1,-1,-1,1,-1,1,-1,1,-1,-1,-1,-1,-1,-1,1,-1,-1,-1,-1,1,-1,1,-1,-1,1,-1,-1,1,1,-1,-1,-1,1,-1,1,1,-1,1,-1,1,-1,-1,1,1,1,-1,1,-1,1,-1,1,-1,1,-1,1,1,-1,-1,1,1,1,-1,1,-1,1,-1,1,1,1,-1,-1,-1,-1,-1,1,1,1,-1,-1,-1,1,1,-1,1,-1,-1,-1,1,1,1,1,-1,-1,1,1,1,-1,1,-1,-1,-1,-1,1,1,1,-1,1,-1,-1,1,-1,1,-1,-1,1,1,-1,-1,1,1,-1,-1,-1,-1,-1,1,1,-1,-1,-1,1,-1,1,1,-1,-1,1,-1,1,1,-1,-1,-1,-1,-1,1,1,-1,1,-1,-1,1,1,1,1,-1,-1,-1,-1,-1,1,-1,1,-1,-1,1,-1,1,1,-1,1,-1,-1,1,1,1,-1,1,-1,1,-1,1,1,-1,1,-1,-1,-1,1,1,-1,1,-1,1,-1,1,1,-1,-1,1,-1,-1,1,1,-1,-1,-1,1,-1,1,1,1,-1,1,-1,-1,-1,-1,1,-1,1,-1,-1,1,-1,-1,1,-1,1,-1,-1,1,-1,1,-1,1,-1,1,-1,1,-1,1,-1,-1,-1,1,-1,1,-1,-1,-1,-1,1,-1,1,-1,1,-1,-1,1,-1,1,1,-1,-1,-1,-1,1,1,1,1,-1,-1,1,-1,-1,1,1,-1,-1,-1,-1,1,-1,1,-1,-1,1,1,-1,1,1,-1,-1,1,-1,-1,1,1,-1,-1,-1,-1,1,-1,1,-1,-1,-1,-1,-1,1,-1,-1,1,-1,-1,1,-1,1,-1,-1,-1,-1,-1,1,1,1,-1,-1,-1,1,1,1,-1,-1,-1,1,-1,-1,1,-1,-1,-1,-1,1,1,1,-1,-1,-1,-1,1,-1,1,1,-1,1,-1,-1,1,1,-1,-1,-1,-1,-1,-1,1,1,-1,-1,1,-1,1,1,-1,-1,-1,1,-1,1,1,-1,-1,1,-1,-1,1,1,1,-1,1,-1,1,1,1,-1,-1,1,-1,-1,1,1,1,-1,1,-1,-1,1,1,-1,1,1,-1,-1,1,1,1,1,1,-1,-1,1,1,1,1,1,-1,-1,1,1,1,1,1,1,-1,1,1,1,-1,1,-1,-1,1,-1,1,1,1,1,-1,-1,1,-1,1,1,1,-1,1,1,1,1,-1,1,-1,1,1,1,1,1,1,-1,-1,1,1,1,1,-1,1,-1,1,1,1,1,-1,1,-1,1,1,1,-1,-1,1,-1,1,1,-1,1,-1,-1,-1,1,1,1,-1,1,-1,-1,1,1,1,-1,-1,-1,1,1,1,1,-1,1,-1,-1,-1,1,1,-1,1,-1,-1,-1,1,1,-1,1,1,-1,1,1,1,1,1,1,-1,-1,1,1,-1,-1,1,1,1,1,1,-1,1,-1,-1,1,1,-1,-1,1,-1,-1,-1,1,1,-1,1,-1,1,1,1,-1,-1,-1,-1,-1,-1,-1,-1,-1,1,-1,1,1,1,-1,1,1,-1,1,1,1,1,-1,1,-1,1,1,1,-1,-1,1,-1,1,1,1,-1,-1,1,-1,1,1,1,-1,-1,1,-1,1,1,1,1,-1,1,-1,-1,1,1,1,-1,-1,1,-1,1,-1,1,-1,1,-1,-1,1,-2670.0,1,2000,445,1000,True
656,1,1,-1,-1,1,-1,-1,-1,1,1,1,-1,1,1,1,1,-1,1,-1,-1,-1,-1,1,1,1,-1,-1,-1,1,1,1,1,1,-1,-1,-1,1,1,1,1,-1,-1,-1,1,1,1,1,-1,1,1,1,1,-1,1,-1,-1,1,-1,1,1,1,-1,-1,-1,1,1,1,1,-1,-1,-1,1,1,1,1,-1,-1,-1,1,1,1,-1,-1,-1,1,1,1,1,-1,-1,-1,1,1,1,1,-1,-1,1,1,-1,1,1,-1,-1,1,1,1,1,1,-1,-1,1,1,-1,1,1,-1,-1,1,1,1,1,1,1,-1,1,1,1,-1,1,1,-1,1,1,1,1,1,1,-1,-1,1,1,1,1,1,-1,1,1,1,1,1,1,-1,-1,-1,1,1,1,1,-1,1,1,1,1,-1,1,-1,1,-1,1,1,1,-1,-1,1,1,1,1,1,-1,1,-1,-1,1,-1,1,-1,1,1,1,1,1,1,1,1,1,-1,1,-1,1,-1,1,1,-1,1,-1,1,1,-1,1,-1,1,-1,1,-1,1,1,-1,-1,-1,1,1,1,1,-1,-1,1,1,-1,-1,1,-1,1,-1,1,1,-1,1,-1,1,-1,1,-1,-1,1,-1,-1,-1,1,1,-1,1,-1,1,1,1,-1,1,1,-1,-1,-1,1,-1,1,-1,1,-1,1,1,-1,1,-1,-1,-1,1,1,-1,1,-1,-1,-1,1,1,-1,-1,1,1,-1,-1,1,1,-1,1,1,-1,1,1,1,1,-1,1,-1,1,1,-1,1,-1,1,1,-1,1,1,1,1,1,-1,-1,1,-1,-1,-1,1,1,-1,1,1,1,-1,1,-1,-1,1,1,1,1,1,-1,1,1,1,-1,1,1,-1,1,1,1,-1,1,1,-1,-1,1,1,1,-1,1,-1,1,1,1,-1,1,1,-1,1,1,1,-1,1,-1,-1,1,1,1,-1,1,-1,-1,-1,1,1,-1,1,-1,-1,1,-1,1,-1,1,1,-1,-1,1,1,1,-1,1,-1,-1,1,1,-1,1,-1,-1,-1,-1,-1,-1,1,1,-1,-1,1,1,-1,1,-1,1,-1,1,1,1,1,1,-1,1,1,1,-1,1,-1,-1,-1,-1,1,1,1,1,-1,-1,1,1,1,1,-1,-1,1,-1,-1,1,-1,1,-1,-1,1,-1,1,-1,-1,-1,1,1,-1,1,-1,1,-1,-1,1,-1,1,1,-1,-1,-1,1,-1,-1,1,1,-1,-1,1,-1,1,1,-1,1,-1,1,-1,-1,1,1,-1,-1,1,-1,1,1,-1,-1,1,1,-1,1,-1,1,-1,1,-1,-1,1,-1,1,-1,1,-1,-1,1,-1,-1,-1,1,-1,-1,1,-1,1,-1,1,-1,-1,1,-1,-1,1,-1,1,-1,1,-1,1,-1,1,1,-1,-1,-1,1,-1,1,-1,-1,1,-1,1,1,1,1,-1,-1,1,1,-1,1,1,1,-1,1,1,1,-1,1,1,-1,1,1,1,1,-1,-1,1,-1,-1,-1,1,-1,-1,1,1,1,-1,1,-1,1,-1,-1,-1,1,1,-1,1,1,-1,-1,-1,1,-1,1,1,-1,1,-1,1,-1,-1,-1,-1,-1,-1,1,-1,-1,-1,-1,-1,-1,1,-1,1,1,1,1,-1,1,-1,1,1,-1,-1,-1,1,-1,-1,1,-1,1,-1,-1,1,1,1,1,-1,-1,1,1,1,1,-1,1,-1,-1,1,1,1,-1,-1,-1,1,1,1,1,-1,1,-1,1,-1,1,-1,1,1,-1,-1,1,1,1,-1,-1,-1,1,1,1,1,1,-1,-1,-1,1,1,1,1,-1,-1,-1,1,-1,1,-1,-1,-1,-1,1,1,1,1,-1,-1,1,1,1,1,1,-1,-1,-1,1,1,-1,1,-1,-1,-1,1,1,1,1,-1,-1,1,1,1,1,-1,-1,1,1,-1,1,1,-1,-1,-1,1,1,1,1,1,-1,1,1,1,1,1,-1,-1,-1,1,-1,1,-1,-1,-1,-1,1,-1,1,1,1,-1,-1,1,-1,1,1,-1,-1,-1,1,1,1,1,-1,-1,-1,1,-1,1,1,-1,-1,-1,1,1,-1,-1,-1,-1,-1,1,-1,1,-1,-1,-1,-1,-1,-1,-1,1,-1,-1,-1,1,-1,-1,1,-1,-1,-1,-1,-1,-1,1,-1,-1,-1,-1,-1,1,-1,-1,-1,1,-1,-1,1,-1,1,-1,-1,-1,-1,-1,-1,-1,1,-1,-1,-1,1,1,-1,-1,-1,-1,1,-1,-1,-1,-1,1,-1,-1,1,1,1,-1,-1,-1,-1,1,-1,1,1,-1,1,-1,-1,1,1,-1,-1,-1,-1,-1,-1,1,1,-1,-1,1,-1,1,1,-1,-1,-1,1,-1,1,1,-1,-1,1,-1,-1,1,1,1,-1,1,-1,1,1,1,-1,-1,1,-1,-1,1,1,1,-1,1,-1,-1,1,1,-1,1,1,-1,-1,1,1,1,1,1,-1,-1,1,1,1,1,1,-1,-1,1,1,1,1,-1,1,-1,-1,1,1,-1,1,-1,-1,1,-1,1,1,1,1,-1,-1,1,-1,1,1,1,-1,1,1,1,1,-1,1,-1,1,1,1,1,1,1,1,-1,1,1,1,1,-1,1,-1,1,1,1,1,1,-1,1,1,1,1,-1,1,1,-1,1,1,-1,1,1,-1,-1,1,1,1,1,-1,1,-1,1,1,1,-1,-1,1,-1,1,1,1,-1,1,-1,-1,-1,1,1,-1,-1,1,-1,-1,1,1,1,-1,1,-1,-1,1,1,1,-1,1,-1,-1,1,1,-1,-1,-1,1,-1,-1,1,-1,1,1,-1,1,1,-1,-1,1,1,-1,-1,1,1,-1,1,1,-1,1,1,-1,-1,-1,-1,1,-1,-1,-1,-1,1,-1,-1,1,1,-1,1,1,-1,1,1,1,1,-1,1,-1,1,1,1,1,-1,1,-1,-1,1,1,1,-1,1,-1,1,1,1,1,-1,1,-1,1,1,1,-1,-1,1,-1,-1,1,1,-1,-1,-1,1,-1,1,-1,1,-1,1,-1,-1,1,-2670.0,1,2000,445,0,False
657,1,1,-1,-1,1,1,-1,1,1,1,1,-1,-1,1,1,1,-1,1,-1,-1,1,1,1,1,1,-1,1,-1,1,1,1,1,1,1,-1,1,-1,1,1,1,-1,-1,1,1,1,1,-1,-1,1,-1,-1,1,-1,1,-1,-1,-1,1,1,1,-1,-1,1,1,-1,1,1,-1,-1,-1,1,-1,1,1,1,-1,1,1,-1,1,1,-1,-1,1,-1,1,1,1,-1,-1,-1,-1,1,1,1,-1,1,1,-1,1,1,1,-1,-1,1,-1,-1,1,1,-1,-1,1,-1,-1,1,1,-1,-1,1,-1,-1,1,1,1,-1,1,-1,-1,1,1,1,-1,1,-1,-1,1,1,1,-1,1,-1,-1,1,1,1,-1,-1,-1,-1,-1,1,1,-1,1,1,-1,-1,1,1,-1,1,1,-1,-1,1,1,-1,1,1,-1,1,1,-1,-1,1,-1,-1,1,1,-1,1,-1,1,-1,1,1,-1,1,1,-1,-1,-1,1,-1,1,1,1,-1,1,1,1,-1,1,1,-1,1,1,-1,-1,1,1,-1,1,1,-1,1,1,1,-1,1,1,1,1,1,1,1,-1,1,-1,-1,1,1,-1,-1,1,1,-1,1,1,-1,-1,1,-1,1,1,1,1,-1,1,-1,1,1,1,-1,1,1,1,1,1,1,-1,-1,-1,1,1,-1,1,1,-1,-1,1,1,-1,1,1,1,1,1,1,-1,1,1,1,1,-1,1,1,1,1,1,1,1,1,1,1,-1,-1,1,-1,1,-1,1,1,-1,-1,1,1,-1,1,1,1,-1,1,1,1,1,1,1,-1,-1,1,-1,1,-1,1,-1,1,1,-1,1,1,1,-1,1,1,-1,1,1,-1,1,1,-1,1,1,1,-1,1,-1,-1,1,1,1,-1,1,1,1,-1,1,1,1,1,1,-1,1,1,-1,1,1,1,-1,1,1,1,-1,1,1,-1,1,1,1,-1,-1,1,-1,1,1,1,1,1,1,-1,1,-1,1,-1,1,1,1,-1,-1,1,1,-1,1,-1,1,1,1,-1,1,1,1,1,1,1,-1,1,-1,-1,1,1,-1,1,-1,1,-1,1,1,-1,1,-1,1,1,1,1,1,1,-1,1,-1,-1,-1,1,1,1,-1,-1,1,1,1,-1,1,-1,1,-1,1,1,-1,1,-1,-1,1,1,1,-1,1,-1,1,-1,-1,1,1,1,-1,-1,-1,-1,-1,1,1,-1,-1,1,-1,1,1,-1,-1,1,-1,1,1,1,1,-1,-1,1,-1,1,-1,-1,1,-1,-1,1,1,-1,1,-1,-1,1,1,1,-1,-1,1,-1,1,1,1,-1,-1,-1,-1,-1,1,1,-1,-1,1,-1,1,-1,1,1,-1,-1,1,-1,1,-1,1,-1,-1,1,-1,-1,-1,1,-1,-1,-1,-1,1,-1,1,-1,-1,1,-1,-1,1,1,-1,-1,-1,-1,-1,1,1,-1,1,-1,1,-1,-1,1,1,1,-1,1,-1,1,-1,1,-1,1,-1,1,1,-1,-1,1,1,1,-1,1,-1,1,-1,1,1,1,-1,-1,-1,1,-1,1,1,1,-1,-1,-1,1,1,-1,1,-1,-1,-1,1,1,1,1,-1,-1,1,1,1,1,1,-1,-1,-1,-1,1,-1,1,-1,1,-1,-1,1,-1,1,-1,-1,1,1,-1,-1,1,1,-1,-1,-1,-1,1,1,1,-1,1,-1,1,-1,1,1,-1,-1,1,-1,1,1,-1,-1,-1,-1,-1,1,1,-1,1,-1,-1,1,-1,1,1,-1,-1,-1,-1,1,1,-1,1,-1,-1,1,1,1,1,-1,1,-1,-1,-1,1,1,-1,1,-1,1,-1,1,1,-1,1,-1,-1,-1,1,1,-1,1,-1,1,-1,1,1,1,-1,1,-1,-1,1,1,-1,-1,-1,1,-1,-1,1,1,-1,1,-1,-1,-1,-1,1,-1,1,-1,-1,1,-1,-1,1,-1,1,-1,-1,1,-1,1,-1,1,-1,1,-1,1,-1,1,-1,-1,-1,1,-1,1,-1,-1,-1,-1,1,-1,1,-1,1,-1,-1,1,-1,1,1,-1,-1,-1,-1,1,1,1,1,-1,-1,1,1,-1,1,1,-1,-1,-1,1,-1,1,-1,-1,-1,1,1,1,-1,1,-1,-1,1,1,1,-1,1,-1,-1,-1,-1,-1,-1,1,-1,-1,-1,1,-1,1,-1,-1,1,-1,1,-1,-1,1,-1,-1,-1,1,1,-1,1,1,-1,-1,1,-1,1,1,-1,-1,-1,1,-1,-1,1,-1,-1,-1,1,-1,1,1,-1,-1,1,-1,-1,1,1,1,-1,1,-1,1,-1,1,-1,-1,-1,-1,-1,-1,1,1,-1,-1,1,-1,1,1,-1,-1,-1,1,-1,1,1,-1,-1,1,1,-1,1,1,1,-1,1,-1,1,1,1,-1,-1,1,-1,-1,1,1,1,1,-1,1,-1,1,1,1,-1,1,-1,-1,1,1,1,1,-1,1,-1,1,1,1,1,1,-1,-1,1,1,1,1,1,-1,-1,1,1,1,1,-1,-1,-1,1,-1,1,1,1,-1,-1,-1,1,-1,1,1,-1,-1,1,1,1,1,1,-1,1,1,1,1,1,1,-1,1,-1,1,1,1,1,-1,1,-1,1,1,1,-1,1,-1,1,1,1,1,-1,1,-1,1,1,1,-1,1,1,1,1,-1,1,1,1,-1,1,1,1,1,1,-1,-1,1,-1,1,-1,1,-1,1,-1,1,1,1,1,-1,-1,1,1,-1,1,-1,1,-1,1,1,-1,-1,1,1,-1,1,-1,1,1,1,-1,-1,-1,-1,1,1,-1,-1,1,1,1,1,1,-1,-1,1,1,1,1,-1,1,-1,1,-1,1,1,-1,1,-1,-1,-1,-1,-1,-1,-1,-1,1,-1,1,1,1,-1,1,1,-1,-1,1,-1,-1,-1,1,-1,1,1,1,1,-1,1,-1,1,1,1,-1,-1,1,-1,1,1,1,-1,-1,1,-1,1,-1,-1,-1,-1,1,-1,-1,1,1,-1,-1,-1,-1,1,1,-1,1,-1,1,-1,-1,1,-2670.0,1,2000,445,1000,True
658,1,1,-1,-1,1,-1,-1,1,1,1,1,-1,1,1,1,1,-1,1,-1,-1,-1,1,1,1,1,-1,-1,-1,1,1,1,1,-1,-1,-1,1,-1,1,1,1,-1,-1,1,1,1,1,1,-1,1,-1,1,1,1,1,-1,-1,1,-1,1,1,1,-1,-1,-1,1,1,1,1,-1,-1,1,-1,1,1,1,-1,-1,-1,1,1,1,-1,-1,-1,-1,1,1,1,-1,-1,1,1,-1,1,1,-1,-1,-1,-1,1,1,1,-1,-1,1,1,-1,1,1,-1,-1,-1,-1,-1,1,1,-1,-1,1,-1,-1,1,1,1,-1,-1,-1,-1,1,1,1,-1,1,-1,-1,1,1,1,-1,1,-1,-1,-1,1,1,-1,1,-1,-1,-1,1,1,-1,-1,1,-1,-1,1,1,-1,1,-1,-1,-1,1,1,-1,1,1,-1,1,1,-1,-1,1,-1,-1,1,1,-1,1,-1,1,-1,1,1,-1,1,1,-1,-1,-1,1,1,1,1,1,-1,-1,1,-1,1,1,1,-1,-1,1,1,-1,1,1,-1,1,1,-1,1,1,1,-1,1,1,1,1,1,1,1,-1,1,-1,-1,1,1,-1,-1,1,1,-1,1,1,-1,-1,1,-1,1,1,1,1,-1,1,1,-1,1,1,-1,1,1,-1,1,1,1,-1,-1,1,-1,1,-1,1,1,1,1,-1,1,-1,1,1,1,1,-1,1,-1,1,1,1,1,-1,-1,1,1,1,1,1,1,-1,1,1,-1,-1,1,1,1,-1,1,1,1,1,-1,1,-1,1,1,1,-1,1,1,1,1,1,1,1,-1,-1,-1,1,-1,1,1,1,1,-1,1,1,1,1,1,1,1,1,1,1,1,1,-1,1,1,1,1,1,1,-1,1,1,1,-1,1,1,1,-1,1,1,-1,1,1,-1,1,1,-1,1,1,1,-1,1,1,1,1,1,1,-1,1,1,1,-1,1,1,-1,1,1,1,1,-1,1,-1,1,-1,1,-1,1,1,1,1,-1,1,1,-1,1,-1,1,1,1,-1,-1,-1,-1,1,-1,1,-1,1,1,-1,1,1,-1,1,-1,1,1,1,1,-1,1,1,1,-1,1,1,1,1,-1,1,1,1,-1,1,-1,1,1,1,1,1,1,-1,-1,-1,1,-1,1,1,-1,1,-1,1,1,1,1,1,-1,-1,1,-1,-1,1,-1,1,-1,1,1,-1,-1,1,1,-1,-1,1,-1,1,1,-1,-1,1,1,1,1,1,-1,-1,-1,1,-1,1,-1,-1,-1,1,1,1,1,-1,1,-1,1,-1,1,1,-1,-1,-1,1,-1,1,1,-1,-1,-1,1,-1,1,1,-1,-1,-1,1,1,-1,1,1,-1,-1,1,-1,1,-1,1,-1,-1,1,-1,-1,-1,1,-1,-1,-1,-1,1,-1,1,-1,-1,1,-1,-1,1,1,-1,-1,-1,1,-1,1,1,-1,1,-1,1,-1,-1,1,1,1,-1,1,-1,1,-1,1,-1,1,-1,1,1,-1,-1,1,1,1,-1,1,-1,1,-1,1,1,1,-1,-1,-1,-1,-1,1,-1,1,-1,-1,-1,1,1,-1,1,-1,-1,-1,1,1,-1,1,-1,-1,1,1,1,-1,1,-1,-1,-1,-1,1,1,1,-1,1,-1,-1,1,-1,1,-1,-1,1,1,-1,-1,1,1,-1,-1,-1,-1,-1,1,1,-1,-1,-1,1,-1,-1,1,-1,-1,1,-1,1,1,-1,-1,-1,-1,-1,1,1,-1,1,-1,-1,1,1,1,1,-1,-1,-1,-1,-1,1,-1,1,-1,-1,1,-1,1,1,-1,1,-1,-1,1,1,1,-1,1,-1,1,-1,1,1,-1,-1,-1,-1,-1,1,1,-1,1,-1,1,-1,1,1,-1,-1,1,-1,-1,1,1,-1,-1,-1,1,-1,1,1,-1,-1,1,-1,-1,-1,-1,1,-1,1,-1,-1,1,-1,-1,1,-1,1,-1,1,1,-1,1,-1,1,-1,1,-1,1,-1,1,-1,-1,1,1,-1,1,-1,-1,-1,-1,1,-1,1,-1,1,-1,-1,1,-1,1,1,-1,-1,-1,-1,1,1,1,1,-1,-1,1,-1,-1,1,1,-1,-1,-1,-1,1,-1,1,-1,-1,1,1,-1,1,1,-1,-1,1,-1,-1,1,1,-1,-1,-1,-1,1,-1,1,-1,-1,-1,-1,-1,1,-1,-1,1,-1,-1,1,-1,1,-1,-1,-1,-1,-1,1,1,1,-1,-1,-1,1,1,1,-1,-1,-1,1,-1,-1,1,1,-1,-1,-1,1,1,1,-1,-1,-1,-1,1,-1,1,-1,-1,1,-1,-1,1,1,-1,-1,-1,-1,-1,-1,1,1,-1,-1,1,-1,1,1,-1,-1,-1,1,-1,1,1,-1,-1,1,-1,-1,1,1,1,-1,1,-1,1,1,1,-1,-1,1,-1,-1,1,1,1,-1,1,-1,-1,1,1,-1,1,1,-1,-1,1,1,1,1,1,-1,-1,1,1,-1,1,1,-1,-1,1,1,1,1,1,1,-1,-1,1,1,-1,1,-1,-1,1,-1,1,1,1,1,-1,-1,1,-1,1,1,1,-1,1,1,1,1,-1,1,-1,1,1,1,1,1,1,1,-1,1,1,1,1,-1,1,-1,1,1,1,1,1,-1,1,1,1,1,-1,1,1,-1,1,1,-1,1,1,-1,-1,1,1,1,1,-1,1,-1,1,1,1,-1,-1,1,-1,1,1,1,-1,1,-1,-1,-1,1,1,-1,-1,1,-1,-1,1,1,-1,-1,1,-1,-1,1,1,1,-1,1,-1,-1,1,1,-1,-1,-1,1,-1,-1,1,-1,1,1,-1,1,1,-1,-1,1,-1,-1,-1,1,1,-1,1,1,-1,1,1,-1,-1,-1,-1,1,-1,-1,-1,-1,1,-1,-1,1,1,-1,1,1,-1,1,1,1,1,-1,1,-1,1,1,1,-1,-1,1,-1,-1,1,1,-1,-1,1,-1,1,1,1,-1,-1,1,-1,1,1,1,1,-1,1,-1,-1,1,1,1,-1,-1,1,-1,1,1,1,-1,1,-1,-1,1,-2670.0,1,2000,445,0,False
659,1,1,-1,-1,1,1,-1,-1,1,1,1,-1,1,1,1,1,-1,1,-1,-1,1,-1,1,1,1,-1,1,-1,1,1,1,1,-1,-1,-1,-1,1,1,1,1,-1,-1,-1,1,1,1,1,-1,1,1,1,1,-1,1,-1,-1,1,-1,1,1,1,-1,-1,-1,1,1,1,1,-1,-1,-1,1,1,1,1,-1,-1,-1,1,1,1,-1,-1,-1,1,1,1,1,-1,-1,-1,1,1,1,1,-1,-1,1,1,-1,1,1,-1,-1,1,1,1,1,1,-1,-1,1,1,-1,1,1,-1,-1,1,1,1,1,1,1,-1,-1,1,1,-1,1,1,-1,1,1,1,1,1,1,-1,-1,1,1,1,1,1,-1,1,1,1,1,1,1,-1,-1,-1,1,1,1,1,-1,1,1,1,1,-1,1,-1,1,-1,1,1,1,-1,-1,1,1,1,1,1,-1,1,-1,-1,1,-1,1,-1,1,1,1,1,1,1,1,1,1,-1,1,-1,1,-1,1,1,-1,1,-1,1,1,-1,1,-1,1,-1,1,-1,1,1,-1,1,-1,1,1,1,1,-1,-1,1,1,-1,-1,1,-1,1,-1,1,1,-1,1,-1,1,-1,1,-1,1,1,-1,1,-1,1,1,-1,1,-1,1,1,1,-1,1,1,-1,-1,-1,1,-1,1,-1,1,-1,1,1,-1,1,-1,-1,-1,1,1,-1,1,-1,-1,-1,1,1,-1,-1,1,1,-1,-1,1,1,-1,1,1,-1,1,1,1,1,-1,1,-1,1,1,-1,1,-1,1,1,1,1,1,1,1,1,-1,-1,1,-1,-1,-1,1,1,-1,1,1,1,-1,1,1,1,1,1,1,-1,1,-1,1,1,1,-1,1,1,-1,1,1,1,-1,1,1,-1,-1,1,1,1,-1,1,-1,1,1,1,-1,1,1,-1,1,1,1,-1,1,1,-1,1,1,1,-1,1,1,1,-1,1,1,-1,1,1,-1,1,-1,1,-1,1,1,1,-1,1,1,1,-1,1,1,-1,1,1,-1,1,1,1,-1,-1,-1,-1,1,1,1,-1,1,1,-1,1,1,-1,-1,1,1,1,1,1,-1,1,1,1,-1,1,1,1,-1,-1,1,1,1,-1,1,-1,1,1,1,1,1,1,-1,-1,-1,1,-1,-1,1,1,-1,1,1,-1,1,1,1,1,-1,1,-1,-1,1,-1,1,-1,1,1,1,1,1,1,-1,-1,1,-1,1,1,1,-1,1,1,1,-1,1,1,-1,-1,1,-1,1,1,1,-1,1,1,1,1,1,1,-1,1,-1,1,1,1,-1,-1,1,-1,1,1,1,-1,-1,1,-1,1,1,1,-1,-1,1,-1,-1,1,1,-1,-1,1,-1,1,1,1,1,-1,1,1,-1,1,1,1,-1,-1,1,-1,1,1,-1,-1,1,-1,-1,1,-1,1,-1,-1,1,-1,1,-1,1,1,-1,1,-1,-1,1,1,1,-1,1,-1,1,-1,1,1,1,-1,-1,-1,1,-1,-1,1,1,1,-1,1,-1,1,1,1,-1,1,1,-1,-1,-1,1,-1,-1,1,-1,-1,1,1,1,-1,1,-1,-1,1,1,-1,-1,1,-1,-1,1,1,-1,-1,1,-1,-1,-1,1,1,-1,1,1,-1,-1,1,-1,-1,1,-1,1,-1,1,1,-1,-1,1,-1,-1,-1,-1,-1,1,1,1,-1,-1,1,-1,-1,1,-1,-1,1,-1,-1,-1,1,-1,-1,1,1,-1,1,1,-1,1,-1,1,-1,-1,1,1,-1,-1,-1,-1,1,1,-1,-1,1,-1,-1,-1,1,1,-1,-1,-1,-1,-1,1,-1,-1,-1,-1,-1,1,1,1,-1,-1,-1,-1,-1,1,1,-1,-1,-1,-1,-1,1,1,1,-1,-1,-1,-1,1,1,-1,-1,-1,-1,1,1,1,1,-1,-1,1,1,1,1,1,-1,-1,-1,1,1,1,-1,1,-1,1,1,1,1,-1,1,-1,-1,1,-1,1,-1,1,-1,-1,1,-1,1,-1,-1,-1,-1,1,-1,1,-1,1,-1,-1,1,-1,1,-1,1,-1,-1,1,-1,1,-1,-1,-1,-1,1,1,-1,-1,-1,-1,-1,1,-1,1,-1,-1,-1,-1,-1,-1,-1,1,-1,-1,-1,1,-1,-1,1,-1,-1,-1,-1,-1,-1,1,-1,-1,-1,-1,-1,1,-1,-1,-1,1,-1,-1,1,-1,1,-1,-1,-1,-1,-1,-1,-1,1,-1,-1,-1,1,1,-1,-1,-1,-1,1,-1,-1,-1,-1,1,-1,-1,1,-1,1,-1,-1,-1,-1,1,-1,1,1,-1,1,-1,-1,1,1,-1,-1,-1,-1,-1,-1,1,1,-1,-1,1,-1,1,1,-1,-1,-1,1,-1,1,1,-1,-1,1,-1,-1,1,1,1,-1,1,-1,1,1,1,-1,-1,1,-1,-1,1,1,1,-1,1,-1,-1,1,1,-1,1,1,-1,-1,1,1,-1,1,1,-1,-1,1,1,-1,1,1,-1,-1,1,1,1,1,1,1,-1,-1,1,1,-1,1,-1,-1,1,-1,1,1,1,1,-1,-1,1,-1,1,1,1,-1,1,1,1,1,-1,1,-1,1,1,1,1,1,1,1,-1,1,1,1,1,-1,1,-1,1,1,1,1,1,-1,1,1,1,1,-1,1,1,-1,1,1,-1,1,1,-1,-1,1,1,1,1,-1,1,-1,1,1,1,-1,-1,1,-1,1,1,1,-1,1,-1,-1,-1,1,1,-1,-1,1,-1,-1,1,1,-1,-1,1,-1,-1,-1,1,1,-1,1,-1,-1,1,1,-1,-1,-1,1,-1,-1,1,-1,1,1,-1,1,1,-1,-1,1,1,-1,-1,1,1,-1,1,1,-1,1,1,-1,-1,-1,-1,1,-1,-1,-1,-1,1,-1,-1,1,1,-1,1,1,-1,1,1,1,1,-1,1,-1,1,1,1,1,-1,1,-1,1,-1,1,1,-1,1,-1,-1,1,1,1,-1,1,-1,1,1,-1,-1,-1,1,-1,-1,1,1,-1,-1,-1,1,-1,1,-1,1,-1,1,-1,-1,1,-2670.0,1,2000,445,1500,False
660,1,1,-1,-1,1,-1,1,-1,1,1,1,-1,1,1,1,1,-1,1,-1,-1,1,-1,1,1,1,-1,-1,-1,1,1,1,1,-1,-1,-1,-1,1,1,1,1,-1,-1,-1,1,1,1,1,-1,1,1,1,1,-1,1,-1,-1,1,-1,1,1,1,-1,-1,-1,1,1,1,1,-1,-1,-1,1,1,1,1,-1,-1,-1,1,1,1,-1,-1,-1,1,1,1,1,-1,-1,-1,1,1,1,1,-1,-1,1,1,-1,1,1,-1,-1,1,1,1,1,1,-1,-1,1,1,-1,1,1,-1,-1,1,1,1,1,1,1,-1,-1,1,1,-1,1,1,-1,1,1,1,1,1,1,-1,-1,1,1,1,1,1,-1,1,1,1,1,1,1,-1,-1,-1,1,1,1,1,-1,1,1,1,1,-1,1,-1,1,-1,1,1,1,-1,-1,1,1,1,1,1,-1,1,-1,-1,1,-1,1,-1,1,1,1,1,1,1,1,1,1,-1,1,-1,1,-1,1,1,-1,1,-1,1,1,-1,1,-1,1,-1,1,-1,1,1,-1,1,-1,1,1,1,1,-1,-1,1,1,-1,-1,1,-1,1,-1,-1,1,-1,1,-1,1,-1,1,-1,1,1,-1,1,-1,1,1,-1,1,-1,1,1,1,-1,1,1,-1,1,-1,1,-1,1,-1,1,-1,1,1,-1,1,-1,-1,-1,1,1,-1,1,-1,-1,-1,1,1,-1,-1,1,1,-1,-1,1,1,-1,1,1,-1,1,1,1,1,-1,1,-1,1,1,-1,1,-1,1,1,-1,1,1,-1,-1,1,-1,-1,1,-1,-1,-1,1,1,-1,1,1,1,-1,1,-1,-1,1,1,1,-1,1,-1,1,1,1,1,-1,1,-1,1,1,1,-1,1,1,-1,-1,1,1,1,-1,1,-1,1,1,1,-1,1,1,-1,1,1,1,-1,1,-1,-1,1,1,1,1,1,-1,-1,-1,1,1,-1,1,-1,-1,1,-1,1,-1,1,1,-1,-1,1,1,1,1,1,-1,-1,1,1,-1,1,-1,-1,-1,-1,-1,-1,1,1,-1,-1,1,1,-1,1,-1,1,-1,1,1,1,1,-1,-1,1,1,1,-1,1,-1,-1,-1,-1,1,1,1,1,-1,-1,1,1,1,1,-1,-1,1,-1,-1,1,-1,1,-1,-1,1,-1,1,1,-1,-1,1,1,-1,1,-1,1,-1,-1,1,-1,1,1,-1,-1,-1,1,-1,-1,1,1,-1,-1,1,-1,1,1,-1,1,-1,1,-1,-1,1,1,-1,-1,1,-1,1,1,-1,-1,1,1,-1,1,-1,1,-1,1,-1,-1,1,-1,1,-1,1,-1,-1,1,-1,-1,-1,1,-1,-1,1,1,1,-1,1,-1,-1,1,-1,-1,1,-1,1,-1,1,1,1,-1,1,1,-1,-1,-1,1,-1,1,-1,-1,1,-1,1,1,1,1,-1,-1,1,1,-1,1,1,-1,-1,1,1,1,-1,1,1,-1,1,1,1,1,-1,1,1,-1,-1,-1,1,-1,1,1,1,1,-1,1,-1,1,-1,-1,-1,1,1,-1,1,1,-1,-1,-1,1,-1,1,1,-1,1,-1,1,-1,-1,-1,-1,-1,-1,1,-1,-1,-1,-1,-1,-1,1,-1,1,1,1,1,-1,1,-1,1,1,-1,-1,-1,1,-1,-1,1,-1,1,-1,-1,1,1,1,1,-1,-1,1,1,1,1,-1,1,-1,-1,1,1,1,-1,-1,-1,-1,1,1,1,-1,1,-1,1,-1,1,-1,1,1,-1,-1,1,1,1,-1,-1,-1,1,1,1,1,1,-1,-1,-1,1,1,1,1,-1,-1,-1,1,-1,1,-1,-1,-1,1,1,1,1,1,-1,-1,-1,1,1,1,1,-1,-1,-1,1,1,-1,1,-1,-1,-1,1,1,1,1,-1,-1,1,1,1,1,-1,-1,1,1,-1,1,1,-1,-1,-1,1,1,1,1,1,-1,1,1,1,1,1,-1,-1,-1,1,-1,1,-1,-1,-1,-1,1,-1,1,1,-1,-1,-1,1,-1,1,1,-1,-1,-1,1,1,1,1,-1,-1,-1,1,-1,1,1,-1,-1,-1,1,1,-1,-1,-1,-1,-1,1,-1,1,-1,-1,-1,-1,-1,-1,-1,1,-1,-1,-1,1,-1,-1,1,-1,-1,-1,-1,-1,1,1,-1,-1,-1,-1,-1,1,-1,-1,-1,1,-1,-1,1,-1,1,-1,-1,-1,-1,-1,-1,-1,1,-1,-1,-1,1,1,-1,-1,-1,1,-1,-1,-1,-1,-1,1,-1,-1,1,1,1,-1,-1,-1,-1,1,-1,1,1,-1,1,-1,-1,1,1,-1,-1,-1,-1,-1,-1,1,1,-1,-1,1,-1,1,1,-1,-1,-1,1,-1,1,1,-1,-1,1,-1,-1,1,1,1,-1,1,-1,1,1,1,-1,-1,1,-1,-1,1,-1,1,-1,1,-1,-1,1,1,-1,1,1,-1,-1,1,1,-1,1,1,-1,-1,1,1,-1,1,1,-1,-1,1,1,1,1,1,1,-1,-1,1,1,-1,1,-1,-1,1,-1,1,1,1,1,-1,-1,1,-1,1,1,1,-1,1,1,1,1,-1,1,-1,1,1,1,1,1,1,1,-1,1,1,1,1,-1,1,-1,1,1,1,1,1,-1,1,1,1,1,-1,-1,1,-1,1,1,-1,1,1,-1,-1,1,1,1,-1,1,1,-1,1,1,1,-1,-1,1,-1,1,1,1,-1,1,-1,-1,-1,1,1,-1,-1,1,-1,-1,1,1,-1,-1,1,-1,-1,1,1,1,1,-1,-1,-1,1,1,-1,-1,1,1,-1,-1,1,-1,1,1,-1,1,1,-1,-1,1,-1,-1,-1,1,1,-1,1,1,-1,1,1,-1,-1,1,-1,1,-1,-1,-1,-1,1,-1,-1,1,1,-1,1,1,-1,1,1,1,1,-1,1,-1,1,1,1,1,-1,1,-1,-1,1,1,1,-1,1,-1,1,1,1,1,-1,1,-1,1,1,-1,-1,-1,1,-1,-1,1,1,-1,-1,-1,1,-1,1,-1,1,-1,1,-1,-1,1,-2670.0,1,2000,445,0,False
661,1,1,-1,-1,1,1,-1,-1,1,1,1,-1,-1,1,1,1,-1,1,-1,-1,-1,-1,1,1,1,-1,-1,-1,1,1,1,1,1,-1,-1,-1,1,1,1,1,-1,-1,-1,1,1,1,1,-1,1,1,1,1,-1,1,-1,-1,1,-1,1,1,-1,-1,-1,-1,1,1,1,1,-1,-1,-1,1,1,1,1,-1,-1,-1,1,1,1,-1,-1,-1,1,1,1,1,-1,-1,-1,1,1,1,1,-1,-1,1,1,-1,1,1,-1,-1,1,1,1,1,1,-1,-1,1,1,-1,1,1,-1,-1,1,1,1,1,1,1,-1,-1,1,1,-1,1,1,-1,1,1,1,1,1,1,-1,-1,1,1,1,1,1,-1,1,1,1,1,1,1,-1,-1,-1,1,1,1,1,-1,1,1,1,1,-1,1,-1,1,-1,1,1,1,-1,-1,1,1,1,1,1,-1,1,-1,-1,1,-1,1,-1,1,1,1,1,1,1,1,1,1,-1,1,-1,1,-1,1,1,-1,1,-1,1,1,-1,1,-1,1,-1,1,-1,1,1,-1,1,-1,1,1,1,1,-1,-1,1,1,-1,-1,1,-1,1,-1,-1,1,-1,1,-1,1,-1,1,-1,1,1,-1,-1,-1,1,1,-1,1,-1,1,1,1,-1,1,1,-1,1,-1,1,-1,1,-1,1,-1,1,1,-1,1,-1,-1,-1,1,1,-1,1,-1,-1,-1,1,1,-1,-1,1,1,-1,-1,1,1,-1,1,1,-1,1,1,1,1,-1,1,-1,1,1,-1,1,-1,1,1,-1,1,1,1,1,1,-1,-1,1,-1,-1,-1,1,1,-1,1,1,1,-1,1,-1,-1,1,1,1,1,1,-1,1,1,1,-1,1,1,-1,1,1,1,-1,1,1,-1,-1,1,1,1,-1,1,-1,1,1,1,-1,1,1,-1,1,1,1,-1,1,-1,-1,1,1,1,-1,1,-1,-1,-1,1,1,-1,1,-1,-1,1,-1,1,-1,1,1,-1,-1,1,1,1,-1,1,-1,-1,1,1,-1,1,-1,-1,-1,-1,-1,-1,1,1,-1,-1,1,1,-1,1,-1,-1,-1,1,1,1,1,-1,-1,1,1,1,-1,1,-1,-1,-1,-1,1,1,-1,1,-1,-1,1,-1,1,-1,-1,-1,-1,1,-1,1,-1,1,-1,1,-1,1,1,-1,-1,-1,1,1,-1,1,-1,1,-1,-1,1,-1,1,-1,-1,-1,-1,1,-1,-1,1,1,-1,-1,1,-1,1,1,-1,1,-1,1,-1,1,-1,1,-1,1,1,1,-1,-1,-1,-1,1,1,-1,1,-1,1,-1,1,-1,1,1,-1,1,-1,1,-1,-1,1,-1,-1,-1,1,-1,1,-1,-1,1,1,1,-1,-1,1,-1,-1,1,-1,1,-1,1,-1,1,-1,1,1,-1,-1,-1,1,-1,1,-1,-1,1,-1,1,1,-1,1,-1,-1,1,1,-1,-1,1,-1,-1,1,1,1,1,1,1,-1,1,1,1,-1,-1,-1,1,-1,-1,-1,1,-1,-1,1,-1,1,-1,1,-1,1,-1,-1,-1,1,1,-1,1,1,-1,-1,-1,1,-1,1,1,-1,1,-1,1,-1,-1,-1,-1,-1,-1,1,-1,-1,-1,-1,-1,-1,1,-1,1,1,1,1,-1,1,-1,1,1,-1,-1,-1,1,-1,-1,1,-1,1,-1,-1,1,1,1,1,-1,-1,1,1,1,1,-1,1,-1,-1,1,1,1,-1,-1,-1,1,1,1,1,-1,1,-1,1,-1,1,-1,1,1,-1,-1,1,1,1,-1,-1,-1,-1,1,1,1,1,-1,-1,-1,1,1,1,1,-1,-1,-1,1,1,1,-1,-1,-1,1,1,1,1,1,-1,-1,-1,1,1,1,-1,-1,-1,-1,1,1,-1,1,-1,-1,-1,1,1,1,1,-1,-1,1,1,1,1,1,-1,1,1,-1,1,1,-1,-1,-1,1,1,1,1,1,-1,1,1,1,1,1,1,-1,-1,1,-1,1,-1,1,-1,-1,1,-1,1,1,-1,-1,-1,1,-1,1,1,-1,-1,-1,1,1,1,-1,1,-1,-1,1,-1,1,-1,-1,-1,-1,1,1,-1,-1,-1,-1,-1,1,-1,1,-1,-1,-1,-1,-1,-1,-1,1,-1,-1,-1,1,-1,-1,1,-1,-1,-1,-1,-1,-1,1,-1,-1,-1,-1,-1,1,-1,-1,-1,1,-1,-1,1,-1,1,-1,-1,-1,-1,-1,-1,-1,1,-1,-1,-1,1,1,-1,-1,-1,1,-1,-1,-1,-1,-1,1,-1,-1,1,-1,1,-1,-1,-1,-1,1,1,1,1,-1,1,-1,-1,-1,1,-1,-1,-1,-1,-1,-1,1,1,-1,-1,1,-1,1,1,-1,-1,-1,1,-1,1,1,-1,-1,1,-1,-1,1,1,1,-1,1,-1,1,1,1,-1,-1,1,-1,-1,1,1,1,-1,1,-1,-1,1,1,-1,1,1,-1,-1,1,1,1,1,1,-1,-1,1,1,1,1,1,-1,-1,1,1,1,1,1,1,-1,1,1,1,-1,1,-1,-1,1,-1,1,1,1,1,-1,-1,1,-1,1,1,1,-1,1,1,1,1,-1,1,-1,1,1,1,1,1,1,1,-1,1,1,1,1,-1,1,-1,1,1,1,1,1,-1,1,1,1,1,-1,1,1,-1,1,1,-1,1,1,-1,-1,1,1,1,1,-1,1,-1,1,1,1,-1,-1,1,-1,1,1,1,-1,1,-1,-1,-1,1,1,-1,-1,1,-1,-1,1,1,1,-1,1,-1,1,1,1,1,-1,-1,-1,-1,1,1,-1,-1,-1,1,1,1,1,-1,1,1,-1,1,1,-1,-1,1,1,-1,-1,1,1,-1,1,1,1,1,1,-1,-1,-1,-1,-1,-1,-1,-1,-1,-1,1,1,1,1,-1,1,1,-1,1,1,1,1,-1,1,-1,1,1,1,1,-1,1,-1,1,1,1,1,-1,1,-1,1,1,1,1,-1,1,-1,1,1,1,-1,-1,1,-1,1,1,1,-1,-1,-1,1,-1,1,1,1,-1,1,-1,1,1,-2670.0,1,2000,445,500,False
662,1,1,-1,-1,1,1,-1,-1,1,1,1,-1,-1,1,1,1,-1,1,-1,-1,-1,-1,1,1,1,-1,-1,-1,1,1,1,1,1,-1,-1,-1,1,1,1,1,-1,-1,-1,1,1,1,1,-1,1,1,1,1,-1,1,-1,-1,1,-1,1,1,1,-1,-1,-1,1,1,1,1,-1,-1,-1,1,1,1,1,-1,-1,-1,1,1,1,-1,-1,-1,1,1,1,1,-1,-1,-1,1,1,1,1,-1,-1,1,1,-1,1,1,-1,-1,1,1,1,1,1,-1,-1,1,1,1,1,1,-1,-1,1,1,1,1,1,1,-1,-1,1,1,-1,1,1,-1,1,1,1,1,1,1,-1,-1,1,1,1,1,1,-1,1,1,1,1,1,1,-1,-1,-1,1,1,1,1,-1,1,1,1,1,-1,1,-1,1,-1,1,1,1,-1,-1,1,1,1,1,1,-1,1,-1,-1,1,1,1,-1,1,1,1,1,-1,1,1,1,1,-1,1,-1,1,-1,1,1,-1,1,-1,1,1,-1,1,-1,1,-1,1,-1,1,1,-1,-1,-1,1,1,1,1,-1,-1,1,1,-1,-1,1,-1,1,-1,1,1,-1,1,-1,1,-1,1,-1,-1,1,-1,-1,-1,1,1,-1,1,-1,1,1,1,-1,1,1,-1,-1,-1,1,-1,1,-1,1,-1,1,1,-1,1,-1,-1,-1,1,1,-1,1,-1,-1,-1,1,1,-1,-1,1,1,-1,-1,1,1,-1,1,1,-1,1,1,1,1,-1,1,-1,1,1,-1,1,-1,1,-1,1,1,1,1,1,1,-1,-1,1,-1,-1,1,1,1,-1,1,1,1,-1,1,1,1,1,1,1,1,1,-1,1,1,1,-1,1,1,-1,1,1,1,-1,1,1,-1,-1,1,1,1,-1,1,-1,1,1,1,-1,1,1,-1,1,1,1,-1,1,1,-1,1,1,1,-1,1,1,-1,-1,1,1,-1,1,1,-1,1,-1,1,-1,1,1,1,-1,1,1,1,-1,1,1,-1,1,1,-1,1,1,1,-1,-1,-1,-1,1,1,1,-1,1,1,-1,1,1,-1,-1,1,1,1,1,1,-1,1,1,1,-1,1,1,1,-1,-1,1,1,-1,-1,1,-1,1,-1,1,-1,1,1,-1,-1,-1,1,-1,-1,1,1,-1,1,1,-1,1,1,1,1,-1,1,-1,-1,1,-1,1,-1,1,-1,-1,1,1,1,-1,-1,1,-1,1,1,1,-1,1,1,1,-1,1,1,-1,1,-1,-1,1,1,1,-1,1,-1,1,1,1,1,-1,1,-1,1,1,1,-1,1,1,-1,1,1,1,-1,-1,1,-1,1,1,1,-1,1,-1,1,-1,1,1,-1,-1,1,-1,1,1,1,1,-1,1,-1,-1,1,1,1,-1,1,-1,1,1,1,-1,-1,1,-1,-1,1,-1,1,-1,-1,1,-1,1,-1,1,-1,-1,1,-1,-1,1,1,1,-1,1,-1,1,-1,-1,1,1,-1,-1,-1,1,-1,-1,1,1,1,-1,1,-1,1,1,1,-1,1,1,-1,1,-1,1,-1,-1,1,-1,-1,1,1,1,-1,1,-1,-1,1,1,-1,-1,1,-1,-1,1,1,-1,-1,1,-1,-1,-1,1,1,-1,1,1,-1,-1,1,-1,-1,1,-1,1,-1,1,1,-1,-1,1,-1,-1,-1,-1,-1,1,1,1,-1,-1,1,-1,-1,1,-1,-1,1,-1,-1,1,1,-1,-1,1,-1,-1,1,1,-1,1,-1,-1,-1,-1,1,1,-1,-1,-1,-1,1,1,-1,-1,1,-1,-1,-1,1,1,-1,-1,-1,-1,-1,1,-1,-1,-1,-1,-1,-1,1,1,-1,-1,-1,-1,1,1,1,-1,-1,-1,-1,-1,1,1,1,-1,-1,-1,-1,1,1,-1,-1,-1,-1,1,1,1,1,-1,-1,1,1,1,1,1,-1,-1,-1,1,1,1,-1,1,-1,1,1,1,1,-1,1,-1,-1,1,-1,1,-1,1,-1,-1,1,-1,1,-1,-1,-1,-1,1,-1,1,-1,1,-1,-1,1,-1,1,-1,1,-1,1,-1,-1,1,-1,-1,-1,-1,1,1,-1,-1,-1,-1,-1,1,-1,1,-1,-1,-1,-1,-1,-1,-1,1,-1,-1,-1,1,-1,-1,1,-1,-1,-1,-1,-1,1,1,-1,-1,-1,-1,-1,1,-1,-1,-1,1,-1,-1,1,-1,1,-1,-1,-1,-1,-1,-1,-1,1,-1,-1,-1,1,1,1,-1,-1,-1,1,-1,-1,-1,-1,1,-1,-1,1,-1,1,-1,-1,-1,-1,1,-1,1,1,-1,1,-1,-1,1,1,-1,-1,-1,-1,-1,-1,1,1,-1,-1,1,-1,1,1,-1,-1,-1,1,-1,1,1,-1,-1,1,-1,-1,1,1,1,-1,1,-1,1,1,1,-1,-1,1,-1,-1,1,-1,1,-1,1,-1,-1,1,1,-1,1,1,-1,-1,1,1,1,1,1,-1,-1,1,1,1,1,1,-1,-1,1,1,1,1,-1,1,-1,1,1,1,1,1,-1,-1,1,-1,1,1,1,1,-1,-1,1,-1,1,1,1,-1,1,1,1,1,-1,1,-1,1,1,1,1,1,1,1,-1,-1,1,1,1,-1,1,-1,1,1,1,1,1,-1,1,1,1,1,-1,1,1,-1,1,1,-1,1,1,-1,-1,-1,1,1,1,-1,1,-1,1,1,1,-1,-1,1,-1,1,1,1,-1,1,-1,-1,-1,1,1,-1,-1,1,-1,-1,1,1,1,-1,1,-1,1,1,1,1,-1,1,-1,-1,1,1,-1,-1,-1,1,1,1,1,-1,1,1,-1,1,1,-1,-1,1,1,-1,-1,1,1,-1,1,1,1,1,1,-1,-1,-1,-1,-1,-1,-1,-1,-1,-1,1,1,1,1,-1,1,1,-1,1,1,1,1,-1,1,-1,1,1,1,1,-1,1,-1,1,1,1,1,-1,1,-1,1,1,1,1,-1,1,-1,1,1,1,-1,-1,1,-1,1,1,1,-1,-1,-1,1,-1,1,1,1,-1,1,-1,1,1,-2670.0,1,2000,445,500,False
663,1,1,-1,-1,1,1,-1,-1,1,1,1,-1,-1,1,1,1,-1,1,-1,-1,1,-1,1,1,1,-1,1,-1,1,1,1,1,1,1,-1,-1,1,1,1,1,-1,-1,-1,1,1,1,1,-1,1,1,1,1,-1,1,-1,-1,1,-1,1,1,-1,-1,1,-1,1,1,1,1,-1,-1,-1,1,1,1,1,-1,1,-1,1,1,1,-1,-1,1,1,1,1,1,-1,-1,-1,1,1,1,1,-1,1,1,1,-1,1,1,-1,-1,1,1,1,1,1,-1,-1,1,1,1,1,1,-1,-1,1,1,1,1,1,1,-1,1,1,1,-1,1,1,-1,1,1,1,1,1,1,-1,1,1,1,1,1,1,-1,-1,1,1,1,1,1,-1,1,-1,1,1,1,1,-1,1,1,1,1,-1,1,-1,1,-1,1,1,1,-1,-1,1,1,1,1,1,-1,1,-1,-1,1,-1,1,-1,1,1,1,1,1,1,1,1,1,-1,1,-1,1,-1,1,1,-1,1,-1,1,1,-1,1,-1,1,-1,1,-1,1,1,-1,1,-1,1,1,1,1,-1,-1,1,1,-1,-1,1,-1,1,-1,1,1,-1,1,-1,1,-1,1,-1,-1,1,-1,1,-1,1,1,-1,1,-1,1,1,1,-1,1,1,-1,1,-1,1,-1,1,-1,1,-1,1,1,-1,1,-1,-1,-1,1,1,-1,1,-1,-1,-1,1,1,-1,-1,1,1,-1,-1,1,1,-1,1,1,-1,1,1,1,1,-1,1,-1,1,1,-1,1,-1,1,-1,1,1,1,1,1,1,-1,-1,1,-1,-1,1,1,1,-1,1,1,1,-1,1,1,1,1,1,1,-1,1,-1,1,1,1,-1,-1,1,-1,1,1,1,-1,1,1,-1,-1,1,1,1,-1,1,-1,1,1,1,-1,1,1,-1,1,1,1,-1,1,1,-1,1,1,1,-1,1,1,-1,-1,1,1,-1,1,1,-1,1,-1,1,-1,1,1,1,-1,1,1,1,-1,1,1,-1,1,1,-1,1,1,1,-1,-1,-1,-1,1,1,1,-1,1,1,-1,1,1,-1,-1,1,1,1,1,1,-1,1,1,1,-1,1,1,1,1,-1,1,1,1,-1,1,-1,1,-1,1,1,1,1,-1,-1,-1,1,-1,-1,1,1,-1,1,1,1,1,1,1,1,-1,1,-1,-1,1,-1,1,-1,1,-1,1,1,1,1,-1,-1,1,-1,1,1,1,-1,1,1,1,-1,1,1,-1,1,-1,-1,1,1,1,-1,-1,-1,1,1,1,1,-1,1,-1,-1,1,1,-1,1,1,1,1,1,1,-1,-1,1,-1,1,1,1,-1,1,-1,1,-1,1,1,-1,-1,1,-1,1,1,1,1,-1,1,-1,-1,1,1,1,-1,-1,-1,1,1,1,-1,-1,1,-1,-1,1,-1,1,-1,-1,1,-1,1,-1,1,-1,-1,1,-1,-1,1,1,1,-1,1,-1,1,-1,1,-1,1,-1,-1,-1,1,-1,-1,-1,1,1,-1,1,-1,1,1,1,-1,1,1,-1,-1,-1,1,-1,-1,1,-1,-1,1,1,1,-1,1,-1,-1,1,1,-1,-1,1,-1,-1,1,1,-1,-1,1,-1,-1,-1,1,1,-1,1,1,-1,-1,1,-1,-1,1,-1,1,-1,1,1,-1,-1,1,-1,-1,-1,-1,-1,1,1,1,-1,-1,1,-1,-1,1,-1,-1,1,-1,-1,-1,1,-1,-1,1,-1,-1,1,1,-1,1,-1,1,-1,-1,1,1,-1,-1,-1,-1,-1,1,-1,-1,1,-1,-1,-1,1,1,-1,-1,-1,-1,-1,1,-1,-1,-1,-1,-1,1,1,1,-1,-1,-1,-1,-1,1,1,-1,-1,-1,-1,-1,1,1,1,-1,-1,-1,-1,1,1,-1,-1,-1,-1,1,1,1,1,-1,-1,1,1,1,1,1,-1,-1,-1,1,1,1,-1,1,-1,1,1,1,1,-1,1,-1,-1,1,-1,1,-1,1,-1,-1,1,-1,1,-1,-1,-1,-1,1,-1,1,-1,1,-1,-1,1,-1,1,-1,1,-1,-1,1,-1,1,-1,-1,-1,-1,1,1,-1,-1,-1,-1,-1,1,-1,1,-1,-1,-1,-1,-1,-1,-1,1,-1,-1,-1,1,-1,-1,1,-1,-1,-1,-1,-1,1,1,-1,-1,-1,-1,-1,1,-1,-1,-1,1,-1,-1,1,-1,1,-1,-1,-1,-1,-1,-1,-1,1,-1,-1,-1,1,1,1,-1,-1,-1,1,-1,-1,-1,-1,1,-1,-1,1,-1,1,-1,-1,-1,-1,1,-1,1,1,-1,1,-1,-1,1,1,-1,-1,-1,-1,-1,-1,1,1,-1,-1,1,-1,1,1,-1,-1,-1,1,-1,-1,1,-1,-1,1,-1,-1,1,1,1,-1,1,-1,1,1,1,-1,-1,1,-1,-1,1,1,1,-1,1,-1,-1,1,1,-1,1,1,-1,-1,1,1,1,1,1,-1,-1,1,1,1,1,1,-1,-1,1,1,1,1,-1,1,-1,1,1,1,1,1,-1,-1,1,-1,1,1,1,1,-1,-1,1,-1,1,1,1,-1,1,1,1,1,-1,1,-1,1,1,1,1,1,1,1,-1,1,1,1,1,-1,1,-1,1,1,1,1,1,-1,1,1,1,1,-1,1,1,-1,1,1,-1,1,1,-1,-1,1,1,1,1,-1,1,-1,1,1,1,-1,-1,1,-1,1,-1,1,-1,1,-1,-1,-1,1,1,-1,-1,1,-1,-1,1,-1,1,-1,1,-1,1,-1,1,1,-1,1,-1,-1,1,1,-1,-1,-1,1,1,1,-1,-1,1,1,-1,1,1,-1,-1,1,-1,-1,-1,-1,1,-1,1,1,1,1,-1,1,-1,1,-1,-1,-1,-1,-1,-1,1,-1,1,1,1,-1,1,1,-1,1,1,-1,-1,-1,1,-1,1,1,1,1,-1,1,-1,1,1,1,-1,-1,1,-1,1,1,1,1,-1,1,-1,1,-1,-1,-1,-1,1,-1,-1,1,1,-1,-1,-1,1,-1,1,-1,1,-1,1,-1,-1,1,-2670.0,1,2000,445,500,False
664,1,1,-1,-1,1,1,-1,-1,1,1,1,-1,-1,1,1,1,-1,1,-1,-1,-1,-1,1,1,1,-1,-1,-1,1,1,1,1,1,-1,-1,-1,1,1,1,1,-1,-1,-1,1,1,1,1,-1,1,1,1,1,-1,1,-1,-1,1,-1,1,1,1,-1,-1,-1,1,1,1,1,-1,-1,-1,1,1,1,1,-1,-1,-1,1,1,1,-1,-1,-1,1,1,1,1,-1,-1,-1,1,1,1,1,-1,-1,1,1,-1,1,1,-1,-1,1,1,1,1,1,-1,-1,-1,1,1,1,1,-1,-1,1,1,1,1,1,1,-1,-1,1,1,-1,1,1,-1,1,1,1,1,1,1,-1,1,1,1,1,1,1,-1,1,1,1,1,1,1,-1,-1,-1,1,1,1,1,-1,1,1,1,1,-1,1,-1,1,-1,1,1,1,-1,-1,1,1,1,1,1,-1,1,-1,-1,1,-1,1,-1,1,1,1,1,1,1,1,1,1,-1,1,-1,1,-1,1,1,-1,1,-1,1,1,-1,1,-1,1,-1,1,-1,1,1,-1,1,-1,1,1,1,1,-1,-1,1,1,-1,-1,1,-1,1,-1,1,1,-1,1,-1,1,-1,1,-1,1,1,-1,-1,-1,1,1,-1,1,-1,1,1,1,-1,1,1,-1,1,-1,1,-1,1,-1,1,-1,1,1,-1,1,-1,-1,-1,1,1,-1,1,-1,-1,-1,1,1,-1,-1,1,1,-1,-1,1,1,-1,1,1,-1,1,1,1,1,-1,1,-1,1,1,-1,1,-1,1,-1,1,1,1,1,1,1,-1,-1,1,-1,-1,1,1,1,-1,1,1,1,-1,1,1,1,1,1,1,-1,1,-1,1,1,1,-1,-1,1,-1,1,1,1,-1,1,1,-1,-1,1,1,1,-1,1,-1,1,1,1,-1,1,1,-1,1,1,1,-1,1,1,-1,1,1,1,-1,1,1,-1,-1,1,1,-1,1,1,-1,1,-1,1,-1,1,-1,1,-1,1,1,1,1,-1,1,-1,1,1,-1,1,1,1,-1,-1,-1,-1,1,1,1,-1,1,1,-1,1,1,-1,-1,1,1,1,1,1,-1,1,1,1,-1,1,1,1,1,-1,1,1,1,-1,1,-1,1,1,1,1,1,1,-1,-1,-1,1,-1,1,1,-1,1,-1,1,1,1,1,1,1,-1,1,-1,-1,1,-1,1,-1,1,1,-1,1,1,1,-1,-1,1,-1,1,1,-1,-1,1,1,1,-1,1,1,-1,-1,1,-1,1,1,-1,-1,1,1,1,1,-1,1,-1,1,-1,-1,1,-1,1,-1,1,-1,1,1,-1,-1,-1,1,-1,1,1,1,-1,-1,1,-1,-1,1,-1,-1,-1,1,-1,1,1,-1,1,-1,1,1,-1,1,-1,-1,-1,-1,1,-1,1,-1,-1,-1,1,1,-1,1,-1,-1,-1,-1,1,-1,1,-1,-1,1,-1,1,-1,-1,1,1,1,-1,1,-1,1,-1,1,1,1,-1,-1,-1,1,-1,1,1,1,1,-1,1,-1,-1,1,1,-1,1,1,-1,-1,-1,1,-1,-1,1,-1,-1,1,1,1,-1,1,-1,-1,1,1,-1,-1,1,-1,-1,1,1,-1,-1,1,-1,-1,-1,1,1,-1,1,1,-1,-1,1,-1,-1,1,-1,1,1,1,1,-1,-1,1,-1,-1,-1,-1,-1,1,1,1,-1,-1,1,-1,-1,1,-1,-1,1,-1,-1,1,1,-1,-1,1,-1,-1,1,1,-1,1,-1,-1,-1,-1,1,1,-1,-1,-1,-1,1,1,-1,-1,1,-1,-1,-1,1,1,-1,-1,-1,-1,-1,1,-1,-1,-1,-1,-1,1,1,1,-1,-1,-1,-1,-1,1,1,-1,-1,-1,-1,-1,1,1,1,-1,-1,-1,-1,1,1,-1,-1,-1,-1,1,1,1,1,1,-1,1,1,1,1,1,1,-1,-1,1,1,1,1,1,-1,1,1,1,1,-1,1,-1,-1,1,-1,1,-1,1,-1,-1,1,-1,1,1,1,-1,-1,1,-1,1,-1,1,-1,-1,1,-1,1,1,1,-1,-1,1,-1,1,1,1,-1,-1,1,1,-1,1,1,-1,-1,1,-1,1,-1,1,-1,-1,-1,-1,-1,1,1,-1,-1,1,-1,-1,1,1,-1,-1,-1,-1,-1,-1,1,-1,-1,-1,-1,1,-1,-1,-1,1,-1,-1,1,-1,1,-1,-1,-1,-1,-1,-1,1,1,-1,-1,-1,1,1,1,-1,-1,-1,1,-1,-1,1,-1,1,-1,-1,1,1,1,-1,-1,-1,-1,1,-1,1,1,-1,1,-1,-1,1,1,-1,-1,-1,-1,-1,-1,1,1,-1,-1,1,-1,1,1,-1,-1,-1,1,-1,1,1,-1,-1,1,-1,-1,1,1,1,-1,1,-1,1,1,1,-1,-1,1,-1,-1,1,1,1,-1,1,-1,-1,1,1,-1,1,1,-1,-1,1,1,-1,1,1,-1,-1,1,1,1,1,1,-1,-1,1,1,1,1,1,1,-1,-1,1,1,-1,1,-1,-1,1,-1,1,1,1,1,-1,-1,1,-1,1,1,1,-1,1,1,1,1,-1,1,-1,1,1,1,1,1,1,1,-1,1,1,1,1,-1,1,-1,1,1,1,1,1,-1,1,1,1,1,-1,1,1,-1,1,1,-1,1,1,-1,-1,1,1,1,1,-1,1,-1,1,1,1,-1,-1,1,-1,1,1,1,-1,1,-1,-1,-1,1,1,-1,-1,1,-1,-1,1,1,-1,-1,1,-1,-1,1,1,1,-1,1,-1,-1,1,1,-1,-1,-1,1,-1,1,1,-1,1,1,-1,1,1,-1,-1,1,-1,-1,-1,1,1,-1,1,1,-1,1,1,-1,-1,1,-1,1,-1,-1,-1,-1,1,-1,-1,1,1,-1,1,1,-1,1,1,1,1,-1,1,-1,1,1,1,-1,-1,1,-1,-1,-1,1,-1,-1,1,-1,1,1,1,-1,-1,1,-1,1,1,1,1,-1,1,-1,-1,1,1,-1,-1,-1,1,-1,1,1,1,-1,1,-1,-1,1,-2670.0,1,2000,445,500,False
665,1,1,-1,-1,1,-1,-1,1,1,1,1,-1,1,1,1,1,-1,1,-1,-1,-1,1,1,1,1,-1,-1,-1,1,1,1,1,-1,-1,-1,1,-1,1,1,1,-1,-1,1,1,1,1,1,-1,1,1,1,1,-1,1,-1,-1,1,-1,1,1,1,-1,-1,1,1,1,1,1,-1,-1,1,-1,1,1,1,-1,-1,1,1,1,1,-1,-1,-1,-1,1,1,1,-1,-1,1,1,-1,1,1,-1,-1,-1,-1,-1,1,1,-1,-1,1,-1,-1,1,1,-1,-1,-1,-1,-1,1,1,-1,-1,1,-1,-1,1,1,1,-1,-1,-1,-1,1,1,1,-1,1,-1,-1,1,1,1,-1,1,-1,-1,-1,1,1,-1,1,-1,-1,-1,1,1,-1,-1,1,-1,1,1,1,-1,1,-1,-1,-1,1,1,-1,1,1,-1,1,1,-1,-1,1,-1,-1,1,1,-1,1,-1,1,-1,1,1,-1,1,1,-1,-1,-1,1,1,1,1,1,-1,-1,1,-1,1,1,1,-1,-1,1,1,-1,1,1,-1,1,1,-1,1,1,1,-1,1,1,1,1,1,1,1,-1,1,-1,-1,1,1,-1,-1,1,1,-1,1,1,-1,-1,1,-1,1,1,1,1,-1,1,1,-1,1,1,-1,1,1,-1,1,-1,1,-1,-1,1,-1,1,1,1,1,1,1,-1,1,-1,1,1,1,1,-1,1,-1,1,1,1,1,-1,-1,1,1,1,1,1,1,-1,1,1,-1,-1,1,1,1,-1,1,1,1,1,-1,1,-1,1,1,1,-1,1,1,1,1,1,1,1,-1,-1,1,1,-1,1,1,1,1,-1,1,1,1,1,1,1,1,1,1,1,1,1,-1,1,1,1,1,1,1,-1,1,1,1,-1,1,1,1,-1,1,1,-1,1,1,-1,1,1,-1,1,1,1,-1,1,1,1,1,1,1,-1,1,1,1,-1,1,1,1,1,1,1,1,-1,1,-1,1,-1,1,-1,1,1,1,-1,-1,1,1,-1,1,-1,1,1,1,-1,-1,-1,-1,1,-1,1,-1,1,1,-1,1,1,-1,1,1,1,-1,1,1,-1,1,1,1,1,1,1,1,1,-1,1,-1,-1,-1,1,-1,1,-1,-1,1,1,1,-1,-1,-1,1,-1,1,1,-1,1,-1,-1,1,1,1,1,-1,-1,1,-1,-1,1,-1,1,-1,-1,-1,1,1,1,1,-1,-1,1,-1,1,1,-1,-1,1,-1,1,-1,1,-1,-1,-1,1,-1,1,-1,-1,-1,-1,-1,1,1,-1,1,-1,-1,1,-1,1,-1,-1,1,-1,1,-1,1,-1,-1,-1,-1,-1,1,1,-1,-1,1,-1,1,-1,1,1,-1,-1,1,-1,1,-1,1,-1,-1,1,-1,-1,-1,1,-1,-1,-1,-1,1,-1,1,-1,-1,1,-1,-1,1,1,-1,-1,-1,-1,-1,1,1,-1,-1,-1,1,-1,-1,1,1,1,-1,1,-1,1,-1,1,-1,1,-1,1,1,-1,-1,1,-1,1,-1,1,-1,1,-1,1,1,1,-1,-1,-1,1,-1,1,1,1,-1,-1,-1,1,1,-1,1,-1,-1,-1,1,1,-1,1,-1,-1,1,1,1,-1,1,-1,-1,-1,-1,1,1,1,-1,1,-1,-1,1,-1,1,-1,-1,1,1,1,-1,1,1,-1,-1,-1,-1,-1,1,1,-1,-1,-1,1,-1,-1,1,-1,-1,-1,-1,1,1,-1,-1,-1,-1,-1,1,1,-1,1,-1,1,1,1,1,1,-1,-1,-1,-1,-1,1,-1,1,-1,-1,1,-1,1,1,-1,1,-1,-1,1,1,1,-1,1,-1,1,-1,1,1,-1,1,-1,-1,-1,1,1,-1,1,-1,1,-1,1,1,1,-1,1,-1,-1,1,1,-1,-1,-1,1,-1,1,1,1,-1,1,-1,-1,1,-1,1,-1,1,-1,-1,1,-1,-1,1,-1,1,-1,1,1,-1,1,-1,1,-1,1,-1,1,-1,1,-1,-1,1,1,-1,1,-1,-1,-1,-1,1,-1,1,-1,1,-1,-1,1,-1,1,1,-1,-1,-1,-1,1,1,1,1,-1,-1,1,-1,-1,1,1,-1,-1,-1,-1,1,-1,1,-1,-1,1,1,-1,1,1,-1,-1,1,-1,-1,1,1,-1,-1,-1,-1,1,-1,1,-1,-1,-1,-1,-1,1,-1,-1,1,-1,-1,1,-1,1,-1,-1,-1,-1,-1,1,1,1,-1,-1,-1,1,1,1,-1,-1,-1,1,-1,-1,1,-1,-1,-1,-1,1,1,1,-1,-1,-1,-1,1,-1,1,1,-1,1,-1,-1,1,1,-1,-1,-1,-1,-1,-1,1,1,-1,-1,1,-1,1,1,-1,-1,-1,1,-1,1,1,-1,-1,1,-1,-1,1,1,1,-1,1,-1,1,1,1,-1,-1,1,-1,-1,1,1,1,-1,1,-1,-1,1,1,-1,1,1,-1,-1,1,1,-1,1,1,-1,-1,1,1,-1,1,1,-1,-1,1,1,1,1,1,1,-1,1,1,1,1,1,-1,-1,1,-1,1,1,1,1,-1,-1,1,-1,1,1,1,-1,1,1,1,1,-1,1,-1,1,1,1,1,1,1,1,-1,1,1,1,1,-1,1,-1,1,1,1,1,1,1,1,1,1,1,-1,1,-1,1,1,1,-1,1,1,1,1,1,1,1,1,-1,1,1,1,1,1,-1,-1,1,-1,1,1,1,-1,1,-1,1,1,1,1,-1,-1,1,1,-1,1,1,1,-1,1,1,-1,1,1,1,-1,1,-1,1,1,1,-1,-1,-1,-1,1,-1,1,-1,1,1,1,1,1,-1,-1,1,1,1,1,1,1,-1,1,-1,1,1,1,-1,-1,-1,-1,-1,-1,-1,-1,-1,-1,-1,1,1,1,-1,1,1,-1,-1,1,1,1,-1,1,-1,1,1,1,-1,-1,1,-1,1,1,1,-1,1,1,-1,1,1,1,-1,-1,1,-1,1,-1,1,1,-1,1,-1,-1,1,1,1,-1,1,-1,1,1,1,1,-1,1,-1,-1,1,-2670.0,1,2000,445,1000,True
666,1,1,-1,-1,1,1,-1,-1,1,1,1,-1,1,1,1,1,-1,1,-1,-1,-1,-1,1,1,1,-1,1,-1,1,1,1,1,1,-1,-1,-1,1,1,1,1,-1,-1,-1,1,1,1,1,-1,1,1,1,1,-1,1,-1,-1,1,-1,1,1,1,-1,-1,-1,1,1,1,1,-1,-1,-1,1,1,1,1,-1,-1,-1,1,1,1,-1,-1,-1,1,1,1,1,-1,-1,1,1,1,1,1,-1,-1,-1,1,-1,1,1,-1,-1,1,1,1,1,1,-1,-1,-1,1,1,1,1,-1,-1,1,1,1,1,1,1,-1,-1,1,1,-1,1,1,-1,1,1,1,1,1,1,-1,1,1,1,1,1,1,-1,1,1,1,1,1,1,-1,-1,-1,1,1,1,1,-1,1,1,1,1,-1,1,-1,1,-1,1,1,1,-1,-1,1,1,1,1,1,-1,1,-1,-1,1,-1,1,-1,1,1,1,1,1,1,1,1,1,1,1,-1,1,-1,1,1,-1,1,-1,1,1,-1,1,-1,1,-1,1,-1,1,1,-1,1,-1,1,1,1,1,-1,-1,1,1,-1,-1,1,-1,1,-1,-1,1,-1,1,-1,1,-1,1,-1,1,1,-1,1,-1,1,1,-1,1,-1,1,1,1,-1,1,-1,-1,1,-1,1,-1,1,1,1,-1,1,1,-1,1,-1,-1,-1,1,1,-1,1,-1,-1,-1,1,1,-1,-1,1,1,-1,-1,1,1,-1,1,1,-1,1,1,1,1,-1,1,-1,1,1,-1,1,-1,1,1,1,1,1,1,1,1,-1,-1,1,-1,-1,1,1,1,-1,1,1,1,-1,1,1,1,1,1,1,-1,1,-1,1,1,1,-1,-1,1,-1,1,1,1,-1,1,1,-1,-1,1,1,1,-1,1,-1,1,1,1,-1,1,1,-1,1,1,1,-1,1,1,-1,1,1,1,-1,1,1,-1,-1,1,1,-1,1,1,-1,1,-1,1,-1,1,1,1,-1,1,1,1,-1,1,1,-1,1,1,-1,1,-1,1,-1,-1,-1,-1,1,1,1,-1,1,1,-1,1,1,-1,-1,1,1,1,1,1,-1,1,1,1,-1,1,1,1,-1,-1,1,1,1,-1,1,-1,1,1,1,1,1,1,-1,-1,-1,1,-1,-1,1,-1,1,-1,1,-1,1,1,1,-1,-1,1,-1,-1,1,-1,1,-1,1,1,-1,1,1,1,-1,-1,1,-1,1,1,-1,-1,1,1,1,-1,1,-1,-1,-1,1,-1,1,1,-1,-1,1,1,1,1,-1,1,-1,1,-1,1,1,-1,-1,1,1,-1,1,1,-1,-1,-1,1,-1,1,1,1,-1,-1,1,-1,-1,1,-1,-1,-1,1,-1,1,1,1,-1,-1,1,-1,-1,1,-1,-1,-1,1,-1,-1,1,-1,-1,-1,1,-1,-1,1,-1,-1,-1,-1,1,-1,1,-1,-1,-1,1,1,-1,-1,1,1,1,-1,1,-1,1,-1,1,-1,1,-1,-1,-1,1,-1,-1,1,1,1,-1,1,-1,1,1,1,-1,1,1,-1,1,-1,1,-1,-1,1,-1,-1,1,1,1,-1,1,-1,-1,1,1,-1,-1,1,-1,-1,1,1,-1,-1,1,-1,-1,-1,1,1,-1,1,-1,-1,-1,1,-1,-1,1,-1,1,-1,1,1,-1,-1,1,-1,-1,-1,-1,-1,1,1,1,-1,-1,1,-1,-1,1,-1,-1,1,-1,-1,-1,1,-1,-1,1,-1,-1,1,1,-1,1,-1,-1,-1,-1,1,1,-1,-1,-1,-1,-1,1,-1,-1,1,-1,-1,-1,1,1,-1,-1,-1,-1,-1,1,-1,-1,-1,-1,-1,1,1,1,-1,-1,-1,-1,-1,1,1,-1,-1,-1,-1,-1,1,1,1,-1,-1,-1,-1,1,1,-1,-1,-1,-1,1,1,1,1,1,-1,1,1,1,1,1,1,-1,-1,1,1,1,-1,-1,-1,1,1,1,1,-1,1,-1,-1,1,-1,1,-1,1,-1,-1,1,-1,1,-1,1,-1,-1,1,-1,1,-1,1,-1,-1,1,-1,1,1,1,-1,-1,1,-1,1,1,1,-1,-1,1,1,-1,1,1,-1,-1,1,-1,1,-1,1,-1,-1,-1,-1,-1,1,1,-1,-1,1,-1,-1,1,1,-1,-1,-1,-1,-1,-1,1,-1,-1,-1,-1,1,1,-1,-1,1,-1,-1,1,-1,1,-1,-1,-1,-1,-1,1,1,1,-1,-1,-1,1,1,1,-1,-1,1,-1,-1,-1,1,-1,1,-1,-1,1,1,1,-1,-1,-1,-1,1,-1,1,1,-1,1,-1,-1,1,1,-1,-1,-1,-1,-1,-1,1,1,-1,-1,1,-1,1,1,-1,-1,-1,1,-1,1,1,-1,-1,1,-1,-1,1,1,1,-1,1,-1,1,1,1,-1,-1,1,-1,-1,1,1,1,-1,1,-1,-1,1,1,-1,1,1,-1,-1,1,1,-1,1,1,-1,-1,1,1,1,1,1,-1,-1,1,1,1,1,1,1,-1,-1,1,1,-1,1,-1,-1,1,-1,1,1,1,1,-1,-1,1,-1,1,1,1,-1,1,-1,1,1,-1,1,-1,1,1,1,1,1,1,1,-1,-1,1,1,1,-1,1,-1,1,1,1,1,1,-1,1,-1,1,1,-1,1,1,-1,-1,1,-1,1,1,-1,-1,1,1,1,1,-1,1,-1,-1,1,1,-1,-1,1,-1,1,1,1,-1,1,-1,-1,-1,1,1,-1,-1,1,-1,-1,1,1,-1,-1,1,-1,-1,-1,1,1,-1,1,-1,-1,1,1,-1,-1,-1,1,-1,-1,1,-1,1,1,-1,1,1,-1,-1,1,1,-1,-1,1,1,-1,1,1,-1,1,1,-1,-1,1,-1,1,-1,-1,-1,-1,1,-1,-1,1,1,-1,1,1,-1,1,1,1,1,-1,1,-1,1,1,1,-1,-1,1,-1,1,1,1,-1,1,1,-1,-1,1,1,-1,-1,1,-1,1,1,1,1,-1,1,-1,-1,1,1,1,-1,1,1,-1,1,1,1,-1,1,-1,-1,1,-2670.0,1,2000,445,500,False
667,1,1,-1,-1,1,-1,-1,-1,1,1,1,-1,1,1,1,1,-1,1,-1,-1,-1,-1,1,1,1,-1,-1,-1,1,1,1,1,1,-1,-1,-1,1,1,1,-1,-1,-1,-1,1,1,1,1,-1,1,1,1,1,-1,1,-1,-1,1,-1,1,1,1,-1,-1,-1,1,1,1,1,-1,-1,-1,1,1,1,1,-1,-1,-1,1,1,1,-1,-1,-1,1,1,1,1,-1,-1,-1,1,1,1,1,-1,-1,1,1,-1,1,1,-1,-1,1,1,1,1,1,-1,-1,1,1,1,1,1,-1,-1,1,1,1,1,1,1,-1,1,1,1,-1,1,1,-1,1,1,1,1,1,1,-1,-1,1,1,1,1,1,-1,1,1,1,1,1,1,-1,-1,-1,1,1,1,1,-1,1,1,1,1,-1,1,-1,1,-1,1,1,1,-1,-1,1,1,1,1,1,-1,1,-1,-1,1,-1,1,-1,1,1,1,1,1,1,1,1,1,-1,1,-1,1,-1,1,1,-1,1,-1,1,1,-1,1,-1,1,-1,1,-1,1,1,-1,1,-1,1,1,1,1,-1,-1,1,1,-1,-1,1,-1,1,-1,-1,1,-1,1,-1,1,-1,1,-1,1,1,-1,-1,-1,1,1,-1,1,-1,1,1,1,-1,1,1,-1,-1,-1,1,-1,1,-1,1,-1,1,1,-1,1,-1,-1,-1,1,1,-1,1,-1,-1,-1,1,1,-1,-1,1,1,-1,-1,1,1,-1,1,1,-1,1,1,1,1,-1,1,-1,1,1,-1,1,-1,1,1,-1,1,1,1,1,1,-1,-1,1,-1,-1,-1,1,1,-1,1,1,1,-1,1,-1,-1,1,1,1,1,1,-1,1,1,1,-1,1,1,-1,1,1,1,-1,1,1,-1,-1,1,1,1,-1,1,-1,1,1,1,-1,1,1,-1,1,1,1,-1,1,-1,-1,1,1,1,-1,1,-1,-1,-1,1,1,-1,1,-1,-1,1,-1,1,-1,1,1,-1,-1,1,1,1,-1,1,-1,-1,1,1,-1,1,-1,-1,-1,-1,-1,-1,1,1,-1,-1,1,1,-1,1,-1,1,-1,1,1,1,1,-1,-1,1,1,1,-1,1,-1,-1,-1,-1,1,1,1,1,-1,-1,1,1,1,-1,-1,-1,1,-1,-1,1,-1,1,-1,-1,1,-1,1,-1,-1,-1,1,1,-1,1,-1,1,-1,-1,1,-1,1,1,-1,-1,-1,1,-1,-1,1,1,-1,-1,1,-1,1,1,-1,1,-1,1,-1,-1,1,1,-1,-1,1,-1,1,1,-1,-1,1,1,-1,1,-1,1,-1,1,-1,-1,1,-1,1,-1,1,-1,-1,1,-1,-1,-1,1,-1,-1,1,1,1,-1,1,-1,-1,1,-1,-1,1,-1,1,-1,1,-1,1,-1,1,1,-1,-1,-1,1,-1,1,-1,-1,1,-1,1,1,1,1,-1,-1,1,1,-1,1,1,-1,-1,1,1,1,-1,1,1,-1,1,1,1,1,-1,1,1,-1,-1,-1,1,-1,-1,1,1,1,-1,1,-1,1,-1,-1,-1,1,1,-1,1,1,-1,-1,-1,1,-1,1,1,-1,1,-1,1,-1,-1,-1,-1,-1,-1,1,-1,-1,-1,-1,-1,-1,1,-1,1,1,1,1,-1,1,-1,1,1,-1,-1,-1,1,-1,-1,1,-1,1,-1,-1,1,1,1,1,-1,-1,1,1,1,1,-1,1,-1,-1,1,1,1,-1,-1,-1,1,1,1,1,-1,-1,-1,1,-1,1,-1,1,-1,-1,-1,1,1,1,-1,-1,-1,1,1,1,1,1,-1,-1,-1,1,1,1,1,-1,-1,-1,1,-1,1,-1,-1,-1,1,1,1,1,1,-1,-1,-1,1,1,1,1,-1,-1,-1,1,1,-1,1,-1,-1,-1,1,1,1,1,-1,-1,1,1,1,1,-1,-1,1,1,-1,1,1,-1,-1,-1,1,1,1,1,1,-1,1,1,1,1,1,-1,-1,-1,1,-1,1,-1,-1,-1,-1,1,-1,1,1,-1,-1,-1,1,-1,1,1,-1,-1,-1,1,1,1,1,-1,-1,-1,1,-1,1,1,-1,-1,-1,1,1,-1,-1,-1,-1,-1,1,-1,1,-1,-1,-1,-1,-1,-1,-1,1,-1,-1,-1,1,-1,-1,1,-1,-1,-1,-1,-1,1,1,-1,-1,-1,-1,-1,1,-1,-1,-1,1,-1,-1,1,-1,1,-1,-1,-1,-1,-1,-1,-1,1,-1,-1,-1,1,1,1,-1,-1,1,1,-1,-1,-1,-1,1,-1,-1,1,1,1,-1,-1,-1,-1,1,-1,1,1,-1,1,-1,-1,1,1,-1,-1,-1,-1,-1,-1,1,1,-1,-1,1,-1,1,1,-1,-1,-1,1,-1,1,1,-1,-1,1,-1,-1,1,1,1,-1,1,-1,1,1,1,-1,-1,1,-1,-1,1,1,1,-1,1,-1,-1,1,1,-1,1,1,-1,-1,1,1,1,1,1,-1,-1,1,1,-1,1,1,-1,-1,1,1,1,1,1,1,-1,-1,1,1,1,1,-1,-1,1,-1,1,1,1,1,-1,-1,1,-1,1,1,1,-1,1,1,1,1,-1,1,-1,1,1,1,1,1,1,1,-1,1,1,1,1,-1,1,-1,1,1,1,1,1,-1,1,1,1,1,-1,1,1,-1,1,1,-1,1,1,-1,-1,1,1,1,1,-1,1,-1,1,1,1,-1,-1,1,-1,1,1,1,-1,1,-1,-1,-1,1,1,-1,-1,1,-1,-1,1,1,-1,-1,1,-1,-1,1,1,1,-1,1,-1,-1,1,1,-1,-1,-1,1,-1,-1,1,-1,1,1,-1,1,1,-1,-1,1,1,-1,-1,1,1,-1,1,1,-1,1,1,-1,-1,-1,-1,1,-1,-1,-1,-1,-1,1,-1,1,1,-1,1,1,-1,1,1,1,1,-1,1,-1,1,1,1,1,-1,1,-1,-1,1,1,1,-1,1,-1,1,1,1,1,-1,1,-1,1,1,1,-1,-1,1,-1,-1,1,1,-1,-1,-1,1,-1,1,-1,1,-1,1,-1,-1,1,-2670.0,1,2000,445,0,False
668,1,1,-1,-1,1,-1,-1,-1,1,1,1,-1,1,1,1,1,-1,1,-1,-1,1,-1,1,1,1,-1,-1,-1,1,1,1,1,-1,-1,-1,-1,1,1,1,1,-1,-1,-1,1,1,1,1,-1,1,1,1,1,-1,1,-1,-1,1,-1,1,1,1,-1,-1,-1,1,1,1,1,-1,1,-1,1,1,1,1,-1,-1,-1,1,1,1,-1,-1,-1,1,1,1,1,-1,1,-1,1,1,1,1,-1,-1,1,1,-1,1,1,-1,-1,1,1,1,1,1,-1,-1,1,1,-1,1,1,-1,-1,1,1,1,1,1,1,-1,1,1,1,-1,1,1,-1,1,1,1,1,1,1,-1,-1,1,1,1,1,1,-1,1,1,1,1,1,1,-1,-1,-1,1,1,1,1,-1,1,1,1,1,-1,1,-1,1,-1,1,1,1,-1,-1,1,1,1,1,1,-1,1,-1,-1,1,-1,1,-1,1,1,1,1,1,1,1,1,1,-1,1,-1,1,-1,1,1,-1,1,-1,1,1,-1,1,-1,1,-1,1,-1,1,1,-1,-1,-1,1,1,1,1,-1,-1,1,1,-1,-1,1,-1,1,-1,-1,1,-1,1,-1,1,-1,1,-1,-1,1,-1,-1,-1,1,1,-1,1,-1,1,1,1,-1,1,1,-1,1,-1,1,-1,1,-1,1,-1,1,1,-1,1,-1,-1,-1,1,1,-1,1,-1,-1,-1,1,1,-1,-1,1,1,-1,-1,1,1,-1,1,1,-1,1,1,1,1,-1,1,-1,1,1,-1,1,-1,1,1,-1,1,1,1,1,1,-1,-1,1,-1,-1,1,1,1,-1,1,1,1,-1,1,-1,-1,1,1,1,-1,1,-1,1,1,1,-1,1,1,-1,1,1,1,-1,1,1,-1,-1,1,1,1,-1,1,-1,1,1,1,-1,1,1,-1,1,1,1,-1,1,-1,-1,1,1,1,-1,1,-1,-1,-1,1,1,-1,1,-1,-1,1,-1,1,-1,1,1,-1,-1,1,1,1,-1,1,-1,-1,1,1,-1,1,-1,-1,-1,-1,-1,-1,1,1,-1,-1,1,1,-1,1,-1,-1,-1,1,1,1,1,1,-1,1,1,1,-1,1,-1,-1,-1,-1,1,1,1,1,-1,-1,1,1,1,1,-1,-1,1,-1,-1,1,-1,1,-1,-1,1,-1,1,-1,-1,-1,1,1,-1,1,-1,1,-1,-1,1,-1,1,1,-1,-1,-1,1,-1,-1,1,1,-1,-1,1,-1,1,1,-1,1,-1,1,-1,-1,1,1,-1,-1,1,-1,1,1,-1,-1,1,1,-1,1,-1,1,-1,1,-1,-1,1,-1,1,-1,1,-1,-1,1,-1,-1,-1,1,-1,-1,1,-1,1,-1,1,-1,-1,1,-1,-1,1,-1,1,-1,1,1,1,-1,1,1,-1,-1,-1,1,-1,1,-1,-1,1,-1,1,1,1,1,-1,-1,1,1,-1,1,1,-1,-1,1,1,1,-1,1,1,-1,1,1,1,1,1,1,1,-1,-1,-1,1,-1,1,1,1,1,-1,1,-1,1,-1,-1,-1,1,1,-1,1,1,-1,-1,-1,1,-1,1,1,-1,1,-1,1,-1,-1,-1,-1,-1,-1,1,-1,-1,-1,-1,-1,-1,1,-1,1,1,1,1,-1,1,-1,1,1,-1,-1,-1,1,-1,-1,1,-1,1,-1,-1,1,1,1,1,-1,-1,1,1,1,1,-1,1,-1,-1,1,1,1,-1,-1,-1,1,1,1,1,-1,1,-1,1,-1,1,-1,1,1,-1,-1,1,1,1,-1,-1,-1,-1,1,1,1,1,-1,-1,-1,1,1,1,1,-1,-1,-1,1,1,1,-1,-1,-1,-1,1,1,1,1,-1,-1,1,1,1,1,1,-1,-1,-1,1,1,-1,1,-1,-1,-1,1,1,1,1,-1,-1,1,1,1,1,-1,-1,1,1,-1,1,1,-1,-1,-1,1,1,1,1,1,-1,1,1,1,1,1,-1,-1,-1,1,-1,1,-1,-1,-1,-1,1,-1,1,1,-1,-1,-1,1,-1,1,1,-1,-1,-1,1,1,1,1,-1,-1,-1,1,-1,1,1,-1,-1,-1,1,1,-1,-1,-1,-1,-1,1,-1,1,-1,-1,-1,-1,-1,-1,-1,1,-1,-1,-1,1,-1,-1,1,-1,-1,-1,-1,-1,-1,1,-1,-1,-1,-1,-1,1,-1,-1,-1,1,-1,-1,1,-1,1,-1,-1,-1,-1,-1,-1,-1,1,-1,-1,-1,1,1,-1,-1,-1,1,1,-1,-1,-1,-1,1,-1,-1,1,1,1,-1,-1,-1,-1,1,-1,1,1,-1,1,-1,-1,1,1,-1,-1,-1,-1,-1,-1,1,1,-1,-1,1,-1,1,1,-1,-1,-1,1,-1,1,1,-1,-1,1,-1,-1,1,1,1,-1,1,-1,1,1,1,-1,-1,1,-1,-1,1,1,1,-1,1,-1,-1,1,1,-1,1,1,-1,-1,1,1,-1,1,1,-1,-1,1,1,-1,1,1,-1,-1,1,1,1,1,-1,1,-1,-1,1,1,1,1,-1,-1,1,-1,1,1,1,1,-1,-1,1,-1,1,1,1,-1,1,1,1,1,-1,1,-1,1,1,1,1,1,1,1,-1,1,1,1,1,-1,1,-1,1,1,1,1,1,-1,1,1,1,1,-1,1,1,-1,1,1,-1,1,1,-1,-1,1,1,1,1,-1,1,-1,1,1,1,-1,-1,1,-1,1,1,1,-1,1,-1,-1,-1,1,1,-1,-1,1,-1,-1,1,1,-1,-1,1,-1,-1,1,1,1,-1,1,-1,-1,1,1,-1,-1,-1,1,-1,-1,1,-1,1,1,-1,1,1,-1,-1,1,1,-1,-1,-1,1,-1,1,1,-1,1,1,-1,-1,-1,-1,1,-1,-1,-1,-1,1,-1,-1,1,1,-1,1,1,-1,1,1,1,1,-1,1,-1,1,1,1,1,-1,1,-1,1,1,1,1,-1,1,-1,-1,1,1,1,-1,1,-1,1,1,-1,-1,-1,1,-1,-1,1,1,-1,-1,-1,1,-1,1,-1,1,-1,1,-1,-1,1,-2670.0,1,2000,445,1000,False
669,1,1,-1,-1,1,-1,-1,-1,1,1,1,-1,1,1,1,1,-1,1,-1,-1,-1,-1,1,1,1,-1,-1,-1,1,1,1,1,1,-1,-1,-1,1,-1,1,1,-1,-1,-1,1,1,1,1,-1,1,1,1,1,-1,1,-1,-1,1,-1,1,1,-1,-1,-1,-1,1,1,1,1,-1,-1,-1,1,1,1,1,-1,-1,-1,1,1,1,-1,-1,-1,1,1,1,1,-1,-1,-1,1,1,1,1,-1,-1,1,1,-1,1,1,-1,-1,1,1,1,1,1,-1,-1,-1,1,-1,1,1,-1,-1,1,1,1,1,1,1,-1,-1,1,1,-1,1,1,-1,1,1,1,1,1,1,-1,1,1,1,1,1,1,-1,1,1,1,1,1,1,-1,-1,-1,1,1,1,1,-1,1,1,1,1,-1,1,-1,1,-1,1,1,1,-1,-1,1,1,1,1,1,-1,1,-1,-1,1,-1,1,-1,1,1,1,1,1,1,1,1,1,-1,1,-1,1,-1,1,1,-1,1,-1,1,1,-1,1,-1,1,-1,1,-1,1,1,-1,1,-1,1,1,1,1,-1,-1,1,1,-1,-1,1,-1,1,-1,1,1,-1,1,-1,1,-1,1,-1,-1,1,-1,-1,-1,1,1,-1,1,-1,1,1,1,-1,1,1,-1,-1,-1,1,-1,1,-1,1,-1,1,1,-1,1,-1,-1,-1,1,1,-1,1,-1,-1,-1,1,1,-1,-1,1,1,-1,-1,1,1,-1,1,1,-1,1,1,1,1,-1,1,-1,1,1,-1,1,-1,1,-1,1,1,1,1,1,1,-1,-1,1,-1,-1,-1,1,1,-1,1,1,1,-1,1,1,1,1,1,1,1,1,-1,1,1,1,-1,1,1,-1,1,1,1,-1,1,1,-1,-1,1,1,1,-1,1,-1,1,1,1,-1,1,1,-1,1,1,1,-1,1,1,-1,1,1,1,-1,1,1,1,-1,1,1,-1,1,1,-1,1,-1,1,-1,1,1,1,-1,1,1,1,-1,1,1,-1,1,1,-1,1,1,1,-1,-1,-1,-1,1,1,1,-1,1,1,-1,1,1,-1,-1,1,1,1,1,1,-1,1,1,1,-1,1,1,1,1,-1,1,1,1,-1,1,-1,1,1,1,1,1,1,-1,-1,-1,1,-1,-1,1,-1,1,-1,1,-1,1,1,1,-1,-1,1,-1,-1,1,-1,1,-1,1,1,1,1,1,1,-1,-1,1,-1,1,1,-1,-1,1,1,1,-1,1,-1,-1,-1,1,-1,1,1,-1,-1,1,1,1,1,-1,1,-1,1,-1,-1,1,-1,-1,-1,1,-1,1,1,-1,-1,-1,1,-1,1,1,1,-1,-1,1,-1,-1,1,-1,-1,-1,1,-1,1,1,-1,-1,-1,1,-1,-1,1,-1,-1,-1,-1,-1,1,1,-1,-1,-1,1,-1,-1,1,-1,-1,-1,-1,1,-1,1,-1,-1,-1,-1,1,-1,-1,1,1,1,-1,1,-1,1,-1,1,1,1,-1,-1,-1,1,-1,-1,-1,1,1,-1,1,-1,1,1,1,-1,1,1,-1,-1,-1,1,-1,-1,1,-1,-1,1,1,1,-1,1,-1,-1,1,1,-1,-1,1,-1,-1,1,1,-1,-1,1,-1,-1,-1,1,1,-1,1,1,-1,-1,1,-1,-1,1,-1,1,-1,1,1,-1,-1,1,-1,-1,-1,-1,-1,1,1,1,-1,-1,1,-1,-1,1,-1,-1,1,-1,-1,1,1,-1,-1,1,1,-1,1,1,-1,1,-1,1,-1,-1,1,1,-1,-1,-1,-1,1,1,-1,-1,1,-1,-1,-1,1,1,-1,-1,-1,-1,-1,1,-1,-1,-1,-1,-1,1,1,1,-1,-1,-1,-1,-1,1,1,-1,-1,-1,-1,-1,1,1,1,-1,-1,-1,-1,1,1,-1,-1,-1,-1,1,1,1,1,1,-1,1,1,1,1,1,1,-1,-1,1,1,1,1,-1,-1,1,1,1,1,-1,1,-1,-1,1,-1,1,-1,1,-1,-1,1,-1,1,1,1,-1,-1,1,-1,1,-1,1,1,-1,1,-1,1,1,1,1,-1,1,-1,1,1,1,-1,-1,1,1,-1,1,1,-1,-1,1,-1,1,-1,1,-1,-1,-1,-1,-1,1,1,-1,-1,1,-1,-1,1,1,-1,-1,-1,-1,1,-1,1,-1,-1,-1,-1,-1,1,-1,-1,1,-1,-1,1,-1,1,-1,-1,-1,-1,-1,1,1,1,-1,-1,-1,1,1,1,-1,-1,-1,1,-1,-1,1,-1,1,-1,-1,1,1,1,-1,-1,-1,-1,1,-1,1,1,-1,1,-1,-1,1,1,-1,-1,-1,-1,-1,-1,1,1,-1,-1,1,-1,1,1,-1,-1,-1,1,-1,1,1,-1,-1,1,-1,-1,1,1,1,-1,1,-1,1,1,1,-1,-1,1,-1,-1,1,1,1,-1,1,-1,-1,1,1,-1,1,1,-1,-1,1,1,1,1,1,-1,-1,1,1,1,1,1,-1,-1,1,1,1,1,-1,1,-1,-1,1,1,1,1,-1,-1,1,-1,1,1,1,1,-1,-1,1,-1,1,1,1,-1,1,1,1,1,-1,1,-1,1,1,1,1,1,1,1,-1,1,1,1,1,-1,1,-1,1,1,1,1,1,-1,1,1,1,1,-1,1,1,-1,1,1,-1,1,1,-1,-1,1,1,1,1,-1,1,-1,1,1,1,-1,-1,1,-1,1,1,1,-1,1,-1,-1,-1,1,1,-1,-1,1,-1,-1,1,1,-1,-1,1,-1,-1,1,1,1,-1,1,-1,-1,1,1,-1,-1,-1,1,-1,-1,1,-1,1,1,-1,1,1,-1,-1,1,1,-1,-1,1,1,-1,1,1,-1,1,1,-1,-1,-1,-1,1,-1,-1,-1,-1,-1,-1,-1,1,1,-1,1,1,-1,1,1,1,1,-1,1,-1,1,1,1,-1,-1,1,-1,1,1,1,-1,-1,1,-1,-1,1,1,-1,-1,1,-1,1,1,1,1,-1,1,-1,-1,1,1,-1,-1,-1,1,-1,1,1,1,-1,1,-1,-1,1,-2670.0,1,2000,445,0,False
670,1,1,-1,-1,1,1,-1,-1,1,1,1,-1,1,1,1,1,-1,1,1,-1,-1,-1,1,1,1,1,-1,-1,1,1,1,1,-1,-1,-1,-1,1,1,1,1,-1,-1,-1,1,1,1,1,-1,1,1,1,1,-1,1,-1,-1,1,-1,1,1,1,-1,-1,-1,1,1,1,1,-1,-1,-1,1,1,1,1,-1,-1,-1,1,1,1,-1,-1,-1,1,1,1,1,-1,-1,1,1,1,1,1,-1,-1,-1,1,-1,1,1,-1,-1,1,1,1,1,1,-1,-1,-1,1,-1,1,1,-1,-1,1,1,1,1,1,1,-1,-1,1,1,-1,1,1,-1,1,1,1,1,1,1,-1,1,1,1,1,1,1,-1,1,1,1,1,1,1,-1,-1,-1,1,1,1,1,-1,1,1,1,1,-1,1,-1,1,-1,1,1,1,-1,-1,1,1,1,1,1,-1,1,-1,-1,1,-1,1,-1,1,1,1,1,1,1,1,1,1,-1,1,-1,1,-1,1,1,-1,1,-1,1,1,-1,1,-1,1,-1,1,-1,1,1,-1,1,-1,1,1,1,1,-1,-1,1,1,-1,-1,1,-1,1,-1,-1,1,-1,1,-1,1,-1,1,-1,1,1,-1,-1,-1,1,1,-1,1,-1,1,1,1,-1,1,1,-1,1,-1,1,-1,1,-1,1,-1,1,1,-1,1,-1,-1,-1,1,1,-1,1,-1,-1,-1,1,1,-1,-1,1,1,-1,-1,1,1,-1,1,1,-1,1,1,1,-1,-1,1,-1,1,1,-1,1,-1,1,-1,1,1,1,-1,-1,1,-1,-1,1,-1,1,-1,1,1,-1,1,1,1,-1,1,1,1,1,1,-1,-1,1,-1,1,1,1,1,-1,1,-1,1,1,1,-1,1,1,-1,-1,1,1,-1,-1,1,-1,1,1,1,1,1,1,-1,1,1,1,1,1,1,-1,1,1,1,1,1,1,1,-1,1,1,1,1,1,-1,1,-1,1,-1,1,1,1,-1,1,1,1,1,1,1,-1,1,1,1,-1,-1,1,-1,-1,-1,-1,1,1,1,-1,1,1,-1,1,1,-1,-1,1,1,1,1,1,-1,1,1,1,-1,1,1,1,-1,-1,1,1,1,-1,1,-1,1,-1,1,1,1,1,-1,-1,-1,1,-1,-1,1,-1,1,-1,1,1,1,1,1,-1,-1,1,-1,-1,1,-1,1,-1,1,-1,-1,1,1,1,-1,-1,1,-1,1,1,-1,-1,1,1,1,-1,1,-1,-1,1,-1,-1,1,-1,-1,-1,-1,-1,1,1,-1,1,-1,1,-1,1,1,-1,-1,1,-1,1,-1,1,-1,-1,-1,-1,-1,1,1,-1,-1,1,-1,1,-1,1,1,-1,-1,1,-1,1,-1,1,-1,-1,-1,-1,-1,-1,1,-1,-1,-1,1,1,-1,1,-1,-1,1,-1,-1,1,1,-1,-1,-1,-1,-1,1,1,-1,1,-1,-1,-1,-1,1,1,1,-1,1,-1,1,-1,1,-1,1,-1,-1,-1,1,-1,-1,1,1,1,-1,1,-1,1,1,1,-1,1,1,-1,1,-1,1,-1,-1,1,-1,-1,1,1,1,-1,1,-1,-1,1,1,-1,-1,1,-1,-1,1,1,-1,-1,1,-1,-1,-1,1,1,-1,1,1,-1,-1,1,-1,-1,1,-1,1,-1,1,1,-1,-1,1,-1,-1,-1,-1,-1,1,1,1,-1,1,1,-1,-1,1,-1,1,-1,-1,-1,1,1,-1,-1,-1,1,-1,1,1,-1,1,1,1,-1,-1,1,1,-1,-1,-1,-1,-1,1,-1,-1,1,-1,-1,-1,1,1,-1,-1,-1,-1,-1,1,-1,-1,1,-1,-1,1,1,1,-1,-1,-1,-1,-1,1,1,-1,1,-1,-1,-1,1,1,1,-1,-1,-1,-1,1,1,-1,1,-1,-1,1,1,1,1,-1,-1,1,1,1,1,1,-1,-1,-1,1,1,1,1,1,-1,1,1,1,1,-1,1,-1,-1,1,-1,1,1,-1,-1,-1,1,-1,1,-1,-1,-1,-1,1,-1,1,-1,1,-1,-1,1,-1,1,1,-1,-1,-1,1,-1,1,1,1,-1,-1,1,1,-1,1,1,-1,-1,1,-1,1,-1,1,-1,-1,-1,-1,-1,1,1,-1,-1,1,-1,-1,1,1,-1,-1,-1,-1,-1,-1,1,-1,-1,-1,-1,1,1,-1,-1,1,-1,-1,1,-1,1,-1,-1,-1,-1,-1,1,1,1,-1,-1,-1,1,1,1,-1,-1,1,1,-1,-1,1,-1,1,-1,-1,1,1,1,-1,-1,-1,-1,1,-1,1,1,-1,1,-1,-1,1,1,-1,-1,-1,-1,-1,-1,1,1,-1,-1,1,-1,1,1,-1,-1,-1,1,-1,1,1,-1,-1,1,-1,-1,1,1,1,-1,1,-1,1,1,1,-1,-1,1,-1,-1,1,1,1,-1,1,-1,-1,1,1,-1,1,1,-1,-1,1,1,-1,1,1,-1,-1,1,1,-1,1,1,-1,-1,1,1,1,1,1,1,-1,1,1,-1,1,1,-1,-1,1,-1,1,1,1,1,-1,-1,1,-1,1,1,1,-1,1,1,1,1,-1,1,-1,1,1,1,1,1,1,-1,-1,1,1,1,1,-1,1,-1,1,1,1,1,-1,1,-1,1,1,1,-1,-1,1,-1,1,1,-1,1,-1,-1,1,1,1,1,-1,1,-1,-1,1,1,1,-1,-1,-1,1,1,1,1,-1,1,-1,-1,-1,1,1,-1,1,-1,-1,1,1,1,-1,1,1,-1,1,1,1,1,1,1,-1,1,1,1,-1,-1,1,1,1,1,1,-1,1,-1,-1,1,1,-1,-1,1,-1,-1,1,1,1,-1,1,1,1,1,1,-1,-1,-1,-1,-1,1,-1,-1,-1,1,-1,1,-1,1,-1,1,1,-1,1,1,1,1,-1,1,-1,1,1,1,-1,-1,1,-1,1,1,1,-1,-1,1,-1,1,1,1,-1,-1,1,-1,1,1,1,1,-1,1,-1,-1,1,1,1,-1,-1,1,-1,1,1,1,-1,1,-1,-1,1,-2670.0,1,2000,445,0,False
671,1,1,-1,-1,1,1,-1,-1,1,1,1,-1,1,1,1,1,-1,1,-1,-1,-1,-1,1,1,1,-1,-1,-1,1,1,1,1,1,-1,-1,-1,1,1,1,-1,-1,-1,-1,1,1,1,1,-1,1,1,1,1,-1,1,-1,-1,1,-1,1,1,1,-1,-1,-1,1,1,1,1,-1,-1,-1,1,1,1,1,-1,-1,-1,1,1,1,-1,-1,-1,1,1,1,1,-1,-1,-1,1,1,1,1,-1,-1,1,1,-1,1,1,-1,-1,1,1,1,1,1,-1,-1,-1,1,1,1,1,-1,-1,1,1,1,1,1,1,-1,-1,1,1,-1,1,1,-1,1,1,1,1,1,1,-1,1,1,1,1,1,1,-1,1,1,1,1,1,1,-1,-1,-1,1,1,1,1,-1,1,1,1,1,-1,1,-1,1,-1,1,1,1,-1,-1,1,1,1,1,1,-1,1,-1,-1,1,-1,1,-1,1,1,1,1,1,1,1,1,1,-1,1,-1,1,-1,1,1,-1,1,-1,1,1,-1,1,-1,1,-1,1,-1,1,1,-1,-1,-1,1,1,1,1,-1,-1,1,1,-1,-1,1,-1,1,-1,-1,1,-1,1,-1,1,-1,1,-1,1,1,-1,-1,-1,1,1,-1,1,-1,1,1,1,-1,1,-1,-1,1,-1,1,-1,1,1,-1,-1,1,1,-1,1,-1,-1,-1,1,1,-1,1,-1,-1,-1,1,1,-1,-1,1,-1,-1,-1,1,1,-1,1,1,-1,1,1,1,1,-1,1,-1,1,1,-1,1,-1,1,-1,-1,1,1,1,1,1,-1,-1,1,-1,-1,1,1,1,-1,1,1,1,-1,1,-1,-1,1,1,1,1,1,-1,1,1,1,-1,1,1,-1,1,1,1,-1,1,1,-1,-1,1,1,1,-1,1,-1,1,1,1,-1,1,1,-1,1,1,1,-1,1,-1,-1,1,1,1,-1,1,-1,-1,-1,1,1,1,1,-1,-1,1,-1,1,-1,1,1,-1,-1,1,1,1,-1,1,-1,-1,1,1,-1,1,-1,-1,-1,-1,-1,-1,1,-1,-1,-1,1,1,-1,1,-1,1,-1,1,1,-1,1,1,-1,1,1,1,1,1,-1,-1,-1,-1,1,-1,-1,1,-1,-1,1,-1,-1,1,-1,-1,1,-1,-1,1,-1,1,-1,-1,1,-1,-1,1,-1,-1,1,1,-1,1,-1,1,-1,-1,1,-1,-1,-1,-1,-1,-1,1,-1,-1,1,1,-1,-1,1,-1,1,-1,-1,1,-1,1,-1,-1,1,1,-1,-1,1,-1,-1,-1,-1,-1,1,1,-1,-1,1,1,-1,1,-1,1,-1,1,1,-1,1,-1,-1,-1,-1,-1,-1,1,-1,1,-1,1,1,-1,1,-1,-1,1,-1,-1,1,-1,1,-1,1,-1,1,-1,1,1,-1,-1,-1,1,-1,1,-1,-1,1,-1,1,1,1,1,-1,-1,-1,1,-1,1,1,1,-1,1,1,1,-1,1,1,-1,1,1,1,1,-1,-1,1,-1,-1,-1,1,-1,1,1,1,1,-1,1,-1,1,-1,-1,-1,1,1,-1,1,1,-1,-1,-1,1,-1,1,1,-1,1,-1,1,-1,-1,-1,-1,-1,-1,1,-1,-1,-1,-1,-1,-1,1,1,1,1,1,1,-1,1,-1,1,1,-1,-1,-1,1,-1,-1,1,-1,1,-1,-1,1,1,1,1,-1,-1,1,1,1,1,-1,1,-1,-1,1,1,1,-1,-1,-1,1,1,1,1,-1,-1,-1,1,-1,1,-1,1,-1,-1,-1,1,1,1,-1,-1,-1,1,1,1,1,1,-1,-1,-1,1,1,1,1,-1,-1,-1,1,-1,1,-1,-1,-1,-1,1,1,1,1,-1,-1,1,1,1,1,1,-1,-1,-1,1,1,-1,1,-1,-1,-1,1,1,1,1,-1,-1,1,1,1,1,-1,-1,1,1,-1,1,1,-1,-1,-1,1,1,1,1,1,-1,1,1,1,1,1,-1,-1,-1,1,-1,1,-1,-1,-1,-1,1,-1,1,1,1,-1,-1,1,-1,1,1,-1,-1,-1,1,1,1,1,-1,-1,-1,1,-1,1,1,-1,-1,-1,1,1,-1,-1,-1,-1,-1,1,-1,1,-1,-1,-1,-1,-1,-1,-1,1,-1,-1,-1,1,-1,-1,1,-1,-1,-1,-1,-1,1,1,-1,-1,-1,-1,-1,1,-1,-1,-1,1,-1,-1,1,-1,1,-1,-1,-1,-1,-1,-1,-1,1,-1,-1,-1,1,1,-1,-1,-1,1,-1,-1,-1,-1,-1,1,-1,-1,1,1,1,-1,-1,-1,-1,1,-1,1,1,-1,1,-1,-1,1,1,-1,-1,-1,-1,-1,-1,1,1,-1,-1,1,-1,1,1,-1,-1,-1,1,-1,1,1,-1,-1,1,-1,-1,1,1,1,-1,1,-1,1,1,1,-1,-1,1,-1,-1,1,1,1,-1,1,-1,-1,1,1,-1,1,1,-1,-1,1,1,1,1,1,-1,-1,1,1,-1,1,1,-1,-1,1,1,1,1,1,1,-1,1,1,1,1,1,-1,-1,1,-1,1,1,1,1,-1,-1,1,-1,1,1,1,-1,1,1,1,1,-1,1,-1,1,1,1,1,1,1,1,-1,1,1,1,1,-1,1,-1,1,1,1,1,1,1,1,1,1,1,-1,1,-1,1,1,1,-1,1,1,1,1,-1,1,1,1,-1,1,1,1,1,1,-1,-1,1,-1,1,1,1,-1,1,-1,1,1,1,1,-1,-1,1,1,-1,1,1,1,-1,1,1,-1,1,1,1,-1,1,-1,1,1,1,-1,-1,-1,-1,1,1,1,-1,1,1,1,1,1,-1,-1,1,1,1,1,1,1,-1,1,-1,1,1,1,-1,-1,-1,-1,-1,-1,-1,-1,-1,1,-1,1,1,1,-1,1,1,-1,-1,1,1,1,-1,1,-1,1,1,1,-1,-1,1,-1,1,1,1,-1,1,1,-1,1,1,1,-1,-1,1,-1,1,-1,1,1,-1,1,-1,-1,1,1,-1,-1,1,-1,1,1,-1,1,-1,1,-1,-1,1,-2670.0,1,2000,445,0,False
672,1,1,-1,-1,1,-1,-1,-1,1,1,1,-1,1,1,1,1,-1,1,-1,-1,-1,-1,1,1,1,-1,-1,-1,1,1,1,1,1,-1,-1,-1,1,1,1,1,-1,-1,-1,1,1,1,1,-1,1,1,1,1,-1,1,-1,-1,1,-1,1,1,-1,-1,-1,-1,1,1,1,1,-1,-1,-1,1,1,1,1,-1,-1,-1,1,1,1,-1,-1,-1,1,1,1,1,-1,-1,-1,1,1,1,1,-1,-1,1,1,-1,1,1,-1,-1,1,1,1,1,1,-1,-1,-1,1,1,1,1,-1,-1,1,1,1,1,1,1,-1,-1,1,1,-1,1,1,-1,1,1,1,1,1,1,-1,1,1,1,1,1,1,-1,1,1,1,1,1,1,-1,-1,-1,1,1,1,1,-1,1,1,1,1,-1,1,-1,1,-1,1,1,1,-1,-1,1,1,1,1,1,-1,1,-1,-1,1,-1,1,-1,1,1,1,1,1,1,1,1,1,-1,1,-1,1,-1,1,1,-1,1,-1,1,1,-1,1,-1,1,-1,1,-1,1,1,-1,1,-1,1,1,1,1,-1,-1,1,1,-1,-1,1,-1,1,-1,1,1,-1,1,-1,1,-1,1,-1,-1,1,-1,-1,-1,1,1,-1,1,-1,1,1,1,-1,1,-1,-1,-1,-1,1,-1,1,1,1,-1,1,1,-1,1,-1,-1,-1,1,1,-1,1,-1,-1,-1,1,1,-1,-1,1,1,-1,-1,1,1,-1,1,1,-1,1,1,1,1,-1,1,-1,1,1,-1,1,-1,1,-1,1,1,1,1,1,1,-1,-1,1,-1,-1,-1,1,1,-1,1,1,1,-1,1,1,1,1,1,1,1,1,-1,1,1,1,-1,1,1,-1,1,1,1,-1,1,1,-1,-1,1,1,1,-1,1,-1,1,1,1,-1,1,1,-1,1,1,1,-1,1,1,-1,1,1,1,-1,1,1,-1,-1,1,1,-1,1,1,-1,1,-1,1,-1,1,1,1,-1,1,1,1,-1,1,1,-1,1,1,-1,1,1,1,-1,-1,-1,-1,1,1,1,-1,1,1,-1,1,1,-1,-1,1,1,1,1,1,-1,1,1,1,-1,1,1,1,-1,-1,1,1,1,-1,1,-1,1,1,1,1,1,1,-1,-1,-1,1,-1,-1,1,1,-1,1,1,1,1,1,1,1,-1,1,-1,-1,1,-1,1,-1,1,1,-1,1,1,1,-1,-1,1,-1,1,1,1,-1,1,1,1,-1,1,1,-1,-1,1,-1,1,1,1,-1,1,1,1,1,1,1,-1,1,-1,1,1,1,-1,-1,1,-1,1,1,1,-1,-1,1,-1,1,1,1,-1,-1,1,1,-1,1,1,-1,-1,1,-1,1,1,1,1,-1,1,-1,-1,1,1,1,-1,-1,-1,-1,1,1,-1,-1,1,-1,-1,1,-1,1,-1,-1,1,-1,1,-1,1,-1,-1,1,-1,-1,1,1,1,-1,1,-1,1,-1,-1,1,1,-1,-1,-1,1,-1,-1,1,1,1,-1,1,-1,1,1,1,-1,1,1,-1,1,-1,1,-1,-1,1,-1,-1,1,1,1,-1,1,-1,-1,1,1,-1,-1,1,-1,-1,1,1,-1,-1,1,-1,-1,-1,1,1,-1,1,1,-1,-1,1,-1,-1,1,-1,1,-1,1,1,-1,-1,1,-1,-1,-1,-1,-1,1,1,1,-1,-1,1,-1,-1,1,-1,-1,1,-1,-1,1,1,-1,-1,1,-1,-1,1,1,-1,1,-1,1,-1,-1,1,1,-1,-1,-1,-1,1,1,-1,-1,1,-1,-1,-1,1,1,-1,-1,-1,-1,-1,1,-1,-1,-1,-1,-1,1,1,1,-1,-1,-1,-1,-1,1,1,-1,-1,-1,-1,-1,1,1,1,-1,-1,-1,-1,1,1,-1,-1,-1,-1,1,1,1,1,-1,-1,1,1,1,1,1,-1,-1,-1,1,1,1,1,1,-1,1,1,1,1,-1,1,-1,-1,1,-1,1,-1,1,-1,-1,1,-1,1,-1,-1,-1,-1,1,-1,1,-1,1,-1,-1,1,-1,1,-1,1,-1,-1,1,-1,1,-1,-1,-1,-1,1,1,-1,-1,-1,-1,-1,1,-1,1,-1,-1,-1,-1,-1,-1,-1,1,-1,-1,-1,1,-1,-1,1,-1,-1,-1,-1,-1,1,1,-1,-1,-1,-1,-1,1,-1,-1,-1,1,-1,-1,1,-1,1,-1,-1,-1,-1,-1,-1,-1,1,-1,-1,-1,1,1,-1,-1,-1,-1,1,-1,-1,-1,-1,1,-1,-1,1,1,1,-1,-1,-1,-1,1,-1,1,1,-1,1,-1,-1,1,1,-1,-1,-1,-1,-1,-1,1,1,-1,-1,1,-1,1,1,-1,-1,-1,1,-1,-1,1,-1,-1,1,-1,-1,1,1,1,-1,1,-1,1,1,1,-1,-1,1,-1,-1,1,1,1,-1,1,-1,-1,1,1,-1,1,1,-1,-1,1,1,1,1,1,-1,-1,1,1,1,1,1,-1,-1,1,1,1,1,-1,1,-1,-1,1,1,1,1,-1,-1,1,-1,1,1,1,1,-1,-1,1,-1,1,1,1,-1,1,1,1,1,-1,1,-1,1,1,1,1,1,1,1,-1,1,1,1,1,-1,1,-1,1,1,1,1,1,-1,1,1,1,1,-1,1,1,-1,1,1,-1,1,1,-1,-1,1,1,1,1,-1,1,-1,1,1,1,-1,-1,1,-1,1,1,1,-1,1,-1,-1,-1,1,1,-1,-1,1,-1,-1,1,1,-1,-1,1,-1,-1,1,1,1,-1,-1,-1,-1,1,1,-1,-1,-1,1,-1,-1,1,-1,1,1,-1,1,1,-1,-1,1,-1,-1,-1,1,1,-1,1,1,-1,1,1,-1,-1,-1,-1,1,-1,-1,-1,-1,-1,-1,-1,1,1,-1,1,1,-1,1,1,1,1,-1,1,-1,1,1,1,-1,-1,1,-1,-1,1,1,-1,1,1,-1,1,1,1,-1,-1,1,-1,1,1,1,1,-1,1,-1,-1,1,1,-1,-1,1,1,-1,1,-1,1,-1,1,-1,-1,1,-2670.0,1,2000,445,0,False
673,1,1,-1,-1,1,1,-1,1,1,1,1,-1,-1,1,1,1,-1,1,-1,-1,1,1,1,1,1,-1,1,-1,1,1,1,1,1,1,-1,1,-1,1,1,1,-1,-1,1,1,1,1,1,-1,1,-1,1,1,-1,1,-1,-1,-1,-1,1,1,1,-1,1,1,1,1,1,1,-1,-1,1,-1,1,1,1,-1,1,1,-1,1,1,-1,-1,1,-1,1,1,1,-1,-1,-1,-1,-1,1,1,-1,1,1,-1,1,1,1,-1,-1,1,-1,-1,1,1,-1,-1,1,-1,-1,1,1,-1,-1,1,-1,-1,1,1,1,-1,1,-1,-1,1,1,1,-1,1,-1,-1,1,1,1,-1,1,-1,-1,1,1,1,-1,-1,-1,-1,-1,1,1,-1,1,1,-1,-1,1,1,-1,1,1,-1,-1,1,1,-1,1,1,-1,1,1,-1,-1,1,-1,-1,1,1,-1,1,-1,1,-1,1,1,-1,1,1,-1,-1,-1,1,1,1,1,1,-1,1,1,-1,1,1,1,-1,1,1,1,-1,1,1,-1,1,1,-1,1,1,1,-1,1,1,1,1,1,1,1,-1,1,-1,-1,1,1,-1,-1,1,1,-1,1,1,-1,-1,1,-1,-1,1,1,1,-1,-1,1,-1,1,1,-1,1,1,-1,1,1,1,-1,-1,1,-1,1,-1,1,1,1,1,-1,1,-1,1,1,-1,1,-1,1,-1,1,1,1,1,-1,-1,1,1,1,1,1,1,-1,1,1,-1,-1,-1,1,1,-1,1,1,-1,-1,1,-1,-1,1,1,1,-1,1,1,1,1,1,1,-1,-1,-1,-1,1,-1,1,-1,1,1,-1,1,1,1,-1,1,1,-1,1,1,-1,1,1,-1,1,1,1,-1,1,1,-1,1,1,1,-1,1,1,1,-1,1,1,1,1,1,-1,1,-1,1,1,1,1,-1,1,1,1,-1,1,1,-1,1,1,1,1,-1,1,1,1,1,1,1,-1,1,-1,1,-1,1,1,-1,1,1,-1,-1,1,1,-1,1,-1,1,1,1,1,1,-1,-1,1,1,1,1,-1,1,-1,1,1,-1,1,-1,1,-1,1,1,1,1,-1,-1,1,1,1,1,1,-1,1,-1,-1,-1,1,1,1,-1,-1,1,1,1,1,-1,-1,1,-1,1,1,-1,1,-1,-1,1,1,-1,1,1,-1,1,-1,-1,1,-1,1,-1,-1,-1,1,1,-1,1,-1,-1,1,-1,1,-1,1,-1,1,-1,-1,1,-1,1,-1,-1,1,-1,1,-1,-1,-1,-1,-1,1,1,-1,1,-1,-1,1,1,1,-1,-1,1,-1,1,1,-1,-1,-1,-1,-1,-1,1,1,-1,-1,1,-1,1,1,1,-1,-1,-1,1,-1,1,1,-1,-1,-1,1,-1,1,-1,-1,-1,-1,-1,-1,1,-1,1,-1,-1,1,-1,1,-1,1,-1,-1,-1,-1,1,-1,1,-1,-1,-1,1,1,1,-1,1,1,-1,1,1,-1,1,1,-1,1,-1,1,1,-1,-1,1,1,-1,-1,1,-1,1,-1,1,-1,1,-1,-1,-1,1,-1,-1,1,1,-1,-1,-1,1,-1,-1,1,-1,-1,-1,1,-1,1,1,-1,-1,1,1,-1,1,1,-1,-1,-1,-1,-1,-1,1,-1,1,-1,-1,-1,-1,1,-1,1,1,1,-1,-1,1,1,-1,-1,-1,1,-1,1,1,-1,-1,-1,1,-1,1,1,-1,-1,1,-1,1,1,-1,-1,-1,-1,1,1,1,-1,1,-1,-1,1,1,1,1,-1,-1,-1,1,-1,1,-1,1,-1,-1,1,-1,1,1,-1,-1,-1,1,1,1,1,-1,1,-1,1,-1,1,1,-1,-1,1,1,-1,1,1,-1,-1,1,-1,-1,1,1,-1,-1,1,1,-1,1,1,-1,-1,-1,1,-1,1,1,1,-1,1,-1,-1,-1,-1,1,-1,1,1,-1,1,-1,1,-1,1,-1,-1,-1,1,-1,-1,1,-1,-1,1,-1,1,-1,1,-1,-1,-1,1,-1,-1,1,1,-1,-1,1,1,-1,1,1,-1,-1,1,-1,-1,1,-1,-1,-1,-1,1,1,1,1,-1,-1,1,1,-1,1,1,-1,-1,-1,1,-1,-1,1,-1,-1,1,1,1,-1,1,-1,-1,1,1,1,-1,1,-1,-1,-1,1,-1,-1,1,-1,-1,-1,1,-1,1,-1,-1,1,-1,1,1,-1,1,-1,-1,-1,1,1,-1,1,1,-1,-1,-1,1,1,1,-1,-1,-1,1,1,-1,1,-1,-1,-1,1,-1,1,1,-1,-1,-1,-1,1,-1,1,1,-1,1,-1,-1,1,1,-1,-1,-1,-1,-1,-1,1,1,-1,-1,1,-1,1,1,-1,-1,-1,1,-1,1,1,-1,-1,1,-1,-1,1,1,1,-1,1,-1,1,1,1,-1,-1,1,-1,-1,1,1,1,-1,1,-1,-1,1,1,-1,1,1,-1,-1,1,1,-1,1,1,-1,-1,1,1,1,1,1,-1,-1,1,1,1,1,-1,1,-1,1,1,1,1,1,-1,-1,1,-1,1,1,1,1,-1,1,1,-1,1,1,1,-1,1,1,1,1,-1,1,-1,1,1,1,1,1,1,1,-1,1,1,1,1,-1,1,-1,1,1,1,1,1,1,1,1,1,1,-1,1,-1,1,1,1,-1,1,1,1,1,-1,1,1,1,-1,1,1,1,1,1,-1,-1,1,-1,1,-1,1,-1,1,-1,1,1,1,1,-1,-1,1,1,-1,1,-1,1,-1,1,1,-1,-1,1,1,-1,1,-1,1,1,1,-1,-1,-1,-1,1,1,-1,-1,1,1,1,1,1,-1,-1,1,1,1,1,-1,1,-1,1,-1,1,1,-1,1,-1,-1,-1,-1,-1,-1,-1,-1,1,-1,1,1,1,-1,1,1,-1,-1,1,-1,-1,-1,1,-1,1,1,1,1,-1,1,-1,1,1,1,-1,-1,1,-1,1,1,1,1,-1,1,-1,1,-1,-1,-1,-1,1,-1,-1,1,1,-1,-1,-1,-1,1,1,-1,1,-1,1,-1,-1,1,-2670.0,1,2000,445,1000,True
674,1,1,-1,-1,1,1,-1,1,1,1,1,-1,-1,1,1,1,-1,1,-1,-1,-1,1,1,1,1,-1,-1,-1,1,1,1,1,-1,-1,-1,1,-1,1,1,1,-1,-1,1,1,1,1,1,-1,1,-1,1,1,-1,1,-1,-1,-1,-1,1,1,1,-1,-1,1,1,1,1,1,-1,-1,1,-1,1,1,1,-1,-1,1,-1,1,1,-1,-1,-1,-1,1,1,1,-1,-1,1,-1,-1,1,1,-1,-1,-1,-1,1,1,1,-1,-1,1,-1,-1,1,1,-1,-1,-1,-1,-1,1,1,-1,-1,1,-1,-1,1,1,1,-1,-1,-1,-1,1,1,1,-1,1,-1,-1,1,1,1,-1,1,-1,-1,1,1,1,-1,1,-1,-1,-1,1,1,-1,-1,1,-1,-1,1,1,-1,1,1,-1,-1,1,1,-1,1,1,-1,1,1,-1,-1,1,-1,-1,1,1,-1,1,-1,1,-1,1,1,-1,1,1,-1,-1,-1,1,1,1,1,1,-1,-1,1,-1,1,1,1,-1,-1,1,1,-1,1,1,-1,1,1,-1,1,1,1,-1,1,1,1,1,1,1,1,-1,1,-1,-1,1,1,-1,-1,1,1,-1,1,1,-1,-1,1,-1,1,1,1,1,-1,1,1,-1,1,1,-1,1,1,-1,1,1,1,-1,-1,1,-1,1,-1,1,1,1,1,-1,1,-1,1,1,1,1,-1,1,-1,1,1,1,1,-1,-1,1,1,1,1,1,1,-1,1,1,-1,-1,1,1,1,-1,1,1,1,1,-1,1,-1,1,1,1,-1,1,1,1,1,1,1,1,-1,-1,-1,1,-1,1,1,1,1,-1,1,1,1,1,1,1,-1,1,1,1,1,1,-1,1,1,1,1,1,1,-1,1,1,1,-1,1,1,1,-1,1,1,-1,1,1,-1,1,1,-1,1,1,1,-1,1,1,1,-1,1,1,-1,1,1,1,-1,1,1,-1,1,1,1,1,-1,1,-1,1,-1,1,-1,1,1,1,-1,-1,1,1,-1,1,-1,1,1,1,-1,-1,-1,-1,1,1,1,-1,1,1,-1,1,1,-1,1,1,1,1,1,1,-1,1,1,1,-1,1,1,1,1,-1,1,1,1,-1,1,-1,1,1,1,1,1,1,-1,-1,-1,1,-1,1,1,-1,1,-1,1,1,1,1,1,-1,-1,1,-1,-1,1,-1,1,-1,1,1,-1,-1,1,1,-1,-1,1,-1,1,1,-1,-1,1,1,-1,1,1,-1,-1,-1,1,-1,1,-1,-1,-1,1,1,1,1,-1,1,-1,1,-1,1,1,-1,1,-1,1,-1,1,1,-1,-1,-1,1,-1,1,1,-1,-1,-1,1,-1,-1,1,1,-1,-1,1,-1,1,-1,1,-1,-1,1,1,-1,-1,1,-1,-1,-1,-1,1,-1,1,-1,-1,1,-1,-1,1,1,-1,-1,-1,1,-1,1,1,-1,-1,-1,1,-1,-1,1,1,1,-1,1,-1,1,-1,1,1,1,-1,1,1,-1,-1,1,1,1,1,-1,-1,1,-1,1,1,1,-1,-1,-1,-1,-1,1,1,1,-1,-1,-1,1,1,-1,1,-1,-1,-1,1,1,1,1,-1,-1,1,1,1,-1,1,-1,-1,-1,-1,1,1,1,-1,1,-1,-1,1,-1,1,-1,-1,1,1,-1,-1,1,1,-1,-1,-1,-1,-1,1,1,-1,-1,-1,1,-1,1,1,-1,-1,1,-1,1,1,-1,-1,-1,-1,-1,1,1,-1,1,-1,-1,1,1,1,1,-1,-1,-1,-1,-1,1,-1,1,-1,-1,1,-1,1,1,-1,1,-1,-1,1,1,1,-1,1,-1,1,-1,1,1,-1,1,-1,-1,-1,1,1,-1,1,-1,1,-1,1,1,1,-1,1,-1,-1,1,1,-1,-1,-1,1,-1,1,1,-1,-1,1,-1,-1,-1,-1,1,-1,1,-1,-1,1,-1,-1,1,-1,1,-1,1,1,-1,1,-1,1,-1,1,-1,1,-1,1,-1,-1,1,1,-1,1,-1,-1,-1,-1,1,-1,1,-1,1,-1,-1,1,-1,1,1,-1,-1,-1,-1,1,1,1,1,-1,-1,1,-1,-1,1,1,-1,-1,-1,-1,1,-1,1,-1,-1,1,1,1,1,1,-1,-1,1,-1,-1,1,1,-1,-1,-1,-1,1,-1,1,-1,-1,-1,-1,-1,1,-1,-1,1,-1,-1,1,-1,1,-1,-1,-1,-1,-1,1,1,1,-1,-1,-1,1,1,1,-1,-1,-1,1,-1,-1,1,-1,-1,-1,-1,1,1,1,-1,-1,-1,-1,1,-1,1,1,-1,1,-1,-1,1,1,-1,-1,-1,-1,-1,-1,1,1,-1,-1,1,-1,1,1,-1,-1,-1,1,-1,1,1,-1,-1,1,-1,-1,1,1,1,-1,1,-1,1,1,1,-1,-1,1,-1,-1,1,1,1,-1,1,-1,-1,1,1,-1,1,1,-1,-1,1,1,1,1,1,-1,-1,1,1,-1,1,1,-1,-1,1,1,1,1,1,1,-1,-1,1,1,-1,1,-1,-1,1,-1,1,1,1,1,-1,-1,1,-1,1,1,1,-1,1,1,1,1,-1,1,-1,1,1,1,1,1,1,1,-1,1,1,1,1,-1,1,-1,1,1,1,1,1,-1,1,1,1,1,-1,1,1,-1,1,1,-1,1,1,-1,-1,1,1,1,1,-1,1,-1,1,1,1,-1,-1,1,-1,1,1,1,-1,1,-1,-1,-1,1,1,-1,-1,1,-1,-1,1,1,-1,-1,1,-1,-1,1,1,1,-1,1,-1,-1,1,1,-1,-1,-1,1,-1,1,1,-1,1,1,-1,1,1,-1,-1,1,-1,-1,-1,1,1,-1,1,1,-1,1,1,-1,-1,-1,-1,1,-1,-1,-1,-1,1,-1,-1,1,1,-1,1,1,-1,1,1,1,1,-1,1,-1,1,1,1,-1,-1,1,-1,-1,1,1,-1,-1,1,-1,1,1,1,-1,-1,1,-1,1,1,1,1,-1,1,-1,-1,1,1,1,-1,-1,1,-1,1,1,1,-1,1,-1,-1,1,-2670.0,1,2000,445,1000,True
675,1,1,-1,-1,1,1,-1,1,1,1,1,-1,-1,1,1,1,-1,1,-1,-1,-1,1,1,1,1,1,-1,-1,1,1,1,1,-1,-1,-1,1,-1,1,1,1,-1,-1,1,1,1,1,1,-1,1,-1,1,1,-1,1,-1,-1,1,-1,1,1,1,-1,-1,-1,1,1,1,1,-1,-1,1,-1,1,1,1,-1,-1,1,-1,1,1,-1,-1,-1,-1,1,1,1,-1,-1,-1,1,-1,1,1,-1,-1,1,-1,1,1,1,-1,-1,1,-1,-1,1,1,-1,-1,1,-1,-1,1,1,-1,-1,1,-1,-1,1,1,1,-1,1,-1,-1,-1,1,1,-1,1,-1,-1,1,1,1,-1,-1,-1,-1,-1,1,1,-1,1,-1,-1,1,1,1,-1,-1,1,-1,-1,1,1,-1,1,1,-1,1,1,1,-1,1,1,-1,1,1,-1,-1,1,-1,-1,1,1,-1,1,-1,1,-1,1,1,-1,1,1,-1,-1,-1,1,1,1,1,1,-1,1,1,-1,1,1,1,-1,-1,1,1,-1,1,1,-1,1,1,-1,1,1,1,-1,1,1,1,1,1,1,1,-1,1,-1,-1,1,1,1,-1,1,1,1,1,1,-1,-1,1,-1,1,1,1,1,-1,-1,1,-1,1,1,-1,1,1,-1,1,1,1,-1,-1,1,-1,1,-1,1,1,1,1,-1,1,-1,1,1,-1,1,-1,1,-1,1,1,1,1,-1,-1,1,1,1,1,1,1,-1,1,1,-1,-1,-1,1,-1,-1,1,1,-1,-1,-1,1,-1,1,1,1,-1,1,-1,-1,1,1,1,-1,-1,1,-1,1,-1,1,-1,1,1,-1,1,1,1,-1,1,-1,-1,1,1,-1,1,1,1,-1,1,1,-1,1,1,-1,1,1,1,-1,1,1,-1,-1,1,1,1,1,1,1,1,1,1,1,1,1,1,1,1,1,-1,1,1,1,1,1,1,1,-1,1,1,1,1,1,1,-1,1,-1,1,-1,1,1,-1,1,1,1,-1,1,1,-1,1,-1,1,1,1,1,1,-1,-1,1,1,1,1,-1,1,-1,1,1,-1,1,-1,1,1,1,1,1,1,-1,1,-1,1,1,1,1,-1,1,-1,-1,-1,1,1,1,-1,-1,1,1,1,1,-1,-1,1,-1,1,1,-1,1,-1,-1,1,1,1,1,1,-1,-1,-1,-1,1,-1,1,-1,-1,-1,1,1,-1,1,-1,-1,1,-1,1,-1,1,-1,-1,-1,1,1,-1,1,-1,-1,1,-1,1,-1,-1,-1,-1,-1,1,1,-1,1,-1,-1,1,1,1,-1,-1,1,-1,1,1,-1,-1,-1,1,-1,-1,1,1,-1,-1,1,-1,1,-1,1,1,-1,-1,1,-1,1,-1,-1,-1,-1,1,-1,-1,-1,1,-1,-1,1,-1,1,-1,1,-1,-1,1,-1,-1,1,1,-1,-1,-1,1,-1,1,1,-1,1,-1,1,-1,-1,1,1,1,-1,1,-1,1,-1,1,-1,1,-1,1,1,-1,-1,1,1,1,-1,1,-1,1,-1,1,1,1,-1,-1,-1,1,-1,1,-1,1,-1,-1,-1,1,1,-1,1,-1,-1,-1,1,1,-1,1,-1,-1,1,1,1,-1,1,-1,-1,-1,-1,1,1,1,-1,1,-1,-1,1,-1,1,-1,-1,1,1,-1,-1,1,1,-1,-1,-1,-1,-1,1,1,-1,-1,-1,1,-1,1,1,-1,-1,1,-1,1,1,-1,-1,-1,-1,-1,1,1,-1,1,-1,-1,1,1,1,1,-1,-1,-1,-1,-1,1,1,-1,-1,-1,1,-1,1,1,-1,-1,-1,-1,1,1,1,-1,1,-1,1,-1,1,1,-1,-1,1,-1,-1,1,1,-1,-1,-1,1,-1,1,1,1,-1,1,1,-1,1,1,-1,-1,-1,1,-1,-1,1,1,-1,1,-1,-1,1,-1,1,-1,1,-1,-1,1,-1,1,-1,1,1,-1,1,1,-1,-1,1,1,-1,-1,-1,1,-1,1,-1,-1,-1,1,-1,-1,1,-1,-1,-1,1,1,-1,1,1,-1,-1,1,-1,-1,1,-1,-1,-1,-1,1,1,1,1,-1,-1,1,1,-1,1,1,-1,-1,-1,1,-1,-1,-1,-1,-1,1,1,1,-1,1,-1,-1,1,1,1,-1,1,-1,-1,-1,1,-1,-1,1,-1,-1,-1,1,-1,1,-1,-1,1,-1,1,1,-1,1,-1,-1,-1,1,1,-1,1,1,-1,-1,-1,1,1,1,-1,-1,-1,1,1,-1,1,-1,-1,-1,1,-1,1,1,-1,-1,-1,-1,1,-1,1,1,-1,1,-1,-1,1,1,-1,-1,-1,-1,-1,-1,1,1,-1,-1,1,-1,1,1,-1,-1,-1,1,-1,1,1,-1,-1,1,-1,-1,1,1,1,-1,1,-1,1,1,1,-1,-1,1,-1,-1,1,1,1,-1,1,-1,-1,1,1,-1,1,1,-1,-1,1,1,-1,1,1,-1,-1,1,-1,-1,1,1,-1,-1,1,1,1,1,-1,1,-1,1,1,1,-1,1,-1,-1,1,-1,1,1,1,1,-1,-1,1,-1,1,-1,1,-1,1,1,1,1,-1,1,-1,1,1,1,1,1,1,-1,1,-1,1,1,1,-1,1,1,1,1,1,1,-1,1,-1,1,1,1,-1,-1,1,1,1,1,-1,1,-1,1,1,-1,1,1,-1,1,-1,1,1,1,1,-1,-1,-1,1,1,1,1,-1,-1,-1,1,-1,1,1,-1,1,-1,1,-1,1,1,-1,1,-1,1,-1,1,1,1,1,1,-1,1,1,1,-1,-1,1,-1,1,1,1,-1,1,-1,1,1,1,-1,-1,1,-1,1,-1,1,1,-1,1,-1,1,1,1,-1,-1,-1,-1,-1,-1,-1,-1,-1,1,-1,1,1,1,-1,1,1,-1,-1,1,1,1,-1,1,-1,1,1,1,1,-1,1,-1,1,1,1,1,-1,1,-1,1,1,1,1,-1,1,-1,1,-1,1,-1,-1,1,-1,-1,1,1,-1,-1,-1,1,1,1,-1,1,-1,1,-1,-1,1,-2670.0,1,2000,445,1000,True
676,1,1,-1,-1,1,1,-1,-1,1,1,1,-1,-1,1,1,1,-1,1,-1,-1,-1,-1,1,1,1,-1,-1,-1,1,1,1,1,-1,-1,-1,-1,1,1,1,1,-1,-1,-1,1,1,1,1,-1,1,1,1,1,-1,1,-1,-1,1,-1,1,1,1,-1,-1,-1,1,1,1,1,-1,-1,-1,1,1,1,1,-1,-1,-1,1,1,1,-1,-1,-1,1,1,1,1,-1,-1,-1,1,1,1,1,-1,-1,1,1,-1,1,1,-1,-1,1,1,1,1,1,-1,-1,1,1,-1,1,1,-1,-1,1,1,1,1,1,1,-1,-1,1,1,-1,1,1,-1,1,1,1,1,1,1,-1,-1,1,1,1,1,1,-1,1,1,1,1,1,1,-1,-1,-1,1,1,1,1,-1,1,1,1,1,-1,1,-1,1,-1,1,1,1,-1,-1,1,1,1,1,1,-1,1,-1,-1,1,-1,1,-1,1,1,1,1,1,1,1,1,1,-1,1,-1,1,-1,1,1,-1,1,-1,1,1,-1,1,-1,1,-1,1,-1,1,1,-1,1,-1,1,1,1,1,-1,-1,1,1,-1,-1,1,-1,1,-1,1,1,-1,1,-1,1,-1,1,-1,-1,1,-1,-1,-1,1,1,-1,1,-1,1,1,1,-1,1,1,-1,1,-1,1,-1,1,-1,1,-1,1,1,-1,1,-1,-1,-1,1,1,-1,1,-1,-1,-1,1,1,-1,-1,1,1,-1,-1,1,1,-1,1,1,-1,1,1,1,1,-1,1,-1,1,1,-1,1,-1,1,1,1,1,1,1,1,1,-1,-1,1,-1,-1,-1,1,1,-1,1,1,1,-1,1,1,1,1,1,1,-1,1,-1,1,1,1,-1,-1,1,-1,1,1,1,-1,1,1,-1,-1,1,1,1,-1,1,-1,1,1,1,-1,1,1,-1,1,1,1,-1,1,1,-1,1,1,1,-1,1,1,-1,-1,1,1,-1,1,1,-1,1,-1,1,-1,1,1,1,-1,1,1,1,1,1,1,-1,1,1,-1,1,-1,1,-1,-1,-1,-1,1,1,1,-1,1,1,-1,1,1,-1,-1,1,1,1,1,1,-1,1,1,1,-1,1,1,1,-1,-1,1,1,1,-1,1,-1,1,1,1,1,1,1,-1,-1,-1,1,-1,-1,1,1,-1,1,1,1,1,1,1,1,-1,1,-1,-1,1,-1,1,-1,1,1,1,1,1,1,-1,-1,1,-1,1,1,1,-1,1,1,1,-1,1,1,-1,-1,1,-1,1,1,1,-1,1,1,1,1,1,1,-1,1,-1,1,1,1,-1,-1,1,-1,1,1,1,-1,-1,1,-1,1,1,1,-1,-1,1,1,-1,1,1,-1,-1,1,-1,1,1,1,1,-1,1,-1,-1,1,1,1,-1,-1,-1,-1,1,1,-1,-1,1,-1,-1,1,-1,1,-1,-1,1,-1,1,-1,1,-1,-1,1,-1,-1,1,1,1,-1,1,-1,1,-1,-1,1,1,-1,-1,-1,1,-1,-1,1,1,1,-1,1,-1,1,1,1,-1,1,1,-1,1,-1,1,-1,-1,1,-1,-1,1,1,1,-1,1,-1,-1,1,1,-1,-1,1,-1,-1,1,1,-1,-1,1,-1,-1,-1,1,1,-1,1,1,-1,-1,1,-1,-1,1,-1,1,-1,1,1,-1,-1,1,-1,-1,-1,-1,-1,1,1,1,-1,-1,1,-1,-1,1,-1,-1,1,-1,-1,1,1,-1,-1,1,1,-1,1,1,-1,1,-1,1,-1,-1,1,1,-1,-1,-1,-1,-1,1,-1,-1,1,-1,-1,-1,1,1,-1,-1,-1,-1,-1,1,-1,-1,-1,-1,-1,1,1,1,-1,-1,-1,-1,-1,1,1,-1,-1,-1,-1,-1,1,1,1,-1,-1,-1,-1,1,1,-1,-1,-1,-1,1,1,1,1,-1,-1,1,1,1,1,1,-1,-1,-1,1,1,1,1,1,-1,1,1,1,1,-1,1,-1,-1,1,-1,1,-1,1,-1,-1,1,-1,1,-1,-1,-1,-1,1,-1,1,-1,1,-1,-1,1,-1,1,-1,1,-1,-1,1,-1,1,-1,-1,-1,-1,1,1,-1,-1,-1,-1,-1,1,-1,1,-1,-1,-1,-1,-1,-1,-1,1,-1,-1,-1,1,-1,-1,1,-1,-1,-1,-1,-1,1,1,-1,-1,-1,-1,-1,1,-1,-1,-1,1,-1,-1,1,-1,1,-1,-1,-1,-1,-1,-1,-1,1,-1,-1,-1,1,1,-1,-1,-1,-1,1,-1,-1,-1,-1,1,-1,-1,1,1,1,-1,-1,-1,-1,1,-1,1,1,-1,1,-1,-1,1,1,-1,-1,-1,-1,-1,-1,1,1,-1,-1,1,-1,1,1,-1,-1,-1,1,-1,-1,1,-1,-1,1,-1,-1,1,1,1,-1,1,-1,1,1,1,-1,-1,1,-1,-1,1,-1,1,-1,1,-1,-1,1,1,-1,1,1,-1,-1,1,1,-1,1,1,-1,-1,1,1,-1,1,1,-1,-1,1,1,1,1,-1,1,-1,-1,1,1,-1,1,-1,-1,1,-1,1,1,1,1,-1,-1,1,-1,1,1,1,-1,1,1,1,1,-1,1,-1,1,1,1,1,1,1,1,-1,1,1,1,1,-1,1,-1,1,1,1,1,1,-1,1,1,1,1,-1,1,1,-1,1,1,-1,1,1,-1,-1,1,1,1,1,-1,1,-1,1,1,1,-1,-1,1,-1,1,1,1,-1,1,-1,-1,-1,1,1,-1,-1,1,-1,-1,1,1,-1,-1,1,-1,-1,1,1,1,-1,1,-1,-1,1,1,-1,-1,-1,1,-1,1,1,-1,1,1,-1,1,1,-1,-1,1,-1,-1,-1,1,1,-1,1,1,-1,1,1,-1,-1,1,-1,1,-1,-1,-1,-1,1,-1,-1,1,1,-1,1,1,-1,1,1,1,1,-1,1,-1,1,1,1,1,-1,1,-1,-1,1,1,1,-1,1,-1,1,1,1,1,-1,1,-1,1,1,1,-1,-1,1,-1,-1,1,1,-1,-1,-1,1,-1,1,-1,1,-1,1,-1,-1,1,-2670.0,1,2000,445,500,False
677,1,1,-1,-1,1,1,-1,-1,1,1,1,-1,1,1,1,1,-1,1,-1,-1,-1,-1,1,1,1,-1,-1,-1,1,1,1,1,-1,-1,-1,-1,1,1,1,1,-1,-1,-1,1,1,1,1,-1,1,1,1,1,-1,1,-1,-1,1,-1,1,1,1,-1,-1,-1,1,1,1,1,-1,-1,-1,1,1,1,1,-1,-1,-1,1,1,1,-1,-1,-1,1,1,1,1,-1,-1,1,1,1,1,1,-1,-1,-1,1,-1,1,1,-1,-1,1,1,1,1,1,-1,-1,-1,1,-1,1,1,-1,-1,1,1,1,1,1,1,-1,-1,1,1,-1,1,1,-1,1,1,1,1,1,1,-1,1,1,1,1,1,1,-1,1,1,1,1,1,1,-1,-1,-1,1,1,1,1,-1,1,1,1,1,-1,1,-1,1,-1,1,1,1,-1,-1,1,1,1,1,1,-1,1,-1,-1,1,-1,1,-1,1,1,1,1,1,1,1,1,1,-1,1,-1,1,-1,1,1,-1,1,-1,1,1,-1,1,-1,1,-1,1,-1,1,1,-1,1,-1,1,1,1,1,-1,-1,1,1,-1,-1,1,-1,1,-1,-1,1,-1,1,-1,1,-1,1,-1,1,1,-1,-1,-1,1,1,-1,1,-1,1,1,1,-1,1,-1,-1,-1,-1,1,-1,1,1,1,-1,1,1,-1,1,-1,-1,-1,1,1,-1,1,-1,-1,-1,1,1,-1,-1,1,1,-1,-1,1,1,-1,1,1,-1,1,1,1,1,-1,1,-1,1,1,-1,1,-1,1,1,-1,1,1,1,1,1,-1,-1,1,-1,-1,-1,1,1,-1,1,1,1,-1,1,-1,-1,1,1,1,-1,1,-1,1,1,1,-1,-1,1,-1,1,1,1,-1,1,1,-1,-1,1,1,1,-1,1,-1,1,1,1,-1,1,1,-1,1,1,1,-1,1,-1,-1,1,1,1,-1,1,-1,-1,-1,1,1,-1,1,-1,-1,1,-1,1,-1,1,1,-1,-1,1,1,1,-1,1,-1,-1,1,1,-1,1,-1,-1,-1,-1,-1,-1,1,1,-1,-1,1,1,-1,1,-1,1,-1,1,1,1,1,1,-1,1,1,1,-1,1,-1,-1,-1,-1,1,1,1,1,-1,-1,1,1,1,1,-1,-1,1,-1,-1,1,-1,1,-1,-1,1,-1,1,-1,-1,-1,1,1,-1,1,-1,1,-1,-1,1,-1,1,1,-1,-1,-1,1,-1,-1,1,1,-1,-1,1,-1,1,1,-1,1,-1,1,-1,-1,1,1,-1,-1,1,-1,1,1,-1,-1,1,1,-1,1,-1,1,-1,1,-1,-1,1,-1,1,-1,1,-1,-1,1,-1,-1,-1,1,-1,-1,1,-1,1,-1,1,-1,-1,1,-1,-1,1,-1,1,-1,1,-1,1,-1,1,1,-1,-1,-1,1,-1,1,-1,-1,1,-1,1,1,1,1,-1,-1,1,1,-1,1,1,1,-1,1,1,1,-1,1,1,-1,1,1,1,1,-1,-1,1,-1,-1,-1,1,-1,-1,1,1,1,-1,1,-1,1,-1,-1,-1,1,1,-1,1,1,-1,-1,-1,1,-1,1,1,-1,1,-1,1,-1,-1,-1,-1,-1,-1,1,-1,-1,-1,-1,-1,-1,1,-1,1,1,1,1,-1,1,-1,1,1,-1,-1,-1,1,-1,-1,1,-1,1,-1,-1,1,1,1,1,-1,-1,1,1,1,1,-1,1,-1,-1,1,1,1,-1,-1,-1,1,1,1,1,-1,1,-1,1,-1,1,-1,1,1,-1,-1,1,1,1,-1,-1,-1,1,1,1,1,1,-1,-1,-1,1,1,1,1,-1,-1,-1,1,-1,1,-1,-1,-1,1,1,1,1,1,-1,-1,-1,1,1,1,1,-1,-1,-1,1,1,-1,1,-1,-1,-1,1,1,1,1,-1,-1,1,1,1,1,-1,-1,1,1,-1,1,1,-1,-1,-1,1,1,1,1,1,-1,1,1,1,1,1,-1,-1,-1,1,-1,1,-1,-1,-1,-1,1,-1,1,1,-1,-1,-1,1,-1,1,1,-1,-1,-1,1,1,1,1,-1,-1,-1,1,-1,1,1,-1,-1,-1,1,1,-1,-1,-1,-1,-1,1,-1,1,-1,-1,-1,-1,-1,-1,-1,1,-1,-1,-1,1,-1,-1,1,-1,-1,-1,-1,-1,-1,1,-1,-1,-1,-1,-1,1,-1,-1,-1,1,-1,-1,1,-1,1,-1,-1,-1,-1,-1,-1,-1,1,-1,-1,-1,1,1,-1,-1,-1,1,-1,-1,-1,-1,-1,1,-1,-1,1,1,1,-1,-1,-1,-1,1,-1,1,1,-1,1,-1,-1,1,1,-1,-1,-1,-1,-1,-1,1,1,-1,-1,1,-1,1,1,-1,-1,-1,1,-1,1,1,-1,-1,1,-1,-1,1,1,1,-1,1,-1,1,1,1,-1,-1,1,-1,-1,1,1,1,-1,1,-1,-1,1,1,-1,1,1,-1,-1,1,1,-1,1,1,-1,-1,1,1,-1,1,1,-1,-1,1,1,1,1,1,1,-1,-1,1,1,-1,1,-1,-1,1,-1,1,1,1,1,-1,-1,1,-1,1,1,1,-1,1,1,1,1,-1,1,-1,1,1,1,1,1,1,1,-1,1,1,1,1,-1,1,-1,1,1,1,1,1,-1,1,1,1,1,-1,1,1,-1,1,1,-1,1,1,-1,-1,1,1,1,1,-1,1,-1,1,1,1,-1,-1,1,-1,1,1,1,-1,1,-1,-1,-1,1,1,-1,-1,1,-1,-1,1,1,1,-1,1,-1,-1,1,1,1,-1,1,-1,-1,1,1,-1,-1,-1,1,-1,1,1,-1,1,1,-1,1,1,-1,-1,1,1,-1,-1,1,1,-1,1,1,-1,1,1,-1,-1,-1,-1,1,-1,-1,-1,-1,1,-1,-1,1,1,-1,1,1,-1,1,1,1,1,-1,1,-1,1,1,1,-1,-1,1,-1,-1,1,1,-1,1,1,-1,1,1,1,-1,-1,1,-1,1,1,1,1,-1,1,-1,-1,1,1,1,-1,1,1,-1,1,-1,1,-1,1,-1,-1,1,-2670.0,1,2000,445,1000,False
678,1,1,-1,-1,1,-1,-1,-1,1,1,1,-1,1,1,1,1,-1,1,-1,-1,-1,-1,1,1,1,-1,-1,-1,1,1,1,1,1,-1,-1,-1,1,1,1,1,-1,-1,-1,1,1,1,1,-1,1,1,1,1,-1,1,-1,-1,1,-1,1,1,1,-1,-1,-1,1,1,1,1,-1,-1,-1,1,1,1,1,-1,-1,-1,1,1,1,-1,-1,-1,1,1,1,1,-1,-1,1,1,1,1,1,-1,-1,-1,1,-1,1,1,-1,-1,1,1,1,1,1,-1,-1,-1,1,1,1,1,-1,-1,1,1,1,1,1,1,-1,-1,1,1,-1,1,1,-1,1,1,1,1,1,1,-1,1,1,1,1,1,1,-1,1,1,1,1,1,1,-1,-1,-1,1,1,1,1,-1,1,1,1,1,-1,1,-1,1,-1,1,1,1,-1,-1,1,1,1,1,1,-1,1,-1,-1,1,-1,1,-1,1,1,1,1,1,1,1,1,1,1,1,-1,1,-1,1,1,-1,1,-1,1,1,-1,1,-1,1,-1,1,-1,1,1,-1,-1,-1,1,1,1,1,-1,-1,1,1,-1,-1,1,-1,1,-1,-1,1,-1,1,-1,1,-1,1,-1,1,1,-1,-1,-1,1,1,-1,1,-1,1,1,1,-1,1,1,-1,1,-1,1,-1,1,-1,1,-1,1,1,-1,1,-1,-1,-1,1,1,-1,1,-1,-1,-1,1,1,-1,-1,1,1,-1,-1,1,1,-1,1,1,-1,1,1,1,1,-1,1,-1,1,1,-1,1,-1,1,-1,1,1,1,1,1,1,-1,-1,1,-1,-1,1,1,1,-1,1,1,1,-1,1,1,1,1,1,1,-1,1,-1,1,1,1,-1,1,1,-1,1,1,1,-1,1,1,-1,-1,1,1,1,-1,1,-1,1,1,1,-1,1,1,-1,1,1,1,-1,1,1,-1,1,1,1,-1,1,1,1,-1,1,1,-1,1,1,-1,1,-1,1,-1,1,1,1,-1,1,1,1,1,1,1,-1,1,1,-1,1,1,1,-1,-1,-1,-1,1,1,1,-1,1,1,-1,1,1,-1,-1,1,1,1,1,1,-1,1,1,1,-1,1,1,1,1,-1,1,1,1,-1,1,-1,1,1,1,1,1,1,-1,-1,-1,1,-1,-1,1,1,-1,1,1,1,1,1,1,1,-1,1,-1,-1,1,-1,1,-1,1,1,1,1,1,1,-1,-1,1,-1,1,1,1,-1,1,1,1,-1,1,1,-1,-1,1,-1,1,1,1,-1,1,1,1,1,1,1,-1,1,-1,-1,1,1,-1,1,1,-1,1,1,1,-1,-1,1,-1,1,1,1,-1,-1,1,1,-1,1,1,-1,-1,1,-1,1,1,1,1,-1,1,-1,-1,1,1,1,-1,1,-1,-1,1,1,-1,-1,1,-1,-1,1,-1,1,-1,-1,1,-1,1,-1,1,-1,1,1,-1,-1,1,1,1,-1,1,-1,1,-1,-1,-1,1,-1,-1,-1,1,-1,-1,1,1,1,-1,1,-1,1,1,1,-1,1,1,-1,1,-1,1,-1,-1,1,-1,-1,1,1,1,-1,1,-1,-1,1,1,-1,-1,1,-1,-1,1,1,-1,-1,1,-1,-1,-1,1,1,-1,1,1,-1,-1,1,-1,-1,1,-1,1,-1,1,1,-1,-1,1,-1,-1,-1,-1,-1,1,1,1,-1,-1,1,-1,-1,1,-1,-1,1,-1,-1,1,1,-1,-1,1,-1,-1,1,1,-1,1,-1,-1,-1,-1,1,1,-1,-1,-1,-1,1,1,-1,-1,1,-1,-1,-1,1,1,-1,-1,-1,-1,-1,1,-1,-1,-1,-1,-1,-1,1,1,-1,-1,-1,-1,1,1,1,-1,-1,-1,-1,-1,1,1,1,-1,-1,-1,-1,1,1,-1,-1,-1,-1,1,1,1,1,-1,-1,1,1,1,1,1,-1,-1,-1,1,1,1,-1,1,-1,1,1,1,1,-1,1,-1,-1,1,-1,1,-1,1,-1,-1,1,-1,1,-1,-1,-1,-1,1,-1,1,-1,1,-1,-1,1,-1,1,-1,1,-1,-1,1,-1,1,-1,-1,-1,-1,1,1,-1,-1,-1,-1,-1,1,-1,1,-1,-1,-1,-1,-1,-1,-1,1,-1,-1,-1,1,-1,-1,1,-1,-1,-1,-1,-1,1,1,-1,-1,-1,-1,-1,1,-1,-1,-1,1,-1,-1,1,-1,1,-1,-1,-1,-1,-1,-1,-1,1,-1,-1,-1,1,1,1,-1,-1,1,-1,-1,-1,-1,-1,1,-1,-1,1,-1,1,-1,-1,-1,-1,1,-1,1,1,-1,1,-1,-1,1,1,-1,-1,-1,-1,-1,-1,1,1,-1,-1,1,-1,1,1,-1,-1,-1,1,-1,1,1,-1,-1,1,-1,-1,1,1,1,-1,1,-1,1,1,1,-1,-1,1,-1,-1,1,1,1,-1,1,-1,-1,1,1,-1,1,1,-1,-1,1,1,1,1,1,-1,-1,1,1,1,1,1,-1,-1,1,1,1,1,1,1,-1,-1,1,1,1,1,-1,-1,1,-1,1,1,1,1,-1,-1,1,-1,1,1,1,-1,1,-1,1,1,-1,1,-1,1,1,1,1,1,1,1,-1,-1,1,1,1,-1,1,-1,1,1,1,1,1,-1,1,-1,1,1,-1,1,1,-1,-1,1,-1,1,1,-1,-1,1,1,1,1,-1,1,-1,-1,1,1,-1,-1,1,-1,1,1,1,-1,1,-1,-1,-1,1,1,-1,-1,1,-1,-1,1,1,-1,-1,1,-1,-1,1,1,1,-1,1,-1,-1,1,1,-1,-1,1,1,-1,-1,1,-1,1,1,-1,1,1,-1,-1,1,-1,-1,-1,1,1,-1,1,1,-1,1,1,-1,-1,-1,-1,1,-1,-1,-1,-1,1,-1,-1,1,1,-1,1,1,-1,1,1,1,1,-1,1,-1,1,1,1,-1,-1,1,-1,-1,1,1,-1,-1,1,-1,1,1,1,-1,-1,1,-1,1,1,1,1,-1,1,-1,-1,1,1,1,-1,-1,1,-1,1,-1,1,-1,1,-1,-1,1,-2670.0,1,2000,445,1000,False
679,1,1,-1,-1,1,-1,-1,-1,1,1,1,-1,1,1,1,1,-1,1,-1,-1,-1,-1,1,1,1,-1,-1,-1,1,1,1,1,1,-1,-1,-1,1,-1,1,1,-1,-1,-1,1,1,1,1,-1,1,1,1,1,-1,1,-1,-1,1,-1,1,1,1,-1,-1,-1,1,1,1,1,-1,-1,-1,1,1,1,1,-1,-1,-1,1,1,1,-1,-1,-1,1,1,1,1,-1,-1,-1,1,1,1,1,-1,-1,1,1,-1,1,1,-1,-1,1,1,1,1,1,-1,-1,1,1,1,1,1,-1,-1,1,1,1,1,1,1,-1,1,1,1,-1,1,1,-1,1,1,1,1,1,1,-1,-1,1,1,1,1,1,-1,1,1,1,1,1,1,-1,-1,-1,1,1,1,1,-1,1,1,1,1,-1,1,-1,1,-1,1,1,1,-1,-1,1,1,1,1,1,-1,1,-1,-1,1,-1,1,-1,1,1,1,1,1,1,1,1,1,-1,1,-1,1,-1,1,1,-1,1,-1,1,1,-1,1,-1,1,-1,1,-1,1,1,-1,1,-1,1,1,1,1,-1,-1,1,1,-1,-1,1,-1,1,-1,-1,1,-1,1,-1,1,-1,1,-1,-1,1,-1,-1,-1,1,1,-1,1,-1,1,1,1,-1,1,1,-1,1,-1,1,-1,1,-1,1,-1,1,1,-1,1,-1,-1,-1,1,1,-1,1,-1,-1,-1,1,1,-1,-1,1,1,-1,-1,1,1,-1,1,1,-1,1,1,1,1,-1,1,-1,1,1,-1,1,-1,1,1,-1,1,1,1,1,1,-1,-1,1,-1,-1,-1,1,1,-1,1,1,1,-1,1,-1,-1,1,1,1,1,1,-1,1,1,1,-1,1,1,-1,1,1,1,-1,1,1,-1,-1,1,1,1,-1,1,-1,1,1,1,-1,1,1,-1,1,1,1,-1,1,-1,-1,1,1,1,-1,1,-1,-1,-1,1,1,-1,1,-1,-1,1,-1,1,-1,1,1,-1,-1,1,1,1,-1,1,-1,-1,1,1,-1,1,-1,-1,-1,-1,-1,-1,1,-1,-1,-1,1,1,-1,1,-1,1,-1,1,1,1,1,-1,-1,1,1,1,-1,1,-1,-1,-1,-1,1,1,1,1,-1,-1,1,1,1,1,-1,-1,1,-1,-1,1,-1,1,-1,-1,1,-1,1,1,-1,-1,1,1,-1,1,-1,1,-1,-1,1,-1,1,1,-1,-1,-1,1,-1,-1,1,1,-1,-1,1,-1,1,1,-1,1,-1,1,-1,-1,1,1,-1,-1,1,-1,1,1,-1,-1,1,1,-1,1,-1,1,-1,1,-1,-1,1,-1,1,-1,1,-1,-1,1,-1,-1,-1,1,-1,-1,1,-1,1,-1,1,-1,-1,1,-1,-1,1,-1,1,-1,1,1,1,-1,1,1,-1,-1,-1,1,-1,1,-1,-1,1,-1,1,1,1,1,-1,-1,1,1,-1,1,1,-1,-1,1,1,1,-1,1,1,-1,1,1,1,1,-1,-1,1,-1,-1,-1,1,-1,1,1,-1,1,-1,1,-1,1,-1,-1,-1,1,1,-1,1,1,-1,-1,-1,1,-1,1,1,-1,1,-1,1,-1,-1,-1,-1,-1,-1,1,-1,-1,-1,-1,-1,-1,1,-1,1,1,1,1,-1,1,-1,1,1,-1,-1,-1,1,-1,-1,1,-1,1,-1,-1,1,1,1,1,-1,-1,1,1,1,1,-1,1,-1,-1,1,1,1,-1,-1,-1,1,1,1,1,-1,-1,-1,1,-1,1,-1,1,1,-1,-1,1,1,1,-1,-1,-1,-1,1,1,1,1,-1,-1,-1,1,1,1,1,-1,-1,-1,1,-1,1,-1,-1,-1,1,1,1,1,1,-1,-1,-1,1,1,1,1,-1,-1,-1,1,1,-1,1,-1,-1,-1,1,1,1,1,-1,-1,1,1,1,1,-1,-1,1,1,-1,1,1,-1,-1,-1,1,1,1,1,1,-1,1,1,1,1,1,-1,-1,-1,1,-1,1,-1,-1,-1,-1,1,-1,1,1,-1,-1,-1,1,-1,1,1,-1,1,-1,1,1,1,1,-1,1,-1,1,-1,1,1,-1,-1,-1,1,1,-1,-1,-1,-1,-1,1,-1,1,-1,-1,-1,-1,-1,-1,-1,1,-1,-1,-1,1,-1,-1,1,-1,-1,-1,-1,-1,-1,1,-1,-1,-1,-1,-1,1,-1,-1,-1,1,-1,-1,1,-1,1,-1,-1,-1,-1,-1,-1,-1,1,-1,-1,-1,1,1,1,-1,-1,1,1,-1,-1,-1,-1,1,-1,-1,1,1,1,-1,-1,-1,-1,1,-1,1,1,-1,1,-1,-1,1,1,-1,-1,-1,-1,-1,-1,1,1,-1,-1,1,-1,1,1,-1,-1,-1,1,-1,1,1,-1,-1,1,-1,-1,1,1,1,-1,1,-1,1,1,1,-1,-1,1,-1,-1,1,1,1,-1,1,-1,-1,1,1,-1,1,1,-1,-1,1,1,1,1,1,-1,-1,1,1,1,1,1,-1,-1,1,1,1,1,-1,1,-1,-1,1,1,-1,1,-1,-1,1,-1,1,1,1,1,-1,-1,1,-1,1,1,1,-1,1,1,1,1,-1,1,-1,1,1,1,1,1,1,1,-1,1,1,1,1,-1,1,-1,1,1,1,1,1,-1,1,1,1,1,-1,1,1,-1,1,1,-1,1,1,-1,-1,1,1,1,1,-1,1,-1,1,1,1,-1,-1,1,-1,1,1,1,-1,1,-1,-1,-1,1,1,-1,-1,1,-1,-1,1,1,1,-1,1,-1,-1,1,1,1,-1,1,-1,-1,1,1,-1,-1,-1,1,-1,-1,1,-1,1,1,-1,1,1,-1,-1,1,-1,-1,-1,1,1,-1,1,1,-1,1,1,-1,-1,-1,-1,1,-1,-1,-1,-1,-1,-1,-1,1,1,-1,1,1,-1,1,1,1,1,-1,1,-1,1,1,1,1,-1,1,-1,-1,1,1,1,-1,1,-1,1,1,1,1,-1,1,-1,1,1,1,-1,-1,1,-1,-1,1,1,-1,-1,-1,1,-1,1,1,1,-1,1,-1,-1,1,-2670.0,1,2000,445,0,False
680,1,1,-1,-1,1,-1,-1,-1,1,1,1,-1,1,1,1,1,-1,1,1,-1,-1,-1,1,1,1,1,-1,-1,1,1,1,1,-1,-1,-1,-1,1,1,1,1,-1,-1,-1,1,1,1,1,-1,1,1,1,1,-1,1,-1,-1,1,-1,1,1,1,-1,-1,-1,1,1,1,1,-1,-1,-1,1,1,1,1,-1,-1,-1,1,1,1,-1,-1,-1,1,1,1,1,-1,-1,-1,1,1,1,1,-1,-1,1,1,-1,1,1,-1,-1,1,1,1,1,1,-1,-1,-1,1,-1,1,1,-1,-1,1,1,1,1,1,1,-1,-1,1,1,-1,1,1,-1,1,1,1,1,1,1,-1,1,1,1,1,1,1,-1,1,1,1,1,1,1,-1,-1,-1,1,1,1,1,-1,1,1,1,1,-1,1,-1,1,1,1,1,1,-1,-1,1,1,1,1,1,-1,1,-1,-1,1,1,1,-1,1,1,1,1,-1,1,1,1,1,-1,1,-1,1,-1,1,1,-1,1,-1,1,1,-1,1,-1,1,-1,1,-1,1,1,-1,1,-1,1,1,1,1,-1,-1,1,1,-1,-1,1,-1,1,-1,-1,1,-1,1,-1,1,-1,1,-1,1,1,-1,-1,-1,1,1,-1,1,-1,1,1,1,-1,1,1,-1,1,-1,1,-1,1,-1,1,-1,1,1,-1,1,-1,-1,-1,1,1,-1,1,-1,-1,-1,1,1,-1,-1,1,1,-1,-1,1,1,-1,1,1,-1,1,1,1,1,-1,1,-1,1,1,-1,1,-1,1,1,-1,1,1,1,1,1,-1,-1,1,-1,-1,-1,1,1,-1,1,1,1,-1,1,-1,-1,1,1,1,1,1,-1,1,1,1,-1,1,1,-1,1,1,1,-1,1,1,-1,-1,1,1,1,-1,1,-1,1,1,1,-1,1,1,-1,1,1,1,-1,1,-1,-1,1,1,1,-1,1,-1,-1,-1,1,1,-1,1,-1,-1,1,-1,1,-1,1,1,-1,-1,1,1,1,-1,1,-1,-1,1,1,-1,1,-1,-1,-1,-1,-1,-1,1,1,-1,-1,1,1,-1,1,-1,1,-1,1,1,1,1,1,-1,1,1,1,-1,1,-1,-1,-1,-1,1,1,-1,1,-1,-1,1,-1,1,-1,-1,-1,1,-1,-1,1,-1,1,-1,-1,1,-1,1,-1,-1,-1,1,1,-1,1,-1,1,-1,-1,1,-1,1,-1,-1,-1,-1,1,-1,-1,1,1,-1,-1,1,-1,1,1,-1,1,-1,1,-1,1,-1,1,-1,-1,1,-1,-1,-1,-1,-1,1,1,-1,1,-1,1,-1,1,-1,1,1,-1,1,-1,1,-1,-1,1,-1,-1,-1,1,-1,1,-1,1,1,-1,1,-1,-1,1,-1,-1,1,-1,1,-1,1,-1,1,-1,1,1,-1,-1,-1,1,-1,1,-1,-1,1,-1,1,1,1,1,-1,-1,1,1,-1,1,1,1,-1,1,1,1,-1,1,1,-1,1,1,1,1,-1,-1,1,-1,-1,-1,1,-1,-1,1,1,1,-1,1,-1,1,-1,-1,-1,1,1,-1,1,1,-1,-1,1,1,-1,1,1,-1,1,-1,1,-1,-1,-1,-1,-1,-1,1,-1,-1,-1,-1,-1,-1,1,-1,1,1,1,1,-1,1,-1,1,1,-1,-1,-1,1,-1,-1,1,-1,1,-1,-1,1,1,1,1,-1,-1,-1,1,1,1,-1,1,-1,1,1,1,1,-1,-1,-1,1,1,1,1,-1,1,-1,1,-1,1,-1,1,1,-1,-1,1,1,1,-1,-1,-1,-1,1,1,1,1,-1,-1,-1,1,1,1,1,-1,-1,-1,1,-1,1,-1,-1,-1,1,1,1,1,1,-1,-1,-1,1,1,1,1,-1,-1,-1,1,1,-1,1,-1,-1,-1,1,1,1,1,-1,-1,1,1,1,1,-1,-1,1,1,-1,1,1,-1,-1,-1,1,1,1,1,1,-1,1,1,1,1,1,-1,-1,-1,1,-1,1,-1,-1,-1,-1,1,-1,1,1,-1,-1,-1,1,-1,1,1,-1,-1,-1,1,1,1,1,-1,-1,1,-1,-1,1,1,-1,-1,-1,1,1,-1,-1,-1,-1,-1,1,-1,1,-1,-1,-1,-1,-1,-1,-1,1,-1,-1,-1,1,-1,-1,1,-1,-1,-1,-1,-1,-1,1,-1,-1,-1,-1,-1,1,-1,-1,-1,1,-1,-1,1,-1,1,-1,-1,-1,-1,-1,-1,-1,1,-1,-1,-1,1,1,-1,-1,-1,1,-1,-1,-1,-1,-1,1,-1,-1,1,1,1,-1,-1,-1,-1,1,-1,1,1,-1,1,-1,-1,1,1,-1,-1,-1,-1,-1,-1,1,1,-1,-1,1,-1,1,1,-1,-1,-1,1,-1,1,1,-1,-1,1,-1,-1,1,1,1,-1,1,-1,1,1,1,-1,-1,1,-1,-1,1,1,1,-1,1,-1,-1,1,1,-1,1,1,-1,-1,1,1,-1,1,1,-1,-1,1,1,-1,1,1,-1,-1,1,1,1,1,1,1,-1,1,1,-1,1,1,-1,-1,1,-1,1,1,1,1,-1,-1,1,-1,1,1,1,-1,1,1,1,1,-1,1,-1,1,1,1,1,1,1,1,-1,1,1,1,1,-1,1,-1,1,1,1,1,1,-1,1,1,1,1,-1,1,1,-1,1,1,-1,1,1,-1,-1,1,1,1,1,-1,1,-1,1,1,1,-1,-1,1,-1,1,1,1,-1,1,-1,-1,-1,1,1,-1,-1,1,-1,-1,1,1,-1,-1,1,-1,1,1,1,1,-1,1,-1,-1,1,1,-1,-1,-1,1,1,-1,1,-1,1,1,-1,1,1,-1,-1,1,1,-1,-1,1,1,-1,1,1,1,1,1,-1,-1,-1,-1,-1,-1,-1,-1,-1,-1,1,1,1,1,-1,1,1,-1,1,1,1,1,-1,1,-1,1,1,1,-1,-1,1,-1,1,1,1,-1,-1,1,-1,1,1,1,-1,-1,1,-1,1,1,1,1,-1,1,-1,1,1,1,-1,-1,-1,1,-1,1,1,1,-1,1,-1,1,1,-2670.0,1,2000,445,0,False
681,1,1,-1,-1,1,-1,-1,-1,1,1,1,-1,1,1,1,1,-1,1,-1,-1,1,-1,1,1,1,-1,-1,-1,1,1,1,1,1,-1,-1,-1,1,1,1,-1,-1,-1,-1,1,1,1,1,-1,1,1,1,1,-1,1,-1,-1,1,-1,1,1,1,-1,-1,-1,1,1,1,1,-1,-1,-1,1,1,1,1,-1,-1,-1,1,1,1,-1,-1,-1,1,1,1,1,-1,-1,-1,1,1,1,1,-1,-1,1,1,-1,1,1,-1,-1,1,1,1,1,1,-1,-1,1,1,-1,1,1,-1,-1,1,1,1,1,1,1,-1,1,1,1,-1,1,1,-1,1,1,1,1,1,1,-1,-1,1,1,1,1,1,-1,1,1,1,1,1,1,-1,-1,-1,1,1,1,1,-1,1,1,1,1,-1,1,-1,1,1,1,1,1,-1,-1,1,1,1,1,1,-1,1,-1,-1,1,-1,1,-1,1,1,1,1,1,1,1,1,1,-1,1,-1,1,-1,1,1,-1,1,-1,1,1,-1,1,-1,1,-1,1,-1,1,1,-1,1,-1,1,1,1,1,-1,-1,1,1,-1,-1,1,-1,1,-1,-1,1,-1,1,-1,1,-1,1,-1,1,1,-1,1,-1,1,1,-1,1,-1,1,1,1,-1,1,1,-1,1,-1,1,-1,1,-1,1,-1,1,1,-1,1,-1,-1,-1,1,1,-1,1,-1,-1,-1,1,1,-1,-1,1,1,-1,-1,1,1,-1,1,1,-1,1,1,1,-1,-1,1,-1,1,1,-1,1,-1,1,1,-1,1,1,-1,-1,1,-1,-1,1,-1,1,-1,1,1,-1,1,1,1,-1,1,-1,-1,1,1,-1,-1,1,-1,1,1,1,1,-1,1,-1,1,1,1,-1,1,1,-1,-1,1,1,-1,1,1,-1,1,1,1,1,1,1,-1,1,1,1,1,1,-1,-1,1,1,1,1,1,-1,-1,-1,1,1,1,1,-1,-1,1,-1,1,-1,1,1,-1,-1,1,1,1,1,1,-1,-1,1,1,1,-1,-1,-1,-1,-1,-1,-1,1,1,-1,-1,1,1,-1,1,-1,1,-1,1,1,1,1,-1,-1,1,1,1,-1,1,-1,-1,-1,-1,1,1,1,1,-1,-1,1,-1,1,1,-1,-1,1,-1,-1,1,-1,1,-1,-1,1,-1,1,1,-1,-1,1,1,-1,1,-1,1,-1,-1,1,-1,1,-1,-1,-1,-1,1,-1,-1,1,1,-1,-1,1,-1,1,1,-1,1,-1,1,-1,1,-1,1,-1,-1,1,-1,1,-1,-1,-1,1,1,-1,1,-1,1,-1,1,-1,1,1,-1,1,-1,1,-1,-1,1,-1,-1,-1,1,-1,1,-1,-1,1,-1,1,-1,-1,1,-1,-1,1,-1,1,-1,1,-1,1,-1,1,1,-1,-1,-1,1,-1,1,-1,-1,1,-1,1,1,1,1,-1,-1,1,1,-1,1,1,-1,-1,1,1,1,-1,1,1,-1,1,1,1,1,1,-1,1,-1,-1,-1,1,-1,-1,1,-1,1,-1,1,-1,1,-1,-1,-1,1,1,-1,1,1,-1,-1,1,1,-1,1,1,-1,1,-1,1,-1,-1,-1,-1,-1,-1,1,-1,-1,-1,-1,-1,-1,1,-1,1,1,1,1,-1,1,-1,1,1,-1,-1,-1,1,-1,-1,1,-1,1,-1,-1,1,1,1,1,-1,-1,-1,1,1,1,-1,1,-1,1,1,1,1,-1,-1,-1,-1,1,1,1,-1,1,-1,1,-1,1,-1,1,1,-1,-1,1,1,1,-1,-1,-1,-1,1,1,1,1,-1,-1,-1,1,1,1,1,-1,-1,-1,1,-1,1,-1,-1,-1,1,1,1,1,1,-1,-1,-1,1,1,1,1,-1,-1,-1,1,1,-1,1,-1,-1,-1,1,1,1,1,-1,-1,1,1,1,1,-1,-1,1,1,-1,1,1,-1,-1,-1,1,1,1,1,1,-1,1,1,1,1,1,-1,-1,-1,1,-1,1,-1,-1,-1,-1,1,-1,1,1,1,-1,-1,1,-1,1,1,-1,-1,-1,1,1,1,1,-1,-1,-1,1,-1,1,1,-1,-1,-1,1,1,-1,-1,-1,-1,-1,1,-1,1,-1,-1,-1,-1,-1,-1,-1,1,-1,-1,-1,1,-1,-1,1,-1,-1,-1,-1,-1,-1,1,-1,-1,-1,-1,-1,1,-1,-1,-1,1,-1,-1,1,-1,1,-1,-1,-1,-1,-1,-1,-1,1,-1,-1,-1,1,1,-1,-1,-1,1,-1,-1,-1,-1,-1,1,-1,-1,1,1,1,-1,-1,-1,-1,1,-1,1,1,-1,1,-1,-1,1,1,-1,-1,-1,-1,-1,-1,1,1,-1,-1,1,-1,1,1,-1,-1,-1,1,-1,1,1,-1,-1,1,-1,-1,1,1,1,-1,1,-1,1,1,1,-1,-1,1,-1,-1,1,1,1,-1,1,-1,-1,1,1,-1,1,1,-1,-1,1,1,1,1,1,-1,-1,1,1,-1,1,1,-1,-1,1,1,1,1,1,1,-1,1,1,1,1,1,-1,-1,1,-1,1,1,1,1,-1,-1,1,-1,1,1,1,-1,1,1,1,1,-1,1,-1,1,1,1,1,1,1,-1,-1,-1,1,1,1,-1,1,-1,1,1,1,1,-1,1,-1,1,1,1,-1,-1,1,-1,1,1,-1,1,-1,-1,-1,1,1,1,-1,1,-1,-1,1,1,1,-1,-1,-1,-1,1,1,1,-1,1,-1,-1,-1,1,1,-1,1,-1,-1,-1,1,1,-1,-1,1,-1,1,1,1,1,1,1,-1,-1,1,1,-1,-1,1,1,1,-1,1,-1,1,-1,-1,1,1,-1,-1,1,-1,-1,-1,1,1,-1,1,-1,1,1,1,-1,-1,-1,-1,-1,-1,-1,-1,-1,1,-1,1,1,1,-1,1,1,-1,1,1,1,1,-1,1,-1,1,1,1,1,-1,1,-1,1,1,1,1,-1,1,-1,1,1,1,1,-1,1,-1,1,1,-1,-1,-1,1,-1,-1,1,1,-1,-1,-1,1,-1,1,-1,1,-1,1,-1,-1,1,-2670.0,1,2000,445,0,False
682,1,1,-1,-1,1,1,-1,-1,1,1,1,-1,1,1,1,1,-1,1,-1,-1,-1,-1,1,1,1,-1,-1,-1,1,1,1,1,-1,-1,-1,-1,1,1,1,1,-1,-1,-1,1,1,1,1,-1,1,1,1,1,-1,1,-1,-1,1,-1,1,1,1,-1,-1,-1,1,1,1,1,-1,-1,-1,1,1,1,1,-1,-1,-1,1,1,1,-1,-1,-1,1,1,1,1,-1,-1,-1,1,1,1,1,-1,-1,1,1,-1,1,1,-1,-1,1,1,1,1,1,-1,-1,1,1,-1,1,1,-1,-1,1,1,1,1,1,1,-1,-1,1,1,-1,1,1,-1,1,1,1,1,1,1,-1,-1,1,1,1,1,1,-1,1,1,1,1,1,1,-1,-1,-1,1,1,1,1,-1,1,1,1,1,-1,1,-1,1,-1,1,1,1,-1,-1,1,1,1,1,1,-1,1,-1,-1,1,-1,1,-1,1,1,1,1,1,1,1,1,1,-1,1,-1,1,-1,1,1,-1,1,-1,1,1,-1,1,-1,1,-1,1,-1,1,1,-1,1,-1,1,1,1,1,-1,-1,1,1,-1,-1,1,-1,1,-1,-1,1,-1,1,-1,1,-1,1,-1,-1,1,-1,1,-1,1,1,-1,1,-1,1,1,1,-1,1,1,-1,1,-1,1,-1,1,-1,1,-1,1,1,-1,1,-1,-1,-1,1,1,-1,1,-1,-1,-1,1,1,-1,-1,1,1,-1,-1,1,1,-1,1,1,-1,1,1,1,1,-1,1,-1,1,1,-1,1,-1,1,-1,1,1,1,1,1,1,-1,-1,1,-1,-1,-1,1,1,-1,1,1,1,-1,1,1,1,1,1,1,-1,1,-1,1,1,1,-1,1,1,-1,1,1,1,-1,1,1,-1,-1,1,1,1,-1,1,-1,1,1,1,-1,1,1,-1,1,1,1,-1,1,1,-1,1,1,1,-1,1,1,-1,-1,1,1,-1,1,1,-1,1,-1,1,-1,1,1,1,-1,1,1,1,1,1,1,-1,1,1,-1,1,-1,1,-1,-1,-1,-1,1,1,1,-1,1,1,-1,1,1,-1,-1,1,1,1,1,1,-1,1,1,1,-1,1,1,1,-1,-1,1,1,1,-1,1,-1,1,1,1,1,1,1,-1,-1,-1,1,-1,-1,1,1,-1,1,1,1,1,1,1,1,-1,1,-1,-1,1,-1,1,-1,1,1,-1,1,1,1,-1,-1,1,-1,1,1,1,-1,1,1,1,-1,1,1,-1,-1,1,-1,1,1,1,-1,1,1,1,1,1,1,-1,1,-1,1,1,1,-1,-1,1,-1,-1,1,1,-1,-1,1,-1,1,1,1,-1,-1,1,-1,-1,1,1,-1,-1,1,-1,1,1,1,1,-1,1,1,-1,-1,1,1,-1,-1,-1,1,-1,1,-1,-1,1,-1,-1,1,-1,1,-1,-1,1,-1,1,-1,1,1,-1,1,-1,-1,1,1,1,-1,1,-1,1,-1,-1,-1,1,-1,-1,-1,1,-1,-1,1,1,1,-1,1,-1,1,1,1,-1,1,1,-1,1,-1,1,-1,-1,1,-1,-1,1,1,1,-1,1,-1,-1,1,1,-1,-1,1,-1,-1,1,1,-1,-1,1,-1,-1,-1,1,1,-1,1,1,-1,-1,1,-1,-1,1,-1,1,-1,1,1,-1,-1,1,-1,-1,-1,-1,-1,1,1,1,-1,1,1,-1,-1,1,-1,-1,-1,-1,-1,-1,1,-1,-1,-1,1,-1,1,1,-1,1,1,1,-1,-1,1,1,-1,-1,-1,-1,1,1,-1,-1,1,-1,-1,-1,1,1,-1,-1,-1,-1,-1,1,-1,-1,1,-1,-1,1,1,1,-1,1,-1,-1,-1,1,1,-1,-1,-1,-1,-1,1,1,1,-1,-1,-1,-1,1,1,-1,-1,-1,-1,1,1,1,1,-1,-1,1,1,1,1,1,-1,-1,-1,1,1,1,-1,1,-1,1,1,1,1,-1,1,-1,-1,1,-1,1,-1,1,-1,-1,1,-1,1,-1,-1,-1,-1,1,-1,1,-1,1,-1,-1,1,-1,1,-1,1,-1,-1,1,-1,1,-1,-1,-1,-1,1,1,-1,-1,-1,-1,-1,1,-1,1,-1,-1,-1,-1,-1,-1,-1,1,-1,-1,-1,1,-1,-1,1,-1,-1,-1,-1,-1,1,1,-1,-1,-1,-1,-1,1,-1,-1,-1,1,-1,-1,1,-1,1,-1,-1,-1,-1,-1,-1,-1,1,-1,-1,-1,1,1,1,-1,-1,1,-1,-1,-1,-1,-1,1,-1,-1,1,-1,1,-1,-1,-1,-1,1,-1,1,1,-1,1,-1,-1,1,1,-1,-1,-1,-1,-1,-1,1,1,-1,-1,1,-1,1,1,-1,-1,-1,1,-1,-1,1,-1,-1,1,-1,-1,1,1,1,-1,1,-1,1,1,1,-1,-1,1,-1,-1,1,1,1,-1,1,-1,-1,1,1,-1,1,1,-1,-1,1,1,1,1,1,-1,-1,1,1,-1,1,1,-1,-1,1,1,1,1,-1,1,-1,-1,1,1,-1,1,-1,-1,1,-1,1,1,1,1,-1,-1,1,-1,1,1,1,-1,1,1,1,1,-1,1,-1,1,1,1,1,1,1,1,-1,1,1,1,1,-1,1,-1,1,1,1,1,1,-1,1,1,1,1,-1,1,1,-1,1,1,-1,1,1,-1,-1,1,1,1,1,-1,1,-1,1,1,1,-1,-1,1,-1,1,1,1,-1,1,-1,-1,-1,1,1,-1,-1,1,-1,-1,1,1,1,-1,1,-1,-1,1,1,1,-1,1,-1,-1,1,1,-1,-1,1,1,-1,1,1,-1,1,1,-1,1,1,-1,-1,1,-1,-1,-1,1,1,-1,1,1,-1,1,1,-1,-1,-1,-1,1,-1,-1,-1,-1,1,-1,-1,1,1,-1,1,1,-1,1,1,1,1,-1,1,-1,1,1,1,1,-1,1,-1,-1,1,1,1,-1,1,-1,1,1,1,1,-1,1,-1,1,1,1,-1,-1,1,-1,-1,1,1,-1,-1,-1,1,-1,1,1,1,-1,1,-1,-1,1,-2670.0,1,2000,445,0,False
683,1,1,-1,-1,1,-1,-1,-1,1,1,1,-1,1,1,1,1,-1,1,-1,-1,-1,-1,1,1,1,-1,1,-1,1,1,1,1,1,-1,-1,-1,1,1,1,1,-1,-1,-1,1,1,1,1,-1,1,1,1,1,-1,1,-1,-1,1,-1,1,1,-1,-1,-1,-1,1,1,1,1,-1,-1,-1,1,1,1,1,-1,-1,-1,1,1,1,-1,-1,-1,1,1,1,1,-1,-1,-1,1,1,1,1,-1,-1,1,1,-1,1,1,-1,-1,1,1,1,1,1,-1,-1,1,1,1,1,1,-1,-1,1,1,1,1,1,1,-1,1,1,1,-1,1,1,-1,1,1,1,1,1,1,-1,-1,1,1,1,1,1,-1,1,1,1,1,1,1,-1,-1,-1,1,1,1,1,-1,1,1,1,1,-1,1,-1,1,-1,1,1,1,-1,-1,1,1,1,1,1,-1,1,-1,-1,1,-1,1,-1,1,1,1,1,1,1,1,1,1,-1,1,-1,1,-1,1,1,-1,1,-1,1,1,-1,1,-1,1,-1,1,-1,1,1,-1,1,-1,1,1,1,1,-1,-1,1,1,-1,-1,1,-1,1,-1,1,1,-1,1,-1,1,-1,1,-1,-1,1,-1,-1,-1,1,1,-1,1,-1,1,1,1,-1,1,1,-1,1,-1,1,-1,1,-1,1,-1,1,1,-1,1,-1,-1,-1,1,1,-1,1,-1,-1,-1,1,1,-1,-1,1,1,-1,-1,1,1,-1,1,1,-1,1,1,1,1,-1,1,-1,1,1,-1,1,-1,1,1,1,1,1,1,1,1,-1,-1,1,-1,-1,1,1,1,-1,1,1,1,-1,1,1,1,1,1,1,1,1,-1,1,1,1,-1,-1,1,-1,1,1,1,-1,1,1,-1,-1,1,1,1,-1,1,-1,1,1,1,-1,1,1,-1,1,1,1,-1,1,1,-1,1,1,1,-1,1,1,-1,-1,1,1,-1,1,1,-1,1,-1,1,-1,1,1,1,-1,1,1,1,-1,1,1,-1,1,1,-1,1,1,1,-1,-1,-1,-1,1,1,1,-1,1,1,-1,1,1,-1,-1,1,1,1,1,1,-1,1,1,1,-1,1,1,1,1,-1,1,1,1,-1,1,-1,1,1,1,1,1,1,-1,-1,-1,1,-1,-1,1,-1,1,-1,1,-1,1,1,1,-1,-1,1,-1,-1,1,-1,1,-1,1,1,-1,1,1,1,-1,-1,1,-1,1,1,-1,-1,1,1,1,-1,1,-1,-1,-1,1,-1,1,1,-1,-1,1,1,1,1,-1,1,-1,1,-1,1,1,-1,1,-1,1,-1,1,1,-1,-1,-1,1,-1,1,1,1,-1,-1,1,1,-1,1,-1,-1,-1,1,-1,1,1,1,-1,-1,1,-1,-1,1,-1,-1,-1,-1,-1,-1,1,-1,-1,-1,1,-1,-1,1,-1,-1,-1,-1,1,-1,1,-1,-1,-1,-1,1,-1,-1,1,1,1,-1,1,-1,1,-1,1,1,1,-1,-1,-1,1,-1,-1,1,1,1,-1,1,-1,1,1,1,-1,1,1,-1,-1,-1,1,-1,-1,1,-1,-1,1,1,1,-1,1,-1,-1,1,1,-1,-1,1,-1,-1,1,1,-1,-1,1,-1,-1,-1,1,1,-1,1,1,-1,-1,1,-1,-1,1,-1,1,-1,1,1,-1,-1,1,-1,-1,-1,-1,-1,1,1,1,-1,-1,1,-1,-1,1,-1,-1,1,-1,-1,1,1,-1,-1,1,-1,-1,1,1,-1,1,-1,-1,-1,-1,1,1,-1,-1,-1,-1,-1,1,-1,-1,1,-1,-1,-1,1,1,-1,-1,-1,-1,-1,1,-1,-1,-1,-1,-1,1,1,1,-1,-1,-1,-1,-1,1,1,-1,-1,-1,-1,-1,1,1,1,-1,-1,-1,-1,1,1,-1,-1,-1,-1,1,1,1,1,1,-1,1,1,1,1,1,1,-1,-1,1,1,1,1,-1,-1,1,1,1,1,-1,1,-1,-1,1,-1,1,-1,1,-1,-1,1,-1,1,-1,1,-1,-1,1,-1,1,-1,1,-1,-1,1,-1,1,1,1,-1,-1,1,-1,1,1,1,-1,-1,1,1,-1,1,1,-1,-1,1,-1,1,-1,1,-1,-1,-1,-1,-1,1,1,-1,-1,1,-1,-1,1,1,-1,-1,-1,-1,-1,-1,1,-1,-1,-1,-1,1,1,-1,-1,1,-1,-1,1,-1,1,-1,-1,-1,-1,-1,1,1,1,-1,-1,-1,1,1,1,-1,-1,-1,1,-1,-1,1,-1,1,-1,-1,1,1,1,-1,-1,-1,-1,1,-1,1,1,-1,1,-1,-1,1,1,-1,-1,-1,-1,-1,-1,1,1,-1,-1,1,-1,1,1,-1,-1,-1,1,-1,1,1,-1,-1,1,-1,-1,1,1,1,-1,1,-1,1,1,1,-1,-1,1,-1,-1,1,1,1,-1,1,-1,-1,1,1,-1,1,1,-1,-1,1,1,1,1,1,-1,-1,1,1,1,1,1,-1,-1,1,1,1,1,-1,1,-1,-1,1,1,-1,1,-1,-1,1,-1,1,1,1,1,-1,-1,1,-1,1,1,1,-1,1,1,1,1,-1,1,-1,1,1,1,1,1,1,1,-1,1,1,1,1,-1,1,-1,1,1,1,1,1,-1,1,1,1,1,-1,1,1,-1,1,1,-1,1,1,-1,-1,1,1,1,1,-1,1,-1,1,1,1,-1,-1,1,-1,1,1,1,-1,1,-1,-1,-1,1,1,-1,-1,1,-1,-1,1,1,-1,-1,1,-1,-1,1,1,1,-1,1,-1,-1,1,1,-1,-1,-1,1,-1,-1,1,-1,1,1,-1,1,1,-1,-1,1,1,-1,-1,1,1,-1,1,1,-1,1,1,-1,-1,1,-1,1,-1,-1,-1,-1,1,-1,-1,1,1,-1,1,1,-1,1,1,1,1,-1,1,-1,1,1,1,1,-1,1,-1,-1,1,1,1,-1,1,-1,1,1,1,1,-1,1,-1,1,1,1,-1,-1,1,-1,-1,1,1,-1,-1,-1,1,-1,1,1,1,-1,1,-1,-1,1,-2670.0,1,2000,445,0,False
684,1,1,-1,-1,1,1,-1,-1,1,1,1,-1,-1,1,1,1,-1,1,-1,-1,-1,-1,1,1,1,-1,-1,-1,1,1,1,1,-1,-1,-1,-1,1,1,1,-1,-1,-1,-1,1,1,1,1,-1,1,1,1,1,-1,1,-1,-1,1,-1,1,1,1,-1,-1,-1,1,1,1,1,-1,-1,-1,1,1,1,1,-1,-1,-1,1,1,1,-1,-1,-1,1,1,1,1,-1,-1,-1,1,1,1,1,-1,-1,1,1,-1,1,1,-1,-1,1,1,1,1,1,-1,-1,1,1,1,1,1,-1,-1,1,1,1,1,1,1,-1,-1,1,1,-1,1,1,-1,1,1,1,1,1,1,-1,-1,1,1,1,1,1,-1,1,1,1,1,1,1,-1,-1,-1,1,1,1,1,-1,1,1,1,1,-1,1,-1,1,-1,1,1,1,-1,-1,1,1,1,1,1,-1,1,-1,-1,1,-1,1,-1,1,1,1,1,1,1,1,1,1,-1,1,-1,1,-1,1,1,-1,1,-1,1,1,-1,1,-1,1,-1,1,-1,1,1,-1,1,-1,1,1,1,1,-1,-1,1,1,-1,-1,1,-1,1,-1,1,1,-1,1,-1,1,-1,1,-1,1,1,-1,-1,-1,1,1,-1,1,-1,1,1,1,-1,1,1,-1,1,-1,1,-1,1,-1,1,-1,1,1,-1,1,-1,-1,-1,1,1,-1,1,-1,-1,-1,1,1,-1,-1,1,1,-1,-1,1,1,-1,1,1,-1,1,1,1,1,-1,1,-1,1,1,-1,1,-1,1,1,-1,1,1,1,1,1,-1,-1,1,-1,-1,1,1,1,-1,1,1,1,-1,1,-1,-1,1,1,1,1,1,-1,1,1,1,-1,1,1,-1,1,1,1,-1,1,1,-1,-1,1,1,1,-1,1,-1,1,1,1,-1,1,1,-1,1,1,1,-1,1,-1,-1,1,1,1,-1,1,-1,-1,-1,1,1,-1,1,-1,-1,1,-1,1,-1,1,1,-1,-1,1,1,1,-1,1,-1,-1,1,1,-1,1,-1,-1,-1,-1,-1,-1,1,1,-1,-1,1,1,-1,1,-1,-1,-1,1,1,1,1,1,-1,1,1,1,-1,1,-1,-1,-1,-1,1,1,1,1,-1,-1,1,-1,1,1,-1,-1,1,-1,-1,1,-1,1,-1,-1,1,-1,1,1,-1,-1,1,1,-1,1,-1,1,-1,-1,1,-1,1,1,-1,-1,-1,1,-1,-1,1,1,-1,-1,1,-1,1,1,-1,1,-1,1,-1,-1,1,1,-1,-1,1,-1,1,1,-1,-1,1,1,-1,1,-1,1,-1,1,-1,1,1,-1,1,-1,1,-1,-1,1,-1,-1,-1,1,-1,-1,1,-1,1,-1,1,-1,-1,1,-1,-1,1,-1,1,-1,1,1,1,-1,1,1,-1,1,-1,1,-1,1,-1,-1,1,-1,1,1,1,1,-1,-1,1,1,-1,1,1,-1,1,1,1,1,-1,1,1,-1,1,1,1,1,-1,1,1,-1,-1,-1,1,-1,-1,1,1,1,-1,1,-1,1,-1,-1,-1,1,1,-1,1,1,-1,-1,-1,1,-1,1,1,-1,1,-1,1,-1,-1,-1,-1,-1,-1,1,-1,-1,-1,-1,-1,-1,1,-1,1,1,1,1,-1,1,-1,1,1,-1,-1,-1,1,-1,-1,1,-1,1,-1,-1,1,1,1,1,-1,-1,1,1,1,1,-1,1,-1,-1,1,1,1,-1,-1,-1,1,1,1,1,-1,-1,-1,1,-1,1,-1,1,-1,-1,-1,1,1,1,-1,-1,-1,1,1,1,1,1,-1,-1,-1,1,1,1,1,-1,-1,-1,1,1,1,-1,-1,-1,1,1,1,1,1,-1,-1,-1,1,1,1,1,-1,-1,-1,1,1,-1,1,-1,-1,-1,1,1,1,1,-1,-1,1,1,1,1,-1,-1,1,1,-1,1,1,-1,-1,-1,1,1,1,1,1,-1,1,1,1,1,1,-1,-1,-1,1,-1,1,-1,-1,-1,-1,1,-1,1,1,-1,-1,-1,1,-1,1,1,-1,-1,-1,1,1,1,1,-1,-1,-1,1,-1,1,1,-1,-1,-1,1,1,-1,-1,-1,-1,-1,1,-1,1,-1,-1,-1,-1,-1,-1,-1,1,-1,-1,-1,1,-1,-1,1,-1,-1,-1,-1,-1,1,1,-1,-1,-1,-1,-1,1,-1,-1,-1,1,-1,-1,1,-1,1,-1,-1,-1,-1,-1,-1,-1,1,-1,-1,-1,1,1,-1,-1,-1,-1,1,-1,-1,-1,-1,1,-1,-1,1,1,1,-1,-1,-1,-1,1,-1,1,1,-1,1,-1,-1,1,1,-1,-1,-1,-1,-1,-1,1,1,-1,-1,1,-1,1,1,1,-1,-1,1,-1,1,1,-1,-1,1,-1,-1,1,1,1,-1,1,-1,1,1,1,-1,-1,1,-1,-1,1,1,1,-1,1,-1,-1,1,1,-1,1,1,-1,-1,1,1,1,1,1,-1,-1,1,1,-1,1,1,-1,-1,1,1,1,1,1,1,-1,1,1,1,-1,1,-1,-1,1,-1,1,1,1,1,-1,-1,1,-1,1,1,1,-1,1,-1,1,1,-1,1,-1,1,1,1,1,1,1,1,-1,-1,1,1,1,-1,1,-1,1,1,1,1,1,-1,1,-1,1,1,-1,1,1,-1,-1,1,-1,1,1,-1,-1,1,1,1,1,-1,1,-1,-1,1,1,-1,-1,1,-1,1,1,1,-1,1,-1,-1,-1,1,1,-1,-1,1,-1,-1,1,1,1,-1,1,-1,-1,1,1,1,-1,1,-1,-1,1,1,-1,-1,-1,1,-1,1,1,-1,1,1,-1,1,1,-1,-1,1,-1,-1,-1,1,1,-1,1,1,-1,1,1,-1,-1,-1,-1,1,-1,-1,-1,-1,-1,-1,-1,1,1,-1,1,1,-1,1,1,1,1,-1,1,-1,1,1,1,1,-1,1,-1,-1,1,1,1,-1,1,-1,1,1,1,1,-1,1,-1,1,1,1,-1,-1,1,-1,-1,1,1,-1,-1,-1,1,-1,1,-1,1,-1,1,-1,-1,1,-2670.0,1,2000,445,0,False
685,1,1,-1,-1,1,-1,1,-1,1,1,1,-1,1,1,1,1,-1,1,-1,-1,1,-1,1,1,1,-1,-1,-1,1,1,1,1,1,-1,-1,-1,1,-1,1,1,-1,-1,-1,1,1,1,1,-1,1,1,1,1,-1,1,-1,-1,1,-1,1,1,1,-1,-1,-1,1,1,1,1,-1,1,-1,1,1,1,1,-1,-1,-1,1,1,1,-1,-1,-1,1,1,1,1,-1,1,-1,1,1,1,1,-1,-1,1,1,-1,1,1,-1,-1,1,1,1,1,1,-1,-1,1,1,-1,1,1,-1,-1,1,1,1,1,1,1,-1,1,1,1,-1,1,1,-1,1,1,1,1,1,1,-1,-1,1,1,-1,1,1,-1,1,1,1,1,1,1,-1,-1,-1,1,-1,1,1,-1,1,1,1,1,-1,1,-1,1,-1,1,1,1,-1,-1,1,1,1,1,1,-1,1,-1,-1,1,1,1,-1,1,1,1,1,-1,1,1,1,1,-1,1,-1,1,-1,1,1,-1,1,-1,1,1,-1,1,-1,1,-1,1,-1,1,1,-1,-1,-1,1,1,1,1,-1,-1,1,1,-1,-1,1,-1,1,1,-1,1,-1,1,-1,1,-1,1,-1,-1,1,-1,-1,1,1,1,-1,1,-1,1,1,1,-1,1,1,-1,1,-1,1,-1,1,-1,1,-1,1,1,-1,1,-1,-1,1,1,1,-1,1,-1,-1,-1,-1,1,-1,-1,1,1,-1,-1,1,1,-1,1,1,-1,1,1,1,1,-1,1,-1,1,1,-1,1,-1,1,1,-1,1,1,1,1,1,-1,-1,1,-1,-1,-1,1,1,-1,1,1,1,-1,1,-1,-1,1,1,1,1,1,-1,1,1,1,-1,1,1,-1,-1,1,1,-1,1,1,-1,1,-1,1,1,-1,1,-1,1,1,1,-1,1,1,-1,1,1,1,-1,1,-1,-1,1,1,1,-1,1,-1,-1,1,1,1,1,1,-1,-1,-1,-1,1,-1,1,1,-1,1,1,1,1,-1,1,-1,-1,-1,1,-1,1,-1,-1,1,-1,-1,-1,1,1,-1,1,-1,1,-1,1,-1,1,-1,1,1,-1,1,-1,1,-1,1,1,1,1,-1,-1,-1,-1,1,-1,-1,1,-1,-1,1,-1,-1,1,-1,-1,1,-1,-1,1,-1,1,-1,1,-1,1,-1,1,-1,-1,1,1,-1,1,-1,1,-1,-1,1,-1,-1,-1,-1,-1,-1,1,-1,-1,1,1,-1,-1,-1,-1,1,-1,-1,1,-1,1,-1,-1,1,1,-1,-1,1,-1,-1,-1,-1,-1,1,1,-1,-1,1,1,-1,1,-1,1,-1,1,1,-1,1,-1,-1,-1,-1,-1,-1,1,-1,1,-1,1,1,-1,1,-1,-1,1,-1,-1,1,-1,1,-1,1,-1,1,-1,1,1,-1,-1,-1,1,-1,1,-1,-1,1,-1,1,1,1,1,-1,-1,-1,1,-1,1,1,-1,-1,1,1,1,-1,1,1,-1,1,1,1,1,1,1,1,-1,-1,-1,1,-1,1,1,1,1,-1,1,-1,1,-1,-1,-1,1,1,-1,1,1,-1,-1,-1,1,-1,1,1,-1,1,-1,1,-1,-1,-1,-1,-1,-1,1,-1,-1,-1,-1,-1,-1,1,-1,1,1,1,1,-1,1,-1,1,1,-1,-1,-1,1,-1,-1,1,-1,1,-1,-1,1,1,1,1,-1,-1,1,1,1,1,-1,1,-1,-1,1,1,1,-1,-1,-1,1,1,1,1,-1,1,-1,1,-1,1,-1,1,1,-1,-1,1,1,1,-1,-1,-1,-1,1,1,1,1,-1,-1,-1,1,1,1,1,-1,-1,-1,1,-1,1,-1,-1,1,-1,1,1,1,1,-1,1,-1,1,-1,1,1,-1,-1,-1,1,1,-1,1,-1,-1,-1,1,1,1,1,-1,-1,1,-1,1,-1,-1,-1,1,1,-1,1,1,-1,-1,-1,1,1,-1,1,1,-1,1,-1,1,-1,1,-1,-1,-1,1,-1,1,-1,-1,-1,1,-1,1,-1,1,-1,-1,-1,-1,1,-1,1,-1,1,-1,1,1,-1,1,-1,1,1,-1,-1,-1,1,-1,-1,-1,1,1,1,-1,-1,-1,-1,1,-1,-1,1,-1,-1,-1,-1,-1,-1,1,-1,-1,-1,1,-1,-1,1,-1,-1,-1,-1,-1,1,1,-1,-1,-1,-1,-1,1,-1,-1,-1,1,-1,-1,1,-1,1,-1,-1,-1,-1,-1,-1,-1,1,-1,-1,-1,1,1,1,-1,-1,1,-1,1,-1,-1,-1,1,-1,-1,1,-1,1,-1,-1,-1,-1,1,-1,1,1,-1,1,-1,-1,1,1,-1,-1,-1,-1,-1,-1,1,1,-1,-1,1,-1,1,1,-1,-1,-1,1,-1,1,1,-1,-1,1,-1,-1,1,1,1,-1,1,-1,1,1,1,-1,-1,1,-1,-1,1,1,1,-1,1,-1,-1,1,1,-1,1,1,-1,-1,1,1,1,1,1,-1,-1,1,1,1,1,1,-1,-1,1,1,1,1,-1,1,-1,1,1,1,1,1,-1,-1,1,-1,1,1,1,1,-1,-1,1,-1,1,1,1,-1,1,1,1,1,-1,1,-1,1,1,1,1,1,1,1,-1,1,1,1,1,-1,1,-1,1,1,1,1,1,1,1,1,1,1,-1,1,-1,1,1,1,-1,1,1,1,1,-1,1,1,1,-1,1,1,1,1,1,-1,-1,1,-1,1,1,1,-1,1,-1,1,1,1,1,-1,-1,1,1,-1,1,1,-1,-1,1,1,-1,1,1,1,-1,-1,-1,1,1,1,-1,-1,-1,-1,1,-1,1,-1,1,1,1,1,1,-1,-1,1,1,1,1,-1,1,-1,1,-1,1,1,1,-1,-1,-1,-1,-1,-1,-1,-1,-1,-1,-1,1,1,1,-1,1,1,-1,-1,1,1,1,-1,1,-1,1,1,1,1,-1,1,-1,1,1,1,1,-1,1,-1,1,1,1,1,-1,1,-1,1,-1,-1,-1,-1,1,-1,-1,1,1,-1,-1,-1,-1,1,1,-1,1,-1,1,-1,-1,1,-2670.0,1,2000,445,0,False
686,1,1,-1,-1,1,1,-1,-1,1,1,1,-1,1,1,1,1,-1,1,-1,-1,1,-1,1,1,1,-1,1,-1,1,1,1,1,1,-1,-1,-1,1,1,1,1,-1,-1,-1,1,1,1,1,-1,1,1,1,1,-1,1,-1,-1,1,-1,1,1,1,-1,-1,-1,1,1,1,1,-1,-1,-1,1,1,1,1,-1,-1,-1,1,1,1,-1,-1,-1,1,1,1,1,-1,1,-1,1,1,1,1,-1,-1,1,1,-1,1,1,-1,-1,1,1,1,1,1,-1,-1,1,1,1,1,1,-1,-1,1,1,1,1,1,1,-1,1,1,1,-1,1,1,-1,1,1,1,1,1,1,-1,-1,1,1,1,1,1,-1,1,1,1,1,1,1,-1,-1,-1,1,1,1,1,-1,1,1,1,1,-1,1,-1,1,-1,1,1,1,-1,-1,1,1,1,1,1,-1,1,-1,-1,1,-1,1,-1,1,1,1,1,1,1,1,1,1,-1,1,-1,1,-1,1,1,-1,1,-1,1,1,-1,1,-1,1,-1,1,-1,1,1,-1,-1,-1,1,1,1,1,-1,-1,1,1,-1,-1,1,-1,1,-1,-1,1,-1,1,-1,1,-1,1,-1,-1,1,-1,-1,-1,1,1,-1,1,-1,1,1,1,-1,1,1,-1,1,-1,1,-1,1,-1,1,-1,1,1,-1,1,-1,-1,-1,1,1,-1,1,-1,-1,-1,1,1,-1,-1,1,1,-1,-1,1,1,-1,1,1,-1,1,1,1,1,-1,1,-1,1,1,-1,1,-1,1,1,-1,1,1,1,1,1,-1,-1,1,-1,-1,-1,1,1,-1,1,1,1,-1,1,-1,-1,1,1,1,-1,1,-1,1,1,1,-1,1,1,-1,1,1,1,-1,1,1,-1,-1,1,1,1,-1,1,-1,1,1,1,-1,1,1,-1,1,1,1,-1,1,-1,-1,1,1,1,-1,1,-1,-1,-1,1,1,-1,1,-1,-1,1,-1,1,-1,1,1,-1,-1,1,1,1,-1,1,-1,-1,1,1,-1,1,-1,-1,-1,-1,-1,-1,1,-1,-1,-1,1,1,-1,1,-1,-1,-1,1,1,1,1,-1,-1,1,1,1,-1,1,-1,-1,-1,-1,1,1,1,1,-1,-1,1,1,1,1,-1,-1,1,-1,-1,1,-1,1,-1,-1,1,-1,1,1,-1,-1,1,1,-1,1,-1,1,-1,-1,1,-1,1,1,-1,-1,-1,1,-1,-1,1,1,-1,-1,1,-1,1,1,-1,1,-1,1,-1,-1,1,1,-1,-1,1,-1,1,1,-1,-1,1,1,-1,1,-1,1,-1,1,-1,-1,1,-1,1,-1,1,-1,-1,1,-1,-1,-1,1,-1,-1,1,-1,1,-1,1,-1,-1,1,-1,-1,1,-1,1,-1,1,1,1,-1,1,1,-1,-1,-1,1,-1,1,-1,-1,1,-1,1,1,1,1,-1,-1,1,1,-1,1,1,-1,-1,1,1,1,-1,1,1,-1,1,1,1,1,1,1,1,-1,-1,-1,1,-1,1,1,-1,1,-1,1,-1,1,-1,-1,-1,1,1,-1,1,1,-1,-1,-1,1,-1,1,1,-1,1,-1,1,-1,-1,-1,-1,-1,-1,1,-1,-1,-1,-1,-1,-1,1,-1,1,1,1,1,-1,1,-1,1,1,-1,-1,-1,1,-1,-1,1,-1,1,-1,-1,1,1,1,1,-1,-1,1,1,1,1,-1,1,-1,-1,1,1,1,-1,-1,-1,1,1,1,1,-1,-1,-1,1,-1,1,-1,1,1,-1,-1,1,1,1,-1,-1,-1,-1,1,1,1,1,-1,-1,-1,1,1,1,1,-1,-1,-1,1,1,1,-1,-1,-1,-1,1,1,1,1,-1,-1,1,1,1,1,1,-1,-1,-1,1,1,-1,1,-1,-1,-1,1,1,1,1,-1,-1,1,1,1,1,-1,-1,1,1,-1,1,1,-1,-1,-1,1,1,1,1,1,-1,1,1,1,1,1,-1,-1,-1,1,-1,1,-1,-1,-1,-1,1,-1,1,1,-1,-1,-1,1,-1,1,1,-1,-1,-1,1,1,1,1,-1,-1,-1,1,-1,1,1,-1,-1,-1,1,1,-1,-1,-1,-1,-1,1,-1,1,-1,-1,-1,-1,-1,-1,-1,1,-1,-1,-1,1,-1,-1,1,-1,-1,-1,-1,-1,1,1,-1,-1,-1,-1,-1,1,-1,-1,-1,1,-1,-1,1,-1,1,-1,-1,-1,-1,-1,-1,-1,1,-1,-1,-1,1,1,-1,-1,-1,1,1,-1,-1,-1,-1,1,-1,-1,1,1,1,-1,-1,-1,-1,1,-1,1,1,-1,1,-1,-1,1,1,-1,-1,-1,-1,-1,-1,1,1,-1,-1,1,-1,1,1,-1,-1,-1,1,-1,1,1,-1,-1,1,-1,-1,1,1,1,-1,1,-1,1,1,1,-1,-1,1,-1,-1,1,-1,1,-1,1,-1,-1,1,1,-1,1,1,-1,-1,1,1,1,1,1,-1,-1,1,1,1,1,1,-1,-1,1,1,1,1,-1,1,-1,-1,1,1,-1,1,-1,-1,1,-1,1,1,1,1,-1,-1,1,-1,1,1,1,-1,1,1,1,1,-1,1,-1,1,1,1,1,1,1,1,-1,1,1,1,1,-1,1,-1,1,1,1,1,1,-1,1,1,1,1,-1,1,1,-1,1,1,-1,1,1,-1,-1,1,1,1,1,-1,1,-1,1,1,1,-1,-1,1,-1,1,1,1,-1,1,-1,-1,-1,1,1,-1,-1,1,-1,-1,1,1,-1,-1,1,-1,-1,-1,1,1,-1,1,-1,-1,1,1,-1,-1,-1,1,-1,-1,1,-1,1,1,-1,1,1,-1,-1,1,-1,-1,-1,-1,1,-1,1,1,-1,1,1,-1,-1,-1,-1,1,-1,-1,-1,-1,1,-1,-1,1,1,-1,1,1,-1,1,1,1,1,-1,1,-1,1,1,1,1,-1,1,-1,-1,1,1,1,-1,1,-1,1,1,1,1,-1,1,-1,1,1,-1,-1,-1,1,-1,-1,1,1,-1,-1,-1,1,-1,1,-1,1,-1,1,-1,-1,1,-2670.0,1,2000,445,0,False
687,1,1,-1,-1,1,-1,-1,-1,1,1,1,-1,1,1,1,1,-1,1,-1,-1,-1,-1,1,1,1,-1,-1,-1,1,1,1,1,-1,-1,-1,-1,1,-1,1,1,-1,-1,-1,1,1,1,1,-1,1,1,1,1,-1,1,-1,-1,1,-1,1,1,1,-1,-1,-1,1,1,1,1,-1,-1,-1,1,1,1,1,-1,-1,-1,1,1,1,-1,-1,-1,1,1,1,1,-1,-1,-1,1,1,1,1,-1,-1,1,1,-1,1,1,-1,-1,1,1,1,1,1,-1,-1,1,1,-1,1,1,-1,-1,1,1,1,1,1,1,-1,1,1,1,-1,1,1,-1,1,1,1,1,1,1,-1,-1,1,1,1,1,1,-1,1,1,1,1,1,1,-1,-1,-1,1,1,1,1,-1,1,1,1,1,-1,1,-1,1,-1,1,1,1,-1,-1,1,1,1,1,1,-1,1,-1,-1,1,-1,1,-1,1,1,1,1,1,1,1,1,1,-1,1,-1,1,-1,1,1,-1,1,-1,1,1,-1,1,-1,1,-1,1,-1,1,1,-1,1,-1,1,1,1,1,-1,-1,1,1,-1,-1,1,-1,1,-1,-1,1,-1,1,-1,1,-1,1,-1,1,1,-1,-1,-1,1,1,-1,1,-1,1,1,1,-1,1,1,-1,-1,-1,1,-1,1,-1,1,-1,1,1,-1,1,-1,-1,-1,1,1,-1,1,-1,-1,-1,1,1,-1,-1,1,1,-1,-1,1,1,-1,1,1,-1,1,1,1,1,-1,1,-1,1,1,-1,1,-1,1,1,-1,1,1,1,1,1,-1,-1,1,-1,-1,-1,1,1,-1,1,1,1,-1,1,-1,-1,1,1,1,1,1,-1,1,1,1,-1,-1,1,-1,1,1,1,-1,1,1,-1,-1,1,1,1,-1,1,-1,1,1,1,-1,1,1,-1,1,1,1,-1,1,-1,-1,1,1,1,-1,1,-1,-1,-1,1,1,-1,1,-1,-1,1,-1,1,-1,1,1,-1,-1,1,1,1,-1,1,-1,-1,1,1,-1,1,-1,-1,-1,-1,-1,-1,1,1,-1,-1,1,1,-1,1,-1,1,-1,1,1,1,1,-1,-1,1,1,1,-1,1,-1,-1,-1,-1,1,1,1,1,-1,-1,1,1,1,1,-1,-1,1,-1,-1,1,-1,1,-1,-1,1,-1,1,1,-1,-1,1,1,-1,1,-1,1,-1,-1,1,-1,1,1,-1,-1,-1,1,-1,-1,1,1,-1,-1,1,-1,1,1,-1,1,-1,1,-1,-1,1,1,-1,-1,1,-1,1,1,-1,-1,1,1,-1,1,-1,1,-1,1,-1,1,1,-1,1,-1,1,-1,-1,1,-1,-1,-1,1,-1,-1,1,1,1,-1,1,-1,-1,1,-1,-1,1,-1,1,-1,1,-1,1,-1,1,1,-1,1,-1,1,-1,1,-1,-1,1,-1,1,1,1,1,-1,-1,1,1,-1,1,1,-1,1,1,1,1,-1,1,1,-1,1,1,1,1,1,1,1,-1,-1,-1,1,-1,-1,1,-1,1,-1,1,-1,1,-1,-1,-1,1,1,-1,1,1,-1,-1,-1,1,-1,1,1,-1,1,-1,1,-1,-1,-1,-1,-1,-1,1,-1,-1,-1,-1,-1,-1,1,-1,1,1,1,1,-1,1,-1,1,1,-1,-1,-1,1,-1,-1,1,-1,1,-1,-1,1,1,1,1,-1,-1,1,1,1,1,-1,1,-1,-1,1,1,1,-1,-1,-1,1,1,1,1,-1,1,-1,1,-1,1,-1,1,1,-1,-1,1,1,1,-1,-1,-1,1,1,1,1,1,-1,-1,-1,1,1,1,1,-1,-1,-1,1,-1,1,-1,-1,-1,1,1,1,1,1,-1,-1,-1,1,1,1,1,-1,-1,-1,1,1,-1,1,-1,-1,-1,1,1,1,1,-1,-1,1,1,1,1,-1,-1,1,1,-1,1,1,-1,-1,-1,1,1,1,1,1,-1,1,1,1,1,1,-1,-1,-1,1,-1,1,-1,-1,-1,-1,1,-1,1,1,-1,-1,-1,1,-1,1,1,-1,1,-1,1,1,1,1,-1,1,-1,1,-1,1,1,-1,-1,-1,1,1,-1,-1,-1,-1,-1,1,-1,1,-1,-1,-1,-1,-1,-1,-1,1,-1,-1,-1,1,-1,-1,1,-1,-1,-1,-1,-1,1,1,-1,-1,-1,-1,-1,1,-1,-1,-1,1,-1,-1,1,-1,1,-1,-1,-1,-1,-1,-1,-1,1,-1,-1,-1,1,1,-1,-1,-1,1,-1,-1,-1,-1,-1,1,-1,-1,1,1,1,-1,-1,-1,-1,1,-1,1,1,-1,1,-1,-1,1,1,-1,-1,-1,-1,-1,-1,1,1,-1,-1,1,-1,1,1,-1,-1,-1,1,-1,1,1,-1,-1,1,-1,-1,1,1,1,-1,1,-1,1,1,1,-1,-1,1,-1,-1,1,1,1,-1,1,-1,-1,1,1,-1,1,1,-1,-1,1,1,1,1,1,-1,-1,1,1,-1,1,1,-1,-1,1,1,1,1,1,1,-1,-1,1,1,-1,1,-1,-1,1,-1,1,1,1,1,-1,-1,1,-1,1,1,1,-1,1,-1,1,1,-1,1,-1,1,1,1,1,1,1,1,-1,-1,1,1,1,-1,1,-1,1,1,1,1,1,-1,1,-1,1,1,-1,1,1,-1,-1,1,-1,1,1,-1,-1,1,1,1,1,-1,1,-1,-1,1,1,-1,-1,1,-1,1,1,1,-1,1,-1,-1,-1,1,1,-1,-1,1,-1,-1,1,1,-1,-1,1,-1,-1,1,1,1,-1,1,-1,-1,1,1,-1,-1,-1,1,-1,-1,1,-1,1,1,-1,1,1,-1,-1,1,-1,-1,-1,1,1,-1,1,1,-1,1,1,-1,-1,1,-1,1,-1,-1,-1,-1,1,-1,-1,1,1,-1,1,1,-1,1,1,1,1,-1,1,-1,1,1,1,1,-1,1,-1,-1,1,1,1,-1,1,-1,1,1,1,1,-1,1,-1,1,1,1,-1,-1,1,-1,-1,1,1,-1,-1,-1,1,-1,1,-1,1,-1,1,-1,-1,1,-2670.0,1,2000,445,1000,False
688,1,1,-1,-1,1,1,-1,-1,1,1,1,-1,1,1,1,1,-1,1,-1,-1,-1,-1,1,1,1,-1,1,-1,1,1,1,1,-1,-1,-1,-1,1,1,1,1,-1,-1,-1,1,1,1,1,-1,1,1,1,1,-1,1,-1,-1,1,-1,1,1,1,-1,-1,-1,1,1,1,1,-1,-1,-1,1,1,1,1,-1,-1,-1,1,1,1,-1,-1,-1,1,1,1,1,-1,-1,-1,1,1,1,1,-1,-1,1,1,-1,1,1,-1,-1,1,1,1,1,1,-1,-1,1,1,-1,1,1,-1,-1,1,1,1,1,1,1,-1,1,1,1,-1,1,1,-1,1,1,1,1,1,1,-1,-1,1,1,1,1,1,-1,1,1,1,1,1,1,-1,-1,-1,1,1,1,1,-1,1,1,1,1,-1,1,-1,1,-1,1,1,1,-1,-1,1,1,1,1,1,-1,1,-1,-1,1,-1,1,-1,1,1,1,1,1,1,1,1,1,1,1,-1,1,-1,1,1,-1,1,-1,1,1,-1,1,-1,1,-1,1,-1,1,1,-1,1,-1,1,1,1,1,-1,-1,1,1,-1,-1,1,-1,1,-1,-1,1,-1,1,-1,1,-1,1,-1,-1,1,-1,-1,-1,1,1,-1,1,-1,1,1,1,-1,1,1,-1,1,-1,1,-1,1,-1,1,-1,1,1,-1,1,-1,-1,-1,1,1,-1,1,-1,-1,-1,1,1,-1,-1,1,1,-1,-1,1,1,-1,1,1,-1,1,1,1,1,-1,1,-1,1,1,-1,1,-1,1,1,-1,1,1,1,1,1,-1,-1,1,-1,-1,-1,1,1,-1,1,1,1,-1,1,-1,-1,1,1,1,-1,1,-1,1,1,1,-1,-1,1,-1,1,1,1,-1,1,1,-1,-1,1,1,1,-1,1,-1,1,1,1,-1,1,1,-1,1,1,1,-1,1,-1,-1,1,1,1,-1,1,-1,-1,-1,1,1,-1,1,-1,-1,1,-1,1,-1,1,1,-1,-1,1,1,1,1,1,-1,-1,1,1,-1,1,-1,-1,-1,-1,-1,-1,1,1,-1,-1,1,1,-1,1,-1,-1,-1,1,1,1,1,-1,-1,1,1,1,-1,1,-1,-1,-1,-1,1,1,1,1,-1,-1,1,1,1,1,-1,-1,1,-1,-1,1,-1,1,-1,-1,1,-1,1,1,-1,-1,1,1,-1,1,-1,1,-1,-1,1,-1,1,1,-1,-1,-1,1,-1,-1,1,1,-1,-1,1,-1,1,1,-1,1,-1,1,-1,-1,1,1,-1,-1,1,-1,1,1,-1,-1,1,1,-1,1,-1,1,-1,1,-1,-1,1,-1,1,-1,1,-1,-1,1,-1,-1,-1,1,-1,-1,1,-1,1,-1,1,-1,-1,1,-1,-1,1,-1,1,-1,1,1,1,-1,1,1,-1,-1,-1,1,-1,1,-1,-1,1,-1,1,1,1,1,-1,-1,1,1,-1,1,1,-1,-1,1,1,1,-1,1,1,-1,1,1,1,1,1,-1,1,-1,-1,-1,1,-1,-1,1,-1,1,-1,1,-1,1,-1,-1,-1,1,1,-1,1,1,-1,-1,-1,1,-1,1,1,-1,1,-1,1,-1,-1,-1,-1,-1,-1,1,-1,-1,-1,-1,-1,-1,1,-1,1,1,1,1,-1,1,-1,1,1,-1,-1,-1,1,-1,-1,1,-1,1,-1,-1,1,1,1,1,-1,-1,1,1,1,1,-1,1,-1,-1,1,1,1,-1,-1,-1,1,1,1,1,-1,1,-1,1,-1,1,-1,1,1,-1,-1,1,1,1,-1,-1,-1,1,1,1,1,1,-1,-1,-1,1,1,1,1,-1,-1,-1,1,1,1,-1,-1,-1,1,1,1,1,1,-1,-1,-1,1,1,1,1,-1,-1,-1,1,1,-1,1,-1,-1,-1,1,1,1,1,-1,-1,1,1,1,1,-1,-1,1,1,-1,1,1,-1,-1,-1,1,1,1,1,1,-1,1,1,1,1,1,-1,-1,-1,1,-1,1,-1,-1,-1,-1,1,-1,1,1,1,-1,-1,1,-1,1,1,-1,-1,-1,1,1,1,1,-1,-1,-1,1,-1,1,1,-1,-1,-1,1,1,-1,-1,-1,-1,-1,1,-1,1,-1,-1,-1,-1,-1,-1,-1,1,-1,-1,-1,1,-1,-1,1,-1,-1,-1,-1,-1,-1,1,-1,-1,-1,-1,-1,1,-1,-1,-1,1,-1,-1,1,-1,1,-1,-1,-1,-1,-1,-1,-1,1,-1,-1,-1,1,1,1,-1,-1,1,-1,-1,-1,-1,-1,1,-1,-1,1,1,1,-1,-1,-1,-1,1,-1,1,1,-1,1,-1,-1,1,1,-1,-1,-1,-1,-1,-1,1,1,-1,-1,1,-1,1,1,-1,-1,-1,1,-1,1,1,-1,-1,1,-1,-1,1,1,1,-1,1,-1,1,1,1,-1,-1,1,-1,-1,1,1,1,-1,1,-1,-1,1,1,-1,1,1,-1,-1,1,1,-1,1,1,-1,-1,1,1,-1,1,1,-1,-1,1,1,1,1,-1,1,-1,-1,1,1,-1,1,-1,-1,1,-1,1,1,1,1,-1,-1,1,-1,1,1,1,-1,1,1,1,1,-1,1,-1,1,1,1,1,1,1,1,-1,1,1,1,1,-1,1,-1,1,1,1,1,1,-1,1,1,1,1,-1,1,1,-1,1,1,-1,1,1,-1,-1,1,1,1,1,-1,1,-1,1,1,1,-1,-1,1,-1,1,1,1,-1,1,-1,-1,-1,1,1,-1,-1,1,-1,-1,1,1,1,-1,1,-1,-1,-1,1,1,-1,1,-1,-1,1,1,-1,-1,-1,1,-1,-1,1,-1,1,1,-1,1,1,-1,-1,1,-1,-1,-1,1,1,-1,1,1,-1,1,1,-1,-1,-1,-1,1,-1,-1,-1,-1,1,-1,-1,1,1,-1,1,1,-1,1,1,1,1,-1,1,-1,1,1,1,1,-1,1,-1,-1,1,1,1,-1,1,-1,1,1,1,1,-1,1,-1,1,1,1,-1,-1,1,-1,-1,1,1,-1,-1,-1,1,-1,1,-1,1,-1,1,-1,-1,1,-2670.0,1,2000,445,1000,False
689,1,1,-1,-1,1,1,-1,-1,1,1,1,-1,-1,1,1,1,-1,1,-1,-1,-1,-1,1,1,1,-1,-1,-1,1,1,1,1,1,-1,-1,-1,1,1,1,1,-1,-1,-1,1,1,1,1,-1,1,1,1,1,-1,1,-1,-1,1,-1,1,1,1,-1,-1,-1,1,1,1,1,-1,-1,-1,1,1,1,1,-1,-1,-1,1,1,1,-1,-1,-1,1,1,1,1,-1,-1,1,1,1,1,1,-1,-1,-1,1,-1,1,1,-1,-1,1,1,1,1,1,-1,-1,-1,1,-1,1,1,-1,-1,1,1,1,1,1,1,-1,-1,1,1,-1,1,1,-1,1,1,1,1,1,1,-1,1,1,1,1,1,1,-1,1,1,1,1,1,1,-1,-1,-1,1,1,1,1,-1,1,1,1,1,-1,1,-1,1,-1,1,1,1,-1,-1,1,1,1,1,1,-1,1,-1,-1,1,-1,1,-1,1,1,1,1,1,1,1,1,1,1,1,-1,1,-1,1,1,-1,1,-1,1,1,-1,1,-1,1,-1,1,-1,1,1,-1,-1,-1,1,1,1,1,-1,-1,1,1,-1,-1,1,-1,1,-1,1,1,-1,1,-1,1,-1,1,-1,-1,1,-1,-1,-1,1,1,-1,1,-1,1,1,1,-1,1,1,-1,-1,-1,1,-1,1,-1,1,-1,1,1,-1,1,-1,-1,-1,1,1,-1,1,-1,-1,-1,1,1,-1,-1,1,1,-1,-1,1,1,-1,1,1,-1,1,1,1,1,-1,1,-1,1,1,-1,1,-1,1,-1,1,1,1,1,1,1,-1,-1,1,-1,-1,-1,1,1,-1,1,1,1,-1,1,1,1,1,1,1,1,1,-1,1,1,1,-1,-1,1,-1,1,1,1,-1,1,1,-1,-1,1,1,1,-1,1,-1,1,1,1,-1,1,1,-1,1,1,1,-1,1,1,-1,1,1,1,-1,1,1,1,-1,1,1,-1,1,1,-1,1,-1,1,-1,1,1,1,-1,1,1,1,1,1,1,-1,1,1,-1,1,1,1,-1,-1,-1,-1,1,1,1,-1,1,1,-1,1,1,-1,-1,1,1,1,1,1,-1,1,1,1,-1,1,1,1,1,-1,1,1,1,-1,1,-1,1,1,1,1,1,1,-1,-1,-1,1,-1,-1,1,1,-1,1,1,1,1,1,1,1,-1,1,-1,-1,1,-1,1,-1,1,1,1,1,1,1,-1,-1,1,-1,1,1,1,-1,1,1,1,-1,1,1,-1,-1,1,-1,1,1,1,-1,1,1,1,1,1,1,-1,1,-1,1,1,1,-1,-1,1,-1,-1,1,1,-1,-1,1,-1,1,1,1,-1,-1,1,1,-1,1,1,-1,-1,1,-1,1,1,1,1,-1,1,1,-1,-1,1,1,-1,-1,-1,1,-1,1,-1,-1,1,-1,-1,1,-1,1,-1,-1,1,-1,1,-1,1,-1,-1,1,-1,-1,1,1,1,-1,1,-1,1,-1,-1,1,1,-1,-1,-1,1,-1,-1,1,1,1,-1,1,-1,1,1,1,-1,1,1,-1,1,-1,1,-1,-1,1,-1,-1,1,1,1,-1,1,-1,-1,1,1,-1,-1,1,-1,-1,1,1,-1,-1,1,-1,-1,-1,1,1,-1,1,1,-1,-1,1,-1,-1,1,-1,1,-1,1,1,-1,-1,1,-1,-1,-1,-1,-1,1,1,1,-1,1,1,-1,-1,1,-1,1,-1,-1,-1,1,1,-1,-1,-1,1,-1,1,1,-1,1,1,1,-1,-1,1,1,-1,-1,-1,-1,1,1,-1,-1,1,-1,-1,-1,1,1,-1,-1,-1,-1,-1,1,-1,-1,1,-1,-1,-1,1,1,-1,1,-1,-1,1,1,1,-1,-1,-1,-1,-1,1,1,1,-1,-1,-1,-1,1,1,-1,-1,-1,-1,1,1,1,1,-1,-1,1,1,1,1,1,-1,-1,-1,1,1,1,-1,1,-1,1,1,1,1,-1,1,-1,-1,1,-1,1,-1,1,-1,-1,1,-1,1,-1,-1,-1,-1,1,-1,1,-1,1,-1,-1,1,-1,1,-1,1,-1,-1,1,-1,1,-1,-1,-1,-1,1,1,-1,-1,-1,-1,-1,1,-1,1,-1,-1,-1,-1,-1,-1,-1,1,-1,-1,-1,1,-1,-1,1,-1,-1,-1,-1,-1,1,1,-1,-1,-1,-1,-1,1,-1,-1,-1,1,-1,-1,1,-1,1,-1,-1,-1,-1,-1,-1,-1,1,-1,-1,-1,1,1,1,-1,-1,-1,1,-1,-1,-1,-1,1,-1,-1,1,1,1,-1,-1,-1,-1,1,-1,1,1,-1,1,-1,-1,1,1,-1,-1,-1,-1,-1,-1,1,1,-1,-1,1,-1,1,1,-1,-1,-1,1,-1,-1,1,-1,-1,1,-1,-1,1,1,1,-1,1,-1,1,1,1,-1,-1,1,-1,-1,1,1,1,-1,1,-1,-1,1,1,-1,1,1,-1,-1,1,1,1,1,1,-1,-1,1,1,1,1,1,-1,-1,1,1,1,1,-1,1,-1,-1,1,1,-1,1,-1,-1,1,-1,1,1,1,1,-1,-1,1,-1,1,1,1,-1,1,1,1,1,-1,1,-1,1,1,1,1,1,1,1,-1,1,1,1,1,-1,1,-1,1,1,1,1,1,-1,1,1,1,1,-1,1,1,-1,1,1,-1,1,1,-1,-1,1,1,1,1,-1,1,-1,1,1,1,-1,-1,1,-1,1,1,1,-1,1,-1,-1,-1,1,1,-1,-1,1,-1,-1,1,1,1,-1,1,-1,-1,1,1,1,-1,1,-1,-1,1,1,-1,-1,-1,1,-1,1,1,-1,1,1,-1,1,1,-1,-1,1,-1,-1,-1,1,1,-1,1,1,-1,1,1,-1,-1,1,-1,1,-1,-1,-1,-1,1,-1,-1,1,1,-1,1,1,-1,1,1,1,1,-1,1,-1,1,1,1,-1,-1,1,-1,-1,1,1,-1,-1,1,-1,1,1,1,-1,-1,1,-1,1,1,1,1,-1,1,-1,-1,1,1,1,-1,-1,1,-1,1,1,1,-1,1,-1,-1,1,-2670.0,1,2000,445,0,False
690,1,1,-1,-1,1,1,-1,-1,1,1,1,-1,1,1,1,1,-1,1,-1,-1,-1,-1,1,1,1,-1,-1,-1,1,1,1,1,-1,-1,-1,-1,1,1,1,1,-1,-1,-1,1,1,1,1,-1,1,1,1,1,-1,1,-1,-1,1,-1,1,1,1,-1,-1,-1,1,1,1,1,-1,-1,-1,1,1,1,1,-1,-1,-1,1,1,1,-1,-1,-1,1,1,1,1,-1,-1,1,1,1,1,1,-1,-1,-1,1,-1,1,1,-1,-1,1,1,1,1,1,-1,-1,-1,1,-1,1,1,-1,-1,1,1,1,1,1,1,-1,-1,1,1,-1,1,1,-1,1,1,1,1,1,1,-1,1,1,1,1,1,1,-1,1,1,1,1,1,1,-1,-1,-1,1,1,1,1,-1,1,1,1,1,-1,1,-1,1,-1,1,1,1,-1,-1,1,1,1,1,1,-1,1,-1,-1,1,-1,1,-1,1,1,1,1,1,1,1,1,1,1,1,-1,1,-1,1,1,-1,1,-1,1,1,-1,1,-1,1,-1,1,-1,1,1,-1,1,-1,1,1,1,1,-1,-1,1,1,-1,-1,1,-1,1,-1,-1,1,-1,1,-1,1,-1,1,-1,-1,1,-1,-1,-1,1,1,-1,1,-1,1,1,1,-1,1,-1,-1,1,-1,1,-1,1,1,1,-1,1,1,-1,1,-1,-1,-1,1,1,-1,1,-1,-1,-1,1,1,-1,-1,1,1,-1,-1,1,1,-1,1,1,-1,1,1,1,1,-1,1,-1,1,1,-1,1,-1,1,1,-1,1,1,1,1,1,-1,-1,1,-1,-1,-1,1,1,-1,1,1,1,-1,1,-1,-1,1,1,1,-1,1,-1,1,1,1,-1,-1,1,-1,1,1,1,-1,1,1,-1,-1,1,1,1,-1,1,-1,1,1,1,-1,1,1,-1,1,1,1,-1,1,-1,-1,1,1,1,-1,1,-1,-1,-1,1,1,-1,1,-1,-1,1,-1,1,-1,1,1,-1,-1,1,1,1,1,1,-1,-1,1,1,-1,1,-1,-1,-1,-1,-1,-1,1,-1,-1,-1,1,1,-1,1,-1,-1,-1,1,1,1,1,-1,-1,1,1,1,-1,1,-1,-1,-1,-1,1,1,1,1,-1,-1,1,1,1,1,-1,-1,1,-1,-1,1,-1,1,-1,-1,1,-1,1,1,-1,-1,1,1,-1,1,-1,1,-1,-1,1,-1,1,1,-1,-1,-1,1,-1,-1,1,1,-1,-1,1,-1,1,1,-1,1,-1,1,-1,-1,1,1,-1,-1,1,-1,1,1,-1,-1,1,1,-1,1,-1,1,-1,1,-1,-1,1,-1,1,-1,1,-1,-1,1,-1,-1,-1,1,-1,-1,1,-1,1,-1,1,-1,-1,1,-1,-1,1,-1,1,-1,1,1,1,-1,1,1,-1,-1,1,1,-1,1,-1,-1,1,-1,1,1,1,1,-1,-1,1,1,-1,1,1,-1,-1,1,1,1,-1,1,1,-1,1,1,1,1,-1,-1,1,-1,-1,-1,1,-1,1,1,-1,1,-1,1,-1,1,-1,-1,-1,1,1,-1,1,1,-1,-1,-1,1,-1,1,1,-1,1,-1,1,-1,-1,-1,-1,-1,-1,1,-1,-1,-1,-1,-1,-1,1,-1,1,1,1,1,-1,1,-1,1,1,-1,-1,-1,1,-1,-1,1,-1,1,-1,-1,1,1,1,1,-1,-1,1,1,1,1,-1,1,-1,-1,1,1,1,-1,-1,-1,1,1,1,1,-1,1,-1,1,-1,1,-1,1,1,-1,-1,1,1,1,-1,-1,-1,1,1,1,1,1,-1,-1,-1,1,1,1,1,-1,-1,-1,1,1,1,-1,-1,-1,1,1,1,1,1,-1,-1,-1,1,1,1,1,-1,-1,-1,1,1,-1,1,-1,-1,-1,1,1,1,1,-1,-1,1,1,1,1,-1,-1,1,1,-1,1,1,-1,-1,-1,1,1,1,1,1,-1,1,1,1,1,1,-1,-1,-1,1,-1,1,-1,-1,-1,-1,1,-1,1,1,1,-1,-1,1,-1,1,1,-1,-1,-1,1,1,1,1,-1,-1,-1,1,-1,1,1,-1,-1,-1,1,1,-1,-1,-1,-1,-1,1,-1,1,-1,-1,-1,-1,-1,-1,-1,1,-1,-1,-1,1,-1,-1,1,-1,-1,-1,-1,-1,-1,1,-1,-1,-1,-1,-1,1,-1,-1,-1,1,-1,-1,1,-1,1,-1,-1,-1,-1,-1,-1,-1,1,-1,-1,-1,1,1,-1,-1,-1,1,-1,-1,-1,-1,-1,1,-1,-1,1,1,1,-1,-1,-1,-1,1,-1,1,1,-1,1,-1,-1,1,1,-1,-1,-1,-1,-1,-1,1,1,-1,-1,1,-1,1,1,-1,-1,-1,1,-1,1,1,-1,-1,1,-1,-1,1,1,1,-1,1,-1,1,1,1,-1,-1,1,-1,-1,1,1,1,-1,1,-1,-1,1,1,-1,1,1,-1,-1,1,1,-1,1,1,-1,-1,1,1,-1,1,1,-1,-1,1,1,1,1,-1,1,-1,-1,1,1,-1,1,-1,-1,1,-1,1,1,1,1,-1,-1,1,-1,1,1,1,-1,1,1,1,1,-1,1,-1,1,1,1,1,1,1,1,-1,1,1,1,1,-1,1,-1,1,1,1,1,1,-1,1,1,1,1,-1,1,1,-1,1,1,-1,1,1,-1,-1,1,1,1,1,-1,1,-1,1,1,1,-1,-1,1,-1,1,1,1,-1,1,-1,-1,-1,1,1,-1,-1,1,-1,-1,1,1,-1,-1,1,-1,-1,1,1,1,-1,1,-1,-1,1,1,-1,-1,-1,1,-1,1,1,-1,1,1,-1,1,1,-1,-1,1,-1,-1,-1,1,1,-1,1,1,-1,1,1,-1,-1,-1,-1,1,-1,-1,-1,-1,1,-1,-1,1,1,-1,1,1,-1,1,1,1,1,-1,1,-1,1,1,1,-1,-1,1,-1,-1,-1,1,-1,1,1,-1,1,1,1,-1,-1,1,-1,1,1,1,1,-1,1,-1,-1,1,1,1,-1,1,1,-1,1,1,1,-1,1,-1,-1,1,-2670.0,1,2000,445,1000,False
691,1,1,-1,-1,1,-1,-1,-1,1,1,1,-1,1,1,1,1,-1,1,-1,-1,-1,-1,1,1,1,-1,1,-1,1,1,1,1,1,-1,-1,-1,1,-1,1,1,-1,-1,-1,1,1,1,1,-1,1,1,1,1,-1,1,-1,-1,1,-1,1,1,-1,-1,-1,-1,1,1,1,1,-1,-1,-1,1,1,1,1,-1,-1,-1,1,1,1,-1,-1,-1,1,1,1,1,-1,-1,-1,1,1,1,1,-1,-1,1,1,-1,1,1,-1,-1,1,1,1,1,1,-1,-1,1,1,-1,1,1,-1,-1,1,1,1,1,1,1,-1,-1,1,1,-1,1,1,-1,1,1,1,1,1,1,-1,-1,1,1,1,1,1,-1,1,1,1,1,1,1,-1,-1,-1,1,1,1,1,-1,1,1,1,1,-1,1,-1,1,-1,1,1,1,-1,-1,1,1,1,1,1,-1,1,-1,-1,1,-1,1,-1,1,1,1,1,1,1,1,1,1,-1,1,-1,1,-1,1,1,-1,1,-1,1,1,-1,1,-1,1,-1,1,-1,1,1,-1,-1,-1,1,1,1,1,-1,-1,1,1,-1,-1,1,-1,1,-1,-1,1,-1,1,-1,1,-1,1,-1,1,1,-1,-1,-1,1,1,-1,1,-1,1,1,1,-1,1,1,-1,1,-1,1,-1,1,-1,1,-1,1,1,-1,1,-1,-1,-1,1,1,-1,1,-1,-1,-1,1,1,-1,-1,1,1,-1,-1,1,1,-1,1,1,-1,1,1,1,1,-1,1,-1,1,1,-1,1,-1,1,1,-1,1,1,1,1,1,-1,-1,1,-1,-1,-1,1,1,-1,1,1,1,-1,1,-1,-1,1,1,1,-1,1,-1,1,1,1,-1,-1,1,-1,1,1,1,-1,1,1,-1,-1,1,1,1,-1,1,-1,1,1,1,-1,1,1,-1,1,1,1,-1,1,-1,-1,1,1,1,-1,1,-1,-1,-1,1,1,-1,1,-1,-1,1,-1,1,-1,1,1,-1,-1,1,1,1,-1,1,-1,-1,1,1,-1,1,-1,-1,-1,-1,-1,-1,1,1,-1,-1,1,1,-1,1,-1,-1,-1,1,1,1,1,-1,-1,1,1,1,-1,1,-1,-1,-1,-1,1,1,1,1,-1,-1,1,1,1,1,-1,-1,1,-1,-1,1,-1,1,-1,-1,1,-1,1,-1,-1,-1,1,1,-1,1,-1,1,-1,-1,1,-1,1,1,-1,-1,-1,1,-1,-1,1,1,-1,-1,1,-1,1,1,-1,1,-1,1,-1,-1,1,1,-1,-1,1,-1,1,1,-1,-1,1,1,-1,1,-1,1,-1,1,-1,-1,1,-1,1,-1,1,-1,-1,1,-1,-1,-1,1,-1,-1,1,-1,1,-1,1,-1,-1,1,-1,-1,1,-1,1,-1,1,1,1,-1,1,1,-1,-1,1,1,-1,1,-1,-1,1,-1,1,1,1,1,-1,-1,1,1,-1,1,1,-1,-1,1,1,1,-1,1,1,-1,1,1,1,1,1,1,1,-1,-1,-1,1,-1,1,1,-1,1,-1,1,-1,1,-1,-1,-1,1,1,-1,1,1,-1,-1,-1,1,-1,1,1,-1,1,-1,1,-1,-1,-1,-1,-1,-1,1,-1,-1,-1,-1,-1,-1,1,-1,1,1,1,1,-1,1,-1,1,1,-1,-1,-1,1,-1,-1,1,-1,1,-1,-1,1,1,1,1,-1,-1,1,1,1,1,-1,1,-1,-1,1,1,1,-1,-1,-1,1,1,1,1,-1,1,-1,1,-1,1,-1,1,1,-1,-1,1,1,1,-1,-1,-1,-1,1,1,1,1,-1,-1,-1,1,1,1,1,-1,-1,-1,1,1,1,-1,-1,-1,-1,1,1,1,1,-1,-1,1,1,1,1,1,-1,-1,-1,1,1,-1,1,-1,-1,-1,1,1,1,1,-1,-1,1,1,1,1,-1,-1,1,1,-1,1,1,-1,-1,-1,1,1,1,1,1,-1,1,1,1,1,1,-1,-1,-1,1,-1,1,-1,-1,-1,-1,1,-1,1,1,1,-1,-1,1,-1,1,1,-1,1,-1,1,1,1,1,-1,1,-1,1,-1,1,1,-1,-1,-1,1,1,-1,-1,-1,-1,-1,1,-1,1,-1,-1,-1,-1,-1,-1,-1,1,-1,-1,-1,1,-1,-1,1,-1,-1,-1,-1,-1,1,1,-1,-1,-1,-1,-1,1,-1,-1,-1,1,-1,-1,1,-1,1,-1,-1,-1,-1,-1,-1,-1,1,-1,-1,-1,1,1,1,-1,-1,1,1,-1,-1,-1,-1,1,-1,-1,1,1,1,-1,-1,-1,-1,1,-1,1,1,-1,1,-1,-1,1,1,-1,-1,-1,-1,-1,-1,1,1,-1,-1,1,-1,1,1,-1,-1,-1,1,-1,1,1,-1,-1,1,-1,-1,1,1,1,-1,1,-1,1,1,1,-1,-1,1,-1,-1,1,1,1,-1,1,-1,-1,1,1,-1,1,1,-1,-1,1,1,1,1,1,-1,-1,1,1,1,1,1,-1,-1,1,1,1,1,1,1,-1,-1,1,1,-1,1,-1,-1,1,-1,1,1,1,1,-1,-1,1,-1,1,1,1,-1,1,1,1,1,-1,1,-1,1,1,1,1,1,1,1,-1,1,1,1,1,-1,1,-1,1,1,1,1,1,-1,1,1,1,1,-1,1,1,-1,1,1,-1,1,1,-1,-1,1,1,1,1,-1,1,-1,1,1,1,-1,-1,1,-1,1,1,1,-1,1,-1,-1,-1,1,1,-1,-1,1,-1,-1,1,1,1,-1,1,-1,-1,1,1,1,-1,1,-1,-1,1,1,-1,-1,-1,1,-1,-1,1,-1,1,1,-1,1,1,-1,-1,1,1,-1,-1,1,1,-1,1,1,-1,1,1,-1,-1,-1,-1,1,-1,-1,-1,-1,1,-1,-1,1,1,-1,1,1,-1,1,1,1,1,-1,1,-1,1,1,1,1,-1,1,-1,1,-1,1,1,-1,1,-1,-1,1,1,1,-1,1,-1,1,1,1,-1,-1,1,-1,-1,1,1,-1,-1,-1,1,-1,1,-1,1,-1,1,-1,-1,1,-2670.0,1,2000,445,1000,False
692,1,1,-1,-1,1,-1,-1,-1,1,1,1,-1,1,1,1,1,-1,1,-1,-1,1,-1,1,1,1,-1,1,-1,1,1,1,1,1,-1,-1,-1,1,-1,1,1,-1,-1,-1,1,1,1,1,-1,1,1,1,1,-1,1,-1,-1,1,-1,1,1,1,-1,-1,-1,1,1,1,1,-1,-1,-1,1,1,1,1,-1,-1,-1,1,1,1,-1,-1,-1,1,1,1,1,-1,-1,-1,1,1,1,1,-1,-1,1,1,-1,1,1,-1,-1,1,1,1,1,1,-1,-1,1,1,1,1,1,-1,-1,1,1,1,1,1,1,-1,1,1,1,-1,1,1,-1,1,1,1,1,1,1,-1,-1,1,1,1,1,1,-1,1,1,1,1,1,1,-1,-1,-1,1,1,1,1,-1,1,1,1,1,-1,1,-1,1,-1,1,1,1,-1,-1,1,1,1,1,1,-1,1,-1,-1,1,-1,1,-1,1,1,1,1,1,1,1,1,1,-1,1,-1,1,-1,1,1,-1,1,-1,1,1,-1,1,-1,1,-1,1,-1,1,1,-1,1,-1,1,1,1,1,-1,-1,1,1,-1,-1,1,-1,1,-1,-1,1,-1,1,-1,1,-1,1,-1,-1,1,-1,-1,-1,1,1,-1,1,-1,1,1,1,-1,1,1,-1,1,-1,1,-1,1,-1,1,-1,1,1,-1,1,-1,-1,-1,1,1,-1,1,-1,-1,-1,1,1,-1,-1,1,1,-1,-1,1,1,-1,1,1,-1,1,1,1,1,-1,1,-1,1,1,-1,1,-1,1,1,1,1,1,1,1,1,-1,-1,1,-1,-1,1,1,1,-1,1,1,1,-1,1,1,1,1,1,1,1,1,-1,1,1,1,-1,1,1,-1,1,1,1,-1,1,1,-1,-1,1,1,1,-1,1,-1,1,1,1,-1,1,1,-1,1,1,1,-1,1,1,-1,1,1,1,-1,1,1,1,-1,1,1,-1,1,1,-1,1,-1,1,-1,1,1,1,-1,1,1,1,-1,1,1,-1,1,1,-1,1,-1,1,-1,-1,-1,-1,1,1,1,-1,1,1,-1,1,1,-1,-1,1,1,1,1,1,-1,1,1,1,-1,1,1,1,1,-1,1,1,1,-1,1,-1,1,1,1,1,1,1,-1,-1,-1,1,-1,-1,1,1,-1,1,1,-1,1,1,1,1,-1,1,-1,-1,1,-1,1,-1,1,1,1,1,1,1,-1,-1,1,-1,1,1,1,-1,1,1,1,-1,1,1,-1,-1,1,-1,1,1,1,-1,1,1,1,1,1,1,-1,1,-1,1,1,1,-1,-1,1,-1,1,1,1,-1,-1,1,-1,1,1,1,-1,-1,1,-1,-1,1,1,-1,-1,1,-1,1,1,1,1,-1,1,-1,-1,1,1,1,-1,-1,-1,-1,1,1,-1,-1,1,-1,-1,1,-1,1,-1,-1,1,-1,1,-1,1,-1,-1,1,-1,-1,1,1,1,-1,1,-1,1,-1,-1,1,1,-1,-1,-1,1,-1,-1,1,1,1,-1,1,-1,1,1,1,-1,1,1,-1,1,-1,1,-1,-1,1,-1,-1,1,1,1,-1,1,-1,-1,1,1,-1,-1,1,-1,-1,1,1,-1,-1,1,-1,-1,-1,1,1,-1,1,-1,-1,-1,1,-1,-1,1,-1,1,-1,1,1,-1,-1,1,-1,-1,-1,-1,-1,1,1,1,-1,-1,1,-1,-1,1,-1,-1,1,-1,-1,1,1,-1,-1,1,-1,-1,1,1,-1,1,-1,1,-1,-1,1,1,-1,-1,-1,-1,-1,1,-1,-1,1,-1,-1,-1,1,1,-1,-1,-1,-1,-1,1,-1,-1,-1,-1,-1,1,1,1,-1,-1,-1,-1,-1,1,1,-1,-1,-1,-1,-1,1,1,1,-1,-1,-1,-1,1,1,-1,-1,-1,-1,1,1,1,1,-1,-1,1,1,1,1,1,-1,-1,-1,1,1,1,-1,1,-1,1,1,1,1,-1,1,-1,-1,1,-1,1,-1,1,-1,-1,1,-1,1,-1,-1,-1,-1,1,-1,1,-1,1,1,-1,1,-1,1,-1,1,1,-1,1,-1,1,-1,-1,-1,-1,1,1,-1,-1,-1,-1,-1,1,-1,1,-1,-1,-1,-1,-1,-1,-1,1,-1,-1,-1,1,-1,-1,1,-1,-1,-1,-1,-1,-1,1,-1,-1,-1,-1,-1,1,-1,-1,-1,1,-1,-1,1,-1,1,-1,-1,-1,-1,-1,-1,-1,1,-1,-1,-1,1,1,-1,-1,-1,1,1,-1,-1,-1,-1,1,-1,-1,1,-1,1,-1,-1,-1,-1,1,-1,1,1,-1,1,-1,-1,1,1,-1,-1,-1,-1,-1,-1,1,1,-1,-1,1,-1,1,1,-1,-1,-1,1,-1,-1,1,-1,-1,1,-1,-1,1,1,1,-1,1,-1,1,1,1,-1,-1,1,-1,-1,1,-1,1,-1,1,-1,-1,1,1,-1,1,1,-1,-1,1,1,-1,1,1,-1,-1,1,1,1,1,1,-1,-1,1,1,1,1,-1,1,-1,-1,1,1,-1,1,-1,-1,1,-1,1,1,1,1,-1,-1,1,-1,1,1,1,-1,1,1,1,1,-1,1,-1,1,1,1,1,1,1,1,-1,1,1,1,1,-1,1,-1,1,1,1,1,1,-1,1,1,1,1,-1,1,1,-1,1,1,-1,1,1,-1,-1,1,1,1,1,-1,1,-1,1,1,1,-1,-1,1,-1,1,1,1,-1,1,-1,-1,-1,1,1,-1,-1,1,-1,-1,1,1,-1,-1,1,-1,-1,1,1,1,-1,1,-1,-1,1,1,-1,-1,-1,1,-1,-1,1,-1,1,1,-1,1,1,-1,-1,1,1,-1,-1,1,1,-1,1,1,-1,1,1,-1,-1,-1,-1,1,-1,-1,-1,-1,-1,-1,-1,1,1,-1,1,1,-1,1,1,1,1,-1,1,-1,1,1,1,1,-1,1,-1,-1,1,1,1,-1,1,-1,1,1,1,1,-1,1,-1,1,1,-1,-1,-1,1,-1,-1,1,1,-1,-1,-1,1,-1,1,-1,1,-1,1,-1,-1,1,-2670.0,1,2000,445,1000,False
693,1,1,-1,-1,1,1,-1,-1,1,1,1,-1,-1,1,1,1,-1,1,-1,-1,-1,-1,1,1,1,-1,-1,-1,1,1,1,1,1,-1,-1,-1,1,-1,1,1,-1,-1,-1,1,1,1,-1,-1,1,1,1,1,-1,1,-1,-1,1,-1,1,1,1,-1,-1,-1,1,1,1,-1,-1,-1,-1,1,1,1,1,-1,-1,-1,1,1,1,-1,-1,-1,1,1,1,1,-1,-1,-1,1,1,1,1,-1,-1,1,1,-1,1,1,-1,-1,1,1,1,1,1,-1,-1,1,1,1,1,1,-1,-1,1,1,1,1,1,1,-1,1,1,1,-1,1,1,-1,1,1,1,1,1,1,-1,-1,1,1,1,1,1,-1,1,1,1,1,1,1,-1,-1,-1,1,1,1,1,-1,1,1,1,1,-1,1,-1,1,-1,1,1,1,-1,-1,1,1,1,1,1,-1,1,-1,-1,1,-1,1,-1,1,1,1,1,1,1,-1,1,1,1,1,-1,1,1,-1,1,-1,1,-1,1,-1,-1,1,-1,1,-1,1,-1,1,1,-1,1,-1,1,1,1,1,-1,-1,1,1,-1,-1,1,-1,1,-1,1,1,-1,1,-1,1,-1,1,-1,1,1,-1,1,-1,1,-1,1,1,-1,1,1,1,1,1,1,-1,1,-1,-1,1,1,-1,1,-1,1,-1,1,1,-1,-1,-1,1,1,1,1,-1,-1,-1,1,1,-1,1,1,1,-1,-1,1,1,1,1,1,-1,1,1,-1,1,-1,1,-1,1,1,1,1,-1,1,1,1,1,1,1,1,1,-1,-1,1,-1,1,-1,1,1,-1,1,1,1,-1,1,1,1,1,1,1,-1,1,-1,1,1,1,1,-1,1,-1,1,1,1,-1,1,1,-1,-1,1,1,-1,1,1,-1,1,1,1,1,1,1,-1,1,1,1,1,1,1,-1,1,1,1,1,1,1,1,-1,1,1,1,1,1,-1,1,-1,1,-1,1,1,1,-1,1,1,1,1,1,1,-1,1,1,1,-1,-1,1,-1,-1,-1,-1,1,1,1,-1,1,1,-1,1,1,-1,-1,1,1,1,1,1,-1,1,1,1,-1,1,1,1,-1,-1,1,1,1,-1,1,-1,1,-1,1,1,1,1,-1,-1,-1,1,-1,-1,1,-1,1,-1,1,1,1,1,1,-1,-1,1,-1,-1,1,-1,1,-1,1,-1,1,1,1,1,-1,-1,1,-1,1,1,-1,-1,1,1,1,-1,1,-1,-1,1,-1,-1,1,1,-1,-1,-1,-1,1,1,-1,1,-1,1,-1,1,1,-1,-1,1,-1,1,1,1,-1,-1,-1,-1,-1,1,1,1,-1,1,-1,1,-1,1,-1,-1,-1,1,-1,1,1,1,-1,-1,-1,-1,-1,1,-1,-1,-1,-1,1,-1,1,-1,-1,-1,1,-1,-1,1,-1,-1,-1,-1,-1,-1,1,-1,-1,-1,-1,-1,-1,-1,1,1,1,-1,1,-1,1,-1,1,1,1,-1,-1,-1,1,-1,-1,1,1,1,-1,1,-1,1,1,1,-1,1,1,-1,1,-1,1,-1,-1,1,-1,-1,1,1,1,-1,1,-1,-1,1,1,-1,-1,1,-1,-1,1,1,-1,-1,1,-1,-1,-1,1,1,-1,1,-1,-1,-1,1,-1,-1,1,-1,1,-1,1,1,-1,-1,1,-1,-1,-1,-1,-1,1,1,1,-1,-1,1,-1,-1,1,-1,-1,1,-1,-1,-1,1,-1,-1,1,-1,-1,1,1,-1,1,-1,-1,-1,-1,1,1,-1,-1,-1,-1,-1,1,-1,-1,1,-1,-1,-1,1,1,-1,-1,-1,-1,-1,1,-1,-1,-1,-1,-1,1,1,1,-1,-1,-1,-1,-1,1,1,-1,-1,-1,-1,-1,1,1,1,-1,-1,-1,-1,1,1,-1,-1,-1,-1,1,1,1,1,1,-1,1,1,1,1,1,1,-1,-1,1,1,1,1,1,-1,1,1,1,1,-1,1,-1,-1,1,-1,1,-1,1,-1,-1,1,-1,1,-1,1,-1,-1,1,-1,1,-1,1,1,-1,1,-1,1,1,1,1,-1,1,-1,1,1,1,-1,-1,1,1,-1,1,1,-1,-1,1,-1,1,-1,1,-1,-1,-1,-1,-1,1,1,-1,-1,1,-1,-1,1,1,-1,-1,-1,-1,1,-1,1,-1,-1,-1,-1,1,1,-1,-1,1,-1,-1,1,-1,1,-1,-1,-1,-1,-1,1,1,1,-1,-1,-1,1,1,1,-1,-1,-1,1,-1,-1,1,-1,1,-1,-1,1,1,1,-1,-1,-1,-1,1,-1,1,1,-1,1,-1,-1,1,1,-1,-1,-1,-1,-1,-1,1,1,-1,-1,1,-1,1,1,-1,-1,-1,1,-1,1,1,-1,-1,1,1,-1,1,1,1,-1,1,-1,1,1,1,-1,-1,1,-1,-1,1,1,1,1,-1,-1,-1,1,1,1,-1,1,-1,-1,1,1,1,1,-1,1,-1,1,1,1,1,1,-1,-1,1,1,1,1,1,-1,-1,1,1,1,1,-1,-1,-1,1,-1,1,1,1,-1,-1,-1,1,-1,1,1,-1,-1,1,1,1,1,1,-1,-1,1,1,1,1,1,-1,-1,-1,1,1,1,1,-1,1,-1,1,1,1,-1,-1,1,-1,1,1,1,-1,-1,1,-1,1,1,-1,1,-1,-1,1,-1,1,1,1,-1,-1,-1,1,1,1,-1,-1,-1,1,1,1,1,-1,1,-1,-1,-1,1,1,-1,1,-1,-1,1,1,1,1,-1,1,-1,1,1,1,1,-1,1,-1,1,1,1,-1,-1,1,1,1,1,1,-1,1,-1,-1,1,1,-1,-1,1,-1,-1,1,1,1,-1,1,1,1,1,1,-1,-1,-1,-1,-1,1,-1,-1,-1,1,-1,1,-1,1,-1,1,1,-1,1,1,1,1,-1,1,-1,1,1,1,1,-1,1,-1,1,1,1,1,-1,1,-1,1,1,1,1,-1,1,-1,1,1,1,-1,-1,1,-1,-1,1,1,-1,-1,-1,1,-1,1,-1,1,-1,1,-1,-1,1,-2670.0,1,2000,445,1000,False
694,1,1,-1,-1,1,1,-1,-1,1,1,1,-1,-1,1,1,1,-1,1,1,-1,-1,-1,1,1,1,1,-1,-1,1,1,1,1,-1,-1,-1,-1,1,1,1,1,-1,-1,-1,1,1,1,1,-1,1,1,1,1,-1,1,-1,-1,1,-1,1,1,1,-1,-1,-1,1,1,1,1,-1,-1,-1,1,1,1,1,-1,-1,-1,1,1,1,-1,-1,-1,1,1,1,1,-1,-1,-1,1,1,1,1,-1,-1,1,1,-1,1,1,-1,-1,1,1,1,1,1,-1,-1,1,1,1,1,1,-1,-1,1,1,1,1,1,1,-1,-1,1,1,-1,1,1,-1,1,1,1,1,1,1,-1,-1,1,1,1,1,1,-1,1,1,1,1,1,1,-1,-1,-1,1,1,1,1,-1,1,1,1,1,-1,1,-1,1,-1,1,1,1,-1,-1,1,1,1,1,1,-1,1,-1,-1,1,1,1,-1,1,1,1,1,-1,1,1,1,1,-1,1,-1,1,-1,1,1,-1,1,-1,1,1,-1,1,-1,1,-1,1,-1,1,1,-1,1,-1,1,1,1,1,-1,-1,1,1,-1,-1,1,-1,1,-1,1,1,-1,1,-1,1,-1,1,-1,1,1,-1,-1,1,-1,1,-1,1,-1,1,1,1,-1,1,1,-1,1,-1,1,-1,1,-1,1,-1,1,1,-1,1,-1,-1,-1,-1,1,-1,1,-1,-1,-1,1,1,-1,-1,1,1,-1,1,1,1,-1,1,1,-1,1,1,1,1,-1,1,-1,1,1,-1,1,-1,1,-1,1,-1,1,1,1,1,-1,-1,1,-1,-1,-1,1,1,-1,1,1,1,-1,1,1,1,1,1,1,1,1,-1,1,1,1,-1,1,1,-1,1,1,1,-1,1,1,-1,-1,1,1,1,-1,1,-1,1,1,1,-1,1,1,-1,1,1,1,-1,1,1,-1,1,1,1,-1,1,1,-1,-1,1,1,-1,1,1,-1,1,-1,1,-1,1,1,1,-1,1,1,1,-1,1,1,-1,1,1,-1,1,1,1,-1,-1,-1,-1,1,1,1,-1,1,1,-1,1,1,-1,-1,1,1,1,1,1,-1,1,1,1,-1,1,1,1,1,-1,1,1,-1,-1,1,-1,1,-1,1,-1,1,1,-1,-1,-1,1,-1,-1,1,-1,1,-1,1,-1,1,1,1,1,-1,1,-1,-1,1,-1,1,-1,1,-1,1,1,1,1,-1,-1,1,-1,1,1,-1,-1,1,1,1,-1,1,1,-1,1,-1,-1,1,1,-1,-1,-1,-1,1,1,-1,1,-1,1,-1,1,1,-1,-1,1,1,1,1,1,-1,-1,-1,1,-1,1,1,1,-1,1,-1,1,-1,1,-1,-1,-1,1,-1,1,1,-1,1,-1,1,-1,-1,1,-1,-1,-1,-1,-1,-1,1,-1,-1,-1,1,-1,-1,1,-1,-1,-1,-1,1,-1,1,-1,-1,1,-1,1,-1,-1,1,1,1,-1,1,-1,1,-1,1,-1,1,-1,-1,-1,1,-1,-1,-1,1,1,-1,1,-1,1,1,1,-1,1,1,-1,1,-1,1,-1,-1,1,-1,-1,1,1,1,-1,1,-1,-1,1,1,-1,-1,1,-1,-1,1,1,-1,-1,1,-1,-1,-1,1,1,-1,1,1,-1,-1,1,-1,-1,1,-1,1,-1,1,1,-1,-1,1,-1,-1,-1,-1,-1,1,1,1,-1,-1,1,-1,-1,1,-1,-1,1,-1,-1,1,1,-1,-1,1,-1,-1,1,1,-1,1,-1,1,-1,-1,1,1,-1,-1,-1,-1,-1,1,-1,-1,1,-1,-1,-1,1,1,-1,-1,-1,-1,-1,1,-1,-1,-1,-1,-1,1,1,1,-1,-1,-1,-1,-1,1,1,-1,-1,-1,-1,-1,1,1,1,-1,-1,-1,-1,1,1,-1,-1,-1,-1,1,-1,1,1,1,-1,1,1,-1,1,1,1,-1,-1,1,1,1,1,-1,-1,1,1,1,1,-1,1,-1,-1,1,-1,1,-1,1,-1,-1,1,-1,1,1,1,-1,-1,1,-1,1,-1,1,-1,-1,1,-1,1,1,1,-1,1,-1,1,1,1,1,-1,-1,1,-1,-1,1,1,-1,-1,1,-1,1,-1,1,-1,-1,1,1,-1,1,1,-1,-1,1,-1,-1,1,1,-1,-1,-1,1,1,-1,1,-1,-1,-1,-1,1,-1,-1,-1,1,-1,-1,1,-1,1,-1,-1,-1,-1,-1,-1,1,1,-1,-1,-1,1,1,1,-1,-1,-1,1,-1,-1,1,-1,1,-1,-1,1,1,1,-1,-1,-1,-1,1,-1,1,1,-1,1,-1,-1,1,1,-1,-1,-1,-1,-1,-1,1,1,-1,-1,1,-1,1,1,-1,-1,-1,1,-1,1,1,-1,-1,1,-1,-1,1,1,1,-1,1,-1,1,1,1,-1,-1,1,-1,-1,1,1,1,-1,1,-1,-1,1,1,-1,1,1,-1,-1,1,1,-1,1,1,-1,-1,1,1,-1,1,1,-1,-1,1,1,1,1,1,1,-1,1,1,-1,1,1,-1,-1,1,-1,1,1,1,1,-1,-1,1,-1,1,1,1,-1,1,1,1,1,-1,1,-1,1,1,1,1,1,1,1,-1,1,1,1,1,-1,1,-1,1,1,1,1,1,-1,1,1,1,1,-1,1,1,-1,1,1,-1,1,1,-1,-1,1,1,1,1,-1,1,-1,1,1,1,-1,-1,1,-1,1,1,1,-1,1,-1,-1,-1,1,1,-1,-1,1,-1,-1,1,1,-1,-1,1,-1,1,1,1,1,-1,1,-1,-1,1,1,-1,-1,-1,1,1,1,1,-1,1,1,-1,1,1,-1,-1,1,1,-1,-1,1,1,-1,1,1,1,1,1,-1,-1,-1,-1,-1,-1,-1,-1,-1,-1,1,1,1,1,-1,1,1,-1,1,1,1,1,-1,1,-1,1,1,1,1,-1,1,-1,1,1,1,1,-1,1,-1,1,1,1,1,-1,1,-1,1,1,1,-1,-1,1,-1,1,1,1,-1,-1,-1,1,-1,1,1,1,-1,1,-1,1,1,-2670.0,1,2000,445,500,False
695,1,1,-1,-1,1,1,-1,-1,1,1,1,-1,1,1,1,1,-1,1,-1,-1,-1,-1,1,1,1,-1,-1,-1,1,1,1,1,-1,-1,-1,-1,1,1,1,1,-1,-1,-1,1,1,1,1,-1,1,1,1,1,-1,1,-1,-1,1,-1,1,1,1,-1,-1,-1,1,1,1,1,-1,-1,-1,1,1,1,1,-1,-1,-1,1,1,1,-1,-1,-1,1,1,1,1,-1,-1,1,1,1,1,1,-1,-1,-1,1,-1,1,1,-1,-1,1,1,1,1,1,-1,-1,-1,1,-1,1,1,-1,-1,1,1,1,1,1,1,-1,-1,1,1,-1,1,1,-1,1,1,1,1,1,1,-1,1,1,1,1,1,1,-1,1,1,1,1,1,1,-1,-1,-1,1,1,1,1,-1,1,1,1,1,-1,1,-1,1,-1,1,1,1,-1,-1,1,1,1,1,1,-1,1,-1,-1,1,-1,1,-1,1,1,1,1,1,1,1,1,1,-1,1,-1,1,-1,1,1,-1,1,-1,1,1,-1,1,-1,1,-1,1,-1,1,1,-1,1,-1,1,1,1,1,-1,-1,1,1,-1,-1,1,-1,1,-1,-1,1,-1,1,-1,1,-1,1,-1,-1,1,-1,-1,-1,1,1,-1,1,-1,1,1,1,-1,1,1,-1,1,-1,1,-1,1,-1,1,-1,1,1,-1,1,-1,-1,-1,1,1,-1,1,-1,-1,-1,1,1,-1,-1,1,1,-1,-1,1,1,-1,1,1,-1,1,1,1,1,-1,1,-1,1,1,-1,1,-1,1,1,1,1,1,1,1,1,-1,-1,1,-1,-1,1,1,1,-1,1,1,1,-1,1,1,1,1,1,1,1,1,-1,1,1,1,-1,1,1,-1,1,1,1,-1,1,1,-1,-1,1,1,1,-1,1,-1,1,1,1,-1,1,1,-1,1,1,1,-1,1,1,-1,1,1,1,-1,1,1,-1,-1,1,1,-1,1,1,-1,1,-1,1,-1,1,1,1,-1,1,1,1,-1,1,1,-1,1,1,-1,1,1,1,-1,-1,-1,-1,1,1,1,-1,1,1,-1,1,1,-1,-1,1,1,1,1,1,-1,1,1,1,-1,1,1,1,-1,-1,1,1,1,-1,1,-1,1,1,1,-1,1,1,-1,-1,-1,1,-1,-1,1,1,-1,1,1,-1,1,1,1,1,-1,1,-1,-1,1,-1,1,-1,1,1,1,1,1,1,-1,-1,1,-1,1,1,1,-1,1,1,1,-1,1,1,-1,-1,1,-1,1,1,1,-1,1,1,1,1,1,1,-1,1,-1,1,1,1,-1,1,1,-1,1,1,1,-1,-1,1,-1,1,1,1,-1,-1,1,-1,-1,1,1,-1,-1,1,-1,1,1,1,1,-1,1,1,-1,1,1,1,-1,1,-1,-1,1,1,-1,-1,1,-1,-1,1,-1,1,-1,-1,1,-1,1,-1,1,-1,1,1,-1,-1,1,1,1,-1,1,-1,1,-1,1,-1,1,-1,-1,-1,1,-1,-1,-1,1,1,-1,1,-1,1,1,1,-1,1,1,-1,-1,-1,1,-1,-1,1,-1,-1,1,1,1,-1,1,-1,-1,1,1,-1,-1,1,-1,-1,1,1,-1,-1,1,-1,-1,-1,1,1,-1,1,-1,-1,-1,1,-1,-1,1,-1,1,-1,1,1,-1,-1,1,-1,-1,-1,-1,-1,1,1,1,-1,-1,1,-1,-1,1,-1,-1,1,-1,-1,1,1,-1,-1,1,1,-1,1,1,-1,1,-1,1,-1,-1,1,1,-1,-1,-1,-1,-1,1,-1,-1,1,-1,-1,-1,1,1,-1,-1,-1,-1,-1,1,-1,-1,-1,-1,-1,1,1,1,-1,-1,-1,-1,-1,1,1,-1,-1,-1,-1,-1,1,1,1,-1,-1,-1,-1,1,1,-1,-1,-1,-1,1,1,1,1,-1,-1,1,1,1,1,1,-1,-1,-1,1,1,1,1,1,-1,1,1,1,1,-1,1,-1,-1,1,-1,1,-1,1,-1,-1,1,-1,1,-1,-1,-1,-1,1,-1,1,-1,1,-1,-1,1,-1,1,-1,1,-1,-1,1,-1,1,-1,-1,-1,-1,1,1,-1,-1,-1,-1,-1,1,-1,1,-1,-1,-1,-1,-1,-1,-1,1,-1,-1,-1,1,-1,-1,1,-1,-1,-1,-1,-1,-1,1,-1,-1,-1,-1,-1,1,-1,-1,-1,1,-1,-1,1,-1,1,-1,-1,-1,-1,-1,-1,-1,1,-1,-1,-1,1,1,-1,-1,-1,1,1,-1,-1,-1,-1,1,-1,-1,1,-1,1,-1,-1,-1,-1,1,-1,1,1,-1,1,-1,-1,1,1,-1,-1,-1,-1,-1,-1,1,1,-1,-1,1,-1,1,1,-1,-1,-1,1,-1,1,1,-1,-1,1,-1,-1,1,1,1,-1,1,-1,1,1,1,-1,-1,1,-1,-1,1,1,1,-1,1,-1,-1,1,1,-1,1,1,-1,-1,1,1,-1,1,1,-1,-1,1,1,-1,1,1,-1,-1,1,1,1,1,-1,1,-1,-1,1,1,1,1,-1,-1,1,-1,1,1,1,1,-1,-1,1,-1,1,1,1,-1,1,-1,1,1,-1,1,-1,1,1,1,1,1,1,1,-1,-1,1,1,1,-1,1,-1,1,1,1,1,1,-1,1,-1,1,1,-1,1,1,-1,-1,1,-1,1,1,-1,-1,1,1,1,1,-1,1,-1,-1,1,1,-1,-1,1,-1,1,1,1,-1,1,-1,-1,-1,1,1,-1,-1,1,-1,-1,1,1,-1,-1,1,-1,-1,1,1,1,-1,1,-1,-1,1,1,-1,-1,-1,1,-1,1,1,-1,1,1,-1,1,1,-1,-1,1,1,-1,-1,1,1,-1,1,1,-1,1,1,-1,-1,-1,-1,1,-1,-1,-1,-1,-1,1,-1,1,1,-1,1,1,-1,1,1,1,1,-1,1,-1,1,1,1,-1,-1,1,-1,-1,1,1,-1,-1,1,-1,1,1,1,-1,-1,1,-1,1,1,1,1,-1,1,-1,-1,1,1,1,-1,-1,1,-1,1,-1,1,-1,1,-1,-1,1,-2670.0,1,2000,445,500,False
696,1,1,-1,-1,1,1,-1,-1,1,1,1,-1,1,1,1,1,-1,1,-1,-1,-1,-1,1,1,1,-1,-1,-1,1,1,1,1,-1,-1,-1,-1,1,-1,1,1,-1,-1,-1,1,1,1,1,-1,1,1,1,1,-1,1,-1,-1,1,-1,1,1,1,-1,-1,-1,1,1,1,1,-1,-1,-1,1,1,1,1,-1,-1,-1,1,1,1,-1,-1,-1,1,1,1,1,-1,-1,-1,1,1,1,1,-1,-1,1,1,-1,1,1,-1,-1,1,1,1,1,1,-1,-1,-1,1,-1,1,1,-1,-1,1,1,1,1,1,1,-1,-1,1,1,-1,1,1,-1,1,1,1,1,1,1,-1,1,1,1,1,1,1,-1,1,1,1,1,1,1,-1,-1,-1,1,1,1,1,-1,1,1,1,1,-1,1,-1,1,-1,1,1,1,-1,-1,1,1,1,1,1,-1,1,-1,-1,1,-1,1,-1,1,1,1,1,1,1,1,1,1,-1,1,-1,1,-1,1,1,-1,1,-1,1,1,-1,1,-1,1,-1,1,-1,1,1,-1,1,-1,1,1,1,1,-1,-1,1,1,-1,-1,1,-1,1,-1,-1,1,-1,1,-1,1,-1,1,-1,1,1,-1,-1,-1,1,1,-1,1,-1,1,1,1,-1,1,1,-1,-1,-1,1,-1,1,-1,1,-1,1,1,-1,1,-1,-1,-1,1,1,-1,1,-1,-1,-1,1,1,-1,-1,1,1,-1,-1,1,1,-1,1,1,-1,1,1,1,1,-1,1,-1,1,1,-1,1,-1,1,1,1,1,1,1,1,1,-1,-1,1,-1,-1,1,1,1,-1,1,1,1,-1,1,1,1,1,1,1,1,1,-1,1,1,1,-1,1,1,-1,1,1,1,-1,1,1,-1,-1,1,1,1,-1,1,-1,1,1,1,-1,1,1,-1,1,1,1,-1,1,1,-1,1,1,1,-1,1,1,-1,-1,1,1,-1,1,1,-1,1,-1,1,-1,1,1,1,-1,1,1,1,1,1,1,-1,1,1,-1,1,-1,1,-1,-1,-1,-1,1,1,1,-1,1,1,-1,1,1,-1,-1,1,1,1,1,1,-1,1,1,1,-1,1,1,1,1,-1,1,1,1,-1,1,-1,1,1,1,1,1,1,-1,-1,-1,1,-1,-1,1,-1,1,-1,1,1,1,1,1,-1,-1,1,-1,-1,1,-1,1,-1,1,1,-1,1,-1,1,-1,-1,1,-1,1,1,-1,-1,1,1,1,-1,1,-1,-1,-1,1,-1,1,1,-1,-1,1,1,1,1,-1,1,-1,1,-1,-1,1,-1,1,-1,1,-1,1,1,-1,-1,-1,1,-1,1,1,1,-1,-1,1,-1,-1,1,-1,-1,-1,1,-1,1,1,1,-1,-1,1,1,-1,1,-1,-1,-1,-1,1,-1,1,-1,-1,-1,1,-1,-1,1,-1,-1,-1,-1,1,-1,1,-1,-1,-1,-1,1,-1,-1,1,1,1,-1,1,-1,1,-1,1,1,1,-1,-1,-1,1,-1,-1,1,1,1,-1,1,-1,1,1,1,-1,1,1,-1,1,-1,1,-1,-1,1,-1,-1,1,1,1,-1,1,-1,-1,1,1,-1,-1,1,-1,-1,1,1,-1,-1,1,-1,-1,-1,1,1,-1,1,1,-1,-1,1,-1,-1,1,-1,1,-1,1,1,-1,-1,1,-1,-1,-1,-1,-1,1,1,1,-1,-1,1,-1,-1,1,-1,-1,1,-1,-1,1,1,-1,-1,1,1,-1,1,1,-1,1,-1,1,-1,-1,1,1,-1,-1,-1,-1,1,1,-1,-1,1,-1,-1,-1,1,1,-1,-1,-1,-1,-1,1,-1,-1,-1,-1,-1,1,1,1,-1,-1,-1,-1,-1,1,1,-1,-1,-1,-1,-1,1,1,1,-1,-1,-1,-1,1,1,1,-1,-1,-1,1,1,1,1,1,-1,1,1,1,1,1,1,-1,-1,1,1,1,-1,-1,-1,1,1,1,1,-1,1,-1,-1,1,-1,1,-1,1,-1,-1,1,-1,1,1,1,-1,-1,1,-1,1,-1,1,1,-1,1,-1,1,1,1,1,-1,1,-1,1,1,1,-1,-1,1,1,-1,1,1,-1,-1,1,-1,1,-1,1,-1,-1,-1,-1,-1,1,1,-1,-1,1,-1,-1,1,1,-1,-1,-1,-1,1,-1,1,-1,-1,-1,-1,-1,1,-1,-1,1,-1,-1,1,-1,1,-1,-1,-1,-1,-1,1,1,1,-1,-1,-1,1,1,1,-1,-1,1,-1,-1,-1,1,-1,1,-1,-1,1,1,1,-1,-1,-1,-1,1,-1,1,1,-1,1,-1,-1,1,1,-1,-1,-1,-1,-1,-1,1,1,-1,-1,1,-1,1,1,-1,-1,-1,1,-1,1,1,-1,-1,1,-1,-1,1,1,1,-1,1,-1,1,1,1,-1,-1,1,-1,-1,1,1,1,-1,1,-1,-1,1,1,-1,1,1,-1,-1,1,1,-1,1,1,-1,-1,1,1,-1,1,1,-1,-1,1,1,1,1,1,1,-1,-1,1,1,1,1,-1,-1,1,-1,1,1,1,1,-1,-1,1,-1,1,1,1,-1,1,1,1,1,-1,1,-1,1,1,1,1,1,1,1,-1,1,1,1,1,-1,1,-1,1,1,1,1,1,-1,1,1,1,1,-1,1,1,-1,1,1,-1,1,1,-1,-1,1,1,1,1,-1,1,-1,1,1,1,-1,-1,1,-1,1,1,1,-1,1,-1,-1,-1,1,1,-1,-1,1,-1,-1,1,1,-1,-1,1,-1,-1,1,1,1,-1,1,-1,-1,1,1,-1,-1,-1,1,-1,1,1,-1,1,1,-1,1,1,-1,-1,1,-1,-1,-1,1,1,-1,1,1,-1,1,1,-1,-1,-1,-1,1,-1,-1,-1,-1,-1,-1,-1,1,1,-1,1,1,-1,1,1,1,1,-1,1,-1,1,1,1,-1,-1,1,-1,-1,-1,1,-1,-1,1,-1,1,1,1,-1,-1,1,-1,1,1,1,1,-1,1,-1,-1,1,1,-1,-1,-1,1,-1,1,-1,1,-1,1,-1,-1,1,-2670.0,1,2000,445,1000,False
697,1,1,-1,-1,1,-1,-1,-1,1,1,1,-1,1,1,1,1,-1,1,-1,-1,-1,-1,1,1,1,-1,-1,-1,1,1,1,1,-1,-1,-1,-1,1,-1,1,1,-1,-1,-1,1,1,1,1,-1,1,1,1,1,-1,1,-1,-1,1,-1,1,1,1,-1,-1,-1,1,1,1,1,-1,-1,-1,1,1,1,1,-1,-1,-1,1,1,1,-1,-1,-1,1,1,1,1,-1,-1,-1,1,1,1,1,-1,-1,1,1,-1,1,1,-1,-1,1,1,1,1,1,-1,-1,1,1,1,1,1,-1,-1,1,1,1,1,1,1,-1,1,1,1,-1,1,1,-1,1,1,1,1,1,1,-1,-1,1,1,1,1,1,-1,1,1,1,1,1,1,-1,-1,-1,1,1,1,1,-1,1,1,1,1,-1,1,-1,1,-1,1,1,1,-1,-1,1,1,1,1,1,-1,1,-1,-1,1,-1,1,-1,1,1,1,1,1,1,1,1,1,-1,1,-1,1,-1,1,1,-1,1,-1,1,1,-1,1,-1,1,-1,1,-1,1,1,-1,1,-1,1,1,1,1,-1,-1,1,1,-1,-1,1,-1,1,-1,-1,1,-1,1,-1,1,-1,1,-1,-1,1,-1,-1,-1,1,1,-1,1,-1,1,1,1,-1,1,1,-1,1,-1,1,-1,1,-1,1,-1,1,1,-1,1,-1,-1,-1,1,1,-1,1,-1,-1,-1,1,1,-1,-1,1,1,-1,-1,1,1,-1,1,1,-1,1,1,1,1,-1,1,-1,1,1,-1,1,-1,1,1,1,1,1,1,1,1,-1,-1,1,-1,-1,1,1,1,-1,1,1,1,-1,1,1,1,1,1,1,1,1,-1,1,1,1,-1,1,1,-1,1,1,1,-1,1,1,-1,-1,1,1,1,-1,1,-1,1,1,1,-1,1,1,-1,1,1,1,-1,1,1,-1,1,1,1,-1,1,1,-1,-1,1,1,-1,1,1,-1,1,-1,1,-1,1,1,1,-1,1,1,1,-1,1,1,-1,1,1,-1,1,1,1,-1,-1,-1,-1,1,1,1,-1,1,1,-1,1,1,-1,-1,1,1,1,1,1,-1,1,1,1,-1,1,1,1,-1,-1,1,1,1,-1,1,-1,1,1,1,1,1,1,-1,-1,-1,1,-1,-1,1,1,-1,1,1,1,1,1,1,1,-1,1,-1,-1,1,-1,1,-1,1,1,-1,1,1,1,-1,-1,1,-1,1,1,1,-1,1,1,1,-1,1,1,-1,-1,1,-1,1,1,1,-1,1,1,1,1,1,1,-1,1,-1,1,1,1,-1,-1,1,-1,-1,1,1,-1,-1,1,-1,1,1,1,-1,-1,1,-1,-1,1,1,-1,-1,1,-1,1,1,1,1,-1,1,1,-1,-1,1,1,-1,-1,-1,1,-1,1,-1,-1,1,-1,-1,1,-1,1,-1,-1,1,-1,1,-1,1,-1,-1,1,-1,-1,1,1,1,-1,1,-1,1,-1,-1,-1,1,-1,-1,-1,1,-1,-1,1,1,1,-1,1,-1,1,1,1,-1,1,1,-1,-1,-1,1,-1,-1,1,-1,-1,1,1,1,-1,1,-1,-1,1,1,-1,-1,1,-1,-1,1,1,-1,-1,1,-1,-1,-1,1,1,-1,1,-1,-1,-1,1,-1,-1,1,-1,1,-1,1,1,-1,-1,1,-1,-1,-1,-1,-1,1,1,1,-1,1,1,-1,-1,1,-1,-1,-1,-1,-1,1,1,-1,-1,-1,-1,-1,1,1,-1,1,1,1,-1,-1,1,1,-1,-1,-1,-1,-1,1,-1,-1,1,-1,-1,-1,1,1,-1,-1,-1,-1,-1,1,-1,-1,1,-1,-1,1,1,1,-1,1,-1,-1,-1,1,1,-1,-1,-1,-1,-1,1,1,1,-1,-1,-1,-1,1,1,-1,-1,-1,-1,1,1,1,1,-1,-1,1,1,1,1,1,-1,-1,-1,1,1,1,1,1,-1,1,1,1,1,-1,1,-1,-1,1,-1,1,-1,1,-1,-1,1,-1,1,-1,-1,-1,-1,1,-1,1,-1,1,1,-1,1,-1,1,-1,1,1,-1,1,-1,1,-1,-1,-1,-1,1,1,-1,-1,-1,-1,-1,1,-1,1,-1,-1,-1,-1,-1,-1,-1,1,-1,-1,-1,1,-1,-1,1,-1,-1,-1,-1,-1,1,1,-1,-1,-1,-1,-1,1,-1,-1,-1,1,-1,-1,1,-1,1,-1,-1,-1,-1,-1,-1,-1,1,-1,-1,-1,1,1,1,-1,-1,1,-1,-1,-1,-1,-1,1,-1,-1,1,-1,1,-1,-1,-1,-1,1,-1,1,1,-1,1,-1,-1,1,1,-1,-1,-1,-1,-1,-1,1,1,-1,-1,1,-1,1,1,-1,-1,-1,1,-1,1,1,-1,-1,1,-1,-1,1,1,1,-1,1,-1,1,1,1,-1,-1,1,-1,-1,1,1,1,-1,1,-1,-1,1,1,-1,1,1,-1,-1,1,1,-1,1,1,-1,-1,1,1,-1,1,1,-1,-1,1,1,1,1,-1,1,-1,-1,1,1,1,1,-1,-1,1,-1,1,1,1,1,-1,-1,1,-1,1,1,1,-1,1,1,1,1,-1,1,-1,1,1,1,1,1,1,1,-1,1,1,1,1,-1,1,-1,1,1,1,1,1,-1,1,1,1,1,-1,1,1,-1,1,1,-1,1,1,-1,-1,1,1,1,1,-1,1,-1,1,1,1,-1,-1,1,-1,1,1,1,-1,1,-1,-1,-1,1,1,-1,-1,1,-1,-1,1,1,-1,-1,1,-1,-1,1,1,1,-1,1,-1,-1,1,1,-1,-1,-1,1,-1,-1,1,-1,1,1,-1,1,1,-1,-1,1,-1,-1,-1,1,1,-1,1,1,-1,1,1,-1,-1,-1,-1,1,-1,-1,-1,-1,1,-1,-1,1,1,-1,1,1,-1,1,1,1,1,-1,1,-1,1,1,1,1,-1,1,-1,-1,1,1,1,-1,1,-1,1,1,1,1,-1,1,-1,1,1,1,-1,-1,1,-1,-1,1,1,-1,-1,-1,1,-1,1,1,1,-1,1,-1,-1,1,-2670.0,1,2000,445,500,False
698,1,1,-1,-1,1,-1,-1,1,1,1,1,-1,1,1,1,1,-1,1,-1,-1,1,1,1,1,1,-1,-1,-1,1,1,1,1,1,-1,-1,1,-1,1,1,-1,-1,-1,1,1,1,1,1,-1,1,-1,1,1,-1,1,-1,-1,-1,-1,1,1,1,-1,-1,-1,1,1,1,1,-1,-1,1,-1,1,1,1,-1,-1,1,-1,1,1,-1,-1,-1,-1,1,1,1,-1,-1,-1,1,-1,1,1,-1,-1,1,-1,1,1,1,-1,-1,1,-1,-1,1,1,-1,-1,1,-1,-1,1,1,-1,-1,1,-1,-1,1,1,1,-1,-1,-1,-1,1,1,1,-1,1,-1,-1,1,1,1,-1,-1,-1,-1,1,1,1,-1,1,-1,-1,-1,1,1,-1,-1,1,-1,1,1,1,-1,1,1,-1,-1,1,1,-1,1,1,-1,1,1,-1,-1,1,-1,-1,1,1,-1,1,-1,1,-1,1,1,-1,1,1,-1,-1,-1,1,1,1,1,1,-1,-1,1,-1,1,1,1,-1,-1,1,1,-1,1,1,-1,1,1,1,1,1,1,-1,1,1,-1,-1,1,1,1,-1,1,-1,-1,1,1,1,-1,1,-1,1,1,1,-1,-1,1,-1,1,1,1,1,-1,-1,1,-1,1,1,-1,1,1,-1,1,1,1,-1,-1,1,-1,1,-1,1,1,1,1,-1,1,-1,1,1,-1,1,-1,1,-1,1,1,1,1,1,-1,1,1,1,1,1,1,-1,1,1,-1,-1,-1,1,-1,-1,1,1,-1,-1,1,1,-1,1,1,1,-1,1,-1,-1,1,1,1,-1,-1,1,-1,1,-1,1,-1,1,1,-1,1,1,1,-1,1,-1,-1,1,1,-1,1,1,1,-1,1,1,-1,1,1,-1,1,1,1,-1,1,1,-1,1,1,1,1,1,1,1,1,1,1,1,1,1,1,1,-1,1,-1,1,1,1,1,-1,1,1,-1,1,1,1,-1,1,1,-1,1,-1,1,1,-1,1,-1,1,1,1,1,-1,1,-1,1,1,-1,-1,-1,1,1,-1,-1,1,1,-1,1,-1,1,-1,1,-1,1,1,-1,1,1,1,1,-1,1,-1,1,-1,1,-1,-1,1,-1,1,1,1,1,-1,1,1,-1,1,1,-1,-1,1,-1,-1,1,-1,1,-1,-1,1,-1,-1,1,-1,-1,-1,1,-1,1,-1,1,-1,-1,1,-1,1,1,-1,-1,-1,1,-1,-1,1,1,-1,-1,1,-1,1,1,-1,1,-1,1,-1,1,1,1,-1,-1,-1,-1,1,1,-1,1,-1,1,-1,1,-1,1,-1,-1,-1,1,1,-1,1,-1,-1,-1,-1,1,-1,-1,-1,-1,-1,-1,1,-1,1,-1,1,-1,-1,1,-1,-1,1,-1,-1,-1,-1,1,1,-1,1,-1,-1,-1,1,1,-1,1,-1,-1,-1,1,1,1,1,-1,-1,-1,1,1,-1,1,-1,1,-1,1,1,1,-1,1,1,-1,1,1,1,1,1,-1,1,-1,1,1,-1,1,-1,1,-1,1,-1,-1,-1,1,-1,-1,1,-1,-1,-1,1,1,-1,1,1,-1,-1,1,1,-1,-1,1,-1,-1,-1,-1,-1,-1,1,-1,-1,-1,-1,-1,-1,1,-1,-1,1,1,1,1,1,-1,1,-1,1,-1,-1,1,-1,-1,-1,1,-1,-1,1,1,-1,1,1,1,-1,1,1,-1,-1,1,-1,-1,1,1,-1,-1,1,-1,1,1,-1,-1,1,1,-1,1,1,-1,1,1,-1,1,1,1,1,-1,1,1,-1,-1,1,1,-1,1,1,1,-1,1,1,-1,-1,1,1,1,1,1,-1,1,1,-1,-1,1,1,-1,-1,1,1,-1,1,1,-1,-1,1,1,-1,1,1,1,-1,-1,1,-1,1,1,-1,-1,1,1,-1,1,1,1,-1,1,-1,-1,-1,-1,1,-1,1,-1,-1,1,-1,-1,1,-1,1,-1,1,1,-1,-1,1,-1,-1,1,-1,1,-1,1,-1,-1,1,1,-1,-1,1,-1,-1,-1,1,1,-1,1,-1,-1,-1,1,-1,-1,1,-1,-1,-1,-1,1,1,1,1,-1,-1,1,1,-1,1,1,-1,-1,-1,1,-1,1,-1,-1,-1,1,1,1,-1,1,-1,-1,1,1,1,-1,1,-1,-1,-1,1,-1,-1,1,-1,-1,-1,1,-1,1,-1,-1,1,-1,1,1,-1,1,-1,-1,-1,1,1,-1,1,1,-1,-1,-1,1,1,1,-1,-1,-1,1,1,-1,1,-1,-1,-1,1,-1,1,1,-1,-1,-1,-1,1,-1,1,1,-1,1,-1,-1,1,1,-1,-1,-1,-1,-1,-1,1,1,-1,-1,1,-1,1,1,-1,-1,-1,-1,-1,1,1,-1,-1,-1,-1,-1,1,1,1,-1,-1,-1,1,1,1,-1,-1,1,-1,-1,1,1,1,-1,1,-1,-1,1,1,-1,1,-1,-1,-1,1,1,1,1,1,-1,-1,1,1,-1,1,1,1,-1,1,1,1,1,1,-1,-1,1,1,1,-1,1,-1,-1,1,-1,1,1,1,1,-1,-1,1,-1,1,-1,1,-1,1,1,1,1,-1,1,-1,1,1,1,1,1,1,-1,-1,1,1,1,1,-1,1,-1,1,1,1,1,-1,1,-1,1,1,1,-1,-1,1,-1,1,1,-1,1,-1,-1,-1,1,1,1,-1,1,-1,-1,1,1,1,-1,-1,-1,-1,1,1,1,-1,-1,-1,-1,-1,1,1,-1,1,-1,-1,1,1,1,-1,1,-1,1,-1,1,1,1,1,1,-1,-1,1,1,-1,-1,1,1,-1,-1,1,-1,1,-1,-1,1,1,-1,-1,1,-1,-1,-1,1,1,-1,1,1,-1,1,1,-1,-1,-1,-1,1,-1,-1,-1,-1,1,-1,-1,1,1,-1,1,1,-1,1,1,1,1,-1,1,-1,1,1,1,1,-1,1,-1,-1,-1,1,1,-1,1,-1,1,1,1,1,-1,1,-1,1,1,-1,-1,-1,1,-1,-1,1,1,-1,-1,-1,1,-1,1,-1,1,-1,1,-1,-1,1,-2670.0,1,2000,445,1500,True
699,1,1,-1,-1,1,-1,-1,-1,1,1,1,-1,1,1,1,1,-1,1,-1,-1,-1,-1,1,1,1,-1,-1,-1,1,1,1,1,-1,-1,-1,-1,1,-1,1,1,-1,-1,-1,1,1,1,1,-1,1,1,1,1,-1,1,-1,-1,1,-1,1,1,1,-1,-1,-1,1,1,1,1,-1,-1,-1,1,1,1,1,-1,-1,-1,1,1,1,-1,-1,-1,1,1,1,1,-1,-1,-1,1,1,1,1,-1,-1,1,1,-1,1,1,-1,-1,1,1,1,1,1,-1,-1,-1,1,-1,1,1,-1,-1,1,1,1,1,1,1,-1,-1,1,1,-1,1,1,-1,1,1,1,1,1,1,-1,1,1,1,1,1,1,-1,1,1,1,1,1,1,-1,-1,-1,1,1,1,1,-1,1,1,1,1,-1,1,-1,1,-1,1,1,1,-1,-1,1,1,1,1,1,-1,1,-1,-1,1,-1,1,-1,1,1,1,1,1,1,1,1,1,-1,1,-1,1,-1,1,1,-1,1,-1,1,1,-1,1,-1,1,-1,1,-1,1,1,-1,-1,-1,1,1,1,1,-1,-1,1,1,-1,-1,1,-1,1,-1,1,1,-1,1,-1,1,-1,1,-1,1,1,-1,1,-1,1,1,-1,1,-1,1,1,1,-1,1,1,-1,-1,-1,1,-1,1,-1,1,-1,1,1,-1,1,-1,-1,-1,1,1,-1,1,-1,-1,-1,1,1,-1,-1,1,1,-1,-1,1,1,-1,1,1,-1,1,1,1,1,-1,1,-1,1,1,-1,1,-1,1,1,-1,1,1,1,1,1,-1,-1,1,-1,-1,-1,1,1,-1,1,1,1,-1,1,-1,-1,1,1,1,1,1,-1,1,1,1,-1,1,1,-1,1,1,1,-1,1,1,-1,-1,1,1,1,-1,1,-1,1,1,1,-1,1,1,-1,1,1,1,-1,1,-1,-1,1,1,1,-1,1,-1,-1,-1,1,1,-1,1,-1,-1,1,-1,1,-1,1,1,-1,-1,1,1,1,1,1,-1,-1,1,1,-1,1,-1,-1,-1,-1,-1,-1,1,1,-1,-1,1,1,-1,1,-1,-1,-1,1,1,1,1,-1,-1,1,1,1,-1,1,-1,-1,-1,-1,1,1,1,1,-1,-1,1,1,1,1,-1,-1,1,-1,-1,1,-1,1,-1,-1,1,-1,1,1,-1,-1,1,1,-1,1,-1,1,-1,-1,1,-1,1,1,-1,-1,-1,1,-1,-1,1,1,-1,-1,1,-1,1,1,-1,1,-1,1,-1,-1,1,1,-1,-1,1,-1,1,1,-1,-1,1,1,-1,1,-1,1,-1,1,-1,-1,1,-1,1,-1,1,-1,-1,1,-1,-1,-1,1,-1,-1,1,-1,1,-1,1,-1,-1,1,-1,-1,1,-1,1,-1,1,1,1,-1,1,1,-1,-1,1,1,-1,1,-1,-1,1,1,1,1,1,1,-1,-1,1,1,-1,1,1,-1,-1,1,1,1,-1,1,1,-1,1,1,1,1,-1,-1,1,-1,-1,-1,1,-1,-1,1,1,1,-1,1,-1,1,-1,-1,-1,1,1,-1,1,1,-1,-1,-1,1,-1,1,1,-1,1,-1,1,-1,-1,-1,-1,-1,-1,1,-1,-1,-1,-1,-1,-1,1,-1,1,1,1,1,-1,1,-1,1,1,-1,-1,-1,1,-1,-1,1,-1,1,-1,-1,1,1,1,1,-1,-1,1,1,1,1,-1,1,-1,-1,1,1,1,-1,-1,-1,-1,1,1,1,-1,1,-1,1,-1,1,-1,1,1,-1,-1,1,1,1,-1,-1,-1,1,1,1,1,1,-1,-1,-1,1,1,1,1,-1,-1,-1,1,1,1,-1,-1,-1,-1,1,1,1,1,-1,-1,1,1,1,1,1,-1,-1,-1,1,1,-1,1,-1,-1,-1,1,1,1,1,-1,-1,1,1,1,1,-1,-1,1,1,-1,1,1,-1,-1,-1,1,1,1,1,1,-1,1,1,1,1,1,-1,-1,-1,1,-1,1,-1,-1,-1,-1,1,-1,1,1,-1,-1,-1,1,-1,1,1,-1,1,-1,1,1,1,1,-1,1,-1,1,-1,1,1,-1,-1,-1,1,1,-1,-1,-1,-1,-1,1,-1,1,-1,-1,-1,-1,-1,-1,-1,1,-1,-1,-1,1,-1,-1,1,-1,-1,-1,-1,-1,-1,1,-1,-1,-1,-1,-1,1,-1,-1,-1,1,-1,-1,1,-1,1,-1,-1,-1,-1,-1,-1,-1,1,-1,-1,-1,1,1,1,-1,-1,-1,1,-1,-1,-1,-1,1,-1,-1,1,1,1,-1,-1,-1,-1,1,-1,1,1,-1,1,-1,-1,1,1,-1,-1,-1,-1,-1,-1,1,1,-1,-1,1,-1,1,1,-1,-1,-1,1,-1,1,1,-1,-1,1,-1,-1,1,1,1,-1,1,-1,1,1,1,-1,-1,1,-1,-1,1,1,1,-1,1,-1,-1,1,1,-1,1,1,-1,-1,1,1,1,1,1,-1,-1,1,1,-1,1,1,-1,-1,1,1,1,1,1,1,-1,-1,1,1,1,1,-1,-1,1,-1,1,1,1,1,-1,-1,1,-1,1,1,1,-1,1,1,1,1,-1,1,-1,1,1,1,1,1,1,1,-1,1,1,1,1,-1,1,-1,1,1,1,1,1,-1,1,1,1,1,-1,1,1,-1,1,1,-1,1,1,-1,-1,1,1,1,1,-1,1,-1,1,1,1,-1,-1,1,-1,1,1,1,-1,1,-1,-1,-1,1,1,-1,-1,1,-1,-1,1,1,-1,-1,1,-1,-1,1,1,1,-1,1,-1,-1,1,1,-1,-1,-1,1,-1,-1,1,-1,1,1,-1,1,1,-1,-1,1,-1,-1,-1,1,1,-1,1,1,-1,1,1,-1,-1,-1,-1,1,-1,-1,-1,-1,-1,-1,-1,1,1,-1,1,1,-1,1,1,1,1,-1,1,-1,1,1,1,-1,-1,1,-1,-1,-1,1,-1,-1,1,-1,1,1,1,-1,-1,1,-1,1,1,1,1,-1,1,-1,-1,1,1,-1,-1,-1,1,-1,1,-1,1,-1,1,-1,-1,1,-2670.0,1,2000,445,1000,False
700,1,1,-1,-1,1,-1,-1,-1,1,1,1,-1,1,1,1,1,-1,1,-1,-1,-1,-1,1,1,1,-1,-1,-1,1,1,1,1,1,-1,-1,-1,1,1,1,1,-1,-1,-1,1,1,1,1,-1,1,1,1,1,-1,1,-1,-1,1,-1,1,1,1,-1,-1,-1,1,1,1,1,-1,-1,-1,1,1,1,1,-1,-1,-1,1,1,1,-1,-1,-1,1,1,1,1,-1,1,-1,1,1,1,1,-1,-1,1,1,-1,1,1,-1,-1,1,1,1,1,1,-1,-1,1,1,1,1,1,-1,-1,1,1,1,1,1,1,-1,1,1,1,-1,1,1,-1,1,1,1,1,1,1,-1,-1,1,1,1,1,1,-1,1,1,1,1,1,1,-1,-1,-1,1,1,1,1,-1,1,1,1,1,-1,1,-1,1,-1,1,1,1,-1,-1,1,1,1,1,1,-1,1,-1,-1,1,-1,1,-1,1,1,1,1,1,1,1,1,1,-1,1,-1,1,-1,1,1,-1,1,-1,1,1,-1,1,-1,1,-1,1,-1,1,1,-1,1,-1,1,1,1,1,-1,-1,1,1,-1,-1,1,-1,1,-1,-1,1,-1,1,-1,1,-1,1,-1,1,1,-1,1,-1,1,1,-1,1,-1,1,1,1,-1,1,1,-1,1,-1,1,-1,1,-1,1,-1,1,1,-1,1,-1,-1,-1,1,1,-1,1,-1,-1,-1,1,1,-1,-1,1,1,-1,-1,1,1,-1,1,1,-1,1,1,1,1,-1,1,-1,1,1,-1,1,-1,1,1,1,1,1,1,1,1,-1,-1,1,-1,-1,1,1,1,-1,1,1,1,-1,1,1,1,1,1,1,1,1,-1,1,1,1,-1,-1,1,-1,1,1,1,-1,1,1,-1,-1,1,1,1,-1,1,-1,1,1,1,-1,1,1,-1,1,1,1,-1,1,1,-1,1,1,1,-1,1,1,-1,-1,1,1,-1,1,1,-1,1,-1,1,-1,1,1,1,-1,1,1,1,-1,1,1,-1,1,1,-1,1,-1,1,-1,-1,-1,-1,1,1,1,-1,1,1,-1,1,1,-1,-1,1,1,1,1,1,-1,1,1,1,-1,1,1,1,1,-1,1,1,1,-1,1,-1,1,1,1,1,1,1,-1,-1,-1,1,-1,-1,1,-1,1,-1,1,1,1,1,1,-1,-1,1,-1,-1,1,-1,1,-1,1,1,-1,1,1,1,-1,-1,1,-1,1,1,-1,-1,1,1,1,-1,1,-1,-1,-1,1,-1,1,1,-1,-1,1,1,1,1,-1,1,-1,1,-1,1,1,-1,-1,-1,1,-1,1,1,-1,-1,-1,1,-1,1,1,1,-1,-1,1,-1,-1,1,-1,-1,-1,1,-1,1,1,1,-1,-1,1,1,-1,1,-1,-1,-1,-1,1,1,1,-1,-1,-1,1,1,-1,1,-1,-1,-1,-1,1,-1,1,-1,-1,-1,-1,1,-1,-1,1,1,1,-1,1,-1,1,-1,1,-1,1,-1,-1,-1,1,-1,-1,1,1,1,-1,1,-1,1,1,1,-1,1,1,-1,1,-1,1,-1,-1,1,-1,-1,1,1,1,-1,1,-1,-1,1,1,-1,-1,1,-1,-1,1,1,-1,-1,1,-1,-1,-1,1,1,-1,1,-1,-1,-1,1,-1,-1,1,-1,1,-1,1,1,-1,-1,1,-1,-1,-1,-1,-1,1,1,1,-1,-1,1,-1,-1,1,-1,-1,1,-1,-1,-1,1,-1,-1,1,-1,-1,1,1,-1,1,-1,1,-1,-1,1,1,-1,-1,-1,-1,-1,1,-1,-1,1,-1,-1,-1,1,1,-1,-1,-1,-1,-1,1,-1,-1,-1,-1,-1,1,1,1,-1,-1,-1,-1,-1,1,1,-1,-1,-1,-1,-1,1,1,1,-1,-1,-1,-1,1,1,-1,-1,-1,-1,1,1,1,1,1,-1,1,1,1,1,1,1,-1,-1,1,1,1,-1,-1,-1,1,1,1,1,-1,1,-1,-1,1,-1,1,-1,1,-1,-1,1,-1,1,-1,1,-1,-1,1,-1,1,-1,1,-1,-1,1,-1,1,1,1,-1,-1,1,-1,1,1,1,-1,-1,1,1,-1,1,1,-1,-1,1,-1,1,-1,1,-1,-1,-1,-1,-1,1,1,-1,-1,1,-1,-1,1,1,-1,-1,-1,-1,-1,-1,1,-1,-1,-1,-1,1,1,-1,-1,1,-1,-1,1,-1,1,-1,-1,-1,-1,-1,1,1,1,-1,-1,-1,1,1,1,-1,-1,1,-1,-1,-1,1,-1,1,-1,-1,1,1,1,-1,-1,-1,-1,1,-1,1,1,-1,1,-1,-1,1,1,-1,-1,-1,-1,-1,-1,1,1,-1,-1,1,-1,1,1,-1,-1,-1,1,-1,1,1,-1,-1,1,-1,-1,1,1,1,-1,1,-1,1,1,1,-1,-1,1,-1,-1,1,1,1,-1,1,-1,-1,1,1,-1,1,1,-1,-1,1,1,-1,1,1,-1,-1,1,1,1,1,1,-1,-1,1,1,1,1,1,1,-1,-1,1,1,1,1,-1,-1,1,-1,1,1,1,1,-1,-1,1,-1,1,1,1,-1,1,1,1,1,-1,1,-1,1,1,1,1,1,1,1,-1,1,1,1,1,-1,1,-1,1,1,1,1,1,-1,1,1,1,1,-1,1,1,-1,1,1,-1,1,1,-1,-1,1,1,1,1,-1,1,-1,1,1,1,-1,-1,1,-1,1,1,1,-1,1,-1,-1,-1,1,1,-1,-1,1,-1,-1,1,1,1,-1,1,-1,-1,1,1,1,-1,1,-1,-1,1,1,-1,-1,-1,1,-1,-1,1,-1,1,1,-1,1,1,-1,-1,1,-1,-1,-1,-1,1,-1,1,1,-1,1,1,-1,-1,1,-1,1,-1,-1,-1,-1,1,-1,-1,1,1,-1,1,1,-1,1,1,1,1,-1,1,-1,1,1,1,1,-1,1,-1,-1,-1,1,1,-1,1,-1,1,1,1,1,-1,1,-1,1,1,1,-1,-1,1,-1,-1,1,1,-1,-1,-1,1,-1,1,-1,1,-1,1,-1,-1,1,-2670.0,1,2000,445,0,False
701,1,1,-1,-1,1,1,-1,-1,1,1,1,-1,1,1,1,1,-1,1,-1,-1,-1,-1,1,1,1,-1,-1,-1,1,1,1,1,1,-1,-1,-1,1,1,1,1,-1,-1,-1,1,1,1,1,-1,1,1,1,1,-1,1,-1,-1,1,-1,1,1,1,-1,-1,-1,1,1,1,1,-1,-1,-1,1,1,1,1,-1,-1,-1,1,1,1,-1,-1,-1,1,1,1,1,-1,-1,1,1,1,1,1,-1,-1,-1,1,-1,1,1,-1,-1,1,1,1,1,1,-1,-1,-1,1,-1,1,1,-1,-1,1,1,1,1,1,1,-1,-1,1,1,-1,1,1,-1,1,1,1,1,1,1,-1,1,1,1,1,1,1,-1,1,1,1,1,1,1,-1,-1,-1,1,1,1,1,-1,1,1,1,1,-1,1,-1,1,1,1,1,1,-1,-1,1,1,1,1,1,-1,1,-1,-1,1,-1,1,-1,1,1,1,1,1,1,1,1,1,-1,1,-1,1,-1,1,1,-1,1,-1,1,1,-1,1,-1,1,-1,1,-1,1,1,-1,1,-1,1,1,1,1,-1,-1,1,1,-1,-1,1,-1,1,-1,-1,1,-1,1,-1,1,-1,1,-1,-1,1,-1,-1,-1,1,1,-1,1,-1,1,1,1,-1,1,1,-1,1,-1,1,-1,1,-1,1,-1,1,1,-1,1,-1,-1,-1,1,1,-1,1,-1,-1,-1,1,1,-1,-1,1,1,-1,-1,1,1,-1,1,1,-1,1,1,1,1,-1,1,-1,1,1,-1,1,-1,1,1,-1,1,1,1,1,1,-1,-1,1,-1,-1,-1,1,1,-1,1,1,1,-1,1,-1,-1,1,1,1,1,1,-1,1,1,1,-1,1,1,-1,1,1,1,-1,1,1,-1,-1,1,1,1,-1,1,-1,1,1,1,-1,1,1,-1,1,1,1,-1,1,-1,-1,1,1,1,-1,1,-1,-1,-1,1,1,-1,1,-1,-1,1,-1,1,-1,1,1,-1,-1,1,1,1,-1,1,-1,-1,1,1,-1,1,-1,-1,-1,-1,-1,-1,1,-1,-1,-1,1,1,-1,1,-1,1,-1,1,1,1,1,1,-1,1,1,1,-1,1,-1,-1,-1,-1,1,1,1,1,-1,-1,1,1,1,1,-1,-1,1,-1,-1,1,-1,1,-1,-1,1,-1,1,-1,-1,-1,1,1,-1,1,-1,1,-1,-1,1,-1,1,1,-1,-1,-1,1,-1,-1,1,1,-1,-1,1,-1,1,1,-1,1,-1,1,-1,-1,1,1,-1,-1,1,-1,1,1,-1,-1,1,1,-1,1,-1,1,-1,1,-1,-1,1,-1,1,-1,1,-1,-1,1,-1,-1,-1,1,-1,-1,1,-1,1,-1,1,-1,-1,1,-1,-1,1,-1,1,-1,1,1,1,-1,1,1,-1,-1,1,1,-1,1,-1,-1,1,1,1,1,1,1,-1,-1,1,1,-1,1,1,-1,-1,1,1,1,-1,1,1,-1,1,1,1,1,-1,1,1,-1,-1,-1,1,-1,1,1,1,1,-1,1,-1,1,-1,-1,-1,1,1,-1,1,1,-1,-1,1,1,-1,1,1,-1,1,-1,1,-1,-1,-1,-1,-1,-1,1,-1,-1,-1,-1,-1,-1,1,-1,1,1,1,1,-1,1,-1,1,1,-1,-1,-1,1,-1,-1,1,-1,1,-1,-1,1,1,1,1,-1,-1,-1,1,1,1,-1,1,-1,1,1,1,1,-1,-1,-1,1,1,1,1,-1,1,-1,1,-1,1,-1,1,1,-1,-1,1,1,1,-1,-1,-1,1,1,1,1,1,-1,-1,-1,1,1,1,1,-1,-1,-1,1,-1,1,-1,-1,-1,1,1,1,1,1,-1,-1,-1,1,1,1,1,-1,-1,-1,1,1,-1,1,-1,-1,-1,1,1,1,1,-1,-1,1,1,1,1,-1,-1,1,1,-1,1,1,-1,-1,-1,1,1,1,1,1,-1,1,1,1,1,1,-1,-1,-1,1,-1,1,-1,-1,-1,-1,1,-1,1,1,1,-1,-1,1,-1,1,1,-1,-1,-1,1,1,1,1,-1,-1,-1,1,-1,1,1,-1,-1,-1,1,1,-1,-1,-1,-1,-1,1,-1,1,-1,-1,-1,-1,-1,-1,-1,1,-1,-1,-1,1,-1,-1,1,-1,-1,-1,-1,-1,-1,1,-1,-1,-1,-1,-1,1,-1,-1,-1,1,-1,-1,1,-1,1,-1,-1,-1,-1,-1,-1,-1,1,-1,-1,-1,1,1,1,-1,-1,1,-1,-1,-1,-1,-1,1,-1,-1,1,1,1,-1,-1,-1,-1,1,-1,1,1,-1,1,-1,-1,1,1,-1,-1,-1,-1,-1,-1,1,1,-1,-1,1,-1,1,1,-1,-1,-1,1,-1,1,1,-1,-1,1,-1,-1,1,1,1,-1,1,-1,1,1,1,-1,-1,1,-1,-1,1,1,1,-1,1,-1,-1,1,1,-1,1,1,-1,-1,1,1,-1,1,1,-1,-1,1,1,1,1,1,-1,-1,1,1,1,1,-1,1,-1,-1,1,1,-1,1,-1,-1,1,-1,1,1,1,1,-1,-1,1,-1,1,1,1,-1,1,1,1,1,-1,1,-1,1,1,1,1,1,1,1,-1,1,1,1,1,-1,1,-1,1,1,1,1,1,-1,1,1,1,1,-1,1,1,-1,1,1,-1,1,1,-1,-1,1,1,1,1,-1,1,-1,1,1,1,-1,-1,1,-1,1,1,1,-1,1,-1,-1,-1,1,1,-1,-1,1,-1,-1,1,1,1,-1,1,-1,-1,1,1,1,-1,-1,-1,-1,1,1,-1,-1,-1,1,-1,1,1,-1,1,1,-1,1,1,-1,-1,1,1,-1,-1,1,1,-1,1,1,-1,1,1,-1,-1,-1,-1,1,-1,-1,-1,-1,1,-1,-1,1,1,-1,1,1,-1,1,1,1,1,-1,1,-1,1,1,1,-1,-1,1,-1,-1,-1,1,-1,-1,1,-1,1,1,1,-1,-1,1,-1,1,1,1,1,-1,1,-1,-1,1,1,1,-1,-1,1,-1,1,-1,1,-1,1,-1,-1,1,-2670.0,1,2000,445,0,False
702,1,1,-1,-1,1,-1,-1,-1,1,1,1,-1,1,1,1,1,-1,1,-1,-1,-1,-1,1,1,1,-1,1,-1,1,1,1,1,1,-1,-1,-1,1,-1,1,1,-1,-1,-1,1,1,1,1,-1,1,1,1,1,-1,1,-1,-1,1,-1,1,1,1,-1,-1,-1,1,1,1,1,-1,-1,-1,1,1,1,1,-1,-1,-1,1,1,1,-1,-1,-1,1,1,1,1,-1,-1,1,1,1,1,1,-1,-1,-1,1,-1,1,1,-1,-1,1,1,1,1,1,-1,-1,-1,1,1,1,1,-1,-1,1,1,1,1,1,1,-1,-1,1,1,-1,1,1,-1,1,1,1,1,1,1,-1,1,1,1,1,1,1,-1,1,1,1,1,1,1,-1,-1,-1,1,1,1,1,-1,1,1,1,1,-1,1,-1,1,-1,1,1,1,-1,-1,1,1,1,1,1,-1,1,-1,-1,1,-1,1,-1,1,1,1,1,1,1,1,1,1,-1,1,-1,1,-1,1,1,-1,1,-1,1,1,-1,1,-1,1,-1,1,-1,1,1,-1,1,-1,1,1,1,1,-1,-1,1,1,-1,-1,1,-1,1,-1,-1,1,-1,1,-1,1,-1,1,-1,1,1,-1,1,-1,1,1,-1,1,-1,1,1,1,-1,1,1,-1,1,-1,1,-1,1,-1,1,-1,1,1,-1,1,-1,-1,-1,1,1,-1,1,-1,-1,-1,1,1,-1,-1,1,1,-1,-1,1,1,-1,1,1,-1,1,1,1,1,-1,1,-1,1,1,-1,1,-1,1,1,1,1,1,1,1,1,-1,-1,1,-1,-1,-1,1,1,-1,1,1,1,-1,1,1,1,1,1,1,-1,1,-1,1,1,1,-1,-1,1,-1,1,1,1,-1,1,1,-1,-1,1,1,1,-1,1,-1,1,1,1,-1,1,1,-1,1,1,1,-1,1,1,-1,1,1,1,-1,1,1,-1,-1,1,1,-1,1,1,-1,1,-1,1,-1,1,1,1,-1,1,1,1,-1,1,1,-1,1,1,-1,1,-1,1,-1,-1,-1,-1,1,1,1,-1,1,1,-1,1,1,-1,-1,1,1,1,1,1,-1,1,1,1,-1,1,1,1,-1,-1,1,1,1,-1,1,-1,1,1,1,1,1,1,-1,-1,-1,1,-1,-1,1,1,-1,1,1,1,1,1,1,1,-1,1,-1,-1,1,-1,1,-1,1,1,-1,1,1,1,-1,-1,1,-1,1,1,1,-1,1,1,1,-1,1,1,-1,-1,1,-1,1,1,1,-1,1,1,1,1,1,1,-1,1,-1,-1,1,1,-1,-1,1,-1,-1,1,1,-1,-1,1,-1,1,1,1,-1,-1,1,-1,-1,1,1,-1,-1,1,-1,1,1,1,1,-1,1,1,-1,-1,1,1,-1,-1,1,1,-1,1,-1,-1,1,-1,-1,1,-1,1,-1,-1,1,-1,1,-1,1,-1,-1,1,-1,-1,1,1,1,-1,1,-1,1,-1,1,-1,1,-1,-1,-1,1,-1,-1,1,1,1,-1,1,-1,1,1,1,-1,1,1,-1,1,-1,1,-1,-1,1,-1,-1,1,1,1,-1,1,-1,-1,1,1,-1,-1,1,-1,-1,1,1,-1,-1,1,-1,-1,-1,1,1,-1,1,-1,-1,-1,1,-1,-1,1,-1,1,-1,1,1,-1,-1,1,-1,-1,-1,-1,-1,1,1,1,-1,1,1,-1,-1,1,-1,1,-1,-1,-1,-1,1,-1,-1,-1,-1,-1,1,1,-1,1,1,-1,-1,-1,1,1,-1,-1,-1,-1,1,1,-1,-1,1,-1,-1,-1,1,1,-1,-1,-1,-1,-1,1,-1,-1,1,-1,-1,1,1,1,-1,1,-1,-1,-1,1,1,-1,-1,-1,-1,-1,1,1,1,-1,-1,-1,-1,1,1,-1,-1,-1,-1,1,1,1,1,-1,-1,1,1,1,1,1,-1,-1,-1,1,1,1,-1,1,-1,1,1,1,1,-1,1,-1,-1,1,-1,1,-1,1,-1,-1,1,-1,1,-1,-1,-1,-1,1,-1,1,-1,1,1,-1,1,-1,1,-1,1,1,-1,1,-1,1,-1,-1,-1,-1,1,1,-1,-1,-1,-1,-1,1,-1,1,-1,-1,-1,-1,-1,-1,-1,1,-1,-1,-1,1,-1,-1,1,-1,-1,-1,-1,-1,1,1,-1,-1,-1,-1,-1,1,-1,-1,-1,1,-1,-1,1,-1,1,-1,-1,-1,-1,-1,-1,-1,1,-1,-1,-1,1,1,1,-1,-1,1,1,-1,-1,-1,-1,1,-1,-1,1,-1,1,-1,-1,-1,-1,1,-1,1,1,-1,1,-1,-1,1,1,-1,-1,-1,-1,-1,-1,1,1,-1,-1,1,-1,1,1,-1,-1,-1,1,-1,-1,1,-1,-1,1,-1,-1,1,1,1,-1,1,-1,1,1,1,-1,-1,1,-1,-1,1,1,1,-1,1,-1,-1,1,1,-1,1,1,-1,-1,1,1,1,1,1,-1,-1,1,1,1,1,1,-1,-1,1,1,1,1,1,1,-1,-1,1,1,-1,1,-1,-1,1,-1,1,1,1,1,-1,-1,1,-1,1,1,1,-1,1,1,1,1,-1,1,-1,1,1,1,1,1,1,1,-1,1,1,1,1,-1,1,-1,1,1,1,1,1,-1,1,1,1,1,-1,1,1,-1,1,1,-1,1,1,-1,-1,1,1,1,1,-1,1,-1,1,1,1,-1,-1,1,-1,1,1,1,-1,1,-1,-1,-1,1,1,-1,-1,1,-1,-1,1,1,-1,-1,1,-1,-1,1,1,1,-1,1,-1,-1,1,1,-1,-1,-1,1,-1,-1,1,-1,1,1,-1,1,1,-1,-1,1,-1,-1,-1,1,1,-1,1,1,-1,1,1,-1,-1,1,-1,1,-1,-1,-1,-1,1,-1,-1,1,1,-1,1,1,-1,1,1,1,1,-1,1,-1,1,1,1,-1,-1,1,-1,-1,-1,1,-1,-1,1,-1,1,1,1,-1,-1,1,-1,1,1,1,1,-1,1,-1,-1,1,1,1,-1,-1,1,-1,1,-1,1,-1,1,-1,-1,1,-2670.0,1,2000,445,500,False
703,1,1,-1,-1,1,1,-1,-1,1,1,1,-1,1,1,1,1,-1,1,-1,-1,-1,-1,1,1,1,-1,-1,-1,1,1,1,1,-1,-1,-1,-1,1,-1,1,1,-1,-1,-1,1,1,1,1,-1,1,1,1,1,-1,1,-1,-1,1,-1,1,1,1,-1,-1,-1,1,1,1,1,-1,-1,-1,1,1,1,1,-1,-1,-1,1,1,1,-1,-1,-1,1,1,1,1,-1,1,-1,1,1,1,1,-1,-1,1,1,-1,1,1,-1,-1,1,1,1,1,1,-1,-1,1,1,1,1,1,-1,-1,1,1,1,1,1,1,-1,1,1,1,-1,1,1,-1,1,1,1,1,1,1,-1,-1,1,1,1,1,1,-1,1,1,1,1,1,1,-1,-1,-1,1,1,1,1,-1,1,1,1,1,-1,1,-1,1,-1,1,1,1,-1,-1,1,1,1,1,1,-1,1,-1,-1,1,-1,1,-1,1,1,1,1,1,1,1,1,1,-1,1,-1,1,-1,1,1,-1,1,-1,1,1,-1,1,-1,1,-1,1,-1,1,1,-1,1,-1,1,1,1,1,-1,-1,1,1,-1,-1,1,-1,1,-1,1,1,-1,1,-1,1,-1,1,-1,1,1,-1,1,-1,1,1,-1,1,-1,1,1,1,-1,1,1,-1,1,-1,1,-1,1,-1,1,-1,1,1,-1,1,-1,-1,-1,1,1,-1,1,-1,-1,-1,1,1,-1,-1,1,1,-1,-1,1,1,-1,1,1,-1,1,1,1,1,-1,1,-1,1,1,-1,1,-1,1,-1,1,1,1,1,1,1,-1,-1,1,-1,-1,-1,1,1,-1,1,1,1,-1,1,1,1,1,1,1,-1,1,-1,1,1,1,-1,1,1,-1,1,1,1,-1,1,1,-1,-1,1,1,1,-1,1,-1,1,1,1,-1,1,1,-1,1,1,1,-1,1,1,-1,1,1,1,-1,1,1,-1,-1,1,1,-1,1,1,-1,1,-1,1,-1,1,1,1,-1,1,1,1,1,1,1,-1,1,1,-1,1,-1,1,-1,-1,-1,-1,1,1,1,-1,1,1,-1,1,1,-1,-1,1,1,1,1,1,-1,1,1,1,-1,1,1,1,1,-1,1,1,1,-1,1,-1,1,1,1,1,1,1,-1,-1,-1,1,-1,-1,1,-1,1,-1,1,1,1,1,1,-1,-1,1,-1,-1,1,-1,1,-1,1,1,-1,1,1,1,-1,-1,1,-1,1,1,-1,-1,1,1,1,-1,1,-1,-1,-1,1,-1,1,1,-1,-1,1,1,1,1,-1,1,-1,1,-1,1,1,-1,-1,-1,1,-1,1,1,-1,-1,-1,1,-1,1,1,1,-1,-1,1,-1,-1,1,-1,-1,-1,1,-1,1,1,1,-1,-1,1,1,-1,1,-1,-1,-1,-1,1,-1,1,-1,-1,-1,1,1,-1,1,-1,-1,-1,-1,1,-1,1,-1,-1,1,-1,1,-1,-1,1,1,1,-1,1,-1,1,-1,1,-1,1,-1,-1,-1,1,-1,-1,1,1,1,-1,1,-1,1,1,1,-1,1,1,-1,1,-1,1,-1,-1,1,-1,-1,1,1,1,-1,1,-1,-1,1,1,-1,-1,1,-1,-1,1,1,-1,-1,1,-1,-1,-1,1,1,-1,1,1,-1,-1,1,-1,-1,1,-1,1,-1,1,1,-1,-1,1,-1,-1,-1,-1,-1,1,1,1,-1,-1,1,-1,-1,1,-1,-1,1,-1,-1,-1,1,-1,-1,1,-1,-1,1,1,-1,1,-1,-1,-1,-1,1,1,-1,-1,-1,-1,1,1,-1,-1,1,-1,-1,-1,1,1,-1,-1,-1,-1,-1,1,-1,-1,-1,-1,-1,1,1,1,-1,-1,-1,-1,-1,1,1,-1,-1,-1,-1,-1,1,1,1,-1,-1,-1,-1,1,1,-1,-1,-1,-1,1,1,1,1,1,-1,1,1,1,1,1,1,-1,-1,1,1,1,-1,1,-1,1,1,1,1,-1,1,-1,-1,1,-1,1,-1,1,-1,-1,1,-1,1,-1,1,-1,-1,1,-1,1,-1,1,1,-1,1,-1,1,1,1,1,-1,1,-1,1,1,1,-1,-1,1,1,-1,1,1,-1,-1,1,-1,1,-1,1,-1,-1,-1,-1,-1,1,1,-1,-1,1,-1,-1,1,1,-1,-1,-1,-1,-1,-1,1,-1,-1,-1,-1,-1,1,-1,-1,1,-1,-1,1,-1,1,-1,-1,-1,-1,-1,1,1,1,-1,-1,-1,1,1,1,-1,-1,-1,1,-1,-1,1,-1,1,-1,-1,1,1,1,-1,-1,-1,-1,1,-1,1,1,-1,1,-1,-1,1,1,-1,-1,-1,-1,-1,-1,1,1,-1,-1,1,-1,1,1,-1,-1,-1,1,-1,1,1,-1,-1,1,-1,-1,1,1,1,-1,1,-1,1,1,1,-1,-1,1,-1,-1,1,1,1,-1,1,-1,-1,1,1,-1,1,1,-1,-1,1,1,1,1,1,-1,-1,1,1,-1,1,1,-1,-1,1,1,1,1,1,1,-1,-1,1,1,-1,1,-1,-1,1,-1,1,1,1,1,-1,-1,1,-1,1,1,1,-1,1,1,1,1,-1,1,-1,1,1,1,1,1,1,1,-1,1,1,1,1,-1,1,-1,1,1,1,1,1,-1,1,1,1,1,-1,1,1,-1,1,1,-1,1,1,-1,-1,1,1,1,1,-1,1,-1,1,1,1,-1,-1,1,-1,1,1,1,-1,1,-1,-1,-1,1,1,-1,-1,1,-1,-1,1,1,1,-1,1,-1,-1,1,1,1,-1,1,-1,-1,1,1,-1,-1,1,1,-1,1,1,-1,1,1,-1,1,1,-1,-1,1,-1,-1,-1,-1,1,-1,1,1,-1,1,1,-1,-1,-1,-1,1,-1,-1,-1,-1,1,-1,-1,1,1,-1,1,1,-1,1,1,1,1,-1,1,-1,1,1,1,1,-1,1,-1,-1,-1,1,1,-1,1,-1,1,1,1,1,-1,1,-1,1,1,1,-1,-1,1,-1,-1,1,1,-1,-1,-1,1,-1,1,-1,1,-1,1,-1,-1,1,-2670.0,1,2000,445,500,False
704,1,1,-1,-1,1,1,-1,-1,1,1,1,-1,1,1,1,1,-1,1,1,-1,-1,-1,1,1,1,1,-1,-1,1,1,1,1,-1,-1,-1,-1,1,-1,1,1,-1,-1,-1,1,1,1,1,-1,1,1,1,1,-1,1,-1,-1,1,-1,1,1,1,-1,-1,-1,1,1,1,1,-1,-1,-1,1,1,1,1,-1,-1,-1,1,1,1,-1,-1,-1,1,1,1,1,-1,-1,-1,1,1,1,1,-1,-1,1,1,-1,1,1,-1,-1,1,1,1,1,1,-1,-1,1,1,-1,1,1,-1,-1,1,1,1,1,1,1,-1,1,1,1,-1,1,1,-1,1,1,1,1,1,1,-1,-1,1,1,1,1,1,-1,1,1,1,1,1,1,-1,-1,-1,1,1,1,1,-1,1,1,1,1,-1,1,-1,1,1,1,1,1,-1,-1,1,1,1,1,1,-1,1,-1,-1,1,-1,1,-1,1,1,1,1,1,1,1,1,1,-1,1,-1,1,-1,1,1,-1,1,-1,1,1,-1,1,-1,1,-1,1,-1,1,1,-1,1,-1,1,1,1,1,-1,-1,1,1,-1,-1,1,-1,1,-1,-1,1,-1,1,-1,1,-1,1,-1,-1,1,-1,-1,-1,1,1,-1,1,-1,1,1,1,-1,1,1,-1,-1,-1,1,-1,1,-1,1,-1,1,1,-1,1,-1,-1,-1,1,1,-1,1,-1,-1,-1,1,1,-1,-1,1,1,-1,-1,1,1,-1,1,1,-1,1,1,1,1,-1,1,-1,1,1,-1,1,-1,1,1,-1,1,1,1,1,1,-1,-1,1,-1,-1,-1,1,1,-1,1,1,1,-1,1,-1,-1,1,1,1,-1,1,-1,1,1,1,-1,-1,1,-1,1,1,1,-1,1,1,-1,-1,1,1,1,-1,1,-1,1,1,1,-1,1,1,-1,1,1,1,-1,1,-1,-1,1,1,1,-1,1,-1,-1,-1,1,1,-1,1,-1,-1,1,-1,1,-1,1,1,-1,-1,1,1,1,-1,1,-1,-1,1,1,-1,1,-1,-1,-1,-1,-1,-1,1,-1,-1,-1,1,1,-1,1,-1,1,-1,1,1,1,1,1,-1,1,1,1,-1,1,-1,-1,-1,-1,1,1,1,1,-1,-1,1,1,1,1,-1,-1,1,-1,-1,1,-1,1,-1,-1,1,-1,1,1,-1,-1,1,1,-1,1,-1,1,-1,-1,1,-1,1,1,-1,-1,-1,1,-1,-1,1,1,-1,-1,1,-1,1,1,-1,1,-1,1,-1,-1,1,1,-1,-1,1,-1,1,1,-1,-1,1,1,-1,1,-1,1,-1,1,-1,-1,1,-1,1,-1,1,-1,-1,1,-1,-1,-1,1,-1,-1,1,-1,1,-1,1,-1,-1,1,-1,-1,1,-1,1,-1,1,1,1,-1,1,1,-1,-1,1,1,-1,1,-1,-1,1,1,1,1,1,1,-1,-1,1,1,-1,1,1,-1,-1,1,1,1,-1,1,1,-1,1,1,1,1,-1,-1,1,-1,-1,-1,1,-1,1,1,-1,1,-1,1,-1,1,-1,-1,-1,1,1,-1,1,1,-1,-1,1,1,-1,1,1,-1,1,-1,1,-1,-1,-1,-1,-1,-1,1,-1,-1,-1,-1,-1,-1,1,-1,1,1,1,1,-1,1,-1,1,1,-1,-1,-1,1,-1,-1,1,-1,1,-1,-1,1,1,1,1,-1,-1,-1,1,1,1,-1,1,-1,1,1,1,1,-1,-1,-1,1,1,1,1,-1,1,-1,1,-1,1,-1,1,1,-1,-1,1,1,1,-1,-1,-1,1,1,1,1,1,-1,-1,-1,1,1,1,1,-1,-1,-1,1,-1,1,-1,-1,-1,1,1,1,1,1,-1,-1,-1,1,1,1,1,-1,-1,-1,1,1,-1,1,-1,-1,-1,1,1,1,1,-1,-1,1,1,1,1,-1,-1,1,1,-1,1,1,-1,-1,-1,1,1,1,1,1,-1,1,1,1,1,1,-1,-1,-1,1,-1,1,-1,-1,-1,-1,1,-1,1,1,-1,-1,-1,1,-1,1,1,-1,1,-1,1,1,1,1,-1,1,-1,1,-1,1,1,-1,-1,-1,1,1,-1,-1,-1,-1,-1,1,-1,1,-1,-1,-1,-1,-1,-1,-1,1,-1,-1,-1,1,-1,-1,1,-1,-1,-1,-1,-1,-1,1,-1,-1,-1,-1,-1,1,-1,-1,-1,1,-1,-1,1,-1,1,-1,-1,-1,-1,-1,-1,-1,1,-1,-1,-1,1,1,-1,-1,-1,1,-1,-1,-1,-1,-1,1,-1,-1,1,1,1,-1,-1,-1,-1,1,-1,1,1,-1,1,-1,-1,1,1,-1,-1,-1,-1,-1,-1,1,1,-1,-1,1,-1,1,1,-1,-1,-1,1,-1,1,1,-1,-1,1,-1,-1,1,1,1,-1,1,-1,1,1,1,-1,-1,1,-1,-1,1,1,1,-1,1,-1,-1,1,1,-1,1,1,-1,-1,1,1,-1,1,1,-1,-1,1,1,-1,1,1,-1,-1,1,1,1,1,-1,1,-1,-1,1,-1,1,1,-1,-1,1,-1,1,1,1,1,-1,-1,1,-1,1,1,1,-1,1,1,1,1,-1,1,-1,1,1,1,1,1,1,1,-1,1,1,1,1,-1,1,-1,1,1,1,1,1,-1,1,1,1,1,-1,1,1,-1,1,1,-1,1,1,-1,-1,1,1,1,1,-1,1,-1,1,1,1,-1,-1,1,-1,1,1,1,-1,1,-1,-1,-1,1,1,-1,-1,1,-1,-1,1,1,1,-1,1,-1,-1,1,1,1,-1,1,-1,-1,1,1,-1,-1,-1,1,-1,1,1,-1,1,1,-1,1,1,-1,-1,1,1,-1,-1,1,1,-1,1,1,-1,1,1,-1,-1,1,-1,1,-1,-1,-1,-1,1,-1,-1,1,1,-1,1,1,-1,1,1,1,1,-1,1,-1,1,1,1,1,-1,1,-1,-1,-1,1,1,-1,1,-1,1,1,1,1,-1,1,-1,1,1,1,-1,-1,1,-1,-1,1,1,-1,-1,-1,1,-1,1,1,1,-1,1,-1,-1,1,-2670.0,1,2000,445,1000,False
705,1,1,-1,-1,1,1,-1,-1,1,1,1,-1,1,1,1,1,-1,1,1,-1,-1,-1,1,1,1,1,-1,-1,1,1,1,1,-1,-1,-1,-1,1,1,1,1,-1,-1,-1,1,1,1,1,-1,1,1,1,1,-1,1,-1,-1,1,-1,1,1,1,-1,-1,-1,1,1,1,1,-1,-1,-1,1,1,1,1,-1,-1,-1,1,1,1,-1,-1,-1,1,1,1,1,-1,-1,1,1,1,1,1,-1,-1,-1,1,-1,1,1,-1,-1,1,1,1,1,1,-1,-1,-1,1,-1,1,1,-1,-1,1,1,1,1,1,1,-1,-1,1,1,-1,1,1,-1,1,1,1,1,1,1,-1,1,1,1,1,1,1,-1,1,1,1,1,1,1,-1,-1,-1,1,1,1,1,-1,1,1,1,1,-1,1,-1,1,-1,1,1,1,-1,-1,1,1,1,1,1,-1,1,-1,-1,1,-1,1,-1,1,1,1,1,1,1,1,1,1,-1,1,-1,1,-1,1,1,-1,1,-1,1,1,-1,1,-1,1,-1,1,-1,1,1,-1,1,-1,1,1,1,1,-1,-1,1,1,-1,-1,1,-1,1,-1,-1,1,-1,1,-1,1,-1,1,-1,1,1,-1,1,-1,1,1,-1,1,-1,1,1,1,-1,1,1,-1,1,-1,1,-1,1,-1,1,-1,1,1,-1,1,-1,-1,-1,1,1,-1,1,-1,-1,-1,1,1,-1,-1,1,1,-1,-1,1,1,-1,1,1,-1,1,1,1,1,-1,1,-1,1,1,-1,1,-1,1,1,-1,1,1,1,1,1,-1,-1,1,-1,-1,1,1,1,-1,1,1,1,-1,1,-1,-1,1,1,1,-1,1,-1,1,1,1,-1,1,1,-1,1,1,1,-1,1,1,-1,-1,1,1,1,-1,1,-1,1,1,1,-1,1,1,-1,1,1,1,-1,1,-1,-1,1,1,1,-1,1,-1,-1,-1,1,1,-1,1,-1,-1,1,-1,1,-1,1,1,-1,-1,1,1,1,-1,1,-1,-1,1,1,-1,1,-1,-1,-1,-1,-1,-1,1,-1,-1,-1,1,1,-1,1,-1,1,-1,1,1,1,1,-1,-1,1,1,1,-1,1,-1,-1,-1,-1,1,1,1,1,-1,-1,1,1,1,1,-1,-1,1,-1,-1,1,-1,1,-1,-1,1,-1,1,1,-1,-1,1,1,-1,1,-1,1,-1,-1,1,-1,1,1,-1,-1,-1,1,-1,-1,1,1,-1,-1,1,-1,1,1,-1,1,-1,1,-1,-1,1,1,-1,-1,1,-1,1,1,-1,-1,1,1,-1,1,-1,1,-1,1,-1,-1,1,-1,1,-1,1,-1,-1,1,-1,-1,-1,1,-1,-1,1,1,1,-1,1,-1,-1,1,-1,-1,1,-1,1,-1,1,-1,1,-1,1,1,-1,-1,-1,1,-1,1,-1,-1,1,-1,1,1,1,1,-1,-1,1,1,-1,1,1,1,-1,1,1,1,-1,1,1,-1,1,1,1,1,-1,-1,1,-1,-1,-1,1,-1,1,1,-1,1,-1,1,-1,1,-1,-1,-1,1,1,-1,1,1,-1,-1,-1,1,-1,1,1,-1,1,-1,1,-1,-1,-1,-1,-1,-1,1,-1,-1,-1,-1,-1,-1,1,-1,1,1,1,1,-1,1,-1,1,1,-1,-1,-1,1,-1,-1,1,-1,1,-1,-1,1,1,1,1,-1,-1,1,1,1,1,-1,1,-1,-1,1,1,1,-1,-1,-1,-1,1,1,1,-1,1,-1,1,-1,1,-1,1,1,-1,-1,1,1,1,-1,-1,-1,-1,1,1,1,1,-1,-1,-1,1,1,1,1,-1,-1,-1,1,-1,1,-1,-1,-1,1,1,1,1,1,-1,-1,-1,1,1,1,1,-1,-1,-1,1,1,-1,1,-1,-1,-1,1,1,1,1,-1,-1,1,1,1,1,-1,-1,1,1,-1,1,1,-1,-1,-1,1,1,1,1,1,-1,1,1,1,1,1,-1,-1,-1,1,-1,1,-1,-1,-1,-1,1,-1,1,1,-1,-1,-1,1,-1,1,1,-1,-1,-1,1,1,1,1,-1,-1,-1,1,-1,1,1,-1,-1,-1,1,1,-1,-1,-1,-1,-1,1,-1,1,-1,-1,-1,-1,-1,-1,-1,1,-1,-1,-1,1,-1,-1,1,-1,-1,-1,-1,-1,1,1,-1,-1,-1,-1,-1,1,-1,-1,-1,1,-1,-1,1,-1,1,-1,-1,-1,-1,-1,-1,-1,1,-1,-1,-1,1,1,1,-1,-1,1,-1,-1,-1,-1,-1,1,-1,-1,1,1,1,-1,-1,-1,-1,1,-1,1,1,-1,1,-1,-1,1,1,-1,-1,-1,-1,-1,-1,1,1,-1,-1,1,-1,1,1,-1,-1,-1,1,-1,1,1,-1,-1,1,-1,-1,1,1,1,-1,1,-1,1,1,1,-1,-1,1,-1,-1,1,1,1,-1,1,-1,-1,1,1,-1,1,1,-1,-1,1,1,-1,1,1,-1,-1,1,1,-1,1,1,-1,-1,1,1,1,1,1,1,-1,-1,1,-1,1,1,-1,-1,1,-1,1,1,1,1,-1,-1,1,-1,1,1,1,-1,1,1,1,1,-1,1,-1,1,1,1,1,1,1,1,-1,1,1,1,1,-1,1,-1,1,1,1,1,1,-1,1,1,1,1,-1,1,1,-1,1,1,-1,1,1,-1,-1,1,1,1,1,-1,1,-1,1,1,1,-1,-1,1,-1,1,1,1,-1,1,-1,-1,-1,1,1,-1,-1,1,-1,-1,1,1,-1,-1,1,-1,-1,1,1,1,-1,1,-1,-1,1,1,-1,-1,-1,1,-1,1,1,-1,1,1,-1,1,1,-1,-1,1,1,-1,-1,1,1,-1,1,1,-1,1,1,-1,-1,-1,-1,1,-1,-1,-1,-1,1,-1,-1,1,1,-1,1,1,-1,1,1,1,1,-1,1,-1,1,1,1,-1,-1,1,-1,-1,1,1,-1,-1,1,-1,1,1,1,-1,-1,1,-1,1,1,1,1,-1,1,-1,-1,1,1,1,-1,-1,1,-1,1,-1,1,-1,1,-1,-1,1,-2670.0,1,2000,445,0,False
706,1,1,-1,-1,1,-1,-1,-1,1,1,1,-1,1,1,1,1,-1,1,-1,-1,1,-1,1,1,1,-1,-1,-1,1,1,1,1,1,-1,-1,-1,1,1,1,1,-1,-1,-1,1,1,1,1,-1,1,1,1,1,-1,1,-1,-1,1,-1,1,1,1,-1,-1,-1,1,1,1,1,-1,-1,-1,1,1,1,1,-1,-1,-1,1,1,1,-1,-1,-1,1,1,1,1,-1,-1,-1,1,1,1,1,-1,-1,1,1,-1,1,1,-1,-1,1,1,1,1,1,-1,-1,1,1,-1,1,1,-1,-1,1,1,1,1,1,1,-1,-1,1,1,-1,1,1,-1,1,1,1,1,1,1,-1,-1,1,1,1,1,1,-1,1,1,1,1,1,1,-1,-1,-1,1,1,1,1,-1,1,1,1,1,-1,1,-1,1,-1,1,1,1,-1,-1,1,1,1,1,1,-1,1,-1,-1,1,-1,1,-1,1,1,1,1,1,1,1,1,1,1,1,-1,1,-1,1,1,-1,1,-1,1,1,-1,1,-1,1,-1,1,-1,1,1,-1,-1,-1,1,1,1,1,-1,-1,1,1,-1,-1,1,-1,1,-1,-1,1,-1,1,-1,1,-1,1,-1,1,1,-1,-1,-1,1,1,-1,1,-1,1,1,1,-1,1,1,-1,-1,-1,1,-1,1,-1,1,-1,1,1,-1,1,-1,-1,-1,1,1,-1,1,-1,-1,-1,1,1,-1,-1,1,1,-1,-1,1,1,-1,1,1,-1,1,1,1,1,-1,1,-1,1,1,-1,1,-1,1,1,-1,1,1,-1,-1,1,-1,-1,1,-1,-1,-1,1,1,-1,1,1,1,-1,1,-1,-1,1,1,1,1,1,-1,1,1,1,1,-1,1,-1,1,1,1,-1,1,1,-1,-1,1,1,1,-1,1,-1,1,1,1,-1,1,1,-1,1,1,1,-1,1,-1,-1,1,1,1,1,1,-1,-1,-1,1,1,-1,1,-1,-1,1,-1,1,-1,1,1,-1,-1,1,1,1,-1,1,-1,-1,1,1,-1,1,-1,-1,-1,-1,-1,-1,1,1,-1,-1,1,1,-1,1,-1,-1,-1,1,1,1,1,-1,-1,1,1,1,-1,1,-1,-1,-1,-1,1,1,1,1,-1,-1,1,1,1,1,-1,-1,1,-1,-1,1,-1,1,-1,-1,1,-1,1,1,-1,-1,1,1,-1,1,-1,1,-1,-1,1,-1,1,1,-1,-1,-1,1,-1,-1,1,1,-1,-1,1,-1,1,1,-1,1,-1,1,-1,-1,1,1,-1,-1,1,-1,1,1,-1,-1,1,1,-1,1,-1,1,-1,1,-1,1,1,-1,1,-1,1,-1,-1,1,-1,-1,-1,1,-1,-1,1,1,1,-1,1,-1,-1,1,-1,-1,1,-1,1,-1,1,1,1,-1,1,1,-1,1,-1,1,-1,1,-1,-1,1,-1,1,1,1,1,-1,-1,1,1,-1,1,1,-1,1,1,1,1,-1,1,1,-1,1,1,1,1,-1,1,1,-1,-1,-1,1,-1,-1,1,-1,1,-1,1,-1,1,-1,-1,-1,1,1,-1,1,1,-1,-1,-1,1,-1,1,1,-1,1,-1,1,-1,-1,-1,-1,-1,-1,1,-1,-1,-1,-1,-1,-1,1,-1,1,1,1,1,-1,1,-1,1,1,-1,-1,-1,1,-1,-1,1,-1,1,-1,-1,1,1,1,1,-1,-1,1,1,1,1,-1,1,-1,-1,1,1,1,-1,-1,-1,1,1,1,1,-1,1,-1,1,-1,1,-1,1,1,-1,-1,1,1,1,-1,-1,-1,1,1,1,1,1,-1,-1,-1,1,1,1,1,-1,-1,-1,1,1,1,-1,-1,-1,-1,1,1,1,1,-1,-1,1,1,1,1,1,-1,-1,-1,1,1,-1,1,-1,-1,-1,1,1,1,1,-1,-1,1,1,1,1,-1,-1,1,1,-1,1,1,-1,-1,-1,1,1,1,1,1,-1,1,1,1,1,1,-1,-1,-1,1,-1,1,-1,-1,-1,-1,1,-1,1,1,1,-1,-1,1,-1,1,1,-1,-1,-1,1,1,1,1,-1,-1,-1,1,-1,1,1,-1,-1,-1,1,1,-1,-1,-1,-1,-1,1,-1,1,-1,-1,-1,-1,-1,-1,-1,1,-1,-1,-1,1,-1,-1,1,-1,-1,-1,-1,-1,-1,1,-1,-1,-1,-1,-1,1,-1,-1,-1,1,-1,-1,1,-1,1,-1,-1,-1,-1,-1,-1,-1,1,-1,-1,-1,1,1,1,-1,-1,1,1,-1,-1,-1,-1,1,-1,-1,1,1,1,-1,-1,-1,-1,1,-1,1,1,-1,1,-1,-1,1,1,-1,-1,-1,-1,-1,-1,1,1,-1,-1,1,-1,1,1,-1,-1,-1,1,-1,1,1,-1,-1,1,-1,-1,1,1,1,-1,1,-1,1,1,1,-1,-1,1,-1,-1,1,-1,1,-1,1,-1,-1,1,1,-1,1,1,-1,-1,1,1,1,1,1,-1,-1,1,1,1,1,1,-1,-1,1,1,1,1,1,1,-1,-1,1,1,1,1,-1,-1,1,-1,1,1,1,1,-1,-1,1,-1,1,1,1,-1,1,-1,1,1,-1,1,-1,1,1,1,1,1,1,1,-1,-1,1,1,1,-1,1,-1,1,1,1,1,1,-1,1,-1,1,1,-1,-1,1,-1,1,1,-1,1,1,-1,-1,1,1,1,-1,1,1,-1,-1,1,1,-1,-1,1,-1,1,1,1,-1,1,-1,-1,-1,1,1,-1,-1,1,-1,-1,1,1,-1,-1,1,-1,-1,1,1,1,1,-1,-1,-1,1,1,-1,-1,-1,1,-1,-1,1,-1,1,1,-1,1,1,-1,-1,1,1,-1,-1,1,1,-1,1,1,-1,1,1,-1,-1,-1,-1,1,-1,-1,-1,-1,1,-1,-1,1,1,-1,1,1,-1,1,1,1,1,-1,1,-1,1,1,1,1,-1,1,-1,-1,1,1,1,-1,1,-1,1,1,1,1,-1,1,-1,1,1,-1,-1,-1,1,-1,-1,1,1,-1,-1,-1,1,-1,1,-1,1,-1,1,-1,-1,1,-2670.0,1,2000,445,0,False
707,1,1,-1,-1,1,1,-1,-1,1,1,1,-1,-1,1,1,1,-1,1,-1,-1,-1,-1,1,1,1,-1,-1,-1,1,1,1,1,-1,-1,-1,-1,1,1,1,1,-1,-1,-1,1,1,1,1,-1,1,1,1,1,-1,1,-1,-1,1,-1,1,1,1,-1,-1,-1,1,1,1,1,-1,-1,-1,1,1,1,1,-1,-1,-1,1,1,1,-1,-1,-1,1,1,1,1,-1,1,-1,1,1,1,1,-1,-1,1,1,-1,1,1,-1,-1,1,1,1,1,1,-1,-1,1,1,1,1,1,-1,-1,1,1,1,1,1,1,-1,1,1,1,-1,1,1,-1,1,1,1,1,1,1,-1,-1,1,1,1,1,1,-1,1,1,1,1,1,1,-1,-1,-1,1,1,1,1,-1,1,1,1,1,-1,1,-1,1,1,1,1,1,-1,-1,1,1,1,1,1,-1,1,-1,-1,1,-1,1,-1,1,1,1,1,1,1,1,1,1,-1,1,-1,1,-1,1,1,-1,1,-1,1,1,-1,1,-1,1,-1,1,-1,1,1,-1,1,-1,1,1,1,1,-1,-1,1,1,-1,-1,1,-1,1,-1,-1,1,-1,1,-1,1,-1,1,-1,1,1,-1,-1,-1,1,1,-1,1,-1,1,1,1,-1,1,1,-1,-1,-1,1,-1,1,-1,1,-1,1,1,-1,1,-1,-1,-1,1,1,-1,1,-1,-1,-1,1,1,-1,-1,1,1,-1,-1,1,1,-1,1,1,-1,1,1,1,1,-1,1,-1,1,1,-1,1,-1,1,1,-1,1,1,1,1,1,-1,-1,1,-1,-1,1,1,1,-1,1,1,1,-1,1,-1,-1,1,1,1,1,1,-1,1,1,1,-1,1,1,-1,1,1,1,-1,1,1,-1,-1,1,1,1,-1,1,-1,1,1,1,-1,1,1,-1,1,1,1,-1,1,-1,-1,1,1,1,-1,1,-1,-1,-1,1,1,-1,1,-1,-1,1,-1,1,-1,1,1,-1,-1,1,1,1,-1,1,-1,-1,1,1,-1,1,-1,1,-1,-1,-1,-1,1,1,-1,-1,1,1,-1,1,1,-1,-1,1,1,1,1,1,-1,1,1,1,-1,1,-1,-1,-1,-1,1,1,1,1,-1,-1,1,1,1,1,-1,-1,1,-1,-1,1,-1,-1,-1,-1,1,-1,1,-1,1,-1,1,1,-1,1,-1,1,-1,-1,1,-1,1,1,1,-1,-1,1,-1,-1,1,1,-1,-1,1,-1,1,1,-1,1,-1,1,-1,-1,1,1,-1,-1,1,-1,1,1,1,-1,1,1,-1,1,-1,1,-1,1,-1,-1,1,-1,1,-1,1,-1,-1,1,-1,-1,-1,1,-1,-1,1,-1,1,-1,1,-1,-1,1,-1,-1,1,-1,1,-1,1,-1,1,-1,1,1,-1,-1,-1,1,-1,1,-1,-1,1,-1,-1,1,1,1,-1,-1,1,1,-1,1,1,-1,-1,1,1,1,-1,1,1,-1,1,1,1,1,-1,1,1,-1,-1,-1,1,-1,-1,-1,1,1,-1,1,-1,1,-1,-1,-1,1,1,-1,1,1,-1,-1,1,1,-1,1,-1,-1,1,-1,1,-1,-1,1,1,-1,-1,1,-1,-1,-1,-1,-1,-1,1,-1,1,1,1,1,-1,1,-1,-1,1,-1,-1,-1,1,-1,-1,-1,-1,1,-1,-1,1,1,-1,1,-1,-1,-1,1,1,1,-1,1,-1,1,1,1,1,-1,-1,-1,1,1,1,1,-1,-1,-1,1,-1,1,-1,1,-1,-1,-1,1,1,1,-1,-1,-1,1,1,1,1,1,-1,-1,-1,1,1,1,1,-1,-1,-1,1,1,1,-1,-1,-1,1,1,1,1,1,-1,-1,-1,1,1,1,1,-1,-1,-1,1,1,-1,1,-1,-1,-1,1,1,1,1,-1,-1,1,1,1,1,-1,-1,1,1,-1,1,1,-1,-1,-1,1,1,1,1,1,-1,1,1,1,1,1,-1,-1,-1,1,-1,1,-1,-1,-1,-1,1,-1,1,1,-1,-1,-1,1,-1,1,1,-1,-1,-1,1,1,1,1,-1,-1,-1,1,-1,1,1,-1,-1,-1,1,1,-1,-1,-1,-1,-1,1,-1,1,-1,-1,-1,-1,-1,-1,-1,1,-1,-1,-1,1,-1,-1,1,-1,-1,-1,-1,-1,1,1,-1,-1,-1,-1,-1,1,-1,-1,-1,1,-1,-1,1,-1,1,-1,-1,-1,-1,-1,-1,-1,1,-1,-1,-1,1,1,-1,-1,-1,1,-1,-1,-1,-1,-1,1,-1,-1,1,1,1,-1,-1,-1,-1,1,-1,1,1,-1,1,-1,-1,1,1,-1,-1,-1,-1,-1,-1,1,1,-1,-1,1,-1,1,1,-1,-1,-1,1,-1,1,1,-1,-1,1,-1,-1,1,1,1,-1,1,-1,1,1,1,-1,-1,1,-1,-1,1,1,1,-1,1,-1,-1,1,1,-1,1,1,-1,-1,1,1,-1,1,1,-1,-1,1,1,-1,1,1,-1,-1,1,1,1,1,1,1,-1,-1,1,1,-1,1,-1,-1,1,-1,1,1,1,1,-1,-1,1,-1,1,1,1,-1,1,1,1,1,-1,1,-1,1,1,1,1,1,1,1,-1,1,1,1,1,-1,1,-1,1,1,1,1,1,-1,1,1,1,1,-1,1,1,-1,1,1,-1,1,1,-1,-1,1,1,1,1,-1,1,-1,1,1,1,-1,-1,1,-1,1,1,1,-1,1,-1,-1,-1,1,1,-1,-1,1,-1,-1,1,1,1,-1,1,-1,-1,1,1,1,-1,1,-1,-1,1,1,-1,-1,-1,1,-1,1,1,-1,1,1,-1,1,1,-1,-1,1,1,-1,-1,-1,1,-1,1,1,-1,1,1,-1,-1,-1,-1,1,-1,-1,-1,-1,-1,1,-1,1,1,-1,1,1,-1,1,1,1,1,-1,1,-1,1,1,1,1,-1,1,-1,1,1,1,1,-1,1,-1,-1,1,1,1,-1,1,-1,1,1,1,-1,-1,1,-1,-1,1,1,-1,-1,-1,1,-1,1,-1,1,-1,1,-1,-1,1,-2670.0,1,2000,445,1000,False
708,1,1,-1,-1,1,-1,1,-1,1,1,1,-1,1,1,1,1,-1,1,-1,-1,1,-1,1,1,1,-1,-1,-1,1,1,1,1,1,-1,-1,-1,1,1,1,1,-1,-1,-1,1,1,1,1,-1,1,1,1,1,-1,1,-1,-1,1,-1,1,1,-1,-1,-1,-1,1,1,1,1,-1,-1,-1,1,1,1,1,-1,-1,-1,1,1,1,-1,-1,-1,1,1,1,1,-1,1,-1,1,1,1,1,-1,-1,1,1,-1,1,1,-1,-1,1,1,1,1,1,-1,-1,1,1,-1,1,1,-1,-1,1,1,1,1,1,1,-1,1,1,1,-1,1,1,-1,1,1,1,1,1,1,-1,-1,1,1,1,1,1,-1,1,1,1,1,1,1,-1,-1,-1,1,1,1,1,-1,1,1,1,1,-1,1,-1,1,-1,1,1,1,-1,-1,1,1,1,1,1,-1,1,-1,-1,1,-1,1,-1,1,1,1,1,1,1,1,1,1,-1,1,-1,1,-1,1,1,-1,1,-1,1,1,-1,1,-1,1,-1,1,-1,1,1,-1,1,-1,1,1,1,1,-1,-1,1,1,-1,-1,1,-1,1,-1,-1,1,-1,1,-1,1,-1,1,-1,1,1,-1,-1,-1,1,1,-1,1,-1,1,1,1,-1,1,1,-1,1,-1,1,-1,1,-1,1,-1,1,1,-1,1,-1,-1,-1,1,1,-1,1,-1,-1,-1,1,1,-1,-1,1,1,-1,-1,1,1,-1,1,1,-1,1,1,1,1,-1,1,-1,1,1,-1,1,-1,1,1,-1,1,1,1,1,1,-1,-1,1,-1,-1,1,1,1,-1,1,1,1,-1,1,-1,-1,1,1,1,1,1,-1,1,1,1,-1,1,1,-1,1,1,1,-1,1,1,-1,1,-1,1,1,-1,1,-1,1,1,1,-1,1,1,-1,1,1,1,-1,1,-1,-1,1,1,1,-1,1,-1,-1,1,1,1,-1,1,-1,-1,-1,-1,1,-1,1,1,-1,1,1,1,1,-1,1,-1,-1,-1,1,-1,1,-1,-1,1,-1,-1,-1,1,-1,-1,1,-1,1,-1,1,-1,1,-1,1,1,1,1,-1,1,-1,1,1,-1,1,-1,-1,-1,-1,1,1,1,1,-1,-1,1,1,1,1,-1,-1,1,-1,-1,1,-1,1,-1,-1,1,-1,1,1,-1,-1,1,1,-1,1,-1,1,-1,-1,1,-1,1,1,-1,-1,-1,1,-1,-1,1,1,-1,-1,1,-1,1,1,-1,1,-1,1,-1,-1,1,1,-1,-1,1,-1,1,1,-1,-1,1,1,-1,1,-1,1,-1,1,-1,-1,1,-1,1,-1,1,-1,-1,1,-1,-1,-1,1,-1,-1,1,-1,1,-1,1,-1,-1,1,-1,-1,1,-1,1,-1,1,1,1,-1,1,1,-1,-1,1,1,-1,1,-1,-1,1,1,1,1,1,1,-1,-1,1,1,-1,1,1,-1,-1,1,1,1,-1,1,1,-1,1,1,1,1,-1,-1,1,-1,-1,-1,1,-1,1,1,1,1,-1,1,-1,1,-1,-1,-1,1,1,-1,1,1,-1,-1,-1,1,-1,1,1,-1,1,-1,1,-1,-1,-1,-1,-1,-1,1,-1,-1,-1,-1,-1,-1,1,-1,1,1,1,1,-1,1,-1,1,1,-1,-1,-1,1,-1,-1,1,-1,1,-1,-1,1,1,1,1,-1,-1,1,1,1,1,-1,1,-1,-1,1,1,1,-1,-1,-1,1,1,1,1,-1,1,-1,1,-1,1,-1,1,1,-1,-1,1,1,1,-1,-1,-1,-1,1,1,1,1,-1,-1,-1,1,1,1,1,-1,-1,-1,1,-1,1,-1,-1,-1,1,1,1,1,1,-1,-1,-1,1,-1,1,1,-1,-1,-1,1,1,-1,1,-1,-1,-1,1,1,1,1,-1,-1,1,1,1,-1,-1,-1,1,1,-1,1,1,-1,-1,-1,1,1,-1,1,1,-1,1,1,1,-1,1,-1,-1,-1,1,-1,1,-1,-1,-1,-1,1,1,-1,1,-1,-1,-1,1,-1,-1,1,-1,-1,-1,1,1,-1,1,-1,-1,-1,1,-1,-1,1,-1,-1,-1,1,1,1,-1,-1,-1,-1,1,-1,1,-1,-1,-1,-1,-1,-1,-1,1,-1,-1,-1,1,-1,-1,1,-1,-1,-1,-1,-1,1,1,-1,-1,-1,-1,-1,1,-1,-1,-1,1,-1,-1,1,-1,1,-1,-1,-1,-1,-1,-1,-1,1,-1,-1,-1,1,1,1,-1,-1,1,-1,1,-1,-1,-1,1,-1,-1,1,1,1,-1,-1,-1,-1,1,-1,1,1,-1,1,-1,-1,1,1,-1,-1,-1,-1,-1,-1,1,1,-1,-1,1,-1,1,1,-1,-1,-1,1,-1,1,1,-1,-1,1,-1,-1,1,1,1,-1,1,-1,1,1,1,-1,-1,1,-1,-1,1,1,1,-1,1,-1,-1,1,1,-1,1,1,-1,-1,1,1,1,1,1,-1,-1,1,1,1,1,1,-1,-1,1,1,1,1,1,1,-1,-1,1,1,-1,1,-1,-1,1,-1,1,1,1,1,-1,-1,1,-1,1,1,1,-1,1,1,1,1,-1,1,-1,1,1,1,1,1,1,1,-1,1,1,1,1,-1,1,-1,1,1,1,1,1,-1,1,1,1,1,-1,1,1,-1,1,1,-1,1,1,-1,-1,1,1,1,1,-1,1,-1,1,1,1,-1,-1,1,-1,1,1,1,-1,1,-1,-1,-1,1,1,-1,-1,1,-1,-1,1,1,1,-1,1,-1,-1,1,1,1,-1,1,-1,-1,1,1,-1,-1,-1,1,-1,-1,1,-1,1,1,-1,1,1,-1,-1,1,-1,-1,-1,-1,1,-1,1,1,-1,1,1,-1,-1,-1,-1,1,-1,-1,-1,-1,1,-1,-1,1,1,-1,1,1,-1,1,1,1,1,-1,1,-1,1,1,1,1,-1,1,-1,-1,-1,1,1,-1,1,-1,1,1,1,1,-1,1,-1,1,1,-1,-1,-1,1,-1,-1,1,1,-1,-1,-1,1,-1,1,-1,1,-1,1,-1,-1,1,-2670.0,1,2000,445,0,False
709,1,1,-1,-1,1,1,-1,-1,1,1,1,-1,-1,1,1,1,-1,1,-1,-1,-1,-1,1,1,1,-1,-1,-1,1,1,1,1,1,-1,-1,-1,1,-1,1,1,-1,-1,-1,1,1,1,1,-1,1,1,1,1,-1,1,-1,-1,1,-1,1,1,-1,-1,-1,-1,1,1,1,1,-1,-1,-1,1,1,1,1,-1,-1,-1,1,1,1,-1,-1,-1,1,1,1,1,-1,-1,1,1,1,1,1,-1,-1,-1,1,-1,1,1,-1,-1,1,1,1,1,1,-1,-1,-1,1,1,1,1,-1,-1,1,1,1,1,1,1,-1,-1,1,1,-1,1,1,-1,1,1,1,1,1,1,-1,1,1,1,1,1,1,-1,1,1,1,1,1,1,-1,-1,-1,1,1,1,1,-1,1,1,1,1,-1,1,-1,1,-1,1,1,1,-1,-1,1,1,1,1,1,-1,1,-1,-1,1,-1,1,-1,1,1,1,1,1,1,1,1,1,-1,1,-1,1,-1,1,1,-1,1,-1,1,1,-1,1,-1,1,-1,1,-1,1,1,-1,1,-1,1,1,1,1,-1,-1,1,1,-1,-1,1,-1,1,-1,1,1,-1,1,-1,1,-1,1,-1,1,1,-1,-1,-1,1,1,-1,1,-1,1,1,1,-1,1,-1,-1,1,-1,1,-1,1,1,1,-1,1,1,-1,1,-1,-1,-1,1,1,-1,1,-1,-1,-1,1,1,-1,-1,1,1,-1,-1,1,1,-1,1,1,-1,1,1,1,1,-1,1,-1,1,1,-1,1,-1,1,1,-1,1,1,-1,-1,1,-1,-1,1,-1,-1,-1,1,1,-1,1,1,1,-1,1,-1,-1,1,1,1,-1,1,-1,1,1,1,1,-1,1,-1,1,1,1,-1,1,1,-1,-1,1,1,1,-1,1,-1,1,1,1,-1,1,1,-1,1,1,1,-1,1,-1,-1,1,1,1,1,1,-1,-1,-1,1,1,-1,1,-1,-1,1,-1,1,-1,1,1,-1,-1,1,1,1,1,1,-1,-1,1,1,-1,1,-1,-1,-1,-1,-1,-1,1,-1,-1,-1,1,1,-1,1,-1,1,-1,1,1,1,1,1,-1,1,1,1,-1,1,-1,-1,-1,-1,1,1,1,1,-1,-1,1,1,1,1,-1,-1,1,-1,-1,1,-1,1,-1,-1,1,-1,1,1,-1,-1,1,1,-1,1,-1,1,-1,-1,1,-1,1,1,-1,-1,-1,1,-1,-1,1,1,-1,-1,1,-1,1,1,-1,1,-1,1,-1,-1,1,1,-1,-1,1,-1,1,1,-1,-1,1,1,-1,1,-1,1,-1,1,-1,-1,1,-1,1,-1,1,-1,-1,1,-1,-1,-1,1,-1,-1,1,-1,1,-1,1,-1,-1,1,-1,-1,1,-1,1,-1,1,1,1,-1,1,1,-1,-1,1,1,-1,1,-1,-1,1,-1,1,1,1,1,-1,-1,1,1,-1,1,1,-1,-1,1,1,1,-1,1,1,-1,1,1,1,1,1,-1,1,-1,-1,-1,1,-1,1,1,-1,1,-1,1,-1,1,-1,-1,-1,1,1,-1,1,1,-1,-1,-1,1,-1,1,1,-1,1,-1,1,-1,-1,-1,-1,-1,-1,1,-1,-1,-1,-1,-1,-1,1,-1,1,1,1,1,-1,1,-1,1,1,-1,-1,-1,1,-1,-1,1,-1,1,-1,-1,1,1,1,1,-1,-1,1,1,1,1,-1,1,-1,-1,1,1,1,-1,-1,-1,1,1,1,1,-1,-1,-1,1,-1,1,-1,1,-1,-1,-1,1,1,1,-1,-1,-1,-1,1,1,1,1,-1,-1,-1,1,1,1,1,-1,-1,-1,1,-1,1,-1,-1,-1,1,1,1,1,1,-1,-1,-1,1,1,1,1,-1,-1,-1,1,1,-1,1,-1,-1,-1,1,1,1,1,-1,-1,1,1,1,1,-1,-1,1,1,-1,1,1,-1,-1,-1,1,1,1,1,1,-1,1,1,1,1,1,-1,-1,-1,1,-1,1,-1,-1,-1,-1,1,-1,1,1,1,-1,-1,1,-1,1,1,-1,1,-1,1,1,1,1,-1,1,-1,1,-1,1,1,-1,-1,-1,1,1,-1,-1,-1,-1,-1,1,-1,1,-1,-1,-1,-1,-1,-1,-1,1,-1,-1,-1,1,-1,-1,1,-1,-1,-1,-1,-1,-1,1,-1,-1,-1,-1,-1,1,-1,-1,-1,1,-1,-1,1,-1,1,-1,-1,-1,-1,-1,-1,-1,1,-1,-1,-1,1,1,-1,-1,-1,-1,1,-1,-1,-1,-1,1,-1,-1,1,1,1,-1,-1,-1,-1,1,-1,1,1,-1,1,-1,-1,1,1,-1,-1,-1,-1,-1,-1,1,1,-1,-1,1,-1,1,1,-1,-1,-1,1,-1,1,1,-1,-1,1,-1,-1,1,1,1,-1,1,-1,1,1,1,-1,-1,1,-1,-1,1,1,1,-1,1,-1,-1,1,1,-1,1,1,-1,-1,1,1,1,1,1,-1,-1,1,1,1,1,1,-1,-1,1,1,1,1,1,1,-1,-1,1,1,-1,1,-1,-1,1,-1,1,1,1,1,-1,-1,1,-1,1,1,1,-1,1,1,1,1,-1,1,-1,1,1,1,1,1,1,1,-1,1,1,1,1,-1,1,-1,1,1,1,1,1,-1,1,1,1,1,-1,-1,1,-1,1,1,-1,1,1,-1,-1,1,1,1,-1,1,1,-1,1,1,1,-1,-1,1,-1,1,1,1,-1,1,-1,-1,-1,1,1,-1,-1,1,-1,-1,1,1,-1,-1,1,-1,-1,1,1,1,1,-1,-1,-1,1,1,-1,-1,1,1,-1,1,1,-1,1,1,-1,1,1,-1,-1,1,-1,-1,-1,1,1,-1,1,1,-1,1,1,-1,-1,-1,-1,1,-1,-1,-1,-1,1,-1,-1,1,1,-1,1,1,-1,1,1,1,1,-1,1,-1,1,1,1,-1,-1,1,-1,-1,-1,1,-1,1,1,-1,1,1,1,-1,-1,1,-1,1,1,1,1,-1,1,-1,-1,1,1,1,-1,1,1,-1,1,-1,1,-1,1,-1,-1,1,-2670.0,1,2000,445,0,False
710,1,1,-1,-1,1,-1,-1,-1,1,1,1,-1,1,1,1,1,-1,1,-1,-1,-1,-1,1,1,1,-1,1,-1,1,1,1,1,1,-1,-1,-1,1,1,1,1,-1,-1,-1,1,1,1,1,-1,1,1,1,1,-1,1,-1,-1,1,-1,1,1,-1,-1,-1,-1,1,1,1,1,-1,-1,-1,1,1,1,1,-1,-1,-1,1,1,1,-1,-1,-1,1,1,1,1,-1,-1,1,1,1,1,1,-1,-1,-1,1,-1,1,1,-1,-1,1,1,1,1,1,-1,-1,-1,1,1,1,1,-1,-1,1,1,1,1,1,1,-1,-1,1,1,-1,1,1,-1,1,1,1,1,1,1,-1,1,1,1,1,1,1,-1,1,1,1,1,1,1,-1,-1,-1,1,1,1,1,-1,1,1,1,1,-1,1,-1,1,-1,1,1,1,-1,-1,1,1,1,1,1,-1,1,-1,-1,1,-1,1,-1,1,1,1,1,1,1,1,1,1,-1,1,-1,1,-1,1,1,-1,1,-1,1,1,-1,1,-1,1,-1,1,-1,1,1,-1,1,-1,1,1,1,1,-1,-1,1,1,-1,-1,1,-1,1,-1,-1,1,-1,1,-1,1,-1,1,-1,1,1,-1,-1,-1,1,1,-1,1,-1,1,1,1,-1,1,-1,-1,1,-1,1,-1,1,1,1,-1,1,1,-1,1,-1,-1,-1,1,1,-1,1,-1,-1,-1,1,1,-1,-1,1,1,-1,-1,1,1,-1,1,1,-1,1,1,1,1,-1,1,-1,1,1,-1,1,-1,1,1,1,1,1,1,1,1,-1,-1,1,-1,-1,1,1,1,-1,1,1,1,-1,1,1,1,1,1,1,1,1,-1,1,1,1,-1,1,1,-1,1,1,1,-1,1,1,-1,-1,1,1,1,-1,1,-1,1,1,1,-1,1,1,-1,1,1,1,-1,1,1,-1,1,1,1,-1,1,1,-1,-1,1,1,-1,1,1,-1,1,-1,1,-1,1,1,1,-1,1,1,1,-1,1,1,-1,1,1,-1,1,-1,1,-1,-1,-1,-1,1,1,1,-1,1,1,-1,1,1,-1,-1,1,1,1,1,1,-1,1,1,1,-1,1,1,1,-1,-1,1,1,1,-1,1,-1,1,1,1,1,1,1,-1,-1,-1,1,-1,-1,1,1,-1,1,1,1,1,1,1,1,-1,1,-1,-1,1,-1,1,-1,1,1,1,1,1,1,-1,-1,1,-1,1,1,1,-1,1,1,1,-1,1,1,-1,-1,1,-1,1,1,1,-1,1,1,1,1,1,1,-1,1,-1,1,1,1,-1,-1,1,-1,1,1,1,-1,-1,1,-1,1,1,1,-1,-1,1,-1,-1,1,1,-1,-1,1,-1,1,1,1,1,-1,1,-1,-1,1,1,1,-1,-1,-1,-1,1,1,-1,-1,1,-1,-1,1,-1,1,-1,-1,1,-1,1,-1,1,-1,-1,1,-1,-1,1,1,1,-1,1,-1,1,-1,-1,1,1,-1,-1,-1,1,-1,-1,1,1,1,-1,1,-1,1,1,1,-1,1,1,-1,1,-1,1,-1,-1,1,-1,-1,1,1,1,-1,1,-1,-1,1,1,-1,-1,1,-1,-1,1,1,-1,-1,1,-1,-1,-1,1,1,-1,1,-1,-1,-1,1,-1,-1,1,-1,1,-1,1,1,-1,-1,1,-1,-1,-1,-1,-1,1,1,1,-1,-1,1,-1,-1,1,-1,-1,1,-1,-1,1,1,-1,-1,1,-1,-1,1,1,-1,1,-1,-1,-1,-1,1,1,-1,-1,-1,-1,1,1,-1,-1,1,-1,-1,-1,1,1,-1,-1,-1,-1,-1,1,-1,-1,-1,-1,-1,1,1,1,-1,-1,-1,-1,-1,1,1,-1,-1,-1,-1,-1,1,1,1,-1,-1,-1,-1,1,1,-1,-1,-1,-1,1,1,1,1,-1,-1,1,1,1,1,1,-1,-1,-1,1,1,1,1,1,-1,1,1,1,1,-1,1,-1,-1,1,-1,1,-1,1,-1,-1,1,-1,1,-1,-1,-1,-1,1,-1,1,-1,1,-1,-1,1,-1,1,-1,1,-1,-1,1,-1,1,-1,-1,-1,-1,1,1,-1,-1,-1,-1,-1,1,-1,1,-1,-1,-1,-1,-1,-1,-1,1,-1,-1,-1,1,-1,-1,1,-1,-1,-1,-1,-1,-1,1,-1,-1,-1,-1,-1,1,-1,-1,-1,1,-1,-1,1,-1,1,-1,-1,-1,-1,-1,-1,-1,1,-1,-1,-1,1,1,-1,-1,-1,1,1,-1,-1,-1,-1,1,-1,-1,1,1,1,-1,-1,-1,-1,1,-1,1,1,-1,1,-1,-1,1,1,-1,-1,-1,-1,-1,-1,1,1,-1,-1,1,-1,1,1,-1,-1,-1,1,-1,1,1,-1,-1,1,-1,-1,1,1,1,-1,1,-1,1,1,1,-1,-1,1,-1,-1,1,1,1,-1,1,-1,-1,1,1,-1,1,1,-1,-1,1,1,1,1,1,-1,-1,1,1,1,1,1,-1,-1,1,1,1,1,1,1,-1,-1,1,1,1,1,-1,-1,1,-1,1,1,1,1,-1,-1,1,-1,1,1,1,-1,1,1,1,1,-1,1,-1,1,1,1,1,1,1,1,-1,1,1,1,1,-1,1,-1,1,1,1,1,1,-1,1,1,1,1,-1,1,1,-1,1,1,-1,1,1,-1,-1,1,1,1,1,-1,1,-1,1,1,1,-1,-1,1,-1,1,1,1,-1,1,-1,-1,-1,1,1,-1,-1,1,-1,-1,1,1,1,-1,1,-1,-1,1,1,1,-1,1,-1,-1,1,1,-1,-1,-1,1,-1,-1,1,-1,1,1,-1,1,1,-1,-1,1,-1,-1,-1,1,1,-1,1,1,-1,1,1,-1,-1,-1,-1,1,-1,-1,-1,-1,1,-1,-1,1,1,-1,1,1,-1,1,1,1,1,-1,1,-1,1,1,1,-1,-1,1,-1,-1,1,1,-1,1,1,-1,1,1,1,-1,-1,1,-1,1,1,1,1,-1,1,-1,-1,1,1,1,-1,1,1,-1,1,-1,1,-1,1,-1,-1,1,-2670.0,1,2000,445,0,False
711,1,1,-1,-1,1,1,-1,-1,1,1,1,-1,-1,1,1,1,-1,1,-1,-1,-1,-1,1,1,1,-1,-1,-1,1,1,1,1,-1,-1,-1,-1,1,1,1,1,-1,-1,-1,1,1,1,1,-1,1,1,1,1,-1,1,-1,-1,1,-1,1,1,1,-1,-1,-1,1,1,1,1,-1,-1,-1,1,1,1,1,-1,-1,-1,1,1,1,-1,-1,-1,1,1,1,1,-1,-1,-1,1,1,1,1,-1,-1,1,1,-1,1,1,-1,-1,1,1,1,1,1,-1,-1,1,1,1,1,1,-1,-1,1,1,1,1,1,1,-1,-1,1,1,-1,1,1,-1,1,1,1,1,1,1,-1,-1,1,1,1,1,1,-1,1,1,1,1,1,1,-1,-1,-1,1,1,1,1,-1,1,1,1,1,-1,1,-1,1,-1,1,1,1,-1,-1,1,1,1,1,1,-1,1,-1,-1,1,-1,1,-1,1,1,1,1,1,1,1,1,1,-1,1,-1,1,-1,1,1,-1,1,-1,1,1,-1,1,-1,1,-1,1,-1,1,1,-1,1,-1,1,1,1,1,-1,-1,1,1,-1,-1,1,-1,1,-1,-1,1,-1,1,-1,1,-1,1,-1,1,1,-1,1,-1,1,1,-1,1,-1,1,1,1,-1,1,1,-1,1,-1,1,-1,1,-1,1,-1,1,1,-1,1,-1,-1,-1,1,1,-1,1,-1,-1,-1,1,1,-1,-1,1,1,-1,-1,1,1,-1,1,1,-1,1,1,1,1,-1,1,-1,1,1,-1,1,-1,1,1,-1,1,1,1,1,1,-1,-1,1,-1,-1,1,1,1,-1,1,1,1,-1,1,-1,-1,1,1,1,1,1,-1,1,1,1,-1,-1,1,-1,1,1,1,-1,1,1,-1,-1,1,1,1,-1,1,-1,1,1,1,-1,1,1,-1,1,1,1,-1,1,-1,-1,1,1,1,-1,1,-1,-1,-1,1,1,-1,1,-1,-1,1,-1,1,-1,1,1,-1,-1,1,1,1,-1,1,-1,-1,1,1,-1,1,-1,-1,-1,-1,-1,-1,1,1,-1,-1,1,1,-1,1,-1,1,-1,1,1,1,1,-1,-1,1,1,1,-1,1,-1,-1,-1,-1,1,1,1,1,-1,-1,1,1,1,1,-1,-1,1,-1,-1,1,-1,1,-1,-1,1,-1,1,-1,-1,-1,1,1,-1,1,-1,1,-1,-1,1,-1,1,1,-1,-1,-1,1,-1,-1,1,1,-1,-1,1,-1,1,1,-1,1,-1,1,-1,-1,1,1,-1,-1,1,-1,1,1,-1,-1,1,1,-1,1,-1,1,-1,1,-1,-1,1,-1,1,-1,1,-1,-1,1,-1,-1,-1,1,-1,-1,1,1,1,-1,1,-1,-1,1,-1,-1,1,-1,1,-1,1,1,1,-1,1,1,-1,-1,-1,1,-1,1,-1,-1,1,-1,1,1,1,1,-1,-1,1,1,-1,1,1,-1,-1,1,1,1,-1,1,1,-1,1,1,1,1,1,1,1,-1,-1,-1,1,-1,1,1,1,1,-1,1,-1,1,-1,-1,-1,1,1,-1,1,1,-1,-1,-1,1,-1,1,1,-1,1,-1,1,-1,-1,-1,-1,-1,-1,1,-1,-1,-1,-1,-1,-1,1,-1,1,1,1,1,-1,1,-1,1,1,-1,-1,-1,1,-1,-1,1,-1,1,-1,-1,1,1,1,1,-1,-1,1,1,1,1,-1,1,-1,-1,1,1,1,-1,-1,-1,-1,1,1,1,-1,-1,-1,1,-1,1,-1,1,1,-1,-1,1,1,1,-1,-1,-1,-1,1,1,1,1,-1,-1,-1,1,1,1,1,-1,-1,-1,1,-1,1,-1,-1,-1,1,1,1,1,1,-1,-1,-1,1,1,1,1,-1,-1,-1,1,1,-1,1,-1,-1,-1,1,1,1,1,-1,-1,1,1,1,1,-1,-1,1,1,-1,1,1,-1,-1,-1,1,1,1,1,1,-1,1,1,1,1,1,-1,-1,-1,1,-1,1,-1,-1,-1,-1,1,-1,1,1,1,-1,-1,1,-1,1,1,-1,-1,-1,1,1,1,1,-1,-1,-1,1,-1,1,1,-1,-1,-1,1,1,-1,-1,-1,-1,-1,1,-1,1,-1,-1,-1,-1,-1,-1,-1,1,-1,-1,-1,1,-1,-1,1,-1,-1,-1,-1,-1,-1,1,-1,-1,-1,-1,-1,1,-1,-1,-1,1,-1,-1,1,-1,1,-1,-1,-1,-1,-1,-1,-1,1,-1,-1,-1,1,1,1,-1,-1,1,-1,-1,-1,-1,-1,1,-1,-1,1,1,1,-1,-1,-1,-1,1,-1,1,1,-1,1,-1,-1,1,1,-1,-1,-1,-1,-1,-1,1,1,-1,-1,1,-1,1,1,-1,-1,-1,1,-1,1,1,-1,-1,1,-1,-1,1,1,1,-1,1,-1,1,1,1,-1,-1,1,-1,-1,1,1,1,-1,1,-1,-1,1,1,-1,1,1,-1,-1,1,1,1,1,1,-1,-1,1,1,-1,1,1,-1,-1,1,1,1,1,1,1,-1,-1,1,1,-1,1,-1,-1,1,-1,1,1,1,1,-1,-1,1,-1,1,1,1,-1,1,1,1,1,-1,1,-1,1,1,1,1,1,1,1,-1,1,1,1,1,-1,1,-1,1,1,1,1,1,-1,1,1,1,1,-1,1,1,-1,1,1,-1,1,1,-1,-1,1,1,1,1,-1,1,-1,1,1,1,-1,-1,1,-1,1,1,1,-1,1,-1,-1,-1,1,1,-1,-1,1,-1,-1,1,1,-1,-1,1,-1,-1,1,1,1,-1,1,-1,-1,1,1,-1,-1,-1,1,-1,1,1,-1,1,1,-1,1,1,-1,-1,1,1,-1,-1,1,1,-1,1,1,-1,1,1,-1,-1,1,-1,1,-1,-1,-1,-1,1,-1,-1,1,1,-1,1,1,-1,1,1,1,1,-1,1,-1,1,1,1,1,-1,1,-1,1,1,1,1,-1,1,-1,-1,1,1,1,-1,1,-1,1,1,1,-1,-1,1,-1,-1,1,1,-1,-1,-1,1,-1,1,-1,1,-1,1,-1,-1,1,-2670.0,1,2000,445,0,False
712,1,1,-1,-1,1,-1,1,-1,1,1,1,-1,1,1,1,1,-1,1,-1,-1,1,-1,1,1,1,-1,-1,-1,1,1,1,1,1,-1,-1,-1,1,1,1,1,-1,-1,-1,1,1,1,1,-1,1,1,1,1,-1,1,-1,-1,1,-1,1,1,1,-1,-1,-1,1,1,1,1,-1,-1,-1,1,1,1,1,-1,-1,-1,1,1,1,-1,-1,-1,1,1,1,1,-1,-1,-1,1,1,1,1,-1,-1,1,1,-1,1,1,-1,-1,1,1,1,1,1,-1,-1,1,1,1,1,1,-1,-1,1,1,1,1,1,1,-1,-1,1,1,-1,1,1,-1,1,1,1,1,1,1,-1,-1,1,1,1,1,1,-1,1,1,1,1,1,1,-1,-1,-1,1,1,1,1,-1,1,1,1,1,-1,1,-1,1,-1,1,1,1,-1,-1,1,1,1,1,1,-1,1,-1,-1,1,1,1,-1,1,1,1,1,-1,1,1,1,1,-1,1,-1,1,-1,1,1,-1,1,-1,1,1,-1,1,-1,1,-1,1,-1,1,1,-1,1,-1,1,1,1,1,-1,-1,1,1,-1,-1,1,-1,1,-1,-1,1,-1,1,-1,1,-1,1,-1,-1,1,-1,-1,-1,1,1,-1,1,-1,1,1,1,-1,1,1,-1,1,-1,1,-1,1,-1,1,-1,1,1,-1,1,-1,-1,-1,1,1,-1,1,-1,-1,-1,1,1,-1,-1,1,1,-1,-1,1,1,-1,1,1,-1,1,1,1,1,-1,1,-1,1,1,-1,1,-1,1,-1,1,1,1,1,1,1,-1,-1,1,-1,-1,-1,1,1,-1,1,1,1,-1,1,1,1,1,1,1,1,1,-1,1,1,1,-1,1,1,-1,1,1,1,-1,1,1,-1,-1,1,1,1,-1,1,-1,1,1,1,-1,1,1,-1,1,1,1,-1,1,1,-1,1,1,1,-1,1,1,1,-1,1,1,1,1,1,-1,1,-1,1,-1,1,1,1,-1,1,1,1,-1,1,1,-1,1,1,-1,1,1,1,-1,-1,-1,-1,1,1,1,-1,1,1,-1,1,1,-1,-1,1,1,-1,1,1,-1,1,1,1,1,1,1,1,1,-1,1,-1,-1,-1,1,-1,1,-1,-1,1,1,1,-1,-1,-1,1,-1,-1,1,-1,1,-1,-1,1,1,1,1,-1,-1,1,-1,-1,1,-1,1,-1,-1,-1,1,1,1,1,-1,-1,1,-1,1,1,-1,-1,1,-1,1,-1,1,-1,-1,-1,1,-1,1,1,-1,-1,-1,-1,1,1,-1,1,-1,-1,1,-1,1,-1,-1,1,-1,1,1,1,-1,-1,-1,-1,-1,1,1,1,-1,1,-1,1,-1,1,-1,-1,-1,1,-1,1,1,1,-1,-1,1,-1,-1,1,-1,-1,-1,-1,-1,-1,1,-1,-1,-1,1,-1,-1,1,-1,-1,-1,-1,-1,-1,1,-1,-1,-1,-1,1,-1,-1,1,1,1,-1,1,-1,1,-1,1,1,1,-1,-1,-1,1,-1,-1,-1,1,1,-1,1,-1,1,1,1,-1,1,1,-1,1,-1,1,-1,-1,1,-1,-1,1,1,1,-1,1,-1,-1,1,1,-1,-1,1,-1,-1,1,1,-1,-1,1,-1,-1,-1,1,1,-1,1,1,-1,-1,1,-1,-1,1,-1,1,-1,1,1,-1,-1,1,-1,-1,-1,-1,-1,1,1,1,-1,-1,1,-1,-1,1,-1,-1,1,-1,-1,1,1,-1,-1,1,-1,-1,1,1,-1,1,-1,1,-1,-1,1,1,-1,-1,-1,-1,-1,1,-1,-1,1,-1,-1,-1,1,1,-1,-1,-1,-1,-1,1,-1,-1,-1,-1,-1,1,1,1,-1,-1,-1,-1,-1,1,1,-1,-1,-1,-1,-1,1,1,1,-1,-1,-1,-1,1,1,-1,-1,-1,-1,1,1,1,1,1,-1,1,1,1,1,1,1,-1,-1,1,1,1,1,1,-1,1,1,1,1,-1,1,-1,-1,1,-1,1,-1,1,-1,-1,1,-1,1,-1,1,-1,-1,1,-1,1,-1,1,-1,-1,1,-1,1,1,1,-1,1,-1,-1,1,1,1,-1,-1,1,1,-1,1,1,-1,-1,1,-1,1,-1,1,-1,-1,-1,-1,-1,1,1,-1,-1,1,-1,-1,1,1,-1,-1,-1,-1,1,-1,1,-1,-1,-1,-1,-1,1,-1,-1,1,-1,-1,1,-1,1,-1,-1,-1,-1,-1,1,1,1,-1,-1,-1,1,1,1,-1,-1,1,-1,-1,-1,1,-1,1,-1,-1,1,1,1,-1,-1,-1,-1,1,-1,1,1,-1,1,-1,-1,1,1,-1,-1,-1,-1,-1,-1,1,1,-1,-1,1,-1,1,1,-1,-1,-1,1,-1,1,1,-1,-1,1,-1,-1,1,1,1,-1,1,-1,1,1,1,-1,-1,1,-1,-1,1,-1,1,-1,1,-1,-1,1,1,-1,1,1,-1,-1,1,1,-1,1,1,-1,-1,1,1,1,1,1,-1,-1,1,1,1,1,-1,1,-1,1,1,1,-1,1,-1,-1,1,-1,1,1,1,1,-1,-1,1,-1,1,1,1,-1,1,1,1,1,-1,1,-1,1,1,1,1,1,1,1,-1,1,1,1,1,-1,1,-1,1,1,1,1,1,1,1,1,1,1,-1,1,-1,1,1,1,-1,1,1,1,1,1,1,1,1,-1,1,1,1,1,1,-1,-1,1,-1,1,1,1,-1,1,-1,1,1,1,1,-1,-1,1,1,-1,1,1,1,-1,1,1,-1,1,1,1,-1,-1,-1,1,1,1,-1,-1,-1,-1,1,-1,1,-1,1,1,1,1,1,-1,-1,1,1,1,1,1,1,-1,1,-1,1,1,1,-1,-1,-1,-1,-1,-1,-1,-1,-1,1,-1,1,1,1,-1,1,1,-1,-1,1,1,1,-1,1,-1,1,1,1,1,-1,1,-1,1,1,1,1,-1,1,-1,1,1,1,1,-1,1,-1,1,-1,-1,-1,-1,1,-1,-1,1,1,-1,-1,-1,-1,1,1,-1,1,-1,1,-1,-1,1,-2670.0,1,2000,445,0,False
713,1,1,-1,-1,1,1,-1,-1,1,1,1,-1,-1,1,1,1,-1,1,-1,-1,-1,-1,1,1,1,-1,-1,-1,1,1,1,1,-1,-1,-1,-1,1,-1,1,1,-1,-1,-1,1,1,1,1,-1,1,1,1,1,-1,1,-1,-1,1,-1,1,1,1,-1,-1,-1,1,1,1,1,-1,-1,-1,1,1,1,1,-1,-1,-1,1,1,1,-1,-1,-1,1,1,1,1,-1,-1,1,1,1,1,1,-1,-1,-1,1,-1,1,1,-1,-1,1,1,1,1,1,-1,-1,-1,1,-1,1,1,-1,-1,1,1,1,1,1,1,-1,-1,1,1,-1,1,1,-1,1,1,1,1,1,1,-1,1,1,1,1,1,1,-1,1,1,1,1,1,1,-1,-1,-1,1,1,1,1,-1,1,1,1,1,-1,1,-1,1,-1,1,1,1,-1,-1,1,1,1,1,1,-1,1,-1,-1,1,-1,1,-1,1,1,1,1,1,1,1,1,1,-1,1,-1,1,-1,1,1,-1,1,-1,1,1,-1,1,-1,1,-1,1,-1,1,1,-1,1,-1,1,1,1,1,-1,-1,1,1,-1,-1,1,-1,1,-1,1,1,-1,1,-1,1,-1,1,-1,-1,1,-1,-1,-1,1,1,-1,1,-1,1,1,1,-1,1,1,-1,1,-1,1,-1,1,-1,1,-1,1,1,-1,1,-1,-1,-1,1,1,-1,1,-1,-1,-1,1,1,-1,-1,1,1,-1,-1,1,1,-1,1,1,-1,1,1,1,1,-1,1,-1,1,1,-1,1,-1,1,1,1,1,1,1,1,1,-1,-1,1,-1,-1,-1,1,1,-1,1,1,1,-1,1,1,1,1,1,1,1,1,-1,1,1,1,-1,1,1,-1,1,1,1,-1,1,1,-1,-1,1,1,1,-1,1,-1,1,1,1,-1,1,1,-1,1,1,1,-1,1,1,-1,1,1,1,-1,1,1,-1,-1,1,1,-1,1,1,-1,1,-1,1,-1,1,1,1,-1,1,1,1,-1,1,1,-1,1,1,-1,1,1,1,-1,-1,-1,-1,1,1,1,-1,1,1,-1,1,1,-1,-1,1,1,1,1,1,-1,1,1,1,-1,1,1,1,1,-1,1,1,1,-1,1,-1,1,1,1,1,1,1,-1,-1,-1,1,-1,-1,1,1,-1,1,1,-1,1,1,1,1,-1,1,-1,-1,1,-1,1,-1,1,1,-1,1,1,1,-1,-1,1,-1,1,1,1,-1,1,1,1,-1,1,1,-1,-1,1,-1,1,1,1,-1,1,1,1,1,1,1,-1,1,-1,-1,1,1,-1,-1,1,-1,1,1,1,-1,-1,1,-1,1,1,1,-1,-1,1,-1,-1,1,1,-1,-1,1,-1,1,1,1,1,-1,1,1,-1,1,1,1,-1,-1,1,-1,1,1,-1,-1,1,1,-1,1,-1,1,-1,-1,1,-1,1,-1,1,-1,-1,1,-1,-1,1,1,1,-1,1,-1,1,-1,1,1,1,-1,-1,-1,1,-1,-1,1,1,1,-1,1,-1,1,1,1,-1,1,1,-1,1,-1,1,-1,-1,1,-1,-1,1,1,1,-1,1,-1,-1,1,1,-1,-1,1,-1,-1,1,1,-1,-1,1,-1,-1,-1,1,1,-1,1,-1,-1,-1,1,-1,-1,1,-1,1,-1,1,1,-1,-1,1,-1,-1,-1,-1,-1,1,1,1,-1,-1,1,-1,-1,1,-1,-1,1,-1,-1,1,1,-1,-1,1,1,-1,1,1,-1,1,-1,1,-1,-1,1,1,-1,-1,-1,-1,1,1,-1,-1,1,-1,-1,-1,1,1,-1,-1,-1,-1,-1,1,-1,-1,-1,-1,-1,1,1,1,-1,-1,-1,-1,-1,1,1,-1,-1,-1,-1,-1,1,1,1,-1,-1,-1,-1,1,1,-1,-1,-1,-1,1,1,1,1,-1,-1,1,1,1,1,1,-1,-1,-1,1,1,1,-1,1,-1,1,1,1,1,-1,1,-1,-1,1,-1,1,-1,1,-1,-1,1,-1,1,-1,-1,-1,-1,1,-1,1,-1,1,1,-1,1,-1,1,-1,1,1,-1,1,-1,1,-1,-1,-1,-1,1,1,-1,-1,-1,-1,-1,1,-1,1,-1,-1,-1,-1,-1,-1,-1,1,-1,-1,-1,1,-1,-1,1,-1,-1,-1,-1,-1,1,1,-1,-1,-1,-1,-1,1,-1,-1,-1,1,-1,-1,1,-1,1,-1,-1,-1,-1,-1,-1,-1,1,-1,-1,-1,1,1,-1,-1,-1,-1,1,-1,-1,-1,-1,1,-1,-1,1,-1,1,-1,-1,-1,-1,1,-1,1,1,-1,1,-1,-1,1,1,-1,-1,-1,-1,-1,-1,1,1,-1,-1,1,-1,1,1,-1,-1,-1,1,-1,1,1,-1,-1,1,-1,-1,1,1,1,-1,1,-1,1,1,1,-1,-1,1,-1,-1,1,1,1,-1,1,-1,-1,1,1,-1,1,1,-1,-1,1,1,-1,1,1,-1,-1,1,1,-1,1,1,-1,-1,1,1,1,1,-1,1,-1,-1,1,1,1,1,-1,-1,1,-1,1,1,1,1,-1,-1,1,-1,1,1,1,-1,1,1,1,1,-1,1,-1,1,1,1,1,1,1,1,-1,1,1,1,1,-1,1,-1,1,1,1,1,1,-1,1,1,1,1,-1,1,1,-1,1,1,-1,1,1,-1,-1,1,1,1,1,-1,1,-1,1,1,1,-1,-1,1,-1,1,1,1,-1,1,-1,-1,-1,1,1,-1,-1,1,-1,-1,1,1,-1,-1,1,-1,-1,1,1,1,-1,-1,-1,-1,1,1,-1,-1,-1,1,-1,1,1,-1,1,1,-1,1,1,-1,-1,1,1,-1,-1,1,1,-1,1,1,-1,1,1,-1,-1,-1,-1,1,-1,-1,-1,-1,-1,1,-1,1,1,-1,1,1,-1,1,1,1,1,-1,1,-1,1,1,1,-1,-1,1,-1,-1,-1,1,-1,-1,1,-1,1,1,1,-1,-1,1,-1,1,1,1,1,-1,1,-1,-1,1,1,1,-1,-1,1,-1,1,-1,1,-1,1,-1,-1,1,-2670.0,1,2000,445,500,False
714,1,1,-1,-1,1,-1,1,-1,1,1,1,-1,1,1,1,1,-1,1,-1,-1,1,-1,1,1,1,-1,-1,-1,1,1,1,1,1,-1,-1,-1,1,1,1,1,-1,-1,-1,1,1,1,1,-1,1,1,1,1,-1,1,-1,-1,1,-1,1,1,1,-1,-1,-1,1,1,1,1,-1,-1,-1,1,1,1,1,-1,-1,-1,1,1,1,-1,-1,-1,1,1,1,1,-1,1,-1,1,1,1,1,-1,-1,1,1,-1,1,1,-1,-1,1,1,1,1,1,-1,-1,1,1,1,1,1,-1,-1,1,1,1,1,1,1,-1,1,1,1,-1,1,1,-1,1,1,1,1,1,1,-1,-1,1,1,1,1,1,-1,1,1,1,1,1,1,-1,-1,-1,1,1,1,1,-1,1,1,1,1,-1,1,-1,1,-1,1,1,1,-1,-1,1,1,1,1,1,-1,1,-1,-1,1,-1,1,-1,1,1,1,1,1,1,1,1,1,-1,1,-1,1,-1,1,1,-1,1,-1,1,1,-1,1,-1,1,-1,1,-1,1,1,-1,1,-1,1,1,1,1,-1,-1,1,1,-1,-1,1,-1,1,-1,-1,1,-1,1,-1,1,-1,1,-1,1,1,-1,-1,-1,1,1,-1,1,-1,1,1,1,-1,1,1,-1,-1,-1,1,-1,1,-1,1,-1,1,1,-1,1,-1,-1,-1,1,1,-1,1,-1,-1,-1,1,1,-1,-1,1,1,-1,-1,1,1,-1,1,1,-1,1,1,1,1,-1,1,-1,1,1,-1,1,-1,1,1,-1,1,1,1,1,1,-1,-1,1,-1,-1,-1,1,1,-1,1,1,1,-1,1,-1,-1,1,1,1,1,1,-1,1,1,1,-1,1,1,-1,1,1,1,-1,1,1,-1,-1,1,1,1,-1,1,-1,1,1,1,-1,1,1,-1,1,1,1,-1,1,-1,-1,1,1,1,-1,1,-1,-1,-1,-1,1,-1,1,-1,-1,1,1,1,-1,1,1,-1,-1,1,1,1,-1,1,-1,-1,1,1,-1,1,-1,-1,-1,-1,1,1,1,1,-1,-1,1,-1,-1,1,-1,-1,-1,-1,1,-1,1,-1,-1,1,-1,1,1,1,-1,-1,-1,-1,1,-1,-1,1,-1,-1,1,-1,-1,1,-1,-1,-1,1,-1,1,-1,1,-1,1,-1,1,-1,1,-1,-1,1,1,-1,1,-1,1,-1,-1,1,-1,-1,-1,-1,-1,-1,1,-1,-1,1,1,-1,-1,1,-1,1,-1,-1,1,-1,1,-1,-1,1,1,-1,1,1,1,-1,-1,-1,-1,1,1,-1,-1,1,1,-1,1,-1,1,-1,1,1,-1,1,-1,-1,-1,-1,-1,-1,1,-1,1,-1,1,1,-1,1,-1,-1,1,-1,-1,1,-1,1,-1,1,-1,1,-1,1,1,-1,-1,-1,1,-1,1,-1,-1,1,-1,1,1,1,1,-1,-1,-1,1,-1,1,1,-1,-1,1,1,1,1,1,1,-1,1,1,1,-1,1,-1,1,-1,-1,-1,1,-1,-1,1,-1,1,-1,1,-1,1,-1,-1,-1,1,1,-1,1,1,-1,-1,-1,1,-1,1,1,-1,1,-1,1,-1,-1,-1,-1,-1,-1,1,-1,-1,-1,-1,-1,-1,1,-1,1,1,1,1,-1,1,-1,1,1,-1,-1,-1,1,-1,-1,1,-1,1,-1,-1,1,1,1,1,-1,-1,1,1,1,1,-1,1,-1,-1,1,1,1,-1,-1,-1,1,1,1,1,-1,-1,-1,1,-1,1,-1,1,1,-1,-1,1,1,1,-1,-1,-1,1,1,1,1,1,-1,-1,-1,1,1,1,1,-1,-1,-1,1,1,1,-1,-1,-1,1,1,1,1,1,-1,-1,-1,1,1,1,1,-1,-1,-1,1,1,-1,1,-1,-1,-1,1,1,1,1,-1,-1,1,1,1,1,-1,-1,1,1,-1,1,1,-1,-1,-1,1,1,1,1,1,-1,1,1,1,1,1,1,-1,-1,1,-1,1,-1,-1,-1,-1,1,-1,1,1,-1,-1,-1,1,-1,1,1,-1,-1,-1,1,1,1,-1,1,-1,-1,1,-1,1,-1,-1,-1,-1,1,1,-1,-1,-1,-1,-1,1,-1,1,-1,-1,-1,-1,-1,-1,-1,1,-1,-1,-1,1,-1,-1,1,-1,-1,-1,-1,-1,-1,1,-1,-1,-1,-1,-1,1,-1,-1,-1,1,-1,-1,1,-1,1,-1,-1,-1,-1,1,-1,-1,1,-1,-1,-1,-1,1,1,-1,-1,1,-1,1,-1,-1,-1,1,-1,-1,-1,-1,1,-1,-1,-1,-1,-1,1,1,1,-1,1,-1,1,-1,1,-1,-1,-1,-1,-1,-1,1,1,-1,-1,1,-1,1,1,-1,-1,-1,1,-1,1,1,-1,-1,1,-1,-1,1,1,1,-1,1,-1,1,1,1,-1,-1,1,-1,1,1,1,1,-1,1,-1,-1,1,1,-1,1,1,-1,-1,1,1,1,1,1,-1,-1,1,1,1,1,1,-1,-1,1,1,1,1,1,1,-1,1,1,1,1,1,-1,-1,1,-1,1,1,1,1,-1,-1,1,-1,1,1,1,-1,1,1,1,1,-1,1,-1,1,1,1,1,1,1,1,-1,1,1,1,1,-1,1,-1,1,1,1,1,1,-1,1,1,1,1,-1,1,-1,1,1,1,-1,1,1,1,1,1,1,1,1,-1,1,1,1,1,1,-1,-1,1,-1,1,1,1,-1,1,-1,1,1,1,1,-1,-1,1,1,-1,1,1,1,-1,1,1,-1,1,1,1,-1,1,-1,1,1,1,-1,-1,-1,-1,1,-1,1,-1,1,1,1,1,1,-1,-1,1,1,1,1,-1,1,-1,1,-1,1,1,1,-1,-1,-1,-1,-1,-1,-1,-1,-1,-1,1,1,1,1,-1,1,1,-1,-1,1,1,1,-1,1,-1,1,1,1,1,-1,1,-1,1,1,1,1,-1,1,-1,1,1,1,1,-1,1,-1,1,-1,-1,-1,-1,1,-1,-1,1,1,-1,-1,-1,-1,1,1,-1,1,-1,1,-1,-1,1,-2670.0,1,2000,445,0,False
715,1,1,-1,-1,1,-1,-1,-1,1,1,1,-1,1,1,1,1,-1,1,-1,-1,1,-1,1,1,1,-1,-1,-1,1,1,1,1,-1,-1,-1,-1,1,1,1,1,-1,-1,-1,1,1,1,1,-1,1,1,1,1,-1,1,-1,-1,1,-1,1,1,1,-1,-1,-1,1,1,1,1,-1,-1,-1,1,1,1,1,-1,-1,-1,1,1,1,-1,-1,-1,1,1,1,1,-1,-1,-1,1,1,1,1,-1,-1,1,1,-1,1,1,-1,-1,1,1,1,1,1,-1,-1,1,1,-1,1,1,-1,-1,1,1,1,1,1,1,-1,1,1,1,-1,1,1,-1,1,1,1,1,1,1,-1,-1,1,1,1,1,1,-1,1,1,1,1,1,1,-1,-1,-1,1,1,1,1,-1,1,1,1,1,-1,1,-1,1,-1,1,1,1,-1,-1,1,1,1,1,1,-1,1,-1,-1,1,-1,1,-1,1,1,1,1,1,1,1,1,1,-1,1,-1,1,-1,1,1,-1,1,-1,1,1,-1,1,-1,1,-1,1,-1,1,1,-1,1,-1,1,1,1,1,-1,-1,1,1,-1,-1,1,-1,1,-1,-1,1,1,1,-1,1,-1,1,-1,1,1,-1,1,-1,1,1,-1,1,-1,1,1,1,-1,1,1,-1,1,-1,1,-1,1,-1,1,-1,1,1,-1,1,-1,-1,-1,1,1,-1,1,-1,-1,-1,1,1,-1,-1,1,1,-1,-1,1,1,-1,1,1,-1,1,1,1,1,-1,1,-1,1,1,-1,1,-1,1,1,-1,1,1,-1,-1,1,-1,-1,1,-1,-1,-1,1,1,-1,1,1,1,-1,1,-1,-1,1,1,1,1,1,-1,1,1,1,1,-1,1,-1,1,1,1,-1,1,1,-1,-1,1,1,1,-1,1,-1,1,1,1,-1,1,1,-1,1,1,1,-1,1,-1,-1,1,1,1,1,1,-1,-1,-1,1,1,-1,1,-1,-1,1,-1,1,-1,1,1,-1,-1,1,1,1,-1,1,-1,-1,1,1,-1,1,-1,-1,-1,-1,-1,-1,1,-1,-1,-1,1,1,-1,1,-1,-1,-1,1,1,1,1,-1,-1,1,1,1,-1,1,-1,-1,-1,-1,1,1,1,1,-1,-1,1,1,1,1,-1,-1,1,-1,-1,1,-1,1,-1,-1,1,-1,1,1,-1,-1,1,1,-1,1,-1,1,-1,-1,1,-1,1,1,-1,-1,-1,1,-1,-1,1,1,-1,-1,1,-1,1,1,-1,1,-1,1,-1,-1,1,1,-1,-1,1,-1,1,1,-1,-1,1,1,-1,1,-1,1,-1,1,-1,-1,1,-1,1,-1,1,-1,-1,1,-1,-1,-1,1,-1,-1,1,1,1,-1,1,-1,-1,1,-1,-1,1,-1,1,-1,1,-1,1,-1,1,1,-1,-1,-1,1,-1,1,-1,-1,1,-1,1,1,1,1,-1,-1,1,1,-1,1,1,-1,-1,1,1,1,-1,1,1,-1,1,1,1,1,-1,1,1,-1,-1,-1,1,-1,1,1,-1,1,-1,1,-1,1,-1,-1,-1,1,1,-1,1,1,-1,-1,-1,1,-1,1,1,-1,1,-1,1,-1,-1,-1,-1,-1,-1,1,-1,-1,-1,-1,-1,-1,1,-1,1,1,1,1,-1,1,-1,1,1,-1,-1,-1,1,-1,-1,1,-1,1,-1,-1,1,1,1,1,-1,-1,1,1,1,1,-1,1,-1,-1,1,1,1,-1,-1,-1,-1,1,1,1,-1,1,-1,1,-1,1,-1,1,1,-1,-1,1,1,1,-1,-1,-1,-1,1,1,1,1,-1,-1,-1,1,1,1,1,-1,-1,-1,1,1,1,-1,-1,-1,1,1,1,1,1,-1,-1,-1,1,1,1,1,-1,-1,-1,1,1,-1,1,-1,-1,-1,1,1,1,1,-1,-1,1,1,1,1,-1,-1,1,1,-1,1,1,-1,-1,-1,1,1,1,1,1,-1,1,1,1,1,1,-1,-1,-1,1,-1,1,-1,-1,-1,-1,1,-1,1,1,-1,-1,-1,1,-1,1,1,-1,-1,-1,1,1,1,1,-1,-1,-1,1,-1,1,1,-1,-1,-1,1,1,-1,-1,-1,-1,-1,1,-1,1,-1,-1,-1,-1,-1,-1,-1,1,-1,-1,-1,1,-1,-1,1,-1,-1,-1,-1,-1,1,1,-1,-1,-1,-1,-1,1,-1,-1,-1,1,-1,-1,1,-1,1,-1,-1,-1,-1,-1,-1,-1,1,-1,-1,-1,1,1,1,-1,-1,1,-1,-1,-1,-1,-1,1,-1,-1,1,1,1,-1,-1,-1,-1,1,-1,1,1,-1,1,-1,-1,1,1,-1,-1,-1,-1,-1,-1,1,1,-1,-1,1,-1,1,1,-1,-1,-1,1,-1,1,1,-1,-1,1,-1,-1,1,1,1,-1,1,-1,1,1,1,-1,-1,1,-1,-1,1,1,1,-1,1,-1,-1,1,1,-1,1,1,-1,-1,1,1,-1,1,1,-1,-1,1,1,-1,1,1,-1,-1,1,1,1,1,-1,1,-1,-1,1,1,-1,1,-1,-1,1,-1,1,1,1,1,-1,-1,1,-1,1,-1,1,-1,1,1,1,1,-1,1,-1,1,1,1,1,1,1,1,-1,1,1,1,1,-1,1,-1,1,1,1,1,1,-1,1,1,1,1,-1,-1,1,-1,1,1,-1,1,1,-1,-1,1,1,1,-1,1,1,-1,1,1,1,-1,-1,1,-1,1,1,1,-1,1,-1,-1,-1,1,1,-1,-1,1,-1,-1,1,1,1,-1,1,-1,-1,1,1,1,1,-1,-1,-1,1,1,-1,-1,-1,1,-1,-1,1,-1,1,1,-1,1,1,-1,-1,1,1,-1,-1,1,1,-1,1,1,-1,1,1,-1,-1,-1,-1,1,-1,-1,-1,-1,1,-1,-1,1,1,-1,1,1,-1,1,1,1,1,-1,1,-1,1,1,1,1,-1,1,-1,-1,1,1,1,-1,1,-1,1,1,1,1,-1,1,-1,1,1,-1,-1,-1,1,-1,-1,1,1,-1,-1,-1,1,-1,1,-1,1,-1,1,-1,-1,1,-2670.0,1,2000,445,0,False
716,1,1,-1,-1,1,1,-1,-1,1,1,1,-1,1,1,1,1,-1,1,-1,-1,-1,-1,1,1,1,-1,1,-1,1,1,1,1,1,-1,-1,-1,1,-1,1,1,-1,-1,-1,1,1,1,1,-1,1,1,1,1,-1,1,-1,-1,1,-1,1,1,1,-1,-1,-1,1,1,1,1,-1,-1,-1,1,1,1,1,-1,-1,-1,1,1,1,-1,-1,-1,1,1,1,1,-1,-1,-1,1,1,1,1,-1,-1,1,1,-1,1,1,-1,-1,1,1,1,1,1,-1,-1,-1,1,1,1,1,-1,-1,1,1,1,1,1,1,-1,-1,1,1,-1,1,1,-1,1,1,1,1,1,1,-1,1,1,1,1,1,1,-1,1,1,1,1,1,1,-1,-1,-1,1,1,1,1,-1,1,1,1,1,-1,1,-1,1,-1,1,1,1,-1,-1,1,1,1,1,1,-1,1,-1,-1,1,1,1,-1,1,1,1,1,-1,1,1,1,1,-1,1,-1,1,-1,1,1,-1,1,-1,1,1,-1,1,-1,1,-1,1,-1,1,1,-1,1,-1,1,1,1,1,-1,-1,1,1,-1,-1,1,-1,1,-1,1,1,-1,1,-1,1,-1,1,-1,1,1,-1,-1,-1,1,1,-1,1,-1,1,1,1,-1,1,-1,-1,1,-1,1,-1,1,1,1,-1,1,1,-1,1,-1,-1,-1,1,1,-1,1,-1,-1,-1,1,1,-1,-1,1,1,-1,-1,1,1,-1,1,1,-1,1,1,1,1,-1,1,-1,1,1,-1,1,-1,1,-1,1,1,1,1,1,1,-1,-1,1,-1,-1,-1,1,1,-1,1,1,1,-1,1,1,1,1,1,1,1,1,-1,1,1,1,-1,1,1,-1,1,1,1,-1,1,1,-1,-1,1,1,1,-1,1,-1,1,1,1,-1,1,1,-1,1,1,1,-1,1,1,-1,1,1,1,-1,1,1,-1,-1,1,1,-1,1,1,-1,1,-1,1,-1,1,1,1,-1,1,1,1,-1,1,1,-1,1,1,-1,1,1,1,-1,-1,-1,-1,1,1,1,-1,1,1,-1,1,1,-1,-1,1,1,1,1,1,-1,1,1,1,-1,1,1,1,-1,-1,1,1,1,-1,1,-1,1,1,1,1,1,1,-1,-1,-1,1,-1,-1,1,-1,1,-1,1,1,1,1,1,1,-1,1,-1,-1,1,-1,1,-1,1,1,1,1,1,1,-1,-1,1,-1,1,1,-1,-1,1,1,1,-1,1,1,-1,-1,1,-1,1,1,-1,-1,1,1,1,1,-1,1,-1,1,-1,-1,1,-1,-1,-1,1,-1,1,1,-1,-1,-1,1,-1,1,1,1,-1,-1,1,-1,-1,1,-1,-1,-1,1,-1,1,1,-1,1,-1,1,1,-1,1,-1,-1,-1,-1,1,-1,1,-1,-1,-1,1,-1,-1,1,-1,-1,-1,-1,1,-1,1,-1,-1,-1,-1,1,-1,-1,1,1,1,-1,1,-1,1,-1,1,-1,1,-1,-1,-1,1,-1,-1,1,1,1,-1,1,-1,1,1,1,-1,1,1,-1,-1,-1,1,-1,-1,1,-1,-1,1,1,1,-1,1,-1,-1,1,1,-1,-1,1,-1,-1,1,1,-1,-1,1,-1,-1,-1,1,1,-1,1,1,-1,-1,1,-1,-1,1,-1,1,-1,1,1,-1,-1,1,-1,-1,-1,-1,-1,1,1,1,-1,-1,1,-1,-1,1,-1,-1,1,-1,-1,1,1,-1,-1,1,-1,-1,1,1,-1,1,-1,-1,-1,-1,1,1,-1,-1,-1,-1,-1,1,-1,-1,1,-1,-1,-1,1,1,-1,-1,-1,-1,-1,1,-1,-1,-1,-1,-1,1,1,1,-1,-1,-1,-1,-1,1,1,-1,-1,-1,-1,-1,1,1,1,-1,-1,-1,-1,1,1,-1,-1,-1,-1,1,1,1,1,1,-1,1,1,1,1,1,1,-1,-1,1,1,1,1,1,-1,1,1,1,1,-1,1,-1,-1,1,-1,1,-1,1,-1,-1,1,-1,1,1,1,-1,-1,1,-1,1,-1,1,1,-1,1,-1,1,1,1,1,1,-1,-1,1,1,1,-1,-1,1,1,-1,1,1,-1,-1,1,-1,1,-1,1,-1,-1,1,-1,-1,1,1,-1,-1,1,-1,-1,1,1,-1,-1,-1,-1,-1,-1,1,-1,-1,-1,-1,1,-1,-1,-1,1,-1,-1,1,-1,1,-1,-1,-1,-1,-1,-1,1,1,-1,-1,-1,1,1,1,-1,-1,-1,1,-1,-1,1,-1,1,-1,-1,1,1,1,-1,-1,-1,-1,1,-1,1,1,-1,1,-1,-1,1,1,-1,-1,-1,-1,-1,-1,1,1,-1,-1,1,-1,1,1,-1,-1,-1,1,-1,1,1,-1,-1,1,-1,-1,1,1,1,-1,1,-1,1,1,1,-1,-1,1,-1,-1,1,1,1,-1,1,-1,-1,1,1,-1,1,1,-1,-1,1,1,-1,1,1,-1,-1,1,1,1,1,1,-1,-1,1,1,1,1,1,1,-1,-1,1,1,1,1,-1,-1,1,-1,1,1,1,1,-1,-1,1,-1,1,1,1,-1,1,1,1,1,-1,1,-1,1,1,1,1,1,1,1,-1,1,1,1,1,-1,1,-1,1,1,1,1,1,-1,1,1,1,1,-1,1,1,-1,1,1,-1,1,1,-1,-1,1,1,1,1,-1,1,-1,1,1,1,-1,-1,1,-1,1,1,1,-1,1,-1,-1,-1,1,1,-1,-1,1,-1,-1,1,1,-1,-1,1,-1,-1,-1,1,1,-1,1,-1,-1,1,1,-1,-1,-1,1,-1,-1,1,-1,1,1,-1,1,1,-1,-1,1,1,-1,-1,1,1,-1,1,1,-1,1,1,-1,-1,-1,-1,1,-1,-1,-1,-1,-1,-1,-1,1,1,-1,1,1,-1,1,1,1,1,-1,1,-1,1,1,1,-1,-1,1,-1,-1,-1,1,-1,1,1,-1,1,1,1,-1,-1,1,-1,1,1,1,1,-1,1,-1,-1,1,1,-1,-1,1,1,-1,1,-1,1,-1,1,-1,-1,1,-2670.0,1,2000,445,0,False
717,1,1,-1,-1,1,1,-1,-1,1,1,1,-1,1,1,1,1,-1,1,-1,-1,1,-1,1,1,1,-1,1,-1,1,1,1,1,-1,-1,-1,-1,1,1,1,1,-1,-1,-1,1,1,1,1,-1,1,1,1,1,-1,1,-1,-1,1,-1,1,1,1,-1,-1,-1,1,1,1,1,-1,-1,-1,1,1,1,1,-1,-1,-1,1,1,1,-1,-1,-1,1,1,1,1,-1,-1,-1,1,1,1,1,-1,-1,1,1,-1,1,1,-1,-1,1,1,1,1,1,-1,-1,1,1,1,1,1,-1,-1,1,1,1,1,1,1,-1,-1,1,1,-1,1,1,-1,1,1,1,1,1,1,-1,-1,1,1,1,1,1,-1,1,1,1,1,1,1,-1,-1,-1,1,1,1,1,-1,1,1,1,1,-1,1,-1,1,-1,1,1,1,-1,-1,1,1,1,1,1,-1,1,-1,-1,1,-1,1,-1,1,1,1,1,1,1,1,1,1,-1,1,-1,1,-1,1,1,-1,1,-1,1,1,-1,1,-1,1,-1,1,-1,1,1,-1,-1,-1,1,1,1,1,-1,-1,1,1,-1,-1,1,-1,1,-1,-1,1,-1,1,-1,1,-1,1,-1,1,1,-1,-1,-1,1,1,-1,1,-1,1,1,1,-1,1,1,-1,-1,-1,1,-1,1,-1,1,-1,1,1,-1,1,-1,-1,-1,1,1,-1,1,-1,-1,-1,1,1,-1,-1,1,1,-1,-1,1,1,-1,1,1,-1,1,1,1,1,-1,1,-1,1,1,-1,1,-1,1,1,-1,1,1,1,1,1,-1,-1,1,-1,-1,-1,1,1,-1,1,1,1,-1,1,-1,-1,1,1,1,1,1,-1,1,1,1,-1,1,1,-1,1,1,1,-1,1,1,-1,-1,1,1,1,-1,1,-1,1,1,1,-1,1,1,-1,1,1,1,-1,1,-1,-1,1,1,1,-1,1,-1,-1,-1,1,1,-1,1,-1,-1,1,-1,1,-1,1,1,-1,-1,1,1,1,-1,1,-1,-1,1,1,-1,1,-1,-1,-1,-1,-1,-1,1,1,-1,-1,1,1,-1,1,-1,-1,-1,1,1,1,1,1,-1,1,1,1,-1,1,-1,-1,-1,-1,1,1,1,1,-1,-1,1,1,1,-1,-1,-1,1,-1,-1,1,-1,1,-1,-1,1,-1,1,-1,-1,-1,1,1,-1,1,-1,1,-1,-1,1,-1,1,1,-1,-1,-1,1,-1,-1,1,1,-1,-1,1,-1,1,1,-1,1,-1,1,-1,-1,1,1,-1,-1,1,-1,1,1,-1,-1,1,1,-1,1,-1,1,-1,1,-1,-1,1,-1,1,-1,1,-1,-1,1,-1,-1,-1,1,-1,-1,1,1,1,-1,1,-1,-1,1,-1,-1,1,-1,1,-1,1,1,1,-1,1,1,-1,-1,-1,1,-1,1,-1,-1,1,-1,1,1,1,1,-1,-1,1,1,-1,1,1,-1,-1,1,1,1,-1,1,1,-1,1,1,1,1,-1,1,1,-1,-1,-1,1,-1,1,1,-1,1,-1,1,-1,1,-1,-1,-1,1,1,-1,1,1,-1,-1,-1,1,-1,1,1,-1,1,-1,1,-1,-1,-1,-1,-1,-1,1,-1,-1,-1,-1,-1,-1,1,-1,1,1,1,1,-1,1,-1,1,1,-1,-1,-1,1,-1,-1,1,-1,1,-1,-1,1,1,1,1,-1,-1,1,1,1,1,-1,1,-1,-1,1,1,1,-1,-1,-1,1,1,1,1,-1,-1,-1,1,-1,1,-1,1,-1,-1,-1,1,1,1,-1,-1,-1,1,1,1,1,1,-1,-1,-1,1,1,1,1,-1,-1,-1,1,1,1,-1,-1,-1,-1,1,1,1,1,-1,-1,1,1,1,1,1,-1,-1,-1,1,1,-1,1,-1,-1,-1,1,1,1,1,-1,-1,1,1,1,1,-1,-1,1,1,-1,1,1,-1,-1,-1,1,1,1,1,1,-1,1,1,1,1,1,-1,-1,-1,1,-1,1,-1,-1,-1,-1,1,-1,1,1,-1,-1,-1,1,-1,1,1,-1,-1,-1,1,1,1,1,-1,-1,-1,1,-1,1,1,-1,-1,-1,1,1,-1,-1,-1,-1,-1,1,-1,1,-1,-1,-1,-1,-1,-1,-1,1,-1,-1,-1,1,-1,-1,1,-1,-1,-1,-1,-1,-1,1,-1,-1,-1,-1,-1,1,-1,-1,-1,1,-1,-1,1,-1,1,-1,-1,-1,-1,-1,-1,-1,1,-1,-1,-1,1,1,-1,-1,-1,1,1,-1,-1,-1,-1,1,-1,-1,1,1,1,-1,-1,-1,-1,1,-1,1,1,-1,1,-1,-1,1,1,-1,-1,-1,-1,-1,-1,1,1,-1,-1,1,-1,1,1,-1,-1,-1,1,-1,1,1,-1,-1,1,-1,-1,1,1,1,-1,1,-1,1,1,1,-1,-1,1,-1,-1,1,-1,1,-1,1,-1,-1,1,1,-1,1,1,-1,-1,1,1,-1,1,1,-1,-1,1,1,-1,1,1,-1,-1,1,1,1,1,1,1,-1,-1,1,1,1,1,-1,-1,1,-1,1,1,1,1,-1,-1,1,-1,1,1,1,-1,1,1,1,1,-1,1,-1,1,1,1,1,1,1,1,-1,1,1,1,1,-1,1,-1,1,1,1,1,1,-1,1,1,1,1,-1,1,1,-1,1,1,-1,1,1,-1,-1,1,1,1,1,-1,1,-1,1,1,1,-1,-1,1,-1,1,1,1,-1,1,-1,-1,-1,1,1,-1,-1,1,-1,-1,1,1,-1,-1,1,-1,-1,-1,1,1,-1,1,-1,-1,1,1,-1,-1,-1,1,-1,-1,1,-1,1,1,-1,1,1,-1,-1,1,1,-1,-1,1,1,-1,1,1,-1,1,1,-1,-1,-1,-1,1,-1,-1,-1,-1,-1,1,-1,1,1,-1,1,1,-1,1,1,1,1,-1,1,-1,1,1,1,1,-1,1,-1,-1,1,1,1,-1,1,-1,1,1,1,1,-1,1,-1,1,1,-1,-1,-1,1,-1,-1,1,1,-1,-1,-1,1,-1,1,-1,1,-1,1,-1,-1,1,-2670.0,1,2000,445,1000,False
718,1,1,-1,-1,1,1,-1,-1,1,1,1,-1,1,1,1,1,-1,1,-1,-1,1,-1,1,1,1,-1,1,-1,1,1,1,1,1,1,-1,-1,1,1,1,1,-1,-1,-1,1,1,1,1,-1,1,1,1,1,-1,1,-1,-1,1,-1,1,1,-1,-1,1,-1,1,1,1,1,-1,-1,-1,1,1,1,1,-1,1,-1,1,1,1,-1,-1,1,1,1,1,1,-1,-1,-1,1,1,1,1,-1,1,1,1,-1,1,1,-1,-1,1,1,1,1,1,-1,-1,1,1,1,1,1,-1,-1,1,1,1,1,1,1,-1,1,1,1,-1,1,1,-1,1,1,1,1,1,1,-1,1,1,1,1,1,1,-1,-1,1,1,1,1,1,-1,1,-1,1,1,1,1,-1,1,1,1,1,-1,1,-1,1,-1,1,1,1,-1,-1,1,1,1,1,1,-1,1,-1,-1,1,-1,1,-1,1,1,1,1,1,1,1,1,1,-1,1,-1,1,-1,1,1,-1,1,-1,1,1,-1,1,-1,1,-1,1,-1,1,1,-1,1,-1,1,1,1,1,-1,-1,1,1,-1,-1,1,-1,1,-1,-1,1,-1,1,-1,1,-1,1,-1,1,1,-1,-1,-1,1,1,-1,1,-1,1,1,1,-1,1,1,-1,1,-1,1,-1,1,-1,1,-1,1,1,-1,1,-1,-1,-1,1,1,-1,1,-1,-1,-1,1,1,-1,-1,1,1,-1,-1,1,1,-1,1,1,-1,1,1,1,1,-1,1,-1,1,1,-1,1,-1,1,1,-1,1,1,1,1,1,-1,-1,1,-1,-1,1,1,1,-1,1,1,1,-1,1,-1,-1,1,1,1,1,1,-1,1,1,1,-1,1,1,-1,1,1,1,-1,1,1,-1,-1,1,1,1,-1,1,-1,1,1,1,-1,1,1,-1,1,1,1,-1,1,-1,-1,1,1,1,-1,1,-1,-1,-1,1,1,-1,1,-1,-1,1,-1,1,-1,1,1,-1,-1,1,1,1,-1,1,-1,-1,1,1,-1,1,-1,-1,-1,-1,-1,-1,1,-1,-1,-1,1,1,-1,1,-1,1,-1,1,1,1,1,-1,-1,1,1,1,-1,1,-1,-1,-1,-1,1,1,1,1,-1,-1,1,1,1,1,-1,-1,1,-1,-1,1,-1,1,-1,-1,1,-1,1,-1,-1,-1,1,1,-1,1,-1,1,-1,-1,1,-1,1,1,-1,-1,-1,1,-1,-1,1,1,-1,-1,1,-1,1,1,-1,1,-1,1,-1,-1,1,1,-1,-1,1,-1,1,1,-1,-1,1,1,-1,1,-1,1,-1,1,-1,-1,1,-1,1,-1,1,-1,-1,1,-1,-1,-1,1,-1,-1,1,1,1,-1,1,-1,-1,1,-1,-1,1,-1,1,-1,1,1,1,-1,1,1,-1,-1,-1,1,-1,1,-1,-1,1,-1,1,1,1,1,-1,-1,1,1,-1,1,1,-1,-1,1,1,1,-1,1,1,-1,1,1,1,1,-1,-1,1,-1,-1,-1,1,-1,1,1,-1,1,-1,1,-1,1,-1,-1,-1,1,1,-1,1,1,-1,-1,-1,1,-1,1,1,-1,1,-1,1,-1,-1,-1,-1,-1,-1,1,-1,-1,-1,-1,-1,-1,1,-1,1,1,1,1,-1,1,-1,1,1,-1,-1,-1,1,-1,-1,1,-1,1,-1,-1,1,1,1,1,-1,-1,1,1,1,1,-1,1,-1,-1,1,1,1,-1,-1,-1,1,1,1,1,-1,-1,-1,1,-1,1,-1,1,-1,-1,-1,1,1,1,-1,-1,-1,-1,1,1,1,1,-1,-1,-1,1,1,1,1,-1,-1,-1,1,-1,1,-1,-1,-1,1,1,1,1,1,-1,-1,-1,1,1,1,1,-1,-1,-1,1,1,-1,1,-1,-1,-1,1,1,1,1,-1,-1,1,1,1,1,-1,-1,1,1,-1,1,1,-1,-1,-1,1,1,1,1,1,-1,1,1,1,1,1,-1,-1,-1,1,-1,1,-1,-1,-1,-1,1,-1,1,1,-1,-1,-1,1,-1,1,1,-1,-1,-1,1,1,1,1,-1,-1,-1,1,-1,1,1,-1,-1,-1,1,1,-1,-1,-1,-1,-1,1,-1,1,-1,-1,-1,-1,-1,-1,-1,1,-1,-1,-1,1,-1,-1,1,-1,-1,-1,-1,-1,-1,1,-1,-1,-1,-1,-1,1,-1,-1,-1,1,-1,-1,1,-1,1,-1,-1,-1,-1,-1,-1,-1,1,-1,-1,-1,1,1,-1,-1,-1,1,-1,-1,-1,-1,-1,1,-1,-1,1,1,1,-1,-1,-1,-1,1,-1,1,1,-1,1,-1,-1,1,1,-1,-1,-1,-1,-1,-1,1,1,-1,-1,1,-1,1,1,-1,-1,-1,1,-1,1,1,-1,-1,1,-1,-1,1,1,1,-1,1,-1,1,1,1,-1,-1,1,-1,-1,1,1,1,-1,1,-1,-1,1,1,-1,1,1,-1,-1,1,1,1,1,1,-1,-1,1,1,1,1,1,-1,-1,1,1,1,1,1,1,-1,-1,1,1,-1,1,-1,-1,1,-1,1,1,1,1,-1,-1,1,-1,1,1,1,-1,1,1,1,1,-1,1,-1,1,1,1,1,1,1,1,-1,1,1,1,1,-1,1,-1,1,1,1,1,1,-1,1,1,1,1,-1,1,1,-1,1,1,-1,1,1,-1,-1,1,1,1,1,-1,1,-1,1,1,1,-1,-1,1,-1,1,-1,1,-1,1,-1,-1,-1,1,1,-1,-1,1,-1,-1,1,-1,1,-1,1,-1,-1,-1,1,1,-1,-1,-1,-1,1,1,-1,-1,-1,1,-1,1,-1,-1,1,1,-1,1,1,-1,-1,1,1,-1,-1,-1,1,-1,1,1,-1,1,-1,1,-1,-1,-1,1,-1,-1,-1,-1,-1,1,-1,1,1,-1,1,1,-1,1,1,-1,-1,-1,1,-1,1,1,1,1,-1,1,-1,-1,1,1,-1,-1,1,-1,1,1,1,1,-1,1,-1,1,1,-1,-1,-1,1,-1,-1,1,1,-1,-1,-1,1,-1,1,-1,1,-1,1,-1,-1,1,-2670.0,1,2000,445,0,False
719,1,1,-1,-1,1,-1,-1,-1,1,1,1,-1,1,1,1,1,-1,1,-1,-1,-1,-1,1,1,1,-1,-1,-1,1,1,1,1,1,-1,-1,-1,1,-1,1,1,-1,-1,-1,1,1,1,1,-1,1,1,1,1,-1,1,-1,-1,1,-1,1,1,1,-1,-1,-1,1,1,1,1,-1,-1,-1,1,1,1,1,-1,-1,-1,1,1,1,-1,-1,-1,1,1,1,1,-1,-1,-1,1,1,1,1,-1,-1,1,1,-1,1,1,-1,-1,1,1,1,1,1,-1,-1,-1,1,1,1,1,-1,-1,1,1,1,1,1,1,-1,-1,1,1,-1,1,1,-1,1,1,1,1,1,1,-1,1,1,1,1,1,1,-1,1,1,1,1,1,1,-1,-1,-1,1,1,1,1,-1,1,1,1,1,-1,1,-1,1,1,1,1,1,-1,-1,1,1,1,1,1,-1,1,-1,-1,1,-1,1,-1,1,1,1,1,1,1,1,1,1,-1,1,-1,1,-1,1,1,-1,1,-1,1,1,-1,1,-1,1,-1,1,-1,1,1,-1,1,-1,1,1,1,1,-1,-1,1,1,-1,-1,1,-1,1,-1,-1,1,-1,1,-1,1,-1,1,-1,-1,1,-1,1,-1,1,1,-1,1,-1,1,1,1,-1,1,1,-1,1,-1,1,-1,1,-1,1,-1,1,1,-1,1,-1,-1,-1,1,1,-1,1,-1,-1,-1,1,1,-1,-1,1,1,-1,-1,1,1,-1,1,1,-1,1,1,1,1,-1,1,-1,1,1,-1,1,-1,1,1,-1,1,1,1,1,1,-1,-1,1,-1,-1,-1,1,1,-1,1,1,1,-1,1,-1,-1,1,1,1,1,1,-1,1,1,1,-1,1,1,-1,1,1,1,-1,1,1,-1,1,-1,1,1,-1,1,-1,1,1,1,-1,1,1,-1,1,1,1,-1,1,-1,-1,1,1,1,-1,1,-1,-1,1,1,1,1,1,-1,-1,-1,-1,1,-1,1,1,-1,1,1,1,1,-1,1,-1,-1,-1,1,-1,1,-1,-1,1,-1,-1,-1,1,1,-1,1,-1,1,-1,1,-1,1,-1,1,1,-1,1,-1,1,-1,1,1,1,1,-1,-1,-1,-1,1,-1,-1,1,-1,-1,1,-1,-1,1,-1,-1,1,-1,-1,1,-1,-1,-1,1,-1,1,-1,1,1,-1,1,1,-1,1,-1,1,-1,-1,1,-1,-1,-1,1,-1,-1,1,-1,-1,1,1,-1,-1,-1,-1,1,-1,1,-1,-1,1,-1,-1,1,1,-1,1,1,-1,-1,-1,1,-1,1,1,-1,-1,1,-1,-1,1,-1,1,-1,1,-1,-1,1,-1,-1,-1,-1,1,-1,1,-1,1,-1,1,-1,-1,1,-1,-1,1,-1,-1,-1,1,1,-1,1,-1,-1,-1,1,1,-1,-1,-1,1,-1,1,-1,-1,1,-1,-1,1,-1,1,-1,-1,-1,-1,1,-1,1,1,-1,1,-1,-1,1,1,1,-1,1,-1,1,-1,1,-1,1,-1,-1,-1,1,-1,-1,-1,1,1,-1,1,-1,1,-1,1,-1,1,1,-1,1,1,1,-1,1,1,-1,1,-1,1,1,-1,1,-1,-1,1,1,-1,-1,1,-1,-1,-1,1,-1,-1,1,-1,1,1,1,1,-1,1,-1,1,1,1,-1,-1,1,-1,-1,-1,1,1,-1,-1,1,1,-1,-1,-1,-1,-1,1,1,1,1,1,-1,1,1,1,1,-1,-1,-1,-1,1,1,1,-1,-1,-1,1,-1,1,-1,1,-1,-1,-1,1,1,1,-1,-1,-1,-1,1,1,1,1,-1,-1,-1,1,1,1,-1,-1,-1,-1,1,-1,1,1,-1,-1,1,1,1,1,1,-1,-1,-1,1,-1,1,1,-1,-1,-1,1,1,-1,1,-1,-1,-1,1,1,1,1,-1,-1,1,1,1,-1,1,-1,1,1,-1,1,1,-1,-1,-1,1,1,-1,1,1,-1,1,1,1,-1,1,1,-1,-1,1,-1,1,-1,1,-1,-1,1,1,-1,1,-1,-1,-1,1,-1,-1,1,-1,1,-1,1,1,-1,-1,1,1,-1,1,-1,-1,1,-1,-1,-1,1,1,1,-1,-1,-1,-1,1,-1,-1,1,-1,-1,-1,-1,-1,-1,1,-1,-1,-1,1,-1,-1,1,-1,-1,-1,-1,-1,1,1,-1,-1,-1,-1,-1,1,-1,-1,-1,1,-1,-1,1,-1,1,-1,-1,-1,-1,-1,-1,-1,1,-1,-1,-1,1,1,-1,-1,-1,1,-1,1,-1,-1,-1,1,-1,-1,1,-1,1,-1,-1,-1,-1,1,-1,1,1,-1,1,-1,-1,1,1,-1,-1,-1,-1,-1,-1,1,1,-1,-1,1,-1,1,1,-1,-1,-1,1,-1,1,1,-1,-1,1,-1,-1,1,1,1,-1,1,-1,1,1,1,-1,-1,1,-1,-1,1,1,1,-1,1,-1,-1,1,1,-1,1,1,-1,-1,1,1,1,1,1,-1,-1,1,1,1,1,1,-1,-1,1,1,1,1,-1,1,-1,1,1,1,-1,1,-1,-1,1,-1,1,1,1,1,-1,-1,1,-1,1,1,1,-1,1,1,1,1,-1,1,-1,1,1,1,1,1,1,1,-1,1,1,1,1,-1,1,-1,1,1,1,1,1,1,1,1,1,1,-1,1,-1,1,1,1,-1,1,1,1,1,-1,1,1,1,-1,1,1,1,1,1,-1,-1,1,-1,1,1,1,-1,1,-1,1,1,1,1,-1,-1,1,1,-1,1,1,1,-1,1,1,-1,1,1,1,-1,1,-1,1,1,1,-1,-1,-1,-1,1,-1,1,-1,1,1,1,1,1,-1,-1,1,1,1,1,1,1,-1,1,-1,1,1,1,-1,-1,-1,-1,-1,-1,-1,-1,-1,-1,-1,1,1,1,-1,1,1,-1,-1,1,1,1,-1,1,-1,1,1,1,-1,-1,1,-1,1,1,1,-1,-1,1,-1,1,1,1,-1,-1,1,-1,1,-1,1,1,-1,1,-1,-1,1,1,-1,-1,-1,-1,1,1,-1,1,-1,1,-1,-1,1,-2670.0,1,2000,445,0,False
720,1,1,-1,-1,1,-1,-1,-1,1,1,1,-1,1,1,1,1,-1,1,-1,-1,-1,-1,1,1,1,-1,1,-1,1,1,1,1,-1,-1,-1,-1,1,1,1,1,-1,-1,-1,1,1,1,1,-1,1,1,1,1,-1,1,-1,-1,1,-1,1,1,1,-1,-1,-1,1,1,1,1,-1,-1,-1,1,1,1,1,-1,-1,-1,1,1,1,-1,-1,-1,1,1,1,1,-1,-1,-1,1,1,1,1,-1,-1,1,1,-1,1,1,-1,-1,1,1,1,1,1,-1,-1,1,1,1,1,1,-1,-1,1,1,1,1,1,1,-1,-1,1,1,-1,1,1,-1,1,1,1,1,1,1,-1,-1,1,1,1,1,1,-1,1,1,1,1,1,1,-1,-1,-1,1,1,1,1,-1,1,1,1,1,-1,1,-1,1,-1,1,1,1,-1,-1,1,1,1,1,1,-1,1,-1,-1,1,-1,1,-1,1,1,1,1,1,1,1,1,1,-1,1,-1,1,-1,1,1,-1,1,-1,1,1,-1,1,-1,1,-1,1,-1,1,1,-1,1,-1,1,1,1,1,-1,-1,1,1,-1,-1,1,-1,1,-1,-1,1,-1,1,-1,1,-1,1,-1,1,1,-1,-1,-1,1,1,-1,1,-1,1,1,1,-1,1,1,-1,-1,-1,1,-1,1,-1,1,-1,1,1,-1,1,-1,-1,-1,1,1,-1,1,-1,-1,-1,1,1,-1,-1,1,1,-1,-1,1,1,-1,1,1,-1,1,1,1,1,-1,1,-1,1,1,-1,1,-1,1,-1,1,1,1,-1,-1,1,-1,-1,1,-1,-1,-1,1,1,-1,1,1,1,-1,1,1,1,1,1,1,1,1,-1,1,1,1,1,-1,1,-1,1,1,1,-1,1,1,-1,-1,1,1,1,-1,1,-1,1,1,1,-1,1,1,-1,1,1,1,-1,1,1,-1,1,1,1,1,1,1,-1,-1,1,1,-1,1,1,-1,1,-1,1,-1,1,1,1,-1,1,1,1,1,1,1,-1,1,1,-1,1,1,1,-1,-1,-1,-1,1,1,1,-1,1,1,-1,1,1,-1,-1,1,1,1,1,1,-1,1,1,1,-1,1,1,1,-1,-1,1,1,1,-1,1,-1,1,1,1,1,1,1,-1,-1,-1,1,-1,-1,1,-1,1,-1,1,1,1,1,1,-1,-1,1,-1,-1,1,-1,1,-1,1,1,1,1,1,1,-1,-1,1,-1,1,1,-1,-1,1,1,1,-1,1,-1,-1,-1,1,-1,1,1,-1,-1,1,1,1,1,-1,1,-1,1,-1,-1,1,-1,-1,-1,1,-1,1,1,-1,-1,-1,1,-1,1,1,1,-1,-1,1,-1,-1,1,-1,-1,-1,1,-1,1,1,1,-1,-1,1,1,-1,1,-1,-1,-1,-1,-1,-1,1,-1,-1,-1,1,-1,-1,1,-1,-1,-1,-1,1,-1,1,-1,-1,-1,-1,1,-1,-1,1,1,1,-1,1,-1,1,-1,1,-1,1,-1,-1,-1,1,-1,-1,-1,1,1,-1,1,-1,1,1,1,-1,1,1,-1,1,-1,1,-1,-1,1,-1,-1,1,1,1,-1,1,-1,-1,1,1,-1,-1,1,-1,-1,1,1,-1,-1,1,-1,-1,-1,1,1,-1,1,1,-1,-1,1,-1,-1,1,-1,1,-1,1,1,-1,-1,1,-1,-1,-1,-1,-1,1,1,1,-1,-1,1,-1,-1,1,-1,-1,1,-1,-1,1,1,-1,-1,1,-1,-1,1,1,-1,1,-1,1,-1,-1,1,1,-1,-1,-1,-1,1,1,-1,-1,1,-1,-1,-1,1,1,-1,-1,-1,-1,-1,1,-1,-1,-1,-1,-1,1,1,1,-1,-1,-1,-1,-1,1,1,-1,-1,-1,-1,-1,1,1,1,-1,-1,-1,-1,1,1,-1,-1,-1,-1,1,1,1,1,1,-1,1,1,1,1,1,1,-1,-1,1,1,1,1,-1,-1,1,1,1,1,-1,1,-1,-1,1,-1,1,-1,1,-1,-1,1,-1,1,-1,1,-1,-1,1,-1,1,-1,1,-1,-1,1,-1,1,1,1,-1,-1,1,-1,1,1,1,-1,-1,1,1,-1,1,1,-1,-1,1,-1,1,-1,1,-1,-1,-1,-1,-1,1,1,-1,-1,1,-1,-1,1,1,-1,-1,-1,-1,1,-1,1,-1,-1,-1,-1,1,1,-1,-1,1,-1,-1,1,-1,1,-1,-1,-1,-1,-1,1,1,1,-1,-1,-1,1,1,1,-1,-1,1,-1,-1,-1,1,-1,1,-1,-1,1,1,1,-1,-1,-1,-1,1,-1,1,1,-1,1,-1,-1,1,1,-1,-1,-1,-1,-1,-1,1,1,-1,-1,1,-1,1,1,-1,-1,-1,1,-1,1,1,-1,-1,1,-1,-1,1,1,1,-1,1,-1,1,1,1,-1,-1,1,-1,-1,1,1,1,-1,1,-1,-1,1,1,-1,1,1,-1,-1,1,1,-1,1,1,-1,-1,1,1,-1,1,1,-1,-1,1,1,1,1,1,1,-1,-1,1,1,1,1,-1,-1,1,-1,1,1,1,1,-1,-1,1,-1,1,1,1,-1,1,1,1,1,-1,1,-1,1,1,1,1,1,1,1,-1,1,1,1,1,-1,1,-1,1,1,1,1,1,-1,1,1,1,1,-1,-1,1,-1,1,1,-1,1,1,-1,-1,1,1,1,-1,1,1,-1,1,1,1,-1,-1,1,-1,1,1,1,-1,1,-1,-1,-1,1,1,-1,-1,1,-1,-1,1,1,1,-1,1,-1,-1,1,1,1,1,-1,-1,-1,1,1,-1,-1,-1,1,-1,-1,1,-1,1,1,-1,1,1,-1,-1,1,-1,-1,-1,1,1,-1,1,1,-1,1,1,-1,-1,-1,-1,1,-1,-1,-1,-1,1,-1,-1,1,1,-1,1,1,-1,1,1,1,1,-1,1,-1,1,1,1,1,-1,1,-1,-1,1,1,1,-1,1,-1,1,1,1,1,-1,1,-1,1,1,1,-1,-1,1,-1,-1,1,1,-1,-1,-1,1,-1,1,-1,1,-1,1,-1,-1,1,-2670.0,1,2000,445,0,False
721,1,1,-1,-1,1,-1,1,-1,1,1,1,-1,1,1,-1,1,-1,1,-1,-1,1,1,1,1,1,-1,1,-1,1,1,1,1,-1,-1,-1,-1,1,-1,1,-1,-1,-1,-1,1,1,1,1,-1,1,1,1,1,-1,1,-1,-1,1,-1,1,1,1,-1,-1,1,1,1,1,1,-1,-1,1,1,1,1,1,-1,-1,-1,1,1,1,-1,-1,-1,1,1,1,1,-1,-1,-1,1,1,1,1,-1,-1,1,1,-1,1,1,-1,-1,1,1,1,1,1,-1,-1,1,1,-1,1,1,-1,-1,1,1,1,1,1,1,-1,1,1,1,-1,1,1,-1,1,1,1,1,1,1,-1,-1,1,1,1,1,1,-1,1,1,1,1,1,1,-1,-1,-1,1,1,1,1,-1,1,-1,1,1,-1,1,-1,1,-1,1,1,1,-1,-1,1,1,1,1,1,-1,1,-1,-1,1,-1,1,-1,1,1,1,1,1,1,1,1,1,-1,1,-1,1,-1,1,1,-1,1,-1,1,1,-1,1,-1,1,-1,1,-1,1,1,-1,1,-1,1,1,1,1,-1,-1,1,1,-1,-1,1,-1,1,-1,-1,1,-1,1,-1,1,-1,1,-1,1,1,-1,-1,-1,1,1,-1,1,-1,1,1,1,-1,1,1,-1,1,-1,1,-1,1,-1,1,-1,1,1,-1,1,-1,-1,-1,1,1,-1,1,-1,-1,-1,1,1,-1,-1,1,1,-1,-1,1,1,-1,1,1,-1,1,1,1,1,-1,1,-1,1,1,-1,1,-1,1,1,1,1,1,1,1,1,-1,-1,1,-1,-1,-1,1,1,-1,1,1,1,-1,1,1,1,1,1,1,-1,1,-1,1,1,1,-1,1,1,-1,1,1,1,-1,1,1,-1,-1,1,1,1,-1,1,-1,1,1,1,-1,1,1,-1,1,1,1,-1,1,1,-1,1,1,1,-1,1,1,1,-1,1,1,-1,1,1,-1,1,-1,1,-1,1,1,1,-1,1,1,1,1,1,1,-1,1,1,-1,1,1,1,-1,-1,-1,-1,1,1,1,-1,1,1,-1,1,1,-1,-1,1,1,1,1,1,-1,1,1,1,-1,1,1,1,-1,-1,1,1,1,-1,1,-1,1,1,1,1,1,1,-1,-1,-1,1,-1,-1,1,-1,1,-1,1,1,1,1,1,1,-1,1,-1,-1,1,-1,1,-1,1,1,1,1,1,1,-1,-1,1,-1,1,1,-1,-1,1,1,1,-1,1,1,-1,-1,1,-1,1,1,-1,-1,1,1,1,1,-1,1,-1,1,-1,-1,1,-1,1,-1,1,-1,1,1,-1,-1,-1,1,-1,1,1,1,-1,-1,1,-1,-1,1,-1,-1,-1,1,-1,1,1,-1,1,-1,1,1,-1,1,-1,-1,-1,-1,-1,-1,1,-1,-1,-1,1,-1,-1,1,-1,-1,-1,-1,1,-1,1,-1,-1,1,-1,1,-1,-1,1,1,1,-1,1,-1,1,-1,1,-1,1,-1,-1,-1,1,-1,-1,-1,1,-1,1,1,-1,1,1,1,-1,1,1,-1,1,-1,1,-1,-1,1,-1,-1,1,1,-1,-1,1,-1,-1,1,1,1,-1,1,-1,-1,1,1,-1,-1,1,-1,-1,-1,1,1,-1,1,-1,-1,-1,1,-1,-1,1,-1,1,-1,1,1,-1,-1,1,-1,-1,-1,-1,-1,1,1,1,-1,-1,1,-1,-1,1,-1,-1,1,-1,-1,1,1,-1,-1,1,1,-1,1,1,-1,1,-1,1,-1,-1,1,1,-1,-1,-1,-1,-1,1,-1,-1,1,-1,-1,-1,1,1,-1,-1,-1,-1,-1,1,-1,-1,-1,-1,-1,1,1,1,-1,-1,-1,-1,-1,1,1,-1,-1,-1,-1,-1,1,1,1,-1,-1,-1,-1,1,1,-1,-1,-1,-1,1,1,1,1,1,-1,1,1,1,1,1,1,-1,-1,1,1,1,1,-1,-1,1,1,1,1,-1,1,-1,-1,1,-1,1,-1,1,-1,-1,1,-1,1,1,1,-1,-1,1,-1,1,-1,1,1,-1,1,-1,1,1,1,1,-1,1,-1,1,1,1,-1,-1,1,1,-1,1,1,-1,-1,1,-1,1,-1,1,-1,-1,-1,-1,-1,1,1,-1,-1,1,-1,-1,1,1,-1,-1,-1,-1,1,-1,1,-1,-1,-1,-1,1,-1,-1,-1,1,-1,-1,1,-1,1,-1,-1,-1,-1,-1,-1,1,1,-1,-1,-1,1,1,1,-1,-1,1,1,-1,-1,1,-1,1,-1,-1,1,1,1,-1,-1,-1,-1,1,-1,1,1,-1,1,-1,-1,1,1,-1,-1,-1,-1,-1,-1,1,1,-1,-1,1,-1,1,1,1,-1,-1,1,-1,1,1,-1,-1,1,-1,-1,1,1,1,-1,1,-1,1,1,1,-1,-1,1,-1,-1,1,1,1,-1,1,-1,-1,1,1,-1,1,1,-1,-1,1,1,1,1,1,-1,-1,1,1,-1,1,1,-1,-1,1,1,1,1,1,1,-1,-1,1,1,-1,1,-1,-1,1,-1,1,1,1,1,-1,-1,1,-1,1,1,1,-1,1,1,1,1,-1,1,-1,1,1,1,1,1,1,1,-1,1,1,1,1,-1,1,-1,1,1,1,1,1,-1,1,1,1,1,-1,1,1,-1,1,1,-1,1,1,-1,-1,1,1,1,1,-1,1,-1,1,1,1,-1,-1,1,-1,1,1,1,-1,1,-1,-1,-1,1,1,-1,-1,1,-1,-1,1,1,-1,-1,1,-1,-1,1,1,1,-1,1,-1,-1,1,1,-1,-1,1,1,-1,-1,1,-1,1,1,-1,1,1,-1,-1,1,-1,-1,-1,1,1,-1,1,1,-1,1,1,-1,-1,-1,-1,1,-1,-1,-1,-1,1,-1,-1,1,1,-1,1,1,-1,1,1,1,1,-1,1,-1,1,1,1,1,-1,1,-1,-1,1,1,1,-1,1,-1,1,1,1,1,-1,1,-1,1,1,-1,-1,-1,1,-1,-1,1,1,-1,-1,-1,1,-1,1,-1,1,-1,1,-1,-1,1,-2670.0,1,2000,445,0,False
722,1,1,-1,-1,1,1,-1,-1,1,1,1,-1,-1,1,1,1,-1,1,-1,-1,-1,-1,1,1,1,-1,-1,-1,1,1,1,1,-1,-1,-1,-1,1,-1,1,1,-1,-1,-1,1,1,1,1,-1,1,1,1,1,-1,1,-1,-1,1,-1,1,1,1,-1,-1,-1,1,1,1,1,-1,-1,-1,1,1,1,1,-1,-1,-1,1,1,1,-1,-1,-1,1,1,1,1,-1,-1,-1,1,1,1,1,-1,-1,1,1,-1,1,1,-1,-1,1,1,1,1,1,-1,-1,1,1,1,1,1,-1,-1,1,1,1,1,1,1,-1,-1,1,1,-1,1,1,-1,1,1,1,1,1,1,-1,-1,1,1,1,1,1,-1,1,1,1,1,1,1,-1,-1,-1,1,1,1,1,-1,1,1,1,1,-1,1,-1,1,-1,1,1,1,-1,-1,1,1,1,1,1,-1,1,-1,-1,1,-1,1,-1,1,1,1,1,1,1,1,1,1,1,1,-1,1,-1,1,1,-1,1,-1,1,1,-1,1,-1,1,-1,1,-1,1,1,-1,-1,-1,1,1,1,1,-1,-1,1,1,-1,-1,1,-1,1,-1,-1,1,-1,1,-1,1,-1,1,-1,1,1,-1,-1,-1,1,1,-1,1,-1,1,1,1,-1,1,1,-1,-1,-1,1,-1,1,-1,1,-1,1,1,-1,1,-1,-1,-1,1,1,-1,1,-1,-1,-1,1,1,-1,-1,1,1,-1,-1,1,1,-1,1,1,-1,1,1,1,1,-1,1,-1,1,1,-1,1,-1,1,1,-1,1,1,1,1,1,-1,-1,1,-1,-1,-1,1,1,-1,1,1,1,-1,1,-1,-1,1,1,1,1,1,-1,1,1,1,-1,-1,1,-1,1,1,1,-1,1,1,-1,1,-1,1,1,-1,1,-1,1,1,1,-1,1,1,-1,1,1,1,-1,1,-1,-1,1,1,1,-1,1,-1,-1,1,1,1,-1,1,-1,-1,-1,-1,1,-1,1,1,-1,1,1,1,1,-1,1,-1,-1,-1,1,-1,1,-1,-1,1,-1,-1,-1,1,1,-1,1,-1,1,-1,1,-1,1,-1,1,1,1,1,-1,1,-1,1,1,-1,1,-1,-1,-1,-1,1,1,1,1,-1,-1,1,1,1,1,-1,-1,1,-1,-1,1,-1,1,-1,1,-1,1,1,1,-1,-1,1,1,-1,1,-1,1,-1,-1,1,-1,1,1,-1,-1,-1,1,-1,-1,1,1,-1,-1,-1,-1,1,1,-1,1,-1,1,-1,-1,1,1,-1,1,1,-1,1,1,-1,-1,1,1,-1,1,-1,1,-1,1,-1,-1,1,-1,1,-1,1,-1,-1,1,-1,-1,-1,1,-1,-1,1,1,1,-1,1,-1,-1,1,-1,-1,1,-1,1,-1,1,1,1,-1,1,1,-1,-1,-1,1,-1,1,-1,-1,1,-1,1,1,1,1,-1,-1,1,1,-1,-1,1,-1,-1,1,1,1,1,1,1,-1,1,1,1,-1,-1,-1,1,-1,-1,-1,1,-1,-1,1,-1,1,-1,1,-1,1,-1,-1,-1,1,1,-1,1,1,-1,-1,-1,1,-1,1,1,-1,1,-1,1,-1,-1,-1,-1,-1,-1,1,-1,-1,-1,-1,-1,-1,1,-1,1,1,1,1,-1,1,-1,1,1,-1,-1,-1,1,-1,-1,1,-1,1,-1,-1,1,1,1,1,-1,-1,1,1,1,1,-1,1,-1,-1,1,1,1,-1,-1,-1,1,1,1,1,-1,-1,-1,1,-1,1,-1,1,-1,-1,-1,1,1,1,-1,-1,-1,1,1,1,1,1,-1,-1,-1,1,1,1,1,-1,-1,-1,1,-1,1,-1,-1,-1,-1,1,1,1,1,-1,-1,1,1,-1,1,1,-1,-1,-1,1,1,-1,1,-1,-1,-1,1,1,1,1,-1,-1,1,1,1,-1,1,-1,1,1,-1,1,1,-1,-1,-1,1,1,-1,1,1,-1,1,1,1,-1,1,1,-1,-1,1,-1,1,-1,1,-1,-1,1,1,-1,1,-1,-1,-1,1,-1,-1,1,-1,1,-1,1,1,-1,-1,1,1,-1,1,-1,-1,1,-1,-1,-1,1,1,1,-1,-1,-1,-1,1,-1,-1,1,-1,-1,-1,-1,-1,-1,1,-1,-1,-1,1,-1,-1,1,-1,-1,-1,-1,-1,1,1,-1,-1,-1,-1,-1,1,-1,-1,-1,1,-1,-1,1,-1,1,-1,-1,-1,-1,-1,-1,-1,1,-1,-1,-1,1,1,-1,-1,-1,1,-1,1,-1,-1,-1,1,-1,-1,1,-1,1,-1,-1,-1,-1,1,-1,1,1,-1,1,-1,-1,1,1,-1,-1,-1,-1,-1,-1,1,1,-1,-1,1,-1,1,1,-1,-1,-1,1,-1,-1,1,-1,-1,1,-1,-1,1,1,1,-1,1,-1,1,1,1,-1,-1,1,-1,-1,1,1,1,-1,1,-1,-1,1,1,-1,1,1,-1,-1,1,1,-1,1,1,-1,-1,1,1,-1,1,1,-1,-1,1,1,1,1,1,1,-1,-1,1,1,1,1,-1,-1,1,-1,1,1,1,1,-1,-1,1,-1,1,1,1,-1,1,1,1,1,-1,1,-1,1,1,1,1,1,1,1,-1,1,1,1,1,-1,1,-1,1,1,1,1,1,-1,1,1,1,1,-1,1,1,-1,1,1,-1,1,1,-1,-1,1,1,1,1,-1,1,-1,1,1,1,-1,-1,1,-1,1,1,1,-1,1,-1,-1,-1,1,1,-1,-1,1,-1,-1,1,1,-1,-1,1,-1,-1,1,1,1,-1,-1,-1,-1,1,1,-1,-1,-1,1,-1,1,1,-1,1,1,-1,1,1,-1,-1,1,1,-1,-1,1,1,-1,1,1,-1,1,1,-1,-1,-1,-1,1,-1,-1,-1,-1,1,-1,-1,1,1,-1,1,1,-1,1,1,1,1,-1,1,-1,1,1,1,1,-1,1,-1,-1,1,1,1,-1,1,-1,1,1,1,1,-1,1,-1,1,1,1,-1,-1,1,-1,-1,1,1,-1,-1,-1,1,-1,1,-1,1,-1,1,-1,-1,1,-2670.0,1,2000,445,500,False
723,1,1,-1,-1,1,1,-1,-1,1,1,1,-1,-1,1,1,1,-1,1,1,-1,-1,-1,1,1,1,1,-1,-1,1,1,1,1,-1,-1,-1,-1,1,1,1,1,-1,-1,-1,1,1,1,1,-1,1,1,1,1,-1,1,-1,-1,1,-1,1,1,1,-1,-1,-1,1,1,1,1,-1,-1,-1,1,1,1,1,-1,-1,-1,1,1,1,-1,-1,-1,1,1,1,1,-1,-1,1,1,1,1,1,-1,-1,-1,1,-1,1,1,-1,-1,1,1,1,1,1,-1,-1,-1,1,1,1,1,-1,-1,1,1,1,1,1,1,-1,-1,1,1,-1,1,1,-1,1,1,1,1,1,1,-1,1,1,1,1,1,1,-1,1,1,1,1,1,1,-1,-1,-1,1,1,1,1,-1,1,1,1,1,-1,1,-1,1,-1,1,1,1,-1,-1,1,1,1,1,1,-1,1,-1,-1,1,-1,1,-1,1,1,1,1,1,1,1,1,1,-1,1,-1,1,-1,1,1,-1,1,-1,1,1,-1,1,-1,1,-1,1,-1,1,1,-1,1,-1,1,1,1,1,-1,-1,1,1,-1,-1,1,-1,1,-1,-1,1,-1,1,-1,1,-1,1,-1,1,1,-1,-1,-1,1,1,-1,1,-1,1,1,1,-1,1,1,-1,1,-1,1,-1,1,-1,1,-1,1,1,-1,1,-1,-1,-1,1,1,-1,1,-1,-1,-1,1,1,-1,-1,1,1,-1,-1,1,1,-1,1,1,-1,1,1,1,-1,-1,1,-1,1,1,-1,1,-1,1,1,-1,1,1,-1,-1,1,-1,-1,1,-1,1,-1,1,1,-1,1,1,1,-1,1,-1,-1,1,1,-1,-1,1,-1,1,1,1,1,-1,1,-1,1,1,1,-1,1,1,-1,-1,1,1,-1,1,1,-1,1,1,1,1,1,1,-1,1,1,1,1,1,-1,-1,1,1,1,1,1,-1,-1,-1,1,1,1,1,-1,-1,1,-1,1,-1,1,1,-1,-1,1,1,1,1,1,-1,-1,1,1,1,1,-1,1,-1,-1,-1,-1,1,1,-1,-1,1,1,-1,1,1,-1,-1,1,1,1,1,1,-1,1,1,1,-1,1,-1,-1,-1,-1,1,1,1,1,-1,-1,1,-1,1,1,-1,-1,-1,-1,-1,1,-1,-1,-1,1,-1,1,-1,1,1,-1,1,1,-1,1,-1,1,-1,-1,1,-1,1,-1,1,1,-1,1,-1,-1,1,1,-1,-1,1,-1,1,1,1,-1,-1,1,-1,1,-1,1,-1,1,1,-1,-1,-1,-1,-1,1,1,-1,1,-1,-1,-1,1,-1,1,1,1,-1,1,1,-1,-1,1,-1,-1,-1,1,-1,1,-1,-1,-1,-1,1,-1,-1,1,-1,-1,-1,1,1,-1,-1,-1,-1,-1,1,1,-1,-1,-1,1,-1,1,-1,-1,1,-1,-1,1,-1,1,-1,-1,1,-1,1,-1,1,-1,-1,1,-1,-1,1,1,1,-1,1,-1,1,-1,-1,-1,1,-1,-1,-1,1,-1,-1,-1,1,1,-1,1,-1,1,-1,1,-1,1,1,-1,1,1,1,-1,-1,1,-1,1,-1,1,1,-1,1,-1,-1,1,1,-1,-1,1,-1,-1,-1,1,-1,-1,1,-1,1,1,1,1,-1,1,-1,-1,1,1,-1,-1,1,-1,-1,-1,1,1,-1,-1,1,1,-1,-1,-1,-1,1,1,1,1,1,1,-1,-1,1,1,-1,1,-1,-1,1,1,1,1,-1,-1,-1,1,-1,1,1,1,-1,-1,-1,1,1,1,-1,-1,-1,-1,1,1,1,1,-1,-1,-1,1,1,1,-1,-1,-1,-1,1,1,1,1,-1,-1,1,1,1,1,1,-1,-1,-1,1,1,1,-1,-1,-1,-1,1,1,-1,1,-1,-1,-1,1,1,1,1,-1,-1,1,1,1,1,1,-1,1,1,-1,1,1,-1,-1,-1,1,1,1,-1,1,-1,1,1,1,1,1,1,-1,-1,1,-1,1,-1,1,-1,-1,1,-1,1,-1,-1,-1,-1,1,-1,1,1,-1,-1,-1,1,1,1,-1,1,-1,-1,1,-1,1,-1,-1,-1,-1,1,1,-1,-1,-1,-1,-1,1,-1,1,-1,-1,-1,-1,-1,-1,-1,1,-1,-1,-1,1,-1,-1,1,-1,-1,-1,-1,-1,-1,1,-1,-1,-1,-1,-1,1,-1,-1,-1,1,-1,-1,1,-1,1,-1,-1,-1,-1,-1,-1,-1,1,-1,-1,-1,1,1,1,-1,-1,1,-1,-1,-1,-1,-1,1,-1,-1,1,-1,1,-1,-1,-1,-1,1,-1,1,1,-1,1,-1,-1,1,1,-1,-1,-1,-1,-1,-1,1,1,-1,-1,1,-1,1,1,-1,-1,-1,1,-1,1,1,-1,-1,1,-1,-1,1,1,1,-1,1,-1,1,1,1,-1,-1,1,-1,-1,1,1,1,-1,1,-1,-1,1,1,-1,1,1,-1,-1,1,1,-1,1,1,-1,-1,1,1,-1,1,1,-1,-1,1,1,1,1,1,1,-1,1,1,-1,1,1,-1,-1,1,-1,1,1,1,1,-1,-1,1,-1,1,1,1,-1,1,1,1,1,-1,1,-1,1,1,1,1,1,1,-1,-1,1,1,1,1,-1,1,-1,1,1,1,1,-1,1,-1,1,1,1,-1,-1,1,-1,1,1,-1,1,-1,-1,-1,1,1,1,-1,1,-1,-1,1,1,1,-1,-1,-1,-1,1,1,1,-1,1,-1,-1,-1,1,1,-1,1,-1,-1,1,1,1,-1,1,-1,-1,1,1,1,1,1,1,-1,-1,1,1,-1,-1,1,1,1,1,1,-1,1,-1,-1,1,1,-1,-1,1,-1,-1,-1,1,1,-1,1,-1,1,1,1,-1,-1,-1,-1,-1,-1,-1,-1,-1,1,-1,1,1,1,-1,1,1,-1,1,1,1,1,-1,1,-1,1,1,1,-1,-1,1,-1,1,1,1,-1,-1,1,-1,1,1,1,-1,-1,1,-1,1,1,1,1,-1,1,-1,-1,1,1,-1,-1,-1,1,-1,1,-1,1,-1,1,-1,-1,1,-2670.0,1,2000,445,0,False
724,1,1,-1,-1,1,-1,-1,-1,1,1,1,-1,1,1,1,1,-1,1,-1,-1,-1,-1,1,1,1,-1,-1,-1,1,1,1,1,-1,-1,-1,-1,1,1,1,1,-1,-1,-1,1,1,1,1,-1,1,1,1,1,-1,1,-1,-1,1,-1,1,1,1,-1,-1,-1,1,1,1,1,-1,-1,-1,1,1,1,1,-1,-1,-1,1,1,1,-1,-1,-1,1,1,1,1,-1,-1,-1,1,1,1,1,-1,-1,1,1,-1,1,1,-1,-1,1,1,1,1,1,-1,-1,-1,1,-1,1,1,-1,-1,1,1,1,1,1,1,-1,-1,1,1,-1,1,1,-1,1,1,1,1,1,1,-1,1,1,1,1,1,1,-1,1,1,1,1,1,1,-1,-1,-1,1,1,1,1,-1,1,1,1,1,-1,1,-1,1,-1,1,1,1,-1,-1,1,1,1,1,1,-1,1,-1,-1,1,-1,1,-1,1,1,1,1,1,1,1,1,1,-1,1,-1,1,-1,1,1,-1,1,-1,1,1,-1,1,-1,1,-1,1,-1,1,1,-1,-1,-1,1,1,1,1,-1,-1,1,1,-1,-1,1,-1,1,-1,-1,1,-1,1,-1,1,-1,1,-1,1,1,-1,-1,-1,1,1,-1,1,-1,1,1,1,-1,1,1,-1,1,-1,1,-1,1,-1,1,-1,1,1,-1,1,-1,-1,-1,1,1,-1,1,-1,-1,-1,1,1,-1,-1,1,1,-1,-1,1,1,-1,1,1,-1,1,1,1,1,-1,1,-1,1,1,-1,1,-1,1,1,-1,1,1,1,1,1,-1,-1,1,-1,-1,-1,1,1,-1,1,1,1,-1,1,-1,-1,1,1,1,1,1,-1,1,1,1,-1,1,1,-1,1,1,1,-1,1,1,-1,-1,1,1,1,-1,1,-1,1,1,1,-1,1,1,-1,1,1,1,-1,1,-1,-1,1,1,1,-1,1,-1,-1,-1,1,1,-1,1,-1,-1,1,-1,1,-1,1,1,-1,-1,1,1,1,-1,1,-1,-1,1,1,-1,1,-1,-1,-1,-1,-1,-1,1,1,-1,-1,1,1,-1,1,-1,1,-1,1,1,1,1,1,-1,1,1,1,-1,1,-1,-1,-1,-1,1,1,1,1,-1,-1,1,-1,1,1,-1,-1,1,-1,-1,1,-1,1,-1,-1,1,-1,1,1,-1,-1,1,1,-1,1,-1,1,-1,-1,1,-1,1,1,-1,-1,-1,1,-1,-1,1,1,-1,-1,1,-1,1,1,-1,1,-1,1,-1,-1,1,1,-1,-1,1,-1,1,1,-1,-1,1,1,-1,1,-1,1,-1,1,-1,1,1,-1,1,-1,1,-1,-1,1,-1,-1,-1,1,-1,-1,1,1,1,-1,1,-1,-1,1,-1,-1,1,-1,1,-1,1,1,1,-1,1,1,-1,1,-1,1,-1,1,-1,-1,1,-1,1,1,1,1,-1,-1,1,1,-1,1,1,-1,1,1,1,1,-1,1,1,-1,1,1,1,1,-1,-1,1,-1,-1,-1,1,-1,1,1,1,1,-1,1,-1,1,-1,-1,-1,1,1,-1,1,1,-1,-1,-1,1,-1,1,1,-1,1,-1,1,-1,-1,-1,-1,-1,-1,1,-1,-1,-1,-1,-1,-1,1,-1,1,1,1,1,-1,1,-1,1,1,-1,-1,-1,1,-1,-1,1,-1,1,-1,-1,1,1,1,1,-1,-1,1,1,1,1,-1,1,-1,-1,1,1,1,-1,-1,-1,1,1,1,1,-1,1,-1,1,-1,1,-1,1,1,-1,-1,1,1,1,-1,-1,-1,-1,1,1,1,1,-1,-1,-1,1,1,1,1,-1,-1,-1,1,-1,1,-1,-1,-1,-1,1,1,1,1,-1,-1,1,1,1,1,1,-1,-1,-1,1,1,-1,1,-1,-1,-1,1,1,1,1,-1,-1,1,1,1,1,-1,-1,1,1,-1,1,1,-1,-1,-1,1,1,1,1,1,-1,1,1,1,1,1,-1,-1,-1,1,-1,1,-1,-1,-1,-1,1,-1,1,1,-1,-1,-1,1,-1,1,1,-1,-1,-1,1,1,1,1,-1,-1,-1,1,-1,1,1,-1,-1,-1,1,1,-1,-1,-1,-1,-1,1,-1,1,-1,-1,-1,-1,-1,-1,-1,1,-1,-1,-1,1,-1,-1,1,-1,-1,-1,-1,-1,1,1,-1,-1,-1,-1,-1,1,-1,-1,-1,1,-1,-1,1,-1,1,-1,-1,-1,-1,-1,-1,-1,1,-1,-1,-1,1,1,1,-1,-1,1,1,-1,-1,-1,-1,1,-1,-1,1,1,1,-1,-1,-1,-1,1,-1,1,1,-1,1,-1,-1,1,1,-1,-1,-1,-1,-1,-1,1,1,-1,-1,1,-1,1,1,-1,-1,-1,1,-1,1,1,-1,-1,1,-1,-1,1,1,1,-1,1,-1,1,1,1,-1,-1,1,-1,-1,1,1,1,-1,1,-1,-1,1,1,-1,1,1,-1,-1,1,1,-1,1,1,-1,-1,1,1,-1,1,1,-1,-1,1,1,1,1,1,1,-1,1,1,1,-1,1,-1,-1,1,-1,1,1,1,1,-1,-1,1,-1,1,1,1,-1,1,-1,1,1,-1,1,-1,1,1,1,1,1,1,1,-1,-1,1,1,1,-1,1,-1,1,1,1,1,1,-1,1,-1,1,1,-1,1,1,-1,-1,1,-1,1,1,-1,-1,1,1,1,1,-1,1,-1,-1,1,1,-1,-1,1,-1,1,1,1,-1,1,-1,-1,-1,1,1,-1,-1,1,-1,-1,1,1,-1,-1,1,-1,-1,1,1,1,-1,1,-1,-1,1,1,-1,-1,-1,1,-1,-1,1,-1,1,1,-1,1,1,-1,-1,1,-1,-1,-1,1,1,-1,1,1,-1,1,1,-1,-1,-1,-1,1,-1,-1,-1,-1,1,-1,-1,1,1,-1,1,1,-1,1,1,1,1,-1,1,-1,1,1,1,-1,-1,1,-1,-1,1,1,-1,-1,1,-1,1,1,1,-1,-1,1,-1,1,1,1,1,-1,1,-1,-1,1,1,-1,-1,-1,1,-1,1,-1,1,-1,1,-1,-1,1,-2670.0,1,2000,445,0,False
725,1,1,-1,-1,1,-1,-1,-1,1,1,1,-1,1,1,1,1,-1,1,-1,-1,-1,-1,1,1,1,-1,-1,-1,1,1,1,1,1,-1,-1,-1,1,-1,1,1,-1,-1,-1,1,1,1,1,-1,1,1,1,1,-1,1,-1,-1,1,-1,1,1,1,-1,-1,-1,1,1,1,1,-1,-1,-1,1,1,1,1,-1,-1,-1,1,1,1,-1,-1,-1,1,1,1,1,-1,1,-1,1,1,1,1,-1,-1,1,1,-1,1,1,-1,-1,1,1,1,1,1,-1,-1,1,1,1,1,1,-1,-1,1,1,1,1,1,1,-1,1,1,1,-1,1,1,-1,1,1,1,1,1,1,-1,-1,1,1,1,1,1,-1,1,1,1,1,1,1,-1,-1,-1,1,1,1,1,-1,1,1,1,1,-1,1,-1,1,-1,1,1,1,-1,-1,1,1,1,1,1,-1,1,-1,-1,1,-1,1,-1,1,1,1,1,1,1,1,1,1,-1,1,-1,1,-1,1,1,-1,1,-1,1,1,-1,1,-1,1,-1,1,-1,1,1,-1,1,-1,1,1,1,1,-1,-1,1,1,-1,-1,1,-1,1,-1,1,1,1,1,-1,1,-1,1,-1,1,1,-1,-1,-1,1,1,-1,1,-1,1,1,1,-1,1,1,-1,1,-1,1,-1,1,-1,1,-1,1,1,-1,1,-1,-1,-1,1,1,-1,1,-1,-1,-1,1,1,-1,-1,1,1,-1,-1,1,1,-1,1,1,-1,1,1,1,-1,-1,1,-1,1,1,-1,1,-1,1,-1,1,1,1,-1,-1,1,-1,-1,1,-1,1,-1,1,1,-1,1,1,1,-1,1,1,1,1,1,-1,-1,1,-1,1,1,1,1,-1,1,-1,1,1,1,-1,1,1,-1,-1,1,1,-1,1,1,-1,1,1,1,1,1,1,-1,1,1,1,1,1,1,-1,1,1,1,1,1,1,-1,-1,1,1,1,1,1,-1,1,-1,1,-1,1,1,1,-1,1,1,1,1,1,1,-1,1,1,1,-1,1,1,-1,-1,-1,-1,1,1,1,-1,1,1,-1,1,1,-1,-1,1,1,1,1,1,-1,1,1,1,-1,1,1,1,1,-1,1,1,1,-1,1,-1,1,-1,1,1,1,1,-1,-1,-1,1,-1,-1,1,1,-1,1,-1,1,1,1,1,1,-1,1,-1,-1,1,-1,1,-1,1,1,1,1,1,1,-1,-1,1,-1,1,1,1,-1,1,1,1,-1,1,1,-1,1,1,-1,1,1,1,-1,1,1,1,1,1,1,-1,1,-1,-1,1,1,-1,1,1,-1,-1,1,1,-1,-1,1,-1,1,1,1,-1,-1,1,-1,-1,1,1,-1,-1,1,-1,1,1,1,1,-1,1,-1,-1,-1,1,1,-1,1,-1,1,-1,1,-1,-1,1,-1,-1,1,-1,1,-1,-1,1,-1,1,-1,1,-1,-1,1,-1,-1,1,1,1,-1,1,-1,1,-1,-1,-1,1,-1,-1,-1,1,-1,-1,1,1,1,-1,1,-1,1,1,1,-1,1,1,-1,-1,-1,1,-1,-1,1,-1,-1,1,1,1,-1,1,-1,-1,1,1,-1,-1,1,-1,-1,1,1,-1,-1,1,-1,-1,-1,1,1,-1,1,1,-1,-1,1,-1,-1,1,-1,1,-1,1,1,-1,-1,1,-1,-1,-1,-1,-1,1,1,1,-1,1,1,-1,-1,1,-1,-1,-1,-1,-1,1,1,-1,-1,-1,-1,-1,1,1,-1,1,1,-1,-1,-1,1,1,-1,-1,-1,-1,1,1,-1,-1,1,-1,-1,-1,1,1,-1,-1,-1,-1,-1,1,-1,-1,1,-1,-1,1,1,1,-1,1,-1,-1,-1,1,1,-1,-1,-1,-1,-1,1,1,1,-1,-1,-1,-1,1,1,-1,-1,-1,-1,1,1,1,1,-1,-1,1,1,1,1,1,-1,-1,-1,1,1,1,-1,1,-1,1,1,1,1,-1,1,-1,-1,1,-1,1,-1,1,-1,-1,1,-1,1,-1,-1,-1,-1,1,-1,1,-1,1,1,-1,1,-1,1,-1,1,1,-1,1,-1,1,-1,-1,-1,-1,1,1,-1,-1,-1,-1,-1,1,-1,1,-1,-1,-1,-1,-1,-1,-1,1,-1,-1,-1,1,-1,-1,1,-1,-1,-1,-1,-1,1,1,-1,-1,-1,-1,-1,1,-1,-1,-1,1,-1,-1,1,-1,1,-1,-1,-1,-1,-1,-1,-1,1,-1,-1,-1,1,1,1,-1,-1,-1,1,-1,-1,-1,-1,1,-1,-1,1,-1,1,-1,-1,-1,-1,1,-1,1,1,-1,1,-1,-1,1,1,-1,-1,-1,-1,-1,-1,1,1,-1,-1,1,-1,1,1,-1,-1,-1,1,-1,1,1,-1,-1,1,-1,-1,1,1,1,-1,1,-1,1,1,1,-1,-1,1,-1,-1,1,1,1,-1,1,-1,-1,1,1,-1,1,1,-1,-1,1,1,-1,1,1,-1,-1,1,1,1,1,1,-1,-1,1,1,1,1,-1,1,-1,1,1,1,-1,1,-1,-1,1,-1,1,1,1,1,-1,-1,1,-1,1,-1,1,-1,1,1,1,1,-1,1,-1,1,1,1,1,1,1,-1,-1,-1,1,1,1,-1,1,-1,1,1,1,1,-1,1,-1,1,1,1,-1,-1,1,-1,1,1,-1,1,-1,-1,-1,1,1,1,-1,1,-1,-1,1,1,1,-1,-1,-1,-1,1,1,1,-1,-1,-1,-1,-1,1,1,-1,1,-1,-1,-1,1,1,-1,1,-1,1,-1,1,1,1,1,1,-1,-1,1,1,-1,-1,1,1,-1,-1,1,-1,1,-1,-1,1,1,-1,-1,1,-1,-1,-1,-1,1,-1,1,1,-1,1,1,-1,-1,-1,-1,1,-1,-1,-1,-1,1,-1,-1,1,1,-1,1,1,-1,1,1,1,1,-1,1,-1,1,1,1,1,-1,1,-1,-1,1,1,1,-1,1,-1,1,1,1,1,-1,1,-1,1,1,1,-1,-1,1,-1,-1,1,1,-1,-1,-1,1,-1,1,-1,1,-1,1,-1,-1,1,-2670.0,1,2000,445,1500,False
726,1,1,-1,-1,1,-1,-1,-1,1,1,1,-1,1,1,1,1,-1,1,-1,-1,-1,-1,1,1,1,-1,-1,-1,1,1,1,1,1,-1,-1,-1,1,-1,1,1,-1,-1,-1,1,1,1,1,-1,1,1,1,1,-1,1,-1,-1,1,-1,1,1,-1,-1,-1,-1,1,1,1,1,-1,-1,-1,1,1,1,1,-1,-1,-1,1,1,1,-1,-1,-1,1,1,1,1,-1,-1,-1,1,1,1,1,-1,-1,1,1,-1,1,1,-1,-1,1,1,1,1,1,-1,-1,1,1,1,1,1,-1,-1,1,1,1,1,1,1,-1,-1,1,1,-1,1,1,-1,1,1,1,1,1,1,-1,-1,1,1,1,1,1,-1,1,1,1,1,1,1,-1,-1,-1,1,1,1,1,-1,1,1,1,1,-1,1,-1,1,1,1,1,1,-1,-1,1,1,1,1,1,-1,1,-1,-1,1,-1,1,-1,1,1,1,1,1,1,1,1,1,-1,1,-1,1,-1,1,1,-1,1,-1,1,1,-1,1,-1,1,-1,1,-1,1,1,-1,1,-1,1,1,1,1,-1,-1,1,1,-1,-1,1,-1,1,-1,-1,1,-1,1,-1,1,-1,1,-1,1,1,-1,-1,-1,1,1,-1,1,-1,1,1,1,-1,1,1,-1,1,-1,1,-1,1,-1,1,-1,1,1,-1,1,-1,-1,-1,1,1,-1,1,-1,-1,-1,1,1,-1,-1,1,1,-1,-1,1,1,-1,1,1,-1,1,1,1,1,-1,1,-1,1,1,-1,1,-1,1,1,-1,1,1,1,1,1,-1,-1,1,-1,-1,-1,1,1,-1,1,1,1,-1,1,-1,-1,1,1,1,-1,1,-1,1,1,1,-1,-1,1,-1,1,1,1,-1,1,1,-1,-1,1,1,1,-1,1,-1,1,1,1,-1,1,1,-1,1,1,1,-1,1,-1,-1,1,1,1,-1,1,-1,-1,-1,1,1,-1,1,-1,-1,1,-1,1,-1,1,1,-1,-1,1,1,1,-1,1,-1,-1,1,1,-1,1,-1,-1,-1,-1,-1,-1,1,1,-1,-1,1,1,-1,1,-1,-1,-1,1,1,1,1,1,-1,1,1,1,-1,1,-1,-1,-1,-1,1,1,1,1,-1,-1,1,1,1,1,-1,-1,1,-1,-1,1,-1,1,-1,-1,1,-1,1,1,-1,-1,1,1,-1,1,-1,1,-1,-1,1,-1,1,1,-1,-1,-1,1,-1,-1,1,1,-1,-1,1,-1,1,1,-1,1,-1,1,-1,-1,1,1,-1,-1,1,-1,1,1,-1,-1,1,1,-1,1,-1,1,-1,1,-1,-1,1,-1,1,-1,1,-1,-1,1,-1,-1,-1,1,-1,-1,1,-1,1,-1,1,-1,-1,1,-1,-1,1,-1,1,-1,1,1,1,-1,1,1,-1,-1,1,1,-1,1,-1,-1,1,-1,1,1,1,1,-1,-1,1,1,-1,1,1,-1,-1,1,1,1,-1,1,1,-1,1,1,1,1,1,-1,1,-1,-1,-1,1,-1,-1,1,-1,1,-1,1,-1,1,-1,-1,-1,1,1,-1,1,1,-1,-1,1,1,-1,1,1,-1,1,-1,1,-1,-1,-1,-1,-1,-1,1,-1,-1,-1,-1,-1,-1,1,-1,1,1,1,1,-1,1,-1,1,1,-1,-1,-1,1,-1,-1,1,-1,1,-1,-1,1,1,1,1,-1,-1,-1,1,1,1,-1,1,-1,1,1,1,1,-1,-1,-1,1,1,1,1,-1,-1,-1,1,-1,1,-1,1,-1,-1,-1,1,1,1,-1,-1,-1,-1,1,1,1,1,-1,-1,-1,1,1,1,1,-1,-1,-1,1,1,1,-1,-1,-1,1,1,1,1,1,-1,-1,-1,1,1,1,1,-1,-1,-1,1,1,-1,1,-1,-1,-1,1,1,1,1,-1,-1,1,1,1,1,-1,-1,1,1,-1,1,1,-1,-1,-1,1,1,1,1,1,-1,1,1,1,1,1,-1,-1,-1,1,-1,1,-1,-1,-1,-1,1,-1,1,1,-1,-1,-1,1,-1,1,1,-1,1,-1,1,1,1,1,-1,1,-1,1,-1,1,1,-1,-1,-1,1,1,-1,-1,-1,-1,-1,1,-1,1,-1,-1,-1,-1,-1,-1,-1,1,-1,-1,-1,1,-1,-1,1,-1,-1,-1,-1,-1,1,1,-1,-1,-1,-1,-1,1,-1,-1,-1,1,-1,-1,1,-1,1,-1,-1,-1,-1,-1,-1,-1,1,-1,-1,-1,1,1,1,-1,-1,1,-1,-1,-1,-1,-1,1,-1,-1,1,1,1,-1,-1,-1,-1,1,-1,1,1,-1,1,-1,-1,1,1,-1,-1,-1,-1,-1,-1,1,1,-1,-1,1,-1,1,1,-1,-1,-1,1,-1,1,1,-1,-1,1,-1,-1,1,1,1,-1,1,-1,1,1,1,-1,-1,1,-1,-1,1,1,1,-1,1,-1,-1,1,1,-1,1,1,-1,-1,1,1,1,1,1,-1,-1,1,1,1,1,1,-1,-1,1,1,1,1,1,1,-1,-1,1,1,-1,1,-1,-1,1,-1,1,1,1,1,-1,-1,1,-1,1,1,1,-1,1,1,1,1,-1,1,-1,1,1,1,1,1,1,1,-1,1,1,1,1,-1,1,-1,1,1,1,1,1,-1,1,1,1,1,-1,1,1,-1,1,1,-1,1,1,-1,-1,1,1,1,1,-1,1,-1,1,1,1,-1,-1,1,-1,1,1,1,-1,1,-1,-1,-1,1,1,-1,-1,1,-1,-1,1,1,-1,-1,1,-1,-1,1,1,1,-1,1,-1,-1,1,1,-1,-1,-1,1,-1,-1,1,-1,1,1,-1,1,1,-1,-1,1,1,-1,-1,1,1,-1,1,1,-1,1,1,-1,-1,1,-1,1,-1,-1,-1,-1,1,-1,-1,1,1,-1,1,1,-1,1,1,1,1,-1,1,-1,1,1,1,1,-1,1,-1,-1,-1,1,1,-1,1,-1,1,1,1,1,-1,1,-1,1,1,1,-1,-1,1,-1,-1,1,1,-1,-1,-1,1,-1,1,-1,1,-1,1,-1,-1,1,-2670.0,1,2000,445,0,False
727,1,1,-1,-1,1,1,-1,-1,1,1,1,-1,1,1,1,1,-1,1,-1,-1,-1,-1,1,1,1,-1,-1,-1,1,1,1,1,-1,-1,-1,-1,1,-1,1,1,-1,-1,-1,1,1,1,1,-1,1,1,1,1,-1,1,-1,-1,1,-1,1,1,1,-1,-1,-1,1,1,1,1,-1,-1,-1,1,1,1,1,-1,-1,-1,1,1,1,-1,-1,-1,1,1,1,1,-1,-1,-1,1,1,1,1,-1,-1,1,1,-1,1,1,-1,-1,1,1,1,1,1,-1,-1,1,1,-1,1,1,-1,-1,1,1,1,1,1,1,-1,-1,1,1,-1,1,-1,-1,1,1,1,1,1,1,-1,-1,1,1,1,1,1,-1,1,1,1,1,1,1,-1,-1,-1,1,1,1,1,-1,1,1,1,1,-1,1,-1,1,-1,1,1,1,-1,-1,1,1,1,1,-1,-1,1,-1,-1,1,-1,1,-1,1,1,1,1,1,1,1,1,1,1,1,-1,1,-1,1,1,-1,1,-1,1,-1,-1,1,-1,1,-1,1,-1,1,1,-1,1,-1,1,1,1,1,-1,-1,1,1,-1,-1,1,-1,1,-1,1,1,-1,1,-1,1,-1,1,-1,1,1,-1,-1,-1,1,-1,-1,1,-1,1,1,1,-1,1,1,-1,1,-1,1,-1,1,-1,1,-1,1,1,-1,1,-1,-1,-1,1,1,-1,1,-1,-1,-1,1,1,1,-1,1,1,-1,-1,1,-1,-1,1,1,-1,1,1,1,-1,-1,1,-1,1,1,-1,1,-1,1,1,-1,1,-1,-1,-1,1,-1,-1,1,-1,1,-1,1,1,-1,1,1,1,-1,1,-1,-1,1,1,-1,-1,1,-1,1,1,-1,1,-1,1,-1,1,1,1,-1,1,1,-1,-1,1,1,-1,-1,1,-1,1,1,1,1,1,1,-1,1,1,1,1,1,-1,-1,1,1,1,1,1,-1,-1,-1,1,1,1,1,-1,-1,1,-1,1,-1,1,1,-1,-1,1,1,1,1,1,-1,-1,1,1,1,-1,-1,-1,-1,-1,-1,-1,1,1,-1,-1,1,1,-1,1,-1,-1,-1,1,1,1,1,-1,-1,1,1,1,-1,1,-1,-1,-1,-1,1,1,1,1,-1,-1,1,-1,1,1,-1,-1,1,-1,-1,1,-1,1,-1,-1,1,-1,1,1,-1,-1,1,1,-1,1,-1,1,-1,-1,1,-1,1,1,-1,-1,-1,1,-1,-1,1,1,-1,-1,1,-1,1,1,-1,1,-1,1,-1,1,1,1,-1,-1,1,-1,1,1,-1,-1,1,1,-1,1,-1,1,-1,1,-1,1,1,-1,1,-1,1,-1,-1,1,-1,-1,-1,1,-1,-1,1,-1,1,-1,1,-1,-1,1,-1,-1,1,-1,1,-1,-1,1,1,-1,1,1,-1,-1,1,1,-1,1,-1,-1,-1,1,1,1,1,1,-1,-1,1,1,-1,1,1,-1,-1,1,1,1,-1,1,1,-1,1,1,1,1,-1,-1,1,-1,-1,-1,1,-1,-1,1,1,1,-1,1,-1,1,-1,-1,-1,1,1,-1,1,1,-1,-1,-1,1,-1,1,1,-1,1,-1,1,-1,-1,-1,-1,-1,-1,1,-1,-1,-1,-1,-1,-1,1,-1,1,1,1,1,-1,1,-1,1,1,-1,-1,-1,1,-1,-1,1,-1,1,-1,-1,1,1,1,1,-1,-1,1,1,1,1,-1,1,-1,-1,1,1,1,-1,-1,-1,1,1,1,1,-1,1,-1,1,-1,1,-1,1,1,-1,-1,1,1,1,-1,-1,-1,-1,1,1,1,1,-1,-1,-1,1,1,1,1,-1,-1,-1,1,1,1,-1,-1,-1,1,1,1,1,1,-1,-1,-1,1,1,1,1,-1,-1,-1,1,1,-1,1,-1,-1,-1,1,1,1,1,-1,-1,1,1,1,1,-1,-1,1,1,-1,1,1,-1,-1,-1,1,1,1,1,1,-1,1,1,1,1,1,-1,-1,-1,1,-1,1,-1,-1,-1,-1,1,-1,1,1,-1,-1,-1,1,-1,1,1,-1,1,-1,1,1,1,1,-1,1,-1,1,-1,1,1,-1,-1,-1,1,1,-1,-1,-1,-1,-1,1,-1,1,-1,-1,-1,-1,-1,-1,-1,1,-1,-1,-1,1,-1,-1,1,-1,-1,-1,-1,-1,1,1,-1,-1,-1,-1,-1,1,-1,-1,-1,1,-1,-1,1,-1,1,-1,-1,-1,-1,-1,-1,-1,1,-1,-1,-1,1,1,1,-1,-1,-1,1,-1,-1,-1,-1,1,-1,-1,1,1,1,-1,-1,-1,-1,1,-1,1,1,-1,1,-1,-1,1,1,-1,-1,-1,-1,-1,-1,1,1,-1,-1,1,-1,1,1,-1,-1,1,-1,-1,1,1,-1,-1,1,1,-1,1,1,1,1,-1,-1,1,1,1,-1,-1,1,-1,-1,1,1,1,-1,1,-1,-1,1,1,-1,1,1,1,-1,1,1,-1,1,1,1,-1,1,1,-1,1,1,1,-1,1,1,1,1,1,-1,-1,1,1,1,1,1,1,-1,1,-1,1,1,1,1,-1,-1,1,-1,1,1,1,-1,1,1,1,1,-1,1,-1,1,1,1,1,1,1,-1,-1,1,1,1,1,-1,1,-1,1,1,1,1,-1,1,-1,1,1,1,-1,-1,1,-1,1,1,-1,1,-1,-1,-1,1,1,1,-1,1,-1,-1,1,1,1,-1,-1,-1,-1,1,1,1,-1,-1,-1,-1,-1,1,1,-1,1,-1,-1,1,1,1,-1,1,-1,1,-1,1,1,1,1,1,-1,-1,1,1,-1,-1,1,1,-1,1,1,-1,1,-1,-1,1,1,-1,-1,1,-1,-1,-1,1,1,-1,1,1,-1,1,1,-1,-1,-1,-1,1,-1,-1,-1,-1,1,-1,-1,1,1,-1,1,1,-1,1,1,1,1,-1,1,-1,1,1,1,1,-1,1,-1,-1,-1,1,1,-1,1,-1,1,1,1,1,-1,1,-1,1,1,1,-1,-1,1,-1,-1,1,1,-1,-1,-1,1,-1,1,1,1,-1,1,-1,-1,1,-2670.0,1,2000,445,1500,False
728,1,1,-1,-1,1,-1,-1,-1,1,1,1,-1,1,1,1,1,-1,1,-1,-1,-1,-1,1,1,1,-1,-1,-1,1,1,1,1,1,-1,-1,-1,1,1,1,1,-1,-1,-1,1,1,1,1,-1,1,1,1,1,-1,1,-1,-1,1,-1,1,1,-1,-1,-1,-1,1,1,1,1,-1,-1,-1,1,1,1,1,-1,-1,-1,1,1,1,-1,-1,-1,1,1,1,1,-1,-1,-1,1,1,1,1,-1,-1,1,1,-1,1,1,-1,-1,1,1,1,1,1,-1,-1,-1,1,-1,1,1,-1,-1,1,1,1,1,1,1,-1,-1,1,1,-1,1,1,-1,1,1,1,1,1,1,-1,1,1,1,1,1,1,-1,1,1,1,1,1,1,-1,-1,-1,1,1,1,1,-1,1,1,1,1,-1,1,-1,1,-1,1,1,1,-1,-1,1,1,1,1,1,-1,1,-1,-1,1,-1,1,-1,1,1,1,1,1,1,1,1,1,-1,1,-1,1,-1,1,1,-1,1,-1,1,1,-1,1,-1,1,-1,1,-1,1,1,-1,1,-1,1,1,1,1,-1,-1,1,1,-1,-1,1,-1,1,-1,1,1,-1,1,-1,1,-1,1,-1,-1,1,-1,1,-1,1,1,-1,1,-1,1,1,1,-1,1,1,-1,1,-1,1,-1,1,-1,1,-1,1,1,-1,1,-1,-1,-1,1,1,-1,1,-1,-1,-1,1,1,-1,-1,1,1,-1,-1,1,1,-1,1,1,-1,1,1,1,1,-1,1,-1,1,1,-1,1,-1,1,1,1,1,1,1,1,1,-1,-1,1,-1,-1,-1,1,1,-1,1,1,1,-1,1,1,1,1,1,1,1,1,-1,1,1,1,-1,1,1,-1,1,1,1,-1,1,1,-1,-1,1,1,1,-1,1,-1,1,1,1,-1,1,1,-1,1,1,1,-1,1,1,-1,1,1,1,-1,1,1,-1,-1,1,1,-1,1,1,-1,1,-1,1,-1,1,1,1,-1,1,1,1,-1,1,1,-1,1,1,-1,1,1,1,-1,-1,-1,-1,1,1,1,-1,1,1,-1,1,1,-1,-1,1,1,1,1,1,-1,1,1,1,-1,1,1,1,1,-1,1,1,1,-1,1,-1,1,1,1,1,1,1,-1,-1,-1,1,-1,-1,1,1,-1,1,1,-1,1,1,1,1,-1,1,-1,-1,1,-1,1,-1,1,1,1,1,1,1,-1,-1,1,-1,1,1,1,-1,1,1,1,-1,1,1,-1,-1,1,-1,1,1,1,-1,1,1,1,1,1,1,-1,1,-1,-1,1,1,-1,-1,1,-1,1,1,1,-1,-1,1,-1,1,1,1,-1,-1,1,1,-1,1,1,-1,-1,1,-1,1,1,1,1,-1,1,-1,-1,1,1,1,-1,-1,-1,1,1,1,-1,-1,1,-1,-1,1,-1,1,-1,-1,1,-1,1,-1,1,-1,-1,1,-1,-1,1,1,1,-1,1,-1,1,-1,-1,-1,1,-1,-1,-1,1,-1,-1,-1,1,1,-1,1,-1,1,1,1,-1,1,1,-1,1,-1,1,-1,-1,1,-1,-1,1,1,1,-1,1,-1,-1,1,1,-1,-1,1,-1,-1,1,1,-1,-1,1,-1,-1,-1,1,1,-1,1,1,-1,-1,1,-1,-1,1,-1,1,-1,1,1,-1,-1,1,-1,-1,-1,-1,-1,1,1,1,-1,-1,1,-1,-1,1,-1,-1,1,-1,-1,-1,1,-1,-1,1,1,-1,1,1,-1,1,-1,1,-1,-1,1,1,-1,-1,-1,-1,-1,1,-1,-1,1,-1,-1,-1,1,1,-1,-1,-1,-1,-1,1,-1,-1,-1,-1,-1,1,1,1,-1,-1,-1,-1,-1,1,1,-1,-1,-1,-1,-1,1,1,1,-1,-1,-1,-1,1,1,-1,-1,-1,-1,1,1,1,1,-1,-1,1,1,1,1,1,-1,-1,-1,1,1,1,1,1,-1,1,1,1,1,-1,1,-1,-1,1,-1,1,-1,1,-1,-1,1,-1,1,-1,-1,-1,-1,1,-1,1,-1,1,-1,-1,1,-1,1,-1,1,-1,-1,1,-1,1,-1,-1,-1,-1,1,1,-1,-1,-1,-1,-1,1,-1,1,-1,-1,-1,-1,-1,-1,-1,1,-1,-1,-1,1,-1,-1,1,-1,-1,-1,-1,-1,-1,1,-1,-1,-1,-1,-1,1,-1,-1,-1,1,-1,-1,1,-1,1,-1,-1,-1,-1,-1,-1,-1,1,-1,-1,-1,1,1,-1,-1,-1,-1,1,-1,-1,-1,-1,1,-1,-1,1,-1,1,-1,-1,-1,-1,1,-1,1,1,-1,1,-1,-1,1,1,-1,-1,-1,-1,-1,-1,1,1,-1,-1,1,-1,1,1,-1,-1,-1,1,-1,1,1,-1,-1,1,-1,-1,1,1,1,-1,1,-1,1,1,1,-1,-1,1,-1,-1,1,1,1,-1,1,-1,-1,1,1,-1,1,1,-1,-1,1,1,1,1,1,-1,-1,1,1,1,1,1,-1,-1,1,1,1,1,-1,1,-1,-1,1,1,1,1,-1,-1,1,-1,1,1,1,1,-1,-1,1,-1,1,1,1,-1,1,1,1,1,-1,1,-1,1,1,1,1,1,1,1,-1,1,1,1,1,-1,1,-1,1,1,1,1,1,-1,1,1,1,1,-1,1,1,-1,1,1,-1,1,1,-1,-1,1,1,1,1,-1,1,-1,1,1,1,-1,-1,1,-1,1,1,1,-1,1,-1,-1,-1,1,1,-1,-1,1,-1,-1,1,1,-1,-1,1,-1,-1,1,1,1,-1,1,-1,-1,1,1,-1,-1,-1,1,-1,-1,1,-1,1,1,-1,1,1,-1,-1,1,1,-1,-1,1,1,-1,1,1,-1,1,1,-1,-1,-1,-1,1,-1,-1,-1,-1,1,-1,-1,1,1,-1,1,1,-1,1,1,1,1,-1,1,-1,1,1,1,-1,-1,1,-1,-1,1,1,-1,-1,1,-1,1,1,1,-1,-1,1,-1,1,1,1,1,-1,1,-1,-1,1,1,-1,-1,-1,1,-1,1,-1,1,-1,1,-1,-1,1,-2670.0,1,2000,445,0,False
729,1,1,-1,-1,1,1,-1,-1,1,1,1,-1,-1,1,1,1,-1,1,-1,-1,-1,-1,1,1,1,1,-1,-1,1,1,1,1,-1,-1,-1,-1,1,1,1,1,-1,-1,-1,1,1,1,1,-1,1,1,1,1,-1,1,-1,-1,1,-1,1,1,1,-1,-1,-1,1,1,1,1,-1,-1,-1,1,1,1,1,-1,-1,-1,1,1,1,-1,-1,-1,1,1,1,1,-1,-1,-1,1,1,1,1,-1,-1,1,1,-1,1,1,-1,-1,1,1,1,1,1,-1,-1,-1,1,-1,1,1,-1,-1,1,1,1,1,1,1,-1,-1,1,1,-1,1,1,-1,1,1,1,1,1,1,-1,1,1,1,1,1,1,-1,1,1,1,1,1,1,-1,-1,-1,1,1,1,1,-1,1,1,1,1,-1,1,-1,1,-1,1,1,1,-1,-1,1,1,1,1,1,-1,1,-1,-1,1,-1,1,-1,1,1,1,1,1,1,1,1,1,-1,1,-1,1,-1,1,1,-1,1,-1,1,1,-1,1,-1,1,-1,1,-1,1,1,-1,1,-1,1,1,1,1,-1,-1,1,1,-1,-1,1,-1,1,-1,-1,1,-1,1,-1,1,-1,1,-1,1,1,-1,-1,-1,1,1,-1,1,-1,1,1,1,-1,1,1,-1,1,-1,1,-1,1,-1,1,-1,1,1,-1,1,-1,-1,-1,1,1,-1,1,-1,-1,-1,1,1,-1,-1,1,1,-1,-1,1,1,-1,1,1,-1,1,1,1,1,-1,1,-1,1,1,-1,1,-1,1,1,1,1,1,1,1,1,-1,-1,1,-1,-1,-1,1,1,-1,1,1,1,-1,1,1,1,1,1,1,1,1,-1,1,1,1,-1,1,1,-1,1,1,1,-1,1,1,-1,-1,1,1,1,-1,1,-1,1,1,1,-1,1,1,-1,1,1,1,-1,1,1,-1,1,1,1,-1,1,1,-1,-1,1,1,-1,1,1,-1,1,-1,1,-1,1,1,1,-1,1,1,1,-1,1,1,-1,1,1,-1,1,-1,1,-1,-1,-1,-1,1,1,1,-1,1,1,-1,1,1,-1,-1,1,1,1,1,1,-1,1,1,1,-1,1,1,1,1,-1,1,1,1,-1,1,-1,1,1,1,1,1,1,-1,-1,-1,1,-1,-1,1,1,-1,1,1,-1,1,1,1,1,-1,1,-1,-1,1,-1,1,-1,1,1,-1,1,1,1,-1,-1,1,-1,1,1,1,-1,1,1,1,-1,1,1,-1,-1,1,-1,1,1,1,-1,1,1,1,1,1,1,-1,1,-1,-1,1,1,-1,-1,1,-1,-1,1,1,-1,-1,1,-1,1,1,1,-1,-1,1,-1,-1,1,1,-1,-1,1,-1,1,1,1,1,-1,1,1,-1,-1,1,1,-1,-1,-1,1,-1,1,-1,-1,1,-1,-1,1,-1,1,-1,-1,1,-1,1,-1,1,1,-1,1,-1,-1,1,1,1,-1,1,-1,1,-1,-1,-1,1,-1,-1,-1,1,-1,-1,1,1,1,-1,1,-1,1,1,1,-1,1,1,-1,1,-1,1,-1,-1,1,-1,-1,1,1,1,-1,1,-1,-1,1,1,-1,-1,1,-1,-1,1,1,-1,-1,1,-1,-1,-1,1,1,-1,1,1,-1,-1,1,-1,-1,1,-1,1,-1,1,1,-1,-1,1,-1,-1,-1,-1,-1,1,1,1,-1,1,1,-1,-1,1,-1,-1,-1,-1,-1,1,1,-1,-1,-1,1,-1,1,1,-1,1,1,1,-1,-1,1,1,-1,-1,-1,-1,-1,1,-1,-1,1,-1,-1,-1,1,1,-1,-1,-1,-1,-1,1,-1,-1,1,-1,-1,1,1,1,-1,1,-1,-1,-1,1,1,-1,-1,-1,-1,-1,1,1,1,-1,-1,-1,-1,1,1,-1,-1,-1,-1,1,1,1,1,-1,-1,1,1,1,1,1,-1,-1,-1,1,1,1,-1,1,-1,1,1,1,1,-1,1,-1,-1,1,-1,1,-1,1,-1,-1,1,-1,1,-1,-1,-1,-1,1,-1,1,-1,1,-1,-1,1,-1,1,-1,1,-1,-1,1,-1,1,-1,-1,-1,-1,1,1,-1,-1,-1,-1,-1,1,-1,1,-1,-1,-1,-1,-1,-1,-1,1,-1,-1,-1,1,-1,-1,1,-1,-1,-1,-1,-1,-1,1,-1,-1,-1,-1,-1,1,-1,-1,-1,1,-1,-1,1,-1,1,-1,-1,-1,-1,-1,-1,-1,1,-1,-1,-1,1,1,1,-1,-1,1,1,-1,-1,-1,-1,1,-1,-1,1,-1,1,-1,-1,-1,-1,1,-1,1,1,-1,1,-1,-1,1,1,-1,-1,-1,-1,-1,-1,1,1,-1,-1,1,-1,1,1,-1,-1,-1,1,-1,1,1,-1,-1,1,-1,-1,1,1,1,-1,1,-1,1,1,1,-1,-1,1,-1,-1,1,1,1,-1,1,-1,-1,1,1,-1,1,1,-1,-1,1,1,-1,1,1,-1,-1,1,1,-1,1,1,-1,-1,1,1,1,1,1,1,-1,-1,1,1,-1,1,-1,-1,1,-1,1,1,1,1,-1,-1,1,-1,1,1,1,-1,1,1,1,1,-1,1,-1,1,1,1,1,1,1,1,-1,1,1,1,1,-1,1,-1,1,1,1,1,1,-1,1,1,1,1,-1,1,1,-1,1,1,-1,1,1,-1,-1,1,1,1,1,-1,1,-1,1,1,1,-1,-1,1,-1,1,1,1,-1,1,-1,-1,-1,1,1,-1,-1,1,-1,-1,1,1,-1,-1,1,-1,-1,1,1,1,-1,-1,-1,-1,1,1,-1,-1,-1,1,-1,1,1,-1,1,1,-1,1,1,-1,-1,1,1,-1,-1,1,1,-1,1,1,-1,1,1,-1,-1,-1,-1,1,-1,-1,-1,-1,-1,-1,-1,1,1,-1,1,1,-1,1,1,1,1,-1,1,-1,1,1,1,-1,-1,1,-1,-1,1,1,-1,-1,1,-1,1,1,1,-1,-1,1,-1,1,1,1,1,-1,1,-1,-1,1,1,-1,-1,-1,1,-1,1,-1,1,-1,1,-1,-1,1,-2670.0,1,2000,445,1000,False
730,1,1,-1,-1,1,1,-1,-1,1,1,1,-1,-1,1,1,1,-1,1,-1,-1,1,-1,1,1,1,-1,-1,-1,1,1,1,1,1,-1,-1,-1,1,-1,1,1,-1,-1,-1,1,1,1,1,-1,1,1,1,1,-1,1,-1,-1,1,-1,1,1,1,-1,-1,-1,1,1,1,1,-1,-1,-1,1,1,1,1,-1,-1,-1,1,1,1,-1,-1,-1,1,1,1,1,-1,-1,-1,1,1,1,1,-1,-1,1,1,-1,1,1,-1,-1,1,1,1,1,1,-1,-1,1,1,-1,1,1,-1,-1,1,1,1,1,1,1,-1,1,1,1,-1,1,1,-1,1,1,1,1,1,1,-1,-1,1,1,1,1,1,-1,1,1,1,1,1,1,-1,-1,-1,1,1,1,1,-1,1,1,1,1,-1,1,-1,1,-1,1,1,1,-1,-1,1,1,1,1,1,-1,1,-1,-1,1,-1,1,-1,1,1,1,1,1,1,1,1,1,-1,1,-1,1,-1,1,1,-1,1,-1,1,1,-1,1,-1,1,-1,1,-1,1,1,-1,1,-1,1,1,1,1,-1,-1,1,1,-1,-1,1,-1,1,-1,-1,1,-1,1,-1,1,-1,1,-1,-1,1,-1,-1,-1,1,1,-1,1,-1,1,1,1,-1,1,1,-1,1,-1,1,-1,1,-1,1,-1,1,1,-1,1,-1,-1,-1,1,1,-1,1,-1,-1,-1,1,1,-1,-1,1,1,-1,-1,1,1,-1,1,1,-1,1,1,1,1,-1,1,-1,1,1,-1,1,-1,1,1,1,1,1,1,1,1,-1,-1,1,-1,-1,1,1,1,-1,1,1,1,-1,1,1,1,1,1,1,1,1,-1,1,1,1,-1,-1,1,-1,1,1,1,-1,1,1,-1,-1,1,1,1,-1,1,-1,1,1,1,-1,1,1,-1,1,1,1,-1,1,1,-1,1,1,1,-1,1,1,-1,-1,1,1,-1,1,1,-1,1,-1,1,-1,1,1,1,-1,1,1,1,-1,1,1,-1,1,1,-1,1,1,1,-1,-1,-1,-1,1,1,1,-1,1,1,-1,1,1,-1,-1,1,1,1,1,1,-1,1,1,1,-1,1,1,1,1,-1,1,1,1,-1,1,-1,1,1,1,1,1,1,-1,-1,-1,1,-1,-1,1,-1,1,-1,1,1,1,1,1,-1,-1,1,-1,-1,1,-1,1,-1,1,1,1,1,1,1,-1,-1,1,-1,1,1,-1,-1,1,1,1,-1,1,-1,-1,-1,1,-1,1,1,-1,-1,1,1,1,1,-1,1,-1,1,-1,-1,1,-1,-1,-1,1,-1,1,1,-1,-1,-1,1,-1,1,1,1,-1,-1,1,-1,-1,1,-1,-1,-1,1,-1,1,1,1,-1,-1,1,1,-1,1,-1,-1,-1,-1,1,-1,1,-1,-1,-1,1,1,-1,1,-1,-1,-1,-1,1,-1,1,-1,-1,-1,-1,1,-1,-1,1,1,1,-1,1,-1,1,-1,1,1,1,-1,-1,-1,1,-1,-1,-1,1,1,-1,1,-1,1,1,1,-1,1,1,-1,-1,-1,1,-1,-1,1,-1,-1,1,1,1,-1,1,-1,-1,1,1,-1,-1,1,-1,-1,1,1,-1,-1,1,-1,-1,-1,1,1,-1,1,-1,-1,-1,1,-1,-1,1,-1,1,-1,1,1,-1,-1,1,-1,-1,-1,-1,-1,1,1,1,-1,-1,1,-1,-1,1,-1,-1,1,-1,-1,1,1,-1,-1,1,1,-1,1,1,-1,1,-1,1,-1,-1,1,1,-1,-1,-1,-1,1,1,-1,-1,1,-1,-1,-1,1,1,-1,-1,-1,-1,-1,1,-1,-1,-1,-1,-1,1,1,1,-1,-1,-1,-1,-1,1,1,-1,-1,-1,-1,-1,1,1,1,-1,-1,-1,-1,1,1,-1,-1,-1,-1,1,1,1,1,1,-1,1,1,1,1,1,1,-1,-1,1,1,1,-1,1,-1,1,1,1,1,-1,1,-1,-1,1,-1,1,-1,1,-1,-1,1,-1,1,-1,1,-1,-1,1,-1,1,-1,1,1,-1,1,-1,1,1,1,1,-1,1,-1,1,1,1,-1,-1,1,1,-1,1,1,-1,-1,1,-1,1,-1,1,-1,-1,-1,-1,-1,1,1,-1,-1,1,-1,-1,1,1,-1,-1,-1,-1,1,-1,1,-1,-1,-1,-1,-1,1,-1,-1,1,-1,-1,1,-1,1,-1,-1,-1,-1,-1,1,1,1,-1,-1,-1,1,1,1,-1,-1,1,1,-1,-1,1,-1,1,-1,-1,1,1,1,-1,-1,-1,-1,1,-1,1,1,-1,1,-1,-1,1,1,-1,-1,-1,-1,-1,-1,1,1,-1,-1,1,-1,1,1,-1,-1,-1,1,-1,1,1,-1,-1,1,-1,-1,1,1,1,-1,1,-1,1,1,1,-1,-1,1,-1,-1,1,1,1,-1,1,-1,-1,1,1,-1,1,1,-1,-1,1,1,-1,1,1,-1,-1,1,1,1,1,1,-1,-1,1,1,1,1,-1,1,-1,-1,1,1,-1,1,-1,-1,1,-1,1,1,1,1,-1,-1,1,-1,1,1,1,-1,1,1,1,1,-1,1,-1,1,1,1,1,1,1,1,-1,1,1,1,1,-1,1,-1,1,1,1,1,1,-1,1,1,1,1,-1,1,1,-1,1,1,-1,1,1,-1,-1,1,1,1,1,-1,1,-1,1,1,1,-1,-1,1,-1,1,1,1,-1,1,-1,-1,-1,1,1,-1,-1,1,-1,-1,1,1,-1,-1,1,-1,-1,1,1,1,-1,1,-1,-1,1,1,-1,-1,-1,1,-1,1,1,-1,1,1,-1,1,1,-1,-1,1,1,-1,-1,1,1,-1,1,1,-1,1,1,-1,-1,-1,-1,1,-1,-1,-1,-1,1,-1,-1,1,1,-1,1,1,-1,1,1,1,1,-1,1,-1,1,1,1,1,-1,1,-1,-1,-1,1,1,-1,1,-1,1,1,1,1,-1,1,-1,1,1,-1,-1,-1,1,-1,-1,1,1,-1,-1,-1,1,-1,1,-1,1,-1,1,-1,-1,1,-2670.0,1,2000,445,1000,False
731,1,1,-1,-1,1,-1,-1,-1,1,1,1,-1,1,1,1,1,-1,1,-1,-1,-1,-1,1,1,1,-1,-1,-1,1,1,1,1,-1,-1,-1,-1,1,-1,1,-1,-1,-1,-1,1,1,1,1,-1,1,1,1,1,-1,1,-1,-1,1,-1,1,1,1,-1,-1,-1,1,1,1,1,-1,-1,-1,1,1,1,1,-1,-1,-1,1,1,1,-1,-1,-1,1,1,1,1,-1,-1,-1,1,1,1,1,-1,-1,1,1,-1,1,1,-1,-1,1,1,1,1,1,-1,-1,1,1,1,1,1,-1,-1,1,1,1,1,1,1,-1,1,1,1,-1,1,1,-1,1,1,1,1,1,1,-1,-1,1,1,1,1,1,-1,1,1,1,1,1,1,-1,-1,-1,1,1,1,1,-1,1,1,1,1,-1,1,-1,1,-1,1,1,1,-1,-1,1,1,1,1,1,-1,1,-1,-1,1,-1,1,-1,1,1,1,1,1,1,1,1,1,-1,1,-1,1,-1,1,1,-1,1,-1,1,1,-1,1,-1,1,-1,1,-1,1,1,-1,1,-1,1,1,1,1,-1,-1,1,1,-1,-1,1,-1,1,-1,-1,1,-1,1,-1,1,-1,1,-1,1,1,-1,-1,-1,1,1,-1,1,-1,1,1,1,-1,1,1,-1,1,-1,1,-1,1,-1,1,-1,1,1,-1,1,-1,-1,-1,1,1,-1,1,-1,-1,-1,1,1,-1,-1,1,1,-1,-1,1,1,-1,1,1,-1,1,1,1,1,-1,1,-1,1,1,-1,1,-1,1,1,-1,1,1,-1,-1,1,-1,-1,1,-1,-1,-1,1,1,-1,1,1,1,-1,1,-1,-1,1,1,1,-1,1,-1,1,1,1,1,-1,1,-1,1,1,1,-1,1,1,-1,-1,1,1,1,-1,1,-1,1,1,1,-1,1,1,-1,1,1,1,-1,1,-1,-1,1,1,1,1,1,-1,-1,-1,1,1,-1,1,-1,-1,1,-1,1,-1,1,1,-1,-1,1,1,1,1,1,-1,-1,1,1,-1,1,-1,-1,-1,-1,-1,-1,1,1,-1,-1,1,1,-1,1,-1,-1,-1,1,1,1,1,-1,-1,1,1,1,-1,1,-1,-1,-1,-1,1,1,1,1,-1,-1,1,1,1,1,-1,-1,1,-1,-1,1,-1,1,-1,-1,1,-1,1,1,-1,-1,1,1,-1,1,-1,1,-1,-1,1,-1,1,1,-1,-1,-1,1,-1,-1,1,1,-1,-1,1,-1,1,1,-1,1,-1,1,-1,-1,1,1,-1,-1,1,-1,1,1,-1,-1,1,1,-1,1,-1,1,-1,1,-1,-1,1,-1,1,-1,1,-1,-1,1,-1,-1,-1,1,-1,-1,1,1,1,-1,1,-1,-1,1,-1,-1,1,-1,1,-1,1,1,1,-1,1,1,-1,-1,-1,1,-1,1,-1,-1,1,-1,1,1,1,1,-1,-1,1,1,-1,1,1,-1,-1,1,1,1,-1,1,1,-1,1,1,1,1,1,-1,1,-1,-1,-1,1,-1,-1,1,-1,1,-1,1,-1,1,-1,-1,-1,1,1,-1,1,1,-1,-1,-1,1,-1,1,1,-1,1,-1,1,-1,-1,-1,-1,-1,-1,1,-1,-1,-1,-1,-1,-1,1,-1,1,1,1,1,-1,1,-1,1,1,-1,-1,-1,1,-1,-1,1,-1,1,-1,-1,1,1,1,1,-1,-1,1,1,1,1,-1,1,-1,-1,1,1,1,-1,-1,-1,1,1,1,1,-1,-1,-1,1,-1,1,-1,1,-1,-1,-1,1,1,1,-1,-1,-1,1,1,1,1,1,-1,-1,-1,1,1,1,1,-1,-1,-1,1,1,1,-1,-1,-1,1,1,1,1,1,-1,-1,-1,1,1,1,1,-1,-1,-1,1,1,-1,1,-1,-1,-1,1,1,1,1,-1,-1,1,1,1,1,-1,-1,1,1,-1,1,1,-1,-1,-1,1,1,1,1,1,-1,1,1,1,1,1,-1,-1,-1,1,-1,1,-1,-1,-1,-1,1,-1,1,1,-1,-1,-1,1,-1,1,1,-1,1,-1,1,1,1,1,-1,1,-1,1,-1,1,1,-1,-1,-1,1,1,-1,-1,-1,-1,-1,1,-1,1,-1,-1,-1,-1,-1,-1,-1,1,-1,-1,-1,1,-1,-1,1,-1,-1,-1,-1,-1,1,1,-1,-1,-1,-1,-1,1,-1,-1,-1,1,-1,-1,1,-1,1,-1,-1,-1,-1,-1,-1,-1,1,-1,-1,-1,1,1,-1,-1,-1,1,-1,-1,-1,-1,-1,1,-1,-1,1,1,1,-1,-1,-1,-1,1,-1,1,1,-1,1,-1,-1,1,1,-1,-1,-1,-1,-1,-1,1,1,-1,-1,1,-1,1,1,1,-1,-1,1,-1,1,1,-1,-1,1,-1,-1,1,1,1,-1,1,-1,1,1,1,-1,-1,1,-1,-1,1,1,1,-1,1,-1,-1,1,1,-1,1,1,-1,-1,1,1,1,1,1,-1,-1,1,1,-1,1,1,-1,-1,1,1,1,1,1,1,-1,-1,1,1,1,1,-1,-1,1,-1,1,1,1,1,-1,-1,1,-1,1,1,1,-1,1,1,1,1,-1,1,-1,1,1,1,1,1,1,1,-1,1,1,1,1,-1,1,-1,1,1,1,1,1,-1,1,1,1,1,-1,-1,1,-1,1,1,-1,1,1,-1,-1,1,1,1,-1,1,1,-1,1,1,1,-1,-1,1,-1,1,1,1,-1,1,-1,-1,-1,1,1,-1,-1,1,-1,-1,1,1,-1,-1,1,-1,-1,1,1,1,1,-1,-1,-1,1,1,-1,-1,1,1,-1,-1,1,-1,1,1,-1,1,1,-1,-1,1,-1,-1,-1,1,1,-1,1,1,-1,1,1,-1,-1,-1,-1,1,-1,-1,-1,-1,1,-1,-1,1,1,-1,1,1,-1,1,1,1,1,-1,1,-1,1,1,1,1,-1,1,-1,-1,1,1,1,-1,1,-1,1,1,1,1,-1,1,-1,1,1,1,-1,-1,1,-1,-1,1,1,-1,-1,-1,1,-1,1,-1,1,-1,1,-1,-1,1,-2670.0,1,2000,445,1000,False
732,1,1,-1,-1,1,-1,-1,-1,1,1,1,-1,1,1,1,1,-1,1,-1,-1,-1,-1,1,1,1,-1,1,-1,1,1,1,1,1,-1,-1,-1,1,-1,1,-1,-1,-1,-1,1,1,1,1,-1,1,1,1,1,-1,1,-1,-1,1,-1,1,1,1,-1,-1,-1,1,1,1,1,-1,-1,-1,1,1,1,1,-1,-1,-1,1,1,1,-1,-1,-1,1,1,1,1,-1,-1,1,1,1,1,1,-1,-1,-1,1,-1,1,1,-1,-1,1,1,1,1,1,-1,-1,-1,1,-1,1,1,-1,-1,1,1,1,1,1,1,-1,-1,1,1,-1,1,1,-1,1,1,1,1,1,1,-1,1,1,1,1,1,1,-1,1,1,1,1,1,1,-1,-1,-1,1,1,1,1,-1,1,1,1,1,-1,1,-1,1,-1,1,1,1,-1,-1,1,1,1,1,1,-1,1,-1,-1,1,-1,1,-1,1,1,1,1,1,1,1,1,1,-1,1,-1,1,-1,1,1,-1,1,-1,1,1,-1,1,-1,1,-1,1,-1,1,1,-1,1,-1,1,1,1,1,-1,-1,1,1,-1,-1,1,-1,1,-1,1,1,-1,1,-1,1,-1,1,-1,1,1,-1,-1,-1,1,1,-1,1,-1,1,1,1,-1,1,1,-1,1,-1,1,-1,1,-1,1,-1,1,1,-1,1,-1,-1,-1,1,1,-1,1,-1,-1,-1,1,1,-1,-1,1,1,-1,-1,1,1,-1,1,1,-1,1,1,1,1,-1,1,-1,1,1,-1,1,-1,1,-1,1,1,1,1,1,1,-1,-1,1,-1,-1,-1,1,1,-1,1,1,1,-1,1,1,1,1,1,1,-1,1,-1,1,1,1,-1,-1,1,-1,1,1,1,-1,1,1,-1,-1,1,1,1,-1,1,-1,1,1,1,-1,1,1,-1,1,1,1,-1,1,1,-1,1,1,1,-1,1,1,-1,-1,1,1,-1,1,1,-1,1,-1,1,-1,1,1,1,-1,1,1,1,-1,1,1,-1,1,1,-1,1,-1,1,-1,-1,-1,-1,1,1,1,-1,1,1,-1,1,1,-1,-1,1,1,1,1,1,-1,1,1,1,-1,1,1,1,1,-1,1,1,1,-1,1,-1,1,1,1,1,1,1,-1,-1,-1,1,-1,-1,1,1,-1,1,1,1,1,1,1,1,-1,1,-1,-1,1,-1,1,-1,1,1,1,1,1,1,-1,-1,1,-1,1,1,1,-1,1,1,1,-1,1,1,-1,-1,1,-1,1,1,1,-1,1,1,1,1,1,1,-1,1,-1,1,1,1,-1,-1,1,-1,1,1,1,-1,-1,1,-1,1,1,1,-1,-1,1,1,-1,1,1,-1,-1,1,-1,1,1,1,1,-1,1,1,-1,1,1,1,-1,-1,-1,-1,1,1,-1,-1,1,-1,-1,1,-1,1,-1,-1,1,-1,1,-1,1,-1,-1,1,-1,-1,1,1,1,-1,1,-1,1,-1,-1,-1,1,-1,-1,-1,1,-1,-1,1,1,1,-1,1,-1,1,1,1,-1,1,1,-1,1,-1,1,-1,-1,1,-1,-1,1,1,1,-1,1,-1,-1,1,1,-1,-1,1,-1,-1,1,1,-1,-1,1,-1,-1,-1,1,1,-1,1,1,-1,-1,1,-1,-1,1,-1,1,-1,1,1,-1,-1,1,-1,-1,-1,-1,-1,1,1,1,-1,-1,1,-1,-1,1,-1,-1,1,-1,-1,1,1,-1,-1,1,1,-1,1,1,-1,1,-1,1,-1,-1,1,1,-1,-1,-1,-1,-1,1,-1,-1,1,-1,-1,-1,1,1,-1,-1,-1,-1,-1,1,-1,-1,-1,-1,-1,1,1,1,-1,-1,-1,-1,-1,1,1,-1,-1,-1,-1,-1,1,1,1,-1,-1,-1,-1,1,1,-1,-1,-1,-1,1,1,1,1,-1,-1,1,1,1,1,1,-1,-1,-1,1,1,1,-1,1,-1,1,1,1,1,-1,1,-1,-1,1,-1,1,-1,1,-1,-1,1,-1,1,-1,-1,-1,-1,1,-1,1,-1,1,1,-1,1,-1,1,-1,1,1,-1,1,-1,1,-1,-1,-1,-1,1,1,-1,-1,-1,-1,-1,1,-1,1,-1,-1,-1,-1,-1,-1,-1,1,-1,-1,-1,1,-1,-1,1,-1,-1,-1,-1,-1,-1,1,-1,-1,-1,-1,-1,1,-1,-1,-1,1,-1,-1,1,-1,1,-1,-1,-1,-1,-1,-1,-1,1,-1,-1,-1,1,1,1,-1,-1,-1,1,-1,-1,-1,-1,1,-1,-1,1,-1,1,-1,-1,-1,-1,1,-1,1,1,-1,1,-1,-1,1,1,-1,-1,-1,-1,-1,-1,1,1,-1,-1,1,-1,1,1,-1,-1,-1,1,-1,1,1,-1,-1,1,-1,-1,1,1,1,-1,1,-1,1,1,1,-1,-1,1,-1,-1,1,1,1,-1,1,-1,-1,1,1,-1,1,1,-1,-1,1,1,1,1,1,-1,-1,1,1,-1,1,1,-1,-1,1,1,1,1,1,1,-1,-1,1,1,1,1,-1,-1,1,-1,1,1,1,1,-1,-1,1,-1,1,1,1,-1,1,1,1,1,-1,1,-1,1,1,1,1,1,1,1,-1,1,1,1,1,-1,1,-1,1,1,1,1,1,-1,1,1,1,1,-1,1,1,-1,1,1,-1,1,1,-1,-1,1,1,1,1,-1,1,-1,1,1,1,-1,-1,1,-1,1,1,1,-1,1,-1,-1,-1,1,1,-1,-1,1,-1,-1,1,1,1,-1,1,-1,-1,1,1,1,-1,1,-1,-1,1,1,-1,-1,-1,1,-1,-1,1,-1,1,1,-1,1,1,-1,-1,1,1,-1,-1,1,1,-1,1,1,-1,1,1,-1,-1,1,-1,1,-1,-1,-1,-1,1,-1,-1,1,1,-1,1,1,-1,1,1,1,1,-1,1,-1,1,1,1,-1,-1,1,-1,-1,1,1,-1,-1,1,-1,1,1,1,-1,-1,1,-1,1,1,1,1,-1,1,-1,-1,1,1,1,-1,-1,1,-1,1,1,1,-1,1,-1,-1,1,-2670.0,1,2000,445,1000,False
733,1,1,-1,-1,1,1,-1,-1,1,1,1,-1,1,1,1,1,-1,1,-1,-1,1,-1,1,1,1,-1,-1,-1,1,1,1,1,1,-1,-1,-1,1,-1,1,1,-1,-1,-1,1,1,1,1,-1,1,1,1,1,-1,1,-1,-1,1,-1,1,1,1,-1,-1,-1,1,1,1,1,-1,-1,-1,1,1,1,1,-1,-1,-1,1,1,1,-1,-1,-1,1,1,1,1,-1,-1,-1,1,1,1,1,-1,-1,1,1,-1,1,1,-1,-1,1,1,1,1,1,-1,-1,1,1,-1,1,1,-1,-1,1,1,1,1,1,1,-1,-1,1,1,-1,1,1,-1,1,1,1,1,1,1,-1,-1,1,1,1,1,1,-1,1,1,1,1,1,1,-1,-1,-1,1,1,1,1,-1,1,1,1,1,-1,1,-1,1,-1,1,1,1,-1,-1,1,1,1,1,1,-1,1,-1,-1,1,-1,1,-1,1,1,1,1,1,1,1,1,1,-1,1,-1,1,-1,1,1,-1,1,-1,1,1,-1,1,-1,1,-1,1,-1,1,1,-1,1,-1,1,1,1,1,-1,-1,1,1,-1,-1,1,-1,1,-1,-1,1,1,1,-1,1,-1,1,-1,1,1,-1,-1,-1,1,1,-1,1,-1,1,1,1,-1,1,1,-1,-1,-1,1,-1,1,-1,1,-1,1,1,-1,1,-1,-1,-1,1,1,-1,1,-1,-1,-1,1,1,-1,-1,1,1,-1,-1,1,1,-1,1,1,-1,1,1,1,1,-1,1,-1,1,1,-1,1,-1,1,1,-1,1,1,-1,-1,1,-1,-1,1,-1,-1,-1,1,1,-1,1,1,1,-1,1,-1,-1,1,1,1,1,1,-1,1,1,1,1,-1,1,-1,1,1,1,-1,1,1,-1,-1,1,1,1,-1,1,-1,1,1,1,-1,1,1,-1,1,1,1,-1,1,-1,-1,1,1,1,1,1,-1,-1,-1,1,1,-1,1,-1,-1,1,-1,1,-1,1,1,-1,-1,1,1,1,-1,1,-1,-1,1,1,-1,1,-1,-1,-1,-1,-1,-1,1,-1,-1,-1,1,1,-1,1,-1,1,-1,1,1,1,1,1,-1,1,1,1,-1,1,-1,-1,-1,-1,1,1,1,1,-1,-1,1,1,1,1,-1,-1,1,-1,-1,1,-1,1,-1,-1,1,-1,1,1,-1,-1,1,1,-1,1,-1,1,-1,-1,1,-1,1,1,-1,-1,-1,1,-1,-1,1,1,-1,-1,1,-1,1,1,-1,1,-1,1,-1,-1,1,1,-1,-1,1,-1,1,1,-1,-1,1,1,-1,1,-1,1,-1,1,-1,-1,1,-1,1,-1,1,-1,-1,1,-1,-1,-1,1,-1,-1,1,-1,1,-1,1,-1,-1,1,-1,-1,1,-1,1,-1,1,-1,1,-1,1,1,-1,-1,-1,1,-1,1,-1,-1,1,-1,1,1,1,1,-1,-1,1,1,-1,1,1,-1,-1,1,1,1,-1,1,1,-1,1,1,1,1,1,1,1,-1,-1,-1,1,-1,1,1,1,1,-1,1,-1,1,-1,-1,-1,1,1,-1,1,1,-1,-1,-1,1,-1,1,1,-1,1,-1,1,-1,-1,-1,-1,-1,-1,1,-1,-1,-1,-1,-1,-1,1,-1,1,1,1,1,-1,1,-1,1,1,-1,-1,-1,1,-1,-1,1,-1,1,-1,-1,1,1,1,1,-1,-1,1,1,1,1,-1,1,-1,-1,1,1,1,-1,-1,-1,1,1,1,1,-1,1,-1,1,-1,1,-1,1,1,-1,-1,1,1,1,-1,-1,-1,1,1,1,1,1,-1,-1,-1,1,1,1,1,-1,-1,-1,1,-1,1,-1,-1,-1,1,1,1,1,1,-1,-1,-1,1,1,1,1,-1,-1,-1,1,1,-1,1,-1,-1,-1,1,1,1,1,-1,-1,1,1,1,1,-1,-1,1,1,-1,1,1,-1,-1,-1,1,1,1,1,1,-1,1,1,1,1,1,-1,-1,-1,1,-1,1,-1,-1,-1,-1,1,-1,1,1,-1,-1,-1,1,-1,1,1,-1,1,-1,1,1,1,1,-1,1,-1,1,-1,1,1,-1,-1,-1,1,1,-1,-1,-1,-1,-1,1,-1,1,-1,-1,-1,-1,-1,-1,-1,1,-1,-1,-1,1,-1,-1,1,-1,-1,-1,-1,-1,-1,1,-1,-1,-1,-1,-1,1,-1,-1,-1,1,-1,-1,1,-1,1,-1,-1,-1,-1,-1,-1,-1,1,-1,-1,-1,1,1,-1,-1,-1,1,-1,-1,-1,-1,-1,1,-1,-1,1,1,1,-1,-1,-1,-1,1,-1,1,1,-1,1,-1,-1,1,1,-1,-1,-1,-1,-1,-1,1,1,-1,-1,1,-1,1,1,-1,-1,-1,1,-1,1,1,-1,-1,1,-1,-1,1,1,1,-1,1,-1,1,1,1,-1,-1,1,-1,-1,1,-1,1,-1,1,-1,-1,1,1,-1,1,1,-1,-1,1,1,-1,1,1,-1,-1,1,1,1,1,1,-1,-1,1,1,1,1,-1,1,-1,-1,1,1,1,1,-1,-1,1,-1,1,1,1,1,-1,-1,1,-1,1,-1,1,-1,1,1,1,1,-1,1,-1,1,1,1,1,1,1,1,-1,1,1,1,1,-1,1,-1,1,1,1,1,1,-1,1,1,1,1,-1,-1,1,-1,1,1,-1,1,1,-1,-1,1,1,1,-1,1,1,-1,1,1,1,-1,-1,1,-1,1,1,1,-1,1,-1,-1,-1,1,1,-1,-1,1,-1,-1,1,1,1,-1,1,-1,-1,1,1,1,1,-1,-1,-1,1,1,-1,-1,-1,1,-1,1,1,-1,1,1,-1,1,1,-1,-1,1,-1,-1,-1,1,1,-1,1,1,-1,1,1,-1,-1,-1,-1,1,-1,-1,-1,-1,1,-1,-1,1,1,-1,1,1,-1,1,1,1,1,-1,1,-1,1,1,1,1,-1,1,-1,-1,1,1,1,-1,1,-1,1,1,1,1,-1,1,-1,1,1,-1,-1,-1,1,-1,-1,1,1,-1,-1,-1,1,-1,1,-1,1,-1,1,-1,-1,1,-2670.0,1,2000,445,1000,False
734,1,1,-1,-1,1,-1,-1,-1,1,1,1,-1,1,1,1,1,-1,1,-1,-1,-1,-1,1,1,1,-1,1,-1,1,1,1,1,1,-1,-1,-1,1,-1,1,1,-1,-1,-1,1,1,1,1,-1,1,1,1,1,-1,1,-1,-1,1,-1,1,1,1,-1,-1,-1,1,1,1,1,-1,-1,-1,1,1,1,1,-1,-1,-1,1,1,1,-1,-1,-1,1,1,1,1,-1,-1,-1,1,1,1,1,-1,-1,1,1,-1,1,1,-1,-1,1,1,1,1,1,-1,-1,1,1,-1,1,1,-1,-1,1,1,1,1,1,1,-1,1,1,1,-1,1,1,-1,1,1,1,1,1,1,-1,-1,1,1,1,1,1,-1,1,1,1,1,1,1,-1,-1,-1,1,1,1,1,-1,1,1,1,1,-1,1,-1,1,1,1,1,1,-1,-1,1,1,1,1,1,-1,1,-1,-1,1,-1,1,-1,1,1,1,1,1,1,1,1,1,-1,1,-1,1,-1,1,1,-1,1,-1,1,1,-1,1,-1,1,-1,1,-1,1,1,-1,1,-1,1,1,1,1,-1,-1,1,1,-1,-1,1,-1,1,-1,1,1,-1,1,-1,1,-1,1,-1,-1,1,-1,-1,-1,1,1,-1,1,-1,1,1,1,-1,1,1,-1,1,-1,1,-1,1,-1,1,-1,1,1,-1,1,-1,-1,-1,1,1,-1,1,-1,-1,-1,1,1,-1,-1,1,1,-1,-1,1,1,-1,1,1,-1,1,1,1,1,-1,1,-1,1,1,-1,1,-1,1,1,1,1,1,1,1,1,-1,-1,1,-1,-1,-1,1,1,-1,1,1,1,-1,1,1,1,1,1,1,1,1,-1,1,1,1,-1,1,1,-1,1,1,1,-1,1,1,-1,-1,1,1,1,-1,1,-1,1,1,1,-1,1,1,-1,1,1,1,-1,1,1,-1,1,1,1,-1,1,1,1,-1,1,1,-1,1,1,-1,1,-1,1,-1,1,1,1,-1,1,1,1,1,1,1,-1,1,1,-1,1,1,1,-1,-1,-1,-1,1,1,1,-1,1,1,-1,1,1,-1,-1,1,1,1,1,1,-1,1,1,1,-1,1,1,1,-1,-1,1,1,1,-1,1,-1,1,1,1,1,1,1,-1,-1,-1,1,-1,-1,1,1,-1,1,1,1,1,1,1,1,-1,1,-1,-1,1,-1,1,-1,1,1,1,1,1,1,-1,-1,1,-1,1,1,1,-1,1,1,1,-1,1,1,-1,-1,1,-1,1,1,1,-1,1,1,1,1,1,1,-1,1,-1,-1,1,1,-1,-1,1,-1,1,1,1,-1,-1,1,-1,1,1,1,-1,-1,1,-1,-1,1,1,-1,-1,1,-1,1,1,1,1,-1,1,-1,-1,1,1,1,-1,-1,-1,-1,1,1,-1,-1,1,-1,-1,1,-1,1,-1,-1,1,-1,1,-1,1,-1,-1,1,-1,-1,1,1,1,-1,1,-1,1,-1,-1,1,1,-1,-1,-1,1,-1,-1,-1,1,1,-1,1,-1,1,1,1,-1,1,1,-1,-1,-1,1,-1,1,1,-1,-1,1,1,1,-1,1,-1,-1,1,1,-1,-1,1,-1,-1,1,1,-1,-1,1,-1,-1,-1,1,1,-1,1,-1,-1,-1,1,-1,-1,1,-1,1,-1,1,1,-1,-1,1,-1,-1,-1,-1,-1,-1,1,1,-1,-1,1,-1,1,1,-1,-1,1,-1,-1,1,1,-1,-1,1,1,-1,1,1,-1,1,-1,1,-1,-1,1,1,-1,-1,-1,-1,1,1,-1,-1,1,-1,-1,-1,1,1,-1,-1,-1,-1,-1,1,-1,-1,-1,-1,-1,1,1,1,-1,-1,-1,-1,-1,1,1,-1,-1,-1,-1,-1,1,1,1,-1,-1,-1,-1,1,1,-1,-1,-1,-1,1,1,1,1,-1,-1,1,1,1,1,1,-1,-1,-1,1,1,1,1,1,-1,1,1,1,1,-1,1,-1,-1,1,-1,1,-1,1,-1,-1,1,-1,1,-1,-1,-1,-1,1,-1,1,-1,1,1,-1,1,-1,1,-1,1,1,-1,1,-1,1,-1,-1,-1,-1,1,1,-1,-1,-1,-1,-1,1,-1,1,-1,-1,-1,-1,-1,-1,-1,1,-1,-1,-1,1,-1,-1,1,-1,-1,-1,-1,-1,-1,1,-1,-1,-1,-1,-1,1,-1,-1,-1,1,-1,-1,1,-1,1,-1,-1,-1,-1,-1,-1,-1,1,-1,-1,-1,1,1,1,-1,-1,-1,1,-1,-1,-1,-1,1,-1,-1,1,-1,1,-1,-1,-1,-1,1,-1,1,1,-1,1,-1,-1,1,1,-1,-1,-1,-1,-1,-1,1,1,-1,-1,1,-1,1,1,-1,-1,-1,1,-1,1,1,-1,-1,1,-1,-1,1,1,1,-1,1,-1,1,1,1,-1,-1,1,-1,-1,1,1,1,-1,1,-1,-1,1,1,-1,1,1,-1,-1,1,1,1,1,1,-1,-1,1,1,1,1,1,-1,-1,1,1,1,1,-1,1,-1,-1,1,1,-1,1,-1,-1,1,-1,1,1,1,1,-1,-1,1,-1,1,1,1,-1,1,1,1,1,-1,1,-1,1,1,1,1,1,1,1,-1,1,1,1,1,-1,1,-1,1,1,1,1,1,-1,1,1,1,1,-1,1,1,-1,1,1,-1,1,1,-1,-1,1,1,1,1,-1,1,-1,1,1,1,-1,-1,1,-1,1,1,1,-1,1,-1,-1,-1,1,1,-1,-1,1,-1,-1,1,1,1,-1,1,-1,-1,1,1,1,1,-1,-1,-1,1,1,-1,-1,-1,1,-1,-1,1,-1,1,1,-1,1,1,-1,-1,1,-1,-1,-1,1,1,-1,1,1,-1,1,1,-1,-1,-1,-1,1,-1,-1,-1,-1,-1,-1,-1,1,1,-1,1,1,-1,1,1,1,1,-1,1,-1,1,1,1,1,-1,1,-1,-1,1,1,1,-1,1,-1,1,1,1,1,-1,1,-1,1,1,1,-1,-1,1,-1,-1,1,1,-1,-1,-1,1,-1,1,1,1,-1,1,-1,-1,1,-2670.0,1,2000,445,0,False
735,1,1,-1,-1,1,-1,-1,-1,1,1,1,-1,1,1,1,1,-1,1,-1,-1,1,-1,1,1,1,-1,-1,-1,1,1,1,1,-1,-1,-1,-1,1,1,1,1,-1,-1,-1,1,1,1,1,-1,1,1,1,1,-1,1,-1,-1,1,-1,1,1,1,-1,-1,-1,1,1,1,1,-1,-1,-1,1,1,1,1,-1,-1,-1,1,1,1,-1,-1,-1,1,1,1,1,-1,-1,-1,1,1,1,1,-1,-1,1,1,-1,1,1,-1,-1,1,1,1,1,1,-1,-1,1,1,1,1,1,-1,-1,1,1,1,1,1,1,-1,-1,1,1,-1,1,1,-1,1,1,1,1,1,1,-1,-1,1,1,1,1,1,-1,1,1,1,1,1,1,-1,-1,-1,1,1,1,1,-1,1,1,1,1,-1,1,-1,1,-1,1,1,1,-1,-1,1,1,1,1,1,-1,1,-1,-1,1,-1,1,-1,1,1,1,1,1,1,1,1,1,-1,1,-1,1,-1,1,1,-1,1,-1,1,1,-1,1,-1,1,-1,1,-1,1,1,-1,-1,-1,1,1,1,1,-1,-1,1,1,-1,-1,1,-1,1,-1,-1,1,-1,1,-1,1,-1,1,-1,1,1,-1,-1,-1,1,1,-1,1,-1,1,1,1,-1,1,1,-1,1,-1,1,-1,1,-1,1,-1,1,1,-1,1,-1,-1,-1,1,1,-1,1,-1,-1,-1,1,1,-1,-1,1,1,-1,-1,1,1,-1,1,1,-1,1,1,1,1,-1,1,-1,1,1,-1,1,-1,1,1,1,1,1,1,1,1,-1,-1,1,-1,-1,-1,1,1,-1,1,1,1,-1,1,1,1,1,1,1,1,1,-1,1,1,1,-1,-1,1,-1,1,1,1,-1,1,1,-1,-1,1,1,1,-1,1,-1,1,1,1,-1,1,1,-1,1,1,1,-1,1,1,-1,1,1,1,-1,1,1,-1,-1,1,1,-1,1,1,-1,1,-1,1,-1,1,1,1,-1,1,1,1,-1,1,1,-1,1,1,-1,1,1,1,-1,-1,-1,-1,1,1,1,-1,1,1,-1,1,1,-1,-1,1,1,1,1,1,-1,1,1,1,-1,1,1,1,-1,-1,1,1,1,-1,1,-1,1,1,1,1,1,1,-1,-1,-1,1,-1,-1,1,1,-1,1,1,-1,1,1,1,1,-1,1,-1,-1,1,-1,1,-1,1,1,1,1,1,1,-1,-1,1,-1,1,1,1,-1,1,1,1,-1,1,1,-1,-1,1,-1,1,1,1,-1,1,1,1,1,1,1,-1,1,-1,-1,1,1,1,-1,1,-1,1,1,1,-1,-1,1,-1,1,1,1,-1,-1,1,-1,-1,1,1,-1,-1,1,-1,1,1,1,1,-1,1,1,-1,1,1,1,-1,-1,1,-1,1,1,-1,-1,1,-1,-1,1,-1,1,-1,-1,1,-1,1,-1,1,-1,-1,1,-1,-1,1,1,1,-1,1,-1,1,-1,-1,1,1,-1,-1,-1,1,-1,-1,1,1,1,-1,1,-1,1,1,1,-1,1,1,-1,1,-1,1,-1,-1,1,-1,-1,1,1,1,-1,1,-1,-1,1,1,-1,-1,1,-1,-1,1,1,-1,-1,1,-1,-1,-1,1,1,-1,1,1,-1,-1,1,-1,-1,1,-1,1,-1,1,1,-1,-1,1,-1,-1,-1,-1,-1,1,1,1,-1,-1,1,-1,-1,1,-1,-1,1,-1,-1,1,1,-1,-1,1,-1,-1,1,1,-1,1,-1,-1,-1,-1,1,1,-1,-1,-1,-1,-1,1,-1,-1,1,-1,-1,-1,1,1,-1,-1,-1,-1,-1,1,-1,-1,-1,-1,-1,-1,1,1,-1,-1,-1,-1,1,1,1,-1,-1,-1,-1,-1,1,1,1,-1,-1,-1,-1,1,1,-1,-1,-1,-1,1,1,1,1,-1,-1,1,1,1,1,1,-1,-1,-1,1,1,1,1,1,-1,1,1,1,1,-1,1,-1,-1,1,-1,1,-1,1,-1,-1,1,-1,1,-1,-1,-1,-1,1,-1,1,-1,1,-1,-1,1,-1,1,-1,1,-1,-1,1,-1,1,-1,-1,-1,-1,1,1,-1,-1,-1,-1,-1,1,-1,1,-1,-1,-1,-1,-1,-1,-1,1,-1,-1,-1,1,-1,-1,1,-1,-1,-1,-1,-1,1,1,-1,-1,-1,-1,-1,1,-1,-1,-1,1,-1,-1,1,-1,1,-1,-1,-1,-1,-1,-1,-1,1,-1,-1,-1,1,1,1,-1,-1,1,-1,-1,-1,-1,-1,1,-1,-1,1,-1,1,-1,-1,-1,-1,1,-1,1,1,-1,1,-1,-1,1,1,-1,-1,-1,-1,-1,-1,1,1,-1,-1,1,-1,1,1,-1,-1,-1,1,-1,-1,1,-1,-1,1,-1,-1,1,1,1,-1,1,-1,1,1,1,-1,-1,1,-1,-1,1,1,1,-1,1,-1,-1,1,1,-1,1,1,-1,-1,1,1,1,1,1,-1,-1,1,1,-1,1,1,-1,-1,1,1,1,1,1,1,-1,-1,1,1,-1,1,-1,-1,1,-1,1,1,1,1,-1,-1,1,-1,1,1,1,-1,1,1,1,1,-1,1,-1,1,1,1,1,1,1,1,-1,1,1,1,1,-1,1,-1,1,1,1,1,1,-1,1,1,1,1,-1,1,1,-1,1,1,-1,1,1,-1,-1,1,1,1,1,-1,1,-1,1,1,1,-1,-1,1,-1,1,1,1,-1,1,-1,-1,-1,1,1,-1,-1,1,-1,-1,1,1,1,-1,1,-1,-1,1,1,1,-1,1,-1,-1,1,1,-1,-1,-1,1,-1,-1,1,-1,1,1,-1,1,1,-1,-1,1,1,-1,-1,1,1,-1,1,1,-1,1,1,-1,-1,-1,-1,1,-1,-1,-1,-1,1,-1,-1,1,1,-1,1,1,-1,1,1,1,1,-1,1,-1,1,1,1,1,-1,1,-1,1,-1,1,1,-1,1,-1,-1,1,1,1,-1,1,-1,1,1,-1,-1,-1,1,-1,-1,1,1,-1,-1,-1,1,-1,1,-1,1,-1,1,-1,-1,1,-2670.0,1,2000,445,0,False
736,1,1,-1,-1,1,-1,-1,-1,1,1,1,-1,1,1,1,1,-1,1,-1,-1,1,-1,1,1,1,-1,1,-1,1,1,1,1,1,-1,-1,-1,1,1,1,1,-1,-1,-1,1,1,1,-1,-1,1,1,1,1,-1,1,-1,-1,1,-1,1,1,-1,-1,-1,-1,1,1,1,-1,-1,-1,-1,1,1,1,1,-1,-1,-1,1,1,1,-1,-1,-1,1,1,1,1,-1,-1,-1,1,1,1,1,-1,-1,1,1,-1,1,1,-1,-1,1,1,1,1,1,-1,-1,1,1,1,1,1,-1,-1,1,1,1,1,1,1,-1,1,1,1,-1,1,1,-1,1,1,1,1,1,1,-1,-1,1,1,1,1,1,-1,1,1,1,1,1,1,-1,-1,-1,1,1,1,1,-1,1,1,1,1,-1,1,-1,1,-1,1,1,1,-1,-1,1,1,1,1,1,-1,1,-1,-1,1,1,1,-1,1,1,1,1,-1,1,-1,1,1,-1,1,-1,1,1,-1,1,-1,1,-1,1,-1,-1,1,-1,1,-1,1,-1,1,1,-1,-1,-1,1,1,1,1,-1,-1,1,1,-1,-1,1,-1,1,-1,1,1,-1,1,-1,1,-1,1,-1,1,1,-1,-1,-1,1,-1,1,1,-1,1,1,1,1,1,1,-1,1,-1,-1,1,1,-1,1,-1,1,-1,1,1,-1,-1,-1,1,1,1,1,-1,-1,-1,1,1,-1,1,1,1,-1,-1,1,1,1,1,1,-1,1,1,-1,1,-1,1,-1,1,1,1,1,-1,1,1,-1,1,1,1,1,1,-1,-1,1,-1,1,-1,1,1,-1,1,1,1,-1,1,-1,-1,1,1,-1,1,1,-1,1,1,1,-1,1,1,-1,1,1,-1,1,-1,1,-1,-1,1,-1,1,-1,1,-1,1,1,1,-1,1,1,-1,1,1,1,-1,1,-1,-1,1,1,1,1,1,-1,-1,-1,1,1,1,1,-1,-1,1,-1,1,-1,1,1,-1,-1,1,1,-1,-1,1,-1,-1,1,1,-1,1,-1,-1,-1,-1,-1,-1,1,1,-1,-1,1,1,-1,1,-1,1,-1,1,1,-1,1,-1,-1,1,1,-1,1,1,-1,-1,-1,-1,1,-1,-1,1,-1,-1,1,-1,-1,1,-1,-1,1,-1,-1,1,-1,1,-1,-1,1,-1,-1,1,-1,-1,1,1,-1,1,-1,1,-1,-1,1,-1,-1,-1,-1,-1,-1,1,-1,-1,1,1,-1,-1,1,-1,1,-1,-1,1,-1,1,-1,-1,1,1,-1,-1,1,-1,-1,-1,-1,-1,1,1,-1,-1,1,1,-1,1,-1,1,-1,1,1,-1,1,-1,-1,-1,-1,-1,-1,1,-1,1,-1,1,1,-1,1,-1,-1,1,-1,-1,1,-1,1,-1,1,-1,1,-1,1,1,-1,-1,-1,1,-1,1,-1,-1,1,-1,1,1,1,1,-1,-1,-1,1,-1,1,1,-1,-1,1,1,1,-1,1,1,-1,1,1,1,1,1,-1,1,-1,-1,-1,1,-1,-1,1,-1,1,-1,1,-1,1,-1,-1,-1,1,1,-1,1,1,-1,-1,-1,1,-1,1,1,-1,1,-1,1,-1,-1,-1,-1,-1,-1,1,-1,-1,-1,-1,-1,-1,1,-1,1,1,1,1,-1,1,-1,1,1,-1,-1,-1,1,-1,-1,1,-1,1,-1,-1,1,1,1,1,-1,-1,1,1,1,1,-1,1,-1,-1,1,1,1,-1,-1,-1,1,1,1,1,-1,-1,-1,1,-1,1,-1,1,-1,-1,-1,1,1,1,-1,-1,-1,-1,1,1,1,1,-1,-1,-1,1,1,1,1,-1,-1,-1,1,-1,1,-1,-1,-1,-1,1,1,1,1,-1,-1,1,1,1,1,1,-1,-1,-1,1,1,-1,1,-1,-1,-1,1,1,1,1,-1,-1,1,1,1,1,-1,-1,1,1,-1,1,1,-1,-1,-1,1,1,1,1,1,-1,1,1,1,1,1,-1,-1,-1,1,-1,1,-1,-1,-1,-1,1,-1,1,1,-1,-1,-1,1,-1,1,1,-1,-1,-1,1,1,1,1,-1,-1,1,-1,-1,1,1,-1,-1,-1,1,1,-1,-1,-1,-1,-1,1,-1,1,-1,-1,-1,-1,1,-1,-1,1,-1,-1,-1,1,-1,-1,1,-1,-1,-1,-1,-1,-1,1,-1,-1,-1,-1,-1,1,-1,-1,-1,1,-1,-1,1,-1,1,-1,-1,-1,-1,-1,-1,-1,1,-1,-1,-1,1,1,1,-1,-1,-1,1,-1,-1,-1,-1,1,-1,-1,1,1,1,-1,-1,-1,-1,1,-1,1,1,-1,1,-1,-1,1,1,1,-1,-1,-1,-1,-1,1,1,-1,-1,1,-1,1,1,-1,-1,-1,1,-1,1,1,-1,-1,1,1,-1,1,1,1,-1,1,-1,1,1,1,-1,-1,1,-1,-1,1,1,1,1,-1,1,-1,1,1,1,-1,1,-1,-1,1,1,1,1,-1,1,-1,1,1,1,1,1,-1,-1,1,1,1,1,1,-1,-1,1,1,1,1,-1,-1,-1,1,-1,1,1,1,-1,1,1,1,-1,1,1,-1,-1,1,1,1,1,1,-1,1,1,1,1,1,1,-1,1,-1,1,1,1,1,-1,1,-1,1,1,1,-1,-1,1,1,1,1,1,-1,-1,1,1,1,1,-1,1,-1,1,1,1,1,1,1,-1,1,1,1,1,1,-1,-1,1,-1,1,1,1,-1,1,-1,1,1,1,1,-1,1,1,1,-1,1,1,1,-1,1,1,-1,1,1,1,-1,-1,-1,1,1,1,-1,-1,-1,-1,1,-1,1,-1,1,1,1,1,1,-1,-1,1,1,1,1,1,1,-1,1,-1,1,1,1,-1,-1,1,-1,-1,-1,-1,-1,-1,1,-1,1,1,1,-1,1,1,-1,-1,1,1,1,-1,1,-1,1,1,1,1,-1,1,-1,1,1,1,1,-1,1,-1,1,1,1,1,-1,1,-1,1,-1,-1,-1,-1,1,-1,-1,1,1,-1,-1,-1,-1,1,1,-1,1,-1,1,1,-1,1,-2670.0,1,2000,445,0,False
737,1,1,-1,-1,1,1,-1,-1,1,1,1,-1,1,1,1,1,-1,1,-1,-1,-1,-1,1,1,1,-1,1,-1,1,1,1,1,-1,-1,-1,-1,1,-1,1,1,-1,-1,-1,1,1,1,1,-1,1,1,1,1,-1,1,-1,-1,1,-1,1,1,1,-1,-1,-1,1,1,1,1,-1,-1,-1,1,1,1,1,-1,-1,-1,1,1,1,-1,-1,-1,1,1,1,1,-1,-1,1,1,1,1,1,-1,-1,-1,1,-1,1,1,-1,-1,1,1,1,1,1,-1,-1,-1,1,-1,1,1,-1,-1,1,1,1,1,1,1,-1,-1,1,1,-1,1,1,-1,1,1,1,1,1,1,-1,1,1,1,1,1,1,-1,1,1,1,1,1,1,-1,-1,-1,1,1,1,1,-1,1,1,1,1,-1,1,-1,1,-1,1,1,1,-1,-1,1,1,1,1,1,-1,1,-1,-1,1,-1,1,-1,1,1,1,1,1,1,1,1,1,1,1,-1,1,-1,1,1,-1,1,-1,1,1,-1,1,-1,1,-1,1,-1,1,1,-1,1,-1,1,1,1,1,-1,-1,1,1,-1,-1,1,-1,1,-1,-1,1,1,1,-1,1,-1,1,-1,1,1,-1,-1,-1,1,1,-1,1,-1,1,1,1,-1,1,1,-1,1,-1,1,-1,1,-1,1,-1,1,1,-1,1,-1,-1,-1,1,1,-1,1,-1,-1,-1,1,1,-1,-1,1,1,-1,-1,1,1,-1,1,1,-1,1,1,1,1,-1,1,-1,1,1,-1,1,-1,1,1,-1,1,1,-1,-1,1,-1,-1,1,-1,-1,-1,1,1,-1,1,1,1,-1,1,-1,-1,1,1,1,1,1,-1,1,1,1,1,-1,1,-1,1,1,1,-1,1,1,-1,-1,1,1,1,-1,1,-1,1,1,1,-1,1,1,-1,1,1,1,-1,1,-1,-1,1,1,1,1,1,-1,-1,-1,1,1,-1,1,-1,-1,1,-1,1,-1,1,1,-1,-1,1,1,1,1,1,-1,-1,1,1,-1,1,-1,-1,-1,-1,-1,-1,1,-1,-1,-1,1,1,-1,1,-1,-1,-1,1,1,1,1,-1,-1,1,1,1,-1,1,-1,-1,-1,-1,1,1,1,1,-1,-1,1,1,1,1,-1,-1,1,-1,-1,1,-1,1,-1,-1,1,-1,1,1,-1,-1,1,1,-1,1,-1,1,-1,-1,1,-1,1,1,-1,-1,-1,1,-1,-1,1,1,-1,-1,1,-1,1,1,-1,1,-1,1,-1,-1,1,1,-1,-1,1,-1,1,1,-1,-1,1,1,-1,1,-1,1,-1,1,-1,-1,1,-1,1,-1,1,-1,-1,1,-1,-1,-1,1,-1,-1,1,-1,1,-1,1,-1,-1,1,-1,-1,1,-1,1,-1,1,1,1,-1,1,1,-1,-1,1,1,-1,1,-1,-1,1,-1,1,1,1,1,-1,-1,1,1,-1,1,1,-1,-1,1,1,1,-1,1,1,-1,1,1,1,1,-1,-1,1,-1,-1,-1,1,-1,1,1,1,1,-1,1,-1,1,-1,-1,-1,1,1,-1,1,1,-1,-1,-1,1,-1,1,1,-1,1,-1,1,-1,-1,-1,-1,-1,-1,1,-1,-1,-1,-1,-1,-1,1,-1,1,1,1,1,-1,1,-1,1,1,-1,-1,-1,1,-1,-1,1,-1,1,-1,-1,1,1,1,1,-1,-1,1,1,1,1,-1,1,-1,-1,1,1,1,-1,-1,-1,1,1,1,1,-1,1,-1,1,-1,1,-1,1,1,-1,-1,1,1,1,-1,-1,-1,1,1,1,1,1,-1,-1,-1,1,1,1,1,-1,-1,-1,1,1,1,-1,-1,-1,1,1,1,1,1,-1,-1,-1,1,1,1,1,-1,-1,-1,1,1,-1,1,-1,-1,-1,1,1,1,1,-1,-1,1,1,1,1,-1,-1,1,1,-1,1,1,-1,-1,-1,1,1,1,1,1,-1,1,1,1,1,1,-1,-1,-1,1,-1,1,-1,-1,-1,-1,1,-1,1,1,-1,-1,-1,1,-1,1,1,-1,1,-1,1,1,1,1,-1,1,-1,1,-1,1,1,-1,-1,-1,1,1,-1,-1,-1,-1,-1,1,-1,1,-1,-1,-1,-1,-1,-1,-1,1,-1,-1,-1,1,-1,-1,1,-1,-1,-1,-1,-1,-1,1,-1,-1,-1,-1,-1,1,-1,-1,-1,1,-1,-1,1,-1,1,-1,-1,-1,-1,-1,-1,-1,1,-1,-1,-1,1,1,1,-1,-1,1,1,-1,-1,-1,-1,1,-1,-1,1,1,1,-1,-1,-1,-1,1,-1,1,1,-1,1,-1,-1,1,1,-1,-1,-1,-1,-1,-1,1,1,-1,-1,1,-1,1,1,-1,-1,-1,1,-1,1,1,-1,-1,1,-1,-1,1,1,1,-1,1,-1,1,1,1,-1,-1,1,-1,-1,1,1,1,-1,1,-1,-1,1,1,-1,1,1,-1,-1,1,1,-1,1,1,-1,-1,1,1,-1,1,1,-1,-1,1,1,1,1,-1,1,-1,-1,1,1,-1,1,-1,-1,1,-1,1,1,1,1,-1,-1,1,-1,1,-1,1,-1,1,1,1,1,-1,1,-1,1,1,1,1,1,1,1,-1,1,1,1,1,-1,1,-1,1,1,1,1,1,-1,1,1,1,1,-1,-1,1,-1,1,1,-1,1,1,-1,-1,1,1,1,-1,1,1,-1,1,1,1,-1,-1,1,-1,1,1,1,-1,1,-1,-1,-1,1,1,-1,-1,1,-1,-1,1,1,-1,-1,1,-1,-1,-1,1,1,1,-1,-1,-1,1,1,-1,-1,1,1,-1,-1,1,-1,1,1,-1,1,1,-1,-1,1,-1,-1,-1,1,1,-1,1,1,-1,1,1,-1,-1,-1,-1,1,-1,-1,-1,-1,1,-1,-1,1,1,-1,1,1,-1,1,1,1,1,-1,1,-1,1,1,1,-1,-1,1,-1,-1,-1,1,-1,-1,1,-1,1,1,1,-1,-1,1,-1,1,1,1,1,-1,1,-1,-1,1,1,1,-1,-1,1,-1,1,1,1,-1,1,-1,-1,1,-2670.0,1,2000,445,0,False
738,1,1,-1,-1,1,1,-1,-1,1,1,1,-1,-1,1,1,1,-1,1,-1,-1,-1,-1,1,1,1,-1,-1,-1,1,1,1,1,-1,-1,-1,-1,1,1,1,1,-1,-1,-1,1,1,1,1,-1,1,1,1,1,-1,1,-1,-1,1,-1,1,1,1,-1,-1,-1,1,1,1,1,-1,-1,-1,1,1,1,1,-1,-1,-1,1,1,1,-1,-1,-1,1,1,1,1,-1,-1,-1,1,1,1,1,-1,-1,1,1,-1,1,1,-1,-1,1,1,1,1,1,-1,-1,1,1,1,1,1,-1,-1,1,1,1,1,1,1,-1,-1,1,1,-1,1,-1,-1,1,1,1,1,1,1,-1,-1,1,1,1,1,-1,-1,1,1,1,1,1,1,-1,-1,-1,1,1,1,1,-1,1,1,1,1,-1,1,-1,1,1,1,1,1,-1,-1,1,1,1,1,1,-1,1,-1,-1,1,-1,1,-1,1,1,1,1,1,1,1,1,1,-1,1,-1,1,-1,1,1,-1,1,-1,1,-1,-1,1,-1,1,-1,1,-1,1,1,-1,1,-1,1,1,1,1,-1,-1,1,1,-1,-1,1,-1,1,-1,-1,1,-1,1,-1,1,-1,1,-1,1,1,-1,1,-1,1,-1,-1,1,-1,1,1,1,-1,1,1,-1,1,-1,1,-1,1,-1,1,-1,1,1,-1,1,-1,-1,-1,1,1,-1,1,-1,-1,-1,1,1,1,-1,1,1,-1,-1,1,-1,-1,1,1,-1,1,1,1,-1,-1,1,-1,1,1,-1,1,-1,1,1,-1,1,-1,-1,-1,1,-1,-1,1,-1,1,-1,1,1,-1,1,1,1,-1,1,-1,-1,1,1,-1,-1,1,-1,1,1,-1,1,-1,1,-1,1,1,1,-1,1,1,-1,-1,1,1,-1,-1,1,-1,1,1,1,1,1,1,-1,1,1,1,1,1,-1,-1,1,1,1,1,1,-1,-1,-1,1,1,1,1,-1,-1,1,-1,1,1,1,1,-1,-1,1,1,1,1,1,-1,-1,1,1,1,-1,-1,-1,-1,-1,-1,-1,1,-1,-1,-1,1,1,-1,1,-1,-1,-1,1,1,1,1,-1,-1,1,1,1,-1,1,-1,-1,-1,-1,1,1,1,1,-1,-1,1,-1,1,1,-1,-1,1,-1,-1,1,-1,1,-1,-1,1,-1,1,1,-1,-1,1,1,-1,1,-1,1,-1,-1,1,-1,1,1,-1,-1,-1,1,-1,-1,1,1,-1,-1,1,-1,1,1,-1,1,-1,1,-1,1,1,1,-1,-1,1,-1,1,1,-1,-1,1,1,-1,1,-1,1,-1,1,-1,1,1,-1,1,-1,1,-1,-1,1,-1,-1,-1,1,-1,-1,1,-1,1,-1,1,-1,-1,1,-1,-1,1,-1,1,-1,-1,1,1,-1,1,1,-1,-1,1,1,-1,1,-1,-1,-1,1,1,1,1,1,-1,-1,1,1,-1,1,1,-1,-1,1,1,1,-1,1,1,-1,1,1,1,1,-1,-1,1,-1,-1,-1,1,-1,1,1,1,1,-1,1,-1,1,-1,-1,-1,1,1,-1,1,1,-1,-1,1,1,-1,1,1,-1,1,-1,1,-1,-1,-1,-1,-1,-1,1,-1,-1,-1,-1,-1,-1,1,-1,1,1,1,1,-1,1,-1,1,1,-1,-1,-1,1,-1,-1,1,-1,1,-1,-1,1,1,1,1,-1,-1,-1,1,1,1,-1,1,-1,1,1,1,1,-1,-1,-1,-1,1,1,1,-1,-1,-1,1,-1,1,-1,1,-1,-1,-1,1,1,1,-1,-1,-1,-1,1,1,1,1,-1,-1,-1,1,1,1,1,-1,-1,-1,1,1,1,-1,-1,-1,1,1,1,1,1,-1,-1,-1,1,1,1,1,-1,-1,-1,1,1,-1,1,-1,-1,-1,1,1,1,1,-1,-1,1,1,1,1,-1,-1,1,1,-1,1,1,-1,-1,-1,1,1,1,1,1,-1,1,1,1,1,1,-1,-1,-1,1,-1,1,-1,-1,-1,-1,1,-1,1,1,-1,-1,-1,1,-1,1,1,-1,-1,-1,1,1,1,1,-1,-1,-1,1,-1,1,1,-1,-1,-1,1,1,-1,-1,-1,-1,-1,1,-1,1,-1,-1,-1,-1,-1,-1,-1,1,-1,-1,-1,1,-1,-1,1,-1,-1,-1,-1,-1,1,1,-1,-1,-1,-1,-1,1,-1,-1,-1,1,-1,-1,1,-1,1,-1,-1,-1,-1,-1,-1,-1,1,-1,-1,-1,1,1,1,-1,-1,1,-1,-1,-1,-1,-1,1,-1,-1,1,1,1,-1,1,-1,-1,1,-1,1,1,-1,1,-1,-1,1,1,-1,-1,-1,-1,-1,-1,1,1,-1,-1,1,-1,1,1,-1,-1,1,-1,-1,1,1,-1,-1,1,1,-1,1,1,1,1,-1,-1,1,1,1,-1,-1,1,-1,-1,1,1,1,-1,1,-1,-1,1,1,-1,1,1,1,-1,1,1,1,1,1,1,-1,1,1,-1,1,1,1,-1,1,1,1,1,1,-1,-1,1,1,1,1,1,1,-1,1,-1,1,1,1,1,-1,-1,1,-1,1,1,1,-1,1,1,1,1,-1,1,-1,1,1,1,1,1,1,-1,-1,1,1,1,1,-1,1,-1,1,1,1,1,-1,1,-1,1,1,1,-1,-1,1,-1,1,1,-1,1,-1,-1,-1,1,1,1,-1,1,-1,-1,1,1,1,-1,-1,-1,-1,1,1,1,-1,-1,1,-1,-1,1,1,-1,1,-1,-1,1,1,1,-1,1,-1,1,-1,1,1,1,1,1,-1,-1,1,1,-1,-1,1,1,-1,1,1,-1,1,-1,-1,1,1,-1,-1,1,-1,-1,-1,1,1,-1,1,1,-1,1,1,-1,-1,1,-1,1,-1,-1,-1,-1,1,-1,-1,1,1,-1,1,1,-1,1,1,1,1,-1,1,-1,1,1,1,1,-1,1,-1,-1,-1,1,1,-1,1,-1,1,1,1,1,-1,1,-1,1,1,1,-1,-1,1,-1,-1,1,1,-1,-1,-1,1,-1,1,-1,1,-1,1,-1,-1,1,-2670.0,1,2000,445,0,False
739,1,1,-1,-1,1,-1,-1,-1,1,1,1,-1,1,1,1,1,-1,1,-1,-1,-1,-1,1,1,1,-1,-1,-1,1,1,1,1,1,-1,-1,-1,1,1,1,-1,-1,-1,-1,1,1,1,1,-1,1,1,1,1,-1,1,-1,-1,1,-1,1,1,1,-1,-1,-1,1,1,1,1,-1,-1,-1,1,1,1,1,-1,-1,-1,1,1,1,-1,-1,-1,1,1,1,1,-1,-1,-1,1,1,1,1,-1,-1,1,1,-1,1,1,-1,-1,1,1,1,1,1,-1,-1,-1,1,-1,1,1,-1,-1,1,1,1,1,1,1,-1,-1,1,1,-1,1,1,-1,1,1,1,1,1,1,-1,1,1,1,1,1,1,-1,1,1,1,1,1,1,-1,-1,-1,1,1,1,1,-1,1,1,1,1,-1,1,-1,1,-1,1,1,1,-1,-1,1,1,1,1,1,-1,1,-1,-1,1,-1,1,-1,1,1,1,1,1,1,1,1,1,-1,1,-1,1,-1,1,1,-1,1,-1,1,1,-1,1,-1,1,-1,1,-1,1,1,-1,1,-1,1,1,1,1,-1,-1,1,1,-1,-1,1,-1,1,-1,-1,1,-1,1,-1,1,-1,1,-1,-1,1,-1,-1,-1,1,1,-1,1,-1,1,1,1,-1,1,1,-1,1,-1,1,-1,1,-1,1,-1,1,1,-1,1,-1,-1,-1,1,1,-1,1,-1,-1,-1,1,1,-1,-1,1,1,-1,-1,1,1,-1,1,1,-1,1,1,1,1,-1,1,-1,1,1,-1,1,-1,1,-1,1,1,1,1,1,1,-1,-1,1,-1,-1,1,1,1,-1,1,1,1,-1,1,1,1,1,1,1,-1,1,-1,1,1,1,-1,-1,1,-1,1,1,1,-1,1,1,-1,-1,1,1,1,-1,1,-1,1,1,1,-1,1,1,-1,1,1,1,-1,1,1,-1,1,1,1,-1,1,1,-1,-1,1,1,-1,1,1,-1,1,-1,1,-1,1,1,1,-1,1,1,1,1,1,1,-1,1,1,-1,1,1,1,-1,-1,-1,-1,1,1,1,-1,1,1,-1,1,1,-1,-1,1,1,1,1,1,-1,1,1,1,-1,1,1,1,1,-1,1,1,1,-1,1,-1,1,1,1,1,1,1,-1,-1,-1,1,-1,-1,1,1,-1,1,1,1,1,1,1,1,-1,1,-1,-1,1,-1,1,-1,1,1,1,1,1,1,-1,-1,1,-1,1,1,1,-1,1,1,1,-1,1,1,-1,-1,1,-1,1,1,1,-1,1,1,1,1,1,1,-1,1,-1,-1,1,1,-1,-1,1,-1,1,1,1,-1,-1,1,-1,1,1,1,-1,-1,1,-1,-1,1,1,-1,-1,1,-1,1,1,1,1,-1,1,1,-1,1,1,1,-1,-1,-1,1,1,1,-1,-1,1,-1,-1,1,-1,1,-1,-1,1,-1,1,-1,1,-1,-1,1,-1,-1,1,1,1,-1,1,-1,1,-1,-1,1,1,-1,-1,-1,1,-1,-1,1,1,1,-1,1,-1,1,1,1,-1,1,1,-1,-1,-1,1,-1,-1,1,-1,-1,1,1,1,-1,1,-1,-1,1,1,-1,-1,1,-1,-1,1,1,-1,-1,1,-1,-1,-1,1,1,-1,1,1,-1,-1,1,-1,-1,1,-1,1,-1,1,1,-1,-1,1,-1,-1,-1,-1,-1,1,1,1,-1,-1,1,-1,-1,1,-1,-1,1,-1,-1,1,1,-1,-1,1,1,-1,1,1,-1,1,-1,1,-1,-1,1,1,-1,-1,-1,-1,1,1,-1,-1,1,-1,-1,-1,1,1,-1,-1,-1,-1,-1,1,-1,-1,-1,-1,-1,1,1,1,-1,-1,-1,-1,-1,1,1,-1,-1,-1,-1,-1,1,1,1,-1,-1,-1,-1,1,1,-1,-1,-1,-1,1,1,1,1,-1,-1,1,1,1,1,1,-1,-1,-1,1,1,1,-1,1,-1,1,1,1,1,-1,1,-1,-1,1,-1,1,-1,1,-1,-1,1,-1,1,-1,-1,-1,-1,1,-1,1,-1,1,-1,-1,1,-1,1,-1,1,-1,-1,1,-1,1,-1,-1,-1,-1,1,1,-1,-1,-1,-1,-1,1,-1,1,-1,-1,-1,-1,-1,-1,-1,1,-1,-1,-1,1,-1,-1,1,-1,-1,-1,-1,-1,1,1,-1,-1,-1,-1,-1,1,-1,-1,-1,1,-1,-1,1,-1,1,-1,-1,-1,-1,-1,-1,-1,1,-1,-1,-1,1,1,-1,-1,-1,1,1,-1,-1,-1,-1,1,-1,-1,1,1,1,-1,-1,-1,-1,1,-1,1,1,-1,1,-1,-1,1,1,-1,-1,-1,-1,-1,-1,1,1,-1,-1,1,-1,1,1,-1,-1,-1,1,-1,-1,1,-1,-1,1,-1,-1,1,1,1,-1,1,-1,1,1,1,-1,-1,1,-1,-1,1,1,1,-1,1,-1,-1,1,1,-1,1,1,-1,-1,1,1,1,1,1,-1,-1,1,1,-1,1,1,-1,-1,1,1,1,1,-1,1,-1,-1,1,1,1,1,-1,-1,1,-1,1,1,1,1,-1,-1,1,-1,1,1,1,-1,1,1,1,1,-1,1,-1,1,1,1,1,1,1,1,-1,1,1,1,1,-1,1,-1,1,1,1,1,1,-1,1,1,1,1,-1,1,1,-1,1,1,-1,1,1,-1,-1,1,1,1,1,-1,1,-1,1,1,1,-1,-1,1,-1,1,1,1,-1,1,-1,-1,-1,1,1,-1,-1,1,-1,-1,1,1,1,-1,1,-1,-1,1,1,1,-1,1,-1,-1,1,1,-1,-1,1,1,-1,-1,1,-1,1,1,-1,1,1,-1,-1,1,-1,-1,-1,1,1,-1,1,1,-1,1,1,-1,-1,1,-1,1,-1,-1,-1,-1,1,-1,-1,1,1,-1,1,1,-1,1,1,1,1,-1,1,-1,1,1,1,-1,-1,1,-1,-1,1,1,-1,-1,1,-1,1,1,1,-1,-1,1,-1,1,1,1,1,-1,1,-1,-1,1,1,-1,-1,-1,1,-1,1,-1,1,-1,1,-1,-1,1,-2670.0,1,2000,445,0,False
740,1,1,-1,-1,1,1,-1,-1,1,1,1,-1,1,1,1,1,-1,1,-1,-1,1,-1,1,1,1,-1,1,-1,1,1,1,1,1,-1,-1,-1,1,1,1,1,-1,-1,-1,1,1,1,1,-1,1,1,1,1,-1,1,-1,-1,1,-1,1,1,-1,-1,-1,-1,1,1,1,1,-1,-1,-1,1,1,1,1,-1,-1,-1,1,1,1,-1,-1,-1,1,1,1,1,-1,1,-1,1,1,1,1,-1,-1,1,1,-1,1,1,-1,-1,1,1,1,1,1,-1,-1,1,1,-1,1,1,-1,-1,1,1,1,1,1,1,-1,1,1,1,-1,1,1,-1,1,1,1,1,1,1,-1,-1,1,1,1,1,1,-1,1,1,1,1,1,1,-1,-1,-1,1,1,1,1,-1,1,1,1,1,-1,1,-1,1,-1,1,1,1,-1,-1,1,1,1,1,1,-1,1,-1,-1,1,-1,1,-1,1,1,1,1,1,1,1,1,1,-1,1,-1,1,-1,1,1,-1,1,-1,1,1,-1,1,-1,1,-1,1,-1,1,1,-1,-1,-1,1,1,1,1,-1,-1,1,1,-1,-1,1,-1,1,-1,-1,1,1,1,-1,1,-1,1,-1,1,1,-1,-1,-1,1,1,-1,1,-1,1,1,1,-1,1,1,-1,1,-1,1,-1,1,-1,1,-1,1,1,-1,1,-1,-1,-1,1,1,-1,1,-1,-1,-1,1,1,-1,-1,1,1,-1,-1,1,1,-1,1,1,-1,1,1,1,1,-1,1,-1,1,1,-1,1,-1,1,1,-1,1,1,-1,-1,1,-1,-1,1,-1,-1,1,1,1,-1,1,1,1,-1,1,-1,-1,1,1,1,1,1,-1,1,1,1,1,-1,1,-1,1,1,1,-1,1,1,-1,-1,1,1,1,-1,1,-1,1,1,1,-1,1,1,-1,1,1,1,-1,1,-1,-1,1,1,1,1,1,-1,-1,-1,1,1,-1,1,-1,-1,1,-1,1,-1,1,1,-1,-1,1,1,1,-1,1,-1,-1,1,1,-1,1,-1,-1,-1,-1,-1,-1,1,1,-1,-1,1,1,-1,1,-1,-1,-1,1,1,1,1,-1,-1,1,1,1,-1,1,-1,-1,-1,-1,1,1,1,1,-1,-1,1,-1,1,1,-1,-1,1,-1,-1,1,-1,1,-1,-1,1,-1,1,1,-1,-1,1,1,-1,1,-1,1,-1,-1,1,-1,1,1,-1,-1,-1,1,-1,-1,1,1,-1,-1,1,-1,1,1,-1,1,-1,1,-1,-1,1,1,-1,-1,1,-1,1,1,-1,-1,1,1,-1,1,-1,1,-1,1,-1,1,1,-1,1,-1,1,-1,-1,1,-1,-1,-1,1,-1,-1,1,-1,1,-1,1,-1,-1,1,-1,-1,1,-1,1,-1,1,-1,1,-1,1,1,-1,1,-1,1,-1,1,-1,-1,1,-1,1,1,1,1,-1,-1,1,1,-1,1,1,-1,1,1,1,1,-1,1,1,-1,1,1,1,1,-1,-1,1,-1,-1,-1,1,-1,-1,1,-1,1,-1,1,-1,1,-1,-1,-1,1,1,-1,1,1,-1,-1,-1,1,-1,1,1,-1,1,-1,1,-1,-1,-1,-1,-1,-1,1,-1,-1,-1,-1,-1,-1,1,-1,1,1,1,1,-1,1,-1,1,1,-1,-1,-1,1,-1,-1,1,-1,1,-1,-1,1,1,1,1,-1,-1,1,1,1,1,-1,1,-1,-1,1,1,1,-1,-1,-1,1,1,1,1,-1,1,-1,1,-1,1,-1,1,1,-1,-1,1,1,1,-1,-1,-1,1,1,1,1,1,-1,-1,-1,1,1,1,1,-1,-1,-1,1,1,1,-1,-1,-1,-1,1,1,1,1,-1,-1,1,1,1,1,1,-1,-1,-1,1,1,-1,1,-1,-1,-1,1,1,1,1,-1,-1,1,1,1,1,-1,-1,1,1,-1,1,1,-1,-1,-1,1,1,1,1,1,-1,1,1,1,1,1,-1,-1,-1,1,-1,1,-1,-1,-1,-1,1,-1,1,1,1,-1,-1,1,-1,1,1,-1,-1,-1,1,1,1,1,-1,-1,-1,1,-1,1,1,-1,-1,-1,1,1,-1,-1,-1,-1,-1,1,-1,1,-1,-1,-1,-1,-1,-1,-1,1,-1,-1,-1,1,-1,-1,1,-1,-1,-1,-1,-1,1,1,-1,-1,-1,-1,-1,1,-1,-1,-1,1,-1,-1,1,-1,1,-1,-1,-1,-1,-1,-1,-1,1,-1,-1,-1,1,1,1,-1,-1,1,-1,-1,-1,-1,-1,1,-1,-1,1,1,1,-1,-1,-1,-1,1,-1,1,1,-1,1,-1,-1,1,1,-1,-1,-1,-1,-1,-1,1,1,-1,-1,1,-1,1,1,-1,-1,-1,1,-1,1,1,-1,-1,1,-1,-1,1,1,1,-1,1,-1,1,1,1,-1,-1,1,-1,-1,1,1,1,-1,1,-1,-1,1,1,-1,1,1,-1,-1,1,1,1,1,1,-1,-1,1,1,1,1,1,-1,-1,1,1,1,1,-1,1,-1,1,1,1,1,1,-1,-1,1,-1,1,1,1,1,-1,-1,1,-1,1,-1,1,-1,1,-1,1,1,-1,1,-1,1,1,1,1,1,1,1,-1,-1,1,1,1,-1,1,-1,1,1,1,1,1,-1,1,-1,1,1,-1,-1,1,-1,1,1,-1,1,1,-1,-1,1,1,1,-1,1,1,-1,-1,1,1,-1,-1,1,-1,1,1,1,-1,1,-1,-1,-1,1,1,-1,-1,1,-1,-1,1,1,1,-1,1,-1,-1,-1,1,1,1,-1,-1,-1,1,1,-1,-1,-1,1,-1,-1,1,-1,1,1,-1,1,1,-1,-1,1,1,-1,-1,-1,1,-1,1,1,-1,1,1,-1,-1,1,-1,1,-1,-1,-1,-1,1,-1,-1,1,1,-1,1,1,-1,1,1,1,1,-1,1,-1,1,1,1,1,-1,1,-1,-1,1,1,1,-1,1,-1,1,1,1,1,-1,1,-1,1,1,-1,-1,-1,1,-1,-1,1,1,-1,-1,-1,1,-1,1,-1,1,-1,1,-1,-1,1,-2670.0,1,2000,445,0,False
741,1,1,-1,-1,1,1,-1,-1,1,1,1,-1,1,1,1,1,-1,1,-1,-1,-1,-1,1,1,1,1,-1,-1,1,1,1,1,-1,-1,-1,-1,1,-1,1,1,-1,-1,-1,1,1,1,1,-1,1,1,1,1,-1,1,-1,-1,1,-1,1,1,1,-1,-1,-1,1,1,1,1,-1,-1,-1,1,1,1,1,-1,-1,-1,1,1,1,-1,-1,-1,1,1,1,1,-1,-1,-1,1,1,1,1,-1,-1,1,1,-1,1,1,-1,-1,1,1,1,1,1,-1,-1,1,1,-1,1,1,-1,-1,1,1,1,1,1,1,-1,-1,1,1,-1,1,1,-1,1,1,1,1,1,1,-1,-1,1,1,1,1,1,-1,1,1,1,1,1,1,-1,-1,-1,1,1,1,1,-1,1,1,1,1,-1,1,-1,1,-1,1,1,1,-1,-1,1,1,1,1,1,-1,1,-1,-1,1,-1,1,-1,1,1,1,1,1,1,1,1,1,-1,1,-1,1,-1,1,1,-1,1,-1,1,1,-1,1,-1,1,-1,1,-1,1,1,-1,1,-1,1,1,1,1,-1,-1,1,1,-1,-1,1,-1,1,-1,-1,1,-1,1,-1,1,-1,1,-1,-1,1,-1,-1,-1,1,1,-1,1,-1,1,1,1,-1,1,1,-1,1,-1,1,-1,1,-1,1,-1,1,1,-1,1,-1,-1,-1,1,1,-1,1,-1,-1,-1,1,1,-1,-1,1,1,-1,-1,1,1,-1,1,1,-1,1,1,1,1,-1,1,-1,1,1,-1,1,-1,1,1,1,1,1,1,1,1,-1,-1,1,-1,-1,1,1,1,-1,1,1,1,-1,1,1,1,1,1,1,-1,1,-1,1,1,1,-1,-1,1,-1,1,1,1,-1,1,1,-1,-1,1,1,1,-1,1,-1,1,1,1,-1,1,1,-1,1,1,1,-1,1,1,-1,1,1,1,-1,1,1,1,-1,1,1,-1,1,1,-1,1,-1,1,-1,1,1,1,-1,1,1,1,1,1,1,-1,1,1,-1,1,1,1,-1,-1,-1,-1,1,1,1,-1,1,1,-1,1,1,-1,-1,1,1,1,1,1,-1,1,1,1,-1,1,1,1,-1,-1,1,1,1,-1,1,-1,1,1,1,1,1,1,-1,-1,-1,1,-1,-1,1,1,-1,1,1,1,1,1,1,1,-1,1,-1,-1,1,-1,1,-1,1,1,1,1,1,1,-1,-1,1,-1,1,1,1,-1,1,1,1,-1,1,1,-1,-1,1,-1,1,1,1,-1,1,1,1,1,1,1,-1,1,-1,-1,1,1,-1,-1,1,-1,-1,1,1,-1,-1,1,-1,1,1,1,-1,-1,1,-1,-1,1,1,-1,-1,1,-1,1,1,1,1,-1,1,-1,-1,-1,1,1,-1,-1,-1,1,-1,1,-1,-1,1,-1,-1,1,-1,1,-1,-1,1,-1,1,-1,1,-1,-1,1,-1,-1,1,1,1,-1,1,-1,1,-1,1,1,1,-1,-1,-1,1,-1,-1,1,1,1,-1,1,-1,1,1,1,-1,1,1,-1,1,-1,1,-1,-1,1,-1,-1,1,1,1,-1,1,-1,-1,1,1,-1,-1,1,-1,-1,1,1,-1,-1,1,-1,-1,-1,1,1,-1,1,1,-1,-1,1,-1,-1,1,-1,1,-1,1,1,-1,-1,1,-1,-1,-1,-1,-1,1,1,1,-1,1,1,-1,-1,1,-1,-1,-1,-1,-1,1,1,-1,-1,-1,1,-1,1,1,-1,1,1,1,-1,-1,1,1,-1,-1,-1,-1,-1,1,-1,-1,1,-1,-1,-1,1,1,-1,-1,-1,-1,-1,1,-1,-1,1,-1,-1,1,1,1,-1,1,-1,-1,-1,1,1,-1,-1,-1,-1,-1,1,1,1,-1,-1,-1,-1,1,1,-1,-1,-1,-1,1,1,1,1,-1,-1,1,1,1,1,1,-1,-1,-1,1,1,1,-1,1,-1,1,1,1,1,-1,1,-1,-1,1,-1,1,-1,1,-1,-1,1,-1,1,-1,-1,-1,-1,1,-1,1,-1,1,1,-1,1,-1,1,-1,1,1,-1,1,-1,1,-1,-1,-1,-1,1,1,-1,-1,-1,-1,-1,1,-1,1,-1,-1,-1,-1,-1,-1,-1,1,-1,-1,-1,1,-1,-1,1,-1,-1,-1,-1,-1,1,1,-1,-1,-1,-1,-1,1,-1,-1,-1,1,-1,-1,1,-1,1,-1,-1,-1,-1,-1,-1,-1,1,-1,-1,-1,1,1,-1,-1,-1,1,1,-1,-1,-1,-1,1,-1,-1,1,-1,1,-1,-1,-1,-1,1,-1,1,1,-1,1,-1,-1,1,1,-1,-1,-1,-1,-1,-1,1,1,-1,-1,1,-1,1,1,-1,-1,-1,1,-1,-1,1,-1,-1,1,-1,-1,1,1,1,-1,1,-1,1,1,1,-1,-1,1,-1,-1,1,-1,1,-1,1,-1,-1,1,1,-1,1,1,-1,-1,1,1,-1,1,1,-1,-1,1,1,-1,1,1,-1,-1,1,1,1,1,-1,1,-1,-1,1,1,-1,1,-1,-1,1,-1,1,1,1,1,-1,-1,1,-1,1,1,1,-1,1,1,1,1,-1,1,-1,1,1,1,1,1,1,1,-1,1,1,1,1,-1,1,-1,1,1,1,1,1,-1,1,1,1,1,-1,1,1,-1,1,1,-1,1,1,-1,-1,1,1,1,1,-1,1,-1,1,1,1,-1,-1,1,-1,1,1,1,-1,1,-1,-1,-1,1,1,-1,-1,1,-1,-1,1,1,1,-1,1,-1,-1,1,1,1,-1,1,-1,-1,1,1,-1,-1,-1,1,-1,1,1,-1,1,1,-1,1,1,-1,-1,1,-1,-1,-1,1,1,-1,1,1,-1,1,1,-1,-1,-1,-1,1,-1,-1,-1,-1,1,-1,-1,1,1,-1,1,1,-1,1,1,1,1,-1,1,-1,1,1,1,1,-1,1,-1,-1,1,1,1,-1,1,-1,1,1,1,1,-1,1,-1,1,1,1,-1,-1,1,-1,-1,1,1,-1,-1,-1,1,-1,1,-1,1,-1,1,-1,-1,1,-2670.0,1,2000,445,500,False
742,1,1,-1,-1,1,-1,-1,-1,1,1,1,-1,1,1,1,1,-1,1,-1,-1,-1,-1,1,1,1,-1,-1,-1,1,1,1,1,1,-1,-1,-1,1,-1,1,-1,-1,-1,-1,1,1,1,-1,-1,1,1,1,1,-1,1,-1,-1,1,-1,1,1,-1,-1,-1,-1,1,1,1,-1,-1,-1,-1,1,1,1,1,-1,-1,-1,1,1,1,-1,-1,-1,1,1,1,1,-1,-1,-1,1,1,1,1,-1,-1,1,1,-1,1,1,-1,-1,1,1,1,1,1,-1,-1,-1,1,1,1,1,-1,-1,1,1,1,1,1,1,-1,-1,1,1,-1,1,1,-1,1,1,1,1,1,1,-1,1,1,1,1,1,1,-1,1,1,1,1,1,1,-1,-1,-1,1,1,1,1,-1,1,1,1,1,-1,1,-1,1,1,1,1,1,-1,-1,1,1,1,1,1,-1,1,-1,-1,1,-1,1,-1,1,1,1,1,1,1,1,1,1,-1,1,-1,1,-1,1,1,-1,1,-1,1,1,-1,1,-1,1,-1,1,-1,1,1,-1,1,-1,1,1,1,1,-1,-1,1,1,-1,-1,1,-1,1,-1,-1,1,-1,1,-1,1,-1,1,-1,-1,1,-1,-1,-1,1,1,-1,1,-1,1,1,1,-1,1,-1,-1,1,-1,1,-1,1,1,1,-1,1,1,-1,1,-1,-1,-1,1,1,-1,1,-1,-1,-1,1,1,-1,-1,1,1,-1,-1,1,1,-1,1,1,-1,1,1,1,1,-1,1,-1,1,1,-1,1,-1,1,-1,1,1,1,1,1,1,-1,-1,1,-1,-1,-1,1,1,-1,1,1,1,-1,1,1,1,1,1,1,1,1,-1,1,1,1,-1,1,1,-1,1,1,1,-1,1,1,-1,-1,1,1,1,-1,1,-1,1,1,1,-1,1,1,-1,1,1,1,-1,1,1,-1,1,1,1,-1,1,1,-1,-1,-1,1,-1,1,1,-1,1,1,1,-1,1,1,1,-1,-1,1,1,-1,1,1,-1,1,1,-1,1,-1,1,-1,-1,1,1,1,1,1,-1,1,-1,-1,1,1,-1,-1,-1,1,-1,1,1,-1,1,-1,1,1,1,1,1,-1,-1,1,-1,-1,-1,1,-1,1,-1,-1,1,1,1,-1,1,-1,1,-1,-1,1,1,-1,1,-1,1,1,1,1,1,-1,1,-1,-1,1,-1,1,-1,-1,-1,1,1,1,1,-1,-1,1,-1,1,1,1,-1,1,-1,1,-1,1,1,-1,-1,1,-1,1,1,1,1,-1,-1,1,1,1,1,-1,-1,1,-1,1,1,-1,1,-1,1,-1,1,1,-1,-1,-1,-1,1,1,1,-1,1,-1,1,-1,1,1,-1,-1,1,-1,1,1,1,1,-1,1,-1,-1,-1,1,1,-1,-1,-1,1,-1,1,-1,-1,1,-1,-1,1,-1,1,-1,-1,-1,-1,1,-1,1,1,-1,1,-1,-1,1,1,1,-1,1,-1,1,-1,-1,-1,1,-1,-1,-1,1,-1,-1,1,1,1,-1,1,-1,1,1,1,-1,1,1,-1,1,-1,1,-1,1,1,-1,-1,1,1,1,-1,1,-1,-1,1,1,-1,-1,1,-1,-1,1,1,-1,-1,1,-1,-1,-1,1,1,-1,1,1,-1,-1,1,-1,-1,1,-1,1,-1,1,1,-1,-1,1,-1,-1,-1,-1,-1,-1,1,1,-1,1,1,-1,1,1,-1,-1,-1,-1,-1,1,1,-1,-1,-1,-1,-1,1,1,-1,1,1,-1,-1,-1,1,1,-1,-1,-1,-1,-1,1,-1,-1,1,-1,-1,-1,1,1,-1,-1,-1,-1,-1,1,-1,-1,1,-1,-1,1,1,1,-1,1,-1,-1,-1,1,1,-1,-1,-1,-1,-1,1,1,1,-1,-1,-1,-1,1,1,-1,-1,-1,-1,1,1,1,1,-1,-1,1,1,1,1,1,-1,-1,-1,1,1,1,-1,1,-1,1,1,1,1,-1,1,-1,-1,1,-1,1,-1,1,-1,-1,1,-1,1,-1,-1,-1,-1,1,-1,1,-1,1,1,-1,1,-1,1,-1,1,1,-1,1,-1,1,-1,-1,-1,-1,1,1,-1,-1,-1,-1,-1,1,-1,1,-1,-1,-1,-1,-1,-1,-1,1,-1,-1,-1,1,-1,-1,1,-1,-1,-1,-1,-1,1,1,-1,-1,-1,-1,-1,1,-1,-1,-1,1,-1,-1,1,-1,1,-1,-1,-1,-1,1,-1,-1,1,-1,-1,-1,-1,1,1,-1,-1,1,-1,1,-1,-1,-1,1,-1,-1,-1,-1,1,-1,-1,-1,-1,-1,1,1,1,-1,1,-1,1,-1,1,1,-1,-1,-1,-1,-1,1,1,-1,-1,1,-1,1,1,-1,-1,-1,1,-1,1,1,1,-1,1,-1,-1,1,1,1,-1,1,-1,1,1,1,-1,-1,1,-1,-1,1,1,1,-1,1,-1,-1,1,1,1,1,1,-1,-1,1,1,1,1,1,-1,-1,1,1,1,1,1,-1,-1,1,1,1,1,-1,1,-1,1,1,1,-1,1,-1,-1,1,-1,1,1,1,1,-1,-1,1,-1,1,1,1,-1,1,1,1,1,-1,1,-1,1,1,1,1,1,1,1,-1,1,1,1,1,-1,1,-1,1,1,1,1,1,-1,1,1,1,1,-1,1,-1,1,1,1,-1,1,1,1,1,1,1,1,1,-1,1,1,1,1,1,-1,-1,1,-1,1,1,1,-1,1,-1,1,1,1,1,-1,-1,1,1,-1,1,1,1,-1,1,1,-1,1,1,1,-1,1,-1,1,1,1,-1,-1,-1,-1,1,-1,1,-1,1,1,1,1,1,-1,-1,1,1,1,1,1,1,-1,1,-1,1,1,1,-1,-1,-1,-1,-1,-1,-1,-1,-1,-1,1,1,1,1,-1,1,1,-1,-1,1,1,1,-1,1,-1,1,1,1,-1,-1,1,-1,1,1,1,-1,1,1,-1,1,1,1,-1,-1,1,-1,1,-1,1,1,-1,1,-1,-1,1,1,-1,-1,1,-1,1,1,1,1,-1,1,-1,-1,1,-2670.0,1,2000,445,0,False
743,1,1,-1,-1,1,-1,-1,-1,1,1,1,-1,1,1,1,1,-1,1,-1,-1,-1,-1,1,1,1,-1,-1,-1,1,1,1,1,-1,-1,-1,-1,1,-1,1,1,-1,-1,-1,1,1,1,1,-1,1,1,1,1,-1,1,-1,-1,1,-1,1,1,1,-1,-1,-1,1,1,1,1,-1,-1,-1,1,1,1,1,-1,-1,-1,1,1,1,-1,-1,-1,1,1,1,1,-1,1,-1,1,1,1,1,-1,-1,1,1,-1,1,1,-1,-1,1,1,1,1,1,-1,-1,1,1,-1,1,1,-1,-1,1,1,1,1,1,1,-1,1,1,1,-1,1,1,-1,1,1,1,1,1,1,-1,-1,1,1,1,1,1,-1,1,1,1,1,1,1,-1,-1,-1,1,1,1,1,-1,1,1,1,1,-1,1,-1,1,1,1,1,1,-1,-1,1,1,1,1,1,-1,1,-1,-1,1,-1,1,-1,1,1,1,1,1,1,1,1,1,-1,1,-1,1,-1,1,1,-1,1,-1,1,1,-1,1,-1,1,-1,1,-1,1,1,-1,1,-1,1,1,1,1,-1,-1,1,1,-1,-1,1,-1,1,-1,1,1,-1,1,-1,1,-1,1,-1,-1,1,-1,-1,-1,1,1,-1,1,-1,1,1,1,-1,1,1,-1,1,-1,1,-1,1,-1,1,-1,1,1,-1,1,-1,-1,-1,1,1,-1,1,-1,-1,-1,1,1,-1,-1,1,1,-1,-1,1,1,-1,1,1,-1,1,1,1,1,-1,1,-1,1,1,-1,1,-1,1,1,-1,1,1,1,1,1,-1,-1,1,-1,-1,1,1,1,-1,1,1,1,-1,1,-1,-1,1,1,1,1,1,-1,1,1,1,-1,1,1,-1,1,1,1,-1,1,1,-1,-1,1,1,1,-1,1,-1,1,1,1,-1,1,1,-1,1,1,1,-1,1,-1,-1,1,1,1,-1,1,-1,-1,-1,1,1,-1,1,-1,-1,1,-1,1,-1,1,1,-1,-1,1,1,1,-1,1,-1,-1,1,1,-1,1,-1,-1,-1,-1,-1,-1,1,-1,-1,-1,1,1,-1,1,-1,-1,-1,1,1,1,1,1,-1,1,1,1,-1,1,-1,-1,-1,-1,1,1,1,1,-1,-1,1,1,1,1,-1,-1,1,-1,-1,1,-1,1,-1,-1,1,-1,1,-1,-1,-1,1,1,-1,1,-1,1,-1,-1,1,-1,1,1,-1,-1,-1,1,-1,-1,1,1,-1,-1,1,-1,1,1,-1,1,-1,1,-1,-1,1,1,-1,-1,1,-1,1,1,-1,-1,1,1,-1,1,-1,1,-1,1,-1,-1,1,-1,1,-1,1,-1,-1,1,-1,-1,-1,1,-1,-1,1,1,1,-1,1,-1,-1,1,-1,-1,1,-1,1,-1,1,1,1,-1,1,1,-1,-1,-1,1,-1,1,-1,-1,1,-1,1,1,1,1,-1,-1,1,1,-1,1,1,-1,-1,1,1,1,-1,1,1,-1,1,1,1,1,-1,-1,1,-1,-1,-1,1,-1,1,1,-1,1,-1,1,-1,1,-1,-1,-1,1,1,-1,1,1,-1,-1,1,1,-1,1,1,-1,1,-1,1,-1,-1,-1,-1,-1,-1,1,-1,-1,-1,-1,-1,-1,1,-1,1,1,1,1,-1,1,-1,1,1,-1,-1,-1,1,-1,-1,1,-1,1,-1,-1,1,1,1,1,-1,-1,-1,1,1,1,-1,1,-1,1,1,1,1,-1,-1,-1,1,1,1,1,-1,1,-1,1,-1,1,-1,1,1,-1,-1,1,1,1,-1,-1,-1,-1,1,1,1,1,-1,-1,-1,1,1,1,1,-1,-1,-1,1,1,1,-1,-1,-1,1,1,1,1,1,-1,-1,-1,1,1,1,1,-1,-1,-1,1,1,-1,1,-1,-1,-1,1,1,1,1,-1,-1,1,1,1,1,-1,-1,1,1,-1,1,1,-1,-1,-1,1,1,1,1,1,-1,1,1,1,1,1,-1,-1,-1,1,-1,1,-1,-1,-1,-1,1,-1,1,1,1,-1,-1,1,-1,1,1,-1,1,-1,1,1,1,1,-1,1,-1,1,-1,1,1,-1,-1,-1,1,1,-1,-1,-1,-1,-1,1,-1,1,-1,-1,-1,-1,-1,-1,-1,1,-1,-1,-1,1,-1,-1,1,-1,-1,-1,-1,-1,1,1,-1,-1,-1,-1,-1,1,-1,-1,-1,1,-1,-1,1,-1,1,-1,-1,-1,-1,-1,-1,-1,1,-1,-1,-1,1,1,1,-1,-1,-1,1,-1,-1,-1,-1,1,-1,-1,1,1,1,-1,-1,-1,-1,1,-1,1,1,-1,1,-1,-1,1,1,-1,-1,-1,-1,-1,-1,1,1,-1,-1,1,-1,1,1,-1,-1,-1,1,-1,1,1,-1,-1,1,-1,-1,1,1,1,-1,1,-1,1,1,1,-1,-1,1,-1,-1,1,1,1,-1,1,-1,-1,1,1,-1,1,1,-1,-1,1,1,-1,1,1,-1,-1,1,1,-1,1,1,-1,-1,1,1,1,1,-1,1,-1,-1,1,1,-1,1,-1,-1,1,-1,1,1,1,1,-1,-1,1,-1,1,1,1,-1,1,1,1,1,-1,1,-1,1,1,1,1,1,1,1,-1,1,1,1,1,-1,1,-1,1,1,1,1,1,-1,1,1,1,1,-1,1,1,-1,1,1,-1,1,1,-1,-1,1,1,1,1,-1,1,-1,1,1,1,-1,-1,1,-1,1,1,1,-1,1,-1,-1,-1,1,1,-1,-1,1,-1,-1,1,1,1,-1,1,-1,-1,1,1,1,-1,-1,-1,-1,1,1,-1,-1,-1,1,-1,-1,1,-1,1,1,-1,1,1,-1,-1,1,1,-1,-1,-1,1,-1,1,1,-1,1,1,-1,-1,-1,-1,1,-1,-1,-1,-1,-1,1,-1,1,1,-1,1,1,-1,1,1,1,1,-1,1,-1,1,1,1,1,-1,1,-1,1,1,1,1,-1,1,-1,-1,1,1,1,-1,1,-1,1,1,1,-1,-1,1,-1,-1,1,1,-1,-1,-1,1,-1,1,-1,1,-1,1,-1,-1,1,-2670.0,1,2000,445,0,False
744,1,1,-1,-1,1,1,-1,-1,1,1,1,-1,1,1,1,1,-1,1,-1,-1,-1,-1,1,1,1,-1,-1,-1,1,1,1,1,1,-1,-1,-1,1,1,1,1,-1,-1,-1,1,1,1,1,-1,1,1,1,1,-1,1,-1,-1,1,-1,1,1,1,-1,-1,-1,1,1,1,1,-1,-1,-1,1,1,1,1,-1,-1,-1,1,1,1,-1,-1,-1,1,1,1,1,-1,-1,1,1,1,1,1,-1,-1,-1,1,-1,1,1,-1,-1,1,1,1,1,1,-1,-1,-1,1,1,1,1,-1,-1,1,1,1,1,1,1,-1,-1,1,1,-1,1,1,-1,1,1,1,1,1,1,-1,1,1,1,1,1,1,-1,1,1,1,1,1,1,-1,-1,-1,1,1,1,1,-1,1,1,1,1,-1,1,-1,1,-1,1,1,1,-1,-1,1,1,1,1,1,-1,1,-1,-1,1,-1,1,-1,1,1,1,1,1,1,1,1,1,1,1,-1,1,-1,1,1,-1,1,-1,1,1,-1,1,-1,1,-1,1,-1,1,1,-1,-1,-1,1,1,1,1,-1,-1,1,1,-1,-1,1,-1,1,-1,1,1,-1,1,-1,1,-1,1,-1,1,1,-1,1,-1,1,1,-1,1,-1,1,1,1,-1,1,-1,-1,1,-1,1,-1,1,1,1,-1,1,1,-1,1,-1,-1,-1,1,1,-1,1,-1,-1,-1,1,1,-1,-1,1,1,-1,-1,1,1,-1,1,1,-1,1,1,1,1,-1,1,-1,1,1,-1,1,-1,1,-1,1,1,1,1,1,1,-1,-1,1,-1,-1,1,1,1,-1,1,1,1,-1,1,1,1,1,1,1,1,1,-1,1,1,1,-1,1,1,-1,1,1,1,-1,1,1,-1,-1,1,1,1,-1,1,-1,1,1,1,-1,1,1,-1,1,1,1,-1,1,1,-1,1,1,1,-1,1,1,-1,-1,1,1,-1,1,1,-1,1,-1,1,-1,1,1,1,-1,1,1,1,-1,1,1,-1,1,1,-1,1,1,1,-1,-1,-1,-1,1,1,1,-1,1,1,-1,1,1,-1,-1,1,1,1,1,1,-1,1,1,1,-1,1,1,1,1,-1,1,1,1,-1,1,-1,1,1,1,1,1,1,-1,-1,-1,1,-1,-1,1,-1,1,-1,1,1,1,1,1,-1,-1,1,-1,-1,1,-1,1,-1,1,1,1,1,1,1,-1,-1,1,-1,1,1,-1,-1,1,1,1,-1,1,-1,-1,-1,1,-1,1,1,-1,-1,1,1,1,1,-1,1,-1,1,-1,-1,1,-1,-1,1,1,-1,1,1,-1,-1,-1,1,-1,1,1,1,-1,-1,1,-1,-1,1,-1,-1,-1,1,-1,1,1,1,-1,-1,1,1,-1,1,-1,-1,-1,1,-1,-1,1,-1,-1,-1,1,-1,-1,1,-1,-1,-1,-1,1,-1,1,-1,-1,-1,1,1,-1,-1,1,1,1,-1,1,-1,1,-1,1,-1,1,-1,-1,-1,1,-1,-1,1,1,1,-1,1,-1,1,1,1,-1,1,1,-1,1,-1,1,-1,-1,1,-1,-1,1,1,1,-1,1,-1,-1,1,1,-1,-1,1,-1,-1,1,1,-1,-1,1,-1,-1,-1,1,1,-1,1,1,-1,-1,1,-1,-1,1,-1,1,-1,1,1,-1,-1,1,-1,-1,-1,-1,-1,1,1,1,-1,-1,1,-1,-1,1,-1,-1,1,-1,-1,-1,1,-1,-1,1,-1,-1,1,1,-1,1,-1,1,-1,-1,1,1,-1,-1,-1,-1,-1,1,-1,-1,1,-1,-1,-1,1,1,-1,-1,-1,-1,-1,1,-1,-1,-1,-1,-1,-1,1,1,-1,-1,-1,-1,1,1,1,-1,-1,-1,-1,-1,1,1,1,-1,-1,-1,-1,1,1,-1,-1,-1,-1,1,1,1,1,1,-1,1,1,1,1,1,1,-1,-1,1,1,1,1,1,-1,1,1,1,1,-1,1,-1,-1,1,-1,1,-1,1,-1,-1,1,-1,1,1,1,-1,-1,1,-1,1,-1,1,-1,-1,1,-1,1,1,1,-1,-1,1,-1,1,1,1,-1,-1,1,1,-1,1,1,-1,-1,1,-1,1,-1,1,-1,-1,-1,-1,-1,1,1,-1,-1,1,-1,-1,1,1,-1,-1,-1,-1,1,-1,1,-1,-1,-1,-1,-1,1,-1,-1,1,-1,-1,1,-1,1,-1,-1,-1,-1,-1,1,1,1,-1,-1,-1,1,1,1,-1,-1,-1,1,-1,-1,1,-1,1,-1,-1,1,1,1,-1,-1,-1,-1,1,-1,1,1,-1,1,-1,-1,1,1,-1,-1,-1,-1,-1,-1,1,1,-1,-1,1,-1,1,1,-1,-1,-1,1,-1,1,1,-1,-1,1,-1,-1,1,1,1,-1,1,-1,1,1,1,-1,-1,1,-1,-1,1,1,1,-1,1,-1,-1,1,1,-1,1,1,-1,-1,1,1,-1,1,1,-1,-1,1,1,1,1,1,-1,-1,1,1,1,1,1,1,-1,-1,1,1,1,1,-1,-1,1,-1,1,1,1,1,-1,-1,1,-1,1,1,1,-1,1,-1,1,1,-1,1,-1,1,1,1,1,1,1,1,-1,-1,1,1,1,-1,1,-1,1,1,1,1,1,-1,1,-1,1,1,-1,1,1,-1,1,1,-1,1,1,-1,-1,1,1,1,1,-1,1,-1,-1,1,1,-1,-1,1,-1,1,1,1,-1,1,-1,-1,-1,1,1,-1,-1,1,-1,-1,1,1,-1,-1,1,-1,-1,1,1,1,-1,1,-1,-1,1,1,-1,-1,-1,1,-1,1,1,-1,1,1,-1,1,1,-1,-1,1,-1,-1,-1,1,1,-1,1,1,-1,1,1,-1,-1,-1,-1,1,-1,-1,-1,-1,-1,-1,-1,1,1,-1,1,1,-1,1,1,1,1,-1,1,-1,1,1,1,-1,-1,1,-1,-1,1,1,-1,1,1,-1,1,1,1,-1,-1,1,-1,1,1,1,1,-1,1,-1,-1,1,1,1,-1,1,1,-1,1,-1,1,-1,1,-1,-1,1,-2670.0,1,2000,445,500,False
745,1,1,-1,-1,1,1,-1,-1,1,1,1,-1,-1,1,1,1,-1,1,-1,-1,1,-1,1,1,1,-1,-1,-1,1,1,1,1,-1,-1,-1,-1,1,-1,1,1,-1,-1,-1,1,1,1,1,-1,1,1,1,1,-1,1,-1,-1,1,-1,1,1,1,-1,-1,-1,1,1,1,1,-1,-1,-1,1,1,1,1,-1,-1,-1,1,1,1,-1,-1,-1,1,1,1,1,-1,-1,-1,1,1,1,1,-1,-1,1,1,-1,1,1,-1,-1,1,1,1,1,1,-1,-1,1,1,-1,1,1,-1,-1,1,1,1,1,1,1,-1,1,1,1,-1,1,1,-1,1,1,1,1,1,1,-1,-1,1,1,1,1,1,-1,1,1,1,1,1,1,-1,-1,-1,1,1,1,1,-1,1,1,1,1,-1,1,-1,1,-1,1,1,1,-1,-1,1,1,1,1,1,-1,1,-1,-1,1,-1,1,-1,1,1,1,1,1,1,1,1,1,-1,1,-1,1,-1,1,1,-1,1,-1,1,1,-1,1,-1,1,-1,1,-1,1,1,-1,1,-1,1,1,1,1,-1,-1,1,1,-1,-1,1,-1,1,-1,-1,1,-1,1,-1,1,-1,1,-1,1,1,-1,-1,-1,1,1,-1,1,-1,1,1,1,-1,1,1,-1,1,-1,1,-1,1,-1,1,-1,1,1,-1,1,-1,-1,-1,1,1,-1,1,-1,-1,-1,1,1,-1,-1,1,1,-1,-1,1,1,-1,1,1,-1,1,1,1,1,-1,1,-1,1,1,-1,1,-1,1,1,-1,1,1,-1,-1,1,-1,-1,1,-1,-1,1,1,1,-1,1,1,1,-1,1,-1,-1,1,1,1,-1,1,-1,1,1,1,1,-1,1,-1,1,1,1,-1,1,1,-1,1,-1,1,1,-1,1,-1,1,1,1,-1,1,1,-1,1,1,1,-1,1,-1,-1,1,1,1,1,1,-1,-1,1,1,1,-1,1,-1,-1,-1,-1,1,-1,1,1,-1,1,1,1,1,1,1,-1,-1,-1,1,-1,1,-1,-1,1,-1,-1,-1,1,1,-1,1,-1,1,-1,1,-1,1,-1,1,1,1,1,-1,1,-1,1,1,-1,1,-1,-1,-1,-1,1,1,1,1,-1,-1,1,-1,1,1,-1,-1,1,-1,-1,1,-1,1,-1,1,-1,1,1,1,-1,-1,1,1,-1,1,-1,1,-1,-1,1,-1,1,-1,-1,-1,-1,1,-1,-1,1,1,-1,-1,1,-1,1,1,-1,1,-1,1,-1,1,-1,1,-1,1,1,-1,-1,-1,-1,-1,1,1,-1,1,-1,1,-1,1,-1,1,1,1,1,-1,1,-1,-1,1,-1,-1,-1,1,-1,1,-1,1,1,-1,1,-1,-1,1,-1,-1,1,-1,1,-1,1,-1,1,-1,1,1,-1,-1,-1,1,-1,1,-1,-1,1,-1,1,1,-1,1,-1,-1,1,1,-1,-1,1,-1,-1,1,1,1,1,1,1,-1,1,1,1,-1,-1,1,1,-1,-1,-1,1,-1,-1,1,-1,1,-1,1,-1,1,-1,-1,-1,1,1,-1,1,1,-1,-1,-1,1,-1,1,1,-1,1,-1,1,-1,-1,-1,-1,-1,-1,1,-1,-1,-1,-1,-1,-1,1,-1,1,1,1,1,-1,1,-1,1,1,-1,-1,-1,1,-1,-1,1,-1,1,-1,-1,1,1,1,1,-1,-1,1,1,1,1,-1,1,-1,-1,1,1,1,-1,-1,-1,1,1,1,1,-1,1,-1,1,-1,1,-1,1,1,-1,-1,1,1,1,-1,-1,-1,-1,1,1,1,1,-1,-1,-1,1,1,1,1,-1,-1,-1,1,-1,1,-1,-1,-1,1,1,1,1,1,-1,-1,-1,1,-1,1,-1,-1,-1,-1,1,1,-1,1,-1,-1,-1,1,1,1,1,-1,-1,1,1,1,-1,1,-1,1,1,-1,1,1,-1,-1,-1,1,1,-1,1,1,-1,1,1,1,-1,1,1,-1,-1,1,-1,1,-1,1,-1,-1,1,1,-1,1,-1,-1,-1,1,-1,-1,1,-1,1,-1,1,1,-1,-1,1,1,-1,1,-1,-1,-1,-1,-1,-1,1,1,1,-1,-1,-1,-1,1,-1,1,-1,-1,-1,-1,-1,-1,-1,1,-1,-1,-1,1,-1,-1,1,-1,-1,-1,-1,-1,1,1,-1,-1,-1,-1,-1,1,-1,-1,-1,1,-1,-1,1,-1,1,-1,-1,-1,-1,-1,-1,-1,1,-1,-1,-1,1,1,-1,-1,-1,1,-1,1,-1,-1,-1,1,-1,-1,1,-1,1,-1,-1,-1,-1,1,-1,1,1,-1,1,-1,-1,1,1,-1,-1,-1,-1,-1,-1,1,1,-1,-1,1,-1,1,1,-1,-1,-1,1,-1,1,1,-1,-1,1,-1,-1,1,1,1,-1,1,-1,1,1,1,-1,-1,1,-1,-1,1,1,1,-1,1,-1,-1,1,1,-1,1,1,-1,-1,1,1,-1,1,1,-1,-1,1,1,-1,1,1,-1,-1,1,1,1,1,1,1,-1,1,1,1,-1,1,-1,-1,1,-1,1,1,1,1,-1,-1,1,-1,1,1,1,-1,1,1,1,1,-1,1,-1,1,1,1,1,1,1,1,-1,1,1,1,1,-1,1,-1,1,1,1,1,1,-1,1,1,1,1,-1,-1,1,-1,1,1,-1,1,1,-1,-1,1,1,1,-1,1,1,-1,1,1,1,-1,-1,1,-1,1,1,1,-1,1,-1,-1,-1,1,1,-1,-1,1,-1,-1,1,1,1,-1,1,-1,1,1,1,1,1,-1,-1,-1,1,1,-1,-1,1,1,1,1,1,-1,1,1,-1,1,1,-1,-1,1,-1,-1,-1,1,1,-1,1,-1,1,1,1,-1,-1,-1,-1,-1,-1,-1,-1,-1,1,-1,1,1,1,-1,1,1,-1,1,1,1,1,-1,1,-1,1,1,1,1,-1,1,-1,1,1,1,1,-1,1,-1,1,1,1,1,-1,1,-1,1,1,-1,-1,-1,1,-1,-1,1,1,-1,-1,-1,1,-1,1,-1,1,-1,1,-1,-1,1,-2670.0,1,2000,445,500,False
746,1,1,-1,-1,1,1,-1,-1,1,1,1,-1,-1,1,1,1,-1,1,-1,-1,1,-1,1,1,1,-1,-1,-1,1,1,1,1,1,-1,-1,-1,1,1,1,1,-1,-1,-1,1,1,1,1,-1,1,1,1,1,-1,1,-1,-1,1,-1,1,1,1,-1,-1,-1,1,1,1,1,-1,-1,-1,1,1,1,1,-1,-1,-1,1,1,1,-1,-1,-1,1,1,1,1,-1,-1,-1,1,1,1,1,-1,-1,1,1,-1,1,1,-1,-1,1,1,1,1,1,-1,-1,1,1,-1,1,1,-1,-1,1,1,1,1,1,1,-1,1,1,1,-1,1,1,-1,1,1,1,1,1,1,-1,-1,1,1,1,1,1,-1,1,1,1,1,1,1,-1,-1,-1,1,1,1,1,-1,1,1,1,1,-1,1,-1,1,-1,1,1,1,-1,-1,1,1,1,1,1,-1,1,-1,-1,1,-1,1,-1,1,1,1,1,1,1,1,1,1,-1,1,-1,1,-1,1,1,-1,1,-1,1,1,-1,1,-1,1,-1,1,-1,1,1,-1,1,-1,1,1,1,1,-1,-1,1,1,-1,-1,1,-1,1,-1,-1,1,-1,1,-1,1,-1,1,-1,-1,1,-1,-1,-1,1,1,-1,1,-1,1,1,1,-1,1,1,-1,1,-1,1,-1,1,-1,1,-1,1,1,-1,1,-1,-1,-1,1,1,-1,1,-1,-1,-1,1,1,-1,-1,1,1,-1,-1,1,1,-1,1,1,-1,1,1,1,1,-1,1,-1,1,1,-1,1,-1,1,1,-1,1,1,1,1,1,-1,-1,1,-1,-1,1,1,1,-1,1,1,1,-1,1,-1,-1,1,1,1,1,1,-1,1,1,1,-1,-1,1,-1,1,1,1,-1,1,1,-1,-1,1,1,1,-1,1,-1,1,1,1,-1,1,1,-1,1,1,1,-1,1,-1,-1,1,1,1,-1,1,-1,-1,-1,1,1,-1,1,-1,-1,1,-1,1,-1,1,1,-1,-1,1,1,1,-1,1,-1,-1,1,1,-1,1,-1,-1,-1,-1,-1,-1,1,1,-1,-1,1,1,-1,1,-1,-1,-1,1,1,1,1,-1,-1,1,1,1,-1,1,-1,-1,-1,-1,1,1,1,1,-1,-1,1,1,1,1,-1,-1,1,-1,-1,1,-1,1,-1,-1,1,-1,1,1,-1,-1,1,1,-1,1,-1,1,-1,-1,1,-1,1,1,-1,-1,-1,1,-1,-1,1,1,-1,-1,1,-1,1,1,-1,1,-1,1,-1,-1,1,1,-1,-1,1,-1,1,1,-1,-1,1,1,-1,1,-1,1,-1,1,-1,-1,1,-1,1,-1,1,-1,-1,1,-1,-1,-1,1,-1,-1,1,-1,1,-1,1,-1,-1,1,-1,-1,1,-1,1,-1,1,1,1,-1,1,1,-1,-1,1,1,-1,1,-1,-1,1,1,1,1,1,1,-1,-1,1,1,-1,1,1,-1,-1,1,1,1,-1,1,1,-1,1,1,1,1,-1,-1,1,-1,-1,-1,1,-1,-1,1,1,1,-1,1,-1,1,-1,-1,-1,1,1,-1,1,1,-1,-1,-1,1,-1,1,1,-1,1,-1,1,-1,-1,-1,-1,-1,-1,1,-1,-1,-1,-1,-1,-1,1,-1,1,1,1,1,-1,1,-1,1,1,-1,-1,-1,1,-1,-1,1,-1,1,-1,-1,1,1,1,1,-1,-1,1,1,1,1,-1,1,-1,-1,1,1,1,-1,-1,-1,1,1,1,1,-1,1,-1,1,-1,1,-1,1,1,-1,-1,1,1,1,-1,-1,-1,-1,1,1,1,1,-1,-1,-1,1,1,1,1,-1,-1,-1,1,1,1,-1,-1,-1,1,1,1,1,1,-1,-1,-1,1,1,1,1,-1,-1,-1,1,1,-1,1,-1,-1,-1,1,1,1,1,-1,-1,1,1,1,1,-1,-1,1,1,-1,1,1,-1,-1,-1,1,1,1,1,1,-1,1,1,1,1,1,-1,-1,-1,1,-1,1,-1,-1,-1,-1,1,-1,1,1,-1,-1,-1,1,-1,1,1,-1,-1,-1,1,1,1,1,-1,-1,-1,1,-1,1,1,-1,-1,-1,1,1,-1,-1,-1,-1,-1,1,-1,1,-1,-1,-1,-1,-1,-1,-1,1,-1,-1,-1,1,-1,-1,1,-1,-1,-1,-1,-1,1,1,-1,-1,-1,-1,-1,1,-1,-1,-1,1,-1,-1,1,-1,1,-1,-1,-1,-1,-1,-1,-1,1,-1,-1,-1,1,1,-1,-1,-1,1,-1,-1,-1,-1,-1,1,-1,-1,1,1,1,-1,-1,-1,-1,1,-1,1,1,-1,1,-1,-1,1,1,-1,-1,-1,-1,-1,-1,1,1,-1,-1,1,-1,1,1,-1,-1,-1,1,-1,1,1,-1,-1,1,-1,-1,1,1,1,-1,1,-1,1,1,1,-1,-1,1,-1,-1,1,1,1,-1,1,-1,-1,1,1,-1,1,1,-1,-1,1,1,-1,1,1,-1,-1,1,1,1,1,1,-1,-1,1,1,1,1,-1,1,-1,-1,1,1,-1,1,-1,-1,1,-1,1,1,1,1,-1,-1,1,-1,1,1,1,-1,1,1,1,1,-1,1,-1,1,1,1,1,1,1,1,-1,1,1,1,1,-1,1,-1,1,1,1,1,1,-1,1,1,1,1,-1,1,1,-1,1,1,-1,1,1,-1,-1,1,1,1,1,-1,1,-1,1,1,1,-1,-1,1,-1,1,1,1,-1,1,-1,-1,-1,1,1,-1,-1,1,-1,-1,1,1,-1,-1,1,-1,-1,1,1,1,-1,1,-1,-1,1,1,-1,-1,-1,1,-1,1,1,-1,1,1,-1,1,1,-1,-1,1,1,-1,-1,1,1,-1,1,1,-1,1,1,-1,-1,1,-1,1,-1,-1,-1,-1,1,-1,-1,1,1,-1,1,1,-1,1,1,1,1,-1,1,-1,1,1,1,1,-1,1,-1,-1,-1,1,1,-1,1,-1,1,1,1,1,-1,1,-1,1,1,-1,-1,-1,1,-1,-1,1,1,-1,-1,-1,1,-1,1,-1,1,-1,1,-1,-1,1,-2670.0,1,2000,445,500,False
747,1,1,-1,-1,1,1,-1,-1,1,1,1,1,-1,1,-1,1,-1,1,1,1,-1,1,1,1,1,1,-1,-1,1,1,1,1,1,1,-1,-1,1,1,1,-1,1,-1,-1,1,1,1,1,1,-1,1,1,1,-1,1,1,-1,1,-1,1,1,1,1,1,1,1,1,1,1,1,-1,1,1,1,1,1,-1,-1,-1,1,1,1,1,1,-1,1,1,1,1,1,1,-1,1,1,1,1,1,-1,1,1,-1,1,1,1,-1,1,1,1,1,1,1,-1,1,1,1,1,1,1,-1,1,1,1,1,1,1,-1,1,1,1,-1,1,1,-1,1,1,1,1,1,1,-1,-1,1,1,1,1,1,-1,1,1,1,1,1,1,-1,-1,-1,1,1,1,1,-1,1,-1,1,1,-1,1,-1,1,-1,1,1,1,1,-1,1,1,1,1,1,1,1,-1,-1,1,-1,1,-1,1,1,1,1,1,1,1,1,1,-1,1,-1,1,-1,1,1,-1,1,-1,1,1,-1,1,-1,1,-1,1,1,1,1,-1,1,-1,1,-1,-1,1,-1,-1,1,1,-1,-1,1,-1,1,-1,1,-1,-1,1,-1,1,-1,1,-1,1,1,-1,-1,-1,1,-1,-1,1,-1,1,1,1,-1,1,1,-1,1,-1,1,-1,1,-1,1,-1,1,1,-1,1,-1,-1,-1,1,1,-1,1,-1,-1,-1,1,1,1,-1,1,1,-1,-1,1,-1,-1,1,1,-1,1,1,1,-1,-1,1,-1,1,1,-1,1,-1,1,1,1,1,-1,-1,-1,1,-1,-1,1,-1,1,-1,1,1,-1,1,1,1,-1,1,1,1,1,1,-1,-1,1,-1,1,1,-1,1,-1,1,-1,1,1,1,-1,1,1,-1,-1,1,1,-1,-1,1,-1,1,1,1,1,1,1,-1,1,1,1,1,1,1,-1,1,1,1,1,1,1,-1,-1,1,1,1,1,1,-1,1,-1,1,-1,1,1,1,-1,1,1,1,1,1,1,-1,1,1,1,-1,1,1,-1,-1,-1,-1,1,1,1,-1,1,1,-1,1,1,-1,-1,1,1,1,1,1,-1,1,1,1,-1,1,1,1,-1,-1,1,1,1,-1,1,-1,1,-1,1,1,1,1,-1,-1,-1,1,-1,-1,1,1,-1,1,1,1,1,1,1,1,-1,1,-1,-1,1,-1,1,-1,1,1,1,1,1,1,-1,-1,1,-1,1,1,1,-1,1,1,1,-1,1,1,-1,1,1,-1,1,1,1,-1,1,1,1,1,1,1,-1,1,-1,-1,1,1,-1,1,1,-1,1,1,1,-1,-1,1,-1,1,1,1,-1,-1,1,-1,-1,1,1,-1,-1,1,-1,1,1,1,1,-1,-1,1,-1,1,1,1,-1,-1,1,-1,1,1,-1,-1,-1,1,-1,1,-1,1,-1,-1,1,-1,1,-1,1,-1,-1,1,-1,-1,1,1,1,-1,1,-1,1,-1,-1,-1,1,-1,-1,-1,1,-1,-1,1,1,-1,1,1,-1,1,1,1,-1,1,1,-1,-1,-1,1,-1,-1,1,-1,-1,1,1,-1,-1,1,-1,-1,1,1,1,-1,1,-1,-1,1,1,-1,-1,1,-1,-1,-1,1,1,-1,1,1,-1,-1,1,1,-1,1,-1,1,-1,1,1,-1,-1,1,-1,-1,-1,-1,-1,1,1,1,-1,-1,1,-1,-1,1,-1,-1,1,-1,-1,1,1,-1,-1,1,-1,-1,1,1,-1,1,-1,1,-1,-1,1,1,-1,-1,-1,-1,-1,1,-1,-1,1,-1,-1,-1,1,1,-1,-1,-1,-1,-1,1,-1,-1,-1,-1,-1,1,1,1,-1,-1,-1,-1,-1,1,1,-1,-1,-1,-1,-1,1,1,1,-1,-1,-1,-1,1,1,-1,-1,-1,-1,1,1,1,1,-1,-1,1,1,1,1,1,-1,-1,-1,1,1,1,1,1,-1,1,1,1,1,-1,1,-1,-1,1,-1,1,-1,1,-1,-1,1,-1,1,-1,-1,-1,-1,1,-1,1,-1,1,-1,-1,1,-1,1,-1,1,-1,-1,1,-1,1,-1,-1,-1,-1,1,1,-1,-1,-1,-1,-1,1,-1,1,-1,-1,-1,-1,-1,-1,-1,1,-1,-1,-1,1,-1,-1,1,-1,-1,-1,-1,-1,1,1,-1,-1,-1,-1,-1,1,-1,-1,-1,1,-1,-1,1,-1,1,-1,-1,-1,-1,-1,-1,-1,1,-1,-1,-1,1,1,1,-1,-1,-1,1,-1,-1,-1,-1,1,-1,-1,1,-1,1,-1,-1,-1,-1,1,-1,1,1,-1,1,-1,-1,1,1,-1,-1,-1,-1,-1,-1,1,1,-1,-1,1,-1,1,1,-1,-1,-1,-1,-1,-1,1,-1,-1,-1,1,-1,1,1,1,-1,-1,-1,1,1,1,-1,-1,1,-1,-1,1,1,-1,-1,1,-1,-1,1,1,-1,1,-1,1,-1,1,1,-1,-1,1,1,-1,1,1,-1,-1,1,1,-1,1,1,-1,-1,1,-1,-1,1,1,-1,-1,1,1,-1,1,-1,-1,-1,1,1,-1,-1,1,-1,1,-1,1,-1,1,1,-1,1,-1,1,-1,1,1,-1,1,1,1,-1,-1,1,-1,1,1,-1,1,-1,1,-1,1,1,-1,1,-1,1,1,1,-1,-1,1,-1,1,1,-1,1,-1,-1,-1,1,-1,1,-1,1,-1,-1,1,-1,1,-1,-1,-1,-1,1,-1,1,-1,-1,-1,-1,-1,1,1,-1,1,-1,-1,1,-1,1,-1,1,-1,1,-1,-1,1,1,1,1,-1,-1,1,1,-1,-1,1,1,-1,1,1,-1,1,-1,-1,1,1,-1,-1,1,-1,-1,-1,-1,1,-1,1,1,-1,1,1,-1,-1,-1,-1,1,-1,-1,-1,-1,1,-1,-1,1,1,-1,1,1,-1,1,1,1,1,-1,1,-1,1,1,1,1,-1,1,-1,-1,-1,1,1,-1,1,-1,1,1,1,1,-1,1,-1,1,1,1,-1,-1,1,-1,-1,1,1,-1,-1,-1,1,-1,1,-1,1,-1,1,-1,-1,1,-2670.0,1,2000,445,500,False
748,1,1,-1,-1,1,-1,-1,-1,1,1,1,-1,1,1,1,1,-1,1,-1,-1,-1,-1,1,1,1,-1,-1,-1,1,1,1,1,1,-1,-1,-1,1,1,1,1,-1,-1,-1,1,1,1,1,-1,1,1,1,1,-1,1,-1,-1,1,-1,1,1,1,-1,-1,-1,1,1,1,1,-1,-1,-1,1,1,1,1,-1,-1,-1,1,1,1,-1,-1,-1,1,1,1,1,-1,1,-1,1,1,1,1,-1,-1,1,1,-1,1,1,-1,-1,1,1,1,1,1,-1,-1,1,1,-1,1,1,-1,-1,1,1,1,1,1,1,-1,1,1,1,-1,1,1,-1,1,1,1,1,1,1,-1,-1,1,1,1,1,1,-1,1,1,1,1,1,1,-1,-1,-1,1,1,1,1,-1,1,1,1,1,-1,1,-1,1,1,1,1,1,-1,-1,1,1,1,1,1,-1,1,-1,-1,1,-1,1,-1,1,1,1,1,1,1,1,1,1,-1,1,-1,1,-1,1,1,-1,1,-1,1,1,-1,1,-1,1,-1,1,-1,1,1,-1,1,-1,1,1,1,1,-1,-1,1,1,-1,-1,1,-1,1,-1,-1,1,-1,1,-1,1,-1,1,-1,-1,1,-1,-1,-1,1,1,-1,1,-1,1,1,1,-1,1,1,-1,-1,-1,1,-1,1,-1,1,-1,1,1,-1,1,-1,-1,-1,1,1,-1,1,-1,-1,-1,1,1,-1,-1,1,1,-1,-1,1,1,-1,1,1,-1,1,1,1,1,-1,1,-1,1,1,-1,1,-1,1,1,-1,1,1,1,1,1,-1,-1,1,-1,-1,-1,1,1,-1,1,1,1,-1,1,-1,-1,1,1,1,1,1,-1,1,1,1,-1,1,1,-1,1,1,1,-1,1,1,-1,-1,1,1,1,-1,1,-1,1,1,1,-1,1,1,-1,1,1,1,-1,1,-1,-1,1,1,1,-1,1,-1,-1,-1,1,1,1,1,-1,-1,1,-1,1,-1,1,1,-1,-1,1,1,1,-1,1,-1,-1,1,1,-1,1,-1,-1,-1,-1,-1,-1,1,1,-1,-1,1,1,-1,1,-1,1,-1,1,1,-1,1,1,-1,1,1,-1,1,1,-1,-1,-1,-1,1,1,1,1,-1,-1,1,-1,-1,1,-1,-1,1,-1,-1,1,-1,1,-1,-1,1,-1,-1,1,-1,-1,1,1,-1,1,-1,1,-1,-1,1,-1,-1,-1,-1,-1,-1,1,-1,-1,1,1,-1,-1,1,-1,1,-1,-1,1,-1,1,-1,-1,1,1,-1,-1,1,-1,-1,-1,-1,-1,1,1,-1,-1,1,1,-1,1,-1,1,-1,1,1,-1,1,-1,-1,-1,-1,-1,-1,1,-1,1,-1,1,1,-1,1,-1,-1,1,-1,-1,1,-1,1,-1,-1,-1,1,-1,1,1,-1,-1,-1,1,-1,1,-1,-1,1,-1,1,1,1,1,-1,-1,-1,1,-1,1,1,-1,-1,-1,1,1,-1,1,1,-1,1,1,1,1,-1,-1,1,-1,-1,-1,1,-1,-1,1,-1,1,-1,1,-1,1,-1,-1,-1,1,1,-1,1,1,-1,-1,1,1,-1,1,1,-1,1,-1,1,-1,-1,-1,-1,-1,-1,1,-1,-1,-1,-1,-1,-1,1,-1,1,1,1,1,-1,1,-1,1,1,-1,-1,-1,1,-1,-1,1,-1,1,-1,-1,1,1,1,1,-1,-1,-1,1,1,1,-1,1,-1,1,1,1,1,-1,-1,-1,1,1,1,1,-1,1,-1,1,-1,1,-1,1,1,-1,-1,1,1,1,-1,-1,-1,1,1,1,1,1,-1,-1,-1,1,1,1,1,-1,-1,-1,1,-1,1,-1,-1,-1,1,1,1,1,1,-1,-1,-1,1,1,1,1,-1,-1,-1,1,1,-1,1,-1,-1,-1,1,1,1,1,-1,-1,1,1,1,1,-1,-1,1,1,-1,1,1,-1,-1,-1,1,1,1,1,1,-1,1,1,1,1,1,-1,-1,-1,1,-1,1,-1,-1,-1,-1,1,-1,1,1,-1,-1,-1,1,-1,1,1,-1,-1,-1,1,1,1,1,-1,-1,-1,1,-1,1,1,-1,-1,-1,1,1,-1,-1,-1,-1,-1,1,-1,1,-1,-1,-1,-1,-1,-1,-1,1,-1,-1,-1,1,-1,-1,1,-1,-1,-1,-1,-1,1,1,-1,-1,-1,-1,-1,1,-1,-1,-1,1,-1,-1,1,-1,1,-1,-1,-1,-1,-1,-1,-1,1,-1,-1,-1,1,1,1,-1,-1,1,-1,-1,-1,-1,-1,1,-1,-1,1,1,1,-1,-1,-1,-1,1,-1,1,1,-1,1,-1,-1,1,1,-1,-1,-1,-1,-1,-1,1,1,-1,-1,1,-1,1,1,-1,-1,-1,1,-1,1,1,-1,-1,1,-1,-1,1,1,1,-1,1,-1,1,1,1,-1,-1,1,-1,-1,1,1,1,-1,1,-1,-1,1,1,-1,1,1,-1,-1,1,1,-1,1,1,-1,-1,1,1,1,1,1,-1,-1,1,1,1,1,-1,1,-1,1,1,1,1,1,-1,-1,1,-1,1,1,1,1,-1,1,1,-1,1,1,1,-1,1,1,1,1,-1,1,-1,1,1,1,1,1,1,1,-1,1,1,1,1,-1,1,-1,1,1,1,1,1,1,1,1,1,1,-1,1,-1,1,1,1,-1,1,1,1,1,1,1,1,1,-1,1,1,1,1,1,-1,-1,1,-1,1,1,1,-1,1,-1,-1,-1,1,1,-1,-1,1,1,1,1,1,1,-1,1,-1,1,1,1,1,-1,1,-1,1,1,1,-1,-1,-1,-1,1,-1,1,-1,1,1,1,1,1,-1,-1,1,1,1,1,-1,1,-1,1,-1,1,1,1,-1,-1,-1,-1,-1,1,-1,-1,-1,-1,-1,1,1,1,-1,1,1,-1,-1,1,1,1,-1,1,-1,1,1,1,1,-1,1,-1,1,1,1,1,-1,1,-1,1,1,1,1,-1,1,-1,1,-1,1,-1,-1,1,-1,-1,1,1,-1,-1,-1,1,-1,1,-1,1,-1,1,-1,-1,1,-2670.0,1,2000,445,0,False
749,1,1,-1,-1,1,1,-1,-1,1,1,1,-1,-1,1,1,1,-1,1,-1,-1,-1,-1,1,1,1,-1,-1,-1,1,1,1,1,-1,-1,-1,-1,1,1,1,1,-1,-1,-1,1,1,1,1,-1,1,1,1,1,-1,1,-1,-1,1,-1,1,1,1,-1,-1,-1,1,1,1,1,-1,-1,-1,1,1,1,1,-1,-1,-1,1,1,1,-1,-1,-1,1,1,1,1,-1,-1,1,1,1,1,1,-1,-1,-1,1,-1,1,1,-1,-1,1,1,1,1,1,-1,-1,-1,1,1,1,1,-1,-1,1,1,1,1,1,1,-1,-1,1,1,-1,1,1,-1,1,1,1,1,1,1,-1,1,1,1,1,1,1,-1,1,1,1,1,1,1,-1,-1,-1,1,1,1,1,-1,1,1,1,1,-1,1,-1,1,-1,1,1,1,-1,-1,1,1,1,1,1,-1,1,-1,-1,1,-1,1,-1,1,1,1,1,1,1,1,1,1,-1,1,-1,1,-1,1,1,-1,1,-1,1,1,-1,1,-1,1,-1,1,-1,1,1,-1,1,-1,1,1,1,1,-1,-1,1,1,-1,-1,1,-1,1,-1,1,1,-1,1,-1,1,-1,1,-1,1,1,-1,-1,-1,1,1,-1,1,-1,1,1,1,-1,1,1,-1,-1,-1,1,-1,1,-1,1,-1,1,1,-1,1,-1,-1,-1,1,1,-1,1,-1,-1,-1,1,1,-1,-1,1,1,-1,-1,1,1,-1,1,1,-1,1,1,1,1,-1,1,-1,1,1,-1,1,-1,1,1,1,1,1,1,1,1,-1,-1,1,-1,-1,1,1,1,-1,1,1,1,-1,1,1,1,1,1,1,1,1,-1,1,1,1,-1,-1,1,-1,1,1,1,-1,1,1,-1,-1,1,1,1,-1,1,-1,1,1,1,-1,1,1,-1,1,1,1,-1,1,1,-1,1,1,1,-1,1,1,-1,-1,1,1,-1,1,1,-1,1,-1,1,-1,1,1,1,-1,1,1,1,-1,1,1,-1,1,1,-1,1,1,1,-1,-1,-1,-1,1,1,1,-1,1,1,-1,1,1,-1,-1,1,1,1,1,1,-1,1,1,1,-1,1,1,1,1,-1,1,1,1,-1,1,-1,1,1,1,1,1,1,-1,-1,-1,1,-1,-1,1,-1,1,-1,1,-1,1,1,1,-1,-1,1,-1,-1,1,-1,1,-1,1,1,1,1,1,1,-1,-1,1,-1,1,1,-1,-1,1,1,1,-1,1,-1,-1,-1,1,-1,1,1,-1,-1,1,1,1,1,-1,1,-1,1,-1,-1,1,-1,-1,-1,1,-1,1,1,-1,-1,-1,1,-1,1,1,1,-1,-1,1,-1,-1,1,-1,-1,-1,1,-1,1,1,1,-1,-1,1,1,-1,1,-1,-1,-1,-1,1,-1,1,-1,-1,-1,1,1,-1,1,-1,-1,-1,-1,1,-1,1,-1,-1,-1,-1,1,-1,-1,1,1,1,-1,1,-1,1,1,1,-1,1,-1,-1,-1,1,-1,-1,-1,1,1,-1,1,-1,1,1,1,-1,1,1,-1,1,-1,1,-1,-1,1,-1,-1,1,1,1,-1,1,-1,-1,1,1,-1,-1,1,-1,-1,1,1,-1,-1,1,-1,-1,-1,1,1,-1,1,-1,-1,-1,1,-1,-1,1,-1,1,-1,1,1,-1,-1,1,-1,-1,-1,-1,-1,1,1,1,-1,-1,1,-1,-1,1,-1,-1,1,-1,-1,1,1,-1,-1,1,-1,-1,1,1,-1,1,-1,-1,-1,-1,1,1,-1,-1,-1,-1,1,1,-1,-1,1,-1,-1,-1,1,1,-1,-1,-1,-1,-1,1,-1,-1,-1,-1,-1,1,1,1,-1,-1,-1,-1,-1,1,1,-1,-1,-1,-1,-1,1,1,1,-1,-1,-1,-1,1,1,-1,-1,-1,-1,1,1,1,1,1,-1,1,1,1,1,1,1,-1,-1,1,1,1,1,-1,-1,1,1,1,1,-1,1,-1,-1,1,-1,1,-1,1,-1,-1,1,-1,1,-1,1,-1,-1,1,-1,1,-1,1,-1,-1,1,-1,1,1,1,-1,-1,1,-1,1,1,1,-1,-1,1,1,-1,1,1,-1,-1,1,-1,1,-1,1,-1,-1,-1,-1,-1,1,1,-1,-1,1,-1,-1,1,1,-1,-1,-1,-1,1,-1,1,-1,-1,-1,-1,-1,1,-1,-1,1,-1,-1,1,-1,1,-1,-1,-1,-1,-1,1,1,1,-1,-1,-1,1,1,1,-1,-1,-1,1,-1,-1,1,-1,1,-1,-1,1,1,1,-1,-1,-1,-1,1,-1,1,1,-1,1,-1,-1,1,1,-1,-1,-1,-1,-1,-1,1,1,-1,-1,1,-1,1,1,-1,-1,-1,1,-1,1,1,-1,-1,1,-1,-1,1,1,1,-1,1,-1,1,1,1,-1,-1,1,-1,-1,1,1,1,-1,1,-1,-1,1,1,-1,1,1,-1,-1,1,1,-1,1,1,-1,-1,1,1,-1,1,1,-1,-1,1,1,1,1,1,1,-1,-1,1,1,1,1,-1,-1,1,-1,1,1,1,1,-1,-1,1,-1,1,1,1,-1,1,1,1,1,-1,1,-1,1,1,1,1,1,1,1,-1,1,1,1,1,-1,1,-1,1,1,1,1,1,-1,1,1,1,1,-1,1,1,-1,1,1,-1,1,1,-1,-1,1,1,1,1,-1,1,-1,1,1,1,-1,-1,1,-1,1,1,1,-1,1,-1,-1,-1,1,1,-1,-1,1,-1,-1,1,1,-1,-1,1,-1,-1,1,1,1,-1,1,-1,-1,1,1,-1,-1,-1,1,-1,1,1,-1,1,1,-1,1,1,-1,-1,1,1,-1,-1,1,1,-1,1,1,-1,1,1,-1,-1,-1,-1,1,-1,-1,-1,-1,1,-1,-1,1,1,-1,1,1,-1,1,1,1,1,-1,1,-1,1,1,1,-1,-1,1,-1,1,-1,1,-1,-1,1,-1,-1,1,1,-1,-1,1,-1,1,1,1,1,-1,1,-1,-1,1,1,1,-1,-1,1,-1,1,-1,1,-1,1,-1,-1,1,-2670.0,1,2000,445,500,False
750,1,1,-1,-1,1,-1,-1,-1,1,1,1,-1,1,1,1,1,-1,1,-1,-1,-1,-1,1,1,1,-1,-1,-1,1,1,1,1,-1,-1,-1,-1,1,-1,1,1,-1,-1,-1,1,1,1,1,-1,1,1,1,1,-1,1,-1,-1,1,-1,1,1,1,-1,-1,-1,1,1,1,1,-1,1,-1,1,1,1,1,-1,-1,-1,1,1,1,-1,-1,-1,1,1,1,1,-1,1,-1,1,1,1,1,-1,-1,1,1,-1,1,1,-1,-1,1,1,1,1,1,-1,-1,1,1,1,1,1,-1,-1,1,1,1,1,1,1,-1,1,1,1,-1,1,1,-1,1,1,1,1,1,1,-1,-1,1,1,1,1,1,-1,1,1,1,1,1,1,-1,-1,-1,1,1,1,1,-1,1,1,1,1,-1,1,-1,1,-1,1,1,1,-1,-1,1,1,1,1,1,-1,1,-1,-1,1,-1,1,-1,1,1,1,1,1,1,1,1,1,-1,1,-1,1,-1,1,1,-1,1,-1,1,1,-1,1,-1,1,-1,1,-1,1,1,-1,-1,-1,1,1,1,1,-1,-1,1,1,-1,-1,1,-1,1,-1,-1,1,-1,1,-1,1,-1,1,-1,-1,1,-1,-1,-1,1,1,-1,1,-1,1,1,1,-1,1,1,-1,1,-1,1,-1,1,-1,1,-1,1,1,-1,1,-1,-1,-1,1,1,-1,1,-1,-1,-1,1,1,-1,-1,1,1,-1,-1,1,1,-1,1,1,-1,1,1,1,1,-1,1,-1,1,1,-1,1,-1,1,1,1,1,1,1,1,1,-1,-1,1,-1,-1,1,1,1,-1,1,1,1,-1,1,1,1,1,1,1,-1,1,-1,1,1,1,-1,-1,1,-1,1,1,1,-1,1,1,-1,-1,1,1,1,-1,1,-1,1,1,1,-1,1,1,-1,1,1,1,-1,1,1,-1,1,1,1,-1,1,1,-1,-1,1,1,-1,1,1,-1,1,-1,1,-1,1,1,1,-1,1,1,1,1,1,1,-1,1,1,-1,1,1,1,-1,-1,-1,-1,1,1,1,-1,1,1,-1,1,1,-1,-1,1,1,1,1,1,-1,1,1,1,-1,1,1,1,-1,-1,1,1,1,-1,1,-1,1,1,1,1,1,1,-1,-1,-1,1,-1,-1,1,1,-1,1,1,1,1,1,1,1,-1,1,-1,-1,1,-1,1,-1,1,1,1,1,1,1,-1,-1,1,-1,1,1,1,-1,1,1,1,-1,1,1,-1,-1,1,-1,1,1,1,-1,1,1,1,1,1,1,-1,1,-1,1,1,1,1,-1,1,-1,1,1,1,-1,-1,1,-1,1,1,1,-1,-1,1,-1,-1,1,1,-1,-1,1,-1,1,1,1,1,-1,1,1,-1,1,1,1,-1,-1,1,-1,1,1,-1,-1,1,1,-1,1,-1,1,-1,-1,1,-1,1,-1,1,-1,-1,1,-1,-1,1,1,1,-1,1,-1,1,-1,1,1,1,-1,-1,-1,1,-1,-1,1,1,1,-1,1,-1,1,1,1,-1,1,1,-1,1,-1,1,-1,-1,1,-1,-1,1,1,1,-1,1,-1,-1,1,1,-1,-1,1,-1,-1,1,1,-1,-1,1,-1,-1,-1,1,1,-1,1,-1,-1,-1,1,-1,-1,1,-1,1,-1,1,1,-1,-1,1,-1,-1,-1,-1,-1,1,1,1,-1,-1,1,-1,-1,1,-1,-1,1,-1,-1,1,1,-1,-1,1,-1,-1,1,1,-1,1,-1,-1,-1,-1,1,1,-1,-1,-1,-1,-1,1,-1,-1,1,-1,-1,-1,1,1,-1,-1,-1,-1,-1,1,-1,-1,-1,-1,-1,-1,1,1,-1,-1,-1,-1,1,1,1,-1,-1,-1,-1,-1,1,1,1,-1,-1,-1,-1,1,1,-1,-1,-1,-1,1,1,1,1,-1,-1,1,1,1,1,1,-1,-1,-1,1,1,1,-1,1,-1,1,1,1,1,-1,1,-1,-1,1,-1,1,-1,1,-1,-1,1,-1,1,-1,-1,-1,-1,1,-1,1,-1,1,1,-1,1,-1,1,-1,1,1,-1,1,-1,1,-1,-1,-1,-1,1,1,-1,-1,-1,-1,-1,1,-1,1,-1,-1,-1,-1,-1,-1,-1,1,-1,-1,-1,1,-1,-1,1,-1,-1,-1,-1,-1,1,1,-1,-1,-1,-1,-1,1,-1,-1,-1,1,-1,-1,1,-1,1,-1,-1,-1,-1,-1,-1,-1,1,-1,-1,-1,1,1,1,-1,-1,1,-1,-1,-1,-1,-1,1,-1,-1,1,-1,1,-1,-1,-1,-1,1,-1,1,1,-1,1,-1,-1,1,1,-1,-1,-1,-1,-1,-1,1,1,-1,-1,1,-1,1,1,-1,-1,-1,1,-1,-1,1,-1,-1,1,-1,-1,1,1,1,-1,1,-1,1,1,1,-1,-1,1,-1,-1,1,-1,1,-1,1,-1,-1,1,1,-1,1,1,-1,-1,1,1,-1,1,1,-1,-1,1,1,-1,1,1,-1,-1,1,1,1,1,-1,1,-1,-1,1,1,1,1,-1,-1,1,-1,1,1,1,1,-1,-1,1,-1,1,1,1,-1,1,1,1,1,-1,1,-1,1,1,1,1,1,1,1,-1,1,1,1,1,-1,1,-1,1,1,1,1,1,-1,1,1,1,1,-1,1,1,-1,1,1,-1,1,1,-1,-1,1,1,1,1,-1,1,-1,1,1,1,-1,-1,1,-1,1,1,1,-1,1,-1,-1,-1,1,1,-1,-1,1,-1,-1,1,1,-1,-1,1,-1,-1,1,1,1,-1,1,-1,-1,1,1,-1,-1,-1,1,-1,-1,1,-1,1,1,-1,1,1,-1,-1,1,-1,-1,-1,-1,1,-1,1,1,-1,1,1,-1,-1,-1,-1,1,-1,-1,-1,-1,1,-1,-1,1,1,-1,1,1,-1,1,1,1,1,-1,1,-1,1,1,1,1,-1,1,-1,-1,-1,1,1,-1,1,-1,1,1,1,1,-1,1,-1,1,1,1,-1,-1,1,-1,-1,1,1,-1,-1,-1,1,-1,1,1,1,-1,1,-1,-1,1,-2670.0,1,2000,445,1000,False
751,1,1,-1,-1,1,-1,-1,-1,1,1,1,-1,1,1,1,1,-1,1,-1,-1,1,-1,1,1,1,-1,-1,-1,1,1,1,1,-1,-1,-1,-1,1,1,1,1,-1,-1,-1,1,1,1,1,-1,1,1,1,1,-1,1,-1,-1,1,-1,1,1,1,-1,-1,-1,1,1,1,1,-1,-1,-1,1,1,1,1,-1,-1,-1,1,1,1,-1,-1,-1,1,1,1,1,-1,-1,-1,1,1,1,1,-1,-1,1,1,-1,1,1,-1,-1,1,1,1,1,1,-1,-1,1,1,-1,1,1,-1,-1,1,1,1,1,1,1,-1,-1,1,1,-1,1,1,-1,1,1,1,1,1,1,-1,-1,1,1,1,1,1,-1,1,1,1,1,1,1,-1,-1,-1,1,1,1,1,-1,1,1,1,1,-1,1,-1,1,-1,1,1,1,-1,-1,1,1,1,1,1,-1,1,-1,-1,1,-1,1,-1,1,1,1,1,1,1,1,1,1,-1,1,-1,1,-1,1,1,-1,1,-1,1,1,-1,1,-1,1,-1,1,-1,1,1,-1,1,-1,1,1,1,1,-1,-1,1,1,-1,-1,1,-1,1,-1,-1,1,-1,1,-1,1,-1,1,-1,1,1,-1,-1,-1,1,1,-1,1,-1,1,1,1,-1,1,1,-1,1,-1,1,-1,1,-1,1,-1,1,1,-1,1,-1,-1,-1,1,1,-1,1,-1,-1,-1,1,1,-1,-1,1,1,-1,-1,1,1,-1,1,1,-1,1,1,1,1,-1,1,-1,1,1,-1,1,-1,1,1,-1,1,1,-1,-1,1,-1,-1,1,-1,-1,-1,1,1,-1,1,1,1,-1,1,-1,-1,1,1,1,1,1,-1,1,1,1,1,-1,1,-1,1,1,1,-1,1,1,-1,-1,1,1,1,-1,1,-1,1,1,1,-1,1,1,-1,1,1,1,-1,1,-1,-1,1,1,1,1,1,-1,-1,-1,1,1,-1,1,-1,-1,1,-1,1,-1,1,1,-1,-1,1,1,1,-1,1,-1,-1,1,1,-1,1,-1,-1,-1,-1,-1,-1,1,1,-1,-1,1,1,-1,1,-1,1,-1,1,1,1,1,1,-1,1,1,1,-1,1,-1,-1,-1,-1,1,1,1,1,-1,-1,1,1,1,1,-1,-1,1,-1,-1,1,-1,1,-1,-1,1,-1,1,-1,-1,-1,1,1,-1,1,-1,1,-1,-1,1,-1,1,1,-1,-1,-1,1,-1,-1,1,1,-1,-1,1,-1,1,1,-1,1,-1,1,-1,-1,1,1,-1,-1,1,-1,1,1,-1,-1,1,1,-1,1,-1,1,-1,1,-1,1,1,-1,1,-1,1,-1,-1,1,-1,-1,-1,1,-1,-1,1,-1,1,-1,1,-1,-1,1,-1,-1,1,-1,1,-1,1,1,1,-1,1,1,-1,1,-1,1,-1,1,-1,-1,1,-1,1,1,1,1,-1,-1,1,1,-1,1,1,-1,1,1,1,1,-1,1,1,-1,1,1,1,1,-1,1,1,-1,-1,-1,1,-1,1,1,1,1,-1,1,-1,1,-1,-1,-1,1,1,-1,1,1,-1,-1,-1,1,-1,1,1,-1,1,-1,1,-1,-1,-1,-1,-1,-1,1,-1,-1,-1,-1,-1,-1,1,-1,1,1,1,1,-1,1,-1,1,1,-1,-1,-1,1,-1,-1,1,-1,1,-1,-1,1,1,1,1,-1,-1,1,1,1,1,-1,1,-1,-1,1,1,1,-1,-1,-1,1,1,1,1,-1,1,-1,1,-1,1,-1,1,1,-1,-1,1,1,1,-1,-1,-1,-1,1,1,1,1,-1,-1,-1,1,1,1,1,-1,-1,-1,1,-1,1,-1,-1,-1,1,1,1,1,1,-1,-1,-1,1,1,1,1,-1,-1,-1,1,1,-1,1,-1,-1,-1,1,1,1,1,-1,-1,1,1,1,1,-1,-1,1,1,-1,1,1,-1,-1,-1,1,1,1,1,1,-1,1,1,1,1,1,-1,-1,-1,1,-1,1,-1,-1,-1,-1,1,-1,1,1,1,-1,-1,1,-1,1,1,-1,-1,-1,1,1,1,1,-1,-1,-1,1,-1,1,1,-1,-1,-1,1,1,-1,-1,-1,-1,-1,1,-1,1,-1,-1,-1,-1,-1,-1,-1,1,-1,-1,-1,1,-1,-1,1,-1,-1,-1,-1,-1,-1,1,-1,-1,-1,-1,-1,1,-1,-1,-1,1,-1,-1,1,-1,1,-1,-1,-1,-1,-1,-1,-1,1,-1,-1,-1,1,1,-1,-1,-1,1,-1,-1,-1,-1,-1,1,-1,-1,1,1,1,-1,-1,-1,-1,1,-1,1,1,-1,1,-1,-1,1,1,-1,-1,-1,-1,-1,-1,1,1,-1,-1,1,-1,1,1,-1,-1,-1,1,-1,1,1,-1,-1,1,-1,-1,1,1,1,-1,1,-1,1,1,1,-1,-1,1,-1,-1,1,1,1,-1,1,-1,-1,1,1,-1,1,1,-1,-1,1,1,-1,1,1,-1,-1,1,1,-1,1,1,-1,-1,1,1,1,1,1,1,-1,-1,1,1,1,1,-1,-1,1,-1,1,1,1,1,-1,-1,1,-1,1,1,1,-1,1,-1,1,1,-1,1,-1,1,1,1,1,1,1,1,-1,-1,1,1,1,-1,1,-1,1,1,1,1,1,-1,1,-1,1,1,-1,-1,1,-1,-1,1,-1,1,1,-1,-1,1,1,1,-1,1,1,-1,-1,1,1,-1,-1,1,-1,1,1,1,-1,1,-1,-1,-1,1,1,-1,-1,1,-1,-1,1,1,-1,-1,1,-1,-1,1,1,1,1,-1,-1,-1,1,1,-1,-1,-1,1,-1,-1,1,-1,1,1,-1,1,1,-1,-1,1,1,-1,-1,1,1,-1,1,1,-1,1,1,-1,-1,1,-1,1,-1,-1,-1,-1,1,-1,-1,1,1,-1,1,1,-1,1,1,1,1,-1,1,-1,1,1,1,1,-1,1,-1,-1,1,1,1,-1,1,-1,1,1,1,1,-1,1,-1,1,1,-1,-1,-1,1,-1,-1,1,1,-1,-1,-1,1,-1,1,-1,1,-1,1,-1,-1,1,-2670.0,1,2000,445,0,False
752,1,1,-1,-1,1,1,-1,-1,1,1,1,-1,-1,1,1,1,-1,1,-1,-1,-1,-1,1,1,1,-1,-1,-1,1,1,1,1,-1,-1,-1,-1,1,1,1,1,-1,-1,-1,1,1,1,1,-1,1,1,1,1,-1,1,-1,-1,1,-1,1,1,1,-1,-1,-1,1,1,1,1,-1,-1,-1,1,1,1,1,-1,-1,-1,1,1,1,-1,-1,-1,1,1,1,1,-1,-1,-1,1,1,1,1,-1,-1,1,1,-1,1,1,-1,-1,1,1,1,1,1,-1,-1,1,1,1,1,1,-1,-1,1,1,1,1,1,1,-1,-1,1,1,-1,1,1,-1,1,1,1,1,1,1,-1,-1,1,1,1,1,1,-1,1,1,1,1,1,1,-1,-1,-1,1,1,1,1,-1,1,1,1,1,-1,1,-1,1,-1,1,1,1,-1,-1,1,1,1,1,1,-1,1,-1,-1,1,1,1,-1,1,1,1,1,-1,1,1,1,1,-1,1,-1,1,-1,1,1,-1,1,-1,1,1,-1,1,-1,1,-1,1,-1,1,1,-1,1,-1,1,1,1,1,-1,-1,1,1,-1,-1,1,-1,1,-1,1,1,-1,1,-1,1,-1,1,-1,1,1,-1,-1,-1,1,1,-1,1,-1,1,1,1,-1,1,1,-1,1,-1,1,-1,1,-1,1,-1,1,1,-1,1,-1,-1,-1,1,1,-1,1,-1,-1,-1,1,1,-1,-1,1,1,-1,-1,1,1,-1,1,1,-1,1,1,1,1,-1,1,-1,1,1,-1,1,-1,1,1,1,1,1,1,1,1,-1,-1,1,-1,-1,-1,1,1,-1,1,1,1,-1,1,1,1,1,1,1,1,1,-1,1,1,1,-1,1,1,-1,1,1,1,-1,1,1,-1,-1,1,1,1,-1,1,-1,1,1,1,-1,1,1,-1,1,1,1,-1,1,1,-1,1,1,1,-1,1,1,-1,-1,1,1,-1,1,1,-1,1,-1,1,-1,1,1,1,-1,1,1,1,-1,1,1,-1,1,1,-1,1,1,1,-1,-1,-1,-1,1,1,1,-1,1,1,-1,1,1,-1,-1,1,1,1,1,1,-1,1,1,1,-1,1,1,1,-1,-1,1,1,-1,-1,1,-1,1,-1,1,-1,1,1,-1,-1,-1,1,-1,-1,1,1,-1,1,1,-1,1,1,1,1,-1,1,-1,-1,1,-1,1,-1,1,-1,1,1,1,1,-1,-1,1,-1,1,1,1,-1,1,1,1,-1,1,1,-1,1,-1,-1,1,1,1,-1,1,-1,1,1,1,1,-1,1,-1,-1,1,1,-1,1,1,-1,-1,1,1,-1,-1,1,-1,1,1,1,-1,1,-1,-1,-1,1,1,-1,-1,1,-1,1,1,1,1,-1,1,-1,-1,-1,1,1,-1,1,-1,1,-1,1,-1,-1,1,-1,-1,1,-1,1,-1,-1,1,-1,1,-1,1,-1,-1,1,-1,-1,1,1,1,-1,1,-1,1,-1,-1,-1,1,-1,-1,-1,1,-1,-1,-1,1,1,-1,1,-1,1,1,1,-1,1,1,-1,-1,-1,1,-1,-1,1,-1,-1,1,1,1,-1,1,-1,-1,1,1,-1,-1,1,-1,-1,1,1,-1,-1,1,-1,-1,-1,1,1,-1,1,-1,-1,-1,1,-1,-1,1,-1,1,-1,1,1,-1,-1,1,-1,-1,-1,-1,-1,1,1,1,-1,1,1,-1,-1,1,-1,-1,-1,-1,-1,1,1,-1,-1,-1,-1,-1,1,1,-1,1,1,-1,-1,-1,1,1,-1,-1,-1,-1,-1,1,-1,-1,1,-1,-1,-1,1,1,-1,-1,-1,-1,-1,1,-1,-1,1,-1,-1,1,1,1,-1,1,-1,-1,-1,1,1,-1,-1,-1,-1,-1,1,1,1,-1,-1,-1,-1,1,1,-1,-1,-1,-1,1,1,1,1,-1,-1,1,1,1,1,1,-1,-1,-1,1,1,1,1,1,-1,1,1,1,1,-1,1,-1,-1,1,-1,1,-1,1,-1,-1,1,-1,1,-1,-1,-1,-1,1,-1,1,-1,1,-1,-1,1,-1,1,-1,1,-1,1,-1,-1,1,-1,-1,-1,-1,1,1,-1,-1,-1,-1,-1,1,-1,1,-1,-1,-1,-1,1,-1,-1,1,-1,-1,-1,1,-1,-1,1,-1,-1,-1,-1,-1,-1,1,-1,-1,-1,-1,-1,1,-1,-1,-1,1,-1,-1,1,-1,1,-1,-1,-1,-1,-1,-1,-1,1,-1,-1,-1,1,1,1,-1,-1,-1,1,-1,-1,-1,-1,1,-1,-1,1,1,1,-1,-1,-1,-1,1,-1,1,1,-1,1,-1,-1,1,1,-1,-1,-1,-1,-1,-1,1,1,-1,-1,1,-1,1,1,-1,-1,-1,1,-1,-1,1,-1,-1,1,-1,-1,1,1,1,-1,1,-1,1,1,1,-1,-1,1,-1,-1,1,1,1,-1,1,-1,-1,1,1,-1,1,1,-1,-1,1,1,-1,1,1,-1,-1,1,1,-1,1,1,-1,-1,1,1,1,1,1,1,-1,1,1,1,1,1,-1,-1,1,-1,1,1,1,1,-1,-1,1,-1,1,1,1,-1,1,1,1,1,-1,1,-1,1,1,1,1,1,1,1,-1,-1,1,1,1,-1,1,-1,1,1,1,1,1,-1,1,1,1,1,-1,1,1,-1,1,1,-1,1,1,-1,-1,1,1,1,1,-1,1,-1,1,1,1,-1,-1,1,-1,1,1,1,-1,1,-1,-1,-1,1,1,-1,-1,1,-1,-1,1,1,-1,-1,1,-1,1,1,1,1,-1,1,-1,-1,1,1,-1,-1,-1,1,1,1,1,-1,1,1,-1,1,1,-1,-1,1,1,-1,-1,1,1,-1,1,1,1,1,1,-1,-1,-1,-1,-1,-1,-1,-1,-1,-1,1,1,1,1,-1,1,1,-1,1,1,1,1,-1,1,-1,1,1,1,1,-1,1,-1,1,1,1,1,-1,1,-1,1,1,1,1,-1,1,-1,1,1,1,-1,-1,1,-1,1,1,1,-1,-1,-1,1,-1,1,-1,1,-1,1,-1,1,1,-2670.0,1,2000,445,1000,False
753,1,1,-1,-1,1,-1,-1,-1,1,1,1,-1,1,1,1,1,-1,1,-1,-1,-1,-1,1,1,1,1,-1,-1,1,1,1,1,-1,-1,-1,-1,1,-1,1,1,-1,-1,-1,1,1,1,1,-1,1,1,1,1,-1,1,-1,-1,1,-1,1,1,1,-1,-1,-1,1,1,1,1,-1,-1,-1,1,1,1,1,-1,-1,-1,1,1,1,-1,-1,-1,1,1,1,1,-1,-1,1,1,1,1,1,-1,-1,-1,1,-1,1,1,-1,-1,1,1,1,1,1,-1,-1,-1,1,-1,1,1,-1,-1,1,1,1,1,1,1,-1,-1,1,1,-1,1,1,-1,1,1,1,1,1,1,-1,1,1,1,1,1,1,-1,1,1,1,1,1,1,-1,-1,-1,1,1,1,1,-1,1,1,1,1,-1,1,-1,1,-1,1,1,1,-1,-1,1,1,1,1,1,-1,1,-1,-1,1,-1,1,-1,1,1,1,1,1,1,1,1,1,-1,1,-1,1,-1,1,1,-1,1,-1,1,1,-1,1,-1,1,-1,1,-1,1,1,-1,1,-1,1,1,1,1,-1,-1,1,1,-1,-1,1,-1,1,-1,-1,1,-1,1,-1,1,-1,1,-1,1,1,-1,-1,-1,1,1,-1,1,-1,1,1,1,-1,1,-1,-1,1,-1,1,-1,1,1,1,-1,1,1,-1,1,-1,-1,-1,1,1,-1,1,-1,-1,-1,1,1,-1,-1,1,1,-1,-1,1,1,-1,1,1,-1,1,1,1,1,-1,1,-1,1,1,-1,1,-1,1,1,-1,1,1,-1,-1,1,-1,-1,1,-1,-1,-1,1,1,-1,1,1,1,-1,1,-1,-1,1,1,1,-1,1,-1,1,1,1,1,-1,1,-1,1,1,1,-1,1,1,-1,-1,1,1,1,-1,1,-1,1,1,1,-1,1,1,-1,1,1,1,-1,1,-1,-1,1,1,1,1,1,-1,-1,-1,1,1,-1,1,-1,-1,1,-1,1,-1,1,1,-1,-1,1,1,1,1,1,-1,-1,1,1,-1,1,-1,-1,-1,-1,-1,-1,1,-1,-1,-1,1,1,-1,1,-1,1,-1,1,1,1,1,1,-1,1,1,1,-1,1,-1,-1,-1,-1,1,1,1,1,-1,-1,1,1,1,1,-1,-1,1,-1,-1,1,-1,1,-1,-1,1,-1,1,1,-1,-1,1,1,-1,1,-1,1,-1,-1,1,-1,1,1,-1,-1,-1,1,-1,-1,1,1,-1,-1,1,-1,1,1,-1,1,-1,1,-1,-1,1,1,-1,-1,1,-1,1,1,-1,-1,1,1,-1,1,-1,1,-1,1,-1,1,1,-1,1,-1,1,-1,-1,1,-1,-1,-1,1,-1,-1,1,-1,1,-1,1,-1,-1,1,-1,-1,1,-1,1,-1,1,-1,1,-1,1,1,-1,1,-1,1,-1,1,-1,-1,1,-1,1,1,1,1,-1,-1,1,1,-1,1,1,-1,1,1,1,1,-1,1,1,-1,1,1,1,1,1,1,1,-1,-1,-1,1,-1,1,1,1,1,-1,1,-1,1,-1,-1,-1,1,1,-1,1,1,-1,-1,-1,1,-1,1,1,-1,1,-1,1,-1,-1,-1,-1,-1,-1,1,-1,-1,-1,-1,-1,-1,1,-1,1,1,1,1,-1,1,-1,1,1,-1,-1,-1,1,-1,-1,1,-1,1,-1,-1,1,1,1,1,-1,-1,1,1,1,1,-1,1,-1,-1,1,1,1,-1,-1,-1,1,1,1,1,-1,1,-1,1,-1,1,-1,1,1,-1,-1,1,1,1,-1,-1,-1,1,1,1,1,1,-1,-1,-1,1,1,1,1,-1,-1,-1,1,-1,1,-1,-1,-1,1,1,1,1,1,-1,-1,-1,1,1,1,1,-1,-1,-1,1,1,-1,1,-1,-1,-1,1,1,1,1,-1,-1,1,1,1,1,-1,-1,1,1,-1,1,1,-1,-1,-1,1,1,1,1,1,-1,1,1,1,1,1,-1,-1,-1,1,-1,1,-1,-1,-1,-1,1,-1,1,1,1,-1,-1,1,-1,1,1,-1,1,-1,1,1,1,1,-1,1,-1,1,-1,1,1,-1,-1,-1,1,1,-1,-1,-1,-1,-1,1,-1,1,-1,-1,-1,-1,-1,-1,-1,1,-1,-1,-1,1,-1,-1,1,-1,-1,-1,-1,-1,-1,1,-1,-1,-1,-1,-1,1,-1,-1,-1,1,-1,-1,1,-1,1,-1,-1,-1,-1,-1,-1,-1,1,-1,-1,-1,1,1,1,-1,-1,1,-1,-1,-1,-1,-1,1,-1,-1,1,1,1,-1,-1,-1,-1,1,-1,1,1,-1,1,-1,-1,1,1,-1,-1,-1,-1,-1,-1,1,1,-1,-1,1,-1,1,1,-1,-1,-1,1,-1,1,1,-1,-1,1,-1,-1,1,1,1,-1,1,-1,1,1,1,-1,-1,1,-1,-1,1,-1,1,-1,1,-1,-1,1,1,-1,1,1,-1,-1,1,1,-1,1,1,-1,-1,1,1,-1,1,1,-1,-1,1,1,1,1,1,1,-1,-1,1,1,-1,1,-1,-1,1,-1,1,1,1,1,-1,-1,1,-1,1,1,1,-1,1,-1,1,1,-1,1,-1,1,1,1,1,1,1,1,-1,-1,1,1,1,-1,1,-1,1,1,1,1,1,-1,1,-1,1,1,-1,-1,1,-1,-1,1,-1,1,1,-1,-1,1,1,1,-1,1,1,-1,-1,1,1,-1,-1,1,-1,1,1,1,-1,1,-1,-1,-1,1,1,-1,-1,1,-1,-1,1,1,1,-1,1,-1,-1,1,1,1,1,-1,-1,-1,1,1,-1,-1,1,1,-1,-1,1,-1,1,1,-1,1,1,-1,-1,1,-1,-1,-1,1,1,-1,1,1,-1,1,1,-1,-1,-1,-1,1,-1,-1,-1,-1,1,-1,-1,1,1,-1,1,1,-1,1,1,1,1,-1,1,-1,1,1,1,-1,-1,1,-1,-1,1,1,-1,1,1,-1,1,1,1,-1,-1,1,-1,1,1,1,1,-1,1,-1,-1,1,1,1,-1,1,1,-1,1,-1,1,-1,1,-1,-1,1,-2670.0,1,2000,445,0,False
754,1,1,-1,-1,1,-1,-1,-1,1,1,1,-1,1,1,1,1,-1,1,-1,-1,-1,-1,1,1,1,-1,-1,-1,1,1,1,1,1,-1,-1,-1,1,1,1,-1,-1,-1,-1,1,1,1,1,-1,1,1,1,1,-1,1,-1,-1,1,-1,1,1,1,-1,-1,-1,1,1,1,1,-1,-1,-1,1,1,1,1,-1,-1,-1,1,1,1,-1,-1,-1,1,1,1,1,-1,1,-1,1,1,1,1,-1,-1,1,1,-1,1,1,-1,-1,1,1,1,1,1,-1,-1,1,1,1,1,1,-1,-1,1,1,1,1,1,1,-1,1,1,1,-1,1,1,-1,1,1,1,1,1,1,-1,-1,1,1,1,1,1,-1,1,1,1,1,1,1,-1,-1,-1,1,1,1,1,-1,1,1,1,1,-1,1,-1,1,-1,1,1,1,-1,-1,1,1,1,1,1,-1,1,-1,-1,1,-1,1,-1,1,1,1,1,1,1,1,1,1,1,1,-1,1,-1,1,1,-1,1,-1,1,1,-1,1,-1,1,-1,1,-1,1,1,-1,1,-1,1,1,1,1,-1,-1,1,1,-1,-1,1,-1,1,-1,1,1,-1,1,-1,1,-1,1,-1,1,1,-1,-1,-1,1,1,-1,1,-1,1,1,1,-1,1,1,-1,1,-1,1,-1,1,-1,1,-1,1,1,-1,1,-1,-1,-1,1,1,-1,1,-1,-1,-1,1,1,-1,-1,1,1,-1,-1,1,1,-1,1,1,-1,1,1,1,1,-1,1,-1,1,1,-1,1,-1,1,1,-1,1,1,1,1,1,-1,-1,1,-1,-1,-1,1,1,-1,1,1,1,-1,1,-1,-1,1,1,1,1,1,-1,1,1,1,-1,1,1,-1,1,1,1,-1,1,1,-1,-1,1,1,1,-1,1,-1,1,1,1,-1,1,1,-1,1,1,1,-1,1,-1,-1,1,1,1,-1,1,-1,-1,-1,1,1,-1,1,-1,-1,1,-1,1,-1,1,1,-1,-1,1,1,1,-1,1,-1,-1,1,1,-1,1,-1,-1,-1,-1,-1,-1,1,-1,-1,-1,1,1,-1,1,-1,1,-1,1,1,1,1,-1,-1,1,1,1,-1,1,-1,-1,-1,-1,1,1,-1,1,-1,-1,1,-1,1,-1,-1,-1,1,-1,-1,1,-1,1,-1,-1,1,-1,1,-1,-1,-1,1,1,-1,1,-1,1,-1,-1,1,-1,1,-1,-1,-1,-1,1,-1,-1,1,1,-1,-1,1,-1,1,1,-1,1,-1,1,-1,1,-1,1,-1,-1,1,-1,1,-1,-1,-1,1,1,-1,1,-1,1,-1,1,-1,1,1,-1,1,-1,1,-1,-1,1,-1,-1,-1,1,-1,1,-1,1,1,-1,1,-1,-1,1,-1,-1,1,-1,1,-1,1,-1,1,-1,1,1,-1,-1,-1,1,-1,1,-1,-1,1,-1,1,1,1,1,-1,-1,1,1,-1,1,1,1,-1,1,1,1,-1,1,1,-1,1,1,1,1,-1,-1,1,-1,-1,-1,1,-1,1,1,-1,1,-1,1,-1,1,-1,-1,-1,1,1,-1,1,1,-1,-1,-1,1,-1,1,1,-1,1,-1,1,-1,-1,-1,-1,-1,-1,1,-1,-1,-1,-1,-1,-1,1,-1,1,1,1,1,-1,1,-1,1,1,-1,-1,-1,1,-1,-1,1,-1,1,-1,-1,1,1,1,1,-1,-1,1,1,1,1,-1,1,-1,-1,1,1,1,-1,-1,-1,1,1,1,1,-1,-1,-1,1,-1,1,-1,1,-1,-1,-1,1,1,1,-1,-1,-1,-1,1,1,1,1,-1,-1,-1,1,1,1,1,-1,-1,-1,1,-1,1,-1,-1,-1,1,1,1,1,1,-1,-1,-1,1,1,1,1,-1,-1,-1,1,1,-1,1,-1,-1,-1,1,1,1,1,-1,-1,1,1,1,1,-1,-1,1,1,1,1,1,-1,-1,-1,1,1,1,1,1,-1,1,1,1,1,1,-1,-1,-1,1,-1,1,-1,-1,-1,-1,1,-1,1,1,1,-1,-1,1,-1,1,1,-1,-1,-1,1,1,1,1,-1,-1,-1,1,-1,1,1,-1,-1,-1,1,1,-1,-1,-1,-1,-1,1,-1,1,-1,-1,-1,-1,-1,-1,-1,1,-1,-1,-1,1,-1,-1,1,-1,-1,-1,-1,-1,-1,1,-1,-1,-1,-1,-1,1,-1,-1,-1,1,-1,-1,1,-1,1,-1,-1,-1,-1,-1,-1,-1,1,-1,-1,-1,1,1,-1,-1,-1,-1,1,-1,-1,-1,-1,1,-1,-1,1,1,1,-1,-1,-1,-1,1,-1,1,1,-1,1,-1,-1,1,1,-1,-1,-1,-1,-1,-1,1,1,-1,-1,1,-1,1,1,-1,-1,-1,1,-1,1,1,-1,-1,1,-1,-1,1,1,1,-1,1,-1,1,1,1,-1,-1,1,-1,-1,1,1,1,-1,1,-1,-1,1,1,-1,1,1,-1,-1,1,1,1,1,1,-1,-1,1,1,-1,1,1,-1,-1,1,1,1,1,1,1,-1,1,1,1,-1,1,-1,-1,1,-1,1,1,1,1,-1,-1,1,-1,1,1,1,-1,1,1,1,1,-1,1,-1,1,1,1,1,1,1,1,-1,-1,1,1,1,-1,1,-1,1,1,1,1,1,-1,1,1,1,1,-1,1,1,-1,1,1,-1,1,1,-1,-1,1,1,1,1,-1,1,-1,1,1,1,-1,-1,1,-1,1,1,1,-1,1,-1,-1,-1,1,1,-1,-1,1,-1,-1,1,1,-1,-1,1,-1,1,1,1,1,-1,1,-1,-1,1,1,-1,-1,-1,1,1,-1,1,-1,1,1,-1,1,1,-1,-1,1,1,-1,-1,-1,1,-1,1,1,1,1,1,-1,-1,-1,-1,1,-1,-1,-1,-1,-1,1,1,1,1,-1,1,1,-1,1,1,1,1,-1,1,-1,1,1,1,1,-1,1,-1,1,1,1,1,-1,1,-1,1,1,1,1,-1,1,-1,1,1,1,-1,-1,1,-1,1,1,1,-1,-1,-1,1,-1,1,1,1,-1,1,-1,1,1,-2670.0,1,2000,445,0,False
755,1,1,-1,-1,1,-1,-1,-1,1,1,1,-1,1,1,1,1,-1,1,1,-1,-1,-1,1,1,1,1,-1,-1,1,1,1,1,-1,-1,-1,-1,1,-1,1,1,-1,-1,-1,1,1,1,1,-1,1,1,1,1,-1,1,-1,-1,1,-1,1,1,1,-1,-1,-1,1,1,1,1,-1,-1,-1,1,1,1,1,-1,-1,-1,1,1,1,-1,-1,-1,1,1,1,1,-1,-1,1,1,1,1,1,-1,-1,-1,1,-1,1,1,-1,-1,1,1,1,1,1,-1,-1,-1,1,-1,1,1,-1,-1,1,1,1,1,1,1,-1,-1,1,1,-1,1,1,-1,1,1,1,1,1,1,-1,1,1,1,1,1,1,-1,1,1,1,1,1,1,-1,-1,-1,1,1,1,1,-1,1,1,1,1,-1,1,-1,1,-1,1,1,1,-1,-1,1,1,1,1,1,-1,1,-1,-1,1,-1,1,-1,1,1,1,1,1,1,1,1,1,-1,1,-1,1,-1,1,1,-1,1,-1,1,1,-1,1,-1,1,-1,1,-1,1,1,-1,1,-1,1,1,1,1,-1,-1,1,1,-1,-1,1,-1,1,-1,-1,1,-1,1,-1,1,-1,1,-1,1,1,-1,1,-1,1,1,-1,1,-1,1,1,1,-1,1,1,-1,-1,-1,1,-1,1,-1,1,-1,1,1,-1,1,-1,-1,-1,1,1,-1,1,-1,-1,-1,1,1,-1,-1,1,1,-1,-1,1,1,-1,1,1,-1,1,1,1,1,-1,1,-1,1,1,-1,1,-1,1,1,-1,1,1,-1,-1,1,-1,-1,1,-1,-1,-1,1,1,-1,1,1,1,-1,1,-1,-1,1,1,1,1,1,-1,1,1,1,1,-1,1,-1,1,1,1,-1,1,1,-1,-1,1,1,1,-1,1,-1,1,1,1,-1,1,1,-1,1,1,1,-1,1,-1,-1,1,1,1,1,1,-1,-1,-1,1,1,-1,1,-1,-1,1,-1,1,-1,1,1,-1,-1,1,1,1,1,1,-1,-1,1,1,-1,1,-1,-1,-1,-1,-1,-1,1,1,-1,-1,1,1,-1,1,-1,-1,-1,1,1,1,1,1,-1,1,1,1,-1,1,-1,-1,-1,-1,1,1,1,1,-1,-1,1,1,1,1,-1,-1,1,-1,-1,1,-1,1,-1,-1,1,-1,1,1,-1,-1,1,1,-1,1,-1,1,-1,-1,1,-1,1,1,-1,-1,-1,1,-1,-1,1,1,-1,-1,1,-1,1,1,-1,1,-1,1,-1,-1,1,1,-1,-1,1,-1,1,1,-1,-1,1,1,-1,1,-1,1,-1,1,-1,-1,1,-1,1,-1,1,-1,-1,1,-1,-1,-1,1,-1,-1,1,-1,1,-1,1,-1,-1,1,-1,-1,1,-1,1,-1,1,-1,1,-1,1,1,-1,-1,-1,1,-1,1,-1,-1,1,-1,1,1,1,1,-1,-1,1,1,-1,1,1,1,-1,1,1,1,-1,1,1,-1,1,1,1,1,1,-1,1,-1,-1,-1,1,-1,-1,1,-1,1,-1,1,-1,1,-1,-1,-1,1,1,-1,1,1,-1,-1,-1,1,-1,1,1,-1,1,-1,1,-1,-1,-1,-1,-1,-1,1,-1,-1,-1,-1,-1,-1,1,-1,1,1,1,1,-1,1,-1,1,1,-1,-1,-1,1,-1,-1,1,-1,1,-1,-1,1,1,1,1,-1,-1,1,1,1,1,-1,1,-1,-1,1,1,1,-1,-1,-1,-1,1,1,1,-1,1,-1,1,-1,1,-1,1,1,-1,-1,1,1,1,-1,-1,-1,1,1,1,1,1,-1,-1,-1,1,1,1,1,-1,-1,-1,1,1,1,-1,-1,-1,1,1,1,1,1,-1,-1,-1,1,1,1,1,-1,-1,-1,1,1,-1,1,-1,-1,-1,1,1,1,1,-1,-1,1,1,1,1,-1,-1,1,1,-1,1,1,-1,-1,-1,1,1,1,1,1,-1,1,1,1,1,1,-1,-1,-1,1,-1,1,-1,-1,-1,-1,1,-1,1,1,-1,-1,-1,1,-1,1,1,-1,1,-1,1,1,1,1,-1,1,-1,1,-1,1,1,-1,-1,-1,1,1,-1,-1,-1,-1,-1,1,-1,1,-1,-1,-1,-1,-1,-1,-1,1,-1,-1,-1,1,-1,-1,1,-1,-1,-1,-1,-1,1,1,-1,-1,-1,-1,-1,1,-1,-1,-1,1,-1,-1,1,-1,1,-1,-1,-1,-1,-1,-1,-1,1,-1,-1,-1,1,1,1,-1,-1,1,1,-1,-1,-1,-1,1,-1,-1,1,1,1,-1,-1,-1,-1,1,-1,1,1,-1,1,-1,-1,1,1,-1,-1,-1,-1,-1,-1,1,1,-1,-1,1,-1,1,1,-1,-1,-1,1,-1,1,1,-1,-1,1,-1,-1,1,1,1,-1,1,-1,1,1,1,-1,-1,1,-1,-1,1,1,1,-1,1,-1,-1,1,1,-1,1,1,-1,-1,1,1,-1,1,1,-1,-1,1,1,-1,1,1,-1,-1,1,1,1,1,1,1,-1,-1,1,-1,1,1,-1,-1,1,-1,1,1,1,1,-1,-1,1,-1,1,1,1,-1,1,1,1,1,-1,1,-1,1,1,1,1,1,1,1,-1,1,1,1,1,-1,1,-1,1,1,1,1,1,-1,1,1,1,1,-1,-1,1,-1,1,1,-1,1,1,-1,-1,1,1,1,-1,1,1,-1,1,1,1,-1,-1,1,-1,1,1,1,-1,1,-1,-1,-1,1,1,-1,-1,1,-1,-1,1,1,1,-1,1,-1,-1,1,1,1,1,-1,-1,-1,1,1,-1,-1,1,1,-1,-1,1,-1,1,1,-1,1,1,-1,-1,1,-1,-1,-1,1,1,-1,1,1,-1,1,1,-1,-1,1,-1,1,-1,-1,-1,-1,1,-1,-1,1,1,-1,1,1,-1,1,1,1,1,-1,1,-1,1,1,1,-1,-1,1,-1,-1,1,1,-1,-1,1,-1,1,1,1,-1,-1,1,-1,1,1,1,1,-1,1,-1,-1,1,1,1,-1,-1,1,-1,1,1,1,-1,1,-1,-1,1,-2670.0,1,2000,445,0,False
756,1,1,-1,-1,1,1,-1,-1,1,1,1,-1,-1,1,1,1,-1,1,-1,-1,1,-1,1,1,1,-1,-1,-1,1,1,1,1,1,-1,-1,-1,1,1,1,1,-1,-1,-1,1,1,1,1,-1,1,1,1,1,-1,1,-1,-1,1,-1,1,1,-1,-1,-1,-1,1,1,1,1,-1,-1,-1,1,1,1,1,-1,-1,-1,1,1,1,-1,-1,-1,1,1,1,1,-1,-1,-1,1,1,1,1,-1,-1,1,1,-1,1,1,-1,-1,1,1,1,1,1,-1,-1,1,1,1,1,1,-1,-1,1,1,1,1,1,1,-1,1,1,1,-1,1,1,-1,1,1,1,1,1,1,-1,-1,1,1,1,1,1,-1,1,1,1,1,1,1,-1,-1,-1,1,1,1,1,-1,1,1,1,1,-1,1,-1,1,-1,1,1,1,-1,-1,1,1,1,1,1,-1,1,-1,-1,1,1,1,-1,1,1,1,1,-1,1,1,1,1,-1,1,-1,1,-1,1,1,-1,1,-1,1,1,-1,1,-1,1,-1,1,-1,1,1,-1,1,-1,1,1,1,1,-1,-1,1,1,-1,-1,1,-1,1,-1,1,1,-1,1,-1,1,-1,1,-1,1,1,-1,1,-1,1,1,-1,1,-1,1,1,1,-1,1,1,-1,-1,-1,1,-1,1,-1,1,-1,1,1,-1,1,-1,-1,-1,1,1,-1,1,-1,-1,-1,1,1,-1,-1,1,1,-1,-1,1,1,-1,1,1,-1,1,1,1,-1,-1,1,-1,1,1,-1,1,-1,1,1,-1,1,1,-1,-1,1,-1,-1,1,-1,1,-1,1,1,-1,1,1,1,-1,1,-1,-1,1,1,-1,-1,1,-1,1,1,1,1,-1,1,-1,1,1,1,-1,1,1,-1,-1,1,1,-1,-1,1,-1,1,1,1,1,1,1,-1,1,1,1,1,1,-1,-1,1,1,1,1,1,-1,-1,-1,1,1,1,1,-1,-1,1,-1,1,-1,1,1,-1,-1,1,1,1,1,1,-1,-1,1,1,1,1,-1,-1,-1,-1,-1,-1,1,1,-1,-1,1,1,-1,1,-1,-1,-1,1,1,1,1,-1,-1,1,1,1,-1,1,-1,-1,-1,-1,1,1,1,1,-1,-1,1,-1,1,1,-1,-1,1,-1,-1,1,-1,1,-1,-1,1,-1,1,1,-1,-1,1,1,-1,1,-1,1,-1,-1,1,-1,1,1,-1,-1,-1,1,-1,-1,1,1,-1,-1,1,-1,1,1,-1,1,-1,1,-1,1,1,1,-1,-1,1,-1,1,1,-1,-1,1,1,-1,1,-1,1,-1,1,-1,1,1,-1,1,-1,1,-1,-1,1,-1,-1,-1,1,-1,-1,1,-1,1,-1,1,-1,-1,1,-1,-1,1,-1,1,-1,-1,1,1,-1,1,1,-1,-1,1,1,-1,1,-1,-1,-1,1,1,1,1,1,-1,-1,1,1,-1,1,1,-1,-1,1,1,1,-1,1,1,-1,1,1,1,1,1,-1,1,-1,-1,-1,1,-1,-1,1,-1,1,-1,1,-1,1,-1,-1,-1,1,1,-1,1,1,-1,-1,-1,1,-1,1,1,-1,1,-1,1,-1,-1,-1,-1,-1,-1,1,-1,-1,-1,-1,-1,-1,1,-1,1,1,1,1,-1,1,-1,1,1,-1,-1,-1,1,-1,-1,1,-1,1,-1,-1,1,1,1,1,-1,-1,1,1,1,1,-1,1,-1,-1,1,1,1,-1,-1,-1,-1,1,1,1,-1,-1,-1,1,-1,1,-1,1,-1,-1,-1,1,1,1,-1,-1,-1,1,1,1,1,1,-1,-1,-1,1,1,1,1,-1,-1,-1,1,1,1,-1,-1,-1,1,1,1,1,1,-1,-1,-1,1,1,1,1,-1,-1,-1,1,1,-1,1,-1,-1,-1,1,1,1,1,-1,-1,1,1,1,1,-1,-1,1,1,-1,1,1,-1,-1,-1,1,1,1,1,1,-1,1,1,1,1,1,-1,-1,-1,1,-1,1,-1,-1,-1,-1,1,-1,1,1,1,-1,-1,1,-1,1,1,-1,-1,-1,1,1,1,1,-1,-1,1,-1,-1,1,1,-1,-1,-1,1,1,-1,-1,-1,-1,-1,1,-1,1,-1,-1,-1,-1,1,-1,-1,1,-1,-1,-1,1,-1,-1,1,-1,-1,-1,-1,-1,-1,1,-1,-1,-1,-1,-1,1,-1,-1,-1,1,-1,-1,1,-1,1,-1,-1,-1,-1,-1,-1,-1,1,-1,-1,-1,1,1,1,-1,-1,-1,1,-1,-1,-1,-1,1,-1,-1,1,1,1,-1,-1,-1,-1,1,-1,1,1,-1,1,-1,-1,1,1,-1,-1,-1,-1,-1,-1,1,1,-1,-1,1,-1,1,1,-1,-1,-1,1,-1,1,1,-1,-1,1,-1,-1,1,1,1,-1,1,-1,1,1,1,-1,-1,1,-1,-1,1,1,1,-1,1,-1,-1,1,1,-1,1,1,-1,-1,1,1,1,1,1,-1,-1,1,1,1,1,1,-1,-1,1,1,1,1,1,1,-1,1,1,1,1,1,-1,-1,1,-1,1,1,1,1,-1,-1,1,-1,1,1,1,-1,1,1,1,1,-1,1,-1,1,1,1,1,1,1,-1,-1,1,1,1,1,-1,1,-1,1,1,1,1,-1,1,-1,1,1,1,-1,-1,1,-1,1,1,-1,1,-1,-1,-1,1,1,1,-1,1,-1,-1,1,1,1,-1,-1,-1,-1,1,1,1,-1,1,-1,-1,-1,1,1,-1,1,-1,-1,1,1,1,-1,1,-1,1,-1,1,1,1,1,1,-1,-1,1,1,-1,-1,1,1,-1,1,1,-1,1,-1,-1,1,1,-1,-1,1,-1,-1,-1,1,1,-1,1,1,-1,1,1,-1,-1,-1,-1,1,-1,-1,-1,-1,1,-1,-1,1,1,-1,1,1,-1,1,1,1,1,-1,1,-1,1,1,1,1,-1,1,-1,-1,-1,1,1,-1,1,-1,1,1,1,1,-1,1,-1,1,1,-1,-1,-1,1,-1,-1,1,1,-1,-1,-1,1,-1,1,-1,1,-1,1,-1,-1,1,-2670.0,1,2000,445,0,False
757,1,1,-1,-1,1,-1,-1,-1,1,1,1,-1,1,1,1,1,-1,1,-1,-1,1,-1,1,1,1,-1,-1,-1,1,1,1,1,1,-1,-1,-1,1,1,1,1,-1,-1,-1,1,1,1,1,-1,1,1,1,1,-1,1,-1,-1,1,-1,1,1,1,-1,-1,-1,1,1,1,1,-1,1,-1,1,1,1,1,-1,-1,-1,1,1,1,-1,-1,-1,1,1,1,1,-1,1,-1,1,1,1,1,-1,-1,1,1,-1,1,1,-1,-1,1,1,1,1,1,-1,-1,1,1,-1,1,1,-1,-1,1,1,1,1,1,1,-1,1,1,1,-1,1,1,-1,1,1,1,1,1,1,-1,-1,1,1,1,1,1,-1,1,1,1,1,1,1,-1,-1,-1,1,1,1,1,-1,1,1,1,1,-1,1,-1,1,-1,1,1,1,-1,-1,1,1,1,1,1,-1,1,-1,-1,1,-1,1,-1,1,1,1,1,1,1,1,1,1,-1,1,-1,1,-1,1,1,-1,1,-1,1,1,-1,1,-1,1,-1,1,-1,1,1,-1,1,-1,1,1,1,1,-1,-1,1,1,-1,-1,1,-1,1,-1,-1,1,-1,1,-1,1,-1,1,-1,1,1,-1,-1,-1,1,1,-1,1,-1,1,1,1,-1,1,1,-1,1,-1,1,-1,1,-1,1,-1,1,1,-1,1,-1,-1,-1,1,1,-1,1,-1,-1,-1,1,1,-1,-1,1,1,-1,-1,1,1,-1,1,1,-1,1,1,1,1,-1,1,-1,1,1,-1,1,-1,1,1,-1,1,1,1,1,1,-1,-1,1,-1,-1,-1,1,1,-1,1,1,1,-1,1,-1,-1,1,1,1,1,1,-1,1,1,1,-1,1,1,-1,1,1,1,-1,1,1,-1,-1,1,1,1,-1,1,-1,1,1,1,-1,1,1,-1,1,1,1,-1,1,-1,-1,1,1,1,-1,1,-1,-1,-1,1,1,-1,1,-1,-1,1,-1,1,-1,1,1,-1,-1,1,1,1,-1,1,-1,-1,1,1,-1,1,-1,-1,-1,-1,-1,-1,1,1,-1,-1,1,1,-1,1,-1,-1,-1,1,1,1,1,-1,-1,1,1,1,-1,1,-1,-1,-1,-1,1,1,1,1,-1,-1,1,1,1,1,-1,-1,1,-1,-1,1,-1,1,-1,-1,1,-1,1,1,-1,-1,1,1,-1,1,-1,1,-1,-1,1,-1,1,1,-1,-1,-1,1,-1,-1,1,1,-1,-1,1,-1,1,1,-1,1,-1,1,-1,-1,1,1,-1,-1,1,-1,1,1,-1,-1,1,1,-1,1,-1,1,-1,1,-1,-1,1,-1,1,-1,1,-1,-1,1,-1,-1,-1,1,-1,-1,1,1,1,-1,1,-1,-1,1,-1,-1,1,-1,1,-1,1,-1,1,-1,1,1,-1,-1,-1,1,-1,1,-1,-1,1,-1,1,1,1,1,-1,-1,1,1,-1,1,1,-1,-1,1,1,1,-1,1,1,-1,1,1,1,1,1,1,1,-1,-1,-1,1,-1,-1,1,-1,1,-1,1,-1,1,-1,-1,-1,1,1,-1,1,1,-1,-1,-1,1,-1,1,1,-1,1,-1,1,-1,-1,-1,-1,-1,-1,1,-1,-1,-1,-1,-1,-1,1,-1,1,1,1,1,-1,1,-1,1,1,-1,-1,-1,1,-1,-1,1,-1,1,-1,-1,1,1,1,1,-1,-1,1,1,1,1,-1,1,-1,-1,1,1,1,-1,-1,-1,1,1,1,1,-1,1,-1,1,-1,1,-1,1,1,-1,-1,1,1,1,-1,-1,-1,-1,1,1,1,1,-1,-1,-1,1,1,1,1,-1,-1,-1,1,1,1,-1,-1,-1,1,1,1,1,1,-1,-1,-1,1,1,1,1,-1,-1,-1,1,1,-1,1,-1,-1,-1,1,1,1,1,-1,-1,1,1,1,1,-1,-1,1,1,-1,1,1,-1,-1,-1,1,1,1,1,1,-1,1,1,1,1,1,-1,-1,-1,1,-1,1,-1,-1,-1,-1,1,-1,1,1,-1,-1,-1,1,-1,1,1,-1,-1,-1,1,1,1,1,-1,-1,-1,1,-1,1,1,-1,-1,-1,1,1,-1,-1,-1,-1,-1,1,-1,1,-1,-1,-1,-1,-1,-1,-1,1,-1,-1,-1,1,-1,-1,1,-1,-1,-1,-1,-1,-1,1,-1,-1,-1,-1,-1,1,-1,-1,-1,1,-1,-1,1,-1,1,-1,-1,-1,-1,-1,-1,-1,1,-1,-1,-1,1,1,-1,-1,-1,1,1,-1,-1,-1,-1,1,-1,-1,1,1,1,-1,-1,-1,-1,1,-1,1,1,-1,1,-1,-1,1,1,-1,-1,-1,-1,-1,-1,1,1,-1,-1,1,-1,1,1,-1,-1,-1,1,-1,1,1,-1,-1,1,-1,-1,1,1,1,-1,1,-1,1,1,1,-1,-1,1,-1,-1,1,1,1,-1,1,-1,-1,1,1,-1,1,1,-1,-1,1,1,1,1,1,-1,-1,1,1,1,1,1,-1,-1,1,1,1,1,1,1,-1,-1,1,1,-1,1,-1,-1,1,-1,1,1,1,1,-1,-1,1,-1,1,1,1,-1,1,1,1,1,-1,1,-1,1,1,1,1,1,1,1,-1,1,1,1,1,-1,1,-1,1,1,1,1,1,-1,1,1,1,1,-1,1,1,-1,1,1,-1,1,1,-1,-1,1,1,1,1,-1,1,-1,1,1,1,-1,-1,1,-1,1,1,1,-1,1,-1,-1,-1,1,1,-1,-1,1,-1,-1,1,1,1,-1,1,-1,-1,1,1,1,-1,1,-1,-1,1,1,-1,-1,-1,1,-1,-1,1,-1,1,1,-1,1,1,-1,-1,1,-1,-1,-1,-1,1,-1,1,1,-1,1,1,-1,-1,-1,-1,1,-1,-1,-1,-1,1,-1,-1,1,1,-1,1,1,-1,1,1,1,1,-1,1,-1,1,1,1,1,-1,1,-1,-1,1,1,1,-1,1,-1,1,1,1,1,-1,1,-1,1,1,-1,-1,-1,1,-1,-1,1,1,-1,-1,-1,1,-1,1,-1,1,-1,1,-1,-1,1,-2670.0,1,2000,445,0,False
758,-1,-1,1,1,1,1,-1,1,-1,-1,-1,1,-1,1,-1,-1,1,-1,1,1,-1,1,-1,-1,-1,1,-1,-1,1,-1,-1,-1,1,1,-1,1,1,-1,-1,-1,1,-1,1,-1,-1,-1,1,1,-1,-1,-1,-1,1,1,1,-1,-1,1,-1,-1,1,1,1,1,-1,1,-1,1,1,-1,1,-1,-1,-1,1,-1,-1,1,-1,-1,-1,1,1,-1,-1,-1,-1,1,1,1,-1,-1,-1,1,-1,1,-1,1,-1,1,1,1,1,-1,1,-1,-1,1,1,1,-1,1,-1,-1,1,1,1,-1,1,-1,-1,1,1,1,-1,1,-1,-1,1,1,-1,-1,1,-1,-1,1,1,1,-1,-1,-1,-1,1,1,1,-1,1,-1,-1,-1,1,1,-1,-1,1,-1,-1,1,1,-1,1,-1,-1,-1,1,1,-1,1,1,-1,1,1,1,-1,1,-1,-1,1,1,-1,1,-1,1,-1,1,1,-1,1,1,-1,-1,-1,1,1,1,1,1,-1,1,1,-1,1,1,1,-1,-1,1,1,-1,1,1,-1,1,-1,1,1,1,1,-1,1,1,-1,-1,1,1,1,-1,1,-1,-1,1,1,1,-1,1,-1,-1,1,1,-1,-1,1,-1,1,1,1,1,-1,1,-1,-1,1,1,-1,1,1,-1,1,1,1,-1,-1,1,-1,1,-1,1,1,1,1,-1,1,-1,1,1,1,1,-1,1,-1,1,1,1,1,1,-1,1,1,1,1,1,1,-1,1,1,1,1,1,1,-1,-1,1,1,1,1,1,1,-1,1,1,1,1,-1,-1,-1,1,1,1,1,-1,1,-1,1,-1,1,1,1,1,-1,1,1,1,1,1,-1,-1,1,1,1,1,1,1,-1,1,1,1,1,1,-1,1,1,1,1,-1,1,-1,-1,1,1,1,1,1,1,1,1,1,1,1,1,1,1,-1,1,1,1,1,1,1,-1,1,1,1,1,1,1,-1,1,-1,-1,1,-1,1,1,-1,1,1,1,1,1,1,-1,1,-1,1,1,1,-1,-1,1,-1,-1,-1,1,1,1,1,-1,1,-1,1,-1,1,-1,1,1,1,1,-1,1,-1,1,1,-1,1,-1,-1,-1,-1,1,1,1,1,-1,-1,1,-1,1,1,-1,-1,1,-1,-1,1,-1,1,-1,-1,1,-1,-1,1,-1,-1,1,1,-1,1,-1,1,-1,-1,1,-1,1,1,-1,-1,-1,1,-1,-1,1,1,-1,-1,1,-1,1,1,-1,1,-1,1,-1,1,1,1,-1,-1,1,-1,1,1,-1,-1,1,1,-1,1,-1,1,-1,1,-1,1,1,-1,1,-1,1,-1,-1,1,-1,-1,-1,1,-1,-1,1,-1,1,-1,1,-1,-1,1,-1,-1,1,-1,1,-1,-1,1,1,-1,1,1,-1,-1,1,1,-1,1,-1,-1,-1,1,1,1,1,1,-1,-1,1,1,-1,1,1,-1,-1,1,1,1,-1,1,1,-1,1,1,1,1,1,1,1,-1,1,1,-1,1,-1,1,-1,-1,1,-1,-1,1,-1,-1,1,-1,-1,-1,1,1,-1,1,1,-1,-1,1,1,-1,-1,1,-1,-1,-1,-1,-1,1,1,-1,-1,-1,-1,-1,1,1,-1,-1,1,1,1,-1,1,-1,-1,1,1,-1,1,1,-1,-1,-1,1,-1,-1,1,1,-1,1,1,1,1,1,1,-1,-1,1,-1,1,1,1,-1,-1,1,-1,1,1,-1,-1,1,1,-1,1,1,-1,-1,1,-1,1,1,1,1,-1,1,1,-1,1,1,1,-1,1,1,1,1,1,1,-1,-1,1,1,1,1,1,-1,1,1,-1,1,1,1,-1,-1,1,1,1,1,1,-1,-1,1,1,1,1,1,-1,-1,-1,1,1,1,1,-1,-1,1,1,1,1,1,-1,-1,1,-1,1,-1,-1,1,-1,1,-1,1,1,-1,-1,-1,1,1,1,-1,1,-1,-1,1,-1,-1,1,-1,-1,1,-1,-1,1,-1,1,-1,-1,1,-1,1,-1,1,-1,-1,1,-1,1,-1,1,-1,-1,1,-1,1,-1,-1,-1,-1,1,-1,1,-1,1,-1,1,-1,-1,1,1,-1,-1,1,-1,-1,1,-1,1,-1,-1,1,-1,1,-1,1,-1,-1,1,-1,1,1,-1,-1,1,1,-1,1,-1,-1,-1,1,-1,-1,-1,1,-1,-1,1,-1,1,1,-1,-1,-1,-1,-1,-1,1,-1,-1,-1,1,1,-1,1,-1,1,-1,1,-1,-1,1,-1,-1,-1,1,1,1,1,-1,-1,-1,1,-1,1,1,-1,1,-1,-1,1,1,1,-1,-1,-1,-1,-1,1,-1,-1,-1,1,-1,1,1,-1,-1,-1,-1,-1,1,1,1,-1,-1,1,-1,1,1,-1,1,-1,-1,1,1,1,-1,-1,1,-1,-1,1,1,-1,-1,1,-1,-1,1,1,-1,1,-1,-1,-1,1,1,-1,-1,1,1,-1,1,1,-1,-1,1,1,-1,1,1,-1,1,1,-1,-1,1,1,-1,-1,1,-1,-1,1,-1,1,-1,1,1,-1,-1,1,-1,1,-1,1,-1,1,1,-1,1,-1,1,-1,1,1,-1,1,1,1,-1,-1,1,-1,1,1,-1,1,-1,1,-1,1,1,-1,1,-1,1,1,1,-1,-1,1,-1,1,1,-1,1,-1,-1,-1,1,-1,1,-1,1,-1,-1,1,-1,1,-1,-1,-1,-1,1,-1,1,-1,-1,-1,-1,-1,1,1,-1,1,-1,-1,1,-1,1,-1,1,-1,1,-1,-1,1,1,1,1,-1,-1,1,1,-1,-1,1,1,-1,1,1,-1,1,-1,-1,1,1,-1,-1,1,-1,-1,-1,-1,1,-1,1,1,-1,1,1,-1,-1,-1,-1,1,-1,-1,-1,-1,1,-1,-1,1,1,-1,1,1,-1,1,1,1,1,-1,1,-1,1,1,1,1,-1,1,-1,-1,-1,1,1,-1,1,-1,1,1,1,1,-1,1,-1,1,1,1,-1,-1,1,-1,-1,1,1,-1,-1,-1,1,-1,1,-1,1,-1,1,-1,-1,1,-2670.0,1,2000,445,0,False
759,1,1,-1,-1,1,-1,-1,-1,1,1,1,-1,1,1,-1,1,-1,1,-1,-1,-1,1,1,1,1,-1,-1,-1,1,1,1,1,1,-1,-1,-1,1,-1,1,1,-1,-1,1,1,1,1,1,-1,1,1,1,1,-1,1,-1,-1,1,-1,1,1,-1,-1,-1,1,1,1,1,1,-1,-1,1,1,1,1,1,-1,-1,-1,1,1,1,-1,-1,-1,1,1,1,1,-1,-1,1,1,1,1,1,-1,-1,-1,1,-1,1,1,-1,-1,1,1,1,1,1,-1,-1,-1,1,1,1,1,-1,-1,1,1,1,1,1,1,-1,-1,1,1,-1,1,1,-1,1,1,1,1,1,1,-1,1,1,1,1,1,1,-1,1,1,1,1,1,1,-1,-1,-1,1,1,1,1,-1,1,-1,1,1,-1,1,-1,1,-1,1,1,1,-1,-1,1,1,1,1,1,-1,1,-1,-1,1,-1,1,-1,1,1,1,1,1,1,1,1,1,-1,1,-1,1,-1,1,1,-1,1,-1,1,1,-1,1,-1,1,-1,1,-1,1,1,-1,1,-1,1,1,1,1,-1,-1,1,1,-1,-1,1,-1,1,-1,1,1,-1,1,-1,1,-1,1,-1,-1,1,-1,-1,-1,1,1,-1,1,-1,1,1,1,-1,1,1,-1,1,-1,1,-1,1,-1,1,-1,1,1,-1,1,-1,-1,-1,1,1,-1,1,-1,-1,-1,1,1,-1,-1,1,1,-1,-1,1,1,-1,1,1,-1,1,1,1,1,-1,1,-1,1,1,-1,1,-1,1,-1,1,1,1,1,1,1,-1,-1,1,-1,-1,-1,1,1,-1,1,1,1,-1,1,1,1,1,1,1,-1,1,-1,1,1,1,-1,-1,1,-1,1,1,1,-1,1,1,-1,-1,1,1,1,-1,1,-1,1,1,1,-1,1,1,-1,1,1,1,-1,1,1,-1,1,1,1,-1,1,1,-1,-1,1,1,-1,1,1,-1,1,-1,1,-1,1,1,1,-1,1,1,1,1,1,1,-1,1,1,-1,1,1,1,-1,-1,-1,-1,1,1,1,-1,1,1,-1,1,1,-1,-1,1,1,1,1,1,-1,1,1,1,-1,1,1,1,1,-1,1,1,1,-1,1,-1,1,1,1,1,1,1,-1,-1,-1,1,-1,-1,1,-1,1,-1,1,1,1,1,1,1,-1,1,-1,-1,1,-1,1,-1,1,1,-1,1,1,1,-1,-1,1,-1,1,1,-1,-1,1,1,1,-1,1,1,-1,-1,1,-1,1,1,-1,-1,1,1,1,1,-1,1,-1,1,-1,-1,1,-1,-1,-1,1,-1,1,1,-1,-1,-1,1,-1,1,1,1,-1,-1,1,-1,-1,1,-1,-1,-1,1,-1,1,1,-1,1,-1,1,1,-1,1,-1,-1,-1,-1,-1,-1,1,-1,-1,-1,1,-1,-1,1,-1,-1,-1,-1,1,-1,1,-1,-1,-1,-1,1,-1,-1,1,1,1,-1,1,-1,1,-1,1,-1,1,-1,-1,-1,1,-1,-1,1,1,-1,1,1,-1,1,1,1,-1,1,1,-1,-1,-1,1,1,-1,1,-1,-1,1,1,-1,-1,1,-1,-1,1,1,1,-1,1,-1,-1,1,1,-1,-1,1,-1,-1,-1,1,1,-1,1,1,-1,-1,1,-1,-1,1,-1,1,-1,1,1,-1,-1,1,-1,-1,-1,-1,-1,1,1,1,-1,-1,1,-1,-1,1,-1,-1,1,-1,-1,1,1,-1,-1,1,-1,-1,1,1,-1,1,-1,-1,-1,-1,1,1,-1,-1,-1,-1,-1,1,-1,-1,1,-1,-1,-1,1,1,-1,-1,-1,-1,-1,1,-1,-1,-1,-1,-1,1,1,1,-1,-1,-1,-1,-1,1,1,-1,-1,-1,-1,-1,1,1,1,-1,-1,-1,-1,1,1,-1,-1,-1,-1,1,1,1,1,1,-1,1,1,1,1,1,1,-1,-1,1,1,1,1,1,-1,1,1,1,1,-1,1,-1,-1,1,-1,1,-1,1,-1,-1,1,-1,1,1,1,-1,-1,1,-1,1,-1,1,1,-1,1,-1,1,1,1,1,-1,1,-1,1,1,1,-1,-1,1,1,-1,1,1,-1,-1,1,-1,1,-1,1,-1,-1,-1,-1,-1,1,1,-1,-1,1,-1,-1,1,1,-1,-1,-1,-1,1,-1,1,-1,-1,-1,-1,1,-1,-1,-1,1,-1,-1,1,-1,1,-1,-1,-1,-1,-1,-1,1,1,-1,-1,-1,1,1,1,-1,-1,-1,1,-1,-1,1,-1,1,-1,-1,1,1,1,-1,-1,-1,-1,1,-1,1,1,-1,1,-1,-1,1,1,-1,-1,-1,-1,-1,-1,1,1,-1,-1,1,-1,1,1,-1,-1,-1,1,-1,1,1,-1,-1,1,-1,-1,1,1,1,-1,1,-1,1,1,1,-1,-1,1,-1,-1,1,1,1,-1,1,-1,-1,1,1,-1,1,1,-1,-1,1,1,1,1,1,-1,-1,1,1,1,1,1,-1,-1,1,1,1,1,-1,1,-1,-1,1,1,-1,1,-1,-1,1,-1,1,1,1,1,-1,-1,1,-1,1,1,1,-1,1,1,1,1,-1,1,-1,1,1,1,1,1,1,1,-1,1,1,1,1,-1,1,-1,1,1,1,1,1,-1,1,1,1,1,-1,1,1,-1,1,1,-1,1,1,-1,-1,1,1,1,1,-1,1,-1,1,1,1,-1,-1,1,-1,1,1,1,-1,1,-1,-1,-1,1,1,-1,-1,1,-1,-1,1,1,-1,-1,1,-1,-1,1,1,1,-1,1,-1,-1,1,1,-1,-1,1,1,-1,-1,1,-1,1,1,-1,1,1,-1,-1,1,-1,-1,-1,1,1,-1,1,1,-1,1,1,-1,-1,1,-1,1,-1,-1,-1,-1,1,-1,-1,1,1,-1,1,1,-1,1,1,1,1,-1,1,-1,1,1,1,-1,-1,1,-1,-1,1,1,-1,-1,1,-1,1,1,1,-1,-1,1,-1,1,1,1,1,-1,1,-1,-1,1,1,1,-1,-1,1,-1,1,1,1,-1,1,-1,-1,1,-2670.0,1,2000,445,0,False
760,1,1,-1,-1,1,-1,-1,-1,1,1,1,-1,1,1,1,1,-1,1,-1,-1,-1,-1,1,1,1,-1,-1,-1,1,1,1,1,-1,-1,-1,-1,1,1,1,1,-1,-1,-1,1,1,1,1,-1,1,1,1,1,-1,1,-1,-1,1,-1,1,1,1,-1,-1,-1,1,1,1,1,-1,-1,-1,1,1,1,1,-1,-1,-1,1,1,1,-1,-1,-1,1,1,1,1,-1,1,-1,1,1,1,1,-1,-1,1,1,-1,1,1,-1,-1,1,1,1,1,1,-1,-1,1,1,-1,1,1,-1,-1,1,1,1,1,1,1,-1,1,1,1,-1,1,1,-1,1,1,1,1,1,1,-1,-1,1,1,1,1,1,-1,1,1,1,1,1,1,-1,-1,-1,1,1,1,1,-1,1,1,1,1,-1,1,-1,1,-1,1,1,1,-1,-1,1,1,1,1,1,-1,1,-1,-1,1,-1,1,-1,1,1,1,1,1,1,1,1,1,-1,1,-1,1,-1,1,1,-1,1,-1,1,1,-1,1,-1,1,-1,1,-1,1,1,-1,1,-1,1,1,1,1,-1,-1,1,1,-1,-1,1,-1,1,-1,-1,1,-1,1,-1,1,-1,1,-1,1,1,-1,-1,-1,1,1,-1,1,-1,1,1,1,-1,1,1,-1,1,-1,1,-1,1,-1,1,-1,1,1,-1,1,-1,-1,-1,1,1,-1,1,-1,-1,-1,1,1,-1,-1,1,1,-1,-1,1,1,-1,1,1,-1,1,1,1,1,-1,1,-1,1,1,-1,1,-1,1,-1,1,1,1,-1,-1,1,-1,-1,1,-1,-1,-1,1,1,-1,1,1,1,-1,1,1,1,1,1,1,1,1,-1,1,1,1,1,-1,1,-1,1,1,1,-1,1,1,-1,-1,1,1,1,-1,1,-1,1,1,1,-1,1,1,-1,1,1,1,-1,1,1,-1,1,1,1,1,1,1,-1,-1,1,1,-1,1,1,-1,1,-1,1,-1,1,1,1,-1,1,1,1,-1,1,1,-1,1,1,-1,1,1,1,-1,-1,-1,-1,1,1,1,-1,1,1,-1,1,1,-1,-1,1,1,1,1,1,-1,1,1,1,-1,1,1,1,1,-1,1,1,1,-1,1,-1,1,1,1,1,1,1,-1,-1,-1,1,-1,-1,1,-1,1,-1,1,-1,1,1,1,-1,-1,1,-1,-1,1,-1,1,-1,1,1,-1,1,1,1,-1,-1,1,-1,1,1,-1,-1,1,1,1,-1,1,-1,-1,-1,1,-1,1,1,-1,-1,1,1,1,1,-1,1,-1,1,-1,-1,1,-1,-1,-1,1,-1,1,1,-1,-1,-1,1,-1,1,1,1,-1,-1,1,-1,-1,1,-1,-1,-1,1,-1,1,1,1,-1,-1,1,-1,-1,1,-1,-1,-1,-1,-1,1,1,-1,-1,-1,1,-1,-1,1,-1,-1,-1,-1,1,-1,1,-1,-1,1,-1,1,-1,-1,1,1,1,-1,1,-1,1,-1,1,-1,1,-1,-1,-1,1,-1,-1,1,1,1,-1,1,-1,1,1,1,-1,1,1,-1,1,-1,1,-1,-1,1,-1,-1,1,1,1,-1,1,-1,-1,1,1,-1,-1,1,-1,-1,1,1,-1,-1,1,-1,-1,-1,1,1,-1,1,1,-1,-1,1,-1,-1,1,-1,1,-1,1,1,-1,-1,1,-1,-1,-1,-1,-1,1,1,1,-1,-1,1,-1,-1,1,-1,-1,1,-1,-1,1,1,-1,-1,1,1,-1,1,1,-1,1,-1,1,-1,-1,1,1,-1,-1,-1,-1,-1,1,-1,-1,1,-1,-1,-1,1,1,-1,-1,-1,-1,-1,1,-1,-1,-1,-1,-1,1,1,1,-1,-1,-1,-1,-1,1,1,-1,-1,-1,-1,-1,1,1,1,-1,-1,-1,-1,1,1,-1,-1,-1,-1,1,1,1,1,1,-1,1,1,1,1,1,1,-1,-1,1,1,1,1,-1,-1,1,1,1,1,-1,1,-1,-1,1,-1,1,-1,1,-1,-1,1,-1,1,1,1,-1,-1,1,-1,1,-1,1,-1,-1,1,-1,1,1,1,-1,-1,1,-1,1,1,1,-1,-1,1,1,-1,1,1,-1,-1,1,-1,1,-1,1,-1,-1,-1,-1,-1,1,1,-1,-1,1,-1,-1,1,1,-1,-1,-1,-1,1,-1,1,-1,-1,-1,-1,1,1,-1,-1,1,-1,-1,1,-1,1,-1,-1,-1,-1,-1,1,1,1,-1,-1,-1,1,1,1,-1,-1,1,1,-1,-1,1,-1,1,-1,-1,1,1,1,-1,-1,-1,-1,1,-1,1,1,-1,1,-1,-1,1,1,-1,-1,-1,-1,-1,-1,1,1,-1,-1,1,-1,1,1,-1,-1,-1,1,-1,1,1,-1,-1,1,-1,-1,1,1,1,-1,1,-1,1,1,1,-1,-1,1,-1,-1,1,1,1,-1,1,-1,-1,1,1,-1,1,1,-1,-1,1,1,-1,1,1,-1,-1,1,1,-1,1,1,-1,-1,1,1,1,1,1,1,-1,-1,1,1,-1,1,-1,-1,1,-1,1,1,1,1,-1,-1,1,-1,1,1,1,-1,1,1,1,1,-1,1,-1,1,1,1,1,1,1,1,-1,1,1,1,1,-1,1,-1,1,1,1,1,1,-1,1,1,1,1,-1,-1,1,-1,1,1,-1,1,1,-1,-1,1,1,1,-1,1,1,-1,1,1,1,-1,-1,1,-1,1,1,1,-1,1,-1,-1,-1,1,1,-1,-1,1,-1,-1,1,1,1,-1,1,-1,-1,1,1,1,1,-1,-1,-1,1,1,-1,-1,-1,1,-1,-1,1,-1,1,1,-1,1,1,-1,-1,1,1,-1,-1,-1,1,-1,1,1,-1,1,1,-1,-1,-1,-1,1,-1,-1,-1,-1,1,-1,-1,1,1,-1,1,1,-1,1,1,1,1,-1,1,-1,1,1,1,1,-1,1,-1,-1,1,1,1,-1,1,-1,1,1,1,1,-1,1,-1,1,1,1,-1,-1,1,-1,-1,1,1,-1,-1,-1,1,-1,1,-1,1,-1,1,-1,-1,1,-2670.0,1,2000,445,0,False
761,-1,-1,1,1,1,1,-1,1,-1,-1,-1,1,-1,1,-1,-1,1,-1,1,1,1,1,-1,-1,-1,1,-1,-1,1,-1,-1,-1,1,1,-1,-1,1,-1,-1,-1,1,-1,-1,-1,-1,-1,1,-1,1,1,-1,-1,1,-1,1,-1,1,-1,-1,-1,-1,1,1,1,-1,-1,-1,-1,-1,-1,1,-1,-1,-1,1,-1,1,-1,1,-1,-1,-1,-1,1,1,-1,-1,1,-1,1,-1,1,-1,-1,1,-1,-1,1,1,1,-1,1,-1,-1,1,1,-1,-1,1,-1,-1,1,1,-1,-1,1,-1,-1,1,1,-1,-1,1,1,-1,1,1,-1,1,1,1,-1,1,1,-1,1,1,1,-1,1,1,-1,1,1,1,-1,-1,1,1,-1,1,1,-1,1,-1,1,-1,1,1,-1,1,1,1,1,1,1,-1,1,1,-1,1,1,-1,-1,1,1,-1,-1,1,-1,1,-1,-1,1,1,1,-1,1,1,1,1,1,1,1,1,1,-1,1,1,1,-1,1,1,-1,1,1,1,1,-1,1,-1,-1,1,1,-1,1,1,-1,1,1,1,1,1,1,-1,-1,1,1,-1,-1,1,-1,1,1,-1,1,-1,1,-1,1,1,1,-1,1,1,-1,-1,1,-1,1,-1,1,-1,1,1,1,-1,1,1,-1,1,-1,1,-1,1,-1,1,-1,-1,1,-1,1,-1,-1,1,1,1,-1,1,-1,-1,-1,1,1,-1,-1,1,1,-1,1,1,1,-1,1,1,-1,-1,-1,1,1,-1,1,-1,-1,-1,1,-1,-1,1,1,-1,-1,1,1,1,1,-1,-1,-1,1,-1,-1,1,1,-1,-1,1,1,-1,1,-1,-1,-1,1,1,1,1,-1,-1,1,1,-1,1,1,-1,-1,1,1,-1,1,1,-1,1,-1,1,1,-1,1,-1,1,1,1,-1,1,1,-1,-1,1,1,-1,1,-1,-1,-1,1,1,-1,1,-1,-1,1,-1,1,-1,1,-1,-1,1,-1,1,-1,1,1,-1,1,-1,1,1,-1,1,-1,-1,1,1,-1,1,-1,-1,1,1,-1,-1,1,1,-1,1,-1,1,-1,1,-1,1,1,-1,1,1,1,-1,1,1,-1,1,-1,1,-1,-1,1,-1,1,1,1,1,-1,1,1,1,1,1,-1,-1,1,-1,-1,1,-1,1,-1,-1,1,-1,1,1,-1,-1,-1,1,-1,1,-1,1,-1,1,-1,-1,1,1,-1,-1,-1,1,-1,-1,1,1,-1,-1,1,-1,1,1,-1,1,-1,1,-1,-1,1,1,-1,-1,-1,-1,1,1,-1,1,-1,1,-1,1,-1,1,-1,-1,-1,1,1,-1,1,-1,-1,-1,-1,1,-1,-1,-1,-1,-1,-1,1,1,1,-1,1,-1,-1,1,-1,-1,1,-1,-1,-1,1,-1,1,-1,1,-1,-1,1,-1,1,-1,1,-1,-1,1,-1,1,1,1,-1,-1,-1,1,1,-1,1,-1,-1,1,1,1,1,-1,1,1,-1,1,1,1,1,1,-1,1,-1,-1,-1,1,-1,-1,1,-1,-1,1,1,-1,1,-1,-1,-1,1,1,-1,1,1,-1,-1,1,1,-1,1,1,-1,-1,-1,1,-1,-1,-1,-1,1,-1,1,-1,-1,-1,-1,-1,-1,1,-1,1,1,1,1,-1,1,-1,1,1,-1,1,-1,1,-1,-1,1,-1,1,-1,-1,1,1,1,1,1,1,-1,1,1,1,-1,1,-1,1,1,1,1,-1,-1,-1,1,1,1,1,-1,1,-1,1,-1,1,-1,1,1,-1,-1,1,1,1,-1,1,-1,-1,1,1,1,1,1,1,-1,1,1,1,1,1,1,-1,1,-1,1,-1,1,1,-1,1,1,1,1,1,1,-1,1,-1,1,1,1,1,-1,1,1,-1,1,1,1,1,1,1,1,1,1,1,-1,1,1,-1,-1,1,-1,-1,1,1,1,-1,1,-1,-1,1,-1,-1,1,1,-1,-1,1,-1,1,-1,1,1,-1,1,-1,1,-1,1,-1,-1,1,-1,1,1,1,-1,-1,1,-1,1,-1,1,1,-1,1,-1,1,-1,1,1,-1,1,1,1,1,1,-1,1,1,-1,1,1,1,1,-1,1,-1,1,-1,1,1,-1,1,1,-1,1,1,-1,1,1,1,-1,1,1,1,-1,1,-1,-1,1,1,-1,1,1,-1,1,-1,1,-1,-1,1,1,-1,1,1,-1,-1,1,1,-1,1,1,-1,-1,-1,1,1,1,1,-1,1,1,1,-1,1,1,-1,-1,1,-1,1,1,1,-1,-1,-1,1,-1,1,1,-1,1,-1,-1,1,1,1,-1,-1,-1,-1,-1,1,-1,-1,-1,1,-1,1,1,1,-1,-1,1,-1,1,1,1,-1,1,-1,-1,1,1,1,-1,1,-1,1,1,1,-1,-1,1,-1,-1,1,1,1,-1,1,-1,-1,1,1,1,1,1,-1,-1,1,1,1,1,1,-1,-1,1,1,-1,1,1,-1,-1,1,1,-1,1,1,1,-1,-1,1,1,-1,1,-1,-1,1,-1,-1,1,1,1,-1,-1,1,-1,1,1,1,-1,1,-1,-1,1,-1,1,-1,1,1,-1,1,1,1,1,-1,-1,1,1,1,-1,1,-1,1,1,1,1,1,-1,1,-1,1,1,-1,1,1,-1,-1,1,-1,1,1,-1,-1,1,-1,1,1,-1,1,-1,-1,-1,1,-1,-1,1,-1,1,-1,1,-1,1,-1,-1,-1,1,1,-1,-1,1,-1,-1,-1,1,-1,-1,1,-1,-1,-1,1,1,-1,1,-1,-1,1,1,-1,-1,-1,1,-1,1,-1,-1,1,1,-1,1,1,-1,-1,1,-1,-1,-1,-1,1,-1,1,1,-1,1,-1,1,-1,-1,-1,1,-1,-1,-1,-1,-1,-1,-1,1,1,-1,1,1,-1,1,1,-1,-1,-1,1,-1,1,1,1,1,-1,1,-1,-1,1,1,-1,-1,1,-1,1,1,1,-1,-1,1,-1,1,1,-1,-1,-1,1,-1,-1,1,1,-1,-1,-1,1,-1,1,-1,1,-1,1,-1,-1,1,-2670.0,1,2000,445,1500,True
762,1,1,-1,-1,1,-1,-1,-1,1,1,1,-1,1,1,1,1,-1,1,-1,-1,-1,-1,1,1,1,-1,-1,-1,1,1,1,1,-1,-1,-1,-1,1,1,1,1,-1,-1,-1,1,1,1,1,-1,1,1,1,1,-1,1,-1,-1,1,-1,1,1,1,-1,-1,-1,1,1,1,1,-1,-1,-1,1,1,1,1,-1,-1,-1,1,1,1,-1,-1,-1,1,1,1,1,-1,-1,-1,1,1,1,1,-1,-1,1,1,-1,1,1,-1,-1,1,1,1,1,1,-1,-1,1,1,-1,1,1,-1,-1,1,1,1,1,1,1,-1,-1,1,1,-1,1,1,-1,1,1,1,1,1,1,-1,-1,1,1,1,1,1,-1,1,1,1,1,1,1,-1,-1,-1,1,1,1,1,-1,1,1,1,1,-1,1,-1,1,1,1,1,1,-1,-1,1,1,1,1,1,-1,1,-1,-1,1,-1,1,-1,1,1,1,1,1,1,1,1,1,-1,1,-1,1,-1,1,1,-1,1,-1,1,1,-1,1,-1,1,-1,1,-1,1,1,-1,1,-1,1,1,1,1,-1,-1,1,1,-1,-1,1,-1,1,-1,-1,1,-1,1,-1,1,-1,1,-1,1,1,-1,-1,-1,1,1,-1,1,-1,1,1,1,-1,1,1,-1,-1,-1,1,-1,1,-1,1,-1,1,1,-1,1,-1,-1,-1,1,1,-1,1,-1,-1,-1,1,1,-1,-1,1,1,-1,-1,1,1,-1,1,1,-1,1,1,1,1,-1,1,-1,1,1,-1,1,-1,1,1,-1,1,1,1,1,1,-1,-1,1,-1,-1,1,1,1,-1,1,1,1,-1,1,-1,-1,1,1,1,-1,1,-1,1,1,1,-1,1,1,-1,1,1,1,-1,1,1,-1,-1,1,1,1,-1,1,-1,1,1,1,-1,1,1,-1,1,1,1,-1,1,-1,-1,1,1,1,-1,1,-1,-1,-1,1,1,-1,1,-1,-1,1,-1,1,-1,1,1,-1,-1,1,1,1,1,1,-1,-1,1,1,-1,1,-1,-1,-1,-1,-1,-1,1,-1,-1,-1,1,1,-1,1,-1,-1,-1,1,1,1,1,1,-1,1,1,1,-1,1,-1,-1,-1,-1,1,1,1,1,-1,-1,1,1,1,1,-1,-1,1,-1,-1,1,-1,1,-1,-1,1,-1,1,1,-1,-1,1,1,-1,1,-1,1,-1,-1,1,-1,1,1,-1,-1,-1,1,-1,-1,1,1,-1,-1,1,-1,1,1,-1,1,-1,1,-1,-1,1,1,-1,-1,1,-1,1,1,-1,-1,1,1,-1,1,-1,1,-1,1,-1,-1,1,-1,1,-1,1,-1,-1,1,-1,-1,-1,1,-1,-1,1,1,1,-1,1,-1,-1,1,-1,-1,1,-1,1,-1,1,1,1,-1,1,1,-1,-1,-1,1,-1,1,-1,-1,1,-1,1,1,1,1,-1,-1,1,1,-1,1,1,-1,-1,1,1,1,-1,1,1,-1,1,1,1,1,1,1,1,-1,-1,-1,1,-1,1,1,1,1,-1,1,-1,1,-1,-1,-1,1,1,-1,1,1,-1,-1,1,1,-1,1,1,-1,1,-1,1,-1,-1,-1,-1,-1,-1,1,-1,-1,-1,-1,-1,-1,1,-1,1,1,1,1,-1,1,-1,1,1,-1,-1,-1,1,-1,-1,1,-1,1,-1,-1,1,1,1,1,-1,-1,-1,1,1,1,-1,1,-1,1,1,1,1,-1,-1,-1,1,1,1,1,-1,1,-1,1,-1,1,-1,1,1,-1,-1,1,1,1,-1,-1,-1,1,1,1,1,1,-1,-1,-1,1,1,1,1,-1,-1,-1,1,1,1,-1,-1,-1,1,1,1,1,1,-1,-1,-1,1,1,1,1,-1,-1,-1,1,1,-1,1,-1,-1,-1,1,1,1,1,-1,-1,1,1,1,1,-1,-1,1,1,-1,1,1,-1,-1,-1,1,1,1,1,1,-1,1,1,1,1,1,-1,-1,-1,1,-1,1,-1,-1,-1,-1,1,-1,1,1,1,-1,-1,1,-1,1,1,-1,-1,-1,1,1,1,1,-1,-1,-1,1,-1,1,1,-1,-1,-1,1,1,-1,-1,-1,-1,-1,1,-1,1,-1,-1,-1,-1,-1,-1,-1,1,-1,-1,-1,1,-1,-1,1,-1,-1,-1,-1,-1,-1,1,-1,-1,-1,-1,-1,1,-1,-1,-1,1,-1,-1,1,-1,1,-1,-1,-1,-1,-1,-1,-1,1,-1,-1,-1,1,1,1,-1,-1,1,-1,-1,-1,-1,-1,1,-1,-1,1,1,1,-1,-1,-1,-1,1,-1,1,1,-1,1,-1,-1,1,1,-1,-1,-1,-1,-1,-1,1,1,-1,-1,1,-1,1,1,-1,-1,-1,1,-1,1,1,-1,-1,1,-1,-1,1,1,1,-1,1,-1,1,1,1,-1,-1,1,-1,-1,1,1,1,-1,1,-1,-1,1,1,-1,1,1,-1,-1,1,1,1,1,1,-1,-1,1,1,-1,1,1,-1,-1,1,1,1,1,1,1,-1,-1,1,1,-1,1,-1,-1,1,-1,1,1,1,1,-1,-1,1,-1,1,1,1,-1,1,1,1,1,-1,1,-1,1,1,1,1,1,1,1,-1,1,1,1,1,-1,1,-1,1,1,1,1,1,-1,1,1,1,1,-1,1,1,-1,1,1,-1,1,1,-1,-1,1,1,1,1,-1,1,-1,1,1,1,-1,-1,1,-1,1,1,1,-1,1,-1,-1,-1,1,1,-1,-1,1,-1,-1,1,1,-1,-1,1,-1,-1,1,1,1,-1,1,-1,-1,1,1,-1,-1,-1,1,-1,-1,1,-1,1,1,-1,1,1,-1,-1,1,-1,-1,-1,1,1,-1,1,1,-1,1,1,-1,-1,-1,-1,1,-1,-1,-1,-1,1,-1,-1,1,1,-1,1,1,-1,1,1,1,1,-1,1,-1,1,1,1,1,-1,1,-1,-1,1,1,1,-1,1,-1,1,1,1,1,-1,1,-1,1,1,1,-1,-1,1,-1,-1,1,1,-1,-1,-1,1,-1,1,1,1,-1,1,-1,-1,1,-2670.0,1,2000,445,0,False
763,1,1,-1,-1,1,-1,-1,-1,1,1,1,-1,1,1,1,1,-1,1,-1,-1,1,-1,1,1,1,-1,-1,-1,1,1,1,1,-1,-1,-1,-1,1,1,1,1,-1,-1,-1,1,1,1,1,-1,1,1,1,1,-1,1,-1,-1,1,-1,1,1,1,-1,-1,-1,1,1,1,1,-1,1,-1,1,1,1,1,-1,-1,-1,1,1,1,-1,-1,-1,1,1,1,1,-1,1,-1,1,1,1,1,-1,-1,1,1,-1,1,1,-1,-1,1,1,1,1,1,-1,-1,1,1,-1,1,1,-1,-1,1,1,1,1,1,1,-1,1,1,1,-1,1,1,-1,1,1,1,1,1,1,-1,-1,1,1,1,1,1,-1,1,1,1,1,1,1,-1,-1,-1,1,1,1,1,-1,1,1,1,1,-1,1,-1,1,-1,1,1,1,-1,-1,1,1,1,1,1,-1,1,-1,-1,1,-1,1,-1,1,1,1,1,1,1,1,1,1,-1,1,-1,1,-1,1,1,-1,1,-1,1,1,-1,1,-1,1,-1,1,-1,1,1,-1,1,-1,1,1,1,1,-1,-1,1,1,-1,-1,1,-1,1,-1,-1,1,-1,1,-1,1,-1,1,-1,-1,1,-1,-1,-1,1,1,-1,1,-1,1,1,1,-1,1,1,-1,-1,-1,1,-1,1,-1,1,-1,1,1,-1,1,-1,-1,-1,1,1,-1,1,-1,-1,-1,1,1,-1,-1,1,1,-1,-1,1,1,-1,1,1,-1,1,1,1,1,-1,1,-1,1,1,-1,1,-1,1,1,-1,1,1,1,1,1,-1,-1,1,-1,-1,1,1,1,-1,1,1,1,-1,1,-1,-1,1,1,1,1,1,-1,1,1,1,-1,-1,1,-1,1,1,1,-1,1,1,-1,-1,1,1,1,-1,1,-1,1,1,1,-1,1,1,-1,1,1,1,-1,1,-1,-1,1,1,1,-1,1,-1,-1,-1,1,1,-1,1,-1,-1,1,-1,1,-1,1,1,-1,-1,1,1,1,-1,1,-1,-1,1,1,-1,1,-1,-1,-1,-1,-1,-1,1,1,-1,-1,1,1,-1,1,-1,1,-1,1,1,1,1,-1,-1,1,1,1,-1,1,-1,-1,-1,-1,1,1,1,1,-1,-1,1,-1,1,1,-1,-1,1,-1,-1,1,-1,1,-1,-1,1,-1,1,1,-1,-1,1,1,-1,1,-1,1,-1,-1,1,-1,1,1,-1,-1,-1,1,-1,-1,1,1,-1,-1,1,-1,1,1,-1,1,-1,1,-1,-1,1,1,-1,-1,1,-1,1,1,-1,-1,1,1,-1,1,-1,1,-1,1,-1,1,1,-1,1,-1,1,-1,-1,1,-1,-1,-1,1,-1,-1,1,-1,1,-1,1,-1,-1,1,-1,-1,1,-1,1,-1,1,-1,1,-1,1,1,-1,1,-1,1,-1,1,-1,-1,1,-1,1,1,1,1,-1,-1,1,1,-1,1,1,-1,1,1,1,1,-1,1,1,-1,1,1,1,1,1,1,1,-1,-1,-1,1,-1,1,1,-1,1,-1,1,-1,1,-1,-1,-1,1,1,-1,1,1,-1,-1,-1,1,-1,1,1,-1,1,-1,1,-1,-1,-1,-1,-1,-1,1,-1,-1,-1,-1,-1,-1,1,-1,1,1,1,1,-1,1,-1,1,1,-1,-1,-1,1,-1,-1,1,-1,1,-1,-1,1,1,1,1,-1,-1,1,1,1,1,-1,1,-1,-1,1,1,1,-1,-1,-1,1,1,1,1,-1,1,-1,1,-1,1,-1,1,1,-1,-1,1,1,1,-1,-1,-1,1,1,1,1,1,-1,-1,-1,1,1,1,1,-1,-1,-1,1,-1,1,-1,-1,-1,1,1,1,1,1,-1,-1,-1,1,1,1,1,-1,-1,-1,1,1,-1,1,-1,-1,-1,1,1,1,1,-1,-1,1,1,1,1,-1,-1,1,1,-1,1,1,-1,-1,-1,1,1,1,1,1,-1,1,1,1,1,1,-1,-1,-1,1,-1,1,-1,-1,-1,-1,1,-1,1,1,1,-1,-1,1,-1,1,1,-1,-1,-1,1,1,1,1,-1,-1,-1,1,-1,1,1,-1,-1,-1,1,1,-1,-1,-1,-1,-1,1,-1,1,-1,-1,-1,-1,-1,-1,-1,1,-1,-1,-1,1,-1,-1,1,-1,-1,-1,-1,-1,1,1,-1,-1,-1,-1,-1,1,-1,-1,-1,1,-1,-1,1,-1,1,-1,-1,-1,-1,-1,-1,-1,1,-1,-1,-1,1,1,-1,-1,-1,1,-1,-1,-1,-1,-1,1,-1,-1,1,1,1,-1,-1,-1,-1,1,-1,1,1,-1,1,-1,-1,1,1,-1,-1,-1,-1,-1,-1,1,1,-1,-1,1,-1,1,1,-1,-1,-1,1,-1,1,1,-1,-1,1,-1,-1,1,1,1,-1,1,-1,1,1,1,-1,-1,1,-1,-1,1,-1,1,-1,1,-1,-1,1,1,-1,1,1,-1,-1,1,1,-1,1,1,-1,-1,1,1,-1,1,1,-1,-1,1,1,1,1,-1,1,-1,1,1,1,-1,1,-1,-1,1,-1,1,1,1,1,-1,-1,1,-1,1,1,1,-1,1,-1,1,1,-1,1,-1,1,1,1,1,1,1,1,-1,-1,1,1,1,-1,1,-1,1,1,1,1,1,-1,1,-1,1,1,-1,1,1,-1,-1,1,-1,1,1,-1,-1,1,1,1,1,-1,1,-1,-1,1,1,-1,-1,1,-1,1,1,1,-1,1,-1,-1,-1,1,1,-1,-1,1,-1,-1,1,1,-1,-1,1,-1,-1,1,1,1,-1,1,-1,-1,1,1,-1,-1,-1,1,-1,-1,1,-1,1,1,-1,1,1,-1,-1,1,-1,-1,-1,-1,1,-1,1,1,-1,1,1,-1,-1,-1,-1,1,-1,-1,-1,-1,1,-1,-1,1,1,-1,1,1,-1,1,1,1,1,-1,1,-1,1,1,1,1,-1,1,-1,-1,1,1,1,-1,1,-1,1,1,1,1,-1,1,-1,1,1,-1,-1,-1,1,-1,-1,1,1,-1,-1,-1,1,-1,1,-1,1,-1,1,-1,-1,1,-2670.0,1,2000,445,0,False
764,1,1,-1,-1,1,1,-1,-1,1,1,1,-1,1,1,1,1,-1,1,-1,-1,-1,-1,1,1,1,-1,1,-1,1,1,1,1,-1,-1,-1,-1,1,1,1,1,-1,-1,-1,1,1,1,1,-1,1,1,1,1,-1,1,-1,-1,1,-1,1,1,1,-1,-1,-1,1,1,1,1,-1,-1,-1,1,1,1,1,-1,-1,-1,1,1,1,-1,-1,-1,1,1,1,1,-1,-1,1,1,1,1,1,-1,-1,-1,1,-1,1,1,-1,-1,1,1,1,1,1,-1,-1,-1,1,1,1,1,-1,-1,1,1,1,1,1,1,-1,-1,1,1,-1,1,1,-1,1,1,1,1,1,1,-1,1,1,1,1,1,1,-1,1,1,1,1,1,1,-1,-1,-1,1,1,1,1,-1,1,1,1,1,-1,1,-1,1,-1,1,1,1,-1,-1,1,1,1,1,1,-1,1,-1,-1,1,-1,1,-1,1,1,1,1,1,1,1,1,1,-1,1,-1,1,-1,1,1,-1,1,-1,1,1,-1,1,-1,1,-1,1,-1,1,1,-1,1,-1,1,1,1,1,-1,-1,1,1,-1,-1,1,-1,1,-1,-1,1,-1,1,-1,1,-1,1,-1,-1,1,-1,-1,-1,1,1,-1,1,-1,1,1,1,-1,1,1,-1,1,-1,1,-1,1,-1,1,-1,1,1,-1,1,-1,-1,-1,1,1,-1,1,-1,-1,-1,1,1,-1,-1,1,1,-1,-1,1,1,-1,1,1,-1,1,1,1,1,-1,1,-1,1,1,-1,1,-1,1,1,1,1,1,1,1,1,-1,-1,1,-1,-1,-1,1,1,-1,1,1,1,-1,1,1,1,1,1,1,1,1,-1,1,1,1,-1,1,1,-1,1,1,1,-1,1,1,-1,-1,1,1,1,-1,1,-1,1,1,1,-1,1,1,-1,1,1,1,-1,1,1,-1,1,1,1,-1,1,1,-1,-1,1,1,-1,1,1,-1,1,-1,1,-1,1,1,1,-1,1,1,1,1,1,1,-1,1,1,-1,1,1,1,-1,-1,-1,-1,1,1,1,-1,1,1,-1,1,1,-1,-1,1,1,1,1,1,-1,1,1,1,-1,1,1,1,1,-1,1,1,1,-1,1,-1,1,1,1,1,1,1,-1,-1,-1,1,-1,-1,1,1,-1,1,1,1,1,1,1,1,-1,1,-1,-1,1,-1,1,-1,1,1,1,1,1,1,-1,-1,1,-1,1,1,1,-1,1,1,1,-1,1,1,-1,-1,1,-1,1,1,1,-1,1,1,1,1,1,1,-1,1,-1,-1,1,1,-1,-1,1,-1,1,1,1,-1,-1,1,-1,1,1,1,-1,-1,1,-1,-1,1,1,-1,-1,1,-1,1,1,1,1,-1,1,-1,-1,1,1,1,-1,-1,-1,-1,1,1,-1,-1,1,-1,-1,1,-1,1,-1,-1,1,-1,1,-1,1,-1,-1,1,-1,-1,1,1,1,-1,1,-1,1,-1,-1,1,1,-1,-1,-1,1,-1,-1,-1,1,1,-1,1,-1,1,1,1,-1,1,1,-1,-1,-1,1,-1,-1,1,-1,-1,1,1,1,-1,1,-1,-1,1,1,-1,-1,1,-1,-1,1,1,-1,-1,1,-1,-1,-1,1,1,-1,1,1,-1,-1,1,-1,-1,1,-1,1,-1,1,1,-1,-1,1,-1,-1,-1,-1,-1,1,1,1,-1,-1,1,-1,-1,1,-1,-1,1,-1,-1,1,1,-1,-1,1,-1,-1,1,1,-1,1,-1,-1,-1,-1,1,1,-1,-1,-1,-1,-1,1,-1,-1,1,-1,-1,-1,1,1,-1,-1,-1,-1,-1,1,-1,-1,-1,-1,-1,1,1,1,-1,-1,-1,-1,-1,1,1,-1,-1,-1,-1,-1,1,1,1,-1,-1,-1,-1,1,1,-1,-1,-1,-1,1,1,1,1,-1,-1,1,1,1,1,1,-1,-1,-1,1,1,1,1,1,-1,1,1,1,1,-1,1,-1,-1,1,-1,1,-1,1,-1,-1,1,-1,1,-1,-1,-1,-1,1,-1,1,-1,1,-1,-1,1,-1,1,-1,1,-1,-1,1,-1,1,-1,-1,-1,-1,1,1,-1,-1,-1,-1,-1,1,-1,1,-1,-1,-1,-1,-1,-1,-1,1,-1,-1,-1,1,-1,-1,1,-1,-1,-1,-1,-1,1,1,-1,-1,-1,-1,-1,1,-1,-1,-1,1,-1,-1,1,-1,1,-1,-1,-1,-1,-1,-1,-1,1,-1,-1,-1,1,1,1,-1,-1,1,1,-1,-1,-1,-1,1,-1,-1,1,-1,1,-1,-1,-1,-1,1,-1,1,1,-1,1,-1,-1,1,1,-1,-1,-1,-1,-1,-1,1,1,-1,-1,1,-1,1,1,-1,-1,-1,1,-1,-1,1,-1,-1,1,-1,-1,1,1,1,-1,1,-1,1,1,1,-1,-1,1,-1,-1,1,1,1,-1,1,-1,-1,1,1,-1,1,1,-1,-1,1,1,-1,1,1,-1,-1,1,1,-1,1,1,-1,-1,1,1,1,1,-1,1,-1,-1,1,1,1,1,-1,-1,1,-1,1,1,1,1,-1,-1,1,-1,1,1,1,-1,1,1,1,1,-1,1,-1,1,1,1,1,1,1,1,-1,1,1,1,1,-1,1,-1,1,1,1,1,1,-1,1,1,1,1,-1,1,1,-1,1,1,-1,1,1,-1,-1,1,1,1,1,-1,1,-1,1,1,1,-1,-1,1,-1,1,1,1,-1,1,-1,-1,-1,1,1,-1,-1,1,-1,-1,1,1,-1,-1,1,-1,-1,-1,1,1,-1,1,-1,-1,1,1,-1,-1,-1,1,-1,-1,1,-1,1,1,-1,1,1,-1,-1,1,-1,-1,-1,1,1,-1,1,1,-1,1,1,-1,-1,-1,-1,1,-1,-1,-1,-1,1,-1,-1,1,1,-1,1,1,-1,1,1,1,1,-1,1,-1,1,1,1,-1,-1,1,-1,-1,1,1,-1,-1,1,-1,1,1,1,-1,-1,1,-1,1,1,1,1,-1,1,-1,-1,1,1,1,-1,-1,1,-1,1,-1,1,-1,1,-1,-1,1,-2670.0,1,2000,445,0,False
765,1,1,-1,-1,1,-1,1,-1,1,1,1,-1,1,1,1,1,-1,1,1,-1,1,-1,1,1,1,1,-1,-1,1,1,1,1,-1,-1,-1,-1,1,1,1,1,-1,-1,-1,1,1,1,1,-1,1,1,1,1,-1,1,-1,-1,1,-1,1,1,1,-1,-1,-1,1,1,1,1,-1,1,-1,1,1,1,1,-1,-1,-1,1,1,1,-1,-1,-1,1,1,1,1,-1,1,-1,1,1,1,1,-1,-1,1,1,-1,1,1,-1,-1,1,1,1,1,1,-1,-1,1,1,1,1,1,-1,-1,1,1,1,1,1,1,-1,1,1,1,-1,1,1,-1,1,1,1,1,1,1,-1,-1,1,1,1,1,1,-1,1,1,1,1,1,1,-1,-1,-1,1,1,1,1,-1,1,1,1,1,-1,1,-1,1,-1,1,1,1,-1,-1,1,1,1,1,1,-1,1,-1,-1,1,-1,1,-1,1,1,1,1,1,1,1,1,1,-1,1,-1,1,-1,1,1,-1,1,-1,1,1,-1,1,-1,1,-1,1,-1,1,1,-1,1,-1,1,1,1,1,-1,-1,1,1,-1,-1,1,-1,1,-1,1,1,-1,1,-1,1,-1,1,-1,1,1,-1,-1,-1,1,1,-1,1,-1,1,1,1,-1,1,1,-1,1,-1,1,-1,1,-1,1,-1,1,1,-1,1,-1,-1,-1,1,1,-1,1,-1,-1,-1,1,1,-1,-1,1,1,-1,-1,1,1,-1,1,1,-1,1,1,1,1,-1,1,-1,1,1,-1,1,-1,1,-1,1,1,1,1,1,1,-1,-1,1,-1,-1,1,1,1,-1,1,1,1,-1,1,1,1,1,1,1,1,1,-1,1,1,1,-1,1,1,-1,1,1,1,-1,1,1,-1,-1,1,1,1,-1,1,-1,1,1,1,-1,1,1,-1,1,1,1,-1,1,1,-1,1,1,1,-1,1,1,-1,-1,1,1,-1,1,1,-1,1,-1,1,-1,1,1,1,-1,1,1,1,1,1,1,-1,1,1,-1,1,1,1,-1,-1,-1,-1,1,1,1,-1,1,1,-1,1,1,-1,-1,1,1,1,1,1,-1,1,1,1,-1,1,1,1,1,-1,1,1,1,-1,1,-1,1,1,1,1,1,1,-1,-1,-1,1,-1,-1,1,-1,1,-1,1,1,1,1,1,-1,-1,1,-1,-1,1,-1,1,-1,1,1,1,1,1,1,-1,-1,1,-1,1,1,-1,-1,1,1,1,-1,1,-1,-1,-1,1,-1,1,1,-1,-1,1,1,1,1,-1,1,-1,1,-1,-1,1,-1,1,-1,1,-1,1,1,-1,-1,-1,1,-1,1,1,1,-1,-1,1,1,-1,1,-1,-1,-1,1,-1,1,1,1,-1,-1,1,-1,-1,1,-1,-1,-1,-1,-1,-1,1,-1,-1,-1,1,-1,-1,1,-1,-1,-1,-1,1,-1,1,-1,-1,1,-1,1,-1,-1,1,1,1,-1,1,-1,1,1,1,1,1,-1,-1,-1,1,-1,-1,-1,1,1,-1,1,-1,1,1,1,-1,1,1,-1,1,-1,1,-1,-1,1,-1,-1,1,1,1,-1,1,-1,-1,1,1,-1,-1,1,-1,-1,1,1,-1,-1,1,-1,-1,-1,1,1,-1,1,1,-1,-1,1,-1,-1,1,-1,1,-1,1,1,-1,-1,1,-1,-1,-1,-1,-1,1,1,1,-1,-1,1,-1,-1,1,-1,-1,1,-1,-1,1,1,-1,-1,1,-1,-1,1,1,-1,1,-1,1,-1,-1,1,1,-1,-1,-1,-1,-1,1,-1,-1,1,-1,-1,-1,1,1,-1,-1,-1,-1,-1,1,-1,-1,-1,-1,-1,1,1,1,-1,-1,-1,-1,-1,1,1,-1,-1,-1,-1,-1,1,1,1,-1,-1,-1,-1,1,1,-1,-1,-1,-1,1,1,1,1,1,-1,1,1,1,1,1,1,-1,-1,1,1,1,-1,-1,-1,1,1,1,1,-1,1,-1,-1,1,-1,1,-1,1,-1,-1,1,-1,1,-1,1,-1,-1,1,-1,1,-1,1,-1,-1,1,-1,1,1,1,-1,-1,1,-1,1,1,1,-1,-1,1,1,-1,1,1,-1,-1,1,-1,1,-1,1,-1,-1,-1,-1,-1,1,1,-1,-1,1,-1,-1,1,1,-1,-1,-1,-1,1,-1,1,-1,-1,-1,-1,1,1,-1,-1,1,-1,-1,1,-1,1,-1,-1,-1,-1,-1,1,1,1,-1,-1,-1,1,1,1,-1,-1,-1,1,-1,-1,1,-1,1,-1,-1,1,1,1,-1,-1,-1,-1,1,-1,1,1,-1,1,-1,-1,1,1,-1,-1,-1,-1,-1,-1,1,1,-1,-1,1,-1,1,1,-1,-1,-1,1,-1,1,1,-1,-1,1,-1,-1,1,1,1,-1,1,-1,1,1,1,-1,-1,1,-1,-1,1,1,1,-1,1,-1,-1,1,1,-1,1,1,-1,-1,1,1,-1,1,1,-1,-1,1,1,-1,1,1,-1,-1,1,1,1,1,1,1,-1,-1,1,-1,1,1,-1,-1,1,-1,1,1,1,1,-1,-1,1,-1,1,1,1,-1,1,1,1,1,-1,1,-1,1,1,1,1,1,1,1,-1,1,1,1,1,-1,1,-1,1,1,1,1,1,-1,1,1,1,1,-1,1,1,-1,1,1,-1,1,1,-1,-1,1,1,1,1,-1,1,-1,1,1,1,-1,-1,1,-1,1,1,1,-1,1,-1,-1,-1,1,1,-1,-1,1,-1,-1,1,1,-1,-1,1,-1,-1,1,1,1,-1,1,-1,-1,1,1,-1,-1,-1,1,-1,-1,1,-1,1,1,-1,1,1,-1,-1,1,-1,-1,-1,-1,1,-1,1,1,-1,1,1,-1,-1,-1,-1,1,-1,-1,-1,-1,1,-1,-1,1,1,-1,1,1,-1,1,1,1,1,-1,1,-1,1,1,1,1,-1,1,-1,-1,1,1,1,-1,1,-1,1,1,1,1,-1,1,-1,1,1,-1,-1,-1,1,-1,-1,1,1,-1,-1,-1,1,-1,1,-1,1,-1,1,-1,-1,1,-2670.0,1,2000,445,1000,False
766,1,1,-1,-1,1,-1,-1,-1,1,1,1,-1,1,1,1,1,-1,1,-1,-1,-1,-1,1,1,1,-1,1,-1,1,1,1,1,-1,-1,-1,-1,1,-1,1,1,-1,-1,-1,1,1,1,1,-1,1,1,1,1,-1,1,-1,-1,1,-1,1,1,1,-1,-1,-1,1,1,1,1,-1,1,-1,1,1,1,1,-1,-1,-1,1,1,1,-1,-1,-1,1,1,1,1,-1,1,-1,1,1,1,1,-1,-1,1,1,-1,1,1,-1,-1,1,1,1,1,1,-1,-1,1,1,1,1,1,-1,-1,1,1,1,1,1,1,-1,1,1,1,-1,1,1,-1,1,1,1,1,1,1,-1,-1,1,1,1,1,1,-1,1,1,1,1,1,1,-1,-1,-1,1,1,1,1,-1,1,1,1,1,-1,1,-1,1,-1,1,1,1,-1,-1,1,1,1,1,1,-1,1,-1,-1,1,-1,1,-1,1,1,1,1,1,1,1,1,1,-1,1,-1,1,-1,1,1,-1,1,-1,1,1,-1,1,-1,1,-1,1,-1,1,1,-1,1,-1,1,1,1,1,-1,-1,1,1,-1,-1,1,-1,1,-1,1,1,-1,1,-1,1,-1,1,-1,1,1,-1,-1,-1,1,1,-1,1,-1,1,1,1,-1,1,1,-1,-1,-1,1,-1,1,-1,1,-1,1,1,-1,1,-1,-1,-1,1,1,-1,1,-1,-1,-1,1,1,-1,-1,1,1,-1,-1,1,1,-1,1,1,-1,1,1,1,1,-1,1,-1,1,1,-1,1,-1,1,1,1,1,1,1,1,1,-1,-1,1,-1,-1,-1,1,1,-1,1,1,1,-1,1,1,1,1,1,1,-1,1,-1,1,1,1,-1,1,1,-1,1,1,1,-1,1,1,-1,-1,1,1,1,-1,1,-1,1,1,1,-1,1,1,-1,1,1,1,-1,1,1,-1,1,1,1,-1,1,1,-1,-1,1,1,-1,1,1,-1,1,-1,1,-1,1,1,1,-1,1,1,1,1,1,1,-1,1,1,-1,1,-1,1,-1,-1,-1,-1,1,1,1,-1,1,1,-1,1,1,-1,-1,1,1,1,1,1,-1,1,1,1,-1,1,1,1,1,-1,1,1,1,-1,1,-1,1,-1,1,1,1,1,-1,-1,-1,1,-1,-1,1,-1,1,-1,1,1,1,1,1,-1,-1,1,-1,-1,1,-1,1,-1,1,1,-1,1,1,1,-1,-1,1,-1,1,1,-1,-1,1,1,1,-1,1,-1,-1,-1,1,-1,1,1,-1,-1,1,1,1,1,-1,1,-1,1,-1,-1,1,-1,-1,1,1,-1,1,1,-1,-1,-1,1,-1,1,1,1,-1,-1,1,-1,-1,1,-1,-1,-1,1,-1,1,1,1,-1,-1,1,-1,-1,1,-1,-1,-1,1,-1,-1,1,-1,-1,-1,1,-1,-1,1,-1,-1,-1,-1,1,-1,1,-1,-1,-1,1,1,-1,-1,1,1,1,-1,1,-1,1,1,1,1,1,-1,-1,-1,1,-1,-1,1,1,1,-1,1,-1,1,1,1,-1,1,1,-1,1,-1,1,-1,-1,1,-1,-1,1,1,1,-1,1,-1,-1,1,1,-1,-1,1,-1,-1,1,1,-1,-1,1,-1,-1,-1,1,1,-1,1,-1,-1,-1,1,-1,-1,1,-1,1,-1,1,1,-1,-1,1,-1,-1,-1,-1,-1,1,1,1,-1,-1,1,-1,-1,1,-1,-1,1,-1,-1,1,1,-1,-1,1,-1,-1,1,1,-1,1,-1,1,-1,-1,1,1,-1,-1,-1,-1,1,1,-1,-1,1,-1,-1,-1,1,1,-1,-1,-1,-1,-1,1,-1,-1,-1,-1,-1,1,1,1,-1,-1,-1,-1,-1,1,1,-1,-1,-1,-1,-1,1,1,1,-1,-1,-1,-1,1,1,-1,-1,-1,-1,1,1,1,1,1,-1,1,1,1,1,1,1,-1,-1,1,1,1,-1,-1,-1,1,1,1,1,-1,1,-1,-1,1,-1,1,-1,1,-1,-1,1,-1,1,-1,1,-1,-1,1,-1,1,-1,1,1,-1,1,-1,1,1,1,1,-1,1,-1,1,1,1,-1,-1,1,1,-1,1,1,-1,-1,1,-1,1,-1,1,-1,-1,-1,-1,-1,1,1,-1,-1,1,-1,-1,1,1,-1,-1,-1,-1,1,-1,1,-1,-1,-1,-1,-1,1,-1,-1,1,-1,-1,1,-1,1,-1,-1,-1,-1,-1,1,1,1,-1,-1,-1,1,1,1,-1,-1,-1,1,-1,-1,1,-1,1,-1,-1,1,1,1,-1,-1,-1,-1,1,-1,1,1,-1,1,-1,-1,1,1,-1,-1,-1,-1,-1,-1,1,1,-1,-1,1,-1,1,1,-1,-1,-1,1,-1,1,1,-1,-1,1,-1,-1,1,1,1,-1,1,-1,1,1,1,-1,-1,1,-1,-1,1,1,1,-1,1,-1,-1,1,1,-1,1,1,-1,-1,1,1,-1,1,1,-1,-1,1,1,-1,1,1,-1,-1,1,1,1,1,1,1,-1,1,1,1,-1,1,-1,-1,1,-1,1,1,1,1,-1,-1,1,-1,1,1,1,-1,1,-1,1,1,-1,1,-1,1,1,1,1,1,1,1,-1,-1,1,1,1,-1,1,-1,1,1,1,1,1,-1,1,-1,1,1,-1,1,1,-1,1,1,-1,1,1,-1,-1,1,1,1,1,-1,1,-1,-1,1,1,-1,-1,1,-1,1,1,1,-1,1,-1,-1,-1,1,1,-1,-1,1,-1,-1,1,1,-1,-1,1,-1,-1,1,1,1,-1,1,-1,-1,1,1,-1,-1,-1,1,-1,-1,1,-1,1,1,-1,1,1,-1,-1,1,-1,-1,-1,-1,1,-1,1,1,-1,1,1,-1,-1,-1,-1,1,-1,-1,-1,-1,1,-1,-1,1,1,-1,1,1,-1,1,1,1,1,-1,1,-1,1,1,1,1,-1,1,-1,-1,1,1,1,-1,1,-1,1,1,1,1,-1,1,-1,1,1,1,-1,-1,1,-1,-1,1,1,-1,-1,-1,1,-1,1,1,1,-1,1,-1,-1,1,-2670.0,1,2000,445,0,False
767,1,1,-1,-1,1,1,-1,-1,1,1,1,-1,-1,1,1,1,-1,1,-1,-1,1,-1,1,1,1,-1,-1,-1,1,1,1,1,-1,-1,-1,-1,1,-1,1,1,-1,-1,-1,1,1,1,1,-1,1,1,1,1,-1,1,-1,-1,1,-1,1,1,1,-1,-1,-1,1,1,1,1,-1,-1,-1,1,1,1,1,-1,-1,-1,1,1,1,-1,-1,-1,1,1,1,1,-1,-1,-1,1,1,1,1,-1,-1,1,1,-1,1,1,-1,-1,1,1,1,1,1,-1,-1,1,1,-1,1,1,-1,-1,1,1,1,1,1,1,-1,-1,1,1,-1,1,1,-1,1,1,1,1,1,1,-1,-1,1,1,1,1,1,-1,1,1,1,1,1,1,-1,-1,-1,1,1,1,1,-1,1,1,1,1,-1,1,-1,1,-1,1,1,1,-1,-1,1,1,1,1,1,-1,1,-1,-1,1,-1,1,-1,1,1,1,1,1,1,1,1,1,1,1,-1,1,-1,1,1,-1,1,-1,1,1,-1,1,-1,1,-1,1,-1,1,1,-1,-1,-1,1,1,1,1,-1,-1,1,1,-1,-1,1,-1,1,-1,-1,1,-1,1,-1,1,-1,1,-1,1,1,-1,-1,-1,1,1,-1,1,-1,1,1,1,-1,1,1,-1,1,-1,1,-1,1,-1,1,-1,1,1,-1,1,-1,-1,-1,1,1,-1,1,-1,-1,-1,1,1,-1,-1,1,1,-1,-1,1,1,-1,1,1,-1,1,1,1,1,-1,1,-1,1,1,-1,1,-1,1,1,-1,1,1,1,1,1,-1,-1,1,-1,-1,-1,1,1,-1,1,1,1,-1,1,-1,-1,1,1,1,1,1,-1,1,1,1,-1,1,1,-1,1,1,1,-1,1,1,-1,-1,1,1,1,-1,1,-1,1,1,1,-1,1,1,-1,1,1,1,-1,1,-1,-1,1,1,1,-1,1,-1,-1,-1,1,1,-1,1,-1,-1,1,-1,1,-1,1,1,-1,-1,1,1,1,1,1,-1,-1,1,1,-1,1,-1,-1,-1,-1,-1,-1,1,-1,-1,-1,1,1,-1,1,-1,-1,-1,1,1,1,1,1,-1,1,1,1,-1,1,-1,-1,-1,-1,1,1,1,1,-1,-1,1,1,1,1,-1,-1,1,-1,-1,1,-1,1,-1,-1,1,-1,1,1,-1,-1,1,1,-1,1,-1,1,-1,-1,1,-1,1,1,-1,-1,-1,1,-1,-1,1,1,-1,-1,1,-1,1,1,-1,1,-1,1,-1,-1,1,1,-1,-1,1,-1,1,1,-1,-1,1,1,-1,1,-1,1,-1,1,-1,-1,1,-1,1,-1,1,-1,-1,1,-1,-1,-1,1,-1,-1,1,-1,1,-1,1,-1,-1,1,-1,-1,1,-1,1,-1,1,-1,1,-1,1,1,-1,-1,-1,1,-1,1,-1,-1,1,-1,1,1,1,1,-1,-1,1,1,-1,1,1,1,-1,1,1,1,-1,1,1,-1,1,1,1,1,1,-1,1,-1,-1,-1,1,-1,1,1,-1,1,-1,1,-1,1,-1,-1,-1,1,1,-1,1,1,-1,-1,-1,1,-1,1,1,-1,1,-1,1,-1,-1,-1,-1,-1,-1,1,-1,-1,-1,-1,-1,-1,1,-1,1,1,1,1,-1,1,-1,1,1,-1,-1,-1,1,-1,-1,1,-1,1,-1,-1,1,1,1,1,-1,-1,1,1,1,1,-1,1,-1,-1,1,1,1,-1,-1,-1,1,1,1,1,-1,1,-1,1,-1,1,-1,1,1,-1,-1,1,1,1,-1,-1,-1,-1,1,1,1,1,-1,-1,-1,1,1,1,1,-1,-1,-1,1,1,1,-1,-1,-1,-1,1,1,1,1,-1,-1,1,1,1,1,1,-1,-1,-1,1,1,-1,1,-1,-1,-1,1,1,1,1,-1,-1,1,1,1,1,-1,-1,1,1,-1,1,1,-1,-1,-1,1,1,1,1,1,-1,1,1,1,1,1,-1,-1,-1,1,-1,1,-1,-1,-1,-1,1,-1,1,1,-1,-1,-1,1,-1,1,1,-1,1,-1,1,1,1,1,-1,1,-1,1,-1,1,1,-1,-1,-1,1,1,-1,-1,-1,-1,-1,1,-1,1,-1,-1,-1,-1,-1,-1,-1,1,-1,-1,-1,1,-1,-1,1,-1,-1,-1,-1,-1,1,1,-1,-1,-1,-1,-1,1,-1,-1,-1,1,-1,-1,1,-1,1,-1,-1,-1,-1,-1,-1,-1,1,-1,-1,-1,1,1,-1,-1,-1,1,-1,-1,-1,-1,-1,1,-1,-1,1,1,1,-1,-1,-1,-1,1,-1,1,1,-1,1,-1,-1,1,1,-1,-1,-1,-1,-1,-1,1,1,-1,-1,1,-1,1,1,-1,-1,-1,1,-1,1,1,-1,-1,1,-1,-1,1,1,1,-1,1,-1,1,1,1,-1,-1,1,-1,-1,1,1,1,-1,1,-1,-1,1,1,-1,1,1,-1,-1,1,1,-1,1,1,-1,-1,1,1,-1,1,1,-1,-1,1,1,1,1,1,1,-1,-1,1,1,1,1,-1,-1,1,-1,1,1,1,1,-1,-1,1,-1,1,1,1,-1,1,1,1,1,-1,1,-1,1,1,1,1,1,1,1,-1,1,1,1,1,-1,1,-1,1,1,1,1,1,-1,1,1,1,1,-1,1,1,-1,1,1,-1,1,1,-1,-1,1,1,1,1,-1,1,-1,1,1,1,-1,-1,1,-1,1,1,1,-1,1,-1,-1,-1,1,1,-1,-1,1,-1,-1,1,1,-1,-1,1,-1,-1,1,1,1,-1,1,-1,-1,1,1,-1,-1,-1,1,-1,1,1,-1,1,1,-1,1,1,-1,-1,1,-1,-1,-1,1,1,-1,1,1,-1,1,1,-1,-1,-1,-1,1,-1,-1,-1,-1,-1,-1,-1,1,1,-1,1,1,-1,1,1,1,1,-1,1,-1,1,1,1,1,-1,1,-1,-1,1,1,1,-1,1,-1,1,1,1,1,-1,1,-1,1,1,-1,-1,-1,1,-1,-1,1,1,-1,-1,-1,1,-1,1,-1,1,-1,1,-1,-1,1,-2670.0,1,2000,445,1000,False
768,1,1,-1,-1,1,-1,-1,-1,1,1,1,-1,1,1,1,1,-1,1,-1,-1,1,-1,1,1,1,-1,1,-1,1,1,1,1,-1,-1,-1,-1,1,-1,1,1,-1,-1,-1,1,1,1,1,-1,1,1,1,1,-1,1,-1,-1,1,-1,1,1,1,-1,-1,-1,1,1,1,1,-1,-1,-1,1,1,1,1,-1,-1,-1,1,1,1,-1,-1,-1,1,1,1,1,-1,1,-1,1,1,1,1,-1,-1,1,1,-1,1,1,-1,-1,1,1,1,1,1,-1,-1,1,1,1,1,1,-1,-1,1,1,1,1,1,1,-1,1,1,1,-1,1,1,-1,1,1,1,1,1,1,-1,-1,1,1,1,1,1,-1,1,1,1,1,1,1,-1,-1,-1,1,1,1,1,-1,1,1,1,1,-1,1,-1,1,-1,1,1,1,-1,-1,1,1,1,1,1,-1,1,-1,-1,1,-1,1,-1,1,1,1,1,1,1,1,1,1,-1,1,-1,1,-1,1,1,-1,1,-1,1,1,-1,1,-1,1,-1,1,-1,1,1,-1,1,-1,1,1,1,1,-1,-1,1,1,-1,-1,1,-1,1,-1,-1,1,-1,1,-1,1,-1,1,-1,1,1,-1,-1,-1,1,1,-1,1,-1,1,1,1,-1,1,1,-1,1,-1,1,-1,1,-1,1,-1,1,1,-1,1,-1,-1,-1,1,1,-1,1,-1,-1,-1,1,1,-1,-1,1,1,-1,-1,1,1,-1,1,1,-1,1,1,1,1,-1,1,-1,1,1,-1,1,-1,1,1,-1,1,1,1,1,1,-1,-1,1,-1,-1,-1,1,1,-1,1,1,1,-1,1,-1,-1,1,1,1,1,1,-1,1,1,1,-1,1,1,-1,1,1,1,-1,1,1,-1,-1,1,1,1,-1,1,-1,1,1,1,-1,1,1,-1,1,1,1,-1,1,-1,-1,1,1,1,-1,1,-1,-1,-1,1,1,-1,1,-1,-1,1,-1,1,-1,1,1,-1,-1,1,1,1,-1,1,-1,-1,1,1,-1,1,-1,-1,-1,-1,-1,-1,1,1,-1,-1,1,1,-1,1,-1,-1,-1,1,1,1,1,1,-1,1,1,1,-1,1,-1,-1,-1,-1,1,1,1,1,-1,-1,1,1,1,1,-1,-1,1,-1,-1,1,-1,1,-1,-1,1,-1,1,-1,-1,-1,1,1,-1,1,-1,1,-1,-1,1,-1,1,1,-1,-1,-1,1,-1,-1,1,1,-1,-1,1,-1,1,1,-1,1,-1,1,-1,-1,1,1,-1,-1,1,-1,1,1,-1,-1,1,1,-1,1,-1,1,-1,1,-1,-1,1,-1,1,-1,1,-1,-1,1,-1,-1,-1,1,-1,-1,1,-1,1,-1,1,-1,-1,1,-1,-1,1,-1,1,-1,1,-1,1,-1,1,1,-1,-1,-1,1,-1,1,-1,-1,1,-1,1,1,1,1,-1,-1,1,1,-1,1,1,1,-1,1,1,1,-1,1,1,-1,1,1,1,1,1,-1,1,-1,-1,-1,1,-1,-1,1,-1,1,-1,1,-1,1,-1,-1,-1,1,1,-1,1,1,-1,-1,-1,1,-1,1,1,-1,1,-1,1,-1,-1,-1,-1,-1,-1,1,-1,-1,-1,-1,-1,-1,1,-1,1,1,1,1,-1,1,-1,1,1,-1,-1,-1,1,-1,-1,1,-1,1,-1,-1,1,1,1,1,-1,-1,1,1,1,1,-1,1,-1,-1,1,1,1,-1,-1,-1,1,1,1,1,-1,-1,-1,1,-1,1,-1,1,-1,-1,-1,1,1,1,-1,-1,-1,-1,1,1,1,1,-1,-1,-1,1,1,1,1,-1,-1,-1,1,1,1,-1,-1,-1,1,1,1,1,1,-1,-1,-1,1,1,1,1,-1,-1,-1,1,1,-1,1,-1,-1,-1,1,1,1,1,-1,-1,1,1,1,1,-1,-1,1,1,-1,1,1,-1,-1,-1,1,1,1,1,1,-1,1,1,1,1,1,-1,-1,-1,1,-1,1,-1,-1,-1,-1,1,-1,1,1,-1,-1,-1,1,-1,1,1,-1,1,-1,1,1,1,1,-1,1,-1,1,-1,1,1,-1,-1,-1,1,1,-1,-1,-1,-1,-1,1,-1,1,-1,-1,-1,-1,-1,-1,-1,1,-1,-1,-1,1,-1,-1,1,-1,-1,-1,-1,-1,1,1,-1,-1,-1,-1,-1,1,-1,-1,-1,1,-1,-1,1,-1,1,-1,-1,-1,-1,-1,-1,-1,1,-1,-1,-1,1,1,1,-1,-1,1,1,-1,-1,-1,-1,1,-1,-1,1,1,1,-1,-1,-1,-1,1,-1,1,1,-1,1,-1,-1,1,1,-1,-1,-1,-1,-1,-1,1,1,-1,-1,1,-1,1,1,-1,-1,-1,1,-1,1,1,-1,-1,1,-1,-1,1,1,1,-1,1,-1,1,1,1,-1,-1,1,-1,-1,1,1,1,-1,1,-1,-1,1,1,-1,1,1,-1,-1,1,1,-1,1,1,-1,-1,1,1,-1,1,1,-1,-1,1,1,1,1,1,1,-1,-1,1,1,-1,1,-1,-1,1,-1,1,1,1,1,-1,-1,1,-1,1,1,1,-1,1,1,1,1,-1,1,-1,1,1,1,1,1,1,1,-1,1,1,1,1,-1,1,-1,1,1,1,1,1,-1,1,1,1,1,-1,1,1,-1,1,1,-1,1,1,-1,-1,1,1,1,1,-1,1,-1,1,1,1,-1,-1,1,-1,1,1,1,-1,1,-1,-1,-1,1,1,-1,-1,1,-1,-1,1,1,-1,-1,1,-1,-1,1,1,1,-1,-1,-1,-1,1,1,-1,-1,-1,1,-1,-1,1,-1,1,1,-1,1,1,-1,-1,1,1,-1,-1,-1,1,-1,1,1,-1,1,1,-1,-1,-1,-1,1,-1,-1,-1,-1,1,-1,-1,1,1,-1,1,1,-1,1,1,1,1,-1,1,-1,1,1,1,1,-1,1,-1,-1,1,1,1,-1,1,-1,1,1,1,1,-1,1,-1,1,1,-1,-1,-1,1,-1,-1,1,1,-1,-1,-1,1,-1,1,-1,1,-1,1,-1,-1,1,-2670.0,1,2000,445,1000,False
769,1,1,-1,-1,1,1,-1,-1,1,1,1,-1,1,1,1,1,-1,1,-1,-1,-1,-1,1,1,1,-1,-1,-1,1,1,1,1,1,-1,-1,-1,1,1,1,1,-1,-1,-1,1,1,1,1,-1,1,1,1,1,-1,1,-1,-1,1,-1,1,1,1,-1,-1,-1,1,1,1,1,-1,-1,-1,1,1,1,1,-1,-1,-1,1,1,1,-1,-1,-1,1,1,1,1,-1,-1,-1,1,1,1,1,-1,-1,1,1,-1,1,1,-1,-1,1,1,1,1,1,-1,-1,-1,1,1,1,1,-1,-1,1,1,1,1,1,1,-1,-1,1,1,-1,1,1,-1,1,1,1,1,1,1,-1,1,1,1,1,1,1,-1,1,1,1,1,1,1,-1,-1,-1,1,1,1,1,-1,1,1,1,1,-1,1,-1,1,-1,1,1,1,-1,-1,1,1,1,1,1,-1,1,-1,-1,1,-1,1,-1,1,1,1,1,1,1,1,1,1,-1,1,-1,1,-1,1,1,-1,1,-1,1,1,-1,1,-1,1,-1,1,-1,1,1,-1,1,-1,1,1,1,1,-1,-1,1,1,-1,-1,1,-1,1,-1,1,1,-1,1,-1,1,-1,1,-1,1,1,-1,-1,-1,1,1,-1,1,-1,1,1,1,-1,1,-1,-1,1,-1,1,-1,1,1,1,-1,1,1,-1,1,-1,-1,-1,1,1,-1,1,-1,-1,-1,1,1,-1,-1,1,1,-1,-1,1,1,-1,1,1,-1,1,1,1,1,-1,1,-1,1,1,-1,1,-1,1,1,-1,1,1,1,1,1,-1,-1,1,-1,-1,-1,1,1,-1,1,1,1,-1,1,-1,-1,1,1,1,1,1,-1,1,1,1,-1,1,1,-1,1,1,1,-1,1,1,-1,-1,1,1,1,-1,1,-1,1,1,1,-1,1,1,-1,1,1,1,-1,1,-1,-1,1,1,1,-1,1,-1,-1,-1,1,1,-1,1,-1,-1,1,-1,1,-1,1,1,-1,-1,1,1,1,1,1,-1,-1,1,1,-1,1,-1,-1,-1,-1,-1,-1,1,1,-1,-1,1,1,-1,1,-1,1,-1,1,1,1,1,-1,-1,1,1,1,-1,1,-1,-1,-1,-1,1,1,1,1,-1,-1,1,-1,1,1,-1,-1,1,-1,-1,1,-1,1,-1,-1,1,-1,1,1,-1,-1,1,1,-1,1,-1,1,-1,-1,1,-1,1,1,-1,-1,-1,1,-1,-1,1,1,-1,-1,1,-1,1,1,-1,1,-1,1,-1,-1,1,1,-1,-1,1,-1,1,1,-1,-1,1,1,-1,1,-1,1,-1,1,-1,1,1,-1,1,-1,1,-1,-1,1,-1,-1,-1,1,-1,-1,1,1,1,-1,1,-1,-1,1,-1,-1,1,-1,1,-1,1,-1,1,-1,1,1,-1,1,-1,1,-1,1,-1,-1,1,-1,1,1,1,1,-1,-1,1,1,-1,1,1,-1,1,1,1,1,-1,1,1,-1,1,1,1,1,1,1,1,-1,-1,-1,1,-1,-1,1,1,1,-1,1,-1,1,-1,-1,-1,1,1,-1,1,1,-1,-1,-1,1,-1,1,1,-1,1,-1,1,-1,-1,-1,-1,-1,-1,1,-1,-1,-1,-1,-1,-1,1,-1,1,1,1,1,-1,1,-1,1,1,-1,-1,-1,1,-1,-1,1,-1,1,-1,-1,1,1,1,1,-1,-1,1,1,1,1,-1,1,-1,-1,1,1,1,-1,-1,-1,1,1,1,1,-1,-1,-1,1,-1,1,-1,1,-1,-1,-1,1,1,1,-1,-1,-1,-1,1,1,1,1,-1,-1,-1,1,1,1,1,-1,-1,-1,1,-1,1,-1,-1,-1,1,1,1,1,1,-1,-1,-1,1,1,1,1,-1,-1,-1,1,1,-1,1,-1,-1,-1,1,1,1,1,-1,-1,1,1,1,1,-1,-1,1,1,-1,1,1,-1,-1,-1,1,1,1,1,1,-1,1,1,1,1,1,-1,-1,-1,1,-1,1,-1,-1,-1,-1,1,-1,1,1,-1,-1,-1,1,-1,1,1,-1,-1,-1,1,1,1,1,-1,-1,-1,1,-1,1,1,-1,-1,-1,1,1,-1,-1,-1,-1,-1,1,-1,1,-1,-1,-1,-1,-1,-1,-1,1,-1,-1,-1,1,-1,-1,1,-1,-1,-1,-1,-1,1,1,-1,-1,-1,-1,-1,1,-1,-1,-1,1,-1,-1,1,-1,1,-1,-1,-1,-1,-1,-1,-1,1,-1,-1,-1,1,1,1,-1,-1,-1,1,-1,-1,-1,-1,1,-1,-1,1,1,1,-1,-1,-1,-1,1,-1,1,1,-1,1,-1,-1,1,1,-1,-1,-1,-1,-1,-1,1,1,-1,-1,1,-1,1,1,-1,-1,-1,1,-1,1,1,-1,-1,1,-1,-1,1,1,1,-1,1,-1,1,1,1,-1,-1,1,-1,-1,1,1,1,-1,1,-1,-1,1,1,-1,1,1,-1,-1,1,1,1,1,1,-1,-1,1,1,1,1,1,-1,-1,1,1,1,1,1,1,-1,1,1,1,1,1,-1,-1,1,-1,1,1,1,1,-1,-1,1,-1,1,1,1,-1,1,-1,1,1,-1,1,-1,1,1,1,1,1,1,1,-1,-1,1,1,1,-1,1,-1,1,1,1,1,1,-1,1,-1,1,1,-1,1,1,-1,-1,1,-1,1,1,-1,-1,1,1,1,1,-1,1,-1,-1,1,1,-1,-1,1,-1,1,1,1,-1,1,-1,-1,-1,1,1,-1,-1,1,-1,-1,1,1,-1,-1,1,-1,-1,1,1,1,-1,1,-1,-1,1,1,-1,-1,-1,1,-1,1,1,-1,1,1,-1,1,1,-1,-1,1,-1,-1,-1,1,1,-1,1,1,-1,1,1,-1,-1,-1,-1,1,-1,-1,-1,-1,-1,-1,-1,1,1,-1,1,1,-1,1,1,1,1,-1,1,-1,1,1,1,-1,-1,1,-1,-1,1,1,-1,1,1,-1,1,1,1,-1,-1,1,-1,1,1,1,1,-1,1,-1,-1,1,1,-1,-1,1,1,-1,1,1,1,-1,1,-1,-1,1,-2670.0,1,2000,445,1000,False
770,1,1,-1,-1,1,1,-1,-1,1,1,1,-1,1,1,1,1,-1,1,-1,-1,-1,-1,1,1,1,-1,-1,-1,1,1,1,1,-1,-1,-1,-1,1,-1,1,1,-1,-1,-1,1,1,1,1,-1,1,1,1,1,-1,1,-1,-1,1,-1,1,1,1,-1,-1,-1,1,1,1,1,-1,-1,-1,1,1,1,1,-1,-1,-1,1,1,1,-1,-1,-1,1,1,1,1,-1,-1,-1,1,1,1,1,-1,-1,1,1,-1,1,1,-1,-1,1,1,1,1,1,-1,-1,-1,1,1,1,1,-1,-1,1,1,1,1,1,1,-1,-1,1,1,-1,1,1,-1,1,1,1,1,1,1,-1,1,1,1,1,1,1,-1,1,1,1,1,1,1,-1,-1,-1,1,1,1,1,-1,1,1,1,1,-1,1,-1,1,-1,1,1,1,-1,-1,1,1,1,1,1,-1,1,-1,-1,1,-1,1,-1,1,1,1,1,1,1,1,1,1,-1,1,-1,1,-1,1,1,-1,1,-1,1,1,-1,1,-1,1,-1,1,-1,1,1,-1,1,-1,1,1,1,1,-1,-1,1,1,-1,-1,1,-1,1,-1,1,1,-1,1,-1,1,-1,1,-1,1,1,-1,-1,-1,1,1,-1,1,-1,1,1,1,-1,1,1,-1,1,-1,1,-1,1,-1,1,-1,1,1,-1,1,-1,-1,-1,1,1,-1,1,-1,-1,-1,1,1,-1,-1,1,1,-1,-1,1,1,-1,1,1,-1,1,1,1,1,-1,1,-1,1,1,-1,1,-1,1,-1,1,1,1,1,1,1,-1,-1,1,-1,-1,1,1,1,-1,1,1,1,-1,1,1,1,1,1,1,1,1,-1,1,1,1,-1,-1,1,-1,1,1,1,-1,1,1,-1,-1,1,1,1,-1,1,-1,1,1,1,-1,1,1,-1,1,1,1,-1,1,1,-1,1,1,1,-1,1,1,1,-1,1,1,-1,1,1,-1,1,-1,1,-1,1,1,1,-1,1,1,1,-1,1,1,-1,1,1,-1,1,1,1,-1,-1,-1,-1,1,1,1,-1,1,1,-1,1,1,-1,-1,1,1,1,1,1,-1,1,1,1,-1,1,1,1,1,-1,1,1,1,-1,1,-1,1,1,1,1,1,1,-1,-1,-1,1,-1,-1,1,-1,1,-1,1,1,1,1,1,-1,-1,1,-1,-1,1,-1,1,-1,1,1,1,1,1,1,-1,-1,1,-1,1,1,-1,-1,1,1,1,-1,1,-1,-1,-1,1,-1,1,1,-1,-1,1,1,1,1,-1,1,-1,1,-1,-1,1,-1,-1,-1,1,-1,1,1,-1,-1,-1,1,-1,1,1,1,-1,-1,1,-1,-1,1,-1,-1,-1,1,-1,1,1,1,-1,-1,1,-1,-1,1,-1,-1,-1,-1,-1,-1,1,-1,-1,-1,1,-1,-1,1,-1,-1,-1,-1,1,-1,1,-1,-1,-1,-1,1,-1,-1,1,1,1,-1,1,-1,1,-1,1,1,1,-1,-1,-1,1,-1,-1,1,1,1,-1,1,-1,1,1,1,-1,1,1,-1,-1,-1,1,-1,-1,1,-1,-1,1,1,1,-1,1,-1,-1,1,1,-1,-1,1,-1,-1,1,1,-1,-1,1,-1,-1,-1,1,1,-1,1,1,-1,-1,1,-1,-1,1,-1,1,-1,1,1,-1,-1,1,-1,-1,-1,-1,-1,1,1,1,-1,-1,1,-1,-1,1,-1,-1,1,-1,-1,1,1,-1,-1,1,-1,-1,1,1,-1,1,-1,1,-1,-1,1,1,-1,-1,-1,-1,-1,1,-1,-1,1,-1,-1,-1,1,1,-1,-1,-1,-1,-1,1,-1,-1,-1,-1,-1,1,1,1,-1,-1,-1,-1,-1,1,1,-1,-1,-1,-1,-1,1,1,1,-1,-1,-1,-1,1,1,-1,-1,-1,-1,1,1,1,1,1,-1,1,1,1,1,1,1,-1,-1,1,1,1,-1,-1,-1,1,1,1,1,-1,1,-1,-1,1,-1,1,-1,1,-1,-1,1,-1,1,1,1,-1,-1,1,-1,1,-1,1,1,-1,1,-1,1,1,1,1,-1,1,-1,1,1,1,-1,-1,1,1,-1,1,1,-1,-1,1,-1,1,-1,1,-1,-1,-1,-1,-1,1,1,-1,-1,1,-1,-1,1,1,-1,-1,-1,-1,1,-1,1,-1,-1,-1,-1,-1,1,-1,-1,1,-1,-1,1,-1,1,-1,-1,-1,-1,-1,1,1,1,-1,-1,-1,1,1,1,-1,-1,-1,1,-1,-1,1,-1,1,-1,-1,1,1,1,-1,-1,-1,-1,1,-1,1,1,-1,1,-1,-1,1,1,-1,-1,-1,-1,-1,-1,1,1,-1,-1,1,-1,1,1,-1,-1,-1,1,-1,1,1,-1,-1,1,-1,-1,1,1,1,-1,1,-1,1,1,1,-1,-1,1,-1,-1,1,1,1,-1,1,-1,-1,1,1,-1,1,1,-1,-1,1,1,-1,1,1,-1,-1,1,1,-1,1,1,-1,-1,1,1,1,1,1,1,-1,-1,1,1,1,1,-1,-1,1,-1,1,1,1,1,-1,-1,1,-1,1,1,1,-1,1,1,1,1,-1,1,-1,1,1,1,1,1,1,1,-1,1,1,1,1,-1,1,-1,1,1,1,1,1,-1,1,1,1,1,-1,1,1,-1,1,1,-1,1,1,-1,-1,1,1,1,1,-1,1,-1,1,1,1,-1,-1,1,-1,1,1,1,-1,1,-1,-1,-1,1,1,-1,-1,1,-1,-1,1,1,1,-1,1,-1,-1,1,1,1,-1,1,-1,-1,1,1,-1,-1,-1,1,-1,1,1,-1,1,1,-1,1,1,-1,-1,1,1,-1,-1,1,1,-1,1,1,-1,1,1,-1,-1,-1,-1,1,-1,-1,-1,-1,1,-1,-1,1,1,-1,1,1,-1,1,1,1,1,-1,1,-1,1,1,1,-1,-1,1,-1,-1,1,1,-1,-1,1,-1,1,1,1,-1,-1,1,-1,1,1,1,1,-1,1,-1,-1,1,1,-1,-1,-1,1,-1,1,-1,1,-1,1,-1,-1,1,-2670.0,1,2000,445,1000,False
771,1,1,-1,-1,1,-1,-1,-1,1,1,1,-1,1,1,1,1,-1,1,-1,-1,-1,-1,1,1,1,-1,-1,-1,1,1,1,-1,1,-1,-1,-1,1,-1,-1,1,-1,-1,-1,1,1,-1,1,-1,1,1,1,1,-1,1,-1,-1,1,-1,1,1,-1,-1,-1,-1,1,1,1,-1,-1,-1,-1,1,1,1,1,-1,-1,-1,1,1,1,-1,-1,-1,1,1,1,1,-1,-1,-1,1,1,1,1,-1,-1,1,1,-1,1,1,-1,-1,1,1,1,1,1,-1,-1,1,1,-1,1,1,-1,-1,1,1,1,1,1,1,-1,-1,1,1,-1,1,1,-1,1,1,1,1,1,1,-1,-1,1,1,1,1,1,-1,1,1,1,1,1,1,-1,-1,-1,1,1,1,1,-1,1,1,1,1,-1,1,-1,1,-1,1,1,1,-1,-1,1,1,1,1,1,-1,1,-1,-1,1,-1,1,-1,1,1,1,1,1,1,1,1,1,-1,1,-1,1,-1,1,1,-1,1,-1,1,1,-1,1,-1,1,-1,1,-1,1,1,-1,1,-1,1,1,1,1,-1,-1,1,1,-1,-1,1,-1,1,-1,1,1,-1,1,-1,1,-1,1,-1,1,1,-1,-1,-1,1,1,-1,1,-1,1,1,1,-1,1,1,-1,1,-1,1,-1,1,-1,1,-1,1,1,-1,1,-1,-1,-1,1,1,-1,1,-1,-1,-1,1,1,-1,-1,1,1,-1,-1,1,1,-1,1,1,-1,1,1,1,1,-1,1,-1,1,1,-1,1,-1,1,-1,1,1,1,1,1,1,-1,-1,1,-1,-1,-1,1,1,-1,1,1,1,-1,1,1,1,1,1,1,-1,1,-1,1,1,1,-1,1,1,-1,1,1,1,-1,1,1,-1,-1,1,1,1,-1,1,-1,1,1,1,-1,1,1,-1,1,1,1,-1,1,1,-1,1,1,1,-1,1,1,1,-1,1,1,1,1,1,-1,1,-1,1,-1,1,1,1,-1,1,1,1,-1,1,1,-1,1,1,-1,1,1,1,-1,-1,-1,-1,1,1,1,-1,1,1,-1,1,1,-1,-1,1,1,-1,1,1,-1,1,1,-1,1,1,1,1,1,-1,1,-1,-1,-1,1,-1,1,-1,-1,1,1,1,-1,-1,-1,1,-1,-1,1,-1,1,-1,-1,1,1,1,1,-1,-1,1,-1,-1,1,-1,1,-1,-1,-1,-1,1,1,1,-1,-1,1,-1,1,1,-1,-1,1,-1,1,-1,1,-1,-1,-1,1,-1,1,-1,-1,-1,-1,-1,1,1,-1,1,-1,-1,1,-1,1,-1,-1,1,-1,1,-1,1,-1,-1,-1,-1,-1,1,1,-1,-1,1,-1,1,-1,1,1,-1,-1,1,-1,1,-1,1,-1,-1,1,-1,-1,-1,1,-1,-1,-1,-1,1,-1,1,-1,-1,1,-1,-1,1,1,-1,-1,-1,-1,-1,1,1,-1,-1,-1,1,-1,-1,1,1,1,-1,1,-1,1,-1,1,-1,1,-1,-1,-1,1,-1,-1,1,1,1,-1,1,-1,1,1,1,-1,1,1,-1,-1,-1,1,-1,-1,1,-1,-1,1,1,1,-1,1,-1,-1,1,1,-1,-1,1,-1,-1,1,1,-1,-1,1,-1,-1,-1,1,1,-1,1,1,-1,-1,1,-1,-1,1,-1,1,-1,1,1,-1,-1,1,-1,-1,-1,-1,-1,1,1,1,-1,1,1,-1,-1,1,-1,-1,-1,-1,-1,1,1,-1,-1,-1,1,-1,1,1,-1,1,1,1,-1,-1,1,1,-1,-1,-1,-1,-1,1,-1,-1,1,-1,-1,-1,1,1,-1,-1,-1,-1,-1,1,-1,-1,1,-1,-1,1,1,1,-1,-1,-1,-1,-1,1,1,-1,1,-1,-1,-1,1,1,1,-1,-1,-1,-1,1,1,-1,1,-1,-1,1,1,1,1,-1,-1,1,1,1,1,1,-1,-1,-1,1,1,1,-1,1,-1,1,1,1,1,-1,1,-1,-1,1,-1,1,1,-1,-1,-1,1,-1,1,-1,-1,-1,-1,1,-1,1,-1,1,1,-1,1,-1,1,1,-1,1,-1,1,-1,1,1,1,-1,-1,1,1,-1,1,1,-1,-1,1,-1,1,-1,1,-1,-1,-1,-1,-1,1,1,1,-1,1,-1,-1,1,1,1,-1,-1,-1,1,-1,1,-1,-1,-1,-1,1,1,-1,-1,1,-1,-1,1,-1,1,-1,-1,-1,-1,-1,1,1,1,-1,-1,-1,1,1,1,-1,-1,-1,1,-1,-1,1,-1,1,-1,-1,1,1,1,1,-1,-1,-1,1,-1,1,1,-1,1,-1,-1,1,1,1,-1,-1,-1,-1,-1,1,1,-1,-1,1,-1,1,1,-1,-1,-1,1,-1,1,1,-1,-1,1,-1,-1,1,1,1,-1,1,-1,1,1,1,-1,-1,1,-1,-1,1,1,1,-1,1,-1,-1,1,1,-1,1,1,-1,-1,1,1,1,1,1,-1,-1,1,1,1,1,1,-1,-1,1,1,1,1,1,1,-1,1,1,1,-1,1,-1,-1,1,-1,1,1,1,1,-1,1,1,-1,1,1,1,-1,1,1,1,1,-1,1,-1,1,1,1,1,1,1,1,-1,1,1,1,1,-1,1,-1,1,1,1,1,1,1,1,1,1,1,-1,1,-1,1,1,1,-1,1,1,1,1,1,1,1,1,-1,1,1,1,1,1,-1,-1,1,-1,1,1,1,-1,1,-1,1,1,1,1,-1,-1,1,1,-1,1,1,1,-1,1,1,-1,1,1,1,-1,1,-1,1,1,1,-1,-1,-1,-1,1,-1,1,-1,1,1,1,1,1,-1,-1,1,1,1,1,1,1,-1,1,-1,1,1,1,-1,-1,-1,-1,-1,-1,-1,-1,-1,1,-1,1,1,1,-1,1,1,-1,-1,1,1,1,-1,1,-1,1,1,1,1,-1,1,-1,1,1,1,1,-1,1,-1,1,1,1,1,-1,1,-1,1,-1,1,-1,-1,1,-1,-1,1,1,-1,-1,-1,-1,1,1,-1,1,-1,1,-1,-1,1,-2670.0,1,2000,445,1000,False
772,1,1,-1,-1,1,1,-1,-1,1,1,1,-1,1,1,-1,1,-1,1,-1,-1,-1,1,1,1,1,-1,1,-1,1,1,1,1,1,-1,-1,-1,1,-1,1,1,-1,-1,-1,1,1,1,1,-1,1,1,1,1,-1,1,-1,-1,1,-1,1,1,1,-1,-1,1,1,1,1,1,-1,-1,1,1,1,1,1,-1,-1,-1,1,1,1,-1,-1,-1,1,1,1,1,-1,-1,-1,1,1,1,1,-1,-1,1,1,-1,1,1,-1,-1,1,1,1,1,1,-1,-1,1,1,-1,1,1,-1,-1,1,1,1,1,1,1,-1,-1,1,1,-1,1,1,-1,1,1,1,1,1,1,-1,-1,1,1,1,1,1,-1,1,1,1,1,1,1,-1,-1,-1,1,1,1,1,-1,1,1,1,1,-1,1,-1,1,-1,1,1,1,-1,-1,1,1,1,1,1,-1,1,-1,-1,1,-1,1,-1,1,1,1,1,1,1,1,1,1,-1,1,-1,1,-1,1,1,-1,1,-1,1,1,-1,1,-1,1,-1,1,-1,1,1,-1,-1,-1,1,1,1,1,-1,-1,1,1,-1,-1,1,-1,1,-1,-1,1,-1,1,-1,1,-1,1,-1,1,1,-1,-1,-1,1,1,-1,1,-1,1,1,1,-1,1,1,-1,-1,-1,1,-1,1,-1,1,-1,1,1,-1,1,-1,-1,-1,1,1,-1,1,-1,-1,-1,1,1,-1,-1,1,1,-1,-1,1,1,-1,1,1,-1,1,1,1,1,-1,1,-1,1,1,-1,1,-1,1,1,-1,1,1,1,1,1,-1,-1,1,-1,-1,-1,1,1,-1,1,1,1,-1,1,-1,-1,1,1,1,-1,1,-1,1,1,1,-1,1,1,-1,1,1,1,-1,1,1,-1,-1,1,1,1,-1,1,-1,1,1,1,-1,1,1,-1,1,1,1,-1,1,-1,-1,1,1,1,-1,1,-1,-1,-1,1,1,1,1,-1,-1,1,-1,1,-1,1,1,-1,-1,1,1,1,-1,1,-1,-1,1,1,-1,1,-1,-1,-1,-1,-1,-1,1,-1,-1,-1,1,1,-1,1,-1,-1,-1,1,1,-1,1,-1,-1,1,1,-1,1,1,-1,-1,-1,-1,1,-1,-1,1,-1,-1,1,-1,-1,1,-1,-1,1,-1,-1,1,-1,1,-1,-1,1,-1,-1,1,-1,-1,1,1,-1,1,-1,1,-1,-1,1,-1,-1,-1,-1,-1,-1,1,-1,-1,1,1,-1,-1,1,-1,1,-1,-1,1,-1,1,-1,-1,1,1,-1,-1,1,-1,-1,-1,-1,-1,1,1,-1,-1,1,1,-1,1,-1,1,-1,1,1,-1,1,-1,-1,-1,-1,-1,-1,1,-1,1,-1,1,1,-1,1,-1,-1,1,-1,-1,1,-1,1,-1,1,-1,1,-1,1,1,-1,-1,-1,1,-1,1,-1,-1,1,-1,1,1,1,1,-1,-1,-1,1,-1,1,1,1,-1,1,1,1,-1,1,1,-1,1,1,1,1,1,1,1,-1,-1,-1,1,-1,1,1,1,-1,1,1,-1,1,-1,-1,-1,1,1,-1,1,1,-1,-1,-1,1,-1,1,1,-1,-1,-1,1,-1,-1,-1,-1,1,-1,1,-1,-1,-1,-1,-1,-1,1,-1,1,1,1,1,-1,1,-1,1,1,-1,-1,-1,1,-1,-1,1,-1,1,-1,-1,1,1,1,1,-1,-1,1,1,1,1,-1,1,-1,-1,1,1,1,-1,-1,-1,1,1,1,1,-1,1,-1,1,-1,1,-1,1,1,-1,-1,1,1,1,-1,-1,-1,1,1,1,1,1,-1,-1,-1,1,1,1,1,-1,-1,-1,1,1,1,-1,-1,-1,-1,1,1,1,1,-1,-1,1,1,1,1,1,-1,-1,-1,1,1,-1,1,-1,-1,-1,1,1,1,1,-1,-1,1,1,1,1,-1,-1,1,1,-1,1,1,-1,-1,-1,1,1,1,1,1,-1,1,1,1,1,1,-1,-1,-1,1,-1,1,-1,-1,-1,-1,1,-1,1,1,-1,-1,-1,1,-1,1,1,-1,1,-1,1,1,1,1,-1,1,-1,1,-1,1,1,-1,-1,-1,1,1,-1,-1,-1,-1,-1,1,-1,1,-1,-1,-1,-1,-1,-1,-1,1,-1,-1,-1,1,-1,-1,1,-1,-1,-1,-1,-1,1,1,-1,-1,-1,-1,-1,1,-1,-1,-1,1,-1,-1,1,-1,1,-1,-1,-1,-1,-1,-1,-1,1,-1,-1,-1,1,1,1,-1,-1,1,1,-1,-1,-1,-1,1,-1,-1,1,1,1,-1,-1,-1,-1,1,-1,1,1,-1,1,-1,-1,1,1,-1,-1,-1,-1,-1,-1,1,1,-1,-1,1,-1,1,1,-1,-1,-1,1,-1,1,1,-1,-1,1,-1,-1,1,1,1,-1,1,-1,1,1,1,-1,-1,1,-1,-1,1,1,1,-1,1,-1,-1,1,1,-1,1,1,-1,-1,1,1,1,1,1,-1,-1,1,1,1,1,1,-1,-1,1,1,1,1,1,1,-1,1,1,1,1,1,-1,-1,1,-1,1,1,1,1,-1,1,1,-1,1,1,1,-1,1,1,1,1,-1,1,-1,1,1,1,1,1,1,1,-1,1,1,1,1,-1,1,-1,1,1,1,1,1,1,1,1,1,1,-1,1,-1,1,1,1,-1,1,1,1,1,-1,1,1,1,-1,1,1,1,1,1,-1,-1,1,-1,1,1,1,-1,1,-1,1,1,1,1,-1,-1,1,1,-1,1,1,1,-1,1,1,-1,-1,1,1,-1,1,-1,1,1,1,-1,-1,-1,-1,1,-1,1,-1,1,1,1,1,1,-1,-1,1,1,1,1,1,1,-1,1,-1,1,1,1,-1,-1,-1,-1,-1,-1,-1,-1,-1,1,-1,1,1,1,-1,1,1,-1,-1,1,1,1,-1,1,-1,1,1,1,1,-1,1,-1,1,1,1,1,-1,1,-1,1,1,1,1,-1,1,-1,1,-1,1,-1,-1,1,-1,-1,1,1,-1,-1,-1,-1,1,1,-1,1,-1,1,-1,-1,1,-2670.0,1,2000,445,0,False
773,1,1,-1,-1,1,1,-1,-1,1,1,1,-1,-1,1,1,1,-1,1,-1,-1,-1,-1,1,1,1,-1,-1,-1,1,1,1,1,-1,-1,-1,-1,1,1,1,1,-1,-1,-1,1,1,1,1,-1,1,1,1,1,-1,1,-1,-1,1,-1,1,1,1,-1,-1,-1,1,1,1,1,-1,-1,-1,1,1,1,1,-1,-1,-1,1,1,1,-1,-1,-1,1,1,1,1,-1,-1,1,1,1,1,1,-1,-1,-1,1,-1,1,1,-1,-1,1,1,1,1,1,-1,-1,-1,1,1,1,1,-1,-1,1,1,1,1,1,1,-1,-1,1,1,-1,1,1,-1,1,1,1,1,1,1,-1,1,1,1,1,1,1,-1,1,1,1,1,1,1,-1,-1,-1,1,1,1,1,-1,1,1,1,1,-1,1,-1,1,-1,1,1,1,-1,-1,1,1,1,1,1,-1,1,-1,-1,1,-1,1,-1,1,1,1,1,1,1,1,1,1,-1,1,-1,1,-1,1,1,-1,1,-1,1,1,-1,1,-1,1,-1,1,-1,1,1,-1,1,-1,1,1,1,1,-1,-1,1,1,-1,-1,1,-1,1,-1,1,1,-1,1,-1,1,-1,1,-1,1,1,-1,-1,-1,1,1,-1,1,-1,1,1,1,-1,1,1,-1,1,-1,1,-1,1,-1,1,-1,1,1,-1,1,-1,-1,-1,1,1,-1,1,-1,-1,-1,1,1,-1,-1,1,1,-1,-1,1,1,-1,1,1,-1,1,1,1,1,-1,1,-1,1,1,-1,1,-1,1,1,1,1,1,1,1,1,-1,-1,1,-1,-1,-1,1,1,-1,1,1,1,-1,1,1,1,1,1,1,1,1,-1,1,1,1,-1,1,1,-1,1,1,1,-1,1,1,-1,-1,1,1,1,-1,1,-1,1,1,1,-1,1,1,-1,1,1,1,-1,1,1,-1,1,1,1,-1,1,1,1,-1,1,1,-1,1,1,-1,1,-1,1,-1,1,1,1,-1,1,1,1,-1,1,1,-1,1,1,-1,1,1,1,-1,-1,-1,-1,1,1,1,-1,1,1,-1,1,1,-1,-1,1,1,1,1,1,-1,1,1,1,-1,1,1,1,1,-1,1,1,1,-1,1,-1,1,1,1,-1,1,1,-1,-1,-1,1,-1,-1,1,1,-1,1,1,-1,1,1,1,1,-1,1,-1,-1,1,-1,1,-1,1,1,1,1,1,1,-1,-1,1,-1,1,1,1,-1,1,1,1,-1,1,1,-1,-1,1,-1,1,1,1,-1,1,1,1,1,1,1,-1,1,-1,1,1,1,-1,-1,1,-1,-1,1,1,-1,-1,1,-1,1,1,1,-1,-1,1,1,-1,1,1,-1,-1,1,-1,1,1,1,1,-1,1,-1,-1,-1,1,1,-1,-1,-1,1,-1,1,-1,-1,1,-1,-1,1,-1,1,-1,-1,1,-1,1,-1,1,-1,-1,1,-1,-1,1,1,1,-1,1,-1,1,-1,-1,-1,1,-1,-1,-1,1,-1,-1,1,1,1,-1,1,-1,1,1,1,-1,1,1,-1,-1,-1,1,-1,-1,1,-1,-1,1,1,1,-1,1,-1,-1,1,1,-1,-1,1,-1,-1,1,1,-1,-1,1,-1,-1,-1,1,1,-1,1,-1,-1,-1,1,-1,-1,1,-1,1,-1,1,1,-1,-1,1,-1,-1,-1,-1,-1,1,1,1,-1,1,1,-1,-1,1,-1,-1,-1,-1,-1,1,1,-1,-1,-1,-1,-1,1,1,-1,1,1,-1,-1,-1,1,1,-1,-1,-1,-1,1,1,-1,-1,1,-1,-1,-1,1,1,-1,-1,-1,-1,-1,1,-1,-1,1,-1,-1,1,1,1,-1,1,-1,-1,-1,1,1,-1,-1,-1,-1,-1,1,1,1,-1,-1,-1,-1,1,1,-1,-1,-1,-1,1,1,1,1,-1,-1,1,1,1,1,1,-1,-1,-1,1,1,1,1,1,-1,1,1,1,1,-1,1,-1,-1,1,-1,1,-1,1,-1,-1,1,-1,1,-1,-1,-1,-1,1,-1,1,-1,1,-1,-1,1,-1,1,-1,1,-1,-1,1,-1,1,-1,-1,-1,-1,1,1,-1,-1,-1,-1,-1,1,-1,1,-1,-1,-1,-1,-1,-1,-1,1,-1,-1,-1,1,-1,-1,1,-1,-1,-1,-1,-1,-1,1,-1,-1,-1,-1,-1,1,-1,-1,-1,1,-1,-1,1,-1,1,-1,-1,-1,-1,-1,-1,-1,1,-1,-1,-1,1,1,-1,-1,-1,-1,1,-1,-1,-1,-1,1,-1,-1,1,-1,1,-1,-1,-1,-1,1,-1,1,1,-1,1,-1,-1,1,1,-1,-1,-1,-1,-1,-1,1,1,-1,-1,1,-1,1,1,-1,-1,-1,1,-1,1,1,-1,-1,1,-1,-1,1,1,1,-1,1,-1,1,1,1,-1,-1,1,-1,-1,1,1,1,-1,1,-1,-1,1,1,-1,1,1,-1,-1,1,1,-1,1,1,-1,-1,1,1,-1,1,1,-1,-1,1,1,1,1,1,1,-1,-1,1,1,-1,1,-1,-1,1,-1,1,1,1,1,-1,-1,1,-1,1,1,1,-1,1,1,1,1,-1,1,-1,1,1,1,1,1,1,1,-1,1,1,1,1,-1,1,-1,1,1,1,1,1,-1,1,1,1,1,-1,1,1,-1,1,1,-1,1,1,-1,-1,1,1,1,1,-1,1,-1,1,1,1,-1,-1,1,-1,1,1,1,-1,1,-1,-1,-1,1,1,-1,-1,1,-1,-1,1,1,-1,-1,1,-1,-1,1,1,1,-1,1,-1,-1,1,1,-1,-1,-1,1,-1,1,1,-1,1,1,-1,1,1,-1,-1,1,1,-1,-1,1,1,-1,1,1,-1,1,1,-1,-1,-1,-1,1,-1,-1,-1,-1,-1,1,-1,1,1,-1,1,1,-1,1,1,1,1,-1,1,-1,1,1,1,-1,-1,1,-1,-1,1,1,-1,-1,1,-1,1,1,1,-1,-1,1,-1,1,1,1,1,-1,1,-1,-1,1,1,1,-1,-1,1,-1,1,-1,1,-1,1,-1,1,1,-2670.0,1,2000,445,500,False
774,1,1,-1,-1,1,1,-1,-1,1,1,1,-1,1,1,1,1,-1,1,-1,-1,1,-1,1,1,1,-1,-1,-1,1,1,1,1,1,-1,-1,-1,1,1,1,1,-1,-1,-1,1,1,1,1,-1,1,1,1,1,-1,1,-1,-1,1,-1,1,1,1,-1,-1,-1,1,1,1,1,-1,-1,-1,1,1,1,1,-1,-1,-1,1,1,1,-1,-1,-1,1,1,1,1,-1,-1,-1,1,1,1,1,-1,-1,1,1,-1,1,1,-1,-1,1,1,1,1,1,-1,-1,1,1,1,1,1,-1,-1,1,1,1,1,1,1,-1,1,1,1,-1,1,1,-1,1,1,1,1,1,1,-1,-1,1,1,1,1,1,-1,1,1,1,1,1,1,-1,-1,-1,1,1,1,1,-1,1,1,1,1,-1,1,-1,1,-1,1,1,1,-1,-1,1,1,1,1,1,-1,1,-1,-1,1,-1,1,-1,1,1,1,1,1,1,1,1,1,-1,1,-1,1,-1,1,1,-1,1,-1,1,1,-1,1,-1,1,-1,1,-1,1,1,-1,1,-1,1,1,1,1,-1,-1,1,1,-1,-1,1,-1,1,-1,-1,1,-1,1,-1,1,-1,1,-1,1,1,-1,-1,-1,1,1,-1,1,-1,1,1,1,-1,1,1,-1,1,-1,1,-1,1,-1,1,-1,1,1,-1,1,-1,-1,-1,1,1,-1,1,-1,-1,-1,1,1,-1,-1,1,1,-1,-1,1,1,-1,1,1,-1,1,1,1,1,-1,1,-1,1,1,-1,1,-1,1,-1,1,1,1,1,1,1,-1,-1,1,-1,-1,-1,1,1,-1,1,1,1,-1,1,1,1,1,1,1,1,1,-1,1,1,1,-1,1,1,-1,1,1,1,-1,1,1,-1,-1,1,1,1,-1,1,-1,1,1,1,-1,1,1,-1,1,1,1,-1,1,1,-1,1,1,1,-1,1,1,-1,-1,1,1,-1,1,1,-1,1,-1,1,-1,1,1,1,-1,1,1,1,1,1,1,-1,1,1,-1,1,1,1,-1,-1,-1,-1,1,1,1,-1,1,1,-1,1,1,-1,-1,1,1,1,1,1,-1,1,1,1,-1,1,1,1,-1,-1,1,1,1,-1,1,-1,1,1,1,1,1,1,-1,-1,-1,1,-1,-1,1,-1,1,-1,1,1,1,1,1,-1,-1,1,-1,-1,1,-1,1,-1,1,1,-1,1,1,1,-1,-1,1,-1,1,1,-1,-1,1,1,1,-1,1,-1,-1,-1,1,-1,1,1,-1,-1,1,1,1,1,-1,1,-1,1,-1,1,1,-1,-1,-1,1,-1,1,1,-1,-1,-1,1,-1,1,1,1,-1,-1,1,-1,-1,1,-1,-1,-1,1,-1,1,1,1,-1,-1,1,1,-1,1,-1,-1,-1,-1,-1,-1,1,-1,-1,-1,1,-1,-1,1,-1,-1,-1,-1,1,-1,1,-1,-1,-1,-1,1,-1,-1,1,1,1,-1,1,-1,1,-1,1,1,1,-1,-1,-1,1,-1,-1,1,1,1,-1,1,-1,1,1,1,-1,1,1,-1,-1,-1,1,-1,-1,1,-1,-1,1,1,1,-1,1,-1,-1,1,1,-1,-1,1,-1,-1,1,1,-1,-1,1,-1,-1,-1,1,1,-1,1,1,-1,-1,1,-1,-1,1,-1,1,-1,1,1,-1,-1,1,-1,-1,-1,-1,-1,1,1,1,-1,-1,1,-1,-1,1,-1,-1,1,-1,-1,1,1,-1,-1,1,-1,-1,1,1,-1,1,-1,-1,-1,-1,1,1,-1,-1,-1,-1,1,1,-1,-1,1,-1,-1,-1,1,1,-1,-1,-1,-1,-1,1,-1,-1,-1,-1,-1,1,1,1,-1,-1,-1,-1,-1,1,1,-1,-1,-1,-1,-1,1,1,1,-1,-1,-1,-1,1,1,-1,-1,-1,-1,1,1,1,1,1,-1,1,1,1,1,1,1,-1,-1,1,1,1,-1,1,-1,1,1,1,1,-1,1,-1,-1,1,-1,1,-1,1,-1,-1,1,-1,1,-1,1,-1,-1,1,-1,1,-1,1,-1,-1,1,-1,1,1,1,-1,-1,1,-1,1,1,1,-1,-1,1,1,-1,1,1,-1,-1,1,-1,1,-1,1,-1,-1,-1,-1,-1,1,1,-1,-1,1,-1,-1,1,1,-1,-1,-1,-1,1,-1,1,-1,-1,-1,-1,1,1,-1,-1,1,-1,-1,1,-1,1,-1,-1,-1,-1,-1,1,1,1,-1,-1,-1,1,1,1,-1,-1,1,-1,-1,-1,1,-1,1,-1,-1,1,1,1,-1,-1,-1,-1,1,-1,1,1,-1,1,-1,-1,1,1,-1,-1,-1,-1,-1,-1,1,1,-1,-1,1,-1,1,1,-1,-1,-1,1,-1,1,1,-1,-1,1,-1,-1,1,1,1,-1,1,-1,1,1,1,-1,-1,1,-1,-1,1,1,1,-1,1,-1,-1,1,1,-1,1,1,-1,-1,1,1,1,1,1,-1,-1,1,1,1,1,1,-1,-1,1,1,1,1,1,1,-1,-1,1,1,-1,1,-1,-1,1,-1,1,1,1,1,-1,-1,1,-1,1,1,1,-1,1,1,1,1,-1,1,-1,1,1,1,1,1,1,1,-1,1,1,1,1,-1,1,-1,1,1,1,1,1,-1,1,1,1,1,-1,1,1,-1,1,1,-1,1,1,-1,-1,1,1,1,1,-1,1,-1,1,1,1,-1,-1,1,-1,1,1,1,-1,1,-1,-1,-1,1,1,-1,-1,1,-1,-1,1,1,1,-1,1,-1,-1,1,1,1,-1,1,-1,-1,1,1,-1,-1,-1,1,-1,1,1,-1,1,1,-1,1,1,-1,-1,1,-1,-1,-1,1,1,-1,1,1,-1,1,1,-1,-1,-1,-1,1,-1,-1,-1,-1,-1,-1,-1,1,1,-1,1,1,-1,1,1,1,1,-1,1,-1,1,1,1,1,-1,1,-1,-1,1,1,1,-1,1,-1,1,1,1,1,-1,1,-1,1,1,-1,-1,-1,1,-1,-1,1,1,-1,-1,-1,1,-1,1,-1,1,-1,1,-1,-1,1,-2670.0,1,2000,445,500,False
775,1,1,-1,-1,1,1,-1,-1,1,1,1,-1,-1,1,1,1,-1,1,-1,-1,-1,-1,1,1,1,1,-1,-1,1,1,1,1,-1,-1,-1,-1,1,-1,1,1,-1,-1,-1,1,1,1,1,-1,1,1,1,1,-1,1,-1,-1,1,-1,1,1,1,-1,-1,-1,1,1,1,1,-1,-1,-1,1,1,1,1,-1,-1,-1,1,1,1,-1,-1,-1,1,1,1,1,-1,-1,-1,1,1,1,1,-1,-1,1,1,-1,1,1,-1,-1,1,1,1,1,1,-1,-1,1,1,-1,1,1,-1,-1,1,1,1,1,1,1,-1,1,1,1,-1,1,1,-1,1,1,1,1,1,1,-1,-1,1,1,1,1,1,-1,1,1,1,1,1,1,-1,-1,-1,1,1,1,1,-1,1,1,1,1,-1,1,-1,1,1,1,1,1,-1,-1,1,1,1,1,1,-1,1,-1,-1,1,-1,1,-1,1,1,1,1,1,1,1,1,1,-1,1,-1,1,-1,1,1,-1,1,-1,1,1,-1,1,-1,1,-1,1,-1,1,1,-1,1,-1,1,1,1,1,-1,-1,1,1,-1,-1,1,-1,1,-1,-1,1,-1,1,-1,1,-1,1,-1,1,1,-1,-1,-1,1,1,-1,1,-1,1,1,1,-1,1,1,-1,-1,-1,1,-1,1,-1,1,-1,1,1,-1,1,-1,-1,-1,1,1,-1,1,-1,-1,-1,1,1,-1,-1,1,1,-1,-1,1,1,-1,1,1,-1,1,1,1,1,-1,1,-1,1,1,-1,1,-1,1,-1,1,1,1,1,1,1,-1,-1,1,-1,-1,1,1,1,-1,1,1,1,-1,1,1,1,1,1,1,1,1,-1,1,1,1,-1,1,1,-1,1,1,1,-1,1,1,-1,-1,1,1,1,-1,1,-1,1,1,1,-1,1,1,-1,1,1,1,-1,1,1,-1,1,1,1,-1,1,1,-1,-1,1,1,-1,1,1,-1,1,-1,1,-1,1,1,1,-1,1,1,1,-1,1,1,-1,1,1,-1,1,1,1,-1,-1,-1,-1,1,1,1,-1,1,1,-1,1,1,-1,-1,1,1,1,1,1,-1,1,1,1,-1,1,1,1,1,-1,1,1,1,-1,1,-1,1,1,1,-1,1,1,-1,-1,-1,1,-1,-1,1,-1,1,-1,1,-1,1,1,1,-1,-1,1,-1,-1,1,-1,1,-1,1,1,-1,1,1,1,-1,-1,1,-1,1,1,-1,-1,1,1,1,-1,1,-1,-1,-1,1,-1,1,1,-1,-1,1,1,1,1,-1,1,-1,1,-1,-1,1,-1,-1,-1,1,-1,1,1,-1,-1,-1,1,-1,1,1,1,-1,-1,1,-1,-1,1,-1,-1,-1,1,-1,1,1,1,-1,-1,1,-1,-1,1,-1,-1,-1,-1,-1,1,1,-1,-1,-1,1,-1,-1,1,-1,-1,-1,-1,1,-1,1,-1,-1,-1,-1,1,-1,-1,1,1,1,-1,1,-1,1,-1,1,-1,1,-1,-1,-1,1,-1,-1,1,1,1,-1,1,-1,1,1,1,-1,1,1,-1,1,-1,1,-1,1,1,-1,-1,1,1,1,-1,1,-1,-1,1,1,-1,-1,1,-1,-1,1,1,-1,-1,1,-1,-1,-1,1,1,-1,1,1,-1,-1,1,-1,-1,1,-1,1,-1,1,1,-1,-1,1,-1,-1,-1,-1,-1,-1,1,1,-1,-1,1,-1,1,1,-1,-1,1,-1,-1,1,1,-1,-1,1,1,-1,1,1,-1,1,-1,1,-1,-1,1,1,-1,-1,-1,-1,1,1,-1,-1,1,-1,-1,-1,1,1,-1,-1,-1,-1,-1,1,-1,-1,-1,-1,-1,1,1,1,-1,-1,-1,-1,-1,1,1,-1,-1,-1,-1,-1,1,1,1,-1,-1,-1,-1,1,1,-1,-1,-1,-1,1,1,1,1,1,-1,1,1,1,1,1,1,-1,-1,1,1,1,-1,1,-1,1,1,1,1,-1,1,-1,-1,1,-1,1,-1,1,-1,-1,1,-1,1,-1,1,-1,-1,1,-1,1,-1,1,1,-1,1,-1,1,1,1,1,-1,1,-1,1,1,1,-1,-1,1,1,-1,1,1,-1,-1,1,-1,1,-1,1,-1,-1,-1,-1,-1,1,1,-1,-1,1,-1,-1,1,1,-1,-1,-1,-1,-1,-1,1,-1,-1,-1,-1,-1,1,-1,-1,1,-1,-1,1,-1,1,-1,-1,-1,-1,-1,1,1,1,-1,-1,-1,1,1,1,-1,-1,1,1,-1,-1,1,-1,1,-1,-1,1,1,1,-1,-1,-1,-1,1,-1,1,1,-1,1,-1,-1,1,1,-1,-1,-1,-1,-1,-1,1,1,-1,-1,1,-1,1,1,-1,-1,-1,1,-1,1,1,-1,-1,1,-1,-1,1,1,1,-1,1,-1,1,1,1,-1,-1,1,-1,-1,1,1,1,-1,1,-1,-1,1,1,-1,1,1,-1,-1,1,1,-1,1,1,-1,-1,1,1,-1,1,1,-1,-1,1,1,1,1,1,1,-1,-1,1,1,-1,1,-1,-1,1,-1,1,1,1,1,-1,-1,1,-1,1,1,1,-1,1,1,1,1,-1,1,-1,1,1,1,1,1,1,1,-1,1,1,1,1,-1,1,-1,1,1,1,1,1,-1,1,1,1,1,-1,1,1,-1,1,1,-1,1,1,-1,-1,1,1,1,1,-1,1,-1,1,1,1,-1,-1,1,-1,1,1,1,-1,1,-1,-1,-1,1,1,-1,-1,1,-1,-1,1,1,1,-1,1,-1,-1,1,1,1,-1,-1,-1,-1,1,1,-1,-1,-1,1,-1,1,1,-1,1,1,-1,1,1,-1,-1,1,1,-1,-1,1,1,-1,1,1,-1,1,1,-1,-1,-1,-1,1,-1,-1,-1,-1,-1,1,-1,1,1,-1,1,1,-1,1,1,1,1,-1,1,-1,1,1,1,1,-1,1,-1,-1,1,1,1,-1,1,-1,1,1,1,1,-1,1,-1,1,1,1,-1,-1,1,-1,-1,1,1,-1,-1,-1,1,-1,1,-1,1,-1,1,-1,-1,1,-2670.0,1,2000,445,500,False
776,1,1,-1,-1,1,-1,-1,-1,1,1,1,-1,1,1,1,1,-1,1,-1,-1,1,-1,1,1,1,1,-1,-1,1,1,1,1,-1,-1,-1,-1,1,1,1,1,-1,-1,-1,1,1,1,1,-1,1,1,1,1,-1,1,-1,-1,1,-1,1,1,1,-1,-1,-1,1,1,1,1,-1,-1,-1,1,1,1,1,-1,-1,-1,1,1,1,-1,-1,-1,1,1,1,1,-1,-1,-1,1,1,1,1,-1,-1,1,1,-1,1,1,-1,-1,1,1,1,1,1,-1,-1,1,1,1,1,1,-1,-1,1,1,1,1,1,1,-1,-1,1,1,-1,1,1,-1,1,1,1,1,1,1,-1,-1,1,1,1,1,1,-1,1,1,1,1,1,1,-1,-1,-1,1,1,1,1,-1,1,1,1,1,-1,1,-1,1,-1,1,1,1,-1,-1,1,1,1,1,1,-1,1,-1,-1,1,-1,1,-1,1,1,1,1,1,1,1,1,1,1,1,-1,1,-1,1,1,-1,1,-1,1,1,-1,1,-1,1,-1,1,-1,1,1,-1,1,-1,1,1,1,1,-1,-1,1,1,-1,-1,1,-1,1,-1,-1,1,-1,1,-1,1,-1,1,-1,1,1,-1,-1,-1,1,1,-1,1,-1,1,1,1,-1,1,1,-1,-1,-1,1,-1,1,-1,1,-1,1,1,-1,1,-1,-1,-1,1,1,-1,1,-1,-1,-1,1,1,-1,-1,1,1,-1,-1,1,1,-1,1,1,-1,1,1,1,1,-1,1,-1,1,1,-1,1,-1,1,1,-1,1,1,1,1,1,-1,-1,1,-1,-1,1,1,1,-1,1,1,1,-1,1,-1,-1,1,1,1,1,1,-1,1,1,1,-1,1,1,-1,1,1,1,-1,1,1,-1,-1,1,1,1,-1,1,-1,1,1,1,-1,1,1,-1,1,1,1,-1,1,-1,-1,1,1,1,-1,1,-1,-1,-1,-1,1,-1,1,-1,-1,1,1,1,-1,1,1,-1,-1,-1,1,1,-1,1,-1,-1,1,1,-1,1,-1,-1,-1,-1,1,1,1,1,-1,-1,1,-1,-1,1,-1,-1,-1,-1,1,-1,1,-1,-1,1,-1,1,1,1,-1,-1,-1,-1,1,-1,-1,1,-1,-1,1,-1,-1,1,-1,-1,-1,1,-1,1,-1,1,-1,1,-1,1,-1,1,-1,-1,1,1,-1,1,-1,1,-1,-1,1,-1,-1,-1,-1,-1,-1,1,-1,-1,1,1,-1,-1,1,-1,1,-1,-1,1,-1,1,-1,-1,1,1,-1,-1,1,1,-1,-1,-1,-1,1,1,-1,-1,1,1,-1,1,-1,1,-1,1,1,-1,1,-1,-1,-1,-1,-1,-1,1,-1,1,-1,1,1,-1,1,-1,-1,1,-1,-1,1,-1,1,-1,1,-1,1,-1,1,1,-1,-1,-1,1,-1,1,-1,-1,1,-1,1,1,1,1,-1,-1,-1,1,-1,1,1,-1,-1,1,1,1,-1,1,1,-1,1,1,1,1,-1,1,1,-1,-1,-1,1,-1,1,1,1,1,-1,1,-1,1,-1,-1,-1,1,1,-1,1,1,-1,-1,-1,1,-1,1,1,-1,1,-1,1,-1,-1,-1,-1,-1,-1,1,-1,-1,-1,-1,-1,-1,1,-1,1,1,1,1,-1,1,-1,1,1,-1,-1,-1,1,-1,-1,1,-1,1,-1,-1,1,1,1,1,-1,-1,1,1,1,1,-1,1,-1,-1,1,1,1,-1,-1,-1,1,1,1,1,-1,-1,-1,1,-1,1,-1,1,1,-1,-1,1,1,1,-1,-1,-1,1,1,1,1,1,-1,-1,-1,1,1,1,1,-1,-1,-1,1,1,1,-1,-1,-1,1,1,1,1,1,-1,-1,-1,1,1,1,1,-1,-1,-1,1,1,-1,1,-1,-1,-1,1,1,1,1,-1,-1,1,1,1,1,-1,-1,1,1,-1,1,1,-1,-1,-1,1,1,1,1,1,-1,1,1,1,1,1,-1,-1,-1,1,-1,1,-1,-1,-1,-1,1,-1,1,1,-1,-1,-1,1,-1,1,1,-1,-1,-1,1,1,1,1,-1,-1,-1,1,-1,1,-1,-1,-1,-1,1,1,-1,-1,-1,-1,-1,1,-1,1,-1,-1,-1,-1,-1,-1,-1,1,-1,-1,-1,1,-1,-1,1,-1,-1,-1,-1,-1,-1,1,-1,-1,-1,-1,-1,1,-1,-1,-1,1,-1,-1,1,-1,1,-1,-1,-1,-1,1,-1,-1,1,-1,-1,-1,-1,1,1,-1,-1,1,-1,1,-1,-1,-1,1,-1,-1,-1,-1,1,-1,-1,-1,-1,-1,1,1,1,-1,1,-1,1,-1,1,-1,-1,-1,-1,-1,-1,1,1,-1,-1,1,-1,1,1,-1,-1,-1,1,-1,1,1,-1,-1,1,-1,-1,1,1,1,-1,1,-1,1,1,1,-1,-1,1,-1,-1,1,1,1,-1,1,-1,-1,1,1,-1,1,1,-1,-1,1,1,-1,1,1,-1,-1,1,1,-1,1,1,-1,-1,1,1,1,1,1,1,-1,1,1,1,-1,1,-1,-1,1,-1,1,1,1,1,-1,-1,1,-1,1,1,1,-1,1,1,1,1,-1,1,-1,1,1,1,1,1,1,1,-1,1,1,1,1,-1,1,-1,1,1,1,1,1,-1,1,1,1,1,-1,1,-1,1,1,1,-1,1,1,1,1,1,1,1,1,-1,1,1,1,1,1,-1,-1,1,-1,1,1,1,-1,1,-1,1,1,1,1,-1,-1,1,1,-1,1,1,1,-1,1,1,-1,1,1,1,-1,1,-1,1,1,1,-1,-1,-1,-1,1,-1,1,-1,1,1,1,1,1,-1,-1,1,1,1,1,1,1,-1,1,-1,1,1,1,-1,-1,-1,-1,-1,-1,-1,-1,-1,-1,1,1,1,1,-1,1,1,-1,-1,1,1,1,-1,1,-1,1,1,1,1,-1,1,-1,1,1,1,1,-1,1,-1,1,1,1,1,-1,1,-1,1,-1,-1,-1,-1,1,-1,-1,1,1,-1,-1,-1,-1,1,1,-1,1,-1,1,-1,-1,1,-2670.0,1,2000,445,500,False
777,1,1,-1,-1,1,-1,-1,-1,1,1,1,-1,1,1,1,1,-1,1,-1,-1,-1,-1,1,1,1,-1,-1,-1,1,1,1,1,1,-1,-1,-1,1,1,1,1,-1,-1,-1,1,1,1,1,-1,1,1,1,1,-1,1,-1,-1,1,-1,1,1,1,-1,-1,-1,1,1,1,1,-1,-1,-1,1,1,1,1,-1,-1,-1,1,1,1,-1,-1,-1,1,1,1,1,-1,-1,-1,1,1,1,1,-1,-1,1,1,-1,1,1,-1,-1,1,1,1,1,1,-1,-1,-1,1,-1,1,1,-1,-1,1,1,1,1,1,1,-1,-1,1,1,-1,1,1,-1,1,1,1,1,1,1,-1,1,1,1,1,1,1,-1,1,1,1,1,1,1,-1,-1,-1,1,1,1,1,-1,1,1,1,1,-1,1,-1,1,-1,1,1,1,-1,-1,1,1,1,1,1,-1,1,-1,-1,1,-1,1,-1,1,1,1,1,1,1,1,1,1,1,1,-1,1,-1,1,1,-1,1,-1,1,1,-1,1,-1,1,-1,1,-1,1,1,-1,-1,-1,1,1,1,1,-1,-1,1,1,-1,-1,1,-1,1,-1,1,1,-1,1,-1,1,-1,1,-1,1,1,-1,-1,-1,1,1,-1,1,-1,1,1,1,-1,1,1,-1,1,-1,1,-1,1,-1,1,-1,1,1,-1,1,-1,-1,-1,1,1,-1,1,-1,-1,-1,1,1,-1,-1,1,1,-1,-1,1,1,-1,1,1,-1,1,1,1,-1,-1,1,-1,1,1,-1,1,-1,1,1,-1,1,1,-1,-1,1,-1,-1,1,-1,1,-1,1,1,-1,1,1,1,-1,1,1,-1,1,1,-1,-1,1,-1,1,1,1,1,-1,1,-1,1,1,1,-1,1,1,-1,-1,1,1,-1,1,1,-1,1,1,1,1,1,1,-1,1,1,1,1,1,1,-1,1,1,1,1,1,1,-1,-1,1,1,1,1,1,-1,1,-1,1,-1,1,1,1,-1,1,1,1,1,1,1,-1,1,1,1,-1,-1,1,-1,-1,-1,-1,1,1,1,-1,1,1,-1,1,1,-1,-1,1,1,1,1,1,-1,1,1,1,-1,1,1,1,1,-1,1,1,1,-1,1,-1,1,-1,1,1,1,1,-1,-1,-1,1,-1,-1,1,-1,1,-1,-1,1,1,1,1,1,-1,1,-1,-1,1,-1,1,-1,1,-1,-1,1,1,1,-1,-1,1,-1,1,1,-1,-1,1,1,1,-1,1,1,-1,1,-1,-1,1,1,-1,-1,1,-1,1,1,-1,1,-1,1,-1,1,1,-1,-1,1,1,1,1,1,-1,-1,-1,1,-1,1,1,1,-1,1,-1,1,-1,1,-1,-1,-1,1,-1,1,1,-1,1,-1,1,-1,-1,1,-1,-1,-1,1,-1,1,1,-1,-1,-1,1,-1,-1,1,-1,-1,-1,-1,1,-1,1,-1,-1,-1,-1,1,-1,-1,1,1,1,-1,1,-1,1,-1,1,-1,1,-1,-1,-1,1,-1,-1,1,1,1,-1,1,-1,1,1,1,-1,1,1,-1,1,-1,1,-1,-1,1,-1,-1,1,1,1,-1,1,-1,-1,1,1,-1,-1,1,-1,-1,1,1,-1,-1,1,-1,-1,-1,1,1,-1,1,1,-1,-1,1,-1,-1,1,-1,1,-1,1,1,-1,-1,1,-1,-1,-1,-1,-1,1,1,1,-1,-1,1,-1,-1,1,-1,-1,1,-1,-1,1,1,-1,-1,1,1,-1,1,1,-1,1,-1,1,-1,-1,1,1,-1,-1,-1,-1,1,1,-1,-1,1,-1,-1,-1,1,1,-1,-1,-1,-1,-1,1,-1,-1,-1,-1,-1,-1,1,1,-1,-1,-1,-1,1,1,1,-1,-1,-1,-1,-1,1,1,1,-1,-1,-1,-1,1,1,-1,-1,-1,-1,1,1,1,1,1,-1,1,1,-1,1,1,1,-1,-1,1,1,1,1,1,-1,1,1,1,1,-1,1,-1,-1,1,-1,1,-1,1,-1,-1,1,-1,1,1,1,-1,-1,1,-1,1,-1,1,-1,-1,1,1,1,1,1,-1,-1,1,-1,1,1,1,-1,-1,1,1,-1,1,1,-1,-1,1,-1,1,-1,1,-1,-1,-1,-1,-1,1,1,-1,-1,1,-1,-1,1,1,-1,-1,-1,-1,-1,-1,1,-1,-1,-1,-1,1,-1,-1,-1,1,-1,-1,1,-1,1,-1,-1,-1,-1,-1,-1,1,1,-1,-1,-1,1,1,1,-1,-1,-1,1,-1,-1,1,-1,1,-1,-1,1,1,1,-1,-1,-1,-1,1,-1,1,1,-1,1,-1,-1,1,1,-1,-1,-1,-1,-1,-1,1,1,-1,-1,1,-1,1,1,-1,-1,-1,1,-1,1,1,-1,-1,1,-1,-1,1,1,1,-1,1,-1,1,1,1,-1,-1,1,-1,-1,1,1,1,-1,1,-1,-1,1,1,-1,1,1,-1,-1,1,1,-1,1,1,-1,-1,1,1,1,1,1,-1,-1,1,1,1,1,1,1,-1,1,1,1,1,1,-1,-1,1,-1,1,1,1,1,-1,-1,1,-1,1,1,1,-1,1,1,1,1,-1,1,-1,1,1,1,1,1,1,-1,-1,-1,1,1,1,-1,1,-1,1,1,1,1,-1,1,-1,1,1,1,-1,-1,1,-1,1,1,-1,1,-1,-1,-1,1,1,1,-1,1,-1,-1,1,1,1,-1,-1,-1,-1,1,1,1,-1,-1,-1,-1,-1,1,1,-1,1,-1,-1,-1,1,1,-1,1,1,-1,1,1,1,1,1,1,-1,-1,1,1,-1,-1,1,1,1,-1,1,-1,1,-1,-1,1,1,-1,-1,1,-1,-1,-1,1,1,-1,1,-1,1,1,1,-1,-1,-1,-1,-1,-1,-1,-1,-1,1,-1,1,1,1,-1,1,1,-1,1,1,1,1,-1,1,-1,1,1,1,-1,-1,1,-1,1,1,1,-1,-1,1,-1,1,1,1,-1,-1,1,-1,1,1,1,1,-1,1,-1,-1,1,1,-1,-1,-1,1,-1,1,-1,1,-1,1,-1,-1,1,-2670.0,1,2000,445,500,False
778,1,1,-1,-1,1,-1,-1,-1,1,1,1,-1,1,1,1,1,-1,1,-1,-1,1,-1,1,1,1,-1,-1,-1,1,1,1,1,1,-1,-1,-1,1,1,1,1,-1,-1,-1,1,1,1,1,-1,1,1,1,1,-1,1,-1,-1,1,-1,1,1,1,-1,-1,-1,1,1,1,1,-1,-1,-1,1,1,1,1,-1,-1,-1,1,1,1,-1,-1,-1,1,1,1,1,-1,1,-1,1,1,1,1,-1,-1,1,1,-1,1,1,-1,-1,1,1,1,1,1,-1,-1,1,1,1,1,1,-1,-1,1,1,1,1,1,1,-1,1,1,1,-1,1,1,-1,1,1,1,1,1,1,-1,-1,1,1,1,1,1,-1,1,1,1,1,1,1,-1,-1,-1,1,1,1,1,-1,1,1,1,1,-1,1,-1,1,-1,1,1,1,-1,-1,1,1,1,1,1,-1,1,-1,-1,1,-1,1,-1,1,1,1,1,1,1,1,1,1,-1,1,-1,1,-1,1,1,-1,1,-1,1,1,-1,1,-1,1,-1,1,-1,1,1,-1,1,-1,1,1,1,1,-1,-1,1,1,-1,-1,1,-1,1,-1,1,1,-1,1,-1,1,-1,1,-1,1,1,-1,-1,-1,1,1,-1,1,-1,1,1,1,-1,1,1,-1,1,-1,1,-1,1,-1,1,-1,1,1,-1,1,-1,-1,-1,1,1,-1,1,-1,-1,-1,1,1,-1,-1,1,1,-1,-1,1,1,-1,1,1,-1,1,1,1,1,-1,1,-1,1,1,-1,1,-1,1,-1,1,1,1,1,1,1,-1,-1,1,-1,-1,-1,1,1,-1,1,1,1,-1,1,1,1,1,1,1,-1,1,-1,1,1,1,-1,-1,1,-1,1,1,1,-1,1,1,-1,-1,1,1,1,-1,1,-1,1,1,1,-1,1,1,-1,1,1,1,-1,1,1,-1,1,1,1,-1,1,1,-1,-1,1,1,-1,1,1,-1,1,-1,1,-1,1,1,1,-1,1,1,1,1,1,1,-1,1,1,-1,1,1,1,-1,-1,-1,-1,1,1,1,-1,1,1,-1,1,1,-1,-1,1,1,1,1,1,-1,1,1,1,-1,1,1,1,-1,-1,1,1,1,-1,1,-1,1,1,1,1,1,1,-1,-1,-1,1,-1,-1,1,1,-1,1,1,1,1,1,1,1,-1,1,-1,-1,1,-1,1,-1,1,1,-1,1,1,1,-1,-1,1,-1,1,1,1,-1,1,1,1,-1,1,1,-1,-1,1,-1,1,1,1,-1,1,1,1,1,1,1,-1,1,-1,-1,1,1,-1,-1,1,-1,1,1,1,-1,-1,1,-1,1,1,1,-1,-1,1,1,-1,1,1,-1,-1,1,-1,1,1,1,1,-1,1,1,-1,1,1,1,-1,-1,-1,-1,1,1,-1,-1,1,-1,-1,1,-1,1,-1,-1,1,-1,1,-1,1,-1,-1,1,-1,-1,1,1,1,-1,1,-1,1,-1,-1,-1,1,-1,-1,-1,1,-1,-1,1,1,1,-1,1,-1,1,1,1,-1,1,1,-1,-1,-1,1,-1,-1,1,-1,-1,1,1,1,-1,1,-1,-1,1,1,-1,-1,1,-1,-1,1,1,-1,-1,1,-1,-1,-1,1,1,-1,1,1,-1,-1,1,-1,-1,1,-1,1,-1,1,1,-1,-1,1,-1,-1,-1,-1,-1,1,1,1,-1,-1,1,-1,-1,1,-1,-1,1,-1,-1,1,1,-1,-1,1,-1,-1,1,1,-1,1,-1,-1,-1,-1,1,1,-1,-1,-1,-1,-1,1,-1,-1,1,-1,-1,-1,1,1,-1,-1,-1,-1,-1,1,-1,-1,-1,-1,-1,1,1,1,-1,-1,-1,-1,-1,1,1,-1,-1,-1,-1,-1,1,1,1,-1,-1,-1,-1,1,1,-1,-1,-1,-1,1,1,1,1,-1,-1,1,1,1,1,1,-1,-1,-1,1,1,1,-1,1,-1,1,1,1,1,-1,1,-1,-1,1,-1,1,-1,1,-1,-1,1,-1,1,-1,-1,-1,-1,1,-1,1,-1,1,-1,-1,1,-1,1,-1,1,-1,-1,1,-1,1,-1,-1,-1,-1,1,1,-1,-1,-1,-1,-1,1,-1,1,-1,-1,-1,-1,-1,-1,-1,1,-1,-1,-1,1,-1,-1,1,-1,-1,-1,-1,-1,1,1,-1,-1,-1,-1,-1,1,-1,-1,-1,1,-1,-1,1,-1,1,-1,-1,-1,-1,-1,-1,-1,1,-1,-1,-1,1,1,1,-1,-1,-1,1,-1,-1,-1,-1,1,-1,-1,1,-1,1,-1,-1,-1,-1,1,-1,1,1,-1,1,-1,-1,1,1,-1,-1,-1,-1,-1,-1,1,1,-1,-1,1,-1,1,1,-1,-1,-1,1,-1,1,1,-1,-1,1,-1,-1,1,1,1,-1,1,-1,1,1,1,-1,-1,1,-1,-1,1,1,1,-1,1,-1,-1,1,1,-1,1,1,-1,-1,1,1,1,1,1,-1,-1,1,1,1,1,1,-1,-1,1,1,1,1,1,1,-1,-1,1,1,1,1,-1,-1,1,-1,1,1,1,1,-1,-1,1,-1,1,1,1,-1,1,1,1,1,-1,1,-1,1,1,1,1,1,1,1,-1,1,1,1,1,-1,1,-1,1,1,1,1,1,-1,1,1,1,1,-1,1,1,-1,1,1,-1,1,1,-1,-1,1,1,1,1,-1,1,-1,1,1,1,-1,-1,1,-1,1,1,1,-1,1,-1,-1,-1,1,1,-1,-1,1,-1,-1,1,1,1,-1,1,-1,-1,1,1,1,-1,1,-1,-1,1,1,-1,-1,-1,1,-1,-1,1,-1,1,1,-1,1,1,-1,-1,1,-1,-1,-1,-1,1,-1,1,1,-1,1,1,-1,-1,-1,-1,1,-1,-1,-1,-1,1,-1,-1,1,1,-1,1,1,-1,1,1,1,1,-1,1,-1,1,1,1,1,-1,1,-1,-1,1,1,1,-1,1,-1,1,1,1,1,-1,1,-1,1,1,-1,-1,-1,1,-1,-1,1,1,-1,-1,-1,1,-1,1,-1,1,-1,1,-1,-1,1,-2670.0,1,2000,445,500,False
779,1,1,-1,-1,1,1,-1,-1,1,1,1,-1,1,1,1,1,-1,1,-1,-1,-1,-1,1,1,1,-1,1,-1,1,1,1,1,-1,-1,-1,-1,1,-1,1,1,-1,-1,-1,1,1,1,1,-1,1,1,1,1,-1,1,-1,-1,1,-1,1,1,1,-1,-1,-1,1,1,1,1,-1,-1,-1,1,1,1,1,-1,-1,-1,1,1,1,-1,-1,-1,1,1,1,1,-1,-1,1,1,1,1,1,-1,-1,-1,1,-1,1,1,-1,-1,1,1,1,1,1,-1,-1,-1,1,-1,1,1,-1,-1,1,1,1,1,1,1,-1,-1,1,1,-1,1,1,-1,1,1,1,1,1,1,-1,1,1,1,-1,1,1,-1,1,1,1,1,1,1,-1,-1,-1,1,-1,1,1,-1,1,1,1,1,-1,1,-1,1,-1,1,1,1,-1,-1,1,1,1,1,1,-1,1,-1,-1,1,1,1,-1,1,1,1,1,-1,1,1,1,1,-1,1,-1,1,-1,1,1,-1,1,-1,1,1,-1,1,-1,1,-1,1,-1,1,1,-1,-1,-1,1,1,1,1,-1,-1,1,1,-1,-1,1,-1,1,1,-1,1,-1,1,-1,1,-1,1,-1,1,1,-1,-1,1,1,1,-1,1,-1,1,1,1,-1,1,1,-1,1,-1,1,-1,1,-1,1,-1,1,1,-1,1,-1,-1,-1,1,1,-1,1,-1,-1,-1,-1,1,-1,-1,1,1,-1,-1,1,1,-1,1,1,-1,1,1,1,1,-1,1,-1,1,1,-1,1,-1,1,1,-1,1,1,1,1,1,-1,-1,1,-1,-1,1,1,1,-1,1,1,1,-1,1,-1,-1,1,1,1,1,1,-1,1,1,1,-1,1,1,-1,1,1,1,-1,1,1,-1,1,-1,1,1,-1,1,-1,1,1,1,-1,1,1,-1,1,1,1,-1,1,-1,-1,1,1,1,-1,1,-1,-1,1,1,1,-1,1,-1,-1,-1,-1,1,-1,1,1,-1,1,1,1,1,-1,1,-1,-1,-1,1,-1,1,-1,-1,1,-1,-1,-1,1,-1,-1,1,-1,1,-1,1,-1,1,-1,1,1,1,1,-1,1,-1,1,1,-1,1,-1,-1,-1,-1,1,1,-1,1,-1,-1,1,-1,1,-1,-1,-1,1,-1,-1,1,-1,1,-1,1,-1,1,1,-1,-1,-1,1,1,-1,1,-1,1,-1,-1,1,-1,1,-1,-1,-1,-1,1,-1,-1,1,1,-1,-1,-1,-1,1,1,-1,1,-1,1,-1,1,-1,1,-1,-1,1,-1,-1,-1,-1,-1,1,1,-1,1,-1,1,-1,1,-1,1,1,-1,1,-1,1,-1,-1,1,-1,-1,-1,1,-1,1,-1,-1,1,-1,1,-1,-1,1,-1,-1,1,-1,1,-1,1,-1,1,-1,1,1,-1,-1,-1,1,-1,1,-1,-1,1,-1,1,1,1,1,-1,-1,1,1,-1,1,1,-1,-1,1,1,1,-1,1,1,-1,1,1,1,1,-1,1,1,-1,-1,-1,1,-1,1,1,-1,1,-1,1,-1,1,-1,-1,-1,1,1,-1,1,1,-1,-1,-1,1,-1,1,1,-1,1,-1,1,-1,-1,-1,-1,-1,-1,1,-1,-1,-1,-1,-1,-1,1,-1,1,1,1,1,-1,1,-1,1,1,-1,-1,-1,1,-1,-1,1,-1,1,-1,-1,1,1,1,1,-1,-1,1,1,1,1,-1,1,-1,-1,1,1,1,-1,-1,-1,1,1,1,1,-1,1,-1,1,-1,1,-1,1,1,-1,-1,1,1,1,-1,-1,-1,1,1,1,1,1,-1,-1,-1,1,1,1,1,-1,-1,-1,1,-1,1,-1,-1,-1,-1,1,1,1,1,-1,1,-1,1,-1,1,1,-1,-1,-1,1,1,-1,1,-1,-1,-1,1,1,1,1,-1,-1,1,-1,1,-1,1,-1,1,1,-1,1,1,-1,-1,-1,1,1,-1,1,1,-1,1,1,1,-1,1,-1,-1,-1,1,-1,1,-1,-1,-1,1,-1,1,-1,1,1,-1,-1,-1,1,-1,1,-1,1,-1,1,1,-1,1,-1,1,1,-1,-1,-1,1,-1,-1,-1,1,1,1,-1,-1,-1,-1,1,-1,-1,1,-1,-1,-1,-1,-1,-1,1,-1,-1,-1,1,-1,-1,1,-1,-1,-1,-1,-1,1,1,-1,-1,-1,-1,-1,1,-1,-1,-1,1,-1,-1,1,-1,1,-1,-1,-1,-1,-1,-1,-1,1,-1,-1,-1,1,1,-1,-1,-1,1,-1,1,-1,-1,-1,1,-1,-1,1,-1,1,-1,-1,-1,-1,1,-1,1,1,-1,1,-1,-1,1,1,-1,-1,-1,-1,-1,-1,1,1,-1,-1,1,-1,1,1,-1,-1,-1,1,-1,1,1,-1,-1,1,-1,-1,1,1,1,-1,1,-1,1,1,1,-1,-1,1,-1,-1,1,-1,1,-1,1,-1,-1,1,1,-1,1,1,-1,-1,1,1,-1,1,1,-1,-1,1,1,-1,1,1,-1,-1,1,1,1,1,1,1,-1,1,1,1,-1,1,-1,-1,1,-1,1,1,1,1,-1,-1,1,-1,1,1,1,-1,1,1,1,1,-1,1,-1,1,1,1,1,1,1,1,-1,1,1,1,1,-1,1,-1,1,1,1,1,1,-1,1,1,1,1,-1,1,1,-1,1,1,-1,1,1,-1,-1,1,1,1,1,-1,1,-1,1,1,1,-1,-1,1,-1,1,1,1,-1,1,-1,-1,-1,1,1,-1,-1,1,-1,-1,1,1,-1,-1,1,-1,1,-1,1,1,-1,1,-1,-1,1,1,-1,-1,-1,1,1,-1,1,-1,1,1,-1,1,1,-1,-1,1,1,-1,-1,1,1,-1,1,1,1,1,1,-1,-1,-1,-1,1,-1,-1,-1,-1,-1,1,1,1,1,-1,1,1,-1,1,1,1,1,-1,1,-1,1,1,1,-1,-1,1,-1,1,1,1,-1,-1,1,-1,1,1,1,-1,-1,1,-1,1,1,1,1,-1,1,-1,1,1,1,1,-1,-1,1,-1,1,-1,1,-1,1,-1,1,1,-2670.0,1,2000,445,500,False
780,1,1,-1,-1,1,-1,-1,-1,1,1,1,-1,1,1,1,1,-1,1,-1,-1,-1,-1,1,1,1,-1,-1,-1,1,1,1,1,1,-1,-1,-1,1,1,1,1,-1,-1,-1,1,1,1,1,-1,1,1,1,1,-1,1,-1,-1,1,-1,1,1,1,-1,-1,-1,1,1,1,1,-1,-1,-1,1,1,1,1,-1,-1,-1,1,1,1,-1,-1,-1,1,1,1,1,-1,-1,-1,1,1,1,1,-1,-1,1,1,-1,1,1,-1,-1,1,1,1,1,1,-1,-1,-1,1,-1,1,1,-1,-1,1,1,1,1,1,1,-1,-1,1,1,-1,1,1,-1,1,1,1,1,1,1,-1,1,1,1,1,1,1,-1,1,1,1,1,1,1,-1,-1,-1,1,1,1,1,-1,1,1,1,1,-1,1,-1,1,-1,1,1,1,-1,-1,1,1,1,1,1,-1,1,-1,-1,1,-1,1,-1,1,1,1,1,1,1,1,1,1,-1,1,-1,1,-1,1,1,-1,1,-1,1,1,-1,1,-1,1,-1,1,-1,1,1,-1,1,-1,1,1,1,1,-1,-1,1,1,-1,-1,1,-1,1,-1,-1,1,-1,1,-1,1,-1,1,-1,-1,1,-1,-1,-1,1,1,-1,1,-1,1,1,1,-1,1,1,-1,1,-1,1,-1,1,-1,1,-1,1,1,-1,1,-1,-1,-1,1,1,-1,1,-1,-1,-1,1,1,-1,-1,1,1,-1,-1,1,1,-1,1,1,-1,1,1,1,1,-1,1,-1,1,1,-1,1,-1,1,-1,1,1,1,1,1,1,-1,-1,1,-1,-1,-1,1,1,-1,1,1,1,-1,1,1,1,1,1,1,-1,1,-1,1,1,1,-1,-1,1,-1,1,1,1,-1,1,1,-1,-1,1,1,1,-1,1,-1,1,1,1,-1,1,1,-1,1,1,1,-1,1,1,-1,1,1,1,-1,1,1,-1,-1,1,1,-1,1,1,-1,1,-1,1,-1,1,1,1,-1,1,1,1,1,1,1,-1,1,1,-1,1,1,1,-1,-1,-1,-1,1,1,1,-1,1,1,-1,1,1,-1,-1,1,1,1,1,1,-1,1,1,1,-1,1,1,1,1,-1,1,1,1,-1,1,-1,1,1,1,1,1,1,-1,-1,-1,1,-1,-1,1,-1,1,-1,1,1,1,1,1,-1,-1,1,-1,-1,1,-1,1,-1,1,1,-1,1,1,1,-1,-1,1,-1,1,1,-1,-1,1,1,1,-1,1,-1,-1,-1,1,-1,1,1,-1,-1,1,1,1,1,-1,1,-1,1,-1,1,1,-1,-1,-1,1,-1,1,1,-1,-1,-1,1,-1,1,1,1,-1,-1,1,-1,-1,1,-1,-1,-1,1,-1,1,1,1,-1,-1,1,1,-1,1,-1,-1,-1,-1,-1,-1,1,-1,-1,-1,1,-1,-1,1,-1,-1,-1,-1,1,-1,1,-1,-1,1,-1,1,-1,-1,1,1,1,-1,1,-1,1,-1,1,-1,1,-1,-1,-1,1,-1,-1,1,1,1,-1,1,-1,1,1,1,-1,1,1,-1,-1,-1,1,-1,-1,1,-1,-1,1,1,1,-1,1,-1,-1,1,1,-1,-1,1,-1,-1,1,1,-1,-1,1,-1,-1,-1,1,1,-1,1,1,-1,-1,1,-1,-1,1,-1,1,-1,1,1,-1,-1,1,-1,-1,-1,-1,-1,1,1,1,-1,-1,1,-1,-1,1,-1,-1,1,-1,-1,1,1,-1,-1,1,1,-1,1,1,-1,1,-1,1,-1,-1,1,1,-1,-1,-1,-1,-1,1,-1,-1,1,-1,-1,-1,1,1,-1,-1,-1,-1,-1,1,-1,-1,-1,-1,-1,1,1,1,-1,-1,-1,-1,-1,1,1,-1,-1,-1,-1,-1,1,1,1,-1,-1,-1,-1,1,1,-1,-1,-1,-1,1,1,1,1,1,-1,1,1,1,1,1,1,-1,-1,1,1,1,1,1,-1,1,1,1,1,-1,1,-1,-1,1,-1,1,-1,1,-1,-1,1,-1,1,-1,1,-1,-1,1,-1,1,-1,1,-1,-1,1,-1,1,1,1,-1,-1,1,-1,1,1,1,-1,-1,1,1,-1,1,1,-1,-1,1,-1,1,-1,1,-1,-1,-1,-1,-1,1,1,-1,-1,1,-1,-1,1,1,-1,-1,-1,-1,1,-1,1,-1,-1,-1,-1,1,1,-1,-1,1,-1,-1,1,-1,1,-1,-1,-1,-1,-1,1,1,1,-1,-1,-1,1,1,1,-1,-1,1,1,-1,-1,1,-1,1,-1,-1,1,1,1,-1,-1,-1,-1,1,-1,1,1,-1,1,-1,-1,1,1,-1,-1,-1,-1,-1,-1,1,1,-1,-1,1,-1,1,1,-1,-1,-1,1,-1,1,1,-1,-1,1,-1,-1,1,1,1,-1,1,-1,1,1,1,-1,-1,1,-1,-1,1,1,1,-1,1,-1,-1,1,1,-1,1,1,-1,-1,1,1,1,1,1,-1,-1,1,1,1,1,1,-1,-1,1,1,1,1,-1,1,-1,-1,1,1,-1,1,-1,-1,1,-1,1,1,1,1,-1,-1,1,-1,1,1,1,-1,1,1,1,1,-1,1,-1,1,1,1,1,1,1,1,-1,1,1,1,1,-1,1,-1,1,1,1,1,1,-1,1,1,1,1,-1,1,1,-1,1,1,-1,1,1,-1,-1,1,1,1,1,-1,1,-1,1,1,1,-1,-1,1,-1,1,1,1,-1,1,-1,-1,-1,1,1,-1,-1,1,-1,-1,1,1,1,-1,1,-1,-1,1,1,1,-1,1,-1,-1,1,1,-1,-1,1,1,-1,-1,1,-1,1,1,-1,1,1,-1,-1,1,-1,-1,-1,1,1,-1,1,1,-1,1,1,-1,-1,1,-1,1,-1,-1,-1,-1,1,-1,-1,1,1,-1,1,1,-1,1,1,1,1,-1,1,-1,1,1,1,-1,-1,1,-1,-1,1,1,-1,-1,1,-1,1,1,1,-1,-1,1,-1,1,1,1,1,-1,1,-1,-1,1,1,-1,-1,-1,1,-1,1,-1,1,-1,1,-1,-1,1,-2670.0,1,2000,445,500,False
781,1,1,-1,-1,1,-1,-1,-1,1,1,1,-1,1,1,1,1,-1,1,-1,-1,-1,-1,1,1,1,-1,-1,-1,1,1,1,1,1,-1,-1,-1,1,-1,1,1,-1,-1,-1,1,1,1,1,-1,1,1,1,1,-1,1,-1,-1,1,-1,1,1,-1,-1,-1,-1,1,1,1,1,-1,-1,-1,1,1,1,1,-1,-1,-1,1,1,1,-1,-1,-1,1,1,1,1,-1,-1,1,1,1,1,1,-1,-1,-1,1,-1,1,1,-1,-1,1,1,1,1,1,-1,-1,-1,1,-1,1,1,-1,-1,1,1,1,1,1,1,-1,-1,1,1,-1,1,1,-1,1,1,1,1,1,1,-1,1,1,1,1,1,1,-1,1,1,1,1,1,1,-1,-1,-1,1,1,1,1,-1,1,1,1,1,-1,1,-1,1,-1,1,1,1,-1,-1,1,1,1,1,1,-1,1,-1,-1,1,-1,1,-1,1,1,1,1,1,1,1,1,1,-1,1,-1,1,-1,1,1,-1,1,-1,1,1,-1,1,-1,1,-1,1,-1,1,1,-1,1,-1,1,1,1,1,-1,-1,1,1,-1,-1,1,-1,1,-1,-1,1,-1,1,-1,1,-1,1,-1,1,1,-1,-1,-1,1,1,-1,1,-1,1,1,1,-1,1,1,-1,1,-1,1,-1,1,-1,1,-1,1,1,-1,1,-1,-1,-1,1,1,-1,1,-1,-1,-1,1,1,-1,-1,1,1,-1,-1,1,1,-1,1,1,-1,1,1,1,1,-1,1,-1,1,1,-1,1,-1,1,-1,1,1,1,1,1,1,-1,-1,1,-1,-1,1,1,1,-1,1,1,1,-1,1,1,1,1,1,1,1,1,-1,1,1,1,-1,-1,1,-1,1,1,1,-1,1,1,-1,-1,1,1,1,-1,1,-1,1,1,1,-1,1,1,-1,1,1,1,-1,1,1,-1,1,1,1,-1,1,1,-1,-1,1,1,-1,1,1,-1,1,-1,1,-1,1,1,1,-1,1,1,1,-1,1,1,-1,1,1,-1,1,1,1,-1,-1,-1,-1,1,1,1,-1,1,1,-1,1,1,-1,-1,1,1,1,1,1,-1,1,1,1,-1,1,1,1,-1,-1,1,1,1,-1,1,-1,1,1,1,1,1,1,-1,-1,-1,1,-1,-1,1,1,-1,1,1,-1,1,1,1,1,-1,1,-1,-1,1,-1,1,-1,1,1,1,1,1,1,-1,-1,1,-1,1,1,1,-1,1,1,1,-1,1,1,-1,-1,1,-1,1,1,1,-1,1,1,1,1,1,1,-1,1,-1,-1,1,1,-1,-1,1,-1,1,1,1,-1,-1,1,-1,1,1,1,-1,-1,1,-1,-1,1,1,-1,-1,1,-1,1,1,1,1,-1,1,-1,-1,1,1,1,-1,-1,-1,1,1,1,-1,-1,1,-1,-1,1,-1,1,-1,-1,1,-1,1,-1,1,-1,-1,1,-1,-1,1,1,1,-1,1,-1,1,-1,-1,-1,1,-1,-1,-1,1,-1,-1,-1,1,1,-1,1,-1,1,1,1,-1,1,1,-1,-1,-1,1,-1,-1,1,-1,-1,1,1,1,-1,1,-1,-1,1,1,-1,-1,1,-1,-1,1,1,-1,-1,1,-1,-1,-1,1,1,-1,1,1,-1,-1,1,-1,-1,1,-1,1,-1,1,1,-1,-1,1,-1,-1,-1,-1,-1,1,1,1,-1,-1,1,-1,-1,1,-1,-1,1,-1,-1,1,1,-1,-1,1,1,-1,1,1,-1,1,-1,1,-1,-1,1,1,-1,-1,-1,-1,-1,1,-1,-1,1,-1,-1,-1,1,1,-1,-1,-1,-1,-1,1,-1,-1,-1,-1,-1,1,1,1,-1,-1,-1,-1,-1,1,1,-1,-1,-1,-1,-1,1,1,1,-1,-1,-1,-1,1,1,-1,-1,-1,-1,1,1,1,1,-1,-1,1,1,1,1,1,-1,-1,-1,1,1,1,-1,1,-1,1,1,1,1,-1,1,-1,-1,1,-1,1,-1,1,-1,-1,1,-1,1,-1,-1,-1,-1,1,-1,1,-1,1,1,-1,1,-1,1,-1,1,1,-1,1,-1,1,-1,-1,-1,-1,1,1,-1,-1,-1,-1,-1,1,-1,1,-1,-1,-1,-1,-1,-1,-1,1,-1,-1,-1,1,-1,-1,1,-1,-1,-1,-1,-1,-1,1,-1,-1,-1,-1,-1,1,-1,-1,-1,1,-1,-1,1,-1,1,-1,-1,-1,-1,-1,-1,-1,1,-1,-1,-1,1,1,-1,-1,-1,1,-1,-1,-1,-1,-1,1,-1,-1,1,-1,1,-1,-1,-1,-1,1,-1,1,1,-1,1,-1,-1,1,1,-1,-1,-1,-1,-1,-1,1,1,-1,-1,1,-1,1,1,-1,-1,-1,1,-1,1,1,-1,-1,1,-1,-1,1,1,1,-1,1,-1,1,1,1,-1,-1,1,-1,-1,1,1,1,-1,1,-1,-1,1,1,-1,1,1,-1,-1,1,1,1,1,1,-1,-1,1,1,1,1,1,-1,-1,1,1,1,1,1,1,-1,-1,1,1,-1,1,-1,-1,1,-1,1,1,1,1,-1,-1,1,-1,1,1,1,-1,1,1,1,1,-1,1,-1,1,1,1,1,1,1,1,-1,1,1,1,1,-1,1,-1,1,1,1,1,1,-1,1,1,1,1,-1,1,1,-1,1,1,-1,1,1,-1,-1,1,1,1,1,-1,1,-1,1,1,1,-1,-1,1,-1,1,1,1,-1,1,-1,-1,-1,1,1,-1,-1,1,-1,-1,1,1,1,-1,1,-1,-1,1,1,1,-1,1,-1,-1,1,1,-1,-1,-1,1,-1,-1,1,-1,1,1,-1,1,1,-1,-1,1,1,-1,-1,1,1,-1,1,1,-1,1,1,-1,-1,-1,-1,1,-1,-1,-1,-1,1,-1,-1,1,1,-1,1,1,-1,1,1,1,1,-1,1,-1,1,1,1,-1,-1,1,-1,-1,1,1,-1,-1,1,-1,1,1,1,-1,-1,1,-1,1,1,1,1,-1,1,-1,-1,1,1,1,-1,-1,1,-1,1,-1,1,-1,1,-1,-1,1,-2670.0,1,2000,445,500,False
782,1,1,-1,-1,1,-1,-1,-1,1,1,1,-1,1,1,1,1,-1,1,-1,-1,-1,-1,1,1,1,-1,1,-1,1,1,1,1,1,-1,-1,-1,1,-1,1,1,-1,-1,-1,1,1,1,1,-1,1,1,1,1,-1,1,-1,-1,1,-1,1,1,-1,-1,-1,-1,1,1,1,1,-1,-1,-1,1,1,1,1,-1,-1,-1,1,1,1,-1,-1,-1,1,1,1,1,-1,-1,1,1,1,1,1,-1,-1,-1,1,-1,1,1,-1,-1,1,1,1,1,1,-1,-1,-1,1,-1,1,1,-1,-1,1,1,1,1,1,1,-1,-1,1,1,-1,1,1,-1,1,1,1,1,1,1,-1,1,1,1,1,1,1,-1,1,1,1,1,1,1,-1,-1,-1,1,1,1,1,-1,1,1,1,1,-1,1,-1,1,-1,1,1,1,-1,-1,1,1,1,1,1,-1,1,-1,-1,1,-1,1,-1,1,1,1,1,1,1,1,1,1,-1,1,-1,1,-1,1,1,-1,1,-1,1,1,-1,1,-1,1,-1,1,-1,1,1,-1,1,-1,1,1,1,1,-1,-1,1,1,-1,-1,1,-1,1,-1,-1,1,-1,1,-1,1,-1,1,-1,-1,1,-1,-1,-1,1,1,-1,1,-1,1,1,1,-1,1,1,-1,1,-1,1,-1,1,-1,1,-1,1,1,-1,1,-1,-1,-1,1,1,-1,1,-1,-1,-1,1,1,-1,-1,1,1,-1,-1,1,1,-1,1,1,-1,1,1,1,1,-1,1,-1,1,1,-1,1,-1,1,1,-1,1,1,1,1,1,-1,-1,1,-1,-1,-1,1,1,-1,1,1,1,-1,1,-1,-1,1,1,1,1,1,-1,1,1,1,-1,-1,1,-1,1,1,1,-1,1,1,-1,1,-1,1,1,-1,1,-1,1,1,1,-1,1,1,-1,1,1,1,-1,1,-1,-1,1,1,1,-1,1,-1,-1,1,1,1,-1,1,-1,-1,-1,-1,1,-1,1,1,-1,1,1,1,1,-1,1,-1,-1,-1,1,-1,1,-1,-1,1,-1,-1,-1,1,1,-1,1,-1,1,-1,1,-1,1,-1,1,1,1,1,-1,1,-1,1,1,-1,1,-1,-1,-1,-1,1,1,1,1,-1,-1,1,1,1,1,-1,-1,1,-1,-1,1,-1,1,-1,1,-1,1,1,1,-1,-1,1,1,-1,1,-1,1,-1,-1,1,-1,1,1,-1,-1,-1,1,-1,-1,1,1,-1,-1,1,-1,1,1,-1,1,-1,1,-1,-1,1,1,-1,1,1,-1,1,1,-1,-1,1,1,-1,1,-1,1,-1,1,-1,-1,1,-1,1,-1,1,-1,-1,1,-1,-1,-1,1,-1,-1,1,-1,1,-1,1,-1,-1,1,-1,-1,1,-1,1,-1,1,-1,1,-1,1,1,-1,-1,-1,1,-1,1,-1,-1,1,-1,1,1,-1,1,-1,-1,1,1,-1,-1,1,-1,-1,1,1,1,1,1,1,-1,1,1,1,-1,1,1,1,-1,-1,-1,1,-1,-1,1,-1,1,-1,1,-1,1,-1,-1,-1,1,1,-1,1,1,-1,-1,-1,1,-1,1,1,-1,1,-1,1,-1,-1,-1,-1,-1,-1,1,-1,-1,-1,-1,-1,-1,1,-1,1,1,1,1,-1,1,-1,1,1,-1,-1,-1,1,-1,-1,1,-1,1,-1,-1,1,1,1,1,-1,-1,1,1,1,1,-1,1,-1,-1,1,1,1,-1,-1,-1,1,1,1,1,-1,1,-1,1,-1,1,-1,1,1,-1,-1,1,1,1,-1,-1,-1,-1,1,1,1,1,-1,-1,-1,1,1,1,1,-1,-1,-1,1,-1,1,-1,-1,-1,1,1,1,1,1,-1,-1,-1,1,-1,1,-1,-1,-1,-1,1,1,-1,1,-1,-1,-1,1,1,1,1,-1,-1,1,1,1,-1,1,-1,1,1,-1,1,1,-1,-1,-1,1,1,-1,1,1,-1,1,1,1,-1,1,1,-1,-1,1,-1,1,-1,1,-1,-1,1,1,-1,1,-1,-1,-1,1,-1,-1,1,-1,1,-1,1,1,-1,-1,1,1,-1,1,-1,-1,1,-1,-1,-1,1,1,1,-1,-1,-1,-1,1,-1,1,-1,-1,-1,-1,-1,-1,-1,1,-1,-1,-1,1,-1,-1,1,-1,-1,-1,-1,-1,1,1,-1,-1,-1,-1,-1,1,-1,-1,-1,1,-1,-1,1,-1,1,-1,-1,-1,-1,-1,-1,-1,1,-1,-1,-1,1,1,-1,-1,-1,1,-1,1,-1,-1,-1,1,-1,-1,1,-1,1,-1,-1,-1,-1,1,-1,1,1,-1,1,-1,-1,1,1,-1,-1,-1,-1,-1,-1,1,1,-1,-1,1,-1,1,1,-1,-1,-1,1,-1,1,1,-1,-1,1,-1,-1,1,1,1,-1,1,-1,1,1,1,-1,-1,1,-1,-1,1,-1,1,-1,1,-1,-1,1,1,-1,1,1,-1,-1,1,1,1,1,1,-1,-1,1,1,1,1,1,-1,-1,1,1,1,1,-1,1,-1,-1,1,1,1,1,-1,-1,1,-1,1,1,1,1,-1,-1,1,-1,1,1,1,-1,1,1,1,1,-1,1,-1,1,1,1,1,1,1,1,-1,1,1,1,1,-1,1,-1,1,1,1,1,1,-1,1,1,1,1,-1,1,1,-1,1,1,-1,1,1,-1,-1,1,1,1,1,-1,1,-1,1,1,1,-1,-1,1,-1,1,1,1,-1,1,-1,-1,-1,1,1,-1,-1,1,-1,-1,1,1,-1,-1,1,-1,-1,1,1,1,-1,1,-1,-1,1,1,-1,-1,-1,1,-1,-1,1,-1,1,1,-1,1,1,-1,-1,1,-1,-1,-1,1,1,-1,1,1,-1,1,1,-1,-1,-1,-1,1,-1,-1,-1,-1,1,-1,-1,1,1,-1,1,1,-1,1,1,1,1,-1,1,-1,1,1,1,-1,-1,1,-1,-1,1,1,-1,-1,1,-1,1,1,1,-1,-1,1,-1,1,1,1,1,-1,1,-1,-1,1,1,1,-1,-1,1,-1,1,-1,1,-1,1,-1,-1,1,-2670.0,1,2000,445,500,False
783,1,1,-1,-1,1,1,-1,-1,1,1,1,-1,1,1,1,1,-1,1,-1,-1,1,-1,1,1,1,-1,1,-1,1,1,1,1,-1,1,-1,-1,1,1,1,1,-1,-1,-1,1,1,1,1,-1,1,1,1,1,-1,1,-1,-1,1,-1,1,1,1,-1,1,-1,1,1,1,1,-1,-1,-1,1,1,1,1,-1,1,-1,1,1,1,-1,-1,1,1,1,1,1,-1,-1,-1,1,1,1,1,-1,1,1,1,-1,1,1,-1,-1,1,1,1,1,1,-1,-1,1,1,-1,1,1,-1,-1,1,1,1,1,1,1,-1,1,1,1,-1,1,1,-1,1,1,1,1,1,1,-1,1,1,1,1,1,1,-1,-1,1,1,1,1,1,-1,1,-1,1,1,1,1,-1,1,1,1,1,-1,1,-1,1,-1,1,1,1,-1,-1,1,1,1,1,1,-1,1,-1,-1,1,-1,1,-1,1,1,1,1,1,1,1,1,1,-1,1,-1,1,-1,1,1,-1,1,-1,1,1,-1,1,-1,1,-1,1,-1,1,1,-1,-1,-1,1,1,1,1,-1,-1,1,1,-1,-1,1,-1,1,-1,-1,1,-1,1,-1,1,-1,1,-1,1,1,-1,-1,-1,1,1,-1,1,-1,1,1,1,-1,1,1,-1,1,-1,1,-1,1,-1,1,-1,1,1,-1,1,-1,-1,-1,1,1,-1,1,-1,-1,-1,1,1,-1,-1,1,1,-1,-1,1,1,-1,1,1,-1,1,1,1,1,-1,1,-1,1,1,-1,1,-1,1,-1,1,1,1,1,1,1,-1,-1,1,-1,-1,1,1,1,-1,1,1,1,-1,1,1,1,1,1,1,1,1,-1,1,1,1,-1,1,1,-1,1,1,1,-1,1,1,-1,-1,1,1,1,-1,1,-1,1,1,1,-1,1,1,-1,1,1,1,-1,1,1,-1,1,1,1,-1,1,1,-1,-1,1,1,-1,1,1,-1,1,-1,1,-1,1,1,1,-1,1,1,1,-1,1,1,-1,1,1,-1,1,1,1,-1,-1,-1,-1,1,1,1,-1,1,1,-1,1,1,-1,-1,1,1,1,1,1,-1,1,1,1,-1,1,1,1,-1,-1,1,1,1,-1,1,-1,1,1,1,-1,1,1,-1,-1,-1,1,-1,-1,1,1,-1,1,1,-1,1,1,1,1,-1,1,-1,-1,1,-1,1,-1,1,1,1,1,1,1,-1,-1,1,-1,1,1,1,-1,1,1,1,-1,1,1,-1,-1,1,-1,1,1,1,-1,1,1,1,1,1,1,-1,1,-1,1,1,1,-1,-1,1,-1,-1,1,1,-1,-1,1,-1,1,1,1,-1,-1,1,-1,-1,1,1,-1,-1,1,-1,1,1,1,1,-1,1,-1,-1,-1,1,1,-1,-1,-1,1,-1,1,-1,-1,1,-1,-1,1,-1,1,-1,-1,1,-1,1,-1,1,-1,-1,1,-1,-1,1,1,1,-1,1,-1,1,-1,-1,-1,1,-1,-1,-1,1,-1,-1,1,1,1,-1,1,-1,1,1,1,-1,1,1,-1,1,-1,1,-1,-1,1,-1,-1,1,1,1,-1,1,-1,-1,1,1,-1,-1,1,-1,-1,1,1,-1,-1,1,-1,-1,-1,1,1,-1,1,1,-1,-1,1,-1,-1,1,-1,1,-1,1,1,-1,-1,1,-1,-1,-1,-1,-1,1,1,1,-1,1,1,-1,-1,1,-1,-1,-1,-1,-1,1,1,-1,-1,-1,1,-1,1,1,-1,1,1,1,-1,-1,1,1,-1,-1,-1,-1,1,1,-1,-1,1,-1,-1,-1,1,1,-1,-1,-1,-1,-1,1,-1,-1,1,-1,-1,-1,1,1,-1,1,-1,-1,1,1,1,-1,-1,-1,-1,-1,1,1,1,-1,-1,-1,-1,1,1,-1,-1,-1,-1,1,1,1,1,-1,-1,1,1,1,1,1,-1,-1,-1,1,1,1,1,1,-1,1,1,1,1,-1,1,-1,-1,1,-1,1,-1,1,-1,-1,1,-1,1,-1,-1,-1,-1,1,-1,1,-1,1,-1,-1,1,-1,1,-1,1,-1,-1,1,-1,1,-1,-1,-1,-1,1,1,-1,-1,-1,-1,-1,1,-1,1,-1,-1,-1,-1,-1,-1,-1,1,-1,-1,-1,1,-1,-1,1,-1,-1,-1,-1,-1,1,1,-1,-1,-1,-1,-1,1,-1,-1,-1,1,-1,-1,1,-1,1,-1,-1,-1,-1,-1,-1,-1,1,-1,-1,-1,1,1,-1,-1,-1,1,-1,-1,-1,-1,-1,1,-1,-1,1,-1,1,-1,-1,-1,-1,1,-1,1,1,-1,1,-1,-1,1,1,-1,-1,-1,-1,-1,-1,1,1,-1,-1,1,-1,1,1,-1,-1,-1,1,-1,1,1,-1,-1,1,-1,-1,1,1,1,-1,1,-1,1,1,1,-1,-1,1,-1,-1,1,1,1,-1,1,-1,-1,1,1,-1,1,1,-1,-1,1,1,-1,1,1,-1,-1,1,1,-1,1,1,-1,-1,1,1,1,1,1,1,-1,-1,1,1,1,1,-1,-1,1,-1,1,1,1,1,-1,-1,1,-1,1,1,1,-1,1,1,1,1,-1,1,-1,1,1,1,1,1,1,1,-1,1,1,1,1,-1,1,-1,1,1,1,1,1,-1,1,1,1,1,-1,1,1,-1,1,1,-1,1,1,-1,-1,1,1,1,1,-1,1,-1,1,1,1,-1,-1,1,-1,1,-1,1,-1,1,-1,-1,-1,1,1,-1,-1,1,-1,-1,1,-1,1,-1,1,-1,-1,-1,1,1,-1,1,-1,-1,1,1,-1,-1,-1,1,-1,1,-1,-1,1,1,-1,1,1,-1,-1,1,1,-1,-1,-1,1,-1,1,1,-1,1,-1,1,-1,-1,-1,1,-1,-1,-1,-1,-1,1,-1,1,1,-1,1,1,-1,1,1,-1,-1,-1,1,-1,1,1,1,1,-1,1,-1,-1,1,1,-1,-1,1,-1,1,1,1,1,-1,1,-1,1,1,-1,-1,-1,1,-1,-1,1,1,-1,-1,-1,1,-1,1,-1,1,-1,1,-1,1,1,-2670.0,1,2000,445,500,False
784,1,1,-1,-1,1,-1,-1,-1,1,1,1,-1,1,1,1,1,-1,1,-1,-1,-1,-1,1,1,1,-1,-1,-1,1,1,1,1,-1,-1,-1,-1,1,-1,1,1,-1,-1,-1,1,1,1,1,-1,1,1,1,1,-1,1,-1,-1,1,-1,1,1,1,-1,-1,-1,1,1,1,1,-1,-1,-1,1,1,1,1,-1,-1,-1,1,1,1,-1,-1,-1,1,1,1,1,-1,-1,-1,1,1,1,1,-1,-1,1,1,-1,1,1,-1,-1,1,1,1,1,1,-1,-1,1,1,-1,1,1,-1,-1,1,1,1,1,1,1,-1,1,1,1,-1,1,1,-1,1,1,1,1,1,1,-1,-1,1,1,1,1,1,-1,1,1,1,1,1,1,-1,-1,-1,1,1,1,1,-1,1,1,1,1,-1,1,-1,1,-1,1,1,1,-1,-1,1,1,1,1,1,-1,1,-1,-1,1,-1,1,-1,1,1,1,1,1,1,1,1,1,1,1,-1,1,-1,1,1,-1,1,-1,1,1,-1,1,-1,1,-1,1,-1,1,1,-1,-1,-1,1,1,1,1,-1,-1,1,1,-1,-1,1,-1,1,-1,-1,1,-1,1,-1,1,-1,1,-1,-1,1,-1,-1,-1,1,1,-1,1,-1,1,1,1,-1,1,1,-1,1,-1,1,-1,1,-1,1,-1,1,1,-1,1,-1,-1,-1,1,1,-1,1,-1,-1,-1,1,1,-1,-1,1,1,-1,-1,1,1,-1,1,1,-1,1,1,1,1,-1,1,-1,1,1,-1,1,-1,1,1,1,1,1,1,1,1,-1,-1,1,-1,-1,1,1,1,-1,1,1,1,-1,1,1,1,1,1,1,-1,1,-1,1,1,1,-1,-1,1,-1,1,1,1,-1,1,1,-1,-1,1,1,1,-1,1,-1,1,1,1,-1,1,1,-1,1,1,1,-1,1,1,-1,1,1,1,-1,1,1,-1,-1,1,1,-1,1,1,-1,1,-1,1,-1,1,1,1,-1,1,1,1,1,1,1,-1,1,1,-1,1,1,1,-1,-1,-1,-1,1,1,1,-1,1,1,-1,1,1,-1,-1,1,1,1,1,1,-1,1,1,1,-1,1,1,1,-1,-1,1,1,1,-1,1,-1,1,1,1,1,1,1,-1,-1,-1,1,-1,-1,1,1,-1,1,1,1,1,1,1,1,-1,1,-1,-1,1,-1,1,-1,1,1,1,1,1,1,-1,-1,1,-1,1,1,1,-1,1,1,1,-1,1,1,-1,-1,1,-1,1,1,1,-1,1,1,1,1,1,1,-1,1,-1,-1,1,1,1,-1,1,-1,1,1,1,-1,-1,1,-1,1,1,1,-1,-1,1,1,-1,1,1,-1,-1,1,-1,1,1,1,1,-1,1,-1,-1,1,1,1,-1,-1,-1,1,1,1,-1,-1,1,-1,-1,1,-1,1,-1,-1,1,-1,1,-1,1,-1,-1,1,-1,-1,1,1,1,-1,1,-1,1,-1,-1,1,1,-1,-1,-1,1,-1,-1,1,1,1,-1,1,-1,1,1,1,-1,1,1,-1,1,-1,1,-1,-1,1,-1,-1,1,1,1,-1,1,-1,-1,1,1,-1,-1,1,-1,-1,1,1,-1,-1,1,-1,-1,-1,1,1,-1,1,-1,-1,-1,1,-1,-1,1,-1,1,-1,1,1,-1,-1,1,-1,-1,-1,-1,-1,1,1,1,-1,-1,1,-1,-1,1,-1,-1,1,-1,-1,1,1,-1,-1,1,1,-1,1,1,-1,1,-1,1,-1,-1,1,1,-1,-1,-1,-1,-1,1,-1,-1,1,-1,-1,-1,1,1,-1,-1,-1,-1,-1,1,-1,-1,-1,-1,-1,-1,1,1,-1,-1,-1,-1,1,1,1,-1,-1,-1,-1,-1,1,1,1,-1,-1,-1,-1,1,1,-1,-1,-1,-1,1,1,1,1,-1,-1,1,1,1,1,1,-1,-1,-1,1,1,1,-1,1,-1,1,1,1,1,-1,1,-1,-1,1,-1,1,-1,1,-1,-1,1,-1,1,-1,-1,-1,-1,1,-1,1,-1,1,1,-1,1,-1,1,-1,1,1,-1,1,-1,1,-1,-1,-1,-1,1,1,-1,-1,-1,-1,-1,1,-1,1,-1,-1,-1,-1,-1,-1,-1,1,-1,-1,-1,1,-1,-1,1,-1,-1,-1,-1,-1,-1,1,-1,-1,-1,-1,-1,1,-1,-1,-1,1,-1,-1,1,-1,1,-1,-1,-1,-1,-1,-1,-1,1,-1,-1,-1,1,1,-1,-1,-1,1,1,-1,-1,-1,-1,1,-1,-1,1,-1,1,-1,-1,-1,-1,1,-1,1,1,-1,1,-1,-1,1,1,-1,-1,-1,-1,-1,-1,1,1,-1,-1,1,-1,1,1,-1,-1,-1,1,-1,1,1,-1,-1,1,-1,-1,1,1,1,-1,1,-1,1,1,1,-1,-1,1,-1,-1,1,-1,1,-1,1,-1,-1,1,1,-1,1,1,-1,-1,1,1,-1,1,1,-1,-1,1,1,-1,1,1,-1,-1,1,1,1,1,-1,1,-1,-1,1,1,-1,1,-1,-1,1,-1,1,1,1,1,-1,-1,1,-1,1,1,1,-1,1,1,1,1,-1,1,-1,1,1,1,1,1,1,1,-1,1,1,1,1,-1,1,-1,1,1,1,1,1,-1,1,1,1,1,-1,1,1,-1,1,1,-1,1,1,-1,-1,1,1,1,1,-1,1,-1,1,1,1,-1,-1,1,-1,1,1,1,-1,1,-1,-1,-1,1,1,-1,-1,1,-1,-1,1,1,-1,-1,1,-1,-1,1,1,1,-1,1,-1,-1,1,1,-1,-1,-1,1,-1,-1,1,-1,1,1,-1,1,1,-1,-1,1,-1,-1,-1,1,1,-1,1,1,-1,1,1,-1,-1,-1,-1,1,-1,-1,-1,-1,1,-1,-1,1,1,-1,1,1,-1,1,1,1,1,-1,1,-1,1,1,1,1,-1,1,-1,-1,1,1,1,-1,1,-1,1,1,1,1,-1,1,-1,1,1,1,-1,-1,1,-1,-1,1,1,-1,-1,-1,1,-1,1,-1,1,-1,1,-1,-1,1,-2670.0,1,2000,445,500,False
785,1,1,-1,1,1,-1,-1,-1,1,1,1,-1,1,1,1,1,-1,1,-1,-1,-1,-1,1,1,1,-1,1,-1,1,1,1,1,1,-1,-1,-1,1,-1,1,1,-1,-1,-1,1,1,1,1,-1,1,1,1,1,-1,1,-1,-1,1,-1,1,1,1,-1,-1,-1,1,1,1,1,-1,-1,-1,1,1,1,1,-1,-1,-1,1,1,1,-1,-1,-1,1,1,1,1,-1,-1,1,1,1,1,1,-1,-1,-1,1,-1,1,1,-1,-1,1,1,1,1,1,-1,-1,-1,1,-1,1,1,-1,-1,1,1,1,1,1,1,-1,-1,1,1,-1,1,1,-1,1,1,1,1,1,1,-1,1,1,1,1,1,1,-1,1,1,1,1,1,1,-1,-1,-1,1,1,1,1,-1,1,1,1,1,-1,1,-1,1,-1,1,1,1,-1,-1,1,1,1,1,1,-1,1,-1,-1,1,-1,1,-1,1,1,1,1,1,1,1,1,1,-1,1,-1,1,-1,1,1,-1,1,-1,1,1,-1,1,-1,1,-1,1,-1,1,1,-1,1,-1,1,1,1,1,-1,-1,1,1,-1,-1,1,-1,1,-1,1,1,-1,1,-1,1,-1,1,-1,1,1,-1,-1,-1,1,1,-1,1,-1,1,1,1,-1,1,1,-1,-1,-1,1,-1,1,-1,1,-1,1,1,-1,1,-1,-1,-1,1,1,-1,1,-1,-1,-1,1,1,-1,-1,1,1,-1,-1,1,1,-1,1,1,-1,1,1,1,1,-1,1,-1,1,1,-1,1,-1,1,-1,1,1,1,1,1,1,-1,-1,1,-1,-1,1,1,1,-1,1,1,1,-1,1,1,1,1,1,1,1,1,-1,1,1,1,-1,1,1,-1,1,1,1,-1,1,1,-1,-1,1,1,1,-1,1,-1,1,1,1,-1,1,1,-1,1,1,1,-1,1,1,-1,1,1,1,-1,1,1,1,-1,1,1,1,1,1,-1,1,-1,1,-1,1,1,1,-1,1,1,1,-1,1,1,-1,1,1,-1,1,1,1,-1,-1,-1,-1,1,1,1,-1,1,1,-1,1,1,-1,-1,1,1,-1,1,1,-1,1,1,1,1,1,1,1,1,-1,1,-1,-1,-1,1,-1,1,-1,-1,1,1,1,-1,1,-1,1,-1,-1,1,1,-1,1,-1,1,1,1,1,1,-1,1,-1,-1,1,-1,1,-1,-1,-1,-1,1,1,1,-1,-1,1,-1,1,1,1,-1,1,-1,1,-1,1,1,-1,-1,1,-1,1,1,1,1,-1,-1,1,1,1,1,-1,-1,1,-1,1,1,-1,1,-1,1,1,1,1,-1,-1,-1,-1,1,1,1,-1,1,-1,1,-1,1,1,-1,-1,1,-1,1,1,1,1,-1,1,-1,-1,1,1,1,-1,-1,-1,1,1,1,-1,-1,1,-1,-1,1,-1,1,-1,-1,-1,-1,1,-1,1,1,-1,1,-1,-1,1,1,1,-1,1,-1,1,-1,-1,1,1,-1,-1,-1,1,-1,-1,1,1,1,-1,1,-1,1,1,1,-1,1,1,-1,-1,-1,1,-1,-1,1,-1,-1,1,1,1,-1,1,-1,-1,1,1,-1,-1,1,-1,-1,1,1,-1,-1,1,-1,-1,-1,1,1,-1,1,1,-1,-1,1,-1,-1,1,-1,1,-1,1,1,-1,-1,1,-1,-1,-1,-1,-1,1,1,1,-1,-1,1,-1,-1,1,-1,-1,1,-1,-1,1,1,-1,-1,1,1,-1,1,1,-1,1,-1,1,-1,-1,1,1,-1,-1,-1,-1,1,1,-1,-1,1,-1,-1,-1,1,1,-1,-1,-1,-1,-1,1,-1,-1,-1,-1,-1,1,1,1,-1,-1,-1,-1,-1,1,1,-1,-1,-1,-1,-1,1,1,1,-1,-1,-1,-1,1,1,-1,-1,-1,-1,1,1,1,1,-1,-1,1,1,1,1,1,-1,-1,-1,1,1,1,1,1,-1,1,1,1,1,-1,1,-1,-1,1,-1,1,-1,1,-1,-1,1,-1,1,-1,-1,-1,-1,1,-1,1,-1,1,1,-1,1,-1,1,-1,1,1,-1,1,-1,1,-1,-1,-1,-1,1,1,-1,-1,-1,-1,-1,1,-1,1,-1,-1,-1,-1,-1,-1,-1,1,-1,-1,-1,1,-1,-1,1,-1,-1,-1,-1,-1,-1,1,-1,-1,-1,-1,-1,1,-1,-1,-1,1,-1,-1,1,-1,1,-1,-1,-1,-1,-1,-1,-1,1,-1,-1,-1,-1,1,-1,-1,-1,-1,1,-1,-1,-1,-1,1,-1,-1,1,-1,1,-1,-1,-1,-1,1,1,1,1,-1,1,-1,-1,-1,1,-1,-1,-1,-1,-1,-1,1,1,-1,-1,1,-1,1,1,-1,-1,-1,1,-1,1,1,-1,-1,1,-1,-1,1,1,1,-1,1,-1,1,1,1,-1,-1,1,-1,-1,1,1,1,-1,1,-1,-1,1,1,-1,1,1,-1,-1,1,1,-1,1,1,-1,-1,1,1,1,1,1,-1,-1,1,1,1,1,1,1,-1,1,1,1,-1,1,-1,-1,1,-1,1,1,1,1,-1,-1,1,-1,1,1,1,-1,1,1,1,1,-1,1,-1,1,1,1,1,1,1,1,-1,1,1,1,1,-1,1,-1,1,1,1,1,1,1,1,1,1,1,-1,1,-1,1,1,1,-1,1,1,1,1,-1,1,1,1,-1,1,1,1,1,1,-1,-1,1,-1,1,1,1,-1,1,-1,1,1,1,1,-1,-1,1,1,-1,1,1,-1,-1,1,1,-1,1,1,1,-1,1,-1,1,1,1,-1,-1,-1,-1,1,-1,1,-1,1,1,1,1,1,-1,-1,1,1,1,1,1,1,-1,1,-1,1,1,1,-1,-1,-1,-1,-1,-1,-1,-1,-1,1,-1,1,1,1,-1,1,1,-1,-1,1,1,1,-1,1,-1,1,1,1,-1,-1,1,-1,1,1,1,-1,-1,1,-1,1,1,1,-1,-1,1,-1,1,-1,1,1,-1,1,-1,-1,1,1,1,-1,-1,-1,1,1,-1,1,-1,1,-1,-1,1,-2670.0,1,2000,445,500,False
786,1,1,-1,-1,1,1,-1,-1,1,1,1,-1,1,1,1,1,-1,1,1,-1,-1,-1,1,1,1,1,-1,-1,1,1,1,1,-1,-1,-1,-1,1,1,1,1,-1,-1,-1,1,1,1,1,-1,1,1,1,1,-1,1,-1,-1,1,-1,1,1,1,-1,-1,-1,1,1,1,1,-1,-1,-1,1,1,1,1,-1,-1,-1,1,1,1,-1,-1,-1,1,1,1,1,-1,-1,-1,1,1,1,1,-1,-1,1,1,-1,1,1,-1,-1,1,1,1,1,1,-1,-1,-1,1,-1,1,1,-1,-1,1,1,1,1,1,1,-1,-1,1,1,-1,1,1,-1,1,1,1,1,1,1,-1,1,1,1,1,1,1,-1,1,1,1,1,1,1,-1,-1,-1,1,1,1,1,-1,1,1,1,1,-1,1,-1,1,-1,1,1,1,-1,-1,1,1,1,1,1,-1,1,-1,-1,1,-1,1,-1,1,1,1,1,1,1,1,1,1,1,1,-1,1,-1,1,1,-1,1,-1,1,1,-1,1,-1,1,-1,1,-1,1,1,-1,1,-1,1,1,1,1,-1,-1,1,1,-1,-1,1,-1,1,-1,-1,1,-1,1,-1,1,-1,1,-1,1,1,-1,-1,-1,1,1,-1,1,-1,1,1,1,-1,1,1,-1,1,-1,1,-1,1,-1,1,-1,1,1,-1,1,-1,-1,-1,1,1,-1,1,-1,-1,-1,1,1,-1,-1,1,1,-1,-1,1,1,-1,1,1,-1,1,1,1,1,-1,1,-1,1,1,-1,1,-1,1,-1,1,1,1,1,1,1,-1,-1,1,-1,-1,-1,1,1,-1,1,1,1,-1,1,1,1,1,1,1,1,1,-1,1,1,1,-1,1,1,-1,1,1,1,-1,1,1,-1,-1,1,1,1,-1,1,-1,1,1,1,-1,1,1,-1,1,1,1,-1,1,1,-1,1,1,1,-1,1,1,-1,-1,1,1,-1,1,1,-1,1,-1,1,-1,1,1,1,-1,1,1,1,-1,1,1,-1,1,1,-1,1,1,1,-1,-1,-1,-1,1,1,1,-1,1,1,-1,1,1,-1,-1,1,1,1,1,1,-1,1,1,1,-1,1,1,1,-1,-1,1,1,1,-1,1,-1,1,1,1,1,1,1,-1,-1,-1,1,-1,-1,1,-1,1,-1,1,1,1,1,1,-1,-1,1,-1,-1,1,-1,1,-1,1,1,1,1,1,1,-1,-1,1,-1,1,1,-1,-1,1,1,1,-1,1,-1,-1,-1,1,-1,1,1,-1,-1,1,1,1,1,-1,1,-1,1,-1,-1,1,-1,1,-1,1,-1,1,1,-1,-1,-1,1,-1,1,1,1,-1,-1,1,-1,-1,1,-1,-1,-1,1,-1,1,1,1,-1,-1,1,1,-1,1,-1,-1,-1,-1,-1,-1,1,-1,-1,-1,1,-1,-1,1,-1,-1,-1,-1,1,-1,1,-1,-1,-1,-1,1,-1,-1,1,1,1,-1,1,-1,1,-1,1,1,1,-1,-1,-1,1,-1,-1,-1,1,1,-1,1,-1,1,1,1,-1,1,1,-1,1,-1,1,-1,-1,1,-1,-1,1,1,1,-1,1,-1,-1,1,1,-1,-1,1,-1,-1,1,1,-1,-1,1,-1,-1,-1,1,1,-1,1,1,-1,-1,1,-1,-1,1,-1,1,-1,1,1,-1,-1,1,-1,-1,-1,-1,-1,1,1,1,-1,-1,1,-1,-1,1,-1,-1,1,-1,-1,1,1,-1,-1,1,1,-1,1,1,-1,1,-1,1,-1,-1,1,1,-1,-1,-1,-1,-1,1,-1,-1,1,-1,-1,-1,1,1,-1,-1,-1,-1,-1,1,-1,-1,-1,-1,-1,1,1,1,-1,-1,-1,-1,-1,1,1,-1,-1,-1,-1,-1,1,1,1,-1,-1,-1,-1,1,1,-1,-1,-1,-1,1,1,1,1,1,-1,1,1,1,1,1,1,-1,-1,1,1,1,1,-1,-1,1,1,1,1,-1,1,-1,-1,1,-1,1,-1,1,-1,-1,1,-1,1,-1,1,-1,-1,1,-1,1,-1,1,-1,-1,1,-1,1,1,1,-1,-1,1,-1,1,1,1,-1,-1,1,1,-1,1,1,-1,-1,1,-1,1,-1,1,-1,-1,-1,-1,-1,1,1,-1,-1,1,-1,-1,1,1,-1,-1,-1,-1,1,-1,1,-1,-1,-1,-1,1,1,-1,-1,1,-1,-1,1,-1,1,-1,-1,-1,-1,-1,1,1,1,-1,-1,-1,1,1,1,-1,-1,1,1,-1,-1,1,-1,1,-1,-1,1,1,1,-1,-1,-1,-1,1,-1,1,1,-1,1,-1,-1,1,1,-1,-1,-1,-1,-1,-1,1,1,-1,-1,1,-1,1,1,-1,-1,-1,1,-1,1,1,-1,-1,1,-1,-1,1,1,1,-1,1,-1,1,1,1,-1,-1,1,-1,-1,1,-1,1,-1,1,-1,-1,1,1,-1,1,1,-1,-1,1,1,-1,1,1,-1,-1,1,1,-1,1,1,-1,-1,1,1,1,1,1,1,-1,-1,1,-1,1,1,-1,-1,1,-1,1,1,1,1,-1,-1,1,-1,1,1,1,-1,1,1,1,1,-1,1,-1,1,1,1,1,1,1,1,-1,1,1,1,1,-1,1,-1,1,1,1,1,1,-1,1,1,1,1,-1,1,1,-1,1,1,-1,1,1,-1,-1,1,1,1,1,-1,1,-1,1,1,1,-1,-1,1,-1,1,1,1,-1,1,-1,-1,-1,1,1,-1,-1,1,-1,-1,1,1,-1,-1,1,-1,-1,1,1,1,-1,-1,-1,-1,1,1,-1,-1,-1,1,-1,1,1,-1,1,1,-1,1,1,-1,-1,1,1,-1,-1,1,1,-1,1,1,-1,1,1,-1,-1,-1,-1,1,-1,-1,-1,-1,-1,-1,-1,1,1,-1,1,1,-1,1,1,1,1,-1,1,-1,1,1,1,-1,-1,1,-1,-1,1,1,-1,-1,1,-1,1,1,1,-1,-1,1,-1,1,1,1,1,-1,1,-1,-1,1,1,-1,-1,-1,1,-1,1,1,1,-1,1,-1,-1,1,-2670.0,1,2000,445,500,False
787,1,1,-1,-1,1,1,-1,-1,1,1,1,-1,-1,1,1,1,-1,1,-1,-1,-1,1,1,1,1,-1,-1,-1,1,1,1,1,-1,-1,-1,-1,1,1,1,1,-1,-1,-1,1,1,1,1,-1,1,1,1,1,-1,1,-1,-1,1,-1,1,1,1,-1,-1,1,1,1,1,1,-1,-1,1,1,1,1,1,-1,-1,-1,1,1,1,-1,-1,-1,1,1,1,1,-1,-1,-1,1,1,1,1,-1,-1,1,1,-1,1,1,-1,-1,1,1,1,1,1,-1,-1,-1,1,-1,1,1,-1,-1,1,1,1,1,1,1,-1,-1,1,1,-1,1,1,-1,1,1,1,1,1,1,-1,1,1,1,1,1,1,-1,1,1,1,1,1,1,-1,-1,-1,1,1,1,1,-1,1,-1,1,1,-1,1,-1,1,-1,1,1,1,-1,-1,1,1,1,1,1,-1,1,-1,-1,1,-1,1,-1,1,1,1,1,1,1,1,1,1,-1,1,-1,1,-1,1,1,-1,1,-1,1,1,-1,1,-1,1,-1,1,-1,1,1,-1,1,-1,1,1,1,1,-1,-1,1,1,-1,-1,1,-1,1,-1,1,1,-1,1,-1,1,-1,1,-1,1,1,-1,-1,-1,1,1,-1,1,-1,1,1,1,-1,1,1,-1,1,-1,1,-1,1,-1,1,-1,1,1,-1,1,-1,-1,-1,1,1,-1,1,-1,-1,-1,1,1,-1,-1,1,1,-1,-1,1,1,-1,1,1,-1,1,1,1,1,-1,1,-1,1,1,-1,1,-1,1,-1,1,1,1,1,1,1,-1,-1,1,-1,-1,-1,1,1,-1,1,1,1,-1,1,1,1,1,1,1,1,1,-1,1,1,1,-1,1,1,-1,1,1,1,-1,1,1,-1,-1,1,1,1,-1,1,-1,1,1,1,-1,1,1,-1,1,1,1,-1,1,1,-1,1,1,1,-1,1,1,-1,-1,1,1,-1,1,1,-1,1,-1,1,-1,1,1,1,-1,1,1,1,-1,1,1,-1,1,1,-1,1,1,1,-1,-1,-1,-1,1,1,1,-1,1,1,-1,1,1,-1,-1,1,1,1,1,1,-1,1,1,1,-1,1,1,1,-1,-1,1,1,-1,-1,1,-1,1,-1,1,-1,1,1,-1,-1,-1,1,-1,-1,1,1,-1,1,1,-1,1,1,1,1,-1,1,-1,-1,1,-1,1,-1,1,-1,1,1,1,1,-1,-1,1,-1,1,1,1,-1,1,1,1,-1,1,1,-1,1,-1,-1,1,1,1,-1,1,-1,1,1,1,1,-1,1,-1,1,1,1,-1,1,1,-1,1,1,1,-1,-1,1,-1,1,1,1,-1,1,-1,-1,-1,1,1,-1,-1,1,-1,1,1,1,1,-1,1,-1,-1,1,1,1,-1,-1,-1,-1,1,1,-1,-1,1,-1,-1,1,-1,1,-1,-1,1,-1,1,-1,1,1,-1,1,-1,-1,1,1,1,-1,1,-1,1,-1,-1,-1,1,-1,-1,1,1,-1,-1,1,1,-1,1,1,-1,1,1,1,-1,1,1,-1,-1,-1,1,-1,-1,1,-1,-1,1,1,-1,-1,1,-1,-1,1,1,1,-1,1,-1,-1,1,1,-1,-1,1,-1,-1,-1,1,1,-1,1,1,-1,-1,1,-1,-1,1,-1,1,-1,1,1,-1,-1,1,-1,-1,-1,-1,-1,1,1,1,-1,-1,1,-1,-1,1,-1,-1,1,-1,-1,1,1,-1,-1,1,1,-1,1,1,-1,1,-1,1,-1,-1,1,1,-1,-1,-1,-1,-1,1,-1,-1,1,-1,-1,-1,1,1,-1,-1,-1,-1,-1,1,-1,-1,-1,-1,-1,1,1,1,-1,-1,-1,-1,-1,1,1,-1,-1,-1,-1,-1,1,1,1,-1,-1,-1,-1,1,1,-1,-1,-1,-1,1,1,1,1,-1,-1,1,1,1,1,1,-1,-1,-1,1,1,1,-1,1,-1,1,1,1,1,-1,1,-1,-1,1,-1,1,-1,1,-1,-1,1,-1,1,-1,-1,-1,-1,1,-1,1,-1,1,-1,-1,1,-1,1,-1,1,-1,-1,1,-1,1,-1,-1,-1,-1,1,1,-1,-1,-1,-1,-1,1,-1,1,-1,-1,-1,-1,-1,-1,-1,1,-1,-1,-1,1,-1,-1,1,-1,-1,-1,-1,-1,-1,1,-1,-1,-1,-1,-1,1,-1,-1,-1,1,-1,-1,1,-1,1,-1,-1,-1,-1,-1,-1,-1,1,-1,-1,-1,1,1,-1,-1,-1,-1,1,-1,-1,-1,-1,1,-1,-1,1,-1,1,-1,-1,-1,-1,1,-1,1,1,-1,1,-1,-1,1,1,-1,-1,-1,-1,-1,-1,1,1,-1,-1,1,-1,1,1,-1,-1,-1,1,-1,-1,1,-1,-1,1,-1,-1,1,1,1,-1,1,-1,1,1,1,-1,-1,1,-1,-1,1,1,1,-1,1,-1,-1,1,1,-1,1,1,-1,-1,1,1,-1,1,1,-1,-1,1,1,-1,1,1,-1,-1,1,1,1,1,1,1,-1,1,1,1,-1,1,-1,-1,1,-1,1,1,1,1,-1,-1,1,-1,1,1,1,-1,1,1,1,1,-1,1,-1,1,1,1,1,1,1,1,-1,1,1,1,1,-1,1,-1,1,1,1,1,1,-1,1,1,1,1,-1,1,1,-1,1,1,-1,1,1,-1,-1,1,1,1,1,-1,1,-1,1,1,1,-1,-1,1,-1,1,1,1,-1,1,-1,-1,-1,1,1,-1,-1,1,-1,-1,1,1,-1,-1,1,-1,1,1,1,1,-1,1,-1,-1,1,1,-1,-1,-1,1,1,1,1,-1,1,1,-1,1,1,-1,-1,1,1,-1,-1,1,1,-1,1,1,1,1,1,-1,-1,-1,-1,-1,-1,-1,-1,-1,-1,1,1,1,1,-1,1,1,-1,1,1,1,1,-1,1,-1,1,1,1,-1,-1,1,-1,1,1,1,-1,-1,1,-1,1,1,1,-1,-1,1,-1,1,1,1,1,-1,1,-1,1,1,1,-1,-1,-1,1,-1,1,1,1,-1,1,-1,1,1,-2670.0,1,2000,445,500,False
788,1,1,-1,-1,1,-1,-1,-1,1,1,1,-1,1,1,1,1,-1,1,-1,-1,1,-1,1,1,1,-1,1,-1,1,1,1,1,-1,-1,-1,-1,1,1,1,1,-1,-1,-1,1,1,1,1,-1,1,1,1,1,-1,1,-1,-1,1,-1,1,1,1,-1,-1,-1,1,1,1,1,-1,-1,-1,1,1,1,1,-1,-1,-1,1,1,1,-1,-1,-1,1,1,1,1,-1,1,-1,1,1,1,1,-1,-1,1,1,-1,1,1,-1,-1,1,1,1,1,1,-1,-1,1,1,1,1,1,-1,-1,1,1,1,1,1,1,-1,1,1,1,-1,1,1,-1,1,1,1,1,1,1,-1,-1,1,1,1,1,1,-1,1,1,1,1,1,1,-1,-1,-1,1,1,1,1,-1,1,1,1,1,-1,1,-1,1,-1,1,1,1,-1,-1,1,1,1,1,1,-1,1,-1,-1,1,1,1,-1,1,1,1,1,-1,1,1,1,1,-1,1,-1,1,-1,1,1,-1,1,-1,1,1,-1,1,-1,1,-1,1,-1,1,1,-1,-1,-1,1,1,1,1,-1,-1,1,1,-1,-1,1,-1,1,-1,-1,1,-1,1,-1,1,-1,1,-1,1,1,-1,-1,-1,1,1,-1,1,-1,1,1,1,-1,1,1,-1,1,-1,1,-1,1,-1,1,-1,1,1,-1,1,-1,-1,-1,1,1,-1,1,-1,-1,-1,1,1,-1,-1,1,1,-1,-1,1,1,-1,1,1,-1,1,1,1,-1,-1,1,-1,1,1,-1,1,-1,1,1,-1,1,1,-1,-1,1,-1,-1,1,-1,1,-1,1,1,-1,1,1,1,-1,1,-1,-1,1,1,-1,-1,1,-1,1,1,1,1,-1,1,-1,1,1,1,-1,1,1,-1,-1,1,1,-1,1,1,-1,1,1,1,1,1,1,-1,1,1,1,1,1,-1,-1,1,1,1,1,1,-1,-1,-1,1,1,1,1,-1,-1,1,-1,1,-1,1,1,-1,-1,1,1,1,1,1,-1,-1,1,1,1,-1,-1,-1,-1,-1,-1,-1,1,1,-1,-1,1,1,-1,1,-1,1,-1,1,1,1,1,-1,-1,1,1,1,-1,1,-1,-1,-1,-1,1,1,1,1,-1,-1,1,-1,1,1,-1,-1,1,-1,-1,1,-1,1,-1,-1,1,-1,-1,1,-1,-1,1,1,-1,1,-1,1,-1,-1,1,-1,1,1,-1,-1,-1,1,-1,-1,1,1,-1,-1,1,-1,1,1,-1,1,-1,1,-1,1,1,1,-1,-1,1,-1,1,1,-1,-1,1,1,-1,1,-1,1,-1,1,-1,1,1,-1,1,-1,1,-1,-1,1,-1,-1,-1,1,-1,-1,1,-1,1,-1,1,-1,-1,1,-1,-1,1,-1,1,-1,-1,1,1,-1,1,1,-1,-1,1,1,-1,1,-1,-1,-1,1,1,1,1,1,-1,-1,1,1,-1,1,1,-1,-1,1,1,1,-1,1,1,-1,1,1,1,1,-1,1,1,-1,-1,-1,1,-1,-1,1,-1,1,-1,1,-1,1,-1,-1,-1,1,1,-1,1,1,-1,-1,-1,1,-1,1,1,-1,1,-1,1,-1,-1,-1,-1,-1,-1,1,-1,-1,-1,-1,-1,-1,1,-1,1,1,1,1,-1,1,-1,1,1,-1,-1,-1,1,-1,-1,1,-1,1,-1,-1,1,1,1,1,-1,-1,1,1,1,1,-1,1,-1,-1,1,1,1,-1,-1,-1,1,1,1,1,-1,-1,-1,1,-1,1,-1,1,1,-1,-1,1,1,1,-1,-1,-1,-1,1,1,1,1,-1,-1,-1,1,1,1,1,-1,-1,-1,1,-1,1,-1,-1,-1,-1,1,1,1,1,-1,-1,1,1,1,1,1,-1,-1,-1,1,1,-1,1,-1,-1,-1,1,1,1,1,-1,-1,1,1,1,1,-1,-1,1,1,-1,1,1,-1,-1,-1,1,1,1,1,1,-1,1,1,1,1,1,-1,-1,-1,1,-1,1,-1,-1,-1,-1,1,-1,1,1,-1,-1,-1,1,-1,1,1,-1,-1,-1,1,1,1,1,-1,-1,1,-1,-1,1,1,-1,-1,-1,1,1,-1,-1,-1,-1,-1,1,-1,1,-1,-1,-1,-1,-1,-1,-1,1,-1,-1,-1,1,-1,-1,1,-1,-1,-1,-1,-1,1,1,-1,-1,-1,-1,-1,1,-1,-1,-1,1,-1,-1,1,-1,1,-1,-1,-1,-1,-1,-1,-1,1,-1,-1,-1,1,1,1,-1,-1,1,-1,-1,-1,-1,-1,1,-1,-1,1,1,1,-1,-1,-1,-1,1,-1,1,1,-1,1,-1,-1,1,1,-1,-1,-1,-1,-1,-1,1,1,-1,-1,1,-1,1,1,-1,-1,-1,1,-1,1,1,-1,-1,1,-1,-1,1,1,1,-1,1,-1,1,1,1,-1,-1,1,-1,-1,1,1,1,-1,1,-1,-1,1,1,-1,1,1,-1,-1,1,1,1,1,1,-1,-1,1,1,-1,1,1,-1,-1,1,1,1,1,1,1,-1,1,1,1,-1,1,-1,-1,1,-1,1,1,1,1,-1,-1,1,-1,1,1,1,-1,1,1,1,1,-1,1,-1,1,1,1,1,1,1,-1,-1,1,1,1,1,-1,1,-1,1,1,1,1,-1,1,-1,1,1,1,-1,-1,1,-1,1,1,-1,1,-1,-1,-1,1,1,1,-1,1,-1,-1,1,1,1,-1,-1,-1,-1,1,1,1,-1,-1,-1,-1,-1,1,1,-1,1,-1,-1,1,1,1,-1,1,-1,1,-1,1,1,1,1,1,-1,-1,1,1,-1,-1,1,1,-1,-1,1,-1,1,-1,-1,1,1,-1,-1,1,-1,-1,-1,-1,1,-1,1,1,-1,1,1,-1,-1,-1,-1,1,-1,-1,-1,-1,1,-1,-1,1,1,-1,1,1,-1,1,1,1,1,-1,1,-1,1,1,1,1,-1,1,-1,-1,-1,1,1,-1,1,-1,1,1,1,1,-1,1,-1,1,1,-1,-1,-1,1,-1,-1,1,1,-1,-1,-1,1,-1,1,-1,1,-1,1,-1,-1,1,-2670.0,1,2000,445,0,False
789,1,1,-1,-1,1,1,-1,-1,1,1,1,-1,-1,1,1,1,-1,1,-1,-1,-1,-1,1,1,1,1,-1,-1,1,1,1,1,-1,-1,-1,-1,1,-1,1,1,-1,-1,-1,1,1,1,1,-1,1,1,1,1,-1,1,-1,-1,1,-1,1,1,1,-1,-1,-1,1,1,1,1,-1,-1,-1,1,1,1,1,-1,-1,-1,1,1,1,-1,-1,-1,1,1,1,1,-1,-1,-1,1,1,1,1,-1,-1,1,1,-1,1,1,-1,-1,1,1,1,1,1,-1,-1,-1,1,-1,1,1,-1,-1,1,1,1,1,1,1,-1,-1,1,1,-1,1,1,-1,1,1,1,1,1,1,-1,1,1,1,1,1,1,-1,1,1,1,1,1,1,-1,-1,-1,1,1,1,1,-1,1,1,1,1,-1,1,-1,1,-1,1,1,1,-1,-1,1,1,1,1,1,-1,1,-1,-1,1,-1,1,-1,1,1,1,1,1,1,1,1,1,-1,1,-1,1,-1,1,1,-1,1,-1,1,1,-1,1,-1,1,-1,1,-1,1,1,-1,1,-1,1,1,1,1,-1,-1,1,1,-1,-1,1,-1,1,-1,1,1,-1,1,-1,1,-1,1,-1,1,1,-1,-1,-1,1,1,-1,1,-1,1,1,1,-1,1,1,-1,1,-1,1,-1,1,-1,1,-1,1,1,-1,1,-1,-1,-1,1,1,-1,1,-1,-1,-1,1,1,-1,-1,1,1,-1,-1,1,1,-1,1,1,-1,1,1,1,1,-1,1,-1,1,1,-1,1,-1,1,-1,1,1,1,1,1,1,-1,-1,1,-1,-1,1,1,1,-1,1,1,1,-1,1,1,1,1,1,1,1,1,-1,1,1,1,-1,-1,1,-1,1,1,1,-1,1,1,-1,-1,1,1,1,-1,1,-1,1,1,1,-1,1,1,-1,1,1,1,-1,1,1,-1,1,1,1,-1,1,1,-1,-1,1,1,-1,1,1,-1,1,-1,1,-1,1,1,1,-1,1,1,1,-1,1,1,-1,1,1,-1,1,1,1,-1,-1,-1,-1,1,1,1,-1,1,1,-1,1,1,-1,-1,1,1,1,1,1,-1,1,1,1,-1,1,1,1,-1,-1,1,1,1,-1,1,-1,1,1,1,1,1,1,-1,-1,-1,1,-1,-1,1,1,-1,1,1,-1,1,1,1,1,-1,1,-1,-1,1,-1,1,-1,1,1,1,1,1,1,-1,-1,1,-1,1,1,1,-1,1,1,1,-1,1,1,-1,-1,1,-1,1,1,1,-1,1,1,1,1,1,1,-1,1,-1,1,1,1,-1,-1,1,-1,-1,1,1,-1,-1,1,-1,1,1,1,-1,-1,1,-1,-1,1,1,-1,-1,1,-1,1,1,1,1,-1,1,1,-1,-1,1,1,-1,-1,1,1,-1,1,-1,-1,1,1,-1,1,-1,1,-1,-1,1,-1,1,-1,1,-1,-1,1,-1,-1,1,1,1,-1,1,-1,1,-1,1,-1,1,-1,-1,-1,1,-1,-1,1,1,1,-1,1,-1,1,1,1,-1,1,1,-1,1,-1,1,-1,-1,1,-1,-1,1,1,1,-1,1,-1,-1,1,1,-1,-1,1,-1,-1,1,1,-1,-1,1,-1,-1,-1,1,1,-1,1,1,-1,-1,1,-1,-1,1,-1,1,-1,1,1,-1,-1,1,-1,-1,-1,-1,-1,1,1,1,-1,1,1,-1,-1,1,-1,1,-1,-1,-1,1,1,-1,-1,-1,1,-1,1,1,-1,1,1,1,-1,-1,1,1,-1,-1,-1,-1,1,1,-1,-1,1,-1,-1,-1,1,1,-1,-1,-1,-1,-1,1,-1,-1,1,-1,-1,1,1,1,-1,1,-1,-1,-1,1,1,-1,-1,-1,-1,-1,1,1,1,-1,-1,-1,-1,1,1,-1,-1,-1,-1,1,1,1,1,-1,-1,1,1,1,1,1,-1,-1,-1,1,1,1,1,1,-1,1,1,1,1,-1,1,-1,-1,1,-1,1,-1,1,-1,-1,1,-1,1,-1,-1,-1,-1,1,-1,1,-1,1,1,-1,1,-1,1,-1,1,1,-1,1,-1,1,-1,-1,-1,-1,1,1,-1,-1,-1,-1,-1,1,-1,1,-1,-1,-1,-1,-1,-1,-1,1,-1,-1,-1,1,-1,-1,1,-1,-1,-1,-1,-1,1,1,-1,-1,-1,-1,-1,1,-1,-1,-1,1,-1,-1,1,-1,1,-1,-1,-1,-1,-1,-1,-1,1,-1,-1,-1,1,1,1,-1,-1,-1,1,-1,-1,-1,-1,1,-1,-1,1,-1,1,-1,-1,-1,-1,1,-1,1,1,-1,1,-1,-1,1,1,-1,-1,-1,-1,-1,-1,1,1,-1,-1,1,-1,1,1,-1,-1,-1,1,-1,-1,1,-1,-1,1,-1,-1,1,1,1,-1,1,-1,1,1,1,-1,-1,1,-1,-1,1,1,1,-1,1,-1,-1,1,1,-1,1,1,-1,-1,1,1,-1,1,1,-1,-1,1,1,-1,1,1,-1,-1,1,1,1,1,1,1,-1,-1,1,1,1,1,-1,-1,1,-1,1,1,1,1,-1,-1,1,-1,1,1,1,-1,1,1,1,1,-1,1,-1,1,1,1,1,1,1,1,-1,1,1,1,1,-1,1,-1,1,1,1,1,1,-1,1,1,1,1,-1,1,1,-1,1,1,-1,1,1,-1,-1,1,1,1,1,-1,1,-1,1,1,1,-1,-1,1,-1,1,1,1,-1,1,-1,-1,-1,1,1,-1,-1,1,-1,-1,1,1,1,-1,1,-1,-1,1,1,1,-1,1,-1,-1,1,1,-1,-1,-1,1,-1,1,1,-1,1,1,-1,1,1,-1,-1,1,1,-1,-1,1,1,-1,1,1,-1,1,1,-1,-1,-1,-1,1,-1,-1,-1,-1,1,-1,-1,1,1,-1,1,1,-1,1,1,1,1,-1,1,-1,1,1,1,-1,-1,1,-1,-1,-1,1,-1,-1,1,-1,1,1,1,-1,-1,1,-1,1,1,1,1,-1,1,-1,-1,1,1,-1,-1,-1,1,-1,1,-1,1,-1,1,-1,-1,1,-2670.0,1,2000,445,500,False
790,1,1,-1,-1,1,1,-1,-1,1,1,1,-1,-1,1,1,1,-1,1,-1,-1,1,-1,1,1,1,-1,-1,-1,1,1,1,1,1,-1,-1,-1,1,1,1,1,-1,-1,-1,1,1,1,1,-1,1,1,1,1,-1,1,-1,-1,1,-1,1,1,-1,-1,-1,-1,1,1,1,1,-1,-1,-1,1,1,1,1,-1,-1,-1,1,1,1,-1,-1,-1,1,1,1,1,-1,1,-1,1,1,1,1,-1,-1,1,1,-1,1,1,-1,-1,1,1,1,1,1,-1,-1,1,1,1,1,1,-1,-1,1,1,1,1,1,1,-1,1,1,1,-1,1,1,-1,1,1,1,1,1,1,-1,-1,1,1,1,1,1,-1,1,1,1,1,1,1,-1,-1,-1,1,1,1,1,-1,1,1,1,1,-1,1,-1,1,-1,1,1,1,-1,-1,1,1,1,1,1,-1,1,-1,-1,1,-1,1,-1,1,1,1,1,1,1,1,1,1,-1,1,-1,1,-1,1,1,-1,1,-1,1,1,-1,1,-1,1,-1,1,-1,1,1,-1,1,-1,1,1,1,1,-1,-1,1,1,-1,-1,1,-1,1,-1,-1,1,-1,1,-1,1,-1,1,-1,1,1,-1,-1,-1,1,1,-1,1,-1,1,1,1,-1,1,1,-1,1,-1,1,-1,1,-1,1,-1,1,1,-1,1,-1,-1,-1,1,1,-1,1,-1,-1,-1,1,1,-1,-1,1,1,-1,-1,1,1,-1,1,1,-1,1,1,1,1,-1,1,-1,1,1,-1,1,-1,1,-1,1,1,1,1,1,1,-1,-1,1,-1,-1,1,1,1,-1,1,1,1,-1,1,1,1,1,1,1,1,1,-1,1,1,1,-1,1,1,-1,1,1,1,-1,1,1,-1,-1,1,1,1,-1,1,-1,1,1,1,-1,1,1,-1,1,1,1,-1,1,1,-1,1,1,1,-1,1,1,-1,-1,1,1,-1,1,1,-1,1,-1,1,-1,1,1,1,-1,1,1,1,-1,1,1,-1,1,1,-1,1,1,1,-1,-1,-1,-1,1,1,1,-1,1,1,-1,1,1,-1,-1,1,1,1,1,1,-1,1,1,1,-1,1,1,1,1,-1,1,1,1,-1,1,-1,1,1,1,1,1,1,-1,-1,-1,1,-1,-1,1,1,-1,1,1,1,1,1,1,1,-1,1,-1,-1,1,-1,1,-1,1,1,1,1,1,1,-1,-1,1,-1,1,1,1,-1,1,1,1,-1,1,1,-1,-1,1,-1,1,1,1,-1,1,1,1,1,1,1,-1,1,-1,-1,1,1,-1,-1,1,-1,1,1,1,-1,-1,1,-1,1,1,1,-1,-1,1,-1,-1,1,1,-1,-1,1,-1,1,1,1,1,-1,1,1,-1,1,1,1,-1,-1,-1,1,1,1,-1,-1,1,-1,-1,1,-1,1,-1,-1,1,-1,1,-1,1,-1,-1,1,-1,-1,1,1,1,-1,1,-1,1,-1,-1,1,1,-1,-1,-1,1,-1,-1,-1,1,1,-1,1,-1,1,1,1,-1,1,1,-1,1,-1,1,-1,-1,1,-1,-1,1,1,1,-1,1,-1,-1,1,1,-1,-1,1,-1,-1,1,1,-1,-1,1,-1,-1,-1,1,1,-1,1,1,-1,-1,1,-1,-1,1,-1,1,-1,1,1,-1,-1,1,-1,-1,-1,-1,-1,1,1,1,-1,-1,1,-1,-1,1,-1,-1,1,-1,-1,1,1,-1,-1,1,-1,-1,1,1,-1,1,-1,-1,-1,-1,1,1,-1,-1,-1,-1,-1,1,-1,-1,1,-1,-1,-1,1,1,-1,-1,-1,-1,-1,1,-1,-1,-1,-1,-1,1,1,1,-1,-1,-1,-1,-1,1,1,-1,-1,-1,-1,-1,1,1,1,-1,-1,-1,-1,1,1,-1,-1,-1,-1,1,1,1,1,-1,-1,1,1,1,1,1,-1,-1,-1,1,1,1,1,1,-1,1,1,1,1,-1,1,-1,-1,1,-1,1,-1,1,-1,-1,1,-1,1,-1,-1,-1,-1,1,-1,1,-1,1,-1,-1,1,-1,1,-1,1,-1,-1,1,-1,1,-1,-1,-1,-1,1,1,-1,-1,-1,-1,-1,1,-1,1,-1,-1,-1,-1,-1,-1,-1,1,-1,-1,-1,1,-1,-1,1,-1,-1,-1,-1,-1,-1,1,-1,-1,-1,-1,-1,1,-1,-1,-1,1,-1,-1,1,-1,1,-1,-1,-1,-1,-1,-1,-1,1,-1,-1,-1,1,1,-1,-1,-1,1,-1,-1,-1,-1,-1,1,-1,-1,1,-1,1,-1,-1,-1,-1,1,-1,1,1,-1,1,-1,-1,1,1,-1,-1,-1,-1,-1,-1,1,1,-1,-1,1,-1,1,1,-1,-1,-1,1,-1,-1,1,-1,-1,1,-1,-1,1,1,1,-1,1,-1,1,1,1,-1,-1,1,-1,-1,1,1,1,-1,1,-1,-1,1,1,-1,1,1,-1,-1,1,1,1,1,1,-1,-1,1,1,1,1,1,-1,-1,1,1,1,1,1,1,-1,-1,1,1,-1,1,-1,-1,1,-1,1,1,1,1,-1,-1,1,-1,1,1,1,-1,1,1,1,1,-1,1,-1,1,1,1,1,1,1,1,-1,1,1,1,1,-1,1,-1,1,1,1,1,1,-1,1,1,1,1,-1,1,1,-1,1,1,-1,1,1,-1,-1,1,1,1,1,-1,1,-1,1,1,1,-1,-1,1,-1,1,1,1,-1,1,-1,-1,-1,1,1,-1,-1,1,-1,-1,1,1,1,-1,1,-1,-1,1,1,1,-1,1,-1,-1,1,1,-1,-1,-1,1,-1,1,1,-1,1,1,-1,1,1,-1,-1,1,1,-1,-1,-1,1,-1,1,1,-1,1,1,-1,-1,-1,-1,1,-1,-1,-1,-1,1,-1,-1,1,1,-1,1,1,-1,1,1,1,1,-1,1,-1,1,1,1,1,-1,1,-1,-1,1,1,1,-1,1,-1,1,1,1,1,-1,1,-1,1,1,-1,-1,-1,1,-1,-1,1,1,-1,-1,-1,1,-1,1,-1,1,-1,1,-1,-1,1,-2670.0,1,2000,445,1000,False
791,1,1,-1,-1,1,-1,-1,-1,1,1,1,-1,1,1,1,1,-1,1,-1,-1,-1,-1,1,1,1,-1,1,-1,1,1,1,1,1,-1,-1,-1,1,1,1,1,-1,-1,-1,1,1,1,1,-1,1,1,1,1,-1,1,-1,-1,1,-1,1,1,1,-1,-1,-1,1,1,1,1,-1,-1,-1,1,1,1,1,-1,-1,-1,1,1,1,-1,-1,-1,1,1,1,1,-1,-1,-1,1,1,1,1,-1,-1,1,1,-1,1,1,-1,-1,1,1,1,1,1,-1,-1,1,1,1,1,1,-1,-1,1,1,1,1,1,1,-1,-1,1,1,-1,1,1,-1,1,1,1,1,1,1,-1,-1,1,1,1,1,1,-1,1,1,1,1,1,1,-1,-1,-1,1,1,1,1,-1,1,1,1,1,-1,1,-1,1,-1,1,1,1,-1,-1,1,1,1,1,1,-1,1,-1,-1,1,-1,1,-1,1,1,1,1,1,1,1,1,1,-1,1,-1,1,-1,1,1,-1,1,-1,1,1,-1,1,-1,1,-1,1,-1,1,1,-1,-1,-1,1,1,1,1,-1,-1,1,1,-1,-1,1,-1,1,-1,1,1,-1,1,-1,1,-1,1,-1,1,1,-1,-1,-1,1,1,-1,1,-1,1,1,1,-1,1,1,-1,1,-1,1,-1,1,-1,1,-1,1,1,-1,1,-1,-1,-1,1,1,-1,1,-1,-1,-1,1,1,-1,-1,1,1,-1,-1,1,1,-1,1,1,-1,1,1,1,1,-1,1,-1,1,1,-1,1,-1,1,-1,1,1,1,1,1,1,-1,-1,1,-1,-1,1,1,1,-1,1,1,1,-1,1,1,1,1,1,1,-1,1,-1,1,1,1,-1,-1,1,-1,1,1,1,-1,1,1,-1,-1,1,1,1,-1,1,-1,1,1,1,-1,1,1,-1,1,1,1,-1,1,1,-1,1,1,1,-1,1,1,-1,-1,1,1,-1,1,1,-1,1,-1,1,-1,1,1,1,-1,1,1,1,1,1,1,-1,1,1,-1,1,1,1,-1,-1,-1,-1,1,1,1,-1,1,1,-1,1,1,-1,-1,1,1,1,1,1,-1,1,1,1,-1,1,1,1,1,-1,1,1,1,-1,1,-1,1,1,1,1,1,1,-1,-1,-1,1,-1,-1,1,1,-1,1,1,1,1,1,1,1,-1,1,-1,-1,1,-1,1,-1,1,1,1,1,1,1,-1,-1,1,-1,1,1,1,-1,1,1,1,-1,1,1,-1,-1,1,-1,1,1,1,-1,1,1,1,1,1,1,-1,1,-1,-1,1,1,-1,-1,1,-1,1,1,1,-1,-1,1,-1,1,1,1,-1,-1,1,1,-1,1,1,-1,-1,1,-1,1,1,1,1,-1,1,-1,-1,1,1,1,-1,-1,-1,-1,1,1,-1,-1,1,-1,-1,1,-1,1,-1,-1,1,-1,1,-1,1,1,-1,1,-1,-1,1,1,1,-1,1,-1,1,-1,1,1,1,-1,-1,-1,1,-1,-1,1,1,1,-1,1,-1,1,1,1,-1,1,1,-1,1,-1,1,-1,-1,1,-1,-1,1,1,1,-1,1,-1,-1,1,1,-1,-1,1,-1,-1,1,1,-1,-1,1,-1,-1,-1,1,1,-1,1,1,-1,-1,1,-1,-1,1,-1,1,-1,1,1,-1,-1,1,-1,-1,-1,-1,-1,1,1,1,-1,-1,1,-1,-1,1,-1,-1,1,-1,-1,1,1,-1,-1,1,-1,-1,1,1,-1,1,-1,-1,-1,-1,1,1,-1,-1,-1,-1,1,1,-1,-1,1,-1,-1,-1,1,1,-1,-1,-1,-1,-1,1,-1,-1,-1,-1,-1,-1,1,1,-1,-1,-1,-1,1,1,1,-1,-1,-1,-1,-1,1,1,1,-1,-1,-1,-1,1,1,-1,-1,-1,-1,1,1,1,1,-1,-1,1,1,1,1,1,-1,-1,-1,1,1,1,-1,1,-1,1,1,1,1,-1,1,-1,-1,1,-1,1,-1,1,-1,-1,1,-1,1,-1,-1,-1,-1,1,-1,1,-1,1,-1,-1,1,-1,1,-1,1,-1,-1,1,-1,1,-1,-1,-1,-1,1,1,-1,-1,-1,-1,-1,1,-1,1,-1,-1,-1,-1,-1,-1,-1,1,-1,-1,-1,1,-1,-1,1,-1,-1,-1,-1,-1,-1,1,-1,-1,-1,-1,-1,1,-1,-1,-1,1,-1,-1,1,-1,1,-1,-1,-1,-1,-1,-1,-1,1,-1,-1,-1,1,1,-1,-1,-1,-1,1,-1,-1,-1,-1,1,-1,-1,1,-1,1,-1,-1,-1,-1,1,-1,1,1,-1,1,-1,-1,1,1,-1,-1,-1,-1,-1,-1,1,1,-1,-1,1,-1,1,1,-1,-1,-1,1,-1,1,1,-1,-1,1,-1,-1,1,1,1,-1,1,-1,1,1,1,-1,-1,1,-1,-1,1,1,1,-1,1,-1,-1,1,1,-1,1,1,-1,-1,1,1,1,1,1,-1,-1,1,1,1,1,1,-1,-1,1,1,1,1,1,1,-1,-1,1,1,-1,1,-1,-1,1,-1,1,1,1,1,-1,-1,1,-1,1,1,1,-1,1,1,1,1,-1,1,-1,1,1,1,1,1,1,1,-1,1,1,1,1,-1,1,-1,1,1,1,1,1,-1,1,1,1,1,-1,1,1,-1,1,1,-1,1,1,-1,-1,1,1,1,1,-1,1,-1,1,1,1,-1,-1,1,-1,1,1,1,-1,1,-1,-1,-1,1,1,-1,-1,1,-1,-1,1,1,1,-1,1,-1,-1,1,1,1,-1,1,-1,-1,1,1,-1,-1,-1,1,-1,-1,1,-1,1,1,-1,1,1,-1,-1,1,-1,-1,-1,1,1,-1,1,1,-1,1,1,-1,-1,1,-1,1,-1,-1,-1,-1,1,-1,-1,1,1,-1,1,1,-1,1,1,1,1,-1,1,-1,1,1,1,1,-1,1,-1,-1,1,1,1,-1,1,-1,1,1,1,1,-1,1,-1,1,1,1,-1,-1,1,-1,-1,1,1,-1,-1,-1,1,-1,1,1,1,-1,1,-1,-1,1,-2670.0,1,2000,445,1000,False
792,1,1,-1,-1,1,-1,1,-1,1,1,1,-1,1,1,1,1,-1,1,-1,-1,1,-1,1,1,1,-1,-1,-1,1,1,1,1,-1,-1,-1,-1,1,-1,1,1,-1,-1,-1,1,1,1,1,-1,1,1,1,1,-1,1,-1,-1,1,-1,1,1,1,-1,-1,-1,1,1,1,1,-1,-1,-1,1,1,1,1,-1,-1,-1,1,1,1,-1,-1,-1,1,1,1,1,-1,-1,-1,1,1,1,1,-1,-1,1,1,-1,1,1,-1,-1,1,1,1,1,1,-1,-1,1,1,1,1,1,-1,-1,1,1,1,1,1,1,-1,1,1,1,-1,1,1,-1,1,1,1,1,1,1,-1,-1,1,1,1,1,1,-1,1,1,1,1,1,1,-1,-1,-1,1,1,1,1,-1,1,1,1,1,-1,1,-1,1,-1,1,1,1,-1,-1,1,1,1,1,1,-1,1,-1,-1,1,-1,1,-1,1,1,1,1,1,1,1,1,1,-1,1,-1,1,-1,1,1,-1,1,-1,1,1,-1,1,-1,1,-1,1,-1,1,1,-1,1,-1,1,1,1,1,-1,-1,1,1,-1,-1,1,-1,1,-1,-1,1,-1,1,-1,1,-1,1,-1,-1,1,-1,-1,-1,1,1,-1,1,-1,1,1,1,-1,1,1,-1,1,-1,1,-1,1,-1,1,-1,1,1,-1,1,-1,-1,-1,1,1,-1,1,-1,-1,-1,1,1,-1,-1,1,1,-1,-1,1,1,-1,1,1,-1,1,1,1,1,-1,1,-1,1,1,-1,1,-1,1,-1,1,1,1,1,1,1,-1,-1,1,-1,-1,-1,1,1,-1,1,1,1,-1,1,1,1,1,1,1,1,1,-1,1,1,1,-1,-1,1,-1,1,1,1,-1,1,1,-1,-1,1,1,1,-1,1,-1,1,1,1,-1,1,1,-1,1,1,1,-1,1,1,-1,1,1,1,-1,1,1,1,-1,1,1,-1,1,1,-1,1,-1,1,-1,1,1,1,-1,1,1,1,-1,1,1,-1,1,1,-1,1,-1,1,-1,-1,-1,-1,1,1,1,-1,1,1,-1,1,1,-1,-1,1,1,1,1,1,-1,1,1,1,-1,1,1,1,-1,-1,1,1,1,-1,1,-1,1,1,1,1,1,1,-1,-1,-1,1,-1,-1,1,1,-1,1,1,1,1,1,1,1,-1,1,-1,-1,1,-1,1,-1,1,1,1,1,1,1,-1,-1,1,-1,1,1,1,-1,1,1,1,-1,1,1,-1,-1,1,-1,1,1,1,-1,1,1,1,1,1,1,-1,1,-1,-1,1,1,-1,-1,1,-1,1,1,1,-1,-1,1,-1,1,1,1,-1,-1,1,1,-1,1,1,-1,-1,1,-1,1,1,1,1,-1,1,-1,-1,1,1,1,-1,-1,-1,1,1,1,-1,-1,1,-1,-1,1,-1,1,-1,-1,1,-1,1,-1,1,-1,-1,1,-1,-1,1,1,1,-1,1,-1,1,-1,-1,1,1,-1,-1,-1,1,-1,-1,1,1,1,-1,1,-1,1,1,1,-1,1,1,-1,1,-1,1,-1,-1,1,-1,-1,1,1,1,-1,1,-1,-1,1,1,-1,-1,1,-1,-1,1,1,-1,-1,1,-1,-1,-1,1,1,-1,1,1,-1,-1,1,-1,-1,1,-1,1,-1,1,1,-1,-1,1,-1,-1,-1,-1,-1,1,1,1,-1,-1,1,-1,-1,1,-1,-1,1,-1,-1,1,1,-1,-1,1,-1,-1,1,1,-1,1,-1,-1,-1,-1,1,1,-1,-1,-1,-1,-1,1,-1,-1,1,-1,-1,-1,1,1,-1,-1,-1,-1,-1,1,-1,-1,-1,-1,-1,1,1,1,-1,-1,-1,-1,-1,1,1,-1,-1,-1,-1,-1,1,1,1,-1,-1,-1,-1,1,1,-1,-1,-1,-1,1,1,1,1,-1,-1,1,1,1,1,1,-1,-1,-1,1,1,1,1,1,-1,1,1,1,1,-1,1,-1,-1,1,-1,1,-1,1,-1,-1,1,-1,1,-1,-1,-1,-1,1,-1,1,-1,1,1,-1,1,-1,1,-1,1,1,-1,1,-1,1,-1,-1,-1,-1,1,1,-1,-1,-1,-1,-1,1,-1,1,-1,-1,-1,-1,-1,-1,-1,1,-1,-1,-1,1,-1,-1,1,-1,-1,-1,-1,-1,1,1,-1,-1,-1,-1,-1,1,-1,-1,-1,1,-1,-1,1,-1,1,-1,-1,-1,-1,-1,-1,-1,1,-1,-1,-1,1,1,-1,-1,-1,1,-1,-1,-1,-1,-1,1,-1,-1,1,-1,1,-1,-1,-1,-1,1,-1,1,1,-1,1,-1,-1,1,1,-1,-1,-1,-1,-1,-1,1,1,-1,-1,1,-1,1,1,-1,-1,-1,1,-1,-1,1,-1,-1,1,-1,-1,1,1,1,-1,1,-1,1,1,1,-1,-1,1,-1,-1,1,-1,1,-1,1,-1,-1,1,1,-1,1,1,-1,-1,1,1,1,1,1,-1,-1,1,1,-1,1,1,-1,-1,1,1,1,1,-1,1,-1,-1,1,1,-1,1,-1,-1,1,-1,1,1,1,1,-1,-1,1,-1,1,1,1,-1,1,1,1,1,-1,1,-1,1,1,1,1,1,1,1,-1,1,1,1,1,-1,1,-1,1,1,1,1,1,-1,1,1,1,1,-1,1,1,-1,1,1,-1,1,1,-1,-1,1,1,1,1,-1,1,-1,1,1,1,-1,-1,1,-1,1,1,1,-1,1,-1,-1,-1,1,1,-1,-1,1,-1,-1,1,1,-1,-1,1,-1,-1,1,1,1,-1,1,-1,-1,1,1,-1,-1,-1,1,-1,-1,1,-1,1,1,-1,1,1,-1,-1,1,-1,-1,-1,1,1,-1,1,1,-1,1,1,-1,-1,-1,-1,1,-1,-1,-1,-1,1,-1,-1,1,1,-1,1,1,-1,1,1,1,1,-1,1,-1,1,1,1,1,-1,1,-1,-1,1,1,1,-1,1,-1,1,1,1,1,-1,1,-1,1,1,-1,-1,-1,1,-1,-1,1,1,-1,-1,-1,1,-1,1,-1,1,-1,1,-1,-1,1,-2670.0,1,2000,445,0,False
793,1,1,-1,-1,1,1,-1,-1,1,1,1,-1,1,1,1,1,-1,1,-1,-1,1,-1,1,1,1,-1,1,-1,1,1,1,1,1,-1,-1,-1,1,1,1,-1,-1,-1,-1,1,1,1,1,-1,1,1,1,1,-1,1,-1,-1,1,-1,1,1,1,-1,-1,-1,1,1,1,1,-1,-1,-1,1,1,1,1,-1,-1,-1,1,1,1,-1,-1,-1,1,1,1,1,-1,-1,-1,1,1,1,1,-1,-1,1,1,-1,1,1,-1,-1,1,1,1,1,1,-1,-1,1,1,1,1,1,-1,-1,1,1,1,1,1,1,-1,1,1,1,-1,1,1,-1,1,1,1,1,1,1,-1,-1,1,1,1,1,1,-1,1,1,1,1,1,1,-1,-1,-1,1,1,1,1,-1,1,1,1,1,-1,1,-1,1,-1,1,1,1,-1,-1,1,1,1,1,1,-1,1,-1,-1,1,-1,1,-1,1,1,1,1,1,1,1,1,1,-1,1,-1,1,-1,1,1,-1,1,-1,1,1,-1,1,-1,1,-1,1,-1,1,1,-1,-1,-1,1,1,1,1,-1,-1,1,1,-1,-1,1,-1,1,-1,-1,1,-1,1,-1,1,-1,1,-1,1,1,-1,-1,-1,1,1,-1,1,-1,1,1,1,-1,1,1,-1,1,-1,1,-1,1,-1,1,-1,1,1,-1,1,-1,-1,-1,1,1,-1,1,-1,-1,-1,1,1,-1,-1,1,1,-1,-1,1,1,-1,1,1,-1,1,1,1,1,-1,1,-1,1,1,-1,1,-1,1,1,-1,1,1,1,1,1,-1,-1,1,-1,-1,-1,1,1,-1,1,1,1,-1,1,-1,-1,1,1,1,1,1,-1,1,1,1,-1,-1,1,-1,1,1,1,-1,1,1,-1,-1,1,1,1,-1,1,-1,1,1,1,-1,1,1,-1,1,1,1,-1,1,-1,-1,1,1,1,-1,1,-1,-1,-1,1,1,-1,1,-1,-1,1,-1,1,-1,1,1,-1,-1,1,1,1,1,1,-1,-1,1,1,-1,1,-1,-1,-1,-1,-1,-1,1,-1,-1,-1,1,1,-1,1,-1,1,-1,1,1,1,1,-1,-1,1,1,1,-1,1,-1,-1,-1,-1,1,1,1,1,-1,-1,1,1,1,1,-1,-1,1,-1,-1,1,-1,1,-1,-1,1,-1,1,1,-1,-1,1,1,-1,1,-1,1,-1,-1,1,-1,1,1,-1,-1,-1,1,-1,-1,1,1,-1,-1,1,-1,1,1,-1,1,-1,1,-1,-1,1,1,-1,-1,1,-1,1,1,-1,-1,1,1,-1,1,-1,1,-1,1,-1,-1,1,-1,1,-1,1,-1,-1,1,-1,-1,-1,1,-1,-1,1,-1,1,-1,1,-1,-1,1,-1,-1,1,-1,1,-1,1,1,1,-1,1,1,-1,-1,-1,1,-1,1,-1,-1,1,-1,1,1,1,1,-1,-1,1,1,-1,1,1,-1,-1,1,1,1,-1,1,1,-1,1,1,1,1,-1,-1,1,-1,-1,-1,1,-1,1,1,-1,1,-1,1,-1,1,-1,-1,-1,1,1,-1,1,1,-1,-1,-1,1,-1,1,1,-1,1,-1,1,-1,-1,-1,-1,-1,-1,1,-1,-1,-1,-1,-1,-1,1,-1,1,1,1,1,-1,1,-1,1,1,-1,-1,-1,1,-1,-1,1,-1,1,-1,-1,1,1,1,1,-1,-1,1,1,1,1,-1,1,-1,-1,1,1,1,-1,-1,-1,1,1,1,1,-1,-1,-1,1,-1,1,-1,1,-1,-1,-1,1,1,1,-1,-1,-1,-1,1,1,1,1,-1,-1,-1,1,1,1,1,-1,-1,-1,1,-1,1,-1,-1,-1,-1,1,1,1,1,-1,-1,1,1,1,1,1,-1,-1,-1,1,1,-1,1,-1,-1,-1,1,1,1,1,-1,-1,1,1,1,1,-1,-1,1,1,-1,1,1,-1,-1,-1,1,1,1,1,1,-1,1,1,1,1,1,-1,-1,-1,1,-1,1,-1,-1,-1,-1,1,-1,1,1,1,-1,-1,1,-1,1,1,-1,-1,-1,1,1,1,1,-1,-1,-1,1,-1,1,1,-1,-1,-1,1,1,-1,-1,-1,-1,-1,1,-1,1,-1,-1,-1,-1,-1,-1,-1,1,-1,-1,-1,1,-1,-1,1,-1,-1,-1,-1,-1,1,1,-1,-1,-1,-1,-1,1,-1,-1,-1,1,-1,-1,1,-1,1,-1,-1,-1,-1,-1,-1,-1,1,-1,-1,-1,1,1,-1,-1,-1,1,-1,-1,-1,-1,-1,1,-1,-1,1,1,1,-1,-1,-1,-1,1,-1,1,1,-1,1,-1,-1,1,1,-1,-1,-1,-1,-1,-1,1,1,-1,-1,1,-1,1,1,-1,-1,-1,1,-1,1,1,-1,-1,1,-1,-1,1,1,1,-1,1,-1,1,1,1,-1,-1,1,-1,-1,1,1,1,-1,1,-1,-1,1,1,-1,1,1,-1,-1,1,1,1,1,1,-1,-1,1,1,-1,1,1,-1,-1,1,1,1,1,1,1,-1,-1,1,1,-1,1,-1,-1,1,-1,1,1,1,1,-1,-1,1,-1,1,1,1,-1,1,1,1,1,-1,1,-1,1,1,1,1,1,1,1,-1,1,1,1,1,-1,1,-1,1,1,1,1,1,-1,1,1,1,1,-1,1,1,-1,1,1,-1,1,1,-1,-1,1,1,1,1,-1,1,-1,1,1,1,-1,-1,1,-1,1,1,1,-1,1,-1,-1,-1,1,1,-1,-1,1,-1,-1,1,1,1,-1,1,-1,-1,-1,1,1,-1,1,-1,-1,1,1,-1,-1,-1,1,-1,-1,1,-1,1,1,-1,1,1,-1,-1,1,-1,-1,-1,1,1,-1,1,1,-1,1,1,-1,-1,-1,-1,1,-1,-1,-1,-1,1,-1,-1,1,1,-1,1,1,-1,1,1,1,1,-1,1,-1,1,1,1,1,-1,1,-1,-1,1,1,1,-1,1,-1,1,1,1,1,-1,1,-1,1,1,-1,-1,-1,1,-1,-1,1,1,-1,-1,-1,1,-1,1,-1,1,-1,1,-1,-1,1,-2670.0,1,2000,445,0,False
794,1,1,-1,-1,1,1,-1,1,1,1,1,-1,1,1,1,1,-1,1,-1,-1,-1,1,1,1,1,-1,1,-1,1,1,1,1,1,-1,-1,1,-1,1,1,1,-1,-1,1,1,1,1,-1,-1,1,-1,1,1,1,1,-1,-1,-1,-1,1,1,-1,-1,-1,1,1,1,1,-1,-1,-1,1,-1,1,1,1,-1,-1,1,-1,1,1,-1,-1,-1,-1,1,1,1,-1,-1,1,-1,-1,1,1,-1,-1,-1,-1,1,1,1,-1,-1,1,-1,-1,1,1,-1,-1,-1,-1,-1,1,1,-1,-1,1,-1,-1,1,1,1,-1,-1,-1,-1,1,1,1,-1,1,-1,-1,1,1,1,-1,1,-1,-1,1,1,1,-1,1,-1,-1,-1,1,1,-1,-1,1,-1,1,1,1,-1,1,-1,-1,-1,1,1,-1,1,1,-1,1,1,-1,-1,1,-1,-1,1,1,-1,1,-1,1,-1,1,1,-1,1,1,-1,-1,-1,1,-1,1,1,1,-1,-1,1,1,-1,1,1,-1,-1,1,-1,-1,1,1,-1,1,1,-1,1,1,1,-1,1,1,1,1,1,1,1,-1,1,-1,-1,1,1,-1,-1,1,1,-1,1,1,-1,-1,1,-1,1,1,1,1,-1,1,-1,1,1,1,-1,1,1,1,1,1,1,-1,-1,-1,1,1,-1,1,1,-1,-1,1,1,-1,1,1,1,1,1,1,-1,1,1,1,1,-1,1,1,1,1,1,1,1,1,1,1,-1,-1,1,-1,1,-1,1,1,-1,-1,1,1,-1,1,1,1,-1,1,1,1,1,1,1,-1,-1,1,-1,1,-1,1,-1,1,1,-1,1,1,1,-1,1,1,1,1,1,-1,-1,1,-1,1,1,1,-1,1,-1,-1,1,1,1,-1,1,-1,1,-1,1,1,1,1,1,-1,1,1,-1,1,1,1,-1,1,1,1,-1,1,1,-1,1,1,1,-1,-1,1,-1,1,1,1,1,1,1,-1,1,-1,1,-1,-1,1,1,-1,1,1,1,-1,1,-1,1,1,1,-1,1,1,1,1,1,1,-1,1,-1,-1,1,1,-1,1,-1,1,-1,1,1,-1,1,-1,1,1,1,1,1,1,-1,1,-1,-1,-1,1,1,1,-1,-1,1,1,1,-1,1,-1,1,-1,1,1,-1,1,-1,-1,1,1,1,-1,1,-1,1,-1,-1,1,1,1,-1,-1,-1,-1,1,1,1,-1,-1,1,-1,1,1,-1,-1,1,-1,1,-1,1,1,-1,-1,1,-1,1,-1,-1,1,-1,-1,1,1,-1,1,-1,-1,1,1,1,-1,-1,1,-1,1,-1,1,-1,-1,-1,-1,-1,1,1,-1,-1,1,-1,1,-1,1,1,-1,-1,1,-1,1,-1,1,-1,-1,1,-1,-1,-1,1,-1,-1,-1,-1,1,-1,1,-1,-1,1,-1,-1,1,1,-1,-1,-1,-1,-1,1,1,-1,-1,-1,1,-1,-1,1,1,1,-1,1,-1,1,-1,1,-1,1,-1,1,1,-1,-1,1,1,1,-1,1,-1,1,-1,1,1,1,-1,-1,-1,-1,-1,1,1,1,-1,-1,-1,1,1,-1,1,-1,-1,-1,1,1,1,1,-1,-1,-1,1,1,-1,1,-1,-1,-1,-1,1,1,1,-1,1,-1,-1,1,-1,1,-1,-1,1,1,1,-1,1,1,-1,-1,-1,-1,-1,1,1,-1,1,-1,1,-1,1,1,-1,-1,1,-1,1,1,-1,-1,-1,-1,-1,1,1,-1,1,-1,1,1,1,1,1,-1,-1,-1,-1,-1,1,-1,1,-1,-1,1,-1,1,1,-1,1,-1,-1,1,1,1,-1,1,-1,1,-1,1,1,-1,-1,-1,-1,-1,1,1,-1,1,-1,1,-1,1,1,-1,-1,1,-1,-1,1,1,-1,-1,-1,1,-1,1,1,1,-1,1,-1,-1,-1,-1,1,-1,1,-1,-1,1,-1,-1,1,-1,1,-1,1,1,-1,1,-1,1,-1,1,-1,1,-1,1,-1,-1,1,1,-1,1,-1,-1,-1,-1,1,1,1,-1,1,-1,-1,1,-1,1,1,-1,-1,-1,-1,1,1,1,1,-1,-1,1,1,-1,1,1,-1,-1,-1,1,-1,1,-1,-1,-1,1,1,1,-1,1,-1,-1,1,1,1,-1,1,-1,-1,-1,-1,-1,-1,1,-1,-1,-1,1,-1,1,-1,-1,1,-1,1,-1,-1,1,-1,-1,-1,1,1,-1,1,1,-1,-1,1,-1,1,1,-1,-1,-1,1,1,-1,1,1,-1,-1,1,-1,1,1,1,-1,-1,-1,-1,1,1,-1,-1,1,-1,1,-1,1,1,-1,-1,-1,-1,-1,1,1,-1,-1,1,-1,1,1,-1,-1,-1,1,-1,1,1,-1,-1,1,1,-1,1,1,1,-1,1,-1,1,1,1,-1,-1,1,-1,-1,1,1,1,1,-1,1,-1,1,1,1,-1,1,-1,-1,1,1,1,1,-1,1,-1,1,1,1,1,1,-1,-1,1,1,1,1,1,-1,-1,1,1,1,1,-1,-1,-1,1,-1,1,1,1,-1,-1,-1,1,-1,1,1,-1,-1,1,1,1,1,1,-1,1,1,1,1,1,1,-1,1,-1,1,1,1,1,-1,1,-1,1,1,1,-1,1,-1,1,1,1,1,-1,1,-1,1,1,1,-1,1,1,1,1,-1,1,1,1,-1,1,1,1,1,1,-1,-1,1,-1,1,1,1,-1,1,-1,1,1,1,1,-1,-1,1,1,-1,1,1,1,-1,1,1,-1,-1,1,1,-1,1,-1,1,1,1,-1,-1,-1,-1,1,-1,1,-1,1,1,1,1,1,-1,-1,1,1,1,1,1,1,-1,1,-1,1,1,1,-1,-1,-1,-1,-1,-1,-1,-1,-1,-1,-1,1,1,1,-1,1,1,-1,-1,1,1,1,-1,1,-1,1,1,1,-1,-1,1,-1,1,1,1,-1,-1,1,-1,1,1,1,-1,-1,1,-1,1,-1,1,1,-1,1,-1,-1,1,1,1,-1,-1,-1,1,1,1,1,-1,1,-1,-1,1,-2670.0,1,2000,445,1000,True
795,1,1,-1,-1,1,-1,1,-1,1,1,1,-1,1,1,-1,1,-1,1,-1,-1,1,1,1,1,1,-1,-1,-1,1,1,1,1,1,-1,-1,-1,1,1,1,1,-1,-1,-1,1,1,1,1,-1,1,1,1,1,-1,1,-1,-1,1,-1,1,1,1,-1,-1,1,1,1,1,1,-1,-1,1,1,1,1,1,-1,-1,-1,1,1,1,-1,-1,-1,1,1,1,1,-1,-1,-1,1,1,1,1,-1,-1,1,1,-1,1,1,-1,-1,1,1,1,1,1,-1,-1,1,1,1,1,1,-1,-1,1,1,1,1,1,1,-1,-1,1,1,-1,1,1,-1,1,1,1,1,1,1,-1,-1,1,1,1,1,1,-1,1,1,1,1,1,1,-1,-1,-1,1,1,1,1,-1,1,-1,1,1,-1,1,-1,1,-1,1,1,1,-1,-1,1,1,1,1,1,-1,1,-1,-1,1,-1,1,-1,1,1,1,1,1,1,1,1,1,-1,1,-1,1,-1,1,1,-1,1,-1,1,1,-1,1,-1,1,-1,1,-1,1,1,-1,1,-1,1,1,1,1,-1,-1,1,1,-1,-1,1,-1,1,-1,-1,1,-1,1,-1,1,-1,1,-1,1,1,-1,-1,-1,1,1,-1,1,-1,1,1,1,-1,1,1,-1,-1,-1,1,-1,1,-1,1,-1,1,1,-1,1,-1,-1,-1,1,1,-1,1,-1,-1,-1,1,1,-1,-1,1,1,-1,-1,1,1,-1,1,1,-1,1,1,1,-1,-1,1,-1,1,1,-1,1,-1,1,-1,1,1,1,-1,-1,1,-1,-1,1,-1,1,-1,1,1,-1,1,1,1,-1,1,1,1,1,1,-1,-1,1,-1,1,1,1,1,-1,1,-1,1,1,1,-1,1,1,-1,-1,1,1,-1,1,1,-1,1,1,1,1,1,1,-1,1,1,1,1,1,1,-1,1,1,1,1,1,1,1,-1,1,1,1,1,1,-1,1,-1,1,-1,1,1,1,-1,1,1,1,1,1,1,-1,1,1,1,-1,-1,1,-1,-1,-1,-1,1,1,1,-1,1,1,-1,1,1,-1,-1,1,1,1,1,1,-1,1,1,1,-1,1,1,1,-1,-1,1,1,1,-1,1,-1,1,-1,1,1,1,1,-1,-1,-1,1,-1,-1,1,-1,1,-1,1,1,1,1,1,1,-1,1,-1,-1,1,-1,1,-1,1,1,-1,1,1,1,-1,-1,1,-1,1,1,-1,-1,1,1,1,-1,1,1,-1,1,1,-1,1,1,-1,-1,1,1,1,1,-1,1,-1,1,-1,1,1,-1,-1,1,1,-1,1,1,-1,-1,-1,1,-1,1,1,1,-1,-1,1,-1,-1,1,-1,-1,-1,1,-1,1,1,-1,1,-1,1,-1,-1,1,-1,-1,-1,1,-1,-1,1,-1,-1,-1,1,-1,-1,1,-1,-1,-1,-1,1,-1,1,-1,-1,-1,-1,1,-1,-1,1,1,1,-1,1,-1,1,-1,1,-1,1,-1,-1,-1,1,-1,-1,1,1,-1,1,1,-1,1,1,1,-1,1,1,-1,1,-1,1,-1,-1,1,-1,-1,1,1,-1,-1,1,-1,-1,1,1,1,-1,1,-1,-1,1,1,-1,-1,1,-1,-1,-1,1,1,-1,1,1,-1,-1,1,-1,-1,1,-1,1,-1,1,1,-1,-1,1,-1,-1,-1,-1,-1,1,1,1,-1,-1,1,-1,-1,1,-1,-1,1,-1,-1,1,1,-1,-1,1,-1,-1,1,1,-1,1,-1,1,-1,-1,1,1,-1,-1,-1,-1,1,1,-1,-1,1,-1,-1,-1,1,1,-1,-1,-1,-1,-1,1,-1,-1,-1,-1,-1,1,1,1,-1,-1,-1,-1,-1,1,1,-1,-1,-1,-1,-1,1,1,1,-1,-1,-1,-1,1,1,-1,-1,-1,-1,1,1,1,1,1,-1,1,1,1,1,1,1,-1,-1,1,1,1,1,-1,-1,1,1,1,1,-1,1,-1,-1,1,-1,1,-1,1,-1,-1,1,-1,1,1,1,-1,-1,1,-1,1,-1,1,-1,-1,1,-1,1,1,1,-1,-1,1,-1,1,1,1,-1,-1,1,1,-1,1,1,-1,-1,1,-1,1,-1,1,-1,-1,-1,-1,-1,1,1,-1,-1,1,-1,-1,1,1,-1,-1,-1,-1,-1,-1,1,-1,-1,-1,-1,1,-1,-1,-1,1,-1,-1,1,-1,1,-1,-1,-1,-1,-1,-1,1,1,-1,-1,-1,1,1,1,-1,-1,1,1,-1,-1,1,-1,1,-1,-1,1,1,1,-1,-1,-1,-1,1,-1,1,1,-1,1,-1,-1,1,1,-1,-1,-1,-1,-1,-1,1,1,-1,-1,1,-1,1,1,-1,-1,-1,1,-1,1,1,-1,-1,1,-1,-1,1,1,1,-1,1,-1,1,1,1,-1,-1,1,-1,-1,1,1,1,-1,1,-1,-1,1,1,-1,1,1,-1,-1,1,1,1,1,1,-1,-1,1,1,1,1,1,-1,-1,1,1,1,1,1,1,-1,1,1,1,1,1,-1,-1,1,-1,1,1,1,1,-1,-1,1,-1,1,1,1,-1,1,1,1,1,-1,1,-1,1,1,1,1,1,1,-1,-1,-1,1,1,1,-1,1,-1,1,1,1,1,-1,1,-1,1,1,1,-1,-1,1,-1,1,1,-1,1,-1,-1,-1,-1,1,1,-1,1,-1,-1,1,1,1,-1,-1,-1,-1,1,1,1,-1,-1,-1,-1,-1,1,1,-1,1,-1,-1,-1,1,1,-1,1,-1,1,-1,1,1,1,1,1,-1,-1,1,1,-1,-1,1,1,-1,-1,1,-1,1,-1,-1,1,1,-1,-1,1,-1,-1,-1,1,1,-1,1,1,-1,1,1,-1,-1,-1,-1,1,-1,-1,-1,-1,1,-1,-1,1,1,-1,1,1,-1,1,1,1,1,-1,1,-1,1,1,1,1,-1,1,-1,-1,1,1,1,-1,1,-1,1,1,1,1,-1,1,-1,1,1,-1,-1,-1,1,-1,-1,1,1,-1,-1,-1,1,-1,1,-1,1,-1,1,-1,-1,1,-2670.0,1,2000,445,1500,False
796,1,1,-1,-1,1,1,-1,-1,1,1,1,-1,-1,1,1,1,-1,1,-1,-1,1,-1,1,1,1,-1,1,-1,1,1,1,1,-1,-1,-1,-1,1,1,1,-1,1,-1,-1,1,1,1,1,-1,1,1,1,1,-1,1,-1,-1,1,-1,1,1,1,-1,1,-1,1,1,1,1,-1,-1,-1,1,1,1,1,-1,1,-1,1,1,1,-1,-1,1,1,1,1,1,-1,-1,-1,1,1,1,1,-1,1,1,1,-1,1,1,-1,-1,1,1,1,1,1,-1,-1,1,1,-1,1,1,-1,-1,1,1,1,1,1,1,-1,1,1,1,-1,1,1,-1,1,1,1,1,1,1,-1,1,1,1,1,1,1,-1,-1,1,1,1,1,1,-1,1,-1,1,1,1,1,-1,1,1,1,1,-1,1,-1,1,-1,1,1,1,-1,-1,1,1,1,1,1,-1,1,-1,-1,1,-1,1,-1,1,1,1,1,1,1,1,1,1,1,1,-1,1,-1,1,1,-1,1,-1,1,1,-1,1,-1,1,-1,1,-1,1,1,-1,1,-1,1,1,1,1,-1,-1,1,1,-1,-1,1,-1,1,-1,-1,1,-1,1,-1,1,-1,1,-1,1,1,-1,1,-1,1,1,-1,1,-1,1,1,1,-1,1,-1,-1,-1,-1,1,-1,1,1,1,-1,1,1,-1,1,-1,-1,-1,1,1,-1,1,-1,-1,-1,1,1,-1,-1,1,1,-1,-1,1,1,-1,1,1,-1,1,1,1,1,-1,1,-1,1,1,-1,1,-1,1,1,-1,1,1,1,1,1,-1,-1,1,-1,-1,-1,1,1,-1,1,1,1,-1,1,-1,-1,1,1,1,1,1,-1,1,1,1,-1,1,1,-1,1,1,1,-1,1,1,-1,1,-1,1,1,-1,1,-1,1,1,1,-1,1,1,-1,1,1,1,-1,1,-1,-1,1,1,1,-1,1,-1,-1,1,1,1,-1,1,-1,-1,-1,-1,1,-1,1,1,-1,1,1,1,1,-1,1,-1,-1,-1,1,-1,1,-1,-1,1,-1,-1,-1,1,-1,-1,1,-1,1,-1,1,-1,1,-1,1,1,1,1,-1,1,-1,1,1,-1,1,-1,-1,-1,-1,1,1,1,1,-1,-1,1,1,1,1,-1,-1,1,-1,-1,1,-1,1,-1,1,-1,1,1,-1,-1,-1,1,1,-1,1,-1,1,-1,-1,1,-1,1,1,-1,-1,-1,1,-1,-1,1,1,-1,-1,1,-1,1,1,-1,1,-1,1,-1,-1,1,1,-1,1,1,-1,1,1,-1,-1,1,1,-1,1,-1,1,-1,1,-1,-1,1,-1,1,-1,1,-1,-1,1,-1,-1,-1,1,-1,-1,1,-1,1,-1,1,-1,-1,1,-1,-1,1,-1,1,-1,1,1,1,-1,1,1,-1,-1,1,1,-1,1,-1,-1,1,1,1,1,1,1,-1,-1,1,1,-1,1,1,-1,-1,1,1,1,1,1,1,-1,1,1,1,-1,-1,-1,1,-1,-1,-1,1,-1,1,1,-1,1,-1,1,-1,1,-1,-1,-1,1,1,-1,1,1,-1,-1,-1,1,-1,1,1,-1,1,-1,1,-1,-1,-1,-1,-1,-1,1,-1,-1,-1,-1,-1,-1,1,-1,1,1,1,1,-1,1,-1,1,1,-1,-1,-1,1,-1,-1,1,-1,1,-1,-1,1,1,1,1,-1,-1,1,1,1,1,-1,1,-1,-1,1,1,1,-1,-1,-1,-1,1,1,1,-1,1,-1,1,-1,1,-1,1,1,-1,-1,1,1,1,-1,-1,-1,1,1,1,1,1,-1,-1,-1,1,1,1,1,-1,-1,-1,1,-1,1,-1,-1,-1,1,1,1,1,1,-1,-1,-1,1,-1,1,1,-1,-1,-1,1,1,-1,1,-1,-1,-1,1,1,1,1,-1,-1,1,1,1,-1,1,-1,1,1,-1,1,1,-1,-1,-1,1,1,-1,1,1,-1,1,1,1,-1,1,1,-1,-1,1,-1,1,-1,-1,-1,-1,1,1,-1,1,-1,-1,-1,1,-1,-1,1,-1,-1,-1,1,1,-1,-1,1,-1,-1,1,-1,-1,-1,-1,-1,-1,1,1,1,-1,-1,-1,-1,1,-1,1,-1,-1,-1,-1,-1,-1,-1,1,-1,-1,-1,1,-1,-1,1,-1,-1,-1,-1,-1,1,1,-1,-1,-1,-1,-1,1,-1,-1,-1,1,-1,-1,1,-1,1,-1,-1,-1,-1,-1,-1,-1,1,-1,-1,-1,1,1,1,-1,-1,1,-1,1,-1,-1,-1,1,-1,-1,1,-1,1,-1,-1,-1,-1,1,-1,1,1,-1,1,-1,-1,1,1,-1,-1,-1,-1,-1,-1,1,1,-1,-1,1,-1,1,1,1,-1,-1,1,-1,-1,1,-1,-1,1,-1,-1,1,1,1,-1,1,-1,1,1,1,-1,-1,1,-1,-1,1,1,1,-1,1,-1,-1,1,1,-1,1,1,-1,-1,1,1,1,1,1,-1,-1,1,1,-1,1,1,-1,-1,1,1,1,1,1,1,-1,-1,1,1,-1,1,-1,-1,1,-1,1,1,1,1,-1,-1,1,-1,1,1,1,-1,1,1,1,1,-1,1,-1,1,1,1,1,1,1,1,-1,1,1,1,1,-1,1,-1,1,1,1,1,1,-1,1,1,1,1,-1,1,1,-1,1,1,-1,1,1,-1,-1,1,1,1,1,-1,1,-1,1,1,1,-1,-1,1,-1,1,1,1,-1,1,-1,-1,-1,-1,1,-1,-1,1,-1,-1,1,-1,1,-1,1,-1,-1,-1,1,1,-1,1,-1,-1,1,1,-1,-1,-1,1,-1,1,-1,-1,1,1,-1,1,1,-1,-1,1,1,-1,-1,-1,1,-1,1,1,-1,1,-1,1,-1,-1,-1,1,-1,-1,-1,-1,1,-1,-1,1,1,-1,1,1,-1,1,1,-1,-1,-1,1,-1,1,1,1,1,-1,1,-1,-1,-1,1,-1,1,1,-1,1,1,1,-1,-1,1,-1,1,1,-1,-1,-1,1,-1,-1,1,1,-1,-1,1,1,-1,1,-1,1,-1,1,-1,-1,1,-2670.0,1,2000,445,500,False
797,-1,-1,1,1,1,1,-1,1,-1,-1,-1,1,-1,1,-1,-1,1,-1,1,1,-1,1,-1,-1,-1,1,-1,-1,1,-1,-1,-1,1,1,-1,1,1,-1,-1,-1,1,-1,1,-1,-1,-1,1,1,-1,-1,-1,-1,1,1,1,-1,-1,1,-1,-1,1,1,1,1,-1,1,-1,1,1,-1,1,-1,-1,-1,1,-1,-1,1,-1,-1,-1,1,1,-1,-1,-1,-1,1,1,1,-1,-1,-1,1,-1,1,-1,1,-1,1,1,1,1,-1,1,-1,-1,1,1,1,-1,1,-1,-1,1,1,1,-1,1,-1,-1,1,1,1,-1,1,-1,-1,1,1,-1,-1,1,-1,-1,1,1,1,-1,-1,-1,-1,1,1,1,-1,1,-1,-1,-1,1,1,-1,-1,1,-1,1,1,1,-1,1,1,-1,-1,1,1,-1,1,1,-1,1,1,1,-1,1,-1,-1,1,1,-1,1,-1,1,-1,1,1,-1,1,1,-1,-1,-1,1,1,1,1,1,-1,1,1,-1,1,1,1,-1,1,1,1,-1,1,1,-1,1,1,1,1,1,1,-1,1,1,-1,-1,1,1,1,-1,1,-1,-1,1,1,-1,-1,1,-1,1,1,1,-1,-1,1,-1,1,1,1,1,-1,1,-1,-1,1,1,-1,1,1,-1,1,1,1,-1,-1,1,-1,1,-1,1,1,1,1,-1,1,-1,1,1,1,1,-1,1,-1,1,1,1,1,1,-1,1,1,1,-1,1,-1,-1,1,1,-1,1,1,1,-1,-1,1,1,1,1,-1,1,-1,1,1,1,1,-1,-1,-1,1,1,1,1,-1,1,-1,1,-1,1,1,1,1,-1,1,1,1,1,1,-1,-1,1,1,1,1,-1,1,-1,1,1,1,1,1,-1,1,1,1,1,-1,1,-1,-1,1,1,1,1,1,1,1,1,1,1,1,1,1,1,-1,1,1,1,1,1,1,-1,1,1,1,1,1,1,-1,1,-1,-1,1,-1,1,1,-1,1,1,1,1,1,1,-1,1,-1,1,1,-1,-1,-1,1,-1,-1,-1,1,1,-1,1,-1,1,-1,1,-1,1,-1,1,1,1,1,-1,1,-1,1,1,-1,1,-1,-1,-1,-1,1,1,1,1,-1,-1,1,-1,1,1,-1,-1,1,-1,-1,1,-1,1,-1,1,-1,1,1,1,-1,-1,1,1,-1,1,-1,1,-1,-1,1,-1,1,-1,-1,-1,-1,1,-1,-1,1,1,-1,-1,-1,-1,1,1,-1,1,-1,1,-1,1,-1,1,-1,-1,1,-1,-1,-1,-1,-1,1,1,-1,1,-1,1,-1,1,-1,1,1,1,1,-1,1,-1,-1,1,-1,-1,-1,1,-1,1,-1,1,1,-1,1,-1,-1,1,-1,-1,1,-1,1,-1,-1,-1,1,-1,1,1,-1,-1,-1,1,-1,1,-1,-1,1,-1,1,1,1,1,-1,-1,1,1,-1,1,1,-1,-1,1,1,1,1,1,1,-1,1,1,1,-1,-1,1,1,-1,1,1,-1,1,-1,1,-1,1,-1,-1,-1,1,-1,-1,1,-1,-1,-1,1,1,-1,1,1,-1,-1,1,1,-1,-1,1,-1,-1,-1,-1,-1,1,1,-1,-1,-1,-1,-1,1,1,-1,-1,1,1,1,-1,1,-1,1,1,1,-1,1,1,-1,-1,-1,1,-1,-1,1,1,-1,1,1,1,1,1,1,-1,-1,1,-1,1,1,1,-1,-1,1,-1,1,1,-1,-1,1,1,-1,1,1,-1,1,1,-1,1,1,1,1,-1,1,1,-1,1,1,-1,1,1,1,1,1,1,1,-1,-1,1,1,1,1,1,-1,1,1,-1,1,1,1,-1,-1,1,1,1,-1,1,-1,-1,1,1,1,1,1,1,-1,-1,1,1,1,1,-1,-1,1,1,1,1,-1,1,-1,1,-1,1,-1,-1,1,-1,1,-1,1,1,-1,-1,-1,1,1,1,-1,1,-1,-1,1,1,-1,1,-1,-1,1,-1,-1,1,-1,1,-1,-1,1,-1,1,-1,1,-1,-1,1,-1,1,-1,1,-1,1,-1,1,1,-1,-1,-1,-1,1,-1,1,-1,1,1,1,-1,-1,1,1,-1,-1,-1,1,-1,1,-1,-1,-1,-1,1,-1,1,-1,1,-1,-1,1,-1,1,1,-1,-1,1,1,-1,1,-1,-1,-1,1,-1,-1,-1,1,-1,-1,1,-1,1,1,-1,-1,-1,-1,-1,-1,1,-1,-1,-1,1,1,1,1,-1,1,-1,1,-1,-1,1,-1,-1,-1,1,1,1,1,-1,-1,-1,1,-1,1,1,-1,1,-1,-1,1,1,1,-1,-1,-1,-1,-1,1,-1,-1,-1,1,-1,1,1,-1,-1,-1,-1,-1,1,1,1,-1,-1,1,-1,1,1,-1,1,-1,-1,1,1,1,-1,-1,1,-1,-1,1,-1,-1,-1,1,-1,-1,1,1,-1,1,-1,1,-1,1,1,-1,-1,1,1,-1,1,1,-1,-1,1,1,-1,1,1,-1,1,1,-1,-1,1,1,-1,-1,1,1,-1,1,-1,1,-1,1,1,-1,-1,1,-1,1,-1,1,-1,1,1,-1,1,-1,1,-1,1,1,-1,1,1,1,-1,-1,1,-1,1,1,-1,1,-1,1,-1,1,1,-1,1,-1,1,1,1,-1,-1,1,-1,1,1,-1,1,-1,-1,-1,1,-1,1,-1,1,-1,-1,1,-1,1,-1,-1,-1,1,1,-1,1,-1,-1,-1,-1,-1,1,1,-1,1,-1,-1,-1,-1,1,-1,1,1,-1,1,-1,1,1,1,1,-1,-1,1,1,-1,-1,1,1,1,1,1,-1,1,-1,-1,1,1,-1,-1,1,-1,-1,-1,-1,1,-1,1,-1,1,1,1,-1,-1,1,-1,-1,-1,-1,-1,-1,1,-1,1,1,1,-1,1,1,-1,1,1,1,1,-1,1,-1,1,1,1,1,-1,1,-1,1,1,1,1,-1,1,-1,1,1,1,1,-1,1,-1,1,-1,1,-1,-1,1,-1,-1,1,1,-1,-1,-1,1,-1,1,-1,1,-1,1,-1,-1,1,-2670.0,1,2000,445,500,False
798,1,1,-1,-1,1,1,-1,-1,1,1,1,-1,-1,1,1,1,-1,1,-1,-1,-1,-1,1,1,1,-1,-1,-1,1,1,1,1,-1,-1,-1,-1,1,1,1,1,-1,-1,-1,1,1,1,1,-1,1,1,1,1,-1,1,-1,-1,1,-1,1,1,1,-1,-1,-1,1,1,1,1,-1,-1,-1,1,1,1,1,-1,-1,-1,1,1,1,-1,-1,-1,1,1,1,1,-1,-1,-1,1,1,1,1,-1,-1,1,1,-1,1,1,-1,-1,1,1,1,1,1,-1,-1,1,1,-1,1,1,-1,-1,1,1,1,1,1,1,-1,-1,1,1,-1,1,1,-1,1,1,1,1,1,1,-1,-1,1,1,1,1,1,-1,1,1,1,1,1,1,-1,-1,-1,1,1,1,1,-1,1,1,1,1,-1,1,-1,1,-1,1,1,1,-1,-1,1,1,1,1,1,-1,1,-1,-1,1,-1,1,-1,1,1,1,1,1,1,1,1,1,-1,1,-1,1,-1,1,1,-1,1,-1,1,1,-1,1,-1,1,-1,1,-1,1,1,-1,1,-1,1,1,1,1,-1,-1,1,1,-1,-1,1,-1,1,-1,-1,1,-1,1,-1,1,-1,1,-1,1,1,-1,-1,-1,1,1,-1,1,-1,1,1,1,-1,1,1,-1,-1,-1,1,-1,1,-1,1,-1,1,1,-1,1,-1,-1,-1,1,1,-1,1,-1,-1,-1,1,1,-1,-1,1,1,-1,-1,1,1,-1,1,1,-1,1,1,1,1,-1,1,-1,1,1,-1,1,-1,1,1,1,1,1,1,1,1,-1,-1,1,-1,-1,1,1,1,-1,1,1,1,-1,1,1,1,1,1,1,1,1,-1,1,1,1,-1,-1,1,-1,1,1,1,-1,1,1,-1,-1,1,1,1,-1,1,-1,1,1,1,-1,1,1,-1,1,1,1,-1,1,1,-1,1,1,1,-1,1,1,-1,-1,1,1,-1,1,1,-1,1,-1,1,-1,1,1,1,-1,1,1,1,-1,1,1,-1,1,1,-1,1,-1,1,-1,-1,-1,-1,1,1,1,-1,1,1,-1,1,1,-1,-1,1,1,1,1,1,-1,1,1,1,-1,1,1,1,-1,-1,1,1,1,-1,1,-1,1,1,1,1,1,1,-1,-1,-1,1,-1,-1,1,1,-1,1,1,1,1,1,1,1,-1,1,-1,-1,1,-1,1,-1,1,1,-1,1,1,1,-1,-1,1,-1,1,1,1,-1,1,1,1,-1,1,1,-1,-1,1,-1,1,1,1,-1,1,1,1,1,1,1,-1,1,-1,1,1,1,-1,-1,1,-1,1,1,1,-1,-1,1,-1,1,1,1,-1,-1,1,-1,-1,1,1,-1,-1,1,-1,1,1,1,1,-1,1,-1,-1,1,1,1,-1,-1,-1,1,1,1,-1,-1,1,-1,-1,1,-1,1,-1,-1,1,-1,1,-1,1,-1,-1,1,-1,-1,1,1,1,-1,1,-1,1,-1,-1,-1,1,-1,-1,-1,1,-1,-1,1,1,1,-1,1,-1,1,1,1,-1,1,1,-1,1,-1,1,-1,-1,1,-1,-1,1,1,1,-1,1,-1,-1,1,1,-1,-1,1,-1,-1,1,1,-1,-1,1,-1,-1,-1,1,1,-1,1,1,-1,-1,1,-1,-1,1,-1,1,-1,1,1,-1,-1,1,-1,-1,-1,-1,-1,1,1,1,-1,-1,1,-1,-1,1,-1,-1,1,-1,-1,1,1,-1,-1,1,1,-1,1,1,-1,1,-1,1,-1,-1,1,1,-1,-1,-1,-1,1,1,-1,-1,1,-1,-1,-1,1,1,-1,-1,-1,-1,-1,1,-1,-1,-1,-1,-1,1,1,1,-1,-1,-1,-1,-1,1,1,-1,-1,-1,-1,-1,1,1,1,-1,-1,-1,-1,1,1,-1,-1,-1,-1,1,1,1,1,-1,-1,1,1,1,1,1,-1,-1,-1,1,1,1,1,1,-1,1,1,1,1,-1,1,-1,-1,1,-1,1,-1,1,-1,-1,1,-1,1,-1,-1,-1,-1,1,-1,1,-1,1,-1,-1,1,-1,1,-1,1,-1,-1,1,-1,1,-1,-1,-1,-1,1,1,-1,-1,-1,-1,-1,1,-1,1,-1,-1,-1,-1,-1,-1,-1,1,-1,-1,-1,1,-1,-1,1,-1,-1,-1,-1,-1,1,1,-1,-1,-1,-1,-1,1,-1,-1,-1,1,-1,-1,1,-1,1,-1,-1,-1,-1,-1,-1,-1,1,-1,-1,-1,1,1,-1,-1,-1,1,-1,-1,-1,-1,-1,1,-1,-1,1,-1,1,-1,-1,-1,-1,1,-1,1,1,-1,1,-1,-1,1,1,-1,-1,-1,-1,-1,-1,1,1,-1,-1,1,-1,1,1,-1,-1,-1,1,-1,1,1,-1,-1,1,-1,-1,1,1,1,-1,1,-1,1,1,1,-1,-1,1,-1,-1,1,1,1,-1,1,-1,-1,1,1,-1,1,1,-1,-1,1,1,-1,1,1,-1,-1,1,1,-1,1,1,-1,-1,1,1,1,1,1,1,-1,-1,1,1,1,1,-1,-1,1,-1,1,1,1,1,-1,-1,1,-1,1,1,1,-1,1,1,1,1,-1,1,-1,1,1,1,1,1,1,1,-1,1,1,1,1,-1,1,-1,1,1,1,1,1,-1,1,1,1,1,-1,1,1,-1,1,1,-1,1,1,-1,-1,1,1,1,1,-1,1,-1,1,1,1,-1,-1,1,-1,1,1,1,-1,1,-1,-1,-1,1,1,-1,-1,1,-1,-1,1,1,1,-1,1,-1,-1,1,1,1,-1,1,-1,-1,1,1,-1,-1,-1,1,-1,1,1,-1,1,1,-1,1,1,-1,-1,1,-1,-1,-1,1,1,-1,1,1,-1,1,1,-1,-1,1,-1,1,-1,-1,-1,-1,1,-1,-1,1,1,-1,1,1,-1,1,1,1,1,-1,1,-1,1,1,1,1,-1,1,-1,-1,1,1,1,-1,1,-1,1,1,1,1,-1,1,-1,1,1,1,-1,-1,1,-1,-1,1,1,-1,-1,-1,1,-1,1,-1,1,-1,1,-1,-1,1,-2670.0,1,2000,445,500,False
799,1,1,-1,-1,1,-1,-1,-1,1,1,1,-1,1,1,1,1,-1,1,-1,-1,1,-1,1,1,1,-1,-1,-1,1,1,1,1,-1,-1,-1,-1,1,1,1,1,-1,-1,-1,1,1,1,1,-1,1,1,1,1,-1,1,-1,-1,1,-1,1,1,1,-1,-1,-1,1,1,1,1,-1,-1,-1,1,1,1,1,-1,-1,-1,1,1,1,-1,-1,-1,1,1,1,1,-1,-1,-1,1,1,1,1,-1,-1,1,1,-1,1,1,-1,-1,1,1,1,1,1,-1,-1,1,1,-1,1,1,-1,-1,1,1,1,1,1,1,-1,1,1,1,-1,1,1,-1,1,1,1,1,1,1,-1,-1,1,1,1,1,1,-1,1,1,1,1,1,1,-1,-1,-1,1,1,1,1,-1,1,1,1,1,-1,1,-1,1,-1,1,1,1,-1,-1,1,1,1,1,1,-1,1,-1,-1,1,-1,1,-1,1,1,1,1,1,1,1,1,1,1,1,-1,1,-1,1,1,-1,1,-1,1,1,-1,1,-1,1,-1,1,-1,1,1,-1,1,-1,1,1,1,1,-1,-1,1,1,-1,-1,1,-1,1,-1,-1,1,-1,1,-1,1,-1,1,-1,1,1,-1,1,-1,1,1,-1,1,-1,1,1,1,-1,1,1,-1,-1,-1,1,-1,1,-1,1,-1,1,1,-1,1,-1,-1,-1,1,1,-1,1,-1,-1,-1,1,1,-1,-1,1,1,-1,-1,1,1,-1,1,1,-1,1,1,1,1,-1,1,-1,1,1,-1,1,-1,1,1,-1,1,1,-1,-1,1,-1,-1,1,-1,-1,-1,1,1,-1,1,1,1,-1,1,-1,-1,1,1,1,1,1,-1,1,1,1,1,-1,1,-1,1,1,1,-1,1,1,-1,1,-1,1,1,-1,1,-1,1,1,1,-1,1,1,-1,1,1,1,-1,1,-1,-1,1,1,1,1,1,-1,-1,1,1,1,-1,1,-1,-1,-1,-1,1,-1,1,1,-1,1,1,1,1,-1,1,-1,-1,-1,1,-1,1,-1,-1,1,-1,-1,-1,1,1,-1,1,-1,1,-1,1,-1,1,-1,1,1,1,1,-1,1,-1,1,1,-1,1,-1,-1,-1,-1,1,1,1,1,-1,-1,1,-1,1,1,-1,-1,1,-1,-1,1,-1,1,-1,1,-1,1,1,1,-1,-1,1,1,-1,1,-1,1,-1,-1,1,-1,1,1,-1,-1,-1,1,-1,-1,1,1,-1,-1,-1,-1,1,1,-1,1,-1,1,-1,-1,1,1,-1,-1,1,-1,1,1,-1,-1,1,1,-1,1,-1,1,-1,1,-1,1,1,-1,1,-1,1,-1,-1,1,-1,-1,-1,1,-1,-1,1,-1,1,-1,1,-1,-1,1,-1,-1,1,-1,1,-1,1,-1,1,-1,1,1,-1,1,-1,1,-1,1,-1,-1,1,-1,1,1,1,1,-1,-1,1,1,-1,1,1,-1,1,1,1,1,-1,1,1,-1,1,1,1,1,1,1,1,-1,-1,-1,1,-1,1,1,1,1,-1,1,-1,1,-1,-1,-1,1,1,-1,1,1,-1,-1,-1,1,-1,1,1,-1,1,-1,1,-1,-1,-1,-1,-1,-1,1,-1,-1,-1,-1,-1,-1,1,-1,1,1,1,1,-1,1,-1,1,1,-1,-1,-1,1,-1,-1,1,-1,1,-1,-1,1,1,1,1,-1,-1,1,1,1,1,-1,1,-1,-1,1,1,1,-1,-1,-1,-1,1,1,1,-1,1,-1,1,-1,1,-1,1,1,-1,-1,1,1,1,-1,-1,-1,1,1,1,1,1,-1,-1,-1,1,1,1,1,-1,-1,-1,1,-1,1,-1,-1,-1,1,1,1,1,1,-1,-1,-1,1,-1,1,1,-1,-1,-1,1,1,-1,1,-1,-1,-1,1,1,1,1,-1,-1,1,1,1,1,-1,-1,1,1,-1,1,1,-1,-1,-1,1,1,-1,1,1,-1,1,1,1,-1,1,-1,-1,-1,1,-1,1,-1,-1,-1,-1,1,1,-1,1,1,-1,-1,1,-1,-1,1,-1,-1,-1,1,1,-1,1,-1,-1,-1,1,-1,-1,1,-1,-1,-1,1,1,1,-1,-1,-1,-1,1,-1,-1,1,-1,-1,-1,-1,-1,-1,1,-1,-1,-1,1,-1,-1,1,-1,-1,-1,-1,-1,1,1,-1,-1,-1,-1,-1,1,-1,-1,-1,1,-1,-1,1,-1,1,-1,-1,-1,-1,-1,-1,-1,1,-1,-1,-1,1,1,1,-1,-1,1,-1,1,-1,-1,-1,1,-1,-1,1,1,1,-1,-1,-1,-1,1,-1,1,1,-1,1,-1,-1,1,1,-1,-1,-1,-1,-1,-1,1,1,-1,-1,1,-1,1,1,-1,-1,-1,1,-1,1,1,-1,-1,1,-1,-1,1,1,1,-1,1,-1,1,1,1,-1,-1,1,-1,-1,1,-1,1,-1,1,-1,-1,1,1,-1,1,1,-1,-1,1,1,1,1,1,-1,-1,1,1,-1,1,1,-1,-1,1,1,1,1,1,1,-1,1,1,1,-1,1,-1,-1,1,-1,1,1,1,1,-1,-1,1,-1,1,1,1,-1,1,-1,1,1,-1,1,-1,1,1,1,1,1,1,1,-1,-1,1,1,1,-1,1,-1,1,1,1,1,1,-1,1,-1,1,1,-1,-1,1,-1,1,1,-1,1,1,-1,-1,1,1,1,-1,1,1,-1,-1,1,1,-1,-1,1,-1,1,1,1,-1,1,-1,-1,-1,1,1,-1,-1,1,-1,-1,1,1,-1,-1,1,-1,-1,1,1,1,1,-1,-1,-1,1,1,-1,-1,-1,1,-1,-1,1,-1,1,1,-1,1,1,-1,-1,1,-1,-1,-1,1,1,-1,1,1,-1,1,1,-1,-1,1,-1,1,-1,-1,-1,-1,1,-1,-1,1,1,-1,1,1,-1,1,1,1,1,-1,1,-1,1,1,1,1,-1,1,-1,-1,1,1,1,-1,1,-1,1,1,1,1,-1,1,-1,1,1,-1,-1,-1,1,-1,-1,1,1,-1,-1,-1,1,-1,1,-1,1,-1,1,-1,-1,1,-2670.0,1,2000,445,0,False
800,1,1,-1,-1,1,1,-1,-1,1,1,1,-1,-1,1,1,1,-1,1,-1,-1,-1,-1,1,1,1,-1,-1,-1,1,1,1,1,-1,-1,-1,-1,1,-1,1,1,-1,-1,-1,1,1,1,1,-1,1,1,1,1,-1,1,-1,-1,1,-1,1,1,1,-1,-1,-1,1,1,1,1,-1,-1,-1,1,1,1,1,-1,-1,-1,1,1,1,-1,-1,-1,1,1,1,1,-1,-1,1,1,1,1,1,-1,-1,-1,1,-1,1,1,-1,-1,1,1,1,1,1,-1,-1,-1,1,-1,1,1,-1,-1,1,1,1,1,1,1,-1,-1,1,1,-1,1,1,-1,1,1,1,1,1,1,-1,1,1,1,1,1,1,-1,1,1,1,1,1,1,-1,-1,-1,1,1,1,1,-1,1,1,1,1,-1,1,-1,1,-1,1,1,1,-1,-1,1,1,1,1,1,-1,1,-1,-1,1,-1,1,-1,1,1,1,1,1,1,1,1,1,-1,1,-1,1,-1,1,1,-1,1,-1,1,1,-1,1,-1,1,-1,1,-1,1,1,-1,1,-1,1,1,1,1,-1,-1,1,1,-1,-1,1,-1,1,-1,1,1,-1,1,-1,1,-1,1,-1,1,1,-1,1,-1,1,1,-1,1,-1,1,1,1,-1,1,1,-1,1,-1,1,-1,1,-1,1,-1,1,1,-1,1,-1,-1,-1,1,1,-1,1,-1,-1,-1,1,1,-1,-1,1,1,-1,-1,1,1,-1,1,1,-1,1,1,1,1,-1,1,-1,1,1,-1,1,-1,1,1,1,1,1,1,1,1,-1,-1,1,-1,-1,-1,1,1,-1,1,1,1,-1,1,1,1,1,1,1,-1,1,-1,1,1,1,-1,-1,1,-1,1,1,1,-1,1,1,-1,-1,1,1,1,-1,1,-1,1,1,1,-1,1,1,-1,1,1,1,-1,1,1,-1,1,1,1,-1,1,1,1,-1,1,1,-1,1,1,-1,1,-1,1,-1,1,1,1,-1,1,1,1,-1,1,1,-1,1,1,-1,1,1,1,-1,-1,-1,-1,1,1,1,-1,1,1,-1,1,1,-1,-1,1,1,1,1,1,-1,1,1,1,-1,1,1,1,-1,-1,1,1,1,-1,1,-1,1,1,1,1,1,1,-1,-1,-1,1,-1,-1,1,-1,1,-1,1,1,1,1,1,-1,-1,1,-1,-1,1,-1,1,-1,1,1,-1,1,1,1,-1,-1,1,-1,1,1,-1,-1,1,1,1,-1,1,-1,-1,-1,1,-1,1,1,-1,-1,1,1,1,1,-1,1,-1,1,-1,-1,1,-1,-1,-1,1,-1,1,1,-1,-1,-1,1,-1,1,1,1,-1,-1,1,-1,-1,1,-1,-1,-1,1,-1,1,1,1,-1,-1,1,-1,-1,1,-1,-1,-1,-1,-1,-1,1,-1,-1,-1,1,-1,-1,1,-1,-1,-1,-1,1,-1,1,-1,-1,-1,-1,1,-1,-1,1,1,1,-1,1,-1,1,-1,1,-1,1,-1,-1,-1,1,-1,-1,1,1,1,-1,1,-1,1,1,1,-1,1,1,-1,1,-1,1,-1,-1,1,-1,-1,1,1,1,-1,1,-1,-1,1,1,-1,-1,1,-1,-1,1,1,-1,-1,1,-1,-1,-1,1,1,-1,1,-1,-1,-1,1,-1,-1,1,-1,1,-1,1,1,-1,-1,1,-1,-1,-1,-1,-1,1,1,1,-1,-1,1,-1,-1,1,-1,-1,1,-1,-1,-1,1,-1,-1,1,1,-1,1,1,-1,1,-1,1,-1,-1,1,1,-1,-1,-1,-1,1,1,-1,-1,1,-1,-1,-1,1,1,-1,-1,-1,-1,-1,1,-1,-1,-1,-1,-1,1,1,1,-1,-1,-1,-1,-1,1,1,-1,-1,-1,-1,-1,1,1,1,-1,-1,-1,-1,1,1,-1,-1,-1,-1,1,1,1,1,1,-1,1,1,1,1,1,1,-1,-1,1,1,1,-1,1,-1,1,1,1,1,-1,1,-1,-1,1,-1,1,-1,1,-1,-1,1,-1,1,-1,1,-1,-1,1,-1,1,-1,1,1,-1,1,-1,1,1,1,1,-1,1,-1,1,1,1,-1,-1,1,1,-1,1,1,-1,-1,1,-1,1,-1,1,-1,-1,-1,-1,-1,1,1,-1,-1,1,-1,-1,1,1,-1,-1,-1,-1,1,-1,1,-1,-1,-1,-1,1,1,-1,-1,1,-1,-1,1,-1,1,-1,-1,-1,-1,-1,1,1,1,-1,-1,-1,1,1,1,-1,-1,-1,1,-1,-1,1,-1,1,-1,-1,1,1,1,-1,-1,-1,-1,1,-1,1,1,-1,1,-1,-1,1,1,-1,-1,-1,-1,-1,-1,1,1,-1,-1,1,-1,1,1,-1,-1,-1,1,-1,1,1,-1,-1,1,-1,-1,1,1,1,-1,1,-1,1,1,1,-1,-1,1,-1,-1,1,1,1,-1,1,-1,-1,1,1,-1,1,1,-1,-1,1,1,1,1,1,-1,-1,1,1,-1,1,1,-1,-1,1,1,1,1,1,1,-1,-1,1,1,1,1,-1,-1,1,-1,1,1,1,1,-1,-1,1,-1,1,1,1,-1,1,1,1,1,-1,1,-1,1,1,1,1,1,1,1,-1,1,1,1,1,-1,1,-1,1,1,1,1,1,-1,1,1,1,1,-1,1,1,-1,1,1,-1,1,1,-1,-1,1,1,1,1,-1,1,-1,1,1,1,-1,-1,1,-1,1,1,1,-1,1,-1,-1,-1,1,1,-1,-1,1,-1,-1,1,1,-1,-1,1,-1,-1,1,1,1,-1,1,-1,-1,1,1,-1,-1,-1,1,-1,1,1,-1,1,1,-1,1,1,-1,-1,1,-1,-1,-1,1,1,-1,1,1,-1,1,1,-1,-1,-1,-1,1,-1,-1,-1,-1,1,-1,-1,1,1,-1,1,1,-1,1,1,1,1,-1,1,-1,1,1,1,-1,-1,1,-1,-1,1,1,-1,-1,1,-1,1,1,1,-1,-1,1,-1,1,1,1,1,-1,1,-1,-1,1,1,1,-1,-1,1,-1,1,-1,1,-1,1,-1,-1,1,-2670.0,1,2000,445,500,False
801,1,1,-1,-1,1,-1,-1,-1,1,1,1,-1,1,1,1,1,-1,1,-1,-1,-1,-1,1,1,1,-1,-1,-1,1,1,1,1,1,-1,-1,-1,1,-1,1,1,-1,-1,-1,1,1,1,1,-1,1,1,1,1,-1,1,-1,-1,1,-1,1,1,1,-1,-1,-1,1,1,1,1,-1,-1,-1,1,1,1,1,-1,-1,-1,1,1,1,-1,-1,-1,1,1,1,1,-1,-1,-1,1,1,1,1,-1,-1,1,1,-1,1,1,-1,-1,1,1,1,1,1,-1,-1,1,1,1,1,1,-1,-1,1,1,1,1,1,1,-1,-1,1,1,-1,1,1,-1,1,1,1,1,1,1,-1,-1,1,1,1,1,1,-1,1,1,1,1,1,1,-1,-1,-1,1,1,1,1,-1,1,1,1,1,-1,1,-1,1,-1,1,1,1,-1,-1,1,1,1,1,1,-1,1,-1,-1,1,-1,1,-1,1,1,1,1,1,1,1,1,1,-1,1,-1,1,-1,1,1,-1,1,-1,1,1,-1,1,-1,1,-1,1,-1,1,1,-1,1,-1,1,1,1,1,-1,-1,1,1,-1,-1,1,-1,1,-1,1,1,-1,1,-1,1,-1,1,-1,-1,1,-1,1,-1,1,1,-1,1,-1,1,1,1,-1,1,1,-1,1,-1,1,-1,1,-1,1,-1,1,1,-1,1,-1,-1,-1,1,1,-1,1,-1,-1,-1,1,1,-1,-1,1,1,-1,-1,1,1,-1,1,1,-1,1,1,1,1,-1,1,-1,1,1,-1,1,-1,1,1,1,1,1,1,1,1,-1,-1,1,-1,-1,-1,1,1,-1,1,1,1,-1,1,1,1,1,1,1,-1,1,-1,1,1,1,-1,-1,1,-1,1,1,1,-1,1,1,-1,-1,1,1,1,-1,1,-1,1,1,1,-1,1,1,-1,1,1,1,-1,1,1,-1,1,1,1,-1,1,1,-1,-1,1,1,-1,1,1,-1,1,-1,1,-1,1,1,1,-1,1,1,1,1,1,1,-1,1,1,-1,1,-1,1,-1,-1,-1,-1,1,1,1,-1,1,1,-1,1,1,-1,-1,1,1,1,1,1,-1,1,1,1,-1,1,1,1,1,-1,1,1,1,-1,1,-1,1,1,1,1,1,1,-1,-1,-1,1,-1,-1,1,1,-1,1,1,1,1,1,1,1,-1,1,-1,-1,1,-1,1,-1,1,1,-1,1,1,1,-1,-1,1,-1,1,1,1,-1,1,1,1,-1,1,1,-1,-1,1,-1,1,1,1,-1,1,1,1,1,1,1,-1,1,-1,1,1,1,-1,-1,1,-1,1,1,1,-1,-1,1,-1,1,1,1,-1,-1,1,-1,-1,1,1,-1,-1,1,-1,1,1,1,1,-1,1,1,-1,1,1,1,-1,-1,-1,-1,1,1,-1,-1,1,-1,-1,1,-1,1,-1,-1,1,-1,1,-1,1,-1,-1,1,-1,-1,1,1,1,-1,1,-1,1,-1,-1,-1,1,-1,-1,-1,1,-1,-1,1,1,1,-1,1,-1,1,1,1,-1,1,1,-1,1,-1,1,-1,-1,1,-1,-1,1,1,1,-1,1,-1,-1,1,1,-1,-1,1,-1,-1,1,1,-1,-1,1,-1,-1,-1,1,1,-1,1,-1,-1,-1,1,-1,-1,1,-1,1,-1,1,1,-1,-1,1,-1,-1,-1,-1,-1,1,1,1,-1,-1,1,-1,-1,1,-1,-1,1,-1,-1,-1,1,-1,-1,1,-1,-1,1,1,-1,1,-1,-1,-1,-1,1,1,-1,-1,-1,-1,-1,1,-1,-1,1,-1,-1,-1,1,1,-1,-1,-1,-1,-1,1,-1,-1,-1,-1,-1,1,1,1,-1,-1,-1,-1,-1,1,1,-1,-1,-1,-1,-1,1,1,1,-1,-1,-1,-1,1,1,-1,-1,-1,-1,1,1,1,1,-1,-1,1,1,1,1,1,-1,-1,-1,1,1,1,1,1,-1,1,1,1,1,-1,1,-1,-1,1,-1,1,-1,1,-1,-1,1,-1,1,-1,-1,-1,-1,1,-1,1,-1,1,1,-1,1,-1,1,-1,1,1,-1,1,-1,1,-1,-1,-1,-1,1,1,-1,-1,-1,-1,-1,1,-1,1,-1,-1,-1,-1,-1,-1,-1,1,-1,-1,-1,1,-1,-1,1,-1,-1,-1,-1,-1,-1,1,-1,-1,-1,-1,-1,1,-1,-1,-1,1,-1,-1,1,-1,1,-1,-1,-1,-1,-1,-1,-1,1,-1,-1,-1,1,1,-1,-1,-1,-1,1,-1,-1,-1,-1,1,-1,-1,1,-1,1,-1,-1,-1,-1,1,-1,1,1,-1,1,-1,-1,1,1,-1,-1,-1,-1,-1,-1,1,1,-1,-1,1,-1,1,1,-1,-1,-1,1,-1,1,1,-1,-1,1,-1,-1,1,1,1,-1,1,-1,1,1,1,-1,-1,1,-1,-1,1,1,1,-1,1,-1,-1,1,1,-1,1,1,-1,-1,1,1,-1,1,1,-1,-1,1,1,1,1,1,-1,-1,1,1,1,1,-1,1,-1,-1,1,1,-1,1,-1,-1,1,-1,1,1,1,1,-1,-1,1,-1,1,1,1,-1,1,1,1,1,-1,1,-1,1,1,1,1,1,1,1,-1,1,1,1,1,-1,1,-1,1,1,1,1,1,-1,1,1,1,1,-1,1,1,-1,1,1,-1,1,1,-1,-1,1,1,1,1,-1,1,-1,1,1,1,-1,-1,1,-1,1,1,1,-1,1,-1,-1,-1,1,1,-1,-1,1,-1,-1,1,1,-1,-1,1,-1,-1,1,1,1,-1,1,-1,-1,1,1,-1,-1,-1,1,-1,-1,1,-1,1,1,-1,1,1,-1,-1,1,-1,-1,-1,1,1,-1,1,1,-1,1,1,-1,-1,-1,-1,1,-1,-1,-1,-1,1,-1,-1,1,1,-1,1,1,-1,1,1,1,1,-1,1,-1,1,1,1,1,-1,1,-1,-1,1,1,1,-1,1,-1,1,1,1,1,-1,1,-1,1,1,1,-1,-1,1,-1,-1,1,1,-1,-1,-1,1,-1,1,1,1,-1,1,-1,-1,1,-2670.0,1,2000,445,500,False
802,1,1,-1,-1,1,-1,1,-1,1,1,1,-1,1,1,1,1,-1,1,-1,-1,1,-1,1,1,1,-1,-1,-1,1,1,1,1,-1,-1,-1,-1,1,1,1,1,-1,-1,-1,1,1,1,1,-1,1,1,1,1,-1,1,-1,-1,1,-1,1,1,1,-1,-1,-1,1,1,1,1,-1,-1,-1,1,1,1,1,-1,-1,-1,1,1,1,-1,-1,-1,1,1,1,1,-1,-1,-1,1,1,1,1,-1,-1,1,1,-1,1,1,-1,-1,1,1,1,1,1,-1,-1,1,1,1,1,1,-1,-1,1,1,1,1,1,1,-1,1,1,1,-1,1,1,-1,1,1,1,1,1,1,-1,-1,1,1,1,1,1,-1,1,1,1,1,1,1,-1,-1,-1,1,1,1,1,-1,1,1,1,1,-1,1,-1,1,-1,1,1,1,-1,-1,1,1,1,1,1,-1,1,-1,-1,1,-1,1,-1,1,1,1,1,1,1,1,1,1,1,1,-1,1,-1,1,1,-1,1,-1,1,1,-1,1,-1,1,-1,1,-1,1,1,-1,1,-1,1,1,1,1,-1,-1,1,1,-1,-1,1,-1,1,-1,-1,1,-1,1,-1,1,-1,1,-1,1,1,-1,1,-1,1,1,-1,1,-1,1,1,1,-1,1,1,-1,1,-1,1,-1,1,-1,1,-1,1,1,-1,1,-1,-1,-1,1,1,-1,1,-1,-1,-1,1,1,-1,-1,1,1,-1,-1,1,1,-1,1,1,-1,1,1,1,1,-1,1,-1,1,1,-1,1,-1,1,1,1,1,1,1,1,1,-1,-1,1,-1,-1,-1,1,1,-1,1,1,1,-1,1,1,1,1,1,1,1,1,-1,1,1,1,-1,1,1,-1,1,1,1,-1,1,1,-1,-1,1,1,1,-1,1,-1,1,1,1,-1,1,1,-1,1,1,1,-1,1,1,-1,1,1,1,-1,1,1,-1,-1,-1,1,-1,1,1,-1,1,1,1,-1,1,1,1,-1,-1,1,1,-1,1,1,-1,1,1,-1,1,1,1,-1,-1,1,1,1,1,1,-1,1,-1,-1,1,1,-1,-1,-1,1,-1,1,1,-1,1,-1,1,1,1,1,1,-1,-1,1,1,1,-1,1,-1,1,-1,-1,1,1,1,-1,1,-1,1,-1,-1,1,1,-1,1,-1,1,1,1,1,1,-1,1,-1,-1,1,-1,1,-1,-1,-1,-1,1,1,1,-1,-1,1,-1,1,1,1,-1,1,-1,1,-1,1,1,-1,-1,1,-1,1,1,1,1,-1,-1,1,1,1,1,-1,-1,1,-1,1,1,-1,1,-1,1,-1,1,1,-1,-1,-1,-1,1,1,1,-1,1,-1,1,-1,1,1,-1,-1,1,-1,1,1,1,1,-1,-1,-1,-1,-1,1,1,-1,-1,-1,1,-1,1,-1,-1,-1,-1,-1,1,-1,1,-1,-1,-1,-1,1,-1,1,-1,-1,-1,-1,-1,1,1,1,-1,-1,-1,1,-1,-1,-1,1,1,-1,-1,1,-1,-1,1,1,1,-1,1,-1,1,1,1,-1,1,1,-1,-1,-1,1,-1,-1,1,-1,-1,1,1,1,-1,1,-1,-1,1,1,-1,-1,1,-1,-1,1,1,-1,-1,1,-1,-1,-1,1,1,-1,1,1,-1,-1,1,-1,-1,1,-1,1,-1,1,1,-1,-1,1,-1,-1,-1,-1,-1,1,1,1,-1,1,1,-1,-1,1,-1,-1,-1,-1,-1,-1,1,-1,-1,-1,-1,-1,1,1,-1,1,1,1,-1,-1,1,1,-1,-1,-1,-1,1,1,-1,-1,1,-1,-1,-1,1,1,-1,-1,-1,-1,-1,1,-1,-1,1,-1,-1,1,1,1,-1,1,-1,-1,-1,1,1,-1,-1,-1,-1,-1,1,1,1,-1,-1,-1,-1,1,1,-1,-1,-1,-1,1,1,1,1,-1,-1,1,1,1,1,1,-1,-1,-1,1,1,1,-1,1,-1,1,1,1,1,-1,1,-1,-1,1,-1,1,-1,1,-1,-1,1,-1,1,-1,-1,-1,-1,1,-1,1,-1,1,-1,-1,1,-1,1,-1,1,-1,-1,1,-1,1,-1,-1,-1,-1,1,1,-1,-1,-1,-1,-1,1,-1,1,-1,-1,-1,-1,-1,-1,-1,1,-1,-1,-1,1,-1,-1,1,-1,-1,-1,-1,-1,-1,1,-1,-1,-1,-1,-1,1,-1,-1,-1,1,-1,-1,1,-1,1,-1,-1,-1,-1,1,-1,-1,1,-1,-1,-1,-1,1,-1,-1,-1,1,-1,1,-1,-1,-1,1,-1,-1,-1,-1,1,-1,-1,-1,-1,-1,1,1,1,-1,1,-1,1,-1,1,-1,-1,-1,-1,-1,-1,1,1,-1,-1,1,-1,1,1,-1,-1,-1,1,-1,1,1,-1,-1,1,-1,-1,1,1,1,-1,1,-1,1,1,1,-1,-1,1,-1,-1,1,1,1,-1,1,-1,-1,1,1,-1,1,1,-1,-1,1,1,-1,1,1,-1,-1,1,1,-1,1,1,-1,-1,1,1,1,1,1,1,-1,1,1,1,1,1,-1,-1,1,-1,1,1,1,1,-1,-1,1,-1,1,1,1,-1,1,1,1,1,-1,1,-1,1,1,1,1,1,1,1,-1,1,1,1,1,-1,1,-1,1,1,1,1,1,-1,1,1,1,1,-1,1,-1,1,1,1,-1,1,1,1,1,1,1,1,1,-1,1,1,1,1,1,-1,-1,1,-1,1,1,1,-1,1,-1,1,1,1,1,-1,-1,1,1,1,1,1,-1,-1,1,-1,1,1,1,1,-1,1,-1,1,1,1,-1,-1,-1,-1,1,-1,1,-1,1,1,1,1,1,-1,-1,1,1,1,1,1,1,-1,1,-1,1,-1,1,-1,-1,-1,-1,-1,1,-1,-1,-1,-1,-1,1,1,1,-1,1,1,-1,-1,1,1,1,-1,1,-1,1,1,1,1,-1,1,-1,1,1,1,1,-1,1,-1,1,1,1,1,-1,1,-1,1,-1,-1,-1,-1,1,-1,-1,1,1,-1,-1,-1,1,-1,1,-1,1,-1,1,-1,-1,1,-2670.0,1,2000,445,500,False
803,1,1,-1,-1,1,1,-1,-1,1,1,1,-1,-1,1,1,1,-1,1,-1,-1,-1,-1,1,1,1,-1,-1,-1,1,1,1,1,1,-1,-1,-1,1,1,1,1,-1,-1,-1,1,1,1,1,-1,1,1,1,1,-1,1,-1,-1,1,-1,1,1,1,-1,-1,-1,1,1,1,1,-1,-1,-1,1,1,1,1,-1,-1,-1,1,1,1,-1,-1,-1,1,1,1,1,-1,-1,1,1,1,1,1,-1,-1,-1,1,-1,1,1,-1,-1,1,1,1,1,1,-1,-1,-1,1,1,1,1,-1,-1,1,1,1,1,1,1,-1,-1,1,1,-1,1,1,-1,1,1,1,1,1,1,-1,1,1,1,1,1,1,-1,1,1,1,1,1,1,-1,-1,-1,1,1,1,1,-1,1,1,1,1,-1,1,-1,1,-1,1,1,1,-1,-1,1,1,1,1,1,-1,1,-1,-1,1,-1,1,-1,1,1,1,1,1,1,1,1,1,-1,1,-1,1,-1,1,1,-1,1,-1,1,1,-1,1,-1,1,-1,1,-1,1,1,-1,1,-1,1,1,1,1,-1,-1,1,1,-1,-1,1,-1,1,-1,1,1,-1,1,-1,1,-1,1,-1,-1,1,-1,-1,-1,1,1,-1,1,-1,1,1,1,-1,1,1,-1,1,-1,1,-1,1,-1,1,-1,1,1,-1,1,-1,-1,-1,1,1,-1,1,-1,-1,-1,1,1,-1,-1,1,1,-1,-1,1,1,-1,1,1,-1,1,1,1,1,-1,1,-1,1,1,-1,1,-1,1,1,1,1,1,1,1,1,-1,-1,1,-1,-1,-1,1,1,-1,1,1,1,-1,1,1,1,1,1,1,-1,1,-1,1,1,1,-1,-1,1,-1,1,1,1,-1,1,1,-1,-1,1,1,1,-1,1,-1,1,1,1,-1,1,1,-1,1,1,1,-1,1,1,-1,1,1,1,-1,1,1,-1,-1,1,1,-1,1,1,-1,1,-1,1,-1,1,1,1,-1,1,1,1,1,1,1,-1,1,1,-1,1,1,1,-1,-1,-1,-1,1,1,1,-1,1,1,-1,1,1,-1,-1,1,1,1,1,1,-1,1,1,1,-1,1,1,1,1,-1,1,1,1,-1,1,-1,1,1,1,1,1,1,-1,-1,-1,1,-1,-1,1,-1,1,-1,1,1,1,1,1,-1,-1,1,-1,-1,1,-1,1,-1,1,1,1,1,1,1,-1,-1,1,-1,1,1,-1,-1,1,1,1,-1,1,-1,-1,-1,1,-1,1,1,-1,-1,1,1,1,1,-1,1,-1,1,-1,-1,1,-1,-1,-1,1,-1,1,1,-1,-1,-1,1,-1,1,1,1,-1,-1,1,-1,-1,1,-1,-1,-1,1,-1,1,1,1,-1,-1,1,1,-1,1,-1,-1,-1,-1,-1,1,1,-1,-1,-1,1,-1,-1,1,-1,-1,-1,-1,1,-1,1,-1,-1,-1,-1,1,-1,-1,1,1,1,-1,1,-1,1,-1,1,-1,1,-1,-1,-1,1,-1,-1,1,1,1,-1,1,-1,1,1,1,-1,1,1,-1,-1,-1,1,-1,-1,1,-1,-1,1,1,1,-1,1,-1,-1,1,1,-1,-1,1,-1,-1,1,1,-1,-1,1,-1,-1,-1,1,1,-1,1,-1,-1,-1,1,-1,-1,1,-1,1,-1,1,1,-1,-1,1,-1,-1,-1,-1,-1,1,1,1,-1,-1,1,-1,-1,1,-1,-1,1,-1,-1,1,1,-1,-1,1,-1,-1,1,1,-1,1,-1,1,-1,-1,1,1,-1,-1,-1,-1,1,1,-1,-1,1,-1,-1,-1,1,1,-1,-1,-1,-1,-1,1,-1,-1,-1,-1,-1,1,1,1,-1,-1,-1,-1,-1,1,1,-1,-1,-1,-1,-1,1,1,1,-1,-1,-1,-1,1,1,-1,-1,-1,-1,1,1,1,1,1,-1,1,1,1,1,1,1,-1,-1,1,1,1,1,-1,-1,1,1,1,1,-1,1,-1,-1,1,-1,1,-1,1,-1,-1,1,-1,1,-1,1,-1,-1,1,-1,1,-1,1,-1,-1,1,-1,1,1,1,-1,-1,1,-1,1,1,1,-1,-1,1,1,-1,1,1,-1,-1,1,-1,1,-1,1,-1,-1,-1,-1,-1,1,1,-1,-1,1,-1,-1,1,1,-1,-1,-1,-1,1,-1,1,-1,-1,-1,-1,-1,1,-1,-1,1,-1,-1,1,-1,1,-1,-1,-1,-1,-1,1,1,1,-1,-1,-1,1,1,1,-1,-1,-1,1,-1,-1,1,-1,1,-1,-1,1,1,1,-1,-1,-1,-1,1,-1,1,1,-1,1,-1,-1,1,1,-1,-1,-1,-1,-1,-1,1,1,-1,-1,1,-1,1,1,-1,-1,-1,1,-1,1,1,-1,-1,1,-1,-1,1,1,1,-1,1,-1,1,1,1,-1,-1,1,-1,-1,1,1,1,-1,1,-1,-1,1,1,-1,1,1,-1,-1,1,1,-1,1,1,-1,-1,1,1,1,1,1,-1,-1,1,1,1,1,-1,1,-1,-1,1,1,-1,1,-1,-1,1,-1,1,1,1,1,-1,-1,1,-1,1,1,1,-1,1,1,1,1,-1,1,-1,1,1,1,1,1,1,1,-1,1,1,1,1,-1,1,-1,1,1,1,1,1,-1,1,1,1,1,-1,1,1,-1,1,1,-1,1,1,-1,-1,1,1,1,1,-1,1,-1,1,1,1,-1,-1,1,-1,1,1,1,-1,1,-1,-1,-1,1,1,-1,-1,1,-1,-1,1,1,1,-1,1,-1,-1,1,1,1,-1,1,-1,-1,1,1,-1,-1,-1,1,-1,1,1,-1,1,1,-1,1,1,-1,-1,1,-1,-1,-1,1,1,-1,1,1,-1,1,1,-1,-1,1,-1,1,-1,-1,-1,-1,1,-1,-1,1,1,-1,1,1,-1,1,1,1,1,-1,1,-1,1,1,1,-1,-1,1,-1,-1,1,1,-1,-1,1,-1,1,1,1,-1,-1,1,-1,1,1,1,1,-1,1,-1,-1,1,1,1,-1,-1,1,-1,1,1,1,-1,1,-1,-1,1,-2670.0,1,2000,445,500,False
804,1,1,-1,-1,1,1,-1,-1,1,1,1,-1,1,1,1,1,-1,1,-1,-1,1,-1,1,1,1,-1,-1,-1,1,1,1,1,-1,-1,-1,-1,1,1,1,1,-1,-1,-1,1,1,1,1,-1,1,1,1,1,-1,1,-1,-1,1,-1,1,1,1,-1,-1,-1,1,1,1,1,-1,-1,-1,1,1,1,1,-1,-1,-1,1,1,1,-1,-1,-1,1,1,1,1,-1,-1,-1,1,1,1,1,-1,-1,1,1,-1,1,1,-1,-1,1,1,1,1,1,-1,-1,1,1,1,1,1,-1,-1,1,1,1,1,1,1,-1,1,1,1,-1,1,1,-1,1,1,1,1,1,1,-1,-1,1,1,1,1,1,-1,1,1,1,1,1,1,-1,-1,-1,1,1,1,1,-1,1,1,1,1,-1,1,-1,1,-1,1,1,1,-1,-1,1,1,1,1,1,-1,1,-1,-1,1,-1,1,-1,1,1,1,1,1,1,1,1,1,-1,1,-1,1,-1,1,1,-1,1,-1,1,1,-1,1,-1,1,-1,1,-1,1,1,-1,-1,-1,1,1,1,1,-1,-1,1,1,-1,-1,1,-1,1,-1,-1,1,-1,1,-1,1,-1,1,-1,-1,1,-1,-1,-1,1,1,-1,1,-1,1,1,1,-1,1,1,-1,1,-1,1,-1,1,-1,1,-1,1,1,-1,1,-1,-1,-1,1,1,-1,1,-1,-1,-1,1,1,-1,-1,1,1,-1,-1,1,1,-1,1,1,-1,1,1,1,1,-1,1,-1,1,1,-1,1,-1,1,-1,1,1,1,1,1,1,-1,-1,1,-1,-1,-1,1,1,-1,1,1,1,-1,1,1,1,1,1,1,-1,1,-1,1,1,1,-1,-1,1,-1,1,1,1,-1,1,1,-1,-1,1,1,1,-1,1,-1,1,1,1,-1,1,1,-1,1,1,1,-1,1,1,-1,1,1,1,-1,1,1,1,-1,1,1,-1,1,1,-1,1,-1,1,-1,1,1,1,-1,1,1,1,-1,1,1,-1,1,1,-1,1,-1,1,-1,-1,-1,-1,1,1,1,-1,1,1,-1,1,1,-1,-1,1,1,1,1,1,-1,1,1,1,-1,1,1,1,-1,-1,1,1,1,-1,1,-1,1,1,1,1,1,1,-1,-1,-1,1,-1,-1,1,1,-1,1,1,1,1,1,1,1,-1,1,-1,-1,1,-1,1,-1,1,1,1,1,1,1,-1,-1,1,-1,1,1,1,-1,1,1,1,-1,1,1,-1,-1,1,-1,1,1,1,-1,1,1,1,1,1,1,-1,1,-1,-1,1,1,1,-1,1,-1,-1,1,1,-1,-1,1,-1,1,1,1,-1,-1,1,-1,-1,1,1,-1,-1,1,-1,1,1,1,1,-1,1,1,-1,-1,1,1,-1,-1,-1,1,-1,1,-1,-1,1,-1,-1,1,-1,1,-1,-1,1,-1,1,-1,1,-1,-1,1,-1,-1,1,1,1,-1,1,-1,1,-1,1,-1,1,-1,-1,-1,1,-1,-1,1,1,1,-1,1,-1,1,1,1,-1,1,1,-1,1,-1,1,-1,-1,1,-1,-1,1,1,1,-1,1,-1,-1,1,1,-1,-1,1,-1,-1,1,1,-1,-1,1,-1,-1,-1,1,1,-1,1,1,-1,-1,1,-1,-1,1,-1,1,-1,1,1,-1,-1,1,-1,-1,-1,-1,-1,1,1,1,-1,1,1,-1,-1,1,-1,1,-1,-1,-1,1,1,-1,-1,-1,-1,-1,1,1,-1,1,1,1,-1,-1,1,1,-1,-1,-1,-1,-1,1,-1,-1,1,-1,-1,-1,1,1,-1,-1,-1,-1,-1,1,-1,-1,1,-1,-1,-1,1,1,-1,1,-1,-1,1,1,1,-1,-1,-1,-1,-1,1,1,1,-1,-1,-1,-1,1,1,-1,-1,-1,-1,1,1,1,1,-1,-1,1,1,1,1,1,-1,-1,-1,1,1,1,-1,1,-1,1,1,1,1,-1,1,-1,-1,1,-1,1,-1,1,-1,-1,1,-1,1,-1,-1,-1,-1,1,-1,1,-1,1,-1,-1,1,-1,1,-1,1,-1,-1,1,-1,1,-1,-1,-1,-1,1,1,-1,-1,-1,-1,-1,1,-1,1,-1,-1,-1,-1,-1,-1,-1,1,-1,-1,-1,1,-1,-1,1,-1,-1,-1,-1,-1,-1,1,-1,-1,-1,-1,-1,1,-1,-1,-1,1,-1,-1,1,-1,1,-1,-1,-1,-1,-1,-1,-1,1,-1,-1,-1,1,1,-1,-1,-1,1,1,-1,-1,-1,-1,1,-1,-1,1,-1,1,-1,-1,-1,-1,1,-1,1,1,-1,1,-1,-1,1,1,-1,-1,-1,-1,-1,-1,1,1,-1,-1,1,-1,1,1,-1,-1,-1,1,-1,-1,1,-1,-1,1,-1,-1,1,1,1,-1,1,-1,1,1,1,-1,-1,1,-1,-1,1,1,1,-1,1,-1,-1,1,1,-1,1,1,-1,-1,1,1,-1,1,1,-1,-1,1,1,-1,1,1,-1,-1,1,1,1,1,-1,1,-1,-1,1,1,1,1,-1,-1,1,-1,1,1,1,1,-1,-1,1,-1,1,1,1,-1,1,1,1,1,-1,1,-1,1,1,1,1,1,1,1,-1,1,1,1,1,-1,1,-1,1,1,1,1,1,-1,1,1,1,1,-1,1,1,-1,1,1,-1,1,1,-1,-1,1,1,1,1,-1,1,-1,1,1,1,-1,-1,1,-1,1,1,1,-1,1,-1,-1,-1,1,1,-1,-1,1,-1,-1,1,1,1,-1,1,-1,-1,1,1,1,-1,1,-1,-1,1,1,-1,-1,-1,1,-1,1,1,-1,1,1,-1,1,1,-1,-1,1,1,-1,-1,1,1,-1,1,1,-1,1,1,-1,-1,-1,-1,1,-1,-1,-1,-1,1,-1,-1,1,1,-1,1,1,-1,1,1,1,1,-1,1,-1,1,1,1,1,-1,1,-1,-1,1,1,1,-1,1,-1,1,1,1,1,-1,1,-1,1,1,-1,-1,-1,1,-1,-1,1,1,-1,-1,-1,1,-1,1,-1,1,-1,1,-1,-1,1,-2670.0,1,2000,445,500,False
805,1,1,-1,-1,1,1,-1,-1,1,1,1,-1,1,1,1,1,-1,1,-1,-1,-1,-1,1,1,1,-1,-1,-1,1,1,1,1,-1,-1,-1,-1,1,1,1,1,-1,-1,-1,1,1,1,1,-1,1,1,1,1,-1,1,-1,-1,1,-1,1,1,1,-1,-1,-1,1,1,1,1,-1,-1,-1,1,1,1,1,-1,-1,-1,1,1,1,-1,-1,-1,1,1,1,1,-1,-1,-1,1,1,1,1,-1,-1,1,1,-1,1,1,-1,-1,1,1,1,1,1,-1,-1,1,1,1,1,1,-1,-1,1,1,1,1,1,1,-1,1,1,1,-1,1,1,-1,1,1,1,1,1,1,-1,-1,1,1,1,1,1,-1,1,1,1,1,1,1,-1,-1,-1,1,1,1,1,-1,1,1,1,1,-1,1,-1,1,-1,1,1,1,-1,-1,1,1,1,1,1,-1,1,-1,-1,1,-1,1,-1,1,1,1,1,1,1,1,1,1,-1,1,-1,1,-1,1,1,-1,1,-1,1,1,-1,1,-1,1,-1,1,-1,1,1,-1,-1,-1,1,1,1,1,-1,-1,1,1,-1,-1,1,-1,1,-1,-1,1,-1,1,-1,1,-1,1,-1,-1,1,-1,-1,-1,1,1,-1,1,-1,1,1,1,-1,1,1,-1,1,-1,1,-1,1,-1,1,-1,1,1,-1,1,-1,-1,-1,1,1,-1,1,-1,-1,-1,1,1,-1,-1,1,1,-1,-1,1,1,-1,1,1,-1,1,1,1,1,-1,1,-1,1,1,-1,1,-1,1,1,1,1,1,1,1,1,-1,-1,1,-1,-1,1,1,1,-1,1,1,1,-1,1,1,1,1,1,1,1,1,-1,1,1,1,-1,1,1,-1,1,1,1,-1,1,1,-1,-1,1,1,1,-1,1,-1,1,1,1,-1,1,1,-1,1,1,1,-1,1,1,-1,1,1,1,-1,1,1,-1,-1,1,1,-1,1,1,-1,1,-1,1,-1,1,1,1,-1,1,1,1,-1,1,1,-1,1,1,-1,1,1,1,-1,-1,-1,-1,1,1,1,-1,1,1,-1,1,1,-1,-1,1,1,1,1,1,-1,1,1,1,-1,1,1,1,1,-1,1,1,-1,-1,1,-1,1,1,1,-1,1,1,-1,-1,-1,1,-1,-1,1,-1,1,-1,1,-1,1,1,1,-1,-1,1,-1,-1,1,-1,1,-1,1,1,1,1,1,1,-1,-1,1,-1,1,1,-1,-1,1,1,1,-1,1,-1,-1,-1,1,-1,1,1,-1,-1,1,1,1,1,-1,1,-1,1,-1,1,1,-1,-1,-1,1,-1,1,1,-1,-1,-1,1,-1,1,1,1,-1,-1,1,-1,-1,1,-1,-1,-1,1,-1,1,1,1,-1,-1,1,1,-1,1,-1,-1,-1,-1,-1,-1,1,-1,-1,-1,1,-1,-1,1,-1,-1,-1,-1,1,-1,1,-1,-1,-1,-1,1,-1,-1,1,1,1,-1,1,-1,1,-1,1,1,1,-1,-1,-1,1,-1,-1,1,1,1,-1,1,-1,1,1,1,-1,1,1,-1,1,-1,1,-1,-1,1,-1,-1,1,1,1,-1,1,-1,-1,1,1,-1,-1,1,-1,-1,1,1,-1,-1,1,-1,-1,-1,1,1,-1,1,-1,-1,-1,1,-1,-1,1,-1,1,-1,1,1,-1,-1,1,-1,-1,-1,-1,-1,1,1,1,-1,-1,1,-1,-1,1,-1,-1,1,-1,-1,1,1,-1,-1,1,-1,-1,1,1,-1,1,-1,-1,-1,-1,1,1,-1,-1,-1,-1,-1,1,-1,-1,1,-1,-1,-1,1,1,-1,-1,-1,-1,-1,1,-1,-1,-1,-1,-1,-1,1,1,-1,-1,-1,-1,1,1,1,-1,-1,-1,-1,-1,1,1,1,-1,-1,-1,-1,1,1,-1,-1,-1,-1,1,1,1,1,1,-1,1,1,1,1,1,1,-1,-1,1,1,1,-1,1,-1,1,1,1,1,-1,1,-1,-1,1,-1,1,-1,1,-1,-1,1,-1,1,1,1,-1,-1,1,-1,1,-1,1,-1,-1,1,-1,1,1,1,-1,-1,1,-1,1,1,1,-1,-1,1,1,-1,1,1,-1,-1,1,-1,1,-1,1,-1,-1,-1,-1,-1,1,1,-1,-1,1,-1,-1,1,1,-1,-1,-1,-1,1,-1,1,-1,-1,-1,-1,-1,1,-1,-1,1,-1,-1,1,-1,1,-1,-1,-1,-1,-1,1,1,1,-1,-1,-1,1,1,1,-1,-1,1,-1,-1,-1,1,-1,1,-1,-1,1,1,1,-1,-1,-1,-1,1,-1,1,1,-1,1,-1,-1,1,1,-1,-1,-1,-1,-1,-1,1,1,-1,-1,1,-1,1,1,-1,-1,-1,1,-1,1,1,-1,-1,1,-1,-1,1,1,1,-1,1,-1,1,1,1,-1,-1,1,-1,-1,1,1,1,-1,1,-1,-1,1,1,-1,1,1,-1,-1,1,1,-1,1,1,-1,-1,1,1,-1,1,1,-1,-1,1,1,1,1,-1,1,-1,-1,1,1,1,1,-1,-1,1,-1,1,1,1,1,-1,-1,1,-1,1,1,1,-1,1,1,1,1,-1,1,-1,1,1,1,1,1,1,1,-1,1,1,1,1,-1,1,-1,1,1,1,1,1,-1,1,1,1,1,-1,1,1,-1,1,1,-1,1,1,-1,-1,1,1,1,1,-1,1,-1,1,1,1,-1,-1,1,-1,1,1,1,-1,1,-1,-1,-1,1,1,-1,-1,1,-1,-1,1,1,1,-1,1,-1,-1,1,1,1,-1,1,-1,-1,1,1,-1,-1,-1,1,-1,1,1,-1,1,1,-1,1,1,-1,-1,1,1,-1,-1,1,1,-1,1,1,-1,1,1,-1,-1,-1,-1,1,-1,-1,-1,-1,-1,1,-1,1,1,-1,1,1,-1,1,1,1,1,-1,1,-1,1,1,1,1,-1,1,-1,-1,1,1,1,-1,1,-1,1,1,1,1,-1,1,-1,1,1,1,-1,-1,1,-1,-1,1,1,-1,-1,-1,1,-1,1,-1,1,-1,1,-1,1,1,-2670.0,1,2000,445,500,False
806,1,1,-1,-1,1,1,-1,-1,1,1,1,-1,1,1,1,1,-1,1,-1,-1,-1,-1,1,1,1,-1,-1,-1,1,1,1,1,1,-1,-1,-1,1,-1,1,1,-1,-1,-1,1,1,1,1,-1,1,1,1,1,-1,1,-1,-1,1,-1,1,1,-1,-1,-1,-1,1,1,1,1,-1,-1,-1,1,1,1,1,-1,-1,-1,1,1,1,-1,-1,-1,1,1,1,1,-1,1,-1,1,1,1,1,-1,-1,1,1,-1,1,1,-1,-1,1,1,1,1,1,-1,-1,1,1,1,1,1,-1,-1,1,1,1,1,1,1,-1,1,1,1,-1,1,1,-1,1,1,1,1,1,1,-1,-1,1,1,1,1,1,-1,1,1,1,1,1,1,-1,-1,-1,1,1,1,1,-1,1,1,1,1,-1,1,-1,1,-1,1,1,1,-1,-1,1,1,1,1,1,-1,1,-1,-1,1,-1,1,-1,1,1,1,1,1,1,1,1,1,1,1,-1,1,-1,1,1,-1,1,-1,1,1,-1,1,-1,1,-1,1,-1,1,1,-1,-1,-1,1,1,1,1,-1,-1,1,1,-1,-1,1,-1,1,-1,1,1,-1,1,-1,1,-1,1,-1,1,1,-1,1,-1,1,1,-1,1,-1,1,1,1,-1,1,1,-1,1,-1,1,-1,1,-1,1,-1,1,1,-1,1,-1,-1,-1,1,1,-1,1,-1,-1,-1,1,1,-1,-1,1,1,-1,-1,1,1,-1,1,1,-1,1,1,1,1,-1,1,-1,1,1,-1,1,-1,1,-1,1,1,1,1,1,1,-1,-1,1,-1,-1,1,1,1,-1,1,1,1,-1,1,1,1,1,1,1,1,1,-1,1,1,1,-1,1,1,-1,1,1,1,-1,1,1,-1,-1,1,1,1,-1,1,-1,1,1,1,-1,1,1,-1,1,1,1,-1,1,1,-1,1,1,1,-1,1,1,-1,-1,1,1,-1,1,1,-1,1,-1,1,-1,1,1,1,-1,1,1,1,-1,1,1,-1,1,1,-1,1,1,1,-1,-1,-1,-1,1,1,1,-1,1,1,-1,1,1,-1,-1,1,1,1,1,1,-1,1,1,1,-1,1,1,1,1,-1,1,1,1,-1,1,-1,1,1,1,1,1,1,-1,-1,-1,1,-1,-1,1,-1,1,-1,1,-1,1,1,1,-1,-1,1,-1,-1,1,-1,1,-1,1,1,1,1,1,1,-1,-1,1,-1,1,1,-1,-1,1,1,1,-1,1,-1,-1,-1,1,-1,1,1,-1,-1,1,1,1,1,-1,1,-1,1,-1,-1,1,-1,-1,-1,1,-1,1,1,-1,-1,-1,1,-1,1,1,1,-1,-1,1,1,-1,1,-1,-1,-1,1,-1,1,1,1,-1,-1,1,-1,-1,1,-1,-1,-1,-1,-1,-1,1,-1,-1,-1,1,-1,-1,1,-1,-1,-1,-1,1,-1,1,-1,-1,-1,-1,1,-1,-1,1,1,1,-1,1,-1,1,-1,1,-1,1,-1,-1,-1,1,-1,-1,-1,1,1,-1,1,-1,1,1,1,-1,1,1,-1,1,-1,1,-1,-1,1,-1,-1,1,1,1,-1,1,-1,-1,1,1,-1,-1,1,-1,-1,1,1,-1,-1,1,-1,-1,-1,1,1,-1,1,1,-1,-1,1,-1,-1,1,-1,1,-1,1,1,-1,-1,1,-1,-1,-1,-1,-1,1,1,1,-1,-1,1,-1,-1,1,-1,-1,1,-1,-1,-1,1,-1,-1,1,-1,-1,1,1,-1,1,-1,-1,-1,-1,1,1,-1,-1,-1,-1,-1,1,-1,-1,1,-1,-1,-1,1,1,-1,-1,-1,-1,-1,1,-1,-1,-1,-1,-1,-1,1,1,-1,-1,-1,-1,1,1,1,-1,-1,-1,-1,-1,1,1,1,-1,-1,-1,-1,1,1,-1,-1,-1,-1,1,1,1,1,1,-1,1,1,1,1,1,1,-1,-1,1,1,1,-1,1,-1,1,1,1,1,-1,1,-1,-1,1,-1,1,-1,1,-1,-1,1,-1,1,-1,1,-1,-1,1,-1,1,-1,1,1,-1,1,-1,1,1,1,1,-1,1,-1,1,1,1,-1,-1,1,1,-1,1,1,-1,-1,1,-1,1,-1,1,-1,-1,-1,-1,-1,1,1,-1,-1,1,-1,-1,1,1,-1,-1,-1,-1,1,-1,1,-1,-1,-1,-1,-1,1,-1,-1,1,-1,-1,1,-1,1,-1,-1,-1,-1,-1,1,1,1,-1,-1,-1,1,1,1,-1,-1,-1,1,-1,-1,1,-1,1,-1,-1,1,1,1,-1,-1,-1,-1,1,-1,1,1,-1,1,-1,-1,1,1,-1,-1,-1,-1,-1,-1,1,1,-1,-1,1,-1,1,1,-1,-1,-1,1,-1,1,1,-1,-1,1,-1,-1,1,1,1,-1,1,-1,1,1,1,-1,-1,1,-1,-1,1,1,1,-1,1,-1,-1,1,1,-1,1,1,-1,-1,1,1,1,1,1,-1,-1,1,1,1,1,1,-1,-1,1,1,1,1,1,1,-1,-1,1,1,-1,1,-1,-1,1,-1,1,1,1,1,-1,-1,1,-1,1,1,1,-1,1,1,1,1,-1,1,-1,1,1,1,1,1,1,1,-1,1,1,1,1,-1,1,-1,1,1,1,1,1,-1,1,1,1,1,-1,1,1,-1,1,1,-1,1,1,-1,-1,1,1,1,1,-1,1,-1,1,1,1,-1,-1,1,-1,1,1,1,-1,1,-1,-1,-1,1,1,-1,-1,1,-1,-1,1,1,1,-1,1,-1,-1,1,1,1,-1,-1,-1,-1,1,1,-1,-1,-1,1,-1,1,1,-1,1,1,-1,1,1,-1,-1,1,1,-1,-1,-1,1,-1,1,1,-1,1,1,-1,-1,-1,-1,1,-1,-1,-1,-1,1,-1,-1,1,1,-1,1,1,-1,1,1,1,1,-1,1,-1,1,1,1,1,-1,1,-1,-1,1,1,1,-1,1,-1,1,1,1,1,-1,1,-1,1,1,1,-1,-1,1,-1,-1,1,1,-1,-1,-1,1,-1,1,-1,1,-1,1,-1,-1,1,-2670.0,1,2000,445,500,False
807,1,1,-1,-1,1,-1,-1,-1,1,1,1,-1,1,1,1,1,-1,1,-1,-1,-1,-1,1,1,1,-1,-1,-1,1,1,1,1,1,-1,-1,-1,1,1,1,1,-1,-1,-1,1,1,1,1,-1,1,1,1,1,-1,1,-1,-1,1,-1,1,1,1,-1,-1,-1,1,1,1,1,-1,-1,-1,1,1,1,1,-1,-1,-1,1,1,1,-1,-1,-1,1,1,1,1,-1,-1,1,1,1,1,1,-1,-1,-1,1,-1,1,1,-1,-1,1,1,1,1,1,-1,-1,-1,1,1,1,1,-1,-1,1,1,1,1,1,1,-1,-1,1,1,-1,1,1,-1,1,1,1,1,1,1,-1,1,1,1,1,1,1,-1,1,1,1,1,1,1,-1,-1,-1,1,1,1,1,-1,1,1,1,1,-1,1,-1,1,-1,1,1,1,-1,-1,1,1,1,1,1,-1,1,-1,-1,1,-1,1,-1,1,1,1,1,1,1,1,1,1,-1,1,-1,1,-1,1,1,-1,1,-1,1,1,-1,1,-1,1,-1,1,-1,1,1,-1,-1,-1,1,1,1,1,-1,-1,1,1,-1,-1,1,-1,1,-1,-1,1,-1,1,-1,1,-1,1,-1,-1,1,-1,1,-1,1,1,-1,1,-1,1,1,1,-1,1,1,-1,-1,-1,1,-1,1,-1,1,-1,1,1,-1,1,-1,-1,-1,1,1,-1,1,-1,-1,-1,1,1,-1,-1,1,1,-1,-1,1,1,-1,1,1,-1,1,1,1,1,-1,1,-1,1,1,-1,1,-1,1,-1,1,1,1,1,1,1,-1,-1,1,-1,-1,-1,1,1,-1,1,1,1,-1,1,1,1,1,1,1,-1,1,-1,1,1,1,-1,1,1,-1,1,1,1,-1,1,1,-1,-1,1,1,1,-1,1,-1,1,1,1,-1,1,1,-1,1,1,1,-1,1,1,-1,1,1,1,-1,1,1,1,-1,1,1,-1,1,1,-1,1,-1,1,-1,1,1,1,-1,1,1,1,-1,1,1,-1,1,1,-1,1,1,1,-1,-1,-1,-1,1,1,1,-1,1,1,-1,1,1,-1,-1,1,1,1,1,1,-1,1,1,1,-1,1,1,1,-1,-1,1,1,1,-1,1,-1,1,1,1,1,1,1,-1,-1,-1,1,-1,-1,1,1,-1,1,1,1,1,1,1,1,-1,1,-1,-1,1,-1,1,-1,1,1,1,1,1,1,-1,-1,1,-1,1,1,1,-1,1,1,1,-1,1,1,-1,-1,1,-1,1,1,1,-1,1,1,1,1,1,1,-1,1,-1,-1,1,1,-1,-1,1,-1,-1,1,1,-1,-1,1,-1,1,1,1,-1,-1,1,-1,-1,1,1,-1,-1,1,-1,1,1,1,1,-1,1,1,-1,-1,1,1,-1,-1,1,1,-1,1,-1,-1,1,1,-1,1,-1,1,-1,-1,1,-1,1,-1,1,-1,-1,1,-1,-1,1,1,1,-1,1,-1,1,-1,-1,-1,1,-1,-1,-1,1,-1,-1,1,1,1,-1,1,-1,1,1,1,-1,1,1,-1,1,-1,1,-1,-1,1,-1,-1,1,1,1,-1,1,-1,-1,1,1,-1,-1,1,-1,-1,1,1,-1,-1,1,-1,-1,-1,1,1,-1,1,1,-1,-1,1,-1,-1,1,-1,1,-1,1,1,-1,-1,1,-1,-1,-1,-1,-1,1,1,1,-1,1,1,-1,-1,1,-1,1,-1,-1,-1,-1,1,-1,-1,-1,-1,-1,1,1,-1,1,1,1,-1,-1,1,1,-1,-1,-1,-1,1,1,-1,-1,1,-1,-1,-1,1,1,-1,-1,-1,-1,-1,1,-1,-1,1,-1,-1,-1,1,1,-1,1,-1,-1,1,1,1,-1,-1,-1,-1,-1,1,1,1,-1,-1,-1,-1,1,1,-1,-1,-1,-1,1,1,1,1,-1,-1,1,1,1,1,1,-1,-1,-1,1,1,1,-1,1,-1,1,1,1,1,-1,1,-1,-1,1,-1,1,-1,1,-1,-1,1,-1,1,-1,-1,-1,-1,1,-1,1,-1,1,-1,-1,1,-1,1,-1,1,-1,-1,1,-1,1,-1,-1,-1,-1,1,1,-1,-1,-1,-1,-1,1,-1,1,-1,-1,-1,-1,-1,-1,-1,1,-1,-1,-1,1,-1,-1,1,-1,-1,-1,-1,-1,1,1,-1,-1,-1,-1,-1,1,-1,-1,-1,1,-1,-1,1,-1,1,-1,-1,-1,-1,-1,-1,-1,1,-1,-1,-1,1,1,1,-1,-1,1,-1,-1,-1,-1,-1,1,-1,-1,1,-1,1,-1,-1,-1,-1,1,-1,1,1,-1,1,-1,-1,1,1,-1,-1,-1,-1,-1,-1,1,1,-1,-1,1,-1,1,1,-1,-1,-1,1,-1,-1,1,-1,-1,1,-1,-1,1,1,1,-1,1,-1,1,1,1,-1,-1,1,-1,-1,1,1,1,-1,1,-1,-1,1,1,-1,1,1,-1,-1,1,1,-1,1,1,-1,-1,1,1,1,1,1,-1,-1,1,1,1,1,-1,1,-1,-1,1,1,1,1,-1,-1,1,-1,1,1,1,1,-1,-1,1,-1,1,1,1,-1,1,1,1,1,-1,1,-1,1,1,1,1,1,1,1,-1,1,1,1,1,-1,1,-1,1,1,1,1,1,-1,1,1,1,1,-1,1,1,-1,1,1,-1,1,1,-1,-1,1,1,1,1,-1,1,-1,1,1,1,-1,-1,1,-1,1,1,1,-1,1,-1,-1,-1,1,1,-1,-1,1,-1,-1,1,1,1,-1,1,-1,-1,1,1,1,-1,1,-1,-1,1,1,-1,-1,-1,1,-1,-1,1,-1,1,1,-1,1,1,-1,-1,1,-1,-1,-1,1,1,-1,1,1,-1,1,1,-1,-1,-1,-1,1,-1,-1,-1,-1,1,-1,-1,1,1,-1,1,1,-1,1,1,1,1,-1,1,-1,1,1,1,-1,-1,1,-1,-1,-1,1,-1,-1,1,-1,1,1,1,-1,-1,1,-1,1,1,1,1,-1,1,-1,-1,1,1,1,-1,-1,1,-1,1,1,1,-1,1,-1,-1,1,-2670.0,1,2000,445,500,False
808,1,1,-1,-1,1,1,-1,-1,1,1,1,-1,1,1,1,1,-1,1,-1,-1,-1,-1,1,1,1,-1,1,-1,1,1,1,1,-1,-1,-1,-1,1,-1,1,1,-1,-1,-1,1,1,1,1,-1,1,1,1,1,-1,1,-1,-1,1,-1,1,1,1,-1,-1,-1,1,1,1,1,-1,-1,-1,1,1,1,1,-1,-1,-1,1,1,1,-1,-1,-1,1,1,1,1,-1,-1,-1,1,1,1,1,-1,-1,1,1,-1,1,1,-1,-1,1,1,1,1,1,-1,-1,1,1,1,1,1,-1,-1,1,1,1,1,1,1,-1,-1,1,1,-1,1,1,-1,1,1,1,1,1,1,-1,-1,1,1,1,1,1,-1,1,1,1,1,1,1,-1,-1,-1,1,1,1,1,-1,1,1,1,1,-1,1,-1,1,-1,1,1,1,-1,-1,1,1,1,1,1,-1,1,-1,-1,1,-1,1,-1,1,1,1,1,1,1,1,1,1,-1,1,-1,1,-1,1,1,-1,1,-1,1,1,-1,1,-1,1,-1,1,-1,1,1,-1,1,-1,1,1,1,1,-1,-1,1,1,-1,-1,1,-1,1,-1,1,1,-1,1,-1,1,-1,1,-1,1,1,-1,-1,-1,1,1,-1,1,-1,1,1,1,-1,1,1,-1,1,-1,1,-1,1,-1,1,-1,1,1,-1,1,-1,-1,-1,1,1,-1,1,-1,-1,-1,1,1,-1,-1,1,1,-1,-1,1,1,-1,1,1,-1,1,1,1,1,-1,1,-1,1,1,-1,1,-1,1,-1,1,1,1,1,1,1,-1,-1,1,-1,-1,1,1,1,-1,1,1,1,-1,1,1,1,1,1,1,1,1,-1,1,1,1,-1,1,1,-1,1,1,1,-1,1,1,-1,-1,1,1,1,-1,1,-1,1,1,1,-1,1,1,-1,1,1,1,-1,1,1,-1,1,1,1,-1,1,1,-1,-1,1,1,-1,1,1,-1,1,-1,1,-1,1,1,1,-1,1,1,1,-1,1,1,-1,1,1,-1,1,1,1,-1,-1,-1,-1,1,1,1,-1,1,1,-1,1,1,-1,-1,1,1,1,1,1,-1,1,1,1,-1,1,1,1,-1,-1,1,1,1,-1,1,-1,1,1,1,1,1,1,-1,-1,-1,1,-1,-1,1,1,-1,1,1,1,1,1,1,1,-1,1,-1,-1,1,-1,1,-1,1,1,1,1,1,1,-1,-1,1,-1,1,1,1,-1,1,1,1,-1,1,1,-1,-1,1,-1,1,1,1,-1,1,1,1,1,1,1,-1,1,-1,-1,1,1,-1,-1,1,-1,-1,1,1,-1,-1,1,-1,1,1,1,-1,-1,1,-1,-1,1,1,-1,-1,1,-1,1,1,1,1,-1,1,1,-1,-1,1,1,-1,-1,1,1,-1,1,-1,-1,1,-1,-1,1,-1,1,-1,-1,1,-1,1,-1,1,-1,-1,1,-1,-1,1,1,1,-1,1,-1,1,-1,1,-1,1,-1,-1,-1,1,-1,-1,-1,1,1,-1,1,-1,1,1,1,-1,1,1,-1,1,-1,1,-1,-1,1,-1,-1,1,1,1,-1,1,-1,-1,1,1,-1,-1,1,-1,-1,1,1,-1,-1,1,-1,-1,-1,1,1,-1,1,1,-1,-1,1,-1,-1,1,-1,1,-1,1,1,-1,-1,1,-1,-1,-1,-1,-1,1,1,1,-1,1,1,-1,-1,1,-1,-1,-1,-1,-1,1,1,-1,-1,-1,-1,-1,1,1,-1,1,1,1,-1,-1,1,1,-1,-1,-1,-1,-1,1,-1,-1,1,-1,-1,-1,1,1,-1,-1,-1,-1,-1,1,-1,-1,1,-1,-1,1,1,1,-1,1,-1,-1,-1,1,1,-1,-1,-1,-1,-1,1,1,1,-1,-1,-1,-1,1,1,-1,-1,-1,-1,1,1,1,1,-1,-1,1,1,1,1,1,-1,-1,-1,1,1,1,1,1,-1,1,1,1,1,-1,1,-1,-1,1,-1,1,-1,1,-1,-1,1,-1,1,-1,-1,-1,-1,1,-1,1,-1,1,1,-1,1,-1,1,-1,1,1,-1,1,-1,1,-1,-1,-1,-1,1,1,-1,-1,-1,-1,-1,1,-1,1,-1,-1,-1,-1,-1,-1,-1,1,-1,-1,-1,1,-1,-1,1,-1,-1,-1,-1,-1,-1,1,-1,-1,-1,-1,-1,1,-1,-1,-1,1,-1,-1,1,-1,1,-1,-1,-1,-1,-1,-1,-1,1,-1,-1,-1,1,1,1,-1,-1,-1,1,-1,-1,-1,-1,1,-1,-1,1,-1,1,-1,-1,-1,-1,1,-1,1,1,-1,1,-1,-1,1,1,-1,-1,-1,-1,-1,-1,1,1,-1,-1,1,-1,1,1,-1,-1,-1,1,-1,-1,1,-1,-1,1,-1,-1,1,1,1,-1,1,-1,1,1,1,-1,-1,1,-1,-1,1,1,1,-1,1,-1,-1,1,1,-1,1,1,-1,-1,1,1,-1,1,1,-1,-1,1,1,-1,1,1,-1,-1,1,1,1,1,1,1,-1,-1,1,1,-1,1,-1,-1,1,-1,1,1,1,1,-1,-1,1,-1,1,1,1,-1,1,1,1,1,-1,1,-1,1,1,1,1,1,1,1,-1,1,1,1,1,-1,1,-1,1,1,1,1,1,-1,1,1,1,1,-1,1,1,-1,1,1,-1,1,1,-1,-1,1,1,1,1,-1,1,-1,1,1,1,-1,-1,1,-1,1,1,1,-1,1,-1,-1,-1,1,1,-1,-1,1,-1,-1,1,1,-1,-1,1,-1,-1,-1,1,1,-1,-1,-1,-1,1,1,-1,-1,-1,1,-1,-1,1,-1,1,1,-1,1,1,-1,-1,1,-1,-1,-1,1,1,-1,1,1,-1,1,1,-1,-1,-1,-1,1,-1,-1,-1,-1,-1,-1,-1,1,1,-1,1,1,-1,1,1,1,1,-1,1,-1,1,1,1,1,-1,1,-1,-1,-1,1,1,-1,1,-1,1,1,1,1,-1,1,-1,1,1,1,-1,-1,1,-1,-1,1,1,-1,-1,-1,1,-1,1,-1,1,-1,1,-1,-1,1,-2670.0,1,2000,445,500,False
809,1,1,-1,-1,1,-1,-1,-1,1,1,1,-1,1,1,1,1,-1,1,-1,-1,-1,-1,1,1,1,1,-1,-1,1,1,1,1,-1,-1,-1,-1,1,-1,1,1,-1,-1,-1,1,1,1,1,-1,1,1,1,1,-1,1,-1,-1,1,-1,1,1,1,-1,-1,-1,1,1,1,1,-1,-1,-1,1,1,1,1,-1,-1,-1,1,1,1,-1,-1,-1,1,1,1,1,-1,-1,1,1,1,1,1,-1,-1,-1,1,-1,1,1,-1,-1,1,1,1,1,1,-1,-1,-1,1,-1,1,1,-1,-1,1,1,1,1,1,1,-1,-1,1,1,-1,1,1,-1,1,1,1,1,1,1,-1,1,1,1,1,1,1,-1,1,1,1,1,1,1,-1,-1,-1,1,1,1,1,-1,1,1,1,1,-1,1,-1,1,-1,1,1,1,-1,-1,1,1,1,1,1,-1,1,-1,-1,1,-1,1,-1,1,1,1,1,1,1,1,1,1,-1,1,-1,1,-1,1,1,-1,1,-1,1,1,-1,1,-1,1,-1,1,-1,1,1,-1,1,-1,1,1,1,1,-1,-1,1,1,-1,-1,1,-1,1,-1,1,1,-1,1,-1,1,-1,1,-1,-1,1,-1,-1,-1,1,1,-1,1,-1,1,1,1,-1,1,1,-1,1,-1,1,-1,1,-1,1,-1,1,1,-1,1,-1,-1,-1,1,1,-1,1,-1,-1,-1,1,1,-1,-1,1,1,-1,-1,1,1,-1,1,1,-1,1,1,1,1,-1,1,-1,1,1,-1,1,-1,1,-1,1,1,1,1,1,1,-1,-1,1,-1,-1,1,1,1,-1,1,1,1,-1,1,1,1,1,1,1,-1,1,-1,1,1,1,-1,1,1,-1,1,1,1,-1,1,1,-1,-1,1,1,1,-1,1,-1,1,1,1,-1,1,1,-1,1,1,1,-1,1,1,-1,1,1,1,-1,1,1,-1,-1,1,1,-1,1,1,-1,1,-1,1,-1,1,1,1,-1,1,1,1,-1,1,1,-1,1,1,-1,1,1,1,-1,-1,-1,-1,1,1,1,-1,1,1,-1,1,1,-1,-1,1,1,1,1,1,-1,1,1,1,-1,1,1,1,-1,-1,1,1,1,-1,1,-1,1,1,1,1,1,1,-1,-1,-1,1,-1,-1,1,1,-1,1,1,1,1,1,1,1,-1,1,-1,-1,1,-1,1,-1,1,1,-1,1,1,1,-1,-1,1,-1,1,1,1,-1,1,1,1,-1,1,1,-1,-1,1,-1,1,1,1,-1,1,1,1,1,1,1,-1,1,-1,-1,1,1,1,-1,1,-1,-1,1,1,-1,-1,1,-1,1,1,1,-1,-1,1,-1,-1,1,1,-1,-1,1,-1,1,1,1,1,-1,1,1,-1,-1,1,1,-1,-1,-1,1,-1,1,-1,-1,1,-1,-1,1,-1,1,-1,-1,1,-1,1,-1,1,1,-1,1,-1,-1,1,1,1,-1,1,-1,1,-1,-1,-1,1,-1,-1,-1,1,-1,-1,1,1,1,-1,1,-1,1,1,1,-1,1,1,-1,1,-1,1,-1,-1,1,-1,-1,1,1,1,-1,1,-1,-1,1,1,-1,-1,1,-1,-1,1,1,-1,-1,1,-1,-1,-1,1,1,-1,1,1,-1,-1,1,-1,-1,1,-1,1,-1,1,1,-1,-1,1,-1,-1,-1,-1,-1,1,1,1,-1,1,1,-1,-1,1,-1,-1,-1,-1,-1,1,1,-1,-1,-1,1,-1,1,1,-1,1,1,1,-1,-1,1,1,-1,-1,-1,-1,-1,1,-1,-1,1,-1,-1,-1,1,1,-1,-1,-1,-1,-1,1,-1,-1,1,-1,-1,1,1,1,-1,1,-1,-1,-1,1,1,-1,-1,-1,-1,-1,1,1,1,-1,-1,-1,-1,1,1,-1,-1,-1,-1,1,1,1,1,-1,-1,1,1,1,1,1,-1,-1,-1,1,1,1,-1,1,-1,1,1,1,1,-1,1,-1,-1,1,-1,1,-1,1,-1,-1,1,-1,1,-1,-1,-1,-1,1,-1,1,-1,1,1,-1,1,-1,1,-1,1,1,-1,1,-1,1,-1,-1,-1,-1,1,1,-1,-1,-1,-1,-1,1,-1,1,-1,-1,-1,-1,-1,-1,-1,1,-1,-1,-1,1,-1,-1,1,-1,-1,-1,-1,-1,-1,1,-1,-1,-1,-1,-1,1,-1,-1,-1,1,-1,-1,1,-1,1,-1,-1,-1,-1,-1,-1,-1,1,-1,-1,-1,1,1,-1,-1,-1,-1,1,-1,-1,-1,-1,1,-1,-1,1,-1,1,-1,-1,-1,-1,1,-1,1,1,-1,1,-1,-1,1,1,-1,-1,-1,-1,-1,-1,1,1,-1,-1,1,-1,1,1,-1,-1,-1,1,-1,-1,1,-1,-1,1,-1,-1,1,1,1,-1,1,-1,1,1,1,-1,-1,1,-1,-1,1,1,1,-1,1,-1,-1,1,1,-1,1,1,-1,-1,1,1,-1,1,1,-1,-1,1,1,-1,1,1,-1,-1,1,1,1,1,-1,1,-1,-1,1,1,1,1,-1,-1,1,-1,1,1,1,1,-1,-1,1,-1,1,1,1,-1,1,1,1,1,-1,1,-1,1,1,1,1,1,1,1,-1,1,1,1,1,-1,1,-1,1,1,1,1,1,-1,1,1,1,1,-1,1,1,-1,1,1,-1,1,1,-1,-1,1,1,1,1,-1,1,-1,1,1,1,-1,-1,1,-1,1,1,1,-1,1,-1,-1,-1,1,1,-1,-1,1,-1,-1,1,1,-1,-1,1,-1,-1,1,1,1,-1,1,-1,-1,1,1,-1,-1,-1,1,-1,-1,1,-1,1,1,-1,1,1,-1,-1,1,-1,-1,-1,1,1,-1,1,1,-1,1,1,-1,-1,-1,-1,1,-1,-1,-1,-1,1,-1,-1,1,1,-1,1,1,-1,1,1,1,1,-1,1,-1,1,1,1,-1,-1,1,-1,-1,1,1,-1,-1,1,-1,1,1,1,-1,-1,1,-1,1,1,1,1,-1,1,-1,-1,1,1,1,-1,-1,1,-1,1,-1,1,-1,1,-1,-1,1,-2670.0,1,2000,445,500,False
810,1,1,-1,-1,1,1,-1,-1,1,1,1,-1,1,1,1,1,-1,1,-1,-1,-1,-1,1,1,1,-1,-1,-1,1,1,1,1,1,-1,-1,-1,1,-1,1,1,-1,-1,-1,1,1,1,1,-1,1,1,1,1,-1,1,-1,-1,1,-1,1,1,1,-1,-1,-1,1,1,1,1,-1,-1,-1,1,1,1,1,-1,-1,-1,1,1,1,-1,-1,-1,1,1,1,1,-1,1,-1,1,1,1,1,-1,-1,1,1,-1,1,1,-1,-1,1,1,1,1,1,-1,-1,1,1,1,1,1,-1,-1,1,1,1,1,1,1,-1,1,1,1,-1,1,1,-1,1,1,1,1,1,1,-1,-1,1,1,1,1,1,-1,1,1,1,1,1,1,-1,-1,-1,1,1,1,1,-1,1,1,1,1,-1,1,-1,1,-1,1,1,1,-1,-1,1,1,1,1,1,-1,1,-1,-1,1,-1,1,-1,1,1,1,1,1,1,1,1,1,-1,1,-1,1,-1,1,1,-1,1,-1,1,1,-1,1,-1,1,-1,1,-1,1,1,-1,-1,-1,1,1,1,1,-1,-1,1,1,-1,-1,1,-1,1,-1,-1,1,-1,1,-1,1,-1,1,-1,1,1,-1,1,-1,1,1,-1,1,-1,1,1,1,-1,1,1,-1,1,-1,1,-1,1,-1,1,-1,1,1,-1,1,-1,-1,-1,1,1,-1,1,-1,-1,-1,1,1,-1,-1,1,1,-1,-1,1,1,-1,1,1,-1,1,1,1,1,-1,1,-1,1,1,-1,1,-1,1,1,-1,1,1,1,1,1,-1,-1,1,-1,-1,-1,1,1,-1,1,1,1,-1,1,-1,-1,1,1,1,1,1,-1,1,1,1,-1,1,1,-1,1,1,1,-1,1,1,-1,-1,1,1,1,-1,1,-1,1,1,1,-1,1,1,-1,1,1,1,-1,1,-1,-1,1,1,1,-1,1,-1,-1,-1,1,1,-1,1,-1,-1,1,-1,1,-1,1,1,-1,-1,1,1,1,-1,1,-1,-1,1,1,-1,1,-1,-1,-1,-1,-1,-1,1,1,-1,-1,1,1,-1,1,-1,-1,-1,1,1,1,1,1,-1,1,1,1,-1,1,-1,-1,-1,-1,1,1,1,1,-1,-1,1,1,1,1,-1,-1,1,-1,-1,1,-1,1,-1,-1,1,-1,1,-1,-1,-1,1,1,-1,1,-1,1,-1,-1,1,-1,1,1,-1,-1,-1,1,-1,-1,1,1,-1,-1,1,-1,1,1,-1,1,-1,1,-1,-1,1,1,-1,-1,1,-1,1,1,-1,-1,1,1,-1,1,-1,1,-1,1,-1,1,1,-1,1,-1,1,-1,-1,1,-1,-1,-1,1,-1,-1,1,-1,1,-1,1,-1,-1,1,-1,-1,1,-1,1,-1,1,1,1,-1,1,1,-1,1,-1,1,-1,1,-1,-1,1,-1,1,1,1,1,-1,-1,1,1,-1,1,1,-1,1,1,1,1,-1,1,1,-1,1,1,1,1,-1,1,1,-1,-1,-1,1,-1,-1,1,1,1,-1,1,-1,1,-1,-1,-1,1,1,-1,1,1,-1,-1,-1,1,-1,1,1,-1,1,-1,1,-1,-1,-1,-1,-1,-1,1,-1,-1,-1,-1,-1,-1,1,-1,1,1,1,1,-1,1,-1,1,1,-1,-1,-1,1,-1,-1,1,-1,1,-1,-1,1,1,1,1,-1,-1,1,1,1,1,-1,1,-1,-1,1,1,1,-1,-1,-1,-1,1,1,1,-1,-1,-1,1,-1,1,-1,1,1,-1,-1,1,1,1,-1,-1,-1,-1,1,1,1,1,-1,-1,-1,1,1,1,1,-1,-1,-1,1,1,1,-1,-1,-1,-1,1,1,1,1,-1,-1,1,1,1,1,1,-1,-1,-1,1,1,-1,1,-1,-1,-1,1,1,1,1,-1,-1,1,1,1,1,-1,-1,1,1,-1,1,1,-1,-1,-1,1,1,1,1,1,-1,1,1,1,1,1,-1,-1,-1,1,-1,1,-1,-1,-1,-1,1,-1,1,1,-1,-1,-1,1,-1,1,1,-1,1,-1,1,1,1,1,-1,1,-1,1,-1,1,1,-1,-1,-1,1,1,-1,-1,-1,-1,-1,1,-1,1,-1,-1,-1,-1,-1,-1,-1,1,-1,-1,-1,1,-1,-1,1,-1,-1,-1,-1,-1,-1,1,-1,-1,-1,-1,-1,1,-1,-1,-1,1,-1,-1,1,-1,1,-1,-1,-1,-1,-1,-1,-1,1,-1,-1,-1,1,1,-1,-1,-1,1,1,-1,-1,-1,-1,1,-1,-1,1,1,1,-1,-1,-1,-1,1,-1,1,1,-1,1,-1,-1,1,1,-1,-1,-1,-1,-1,-1,1,1,-1,-1,1,-1,1,1,-1,-1,-1,1,-1,1,1,-1,-1,1,-1,-1,1,1,1,-1,1,-1,1,1,1,-1,-1,1,-1,-1,1,1,1,-1,1,-1,-1,1,1,-1,1,1,-1,-1,1,1,1,1,1,-1,-1,1,1,1,1,1,-1,-1,1,1,1,1,1,1,-1,-1,1,1,-1,1,-1,-1,1,-1,1,1,1,1,-1,-1,1,-1,1,1,1,-1,1,-1,1,1,-1,1,-1,1,1,1,1,1,1,1,-1,-1,1,1,1,-1,1,-1,1,1,1,1,1,-1,1,-1,1,1,-1,1,1,-1,1,1,-1,1,1,-1,-1,1,1,1,1,-1,1,-1,-1,1,1,-1,-1,1,-1,1,1,1,-1,1,-1,-1,-1,1,1,-1,-1,1,-1,-1,1,1,-1,-1,1,-1,-1,1,1,1,1,-1,-1,-1,1,1,-1,-1,-1,1,-1,1,1,-1,1,1,-1,1,1,-1,-1,1,1,-1,-1,-1,1,-1,1,1,-1,1,1,-1,-1,-1,-1,1,-1,-1,-1,-1,-1,1,-1,1,1,-1,1,1,-1,1,1,1,1,-1,1,-1,1,1,1,1,-1,1,-1,1,1,1,1,-1,1,-1,-1,1,1,1,-1,1,-1,1,1,1,-1,-1,1,-1,-1,1,1,-1,-1,-1,1,-1,1,1,1,-1,1,-1,-1,1,-2670.0,1,2000,445,500,False
811,1,1,-1,-1,1,1,-1,-1,1,1,1,-1,1,1,1,1,-1,1,-1,-1,1,-1,1,1,1,-1,1,-1,1,1,1,1,1,-1,-1,-1,1,1,1,1,-1,-1,-1,1,1,1,1,-1,1,1,1,1,-1,1,-1,-1,1,-1,1,1,1,-1,-1,-1,1,1,1,1,-1,-1,-1,1,1,1,1,-1,-1,-1,1,1,1,-1,-1,-1,1,1,1,1,-1,-1,-1,1,1,1,1,-1,-1,1,1,-1,1,1,-1,-1,1,1,1,1,1,-1,-1,1,1,-1,1,1,-1,-1,1,1,1,1,1,1,-1,-1,1,1,-1,1,1,-1,1,1,1,1,1,1,-1,-1,1,1,1,1,1,-1,1,1,1,1,1,1,-1,-1,-1,1,1,1,1,-1,1,1,1,1,-1,1,-1,1,-1,1,1,1,-1,-1,1,1,1,1,1,-1,1,-1,-1,1,-1,1,-1,1,1,1,1,1,1,1,1,1,-1,1,-1,1,-1,1,1,-1,1,-1,1,1,-1,1,-1,1,-1,1,-1,1,1,-1,1,-1,1,1,1,1,-1,-1,1,1,-1,-1,1,-1,1,-1,-1,1,-1,1,-1,1,-1,1,-1,1,1,-1,-1,-1,1,1,-1,1,-1,1,1,1,-1,1,1,-1,1,-1,1,-1,1,-1,1,-1,1,1,-1,1,-1,-1,-1,1,1,-1,1,-1,-1,-1,1,1,-1,-1,1,1,-1,-1,1,1,-1,1,1,-1,1,1,1,1,-1,1,-1,1,1,-1,1,-1,1,1,-1,1,1,1,1,1,-1,-1,1,-1,-1,1,1,1,-1,1,1,1,-1,1,-1,-1,1,1,1,-1,1,-1,1,1,1,-1,-1,1,-1,1,1,1,-1,1,1,-1,-1,1,1,1,-1,1,-1,1,1,1,-1,1,1,-1,1,1,1,-1,1,-1,-1,1,1,1,-1,1,-1,-1,-1,1,1,-1,1,-1,-1,1,-1,1,-1,1,1,-1,-1,1,1,1,-1,1,-1,-1,1,1,-1,1,-1,-1,-1,-1,-1,-1,1,1,-1,-1,1,1,-1,1,-1,1,-1,1,1,1,1,-1,-1,1,1,1,-1,1,-1,-1,-1,-1,1,1,1,1,-1,-1,1,1,1,1,-1,-1,1,-1,-1,1,-1,1,-1,-1,1,-1,1,1,-1,-1,1,1,-1,1,-1,1,-1,-1,1,-1,1,1,-1,-1,-1,1,-1,-1,1,1,-1,-1,1,-1,1,1,-1,1,-1,1,-1,-1,1,1,-1,-1,1,-1,1,1,-1,-1,1,1,-1,1,-1,1,-1,1,-1,-1,1,-1,1,-1,1,-1,-1,1,-1,-1,-1,1,-1,-1,1,-1,1,-1,1,-1,-1,1,-1,-1,1,-1,1,-1,1,1,1,-1,1,1,-1,-1,-1,1,-1,1,-1,-1,1,-1,1,1,1,1,-1,-1,1,1,-1,1,1,1,-1,1,1,1,-1,1,1,-1,1,1,1,1,-1,-1,1,-1,-1,-1,1,-1,-1,1,-1,1,-1,1,-1,1,-1,-1,-1,1,1,-1,1,1,-1,-1,-1,1,-1,1,1,-1,1,-1,1,-1,-1,-1,-1,-1,-1,1,-1,-1,-1,-1,-1,-1,1,-1,1,1,1,1,-1,1,-1,1,1,-1,-1,-1,1,-1,-1,1,-1,1,-1,-1,1,1,1,1,-1,-1,1,1,1,1,-1,1,-1,-1,1,1,1,-1,-1,-1,1,1,1,1,-1,1,-1,1,-1,1,-1,1,1,-1,-1,1,1,1,-1,-1,-1,1,1,1,1,1,-1,-1,-1,1,1,1,1,-1,-1,-1,1,-1,1,-1,-1,-1,1,1,1,1,1,-1,-1,-1,1,1,1,1,-1,-1,-1,1,1,-1,1,-1,-1,-1,1,1,1,1,-1,-1,1,1,1,1,-1,-1,1,1,-1,1,1,-1,-1,-1,1,1,1,1,1,-1,1,1,1,1,1,-1,-1,-1,1,-1,1,-1,-1,-1,-1,1,-1,1,1,-1,-1,-1,1,-1,1,1,-1,-1,-1,1,1,1,1,-1,-1,-1,1,-1,1,1,-1,-1,-1,1,1,-1,-1,-1,-1,-1,1,-1,1,-1,-1,-1,-1,-1,-1,-1,1,-1,-1,-1,1,-1,-1,1,-1,-1,-1,-1,-1,-1,1,-1,-1,-1,-1,-1,1,-1,-1,-1,1,-1,-1,1,-1,1,-1,-1,-1,-1,-1,-1,-1,1,-1,-1,-1,1,1,-1,-1,-1,1,-1,-1,-1,-1,-1,1,-1,-1,1,1,1,-1,-1,-1,-1,1,-1,1,1,-1,1,-1,-1,1,1,-1,-1,-1,-1,-1,-1,1,1,-1,-1,1,-1,1,1,-1,-1,-1,1,-1,1,1,-1,-1,1,-1,-1,1,1,1,-1,1,-1,1,1,1,-1,-1,1,-1,-1,1,1,1,-1,1,-1,-1,1,1,-1,1,1,-1,-1,1,1,-1,1,1,-1,-1,1,1,1,1,1,-1,-1,1,1,1,1,1,1,-1,-1,1,1,1,1,-1,-1,1,-1,1,1,1,1,-1,-1,1,-1,1,1,1,-1,1,1,1,1,-1,1,-1,1,1,1,1,1,1,1,-1,1,1,1,1,-1,1,-1,1,1,1,1,1,-1,1,1,1,1,-1,1,1,-1,1,1,-1,1,1,-1,-1,1,1,1,1,-1,1,-1,1,1,1,-1,-1,1,-1,1,1,1,-1,1,-1,-1,-1,1,1,-1,-1,1,-1,-1,1,1,1,-1,1,-1,-1,-1,1,1,-1,1,-1,-1,1,1,-1,-1,-1,1,-1,-1,1,-1,1,1,-1,1,1,-1,-1,1,-1,-1,-1,1,1,-1,1,1,-1,1,1,-1,-1,-1,-1,1,-1,-1,-1,-1,1,-1,-1,1,1,-1,1,1,-1,1,1,1,1,-1,1,-1,1,1,1,1,-1,1,-1,-1,1,1,1,-1,1,-1,1,1,1,1,-1,1,-1,1,1,-1,-1,-1,1,-1,-1,1,1,-1,-1,-1,1,-1,1,-1,1,-1,1,-1,-1,1,-2670.0,1,2000,445,500,False
812,1,1,-1,-1,1,1,-1,-1,1,1,1,-1,-1,1,1,1,-1,1,1,-1,-1,-1,1,1,1,1,-1,-1,1,1,1,1,-1,-1,-1,-1,1,1,1,1,-1,-1,-1,1,1,1,1,-1,1,1,1,1,-1,1,-1,-1,1,-1,1,1,1,-1,-1,-1,1,1,1,1,-1,-1,-1,1,1,1,1,-1,-1,-1,1,1,1,-1,-1,-1,1,1,1,1,-1,-1,1,1,1,1,1,-1,-1,-1,1,-1,1,1,-1,-1,1,1,1,1,1,-1,-1,-1,1,-1,1,1,-1,-1,1,1,1,1,1,1,-1,-1,1,1,-1,1,1,-1,1,1,1,1,1,1,-1,1,1,1,1,1,1,-1,1,1,1,1,1,1,-1,-1,-1,1,1,1,1,-1,1,1,1,1,-1,1,-1,1,-1,1,1,1,-1,-1,1,1,1,1,1,-1,1,-1,-1,1,-1,1,-1,1,1,1,1,1,1,1,1,1,-1,1,-1,1,-1,1,1,-1,1,-1,1,1,-1,1,-1,1,-1,1,-1,1,1,-1,1,-1,1,1,1,1,-1,-1,1,1,-1,-1,1,-1,1,-1,1,1,-1,1,-1,1,-1,1,-1,1,1,-1,1,-1,1,1,-1,1,-1,1,1,1,-1,1,1,-1,1,-1,1,-1,1,-1,1,-1,1,1,-1,1,-1,-1,-1,1,1,-1,1,-1,-1,-1,1,1,-1,-1,1,1,-1,-1,1,1,-1,1,1,-1,1,1,1,1,-1,1,-1,1,1,-1,1,-1,1,-1,1,1,1,1,1,1,-1,-1,1,-1,-1,-1,1,1,-1,1,1,1,-1,1,1,1,1,1,1,1,1,-1,1,1,1,-1,1,1,-1,1,1,1,-1,1,1,-1,-1,1,1,1,-1,1,-1,1,1,1,-1,1,1,-1,1,1,1,-1,1,1,-1,1,1,1,-1,1,1,-1,-1,1,1,-1,1,1,-1,1,-1,1,-1,1,-1,1,-1,1,1,1,-1,-1,1,-1,1,1,-1,1,1,1,-1,-1,-1,-1,1,-1,1,-1,1,1,-1,1,1,-1,-1,1,1,1,1,1,-1,1,1,1,-1,1,1,1,-1,-1,1,1,-1,-1,1,-1,1,-1,1,-1,1,1,-1,-1,-1,1,-1,1,1,1,-1,1,1,-1,1,1,1,1,-1,1,-1,-1,1,-1,1,-1,1,-1,1,1,1,1,-1,-1,1,-1,1,1,1,-1,1,1,1,-1,1,1,-1,1,-1,-1,1,1,1,-1,-1,-1,1,1,1,1,-1,1,-1,-1,1,1,-1,1,1,-1,-1,1,1,-1,-1,1,-1,1,1,1,-1,1,-1,-1,-1,1,1,-1,-1,1,-1,1,1,1,1,-1,1,-1,-1,-1,1,1,-1,-1,-1,1,-1,1,-1,-1,1,-1,-1,1,-1,1,-1,-1,1,-1,1,-1,1,1,-1,1,-1,-1,1,1,1,-1,1,-1,1,-1,1,1,1,-1,-1,-1,1,-1,1,1,1,1,-1,1,-1,-1,1,1,-1,1,1,-1,1,-1,1,-1,-1,1,-1,-1,1,1,1,-1,1,-1,-1,1,1,-1,-1,1,-1,1,1,1,-1,-1,1,-1,-1,-1,1,1,-1,1,1,-1,-1,1,-1,-1,1,-1,1,-1,1,1,-1,-1,1,-1,-1,-1,-1,-1,1,1,1,-1,1,1,-1,-1,1,-1,-1,-1,-1,-1,-1,1,-1,-1,-1,1,-1,1,1,-1,1,1,1,-1,-1,1,1,-1,-1,-1,-1,1,1,-1,-1,1,-1,-1,-1,1,1,-1,-1,-1,-1,-1,1,-1,-1,1,-1,-1,1,1,1,-1,1,-1,-1,-1,1,1,-1,-1,-1,-1,-1,1,1,1,-1,-1,-1,-1,1,1,-1,-1,-1,-1,1,1,1,1,-1,-1,1,1,1,1,1,-1,-1,-1,1,1,1,-1,1,-1,1,1,1,1,-1,1,-1,-1,1,-1,1,-1,1,-1,-1,1,-1,1,-1,-1,-1,-1,1,-1,1,-1,1,-1,-1,1,-1,1,-1,1,-1,-1,1,-1,1,-1,-1,-1,-1,1,1,-1,-1,-1,-1,-1,1,-1,1,-1,-1,-1,-1,-1,-1,-1,1,-1,-1,-1,1,-1,-1,1,-1,-1,-1,-1,-1,-1,1,-1,-1,-1,-1,-1,1,-1,-1,-1,1,-1,-1,1,-1,1,-1,-1,-1,-1,-1,-1,-1,1,-1,-1,-1,1,1,-1,-1,-1,-1,1,-1,-1,-1,-1,1,-1,-1,1,-1,1,-1,-1,-1,-1,1,-1,1,1,-1,1,-1,-1,1,1,-1,-1,-1,-1,-1,-1,1,1,-1,-1,1,-1,1,1,-1,-1,-1,1,-1,1,1,-1,-1,1,-1,-1,1,1,1,-1,1,-1,1,1,1,-1,-1,1,-1,-1,1,1,1,-1,1,-1,-1,1,1,-1,1,1,-1,-1,1,1,-1,1,1,-1,-1,1,1,-1,1,1,-1,-1,1,1,1,1,1,1,-1,1,1,-1,1,1,-1,-1,1,-1,1,1,1,1,-1,-1,1,-1,1,1,1,-1,1,1,1,1,-1,1,-1,1,1,1,1,1,1,1,-1,1,1,1,1,-1,1,-1,1,1,1,1,1,-1,1,1,1,1,-1,1,1,-1,1,1,-1,1,1,-1,-1,1,1,1,1,-1,1,-1,1,1,1,-1,-1,1,-1,1,1,1,-1,1,-1,-1,-1,1,1,-1,-1,1,-1,-1,1,1,-1,-1,1,-1,1,1,1,1,-1,1,-1,-1,1,1,-1,-1,-1,1,1,1,1,-1,1,1,-1,1,1,-1,-1,1,1,-1,-1,1,1,-1,1,1,1,1,1,-1,-1,-1,-1,-1,-1,-1,-1,-1,-1,1,1,1,1,-1,1,1,-1,1,1,1,1,-1,1,-1,1,1,1,-1,-1,1,-1,1,1,1,-1,-1,1,-1,1,1,1,-1,-1,1,-1,1,1,1,1,-1,1,-1,1,1,1,1,-1,-1,1,-1,1,1,1,-1,1,-1,1,1,-2670.0,1,2000,445,500,False
813,1,1,-1,-1,1,1,-1,-1,1,1,1,-1,-1,1,1,1,-1,1,-1,-1,-1,-1,1,1,1,-1,-1,-1,1,1,1,1,-1,-1,-1,-1,1,1,1,-1,-1,-1,-1,1,1,1,1,-1,1,1,1,1,-1,1,-1,-1,1,-1,1,1,1,-1,-1,-1,1,1,1,1,-1,-1,-1,1,1,1,1,-1,-1,-1,1,1,1,-1,-1,-1,1,1,1,1,-1,-1,1,1,1,1,1,-1,-1,-1,1,-1,1,1,-1,-1,1,1,1,1,1,-1,-1,-1,1,-1,1,1,-1,-1,1,1,1,1,1,1,-1,-1,1,1,-1,1,1,-1,1,1,1,1,1,1,-1,1,1,1,1,1,1,-1,1,1,1,1,1,1,-1,-1,-1,1,1,1,1,-1,1,1,1,1,-1,1,-1,1,-1,1,1,1,-1,-1,1,1,1,1,1,-1,1,-1,-1,1,-1,1,-1,1,1,1,1,1,1,1,1,1,-1,1,-1,1,-1,1,1,-1,1,-1,1,1,-1,1,-1,1,-1,1,-1,1,1,-1,1,-1,1,1,1,1,-1,-1,1,1,-1,-1,1,-1,1,-1,-1,1,-1,1,-1,1,-1,1,-1,-1,1,-1,1,-1,1,1,-1,1,-1,1,1,1,-1,1,1,-1,-1,-1,1,-1,1,-1,1,-1,1,1,-1,1,-1,-1,-1,1,1,-1,1,-1,-1,-1,1,1,-1,-1,1,1,-1,-1,1,1,-1,1,1,-1,1,1,1,1,-1,1,-1,1,1,-1,1,-1,1,1,-1,1,1,1,1,1,-1,-1,1,-1,-1,1,1,1,-1,1,1,1,-1,1,-1,-1,1,1,1,1,1,-1,1,1,1,-1,1,1,-1,1,1,1,-1,1,1,-1,-1,1,1,1,-1,1,-1,1,1,1,-1,1,1,-1,1,1,1,-1,1,-1,-1,1,1,1,-1,1,-1,-1,-1,1,1,-1,1,-1,-1,1,-1,1,-1,1,1,-1,-1,1,1,1,-1,1,-1,-1,1,1,-1,1,-1,-1,-1,-1,-1,-1,1,1,-1,-1,1,1,-1,1,-1,1,-1,1,1,1,1,-1,-1,1,1,1,-1,1,-1,-1,-1,-1,1,1,1,1,-1,-1,1,1,1,1,-1,-1,1,-1,-1,1,-1,1,-1,-1,1,-1,1,1,-1,-1,1,1,-1,1,-1,1,-1,-1,1,-1,1,1,-1,-1,-1,1,-1,-1,1,1,-1,-1,1,-1,1,1,-1,1,-1,1,-1,-1,1,1,-1,-1,1,-1,1,1,-1,-1,1,1,-1,1,-1,1,-1,1,-1,-1,1,-1,1,-1,1,-1,-1,1,-1,-1,-1,1,-1,-1,1,-1,1,-1,1,-1,-1,1,-1,-1,1,-1,1,-1,1,-1,1,-1,1,1,-1,-1,-1,1,-1,1,-1,-1,1,-1,1,1,1,1,-1,-1,1,1,-1,1,1,-1,-1,1,1,1,-1,1,1,-1,1,1,1,1,-1,-1,1,-1,-1,-1,1,-1,1,1,-1,1,-1,1,-1,1,-1,-1,-1,1,1,-1,1,1,-1,-1,-1,1,-1,1,1,-1,1,-1,1,-1,-1,-1,-1,-1,-1,1,-1,-1,-1,-1,-1,-1,1,-1,1,1,1,1,-1,1,-1,1,1,-1,-1,-1,1,-1,-1,1,-1,1,-1,-1,1,1,1,1,-1,-1,1,1,1,1,-1,1,-1,-1,1,1,1,-1,-1,-1,-1,1,1,1,-1,1,-1,1,-1,1,-1,1,1,-1,-1,1,1,1,-1,-1,-1,1,1,1,1,1,-1,-1,-1,1,1,1,1,-1,-1,-1,1,-1,1,-1,-1,-1,1,1,1,1,1,-1,-1,-1,1,1,1,1,-1,-1,-1,1,1,-1,1,-1,-1,-1,1,1,1,1,-1,-1,1,1,1,1,-1,-1,1,1,-1,1,1,-1,-1,-1,1,1,1,1,1,-1,1,1,1,1,1,-1,-1,-1,1,-1,1,-1,-1,-1,-1,1,-1,1,1,1,-1,-1,1,-1,1,1,-1,-1,-1,1,1,1,1,-1,-1,-1,1,-1,1,1,-1,-1,-1,1,1,-1,-1,-1,-1,-1,1,-1,1,-1,-1,-1,-1,-1,-1,-1,1,-1,-1,-1,1,-1,-1,1,-1,-1,-1,-1,-1,1,1,-1,-1,-1,-1,-1,1,-1,-1,-1,1,-1,-1,1,-1,1,-1,-1,-1,-1,-1,-1,-1,1,-1,-1,-1,1,1,1,-1,-1,1,-1,-1,-1,-1,-1,1,-1,-1,1,1,1,-1,-1,-1,-1,1,-1,1,1,-1,1,-1,-1,1,1,-1,-1,-1,-1,-1,-1,1,1,-1,-1,1,-1,1,1,1,-1,-1,1,-1,1,1,-1,-1,1,-1,-1,1,1,1,-1,1,-1,1,1,1,-1,-1,1,-1,-1,1,1,1,-1,1,-1,-1,1,1,-1,1,1,-1,-1,1,1,1,1,1,-1,-1,1,1,-1,1,1,-1,-1,1,1,1,1,-1,1,-1,-1,1,1,-1,1,-1,-1,1,-1,1,1,1,1,-1,-1,1,-1,1,1,1,-1,1,1,1,1,-1,1,-1,1,1,1,1,1,1,1,-1,1,1,1,1,-1,1,-1,1,1,1,1,1,-1,1,1,1,1,-1,1,1,-1,1,1,-1,1,1,-1,-1,1,1,1,1,-1,1,-1,1,1,1,-1,-1,1,-1,1,1,1,-1,1,-1,-1,-1,1,1,-1,-1,1,-1,-1,1,1,-1,-1,1,-1,-1,1,1,1,-1,1,-1,-1,1,1,-1,-1,-1,1,-1,1,1,-1,1,1,-1,1,1,-1,-1,1,-1,-1,-1,1,1,-1,1,1,-1,1,1,-1,-1,-1,-1,1,-1,-1,-1,-1,-1,-1,-1,1,1,-1,1,1,-1,1,1,1,1,-1,1,-1,1,1,1,-1,-1,1,-1,-1,1,1,-1,-1,1,-1,1,1,1,-1,-1,1,-1,1,1,1,1,-1,1,-1,-1,1,1,1,-1,-1,1,-1,1,-1,1,-1,1,-1,-1,1,-2670.0,1,2000,445,500,False
814,1,1,-1,-1,1,1,-1,-1,1,1,1,-1,1,1,1,1,-1,1,-1,-1,-1,-1,1,1,1,-1,-1,-1,1,1,1,1,-1,-1,-1,-1,1,-1,1,1,-1,-1,-1,1,1,1,1,-1,1,1,1,1,-1,1,-1,-1,1,-1,1,1,1,-1,-1,-1,1,1,1,1,-1,-1,-1,1,1,1,1,-1,-1,-1,1,1,1,-1,-1,-1,1,1,1,1,-1,-1,-1,1,1,1,1,-1,-1,1,1,-1,1,1,-1,-1,1,1,1,1,1,-1,-1,-1,1,1,1,1,-1,-1,1,1,1,1,1,1,-1,-1,1,1,-1,1,1,-1,1,1,1,1,1,1,-1,1,1,1,1,1,1,-1,1,1,1,1,1,1,-1,-1,-1,1,1,1,1,-1,1,1,1,1,-1,1,-1,1,-1,1,1,1,-1,-1,1,1,1,1,1,-1,1,-1,-1,1,-1,1,-1,1,1,1,1,1,1,1,1,1,-1,1,-1,1,-1,1,1,-1,1,-1,1,1,-1,1,-1,1,-1,1,-1,1,1,-1,1,-1,1,1,1,1,-1,-1,1,1,-1,-1,1,-1,1,-1,-1,1,-1,1,-1,1,-1,1,-1,-1,1,-1,-1,-1,1,1,-1,1,-1,1,1,1,-1,1,1,-1,1,-1,1,-1,1,-1,1,-1,1,1,-1,1,-1,-1,-1,1,1,-1,1,-1,-1,-1,1,1,-1,-1,1,1,-1,-1,1,1,-1,1,1,-1,1,1,1,1,-1,1,-1,1,1,-1,1,-1,1,-1,1,1,1,1,1,1,-1,-1,1,-1,-1,-1,1,1,-1,1,1,1,-1,1,1,1,1,1,1,1,1,-1,1,1,1,-1,1,1,-1,1,1,1,-1,1,1,-1,-1,1,1,1,-1,1,-1,1,1,1,-1,1,1,-1,1,1,1,-1,1,1,-1,1,1,1,-1,1,1,-1,-1,1,1,-1,1,1,-1,1,-1,1,-1,1,1,1,-1,1,1,1,-1,1,1,-1,1,1,-1,1,-1,1,-1,-1,-1,-1,1,1,1,-1,1,1,-1,1,1,-1,-1,1,1,1,1,1,-1,1,1,1,-1,1,1,1,-1,-1,1,1,1,-1,1,-1,1,1,1,1,1,1,-1,-1,-1,1,-1,-1,1,-1,1,-1,1,-1,1,1,1,-1,-1,1,-1,-1,1,-1,1,-1,1,1,1,1,1,1,-1,-1,1,-1,1,1,-1,-1,1,1,1,-1,1,-1,-1,-1,1,-1,1,1,-1,-1,1,1,1,1,-1,1,-1,1,-1,-1,1,-1,-1,-1,1,-1,1,1,-1,-1,-1,1,-1,1,1,1,-1,-1,1,1,-1,1,-1,-1,-1,1,-1,1,1,1,-1,-1,1,1,-1,1,-1,-1,-1,-1,-1,-1,1,-1,-1,-1,1,-1,-1,1,-1,-1,-1,-1,1,-1,1,-1,-1,-1,-1,1,-1,-1,1,1,1,-1,1,-1,1,-1,1,-1,1,-1,-1,-1,1,-1,-1,1,1,1,-1,1,-1,1,1,1,-1,1,1,-1,1,-1,1,-1,-1,1,-1,-1,1,1,1,-1,1,-1,-1,1,1,-1,-1,1,-1,-1,1,1,-1,-1,1,-1,-1,-1,1,1,-1,1,1,-1,-1,1,-1,-1,1,-1,1,-1,1,1,-1,-1,1,-1,-1,-1,-1,-1,1,1,1,-1,-1,1,-1,-1,1,-1,-1,1,-1,-1,1,1,-1,-1,1,-1,-1,1,1,-1,1,-1,-1,-1,-1,1,1,-1,-1,-1,-1,1,1,-1,-1,1,-1,-1,-1,1,1,-1,-1,-1,-1,-1,1,-1,-1,-1,-1,-1,1,1,1,-1,-1,-1,-1,-1,1,1,-1,-1,-1,-1,-1,1,1,1,-1,-1,-1,-1,1,1,-1,-1,-1,-1,1,1,1,1,1,-1,1,1,1,1,1,1,-1,-1,1,1,1,-1,1,-1,1,1,1,1,-1,1,-1,-1,1,-1,1,-1,1,-1,-1,1,-1,1,-1,1,-1,-1,1,-1,1,-1,1,1,-1,1,-1,1,1,1,1,-1,1,-1,1,1,1,-1,-1,1,1,-1,1,1,-1,-1,1,-1,1,-1,1,-1,-1,-1,-1,-1,1,1,-1,-1,1,-1,-1,1,1,-1,-1,-1,-1,1,-1,1,-1,-1,-1,-1,1,1,-1,-1,1,-1,-1,1,-1,1,-1,-1,-1,-1,-1,1,1,1,-1,-1,-1,1,1,1,-1,-1,1,1,-1,-1,1,-1,1,-1,-1,1,1,1,-1,-1,-1,-1,1,-1,1,1,-1,1,-1,-1,1,1,-1,-1,-1,-1,-1,-1,1,1,-1,-1,1,-1,1,1,-1,-1,-1,1,-1,1,1,-1,-1,1,-1,-1,1,1,1,-1,1,-1,1,1,1,-1,-1,1,-1,-1,1,1,1,-1,1,-1,-1,1,1,-1,1,1,-1,-1,1,1,-1,1,1,-1,-1,1,1,-1,1,1,-1,-1,1,1,1,1,-1,1,-1,-1,1,1,-1,1,-1,-1,1,-1,1,1,1,1,-1,-1,1,-1,1,1,1,-1,1,1,1,1,-1,1,-1,1,1,1,1,1,1,1,-1,1,1,1,1,-1,1,-1,1,1,1,1,1,-1,1,1,1,1,-1,1,1,-1,1,1,-1,1,1,-1,-1,1,1,1,1,-1,1,-1,1,1,1,-1,-1,1,-1,1,1,1,-1,1,-1,-1,-1,1,1,-1,-1,1,-1,-1,1,1,1,-1,1,-1,-1,1,1,1,-1,1,-1,-1,1,1,-1,-1,-1,1,-1,1,1,-1,1,1,-1,1,1,-1,-1,1,1,-1,-1,1,1,-1,1,1,-1,1,1,-1,-1,-1,-1,1,-1,-1,-1,-1,1,-1,-1,1,1,-1,1,1,-1,1,1,1,1,-1,1,-1,1,1,1,-1,-1,1,-1,1,1,1,-1,-1,1,-1,-1,1,1,-1,-1,1,-1,1,1,1,1,-1,1,-1,-1,1,1,-1,-1,-1,1,-1,1,1,1,-1,1,-1,-1,1,-2670.0,1,2000,445,500,False
815,1,1,-1,-1,1,-1,-1,-1,1,1,1,-1,1,1,1,1,-1,1,-1,-1,1,-1,1,1,1,-1,1,-1,1,1,1,1,1,-1,-1,-1,1,1,1,1,-1,-1,-1,1,1,1,1,-1,1,1,1,1,-1,1,-1,-1,1,-1,1,1,-1,-1,-1,-1,1,1,1,1,-1,-1,-1,1,1,1,1,-1,-1,-1,1,1,1,-1,-1,-1,1,1,1,1,-1,-1,-1,1,1,1,1,-1,-1,1,1,-1,1,1,-1,-1,1,1,1,1,1,-1,-1,1,1,-1,1,1,-1,-1,1,1,1,1,1,1,-1,1,1,1,-1,1,1,-1,1,1,1,1,1,1,-1,-1,1,1,1,1,1,-1,1,1,1,1,1,1,-1,-1,-1,1,1,1,1,-1,1,1,1,1,-1,1,-1,1,-1,1,1,1,-1,-1,1,1,1,1,1,-1,1,-1,-1,1,-1,1,-1,1,1,1,1,1,1,1,1,1,-1,1,-1,1,-1,1,1,-1,1,-1,1,1,-1,1,-1,1,-1,1,-1,1,1,-1,1,-1,1,1,1,1,-1,-1,1,1,-1,-1,1,-1,1,-1,1,1,-1,1,-1,1,-1,1,-1,1,1,-1,1,-1,1,1,-1,1,-1,1,1,1,-1,1,1,-1,-1,-1,1,-1,1,-1,1,-1,1,1,-1,1,-1,-1,-1,1,1,-1,1,-1,-1,-1,1,1,-1,-1,1,1,-1,-1,1,1,-1,1,1,-1,1,1,1,1,-1,1,-1,1,1,-1,1,-1,1,-1,1,1,1,1,1,1,-1,-1,1,-1,-1,-1,1,1,-1,1,1,1,-1,1,1,1,1,1,1,1,1,-1,1,1,1,-1,-1,1,-1,1,1,1,-1,1,1,-1,-1,1,1,1,-1,1,-1,1,1,1,-1,1,1,-1,1,1,1,-1,1,1,-1,1,1,1,-1,1,1,1,-1,1,1,-1,1,1,-1,1,-1,1,-1,1,1,1,-1,1,1,1,-1,1,1,-1,1,1,-1,1,1,1,-1,-1,-1,-1,1,1,1,-1,1,1,-1,1,1,-1,-1,1,1,1,1,1,-1,1,1,1,-1,1,1,1,-1,-1,1,1,1,-1,1,-1,1,1,1,1,1,1,-1,-1,-1,1,-1,-1,1,1,-1,1,1,1,1,1,1,1,-1,1,-1,-1,1,-1,1,-1,1,1,1,1,1,1,-1,-1,1,-1,1,1,1,-1,1,1,1,-1,1,1,-1,-1,1,-1,1,1,1,-1,1,1,1,1,1,1,-1,1,-1,1,1,1,-1,-1,1,-1,1,1,1,-1,-1,1,-1,1,1,1,-1,-1,1,-1,-1,1,1,-1,-1,1,-1,1,1,1,1,-1,1,1,-1,1,1,1,-1,-1,1,-1,1,1,-1,-1,1,1,-1,1,-1,1,-1,-1,1,-1,1,-1,1,-1,-1,1,-1,-1,1,1,1,-1,1,-1,1,-1,-1,-1,1,-1,-1,-1,1,-1,-1,-1,1,1,-1,1,-1,1,1,1,-1,1,1,-1,1,-1,1,-1,-1,1,-1,-1,1,1,1,-1,1,-1,-1,1,1,-1,-1,1,-1,-1,1,1,-1,-1,1,-1,-1,-1,1,1,-1,1,1,-1,-1,1,-1,-1,1,-1,1,-1,1,1,-1,-1,1,-1,-1,-1,-1,-1,1,1,1,-1,-1,1,-1,-1,1,-1,-1,1,-1,-1,-1,1,-1,-1,1,1,-1,1,1,-1,1,-1,1,-1,-1,1,1,-1,-1,-1,-1,1,1,-1,-1,1,-1,-1,-1,1,1,-1,-1,-1,-1,-1,1,-1,-1,-1,-1,-1,1,1,1,-1,-1,-1,-1,-1,1,1,-1,-1,-1,-1,-1,1,1,1,-1,-1,-1,-1,1,1,-1,-1,-1,-1,1,1,1,1,-1,-1,1,1,1,1,1,-1,-1,-1,1,1,1,-1,1,-1,1,1,1,1,-1,1,-1,-1,1,-1,1,-1,1,-1,-1,1,-1,1,-1,-1,-1,-1,1,-1,1,-1,1,-1,-1,1,-1,1,-1,1,-1,-1,1,-1,1,-1,-1,-1,-1,1,1,-1,-1,-1,-1,-1,1,-1,1,-1,-1,-1,-1,-1,-1,-1,1,-1,-1,-1,1,-1,-1,1,-1,-1,-1,-1,-1,1,1,-1,-1,-1,-1,-1,1,-1,-1,-1,1,-1,-1,1,-1,1,-1,-1,-1,-1,-1,-1,-1,1,-1,-1,-1,1,1,-1,-1,-1,-1,1,-1,-1,-1,-1,1,-1,-1,1,-1,1,-1,-1,-1,-1,1,-1,1,1,-1,1,-1,-1,1,1,-1,-1,-1,-1,-1,-1,1,1,-1,-1,1,-1,1,1,-1,-1,-1,1,-1,1,1,-1,-1,1,-1,-1,1,1,1,-1,1,-1,1,1,1,-1,-1,1,-1,-1,1,1,1,-1,1,-1,-1,1,1,-1,1,1,-1,-1,1,1,1,1,1,-1,-1,1,1,1,1,1,-1,-1,1,1,1,1,1,1,-1,-1,1,1,-1,1,-1,-1,1,-1,1,1,1,1,-1,-1,1,-1,1,1,1,-1,1,1,1,1,-1,1,-1,1,1,1,1,1,1,1,-1,1,1,1,1,-1,1,-1,1,1,1,1,1,-1,1,1,1,1,-1,1,1,-1,1,1,-1,1,1,-1,-1,1,1,1,1,-1,1,-1,1,1,1,-1,-1,1,-1,1,1,1,-1,1,-1,-1,-1,1,1,-1,-1,1,-1,-1,1,1,-1,-1,1,-1,-1,1,1,1,-1,1,-1,-1,1,1,-1,-1,-1,1,-1,-1,1,-1,1,1,-1,1,1,-1,-1,1,-1,-1,-1,1,1,-1,1,1,-1,1,1,-1,-1,1,-1,1,-1,-1,-1,-1,1,-1,-1,1,1,-1,1,1,-1,1,1,1,1,-1,1,-1,1,1,1,1,-1,1,-1,-1,-1,1,1,-1,1,-1,1,1,1,1,-1,1,-1,1,1,-1,-1,-1,1,-1,-1,1,1,-1,-1,-1,1,-1,1,-1,1,-1,1,-1,-1,1,-2670.0,1,2000,445,500,False
816,1,1,-1,-1,1,-1,-1,-1,1,1,1,-1,1,1,1,1,-1,1,-1,-1,-1,-1,1,1,1,-1,-1,-1,1,1,1,1,1,-1,-1,-1,1,-1,1,1,-1,-1,-1,1,1,1,-1,-1,1,1,1,1,-1,1,-1,-1,1,-1,1,1,-1,-1,-1,-1,1,1,1,-1,-1,-1,-1,1,1,1,1,-1,-1,-1,1,1,1,-1,-1,-1,1,1,1,1,-1,-1,-1,1,1,1,1,-1,-1,1,1,-1,1,1,-1,-1,1,1,1,1,1,-1,-1,-1,1,1,1,1,-1,-1,1,1,1,1,1,1,-1,-1,1,1,-1,1,1,-1,1,1,1,1,1,1,-1,1,1,1,1,1,1,-1,1,1,1,1,1,1,-1,-1,-1,1,1,1,-1,-1,1,1,1,1,-1,1,-1,1,1,1,1,1,-1,-1,1,1,1,1,1,-1,1,-1,-1,1,1,1,-1,1,1,1,1,-1,1,-1,1,1,-1,1,-1,1,1,-1,1,-1,1,-1,1,-1,-1,1,-1,1,-1,1,-1,1,1,-1,1,-1,1,1,1,1,-1,-1,1,1,-1,-1,1,-1,1,-1,-1,1,-1,1,-1,1,-1,1,-1,1,1,-1,-1,-1,1,-1,1,1,-1,1,1,1,1,1,1,-1,1,-1,-1,1,1,-1,1,-1,1,-1,1,1,-1,-1,-1,1,1,1,1,-1,-1,-1,1,1,-1,1,1,1,-1,-1,1,1,1,1,1,-1,1,1,-1,1,-1,1,-1,1,1,1,1,-1,1,1,-1,1,1,1,1,1,-1,-1,1,-1,1,-1,1,1,-1,1,1,1,-1,1,-1,-1,1,1,-1,1,1,-1,1,1,1,-1,1,1,-1,1,1,-1,1,-1,1,-1,-1,1,-1,1,-1,1,-1,1,1,1,-1,1,1,-1,1,1,1,-1,1,-1,-1,1,1,1,1,1,-1,-1,-1,1,1,1,1,-1,-1,1,-1,1,-1,1,1,-1,-1,1,1,-1,-1,1,-1,-1,1,1,-1,1,-1,-1,-1,-1,-1,-1,1,-1,-1,-1,1,1,-1,1,-1,1,-1,1,1,-1,1,1,-1,1,1,-1,1,1,-1,-1,-1,-1,1,-1,-1,1,-1,-1,1,-1,-1,1,-1,-1,1,-1,-1,1,-1,1,-1,-1,1,-1,-1,1,-1,-1,1,1,-1,1,-1,1,-1,-1,1,-1,-1,-1,-1,-1,-1,1,-1,-1,1,1,-1,-1,1,-1,1,-1,-1,1,-1,1,-1,-1,1,1,-1,-1,1,-1,-1,-1,-1,-1,1,1,-1,-1,1,1,-1,1,-1,1,-1,1,1,-1,1,-1,-1,-1,-1,-1,-1,1,-1,1,-1,1,1,-1,1,-1,-1,1,-1,-1,1,-1,1,-1,1,-1,1,-1,1,1,-1,-1,-1,1,-1,1,-1,-1,1,-1,1,1,1,1,-1,-1,-1,1,-1,1,1,-1,-1,1,1,1,-1,1,1,-1,1,1,1,1,-1,1,1,-1,-1,-1,1,-1,1,1,1,1,-1,1,-1,1,-1,-1,-1,1,1,-1,1,1,-1,-1,1,1,-1,1,1,-1,1,-1,1,-1,-1,-1,-1,-1,-1,1,-1,-1,-1,-1,-1,-1,1,-1,1,1,1,1,-1,1,-1,1,1,-1,-1,-1,1,-1,-1,1,-1,1,-1,-1,1,1,1,1,-1,-1,-1,1,1,1,-1,1,-1,1,1,1,1,-1,-1,-1,1,1,1,1,-1,-1,-1,1,-1,1,-1,1,-1,-1,-1,1,1,1,-1,-1,-1,1,1,1,1,1,-1,-1,-1,1,1,1,1,-1,-1,-1,1,-1,1,-1,-1,-1,1,1,1,1,1,-1,-1,-1,1,1,1,1,-1,-1,-1,1,1,-1,1,-1,-1,-1,1,1,1,1,-1,-1,1,1,1,1,-1,-1,1,1,-1,1,1,-1,-1,-1,1,1,1,1,1,-1,1,1,1,1,1,-1,-1,-1,1,-1,1,-1,-1,-1,-1,1,-1,1,1,-1,-1,-1,1,-1,1,1,-1,1,-1,1,1,1,1,-1,1,1,-1,-1,1,1,-1,-1,-1,1,1,-1,-1,-1,-1,-1,1,-1,1,-1,-1,-1,-1,-1,-1,-1,1,-1,-1,-1,1,-1,-1,1,-1,-1,-1,-1,-1,1,1,-1,-1,-1,-1,-1,1,-1,-1,-1,1,-1,-1,1,-1,1,-1,-1,-1,-1,-1,-1,-1,1,-1,-1,-1,1,1,1,-1,-1,1,-1,-1,-1,-1,-1,1,-1,-1,1,1,1,-1,1,-1,-1,1,-1,1,1,-1,1,-1,-1,1,1,1,-1,-1,-1,-1,-1,1,1,-1,-1,1,-1,1,1,-1,-1,-1,1,-1,1,1,-1,-1,1,1,-1,1,1,1,-1,1,-1,1,1,1,-1,-1,1,-1,-1,1,1,1,1,-1,1,-1,1,1,1,-1,1,-1,-1,1,1,1,1,-1,1,-1,1,1,1,1,1,-1,-1,1,1,1,1,1,-1,-1,1,1,1,1,-1,-1,-1,1,-1,1,1,1,-1,1,1,1,-1,1,1,-1,-1,1,1,1,1,1,-1,1,1,1,1,1,1,-1,1,-1,1,1,1,1,-1,1,-1,1,1,1,-1,1,1,1,1,1,1,-1,-1,1,1,1,1,-1,1,-1,1,1,-1,1,1,1,-1,1,1,1,1,1,-1,-1,1,-1,1,1,1,-1,1,-1,1,1,1,1,-1,1,1,1,-1,1,1,1,-1,1,1,-1,1,1,1,-1,-1,-1,1,1,1,-1,-1,-1,-1,1,-1,1,-1,1,1,1,1,1,-1,-1,1,1,1,1,1,1,-1,1,-1,1,1,1,-1,-1,1,-1,-1,-1,-1,-1,-1,1,-1,1,1,1,-1,1,1,-1,-1,1,1,1,-1,1,-1,1,1,1,-1,-1,1,-1,1,1,1,-1,-1,1,-1,1,1,1,-1,-1,1,-1,1,-1,1,1,-1,1,-1,-1,1,1,-1,-1,-1,-1,1,1,1,1,-1,1,1,-1,1,-2670.0,1,2000,445,0,False
817,1,1,-1,-1,1,-1,-1,-1,1,1,1,-1,1,1,1,1,-1,1,-1,-1,-1,-1,1,1,1,-1,-1,-1,1,1,1,1,1,-1,-1,-1,1,-1,1,1,-1,-1,-1,1,1,1,1,-1,1,1,1,1,-1,1,-1,-1,1,-1,1,1,1,-1,-1,-1,1,1,1,1,-1,-1,-1,1,1,1,1,-1,-1,-1,1,1,1,-1,-1,-1,1,1,1,1,-1,-1,1,1,1,1,1,-1,-1,-1,1,-1,1,1,-1,-1,1,1,1,1,1,-1,-1,-1,1,-1,1,1,-1,-1,1,1,1,1,1,1,-1,-1,1,1,-1,1,1,-1,1,1,1,1,1,1,-1,1,1,1,1,1,1,-1,1,1,1,1,1,1,-1,-1,-1,1,1,1,1,-1,1,1,1,1,-1,1,-1,1,1,1,1,1,-1,-1,1,1,1,1,1,-1,1,-1,-1,1,-1,1,-1,1,1,1,1,1,1,1,1,1,-1,1,-1,1,-1,1,1,-1,1,-1,1,1,-1,1,-1,1,-1,1,-1,1,1,-1,1,-1,1,1,1,1,-1,-1,1,1,-1,-1,1,-1,1,-1,1,1,-1,1,-1,1,-1,1,-1,1,1,-1,-1,-1,1,1,-1,1,-1,1,1,1,-1,1,1,-1,1,-1,1,-1,1,-1,1,-1,1,1,-1,1,-1,-1,-1,1,1,-1,1,-1,-1,-1,1,1,-1,-1,1,1,-1,-1,1,1,-1,1,1,-1,1,1,1,1,-1,1,-1,1,1,-1,1,-1,1,1,-1,1,1,1,1,1,-1,-1,1,-1,-1,-1,1,1,-1,1,1,1,-1,1,-1,-1,1,1,1,1,1,-1,1,1,1,-1,1,1,-1,1,1,1,-1,1,1,-1,-1,1,1,1,-1,1,-1,1,1,1,-1,1,1,-1,1,1,1,-1,1,-1,-1,1,1,1,-1,1,-1,-1,-1,1,1,-1,1,-1,-1,1,-1,1,-1,1,1,-1,-1,1,1,1,-1,1,-1,-1,1,1,-1,1,-1,-1,-1,-1,-1,-1,1,1,-1,-1,1,1,-1,1,-1,-1,-1,1,1,1,1,1,-1,1,1,1,-1,1,-1,-1,-1,-1,1,1,1,1,-1,-1,1,1,1,1,-1,-1,1,-1,-1,1,-1,1,-1,-1,1,-1,1,-1,-1,-1,1,1,-1,1,-1,1,-1,-1,1,-1,1,1,-1,-1,-1,1,-1,-1,1,1,-1,-1,1,-1,1,1,-1,1,-1,1,-1,-1,1,1,-1,-1,1,-1,1,1,-1,-1,1,1,-1,1,-1,1,-1,1,-1,-1,1,-1,1,-1,1,-1,-1,1,-1,-1,-1,1,-1,-1,1,-1,1,-1,1,-1,-1,1,-1,-1,1,-1,1,-1,1,1,1,-1,1,1,-1,-1,1,1,-1,1,-1,-1,1,1,1,1,1,1,-1,-1,1,1,-1,1,1,-1,-1,1,1,1,-1,1,1,-1,1,1,1,1,-1,-1,1,-1,-1,-1,1,-1,1,1,-1,1,-1,1,-1,1,-1,-1,-1,1,1,-1,1,1,-1,-1,1,1,-1,1,1,-1,1,-1,1,-1,-1,-1,-1,-1,-1,1,-1,-1,-1,-1,-1,-1,1,-1,1,1,1,1,-1,1,-1,1,1,-1,-1,-1,1,-1,-1,1,-1,1,-1,-1,1,1,1,1,-1,-1,-1,1,1,1,-1,1,-1,1,1,1,1,-1,-1,-1,1,1,1,1,-1,1,-1,1,-1,1,-1,1,1,-1,-1,1,1,1,-1,-1,-1,-1,1,1,1,1,-1,-1,-1,1,1,1,1,-1,-1,-1,1,1,1,-1,-1,-1,1,1,1,1,1,-1,-1,-1,1,1,1,1,-1,-1,-1,1,1,-1,1,-1,-1,-1,1,1,1,1,-1,-1,1,1,1,1,-1,-1,1,1,-1,1,1,-1,-1,-1,1,1,1,1,1,-1,1,1,1,1,1,-1,-1,-1,1,-1,1,-1,-1,-1,-1,1,-1,1,1,-1,-1,-1,1,-1,1,1,-1,1,-1,1,1,1,1,-1,1,-1,1,-1,1,1,-1,-1,-1,1,1,-1,-1,-1,-1,-1,1,-1,1,-1,-1,-1,-1,-1,-1,-1,1,-1,-1,-1,1,-1,-1,1,-1,-1,-1,-1,-1,1,1,-1,-1,-1,-1,-1,1,-1,-1,-1,1,-1,-1,1,-1,1,-1,-1,-1,-1,-1,-1,-1,1,-1,-1,-1,1,1,-1,-1,-1,-1,1,-1,-1,-1,-1,1,-1,-1,1,1,1,-1,-1,-1,-1,1,-1,1,1,-1,1,-1,-1,1,1,-1,-1,-1,-1,-1,-1,1,1,-1,-1,1,-1,1,1,-1,-1,-1,1,-1,1,1,-1,-1,1,-1,-1,1,1,1,-1,1,-1,1,1,1,-1,-1,1,-1,-1,1,1,1,-1,1,-1,-1,1,1,-1,1,1,-1,-1,1,1,-1,1,1,-1,-1,1,1,1,1,1,-1,-1,1,1,1,1,1,1,-1,-1,1,1,-1,1,-1,-1,1,-1,1,1,1,1,-1,-1,1,-1,1,1,1,-1,1,1,1,1,-1,1,-1,1,1,1,1,1,1,1,-1,1,1,1,1,-1,1,-1,1,1,1,1,1,-1,1,1,1,1,-1,1,1,-1,1,1,-1,1,1,-1,-1,1,1,1,1,-1,1,-1,1,1,1,-1,-1,1,-1,1,1,1,-1,1,-1,-1,-1,1,1,-1,-1,1,-1,-1,1,1,-1,-1,1,-1,-1,1,1,1,-1,1,-1,-1,1,1,-1,-1,-1,1,-1,-1,1,-1,1,1,-1,1,1,-1,-1,1,1,-1,-1,1,1,-1,1,1,-1,1,1,-1,-1,-1,-1,1,-1,-1,-1,-1,-1,-1,-1,1,1,-1,1,1,-1,1,1,1,1,-1,1,-1,1,1,1,-1,-1,1,-1,-1,-1,1,-1,-1,1,-1,1,1,1,-1,-1,1,-1,1,1,1,1,-1,1,-1,-1,1,1,1,-1,-1,1,-1,1,-1,1,-1,1,-1,-1,1,-2670.0,1,2000,445,0,False
818,1,1,-1,-1,1,-1,-1,-1,1,1,1,-1,1,1,1,1,-1,1,-1,-1,-1,-1,1,1,1,-1,-1,-1,1,1,1,1,1,-1,-1,-1,1,-1,1,1,-1,-1,-1,1,1,1,1,-1,1,1,1,1,-1,1,-1,-1,1,-1,1,1,1,-1,-1,-1,1,1,1,1,-1,-1,-1,1,1,1,1,-1,-1,-1,1,1,1,-1,-1,-1,1,1,1,1,-1,-1,1,1,1,1,1,-1,-1,-1,1,-1,1,1,-1,-1,1,1,1,1,1,-1,-1,-1,1,-1,1,1,-1,-1,1,1,1,1,1,1,-1,-1,1,1,-1,1,1,-1,1,1,1,1,1,1,-1,1,1,1,1,1,1,-1,1,1,1,1,1,1,-1,-1,-1,1,1,1,1,-1,1,1,1,1,-1,1,-1,1,-1,1,1,1,-1,-1,1,1,1,1,1,-1,1,-1,-1,1,-1,1,-1,1,1,1,1,1,1,1,1,1,-1,1,-1,1,-1,1,1,-1,1,-1,1,1,-1,1,-1,1,-1,1,-1,1,1,-1,-1,-1,1,1,1,1,-1,-1,1,1,-1,-1,1,-1,1,-1,-1,1,-1,1,-1,1,-1,1,-1,1,1,-1,1,-1,1,1,-1,1,-1,1,1,1,-1,1,1,-1,1,-1,1,-1,1,-1,1,-1,1,1,-1,1,-1,-1,-1,1,1,-1,1,-1,-1,-1,1,1,-1,-1,1,1,-1,-1,1,1,-1,1,1,-1,1,1,1,1,-1,1,-1,1,1,-1,1,-1,1,1,-1,1,1,1,1,1,-1,-1,1,-1,-1,-1,1,1,-1,1,1,1,-1,1,-1,-1,1,1,1,1,1,-1,1,1,1,-1,-1,1,-1,1,1,1,-1,1,1,-1,-1,1,1,1,-1,1,-1,1,1,1,-1,1,1,-1,1,1,1,-1,1,-1,-1,1,1,1,-1,1,-1,-1,-1,1,1,-1,1,-1,-1,1,-1,1,-1,1,1,-1,-1,1,1,1,-1,1,-1,-1,1,1,-1,1,-1,-1,-1,-1,-1,-1,1,-1,-1,-1,1,1,-1,1,-1,1,-1,1,1,1,1,-1,-1,1,1,1,-1,1,-1,-1,-1,-1,1,1,1,1,-1,-1,1,1,1,1,-1,-1,1,-1,-1,1,-1,1,-1,-1,1,-1,1,1,-1,-1,1,1,-1,1,-1,1,-1,-1,1,-1,1,1,-1,-1,-1,1,-1,-1,1,1,-1,-1,1,-1,1,1,-1,1,-1,1,-1,-1,1,1,-1,-1,1,-1,1,1,-1,-1,1,1,-1,1,-1,1,-1,1,-1,-1,1,-1,1,-1,1,-1,-1,1,-1,-1,-1,1,-1,-1,1,-1,1,-1,1,-1,-1,1,-1,-1,1,-1,1,-1,1,1,1,-1,1,1,-1,-1,1,1,-1,1,-1,-1,1,-1,1,1,1,1,-1,-1,1,1,-1,1,1,-1,-1,1,1,1,-1,1,1,-1,1,1,1,1,1,1,1,-1,-1,-1,1,-1,1,1,-1,1,-1,1,-1,1,-1,-1,-1,1,1,-1,1,1,-1,-1,-1,1,-1,1,1,-1,1,-1,1,-1,-1,-1,-1,-1,-1,1,-1,-1,-1,-1,-1,-1,1,-1,1,1,1,1,-1,1,-1,1,1,-1,-1,-1,1,-1,-1,1,-1,1,-1,-1,1,1,1,1,-1,-1,1,1,1,1,-1,1,-1,-1,1,1,1,-1,-1,-1,-1,1,1,1,-1,1,-1,1,-1,1,-1,1,1,-1,-1,1,1,1,-1,-1,-1,-1,1,1,1,1,-1,-1,-1,1,1,1,1,-1,-1,-1,1,-1,1,-1,-1,-1,-1,1,1,1,1,-1,-1,1,1,1,1,1,-1,-1,-1,1,1,-1,1,-1,-1,-1,1,1,1,1,-1,-1,1,1,1,1,-1,-1,1,1,-1,1,1,-1,-1,-1,1,1,1,1,1,-1,1,1,1,1,1,-1,-1,-1,1,-1,1,-1,-1,-1,-1,1,-1,1,1,1,-1,-1,1,-1,1,1,-1,1,-1,1,1,1,1,-1,1,-1,1,-1,1,1,-1,-1,-1,1,1,-1,-1,-1,-1,-1,1,-1,1,-1,-1,-1,-1,-1,-1,-1,1,-1,-1,-1,1,-1,-1,1,-1,-1,-1,-1,-1,1,1,-1,-1,-1,-1,-1,1,-1,-1,-1,1,-1,-1,1,-1,1,-1,-1,-1,-1,-1,-1,-1,1,-1,-1,-1,1,1,1,-1,-1,1,-1,-1,-1,-1,-1,1,-1,-1,1,1,1,-1,-1,-1,-1,1,-1,1,1,-1,1,-1,-1,1,1,-1,-1,-1,-1,-1,-1,1,1,-1,-1,1,-1,1,1,-1,-1,-1,1,-1,1,1,-1,-1,1,-1,-1,1,1,1,-1,1,-1,1,1,1,-1,-1,1,-1,-1,1,1,1,-1,1,-1,-1,1,1,-1,1,1,-1,-1,1,1,1,1,1,-1,-1,1,1,1,1,1,-1,-1,1,1,1,1,1,1,-1,-1,1,1,-1,1,-1,-1,1,-1,1,1,1,1,-1,-1,1,-1,1,1,1,-1,1,1,1,1,-1,1,-1,1,1,1,1,1,1,1,-1,1,1,1,1,-1,1,-1,1,1,1,1,1,-1,1,1,1,1,-1,1,1,-1,1,1,-1,1,1,-1,-1,1,1,1,1,-1,1,-1,1,1,1,-1,-1,1,-1,1,1,1,-1,1,-1,-1,-1,1,1,-1,-1,1,-1,-1,1,1,1,-1,1,-1,-1,1,1,1,-1,-1,-1,-1,1,1,-1,-1,-1,1,-1,-1,1,-1,1,1,-1,1,1,-1,-1,1,1,-1,-1,1,1,-1,1,1,-1,1,1,-1,-1,1,-1,1,-1,-1,-1,-1,1,-1,-1,1,1,-1,1,1,-1,1,1,1,1,-1,1,-1,1,1,1,-1,-1,1,-1,-1,-1,1,-1,-1,1,-1,1,1,1,-1,-1,1,-1,1,1,1,1,-1,1,-1,-1,1,1,1,-1,-1,1,-1,1,-1,1,-1,1,-1,-1,1,-2670.0,1,2000,445,0,False
819,1,1,-1,-1,1,1,-1,-1,1,1,1,-1,1,1,1,1,-1,1,-1,-1,1,-1,1,1,1,-1,1,-1,1,1,1,1,1,1,-1,-1,1,1,1,1,-1,-1,-1,1,1,1,1,-1,1,1,1,1,-1,1,-1,-1,1,-1,1,1,-1,-1,1,-1,1,1,1,1,-1,-1,-1,1,1,1,1,-1,1,-1,1,1,1,-1,-1,1,1,1,1,1,-1,-1,-1,1,1,1,1,-1,1,1,1,-1,1,1,-1,-1,1,1,1,1,1,-1,-1,1,1,1,1,1,-1,-1,1,1,1,1,1,1,-1,1,1,1,-1,1,1,-1,1,1,1,1,1,1,-1,1,1,1,1,1,1,-1,-1,1,1,1,1,1,-1,1,-1,1,1,1,1,-1,1,1,1,1,-1,1,-1,1,-1,1,1,1,-1,-1,1,1,1,1,1,-1,1,-1,-1,1,-1,1,-1,1,1,1,1,1,1,1,1,1,-1,1,-1,1,-1,1,1,-1,1,-1,1,1,-1,1,-1,1,-1,1,-1,1,1,-1,1,-1,1,1,1,1,-1,-1,1,1,-1,-1,1,-1,1,-1,-1,1,-1,1,-1,1,-1,1,-1,1,1,-1,-1,-1,1,1,-1,1,-1,1,1,1,-1,1,1,-1,1,-1,1,-1,1,-1,1,-1,1,1,-1,1,-1,-1,-1,1,1,-1,1,-1,-1,-1,1,1,-1,-1,1,1,-1,-1,1,1,-1,1,1,-1,1,1,1,1,-1,1,-1,1,1,-1,1,-1,1,1,-1,1,1,1,1,1,-1,-1,1,-1,-1,1,1,1,-1,1,1,1,-1,1,-1,-1,1,1,1,1,1,-1,1,1,1,-1,-1,1,-1,1,1,1,-1,1,1,-1,-1,1,1,1,-1,1,-1,1,1,1,-1,1,1,-1,1,1,1,-1,1,-1,-1,1,1,1,-1,1,-1,-1,-1,1,1,1,1,-1,-1,1,-1,1,-1,1,1,-1,-1,1,1,1,-1,1,-1,-1,1,1,-1,1,-1,-1,-1,-1,-1,-1,1,-1,-1,-1,1,1,-1,1,-1,1,-1,1,1,-1,1,-1,-1,1,1,1,1,1,-1,-1,-1,-1,1,1,1,1,-1,-1,1,-1,-1,1,-1,-1,1,-1,-1,1,-1,1,-1,-1,1,-1,-1,1,-1,-1,1,1,-1,-1,1,1,-1,-1,1,-1,-1,-1,-1,-1,-1,1,-1,-1,1,1,-1,-1,1,-1,1,-1,-1,1,-1,1,-1,-1,1,1,-1,-1,1,-1,-1,-1,-1,-1,1,1,-1,-1,1,1,-1,1,-1,1,-1,1,1,-1,1,-1,1,-1,-1,-1,-1,1,-1,1,-1,1,1,-1,1,-1,-1,1,-1,-1,1,-1,1,-1,1,-1,1,-1,1,1,-1,1,-1,1,-1,1,-1,-1,1,-1,1,1,1,1,-1,-1,1,1,-1,1,1,1,-1,1,1,1,-1,1,1,-1,1,1,1,1,1,-1,1,-1,-1,-1,1,-1,1,1,-1,1,-1,1,-1,1,-1,-1,-1,1,1,-1,1,1,-1,-1,-1,1,-1,1,1,-1,1,-1,1,-1,-1,-1,-1,-1,-1,1,-1,-1,-1,-1,-1,-1,1,-1,1,1,1,1,-1,1,-1,1,1,-1,-1,-1,1,-1,-1,1,-1,1,-1,-1,1,1,1,1,-1,-1,1,1,1,1,-1,1,-1,-1,1,1,1,-1,-1,-1,1,1,1,1,-1,-1,-1,1,-1,1,-1,1,1,-1,-1,1,1,1,-1,-1,-1,-1,1,1,1,1,-1,-1,-1,1,1,1,1,-1,-1,-1,1,-1,1,-1,-1,-1,1,1,1,1,1,-1,-1,-1,1,1,1,1,-1,-1,-1,1,1,-1,1,-1,-1,-1,1,1,1,1,-1,-1,1,1,1,1,-1,-1,1,1,-1,1,1,-1,-1,-1,1,1,1,1,1,-1,1,1,1,1,1,-1,-1,-1,1,-1,1,-1,-1,-1,-1,1,-1,1,1,-1,-1,-1,1,-1,1,1,-1,-1,-1,1,1,1,1,-1,-1,-1,1,-1,1,1,-1,-1,-1,1,1,-1,-1,-1,-1,-1,1,-1,1,-1,-1,-1,-1,-1,-1,-1,1,-1,-1,-1,1,-1,-1,1,-1,-1,-1,-1,-1,1,1,-1,-1,-1,-1,-1,1,-1,-1,-1,1,-1,-1,1,-1,1,-1,-1,-1,-1,-1,-1,-1,1,-1,-1,-1,1,1,-1,-1,-1,1,-1,-1,-1,-1,-1,1,-1,-1,1,1,1,-1,-1,-1,-1,1,-1,1,1,-1,1,-1,-1,1,1,-1,-1,-1,-1,-1,-1,1,1,-1,-1,1,-1,1,1,-1,-1,-1,1,-1,1,1,-1,-1,1,-1,-1,1,1,1,-1,1,-1,1,1,1,-1,-1,1,-1,-1,1,1,1,-1,1,-1,-1,1,1,-1,1,1,-1,-1,1,1,1,1,1,-1,-1,1,-1,1,1,1,-1,-1,1,1,1,1,1,1,-1,1,1,1,-1,1,-1,-1,1,-1,1,1,1,1,-1,-1,1,-1,1,1,1,-1,1,1,1,1,-1,1,-1,1,1,1,1,1,1,-1,1,-1,1,1,1,-1,1,1,1,1,1,1,1,1,-1,1,1,1,-1,1,-1,1,1,1,-1,1,1,1,1,-1,1,1,1,-1,1,1,1,1,1,-1,-1,1,-1,1,-1,1,-1,1,-1,1,-1,1,1,-1,-1,1,1,-1,1,-1,1,-1,1,-1,-1,-1,1,1,-1,1,-1,1,1,1,-1,-1,-1,-1,1,1,-1,-1,1,1,1,1,1,-1,-1,1,1,1,-1,-1,1,-1,1,-1,1,1,-1,1,-1,1,-1,-1,-1,-1,-1,-1,1,-1,1,1,1,-1,1,1,-1,-1,1,-1,-1,-1,1,-1,1,1,1,1,-1,1,-1,1,1,1,-1,-1,1,-1,-1,1,1,-1,-1,1,-1,1,-1,-1,-1,-1,1,-1,-1,1,1,-1,-1,-1,1,-1,1,-1,1,-1,1,-1,-1,1,-2670.0,1,2000,445,0,False
820,1,1,-1,-1,1,1,-1,-1,1,1,1,-1,-1,1,1,1,-1,1,-1,-1,1,-1,1,1,1,-1,-1,-1,1,1,1,1,-1,-1,-1,-1,1,-1,1,1,-1,-1,-1,1,1,1,1,-1,1,1,1,1,-1,1,-1,-1,1,-1,1,1,1,-1,-1,-1,1,1,1,1,-1,-1,-1,1,1,1,1,-1,-1,-1,1,1,1,-1,-1,-1,1,1,1,1,-1,-1,-1,1,1,1,1,-1,-1,1,1,-1,1,1,-1,-1,1,1,1,1,1,-1,-1,1,1,1,1,1,-1,-1,1,1,1,1,1,1,-1,1,1,1,-1,1,1,-1,1,1,1,1,1,1,-1,-1,1,1,1,1,1,-1,1,1,1,1,1,1,-1,-1,-1,1,1,1,1,-1,1,1,1,1,-1,1,-1,1,-1,1,1,1,-1,-1,1,1,1,1,1,-1,1,-1,-1,1,-1,1,-1,1,1,1,1,1,1,1,1,1,-1,1,-1,1,-1,1,1,-1,1,-1,1,1,-1,1,-1,1,-1,1,-1,1,1,-1,-1,-1,1,1,1,1,-1,-1,1,1,-1,-1,1,-1,1,-1,-1,1,-1,1,-1,1,-1,1,-1,1,1,-1,-1,-1,1,1,-1,1,-1,1,1,1,-1,1,1,-1,-1,-1,1,-1,1,-1,1,-1,1,1,-1,1,-1,-1,-1,1,1,-1,1,-1,-1,-1,1,1,-1,-1,1,1,-1,-1,1,1,-1,1,1,-1,1,1,1,1,-1,1,-1,1,1,-1,1,-1,1,1,-1,1,1,1,1,1,-1,-1,1,-1,-1,-1,1,1,-1,1,1,1,-1,1,-1,-1,1,1,1,1,1,-1,1,1,1,-1,-1,1,-1,1,1,1,-1,1,1,-1,-1,1,1,1,-1,1,-1,1,1,1,-1,1,1,-1,1,1,1,-1,1,-1,-1,1,1,1,-1,1,-1,-1,-1,1,1,-1,1,-1,-1,1,-1,1,-1,1,1,-1,-1,1,1,1,-1,1,-1,-1,1,1,-1,1,-1,-1,-1,-1,-1,-1,1,1,-1,-1,1,1,-1,1,-1,1,-1,1,1,1,1,-1,-1,1,1,1,-1,1,-1,-1,-1,-1,1,1,1,1,-1,-1,1,-1,1,1,-1,-1,1,-1,-1,1,-1,1,-1,-1,1,-1,1,1,-1,-1,1,1,-1,1,-1,1,-1,-1,1,-1,1,1,-1,-1,-1,1,-1,-1,1,1,-1,-1,1,-1,1,1,-1,1,-1,1,-1,-1,1,1,-1,-1,1,-1,1,1,-1,-1,1,1,-1,1,-1,1,-1,1,-1,1,1,-1,1,-1,1,-1,-1,1,-1,-1,-1,1,-1,-1,1,1,1,-1,1,-1,-1,1,-1,-1,1,-1,1,-1,1,1,1,-1,1,1,-1,1,-1,1,-1,1,-1,-1,1,-1,1,1,1,1,-1,-1,1,1,-1,1,1,-1,1,1,1,1,-1,1,1,-1,1,1,1,1,1,1,1,-1,-1,-1,1,-1,-1,1,-1,1,-1,1,-1,1,-1,-1,-1,1,1,-1,1,1,-1,-1,-1,1,-1,1,1,-1,1,-1,1,-1,-1,-1,-1,-1,-1,1,-1,-1,-1,-1,-1,-1,1,-1,1,1,1,1,-1,1,-1,1,1,-1,-1,-1,1,-1,-1,1,-1,1,-1,-1,1,1,1,1,-1,-1,1,1,1,1,-1,1,-1,-1,1,1,1,-1,-1,-1,1,1,1,1,-1,-1,-1,1,-1,1,-1,1,-1,-1,-1,1,1,1,-1,-1,-1,1,1,1,1,1,-1,-1,-1,1,1,1,1,-1,-1,-1,1,-1,1,-1,-1,-1,-1,1,1,1,1,-1,-1,1,1,1,1,1,-1,-1,-1,1,1,-1,1,-1,-1,-1,1,1,1,1,-1,-1,1,1,1,1,-1,-1,1,1,-1,1,1,-1,-1,-1,1,1,1,1,1,-1,1,1,1,1,1,-1,-1,-1,1,-1,1,-1,-1,-1,-1,1,-1,1,1,-1,-1,-1,1,-1,1,1,-1,1,-1,1,1,1,1,-1,1,-1,1,-1,1,1,-1,-1,-1,1,1,-1,-1,-1,-1,-1,1,-1,1,-1,-1,-1,-1,-1,-1,-1,1,-1,-1,-1,1,-1,-1,1,-1,-1,-1,-1,-1,-1,1,-1,-1,-1,-1,-1,1,-1,-1,-1,1,-1,-1,1,-1,1,-1,-1,-1,-1,-1,-1,-1,1,-1,-1,-1,1,1,1,-1,-1,1,-1,-1,-1,-1,-1,1,-1,-1,1,1,1,-1,-1,-1,-1,1,-1,1,1,-1,1,-1,-1,1,1,-1,-1,-1,-1,-1,-1,1,1,-1,-1,1,-1,1,1,-1,-1,-1,1,-1,1,1,-1,-1,1,-1,-1,1,1,1,-1,1,-1,1,1,1,-1,-1,1,-1,-1,1,-1,1,-1,1,-1,-1,1,1,-1,1,1,-1,-1,1,1,1,1,1,-1,-1,1,1,-1,1,1,-1,-1,1,1,1,1,1,1,-1,1,1,1,-1,1,-1,-1,1,-1,1,1,1,1,-1,-1,1,-1,1,1,1,-1,1,-1,1,1,-1,1,-1,1,1,1,1,1,1,1,-1,-1,1,1,1,-1,1,-1,1,1,1,1,1,-1,1,-1,1,1,-1,1,1,-1,1,1,-1,1,1,-1,-1,1,1,1,1,-1,1,-1,-1,1,1,-1,-1,1,-1,1,1,1,-1,1,-1,-1,-1,1,1,-1,-1,1,-1,-1,1,1,1,-1,1,-1,-1,1,1,1,-1,-1,-1,-1,1,1,-1,-1,-1,1,-1,1,1,-1,1,1,-1,1,1,-1,-1,1,1,-1,-1,1,1,-1,1,1,-1,1,1,-1,-1,1,-1,1,-1,-1,-1,-1,1,-1,-1,1,1,-1,1,1,-1,1,1,1,1,-1,1,-1,1,1,1,1,-1,1,-1,-1,1,1,1,-1,1,-1,1,1,1,1,-1,1,-1,1,1,-1,-1,-1,1,-1,-1,1,1,-1,-1,-1,1,-1,1,-1,1,-1,1,-1,-1,1,-2670.0,1,2000,445,0,False
821,1,1,-1,-1,1,-1,-1,-1,1,1,1,-1,1,1,1,1,-1,1,-1,-1,-1,-1,1,1,1,-1,-1,-1,1,1,1,1,-1,-1,-1,-1,1,-1,1,-1,-1,-1,-1,1,1,1,1,-1,1,1,1,1,-1,1,-1,-1,1,-1,1,1,1,-1,-1,-1,1,1,1,1,-1,-1,-1,1,1,1,1,-1,-1,-1,1,1,1,-1,-1,-1,1,1,1,1,-1,1,-1,1,1,1,1,-1,-1,1,1,-1,1,1,-1,-1,1,1,1,1,1,-1,-1,1,1,-1,1,1,-1,-1,1,1,1,1,1,1,-1,1,1,1,-1,1,1,-1,1,1,1,1,1,1,-1,-1,1,1,1,1,1,-1,1,1,1,1,1,1,-1,-1,-1,1,1,1,1,-1,1,1,1,1,-1,1,-1,1,-1,1,1,1,-1,-1,1,1,1,1,1,-1,1,-1,-1,1,-1,1,-1,1,1,1,1,1,1,1,1,1,-1,1,-1,1,-1,1,1,-1,1,-1,1,1,-1,1,-1,1,-1,1,-1,1,1,-1,1,-1,1,1,1,1,-1,-1,1,1,-1,-1,1,-1,1,-1,-1,1,-1,1,-1,1,-1,1,-1,-1,1,-1,-1,-1,1,1,-1,1,-1,1,1,1,-1,1,1,-1,1,-1,1,-1,1,-1,1,-1,1,1,-1,1,-1,-1,-1,1,1,-1,1,-1,-1,-1,1,1,-1,-1,1,1,-1,-1,1,1,-1,1,1,-1,1,1,1,1,-1,1,-1,1,1,-1,1,-1,1,1,-1,1,1,1,1,1,-1,-1,1,-1,-1,-1,1,1,-1,1,1,1,-1,1,-1,-1,1,1,1,-1,1,-1,1,1,1,-1,1,1,-1,1,1,1,-1,1,1,-1,-1,1,1,1,-1,1,-1,1,1,1,-1,1,1,-1,1,1,1,-1,1,-1,-1,1,1,1,-1,1,-1,-1,-1,1,1,-1,1,-1,-1,1,-1,1,-1,1,1,-1,-1,1,1,1,1,1,-1,-1,1,1,-1,1,-1,-1,-1,-1,-1,-1,1,1,-1,-1,1,1,-1,1,-1,-1,-1,1,1,1,1,-1,-1,1,1,1,-1,1,-1,-1,-1,-1,1,1,1,1,-1,-1,1,1,1,1,-1,-1,1,-1,-1,1,-1,1,-1,-1,1,-1,1,1,-1,-1,1,1,-1,1,-1,1,-1,-1,1,-1,1,1,-1,-1,-1,1,-1,-1,1,1,-1,-1,1,-1,1,1,-1,1,-1,1,-1,-1,1,1,-1,-1,1,-1,1,1,-1,-1,1,1,-1,1,-1,1,-1,1,-1,-1,1,-1,1,-1,1,-1,-1,1,-1,-1,-1,1,-1,-1,1,-1,1,-1,1,-1,-1,1,-1,-1,1,-1,1,-1,1,1,1,-1,1,1,-1,-1,1,1,-1,1,-1,-1,1,1,1,1,1,1,-1,-1,1,1,-1,1,1,1,-1,1,1,1,-1,1,1,-1,1,1,1,1,1,-1,1,-1,-1,-1,1,-1,-1,1,-1,1,-1,1,-1,1,-1,-1,-1,1,1,-1,1,1,-1,-1,-1,1,-1,1,1,-1,1,-1,1,-1,-1,-1,-1,-1,-1,1,-1,-1,-1,-1,-1,-1,1,-1,1,1,1,1,-1,1,-1,1,1,-1,-1,-1,1,-1,-1,1,-1,1,-1,-1,1,1,1,1,-1,-1,1,1,1,1,-1,1,-1,-1,1,1,1,-1,-1,-1,1,1,1,1,-1,1,-1,1,-1,1,-1,1,1,-1,-1,1,1,1,-1,-1,-1,-1,1,1,1,1,-1,-1,-1,1,1,1,1,-1,-1,-1,1,1,1,-1,-1,-1,1,1,1,1,1,-1,-1,-1,1,1,1,1,-1,-1,-1,1,1,-1,1,-1,-1,-1,1,1,1,1,-1,-1,1,1,1,1,-1,-1,1,1,-1,1,1,-1,-1,-1,1,1,1,1,1,-1,1,1,1,1,1,-1,-1,-1,1,-1,1,-1,-1,-1,-1,1,-1,1,1,-1,-1,-1,1,-1,1,1,-1,1,-1,1,1,1,1,-1,1,-1,1,-1,1,1,-1,-1,-1,1,1,-1,-1,-1,-1,-1,1,-1,1,-1,-1,-1,-1,-1,-1,-1,1,-1,-1,-1,1,-1,-1,1,-1,-1,-1,-1,-1,1,1,-1,-1,-1,-1,-1,1,-1,-1,-1,1,-1,-1,1,-1,1,-1,-1,-1,-1,-1,-1,-1,1,-1,-1,-1,1,1,1,-1,-1,1,1,-1,-1,-1,-1,1,-1,-1,1,1,1,-1,-1,-1,-1,1,-1,1,1,-1,1,-1,-1,1,1,-1,-1,-1,-1,-1,-1,1,1,-1,-1,1,-1,1,1,1,-1,-1,1,-1,1,1,-1,-1,1,-1,-1,1,1,1,-1,1,-1,1,1,1,-1,-1,1,-1,-1,1,1,1,-1,1,-1,-1,1,1,-1,1,1,-1,-1,1,1,1,1,1,-1,-1,1,1,-1,1,1,-1,-1,1,1,1,1,-1,1,-1,-1,1,1,-1,1,-1,-1,1,-1,1,1,1,1,-1,-1,1,-1,1,1,1,-1,1,1,1,1,-1,1,-1,1,1,1,1,1,1,1,-1,1,1,1,1,-1,1,-1,1,1,1,1,1,-1,1,1,1,1,-1,1,1,-1,1,1,-1,1,1,-1,-1,1,1,1,1,-1,1,-1,1,1,1,-1,-1,1,-1,1,1,1,-1,1,-1,-1,-1,1,1,-1,-1,1,-1,-1,1,1,1,-1,1,-1,-1,1,1,1,-1,1,-1,-1,1,1,-1,-1,1,1,-1,-1,1,-1,1,1,-1,1,1,-1,-1,1,-1,-1,-1,-1,1,-1,1,1,-1,1,1,-1,-1,-1,-1,1,-1,-1,-1,-1,1,-1,-1,1,1,-1,1,1,-1,1,1,1,1,-1,1,-1,1,1,1,1,-1,1,-1,-1,-1,1,1,-1,1,-1,1,1,1,1,-1,1,-1,1,1,1,-1,-1,1,-1,-1,1,1,-1,-1,-1,1,-1,1,-1,1,-1,1,-1,-1,1,-2670.0,1,2000,445,1500,False
822,-1,-1,1,1,1,1,-1,1,-1,-1,-1,1,-1,1,-1,-1,1,-1,1,1,1,-1,-1,-1,-1,1,-1,-1,-1,-1,-1,-1,1,1,-1,-1,1,-1,-1,-1,1,-1,-1,-1,-1,-1,-1,-1,1,1,-1,-1,1,-1,1,-1,-1,1,-1,-1,-1,1,1,1,-1,-1,-1,-1,-1,-1,-1,1,-1,-1,-1,-1,-1,-1,1,-1,-1,1,1,-1,1,-1,-1,-1,-1,1,-1,-1,1,1,-1,-1,-1,1,1,1,-1,1,-1,-1,1,1,1,-1,-1,-1,-1,1,1,1,-1,1,-1,-1,1,1,1,-1,-1,-1,-1,1,1,1,-1,1,-1,-1,1,1,1,-1,-1,-1,-1,-1,1,1,-1,1,1,-1,1,1,1,1,1,-1,-1,-1,-1,1,1,1,-1,-1,1,1,1,1,-1,1,-1,1,-1,1,1,1,-1,-1,1,1,1,-1,1,-1,1,-1,-1,1,1,1,-1,1,1,1,1,-1,1,-1,1,1,1,1,-1,1,-1,1,1,-1,1,-1,1,-1,-1,1,-1,1,-1,1,-1,1,1,-1,-1,-1,1,-1,-1,1,-1,-1,1,1,-1,-1,1,-1,1,1,-1,1,-1,1,-1,1,-1,1,-1,1,1,-1,-1,1,1,-1,-1,1,-1,1,1,1,-1,1,1,-1,1,-1,1,-1,1,-1,1,-1,1,1,-1,1,-1,-1,-1,1,1,-1,1,-1,-1,-1,-1,1,1,-1,1,1,-1,-1,1,-1,-1,1,1,-1,1,1,1,-1,-1,1,-1,1,1,-1,1,-1,1,1,-1,1,-1,-1,-1,1,-1,-1,1,-1,1,-1,1,1,-1,1,1,1,-1,1,-1,-1,1,1,-1,-1,1,-1,-1,1,-1,1,-1,1,-1,-1,1,1,-1,1,1,-1,1,-1,1,-1,-1,1,-1,1,1,1,1,1,1,-1,1,1,1,1,1,-1,-1,1,1,1,1,1,-1,-1,1,-1,1,1,1,-1,-1,1,-1,1,-1,1,1,-1,1,-1,1,1,1,1,-1,-1,1,1,1,-1,-1,-1,1,1,-1,-1,1,1,-1,1,-1,1,-1,1,-1,1,1,-1,1,1,1,-1,1,1,-1,1,-1,1,-1,-1,1,-1,1,1,1,1,-1,1,1,-1,1,1,-1,-1,1,-1,-1,1,-1,1,-1,-1,1,-1,1,1,-1,-1,-1,1,-1,1,-1,1,-1,-1,1,-1,1,-1,1,-1,-1,1,-1,-1,1,1,-1,-1,1,-1,1,1,-1,1,-1,1,-1,1,-1,1,-1,-1,-1,-1,-1,-1,-1,-1,-1,1,-1,1,-1,1,-1,-1,-1,1,1,-1,1,-1,-1,-1,-1,1,-1,-1,-1,-1,-1,1,-1,1,1,-1,-1,-1,-1,1,-1,-1,1,-1,-1,-1,-1,-1,1,-1,-1,-1,-1,-1,-1,1,-1,1,-1,-1,1,-1,1,1,1,-1,-1,-1,1,1,-1,1,-1,-1,-1,1,1,1,-1,1,1,-1,1,1,1,1,1,-1,1,-1,-1,-1,1,-1,-1,-1,-1,1,-1,1,-1,1,-1,-1,-1,1,1,-1,1,1,-1,1,-1,1,-1,1,-1,-1,1,-1,1,-1,-1,-1,-1,1,-1,1,-1,-1,-1,-1,1,-1,1,-1,1,1,1,1,-1,1,-1,1,1,-1,1,-1,1,-1,-1,1,-1,1,-1,-1,1,1,1,1,1,-1,1,1,1,1,-1,1,-1,-1,1,1,1,-1,-1,-1,1,1,1,1,-1,-1,-1,1,-1,1,-1,1,1,-1,-1,1,1,1,-1,-1,-1,-1,1,1,1,1,1,-1,-1,1,1,1,1,-1,-1,-1,1,-1,1,-1,1,-1,-1,1,1,1,1,1,-1,-1,1,-1,1,1,1,-1,-1,1,1,-1,1,1,-1,-1,1,1,1,1,1,-1,1,-1,1,-1,1,1,1,1,-1,1,1,1,1,-1,1,1,-1,1,-1,1,1,1,1,-1,1,-1,1,-1,1,-1,-1,1,-1,1,1,-1,1,-1,1,1,1,1,-1,1,-1,1,1,1,1,1,1,-1,1,-1,1,1,-1,-1,-1,1,1,1,1,1,1,-1,1,1,1,1,1,-1,1,-1,1,1,1,-1,-1,-1,-1,1,1,-1,1,-1,1,-1,1,1,1,-1,-1,-1,-1,1,1,-1,-1,-1,-1,1,-1,1,-1,-1,-1,1,-1,1,1,-1,-1,-1,1,-1,1,1,-1,-1,-1,1,1,1,1,-1,1,-1,1,-1,1,1,1,-1,-1,1,1,1,1,1,-1,-1,1,-1,1,1,-1,1,-1,-1,1,1,1,1,-1,-1,-1,-1,1,-1,1,-1,1,-1,1,1,1,1,1,-1,-1,1,1,1,1,-1,1,-1,1,1,-1,1,-1,-1,1,1,1,1,-1,1,-1,-1,1,1,1,1,1,-1,-1,1,1,1,-1,1,1,-1,1,1,1,1,1,1,-1,1,1,1,1,1,1,-1,1,1,-1,1,1,-1,-1,1,1,-1,1,1,1,-1,1,-1,-1,1,1,1,-1,-1,1,-1,1,1,1,-1,1,1,-1,1,1,1,-1,1,1,-1,1,1,1,-1,-1,1,1,1,1,-1,1,-1,1,1,1,1,-1,1,-1,1,1,1,-1,-1,1,-1,1,1,-1,1,-1,-1,-1,1,-1,1,-1,1,-1,-1,1,-1,1,-1,-1,-1,1,1,-1,1,-1,-1,-1,-1,-1,1,1,-1,1,-1,-1,-1,-1,1,-1,1,-1,-1,1,-1,1,1,1,1,-1,-1,1,1,-1,-1,1,1,1,1,1,-1,1,-1,-1,1,1,-1,-1,1,-1,-1,-1,-1,1,-1,1,-1,1,1,1,-1,-1,1,-1,-1,-1,-1,-1,-1,1,-1,1,1,1,-1,1,1,-1,1,1,1,1,-1,1,-1,1,1,1,1,-1,1,-1,1,1,1,1,-1,1,-1,1,1,1,1,-1,1,-1,1,1,-1,-1,-1,1,-1,-1,1,1,-1,-1,-1,1,-1,1,-1,1,-1,1,-1,-1,1,-2670.0,1,2000,445,1500,True
823,-1,-1,1,1,1,1,-1,1,-1,-1,-1,1,-1,1,-1,-1,1,-1,1,1,-1,1,-1,-1,-1,1,-1,-1,1,-1,-1,-1,1,1,-1,-1,1,-1,-1,-1,1,-1,-1,-1,-1,-1,1,1,-1,1,-1,-1,-1,1,1,-1,1,-1,-1,-1,1,1,1,1,-1,-1,-1,1,1,-1,1,-1,-1,-1,1,-1,-1,-1,1,-1,-1,1,1,-1,1,-1,-1,1,1,1,-1,1,-1,-1,1,1,-1,1,1,1,-1,1,1,-1,1,1,-1,-1,1,1,-1,1,1,-1,-1,1,1,-1,1,1,-1,-1,1,1,-1,1,1,-1,1,1,1,-1,1,1,-1,1,1,1,-1,-1,1,-1,1,1,1,-1,1,1,1,-1,1,1,-1,-1,-1,1,-1,1,1,-1,1,1,1,1,1,1,-1,1,1,-1,1,1,1,-1,1,1,-1,-1,1,1,1,-1,-1,1,1,1,-1,1,1,1,1,1,1,1,1,1,-1,1,1,1,-1,1,1,-1,1,1,1,1,-1,1,-1,-1,1,1,-1,1,1,-1,1,1,1,1,1,1,-1,-1,1,1,-1,-1,1,-1,1,1,-1,1,1,1,-1,1,1,1,-1,1,1,-1,-1,1,-1,1,-1,1,-1,1,1,1,-1,1,1,-1,1,-1,1,-1,1,-1,1,-1,-1,1,-1,1,-1,-1,1,1,1,-1,1,-1,-1,-1,1,1,-1,-1,1,1,-1,1,1,1,-1,1,1,-1,-1,-1,1,-1,-1,1,-1,-1,-1,-1,1,-1,1,-1,-1,-1,1,-1,-1,1,-1,-1,-1,-1,1,-1,1,1,-1,-1,1,1,-1,1,1,1,-1,1,-1,-1,1,-1,-1,1,1,1,-1,1,-1,-1,1,1,-1,1,1,-1,1,-1,1,-1,1,1,-1,1,1,1,1,1,1,-1,-1,1,1,1,1,1,-1,-1,1,1,1,1,1,-1,1,-1,1,1,1,1,-1,1,-1,1,-1,1,-1,1,1,-1,1,1,1,-1,1,-1,1,1,1,-1,1,1,1,1,-1,-1,1,1,1,1,-1,1,-1,1,1,1,1,-1,1,1,1,1,-1,1,-1,1,-1,1,1,1,1,-1,1,1,1,-1,1,1,1,-1,1,1,1,1,1,-1,-1,1,-1,1,1,-1,1,-1,1,1,1,1,1,1,-1,1,-1,-1,1,-1,1,-1,1,-1,1,1,-1,1,-1,-1,1,-1,1,-1,1,-1,1,1,1,1,-1,1,-1,1,-1,-1,1,-1,-1,-1,-1,-1,1,1,-1,1,-1,1,-1,1,1,-1,-1,1,1,1,1,-1,-1,-1,-1,1,-1,1,1,-1,-1,1,-1,1,-1,1,1,-1,-1,1,-1,1,-1,-1,-1,-1,-1,-1,-1,-1,1,-1,-1,-1,-1,1,-1,1,-1,-1,1,-1,-1,1,1,-1,-1,-1,1,-1,1,1,-1,1,-1,1,-1,-1,1,1,1,-1,1,-1,1,-1,1,1,1,-1,-1,-1,1,-1,1,1,1,-1,1,1,-1,-1,1,1,-1,1,1,-1,-1,-1,1,-1,1,1,-1,-1,1,1,-1,-1,1,-1,-1,1,1,1,-1,1,-1,-1,1,1,-1,-1,1,-1,-1,-1,1,1,-1,1,1,-1,-1,1,1,-1,1,-1,1,1,-1,1,-1,-1,1,-1,-1,-1,1,1,-1,1,1,-1,1,1,-1,1,1,-1,1,-1,-1,-1,1,1,-1,-1,-1,1,-1,1,1,-1,-1,1,1,-1,-1,1,1,-1,-1,1,-1,-1,1,-1,-1,1,1,1,-1,1,1,-1,-1,1,1,-1,1,-1,-1,1,1,1,-1,1,1,-1,-1,1,1,-1,1,1,-1,1,1,1,-1,1,1,-1,1,1,1,1,1,1,-1,1,1,1,-1,1,1,1,-1,1,-1,-1,1,1,1,-1,1,-1,-1,1,-1,1,1,1,-1,-1,1,-1,1,1,1,1,-1,1,-1,1,-1,1,-1,-1,1,-1,1,-1,1,-1,-1,1,-1,1,1,1,1,-1,1,-1,1,-1,1,1,-1,1,1,1,1,1,-1,1,1,-1,1,1,1,1,-1,1,-1,-1,-1,1,1,-1,1,1,-1,1,1,-1,1,1,1,-1,1,1,1,-1,1,-1,-1,1,1,-1,1,1,-1,1,-1,1,-1,-1,1,1,-1,1,1,-1,-1,1,1,-1,1,1,-1,-1,-1,1,1,1,1,-1,1,1,1,-1,1,1,-1,-1,1,-1,1,1,-1,-1,-1,-1,1,-1,1,1,-1,1,-1,-1,1,1,1,-1,-1,-1,-1,-1,1,-1,-1,-1,1,-1,1,1,-1,-1,-1,1,-1,1,1,1,-1,1,-1,-1,1,1,1,-1,1,-1,1,1,1,-1,-1,1,-1,-1,1,1,-1,-1,1,-1,-1,1,1,-1,1,1,-1,-1,1,1,-1,-1,1,-1,-1,1,1,-1,-1,1,-1,-1,1,1,-1,-1,-1,1,-1,1,1,-1,-1,1,-1,-1,1,-1,-1,-1,1,1,-1,-1,1,-1,1,-1,1,-1,1,1,-1,1,-1,1,-1,1,1,-1,1,1,1,-1,-1,1,-1,1,1,-1,1,-1,1,-1,1,1,-1,1,-1,1,1,1,-1,-1,1,-1,1,1,-1,1,-1,-1,-1,1,-1,1,-1,1,-1,-1,1,-1,1,-1,-1,-1,-1,1,-1,1,-1,-1,-1,-1,-1,1,1,-1,1,-1,-1,-1,-1,1,-1,1,-1,-1,1,-1,1,1,1,1,-1,-1,1,1,-1,-1,1,1,1,1,1,-1,1,-1,-1,1,1,-1,-1,1,-1,-1,-1,-1,1,-1,1,1,1,1,1,-1,-1,-1,-1,-1,-1,-1,-1,-1,1,-1,1,1,1,-1,1,1,-1,1,1,1,1,-1,1,-1,1,1,1,1,-1,1,-1,1,1,1,1,-1,1,-1,1,1,1,1,-1,1,-1,1,1,1,-1,-1,1,-1,-1,1,1,-1,-1,-1,1,-1,1,1,1,-1,1,-1,-1,1,-2670.0,1,2000,445,1500,True
824,-1,-1,1,1,1,1,-1,1,-1,-1,-1,1,-1,1,-1,-1,1,-1,1,1,-1,1,-1,-1,-1,1,-1,-1,1,-1,-1,-1,1,1,-1,-1,1,-1,-1,-1,1,-1,-1,-1,-1,-1,1,-1,1,1,-1,-1,1,-1,1,-1,1,-1,-1,-1,-1,1,1,1,-1,1,-1,-1,-1,-1,1,-1,-1,-1,1,-1,-1,-1,1,-1,-1,-1,-1,-1,1,-1,-1,1,-1,1,-1,1,-1,1,1,-1,-1,1,1,1,1,1,-1,-1,1,1,-1,1,1,-1,-1,1,1,-1,1,1,-1,-1,1,1,-1,1,1,1,-1,1,1,-1,1,1,1,-1,1,1,-1,1,1,1,-1,-1,1,-1,1,1,1,-1,1,1,1,-1,1,1,-1,-1,-1,1,-1,1,1,-1,1,-1,1,1,1,1,-1,1,1,-1,1,1,-1,-1,1,1,-1,1,1,-1,1,-1,-1,1,1,1,-1,1,1,1,1,1,1,-1,1,1,-1,1,1,1,1,-1,1,-1,1,1,1,-1,-1,1,1,-1,1,1,-1,1,1,-1,1,1,1,1,1,1,-1,-1,1,1,-1,-1,1,-1,1,1,-1,1,-1,1,-1,1,1,1,-1,1,1,-1,-1,1,-1,-1,1,1,-1,1,1,1,1,1,1,-1,1,1,-1,1,1,-1,1,-1,-1,-1,1,1,-1,-1,1,1,1,1,1,-1,1,-1,1,1,-1,1,1,1,-1,1,1,1,1,1,1,-1,-1,-1,1,1,-1,1,-1,-1,-1,1,1,-1,1,1,-1,-1,1,1,1,1,-1,-1,-1,-1,1,-1,1,1,-1,-1,1,1,-1,1,-1,-1,-1,1,1,-1,1,-1,-1,1,1,1,-1,1,-1,-1,1,1,-1,1,1,-1,1,-1,1,-1,1,1,-1,1,1,1,1,1,1,-1,-1,1,1,1,1,-1,-1,-1,1,1,1,1,-1,-1,1,-1,1,1,1,-1,-1,1,-1,1,-1,1,1,-1,1,-1,1,1,1,1,-1,-1,1,1,1,-1,-1,-1,1,1,-1,-1,1,1,-1,1,-1,1,-1,1,-1,1,1,-1,1,1,1,-1,1,1,-1,1,-1,1,-1,-1,1,-1,1,1,1,1,-1,1,1,-1,1,1,-1,-1,1,-1,-1,1,-1,1,-1,-1,1,-1,-1,1,-1,-1,-1,1,-1,1,-1,1,-1,1,1,-1,1,-1,-1,-1,-1,1,-1,-1,1,1,-1,-1,1,-1,1,1,-1,1,-1,1,-1,1,-1,1,-1,-1,-1,-1,1,-1,-1,1,-1,1,-1,1,-1,1,-1,-1,-1,1,1,1,1,-1,-1,-1,-1,1,-1,-1,1,-1,-1,1,-1,-1,1,1,1,-1,-1,1,-1,-1,1,-1,-1,-1,1,-1,1,-1,1,-1,-1,-1,-1,1,-1,1,-1,-1,1,-1,1,1,1,-1,-1,-1,1,1,-1,1,-1,1,-1,1,1,1,-1,1,1,-1,1,1,1,1,1,1,1,-1,-1,1,-1,1,-1,1,-1,-1,1,1,-1,1,-1,-1,-1,1,1,-1,1,1,-1,-1,-1,1,-1,1,1,-1,-1,-1,1,-1,-1,-1,-1,1,-1,1,-1,-1,-1,-1,-1,-1,1,-1,1,1,1,1,-1,1,-1,1,1,-1,1,-1,1,-1,-1,1,-1,1,-1,-1,1,1,1,1,1,1,-1,1,1,1,-1,1,-1,1,1,1,1,-1,-1,-1,1,1,1,1,-1,1,-1,1,-1,1,-1,1,1,-1,-1,1,1,-1,-1,1,-1,-1,1,1,-1,1,1,1,-1,1,1,1,1,1,1,-1,1,-1,1,-1,1,1,-1,1,1,1,1,1,1,-1,1,-1,1,-1,1,1,-1,1,1,-1,1,1,1,1,1,1,1,1,1,1,-1,1,1,-1,-1,1,-1,-1,1,1,1,-1,1,-1,-1,1,-1,-1,1,1,-1,-1,1,-1,1,-1,-1,1,-1,1,-1,1,-1,1,-1,-1,1,-1,1,-1,1,-1,-1,1,-1,1,-1,1,-1,-1,1,-1,1,-1,1,-1,-1,1,1,1,1,1,-1,1,1,-1,1,1,1,1,-1,1,-1,1,-1,1,-1,-1,1,1,-1,1,1,-1,1,1,1,-1,1,1,1,-1,1,-1,-1,1,1,-1,1,1,-1,1,-1,-1,1,-1,1,1,-1,1,1,-1,-1,1,1,-1,1,1,-1,-1,-1,1,1,1,1,-1,1,1,1,-1,1,1,-1,-1,1,-1,1,1,1,-1,-1,-1,1,-1,1,1,-1,1,-1,-1,1,1,1,-1,-1,-1,-1,-1,1,-1,-1,-1,1,-1,1,1,1,-1,-1,1,-1,1,1,1,-1,1,1,-1,1,1,1,-1,1,-1,1,1,1,-1,-1,1,-1,-1,1,1,1,1,-1,-1,-1,1,1,1,-1,1,-1,-1,1,1,1,1,-1,-1,-1,1,1,-1,1,1,-1,-1,1,1,-1,1,1,-1,-1,1,1,1,1,-1,-1,-1,1,-1,-1,1,1,-1,-1,-1,1,-1,1,1,-1,-1,1,1,-1,1,1,-1,-1,1,1,-1,1,1,-1,-1,-1,-1,1,1,1,-1,1,-1,1,1,1,-1,-1,1,-1,1,1,1,-1,-1,1,-1,1,1,-1,1,-1,-1,-1,1,-1,1,1,-1,-1,-1,1,-1,1,-1,-1,-1,-1,1,-1,1,-1,1,-1,-1,-1,1,1,-1,1,-1,-1,-1,-1,1,1,-1,1,-1,1,-1,1,1,-1,1,-1,-1,1,1,-1,-1,1,1,1,1,1,-1,1,-1,-1,1,1,-1,-1,1,-1,-1,-1,-1,1,-1,1,1,1,1,1,-1,-1,-1,-1,-1,-1,-1,-1,-1,1,-1,1,1,1,-1,1,1,-1,1,1,1,1,-1,1,-1,1,1,1,1,-1,1,-1,1,1,1,1,-1,1,-1,1,1,1,1,-1,1,-1,1,1,1,-1,-1,1,-1,-1,1,1,-1,-1,-1,1,-1,1,-1,1,-1,1,-1,-1,1,-2670.0,1,2000,445,1500,True
825,1,1,-1,-1,1,1,-1,-1,1,1,1,-1,1,1,1,1,-1,1,-1,-1,-1,-1,1,1,1,-1,1,-1,1,1,1,1,-1,-1,-1,-1,1,1,1,1,-1,-1,-1,1,1,1,1,-1,1,1,1,1,-1,1,-1,-1,1,-1,1,1,1,-1,-1,-1,1,1,1,1,-1,-1,-1,1,1,1,1,-1,-1,-1,1,1,1,-1,-1,-1,1,1,1,1,-1,-1,1,1,1,1,1,-1,-1,-1,1,-1,1,1,-1,-1,1,1,1,1,1,-1,-1,-1,1,1,1,1,-1,-1,1,1,1,1,1,1,-1,-1,1,1,-1,1,1,-1,1,1,1,1,1,1,-1,1,1,1,1,1,1,-1,1,1,1,1,1,1,-1,-1,-1,1,1,1,1,-1,1,1,1,1,-1,1,-1,1,-1,1,1,1,-1,-1,1,1,1,1,1,-1,1,-1,-1,1,-1,1,-1,1,1,1,1,1,1,1,1,1,-1,1,-1,1,-1,1,1,-1,1,-1,1,1,-1,1,-1,1,-1,1,-1,1,1,-1,-1,-1,1,1,1,1,-1,-1,1,1,-1,-1,1,-1,1,-1,1,1,-1,1,-1,1,-1,1,-1,1,1,-1,1,-1,1,1,-1,1,-1,1,1,1,-1,1,1,-1,1,-1,1,-1,1,-1,1,-1,1,1,-1,1,-1,-1,-1,1,1,-1,1,-1,-1,-1,1,1,-1,-1,1,1,-1,-1,1,1,-1,1,1,-1,1,1,1,1,-1,1,-1,1,1,-1,1,-1,1,1,-1,1,1,1,1,1,-1,-1,1,-1,-1,-1,1,1,-1,1,1,1,-1,1,-1,-1,1,1,1,1,1,-1,1,1,1,-1,1,1,-1,1,1,1,-1,1,1,-1,-1,1,1,1,-1,1,-1,1,1,1,-1,1,1,-1,1,1,1,-1,1,-1,-1,1,1,1,-1,1,-1,-1,-1,1,1,-1,1,-1,-1,1,-1,1,-1,1,1,-1,-1,1,1,1,-1,1,-1,-1,1,1,-1,1,-1,1,-1,-1,-1,-1,1,1,-1,-1,1,1,-1,1,1,-1,-1,1,1,1,1,1,-1,1,1,1,-1,1,-1,-1,-1,-1,1,1,-1,1,-1,-1,1,-1,1,-1,-1,-1,-1,-1,-1,1,-1,-1,-1,1,-1,1,1,-1,1,-1,1,1,-1,1,-1,1,-1,-1,1,-1,1,-1,1,1,-1,1,-1,-1,1,1,-1,-1,1,-1,1,1,1,-1,-1,1,-1,1,-1,1,-1,1,1,-1,1,-1,-1,-1,1,1,-1,1,-1,-1,-1,1,-1,1,1,-1,-1,-1,1,-1,-1,1,-1,-1,-1,1,-1,1,-1,-1,1,-1,1,-1,-1,1,-1,-1,-1,1,1,-1,1,-1,1,-1,1,1,-1,1,-1,1,-1,1,-1,-1,1,-1,1,-1,-1,1,-1,-1,1,1,1,-1,1,-1,-1,1,1,1,1,1,1,-1,1,1,-1,-1,1,-1,1,-1,-1,-1,1,-1,-1,-1,-1,1,-1,1,-1,1,-1,-1,-1,1,1,-1,1,1,-1,-1,-1,1,-1,1,-1,-1,1,-1,1,-1,-1,1,1,-1,-1,1,-1,-1,-1,-1,-1,-1,1,-1,1,1,-1,1,-1,1,-1,-1,1,-1,-1,-1,1,-1,-1,-1,1,1,-1,-1,1,1,-1,1,-1,-1,1,1,1,1,1,1,-1,-1,1,1,-1,1,-1,-1,-1,1,1,1,-1,-1,-1,1,-1,1,1,1,-1,-1,-1,1,1,1,1,-1,-1,1,1,1,1,-1,-1,-1,-1,1,1,1,1,-1,-1,-1,1,1,1,1,-1,-1,-1,1,1,1,1,-1,-1,1,1,1,1,1,-1,-1,-1,1,1,-1,1,-1,-1,-1,1,1,1,1,-1,-1,1,1,1,1,1,-1,1,1,-1,1,1,-1,-1,-1,1,1,1,-1,1,-1,1,1,1,1,1,1,-1,-1,1,-1,1,-1,1,-1,-1,1,-1,1,-1,-1,-1,-1,1,-1,1,1,-1,-1,-1,1,1,1,-1,1,-1,-1,1,-1,1,-1,-1,-1,-1,1,1,-1,-1,-1,-1,-1,1,-1,1,-1,-1,-1,-1,-1,-1,-1,1,-1,-1,-1,1,-1,-1,1,-1,-1,-1,-1,-1,1,1,-1,-1,-1,-1,-1,1,-1,-1,-1,1,-1,-1,1,-1,1,-1,-1,-1,-1,-1,-1,-1,1,-1,-1,-1,1,1,-1,-1,-1,-1,1,-1,-1,-1,-1,1,-1,-1,1,-1,1,-1,-1,-1,-1,1,-1,1,1,-1,1,-1,-1,1,1,-1,-1,-1,-1,-1,-1,1,1,-1,-1,1,-1,1,1,-1,-1,-1,1,-1,1,1,-1,-1,1,-1,-1,1,1,1,-1,1,-1,1,1,1,-1,-1,1,-1,-1,1,1,1,-1,1,-1,-1,1,1,-1,1,1,-1,-1,1,1,1,1,1,-1,-1,1,1,-1,1,1,-1,-1,1,1,1,1,1,1,-1,1,1,1,-1,1,-1,-1,1,-1,1,1,1,1,-1,-1,1,-1,1,1,1,-1,1,1,1,1,-1,1,-1,1,1,1,1,1,1,1,-1,-1,1,1,1,-1,1,-1,1,1,1,1,1,-1,1,1,1,1,-1,1,1,-1,1,1,-1,1,1,-1,-1,1,1,1,1,-1,1,-1,1,1,1,-1,-1,1,-1,1,1,1,-1,1,-1,-1,-1,1,1,-1,-1,1,-1,-1,1,1,-1,-1,1,-1,1,-1,1,1,-1,1,-1,-1,1,1,-1,-1,-1,1,1,-1,1,-1,1,1,-1,1,1,-1,-1,1,1,-1,-1,1,1,-1,1,1,1,1,1,-1,-1,-1,-1,1,-1,-1,-1,-1,-1,1,1,1,1,-1,1,1,-1,1,1,1,1,-1,1,-1,1,1,1,-1,-1,1,-1,1,1,1,-1,-1,1,-1,1,1,1,-1,-1,1,-1,1,1,1,1,-1,1,-1,1,1,1,1,-1,-1,1,-1,1,1,1,-1,1,-1,1,1,-2670.0,1,2000,445,500,False
826,1,1,-1,-1,1,-1,-1,-1,1,1,1,-1,1,1,1,1,-1,1,-1,-1,1,-1,1,1,1,-1,1,-1,1,1,1,1,-1,-1,-1,-1,1,-1,1,1,-1,-1,-1,1,1,1,1,-1,1,1,1,1,-1,1,-1,-1,1,-1,1,1,1,-1,-1,-1,1,1,1,1,-1,-1,-1,1,1,1,1,-1,-1,-1,1,1,1,-1,-1,-1,1,1,1,1,-1,-1,-1,1,1,1,1,-1,-1,1,1,-1,1,1,-1,-1,1,1,1,1,1,-1,-1,1,1,1,1,1,-1,-1,1,1,1,1,1,1,-1,-1,1,1,-1,1,1,-1,1,1,1,1,1,1,-1,-1,1,1,1,1,1,-1,1,1,1,1,1,1,-1,-1,-1,1,1,1,1,-1,1,1,1,1,-1,1,-1,1,-1,1,1,1,-1,-1,1,1,1,1,1,-1,1,-1,-1,1,-1,1,-1,1,1,1,1,1,1,1,1,1,-1,1,-1,1,-1,1,1,-1,1,-1,1,1,-1,1,-1,1,-1,1,-1,1,1,-1,-1,-1,1,1,1,1,-1,-1,1,1,-1,-1,1,-1,1,-1,-1,1,-1,1,-1,1,-1,1,-1,-1,1,-1,1,-1,1,1,-1,1,-1,1,1,1,-1,1,1,-1,-1,-1,1,-1,1,-1,1,-1,1,1,-1,1,-1,-1,-1,1,1,-1,1,-1,-1,-1,1,1,-1,-1,1,1,-1,-1,1,1,-1,1,1,-1,1,1,1,1,-1,1,-1,1,1,-1,1,-1,1,-1,1,1,1,1,1,1,-1,-1,1,-1,-1,-1,1,1,-1,1,1,1,-1,1,1,1,1,1,1,1,1,-1,1,1,1,-1,1,1,-1,1,1,1,-1,1,1,-1,-1,1,1,1,-1,1,-1,1,1,1,-1,1,1,-1,1,1,1,-1,1,1,-1,1,1,1,-1,1,1,-1,-1,1,1,-1,1,1,-1,1,-1,1,-1,1,1,1,-1,1,1,1,1,1,1,-1,1,1,-1,1,1,1,-1,-1,-1,-1,1,1,1,-1,1,1,-1,1,1,-1,-1,1,1,1,1,1,-1,1,1,1,-1,1,1,1,1,-1,1,1,1,-1,1,-1,1,1,1,1,1,1,-1,-1,-1,1,-1,-1,1,1,-1,1,1,1,1,1,1,1,-1,1,-1,-1,1,-1,1,-1,1,1,1,1,1,1,-1,-1,1,-1,1,1,1,-1,1,1,1,-1,1,1,-1,-1,1,-1,1,1,1,-1,1,1,1,1,1,1,-1,1,-1,-1,1,1,-1,-1,1,-1,-1,1,1,-1,-1,1,-1,1,1,1,-1,-1,1,-1,-1,1,1,-1,-1,1,-1,1,1,1,1,-1,1,-1,-1,-1,1,1,-1,-1,-1,1,-1,1,-1,-1,1,-1,-1,1,-1,1,-1,-1,1,-1,1,-1,1,-1,-1,1,-1,-1,1,1,1,-1,1,-1,1,-1,-1,-1,1,-1,-1,-1,1,-1,-1,-1,1,1,-1,1,-1,1,1,1,-1,1,1,-1,1,-1,1,-1,-1,1,-1,-1,1,1,1,-1,1,-1,-1,1,1,-1,-1,1,-1,-1,1,1,-1,-1,1,-1,-1,-1,1,1,-1,1,1,-1,-1,1,-1,-1,1,-1,1,-1,1,1,-1,-1,1,-1,-1,-1,-1,-1,1,1,1,-1,1,1,-1,-1,1,-1,1,-1,-1,-1,-1,1,-1,-1,-1,-1,-1,1,1,-1,1,1,1,-1,-1,1,1,-1,-1,-1,-1,1,1,-1,-1,1,-1,-1,-1,1,1,-1,-1,-1,-1,-1,1,-1,-1,1,-1,-1,-1,1,1,-1,1,-1,-1,1,1,1,-1,-1,-1,-1,-1,1,1,1,-1,-1,-1,-1,1,1,-1,-1,-1,-1,1,1,1,1,-1,-1,1,1,1,1,1,-1,-1,-1,1,1,1,-1,1,-1,1,1,1,1,-1,1,-1,-1,1,-1,1,-1,1,-1,-1,1,-1,1,-1,-1,-1,-1,1,-1,1,-1,1,1,-1,1,-1,1,-1,1,1,-1,1,-1,1,-1,-1,-1,-1,1,1,-1,-1,-1,-1,-1,1,-1,1,-1,-1,-1,-1,-1,-1,-1,1,-1,-1,-1,1,-1,-1,1,-1,-1,-1,-1,-1,-1,1,-1,-1,-1,-1,-1,1,-1,-1,-1,1,-1,-1,1,-1,1,-1,-1,-1,-1,-1,-1,-1,1,-1,-1,-1,1,1,1,-1,-1,1,-1,-1,-1,-1,-1,1,-1,-1,1,1,1,-1,-1,-1,-1,1,-1,1,1,-1,1,-1,-1,1,1,-1,-1,-1,-1,-1,-1,1,1,-1,-1,1,-1,1,1,-1,-1,-1,1,-1,1,1,-1,-1,1,-1,-1,1,1,1,-1,1,-1,1,1,1,-1,-1,1,-1,-1,1,1,1,-1,1,-1,-1,1,1,-1,1,1,-1,-1,1,1,-1,1,1,-1,-1,1,1,-1,1,1,-1,-1,1,1,1,1,-1,1,-1,-1,1,1,1,1,-1,-1,1,-1,1,1,1,1,-1,-1,1,-1,1,1,1,-1,1,1,1,1,-1,1,-1,1,1,1,1,1,1,1,-1,1,1,1,1,-1,1,-1,1,1,1,1,1,-1,1,1,1,1,-1,1,1,-1,1,1,-1,1,1,-1,-1,1,1,1,1,-1,1,-1,1,1,1,-1,-1,1,-1,1,1,1,-1,1,-1,-1,-1,1,1,-1,-1,1,-1,-1,1,1,-1,-1,1,-1,-1,1,1,1,-1,1,-1,-1,1,1,-1,-1,-1,1,-1,-1,1,-1,1,1,-1,1,1,-1,-1,1,-1,-1,-1,1,1,-1,1,1,-1,1,1,-1,-1,-1,-1,1,-1,-1,-1,-1,1,-1,-1,1,1,-1,1,1,-1,1,1,1,1,-1,1,-1,1,1,1,1,-1,1,-1,-1,1,1,1,-1,1,-1,1,1,1,1,-1,1,-1,1,1,-1,-1,-1,1,-1,-1,1,1,-1,-1,-1,1,-1,1,-1,1,-1,1,-1,-1,1,-2670.0,1,2000,445,500,False
827,1,1,-1,-1,1,-1,-1,-1,1,1,1,-1,1,1,1,1,-1,1,-1,-1,1,-1,1,1,1,-1,1,-1,1,1,1,1,1,-1,-1,-1,1,-1,1,1,-1,-1,-1,1,1,1,1,-1,1,1,1,1,-1,1,-1,-1,1,-1,1,1,1,-1,-1,-1,1,1,1,1,-1,-1,-1,1,1,1,1,-1,-1,-1,1,1,1,-1,-1,-1,1,1,1,1,-1,-1,-1,1,1,1,1,-1,-1,1,1,-1,1,1,-1,-1,1,1,1,1,1,-1,-1,1,1,-1,1,1,-1,-1,1,1,1,1,1,1,-1,1,1,1,-1,1,1,-1,1,1,1,1,1,1,-1,-1,1,1,1,1,1,-1,1,1,1,1,1,1,-1,-1,-1,1,1,1,1,-1,1,1,1,1,-1,1,-1,1,-1,1,1,1,-1,-1,1,1,1,1,1,-1,1,-1,-1,1,-1,1,-1,1,1,1,1,1,1,1,1,1,-1,1,-1,1,-1,1,1,-1,1,-1,1,1,-1,1,-1,1,-1,1,-1,1,1,-1,-1,-1,1,1,1,1,-1,-1,1,1,-1,-1,1,-1,1,-1,-1,1,-1,1,-1,1,-1,1,-1,1,1,-1,-1,-1,1,1,-1,1,-1,1,1,1,-1,1,1,-1,1,-1,1,-1,1,-1,1,-1,1,1,-1,1,-1,-1,-1,1,1,-1,1,-1,-1,-1,1,1,-1,-1,1,1,-1,-1,1,1,-1,1,1,-1,1,1,1,1,-1,1,-1,1,1,-1,1,-1,1,1,-1,1,1,1,1,1,-1,-1,1,-1,-1,-1,1,1,-1,1,1,1,-1,1,-1,-1,1,1,1,1,1,-1,1,1,1,-1,1,1,-1,1,1,1,-1,1,1,-1,-1,1,1,1,-1,1,-1,1,1,1,-1,1,1,-1,1,1,1,-1,1,-1,-1,1,1,1,-1,1,-1,-1,-1,1,1,-1,1,-1,-1,1,-1,1,-1,1,1,-1,-1,1,1,1,-1,1,-1,-1,1,1,-1,1,-1,-1,-1,-1,-1,-1,1,-1,-1,-1,1,1,-1,1,-1,-1,-1,1,1,1,1,-1,-1,1,1,1,-1,1,-1,-1,-1,-1,1,1,1,1,-1,-1,1,1,1,-1,-1,-1,1,-1,-1,1,-1,1,-1,-1,1,-1,1,-1,-1,-1,1,1,-1,1,-1,1,-1,-1,1,-1,1,1,-1,-1,-1,1,-1,-1,1,1,-1,-1,1,-1,1,1,-1,1,-1,1,-1,-1,1,1,-1,-1,1,-1,1,1,-1,-1,1,1,-1,1,-1,1,-1,1,-1,-1,1,-1,1,-1,1,-1,-1,1,-1,-1,-1,1,-1,-1,1,-1,1,-1,1,-1,-1,1,-1,-1,1,-1,1,-1,1,1,1,-1,1,1,-1,-1,1,1,-1,1,-1,-1,1,-1,1,1,1,1,-1,-1,1,1,-1,1,1,-1,-1,1,1,1,-1,1,1,-1,1,1,1,1,-1,-1,1,-1,-1,-1,1,-1,1,1,1,1,-1,1,-1,1,-1,-1,-1,1,1,-1,1,1,-1,-1,-1,1,-1,1,1,-1,1,-1,1,-1,-1,-1,-1,-1,-1,1,-1,-1,-1,-1,-1,-1,1,-1,1,1,1,1,-1,1,-1,1,1,-1,-1,-1,1,-1,-1,1,-1,1,-1,-1,1,1,1,1,-1,-1,1,1,1,1,-1,1,-1,-1,1,1,1,-1,-1,-1,1,1,1,1,-1,1,-1,1,-1,1,-1,1,1,-1,-1,1,1,1,-1,-1,-1,-1,1,1,1,1,-1,-1,-1,1,1,1,1,-1,-1,-1,1,1,1,-1,-1,-1,-1,1,1,1,1,-1,-1,1,1,1,1,1,-1,-1,-1,1,1,-1,1,-1,-1,-1,1,1,1,1,-1,-1,1,1,1,1,-1,-1,1,1,-1,1,1,-1,-1,-1,1,1,1,1,1,-1,1,1,1,1,1,-1,-1,-1,1,-1,1,-1,-1,-1,-1,1,-1,1,1,-1,-1,-1,1,-1,1,1,-1,1,-1,1,1,1,1,-1,1,-1,1,-1,1,1,-1,-1,-1,1,1,-1,-1,-1,-1,-1,1,-1,1,-1,-1,-1,-1,-1,-1,-1,1,-1,-1,-1,1,-1,-1,1,-1,-1,-1,-1,-1,-1,1,-1,-1,-1,-1,-1,1,-1,-1,-1,1,-1,-1,1,-1,1,-1,-1,-1,-1,-1,-1,-1,1,-1,-1,-1,1,1,-1,-1,-1,1,1,-1,-1,-1,-1,1,-1,-1,1,1,1,-1,-1,-1,-1,1,-1,1,1,-1,1,-1,-1,1,1,-1,-1,-1,-1,-1,-1,1,1,-1,-1,1,-1,1,1,-1,-1,-1,1,-1,1,1,-1,-1,1,-1,-1,1,1,1,-1,1,-1,1,1,1,-1,-1,1,-1,-1,1,1,1,-1,1,-1,-1,1,1,-1,1,1,-1,-1,1,1,-1,1,1,-1,-1,1,1,1,1,1,-1,-1,1,1,1,1,1,1,-1,-1,1,1,1,1,-1,-1,1,-1,1,1,1,1,-1,-1,1,-1,1,1,1,-1,1,1,1,1,-1,1,-1,1,1,1,1,1,1,1,-1,1,1,1,1,-1,1,-1,1,1,1,1,1,-1,1,1,1,1,-1,1,1,-1,1,1,-1,1,1,-1,-1,1,1,1,1,-1,1,-1,1,1,1,-1,-1,1,-1,1,1,1,-1,1,-1,-1,-1,1,1,-1,-1,1,-1,-1,1,1,-1,-1,1,-1,-1,1,1,1,-1,1,-1,-1,1,1,-1,-1,-1,1,-1,-1,1,-1,1,1,-1,1,1,-1,-1,1,1,-1,-1,1,1,-1,1,1,-1,1,1,-1,-1,-1,-1,1,-1,-1,-1,-1,-1,1,-1,1,1,-1,1,1,-1,1,1,1,1,-1,1,-1,1,1,1,1,-1,1,-1,-1,-1,1,1,-1,1,-1,1,1,1,1,-1,1,-1,1,1,-1,-1,-1,1,-1,-1,1,1,-1,-1,-1,1,-1,1,-1,1,-1,1,-1,1,1,-2670.0,1,2000,445,500,False
828,1,1,-1,-1,1,-1,-1,-1,1,1,1,-1,1,1,1,1,-1,1,-1,-1,-1,-1,1,1,1,-1,1,-1,1,1,1,1,-1,-1,-1,-1,1,-1,1,1,-1,-1,-1,1,1,1,1,-1,1,1,1,1,-1,1,-1,-1,1,-1,1,1,1,-1,-1,-1,1,1,1,1,-1,-1,-1,1,1,1,1,-1,-1,-1,1,1,1,-1,-1,-1,1,1,1,1,-1,-1,1,1,1,1,1,-1,-1,-1,1,-1,1,1,-1,-1,1,1,1,1,1,-1,-1,-1,1,-1,1,1,-1,-1,1,1,1,1,1,1,-1,-1,1,1,-1,1,1,-1,1,1,1,1,1,1,-1,1,1,1,1,1,1,-1,1,1,1,1,1,1,-1,-1,-1,1,1,1,1,-1,1,1,1,1,-1,1,-1,1,-1,1,1,1,-1,-1,1,1,1,1,1,-1,1,-1,-1,1,-1,1,-1,1,1,1,1,1,1,1,1,1,-1,1,-1,1,-1,1,1,-1,1,-1,1,1,-1,1,-1,1,-1,1,-1,1,1,-1,1,-1,1,1,1,1,-1,-1,1,1,-1,-1,1,-1,1,-1,1,1,-1,1,-1,1,-1,1,-1,1,1,-1,-1,-1,1,1,-1,1,-1,1,1,1,-1,1,1,-1,1,-1,1,-1,1,-1,1,-1,1,1,-1,1,-1,-1,-1,1,1,-1,1,-1,-1,-1,1,1,-1,-1,1,1,-1,-1,1,1,-1,1,1,-1,1,1,1,1,-1,1,-1,1,1,-1,1,-1,1,1,-1,1,1,1,1,1,-1,-1,1,-1,-1,-1,1,1,-1,1,1,1,-1,1,-1,-1,1,1,1,1,1,-1,1,1,1,-1,1,1,-1,1,1,1,-1,1,1,-1,-1,1,1,1,-1,1,-1,1,1,1,-1,1,1,-1,1,1,1,-1,1,-1,-1,1,1,1,-1,1,-1,-1,-1,1,1,-1,1,-1,-1,1,-1,1,-1,1,1,-1,-1,1,1,1,-1,1,-1,-1,1,1,-1,1,-1,-1,-1,-1,-1,-1,1,1,-1,-1,1,1,-1,1,-1,1,-1,1,1,1,1,-1,-1,1,1,1,-1,1,-1,-1,-1,-1,1,1,-1,1,-1,-1,1,-1,1,-1,-1,-1,-1,-1,-1,1,-1,1,-1,1,-1,1,1,-1,-1,-1,1,1,-1,1,-1,1,-1,-1,1,-1,1,-1,-1,-1,-1,1,-1,-1,1,1,-1,-1,1,-1,1,1,-1,1,-1,1,-1,1,-1,1,-1,1,1,-1,-1,-1,-1,-1,1,1,-1,1,-1,1,-1,1,-1,1,1,-1,1,-1,1,-1,-1,1,-1,-1,-1,1,-1,1,-1,-1,1,-1,1,-1,-1,1,-1,-1,1,-1,1,-1,1,-1,1,-1,1,1,-1,-1,-1,1,-1,1,-1,-1,1,-1,1,1,1,1,-1,-1,1,1,-1,1,1,-1,-1,1,1,1,1,1,1,-1,1,1,1,-1,-1,1,1,-1,-1,-1,1,-1,1,1,-1,1,-1,1,-1,1,-1,-1,-1,1,1,-1,1,1,-1,-1,-1,1,-1,1,1,-1,1,-1,1,-1,-1,-1,-1,-1,-1,1,-1,-1,-1,-1,-1,-1,1,-1,1,1,1,1,-1,1,-1,1,1,-1,-1,-1,1,-1,-1,1,-1,1,-1,-1,1,1,1,1,-1,-1,1,1,1,1,-1,1,-1,-1,1,1,1,-1,-1,-1,1,1,1,1,-1,1,-1,1,-1,1,-1,1,1,-1,-1,1,1,1,-1,-1,-1,1,1,1,1,1,-1,-1,-1,1,1,1,1,-1,-1,-1,1,-1,1,-1,-1,-1,1,1,1,1,1,-1,-1,-1,1,1,1,1,-1,-1,-1,1,1,-1,1,-1,-1,-1,1,1,1,1,-1,-1,1,1,1,1,1,-1,1,1,-1,1,1,-1,-1,-1,1,1,1,1,1,-1,1,1,1,1,1,1,-1,-1,1,-1,1,-1,-1,-1,-1,1,-1,1,1,-1,-1,-1,1,-1,1,1,-1,1,-1,1,1,1,-1,1,1,-1,1,-1,1,-1,-1,-1,-1,1,1,-1,-1,-1,-1,-1,1,-1,1,-1,-1,-1,-1,-1,-1,-1,1,-1,-1,-1,1,-1,-1,1,-1,-1,-1,-1,-1,1,1,-1,-1,-1,-1,-1,1,-1,-1,-1,1,-1,-1,1,-1,1,-1,-1,-1,-1,-1,-1,-1,1,-1,-1,-1,1,1,-1,-1,-1,-1,1,-1,-1,-1,-1,1,-1,-1,1,-1,1,-1,-1,-1,-1,1,-1,1,1,-1,1,-1,-1,1,1,-1,-1,-1,-1,-1,-1,1,1,-1,-1,1,-1,1,1,-1,-1,-1,1,-1,1,1,-1,-1,1,-1,-1,1,1,1,-1,1,-1,1,1,1,-1,-1,1,-1,-1,1,1,1,-1,1,-1,-1,1,1,-1,1,1,-1,-1,1,1,-1,1,1,-1,-1,1,1,-1,1,1,-1,-1,1,1,1,1,1,1,-1,1,1,1,1,1,-1,-1,1,-1,1,1,1,1,-1,-1,1,-1,1,1,1,-1,1,1,1,1,-1,1,-1,1,1,1,1,1,1,1,-1,1,1,1,1,-1,1,-1,1,1,1,1,1,-1,1,1,1,1,-1,1,1,-1,1,1,-1,1,1,-1,-1,1,1,1,1,-1,1,-1,1,1,1,-1,-1,1,-1,1,1,1,-1,1,-1,-1,-1,1,1,-1,-1,1,-1,-1,1,1,1,-1,1,-1,1,1,1,1,-1,1,-1,-1,1,1,-1,-1,-1,1,1,-1,1,-1,1,1,-1,1,1,-1,-1,1,1,-1,-1,1,1,-1,1,1,1,1,1,-1,-1,-1,-1,-1,-1,-1,-1,-1,-1,1,1,1,1,-1,1,1,-1,1,1,1,1,-1,1,-1,1,1,1,-1,-1,1,-1,1,1,1,-1,-1,1,-1,1,1,1,-1,-1,1,-1,1,1,1,1,-1,1,-1,1,1,1,1,-1,-1,1,-1,1,-1,1,-1,1,-1,1,1,-2670.0,1,2000,445,500,False
829,1,1,-1,-1,1,1,-1,-1,1,1,1,-1,-1,1,1,1,-1,1,-1,-1,-1,-1,1,1,1,-1,-1,-1,1,1,1,1,-1,-1,-1,-1,1,1,1,1,-1,-1,-1,1,1,1,1,-1,1,1,1,1,-1,1,-1,-1,1,-1,1,1,1,-1,-1,-1,1,1,1,1,-1,-1,-1,1,1,1,1,-1,-1,-1,1,1,1,-1,-1,-1,1,1,1,1,-1,-1,1,1,1,1,1,-1,-1,-1,1,-1,1,1,-1,-1,1,1,1,1,1,-1,-1,-1,1,1,1,1,-1,-1,1,1,1,1,1,1,-1,-1,1,1,-1,1,1,-1,1,1,1,1,1,1,-1,1,1,1,1,1,1,-1,1,1,1,1,1,1,-1,-1,-1,1,1,1,1,-1,1,1,1,1,-1,1,-1,1,-1,1,1,1,-1,-1,1,1,1,1,1,-1,1,-1,-1,1,-1,1,-1,1,1,1,1,1,1,1,1,1,1,1,-1,1,-1,1,1,-1,1,-1,1,1,-1,1,-1,1,-1,1,-1,1,1,-1,-1,-1,1,1,1,1,-1,-1,1,1,-1,-1,1,-1,1,-1,-1,1,-1,1,-1,1,-1,1,-1,1,1,-1,1,-1,1,1,-1,1,-1,1,1,1,-1,1,-1,-1,1,-1,1,-1,1,1,1,-1,1,1,-1,1,-1,-1,-1,1,1,-1,1,-1,-1,-1,1,1,-1,-1,1,1,-1,-1,1,1,-1,1,1,-1,1,1,1,1,-1,1,-1,1,1,-1,1,-1,1,1,-1,1,1,1,1,1,-1,-1,1,-1,-1,-1,1,1,-1,1,1,1,-1,1,-1,-1,1,1,1,1,1,-1,1,1,1,-1,-1,1,-1,1,1,1,-1,1,1,-1,-1,1,1,1,-1,1,-1,1,1,1,-1,1,1,-1,1,1,1,-1,1,-1,-1,1,1,1,-1,1,-1,-1,-1,1,1,-1,1,-1,-1,1,-1,1,-1,1,1,-1,-1,1,1,1,1,1,-1,-1,1,1,-1,1,-1,-1,-1,-1,-1,-1,1,1,-1,-1,1,1,-1,1,-1,-1,-1,1,1,1,1,-1,-1,1,1,1,-1,1,-1,-1,-1,-1,1,1,1,1,-1,-1,1,1,1,1,-1,-1,1,-1,-1,1,-1,1,-1,-1,1,-1,1,1,-1,-1,1,1,-1,1,-1,1,-1,-1,1,-1,1,1,-1,-1,-1,1,-1,-1,1,1,-1,-1,1,-1,1,1,-1,1,-1,1,-1,-1,1,1,-1,-1,1,-1,1,1,-1,-1,1,1,-1,1,-1,1,-1,1,-1,-1,1,-1,1,-1,1,-1,-1,1,-1,-1,-1,1,-1,-1,1,-1,1,-1,1,-1,-1,1,-1,-1,1,-1,1,-1,1,-1,1,-1,1,1,-1,-1,-1,1,-1,1,-1,-1,1,-1,1,1,1,1,-1,-1,1,1,-1,1,1,-1,-1,1,1,1,-1,1,1,-1,1,1,1,1,-1,-1,1,-1,-1,-1,1,-1,-1,1,1,1,-1,1,-1,1,-1,-1,-1,1,1,-1,1,1,-1,-1,-1,1,-1,1,1,-1,1,-1,1,-1,-1,-1,-1,-1,-1,1,-1,-1,-1,-1,-1,-1,1,-1,1,1,1,1,-1,1,-1,1,1,-1,-1,-1,1,-1,-1,1,-1,1,-1,-1,1,1,1,1,-1,-1,1,1,1,1,-1,1,-1,-1,1,1,1,-1,-1,-1,-1,1,1,1,-1,-1,-1,1,-1,1,-1,1,-1,-1,-1,1,1,1,-1,-1,-1,-1,1,1,1,1,-1,-1,-1,1,1,1,1,-1,-1,-1,1,1,1,-1,-1,-1,-1,1,1,1,1,-1,-1,1,1,1,1,1,-1,-1,-1,1,1,-1,1,-1,-1,-1,1,1,1,1,-1,-1,1,1,1,1,-1,-1,1,1,-1,1,1,-1,-1,-1,1,1,1,1,1,-1,1,1,1,1,1,-1,-1,-1,1,-1,1,-1,-1,-1,-1,1,-1,1,1,-1,-1,-1,1,-1,1,1,-1,-1,-1,1,1,1,1,-1,-1,-1,1,-1,1,1,-1,-1,-1,1,1,-1,-1,-1,-1,-1,1,-1,1,-1,-1,-1,-1,-1,-1,-1,1,-1,-1,-1,1,-1,-1,1,-1,-1,-1,-1,-1,1,1,-1,-1,-1,-1,-1,1,-1,-1,-1,1,-1,-1,1,-1,1,-1,-1,-1,-1,-1,-1,-1,1,-1,-1,-1,1,1,-1,-1,-1,1,-1,-1,-1,-1,-1,1,-1,-1,1,1,1,-1,-1,-1,-1,1,-1,1,1,-1,1,-1,-1,1,1,-1,-1,-1,-1,-1,-1,1,1,-1,-1,1,-1,1,1,-1,-1,-1,1,-1,1,1,-1,-1,1,-1,-1,1,1,1,-1,1,-1,1,1,1,-1,-1,1,-1,-1,1,1,1,-1,1,-1,-1,1,1,-1,1,1,-1,-1,1,1,-1,1,1,-1,-1,1,1,-1,1,1,-1,-1,1,1,1,1,1,1,-1,-1,1,1,-1,1,-1,-1,1,-1,1,1,1,1,-1,-1,1,-1,1,1,1,-1,1,1,1,1,-1,1,-1,1,1,1,1,1,1,1,-1,1,1,1,1,-1,1,-1,1,1,1,1,1,-1,1,1,1,1,-1,1,1,-1,1,1,-1,1,1,-1,-1,1,1,1,1,-1,1,-1,1,1,1,-1,-1,1,-1,1,1,1,-1,1,-1,-1,-1,1,1,-1,-1,1,-1,-1,1,1,-1,-1,1,-1,-1,1,1,1,-1,1,-1,-1,1,1,-1,-1,-1,1,-1,1,1,-1,1,1,-1,1,1,-1,-1,1,-1,-1,-1,1,1,-1,1,1,-1,1,1,-1,-1,-1,-1,1,-1,-1,-1,-1,1,-1,-1,1,1,-1,1,1,-1,1,1,1,1,-1,1,-1,1,1,1,-1,-1,1,-1,-1,1,1,-1,1,1,-1,1,1,1,-1,-1,1,-1,1,1,1,1,-1,1,-1,-1,1,1,1,-1,1,1,-1,1,-1,1,-1,1,-1,-1,1,-2670.0,1,2000,445,500,False
830,1,1,-1,-1,1,1,-1,-1,1,1,1,-1,-1,1,1,1,-1,1,-1,-1,-1,-1,1,1,1,-1,-1,-1,1,1,1,1,-1,-1,-1,-1,1,-1,1,1,-1,-1,-1,1,1,1,1,-1,1,1,1,1,-1,1,-1,-1,1,-1,1,1,1,-1,-1,-1,1,1,1,1,-1,-1,-1,1,1,1,1,-1,-1,-1,1,1,1,-1,-1,-1,1,1,1,1,-1,-1,-1,1,1,1,1,-1,-1,1,1,-1,1,1,-1,-1,1,1,1,1,1,-1,-1,-1,1,1,1,1,-1,-1,1,1,1,1,1,1,-1,-1,1,1,-1,1,1,-1,1,1,1,1,1,1,-1,1,1,1,1,1,1,-1,1,1,1,1,1,1,-1,-1,-1,1,1,1,1,-1,1,1,1,1,-1,1,-1,1,-1,1,1,1,-1,-1,1,1,1,1,1,-1,1,-1,-1,1,-1,1,-1,1,1,1,1,1,1,1,1,1,-1,1,-1,1,-1,1,1,-1,1,-1,1,1,-1,1,-1,1,-1,1,-1,1,1,-1,1,-1,1,1,1,1,-1,-1,1,1,-1,-1,1,-1,1,-1,1,1,-1,1,-1,1,-1,1,-1,1,1,-1,-1,-1,1,1,-1,1,-1,1,1,1,-1,1,1,-1,1,-1,1,-1,1,-1,1,-1,1,1,-1,1,-1,-1,-1,1,1,-1,1,-1,-1,-1,1,1,-1,-1,1,1,-1,-1,1,1,-1,1,1,-1,1,1,1,1,-1,1,-1,1,1,-1,1,-1,1,-1,1,1,1,1,1,1,-1,-1,1,-1,-1,-1,1,1,-1,1,1,1,-1,1,1,1,1,1,1,1,1,-1,1,1,1,-1,-1,1,-1,1,1,1,-1,1,1,-1,-1,1,1,1,-1,1,-1,1,1,1,-1,1,1,-1,1,1,1,-1,1,1,-1,1,1,1,-1,1,1,-1,-1,1,1,-1,1,1,-1,1,-1,1,-1,1,1,1,-1,1,1,1,1,1,1,-1,1,1,-1,1,1,1,-1,-1,-1,-1,1,1,1,-1,1,1,-1,1,1,-1,-1,1,1,1,1,1,-1,1,1,1,-1,1,1,1,-1,-1,1,1,1,-1,1,-1,1,1,1,1,1,1,-1,-1,-1,1,-1,-1,1,1,-1,1,1,1,1,1,1,1,-1,1,-1,-1,1,-1,1,-1,1,1,1,1,1,1,-1,-1,1,-1,1,1,1,-1,1,1,1,-1,1,1,-1,-1,1,-1,1,1,1,-1,1,1,1,1,1,1,-1,1,-1,-1,1,1,-1,-1,1,-1,1,1,1,-1,-1,1,-1,1,1,1,-1,-1,1,-1,-1,1,1,-1,-1,1,-1,1,1,1,1,-1,1,1,-1,1,1,1,-1,-1,1,-1,1,1,-1,-1,1,1,-1,1,-1,1,-1,-1,1,-1,1,-1,1,-1,-1,1,-1,-1,1,1,1,-1,1,-1,1,-1,-1,1,1,-1,-1,-1,1,-1,-1,1,1,1,-1,1,-1,1,1,1,-1,1,1,-1,-1,-1,1,-1,-1,1,-1,-1,1,1,1,-1,1,-1,-1,1,1,-1,-1,1,-1,-1,1,1,-1,-1,1,-1,-1,-1,1,1,-1,1,1,-1,-1,1,-1,-1,1,-1,1,-1,1,1,-1,-1,1,-1,-1,-1,-1,-1,1,1,1,-1,-1,1,-1,-1,1,-1,-1,1,-1,-1,1,1,-1,-1,1,-1,-1,1,1,-1,1,-1,-1,-1,-1,1,1,-1,-1,-1,-1,1,1,-1,-1,1,-1,-1,-1,1,1,-1,-1,-1,-1,-1,1,-1,-1,-1,-1,-1,1,1,1,-1,-1,-1,-1,-1,1,1,-1,-1,-1,-1,-1,1,1,1,-1,-1,-1,-1,1,1,-1,-1,-1,-1,1,1,1,1,-1,-1,1,1,1,1,1,-1,-1,-1,1,1,1,-1,1,-1,1,1,1,1,-1,1,-1,-1,1,-1,1,-1,1,-1,-1,1,-1,1,-1,-1,-1,-1,1,-1,1,-1,1,1,-1,1,-1,1,-1,1,1,-1,1,-1,1,-1,-1,-1,-1,1,1,-1,-1,-1,-1,-1,1,-1,1,-1,-1,-1,-1,-1,-1,-1,1,-1,-1,-1,1,-1,-1,1,-1,-1,-1,-1,-1,1,1,-1,-1,-1,-1,-1,1,-1,-1,-1,1,-1,-1,1,-1,1,-1,-1,-1,-1,-1,-1,-1,1,-1,-1,-1,1,1,1,-1,-1,-1,1,-1,-1,-1,-1,1,-1,-1,1,-1,1,-1,-1,-1,-1,1,-1,1,1,-1,1,-1,-1,1,1,-1,-1,-1,-1,-1,-1,1,1,-1,-1,1,-1,1,1,-1,-1,-1,1,-1,-1,1,-1,-1,1,-1,-1,1,1,1,-1,1,-1,1,1,1,-1,-1,1,-1,-1,1,1,1,-1,1,-1,-1,1,1,-1,1,1,-1,-1,1,1,-1,1,1,-1,-1,1,1,-1,1,1,-1,-1,1,1,1,1,1,1,-1,-1,1,1,1,1,-1,-1,1,-1,1,1,1,1,-1,-1,1,-1,1,1,1,-1,1,1,1,1,-1,1,-1,1,1,1,1,1,1,1,-1,1,1,1,1,-1,1,-1,1,1,1,1,1,-1,1,1,1,1,-1,1,1,-1,1,1,-1,1,1,-1,-1,1,1,1,1,-1,1,-1,1,1,1,-1,-1,1,-1,1,1,1,-1,1,-1,-1,-1,1,1,-1,-1,1,-1,-1,1,1,-1,-1,1,-1,-1,1,1,1,-1,1,-1,-1,1,1,-1,-1,-1,1,-1,1,1,-1,1,1,-1,1,1,-1,-1,1,-1,-1,-1,1,1,-1,1,1,-1,1,1,-1,-1,1,-1,1,-1,-1,-1,-1,1,-1,-1,1,1,-1,1,1,-1,1,1,1,1,-1,1,-1,1,1,1,-1,-1,1,-1,-1,-1,1,-1,-1,1,-1,1,1,1,-1,-1,1,-1,1,1,1,1,-1,1,-1,-1,1,1,-1,-1,-1,1,-1,1,-1,1,-1,1,-1,-1,1,-2670.0,1,2000,445,500,False
831,1,1,-1,-1,1,-1,-1,-1,1,1,1,-1,1,1,1,1,-1,1,1,-1,-1,-1,1,1,1,1,-1,-1,1,1,1,1,-1,-1,-1,-1,1,-1,1,1,-1,-1,-1,1,1,1,1,-1,1,1,1,1,-1,1,-1,-1,1,-1,1,1,1,-1,-1,-1,1,1,1,1,-1,-1,-1,1,1,1,1,-1,-1,-1,1,1,1,-1,-1,-1,1,1,1,1,-1,-1,1,1,1,1,1,-1,-1,-1,1,-1,1,1,-1,-1,1,1,1,1,1,-1,-1,-1,1,-1,1,1,-1,-1,1,1,1,1,1,1,-1,-1,1,1,-1,1,1,-1,1,1,1,1,1,1,-1,1,1,1,1,1,1,-1,1,1,1,1,1,1,-1,-1,-1,1,1,1,1,-1,1,1,1,1,-1,1,-1,1,-1,1,1,1,-1,-1,1,1,1,1,1,-1,1,-1,-1,1,-1,1,-1,1,1,1,1,1,1,1,1,1,-1,1,-1,1,-1,1,1,-1,1,-1,1,1,-1,1,-1,1,-1,1,-1,1,1,-1,1,-1,1,1,1,1,-1,-1,1,1,-1,-1,1,-1,1,-1,1,1,-1,1,-1,1,-1,1,-1,1,1,-1,-1,-1,1,1,-1,1,-1,1,1,1,-1,1,1,-1,1,-1,1,-1,1,-1,1,-1,1,1,-1,1,-1,-1,-1,1,1,-1,1,-1,-1,-1,1,1,-1,-1,1,1,-1,-1,1,1,-1,1,1,-1,1,1,1,1,-1,1,-1,1,1,-1,1,-1,1,1,1,1,1,1,1,1,-1,-1,1,-1,-1,-1,1,1,-1,1,1,1,-1,1,1,1,1,1,1,1,1,-1,1,1,1,-1,-1,1,-1,1,1,1,-1,1,1,-1,-1,1,1,1,-1,1,-1,1,1,1,-1,1,1,-1,1,1,1,-1,1,1,-1,1,1,1,-1,1,1,-1,-1,1,1,-1,1,1,-1,1,-1,1,-1,1,1,1,-1,1,1,1,1,1,1,-1,1,1,-1,1,1,1,-1,-1,-1,-1,1,1,1,-1,1,1,-1,1,1,-1,-1,1,1,1,1,1,-1,1,1,1,-1,1,1,1,-1,-1,1,1,1,-1,1,-1,1,1,1,1,1,1,-1,-1,-1,1,-1,-1,1,1,-1,1,1,1,1,1,1,1,-1,1,-1,-1,1,-1,1,-1,1,1,-1,1,1,1,-1,-1,1,-1,1,1,1,-1,1,1,1,-1,1,1,-1,-1,1,-1,1,1,1,-1,1,1,1,1,1,1,-1,1,-1,-1,1,1,-1,-1,1,-1,1,1,1,-1,-1,1,-1,1,1,1,-1,-1,1,1,-1,1,1,-1,-1,1,-1,1,1,1,1,-1,1,-1,-1,1,1,1,-1,-1,-1,-1,1,1,-1,-1,1,-1,-1,1,-1,1,-1,-1,1,-1,1,-1,1,-1,-1,1,-1,-1,1,1,1,-1,1,-1,1,-1,1,-1,1,-1,-1,-1,1,-1,-1,1,1,1,-1,1,-1,1,1,1,-1,1,1,-1,1,-1,1,-1,-1,1,-1,-1,1,1,1,-1,1,-1,-1,1,1,-1,-1,1,-1,-1,1,1,-1,-1,1,-1,-1,-1,1,1,-1,1,1,-1,-1,1,-1,-1,1,-1,1,-1,1,1,-1,-1,1,-1,-1,-1,-1,-1,1,1,1,-1,-1,1,-1,-1,1,-1,-1,1,-1,-1,1,1,-1,-1,1,1,-1,1,1,-1,1,-1,1,-1,-1,1,1,-1,-1,-1,-1,-1,1,-1,-1,1,-1,-1,-1,1,1,-1,-1,-1,-1,-1,1,-1,-1,-1,-1,-1,1,1,1,-1,-1,-1,-1,-1,1,1,-1,-1,-1,-1,-1,1,1,1,-1,-1,-1,-1,1,1,-1,-1,-1,-1,1,1,1,1,-1,-1,1,1,1,1,1,-1,-1,-1,1,1,1,1,1,-1,1,1,1,1,-1,1,-1,-1,1,-1,1,-1,1,-1,-1,1,-1,1,-1,-1,-1,-1,1,-1,1,-1,1,1,-1,1,-1,1,-1,1,1,-1,1,-1,1,-1,-1,-1,-1,1,1,-1,-1,-1,-1,-1,1,-1,1,-1,-1,-1,-1,-1,-1,-1,1,-1,-1,-1,1,-1,-1,1,-1,-1,-1,-1,-1,1,1,-1,-1,-1,-1,-1,1,-1,-1,-1,1,-1,-1,1,-1,1,-1,-1,-1,-1,-1,-1,-1,1,-1,-1,-1,1,1,-1,-1,-1,-1,1,-1,-1,-1,-1,1,-1,-1,1,-1,1,-1,-1,-1,-1,1,-1,1,1,-1,1,-1,-1,1,1,-1,-1,-1,-1,-1,-1,1,1,-1,-1,1,-1,1,1,-1,-1,-1,1,-1,1,1,-1,-1,1,-1,-1,1,1,1,-1,1,-1,1,1,1,-1,-1,1,-1,-1,1,1,1,-1,1,-1,-1,1,1,-1,1,1,-1,-1,1,1,-1,1,1,-1,-1,1,1,-1,1,1,-1,-1,1,1,1,1,1,1,-1,-1,1,-1,1,1,-1,-1,1,-1,1,1,1,1,-1,-1,1,-1,1,1,1,-1,1,1,1,1,-1,1,-1,1,1,1,1,1,1,1,-1,1,1,1,1,-1,1,-1,1,1,1,1,1,-1,1,1,1,1,-1,1,1,-1,1,1,-1,1,1,-1,-1,1,1,1,1,-1,1,-1,1,1,1,-1,-1,1,-1,1,1,1,-1,1,-1,-1,-1,1,1,-1,-1,1,-1,-1,1,1,-1,-1,1,-1,-1,1,1,1,-1,1,-1,-1,1,1,-1,-1,-1,1,-1,-1,1,-1,1,1,-1,1,1,-1,-1,1,-1,-1,-1,1,1,-1,1,1,-1,1,1,-1,-1,1,-1,1,-1,-1,-1,-1,1,-1,-1,1,1,-1,1,1,-1,1,1,1,1,-1,1,-1,1,1,1,-1,-1,1,-1,-1,1,1,-1,-1,1,-1,1,1,1,-1,-1,1,-1,1,1,1,1,-1,1,-1,-1,1,1,1,-1,-1,1,-1,1,-1,1,-1,1,-1,-1,1,-2670.0,1,2000,445,500,False
832,1,1,-1,-1,1,1,-1,-1,1,1,1,-1,1,1,1,1,-1,1,1,-1,-1,-1,1,1,1,1,-1,-1,1,1,1,1,-1,-1,-1,-1,1,-1,1,1,-1,-1,-1,1,1,1,1,-1,1,1,1,1,-1,1,-1,-1,1,-1,1,1,1,-1,-1,-1,1,1,1,1,-1,-1,-1,1,1,1,1,-1,-1,-1,1,1,1,-1,-1,-1,1,1,1,1,-1,-1,-1,1,1,1,1,-1,-1,1,1,-1,1,1,-1,-1,1,1,1,1,1,-1,-1,-1,1,1,1,1,-1,-1,1,1,1,1,1,1,-1,-1,1,1,-1,1,1,-1,1,1,1,1,1,1,-1,1,1,1,1,1,1,-1,1,1,1,1,1,1,-1,-1,-1,1,1,1,1,-1,1,1,1,1,-1,1,-1,1,-1,1,1,1,-1,-1,1,1,1,1,1,-1,1,-1,-1,1,-1,1,-1,1,1,1,1,1,1,1,1,1,-1,1,-1,1,-1,1,1,-1,1,-1,1,1,-1,1,-1,1,-1,1,-1,1,1,-1,1,-1,1,1,1,1,-1,-1,1,1,-1,-1,1,-1,1,-1,-1,1,-1,1,-1,1,-1,1,-1,1,1,-1,-1,-1,1,1,-1,1,-1,1,1,1,-1,1,1,-1,1,-1,1,-1,1,-1,1,-1,1,1,-1,1,-1,-1,-1,1,1,-1,1,-1,-1,-1,1,1,-1,-1,1,1,-1,-1,1,1,-1,1,1,-1,1,1,1,1,-1,1,-1,1,1,-1,1,-1,1,1,1,1,1,1,1,1,-1,-1,1,-1,-1,-1,1,1,-1,1,1,1,-1,1,1,1,1,1,1,-1,1,-1,1,1,1,-1,-1,1,-1,1,1,1,-1,1,1,-1,-1,1,1,1,-1,1,-1,1,1,1,-1,1,1,-1,1,1,1,-1,1,1,-1,1,1,1,-1,1,1,-1,-1,1,1,-1,1,1,-1,1,-1,1,-1,1,1,1,-1,1,1,1,-1,1,1,-1,1,1,-1,1,1,1,-1,-1,-1,-1,1,1,1,-1,1,1,-1,1,1,-1,-1,1,1,1,1,1,-1,1,1,1,-1,1,1,1,1,-1,1,1,1,-1,1,-1,1,1,1,1,1,1,-1,-1,-1,1,-1,-1,1,1,-1,1,1,1,1,1,1,1,-1,1,-1,-1,1,-1,1,-1,1,1,1,1,1,1,-1,-1,1,-1,1,1,1,-1,1,1,1,-1,1,1,-1,-1,1,-1,1,1,1,-1,1,1,1,1,1,1,-1,1,-1,-1,1,1,-1,-1,1,-1,-1,1,1,-1,-1,1,-1,1,1,1,-1,-1,1,-1,-1,1,1,-1,-1,1,-1,1,1,1,1,-1,1,1,-1,-1,1,1,-1,-1,1,1,-1,1,-1,-1,1,-1,-1,1,-1,1,-1,-1,1,-1,1,-1,1,-1,-1,1,-1,-1,1,1,1,-1,1,-1,1,-1,1,-1,1,-1,-1,-1,1,-1,-1,1,1,1,-1,1,-1,1,1,1,-1,1,1,-1,-1,-1,1,-1,-1,1,-1,-1,1,1,1,-1,1,-1,-1,1,1,-1,-1,1,-1,-1,1,1,-1,-1,1,-1,-1,-1,1,1,-1,1,-1,-1,-1,1,-1,-1,1,-1,1,-1,1,1,-1,-1,1,-1,-1,-1,-1,-1,1,1,1,-1,1,1,-1,-1,1,-1,-1,-1,-1,-1,1,1,-1,-1,-1,-1,-1,1,1,-1,1,1,-1,-1,-1,1,1,-1,-1,-1,-1,-1,1,-1,-1,1,-1,-1,-1,1,1,-1,-1,-1,-1,-1,1,-1,-1,1,-1,-1,1,1,1,-1,1,-1,-1,-1,1,1,-1,-1,-1,-1,-1,1,1,1,-1,-1,-1,-1,1,1,-1,-1,-1,-1,1,1,1,1,-1,-1,1,1,1,1,1,-1,-1,-1,1,1,1,1,1,-1,1,1,1,1,-1,1,-1,-1,1,-1,1,-1,1,-1,-1,1,-1,1,-1,-1,-1,-1,1,-1,1,-1,1,1,-1,1,-1,1,-1,1,1,-1,1,-1,1,-1,-1,-1,-1,1,1,-1,-1,-1,-1,-1,1,-1,1,-1,-1,-1,-1,-1,-1,-1,1,-1,-1,-1,1,-1,-1,1,-1,-1,-1,-1,-1,-1,1,-1,-1,-1,-1,-1,1,-1,-1,-1,1,-1,-1,1,-1,1,-1,-1,-1,-1,-1,-1,-1,1,-1,-1,-1,1,1,-1,-1,-1,1,-1,-1,-1,-1,-1,1,-1,-1,1,-1,1,-1,-1,-1,-1,1,-1,1,1,-1,1,-1,-1,1,1,-1,-1,-1,-1,-1,-1,1,1,-1,-1,1,-1,1,1,-1,-1,-1,1,-1,-1,1,-1,-1,1,-1,-1,1,1,1,-1,1,-1,1,1,1,-1,-1,1,-1,-1,1,1,1,-1,1,-1,-1,1,1,-1,1,1,-1,-1,1,1,-1,1,1,-1,-1,1,1,-1,1,1,-1,-1,1,1,1,1,1,1,-1,-1,1,-1,1,1,-1,-1,1,-1,1,1,1,1,-1,-1,1,-1,1,1,1,-1,1,1,1,1,-1,1,-1,1,1,1,1,1,1,1,-1,1,1,1,1,-1,1,-1,1,1,1,1,1,-1,1,1,1,1,-1,1,1,-1,1,1,-1,1,1,-1,-1,1,1,1,1,-1,1,-1,1,1,1,-1,-1,1,-1,1,1,1,-1,1,-1,-1,-1,1,1,-1,-1,1,-1,-1,1,1,1,-1,1,-1,-1,1,1,1,-1,1,-1,-1,1,1,-1,-1,-1,1,-1,1,1,-1,1,1,-1,1,1,-1,-1,1,-1,-1,-1,1,1,-1,1,1,-1,1,1,-1,-1,-1,-1,1,-1,-1,-1,-1,1,-1,-1,1,1,-1,1,1,-1,1,1,1,1,-1,1,-1,1,1,1,-1,-1,1,-1,-1,-1,1,-1,-1,1,-1,1,1,1,-1,-1,1,-1,1,1,1,1,-1,1,-1,-1,1,1,-1,-1,-1,1,-1,1,-1,1,-1,1,-1,-1,1,-2670.0,1,2000,445,500,False
833,1,1,-1,-1,1,-1,-1,-1,1,1,1,-1,1,1,1,1,-1,1,-1,-1,1,-1,1,1,1,-1,-1,-1,1,1,1,1,1,-1,-1,-1,1,1,1,-1,-1,-1,-1,1,1,1,1,-1,1,1,1,1,-1,1,-1,-1,1,-1,1,1,1,-1,-1,-1,1,1,1,1,-1,-1,-1,1,1,1,1,-1,-1,-1,1,1,1,-1,-1,-1,1,1,1,1,-1,-1,-1,1,1,1,1,-1,-1,1,1,-1,1,1,-1,-1,1,1,1,1,1,-1,-1,1,1,1,1,1,-1,-1,1,1,1,1,1,1,-1,1,1,1,-1,1,1,-1,1,1,1,1,1,1,-1,-1,1,1,1,1,1,-1,1,1,1,1,1,1,-1,-1,-1,1,1,1,1,-1,1,1,1,1,-1,1,-1,1,1,1,1,1,-1,-1,1,1,1,1,1,-1,1,-1,-1,1,-1,1,-1,1,1,1,1,1,1,1,1,1,-1,1,-1,1,-1,1,1,-1,1,-1,1,1,-1,1,-1,1,-1,1,-1,1,1,-1,1,-1,1,1,1,1,-1,-1,1,1,-1,-1,1,-1,1,-1,-1,1,-1,1,-1,1,-1,1,-1,1,1,-1,-1,-1,1,1,-1,1,-1,1,1,1,-1,1,1,-1,1,-1,1,-1,1,-1,1,-1,1,1,-1,1,-1,-1,-1,1,1,-1,1,-1,-1,-1,1,1,-1,-1,1,1,-1,-1,1,1,-1,1,1,-1,1,1,1,1,-1,1,-1,1,1,-1,1,-1,1,-1,1,1,1,1,1,1,-1,-1,1,-1,-1,-1,1,1,-1,1,1,1,-1,1,1,1,1,1,1,1,1,-1,1,1,1,-1,-1,1,-1,1,1,1,-1,1,1,-1,-1,1,1,1,-1,1,-1,1,1,1,-1,1,1,-1,1,1,1,-1,1,1,-1,1,1,1,-1,1,1,1,-1,1,1,-1,1,1,-1,1,-1,1,-1,1,1,1,-1,1,1,1,1,1,1,-1,1,1,-1,1,1,1,-1,-1,-1,-1,1,1,1,-1,1,1,-1,1,1,-1,-1,1,1,1,1,1,-1,1,1,1,-1,1,1,1,-1,-1,1,1,1,-1,1,-1,1,1,1,1,1,1,-1,-1,-1,1,-1,-1,1,1,-1,1,1,1,1,1,1,1,-1,1,-1,-1,1,-1,1,-1,1,1,1,1,1,1,-1,-1,1,-1,1,1,1,-1,1,1,1,-1,1,1,-1,-1,1,-1,1,1,1,-1,1,1,1,1,1,1,-1,1,-1,-1,1,1,-1,1,1,-1,-1,1,1,-1,-1,1,-1,1,1,1,-1,-1,1,-1,-1,1,1,-1,-1,1,-1,1,1,1,1,-1,1,1,-1,-1,1,1,-1,1,-1,1,-1,1,-1,-1,1,-1,-1,1,-1,1,-1,-1,1,-1,1,-1,1,-1,1,1,-1,-1,1,1,1,-1,1,-1,1,-1,-1,-1,1,-1,-1,-1,1,-1,-1,1,1,1,-1,1,-1,1,1,1,-1,1,1,-1,-1,-1,1,-1,1,1,-1,-1,1,1,1,-1,1,-1,-1,1,1,-1,-1,1,-1,-1,1,1,-1,-1,1,-1,-1,-1,1,1,-1,1,1,-1,-1,1,-1,-1,1,-1,1,-1,1,1,-1,-1,1,-1,-1,-1,-1,-1,-1,1,1,-1,1,1,-1,1,1,-1,1,-1,-1,-1,1,1,-1,-1,-1,-1,-1,1,1,-1,1,1,-1,-1,-1,1,1,-1,-1,-1,-1,-1,1,-1,-1,1,-1,-1,-1,1,1,-1,-1,-1,-1,-1,1,-1,-1,1,-1,-1,1,1,1,-1,1,-1,-1,-1,1,1,-1,-1,-1,-1,-1,1,1,1,-1,-1,-1,-1,1,1,-1,-1,-1,-1,1,1,1,1,-1,-1,1,1,1,1,1,-1,-1,-1,1,1,1,-1,1,-1,1,1,1,1,-1,1,-1,-1,1,-1,1,-1,1,-1,-1,1,-1,1,-1,-1,-1,-1,1,-1,1,-1,1,-1,-1,1,-1,1,-1,1,-1,-1,1,-1,1,-1,-1,-1,-1,1,1,-1,-1,-1,-1,-1,1,-1,1,-1,-1,-1,-1,-1,-1,-1,1,-1,-1,-1,1,-1,-1,1,-1,-1,-1,-1,-1,1,1,-1,-1,-1,-1,-1,1,-1,-1,-1,1,-1,-1,1,-1,1,-1,-1,-1,-1,-1,-1,-1,1,-1,-1,-1,1,1,-1,-1,-1,1,1,-1,-1,-1,-1,1,-1,-1,1,-1,1,-1,-1,-1,-1,1,-1,1,1,-1,1,-1,-1,1,1,-1,-1,-1,-1,-1,-1,1,1,-1,-1,1,-1,1,1,-1,-1,-1,1,-1,-1,1,-1,-1,1,-1,-1,1,1,1,-1,1,-1,1,1,1,-1,-1,1,-1,-1,1,1,1,-1,1,-1,-1,1,1,-1,1,1,-1,-1,1,1,1,1,1,-1,-1,1,1,-1,1,1,-1,-1,1,1,1,1,1,1,-1,-1,1,1,-1,1,-1,-1,1,-1,1,1,1,1,-1,-1,1,-1,1,1,1,-1,1,-1,1,1,-1,1,-1,1,1,1,1,1,1,1,-1,-1,1,1,1,-1,1,-1,1,1,1,1,1,-1,1,-1,1,1,-1,1,1,-1,-1,1,-1,1,1,-1,-1,1,1,1,1,-1,1,-1,-1,1,1,-1,-1,1,-1,1,1,1,-1,1,-1,-1,-1,1,1,-1,-1,1,-1,-1,1,1,1,-1,1,-1,-1,1,1,1,-1,1,-1,-1,1,1,-1,-1,-1,1,-1,-1,1,-1,1,1,-1,1,1,-1,-1,1,-1,-1,-1,1,1,-1,1,1,-1,1,1,-1,-1,1,-1,1,-1,-1,-1,-1,1,-1,-1,1,1,-1,1,1,-1,1,1,1,1,-1,1,-1,1,1,1,1,-1,1,-1,-1,1,1,1,-1,1,-1,1,1,1,1,-1,1,-1,1,1,-1,-1,-1,1,-1,-1,1,1,-1,-1,-1,1,-1,1,-1,1,-1,1,-1,-1,1,-2670.0,1,2000,445,1000,False
834,1,1,-1,-1,1,1,-1,-1,1,1,1,-1,-1,1,1,1,-1,1,-1,-1,-1,-1,1,1,1,-1,-1,-1,1,1,1,1,1,-1,-1,-1,1,1,1,1,-1,-1,-1,1,1,1,1,-1,1,1,1,1,-1,1,-1,-1,1,-1,1,1,1,-1,-1,-1,1,1,1,1,-1,-1,-1,1,1,1,1,-1,-1,-1,1,1,1,-1,-1,-1,1,1,1,1,-1,-1,-1,1,1,1,1,-1,-1,1,1,-1,1,1,-1,-1,1,1,1,1,1,-1,-1,-1,1,1,1,1,-1,-1,1,1,1,1,1,1,-1,-1,1,1,-1,1,1,-1,1,1,1,1,1,1,-1,1,1,1,1,1,1,-1,1,1,1,1,1,1,-1,-1,-1,1,1,1,1,-1,1,1,1,1,-1,1,-1,1,-1,1,1,1,-1,-1,1,1,1,1,1,-1,1,-1,-1,1,-1,1,-1,1,1,1,1,1,1,1,1,1,-1,1,-1,1,-1,1,1,-1,1,-1,1,1,-1,1,-1,1,-1,1,-1,1,1,-1,1,-1,1,1,1,1,-1,-1,1,1,-1,-1,1,-1,1,-1,1,1,-1,1,-1,1,-1,1,-1,-1,1,-1,-1,-1,1,1,-1,1,-1,1,1,1,-1,1,1,-1,1,-1,1,-1,1,-1,1,-1,1,1,-1,1,-1,-1,-1,1,1,-1,1,-1,-1,-1,1,1,-1,-1,1,1,-1,-1,1,1,-1,1,1,-1,1,1,1,1,-1,1,-1,1,1,-1,1,-1,1,-1,1,1,1,1,1,1,-1,-1,1,-1,-1,1,1,1,-1,1,1,1,-1,1,1,1,1,1,1,1,1,-1,1,1,1,-1,1,1,-1,1,1,1,-1,1,1,-1,-1,1,1,1,-1,1,-1,1,1,1,-1,1,1,-1,1,1,1,-1,1,1,-1,1,1,1,-1,1,1,-1,-1,1,1,-1,1,1,-1,1,-1,1,-1,1,1,1,-1,1,1,1,-1,1,1,-1,1,1,-1,1,1,1,-1,-1,-1,-1,1,1,1,-1,1,1,-1,1,1,-1,-1,1,1,1,1,1,-1,1,1,1,-1,1,1,1,1,-1,1,1,1,-1,1,-1,1,-1,1,1,1,1,-1,-1,-1,1,-1,-1,1,-1,1,-1,1,1,1,1,1,-1,-1,1,-1,-1,1,-1,1,-1,1,1,1,1,-1,1,-1,-1,1,-1,1,1,-1,-1,1,1,1,-1,1,-1,-1,-1,1,-1,1,1,-1,-1,1,1,1,1,-1,1,-1,1,-1,1,1,-1,-1,1,1,-1,1,1,-1,-1,-1,1,-1,1,1,1,-1,-1,1,-1,-1,1,-1,-1,-1,1,-1,1,1,1,-1,-1,1,-1,-1,1,-1,-1,-1,1,-1,-1,1,-1,-1,-1,1,-1,-1,1,-1,-1,-1,-1,1,-1,1,-1,-1,-1,1,1,-1,-1,1,1,1,-1,1,-1,1,-1,1,-1,1,-1,-1,-1,1,-1,-1,1,1,1,-1,1,-1,1,1,1,-1,1,1,-1,1,-1,1,-1,-1,1,-1,-1,1,1,1,-1,1,-1,-1,1,1,-1,-1,1,-1,-1,1,1,-1,-1,1,-1,-1,-1,1,1,-1,1,1,-1,-1,1,-1,-1,1,-1,1,-1,1,1,-1,-1,1,-1,-1,-1,-1,-1,1,1,1,-1,-1,1,-1,-1,1,-1,-1,1,-1,-1,1,1,-1,-1,1,-1,-1,1,1,-1,1,-1,-1,-1,-1,1,1,-1,-1,-1,-1,-1,1,-1,-1,1,-1,-1,-1,1,1,-1,-1,-1,-1,-1,1,-1,-1,-1,-1,-1,1,1,1,-1,-1,-1,-1,-1,1,1,-1,-1,-1,-1,-1,1,1,1,-1,-1,-1,-1,1,1,1,-1,-1,-1,1,1,1,1,1,-1,1,1,1,1,1,1,-1,-1,1,1,1,-1,-1,-1,1,1,1,1,-1,1,-1,-1,1,-1,1,-1,1,-1,-1,1,-1,1,1,1,-1,-1,1,-1,1,-1,1,-1,-1,1,-1,1,1,1,-1,-1,1,-1,1,1,1,-1,-1,1,1,-1,1,1,-1,-1,1,-1,1,-1,1,-1,-1,-1,-1,-1,1,1,-1,-1,1,-1,-1,1,1,-1,-1,-1,-1,1,-1,1,-1,-1,-1,-1,-1,1,-1,-1,1,-1,-1,1,-1,1,-1,-1,-1,-1,-1,1,1,1,-1,-1,-1,1,1,1,-1,-1,-1,1,-1,-1,1,-1,1,-1,-1,1,1,1,-1,-1,-1,-1,1,-1,1,1,-1,1,-1,-1,1,1,-1,-1,-1,-1,-1,-1,1,1,-1,-1,1,-1,1,1,-1,-1,-1,1,-1,1,1,-1,-1,1,-1,-1,1,1,1,-1,1,-1,1,1,1,-1,-1,1,-1,-1,1,1,1,-1,1,-1,-1,1,1,-1,1,1,-1,-1,1,1,-1,1,1,-1,-1,1,1,1,1,1,-1,-1,1,1,1,1,-1,1,-1,1,1,1,1,1,-1,-1,1,-1,1,1,1,1,-1,-1,1,-1,1,1,1,-1,1,-1,1,1,-1,1,-1,1,1,1,1,1,1,1,-1,-1,1,1,1,-1,1,-1,1,1,1,1,1,-1,1,-1,1,1,-1,1,1,-1,1,1,-1,1,1,-1,-1,1,1,1,1,-1,1,-1,-1,1,1,-1,-1,1,-1,1,1,1,-1,1,-1,-1,-1,1,1,-1,-1,1,-1,-1,1,1,-1,-1,1,-1,-1,1,1,1,-1,1,-1,-1,1,1,-1,-1,-1,1,-1,1,1,-1,1,1,-1,1,1,-1,-1,1,1,-1,-1,1,1,-1,1,1,-1,1,1,-1,-1,-1,-1,1,-1,-1,-1,-1,-1,-1,-1,1,1,-1,1,1,-1,1,1,1,1,-1,1,-1,1,1,1,-1,-1,1,-1,-1,1,1,-1,-1,1,-1,1,1,1,-1,-1,1,-1,1,1,1,1,-1,1,-1,-1,1,1,-1,-1,-1,1,-1,1,-1,1,-1,1,-1,-1,1,-2670.0,1,2000,445,500,False
835,1,1,-1,-1,1,-1,-1,-1,1,1,1,-1,1,1,1,1,-1,1,-1,-1,1,-1,1,1,1,-1,-1,-1,1,1,1,1,-1,-1,-1,-1,1,-1,1,1,-1,-1,-1,1,1,1,1,-1,1,1,1,1,-1,1,-1,-1,1,-1,1,1,1,-1,-1,-1,1,1,1,1,-1,-1,-1,1,1,1,1,-1,-1,-1,1,1,1,-1,-1,-1,1,1,1,1,-1,-1,-1,1,1,1,1,-1,-1,1,1,-1,1,1,-1,-1,1,1,1,1,1,-1,-1,1,1,1,1,1,-1,-1,1,1,1,1,1,1,-1,-1,1,1,-1,1,1,-1,1,1,1,1,1,1,-1,-1,1,1,1,1,1,-1,1,1,1,1,1,1,-1,-1,-1,1,1,1,1,-1,1,1,1,1,-1,1,-1,1,-1,1,1,1,-1,-1,1,1,1,1,1,-1,1,-1,-1,1,-1,1,-1,1,1,1,1,1,1,1,1,1,1,1,-1,1,-1,1,1,-1,1,-1,1,1,-1,1,-1,1,-1,1,-1,1,1,-1,1,-1,1,1,1,1,-1,-1,1,1,-1,-1,1,-1,1,-1,-1,1,-1,1,-1,1,-1,1,-1,1,1,-1,-1,-1,1,1,-1,1,-1,1,1,1,-1,1,1,-1,-1,-1,1,-1,1,-1,1,-1,1,1,-1,1,-1,-1,-1,1,1,-1,1,-1,-1,-1,1,1,-1,-1,1,1,-1,-1,1,1,-1,1,1,-1,1,1,1,1,-1,1,-1,1,1,-1,1,-1,1,1,1,1,1,1,1,1,-1,-1,1,-1,-1,1,1,1,-1,1,1,1,-1,1,1,1,1,1,1,1,1,-1,1,1,1,-1,1,1,-1,1,1,1,-1,1,1,-1,-1,1,1,1,-1,1,-1,1,1,1,-1,1,1,-1,1,1,1,-1,1,1,-1,1,1,1,-1,1,1,-1,-1,1,1,-1,1,1,-1,1,-1,1,-1,1,1,1,-1,1,1,1,-1,1,1,-1,1,1,-1,1,1,1,-1,-1,-1,-1,1,1,1,-1,1,1,-1,1,1,-1,-1,1,1,1,1,1,-1,1,1,1,-1,1,1,1,1,-1,1,1,-1,-1,1,-1,1,1,1,-1,1,1,-1,-1,-1,1,-1,-1,1,-1,1,-1,1,-1,1,1,1,1,-1,1,-1,-1,1,-1,1,-1,1,-1,1,1,1,1,-1,-1,1,-1,1,1,-1,-1,1,1,1,-1,1,1,-1,-1,1,-1,1,1,-1,-1,1,1,1,1,-1,1,-1,1,-1,1,1,-1,1,-1,1,-1,1,1,-1,-1,-1,1,1,1,1,1,-1,-1,1,-1,-1,1,-1,-1,-1,1,1,1,1,-1,1,-1,1,1,-1,1,-1,-1,-1,-1,1,-1,1,-1,-1,-1,-1,1,-1,1,-1,-1,-1,-1,-1,-1,1,-1,-1,-1,-1,1,-1,-1,1,1,1,-1,1,-1,1,-1,1,1,1,1,-1,-1,1,-1,-1,1,1,1,-1,1,-1,1,1,1,-1,1,1,-1,-1,-1,1,-1,-1,1,-1,-1,1,1,1,-1,1,-1,-1,1,1,-1,-1,1,-1,-1,1,1,-1,-1,1,-1,-1,-1,1,1,-1,1,-1,-1,-1,1,-1,-1,1,-1,1,-1,1,1,-1,-1,1,-1,-1,-1,-1,-1,1,1,1,-1,-1,1,-1,-1,1,-1,-1,1,-1,-1,1,1,-1,-1,1,-1,-1,1,1,-1,1,-1,-1,-1,-1,1,1,-1,-1,-1,-1,1,1,-1,-1,1,-1,-1,-1,1,1,-1,-1,-1,-1,-1,1,-1,-1,-1,-1,-1,1,1,1,-1,-1,-1,-1,-1,1,1,-1,-1,-1,-1,-1,1,1,1,-1,-1,-1,-1,1,1,-1,-1,-1,-1,1,1,1,1,1,-1,1,1,1,1,1,1,-1,-1,1,1,1,1,1,-1,1,1,1,1,-1,1,-1,-1,1,-1,1,-1,1,-1,-1,1,-1,1,1,1,-1,-1,1,-1,1,-1,1,1,-1,1,-1,1,1,1,1,-1,1,-1,1,1,1,-1,-1,1,1,-1,1,1,-1,-1,1,-1,1,-1,1,-1,-1,-1,-1,-1,1,1,-1,-1,1,-1,-1,1,1,-1,-1,-1,-1,1,-1,1,-1,-1,-1,-1,1,-1,-1,-1,1,-1,-1,1,-1,1,-1,-1,-1,-1,-1,-1,1,1,-1,-1,-1,1,1,1,-1,-1,1,-1,-1,-1,1,-1,1,-1,-1,1,1,1,-1,-1,-1,-1,1,-1,1,1,-1,1,-1,-1,1,1,-1,-1,-1,-1,-1,-1,1,1,-1,-1,1,-1,1,1,-1,-1,-1,1,-1,1,1,-1,-1,1,-1,-1,1,1,1,-1,1,-1,1,1,1,-1,-1,1,-1,-1,1,1,1,-1,1,-1,-1,1,1,-1,1,1,-1,-1,1,1,-1,1,1,-1,-1,1,1,-1,1,1,-1,-1,1,1,1,1,1,1,-1,-1,1,1,-1,1,-1,-1,1,-1,1,1,1,1,-1,-1,1,-1,1,1,1,-1,1,1,1,1,-1,1,-1,1,1,1,1,1,1,1,-1,1,1,1,1,-1,1,-1,1,1,1,1,1,-1,1,1,1,1,-1,1,1,-1,1,1,-1,1,1,-1,-1,1,1,1,1,-1,1,-1,1,1,1,-1,-1,1,-1,1,1,1,-1,1,-1,-1,1,1,1,-1,-1,1,-1,-1,1,1,1,-1,1,-1,-1,1,1,1,-1,1,-1,-1,1,1,-1,-1,-1,1,-1,-1,1,-1,1,1,-1,-1,1,-1,-1,1,1,1,-1,1,1,-1,1,1,-1,1,1,-1,-1,-1,-1,1,-1,-1,-1,-1,-1,1,-1,1,1,-1,1,1,-1,1,-1,1,1,-1,1,-1,1,1,1,1,-1,1,-1,1,-1,1,1,-1,1,-1,1,-1,1,1,-1,1,-1,1,1,-1,-1,-1,1,-1,1,-1,1,-1,-1,-1,-1,1,-1,-1,1,-1,1,-1,1,-1,-2670.0,1,2000,445,500,False
836,1,1,-1,-1,1,1,-1,-1,1,1,1,-1,1,1,1,1,-1,1,-1,-1,-1,1,1,1,1,-1,1,-1,1,1,1,1,-1,-1,-1,-1,1,-1,1,1,-1,-1,-1,1,1,1,1,-1,1,1,1,1,-1,1,-1,-1,1,-1,1,1,1,-1,-1,1,1,1,1,1,-1,-1,1,1,1,1,1,-1,-1,-1,1,1,1,-1,-1,-1,1,1,1,1,-1,-1,-1,1,1,1,1,-1,-1,1,1,-1,1,1,-1,-1,1,1,1,1,1,-1,-1,1,1,1,1,1,-1,-1,1,1,1,1,1,1,-1,-1,1,1,-1,1,1,-1,1,1,1,1,1,1,-1,-1,1,1,1,1,1,-1,1,1,1,1,1,1,-1,-1,-1,1,1,1,1,-1,1,-1,1,1,-1,1,-1,1,-1,1,1,1,-1,-1,1,1,1,1,1,-1,1,-1,-1,1,-1,1,-1,1,1,1,1,1,1,1,1,1,-1,1,-1,1,-1,1,1,-1,1,-1,1,1,-1,1,-1,1,-1,1,-1,1,1,-1,-1,-1,1,1,1,1,-1,-1,1,1,-1,-1,1,-1,1,-1,-1,1,-1,1,-1,1,-1,1,-1,1,1,-1,1,-1,1,1,-1,1,-1,1,1,1,-1,1,1,-1,1,-1,1,-1,1,-1,1,-1,1,1,-1,1,-1,-1,-1,1,1,-1,1,-1,-1,-1,1,1,-1,-1,1,1,-1,-1,1,1,-1,1,1,-1,1,1,1,1,-1,1,-1,1,1,-1,1,-1,1,1,1,1,1,1,1,1,-1,-1,1,-1,-1,-1,1,1,-1,1,1,1,-1,1,1,1,1,1,1,1,1,-1,1,1,1,-1,1,1,-1,1,1,1,-1,1,1,-1,-1,1,1,1,-1,1,-1,1,1,1,-1,1,1,-1,1,1,1,-1,1,1,-1,1,1,1,-1,1,1,1,-1,1,1,1,1,1,-1,1,-1,1,-1,1,1,1,-1,1,1,1,-1,1,1,-1,1,1,-1,1,1,1,-1,-1,-1,-1,1,1,1,-1,1,1,-1,1,1,-1,-1,1,1,-1,1,1,-1,1,1,1,1,1,1,1,-1,-1,1,-1,-1,-1,1,-1,1,-1,-1,1,1,1,-1,1,-1,1,-1,-1,1,1,-1,1,-1,1,1,1,1,1,-1,1,-1,-1,1,-1,1,-1,-1,-1,-1,1,1,1,-1,-1,1,-1,1,1,1,-1,1,-1,1,-1,1,1,-1,-1,1,-1,1,1,1,1,-1,-1,1,1,1,1,-1,-1,1,-1,1,1,-1,1,-1,1,1,1,1,-1,-1,-1,-1,1,1,1,-1,1,-1,1,-1,1,1,-1,-1,1,-1,1,1,1,1,-1,1,-1,-1,1,1,1,-1,-1,-1,-1,1,1,-1,-1,1,-1,-1,1,-1,1,-1,-1,-1,-1,1,-1,1,1,-1,1,-1,-1,1,1,1,-1,1,-1,1,-1,1,-1,1,-1,-1,1,1,-1,-1,1,1,-1,1,1,-1,1,1,1,-1,1,1,-1,1,-1,1,-1,-1,1,-1,-1,1,1,-1,-1,1,-1,-1,1,1,1,-1,1,-1,-1,1,1,-1,-1,1,-1,-1,-1,1,1,-1,1,1,-1,-1,1,-1,-1,1,-1,1,-1,1,1,-1,-1,1,-1,-1,-1,-1,-1,1,1,1,-1,-1,1,-1,-1,1,-1,-1,1,-1,-1,-1,1,-1,-1,1,-1,-1,1,1,-1,1,-1,1,-1,-1,1,1,-1,-1,-1,-1,-1,1,-1,-1,1,-1,-1,-1,1,1,-1,-1,-1,-1,-1,1,-1,-1,-1,-1,-1,-1,1,1,-1,-1,-1,-1,1,1,1,-1,-1,-1,-1,-1,1,1,1,-1,-1,-1,-1,1,1,-1,-1,-1,-1,1,1,1,1,-1,-1,1,1,1,1,1,-1,-1,-1,1,1,1,-1,1,-1,1,1,1,1,-1,1,-1,-1,1,-1,1,-1,1,-1,-1,1,-1,1,-1,-1,-1,-1,1,-1,1,-1,1,1,-1,1,-1,1,-1,1,1,-1,1,-1,1,-1,-1,-1,-1,1,1,-1,-1,-1,-1,-1,1,-1,1,-1,-1,-1,-1,-1,-1,-1,1,-1,-1,-1,1,-1,-1,1,-1,-1,-1,-1,-1,1,1,-1,-1,-1,-1,-1,1,-1,-1,-1,1,-1,-1,1,-1,1,-1,-1,-1,-1,-1,-1,-1,1,-1,-1,-1,1,1,-1,-1,-1,1,1,-1,-1,-1,-1,1,-1,-1,1,-1,1,-1,-1,-1,-1,1,1,1,1,-1,1,-1,-1,-1,1,-1,-1,-1,-1,-1,-1,1,1,-1,-1,1,-1,1,1,-1,-1,-1,1,-1,1,1,-1,-1,1,-1,-1,1,1,1,-1,1,-1,1,1,1,-1,-1,1,-1,-1,1,1,1,-1,1,-1,-1,1,1,-1,1,1,-1,-1,1,1,-1,1,1,-1,-1,1,1,-1,1,1,-1,-1,1,1,1,1,1,1,-1,1,1,1,1,1,-1,-1,1,-1,1,1,1,1,-1,-1,1,-1,1,1,1,-1,1,1,1,1,-1,1,-1,1,1,1,1,1,1,1,-1,1,1,1,1,-1,1,-1,1,1,1,1,1,1,1,1,1,1,-1,1,-1,1,1,1,-1,1,1,1,1,-1,1,1,1,-1,1,1,1,1,1,-1,-1,1,-1,1,1,1,-1,1,-1,1,1,1,1,-1,-1,1,1,-1,1,1,-1,-1,1,1,-1,-1,1,1,1,-1,-1,1,1,1,-1,-1,-1,-1,1,-1,1,-1,1,1,1,1,1,-1,-1,1,1,1,1,1,1,-1,1,-1,1,1,1,-1,-1,-1,-1,-1,-1,-1,-1,-1,1,-1,1,1,1,-1,1,1,-1,-1,1,1,1,-1,1,-1,1,1,1,1,-1,1,-1,1,1,1,1,-1,1,-1,1,1,1,1,-1,1,-1,1,-1,1,-1,-1,1,-1,-1,1,1,-1,-1,-1,-1,1,1,1,1,-1,1,-1,-1,1,-2670.0,1,2000,445,500,False
837,1,1,-1,-1,1,1,-1,-1,1,1,1,-1,1,1,1,1,-1,1,-1,-1,-1,-1,1,1,1,-1,-1,-1,1,1,1,1,-1,-1,-1,-1,1,-1,1,1,-1,-1,-1,1,1,1,1,-1,1,1,1,1,-1,1,-1,-1,1,-1,1,1,1,-1,-1,-1,1,1,1,1,-1,-1,-1,1,1,1,1,-1,-1,-1,1,1,1,-1,-1,-1,1,1,1,1,-1,-1,-1,1,1,1,1,-1,-1,1,1,-1,1,1,-1,-1,1,1,1,1,1,-1,-1,-1,1,-1,1,1,-1,-1,1,1,1,1,1,1,-1,-1,1,1,-1,1,1,-1,1,1,1,1,1,1,-1,1,1,1,1,1,1,-1,1,1,1,1,1,1,-1,-1,-1,1,1,1,1,-1,1,1,1,1,-1,1,-1,1,-1,1,1,1,-1,-1,1,1,1,1,1,-1,1,-1,-1,1,-1,1,-1,1,1,1,1,1,1,1,1,1,-1,1,-1,1,-1,1,1,-1,1,-1,1,1,-1,1,-1,1,-1,1,-1,1,1,-1,-1,-1,1,1,1,1,-1,-1,1,1,-1,-1,1,-1,1,-1,-1,1,-1,1,-1,1,-1,1,-1,-1,1,-1,-1,-1,1,1,-1,1,-1,1,1,1,-1,1,1,-1,1,-1,1,-1,1,-1,1,-1,1,1,-1,1,-1,-1,-1,1,1,-1,1,-1,-1,-1,1,1,-1,-1,1,1,-1,-1,1,1,-1,1,1,-1,1,1,1,1,-1,1,-1,1,1,-1,1,-1,1,-1,1,1,1,1,1,1,-1,-1,1,-1,-1,-1,1,1,-1,1,1,1,-1,1,1,1,1,1,1,1,1,-1,1,1,1,-1,-1,1,-1,1,1,1,-1,1,1,-1,-1,1,1,1,-1,1,-1,1,1,1,-1,1,1,-1,1,1,1,-1,1,1,-1,1,1,1,-1,1,1,1,-1,1,1,-1,1,1,-1,1,-1,1,-1,1,1,1,-1,1,1,1,-1,1,1,-1,1,1,-1,1,1,1,-1,-1,-1,-1,1,1,1,-1,1,1,-1,1,1,-1,-1,1,1,1,1,1,-1,1,1,1,-1,1,1,1,1,-1,1,1,1,-1,1,-1,1,1,1,1,1,1,-1,-1,-1,1,-1,-1,1,-1,1,-1,1,1,1,1,1,-1,-1,1,-1,-1,1,-1,1,-1,1,1,1,1,1,1,-1,-1,1,-1,1,1,-1,-1,1,1,1,-1,1,-1,-1,-1,1,-1,1,1,-1,-1,1,1,1,1,-1,1,-1,1,-1,1,1,-1,1,-1,1,-1,1,1,-1,-1,-1,1,-1,1,1,1,-1,-1,1,-1,-1,1,-1,-1,-1,1,-1,1,1,1,-1,-1,1,1,-1,1,-1,-1,-1,-1,1,1,1,-1,-1,-1,1,-1,-1,1,-1,-1,-1,-1,1,-1,1,-1,-1,-1,-1,1,-1,-1,1,1,1,-1,1,-1,1,1,1,-1,1,-1,-1,-1,1,-1,-1,1,1,1,-1,1,-1,1,1,1,-1,1,1,-1,-1,-1,1,-1,-1,1,-1,-1,1,1,1,-1,1,-1,-1,1,1,-1,-1,1,-1,-1,1,1,-1,-1,1,-1,-1,-1,1,1,-1,1,1,-1,-1,1,-1,-1,1,-1,1,-1,1,1,-1,-1,1,-1,-1,-1,-1,-1,1,1,1,-1,-1,1,-1,-1,1,-1,-1,1,-1,-1,1,1,-1,-1,1,1,-1,1,1,-1,1,-1,1,-1,-1,1,1,-1,-1,-1,-1,-1,1,-1,-1,1,-1,-1,-1,1,1,-1,-1,-1,-1,-1,1,-1,-1,-1,-1,-1,-1,1,1,-1,-1,-1,-1,1,1,1,-1,-1,-1,-1,-1,1,1,1,-1,-1,-1,-1,1,1,-1,-1,-1,-1,1,1,1,1,1,-1,1,1,1,1,1,1,-1,-1,1,1,1,-1,-1,-1,1,1,1,1,-1,1,-1,-1,1,-1,1,-1,1,-1,-1,1,-1,1,-1,1,-1,-1,1,-1,1,-1,1,1,-1,1,-1,1,1,1,1,-1,1,-1,1,1,1,-1,-1,1,1,-1,1,1,-1,-1,1,-1,1,-1,1,-1,-1,-1,-1,-1,1,1,-1,-1,1,-1,-1,1,1,-1,-1,-1,-1,1,-1,1,-1,-1,-1,-1,1,1,-1,-1,1,-1,-1,1,-1,1,-1,-1,-1,-1,-1,1,1,1,-1,-1,-1,1,1,1,-1,-1,1,-1,-1,-1,1,-1,1,-1,-1,1,1,1,-1,-1,-1,-1,1,-1,1,1,-1,1,-1,-1,1,1,-1,-1,-1,-1,-1,-1,1,1,-1,-1,1,-1,1,1,-1,-1,-1,1,-1,1,1,-1,-1,1,-1,-1,1,1,1,-1,1,-1,1,1,1,-1,-1,1,-1,-1,1,1,1,-1,1,-1,-1,1,1,-1,1,1,-1,-1,1,1,1,1,1,-1,-1,1,1,-1,1,1,-1,-1,1,1,1,1,-1,1,-1,-1,1,1,1,1,-1,-1,1,-1,1,1,1,1,-1,-1,1,-1,1,1,1,-1,1,1,1,1,-1,1,-1,1,1,1,1,1,1,1,-1,1,1,1,1,-1,1,-1,1,1,1,1,1,-1,1,1,1,1,-1,1,1,-1,1,1,-1,1,1,-1,-1,1,1,1,1,-1,1,-1,1,1,1,-1,-1,1,-1,1,1,1,-1,1,-1,-1,-1,1,1,-1,-1,1,-1,-1,1,1,-1,-1,1,-1,-1,1,1,1,-1,1,-1,-1,1,1,-1,-1,-1,1,-1,1,1,-1,1,1,-1,1,1,-1,-1,1,-1,-1,-1,1,1,-1,1,1,-1,1,1,-1,-1,-1,-1,1,-1,-1,-1,-1,1,-1,-1,1,1,-1,1,1,-1,1,1,1,1,-1,1,-1,1,1,1,-1,-1,1,-1,-1,-1,1,-1,-1,1,-1,1,1,1,-1,-1,1,-1,1,1,1,1,-1,1,-1,-1,1,1,-1,-1,-1,1,-1,1,1,1,-1,1,-1,-1,1,-2670.0,1,2000,445,500,False
838,1,1,-1,-1,1,-1,-1,-1,1,1,1,-1,1,1,1,1,-1,1,-1,-1,1,-1,1,1,1,-1,-1,-1,1,1,1,1,-1,-1,-1,-1,1,1,1,1,-1,-1,-1,1,1,1,1,-1,1,1,1,1,-1,1,-1,-1,1,-1,1,1,1,-1,-1,-1,1,1,1,1,-1,-1,-1,1,1,1,1,-1,-1,-1,1,1,1,-1,-1,-1,1,1,1,1,-1,-1,-1,1,1,1,1,-1,-1,1,1,-1,1,1,-1,-1,1,1,1,1,1,-1,-1,1,1,1,1,1,-1,-1,1,1,1,1,1,1,-1,1,1,1,-1,1,1,-1,1,1,1,1,1,1,-1,-1,1,1,1,1,1,-1,1,1,1,1,1,1,-1,-1,-1,1,1,1,1,-1,1,1,1,1,-1,1,-1,1,1,1,1,1,-1,-1,1,1,1,1,1,-1,1,-1,-1,1,-1,1,-1,1,1,1,1,1,1,1,1,1,-1,1,-1,1,-1,1,1,-1,1,-1,1,1,-1,1,-1,1,-1,1,-1,1,1,-1,1,-1,1,1,1,1,-1,-1,1,1,-1,-1,1,-1,1,-1,1,1,-1,1,-1,1,-1,1,-1,-1,1,-1,-1,-1,1,1,-1,1,-1,1,1,1,-1,1,1,-1,1,-1,1,-1,1,-1,1,-1,1,1,-1,1,-1,-1,-1,1,1,-1,1,-1,-1,-1,1,1,-1,-1,1,1,-1,-1,1,1,-1,1,1,-1,1,1,1,1,-1,1,-1,1,1,-1,1,-1,1,-1,1,1,1,1,1,1,-1,-1,1,-1,-1,-1,1,1,-1,1,1,1,-1,1,1,1,1,1,1,1,1,-1,1,1,1,-1,1,1,-1,1,1,1,-1,1,1,-1,-1,1,1,1,-1,1,-1,1,1,1,-1,1,1,-1,1,1,1,-1,1,1,-1,1,1,1,-1,1,1,-1,-1,1,1,-1,1,1,-1,1,-1,1,-1,1,1,1,-1,1,1,1,-1,1,1,-1,1,1,-1,1,1,1,-1,-1,-1,-1,1,1,1,-1,1,1,-1,1,1,-1,-1,1,1,1,1,1,-1,1,1,1,-1,1,1,1,-1,-1,1,1,1,-1,1,-1,1,1,1,1,1,1,-1,-1,-1,1,-1,-1,1,1,-1,1,1,1,1,1,1,1,-1,1,-1,-1,1,-1,1,-1,1,1,-1,1,1,1,-1,-1,1,-1,1,1,1,-1,1,1,1,-1,1,1,-1,-1,1,-1,1,1,1,-1,1,1,1,1,1,1,-1,1,-1,1,1,1,-1,-1,1,-1,-1,1,1,-1,-1,1,-1,1,1,1,-1,-1,1,-1,-1,1,1,-1,-1,1,-1,1,1,1,1,-1,1,1,-1,-1,1,1,-1,-1,1,1,-1,1,-1,-1,1,-1,-1,1,-1,1,-1,-1,1,-1,1,-1,1,1,-1,1,-1,-1,1,1,1,-1,1,-1,1,-1,1,-1,1,-1,-1,-1,1,-1,-1,1,1,1,-1,1,-1,1,1,1,-1,1,1,-1,-1,-1,1,-1,1,1,-1,-1,1,1,1,-1,1,-1,-1,1,1,-1,-1,1,-1,-1,1,1,-1,-1,1,-1,-1,-1,1,1,-1,1,1,-1,-1,1,-1,-1,1,-1,1,-1,1,1,-1,-1,1,-1,-1,-1,-1,-1,-1,1,1,-1,1,1,-1,1,1,-1,-1,-1,-1,-1,1,1,-1,-1,-1,-1,-1,1,1,-1,1,1,-1,-1,-1,1,1,-1,-1,-1,-1,-1,1,-1,-1,1,-1,-1,-1,1,1,-1,-1,-1,-1,-1,1,-1,-1,1,-1,-1,1,1,1,-1,1,-1,-1,-1,1,1,-1,-1,-1,-1,-1,1,1,1,-1,-1,-1,-1,1,1,-1,-1,-1,-1,1,1,1,1,-1,-1,1,1,1,1,1,-1,-1,-1,1,1,1,1,1,-1,1,1,1,1,-1,1,-1,-1,1,-1,1,-1,1,-1,-1,1,-1,1,-1,-1,-1,-1,1,-1,1,-1,1,-1,-1,1,-1,1,-1,1,-1,-1,1,-1,1,-1,-1,-1,-1,1,1,-1,-1,-1,-1,-1,1,-1,1,-1,-1,-1,-1,-1,-1,-1,1,-1,-1,-1,1,-1,-1,1,-1,-1,-1,-1,-1,1,1,-1,-1,-1,-1,-1,1,-1,-1,-1,1,-1,-1,1,-1,1,-1,-1,-1,-1,-1,-1,-1,1,-1,-1,-1,1,1,-1,-1,-1,-1,1,-1,-1,-1,-1,1,-1,-1,1,-1,1,-1,-1,-1,-1,1,-1,1,1,-1,1,-1,-1,1,1,-1,-1,-1,-1,-1,-1,1,1,-1,-1,1,-1,1,1,-1,-1,-1,1,-1,1,1,-1,-1,1,-1,-1,1,1,1,-1,1,-1,1,1,1,-1,-1,1,-1,-1,1,1,1,-1,1,-1,-1,1,1,-1,1,1,-1,-1,1,1,-1,1,1,-1,-1,1,1,-1,1,1,-1,-1,1,1,1,1,-1,1,-1,-1,1,1,-1,1,-1,-1,1,-1,1,1,1,1,-1,-1,1,-1,1,1,1,-1,1,1,1,1,-1,1,-1,1,1,1,1,1,1,1,-1,1,1,1,1,-1,1,-1,1,1,1,1,1,-1,1,1,1,1,-1,1,1,-1,1,1,-1,1,1,-1,-1,1,1,1,1,-1,1,-1,1,1,1,-1,-1,1,-1,1,1,1,-1,1,-1,-1,-1,1,1,-1,-1,1,-1,-1,1,1,-1,-1,1,-1,-1,1,1,1,-1,1,-1,-1,1,1,-1,-1,-1,1,-1,-1,1,-1,1,1,-1,1,1,-1,-1,1,-1,-1,-1,1,1,-1,1,1,-1,1,1,-1,-1,-1,-1,1,-1,-1,-1,-1,-1,-1,-1,1,1,-1,1,1,-1,1,1,1,1,-1,1,-1,1,1,1,1,-1,1,-1,-1,-1,1,1,-1,1,-1,1,1,1,1,-1,1,-1,1,1,-1,-1,-1,1,-1,-1,1,1,-1,-1,-1,1,-1,1,-1,1,-1,1,-1,-1,1,-2670.0,1,2000,445,500,False
839,1,1,-1,-1,1,1,-1,-1,1,1,1,-1,-1,1,1,1,-1,1,-1,-1,-1,-1,1,1,1,-1,-1,-1,1,1,1,1,1,-1,-1,-1,1,-1,1,1,-1,-1,-1,1,1,1,1,-1,1,1,1,1,-1,1,-1,-1,1,-1,1,1,1,-1,-1,-1,1,1,1,1,-1,-1,-1,1,1,1,1,-1,-1,-1,1,1,1,-1,-1,-1,1,1,1,1,-1,-1,1,1,1,1,1,-1,-1,-1,1,-1,1,1,-1,-1,1,1,1,1,1,-1,-1,-1,1,-1,1,1,-1,-1,1,1,1,1,1,1,-1,-1,1,1,-1,1,1,-1,1,1,1,1,1,1,-1,1,1,1,1,1,1,-1,1,1,1,1,1,1,-1,-1,-1,1,1,1,1,-1,1,1,1,1,-1,1,-1,1,-1,1,1,1,-1,-1,1,1,1,1,1,-1,1,-1,-1,1,-1,1,-1,1,1,1,1,1,1,1,1,1,-1,1,-1,1,-1,1,1,-1,1,-1,1,1,-1,1,-1,1,-1,1,-1,1,1,-1,1,-1,1,1,1,1,-1,-1,1,1,-1,-1,1,-1,1,-1,1,1,-1,1,-1,1,-1,1,-1,-1,1,-1,-1,-1,1,1,-1,1,-1,1,1,1,-1,1,1,-1,1,-1,1,-1,1,-1,1,-1,1,1,-1,1,-1,-1,-1,1,1,-1,1,-1,-1,-1,1,1,-1,-1,1,1,-1,-1,1,1,-1,1,1,-1,1,1,1,1,-1,1,-1,1,1,-1,1,-1,1,-1,1,1,1,1,1,1,-1,-1,1,-1,-1,1,1,1,-1,1,1,1,-1,1,1,1,1,1,1,-1,1,-1,1,1,1,-1,1,1,-1,1,1,1,-1,1,1,-1,-1,1,1,1,-1,1,-1,1,1,1,-1,1,1,-1,1,1,1,-1,1,1,-1,1,1,1,-1,1,1,-1,-1,1,1,-1,1,1,-1,1,-1,1,-1,1,1,1,-1,1,1,1,-1,1,1,-1,1,1,-1,1,-1,1,-1,-1,-1,-1,1,1,1,-1,1,1,-1,1,1,-1,-1,1,1,1,1,1,-1,1,1,1,-1,1,1,1,-1,-1,1,1,1,-1,1,-1,1,1,1,1,1,1,-1,-1,-1,1,-1,-1,1,1,-1,1,1,-1,1,1,1,1,-1,1,-1,-1,1,-1,1,-1,1,1,1,1,1,1,-1,-1,1,-1,1,1,1,-1,1,1,1,-1,1,1,-1,-1,1,-1,1,1,1,-1,1,1,1,1,1,1,-1,1,-1,1,1,1,-1,-1,1,-1,-1,1,1,-1,-1,1,-1,1,1,1,-1,-1,1,-1,-1,1,1,-1,-1,1,-1,1,1,1,1,-1,1,1,-1,-1,1,1,-1,-1,1,1,-1,1,-1,-1,1,1,-1,1,-1,1,-1,-1,1,-1,1,-1,1,-1,-1,1,-1,-1,1,1,1,-1,1,-1,1,-1,-1,-1,1,-1,-1,-1,1,-1,-1,-1,1,1,-1,1,-1,1,1,1,-1,1,1,-1,1,-1,1,-1,-1,1,-1,-1,1,1,1,-1,1,-1,-1,1,1,-1,-1,1,-1,-1,1,1,-1,-1,1,-1,-1,-1,1,1,-1,1,1,-1,-1,1,-1,-1,1,-1,1,-1,1,1,-1,-1,1,-1,-1,-1,-1,-1,1,1,1,-1,1,1,-1,-1,1,-1,-1,-1,-1,-1,1,1,-1,-1,-1,1,-1,1,1,-1,1,1,1,-1,-1,1,1,-1,-1,-1,-1,-1,1,-1,-1,1,-1,-1,-1,1,1,-1,-1,-1,-1,-1,1,-1,-1,1,-1,-1,1,1,1,-1,1,-1,-1,-1,1,1,-1,-1,-1,-1,-1,1,1,1,-1,-1,-1,-1,1,1,-1,-1,-1,-1,1,1,1,1,-1,-1,1,1,1,1,1,-1,-1,-1,1,1,1,-1,1,-1,1,1,1,1,-1,1,-1,-1,1,-1,1,-1,1,-1,-1,1,-1,1,-1,-1,-1,-1,1,-1,1,-1,1,1,-1,1,-1,1,-1,1,1,-1,1,-1,1,-1,-1,-1,-1,1,1,-1,-1,-1,-1,-1,1,-1,1,-1,-1,-1,-1,-1,-1,-1,1,-1,-1,-1,1,-1,-1,1,-1,-1,-1,-1,-1,1,1,-1,-1,-1,-1,-1,1,-1,-1,-1,1,-1,-1,1,-1,1,-1,-1,-1,-1,-1,-1,-1,1,-1,-1,-1,1,1,-1,-1,-1,-1,1,-1,-1,-1,-1,1,-1,-1,1,-1,1,-1,-1,-1,-1,1,-1,1,1,-1,1,-1,-1,1,1,-1,-1,-1,-1,-1,-1,1,1,-1,-1,1,-1,1,1,-1,-1,-1,1,-1,1,1,-1,-1,1,-1,-1,1,1,1,-1,1,-1,1,1,1,-1,-1,1,-1,-1,1,1,1,-1,1,-1,-1,1,1,-1,1,1,-1,-1,1,1,-1,1,1,-1,-1,1,1,1,1,1,-1,-1,1,1,1,1,-1,1,-1,-1,1,1,1,1,-1,-1,1,-1,1,1,1,1,-1,-1,1,-1,1,1,1,-1,1,1,1,1,-1,1,-1,1,1,1,1,1,1,1,-1,1,1,1,1,-1,1,-1,1,1,1,1,1,-1,1,1,1,1,-1,1,1,-1,1,1,-1,1,1,-1,-1,1,1,1,1,-1,1,-1,1,1,1,-1,-1,1,-1,1,1,1,-1,1,-1,-1,-1,1,1,-1,-1,1,-1,-1,1,1,1,-1,1,-1,-1,1,1,1,-1,1,-1,-1,1,1,-1,-1,-1,1,-1,1,1,-1,1,1,-1,1,1,-1,-1,1,1,-1,-1,1,1,-1,1,1,-1,1,1,-1,-1,-1,-1,1,-1,-1,-1,-1,1,-1,-1,1,1,-1,1,1,-1,1,1,1,1,-1,1,-1,1,1,1,-1,-1,1,-1,-1,-1,1,-1,-1,1,-1,1,1,1,-1,-1,1,-1,1,1,1,1,-1,1,-1,-1,1,1,1,-1,-1,1,-1,1,1,1,-1,1,-1,-1,1,-2670.0,1,2000,445,500,False
840,1,1,-1,-1,1,-1,1,-1,1,1,1,-1,1,1,1,1,-1,1,-1,-1,1,-1,1,1,1,-1,-1,-1,1,1,1,1,1,-1,-1,-1,1,-1,1,-1,-1,-1,-1,1,1,1,1,-1,1,1,1,1,-1,1,-1,-1,1,-1,1,1,1,-1,-1,-1,1,1,1,1,-1,-1,-1,1,1,1,1,-1,-1,-1,1,1,1,-1,-1,-1,1,1,1,1,-1,-1,-1,1,1,1,1,-1,-1,1,1,-1,1,1,-1,-1,1,1,1,1,1,-1,-1,1,1,1,1,1,-1,-1,1,1,1,1,1,1,-1,-1,1,1,-1,1,1,-1,1,1,1,1,1,1,-1,-1,1,1,1,1,1,-1,1,1,1,1,1,1,-1,-1,-1,1,1,1,1,-1,1,1,1,1,-1,1,-1,1,-1,1,1,1,-1,-1,1,1,1,1,1,-1,1,-1,-1,1,-1,1,-1,1,1,1,1,1,1,1,1,1,-1,1,-1,1,-1,1,1,-1,1,-1,1,1,-1,1,-1,1,-1,1,-1,1,1,-1,1,-1,1,1,1,1,-1,-1,1,1,-1,-1,1,-1,1,-1,1,1,-1,1,-1,1,-1,1,-1,1,1,-1,-1,-1,1,1,-1,1,-1,1,1,1,-1,1,1,-1,1,-1,1,-1,1,-1,1,-1,1,1,-1,1,-1,-1,-1,1,1,-1,1,-1,-1,-1,1,1,-1,-1,1,1,-1,-1,1,1,-1,1,1,-1,1,1,1,1,-1,1,-1,1,1,-1,1,-1,1,-1,1,1,1,1,1,1,-1,-1,1,-1,-1,-1,1,1,-1,1,1,1,-1,1,1,1,1,1,1,1,1,-1,1,1,1,-1,1,1,-1,1,1,1,-1,1,1,-1,-1,1,1,1,-1,1,-1,1,1,1,-1,1,1,-1,1,1,1,-1,1,1,-1,1,1,1,-1,1,1,-1,-1,1,1,-1,1,1,-1,1,-1,1,-1,1,1,1,-1,1,1,1,1,1,1,-1,1,1,-1,1,-1,1,-1,-1,-1,-1,1,1,1,-1,1,1,-1,1,1,-1,-1,1,1,1,1,1,-1,1,1,1,-1,1,1,1,1,-1,1,1,1,-1,1,-1,1,1,1,1,1,1,-1,-1,-1,1,-1,-1,1,1,-1,1,1,1,1,1,1,1,-1,1,-1,-1,1,-1,1,-1,1,1,-1,1,1,1,-1,-1,1,-1,1,1,1,-1,1,1,1,-1,1,1,-1,-1,1,-1,1,1,1,-1,1,1,1,1,1,1,-1,1,-1,1,1,1,-1,-1,1,-1,1,1,1,-1,-1,1,-1,1,1,1,-1,-1,1,1,-1,1,1,-1,-1,1,-1,1,1,1,1,-1,1,1,-1,1,1,1,-1,-1,-1,-1,1,1,-1,-1,1,-1,-1,1,-1,1,-1,-1,1,-1,1,-1,1,-1,-1,1,-1,-1,1,1,1,-1,1,-1,1,-1,-1,-1,1,-1,-1,-1,1,-1,-1,1,1,1,-1,1,-1,1,1,1,-1,1,1,-1,1,-1,1,-1,-1,1,-1,-1,1,1,1,-1,1,-1,-1,1,1,-1,-1,1,-1,-1,1,1,-1,-1,1,-1,-1,-1,1,1,-1,1,1,-1,-1,1,-1,-1,1,-1,1,-1,1,1,-1,-1,1,-1,-1,-1,-1,-1,1,1,1,-1,-1,1,-1,-1,1,-1,-1,1,-1,-1,1,1,-1,-1,1,-1,-1,1,1,-1,1,-1,-1,-1,-1,1,1,-1,-1,-1,-1,-1,1,-1,-1,1,-1,-1,-1,1,1,-1,-1,-1,-1,-1,1,-1,-1,-1,-1,-1,1,1,1,-1,-1,-1,-1,-1,1,1,-1,-1,-1,-1,-1,1,1,1,-1,-1,-1,-1,1,1,-1,-1,-1,-1,1,1,1,1,-1,-1,1,1,1,1,1,-1,-1,-1,1,1,1,-1,1,-1,1,1,1,1,-1,1,-1,-1,1,-1,1,-1,1,-1,-1,1,-1,1,-1,-1,-1,-1,1,-1,1,-1,1,1,-1,1,-1,1,-1,1,1,-1,1,-1,1,-1,-1,-1,-1,1,1,-1,-1,-1,-1,-1,1,-1,1,-1,-1,-1,-1,-1,-1,-1,1,-1,-1,-1,1,-1,-1,1,-1,-1,-1,-1,-1,1,1,-1,-1,-1,-1,-1,1,-1,-1,-1,1,-1,-1,1,-1,1,-1,-1,-1,-1,-1,-1,-1,1,-1,-1,-1,1,1,-1,-1,-1,-1,1,-1,-1,-1,-1,1,-1,-1,1,-1,1,-1,-1,-1,-1,1,-1,1,1,-1,1,-1,-1,1,1,-1,-1,-1,-1,-1,-1,1,1,-1,-1,1,-1,1,1,-1,-1,-1,1,-1,1,1,-1,-1,1,-1,-1,1,1,1,-1,1,-1,1,1,1,-1,-1,1,-1,-1,1,1,1,-1,1,-1,-1,1,1,-1,1,1,-1,-1,1,1,1,1,1,-1,-1,1,1,-1,1,1,-1,-1,1,1,1,1,1,1,-1,-1,1,1,1,1,-1,-1,1,-1,1,1,1,1,-1,-1,1,-1,1,1,1,-1,1,1,1,1,-1,1,-1,1,1,1,1,1,1,1,-1,1,1,1,1,-1,1,-1,1,1,1,1,1,-1,1,1,1,1,-1,1,1,-1,1,1,-1,1,1,-1,-1,1,1,1,1,-1,1,-1,1,1,1,-1,-1,1,-1,1,1,1,-1,1,-1,-1,-1,1,1,-1,-1,1,-1,-1,1,1,1,-1,1,-1,-1,1,1,1,-1,1,-1,-1,1,1,-1,-1,-1,1,-1,-1,1,-1,1,1,-1,1,1,-1,-1,1,-1,-1,-1,1,1,-1,1,1,-1,1,1,-1,-1,-1,-1,1,-1,-1,-1,-1,-1,-1,-1,1,1,-1,1,1,-1,1,1,1,1,-1,1,-1,1,1,1,1,-1,1,-1,-1,1,1,1,-1,1,-1,1,1,1,1,-1,1,-1,1,1,-1,-1,-1,1,-1,-1,1,1,-1,-1,-1,1,-1,1,-1,1,-1,1,-1,-1,1,-2670.0,1,2000,445,500,False
841,-1,-1,1,1,1,1,-1,1,-1,-1,-1,1,-1,1,-1,-1,1,-1,1,1,1,-1,-1,-1,-1,1,-1,-1,-1,-1,-1,-1,1,1,-1,-1,1,-1,-1,-1,1,-1,-1,-1,-1,-1,-1,-1,1,1,-1,-1,1,-1,1,-1,-1,1,-1,-1,-1,1,1,1,-1,-1,-1,-1,-1,-1,-1,1,-1,-1,-1,-1,1,-1,1,-1,-1,1,1,-1,1,-1,-1,-1,-1,1,-1,-1,-1,-1,-1,-1,-1,1,1,1,-1,-1,-1,-1,1,1,1,-1,-1,-1,-1,1,1,1,-1,-1,-1,-1,1,1,1,-1,-1,-1,-1,1,1,1,1,-1,-1,-1,1,1,1,-1,-1,-1,-1,1,1,1,1,-1,-1,-1,-1,1,1,-1,-1,-1,-1,1,-1,1,1,-1,-1,-1,1,1,1,1,-1,-1,-1,1,-1,1,-1,-1,-1,-1,1,1,1,-1,-1,-1,1,-1,-1,1,-1,-1,-1,1,1,1,1,1,-1,1,1,1,-1,1,-1,-1,-1,1,1,-1,1,1,-1,-1,-1,1,-1,1,-1,-1,-1,1,1,-1,1,-1,-1,1,1,1,-1,-1,1,-1,-1,-1,1,-1,1,1,-1,1,-1,1,-1,1,1,-1,-1,1,1,-1,-1,1,1,-1,-1,1,-1,1,1,1,-1,1,-1,-1,1,1,-1,-1,1,1,1,-1,1,-1,-1,1,-1,-1,1,-1,1,-1,1,-1,-1,-1,-1,1,-1,-1,1,1,-1,-1,-1,-1,-1,1,1,-1,1,-1,1,1,-1,1,-1,1,1,-1,1,-1,1,1,-1,1,-1,-1,-1,1,-1,-1,1,-1,-1,-1,1,1,-1,1,1,1,-1,1,-1,-1,1,1,-1,1,1,-1,1,1,-1,1,-1,1,-1,1,1,-1,-1,1,1,-1,1,-1,1,1,-1,1,-1,1,1,1,-1,1,1,-1,1,1,1,-1,1,-1,-1,1,1,1,-1,1,-1,-1,1,1,1,-1,1,-1,-1,-1,-1,1,-1,1,1,-1,1,1,1,1,-1,1,-1,-1,-1,1,-1,1,-1,-1,1,-1,-1,-1,1,-1,-1,1,-1,1,-1,1,-1,1,-1,1,1,1,1,-1,1,-1,1,1,-1,1,-1,-1,-1,-1,1,1,1,1,-1,-1,1,1,1,1,-1,-1,1,-1,-1,1,-1,1,-1,1,-1,1,1,1,-1,-1,1,1,-1,1,-1,1,-1,-1,1,-1,1,1,-1,-1,-1,1,-1,-1,1,1,-1,-1,-1,-1,1,1,-1,1,-1,1,-1,-1,1,1,-1,1,1,-1,1,1,-1,-1,1,1,-1,1,-1,1,-1,1,-1,-1,1,-1,1,-1,1,-1,-1,1,-1,-1,-1,1,-1,-1,1,1,1,-1,1,-1,-1,1,-1,-1,1,-1,1,-1,1,1,1,-1,1,1,-1,-1,-1,1,-1,1,-1,-1,1,-1,1,1,-1,1,-1,-1,1,1,-1,-1,1,-1,-1,1,1,1,1,1,1,-1,1,1,1,-1,-1,1,1,-1,-1,-1,1,-1,1,1,1,1,-1,1,-1,1,-1,-1,-1,1,1,-1,1,1,-1,1,-1,1,-1,1,1,-1,1,-1,1,-1,-1,-1,-1,1,-1,1,-1,-1,-1,-1,1,-1,1,-1,1,1,1,-1,-1,1,-1,1,1,-1,1,-1,1,-1,-1,1,-1,1,-1,-1,1,1,1,1,1,-1,1,1,1,1,-1,1,-1,-1,1,1,1,-1,-1,-1,1,1,1,1,-1,-1,-1,1,-1,1,-1,1,1,-1,-1,1,1,1,-1,-1,-1,-1,1,1,1,1,1,-1,-1,1,1,1,1,1,-1,-1,1,-1,1,-1,1,-1,1,1,1,1,1,1,-1,-1,1,-1,1,1,1,-1,-1,1,1,-1,1,1,-1,-1,1,1,1,1,1,1,-1,-1,1,-1,1,1,-1,1,-1,1,1,-1,1,-1,1,1,-1,1,1,1,-1,-1,1,-1,1,1,1,1,1,-1,1,-1,1,1,1,-1,1,-1,1,-1,1,1,-1,1,-1,1,-1,1,1,-1,1,-1,-1,1,1,1,1,-1,-1,1,-1,1,1,-1,-1,1,-1,-1,1,1,1,-1,-1,1,-1,1,1,-1,-1,-1,1,-1,1,1,-1,-1,-1,1,-1,1,1,1,1,1,1,-1,1,1,-1,-1,1,-1,-1,1,-1,1,-1,1,-1,1,1,1,1,-1,-1,-1,-1,-1,1,1,-1,1,1,-1,1,1,1,-1,1,-1,-1,1,1,1,-1,1,1,1,1,1,-1,-1,1,-1,1,1,1,1,1,-1,1,1,1,1,1,1,-1,-1,1,-1,1,1,1,-1,1,1,1,1,1,1,-1,1,1,1,1,1,1,-1,1,1,-1,1,1,-1,1,1,1,1,1,1,-1,-1,1,-1,1,1,1,-1,-1,1,1,1,1,1,1,-1,1,1,1,1,1,1,-1,1,1,1,1,1,1,-1,1,1,-1,1,1,1,-1,-1,1,-1,1,1,1,-1,1,-1,-1,1,1,1,-1,-1,1,-1,1,1,1,-1,1,1,-1,1,-1,1,1,1,1,-1,1,1,1,1,-1,1,1,1,1,-1,1,-1,1,1,1,1,1,-1,1,1,1,1,-1,-1,1,-1,1,1,-1,1,1,-1,-1,1,-1,1,-1,1,1,-1,1,-1,1,-1,-1,1,-1,1,-1,1,-1,1,-1,-1,-1,1,1,-1,-1,1,-1,-1,-1,1,-1,-1,1,-1,-1,-1,1,1,1,-1,-1,-1,1,1,-1,-1,-1,1,-1,1,-1,-1,1,1,-1,1,1,-1,-1,1,-1,-1,-1,-1,1,-1,1,1,-1,1,-1,1,-1,-1,-1,1,-1,-1,-1,-1,1,-1,-1,1,1,-1,1,1,-1,1,1,-1,-1,-1,1,-1,1,1,1,1,-1,1,-1,-1,1,1,-1,1,1,-1,1,1,1,-1,-1,1,-1,1,1,-1,-1,-1,1,-1,-1,1,1,-1,-1,1,1,-1,1,-1,1,-1,1,-1,-1,1,-2670.0,1,2000,445,500,False
842,1,1,-1,-1,1,1,-1,-1,1,1,1,-1,1,1,1,1,-1,1,-1,-1,1,-1,1,1,1,-1,-1,-1,1,1,1,1,-1,-1,-1,-1,1,-1,1,1,-1,-1,-1,1,1,1,1,-1,1,1,1,1,-1,1,-1,-1,1,-1,1,1,1,-1,-1,-1,1,1,1,1,-1,-1,-1,1,1,1,1,-1,-1,-1,1,1,1,-1,-1,-1,1,1,1,1,-1,-1,-1,1,1,1,1,-1,-1,1,1,-1,1,1,-1,-1,1,1,1,1,1,-1,-1,1,1,1,1,1,-1,-1,1,1,1,1,1,1,-1,1,1,1,-1,1,1,-1,1,1,1,1,1,1,-1,-1,1,1,1,1,1,-1,1,1,1,1,1,1,-1,-1,-1,1,1,1,1,-1,1,1,1,1,-1,1,-1,1,-1,1,1,1,-1,-1,1,1,1,1,1,-1,1,-1,-1,1,-1,1,-1,1,1,1,1,1,1,1,1,1,-1,1,-1,1,-1,1,1,-1,1,-1,1,1,-1,1,-1,1,-1,1,-1,1,1,-1,1,-1,1,1,1,1,-1,-1,1,1,-1,-1,1,-1,1,-1,-1,1,-1,1,-1,1,-1,1,-1,1,1,-1,-1,-1,1,1,-1,1,-1,1,1,1,-1,1,1,-1,1,-1,1,-1,1,-1,1,-1,1,1,-1,1,-1,-1,-1,1,1,-1,1,-1,-1,-1,1,1,-1,-1,1,1,-1,-1,1,1,-1,1,1,-1,1,1,1,1,-1,1,-1,1,1,-1,1,-1,1,-1,1,1,1,1,1,1,-1,-1,1,-1,-1,-1,1,1,-1,1,1,1,-1,1,1,1,1,1,1,-1,1,-1,1,1,1,-1,-1,1,-1,1,1,1,-1,1,1,-1,-1,1,1,1,-1,1,-1,1,1,1,-1,1,1,-1,1,1,1,-1,1,1,-1,1,1,1,-1,1,1,-1,-1,1,1,-1,1,1,-1,1,-1,1,-1,1,1,1,-1,1,1,1,-1,1,1,-1,1,1,-1,1,1,1,-1,-1,-1,-1,1,1,1,-1,1,1,-1,1,1,-1,-1,1,1,1,1,1,-1,1,1,1,-1,1,1,1,-1,-1,1,1,1,-1,1,-1,1,1,1,1,1,1,-1,-1,-1,1,-1,-1,1,1,-1,1,1,1,1,1,1,1,-1,1,-1,-1,1,-1,1,-1,1,1,1,1,1,1,-1,-1,1,-1,1,1,1,-1,1,1,1,-1,1,1,-1,-1,1,-1,1,1,1,-1,1,1,1,1,1,1,-1,1,-1,-1,1,1,-1,1,1,-1,-1,1,1,-1,-1,1,-1,1,1,1,-1,-1,1,-1,-1,1,1,-1,-1,1,-1,1,1,1,1,-1,1,1,-1,-1,1,1,-1,1,-1,1,-1,1,-1,-1,1,-1,-1,1,-1,1,-1,-1,1,-1,1,-1,1,-1,1,1,-1,-1,1,1,1,-1,1,-1,1,-1,1,1,1,-1,-1,-1,1,-1,-1,1,1,1,-1,1,-1,1,1,1,-1,1,1,-1,-1,-1,1,-1,-1,1,-1,-1,1,1,1,-1,1,-1,-1,1,1,-1,-1,1,-1,-1,1,1,-1,-1,1,-1,-1,-1,1,1,-1,1,1,-1,-1,1,-1,-1,1,-1,1,-1,1,1,-1,-1,1,-1,-1,-1,-1,-1,1,1,1,-1,1,1,-1,-1,1,-1,-1,-1,-1,-1,1,1,-1,-1,-1,-1,-1,1,1,-1,1,1,1,-1,-1,1,1,-1,-1,-1,-1,1,1,-1,-1,1,-1,-1,-1,1,1,-1,-1,-1,-1,-1,1,-1,-1,1,-1,-1,1,1,1,-1,1,-1,-1,-1,1,1,-1,-1,-1,-1,-1,1,1,1,-1,-1,-1,-1,1,1,-1,-1,-1,-1,1,1,1,1,-1,-1,1,1,1,1,1,-1,-1,-1,1,1,1,-1,1,-1,1,1,1,1,-1,1,-1,-1,1,-1,1,-1,1,-1,-1,1,-1,1,-1,-1,-1,-1,1,-1,1,-1,1,1,-1,1,-1,1,-1,1,1,-1,1,-1,1,-1,-1,-1,-1,1,1,-1,-1,-1,-1,-1,1,-1,1,-1,-1,-1,-1,-1,-1,-1,1,-1,-1,-1,1,-1,-1,1,-1,-1,-1,-1,-1,1,1,-1,-1,-1,-1,-1,1,-1,-1,-1,1,-1,-1,1,-1,1,-1,-1,-1,-1,-1,-1,-1,1,-1,-1,-1,1,1,1,-1,-1,1,1,-1,-1,-1,-1,1,-1,-1,1,-1,1,-1,-1,-1,-1,1,-1,1,1,-1,1,-1,-1,1,1,-1,-1,-1,-1,-1,-1,1,1,-1,-1,1,-1,1,1,-1,-1,-1,1,-1,-1,1,-1,-1,1,-1,-1,1,1,1,-1,1,-1,1,1,1,-1,-1,1,-1,-1,1,1,1,-1,1,-1,-1,1,1,-1,1,1,-1,-1,1,1,-1,1,1,-1,-1,1,1,-1,1,1,-1,-1,1,1,1,1,1,1,-1,-1,1,1,1,1,-1,-1,1,-1,1,1,1,1,-1,-1,1,-1,1,1,1,-1,1,-1,1,1,-1,1,-1,1,1,1,1,1,1,1,-1,-1,1,1,1,-1,1,-1,1,1,1,1,1,-1,1,-1,1,1,-1,1,1,-1,-1,1,-1,1,1,-1,-1,1,1,1,1,-1,1,-1,-1,1,1,-1,-1,1,-1,1,1,1,-1,1,-1,-1,-1,1,1,-1,-1,1,-1,-1,1,1,-1,-1,1,-1,-1,1,1,1,-1,1,-1,-1,1,1,-1,-1,-1,1,-1,1,1,-1,1,1,-1,1,1,-1,-1,1,1,-1,-1,1,1,-1,1,1,-1,1,1,-1,-1,1,-1,1,-1,-1,-1,-1,1,-1,-1,1,1,-1,1,1,-1,1,1,1,1,-1,1,-1,1,1,1,1,-1,1,-1,-1,1,1,1,-1,1,-1,1,1,1,1,-1,1,-1,1,1,-1,-1,-1,1,-1,-1,1,1,-1,-1,-1,1,-1,1,-1,1,-1,1,-1,-1,1,-2670.0,1,2000,445,500,False
843,1,1,-1,-1,1,1,-1,-1,1,1,1,-1,1,1,1,1,-1,1,-1,-1,-1,-1,1,1,1,-1,-1,-1,1,1,1,1,1,-1,-1,-1,1,1,1,1,-1,-1,-1,1,1,1,1,-1,1,1,1,1,-1,1,-1,-1,1,-1,1,1,1,-1,-1,-1,1,1,1,1,-1,-1,-1,1,1,1,1,-1,-1,-1,1,1,1,-1,-1,-1,1,1,1,1,-1,-1,1,1,1,1,1,-1,-1,-1,1,-1,1,1,-1,-1,1,1,1,1,1,-1,-1,-1,1,-1,1,1,-1,-1,1,1,1,1,1,1,-1,-1,1,1,-1,1,1,-1,1,1,1,1,1,1,-1,1,1,1,1,1,1,-1,1,1,1,1,1,1,-1,-1,-1,1,1,1,1,-1,1,1,1,1,-1,1,-1,1,-1,1,1,1,-1,-1,1,1,1,1,1,-1,1,-1,-1,1,-1,1,-1,1,1,1,1,1,1,1,1,1,1,1,-1,1,-1,1,1,-1,1,-1,1,1,-1,1,-1,1,-1,1,-1,1,1,-1,1,-1,1,1,1,1,-1,-1,1,1,-1,-1,1,-1,1,-1,1,1,-1,1,-1,1,-1,1,-1,1,1,-1,-1,-1,1,1,-1,1,-1,1,1,1,-1,1,1,-1,1,-1,1,-1,1,-1,1,-1,1,1,-1,1,-1,-1,-1,1,1,-1,1,-1,-1,-1,1,1,-1,-1,1,1,-1,-1,1,1,-1,1,1,-1,1,1,1,1,-1,1,-1,1,1,-1,1,-1,1,1,1,1,1,1,1,1,-1,-1,1,-1,-1,-1,1,1,-1,1,1,1,-1,1,1,1,1,1,1,1,1,-1,1,1,1,-1,-1,1,-1,1,1,1,-1,1,1,-1,-1,1,1,1,-1,1,-1,1,1,1,-1,1,1,-1,1,1,1,-1,1,1,-1,1,1,1,-1,1,1,-1,-1,1,1,-1,1,1,-1,1,-1,1,-1,1,1,1,-1,1,1,1,1,1,1,-1,1,1,-1,1,1,1,-1,-1,-1,-1,1,1,1,-1,1,1,-1,1,1,-1,-1,1,1,1,1,1,-1,1,1,1,-1,1,1,1,1,-1,1,1,1,-1,1,-1,1,1,1,1,1,1,-1,-1,-1,1,-1,-1,1,1,-1,1,1,1,1,1,1,1,-1,1,-1,-1,1,-1,1,-1,1,1,1,1,1,1,-1,-1,1,-1,1,1,1,-1,1,1,1,-1,1,1,-1,-1,1,-1,1,1,1,-1,1,1,1,1,1,1,-1,1,-1,1,1,1,-1,-1,1,-1,1,1,1,-1,-1,1,-1,1,1,1,-1,-1,1,-1,-1,1,1,-1,-1,1,-1,1,1,1,1,-1,1,1,-1,1,1,1,-1,-1,-1,1,1,1,-1,-1,1,-1,-1,1,-1,1,-1,-1,1,-1,1,-1,1,-1,-1,1,-1,-1,1,1,1,-1,1,-1,1,-1,-1,1,1,-1,-1,-1,1,-1,-1,-1,1,1,-1,1,-1,1,1,1,-1,1,1,-1,1,-1,1,-1,-1,1,-1,-1,1,1,1,-1,1,-1,-1,1,1,-1,-1,1,-1,-1,1,1,-1,-1,1,-1,-1,-1,1,1,-1,1,1,-1,-1,1,-1,-1,1,-1,1,-1,1,1,-1,-1,1,-1,-1,-1,-1,-1,1,1,1,-1,-1,1,-1,-1,1,-1,-1,1,-1,-1,1,1,-1,-1,1,1,-1,1,1,-1,1,-1,1,-1,-1,1,1,-1,-1,-1,-1,-1,1,-1,-1,1,-1,-1,-1,1,1,-1,-1,-1,-1,-1,1,-1,-1,-1,-1,-1,1,1,1,-1,-1,-1,-1,-1,1,1,-1,-1,-1,-1,-1,1,1,1,-1,-1,-1,-1,1,1,-1,-1,-1,-1,1,1,1,1,-1,-1,1,1,1,1,1,-1,-1,-1,1,1,1,-1,1,-1,1,1,1,1,-1,1,-1,-1,1,-1,1,-1,1,-1,-1,1,-1,1,-1,-1,-1,-1,1,-1,1,-1,1,-1,-1,1,-1,1,-1,1,-1,-1,1,-1,1,-1,-1,-1,-1,1,1,-1,-1,-1,-1,-1,1,-1,1,-1,-1,-1,-1,-1,-1,-1,1,-1,-1,-1,1,-1,-1,1,-1,-1,-1,-1,-1,1,1,-1,-1,-1,-1,-1,1,-1,-1,-1,1,-1,-1,1,-1,1,-1,-1,-1,-1,-1,-1,-1,1,-1,-1,-1,1,1,-1,-1,-1,-1,1,-1,-1,-1,-1,1,-1,-1,1,-1,1,-1,-1,-1,-1,1,-1,1,1,-1,1,-1,-1,1,1,-1,-1,-1,-1,-1,-1,1,1,-1,-1,1,-1,1,1,-1,-1,-1,1,-1,-1,1,-1,-1,1,-1,-1,1,1,1,-1,1,-1,1,1,1,-1,-1,1,-1,-1,1,-1,1,-1,1,-1,-1,1,1,-1,1,1,-1,-1,1,1,-1,1,1,-1,-1,1,1,1,1,1,-1,-1,1,1,1,1,1,1,-1,-1,1,1,1,1,-1,-1,1,-1,1,1,1,1,-1,-1,1,-1,1,1,1,-1,1,1,1,1,-1,1,-1,1,1,1,1,1,1,1,-1,1,1,1,1,-1,1,-1,1,1,1,1,1,-1,1,1,1,1,-1,1,1,-1,1,1,-1,1,1,-1,-1,1,1,1,1,-1,1,-1,1,1,1,-1,-1,1,-1,1,1,1,-1,1,-1,-1,-1,1,1,-1,-1,1,-1,-1,1,1,-1,-1,1,-1,-1,1,1,1,-1,1,-1,-1,1,1,-1,-1,-1,1,-1,1,1,-1,1,1,-1,1,1,-1,-1,1,-1,-1,-1,1,1,-1,1,1,-1,1,1,-1,-1,-1,-1,1,-1,-1,-1,-1,1,-1,-1,1,1,-1,1,1,-1,1,1,1,1,-1,1,-1,1,1,1,-1,-1,1,-1,-1,1,1,-1,-1,1,-1,1,1,1,-1,-1,1,-1,1,1,1,1,-1,1,-1,-1,1,1,1,-1,-1,1,-1,1,-1,1,-1,1,-1,-1,1,-2670.0,1,2000,445,500,False
844,1,1,-1,-1,1,1,-1,-1,1,1,1,-1,-1,1,1,1,-1,1,-1,-1,-1,-1,1,1,1,-1,-1,-1,1,1,1,1,1,-1,-1,-1,1,-1,1,-1,-1,-1,-1,1,1,1,1,-1,1,1,1,1,-1,1,-1,-1,1,-1,1,1,1,-1,-1,-1,1,1,1,1,-1,-1,-1,1,1,1,1,-1,-1,-1,1,1,1,-1,-1,-1,1,1,1,1,-1,-1,-1,1,1,1,1,-1,-1,1,1,-1,1,1,-1,-1,1,1,1,1,1,-1,-1,1,1,-1,1,1,-1,-1,1,1,1,1,1,1,-1,-1,1,1,-1,1,1,-1,1,1,1,1,1,1,-1,-1,1,1,1,1,1,-1,1,1,1,1,1,1,-1,-1,-1,1,1,1,1,-1,1,1,1,1,-1,1,-1,1,-1,1,1,1,-1,-1,1,1,1,1,1,-1,1,-1,-1,1,-1,1,-1,1,1,1,1,1,1,1,1,1,-1,1,-1,1,-1,1,1,-1,1,-1,1,1,-1,1,-1,1,-1,1,-1,1,1,-1,1,-1,1,1,1,1,-1,-1,1,1,-1,-1,1,-1,1,-1,1,1,-1,1,-1,1,-1,1,-1,1,1,-1,-1,-1,1,1,-1,1,-1,1,1,1,-1,1,1,-1,-1,-1,1,-1,1,-1,1,-1,1,1,-1,1,-1,-1,-1,1,1,-1,1,-1,-1,-1,1,1,-1,-1,1,1,-1,-1,1,1,-1,1,1,-1,1,1,1,1,-1,1,-1,1,1,-1,1,-1,1,1,1,1,1,1,1,1,-1,-1,1,-1,-1,-1,1,1,-1,1,1,1,-1,1,1,1,1,1,1,-1,1,-1,1,1,1,-1,-1,1,-1,1,1,1,-1,1,1,-1,-1,1,1,1,-1,1,-1,1,1,1,-1,1,1,-1,1,1,1,-1,1,1,-1,1,1,1,-1,1,1,-1,-1,1,1,-1,1,1,-1,1,-1,1,-1,1,1,1,-1,1,1,1,1,1,1,-1,1,1,-1,1,1,1,-1,-1,-1,-1,1,1,1,-1,1,1,-1,1,1,-1,-1,1,1,1,1,1,-1,1,1,1,-1,1,1,1,1,-1,1,1,1,-1,1,-1,1,-1,1,1,1,1,-1,-1,-1,1,-1,-1,1,1,-1,1,1,1,1,1,1,1,-1,1,-1,-1,1,-1,1,-1,1,1,1,1,1,1,-1,-1,1,-1,1,1,1,-1,1,1,1,-1,1,1,-1,-1,1,-1,1,1,1,-1,1,1,1,1,1,1,-1,1,-1,1,1,1,-1,1,1,-1,1,1,1,-1,-1,1,-1,1,1,1,-1,-1,1,1,-1,1,1,-1,-1,1,-1,1,1,1,1,-1,1,-1,-1,1,1,1,-1,1,-1,-1,1,1,-1,-1,1,-1,-1,1,-1,1,-1,-1,1,-1,1,-1,1,-1,1,1,-1,-1,1,1,1,-1,1,-1,1,-1,1,-1,1,-1,-1,-1,1,-1,-1,1,1,1,-1,1,-1,1,1,1,-1,1,1,-1,-1,-1,1,-1,-1,1,-1,-1,1,1,1,-1,1,-1,-1,1,1,-1,-1,1,-1,-1,1,1,-1,-1,1,-1,-1,-1,1,1,-1,1,1,-1,-1,1,-1,-1,1,-1,1,-1,1,1,-1,-1,1,-1,-1,-1,-1,-1,1,1,1,-1,-1,1,-1,-1,1,-1,-1,1,-1,-1,1,1,-1,-1,1,1,-1,1,1,-1,1,-1,1,-1,-1,1,1,-1,-1,-1,-1,1,1,-1,-1,1,-1,-1,-1,1,1,-1,-1,-1,-1,-1,1,-1,-1,-1,-1,-1,1,1,1,-1,-1,-1,-1,-1,1,1,-1,-1,-1,-1,-1,1,1,1,-1,-1,-1,-1,1,1,-1,-1,-1,-1,1,1,1,1,-1,-1,1,1,1,1,1,-1,-1,-1,1,1,1,-1,1,-1,1,1,1,1,-1,1,-1,-1,1,-1,1,-1,1,-1,-1,1,-1,1,-1,-1,-1,-1,1,-1,1,-1,1,1,-1,1,-1,1,-1,1,1,-1,1,-1,1,-1,-1,-1,-1,1,1,-1,-1,-1,-1,-1,1,-1,1,-1,-1,-1,-1,-1,-1,-1,1,-1,-1,-1,1,-1,-1,1,-1,-1,-1,-1,-1,1,1,-1,-1,-1,-1,-1,1,-1,-1,-1,1,-1,-1,1,-1,1,-1,-1,-1,-1,-1,-1,-1,1,-1,-1,-1,1,1,1,-1,-1,-1,1,-1,-1,-1,-1,1,-1,-1,1,1,1,-1,-1,-1,-1,1,-1,1,1,-1,1,-1,-1,1,1,-1,-1,-1,-1,-1,-1,1,1,-1,-1,1,-1,1,1,-1,-1,-1,1,-1,1,1,-1,-1,1,-1,-1,1,1,1,-1,1,-1,1,1,1,-1,-1,1,-1,-1,1,1,1,-1,1,-1,-1,1,1,-1,1,1,-1,-1,1,1,1,1,1,-1,-1,1,1,-1,1,1,-1,-1,1,1,1,1,1,1,-1,1,1,1,-1,1,-1,-1,1,-1,1,1,1,1,-1,-1,1,-1,1,1,1,-1,1,-1,1,1,-1,1,-1,1,1,1,1,1,1,1,-1,-1,1,1,1,-1,1,-1,1,1,1,1,1,-1,1,-1,1,1,-1,1,1,-1,1,1,-1,1,1,-1,-1,1,1,1,1,-1,1,-1,-1,1,1,-1,-1,1,-1,1,1,1,-1,1,-1,-1,-1,1,1,-1,-1,1,-1,-1,1,1,-1,-1,1,-1,-1,1,1,1,-1,1,-1,-1,1,1,-1,-1,1,1,-1,1,1,-1,1,1,-1,1,1,-1,-1,1,-1,-1,-1,1,1,-1,1,1,-1,1,1,-1,-1,1,-1,1,-1,-1,-1,-1,1,-1,-1,1,1,-1,1,1,-1,1,1,1,1,-1,1,-1,1,1,1,1,-1,1,-1,-1,1,1,1,-1,1,-1,1,1,1,1,-1,1,-1,1,1,1,-1,-1,1,-1,-1,1,1,-1,-1,-1,1,-1,1,-1,1,-1,1,-1,-1,1,-2670.0,1,2000,445,500,False
845,1,1,-1,-1,1,1,-1,-1,1,1,1,-1,-1,1,1,1,-1,1,-1,-1,-1,-1,1,1,1,1,-1,-1,1,1,1,1,-1,-1,-1,-1,1,-1,1,1,-1,-1,-1,1,1,1,1,-1,1,1,1,1,-1,1,-1,-1,1,-1,1,1,1,-1,-1,-1,1,1,1,1,-1,-1,-1,1,1,1,1,-1,-1,-1,1,1,1,-1,-1,-1,1,1,1,1,-1,-1,-1,1,1,1,1,-1,-1,1,1,-1,1,1,-1,-1,1,1,1,1,1,-1,-1,-1,1,-1,1,1,-1,-1,1,1,1,1,1,1,-1,-1,1,1,-1,1,1,-1,1,1,1,1,1,1,-1,1,1,1,1,1,1,-1,1,1,1,1,1,1,-1,-1,-1,1,1,1,1,-1,1,1,1,1,-1,1,-1,1,-1,1,1,1,-1,-1,1,1,1,1,1,-1,1,-1,-1,1,-1,1,-1,1,1,1,1,1,1,1,1,1,-1,1,-1,1,-1,1,1,-1,1,-1,1,1,-1,1,-1,1,-1,1,-1,1,1,-1,1,-1,1,1,1,1,-1,-1,1,1,-1,-1,1,-1,1,-1,-1,1,-1,1,-1,1,-1,1,-1,1,1,-1,-1,-1,1,1,-1,1,-1,1,1,1,-1,1,1,-1,1,-1,1,-1,1,-1,1,-1,1,1,-1,1,-1,-1,-1,1,1,-1,1,-1,-1,-1,1,1,-1,-1,1,1,-1,-1,1,1,-1,1,1,-1,1,1,1,1,-1,1,-1,1,1,-1,1,-1,1,-1,1,1,1,1,1,1,-1,-1,1,-1,-1,1,1,1,-1,1,1,1,-1,1,1,1,1,1,1,-1,1,-1,1,1,1,-1,1,1,-1,1,1,1,-1,1,1,-1,-1,1,1,1,-1,1,-1,1,1,1,-1,1,1,-1,1,1,1,-1,1,1,-1,1,1,1,-1,1,1,-1,-1,1,1,-1,1,1,-1,1,-1,1,-1,1,1,1,-1,1,1,1,1,1,1,-1,1,1,-1,1,-1,1,-1,-1,-1,-1,1,1,1,-1,1,1,-1,1,1,-1,-1,1,1,1,1,1,-1,1,1,1,-1,1,1,1,-1,-1,1,1,1,-1,1,-1,1,1,1,1,1,1,-1,-1,-1,1,-1,-1,1,1,-1,1,1,1,1,1,1,1,-1,1,-1,-1,1,-1,1,-1,1,1,1,1,1,1,-1,-1,1,-1,1,1,1,-1,1,1,1,-1,1,1,-1,-1,1,-1,1,1,1,-1,1,1,1,1,1,1,-1,1,-1,-1,1,1,-1,-1,1,-1,-1,1,1,-1,-1,1,-1,1,1,1,-1,-1,1,-1,-1,1,1,-1,-1,1,-1,1,1,1,1,-1,1,1,-1,-1,1,1,-1,-1,1,1,-1,1,-1,-1,1,1,-1,1,-1,1,-1,-1,1,-1,1,-1,1,-1,-1,1,-1,-1,1,1,1,-1,1,-1,1,-1,1,-1,1,-1,-1,-1,1,-1,-1,1,1,1,-1,1,-1,1,1,1,-1,1,1,-1,1,-1,1,-1,-1,1,-1,-1,1,1,1,-1,1,-1,-1,1,1,-1,-1,1,-1,-1,1,1,-1,-1,1,-1,-1,-1,1,1,-1,1,1,-1,-1,1,-1,-1,1,-1,1,-1,1,1,-1,-1,1,-1,-1,-1,-1,-1,1,1,1,-1,1,1,-1,-1,1,-1,-1,-1,-1,-1,1,1,-1,-1,-1,1,-1,1,1,-1,1,1,1,-1,-1,1,1,-1,-1,-1,-1,1,1,-1,-1,1,-1,-1,-1,1,1,-1,-1,-1,-1,-1,1,-1,-1,1,-1,-1,1,1,1,-1,1,-1,-1,-1,1,1,-1,-1,-1,-1,-1,1,1,1,-1,-1,-1,-1,1,1,-1,-1,-1,-1,1,1,1,1,-1,-1,1,1,1,1,1,-1,-1,-1,1,1,1,-1,1,-1,1,1,1,1,-1,1,-1,-1,1,-1,1,-1,1,-1,-1,1,-1,1,-1,-1,-1,-1,1,-1,1,-1,1,1,-1,1,-1,1,-1,1,1,-1,1,-1,1,-1,-1,-1,-1,1,1,-1,-1,-1,-1,-1,1,-1,1,-1,-1,-1,-1,-1,-1,-1,1,-1,-1,-1,1,-1,-1,1,-1,-1,-1,-1,-1,-1,1,-1,-1,-1,-1,-1,1,-1,-1,-1,1,-1,-1,1,-1,1,-1,-1,-1,-1,-1,-1,-1,1,-1,-1,-1,1,1,1,-1,-1,1,-1,-1,-1,-1,-1,1,-1,-1,1,-1,1,-1,-1,-1,-1,1,-1,1,1,-1,1,-1,-1,1,1,-1,-1,-1,-1,-1,-1,1,1,-1,-1,1,-1,1,1,-1,-1,-1,1,-1,-1,1,-1,-1,1,-1,-1,1,1,1,-1,1,-1,1,1,1,-1,-1,1,-1,-1,1,1,1,-1,1,-1,-1,1,1,-1,1,1,-1,-1,1,1,-1,1,1,-1,-1,1,1,-1,1,1,-1,-1,1,1,1,1,1,1,-1,-1,1,1,-1,1,-1,-1,1,-1,1,1,1,1,-1,-1,1,-1,1,1,1,-1,1,1,1,1,-1,1,-1,1,1,1,1,1,1,1,-1,1,1,1,1,-1,1,-1,1,1,1,1,1,-1,1,1,1,1,-1,1,1,-1,1,1,-1,1,1,-1,-1,1,1,1,1,-1,1,-1,1,1,1,-1,-1,1,-1,1,1,1,-1,1,-1,-1,-1,1,1,-1,-1,1,-1,-1,1,1,-1,-1,1,-1,-1,1,1,1,-1,1,-1,-1,1,1,-1,-1,-1,1,-1,1,1,-1,1,1,-1,1,1,-1,-1,1,-1,-1,-1,1,1,-1,1,1,-1,1,1,-1,-1,-1,-1,1,-1,-1,-1,-1,1,-1,-1,1,1,-1,1,1,-1,1,1,1,1,-1,1,-1,1,1,1,-1,-1,1,-1,-1,-1,1,-1,-1,1,-1,1,1,1,-1,-1,1,-1,1,1,1,1,-1,1,-1,-1,1,1,-1,-1,-1,1,-1,1,-1,1,-1,1,-1,-1,1,-2670.0,1,2000,445,500,False
846,1,1,-1,-1,1,-1,-1,-1,1,1,1,-1,1,1,1,1,-1,1,-1,-1,-1,-1,1,1,1,-1,-1,-1,1,1,1,1,1,-1,-1,-1,1,1,1,1,-1,-1,-1,1,1,1,1,-1,1,1,1,1,-1,1,-1,-1,1,-1,1,1,1,-1,-1,-1,1,1,1,1,-1,-1,-1,1,1,1,1,-1,-1,-1,1,1,1,-1,-1,-1,1,1,1,1,-1,-1,1,1,1,1,1,-1,-1,-1,1,-1,1,1,-1,-1,1,1,1,1,1,-1,-1,-1,1,-1,1,1,-1,-1,1,1,1,1,1,1,-1,-1,1,1,-1,1,1,-1,1,1,1,1,1,1,-1,1,1,1,1,1,1,-1,1,1,1,1,1,1,-1,-1,-1,1,1,1,1,-1,1,1,1,1,-1,1,-1,1,-1,1,1,1,-1,-1,1,1,1,1,1,-1,1,-1,-1,1,-1,1,-1,1,1,1,1,1,1,1,1,1,1,1,-1,1,-1,1,1,-1,1,-1,1,1,-1,1,-1,1,-1,1,-1,1,1,-1,1,-1,1,1,1,1,-1,-1,1,1,-1,-1,1,-1,1,-1,1,1,-1,1,-1,1,-1,1,-1,1,1,-1,-1,-1,1,1,-1,1,-1,1,1,1,-1,1,1,-1,1,-1,1,-1,1,-1,1,-1,1,1,-1,1,-1,-1,-1,1,1,-1,1,-1,-1,-1,1,1,-1,-1,1,1,-1,-1,1,1,-1,1,1,-1,1,1,1,1,-1,1,-1,1,1,-1,1,-1,1,-1,1,1,1,1,1,1,-1,-1,1,-1,-1,1,1,1,-1,1,1,1,-1,1,1,1,1,1,1,-1,1,-1,1,1,1,-1,-1,1,-1,1,1,1,-1,1,1,-1,-1,1,1,1,-1,1,-1,1,1,1,-1,1,1,-1,1,1,1,-1,1,1,-1,1,1,1,-1,1,1,-1,-1,1,1,-1,1,1,-1,1,-1,1,-1,1,1,1,-1,1,1,1,-1,1,1,-1,1,1,-1,1,-1,1,-1,-1,-1,-1,1,1,1,-1,1,1,-1,1,1,-1,-1,1,1,1,1,1,-1,1,1,1,-1,1,1,1,-1,-1,1,1,1,-1,1,-1,1,1,1,1,1,1,-1,-1,-1,1,-1,-1,1,1,-1,1,1,1,1,1,1,1,-1,1,-1,-1,1,-1,1,-1,1,1,1,1,1,1,-1,-1,1,-1,1,1,1,-1,1,1,1,-1,1,1,-1,-1,1,-1,1,1,1,-1,1,1,1,1,1,1,-1,1,-1,-1,1,1,1,-1,1,-1,1,1,1,-1,-1,1,-1,1,1,1,-1,-1,1,-1,-1,1,1,-1,-1,1,-1,1,1,1,1,-1,1,1,-1,1,1,1,-1,-1,1,1,1,1,-1,-1,1,1,-1,1,-1,1,-1,-1,1,-1,1,-1,1,-1,-1,1,-1,-1,1,1,1,-1,1,-1,1,-1,1,-1,1,-1,-1,-1,1,-1,-1,-1,1,1,-1,1,-1,1,1,1,-1,1,1,-1,1,-1,1,-1,-1,1,-1,-1,1,1,1,-1,1,-1,-1,1,1,-1,-1,1,-1,-1,1,1,-1,-1,1,-1,-1,-1,1,1,-1,1,1,-1,-1,1,-1,-1,1,-1,1,-1,1,1,-1,-1,1,-1,-1,-1,-1,-1,1,1,1,-1,-1,1,-1,-1,1,-1,-1,1,-1,-1,1,1,-1,-1,1,1,-1,1,1,-1,1,-1,1,-1,-1,1,1,-1,-1,-1,-1,-1,1,-1,-1,1,-1,-1,-1,1,1,-1,-1,-1,-1,-1,1,-1,-1,-1,-1,-1,1,1,1,-1,-1,-1,-1,-1,1,1,-1,-1,-1,-1,-1,1,1,1,-1,-1,-1,-1,1,1,-1,-1,-1,-1,1,1,1,1,-1,-1,1,1,1,1,1,-1,-1,-1,1,1,1,1,1,-1,1,1,1,1,-1,1,-1,-1,1,-1,1,-1,1,-1,-1,1,-1,1,-1,-1,-1,-1,1,-1,1,-1,1,-1,-1,1,-1,1,-1,1,-1,-1,1,-1,1,-1,-1,-1,-1,1,1,-1,-1,-1,-1,-1,1,-1,1,-1,-1,-1,-1,-1,-1,-1,1,-1,-1,-1,1,-1,-1,1,-1,-1,-1,-1,-1,-1,1,-1,-1,-1,-1,-1,1,-1,-1,-1,1,-1,-1,1,-1,1,-1,-1,-1,-1,-1,-1,-1,1,-1,-1,-1,1,1,1,-1,-1,-1,1,-1,-1,-1,-1,1,-1,-1,1,-1,1,-1,-1,-1,-1,1,-1,1,1,-1,1,-1,-1,1,1,-1,-1,-1,-1,-1,-1,1,1,-1,-1,1,-1,1,1,-1,-1,-1,1,-1,-1,1,-1,-1,1,-1,-1,1,1,1,-1,1,-1,1,1,1,-1,-1,1,-1,-1,1,1,1,-1,1,-1,-1,1,1,-1,1,1,-1,-1,1,1,1,1,1,-1,-1,1,1,1,1,1,-1,-1,1,1,1,1,1,1,-1,-1,1,1,-1,1,-1,-1,1,-1,1,1,1,1,-1,-1,1,-1,1,1,1,-1,1,1,1,1,-1,1,-1,1,1,1,1,1,1,1,-1,1,1,1,1,-1,1,-1,1,1,1,1,1,-1,1,1,1,1,-1,1,1,-1,1,1,-1,1,1,-1,-1,1,1,1,1,-1,1,-1,1,1,1,-1,-1,1,-1,1,1,1,-1,1,-1,-1,-1,1,1,-1,-1,1,-1,-1,1,1,-1,-1,1,-1,-1,1,1,1,-1,1,-1,-1,1,1,-1,-1,-1,1,-1,-1,1,-1,1,1,-1,1,1,-1,-1,1,1,-1,-1,1,1,-1,1,1,-1,1,1,-1,-1,1,-1,1,-1,-1,-1,-1,1,-1,-1,1,1,-1,1,1,-1,1,1,1,1,-1,1,-1,1,1,1,-1,-1,1,-1,-1,-1,1,-1,-1,1,-1,1,1,1,-1,-1,1,-1,1,1,1,1,-1,1,-1,-1,1,1,1,-1,-1,1,-1,1,1,1,-1,1,-1,-1,1,-2670.0,1,2000,445,500,False
847,1,1,-1,-1,1,-1,-1,-1,1,1,1,-1,1,1,1,1,-1,1,-1,-1,-1,-1,1,1,1,-1,-1,-1,1,1,1,1,1,-1,-1,-1,1,1,1,1,-1,-1,-1,1,1,1,1,-1,1,1,1,1,-1,1,-1,-1,1,-1,1,1,1,-1,-1,-1,1,1,1,1,-1,-1,-1,1,1,1,1,-1,-1,-1,1,1,1,-1,-1,-1,1,1,1,1,-1,-1,-1,1,1,1,1,-1,-1,1,1,-1,1,1,-1,-1,1,1,1,1,1,-1,-1,1,1,1,1,1,-1,-1,1,1,1,1,1,1,-1,-1,1,1,-1,1,1,-1,1,1,1,1,1,1,-1,-1,1,1,1,1,1,-1,1,1,1,1,1,1,-1,-1,-1,1,1,1,1,-1,1,1,1,1,-1,1,-1,1,-1,1,1,1,-1,-1,1,1,1,1,1,-1,1,-1,-1,1,-1,1,-1,1,1,1,1,1,1,1,1,1,-1,1,-1,1,-1,1,1,-1,1,-1,1,1,-1,1,-1,1,-1,1,-1,1,1,-1,1,-1,1,1,1,1,-1,-1,1,1,-1,-1,1,-1,1,-1,1,1,-1,1,-1,1,-1,1,-1,1,1,-1,-1,-1,1,1,-1,1,-1,1,1,1,-1,1,1,-1,1,-1,1,-1,1,-1,1,-1,1,1,-1,1,-1,-1,-1,1,1,-1,1,-1,-1,-1,1,1,-1,-1,1,1,-1,-1,1,1,-1,1,1,-1,1,1,1,1,-1,1,-1,1,1,-1,1,-1,1,1,1,1,1,1,1,1,-1,-1,1,-1,-1,1,1,1,-1,1,1,1,-1,1,1,1,1,1,1,-1,1,-1,1,1,1,-1,-1,1,-1,1,1,1,-1,1,1,-1,-1,1,1,1,-1,1,-1,1,1,1,-1,1,1,-1,1,1,1,-1,1,1,-1,1,1,1,-1,1,1,1,-1,1,1,-1,1,1,-1,1,-1,1,-1,1,1,1,-1,1,1,1,1,1,1,-1,1,1,-1,1,1,1,-1,-1,-1,-1,1,1,1,-1,1,1,-1,1,1,-1,-1,1,1,1,1,1,-1,1,1,1,-1,1,1,1,-1,-1,1,1,1,-1,1,-1,1,1,1,1,1,1,-1,-1,-1,1,-1,-1,1,1,-1,1,1,1,1,1,1,1,-1,1,-1,-1,1,-1,1,-1,1,1,1,1,1,1,-1,-1,1,-1,1,1,1,-1,1,1,1,-1,1,1,-1,-1,1,-1,1,1,1,-1,1,1,1,1,1,1,-1,1,-1,-1,1,1,-1,-1,1,-1,1,1,1,-1,-1,1,-1,1,1,1,-1,-1,1,1,-1,1,1,-1,-1,1,-1,1,1,1,1,-1,1,1,-1,1,1,1,-1,-1,-1,-1,1,1,-1,-1,1,-1,-1,1,-1,1,-1,-1,1,-1,1,-1,1,-1,-1,1,-1,-1,1,1,1,-1,1,-1,1,-1,-1,1,1,-1,-1,-1,1,-1,-1,1,1,1,-1,1,-1,1,1,1,-1,1,1,-1,-1,-1,1,-1,-1,1,-1,-1,1,1,1,-1,1,-1,-1,1,1,-1,-1,1,-1,-1,1,1,-1,-1,1,-1,-1,-1,1,1,-1,1,1,-1,-1,1,-1,-1,1,-1,1,-1,1,1,-1,-1,1,-1,-1,-1,-1,-1,1,1,1,-1,-1,1,-1,-1,1,-1,-1,1,-1,-1,1,1,-1,-1,1,-1,-1,1,1,-1,1,-1,1,-1,-1,1,1,-1,-1,-1,-1,-1,1,-1,-1,1,-1,-1,-1,1,1,-1,-1,-1,-1,-1,1,-1,-1,-1,-1,-1,1,1,1,-1,-1,-1,-1,-1,1,1,-1,-1,-1,-1,-1,1,1,1,-1,-1,-1,-1,1,1,-1,-1,-1,-1,1,1,1,1,-1,-1,1,1,1,1,1,-1,-1,-1,1,1,1,-1,1,-1,1,1,1,1,-1,1,-1,-1,1,-1,1,-1,1,-1,-1,1,-1,1,-1,-1,-1,-1,1,-1,1,-1,1,-1,-1,1,-1,1,-1,1,-1,-1,1,-1,1,-1,-1,-1,-1,1,1,-1,-1,-1,-1,-1,1,-1,1,-1,-1,-1,-1,-1,-1,-1,1,-1,-1,-1,1,-1,-1,1,-1,-1,-1,-1,-1,-1,1,-1,-1,-1,-1,-1,1,-1,-1,-1,1,-1,-1,1,-1,1,-1,-1,-1,-1,-1,-1,-1,1,-1,-1,-1,1,1,-1,-1,-1,-1,1,-1,-1,-1,-1,1,-1,-1,1,1,1,-1,-1,-1,-1,1,-1,1,1,-1,1,-1,-1,1,1,-1,-1,-1,-1,-1,-1,1,1,-1,-1,1,-1,1,1,-1,-1,-1,1,-1,-1,1,-1,-1,1,-1,-1,1,1,1,-1,1,-1,1,1,1,-1,-1,1,-1,-1,1,1,1,-1,1,-1,-1,1,1,-1,1,1,-1,-1,1,1,-1,1,1,-1,-1,1,1,1,1,1,-1,-1,1,1,1,1,1,1,-1,-1,1,1,1,1,-1,-1,1,-1,1,1,1,1,-1,-1,1,-1,1,1,1,-1,1,1,1,1,-1,1,-1,1,1,1,1,1,1,1,-1,1,1,1,1,-1,1,-1,1,1,1,1,1,-1,1,1,1,1,-1,1,1,-1,1,1,-1,1,1,-1,-1,1,1,1,1,-1,1,-1,1,1,1,-1,-1,1,-1,1,1,1,-1,1,-1,-1,-1,1,1,-1,-1,1,-1,-1,1,1,-1,-1,1,-1,-1,1,1,1,-1,1,-1,-1,1,1,-1,-1,-1,1,-1,-1,1,-1,1,1,-1,1,1,-1,-1,1,-1,-1,-1,1,1,-1,1,1,-1,1,1,-1,-1,-1,-1,1,-1,-1,-1,-1,1,-1,-1,1,1,-1,1,1,-1,1,1,1,1,-1,1,-1,1,1,1,1,-1,1,-1,-1,1,1,1,-1,1,-1,1,1,1,1,-1,1,-1,1,1,1,-1,-1,1,-1,-1,1,1,-1,-1,-1,1,-1,1,-1,1,-1,1,-1,-1,1,-2670.0,1,2000,445,500,False
848,1,1,-1,-1,1,1,-1,-1,1,1,1,-1,1,1,1,1,-1,1,-1,-1,1,-1,1,1,1,1,-1,-1,1,1,1,1,-1,-1,-1,-1,1,1,1,1,-1,-1,-1,1,1,1,1,-1,1,1,1,1,-1,1,-1,-1,1,-1,1,1,1,-1,-1,-1,1,1,1,1,-1,-1,-1,1,1,1,1,-1,-1,-1,1,1,1,-1,-1,-1,1,1,1,1,-1,-1,-1,1,1,1,1,-1,-1,1,1,-1,1,1,-1,-1,1,1,1,1,1,-1,-1,1,1,-1,1,1,-1,-1,1,1,1,1,1,1,-1,-1,1,1,-1,1,1,-1,1,1,1,1,1,1,-1,-1,1,1,1,1,1,-1,1,1,1,1,1,1,-1,-1,-1,1,1,1,1,-1,1,1,1,1,-1,1,-1,1,-1,1,1,1,-1,-1,1,1,1,1,1,-1,1,-1,-1,1,-1,1,-1,1,1,1,1,1,1,1,1,1,-1,1,-1,1,-1,1,1,-1,1,-1,1,1,-1,1,-1,1,-1,1,-1,1,1,-1,1,-1,1,1,1,1,-1,-1,1,1,-1,-1,1,-1,1,-1,1,1,-1,1,-1,1,-1,1,-1,-1,1,-1,-1,-1,1,1,-1,1,-1,1,1,1,-1,1,1,-1,1,-1,1,-1,1,-1,1,-1,1,1,-1,1,-1,-1,-1,1,1,-1,1,-1,-1,-1,1,1,-1,-1,1,1,-1,-1,1,1,-1,1,1,-1,1,1,1,1,-1,1,-1,1,1,-1,1,-1,1,1,1,1,1,1,1,1,-1,-1,1,-1,-1,-1,1,1,-1,1,1,1,-1,1,1,1,1,1,1,-1,1,-1,1,1,1,-1,1,1,-1,1,1,1,-1,1,1,-1,-1,1,1,1,-1,1,-1,1,1,1,-1,1,1,-1,1,1,1,-1,1,1,-1,1,1,1,-1,1,1,-1,-1,1,1,-1,1,1,-1,1,-1,1,-1,1,1,1,-1,1,1,1,-1,1,1,-1,1,1,-1,1,1,1,-1,-1,-1,-1,1,1,1,-1,1,1,-1,1,1,-1,-1,1,1,1,1,1,-1,1,1,1,-1,1,1,1,1,-1,1,1,1,-1,1,-1,1,1,1,1,1,1,-1,-1,-1,1,-1,-1,1,1,-1,1,1,-1,1,1,1,1,-1,1,-1,-1,1,-1,1,-1,1,1,-1,1,1,1,-1,-1,1,-1,1,1,1,-1,1,1,1,-1,1,1,-1,-1,1,-1,1,1,1,-1,1,1,1,1,1,1,-1,1,-1,-1,1,1,-1,-1,1,-1,1,1,1,-1,-1,1,-1,1,1,1,-1,-1,1,-1,-1,1,1,-1,-1,1,-1,1,1,1,1,-1,1,1,-1,1,1,1,-1,-1,1,-1,1,1,-1,-1,1,1,-1,1,-1,1,-1,-1,1,-1,1,-1,1,-1,-1,1,-1,-1,1,1,1,-1,1,-1,1,-1,-1,1,1,-1,-1,-1,1,-1,-1,1,1,1,-1,1,-1,1,1,1,-1,1,1,-1,1,-1,1,-1,-1,1,-1,-1,1,1,1,-1,1,-1,-1,1,1,-1,-1,1,-1,-1,1,1,-1,-1,1,-1,-1,-1,1,1,-1,1,-1,-1,-1,1,-1,-1,1,-1,1,-1,1,1,-1,-1,1,-1,-1,-1,-1,-1,1,1,1,-1,-1,1,-1,-1,1,-1,-1,1,-1,-1,1,1,-1,-1,1,1,-1,1,1,-1,1,-1,1,-1,-1,1,1,-1,-1,-1,-1,-1,1,-1,-1,1,-1,-1,-1,1,1,-1,-1,-1,-1,-1,1,-1,-1,-1,-1,-1,1,1,1,-1,-1,-1,-1,-1,1,1,-1,-1,-1,-1,-1,1,1,1,-1,-1,-1,-1,1,1,-1,-1,-1,-1,1,1,1,1,-1,-1,1,1,1,1,1,-1,-1,-1,1,1,1,-1,1,-1,1,1,1,1,-1,1,-1,-1,1,-1,1,-1,1,-1,-1,1,-1,1,-1,-1,-1,-1,1,-1,1,-1,1,-1,-1,1,-1,1,-1,1,-1,-1,1,-1,1,-1,-1,-1,-1,1,1,-1,-1,-1,-1,-1,1,-1,1,-1,-1,-1,-1,-1,-1,-1,1,-1,-1,-1,1,-1,-1,1,-1,-1,-1,-1,-1,1,1,-1,-1,-1,-1,-1,1,-1,-1,-1,1,-1,-1,1,-1,1,-1,-1,-1,-1,-1,-1,-1,1,-1,-1,-1,1,1,-1,-1,-1,-1,1,-1,-1,-1,-1,1,-1,-1,1,-1,1,-1,-1,-1,-1,1,-1,1,1,-1,1,-1,-1,1,1,-1,-1,-1,-1,-1,-1,1,1,-1,-1,1,-1,1,1,-1,-1,-1,1,-1,-1,1,-1,-1,1,-1,-1,1,1,1,-1,1,-1,1,1,1,-1,-1,1,-1,-1,1,1,1,-1,1,-1,-1,1,1,-1,1,1,-1,-1,1,1,-1,1,1,-1,-1,1,1,-1,1,1,-1,-1,1,1,1,1,-1,1,-1,-1,1,1,-1,1,-1,-1,1,-1,1,1,1,1,-1,-1,1,-1,1,1,1,-1,1,1,1,1,-1,1,-1,1,1,1,1,1,1,1,-1,1,1,1,1,-1,1,-1,1,1,1,1,1,-1,1,1,1,1,-1,1,1,-1,1,1,-1,1,1,-1,-1,1,1,1,1,-1,1,-1,1,1,1,-1,-1,1,-1,1,1,1,-1,1,-1,-1,-1,1,1,-1,-1,1,-1,-1,1,1,-1,-1,1,-1,-1,1,1,1,-1,1,-1,-1,1,1,-1,-1,-1,1,-1,1,1,-1,1,1,-1,1,1,-1,-1,1,1,-1,-1,1,1,-1,1,1,-1,1,1,-1,-1,-1,-1,1,-1,-1,-1,-1,1,-1,-1,1,1,-1,1,1,-1,1,1,1,1,-1,1,-1,1,1,1,1,-1,1,-1,-1,-1,1,1,-1,1,-1,1,1,1,1,-1,1,-1,1,1,-1,-1,-1,1,-1,-1,1,1,-1,-1,-1,1,-1,1,-1,1,-1,1,-1,-1,1,-2670.0,1,2000,445,500,False
849,1,1,-1,-1,1,-1,-1,-1,1,1,1,-1,1,1,1,1,-1,1,-1,-1,-1,-1,1,1,1,-1,-1,-1,1,1,1,1,-1,-1,-1,-1,1,1,1,1,-1,-1,-1,1,1,1,1,-1,1,1,1,1,-1,1,-1,-1,1,-1,1,1,1,-1,-1,-1,1,1,1,1,-1,-1,-1,1,1,1,1,-1,-1,-1,1,1,1,-1,-1,-1,1,1,1,1,-1,-1,1,1,1,1,1,-1,-1,-1,1,-1,1,1,-1,-1,1,1,1,1,1,-1,-1,-1,1,-1,1,1,-1,-1,1,1,1,1,1,1,-1,-1,1,1,-1,1,1,-1,1,1,1,1,1,1,-1,1,1,1,1,1,1,-1,1,1,1,1,1,1,-1,-1,-1,1,1,1,1,-1,1,1,1,1,-1,1,-1,1,-1,1,1,1,-1,-1,1,1,1,1,1,-1,1,-1,-1,1,-1,1,-1,1,1,1,1,1,1,1,1,1,1,1,-1,1,-1,1,1,-1,1,-1,1,1,-1,1,-1,1,-1,1,-1,1,1,-1,-1,-1,1,1,1,1,-1,-1,1,1,-1,-1,1,-1,1,-1,-1,1,-1,1,-1,1,-1,1,-1,1,1,-1,-1,-1,1,1,-1,1,-1,1,1,1,-1,1,1,-1,1,-1,1,-1,1,-1,1,-1,1,1,-1,1,-1,-1,-1,1,1,-1,1,-1,-1,-1,1,1,-1,-1,1,1,-1,-1,1,1,-1,1,1,-1,1,1,1,1,-1,1,-1,1,1,-1,1,-1,1,1,-1,1,1,1,1,1,-1,-1,1,-1,-1,1,1,1,-1,1,1,1,-1,1,-1,-1,1,1,1,1,1,-1,1,1,1,-1,1,1,-1,1,1,1,-1,1,1,-1,-1,1,1,1,-1,1,-1,1,1,1,-1,1,1,-1,1,1,1,-1,1,-1,-1,1,1,1,-1,1,-1,-1,-1,1,1,-1,1,-1,-1,1,-1,1,-1,1,1,-1,-1,1,1,1,-1,1,-1,-1,1,1,-1,1,-1,-1,-1,-1,-1,-1,1,-1,-1,-1,1,1,-1,1,-1,1,-1,1,1,1,1,1,-1,1,1,1,-1,1,-1,-1,-1,-1,1,1,1,1,-1,-1,1,1,1,-1,-1,-1,1,-1,-1,1,-1,1,-1,-1,1,-1,1,-1,-1,-1,1,1,-1,1,-1,1,-1,-1,1,-1,1,1,-1,-1,-1,1,-1,-1,1,1,-1,-1,1,-1,1,1,-1,1,-1,1,-1,-1,1,1,-1,-1,1,-1,1,1,-1,-1,1,1,-1,1,-1,1,-1,1,-1,-1,1,-1,1,-1,1,-1,-1,1,-1,-1,-1,1,-1,-1,1,1,1,-1,1,-1,-1,1,-1,-1,1,-1,1,-1,1,-1,1,-1,1,1,-1,-1,-1,1,-1,1,-1,-1,1,-1,1,1,1,1,-1,-1,1,1,-1,1,1,-1,-1,1,1,1,-1,1,1,-1,1,1,1,1,1,-1,1,-1,-1,-1,1,-1,1,1,-1,1,-1,1,-1,1,-1,-1,-1,1,1,-1,1,1,-1,-1,-1,1,-1,1,1,-1,1,-1,1,-1,-1,-1,-1,-1,-1,1,-1,-1,-1,-1,-1,-1,1,-1,1,1,1,1,-1,1,-1,1,1,-1,-1,-1,1,-1,-1,1,-1,1,-1,-1,1,1,1,1,-1,-1,1,1,1,1,-1,1,-1,-1,1,1,1,-1,-1,-1,1,1,1,1,-1,1,-1,1,-1,1,-1,1,1,-1,-1,1,1,1,-1,-1,-1,-1,1,1,1,1,-1,-1,-1,1,1,1,1,-1,-1,-1,1,-1,1,-1,-1,-1,-1,1,1,1,1,-1,-1,1,1,1,1,1,-1,-1,-1,1,1,-1,1,-1,-1,-1,1,1,1,1,-1,-1,1,1,1,1,-1,-1,1,1,-1,1,1,-1,-1,-1,1,1,1,1,1,-1,1,1,1,1,1,-1,-1,-1,1,-1,1,-1,-1,-1,-1,1,-1,1,1,-1,-1,-1,1,-1,1,1,-1,-1,-1,1,1,1,1,-1,-1,-1,1,-1,1,1,-1,-1,-1,1,1,-1,-1,-1,-1,-1,1,-1,1,-1,-1,-1,-1,-1,-1,-1,1,-1,-1,-1,1,-1,-1,1,-1,-1,-1,-1,-1,1,1,-1,-1,-1,-1,-1,1,-1,-1,-1,1,-1,-1,1,-1,1,-1,-1,-1,-1,-1,-1,-1,1,-1,-1,-1,1,1,1,-1,-1,1,1,-1,-1,-1,-1,1,-1,-1,1,1,1,-1,-1,-1,-1,1,-1,1,1,-1,1,-1,-1,1,1,-1,-1,-1,-1,-1,-1,1,1,-1,-1,1,-1,1,1,-1,-1,-1,1,-1,1,1,-1,-1,1,-1,-1,1,1,1,-1,1,-1,1,1,1,-1,-1,1,-1,-1,1,1,1,-1,1,-1,-1,1,1,-1,1,1,-1,-1,1,1,-1,1,1,-1,-1,1,1,-1,1,1,-1,-1,1,1,1,1,1,1,-1,-1,1,1,1,1,-1,-1,1,-1,1,1,1,1,-1,-1,1,-1,1,1,1,-1,1,1,1,1,-1,1,-1,1,1,1,1,1,1,1,-1,1,1,1,1,-1,1,-1,1,1,1,1,1,-1,1,1,1,1,-1,1,1,-1,1,1,-1,1,1,-1,-1,1,1,1,1,-1,1,-1,1,1,1,-1,-1,1,-1,1,1,1,-1,1,-1,-1,-1,1,1,-1,-1,1,-1,-1,1,1,-1,-1,1,-1,-1,1,1,1,-1,1,-1,-1,1,1,-1,-1,-1,1,-1,-1,1,-1,1,1,-1,1,1,-1,-1,1,1,-1,-1,1,1,-1,1,1,-1,1,1,-1,-1,-1,-1,1,-1,-1,-1,-1,-1,1,-1,1,1,-1,1,1,-1,1,1,1,1,-1,1,-1,1,1,1,-1,-1,1,-1,-1,1,1,-1,-1,1,-1,1,1,1,-1,-1,1,-1,1,1,1,1,-1,1,-1,-1,1,1,1,-1,-1,1,-1,1,-1,1,-1,1,-1,-1,1,-2670.0,1,2000,445,500,False
850,1,1,-1,-1,1,-1,-1,-1,1,1,1,-1,1,1,1,1,-1,1,-1,-1,-1,-1,1,1,1,-1,-1,-1,1,1,1,1,1,-1,-1,-1,1,-1,1,1,-1,-1,-1,1,1,1,1,-1,1,1,1,1,-1,1,-1,-1,1,-1,1,1,1,-1,-1,-1,1,1,1,1,-1,-1,-1,1,1,1,1,-1,-1,-1,1,1,1,-1,-1,-1,1,1,1,1,-1,-1,-1,1,1,1,1,-1,-1,1,1,-1,1,1,-1,-1,1,1,1,1,1,-1,-1,1,1,1,1,1,-1,-1,1,1,1,1,1,1,-1,-1,1,1,-1,1,1,-1,1,1,1,1,1,1,-1,-1,1,1,1,1,1,-1,1,1,1,1,1,1,-1,-1,-1,1,1,1,1,-1,1,1,1,1,-1,1,-1,1,-1,1,1,1,-1,-1,1,1,1,1,1,-1,1,-1,-1,1,-1,1,-1,1,1,1,1,1,1,1,1,1,-1,1,-1,1,-1,1,1,-1,1,-1,1,1,-1,1,-1,1,-1,1,-1,1,1,-1,-1,-1,1,1,1,1,-1,-1,1,1,-1,-1,1,-1,1,-1,1,1,-1,1,-1,1,-1,1,-1,1,1,-1,-1,-1,1,1,-1,1,-1,1,1,1,-1,1,1,-1,1,-1,1,-1,1,-1,1,-1,1,1,-1,1,-1,-1,-1,1,1,-1,1,-1,-1,-1,1,1,-1,-1,1,1,-1,-1,1,1,-1,1,1,-1,1,1,1,1,-1,1,-1,1,1,-1,1,-1,1,1,-1,1,1,1,1,1,-1,-1,1,-1,-1,-1,1,1,-1,1,1,1,-1,1,-1,-1,1,1,1,1,1,-1,1,1,1,-1,-1,1,-1,1,1,1,-1,1,1,-1,-1,1,1,1,-1,1,-1,1,1,1,-1,1,1,-1,1,1,1,-1,1,-1,-1,1,1,1,-1,1,-1,-1,-1,1,1,-1,1,-1,-1,1,-1,1,-1,1,1,-1,-1,1,1,1,-1,1,-1,-1,1,1,-1,1,-1,1,-1,-1,-1,-1,1,1,-1,-1,1,1,-1,1,1,-1,-1,1,1,1,1,1,-1,1,1,1,-1,1,-1,-1,-1,-1,1,1,1,1,-1,-1,1,1,1,1,-1,-1,1,-1,-1,1,-1,-1,-1,-1,1,-1,1,-1,1,-1,1,1,-1,1,-1,1,-1,-1,1,-1,1,1,1,-1,-1,1,-1,-1,1,1,-1,-1,1,-1,1,1,-1,1,-1,1,-1,-1,1,1,-1,-1,1,-1,1,1,1,-1,1,1,-1,1,-1,1,-1,1,-1,-1,1,-1,1,-1,1,-1,-1,1,-1,-1,-1,1,-1,-1,1,1,1,-1,1,-1,-1,1,-1,-1,1,-1,1,-1,1,-1,1,-1,1,1,-1,-1,-1,1,-1,1,-1,-1,1,-1,-1,1,1,1,-1,-1,1,1,-1,1,1,-1,-1,1,1,1,-1,1,1,-1,1,1,1,1,-1,1,1,-1,-1,-1,1,-1,-1,-1,1,1,-1,1,-1,1,-1,-1,-1,1,1,-1,1,1,-1,-1,-1,1,-1,1,-1,-1,1,-1,1,-1,-1,1,1,-1,-1,1,-1,-1,-1,-1,-1,-1,1,-1,1,1,1,1,-1,1,-1,-1,1,-1,-1,-1,1,-1,-1,-1,-1,1,-1,-1,1,1,-1,1,-1,-1,1,1,1,1,-1,1,-1,-1,1,1,1,-1,-1,-1,1,1,1,1,-1,-1,-1,1,-1,1,-1,1,-1,-1,-1,1,1,1,-1,-1,-1,-1,1,1,1,1,-1,-1,-1,1,1,1,1,-1,-1,-1,1,1,1,-1,-1,-1,-1,1,1,1,1,-1,-1,1,1,1,1,1,-1,-1,-1,1,1,-1,1,-1,-1,-1,1,1,1,1,-1,-1,1,1,1,1,-1,-1,1,1,-1,1,1,-1,-1,-1,1,1,1,1,1,-1,1,1,1,1,1,-1,-1,-1,1,-1,1,-1,-1,-1,-1,1,-1,1,1,-1,-1,-1,1,-1,1,1,-1,1,-1,1,1,1,1,-1,1,-1,1,-1,1,1,-1,-1,-1,1,1,-1,-1,-1,-1,-1,1,-1,1,-1,-1,-1,-1,-1,-1,-1,1,-1,-1,-1,1,-1,-1,1,-1,-1,-1,-1,-1,1,1,-1,-1,-1,-1,-1,1,-1,-1,-1,1,-1,-1,1,-1,1,-1,-1,-1,-1,-1,-1,-1,1,-1,-1,-1,1,1,-1,-1,-1,-1,1,-1,-1,-1,-1,1,-1,-1,1,1,1,-1,-1,-1,-1,1,-1,1,1,-1,1,-1,-1,1,1,-1,-1,-1,-1,-1,-1,1,1,-1,-1,1,-1,1,1,-1,-1,-1,1,-1,1,1,-1,-1,1,-1,-1,1,1,1,-1,1,-1,1,1,1,-1,-1,1,-1,-1,1,1,1,-1,1,-1,-1,1,1,-1,1,1,-1,-1,1,1,-1,1,1,-1,-1,1,1,1,1,1,-1,-1,1,1,1,1,1,1,-1,-1,1,1,1,1,-1,-1,1,-1,1,1,1,1,-1,-1,1,-1,1,1,1,-1,1,1,1,1,-1,1,-1,1,1,1,1,1,1,1,-1,1,1,1,1,-1,1,-1,1,1,1,1,1,-1,1,1,1,1,-1,1,1,-1,1,1,-1,1,1,-1,-1,1,1,1,1,-1,1,-1,1,1,1,-1,-1,1,-1,1,1,1,-1,1,-1,-1,-1,1,1,-1,-1,1,-1,-1,1,1,-1,-1,1,-1,-1,1,1,1,-1,1,-1,-1,1,1,-1,-1,-1,1,-1,-1,1,-1,1,1,-1,1,1,-1,-1,1,1,-1,-1,1,1,-1,1,1,-1,1,1,-1,-1,-1,-1,1,-1,-1,-1,-1,1,-1,-1,1,1,-1,1,1,-1,1,1,1,1,-1,1,-1,1,1,1,1,-1,1,-1,-1,1,1,1,-1,1,-1,1,1,1,1,-1,1,-1,1,1,1,-1,-1,1,-1,-1,1,1,-1,-1,-1,1,-1,1,1,1,-1,1,-1,-1,1,-2670.0,1,2000,445,500,False
851,1,1,-1,-1,1,1,-1,-1,1,1,1,-1,1,1,1,1,-1,1,-1,-1,-1,-1,1,1,1,-1,1,-1,1,1,1,1,-1,-1,-1,-1,1,1,1,1,-1,-1,-1,1,1,1,1,-1,1,1,1,1,-1,1,-1,-1,1,-1,1,1,1,-1,-1,-1,1,1,1,1,-1,-1,-1,1,1,1,1,-1,-1,-1,1,1,1,-1,-1,-1,1,1,1,1,-1,-1,-1,1,1,1,1,-1,-1,1,1,-1,1,1,-1,-1,1,1,1,1,1,-1,-1,1,1,1,1,1,-1,-1,1,1,1,1,1,1,-1,-1,1,1,-1,1,1,-1,1,1,1,1,1,1,-1,-1,1,1,1,1,1,-1,1,1,1,1,1,1,-1,-1,-1,1,1,1,1,-1,1,1,1,1,-1,1,-1,1,-1,1,1,1,-1,-1,1,1,1,1,1,-1,1,-1,-1,1,-1,1,-1,1,1,1,1,1,1,1,1,1,-1,1,-1,1,-1,1,1,-1,1,-1,1,1,-1,1,-1,1,-1,1,-1,1,1,-1,1,-1,1,1,1,1,-1,-1,1,1,-1,-1,1,-1,1,-1,-1,1,-1,1,-1,1,-1,1,-1,1,1,-1,-1,-1,1,1,-1,1,-1,1,1,1,-1,1,1,-1,1,-1,1,-1,1,-1,1,-1,1,1,-1,1,-1,-1,-1,1,1,-1,1,-1,-1,-1,1,1,-1,-1,1,1,-1,-1,1,1,-1,1,1,-1,1,1,1,1,-1,1,-1,1,1,-1,1,-1,1,1,1,1,1,1,1,1,-1,-1,1,-1,-1,1,1,1,-1,1,1,1,-1,1,1,1,1,1,1,-1,1,-1,1,1,1,-1,-1,1,-1,1,1,1,-1,1,1,-1,-1,1,1,1,-1,1,-1,1,1,1,-1,1,1,-1,1,1,1,-1,1,1,-1,1,1,1,-1,1,1,-1,-1,1,1,-1,1,1,-1,1,-1,1,-1,1,1,1,-1,1,1,1,1,1,1,-1,1,1,-1,1,1,1,-1,-1,-1,-1,1,1,1,-1,1,1,-1,1,1,-1,-1,1,1,1,1,1,-1,1,1,1,-1,1,1,1,1,-1,1,1,1,-1,1,-1,1,1,1,1,1,1,-1,-1,-1,1,-1,-1,1,1,-1,1,1,1,1,1,1,1,-1,1,-1,-1,1,-1,1,-1,1,1,1,1,1,1,-1,-1,1,-1,1,1,1,-1,1,1,1,-1,1,1,-1,-1,1,-1,1,1,1,-1,1,1,1,1,1,1,-1,1,-1,-1,1,1,-1,-1,1,-1,1,1,1,-1,-1,1,-1,1,1,1,-1,-1,1,1,-1,1,1,-1,-1,1,-1,1,1,1,1,-1,1,-1,-1,1,1,1,-1,-1,-1,-1,1,1,-1,-1,1,-1,-1,1,-1,1,-1,-1,1,-1,1,-1,1,-1,-1,1,-1,-1,1,1,1,-1,1,-1,1,-1,-1,-1,1,-1,-1,-1,1,-1,-1,1,1,1,-1,1,-1,1,1,1,-1,1,1,-1,1,-1,1,-1,-1,1,-1,-1,1,1,1,-1,1,-1,-1,1,1,-1,-1,1,-1,-1,1,1,-1,-1,1,-1,-1,-1,1,1,-1,1,-1,-1,-1,1,-1,-1,1,-1,1,-1,1,1,-1,-1,1,-1,-1,-1,-1,-1,1,1,1,-1,-1,1,-1,-1,1,-1,-1,1,-1,-1,1,1,-1,-1,1,-1,-1,1,1,-1,1,-1,-1,-1,-1,1,1,-1,-1,-1,-1,1,1,-1,-1,1,-1,-1,-1,1,1,-1,-1,-1,-1,-1,1,-1,-1,-1,-1,-1,1,1,1,-1,-1,-1,-1,-1,1,1,-1,-1,-1,-1,-1,1,1,1,-1,-1,-1,-1,1,1,-1,-1,-1,-1,1,1,1,1,-1,-1,1,1,1,1,1,-1,-1,-1,1,1,1,-1,1,-1,1,1,1,1,-1,1,-1,-1,1,-1,1,-1,1,-1,-1,1,-1,1,-1,-1,-1,-1,1,-1,1,-1,1,-1,-1,1,-1,1,-1,1,-1,-1,1,-1,1,-1,-1,-1,-1,1,1,-1,-1,-1,-1,-1,1,-1,1,-1,-1,-1,-1,-1,-1,-1,1,-1,-1,-1,1,-1,-1,1,-1,-1,-1,-1,-1,-1,1,-1,-1,-1,-1,-1,1,-1,-1,-1,1,-1,-1,1,-1,1,-1,-1,-1,-1,-1,-1,-1,1,-1,-1,-1,1,1,1,-1,-1,1,-1,-1,-1,-1,-1,1,-1,-1,1,-1,1,-1,-1,-1,-1,1,-1,1,1,-1,1,-1,-1,1,1,-1,-1,-1,-1,-1,-1,1,1,-1,-1,1,-1,1,1,-1,-1,-1,1,-1,-1,1,-1,-1,1,-1,-1,1,1,1,-1,1,-1,1,1,1,-1,-1,1,-1,-1,1,1,1,-1,1,-1,-1,1,1,-1,1,1,-1,-1,1,1,-1,1,1,-1,-1,1,1,-1,1,1,-1,-1,1,1,1,1,1,1,-1,-1,1,1,1,1,-1,-1,1,-1,1,1,1,1,-1,-1,1,-1,1,1,1,-1,1,1,1,1,-1,1,-1,1,1,1,1,1,1,1,-1,1,1,1,1,-1,1,-1,1,1,1,1,1,-1,1,1,1,1,-1,1,1,-1,1,1,-1,1,1,-1,-1,1,1,1,1,-1,1,-1,1,1,1,-1,-1,1,-1,1,1,1,-1,1,-1,-1,-1,1,1,-1,-1,1,-1,-1,1,1,1,-1,1,-1,-1,-1,1,1,-1,1,-1,-1,1,1,-1,-1,-1,1,-1,-1,1,-1,1,1,-1,1,1,-1,-1,1,-1,-1,-1,1,1,-1,1,1,-1,1,1,-1,-1,-1,-1,1,-1,-1,-1,-1,1,-1,-1,1,1,-1,1,1,-1,1,1,1,1,-1,1,-1,1,1,1,1,-1,1,-1,-1,1,1,1,-1,1,-1,1,1,1,1,-1,1,-1,1,1,1,-1,-1,1,-1,-1,1,1,-1,-1,-1,1,-1,1,-1,1,-1,1,-1,-1,1,-2670.0,1,2000,445,500,False
852,1,1,-1,-1,1,1,-1,-1,1,1,1,-1,1,1,1,1,-1,1,-1,-1,-1,-1,1,1,1,-1,-1,-1,1,1,1,1,1,-1,-1,-1,1,1,1,1,-1,-1,-1,1,1,1,1,-1,1,1,1,1,-1,1,-1,-1,1,-1,1,1,1,-1,-1,-1,1,1,1,1,-1,-1,-1,1,1,1,1,-1,-1,-1,1,1,1,-1,-1,-1,1,1,1,1,-1,-1,-1,1,1,1,1,-1,-1,1,1,-1,1,1,-1,-1,1,1,1,1,1,-1,-1,1,1,1,1,1,-1,-1,1,1,1,1,1,1,-1,-1,1,1,-1,1,1,-1,1,1,1,1,1,1,-1,-1,1,1,1,1,1,-1,1,1,1,1,1,1,-1,-1,-1,1,1,1,1,-1,1,1,1,1,-1,1,-1,1,-1,1,1,1,-1,-1,1,1,1,1,1,-1,1,-1,-1,1,-1,1,-1,1,1,1,1,1,1,1,1,1,-1,1,-1,1,-1,1,1,-1,1,-1,1,1,-1,1,-1,1,-1,1,-1,1,1,-1,1,-1,1,1,1,1,-1,-1,1,1,-1,-1,1,-1,1,-1,-1,1,-1,1,-1,1,-1,1,-1,-1,1,-1,-1,-1,1,1,-1,1,-1,1,1,1,-1,1,1,-1,1,-1,1,-1,1,-1,1,-1,1,1,-1,1,-1,-1,-1,1,1,-1,1,-1,-1,-1,1,1,-1,-1,1,1,-1,-1,1,1,-1,1,1,-1,1,1,1,1,-1,1,-1,1,1,-1,1,-1,1,-1,1,1,1,1,1,1,-1,-1,1,-1,-1,1,1,1,-1,1,1,1,-1,1,1,1,1,1,1,-1,1,-1,1,1,1,-1,-1,1,-1,1,1,1,-1,1,1,-1,-1,1,1,1,-1,1,-1,1,1,1,-1,1,1,-1,1,1,1,-1,1,1,-1,1,1,1,-1,1,1,-1,-1,1,1,-1,1,1,-1,1,-1,1,-1,1,1,1,-1,1,1,1,1,1,1,-1,1,1,-1,1,1,1,-1,-1,-1,-1,1,1,1,-1,1,1,-1,1,1,-1,-1,1,1,1,1,1,-1,1,1,1,-1,1,1,1,1,-1,1,1,1,-1,1,-1,1,1,1,1,1,1,-1,-1,-1,1,-1,-1,1,-1,1,-1,1,1,1,1,1,-1,-1,1,-1,-1,1,-1,1,-1,1,1,-1,1,1,1,-1,-1,1,-1,1,1,-1,-1,1,1,1,-1,1,-1,-1,-1,1,-1,1,1,-1,-1,1,1,1,1,-1,1,-1,1,-1,1,1,-1,1,-1,1,-1,1,1,-1,-1,-1,1,-1,1,1,1,-1,-1,1,-1,-1,1,-1,-1,-1,1,-1,1,1,-1,-1,-1,1,-1,-1,1,-1,-1,-1,-1,-1,-1,1,-1,-1,-1,1,-1,-1,1,-1,-1,-1,-1,1,-1,1,-1,-1,-1,-1,1,-1,-1,1,1,1,-1,1,-1,1,-1,1,-1,1,-1,-1,-1,1,-1,-1,1,1,1,-1,1,-1,1,1,1,-1,1,1,-1,1,-1,1,-1,-1,1,-1,-1,1,1,1,-1,1,-1,-1,1,1,-1,-1,1,-1,-1,1,1,-1,-1,1,-1,-1,-1,1,1,-1,1,1,-1,-1,1,-1,-1,1,-1,1,-1,1,1,-1,-1,1,-1,-1,-1,-1,-1,1,1,1,-1,-1,1,-1,-1,1,-1,-1,1,-1,-1,1,1,-1,-1,1,-1,-1,1,1,-1,1,-1,-1,-1,-1,1,1,-1,-1,-1,-1,1,1,-1,-1,1,-1,-1,-1,1,1,-1,-1,-1,-1,-1,1,-1,-1,-1,-1,-1,1,1,1,-1,-1,-1,-1,-1,1,1,-1,-1,-1,-1,-1,1,1,1,-1,-1,-1,-1,1,1,-1,-1,-1,-1,1,1,1,1,1,-1,1,1,1,1,1,1,-1,-1,1,1,1,1,1,-1,1,1,1,1,-1,1,-1,-1,1,-1,1,-1,1,-1,-1,1,-1,1,1,1,-1,-1,1,-1,1,-1,1,-1,-1,1,-1,1,1,1,-1,-1,1,-1,1,1,1,-1,-1,1,1,-1,1,1,-1,-1,1,-1,1,-1,1,-1,-1,-1,-1,-1,1,1,-1,-1,1,-1,-1,1,1,-1,-1,-1,-1,1,-1,1,-1,-1,-1,-1,1,1,-1,-1,1,-1,-1,1,-1,1,-1,-1,-1,-1,-1,1,1,1,-1,-1,-1,1,1,1,-1,-1,1,-1,-1,-1,1,-1,1,-1,-1,1,1,1,-1,-1,-1,-1,1,-1,1,1,-1,1,-1,-1,1,1,-1,-1,-1,-1,-1,-1,1,1,-1,-1,1,-1,1,1,-1,-1,-1,1,-1,1,1,-1,-1,1,-1,-1,1,1,1,-1,1,-1,1,1,1,-1,-1,1,-1,-1,1,1,1,-1,1,-1,-1,1,1,-1,1,1,-1,-1,1,1,1,1,1,-1,-1,1,1,1,1,1,-1,-1,1,1,1,1,-1,1,-1,-1,1,1,-1,1,-1,-1,1,-1,1,1,1,1,-1,-1,1,-1,1,1,1,-1,1,1,1,1,-1,1,-1,1,1,1,1,1,1,1,-1,1,1,1,1,-1,1,-1,1,1,1,1,1,-1,1,1,1,1,-1,1,1,-1,1,1,-1,1,1,-1,-1,1,1,1,1,-1,1,-1,1,1,1,-1,-1,1,-1,1,1,1,-1,1,-1,-1,-1,1,1,-1,-1,1,-1,-1,1,1,1,-1,1,-1,-1,1,1,1,-1,1,-1,-1,1,1,-1,-1,1,1,-1,1,1,-1,1,1,-1,1,1,-1,-1,1,-1,-1,-1,1,1,-1,1,1,-1,1,1,-1,-1,-1,-1,1,-1,-1,-1,-1,1,-1,-1,1,1,-1,1,1,-1,1,1,1,1,-1,1,-1,1,1,1,1,-1,1,-1,-1,1,1,1,-1,1,-1,1,1,1,1,-1,1,-1,1,1,1,-1,-1,1,-1,-1,1,1,-1,-1,-1,1,-1,1,-1,1,-1,1,-1,-1,1,-2670.0,1,2000,445,500,False
853,1,1,-1,-1,1,1,-1,-1,1,1,1,-1,1,1,1,1,-1,1,-1,-1,-1,-1,1,1,1,-1,1,-1,1,1,1,1,-1,-1,-1,-1,1,-1,1,1,-1,-1,-1,1,1,1,1,-1,1,1,1,1,-1,1,-1,-1,1,-1,1,1,1,-1,-1,-1,1,1,1,1,-1,-1,-1,1,1,1,1,-1,-1,-1,1,1,1,-1,-1,-1,1,1,1,1,-1,-1,1,1,1,1,1,-1,-1,-1,1,-1,1,1,-1,-1,1,1,1,1,1,-1,-1,-1,1,1,1,1,-1,-1,1,1,1,1,1,1,-1,-1,1,1,-1,1,1,-1,1,1,1,1,1,1,-1,1,1,1,1,1,1,-1,1,1,1,1,1,1,-1,-1,-1,1,1,1,1,-1,1,1,1,1,-1,1,-1,1,-1,1,1,1,-1,-1,1,1,1,1,1,-1,1,-1,-1,1,-1,1,-1,1,1,1,1,1,1,1,1,1,-1,1,-1,1,-1,1,1,-1,1,-1,1,1,-1,1,-1,1,-1,1,-1,1,1,-1,1,-1,1,1,1,1,-1,-1,1,1,-1,-1,1,-1,1,-1,-1,1,-1,1,-1,1,-1,1,-1,1,1,-1,1,-1,1,1,-1,1,-1,1,1,1,-1,1,-1,-1,1,-1,1,-1,1,1,1,-1,1,1,-1,1,-1,-1,-1,1,1,-1,1,-1,-1,-1,1,1,-1,-1,1,1,-1,-1,1,1,-1,1,1,-1,1,1,1,1,-1,1,-1,1,1,-1,1,-1,1,1,-1,1,1,1,1,1,-1,-1,1,-1,-1,-1,1,1,-1,1,1,1,-1,1,-1,-1,1,1,1,1,1,-1,1,1,1,-1,1,1,-1,1,1,1,-1,1,1,-1,-1,1,1,1,-1,1,-1,1,1,1,-1,1,1,-1,1,1,1,-1,1,-1,-1,1,1,1,-1,1,-1,-1,-1,1,1,-1,1,-1,-1,1,-1,1,-1,1,1,-1,-1,1,1,1,1,1,-1,-1,1,1,-1,1,-1,-1,-1,-1,-1,-1,1,1,-1,-1,1,1,-1,1,-1,-1,-1,1,1,1,1,-1,-1,1,1,1,-1,1,-1,-1,-1,-1,1,1,1,1,-1,-1,1,1,1,1,-1,-1,1,-1,-1,1,-1,1,-1,-1,1,-1,1,1,-1,-1,1,1,-1,1,-1,1,-1,-1,1,-1,1,1,-1,-1,-1,1,-1,-1,1,1,-1,-1,1,-1,1,1,-1,1,-1,1,-1,-1,1,1,-1,-1,1,-1,1,1,-1,-1,1,1,-1,1,-1,1,-1,1,-1,-1,1,-1,1,-1,1,-1,-1,1,-1,-1,-1,1,-1,-1,1,1,1,-1,1,-1,-1,1,-1,-1,1,-1,1,-1,1,1,1,-1,1,1,-1,-1,-1,1,-1,1,-1,-1,1,-1,1,1,1,1,-1,-1,1,1,-1,1,1,1,-1,1,1,1,-1,1,1,-1,1,1,1,1,1,1,1,-1,-1,-1,1,-1,-1,1,1,1,-1,1,-1,1,-1,-1,-1,1,1,-1,1,1,-1,-1,-1,1,-1,1,1,-1,1,-1,1,-1,-1,-1,-1,-1,-1,1,-1,-1,-1,-1,-1,-1,1,-1,1,1,1,1,-1,1,-1,1,1,-1,-1,-1,1,-1,-1,1,-1,1,-1,-1,1,1,1,1,-1,-1,1,1,1,1,-1,1,-1,-1,1,1,1,-1,-1,-1,-1,1,1,1,-1,-1,-1,1,-1,1,-1,1,-1,-1,-1,1,1,1,-1,-1,-1,-1,1,1,1,1,-1,-1,-1,1,1,1,1,-1,-1,-1,1,1,1,-1,-1,-1,1,1,1,1,1,-1,-1,-1,1,1,1,1,-1,-1,-1,1,1,-1,1,-1,-1,-1,1,1,1,1,-1,-1,1,1,1,1,-1,-1,1,1,-1,1,1,-1,-1,-1,1,1,1,1,1,-1,1,1,1,1,1,-1,-1,-1,1,-1,1,-1,-1,-1,-1,1,-1,1,1,-1,-1,-1,1,-1,1,1,-1,1,-1,1,1,1,1,-1,1,-1,1,-1,1,1,-1,-1,-1,1,1,-1,-1,-1,-1,-1,1,-1,1,-1,-1,-1,-1,-1,-1,-1,1,-1,-1,-1,1,-1,-1,1,-1,-1,-1,-1,-1,1,1,-1,-1,-1,-1,-1,1,-1,-1,-1,1,-1,-1,1,-1,1,-1,-1,-1,-1,-1,-1,-1,1,-1,-1,-1,1,1,-1,-1,-1,1,-1,-1,-1,-1,-1,1,-1,-1,1,1,1,-1,-1,-1,-1,1,-1,1,1,-1,1,-1,-1,1,1,-1,-1,-1,-1,-1,-1,1,1,-1,-1,1,-1,1,1,-1,-1,-1,1,-1,1,1,-1,-1,1,-1,-1,1,1,1,-1,1,-1,1,1,1,-1,-1,1,-1,-1,1,1,1,-1,1,-1,-1,1,1,-1,1,1,-1,-1,1,1,1,1,1,-1,-1,1,1,-1,1,1,-1,-1,1,1,1,1,1,1,-1,-1,1,1,-1,1,-1,-1,1,-1,1,1,1,1,-1,-1,1,-1,1,1,1,-1,1,1,1,1,-1,1,-1,1,1,1,1,1,1,1,-1,1,1,1,1,-1,1,-1,1,1,1,1,1,-1,1,1,1,1,-1,1,1,-1,1,1,-1,1,1,-1,-1,1,1,1,1,-1,1,-1,1,1,1,-1,-1,1,-1,1,1,1,-1,1,-1,-1,-1,1,1,-1,-1,1,-1,-1,1,1,-1,-1,1,-1,-1,-1,1,1,-1,1,-1,-1,1,1,-1,-1,-1,1,-1,-1,1,-1,1,1,-1,1,1,-1,-1,1,-1,-1,-1,1,1,-1,1,1,-1,1,1,-1,-1,-1,-1,1,-1,-1,-1,-1,1,-1,-1,1,1,-1,1,1,-1,1,1,1,1,-1,1,-1,1,1,1,-1,-1,1,-1,-1,1,1,-1,1,1,-1,1,1,1,-1,-1,1,-1,1,1,1,1,-1,1,-1,-1,1,1,1,-1,1,1,-1,1,1,1,-1,1,-1,-1,1,-2670.0,1,2000,445,500,False
854,1,1,-1,-1,1,-1,-1,-1,1,1,1,-1,1,1,1,1,-1,1,-1,-1,-1,-1,1,1,1,-1,-1,-1,1,1,1,1,1,-1,-1,-1,1,-1,1,1,-1,-1,-1,1,1,1,1,-1,1,1,1,1,-1,1,-1,-1,1,-1,1,1,1,-1,-1,-1,1,1,1,1,-1,-1,-1,1,1,1,1,-1,-1,-1,1,1,1,-1,-1,-1,1,1,1,1,-1,-1,1,1,1,1,1,-1,-1,-1,1,-1,1,1,-1,-1,1,1,1,1,1,-1,-1,-1,1,1,1,1,-1,-1,1,1,1,1,1,1,-1,-1,1,1,-1,1,1,-1,1,1,1,1,1,1,-1,1,1,1,1,1,1,-1,1,1,1,1,1,1,-1,-1,-1,1,1,1,1,-1,1,1,1,1,-1,1,-1,1,-1,1,1,1,-1,-1,1,1,1,1,1,-1,1,-1,-1,1,-1,1,-1,1,1,1,1,1,1,1,1,1,1,1,-1,1,-1,1,1,-1,1,-1,1,1,-1,1,-1,1,-1,1,-1,1,1,-1,1,-1,1,1,1,1,-1,-1,1,1,-1,-1,1,-1,1,-1,-1,1,-1,1,-1,1,-1,1,-1,-1,1,-1,-1,-1,1,1,-1,1,-1,1,1,1,-1,1,1,-1,1,-1,1,-1,1,-1,1,-1,1,1,-1,1,-1,-1,-1,1,1,-1,1,-1,-1,-1,1,1,-1,-1,1,1,-1,-1,1,1,-1,1,1,-1,1,1,1,1,-1,1,-1,1,1,-1,1,-1,1,-1,1,1,1,1,1,1,-1,-1,1,-1,-1,1,1,1,-1,1,1,1,-1,1,1,1,1,1,1,-1,1,-1,1,1,1,-1,-1,1,-1,1,1,1,-1,1,1,-1,-1,1,1,1,-1,1,-1,1,1,1,-1,1,1,-1,1,1,1,-1,1,1,-1,1,1,1,-1,1,1,-1,-1,1,1,-1,1,1,-1,1,-1,1,-1,1,1,1,-1,1,1,1,-1,1,1,-1,1,1,-1,1,1,1,-1,-1,-1,-1,1,1,1,-1,1,1,-1,1,1,-1,-1,1,1,1,1,1,-1,1,1,1,-1,1,1,1,1,-1,1,1,1,-1,1,-1,1,1,1,1,1,1,-1,-1,-1,1,-1,-1,1,1,-1,1,1,1,1,1,1,1,-1,1,-1,-1,1,-1,1,-1,1,1,1,1,1,1,-1,-1,1,-1,1,1,1,-1,1,1,1,-1,1,1,-1,-1,1,-1,1,1,1,-1,1,1,1,1,1,1,-1,1,-1,-1,1,1,-1,-1,1,-1,-1,1,1,-1,-1,1,-1,1,1,1,-1,-1,1,-1,-1,1,1,-1,-1,1,-1,1,1,1,1,-1,1,1,-1,-1,1,1,-1,-1,1,1,-1,1,-1,-1,1,1,-1,1,-1,1,-1,-1,1,-1,1,-1,1,-1,-1,1,-1,-1,1,1,1,-1,1,-1,1,-1,-1,1,1,-1,-1,-1,1,-1,-1,-1,1,1,-1,1,-1,1,1,1,-1,1,1,-1,-1,-1,1,-1,-1,1,-1,-1,1,1,1,-1,1,-1,-1,1,1,-1,-1,1,-1,-1,1,1,-1,-1,1,-1,-1,-1,1,1,-1,1,1,-1,-1,1,-1,-1,1,-1,1,-1,1,1,-1,-1,1,-1,-1,-1,-1,-1,1,1,1,-1,1,1,-1,-1,1,-1,1,-1,-1,-1,1,1,-1,-1,-1,-1,-1,1,1,-1,1,1,-1,-1,-1,1,1,-1,-1,-1,-1,-1,1,-1,-1,1,-1,-1,-1,1,1,-1,-1,-1,-1,-1,1,-1,-1,1,-1,-1,1,1,1,-1,1,-1,-1,-1,1,1,-1,-1,-1,-1,-1,1,1,1,-1,-1,-1,-1,1,1,-1,-1,-1,-1,1,1,1,1,-1,-1,1,1,1,1,1,-1,-1,-1,1,1,1,1,1,-1,1,1,1,1,-1,1,-1,-1,1,-1,1,-1,1,-1,-1,1,-1,1,-1,-1,-1,-1,1,-1,1,-1,1,1,-1,1,-1,1,-1,1,1,-1,1,-1,1,-1,-1,-1,-1,1,1,-1,-1,-1,-1,-1,1,-1,1,-1,-1,-1,-1,-1,-1,-1,1,-1,-1,-1,1,-1,-1,1,-1,-1,-1,-1,-1,1,1,-1,-1,-1,-1,-1,1,-1,-1,-1,1,-1,-1,1,-1,1,-1,-1,-1,-1,-1,-1,-1,1,-1,-1,-1,1,1,-1,-1,-1,1,1,-1,-1,-1,-1,1,-1,-1,1,-1,1,-1,-1,-1,-1,1,-1,1,1,-1,1,-1,-1,1,1,-1,-1,-1,-1,-1,-1,1,1,-1,-1,1,-1,1,1,-1,-1,-1,1,-1,1,1,-1,-1,1,-1,-1,1,1,1,-1,1,-1,1,1,1,-1,-1,1,-1,-1,1,-1,1,-1,1,-1,-1,1,1,-1,1,1,-1,-1,1,1,1,1,1,-1,-1,1,1,1,1,1,-1,-1,1,1,1,1,-1,1,-1,-1,1,1,1,1,-1,-1,1,-1,1,1,1,1,-1,-1,1,-1,1,1,1,-1,1,1,1,1,-1,1,-1,1,1,1,1,1,1,1,-1,1,1,1,1,-1,1,-1,1,1,1,1,1,-1,1,1,1,1,-1,1,1,-1,1,1,-1,1,1,-1,-1,1,1,1,1,-1,1,-1,1,1,1,-1,-1,1,-1,1,1,1,-1,1,-1,-1,-1,1,1,-1,-1,1,-1,-1,1,1,-1,-1,1,-1,-1,1,1,1,-1,1,-1,-1,1,1,-1,-1,-1,1,-1,-1,1,-1,1,1,-1,1,1,-1,-1,1,-1,-1,-1,1,1,-1,1,1,-1,1,1,-1,-1,-1,-1,1,-1,-1,-1,-1,1,-1,-1,1,1,-1,1,1,-1,1,1,1,1,-1,1,-1,1,1,1,-1,-1,1,-1,-1,-1,1,-1,-1,1,-1,1,1,1,-1,-1,1,-1,1,1,1,1,-1,1,-1,-1,1,1,1,-1,-1,1,-1,1,-1,1,-1,1,-1,-1,1,-2670.0,1,2000,445,500,False
855,1,1,-1,-1,1,-1,-1,-1,1,1,1,-1,1,1,1,1,-1,1,-1,-1,1,-1,1,1,1,-1,-1,-1,1,1,1,1,1,-1,-1,-1,1,1,1,1,-1,-1,-1,1,1,1,1,-1,1,1,1,1,-1,1,-1,-1,1,-1,1,1,-1,-1,-1,-1,1,1,1,1,-1,-1,-1,1,1,1,1,-1,-1,-1,1,1,1,-1,-1,-1,1,1,1,1,-1,-1,-1,1,1,1,1,-1,-1,1,1,-1,1,1,-1,-1,1,1,1,1,1,-1,-1,1,1,1,1,1,-1,-1,1,1,1,1,1,1,-1,1,1,1,-1,1,1,-1,1,1,1,1,1,1,-1,-1,1,1,1,1,1,-1,1,1,1,1,1,1,-1,-1,-1,1,1,1,1,-1,1,1,1,1,-1,1,-1,1,-1,1,1,1,-1,-1,1,1,1,1,1,-1,1,-1,-1,1,-1,1,-1,1,1,1,1,1,1,1,1,1,-1,1,-1,1,-1,1,1,-1,1,-1,1,1,-1,1,-1,1,-1,1,-1,1,1,-1,-1,-1,1,1,1,1,-1,-1,1,1,-1,-1,1,-1,1,-1,1,1,-1,1,-1,1,-1,1,-1,1,1,-1,-1,-1,1,1,-1,1,-1,1,1,1,-1,1,1,-1,1,-1,1,-1,1,-1,1,-1,1,1,-1,1,-1,-1,-1,1,1,-1,1,-1,-1,-1,1,1,-1,-1,1,1,-1,-1,1,1,-1,1,1,-1,1,1,1,1,-1,1,-1,1,1,-1,1,-1,1,1,1,1,1,1,1,1,-1,-1,1,-1,-1,-1,1,1,-1,1,1,1,-1,1,1,1,1,1,1,1,1,-1,1,1,1,-1,-1,1,-1,1,1,1,-1,1,1,-1,-1,1,1,1,-1,1,-1,1,1,1,-1,1,1,-1,1,1,1,-1,1,1,-1,1,1,1,-1,1,1,-1,-1,1,1,-1,1,1,-1,1,-1,1,-1,1,1,1,-1,1,1,1,-1,1,1,-1,1,1,-1,1,1,1,-1,-1,-1,-1,1,1,1,-1,1,1,-1,1,1,-1,-1,1,1,1,1,1,-1,1,1,1,-1,1,1,1,-1,-1,1,1,1,-1,1,-1,1,1,1,1,1,1,-1,-1,-1,1,-1,-1,1,-1,1,-1,1,1,1,1,1,-1,-1,1,-1,-1,1,-1,1,-1,1,1,-1,1,-1,1,-1,-1,1,-1,1,1,-1,-1,1,1,1,-1,1,-1,-1,-1,1,-1,1,1,-1,-1,1,1,1,1,-1,1,-1,1,-1,-1,1,-1,1,-1,1,-1,1,1,-1,-1,-1,1,-1,1,1,1,-1,-1,1,1,-1,1,-1,-1,-1,1,-1,1,1,1,-1,-1,1,1,-1,1,-1,-1,-1,-1,-1,-1,1,-1,-1,-1,1,-1,-1,1,-1,-1,-1,-1,1,-1,1,-1,-1,1,-1,1,-1,-1,1,1,1,-1,1,-1,1,-1,1,-1,1,-1,-1,-1,1,-1,-1,1,1,1,-1,1,-1,1,1,1,-1,1,1,-1,-1,-1,1,-1,-1,1,-1,-1,1,1,1,-1,1,-1,-1,1,1,-1,-1,1,-1,-1,1,1,-1,-1,1,-1,-1,-1,1,1,-1,1,1,-1,-1,1,-1,-1,1,-1,1,-1,1,1,-1,-1,1,-1,-1,-1,-1,-1,1,1,1,-1,-1,1,-1,-1,1,-1,-1,1,-1,-1,1,1,-1,-1,1,-1,-1,1,1,-1,1,-1,1,-1,-1,1,1,-1,-1,-1,-1,1,1,-1,-1,1,-1,-1,-1,1,1,-1,-1,-1,-1,-1,1,-1,-1,-1,-1,-1,-1,1,1,-1,-1,-1,-1,1,1,1,-1,-1,-1,-1,-1,1,1,1,-1,-1,-1,-1,1,1,1,-1,-1,-1,1,1,1,1,1,-1,1,1,1,1,1,1,-1,-1,1,1,1,-1,-1,-1,1,1,1,1,-1,1,-1,-1,1,-1,1,-1,1,-1,-1,1,-1,1,1,1,-1,-1,1,-1,1,-1,1,-1,-1,1,-1,1,1,1,-1,-1,1,-1,1,1,1,-1,-1,1,1,-1,1,1,-1,-1,1,-1,1,-1,1,-1,-1,-1,-1,-1,1,1,-1,-1,1,-1,-1,1,1,-1,-1,-1,-1,-1,-1,1,-1,-1,-1,-1,1,1,-1,-1,1,-1,-1,1,-1,1,-1,-1,-1,-1,-1,1,1,1,-1,-1,-1,1,1,1,-1,-1,-1,1,-1,-1,1,-1,1,-1,-1,1,1,1,-1,-1,-1,-1,1,-1,1,1,-1,1,-1,-1,1,1,-1,-1,-1,-1,-1,-1,1,1,-1,-1,1,-1,1,1,-1,-1,-1,1,-1,1,1,-1,-1,1,-1,-1,1,1,1,-1,1,-1,1,1,1,-1,-1,1,-1,-1,1,1,1,-1,1,-1,-1,1,1,-1,1,1,-1,-1,1,1,1,1,1,-1,-1,1,1,1,1,1,-1,-1,1,1,1,1,1,1,-1,-1,1,1,-1,1,-1,-1,1,-1,1,1,1,1,-1,-1,1,-1,1,1,1,-1,1,1,1,1,-1,1,-1,1,1,1,1,1,1,1,-1,1,1,1,1,-1,1,-1,1,1,1,1,1,-1,1,1,1,1,-1,1,1,-1,1,1,-1,1,1,-1,-1,1,1,1,1,-1,1,-1,1,1,1,-1,-1,1,-1,1,1,1,-1,1,-1,-1,-1,1,1,-1,-1,1,-1,-1,1,1,1,-1,1,-1,-1,1,1,1,-1,1,-1,-1,1,1,-1,-1,-1,1,-1,-1,1,-1,1,1,-1,1,1,-1,-1,1,-1,-1,-1,1,1,-1,1,1,-1,1,1,-1,-1,1,-1,1,-1,-1,-1,-1,1,-1,-1,1,1,-1,1,1,-1,1,1,1,1,-1,1,-1,1,1,1,1,-1,1,-1,-1,1,1,1,-1,1,-1,1,1,1,1,-1,1,-1,1,1,-1,-1,-1,1,-1,-1,1,1,-1,-1,-1,1,-1,1,-1,1,-1,1,-1,-1,1,-2670.0,1,2000,445,500,False
856,1,1,-1,-1,1,1,-1,-1,1,1,1,-1,1,1,1,1,-1,1,-1,-1,-1,-1,1,1,1,-1,1,-1,1,1,1,1,-1,-1,-1,-1,1,1,1,1,-1,-1,-1,1,1,1,1,-1,1,1,1,1,-1,1,-1,-1,1,-1,1,1,1,-1,-1,-1,1,1,1,1,-1,-1,-1,1,1,1,1,-1,-1,-1,1,1,1,-1,-1,-1,1,1,1,1,-1,1,-1,1,1,1,1,-1,-1,1,1,-1,1,1,-1,-1,1,1,1,1,1,-1,-1,1,1,1,1,1,-1,-1,1,1,1,1,1,1,-1,1,1,1,-1,1,1,-1,1,1,1,1,1,1,-1,-1,1,1,1,1,1,-1,1,1,1,1,1,1,-1,-1,-1,1,1,1,1,-1,1,1,1,1,-1,1,-1,1,-1,1,1,1,-1,-1,1,1,1,1,1,-1,1,-1,-1,1,-1,1,-1,1,1,1,1,1,1,1,1,1,1,1,-1,1,-1,1,1,-1,1,-1,1,1,-1,1,-1,1,-1,1,-1,1,1,-1,-1,-1,1,1,1,1,-1,-1,1,1,-1,-1,1,-1,1,-1,-1,1,-1,1,-1,1,-1,1,-1,1,1,-1,-1,-1,1,1,-1,1,-1,1,1,1,-1,1,1,-1,1,-1,1,-1,1,-1,1,-1,1,1,-1,1,-1,-1,-1,1,1,-1,1,-1,-1,-1,1,1,-1,-1,1,1,-1,-1,1,1,-1,1,1,-1,1,1,1,1,-1,1,-1,1,1,-1,1,-1,1,1,1,1,1,1,1,1,-1,-1,1,-1,-1,-1,1,1,-1,1,1,1,-1,1,1,1,1,1,1,1,1,-1,1,1,1,-1,-1,1,-1,1,1,1,-1,1,1,-1,-1,1,1,1,-1,1,-1,1,1,1,-1,1,1,-1,1,1,1,-1,1,1,-1,1,1,1,-1,1,1,-1,-1,1,1,-1,1,1,-1,1,-1,1,-1,1,1,1,-1,1,1,1,1,1,1,-1,1,1,-1,1,-1,1,-1,-1,-1,-1,1,1,1,-1,1,1,-1,1,1,-1,-1,1,1,1,1,1,-1,1,1,1,-1,1,1,1,-1,-1,1,1,1,-1,1,-1,1,1,1,1,1,1,-1,-1,-1,1,-1,-1,1,1,-1,1,1,1,1,1,1,1,-1,1,-1,-1,1,-1,1,-1,1,1,1,1,1,1,-1,-1,1,-1,1,1,1,-1,1,1,1,-1,1,1,-1,-1,1,-1,1,1,1,-1,1,1,1,1,1,1,-1,1,-1,-1,1,1,-1,-1,1,-1,-1,1,1,-1,-1,1,-1,1,1,1,-1,-1,1,1,-1,1,1,-1,-1,1,-1,1,1,1,1,-1,1,-1,-1,-1,1,1,-1,-1,-1,1,-1,1,-1,-1,1,-1,-1,1,-1,1,-1,-1,1,-1,1,-1,1,-1,-1,1,-1,-1,1,1,1,-1,1,-1,1,-1,1,-1,1,-1,-1,-1,1,-1,-1,1,1,1,-1,1,-1,1,1,1,-1,1,1,-1,1,-1,1,-1,-1,1,-1,-1,1,1,1,-1,1,-1,-1,1,1,-1,-1,1,-1,-1,1,1,-1,-1,1,-1,-1,-1,1,1,-1,1,-1,-1,-1,1,-1,-1,1,-1,1,-1,1,1,-1,-1,1,-1,-1,-1,-1,-1,1,1,1,-1,1,1,-1,-1,1,-1,-1,-1,-1,-1,1,1,-1,-1,-1,-1,-1,1,1,-1,1,1,-1,-1,-1,1,1,-1,-1,-1,-1,-1,1,-1,-1,1,-1,-1,-1,1,1,-1,-1,-1,-1,-1,1,-1,-1,1,-1,-1,-1,1,1,-1,1,-1,-1,1,1,1,-1,-1,-1,-1,-1,1,1,1,-1,-1,-1,-1,1,1,-1,-1,-1,-1,1,1,1,1,-1,-1,1,1,1,1,1,-1,-1,-1,1,1,1,-1,1,-1,1,1,1,1,-1,1,-1,-1,1,-1,1,-1,1,-1,-1,1,-1,1,-1,-1,-1,-1,1,-1,1,-1,1,-1,-1,1,-1,1,-1,1,-1,-1,1,-1,1,-1,-1,-1,-1,1,1,-1,-1,-1,-1,-1,1,-1,1,-1,-1,-1,-1,-1,-1,-1,1,-1,-1,-1,1,-1,-1,1,-1,-1,-1,-1,-1,-1,1,-1,-1,-1,-1,-1,1,-1,-1,-1,1,-1,-1,1,-1,1,-1,-1,-1,-1,-1,-1,-1,1,-1,-1,-1,1,1,-1,-1,-1,1,-1,-1,-1,-1,-1,1,-1,-1,1,-1,1,-1,-1,-1,-1,1,-1,1,1,-1,1,-1,-1,1,1,-1,-1,-1,-1,-1,-1,1,1,-1,-1,1,-1,1,1,-1,-1,-1,1,-1,1,1,-1,-1,1,-1,-1,1,1,1,-1,1,-1,1,1,1,-1,-1,1,-1,-1,1,1,1,-1,1,-1,-1,1,1,-1,1,1,-1,-1,1,1,1,1,1,-1,-1,1,1,-1,1,1,-1,-1,1,1,1,1,1,1,-1,-1,1,1,-1,1,-1,-1,1,-1,1,1,1,1,-1,-1,1,-1,1,1,1,-1,1,1,1,1,-1,1,-1,1,1,1,1,1,1,1,-1,1,1,1,1,-1,1,-1,1,1,1,1,1,-1,1,1,1,1,-1,1,1,-1,1,1,-1,1,1,-1,-1,1,1,1,1,-1,1,-1,1,1,1,-1,-1,1,-1,1,1,1,-1,1,-1,-1,-1,1,1,-1,-1,1,-1,-1,1,1,-1,-1,1,-1,-1,-1,1,1,-1,1,-1,-1,1,1,-1,-1,-1,1,-1,-1,1,-1,1,1,-1,1,1,-1,-1,1,-1,-1,-1,-1,1,-1,1,1,-1,1,1,-1,-1,1,-1,1,-1,-1,-1,-1,1,-1,-1,1,1,-1,1,1,-1,1,1,1,1,-1,1,-1,1,1,1,1,-1,1,-1,-1,1,1,1,-1,1,-1,1,1,1,1,-1,1,-1,1,1,1,-1,-1,1,-1,-1,1,1,-1,-1,-1,1,-1,1,-1,1,-1,1,-1,-1,1,-2670.0,1,2000,445,500,False
857,1,1,-1,-1,1,1,-1,-1,1,1,1,-1,-1,1,1,1,-1,1,1,-1,-1,-1,1,1,1,1,-1,-1,1,1,1,1,-1,-1,-1,-1,1,-1,1,1,-1,-1,-1,1,1,1,1,-1,1,1,1,1,-1,1,-1,-1,1,-1,1,1,1,-1,-1,-1,1,1,1,1,-1,-1,-1,1,1,1,1,-1,-1,-1,1,1,1,-1,-1,-1,1,1,1,1,-1,-1,-1,1,1,1,1,-1,-1,1,1,-1,1,1,-1,-1,1,1,1,1,1,-1,-1,1,1,1,1,1,-1,-1,1,1,1,1,1,1,-1,-1,1,1,-1,1,1,-1,1,1,1,1,1,1,-1,-1,1,1,1,1,1,-1,1,1,1,1,1,1,-1,-1,-1,1,1,1,1,-1,1,1,1,1,-1,1,-1,1,-1,1,1,1,-1,-1,1,1,1,1,1,-1,1,-1,-1,1,-1,1,-1,1,1,1,1,1,1,1,1,1,-1,1,-1,1,-1,1,1,-1,1,-1,1,1,-1,1,-1,1,-1,1,-1,1,1,-1,1,-1,1,1,1,1,-1,-1,1,1,-1,-1,1,-1,1,-1,-1,1,-1,1,-1,1,-1,1,-1,1,1,-1,-1,-1,1,1,-1,1,-1,1,1,1,-1,1,1,-1,1,-1,1,-1,1,-1,1,-1,1,1,-1,1,-1,-1,-1,1,1,-1,1,-1,-1,-1,1,1,-1,-1,1,1,-1,-1,1,1,-1,1,1,-1,1,1,1,1,-1,1,-1,1,1,-1,1,-1,1,-1,1,1,1,1,1,1,-1,-1,1,-1,-1,1,1,1,-1,1,1,1,-1,1,1,1,1,1,1,1,1,-1,1,1,1,-1,1,1,-1,1,1,1,-1,1,1,-1,-1,1,1,1,-1,1,-1,1,1,1,-1,1,1,-1,1,1,1,-1,1,1,-1,1,1,1,-1,1,1,1,-1,1,1,-1,1,1,-1,1,-1,1,-1,1,1,1,-1,1,1,1,-1,1,1,-1,1,1,-1,1,1,1,-1,-1,-1,-1,1,1,1,-1,1,1,-1,1,1,-1,-1,1,1,1,1,1,-1,1,1,1,-1,1,1,1,1,-1,1,1,1,-1,1,-1,1,1,1,1,1,1,-1,-1,-1,1,-1,-1,1,1,-1,1,1,-1,1,1,1,1,-1,1,-1,-1,1,-1,1,-1,1,1,1,1,1,1,-1,-1,1,-1,1,1,1,-1,1,1,1,-1,1,1,-1,-1,1,-1,1,1,1,-1,1,1,1,1,1,1,-1,1,-1,1,1,1,-1,-1,1,-1,1,1,1,-1,-1,1,-1,1,1,1,-1,-1,1,1,-1,1,1,-1,-1,1,-1,1,1,1,1,-1,1,-1,-1,1,1,1,-1,-1,-1,-1,1,1,-1,-1,1,-1,-1,1,-1,1,-1,-1,1,-1,1,-1,1,-1,-1,1,-1,-1,1,1,1,-1,1,-1,1,-1,-1,-1,1,-1,-1,-1,1,-1,-1,1,1,1,-1,1,-1,1,1,1,-1,1,1,-1,1,-1,1,-1,-1,1,-1,-1,1,1,1,-1,1,-1,-1,1,1,-1,-1,1,-1,-1,1,1,-1,-1,1,-1,-1,-1,1,1,-1,1,1,-1,-1,1,-1,-1,1,-1,1,-1,1,1,-1,-1,1,-1,-1,-1,-1,-1,1,1,1,-1,-1,1,-1,-1,1,-1,-1,1,-1,-1,1,1,-1,-1,1,-1,-1,1,1,-1,1,-1,-1,-1,-1,1,1,-1,-1,-1,-1,-1,1,-1,-1,1,-1,-1,-1,1,1,-1,-1,-1,-1,-1,1,-1,-1,-1,-1,-1,1,1,1,-1,-1,-1,-1,-1,1,1,-1,-1,-1,-1,-1,1,1,1,-1,-1,-1,-1,1,1,-1,-1,-1,-1,1,1,1,1,-1,-1,1,1,1,1,1,-1,-1,-1,1,1,1,1,1,-1,1,1,1,1,-1,1,-1,-1,1,-1,1,-1,1,-1,-1,1,-1,1,-1,-1,-1,-1,1,-1,1,-1,1,1,-1,1,-1,1,-1,1,1,-1,1,-1,1,-1,-1,-1,-1,1,1,-1,-1,-1,-1,-1,1,-1,1,-1,-1,-1,-1,-1,-1,-1,1,-1,-1,-1,1,-1,-1,1,-1,-1,-1,-1,-1,1,1,-1,-1,-1,-1,-1,1,-1,-1,-1,1,-1,-1,1,-1,1,-1,-1,-1,-1,-1,-1,-1,1,-1,-1,-1,1,1,-1,-1,-1,1,-1,-1,-1,-1,-1,1,-1,-1,1,1,1,-1,-1,-1,-1,1,-1,1,1,-1,1,-1,-1,1,1,-1,-1,-1,-1,-1,-1,1,1,-1,-1,1,-1,1,1,-1,-1,-1,1,-1,1,1,-1,-1,1,-1,-1,1,1,1,-1,1,-1,1,1,1,-1,-1,1,-1,-1,1,1,1,-1,1,-1,-1,1,1,-1,1,1,-1,-1,1,1,-1,1,1,-1,-1,1,1,-1,1,1,-1,-1,1,1,1,1,1,1,-1,-1,1,-1,1,1,-1,-1,1,-1,1,1,1,1,-1,-1,1,-1,1,1,1,-1,1,1,1,1,-1,1,-1,1,1,1,1,1,1,1,-1,1,1,1,1,-1,1,-1,1,1,1,1,1,-1,1,1,1,1,-1,1,1,-1,1,1,-1,1,1,-1,-1,1,1,1,1,-1,1,-1,1,1,1,-1,-1,1,-1,1,1,1,-1,1,-1,-1,-1,1,1,-1,-1,1,-1,-1,1,1,-1,-1,1,-1,-1,1,1,1,-1,1,-1,-1,1,1,-1,-1,-1,1,-1,1,1,-1,1,1,-1,1,1,-1,-1,1,1,-1,-1,1,1,-1,1,1,-1,1,1,-1,-1,-1,-1,1,-1,-1,-1,-1,1,-1,-1,1,1,-1,1,1,-1,1,1,1,1,-1,1,-1,1,1,1,1,-1,1,-1,-1,1,1,1,-1,1,-1,1,1,1,1,-1,1,-1,1,1,1,-1,-1,1,-1,-1,1,1,-1,-1,-1,1,-1,1,-1,1,-1,1,-1,-1,1,-2670.0,1,2000,445,500,False
858,1,1,-1,-1,1,-1,-1,-1,1,1,1,-1,1,1,1,1,-1,1,-1,-1,-1,-1,1,1,1,-1,1,-1,1,1,1,1,-1,-1,-1,-1,1,-1,1,1,-1,-1,-1,1,1,1,1,-1,1,1,1,1,-1,1,-1,-1,1,-1,1,1,1,-1,-1,-1,1,1,1,1,-1,-1,-1,1,1,1,1,-1,-1,-1,1,1,1,-1,-1,-1,1,1,1,1,-1,-1,1,1,1,1,1,-1,-1,-1,1,-1,1,1,-1,-1,1,1,1,1,1,-1,-1,-1,1,1,1,1,-1,-1,1,1,1,1,1,1,-1,-1,1,1,-1,1,1,-1,1,1,1,1,1,1,-1,1,1,1,1,1,1,-1,1,1,1,1,1,1,-1,-1,-1,1,1,1,1,-1,1,1,1,1,-1,1,-1,1,-1,1,1,1,-1,-1,1,1,1,1,1,-1,1,-1,-1,1,-1,1,-1,1,1,1,1,1,1,1,1,1,-1,1,-1,1,-1,1,1,-1,1,-1,1,1,-1,1,-1,1,-1,1,-1,1,1,-1,-1,-1,1,1,1,1,-1,-1,1,1,-1,-1,1,-1,1,-1,-1,1,-1,1,-1,1,-1,1,-1,-1,1,-1,-1,-1,1,1,-1,1,-1,1,1,1,-1,1,1,-1,-1,-1,1,-1,1,-1,1,-1,1,1,-1,1,-1,-1,-1,1,1,-1,1,-1,-1,-1,1,1,-1,-1,1,1,-1,-1,1,1,-1,1,1,-1,1,1,1,1,-1,1,-1,1,1,-1,1,-1,1,1,-1,1,1,1,1,1,-1,-1,1,-1,-1,1,1,1,-1,1,1,1,-1,1,-1,-1,1,1,1,1,1,-1,1,1,1,-1,-1,1,-1,1,1,1,-1,1,1,-1,1,-1,1,1,-1,1,-1,1,1,1,-1,1,1,-1,1,1,1,-1,1,-1,-1,1,1,1,-1,1,-1,-1,1,1,1,-1,1,-1,-1,-1,-1,1,-1,1,1,-1,1,1,1,1,-1,1,-1,-1,-1,1,-1,1,-1,-1,1,-1,-1,-1,1,1,-1,1,-1,1,-1,1,-1,1,-1,1,1,1,1,-1,1,-1,1,1,-1,1,-1,-1,-1,-1,1,1,1,1,-1,-1,1,1,1,1,-1,-1,1,-1,-1,1,-1,1,-1,1,-1,1,1,1,-1,-1,1,1,-1,1,-1,1,-1,-1,1,-1,1,1,-1,-1,-1,1,-1,-1,1,1,-1,-1,-1,-1,1,1,-1,1,-1,1,-1,-1,1,1,-1,-1,1,-1,1,1,-1,-1,1,1,-1,1,-1,1,-1,1,-1,-1,1,-1,1,-1,1,-1,-1,1,-1,-1,-1,1,-1,-1,1,-1,1,-1,1,-1,-1,1,-1,-1,1,-1,1,-1,1,1,1,-1,1,1,-1,-1,1,1,-1,1,-1,-1,1,1,1,1,1,1,-1,-1,1,1,-1,1,1,-1,-1,1,1,1,-1,1,1,-1,1,1,1,1,1,1,1,-1,-1,-1,1,-1,-1,1,1,1,-1,1,-1,1,-1,-1,-1,1,1,-1,1,1,-1,-1,-1,1,-1,1,1,-1,1,-1,1,-1,-1,-1,-1,-1,-1,1,-1,-1,-1,-1,-1,-1,1,-1,1,1,1,1,-1,1,-1,1,1,-1,-1,-1,1,-1,-1,1,-1,1,-1,-1,1,1,1,1,-1,-1,1,1,1,1,-1,1,-1,-1,1,1,1,-1,-1,-1,1,1,1,1,-1,-1,-1,1,-1,1,-1,1,1,-1,-1,1,1,1,-1,-1,-1,1,1,1,1,1,-1,-1,-1,1,1,1,1,-1,-1,-1,1,-1,1,-1,-1,-1,-1,1,1,1,1,-1,-1,1,1,-1,1,1,-1,-1,-1,1,1,-1,1,-1,-1,-1,1,1,1,1,-1,-1,1,1,1,-1,-1,-1,1,1,-1,1,1,-1,-1,-1,1,1,-1,1,1,-1,1,1,1,-1,1,-1,-1,-1,1,-1,1,-1,-1,-1,-1,1,1,-1,1,-1,-1,-1,1,-1,-1,1,-1,1,-1,1,1,-1,1,-1,1,-1,1,-1,-1,1,-1,-1,-1,1,1,1,-1,-1,-1,-1,1,-1,-1,1,-1,-1,-1,-1,-1,-1,1,-1,-1,-1,1,-1,-1,1,-1,-1,-1,-1,-1,1,1,-1,-1,-1,-1,-1,1,-1,-1,-1,1,-1,-1,1,-1,1,-1,-1,-1,-1,-1,-1,-1,1,-1,-1,-1,1,1,1,-1,-1,1,-1,1,-1,-1,-1,1,-1,-1,1,-1,1,-1,-1,-1,-1,1,-1,1,1,-1,1,-1,-1,1,1,-1,-1,-1,-1,-1,-1,1,1,-1,-1,1,-1,1,1,-1,-1,-1,1,-1,1,1,-1,-1,1,-1,-1,1,1,1,-1,1,-1,1,1,1,-1,-1,1,-1,-1,1,-1,1,-1,1,-1,-1,1,1,-1,1,1,-1,-1,1,1,-1,1,1,-1,-1,1,1,-1,1,1,-1,-1,1,1,1,1,-1,1,-1,-1,1,1,-1,1,-1,-1,1,-1,1,1,1,1,-1,-1,1,-1,1,1,1,-1,1,1,1,1,-1,1,-1,1,1,1,1,1,1,1,-1,1,1,1,1,-1,1,-1,1,1,1,1,1,-1,1,1,1,1,-1,1,1,-1,1,1,-1,1,1,-1,-1,1,1,1,1,-1,1,-1,1,1,1,-1,-1,1,-1,1,1,1,-1,1,-1,-1,-1,1,1,-1,-1,1,-1,-1,1,1,-1,-1,1,-1,-1,1,1,1,-1,1,-1,-1,1,1,-1,-1,-1,1,-1,-1,1,-1,1,1,-1,1,1,-1,-1,1,-1,-1,-1,1,1,-1,1,1,-1,1,1,-1,-1,-1,-1,1,-1,-1,-1,-1,1,-1,-1,1,1,-1,1,1,-1,1,1,1,1,-1,1,-1,1,1,1,-1,-1,1,-1,-1,-1,1,-1,-1,1,-1,1,1,1,-1,-1,1,-1,1,1,1,1,-1,1,-1,-1,1,1,1,-1,-1,1,-1,1,1,1,-1,1,-1,-1,1,-2670.0,1,2000,445,500,False
859,1,1,-1,-1,1,-1,-1,-1,1,1,1,-1,1,1,1,1,-1,1,-1,-1,-1,-1,1,1,1,-1,-1,-1,1,1,1,1,1,-1,-1,-1,1,-1,1,1,-1,-1,-1,1,1,1,1,-1,1,1,1,1,-1,1,-1,-1,1,-1,1,1,1,-1,-1,-1,1,1,1,1,-1,-1,-1,1,1,1,1,-1,-1,-1,1,1,1,-1,-1,-1,1,1,1,1,-1,-1,1,1,1,1,1,-1,-1,-1,1,-1,1,1,-1,-1,1,1,1,1,1,-1,-1,-1,1,1,1,1,-1,-1,1,1,1,1,1,1,-1,-1,1,1,-1,1,1,-1,1,1,1,1,1,1,-1,1,1,1,1,1,1,-1,1,1,1,1,1,1,-1,-1,-1,1,1,1,1,-1,1,1,1,1,-1,1,-1,1,-1,1,1,1,-1,-1,1,1,1,1,1,-1,1,-1,-1,1,-1,1,-1,1,1,1,1,1,1,1,1,1,-1,1,-1,1,-1,1,1,-1,1,-1,1,1,-1,1,-1,1,-1,1,-1,1,1,-1,1,-1,1,1,1,1,-1,-1,1,1,-1,-1,1,-1,1,-1,-1,1,-1,1,-1,1,-1,1,-1,-1,1,-1,1,-1,1,1,-1,1,-1,1,1,1,-1,1,1,-1,1,-1,1,-1,1,-1,1,-1,1,1,-1,1,-1,-1,-1,1,1,-1,1,-1,-1,-1,1,1,-1,-1,1,1,-1,-1,1,1,-1,1,1,-1,1,1,1,1,-1,1,-1,1,1,-1,1,-1,1,-1,1,1,1,1,1,1,-1,-1,1,-1,-1,-1,1,1,-1,1,1,1,-1,1,1,1,1,1,1,1,1,-1,1,1,1,-1,-1,1,-1,1,1,1,-1,1,1,-1,-1,1,1,1,-1,1,-1,1,1,1,-1,1,1,-1,1,1,1,-1,1,1,-1,1,1,1,-1,1,1,1,-1,1,1,-1,1,1,-1,1,-1,1,-1,1,1,1,-1,1,1,1,1,1,1,-1,1,1,-1,1,1,1,-1,-1,-1,-1,1,1,1,-1,1,1,-1,1,1,-1,-1,1,1,1,1,1,-1,1,1,1,-1,1,1,1,-1,-1,1,1,1,-1,1,-1,1,1,1,1,1,1,-1,-1,-1,1,-1,-1,1,1,-1,1,1,1,1,1,1,1,-1,1,-1,-1,1,-1,1,-1,1,1,1,1,1,1,-1,-1,1,-1,1,1,1,-1,1,1,1,-1,1,1,-1,-1,1,-1,1,1,1,-1,1,1,1,1,1,1,-1,1,-1,1,1,1,-1,-1,1,-1,-1,1,1,-1,-1,1,-1,1,1,1,-1,-1,1,-1,-1,1,1,-1,-1,1,-1,1,1,1,1,-1,1,-1,-1,-1,1,1,-1,-1,-1,1,-1,1,-1,-1,1,-1,-1,1,-1,1,-1,-1,1,-1,1,-1,1,1,-1,1,-1,-1,1,1,1,-1,1,-1,1,-1,-1,1,1,-1,-1,-1,1,-1,-1,-1,1,1,-1,1,-1,1,1,1,-1,1,1,-1,-1,-1,1,-1,-1,1,-1,-1,1,1,1,-1,1,-1,-1,1,1,-1,-1,1,-1,-1,1,1,-1,-1,1,-1,-1,-1,1,1,-1,1,1,-1,-1,1,-1,-1,1,-1,1,-1,1,1,-1,-1,1,-1,-1,-1,-1,-1,1,1,1,-1,1,1,-1,-1,1,-1,1,-1,-1,-1,-1,1,-1,-1,-1,-1,-1,1,1,-1,1,1,-1,-1,-1,1,1,-1,-1,-1,-1,1,1,-1,-1,1,-1,-1,-1,1,1,-1,-1,-1,-1,-1,1,-1,-1,1,-1,-1,1,1,1,-1,1,-1,-1,-1,1,1,-1,-1,-1,-1,-1,1,1,1,-1,-1,-1,-1,1,1,-1,-1,-1,-1,1,1,1,1,-1,-1,1,1,1,1,1,-1,-1,-1,1,1,1,1,1,-1,1,1,1,1,-1,1,-1,-1,1,-1,1,-1,1,-1,-1,1,-1,1,-1,-1,-1,-1,1,-1,1,-1,1,1,-1,1,-1,1,-1,1,1,-1,1,-1,1,-1,-1,-1,-1,1,1,-1,-1,-1,-1,-1,1,-1,1,-1,-1,-1,-1,-1,-1,-1,1,-1,-1,-1,1,-1,-1,1,-1,-1,-1,-1,-1,-1,1,-1,-1,-1,-1,-1,1,-1,-1,-1,1,-1,-1,1,-1,1,-1,-1,-1,-1,-1,-1,-1,1,-1,-1,-1,1,1,-1,-1,-1,1,-1,-1,-1,-1,-1,1,-1,-1,1,-1,1,-1,-1,-1,-1,1,-1,1,1,-1,1,-1,-1,1,1,-1,-1,-1,-1,-1,-1,1,1,-1,-1,1,-1,1,1,-1,-1,-1,1,-1,-1,1,-1,-1,1,-1,-1,1,1,1,-1,1,-1,1,1,1,-1,-1,1,-1,-1,1,1,1,-1,1,-1,-1,1,1,-1,1,1,-1,-1,1,1,-1,1,1,-1,-1,1,1,1,1,1,-1,-1,1,1,1,1,-1,1,-1,-1,1,1,-1,1,-1,-1,1,-1,1,1,1,1,-1,-1,1,-1,1,1,1,-1,1,1,1,1,-1,1,-1,1,1,1,1,1,1,1,-1,1,1,1,1,-1,1,-1,1,1,1,1,1,-1,1,1,1,1,-1,1,1,-1,1,1,-1,1,1,-1,-1,1,1,1,1,-1,1,-1,1,1,1,-1,-1,1,-1,1,1,1,-1,1,-1,-1,-1,1,1,-1,-1,1,-1,-1,1,1,-1,-1,1,-1,-1,1,1,1,-1,1,-1,-1,1,1,-1,-1,-1,1,-1,-1,1,-1,1,1,-1,1,1,-1,-1,1,-1,-1,-1,1,1,-1,1,1,-1,1,1,-1,-1,-1,-1,1,-1,-1,-1,-1,1,-1,-1,1,1,-1,1,1,-1,1,1,1,1,-1,1,-1,1,1,1,-1,-1,1,-1,-1,1,1,-1,-1,1,-1,1,1,1,-1,-1,1,-1,1,1,1,1,-1,1,-1,-1,1,1,1,-1,-1,1,-1,1,-1,1,-1,1,-1,-1,1,-2670.0,1,2000,445,500,False
860,1,1,-1,-1,1,1,-1,-1,1,1,1,-1,1,1,1,1,-1,1,-1,-1,-1,-1,1,1,1,-1,-1,-1,1,1,1,1,-1,-1,-1,-1,1,-1,1,1,-1,-1,-1,1,1,1,1,-1,1,1,1,1,-1,1,-1,-1,1,-1,1,1,1,-1,-1,-1,1,1,1,1,-1,-1,-1,1,1,1,1,-1,-1,-1,1,1,1,-1,-1,-1,1,1,1,1,-1,-1,1,1,1,1,1,-1,-1,-1,1,-1,1,1,-1,-1,1,1,1,1,1,-1,-1,-1,1,-1,1,1,-1,-1,1,1,1,1,1,1,-1,-1,1,1,-1,1,1,-1,1,1,1,1,1,1,-1,1,1,1,1,1,1,-1,1,1,1,1,1,1,-1,-1,-1,1,1,1,1,-1,1,1,1,1,-1,1,-1,1,-1,1,1,1,-1,-1,1,1,1,1,1,-1,1,-1,-1,1,-1,1,-1,1,1,1,1,1,1,1,1,1,1,1,-1,1,-1,1,1,-1,1,-1,1,1,-1,1,-1,1,-1,1,-1,1,1,-1,-1,-1,1,1,1,1,-1,-1,1,1,-1,-1,1,-1,1,-1,1,1,-1,1,-1,1,-1,1,-1,-1,1,-1,-1,-1,1,1,-1,1,-1,1,1,1,-1,1,1,-1,1,-1,1,-1,1,-1,1,-1,1,1,-1,1,-1,-1,-1,1,1,-1,1,-1,-1,-1,1,1,-1,-1,1,1,-1,-1,1,1,-1,1,1,-1,1,1,1,1,-1,1,-1,1,1,-1,1,-1,1,-1,1,1,1,1,1,1,-1,-1,1,-1,-1,1,1,1,-1,1,1,1,-1,1,1,1,1,1,1,-1,1,-1,1,1,1,-1,-1,1,-1,1,1,1,-1,1,1,-1,-1,1,1,1,-1,1,-1,1,1,1,-1,1,1,-1,1,1,1,-1,1,1,-1,1,1,1,-1,1,1,-1,-1,1,1,-1,1,1,-1,1,-1,1,-1,1,1,1,-1,1,1,1,1,1,1,-1,1,1,-1,1,1,1,-1,-1,-1,-1,1,1,1,-1,1,1,-1,1,1,-1,-1,1,1,1,1,1,-1,1,1,1,-1,1,1,1,-1,-1,1,1,1,-1,1,-1,1,1,1,1,1,1,-1,-1,-1,1,-1,-1,1,1,-1,1,1,1,1,1,1,1,-1,1,-1,-1,1,-1,1,-1,1,1,1,1,1,1,-1,-1,1,-1,1,1,1,-1,1,1,1,-1,1,1,-1,-1,1,-1,1,1,1,-1,1,1,1,1,1,1,-1,1,-1,1,1,1,-1,-1,1,-1,1,1,1,-1,-1,1,-1,1,1,1,-1,-1,1,-1,-1,1,1,-1,-1,1,-1,1,1,1,1,-1,1,1,-1,1,1,1,-1,-1,-1,-1,1,1,-1,-1,1,-1,-1,1,-1,1,-1,-1,1,-1,1,-1,1,1,-1,1,-1,-1,1,1,1,-1,1,-1,1,-1,1,-1,1,-1,-1,-1,1,-1,-1,1,1,1,-1,1,-1,1,1,1,-1,1,1,-1,1,-1,1,-1,-1,1,-1,-1,1,1,1,-1,1,-1,-1,1,1,-1,-1,1,-1,-1,1,1,-1,-1,1,-1,-1,-1,1,1,-1,1,1,-1,-1,1,-1,-1,1,-1,1,-1,1,1,-1,-1,1,-1,-1,-1,-1,-1,1,1,1,-1,-1,1,-1,-1,1,-1,-1,1,-1,-1,1,1,-1,-1,1,1,-1,1,1,-1,1,-1,1,-1,-1,1,1,-1,-1,-1,-1,1,1,-1,-1,1,-1,-1,-1,1,1,-1,-1,-1,-1,-1,1,-1,-1,-1,-1,-1,-1,1,1,-1,-1,-1,-1,1,1,1,-1,-1,-1,-1,-1,1,1,1,-1,-1,-1,-1,1,1,-1,-1,-1,-1,1,1,1,1,-1,-1,1,1,1,1,1,-1,-1,-1,1,1,1,-1,1,-1,1,1,1,1,-1,1,-1,-1,1,-1,1,-1,1,-1,-1,1,-1,1,-1,-1,-1,-1,1,-1,1,-1,1,1,-1,1,-1,1,-1,1,1,-1,1,-1,1,-1,-1,-1,-1,1,1,-1,-1,-1,-1,-1,1,-1,1,-1,-1,-1,-1,-1,-1,-1,1,-1,-1,-1,1,-1,-1,1,-1,-1,-1,-1,-1,1,1,-1,-1,-1,-1,-1,1,-1,-1,-1,1,-1,-1,1,-1,1,-1,-1,-1,-1,-1,-1,-1,1,-1,-1,-1,1,1,-1,-1,-1,-1,1,-1,-1,-1,-1,1,-1,-1,1,-1,1,-1,-1,-1,-1,1,-1,1,1,-1,1,-1,-1,1,1,-1,-1,-1,-1,-1,-1,1,1,-1,-1,1,-1,1,1,-1,-1,-1,1,-1,1,1,-1,-1,1,-1,-1,1,1,1,-1,1,-1,1,1,1,-1,-1,1,-1,-1,1,1,1,-1,1,-1,-1,1,1,-1,1,1,-1,-1,1,1,-1,1,1,-1,-1,1,1,-1,1,1,-1,-1,1,1,1,1,-1,1,-1,-1,1,1,1,1,-1,-1,1,-1,1,1,1,1,-1,-1,1,-1,1,1,1,-1,1,1,1,1,-1,1,-1,1,1,1,1,1,1,1,-1,1,1,1,1,-1,1,-1,1,1,1,1,1,-1,1,1,1,1,-1,1,1,-1,1,1,-1,1,1,-1,-1,1,1,1,1,-1,1,-1,1,1,1,-1,-1,1,-1,1,1,1,-1,1,-1,-1,-1,1,1,-1,-1,1,-1,-1,1,1,1,-1,1,-1,-1,1,1,1,-1,1,-1,-1,1,1,-1,-1,-1,1,-1,1,1,-1,1,1,-1,1,1,-1,-1,1,-1,-1,-1,1,1,-1,1,1,-1,1,1,-1,-1,-1,-1,1,-1,-1,-1,-1,1,-1,-1,1,1,-1,1,1,-1,1,1,1,1,-1,1,-1,1,1,1,-1,-1,1,-1,-1,1,1,-1,-1,1,-1,1,1,1,-1,-1,1,-1,1,1,1,1,-1,1,-1,-1,1,1,1,-1,-1,1,-1,1,-1,1,-1,1,-1,-1,1,-2670.0,1,2000,445,500,False
861,1,1,-1,-1,1,-1,1,-1,1,1,1,-1,1,1,1,1,-1,1,-1,-1,1,-1,1,1,1,-1,-1,-1,1,1,1,1,1,-1,-1,-1,1,1,1,1,-1,-1,-1,1,1,1,1,-1,1,1,1,1,-1,1,-1,-1,1,-1,1,1,-1,-1,-1,-1,1,1,1,1,-1,-1,-1,1,1,1,1,-1,-1,-1,1,1,1,-1,-1,-1,1,1,1,1,-1,-1,-1,1,1,1,1,-1,-1,1,1,-1,1,1,-1,-1,1,1,1,1,1,-1,-1,1,1,1,1,1,-1,-1,1,1,1,1,1,1,-1,-1,1,1,-1,1,1,-1,1,1,1,1,1,1,-1,-1,1,1,1,1,1,-1,1,1,1,1,1,1,-1,-1,-1,1,1,1,1,-1,1,1,1,1,-1,1,-1,1,-1,1,1,1,-1,-1,1,1,1,1,1,-1,1,-1,-1,1,-1,1,-1,1,1,1,1,1,1,1,1,1,1,1,-1,1,-1,1,1,-1,1,-1,1,1,-1,1,-1,1,-1,1,-1,1,1,-1,1,-1,1,1,1,1,-1,-1,1,1,-1,-1,1,-1,1,-1,1,1,-1,1,-1,1,-1,1,-1,1,1,-1,-1,-1,1,1,-1,1,-1,1,1,1,-1,1,1,-1,1,-1,1,-1,1,-1,1,-1,1,1,-1,1,-1,-1,-1,1,1,-1,1,-1,-1,-1,1,1,-1,-1,1,1,-1,-1,1,1,-1,1,1,-1,1,1,1,1,-1,1,-1,1,1,-1,1,-1,1,-1,1,1,1,1,1,1,-1,-1,1,-1,-1,-1,1,1,-1,1,1,1,-1,1,1,1,1,1,1,-1,1,-1,1,1,1,-1,1,1,-1,1,1,1,-1,1,1,-1,-1,1,1,1,-1,1,-1,1,1,1,-1,1,1,-1,1,1,1,-1,1,1,-1,1,1,1,-1,1,1,-1,-1,1,1,-1,1,1,-1,1,-1,1,-1,1,1,1,-1,1,1,1,1,1,1,-1,1,1,-1,1,1,1,-1,-1,-1,-1,1,1,1,-1,1,1,-1,1,1,-1,-1,1,1,1,1,1,-1,1,1,1,-1,1,1,1,1,-1,1,1,1,-1,1,-1,1,1,1,1,1,1,-1,-1,-1,1,-1,-1,1,-1,1,-1,1,1,1,1,1,-1,-1,1,-1,-1,1,-1,1,-1,1,1,1,1,1,1,-1,-1,1,-1,1,1,-1,-1,1,1,1,-1,1,-1,-1,-1,1,-1,1,1,-1,-1,1,1,1,1,-1,1,-1,1,-1,-1,1,-1,1,-1,1,-1,1,1,-1,-1,-1,1,-1,1,1,1,-1,-1,1,-1,-1,1,-1,-1,-1,1,-1,1,1,1,-1,-1,1,1,-1,1,-1,-1,-1,-1,-1,1,1,-1,-1,-1,1,-1,-1,1,-1,-1,-1,-1,1,-1,1,-1,-1,1,-1,1,-1,-1,1,1,1,-1,1,-1,1,-1,1,1,1,-1,-1,-1,1,-1,-1,1,1,1,-1,1,-1,1,1,1,-1,1,1,-1,-1,-1,1,-1,-1,1,-1,-1,1,1,1,-1,1,-1,-1,1,1,-1,-1,1,-1,-1,1,1,-1,-1,1,-1,-1,-1,1,1,-1,1,1,-1,-1,1,-1,-1,1,-1,1,-1,1,1,-1,-1,1,-1,-1,-1,-1,-1,1,1,1,-1,-1,1,-1,-1,1,-1,-1,1,-1,-1,1,1,-1,-1,1,-1,-1,1,1,-1,1,-1,1,-1,-1,1,1,-1,-1,-1,-1,-1,1,-1,-1,1,-1,-1,-1,1,1,-1,-1,-1,-1,-1,1,-1,-1,-1,-1,-1,1,1,1,-1,-1,-1,-1,-1,1,1,-1,-1,-1,-1,-1,1,1,1,-1,-1,-1,-1,1,1,-1,-1,-1,-1,1,1,1,1,1,-1,1,1,1,1,1,1,-1,-1,1,1,1,-1,-1,-1,1,1,1,1,-1,1,-1,-1,1,-1,1,-1,1,-1,-1,1,-1,1,-1,1,-1,-1,1,-1,1,-1,1,-1,-1,1,-1,1,1,1,-1,-1,1,-1,1,1,1,-1,-1,1,1,-1,1,1,-1,-1,1,-1,1,-1,1,-1,-1,-1,-1,-1,1,1,-1,-1,1,-1,-1,1,1,-1,-1,-1,-1,-1,-1,1,-1,-1,-1,-1,1,1,-1,-1,1,-1,-1,1,-1,1,-1,-1,-1,-1,-1,1,1,1,-1,-1,-1,1,1,1,-1,-1,-1,1,-1,-1,1,-1,1,-1,-1,1,1,1,-1,-1,-1,-1,1,-1,1,1,-1,1,-1,-1,1,1,-1,-1,-1,-1,-1,-1,1,1,-1,-1,1,-1,1,1,-1,-1,-1,1,-1,1,1,-1,-1,1,-1,-1,1,1,1,-1,1,-1,1,1,1,-1,-1,1,-1,-1,1,1,1,-1,1,-1,-1,1,1,-1,1,1,-1,-1,1,1,1,1,1,-1,-1,1,1,1,1,1,-1,-1,1,1,1,1,1,1,-1,-1,1,1,1,1,-1,-1,1,-1,1,1,1,1,-1,-1,1,-1,1,1,1,-1,1,1,1,1,-1,1,-1,1,1,1,1,1,1,1,-1,1,1,1,1,-1,1,-1,1,1,1,1,1,-1,1,1,1,1,-1,1,1,-1,1,1,-1,1,1,-1,-1,1,1,1,1,-1,1,-1,1,1,1,-1,-1,1,-1,1,1,1,-1,1,-1,-1,-1,1,1,-1,-1,1,-1,-1,1,1,1,-1,1,-1,-1,1,1,1,-1,1,-1,-1,1,1,-1,-1,-1,1,-1,-1,1,-1,1,1,-1,1,1,-1,-1,1,-1,-1,-1,1,1,-1,1,1,-1,1,1,-1,-1,-1,-1,1,-1,-1,-1,-1,1,-1,-1,1,1,-1,1,1,-1,1,1,1,1,-1,1,-1,1,1,1,1,-1,1,-1,-1,1,1,1,-1,1,-1,1,1,1,1,-1,1,-1,1,1,-1,-1,-1,1,-1,-1,1,1,-1,-1,-1,1,-1,1,-1,1,-1,1,-1,-1,1,-2670.0,1,2000,445,500,False
862,1,1,-1,-1,1,-1,-1,-1,1,1,1,-1,1,1,1,1,-1,1,-1,-1,-1,-1,1,1,1,-1,1,-1,1,1,1,1,1,-1,-1,-1,1,1,1,1,-1,-1,-1,1,1,1,1,-1,1,1,1,1,-1,1,-1,-1,1,-1,1,1,1,-1,-1,-1,1,1,1,1,-1,-1,-1,1,1,1,1,-1,-1,-1,1,1,1,-1,-1,-1,1,1,1,1,-1,-1,1,1,1,1,1,-1,-1,-1,1,-1,1,1,-1,-1,1,1,1,1,1,-1,-1,-1,1,1,1,1,-1,-1,1,1,1,1,1,1,-1,-1,1,1,-1,1,1,-1,1,1,1,1,1,1,-1,1,1,1,1,1,1,-1,1,1,1,1,1,1,-1,-1,-1,1,1,1,1,-1,1,1,1,1,-1,1,-1,1,-1,1,1,1,-1,-1,1,1,1,1,1,-1,1,-1,-1,1,-1,1,-1,1,1,1,1,1,1,1,1,1,-1,1,-1,1,-1,1,1,-1,1,-1,1,1,-1,1,-1,1,-1,1,-1,1,1,-1,1,-1,1,1,1,1,-1,-1,1,1,-1,-1,1,-1,1,-1,-1,1,-1,1,-1,1,-1,1,-1,-1,1,-1,-1,-1,1,1,-1,1,-1,1,1,1,-1,1,-1,-1,-1,-1,1,-1,1,1,1,-1,1,1,-1,1,-1,-1,-1,1,1,-1,1,-1,-1,-1,1,1,-1,-1,1,1,-1,-1,1,1,-1,1,1,-1,1,1,1,1,-1,1,-1,1,1,-1,1,-1,1,1,1,1,1,1,1,1,-1,-1,1,-1,-1,-1,1,1,-1,1,1,1,-1,1,1,1,1,1,1,-1,1,-1,1,1,1,-1,-1,1,-1,1,1,1,-1,1,1,-1,-1,1,1,1,-1,1,-1,1,1,1,-1,1,1,-1,1,1,1,-1,1,1,-1,1,1,1,-1,1,1,-1,-1,1,1,-1,1,1,-1,1,-1,1,-1,1,1,1,-1,1,1,1,1,1,1,-1,1,1,-1,1,1,1,-1,-1,-1,-1,1,1,1,-1,1,1,-1,1,1,-1,-1,1,1,1,1,1,-1,1,1,1,-1,1,1,1,-1,-1,1,1,1,-1,1,-1,1,1,1,1,1,1,-1,-1,-1,1,-1,-1,1,1,-1,1,1,1,1,1,1,1,-1,1,-1,-1,1,-1,1,-1,1,1,1,1,1,1,-1,-1,1,-1,1,1,1,-1,1,1,1,-1,1,1,-1,-1,1,-1,1,1,1,-1,1,1,1,1,1,1,-1,1,-1,-1,1,1,-1,-1,1,-1,1,1,1,-1,-1,1,-1,1,1,1,-1,-1,1,-1,-1,1,1,-1,-1,1,-1,1,1,1,1,-1,1,1,-1,1,1,1,-1,-1,1,-1,1,1,-1,-1,1,-1,-1,1,-1,1,-1,-1,1,-1,1,-1,1,-1,-1,1,-1,-1,1,1,1,-1,1,-1,1,-1,1,1,1,-1,-1,-1,1,-1,-1,-1,1,1,-1,1,-1,1,1,1,-1,1,1,-1,1,-1,1,-1,-1,1,-1,-1,1,1,1,-1,1,-1,-1,1,1,-1,-1,1,-1,-1,1,1,-1,-1,1,-1,-1,-1,1,1,-1,1,-1,-1,-1,1,-1,-1,1,-1,1,-1,1,1,-1,-1,1,-1,-1,-1,-1,-1,1,1,1,-1,-1,1,-1,-1,1,-1,-1,1,-1,-1,1,1,-1,-1,1,-1,-1,1,1,-1,1,-1,1,-1,-1,1,1,-1,-1,-1,-1,1,1,-1,-1,1,-1,-1,-1,1,1,-1,-1,-1,-1,-1,1,-1,-1,-1,-1,-1,1,1,1,-1,-1,-1,-1,-1,1,1,-1,-1,-1,-1,-1,1,1,1,-1,-1,-1,-1,1,1,-1,-1,-1,-1,1,1,1,1,-1,-1,1,1,1,1,1,-1,-1,-1,1,1,1,-1,1,-1,1,1,1,1,-1,1,-1,-1,1,-1,1,-1,1,-1,-1,1,-1,1,-1,-1,-1,-1,1,-1,1,-1,1,-1,-1,1,-1,1,-1,1,-1,-1,1,-1,1,-1,-1,-1,-1,1,1,-1,-1,-1,-1,-1,1,-1,1,-1,-1,-1,-1,-1,-1,-1,1,-1,-1,-1,1,-1,-1,1,-1,-1,-1,-1,-1,-1,1,-1,-1,-1,-1,-1,1,-1,-1,-1,1,-1,-1,1,-1,1,-1,-1,-1,-1,-1,-1,-1,1,-1,-1,-1,1,1,-1,-1,-1,1,1,-1,-1,-1,-1,1,-1,-1,1,-1,1,-1,-1,-1,-1,1,-1,1,1,-1,1,-1,-1,1,1,-1,-1,-1,-1,-1,-1,1,1,-1,-1,1,-1,1,1,-1,-1,-1,1,-1,1,1,-1,-1,1,-1,-1,1,1,1,-1,1,-1,1,1,1,-1,-1,1,-1,-1,1,-1,1,-1,1,-1,-1,1,1,-1,1,1,-1,-1,1,1,1,1,1,-1,-1,1,1,1,1,1,-1,-1,1,1,1,1,-1,1,-1,-1,1,1,-1,1,-1,-1,1,-1,1,1,1,1,-1,-1,1,-1,1,1,1,-1,1,1,1,1,-1,1,-1,1,1,1,1,1,1,1,-1,1,1,1,1,-1,1,-1,1,1,1,1,1,-1,1,1,1,1,-1,1,1,-1,1,1,-1,1,1,-1,-1,1,1,1,1,-1,1,-1,1,1,1,-1,-1,1,-1,1,1,1,-1,1,-1,-1,-1,1,1,-1,-1,1,-1,-1,1,1,-1,-1,1,-1,-1,1,1,1,-1,1,-1,-1,1,1,-1,-1,-1,1,-1,-1,1,-1,1,1,-1,1,1,-1,-1,1,-1,-1,-1,1,1,-1,1,1,-1,1,1,-1,-1,1,-1,1,-1,-1,-1,-1,1,-1,-1,1,1,-1,1,1,-1,1,1,1,1,-1,1,-1,1,1,1,-1,-1,1,-1,-1,-1,1,-1,1,1,-1,1,1,1,-1,-1,1,-1,1,1,1,1,-1,1,-1,-1,1,1,1,-1,1,1,-1,1,-1,1,-1,1,-1,-1,1,-2670.0,1,2000,445,500,False
863,1,1,-1,-1,1,1,-1,-1,1,1,1,-1,1,1,1,1,-1,1,-1,-1,-1,-1,1,1,1,-1,1,-1,1,1,1,1,1,-1,-1,-1,1,1,1,1,-1,-1,-1,1,1,1,1,-1,1,1,1,1,-1,1,-1,-1,1,-1,1,1,1,-1,-1,-1,1,1,1,1,-1,-1,-1,1,1,1,1,-1,-1,-1,1,1,1,-1,-1,-1,1,1,1,1,-1,-1,1,1,1,1,1,-1,-1,-1,1,-1,1,1,-1,-1,1,1,1,1,1,-1,-1,-1,1,1,1,1,-1,-1,1,1,1,1,1,1,-1,-1,1,1,-1,1,1,-1,1,1,1,1,1,1,-1,1,1,1,1,1,1,-1,1,1,1,1,1,1,-1,-1,-1,1,1,1,1,-1,1,1,1,1,-1,1,-1,1,-1,1,1,1,-1,-1,1,1,1,1,1,-1,1,-1,-1,1,-1,1,-1,1,1,1,1,1,1,1,1,1,-1,1,-1,1,-1,1,1,-1,1,-1,1,1,-1,1,-1,1,-1,1,-1,1,1,-1,1,-1,1,1,1,1,-1,-1,1,1,-1,-1,1,-1,1,-1,1,1,-1,1,-1,1,-1,1,-1,-1,1,-1,-1,-1,1,1,-1,1,-1,1,1,1,-1,1,1,-1,1,-1,1,-1,1,-1,1,-1,1,1,-1,1,-1,-1,-1,1,1,-1,1,-1,-1,-1,1,1,-1,-1,1,1,-1,-1,1,1,-1,1,1,-1,1,1,1,1,-1,1,-1,1,1,-1,1,-1,1,-1,1,1,1,1,1,1,-1,-1,1,-1,-1,1,1,1,-1,1,1,1,-1,1,1,1,1,1,1,1,1,-1,1,1,1,-1,-1,1,-1,1,1,1,-1,1,1,-1,-1,1,1,1,-1,1,-1,1,1,1,-1,1,1,-1,1,1,1,-1,1,1,-1,1,1,1,-1,1,1,-1,-1,1,1,-1,1,1,-1,1,-1,1,-1,1,1,1,-1,1,1,1,1,1,1,-1,1,1,-1,1,-1,1,-1,-1,-1,-1,1,1,1,-1,1,1,-1,1,1,-1,-1,1,1,1,1,1,-1,1,1,1,-1,1,1,1,-1,-1,1,1,1,-1,1,-1,1,1,1,1,1,1,-1,-1,-1,1,-1,-1,1,1,-1,1,1,1,1,1,1,1,-1,1,-1,-1,1,-1,1,-1,1,1,1,1,1,1,-1,-1,1,-1,1,1,1,-1,1,1,1,-1,1,1,-1,-1,1,-1,1,1,1,-1,1,1,1,1,1,1,-1,1,-1,1,1,1,-1,-1,1,-1,1,1,1,-1,-1,1,-1,1,1,1,-1,-1,1,-1,-1,1,1,-1,-1,1,-1,1,1,1,1,-1,1,1,-1,1,1,1,-1,-1,1,-1,1,1,-1,-1,1,1,-1,1,-1,1,-1,-1,1,-1,1,-1,1,-1,-1,1,-1,-1,1,1,1,-1,1,-1,1,-1,-1,1,1,-1,-1,-1,1,-1,-1,-1,1,1,-1,1,-1,1,1,1,-1,1,1,-1,1,-1,1,-1,-1,1,-1,-1,1,1,1,-1,1,-1,-1,1,1,-1,-1,1,-1,-1,1,1,-1,-1,1,-1,-1,-1,1,1,-1,1,1,-1,-1,1,-1,-1,1,-1,1,-1,1,1,-1,-1,1,-1,-1,-1,-1,-1,1,1,1,-1,-1,1,-1,-1,1,-1,-1,1,-1,-1,1,1,-1,-1,1,-1,-1,1,1,-1,1,-1,1,-1,-1,1,1,-1,-1,-1,-1,1,1,-1,-1,1,-1,-1,-1,1,1,-1,-1,-1,-1,-1,1,-1,-1,-1,-1,-1,1,1,1,-1,-1,-1,-1,-1,1,1,-1,-1,-1,-1,-1,1,1,1,-1,-1,-1,-1,1,1,-1,-1,-1,-1,1,1,1,1,-1,-1,1,1,1,1,1,-1,-1,-1,1,1,1,-1,1,-1,1,1,1,1,-1,1,-1,-1,1,-1,1,-1,1,-1,-1,1,-1,1,-1,-1,-1,-1,1,-1,1,-1,1,-1,-1,1,-1,1,-1,1,-1,-1,1,-1,1,-1,-1,-1,-1,1,1,-1,-1,-1,-1,-1,1,-1,1,-1,-1,-1,-1,-1,-1,-1,1,-1,-1,-1,1,-1,-1,1,-1,-1,-1,-1,-1,1,1,-1,-1,-1,-1,-1,1,-1,-1,-1,1,-1,-1,1,-1,1,-1,-1,-1,-1,-1,-1,-1,1,-1,-1,-1,1,1,1,-1,-1,-1,1,-1,-1,-1,-1,1,-1,-1,1,-1,1,-1,-1,-1,-1,1,-1,1,1,-1,1,-1,-1,1,1,-1,-1,-1,-1,-1,-1,1,1,-1,-1,1,-1,1,1,-1,-1,-1,1,-1,1,1,-1,-1,1,-1,-1,1,1,1,-1,1,-1,1,1,1,-1,-1,1,-1,-1,1,1,1,-1,1,-1,-1,1,1,-1,1,1,-1,-1,1,1,-1,1,1,-1,-1,1,1,1,1,1,-1,-1,1,1,1,1,-1,1,-1,-1,1,1,-1,1,-1,-1,1,-1,1,1,1,1,-1,-1,1,-1,1,1,1,-1,1,1,1,1,-1,1,-1,1,1,1,1,1,1,1,-1,1,1,1,1,-1,1,-1,1,1,1,1,1,-1,1,1,1,1,-1,1,1,-1,1,1,-1,1,1,-1,-1,1,1,1,1,-1,1,-1,1,1,1,-1,-1,1,-1,1,1,1,-1,1,-1,-1,-1,1,1,-1,-1,1,-1,-1,1,1,1,-1,1,-1,-1,-1,1,1,-1,1,-1,-1,1,1,-1,-1,-1,1,-1,-1,1,-1,1,1,-1,1,1,-1,-1,1,-1,-1,-1,1,1,-1,1,1,-1,1,1,-1,-1,1,-1,1,-1,-1,-1,-1,1,-1,-1,1,1,-1,1,1,-1,1,1,1,1,-1,1,-1,1,1,1,-1,-1,1,-1,-1,-1,1,-1,-1,1,-1,1,1,1,-1,-1,1,-1,1,1,1,1,-1,1,-1,-1,1,1,1,-1,-1,1,-1,1,1,1,-1,1,-1,-1,1,-2670.0,1,2000,445,500,False
864,1,1,-1,-1,1,-1,-1,-1,1,1,1,-1,1,1,1,1,-1,1,-1,-1,-1,-1,1,1,1,-1,-1,-1,1,1,1,1,-1,-1,-1,-1,1,-1,1,1,-1,-1,-1,1,1,1,1,-1,1,1,1,1,-1,1,-1,-1,1,-1,1,1,1,-1,-1,-1,1,1,1,1,-1,-1,-1,1,1,1,1,-1,-1,-1,1,1,1,-1,-1,-1,1,1,1,1,-1,-1,-1,1,1,1,1,-1,-1,1,1,-1,1,1,-1,-1,1,1,1,1,1,-1,-1,-1,1,1,1,1,-1,-1,1,1,1,1,1,1,-1,-1,1,1,-1,1,1,-1,1,1,1,1,1,1,-1,1,1,1,1,1,1,-1,1,1,1,1,1,1,-1,-1,-1,1,1,1,1,-1,1,1,1,1,-1,1,-1,1,-1,1,1,1,-1,-1,1,1,1,1,1,-1,1,-1,-1,1,-1,1,-1,1,1,1,1,1,1,1,1,1,-1,1,-1,1,-1,1,1,-1,1,-1,1,1,-1,1,-1,1,-1,1,-1,1,1,-1,1,-1,1,1,1,1,-1,-1,1,1,-1,-1,1,-1,1,-1,-1,1,-1,1,-1,1,-1,1,-1,-1,1,-1,-1,-1,1,1,-1,1,-1,1,1,1,-1,1,1,-1,1,-1,1,-1,1,-1,1,-1,1,1,-1,1,-1,-1,-1,1,1,-1,1,-1,-1,-1,1,1,-1,-1,1,1,-1,-1,1,1,-1,1,1,-1,1,1,1,1,-1,1,-1,1,1,-1,1,-1,1,1,1,1,1,1,1,1,-1,-1,1,-1,-1,-1,1,1,-1,1,1,1,-1,1,1,1,1,1,1,1,1,-1,1,1,1,-1,1,1,-1,1,1,1,-1,1,1,-1,-1,1,1,1,-1,1,-1,1,1,1,-1,1,1,-1,1,1,1,-1,1,1,-1,1,1,1,-1,1,1,1,-1,1,1,-1,1,1,-1,1,-1,1,-1,1,1,1,-1,1,1,1,1,1,1,-1,1,1,-1,1,1,1,-1,-1,-1,-1,1,1,1,-1,1,1,-1,1,1,-1,-1,1,1,1,1,1,-1,1,1,1,-1,1,1,1,-1,-1,1,1,1,-1,1,-1,1,1,1,1,1,1,-1,-1,-1,1,-1,-1,1,1,-1,1,1,1,1,1,1,1,-1,1,-1,-1,1,-1,1,-1,1,1,1,1,1,1,-1,-1,1,-1,1,1,1,-1,1,1,1,-1,1,1,-1,-1,1,-1,1,1,1,-1,1,1,1,1,1,1,-1,1,-1,1,1,1,1,-1,1,-1,1,1,1,-1,-1,1,-1,1,1,1,-1,-1,1,-1,-1,1,1,-1,-1,1,-1,1,1,1,1,-1,1,1,-1,1,1,1,-1,-1,1,-1,1,1,-1,-1,1,1,-1,1,-1,1,-1,-1,1,-1,1,-1,1,-1,-1,1,-1,-1,1,1,1,-1,1,-1,1,-1,1,1,1,-1,-1,-1,1,-1,-1,-1,1,1,-1,1,-1,1,1,1,-1,1,1,-1,1,-1,1,-1,-1,1,-1,-1,1,1,1,-1,1,-1,-1,1,1,-1,-1,1,-1,-1,1,1,-1,-1,1,-1,-1,-1,1,1,-1,1,-1,-1,-1,1,-1,-1,1,-1,1,-1,1,1,-1,-1,1,-1,-1,-1,-1,-1,1,1,1,-1,-1,1,-1,-1,1,-1,-1,1,-1,-1,1,1,-1,-1,1,-1,-1,1,1,-1,1,-1,1,-1,-1,1,1,-1,-1,-1,-1,-1,1,-1,-1,1,-1,-1,-1,1,1,-1,-1,-1,-1,-1,1,-1,-1,-1,-1,-1,1,1,1,-1,-1,-1,-1,-1,1,1,-1,-1,-1,-1,-1,1,1,1,-1,-1,-1,-1,1,1,-1,-1,-1,-1,1,1,1,1,-1,-1,1,1,1,1,1,-1,-1,-1,1,1,1,-1,1,-1,1,1,1,1,-1,1,-1,-1,1,-1,1,-1,1,-1,-1,1,-1,1,-1,-1,-1,-1,1,-1,1,-1,1,1,-1,1,-1,1,-1,1,1,-1,1,-1,1,-1,-1,-1,-1,1,1,-1,-1,-1,-1,-1,1,-1,1,-1,-1,-1,-1,-1,-1,-1,1,-1,-1,-1,1,-1,-1,1,-1,-1,-1,-1,-1,-1,1,-1,-1,-1,-1,-1,1,-1,-1,-1,1,-1,-1,1,-1,1,-1,-1,-1,-1,-1,-1,-1,1,-1,-1,-1,1,1,-1,-1,-1,1,-1,-1,-1,-1,-1,1,-1,-1,1,-1,1,-1,-1,-1,-1,1,-1,1,1,-1,1,-1,-1,1,1,-1,-1,-1,-1,-1,-1,1,1,-1,-1,1,-1,1,1,-1,-1,-1,1,-1,1,1,-1,-1,1,-1,-1,1,1,1,-1,1,-1,1,1,1,-1,-1,1,-1,-1,1,-1,1,-1,1,-1,-1,1,1,-1,1,1,-1,-1,1,1,-1,1,1,-1,-1,1,1,-1,1,1,-1,-1,1,1,1,1,-1,1,-1,-1,1,1,1,1,-1,-1,1,-1,1,1,1,1,-1,-1,1,-1,1,1,1,-1,1,1,1,1,-1,1,-1,1,1,1,1,1,1,1,-1,1,1,1,1,-1,1,-1,1,1,1,1,1,-1,1,1,1,1,-1,1,1,-1,1,1,-1,1,1,-1,-1,1,1,1,1,-1,1,-1,1,1,1,-1,-1,1,-1,1,1,1,-1,1,-1,-1,-1,1,1,-1,-1,1,-1,-1,1,1,1,-1,1,-1,-1,1,1,1,1,-1,-1,-1,1,1,-1,-1,-1,1,-1,-1,1,-1,1,1,-1,1,1,-1,-1,1,-1,-1,-1,1,1,-1,1,1,-1,1,1,-1,-1,-1,-1,1,-1,-1,-1,-1,1,-1,-1,1,1,-1,1,1,-1,1,1,1,1,-1,1,-1,1,1,1,-1,-1,1,-1,-1,-1,1,-1,-1,1,-1,1,1,1,-1,-1,1,-1,1,1,1,1,-1,1,-1,-1,1,1,-1,-1,-1,1,-1,1,-1,1,-1,1,-1,-1,1,-2670.0,1,2000,445,500,False
865,1,1,-1,-1,1,-1,-1,-1,1,1,1,-1,1,1,1,1,-1,1,-1,-1,-1,-1,1,1,1,-1,-1,-1,1,1,1,1,-1,-1,-1,-1,1,-1,1,1,-1,-1,-1,1,1,1,1,-1,1,1,1,1,-1,1,-1,-1,1,-1,1,1,1,-1,-1,-1,1,1,1,1,-1,-1,-1,1,1,1,1,-1,-1,-1,1,1,1,-1,-1,-1,1,1,1,1,-1,-1,1,1,1,1,1,-1,-1,-1,1,-1,1,1,-1,-1,1,1,1,1,1,-1,-1,-1,1,1,1,1,-1,-1,1,1,1,1,1,1,-1,-1,1,1,-1,1,1,-1,1,1,1,1,1,1,-1,1,1,1,1,1,1,-1,1,1,1,1,1,1,-1,-1,-1,1,1,1,1,-1,1,1,1,1,-1,1,-1,1,-1,1,1,1,-1,-1,1,1,1,1,1,-1,1,-1,-1,1,-1,1,-1,1,1,1,1,1,1,1,1,1,-1,1,-1,1,-1,1,1,-1,1,-1,1,1,-1,1,-1,1,-1,1,-1,1,1,-1,1,-1,1,1,1,1,-1,-1,1,1,-1,-1,1,-1,1,-1,1,1,-1,1,-1,1,-1,1,-1,-1,1,-1,1,-1,1,1,-1,1,-1,1,1,1,-1,1,1,-1,1,-1,1,-1,1,-1,1,-1,1,1,-1,1,-1,-1,-1,1,1,-1,1,-1,-1,-1,1,1,-1,-1,1,1,-1,-1,1,1,-1,1,1,-1,1,1,1,1,-1,1,-1,1,1,-1,1,-1,1,-1,1,1,1,1,1,1,-1,-1,1,-1,-1,1,1,1,-1,1,1,1,-1,1,1,1,1,1,1,-1,1,-1,1,1,1,-1,-1,1,-1,1,1,1,-1,1,1,-1,-1,1,1,1,-1,1,-1,1,1,1,-1,1,1,-1,1,1,1,-1,1,1,-1,1,1,1,-1,1,1,-1,-1,1,1,-1,1,1,-1,1,-1,1,-1,1,1,1,-1,1,1,1,-1,1,1,-1,1,1,-1,1,1,1,-1,-1,-1,-1,1,1,1,-1,1,1,-1,1,1,-1,-1,1,1,1,1,1,-1,1,1,1,-1,1,1,1,-1,-1,1,1,1,-1,1,-1,1,1,1,1,1,1,-1,-1,-1,1,-1,-1,1,1,-1,1,1,-1,1,1,1,1,-1,1,-1,-1,1,-1,1,-1,1,1,1,1,1,1,-1,-1,1,-1,1,1,1,-1,1,1,1,-1,1,1,-1,-1,1,-1,1,1,1,-1,1,1,1,1,1,1,-1,1,-1,-1,1,1,-1,-1,1,-1,1,1,1,-1,-1,1,-1,1,1,1,-1,-1,1,-1,-1,1,1,-1,-1,1,-1,1,1,1,1,-1,1,1,-1,1,1,1,-1,-1,-1,-1,1,1,-1,-1,1,-1,-1,1,-1,1,-1,-1,1,-1,1,-1,1,-1,-1,1,-1,-1,1,1,1,-1,1,-1,1,-1,-1,-1,1,-1,-1,-1,1,-1,-1,1,1,1,-1,1,-1,1,1,1,-1,1,1,-1,1,-1,1,-1,-1,1,-1,-1,1,1,1,-1,1,-1,-1,1,1,-1,-1,1,-1,-1,1,1,-1,-1,1,-1,-1,-1,1,1,-1,1,1,-1,-1,1,-1,-1,1,-1,1,-1,1,1,-1,-1,1,-1,-1,-1,-1,-1,1,1,1,-1,-1,1,-1,-1,1,-1,-1,1,-1,-1,-1,1,-1,-1,1,-1,-1,1,1,-1,1,-1,1,-1,-1,1,1,-1,-1,-1,-1,-1,1,-1,-1,1,-1,-1,-1,1,1,-1,-1,-1,-1,-1,1,-1,-1,-1,-1,-1,1,1,1,-1,-1,-1,-1,-1,1,1,-1,-1,-1,-1,-1,1,1,1,-1,-1,-1,-1,1,1,-1,-1,-1,-1,1,1,1,1,-1,-1,1,1,1,1,1,-1,-1,-1,1,1,1,1,1,-1,1,1,1,1,-1,1,-1,-1,1,-1,1,-1,1,-1,-1,1,-1,1,-1,-1,-1,-1,1,-1,1,-1,1,1,-1,1,-1,1,-1,1,1,-1,1,-1,1,-1,-1,-1,-1,1,1,-1,-1,-1,-1,-1,1,-1,1,-1,-1,-1,-1,-1,-1,-1,1,-1,-1,-1,1,-1,-1,1,-1,-1,-1,-1,-1,1,1,-1,-1,-1,-1,-1,1,-1,-1,-1,1,-1,-1,1,-1,1,-1,-1,-1,-1,-1,-1,-1,1,-1,-1,-1,1,1,-1,-1,-1,-1,1,-1,-1,-1,-1,1,-1,-1,1,-1,1,-1,-1,-1,-1,1,-1,1,1,-1,1,-1,-1,1,1,-1,-1,-1,-1,-1,-1,1,1,-1,-1,1,-1,1,1,-1,-1,-1,1,-1,1,1,-1,-1,1,-1,-1,1,1,1,-1,1,-1,1,1,1,-1,-1,1,-1,-1,1,1,1,-1,1,-1,-1,1,1,-1,1,1,-1,-1,1,1,-1,1,1,-1,-1,1,1,-1,1,1,-1,-1,1,1,1,1,-1,1,-1,-1,1,1,1,1,-1,-1,1,-1,1,1,1,1,-1,-1,1,-1,1,1,1,-1,1,1,1,1,-1,1,-1,1,1,1,1,1,1,1,-1,1,1,1,1,-1,1,-1,1,1,1,1,1,-1,1,1,1,1,-1,1,1,-1,1,1,-1,1,1,-1,-1,1,1,1,1,-1,1,-1,1,1,1,-1,-1,1,-1,1,1,1,-1,1,-1,-1,-1,1,1,-1,-1,1,-1,-1,1,1,-1,-1,1,-1,-1,1,1,1,-1,1,-1,-1,1,1,-1,-1,-1,1,-1,-1,1,-1,1,1,-1,1,1,-1,-1,1,1,-1,-1,1,1,-1,1,1,-1,1,1,-1,-1,-1,-1,1,-1,-1,-1,-1,1,-1,-1,1,1,-1,1,1,-1,1,1,1,1,-1,1,-1,1,1,1,-1,-1,1,-1,-1,1,1,-1,-1,1,-1,1,1,1,-1,-1,1,-1,1,1,1,1,-1,1,-1,-1,1,1,1,-1,-1,1,-1,1,-1,1,-1,1,-1,-1,1,-2670.0,1,2000,445,500,False
866,1,1,-1,-1,1,-1,-1,-1,1,1,1,-1,1,1,1,1,-1,1,1,-1,1,-1,1,1,1,1,-1,-1,1,1,1,1,-1,-1,-1,-1,1,1,1,1,-1,-1,-1,1,1,1,1,-1,1,1,1,1,-1,1,-1,-1,1,-1,1,1,1,-1,-1,-1,1,1,1,1,-1,-1,-1,1,1,1,1,-1,-1,-1,1,1,1,-1,-1,-1,1,1,1,1,-1,-1,-1,1,1,1,1,-1,-1,1,1,-1,1,1,-1,-1,1,1,1,1,1,-1,-1,1,1,-1,1,1,-1,-1,1,1,1,1,1,1,-1,-1,1,1,-1,1,1,-1,1,1,1,1,1,1,-1,-1,1,1,1,1,1,-1,1,1,1,1,1,1,-1,-1,-1,1,1,1,1,-1,1,1,1,1,-1,1,-1,1,-1,1,1,1,-1,-1,1,1,1,1,1,-1,1,-1,-1,1,-1,1,-1,1,1,1,1,1,1,1,1,1,-1,1,-1,1,-1,1,1,-1,1,-1,1,1,-1,1,-1,1,-1,1,-1,1,1,-1,1,-1,1,1,1,1,-1,-1,1,1,-1,-1,1,-1,1,-1,-1,1,-1,1,-1,1,-1,1,-1,-1,1,-1,1,-1,1,1,-1,1,-1,1,1,1,-1,1,1,-1,1,-1,1,-1,1,-1,1,-1,1,1,-1,1,-1,-1,-1,1,1,-1,1,-1,-1,-1,1,1,-1,-1,1,1,-1,-1,1,1,-1,1,1,-1,1,1,1,1,-1,1,-1,1,1,-1,1,-1,1,1,1,1,1,1,1,1,-1,-1,1,-1,-1,1,1,1,-1,1,1,1,-1,1,1,1,1,1,1,1,1,-1,1,1,1,-1,1,1,-1,1,1,1,-1,1,1,-1,-1,1,1,1,-1,1,-1,1,1,1,-1,1,1,-1,1,1,1,-1,1,1,-1,1,1,1,-1,1,1,1,-1,1,1,-1,1,1,-1,1,-1,1,-1,1,1,1,-1,1,1,1,-1,1,1,-1,1,1,-1,1,1,1,-1,-1,-1,-1,1,1,1,-1,1,1,-1,1,1,-1,-1,1,1,1,1,1,-1,1,1,1,-1,1,1,1,1,-1,1,1,1,-1,1,-1,1,1,1,1,1,1,-1,-1,-1,1,-1,-1,1,1,-1,1,1,1,1,1,1,1,-1,1,-1,-1,1,-1,1,-1,1,1,1,1,1,1,-1,-1,1,-1,1,1,1,-1,1,1,1,-1,1,1,-1,-1,1,-1,1,1,1,-1,1,1,1,1,1,1,-1,1,-1,-1,1,1,-1,-1,1,-1,-1,1,1,-1,-1,1,-1,1,1,1,-1,-1,1,1,-1,1,1,-1,-1,1,-1,1,1,1,1,-1,1,-1,-1,-1,1,1,-1,-1,-1,1,-1,1,-1,-1,1,-1,-1,1,-1,1,-1,-1,1,-1,1,-1,1,1,-1,1,-1,-1,1,1,1,-1,1,-1,1,-1,-1,1,1,-1,-1,-1,1,-1,-1,1,1,1,-1,1,-1,1,1,1,-1,1,1,-1,1,-1,1,-1,-1,1,-1,-1,1,1,1,-1,1,-1,-1,1,1,-1,-1,1,-1,-1,1,1,-1,-1,1,-1,-1,-1,1,1,-1,1,-1,-1,-1,1,-1,-1,1,-1,1,-1,1,1,-1,-1,1,-1,-1,-1,-1,-1,1,1,1,-1,1,1,-1,-1,1,-1,-1,-1,-1,-1,-1,1,-1,-1,-1,1,-1,1,1,-1,1,1,1,-1,-1,1,1,-1,-1,-1,-1,-1,1,-1,-1,1,-1,-1,-1,1,1,-1,-1,-1,-1,-1,1,-1,-1,1,-1,-1,1,1,1,-1,1,-1,-1,-1,1,1,-1,-1,-1,-1,-1,1,1,1,-1,-1,-1,-1,1,1,-1,-1,-1,-1,1,1,1,1,-1,-1,1,1,1,1,1,-1,-1,-1,1,1,1,-1,1,-1,1,1,1,1,-1,1,-1,-1,1,-1,1,-1,1,-1,-1,1,-1,1,-1,-1,-1,-1,1,-1,1,-1,1,-1,-1,1,-1,1,-1,1,-1,-1,1,-1,1,-1,-1,-1,-1,1,1,-1,-1,-1,-1,-1,1,-1,1,-1,-1,-1,-1,-1,-1,-1,1,-1,-1,-1,1,-1,-1,1,-1,-1,-1,-1,-1,1,1,-1,-1,-1,-1,-1,1,-1,-1,-1,1,-1,-1,1,-1,1,-1,-1,-1,-1,-1,-1,-1,1,-1,-1,-1,1,1,1,-1,-1,1,-1,-1,-1,-1,-1,1,-1,-1,1,-1,1,-1,-1,-1,-1,1,-1,1,1,-1,1,-1,-1,1,1,-1,-1,-1,-1,-1,-1,1,1,-1,-1,1,-1,1,1,-1,-1,-1,1,-1,-1,1,-1,-1,1,-1,-1,1,1,1,-1,1,-1,1,1,1,-1,-1,1,-1,-1,1,1,1,-1,1,-1,-1,1,1,-1,1,1,-1,-1,1,1,-1,1,1,-1,-1,1,1,-1,1,1,-1,-1,1,1,1,1,-1,1,-1,-1,1,-1,1,1,-1,-1,1,-1,1,1,1,1,-1,-1,1,-1,1,1,1,-1,1,1,1,1,-1,1,-1,1,1,1,1,1,1,1,-1,1,1,1,1,-1,1,-1,1,1,1,1,1,-1,1,1,1,1,-1,1,1,-1,1,1,-1,1,1,-1,-1,1,1,1,1,-1,1,-1,1,1,1,-1,-1,1,-1,1,1,1,-1,1,-1,-1,-1,1,1,-1,-1,1,-1,-1,1,1,1,-1,1,-1,-1,1,1,1,-1,1,-1,-1,1,1,-1,-1,-1,1,-1,-1,1,-1,1,1,-1,1,1,-1,-1,1,1,-1,-1,1,1,-1,1,1,-1,1,1,-1,-1,-1,-1,1,-1,-1,-1,-1,-1,-1,-1,1,1,-1,1,1,-1,1,1,1,1,-1,1,-1,1,1,1,1,-1,1,-1,-1,1,1,1,-1,1,-1,1,1,1,1,-1,1,-1,1,1,-1,-1,-1,1,-1,-1,1,1,-1,-1,-1,1,-1,1,-1,1,-1,1,-1,-1,1,-2670.0,1,2000,445,500,False
867,1,1,-1,-1,1,-1,-1,-1,1,1,1,-1,1,1,1,1,-1,1,-1,-1,-1,-1,1,1,1,-1,1,-1,1,1,1,1,-1,-1,-1,-1,1,-1,1,1,-1,-1,-1,1,1,1,1,-1,1,1,1,1,-1,1,-1,-1,1,-1,1,1,1,-1,-1,-1,1,1,1,1,-1,-1,-1,1,1,1,1,-1,-1,-1,1,1,1,-1,-1,-1,1,1,1,1,-1,-1,1,1,1,1,1,-1,-1,-1,1,-1,1,1,-1,-1,1,1,1,1,1,-1,-1,-1,1,-1,1,1,-1,-1,1,1,1,1,1,1,-1,-1,1,1,-1,1,1,-1,1,1,1,1,1,1,-1,1,1,1,1,1,1,-1,1,1,1,1,1,1,-1,-1,-1,1,1,1,1,-1,1,1,1,1,-1,1,-1,1,-1,1,1,1,-1,-1,1,1,1,1,1,-1,1,-1,-1,1,-1,1,-1,1,1,1,1,1,1,1,1,1,-1,1,-1,1,-1,1,1,-1,1,-1,1,1,-1,1,-1,1,-1,1,-1,1,1,-1,-1,-1,1,1,1,1,-1,-1,1,1,-1,-1,1,-1,1,-1,1,1,-1,1,-1,1,-1,1,-1,1,1,-1,-1,-1,1,1,-1,1,-1,1,1,1,-1,1,1,-1,1,-1,1,-1,1,-1,1,-1,1,1,-1,1,-1,-1,-1,1,1,-1,1,-1,-1,-1,1,1,-1,-1,1,1,-1,-1,1,1,-1,1,1,-1,1,1,1,-1,-1,1,-1,1,1,-1,1,-1,1,1,1,1,1,-1,-1,1,-1,-1,1,-1,1,-1,1,1,-1,1,1,1,-1,1,1,1,1,1,-1,-1,1,-1,1,1,1,1,-1,1,-1,1,1,1,-1,1,1,-1,-1,1,1,-1,1,1,-1,1,1,1,1,1,1,-1,1,1,1,1,1,1,-1,1,1,1,1,1,1,-1,-1,1,1,1,1,1,-1,1,-1,1,-1,1,1,1,-1,1,1,1,1,1,1,-1,1,1,1,1,1,1,-1,-1,-1,-1,1,1,1,-1,1,1,-1,1,1,-1,-1,1,1,1,1,1,-1,1,1,1,-1,1,1,1,-1,-1,1,1,1,-1,1,-1,1,-1,1,1,1,1,-1,-1,-1,1,-1,-1,1,1,-1,1,1,1,1,1,1,1,-1,1,-1,-1,1,-1,1,-1,1,-1,1,1,1,1,-1,-1,1,-1,1,1,1,-1,1,1,1,-1,1,1,-1,1,-1,-1,1,1,1,-1,1,-1,1,1,1,1,-1,1,-1,-1,1,1,-1,1,1,-1,-1,1,1,-1,-1,1,-1,1,1,1,-1,1,-1,-1,-1,1,1,-1,-1,1,-1,1,1,1,1,-1,1,-1,-1,-1,1,1,-1,-1,-1,1,-1,1,-1,-1,1,-1,-1,1,-1,1,-1,-1,1,-1,1,-1,1,-1,-1,1,-1,-1,1,1,1,-1,1,-1,1,-1,-1,-1,1,-1,-1,-1,1,-1,-1,-1,1,1,-1,1,-1,1,1,1,-1,1,1,-1,-1,-1,1,-1,-1,1,-1,-1,1,1,1,-1,1,-1,-1,1,1,-1,-1,1,-1,-1,1,1,-1,-1,1,-1,-1,-1,1,1,-1,1,-1,-1,-1,1,-1,-1,1,-1,1,-1,1,1,-1,-1,1,-1,-1,-1,-1,-1,1,1,1,-1,1,1,-1,-1,1,-1,-1,-1,-1,-1,1,1,-1,-1,-1,1,-1,1,1,-1,1,1,1,-1,-1,1,1,-1,-1,-1,-1,-1,1,-1,-1,1,-1,-1,-1,1,1,-1,-1,-1,-1,-1,1,-1,-1,1,-1,-1,-1,1,1,-1,1,-1,-1,1,1,1,-1,-1,-1,-1,-1,1,1,1,-1,-1,-1,-1,1,1,-1,-1,-1,-1,1,1,1,1,-1,-1,1,1,1,1,1,-1,-1,-1,1,1,1,1,1,-1,1,1,1,1,-1,1,-1,-1,1,-1,1,-1,1,-1,-1,1,-1,1,-1,-1,-1,-1,1,-1,1,-1,1,1,-1,1,-1,1,-1,1,1,-1,1,-1,1,-1,-1,-1,-1,1,1,-1,-1,-1,-1,-1,1,-1,1,-1,-1,-1,-1,-1,-1,-1,1,-1,-1,-1,1,-1,-1,1,-1,-1,-1,-1,-1,1,1,-1,-1,-1,-1,-1,1,-1,-1,-1,1,-1,-1,1,-1,1,-1,-1,-1,-1,-1,-1,-1,1,-1,-1,-1,1,1,1,-1,-1,-1,1,-1,-1,-1,-1,1,-1,-1,1,-1,1,-1,-1,-1,-1,1,-1,1,1,-1,1,-1,-1,1,1,-1,-1,-1,-1,-1,-1,1,1,-1,-1,1,-1,1,1,-1,-1,-1,1,-1,1,1,-1,-1,1,-1,-1,1,1,1,-1,1,-1,1,1,1,-1,-1,1,-1,-1,1,1,1,-1,1,-1,-1,1,1,-1,1,1,-1,-1,1,1,-1,1,1,-1,-1,1,1,-1,1,1,-1,-1,1,1,1,1,1,1,-1,1,1,1,1,1,-1,-1,1,-1,1,1,1,1,-1,-1,1,-1,1,1,1,-1,1,1,1,1,-1,1,-1,1,1,1,1,1,1,-1,-1,1,1,1,1,-1,1,-1,1,1,1,1,-1,1,-1,1,1,1,-1,-1,1,-1,1,1,-1,1,-1,-1,-1,1,1,1,-1,1,-1,-1,1,1,1,-1,-1,-1,-1,1,1,1,-1,-1,-1,-1,-1,1,1,-1,1,-1,-1,-1,1,1,-1,1,-1,-1,1,1,1,1,1,1,-1,-1,1,1,-1,-1,1,1,1,-1,1,-1,1,-1,-1,1,1,-1,-1,1,-1,-1,-1,1,1,-1,1,-1,1,1,1,-1,-1,-1,-1,1,-1,-1,-1,-1,1,-1,1,1,1,-1,1,1,-1,1,1,1,1,-1,1,-1,1,1,1,-1,-1,1,-1,1,1,1,-1,-1,1,-1,1,1,1,-1,-1,1,-1,1,1,1,1,-1,1,-1,-1,1,1,1,-1,-1,1,-1,1,-1,1,-1,1,-1,-1,1,-2670.0,1,2000,445,500,False
868,1,1,-1,-1,1,-1,-1,-1,1,1,1,-1,1,1,1,1,-1,1,-1,-1,-1,-1,1,1,1,-1,-1,-1,1,1,1,1,-1,-1,-1,-1,1,1,1,1,-1,-1,-1,1,1,1,1,-1,1,1,1,1,-1,1,-1,-1,1,-1,1,1,1,-1,-1,-1,1,1,1,1,-1,-1,-1,1,1,1,1,-1,-1,-1,1,1,1,-1,-1,-1,1,1,1,1,-1,-1,-1,1,1,1,1,-1,-1,1,1,-1,1,1,-1,-1,1,1,1,1,1,-1,-1,-1,1,-1,1,1,-1,-1,1,1,1,1,1,1,-1,-1,1,1,-1,1,1,-1,1,1,1,1,1,1,-1,1,1,1,1,1,1,-1,1,1,1,1,1,1,-1,-1,-1,1,1,1,1,-1,1,1,1,1,-1,1,-1,1,-1,1,1,1,-1,-1,1,1,1,1,1,-1,1,-1,-1,1,-1,1,-1,1,1,1,1,1,1,1,1,1,-1,1,-1,1,-1,1,1,-1,1,-1,1,1,-1,1,-1,1,-1,1,-1,1,1,-1,1,-1,1,1,1,1,-1,-1,1,1,-1,-1,1,-1,1,-1,-1,1,-1,1,-1,1,-1,1,-1,1,1,-1,-1,-1,1,1,-1,1,-1,1,1,1,-1,1,-1,-1,-1,-1,1,-1,1,1,1,-1,1,1,-1,1,-1,-1,-1,1,1,-1,1,-1,-1,-1,1,1,-1,-1,1,1,-1,-1,1,1,-1,1,1,-1,1,1,1,1,-1,1,-1,1,1,-1,1,-1,1,-1,1,1,1,1,1,1,-1,-1,1,-1,-1,-1,1,1,-1,1,1,1,-1,1,1,1,1,1,1,-1,1,-1,1,1,1,-1,-1,1,-1,1,1,1,-1,1,1,-1,-1,1,1,1,-1,1,-1,1,1,1,-1,1,1,-1,1,1,1,-1,1,1,-1,1,1,1,-1,1,1,-1,-1,1,1,-1,1,1,-1,1,-1,1,-1,1,1,1,-1,1,1,1,-1,1,1,-1,1,1,-1,1,1,1,-1,-1,-1,-1,1,1,1,-1,1,1,-1,1,1,-1,-1,1,1,1,1,1,-1,1,1,1,-1,1,1,1,-1,-1,1,1,1,-1,1,-1,1,-1,1,1,1,1,-1,-1,-1,1,-1,-1,1,1,-1,1,1,-1,1,1,1,1,-1,1,-1,-1,1,-1,1,-1,1,1,-1,1,1,1,-1,-1,1,-1,1,1,1,-1,1,1,1,-1,1,1,-1,-1,1,-1,1,1,1,-1,1,1,1,1,1,1,-1,1,-1,-1,1,1,-1,1,1,-1,1,1,1,-1,-1,1,-1,1,1,1,-1,-1,1,1,-1,1,1,-1,-1,1,-1,1,1,1,1,-1,1,-1,-1,1,1,1,-1,1,-1,-1,1,1,-1,-1,1,-1,-1,1,-1,1,-1,-1,1,-1,1,-1,1,-1,1,1,-1,-1,1,1,1,-1,1,-1,1,-1,1,-1,1,-1,-1,-1,1,-1,-1,1,1,1,-1,1,-1,1,1,1,-1,1,1,-1,-1,-1,1,-1,-1,1,-1,-1,1,1,1,-1,1,-1,-1,1,1,-1,-1,1,-1,-1,1,1,-1,-1,1,-1,-1,-1,1,1,-1,1,1,-1,-1,1,-1,-1,1,-1,1,-1,1,1,-1,-1,1,-1,-1,-1,-1,-1,1,1,1,-1,-1,1,-1,-1,1,-1,-1,1,-1,-1,1,1,-1,-1,1,1,-1,1,1,-1,1,-1,1,-1,-1,1,1,-1,-1,-1,-1,1,1,-1,-1,1,-1,-1,-1,1,1,-1,-1,-1,-1,-1,1,-1,-1,-1,-1,-1,1,1,1,-1,-1,-1,-1,-1,1,1,-1,-1,-1,-1,-1,1,1,1,-1,-1,-1,-1,1,1,-1,-1,-1,-1,1,1,1,1,-1,-1,1,1,1,1,1,-1,-1,-1,1,1,1,-1,1,-1,1,1,1,1,-1,1,-1,-1,1,-1,1,-1,1,-1,-1,1,-1,1,-1,-1,-1,-1,1,-1,1,-1,1,-1,-1,1,-1,1,-1,1,-1,-1,1,-1,1,-1,-1,-1,-1,1,1,-1,-1,-1,-1,-1,1,-1,1,-1,-1,-1,-1,-1,-1,-1,1,-1,-1,-1,1,-1,-1,1,-1,-1,-1,-1,-1,1,1,-1,-1,-1,-1,-1,1,-1,-1,-1,1,-1,-1,1,-1,1,-1,-1,-1,-1,-1,-1,-1,1,-1,-1,-1,1,1,1,-1,-1,1,-1,-1,-1,-1,-1,1,-1,-1,1,1,1,-1,-1,-1,-1,1,-1,1,1,-1,1,-1,-1,1,1,-1,-1,-1,-1,-1,-1,1,1,-1,-1,1,-1,1,1,-1,-1,-1,1,-1,1,1,-1,-1,1,-1,-1,1,1,1,-1,1,-1,1,1,1,-1,-1,1,-1,-1,1,1,1,-1,1,-1,-1,1,1,-1,1,1,-1,-1,1,1,-1,1,1,-1,-1,1,1,-1,1,1,-1,-1,1,1,1,1,1,1,-1,1,1,1,-1,1,-1,-1,1,-1,1,1,1,1,-1,-1,1,-1,1,1,1,-1,1,-1,1,1,-1,1,-1,1,1,1,1,1,1,1,-1,-1,1,1,1,-1,1,-1,1,1,1,1,1,-1,1,-1,1,1,-1,1,1,-1,-1,1,-1,1,1,-1,-1,1,1,1,1,-1,1,-1,-1,1,1,-1,-1,1,-1,1,1,1,-1,1,-1,-1,-1,1,1,-1,-1,1,-1,-1,1,1,-1,-1,1,-1,-1,1,1,1,-1,1,-1,-1,1,1,-1,-1,-1,1,-1,-1,1,-1,1,1,-1,1,1,-1,-1,1,1,-1,-1,1,1,-1,1,1,-1,1,1,-1,-1,1,-1,1,-1,-1,-1,-1,1,-1,-1,1,1,-1,1,1,-1,1,1,1,1,-1,1,-1,1,1,1,-1,-1,1,-1,1,1,1,-1,1,1,-1,-1,1,1,-1,-1,1,-1,1,1,1,1,-1,1,-1,-1,1,1,-1,-1,1,1,-1,1,1,1,-1,1,-1,-1,1,-2670.0,1,2000,445,500,False
869,1,1,-1,-1,1,1,-1,-1,1,1,1,-1,1,1,1,1,-1,1,-1,-1,-1,-1,1,1,1,-1,1,-1,1,1,1,1,-1,-1,-1,-1,1,1,1,1,-1,-1,-1,1,1,1,1,-1,1,1,1,1,-1,1,-1,-1,1,-1,1,1,1,-1,-1,-1,1,1,1,1,-1,-1,-1,1,1,1,1,-1,-1,-1,1,1,1,-1,-1,-1,1,1,1,1,-1,-1,-1,1,1,1,1,-1,-1,1,1,-1,1,1,-1,-1,1,1,1,1,1,-1,-1,-1,1,-1,1,1,-1,-1,1,1,1,1,1,1,-1,-1,1,1,-1,1,1,-1,1,1,1,1,1,1,-1,1,1,1,1,1,1,-1,1,1,1,1,1,1,-1,-1,-1,1,1,1,1,-1,1,1,1,1,-1,1,-1,1,-1,1,1,1,-1,-1,1,1,1,1,1,-1,1,-1,-1,1,-1,1,-1,1,1,1,1,1,1,1,1,1,-1,1,-1,1,-1,1,1,-1,1,-1,1,1,-1,1,-1,1,-1,1,-1,1,1,-1,-1,-1,1,1,1,1,-1,-1,1,1,-1,-1,1,-1,1,-1,-1,1,-1,1,-1,1,-1,1,-1,1,1,-1,1,-1,1,1,-1,1,-1,1,1,1,-1,1,1,-1,-1,-1,1,-1,1,-1,1,-1,1,1,-1,1,-1,-1,-1,1,1,-1,1,-1,-1,-1,1,1,-1,-1,1,1,-1,-1,1,1,-1,1,1,-1,1,1,1,1,-1,1,-1,1,1,-1,1,-1,1,-1,1,1,1,1,1,1,-1,-1,1,-1,-1,1,1,1,-1,1,1,1,-1,1,1,1,1,1,1,1,1,-1,1,1,1,-1,-1,1,-1,1,1,1,-1,1,1,-1,-1,1,1,1,-1,1,-1,1,1,1,-1,1,1,-1,1,1,1,-1,1,1,-1,1,1,1,-1,1,1,-1,-1,1,1,-1,1,1,-1,1,-1,1,-1,1,1,1,-1,1,1,1,1,1,1,-1,1,1,-1,1,1,1,-1,-1,-1,-1,1,1,1,-1,1,1,-1,1,1,-1,-1,1,1,1,1,1,-1,1,1,1,-1,1,1,1,-1,-1,1,1,1,-1,1,-1,1,-1,1,1,1,1,-1,-1,-1,1,-1,-1,1,-1,1,-1,1,1,1,1,1,-1,-1,1,-1,-1,1,-1,1,-1,1,1,-1,1,1,1,-1,-1,1,-1,1,1,-1,-1,1,1,1,-1,1,-1,-1,-1,1,-1,1,1,-1,-1,1,1,1,1,-1,1,-1,1,-1,-1,1,-1,-1,1,1,-1,1,1,-1,-1,-1,1,-1,1,1,1,-1,-1,1,-1,-1,1,-1,-1,-1,1,-1,1,1,1,-1,-1,1,-1,-1,1,-1,-1,-1,1,-1,-1,1,-1,-1,-1,1,-1,-1,1,-1,-1,-1,-1,1,-1,1,-1,-1,-1,1,1,-1,-1,1,1,1,-1,1,-1,1,-1,1,-1,1,-1,-1,-1,1,-1,-1,1,1,1,-1,1,-1,1,1,1,-1,1,1,-1,-1,-1,1,-1,-1,1,-1,-1,1,1,1,-1,1,-1,-1,1,1,-1,-1,1,-1,-1,1,1,-1,-1,1,-1,-1,-1,1,1,-1,1,1,-1,-1,1,-1,-1,1,-1,1,-1,1,1,-1,-1,1,-1,-1,-1,-1,-1,1,1,1,-1,-1,1,-1,-1,1,-1,-1,1,-1,-1,-1,1,-1,-1,1,1,-1,1,1,-1,1,-1,1,-1,-1,1,1,-1,-1,-1,-1,1,1,-1,-1,1,-1,-1,-1,1,1,-1,-1,-1,-1,-1,1,-1,-1,-1,-1,-1,-1,1,1,-1,-1,-1,-1,1,1,1,-1,-1,-1,-1,-1,1,1,1,-1,-1,-1,-1,1,1,-1,-1,-1,-1,1,1,1,1,1,-1,1,1,1,1,1,1,-1,-1,1,1,1,-1,-1,-1,1,1,1,1,-1,1,-1,-1,1,-1,1,-1,1,-1,-1,1,-1,1,-1,1,-1,-1,1,-1,1,-1,1,-1,-1,1,-1,1,1,1,-1,-1,1,-1,1,1,1,-1,-1,1,1,-1,1,1,-1,-1,1,-1,1,-1,1,-1,-1,-1,-1,-1,1,1,-1,-1,1,-1,-1,1,1,-1,-1,-1,-1,-1,-1,1,-1,-1,-1,-1,1,1,-1,-1,1,-1,-1,1,-1,1,-1,-1,-1,-1,-1,1,1,1,-1,-1,-1,1,1,1,-1,-1,1,-1,-1,-1,1,-1,1,-1,-1,1,1,1,-1,-1,-1,-1,1,-1,1,1,-1,1,-1,-1,1,1,-1,-1,-1,-1,-1,-1,1,1,-1,-1,1,-1,1,1,-1,-1,-1,1,-1,1,1,-1,-1,1,-1,-1,1,1,1,-1,1,-1,1,1,1,-1,-1,1,-1,-1,1,1,1,-1,1,-1,-1,1,1,-1,1,1,-1,-1,1,1,-1,1,1,-1,-1,1,1,-1,1,1,-1,-1,1,1,1,1,1,1,-1,1,1,1,1,1,-1,-1,1,-1,1,1,1,1,-1,-1,1,-1,1,1,1,-1,1,-1,1,1,-1,1,-1,1,1,1,1,1,1,1,-1,-1,1,1,1,-1,1,-1,1,1,1,1,1,-1,1,-1,1,1,-1,1,1,-1,-1,1,-1,1,1,-1,-1,1,1,1,1,-1,1,-1,-1,1,1,-1,-1,1,-1,1,1,1,-1,1,-1,-1,-1,1,1,-1,-1,1,-1,-1,1,1,-1,-1,1,-1,-1,-1,1,1,-1,1,-1,-1,1,1,-1,-1,-1,1,-1,-1,1,-1,1,1,-1,1,1,-1,-1,1,-1,-1,-1,1,1,-1,1,1,-1,1,1,-1,-1,1,-1,1,-1,-1,-1,-1,1,-1,-1,1,1,-1,1,1,-1,1,1,1,1,-1,1,-1,1,1,1,-1,-1,1,-1,-1,1,1,-1,-1,1,-1,1,1,1,-1,-1,1,-1,1,1,1,1,-1,1,-1,-1,1,1,-1,-1,-1,1,-1,1,-1,1,-1,1,-1,-1,1,-2670.0,1,2000,445,500,False
870,1,1,-1,-1,1,1,-1,-1,1,1,1,-1,-1,1,1,1,-1,1,1,-1,-1,-1,1,1,1,1,-1,-1,1,1,1,1,-1,-1,-1,-1,1,1,1,1,-1,-1,-1,1,1,1,1,-1,1,1,1,1,-1,1,-1,-1,1,-1,1,1,1,-1,-1,-1,1,1,1,1,-1,-1,-1,1,1,1,1,-1,-1,-1,1,1,1,-1,-1,-1,1,1,1,1,-1,-1,1,1,1,1,1,-1,-1,-1,1,-1,1,1,-1,-1,1,1,1,1,1,-1,-1,-1,1,1,1,1,-1,-1,1,1,1,1,1,1,-1,-1,1,1,-1,1,1,-1,1,1,1,1,1,1,-1,1,1,1,1,1,1,-1,1,1,1,1,1,1,-1,-1,-1,1,1,1,1,-1,1,1,1,1,-1,1,-1,1,-1,1,1,1,-1,-1,1,1,1,1,1,-1,1,-1,-1,1,-1,1,-1,1,1,1,1,1,1,1,1,1,-1,1,-1,1,-1,1,1,-1,1,-1,1,1,-1,1,-1,1,-1,1,-1,1,1,-1,1,-1,1,1,1,1,-1,-1,1,1,-1,-1,1,-1,1,-1,-1,1,-1,1,-1,1,-1,1,-1,1,1,-1,1,-1,1,1,-1,1,-1,1,1,1,-1,1,1,-1,1,-1,1,-1,1,-1,1,-1,1,1,-1,1,-1,-1,-1,1,1,-1,1,-1,-1,-1,1,1,-1,-1,1,1,-1,-1,1,1,-1,1,1,-1,1,1,1,1,-1,1,-1,1,1,-1,1,-1,1,1,1,1,1,1,1,1,-1,-1,1,-1,-1,-1,1,1,-1,1,1,1,-1,1,1,1,1,1,1,1,1,-1,1,1,1,-1,-1,1,-1,1,1,1,-1,1,1,-1,-1,1,1,1,-1,1,-1,1,1,1,-1,1,1,-1,1,1,1,-1,1,1,-1,1,1,1,-1,1,1,-1,-1,1,1,-1,1,1,-1,1,-1,1,-1,1,1,1,-1,1,1,1,1,1,1,-1,1,1,-1,1,1,1,-1,-1,-1,-1,1,1,1,-1,1,1,-1,1,1,-1,-1,1,1,1,1,1,-1,1,1,1,-1,1,1,1,-1,-1,1,1,1,-1,1,-1,1,1,1,1,1,1,-1,-1,-1,1,-1,-1,1,1,-1,1,1,1,1,1,1,1,-1,1,-1,-1,1,-1,1,-1,1,1,1,1,1,1,-1,-1,1,-1,1,1,1,-1,1,1,1,-1,1,1,-1,-1,1,-1,1,1,1,-1,1,1,1,1,1,1,-1,1,-1,-1,1,1,-1,-1,1,-1,1,1,1,-1,-1,1,-1,1,1,1,-1,-1,1,-1,-1,1,1,-1,-1,1,-1,1,1,1,1,-1,1,-1,-1,1,1,1,-1,-1,-1,-1,1,1,-1,-1,1,-1,-1,1,-1,1,-1,-1,1,-1,1,-1,1,-1,-1,1,-1,-1,1,1,1,-1,1,-1,1,-1,-1,1,1,-1,-1,-1,1,-1,-1,1,1,1,-1,1,-1,1,1,1,-1,1,1,-1,-1,-1,1,-1,-1,1,-1,-1,1,1,1,-1,1,-1,-1,1,1,-1,-1,1,-1,-1,1,1,-1,-1,1,-1,-1,-1,1,1,-1,1,-1,-1,-1,1,-1,-1,1,-1,1,-1,1,1,-1,-1,1,-1,-1,-1,-1,-1,1,1,1,-1,-1,1,-1,-1,1,-1,-1,1,-1,-1,-1,1,-1,-1,1,-1,-1,1,1,-1,1,-1,1,-1,-1,1,1,-1,-1,-1,-1,1,1,-1,-1,1,-1,-1,-1,1,1,-1,-1,-1,-1,-1,1,-1,-1,-1,-1,-1,1,1,1,-1,-1,-1,-1,-1,1,1,-1,-1,-1,-1,-1,1,1,1,-1,-1,-1,-1,1,1,-1,-1,-1,-1,1,1,1,1,-1,-1,1,1,1,1,1,-1,-1,-1,1,1,1,-1,1,-1,1,1,1,1,-1,1,-1,-1,1,-1,1,-1,1,-1,-1,1,-1,1,-1,-1,-1,-1,1,-1,1,-1,1,-1,-1,1,-1,1,-1,1,-1,-1,1,-1,1,-1,-1,-1,-1,1,1,-1,-1,-1,-1,-1,1,-1,1,-1,-1,-1,-1,-1,-1,-1,1,-1,-1,-1,1,-1,-1,1,-1,-1,-1,-1,-1,1,1,-1,-1,-1,-1,-1,1,-1,-1,-1,1,-1,-1,1,-1,1,-1,-1,-1,-1,-1,-1,-1,1,-1,-1,-1,1,1,-1,-1,-1,1,1,-1,-1,-1,-1,1,-1,-1,1,-1,1,-1,-1,-1,-1,1,-1,1,1,-1,1,-1,-1,1,1,-1,-1,-1,-1,-1,-1,1,1,-1,-1,1,-1,1,1,-1,-1,-1,1,-1,-1,1,-1,-1,1,-1,-1,1,1,1,-1,1,-1,1,1,1,-1,-1,1,-1,-1,1,-1,1,-1,1,-1,-1,1,1,-1,1,1,-1,-1,1,1,-1,1,1,-1,-1,1,1,-1,1,1,-1,-1,1,1,1,1,1,1,-1,-1,1,-1,1,1,-1,-1,1,-1,1,1,1,1,-1,-1,1,-1,1,1,1,-1,1,1,1,1,-1,1,-1,1,1,1,1,1,1,1,-1,1,1,1,1,-1,1,-1,1,1,1,1,1,-1,1,1,1,1,-1,1,1,-1,1,1,-1,1,1,-1,-1,1,1,1,1,-1,1,-1,1,1,1,-1,-1,1,-1,1,1,1,-1,1,-1,-1,-1,1,1,-1,-1,1,-1,-1,1,1,-1,-1,1,-1,-1,1,1,1,-1,1,-1,-1,1,1,-1,-1,-1,1,-1,1,1,-1,1,1,-1,1,1,-1,-1,1,-1,-1,-1,1,1,-1,1,1,-1,1,1,-1,-1,-1,-1,1,-1,-1,-1,-1,1,-1,-1,1,1,-1,1,1,-1,1,1,1,1,-1,1,-1,1,1,1,-1,-1,1,-1,-1,1,1,-1,-1,1,-1,1,1,1,-1,-1,1,-1,1,1,1,1,-1,1,-1,-1,1,1,1,-1,-1,1,-1,1,-1,1,-1,1,-1,-1,1,-2670.0,1,2000,445,500,False
871,1,1,-1,-1,1,1,-1,-1,1,1,1,-1,-1,1,1,1,-1,1,-1,-1,-1,-1,1,1,1,-1,-1,-1,1,1,1,1,1,-1,-1,-1,1,-1,1,1,-1,-1,-1,1,1,1,1,-1,1,1,1,1,-1,1,-1,-1,1,-1,1,1,1,-1,-1,-1,1,1,1,1,-1,-1,-1,1,1,1,1,-1,-1,-1,1,1,1,-1,-1,-1,1,1,1,1,-1,-1,1,1,1,1,1,-1,-1,-1,1,-1,1,1,-1,-1,1,1,1,1,1,-1,-1,-1,1,-1,1,1,-1,-1,1,1,1,1,1,1,-1,-1,1,1,-1,1,1,-1,1,1,1,1,1,1,-1,1,1,1,1,1,1,-1,1,1,1,1,1,1,-1,-1,-1,1,1,1,1,-1,1,1,1,1,-1,1,-1,1,-1,1,1,1,-1,-1,1,1,1,1,1,-1,1,-1,-1,1,-1,1,-1,1,1,1,1,1,1,1,1,1,-1,1,-1,1,-1,1,1,-1,1,-1,1,1,-1,1,-1,1,-1,1,-1,1,1,-1,1,-1,1,1,1,1,-1,-1,1,1,-1,-1,1,-1,1,-1,1,1,-1,1,-1,1,-1,1,-1,-1,1,-1,-1,-1,1,1,-1,1,-1,1,1,1,-1,1,-1,-1,1,-1,1,-1,1,1,1,-1,1,1,-1,1,-1,-1,-1,1,1,-1,1,-1,-1,-1,1,1,-1,-1,1,1,-1,-1,1,1,-1,1,1,-1,1,1,1,1,-1,1,-1,1,1,-1,1,-1,1,-1,1,1,1,1,1,1,-1,-1,1,-1,-1,-1,1,1,-1,1,1,1,-1,1,1,1,1,1,1,-1,1,-1,1,1,1,-1,-1,1,-1,1,1,1,-1,1,1,-1,-1,1,1,1,-1,1,-1,1,1,1,-1,1,1,-1,1,1,1,-1,1,1,-1,1,1,1,-1,1,1,-1,-1,1,1,-1,1,1,-1,1,-1,1,-1,1,1,1,-1,1,1,1,-1,1,1,-1,1,1,-1,1,1,1,-1,-1,-1,-1,1,1,1,-1,1,1,-1,1,1,-1,-1,1,1,1,1,1,-1,1,1,1,-1,1,1,1,-1,-1,1,1,1,-1,1,-1,1,-1,1,1,1,1,-1,-1,-1,1,-1,-1,1,-1,1,-1,1,1,1,1,1,-1,-1,1,-1,-1,1,-1,1,-1,1,1,1,1,1,1,-1,-1,1,-1,1,1,-1,-1,1,1,1,-1,1,-1,-1,-1,1,-1,1,1,-1,-1,1,1,1,1,-1,1,-1,1,-1,-1,1,-1,-1,1,1,-1,1,1,-1,-1,-1,1,-1,1,1,1,-1,-1,1,1,-1,1,-1,-1,-1,1,-1,1,1,1,-1,-1,1,1,-1,1,-1,-1,-1,1,-1,-1,1,-1,-1,-1,1,-1,-1,1,-1,-1,-1,-1,1,-1,1,-1,-1,-1,1,1,-1,-1,1,1,1,-1,1,-1,1,-1,1,-1,1,-1,-1,-1,1,-1,-1,-1,1,1,-1,1,-1,1,1,1,-1,1,1,-1,1,-1,1,-1,-1,1,-1,-1,1,1,1,-1,1,-1,-1,1,1,-1,-1,1,-1,-1,1,1,-1,-1,1,-1,-1,-1,1,1,-1,1,1,-1,-1,1,-1,-1,1,-1,1,-1,1,1,-1,-1,1,-1,-1,-1,-1,-1,1,1,1,-1,-1,1,-1,-1,1,-1,-1,1,-1,-1,1,1,-1,-1,1,1,-1,1,1,-1,1,-1,1,-1,-1,1,1,-1,-1,-1,-1,-1,1,-1,-1,1,-1,-1,-1,1,1,-1,-1,-1,-1,-1,1,-1,-1,-1,-1,-1,1,1,1,-1,-1,-1,-1,-1,1,1,-1,-1,-1,-1,-1,1,1,1,-1,-1,-1,-1,1,1,-1,-1,-1,-1,1,1,1,1,1,-1,1,1,1,1,1,1,-1,-1,1,1,1,-1,1,-1,1,1,1,1,-1,1,-1,-1,1,-1,1,-1,1,-1,-1,1,-1,1,1,1,-1,-1,1,-1,1,-1,1,1,-1,1,-1,1,1,1,1,-1,1,-1,1,1,1,-1,-1,1,1,-1,1,1,-1,-1,1,-1,1,-1,1,-1,-1,-1,-1,-1,1,1,-1,-1,1,-1,-1,1,1,-1,-1,-1,-1,-1,-1,1,-1,-1,-1,-1,1,1,-1,-1,1,-1,-1,1,-1,1,-1,-1,-1,-1,-1,1,1,1,-1,-1,-1,1,1,1,-1,-1,-1,1,-1,-1,1,-1,1,-1,-1,1,1,1,-1,-1,-1,-1,1,-1,1,1,-1,1,-1,-1,1,1,-1,-1,-1,-1,-1,-1,1,1,-1,-1,1,-1,1,1,-1,-1,-1,1,-1,1,1,-1,-1,1,-1,-1,1,1,1,-1,1,-1,1,1,1,-1,-1,1,-1,-1,1,1,1,-1,1,-1,-1,1,1,-1,1,1,-1,-1,1,1,-1,1,1,-1,-1,1,1,1,1,1,-1,-1,1,1,1,1,-1,1,-1,1,1,1,-1,1,-1,-1,1,-1,1,1,1,1,-1,-1,1,-1,1,1,1,-1,1,-1,1,1,-1,1,-1,1,1,1,1,1,1,1,-1,-1,1,1,1,-1,1,-1,1,1,1,1,1,-1,1,-1,1,1,-1,1,1,-1,-1,1,-1,1,1,-1,-1,1,1,1,1,-1,1,-1,-1,1,1,-1,-1,1,-1,1,1,1,-1,1,-1,-1,-1,1,1,-1,-1,1,-1,-1,1,1,-1,-1,1,-1,-1,1,1,1,-1,1,-1,-1,1,1,-1,-1,-1,1,-1,1,1,-1,1,1,-1,1,1,-1,-1,1,1,-1,-1,1,1,-1,1,1,-1,1,1,-1,-1,1,-1,1,-1,-1,-1,-1,1,-1,-1,1,1,-1,1,1,-1,1,1,1,1,-1,1,-1,1,1,1,-1,-1,1,-1,-1,1,1,-1,1,1,-1,1,1,1,-1,-1,1,-1,1,1,1,1,-1,1,-1,-1,1,1,1,-1,1,1,-1,1,1,1,-1,1,-1,-1,1,-2670.0,1,2000,445,500,False
872,1,1,-1,-1,1,1,-1,-1,1,1,1,-1,-1,1,1,1,-1,1,-1,-1,-1,-1,1,1,1,1,-1,-1,1,1,1,1,-1,-1,-1,-1,1,-1,1,1,-1,-1,-1,1,1,1,1,-1,1,1,1,1,-1,1,-1,-1,1,-1,1,1,1,-1,-1,-1,1,1,1,1,-1,-1,-1,1,1,1,1,-1,-1,-1,1,1,1,-1,-1,-1,1,1,1,1,-1,-1,1,1,1,1,1,-1,-1,-1,1,-1,1,1,-1,-1,1,1,1,1,1,-1,-1,-1,1,1,1,1,-1,-1,1,1,1,1,1,1,-1,-1,1,1,-1,1,1,-1,1,1,1,1,1,1,-1,1,1,1,1,1,1,-1,1,1,1,1,1,1,-1,-1,-1,1,1,1,1,-1,1,1,1,1,-1,1,-1,1,-1,1,1,1,-1,-1,1,1,1,1,1,-1,1,-1,-1,1,-1,1,-1,1,1,1,1,1,1,1,1,1,-1,1,-1,1,-1,1,1,-1,1,-1,1,1,-1,1,-1,1,-1,1,-1,1,1,-1,1,-1,1,1,1,1,-1,-1,1,1,-1,-1,1,-1,1,-1,1,1,1,1,-1,1,-1,1,-1,1,1,-1,-1,-1,1,1,-1,1,-1,1,1,1,-1,1,1,-1,-1,-1,1,-1,1,-1,1,-1,1,1,-1,1,-1,-1,-1,1,1,-1,1,-1,-1,-1,1,1,-1,-1,1,1,-1,-1,1,1,-1,1,1,-1,1,1,1,1,-1,1,-1,1,1,-1,1,-1,1,1,-1,1,1,-1,-1,1,-1,-1,1,-1,-1,-1,1,1,-1,1,1,1,-1,1,-1,-1,1,1,1,1,1,-1,1,1,1,1,-1,1,-1,1,1,1,-1,1,1,-1,-1,1,1,1,-1,1,-1,1,1,1,-1,1,1,-1,1,1,1,-1,1,-1,-1,1,1,1,1,1,-1,-1,-1,1,1,-1,1,-1,-1,1,-1,1,-1,1,1,-1,-1,1,1,1,1,1,-1,-1,1,1,-1,1,-1,-1,-1,-1,-1,-1,1,1,-1,-1,1,1,-1,1,-1,1,-1,1,1,1,1,1,-1,1,1,1,-1,1,-1,-1,-1,-1,1,1,1,1,-1,-1,1,1,1,1,-1,-1,1,-1,-1,1,-1,1,-1,-1,1,-1,1,1,-1,-1,1,1,-1,1,-1,1,-1,-1,1,-1,1,1,-1,-1,-1,1,-1,-1,1,1,-1,-1,1,-1,1,1,-1,1,-1,1,-1,-1,1,1,-1,-1,1,-1,1,1,-1,-1,1,1,-1,1,-1,1,-1,1,-1,-1,1,-1,1,-1,1,-1,-1,1,-1,-1,-1,1,-1,-1,1,-1,1,-1,1,-1,-1,1,-1,-1,1,-1,1,-1,1,1,1,-1,1,1,-1,-1,1,1,-1,1,-1,-1,1,-1,1,1,1,1,-1,-1,1,1,-1,1,1,1,-1,1,1,1,-1,1,1,-1,1,1,1,1,1,-1,1,-1,-1,-1,1,-1,-1,1,-1,1,-1,1,-1,1,-1,-1,-1,1,1,-1,1,1,-1,-1,-1,1,-1,1,1,-1,1,-1,1,-1,-1,-1,-1,-1,-1,1,-1,-1,-1,-1,-1,-1,1,-1,1,1,1,1,-1,1,-1,1,1,-1,-1,-1,1,-1,-1,1,-1,1,-1,-1,1,1,1,1,-1,-1,1,1,1,1,-1,1,-1,-1,1,1,1,-1,-1,-1,1,1,1,1,-1,-1,-1,1,-1,1,-1,1,-1,-1,-1,1,1,1,-1,-1,-1,1,1,1,1,1,-1,-1,-1,1,1,1,1,-1,-1,-1,1,-1,1,-1,-1,-1,1,1,1,1,1,-1,-1,-1,1,1,1,1,-1,-1,-1,1,1,-1,1,-1,-1,-1,1,1,1,1,-1,-1,1,1,1,1,-1,-1,1,1,-1,1,1,-1,-1,-1,1,1,1,1,1,-1,1,1,1,1,1,-1,-1,-1,1,-1,1,-1,-1,-1,-1,1,-1,1,1,-1,-1,-1,1,-1,1,1,-1,1,-1,1,1,1,1,-1,1,-1,1,-1,1,1,-1,-1,-1,1,1,-1,-1,-1,-1,-1,1,-1,1,-1,-1,-1,-1,-1,-1,-1,1,-1,-1,-1,1,-1,-1,1,-1,-1,-1,-1,-1,-1,1,-1,-1,-1,-1,-1,1,-1,-1,-1,1,-1,-1,1,-1,1,-1,-1,-1,-1,-1,-1,-1,1,-1,-1,-1,1,1,-1,-1,-1,-1,1,-1,-1,-1,-1,1,-1,-1,1,1,1,-1,-1,-1,-1,1,-1,1,1,-1,1,-1,-1,1,1,-1,-1,-1,-1,-1,-1,1,1,-1,-1,1,-1,1,1,-1,-1,-1,1,-1,1,1,-1,-1,1,-1,-1,1,1,1,-1,1,-1,1,1,1,-1,-1,1,-1,-1,1,1,1,-1,1,-1,-1,1,1,-1,1,1,-1,-1,1,1,-1,1,1,-1,-1,1,1,-1,1,1,-1,-1,1,1,1,1,-1,1,-1,-1,1,1,-1,1,-1,-1,1,-1,1,1,1,1,-1,-1,1,-1,1,-1,1,-1,1,1,1,1,-1,1,-1,1,1,1,1,1,1,1,-1,1,1,1,1,-1,1,-1,1,1,1,1,1,-1,1,1,1,1,-1,-1,1,-1,1,1,-1,1,1,-1,-1,1,1,1,-1,1,1,-1,1,1,1,-1,-1,1,-1,1,1,1,-1,1,-1,-1,-1,1,1,-1,-1,1,-1,-1,1,1,1,-1,1,-1,-1,1,1,1,1,-1,-1,-1,1,1,-1,-1,-1,1,-1,1,1,-1,1,1,-1,1,1,-1,-1,1,-1,-1,-1,1,1,-1,1,1,-1,1,1,-1,-1,-1,-1,1,-1,-1,-1,-1,1,-1,-1,1,1,-1,1,1,-1,1,1,1,1,-1,1,-1,1,1,1,-1,-1,1,-1,-1,-1,1,-1,-1,1,-1,1,1,1,-1,-1,1,-1,1,1,1,1,-1,1,-1,-1,1,1,1,-1,-1,1,-1,1,1,1,-1,1,-1,-1,1,-2670.0,1,2000,445,500,False
873,1,1,-1,-1,1,1,-1,-1,1,1,1,-1,1,1,1,1,-1,1,-1,-1,-1,-1,1,1,1,-1,1,-1,1,1,1,1,1,-1,-1,-1,1,1,1,1,-1,-1,-1,1,1,1,1,-1,1,1,1,1,-1,1,-1,-1,1,-1,1,1,-1,-1,-1,-1,1,1,1,1,-1,-1,-1,1,1,1,1,-1,-1,-1,1,1,1,-1,-1,-1,1,1,1,1,-1,-1,1,1,1,1,1,-1,-1,-1,1,-1,1,1,-1,-1,1,1,1,1,1,-1,-1,-1,1,1,1,1,-1,-1,1,1,1,1,1,1,-1,-1,1,1,-1,1,1,-1,1,1,1,1,1,1,-1,1,1,1,1,1,1,-1,1,1,1,1,1,1,-1,-1,-1,1,1,1,1,-1,1,1,1,1,-1,1,-1,1,-1,1,1,1,-1,-1,1,1,1,1,1,-1,1,-1,-1,1,-1,1,-1,1,1,1,1,1,1,1,1,1,-1,1,-1,1,-1,1,1,-1,1,-1,1,1,-1,1,-1,1,-1,1,-1,1,1,-1,1,-1,1,1,1,1,-1,-1,1,1,-1,-1,1,-1,1,-1,1,1,-1,1,-1,1,-1,1,-1,-1,1,-1,-1,-1,1,1,-1,1,-1,1,1,1,-1,1,1,-1,-1,-1,1,-1,1,-1,1,-1,1,1,-1,1,-1,-1,-1,1,1,-1,1,-1,-1,-1,1,1,-1,-1,1,1,-1,-1,1,1,-1,1,1,-1,1,1,1,1,-1,1,-1,1,1,-1,1,-1,1,-1,1,1,1,1,1,1,-1,-1,1,-1,-1,-1,1,1,-1,1,1,1,-1,1,1,1,1,1,1,1,1,-1,1,1,1,-1,1,1,-1,1,1,1,-1,1,1,-1,-1,1,1,1,-1,1,-1,1,1,1,-1,1,1,-1,1,1,1,-1,1,1,-1,1,1,1,-1,1,1,-1,-1,1,1,-1,1,1,-1,1,-1,1,-1,1,1,1,-1,1,1,1,-1,1,1,-1,1,1,-1,1,1,1,-1,-1,-1,-1,1,1,1,-1,1,1,-1,1,1,-1,-1,1,1,1,1,1,-1,1,1,1,-1,1,1,1,-1,-1,1,1,1,-1,1,-1,1,1,1,-1,1,1,-1,-1,-1,1,-1,-1,1,1,-1,1,1,-1,1,1,1,1,-1,1,-1,-1,1,-1,1,-1,1,1,1,1,1,1,-1,-1,1,-1,1,1,1,-1,1,1,1,-1,1,1,-1,-1,1,-1,1,1,1,-1,1,1,1,1,1,1,-1,1,-1,1,1,1,-1,-1,1,-1,1,1,1,-1,-1,1,-1,1,1,1,-1,-1,1,1,-1,1,1,-1,-1,1,-1,1,1,1,1,-1,1,-1,-1,1,1,1,-1,-1,-1,-1,1,1,-1,-1,1,-1,-1,1,-1,1,-1,-1,1,-1,1,-1,1,-1,-1,1,-1,-1,1,1,1,-1,1,-1,1,-1,1,-1,1,-1,-1,-1,1,-1,-1,1,1,1,-1,1,-1,1,1,1,-1,1,1,-1,1,-1,1,-1,-1,1,-1,-1,1,1,1,-1,1,-1,-1,1,1,-1,-1,1,-1,-1,1,1,-1,-1,1,-1,-1,-1,1,1,-1,1,1,-1,-1,1,-1,-1,1,-1,1,-1,1,1,-1,-1,1,-1,-1,-1,-1,-1,1,1,1,-1,-1,1,-1,-1,1,-1,-1,1,-1,-1,1,1,-1,-1,1,-1,-1,1,1,-1,1,-1,-1,-1,-1,1,1,-1,-1,-1,-1,1,1,-1,-1,1,-1,-1,-1,1,1,-1,-1,-1,-1,-1,1,-1,-1,-1,-1,-1,1,1,1,-1,-1,-1,-1,-1,1,1,-1,-1,-1,-1,-1,1,1,1,-1,-1,-1,-1,1,1,-1,-1,-1,-1,1,1,1,1,-1,-1,1,1,1,1,1,-1,-1,-1,1,1,1,-1,1,-1,1,1,1,1,-1,1,-1,-1,1,-1,1,-1,1,-1,-1,1,-1,1,-1,-1,-1,-1,1,-1,1,-1,1,-1,-1,1,-1,1,-1,1,-1,-1,1,-1,1,-1,-1,-1,-1,1,1,-1,-1,-1,-1,-1,1,-1,1,-1,-1,-1,-1,-1,-1,-1,1,-1,-1,-1,1,-1,-1,1,-1,-1,-1,-1,-1,1,1,-1,-1,-1,-1,-1,1,-1,-1,-1,1,-1,-1,1,-1,1,-1,-1,-1,-1,-1,-1,-1,1,-1,-1,-1,1,1,-1,-1,-1,-1,1,-1,-1,-1,-1,1,-1,-1,1,-1,1,-1,-1,-1,-1,1,-1,1,1,-1,1,-1,-1,1,1,-1,-1,-1,-1,-1,-1,1,1,-1,-1,1,-1,1,1,-1,-1,-1,1,-1,1,1,-1,-1,1,-1,-1,1,1,1,-1,1,-1,1,1,1,-1,-1,1,-1,-1,1,1,1,-1,1,-1,-1,1,1,-1,1,1,-1,-1,1,1,1,1,1,-1,-1,1,1,1,1,1,-1,-1,1,1,1,1,-1,1,-1,-1,1,1,1,1,-1,-1,1,-1,1,1,1,1,-1,-1,1,-1,1,1,1,-1,1,1,1,1,-1,1,-1,1,1,1,1,1,1,1,-1,1,1,1,1,-1,1,-1,1,1,1,1,1,-1,1,1,1,1,-1,1,1,-1,1,1,-1,1,1,-1,-1,1,1,1,1,-1,1,-1,1,1,1,-1,-1,1,-1,1,1,1,-1,1,-1,-1,-1,1,1,-1,-1,1,-1,-1,1,1,1,-1,1,-1,-1,-1,1,1,-1,1,-1,-1,1,1,-1,-1,-1,1,-1,-1,1,-1,1,1,-1,1,1,-1,-1,1,1,-1,-1,1,1,-1,1,1,-1,1,1,-1,-1,-1,-1,1,-1,-1,-1,-1,-1,1,-1,1,1,-1,1,1,-1,1,1,1,1,-1,1,-1,1,1,1,-1,-1,1,-1,-1,1,1,-1,-1,1,-1,1,1,1,-1,-1,1,-1,1,1,1,1,-1,1,-1,-1,1,1,1,-1,-1,1,-1,1,-1,1,-1,1,-1,1,1,-2670.0,1,2000,445,500,False
874,1,1,-1,-1,1,1,-1,-1,1,1,1,-1,1,1,1,1,-1,1,-1,-1,-1,-1,1,1,1,-1,1,-1,1,1,1,1,1,-1,-1,-1,1,-1,1,1,-1,-1,-1,1,1,1,1,-1,1,1,1,1,-1,1,-1,-1,1,-1,1,1,-1,-1,-1,-1,1,1,1,1,-1,-1,-1,1,1,1,1,-1,-1,-1,1,1,1,-1,-1,-1,1,1,1,1,-1,-1,-1,1,1,1,1,-1,-1,1,1,-1,1,1,-1,-1,1,1,1,1,1,-1,-1,1,1,-1,1,1,-1,-1,1,1,1,1,1,1,-1,-1,1,1,-1,1,1,-1,1,1,1,1,1,1,-1,-1,1,1,1,1,1,-1,1,1,1,1,1,1,-1,-1,-1,1,1,1,1,-1,1,1,1,1,-1,1,-1,1,-1,1,1,1,-1,-1,1,1,1,1,1,-1,1,-1,-1,1,-1,1,-1,1,1,1,1,1,1,1,1,1,-1,1,-1,1,-1,1,1,-1,1,-1,1,1,-1,1,-1,1,-1,1,-1,1,1,-1,1,-1,1,1,1,1,-1,-1,1,1,-1,-1,1,-1,1,-1,1,1,-1,1,-1,1,-1,1,-1,1,1,-1,-1,-1,1,1,-1,1,-1,1,1,1,-1,1,1,-1,1,-1,1,-1,1,-1,1,-1,1,1,-1,1,-1,-1,-1,1,1,-1,1,-1,-1,-1,1,1,-1,-1,1,1,-1,-1,1,1,-1,1,1,-1,1,1,1,-1,-1,1,-1,1,1,-1,1,-1,1,1,-1,1,1,-1,-1,1,-1,-1,1,-1,1,-1,1,1,-1,1,1,1,-1,1,-1,-1,1,1,-1,-1,1,-1,1,1,1,1,-1,1,-1,1,1,1,-1,1,1,-1,-1,1,1,-1,-1,1,-1,1,1,1,1,1,1,-1,1,1,1,1,1,-1,-1,1,1,1,1,1,-1,-1,-1,1,1,1,1,-1,-1,1,-1,1,-1,1,1,-1,-1,1,1,1,1,1,-1,-1,1,1,1,-1,-1,-1,-1,-1,-1,-1,1,1,-1,-1,1,1,-1,1,-1,-1,-1,1,1,1,1,-1,-1,1,1,1,-1,1,-1,-1,-1,-1,1,1,1,1,-1,-1,1,-1,1,1,-1,-1,1,-1,-1,1,-1,1,-1,-1,1,-1,-1,1,-1,-1,1,1,-1,1,-1,1,-1,-1,1,-1,1,1,-1,-1,-1,1,-1,-1,1,1,-1,-1,1,-1,1,1,-1,1,-1,1,-1,1,1,1,-1,-1,1,-1,1,1,-1,-1,1,1,-1,1,-1,1,-1,1,-1,1,1,-1,1,-1,1,-1,-1,1,-1,-1,-1,1,-1,-1,1,1,1,-1,1,-1,-1,1,-1,-1,1,-1,1,-1,1,-1,1,-1,1,1,-1,1,-1,1,-1,1,-1,-1,1,-1,1,1,1,1,-1,-1,1,1,-1,1,1,1,-1,1,1,1,-1,1,1,-1,1,1,1,1,-1,-1,1,-1,-1,-1,1,-1,-1,1,-1,1,-1,1,-1,1,-1,-1,-1,1,1,-1,1,1,-1,-1,-1,1,-1,1,1,-1,1,-1,1,-1,-1,-1,-1,-1,-1,1,-1,-1,-1,-1,-1,-1,1,-1,1,1,1,1,-1,1,-1,1,1,-1,-1,-1,1,-1,-1,1,-1,1,-1,-1,1,1,1,1,-1,-1,1,1,1,1,-1,1,-1,-1,1,1,1,-1,-1,-1,1,1,1,1,-1,1,-1,1,-1,1,-1,1,1,-1,-1,1,1,1,-1,-1,-1,-1,1,1,1,1,-1,-1,-1,1,1,1,1,-1,-1,-1,1,1,1,-1,-1,-1,1,1,1,1,1,-1,-1,-1,1,1,1,1,-1,-1,-1,1,1,-1,1,-1,-1,-1,1,1,1,1,-1,-1,1,1,1,1,-1,-1,1,1,-1,1,1,-1,-1,-1,1,1,1,1,1,-1,1,1,1,1,1,-1,-1,-1,1,-1,1,-1,-1,-1,-1,1,-1,1,1,-1,-1,-1,1,-1,1,1,-1,1,-1,1,1,1,1,-1,1,-1,1,-1,1,1,-1,-1,-1,1,1,-1,-1,-1,-1,-1,1,-1,1,-1,-1,-1,-1,-1,-1,-1,1,-1,-1,-1,1,-1,-1,1,-1,-1,-1,-1,-1,1,1,-1,-1,-1,-1,-1,1,-1,-1,-1,1,-1,-1,1,-1,1,-1,-1,-1,-1,-1,-1,-1,1,-1,-1,-1,1,1,-1,-1,-1,-1,1,-1,-1,-1,-1,1,-1,-1,1,1,1,-1,-1,-1,-1,1,-1,1,1,-1,1,-1,-1,1,1,-1,-1,-1,-1,-1,-1,1,1,-1,-1,1,-1,1,1,-1,-1,-1,1,-1,1,1,-1,-1,1,-1,-1,1,1,1,-1,1,-1,1,1,1,-1,-1,1,-1,-1,1,1,1,-1,1,-1,-1,1,1,-1,1,1,-1,-1,1,1,1,1,1,-1,-1,1,1,1,1,1,-1,-1,1,1,1,1,1,1,-1,1,1,1,1,1,-1,-1,1,-1,1,1,1,1,-1,-1,1,-1,1,1,1,-1,1,1,1,1,-1,1,-1,1,1,1,1,1,1,-1,-1,-1,1,1,1,-1,1,-1,1,1,1,1,-1,1,-1,1,1,1,-1,-1,1,-1,1,1,-1,1,-1,-1,-1,-1,1,1,-1,1,-1,-1,1,1,1,-1,-1,-1,-1,1,1,1,-1,1,-1,-1,-1,1,1,-1,1,-1,-1,-1,1,1,-1,1,-1,1,-1,-1,1,1,1,1,-1,-1,1,1,-1,-1,1,1,-1,-1,1,-1,1,-1,-1,1,1,-1,-1,1,-1,-1,-1,1,1,-1,1,1,-1,1,1,-1,-1,-1,-1,1,-1,-1,-1,-1,1,-1,-1,1,1,-1,1,1,-1,1,1,1,1,-1,1,-1,1,1,1,1,-1,1,-1,-1,1,1,1,-1,1,-1,1,1,1,1,-1,1,-1,1,1,1,-1,-1,1,-1,-1,1,1,-1,-1,-1,1,-1,1,-1,1,-1,1,-1,-1,1,-2670.0,1,2000,445,500,False
875,1,1,-1,-1,1,1,-1,-1,1,1,1,-1,-1,1,1,1,-1,1,-1,-1,-1,-1,1,1,1,-1,-1,-1,1,1,1,1,-1,-1,-1,-1,1,-1,1,1,-1,-1,-1,1,1,1,1,-1,1,1,1,1,-1,1,-1,-1,1,-1,1,1,1,-1,-1,-1,1,1,1,1,-1,-1,-1,1,1,1,1,-1,-1,-1,1,1,1,-1,-1,-1,1,1,1,1,-1,-1,-1,1,1,1,1,-1,-1,1,1,-1,1,1,-1,-1,1,1,1,1,1,-1,-1,1,1,1,1,1,-1,-1,1,1,1,1,1,1,-1,-1,1,1,-1,1,1,-1,1,1,1,1,1,1,-1,-1,1,1,1,1,1,-1,1,1,1,1,1,1,-1,-1,-1,1,1,1,1,-1,1,1,1,1,-1,1,-1,1,-1,1,1,1,-1,-1,1,1,1,1,1,-1,1,-1,-1,1,-1,1,-1,1,1,1,1,1,1,1,1,1,-1,1,-1,1,-1,1,1,-1,1,-1,1,1,-1,1,-1,1,-1,1,-1,1,1,-1,1,-1,1,1,1,1,-1,-1,1,1,-1,-1,1,-1,1,-1,-1,1,-1,1,-1,1,-1,1,-1,1,1,-1,1,-1,1,1,-1,1,-1,1,1,1,-1,1,1,-1,1,-1,1,-1,1,-1,1,-1,1,1,-1,1,-1,-1,-1,1,1,-1,1,-1,-1,-1,1,1,-1,-1,1,1,-1,-1,1,1,-1,1,1,-1,1,1,1,1,-1,1,-1,1,1,-1,1,-1,1,1,-1,1,1,1,1,1,-1,-1,1,-1,-1,-1,1,1,-1,1,1,1,-1,1,-1,-1,1,1,1,1,1,-1,1,1,1,-1,-1,1,-1,1,1,1,-1,1,1,-1,-1,1,1,1,-1,1,-1,1,1,1,-1,1,1,-1,1,1,1,-1,1,-1,-1,1,1,1,-1,1,-1,-1,-1,1,1,-1,1,-1,-1,1,-1,1,-1,1,1,-1,-1,1,1,1,-1,1,-1,-1,1,1,-1,1,-1,-1,-1,-1,-1,-1,1,1,-1,-1,1,1,-1,1,-1,1,-1,1,1,1,1,-1,-1,1,1,1,-1,1,-1,-1,-1,-1,1,1,1,1,-1,-1,1,-1,1,1,-1,-1,1,-1,-1,1,-1,1,-1,-1,1,-1,1,-1,-1,-1,1,1,-1,1,-1,1,-1,-1,1,-1,1,1,-1,-1,-1,1,-1,-1,1,1,-1,-1,1,-1,1,1,-1,1,-1,1,-1,-1,1,1,-1,-1,1,-1,1,1,-1,-1,1,1,-1,1,-1,1,-1,1,-1,1,1,-1,1,-1,1,-1,-1,1,-1,-1,-1,1,-1,-1,1,-1,1,-1,1,-1,-1,1,-1,-1,1,-1,1,-1,1,1,1,-1,1,1,-1,1,-1,1,-1,1,-1,-1,1,-1,1,1,1,1,-1,-1,1,1,-1,1,1,-1,1,1,1,1,-1,1,1,-1,1,1,1,1,1,-1,1,-1,-1,-1,1,-1,1,1,1,1,-1,1,-1,1,-1,-1,-1,1,1,-1,1,1,-1,-1,-1,1,-1,1,1,-1,1,-1,1,-1,-1,-1,-1,-1,-1,1,-1,-1,-1,-1,-1,-1,1,-1,1,1,1,1,-1,1,-1,1,1,-1,-1,-1,1,-1,-1,1,-1,1,-1,-1,1,1,1,1,-1,-1,1,1,1,1,-1,1,-1,-1,1,1,1,-1,-1,-1,-1,1,1,1,-1,-1,-1,1,-1,1,-1,1,1,-1,-1,1,1,1,-1,-1,-1,1,1,1,1,1,-1,-1,-1,1,1,1,1,-1,-1,-1,1,-1,1,-1,-1,-1,1,1,1,1,1,-1,-1,-1,1,1,1,1,-1,-1,-1,1,1,-1,1,-1,-1,-1,1,1,1,1,-1,-1,1,1,1,1,-1,-1,1,1,-1,1,1,-1,-1,-1,1,1,1,1,1,-1,1,1,1,1,1,-1,-1,-1,1,-1,1,-1,-1,-1,-1,1,-1,1,1,-1,-1,-1,1,-1,1,1,-1,1,-1,1,1,1,1,-1,1,-1,1,-1,1,1,-1,-1,-1,1,1,-1,-1,-1,-1,-1,1,-1,1,-1,-1,-1,-1,-1,-1,-1,1,-1,-1,-1,1,-1,-1,1,-1,-1,-1,-1,-1,1,1,-1,-1,-1,-1,-1,1,-1,-1,-1,1,-1,-1,1,-1,1,-1,-1,-1,-1,-1,-1,-1,1,-1,-1,-1,1,1,-1,-1,-1,1,-1,-1,-1,-1,-1,1,-1,-1,1,1,1,-1,-1,-1,-1,1,-1,1,1,-1,1,-1,-1,1,1,-1,-1,-1,-1,-1,-1,1,1,-1,-1,1,-1,1,1,-1,-1,-1,1,-1,1,1,-1,-1,1,-1,-1,1,1,1,-1,1,-1,1,1,1,-1,-1,1,-1,-1,1,1,1,-1,1,-1,-1,1,1,-1,1,1,-1,-1,1,1,1,1,1,-1,-1,1,1,-1,1,1,-1,-1,1,1,1,1,1,1,-1,1,1,1,-1,1,-1,-1,1,-1,1,1,1,1,-1,-1,1,-1,1,1,1,-1,1,-1,1,1,-1,1,-1,1,1,1,1,1,1,1,-1,-1,1,1,1,-1,1,-1,1,1,1,1,1,-1,1,-1,1,1,-1,1,1,-1,1,1,-1,1,1,-1,-1,1,1,1,1,-1,1,-1,-1,1,1,-1,-1,1,-1,1,1,1,-1,1,-1,-1,-1,1,1,-1,-1,1,-1,-1,1,1,-1,-1,1,-1,-1,1,1,1,-1,1,-1,-1,1,1,-1,-1,-1,1,-1,1,1,-1,1,1,-1,1,1,-1,-1,1,1,-1,-1,1,1,-1,1,1,-1,1,1,-1,-1,-1,-1,1,-1,-1,-1,-1,1,-1,-1,1,1,-1,1,1,-1,1,1,1,1,-1,1,-1,1,1,1,1,-1,1,-1,-1,1,1,1,-1,1,-1,1,1,1,1,-1,1,-1,1,1,1,-1,-1,1,-1,-1,1,1,-1,-1,-1,1,-1,1,1,1,-1,1,-1,-1,1,-2670.0,1,2000,445,500,False
876,1,1,-1,-1,1,-1,-1,-1,1,1,1,-1,1,1,1,1,-1,1,1,-1,1,-1,1,1,1,1,-1,-1,1,1,1,1,-1,-1,-1,-1,1,-1,1,1,-1,-1,-1,1,1,1,1,-1,1,1,1,1,-1,1,-1,-1,1,-1,1,1,1,-1,-1,-1,1,1,1,1,-1,1,-1,1,1,1,1,-1,-1,-1,1,1,1,-1,-1,-1,1,1,1,1,-1,1,-1,1,1,1,1,-1,-1,1,1,-1,1,1,-1,-1,1,1,1,1,1,-1,-1,1,1,1,1,1,-1,-1,1,1,1,1,1,1,-1,1,1,1,-1,1,1,-1,1,1,1,1,1,1,-1,-1,1,1,1,1,1,-1,1,1,1,1,1,1,-1,-1,-1,1,1,1,1,-1,1,1,1,1,-1,1,-1,1,-1,1,1,1,-1,-1,1,1,1,1,1,-1,1,-1,-1,1,-1,1,-1,1,1,1,1,1,1,1,1,1,-1,1,-1,1,-1,1,1,-1,1,-1,1,1,-1,1,-1,1,-1,1,-1,1,1,-1,1,-1,1,1,1,1,-1,-1,1,1,-1,-1,1,-1,1,-1,-1,1,-1,1,-1,1,-1,1,-1,-1,1,-1,-1,-1,1,1,-1,1,-1,1,1,1,-1,1,1,-1,1,-1,1,-1,1,-1,1,-1,1,1,-1,1,-1,-1,-1,1,1,-1,1,-1,-1,-1,1,1,-1,-1,1,1,-1,-1,1,1,-1,1,1,-1,1,1,1,1,-1,1,-1,1,1,-1,1,-1,1,-1,1,1,1,1,1,1,-1,-1,1,-1,-1,-1,1,1,-1,1,1,1,-1,1,1,1,1,1,1,1,1,-1,1,1,1,-1,-1,1,-1,1,1,1,-1,1,1,-1,-1,1,1,1,-1,1,-1,1,1,1,-1,1,1,-1,1,1,1,-1,1,1,-1,1,1,1,-1,1,1,1,-1,1,1,-1,1,1,-1,1,-1,1,-1,1,1,1,-1,1,1,1,1,1,1,-1,1,1,-1,1,-1,1,-1,-1,-1,-1,1,1,1,-1,1,1,-1,1,1,-1,-1,1,1,1,1,1,-1,1,1,1,-1,1,1,1,-1,-1,1,1,1,-1,1,-1,1,-1,1,1,1,1,-1,-1,-1,1,-1,-1,1,1,-1,1,1,1,1,1,1,1,-1,1,-1,-1,1,-1,1,-1,1,-1,-1,1,1,1,-1,-1,1,-1,1,1,1,-1,1,1,1,-1,1,1,-1,1,-1,-1,1,1,1,-1,-1,-1,1,1,1,1,-1,1,-1,1,1,1,-1,1,1,-1,-1,1,1,-1,-1,1,-1,1,1,1,-1,1,-1,-1,-1,1,1,-1,-1,1,-1,1,1,1,1,-1,1,-1,-1,-1,1,1,-1,-1,-1,1,-1,1,-1,-1,1,-1,-1,1,-1,1,-1,-1,1,-1,1,-1,1,-1,-1,1,-1,-1,1,1,1,-1,1,-1,1,-1,-1,-1,1,-1,-1,-1,1,-1,-1,1,1,1,-1,1,-1,1,1,1,-1,1,1,-1,1,-1,1,-1,-1,1,-1,-1,1,1,1,-1,1,-1,-1,1,1,-1,-1,1,-1,-1,1,1,-1,-1,1,-1,-1,-1,1,1,-1,1,1,-1,-1,1,-1,-1,1,-1,1,-1,1,1,-1,-1,1,-1,-1,-1,-1,-1,1,1,1,-1,1,1,-1,-1,1,-1,-1,-1,-1,-1,1,1,-1,-1,-1,-1,-1,1,1,-1,1,1,1,-1,-1,1,1,-1,-1,-1,-1,-1,1,-1,-1,1,-1,-1,-1,1,1,-1,-1,-1,-1,-1,1,-1,-1,1,-1,-1,1,1,1,-1,1,-1,-1,-1,1,1,-1,-1,-1,-1,-1,1,1,1,-1,-1,-1,-1,1,1,-1,-1,-1,-1,1,1,1,1,-1,-1,1,1,1,1,1,-1,-1,-1,1,1,1,1,1,-1,1,1,1,1,-1,1,-1,-1,1,-1,1,-1,1,-1,-1,1,-1,1,-1,-1,-1,-1,1,-1,1,-1,1,1,-1,1,-1,1,-1,1,1,-1,1,-1,1,-1,-1,-1,-1,1,1,-1,-1,-1,-1,-1,1,-1,1,-1,-1,-1,-1,-1,-1,-1,1,-1,-1,-1,1,-1,-1,1,-1,-1,-1,-1,-1,1,1,-1,-1,-1,-1,-1,1,-1,-1,-1,1,-1,-1,1,-1,1,-1,-1,-1,-1,-1,-1,-1,1,-1,-1,-1,1,1,-1,-1,-1,1,1,-1,-1,-1,-1,1,-1,-1,1,-1,1,-1,-1,-1,-1,1,-1,1,1,-1,1,-1,-1,1,1,-1,-1,-1,-1,-1,-1,1,1,-1,-1,1,-1,1,1,-1,-1,-1,1,-1,-1,1,-1,-1,1,-1,-1,1,1,1,-1,1,-1,1,1,1,-1,-1,1,-1,-1,1,1,1,-1,1,-1,-1,1,1,-1,1,1,-1,-1,1,1,-1,1,1,-1,-1,1,1,-1,1,1,-1,-1,1,1,1,1,-1,1,-1,1,1,-1,1,1,-1,-1,1,-1,1,1,1,1,-1,-1,1,-1,1,1,1,-1,1,1,1,1,-1,1,-1,1,1,1,1,1,1,1,-1,1,1,1,1,-1,1,-1,1,1,1,1,1,-1,1,1,1,1,-1,1,1,-1,1,1,-1,1,1,-1,-1,1,1,1,1,-1,1,-1,1,1,1,-1,-1,1,-1,1,1,1,-1,1,-1,-1,-1,1,1,-1,-1,1,-1,-1,1,1,1,-1,1,-1,1,1,1,1,-1,1,-1,-1,1,1,-1,-1,-1,1,1,-1,1,-1,1,1,-1,1,1,-1,-1,1,-1,-1,-1,-1,1,-1,1,1,1,1,1,-1,-1,-1,-1,1,-1,-1,-1,-1,1,-1,1,1,1,-1,1,1,-1,1,1,1,1,-1,1,-1,1,1,1,1,-1,1,-1,1,1,1,1,-1,1,-1,1,1,1,1,-1,1,-1,1,1,-1,-1,-1,1,-1,-1,1,1,-1,-1,-1,1,-1,1,-1,1,-1,1,-1,-1,1,-2670.0,1,2000,445,500,False
877,1,1,-1,-1,1,-1,-1,-1,1,1,1,-1,1,1,1,1,-1,1,-1,-1,-1,-1,1,1,1,-1,-1,-1,1,1,1,1,-1,-1,-1,-1,1,1,1,-1,-1,-1,-1,1,1,1,1,-1,1,1,1,1,-1,1,-1,-1,1,-1,1,1,1,-1,-1,-1,1,1,1,1,-1,-1,-1,1,1,1,1,-1,-1,-1,1,1,1,-1,-1,-1,1,1,1,1,-1,-1,-1,1,1,1,1,-1,-1,1,1,-1,1,1,-1,-1,1,1,1,1,1,-1,-1,-1,1,-1,1,1,-1,-1,1,1,1,1,1,1,-1,-1,1,1,-1,1,1,-1,1,1,1,1,1,1,-1,1,1,1,1,1,1,-1,1,1,1,1,1,1,-1,-1,-1,1,1,1,1,-1,1,1,1,1,-1,1,-1,1,-1,1,1,1,-1,-1,1,1,1,1,1,-1,1,-1,-1,1,-1,1,-1,1,1,1,1,1,1,1,1,1,-1,1,-1,1,-1,1,1,-1,1,-1,1,1,-1,1,-1,1,-1,1,-1,1,1,-1,1,-1,1,1,1,1,-1,-1,1,1,-1,-1,1,-1,1,-1,-1,1,-1,1,-1,1,-1,1,-1,1,1,-1,-1,-1,1,1,-1,1,-1,1,1,1,-1,1,1,-1,1,-1,1,-1,1,-1,1,-1,1,1,-1,1,-1,-1,-1,1,1,-1,1,-1,-1,-1,1,1,-1,-1,1,1,-1,-1,1,1,-1,1,1,-1,1,1,1,1,-1,1,-1,1,1,-1,1,-1,1,-1,1,1,1,1,1,1,-1,-1,1,-1,-1,1,1,1,-1,1,1,1,-1,1,1,1,1,1,1,1,1,-1,1,1,1,-1,1,1,-1,1,1,1,-1,1,1,-1,-1,1,1,1,-1,1,-1,1,1,1,-1,1,1,-1,1,1,1,-1,1,1,-1,1,1,1,-1,1,1,-1,-1,1,1,-1,1,1,-1,1,-1,1,-1,1,1,1,-1,1,1,1,-1,1,1,-1,1,1,-1,1,1,1,-1,-1,-1,-1,1,1,1,-1,1,1,-1,1,1,-1,-1,1,1,1,1,1,-1,1,1,1,-1,1,1,1,1,-1,1,1,1,-1,1,-1,1,1,1,-1,1,1,-1,-1,-1,1,-1,-1,1,1,-1,1,1,-1,1,1,1,1,-1,1,-1,-1,1,-1,1,-1,1,1,1,1,1,1,-1,-1,1,-1,1,1,1,-1,1,1,1,-1,1,1,-1,-1,1,-1,1,1,1,-1,1,1,1,1,1,1,-1,1,-1,-1,1,1,-1,-1,1,-1,-1,1,1,-1,-1,1,-1,1,1,1,-1,-1,1,-1,-1,1,1,-1,-1,1,-1,1,1,1,1,-1,1,-1,-1,-1,1,1,-1,-1,-1,1,-1,1,-1,-1,1,-1,-1,1,-1,1,-1,-1,1,-1,1,-1,1,1,-1,1,-1,-1,1,1,1,-1,1,-1,1,-1,1,-1,1,-1,-1,-1,1,-1,-1,1,1,1,-1,1,-1,1,1,1,-1,1,1,-1,1,-1,1,-1,-1,1,-1,-1,1,1,1,-1,1,-1,-1,1,1,-1,-1,1,-1,-1,1,1,-1,-1,1,-1,-1,-1,1,1,-1,1,1,-1,-1,1,-1,-1,1,-1,1,-1,1,1,-1,-1,1,-1,-1,-1,-1,-1,1,1,1,-1,1,1,-1,-1,1,-1,-1,-1,-1,-1,1,1,-1,-1,-1,1,-1,1,1,-1,1,1,1,-1,-1,1,1,-1,-1,-1,-1,-1,1,-1,-1,1,-1,-1,-1,1,1,-1,-1,-1,-1,-1,1,-1,-1,1,-1,-1,1,1,1,-1,1,-1,-1,-1,1,1,-1,-1,-1,-1,-1,1,1,1,-1,-1,-1,-1,1,1,-1,-1,-1,-1,1,1,1,1,-1,-1,1,1,1,1,1,-1,-1,-1,1,1,1,-1,1,-1,1,1,1,1,-1,1,-1,-1,1,-1,1,-1,1,-1,-1,1,-1,1,-1,-1,-1,-1,1,-1,1,-1,1,-1,-1,1,-1,1,-1,1,-1,-1,1,-1,1,-1,-1,-1,-1,1,1,-1,-1,-1,-1,-1,1,-1,1,-1,-1,-1,-1,-1,-1,-1,1,-1,-1,-1,1,-1,-1,1,-1,-1,-1,-1,-1,1,1,-1,-1,-1,-1,-1,1,-1,-1,-1,1,-1,-1,1,-1,1,-1,-1,-1,-1,-1,-1,-1,1,-1,-1,-1,1,1,-1,-1,-1,1,-1,-1,-1,-1,-1,1,-1,-1,1,-1,1,-1,-1,-1,-1,1,-1,1,1,-1,1,-1,-1,1,1,-1,-1,-1,-1,-1,-1,1,1,-1,-1,1,-1,1,1,1,-1,-1,1,-1,1,1,-1,-1,1,-1,-1,1,1,1,-1,1,-1,1,1,1,-1,-1,1,-1,-1,1,1,1,-1,1,-1,-1,1,1,-1,1,1,-1,-1,1,1,1,1,1,-1,-1,1,1,-1,1,1,-1,-1,1,1,1,1,1,1,-1,-1,1,1,1,1,-1,-1,1,-1,1,1,1,1,-1,-1,1,-1,1,1,1,-1,1,1,1,1,-1,1,-1,1,1,1,1,1,1,1,-1,1,1,1,1,-1,1,-1,1,1,1,1,1,-1,1,1,1,1,-1,1,1,-1,1,1,-1,1,1,-1,-1,1,1,1,1,-1,1,-1,1,1,1,-1,-1,1,-1,1,1,1,-1,1,-1,-1,-1,1,1,-1,-1,1,-1,-1,1,1,-1,-1,1,-1,-1,1,1,1,-1,1,-1,-1,1,1,-1,-1,-1,1,-1,-1,1,-1,1,1,-1,1,1,-1,-1,1,1,-1,-1,1,1,-1,1,1,-1,1,1,-1,-1,-1,-1,1,-1,-1,-1,-1,-1,1,-1,1,1,-1,1,1,-1,1,1,1,1,-1,1,-1,1,1,1,-1,-1,1,-1,-1,1,1,-1,-1,1,-1,1,1,1,-1,-1,1,-1,1,1,1,1,-1,1,-1,-1,1,1,-1,-1,-1,1,-1,1,1,1,-1,1,-1,-1,1,-2670.0,1,2000,445,500,False
878,1,1,-1,-1,1,1,-1,-1,1,1,1,-1,1,1,1,1,-1,1,-1,-1,-1,-1,1,1,1,-1,1,-1,1,1,1,1,1,-1,-1,-1,1,1,1,1,-1,-1,-1,1,1,1,1,-1,1,1,1,1,-1,1,-1,-1,1,-1,1,1,1,-1,-1,-1,1,1,1,1,-1,-1,-1,1,1,1,1,-1,-1,-1,1,1,1,-1,-1,-1,1,1,1,1,-1,-1,-1,1,1,1,1,-1,-1,1,1,-1,1,1,-1,-1,1,1,1,1,1,-1,-1,-1,1,1,1,1,-1,-1,1,1,1,1,1,1,-1,-1,1,1,-1,1,1,-1,1,1,1,1,1,1,-1,1,1,1,1,1,1,-1,1,1,1,1,1,1,-1,-1,-1,1,1,1,1,-1,1,1,1,1,-1,1,-1,1,-1,1,1,1,-1,-1,1,1,1,1,1,-1,1,-1,-1,1,-1,1,-1,1,1,1,1,1,1,1,1,1,-1,1,-1,1,-1,1,1,-1,1,-1,1,1,-1,1,-1,1,-1,1,-1,1,1,-1,-1,-1,1,1,1,1,-1,-1,1,1,-1,-1,1,-1,1,-1,-1,1,-1,1,-1,1,-1,1,-1,1,1,-1,-1,-1,1,1,-1,1,-1,1,1,1,-1,1,1,-1,1,-1,1,-1,1,-1,1,-1,1,1,-1,1,-1,-1,-1,1,1,-1,1,-1,-1,-1,1,1,-1,-1,1,1,-1,-1,1,1,-1,1,1,-1,1,1,1,1,-1,1,-1,1,1,-1,1,-1,1,1,-1,1,1,1,1,1,-1,-1,1,-1,-1,-1,1,1,-1,1,1,1,-1,1,-1,-1,1,1,1,-1,1,-1,1,1,1,-1,1,1,-1,1,1,1,-1,1,1,-1,1,-1,1,1,-1,1,-1,1,1,1,-1,1,1,-1,1,1,1,-1,1,-1,-1,1,1,1,-1,1,-1,-1,1,1,1,-1,1,-1,-1,-1,-1,1,-1,1,1,-1,1,1,1,1,-1,1,-1,-1,-1,1,-1,1,-1,-1,1,-1,-1,-1,1,-1,-1,1,-1,1,-1,1,-1,1,-1,1,1,1,1,-1,1,-1,1,1,-1,1,-1,-1,-1,-1,1,1,1,1,-1,-1,1,1,1,1,-1,-1,1,-1,-1,1,-1,1,-1,1,-1,1,1,1,-1,-1,1,1,-1,1,-1,1,-1,-1,1,-1,1,1,-1,-1,-1,1,-1,-1,1,1,-1,-1,1,-1,1,1,-1,1,-1,1,-1,-1,1,1,-1,1,1,-1,1,1,-1,-1,1,1,-1,1,-1,1,-1,1,-1,-1,1,-1,1,-1,1,-1,-1,1,-1,-1,-1,1,-1,-1,1,1,1,-1,1,-1,-1,1,-1,-1,1,-1,1,-1,1,1,1,-1,1,1,-1,-1,-1,1,-1,1,-1,-1,1,-1,1,1,-1,1,-1,-1,1,1,-1,-1,1,1,-1,1,1,1,1,1,1,-1,1,1,1,-1,-1,-1,1,-1,-1,-1,1,-1,1,1,-1,1,-1,1,-1,1,-1,-1,-1,1,1,-1,1,1,-1,-1,-1,1,-1,1,1,-1,1,-1,1,-1,-1,-1,-1,-1,-1,1,-1,-1,-1,-1,-1,-1,1,-1,1,1,1,1,-1,1,-1,1,1,-1,-1,-1,1,-1,-1,1,-1,1,-1,-1,1,1,1,1,-1,-1,1,1,1,1,-1,1,-1,-1,1,1,1,-1,-1,-1,1,1,1,1,-1,-1,-1,1,-1,1,-1,1,-1,-1,-1,1,1,1,-1,-1,-1,-1,1,1,1,1,-1,-1,-1,1,1,1,1,-1,-1,-1,1,-1,1,-1,-1,-1,-1,1,1,1,1,-1,-1,1,1,-1,1,-1,-1,-1,-1,1,1,-1,1,-1,-1,-1,1,1,1,1,-1,-1,1,1,1,-1,1,-1,1,1,-1,1,1,-1,-1,-1,1,1,-1,1,1,-1,1,1,1,-1,1,1,-1,-1,1,-1,1,-1,1,-1,-1,1,1,-1,1,-1,-1,-1,1,-1,-1,1,-1,-1,-1,1,1,-1,-1,1,-1,-1,1,-1,-1,-1,-1,-1,-1,1,1,1,-1,-1,-1,-1,1,-1,1,-1,-1,-1,-1,-1,-1,-1,1,-1,-1,-1,1,-1,-1,1,-1,-1,-1,-1,-1,1,1,-1,-1,-1,-1,-1,1,-1,-1,-1,1,-1,-1,1,-1,1,-1,-1,-1,-1,-1,-1,-1,1,-1,-1,-1,1,1,1,-1,-1,1,-1,1,-1,-1,-1,1,-1,-1,1,-1,1,-1,-1,-1,-1,1,-1,1,1,-1,1,-1,-1,1,1,-1,-1,-1,-1,-1,-1,1,1,-1,-1,1,-1,1,1,-1,-1,-1,1,-1,1,1,-1,-1,1,-1,-1,1,1,1,-1,1,-1,1,1,1,-1,-1,1,-1,-1,1,1,1,-1,1,-1,-1,1,1,-1,1,1,-1,-1,1,1,1,1,1,-1,-1,1,1,1,1,1,-1,-1,1,1,1,1,1,1,-1,-1,1,1,1,1,-1,-1,1,-1,1,1,1,1,-1,-1,1,-1,1,1,1,-1,1,1,1,1,-1,1,-1,1,1,1,1,1,1,1,-1,1,1,1,1,-1,1,-1,1,1,1,1,1,-1,1,1,1,1,-1,1,1,-1,1,1,-1,1,1,-1,-1,1,1,1,1,-1,1,-1,1,1,1,-1,-1,1,-1,1,1,1,-1,1,-1,-1,-1,1,1,-1,-1,1,-1,-1,1,1,1,-1,1,-1,-1,-1,1,1,-1,1,-1,-1,1,1,-1,-1,-1,1,-1,-1,1,-1,1,1,-1,1,1,-1,-1,1,-1,-1,-1,1,1,-1,1,1,-1,1,1,-1,-1,-1,-1,1,-1,-1,-1,-1,1,-1,-1,1,1,-1,1,1,-1,1,1,1,1,-1,1,-1,1,1,1,-1,-1,1,-1,-1,1,1,-1,-1,1,-1,1,1,1,-1,-1,1,-1,1,1,1,1,-1,1,-1,-1,1,1,-1,-1,-1,1,-1,1,-1,1,-1,1,-1,-1,1,-2670.0,1,2000,445,500,False
879,1,1,-1,-1,1,1,-1,-1,1,1,1,-1,-1,1,1,1,-1,1,1,-1,-1,-1,1,1,1,1,-1,-1,1,1,1,1,-1,-1,-1,-1,1,1,1,1,-1,-1,-1,1,1,1,1,-1,1,1,1,1,-1,1,-1,-1,1,-1,1,1,1,-1,-1,-1,1,1,1,1,-1,-1,-1,1,1,1,1,-1,-1,-1,1,1,1,-1,-1,-1,1,1,1,1,-1,-1,1,1,1,1,1,-1,-1,-1,1,-1,1,1,-1,-1,1,1,1,1,1,-1,-1,-1,1,-1,1,1,-1,-1,1,1,1,1,1,1,-1,-1,1,1,-1,1,1,-1,1,1,1,1,1,1,-1,1,1,1,1,1,1,-1,1,1,1,1,1,1,-1,-1,-1,1,1,1,1,-1,1,1,1,1,-1,1,-1,1,-1,1,1,1,-1,-1,1,1,1,1,1,-1,1,-1,-1,1,-1,1,-1,1,1,1,1,1,1,1,1,1,-1,1,-1,1,-1,1,1,-1,1,-1,1,1,-1,1,-1,1,-1,1,-1,1,1,-1,1,-1,1,1,1,1,-1,-1,1,1,-1,-1,1,-1,1,-1,1,1,-1,1,-1,1,-1,1,-1,1,1,-1,-1,-1,1,1,-1,1,-1,1,1,1,-1,1,1,-1,1,-1,1,-1,1,-1,1,-1,1,1,-1,1,-1,-1,-1,1,1,-1,1,-1,-1,-1,1,1,-1,-1,1,1,-1,-1,1,1,-1,1,1,-1,1,1,1,1,-1,1,-1,1,1,-1,1,-1,1,-1,1,1,1,1,1,1,-1,-1,1,-1,-1,-1,1,1,-1,1,1,1,-1,1,1,1,1,1,1,-1,1,-1,1,1,1,-1,1,1,-1,1,1,1,-1,1,1,-1,-1,1,1,1,-1,1,-1,1,1,1,-1,1,1,-1,1,1,1,-1,1,1,-1,1,1,1,-1,1,1,-1,-1,1,1,-1,1,1,-1,1,-1,1,-1,1,1,1,-1,1,1,1,1,1,1,-1,1,1,-1,1,-1,1,-1,-1,-1,-1,1,1,1,-1,1,1,-1,1,1,-1,-1,1,1,1,1,1,-1,1,1,1,-1,1,1,1,1,-1,1,1,1,-1,1,-1,1,1,1,1,1,1,-1,-1,-1,1,-1,-1,1,-1,1,-1,1,1,1,1,1,-1,-1,1,-1,-1,1,-1,1,-1,1,1,-1,1,1,1,-1,-1,1,-1,1,1,-1,-1,1,1,1,-1,1,-1,-1,-1,1,-1,1,1,-1,-1,1,1,1,1,-1,1,-1,1,-1,1,1,-1,-1,-1,1,-1,1,1,-1,-1,-1,1,-1,1,1,1,-1,-1,1,-1,-1,1,-1,-1,-1,1,-1,1,1,1,-1,-1,1,1,-1,1,-1,-1,-1,-1,1,-1,1,-1,-1,-1,1,-1,-1,1,-1,-1,-1,-1,1,-1,1,-1,-1,-1,-1,1,-1,-1,1,1,1,-1,1,-1,1,-1,1,-1,1,-1,-1,-1,1,-1,-1,1,1,1,-1,1,-1,1,1,1,-1,1,1,-1,1,-1,1,-1,-1,1,-1,-1,1,1,1,-1,1,-1,-1,1,1,-1,-1,1,-1,-1,1,1,-1,-1,1,-1,-1,-1,1,1,-1,1,1,-1,-1,1,-1,-1,1,-1,1,-1,1,1,-1,-1,1,-1,-1,-1,-1,-1,1,1,1,-1,-1,1,-1,-1,1,-1,-1,1,-1,-1,1,1,-1,-1,1,1,-1,1,1,-1,1,-1,1,-1,-1,1,1,-1,-1,-1,-1,1,1,-1,-1,1,-1,-1,-1,1,1,-1,-1,-1,-1,-1,1,-1,-1,-1,-1,-1,1,1,1,-1,-1,-1,-1,-1,1,1,-1,-1,-1,-1,-1,1,1,1,-1,-1,-1,-1,1,1,-1,-1,-1,-1,1,1,1,1,1,-1,1,1,1,1,1,1,-1,-1,1,1,1,1,-1,-1,1,1,1,1,-1,1,-1,-1,1,-1,1,-1,1,-1,-1,1,-1,1,1,1,-1,-1,1,-1,1,-1,1,-1,-1,1,-1,1,1,1,-1,-1,1,-1,1,1,1,-1,-1,1,1,-1,1,1,-1,-1,1,-1,1,-1,1,-1,-1,-1,-1,-1,1,1,-1,-1,1,-1,-1,1,1,-1,-1,-1,-1,-1,-1,1,-1,-1,-1,-1,1,1,-1,-1,1,-1,-1,1,-1,1,-1,-1,-1,-1,-1,1,1,1,-1,-1,-1,1,1,1,-1,-1,-1,1,-1,-1,1,-1,1,-1,-1,1,1,1,-1,-1,-1,-1,1,-1,1,1,-1,1,-1,-1,1,1,-1,-1,-1,-1,-1,-1,1,1,-1,-1,1,-1,1,1,-1,-1,-1,1,-1,1,1,-1,-1,1,-1,-1,1,1,1,-1,1,-1,1,1,1,-1,-1,1,-1,-1,1,1,1,-1,1,-1,-1,1,1,-1,1,1,-1,-1,1,1,-1,1,1,-1,-1,1,1,-1,1,1,-1,-1,1,1,1,1,1,1,-1,-1,1,-1,1,1,-1,-1,1,-1,1,1,1,1,-1,-1,1,-1,1,1,1,-1,1,1,1,1,-1,1,-1,1,1,1,1,1,1,1,-1,1,1,1,1,-1,1,-1,1,1,1,1,1,-1,1,1,1,1,-1,1,1,-1,1,1,-1,1,1,-1,-1,1,1,1,1,-1,1,-1,1,1,1,-1,-1,1,-1,1,1,1,-1,1,-1,-1,-1,1,1,-1,-1,1,-1,-1,1,1,-1,-1,1,-1,-1,1,1,1,-1,1,-1,-1,1,1,-1,-1,-1,1,-1,1,1,-1,1,1,-1,1,1,-1,-1,1,-1,-1,-1,1,1,-1,1,1,-1,1,1,-1,-1,-1,-1,1,-1,-1,-1,-1,1,-1,-1,1,1,-1,1,1,-1,1,1,1,1,-1,1,-1,1,1,1,-1,-1,1,-1,-1,-1,1,-1,-1,1,-1,1,1,1,-1,-1,1,-1,1,1,1,1,-1,1,-1,-1,1,1,1,-1,-1,1,-1,1,1,1,-1,1,-1,-1,1,-2670.0,1,2000,445,500,False
880,1,1,-1,-1,1,1,-1,-1,1,1,1,-1,1,1,1,1,-1,1,-1,-1,1,-1,1,1,1,-1,1,-1,1,1,1,1,-1,-1,-1,-1,1,1,1,1,-1,-1,-1,1,1,1,1,-1,1,1,1,1,-1,1,-1,-1,1,-1,1,1,1,-1,-1,-1,1,1,1,1,-1,-1,-1,1,1,1,1,-1,-1,-1,1,1,1,-1,-1,-1,1,1,1,1,-1,-1,-1,1,1,1,1,-1,-1,1,1,-1,1,1,-1,-1,1,1,1,1,1,-1,-1,1,1,1,1,1,-1,-1,1,1,1,1,1,1,-1,-1,1,1,-1,1,1,-1,1,1,1,1,1,1,-1,-1,1,1,1,1,1,-1,1,1,1,1,1,1,-1,-1,-1,1,1,1,1,-1,1,1,1,1,-1,1,-1,1,-1,1,1,1,-1,-1,1,1,1,1,1,-1,1,-1,-1,1,-1,1,-1,1,1,1,1,1,1,1,1,1,-1,1,-1,1,-1,1,1,-1,1,-1,1,1,-1,1,-1,1,-1,1,-1,1,1,-1,-1,-1,1,1,1,1,-1,-1,1,1,-1,-1,1,-1,1,-1,1,1,-1,1,-1,1,-1,1,-1,-1,1,-1,-1,-1,1,1,-1,1,-1,1,1,1,-1,1,1,-1,1,-1,1,-1,1,-1,1,-1,1,1,-1,1,-1,-1,-1,1,1,-1,1,-1,-1,-1,1,1,-1,-1,1,1,-1,-1,1,1,-1,1,1,-1,1,1,1,1,-1,1,-1,1,1,-1,1,-1,1,1,-1,1,1,1,1,1,-1,-1,1,-1,-1,-1,1,1,-1,1,1,1,-1,1,-1,-1,1,1,1,1,1,-1,1,1,1,-1,1,1,-1,1,1,1,-1,1,1,-1,-1,1,1,1,-1,1,-1,1,1,1,-1,1,1,-1,1,1,1,-1,1,-1,-1,1,1,1,-1,1,-1,-1,-1,1,1,-1,1,-1,-1,1,-1,1,-1,1,1,-1,-1,1,1,1,-1,1,-1,-1,1,1,-1,1,-1,-1,-1,-1,-1,-1,1,1,-1,-1,1,1,-1,1,-1,1,-1,1,1,1,1,-1,-1,1,1,1,-1,1,-1,-1,-1,-1,1,1,-1,1,-1,-1,1,-1,1,-1,-1,-1,-1,-1,-1,1,-1,1,-1,1,-1,1,1,-1,-1,-1,1,1,-1,1,-1,1,-1,-1,1,-1,1,-1,-1,-1,-1,1,-1,-1,1,1,-1,-1,1,-1,1,1,-1,1,-1,1,-1,1,-1,1,-1,1,1,-1,1,-1,-1,-1,1,1,-1,1,-1,1,-1,1,-1,1,1,-1,1,-1,1,-1,-1,1,-1,-1,-1,1,-1,1,-1,-1,1,-1,1,-1,-1,1,-1,-1,1,-1,1,-1,1,-1,1,-1,1,1,-1,1,-1,1,-1,1,-1,-1,1,-1,1,1,1,1,-1,-1,1,1,-1,1,1,-1,-1,1,1,1,1,1,1,-1,1,1,1,-1,-1,-1,1,-1,-1,-1,1,-1,1,1,-1,1,-1,1,-1,1,-1,-1,-1,1,1,-1,1,1,-1,-1,-1,1,-1,1,1,-1,1,-1,1,-1,-1,-1,-1,-1,-1,1,-1,-1,-1,-1,-1,-1,1,-1,1,1,1,1,-1,1,-1,1,1,-1,-1,-1,1,-1,-1,1,-1,1,-1,-1,1,1,1,1,-1,-1,1,1,1,1,-1,1,-1,-1,1,1,1,-1,-1,-1,1,1,1,1,-1,-1,-1,1,-1,1,-1,1,1,-1,-1,1,1,1,-1,-1,-1,1,1,1,1,1,-1,-1,-1,1,1,1,1,-1,-1,-1,1,-1,1,-1,-1,-1,-1,1,1,1,1,-1,-1,1,1,1,1,1,-1,-1,-1,1,1,-1,1,-1,-1,-1,1,1,1,1,-1,-1,1,1,1,1,1,-1,1,1,-1,1,1,-1,-1,-1,1,1,1,1,1,-1,1,1,1,1,1,1,-1,-1,1,-1,1,-1,-1,-1,-1,1,-1,1,1,-1,-1,-1,1,-1,1,1,-1,-1,-1,1,1,1,-1,1,-1,-1,1,-1,1,-1,-1,-1,-1,1,1,-1,-1,-1,-1,-1,1,-1,1,-1,-1,-1,-1,-1,-1,-1,1,-1,-1,-1,1,-1,-1,1,-1,-1,-1,-1,-1,1,1,-1,-1,-1,-1,-1,1,-1,-1,-1,1,-1,-1,1,-1,1,-1,-1,-1,-1,-1,-1,-1,1,-1,-1,-1,1,1,-1,-1,-1,-1,1,-1,-1,-1,-1,1,-1,-1,1,-1,1,-1,-1,-1,-1,1,-1,1,1,-1,1,-1,-1,1,1,-1,-1,-1,-1,-1,-1,1,1,-1,-1,1,-1,1,1,-1,-1,-1,1,-1,-1,1,-1,-1,1,-1,-1,1,1,1,-1,1,-1,1,1,1,-1,-1,1,-1,-1,1,1,1,-1,1,-1,-1,1,1,-1,1,1,-1,-1,1,1,-1,1,1,-1,-1,1,1,-1,1,1,-1,-1,1,1,1,1,-1,1,-1,1,1,1,1,1,-1,-1,1,-1,1,1,1,1,-1,-1,1,-1,1,1,1,-1,1,1,1,1,-1,1,-1,1,1,1,1,1,1,1,-1,-1,1,1,1,-1,1,-1,1,1,1,1,1,-1,1,1,1,1,-1,1,1,-1,1,1,-1,1,1,-1,-1,-1,1,1,1,-1,1,-1,1,1,1,-1,-1,1,-1,1,1,1,-1,1,-1,-1,-1,1,1,-1,-1,1,-1,-1,1,1,-1,-1,1,-1,1,-1,1,1,-1,-1,-1,-1,1,1,-1,-1,-1,1,1,-1,1,-1,1,1,-1,1,1,-1,-1,1,1,-1,-1,1,1,-1,1,1,1,1,1,-1,-1,-1,-1,1,-1,-1,-1,-1,-1,1,1,1,1,-1,1,1,-1,1,1,1,1,-1,1,-1,1,1,1,1,-1,1,-1,1,1,1,1,-1,1,-1,1,1,1,1,-1,1,-1,1,1,-1,-1,-1,1,-1,1,1,1,-1,-1,-1,1,-1,1,-1,1,-1,1,-1,1,1,-2670.0,1,2000,445,500,False
881,1,1,-1,-1,1,-1,-1,-1,1,1,1,-1,1,1,1,1,-1,1,-1,-1,-1,-1,1,1,1,-1,-1,-1,1,1,1,1,1,-1,-1,-1,1,-1,1,1,-1,-1,-1,1,1,1,-1,-1,1,1,1,1,-1,1,-1,-1,1,-1,1,1,-1,-1,-1,-1,1,1,1,-1,-1,-1,-1,1,1,1,1,-1,-1,-1,1,1,1,-1,-1,-1,1,1,1,1,-1,-1,-1,1,1,1,1,-1,-1,1,1,-1,1,1,-1,-1,1,1,1,1,1,-1,-1,-1,1,1,1,1,-1,-1,1,1,1,1,1,1,-1,-1,1,1,-1,1,1,-1,1,1,1,1,1,1,-1,1,1,1,1,1,1,-1,1,1,1,1,1,1,-1,-1,-1,1,1,1,1,-1,1,1,1,1,-1,1,-1,1,-1,1,1,1,-1,-1,1,1,1,1,1,-1,1,-1,-1,1,-1,1,-1,1,1,1,1,1,1,-1,1,1,-1,1,-1,1,1,-1,1,-1,1,-1,1,-1,-1,1,-1,1,-1,1,-1,1,1,-1,1,-1,1,1,1,1,-1,-1,1,1,-1,-1,1,-1,1,-1,1,1,-1,1,-1,1,-1,1,-1,1,1,-1,-1,-1,1,-1,1,1,-1,1,1,1,1,1,1,-1,-1,-1,-1,1,1,-1,1,-1,1,-1,1,1,-1,-1,-1,1,1,1,1,-1,-1,-1,1,1,-1,1,1,1,-1,-1,1,1,1,1,1,-1,1,1,-1,1,-1,1,-1,1,1,1,1,-1,1,1,-1,1,1,1,1,1,-1,-1,1,-1,1,-1,1,1,-1,1,1,1,-1,1,-1,-1,1,1,1,-1,1,-1,1,1,1,-1,-1,1,-1,1,1,-1,-1,1,1,-1,-1,1,1,1,-1,1,-1,1,1,1,-1,1,1,-1,1,1,1,-1,1,-1,-1,1,1,1,-1,1,-1,-1,-1,1,1,-1,1,-1,-1,1,-1,1,-1,1,1,-1,-1,1,1,1,1,1,-1,-1,1,1,-1,1,-1,1,-1,-1,-1,-1,1,1,-1,-1,1,1,-1,1,1,-1,-1,1,1,1,1,1,-1,1,1,1,-1,1,-1,-1,-1,-1,1,1,1,1,-1,-1,1,1,1,1,-1,-1,-1,-1,-1,1,-1,-1,-1,1,-1,1,1,1,1,-1,1,1,-1,1,-1,1,-1,-1,1,-1,1,1,1,-1,1,1,-1,-1,1,1,-1,-1,1,-1,1,1,1,-1,-1,1,-1,-1,1,1,-1,1,1,-1,1,1,1,-1,1,1,-1,1,-1,-1,-1,1,-1,-1,1,-1,-1,-1,1,-1,-1,1,-1,1,-1,1,-1,-1,1,-1,-1,-1,1,-1,-1,1,-1,-1,-1,1,1,-1,1,1,-1,-1,1,1,-1,-1,-1,1,-1,1,-1,-1,1,-1,-1,1,1,1,-1,-1,1,-1,1,-1,1,-1,-1,1,-1,-1,1,1,1,-1,1,-1,1,-1,-1,1,1,-1,-1,-1,1,-1,-1,-1,1,1,-1,1,-1,1,-1,1,-1,1,1,-1,1,1,1,-1,-1,1,-1,1,-1,1,1,-1,1,-1,-1,1,1,-1,-1,1,-1,-1,-1,1,-1,-1,1,-1,1,1,1,1,-1,1,-1,-1,1,1,-1,-1,1,-1,-1,-1,1,1,-1,-1,1,1,-1,-1,-1,-1,1,1,1,1,1,1,-1,-1,1,1,1,-1,-1,-1,1,1,1,1,-1,-1,-1,1,-1,1,-1,1,1,-1,-1,1,1,1,-1,-1,-1,1,1,1,1,1,-1,-1,-1,1,1,1,-1,-1,-1,-1,1,1,1,1,-1,-1,1,1,1,1,1,-1,-1,-1,1,1,1,1,-1,-1,-1,1,1,-1,1,-1,-1,-1,1,1,1,1,-1,-1,1,1,1,1,1,-1,1,1,-1,1,1,-1,-1,-1,1,1,1,1,1,-1,1,1,1,1,1,1,-1,-1,1,-1,1,-1,1,-1,-1,1,-1,1,-1,-1,-1,-1,1,-1,1,1,-1,1,-1,1,1,1,-1,1,1,-1,1,-1,1,-1,-1,-1,-1,1,1,-1,-1,-1,-1,-1,1,-1,1,-1,-1,-1,-1,-1,-1,-1,1,-1,-1,-1,1,-1,-1,1,-1,-1,-1,-1,-1,-1,1,-1,-1,-1,-1,-1,1,-1,-1,-1,1,-1,-1,1,-1,1,-1,-1,-1,-1,-1,-1,-1,1,-1,-1,-1,1,1,-1,-1,-1,-1,1,-1,-1,-1,-1,1,-1,-1,1,-1,1,-1,-1,1,-1,1,-1,1,1,-1,1,-1,-1,1,1,-1,-1,-1,-1,-1,-1,1,1,-1,-1,1,-1,1,1,-1,-1,-1,1,-1,1,1,-1,-1,1,1,-1,1,1,1,-1,1,-1,1,1,1,-1,-1,1,-1,-1,1,1,1,1,-1,1,-1,1,1,1,-1,1,-1,-1,1,1,1,1,-1,1,-1,1,1,1,1,1,-1,-1,1,1,1,1,1,-1,-1,-1,1,1,1,-1,-1,-1,1,-1,1,1,1,-1,-1,-1,1,-1,1,1,-1,-1,1,1,1,1,1,-1,1,1,1,1,1,1,-1,1,-1,1,1,1,1,-1,1,-1,1,1,1,-1,1,-1,1,1,1,1,-1,-1,1,-1,1,1,-1,1,1,-1,-1,1,1,1,1,-1,1,-1,1,1,1,-1,-1,1,-1,1,1,1,-1,1,-1,-1,-1,1,1,-1,-1,1,-1,-1,1,1,1,-1,1,-1,-1,1,1,1,-1,1,-1,-1,1,1,-1,-1,1,1,-1,-1,1,-1,1,1,-1,1,1,-1,-1,1,-1,-1,-1,1,1,-1,1,1,-1,1,1,-1,-1,-1,-1,1,-1,-1,-1,-1,1,-1,-1,1,1,-1,1,1,-1,1,1,1,1,-1,1,-1,1,1,1,-1,-1,1,-1,-1,1,1,-1,-1,1,-1,1,1,1,-1,-1,1,-1,1,1,1,1,-1,1,-1,-1,1,1,-1,-1,-1,1,-1,1,-1,1,-1,1,-1,-1,1,-2670.0,1,2000,445,500,False
882,1,1,-1,-1,1,1,-1,-1,1,1,1,-1,-1,1,1,1,-1,1,-1,-1,-1,-1,1,1,1,-1,-1,-1,1,1,1,1,-1,-1,-1,-1,1,-1,1,1,-1,-1,-1,1,1,1,1,-1,1,1,1,1,-1,1,-1,-1,1,-1,1,1,1,-1,-1,-1,1,1,1,1,-1,-1,-1,1,1,1,1,-1,-1,-1,1,1,1,-1,-1,-1,1,1,1,1,-1,-1,-1,1,1,1,1,-1,-1,1,1,-1,1,1,-1,-1,1,1,1,1,1,-1,-1,1,1,1,1,1,-1,-1,1,1,1,1,1,1,-1,-1,1,1,-1,1,1,-1,1,1,1,1,1,1,-1,-1,1,1,1,1,1,-1,1,1,1,1,1,1,-1,-1,-1,1,1,1,1,-1,1,1,1,1,-1,1,-1,1,-1,1,1,1,-1,-1,1,1,1,1,1,-1,1,-1,-1,1,-1,1,-1,1,1,1,1,1,1,1,1,1,1,1,-1,1,-1,1,1,-1,1,-1,1,1,-1,1,-1,1,-1,1,-1,1,1,-1,1,-1,1,1,1,1,-1,-1,1,1,-1,-1,1,-1,1,-1,-1,1,-1,1,-1,1,-1,1,-1,-1,1,-1,-1,-1,1,1,-1,1,-1,1,1,1,-1,1,1,-1,-1,-1,1,-1,1,-1,1,-1,1,1,-1,1,-1,-1,-1,1,1,-1,1,-1,-1,-1,1,1,-1,-1,1,1,-1,-1,1,1,-1,1,1,-1,1,1,1,1,-1,1,-1,1,1,-1,1,-1,1,1,1,1,1,1,1,1,-1,-1,1,-1,-1,-1,1,1,-1,1,1,1,-1,1,1,1,1,1,1,-1,1,-1,1,1,1,-1,-1,1,-1,1,1,1,-1,1,1,-1,-1,1,1,1,-1,1,-1,1,1,1,-1,1,1,-1,1,1,1,-1,1,1,-1,1,1,1,-1,1,1,-1,-1,1,1,-1,1,1,-1,1,-1,1,-1,1,1,1,-1,1,1,1,1,1,1,-1,1,1,-1,1,1,1,-1,-1,-1,-1,1,1,1,-1,1,1,-1,1,1,-1,-1,1,1,1,1,1,-1,1,1,1,-1,1,1,1,-1,-1,1,1,1,-1,1,-1,1,1,1,1,1,1,-1,-1,-1,1,-1,-1,1,1,-1,1,1,1,1,1,1,1,-1,1,-1,-1,1,-1,1,-1,1,1,-1,1,1,1,-1,-1,1,-1,1,1,1,-1,1,1,1,-1,1,1,-1,-1,1,-1,1,1,1,-1,1,1,1,1,1,1,-1,1,-1,1,1,1,-1,-1,1,-1,-1,1,1,-1,-1,1,-1,1,1,1,-1,-1,1,1,-1,1,1,-1,-1,1,-1,1,1,1,1,-1,1,1,-1,-1,1,1,-1,-1,-1,1,-1,1,-1,-1,1,-1,-1,1,-1,1,-1,-1,1,-1,1,-1,1,1,-1,1,-1,-1,1,1,1,-1,1,-1,1,-1,1,1,1,-1,-1,-1,1,-1,-1,1,1,1,-1,1,-1,1,1,1,-1,1,1,-1,1,-1,1,-1,-1,1,-1,-1,1,1,1,-1,1,-1,-1,1,1,-1,-1,1,-1,-1,1,1,-1,-1,1,-1,-1,-1,1,1,-1,1,-1,-1,-1,1,-1,-1,1,-1,1,-1,1,1,-1,-1,1,-1,-1,-1,-1,-1,1,1,1,-1,1,1,-1,-1,1,-1,-1,-1,-1,-1,1,1,-1,-1,-1,-1,-1,1,1,-1,1,1,-1,-1,-1,1,1,-1,-1,-1,-1,1,1,-1,-1,1,-1,-1,-1,1,1,-1,-1,-1,-1,-1,1,-1,-1,1,-1,-1,1,1,1,-1,1,-1,-1,-1,1,1,-1,-1,-1,-1,-1,1,1,1,-1,-1,-1,-1,1,1,-1,-1,-1,-1,1,1,1,1,-1,-1,1,1,1,1,1,-1,-1,-1,1,1,1,-1,1,-1,1,1,1,1,-1,1,-1,-1,1,-1,1,-1,1,-1,-1,1,-1,1,-1,-1,-1,-1,1,-1,1,-1,1,1,-1,1,-1,1,-1,1,1,-1,1,-1,1,-1,-1,-1,-1,1,1,-1,-1,-1,-1,-1,1,-1,1,-1,-1,-1,-1,-1,-1,-1,1,-1,-1,-1,1,-1,-1,1,-1,-1,-1,-1,-1,1,1,-1,-1,-1,-1,-1,1,-1,-1,-1,1,-1,-1,1,-1,1,-1,-1,-1,-1,-1,-1,-1,1,-1,-1,-1,1,1,-1,-1,-1,1,-1,-1,-1,-1,-1,1,-1,-1,1,1,1,-1,-1,-1,-1,1,-1,1,1,-1,1,-1,-1,1,1,-1,-1,-1,-1,-1,-1,1,1,-1,-1,1,-1,1,1,-1,-1,-1,1,-1,1,1,-1,-1,1,-1,-1,1,1,1,-1,1,-1,1,1,1,-1,-1,1,-1,-1,1,1,1,-1,1,-1,-1,1,1,-1,1,1,-1,-1,1,1,-1,1,1,-1,-1,1,1,-1,1,1,-1,-1,1,1,1,1,-1,1,-1,-1,1,1,1,1,-1,-1,1,-1,1,1,1,1,-1,-1,1,-1,1,1,1,-1,1,1,1,1,-1,1,-1,1,1,1,1,1,1,1,-1,1,1,1,1,-1,1,-1,1,1,1,1,1,-1,1,1,1,1,-1,1,1,-1,1,1,-1,1,1,-1,-1,1,1,1,1,-1,1,-1,1,1,1,-1,-1,1,-1,1,1,1,-1,1,-1,-1,-1,1,1,-1,-1,1,-1,-1,1,1,-1,-1,1,-1,-1,1,1,1,-1,1,-1,-1,1,1,-1,-1,-1,1,-1,1,1,-1,1,1,-1,1,1,-1,-1,1,-1,-1,-1,1,1,-1,1,1,-1,1,1,-1,-1,1,-1,1,-1,-1,-1,-1,1,-1,-1,1,1,-1,1,1,-1,1,1,1,1,-1,1,-1,1,1,1,1,-1,1,-1,-1,1,1,1,-1,1,-1,1,1,1,1,-1,1,-1,1,1,1,-1,-1,1,-1,-1,1,1,-1,-1,-1,1,-1,1,1,1,-1,1,-1,-1,1,-2670.0,1,2000,445,500,False
883,1,1,-1,-1,1,1,-1,-1,1,1,1,-1,1,1,1,1,-1,1,-1,-1,1,-1,1,1,1,-1,1,-1,1,1,1,1,1,-1,-1,-1,1,1,1,1,-1,-1,-1,1,1,1,1,-1,1,1,1,1,-1,1,-1,-1,1,-1,1,1,1,-1,-1,-1,1,1,1,1,-1,-1,-1,1,1,1,1,-1,-1,-1,1,1,1,-1,-1,-1,1,1,1,1,-1,-1,-1,1,1,1,1,-1,-1,1,1,-1,1,1,-1,-1,1,1,1,1,1,-1,-1,1,1,1,1,1,-1,-1,1,1,1,1,1,1,-1,1,1,1,-1,1,1,-1,1,1,1,1,1,1,-1,-1,1,1,1,1,1,-1,1,1,1,1,1,1,-1,-1,-1,1,1,1,1,-1,1,1,1,1,-1,1,-1,1,-1,1,1,1,-1,-1,1,1,1,1,1,-1,1,-1,-1,1,-1,1,-1,1,1,1,1,1,1,1,1,1,-1,1,-1,1,-1,1,1,-1,1,-1,1,1,-1,1,-1,1,-1,1,-1,1,1,-1,-1,-1,1,1,1,1,-1,-1,1,1,-1,-1,1,-1,1,-1,1,1,-1,1,-1,1,-1,1,-1,1,1,-1,-1,-1,1,1,-1,1,-1,1,1,1,-1,1,1,-1,-1,-1,1,-1,1,-1,1,-1,1,1,-1,1,-1,-1,-1,1,1,-1,1,-1,-1,-1,1,1,-1,-1,1,1,-1,-1,1,1,-1,1,1,-1,1,1,1,1,-1,1,-1,1,1,-1,1,-1,1,-1,1,1,1,1,1,1,-1,-1,1,-1,-1,1,1,1,-1,1,1,1,-1,1,1,1,1,1,1,1,1,-1,1,1,1,-1,-1,1,-1,1,1,1,-1,1,1,-1,-1,1,1,1,-1,1,-1,1,1,1,-1,1,1,-1,1,1,1,-1,1,1,-1,1,1,1,-1,1,1,-1,-1,1,1,-1,1,1,-1,1,-1,1,-1,1,1,1,-1,1,1,1,-1,1,1,-1,1,1,-1,1,1,1,-1,-1,-1,-1,1,1,1,-1,1,1,-1,1,1,-1,-1,1,1,1,1,1,-1,1,1,1,-1,1,1,1,-1,-1,1,1,1,-1,1,-1,1,-1,1,1,1,1,-1,-1,-1,1,-1,-1,1,1,-1,1,1,1,1,1,1,1,-1,1,-1,-1,1,-1,1,-1,1,-1,1,1,1,1,-1,-1,1,-1,1,1,1,-1,1,1,1,-1,1,1,-1,1,-1,-1,1,1,1,-1,1,-1,1,1,1,1,-1,1,-1,-1,1,1,-1,1,1,-1,-1,1,1,-1,-1,1,-1,1,1,1,-1,1,-1,-1,-1,1,1,-1,-1,1,-1,1,1,1,1,-1,1,-1,-1,-1,1,1,-1,-1,-1,1,-1,1,-1,-1,1,-1,-1,1,-1,1,-1,-1,1,-1,1,-1,1,-1,-1,1,-1,-1,1,1,1,-1,1,-1,1,-1,1,1,1,-1,-1,-1,1,-1,-1,1,1,1,-1,1,-1,1,1,1,-1,1,1,-1,-1,-1,1,-1,-1,1,-1,-1,1,1,1,-1,1,-1,-1,1,1,-1,-1,1,-1,-1,1,1,-1,-1,1,-1,-1,-1,1,1,-1,1,1,-1,-1,1,-1,-1,1,-1,1,-1,1,1,-1,-1,1,-1,-1,-1,-1,-1,1,1,1,-1,1,1,-1,-1,1,-1,-1,-1,-1,-1,1,1,-1,-1,-1,-1,-1,1,1,-1,1,1,1,-1,-1,1,1,-1,-1,-1,-1,1,1,-1,-1,1,-1,-1,-1,1,1,-1,-1,-1,-1,-1,1,-1,-1,1,-1,-1,-1,1,1,-1,1,-1,-1,1,1,1,-1,-1,-1,-1,-1,1,1,1,-1,-1,-1,-1,1,1,-1,-1,-1,-1,1,1,1,1,-1,-1,1,1,1,1,1,-1,-1,-1,1,1,1,-1,1,-1,1,1,1,1,-1,1,-1,-1,1,-1,1,-1,1,-1,-1,1,-1,1,-1,-1,-1,-1,1,-1,1,-1,1,-1,-1,1,-1,1,-1,1,-1,-1,1,-1,1,-1,-1,-1,-1,1,1,-1,-1,-1,-1,-1,1,-1,1,-1,-1,-1,-1,-1,-1,-1,1,-1,-1,-1,1,-1,-1,1,-1,-1,-1,-1,-1,1,1,-1,-1,-1,-1,-1,1,-1,-1,-1,1,-1,-1,1,-1,1,-1,-1,-1,-1,-1,-1,-1,1,-1,-1,-1,1,1,-1,-1,-1,-1,1,-1,-1,-1,-1,1,-1,-1,1,1,1,-1,-1,-1,-1,1,-1,1,1,-1,1,-1,-1,1,1,-1,-1,-1,-1,-1,-1,1,1,-1,-1,1,-1,1,1,-1,-1,-1,1,-1,-1,1,-1,-1,1,-1,-1,1,1,1,-1,1,-1,1,1,1,-1,-1,1,-1,-1,1,-1,1,-1,1,-1,-1,1,1,-1,1,1,-1,-1,1,1,1,1,1,-1,-1,1,1,1,1,1,-1,-1,1,1,1,1,1,1,-1,1,1,1,1,1,-1,-1,1,-1,1,1,1,1,-1,-1,1,-1,1,1,1,-1,1,1,1,1,-1,1,-1,1,1,1,1,1,1,1,-1,-1,1,1,1,-1,1,-1,1,1,1,1,1,-1,1,1,1,1,-1,1,1,-1,1,1,-1,1,1,-1,-1,1,1,1,1,-1,1,-1,1,1,1,-1,-1,1,-1,1,1,1,-1,1,-1,-1,-1,1,1,-1,-1,1,-1,-1,1,1,1,-1,1,-1,1,-1,1,1,-1,1,-1,-1,1,1,-1,-1,-1,1,1,-1,1,-1,1,1,-1,1,1,-1,-1,1,-1,-1,-1,1,1,-1,1,-1,1,1,1,-1,-1,-1,-1,1,-1,-1,-1,-1,1,-1,1,1,1,-1,1,1,-1,1,1,1,1,-1,1,-1,1,1,1,1,-1,1,-1,1,1,1,1,-1,1,-1,1,1,1,1,-1,1,-1,1,1,-1,-1,-1,1,-1,-1,1,1,-1,-1,-1,1,-1,1,-1,1,-1,1,-1,-1,1,-2670.0,1,2000,445,500,False
884,1,1,-1,-1,1,1,-1,-1,1,1,1,-1,1,1,1,1,-1,1,-1,-1,-1,-1,1,1,1,-1,1,-1,1,1,1,1,-1,-1,-1,-1,1,-1,1,1,-1,-1,-1,1,1,1,1,-1,1,1,1,1,-1,1,-1,-1,1,-1,1,1,1,-1,-1,-1,1,1,1,1,-1,-1,-1,1,1,1,1,-1,-1,-1,1,1,1,-1,-1,-1,1,1,1,1,-1,-1,-1,1,1,1,1,-1,-1,1,1,-1,1,1,-1,-1,1,1,1,1,1,-1,-1,-1,1,1,1,1,-1,-1,1,1,1,1,1,1,-1,-1,1,1,-1,1,1,-1,1,1,1,1,1,1,-1,1,1,1,1,1,1,-1,1,1,1,1,1,1,-1,-1,-1,1,1,1,1,-1,1,1,1,1,-1,1,-1,1,-1,1,1,1,-1,-1,1,1,1,1,1,-1,1,-1,-1,1,-1,1,-1,1,1,1,1,1,1,1,1,1,-1,1,-1,1,-1,1,1,-1,1,-1,1,1,-1,1,-1,1,-1,1,-1,1,1,-1,-1,-1,1,1,1,1,-1,-1,1,1,-1,-1,1,-1,1,-1,1,1,-1,1,-1,1,-1,1,-1,1,1,-1,-1,-1,1,1,-1,1,-1,1,1,1,-1,1,1,-1,-1,-1,1,-1,1,-1,1,-1,1,1,-1,1,-1,-1,-1,1,1,-1,1,-1,-1,-1,1,1,-1,-1,1,1,-1,-1,1,1,-1,1,1,-1,1,1,1,1,-1,1,-1,1,1,-1,1,-1,1,-1,1,1,1,1,1,1,-1,-1,1,-1,-1,-1,1,1,-1,1,1,1,-1,1,1,1,1,1,1,-1,1,-1,1,1,1,-1,-1,1,-1,1,1,1,-1,1,1,-1,-1,1,1,1,-1,1,-1,1,1,1,-1,1,1,-1,1,1,1,-1,1,1,-1,1,1,1,-1,1,1,-1,-1,1,1,-1,1,1,-1,1,-1,1,-1,1,1,1,-1,1,1,1,-1,1,1,-1,1,1,-1,1,1,1,-1,-1,-1,-1,1,1,1,-1,1,1,-1,1,1,-1,-1,1,1,1,1,1,-1,1,1,1,-1,1,1,1,-1,-1,1,1,1,-1,1,-1,1,1,1,1,1,1,-1,-1,-1,1,-1,-1,1,1,-1,1,1,1,1,1,1,1,-1,1,-1,-1,1,-1,1,-1,1,1,-1,1,1,1,-1,-1,1,-1,1,1,1,-1,1,1,1,-1,1,1,-1,-1,1,-1,1,1,1,-1,1,1,1,1,1,1,-1,1,-1,-1,1,1,-1,-1,1,-1,-1,1,1,-1,-1,1,-1,1,1,1,-1,-1,1,-1,-1,1,1,-1,-1,1,-1,1,1,1,1,-1,1,1,-1,-1,1,1,-1,-1,1,1,-1,1,-1,-1,1,1,-1,1,-1,1,-1,-1,1,-1,1,-1,1,1,-1,1,-1,-1,1,1,1,-1,1,-1,1,-1,-1,-1,1,-1,-1,-1,1,-1,-1,1,1,1,-1,1,-1,1,1,1,-1,1,1,-1,1,-1,1,-1,-1,1,-1,-1,1,1,1,-1,1,-1,-1,1,1,-1,-1,1,-1,-1,1,1,-1,-1,1,-1,-1,-1,1,1,-1,1,1,-1,-1,1,-1,-1,1,-1,1,-1,1,1,-1,-1,1,-1,-1,-1,-1,-1,1,1,1,-1,1,1,-1,-1,1,-1,-1,-1,-1,-1,1,1,-1,-1,-1,-1,-1,1,1,-1,1,1,1,-1,-1,1,1,-1,-1,-1,-1,1,1,-1,-1,1,-1,-1,-1,1,1,-1,-1,-1,-1,-1,1,-1,-1,1,-1,-1,-1,1,1,-1,1,-1,-1,1,1,1,-1,-1,-1,-1,-1,1,1,1,-1,-1,-1,-1,1,1,-1,-1,-1,-1,1,1,1,1,-1,-1,1,1,1,1,1,-1,-1,-1,1,1,1,-1,1,-1,1,1,1,1,-1,1,-1,-1,1,-1,1,-1,1,-1,-1,1,-1,1,-1,-1,-1,-1,1,-1,1,-1,1,1,-1,1,-1,1,-1,1,1,-1,1,-1,1,-1,-1,-1,-1,1,1,-1,-1,-1,-1,-1,1,-1,1,-1,-1,-1,-1,-1,-1,-1,1,-1,-1,-1,1,-1,-1,1,-1,-1,-1,-1,-1,-1,1,-1,-1,-1,-1,-1,1,-1,-1,-1,1,-1,-1,1,-1,1,-1,-1,-1,-1,-1,-1,-1,1,-1,-1,-1,1,1,-1,-1,-1,-1,1,-1,-1,-1,-1,1,-1,-1,1,-1,1,-1,-1,-1,-1,1,-1,1,1,-1,1,-1,-1,1,1,-1,-1,-1,-1,-1,-1,1,1,-1,-1,1,-1,1,1,-1,-1,-1,1,-1,1,1,-1,-1,1,-1,-1,1,1,1,-1,1,-1,1,1,1,-1,-1,1,-1,-1,1,1,1,-1,1,-1,-1,1,1,-1,1,1,-1,-1,1,1,1,1,1,-1,-1,1,1,-1,1,1,-1,-1,1,1,1,1,1,1,-1,-1,1,1,1,1,-1,-1,1,-1,1,1,1,1,-1,-1,1,-1,1,1,1,-1,1,1,1,1,-1,1,-1,1,1,1,1,1,1,1,-1,1,1,1,1,-1,1,-1,1,1,1,1,1,-1,1,1,1,1,-1,1,1,-1,1,1,-1,1,1,-1,-1,1,1,1,1,-1,1,-1,1,1,1,-1,-1,1,-1,1,1,1,-1,1,-1,-1,-1,1,1,-1,-1,1,-1,-1,1,1,-1,-1,1,-1,-1,-1,1,1,-1,1,-1,-1,1,1,-1,-1,-1,1,-1,-1,1,-1,1,1,-1,1,1,-1,-1,1,1,-1,-1,1,1,-1,1,1,-1,1,1,-1,-1,1,-1,1,-1,-1,-1,-1,1,-1,-1,1,1,-1,1,1,-1,1,1,1,1,-1,1,-1,1,1,1,-1,-1,1,-1,-1,-1,1,-1,-1,1,-1,1,1,1,-1,-1,1,-1,1,1,1,1,-1,1,-1,-1,1,1,-1,-1,-1,1,-1,1,1,1,-1,1,-1,-1,1,-2670.0,1,2000,445,500,False
885,1,1,-1,-1,1,-1,-1,-1,1,1,1,-1,1,1,1,1,-1,1,-1,-1,-1,-1,1,1,1,-1,-1,-1,1,1,1,1,1,-1,-1,-1,1,1,1,1,-1,-1,-1,1,1,1,1,-1,1,1,1,1,-1,1,-1,-1,1,-1,1,1,-1,-1,-1,-1,1,1,1,1,-1,1,-1,1,1,1,1,-1,-1,-1,1,1,1,-1,-1,-1,1,1,1,1,-1,1,-1,1,1,1,1,-1,-1,1,1,-1,1,1,-1,-1,1,1,1,1,1,-1,-1,1,1,-1,1,1,-1,-1,1,1,1,1,1,1,-1,1,1,1,-1,1,1,-1,1,1,1,1,1,1,-1,-1,1,1,1,1,1,-1,1,1,1,1,1,1,-1,-1,-1,1,1,1,1,-1,1,1,1,1,-1,1,-1,1,-1,1,1,1,-1,-1,1,1,1,1,1,-1,1,-1,-1,1,-1,1,-1,1,1,1,1,1,1,1,1,1,-1,1,-1,1,-1,1,1,-1,1,-1,1,1,-1,1,-1,1,-1,1,-1,1,1,-1,-1,-1,1,1,1,1,-1,-1,1,1,-1,-1,1,-1,1,-1,1,1,-1,1,-1,1,-1,1,-1,1,1,-1,-1,-1,1,1,-1,1,-1,1,1,1,-1,1,1,-1,-1,-1,1,-1,1,-1,1,-1,1,1,-1,1,-1,-1,-1,1,1,-1,1,-1,-1,-1,1,1,-1,-1,1,1,-1,-1,1,1,-1,1,1,-1,1,1,1,1,-1,1,-1,1,1,-1,1,-1,1,1,1,1,1,1,1,1,-1,-1,1,-1,-1,-1,1,1,-1,1,1,1,-1,1,1,1,1,1,1,-1,1,-1,1,1,1,-1,-1,1,-1,1,1,1,-1,1,1,-1,-1,1,1,1,-1,1,-1,1,1,1,-1,1,1,-1,1,1,1,-1,1,1,-1,1,1,1,-1,1,1,-1,-1,1,1,-1,1,1,-1,1,-1,1,-1,1,-1,1,-1,1,1,1,1,-1,1,-1,1,1,-1,1,1,1,-1,-1,-1,-1,1,1,1,-1,1,1,-1,1,1,-1,-1,1,1,1,1,1,-1,1,1,1,-1,1,1,1,-1,-1,1,1,1,-1,1,-1,1,1,1,1,1,1,-1,-1,-1,1,-1,1,1,-1,1,-1,1,1,1,1,1,1,-1,1,-1,-1,1,-1,1,-1,1,1,-1,1,1,1,-1,-1,1,-1,1,1,-1,-1,1,1,1,-1,1,1,-1,-1,1,-1,1,1,-1,-1,1,1,1,1,-1,1,-1,1,-1,1,1,-1,-1,-1,1,-1,1,1,-1,-1,-1,1,-1,1,1,1,-1,-1,1,-1,-1,1,-1,-1,-1,1,-1,1,1,-1,1,-1,1,-1,-1,1,-1,-1,-1,-1,-1,-1,1,-1,-1,-1,1,-1,-1,1,-1,-1,-1,-1,1,-1,1,-1,-1,-1,-1,1,-1,-1,1,1,1,-1,1,-1,1,-1,1,-1,1,-1,-1,-1,1,-1,1,1,1,1,-1,1,-1,-1,1,1,-1,1,1,-1,1,-1,1,-1,-1,1,-1,-1,1,1,1,-1,1,-1,-1,1,1,-1,-1,1,-1,-1,1,1,-1,-1,1,-1,-1,-1,1,1,-1,1,-1,-1,-1,1,-1,-1,1,-1,1,1,1,1,-1,-1,1,-1,-1,-1,-1,-1,1,1,1,-1,-1,1,-1,-1,1,-1,-1,1,-1,-1,1,1,-1,-1,1,1,-1,1,1,-1,1,-1,1,-1,-1,1,1,-1,-1,-1,-1,1,1,-1,-1,1,-1,-1,-1,1,1,-1,-1,-1,-1,-1,1,-1,-1,-1,-1,-1,-1,1,1,-1,-1,-1,-1,1,1,1,-1,-1,-1,-1,-1,1,1,1,-1,-1,-1,-1,1,1,-1,-1,-1,-1,1,1,1,1,1,-1,1,1,1,1,1,1,-1,-1,1,1,1,1,1,-1,1,1,1,1,-1,1,-1,-1,1,-1,1,-1,1,-1,-1,1,-1,1,1,1,-1,-1,1,-1,1,-1,1,-1,-1,1,-1,1,1,1,-1,-1,1,-1,1,1,1,-1,-1,1,1,-1,1,1,-1,-1,1,-1,1,-1,1,-1,-1,-1,-1,-1,1,1,-1,-1,1,-1,-1,1,1,-1,-1,-1,-1,1,-1,1,-1,-1,-1,-1,1,-1,-1,-1,1,-1,-1,1,-1,1,-1,-1,-1,-1,-1,-1,1,1,-1,-1,-1,1,1,1,-1,-1,-1,1,-1,-1,1,-1,1,-1,-1,1,1,1,-1,-1,-1,-1,1,-1,1,1,-1,1,-1,-1,1,1,-1,-1,-1,-1,-1,-1,1,1,-1,-1,1,-1,1,1,-1,-1,-1,1,-1,1,1,-1,-1,1,-1,-1,1,1,1,-1,1,-1,1,1,1,-1,-1,1,-1,-1,1,1,1,-1,1,-1,-1,1,1,-1,1,1,-1,-1,1,1,1,1,1,-1,-1,1,1,1,1,1,-1,-1,1,1,1,1,1,1,-1,-1,1,1,1,1,-1,-1,1,-1,1,1,1,1,-1,-1,1,-1,1,1,1,-1,1,1,1,1,-1,1,-1,1,1,1,1,1,1,1,-1,1,1,1,1,-1,1,-1,1,1,1,1,1,-1,1,1,1,1,-1,1,1,-1,1,1,-1,1,1,-1,-1,1,1,1,1,-1,1,-1,1,1,1,-1,-1,1,-1,1,1,1,-1,1,-1,-1,-1,1,1,-1,-1,1,-1,-1,1,1,-1,-1,1,-1,-1,1,1,1,-1,1,-1,-1,1,1,-1,-1,-1,1,-1,-1,1,-1,1,1,-1,1,1,-1,-1,1,-1,-1,-1,-1,1,-1,1,1,-1,1,1,-1,-1,-1,-1,1,-1,-1,-1,-1,1,-1,-1,1,1,-1,1,1,-1,1,1,1,1,-1,1,-1,1,1,1,1,-1,1,-1,-1,1,1,1,-1,1,-1,1,1,1,1,-1,1,-1,1,1,1,-1,-1,1,-1,-1,1,1,-1,-1,-1,1,-1,1,-1,1,-1,1,-1,-1,1,-2670.0,1,2000,445,500,False
886,1,1,-1,-1,1,1,-1,-1,1,1,1,-1,1,1,1,1,-1,1,-1,-1,-1,-1,1,1,1,-1,-1,-1,1,1,1,1,1,-1,-1,-1,1,1,1,-1,-1,-1,-1,1,1,1,1,-1,1,1,1,1,-1,1,-1,-1,1,-1,1,1,1,-1,-1,-1,1,1,1,1,-1,-1,-1,1,1,1,1,-1,-1,-1,1,1,1,-1,-1,-1,1,1,1,1,-1,-1,1,1,1,1,1,-1,-1,-1,1,-1,1,1,-1,-1,1,1,1,1,1,-1,-1,-1,1,1,1,1,-1,-1,1,1,1,1,1,1,-1,-1,1,1,-1,1,1,-1,1,1,1,1,1,1,-1,1,1,1,1,1,1,-1,1,1,1,1,1,1,-1,-1,-1,1,1,1,1,-1,1,1,1,1,-1,1,-1,1,-1,1,1,1,-1,-1,1,1,1,1,1,-1,1,-1,-1,1,-1,1,-1,1,1,1,1,1,1,1,1,1,1,1,-1,1,-1,1,1,-1,1,-1,1,1,-1,1,-1,1,-1,1,-1,1,1,-1,1,-1,1,1,1,1,-1,-1,1,1,-1,-1,1,-1,1,-1,-1,1,-1,1,-1,1,-1,1,-1,1,1,-1,-1,-1,1,1,-1,1,-1,1,1,1,-1,1,-1,-1,1,-1,1,-1,1,1,1,-1,1,1,-1,1,-1,-1,-1,1,1,-1,1,-1,-1,-1,1,1,-1,-1,1,1,-1,-1,1,1,-1,1,1,-1,1,1,1,1,-1,1,-1,1,1,-1,1,-1,1,1,-1,1,1,1,1,1,-1,-1,1,-1,-1,1,1,1,-1,1,1,1,-1,1,-1,-1,1,1,1,-1,1,-1,1,1,1,-1,1,1,-1,1,1,1,-1,1,1,-1,-1,1,1,1,-1,1,-1,1,1,1,-1,1,1,-1,1,1,1,-1,1,-1,-1,1,1,1,-1,1,-1,-1,-1,1,1,-1,1,-1,-1,1,-1,1,-1,1,1,-1,-1,1,1,1,1,1,-1,-1,1,1,-1,1,-1,-1,-1,-1,-1,-1,1,1,-1,-1,1,1,-1,1,-1,1,-1,1,1,1,1,-1,-1,1,1,1,-1,1,-1,-1,-1,-1,1,1,1,1,-1,-1,1,1,1,1,-1,-1,1,-1,-1,1,-1,1,-1,-1,1,-1,1,1,-1,-1,1,1,-1,1,-1,1,-1,-1,1,-1,1,1,-1,-1,-1,1,-1,-1,1,1,-1,-1,1,-1,1,1,-1,1,-1,1,-1,-1,1,1,-1,-1,1,-1,1,1,-1,-1,1,1,-1,1,-1,1,-1,1,-1,-1,1,-1,1,-1,1,-1,-1,1,-1,-1,-1,1,-1,-1,1,-1,1,-1,1,-1,-1,1,-1,-1,1,-1,1,-1,1,1,1,-1,1,1,-1,-1,-1,1,-1,1,-1,-1,1,-1,1,1,1,1,-1,-1,1,1,-1,1,1,-1,-1,1,1,1,-1,1,1,-1,1,1,1,1,1,-1,1,-1,-1,-1,1,-1,-1,1,1,1,-1,1,-1,1,-1,-1,-1,1,1,-1,1,1,-1,-1,-1,1,-1,1,1,-1,1,-1,1,-1,-1,-1,-1,-1,-1,1,-1,-1,-1,-1,-1,-1,1,-1,1,1,1,1,-1,1,-1,1,1,-1,-1,-1,1,-1,-1,1,-1,1,-1,-1,1,1,1,1,-1,-1,1,1,1,1,-1,1,-1,-1,1,1,1,-1,-1,-1,1,1,1,1,-1,-1,-1,1,-1,1,-1,1,1,-1,-1,1,1,1,-1,-1,-1,-1,1,1,1,1,-1,-1,-1,1,1,1,1,-1,-1,-1,1,-1,1,-1,-1,-1,1,1,1,1,1,-1,-1,-1,1,1,1,1,-1,-1,-1,1,1,-1,1,-1,-1,-1,1,1,1,1,-1,-1,1,1,1,1,-1,-1,1,1,-1,1,1,-1,-1,-1,1,1,1,1,1,-1,1,1,1,1,1,-1,-1,-1,1,-1,1,-1,-1,-1,-1,1,-1,1,1,1,-1,-1,1,-1,1,1,-1,-1,-1,1,1,1,1,-1,-1,-1,1,-1,1,1,-1,-1,-1,1,1,-1,-1,-1,-1,-1,1,-1,1,-1,-1,-1,-1,-1,-1,-1,1,-1,-1,-1,1,-1,-1,1,-1,-1,-1,-1,-1,1,1,-1,-1,-1,-1,-1,1,-1,-1,-1,1,-1,-1,1,-1,1,-1,-1,-1,-1,-1,-1,-1,1,-1,-1,-1,1,1,-1,-1,-1,1,1,-1,-1,-1,-1,1,-1,-1,1,1,1,-1,-1,-1,-1,1,-1,1,1,-1,1,-1,-1,1,1,-1,-1,-1,-1,-1,-1,1,1,-1,-1,1,-1,1,1,-1,-1,-1,1,-1,1,1,-1,-1,1,-1,-1,1,1,1,-1,1,-1,1,1,1,-1,-1,1,-1,-1,1,1,1,-1,1,-1,-1,1,1,-1,1,1,-1,-1,1,1,1,1,1,-1,-1,1,1,-1,1,1,-1,-1,1,1,1,1,1,1,-1,-1,1,1,1,1,-1,-1,1,-1,1,1,1,1,-1,-1,1,-1,1,1,1,-1,1,1,1,1,-1,1,-1,1,1,1,1,1,1,1,-1,1,1,1,1,-1,1,-1,1,1,1,1,1,-1,1,1,1,1,-1,1,1,-1,1,1,-1,1,1,-1,-1,1,1,1,1,-1,1,-1,1,1,1,-1,-1,1,-1,1,1,1,-1,1,-1,-1,-1,1,1,-1,-1,1,-1,-1,1,1,-1,-1,1,-1,-1,1,1,1,-1,1,-1,-1,1,1,-1,-1,-1,1,-1,1,1,-1,1,1,-1,1,1,-1,-1,1,-1,-1,-1,1,1,-1,1,1,-1,1,1,-1,-1,-1,-1,1,-1,-1,-1,-1,1,-1,-1,1,1,-1,1,1,-1,1,1,1,1,-1,1,-1,1,1,1,-1,-1,1,-1,-1,1,1,-1,1,1,-1,1,1,1,-1,-1,1,-1,1,1,1,1,-1,1,-1,-1,1,1,1,-1,1,1,-1,1,-1,1,-1,1,-1,-1,1,-2670.0,1,2000,445,500,False
887,1,1,-1,-1,1,-1,-1,-1,1,1,1,-1,1,1,1,1,-1,1,-1,-1,-1,-1,1,1,1,-1,-1,-1,1,1,1,1,-1,-1,-1,-1,1,-1,1,1,-1,-1,-1,1,1,1,1,-1,1,1,1,1,-1,1,-1,-1,1,-1,1,1,1,-1,-1,-1,1,1,1,1,-1,-1,-1,1,1,1,1,-1,-1,-1,1,1,1,-1,-1,-1,1,1,1,1,-1,-1,-1,1,1,1,1,-1,-1,1,1,-1,1,1,-1,-1,1,1,1,1,1,-1,-1,1,1,1,1,1,-1,-1,1,1,1,1,1,1,-1,-1,1,1,-1,1,1,-1,1,1,1,1,1,1,-1,-1,1,1,1,1,1,-1,1,1,1,1,1,1,-1,-1,-1,1,1,1,1,-1,1,1,1,1,-1,1,-1,1,-1,1,1,1,-1,-1,1,1,1,1,1,-1,1,-1,-1,1,-1,1,-1,1,1,1,1,1,1,1,1,1,-1,1,-1,1,-1,1,1,-1,1,-1,1,1,-1,1,-1,1,-1,1,1,1,1,-1,1,-1,1,-1,-1,1,-1,-1,1,1,-1,-1,1,-1,1,-1,1,-1,-1,1,-1,1,-1,1,-1,1,1,-1,1,-1,1,-1,-1,1,-1,1,1,1,-1,1,1,-1,-1,-1,1,-1,1,-1,1,-1,1,1,-1,1,-1,-1,-1,1,1,-1,1,-1,-1,-1,1,1,1,-1,1,1,-1,-1,1,1,-1,1,1,-1,1,1,1,1,-1,1,-1,1,1,1,-1,-1,1,1,-1,1,-1,1,1,1,-1,-1,1,-1,-1,-1,1,1,-1,1,1,1,-1,1,-1,-1,1,1,1,1,1,-1,1,1,1,-1,1,1,-1,1,1,1,-1,1,1,-1,-1,1,1,1,-1,1,-1,1,1,1,-1,1,1,-1,1,1,1,-1,1,-1,-1,1,1,1,-1,1,-1,-1,-1,1,1,-1,1,-1,-1,1,-1,1,-1,1,1,-1,-1,1,1,1,-1,1,-1,-1,1,1,-1,1,-1,-1,-1,-1,-1,-1,1,1,-1,-1,1,1,-1,1,-1,-1,-1,1,1,1,1,-1,-1,1,1,1,-1,1,-1,-1,-1,-1,1,1,-1,1,-1,-1,1,-1,1,-1,-1,-1,1,-1,-1,1,-1,1,-1,-1,1,-1,1,-1,-1,-1,1,1,-1,1,-1,1,-1,-1,1,-1,1,-1,-1,-1,-1,1,-1,-1,1,1,-1,-1,1,-1,1,1,-1,1,-1,1,-1,1,-1,1,-1,-1,1,-1,1,-1,-1,-1,1,1,-1,1,-1,1,-1,1,-1,1,1,-1,1,-1,1,-1,-1,1,-1,-1,-1,1,-1,1,-1,1,1,-1,1,-1,-1,1,-1,-1,1,-1,1,-1,1,-1,1,-1,1,1,-1,-1,-1,1,-1,1,-1,-1,1,-1,1,1,1,1,-1,-1,1,1,-1,1,1,-1,-1,1,1,1,-1,1,1,-1,1,1,1,1,1,-1,1,-1,-1,-1,1,-1,-1,1,-1,1,-1,1,-1,1,-1,-1,-1,1,1,-1,1,1,-1,-1,-1,1,-1,1,1,-1,1,-1,1,-1,-1,-1,-1,-1,-1,1,-1,-1,-1,-1,-1,-1,1,-1,1,1,1,1,-1,1,-1,1,1,-1,-1,-1,1,-1,-1,1,-1,1,-1,-1,1,1,1,1,-1,-1,1,1,1,1,-1,1,-1,-1,1,1,1,-1,-1,-1,-1,1,1,1,-1,-1,-1,1,-1,1,-1,1,-1,-1,-1,1,1,1,-1,-1,-1,1,1,1,1,1,-1,-1,-1,1,1,1,1,-1,-1,-1,1,1,1,-1,-1,-1,1,1,1,1,1,-1,-1,-1,1,1,1,1,-1,-1,-1,1,1,-1,1,-1,-1,-1,1,1,1,1,-1,-1,1,1,1,1,-1,-1,1,1,-1,1,1,-1,-1,-1,1,1,1,1,1,-1,1,1,1,1,1,-1,-1,-1,1,-1,1,-1,-1,-1,-1,1,-1,1,1,-1,-1,-1,1,-1,1,1,-1,1,-1,1,1,1,1,-1,1,-1,1,-1,1,1,-1,-1,-1,1,1,-1,-1,-1,-1,-1,1,-1,1,-1,-1,-1,-1,-1,-1,-1,1,-1,-1,-1,1,-1,-1,1,-1,-1,-1,-1,-1,1,1,-1,-1,-1,-1,-1,1,-1,-1,-1,1,-1,-1,1,-1,1,-1,-1,-1,-1,-1,-1,-1,1,-1,-1,-1,1,1,1,-1,-1,-1,1,-1,-1,-1,-1,1,-1,-1,1,1,1,-1,-1,1,-1,1,-1,1,1,-1,1,-1,-1,1,1,-1,-1,-1,-1,-1,-1,1,1,-1,-1,1,-1,1,1,-1,-1,-1,-1,-1,1,1,-1,-1,-1,1,-1,1,1,1,-1,-1,-1,1,1,1,-1,-1,1,-1,-1,1,1,1,-1,1,-1,-1,1,1,-1,1,-1,-1,-1,1,1,-1,1,1,1,-1,1,1,-1,1,1,1,-1,1,1,1,1,1,1,-1,1,1,1,-1,1,-1,-1,1,-1,1,1,1,1,-1,-1,1,-1,1,-1,1,-1,1,1,1,1,-1,1,-1,1,1,1,1,1,1,1,-1,-1,1,1,1,-1,1,-1,1,1,1,1,1,-1,1,1,1,1,-1,1,1,-1,1,1,-1,1,1,-1,-1,1,1,1,1,-1,1,-1,1,1,1,-1,-1,1,-1,1,1,1,-1,1,-1,-1,-1,1,1,-1,-1,1,-1,-1,1,1,-1,-1,1,-1,1,1,1,1,-1,1,-1,-1,1,1,-1,-1,-1,1,1,-1,1,-1,1,1,-1,1,1,-1,-1,1,1,-1,-1,1,1,-1,1,1,1,1,1,-1,-1,-1,-1,-1,-1,-1,-1,-1,-1,1,1,1,1,-1,1,1,-1,1,1,1,1,-1,1,-1,1,1,1,1,-1,1,-1,1,1,1,1,-1,1,-1,1,1,1,1,-1,1,-1,1,1,1,-1,-1,1,-1,1,1,1,-1,-1,-1,1,-1,1,1,1,-1,1,-1,1,1,-2670.0,1,2000,445,500,False
888,1,1,-1,-1,1,1,-1,-1,1,1,1,-1,1,1,1,1,-1,1,-1,-1,-1,-1,1,1,1,-1,-1,-1,1,1,1,1,-1,-1,-1,-1,1,1,1,1,-1,-1,-1,1,1,1,1,-1,1,1,1,1,-1,1,-1,-1,1,-1,1,1,1,-1,-1,-1,1,1,1,1,-1,-1,-1,1,1,1,1,-1,-1,-1,1,1,1,-1,-1,-1,1,1,1,1,-1,1,-1,1,1,1,1,-1,-1,1,1,-1,1,1,-1,-1,1,1,1,1,1,-1,-1,1,1,-1,1,1,-1,-1,1,1,1,1,1,1,-1,1,1,1,-1,1,1,-1,1,1,1,1,1,1,-1,-1,1,1,-1,1,1,-1,1,1,1,1,1,1,-1,-1,-1,1,-1,1,1,-1,1,1,1,1,-1,1,-1,1,-1,1,1,1,-1,-1,1,1,1,-1,1,-1,1,-1,-1,1,1,1,-1,1,1,1,1,-1,1,1,1,1,1,1,-1,1,-1,1,1,-1,1,-1,1,1,-1,1,-1,1,-1,1,-1,1,1,-1,-1,-1,1,1,1,1,-1,-1,1,1,-1,-1,1,-1,1,1,-1,1,-1,1,-1,1,-1,1,-1,-1,1,-1,-1,1,1,1,-1,1,-1,1,1,1,-1,1,1,-1,1,-1,1,-1,1,-1,1,-1,1,1,-1,1,-1,-1,-1,1,1,-1,1,-1,-1,-1,-1,1,-1,-1,1,1,-1,-1,1,1,-1,1,1,-1,1,1,1,1,-1,1,-1,1,1,-1,1,-1,1,1,-1,1,1,1,1,1,-1,-1,1,-1,-1,-1,1,1,-1,1,1,1,-1,1,-1,-1,1,1,1,1,1,-1,1,1,1,-1,1,1,-1,1,1,1,-1,1,1,-1,1,-1,1,1,-1,1,-1,1,1,1,-1,1,1,-1,1,1,1,-1,1,-1,-1,1,1,1,-1,1,-1,-1,1,1,1,-1,1,-1,-1,-1,-1,1,-1,1,1,-1,1,1,1,1,-1,1,-1,-1,-1,1,-1,1,-1,-1,1,-1,-1,-1,1,1,-1,1,-1,1,-1,1,-1,1,-1,1,1,1,1,-1,1,-1,1,1,-1,1,-1,-1,-1,-1,1,1,-1,1,-1,-1,1,-1,1,-1,-1,-1,1,-1,-1,1,-1,1,-1,1,-1,1,1,-1,-1,-1,1,1,-1,1,-1,1,-1,-1,1,-1,1,-1,-1,-1,-1,1,-1,-1,1,1,-1,-1,1,-1,1,1,-1,1,-1,1,-1,1,-1,1,-1,1,1,-1,1,-1,-1,-1,1,1,-1,1,-1,1,-1,1,-1,1,1,1,1,-1,1,-1,-1,1,-1,-1,-1,1,-1,1,-1,-1,1,-1,1,-1,-1,1,-1,-1,1,-1,1,-1,1,-1,1,-1,1,1,-1,-1,-1,1,-1,1,-1,-1,1,-1,1,1,1,1,-1,-1,1,1,-1,1,1,-1,-1,1,1,1,1,1,1,-1,1,1,1,-1,-1,1,1,-1,-1,-1,1,-1,1,1,1,1,-1,1,-1,1,-1,-1,-1,1,1,-1,1,1,-1,-1,-1,1,-1,1,1,-1,1,-1,1,-1,-1,-1,-1,-1,-1,1,-1,-1,-1,-1,-1,-1,1,-1,1,1,1,1,-1,1,-1,1,1,-1,-1,-1,1,-1,-1,1,-1,1,-1,-1,1,1,1,1,-1,-1,1,1,1,1,-1,1,-1,-1,1,1,1,-1,-1,-1,1,1,1,1,-1,1,-1,1,-1,1,-1,1,1,-1,-1,1,1,1,-1,-1,-1,-1,1,1,1,1,-1,-1,-1,1,1,1,1,-1,-1,-1,1,-1,1,-1,-1,1,-1,1,1,1,1,-1,1,-1,1,-1,1,1,-1,-1,-1,1,1,-1,1,-1,-1,-1,1,1,1,1,-1,-1,1,-1,1,-1,1,-1,1,1,-1,1,1,-1,-1,-1,1,1,-1,1,1,-1,1,1,1,-1,1,1,-1,-1,1,-1,1,-1,-1,-1,1,-1,1,-1,1,-1,-1,-1,-1,1,-1,1,-1,-1,-1,1,1,-1,-1,1,-1,1,-1,-1,-1,1,-1,-1,-1,1,1,1,-1,-1,-1,-1,1,-1,1,-1,-1,-1,-1,-1,-1,-1,1,-1,-1,-1,1,-1,-1,1,-1,-1,-1,-1,-1,1,1,-1,-1,-1,-1,-1,1,-1,-1,-1,1,-1,-1,1,-1,1,-1,-1,-1,-1,-1,-1,-1,1,-1,-1,-1,1,1,-1,-1,-1,1,-1,1,-1,-1,-1,1,-1,-1,1,1,1,-1,-1,-1,-1,1,-1,1,1,-1,1,-1,-1,1,1,-1,-1,-1,-1,-1,-1,1,1,-1,-1,1,-1,1,1,-1,-1,-1,1,-1,-1,1,-1,-1,1,-1,-1,1,1,1,-1,1,-1,1,1,1,-1,-1,1,-1,-1,1,1,1,-1,1,-1,-1,1,1,-1,1,1,-1,-1,1,1,-1,1,1,-1,-1,1,1,-1,1,1,-1,-1,1,1,1,1,-1,1,-1,1,1,1,1,1,-1,-1,1,-1,1,1,1,1,-1,-1,1,-1,1,1,1,-1,1,1,1,1,-1,1,-1,1,1,1,1,1,1,1,-1,-1,1,1,1,-1,1,-1,1,1,1,1,1,-1,1,1,1,1,-1,1,1,-1,1,1,-1,1,1,-1,-1,1,1,1,1,-1,1,-1,1,1,1,-1,-1,1,-1,1,1,1,-1,1,-1,-1,-1,1,1,-1,-1,1,-1,-1,1,1,-1,-1,1,-1,1,1,1,1,-1,1,-1,-1,1,1,-1,-1,-1,1,1,1,1,-1,1,1,-1,1,1,-1,-1,1,1,-1,-1,-1,1,-1,1,1,1,1,1,-1,-1,-1,-1,-1,-1,-1,-1,-1,-1,1,1,1,1,-1,1,1,-1,1,1,1,1,-1,1,-1,1,1,1,1,-1,1,-1,1,1,1,1,-1,1,-1,1,1,1,1,-1,1,-1,1,1,1,-1,-1,1,-1,1,1,1,-1,-1,-1,1,-1,1,-1,1,-1,1,-1,1,1,-2670.0,1,2000,445,500,False
889,1,1,-1,-1,1,1,-1,-1,1,1,1,-1,-1,1,1,1,-1,1,-1,-1,1,1,1,1,1,-1,1,-1,1,1,1,1,1,1,-1,-1,1,1,1,-1,-1,-1,1,1,1,1,1,-1,1,1,1,1,-1,1,-1,-1,1,-1,1,1,1,-1,1,1,1,1,1,1,-1,-1,1,1,1,1,1,-1,1,-1,1,1,1,-1,-1,1,1,1,1,1,-1,-1,-1,1,1,1,1,-1,1,1,1,-1,1,1,-1,-1,1,1,1,1,1,-1,-1,1,1,-1,1,1,-1,-1,1,1,1,1,1,1,-1,1,1,1,-1,1,1,-1,1,1,1,1,1,1,-1,1,1,1,1,1,1,-1,-1,1,1,1,1,1,-1,1,-1,1,1,1,1,-1,1,-1,1,1,-1,1,-1,1,-1,1,1,1,-1,-1,1,1,1,1,1,-1,1,-1,-1,1,-1,1,-1,1,1,1,1,1,1,1,1,1,-1,1,-1,1,-1,1,1,-1,1,-1,1,1,-1,1,-1,1,-1,1,-1,1,1,-1,1,-1,1,1,1,1,-1,-1,1,1,-1,-1,1,-1,1,-1,1,1,-1,1,-1,1,-1,1,-1,-1,1,-1,-1,-1,1,1,-1,1,-1,1,1,1,-1,1,1,-1,1,-1,1,-1,1,-1,1,-1,1,1,-1,1,-1,-1,-1,1,1,-1,1,-1,-1,-1,1,1,-1,-1,1,1,-1,-1,1,1,-1,1,1,-1,1,1,1,1,-1,1,-1,1,1,-1,1,-1,1,-1,1,1,1,1,1,1,-1,-1,1,-1,-1,1,1,1,-1,1,1,1,-1,1,1,1,1,1,1,-1,1,-1,1,1,1,-1,1,1,-1,1,1,1,-1,1,1,-1,-1,1,1,1,-1,1,-1,1,1,1,-1,1,1,-1,1,1,1,-1,1,1,-1,1,1,1,-1,1,1,-1,-1,1,1,-1,1,1,-1,1,-1,1,-1,1,1,1,-1,1,1,1,-1,1,1,-1,1,1,-1,1,1,1,-1,-1,-1,-1,1,1,1,-1,1,1,-1,1,1,-1,-1,1,1,1,1,1,-1,1,1,1,-1,1,1,1,1,-1,1,1,1,-1,1,-1,1,1,1,1,1,1,-1,-1,-1,1,-1,-1,1,-1,1,-1,1,1,1,1,1,1,-1,1,-1,-1,1,-1,1,-1,1,1,1,1,1,1,-1,-1,1,-1,1,1,-1,-1,1,1,1,-1,1,1,-1,-1,1,-1,1,1,-1,-1,1,1,1,1,-1,1,-1,1,-1,1,1,-1,-1,-1,1,-1,1,1,-1,-1,-1,1,-1,1,1,1,-1,-1,1,1,-1,1,-1,-1,-1,1,-1,1,1,-1,1,-1,1,-1,-1,1,-1,-1,-1,-1,-1,-1,1,-1,-1,-1,1,-1,-1,1,-1,-1,-1,-1,1,-1,1,-1,-1,-1,-1,1,-1,-1,1,1,1,-1,1,-1,1,-1,1,-1,1,-1,-1,1,1,-1,-1,-1,1,-1,1,1,-1,1,1,1,-1,1,1,-1,-1,-1,1,1,-1,1,-1,-1,1,1,-1,-1,1,-1,-1,1,1,1,-1,1,-1,-1,1,1,-1,-1,1,-1,-1,-1,1,1,-1,1,1,-1,-1,1,-1,-1,1,-1,1,-1,1,1,-1,-1,1,-1,-1,-1,-1,-1,1,1,1,-1,-1,1,-1,-1,1,-1,-1,1,-1,-1,1,1,-1,-1,1,1,-1,1,1,-1,1,-1,1,-1,-1,1,1,-1,-1,-1,-1,-1,1,-1,-1,1,-1,-1,-1,1,1,-1,-1,-1,-1,-1,1,-1,-1,-1,-1,-1,1,1,1,-1,-1,-1,-1,-1,1,1,-1,-1,-1,-1,-1,1,1,1,-1,-1,-1,-1,1,1,-1,-1,-1,-1,1,1,1,1,1,-1,1,1,1,1,1,1,-1,-1,1,1,1,1,1,-1,1,1,1,1,-1,1,-1,-1,1,-1,1,-1,1,-1,-1,1,-1,1,1,1,-1,-1,1,-1,1,-1,1,-1,-1,1,-1,1,1,1,-1,-1,1,-1,1,1,1,-1,-1,1,1,-1,1,1,-1,-1,1,-1,1,-1,1,-1,-1,-1,-1,-1,1,1,-1,-1,1,-1,-1,1,1,-1,-1,-1,-1,1,-1,1,-1,-1,-1,-1,1,-1,-1,-1,1,-1,-1,1,-1,1,-1,-1,-1,-1,-1,-1,1,1,-1,-1,-1,1,1,1,-1,-1,-1,1,-1,-1,1,-1,1,-1,-1,1,1,1,-1,-1,-1,-1,1,-1,1,1,-1,1,-1,-1,1,1,-1,-1,-1,-1,-1,-1,1,1,-1,-1,1,-1,1,1,-1,-1,-1,1,-1,1,1,-1,-1,1,-1,-1,1,1,1,-1,1,-1,1,1,1,-1,-1,1,-1,-1,1,1,1,-1,1,-1,-1,1,1,-1,1,1,-1,-1,1,1,1,1,1,-1,-1,1,1,-1,1,1,-1,-1,1,1,1,1,-1,1,-1,-1,1,1,1,1,-1,-1,1,-1,1,1,1,1,-1,-1,1,-1,1,1,1,-1,1,1,1,1,-1,1,-1,1,1,1,1,1,1,1,-1,1,1,1,1,-1,1,-1,1,1,1,1,1,-1,1,1,1,1,-1,1,1,-1,1,1,-1,1,1,-1,-1,1,1,1,1,-1,1,-1,1,1,1,-1,-1,1,-1,1,-1,1,-1,1,-1,-1,-1,1,1,-1,-1,1,-1,-1,1,-1,1,-1,1,-1,-1,-1,1,1,-1,1,-1,-1,1,1,-1,-1,-1,1,-1,1,-1,-1,1,1,-1,1,1,-1,-1,1,-1,-1,-1,-1,1,-1,1,1,-1,1,-1,1,-1,-1,-1,1,-1,-1,-1,-1,1,-1,-1,1,1,-1,1,1,-1,1,1,-1,-1,-1,1,-1,1,1,1,1,-1,1,-1,-1,1,1,-1,-1,1,-1,1,1,1,-1,-1,1,-1,1,1,-1,-1,-1,1,-1,-1,1,1,-1,-1,-1,1,-1,1,-1,1,-1,1,-1,-1,1,-2670.0,1,2000,445,500,False
890,1,1,-1,-1,1,-1,-1,-1,1,1,1,-1,1,1,1,1,-1,1,-1,-1,1,-1,1,1,1,-1,1,-1,1,1,1,1,-1,-1,-1,-1,1,1,1,1,-1,-1,-1,1,1,1,1,-1,1,1,1,1,-1,1,-1,-1,1,-1,1,1,1,-1,-1,-1,1,1,1,1,-1,1,-1,1,1,1,1,-1,-1,-1,1,1,1,-1,-1,-1,1,1,1,1,-1,1,-1,1,1,1,1,-1,-1,1,1,-1,1,1,-1,-1,1,1,1,1,1,-1,-1,1,1,1,1,1,-1,-1,1,1,1,1,1,1,-1,1,1,1,-1,1,1,-1,1,1,1,1,1,1,-1,-1,1,1,1,1,1,-1,1,1,1,1,1,1,-1,-1,-1,1,1,1,1,-1,1,1,1,1,-1,1,-1,1,-1,1,1,1,-1,-1,1,1,1,1,1,-1,1,-1,-1,1,-1,1,-1,1,1,1,1,1,1,1,1,1,-1,1,-1,1,-1,1,1,-1,1,-1,1,1,-1,1,-1,1,-1,1,-1,1,1,-1,1,-1,1,1,1,1,-1,-1,1,1,-1,-1,1,-1,1,-1,-1,1,-1,1,-1,1,-1,1,-1,1,1,-1,-1,-1,1,1,-1,1,-1,1,1,1,-1,1,1,-1,1,-1,1,-1,1,-1,1,-1,1,1,-1,1,-1,-1,-1,1,1,-1,1,-1,-1,-1,1,1,-1,-1,1,1,-1,-1,1,1,-1,1,1,-1,1,1,1,1,-1,1,-1,1,1,-1,1,-1,1,1,1,1,1,-1,-1,1,-1,-1,1,-1,-1,1,1,1,-1,1,1,1,-1,1,1,1,1,1,1,1,1,-1,1,1,1,1,-1,1,-1,1,1,1,-1,1,1,-1,-1,1,1,1,-1,1,-1,1,1,1,-1,1,1,-1,1,1,1,-1,1,1,-1,1,1,1,1,1,1,-1,-1,1,1,-1,1,1,-1,1,-1,1,-1,1,1,1,-1,1,1,1,-1,1,1,-1,1,1,-1,1,1,1,-1,-1,-1,-1,1,1,1,-1,1,1,-1,1,1,-1,-1,1,1,1,1,1,-1,1,1,1,-1,1,1,1,-1,-1,1,1,1,-1,1,-1,1,1,1,1,1,1,-1,-1,-1,1,-1,-1,1,1,-1,1,1,-1,1,1,1,1,-1,1,-1,-1,1,-1,1,-1,1,1,-1,1,1,1,-1,-1,1,-1,1,1,1,-1,1,1,1,-1,1,1,-1,-1,1,-1,1,1,1,-1,1,1,1,1,1,1,-1,1,-1,1,1,1,-1,-1,1,-1,-1,1,1,-1,-1,1,-1,1,1,1,-1,-1,1,-1,-1,1,1,-1,-1,1,-1,1,1,1,1,-1,1,-1,-1,-1,1,1,-1,-1,-1,1,-1,1,-1,-1,1,-1,-1,1,-1,1,-1,-1,1,-1,1,-1,1,-1,-1,1,-1,-1,1,1,1,-1,1,-1,1,-1,1,1,1,-1,-1,-1,1,-1,-1,1,1,1,-1,1,-1,1,1,1,-1,1,1,-1,1,-1,1,-1,-1,1,-1,-1,1,1,1,-1,1,-1,-1,1,1,-1,-1,1,-1,-1,1,1,-1,-1,1,-1,-1,-1,1,1,-1,1,1,-1,-1,1,-1,-1,1,-1,1,-1,1,1,-1,-1,1,-1,-1,-1,-1,-1,1,1,1,-1,1,1,-1,-1,1,-1,-1,-1,-1,-1,1,1,-1,-1,-1,-1,-1,1,1,-1,1,1,-1,-1,-1,1,1,-1,-1,-1,-1,1,1,-1,-1,1,-1,-1,-1,1,1,-1,-1,-1,-1,-1,1,-1,-1,1,-1,-1,1,1,1,-1,1,-1,-1,-1,1,1,-1,-1,-1,-1,-1,1,1,1,-1,-1,-1,-1,1,1,-1,-1,-1,-1,1,1,1,1,-1,-1,1,1,1,1,1,-1,-1,-1,1,1,1,1,1,-1,1,1,1,1,-1,1,-1,-1,1,-1,1,-1,1,-1,-1,1,-1,1,-1,-1,-1,-1,1,-1,1,-1,1,-1,-1,1,-1,1,-1,1,-1,-1,1,-1,1,-1,-1,-1,-1,1,1,-1,-1,-1,-1,-1,1,-1,1,-1,-1,-1,-1,-1,-1,-1,1,-1,-1,-1,1,-1,-1,1,-1,-1,-1,-1,-1,1,1,-1,-1,-1,-1,-1,1,-1,-1,-1,1,-1,-1,1,-1,1,-1,-1,-1,-1,-1,-1,-1,1,-1,-1,-1,1,1,-1,-1,-1,1,1,-1,-1,-1,-1,1,-1,-1,1,1,1,-1,-1,-1,-1,1,-1,1,1,-1,1,-1,-1,1,1,-1,-1,-1,-1,-1,-1,1,1,-1,-1,1,-1,1,1,-1,-1,-1,1,-1,1,1,-1,-1,1,-1,-1,1,1,1,-1,1,-1,1,1,1,-1,-1,1,-1,-1,1,1,1,-1,1,-1,-1,1,1,-1,1,1,-1,-1,1,1,-1,1,1,-1,-1,1,1,-1,1,1,-1,-1,1,1,1,1,1,1,-1,-1,1,1,-1,1,-1,-1,1,-1,1,1,1,1,-1,-1,1,-1,1,1,1,-1,1,1,1,1,-1,1,-1,1,1,1,1,1,1,1,-1,1,1,1,1,-1,1,-1,1,1,1,1,1,-1,1,1,1,1,-1,-1,1,-1,1,1,-1,1,1,-1,-1,1,1,1,-1,1,1,-1,1,1,1,-1,-1,1,-1,1,1,1,-1,1,-1,-1,-1,1,1,-1,-1,1,-1,-1,1,1,-1,-1,1,-1,-1,1,1,1,1,-1,-1,-1,1,1,-1,-1,-1,1,-1,-1,1,-1,1,1,-1,1,1,-1,-1,1,1,-1,-1,-1,1,-1,1,1,-1,1,1,-1,-1,1,-1,1,-1,-1,-1,-1,1,-1,-1,1,1,-1,1,1,-1,1,1,1,1,-1,1,-1,1,1,1,1,-1,1,-1,1,1,1,1,-1,1,-1,-1,1,1,1,-1,1,-1,1,1,-1,-1,-1,1,-1,-1,1,1,-1,-1,-1,1,-1,1,-1,1,-1,1,-1,-1,1,-2670.0,1,2000,445,500,False
891,1,1,-1,-1,1,1,-1,-1,1,1,1,-1,-1,1,1,1,-1,1,-1,-1,-1,-1,1,1,1,-1,-1,-1,1,1,1,1,-1,-1,-1,-1,1,1,1,1,-1,-1,-1,1,1,1,1,-1,1,1,1,1,-1,1,-1,-1,1,-1,1,1,1,-1,-1,-1,1,1,1,1,-1,-1,-1,1,1,1,1,-1,-1,-1,1,1,1,-1,-1,-1,1,1,1,1,-1,-1,1,1,1,1,1,-1,-1,-1,1,-1,1,1,-1,-1,1,1,1,1,1,-1,-1,-1,1,-1,1,1,-1,-1,1,1,1,1,1,1,-1,-1,1,1,-1,1,1,-1,1,1,1,1,1,1,-1,1,1,1,1,1,1,-1,1,1,1,1,1,1,-1,-1,-1,1,1,1,1,-1,1,1,1,1,-1,1,-1,1,-1,1,1,1,-1,-1,1,1,1,1,1,-1,1,-1,-1,1,-1,1,-1,1,1,1,1,1,1,1,1,1,-1,1,-1,1,-1,1,1,-1,1,-1,1,1,-1,1,-1,1,-1,1,-1,1,1,-1,1,-1,1,1,1,1,-1,-1,1,1,-1,-1,1,-1,1,-1,1,1,-1,1,-1,1,-1,1,-1,1,1,-1,-1,-1,1,1,-1,1,-1,1,1,1,-1,1,1,-1,1,-1,1,-1,1,-1,1,-1,1,1,-1,1,-1,-1,-1,1,1,-1,1,-1,-1,-1,1,1,-1,-1,1,1,-1,-1,1,1,-1,1,1,-1,1,1,1,1,-1,1,-1,1,1,-1,1,-1,1,1,-1,1,1,1,1,1,-1,-1,1,-1,-1,1,1,1,-1,1,1,1,-1,1,-1,-1,1,1,1,1,1,-1,1,1,1,-1,-1,1,-1,1,1,1,-1,1,1,-1,-1,1,1,1,-1,1,-1,1,1,1,-1,1,1,-1,1,1,1,-1,1,-1,-1,1,1,1,-1,1,-1,-1,-1,1,1,-1,1,-1,-1,1,-1,1,-1,1,1,-1,-1,1,1,1,1,1,-1,-1,1,1,-1,1,-1,-1,-1,-1,-1,-1,1,1,-1,-1,1,1,-1,1,-1,1,-1,1,1,1,1,-1,-1,1,1,1,-1,1,-1,-1,-1,-1,1,1,1,1,-1,-1,1,1,1,1,-1,-1,1,-1,-1,1,-1,1,-1,-1,1,-1,1,1,-1,-1,1,1,-1,1,-1,1,-1,-1,1,-1,1,1,-1,-1,-1,1,-1,-1,1,1,-1,-1,1,-1,1,1,-1,1,-1,1,-1,-1,1,1,-1,-1,1,-1,1,1,-1,-1,1,1,-1,1,-1,1,-1,1,-1,-1,1,-1,1,-1,1,-1,-1,1,-1,-1,-1,1,-1,-1,1,-1,1,-1,1,-1,-1,1,-1,-1,1,-1,1,-1,1,1,1,-1,1,1,-1,-1,1,1,-1,1,-1,-1,1,1,1,1,1,1,-1,-1,1,1,-1,1,1,-1,-1,1,1,1,-1,1,1,-1,1,1,1,1,-1,-1,1,-1,-1,-1,1,-1,1,1,1,1,-1,1,-1,1,-1,-1,-1,1,1,-1,1,1,-1,-1,-1,1,-1,1,1,-1,1,-1,1,-1,-1,-1,-1,-1,-1,1,-1,-1,-1,-1,-1,-1,1,-1,1,1,1,1,-1,1,-1,1,1,-1,-1,-1,1,-1,-1,1,-1,1,-1,-1,1,1,1,1,-1,-1,1,1,1,1,-1,1,-1,-1,1,1,1,-1,-1,-1,1,1,1,1,-1,1,-1,1,-1,1,-1,1,1,-1,-1,1,1,1,-1,-1,-1,-1,1,1,1,1,-1,-1,-1,1,1,1,1,-1,-1,-1,1,-1,1,-1,-1,-1,1,1,1,1,1,-1,-1,-1,1,1,1,1,-1,-1,-1,1,1,-1,1,-1,-1,-1,1,1,1,1,-1,-1,1,1,1,1,-1,-1,1,1,-1,1,1,-1,-1,-1,1,1,1,1,1,-1,1,1,1,1,1,-1,-1,-1,1,-1,1,-1,-1,-1,-1,1,-1,1,1,-1,-1,-1,1,-1,1,1,-1,-1,-1,1,1,1,1,-1,-1,-1,1,-1,1,1,-1,-1,-1,1,1,-1,-1,-1,-1,-1,1,-1,1,-1,-1,-1,-1,-1,-1,-1,1,-1,-1,-1,1,-1,-1,1,-1,-1,-1,-1,-1,1,1,-1,-1,-1,-1,-1,1,-1,-1,-1,1,-1,-1,1,-1,1,-1,-1,-1,-1,-1,-1,-1,1,-1,-1,-1,1,1,1,-1,-1,-1,1,-1,-1,-1,-1,1,-1,-1,1,1,1,-1,-1,-1,-1,1,-1,1,1,-1,1,-1,-1,1,1,-1,-1,-1,-1,-1,-1,1,1,-1,-1,1,-1,1,1,-1,-1,-1,1,-1,1,1,-1,-1,1,-1,-1,1,1,1,-1,1,-1,1,1,1,-1,-1,1,-1,-1,1,1,1,-1,1,-1,-1,1,1,-1,1,1,-1,-1,1,1,-1,1,1,-1,-1,1,1,-1,1,1,-1,-1,1,1,1,1,1,1,-1,-1,1,1,-1,1,-1,-1,1,-1,1,1,1,1,-1,-1,1,-1,1,1,1,-1,1,1,1,1,-1,1,-1,1,1,1,1,1,1,1,-1,1,1,1,1,-1,1,-1,1,1,1,1,1,-1,1,1,1,1,-1,1,1,-1,1,1,-1,1,1,-1,-1,1,1,1,1,-1,1,-1,1,1,1,-1,-1,1,-1,1,1,1,-1,1,-1,-1,-1,1,1,-1,-1,1,-1,-1,1,1,1,-1,1,-1,-1,1,1,1,-1,1,-1,-1,1,1,-1,-1,-1,1,-1,1,1,-1,1,1,-1,1,1,-1,-1,1,-1,-1,-1,1,1,-1,1,1,-1,1,1,-1,-1,-1,-1,1,-1,-1,-1,-1,1,-1,-1,1,1,-1,1,1,-1,1,1,1,1,-1,1,-1,1,1,1,-1,-1,1,-1,-1,-1,1,-1,-1,1,-1,1,1,1,-1,-1,1,-1,1,1,1,1,-1,1,-1,-1,1,1,1,-1,-1,1,-1,1,1,1,-1,1,-1,-1,1,-2670.0,1,2000,445,500,False
892,1,1,-1,-1,1,-1,-1,-1,1,1,1,-1,1,1,1,1,-1,1,-1,-1,1,-1,1,1,1,-1,1,-1,1,1,1,1,1,-1,-1,-1,1,-1,1,1,-1,-1,-1,1,1,1,1,-1,1,1,1,1,-1,1,-1,-1,1,-1,1,1,1,-1,-1,-1,1,1,1,1,-1,-1,-1,1,1,1,1,-1,-1,-1,1,1,1,-1,-1,-1,1,1,1,1,-1,-1,-1,1,1,1,1,-1,-1,1,1,-1,1,1,-1,-1,1,1,1,1,1,-1,-1,1,1,1,1,1,-1,-1,1,1,1,1,1,1,-1,-1,1,1,-1,1,1,-1,1,1,1,1,1,1,-1,-1,1,1,1,1,1,-1,1,1,1,1,1,1,-1,-1,-1,1,1,1,1,-1,1,1,1,1,-1,1,-1,1,-1,1,1,1,-1,-1,1,1,1,1,1,-1,1,-1,-1,1,-1,1,-1,1,1,1,1,1,1,1,1,1,-1,1,-1,1,-1,1,1,-1,1,-1,1,1,-1,1,-1,1,-1,1,-1,1,1,-1,1,-1,1,1,1,1,-1,-1,1,1,-1,-1,1,-1,1,-1,-1,1,-1,1,-1,1,-1,1,-1,1,1,-1,-1,-1,1,1,-1,1,-1,1,1,1,-1,1,1,-1,-1,-1,1,-1,1,-1,1,-1,1,1,-1,1,-1,-1,-1,1,1,-1,1,-1,-1,-1,1,1,-1,-1,1,1,-1,-1,1,1,-1,1,1,-1,1,1,1,1,-1,1,-1,1,1,-1,1,-1,1,1,-1,1,1,1,1,1,-1,-1,1,-1,-1,-1,1,1,-1,1,1,1,-1,1,-1,-1,1,1,1,1,1,-1,1,1,1,-1,1,1,-1,1,1,1,-1,1,1,-1,-1,1,1,1,-1,1,-1,1,1,1,-1,1,1,-1,1,1,1,-1,1,-1,-1,1,1,1,-1,1,-1,-1,-1,1,1,-1,1,-1,-1,1,-1,1,-1,1,1,-1,-1,1,1,1,1,1,-1,-1,1,1,-1,1,-1,-1,-1,-1,-1,-1,1,-1,-1,-1,1,1,-1,1,-1,1,-1,1,1,1,1,-1,-1,1,1,1,-1,1,-1,-1,-1,-1,1,1,1,1,-1,-1,1,1,1,1,-1,-1,1,-1,-1,1,-1,1,-1,-1,1,-1,1,1,-1,-1,1,1,-1,1,-1,1,-1,-1,1,-1,1,1,-1,-1,-1,1,-1,-1,1,1,-1,-1,1,-1,1,1,-1,1,-1,1,-1,-1,1,1,-1,-1,1,-1,1,1,-1,-1,1,1,-1,1,-1,1,-1,1,-1,-1,1,-1,1,-1,1,-1,-1,1,-1,-1,-1,1,-1,-1,1,1,1,-1,1,-1,-1,1,-1,-1,1,-1,1,-1,1,-1,1,-1,1,1,-1,-1,-1,1,-1,1,-1,-1,1,-1,1,1,1,1,-1,-1,1,1,-1,1,1,-1,-1,1,1,1,-1,1,1,-1,1,1,1,1,-1,1,1,-1,-1,-1,1,-1,1,1,-1,1,-1,1,-1,1,-1,-1,-1,1,1,-1,1,1,-1,-1,-1,1,-1,1,1,-1,1,-1,1,-1,-1,-1,-1,-1,-1,1,-1,-1,-1,-1,-1,-1,1,-1,1,1,1,1,-1,1,-1,1,1,-1,-1,-1,1,-1,-1,1,-1,1,-1,-1,1,1,1,1,-1,-1,1,1,1,1,-1,1,-1,-1,1,1,1,-1,-1,-1,1,1,1,1,-1,-1,-1,1,-1,1,-1,1,-1,-1,-1,1,1,1,-1,-1,-1,1,1,1,1,1,-1,-1,-1,1,1,1,1,-1,-1,-1,1,-1,1,-1,-1,-1,1,1,1,1,1,-1,-1,-1,1,1,1,1,-1,-1,-1,1,1,-1,1,-1,-1,-1,1,1,1,1,-1,-1,1,1,1,1,-1,-1,1,1,-1,1,1,-1,-1,-1,1,1,1,1,1,-1,1,1,1,1,1,-1,-1,-1,1,-1,1,-1,-1,-1,-1,1,-1,1,1,1,-1,-1,1,-1,1,1,-1,1,-1,1,1,1,1,-1,1,-1,1,-1,1,1,-1,-1,-1,1,1,-1,-1,-1,-1,-1,1,-1,1,-1,-1,-1,-1,-1,-1,-1,1,-1,-1,-1,1,-1,-1,1,-1,-1,-1,-1,-1,-1,1,-1,-1,-1,-1,-1,1,-1,-1,-1,1,-1,-1,1,-1,1,-1,-1,-1,-1,-1,-1,-1,1,-1,-1,-1,1,1,1,-1,-1,1,1,-1,-1,-1,-1,1,-1,-1,1,1,1,-1,-1,-1,-1,1,-1,1,1,-1,1,-1,-1,1,1,-1,-1,-1,-1,-1,-1,1,1,-1,-1,1,-1,1,1,-1,-1,-1,1,-1,1,1,-1,-1,1,-1,-1,1,1,1,-1,1,-1,1,1,1,-1,-1,1,-1,-1,1,-1,1,-1,1,-1,-1,1,1,-1,1,1,-1,-1,1,1,1,1,1,-1,-1,1,1,1,1,1,-1,-1,1,1,1,1,1,1,-1,-1,1,1,-1,1,-1,-1,1,-1,1,1,1,1,-1,-1,1,-1,1,1,1,-1,1,1,1,1,-1,1,-1,1,1,1,1,1,1,1,-1,1,1,1,1,-1,1,-1,1,1,1,1,1,-1,1,1,1,1,-1,1,1,-1,1,1,-1,1,1,-1,-1,1,1,1,1,-1,1,-1,1,1,1,-1,-1,1,-1,1,1,1,-1,1,-1,-1,-1,1,1,-1,-1,1,-1,-1,1,1,1,-1,1,-1,-1,1,1,1,-1,-1,-1,-1,1,1,-1,-1,-1,1,-1,-1,1,-1,1,1,-1,1,1,-1,-1,1,-1,-1,-1,1,1,-1,1,1,-1,1,1,-1,-1,-1,-1,1,-1,-1,-1,-1,1,-1,-1,1,1,-1,1,1,-1,1,1,1,1,-1,1,-1,1,1,1,1,-1,1,-1,-1,1,1,1,-1,1,-1,1,1,1,1,-1,1,-1,1,1,-1,-1,-1,1,-1,-1,1,1,-1,-1,-1,1,-1,1,-1,1,-1,1,-1,-1,1,-2670.0,1,2000,445,0,False
893,1,1,-1,-1,1,1,-1,-1,1,1,1,-1,-1,1,1,1,-1,1,-1,-1,-1,-1,1,1,1,-1,-1,-1,1,1,1,1,-1,-1,-1,-1,1,-1,1,1,-1,-1,-1,1,1,1,1,-1,1,1,1,1,-1,1,-1,-1,1,-1,1,1,1,-1,-1,-1,1,1,1,1,-1,-1,-1,1,1,1,1,-1,-1,-1,1,1,1,-1,-1,-1,1,1,1,1,-1,-1,1,1,1,1,1,-1,-1,-1,1,-1,1,1,-1,-1,1,1,1,1,1,-1,-1,-1,1,1,1,1,-1,-1,1,1,1,1,1,1,-1,-1,1,1,-1,1,1,-1,1,1,1,1,1,1,-1,1,1,1,1,1,1,-1,1,1,1,1,1,1,-1,-1,-1,1,1,1,1,-1,1,1,1,1,-1,1,-1,1,-1,1,1,1,-1,-1,1,1,1,1,1,-1,1,-1,-1,1,-1,1,-1,1,1,1,1,1,1,1,1,1,-1,1,-1,1,-1,1,1,-1,1,-1,1,1,-1,1,-1,1,-1,1,-1,1,1,-1,1,-1,1,1,1,1,-1,-1,1,1,-1,-1,1,-1,1,-1,1,1,-1,1,-1,1,-1,1,-1,-1,1,-1,-1,-1,1,1,-1,1,-1,1,1,1,-1,1,1,-1,-1,-1,1,-1,1,-1,1,-1,1,1,-1,1,-1,-1,-1,1,1,-1,1,-1,-1,-1,1,1,-1,-1,1,1,-1,-1,1,1,-1,1,1,-1,1,1,1,1,-1,1,-1,1,1,-1,1,-1,1,1,1,1,1,1,1,1,-1,-1,1,-1,-1,-1,1,1,-1,1,1,1,-1,1,1,1,1,1,1,1,1,-1,1,1,1,-1,-1,1,-1,1,1,1,-1,1,1,-1,-1,1,1,1,-1,1,-1,1,1,1,-1,1,1,-1,1,1,1,-1,1,1,-1,1,1,1,-1,1,1,-1,-1,1,1,-1,1,1,-1,1,-1,1,-1,1,1,1,-1,1,1,1,-1,1,1,-1,1,1,-1,1,1,1,-1,-1,-1,-1,1,1,1,-1,1,1,-1,1,1,-1,-1,1,1,1,1,1,-1,1,1,1,-1,1,1,1,-1,-1,1,1,1,-1,1,-1,1,1,1,1,1,1,-1,-1,-1,1,-1,-1,1,1,-1,1,1,-1,1,1,1,1,-1,1,-1,-1,1,-1,1,-1,1,1,-1,1,1,1,-1,-1,1,-1,1,1,1,-1,1,1,1,-1,1,1,-1,-1,1,-1,1,1,1,-1,1,1,1,1,1,1,-1,1,-1,1,1,1,-1,-1,1,-1,-1,1,1,-1,-1,1,-1,1,1,1,-1,-1,1,-1,-1,1,1,-1,-1,1,-1,1,1,1,1,-1,1,1,-1,-1,1,1,-1,-1,1,1,-1,1,-1,-1,1,1,-1,1,-1,1,-1,-1,1,-1,1,-1,1,-1,-1,1,-1,-1,1,1,1,-1,1,-1,1,-1,1,-1,1,-1,-1,-1,1,-1,-1,1,1,1,-1,1,-1,1,1,1,-1,1,1,-1,-1,-1,1,-1,-1,1,-1,-1,1,1,1,-1,1,-1,-1,1,1,-1,-1,1,-1,-1,1,1,-1,-1,1,-1,-1,-1,1,1,-1,1,-1,-1,-1,1,-1,-1,1,-1,1,-1,1,1,-1,-1,1,-1,-1,-1,-1,-1,1,1,1,-1,1,1,-1,-1,1,-1,1,-1,-1,-1,1,1,-1,-1,-1,-1,-1,1,1,-1,1,1,-1,-1,-1,1,1,-1,-1,-1,-1,1,1,-1,-1,1,-1,-1,-1,1,1,-1,-1,-1,-1,-1,1,-1,-1,1,-1,-1,1,1,1,-1,1,-1,-1,-1,1,1,-1,-1,-1,-1,-1,1,1,1,-1,-1,-1,-1,1,1,-1,-1,-1,-1,1,1,1,1,-1,-1,1,1,1,1,1,-1,-1,-1,1,1,1,-1,1,-1,1,1,1,1,-1,1,-1,-1,1,-1,1,-1,1,-1,-1,1,-1,1,-1,-1,-1,-1,1,-1,1,-1,1,1,-1,1,-1,1,-1,1,1,-1,1,-1,1,-1,-1,-1,-1,1,1,-1,-1,-1,-1,-1,1,-1,1,-1,-1,-1,-1,-1,-1,-1,1,-1,-1,-1,1,-1,-1,1,-1,-1,-1,-1,-1,-1,1,-1,-1,-1,-1,-1,1,-1,-1,-1,1,-1,-1,1,-1,1,-1,-1,-1,-1,-1,-1,-1,1,-1,-1,-1,1,1,1,-1,-1,-1,1,-1,-1,-1,-1,1,-1,-1,1,-1,1,-1,-1,-1,-1,1,-1,1,1,-1,1,-1,-1,1,1,-1,-1,-1,-1,-1,-1,1,1,-1,-1,1,-1,1,1,-1,-1,-1,1,-1,1,1,-1,-1,1,-1,-1,1,1,1,-1,1,-1,1,1,1,-1,-1,1,-1,-1,1,1,1,-1,1,-1,-1,1,1,-1,1,1,-1,-1,1,1,-1,1,1,-1,-1,1,1,-1,1,1,-1,-1,1,1,1,1,-1,1,-1,-1,1,1,1,1,-1,-1,1,-1,1,1,1,1,-1,-1,1,-1,1,1,1,-1,1,1,1,1,-1,1,-1,1,1,1,1,1,1,1,-1,1,1,1,1,-1,1,-1,1,1,1,1,1,-1,1,1,1,1,-1,1,1,-1,1,1,-1,1,1,-1,-1,1,1,1,1,-1,1,-1,1,1,1,-1,-1,1,-1,1,1,1,-1,1,-1,-1,-1,1,1,-1,-1,1,-1,-1,1,1,1,-1,1,-1,-1,1,1,1,-1,-1,-1,-1,1,1,-1,-1,-1,1,-1,1,1,-1,1,1,-1,1,1,-1,-1,1,1,-1,-1,1,1,-1,1,1,-1,1,1,-1,-1,1,-1,1,-1,-1,-1,-1,1,-1,-1,1,1,-1,1,1,-1,1,1,1,1,-1,1,-1,1,1,1,-1,-1,1,-1,-1,-1,1,-1,-1,1,-1,1,1,1,-1,-1,1,-1,1,1,1,1,-1,1,-1,-1,1,1,1,-1,-1,1,-1,1,-1,1,-1,1,-1,-1,1,-2670.0,1,2000,445,500,False
894,1,1,-1,-1,1,-1,-1,-1,1,1,1,-1,1,1,1,1,-1,1,-1,-1,-1,-1,1,1,1,-1,-1,-1,1,1,1,1,-1,-1,-1,-1,1,1,1,1,-1,-1,-1,1,1,1,1,-1,1,1,1,1,-1,1,-1,-1,1,-1,1,1,1,-1,-1,-1,1,1,1,1,-1,-1,-1,1,1,1,1,-1,-1,-1,1,1,1,-1,-1,-1,1,1,1,1,-1,-1,1,1,1,1,1,-1,-1,-1,1,-1,1,1,-1,-1,1,1,1,1,1,-1,-1,-1,1,-1,1,1,-1,-1,1,1,1,1,1,1,-1,-1,1,1,-1,1,1,-1,1,1,1,1,1,1,-1,1,1,1,1,1,1,-1,1,1,1,1,1,1,-1,-1,-1,1,1,1,1,-1,1,1,1,1,-1,1,-1,1,-1,1,1,1,-1,-1,1,1,1,1,1,-1,1,-1,-1,1,-1,1,-1,1,1,1,1,1,1,1,1,1,1,1,-1,1,-1,1,1,-1,1,-1,1,1,-1,1,-1,1,-1,1,-1,1,1,-1,-1,-1,1,1,1,1,-1,-1,1,1,-1,-1,1,-1,1,-1,-1,1,-1,1,-1,1,-1,1,-1,1,1,-1,-1,-1,1,1,-1,1,-1,1,1,1,-1,1,-1,-1,1,-1,1,-1,1,1,1,-1,1,1,-1,1,-1,-1,-1,1,1,-1,1,-1,-1,-1,1,1,-1,-1,1,1,-1,-1,1,1,-1,1,1,-1,1,1,1,1,-1,1,-1,1,1,-1,1,-1,1,1,1,1,1,1,1,1,-1,-1,1,-1,-1,1,1,1,-1,1,1,1,-1,1,1,1,1,1,1,1,1,-1,1,1,1,-1,1,1,-1,1,1,1,-1,1,1,-1,-1,1,1,1,-1,1,-1,1,1,1,-1,1,1,-1,1,1,1,-1,1,1,-1,1,1,1,-1,1,1,-1,-1,1,1,-1,1,1,-1,1,-1,1,-1,1,1,1,-1,1,1,1,-1,1,1,-1,1,1,-1,1,1,1,-1,-1,-1,-1,1,1,1,-1,1,1,-1,1,1,-1,-1,1,1,1,1,1,-1,1,1,1,-1,1,1,1,-1,-1,1,1,1,-1,1,-1,1,1,1,1,1,1,-1,-1,-1,1,-1,-1,1,1,-1,1,1,1,1,1,1,1,-1,1,-1,-1,1,-1,1,-1,1,1,1,1,1,1,-1,-1,1,-1,1,1,1,-1,1,1,1,-1,1,1,-1,-1,1,-1,1,1,1,-1,1,1,1,1,1,1,-1,1,-1,-1,1,1,-1,1,1,-1,-1,1,1,-1,-1,1,-1,1,1,1,-1,-1,1,1,-1,1,1,-1,-1,1,-1,1,1,1,1,-1,1,-1,-1,-1,1,1,-1,1,-1,1,-1,1,-1,-1,1,-1,-1,1,-1,1,-1,-1,1,-1,1,-1,1,-1,1,1,-1,-1,1,1,1,-1,1,-1,1,-1,-1,1,1,-1,-1,-1,1,-1,-1,-1,1,1,-1,1,-1,1,1,1,-1,1,1,-1,1,-1,1,-1,-1,1,-1,-1,1,1,1,-1,1,-1,-1,1,1,-1,-1,1,-1,-1,1,1,-1,-1,1,-1,-1,-1,1,1,-1,1,1,-1,-1,1,-1,-1,1,-1,1,-1,1,1,-1,-1,1,-1,-1,-1,-1,-1,1,1,1,-1,1,1,-1,-1,1,-1,-1,-1,-1,-1,1,1,-1,-1,-1,1,-1,1,1,-1,1,1,1,-1,-1,1,1,-1,-1,-1,-1,-1,1,-1,-1,1,-1,-1,-1,1,1,-1,-1,-1,-1,-1,1,-1,-1,1,-1,-1,-1,1,1,-1,1,-1,-1,1,1,1,-1,-1,-1,-1,-1,1,1,1,-1,-1,-1,-1,1,1,-1,-1,-1,-1,1,1,1,1,-1,-1,1,1,1,1,1,-1,-1,-1,1,1,1,-1,1,-1,1,1,1,1,-1,1,-1,-1,1,-1,1,-1,1,-1,-1,1,-1,1,-1,-1,-1,-1,1,-1,1,-1,1,-1,-1,1,-1,1,-1,1,-1,-1,1,-1,1,-1,-1,-1,-1,1,1,-1,-1,-1,-1,-1,1,-1,1,-1,-1,-1,-1,-1,-1,-1,1,-1,-1,-1,1,-1,-1,1,-1,-1,-1,-1,-1,-1,1,-1,-1,-1,-1,-1,1,-1,-1,-1,1,-1,-1,1,-1,1,-1,-1,-1,-1,-1,-1,-1,1,-1,-1,-1,1,1,-1,-1,-1,1,1,-1,-1,-1,-1,1,-1,-1,1,-1,1,-1,-1,-1,-1,1,-1,1,1,-1,1,-1,-1,1,1,-1,-1,-1,-1,-1,-1,1,1,-1,-1,1,-1,1,1,-1,-1,-1,1,-1,1,1,-1,-1,1,-1,-1,1,1,1,-1,1,-1,1,1,1,-1,-1,1,-1,-1,1,1,1,-1,1,-1,-1,1,1,-1,1,1,-1,-1,1,1,-1,1,1,-1,-1,1,1,-1,1,1,-1,-1,1,1,1,1,1,1,-1,-1,1,1,-1,1,-1,-1,1,-1,1,1,1,1,-1,-1,1,-1,1,1,1,-1,1,-1,1,1,-1,1,-1,1,1,1,1,1,1,1,-1,-1,1,1,1,-1,1,-1,1,1,1,1,1,-1,1,-1,1,1,-1,1,1,-1,-1,1,-1,1,1,-1,-1,1,1,1,1,-1,1,-1,-1,1,1,-1,-1,1,-1,1,1,1,-1,1,-1,-1,-1,1,1,-1,-1,1,-1,-1,1,1,-1,-1,1,-1,-1,1,1,1,-1,1,-1,-1,1,1,-1,-1,-1,1,-1,-1,1,-1,1,1,-1,1,1,-1,-1,1,-1,-1,-1,1,1,-1,1,1,-1,1,1,-1,-1,-1,-1,1,-1,-1,-1,-1,-1,-1,-1,1,1,-1,1,1,-1,1,1,1,1,-1,1,-1,1,1,1,-1,-1,1,-1,-1,1,1,-1,1,1,-1,1,1,1,-1,-1,1,-1,1,1,1,1,-1,1,-1,-1,1,1,1,-1,1,1,-1,1,-1,1,-1,1,-1,-1,1,-2670.0,1,2000,445,500,False
895,1,1,-1,-1,1,-1,1,-1,1,1,1,-1,1,1,1,1,-1,1,-1,-1,1,-1,1,1,1,-1,1,-1,1,1,1,1,-1,-1,-1,-1,1,-1,1,1,-1,-1,-1,1,1,1,1,-1,1,1,1,1,-1,1,-1,-1,1,-1,1,1,1,-1,-1,-1,1,1,1,1,-1,-1,-1,1,1,1,1,-1,-1,-1,1,1,1,-1,-1,-1,1,1,1,1,-1,-1,-1,1,1,1,1,-1,-1,1,1,-1,1,1,-1,-1,1,1,1,1,1,-1,-1,1,1,-1,1,1,-1,-1,1,1,1,1,1,1,-1,-1,1,1,-1,1,1,-1,1,1,1,1,1,1,-1,-1,1,1,1,1,1,-1,1,1,1,1,1,1,-1,-1,-1,1,1,1,1,-1,1,1,1,1,-1,1,-1,1,-1,1,1,1,-1,-1,1,1,1,1,1,-1,1,-1,-1,1,-1,1,-1,1,1,1,1,1,1,1,1,1,-1,1,-1,1,-1,1,1,-1,1,-1,1,1,-1,1,-1,1,-1,1,-1,1,1,-1,1,-1,1,1,1,1,-1,-1,1,1,-1,-1,1,-1,1,-1,1,1,-1,1,-1,1,-1,1,-1,-1,1,-1,-1,-1,1,1,-1,1,-1,1,1,1,-1,1,1,-1,1,-1,1,-1,1,-1,1,-1,1,1,-1,1,-1,-1,-1,1,1,-1,1,-1,-1,-1,1,1,-1,-1,1,1,-1,-1,1,1,-1,1,1,-1,1,1,1,1,-1,1,-1,1,1,-1,1,-1,1,1,-1,1,1,1,1,1,-1,-1,1,-1,-1,1,1,1,-1,1,1,1,-1,1,-1,-1,1,1,1,-1,1,-1,1,1,1,-1,-1,1,-1,1,1,1,-1,1,1,-1,-1,1,1,1,-1,1,-1,1,1,1,-1,1,1,-1,1,1,1,-1,1,-1,-1,1,1,1,-1,1,-1,-1,-1,1,1,-1,1,-1,-1,1,-1,1,-1,1,1,-1,-1,1,1,1,-1,1,-1,-1,1,1,-1,1,-1,-1,-1,-1,-1,-1,1,1,-1,-1,1,1,-1,1,-1,-1,-1,1,1,1,1,-1,-1,1,1,1,-1,1,-1,-1,-1,-1,1,1,1,1,-1,-1,1,1,1,1,-1,-1,1,-1,-1,1,-1,1,-1,-1,1,-1,1,1,-1,-1,1,1,-1,1,-1,1,-1,-1,1,-1,1,1,-1,-1,-1,1,-1,-1,1,1,-1,-1,1,-1,1,1,-1,1,-1,1,-1,-1,1,1,-1,-1,1,-1,1,1,-1,-1,1,1,-1,1,-1,1,-1,1,-1,-1,1,-1,1,-1,1,-1,-1,1,-1,-1,-1,1,-1,-1,1,-1,1,-1,1,-1,-1,1,-1,-1,1,-1,1,-1,1,1,1,-1,1,1,-1,-1,1,1,-1,1,-1,-1,1,-1,1,1,1,1,-1,-1,1,1,-1,1,1,-1,-1,1,1,1,-1,1,1,-1,1,1,1,1,-1,1,1,-1,-1,-1,1,-1,-1,1,-1,1,-1,1,-1,1,-1,-1,-1,1,1,-1,1,1,-1,-1,-1,1,-1,1,1,-1,1,-1,1,-1,-1,-1,-1,-1,-1,1,-1,-1,-1,-1,-1,-1,1,-1,1,1,1,1,-1,1,-1,1,1,-1,-1,-1,1,-1,-1,1,-1,1,-1,-1,1,1,1,1,-1,-1,1,1,1,1,-1,1,-1,-1,1,1,1,-1,-1,-1,1,1,1,1,-1,1,-1,1,-1,1,-1,1,1,-1,-1,1,1,1,-1,-1,-1,-1,1,1,1,1,-1,-1,-1,1,1,1,1,-1,-1,-1,1,1,1,-1,-1,-1,1,1,1,1,1,-1,-1,-1,1,1,1,1,-1,-1,-1,1,1,-1,1,-1,-1,-1,1,1,1,1,-1,-1,1,1,1,1,-1,-1,1,1,-1,1,1,-1,-1,-1,1,1,1,1,1,-1,1,1,1,1,1,-1,-1,-1,1,-1,1,-1,-1,-1,-1,1,-1,1,1,1,-1,-1,1,-1,1,1,-1,1,-1,1,1,1,1,-1,1,-1,1,-1,1,1,-1,-1,-1,1,1,-1,-1,-1,-1,-1,1,-1,1,-1,-1,-1,-1,-1,-1,-1,1,-1,-1,-1,1,-1,-1,1,-1,-1,-1,-1,-1,1,1,-1,-1,-1,-1,-1,1,-1,-1,-1,1,-1,-1,1,-1,1,-1,-1,-1,-1,-1,-1,-1,1,-1,-1,-1,1,1,1,-1,-1,-1,1,-1,-1,-1,-1,1,-1,-1,1,1,1,-1,-1,-1,-1,1,-1,1,1,-1,1,-1,-1,1,1,-1,-1,-1,-1,-1,-1,1,1,-1,-1,1,-1,1,1,-1,-1,-1,1,-1,1,1,-1,-1,1,-1,-1,1,1,1,-1,1,-1,1,1,1,-1,-1,1,-1,-1,1,-1,1,-1,1,-1,-1,1,1,-1,1,1,-1,-1,1,1,-1,1,1,-1,-1,1,1,-1,1,1,-1,-1,1,1,1,1,-1,1,-1,-1,1,1,-1,1,-1,-1,1,-1,1,1,1,1,-1,-1,1,-1,1,1,1,-1,1,1,1,1,-1,1,-1,1,1,1,1,1,1,1,-1,1,1,1,1,-1,1,-1,1,1,1,1,1,-1,1,1,1,1,-1,1,1,-1,1,1,-1,1,1,-1,-1,1,1,1,1,-1,1,-1,1,1,1,-1,-1,1,-1,1,1,1,-1,1,-1,-1,-1,1,1,-1,-1,1,-1,-1,1,1,-1,-1,1,-1,-1,1,1,1,-1,1,-1,-1,1,1,-1,-1,-1,1,-1,-1,1,-1,1,1,-1,1,1,-1,-1,1,1,-1,-1,1,1,-1,1,1,-1,1,1,-1,-1,1,-1,1,-1,-1,-1,-1,1,-1,-1,1,1,-1,1,1,-1,1,1,1,1,-1,1,-1,1,1,1,1,-1,1,-1,-1,-1,1,1,-1,1,-1,1,1,1,1,-1,1,-1,1,1,-1,-1,-1,1,-1,-1,1,1,-1,-1,-1,1,-1,1,-1,1,-1,1,-1,-1,1,-2670.0,1,2000,445,500,False
896,1,1,-1,-1,1,-1,1,-1,1,1,1,-1,1,1,1,1,-1,1,1,-1,1,-1,1,1,1,1,-1,-1,1,1,1,1,-1,-1,-1,-1,1,-1,1,1,-1,-1,-1,1,1,1,1,-1,1,1,1,1,-1,1,-1,-1,1,-1,1,1,1,-1,-1,-1,1,1,1,1,-1,-1,-1,1,1,1,1,-1,-1,-1,1,1,1,-1,-1,-1,1,1,1,1,-1,-1,-1,1,1,1,1,-1,-1,1,1,-1,1,1,-1,-1,1,1,1,1,1,-1,-1,1,1,-1,1,1,-1,-1,1,1,1,1,1,1,-1,-1,1,1,-1,1,1,-1,1,1,1,1,1,1,-1,-1,1,1,1,1,1,-1,1,1,1,1,1,1,-1,-1,-1,1,1,1,1,-1,1,1,1,1,-1,1,-1,1,-1,1,1,1,-1,-1,1,1,1,1,1,-1,1,-1,-1,1,-1,1,-1,1,1,1,1,1,1,1,1,1,1,1,-1,1,-1,1,1,-1,1,-1,1,1,-1,1,-1,1,-1,1,-1,1,1,-1,1,-1,1,1,1,1,-1,-1,1,1,-1,-1,1,-1,1,-1,-1,1,-1,1,-1,1,-1,1,-1,-1,1,-1,-1,-1,1,1,-1,1,-1,1,1,1,-1,1,1,-1,1,-1,1,-1,1,-1,1,-1,1,1,-1,1,-1,-1,-1,1,1,-1,1,-1,-1,-1,1,1,-1,-1,1,1,-1,-1,1,1,-1,1,1,-1,1,1,1,1,-1,1,-1,1,1,-1,1,-1,1,1,-1,1,1,1,1,1,-1,-1,1,-1,-1,1,1,1,-1,1,1,1,-1,1,-1,-1,1,1,1,-1,1,-1,1,1,1,-1,1,1,-1,1,1,1,-1,1,1,-1,1,-1,1,1,-1,1,-1,1,1,1,-1,1,1,-1,1,1,1,-1,1,-1,-1,1,1,1,-1,1,-1,-1,1,1,1,-1,1,-1,-1,-1,-1,1,-1,1,1,-1,1,1,1,1,-1,1,-1,-1,-1,1,-1,1,-1,-1,1,-1,-1,-1,1,1,-1,1,-1,1,-1,1,-1,1,-1,1,1,1,1,-1,1,-1,1,1,-1,1,-1,-1,-1,-1,1,1,1,1,-1,-1,1,1,1,1,-1,-1,1,-1,-1,1,-1,1,-1,1,-1,1,1,1,-1,-1,1,1,-1,1,-1,1,-1,-1,1,-1,1,1,-1,-1,-1,1,-1,-1,1,1,-1,-1,1,-1,1,1,-1,1,-1,1,-1,-1,1,1,-1,1,1,-1,1,1,-1,-1,1,1,-1,1,-1,1,-1,1,-1,-1,1,-1,1,-1,1,-1,-1,1,-1,-1,-1,1,-1,-1,1,-1,1,-1,1,-1,-1,1,-1,-1,1,-1,1,-1,1,1,1,-1,1,1,-1,-1,1,1,-1,1,-1,-1,1,-1,1,1,-1,1,-1,-1,1,1,-1,-1,1,-1,-1,1,1,1,1,1,1,-1,1,1,1,-1,-1,-1,1,-1,-1,-1,1,-1,-1,1,-1,1,-1,1,-1,1,-1,-1,-1,1,1,-1,1,1,-1,-1,-1,1,-1,1,1,-1,1,-1,1,-1,-1,-1,-1,-1,-1,1,-1,-1,-1,-1,-1,-1,1,-1,1,1,1,1,-1,1,-1,1,1,-1,-1,-1,1,-1,-1,1,-1,1,-1,-1,1,1,1,1,-1,-1,1,1,1,1,-1,1,-1,-1,1,1,1,-1,-1,-1,1,1,1,1,-1,1,-1,1,-1,1,-1,1,1,-1,-1,1,1,1,-1,-1,-1,1,1,1,1,1,-1,-1,-1,1,1,1,1,-1,-1,-1,1,-1,1,-1,-1,-1,1,1,1,1,1,-1,-1,-1,1,-1,1,1,-1,-1,-1,1,1,-1,1,-1,-1,-1,1,1,1,1,-1,-1,1,1,1,-1,1,-1,1,1,-1,1,1,-1,-1,-1,1,1,-1,1,1,-1,1,1,1,-1,1,1,-1,-1,1,-1,1,-1,1,-1,-1,1,1,-1,1,-1,-1,-1,1,-1,-1,1,-1,1,-1,1,1,-1,-1,1,1,-1,1,-1,-1,-1,-1,-1,-1,1,1,1,-1,-1,-1,-1,1,-1,1,-1,-1,-1,-1,-1,-1,-1,1,-1,-1,-1,1,-1,-1,1,-1,-1,-1,-1,-1,1,1,-1,-1,-1,-1,-1,1,-1,-1,-1,1,-1,-1,1,-1,1,-1,-1,-1,-1,-1,-1,-1,1,-1,-1,-1,1,1,1,-1,-1,1,-1,1,-1,-1,-1,1,-1,-1,1,-1,1,-1,-1,-1,-1,1,-1,1,1,-1,1,-1,-1,1,1,-1,-1,-1,-1,-1,-1,1,1,-1,-1,1,-1,1,1,-1,-1,-1,1,-1,1,1,-1,-1,1,-1,-1,1,1,1,-1,1,-1,1,1,1,-1,-1,1,-1,-1,1,1,1,-1,1,-1,-1,1,1,-1,1,1,-1,-1,1,1,-1,1,1,-1,-1,1,1,-1,1,1,-1,-1,1,1,1,1,-1,1,-1,-1,1,-1,1,1,-1,-1,1,-1,1,1,1,1,-1,-1,1,-1,1,1,1,-1,1,1,1,1,-1,1,-1,1,1,1,1,1,1,1,-1,1,1,1,1,-1,1,-1,1,1,1,1,1,-1,1,1,1,1,-1,1,1,-1,1,1,-1,1,1,-1,-1,1,1,1,1,-1,1,-1,1,1,1,-1,-1,1,-1,1,1,1,-1,1,-1,-1,-1,1,1,-1,-1,1,-1,-1,1,1,-1,-1,1,-1,-1,1,1,1,-1,1,-1,-1,1,1,-1,-1,-1,1,-1,-1,1,-1,1,1,-1,1,1,-1,-1,1,-1,-1,-1,1,1,-1,1,1,-1,1,1,-1,-1,-1,-1,1,-1,-1,-1,-1,1,-1,-1,1,1,-1,1,1,-1,1,1,1,1,-1,1,-1,1,1,1,1,-1,1,-1,-1,-1,1,1,-1,1,-1,1,1,1,1,-1,1,-1,1,1,-1,-1,-1,1,-1,-1,1,1,-1,-1,-1,1,-1,1,-1,1,-1,1,-1,-1,1,-2670.0,1,2000,445,500,False
897,1,1,-1,-1,1,1,-1,-1,1,1,1,-1,1,1,1,1,-1,1,-1,-1,1,-1,1,1,1,-1,1,-1,1,1,1,1,1,-1,-1,-1,1,-1,1,1,-1,-1,-1,1,1,1,1,-1,1,1,1,1,-1,1,-1,-1,1,-1,1,1,-1,-1,-1,-1,1,1,1,1,-1,-1,-1,1,1,1,1,-1,-1,-1,1,1,1,-1,-1,-1,1,1,1,1,-1,-1,-1,1,1,1,1,-1,-1,1,1,-1,1,1,-1,-1,1,1,1,1,1,-1,-1,1,1,1,1,1,-1,-1,1,1,1,1,1,1,-1,-1,1,1,-1,1,1,-1,1,1,1,1,1,1,-1,-1,1,1,1,1,1,-1,1,1,1,1,1,1,-1,-1,-1,1,1,1,1,-1,1,1,1,1,-1,1,-1,1,-1,1,1,1,-1,-1,1,1,1,1,1,-1,1,-1,-1,1,-1,1,-1,1,1,1,1,1,1,1,1,1,-1,1,-1,1,-1,1,1,-1,1,-1,1,1,-1,1,-1,1,-1,1,-1,1,1,-1,1,-1,1,1,1,1,-1,-1,1,1,-1,-1,1,-1,1,-1,1,1,-1,1,-1,1,-1,1,-1,1,1,-1,-1,-1,1,1,-1,1,-1,1,1,1,-1,1,1,-1,1,-1,1,-1,1,-1,1,-1,1,1,-1,1,-1,-1,-1,1,1,-1,1,-1,-1,-1,1,1,-1,-1,1,1,-1,-1,1,1,-1,1,1,-1,1,1,1,1,-1,1,-1,1,1,-1,1,-1,1,-1,1,1,1,1,1,1,-1,-1,1,-1,-1,-1,1,1,-1,1,1,1,-1,1,1,1,1,1,1,1,1,-1,1,1,1,-1,-1,1,-1,1,1,1,-1,1,1,-1,-1,1,1,1,-1,1,-1,1,1,1,-1,1,1,-1,1,1,1,-1,1,1,-1,1,1,1,-1,1,1,-1,-1,1,1,-1,1,1,-1,1,-1,1,-1,1,1,1,-1,1,1,1,-1,1,1,-1,1,1,-1,1,-1,1,-1,-1,-1,-1,1,1,1,-1,1,1,-1,1,1,-1,-1,1,1,1,1,1,-1,1,1,1,-1,1,1,1,-1,-1,1,1,1,-1,1,-1,1,1,1,1,1,1,-1,-1,-1,1,-1,-1,1,1,-1,1,1,-1,1,1,1,1,-1,1,-1,-1,1,-1,1,-1,1,1,-1,1,1,1,-1,-1,1,-1,1,1,1,-1,1,1,1,-1,1,1,-1,-1,1,-1,1,1,1,-1,1,1,1,1,1,1,-1,1,-1,-1,1,1,-1,-1,1,-1,-1,1,1,-1,-1,1,-1,1,1,1,-1,-1,1,-1,-1,1,1,-1,-1,1,-1,1,1,1,1,-1,1,1,-1,-1,1,1,-1,-1,-1,1,-1,1,-1,-1,1,-1,-1,1,-1,1,-1,-1,1,-1,1,-1,1,-1,-1,1,-1,-1,1,1,1,-1,1,-1,1,-1,-1,-1,1,-1,-1,-1,1,-1,-1,1,1,1,-1,1,-1,1,1,1,-1,1,1,-1,1,-1,1,-1,-1,1,-1,-1,1,1,1,-1,1,-1,-1,1,1,-1,-1,1,-1,-1,1,1,-1,-1,1,-1,-1,-1,1,1,-1,1,1,-1,-1,1,-1,-1,1,-1,1,-1,1,1,-1,-1,1,-1,-1,-1,-1,-1,1,1,1,-1,1,1,-1,-1,1,-1,-1,-1,-1,-1,1,1,-1,-1,-1,-1,-1,1,1,-1,1,1,1,-1,-1,1,1,-1,-1,-1,-1,1,1,-1,-1,1,-1,-1,-1,1,1,-1,-1,-1,-1,-1,1,-1,-1,1,-1,-1,1,1,1,-1,1,-1,-1,-1,1,1,-1,-1,-1,-1,-1,1,1,1,-1,-1,-1,-1,1,1,-1,-1,-1,-1,1,1,1,1,-1,-1,1,1,1,1,1,-1,-1,-1,1,1,1,-1,1,-1,1,1,1,1,-1,1,-1,-1,1,-1,1,-1,1,-1,-1,1,-1,1,-1,-1,-1,-1,1,-1,1,-1,1,1,-1,1,-1,1,-1,1,1,-1,1,-1,1,-1,-1,-1,-1,1,1,-1,-1,-1,-1,-1,1,-1,1,-1,-1,-1,-1,-1,-1,-1,1,-1,-1,-1,1,-1,-1,1,-1,-1,-1,-1,-1,1,1,-1,-1,-1,-1,-1,1,-1,-1,-1,1,-1,-1,1,-1,1,-1,-1,-1,-1,-1,-1,-1,1,-1,-1,-1,1,1,-1,-1,-1,-1,1,-1,-1,-1,-1,1,-1,-1,1,-1,1,-1,-1,-1,-1,1,-1,1,1,-1,1,-1,-1,1,1,-1,-1,-1,-1,-1,-1,1,1,-1,-1,1,-1,1,1,-1,-1,-1,1,-1,1,1,-1,-1,1,-1,-1,1,1,1,-1,1,-1,1,1,1,-1,-1,1,-1,-1,1,1,1,-1,1,-1,-1,1,1,-1,1,1,-1,-1,1,1,1,1,1,-1,-1,1,1,1,1,1,-1,-1,1,1,1,1,1,1,-1,-1,1,1,1,1,-1,-1,1,-1,1,1,1,1,-1,-1,1,-1,1,1,1,-1,1,1,1,1,-1,1,-1,1,1,1,1,1,1,1,-1,1,1,1,1,-1,1,-1,1,1,1,1,1,-1,1,1,1,1,-1,1,1,-1,1,1,-1,1,1,-1,-1,1,1,1,1,-1,1,-1,1,1,1,-1,-1,1,-1,1,1,1,-1,1,-1,-1,-1,1,1,-1,-1,1,-1,-1,1,1,1,-1,1,-1,-1,-1,1,1,-1,1,-1,-1,1,1,-1,-1,-1,1,-1,-1,1,-1,1,1,-1,1,1,-1,-1,1,1,-1,-1,1,1,-1,1,1,-1,1,1,-1,-1,1,-1,1,-1,-1,-1,-1,1,-1,-1,1,1,-1,1,1,-1,1,1,1,1,-1,1,-1,1,1,1,1,-1,1,-1,1,1,1,1,-1,1,-1,-1,1,1,1,-1,1,-1,1,1,-1,-1,-1,1,-1,-1,1,1,-1,-1,-1,1,-1,1,-1,1,-1,1,-1,-1,1,-2670.0,1,2000,445,500,False
898,1,1,-1,-1,1,1,-1,-1,1,1,1,-1,1,1,1,1,-1,1,-1,-1,-1,-1,1,1,1,-1,1,-1,1,1,1,1,-1,-1,-1,-1,1,1,1,1,-1,-1,-1,1,1,1,1,-1,1,1,1,1,-1,1,-1,-1,1,-1,1,1,1,-1,-1,-1,1,1,1,1,-1,-1,-1,1,1,1,1,-1,-1,-1,1,1,1,-1,-1,-1,1,1,1,1,-1,-1,-1,1,1,1,1,-1,-1,1,1,-1,1,1,-1,-1,1,1,1,1,1,-1,-1,1,1,-1,1,1,-1,-1,1,1,1,1,1,1,-1,-1,1,1,-1,1,1,-1,1,1,1,1,1,1,-1,-1,1,1,1,1,1,-1,1,1,1,1,1,1,-1,-1,-1,1,1,1,1,-1,1,1,1,1,-1,1,-1,1,-1,1,1,1,-1,-1,1,1,1,1,1,-1,1,-1,-1,1,-1,1,-1,1,1,1,1,1,1,1,1,1,1,1,-1,1,-1,1,1,-1,1,-1,1,1,-1,1,-1,1,-1,1,-1,1,1,-1,1,-1,1,1,1,1,-1,-1,1,1,-1,-1,1,-1,1,-1,-1,1,-1,1,-1,1,-1,1,-1,1,1,-1,-1,-1,1,1,-1,1,-1,1,1,1,-1,1,1,-1,-1,-1,1,-1,1,-1,1,-1,1,1,-1,1,-1,-1,-1,1,1,-1,1,-1,-1,-1,1,1,-1,-1,1,1,-1,-1,1,1,-1,1,1,-1,1,1,1,1,-1,1,-1,1,1,-1,1,-1,1,1,1,1,1,1,1,1,-1,-1,1,-1,-1,1,1,1,-1,1,1,1,-1,1,1,1,1,1,1,1,1,-1,1,1,1,-1,-1,1,-1,1,1,1,-1,1,1,-1,-1,1,1,1,-1,1,-1,1,1,1,-1,1,1,-1,1,1,1,-1,1,1,-1,1,1,1,-1,1,1,-1,-1,1,1,-1,1,1,-1,1,-1,1,-1,1,1,1,-1,1,1,1,-1,1,1,-1,1,1,-1,1,1,1,-1,-1,-1,-1,1,1,1,-1,1,1,-1,1,1,-1,-1,1,1,1,1,1,-1,1,1,1,-1,1,1,1,-1,-1,1,1,1,-1,1,-1,1,1,1,1,1,1,-1,-1,-1,1,-1,-1,1,1,-1,1,1,1,1,1,1,1,-1,1,-1,-1,1,-1,1,-1,1,1,1,1,1,1,-1,-1,1,-1,1,1,1,-1,1,1,1,-1,1,1,-1,-1,1,-1,1,1,1,-1,1,1,1,1,1,1,-1,1,-1,-1,1,1,-1,-1,1,-1,-1,1,1,-1,-1,1,-1,1,1,1,-1,-1,1,-1,-1,1,1,-1,-1,1,-1,1,1,1,1,-1,1,1,-1,-1,1,1,-1,-1,1,1,-1,1,-1,-1,1,1,-1,1,-1,1,-1,-1,1,-1,1,-1,1,-1,-1,1,-1,-1,1,1,1,-1,1,-1,1,-1,1,1,1,-1,-1,-1,1,-1,-1,1,1,1,-1,1,-1,1,1,1,-1,1,1,-1,1,-1,1,-1,-1,1,-1,-1,1,1,1,-1,1,-1,-1,1,1,-1,-1,1,-1,-1,1,1,-1,-1,1,-1,-1,-1,1,1,-1,1,1,-1,-1,1,-1,-1,1,-1,1,-1,1,1,-1,-1,1,-1,-1,-1,-1,-1,1,1,1,-1,1,1,-1,-1,1,-1,-1,-1,-1,-1,1,1,-1,-1,-1,1,-1,1,1,-1,1,1,1,-1,-1,1,1,-1,-1,-1,-1,1,1,-1,-1,1,-1,-1,-1,1,1,-1,-1,-1,-1,-1,1,-1,-1,1,-1,-1,1,1,1,-1,1,-1,-1,-1,1,1,-1,-1,-1,-1,-1,1,1,1,-1,-1,-1,-1,1,1,-1,-1,-1,-1,1,1,1,1,-1,-1,1,1,1,1,1,-1,-1,-1,1,1,1,1,1,-1,1,1,1,1,-1,1,-1,-1,1,-1,1,-1,1,-1,-1,1,-1,1,-1,-1,-1,-1,1,-1,1,-1,1,-1,-1,1,-1,1,-1,1,-1,-1,1,-1,1,-1,-1,-1,-1,1,1,-1,-1,-1,-1,-1,1,-1,1,-1,-1,-1,-1,-1,-1,-1,1,-1,-1,-1,1,-1,-1,1,-1,-1,-1,-1,-1,1,1,-1,-1,-1,-1,-1,1,-1,-1,-1,1,-1,-1,1,-1,1,-1,-1,-1,-1,-1,-1,-1,1,-1,-1,-1,1,1,-1,-1,-1,1,1,-1,-1,-1,-1,1,-1,-1,1,-1,1,-1,-1,-1,-1,1,-1,1,1,-1,1,-1,-1,1,1,-1,-1,-1,-1,-1,-1,1,1,-1,-1,1,-1,1,1,-1,-1,-1,1,-1,1,1,-1,-1,1,-1,-1,1,1,1,-1,1,-1,1,1,1,-1,-1,1,-1,-1,1,-1,1,-1,1,-1,-1,1,1,-1,1,1,-1,-1,1,1,-1,1,1,-1,-1,1,1,-1,1,1,-1,-1,1,1,1,1,1,1,-1,-1,1,1,-1,1,-1,-1,1,-1,1,1,1,1,-1,-1,1,-1,1,1,1,-1,1,1,1,1,-1,1,-1,1,1,1,1,1,1,1,-1,1,1,1,1,-1,1,-1,1,1,1,1,1,-1,1,1,1,1,-1,1,1,-1,1,1,-1,1,1,-1,-1,1,1,1,1,-1,1,-1,1,1,1,-1,-1,1,-1,1,1,1,-1,1,-1,-1,-1,1,1,-1,-1,1,-1,-1,1,1,1,-1,1,-1,-1,-1,1,1,-1,-1,-1,-1,1,1,-1,-1,-1,1,-1,-1,1,-1,1,1,-1,1,1,-1,-1,1,1,-1,-1,1,1,-1,1,1,-1,1,1,-1,-1,-1,-1,1,-1,-1,-1,-1,1,-1,-1,1,1,-1,1,1,-1,1,1,1,1,-1,1,-1,1,1,1,1,-1,1,-1,-1,-1,1,1,-1,1,-1,1,1,1,1,-1,1,-1,1,1,1,-1,-1,1,-1,-1,1,1,-1,-1,-1,1,-1,1,-1,1,-1,1,-1,-1,1,-2670.0,1,2000,445,500,False
899,1,1,-1,-1,1,1,-1,-1,1,1,1,-1,1,1,1,1,-1,1,-1,-1,-1,-1,1,1,1,-1,-1,-1,1,1,1,1,-1,-1,-1,-1,1,-1,1,-1,-1,-1,-1,1,1,1,1,-1,1,1,1,1,-1,1,-1,-1,1,-1,1,1,1,-1,-1,-1,1,1,1,1,-1,-1,-1,1,1,1,1,-1,-1,-1,1,1,1,-1,-1,-1,1,1,1,1,-1,-1,-1,1,1,1,1,-1,-1,1,1,-1,1,1,-1,-1,1,1,1,1,1,-1,-1,-1,1,1,1,1,-1,-1,1,1,1,1,1,1,-1,-1,1,1,-1,1,1,-1,1,1,1,1,1,1,-1,1,1,1,1,1,1,-1,1,1,1,1,1,1,-1,-1,-1,1,1,1,1,-1,1,1,1,1,-1,1,-1,1,-1,1,1,1,-1,-1,1,1,1,1,1,-1,1,-1,-1,1,-1,1,-1,1,1,1,1,1,1,1,1,1,-1,1,-1,1,-1,1,1,-1,1,-1,1,1,-1,1,-1,1,-1,1,-1,1,1,-1,1,-1,1,1,1,1,-1,-1,1,1,-1,-1,1,-1,1,-1,-1,1,-1,1,-1,1,-1,1,-1,1,1,-1,1,-1,1,1,-1,1,-1,1,1,1,-1,1,1,-1,1,-1,1,-1,1,-1,1,-1,1,1,-1,1,-1,-1,-1,1,1,-1,1,-1,-1,-1,1,1,-1,-1,1,1,-1,-1,1,1,-1,1,1,-1,1,1,1,1,-1,1,-1,1,1,-1,1,-1,1,1,1,1,1,1,1,1,-1,-1,1,-1,-1,-1,1,1,-1,1,1,1,-1,1,1,1,1,1,1,-1,1,-1,1,1,1,-1,1,1,-1,1,1,1,-1,1,1,-1,-1,1,1,1,-1,1,-1,1,1,1,-1,1,1,-1,1,1,1,-1,1,1,-1,1,1,1,-1,1,1,-1,-1,1,1,-1,1,1,-1,1,-1,1,-1,1,1,1,-1,1,1,1,1,1,1,-1,1,1,-1,1,1,1,-1,-1,-1,-1,1,1,1,-1,1,1,-1,1,1,-1,-1,1,1,1,1,1,-1,1,1,1,-1,1,1,1,-1,-1,1,1,1,-1,1,-1,1,1,1,1,1,1,-1,-1,-1,1,-1,-1,1,-1,1,-1,1,1,1,1,1,-1,-1,1,-1,-1,1,-1,1,-1,1,1,1,1,1,1,-1,-1,1,-1,1,1,-1,-1,1,1,1,-1,1,-1,-1,-1,1,-1,1,1,-1,-1,1,1,1,1,-1,1,-1,1,-1,1,1,-1,-1,-1,1,-1,1,1,-1,-1,-1,1,-1,1,1,1,-1,-1,1,-1,-1,1,-1,-1,-1,1,-1,1,1,1,-1,-1,1,1,-1,1,-1,-1,-1,-1,1,-1,1,-1,-1,-1,1,1,-1,1,-1,-1,-1,-1,1,-1,1,-1,-1,-1,-1,1,-1,-1,1,1,1,-1,1,-1,1,1,1,1,1,-1,-1,-1,1,-1,-1,1,1,1,-1,1,-1,1,1,1,-1,1,1,-1,-1,-1,1,-1,-1,1,-1,-1,1,1,1,-1,1,-1,-1,1,1,-1,-1,1,-1,-1,1,1,-1,-1,1,-1,-1,-1,1,1,-1,1,-1,-1,-1,1,-1,-1,1,-1,1,-1,1,1,-1,-1,1,-1,-1,-1,-1,-1,1,1,1,-1,-1,1,-1,-1,1,-1,-1,1,-1,-1,-1,1,-1,-1,1,-1,-1,1,1,-1,1,-1,-1,-1,-1,1,1,-1,-1,-1,-1,-1,1,-1,-1,1,-1,-1,-1,1,1,-1,-1,-1,-1,-1,1,-1,-1,-1,-1,-1,1,1,1,-1,-1,-1,-1,-1,1,1,-1,-1,-1,-1,-1,1,1,1,-1,-1,-1,-1,1,1,-1,-1,-1,-1,1,1,1,1,1,-1,1,1,1,1,1,1,-1,-1,1,1,1,1,-1,-1,1,1,1,1,-1,1,-1,-1,1,-1,1,-1,1,-1,-1,1,-1,1,1,1,-1,-1,1,-1,1,-1,1,1,-1,1,-1,1,1,1,1,-1,1,-1,1,1,1,-1,-1,1,1,-1,1,1,-1,-1,1,-1,1,-1,1,-1,-1,-1,-1,-1,1,1,-1,-1,1,-1,-1,1,1,-1,-1,-1,-1,1,-1,1,-1,-1,-1,-1,1,1,-1,-1,1,-1,-1,1,-1,1,-1,-1,-1,-1,-1,1,1,1,-1,-1,-1,1,1,1,-1,-1,1,-1,-1,-1,1,-1,1,-1,-1,1,1,1,-1,-1,-1,-1,1,-1,1,1,-1,1,-1,-1,1,1,-1,-1,-1,-1,-1,-1,1,1,-1,-1,1,-1,1,1,1,-1,-1,1,-1,1,1,-1,-1,1,-1,-1,1,1,1,-1,1,-1,1,1,1,-1,-1,1,-1,-1,1,1,1,-1,1,-1,-1,1,1,-1,1,1,-1,-1,1,1,1,1,1,-1,-1,1,1,-1,1,1,-1,-1,1,1,1,1,1,1,-1,-1,1,1,-1,1,-1,-1,1,-1,1,1,1,1,-1,-1,1,-1,1,1,1,-1,1,1,1,1,-1,1,-1,1,1,1,1,1,1,1,-1,1,1,1,1,-1,1,-1,1,1,1,1,1,-1,1,1,1,1,-1,1,1,-1,1,1,-1,1,1,-1,-1,1,1,1,1,-1,1,-1,1,1,1,-1,-1,1,-1,1,1,1,-1,1,-1,-1,-1,1,1,-1,-1,1,-1,-1,1,1,1,-1,1,-1,-1,1,1,1,-1,1,-1,-1,1,1,-1,-1,1,1,-1,1,1,-1,1,1,-1,1,1,-1,-1,1,-1,-1,-1,1,1,-1,1,1,-1,1,1,-1,-1,-1,-1,1,-1,-1,-1,-1,1,-1,-1,1,1,-1,1,1,-1,1,1,1,1,-1,1,-1,1,1,1,-1,-1,1,-1,-1,-1,1,-1,-1,1,-1,1,1,1,-1,-1,1,-1,1,1,1,1,-1,1,-1,-1,1,1,-1,-1,-1,1,-1,1,1,1,-1,1,-1,-1,1,-2670.0,1,2000,445,500,False
900,1,1,-1,-1,1,-1,-1,-1,1,1,1,-1,1,1,1,1,-1,1,1,-1,-1,-1,1,1,1,1,-1,-1,1,1,1,1,-1,-1,-1,-1,1,-1,1,1,-1,-1,-1,1,1,1,1,-1,1,1,1,1,-1,1,-1,-1,1,-1,1,1,1,-1,-1,-1,1,1,1,1,-1,1,-1,1,1,1,1,-1,-1,-1,1,1,1,-1,-1,-1,1,1,1,1,-1,1,-1,1,1,1,1,-1,-1,1,1,-1,1,1,-1,-1,1,1,1,1,1,-1,-1,1,1,-1,1,1,-1,-1,1,1,1,1,1,1,-1,1,1,1,-1,1,1,-1,1,1,1,1,1,1,-1,-1,1,1,1,1,1,-1,1,1,1,1,1,1,-1,-1,-1,1,1,1,1,-1,1,1,1,1,-1,1,-1,1,-1,1,1,1,-1,-1,1,1,1,1,1,-1,1,-1,-1,1,-1,1,-1,1,1,1,1,1,1,1,1,1,1,1,-1,1,-1,1,1,-1,1,-1,1,1,-1,1,-1,1,-1,1,-1,1,1,-1,-1,-1,1,1,1,1,-1,-1,1,1,-1,-1,1,-1,1,-1,1,1,-1,1,-1,1,-1,1,-1,1,1,-1,-1,-1,1,1,-1,1,-1,1,1,1,-1,1,1,-1,1,-1,1,-1,1,-1,1,-1,1,1,-1,1,-1,-1,-1,1,1,-1,1,-1,-1,-1,1,1,-1,-1,1,1,-1,-1,1,1,-1,1,1,-1,1,1,1,1,-1,1,-1,1,1,-1,1,-1,1,-1,1,1,1,1,1,1,-1,-1,1,-1,-1,-1,1,1,-1,1,1,1,-1,1,1,1,1,1,1,1,1,-1,1,1,1,-1,-1,1,-1,1,1,1,-1,1,1,-1,-1,1,1,1,-1,1,-1,1,1,1,-1,1,1,-1,1,1,1,-1,1,1,-1,1,1,1,-1,1,1,-1,-1,1,1,-1,1,1,-1,1,-1,1,-1,1,1,1,-1,1,1,1,1,1,1,-1,1,1,-1,1,-1,1,-1,-1,-1,-1,1,1,1,-1,1,1,-1,1,1,-1,-1,1,1,1,1,1,-1,1,1,1,-1,1,1,1,-1,-1,1,1,1,-1,1,-1,1,1,1,1,1,1,-1,-1,-1,1,-1,-1,1,1,-1,1,1,1,1,1,1,1,-1,1,-1,-1,1,-1,1,-1,1,1,-1,1,1,1,-1,-1,1,-1,1,1,1,-1,1,1,1,-1,1,1,-1,-1,1,-1,1,1,1,-1,1,1,1,1,1,1,-1,1,-1,-1,1,1,1,-1,1,-1,-1,1,1,-1,-1,1,-1,1,1,1,-1,-1,1,-1,-1,1,1,-1,-1,1,-1,1,1,1,1,-1,1,1,-1,-1,1,1,-1,-1,1,1,-1,1,-1,-1,1,-1,-1,1,-1,1,-1,-1,1,-1,1,-1,1,-1,-1,1,-1,-1,1,1,1,-1,1,-1,1,-1,-1,1,1,-1,-1,-1,1,-1,-1,1,1,1,-1,1,-1,1,1,1,-1,1,1,-1,1,-1,1,-1,-1,1,-1,-1,1,1,1,-1,1,-1,-1,1,1,-1,-1,1,-1,-1,1,1,-1,-1,1,-1,-1,-1,1,1,-1,1,1,-1,-1,1,-1,-1,1,-1,1,-1,1,1,-1,-1,1,-1,-1,-1,-1,-1,1,1,1,-1,1,1,-1,-1,1,-1,-1,-1,-1,-1,1,1,-1,-1,-1,1,-1,1,1,-1,1,1,1,-1,-1,1,1,-1,-1,-1,-1,1,1,-1,-1,1,-1,-1,-1,1,1,-1,-1,-1,-1,-1,1,-1,-1,1,-1,-1,-1,1,1,-1,1,-1,-1,1,1,1,-1,-1,-1,-1,-1,1,1,1,-1,-1,-1,-1,1,1,-1,-1,-1,-1,1,1,1,1,-1,-1,1,1,1,1,1,-1,-1,-1,1,1,1,-1,1,-1,1,1,1,1,-1,1,-1,-1,1,-1,1,-1,1,-1,-1,1,-1,1,-1,-1,-1,-1,1,-1,1,-1,1,1,-1,1,-1,1,-1,1,1,-1,1,-1,1,-1,-1,-1,-1,1,1,-1,-1,-1,-1,-1,1,-1,1,-1,-1,-1,-1,-1,-1,-1,1,-1,-1,-1,1,-1,-1,1,-1,-1,-1,-1,-1,1,1,-1,-1,-1,-1,-1,1,-1,-1,-1,1,-1,-1,1,-1,1,-1,-1,-1,-1,-1,-1,-1,1,-1,-1,-1,1,1,-1,-1,-1,-1,1,-1,-1,-1,-1,1,-1,-1,1,-1,1,-1,-1,-1,-1,1,-1,1,1,-1,1,-1,-1,1,1,-1,-1,-1,-1,-1,-1,1,1,-1,-1,1,-1,1,1,-1,-1,-1,1,-1,1,1,-1,-1,1,-1,-1,1,1,1,-1,1,-1,1,1,1,-1,-1,1,-1,-1,1,-1,1,-1,1,-1,-1,1,1,-1,1,1,-1,-1,1,1,-1,1,1,-1,-1,1,1,-1,1,1,-1,-1,1,1,1,1,1,1,-1,-1,1,-1,1,1,-1,-1,1,-1,1,1,1,1,-1,-1,1,-1,1,1,1,-1,1,1,1,1,-1,1,-1,1,1,1,1,1,1,1,-1,1,1,1,1,-1,1,-1,1,1,1,1,1,-1,1,1,1,1,-1,1,1,-1,1,1,-1,1,1,-1,-1,1,1,1,1,-1,1,-1,1,1,1,-1,-1,1,-1,1,1,1,-1,1,-1,-1,-1,1,1,-1,-1,1,-1,-1,1,1,1,-1,1,-1,-1,1,1,1,-1,1,-1,-1,1,1,-1,-1,-1,1,-1,-1,1,-1,1,1,-1,1,1,-1,-1,1,-1,-1,-1,-1,1,-1,1,1,-1,1,1,-1,-1,1,-1,1,-1,-1,-1,-1,1,-1,-1,1,1,-1,1,1,-1,1,1,1,1,-1,1,-1,1,1,1,1,-1,1,-1,-1,-1,1,1,-1,1,-1,1,1,1,1,-1,1,-1,1,1,1,-1,-1,1,-1,-1,1,1,-1,-1,-1,1,-1,1,-1,1,-1,1,-1,-1,1,-2670.0,1,2000,445,500,False
901,1,1,-1,-1,1,-1,-1,-1,1,1,1,-1,1,1,1,1,-1,1,-1,-1,-1,-1,1,1,1,-1,-1,-1,1,1,1,1,-1,-1,-1,-1,1,1,1,1,-1,-1,-1,1,1,1,1,-1,1,1,1,1,-1,1,-1,-1,1,-1,1,1,1,-1,-1,-1,1,1,1,1,-1,-1,-1,1,1,1,1,-1,-1,-1,1,1,1,-1,-1,-1,1,1,1,1,-1,-1,1,1,1,1,1,-1,-1,-1,1,-1,1,1,-1,-1,1,1,1,1,1,-1,-1,-1,1,1,1,1,-1,-1,1,1,1,1,1,1,-1,-1,1,1,-1,1,1,-1,1,1,1,1,1,1,-1,1,1,1,1,1,1,-1,1,1,1,1,1,1,-1,-1,-1,1,1,1,1,-1,1,1,1,1,-1,1,-1,1,-1,1,1,1,-1,-1,1,1,1,1,1,-1,1,-1,-1,1,-1,1,-1,1,1,1,1,1,1,1,1,1,-1,1,-1,1,-1,1,1,-1,1,-1,1,1,-1,1,-1,1,-1,1,-1,1,1,-1,1,-1,1,1,1,1,-1,-1,1,1,-1,-1,1,-1,1,-1,-1,1,-1,1,-1,1,-1,1,-1,-1,1,-1,1,-1,1,1,-1,1,-1,1,1,1,-1,1,1,-1,1,-1,1,-1,1,-1,1,-1,1,1,-1,1,-1,-1,-1,1,1,-1,1,-1,-1,-1,1,1,-1,-1,1,1,-1,-1,1,1,-1,1,1,-1,1,1,1,1,-1,1,-1,1,1,-1,1,-1,1,1,1,1,1,1,1,1,-1,-1,1,-1,-1,1,1,1,-1,1,1,1,-1,1,1,1,1,1,1,1,1,-1,1,1,1,-1,-1,1,-1,1,1,1,-1,1,1,-1,-1,1,1,1,-1,1,-1,1,1,1,-1,1,1,-1,1,1,1,-1,1,1,-1,1,1,1,-1,1,1,-1,-1,1,1,-1,1,1,-1,1,-1,1,-1,1,1,1,-1,1,1,1,1,1,1,-1,1,1,-1,1,1,1,-1,-1,-1,-1,1,1,1,-1,1,1,-1,1,1,-1,-1,1,1,1,1,1,-1,1,1,1,-1,1,1,1,1,-1,1,1,1,-1,1,-1,1,1,1,1,1,1,-1,-1,-1,1,-1,-1,1,-1,1,-1,1,1,1,1,1,-1,-1,1,-1,-1,1,-1,1,-1,1,1,-1,1,1,1,-1,-1,1,-1,1,1,-1,-1,1,1,1,-1,1,-1,-1,-1,1,-1,1,1,-1,-1,1,1,1,1,-1,1,-1,1,-1,-1,1,-1,-1,-1,1,-1,1,1,-1,-1,-1,1,-1,1,1,1,-1,-1,1,-1,-1,1,-1,-1,-1,1,-1,1,1,1,-1,-1,1,1,-1,1,-1,-1,-1,-1,1,-1,1,-1,-1,-1,1,1,-1,1,-1,-1,-1,-1,1,-1,1,-1,-1,-1,-1,1,-1,-1,1,1,1,-1,1,-1,1,-1,1,-1,1,-1,-1,-1,1,-1,-1,1,1,1,-1,1,-1,1,1,1,-1,1,1,-1,-1,-1,1,-1,-1,1,-1,-1,1,1,1,-1,1,-1,-1,1,1,-1,-1,1,-1,-1,1,1,-1,-1,1,-1,-1,-1,1,1,-1,1,-1,-1,-1,1,-1,-1,1,-1,1,-1,1,1,-1,-1,1,-1,-1,-1,-1,-1,1,1,1,-1,-1,1,-1,-1,1,-1,-1,1,-1,-1,-1,1,-1,-1,1,-1,-1,1,1,-1,1,-1,-1,-1,-1,1,1,-1,-1,-1,-1,1,1,-1,-1,1,-1,-1,-1,1,1,-1,-1,-1,-1,-1,1,-1,-1,-1,-1,-1,1,1,1,-1,-1,-1,-1,-1,1,1,-1,-1,-1,-1,-1,1,1,1,-1,-1,-1,-1,1,1,-1,-1,-1,-1,1,1,1,1,1,-1,1,1,1,1,1,1,-1,-1,1,1,1,-1,-1,-1,1,1,1,1,-1,1,-1,-1,1,-1,1,-1,1,-1,-1,1,-1,1,-1,1,-1,-1,1,-1,1,-1,1,-1,-1,1,-1,1,1,1,-1,-1,1,-1,1,1,1,-1,-1,1,1,-1,1,1,-1,-1,1,-1,1,-1,1,-1,-1,-1,-1,-1,1,1,-1,-1,1,-1,-1,1,1,-1,-1,-1,-1,1,-1,1,-1,-1,-1,-1,1,1,-1,-1,1,-1,-1,1,-1,1,-1,-1,-1,-1,-1,1,1,1,-1,-1,-1,1,1,1,-1,-1,1,-1,-1,-1,1,-1,1,-1,-1,1,1,1,-1,-1,-1,-1,1,-1,1,1,-1,1,-1,-1,1,1,-1,-1,-1,-1,-1,-1,1,1,-1,-1,1,-1,1,1,-1,-1,-1,1,-1,1,1,-1,-1,1,-1,-1,1,1,1,-1,1,-1,1,1,1,-1,-1,1,-1,-1,1,1,1,-1,1,-1,-1,1,1,-1,1,1,-1,-1,1,1,-1,1,1,-1,-1,1,1,-1,1,1,-1,-1,1,1,1,1,-1,1,-1,-1,1,1,-1,1,-1,-1,1,-1,1,1,1,1,-1,-1,1,-1,1,1,1,-1,1,1,1,1,-1,1,-1,1,1,1,1,1,1,1,-1,1,1,1,1,-1,1,-1,1,1,1,1,1,-1,1,1,1,1,-1,1,1,-1,1,1,-1,1,1,-1,-1,1,1,1,1,-1,1,-1,1,1,1,-1,-1,1,-1,1,1,1,-1,1,-1,-1,-1,1,1,-1,-1,1,-1,-1,1,1,-1,-1,1,-1,-1,1,1,1,-1,-1,-1,-1,1,1,-1,-1,-1,1,-1,-1,1,-1,1,1,-1,1,1,-1,-1,1,-1,-1,-1,1,1,-1,1,1,-1,1,1,-1,-1,-1,-1,1,-1,-1,-1,-1,1,-1,-1,1,1,-1,1,1,-1,1,1,1,1,-1,1,-1,1,1,1,-1,-1,1,-1,-1,-1,1,-1,-1,1,-1,1,1,1,-1,-1,1,-1,1,1,1,1,-1,1,-1,-1,1,1,1,-1,-1,1,-1,1,-1,1,-1,1,-1,-1,1,-2670.0,1,2000,445,500,False
902,1,1,-1,-1,1,-1,-1,-1,1,1,1,-1,1,1,1,1,-1,1,-1,-1,-1,-1,1,1,1,-1,1,-1,1,1,1,1,-1,-1,-1,-1,1,-1,1,1,-1,-1,-1,1,1,1,1,-1,1,1,1,1,-1,1,-1,-1,1,-1,1,1,1,-1,-1,-1,1,1,1,1,-1,-1,-1,1,1,1,1,-1,-1,-1,1,1,1,-1,-1,-1,1,1,1,1,-1,1,-1,1,1,1,1,-1,-1,1,1,-1,1,1,-1,-1,1,1,1,1,1,-1,-1,1,1,-1,1,1,-1,-1,1,1,1,1,1,1,-1,1,1,1,-1,1,1,-1,1,1,1,1,1,1,-1,-1,1,1,1,1,1,-1,1,1,1,1,1,1,-1,-1,-1,1,1,1,1,-1,1,1,1,1,-1,1,-1,1,-1,1,1,1,-1,-1,1,1,1,1,1,-1,1,-1,-1,1,-1,1,-1,1,1,1,1,1,1,1,1,1,1,1,-1,1,-1,1,1,-1,1,-1,1,1,-1,1,-1,1,-1,1,-1,1,1,-1,-1,-1,1,1,1,1,-1,-1,1,1,-1,-1,1,-1,1,-1,-1,1,-1,1,-1,1,-1,1,-1,-1,1,-1,-1,-1,1,1,-1,1,-1,1,1,1,-1,1,1,-1,1,-1,1,-1,1,-1,1,-1,1,1,-1,1,-1,-1,-1,1,1,-1,1,-1,-1,-1,1,1,-1,-1,1,1,-1,-1,1,1,-1,1,1,-1,1,1,1,1,-1,1,-1,1,1,-1,1,-1,1,1,-1,1,1,1,1,1,-1,-1,1,-1,-1,1,1,1,-1,1,1,1,-1,1,-1,-1,1,1,1,1,1,-1,1,1,1,-1,1,1,-1,1,1,1,-1,1,1,-1,1,-1,1,1,-1,1,-1,1,1,1,-1,1,1,-1,1,1,1,-1,1,-1,-1,1,1,1,-1,1,-1,-1,1,1,1,-1,1,-1,-1,-1,-1,1,-1,1,1,-1,1,1,1,1,-1,1,-1,-1,-1,1,-1,1,-1,-1,1,-1,-1,-1,1,1,-1,1,-1,1,-1,1,-1,1,-1,1,1,1,1,-1,1,-1,1,1,-1,1,-1,-1,-1,-1,1,1,1,1,-1,-1,1,1,1,1,-1,-1,1,-1,-1,1,-1,1,-1,1,-1,1,1,-1,-1,-1,1,1,-1,1,-1,1,-1,-1,1,-1,1,1,-1,-1,-1,1,-1,-1,1,1,-1,-1,1,-1,1,1,-1,1,-1,1,-1,-1,1,1,-1,1,1,-1,1,1,-1,-1,1,1,-1,1,-1,1,-1,1,-1,-1,1,-1,1,-1,1,-1,-1,1,-1,-1,-1,1,-1,-1,1,1,1,-1,1,-1,-1,1,-1,-1,1,-1,1,-1,1,-1,1,-1,1,1,-1,-1,-1,1,-1,1,-1,-1,1,-1,1,1,1,1,-1,-1,1,1,-1,1,1,1,-1,1,1,1,1,1,1,-1,1,1,1,-1,1,-1,1,-1,-1,-1,1,-1,-1,1,-1,1,-1,1,-1,1,-1,-1,-1,1,1,-1,1,1,-1,-1,-1,1,-1,1,1,-1,1,-1,1,-1,-1,-1,-1,-1,-1,1,-1,-1,-1,-1,-1,-1,1,-1,1,1,1,1,-1,1,-1,1,1,-1,-1,-1,1,-1,-1,1,-1,1,-1,-1,1,1,1,1,-1,-1,1,1,1,1,-1,1,-1,-1,1,1,1,-1,-1,-1,1,1,1,1,-1,1,-1,1,-1,1,-1,1,1,-1,-1,1,1,1,-1,-1,-1,-1,1,1,1,1,-1,-1,-1,1,1,1,1,-1,-1,-1,1,-1,1,-1,-1,-1,-1,1,1,1,1,-1,-1,1,1,-1,1,1,-1,-1,-1,1,1,-1,1,-1,-1,-1,1,1,1,1,-1,-1,1,1,1,-1,1,-1,1,1,-1,1,1,-1,-1,-1,1,1,-1,1,1,-1,1,1,1,-1,1,1,-1,-1,1,-1,1,-1,-1,-1,-1,1,1,-1,1,-1,-1,-1,1,-1,-1,1,-1,1,-1,1,1,-1,-1,1,1,-1,1,-1,-1,1,-1,-1,-1,1,1,1,-1,-1,-1,-1,1,-1,1,-1,-1,-1,-1,-1,-1,-1,1,-1,-1,-1,1,-1,-1,1,-1,-1,-1,-1,-1,1,1,-1,-1,-1,-1,-1,1,-1,-1,-1,1,-1,-1,1,-1,1,-1,-1,-1,-1,-1,-1,-1,1,-1,-1,-1,1,1,-1,-1,-1,1,-1,1,-1,-1,-1,1,-1,-1,1,-1,1,-1,-1,-1,-1,1,-1,1,1,-1,1,-1,-1,1,1,-1,-1,-1,-1,-1,-1,1,1,-1,-1,1,-1,1,1,-1,-1,-1,1,-1,-1,1,-1,-1,1,-1,-1,1,1,1,-1,1,-1,1,1,1,-1,-1,1,-1,-1,1,1,1,-1,1,-1,-1,1,1,-1,1,1,-1,-1,1,1,-1,1,1,-1,-1,1,1,-1,1,1,-1,-1,1,1,1,1,-1,1,-1,-1,1,1,-1,1,-1,-1,1,-1,1,1,1,1,-1,-1,1,-1,1,1,1,-1,1,1,1,1,-1,1,-1,1,1,1,1,1,1,1,-1,1,1,1,1,-1,1,-1,1,1,1,1,1,-1,1,1,1,1,-1,1,1,-1,1,1,-1,1,1,-1,-1,1,1,1,1,-1,1,-1,1,1,1,-1,-1,1,-1,1,1,1,-1,1,-1,-1,-1,1,1,-1,-1,1,-1,-1,1,1,-1,-1,1,-1,-1,1,1,1,-1,1,-1,-1,1,1,-1,-1,-1,1,-1,-1,1,-1,1,1,-1,1,1,-1,-1,1,1,-1,-1,-1,1,-1,1,1,-1,1,1,-1,-1,-1,-1,1,-1,-1,-1,-1,1,-1,-1,1,1,-1,1,1,-1,1,1,1,1,-1,1,-1,1,1,1,1,-1,1,-1,1,1,1,1,-1,1,-1,-1,1,1,1,-1,1,-1,1,1,1,-1,-1,1,-1,-1,1,1,-1,-1,-1,1,-1,1,1,1,-1,1,-1,-1,1,-2670.0,1,2000,445,500,False
903,1,1,-1,-1,1,-1,-1,-1,1,1,1,-1,1,1,1,1,-1,1,-1,-1,-1,-1,1,1,1,-1,-1,-1,1,1,1,1,-1,-1,-1,-1,1,1,1,1,-1,-1,-1,1,1,1,1,-1,1,1,1,1,-1,1,-1,-1,1,-1,1,1,1,-1,-1,-1,1,1,1,1,-1,-1,-1,1,1,1,1,-1,-1,-1,1,1,1,-1,-1,-1,1,1,1,1,-1,-1,-1,1,1,1,1,-1,-1,1,1,-1,1,1,-1,-1,1,1,1,1,1,-1,-1,1,1,1,1,1,-1,-1,1,1,1,1,1,1,-1,-1,1,1,-1,1,1,-1,1,1,1,1,1,1,-1,-1,1,1,1,1,1,-1,1,1,1,1,1,1,-1,-1,-1,1,1,1,1,-1,1,1,1,1,-1,1,-1,1,-1,1,1,1,-1,-1,1,1,1,1,1,-1,1,-1,-1,1,-1,1,-1,1,1,1,1,1,1,1,1,1,-1,1,-1,1,-1,1,1,-1,1,-1,1,1,-1,1,-1,1,-1,1,-1,1,1,-1,1,-1,1,1,1,1,-1,-1,1,1,-1,-1,1,-1,1,-1,-1,1,-1,1,-1,1,-1,1,-1,-1,1,-1,-1,-1,1,1,-1,1,-1,1,1,1,-1,1,1,-1,1,-1,1,-1,1,-1,1,-1,1,1,-1,1,-1,-1,-1,1,1,-1,1,-1,-1,-1,1,1,-1,-1,1,1,-1,-1,1,1,-1,1,1,-1,1,1,1,1,-1,1,-1,1,1,-1,1,-1,1,1,-1,1,1,1,1,1,-1,-1,1,-1,-1,1,1,1,-1,1,1,1,-1,1,-1,-1,1,1,1,1,1,-1,1,1,1,-1,-1,1,-1,1,1,1,-1,1,1,-1,-1,1,1,1,-1,1,-1,1,1,1,-1,1,1,-1,1,1,1,-1,1,-1,-1,1,1,1,-1,1,-1,-1,-1,1,1,-1,1,-1,-1,1,-1,1,-1,1,1,-1,-1,1,1,1,1,1,-1,-1,1,1,-1,1,-1,-1,-1,-1,-1,-1,1,1,-1,-1,1,1,-1,1,-1,1,-1,1,1,1,1,-1,-1,1,1,1,-1,1,-1,-1,-1,-1,1,1,1,1,-1,-1,1,1,1,1,-1,-1,1,-1,-1,1,-1,1,-1,-1,1,-1,1,1,-1,-1,1,1,-1,1,-1,1,-1,-1,1,-1,1,1,-1,-1,-1,1,-1,-1,1,1,-1,-1,1,-1,1,1,-1,1,-1,1,-1,-1,1,1,-1,-1,1,-1,1,1,-1,-1,1,1,-1,1,-1,1,-1,1,-1,-1,1,-1,1,-1,1,-1,-1,1,-1,-1,-1,1,-1,-1,1,-1,1,-1,1,-1,-1,1,-1,-1,1,-1,1,-1,1,1,1,-1,1,1,-1,-1,1,1,-1,1,-1,-1,1,1,1,1,1,1,-1,-1,1,1,-1,1,1,1,-1,1,1,1,-1,1,1,-1,1,1,1,1,-1,-1,1,-1,-1,-1,1,-1,-1,1,-1,1,-1,1,-1,1,-1,-1,-1,1,1,-1,1,1,-1,-1,-1,1,-1,1,1,-1,1,-1,1,-1,-1,-1,-1,-1,-1,1,-1,-1,-1,-1,-1,-1,1,-1,1,1,1,1,-1,1,-1,1,1,-1,-1,-1,1,-1,-1,1,-1,1,-1,-1,1,1,1,1,-1,-1,1,1,1,1,-1,1,-1,-1,1,1,1,-1,-1,-1,1,1,1,1,-1,-1,-1,1,-1,1,-1,1,-1,-1,-1,1,1,1,-1,-1,-1,-1,1,1,1,1,-1,-1,-1,1,1,1,1,-1,-1,-1,1,-1,1,-1,-1,-1,1,1,1,1,1,-1,-1,-1,1,1,1,1,-1,-1,-1,1,1,-1,1,-1,-1,-1,1,1,1,1,-1,-1,1,1,1,1,-1,-1,1,1,-1,1,1,-1,-1,-1,1,1,1,1,1,-1,1,1,1,1,1,-1,-1,-1,1,-1,1,-1,-1,-1,-1,1,-1,1,1,-1,-1,-1,1,-1,1,1,-1,-1,-1,1,1,1,1,-1,-1,-1,1,-1,1,1,-1,-1,-1,1,1,-1,-1,-1,-1,-1,1,-1,1,-1,-1,-1,-1,-1,-1,-1,1,-1,-1,-1,1,-1,-1,1,-1,-1,-1,-1,-1,1,1,-1,-1,-1,-1,-1,1,-1,-1,-1,1,-1,-1,1,-1,1,-1,-1,-1,-1,-1,-1,-1,1,-1,-1,-1,1,1,1,-1,-1,1,-1,-1,-1,-1,-1,1,-1,-1,1,1,1,-1,-1,-1,-1,1,-1,1,1,-1,1,-1,-1,1,1,-1,-1,-1,-1,-1,-1,1,1,-1,-1,1,-1,1,1,-1,-1,-1,1,-1,1,1,-1,-1,1,-1,-1,1,1,1,-1,1,-1,1,1,1,-1,-1,1,-1,-1,1,1,1,-1,1,-1,-1,1,1,-1,1,1,-1,-1,1,1,-1,1,1,-1,-1,1,1,-1,1,1,-1,-1,1,1,1,1,-1,1,-1,-1,1,1,1,1,-1,-1,1,-1,1,1,1,1,-1,-1,1,-1,1,1,1,-1,1,1,1,1,-1,1,-1,1,1,1,1,1,1,1,-1,1,1,1,1,-1,1,-1,1,1,1,1,1,-1,1,1,1,1,-1,1,1,-1,1,1,-1,1,1,-1,-1,1,1,1,1,-1,1,-1,1,1,1,-1,-1,1,-1,1,1,1,-1,1,-1,-1,-1,1,1,-1,-1,1,-1,-1,1,1,1,-1,1,-1,-1,1,1,1,-1,1,-1,-1,1,1,-1,-1,-1,1,-1,-1,1,-1,1,1,-1,1,1,-1,-1,1,-1,-1,-1,1,1,-1,1,1,-1,1,1,-1,-1,-1,-1,1,-1,-1,-1,-1,1,-1,-1,1,1,-1,1,1,-1,1,1,1,1,-1,1,-1,1,1,1,1,-1,1,-1,-1,-1,1,1,-1,1,-1,1,1,1,1,-1,1,-1,1,1,1,-1,-1,1,-1,-1,1,1,-1,-1,-1,1,-1,1,-1,1,-1,1,-1,-1,1,-2670.0,1,2000,445,500,False
904,1,1,-1,-1,1,-1,-1,-1,1,1,1,-1,1,1,1,1,-1,1,-1,-1,-1,-1,1,1,1,-1,-1,-1,1,1,1,1,-1,-1,-1,-1,1,1,1,1,-1,-1,-1,1,1,1,1,-1,1,1,1,1,-1,1,-1,-1,1,-1,1,1,1,-1,-1,-1,1,1,1,1,-1,-1,-1,1,1,1,1,-1,-1,-1,1,1,1,-1,-1,-1,1,1,1,1,-1,-1,-1,1,1,1,1,-1,-1,1,1,-1,1,1,-1,-1,1,1,1,1,1,-1,-1,-1,1,1,1,1,-1,-1,1,1,1,1,1,1,-1,-1,1,1,-1,1,1,-1,1,1,1,1,1,1,-1,1,1,1,1,1,1,-1,1,1,1,1,1,1,-1,-1,-1,1,1,1,1,-1,1,1,1,1,-1,1,-1,1,-1,1,1,1,-1,-1,1,1,1,1,1,-1,1,-1,-1,1,-1,1,-1,1,1,1,1,1,1,1,1,1,-1,1,-1,1,-1,1,1,-1,1,-1,1,1,-1,1,-1,1,-1,1,-1,1,1,-1,1,-1,1,1,1,1,-1,-1,1,1,-1,-1,1,-1,1,-1,-1,1,-1,1,-1,1,-1,1,-1,1,1,-1,-1,-1,1,1,-1,1,-1,1,1,1,-1,1,-1,-1,1,-1,1,-1,1,1,1,-1,1,1,-1,1,-1,-1,-1,1,1,-1,1,-1,-1,-1,1,1,-1,-1,1,1,-1,-1,1,1,-1,1,1,-1,1,1,1,1,-1,1,-1,1,1,-1,1,-1,1,1,-1,1,1,1,1,1,-1,-1,1,-1,-1,-1,1,1,-1,1,1,1,-1,1,-1,-1,1,1,1,-1,1,-1,1,1,1,-1,-1,1,-1,1,1,1,-1,1,1,-1,-1,1,1,1,-1,1,-1,1,1,1,-1,1,1,-1,1,1,1,-1,1,-1,-1,1,1,1,-1,1,-1,-1,-1,1,1,-1,1,-1,-1,1,-1,1,-1,1,1,-1,-1,1,1,1,1,1,-1,-1,1,1,-1,1,-1,-1,-1,-1,-1,-1,1,1,-1,-1,1,1,-1,1,-1,1,-1,1,1,1,1,-1,-1,1,1,1,-1,1,-1,-1,-1,-1,1,1,1,1,-1,-1,1,1,1,1,-1,-1,1,-1,-1,1,-1,1,-1,-1,1,-1,1,1,-1,-1,1,1,-1,1,-1,1,-1,-1,1,-1,1,1,-1,-1,-1,1,-1,-1,1,1,-1,-1,1,-1,1,1,-1,1,-1,1,-1,-1,1,1,-1,-1,1,-1,1,1,-1,-1,1,1,-1,1,-1,1,-1,1,-1,-1,1,-1,1,-1,1,-1,-1,1,-1,-1,-1,1,-1,-1,1,-1,1,-1,1,-1,-1,1,-1,-1,1,-1,1,-1,1,-1,1,-1,1,1,-1,-1,-1,1,-1,1,-1,-1,1,-1,1,1,1,1,-1,-1,1,1,-1,1,1,-1,-1,1,1,1,-1,1,1,-1,1,1,1,1,-1,1,1,-1,-1,-1,1,-1,-1,1,1,1,-1,1,-1,1,-1,-1,-1,1,1,-1,1,1,-1,-1,-1,1,-1,1,1,-1,1,-1,1,-1,-1,-1,-1,-1,-1,1,-1,-1,-1,-1,-1,-1,1,-1,1,1,1,1,-1,1,-1,1,1,-1,-1,-1,1,-1,-1,1,-1,1,-1,-1,1,1,1,1,-1,-1,1,1,1,1,-1,1,-1,-1,1,1,1,-1,-1,-1,1,1,1,1,-1,-1,-1,1,-1,1,-1,1,1,-1,-1,1,1,1,-1,-1,-1,-1,1,1,1,1,-1,-1,-1,1,1,1,1,-1,-1,-1,1,-1,1,-1,-1,-1,1,1,1,1,1,-1,-1,-1,1,1,1,1,-1,-1,-1,1,1,-1,1,-1,-1,-1,1,1,1,1,-1,-1,1,1,1,1,-1,-1,1,1,-1,1,1,-1,-1,-1,1,1,1,1,1,-1,1,1,1,1,1,-1,-1,-1,1,-1,1,-1,-1,-1,-1,1,-1,1,1,-1,-1,-1,1,-1,1,1,-1,-1,-1,1,1,1,1,-1,-1,-1,1,-1,1,1,-1,-1,-1,1,1,-1,-1,-1,-1,-1,1,-1,1,-1,-1,-1,-1,-1,-1,-1,1,-1,-1,-1,1,-1,-1,1,-1,-1,-1,-1,-1,1,1,-1,-1,-1,-1,-1,1,-1,-1,-1,1,-1,-1,1,-1,1,-1,-1,-1,-1,-1,-1,-1,1,-1,-1,-1,1,1,-1,-1,-1,1,1,-1,-1,-1,-1,1,-1,-1,1,1,1,-1,-1,-1,-1,1,-1,1,1,-1,1,-1,-1,1,1,-1,-1,-1,-1,-1,-1,1,1,-1,-1,1,-1,1,1,-1,-1,-1,1,-1,1,1,-1,-1,1,-1,-1,1,1,1,-1,1,-1,1,1,1,-1,-1,1,-1,-1,1,-1,1,-1,1,-1,-1,1,1,-1,1,1,-1,-1,1,1,-1,1,1,-1,-1,1,1,-1,1,1,-1,-1,1,1,1,1,1,1,-1,-1,1,1,-1,1,-1,-1,1,-1,1,1,1,1,-1,-1,1,-1,1,1,1,-1,1,1,1,1,-1,1,-1,1,1,1,1,1,1,1,-1,1,1,1,1,-1,1,-1,1,1,1,1,1,-1,1,1,1,1,-1,1,1,-1,1,1,-1,1,1,-1,-1,1,1,1,1,-1,1,-1,1,1,1,-1,-1,1,-1,1,1,1,-1,1,-1,-1,-1,1,1,-1,-1,1,-1,-1,1,1,-1,-1,1,-1,-1,1,1,1,-1,1,-1,-1,1,1,-1,-1,-1,1,-1,-1,1,-1,1,1,-1,1,1,-1,-1,1,-1,-1,-1,1,1,-1,1,1,-1,1,1,-1,-1,-1,-1,1,-1,-1,-1,-1,1,-1,-1,1,1,-1,1,1,-1,1,1,1,1,-1,1,-1,1,1,1,-1,-1,1,-1,-1,1,1,-1,1,1,-1,1,1,1,-1,-1,1,-1,1,1,1,1,-1,1,-1,-1,1,1,-1,-1,1,1,-1,1,-1,1,-1,1,-1,-1,1,-2670.0,1,2000,445,500,False
905,1,1,-1,-1,1,-1,-1,-1,1,1,1,-1,1,1,1,1,-1,1,-1,-1,-1,-1,1,1,1,-1,-1,-1,1,1,1,1,1,-1,-1,-1,1,-1,1,1,-1,-1,-1,1,1,1,1,-1,1,1,1,1,-1,1,-1,-1,1,-1,1,1,1,-1,-1,-1,1,1,1,1,-1,-1,-1,1,1,1,1,-1,-1,-1,1,1,1,-1,-1,-1,1,1,1,1,-1,-1,-1,1,1,1,1,-1,-1,1,1,-1,1,1,-1,-1,1,1,1,1,1,-1,-1,1,1,1,1,1,-1,-1,1,1,1,1,1,1,-1,-1,1,1,-1,1,1,-1,1,1,1,1,1,1,-1,-1,1,1,1,1,1,-1,1,1,1,1,1,1,-1,-1,-1,1,1,1,1,-1,1,1,1,1,-1,1,-1,1,-1,1,1,1,-1,-1,1,1,1,1,1,-1,1,-1,-1,1,-1,1,-1,1,1,1,1,1,1,1,1,1,-1,1,-1,1,-1,1,1,-1,1,-1,1,1,-1,1,-1,1,-1,1,-1,1,1,-1,1,-1,1,1,1,1,-1,-1,1,1,-1,-1,1,-1,1,-1,1,1,-1,1,-1,1,-1,1,-1,1,1,-1,1,-1,1,1,-1,1,-1,1,1,1,-1,1,1,-1,1,-1,1,-1,1,-1,1,-1,1,1,-1,1,-1,-1,-1,1,1,-1,1,-1,-1,-1,1,1,-1,-1,1,1,-1,-1,1,1,-1,1,1,-1,1,1,1,1,-1,1,-1,1,1,-1,1,-1,1,-1,1,1,1,-1,-1,1,-1,-1,1,-1,-1,-1,1,1,-1,1,1,1,-1,1,1,1,1,1,1,1,1,-1,1,1,1,1,-1,1,-1,1,1,1,-1,1,1,-1,-1,1,1,1,-1,1,-1,1,1,1,-1,1,1,-1,1,1,1,-1,1,1,-1,1,1,1,1,1,1,1,-1,1,1,-1,1,1,-1,1,-1,1,-1,1,1,1,-1,1,1,1,1,1,1,-1,1,1,-1,1,1,1,-1,-1,-1,-1,1,1,1,-1,1,1,-1,1,1,-1,-1,1,1,1,1,1,-1,1,1,1,-1,1,1,1,-1,-1,1,1,1,-1,1,-1,1,1,1,1,1,1,-1,-1,-1,1,-1,-1,1,1,-1,1,1,1,1,1,1,1,-1,1,-1,-1,1,-1,1,-1,1,1,1,1,1,1,-1,-1,1,-1,1,1,1,-1,1,1,1,-1,1,1,-1,-1,1,-1,1,1,1,-1,1,1,1,1,1,1,-1,1,-1,1,1,1,-1,-1,1,-1,1,1,1,-1,-1,1,-1,1,1,1,-1,-1,1,-1,-1,1,1,-1,-1,1,-1,1,1,1,1,-1,1,-1,-1,1,1,1,-1,-1,-1,1,1,1,-1,-1,1,-1,-1,1,-1,1,-1,-1,1,-1,1,-1,1,-1,-1,1,-1,-1,1,1,1,-1,1,-1,1,-1,1,1,1,-1,-1,-1,1,-1,-1,-1,1,1,-1,1,-1,1,1,1,-1,1,1,-1,1,-1,1,-1,-1,1,-1,-1,1,1,1,-1,1,-1,-1,1,1,-1,-1,1,-1,-1,1,1,-1,-1,1,-1,-1,-1,1,1,-1,1,1,-1,-1,1,-1,-1,1,-1,1,-1,1,1,-1,-1,1,-1,-1,-1,-1,-1,1,1,1,-1,-1,1,-1,-1,1,-1,-1,1,-1,-1,-1,1,-1,-1,1,-1,-1,1,1,-1,1,-1,-1,-1,-1,1,1,-1,-1,-1,-1,1,1,-1,-1,1,-1,-1,-1,1,1,-1,-1,-1,-1,-1,1,-1,-1,-1,-1,-1,1,1,1,-1,-1,-1,-1,-1,1,1,-1,-1,-1,-1,-1,1,1,1,-1,-1,-1,-1,1,1,-1,-1,-1,-1,1,1,1,1,-1,-1,1,1,1,1,1,-1,-1,-1,1,1,1,-1,1,-1,1,1,1,1,-1,1,-1,-1,1,-1,1,-1,1,-1,-1,1,-1,1,-1,-1,-1,-1,1,-1,1,-1,1,1,-1,1,-1,1,-1,1,1,-1,1,-1,1,-1,-1,-1,-1,1,1,-1,-1,-1,-1,-1,1,-1,1,-1,-1,-1,-1,-1,-1,-1,1,-1,-1,-1,1,-1,-1,1,-1,-1,-1,-1,-1,1,1,-1,-1,-1,-1,-1,1,-1,-1,-1,1,-1,-1,1,-1,1,-1,-1,-1,-1,-1,-1,-1,1,-1,-1,-1,1,1,1,-1,-1,-1,1,-1,-1,-1,-1,1,-1,-1,1,-1,1,-1,-1,-1,-1,1,-1,1,1,-1,1,-1,-1,1,1,-1,-1,-1,-1,-1,-1,1,1,-1,-1,1,-1,1,1,-1,-1,-1,1,-1,1,1,-1,-1,1,-1,-1,1,1,1,-1,1,-1,1,1,1,-1,-1,1,-1,-1,1,-1,1,-1,1,-1,-1,1,1,-1,1,1,-1,-1,1,1,1,1,1,-1,-1,1,1,1,1,1,-1,-1,1,1,1,1,1,1,-1,-1,1,1,1,1,-1,-1,1,-1,1,1,1,1,-1,-1,1,-1,1,1,1,-1,1,1,1,1,-1,1,-1,1,1,1,1,1,1,1,-1,1,1,1,1,-1,1,-1,1,1,1,1,1,-1,1,1,1,1,-1,-1,1,-1,1,1,-1,1,1,-1,-1,1,1,1,-1,1,1,-1,1,1,1,-1,-1,1,-1,1,1,1,-1,1,-1,-1,-1,1,1,-1,-1,1,-1,-1,1,1,-1,-1,1,-1,-1,1,1,1,1,-1,-1,-1,1,1,-1,-1,-1,1,-1,-1,1,-1,1,1,-1,1,1,-1,-1,1,-1,-1,-1,1,1,-1,1,1,-1,1,1,-1,-1,1,-1,1,-1,-1,-1,-1,1,-1,-1,1,1,-1,1,1,-1,1,1,1,1,-1,1,-1,1,1,1,1,-1,1,-1,-1,1,1,1,-1,1,-1,1,1,1,1,-1,1,-1,1,1,1,-1,-1,1,-1,-1,1,1,-1,-1,-1,1,-1,1,-1,1,-1,1,-1,-1,1,-2670.0,1,2000,445,500,False
906,1,1,-1,-1,1,1,-1,-1,1,1,1,-1,-1,1,1,1,-1,1,-1,-1,-1,-1,1,1,1,-1,-1,-1,1,1,1,1,-1,-1,-1,-1,1,1,1,1,-1,-1,-1,1,1,1,1,-1,1,1,1,1,-1,1,-1,-1,1,-1,1,1,1,-1,-1,-1,1,1,1,1,-1,-1,-1,1,1,1,1,-1,-1,-1,1,1,1,-1,-1,-1,1,1,1,1,-1,-1,1,1,1,1,1,-1,-1,-1,1,-1,1,1,-1,-1,1,1,1,1,1,-1,-1,-1,1,1,1,1,-1,-1,1,1,1,1,1,1,-1,-1,1,1,-1,1,1,-1,1,1,1,1,1,1,-1,1,1,1,1,1,1,-1,1,1,1,1,1,1,-1,-1,-1,1,1,1,1,-1,1,1,1,1,-1,1,-1,1,-1,1,1,1,-1,-1,1,1,1,1,1,-1,1,-1,-1,1,-1,1,-1,1,1,1,1,1,1,1,1,1,-1,1,-1,1,-1,1,1,-1,1,-1,1,1,-1,1,-1,1,-1,1,-1,1,1,-1,-1,-1,1,1,1,1,-1,-1,1,1,-1,-1,1,-1,1,-1,-1,1,-1,1,-1,1,-1,1,-1,-1,1,-1,-1,-1,1,1,-1,1,-1,1,1,1,-1,1,-1,-1,1,-1,1,-1,1,1,1,-1,1,1,-1,1,-1,-1,-1,1,1,-1,1,-1,-1,-1,1,1,-1,-1,1,1,-1,-1,1,1,-1,1,1,-1,1,1,1,1,-1,1,-1,1,1,-1,1,-1,1,1,1,1,1,1,1,1,-1,-1,1,-1,-1,1,1,1,-1,1,1,1,-1,1,1,1,1,1,1,1,1,-1,1,1,1,-1,1,1,-1,1,1,1,-1,1,1,-1,-1,1,1,1,-1,1,-1,1,1,1,-1,1,1,-1,1,1,1,-1,1,1,-1,1,1,1,-1,1,1,-1,-1,1,1,-1,1,1,-1,1,-1,1,-1,1,1,1,-1,1,1,1,1,1,1,-1,1,1,-1,1,-1,1,-1,-1,-1,-1,1,1,1,-1,1,1,-1,1,1,-1,-1,1,1,1,1,1,-1,1,1,1,-1,1,1,1,1,-1,1,1,1,-1,1,-1,1,1,1,1,1,1,-1,-1,-1,1,-1,-1,1,-1,1,-1,1,1,1,1,1,-1,-1,1,-1,-1,1,-1,1,-1,1,1,1,1,1,1,-1,-1,1,-1,1,1,-1,-1,1,1,1,-1,1,-1,-1,-1,1,-1,1,1,-1,-1,1,1,1,1,-1,1,-1,1,-1,1,1,-1,-1,-1,1,-1,1,1,-1,-1,-1,1,-1,1,1,1,-1,-1,1,1,-1,1,-1,-1,-1,1,-1,1,1,1,-1,-1,1,-1,-1,1,-1,-1,-1,-1,-1,-1,1,-1,-1,-1,1,-1,-1,1,-1,-1,-1,-1,1,-1,1,-1,-1,-1,-1,1,-1,-1,1,1,1,-1,1,-1,1,1,1,-1,1,-1,-1,-1,1,-1,-1,1,1,1,-1,1,-1,1,1,1,-1,1,1,-1,1,-1,1,-1,-1,1,-1,-1,1,1,1,-1,1,-1,-1,1,1,-1,-1,1,-1,-1,1,1,-1,-1,1,-1,-1,-1,1,1,-1,1,-1,-1,-1,1,-1,-1,1,-1,1,-1,1,1,-1,-1,1,-1,-1,-1,-1,-1,1,1,1,-1,-1,1,-1,-1,1,-1,-1,1,-1,-1,1,1,-1,-1,1,-1,-1,1,1,-1,1,-1,-1,-1,-1,1,1,-1,-1,-1,-1,-1,1,-1,-1,1,-1,-1,-1,1,1,-1,-1,-1,-1,-1,1,-1,-1,-1,-1,-1,-1,1,1,-1,-1,-1,-1,1,1,1,-1,-1,-1,-1,-1,1,1,1,-1,-1,-1,-1,1,1,-1,-1,-1,-1,1,1,1,1,1,-1,1,1,1,1,1,1,-1,-1,1,1,1,-1,-1,-1,1,1,1,1,-1,1,-1,-1,1,-1,1,-1,1,-1,-1,1,-1,1,1,1,-1,-1,1,-1,1,-1,1,-1,-1,1,-1,1,1,1,-1,-1,1,-1,1,1,1,-1,-1,1,1,-1,1,1,-1,-1,1,-1,1,-1,1,-1,-1,-1,-1,-1,1,1,-1,-1,1,-1,-1,1,1,-1,-1,-1,-1,1,-1,1,-1,-1,-1,-1,-1,1,-1,-1,1,-1,-1,1,-1,1,-1,-1,-1,-1,-1,1,1,1,-1,-1,-1,1,1,1,-1,-1,1,-1,-1,-1,1,-1,1,-1,-1,1,1,1,-1,-1,-1,-1,1,-1,1,1,-1,1,-1,-1,1,1,-1,-1,-1,-1,-1,-1,1,1,-1,-1,1,-1,1,1,-1,-1,-1,1,-1,1,1,-1,-1,1,-1,-1,1,1,1,-1,1,-1,1,1,1,-1,-1,1,-1,-1,1,1,1,-1,1,-1,-1,1,1,-1,1,1,-1,-1,1,1,-1,1,1,-1,-1,1,1,-1,1,1,-1,-1,1,1,1,1,-1,1,-1,-1,1,1,-1,1,-1,-1,1,-1,1,1,1,1,-1,-1,1,-1,1,1,1,-1,1,1,1,1,-1,1,-1,1,1,1,1,1,1,1,-1,1,1,1,1,-1,1,-1,1,1,1,1,1,-1,1,1,1,1,-1,1,1,-1,1,1,-1,1,1,-1,-1,1,1,1,1,-1,1,-1,1,1,1,-1,-1,1,-1,1,1,1,-1,1,-1,-1,-1,1,1,-1,-1,1,-1,-1,1,1,1,-1,1,-1,-1,1,1,1,-1,1,-1,-1,1,1,-1,-1,-1,1,-1,1,1,-1,1,1,-1,1,1,-1,-1,1,-1,-1,-1,1,1,-1,1,1,-1,1,1,-1,-1,-1,-1,1,-1,-1,-1,-1,1,-1,-1,1,1,-1,1,1,-1,1,1,1,1,-1,1,-1,1,1,1,-1,-1,1,-1,-1,1,1,-1,1,1,-1,1,1,1,-1,-1,1,-1,1,1,1,1,-1,1,-1,-1,1,1,1,-1,1,1,-1,1,1,1,-1,1,-1,-1,1,-2670.0,1,2000,445,500,False
907,1,1,-1,-1,1,-1,-1,-1,1,1,1,-1,1,1,1,1,-1,1,-1,-1,-1,-1,1,1,1,-1,-1,-1,1,1,1,1,1,-1,-1,-1,1,-1,1,1,-1,-1,-1,1,1,1,1,-1,1,1,1,1,-1,1,-1,-1,1,-1,1,1,-1,-1,-1,-1,1,1,1,1,-1,-1,-1,1,1,1,1,-1,-1,-1,1,1,1,-1,-1,-1,1,1,1,1,-1,-1,1,1,1,1,1,-1,-1,-1,1,-1,1,1,-1,-1,1,1,1,1,1,-1,-1,-1,1,-1,1,1,-1,-1,1,1,1,1,1,1,-1,-1,1,1,-1,1,1,-1,1,1,1,1,1,1,-1,1,1,1,1,1,1,-1,1,1,1,1,1,1,-1,-1,-1,1,1,1,1,-1,1,1,1,1,-1,1,-1,1,-1,1,1,1,-1,-1,1,1,1,1,1,-1,1,-1,-1,1,-1,1,-1,1,1,1,1,1,1,1,1,1,-1,1,-1,1,-1,1,1,-1,1,-1,1,1,-1,1,-1,1,-1,1,-1,1,1,-1,1,-1,1,1,1,1,-1,-1,1,1,-1,-1,1,-1,1,-1,-1,1,-1,1,-1,1,-1,1,-1,1,1,-1,-1,-1,1,1,-1,1,-1,1,1,1,-1,1,1,-1,-1,-1,1,-1,1,-1,1,-1,1,1,-1,1,-1,-1,-1,1,1,-1,1,-1,-1,-1,1,1,-1,-1,1,1,-1,-1,1,1,-1,1,1,-1,1,1,1,1,-1,1,-1,1,1,-1,1,-1,1,1,1,1,1,1,1,1,-1,-1,1,-1,-1,1,1,1,-1,1,1,1,-1,1,1,1,1,1,1,-1,1,-1,1,1,1,-1,-1,1,-1,1,1,1,-1,1,1,-1,-1,1,1,1,-1,1,-1,1,1,1,-1,1,1,-1,1,1,1,-1,1,1,-1,1,1,1,-1,1,1,-1,-1,1,1,-1,1,1,-1,1,-1,1,-1,1,1,1,-1,1,1,1,-1,1,1,-1,1,1,-1,1,1,1,-1,-1,-1,-1,1,1,1,-1,1,1,-1,1,1,-1,-1,1,1,1,1,1,-1,1,1,1,-1,1,1,1,-1,-1,1,1,1,-1,1,-1,1,1,1,1,1,1,-1,-1,-1,1,-1,-1,1,-1,1,-1,1,-1,1,1,1,-1,-1,1,-1,-1,1,-1,1,-1,1,1,1,1,1,1,-1,-1,1,-1,1,1,-1,-1,1,1,1,-1,1,-1,-1,-1,1,-1,1,1,-1,-1,1,1,1,1,-1,1,-1,1,-1,-1,1,-1,-1,-1,1,-1,1,1,-1,-1,-1,1,-1,1,1,1,-1,-1,1,-1,-1,1,-1,-1,-1,1,-1,1,1,1,-1,-1,1,-1,-1,1,-1,-1,-1,-1,-1,-1,1,-1,-1,-1,1,-1,-1,1,-1,-1,-1,-1,1,-1,1,-1,-1,-1,-1,1,-1,-1,1,1,1,-1,1,-1,1,1,1,-1,1,-1,-1,-1,1,-1,-1,1,1,1,-1,1,-1,1,1,1,-1,1,1,-1,-1,-1,1,-1,-1,1,-1,-1,1,1,1,-1,1,-1,-1,1,1,-1,-1,1,-1,-1,1,1,-1,-1,1,-1,-1,-1,1,1,-1,1,-1,-1,-1,1,-1,-1,1,-1,1,-1,1,1,-1,-1,1,-1,-1,-1,-1,-1,1,1,1,-1,-1,1,-1,-1,1,-1,-1,1,-1,-1,1,1,-1,-1,1,1,-1,1,1,-1,1,-1,1,-1,-1,1,1,-1,-1,-1,-1,1,1,-1,-1,1,-1,-1,-1,1,1,-1,-1,-1,-1,-1,1,-1,-1,-1,-1,-1,1,1,1,-1,-1,-1,-1,-1,1,1,-1,-1,-1,-1,-1,1,1,1,-1,-1,-1,-1,1,1,-1,-1,-1,-1,1,1,1,1,1,-1,1,1,1,1,1,1,-1,-1,1,1,1,-1,-1,-1,1,1,1,1,-1,1,-1,-1,1,-1,1,-1,1,-1,-1,1,-1,1,-1,1,-1,-1,1,-1,1,-1,1,1,-1,1,-1,1,1,1,1,-1,1,-1,1,1,1,-1,-1,1,1,-1,1,1,-1,-1,1,-1,1,-1,1,-1,-1,-1,-1,-1,1,1,-1,-1,1,-1,-1,1,1,-1,-1,-1,-1,-1,-1,1,-1,-1,-1,-1,1,1,-1,-1,1,-1,-1,1,-1,1,-1,-1,-1,-1,-1,1,1,1,-1,-1,-1,1,1,1,-1,-1,1,-1,-1,-1,1,-1,1,-1,-1,1,1,1,-1,-1,-1,-1,1,-1,1,1,-1,1,-1,-1,1,1,-1,-1,-1,-1,-1,-1,1,1,-1,-1,1,-1,1,1,-1,-1,-1,1,-1,1,1,-1,-1,1,-1,-1,1,1,1,-1,1,-1,1,1,1,-1,-1,1,-1,-1,1,1,1,-1,1,-1,-1,1,1,-1,1,1,-1,-1,1,1,1,1,1,-1,-1,1,1,1,1,1,-1,-1,1,1,1,1,1,1,-1,-1,1,1,-1,1,-1,-1,1,-1,1,1,1,1,-1,-1,1,-1,1,1,1,-1,1,1,1,1,-1,1,-1,1,1,1,1,1,1,1,-1,1,1,1,1,-1,1,-1,1,1,1,1,1,-1,1,1,1,1,-1,1,1,-1,1,1,-1,1,1,-1,-1,1,1,1,1,-1,1,-1,1,1,1,-1,-1,1,-1,1,1,1,-1,1,-1,-1,-1,1,1,-1,-1,1,-1,-1,1,1,-1,-1,1,-1,-1,1,1,1,-1,1,-1,-1,1,1,-1,-1,-1,1,-1,-1,1,-1,1,1,-1,1,1,-1,-1,1,1,-1,-1,1,1,-1,1,1,-1,1,1,-1,-1,-1,-1,1,-1,-1,-1,-1,1,-1,-1,1,1,-1,1,1,-1,1,1,1,1,-1,1,-1,1,1,1,-1,-1,1,-1,-1,1,1,-1,-1,1,-1,1,1,1,-1,-1,1,-1,1,1,1,1,-1,1,-1,-1,1,1,1,-1,-1,1,-1,1,1,1,-1,1,-1,-1,1,-2670.0,1,2000,445,500,False
908,1,1,-1,-1,1,-1,-1,-1,1,1,1,-1,1,1,1,1,-1,1,-1,-1,1,-1,1,1,1,-1,-1,-1,1,1,1,1,1,-1,-1,-1,1,1,1,1,-1,-1,-1,1,1,1,1,-1,1,1,1,1,-1,1,-1,-1,1,-1,1,1,1,-1,-1,-1,1,1,1,1,-1,-1,-1,1,1,1,1,-1,-1,-1,1,1,1,-1,-1,-1,1,1,1,1,-1,-1,-1,1,1,1,1,-1,-1,1,1,-1,1,1,-1,-1,1,1,1,1,1,-1,-1,1,1,-1,1,1,-1,-1,1,1,1,1,1,1,-1,-1,1,1,-1,1,1,-1,1,1,1,1,1,1,-1,-1,1,1,1,1,1,-1,1,1,1,1,1,1,-1,-1,-1,1,1,1,1,-1,1,1,1,1,-1,1,-1,1,-1,1,1,1,-1,-1,1,1,1,1,1,-1,1,-1,-1,1,-1,1,-1,1,1,1,1,1,1,1,1,1,-1,1,-1,1,-1,1,1,-1,1,-1,1,1,-1,1,-1,1,-1,1,-1,1,1,-1,-1,-1,1,1,1,1,-1,-1,1,1,-1,-1,1,-1,1,-1,-1,1,-1,1,-1,1,-1,1,-1,-1,1,-1,-1,-1,1,1,-1,1,-1,1,1,1,-1,1,1,-1,1,-1,1,-1,1,-1,1,-1,1,1,-1,1,-1,-1,-1,1,1,-1,1,-1,-1,-1,1,1,-1,-1,1,1,-1,-1,1,1,-1,1,1,-1,1,1,1,1,-1,1,-1,1,1,-1,1,-1,1,-1,1,1,1,1,1,1,-1,-1,1,-1,-1,-1,1,1,-1,1,1,1,-1,1,1,1,1,1,1,-1,1,-1,1,1,1,-1,1,1,-1,1,1,1,-1,1,1,-1,-1,1,1,1,-1,1,-1,1,1,1,-1,1,1,-1,1,1,1,-1,1,1,-1,1,1,1,-1,1,1,1,-1,1,1,-1,1,1,-1,1,-1,1,-1,1,1,1,-1,1,1,1,1,1,1,-1,1,1,-1,1,1,1,-1,-1,-1,-1,1,1,1,-1,1,1,-1,1,1,-1,-1,1,1,1,1,1,-1,1,1,1,-1,1,1,1,-1,-1,1,1,1,-1,1,-1,1,1,1,1,1,1,-1,-1,-1,1,-1,-1,1,1,-1,1,1,1,1,1,1,1,-1,1,-1,-1,1,-1,1,-1,1,1,1,1,1,1,-1,-1,1,-1,1,1,1,-1,1,1,1,-1,1,1,-1,-1,1,-1,1,1,1,-1,1,1,1,1,1,1,-1,1,-1,1,1,1,-1,-1,1,-1,1,1,1,-1,-1,1,-1,1,1,1,-1,-1,1,1,-1,1,1,-1,-1,1,-1,1,1,1,1,-1,1,-1,-1,1,1,1,-1,-1,-1,1,1,1,-1,-1,1,-1,-1,1,-1,1,-1,-1,1,-1,1,-1,1,-1,-1,1,-1,-1,1,1,1,-1,1,-1,1,-1,-1,-1,1,-1,-1,-1,1,-1,-1,1,1,1,-1,1,-1,1,1,1,-1,1,1,-1,-1,-1,1,-1,-1,1,-1,-1,1,1,1,-1,1,-1,-1,1,1,-1,-1,1,-1,-1,1,1,-1,-1,1,-1,-1,-1,1,1,-1,1,1,-1,-1,1,-1,-1,1,-1,1,-1,1,1,-1,-1,1,-1,-1,-1,-1,-1,1,1,1,-1,-1,1,-1,-1,1,-1,-1,1,-1,-1,1,1,-1,-1,1,1,-1,1,1,-1,1,-1,1,-1,-1,1,1,-1,-1,-1,-1,-1,1,-1,-1,1,-1,-1,-1,1,1,-1,-1,-1,-1,-1,1,-1,-1,-1,-1,-1,-1,1,1,-1,-1,-1,-1,1,1,1,-1,-1,-1,-1,-1,1,1,1,-1,-1,-1,-1,1,1,-1,-1,-1,-1,1,1,1,1,-1,-1,1,1,1,1,1,-1,-1,-1,1,1,1,1,1,-1,1,1,1,1,-1,1,-1,-1,1,-1,1,-1,1,-1,-1,1,-1,1,-1,-1,-1,-1,1,-1,1,-1,1,-1,-1,1,-1,1,-1,1,-1,-1,1,-1,1,-1,-1,-1,-1,1,1,-1,-1,-1,-1,-1,1,-1,1,-1,-1,-1,-1,-1,-1,-1,1,-1,-1,-1,1,-1,-1,1,-1,-1,-1,-1,-1,-1,1,-1,-1,-1,-1,-1,1,-1,-1,-1,1,-1,-1,1,-1,1,-1,-1,-1,-1,-1,-1,-1,1,-1,-1,-1,1,1,-1,-1,-1,1,1,-1,-1,-1,-1,1,-1,-1,1,-1,1,-1,-1,-1,-1,1,-1,1,1,-1,1,-1,-1,1,1,-1,-1,-1,-1,-1,-1,1,1,-1,-1,1,-1,1,1,-1,-1,-1,1,-1,1,1,-1,-1,1,-1,-1,1,1,1,-1,1,-1,1,1,1,-1,-1,1,-1,-1,1,1,1,-1,1,-1,-1,1,1,-1,1,1,-1,-1,1,1,1,1,1,-1,-1,1,1,1,1,1,-1,-1,1,1,1,1,-1,1,-1,-1,1,1,1,1,-1,-1,1,-1,1,1,1,1,-1,-1,1,-1,1,1,1,-1,1,1,1,1,-1,1,-1,1,1,1,1,1,1,1,-1,1,1,1,1,-1,1,-1,1,1,1,1,1,-1,1,1,1,1,-1,1,1,-1,1,1,-1,1,1,-1,-1,1,1,1,1,-1,1,-1,1,1,1,-1,-1,1,-1,1,1,1,-1,1,-1,-1,-1,1,1,-1,-1,1,-1,-1,1,1,1,-1,1,-1,-1,1,1,1,-1,1,-1,-1,1,1,-1,-1,-1,1,-1,-1,1,-1,1,1,-1,1,1,-1,-1,1,-1,-1,-1,1,1,-1,1,1,-1,1,1,-1,-1,-1,-1,1,-1,-1,-1,-1,1,-1,-1,1,1,-1,1,1,-1,1,1,1,1,-1,1,-1,1,1,1,1,-1,1,-1,-1,1,1,1,-1,1,-1,1,1,1,1,-1,1,-1,1,1,-1,-1,-1,1,-1,-1,1,1,-1,-1,-1,1,-1,1,-1,1,-1,1,-1,-1,1,-2670.0,1,2000,445,500,False
909,1,1,-1,-1,1,-1,-1,-1,1,1,1,-1,1,1,1,1,-1,1,-1,-1,-1,-1,1,1,1,-1,-1,-1,1,1,1,1,1,-1,-1,-1,1,-1,1,1,-1,-1,-1,1,1,1,1,-1,1,1,1,1,-1,1,-1,-1,1,-1,1,1,1,-1,-1,-1,1,1,1,1,-1,-1,-1,1,1,1,1,-1,-1,-1,1,1,1,-1,-1,-1,1,1,1,1,-1,-1,1,1,1,1,1,-1,-1,-1,1,-1,1,1,-1,-1,1,1,1,1,1,-1,-1,-1,1,1,1,1,-1,-1,1,1,1,1,1,1,-1,-1,1,1,-1,1,1,-1,1,1,1,1,1,1,-1,1,1,1,1,1,1,-1,1,1,1,1,1,1,-1,-1,-1,1,1,1,1,-1,1,1,1,1,-1,1,-1,1,-1,1,1,1,-1,-1,1,1,1,1,1,-1,1,-1,-1,1,-1,1,-1,1,1,1,1,1,1,1,1,1,1,1,-1,1,-1,1,1,-1,1,-1,1,1,-1,1,-1,1,-1,1,-1,1,1,-1,1,-1,1,1,1,1,-1,-1,1,1,-1,-1,1,-1,1,-1,1,1,-1,1,-1,1,-1,1,-1,1,1,-1,-1,-1,1,1,-1,1,-1,1,1,1,-1,1,1,-1,1,-1,1,-1,1,-1,1,-1,1,1,-1,1,-1,-1,-1,1,1,-1,1,-1,-1,-1,1,1,-1,-1,1,1,-1,-1,1,1,-1,1,1,-1,1,1,1,1,-1,1,-1,1,1,-1,1,-1,1,1,1,1,1,1,1,1,-1,-1,1,-1,-1,1,1,1,-1,1,1,1,-1,1,1,1,1,1,1,-1,1,-1,1,1,1,-1,1,1,-1,1,1,1,-1,1,1,-1,-1,1,1,1,-1,1,-1,1,1,1,-1,1,1,-1,1,1,1,-1,1,1,-1,1,1,1,-1,1,1,-1,-1,1,1,-1,1,1,-1,1,-1,1,-1,1,1,1,-1,1,1,1,-1,1,1,-1,1,1,-1,1,1,1,-1,-1,-1,-1,1,1,1,-1,1,1,-1,1,1,-1,-1,1,1,1,1,1,-1,1,1,1,-1,1,1,1,1,-1,1,1,1,-1,1,-1,1,1,1,1,1,1,-1,-1,-1,1,-1,-1,1,-1,1,-1,1,1,1,1,1,-1,-1,1,-1,-1,1,-1,1,-1,1,1,-1,1,1,1,-1,-1,1,-1,1,1,-1,-1,1,1,1,-1,1,-1,-1,-1,1,-1,1,1,-1,-1,1,1,1,1,-1,1,-1,1,-1,1,1,-1,-1,1,1,-1,1,1,-1,-1,-1,1,-1,1,1,1,-1,-1,1,-1,-1,1,-1,-1,-1,1,-1,1,1,1,-1,-1,1,-1,-1,1,-1,-1,-1,1,-1,1,1,-1,-1,-1,1,-1,-1,1,-1,-1,-1,-1,1,-1,1,-1,-1,-1,1,1,-1,-1,1,1,1,-1,1,-1,1,-1,1,1,1,-1,-1,-1,1,-1,-1,1,1,1,-1,1,-1,1,1,1,-1,1,1,-1,-1,-1,1,-1,-1,1,-1,-1,1,1,1,-1,1,-1,-1,1,1,-1,-1,1,-1,-1,1,1,-1,-1,1,-1,-1,-1,1,1,-1,1,1,-1,-1,1,-1,-1,1,-1,1,-1,1,1,-1,-1,1,-1,-1,-1,-1,-1,1,1,1,-1,-1,1,-1,-1,1,-1,-1,1,-1,-1,1,1,-1,-1,1,-1,-1,1,1,-1,1,-1,-1,-1,-1,1,1,-1,-1,-1,-1,1,1,-1,-1,1,-1,-1,-1,1,1,-1,-1,-1,-1,-1,1,-1,-1,-1,-1,-1,1,1,1,-1,-1,-1,-1,-1,1,1,-1,-1,-1,-1,-1,1,1,1,-1,-1,-1,-1,1,1,-1,-1,-1,-1,1,1,1,1,1,-1,1,1,1,1,1,1,-1,-1,1,1,1,-1,-1,-1,1,1,1,1,-1,1,-1,-1,1,-1,1,-1,1,-1,-1,1,-1,1,-1,1,-1,-1,1,-1,1,-1,1,1,-1,1,-1,1,1,1,1,-1,1,-1,1,1,1,-1,-1,1,1,-1,1,1,-1,-1,1,-1,1,-1,1,-1,-1,-1,-1,-1,1,1,-1,-1,1,-1,-1,1,1,-1,-1,-1,-1,1,-1,1,-1,-1,-1,-1,-1,1,-1,-1,1,-1,-1,1,-1,1,-1,-1,-1,-1,-1,1,1,1,-1,-1,-1,1,1,1,-1,-1,-1,1,-1,-1,1,-1,1,-1,-1,1,1,1,-1,-1,-1,-1,1,-1,1,1,-1,1,-1,-1,1,1,-1,-1,-1,-1,-1,-1,1,1,-1,-1,1,-1,1,1,-1,-1,-1,1,-1,1,1,-1,-1,1,-1,-1,1,1,1,-1,1,-1,1,1,1,-1,-1,1,-1,-1,1,1,1,-1,1,-1,-1,1,1,-1,1,1,-1,-1,1,1,1,1,1,-1,-1,1,1,1,1,1,-1,-1,1,1,1,1,1,1,-1,-1,1,1,1,1,-1,-1,1,-1,1,1,1,1,-1,-1,1,-1,1,1,1,-1,1,-1,1,1,-1,1,-1,1,1,1,1,1,1,1,-1,-1,1,1,1,-1,1,-1,1,1,1,1,1,-1,1,-1,1,1,-1,1,1,-1,1,1,-1,1,1,-1,-1,1,1,1,1,-1,1,-1,-1,1,1,-1,-1,1,-1,1,1,1,-1,1,-1,-1,-1,1,1,-1,-1,1,-1,-1,1,1,1,-1,1,-1,-1,1,1,1,-1,1,-1,-1,1,1,-1,-1,-1,1,-1,-1,1,-1,1,1,-1,1,1,-1,-1,1,1,-1,-1,1,1,-1,1,1,-1,1,1,-1,-1,-1,-1,1,-1,-1,-1,-1,1,-1,-1,1,1,-1,1,1,-1,1,1,1,1,-1,1,-1,1,1,1,-1,-1,1,-1,-1,1,1,-1,-1,1,-1,1,1,1,-1,-1,1,-1,1,1,1,1,-1,1,-1,-1,1,1,1,-1,-1,1,-1,1,1,1,-1,1,-1,-1,1,-2670.0,1,2000,445,500,False
910,1,1,-1,-1,1,1,-1,-1,1,1,1,-1,-1,1,1,1,-1,1,1,-1,-1,-1,1,1,1,1,-1,-1,1,1,1,1,-1,-1,-1,-1,1,1,1,1,-1,-1,-1,1,1,1,1,-1,1,1,1,1,-1,1,-1,-1,1,-1,1,1,1,-1,-1,-1,1,1,1,1,-1,-1,-1,1,1,1,1,-1,-1,-1,1,1,1,-1,-1,-1,1,1,1,1,-1,-1,-1,1,1,1,1,-1,-1,1,1,-1,1,1,-1,-1,1,1,1,1,1,-1,-1,-1,1,1,1,1,-1,-1,1,1,1,1,1,1,-1,-1,1,1,-1,1,1,-1,1,1,1,1,1,1,-1,1,1,1,1,1,1,-1,1,1,1,1,1,1,-1,-1,-1,1,1,1,1,-1,1,1,1,1,-1,1,-1,1,-1,1,1,1,-1,-1,1,1,1,1,1,-1,1,-1,-1,1,-1,1,-1,1,1,1,1,1,1,1,1,1,-1,1,-1,1,-1,1,1,-1,1,-1,1,1,-1,1,-1,1,-1,1,-1,1,1,-1,1,-1,1,1,1,1,-1,-1,1,1,-1,-1,1,-1,1,-1,1,1,-1,1,-1,1,-1,1,-1,-1,1,-1,-1,-1,1,1,-1,1,-1,1,1,1,-1,1,1,-1,1,-1,1,-1,1,-1,1,-1,1,1,-1,1,-1,-1,-1,1,1,-1,1,-1,-1,-1,1,1,-1,-1,1,1,-1,-1,1,1,-1,1,1,-1,1,1,1,1,-1,1,-1,1,1,-1,1,-1,1,1,-1,1,1,1,1,1,-1,-1,1,-1,-1,-1,1,1,-1,1,1,1,-1,1,-1,-1,1,1,1,-1,1,-1,1,1,1,-1,-1,1,-1,1,1,1,-1,1,1,-1,-1,1,1,1,-1,1,-1,1,1,1,-1,1,1,-1,1,1,1,-1,1,-1,-1,1,1,1,-1,1,-1,-1,-1,1,1,-1,1,-1,-1,1,-1,1,-1,1,1,-1,-1,1,1,1,1,1,-1,-1,1,1,-1,1,-1,-1,-1,-1,-1,-1,1,1,-1,-1,1,1,-1,1,-1,1,-1,1,1,1,1,1,-1,1,1,1,-1,1,-1,-1,-1,-1,1,1,1,1,-1,-1,1,1,1,1,-1,-1,1,-1,-1,1,-1,1,-1,-1,1,-1,1,1,-1,-1,1,1,-1,1,-1,1,-1,-1,1,-1,1,1,-1,-1,-1,1,-1,-1,1,1,-1,-1,1,-1,1,1,-1,1,-1,1,-1,-1,1,1,-1,-1,1,-1,1,1,-1,-1,1,1,-1,1,-1,1,-1,1,-1,-1,1,-1,1,-1,1,-1,-1,1,-1,-1,-1,1,-1,-1,1,-1,1,-1,1,-1,-1,1,-1,-1,1,-1,1,-1,1,-1,1,-1,1,1,-1,-1,-1,1,-1,1,-1,-1,1,-1,1,1,1,1,-1,-1,1,1,-1,1,1,-1,-1,1,1,1,-1,1,1,-1,1,1,1,1,1,-1,1,-1,-1,-1,1,-1,-1,1,-1,1,-1,1,-1,1,-1,-1,-1,1,1,-1,1,1,-1,-1,-1,1,-1,1,1,-1,1,-1,1,-1,-1,-1,-1,-1,-1,1,-1,-1,-1,-1,-1,-1,1,-1,1,1,1,1,-1,1,-1,1,1,-1,-1,-1,1,-1,-1,1,-1,1,-1,-1,1,1,1,1,-1,-1,1,1,1,1,-1,1,-1,-1,1,1,1,-1,-1,-1,1,1,1,1,-1,-1,-1,1,-1,1,-1,1,-1,-1,-1,1,1,1,-1,-1,-1,-1,1,1,1,1,-1,-1,-1,1,1,1,1,-1,-1,-1,1,-1,1,-1,-1,-1,1,1,1,1,1,-1,-1,-1,1,1,1,1,-1,-1,-1,1,1,-1,1,-1,-1,-1,1,1,1,1,-1,-1,1,1,1,1,-1,-1,1,1,-1,1,1,-1,-1,-1,1,1,1,1,1,-1,1,1,1,1,1,-1,-1,-1,1,-1,1,-1,-1,-1,-1,1,-1,1,1,-1,-1,-1,1,-1,1,1,-1,-1,-1,1,1,1,1,-1,-1,-1,1,-1,1,1,-1,-1,-1,1,1,-1,-1,-1,-1,-1,1,-1,1,-1,-1,-1,-1,-1,-1,-1,1,-1,-1,-1,1,-1,-1,1,-1,-1,-1,-1,-1,-1,1,-1,-1,-1,-1,-1,1,-1,-1,-1,1,-1,-1,1,-1,1,-1,-1,-1,-1,-1,-1,-1,1,-1,-1,-1,1,1,1,-1,-1,-1,1,-1,-1,-1,-1,1,-1,-1,1,1,1,-1,-1,-1,-1,1,-1,1,1,-1,1,-1,-1,1,1,-1,-1,-1,-1,-1,-1,1,1,-1,-1,1,-1,1,1,-1,-1,-1,1,-1,1,1,-1,-1,1,-1,-1,1,1,1,-1,1,-1,1,1,1,-1,-1,1,-1,-1,1,1,1,-1,1,-1,-1,1,1,-1,1,1,-1,-1,1,1,-1,1,1,-1,-1,1,1,-1,1,1,-1,-1,1,1,1,1,-1,1,-1,-1,1,-1,1,1,-1,-1,1,-1,1,1,1,1,-1,-1,1,-1,1,1,1,-1,1,1,1,1,-1,1,-1,1,1,1,1,1,1,1,-1,1,1,1,1,-1,1,-1,1,1,1,1,1,-1,1,1,1,1,-1,1,1,-1,1,1,-1,1,1,-1,-1,1,1,1,1,-1,1,-1,1,1,1,-1,-1,1,-1,1,1,1,-1,1,-1,-1,-1,1,1,-1,-1,1,-1,-1,1,1,-1,-1,1,-1,-1,1,1,1,-1,1,-1,-1,1,1,-1,-1,-1,1,-1,1,1,-1,1,1,-1,1,1,-1,-1,1,-1,-1,-1,1,1,-1,1,1,-1,1,1,-1,-1,-1,-1,1,-1,-1,-1,-1,1,-1,-1,1,1,-1,1,1,-1,1,1,1,1,-1,1,-1,1,1,1,-1,-1,1,-1,-1,1,1,-1,-1,1,-1,1,1,1,-1,-1,1,-1,1,1,1,1,-1,1,-1,-1,1,1,-1,-1,-1,1,-1,1,-1,1,-1,1,-1,-1,1,-2670.0,1,2000,445,500,False
911,1,1,-1,-1,1,1,-1,-1,1,1,1,-1,1,1,1,1,-1,1,-1,-1,1,-1,1,1,1,-1,1,-1,1,1,1,1,1,-1,-1,-1,1,-1,1,1,-1,-1,-1,1,1,1,1,-1,1,1,1,1,-1,1,-1,-1,1,-1,1,1,1,-1,-1,-1,1,1,1,1,-1,-1,-1,1,1,1,1,-1,-1,-1,1,1,1,-1,-1,-1,1,1,1,1,-1,-1,-1,1,1,1,1,-1,-1,1,1,-1,1,1,-1,-1,1,1,1,1,1,-1,-1,1,1,1,1,1,-1,-1,1,1,1,1,1,1,-1,-1,1,1,-1,1,1,-1,1,1,1,1,1,1,-1,-1,1,1,1,1,1,-1,1,1,1,1,1,1,-1,-1,-1,1,1,1,1,-1,1,1,1,1,-1,1,-1,1,-1,1,1,1,-1,-1,1,1,1,1,1,-1,1,-1,-1,1,-1,1,-1,1,1,1,1,1,1,1,1,1,-1,1,-1,1,-1,1,1,-1,1,-1,1,1,-1,1,-1,1,-1,1,-1,1,1,-1,1,-1,1,1,1,1,-1,-1,1,1,-1,-1,1,-1,1,-1,-1,1,-1,1,-1,1,-1,1,-1,1,1,-1,1,-1,1,1,-1,1,-1,1,1,1,-1,1,1,-1,1,-1,1,-1,1,-1,1,-1,1,1,-1,1,-1,-1,-1,1,1,-1,1,-1,-1,-1,1,1,-1,-1,1,1,-1,-1,1,1,-1,1,1,-1,1,1,1,1,-1,1,-1,1,1,-1,1,-1,1,1,-1,1,1,-1,-1,1,-1,-1,1,-1,-1,-1,1,1,-1,1,1,1,-1,1,-1,-1,1,1,1,1,1,-1,1,1,1,1,-1,1,-1,1,1,1,-1,1,1,-1,-1,1,1,1,-1,1,-1,1,1,1,-1,1,1,-1,1,1,1,-1,1,-1,-1,1,1,1,1,1,-1,-1,-1,1,1,-1,1,-1,-1,1,-1,1,-1,1,1,-1,-1,1,1,1,-1,1,-1,-1,1,1,-1,1,-1,-1,-1,-1,-1,-1,1,1,-1,-1,1,1,-1,1,-1,-1,-1,1,1,1,1,-1,-1,1,1,1,-1,1,-1,-1,-1,-1,1,1,1,1,-1,-1,1,1,1,1,-1,-1,1,-1,-1,1,-1,1,-1,-1,1,-1,1,-1,-1,-1,1,1,-1,1,-1,1,-1,-1,1,-1,1,1,-1,-1,-1,1,-1,-1,1,1,-1,-1,1,-1,1,1,-1,1,-1,1,-1,-1,1,1,-1,-1,1,-1,1,1,-1,-1,1,1,-1,1,-1,1,-1,1,-1,-1,1,-1,1,-1,1,-1,-1,1,-1,-1,-1,1,-1,-1,1,1,1,-1,1,-1,-1,1,-1,-1,1,-1,1,-1,1,1,1,-1,1,1,-1,-1,-1,1,-1,1,-1,-1,1,-1,1,1,1,1,-1,-1,1,1,-1,1,1,-1,-1,1,1,1,-1,1,1,-1,1,1,1,1,1,-1,1,-1,-1,-1,1,-1,-1,1,-1,1,-1,1,-1,1,-1,-1,-1,1,1,-1,1,1,-1,-1,-1,1,-1,1,1,-1,1,-1,1,-1,-1,-1,-1,-1,-1,1,-1,-1,-1,-1,-1,-1,1,-1,1,1,1,1,-1,1,-1,1,1,-1,-1,-1,1,-1,-1,1,-1,1,-1,-1,1,1,1,1,-1,-1,1,1,1,1,-1,1,-1,-1,1,1,1,-1,-1,-1,-1,1,1,1,-1,-1,-1,1,-1,1,-1,1,-1,-1,-1,1,1,1,-1,-1,-1,-1,1,1,1,1,-1,-1,-1,1,1,1,1,-1,-1,-1,1,1,1,-1,-1,-1,1,1,1,1,1,-1,-1,-1,1,1,1,1,-1,-1,-1,1,1,-1,1,-1,-1,-1,1,1,1,1,-1,-1,1,1,1,1,-1,-1,1,1,-1,1,1,-1,-1,-1,1,1,1,1,1,-1,1,1,1,1,1,-1,-1,-1,1,-1,1,-1,-1,-1,-1,1,-1,1,1,-1,-1,-1,1,-1,1,1,-1,1,-1,1,1,1,1,-1,1,-1,1,-1,1,1,-1,-1,-1,1,1,-1,-1,-1,-1,-1,1,-1,1,-1,-1,-1,-1,-1,-1,-1,1,-1,-1,-1,1,-1,-1,1,-1,-1,-1,-1,-1,1,1,-1,-1,-1,-1,-1,1,-1,-1,-1,1,-1,-1,1,-1,1,-1,-1,-1,-1,-1,-1,-1,1,-1,-1,-1,1,1,-1,-1,-1,1,-1,-1,-1,-1,-1,1,-1,-1,1,1,1,-1,-1,-1,-1,1,-1,1,1,-1,1,-1,-1,1,1,-1,-1,-1,-1,-1,-1,1,1,-1,-1,1,-1,1,1,-1,-1,-1,1,-1,1,1,-1,-1,1,-1,-1,1,1,1,-1,1,-1,1,1,1,-1,-1,1,-1,-1,1,1,1,-1,1,-1,-1,1,1,-1,1,1,-1,-1,1,1,1,1,1,-1,-1,1,1,1,1,1,-1,-1,1,1,1,1,1,1,-1,-1,1,1,-1,1,-1,-1,1,-1,1,1,1,1,-1,-1,1,-1,1,1,1,-1,1,1,1,1,-1,1,-1,1,1,1,1,1,1,1,-1,1,1,1,1,-1,1,-1,1,1,1,1,1,-1,1,1,1,1,-1,-1,1,-1,1,1,-1,1,1,-1,-1,1,1,1,-1,1,1,-1,1,1,1,-1,-1,1,-1,1,1,1,-1,1,-1,-1,-1,1,1,-1,-1,1,-1,-1,1,1,-1,-1,1,-1,-1,-1,1,1,1,-1,-1,-1,1,1,-1,-1,-1,1,-1,-1,1,-1,1,1,-1,1,1,-1,-1,1,1,-1,-1,1,1,-1,1,1,-1,1,1,-1,-1,-1,-1,1,-1,-1,-1,-1,1,-1,-1,1,1,-1,1,1,-1,1,1,1,1,-1,1,-1,1,1,1,1,-1,1,-1,1,1,1,1,-1,1,-1,-1,1,1,1,-1,1,-1,1,1,-1,-1,-1,1,-1,-1,1,1,-1,-1,-1,1,-1,1,-1,1,-1,1,-1,-1,1,-2670.0,1,2000,445,500,False
912,1,1,-1,-1,1,-1,-1,-1,1,1,1,-1,1,1,1,1,-1,1,-1,-1,1,-1,1,1,1,-1,1,-1,1,1,1,1,1,-1,-1,-1,1,1,1,1,-1,-1,-1,1,1,1,1,-1,1,1,1,1,-1,1,-1,-1,1,-1,1,1,1,-1,-1,-1,1,1,1,1,-1,1,-1,1,1,1,1,-1,-1,-1,1,1,1,-1,-1,-1,1,1,1,1,-1,1,-1,1,1,1,1,-1,-1,1,1,-1,1,1,-1,-1,1,1,1,1,1,-1,-1,1,1,1,1,1,-1,-1,1,1,1,1,1,1,-1,1,1,1,-1,1,1,-1,1,1,1,1,1,1,-1,-1,1,1,1,1,1,-1,1,1,1,1,1,1,-1,-1,-1,1,1,1,1,-1,1,1,1,1,-1,1,-1,1,-1,1,1,1,-1,-1,1,1,1,1,1,-1,1,-1,-1,1,-1,1,-1,1,1,1,1,1,1,1,1,1,-1,1,-1,1,-1,1,1,-1,1,-1,1,1,-1,1,-1,1,-1,1,-1,1,1,-1,1,-1,1,1,1,1,-1,-1,1,1,-1,-1,1,-1,1,-1,1,1,-1,1,-1,1,-1,1,-1,1,1,-1,-1,-1,1,1,-1,1,-1,1,1,1,-1,1,1,-1,1,-1,1,-1,1,-1,1,-1,1,1,-1,1,-1,-1,-1,1,1,-1,1,-1,-1,-1,1,1,-1,-1,1,1,-1,-1,1,1,-1,1,1,-1,1,1,1,1,-1,1,-1,1,1,-1,1,-1,1,-1,1,1,1,1,1,1,-1,-1,1,-1,-1,1,1,1,-1,1,1,1,-1,1,1,1,1,1,1,-1,1,-1,1,1,1,-1,-1,1,-1,1,1,1,-1,1,1,-1,-1,1,1,1,-1,1,-1,1,1,1,-1,1,1,-1,1,1,1,-1,1,1,-1,1,1,1,-1,1,1,-1,-1,1,1,-1,1,1,-1,1,-1,1,-1,1,1,1,-1,1,1,1,1,1,1,-1,1,1,-1,1,-1,1,-1,-1,-1,-1,1,1,1,-1,1,1,-1,1,1,-1,-1,1,1,1,1,1,-1,1,1,1,-1,1,1,1,1,-1,1,1,1,-1,1,-1,1,1,1,1,1,1,-1,-1,-1,1,-1,-1,1,-1,1,-1,1,1,1,1,1,-1,-1,1,-1,-1,1,-1,1,-1,1,1,1,1,1,1,-1,-1,1,-1,1,1,-1,-1,1,1,1,-1,1,-1,-1,-1,1,-1,1,1,-1,-1,1,1,1,1,-1,1,-1,1,-1,-1,1,-1,-1,-1,1,-1,1,1,-1,-1,-1,1,-1,1,1,1,-1,-1,1,-1,-1,1,-1,-1,-1,1,-1,1,1,1,-1,-1,1,-1,-1,1,-1,-1,-1,-1,-1,1,1,-1,-1,-1,1,-1,-1,1,-1,-1,-1,-1,1,-1,1,-1,-1,1,-1,1,-1,-1,1,1,1,-1,1,-1,1,-1,1,1,1,-1,-1,-1,1,-1,-1,-1,1,1,-1,1,-1,1,1,1,-1,1,1,-1,1,-1,1,-1,-1,1,-1,-1,1,1,1,-1,1,-1,-1,1,1,-1,-1,1,-1,-1,1,1,-1,-1,1,-1,-1,-1,1,1,-1,1,1,-1,-1,1,-1,-1,1,-1,1,-1,1,1,-1,-1,1,-1,-1,-1,-1,-1,1,1,1,-1,-1,1,-1,-1,1,-1,-1,1,-1,-1,1,1,-1,-1,1,-1,-1,1,1,-1,1,-1,-1,-1,-1,1,1,-1,-1,-1,-1,-1,1,-1,-1,1,-1,-1,-1,1,1,-1,-1,-1,-1,-1,1,-1,-1,-1,-1,-1,1,1,1,-1,-1,-1,-1,-1,1,1,-1,-1,-1,-1,-1,1,1,1,-1,-1,-1,-1,1,1,-1,-1,-1,-1,1,1,1,1,1,-1,1,1,1,1,1,1,-1,-1,1,1,1,1,-1,-1,1,1,1,1,-1,1,-1,-1,1,-1,1,-1,1,-1,-1,1,-1,1,-1,1,-1,-1,1,-1,1,-1,1,-1,-1,1,-1,1,1,1,-1,-1,1,-1,1,1,1,-1,-1,1,1,-1,1,1,-1,-1,1,-1,1,-1,1,-1,-1,-1,-1,-1,1,1,-1,-1,1,-1,-1,1,1,-1,-1,-1,-1,-1,-1,1,-1,-1,-1,-1,-1,1,-1,-1,1,-1,-1,1,-1,1,-1,-1,-1,-1,-1,1,1,1,-1,-1,-1,1,1,1,-1,-1,-1,1,-1,-1,1,-1,1,-1,-1,1,1,1,-1,-1,-1,-1,1,-1,1,1,-1,1,-1,-1,1,1,-1,-1,-1,-1,-1,-1,1,1,-1,-1,1,-1,1,1,-1,-1,-1,1,-1,1,1,-1,-1,1,-1,-1,1,1,1,-1,1,-1,1,1,1,-1,-1,1,-1,-1,1,1,1,-1,1,-1,-1,1,1,-1,1,1,-1,-1,1,1,-1,1,1,-1,-1,1,1,1,1,1,-1,-1,1,1,1,1,1,1,-1,-1,1,1,-1,1,-1,-1,1,-1,1,1,1,1,-1,-1,1,-1,1,1,1,-1,1,1,1,1,-1,1,-1,1,1,1,1,1,1,1,-1,1,1,1,1,-1,1,-1,1,1,1,1,1,-1,1,1,1,1,-1,1,1,-1,1,1,-1,1,1,-1,-1,1,1,1,1,-1,1,-1,1,1,1,-1,-1,1,-1,1,1,1,-1,1,-1,-1,-1,1,1,-1,-1,1,-1,-1,1,1,-1,-1,1,-1,-1,1,1,1,-1,1,-1,-1,1,1,-1,-1,-1,1,-1,-1,1,-1,1,1,-1,1,1,-1,-1,1,-1,-1,-1,-1,1,-1,1,1,-1,1,1,-1,-1,1,-1,1,-1,-1,-1,-1,1,-1,-1,1,1,-1,1,1,-1,1,1,1,1,-1,1,-1,1,1,1,1,-1,1,-1,-1,1,1,1,-1,1,-1,1,1,1,1,-1,1,-1,1,1,-1,-1,-1,1,-1,-1,1,1,-1,-1,-1,1,-1,1,-1,1,-1,1,-1,-1,1,-2670.0,1,2000,445,500,False
913,1,1,-1,-1,1,1,-1,-1,1,1,1,-1,1,1,1,1,-1,1,-1,-1,1,-1,1,1,1,-1,1,-1,1,1,1,1,1,1,-1,-1,1,-1,1,1,-1,-1,-1,1,1,1,1,-1,1,1,1,1,-1,1,-1,-1,1,-1,1,1,1,-1,1,-1,1,1,1,1,-1,-1,-1,1,1,1,1,-1,1,-1,1,1,1,-1,-1,1,1,1,1,1,-1,-1,-1,1,1,1,1,-1,1,1,1,-1,1,1,-1,-1,1,1,1,1,1,-1,-1,1,1,1,1,1,-1,-1,1,1,1,1,1,1,-1,1,1,1,-1,1,1,-1,1,1,1,1,1,1,-1,1,1,1,1,1,1,-1,-1,1,1,1,1,1,-1,1,-1,1,1,1,1,-1,1,1,1,1,-1,1,-1,1,-1,1,1,1,-1,-1,1,1,1,1,1,-1,1,-1,-1,1,-1,1,-1,1,1,1,1,1,1,1,1,1,-1,1,-1,1,-1,1,1,-1,1,-1,1,1,-1,1,-1,1,-1,1,-1,1,1,-1,-1,-1,1,1,1,1,-1,-1,1,1,-1,-1,1,-1,1,-1,1,1,1,1,-1,1,-1,1,-1,1,1,-1,-1,-1,1,1,-1,1,-1,1,1,1,-1,1,1,-1,1,-1,1,-1,1,-1,1,-1,1,1,-1,1,-1,-1,-1,1,1,-1,1,-1,-1,-1,1,1,-1,-1,1,1,-1,-1,1,1,-1,1,1,-1,1,1,1,-1,-1,1,-1,1,1,-1,1,-1,1,-1,1,1,1,-1,-1,1,-1,-1,1,-1,1,-1,1,1,-1,1,1,1,-1,1,1,1,1,1,-1,-1,1,-1,1,1,1,1,-1,1,-1,1,1,1,-1,1,1,-1,-1,1,1,-1,-1,1,-1,1,1,1,1,1,1,-1,1,1,1,1,1,1,-1,1,1,1,1,1,1,-1,-1,1,1,1,1,1,-1,1,-1,1,1,1,1,1,-1,1,1,1,1,1,1,-1,1,1,1,-1,1,1,-1,-1,-1,-1,1,1,1,-1,1,1,-1,1,1,-1,-1,1,1,1,1,1,-1,1,1,1,-1,1,1,1,-1,-1,1,1,1,-1,1,-1,1,-1,1,1,1,1,-1,-1,-1,1,-1,-1,1,1,-1,1,-1,1,1,1,1,1,-1,1,-1,-1,1,-1,1,-1,1,-1,1,1,1,1,-1,-1,1,-1,1,1,1,-1,1,1,1,-1,1,1,-1,1,-1,-1,1,1,1,-1,-1,-1,1,1,1,1,-1,1,-1,1,1,1,-1,1,1,-1,1,1,1,-1,-1,1,-1,1,1,1,-1,1,-1,1,-1,1,1,-1,-1,1,-1,1,1,1,1,-1,-1,-1,-1,1,1,1,-1,-1,-1,-1,1,1,-1,-1,1,-1,-1,1,-1,1,-1,-1,1,-1,1,-1,1,1,-1,1,-1,-1,1,1,1,-1,1,-1,1,-1,-1,-1,1,-1,-1,-1,1,-1,-1,-1,1,1,-1,1,-1,1,1,1,-1,1,1,-1,-1,-1,1,-1,-1,1,-1,-1,1,1,1,-1,1,-1,-1,1,1,-1,-1,1,-1,-1,1,1,-1,-1,1,-1,-1,-1,1,1,-1,1,1,-1,-1,1,-1,-1,1,-1,1,-1,1,1,-1,-1,1,-1,-1,-1,-1,-1,1,1,1,-1,-1,1,-1,-1,1,-1,-1,1,-1,-1,1,1,-1,-1,1,-1,-1,1,1,-1,1,-1,1,-1,-1,1,1,-1,-1,-1,-1,-1,1,-1,-1,1,-1,-1,-1,1,1,-1,-1,-1,-1,-1,1,-1,-1,-1,-1,-1,-1,1,1,-1,-1,-1,-1,1,1,1,-1,-1,-1,-1,-1,1,1,1,-1,-1,-1,-1,1,1,-1,-1,-1,-1,1,1,1,1,-1,-1,1,1,1,1,1,-1,-1,-1,1,1,1,-1,1,-1,1,1,1,1,-1,1,-1,-1,1,-1,1,-1,1,-1,-1,1,-1,1,-1,-1,-1,-1,1,-1,1,-1,1,1,-1,1,-1,1,-1,1,1,-1,1,-1,1,-1,-1,-1,-1,1,1,-1,-1,-1,-1,-1,1,-1,1,-1,-1,-1,-1,-1,-1,-1,1,-1,-1,-1,1,-1,-1,1,-1,-1,-1,-1,-1,-1,1,-1,-1,-1,-1,-1,1,-1,-1,-1,1,-1,-1,1,-1,1,-1,-1,-1,-1,-1,-1,-1,1,-1,-1,-1,1,1,-1,-1,-1,-1,1,-1,-1,-1,-1,1,-1,-1,1,-1,1,-1,-1,-1,-1,1,-1,1,1,-1,1,-1,-1,1,1,-1,-1,-1,-1,-1,-1,1,1,-1,-1,1,-1,1,1,-1,-1,-1,1,-1,1,1,-1,-1,1,-1,-1,1,1,1,-1,1,-1,1,1,1,-1,-1,1,-1,-1,1,1,1,-1,1,-1,-1,1,1,-1,1,1,-1,-1,1,1,1,1,1,-1,-1,1,1,1,1,1,-1,-1,1,1,1,1,-1,1,-1,1,1,1,-1,1,-1,-1,1,-1,1,1,1,1,-1,-1,1,-1,1,-1,1,-1,1,1,1,1,-1,1,-1,1,1,1,1,1,1,-1,-1,1,1,1,1,-1,1,-1,1,1,1,1,-1,1,-1,1,1,1,-1,-1,1,-1,1,1,-1,1,-1,-1,-1,1,1,1,-1,1,-1,-1,1,1,1,-1,-1,-1,-1,1,-1,1,-1,-1,1,-1,-1,1,1,-1,1,-1,-1,-1,1,-1,1,-1,1,-1,1,-1,1,1,1,1,-1,-1,1,1,-1,-1,1,1,1,1,-1,-1,1,-1,-1,1,1,-1,-1,1,-1,-1,-1,-1,1,-1,1,1,1,1,-1,1,-1,-1,-1,1,-1,-1,-1,-1,1,-1,1,1,1,-1,1,1,-1,1,1,-1,-1,-1,1,-1,1,1,1,1,-1,1,-1,1,1,1,-1,-1,1,-1,1,1,1,1,-1,1,-1,1,1,-1,-1,-1,1,-1,-1,1,1,-1,-1,-1,1,-1,1,-1,1,-1,1,-1,-1,1,-2670.0,1,2000,445,500,False
914,1,1,-1,-1,1,1,-1,-1,1,1,1,-1,-1,1,1,1,-1,1,-1,-1,1,-1,1,1,1,-1,-1,-1,1,1,1,1,-1,-1,-1,-1,1,1,1,1,-1,-1,-1,1,1,1,1,-1,1,1,1,1,-1,1,-1,-1,1,-1,1,1,1,-1,-1,-1,1,1,1,1,-1,-1,-1,1,1,1,1,-1,-1,-1,1,1,1,-1,-1,-1,1,1,1,1,-1,-1,-1,1,1,1,1,-1,-1,1,1,-1,1,1,-1,-1,1,1,1,1,1,-1,-1,1,1,-1,1,1,-1,-1,1,1,1,1,1,1,-1,-1,1,1,-1,1,1,-1,1,1,1,1,1,1,-1,-1,1,1,1,1,1,-1,1,1,1,1,1,1,-1,-1,-1,1,1,1,1,-1,1,1,1,1,-1,1,-1,1,-1,1,1,1,-1,-1,1,1,1,1,1,-1,1,-1,-1,1,-1,1,-1,1,1,1,1,1,1,1,1,1,-1,1,-1,1,-1,1,1,-1,1,-1,1,1,-1,1,-1,1,-1,1,-1,1,1,-1,-1,-1,1,1,1,1,-1,-1,1,1,-1,-1,1,-1,1,-1,-1,1,-1,1,-1,1,-1,1,-1,1,1,-1,-1,-1,1,1,-1,1,-1,1,1,1,-1,1,1,-1,1,-1,1,-1,1,-1,1,-1,1,1,-1,1,-1,-1,-1,1,1,-1,1,-1,-1,-1,1,1,-1,-1,1,1,-1,-1,1,1,-1,1,1,-1,1,1,1,1,-1,1,-1,1,1,-1,1,-1,1,-1,1,1,1,1,1,1,-1,-1,1,-1,-1,1,1,1,-1,1,1,1,-1,1,1,1,1,1,1,1,1,-1,1,1,1,-1,1,1,-1,1,1,1,-1,1,1,-1,-1,1,1,1,-1,1,-1,1,1,1,-1,1,1,-1,1,1,1,-1,1,1,-1,1,1,1,-1,1,1,-1,-1,1,1,-1,1,1,-1,1,-1,1,-1,1,1,1,-1,1,1,1,-1,1,1,-1,1,1,-1,1,1,1,-1,-1,-1,-1,1,1,1,-1,1,1,-1,1,1,-1,-1,1,1,1,1,1,-1,1,1,1,-1,1,1,1,-1,-1,1,1,1,-1,1,-1,1,1,1,1,1,1,-1,-1,-1,1,-1,-1,1,1,-1,1,1,1,1,1,1,1,-1,1,-1,-1,1,-1,1,-1,1,1,1,1,1,1,-1,-1,1,-1,1,1,1,-1,1,1,1,-1,1,1,-1,-1,1,-1,1,1,1,-1,1,1,1,1,1,1,-1,1,-1,-1,1,1,1,-1,1,-1,1,1,1,-1,-1,1,-1,1,1,1,-1,-1,1,1,-1,1,1,-1,-1,1,-1,1,1,1,1,-1,1,1,-1,1,1,1,-1,-1,-1,-1,1,1,-1,-1,1,-1,-1,1,-1,1,-1,-1,1,-1,1,-1,1,1,-1,1,-1,-1,1,1,1,-1,1,-1,1,-1,-1,1,1,-1,-1,-1,1,-1,-1,1,1,1,-1,1,-1,1,1,1,-1,1,1,-1,1,-1,1,-1,-1,1,-1,-1,1,1,1,-1,1,-1,-1,1,1,-1,-1,1,-1,-1,1,1,-1,-1,1,-1,-1,-1,1,1,-1,1,1,-1,-1,1,-1,-1,1,-1,1,-1,1,1,-1,-1,1,-1,-1,-1,-1,-1,1,1,1,-1,-1,1,-1,-1,1,-1,-1,1,-1,-1,1,1,-1,-1,1,1,-1,1,1,-1,1,-1,1,-1,-1,1,1,-1,-1,-1,-1,-1,1,-1,-1,1,-1,-1,-1,1,1,-1,-1,-1,-1,-1,1,-1,-1,-1,-1,-1,-1,1,1,-1,-1,-1,-1,1,1,1,-1,-1,-1,-1,-1,1,1,1,-1,-1,-1,-1,1,1,-1,-1,-1,-1,1,1,1,1,-1,-1,1,1,1,1,1,-1,-1,-1,1,1,1,-1,1,-1,1,1,1,1,-1,1,-1,-1,1,-1,1,-1,1,-1,-1,1,-1,1,-1,-1,-1,-1,1,-1,1,-1,1,-1,-1,1,-1,1,-1,1,-1,-1,1,-1,1,-1,-1,-1,-1,1,1,-1,-1,-1,-1,-1,1,-1,1,-1,-1,-1,-1,-1,-1,-1,1,-1,-1,-1,1,-1,-1,1,-1,-1,-1,-1,-1,1,1,-1,-1,-1,-1,-1,1,-1,-1,-1,1,-1,-1,1,-1,1,-1,-1,-1,-1,-1,-1,-1,1,-1,-1,-1,1,1,-1,-1,-1,1,-1,-1,-1,-1,-1,1,-1,-1,1,-1,1,-1,-1,-1,-1,1,-1,1,1,-1,1,-1,-1,1,1,-1,-1,-1,-1,-1,-1,1,1,-1,-1,1,-1,1,1,-1,-1,-1,1,-1,-1,1,-1,-1,1,-1,-1,1,1,1,-1,1,-1,1,1,1,-1,-1,1,-1,-1,1,1,1,-1,1,-1,-1,1,1,-1,1,1,-1,-1,1,1,-1,1,1,-1,-1,1,1,-1,1,1,-1,-1,1,1,1,1,1,1,-1,-1,1,1,1,1,-1,-1,1,-1,1,1,1,1,-1,-1,1,-1,1,1,1,-1,1,1,1,1,-1,1,-1,1,1,1,1,1,1,1,-1,1,1,1,1,-1,1,-1,1,1,1,1,1,-1,1,1,1,1,-1,1,1,-1,1,1,-1,1,1,-1,-1,1,1,1,1,-1,1,-1,1,1,1,-1,-1,1,-1,1,1,1,-1,1,-1,-1,-1,1,1,-1,-1,1,-1,-1,1,1,-1,-1,1,-1,-1,1,1,1,-1,1,-1,-1,1,1,-1,-1,-1,1,-1,1,1,-1,1,1,-1,1,1,-1,-1,1,-1,-1,-1,1,1,-1,1,1,-1,1,1,-1,-1,-1,-1,1,-1,-1,-1,-1,-1,-1,-1,1,1,-1,1,1,-1,1,1,1,1,-1,1,-1,1,1,1,1,-1,1,-1,-1,1,1,1,-1,1,-1,1,1,1,1,-1,1,-1,1,1,-1,-1,-1,1,-1,-1,1,1,-1,-1,-1,1,-1,1,-1,1,-1,1,-1,-1,1,-2670.0,1,2000,445,500,False
915,1,1,-1,-1,1,1,-1,-1,1,1,1,-1,1,1,1,1,-1,1,-1,-1,-1,-1,1,1,1,-1,1,-1,1,1,1,1,-1,-1,-1,-1,1,-1,1,1,-1,-1,-1,1,1,1,1,-1,1,1,1,1,-1,1,-1,-1,1,-1,1,1,1,-1,-1,-1,1,1,1,1,-1,-1,-1,1,1,1,1,-1,-1,-1,1,1,1,-1,-1,-1,1,1,1,1,-1,-1,1,1,1,1,1,-1,-1,-1,1,-1,1,1,-1,-1,1,1,1,1,1,-1,-1,-1,1,1,1,1,-1,-1,1,1,1,1,1,1,-1,-1,1,1,-1,1,1,-1,1,1,1,1,1,1,-1,1,1,1,1,1,1,-1,1,1,1,1,1,1,-1,-1,-1,1,1,1,1,-1,1,1,1,1,-1,1,-1,1,-1,1,1,1,-1,-1,1,1,1,1,1,-1,1,-1,-1,1,-1,1,-1,1,1,1,1,1,1,1,1,1,-1,1,-1,1,-1,1,1,-1,1,-1,1,1,-1,1,-1,1,-1,1,1,1,1,-1,1,-1,1,-1,-1,1,-1,-1,1,1,-1,-1,1,-1,1,-1,1,-1,1,1,-1,1,-1,1,-1,1,1,-1,-1,-1,1,-1,-1,1,-1,1,1,1,-1,1,-1,-1,1,-1,1,-1,1,1,1,-1,1,1,-1,1,-1,-1,-1,1,1,-1,1,-1,-1,-1,1,1,1,-1,1,1,-1,-1,1,-1,-1,1,1,-1,1,1,1,-1,-1,1,-1,1,1,-1,1,-1,1,-1,1,1,-1,-1,-1,1,-1,-1,1,-1,1,-1,1,1,-1,1,1,1,-1,1,1,1,1,1,-1,-1,1,-1,1,1,-1,1,-1,1,-1,1,1,1,-1,1,1,-1,-1,1,1,-1,1,1,-1,1,1,1,1,1,1,-1,1,1,1,1,1,1,-1,1,1,1,1,1,1,1,-1,1,1,1,1,1,-1,1,-1,1,-1,1,1,1,-1,1,1,1,1,1,1,-1,1,1,1,-1,1,1,-1,-1,-1,-1,1,1,1,-1,1,1,-1,1,1,-1,-1,1,1,1,1,1,-1,1,1,1,-1,1,1,1,1,-1,1,1,1,-1,1,-1,1,-1,1,1,1,1,-1,-1,-1,1,-1,-1,1,-1,1,-1,-1,1,1,1,1,-1,-1,1,-1,-1,1,-1,1,-1,1,1,1,1,1,1,-1,-1,1,-1,1,1,-1,-1,1,1,1,-1,1,-1,-1,1,1,-1,1,1,-1,-1,1,1,1,1,-1,1,-1,1,-1,-1,1,-1,-1,1,1,-1,1,1,-1,-1,-1,1,-1,1,1,1,-1,-1,1,-1,-1,1,-1,-1,-1,1,-1,1,1,1,-1,-1,-1,1,-1,1,-1,-1,-1,-1,1,1,1,-1,-1,-1,-1,1,-1,1,-1,-1,-1,-1,1,-1,1,-1,-1,-1,-1,1,-1,-1,1,1,1,-1,1,-1,1,1,1,1,1,-1,-1,-1,1,-1,-1,1,1,1,-1,1,-1,1,1,1,-1,1,1,-1,1,-1,1,-1,-1,1,-1,-1,1,1,1,-1,1,-1,-1,1,1,-1,-1,1,-1,-1,1,1,-1,-1,1,-1,-1,-1,1,1,-1,1,1,-1,-1,1,-1,-1,1,-1,1,-1,1,1,-1,-1,1,-1,-1,-1,-1,-1,1,1,1,-1,-1,1,-1,-1,1,-1,-1,1,-1,-1,1,1,-1,-1,1,-1,-1,1,1,-1,1,-1,-1,-1,-1,1,1,-1,-1,-1,-1,-1,1,-1,-1,1,-1,-1,-1,1,1,-1,-1,-1,-1,-1,1,-1,-1,-1,-1,-1,1,1,1,-1,-1,-1,-1,-1,1,1,-1,-1,-1,-1,-1,1,1,1,-1,-1,-1,-1,1,1,-1,-1,-1,-1,1,1,1,1,1,-1,1,1,1,1,1,1,-1,-1,1,1,1,-1,-1,-1,1,1,1,1,-1,1,-1,-1,1,-1,1,-1,1,-1,-1,1,-1,1,1,1,-1,-1,1,-1,1,-1,1,1,-1,1,-1,1,1,1,1,-1,1,-1,1,1,1,-1,-1,1,1,-1,1,1,-1,-1,1,-1,1,-1,1,-1,-1,-1,-1,-1,1,1,-1,-1,1,-1,-1,1,1,-1,-1,-1,-1,1,-1,1,-1,-1,-1,-1,-1,1,-1,-1,1,-1,-1,1,-1,1,-1,-1,-1,-1,-1,1,1,1,-1,-1,-1,1,1,1,-1,-1,-1,1,-1,-1,1,-1,1,-1,-1,1,1,1,-1,-1,1,-1,1,-1,1,1,-1,1,-1,-1,1,1,-1,-1,-1,-1,-1,-1,1,1,-1,-1,1,-1,1,1,-1,-1,-1,-1,-1,1,1,-1,-1,-1,1,-1,1,1,1,-1,-1,-1,1,1,1,-1,-1,1,-1,-1,1,1,1,-1,1,-1,-1,1,1,-1,1,-1,1,-1,1,1,1,1,1,1,-1,1,1,-1,1,1,1,-1,1,1,1,1,1,-1,-1,1,1,1,1,1,1,-1,1,-1,1,1,1,1,-1,-1,1,-1,1,-1,1,-1,1,1,1,1,-1,1,-1,1,1,1,1,1,1,-1,-1,1,1,1,1,-1,1,-1,1,1,1,1,-1,1,-1,1,1,1,-1,-1,1,-1,1,1,-1,1,-1,-1,-1,1,1,1,-1,1,-1,-1,1,1,1,-1,-1,-1,-1,1,1,1,-1,-1,-1,-1,-1,1,1,-1,1,-1,-1,1,1,1,-1,1,-1,1,-1,-1,1,1,1,1,-1,-1,1,1,-1,-1,1,1,-1,-1,1,-1,1,-1,-1,1,1,-1,-1,1,-1,-1,-1,1,1,-1,1,1,-1,1,1,-1,-1,-1,-1,1,-1,-1,-1,-1,1,-1,-1,1,1,-1,1,1,-1,1,1,1,1,-1,1,-1,1,1,1,-1,-1,1,-1,-1,-1,1,-1,1,1,-1,1,1,1,-1,-1,1,-1,1,1,1,1,-1,1,-1,-1,1,1,1,-1,1,1,-1,1,-1,1,-1,1,-1,-1,1,-2670.0,1,2000,445,500,False
916,1,1,-1,-1,1,-1,-1,-1,1,1,1,-1,1,1,1,1,-1,1,-1,-1,-1,-1,1,1,1,-1,-1,-1,1,1,1,1,-1,-1,-1,-1,1,-1,1,1,-1,-1,-1,1,1,1,1,-1,1,1,1,1,-1,1,-1,-1,1,-1,1,1,1,-1,-1,-1,1,1,1,1,-1,-1,-1,1,1,1,1,-1,-1,-1,1,1,1,-1,-1,-1,1,1,1,1,-1,-1,-1,1,1,1,1,-1,-1,1,1,-1,1,1,-1,-1,1,1,1,1,1,-1,-1,-1,1,-1,1,1,-1,-1,1,1,1,1,1,1,-1,-1,1,1,-1,1,1,-1,1,1,1,1,1,1,-1,1,1,1,1,1,1,-1,1,1,1,1,1,1,-1,-1,-1,1,1,1,1,-1,1,1,1,1,-1,1,-1,1,-1,1,1,1,-1,-1,1,1,1,1,1,-1,1,-1,-1,1,-1,1,-1,1,1,1,1,1,1,1,1,1,-1,1,-1,1,-1,1,1,-1,1,-1,1,1,-1,1,-1,1,-1,1,-1,1,1,-1,1,-1,1,1,1,1,-1,-1,1,1,-1,-1,1,-1,1,-1,-1,1,-1,1,-1,1,-1,1,-1,1,1,-1,1,-1,1,1,-1,1,-1,1,1,1,-1,1,1,-1,1,-1,1,-1,1,-1,1,-1,1,1,-1,1,-1,-1,-1,1,1,-1,1,-1,-1,-1,1,1,-1,-1,1,1,-1,-1,1,1,-1,1,1,-1,1,1,1,1,-1,1,-1,1,1,-1,1,-1,1,1,1,1,1,1,1,1,-1,-1,1,-1,-1,-1,1,1,-1,1,1,1,-1,1,1,1,1,1,1,1,1,-1,1,1,1,-1,-1,1,-1,1,1,1,-1,1,1,-1,-1,1,1,1,-1,1,-1,1,1,1,-1,1,1,-1,1,1,1,-1,1,1,-1,1,1,1,-1,1,1,1,-1,1,1,-1,1,1,-1,1,-1,1,-1,1,1,1,-1,1,1,1,1,1,1,-1,1,1,-1,1,1,1,-1,-1,-1,-1,1,1,1,-1,1,1,-1,1,1,-1,-1,1,1,1,1,1,-1,1,1,1,-1,1,1,1,1,-1,1,1,1,-1,1,-1,1,-1,1,1,1,1,-1,-1,-1,1,-1,-1,1,-1,1,-1,1,1,1,1,1,-1,-1,1,-1,-1,1,-1,1,-1,1,1,-1,1,1,1,-1,-1,1,-1,1,1,-1,-1,1,1,1,-1,1,-1,-1,-1,1,-1,1,1,-1,-1,1,1,1,1,-1,1,-1,1,-1,-1,1,-1,-1,1,1,-1,1,1,-1,-1,-1,1,-1,1,1,1,-1,-1,1,1,-1,1,-1,-1,-1,1,-1,1,1,1,-1,-1,1,-1,-1,1,-1,-1,-1,1,-1,-1,1,-1,-1,-1,1,-1,-1,1,-1,-1,-1,-1,1,-1,1,-1,-1,-1,1,1,-1,-1,1,1,1,-1,1,-1,1,-1,1,1,1,-1,-1,-1,1,-1,-1,1,1,1,-1,1,-1,1,1,1,-1,1,1,-1,1,-1,1,-1,-1,1,-1,-1,1,1,1,-1,1,-1,-1,1,1,-1,-1,1,-1,-1,1,1,-1,-1,1,-1,-1,-1,1,1,-1,1,1,-1,-1,1,-1,-1,1,-1,1,-1,1,1,-1,-1,1,-1,-1,-1,-1,-1,1,1,1,-1,-1,1,-1,-1,1,-1,-1,1,-1,-1,-1,1,-1,-1,1,1,-1,1,1,-1,1,-1,1,-1,-1,1,1,-1,-1,-1,-1,1,1,-1,-1,1,-1,-1,-1,1,1,-1,-1,-1,-1,-1,1,-1,-1,-1,-1,-1,1,1,1,-1,-1,-1,-1,-1,1,1,-1,-1,-1,-1,-1,1,1,1,-1,-1,-1,-1,1,1,-1,-1,-1,-1,1,1,1,1,1,-1,1,1,1,1,1,1,-1,-1,1,1,1,1,1,-1,1,1,1,1,-1,1,-1,-1,1,-1,1,-1,1,-1,-1,1,-1,1,-1,1,-1,-1,1,-1,1,-1,1,1,-1,1,-1,1,1,1,1,-1,1,-1,1,1,1,-1,-1,1,1,-1,1,1,-1,-1,1,-1,1,-1,1,-1,-1,-1,-1,-1,1,1,-1,-1,1,-1,-1,1,1,-1,-1,-1,-1,-1,-1,1,-1,-1,-1,-1,-1,1,-1,-1,1,-1,-1,1,-1,1,-1,-1,-1,-1,-1,1,1,1,-1,-1,-1,1,1,1,-1,-1,1,-1,-1,-1,1,-1,1,-1,-1,1,1,1,-1,-1,-1,-1,1,-1,1,1,-1,1,-1,-1,1,1,-1,-1,-1,-1,-1,-1,1,1,-1,-1,1,-1,1,1,-1,-1,-1,1,-1,1,1,-1,-1,1,-1,-1,1,1,1,-1,1,-1,1,1,1,-1,-1,1,-1,-1,1,1,1,-1,1,-1,-1,1,1,-1,1,1,-1,-1,1,1,-1,1,1,-1,-1,1,1,-1,1,1,-1,-1,1,1,1,1,1,1,-1,1,1,1,-1,1,-1,-1,1,-1,1,1,1,1,-1,-1,1,-1,1,1,1,-1,1,-1,1,1,-1,1,-1,1,1,1,1,1,1,1,-1,-1,1,1,1,-1,1,-1,1,1,1,1,1,-1,1,-1,1,1,-1,1,1,-1,1,1,-1,1,1,-1,-1,1,1,1,1,-1,1,-1,-1,1,1,-1,-1,1,-1,1,1,1,-1,1,-1,-1,-1,1,1,-1,-1,1,-1,-1,1,1,-1,-1,1,-1,-1,1,1,1,-1,1,-1,-1,1,1,-1,-1,-1,1,-1,-1,1,-1,1,1,-1,1,1,-1,-1,1,-1,-1,-1,1,1,-1,1,1,-1,1,1,-1,-1,1,-1,1,-1,-1,-1,-1,1,-1,-1,1,1,-1,1,1,-1,1,1,1,1,-1,1,-1,1,1,1,-1,-1,1,-1,-1,1,1,-1,-1,1,-1,1,1,1,-1,-1,1,-1,1,1,1,1,-1,1,-1,-1,1,1,-1,-1,-1,1,-1,1,-1,1,-1,1,-1,-1,1,-2670.0,1,2000,445,500,False
917,1,1,-1,-1,1,1,-1,-1,1,1,1,-1,-1,1,1,1,-1,1,-1,-1,-1,1,1,1,1,-1,-1,-1,1,1,1,1,1,-1,-1,1,1,-1,1,1,-1,-1,1,1,1,1,1,-1,1,1,1,1,-1,1,-1,-1,1,-1,1,1,1,-1,-1,1,1,1,1,1,-1,-1,1,1,1,1,1,-1,-1,-1,1,1,1,-1,-1,-1,1,1,1,1,-1,-1,-1,1,1,1,1,-1,-1,1,1,-1,1,1,-1,-1,1,1,1,1,1,-1,-1,1,1,1,1,1,-1,-1,1,1,1,1,1,1,-1,1,1,1,-1,1,1,-1,1,1,1,1,1,1,-1,-1,1,1,1,1,1,-1,1,1,1,1,1,1,-1,-1,-1,1,1,1,1,-1,1,1,1,1,-1,1,-1,1,-1,1,1,1,-1,-1,1,1,1,1,1,-1,1,-1,-1,1,-1,1,-1,1,1,1,1,1,1,1,1,1,-1,1,-1,1,-1,1,1,-1,1,-1,1,1,-1,1,-1,1,-1,1,-1,1,1,-1,1,-1,1,1,1,1,-1,-1,1,1,-1,-1,1,-1,1,-1,-1,1,-1,1,-1,1,-1,1,-1,1,1,-1,1,-1,1,1,-1,1,-1,1,1,1,-1,1,1,-1,1,-1,1,-1,1,-1,1,-1,1,1,-1,1,-1,-1,-1,1,1,-1,1,-1,-1,-1,1,1,-1,-1,1,1,-1,-1,1,1,-1,1,1,-1,1,1,1,1,-1,1,-1,1,1,-1,1,-1,1,1,-1,1,1,1,1,1,-1,-1,1,-1,-1,-1,1,1,-1,1,1,1,-1,1,-1,-1,1,1,1,1,1,-1,1,1,1,-1,1,1,-1,1,1,1,-1,1,1,-1,-1,1,1,1,-1,1,-1,1,1,1,-1,1,1,-1,1,1,1,-1,1,-1,-1,1,1,1,-1,1,-1,-1,-1,1,1,-1,1,-1,-1,1,-1,1,-1,1,1,-1,-1,1,1,1,-1,1,-1,-1,1,1,-1,1,-1,-1,-1,-1,-1,-1,1,1,-1,-1,1,1,-1,1,-1,-1,-1,1,1,1,1,-1,-1,1,1,1,-1,1,-1,-1,-1,-1,1,1,-1,1,-1,-1,1,-1,1,-1,-1,-1,1,-1,-1,1,-1,1,-1,-1,1,-1,1,-1,-1,-1,1,1,-1,1,-1,1,-1,-1,1,-1,1,-1,-1,-1,-1,1,-1,-1,1,1,-1,-1,1,-1,1,1,-1,1,-1,1,-1,1,-1,1,-1,-1,1,-1,1,-1,-1,-1,1,1,-1,1,-1,1,-1,1,-1,1,1,-1,1,-1,1,-1,-1,1,-1,-1,-1,1,-1,1,-1,-1,1,-1,1,-1,-1,1,-1,-1,1,-1,1,-1,1,-1,1,-1,1,1,-1,-1,-1,1,-1,1,-1,-1,1,-1,1,1,1,1,-1,-1,1,1,-1,1,1,1,-1,1,1,1,-1,1,1,-1,1,1,1,1,1,1,1,-1,-1,-1,1,-1,1,1,-1,-1,1,1,-1,1,-1,-1,-1,1,1,-1,1,1,-1,1,-1,1,-1,1,1,-1,-1,-1,1,-1,-1,-1,-1,1,-1,1,-1,-1,-1,-1,-1,-1,1,-1,1,1,1,1,-1,1,-1,1,1,-1,-1,-1,1,-1,-1,1,-1,-1,-1,-1,1,1,1,1,-1,-1,1,1,1,1,-1,1,-1,-1,1,1,1,-1,-1,-1,-1,1,1,1,-1,-1,-1,1,-1,1,-1,1,-1,-1,-1,1,1,1,-1,-1,-1,1,1,1,1,1,-1,-1,-1,1,1,1,1,-1,-1,-1,1,1,1,-1,-1,-1,1,1,1,1,1,-1,-1,-1,1,1,1,1,-1,-1,-1,1,1,-1,1,-1,-1,-1,1,1,1,1,-1,-1,1,1,1,1,-1,-1,1,1,-1,1,1,-1,-1,-1,1,1,1,1,1,-1,1,1,1,1,1,-1,-1,-1,1,-1,1,-1,-1,-1,-1,1,-1,1,1,1,-1,-1,1,-1,1,1,-1,1,-1,1,1,1,1,-1,1,-1,1,-1,1,1,-1,-1,-1,1,1,-1,-1,-1,-1,-1,1,-1,1,-1,-1,-1,-1,-1,-1,-1,1,-1,-1,-1,1,-1,-1,1,-1,-1,-1,-1,-1,1,1,-1,-1,-1,-1,-1,1,-1,-1,-1,1,-1,-1,1,-1,1,-1,-1,-1,-1,-1,-1,-1,1,-1,-1,-1,1,1,-1,-1,-1,1,1,-1,-1,-1,-1,1,-1,-1,1,1,1,-1,-1,-1,-1,1,-1,1,1,-1,1,-1,-1,1,1,-1,-1,-1,-1,-1,-1,1,1,-1,-1,1,-1,1,1,-1,-1,-1,1,-1,1,1,-1,-1,1,-1,-1,1,1,1,-1,1,-1,1,1,1,-1,-1,1,-1,-1,1,1,1,-1,1,-1,-1,1,1,-1,1,1,-1,-1,1,1,1,1,1,-1,-1,1,1,1,1,1,-1,-1,1,1,1,1,1,1,-1,1,1,1,1,1,-1,-1,1,-1,1,1,1,1,-1,-1,1,-1,1,1,1,-1,1,1,1,1,-1,1,-1,1,1,1,1,1,1,1,-1,-1,1,1,1,-1,1,-1,1,1,1,1,1,-1,1,1,1,1,-1,1,1,-1,1,1,-1,1,1,-1,-1,1,1,1,1,-1,1,-1,1,1,1,-1,-1,1,-1,1,1,1,-1,1,-1,-1,-1,1,1,-1,-1,1,-1,-1,1,1,-1,-1,1,-1,1,1,1,1,-1,1,-1,-1,1,1,-1,-1,-1,1,1,1,1,-1,1,1,-1,1,1,-1,-1,1,1,-1,-1,1,1,-1,1,1,1,1,1,-1,-1,-1,-1,1,-1,-1,-1,-1,-1,1,1,1,1,-1,1,1,-1,1,1,1,1,-1,1,-1,1,1,1,1,-1,1,-1,1,1,1,1,-1,1,-1,1,1,1,1,-1,1,-1,1,1,1,-1,-1,1,-1,1,1,1,-1,-1,-1,1,-1,1,1,1,-1,1,-1,1,1,-2670.0,1,2000,445,500,False
918,1,1,-1,-1,1,-1,-1,-1,1,1,1,-1,1,1,1,1,-1,1,-1,-1,-1,-1,1,1,1,-1,-1,-1,1,1,1,1,-1,-1,-1,-1,1,-1,1,1,-1,-1,-1,1,1,1,1,-1,1,1,1,1,-1,1,-1,-1,1,-1,1,1,1,-1,-1,-1,1,1,1,1,-1,-1,-1,1,1,1,1,-1,-1,-1,1,1,1,-1,-1,-1,1,1,1,1,-1,-1,-1,1,1,1,1,-1,-1,1,1,-1,1,1,-1,-1,1,1,1,1,1,-1,-1,1,1,1,1,1,-1,-1,1,1,1,1,1,1,-1,1,1,1,-1,1,1,-1,1,1,1,1,1,1,-1,-1,1,1,1,1,1,-1,1,1,1,1,1,1,-1,-1,-1,1,1,1,1,-1,1,1,1,1,-1,1,-1,1,-1,1,1,1,-1,-1,1,1,1,1,1,-1,1,-1,-1,1,-1,1,-1,1,1,1,1,1,1,1,1,1,-1,1,-1,1,-1,1,1,-1,1,-1,1,1,-1,1,-1,1,-1,1,-1,1,1,-1,1,-1,1,1,1,1,-1,-1,1,1,-1,-1,1,-1,1,-1,-1,1,-1,1,-1,1,-1,1,-1,1,1,-1,-1,-1,1,1,-1,1,-1,1,1,1,-1,1,1,-1,-1,-1,1,-1,1,-1,1,-1,1,1,-1,1,-1,-1,-1,1,1,-1,1,-1,-1,-1,1,1,-1,-1,1,1,-1,-1,1,1,-1,1,1,-1,1,1,1,1,-1,1,-1,1,1,-1,1,-1,1,1,1,1,1,1,1,1,-1,-1,1,-1,-1,-1,1,1,-1,1,1,1,-1,1,1,1,1,1,1,1,1,-1,1,1,1,-1,-1,1,-1,1,1,1,-1,1,1,-1,-1,1,1,1,-1,1,-1,1,1,1,-1,1,1,-1,1,1,1,-1,1,1,-1,1,1,1,-1,1,1,1,-1,1,1,-1,1,1,-1,1,-1,1,-1,1,1,1,-1,1,1,1,-1,1,1,-1,1,1,-1,1,1,1,-1,-1,-1,-1,1,1,1,-1,1,1,-1,1,1,-1,-1,1,1,1,1,1,-1,1,1,1,-1,1,1,1,-1,-1,1,1,1,-1,1,-1,1,1,1,1,1,1,-1,-1,-1,1,-1,-1,1,1,-1,1,1,-1,1,1,1,1,-1,1,-1,-1,1,-1,1,-1,1,1,1,1,1,1,-1,-1,1,-1,1,1,1,-1,1,1,1,-1,1,1,-1,-1,1,-1,1,1,1,-1,1,1,1,1,1,1,-1,1,-1,-1,1,1,-1,-1,1,-1,-1,1,1,-1,-1,1,-1,1,1,1,-1,-1,1,-1,-1,1,1,-1,-1,1,-1,1,1,1,1,-1,1,1,-1,-1,1,1,-1,-1,-1,1,-1,1,-1,-1,1,-1,-1,1,-1,1,-1,-1,1,-1,1,-1,1,-1,-1,1,-1,-1,1,1,1,-1,1,-1,1,-1,-1,1,1,-1,-1,-1,1,-1,-1,-1,1,1,-1,1,-1,1,1,1,-1,1,1,-1,1,-1,1,-1,-1,1,-1,-1,1,1,1,-1,1,-1,-1,1,1,-1,-1,1,-1,-1,1,1,-1,-1,1,-1,-1,-1,1,1,-1,1,-1,-1,-1,1,-1,-1,1,-1,1,-1,1,1,-1,-1,1,-1,-1,-1,-1,-1,1,1,1,-1,1,1,-1,-1,1,-1,-1,-1,-1,-1,1,1,-1,-1,-1,-1,-1,1,1,-1,1,1,1,-1,-1,1,1,-1,-1,-1,-1,1,1,-1,-1,1,-1,-1,-1,1,1,-1,-1,-1,-1,-1,1,-1,-1,1,-1,-1,1,1,1,-1,1,-1,-1,-1,1,1,-1,-1,-1,-1,-1,1,1,1,-1,-1,-1,-1,1,1,-1,-1,-1,-1,1,1,1,1,-1,-1,1,1,1,1,1,-1,-1,-1,1,1,1,-1,1,-1,1,1,1,1,-1,1,-1,-1,1,-1,1,-1,1,-1,-1,1,-1,1,-1,-1,-1,-1,1,-1,1,-1,1,1,-1,1,-1,1,-1,1,1,-1,1,-1,1,-1,-1,-1,-1,1,1,-1,-1,-1,-1,-1,1,-1,1,-1,-1,-1,-1,-1,-1,-1,1,-1,-1,-1,1,-1,-1,1,-1,-1,-1,-1,-1,1,1,-1,-1,-1,-1,-1,1,-1,-1,-1,1,-1,-1,1,-1,1,-1,-1,-1,-1,-1,-1,-1,1,-1,-1,-1,1,1,1,-1,-1,1,-1,-1,-1,-1,-1,1,-1,-1,1,-1,1,-1,-1,-1,-1,1,-1,1,1,-1,1,-1,-1,1,1,-1,-1,-1,-1,-1,-1,1,1,-1,-1,1,-1,1,1,-1,-1,-1,1,-1,-1,1,-1,-1,1,-1,-1,1,1,1,-1,1,-1,1,1,1,-1,-1,1,-1,-1,1,1,1,-1,1,-1,-1,1,1,-1,1,1,-1,-1,1,1,-1,1,1,-1,-1,1,1,-1,1,1,-1,-1,1,1,1,1,1,1,-1,-1,1,1,-1,1,-1,-1,1,-1,1,1,1,1,-1,-1,1,-1,1,1,1,-1,1,1,1,1,-1,1,-1,1,1,1,1,1,1,1,-1,1,1,1,1,-1,1,-1,1,1,1,1,1,-1,1,1,1,1,-1,1,1,-1,1,1,-1,1,1,-1,-1,1,1,1,1,-1,1,-1,1,1,1,-1,-1,1,-1,1,1,1,-1,1,-1,-1,-1,1,1,-1,-1,1,-1,-1,1,1,1,-1,1,-1,-1,1,1,1,-1,1,-1,-1,1,1,-1,-1,-1,1,-1,-1,1,-1,1,1,-1,1,1,-1,-1,1,1,-1,-1,1,1,-1,1,1,-1,1,1,-1,-1,-1,-1,1,-1,-1,-1,-1,1,-1,-1,1,1,-1,1,1,-1,1,1,1,1,-1,1,-1,1,1,1,1,-1,1,-1,-1,1,1,1,-1,1,-1,1,1,1,1,-1,1,-1,1,1,1,-1,-1,1,-1,-1,1,1,-1,-1,-1,1,-1,1,1,1,-1,1,-1,-1,1,-2670.0,1,2000,445,500,False
919,1,1,-1,-1,1,1,-1,-1,1,1,1,-1,1,1,1,1,-1,1,-1,-1,-1,-1,1,1,1,-1,-1,-1,1,1,1,1,1,-1,-1,-1,1,-1,1,1,-1,-1,-1,1,1,1,1,-1,1,1,1,1,-1,1,-1,-1,1,-1,1,1,-1,-1,-1,-1,1,1,1,1,-1,-1,-1,1,1,1,1,-1,-1,-1,1,1,1,-1,-1,-1,1,1,1,1,-1,-1,1,1,1,1,1,-1,-1,-1,1,-1,1,1,-1,-1,1,1,1,1,1,-1,-1,-1,1,1,1,1,-1,-1,1,1,1,1,1,1,-1,-1,1,1,-1,1,1,-1,1,1,1,1,1,1,-1,1,1,1,1,1,1,-1,1,1,1,1,1,1,-1,-1,-1,1,1,1,1,-1,1,1,1,1,-1,1,-1,1,-1,1,1,1,-1,-1,1,1,1,1,1,-1,1,-1,-1,1,-1,1,-1,1,1,1,1,1,1,1,1,1,-1,1,-1,1,-1,1,1,-1,1,-1,1,1,-1,1,-1,1,-1,1,-1,1,1,-1,-1,-1,1,1,1,1,-1,-1,1,1,-1,-1,1,-1,1,-1,1,1,-1,1,-1,1,-1,1,-1,1,1,-1,-1,-1,1,1,-1,1,-1,1,1,1,-1,1,-1,-1,-1,-1,1,-1,1,1,1,-1,1,1,-1,1,-1,-1,-1,1,1,-1,1,-1,-1,-1,1,1,-1,-1,1,1,-1,-1,1,1,-1,1,1,-1,1,1,1,-1,-1,1,-1,1,1,-1,1,-1,1,1,1,1,1,-1,-1,1,-1,-1,1,-1,1,-1,1,1,-1,1,1,1,-1,1,1,1,1,1,-1,-1,1,-1,1,1,1,1,-1,1,-1,1,1,1,-1,1,1,-1,-1,1,1,-1,1,1,-1,1,1,1,1,1,1,-1,1,1,1,1,1,1,-1,1,1,1,1,1,1,-1,-1,1,1,1,1,1,-1,1,-1,1,-1,1,1,1,-1,1,1,1,1,1,1,-1,1,1,1,-1,1,1,-1,-1,-1,-1,1,1,1,-1,1,1,-1,1,1,-1,-1,1,1,1,1,1,-1,1,1,1,-1,1,1,1,-1,-1,1,1,1,-1,1,-1,1,-1,1,1,1,1,-1,-1,-1,1,-1,-1,1,1,-1,1,1,1,1,1,1,1,-1,1,-1,-1,1,-1,1,-1,1,-1,1,1,1,1,-1,-1,1,-1,1,1,1,-1,1,1,1,-1,1,1,-1,1,-1,-1,1,1,1,-1,1,-1,1,1,1,1,-1,1,-1,1,1,1,-1,1,1,-1,-1,1,1,-1,-1,1,-1,1,1,1,-1,1,-1,-1,-1,1,1,-1,-1,1,-1,1,1,1,1,-1,1,-1,-1,-1,1,1,-1,-1,-1,1,-1,1,-1,-1,1,-1,-1,1,-1,1,-1,-1,1,-1,1,-1,1,-1,-1,1,-1,-1,1,1,1,-1,1,-1,1,-1,-1,1,1,-1,-1,-1,1,-1,-1,-1,1,1,-1,1,-1,1,1,1,-1,1,1,-1,-1,-1,1,-1,-1,1,-1,-1,1,1,1,-1,1,-1,-1,1,1,-1,-1,1,-1,-1,1,1,-1,-1,1,-1,-1,-1,1,1,-1,1,1,-1,-1,1,-1,-1,1,-1,1,-1,1,1,-1,-1,1,-1,-1,-1,-1,-1,1,1,1,-1,1,1,-1,-1,1,-1,-1,-1,-1,-1,1,1,-1,-1,-1,-1,-1,1,1,-1,1,1,1,-1,-1,1,1,-1,-1,-1,-1,1,1,-1,-1,1,-1,-1,-1,1,1,-1,-1,-1,-1,-1,1,-1,-1,1,-1,-1,-1,1,1,-1,1,-1,-1,1,1,1,-1,-1,-1,-1,-1,1,1,1,-1,-1,-1,-1,1,1,-1,-1,-1,-1,1,1,1,1,-1,-1,1,1,1,1,1,-1,-1,-1,1,1,1,1,1,-1,1,1,1,1,-1,1,-1,-1,1,-1,1,-1,1,-1,-1,1,-1,1,-1,-1,-1,-1,1,-1,1,-1,1,1,-1,1,-1,1,-1,1,1,-1,1,-1,1,-1,-1,-1,-1,1,1,-1,-1,-1,-1,-1,1,-1,1,-1,-1,-1,-1,-1,-1,-1,1,-1,-1,-1,1,-1,-1,1,-1,-1,-1,-1,-1,1,1,-1,-1,-1,-1,-1,1,-1,-1,-1,1,-1,-1,1,-1,1,-1,-1,-1,-1,-1,-1,-1,1,-1,-1,-1,1,1,-1,-1,-1,-1,1,-1,-1,-1,-1,1,-1,-1,1,-1,1,-1,-1,-1,-1,1,-1,1,1,-1,1,-1,-1,1,1,-1,-1,-1,-1,-1,-1,1,1,-1,-1,1,-1,1,1,-1,-1,-1,1,-1,1,1,-1,-1,1,-1,-1,1,1,1,-1,1,-1,1,1,1,-1,-1,1,-1,-1,1,1,1,-1,1,-1,-1,1,1,-1,1,1,-1,-1,1,1,1,1,1,-1,-1,1,1,1,1,1,-1,-1,1,1,1,1,1,1,-1,1,1,1,-1,1,-1,-1,1,-1,1,1,1,1,-1,-1,1,-1,1,1,1,-1,1,1,1,1,-1,1,-1,1,1,1,1,1,1,-1,-1,-1,1,1,1,-1,1,-1,1,1,1,1,-1,1,-1,1,1,1,-1,-1,1,-1,1,1,-1,1,-1,-1,-1,1,1,1,-1,1,-1,-1,1,1,1,-1,-1,-1,-1,1,1,1,-1,-1,-1,-1,-1,1,1,-1,1,-1,-1,-1,1,1,-1,1,1,-1,1,1,1,1,1,1,-1,-1,1,1,-1,-1,1,1,1,1,1,-1,1,-1,-1,1,1,-1,-1,1,-1,-1,-1,1,1,-1,1,-1,1,1,1,-1,-1,-1,-1,-1,-1,-1,-1,-1,1,-1,1,1,1,-1,1,1,-1,1,1,1,1,-1,1,-1,1,1,1,-1,-1,1,-1,1,1,1,-1,1,1,-1,1,1,1,-1,-1,1,-1,1,1,1,1,-1,1,-1,-1,1,1,1,-1,1,1,-1,1,1,1,-1,1,-1,-1,1,-2670.0,1,2000,445,500,False
920,1,1,-1,-1,1,-1,1,-1,1,1,1,-1,1,1,1,1,-1,1,-1,-1,1,-1,1,1,1,-1,1,-1,1,1,1,1,-1,-1,-1,-1,1,-1,1,1,-1,-1,-1,1,1,1,1,-1,1,1,1,1,-1,1,-1,-1,1,-1,1,1,1,-1,-1,-1,1,1,1,1,-1,-1,-1,1,1,1,1,-1,-1,-1,1,1,1,-1,-1,-1,1,1,1,1,-1,1,-1,1,1,1,1,-1,-1,1,1,-1,1,1,-1,-1,1,1,1,1,1,-1,-1,1,1,1,1,1,-1,-1,1,1,1,1,1,1,-1,1,1,1,-1,1,1,-1,1,1,1,1,1,1,-1,-1,1,1,1,1,1,-1,1,1,1,1,1,1,-1,-1,-1,1,1,1,1,-1,1,1,1,1,-1,1,-1,1,-1,1,1,1,-1,-1,1,1,1,1,1,-1,1,-1,-1,1,-1,1,-1,1,1,1,1,1,1,1,1,1,-1,1,-1,1,-1,1,1,-1,1,-1,1,1,-1,1,-1,1,-1,1,-1,1,1,-1,-1,-1,1,1,1,1,-1,-1,1,1,-1,-1,1,-1,1,-1,-1,1,-1,1,-1,1,-1,1,-1,1,1,-1,-1,-1,1,1,-1,1,-1,1,1,1,-1,1,1,-1,1,-1,1,-1,1,-1,1,-1,1,1,-1,1,-1,-1,-1,1,1,-1,1,-1,-1,-1,1,1,-1,-1,1,1,-1,-1,1,1,-1,1,1,-1,1,1,1,1,-1,1,-1,1,1,-1,1,-1,1,1,-1,1,1,1,1,1,-1,-1,1,-1,-1,-1,1,1,-1,1,1,1,-1,1,-1,-1,1,1,1,-1,1,-1,1,1,1,-1,-1,1,-1,1,1,1,-1,1,1,-1,-1,1,1,1,-1,1,-1,1,1,1,-1,1,1,-1,1,1,1,-1,1,-1,-1,1,1,1,-1,1,-1,-1,-1,1,1,-1,1,-1,-1,1,-1,1,-1,1,1,-1,-1,1,1,1,-1,1,-1,-1,1,1,-1,1,-1,-1,-1,-1,-1,-1,1,1,-1,-1,1,1,-1,1,-1,-1,-1,1,1,1,1,-1,-1,1,1,1,-1,1,-1,-1,-1,-1,1,1,1,1,-1,-1,1,-1,1,1,-1,-1,1,-1,-1,1,-1,1,-1,-1,1,-1,1,-1,-1,-1,1,1,-1,1,-1,1,-1,-1,1,-1,1,1,-1,-1,-1,1,-1,-1,1,1,-1,-1,1,-1,1,1,-1,1,-1,1,-1,-1,1,1,-1,-1,1,-1,1,1,-1,-1,1,1,-1,1,-1,1,-1,1,-1,1,1,-1,1,-1,1,-1,-1,1,-1,-1,-1,1,-1,-1,1,1,1,-1,1,-1,-1,1,-1,-1,1,-1,1,-1,1,-1,1,-1,1,1,-1,1,-1,1,-1,1,-1,-1,1,-1,1,1,1,1,-1,-1,1,1,-1,1,1,-1,1,1,1,1,-1,1,1,-1,1,1,1,1,1,-1,1,-1,-1,-1,1,-1,-1,1,-1,1,-1,1,-1,1,-1,-1,-1,1,1,-1,1,1,-1,-1,-1,1,-1,1,1,-1,1,-1,1,-1,-1,-1,-1,-1,-1,1,-1,-1,-1,-1,-1,-1,1,-1,1,1,1,1,-1,1,-1,1,1,-1,-1,-1,1,-1,-1,1,-1,1,-1,-1,1,1,1,1,-1,-1,1,1,1,1,-1,1,-1,-1,1,1,1,-1,-1,-1,1,1,1,1,-1,-1,-1,1,-1,1,-1,1,1,-1,-1,1,1,1,-1,-1,-1,-1,1,1,1,1,-1,-1,-1,1,1,1,1,-1,-1,-1,1,1,1,-1,-1,-1,-1,1,1,1,1,-1,-1,1,1,1,1,1,-1,-1,-1,1,1,-1,1,-1,-1,-1,1,1,1,1,-1,-1,1,1,1,1,-1,-1,1,1,-1,1,1,-1,-1,-1,1,1,1,1,1,-1,1,1,1,1,1,-1,-1,-1,1,-1,1,-1,-1,-1,-1,1,-1,1,1,-1,-1,-1,1,-1,1,1,-1,1,-1,1,1,1,1,-1,1,-1,1,-1,1,1,-1,-1,-1,1,1,-1,-1,-1,-1,-1,1,-1,1,-1,-1,-1,-1,-1,-1,-1,1,-1,-1,-1,1,-1,-1,1,-1,-1,-1,-1,-1,-1,1,-1,-1,-1,-1,-1,1,-1,-1,-1,1,-1,-1,1,-1,1,-1,-1,-1,-1,-1,-1,-1,1,-1,-1,-1,1,1,-1,-1,-1,1,1,-1,-1,-1,-1,1,-1,-1,1,1,1,-1,-1,-1,-1,1,-1,1,1,-1,1,-1,-1,1,1,-1,-1,-1,-1,-1,-1,1,1,-1,-1,1,-1,1,1,-1,-1,-1,1,-1,1,1,-1,-1,1,-1,-1,1,1,1,-1,1,-1,1,1,1,-1,-1,1,-1,-1,1,1,1,-1,1,-1,-1,1,1,-1,1,1,-1,-1,1,1,-1,1,1,-1,-1,1,1,-1,1,1,-1,-1,1,1,1,1,1,1,-1,1,1,1,-1,1,-1,-1,1,-1,1,1,1,1,-1,-1,1,-1,1,1,1,-1,1,-1,1,1,-1,1,-1,1,1,1,1,1,1,1,-1,-1,1,1,1,-1,1,-1,1,1,1,1,1,-1,1,-1,1,1,-1,1,1,-1,1,1,-1,1,1,-1,-1,1,1,1,1,-1,1,-1,-1,1,1,-1,-1,1,-1,1,1,1,-1,1,-1,-1,-1,1,1,-1,-1,1,-1,-1,1,1,1,-1,1,-1,-1,1,1,1,-1,1,-1,-1,1,1,-1,-1,-1,1,-1,-1,1,-1,1,1,-1,1,1,-1,-1,1,1,-1,-1,-1,1,-1,1,1,-1,1,1,-1,-1,-1,-1,1,-1,-1,-1,-1,1,-1,-1,1,1,-1,1,1,-1,1,1,1,1,-1,1,-1,1,1,1,1,-1,1,-1,1,1,1,1,-1,1,-1,-1,1,1,1,-1,1,-1,1,1,-1,-1,-1,1,-1,-1,1,1,-1,-1,-1,1,-1,1,-1,1,-1,1,-1,-1,1,-2670.0,1,2000,445,500,False
921,1,1,-1,-1,1,1,-1,-1,1,1,1,-1,1,1,1,1,-1,1,-1,-1,-1,-1,1,1,1,-1,1,-1,1,1,1,1,1,-1,-1,-1,1,1,1,1,-1,-1,-1,1,1,1,1,-1,1,1,1,1,-1,1,-1,-1,1,-1,1,1,-1,-1,-1,-1,1,1,1,1,-1,-1,-1,1,1,1,1,-1,-1,-1,1,1,1,-1,-1,-1,1,1,1,1,-1,1,-1,1,1,1,1,-1,-1,1,1,-1,1,1,-1,-1,1,1,1,1,1,-1,-1,1,1,1,1,1,-1,-1,1,1,1,1,1,1,-1,1,1,1,-1,1,1,-1,1,1,1,1,1,1,-1,-1,1,1,1,1,1,-1,1,1,1,1,1,1,-1,-1,-1,1,1,1,1,-1,1,1,1,1,-1,1,-1,1,-1,1,1,1,-1,-1,1,1,1,1,1,-1,1,-1,-1,1,-1,1,-1,1,1,1,1,1,1,1,1,1,-1,1,-1,1,-1,1,1,-1,1,-1,1,1,-1,1,-1,1,-1,1,-1,1,1,-1,1,-1,1,1,1,1,-1,-1,1,1,-1,-1,1,-1,1,-1,1,1,-1,1,-1,1,-1,1,-1,1,1,-1,1,-1,1,1,-1,1,-1,1,1,1,-1,1,1,-1,-1,-1,1,-1,1,-1,1,-1,1,1,-1,1,-1,-1,-1,1,1,-1,1,-1,-1,-1,1,1,-1,-1,1,1,-1,-1,1,1,-1,1,1,-1,1,1,1,1,-1,1,-1,1,1,-1,1,-1,1,1,-1,1,1,1,1,1,-1,-1,1,-1,-1,-1,1,1,-1,1,1,1,-1,1,-1,-1,1,1,1,1,1,-1,1,1,1,-1,-1,1,-1,1,1,1,-1,1,1,-1,-1,1,1,1,-1,1,-1,1,1,1,-1,1,1,-1,1,1,1,-1,1,-1,-1,1,1,1,-1,1,-1,-1,-1,1,1,-1,1,-1,-1,1,-1,1,-1,1,1,-1,-1,1,1,1,1,1,-1,-1,1,1,-1,1,-1,-1,-1,-1,-1,-1,1,1,-1,-1,1,1,-1,1,-1,-1,-1,1,1,1,1,-1,-1,1,1,1,-1,1,-1,-1,-1,-1,1,1,1,1,-1,-1,1,1,1,1,-1,-1,1,-1,-1,1,-1,1,-1,-1,1,-1,1,1,-1,-1,1,1,-1,1,-1,1,-1,-1,1,-1,1,1,-1,-1,-1,1,-1,-1,1,1,-1,-1,1,-1,1,1,-1,1,-1,1,-1,-1,1,1,-1,-1,1,-1,1,1,-1,-1,1,1,-1,1,-1,1,-1,1,-1,1,1,-1,1,-1,1,-1,-1,1,-1,-1,-1,1,-1,-1,1,-1,1,-1,1,-1,-1,1,-1,-1,1,-1,1,-1,1,-1,1,-1,1,1,-1,1,-1,1,-1,1,-1,-1,1,-1,1,1,1,1,-1,-1,1,1,-1,1,1,-1,1,1,1,1,-1,1,1,-1,1,1,1,1,1,-1,1,-1,-1,-1,1,-1,-1,1,-1,1,-1,1,-1,1,-1,-1,-1,1,1,-1,1,1,-1,-1,-1,1,-1,1,1,-1,1,-1,1,-1,-1,-1,-1,-1,-1,1,-1,-1,-1,-1,-1,-1,1,-1,1,1,1,1,-1,1,-1,1,1,-1,-1,-1,1,-1,-1,1,-1,1,-1,-1,1,1,1,1,-1,-1,1,1,1,1,-1,1,-1,-1,1,1,1,-1,-1,-1,-1,1,1,1,-1,-1,-1,1,-1,1,-1,1,1,-1,-1,1,1,1,-1,-1,-1,1,1,1,1,1,-1,-1,-1,1,1,1,1,-1,-1,-1,1,1,1,-1,-1,-1,1,1,1,1,1,-1,-1,-1,1,1,1,1,-1,-1,-1,1,1,-1,1,-1,-1,-1,1,1,1,1,-1,-1,1,1,1,1,-1,-1,1,1,-1,1,1,-1,-1,-1,1,1,1,1,1,-1,1,1,1,1,1,-1,-1,-1,1,-1,1,-1,-1,-1,-1,1,-1,1,1,-1,-1,-1,1,-1,1,1,-1,-1,-1,1,1,1,1,-1,-1,-1,1,-1,1,1,-1,-1,-1,1,1,-1,-1,-1,-1,-1,1,-1,1,-1,-1,-1,-1,-1,-1,-1,1,-1,-1,-1,1,-1,-1,1,-1,-1,-1,-1,-1,-1,1,-1,-1,-1,-1,-1,1,-1,-1,-1,1,-1,-1,1,-1,1,-1,-1,-1,-1,-1,-1,-1,1,-1,-1,-1,1,1,1,-1,-1,-1,1,-1,-1,-1,-1,1,-1,-1,1,1,1,-1,-1,-1,-1,1,-1,1,1,-1,1,-1,-1,1,1,-1,-1,-1,-1,-1,-1,1,1,-1,-1,1,-1,1,1,-1,-1,-1,1,-1,1,1,-1,-1,1,-1,-1,1,1,1,-1,1,-1,1,1,1,-1,-1,1,-1,-1,1,1,1,-1,1,-1,-1,1,1,-1,1,1,-1,-1,1,1,1,1,1,-1,-1,1,1,1,1,1,-1,-1,1,1,1,1,1,1,-1,-1,1,1,1,1,-1,-1,1,-1,1,1,1,1,-1,-1,1,-1,1,1,1,-1,1,-1,1,1,-1,1,-1,1,1,1,1,1,1,1,-1,-1,1,1,1,-1,1,-1,1,1,1,1,1,-1,1,-1,1,1,-1,1,1,-1,-1,1,-1,1,1,-1,-1,1,1,1,1,-1,1,-1,-1,1,1,-1,-1,1,-1,1,1,1,-1,1,-1,-1,-1,1,1,-1,-1,1,-1,-1,1,1,-1,-1,1,-1,-1,-1,1,1,-1,1,-1,-1,1,1,-1,-1,-1,1,-1,-1,1,-1,1,1,-1,1,1,-1,-1,1,-1,-1,-1,-1,1,-1,1,1,-1,1,1,-1,-1,-1,-1,1,-1,-1,-1,-1,1,-1,-1,1,1,-1,1,1,-1,1,1,1,1,-1,1,-1,1,1,1,1,-1,1,-1,-1,1,1,1,-1,1,-1,1,1,1,1,-1,1,-1,1,1,1,-1,-1,1,-1,-1,1,1,-1,-1,-1,1,-1,1,1,1,-1,1,-1,-1,1,-2670.0,1,2000,445,500,False
922,1,1,-1,-1,1,-1,-1,-1,1,1,1,-1,1,1,1,1,-1,1,-1,-1,-1,-1,1,1,1,-1,-1,-1,1,1,1,1,1,-1,-1,-1,1,1,1,-1,-1,-1,-1,1,1,1,1,-1,1,1,1,1,-1,1,-1,-1,1,-1,1,1,1,-1,-1,-1,1,1,1,1,-1,-1,-1,1,1,1,1,-1,-1,-1,1,1,1,-1,-1,-1,1,1,1,1,-1,-1,-1,1,1,1,1,-1,-1,1,1,-1,1,1,-1,-1,1,1,1,1,1,-1,-1,-1,1,-1,1,1,-1,-1,1,1,1,1,1,1,-1,-1,1,1,-1,1,1,-1,1,1,1,1,1,1,-1,1,1,1,1,1,1,-1,1,1,1,1,1,1,-1,-1,-1,1,1,1,1,-1,1,1,1,1,-1,1,-1,1,-1,1,1,1,-1,-1,1,1,1,1,1,-1,1,-1,-1,1,-1,1,-1,1,1,1,1,1,1,1,1,1,-1,1,-1,1,-1,1,1,-1,1,-1,1,1,-1,1,-1,1,-1,1,-1,1,1,-1,1,-1,1,1,1,1,-1,-1,1,1,-1,-1,1,-1,1,-1,1,1,-1,1,-1,1,-1,1,-1,1,1,-1,-1,-1,1,1,-1,1,-1,1,1,1,-1,1,-1,-1,1,-1,1,-1,1,1,1,-1,1,1,-1,1,-1,-1,-1,1,1,-1,1,-1,-1,-1,1,1,-1,-1,1,1,-1,-1,1,1,-1,1,1,-1,1,1,1,1,-1,1,-1,1,1,-1,1,-1,1,1,1,1,1,1,1,1,-1,-1,1,-1,-1,1,1,1,-1,1,1,1,-1,1,1,1,1,1,1,1,1,-1,1,1,1,-1,1,1,-1,1,1,1,-1,1,1,-1,-1,1,1,1,-1,1,-1,1,1,1,-1,1,1,-1,1,1,1,-1,1,1,-1,1,1,1,-1,1,1,-1,-1,1,1,-1,1,1,-1,1,-1,1,-1,1,1,1,-1,1,1,1,-1,1,1,-1,1,1,-1,1,-1,1,-1,-1,-1,-1,1,1,1,-1,1,1,-1,1,1,-1,-1,1,1,1,1,1,-1,1,1,1,-1,1,1,1,1,-1,1,1,1,-1,1,-1,1,-1,1,-1,1,1,-1,-1,-1,1,-1,-1,1,1,-1,1,1,-1,1,1,1,1,-1,1,-1,-1,1,-1,1,-1,1,1,1,1,1,1,-1,-1,1,-1,1,1,1,-1,1,1,1,-1,1,1,-1,-1,1,-1,1,1,1,-1,1,1,1,1,1,1,-1,1,-1,-1,1,1,-1,1,1,-1,-1,1,1,-1,-1,1,-1,1,1,1,-1,-1,1,1,-1,1,1,-1,-1,1,-1,1,1,1,1,-1,1,-1,-1,-1,1,1,-1,1,-1,1,-1,1,-1,-1,1,-1,-1,1,-1,1,-1,-1,1,-1,1,-1,1,-1,1,1,-1,-1,1,1,1,-1,1,-1,1,-1,-1,-1,1,-1,-1,-1,1,-1,-1,1,1,1,-1,1,-1,1,1,1,-1,1,1,-1,1,-1,1,-1,-1,1,-1,-1,1,1,1,-1,1,-1,-1,1,1,-1,-1,1,-1,-1,1,1,-1,-1,1,-1,-1,-1,1,1,-1,1,-1,-1,-1,1,-1,-1,1,-1,1,-1,1,1,-1,-1,1,-1,-1,-1,-1,-1,1,1,1,-1,1,1,-1,-1,1,-1,1,-1,-1,-1,1,1,-1,-1,-1,1,-1,1,1,-1,1,1,1,-1,-1,1,1,-1,-1,-1,-1,-1,1,-1,-1,1,-1,-1,-1,1,1,-1,-1,-1,-1,-1,1,-1,-1,1,-1,-1,1,1,1,-1,1,-1,-1,-1,1,1,-1,-1,-1,-1,-1,1,1,1,-1,-1,-1,-1,1,1,-1,-1,-1,-1,1,1,1,1,-1,-1,1,1,1,1,1,-1,-1,-1,1,1,1,-1,1,-1,1,1,1,1,-1,1,-1,-1,1,-1,1,-1,1,-1,-1,1,-1,1,-1,-1,-1,-1,1,-1,1,-1,1,-1,-1,1,-1,1,-1,1,-1,-1,1,-1,1,-1,-1,-1,-1,1,1,-1,-1,-1,-1,-1,1,-1,1,-1,-1,-1,-1,-1,-1,-1,1,-1,-1,-1,1,-1,-1,1,-1,-1,-1,-1,-1,-1,1,-1,-1,-1,-1,-1,1,-1,-1,-1,1,-1,-1,1,-1,1,-1,-1,-1,-1,-1,-1,-1,1,-1,-1,-1,1,1,-1,-1,-1,-1,1,-1,-1,-1,-1,1,-1,-1,1,1,1,-1,-1,-1,-1,1,-1,1,1,-1,1,-1,-1,1,1,-1,-1,-1,-1,-1,-1,1,1,-1,-1,1,-1,1,1,-1,-1,-1,1,-1,1,1,-1,-1,1,-1,-1,1,1,1,-1,1,-1,1,1,1,-1,-1,1,-1,-1,1,1,1,-1,1,-1,-1,1,1,-1,1,1,-1,-1,1,1,1,1,1,-1,-1,1,1,-1,1,1,-1,-1,1,1,1,1,1,1,-1,1,1,1,-1,1,-1,-1,1,-1,1,1,1,1,-1,-1,1,-1,1,1,1,-1,1,-1,1,1,-1,1,-1,1,1,1,1,1,1,1,-1,-1,1,1,1,-1,1,-1,1,1,1,1,1,-1,1,-1,1,1,-1,1,1,-1,1,1,-1,1,1,-1,-1,1,1,1,1,-1,1,-1,-1,1,1,-1,-1,1,-1,1,1,1,-1,1,-1,-1,-1,1,1,-1,-1,1,-1,-1,1,1,-1,-1,1,-1,-1,1,1,1,-1,1,-1,-1,1,1,-1,-1,-1,1,-1,-1,1,-1,1,1,-1,1,1,-1,-1,1,1,-1,-1,1,1,-1,1,1,-1,1,1,-1,-1,-1,-1,1,-1,-1,-1,-1,-1,1,-1,1,1,-1,1,1,-1,1,1,1,1,-1,1,-1,1,1,1,-1,-1,1,-1,-1,1,1,-1,1,1,-1,1,1,1,-1,-1,1,-1,1,1,1,1,-1,1,-1,-1,1,1,-1,-1,1,1,-1,1,-1,1,-1,1,-1,1,1,-2670.0,1,2000,445,500,False
923,1,1,-1,-1,1,1,-1,-1,1,1,1,-1,-1,1,1,1,-1,1,-1,-1,-1,-1,1,1,1,-1,-1,-1,1,1,1,1,1,-1,-1,-1,1,1,1,1,-1,-1,-1,1,1,1,1,-1,1,1,1,1,-1,1,-1,-1,1,-1,1,1,-1,-1,-1,-1,1,1,1,1,-1,-1,-1,1,1,1,1,-1,-1,-1,1,1,1,-1,-1,-1,1,1,1,1,-1,-1,-1,1,1,1,1,-1,-1,1,1,-1,1,1,-1,-1,1,1,1,1,1,-1,-1,1,1,-1,1,1,-1,-1,1,1,1,1,1,1,-1,-1,1,1,-1,1,1,-1,1,1,1,1,1,1,-1,-1,1,1,1,1,1,-1,1,1,1,1,1,1,-1,-1,-1,1,1,1,1,-1,1,1,1,1,-1,1,-1,1,1,1,1,1,-1,-1,1,1,1,1,1,-1,1,-1,-1,1,-1,1,-1,1,1,1,1,1,1,1,1,1,-1,1,-1,1,-1,1,1,-1,1,-1,1,1,-1,1,-1,1,-1,1,-1,1,1,-1,1,-1,1,1,1,1,-1,-1,1,1,-1,-1,1,-1,1,-1,-1,1,-1,1,-1,1,-1,1,-1,1,1,-1,-1,-1,1,1,-1,1,-1,1,1,1,-1,1,1,-1,1,-1,1,-1,1,-1,1,-1,1,1,-1,1,-1,-1,-1,1,1,-1,1,-1,-1,-1,1,1,-1,-1,1,1,-1,-1,1,1,-1,1,1,-1,1,1,1,1,-1,1,-1,1,1,-1,1,-1,1,1,1,1,1,1,1,1,-1,-1,1,-1,-1,-1,1,1,-1,1,1,1,-1,1,1,1,1,1,1,1,1,-1,1,1,1,-1,-1,1,-1,1,1,1,-1,1,1,-1,-1,1,1,1,-1,1,-1,1,1,1,-1,1,1,-1,1,1,1,-1,1,1,-1,1,1,1,-1,1,1,-1,-1,1,1,-1,1,1,-1,1,-1,1,-1,1,1,1,-1,1,1,1,-1,1,1,-1,1,1,-1,1,1,1,-1,-1,-1,-1,1,1,1,-1,1,1,-1,1,1,-1,-1,1,1,1,1,1,-1,1,1,1,-1,1,1,1,-1,-1,1,1,1,-1,1,-1,1,1,1,1,1,1,-1,-1,-1,1,-1,-1,1,1,-1,1,1,1,1,1,1,1,-1,1,-1,-1,1,-1,1,-1,1,1,1,1,1,1,-1,-1,1,-1,1,1,1,-1,1,1,1,-1,1,1,-1,-1,1,-1,1,1,1,-1,1,1,1,1,1,1,-1,1,-1,-1,1,1,-1,-1,1,-1,-1,1,1,-1,-1,1,-1,1,1,1,-1,-1,1,-1,-1,1,1,-1,-1,1,-1,1,1,1,1,-1,1,1,-1,-1,1,1,-1,-1,1,1,-1,1,-1,-1,1,-1,-1,1,-1,1,-1,-1,1,-1,1,-1,1,-1,-1,1,-1,-1,1,1,1,-1,1,-1,1,-1,-1,-1,1,-1,-1,-1,1,-1,-1,1,1,1,-1,1,-1,1,1,1,-1,1,1,-1,1,-1,1,-1,1,1,-1,-1,1,1,1,-1,1,-1,-1,1,1,-1,-1,1,-1,-1,1,1,-1,-1,1,-1,-1,-1,1,1,-1,1,1,-1,-1,1,-1,-1,1,-1,1,-1,1,1,-1,-1,1,-1,-1,-1,-1,-1,-1,1,1,-1,1,1,-1,1,1,-1,-1,-1,-1,-1,1,1,-1,-1,-1,1,-1,1,1,-1,1,1,1,-1,-1,1,1,-1,-1,-1,-1,-1,1,-1,-1,1,-1,-1,-1,1,1,-1,-1,-1,-1,-1,1,-1,-1,1,-1,-1,1,1,1,-1,1,-1,-1,-1,1,1,-1,-1,-1,-1,-1,1,1,1,-1,-1,-1,-1,1,1,-1,-1,-1,-1,1,1,1,1,-1,-1,1,1,1,1,1,-1,-1,-1,1,1,1,-1,1,-1,1,1,1,1,-1,1,-1,-1,1,-1,1,-1,1,-1,-1,1,-1,1,-1,-1,-1,-1,1,-1,1,-1,1,-1,-1,1,-1,1,-1,1,-1,-1,1,-1,1,-1,-1,-1,-1,1,1,-1,-1,-1,-1,-1,1,-1,1,-1,-1,-1,-1,-1,-1,-1,1,-1,-1,-1,1,-1,-1,1,-1,-1,-1,-1,-1,-1,1,-1,-1,-1,-1,-1,1,-1,-1,-1,1,-1,-1,1,-1,1,-1,-1,-1,-1,-1,-1,-1,1,-1,-1,-1,1,1,-1,-1,-1,1,1,-1,-1,-1,-1,1,-1,-1,1,-1,1,-1,-1,-1,-1,1,-1,1,1,-1,1,-1,-1,1,1,-1,-1,-1,-1,-1,-1,1,1,-1,-1,1,-1,1,1,-1,-1,-1,1,-1,1,1,-1,-1,1,-1,-1,1,1,1,-1,1,-1,1,1,1,-1,-1,1,-1,-1,1,1,1,-1,1,-1,-1,1,1,-1,1,1,-1,-1,1,1,1,1,1,-1,-1,1,1,1,1,1,-1,-1,1,1,1,1,1,1,-1,-1,1,1,-1,1,-1,-1,1,-1,1,1,1,1,-1,-1,1,-1,1,1,1,-1,1,1,1,1,-1,1,-1,1,1,1,1,1,1,1,-1,1,1,1,1,-1,1,-1,1,1,1,1,1,-1,1,1,1,1,-1,1,1,-1,1,1,-1,1,1,-1,-1,1,1,1,1,-1,1,-1,1,1,1,-1,-1,1,-1,1,1,1,-1,1,-1,-1,-1,1,1,-1,-1,1,-1,-1,1,1,1,-1,1,-1,-1,1,1,1,1,-1,-1,-1,1,1,-1,-1,-1,1,-1,1,1,-1,1,1,-1,1,1,-1,-1,1,-1,-1,-1,1,1,-1,1,1,-1,1,1,-1,-1,1,-1,1,-1,-1,-1,-1,1,-1,-1,1,1,-1,1,1,-1,1,1,1,1,-1,1,-1,1,1,1,1,-1,1,-1,-1,-1,1,1,-1,1,-1,1,1,1,1,-1,1,-1,1,1,1,-1,-1,1,-1,-1,1,1,-1,-1,-1,1,-1,1,-1,1,-1,1,-1,-1,1,-2670.0,1,2000,445,500,False
924,1,1,-1,-1,1,-1,-1,-1,1,1,1,-1,1,1,1,1,-1,1,-1,-1,-1,-1,1,1,1,-1,-1,-1,1,1,1,1,-1,-1,-1,-1,1,-1,1,1,-1,-1,-1,1,1,1,1,-1,1,1,1,1,-1,1,-1,-1,1,-1,1,1,1,-1,-1,-1,1,1,1,1,-1,-1,-1,1,1,1,1,-1,-1,-1,1,1,1,-1,-1,-1,1,1,1,1,-1,-1,-1,1,1,1,1,-1,-1,1,1,-1,1,1,-1,-1,1,1,1,1,1,-1,-1,-1,1,1,1,1,-1,-1,1,1,1,1,1,1,-1,-1,1,1,-1,1,1,-1,1,1,1,1,1,1,-1,1,1,1,1,1,1,-1,1,1,1,1,1,1,-1,-1,-1,1,1,1,1,-1,1,1,1,1,-1,1,-1,1,-1,1,1,1,-1,-1,1,1,1,1,1,-1,1,-1,-1,1,-1,1,-1,1,1,1,1,1,1,1,1,1,-1,1,-1,1,-1,1,1,-1,1,-1,1,1,-1,1,-1,1,-1,1,-1,1,1,-1,1,-1,1,1,1,1,-1,-1,1,1,-1,-1,1,-1,1,-1,1,1,-1,1,-1,1,-1,1,-1,1,1,-1,1,-1,1,1,-1,1,-1,1,1,1,-1,1,-1,-1,-1,-1,1,-1,1,1,1,-1,1,1,-1,1,-1,-1,-1,1,1,-1,1,-1,-1,-1,1,1,-1,-1,1,1,-1,-1,1,1,-1,1,1,-1,1,1,1,-1,-1,1,-1,1,1,-1,1,-1,1,1,1,1,1,-1,-1,1,-1,-1,1,-1,1,-1,1,1,-1,1,1,1,-1,1,1,1,1,1,-1,-1,1,-1,1,1,1,1,-1,1,-1,1,1,1,-1,1,1,-1,-1,1,1,-1,1,1,-1,1,1,1,1,1,1,-1,1,1,1,1,1,1,-1,1,1,1,1,1,1,1,-1,1,1,1,1,1,-1,1,-1,1,-1,1,1,1,-1,1,1,1,1,1,1,-1,1,1,1,1,1,1,-1,-1,-1,-1,1,1,1,-1,1,1,-1,1,1,-1,-1,1,1,1,1,1,-1,1,1,1,-1,1,1,1,1,-1,1,1,1,-1,1,-1,1,-1,1,1,1,1,-1,-1,-1,1,-1,-1,1,-1,1,-1,-1,1,1,1,1,-1,-1,1,-1,-1,1,-1,1,-1,1,-1,-1,1,-1,1,-1,-1,1,-1,1,1,-1,-1,1,1,1,-1,1,-1,-1,1,-1,-1,1,1,-1,-1,1,-1,1,1,-1,1,-1,1,-1,-1,1,-1,-1,1,1,-1,1,1,-1,-1,-1,1,-1,1,1,1,-1,1,-1,1,-1,1,-1,-1,-1,1,-1,1,1,1,-1,-1,1,-1,-1,1,-1,-1,-1,1,-1,-1,1,-1,-1,-1,1,-1,-1,1,-1,-1,-1,-1,1,-1,1,-1,-1,-1,-1,1,-1,-1,1,1,1,-1,1,-1,1,-1,1,1,1,-1,-1,-1,1,-1,-1,1,1,1,-1,1,-1,1,1,1,-1,1,1,-1,-1,-1,1,-1,-1,1,-1,-1,1,1,1,-1,1,-1,-1,1,1,-1,-1,1,-1,-1,1,1,-1,-1,1,-1,-1,-1,1,1,-1,1,-1,-1,-1,1,-1,-1,1,-1,1,-1,1,1,-1,-1,1,-1,-1,-1,-1,-1,1,1,1,-1,-1,1,-1,-1,1,-1,-1,1,-1,-1,-1,1,-1,-1,1,-1,-1,1,1,-1,1,-1,-1,-1,-1,1,1,-1,-1,-1,-1,1,1,-1,-1,1,-1,-1,-1,1,1,-1,-1,-1,-1,-1,1,-1,-1,-1,-1,-1,1,1,1,-1,-1,-1,-1,-1,1,1,-1,-1,-1,-1,-1,1,1,1,-1,-1,-1,-1,1,1,1,-1,-1,-1,1,1,1,1,1,-1,1,1,1,1,1,1,-1,-1,1,1,1,-1,-1,-1,1,1,1,1,-1,1,-1,-1,1,-1,1,-1,1,-1,-1,1,-1,1,1,1,-1,-1,1,-1,1,-1,1,1,-1,1,-1,1,1,1,1,-1,1,-1,1,1,1,-1,-1,1,1,-1,1,1,-1,-1,1,-1,1,-1,1,-1,-1,-1,-1,-1,1,1,-1,-1,1,-1,-1,1,1,-1,-1,-1,-1,-1,-1,1,-1,-1,-1,-1,1,1,-1,-1,1,-1,-1,1,-1,1,-1,-1,-1,-1,-1,1,1,1,-1,-1,-1,1,1,1,-1,-1,-1,1,-1,-1,1,-1,1,-1,-1,1,1,1,-1,-1,-1,-1,1,-1,1,1,-1,1,-1,-1,1,1,-1,-1,-1,-1,-1,-1,1,1,-1,-1,1,-1,1,1,-1,-1,-1,1,-1,1,1,-1,-1,1,-1,-1,1,1,1,-1,1,-1,1,1,1,-1,-1,1,-1,-1,1,1,1,-1,1,-1,-1,1,1,-1,1,1,-1,-1,1,1,-1,1,1,-1,-1,1,1,-1,1,1,-1,-1,1,1,1,1,1,1,-1,1,1,1,-1,1,-1,-1,1,-1,1,1,1,1,-1,-1,1,-1,1,1,1,-1,1,1,1,1,-1,1,-1,1,1,1,1,1,1,-1,-1,-1,1,1,1,-1,1,-1,1,1,1,1,-1,1,-1,1,1,1,-1,-1,1,-1,1,1,-1,1,-1,-1,-1,1,1,1,-1,1,-1,-1,1,1,1,-1,-1,-1,-1,1,1,1,-1,1,-1,-1,-1,1,1,-1,1,-1,-1,-1,1,1,-1,1,-1,-1,1,1,1,1,1,1,-1,-1,1,1,-1,-1,1,1,1,-1,1,-1,1,-1,-1,1,1,-1,-1,1,-1,-1,-1,1,1,-1,1,1,1,1,1,-1,-1,-1,-1,-1,-1,-1,-1,-1,1,-1,1,1,1,-1,1,1,-1,1,1,1,1,-1,1,-1,1,1,1,-1,-1,1,-1,1,1,1,-1,1,1,-1,1,1,1,-1,-1,1,-1,1,1,1,1,-1,1,-1,-1,1,1,-1,-1,1,1,-1,1,-1,1,-1,1,-1,-1,1,-2670.0,1,2000,445,500,False
925,1,1,-1,-1,1,1,-1,-1,1,1,1,-1,1,1,1,1,-1,1,-1,-1,-1,-1,1,1,1,-1,1,-1,1,1,1,1,-1,-1,-1,-1,1,-1,1,1,-1,-1,-1,1,1,1,1,-1,1,1,1,1,-1,1,-1,-1,1,-1,1,1,1,-1,-1,-1,1,1,1,1,-1,-1,-1,1,1,1,1,-1,-1,-1,1,1,1,-1,-1,-1,1,1,1,1,-1,-1,-1,1,1,1,1,-1,-1,1,1,-1,1,1,-1,-1,1,1,1,1,1,-1,-1,-1,1,-1,1,1,-1,-1,1,1,1,1,1,1,-1,-1,1,1,-1,1,1,-1,1,1,1,1,1,1,-1,1,1,1,1,1,1,-1,1,1,1,1,1,1,-1,-1,-1,1,1,1,1,-1,1,1,1,1,-1,1,-1,1,-1,1,1,1,-1,-1,1,1,1,1,1,-1,1,-1,-1,1,-1,1,-1,1,1,1,1,1,1,1,1,1,-1,1,-1,1,-1,1,1,-1,1,-1,1,1,-1,1,-1,1,-1,1,-1,1,1,-1,1,-1,1,1,1,1,-1,-1,1,1,-1,-1,1,-1,1,-1,-1,1,-1,1,-1,1,-1,1,-1,1,1,-1,-1,-1,1,1,-1,1,-1,1,1,1,-1,1,1,-1,1,-1,1,-1,1,-1,1,-1,1,1,-1,1,-1,-1,-1,1,1,-1,1,-1,-1,-1,1,1,-1,-1,1,1,-1,-1,1,1,-1,1,1,-1,1,1,1,1,-1,1,-1,1,1,-1,1,-1,1,1,-1,1,1,1,1,1,-1,-1,1,-1,-1,-1,1,1,-1,1,1,1,-1,1,-1,-1,1,1,1,1,1,-1,1,1,1,-1,1,1,-1,1,1,1,-1,1,1,-1,-1,1,1,1,-1,1,-1,1,1,1,-1,1,1,-1,1,1,1,-1,1,-1,-1,1,1,1,-1,1,-1,-1,-1,1,1,-1,1,-1,-1,1,-1,1,-1,1,1,-1,-1,1,1,1,-1,1,-1,-1,1,1,-1,1,-1,-1,-1,-1,-1,-1,1,1,-1,-1,1,1,-1,1,-1,-1,-1,1,1,1,1,1,-1,1,1,1,-1,1,-1,-1,-1,-1,1,1,-1,1,-1,-1,1,-1,1,-1,-1,-1,-1,-1,-1,1,-1,1,-1,1,-1,1,1,-1,-1,-1,1,1,-1,1,-1,1,-1,-1,1,-1,1,-1,-1,-1,-1,1,-1,-1,1,1,-1,-1,1,-1,1,1,-1,1,-1,1,-1,1,-1,1,-1,1,1,-1,1,-1,-1,-1,1,1,-1,1,-1,1,-1,1,-1,1,1,-1,1,-1,1,-1,-1,1,-1,-1,-1,1,-1,1,-1,1,1,-1,1,-1,-1,1,-1,-1,1,-1,1,-1,1,-1,1,-1,1,1,-1,1,-1,1,-1,1,-1,-1,1,-1,1,1,-1,1,-1,-1,1,1,-1,-1,1,-1,-1,1,1,1,1,1,1,-1,1,1,1,-1,1,-1,1,-1,-1,-1,1,-1,-1,1,-1,1,-1,1,-1,1,-1,-1,-1,1,1,-1,1,1,-1,-1,-1,1,-1,1,1,-1,1,-1,1,-1,-1,-1,-1,-1,-1,1,-1,-1,-1,-1,-1,-1,1,-1,1,1,1,1,-1,1,-1,1,1,-1,-1,-1,1,-1,-1,1,-1,1,-1,-1,1,1,1,1,-1,-1,1,1,1,1,-1,1,-1,-1,1,1,1,-1,-1,-1,1,1,1,1,-1,1,-1,1,-1,1,-1,1,1,-1,-1,1,1,1,-1,-1,-1,1,1,1,1,1,-1,-1,-1,1,1,1,1,-1,-1,-1,1,1,1,-1,-1,-1,1,1,1,1,1,-1,-1,-1,1,1,1,1,-1,-1,-1,1,1,-1,1,-1,-1,-1,1,1,1,1,-1,-1,1,1,1,1,1,-1,1,1,-1,1,1,-1,-1,-1,1,1,1,1,1,-1,1,1,1,1,1,1,-1,-1,1,-1,1,-1,1,-1,-1,1,-1,1,1,-1,-1,-1,1,-1,1,1,-1,1,-1,1,1,1,-1,1,1,-1,1,-1,1,-1,-1,-1,-1,1,1,-1,-1,-1,-1,-1,1,-1,1,-1,-1,-1,-1,-1,-1,-1,1,-1,-1,-1,1,-1,-1,1,-1,-1,-1,-1,-1,-1,1,-1,-1,-1,-1,-1,1,-1,-1,-1,1,-1,-1,1,-1,1,-1,-1,-1,-1,-1,-1,-1,1,-1,-1,-1,1,1,-1,-1,-1,1,-1,-1,-1,-1,-1,1,-1,-1,1,-1,1,-1,-1,-1,-1,1,-1,1,1,-1,1,-1,-1,1,1,-1,-1,-1,-1,-1,-1,1,1,-1,-1,1,-1,1,1,-1,-1,-1,1,-1,1,1,-1,-1,1,-1,-1,1,1,1,-1,1,-1,1,1,1,-1,-1,1,-1,-1,1,1,1,-1,1,-1,-1,1,1,-1,1,1,-1,-1,1,1,1,1,1,-1,-1,1,1,-1,1,1,-1,-1,1,1,1,1,1,1,-1,1,1,1,1,1,-1,-1,1,-1,1,1,1,1,-1,-1,1,-1,1,1,1,-1,1,1,1,1,-1,1,-1,1,1,1,1,1,1,1,-1,-1,1,1,1,-1,1,-1,1,1,1,1,1,-1,1,1,1,1,-1,1,1,-1,1,1,-1,1,1,-1,-1,1,1,1,1,-1,1,-1,1,1,1,-1,-1,1,-1,1,1,1,-1,1,-1,-1,-1,1,1,-1,-1,1,-1,-1,1,1,-1,-1,1,-1,1,-1,1,1,-1,1,-1,-1,1,1,-1,-1,-1,1,1,-1,1,-1,1,1,-1,1,1,-1,-1,1,1,-1,-1,1,1,-1,1,1,1,1,1,-1,-1,-1,-1,-1,-1,-1,-1,-1,-1,1,1,1,1,-1,1,1,-1,1,1,1,1,-1,1,-1,1,1,1,-1,-1,1,-1,1,1,1,-1,-1,1,-1,1,1,1,-1,-1,1,-1,1,1,1,1,-1,1,-1,1,1,1,-1,-1,-1,1,-1,1,-1,1,-1,1,-1,1,1,-2670.0,1,2000,445,500,False
926,1,1,-1,-1,1,1,-1,-1,1,1,1,-1,1,1,1,1,-1,1,-1,-1,-1,-1,1,1,1,-1,-1,-1,1,1,1,1,-1,-1,-1,-1,1,1,1,1,-1,-1,-1,1,1,1,1,-1,1,1,1,1,-1,1,-1,-1,1,-1,1,1,1,-1,-1,-1,1,1,1,1,-1,-1,-1,1,1,1,1,-1,-1,-1,1,1,1,-1,-1,-1,1,1,1,1,-1,1,-1,1,1,1,1,-1,-1,1,1,-1,1,1,-1,-1,1,1,1,1,1,-1,-1,1,1,-1,1,1,-1,-1,1,1,1,1,1,1,-1,1,1,1,-1,1,1,-1,1,1,1,1,1,1,-1,-1,1,1,1,1,1,-1,1,1,1,1,1,1,-1,-1,-1,1,1,1,1,-1,1,1,1,1,-1,1,-1,1,-1,1,1,1,-1,-1,1,1,1,1,1,-1,1,-1,-1,1,-1,1,-1,1,1,1,1,1,1,1,1,1,1,1,-1,1,-1,1,1,-1,1,-1,1,1,-1,1,-1,1,-1,1,-1,1,1,-1,-1,-1,1,1,1,1,-1,-1,1,1,-1,-1,1,-1,1,-1,-1,1,-1,1,-1,1,-1,1,-1,1,1,-1,1,-1,1,1,-1,1,-1,1,1,1,-1,1,1,-1,1,-1,1,-1,1,-1,1,-1,1,1,-1,1,-1,-1,-1,1,1,-1,1,-1,-1,-1,1,1,-1,-1,1,1,-1,-1,1,1,-1,1,1,-1,1,1,1,-1,-1,1,-1,1,1,-1,1,-1,1,1,1,1,1,-1,-1,1,-1,-1,1,-1,1,-1,1,1,-1,1,1,1,-1,1,1,1,1,1,-1,-1,1,-1,1,1,1,1,-1,1,-1,1,1,1,-1,1,1,-1,-1,1,1,-1,-1,1,-1,1,1,1,1,1,1,-1,1,1,1,1,1,1,-1,1,1,1,1,1,1,-1,-1,1,1,1,1,1,-1,1,-1,1,-1,1,1,1,-1,1,1,1,1,1,1,-1,1,1,1,-1,1,1,-1,-1,-1,-1,1,1,1,-1,1,1,-1,1,1,-1,-1,1,1,1,1,1,-1,1,1,1,-1,1,1,1,1,-1,1,1,1,-1,1,-1,1,-1,1,1,1,1,-1,-1,-1,1,-1,-1,1,-1,1,-1,1,1,1,1,1,-1,-1,1,-1,-1,1,-1,1,-1,1,-1,1,1,1,1,-1,-1,1,-1,1,1,-1,-1,1,1,1,-1,1,-1,-1,1,-1,-1,1,1,-1,-1,-1,-1,1,1,-1,1,-1,1,-1,1,1,-1,-1,1,1,1,1,1,-1,-1,-1,1,-1,1,1,1,-1,1,-1,1,-1,1,-1,-1,-1,1,-1,1,1,1,-1,-1,-1,-1,-1,1,-1,-1,-1,-1,-1,1,1,-1,-1,-1,1,-1,-1,1,-1,-1,-1,-1,1,-1,1,-1,-1,-1,-1,1,-1,-1,1,1,1,-1,1,-1,1,-1,1,1,1,-1,-1,-1,1,-1,-1,1,1,1,-1,1,-1,1,1,1,-1,1,1,-1,1,-1,1,-1,-1,1,-1,-1,1,1,1,-1,1,-1,-1,1,1,-1,-1,1,-1,-1,1,1,-1,-1,1,-1,-1,-1,1,1,-1,1,-1,-1,-1,1,-1,-1,1,-1,1,-1,1,1,-1,-1,1,-1,-1,-1,-1,-1,1,1,1,-1,-1,1,-1,-1,1,-1,-1,1,-1,-1,-1,1,-1,-1,1,1,-1,1,1,-1,1,-1,1,-1,-1,1,1,-1,-1,-1,-1,-1,1,-1,-1,1,-1,-1,-1,1,1,-1,-1,-1,-1,-1,1,-1,-1,-1,-1,-1,-1,1,1,-1,-1,-1,-1,1,1,1,-1,-1,-1,-1,-1,1,1,1,-1,-1,-1,-1,1,1,-1,-1,-1,-1,1,1,1,1,1,-1,1,1,1,1,1,1,-1,-1,1,1,1,1,-1,-1,1,1,1,1,-1,1,-1,-1,1,-1,1,-1,1,-1,-1,1,-1,1,-1,1,-1,-1,1,-1,1,-1,1,-1,-1,1,-1,1,1,1,-1,-1,1,-1,1,1,1,-1,-1,1,1,-1,1,1,-1,-1,1,-1,1,-1,1,-1,-1,-1,-1,-1,1,1,-1,-1,1,-1,-1,1,1,-1,-1,-1,-1,1,-1,1,-1,-1,-1,-1,-1,1,-1,-1,1,-1,-1,1,-1,1,-1,-1,-1,-1,-1,1,1,1,-1,-1,-1,1,1,1,-1,-1,1,-1,-1,-1,1,-1,1,-1,-1,1,1,1,-1,-1,-1,-1,1,-1,1,1,-1,1,-1,-1,1,1,-1,-1,-1,-1,-1,-1,1,1,-1,-1,1,-1,1,1,-1,-1,-1,1,-1,1,1,-1,-1,1,-1,-1,1,1,1,-1,1,-1,1,1,1,-1,-1,1,-1,-1,1,1,1,-1,1,-1,-1,1,1,-1,1,1,-1,-1,1,1,1,1,1,-1,-1,1,1,-1,1,1,-1,-1,1,1,1,1,1,1,-1,1,1,1,1,1,-1,-1,1,-1,1,1,1,1,-1,-1,1,-1,1,1,1,-1,1,1,1,1,-1,1,-1,1,1,1,1,1,1,-1,-1,1,1,1,1,-1,1,-1,1,1,1,1,-1,1,-1,1,1,1,-1,-1,1,-1,1,1,-1,1,-1,-1,-1,1,1,1,-1,1,-1,-1,1,1,1,-1,-1,-1,-1,1,1,1,-1,-1,-1,-1,-1,1,1,-1,1,-1,-1,-1,1,1,-1,1,-1,-1,1,1,1,1,1,1,-1,-1,1,1,-1,-1,1,1,1,1,1,-1,1,-1,-1,1,1,-1,-1,1,-1,-1,-1,-1,1,-1,1,-1,1,1,1,-1,-1,-1,-1,-1,-1,-1,-1,-1,1,-1,1,1,1,-1,1,1,-1,1,1,1,1,-1,1,-1,1,1,1,1,-1,1,-1,1,1,1,1,-1,1,-1,1,1,1,1,-1,1,-1,1,1,1,-1,-1,1,-1,-1,1,1,-1,-1,-1,1,-1,1,-1,1,-1,1,-1,-1,1,-2670.0,1,2000,445,500,False
927,1,1,-1,-1,1,1,-1,-1,1,1,1,-1,-1,1,1,1,-1,1,-1,-1,-1,-1,1,1,1,-1,-1,-1,1,1,1,1,-1,-1,-1,-1,1,1,1,1,-1,-1,-1,1,1,1,1,-1,1,1,1,1,-1,1,-1,-1,1,-1,1,1,1,-1,-1,-1,1,1,1,1,-1,-1,-1,1,1,1,1,-1,-1,-1,1,1,1,-1,-1,-1,1,1,1,1,-1,-1,-1,1,1,1,1,-1,-1,1,1,-1,1,1,-1,-1,1,1,1,1,1,-1,-1,1,1,-1,1,1,-1,-1,1,1,1,1,1,1,-1,1,1,1,-1,1,1,-1,1,1,1,1,1,1,-1,-1,1,1,1,1,1,-1,1,1,1,1,1,1,-1,-1,-1,1,1,1,1,-1,1,1,1,1,-1,1,-1,1,-1,1,1,1,-1,-1,1,1,1,1,1,-1,1,-1,-1,1,-1,1,-1,1,1,1,1,1,1,1,1,1,-1,1,-1,1,-1,1,1,-1,1,-1,1,1,-1,1,-1,1,-1,1,-1,1,1,-1,-1,-1,1,1,1,1,-1,-1,1,1,-1,-1,1,-1,1,-1,1,1,-1,1,-1,1,-1,1,-1,1,1,-1,-1,-1,1,1,-1,1,-1,1,1,1,-1,1,1,-1,-1,-1,1,-1,1,-1,1,-1,1,1,-1,1,-1,-1,-1,1,1,-1,1,-1,-1,-1,1,1,-1,-1,1,1,-1,-1,1,1,-1,1,1,-1,1,1,1,1,-1,1,-1,1,1,-1,1,-1,1,1,1,1,1,1,1,1,-1,-1,1,-1,-1,-1,1,1,-1,1,1,1,-1,1,1,1,1,1,1,1,1,-1,1,1,1,-1,-1,1,-1,1,1,1,-1,1,1,-1,-1,1,1,1,-1,1,-1,1,1,1,-1,1,1,-1,1,1,1,-1,1,1,-1,1,1,1,-1,1,1,-1,-1,1,1,-1,1,1,-1,1,-1,1,-1,1,1,1,-1,1,1,1,-1,1,1,-1,1,1,-1,1,-1,1,-1,-1,-1,-1,1,1,1,-1,1,1,-1,1,1,-1,-1,1,1,1,1,1,-1,1,1,1,-1,1,1,1,-1,-1,1,1,1,-1,1,-1,1,1,1,1,1,1,-1,-1,-1,1,-1,-1,1,-1,1,-1,1,-1,1,1,1,-1,-1,1,-1,-1,1,-1,1,-1,1,1,1,1,1,1,-1,-1,1,-1,1,1,-1,-1,1,1,1,-1,1,-1,-1,-1,1,-1,1,1,-1,-1,1,1,1,1,-1,1,-1,1,-1,-1,1,-1,-1,-1,1,-1,1,1,-1,-1,-1,1,-1,1,1,1,-1,-1,1,-1,-1,1,-1,-1,-1,1,-1,1,1,1,-1,-1,1,-1,-1,1,-1,-1,-1,-1,-1,1,1,-1,-1,-1,1,-1,-1,1,-1,-1,-1,-1,1,-1,1,-1,-1,1,-1,1,-1,-1,1,1,1,-1,1,-1,1,-1,1,-1,1,-1,-1,-1,1,-1,-1,1,1,1,-1,1,-1,1,1,1,-1,1,1,-1,1,-1,1,-1,-1,1,-1,-1,1,1,1,-1,1,-1,-1,1,1,-1,-1,1,-1,-1,1,1,-1,-1,1,-1,-1,-1,1,1,-1,1,1,-1,-1,1,-1,-1,1,-1,1,-1,1,1,-1,-1,1,-1,-1,-1,-1,-1,1,1,1,-1,-1,1,-1,-1,1,-1,-1,1,-1,-1,1,1,-1,-1,1,1,-1,1,1,-1,1,-1,1,-1,-1,1,1,-1,-1,-1,-1,1,1,-1,-1,1,-1,-1,-1,1,1,-1,-1,-1,-1,-1,1,-1,-1,-1,-1,-1,-1,1,1,-1,-1,-1,-1,1,1,1,-1,-1,-1,-1,-1,1,1,1,-1,-1,-1,-1,1,1,-1,-1,-1,-1,1,1,1,1,1,-1,1,1,1,1,1,1,-1,-1,1,1,1,-1,1,-1,1,1,1,1,-1,1,-1,-1,1,-1,1,-1,1,-1,-1,1,-1,1,-1,1,-1,-1,1,-1,1,-1,1,-1,-1,1,-1,1,1,1,-1,-1,1,-1,1,1,1,-1,-1,1,1,-1,1,1,-1,-1,1,-1,1,-1,1,-1,-1,-1,-1,-1,1,1,-1,-1,1,-1,-1,1,1,-1,-1,-1,-1,-1,-1,1,-1,-1,-1,-1,1,1,-1,-1,1,-1,-1,1,-1,1,-1,-1,-1,-1,-1,1,1,1,-1,-1,-1,1,1,1,-1,-1,-1,1,-1,-1,1,-1,1,-1,-1,1,1,1,-1,-1,-1,-1,1,-1,1,1,-1,1,-1,-1,1,1,-1,-1,-1,-1,-1,-1,1,1,-1,-1,1,-1,1,1,-1,-1,-1,1,-1,1,1,-1,-1,1,-1,-1,1,1,1,-1,1,-1,1,1,1,-1,-1,1,-1,-1,1,1,1,-1,1,-1,-1,1,1,-1,1,1,-1,-1,1,1,-1,1,1,-1,-1,1,1,-1,1,1,-1,-1,1,1,1,1,1,1,-1,-1,1,1,1,1,-1,-1,1,-1,1,1,1,1,-1,-1,1,-1,1,1,1,-1,1,1,1,1,-1,1,-1,1,1,1,1,1,1,1,-1,1,1,1,1,-1,1,-1,1,1,1,1,1,-1,1,1,1,1,-1,1,1,-1,1,1,-1,1,1,-1,-1,1,1,1,1,-1,1,-1,1,1,1,-1,-1,1,-1,1,1,1,-1,1,-1,-1,-1,1,1,-1,-1,1,-1,-1,1,1,1,-1,1,-1,-1,1,1,1,-1,1,-1,-1,1,1,-1,-1,-1,1,-1,1,1,-1,1,1,-1,1,1,-1,-1,1,1,-1,-1,1,1,-1,1,1,-1,1,1,-1,-1,-1,-1,1,-1,-1,-1,-1,1,-1,-1,1,1,-1,1,1,-1,1,1,1,1,-1,1,-1,1,1,1,1,-1,1,-1,1,1,1,1,-1,1,-1,-1,1,1,1,-1,1,-1,1,1,1,-1,-1,1,-1,-1,1,1,-1,-1,-1,1,-1,1,-1,1,-1,1,-1,-1,1,-2670.0,1,2000,445,500,False
928,1,1,-1,-1,1,1,-1,-1,1,1,1,-1,1,1,1,1,-1,1,-1,-1,-1,-1,1,1,1,-1,1,-1,1,1,1,1,-1,-1,-1,-1,1,-1,1,1,-1,-1,-1,1,1,1,1,-1,1,1,1,1,-1,1,-1,-1,1,-1,1,1,1,-1,-1,-1,1,1,1,1,-1,-1,-1,1,1,1,1,-1,-1,-1,1,1,1,-1,-1,-1,1,1,1,1,-1,-1,-1,1,1,1,1,-1,-1,1,1,-1,1,1,-1,-1,1,1,1,1,1,-1,-1,1,1,1,1,1,-1,-1,1,1,1,1,1,1,-1,1,1,1,-1,1,1,-1,1,1,1,1,1,1,-1,-1,1,1,1,1,1,-1,1,1,1,1,1,1,-1,-1,-1,1,1,1,1,-1,1,1,1,1,-1,1,-1,1,1,1,1,1,-1,-1,1,1,1,1,1,-1,1,-1,-1,1,-1,1,-1,1,1,1,1,1,1,1,1,1,-1,1,-1,1,-1,1,1,-1,1,-1,1,1,-1,1,-1,1,-1,1,-1,1,1,-1,1,-1,1,1,1,1,-1,-1,1,1,-1,-1,1,-1,1,-1,1,1,-1,1,-1,1,-1,1,-1,-1,1,-1,1,-1,1,1,-1,1,-1,1,1,1,-1,1,1,-1,1,-1,1,-1,1,-1,1,-1,1,1,-1,1,-1,-1,-1,1,1,-1,1,-1,-1,-1,1,1,-1,-1,1,1,-1,-1,1,1,-1,1,1,-1,1,1,1,1,-1,1,-1,1,1,-1,1,-1,1,1,-1,1,1,1,1,1,-1,-1,1,-1,-1,1,1,1,-1,1,1,1,-1,1,-1,-1,1,1,1,1,1,-1,1,1,1,-1,-1,1,-1,1,1,1,-1,1,1,-1,-1,1,1,1,-1,1,-1,1,1,1,-1,1,1,-1,1,1,1,-1,1,-1,-1,1,1,1,-1,1,-1,-1,-1,1,1,-1,1,-1,-1,1,-1,1,-1,1,1,-1,-1,1,1,1,-1,1,-1,-1,1,1,-1,1,-1,-1,-1,-1,-1,-1,1,1,-1,-1,1,1,-1,1,-1,-1,-1,1,1,1,1,1,-1,1,1,1,-1,1,-1,-1,-1,-1,1,1,1,1,-1,-1,1,1,1,1,-1,-1,1,-1,-1,1,-1,1,-1,-1,1,-1,1,1,-1,-1,1,1,-1,1,-1,1,-1,-1,1,-1,1,1,-1,-1,-1,1,-1,-1,1,1,-1,-1,1,-1,1,1,-1,1,-1,1,-1,-1,1,1,-1,-1,1,-1,1,1,-1,-1,1,1,-1,1,-1,1,-1,1,-1,-1,1,-1,1,-1,1,-1,-1,1,-1,-1,-1,1,-1,-1,1,-1,1,-1,1,-1,-1,1,-1,-1,1,-1,1,-1,1,1,1,-1,1,1,-1,-1,1,1,-1,1,-1,-1,1,-1,1,1,1,1,-1,-1,1,1,-1,1,1,-1,-1,1,1,1,-1,1,1,-1,1,1,1,1,1,1,1,-1,-1,-1,1,-1,-1,1,-1,1,-1,1,-1,1,-1,-1,-1,1,1,-1,1,1,-1,-1,1,1,-1,1,1,-1,1,-1,1,-1,-1,-1,-1,-1,-1,1,-1,-1,-1,-1,-1,-1,1,-1,1,1,1,1,-1,1,-1,1,1,-1,-1,-1,1,-1,-1,1,-1,1,-1,-1,1,1,1,1,-1,-1,-1,1,1,1,-1,1,-1,1,1,1,1,-1,-1,-1,-1,1,1,1,-1,-1,-1,1,-1,1,-1,1,1,-1,-1,1,1,1,-1,-1,-1,-1,1,1,1,1,-1,-1,-1,1,1,1,1,-1,-1,-1,1,1,1,-1,-1,-1,1,1,1,1,1,-1,-1,-1,1,1,1,1,-1,-1,-1,1,1,-1,1,-1,-1,-1,1,1,1,1,-1,-1,1,1,1,1,-1,-1,1,1,-1,1,1,-1,-1,-1,1,1,1,1,1,-1,1,1,1,1,1,-1,-1,-1,1,-1,1,-1,-1,-1,-1,1,-1,1,1,-1,-1,-1,1,-1,1,1,-1,1,-1,1,1,1,1,-1,1,-1,1,-1,1,1,-1,-1,-1,1,1,-1,-1,-1,-1,-1,1,-1,1,-1,-1,-1,-1,-1,-1,-1,1,-1,-1,-1,1,-1,-1,1,-1,-1,-1,-1,-1,1,1,-1,-1,-1,-1,-1,1,-1,-1,-1,1,-1,-1,1,-1,1,-1,-1,-1,-1,-1,-1,-1,1,-1,-1,-1,1,1,-1,-1,-1,-1,1,-1,-1,-1,-1,1,-1,-1,1,1,1,-1,-1,-1,-1,1,-1,1,1,-1,1,-1,-1,1,1,-1,-1,-1,-1,-1,-1,1,1,-1,-1,1,-1,1,1,-1,-1,-1,1,-1,1,1,-1,-1,1,-1,-1,1,1,1,-1,1,-1,1,1,1,-1,-1,1,-1,-1,1,1,1,-1,1,-1,-1,1,1,-1,1,1,-1,-1,1,1,1,1,1,-1,-1,1,1,-1,1,1,-1,-1,1,1,1,1,-1,1,-1,-1,1,1,-1,1,-1,-1,1,-1,1,1,1,1,-1,-1,1,-1,1,1,1,-1,1,1,1,1,-1,1,-1,1,1,1,1,1,1,1,-1,1,1,1,1,-1,1,-1,1,1,1,1,1,-1,1,1,1,1,-1,1,1,-1,1,1,-1,1,1,-1,-1,1,1,1,1,-1,1,-1,1,1,1,-1,-1,1,-1,1,1,1,-1,1,-1,-1,-1,1,1,-1,-1,1,-1,-1,1,1,-1,-1,1,-1,-1,-1,1,1,-1,1,-1,-1,1,1,-1,-1,-1,1,-1,-1,1,-1,1,1,-1,1,1,-1,-1,1,-1,-1,-1,1,1,-1,1,1,-1,1,1,-1,-1,1,-1,1,-1,-1,-1,-1,1,-1,-1,1,1,-1,1,1,-1,1,1,1,1,-1,1,-1,1,1,1,1,-1,1,-1,-1,-1,1,1,-1,1,-1,1,1,1,1,-1,1,-1,1,1,1,-1,-1,1,-1,-1,1,1,-1,-1,-1,1,-1,1,-1,1,-1,1,-1,-1,1,-2670.0,1,2000,445,500,False
929,1,1,-1,-1,1,-1,-1,-1,1,1,1,-1,1,1,1,1,-1,1,-1,-1,-1,-1,1,1,1,-1,-1,-1,1,1,1,1,-1,-1,-1,-1,1,-1,1,1,-1,-1,-1,1,1,1,1,-1,1,1,1,1,-1,1,-1,-1,1,-1,1,1,1,-1,-1,-1,1,1,1,1,-1,-1,-1,1,1,1,1,-1,-1,-1,1,1,1,-1,-1,-1,1,1,1,1,-1,-1,-1,1,1,1,1,-1,-1,1,1,-1,1,1,-1,-1,1,1,1,1,1,-1,-1,1,1,1,1,1,-1,-1,1,1,1,1,1,1,-1,-1,1,1,-1,1,1,-1,1,1,1,1,1,1,-1,-1,1,1,1,1,1,-1,1,1,1,1,1,1,-1,-1,-1,1,1,1,1,-1,1,1,1,1,-1,1,-1,1,-1,1,1,1,-1,-1,1,1,1,1,1,-1,1,-1,-1,1,-1,1,-1,1,1,1,1,1,1,1,1,1,-1,1,-1,1,-1,1,1,-1,1,-1,1,1,-1,1,-1,1,-1,1,-1,1,1,-1,1,-1,1,1,1,1,-1,-1,1,1,-1,-1,1,-1,1,-1,-1,1,-1,1,-1,1,-1,1,-1,-1,1,-1,-1,-1,1,1,-1,1,-1,1,1,1,-1,1,1,-1,1,-1,1,-1,1,-1,1,-1,1,1,-1,1,-1,-1,-1,1,1,-1,1,-1,-1,-1,1,1,-1,-1,1,1,-1,-1,1,1,-1,1,1,-1,1,1,1,1,-1,1,-1,1,1,-1,1,-1,1,1,1,1,1,1,1,1,-1,-1,1,-1,-1,-1,1,1,-1,1,1,1,-1,1,1,1,1,1,1,1,1,-1,1,1,1,-1,-1,1,-1,1,1,1,-1,1,1,-1,-1,1,1,1,-1,1,-1,1,1,1,-1,1,1,-1,1,1,1,-1,1,1,-1,1,1,1,-1,1,1,1,-1,-1,1,-1,1,1,-1,1,1,1,-1,1,1,1,-1,1,1,1,-1,1,1,-1,1,1,-1,1,1,1,-1,-1,1,1,1,1,1,-1,1,-1,-1,1,1,-1,-1,-1,1,-1,1,1,-1,1,-1,1,1,1,1,1,-1,-1,1,1,1,-1,1,-1,1,-1,-1,1,1,1,-1,1,-1,1,-1,-1,1,1,-1,1,-1,1,1,1,1,1,-1,1,-1,-1,1,-1,1,-1,-1,-1,1,1,1,1,-1,-1,1,-1,1,1,1,-1,1,-1,1,-1,1,1,-1,-1,1,-1,1,1,1,1,-1,-1,1,1,1,1,-1,-1,1,-1,1,1,-1,1,-1,1,1,1,1,-1,-1,-1,-1,1,1,1,-1,1,-1,1,-1,1,1,-1,-1,1,-1,1,1,1,1,-1,-1,-1,-1,1,1,1,-1,-1,-1,-1,1,1,-1,-1,-1,-1,-1,1,-1,1,-1,-1,-1,-1,1,-1,1,-1,-1,-1,-1,-1,1,1,1,-1,-1,-1,1,-1,-1,1,1,1,-1,-1,1,-1,-1,1,1,1,-1,1,-1,1,1,1,-1,1,1,-1,1,-1,1,-1,-1,1,-1,-1,1,1,1,-1,1,-1,-1,1,1,-1,-1,1,-1,-1,1,1,-1,-1,1,-1,-1,-1,1,1,-1,1,-1,-1,-1,1,-1,-1,1,-1,1,-1,1,1,-1,-1,1,-1,-1,-1,-1,-1,1,1,1,-1,-1,1,-1,-1,1,-1,-1,1,-1,-1,1,1,-1,-1,1,-1,-1,1,1,-1,1,-1,1,-1,-1,1,1,-1,-1,-1,-1,-1,1,-1,-1,1,-1,-1,-1,1,1,-1,-1,-1,-1,-1,1,-1,-1,-1,-1,-1,1,1,1,-1,-1,-1,-1,-1,1,1,-1,-1,-1,-1,-1,1,1,1,-1,-1,-1,-1,1,1,-1,-1,-1,-1,1,1,1,1,-1,-1,1,1,1,1,1,-1,-1,-1,1,1,1,1,1,-1,1,1,1,1,-1,1,-1,-1,1,-1,1,-1,1,-1,-1,1,-1,1,-1,-1,-1,-1,1,-1,1,-1,1,1,-1,1,-1,1,-1,1,1,-1,1,-1,1,-1,-1,-1,-1,1,1,-1,-1,-1,-1,-1,1,-1,1,-1,-1,-1,-1,-1,-1,-1,1,-1,-1,-1,1,-1,-1,1,-1,-1,-1,-1,-1,-1,1,-1,-1,-1,-1,-1,1,-1,-1,-1,1,-1,-1,1,-1,1,-1,-1,-1,-1,1,-1,-1,1,-1,-1,-1,-1,1,1,-1,-1,1,-1,1,-1,-1,-1,1,-1,-1,-1,1,1,-1,-1,-1,-1,-1,1,1,1,-1,1,-1,1,-1,1,-1,-1,-1,-1,-1,-1,1,1,-1,-1,1,-1,1,1,-1,-1,-1,1,-1,1,1,-1,-1,1,-1,-1,1,1,1,-1,1,-1,1,1,1,-1,-1,1,-1,-1,1,-1,1,-1,1,-1,-1,1,1,-1,1,1,-1,-1,1,1,-1,1,1,-1,-1,1,1,-1,1,1,-1,-1,1,1,1,1,-1,1,-1,1,1,1,1,1,-1,-1,1,-1,1,1,1,1,-1,-1,1,-1,1,1,1,-1,1,1,1,1,-1,1,-1,1,1,1,1,1,1,1,-1,1,1,1,1,-1,1,-1,1,1,1,1,1,-1,1,1,1,1,-1,1,-1,1,1,1,-1,1,1,1,1,1,1,1,1,-1,1,1,1,1,1,-1,-1,1,-1,1,1,1,-1,1,-1,1,1,1,1,-1,-1,1,1,1,1,1,1,-1,1,-1,1,1,1,1,-1,-1,-1,1,1,1,-1,-1,-1,-1,1,-1,1,-1,1,1,1,1,1,-1,-1,1,1,1,1,1,1,-1,1,-1,1,-1,1,-1,-1,-1,-1,-1,1,-1,-1,-1,1,-1,1,1,1,-1,1,1,-1,-1,1,1,1,-1,1,-1,1,1,1,1,-1,1,-1,1,1,1,1,-1,1,-1,1,1,1,1,-1,1,-1,1,-1,1,-1,-1,1,-1,-1,1,1,-1,-1,-1,1,-1,1,1,1,-1,1,-1,-1,1,-2670.0,1,2000,445,500,False
930,1,1,-1,-1,1,1,-1,-1,1,1,1,-1,1,1,1,1,-1,1,-1,-1,-1,-1,1,1,1,-1,1,-1,1,1,1,1,-1,-1,-1,-1,1,1,1,1,-1,-1,-1,1,1,1,1,-1,1,1,1,1,-1,1,-1,-1,1,-1,1,1,1,-1,-1,-1,1,1,1,1,-1,-1,-1,1,1,1,1,-1,-1,-1,1,1,1,-1,-1,-1,1,1,1,1,-1,-1,1,1,1,1,1,-1,-1,-1,1,-1,1,1,-1,-1,1,1,1,1,1,-1,-1,-1,1,-1,1,1,-1,-1,1,1,1,1,1,1,-1,-1,1,1,-1,1,1,-1,1,1,1,1,1,1,-1,1,1,1,1,1,1,-1,1,1,1,1,1,1,-1,-1,-1,1,1,1,1,-1,1,1,1,1,-1,1,-1,1,-1,1,1,1,-1,-1,1,1,1,1,1,-1,1,-1,-1,1,-1,1,-1,1,1,1,1,1,1,1,1,1,1,1,-1,1,-1,1,1,-1,1,-1,1,1,-1,1,-1,1,-1,1,-1,1,1,-1,-1,-1,1,1,1,1,-1,-1,1,1,-1,-1,1,-1,1,-1,-1,1,-1,1,-1,1,-1,1,-1,1,1,-1,-1,-1,1,1,-1,1,-1,1,1,1,-1,1,1,-1,1,-1,1,-1,1,-1,1,-1,1,1,-1,1,-1,-1,-1,1,1,-1,1,-1,-1,-1,1,1,-1,-1,1,1,-1,-1,1,1,-1,1,1,-1,1,1,1,1,-1,1,-1,1,1,-1,1,-1,1,-1,1,1,1,-1,-1,1,-1,-1,1,-1,-1,-1,1,1,-1,1,1,1,-1,1,1,1,1,1,1,1,1,-1,1,1,1,1,-1,1,-1,1,1,1,-1,1,1,-1,-1,1,1,1,-1,1,-1,1,1,1,-1,1,1,-1,1,1,1,-1,1,1,-1,1,1,1,1,1,1,-1,-1,1,1,-1,1,1,-1,1,-1,1,-1,1,1,1,-1,1,1,1,-1,1,1,-1,1,1,-1,1,1,1,-1,-1,-1,-1,1,1,1,-1,1,1,-1,1,1,-1,-1,1,1,1,1,1,-1,1,1,1,-1,1,1,1,-1,-1,1,1,1,-1,1,-1,1,1,1,1,1,1,-1,-1,-1,1,-1,-1,1,-1,1,-1,1,1,1,1,1,-1,-1,1,-1,-1,1,-1,1,-1,1,1,1,1,1,1,-1,-1,1,-1,1,1,-1,-1,1,1,1,-1,1,-1,-1,-1,1,-1,1,1,-1,-1,1,1,1,1,-1,1,-1,1,-1,1,1,-1,-1,-1,1,-1,1,1,-1,-1,-1,1,-1,1,1,1,-1,-1,1,-1,-1,1,-1,-1,-1,1,-1,1,1,1,-1,-1,1,1,-1,1,-1,-1,-1,-1,1,1,1,-1,-1,-1,1,-1,-1,1,-1,-1,-1,-1,1,-1,1,-1,-1,-1,-1,1,-1,-1,1,1,1,-1,1,-1,1,-1,1,-1,1,-1,-1,-1,1,-1,-1,1,1,1,-1,1,-1,1,1,1,-1,1,1,-1,1,-1,1,-1,-1,1,-1,-1,1,1,1,-1,1,-1,-1,1,1,-1,-1,1,-1,-1,1,1,-1,-1,1,-1,-1,-1,1,1,-1,1,1,-1,-1,1,-1,-1,1,-1,1,-1,1,1,-1,-1,1,-1,-1,-1,-1,-1,1,1,1,-1,-1,1,-1,-1,1,-1,-1,1,-1,-1,1,1,-1,-1,1,1,-1,1,1,-1,1,-1,1,-1,-1,1,1,-1,-1,-1,-1,1,1,-1,-1,1,-1,-1,-1,1,1,-1,-1,-1,-1,-1,1,-1,-1,-1,-1,-1,-1,1,1,-1,-1,-1,-1,1,1,1,-1,-1,-1,-1,-1,1,1,1,-1,-1,-1,-1,1,1,-1,-1,-1,-1,1,1,1,1,1,-1,1,1,1,1,1,1,-1,-1,1,1,1,-1,1,-1,1,1,1,1,-1,1,-1,-1,1,-1,1,-1,1,-1,-1,1,-1,1,-1,1,-1,-1,1,-1,1,-1,1,-1,-1,1,-1,1,1,1,-1,-1,1,-1,1,1,1,-1,-1,1,1,-1,1,1,-1,-1,1,-1,1,-1,1,-1,-1,-1,-1,-1,1,1,-1,-1,1,-1,-1,1,1,-1,-1,-1,-1,1,-1,1,-1,-1,-1,-1,1,1,-1,-1,1,-1,-1,1,-1,1,-1,-1,-1,-1,-1,1,1,1,-1,-1,-1,1,1,1,-1,-1,1,1,-1,-1,1,-1,1,-1,-1,1,1,1,-1,-1,-1,-1,1,-1,1,1,-1,1,-1,-1,1,1,-1,-1,-1,-1,-1,-1,1,1,-1,-1,1,-1,1,1,-1,-1,-1,1,-1,1,1,-1,-1,1,-1,-1,1,1,1,-1,1,-1,1,1,1,-1,-1,1,-1,-1,1,1,1,-1,1,-1,-1,1,1,-1,1,1,-1,-1,1,1,1,1,1,-1,-1,1,1,-1,1,1,-1,-1,1,1,1,1,1,1,-1,-1,1,1,-1,1,-1,-1,1,-1,1,1,1,1,-1,-1,1,-1,1,1,1,-1,1,1,1,1,-1,1,-1,1,1,1,1,1,1,1,-1,1,1,1,1,-1,1,-1,1,1,1,1,1,-1,1,1,1,1,-1,-1,1,-1,1,1,-1,1,1,-1,-1,1,1,1,-1,1,1,-1,1,1,1,-1,-1,1,-1,1,1,1,-1,1,-1,-1,-1,1,1,-1,-1,1,-1,-1,1,1,1,-1,1,-1,-1,-1,1,1,1,-1,-1,-1,1,1,-1,-1,-1,1,-1,-1,1,-1,1,1,-1,1,1,-1,-1,1,-1,-1,-1,1,1,-1,1,1,-1,1,1,-1,-1,-1,-1,1,-1,-1,-1,-1,1,-1,-1,1,1,-1,1,1,-1,1,1,1,1,-1,1,-1,1,1,1,-1,-1,1,-1,-1,-1,1,-1,-1,1,-1,1,1,1,-1,-1,1,-1,1,1,1,1,-1,1,-1,-1,1,1,1,-1,-1,1,-1,1,-1,1,-1,1,-1,-1,1,-2670.0,1,2000,445,500,False
931,1,1,-1,-1,1,-1,-1,-1,1,1,1,-1,1,1,1,1,-1,1,-1,-1,-1,-1,1,1,1,-1,-1,-1,1,1,1,1,-1,-1,-1,-1,1,1,1,1,-1,-1,-1,1,1,1,1,-1,1,1,1,1,-1,1,-1,-1,1,-1,1,1,1,-1,-1,-1,1,1,1,1,-1,-1,-1,1,1,1,1,-1,-1,-1,1,1,1,-1,-1,-1,1,1,1,1,-1,-1,-1,1,1,1,1,-1,-1,1,1,-1,1,1,-1,-1,1,1,1,1,1,-1,-1,-1,1,-1,1,1,-1,-1,1,1,1,1,1,1,-1,-1,1,1,-1,1,1,-1,1,1,1,1,1,1,-1,1,1,1,1,1,1,-1,1,1,1,1,1,1,-1,-1,-1,1,1,1,1,-1,1,1,1,1,-1,1,-1,1,-1,1,1,1,-1,-1,1,1,1,1,1,-1,1,-1,-1,1,-1,1,-1,1,1,1,1,1,1,1,1,1,-1,1,-1,1,-1,1,1,-1,1,-1,1,1,-1,1,-1,1,-1,1,-1,1,1,-1,1,-1,1,1,1,1,-1,-1,1,1,-1,-1,1,-1,1,-1,-1,1,-1,1,-1,1,-1,1,-1,1,1,-1,-1,-1,1,1,-1,1,-1,1,1,1,-1,1,1,-1,1,-1,1,-1,1,-1,1,-1,1,1,-1,1,-1,-1,-1,1,1,-1,1,-1,-1,-1,1,1,-1,-1,1,1,-1,-1,1,1,-1,1,1,-1,1,1,1,1,-1,1,-1,1,1,-1,1,-1,1,1,-1,1,1,1,1,1,-1,-1,1,-1,-1,1,1,1,-1,1,1,1,-1,1,-1,-1,1,1,1,1,1,-1,1,1,1,-1,1,1,-1,1,1,1,-1,1,1,-1,1,-1,1,1,-1,1,-1,1,1,1,-1,1,1,-1,1,1,1,-1,1,-1,-1,1,1,1,-1,1,-1,-1,1,1,1,1,1,-1,-1,-1,-1,1,-1,1,1,-1,1,1,1,1,-1,1,-1,-1,-1,1,-1,1,-1,-1,1,-1,-1,-1,1,1,-1,1,-1,1,-1,1,-1,1,-1,1,1,-1,1,-1,1,-1,1,1,1,1,-1,-1,-1,-1,1,1,1,1,-1,-1,1,-1,-1,1,-1,-1,1,-1,-1,1,-1,1,-1,1,-1,1,-1,1,-1,-1,1,1,-1,1,-1,1,-1,-1,1,-1,-1,-1,-1,-1,-1,1,-1,-1,1,1,-1,-1,1,-1,1,-1,-1,1,-1,1,-1,-1,1,1,-1,1,1,-1,-1,-1,-1,-1,1,1,-1,-1,1,1,-1,1,-1,1,-1,1,1,-1,1,-1,-1,-1,-1,-1,-1,1,-1,1,-1,1,1,-1,1,-1,-1,1,-1,-1,1,-1,1,-1,1,-1,1,-1,1,1,-1,1,-1,1,-1,1,-1,-1,1,-1,1,1,1,1,-1,-1,1,1,-1,1,1,-1,-1,1,1,1,-1,1,1,-1,1,1,1,1,1,-1,1,-1,-1,-1,1,-1,1,1,-1,1,-1,1,-1,1,-1,-1,-1,1,1,-1,1,1,-1,-1,-1,1,-1,1,1,-1,1,-1,1,-1,-1,-1,-1,-1,-1,1,-1,-1,-1,-1,-1,-1,1,-1,1,1,1,1,-1,1,-1,1,1,-1,-1,-1,1,-1,-1,1,-1,1,-1,-1,1,1,1,1,-1,-1,1,1,1,1,-1,1,-1,-1,1,1,1,-1,-1,-1,1,1,1,1,-1,1,-1,1,-1,1,-1,1,1,-1,-1,1,1,1,-1,-1,-1,-1,1,1,1,1,-1,-1,-1,1,1,1,1,-1,-1,-1,1,-1,1,-1,-1,-1,1,1,1,1,1,-1,-1,-1,1,-1,1,1,-1,-1,-1,1,1,-1,1,-1,-1,-1,1,1,1,1,-1,-1,1,1,1,-1,1,-1,1,1,-1,1,1,-1,-1,-1,1,1,-1,1,1,-1,1,1,1,-1,1,-1,-1,-1,1,-1,1,-1,-1,-1,-1,1,1,-1,1,-1,-1,-1,1,-1,-1,1,-1,-1,-1,1,1,-1,1,-1,-1,-1,1,-1,-1,1,-1,-1,-1,1,1,1,-1,-1,-1,-1,1,-1,1,-1,-1,-1,-1,-1,-1,-1,1,-1,-1,-1,1,-1,-1,1,-1,-1,-1,-1,-1,1,1,-1,-1,-1,-1,-1,1,-1,-1,-1,1,-1,-1,1,-1,1,-1,-1,-1,-1,-1,-1,-1,1,-1,-1,-1,1,1,1,-1,-1,1,-1,1,-1,-1,-1,1,-1,-1,1,-1,1,-1,-1,-1,-1,1,-1,1,1,-1,1,-1,-1,1,1,-1,-1,-1,-1,-1,-1,1,1,-1,-1,1,-1,1,1,-1,-1,-1,1,-1,-1,1,-1,-1,1,-1,-1,1,1,1,-1,1,-1,1,1,1,-1,-1,1,-1,-1,1,1,1,-1,1,-1,-1,1,1,-1,1,1,-1,-1,1,1,-1,1,1,-1,-1,1,1,-1,1,1,-1,-1,1,1,1,1,1,1,-1,1,1,1,1,1,-1,-1,1,-1,1,1,1,1,-1,-1,1,-1,1,1,1,-1,1,1,1,1,-1,1,-1,1,1,1,1,1,1,1,-1,-1,1,1,1,-1,1,-1,1,1,1,1,1,1,1,1,1,1,-1,1,-1,1,1,1,-1,1,1,1,1,-1,1,1,1,-1,1,1,1,1,1,-1,-1,1,-1,1,1,1,-1,1,-1,-1,-1,1,1,-1,-1,1,1,-1,1,1,1,-1,1,1,-1,1,1,1,-1,1,-1,1,1,1,-1,-1,-1,-1,1,-1,1,-1,1,1,1,1,1,-1,-1,1,1,1,-1,1,1,-1,1,-1,1,1,1,-1,-1,-1,-1,-1,-1,-1,-1,-1,-1,-1,1,1,1,-1,1,1,-1,-1,1,1,1,-1,1,-1,1,1,1,-1,-1,1,-1,1,1,1,-1,-1,1,-1,1,1,1,-1,-1,1,-1,1,-1,1,1,-1,1,-1,-1,1,1,-1,-1,-1,1,-1,1,1,1,-1,1,-1,-1,1,-2670.0,1,2000,445,0,False
932,1,1,-1,-1,1,1,-1,-1,1,1,1,-1,1,1,1,1,-1,1,-1,-1,-1,-1,1,1,1,-1,1,-1,1,1,1,1,-1,-1,-1,-1,1,1,1,1,-1,-1,-1,1,1,1,1,-1,1,1,1,1,-1,1,-1,-1,1,-1,1,1,1,-1,-1,-1,1,1,1,1,-1,-1,-1,1,1,1,1,-1,-1,-1,1,1,1,-1,-1,-1,1,1,1,1,-1,-1,-1,1,1,1,1,-1,-1,1,1,-1,1,1,-1,-1,1,1,1,1,1,-1,-1,-1,1,1,1,1,-1,-1,1,1,1,1,1,1,-1,-1,1,1,-1,1,1,-1,1,1,1,1,1,1,-1,1,1,1,1,1,1,-1,1,1,1,1,1,1,-1,-1,-1,1,1,1,1,-1,1,1,1,1,-1,1,-1,1,-1,1,1,1,-1,-1,1,1,1,1,1,-1,1,-1,-1,1,-1,1,-1,1,1,1,1,1,1,1,1,1,-1,1,-1,1,-1,1,1,-1,1,-1,1,1,-1,1,-1,1,-1,1,-1,1,1,-1,1,-1,1,1,1,1,-1,-1,1,1,-1,-1,1,-1,1,-1,-1,1,-1,1,-1,1,-1,1,-1,1,1,-1,1,-1,1,-1,-1,1,-1,1,1,1,-1,1,1,-1,1,-1,1,-1,1,-1,1,-1,1,1,-1,1,-1,-1,-1,1,1,-1,1,-1,-1,-1,1,1,-1,-1,1,1,-1,-1,1,-1,-1,1,1,-1,1,1,1,-1,-1,1,-1,1,1,-1,1,-1,1,1,-1,1,-1,-1,-1,1,-1,-1,1,-1,1,-1,1,1,-1,1,1,1,-1,1,-1,-1,1,1,-1,-1,1,-1,1,1,-1,1,-1,1,-1,1,1,1,-1,1,1,-1,-1,1,1,-1,1,1,-1,1,1,1,1,1,1,-1,1,1,1,1,1,-1,-1,1,1,1,1,1,-1,-1,-1,1,1,1,1,-1,-1,1,-1,1,-1,1,1,-1,-1,1,1,1,1,1,-1,-1,1,1,1,1,-1,-1,-1,-1,-1,-1,1,-1,-1,-1,1,1,-1,1,-1,1,-1,1,1,1,1,-1,-1,1,1,1,-1,1,-1,-1,-1,-1,1,1,1,1,-1,-1,1,-1,1,1,-1,-1,1,-1,-1,1,-1,1,-1,-1,1,-1,-1,1,-1,-1,1,1,-1,1,-1,1,-1,-1,1,-1,1,1,-1,-1,-1,1,-1,-1,1,1,-1,-1,1,-1,1,1,-1,1,-1,1,-1,1,1,1,-1,-1,1,-1,1,1,-1,-1,1,1,-1,1,-1,1,-1,1,-1,1,1,-1,1,-1,1,-1,-1,1,-1,-1,-1,1,-1,-1,1,-1,1,-1,1,-1,-1,1,-1,-1,1,-1,1,-1,-1,1,1,-1,1,1,-1,-1,1,1,-1,1,-1,-1,-1,1,1,1,1,1,-1,-1,1,1,-1,1,1,-1,-1,1,1,1,-1,1,1,-1,1,1,1,1,1,-1,1,-1,-1,-1,1,-1,1,1,-1,1,-1,1,-1,1,-1,-1,-1,1,1,-1,1,1,-1,-1,-1,1,-1,1,1,-1,1,-1,1,-1,-1,-1,-1,-1,-1,1,-1,-1,-1,-1,-1,-1,1,-1,1,1,1,1,-1,1,-1,1,1,-1,-1,-1,1,-1,-1,1,-1,1,-1,-1,1,1,1,1,-1,-1,1,1,1,1,-1,1,-1,-1,1,1,1,-1,-1,-1,-1,1,1,1,-1,-1,-1,1,-1,1,-1,1,-1,-1,-1,1,1,1,-1,-1,-1,-1,1,1,1,1,-1,-1,-1,1,1,1,1,-1,-1,-1,1,-1,1,-1,-1,-1,1,1,1,1,1,-1,-1,-1,1,1,1,1,-1,-1,-1,1,1,-1,1,-1,-1,-1,1,1,1,1,-1,-1,1,1,1,1,-1,-1,1,1,-1,1,1,-1,-1,-1,1,1,1,1,1,-1,1,1,1,1,1,-1,-1,-1,1,-1,1,-1,-1,-1,-1,1,-1,1,1,1,-1,-1,1,-1,1,1,-1,-1,-1,1,1,1,1,-1,-1,-1,1,-1,1,1,-1,-1,-1,1,1,-1,-1,-1,-1,-1,1,-1,1,-1,-1,-1,-1,-1,-1,-1,1,-1,-1,-1,1,-1,-1,1,-1,-1,-1,-1,-1,1,1,-1,-1,-1,-1,-1,1,-1,-1,-1,1,-1,-1,1,-1,1,-1,-1,-1,-1,-1,-1,-1,1,-1,-1,-1,1,1,1,-1,-1,1,-1,-1,-1,-1,-1,1,-1,-1,1,1,1,-1,-1,-1,-1,1,-1,1,1,-1,1,-1,-1,1,1,-1,-1,-1,-1,-1,-1,1,1,-1,-1,1,-1,1,1,-1,-1,-1,1,-1,1,1,-1,-1,1,1,-1,1,1,1,-1,1,-1,1,1,1,-1,-1,1,-1,-1,1,1,1,-1,1,-1,-1,1,1,-1,1,1,1,-1,1,1,-1,1,1,1,-1,1,1,-1,1,1,1,-1,1,1,1,1,1,1,-1,1,1,1,-1,1,1,-1,1,-1,1,1,1,1,-1,-1,1,-1,1,1,1,-1,1,1,1,1,-1,1,-1,1,1,1,1,1,1,-1,-1,1,1,1,1,-1,1,-1,1,1,1,1,-1,1,-1,1,1,1,-1,-1,1,-1,1,1,-1,1,-1,-1,-1,1,1,1,-1,1,-1,-1,1,1,1,-1,-1,-1,-1,1,1,1,-1,1,-1,-1,-1,1,1,-1,1,-1,-1,1,1,1,-1,1,-1,1,-1,-1,1,1,1,1,-1,-1,1,1,-1,-1,1,1,-1,-1,1,-1,1,-1,-1,1,1,-1,-1,1,-1,-1,-1,1,1,-1,1,1,-1,1,1,-1,-1,-1,-1,1,-1,-1,-1,-1,1,-1,-1,1,1,-1,1,1,-1,1,1,1,1,-1,1,-1,1,1,1,-1,-1,1,-1,-1,-1,1,-1,-1,1,-1,1,1,1,-1,-1,1,-1,1,1,1,1,-1,1,-1,-1,1,1,-1,-1,-1,1,-1,1,-1,1,-1,1,-1,-1,1,-2670.0,1,2000,445,0,False
933,-1,-1,1,1,1,1,-1,1,-1,-1,-1,1,-1,1,-1,-1,1,-1,1,1,1,-1,-1,-1,-1,1,-1,-1,-1,-1,-1,-1,1,1,-1,-1,1,-1,-1,-1,1,-1,-1,-1,-1,-1,-1,-1,1,1,-1,-1,1,-1,1,-1,-1,1,-1,-1,-1,1,1,1,-1,-1,-1,-1,-1,-1,-1,1,-1,-1,-1,-1,1,-1,1,-1,-1,1,1,-1,1,-1,-1,-1,-1,1,-1,-1,1,1,-1,-1,-1,1,1,1,-1,1,-1,-1,1,1,1,-1,-1,-1,-1,1,1,1,-1,1,-1,-1,1,1,1,-1,-1,-1,-1,1,1,1,-1,1,-1,-1,1,1,1,-1,-1,-1,-1,1,1,1,-1,1,1,-1,-1,1,1,1,1,-1,-1,1,-1,1,1,1,-1,-1,1,1,1,1,-1,1,-1,1,-1,1,1,1,-1,-1,1,1,1,-1,1,-1,1,-1,-1,1,1,1,-1,1,1,1,1,-1,1,-1,1,1,-1,1,-1,1,-1,1,1,-1,1,-1,1,-1,-1,1,-1,1,-1,1,-1,1,1,-1,1,-1,1,-1,-1,1,-1,-1,1,1,-1,-1,1,-1,1,1,-1,1,-1,1,-1,1,-1,1,-1,1,1,-1,-1,1,1,-1,-1,1,-1,1,1,1,-1,1,1,-1,1,-1,1,-1,1,-1,1,-1,1,1,-1,1,-1,-1,-1,1,1,-1,1,-1,-1,-1,-1,1,1,-1,1,1,-1,-1,1,-1,-1,1,1,-1,1,1,1,-1,-1,1,-1,1,1,-1,1,-1,1,1,-1,1,-1,-1,-1,1,-1,-1,1,-1,1,-1,1,1,-1,1,1,1,-1,1,-1,-1,1,1,-1,-1,1,-1,-1,1,-1,1,-1,1,-1,-1,1,1,-1,1,1,-1,1,-1,1,-1,-1,1,-1,1,1,1,1,1,1,-1,1,1,1,1,1,-1,-1,1,1,1,1,1,-1,-1,1,-1,1,1,1,-1,-1,1,-1,1,1,1,1,-1,1,-1,1,1,1,1,-1,-1,1,1,1,-1,-1,-1,1,1,-1,-1,1,1,-1,1,-1,1,-1,1,-1,1,1,-1,1,1,1,-1,-1,1,-1,1,-1,1,-1,-1,1,-1,1,1,1,1,-1,1,1,-1,1,1,-1,-1,1,-1,-1,1,-1,1,-1,-1,1,-1,1,1,-1,-1,1,1,-1,1,-1,1,-1,-1,1,-1,1,-1,-1,-1,-1,1,-1,-1,1,1,-1,-1,1,-1,1,1,-1,1,-1,1,-1,1,-1,1,-1,-1,-1,-1,1,-1,-1,1,-1,1,-1,1,-1,1,-1,-1,-1,1,1,-1,1,-1,-1,-1,-1,1,-1,-1,-1,-1,-1,1,-1,1,1,-1,1,-1,-1,1,-1,-1,1,-1,-1,-1,-1,-1,1,-1,1,-1,-1,-1,-1,1,-1,1,-1,-1,1,-1,1,1,1,-1,-1,-1,1,1,-1,1,-1,-1,-1,1,1,1,-1,1,1,-1,1,1,1,1,1,1,1,-1,-1,-1,1,-1,-1,1,-1,1,-1,1,-1,1,-1,-1,-1,1,1,-1,1,1,-1,1,-1,1,-1,1,1,-1,1,-1,1,-1,-1,-1,-1,1,-1,1,-1,-1,-1,-1,1,-1,1,-1,1,1,1,-1,-1,1,-1,1,1,-1,1,-1,1,-1,-1,1,-1,1,-1,-1,1,1,1,1,1,-1,1,1,1,1,-1,1,-1,-1,1,1,1,-1,-1,-1,1,1,1,1,-1,-1,-1,1,-1,1,-1,1,1,-1,-1,1,1,1,-1,-1,-1,1,1,1,1,1,1,-1,-1,1,1,1,1,-1,-1,-1,1,-1,1,-1,1,-1,-1,1,1,1,1,1,-1,-1,1,-1,1,1,1,-1,-1,1,1,-1,1,1,-1,-1,1,1,1,1,1,-1,1,-1,1,1,-1,1,1,1,-1,1,1,-1,1,-1,1,1,-1,1,1,1,1,1,1,-1,1,-1,1,-1,1,-1,-1,1,-1,1,1,-1,1,-1,1,1,1,1,-1,1,-1,1,-1,1,1,1,1,-1,1,-1,1,1,-1,-1,-1,1,1,1,1,1,1,-1,1,1,1,1,1,-1,1,-1,-1,1,1,-1,-1,-1,-1,1,1,-1,1,-1,1,-1,1,1,1,-1,-1,-1,-1,1,1,-1,-1,-1,-1,1,-1,1,1,-1,-1,1,-1,1,1,-1,-1,-1,1,-1,1,1,-1,-1,-1,1,1,1,1,-1,1,-1,1,-1,1,1,1,-1,-1,-1,1,1,1,1,-1,-1,1,-1,1,1,-1,1,-1,-1,1,1,1,1,-1,-1,-1,-1,1,-1,1,-1,1,-1,1,1,1,1,1,-1,-1,1,1,1,1,-1,1,-1,1,1,-1,1,-1,-1,1,1,1,1,-1,1,-1,-1,1,1,1,1,1,-1,-1,1,1,1,-1,1,1,-1,1,1,1,1,1,1,-1,1,1,1,1,1,1,-1,1,1,-1,1,1,-1,-1,1,1,-1,1,1,1,-1,1,-1,-1,1,1,1,-1,-1,1,-1,1,1,1,-1,1,1,-1,1,1,1,-1,1,1,-1,1,1,1,-1,-1,1,1,1,1,-1,1,-1,1,1,1,1,-1,1,-1,1,1,1,-1,-1,1,-1,1,1,-1,1,-1,-1,-1,1,-1,1,-1,1,-1,-1,1,-1,1,-1,-1,-1,-1,1,-1,1,-1,-1,1,-1,-1,1,1,-1,1,-1,-1,-1,-1,1,-1,1,-1,-1,1,-1,1,1,1,1,-1,-1,1,-1,-1,-1,1,1,1,1,-1,-1,1,-1,-1,1,1,-1,-1,1,-1,-1,-1,-1,1,-1,1,-1,1,1,-1,1,-1,1,-1,-1,-1,-1,-1,-1,1,-1,1,1,1,-1,1,1,-1,1,1,-1,-1,-1,1,-1,1,1,1,1,-1,1,-1,1,1,1,-1,-1,1,-1,1,1,1,-1,-1,1,-1,1,1,-1,-1,-1,1,-1,-1,1,1,-1,-1,-1,1,-1,1,-1,1,-1,1,-1,-1,1,-2670.0,1,2000,445,1500,True
934,-1,-1,1,1,1,1,-1,1,-1,-1,-1,1,-1,1,-1,-1,1,-1,1,1,-1,-1,-1,-1,-1,1,-1,-1,-1,-1,-1,-1,1,1,-1,-1,1,-1,-1,-1,1,-1,-1,-1,-1,-1,-1,-1,1,1,-1,-1,1,-1,1,-1,-1,1,-1,-1,-1,1,1,1,-1,-1,-1,-1,-1,-1,-1,1,-1,-1,-1,-1,-1,-1,1,-1,-1,1,1,-1,1,-1,-1,1,-1,1,-1,-1,-1,-1,-1,-1,-1,1,1,1,-1,-1,-1,-1,1,1,-1,-1,-1,-1,-1,1,1,1,-1,-1,-1,-1,1,1,-1,-1,-1,-1,-1,1,1,-1,1,-1,-1,-1,1,1,-1,1,-1,-1,-1,-1,1,-1,1,-1,-1,-1,1,1,1,-1,-1,-1,-1,-1,-1,1,-1,1,-1,-1,1,1,1,1,-1,-1,1,1,-1,1,-1,-1,-1,-1,1,1,-1,1,-1,-1,1,-1,-1,1,-1,-1,-1,1,1,1,1,1,-1,-1,1,1,1,1,1,-1,1,-1,1,-1,1,1,-1,-1,-1,1,-1,1,1,-1,-1,1,1,-1,1,1,-1,1,1,1,-1,-1,1,1,-1,-1,1,-1,1,1,-1,1,-1,1,-1,1,1,-1,1,1,1,-1,-1,1,-1,-1,1,1,-1,1,-1,-1,1,1,1,-1,1,1,-1,1,1,-1,1,-1,-1,-1,1,1,-1,-1,1,-1,-1,1,1,-1,-1,-1,1,-1,-1,1,1,1,-1,1,-1,1,1,1,1,-1,-1,-1,-1,1,-1,1,-1,-1,-1,1,1,-1,1,1,-1,-1,-1,1,1,1,-1,-1,-1,1,1,-1,1,1,-1,-1,1,1,-1,1,-1,-1,-1,1,1,1,1,-1,-1,-1,1,-1,1,1,-1,-1,1,-1,-1,1,1,-1,1,1,-1,1,-1,1,-1,1,1,1,-1,1,1,-1,-1,1,1,-1,1,-1,-1,-1,1,1,-1,1,-1,-1,1,-1,1,-1,1,-1,-1,1,-1,1,-1,1,1,-1,1,-1,1,1,-1,1,-1,-1,1,1,-1,1,-1,-1,1,1,-1,-1,1,-1,-1,1,-1,1,-1,1,-1,1,1,-1,1,1,1,-1,1,1,-1,1,-1,1,-1,-1,1,-1,1,1,1,1,-1,1,1,1,1,1,-1,-1,1,-1,-1,1,-1,1,-1,-1,1,-1,1,1,-1,-1,-1,1,-1,1,-1,1,-1,-1,1,-1,1,1,-1,-1,-1,1,-1,-1,1,1,-1,-1,1,-1,1,1,-1,1,-1,1,-1,-1,1,1,-1,-1,-1,-1,1,1,-1,1,-1,1,-1,1,-1,1,-1,-1,1,-1,1,-1,1,-1,-1,-1,-1,1,-1,-1,-1,-1,-1,-1,1,-1,1,-1,1,-1,-1,1,-1,-1,1,-1,-1,-1,1,1,1,-1,1,-1,-1,-1,1,1,-1,1,-1,-1,1,1,1,1,1,-1,-1,-1,1,1,-1,1,-1,-1,-1,1,1,1,-1,1,1,-1,1,1,1,1,1,1,1,-1,-1,-1,1,-1,1,1,-1,1,-1,1,-1,1,-1,-1,-1,1,1,-1,1,1,-1,1,-1,1,-1,1,1,-1,1,-1,1,-1,-1,-1,-1,1,-1,1,-1,-1,-1,-1,1,-1,1,-1,1,1,1,-1,-1,1,-1,1,1,-1,1,-1,1,-1,-1,1,-1,1,-1,-1,1,1,1,1,1,-1,1,1,1,1,-1,1,-1,-1,1,1,1,-1,-1,-1,1,1,1,1,-1,-1,-1,1,-1,1,-1,1,1,-1,-1,1,1,1,-1,1,-1,-1,1,1,1,1,1,1,-1,1,1,1,1,-1,1,-1,1,-1,1,-1,1,1,-1,1,1,1,1,1,1,-1,1,-1,1,1,1,1,-1,1,1,-1,1,1,1,-1,1,1,1,1,1,1,-1,1,1,-1,-1,1,-1,-1,1,1,1,-1,1,-1,-1,1,-1,1,1,1,-1,-1,1,-1,1,-1,1,1,-1,1,-1,1,-1,1,-1,-1,1,-1,1,1,1,1,-1,1,-1,1,-1,1,1,-1,1,-1,1,-1,1,1,-1,1,1,1,1,1,-1,1,1,-1,1,1,1,1,-1,1,-1,1,-1,1,1,-1,1,1,-1,1,1,1,-1,1,1,-1,1,1,1,1,1,-1,-1,1,1,1,1,1,-1,1,-1,1,1,1,1,1,-1,1,1,1,1,1,1,-1,1,1,1,1,1,1,1,1,1,1,1,1,1,-1,1,1,1,1,1,-1,1,1,1,1,1,1,1,-1,1,1,1,1,1,-1,1,1,1,1,1,1,-1,-1,1,-1,1,1,1,-1,1,1,1,1,1,-1,-1,1,1,1,1,1,1,-1,1,1,-1,1,1,-1,1,1,1,1,1,1,-1,-1,1,1,1,1,-1,1,-1,1,1,1,-1,1,-1,-1,1,1,1,1,-1,1,-1,1,1,1,1,1,-1,-1,1,1,-1,1,1,-1,-1,-1,1,-1,1,-1,-1,-1,1,-1,1,1,1,-1,-1,-1,1,-1,1,1,-1,-1,1,1,-1,1,1,-1,1,1,1,-1,1,1,-1,1,-1,1,1,1,1,-1,1,-1,1,1,1,-1,1,-1,1,1,1,1,-1,1,1,-1,1,1,-1,1,1,-1,-1,1,-1,1,1,-1,1,-1,1,-1,1,-1,-1,1,-1,1,-1,1,-1,1,-1,-1,-1,1,1,-1,-1,1,-1,-1,-1,1,1,-1,1,-1,-1,-1,1,1,-1,1,-1,-1,1,1,-1,-1,-1,1,-1,1,1,-1,1,1,-1,1,1,-1,-1,1,-1,-1,-1,-1,1,-1,1,1,-1,1,1,-1,-1,-1,-1,1,-1,-1,-1,-1,-1,-1,-1,1,1,-1,1,1,-1,1,1,1,1,-1,1,-1,1,1,1,1,-1,1,-1,-1,-1,1,1,-1,1,-1,1,1,1,1,-1,1,-1,1,1,1,-1,-1,1,-1,-1,1,1,-1,-1,-1,1,-1,1,1,1,-1,1,-1,-1,1,-2670.0,1,2000,445,1500,True
935,1,1,-1,-1,1,-1,-1,-1,1,1,1,-1,1,1,1,1,-1,1,1,-1,-1,-1,1,1,1,1,-1,-1,1,1,1,1,-1,-1,-1,-1,1,-1,1,1,-1,-1,-1,1,1,1,1,-1,1,1,1,1,-1,1,-1,-1,1,-1,1,1,1,-1,-1,-1,1,1,1,1,-1,-1,-1,1,1,1,1,-1,-1,-1,1,1,1,-1,-1,-1,1,1,1,1,-1,-1,-1,1,1,1,1,-1,-1,1,1,-1,1,1,-1,-1,1,1,1,1,1,-1,-1,-1,1,-1,1,1,-1,-1,1,1,1,1,1,1,-1,-1,1,1,-1,1,1,-1,1,1,1,1,1,1,-1,1,1,1,1,1,1,-1,1,1,1,1,1,1,-1,-1,-1,1,1,1,1,-1,1,1,1,1,-1,1,-1,1,-1,1,1,1,-1,-1,1,1,1,1,1,-1,1,-1,-1,1,-1,1,-1,1,1,1,1,1,1,1,1,1,-1,1,-1,1,-1,1,1,-1,1,-1,1,1,-1,1,-1,1,-1,1,-1,1,1,-1,1,-1,1,1,1,1,-1,-1,1,1,-1,-1,1,-1,1,-1,-1,1,1,1,-1,1,-1,1,-1,1,1,-1,-1,-1,1,1,-1,1,-1,1,1,1,-1,1,1,-1,1,-1,1,-1,1,-1,1,-1,1,1,-1,1,-1,-1,-1,1,1,-1,1,-1,-1,-1,1,1,-1,-1,1,1,-1,-1,1,1,-1,1,1,-1,1,1,1,-1,-1,1,-1,1,1,-1,1,-1,1,1,-1,1,1,-1,-1,1,-1,-1,1,-1,1,-1,1,1,-1,1,1,1,-1,1,-1,-1,1,1,-1,-1,1,-1,1,1,1,1,-1,1,-1,1,1,1,-1,1,1,-1,-1,1,1,-1,-1,1,-1,1,1,1,1,1,1,-1,1,1,1,1,1,-1,-1,1,1,1,1,1,-1,-1,-1,1,1,1,1,-1,-1,1,-1,1,-1,1,1,-1,-1,1,1,1,1,1,-1,-1,1,1,1,-1,-1,-1,-1,-1,-1,-1,1,1,-1,-1,1,1,-1,1,-1,1,-1,1,1,1,1,-1,-1,1,1,1,-1,1,-1,-1,-1,-1,1,1,1,1,-1,-1,1,-1,1,1,-1,-1,1,-1,-1,1,-1,1,-1,-1,1,-1,1,1,-1,-1,1,1,-1,1,-1,1,-1,-1,1,-1,1,-1,-1,-1,-1,1,-1,-1,1,1,-1,-1,1,-1,1,1,-1,1,-1,1,-1,1,-1,1,-1,-1,1,-1,-1,-1,-1,-1,1,1,-1,1,-1,1,-1,1,-1,1,-1,1,1,-1,1,-1,-1,-1,-1,-1,-1,1,-1,1,-1,-1,1,-1,1,-1,-1,1,-1,-1,1,-1,1,-1,-1,-1,1,-1,1,1,-1,-1,1,1,-1,1,-1,-1,1,-1,1,1,1,1,-1,-1,-1,1,-1,1,1,-1,-1,-1,1,1,-1,1,1,-1,1,1,1,1,1,-1,1,-1,-1,-1,1,-1,1,1,-1,1,-1,1,-1,1,-1,-1,-1,1,1,-1,1,1,-1,-1,-1,1,-1,1,1,-1,1,-1,1,-1,-1,-1,-1,-1,-1,1,-1,-1,-1,-1,-1,-1,1,-1,1,1,1,1,-1,1,-1,1,1,-1,-1,-1,1,-1,-1,1,-1,1,-1,-1,1,1,1,1,-1,-1,1,1,1,1,-1,1,-1,-1,1,1,1,-1,-1,-1,1,1,1,1,-1,1,-1,1,-1,1,-1,1,1,-1,-1,1,1,1,-1,-1,-1,-1,1,1,1,1,-1,-1,-1,1,1,1,1,-1,-1,-1,1,-1,1,-1,-1,-1,1,1,1,1,1,-1,-1,-1,1,1,1,1,-1,-1,-1,1,1,-1,1,-1,-1,-1,1,1,1,1,-1,-1,1,1,1,1,-1,-1,1,1,-1,1,1,-1,-1,-1,1,1,1,1,1,-1,1,1,1,1,1,-1,-1,-1,1,-1,1,-1,-1,-1,-1,1,-1,1,1,-1,-1,-1,1,-1,1,1,-1,1,-1,1,1,1,1,-1,1,-1,1,-1,1,1,-1,-1,-1,1,1,-1,-1,-1,-1,-1,1,-1,1,-1,-1,-1,-1,-1,-1,-1,1,-1,-1,-1,1,-1,-1,1,-1,-1,-1,-1,-1,1,1,-1,-1,-1,-1,-1,1,-1,-1,-1,1,-1,-1,1,-1,1,-1,-1,-1,-1,-1,-1,-1,1,-1,-1,-1,1,1,1,-1,-1,1,1,-1,-1,-1,-1,1,-1,-1,1,1,1,-1,-1,-1,-1,1,-1,1,1,-1,1,-1,-1,1,1,-1,-1,-1,-1,-1,-1,1,1,-1,-1,1,-1,1,1,-1,-1,-1,1,-1,1,1,-1,-1,1,-1,-1,1,1,1,-1,1,-1,1,1,1,-1,-1,1,-1,-1,1,1,1,-1,1,-1,-1,1,1,-1,1,1,-1,-1,1,1,-1,1,1,-1,-1,1,1,-1,1,1,-1,-1,1,1,1,1,-1,1,-1,1,1,-1,1,1,-1,-1,1,-1,1,1,1,1,-1,-1,1,-1,1,-1,1,-1,1,1,1,1,-1,1,-1,1,1,1,1,1,1,-1,-1,1,1,1,1,-1,1,-1,1,1,1,1,-1,1,-1,1,1,1,-1,-1,1,-1,1,1,-1,1,-1,-1,1,1,1,1,-1,1,-1,-1,1,1,1,-1,-1,-1,1,1,1,1,-1,-1,-1,-1,-1,1,1,-1,1,-1,-1,1,1,1,-1,-1,1,-1,1,1,1,1,1,1,-1,1,1,1,-1,-1,1,1,1,-1,1,-1,1,-1,-1,1,1,-1,-1,1,-1,-1,1,1,1,-1,1,1,1,1,1,-1,-1,1,-1,-1,1,-1,-1,-1,1,-1,1,-1,1,-1,1,1,-1,1,1,1,1,-1,1,-1,1,1,1,-1,-1,1,-1,1,1,1,-1,-1,1,-1,1,1,1,-1,-1,1,-1,1,1,1,1,-1,1,-1,-1,1,1,-1,-1,-1,1,-1,1,-1,1,-1,1,-1,-1,1,-2670.0,1,2000,445,0,False
936,1,1,-1,-1,1,-1,-1,1,1,1,1,-1,1,1,1,1,-1,1,-1,-1,1,1,1,1,1,1,-1,-1,1,1,1,1,-1,-1,-1,1,-1,1,1,1,-1,-1,1,1,1,1,1,-1,1,1,1,1,-1,1,-1,-1,-1,-1,1,1,1,-1,-1,-1,1,1,1,1,-1,-1,1,-1,1,1,1,-1,-1,1,-1,1,1,-1,-1,-1,-1,1,1,1,-1,-1,-1,1,-1,1,1,-1,-1,1,-1,1,1,1,-1,-1,1,-1,-1,1,1,-1,-1,1,-1,-1,1,1,-1,-1,1,-1,-1,1,1,1,-1,-1,-1,-1,1,1,1,-1,1,-1,-1,1,1,1,-1,-1,-1,-1,1,1,1,-1,1,-1,-1,-1,1,1,-1,-1,1,-1,-1,1,1,-1,1,1,-1,-1,1,1,-1,1,1,-1,1,1,-1,-1,1,-1,-1,1,1,-1,1,-1,1,-1,1,1,-1,1,1,-1,-1,-1,1,1,1,1,1,-1,1,1,-1,1,1,1,-1,-1,1,1,-1,1,1,-1,1,1,-1,1,1,1,-1,1,1,1,1,1,1,1,-1,1,-1,-1,1,1,1,-1,1,1,-1,1,1,-1,-1,1,-1,1,1,1,1,-1,-1,1,-1,1,1,-1,1,1,-1,1,1,1,-1,-1,1,-1,1,-1,1,1,1,1,-1,1,-1,1,1,-1,1,-1,1,-1,1,1,1,1,-1,-1,1,1,1,1,1,1,-1,1,1,1,-1,-1,1,-1,-1,1,1,-1,-1,-1,1,-1,1,1,1,-1,1,-1,-1,1,1,1,-1,-1,1,-1,1,-1,1,-1,1,1,-1,1,1,1,-1,1,-1,-1,1,1,-1,1,1,1,-1,1,1,-1,1,1,-1,1,1,1,-1,1,1,-1,-1,1,1,1,1,1,1,1,1,1,1,1,1,1,1,-1,1,-1,1,1,1,1,-1,1,1,-1,1,1,1,-1,1,1,-1,1,-1,1,1,-1,1,-1,1,1,1,1,-1,1,-1,1,1,-1,-1,-1,1,1,-1,-1,1,1,-1,1,-1,1,-1,1,-1,1,1,-1,1,1,1,1,-1,1,-1,1,-1,1,-1,-1,1,-1,1,1,1,1,-1,1,1,-1,1,1,-1,-1,1,-1,-1,1,-1,1,-1,-1,1,-1,1,1,-1,-1,-1,1,-1,1,-1,1,-1,-1,1,-1,1,-1,-1,-1,-1,1,-1,-1,1,1,-1,-1,1,-1,1,1,-1,1,-1,1,-1,1,-1,1,-1,-1,-1,-1,-1,-1,-1,1,-1,1,-1,1,-1,1,-1,-1,-1,1,1,1,1,-1,-1,-1,-1,1,-1,-1,-1,-1,-1,1,-1,-1,1,-1,1,-1,-1,1,-1,-1,1,-1,-1,-1,-1,-1,1,-1,1,-1,-1,-1,-1,1,-1,1,-1,-1,1,-1,1,1,1,-1,-1,-1,1,1,-1,1,-1,-1,-1,1,1,1,-1,1,1,-1,1,1,1,1,1,-1,1,-1,1,1,-1,1,-1,1,-1,1,-1,-1,-1,1,-1,-1,1,-1,-1,-1,1,1,-1,1,1,-1,-1,1,1,-1,-1,1,-1,-1,-1,-1,-1,-1,1,-1,-1,-1,-1,-1,-1,1,-1,-1,1,1,1,1,1,-1,1,-1,1,-1,-1,1,-1,1,-1,1,-1,-1,1,1,-1,1,1,1,-1,1,1,-1,-1,1,-1,-1,1,1,-1,-1,1,-1,1,1,-1,-1,1,1,-1,1,1,-1,1,1,-1,1,1,1,1,-1,1,1,-1,-1,1,1,-1,1,1,1,-1,1,1,-1,-1,1,1,1,1,1,-1,1,1,-1,-1,1,1,-1,-1,1,1,-1,1,1,-1,-1,1,1,-1,1,1,-1,-1,-1,1,-1,1,1,-1,-1,1,1,-1,1,1,1,-1,1,-1,-1,-1,-1,1,-1,1,-1,-1,1,-1,-1,1,-1,1,-1,-1,1,-1,-1,1,-1,-1,1,-1,1,-1,1,-1,-1,-1,1,-1,-1,1,-1,-1,-1,1,1,-1,1,-1,-1,-1,1,-1,-1,1,-1,-1,-1,-1,1,1,1,1,-1,-1,1,1,-1,1,1,-1,-1,-1,1,-1,1,-1,-1,-1,1,1,1,-1,1,-1,-1,1,1,1,-1,1,-1,-1,-1,1,-1,-1,1,-1,-1,-1,1,-1,1,-1,-1,1,-1,1,1,-1,1,-1,-1,-1,1,1,-1,1,1,-1,-1,-1,1,1,1,-1,-1,-1,1,1,-1,1,-1,-1,-1,1,-1,1,1,-1,-1,-1,-1,1,-1,1,1,-1,1,-1,-1,1,1,-1,-1,-1,-1,-1,-1,1,1,-1,-1,1,-1,1,1,-1,-1,-1,1,-1,1,1,-1,-1,1,-1,-1,1,1,1,-1,1,-1,1,1,1,-1,-1,1,-1,-1,1,1,1,-1,1,-1,-1,1,1,-1,1,1,-1,-1,1,1,-1,1,1,-1,-1,1,1,-1,1,1,-1,-1,1,1,1,1,1,1,-1,1,1,1,-1,1,-1,-1,1,-1,1,1,1,1,-1,-1,1,-1,1,1,1,-1,1,1,1,1,-1,1,-1,1,1,1,1,1,1,-1,-1,1,1,1,1,-1,1,-1,1,1,1,1,-1,1,-1,1,1,1,-1,-1,1,-1,1,1,-1,1,-1,-1,-1,1,1,1,-1,1,-1,-1,1,1,1,-1,-1,-1,-1,1,1,1,-1,1,-1,-1,-1,1,1,-1,1,-1,-1,-1,1,1,-1,1,-1,-1,1,1,1,1,1,1,-1,-1,1,1,-1,-1,1,1,1,-1,1,-1,1,-1,-1,1,1,-1,-1,1,-1,-1,-1,1,1,-1,1,-1,1,1,1,-1,-1,-1,-1,-1,-1,-1,-1,-1,1,-1,1,1,1,-1,1,1,-1,1,1,1,1,-1,1,-1,1,1,1,1,-1,1,-1,1,1,1,1,-1,1,-1,1,1,1,1,-1,1,-1,1,1,-1,-1,-1,1,-1,-1,1,1,-1,-1,-1,1,-1,1,-1,1,-1,1,-1,-1,1,-2670.0,1,2000,445,1500,True
937,-1,-1,1,1,1,1,-1,1,-1,-1,-1,1,-1,1,-1,-1,1,-1,1,1,1,-1,-1,-1,-1,1,-1,-1,-1,-1,-1,-1,1,1,-1,-1,1,-1,-1,-1,1,-1,-1,-1,-1,-1,-1,-1,1,1,-1,-1,1,-1,1,-1,-1,1,-1,-1,-1,1,1,1,-1,-1,-1,-1,-1,-1,-1,1,-1,-1,-1,-1,1,-1,1,-1,-1,1,1,-1,1,-1,-1,-1,-1,1,-1,-1,1,-1,-1,-1,-1,1,1,1,-1,1,-1,-1,1,1,1,-1,-1,-1,-1,1,1,1,-1,1,-1,-1,1,1,1,-1,-1,-1,-1,1,1,1,-1,1,-1,-1,1,1,1,-1,-1,-1,-1,1,1,1,-1,1,1,-1,-1,1,1,1,1,-1,-1,1,-1,1,1,1,-1,-1,1,1,1,1,-1,1,-1,1,-1,1,1,1,-1,-1,1,1,1,-1,1,-1,1,-1,-1,1,1,1,-1,1,1,1,1,-1,1,-1,1,1,-1,1,-1,1,-1,1,1,-1,1,-1,1,-1,-1,1,-1,1,-1,1,-1,1,1,-1,1,-1,1,-1,-1,1,-1,-1,1,1,-1,-1,1,-1,1,1,-1,1,-1,1,-1,1,-1,1,-1,1,1,-1,1,1,1,-1,-1,1,-1,1,1,1,-1,1,1,-1,1,-1,1,-1,1,-1,1,-1,1,1,-1,1,-1,-1,-1,1,1,-1,1,-1,-1,-1,-1,1,1,-1,1,1,-1,-1,1,-1,-1,1,1,-1,1,1,1,-1,-1,1,-1,1,1,-1,1,-1,1,1,-1,1,-1,-1,-1,1,-1,-1,1,-1,1,-1,1,1,-1,1,1,1,-1,1,-1,-1,1,1,-1,-1,1,-1,-1,1,-1,1,-1,1,-1,-1,1,1,-1,1,1,-1,1,-1,1,-1,-1,1,-1,1,1,1,1,1,1,-1,1,1,1,1,1,-1,-1,1,1,1,1,1,-1,-1,1,-1,1,1,1,-1,-1,1,-1,1,-1,1,1,-1,1,-1,1,1,1,1,-1,-1,1,1,1,-1,-1,-1,1,1,-1,-1,1,1,-1,1,-1,1,-1,1,-1,1,1,-1,1,1,1,-1,1,1,-1,1,-1,1,-1,-1,1,-1,1,1,1,1,-1,1,1,-1,1,1,-1,-1,1,-1,-1,1,-1,1,-1,-1,1,-1,1,1,-1,-1,-1,1,-1,1,-1,1,-1,1,1,-1,1,-1,-1,-1,-1,1,-1,-1,1,1,-1,-1,1,-1,1,1,-1,1,-1,1,-1,1,-1,1,-1,-1,-1,-1,-1,-1,-1,-1,-1,1,-1,1,-1,1,-1,-1,-1,1,-1,1,1,-1,-1,-1,-1,-1,-1,-1,-1,-1,-1,1,-1,-1,1,-1,-1,-1,-1,1,-1,-1,1,-1,-1,-1,-1,-1,1,-1,-1,-1,-1,-1,1,1,-1,1,-1,-1,1,-1,1,1,1,-1,-1,-1,-1,1,-1,1,-1,-1,-1,-1,1,1,-1,1,1,-1,1,1,1,1,1,-1,1,-1,-1,-1,1,-1,-1,1,-1,1,-1,1,-1,1,-1,-1,-1,1,1,-1,1,1,-1,1,-1,1,-1,1,1,-1,1,-1,1,-1,-1,-1,-1,1,-1,1,-1,-1,-1,-1,1,-1,1,-1,1,1,1,-1,-1,1,-1,1,1,-1,1,-1,1,-1,-1,1,-1,1,-1,-1,1,1,1,1,1,-1,1,1,1,1,-1,1,-1,-1,1,1,1,-1,-1,-1,-1,1,1,1,-1,-1,-1,1,-1,1,-1,1,1,-1,-1,1,1,1,-1,-1,-1,-1,1,1,1,1,1,-1,-1,1,1,1,1,-1,-1,-1,1,-1,1,-1,1,-1,-1,1,1,1,1,1,-1,-1,1,-1,1,1,1,-1,-1,1,1,-1,1,1,-1,-1,1,1,1,1,1,-1,1,-1,1,-1,1,1,1,1,-1,1,-1,1,1,-1,1,1,-1,1,1,1,1,1,1,-1,1,-1,1,-1,1,-1,-1,1,-1,1,1,-1,1,-1,1,1,1,1,-1,1,-1,1,1,1,1,1,1,-1,1,-1,1,1,-1,-1,-1,1,1,1,1,1,1,-1,1,1,1,1,1,-1,1,-1,1,1,1,-1,-1,-1,-1,1,1,-1,1,-1,1,-1,1,1,1,-1,-1,-1,-1,1,1,-1,-1,-1,-1,1,-1,1,-1,-1,-1,1,-1,1,1,-1,-1,-1,1,-1,1,1,-1,-1,-1,1,1,1,1,-1,1,-1,1,-1,1,1,1,-1,-1,1,1,1,1,1,-1,-1,1,-1,1,1,-1,1,-1,-1,1,1,1,1,-1,-1,-1,-1,1,-1,1,-1,1,-1,1,1,1,1,1,-1,-1,1,1,1,1,-1,1,-1,1,1,-1,1,-1,-1,1,1,1,1,-1,1,-1,-1,1,1,1,1,1,-1,-1,1,1,1,-1,1,1,-1,1,1,1,1,1,1,-1,1,1,1,1,1,1,-1,1,1,-1,1,1,-1,-1,1,1,-1,1,1,1,-1,1,-1,-1,1,1,1,-1,-1,1,-1,1,1,1,-1,1,1,-1,1,1,1,-1,1,1,-1,1,1,1,-1,-1,1,1,1,1,-1,1,-1,1,1,1,1,-1,1,-1,1,1,1,-1,-1,1,-1,1,1,-1,1,-1,-1,1,-1,-1,1,-1,1,-1,-1,1,-1,1,-1,-1,-1,1,1,-1,1,-1,-1,-1,-1,-1,1,1,-1,1,-1,-1,1,-1,1,-1,-1,1,-1,1,-1,1,1,1,1,-1,1,1,-1,-1,-1,1,1,1,1,-1,-1,1,-1,-1,1,1,-1,-1,1,-1,-1,1,-1,1,-1,1,1,1,1,-1,1,-1,1,-1,-1,1,-1,-1,-1,1,-1,1,-1,1,-1,1,1,-1,1,1,-1,-1,-1,1,-1,1,1,1,1,-1,1,-1,1,1,1,-1,-1,1,-1,1,1,1,1,-1,1,-1,1,1,-1,-1,-1,1,-1,-1,1,1,-1,-1,-1,1,-1,1,-1,1,-1,1,-1,-1,1,-2670.0,1,2000,445,1500,True
938,-1,-1,1,1,1,1,-1,1,-1,-1,-1,1,-1,1,-1,-1,1,-1,1,1,1,-1,-1,-1,-1,1,-1,-1,-1,-1,-1,-1,1,1,-1,-1,1,-1,-1,-1,1,-1,-1,-1,-1,-1,-1,-1,1,1,-1,-1,1,-1,1,-1,-1,1,-1,-1,-1,1,1,1,-1,-1,-1,-1,-1,-1,-1,1,-1,-1,-1,-1,1,-1,1,-1,-1,1,1,-1,1,-1,-1,1,-1,1,-1,-1,1,-1,-1,-1,-1,1,1,1,-1,1,-1,-1,1,1,1,-1,-1,-1,-1,1,1,1,-1,1,-1,-1,1,1,1,-1,-1,-1,-1,1,1,1,-1,1,-1,-1,1,1,1,-1,-1,-1,-1,1,1,1,-1,1,1,-1,-1,1,1,1,1,-1,-1,1,-1,1,1,1,-1,-1,1,1,1,1,-1,1,-1,1,-1,1,1,1,-1,-1,1,1,1,-1,1,-1,1,-1,-1,1,1,1,-1,1,1,1,1,-1,1,-1,1,1,-1,1,-1,1,-1,1,1,-1,1,-1,1,-1,-1,1,-1,1,-1,1,-1,1,1,-1,1,-1,1,-1,-1,1,-1,-1,1,1,-1,-1,1,-1,1,1,-1,1,-1,1,-1,1,-1,1,-1,1,1,-1,-1,1,1,-1,-1,1,-1,1,1,1,-1,1,1,-1,1,-1,1,-1,1,-1,1,-1,1,1,-1,1,-1,-1,-1,1,1,-1,1,-1,-1,-1,-1,1,1,-1,1,1,-1,-1,1,-1,-1,1,1,-1,1,1,1,-1,-1,1,-1,1,1,-1,1,-1,1,1,-1,1,-1,-1,-1,1,-1,-1,1,-1,1,-1,1,1,-1,1,1,1,-1,1,-1,-1,1,1,-1,-1,1,-1,-1,1,-1,1,-1,1,-1,-1,1,1,-1,1,1,-1,1,-1,1,-1,-1,1,-1,1,1,1,1,1,1,-1,1,1,1,1,1,-1,-1,1,1,1,1,1,-1,-1,1,-1,1,1,1,-1,-1,1,-1,1,-1,1,1,-1,1,-1,1,1,1,1,-1,-1,1,1,1,-1,-1,-1,1,1,-1,-1,1,-1,-1,1,-1,1,-1,1,-1,1,1,-1,1,1,1,-1,-1,1,-1,1,-1,1,-1,-1,1,-1,1,1,1,1,-1,1,1,-1,1,1,-1,-1,1,-1,-1,1,-1,1,-1,-1,1,-1,1,1,-1,-1,1,1,-1,1,-1,1,-1,-1,1,-1,1,-1,-1,-1,-1,1,-1,-1,1,1,-1,-1,1,-1,1,1,-1,1,-1,1,-1,1,-1,1,-1,-1,-1,-1,-1,-1,-1,1,-1,1,-1,1,-1,1,-1,-1,-1,1,1,-1,1,-1,-1,-1,-1,1,-1,-1,-1,-1,-1,1,-1,1,1,-1,1,-1,-1,1,-1,-1,1,-1,-1,-1,-1,-1,1,-1,1,-1,-1,-1,-1,1,-1,1,-1,-1,1,-1,1,1,1,-1,-1,-1,1,1,-1,1,-1,1,-1,1,1,1,-1,1,1,-1,1,1,1,1,1,1,1,-1,-1,-1,1,-1,1,1,1,1,-1,1,-1,1,-1,-1,-1,1,1,-1,1,1,-1,1,-1,1,-1,1,1,-1,1,-1,1,-1,-1,-1,-1,1,-1,1,-1,-1,-1,-1,1,-1,1,-1,1,1,1,-1,-1,1,-1,1,1,-1,1,-1,1,-1,-1,1,-1,1,-1,-1,1,1,1,1,1,-1,1,1,1,1,-1,1,-1,-1,1,1,1,-1,-1,-1,1,1,1,1,-1,-1,-1,1,-1,1,-1,1,1,-1,-1,1,1,1,-1,-1,-1,-1,1,1,1,1,1,-1,-1,1,1,1,1,-1,-1,-1,1,-1,1,-1,1,-1,-1,1,1,1,1,1,-1,-1,1,-1,1,1,1,-1,-1,1,1,-1,1,1,-1,-1,1,1,1,1,1,-1,1,-1,1,1,-1,1,1,1,-1,1,1,-1,1,-1,1,1,-1,1,1,1,1,1,1,-1,1,-1,1,-1,1,-1,-1,1,-1,1,1,-1,1,-1,1,1,1,1,-1,1,-1,1,-1,1,1,1,1,-1,1,-1,1,1,-1,-1,-1,1,1,1,1,1,1,-1,1,1,1,1,1,-1,1,-1,-1,1,1,-1,-1,-1,-1,1,1,-1,1,-1,1,-1,1,1,1,-1,-1,-1,-1,1,1,-1,-1,-1,-1,1,-1,1,1,-1,-1,1,-1,1,1,-1,-1,-1,1,-1,1,1,-1,-1,-1,1,1,1,1,-1,1,-1,1,-1,1,1,1,-1,-1,1,1,1,1,1,-1,-1,1,-1,1,1,-1,1,-1,-1,1,1,1,1,-1,-1,-1,-1,1,-1,1,-1,1,-1,1,1,1,1,1,-1,-1,1,1,1,1,-1,1,-1,1,1,-1,1,-1,-1,1,1,1,1,-1,1,-1,-1,1,1,1,1,1,-1,-1,1,1,1,-1,1,1,-1,1,1,1,1,1,1,-1,1,1,1,1,1,1,-1,1,1,-1,1,1,-1,-1,1,1,-1,1,1,1,-1,1,-1,1,1,1,1,-1,-1,1,-1,1,1,1,-1,1,1,-1,1,1,1,-1,1,1,-1,1,1,1,-1,-1,1,1,1,1,-1,1,-1,1,1,1,1,-1,1,-1,1,1,1,-1,-1,1,-1,1,1,-1,1,-1,-1,-1,1,-1,1,-1,1,-1,-1,1,-1,1,-1,-1,-1,-1,1,-1,1,-1,-1,-1,-1,-1,1,1,-1,1,-1,-1,-1,-1,1,-1,1,-1,-1,1,-1,1,1,1,1,-1,-1,1,1,-1,-1,1,1,1,1,-1,-1,1,-1,-1,1,1,-1,-1,1,-1,-1,-1,-1,1,-1,1,1,1,1,-1,1,-1,-1,-1,1,-1,-1,-1,-1,1,-1,1,1,1,-1,1,1,-1,1,1,-1,-1,-1,1,-1,1,1,1,1,-1,1,-1,1,1,1,-1,-1,1,-1,1,1,1,1,-1,1,-1,1,1,-1,-1,-1,1,-1,-1,1,1,-1,-1,-1,1,-1,1,-1,1,-1,1,-1,-1,1,-2670.0,1,2000,445,1500,True
939,1,1,-1,-1,1,-1,-1,-1,1,1,1,-1,1,1,1,1,-1,1,-1,-1,-1,-1,1,1,1,-1,-1,-1,1,1,1,1,1,-1,-1,-1,1,-1,1,1,-1,-1,-1,1,1,1,1,-1,1,1,1,1,-1,1,-1,-1,1,-1,1,1,1,-1,-1,-1,1,1,1,1,-1,-1,-1,1,1,1,1,-1,-1,-1,1,1,1,-1,-1,-1,1,1,1,1,-1,-1,-1,1,1,1,1,-1,-1,1,1,-1,1,1,-1,-1,1,1,1,1,1,-1,-1,-1,1,-1,1,1,-1,-1,1,1,1,1,1,1,-1,-1,1,1,-1,1,1,-1,1,1,1,1,1,1,-1,1,1,1,1,1,1,-1,1,1,1,1,1,1,-1,-1,-1,1,1,1,1,-1,1,1,1,1,-1,1,-1,1,-1,1,1,1,-1,-1,1,1,1,1,1,-1,1,-1,-1,1,-1,1,-1,1,1,1,1,1,1,1,1,1,1,1,-1,1,-1,1,1,-1,1,-1,1,1,-1,1,-1,1,-1,1,-1,1,1,-1,-1,-1,1,1,1,1,-1,-1,1,1,-1,-1,1,-1,1,-1,-1,1,-1,1,-1,1,-1,1,-1,1,1,-1,-1,-1,1,1,-1,1,-1,1,1,1,-1,1,-1,-1,-1,-1,1,-1,1,1,1,-1,1,1,-1,1,-1,-1,-1,1,1,-1,1,-1,-1,-1,1,1,-1,-1,1,1,-1,-1,1,1,-1,1,1,-1,1,1,1,1,-1,1,-1,1,1,-1,1,-1,1,1,-1,1,1,1,1,1,-1,-1,1,-1,-1,-1,1,1,-1,1,1,1,-1,1,-1,-1,1,1,1,1,1,-1,1,1,1,-1,-1,1,-1,1,1,1,-1,1,1,-1,-1,1,1,1,-1,1,-1,1,1,1,-1,1,1,-1,1,1,1,-1,1,-1,-1,1,1,1,-1,1,-1,-1,-1,1,1,-1,1,-1,-1,1,-1,1,-1,1,1,-1,-1,1,1,1,-1,1,-1,-1,1,1,-1,1,-1,-1,-1,-1,-1,-1,1,-1,-1,-1,1,1,-1,1,-1,1,-1,1,1,1,1,-1,-1,1,1,1,-1,1,-1,-1,-1,-1,1,1,1,1,-1,-1,1,1,1,1,-1,-1,1,-1,-1,1,-1,1,-1,-1,1,-1,1,1,-1,-1,1,1,-1,1,-1,1,-1,-1,1,-1,1,1,-1,-1,-1,1,-1,-1,1,1,-1,-1,1,-1,1,1,-1,1,-1,1,-1,-1,1,1,-1,-1,1,-1,1,1,-1,-1,1,1,-1,1,-1,1,-1,1,-1,-1,1,-1,1,-1,1,-1,-1,1,-1,-1,-1,1,-1,-1,1,-1,1,-1,1,-1,-1,1,-1,-1,1,-1,1,-1,1,-1,1,-1,1,1,-1,-1,-1,1,-1,1,-1,-1,1,-1,1,1,1,1,-1,-1,1,1,-1,1,1,1,-1,1,1,1,-1,1,1,-1,1,1,1,1,1,1,1,-1,-1,-1,1,-1,1,1,-1,1,-1,1,-1,1,-1,-1,-1,1,1,-1,1,1,-1,-1,-1,1,-1,1,1,-1,1,-1,1,-1,-1,-1,-1,-1,-1,1,-1,-1,-1,-1,-1,-1,1,-1,1,1,1,1,-1,1,-1,1,1,-1,-1,-1,1,-1,-1,1,-1,1,-1,-1,1,1,1,1,-1,-1,1,1,1,1,-1,1,-1,-1,1,1,1,-1,-1,-1,1,1,1,1,-1,1,-1,1,-1,1,-1,1,1,-1,-1,1,1,1,-1,-1,-1,1,1,1,1,1,-1,-1,-1,1,1,1,1,-1,-1,-1,1,-1,1,-1,-1,-1,-1,1,1,1,1,-1,-1,1,1,1,1,1,-1,-1,-1,1,1,-1,1,-1,-1,-1,1,1,1,1,-1,-1,1,1,1,1,-1,-1,1,1,-1,1,1,-1,-1,-1,1,1,1,1,1,-1,1,1,1,1,1,-1,-1,-1,1,-1,1,-1,-1,-1,-1,1,-1,1,1,1,-1,-1,1,-1,1,1,-1,1,-1,1,1,1,1,-1,1,-1,1,-1,1,1,-1,-1,-1,1,1,-1,-1,-1,-1,-1,1,-1,1,-1,-1,-1,-1,-1,-1,-1,1,-1,-1,-1,1,-1,-1,1,-1,-1,-1,-1,-1,1,1,-1,-1,-1,-1,-1,1,-1,-1,-1,1,-1,-1,1,-1,1,-1,-1,-1,-1,-1,-1,-1,1,-1,-1,-1,1,1,-1,-1,-1,1,-1,-1,-1,-1,-1,1,-1,-1,1,1,1,-1,-1,-1,-1,1,-1,1,1,-1,1,-1,-1,1,1,-1,-1,-1,-1,-1,-1,1,1,-1,-1,1,-1,1,1,-1,-1,-1,1,-1,1,1,-1,-1,1,-1,-1,1,1,1,-1,1,-1,1,1,1,-1,-1,1,-1,-1,1,1,1,-1,1,-1,-1,1,1,-1,1,1,-1,-1,1,1,1,1,1,-1,-1,1,1,1,1,1,-1,-1,1,1,1,1,1,1,-1,-1,1,1,1,1,-1,-1,1,-1,1,1,1,1,-1,-1,1,-1,1,1,1,-1,1,1,1,1,-1,1,-1,1,1,1,1,1,1,1,-1,1,1,1,1,-1,1,-1,1,1,1,1,1,-1,1,1,1,1,-1,1,1,-1,1,1,-1,1,1,-1,-1,1,1,1,1,-1,1,-1,1,1,1,-1,-1,1,-1,1,1,1,-1,1,-1,-1,-1,1,1,-1,-1,1,-1,-1,1,1,-1,-1,1,-1,-1,1,1,1,-1,1,-1,-1,1,1,-1,-1,-1,1,-1,-1,1,-1,1,1,-1,1,1,-1,-1,1,-1,-1,-1,1,1,-1,1,1,-1,1,1,-1,-1,1,-1,1,-1,-1,-1,-1,1,-1,-1,1,1,-1,1,1,-1,1,1,1,1,-1,1,-1,1,1,1,-1,-1,1,-1,-1,1,1,-1,1,1,-1,1,1,1,-1,-1,1,-1,1,1,1,1,-1,1,-1,-1,1,1,-1,-1,1,1,-1,1,-1,1,-1,1,-1,-1,1,-2670.0,1,2000,445,1000,False
940,1,1,-1,-1,1,1,-1,-1,1,1,1,-1,1,1,1,1,-1,1,-1,-1,-1,-1,1,1,1,-1,1,-1,1,1,1,1,-1,-1,-1,-1,1,-1,1,1,-1,-1,-1,1,1,1,1,-1,1,1,1,1,-1,1,-1,-1,1,-1,1,1,1,-1,-1,-1,1,1,1,1,-1,-1,-1,1,1,1,1,-1,-1,-1,1,1,1,-1,-1,-1,1,1,1,1,-1,-1,-1,1,1,1,1,-1,-1,1,1,-1,1,1,-1,-1,1,1,1,1,1,-1,-1,-1,1,1,1,1,-1,-1,1,1,1,1,1,1,-1,-1,1,1,-1,1,1,-1,1,1,1,1,1,1,-1,1,1,1,1,1,1,-1,1,1,1,1,1,1,-1,-1,-1,1,1,1,1,-1,1,1,1,1,-1,1,-1,1,-1,1,1,1,-1,-1,1,1,1,1,1,-1,1,-1,-1,1,-1,1,-1,1,1,1,1,1,1,1,1,1,-1,1,-1,1,-1,1,1,-1,1,-1,1,1,-1,1,-1,1,-1,1,-1,1,1,-1,-1,-1,1,1,1,1,-1,-1,1,1,-1,-1,1,-1,1,-1,-1,1,-1,1,-1,1,-1,1,-1,1,1,-1,1,-1,1,1,-1,1,-1,1,1,1,-1,1,-1,-1,1,-1,1,-1,1,1,1,-1,1,1,-1,1,-1,-1,-1,1,1,-1,1,-1,-1,-1,1,1,-1,-1,1,1,-1,-1,1,1,-1,1,1,-1,1,1,1,1,-1,1,-1,1,1,-1,1,-1,1,-1,1,1,1,-1,-1,1,-1,-1,1,-1,-1,-1,1,1,-1,1,1,1,-1,1,1,1,1,1,1,-1,1,-1,1,1,1,1,-1,1,-1,1,1,1,-1,1,1,-1,-1,1,1,1,-1,1,-1,1,1,1,-1,1,1,-1,1,1,1,-1,1,1,-1,1,1,1,1,1,1,1,-1,1,1,-1,1,1,-1,1,-1,1,-1,1,1,1,-1,1,1,1,1,1,1,-1,1,1,-1,1,1,1,-1,-1,-1,-1,1,1,1,-1,1,1,-1,1,1,-1,-1,1,1,1,1,1,-1,1,1,1,-1,1,1,1,1,-1,1,1,1,-1,1,-1,1,1,1,1,1,1,-1,-1,-1,1,-1,-1,1,1,-1,1,1,1,1,1,1,1,-1,1,-1,-1,1,-1,1,-1,1,1,1,1,1,1,-1,-1,1,-1,1,1,1,-1,1,1,1,-1,1,1,-1,-1,1,-1,1,1,1,-1,1,1,1,1,1,1,-1,1,-1,-1,1,1,-1,1,1,-1,-1,1,1,-1,-1,1,-1,1,1,1,-1,-1,1,-1,-1,1,1,-1,-1,1,-1,1,1,1,1,-1,1,1,-1,-1,1,1,-1,1,-1,1,-1,1,-1,-1,1,-1,-1,1,-1,1,-1,-1,1,-1,1,-1,1,-1,1,1,-1,-1,1,1,1,-1,1,-1,1,-1,1,1,1,-1,-1,-1,1,-1,-1,-1,1,1,-1,1,-1,1,1,1,-1,1,1,-1,1,-1,1,-1,-1,1,-1,-1,1,1,1,-1,1,-1,-1,1,1,-1,-1,1,-1,-1,1,1,-1,-1,1,-1,-1,-1,1,1,-1,1,1,-1,-1,1,-1,-1,1,-1,1,-1,1,1,-1,-1,1,-1,-1,-1,-1,-1,1,1,1,-1,1,1,-1,-1,1,-1,1,-1,-1,-1,-1,1,-1,-1,-1,-1,-1,1,1,-1,1,1,1,-1,-1,1,1,-1,-1,-1,-1,1,1,-1,-1,1,-1,-1,-1,1,1,-1,-1,-1,-1,-1,1,-1,-1,1,-1,-1,-1,1,1,-1,1,-1,-1,1,1,1,-1,-1,-1,-1,-1,1,1,1,-1,-1,-1,-1,1,1,-1,-1,-1,-1,1,1,1,1,-1,-1,1,1,1,1,1,-1,-1,-1,1,1,1,-1,1,-1,1,1,1,1,-1,1,-1,-1,1,-1,1,-1,1,-1,-1,1,-1,1,-1,-1,-1,-1,1,-1,1,-1,1,1,-1,1,-1,1,-1,1,1,-1,1,-1,1,-1,-1,-1,-1,1,1,-1,-1,-1,-1,-1,1,-1,1,-1,-1,-1,-1,-1,-1,-1,1,-1,-1,-1,1,-1,-1,1,-1,-1,-1,-1,-1,1,1,-1,-1,-1,-1,-1,1,-1,-1,-1,1,-1,-1,1,-1,1,-1,-1,-1,-1,-1,-1,-1,1,-1,-1,-1,1,1,1,-1,-1,1,-1,-1,-1,-1,-1,1,-1,-1,1,-1,1,-1,-1,-1,-1,1,-1,1,1,-1,1,-1,-1,1,1,-1,-1,-1,-1,-1,-1,1,1,-1,-1,1,-1,1,1,-1,-1,-1,1,-1,1,1,-1,-1,1,-1,-1,1,1,1,-1,1,-1,1,1,1,-1,-1,1,-1,-1,1,-1,1,-1,1,-1,-1,1,1,-1,1,1,-1,-1,1,1,-1,1,1,-1,-1,1,1,-1,1,1,-1,-1,1,1,1,1,1,1,-1,-1,1,1,1,1,-1,-1,1,-1,1,1,1,1,-1,-1,1,-1,1,1,1,-1,1,-1,1,1,-1,1,-1,1,1,1,1,1,1,1,-1,-1,1,1,1,-1,1,-1,1,1,1,1,1,-1,1,-1,1,1,-1,-1,1,-1,1,1,-1,1,1,-1,-1,1,1,1,-1,1,1,-1,-1,1,1,-1,-1,1,-1,1,1,1,-1,1,-1,-1,-1,1,1,-1,-1,1,-1,-1,1,1,1,-1,1,-1,-1,-1,1,1,1,-1,-1,-1,1,1,-1,-1,1,1,-1,-1,1,-1,1,1,-1,1,1,-1,-1,1,-1,-1,-1,1,1,-1,1,1,-1,1,1,-1,-1,-1,-1,1,-1,-1,-1,-1,1,-1,-1,1,1,-1,1,1,-1,1,1,1,1,-1,1,-1,1,1,1,-1,-1,1,-1,-1,1,1,-1,1,1,-1,1,1,1,-1,-1,1,-1,1,1,1,1,-1,1,-1,-1,1,1,-1,-1,1,1,-1,1,-1,1,-1,1,-1,-1,1,-2670.0,1,2000,445,1000,False
941,1,1,-1,-1,1,-1,-1,-1,1,1,1,-1,1,1,1,1,-1,1,-1,-1,-1,-1,1,1,1,-1,1,-1,1,1,1,1,1,-1,-1,-1,1,1,1,1,-1,-1,-1,1,1,1,1,-1,1,1,1,1,-1,1,-1,-1,1,-1,1,1,1,-1,-1,-1,1,1,1,1,-1,-1,-1,1,1,1,1,-1,-1,-1,1,1,1,-1,-1,-1,1,1,1,1,-1,-1,-1,1,1,1,1,-1,-1,1,1,-1,1,1,-1,-1,1,1,1,1,1,-1,-1,1,1,1,1,1,-1,-1,1,1,1,1,1,1,-1,1,1,1,-1,1,1,-1,1,1,1,1,1,1,-1,-1,1,1,1,1,1,-1,1,1,1,1,1,1,-1,-1,-1,1,1,1,1,-1,1,1,1,1,-1,1,-1,1,-1,1,1,1,-1,-1,1,1,1,1,1,-1,1,-1,-1,1,-1,1,-1,1,1,1,1,1,1,1,1,1,-1,1,-1,1,-1,1,1,-1,1,-1,1,1,-1,1,-1,1,-1,1,-1,1,1,-1,1,-1,1,1,1,1,-1,-1,1,1,-1,-1,1,-1,1,-1,1,1,-1,1,-1,1,-1,1,-1,1,1,-1,-1,-1,1,1,-1,1,-1,1,1,1,-1,1,1,-1,1,-1,1,-1,1,-1,1,-1,1,1,-1,1,-1,-1,-1,1,1,-1,1,-1,-1,-1,1,1,-1,-1,1,1,-1,-1,1,1,-1,1,1,-1,1,1,1,1,-1,1,-1,1,1,-1,1,-1,1,1,-1,1,1,1,1,1,-1,-1,1,-1,-1,1,1,1,-1,1,1,1,-1,1,-1,-1,1,1,1,1,1,-1,1,1,1,-1,-1,1,-1,1,1,1,-1,1,1,-1,-1,1,1,1,-1,1,-1,1,1,1,-1,1,1,-1,1,1,1,-1,1,-1,-1,1,1,1,-1,1,-1,-1,-1,1,1,-1,1,-1,-1,1,-1,1,-1,1,1,-1,-1,1,1,1,-1,1,-1,-1,1,1,-1,1,-1,-1,-1,-1,-1,-1,1,-1,-1,-1,1,1,-1,1,-1,1,-1,1,1,1,1,-1,-1,1,1,1,-1,1,-1,-1,-1,-1,1,1,1,1,-1,-1,1,1,1,1,-1,-1,1,-1,-1,1,-1,1,-1,-1,1,-1,1,-1,-1,-1,1,1,-1,1,-1,1,-1,-1,1,-1,1,1,-1,-1,-1,1,-1,-1,1,1,-1,-1,1,-1,1,1,-1,1,-1,1,-1,-1,1,1,-1,-1,1,-1,1,1,-1,-1,1,1,-1,1,-1,1,-1,1,-1,1,1,-1,1,-1,1,-1,-1,1,-1,-1,-1,1,-1,-1,1,1,1,-1,1,-1,-1,1,-1,-1,1,-1,1,-1,1,-1,1,-1,1,1,-1,1,-1,1,-1,1,-1,-1,1,-1,1,1,1,1,-1,-1,1,1,-1,1,1,-1,1,1,1,1,-1,1,1,-1,1,1,1,1,1,-1,1,-1,-1,-1,1,-1,1,1,-1,1,-1,1,-1,1,-1,-1,-1,1,1,-1,1,1,-1,-1,-1,1,-1,1,1,-1,1,-1,1,-1,-1,-1,-1,-1,-1,1,-1,-1,-1,-1,-1,-1,1,-1,1,1,1,1,-1,1,-1,1,1,-1,-1,-1,1,-1,-1,1,-1,1,-1,-1,1,1,1,1,-1,-1,1,1,1,1,-1,1,-1,-1,1,1,1,-1,-1,-1,1,1,1,1,-1,-1,-1,1,-1,1,-1,1,1,-1,-1,1,1,1,-1,-1,-1,-1,1,1,1,1,-1,-1,-1,1,1,1,1,-1,-1,-1,1,-1,1,-1,-1,-1,1,1,1,1,1,-1,-1,-1,1,1,1,1,-1,-1,-1,1,1,-1,1,-1,-1,-1,1,1,1,1,-1,-1,1,1,1,1,-1,-1,1,1,-1,1,1,-1,-1,-1,1,1,1,1,1,-1,1,1,1,1,1,-1,-1,-1,1,-1,1,-1,-1,-1,-1,1,-1,1,1,-1,-1,-1,1,-1,1,1,-1,-1,-1,1,1,1,1,-1,-1,-1,1,-1,1,1,-1,-1,-1,1,1,-1,-1,-1,-1,-1,1,-1,1,-1,-1,-1,-1,-1,-1,-1,1,-1,-1,-1,1,-1,-1,1,-1,-1,-1,-1,-1,-1,1,-1,-1,-1,-1,-1,1,-1,-1,-1,1,-1,-1,1,-1,1,-1,-1,-1,-1,-1,-1,-1,1,-1,-1,-1,1,1,-1,-1,-1,-1,1,-1,-1,-1,-1,1,-1,-1,1,1,1,-1,-1,-1,-1,1,-1,1,1,-1,1,-1,-1,1,1,-1,-1,-1,-1,-1,-1,1,1,-1,-1,1,-1,1,1,-1,-1,-1,1,-1,1,1,-1,-1,1,-1,-1,1,1,1,-1,1,-1,1,1,1,-1,-1,1,-1,-1,1,1,1,-1,1,-1,-1,1,1,-1,1,1,-1,-1,1,1,-1,1,1,-1,-1,1,1,1,1,1,-1,-1,1,1,1,1,1,1,-1,-1,1,1,-1,1,-1,-1,1,-1,1,1,1,1,-1,-1,1,-1,1,1,1,-1,1,-1,1,1,-1,1,-1,1,1,1,1,1,1,1,-1,-1,1,1,1,-1,1,-1,1,1,1,1,1,-1,1,-1,1,1,-1,1,1,-1,1,1,-1,1,1,-1,-1,1,1,1,1,-1,1,-1,-1,1,1,-1,-1,1,-1,1,1,1,-1,1,-1,-1,-1,1,1,-1,-1,1,-1,-1,1,1,1,-1,1,-1,-1,1,1,1,1,-1,-1,-1,1,1,-1,-1,-1,1,-1,-1,1,-1,1,1,-1,1,1,-1,-1,1,1,-1,-1,1,1,-1,1,1,-1,1,1,-1,-1,-1,-1,1,-1,-1,-1,-1,1,-1,-1,1,1,-1,1,1,-1,1,1,1,1,-1,1,-1,1,1,1,1,-1,1,-1,-1,1,1,1,-1,1,-1,1,1,1,1,-1,1,-1,1,1,1,-1,-1,1,-1,-1,1,1,-1,-1,-1,1,-1,1,1,1,-1,1,-1,-1,1,-2670.0,1,2000,445,1500,False
942,1,1,-1,-1,1,1,-1,-1,1,1,1,-1,1,1,1,1,-1,1,-1,-1,-1,-1,1,1,1,-1,1,-1,1,1,1,1,1,-1,-1,-1,1,-1,1,1,-1,-1,-1,1,1,1,1,-1,1,1,1,1,-1,1,-1,-1,1,-1,1,1,1,-1,-1,-1,1,1,1,1,-1,-1,-1,1,1,1,1,-1,-1,-1,1,1,1,-1,-1,-1,1,1,1,1,-1,-1,-1,1,-1,1,1,-1,-1,1,1,1,1,1,-1,-1,1,1,-1,1,1,-1,-1,1,1,-1,1,1,-1,-1,1,1,-1,1,1,1,-1,-1,1,-1,1,1,1,-1,1,1,-1,1,1,1,-1,-1,1,-1,1,1,1,-1,1,1,1,-1,1,1,-1,-1,-1,1,-1,1,1,-1,1,1,1,1,1,1,-1,1,1,-1,1,1,-1,-1,1,1,-1,1,1,-1,1,-1,-1,1,1,1,-1,1,1,1,-1,-1,1,1,1,1,-1,1,1,1,-1,1,1,-1,1,1,1,1,-1,1,-1,-1,1,1,-1,1,1,-1,1,1,1,1,1,1,-1,-1,1,1,-1,-1,1,-1,-1,1,1,1,-1,1,-1,1,1,1,-1,1,1,-1,-1,1,-1,1,-1,1,-1,1,1,1,-1,1,1,-1,1,-1,1,-1,1,-1,1,-1,1,1,-1,1,-1,-1,1,1,1,-1,1,-1,-1,-1,1,1,-1,-1,1,1,-1,1,1,1,-1,1,1,-1,-1,-1,1,1,-1,1,-1,-1,-1,1,-1,-1,1,1,1,-1,1,1,1,1,-1,-1,-1,1,-1,-1,1,1,-1,-1,1,1,-1,1,-1,-1,-1,1,1,1,1,-1,-1,1,1,-1,1,1,-1,-1,1,1,-1,1,1,-1,1,-1,1,1,-1,1,-1,1,1,1,-1,1,1,-1,-1,1,1,-1,1,-1,-1,-1,1,1,-1,1,-1,-1,1,-1,1,-1,1,-1,-1,1,-1,1,-1,1,1,-1,1,-1,1,1,-1,1,-1,-1,1,1,-1,1,-1,-1,1,1,-1,-1,1,-1,-1,1,-1,1,-1,1,-1,1,1,-1,1,1,1,-1,1,1,-1,1,-1,1,-1,-1,1,-1,1,1,1,1,-1,1,1,1,1,-1,-1,-1,1,-1,-1,1,-1,1,-1,-1,1,-1,1,-1,-1,-1,-1,1,-1,1,-1,1,-1,1,-1,-1,1,1,-1,-1,-1,1,-1,-1,1,1,-1,-1,1,-1,1,1,-1,1,-1,1,-1,-1,1,1,-1,-1,-1,-1,1,1,-1,1,-1,1,-1,1,-1,1,-1,-1,1,-1,1,-1,1,-1,-1,-1,-1,1,-1,-1,-1,-1,-1,-1,1,-1,1,-1,1,-1,-1,1,-1,-1,1,-1,-1,-1,1,1,1,-1,1,-1,-1,-1,1,1,-1,1,-1,-1,1,-1,1,1,1,-1,-1,-1,1,1,-1,1,-1,-1,-1,1,1,1,-1,1,1,-1,1,1,1,1,1,-1,1,-1,-1,-1,1,-1,1,1,1,1,-1,1,-1,1,-1,-1,-1,1,1,-1,1,1,-1,-1,1,1,-1,1,1,-1,1,-1,1,-1,-1,-1,-1,-1,-1,1,-1,-1,-1,-1,-1,-1,1,-1,1,1,1,1,-1,1,-1,1,1,-1,-1,-1,1,-1,-1,1,-1,1,-1,-1,1,1,1,1,-1,1,-1,1,1,1,-1,1,-1,1,1,1,1,-1,-1,-1,1,1,1,1,-1,1,-1,1,-1,1,-1,1,1,-1,-1,1,1,1,-1,-1,-1,-1,1,1,1,1,-1,1,1,1,1,1,1,-1,1,-1,1,-1,1,-1,-1,1,-1,1,1,1,1,-1,1,-1,1,-1,1,1,-1,1,-1,1,1,-1,1,-1,1,1,1,1,1,1,-1,1,-1,1,1,-1,-1,-1,-1,-1,1,1,1,-1,-1,1,-1,1,-1,-1,1,-1,-1,-1,1,-1,1,-1,-1,1,-1,1,-1,1,-1,-1,-1,-1,1,-1,1,1,-1,-1,-1,1,-1,1,-1,1,-1,-1,1,-1,1,-1,1,-1,-1,1,1,1,1,-1,-1,1,1,-1,1,1,-1,-1,-1,1,-1,1,-1,-1,-1,1,1,1,-1,1,-1,-1,1,-1,1,-1,1,-1,-1,-1,1,-1,-1,1,-1,-1,-1,1,-1,1,-1,-1,1,-1,1,1,-1,1,-1,-1,-1,1,1,-1,1,1,-1,-1,-1,1,1,1,-1,-1,-1,1,1,-1,1,-1,-1,-1,1,-1,1,1,-1,-1,-1,-1,1,-1,1,1,-1,1,-1,-1,1,1,-1,-1,-1,-1,-1,-1,1,1,-1,-1,1,-1,1,1,-1,-1,-1,-1,-1,1,1,-1,-1,1,-1,-1,1,1,1,-1,1,-1,1,1,1,-1,-1,1,-1,-1,1,1,1,-1,1,-1,-1,1,1,-1,1,1,-1,-1,1,1,-1,1,1,-1,-1,1,1,1,1,1,-1,-1,1,1,1,1,1,1,-1,-1,1,1,-1,1,-1,-1,1,-1,1,1,1,1,-1,-1,1,-1,1,1,1,-1,1,1,1,1,-1,1,-1,1,1,1,1,1,1,1,-1,1,1,1,1,-1,1,-1,1,1,1,1,1,-1,1,1,1,1,-1,1,1,-1,1,1,-1,1,1,-1,-1,1,1,1,1,-1,1,-1,1,1,1,-1,-1,1,-1,1,1,1,-1,1,-1,-1,-1,1,1,-1,-1,1,-1,-1,1,1,1,-1,1,-1,-1,-1,1,1,-1,1,-1,-1,1,1,-1,-1,-1,1,-1,-1,1,-1,1,1,-1,1,1,-1,-1,1,1,-1,-1,1,1,-1,1,1,-1,1,1,-1,-1,-1,-1,1,-1,-1,-1,-1,-1,1,-1,1,1,-1,1,1,-1,1,1,1,1,-1,1,-1,1,1,1,1,-1,1,-1,-1,-1,1,1,-1,1,-1,1,1,1,1,-1,1,-1,1,1,1,-1,-1,1,-1,-1,1,1,-1,-1,-1,1,-1,1,-1,1,-1,1,-1,-1,1,-2670.0,1,2000,445,1500,True
943,1,1,-1,-1,1,-1,-1,-1,1,1,1,-1,1,1,1,1,-1,1,1,-1,-1,-1,1,1,1,1,-1,-1,1,1,1,1,-1,-1,-1,-1,1,1,1,1,-1,-1,-1,1,1,1,1,-1,1,1,1,1,-1,1,-1,-1,1,-1,1,1,1,-1,-1,-1,1,1,1,1,-1,-1,-1,1,1,1,1,-1,-1,-1,1,1,1,-1,-1,-1,1,1,1,1,-1,-1,1,1,1,1,1,-1,-1,-1,1,-1,1,1,-1,-1,1,1,1,1,1,-1,-1,-1,1,-1,1,1,-1,-1,1,1,1,1,1,1,-1,-1,1,1,-1,1,1,-1,1,1,1,1,1,1,-1,1,1,1,1,1,1,-1,1,1,1,1,1,1,-1,-1,-1,1,1,1,1,-1,1,1,1,1,-1,1,-1,1,-1,1,1,1,-1,-1,1,1,1,1,1,-1,1,-1,-1,1,-1,1,-1,1,1,1,1,1,1,1,1,1,-1,1,-1,1,-1,1,1,-1,1,-1,1,1,-1,1,-1,1,-1,1,-1,1,1,-1,1,-1,1,1,1,1,-1,-1,1,1,-1,-1,1,-1,1,-1,1,1,-1,1,-1,1,-1,1,-1,1,1,-1,-1,-1,1,1,-1,1,-1,1,1,1,-1,1,1,-1,1,-1,1,-1,1,-1,1,-1,1,1,-1,1,-1,-1,-1,1,1,-1,1,-1,-1,-1,1,1,-1,-1,1,1,-1,-1,1,1,-1,1,1,-1,1,1,1,1,-1,1,-1,1,1,-1,1,-1,1,1,1,1,1,1,1,1,-1,-1,1,-1,-1,-1,1,1,-1,1,1,1,-1,1,1,1,1,1,1,1,1,-1,1,1,1,-1,1,1,-1,1,1,1,-1,1,1,-1,-1,1,1,1,-1,1,-1,1,1,1,-1,1,1,-1,1,1,1,-1,1,1,-1,1,1,1,-1,1,1,-1,-1,1,1,-1,1,1,-1,1,-1,1,-1,1,1,1,-1,1,1,1,-1,1,1,-1,1,1,-1,1,1,1,-1,-1,-1,-1,1,1,1,-1,1,1,-1,1,1,-1,-1,1,1,1,1,1,-1,1,1,1,-1,1,1,1,1,-1,1,1,1,-1,1,-1,1,1,1,1,1,1,-1,-1,-1,1,-1,-1,1,1,-1,1,1,1,1,1,1,1,-1,1,-1,-1,1,-1,1,-1,1,1,1,1,1,1,-1,-1,1,-1,1,1,1,-1,1,1,1,-1,1,1,-1,-1,1,-1,1,1,1,-1,1,1,1,1,1,1,-1,1,-1,-1,1,1,-1,-1,1,-1,-1,1,1,-1,-1,1,-1,1,1,1,-1,-1,1,-1,-1,1,1,-1,-1,1,-1,1,1,1,1,-1,1,1,-1,-1,1,1,-1,-1,1,1,-1,1,-1,-1,1,-1,-1,1,-1,1,-1,-1,1,-1,1,-1,1,-1,-1,1,-1,-1,1,1,1,-1,1,-1,1,-1,-1,-1,1,-1,-1,-1,1,-1,-1,1,1,1,-1,1,-1,1,1,1,-1,1,1,-1,1,-1,1,-1,-1,1,-1,-1,1,1,1,-1,1,-1,-1,1,1,-1,-1,1,-1,-1,1,1,-1,-1,1,-1,-1,-1,1,1,-1,1,1,-1,-1,1,-1,-1,1,-1,1,-1,1,1,-1,-1,1,-1,-1,-1,-1,-1,1,1,1,-1,1,1,-1,-1,1,-1,-1,-1,-1,-1,1,1,-1,-1,-1,1,-1,1,1,-1,1,1,1,-1,-1,1,1,-1,-1,-1,-1,-1,1,-1,-1,1,-1,-1,-1,1,1,-1,-1,-1,-1,-1,1,-1,-1,1,-1,-1,1,1,1,-1,1,-1,-1,-1,1,1,-1,-1,-1,-1,-1,1,1,1,-1,-1,-1,-1,1,1,-1,-1,-1,-1,1,1,1,1,-1,-1,1,1,1,1,1,-1,-1,-1,1,1,1,1,1,-1,1,1,1,1,-1,1,-1,-1,1,-1,1,-1,1,-1,-1,1,-1,1,-1,-1,-1,-1,1,-1,1,-1,1,-1,-1,1,-1,1,-1,1,-1,-1,1,-1,1,-1,-1,-1,-1,1,1,-1,-1,-1,-1,-1,1,-1,1,-1,-1,-1,-1,-1,-1,-1,1,-1,-1,-1,1,-1,-1,1,-1,-1,-1,-1,-1,1,1,-1,-1,-1,-1,-1,1,-1,-1,-1,1,-1,-1,1,-1,1,-1,-1,-1,-1,-1,-1,-1,1,-1,-1,-1,1,1,-1,-1,-1,-1,1,-1,-1,-1,-1,1,-1,-1,1,-1,1,-1,-1,-1,-1,1,-1,1,1,-1,1,-1,-1,1,1,-1,-1,-1,-1,-1,-1,1,1,-1,-1,1,-1,1,1,-1,-1,-1,1,-1,-1,1,-1,-1,1,-1,-1,1,1,1,-1,1,-1,1,1,1,-1,-1,1,-1,-1,1,1,1,-1,1,-1,-1,1,1,-1,1,1,-1,-1,1,1,-1,1,1,-1,-1,1,1,-1,1,1,-1,-1,1,1,1,1,1,1,-1,-1,1,-1,1,1,-1,-1,1,-1,1,1,1,1,-1,-1,1,-1,1,1,1,-1,1,1,1,1,-1,1,-1,1,1,1,1,1,1,1,-1,1,1,1,1,-1,1,-1,1,1,1,1,1,-1,1,1,1,1,-1,1,1,-1,1,1,-1,1,1,-1,-1,1,1,1,1,-1,1,-1,1,1,1,-1,-1,1,-1,1,1,1,-1,1,-1,-1,-1,1,1,-1,-1,1,-1,-1,1,1,1,-1,1,-1,-1,1,1,1,-1,1,-1,-1,1,1,-1,-1,-1,1,-1,-1,1,-1,1,1,-1,1,1,-1,-1,1,1,-1,-1,1,1,-1,1,1,-1,1,1,-1,-1,-1,-1,1,-1,-1,-1,-1,-1,-1,-1,1,1,-1,1,1,-1,1,1,1,1,-1,1,-1,1,1,1,-1,-1,1,-1,-1,-1,1,-1,-1,1,-1,1,1,1,-1,-1,1,-1,1,1,1,1,-1,1,-1,-1,1,1,1,-1,-1,1,-1,1,1,1,-1,1,-1,-1,1,-2670.0,1,2000,445,500,False
944,1,1,-1,-1,1,1,-1,-1,1,1,1,-1,-1,1,1,1,-1,1,-1,-1,-1,-1,1,1,1,-1,-1,-1,1,1,1,1,1,-1,-1,-1,1,1,1,1,-1,-1,-1,1,1,1,1,-1,1,1,1,1,-1,1,-1,-1,1,-1,1,1,1,-1,-1,-1,1,1,1,1,-1,-1,-1,1,1,1,1,-1,-1,-1,1,1,1,-1,-1,-1,1,1,1,1,-1,-1,-1,1,1,1,1,-1,-1,1,1,-1,1,1,-1,-1,1,1,1,1,1,-1,-1,-1,1,1,1,1,-1,-1,1,1,1,1,1,1,-1,-1,1,1,-1,1,1,-1,1,1,1,1,1,1,-1,1,1,1,1,1,1,-1,1,1,1,1,1,1,-1,-1,-1,1,1,1,1,-1,1,1,1,1,-1,1,-1,1,-1,1,1,1,-1,-1,1,1,1,1,1,-1,1,-1,-1,1,-1,1,-1,1,1,1,1,1,1,1,1,1,-1,1,-1,1,-1,1,1,-1,1,-1,1,1,-1,1,-1,1,-1,1,-1,1,1,-1,-1,-1,1,1,1,1,-1,-1,1,1,-1,-1,1,-1,1,-1,1,1,-1,1,-1,1,-1,1,-1,1,1,-1,-1,-1,1,1,-1,1,-1,1,1,1,-1,1,1,-1,1,-1,1,-1,1,-1,1,-1,1,1,-1,1,-1,-1,-1,1,1,-1,1,-1,-1,-1,1,1,-1,-1,1,1,-1,-1,1,1,-1,1,1,-1,1,1,1,1,-1,1,-1,1,1,-1,1,-1,1,1,-1,1,1,1,1,1,-1,-1,1,-1,-1,-1,1,1,-1,1,1,1,-1,1,-1,-1,1,1,1,1,1,-1,1,1,1,-1,1,1,-1,1,1,1,-1,1,1,-1,-1,1,1,1,-1,1,-1,1,1,1,-1,1,1,-1,1,1,1,-1,1,-1,-1,1,1,1,-1,1,-1,-1,-1,1,1,-1,1,-1,-1,1,-1,1,-1,1,1,-1,-1,1,1,1,-1,1,-1,-1,1,1,-1,1,-1,-1,-1,-1,-1,-1,1,-1,-1,-1,1,1,-1,1,-1,-1,-1,1,1,1,1,1,-1,1,1,1,-1,1,-1,-1,-1,-1,1,1,1,1,-1,-1,1,1,1,1,-1,-1,1,-1,-1,1,-1,1,-1,-1,1,-1,1,1,-1,-1,1,1,-1,1,-1,1,-1,-1,1,-1,1,1,-1,-1,-1,1,-1,-1,1,1,-1,-1,1,-1,1,1,-1,1,-1,1,-1,-1,1,1,-1,-1,1,-1,1,1,-1,-1,1,1,-1,1,-1,1,-1,1,-1,-1,1,-1,1,-1,1,-1,-1,1,-1,-1,-1,1,-1,-1,1,1,1,-1,1,-1,-1,1,-1,-1,1,-1,1,-1,1,1,1,-1,1,1,-1,-1,-1,1,-1,1,-1,-1,1,-1,1,1,1,1,-1,-1,1,1,-1,1,1,-1,-1,1,1,1,-1,1,1,-1,1,1,1,1,-1,1,1,-1,-1,-1,1,-1,1,1,-1,1,-1,1,-1,1,-1,-1,-1,1,1,-1,1,1,-1,-1,-1,1,-1,1,1,-1,1,-1,1,-1,-1,-1,-1,-1,-1,1,-1,-1,-1,-1,-1,-1,1,-1,1,1,1,1,-1,1,-1,1,1,-1,-1,-1,1,-1,-1,1,-1,1,-1,-1,1,1,1,1,-1,-1,1,1,1,1,-1,1,-1,-1,1,1,1,-1,-1,-1,1,1,1,1,-1,-1,-1,1,-1,1,-1,1,-1,-1,-1,1,1,1,-1,-1,-1,-1,1,1,1,1,-1,-1,-1,1,1,1,1,-1,-1,-1,1,1,1,-1,-1,-1,-1,1,1,1,1,-1,-1,1,1,1,1,1,-1,-1,-1,1,1,-1,1,-1,-1,-1,1,1,1,1,-1,-1,1,1,1,1,-1,-1,1,1,-1,1,1,-1,-1,-1,1,1,1,1,1,-1,1,1,1,1,1,-1,-1,-1,1,-1,1,-1,-1,-1,-1,1,-1,1,1,1,-1,-1,1,-1,1,1,-1,-1,-1,1,1,1,1,-1,-1,-1,1,-1,1,1,-1,-1,-1,1,1,-1,-1,-1,-1,-1,1,-1,1,-1,-1,-1,-1,-1,-1,-1,1,-1,-1,-1,1,-1,-1,1,-1,-1,-1,-1,-1,1,1,-1,-1,-1,-1,-1,1,-1,-1,-1,1,-1,-1,1,-1,1,-1,-1,-1,-1,-1,-1,-1,1,-1,-1,-1,1,1,-1,-1,-1,-1,1,-1,-1,-1,-1,1,-1,-1,1,1,1,-1,-1,-1,-1,1,-1,1,1,-1,1,-1,-1,1,1,-1,-1,-1,-1,-1,-1,1,1,-1,-1,1,-1,1,1,-1,-1,-1,1,-1,1,1,-1,-1,1,-1,-1,1,1,1,-1,1,-1,1,1,1,-1,-1,1,-1,-1,1,1,1,-1,1,-1,-1,1,1,-1,1,1,-1,-1,1,1,-1,1,1,-1,-1,1,1,1,1,1,-1,-1,1,1,1,1,1,1,-1,-1,1,1,1,1,-1,-1,1,-1,1,1,1,1,-1,-1,1,-1,1,1,1,-1,1,1,1,1,-1,1,-1,1,1,1,1,1,1,1,-1,1,1,1,1,-1,1,-1,1,1,1,1,1,-1,1,1,1,1,-1,1,1,-1,1,1,-1,1,1,-1,-1,1,1,1,1,-1,1,-1,1,1,1,-1,-1,1,-1,1,1,1,-1,1,-1,-1,-1,1,1,-1,-1,1,-1,-1,1,1,-1,-1,1,-1,-1,1,1,1,-1,1,-1,-1,1,1,-1,-1,-1,1,-1,1,1,-1,1,1,-1,1,1,-1,-1,1,-1,-1,-1,1,1,-1,1,1,-1,1,1,-1,-1,-1,-1,1,-1,-1,-1,-1,1,-1,-1,1,1,-1,1,1,-1,1,1,1,1,-1,1,-1,1,1,1,-1,-1,1,-1,-1,1,1,-1,-1,1,-1,1,1,1,-1,-1,1,-1,1,1,1,1,-1,1,-1,-1,1,1,-1,-1,-1,1,-1,1,-1,1,-1,1,-1,-1,1,-2670.0,1,2000,445,500,False
945,-1,-1,1,1,1,1,-1,1,-1,-1,-1,1,-1,1,-1,-1,1,-1,1,1,1,-1,-1,-1,-1,1,-1,-1,-1,-1,-1,-1,1,1,-1,-1,1,-1,-1,-1,1,-1,-1,-1,-1,-1,-1,-1,1,1,-1,-1,1,-1,1,-1,-1,1,-1,-1,-1,1,1,1,-1,-1,-1,-1,-1,-1,-1,1,-1,-1,-1,-1,-1,-1,1,-1,-1,1,1,-1,1,-1,-1,-1,-1,1,-1,-1,-1,-1,-1,-1,-1,1,1,1,-1,-1,-1,-1,1,1,-1,-1,-1,-1,-1,1,1,1,-1,-1,-1,-1,1,1,-1,-1,-1,-1,-1,1,1,-1,1,-1,-1,-1,1,1,-1,1,-1,-1,-1,-1,1,-1,1,-1,-1,-1,1,1,1,-1,-1,-1,-1,-1,-1,1,-1,1,-1,-1,1,1,1,1,-1,-1,-1,1,-1,1,-1,-1,-1,-1,1,1,-1,1,-1,-1,1,-1,-1,1,-1,-1,-1,1,1,1,1,1,-1,-1,1,1,-1,1,1,-1,-1,1,1,-1,1,1,-1,-1,-1,1,-1,1,1,-1,-1,1,1,-1,-1,1,-1,1,1,1,-1,-1,1,1,-1,-1,1,-1,1,1,-1,1,-1,1,-1,1,1,-1,1,1,1,-1,-1,1,-1,-1,1,1,-1,1,-1,1,1,1,1,-1,1,1,-1,1,1,-1,1,-1,-1,-1,1,1,-1,-1,1,1,-1,1,1,-1,-1,-1,1,-1,1,1,1,1,-1,1,-1,1,1,1,1,-1,-1,-1,-1,1,-1,1,-1,-1,-1,1,1,-1,1,1,1,-1,-1,1,1,1,-1,-1,-1,1,1,-1,1,1,-1,-1,1,1,-1,1,-1,1,-1,1,1,1,1,-1,-1,-1,1,-1,-1,1,-1,-1,1,-1,-1,1,1,-1,1,1,1,1,-1,1,-1,1,1,1,-1,1,1,-1,-1,1,1,-1,1,-1,-1,-1,1,1,-1,1,-1,-1,1,-1,1,-1,1,-1,-1,1,-1,1,-1,1,1,-1,1,-1,1,1,1,1,-1,-1,1,1,-1,1,-1,-1,1,1,-1,-1,1,1,-1,1,-1,1,-1,1,-1,1,1,-1,1,1,1,-1,1,1,-1,1,-1,1,-1,-1,1,-1,1,1,1,1,-1,1,1,1,1,1,-1,-1,1,-1,-1,1,-1,1,-1,-1,1,-1,1,1,-1,-1,-1,1,-1,1,-1,1,-1,-1,1,-1,1,1,-1,-1,-1,1,-1,-1,1,1,-1,-1,1,-1,1,1,-1,1,-1,1,-1,-1,1,1,-1,-1,-1,-1,1,1,-1,1,-1,1,-1,1,-1,1,-1,-1,1,-1,1,-1,1,-1,-1,-1,-1,1,-1,-1,-1,-1,-1,-1,1,-1,1,-1,1,-1,-1,1,-1,-1,1,-1,-1,-1,1,1,1,-1,1,-1,-1,-1,1,1,-1,1,-1,-1,1,1,1,1,1,-1,-1,-1,1,1,-1,1,-1,-1,-1,1,1,1,-1,1,1,-1,1,1,1,1,1,1,1,-1,-1,-1,1,-1,-1,1,-1,1,-1,1,-1,1,-1,-1,-1,1,1,-1,1,1,-1,1,-1,1,-1,1,1,-1,1,-1,1,-1,-1,-1,-1,1,-1,1,-1,-1,-1,-1,1,-1,1,-1,1,1,1,-1,-1,1,-1,1,1,-1,1,-1,1,-1,-1,1,-1,1,-1,-1,1,1,1,1,1,-1,1,1,1,1,-1,1,-1,-1,1,1,1,-1,-1,-1,1,1,1,1,-1,-1,-1,1,-1,1,-1,1,1,-1,-1,1,1,1,-1,1,-1,-1,1,1,1,1,1,1,-1,1,1,1,1,-1,1,-1,1,-1,1,-1,1,1,-1,1,1,1,1,1,1,-1,1,-1,1,1,1,1,-1,1,1,-1,1,1,1,-1,1,1,1,1,1,1,-1,1,1,-1,-1,1,-1,-1,1,1,1,-1,1,-1,-1,1,-1,-1,1,1,-1,-1,1,-1,1,-1,1,1,-1,1,-1,1,-1,1,-1,-1,1,-1,1,1,1,1,-1,1,-1,1,-1,1,1,-1,1,-1,1,-1,1,1,-1,1,1,1,1,1,-1,1,1,-1,1,1,1,1,-1,1,-1,1,-1,1,1,-1,1,1,-1,1,1,1,-1,1,1,-1,1,1,1,1,1,-1,-1,1,1,1,1,1,-1,1,-1,1,1,1,1,1,-1,1,1,1,1,1,1,-1,1,-1,1,1,1,1,1,1,1,1,1,1,1,-1,1,1,-1,1,1,-1,1,1,1,1,1,1,1,-1,1,1,1,1,1,-1,1,1,1,1,1,1,-1,-1,1,-1,1,1,1,-1,1,1,1,1,1,-1,-1,1,1,1,1,1,1,-1,1,1,-1,1,1,-1,1,1,1,1,1,1,-1,-1,1,1,1,1,-1,1,-1,1,1,1,1,-1,-1,-1,1,1,1,1,-1,1,-1,1,1,1,1,1,-1,-1,1,1,-1,1,1,-1,-1,-1,1,-1,1,-1,-1,-1,1,-1,1,1,1,-1,-1,-1,1,-1,1,1,-1,-1,1,1,-1,1,1,-1,1,1,1,-1,1,1,-1,1,-1,1,1,1,1,-1,1,-1,1,1,1,-1,1,-1,1,1,1,1,-1,1,1,-1,1,1,-1,1,1,-1,-1,1,-1,1,1,-1,1,-1,1,-1,1,-1,-1,1,-1,1,-1,1,-1,1,-1,-1,-1,1,1,-1,-1,1,-1,-1,-1,1,-1,-1,1,-1,-1,-1,1,1,-1,1,-1,-1,1,1,-1,-1,-1,1,-1,1,1,-1,1,1,-1,1,1,-1,-1,1,-1,-1,-1,-1,1,-1,1,1,-1,1,1,-1,-1,1,-1,1,-1,-1,-1,-1,1,-1,-1,1,1,-1,1,1,-1,1,1,1,1,-1,1,-1,1,1,1,1,-1,1,-1,-1,-1,1,1,-1,1,-1,1,1,1,1,-1,1,-1,1,1,-1,-1,-1,1,-1,-1,1,1,-1,-1,-1,1,-1,1,-1,1,-1,1,-1,-1,1,-2670.0,1,2000,445,1500,True
946,-1,-1,1,1,1,1,-1,1,-1,-1,-1,1,-1,1,-1,-1,1,-1,1,1,1,-1,-1,-1,-1,1,-1,-1,-1,-1,-1,-1,1,1,-1,-1,1,-1,-1,-1,1,-1,-1,-1,-1,-1,1,-1,1,1,-1,-1,1,-1,1,-1,-1,1,-1,-1,-1,1,1,1,-1,-1,-1,-1,-1,-1,-1,1,-1,-1,-1,-1,1,-1,1,-1,-1,1,1,-1,1,-1,-1,-1,-1,1,-1,-1,1,-1,-1,-1,-1,1,1,1,-1,1,-1,-1,1,1,1,-1,-1,-1,-1,1,1,1,-1,1,-1,-1,1,1,1,-1,-1,-1,-1,1,1,1,-1,1,-1,-1,1,1,1,-1,-1,-1,-1,1,1,1,-1,1,1,-1,-1,1,1,1,1,-1,-1,1,-1,1,1,1,-1,-1,1,1,1,1,-1,1,-1,1,-1,1,1,1,-1,-1,1,1,1,-1,1,-1,1,-1,-1,1,1,1,-1,1,1,1,1,-1,1,-1,1,1,-1,1,-1,1,-1,1,1,-1,1,-1,1,-1,-1,1,-1,1,-1,1,-1,1,1,-1,1,-1,1,-1,-1,1,-1,-1,1,1,-1,-1,1,-1,1,1,-1,1,-1,1,-1,1,-1,1,-1,1,1,-1,-1,1,1,-1,-1,1,-1,1,1,1,-1,1,1,-1,1,-1,1,-1,1,-1,1,-1,1,1,-1,1,-1,-1,-1,1,1,-1,1,-1,-1,-1,-1,1,1,-1,1,1,-1,-1,1,-1,-1,1,1,-1,1,1,1,-1,-1,1,-1,1,1,-1,1,-1,1,1,-1,1,-1,-1,-1,1,-1,-1,1,-1,1,-1,1,1,-1,1,1,1,-1,1,-1,-1,1,1,-1,-1,1,-1,-1,1,-1,1,-1,1,-1,-1,1,1,-1,1,1,-1,1,-1,1,-1,-1,1,-1,1,1,1,1,1,1,-1,1,1,1,1,1,-1,-1,1,1,1,1,1,-1,-1,1,-1,1,1,1,-1,-1,1,-1,1,-1,1,1,-1,1,-1,1,1,1,1,-1,-1,1,1,1,1,-1,-1,1,1,-1,-1,1,1,-1,1,-1,1,-1,1,-1,1,1,-1,1,1,1,-1,1,1,-1,1,-1,1,-1,-1,1,-1,1,1,1,1,-1,1,1,-1,1,1,-1,-1,1,-1,-1,1,-1,1,-1,-1,1,-1,1,1,-1,-1,-1,1,-1,1,-1,1,-1,1,1,-1,1,-1,-1,-1,-1,1,-1,-1,1,1,-1,-1,1,-1,1,1,-1,1,-1,1,-1,1,-1,1,-1,-1,-1,-1,1,-1,-1,-1,-1,1,-1,1,-1,1,-1,-1,-1,1,1,1,1,-1,-1,-1,-1,1,-1,-1,-1,-1,-1,1,-1,-1,1,-1,-1,-1,-1,1,-1,-1,1,-1,-1,-1,1,-1,1,-1,-1,-1,-1,1,-1,1,-1,1,-1,-1,1,-1,1,1,1,-1,-1,-1,1,1,-1,1,-1,-1,-1,1,1,1,-1,1,1,-1,1,1,1,1,1,-1,1,-1,-1,-1,1,-1,-1,1,-1,1,-1,1,-1,1,-1,-1,-1,1,1,-1,1,1,-1,1,-1,1,-1,1,1,-1,1,-1,1,-1,-1,-1,-1,1,-1,1,-1,-1,-1,-1,1,-1,1,-1,1,1,1,1,-1,1,-1,1,1,-1,1,-1,1,-1,-1,1,-1,1,-1,-1,1,1,1,1,1,-1,1,1,1,1,-1,1,-1,-1,1,1,1,-1,-1,-1,1,1,1,1,-1,-1,-1,1,-1,1,-1,1,1,-1,-1,1,1,1,-1,-1,-1,-1,1,1,1,1,1,-1,-1,1,1,1,1,-1,-1,-1,1,-1,1,-1,1,-1,-1,1,1,1,1,1,-1,-1,1,-1,1,1,1,-1,-1,1,1,-1,1,1,-1,-1,1,1,1,1,1,-1,1,-1,1,-1,1,1,1,1,-1,1,-1,1,1,-1,1,1,-1,1,-1,1,1,1,1,-1,1,-1,1,-1,1,-1,-1,1,-1,1,1,-1,1,-1,1,1,1,1,-1,1,-1,1,1,1,1,1,1,-1,1,-1,1,1,-1,-1,-1,1,1,1,1,1,1,-1,1,1,1,1,1,-1,1,-1,1,1,1,-1,-1,-1,-1,1,1,-1,1,-1,1,-1,1,1,1,-1,-1,-1,-1,1,1,-1,-1,-1,-1,1,-1,1,-1,-1,-1,1,-1,1,1,-1,-1,-1,1,-1,1,1,-1,-1,-1,1,1,1,1,-1,1,-1,1,-1,1,1,1,-1,-1,-1,1,1,1,1,-1,-1,1,-1,1,1,-1,1,-1,-1,1,1,1,1,-1,-1,-1,-1,1,-1,1,-1,1,-1,1,1,1,1,1,-1,-1,1,1,1,1,-1,1,-1,1,1,-1,1,-1,-1,1,1,1,1,-1,1,-1,-1,1,1,1,1,1,-1,-1,1,1,1,-1,1,1,-1,1,1,1,1,1,1,-1,1,1,1,1,1,1,-1,1,1,-1,1,1,-1,-1,1,1,1,1,1,1,-1,1,-1,-1,1,1,1,-1,-1,1,-1,1,1,1,-1,1,1,-1,1,1,1,-1,1,1,-1,1,1,1,-1,-1,-1,1,1,1,-1,1,-1,1,1,1,1,-1,1,-1,1,1,1,-1,-1,1,-1,-1,1,-1,1,-1,-1,-1,1,-1,1,-1,1,-1,-1,1,-1,1,-1,-1,-1,-1,1,-1,1,-1,1,-1,-1,-1,1,1,-1,1,-1,-1,-1,-1,1,-1,1,-1,-1,1,-1,1,1,1,1,-1,-1,1,1,-1,-1,1,1,1,1,-1,-1,1,-1,-1,1,1,-1,-1,1,-1,-1,-1,-1,1,-1,1,1,1,1,-1,1,-1,-1,-1,-1,-1,-1,-1,-1,1,-1,1,1,1,-1,1,1,-1,1,1,-1,-1,-1,1,-1,1,1,1,1,-1,1,-1,1,1,1,-1,-1,1,-1,1,1,1,1,-1,1,-1,1,1,-1,-1,-1,1,-1,-1,1,1,-1,-1,-1,1,-1,1,-1,1,-1,1,-1,-1,1,-2670.0,1,2000,445,1500,True
947,-1,-1,1,1,1,1,-1,1,-1,-1,-1,1,-1,1,-1,-1,1,-1,1,1,-1,1,-1,-1,-1,1,-1,-1,1,-1,-1,-1,1,1,-1,-1,1,-1,-1,-1,1,-1,-1,-1,-1,1,-1,1,-1,1,-1,-1,1,1,1,-1,1,-1,-1,-1,1,1,1,1,-1,1,-1,1,1,-1,1,-1,-1,-1,1,-1,-1,-1,1,-1,-1,1,1,-1,1,-1,-1,1,1,1,-1,1,-1,1,1,1,-1,1,1,1,1,1,1,-1,1,1,-1,1,1,1,-1,1,1,-1,1,1,1,-1,1,1,-1,1,1,1,-1,1,1,-1,1,1,1,-1,1,1,-1,1,1,1,-1,-1,1,-1,1,1,1,-1,1,1,1,-1,1,1,-1,-1,-1,1,-1,1,1,-1,1,1,1,1,1,1,-1,1,1,-1,1,1,-1,-1,1,1,-1,1,1,-1,1,-1,-1,1,1,1,-1,1,1,1,1,1,1,1,1,1,-1,1,1,1,-1,1,1,-1,1,1,1,1,-1,1,-1,-1,1,1,-1,1,1,-1,1,1,1,1,1,1,-1,-1,1,1,-1,-1,1,-1,1,1,-1,1,-1,1,-1,1,1,1,-1,1,1,-1,-1,1,-1,1,-1,1,-1,1,1,1,-1,1,1,-1,1,-1,1,-1,1,-1,1,-1,-1,1,-1,1,-1,-1,1,1,1,-1,1,-1,-1,-1,1,1,-1,-1,1,1,-1,1,1,1,-1,1,1,-1,-1,-1,1,1,-1,1,-1,-1,-1,1,-1,-1,1,1,-1,-1,1,1,1,1,-1,-1,-1,-1,-1,1,1,1,-1,-1,1,1,-1,1,-1,-1,-1,1,1,1,1,-1,-1,1,1,-1,1,1,-1,-1,1,1,-1,1,1,-1,1,-1,1,1,-1,1,-1,1,1,1,-1,1,1,-1,-1,1,1,-1,1,-1,-1,-1,1,1,-1,1,-1,-1,1,-1,1,-1,1,-1,-1,1,-1,1,-1,1,1,-1,1,-1,1,1,-1,1,-1,-1,1,1,-1,1,-1,-1,1,1,-1,-1,1,1,-1,1,-1,1,-1,1,-1,1,1,-1,1,1,1,-1,1,1,-1,1,-1,1,-1,-1,1,-1,1,1,1,1,-1,1,1,1,1,1,-1,-1,1,-1,-1,1,-1,1,-1,-1,1,-1,1,-1,-1,-1,-1,1,-1,1,-1,1,-1,1,1,-1,1,1,-1,-1,-1,1,-1,-1,1,1,-1,-1,1,-1,1,1,-1,1,-1,1,-1,-1,1,1,-1,-1,-1,-1,1,1,-1,1,-1,1,-1,1,-1,1,-1,-1,-1,-1,1,-1,1,-1,-1,-1,-1,1,-1,-1,1,-1,-1,-1,1,-1,1,1,1,-1,-1,1,-1,-1,1,-1,-1,-1,1,1,1,-1,1,-1,-1,-1,1,1,-1,1,-1,-1,1,1,1,1,1,-1,-1,-1,1,1,-1,1,-1,-1,-1,1,1,1,-1,1,1,-1,1,1,1,1,1,-1,1,-1,-1,-1,1,-1,1,1,-1,-1,1,1,-1,1,-1,-1,-1,1,1,-1,1,1,-1,-1,1,1,-1,1,1,-1,-1,-1,1,-1,-1,-1,-1,1,-1,1,-1,-1,-1,-1,-1,-1,1,-1,1,1,1,1,-1,1,-1,1,1,-1,1,-1,1,-1,-1,1,-1,1,-1,-1,1,1,1,1,1,1,-1,1,1,1,-1,1,-1,1,1,1,1,-1,-1,-1,1,1,1,1,-1,1,-1,1,-1,1,-1,1,1,-1,-1,1,1,-1,-1,1,-1,-1,1,1,-1,1,1,1,-1,1,1,1,1,1,1,-1,1,-1,1,-1,1,1,-1,1,1,1,1,1,1,-1,1,-1,1,-1,1,1,-1,1,1,-1,1,1,1,1,1,1,1,1,1,1,-1,1,1,-1,-1,1,-1,-1,1,1,1,-1,1,-1,-1,1,-1,-1,1,1,-1,-1,1,-1,1,-1,-1,1,-1,1,-1,1,-1,1,-1,-1,1,-1,1,-1,1,-1,-1,1,-1,1,-1,1,-1,-1,1,-1,1,-1,1,-1,-1,1,1,1,1,1,-1,1,1,-1,1,1,1,1,-1,1,-1,1,-1,1,-1,-1,1,1,-1,1,1,-1,1,1,1,-1,1,1,1,-1,1,-1,-1,1,1,-1,1,1,-1,1,-1,-1,1,-1,1,1,-1,1,1,-1,-1,1,1,-1,1,1,-1,-1,-1,1,1,1,1,-1,1,1,1,-1,1,1,-1,-1,1,-1,1,1,-1,-1,-1,-1,1,-1,1,1,-1,1,-1,-1,1,1,1,-1,-1,-1,-1,-1,1,-1,-1,-1,1,-1,1,1,-1,-1,-1,1,-1,1,1,1,-1,1,-1,-1,1,1,1,-1,1,-1,1,1,1,-1,-1,1,-1,-1,1,1,-1,-1,1,-1,-1,1,1,-1,1,1,-1,-1,1,1,-1,-1,1,-1,-1,1,1,-1,-1,1,-1,-1,1,1,-1,1,1,1,-1,-1,1,-1,-1,1,-1,-1,1,-1,1,-1,1,1,-1,-1,1,-1,1,1,1,-1,1,1,-1,1,-1,1,-1,1,1,-1,1,1,1,1,-1,1,-1,1,1,-1,1,-1,1,-1,1,1,1,-1,1,1,1,1,-1,1,1,-1,1,1,-1,1,1,-1,-1,1,-1,1,1,-1,1,-1,1,-1,1,-1,-1,1,-1,1,-1,1,-1,1,-1,-1,-1,1,1,-1,-1,1,-1,-1,-1,1,-1,-1,1,-1,-1,-1,1,1,-1,1,-1,-1,1,1,-1,-1,-1,1,-1,1,1,-1,1,1,-1,1,1,-1,-1,1,1,-1,-1,-1,1,-1,1,1,-1,1,1,-1,-1,-1,-1,1,-1,-1,-1,-1,-1,1,-1,1,1,-1,1,1,-1,1,1,1,1,-1,1,-1,1,1,1,1,-1,1,-1,-1,-1,1,1,-1,1,-1,1,1,1,1,-1,1,-1,1,1,1,-1,-1,1,-1,-1,1,1,-1,-1,-1,1,-1,1,1,1,-1,1,-1,-1,1,-2670.0,1,2000,445,1500,True
948,1,1,-1,-1,1,1,-1,-1,1,1,1,-1,-1,1,1,1,-1,1,-1,-1,-1,-1,1,1,1,-1,-1,-1,1,1,1,1,-1,-1,-1,-1,1,1,1,1,-1,-1,-1,1,1,1,1,-1,1,1,1,1,-1,1,-1,-1,1,-1,1,1,1,-1,-1,-1,1,1,1,1,-1,-1,-1,1,1,1,1,-1,-1,-1,1,1,1,-1,-1,-1,1,1,1,1,-1,-1,-1,1,1,1,1,-1,-1,1,1,-1,1,1,-1,-1,1,1,1,1,1,-1,-1,1,1,-1,1,1,-1,-1,1,1,1,1,1,1,-1,-1,1,1,-1,1,1,-1,1,1,1,1,1,1,-1,-1,1,1,1,1,1,-1,1,1,1,1,1,1,-1,-1,-1,1,1,1,1,-1,1,1,1,1,-1,1,-1,1,-1,1,1,1,-1,-1,1,1,1,1,1,-1,1,-1,-1,1,-1,1,-1,1,1,1,1,1,1,1,1,1,-1,1,-1,1,-1,1,1,-1,1,-1,1,1,-1,1,-1,1,-1,1,-1,1,1,-1,-1,-1,1,1,1,1,-1,-1,1,1,-1,-1,1,-1,1,-1,-1,1,-1,1,-1,1,-1,1,-1,-1,1,-1,-1,-1,1,1,-1,1,-1,1,1,1,-1,1,1,-1,1,-1,1,-1,1,-1,1,-1,1,1,-1,1,-1,-1,-1,1,1,-1,1,-1,-1,-1,1,1,-1,-1,1,1,-1,-1,1,1,-1,1,1,-1,1,1,1,1,-1,1,-1,1,1,-1,1,-1,1,1,1,1,1,1,1,1,-1,-1,1,-1,-1,-1,1,1,-1,1,1,1,-1,1,1,1,1,1,1,1,1,-1,1,1,1,-1,1,1,-1,1,1,1,-1,1,1,-1,-1,1,1,1,-1,1,-1,1,1,1,-1,1,1,-1,1,1,1,-1,1,1,-1,1,1,1,-1,1,1,1,-1,1,1,-1,1,1,-1,1,-1,1,-1,1,1,1,-1,1,1,1,-1,1,1,-1,1,1,-1,1,1,1,-1,-1,-1,-1,1,1,1,-1,1,1,-1,1,1,-1,-1,1,1,1,1,1,-1,1,1,1,-1,1,1,1,-1,-1,1,1,1,-1,1,-1,1,1,1,-1,1,1,-1,-1,-1,1,-1,-1,1,-1,1,-1,1,-1,1,1,1,-1,-1,1,-1,-1,1,-1,1,-1,1,1,1,1,1,1,-1,-1,1,-1,1,1,-1,-1,1,1,1,-1,1,-1,-1,-1,1,-1,1,1,-1,-1,1,1,1,1,-1,1,-1,1,-1,1,1,-1,-1,-1,1,-1,1,1,-1,-1,-1,1,-1,1,1,1,-1,-1,1,-1,-1,1,-1,-1,-1,1,-1,1,1,1,-1,-1,1,1,-1,1,-1,-1,-1,-1,-1,-1,1,-1,-1,-1,1,-1,-1,1,-1,-1,-1,-1,1,-1,1,-1,-1,-1,-1,1,-1,-1,1,1,1,-1,1,-1,1,1,1,-1,1,-1,-1,-1,1,-1,-1,1,1,1,-1,1,-1,1,1,1,-1,1,1,-1,-1,-1,1,-1,-1,1,-1,-1,1,1,1,-1,1,-1,-1,1,1,-1,-1,1,-1,-1,1,1,-1,-1,1,-1,-1,-1,1,1,-1,1,1,-1,-1,1,-1,-1,1,-1,1,-1,1,1,-1,-1,1,-1,-1,-1,-1,-1,1,1,1,-1,-1,1,-1,-1,1,-1,-1,1,-1,-1,1,1,-1,-1,1,1,-1,1,1,-1,1,-1,1,-1,-1,1,1,-1,-1,-1,-1,1,1,-1,-1,1,-1,-1,-1,1,1,-1,-1,-1,-1,-1,1,-1,-1,-1,-1,-1,-1,1,1,-1,-1,-1,-1,1,1,1,-1,-1,-1,-1,-1,1,1,1,-1,-1,-1,-1,1,1,-1,-1,-1,-1,1,1,1,1,1,-1,1,1,1,1,1,1,-1,-1,1,1,1,1,-1,-1,1,1,1,1,-1,1,-1,-1,1,-1,1,-1,1,-1,-1,1,-1,1,1,1,-1,-1,1,-1,1,-1,1,-1,-1,1,-1,1,1,1,-1,-1,1,-1,1,1,1,-1,-1,1,1,-1,1,1,-1,-1,1,-1,1,-1,1,-1,-1,-1,-1,-1,1,1,-1,-1,1,-1,-1,1,1,-1,-1,-1,-1,-1,-1,1,-1,-1,-1,-1,1,1,-1,-1,1,-1,-1,1,-1,1,-1,-1,-1,-1,-1,1,1,1,-1,-1,-1,1,1,1,-1,-1,1,1,-1,-1,1,-1,1,-1,-1,1,1,1,-1,-1,-1,-1,1,-1,1,1,-1,1,-1,-1,1,1,-1,-1,-1,-1,-1,-1,1,1,-1,-1,1,-1,1,1,-1,-1,-1,1,-1,1,1,-1,-1,1,-1,-1,1,1,1,-1,1,-1,1,1,1,-1,-1,1,-1,-1,1,1,1,-1,1,-1,-1,1,1,-1,1,1,-1,-1,1,1,-1,1,1,-1,-1,1,1,-1,1,1,-1,-1,1,1,1,1,-1,1,-1,-1,1,1,-1,1,-1,-1,1,-1,1,1,1,1,-1,-1,1,-1,1,1,1,-1,1,1,1,1,-1,1,-1,1,1,1,1,1,1,1,-1,1,1,1,1,-1,1,-1,1,1,1,1,1,-1,1,1,1,1,-1,1,1,-1,1,1,-1,1,1,-1,-1,1,1,1,1,-1,1,-1,1,1,1,-1,-1,1,-1,1,1,1,-1,1,-1,-1,-1,1,1,-1,-1,1,-1,-1,1,1,-1,-1,1,-1,-1,1,1,1,-1,1,-1,-1,1,1,-1,-1,-1,1,-1,1,1,-1,1,1,-1,1,1,-1,-1,1,1,-1,-1,1,1,-1,1,1,-1,1,1,-1,-1,-1,-1,1,-1,-1,-1,-1,-1,1,-1,1,1,-1,1,1,-1,1,1,1,1,-1,1,-1,1,1,1,1,-1,1,-1,-1,1,1,1,-1,1,-1,1,1,1,1,-1,1,-1,1,1,1,-1,-1,1,-1,-1,1,1,-1,-1,-1,1,-1,1,-1,1,-1,1,-1,1,1,-2670.0,1,2000,445,1000,False
949,-1,-1,1,1,1,1,-1,1,-1,-1,-1,1,-1,1,-1,-1,1,-1,1,1,1,-1,-1,-1,-1,1,-1,-1,-1,-1,-1,-1,1,1,-1,-1,1,-1,-1,-1,1,-1,-1,-1,-1,-1,-1,-1,1,1,-1,-1,1,-1,1,-1,-1,1,-1,-1,-1,1,1,1,-1,-1,-1,-1,-1,-1,-1,1,-1,-1,-1,-1,1,-1,1,-1,-1,1,1,-1,1,-1,-1,-1,-1,1,-1,-1,-1,-1,-1,-1,1,1,1,1,-1,-1,-1,-1,1,1,-1,-1,-1,-1,-1,1,1,1,-1,-1,-1,-1,1,1,-1,-1,-1,-1,-1,1,1,-1,1,-1,-1,-1,1,1,-1,1,-1,-1,-1,1,1,-1,1,-1,-1,-1,-1,1,1,-1,-1,-1,-1,1,-1,1,-1,1,-1,-1,1,1,1,1,-1,-1,-1,1,-1,1,-1,-1,-1,-1,1,1,-1,1,-1,-1,1,-1,-1,1,-1,-1,-1,1,1,1,1,1,-1,-1,1,1,-1,1,1,-1,-1,1,1,-1,1,1,-1,-1,-1,1,-1,1,1,-1,-1,1,1,-1,1,1,-1,1,1,1,-1,-1,1,1,-1,-1,1,-1,1,1,-1,1,-1,1,-1,1,1,-1,1,1,1,-1,-1,1,-1,-1,1,1,-1,1,-1,1,1,1,1,-1,1,1,-1,1,1,-1,1,-1,-1,-1,1,1,-1,-1,1,-1,-1,1,1,-1,-1,-1,1,-1,1,1,1,1,-1,1,-1,1,1,1,1,-1,-1,-1,-1,1,-1,1,-1,-1,-1,1,1,-1,1,1,-1,-1,-1,1,1,1,-1,-1,-1,1,1,-1,1,1,-1,-1,1,1,-1,1,-1,-1,-1,1,-1,1,1,-1,-1,-1,1,-1,1,1,-1,-1,1,-1,1,-1,1,-1,1,1,-1,1,-1,1,-1,1,1,1,-1,1,1,-1,-1,1,1,-1,1,-1,-1,-1,1,1,1,1,-1,-1,1,-1,1,1,1,-1,-1,1,1,1,-1,1,1,-1,1,-1,1,-1,-1,1,-1,-1,1,1,-1,1,-1,-1,1,1,1,-1,1,1,-1,1,-1,1,-1,1,-1,1,1,-1,1,-1,1,-1,1,1,-1,-1,1,1,-1,-1,1,-1,1,-1,-1,1,-1,1,1,-1,-1,1,-1,-1,1,1,-1,1,-1,1,-1,-1,1,-1,-1,1,-1,-1,-1,1,-1,1,-1,1,1,-1,1,-1,-1,-1,-1,-1,-1,1,-1,-1,1,1,-1,-1,1,-1,1,-1,-1,1,-1,1,-1,-1,1,1,-1,-1,-1,1,-1,-1,-1,1,-1,1,-1,-1,1,1,-1,-1,-1,1,-1,1,1,-1,-1,-1,-1,-1,-1,-1,1,-1,-1,1,-1,1,1,1,1,-1,-1,1,-1,-1,1,-1,-1,-1,-1,-1,1,-1,1,-1,-1,-1,-1,1,-1,1,-1,-1,-1,-1,1,1,1,-1,-1,-1,-1,1,-1,1,-1,-1,-1,-1,1,1,-1,1,1,-1,-1,1,1,1,1,-1,1,1,-1,-1,1,-1,1,1,-1,1,-1,1,-1,1,-1,-1,-1,1,1,-1,1,1,-1,1,-1,1,-1,1,1,-1,1,-1,1,-1,-1,-1,-1,1,-1,1,-1,-1,-1,-1,1,-1,1,-1,1,1,1,1,-1,1,-1,1,1,-1,1,-1,1,-1,-1,1,-1,1,-1,-1,1,1,1,1,1,-1,1,1,1,1,-1,1,-1,-1,1,1,1,-1,-1,-1,1,1,1,1,-1,-1,-1,1,-1,1,1,1,1,-1,-1,1,1,-1,-1,1,-1,-1,1,1,-1,1,1,1,-1,1,1,1,1,-1,1,-1,1,-1,1,-1,1,1,-1,1,1,1,1,1,1,-1,1,-1,1,-1,1,1,-1,1,1,-1,1,1,1,-1,1,1,1,1,1,1,-1,1,1,-1,-1,1,-1,-1,1,1,1,-1,1,-1,-1,1,-1,-1,1,1,-1,-1,1,-1,1,-1,1,1,-1,1,-1,1,-1,1,-1,-1,1,-1,1,-1,1,1,-1,1,-1,1,-1,1,1,-1,1,-1,1,-1,1,1,-1,1,1,1,1,1,-1,1,1,-1,1,1,1,1,-1,1,-1,1,-1,1,1,-1,1,1,-1,1,1,1,-1,1,1,-1,1,1,1,1,1,-1,-1,1,1,1,1,1,-1,1,-1,1,1,1,1,-1,-1,1,1,1,1,1,1,-1,1,-1,1,1,1,-1,1,1,1,1,1,1,1,-1,1,1,1,1,1,-1,1,1,1,1,-1,1,-1,1,1,1,1,1,1,1,-1,1,1,1,1,1,-1,-1,1,-1,1,1,1,-1,1,1,1,1,1,-1,-1,1,1,1,1,1,1,-1,1,1,-1,1,1,-1,1,1,1,1,1,1,-1,-1,1,1,1,1,-1,1,-1,1,1,1,1,-1,-1,-1,1,1,1,1,-1,1,-1,1,1,1,1,1,-1,-1,1,1,-1,1,1,-1,-1,1,1,-1,1,-1,-1,-1,1,-1,-1,1,1,-1,1,1,1,-1,1,1,-1,-1,1,1,-1,1,1,-1,1,1,1,-1,1,1,-1,1,-1,1,1,1,1,-1,1,-1,1,1,1,-1,1,1,1,1,1,1,-1,-1,1,1,1,1,-1,1,-1,1,1,1,-1,1,1,-1,1,1,1,-1,1,-1,-1,1,-1,1,-1,1,-1,1,-1,1,1,1,1,-1,1,1,1,1,-1,1,-1,-1,1,1,-1,-1,1,1,-1,-1,-1,1,1,-1,-1,-1,-1,-1,1,1,-1,-1,1,1,1,1,1,-1,-1,1,1,1,1,-1,1,-1,1,-1,1,-1,-1,1,-1,-1,-1,-1,1,-1,-1,-1,1,-1,1,1,1,-1,1,1,-1,-1,1,-1,-1,-1,1,-1,1,-1,1,1,-1,1,-1,1,1,1,-1,-1,1,-1,1,1,1,1,-1,1,-1,1,-1,-1,-1,-1,1,-1,-1,1,1,-1,-1,-1,-1,1,1,-1,1,-1,1,1,-1,1,-2670.0,1,2000,445,1500,True
950,-1,-1,1,1,1,1,-1,1,-1,-1,-1,1,-1,1,-1,-1,1,-1,1,1,-1,1,-1,-1,-1,1,-1,-1,-1,-1,-1,-1,1,1,-1,1,1,-1,-1,-1,1,-1,1,-1,-1,-1,-1,-1,1,-1,1,-1,1,-1,1,-1,-1,1,-1,-1,-1,1,1,1,-1,-1,-1,-1,-1,-1,1,-1,-1,-1,-1,-1,-1,1,-1,-1,-1,1,1,-1,-1,-1,-1,-1,-1,1,-1,-1,-1,-1,-1,-1,-1,1,-1,1,-1,-1,-1,-1,1,-1,-1,-1,-1,-1,-1,1,-1,1,-1,-1,-1,-1,1,-1,-1,-1,-1,-1,-1,1,-1,-1,1,-1,-1,-1,1,-1,-1,1,-1,-1,-1,-1,-1,-1,1,-1,-1,-1,1,-1,-1,-1,-1,-1,-1,-1,1,-1,-1,1,-1,-1,1,-1,-1,-1,-1,-1,1,1,1,-1,-1,-1,-1,-1,1,-1,-1,1,-1,-1,1,-1,1,-1,-1,-1,-1,1,1,-1,-1,1,-1,-1,1,1,1,-1,1,-1,-1,1,1,1,-1,1,-1,-1,-1,1,1,-1,1,-1,1,1,1,1,1,1,-1,1,1,1,1,1,-1,1,-1,-1,1,1,-1,1,-1,1,-1,1,1,1,1,-1,1,1,1,1,1,1,-1,-1,1,1,1,1,-1,1,1,1,1,1,1,1,-1,1,-1,-1,1,-1,-1,-1,1,1,-1,1,1,-1,-1,1,1,-1,-1,-1,1,-1,1,-1,1,1,1,1,-1,1,1,1,-1,1,1,-1,-1,1,-1,-1,-1,-1,-1,1,1,-1,-1,1,1,-1,-1,1,-1,-1,-1,-1,-1,1,1,-1,-1,1,-1,-1,1,1,-1,1,1,1,-1,1,-1,1,-1,-1,-1,-1,1,-1,1,-1,-1,-1,1,-1,1,-1,1,-1,-1,1,1,1,-1,-1,-1,1,1,1,-1,1,1,-1,-1,1,1,-1,1,1,-1,-1,1,1,1,1,1,-1,-1,-1,1,1,1,1,-1,1,1,1,-1,1,1,1,1,-1,1,-1,-1,-1,1,-1,1,1,-1,1,1,1,-1,1,1,-1,1,1,1,-1,1,-1,-1,1,1,-1,1,-1,1,-1,1,1,-1,1,-1,-1,1,1,1,1,1,-1,1,-1,-1,-1,1,1,1,-1,-1,1,1,1,-1,1,-1,1,-1,-1,1,-1,1,-1,-1,1,1,1,-1,1,-1,1,-1,-1,1,1,1,-1,-1,-1,1,1,1,1,-1,-1,1,-1,1,1,-1,-1,1,-1,1,-1,1,1,-1,-1,1,-1,1,-1,-1,1,-1,-1,1,1,-1,1,-1,-1,1,-1,1,-1,-1,1,-1,1,1,1,-1,-1,-1,-1,-1,1,1,-1,-1,1,-1,1,-1,1,1,-1,-1,1,-1,1,-1,1,-1,-1,1,-1,-1,-1,1,-1,-1,-1,-1,1,-1,1,-1,-1,1,-1,-1,1,1,-1,-1,-1,-1,-1,1,1,-1,-1,-1,1,-1,-1,1,1,1,-1,1,-1,1,-1,1,-1,1,-1,1,1,-1,1,-1,1,1,-1,1,-1,1,-1,1,1,1,-1,-1,1,-1,-1,1,1,1,-1,1,-1,1,1,-1,1,-1,1,-1,1,1,1,1,-1,1,1,1,1,1,1,-1,-1,-1,-1,1,-1,1,-1,1,-1,-1,1,1,1,-1,-1,1,-1,1,-1,1,1,-1,-1,-1,-1,1,1,-1,1,1,-1,1,1,1,1,-1,1,-1,1,1,1,-1,1,-1,-1,-1,1,1,-1,1,-1,-1,1,-1,1,-1,1,1,-1,-1,1,1,-1,1,-1,-1,1,1,1,1,1,1,-1,-1,1,1,-1,1,-1,-1,1,1,1,1,1,1,-1,-1,1,1,-1,1,1,-1,1,1,1,1,-1,1,1,-1,1,1,1,1,1,-1,1,1,1,-1,1,1,1,-1,1,-1,-1,1,1,1,-1,1,1,-1,1,1,-1,1,1,-1,-1,1,1,-1,1,1,1,-1,1,-1,1,-1,1,-1,1,-1,1,-1,-1,1,1,-1,1,1,-1,1,1,1,-1,1,-1,1,-1,1,1,-1,1,1,1,1,1,-1,1,1,-1,1,1,1,1,-1,1,-1,1,-1,1,1,-1,1,1,-1,1,1,1,-1,1,1,-1,1,1,1,1,1,-1,-1,1,1,1,1,1,-1,1,-1,1,1,1,1,-1,-1,1,1,1,1,1,1,-1,1,-1,1,1,1,-1,1,1,1,1,1,1,1,-1,1,1,-1,1,1,-1,1,1,1,1,1,1,-1,1,1,1,1,1,1,1,-1,1,1,1,1,1,-1,-1,1,-1,1,1,1,-1,1,1,1,1,1,-1,-1,1,1,1,1,1,1,-1,1,1,-1,1,1,-1,1,1,1,1,1,1,-1,-1,1,1,1,1,-1,1,-1,1,1,1,1,-1,-1,-1,1,1,1,1,-1,1,-1,1,1,1,1,1,-1,-1,1,1,-1,1,1,-1,-1,1,1,-1,1,-1,-1,-1,1,-1,-1,1,1,-1,1,1,1,-1,1,1,-1,-1,1,1,-1,1,1,-1,1,1,1,-1,1,1,-1,1,-1,1,1,1,1,-1,1,-1,1,1,1,-1,1,1,1,1,1,1,-1,-1,1,1,1,1,-1,1,-1,1,1,1,-1,1,1,-1,1,1,1,-1,1,-1,-1,1,-1,1,-1,1,-1,1,-1,1,1,1,1,-1,1,1,1,-1,-1,1,-1,1,-1,1,-1,-1,1,1,-1,1,-1,1,1,1,-1,-1,-1,-1,1,1,1,-1,1,1,1,1,1,-1,-1,1,1,1,1,-1,1,-1,1,-1,1,1,1,-1,-1,1,-1,-1,-1,-1,-1,-1,1,-1,1,1,1,-1,1,1,-1,-1,1,1,1,-1,1,-1,1,1,1,1,-1,1,-1,1,1,1,1,-1,1,-1,1,1,1,1,-1,1,-1,1,-1,1,-1,-1,1,-1,-1,1,1,-1,-1,-1,-1,1,1,-1,1,-1,1,1,-1,1,-2670.0,1,2000,445,1500,True
951,-1,-1,1,1,1,1,-1,1,-1,-1,-1,1,-1,1,-1,-1,1,-1,1,1,-1,-1,-1,-1,-1,1,-1,-1,-1,-1,-1,-1,1,1,-1,-1,1,-1,-1,-1,1,-1,-1,-1,-1,-1,-1,-1,1,1,-1,-1,1,-1,1,-1,-1,1,-1,-1,-1,1,1,1,-1,-1,-1,-1,-1,-1,-1,1,-1,-1,-1,-1,-1,-1,1,-1,-1,1,1,-1,1,-1,-1,-1,-1,1,-1,-1,-1,-1,-1,-1,-1,1,1,1,-1,-1,-1,-1,1,1,1,-1,-1,-1,-1,1,1,1,-1,-1,-1,-1,1,1,1,-1,-1,-1,-1,1,1,1,1,-1,-1,-1,1,1,1,1,-1,-1,-1,-1,1,1,1,-1,-1,-1,1,1,1,1,-1,-1,-1,-1,-1,1,1,1,-1,-1,1,1,1,1,-1,-1,1,1,-1,1,-1,-1,-1,-1,1,1,1,1,-1,-1,1,-1,-1,1,-1,-1,-1,1,1,1,1,1,-1,-1,1,1,-1,1,1,-1,1,-1,1,-1,1,1,-1,-1,-1,1,-1,1,1,-1,-1,1,1,-1,1,1,-1,1,1,1,-1,-1,1,1,-1,-1,1,-1,1,1,-1,1,-1,1,-1,1,1,-1,1,1,1,-1,-1,1,-1,-1,1,1,-1,1,-1,1,1,1,1,-1,1,1,-1,1,1,-1,1,-1,-1,-1,1,1,-1,-1,1,1,-1,1,1,-1,-1,-1,1,-1,1,-1,1,1,-1,1,-1,1,1,1,1,-1,-1,-1,-1,1,-1,1,-1,-1,-1,1,1,-1,1,1,-1,-1,-1,1,1,1,-1,-1,-1,1,1,-1,1,1,-1,-1,1,1,-1,1,-1,-1,-1,1,1,1,1,-1,-1,-1,1,-1,1,1,-1,-1,1,-1,-1,1,1,-1,1,1,1,1,-1,1,-1,1,1,1,-1,1,1,-1,-1,1,1,-1,1,-1,-1,-1,1,1,-1,1,-1,-1,1,-1,1,-1,1,-1,-1,1,-1,1,-1,1,1,-1,1,-1,1,1,-1,1,-1,-1,1,1,-1,1,-1,-1,1,1,-1,-1,1,1,-1,1,-1,1,-1,1,-1,1,1,-1,1,1,1,-1,1,1,-1,1,-1,1,-1,-1,1,-1,1,1,1,1,-1,1,1,1,1,1,-1,-1,1,-1,-1,1,-1,1,-1,-1,1,-1,1,-1,-1,-1,-1,1,-1,1,-1,1,1,-1,1,-1,1,1,-1,-1,-1,1,-1,-1,1,1,-1,-1,1,-1,1,1,-1,1,-1,1,-1,-1,1,1,-1,-1,-1,-1,1,1,-1,1,-1,1,-1,1,-1,1,-1,-1,-1,-1,1,-1,1,-1,-1,-1,-1,1,-1,-1,1,-1,-1,-1,1,-1,1,1,1,-1,-1,1,-1,-1,1,-1,-1,-1,1,1,1,-1,1,-1,-1,-1,-1,1,-1,1,-1,-1,1,-1,1,1,1,-1,-1,-1,1,1,-1,1,-1,-1,-1,1,1,1,-1,1,1,-1,1,1,1,1,1,-1,1,-1,-1,-1,1,-1,-1,1,-1,1,-1,1,-1,1,-1,-1,-1,1,1,-1,1,1,-1,1,-1,1,-1,1,1,-1,1,-1,1,-1,-1,-1,-1,1,-1,1,-1,-1,-1,-1,1,-1,1,-1,1,1,1,-1,-1,1,-1,1,1,-1,1,-1,1,-1,-1,1,-1,1,-1,-1,1,1,1,1,1,-1,1,1,1,1,-1,1,-1,-1,1,1,1,-1,-1,-1,1,1,1,1,-1,-1,-1,1,-1,1,1,1,1,-1,-1,1,1,-1,-1,-1,-1,-1,1,1,-1,1,1,-1,-1,1,1,1,1,1,-1,-1,1,-1,1,-1,1,-1,1,1,1,1,1,1,-1,-1,1,-1,1,-1,1,-1,-1,1,1,-1,1,1,-1,-1,1,1,1,1,1,1,-1,1,1,-1,-1,1,-1,-1,1,1,1,-1,1,-1,-1,1,-1,-1,1,1,-1,-1,1,-1,1,-1,1,1,-1,1,-1,1,-1,1,-1,-1,1,-1,1,1,1,1,-1,1,-1,1,-1,1,1,-1,1,-1,1,-1,1,1,-1,1,1,1,1,1,-1,1,1,-1,1,1,1,1,-1,1,-1,1,-1,1,1,-1,1,1,-1,1,1,1,-1,1,1,-1,1,1,1,1,1,-1,-1,1,1,1,1,1,-1,1,-1,1,1,1,1,1,-1,1,1,1,1,1,1,-1,1,-1,1,1,1,1,1,1,1,1,1,1,1,-1,1,1,-1,1,1,-1,1,1,1,1,-1,1,1,-1,1,1,1,1,1,-1,1,1,1,1,1,1,-1,-1,1,-1,1,1,1,-1,1,1,1,1,1,-1,-1,1,1,1,1,1,1,-1,1,1,-1,1,1,-1,1,1,1,1,1,1,-1,-1,1,1,1,1,-1,1,-1,1,1,1,1,-1,-1,-1,1,1,1,1,-1,1,-1,1,1,1,1,1,-1,-1,1,1,-1,1,1,-1,-1,-1,1,-1,1,-1,-1,-1,1,-1,1,1,1,-1,-1,-1,1,-1,1,1,-1,-1,1,1,-1,1,1,-1,1,1,1,-1,1,1,-1,1,-1,1,1,1,1,-1,1,-1,1,1,1,-1,1,-1,1,1,1,1,-1,-1,1,-1,1,1,-1,1,1,-1,-1,1,-1,1,1,-1,1,-1,1,-1,1,-1,-1,1,-1,1,-1,1,-1,1,-1,-1,-1,1,1,-1,-1,1,-1,-1,-1,1,1,-1,1,-1,-1,-1,1,1,-1,-1,-1,-1,1,1,-1,-1,-1,1,-1,1,1,-1,1,1,-1,1,1,-1,-1,1,1,-1,-1,-1,1,-1,1,1,-1,1,1,-1,-1,-1,-1,1,-1,-1,-1,-1,1,-1,-1,1,1,-1,1,1,-1,1,1,1,1,-1,1,-1,1,1,1,1,-1,1,-1,1,1,1,1,-1,1,-1,-1,1,1,1,-1,1,-1,1,1,1,-1,-1,1,-1,-1,1,1,-1,-1,-1,1,-1,1,1,1,-1,1,-1,-1,1,-2670.0,1,2000,445,1500,True
952,-1,-1,1,1,1,1,-1,1,-1,-1,-1,1,-1,1,-1,-1,1,-1,1,1,-1,-1,-1,-1,-1,1,-1,-1,-1,-1,-1,-1,1,1,-1,-1,1,-1,-1,-1,1,-1,-1,-1,-1,-1,-1,-1,1,1,-1,-1,1,-1,1,-1,-1,1,-1,-1,-1,1,1,1,-1,-1,-1,-1,-1,-1,-1,1,-1,-1,-1,-1,-1,-1,1,-1,-1,1,1,-1,1,-1,-1,-1,-1,1,-1,-1,-1,-1,-1,-1,-1,1,1,1,-1,-1,-1,-1,1,1,-1,-1,-1,-1,-1,1,1,1,-1,-1,-1,-1,1,1,-1,-1,-1,-1,-1,1,1,-1,1,-1,-1,-1,1,1,-1,1,-1,-1,-1,-1,1,-1,1,-1,-1,-1,1,1,1,-1,-1,-1,-1,-1,-1,1,-1,1,-1,-1,1,1,1,1,-1,-1,1,1,-1,1,-1,-1,-1,-1,1,1,-1,1,-1,-1,1,-1,-1,1,-1,-1,-1,1,1,1,1,1,-1,-1,1,1,-1,1,1,-1,-1,1,1,-1,1,1,-1,-1,-1,1,-1,1,1,-1,-1,1,1,-1,-1,1,-1,1,1,1,-1,-1,1,1,-1,-1,1,-1,1,1,-1,1,-1,1,-1,1,1,-1,1,1,1,-1,-1,1,-1,-1,1,1,-1,1,-1,-1,1,1,1,-1,1,1,-1,1,-1,-1,1,-1,-1,-1,1,1,-1,-1,1,1,-1,1,1,-1,-1,-1,1,-1,1,-1,1,1,-1,1,-1,1,1,1,1,-1,-1,-1,1,1,-1,1,-1,-1,-1,1,1,-1,1,1,-1,-1,-1,1,-1,1,-1,-1,-1,1,1,-1,1,1,-1,-1,1,1,-1,1,-1,-1,-1,1,-1,-1,1,-1,-1,-1,1,1,-1,1,-1,-1,1,1,-1,1,1,-1,1,1,1,-1,1,1,-1,1,1,1,1,1,1,-1,-1,1,1,1,1,-1,-1,-1,1,1,1,1,-1,-1,1,-1,1,1,1,-1,-1,1,-1,1,-1,1,1,-1,1,-1,1,1,1,1,-1,-1,1,1,1,-1,-1,-1,1,1,-1,-1,1,-1,-1,1,-1,1,-1,1,-1,1,1,-1,1,1,1,-1,1,1,-1,1,-1,1,-1,-1,1,-1,1,1,1,1,-1,1,1,-1,1,1,-1,-1,1,-1,-1,1,-1,1,-1,-1,1,-1,-1,1,-1,-1,-1,1,-1,1,-1,1,1,-1,1,-1,1,1,-1,-1,-1,1,-1,-1,1,1,-1,-1,1,-1,1,1,-1,1,-1,1,-1,-1,1,1,-1,-1,-1,-1,1,1,-1,1,-1,1,-1,1,-1,1,-1,-1,-1,1,1,-1,1,-1,-1,-1,-1,1,-1,-1,1,-1,-1,-1,1,-1,1,1,1,-1,-1,1,-1,-1,1,-1,-1,-1,1,-1,1,-1,1,-1,-1,1,-1,1,-1,1,-1,-1,1,-1,1,1,1,-1,-1,-1,1,1,-1,1,-1,-1,1,1,1,1,-1,1,1,-1,1,1,1,1,1,1,1,-1,-1,-1,1,-1,1,1,1,1,-1,1,-1,1,-1,-1,-1,1,1,-1,1,1,-1,1,-1,1,-1,1,1,-1,1,-1,1,-1,-1,-1,-1,1,-1,1,-1,-1,-1,-1,1,-1,1,-1,1,1,1,-1,-1,1,-1,1,1,-1,1,-1,1,-1,-1,1,-1,1,-1,-1,1,1,1,1,1,-1,1,1,1,1,-1,1,-1,-1,1,1,1,-1,-1,-1,1,1,1,1,-1,-1,-1,1,-1,1,1,1,1,-1,-1,1,1,-1,-1,1,-1,-1,1,1,-1,1,1,1,-1,1,1,1,1,-1,1,-1,1,-1,1,-1,1,1,-1,1,1,1,1,1,1,-1,1,-1,1,-1,1,1,-1,1,1,-1,1,1,1,-1,1,1,1,1,1,1,-1,1,1,-1,-1,1,-1,-1,1,1,1,-1,1,-1,-1,1,-1,-1,1,1,-1,-1,1,-1,1,-1,1,1,-1,1,-1,1,-1,1,-1,-1,1,-1,1,1,1,1,-1,1,-1,1,-1,1,1,-1,1,-1,1,-1,1,1,-1,1,1,1,1,1,-1,1,1,-1,1,1,1,1,-1,1,-1,1,-1,1,1,-1,1,1,-1,1,1,1,-1,1,1,-1,1,1,1,1,1,-1,-1,1,1,1,1,1,-1,1,-1,1,1,1,1,1,-1,1,1,1,1,1,1,-1,1,1,1,1,1,1,1,1,1,1,1,1,1,-1,1,1,1,1,1,-1,1,1,1,1,1,1,1,-1,1,1,1,1,1,-1,1,1,1,1,1,1,-1,-1,1,-1,1,1,1,-1,1,1,1,1,1,-1,-1,1,1,1,1,1,1,-1,1,1,-1,1,1,-1,1,1,1,1,1,1,-1,-1,1,1,1,1,-1,-1,-1,1,1,1,1,-1,-1,-1,1,1,1,1,-1,1,-1,1,1,1,1,1,-1,-1,1,1,-1,1,1,-1,-1,1,1,-1,1,-1,-1,-1,1,-1,-1,1,1,-1,-1,-1,1,-1,1,1,-1,-1,1,-1,-1,1,1,-1,-1,1,1,-1,1,1,-1,-1,-1,-1,1,1,1,-1,1,-1,1,1,1,-1,-1,1,1,-1,1,1,-1,-1,1,-1,1,1,-1,1,-1,-1,-1,1,-1,1,-1,1,-1,-1,-1,-1,1,1,-1,-1,-1,1,-1,1,-1,1,-1,-1,-1,1,1,-1,1,-1,-1,-1,-1,1,-1,1,-1,1,-1,-1,1,1,-1,1,-1,-1,1,1,-1,-1,1,1,-1,1,1,-1,1,-1,-1,1,1,-1,-1,1,-1,-1,-1,-1,1,-1,1,1,-1,1,1,-1,-1,-1,-1,1,-1,-1,-1,-1,1,-1,-1,1,1,-1,1,1,-1,1,1,1,1,-1,1,-1,1,1,1,1,-1,1,-1,-1,1,1,1,-1,1,-1,1,1,1,1,-1,1,-1,1,1,1,-1,-1,1,-1,-1,1,1,-1,-1,-1,1,-1,1,-1,1,-1,1,-1,-1,1,-2670.0,1,2000,445,1500,True
953,-1,-1,1,1,1,1,-1,1,-1,-1,-1,1,-1,1,-1,-1,1,-1,1,1,1,-1,-1,-1,-1,1,-1,-1,-1,-1,-1,-1,1,1,-1,-1,1,-1,-1,-1,1,-1,-1,-1,-1,-1,-1,-1,1,1,-1,-1,1,-1,1,-1,-1,1,-1,-1,-1,1,1,1,-1,-1,-1,-1,-1,-1,-1,1,-1,-1,-1,-1,1,-1,1,-1,-1,1,1,-1,1,-1,-1,1,-1,1,-1,-1,1,-1,-1,-1,-1,1,1,1,-1,1,-1,-1,1,1,1,-1,-1,-1,-1,1,1,1,-1,1,-1,-1,1,1,1,-1,-1,-1,-1,-1,1,1,-1,1,-1,-1,1,1,1,-1,-1,-1,-1,1,1,1,-1,1,1,-1,1,1,1,1,1,-1,-1,1,-1,1,1,1,1,-1,1,1,1,1,-1,1,-1,1,-1,1,1,1,-1,-1,1,1,1,-1,1,-1,1,-1,-1,1,1,1,-1,-1,1,1,1,-1,1,-1,1,1,-1,1,-1,1,1,-1,1,-1,1,-1,1,-1,-1,1,-1,1,-1,1,-1,-1,1,-1,1,-1,1,1,-1,-1,-1,-1,1,1,-1,-1,1,-1,1,1,-1,1,-1,-1,-1,1,-1,1,-1,1,-1,-1,-1,1,1,-1,1,-1,-1,1,1,1,1,1,-1,-1,1,-1,-1,1,-1,-1,1,-1,1,-1,1,-1,-1,-1,1,1,1,1,-1,-1,-1,-1,-1,1,-1,1,-1,1,-1,-1,1,1,1,-1,1,-1,1,1,-1,1,-1,1,-1,1,1,1,-1,-1,1,1,-1,1,1,1,-1,1,-1,-1,1,-1,1,-1,1,1,-1,1,1,1,-1,1,-1,-1,1,1,-1,-1,1,-1,-1,1,1,-1,-1,1,-1,-1,1,-1,1,-1,1,-1,1,-1,1,1,-1,1,-1,1,1,1,-1,1,1,-1,1,1,1,-1,1,-1,-1,1,1,1,-1,1,-1,-1,1,-1,1,1,1,-1,-1,1,-1,1,-1,1,1,-1,1,-1,1,-1,1,1,-1,-1,1,1,-1,1,-1,-1,1,1,-1,-1,1,1,-1,1,-1,1,-1,1,-1,1,1,-1,1,-1,1,-1,1,1,-1,-1,1,1,-1,-1,1,-1,1,-1,-1,1,-1,1,1,-1,-1,1,-1,-1,1,-1,-1,1,-1,1,-1,-1,1,-1,-1,1,-1,-1,-1,1,-1,1,-1,1,-1,-1,1,-1,-1,-1,-1,-1,-1,1,-1,-1,1,1,-1,-1,1,-1,1,-1,-1,1,-1,1,-1,-1,1,1,-1,-1,-1,-1,-1,-1,-1,-1,-1,1,-1,-1,1,1,-1,-1,-1,1,-1,1,1,-1,-1,-1,-1,-1,-1,-1,-1,-1,-1,1,-1,1,1,-1,-1,-1,-1,1,-1,-1,1,-1,-1,-1,1,-1,1,-1,-1,-1,-1,-1,-1,1,-1,1,-1,-1,1,-1,1,1,1,-1,-1,-1,-1,1,-1,1,-1,-1,-1,1,1,1,-1,1,1,-1,1,1,1,1,1,1,1,-1,-1,-1,1,-1,1,1,-1,1,-1,1,-1,1,-1,-1,-1,1,1,-1,1,1,-1,1,-1,1,-1,1,1,-1,1,-1,1,-1,-1,-1,-1,1,-1,1,-1,-1,-1,-1,1,-1,1,-1,1,1,1,1,-1,1,-1,1,1,-1,1,-1,1,-1,-1,1,-1,1,-1,-1,1,1,1,1,1,-1,1,1,1,1,-1,1,-1,-1,1,1,1,-1,-1,-1,1,1,1,1,-1,-1,-1,1,-1,1,-1,1,1,-1,-1,1,1,1,-1,-1,-1,-1,1,1,1,1,1,-1,-1,1,1,1,1,-1,-1,-1,1,-1,1,-1,1,-1,-1,1,1,1,1,1,-1,-1,1,-1,1,1,1,-1,-1,1,1,-1,1,1,-1,-1,1,1,1,1,1,-1,1,-1,1,-1,1,1,1,1,-1,1,1,1,1,-1,1,1,-1,1,-1,1,1,-1,1,-1,1,-1,1,-1,1,-1,-1,1,-1,1,1,-1,1,-1,1,1,1,1,-1,1,-1,1,1,1,1,1,1,-1,1,-1,1,1,-1,-1,-1,1,1,1,1,1,1,-1,1,1,1,1,1,-1,1,-1,1,1,1,-1,-1,-1,-1,1,1,-1,1,-1,1,-1,1,1,1,-1,-1,-1,-1,1,1,-1,-1,-1,-1,1,-1,1,1,-1,-1,1,-1,1,1,-1,-1,-1,1,-1,1,1,-1,-1,-1,1,1,1,1,-1,1,-1,1,-1,1,1,1,-1,-1,-1,1,1,1,1,-1,-1,1,-1,1,1,-1,1,-1,-1,1,1,1,1,-1,-1,-1,-1,1,-1,1,-1,1,-1,1,1,1,1,-1,1,-1,1,1,1,1,1,1,-1,1,1,-1,1,1,-1,1,1,1,1,-1,1,-1,-1,1,-1,1,1,-1,1,-1,1,1,1,-1,1,-1,-1,1,1,1,1,-1,1,-1,1,1,1,1,1,-1,-1,1,1,-1,1,1,-1,-1,1,1,-1,1,-1,-1,-1,1,-1,1,1,1,-1,1,1,1,-1,1,1,-1,-1,1,1,-1,1,1,-1,1,1,1,-1,1,1,-1,1,-1,1,1,1,1,-1,1,-1,1,1,1,-1,1,1,1,1,1,1,1,1,-1,1,1,1,-1,1,1,1,1,1,-1,1,1,-1,1,1,1,-1,1,1,1,1,-1,1,-1,1,1,1,-1,1,1,1,1,-1,1,1,1,-1,-1,1,1,1,-1,1,-1,-1,1,1,-1,1,-1,1,1,-1,1,1,-1,-1,1,1,1,-1,1,1,1,1,1,-1,1,1,1,1,1,-1,-1,1,1,-1,1,1,1,-1,1,1,-1,-1,-1,-1,-1,1,1,-1,1,1,1,-1,1,1,-1,-1,1,-1,-1,1,1,-1,1,1,1,-1,1,1,-1,1,1,1,-1,-1,1,-1,1,1,1,-1,-1,1,-1,1,-1,-1,-1,-1,1,-1,-1,1,1,-1,-1,1,-1,1,1,-1,1,-1,1,1,-1,1,-2670.0,1,2000,445,1500,True
954,1,1,-1,-1,1,1,-1,-1,1,1,1,-1,1,1,1,1,-1,1,-1,-1,-1,-1,1,1,1,-1,1,-1,1,1,1,1,-1,-1,-1,-1,1,-1,1,1,-1,-1,-1,1,1,1,1,-1,1,1,1,1,-1,1,-1,-1,1,-1,1,1,1,-1,-1,-1,1,1,1,1,-1,-1,-1,1,1,1,1,-1,-1,-1,1,1,1,-1,-1,-1,1,1,1,1,-1,-1,-1,1,1,1,1,-1,-1,1,1,-1,1,1,-1,-1,1,1,1,1,1,-1,-1,-1,1,-1,1,1,-1,-1,1,1,1,1,1,1,-1,-1,1,1,-1,1,1,-1,1,1,1,1,1,1,-1,1,1,1,1,1,1,-1,1,1,1,1,1,1,-1,-1,-1,1,1,1,1,-1,1,1,1,1,-1,1,-1,1,-1,1,1,1,-1,-1,1,1,1,1,1,-1,1,-1,-1,1,1,1,-1,1,1,1,1,-1,1,1,1,1,1,1,-1,1,-1,1,1,-1,1,-1,1,1,-1,1,-1,1,-1,1,-1,1,1,-1,1,-1,1,1,1,1,-1,-1,1,1,-1,-1,1,-1,1,-1,1,1,-1,1,-1,1,-1,1,-1,-1,1,-1,-1,-1,1,1,-1,1,-1,1,1,1,-1,1,1,-1,1,-1,1,-1,1,-1,1,-1,1,1,-1,1,-1,-1,-1,1,1,-1,1,-1,-1,-1,1,1,-1,-1,1,1,-1,-1,1,1,-1,1,1,-1,1,1,1,1,-1,1,-1,1,1,-1,1,-1,1,1,-1,1,1,1,1,1,-1,-1,1,-1,-1,-1,1,1,-1,1,1,1,-1,1,-1,-1,1,1,1,1,1,-1,1,1,1,-1,1,1,-1,1,1,1,-1,1,1,-1,-1,1,1,1,-1,1,-1,1,1,1,-1,1,1,-1,1,1,1,-1,1,-1,-1,1,1,1,-1,1,-1,-1,-1,1,1,-1,1,-1,-1,1,-1,1,-1,1,1,-1,-1,1,1,1,-1,1,-1,-1,1,1,-1,1,-1,-1,-1,-1,-1,-1,1,1,-1,-1,1,1,-1,1,-1,-1,-1,1,1,1,1,-1,-1,1,1,1,-1,1,-1,-1,-1,-1,1,1,-1,1,-1,-1,1,-1,1,-1,-1,-1,1,-1,-1,1,-1,1,-1,-1,1,-1,1,-1,-1,-1,1,1,-1,1,-1,1,-1,-1,1,-1,1,-1,-1,-1,-1,1,-1,-1,1,1,-1,-1,1,-1,1,1,-1,1,-1,1,-1,1,-1,1,-1,-1,1,-1,1,-1,-1,-1,1,1,-1,1,-1,1,-1,1,-1,1,1,-1,1,-1,1,-1,-1,1,-1,-1,-1,1,-1,1,-1,1,1,-1,1,-1,-1,1,-1,-1,1,-1,1,-1,1,-1,1,-1,1,1,-1,-1,-1,1,-1,1,-1,-1,1,-1,1,1,1,1,-1,-1,1,1,-1,1,1,1,-1,1,1,1,-1,1,1,-1,1,1,1,1,-1,-1,1,-1,-1,-1,1,-1,-1,1,1,1,-1,1,-1,1,-1,-1,-1,1,1,-1,1,1,-1,-1,-1,1,-1,1,1,-1,1,-1,1,-1,-1,-1,-1,-1,-1,1,-1,-1,-1,-1,-1,-1,1,-1,1,1,1,1,-1,1,-1,1,1,-1,-1,-1,1,-1,-1,1,-1,1,-1,-1,1,1,1,1,-1,-1,1,1,1,1,-1,1,-1,-1,1,1,1,-1,-1,-1,1,1,1,1,-1,1,-1,1,-1,1,-1,1,1,-1,-1,1,1,1,-1,-1,-1,1,1,1,1,1,-1,-1,-1,1,1,1,1,-1,-1,-1,1,1,1,-1,-1,-1,1,1,1,1,1,-1,-1,-1,1,1,1,1,-1,-1,-1,1,1,-1,1,-1,-1,-1,1,1,1,1,-1,-1,1,1,1,1,-1,-1,1,1,-1,1,1,-1,-1,-1,1,1,1,1,1,-1,1,1,1,1,1,-1,-1,-1,1,-1,1,-1,-1,-1,-1,1,-1,1,1,1,-1,-1,1,-1,1,1,-1,1,-1,1,1,1,1,-1,1,1,-1,-1,1,1,-1,-1,-1,1,1,-1,-1,-1,-1,-1,1,-1,1,-1,-1,-1,-1,1,-1,-1,1,-1,-1,-1,1,-1,-1,1,-1,-1,-1,-1,-1,-1,1,-1,-1,-1,-1,-1,1,-1,-1,-1,1,-1,-1,1,-1,1,-1,-1,-1,-1,-1,-1,-1,1,-1,-1,-1,1,1,1,-1,-1,-1,1,-1,-1,-1,-1,1,-1,-1,1,1,1,-1,-1,-1,-1,1,-1,1,1,-1,1,-1,-1,1,1,-1,-1,-1,-1,-1,-1,1,1,-1,-1,1,-1,1,1,-1,-1,-1,1,-1,1,1,-1,-1,1,-1,-1,1,1,1,-1,1,-1,1,1,1,-1,-1,1,-1,-1,1,1,1,-1,1,-1,-1,1,1,-1,1,1,-1,-1,1,1,-1,1,1,-1,-1,1,1,-1,1,1,-1,-1,1,1,1,1,-1,1,-1,1,1,1,1,1,-1,-1,1,-1,1,1,1,1,-1,-1,1,-1,1,1,1,-1,1,1,1,1,-1,1,-1,1,1,1,1,1,1,1,-1,1,1,1,1,-1,1,-1,1,1,1,1,1,-1,1,1,1,1,-1,1,1,-1,1,1,-1,1,1,-1,-1,1,1,1,1,-1,1,-1,1,1,1,-1,-1,1,-1,1,1,1,-1,1,-1,-1,-1,1,1,-1,-1,1,-1,-1,1,1,1,-1,1,-1,1,-1,1,1,-1,1,-1,-1,1,1,-1,-1,-1,1,1,-1,1,-1,1,1,-1,1,1,-1,-1,1,1,-1,-1,1,1,-1,1,1,1,1,1,-1,-1,-1,-1,1,-1,-1,-1,-1,-1,1,1,1,1,-1,1,1,-1,1,1,1,1,-1,1,-1,1,1,1,-1,-1,1,-1,1,1,1,-1,-1,1,-1,1,1,1,-1,-1,1,-1,1,1,1,1,-1,1,-1,1,1,1,-1,-1,-1,1,-1,1,-1,1,-1,1,-1,1,1,-2670.0,1,2000,445,500,False
955,-1,-1,1,1,1,1,-1,1,-1,-1,-1,1,-1,1,-1,-1,1,-1,1,1,-1,1,-1,-1,-1,1,-1,-1,1,-1,-1,-1,1,1,-1,1,1,-1,-1,-1,1,-1,1,-1,-1,-1,-1,-1,1,-1,-1,-1,1,-1,1,-1,-1,1,-1,-1,-1,1,1,1,-1,-1,-1,-1,-1,-1,1,-1,-1,-1,-1,-1,-1,1,-1,-1,-1,1,1,-1,-1,-1,-1,-1,-1,1,-1,-1,-1,-1,-1,-1,-1,1,-1,1,-1,-1,-1,-1,1,-1,-1,-1,-1,-1,-1,1,-1,-1,-1,-1,-1,-1,1,-1,-1,-1,-1,-1,-1,1,-1,-1,1,-1,-1,-1,-1,-1,-1,-1,-1,-1,-1,-1,-1,-1,-1,-1,-1,-1,1,-1,-1,-1,-1,-1,-1,-1,1,-1,-1,1,-1,-1,-1,-1,-1,-1,1,-1,1,-1,1,-1,-1,-1,-1,-1,-1,-1,-1,-1,-1,-1,-1,1,1,-1,1,-1,-1,-1,-1,-1,-1,1,-1,-1,-1,-1,1,-1,1,1,-1,1,-1,1,-1,1,-1,-1,-1,-1,1,-1,1,1,-1,-1,-1,1,1,1,-1,1,-1,-1,1,1,-1,1,-1,-1,-1,1,-1,1,-1,1,-1,-1,1,1,1,-1,1,1,-1,1,1,1,-1,-1,1,-1,1,1,-1,1,1,-1,-1,1,1,1,-1,1,-1,-1,1,-1,-1,-1,1,-1,1,1,1,-1,-1,1,-1,1,1,-1,1,-1,1,-1,-1,1,1,1,-1,1,1,-1,1,1,-1,-1,-1,1,1,1,-1,-1,-1,1,1,-1,1,1,1,-1,-1,1,1,1,-1,-1,-1,1,1,1,-1,1,-1,-1,1,-1,1,1,-1,-1,-1,1,-1,1,1,-1,-1,-1,1,1,-1,1,-1,-1,1,-1,-1,1,1,-1,1,1,1,1,-1,1,-1,1,1,1,-1,1,1,-1,-1,1,1,-1,1,-1,-1,-1,1,1,-1,1,-1,-1,1,-1,1,1,1,-1,-1,1,-1,1,-1,1,1,-1,1,-1,1,-1,-1,1,-1,-1,1,1,-1,1,-1,-1,1,1,-1,-1,1,1,-1,1,-1,1,-1,1,-1,1,1,-1,1,-1,1,-1,1,1,-1,-1,1,1,-1,-1,1,-1,1,1,1,1,-1,1,1,-1,-1,1,-1,-1,1,-1,-1,1,-1,1,-1,-1,1,-1,-1,1,-1,-1,-1,1,-1,1,-1,1,-1,1,-1,-1,-1,-1,-1,-1,-1,1,-1,-1,1,1,-1,-1,1,-1,1,-1,-1,1,-1,1,-1,-1,1,1,-1,-1,-1,-1,-1,-1,-1,1,-1,1,-1,-1,1,1,-1,-1,-1,1,-1,1,1,-1,-1,-1,-1,-1,-1,-1,-1,-1,-1,1,-1,1,1,-1,1,-1,-1,1,-1,-1,1,-1,-1,-1,1,-1,1,-1,1,-1,-1,-1,-1,1,-1,1,-1,-1,1,-1,1,1,1,-1,-1,-1,1,1,-1,1,-1,1,-1,1,1,1,-1,1,1,-1,1,1,1,1,1,1,1,-1,1,1,-1,1,-1,1,-1,-1,1,-1,-1,1,-1,-1,1,-1,-1,-1,1,1,-1,1,1,-1,-1,1,1,-1,-1,1,-1,-1,-1,-1,-1,1,1,-1,-1,-1,-1,-1,1,1,-1,-1,1,1,1,-1,1,-1,-1,1,1,-1,1,1,-1,-1,-1,1,-1,-1,1,1,-1,1,1,1,1,1,-1,1,1,1,-1,1,1,1,-1,1,1,-1,1,1,-1,1,1,1,-1,1,1,-1,-1,1,-1,1,1,1,-1,1,1,1,-1,1,1,-1,1,1,1,1,1,1,1,1,1,1,1,1,1,-1,1,-1,1,-1,1,1,1,1,1,1,1,1,1,-1,1,-1,1,1,1,1,1,-1,1,-1,1,1,1,1,1,1,1,1,1,1,-1,1,1,-1,-1,1,-1,-1,1,1,1,-1,1,1,-1,1,-1,-1,1,1,-1,-1,1,-1,1,-1,1,1,-1,1,-1,1,-1,1,1,-1,1,-1,1,1,1,1,-1,1,-1,1,-1,1,1,-1,1,-1,1,-1,1,1,-1,1,1,1,1,1,-1,1,1,-1,1,1,1,1,-1,1,-1,1,-1,1,1,-1,1,1,-1,1,1,1,-1,1,1,-1,1,1,1,-1,1,-1,-1,1,1,1,1,1,-1,1,-1,1,-1,1,1,1,-1,1,1,1,1,1,1,-1,1,1,1,1,1,1,1,1,1,1,1,1,1,-1,1,1,-1,1,1,-1,1,1,1,1,1,1,1,-1,1,1,1,-1,1,-1,1,1,1,1,1,1,-1,-1,1,-1,1,1,1,-1,1,1,1,1,1,-1,-1,1,1,1,1,1,1,-1,1,1,-1,1,1,-1,1,1,1,1,1,1,-1,-1,1,1,1,1,-1,1,-1,1,1,1,1,-1,-1,-1,1,1,1,1,-1,1,-1,1,1,1,1,1,-1,-1,1,1,-1,1,1,-1,-1,1,1,-1,1,-1,-1,-1,1,-1,1,1,1,-1,1,1,1,-1,1,1,-1,-1,1,1,-1,1,1,-1,1,1,1,-1,1,1,-1,1,-1,1,1,1,1,-1,1,-1,1,1,1,-1,-1,1,1,1,1,1,1,1,-1,1,1,1,-1,1,1,1,1,-1,-1,1,-1,1,1,1,1,-1,1,1,-1,1,-1,1,-1,1,1,1,-1,-1,-1,1,1,1,-1,1,1,1,-1,1,-1,1,1,1,-1,-1,1,1,1,-1,-1,1,1,1,1,1,-1,-1,1,1,1,1,-1,1,1,1,1,1,1,-1,1,1,-1,-1,1,1,-1,-1,1,1,1,-1,1,1,-1,-1,-1,-1,1,1,-1,-1,1,1,1,-1,1,-1,-1,-1,1,1,1,1,-1,-1,1,1,1,1,1,1,-1,1,1,1,1,1,1,-1,1,1,1,1,1,-1,-1,1,-1,1,-1,1,1,-1,-1,1,1,-1,1,-1,1,-1,1,1,-1,1,1,-1,-1,1,-2670.0,1,2000,445,1500,True
956,-1,-1,1,1,1,1,-1,1,-1,-1,-1,1,-1,1,-1,-1,1,-1,1,1,-1,-1,-1,-1,-1,1,-1,-1,-1,-1,-1,-1,1,1,-1,-1,1,-1,-1,-1,1,-1,-1,-1,-1,-1,-1,1,-1,1,-1,-1,1,-1,1,-1,-1,1,-1,-1,-1,1,1,1,-1,-1,-1,-1,-1,-1,-1,1,-1,-1,-1,-1,-1,-1,1,-1,-1,1,1,-1,1,-1,-1,1,-1,1,-1,-1,-1,-1,-1,-1,-1,1,1,1,-1,-1,-1,-1,1,1,-1,-1,-1,-1,-1,1,1,1,-1,-1,-1,-1,1,1,-1,-1,-1,-1,-1,1,1,-1,1,-1,-1,-1,1,1,-1,1,-1,-1,-1,-1,1,-1,1,-1,-1,-1,1,1,1,-1,-1,-1,-1,-1,-1,1,-1,1,-1,-1,1,1,1,1,-1,-1,-1,1,-1,1,-1,-1,-1,-1,1,1,-1,1,-1,-1,1,-1,-1,1,-1,-1,-1,1,1,1,1,1,-1,-1,1,1,-1,1,1,-1,-1,-1,1,-1,1,1,-1,-1,-1,1,-1,1,1,-1,1,1,1,-1,1,1,-1,1,1,1,-1,-1,1,1,-1,-1,1,-1,1,1,-1,1,-1,1,-1,1,1,-1,1,1,1,-1,1,1,-1,-1,1,1,-1,1,-1,-1,1,1,1,-1,1,1,-1,1,1,-1,1,-1,-1,-1,1,1,-1,-1,1,-1,-1,1,1,-1,-1,-1,1,-1,1,1,1,1,-1,1,-1,1,1,1,1,-1,-1,-1,-1,1,-1,1,-1,-1,-1,1,1,-1,1,1,-1,-1,-1,1,1,1,-1,-1,-1,1,1,-1,1,1,-1,-1,1,1,-1,1,-1,-1,-1,1,1,1,1,-1,-1,-1,1,-1,1,1,-1,-1,1,-1,-1,1,1,-1,1,1,1,1,-1,1,-1,1,1,1,-1,1,1,-1,-1,1,1,-1,1,-1,-1,-1,1,1,-1,1,-1,-1,1,-1,1,-1,1,-1,-1,1,-1,1,-1,1,1,-1,1,-1,1,1,-1,1,-1,-1,1,1,-1,1,-1,-1,1,1,-1,-1,1,1,-1,1,-1,1,-1,1,-1,1,1,-1,1,1,1,-1,1,1,-1,1,-1,1,-1,-1,1,-1,1,1,1,1,-1,1,1,1,1,1,-1,-1,1,-1,-1,1,-1,1,-1,-1,1,-1,1,-1,-1,-1,-1,1,-1,1,-1,1,-1,1,1,-1,1,1,-1,-1,-1,1,-1,-1,1,1,-1,-1,1,-1,1,1,-1,1,-1,1,-1,-1,1,1,-1,-1,-1,-1,1,1,-1,1,-1,1,-1,1,-1,1,-1,-1,-1,-1,1,-1,1,-1,-1,-1,-1,1,-1,-1,-1,-1,-1,-1,1,-1,1,-1,1,-1,-1,1,-1,-1,1,-1,-1,-1,1,1,1,-1,1,-1,-1,-1,-1,1,-1,1,-1,-1,1,-1,1,1,1,-1,-1,-1,1,1,-1,1,-1,-1,-1,1,1,1,-1,1,1,-1,1,1,1,1,1,1,1,-1,-1,-1,1,-1,1,1,-1,1,-1,1,-1,1,-1,-1,-1,1,1,-1,1,1,-1,1,-1,1,-1,1,1,-1,1,-1,1,-1,-1,-1,-1,1,-1,1,-1,-1,-1,-1,1,-1,1,-1,1,1,1,1,-1,1,-1,1,1,-1,1,-1,1,-1,-1,1,-1,1,-1,-1,1,1,1,1,1,-1,1,1,1,1,-1,1,-1,-1,1,1,1,-1,-1,-1,-1,1,1,1,-1,-1,-1,1,-1,1,-1,1,1,-1,-1,1,1,1,-1,1,-1,-1,1,1,1,1,1,1,-1,1,1,1,1,-1,1,-1,1,-1,1,-1,1,1,-1,1,1,1,1,1,1,-1,1,-1,1,1,1,1,-1,1,1,-1,1,1,1,-1,1,1,1,1,1,1,-1,1,1,-1,-1,1,-1,-1,1,1,1,-1,1,-1,-1,1,-1,1,1,1,-1,-1,1,-1,1,-1,1,1,-1,1,-1,1,-1,1,-1,-1,1,-1,1,-1,1,1,-1,1,-1,1,-1,1,1,-1,1,-1,1,-1,1,1,-1,1,1,1,1,1,-1,1,1,-1,1,1,1,1,-1,1,-1,1,-1,1,1,-1,1,1,-1,1,1,1,-1,1,1,-1,1,1,1,1,1,-1,-1,1,1,1,1,1,-1,1,-1,1,1,1,1,1,-1,1,1,1,1,1,1,-1,1,-1,1,1,1,1,1,1,1,1,1,1,1,-1,1,1,1,1,1,-1,1,1,1,1,1,1,1,-1,1,1,1,1,1,-1,1,1,1,1,1,1,-1,-1,1,-1,1,1,1,-1,1,1,1,1,1,-1,-1,1,1,1,1,1,1,-1,1,1,-1,1,1,-1,1,1,1,1,1,1,-1,-1,1,1,1,1,-1,1,-1,1,1,1,1,-1,-1,-1,1,1,1,1,-1,1,-1,1,1,1,1,1,-1,-1,1,1,-1,1,1,-1,-1,-1,1,-1,1,-1,-1,-1,1,-1,-1,1,1,-1,-1,-1,1,-1,1,1,-1,-1,1,1,-1,1,1,-1,1,1,1,-1,1,1,-1,1,-1,1,1,1,1,-1,1,-1,1,1,1,-1,1,-1,1,1,1,1,-1,1,1,-1,1,1,-1,1,1,-1,-1,1,-1,1,1,-1,1,-1,1,-1,1,-1,-1,1,-1,1,-1,1,-1,1,-1,-1,-1,1,1,-1,-1,1,-1,-1,-1,1,1,-1,1,-1,-1,-1,1,1,-1,1,-1,-1,1,1,-1,-1,-1,1,-1,1,1,-1,1,1,-1,1,1,-1,-1,1,1,-1,-1,-1,1,-1,1,1,-1,1,1,-1,-1,-1,-1,1,-1,-1,-1,-1,1,-1,-1,1,1,-1,1,1,-1,1,1,1,1,-1,1,-1,1,1,1,1,-1,1,-1,-1,1,1,1,-1,1,-1,1,1,1,1,-1,1,-1,1,1,1,-1,-1,1,-1,-1,1,1,-1,-1,-1,1,-1,1,-1,1,-1,1,-1,-1,1,-2670.0,1,2000,445,1500,True
957,-1,-1,1,1,1,1,-1,1,-1,-1,-1,1,-1,1,-1,-1,1,-1,1,1,1,-1,-1,-1,-1,1,-1,-1,-1,-1,-1,-1,1,1,-1,-1,1,-1,-1,-1,1,-1,-1,-1,-1,-1,-1,-1,1,1,-1,-1,1,-1,1,-1,-1,1,-1,-1,-1,1,1,1,-1,-1,-1,-1,-1,-1,-1,1,-1,-1,-1,-1,1,-1,1,-1,-1,1,1,-1,1,-1,-1,-1,-1,1,-1,-1,-1,-1,-1,-1,-1,1,1,1,-1,-1,-1,-1,1,1,1,-1,-1,-1,-1,1,1,1,-1,-1,-1,-1,1,1,1,-1,-1,-1,-1,1,1,1,1,-1,-1,-1,1,1,1,-1,-1,-1,-1,1,1,1,1,-1,-1,-1,-1,1,1,1,-1,-1,-1,1,-1,1,1,1,-1,-1,1,1,1,1,-1,-1,-1,1,-1,1,-1,-1,-1,-1,1,1,1,1,-1,-1,1,-1,-1,1,-1,-1,-1,1,1,1,1,1,-1,-1,1,1,1,1,1,-1,1,-1,1,-1,1,1,-1,-1,-1,1,-1,1,1,-1,-1,1,1,-1,1,1,-1,1,1,1,-1,-1,1,1,-1,-1,1,-1,1,1,-1,1,-1,1,-1,1,1,-1,1,1,1,-1,-1,1,-1,-1,1,1,-1,1,-1,1,1,1,1,-1,1,1,-1,1,1,-1,1,-1,-1,-1,1,1,-1,-1,1,-1,-1,1,1,-1,-1,-1,1,-1,1,1,1,1,-1,1,-1,1,1,1,1,-1,-1,-1,1,1,-1,1,-1,-1,-1,1,1,-1,1,1,-1,-1,-1,1,1,1,-1,-1,-1,1,1,-1,1,1,-1,-1,1,1,-1,1,-1,-1,-1,1,1,-1,1,-1,-1,-1,1,1,-1,1,-1,-1,1,1,-1,1,1,-1,1,1,1,-1,-1,1,-1,1,1,1,1,1,1,-1,-1,1,1,1,1,-1,-1,-1,1,1,1,1,-1,-1,1,-1,1,1,1,-1,-1,1,-1,1,-1,1,1,-1,1,-1,1,1,1,1,-1,-1,1,1,1,-1,-1,-1,1,1,-1,-1,1,1,-1,1,-1,1,-1,1,-1,1,1,-1,1,1,1,-1,1,1,-1,1,-1,1,-1,-1,1,-1,1,1,1,1,-1,1,1,-1,1,1,-1,-1,1,-1,-1,1,-1,1,-1,-1,1,-1,1,1,-1,-1,-1,1,-1,1,-1,1,-1,-1,1,-1,1,-1,-1,-1,-1,1,-1,-1,1,1,-1,-1,1,-1,1,1,-1,1,-1,1,-1,1,-1,1,-1,-1,-1,-1,1,-1,-1,1,-1,1,-1,1,-1,1,-1,-1,-1,1,1,1,1,-1,-1,-1,-1,1,-1,-1,1,-1,-1,1,-1,1,1,1,1,-1,-1,1,-1,-1,1,-1,-1,-1,1,-1,1,-1,1,-1,-1,1,-1,1,-1,1,-1,-1,1,-1,1,1,1,-1,-1,-1,1,1,-1,1,-1,-1,-1,1,1,1,-1,1,1,-1,1,1,1,1,1,-1,1,-1,-1,-1,1,-1,-1,1,-1,1,-1,1,-1,1,-1,-1,-1,1,1,-1,1,1,-1,1,-1,1,-1,1,1,-1,1,-1,1,-1,-1,-1,-1,1,-1,1,-1,-1,-1,-1,1,-1,1,-1,1,1,1,1,-1,1,-1,1,1,-1,1,-1,1,-1,-1,1,-1,1,-1,-1,1,1,1,1,1,-1,1,1,1,1,-1,1,-1,-1,1,1,1,-1,-1,-1,1,1,1,1,-1,-1,-1,1,-1,1,-1,1,1,-1,-1,1,1,-1,-1,-1,-1,-1,1,1,1,1,1,-1,-1,1,1,1,1,1,-1,-1,1,-1,1,-1,1,-1,1,1,1,1,1,1,-1,-1,1,-1,1,-1,1,-1,-1,1,1,-1,1,1,-1,-1,1,1,1,1,1,1,-1,1,1,-1,-1,1,-1,-1,1,1,1,-1,1,-1,-1,1,-1,1,1,1,-1,-1,1,-1,1,-1,1,1,-1,1,-1,1,-1,1,-1,-1,1,-1,1,1,1,1,-1,1,-1,1,-1,1,-1,-1,1,-1,1,-1,1,1,-1,1,1,1,1,1,-1,1,1,-1,1,1,1,1,-1,1,-1,1,-1,1,1,-1,1,1,-1,1,1,1,-1,1,1,-1,1,1,1,1,1,-1,-1,1,1,1,1,1,-1,1,-1,1,1,1,1,1,-1,1,1,1,1,1,1,-1,1,1,1,1,1,1,1,1,1,1,1,1,1,-1,1,1,1,1,1,-1,1,1,1,1,-1,1,1,-1,1,1,1,1,1,-1,1,1,1,1,1,1,-1,-1,1,-1,1,1,1,-1,1,1,1,1,1,-1,-1,1,1,1,1,1,1,-1,1,1,-1,1,1,-1,1,1,1,1,1,1,-1,-1,1,1,1,1,-1,-1,-1,1,1,1,-1,-1,-1,-1,1,1,1,1,-1,1,-1,1,1,1,1,1,-1,-1,1,1,-1,1,1,-1,-1,1,1,-1,1,-1,-1,-1,1,-1,1,1,1,-1,-1,-1,1,-1,1,1,-1,-1,1,1,-1,1,1,-1,-1,1,1,-1,1,1,-1,-1,-1,-1,1,1,1,-1,1,-1,1,1,1,-1,-1,1,-1,1,1,1,-1,-1,1,-1,1,1,-1,1,-1,-1,-1,-1,-1,1,1,-1,-1,-1,1,-1,1,-1,-1,-1,-1,1,-1,1,-1,1,-1,-1,-1,1,1,-1,1,-1,-1,-1,-1,1,1,-1,1,-1,1,-1,1,1,-1,1,-1,-1,1,-1,-1,-1,1,1,1,1,-1,-1,1,-1,-1,1,1,-1,-1,1,-1,-1,-1,-1,1,-1,1,-1,1,1,-1,1,-1,-1,-1,-1,-1,-1,-1,-1,1,-1,1,1,1,-1,1,1,-1,1,1,-1,-1,-1,1,-1,1,1,1,1,-1,1,-1,1,1,1,-1,-1,1,-1,1,1,1,-1,-1,1,-1,1,-1,-1,-1,-1,1,-1,-1,1,1,-1,-1,-1,1,-1,1,-1,1,-1,1,-1,-1,1,-2670.0,1,2000,445,1500,True
958,-1,-1,1,1,1,1,-1,1,-1,-1,1,-1,-1,1,-1,-1,1,-1,1,-1,-1,-1,-1,-1,-1,1,-1,-1,-1,-1,-1,-1,1,-1,-1,-1,1,-1,-1,1,-1,-1,-1,-1,-1,-1,-1,-1,1,1,-1,-1,1,1,-1,-1,-1,1,-1,-1,1,-1,-1,1,-1,-1,-1,-1,-1,-1,-1,1,-1,-1,1,-1,-1,-1,1,-1,-1,-1,-1,-1,1,-1,-1,1,-1,-1,-1,-1,1,-1,1,-1,-1,1,1,1,-1,1,-1,-1,1,1,1,-1,1,-1,-1,-1,1,1,-1,1,-1,-1,1,1,1,-1,1,1,-1,-1,1,1,-1,1,1,-1,1,1,1,-1,1,1,-1,1,1,1,-1,1,1,-1,1,1,1,1,1,1,-1,-1,-1,1,1,1,1,-1,1,1,1,-1,1,1,-1,1,-1,1,1,1,-1,-1,1,1,1,-1,1,-1,1,-1,-1,1,1,1,-1,1,1,1,1,-1,1,1,1,1,1,1,-1,1,-1,1,1,-1,1,-1,1,1,-1,1,-1,1,-1,1,-1,1,1,-1,1,-1,1,1,1,1,-1,-1,1,1,-1,-1,1,-1,1,1,-1,1,-1,1,-1,1,1,1,-1,1,1,-1,-1,1,1,1,-1,1,-1,1,1,1,-1,1,-1,-1,1,-1,1,-1,1,1,1,-1,1,1,-1,1,-1,-1,1,1,1,-1,1,-1,-1,-1,-1,1,-1,-1,1,1,-1,-1,1,1,-1,1,1,-1,1,1,1,-1,-1,1,-1,1,1,-1,1,-1,1,1,-1,1,1,-1,-1,1,-1,-1,1,-1,1,-1,1,1,-1,1,1,1,-1,1,-1,-1,1,1,-1,-1,1,-1,-1,1,1,1,-1,1,-1,-1,1,1,-1,1,1,-1,1,-1,1,-1,-1,1,-1,1,1,1,1,1,1,-1,1,1,1,1,1,-1,-1,1,1,1,1,1,-1,-1,1,-1,1,1,1,-1,-1,1,-1,1,-1,1,1,-1,1,-1,1,1,1,1,-1,-1,1,1,1,-1,-1,-1,1,1,-1,-1,1,-1,-1,1,-1,1,-1,1,-1,1,1,-1,1,1,1,-1,-1,1,-1,1,-1,1,-1,-1,1,-1,1,1,1,1,-1,1,1,-1,1,1,-1,-1,1,-1,-1,1,-1,1,-1,-1,1,-1,-1,1,-1,-1,1,1,-1,1,-1,1,-1,-1,1,-1,1,-1,-1,-1,-1,1,-1,-1,1,1,-1,-1,1,-1,1,1,-1,1,-1,1,-1,1,-1,1,-1,-1,-1,-1,1,-1,-1,1,-1,1,-1,1,-1,1,-1,-1,-1,1,1,-1,1,-1,-1,-1,-1,1,-1,-1,1,-1,-1,1,-1,-1,1,1,-1,-1,-1,1,-1,-1,1,-1,-1,-1,1,-1,1,-1,-1,-1,-1,1,-1,1,-1,1,-1,-1,1,-1,1,1,1,-1,-1,-1,1,1,-1,1,-1,-1,-1,1,1,1,-1,1,1,-1,1,1,1,1,1,-1,1,-1,-1,-1,1,-1,1,1,1,1,-1,1,-1,1,-1,-1,-1,1,1,-1,1,1,-1,1,-1,1,-1,1,1,-1,1,-1,1,-1,-1,-1,-1,1,-1,1,-1,-1,-1,-1,1,-1,1,-1,1,1,1,1,-1,1,-1,1,1,-1,1,-1,1,-1,-1,1,-1,1,-1,-1,1,1,1,1,1,-1,1,1,1,1,-1,1,-1,-1,1,1,1,-1,-1,-1,1,1,1,1,-1,-1,-1,1,-1,1,-1,1,1,-1,-1,1,1,-1,-1,-1,-1,-1,1,1,-1,1,1,-1,-1,1,1,1,1,-1,-1,-1,1,-1,1,-1,1,-1,1,1,1,1,1,1,-1,-1,1,-1,1,-1,1,-1,-1,1,1,-1,1,1,-1,-1,1,1,1,1,1,-1,1,-1,1,1,-1,1,1,1,-1,1,1,1,1,-1,1,1,-1,1,1,1,1,-1,1,-1,1,-1,1,-1,1,-1,-1,1,-1,1,1,-1,1,-1,1,1,1,1,-1,1,-1,1,1,1,1,1,1,-1,1,-1,1,1,-1,-1,-1,1,1,1,1,1,1,-1,1,1,1,1,1,-1,1,-1,1,1,1,-1,-1,-1,-1,1,1,-1,1,-1,1,-1,1,1,1,-1,-1,-1,-1,1,1,-1,-1,-1,-1,1,-1,1,-1,-1,-1,1,-1,1,1,-1,-1,-1,1,-1,1,1,-1,-1,-1,1,1,1,1,-1,1,-1,1,-1,1,1,-1,-1,-1,1,1,1,1,-1,-1,-1,1,-1,1,1,-1,1,-1,-1,1,1,1,-1,-1,-1,-1,-1,1,-1,-1,-1,1,-1,1,1,-1,-1,-1,1,-1,1,1,1,-1,1,-1,-1,1,1,1,-1,1,-1,1,1,1,-1,-1,1,-1,-1,1,1,1,-1,1,-1,-1,1,1,1,1,1,-1,-1,1,1,-1,1,1,-1,-1,1,1,1,1,1,-1,-1,1,1,1,1,1,1,-1,1,1,-1,1,1,-1,-1,1,-1,1,1,1,1,-1,-1,1,-1,1,1,1,-1,1,1,1,1,-1,1,-1,1,1,1,1,1,1,-1,-1,-1,1,1,1,-1,1,-1,1,1,1,1,-1,1,-1,1,1,1,-1,-1,1,-1,1,1,-1,1,-1,-1,-1,1,1,1,-1,1,-1,-1,1,1,1,-1,-1,-1,-1,1,1,1,-1,1,-1,-1,-1,1,1,-1,1,-1,-1,-1,1,1,-1,1,-1,-1,1,1,1,1,1,1,-1,-1,1,1,-1,-1,1,1,1,1,1,-1,1,-1,-1,1,1,-1,-1,1,-1,-1,-1,1,1,-1,1,-1,1,1,1,-1,-1,1,-1,-1,-1,-1,-1,-1,1,-1,1,1,1,-1,1,1,-1,1,1,1,1,-1,1,-1,1,1,1,-1,-1,1,-1,1,1,1,-1,1,1,-1,1,1,1,-1,-1,1,-1,1,1,1,1,-1,1,-1,-1,1,1,-1,-1,1,1,-1,1,1,1,-1,1,-1,-1,1,-2670.0,1,2000,445,1500,True
959,-1,-1,1,1,1,1,-1,1,-1,-1,-1,1,-1,1,-1,-1,1,-1,1,1,-1,-1,-1,-1,-1,1,-1,-1,-1,-1,-1,-1,1,1,-1,-1,1,-1,-1,-1,1,-1,-1,-1,-1,-1,-1,1,-1,1,-1,-1,1,-1,1,-1,-1,1,-1,-1,-1,1,1,1,-1,-1,-1,-1,-1,-1,-1,1,-1,-1,-1,-1,-1,-1,1,-1,-1,1,1,-1,1,-1,-1,-1,-1,1,-1,-1,-1,-1,-1,-1,-1,1,1,1,-1,-1,-1,-1,1,1,-1,-1,-1,-1,-1,1,1,1,-1,-1,-1,-1,1,1,-1,-1,-1,-1,-1,1,1,-1,1,-1,-1,-1,-1,1,-1,1,-1,-1,-1,-1,1,-1,1,-1,-1,-1,1,1,1,-1,-1,-1,-1,-1,-1,1,-1,1,-1,-1,-1,1,1,1,-1,-1,1,-1,-1,1,-1,-1,-1,-1,-1,1,-1,1,-1,-1,-1,1,-1,1,-1,-1,-1,-1,-1,1,1,1,-1,-1,1,-1,-1,1,1,-1,-1,1,-1,-1,1,1,-1,-1,-1,-1,-1,1,1,-1,1,-1,-1,-1,1,1,-1,1,-1,-1,-1,-1,1,1,-1,-1,1,-1,1,1,-1,1,-1,-1,-1,1,1,-1,1,1,-1,-1,-1,1,-1,-1,1,-1,-1,1,-1,-1,1,1,-1,-1,1,1,-1,1,-1,-1,1,-1,-1,-1,1,-1,-1,-1,1,-1,-1,1,-1,-1,-1,-1,1,-1,1,-1,-1,1,-1,1,-1,1,1,-1,1,-1,-1,-1,-1,1,-1,1,-1,-1,-1,1,1,-1,1,-1,-1,-1,-1,1,-1,1,-1,-1,-1,1,1,-1,1,1,-1,-1,-1,1,-1,1,1,1,-1,-1,-1,1,1,-1,-1,-1,1,1,-1,1,-1,-1,-1,-1,1,1,1,-1,1,-1,-1,1,-1,1,-1,-1,-1,-1,-1,1,1,-1,-1,-1,-1,-1,1,1,-1,-1,-1,-1,1,1,1,-1,-1,1,-1,1,1,1,-1,1,1,-1,-1,1,1,1,-1,1,-1,-1,-1,1,1,-1,-1,1,-1,1,1,1,-1,1,-1,-1,1,1,1,-1,1,1,-1,1,1,-1,1,1,1,-1,1,1,-1,1,1,-1,1,1,1,1,1,1,1,1,1,-1,1,1,-1,1,-1,1,1,1,-1,1,-1,1,-1,-1,1,-1,1,1,-1,1,1,1,-1,-1,1,1,-1,-1,1,1,-1,1,1,-1,-1,1,1,1,1,1,1,-1,1,1,-1,1,1,1,1,-1,1,-1,-1,1,-1,-1,1,-1,-1,-1,1,-1,1,1,-1,1,1,1,-1,-1,1,-1,-1,1,1,-1,-1,1,-1,-1,1,1,-1,1,1,-1,-1,1,-1,-1,-1,1,1,-1,-1,1,-1,1,-1,1,-1,1,1,-1,-1,-1,1,-1,-1,1,-1,1,-1,1,-1,-1,1,-1,-1,1,1,-1,-1,-1,1,-1,1,1,-1,1,-1,1,-1,-1,1,1,1,-1,1,-1,1,-1,1,-1,-1,-1,-1,-1,1,-1,-1,1,1,1,-1,1,-1,1,1,1,-1,1,1,-1,-1,-1,1,1,-1,1,-1,-1,1,1,1,-1,1,-1,-1,1,1,1,-1,1,-1,-1,1,1,1,-1,1,-1,-1,-1,1,-1,-1,1,1,-1,-1,1,1,-1,1,-1,1,-1,1,1,-1,-1,1,-1,-1,-1,1,-1,1,1,1,-1,1,1,-1,-1,1,-1,-1,-1,-1,-1,1,1,-1,-1,-1,-1,-1,1,1,-1,1,1,1,-1,-1,1,1,-1,-1,1,-1,-1,1,-1,-1,1,1,1,-1,1,1,-1,-1,-1,1,-1,1,-1,-1,1,1,1,-1,1,1,-1,-1,1,1,-1,1,1,-1,1,1,1,-1,1,1,1,-1,1,1,-1,1,1,-1,1,1,1,-1,1,1,1,-1,1,-1,-1,1,1,1,-1,1,-1,-1,1,1,-1,1,1,-1,-1,1,1,-1,1,1,1,-1,1,-1,1,-1,1,-1,-1,1,1,-1,-1,1,1,-1,1,1,-1,1,1,1,-1,1,-1,1,-1,1,1,-1,1,1,1,1,1,-1,1,1,-1,1,1,1,1,-1,1,-1,1,-1,1,1,-1,1,1,-1,1,1,1,-1,1,1,-1,1,1,1,1,1,1,-1,1,1,1,1,1,-1,1,-1,1,1,1,1,-1,-1,1,1,1,1,1,-1,1,1,-1,1,1,1,-1,1,1,1,1,1,1,-1,1,1,1,1,1,1,1,1,1,1,1,1,1,1,-1,1,1,1,1,1,-1,1,1,1,1,1,1,1,1,1,-1,1,1,1,1,-1,1,1,1,1,-1,1,-1,1,1,1,1,1,1,-1,1,-1,1,1,1,-1,1,1,1,1,1,1,1,1,1,1,1,-1,1,-1,-1,1,1,1,-1,1,-1,1,1,1,1,-1,1,1,1,-1,1,1,1,-1,1,-1,1,-1,1,1,-1,1,1,1,-1,1,-1,-1,1,-1,1,1,1,1,-1,1,-1,1,-1,1,1,-1,1,-1,1,-1,1,1,-1,1,1,1,-1,1,1,-1,1,-1,-1,1,1,1,-1,1,-1,1,1,1,-1,1,1,-1,1,1,1,1,-1,1,-1,1,1,-1,1,-1,1,-1,1,-1,1,-1,1,1,-1,1,-1,1,1,-1,1,-1,1,-1,1,1,1,-1,-1,-1,1,1,-1,1,1,-1,-1,-1,1,-1,1,1,-1,1,-1,1,1,1,-1,-1,-1,1,1,1,1,-1,-1,1,1,1,1,1,1,1,1,1,1,1,1,1,-1,-1,-1,1,1,-1,-1,1,1,1,-1,1,1,-1,1,-1,-1,1,1,1,-1,1,1,1,-1,1,1,-1,1,1,1,1,1,1,-1,1,1,1,1,1,1,-1,1,1,1,1,1,1,-1,1,1,1,1,1,1,-1,1,1,1,-1,1,1,-1,-1,1,1,-1,1,1,1,-1,1,1,-1,1,1,-1,-1,1,-2670.0,1,2000,445,1500,True
960,-1,-1,1,1,1,1,-1,1,-1,-1,-1,1,-1,1,-1,-1,1,-1,1,1,1,1,-1,-1,-1,1,-1,-1,1,-1,-1,-1,1,1,-1,1,1,-1,-1,-1,1,-1,1,-1,-1,-1,-1,-1,1,-1,-1,-1,1,-1,1,-1,-1,1,-1,-1,-1,1,1,1,-1,-1,-1,-1,-1,-1,1,-1,-1,-1,-1,-1,1,1,-1,-1,-1,1,1,-1,-1,-1,-1,-1,-1,1,-1,-1,-1,-1,-1,-1,-1,1,-1,1,-1,-1,-1,-1,1,-1,-1,-1,-1,-1,-1,1,-1,-1,-1,-1,-1,-1,1,-1,-1,-1,-1,-1,-1,1,-1,-1,1,-1,-1,-1,1,-1,-1,1,-1,-1,-1,1,-1,-1,1,-1,-1,-1,-1,-1,-1,-1,-1,-1,-1,1,1,-1,1,1,-1,-1,1,1,-1,-1,1,-1,-1,1,1,-1,1,-1,-1,-1,1,-1,-1,-1,-1,-1,1,-1,1,-1,1,-1,-1,1,1,-1,-1,1,-1,-1,1,1,1,-1,1,1,-1,1,1,1,-1,1,-1,-1,-1,1,1,-1,1,1,-1,1,1,1,-1,1,-1,1,1,1,1,1,-1,1,-1,-1,1,1,1,1,-1,1,-1,1,1,-1,1,-1,1,1,1,1,1,1,-1,-1,1,1,1,-1,-1,1,1,1,1,1,-1,1,-1,1,-1,-1,1,1,-1,-1,1,1,-1,1,1,-1,-1,1,1,-1,1,1,1,-1,1,-1,1,1,1,1,-1,1,1,1,1,-1,-1,-1,1,1,-1,1,1,-1,-1,1,1,-1,1,-1,1,-1,-1,1,-1,1,1,1,-1,1,1,-1,1,-1,1,-1,1,1,-1,1,1,1,-1,1,1,-1,1,1,-1,-1,1,1,-1,1,1,-1,1,1,-1,1,1,1,-1,1,1,-1,-1,1,1,1,1,1,1,1,1,1,1,1,1,1,1,-1,1,-1,1,1,1,1,-1,1,1,-1,1,1,1,-1,1,1,-1,1,-1,1,1,-1,1,-1,1,1,1,1,-1,1,-1,1,1,-1,-1,-1,1,1,-1,-1,1,1,-1,1,-1,1,-1,1,-1,1,1,-1,1,1,1,1,-1,1,-1,1,-1,1,-1,-1,1,-1,1,1,1,1,-1,1,1,-1,1,1,-1,-1,1,-1,-1,1,-1,1,-1,-1,1,-1,-1,1,-1,-1,-1,1,-1,1,-1,1,-1,-1,1,-1,1,-1,-1,-1,-1,1,-1,-1,1,1,-1,-1,1,-1,1,1,-1,1,-1,1,-1,1,-1,1,-1,-1,-1,-1,1,-1,-1,1,-1,1,-1,1,-1,1,-1,-1,-1,1,1,-1,1,-1,-1,-1,-1,1,-1,-1,1,-1,-1,1,-1,1,1,1,1,-1,-1,1,-1,-1,1,-1,-1,-1,1,-1,1,-1,1,-1,-1,1,-1,1,-1,1,-1,-1,1,-1,1,1,1,-1,-1,-1,1,1,-1,1,-1,-1,-1,1,1,1,-1,1,1,-1,1,1,1,1,1,1,1,-1,1,1,-1,1,-1,1,-1,-1,1,-1,-1,1,-1,-1,1,-1,-1,-1,1,1,-1,1,1,-1,-1,1,1,-1,-1,1,-1,-1,-1,-1,-1,1,1,-1,-1,-1,-1,-1,1,1,-1,-1,1,1,1,-1,1,-1,1,-1,1,-1,1,1,-1,1,-1,1,-1,-1,1,1,-1,1,1,1,1,1,1,-1,-1,1,-1,1,1,1,-1,-1,1,-1,1,1,-1,-1,1,1,-1,1,1,-1,1,1,-1,1,1,1,1,-1,1,-1,-1,1,1,1,-1,1,-1,1,1,1,1,-1,-1,1,1,1,1,1,-1,1,1,-1,1,1,1,-1,-1,1,1,1,-1,1,-1,-1,1,-1,1,1,1,-1,-1,-1,1,1,1,1,-1,-1,1,1,1,1,-1,1,-1,1,-1,1,-1,-1,1,-1,1,-1,1,1,-1,-1,1,-1,1,1,-1,-1,-1,-1,1,-1,1,1,-1,1,-1,1,-1,1,-1,1,-1,-1,1,-1,1,1,-1,1,-1,1,-1,1,1,-1,-1,-1,1,-1,1,1,-1,1,1,1,1,1,-1,1,1,-1,1,1,1,1,-1,1,-1,1,-1,1,1,-1,1,1,-1,1,1,1,-1,1,1,-1,1,1,1,-1,1,-1,-1,1,1,1,1,1,-1,1,-1,1,-1,1,1,1,-1,1,1,1,1,1,1,-1,1,-1,1,1,1,1,1,1,1,1,1,1,1,-1,1,1,-1,1,1,-1,1,1,1,1,1,1,1,-1,1,1,1,-1,1,-1,1,1,1,1,1,1,-1,-1,1,-1,1,1,1,-1,1,1,1,1,1,-1,-1,1,1,1,1,1,1,-1,1,1,-1,1,1,-1,1,1,1,1,1,1,-1,-1,1,1,1,1,-1,-1,-1,1,1,1,1,-1,-1,-1,1,1,1,1,-1,1,-1,1,1,1,1,1,-1,-1,1,1,-1,1,1,-1,-1,1,1,-1,1,-1,-1,-1,1,-1,1,1,1,-1,-1,-1,1,-1,1,1,-1,-1,1,1,-1,1,1,-1,-1,1,1,-1,1,1,-1,-1,-1,-1,1,1,1,-1,1,-1,1,1,1,-1,-1,1,-1,1,1,1,-1,-1,1,-1,1,1,-1,1,-1,-1,-1,1,-1,1,1,-1,-1,-1,1,-1,1,-1,-1,-1,-1,1,-1,1,-1,1,-1,-1,-1,1,1,-1,1,-1,-1,-1,-1,1,-1,1,1,-1,1,-1,1,1,-1,1,-1,-1,1,-1,-1,-1,1,1,1,1,-1,-1,1,-1,-1,1,1,-1,-1,1,-1,-1,-1,-1,1,-1,1,-1,1,1,-1,1,-1,1,-1,-1,-1,-1,-1,-1,1,-1,1,1,1,-1,1,1,-1,1,1,-1,-1,-1,1,-1,1,1,1,1,-1,1,-1,1,1,1,-1,-1,1,-1,1,1,1,1,-1,1,-1,1,1,-1,-1,-1,1,-1,-1,1,1,-1,-1,-1,1,-1,1,-1,1,-1,1,-1,-1,1,-2670.0,1,2000,445,1500,True
961,-1,-1,1,1,1,1,-1,1,-1,-1,-1,1,-1,1,-1,-1,1,-1,1,1,-1,1,-1,-1,-1,1,-1,-1,-1,-1,-1,-1,1,1,-1,1,1,-1,-1,1,1,-1,1,-1,-1,-1,-1,1,-1,-1,-1,-1,1,1,1,-1,-1,1,-1,-1,-1,1,1,1,-1,1,-1,-1,1,-1,1,-1,-1,-1,1,-1,-1,1,-1,-1,-1,1,1,-1,-1,-1,-1,1,1,1,-1,-1,-1,1,-1,1,-1,1,-1,1,1,1,-1,-1,1,-1,-1,1,1,1,-1,1,-1,-1,1,1,1,-1,1,-1,-1,1,1,1,-1,1,-1,-1,1,1,-1,-1,-1,-1,-1,1,1,1,-1,-1,-1,-1,1,1,-1,-1,1,-1,-1,-1,1,1,-1,-1,1,-1,1,1,1,-1,1,1,-1,-1,1,-1,1,-1,1,-1,1,1,-1,-1,-1,-1,-1,1,1,-1,-1,1,1,-1,1,1,-1,-1,-1,-1,-1,-1,1,1,-1,-1,1,-1,1,1,-1,1,-1,1,-1,1,1,-1,-1,-1,1,-1,1,1,-1,1,-1,1,1,1,1,1,1,-1,1,1,-1,1,-1,-1,-1,1,-1,-1,1,1,-1,-1,1,1,-1,1,-1,1,-1,1,1,-1,1,-1,-1,-1,1,1,1,1,-1,-1,-1,1,1,-1,1,-1,1,-1,1,-1,1,1,-1,1,-1,1,-1,1,1,-1,-1,-1,1,-1,1,1,1,-1,-1,1,1,-1,1,-1,-1,-1,1,1,1,1,1,1,1,1,-1,1,1,-1,1,-1,1,1,1,1,-1,1,1,1,-1,-1,1,-1,-1,1,1,1,-1,1,1,-1,1,1,-1,-1,1,1,1,1,1,-1,1,1,-1,1,-1,1,-1,1,1,-1,-1,1,1,-1,-1,1,1,1,-1,1,-1,1,1,1,-1,1,1,-1,1,1,1,-1,1,-1,-1,1,1,1,-1,1,-1,-1,-1,1,1,-1,1,-1,-1,1,-1,1,-1,1,1,-1,-1,1,1,1,-1,1,-1,-1,1,1,-1,1,-1,1,-1,-1,-1,-1,1,1,-1,-1,1,1,-1,1,1,-1,-1,1,1,1,1,1,-1,1,1,1,-1,1,-1,-1,-1,-1,1,1,-1,1,-1,-1,1,-1,1,-1,-1,-1,-1,-1,-1,1,-1,-1,-1,1,-1,1,1,-1,1,-1,1,1,-1,1,-1,1,-1,-1,1,-1,1,-1,1,1,-1,1,-1,-1,1,1,-1,-1,1,-1,1,1,1,-1,-1,1,-1,1,-1,1,-1,1,1,-1,1,-1,-1,-1,1,1,-1,1,-1,-1,-1,1,-1,1,1,-1,-1,-1,1,-1,-1,1,-1,-1,-1,1,-1,1,-1,-1,-1,-1,1,-1,-1,1,-1,-1,-1,1,1,-1,1,-1,-1,-1,1,1,-1,1,-1,1,-1,1,-1,-1,1,-1,-1,1,-1,1,-1,-1,1,-1,1,-1,1,-1,-1,1,-1,-1,1,1,1,-1,1,-1,1,-1,-1,1,1,-1,1,1,-1,1,-1,-1,1,-1,1,-1,-1,1,-1,1,1,-1,-1,-1,1,1,1,1,1,-1,-1,1,-1,1,-1,1,-1,-1,-1,1,1,1,1,-1,-1,-1,-1,1,1,1,-1,-1,1,1,1,-1,1,-1,-1,-1,1,1,1,1,-1,-1,-1,-1,1,-1,1,1,-1,1,-1,1,1,1,-1,1,1,1,1,1,1,1,-1,1,-1,1,1,1,-1,1,1,1,-1,1,1,-1,-1,1,1,1,1,1,-1,1,1,1,-1,1,1,-1,1,1,1,1,1,1,1,1,1,1,-1,1,1,-1,1,1,1,1,1,1,1,1,1,1,1,1,-1,1,1,1,1,1,1,1,1,-1,1,-1,1,1,1,1,1,1,1,1,1,1,-1,1,1,1,1,1,-1,-1,1,1,1,-1,1,1,-1,1,1,1,1,1,-1,1,1,1,1,1,-1,1,-1,-1,1,-1,1,1,-1,1,-1,1,-1,-1,1,-1,1,-1,1,1,-1,1,-1,1,-1,1,-1,1,1,-1,-1,-1,1,-1,-1,1,-1,1,1,-1,-1,-1,1,1,-1,-1,1,-1,-1,1,-1,1,-1,-1,1,-1,1,-1,1,-1,-1,1,-1,1,1,-1,-1,1,1,-1,1,-1,-1,-1,1,-1,-1,-1,1,-1,-1,1,-1,1,1,-1,-1,-1,-1,-1,-1,1,-1,-1,-1,1,1,-1,1,-1,-1,1,-1,-1,-1,1,-1,-1,-1,1,1,1,1,1,-1,-1,1,-1,1,1,-1,1,-1,-1,1,1,1,-1,-1,-1,-1,-1,1,-1,-1,-1,1,-1,1,1,-1,-1,1,-1,-1,-1,1,1,-1,1,1,-1,1,1,-1,1,-1,-1,1,1,1,-1,-1,1,-1,-1,1,1,1,-1,-1,-1,-1,1,1,-1,1,1,1,-1,1,1,-1,-1,1,1,-1,1,1,1,1,1,1,-1,1,1,-1,1,1,1,-1,1,1,-1,1,1,1,-1,1,-1,1,-1,1,1,-1,-1,1,-1,1,1,1,-1,1,1,-1,1,-1,1,1,1,1,-1,1,1,1,1,-1,-1,-1,1,1,-1,1,-1,1,-1,1,1,1,-1,1,1,1,1,1,1,1,-1,1,1,-1,1,1,-1,-1,1,-1,1,-1,1,1,-1,1,-1,1,-1,-1,1,-1,1,-1,1,1,1,-1,-1,-1,1,1,1,-1,1,-1,-1,-1,1,1,-1,1,-1,1,-1,1,-1,1,-1,-1,-1,1,1,1,1,-1,1,1,1,1,1,-1,1,-1,1,1,1,1,-1,1,-1,-1,-1,1,1,-1,1,1,1,1,-1,1,1,-1,-1,-1,-1,1,1,-1,1,1,1,1,-1,1,-1,-1,1,1,1,1,1,-1,-1,1,1,1,1,1,1,-1,1,1,1,1,1,1,-1,1,1,1,1,1,1,-1,1,1,1,-1,1,1,-1,1,1,1,-1,1,1,1,-1,1,1,-1,1,1,-1,1,1,-2670.0,1,2000,445,1500,True
962,-1,-1,1,1,1,1,-1,1,-1,-1,-1,1,-1,1,-1,-1,1,-1,1,1,1,-1,-1,-1,-1,1,-1,-1,-1,-1,-1,-1,1,1,-1,-1,1,-1,-1,-1,1,-1,-1,-1,-1,-1,-1,-1,1,1,-1,-1,1,-1,1,-1,-1,1,-1,-1,-1,1,1,1,-1,-1,-1,-1,-1,-1,-1,1,-1,-1,-1,-1,1,-1,1,-1,-1,1,1,-1,1,-1,-1,1,-1,1,-1,-1,1,-1,-1,-1,-1,1,1,1,-1,1,-1,-1,1,1,1,-1,-1,-1,-1,1,1,1,-1,1,-1,-1,1,1,1,-1,-1,-1,-1,1,1,1,-1,1,-1,-1,1,1,1,-1,-1,-1,-1,1,1,1,-1,1,1,-1,-1,1,1,1,1,-1,-1,1,-1,1,1,1,-1,-1,1,1,1,1,-1,1,-1,1,-1,1,1,1,-1,-1,1,1,1,-1,1,-1,1,-1,-1,1,1,1,-1,1,1,1,1,-1,1,-1,1,1,1,1,-1,1,-1,1,1,-1,1,-1,1,-1,-1,1,-1,1,-1,1,-1,1,1,-1,1,-1,1,-1,-1,1,-1,-1,1,1,-1,-1,1,-1,1,1,-1,1,-1,1,-1,1,-1,1,-1,1,1,-1,-1,1,1,-1,-1,1,-1,1,1,1,-1,1,-1,-1,1,-1,1,-1,1,1,1,-1,1,1,-1,1,-1,-1,1,1,1,-1,1,-1,-1,-1,-1,1,1,-1,1,1,-1,-1,1,-1,-1,1,1,-1,1,1,1,-1,-1,1,-1,1,1,-1,1,-1,1,1,-1,1,-1,-1,-1,1,-1,-1,1,-1,1,-1,1,1,-1,1,1,1,-1,1,-1,-1,1,1,-1,-1,1,-1,-1,1,-1,1,-1,1,-1,-1,1,1,-1,1,1,-1,1,-1,1,-1,1,1,-1,1,1,1,1,1,1,-1,1,1,1,1,1,-1,-1,1,1,1,1,1,-1,-1,1,-1,1,1,1,-1,-1,1,-1,1,-1,1,1,-1,1,-1,1,1,1,1,-1,-1,1,1,1,1,-1,-1,1,1,-1,-1,1,1,-1,1,-1,1,-1,1,-1,1,1,-1,1,1,1,-1,1,1,-1,1,-1,1,-1,-1,1,-1,1,1,1,1,-1,1,1,-1,1,1,-1,-1,1,-1,-1,1,-1,1,-1,-1,1,-1,1,1,-1,-1,1,1,-1,1,-1,1,-1,-1,1,-1,1,-1,-1,-1,-1,1,-1,-1,1,1,-1,-1,1,-1,1,1,-1,1,-1,1,-1,1,-1,1,-1,-1,-1,-1,-1,-1,-1,-1,-1,1,-1,1,-1,1,-1,-1,-1,1,-1,1,1,-1,-1,-1,-1,-1,-1,-1,-1,-1,-1,1,-1,1,1,-1,-1,-1,-1,1,-1,-1,1,-1,-1,-1,-1,-1,1,-1,-1,-1,-1,-1,-1,1,-1,1,-1,-1,1,-1,1,1,1,-1,-1,-1,-1,1,-1,1,-1,-1,-1,-1,1,1,-1,1,1,-1,1,1,1,1,1,1,1,-1,-1,-1,1,-1,-1,1,-1,1,-1,1,-1,1,-1,-1,-1,1,1,-1,1,1,-1,1,-1,1,-1,1,1,-1,1,-1,1,-1,-1,-1,-1,1,-1,1,-1,-1,-1,-1,1,-1,1,-1,1,1,1,1,-1,1,-1,1,1,-1,1,-1,1,-1,-1,1,-1,1,-1,-1,1,1,1,1,1,-1,1,1,1,1,-1,1,-1,-1,1,1,1,-1,-1,-1,1,1,1,1,-1,-1,-1,1,-1,1,-1,1,1,-1,-1,1,1,1,-1,-1,-1,-1,1,1,1,1,1,-1,-1,1,1,1,1,-1,-1,-1,1,-1,1,-1,1,-1,-1,1,1,1,1,1,-1,-1,1,-1,1,1,1,-1,-1,1,1,-1,1,1,-1,-1,1,1,1,1,1,-1,1,-1,1,-1,1,1,1,1,-1,1,1,1,1,-1,1,1,-1,1,1,1,1,-1,1,-1,1,-1,1,-1,1,-1,-1,1,-1,1,1,-1,1,-1,1,1,1,1,-1,1,-1,1,1,1,1,1,1,-1,1,-1,1,1,-1,-1,-1,1,1,1,1,1,1,-1,1,1,1,1,1,-1,1,-1,1,1,1,-1,-1,-1,-1,1,1,-1,1,-1,1,-1,1,1,1,-1,-1,-1,-1,1,1,-1,-1,-1,-1,1,-1,1,-1,-1,-1,1,-1,1,1,-1,-1,-1,1,-1,1,1,-1,-1,-1,1,1,1,1,-1,1,-1,1,-1,1,1,1,-1,-1,-1,1,1,1,1,-1,-1,1,-1,1,1,-1,1,-1,-1,1,1,1,1,-1,-1,-1,-1,1,-1,1,-1,1,-1,1,1,1,1,1,-1,-1,1,1,1,1,-1,1,-1,1,1,-1,1,-1,-1,1,1,1,1,-1,1,-1,-1,1,1,1,1,1,-1,-1,1,1,1,-1,1,1,-1,1,1,1,1,1,1,-1,1,1,1,1,1,1,-1,1,1,-1,1,1,-1,-1,1,1,-1,1,1,1,-1,1,-1,-1,1,1,1,-1,-1,1,-1,1,1,1,-1,1,1,-1,1,1,1,-1,1,1,-1,1,1,1,-1,-1,1,1,1,1,-1,1,-1,1,1,1,1,-1,1,-1,1,1,1,-1,-1,1,-1,1,1,-1,1,-1,-1,1,1,-1,1,-1,1,-1,-1,1,-1,1,-1,-1,-1,1,1,-1,1,-1,1,-1,-1,-1,1,1,-1,1,-1,-1,1,-1,1,-1,1,-1,-1,1,-1,1,1,1,1,-1,1,1,1,-1,-1,1,1,1,1,-1,-1,1,-1,-1,1,1,-1,-1,1,-1,-1,1,-1,1,-1,1,-1,1,1,-1,1,-1,-1,-1,-1,1,-1,-1,-1,1,-1,1,1,1,-1,1,1,-1,1,1,-1,-1,-1,1,-1,1,1,1,1,-1,1,-1,1,1,1,-1,1,1,-1,1,1,1,-1,-1,1,-1,1,1,-1,-1,-1,1,-1,-1,1,1,-1,-1,1,1,-1,1,-1,1,-1,1,-1,-1,1,-2670.0,1,2000,445,1500,True
963,-1,-1,1,1,1,1,-1,1,-1,-1,-1,1,-1,1,-1,-1,1,-1,1,1,-1,-1,-1,-1,-1,1,-1,-1,-1,-1,-1,-1,1,1,-1,-1,1,-1,-1,-1,1,-1,-1,-1,-1,-1,-1,1,-1,1,-1,-1,1,-1,1,-1,-1,1,-1,-1,-1,1,1,1,-1,-1,-1,-1,-1,-1,-1,1,-1,-1,-1,-1,-1,-1,1,-1,-1,1,1,-1,1,-1,-1,1,-1,1,-1,-1,-1,-1,-1,-1,-1,1,1,1,-1,-1,-1,-1,1,1,-1,-1,-1,-1,-1,1,1,1,-1,-1,-1,-1,1,1,-1,-1,-1,-1,-1,1,1,-1,1,-1,-1,-1,1,1,-1,1,-1,-1,-1,-1,1,-1,1,-1,-1,-1,1,1,1,-1,-1,-1,-1,-1,-1,1,-1,1,-1,-1,1,1,1,1,-1,-1,-1,1,-1,1,-1,-1,-1,-1,1,1,-1,1,-1,-1,1,-1,-1,1,-1,-1,-1,1,1,1,1,1,-1,-1,1,1,-1,1,1,-1,-1,1,1,-1,1,1,-1,-1,-1,1,-1,1,1,-1,-1,1,1,-1,1,1,-1,1,1,1,-1,-1,1,1,-1,-1,1,-1,1,1,-1,1,-1,1,-1,1,1,-1,1,1,1,-1,-1,1,-1,-1,1,1,-1,1,-1,1,1,1,1,-1,1,1,-1,1,1,-1,1,-1,-1,-1,1,1,-1,-1,1,1,-1,1,1,-1,-1,-1,1,-1,1,1,1,1,-1,1,-1,1,1,1,1,-1,-1,-1,-1,1,-1,1,-1,-1,-1,1,1,-1,1,1,-1,-1,-1,1,1,1,-1,-1,-1,1,1,-1,1,1,-1,-1,1,1,-1,1,-1,-1,-1,1,1,-1,1,-1,-1,-1,1,-1,-1,1,-1,-1,1,-1,-1,1,1,-1,1,1,1,1,-1,1,-1,1,1,1,-1,1,1,-1,-1,1,1,-1,1,-1,-1,-1,1,1,-1,1,-1,-1,1,-1,1,-1,1,-1,-1,1,-1,1,-1,1,1,-1,1,-1,1,1,1,1,-1,-1,1,1,-1,1,-1,-1,1,1,-1,-1,1,-1,-1,1,-1,1,-1,1,-1,1,1,-1,1,1,1,-1,1,1,-1,1,-1,1,-1,-1,1,-1,1,1,1,1,-1,1,1,-1,1,1,-1,-1,1,-1,-1,1,-1,1,-1,-1,1,-1,1,1,-1,-1,-1,1,-1,1,-1,1,-1,1,-1,-1,1,-1,-1,-1,-1,1,-1,-1,1,1,-1,-1,1,-1,1,1,-1,1,-1,1,-1,1,-1,1,-1,-1,-1,-1,1,-1,-1,1,-1,1,-1,1,-1,1,-1,-1,-1,1,1,-1,1,-1,-1,-1,-1,1,-1,-1,1,-1,-1,1,-1,-1,1,1,1,-1,-1,1,-1,-1,1,-1,-1,-1,1,-1,1,-1,1,-1,-1,1,-1,1,-1,1,-1,-1,1,-1,1,1,1,-1,-1,-1,1,1,-1,1,-1,1,-1,1,1,1,-1,1,1,-1,1,1,1,1,1,-1,1,-1,-1,-1,1,-1,1,1,-1,1,-1,1,-1,1,-1,-1,-1,1,1,-1,1,1,-1,1,-1,1,-1,1,1,-1,1,-1,1,-1,-1,-1,-1,1,-1,1,-1,-1,-1,-1,1,-1,1,-1,1,1,1,-1,-1,1,-1,1,1,-1,1,-1,1,-1,-1,1,-1,1,-1,-1,1,1,1,1,1,-1,1,1,1,1,-1,1,-1,-1,1,1,1,-1,-1,-1,1,1,1,1,-1,-1,-1,1,-1,1,-1,1,1,-1,-1,1,1,-1,-1,1,-1,-1,1,1,-1,1,1,1,-1,1,1,1,1,-1,1,-1,1,-1,1,-1,1,1,-1,1,1,1,1,1,1,-1,1,-1,1,-1,1,1,-1,1,1,-1,1,1,1,-1,1,1,1,1,1,1,-1,1,1,-1,-1,1,-1,-1,1,1,1,-1,1,-1,-1,1,-1,-1,1,1,-1,-1,1,-1,1,-1,1,1,-1,1,-1,1,-1,1,-1,-1,1,-1,1,1,1,1,-1,1,-1,1,-1,1,1,-1,1,-1,1,-1,1,1,-1,1,1,1,1,1,-1,1,1,-1,1,1,1,1,-1,1,-1,1,-1,1,1,-1,1,1,-1,1,1,1,-1,1,1,-1,1,1,1,1,1,-1,-1,1,1,1,1,1,-1,1,-1,1,1,1,1,1,-1,1,1,1,1,1,1,-1,1,-1,1,1,1,1,1,1,1,1,1,1,1,-1,1,1,-1,1,1,-1,1,1,1,1,1,1,1,-1,1,1,1,1,1,-1,1,1,1,1,1,1,-1,-1,1,-1,1,1,1,-1,1,1,1,1,1,-1,-1,1,1,1,1,1,1,-1,1,1,-1,1,1,-1,1,1,1,1,1,1,-1,-1,1,1,1,1,-1,1,-1,1,1,1,1,-1,-1,-1,1,1,1,1,-1,1,-1,1,1,1,1,1,-1,-1,1,1,-1,1,1,-1,-1,1,1,-1,1,-1,-1,-1,1,-1,1,1,1,-1,-1,-1,1,-1,1,1,-1,-1,1,1,-1,1,1,-1,1,1,1,-1,1,1,-1,1,-1,-1,1,1,1,-1,1,-1,1,1,1,-1,1,-1,1,1,1,1,-1,1,1,-1,-1,1,-1,1,1,-1,-1,1,-1,1,1,-1,1,-1,1,-1,1,-1,-1,1,-1,1,-1,1,-1,1,-1,-1,-1,1,1,-1,-1,1,-1,-1,-1,1,1,-1,1,-1,1,-1,1,1,-1,1,-1,-1,1,1,-1,-1,-1,1,1,1,1,-1,1,1,-1,1,1,-1,-1,1,-1,-1,-1,-1,1,-1,1,1,1,1,1,-1,-1,-1,-1,1,-1,-1,-1,-1,1,-1,1,1,1,-1,1,1,-1,1,1,1,1,-1,1,-1,1,1,1,1,-1,1,-1,1,1,1,1,-1,1,-1,1,1,1,1,-1,1,-1,1,1,1,-1,-1,1,-1,-1,1,1,-1,-1,-1,1,-1,1,1,1,-1,1,-1,-1,1,-2670.0,1,2000,445,1500,True
964,1,1,-1,-1,1,1,-1,-1,1,1,1,-1,-1,1,1,1,-1,1,1,-1,-1,-1,1,1,1,1,-1,-1,1,1,1,1,-1,-1,-1,-1,1,1,1,1,-1,-1,-1,1,1,1,1,-1,1,1,1,1,-1,1,-1,-1,1,-1,1,1,1,-1,-1,-1,1,1,1,1,-1,-1,-1,1,1,1,1,-1,-1,-1,1,1,1,-1,-1,-1,1,1,1,1,-1,-1,1,1,1,1,1,-1,-1,-1,1,-1,1,1,-1,-1,1,1,1,1,1,-1,-1,-1,1,-1,1,1,-1,-1,1,1,1,1,1,1,-1,-1,1,1,-1,1,1,-1,1,1,1,1,1,1,-1,1,1,1,1,1,1,-1,1,1,1,1,1,1,-1,-1,-1,1,1,1,1,-1,1,1,1,1,-1,1,-1,1,-1,1,1,1,-1,-1,1,1,1,1,1,-1,1,-1,-1,1,-1,1,-1,1,1,1,1,1,1,1,1,1,-1,1,-1,1,-1,1,1,-1,1,-1,1,1,-1,1,-1,1,-1,1,-1,1,1,-1,1,-1,1,1,1,1,-1,-1,1,1,-1,-1,1,-1,1,-1,-1,1,-1,1,-1,1,-1,1,-1,1,1,-1,-1,-1,1,1,-1,1,-1,1,1,1,-1,1,1,-1,-1,-1,1,-1,1,-1,1,-1,1,1,-1,1,-1,-1,-1,1,1,-1,1,-1,-1,-1,1,1,-1,-1,1,1,-1,-1,1,1,-1,1,1,-1,1,1,1,1,-1,1,-1,1,1,-1,1,-1,1,-1,1,1,1,1,1,1,-1,-1,1,-1,-1,1,1,1,-1,1,1,1,-1,1,1,1,1,1,1,1,1,-1,1,1,1,-1,1,1,-1,1,1,1,-1,1,1,-1,-1,1,1,1,-1,1,-1,1,1,1,-1,1,1,-1,1,1,1,-1,1,1,-1,1,1,1,-1,1,1,-1,-1,1,1,-1,1,1,-1,1,-1,1,-1,1,1,1,-1,1,1,1,-1,1,1,-1,1,1,-1,1,1,1,-1,-1,-1,-1,1,1,1,-1,1,1,-1,1,1,-1,-1,1,1,1,1,1,-1,1,1,1,-1,1,1,1,1,-1,1,1,-1,-1,1,-1,1,1,1,-1,1,1,-1,-1,-1,1,-1,-1,1,1,-1,1,1,-1,1,1,1,1,-1,1,-1,-1,1,-1,1,-1,1,1,-1,1,1,1,-1,-1,1,-1,1,1,1,-1,1,1,1,-1,1,1,-1,-1,1,-1,1,1,1,-1,1,1,1,1,1,1,-1,1,-1,1,1,1,-1,-1,1,-1,-1,1,1,-1,-1,1,-1,1,1,1,-1,-1,1,1,-1,1,1,-1,-1,1,-1,1,1,1,1,-1,1,-1,-1,-1,1,1,-1,-1,-1,1,-1,1,-1,-1,1,-1,-1,1,-1,1,-1,-1,1,-1,1,-1,1,-1,-1,1,-1,-1,1,1,1,-1,1,-1,1,-1,-1,-1,1,-1,-1,-1,1,-1,-1,1,1,1,-1,1,-1,1,1,1,-1,1,1,-1,1,-1,1,-1,-1,1,-1,-1,1,1,1,-1,1,-1,-1,1,1,-1,-1,1,-1,-1,1,1,-1,-1,1,-1,-1,-1,1,1,-1,1,1,-1,-1,1,-1,-1,1,-1,1,-1,1,1,-1,-1,1,-1,-1,-1,-1,-1,1,1,1,-1,1,1,-1,-1,1,-1,1,-1,-1,-1,1,1,-1,-1,-1,1,-1,1,1,-1,1,1,1,-1,-1,1,1,-1,-1,-1,-1,1,1,-1,-1,1,-1,-1,-1,1,1,-1,-1,-1,-1,-1,1,-1,-1,1,-1,-1,1,1,1,-1,1,-1,-1,-1,1,1,-1,-1,-1,-1,-1,1,1,1,-1,-1,-1,-1,1,1,-1,-1,-1,-1,1,1,1,1,-1,-1,1,1,1,1,1,-1,-1,-1,1,1,1,-1,1,-1,1,1,1,1,-1,1,-1,-1,1,-1,1,-1,1,-1,-1,1,-1,1,-1,-1,-1,-1,1,-1,1,-1,1,-1,-1,1,-1,1,-1,1,-1,-1,1,-1,1,-1,-1,-1,-1,1,1,-1,-1,-1,-1,-1,1,-1,1,-1,-1,-1,-1,-1,-1,-1,1,-1,-1,-1,1,-1,-1,1,-1,-1,-1,-1,-1,-1,1,-1,-1,-1,-1,-1,1,-1,-1,-1,1,-1,-1,1,-1,1,-1,-1,-1,-1,-1,-1,-1,1,-1,-1,-1,1,1,-1,-1,-1,1,-1,-1,-1,-1,-1,1,-1,-1,1,-1,1,-1,-1,-1,-1,1,-1,1,1,-1,1,-1,-1,1,1,-1,-1,-1,-1,-1,-1,1,1,-1,-1,1,-1,1,1,-1,-1,-1,1,-1,-1,1,-1,-1,1,-1,-1,1,1,1,-1,1,-1,1,1,1,-1,-1,1,-1,-1,1,1,1,-1,1,-1,-1,1,1,-1,1,1,-1,-1,1,1,-1,1,1,-1,-1,1,1,-1,1,1,-1,-1,1,1,1,1,1,1,-1,-1,1,-1,1,1,-1,-1,1,-1,1,1,1,1,-1,-1,1,-1,1,1,1,-1,1,1,1,1,-1,1,-1,1,1,1,1,1,1,1,-1,1,1,1,1,-1,1,-1,1,1,1,1,1,-1,1,1,1,1,-1,1,1,-1,1,1,-1,1,1,-1,-1,1,1,1,1,-1,1,-1,1,1,1,-1,-1,1,-1,1,1,1,-1,1,-1,-1,-1,1,1,-1,-1,1,-1,-1,1,1,-1,-1,1,-1,-1,1,1,1,-1,1,-1,-1,1,1,-1,-1,-1,1,-1,1,1,-1,1,1,-1,1,1,-1,-1,1,1,-1,-1,1,1,-1,1,1,-1,1,1,-1,-1,-1,-1,1,-1,-1,-1,-1,-1,1,-1,1,1,-1,1,1,-1,1,1,1,1,-1,1,-1,1,1,1,-1,-1,1,-1,-1,1,1,-1,-1,1,-1,1,1,1,-1,-1,1,-1,1,1,1,1,-1,1,-1,-1,1,1,1,-1,-1,1,-1,1,1,1,-1,1,-1,1,1,-2670.0,1,2000,445,500,False
965,-1,-1,1,1,1,1,-1,1,-1,-1,-1,1,-1,1,-1,-1,1,-1,1,1,-1,-1,-1,-1,-1,1,-1,-1,-1,-1,-1,-1,1,1,-1,-1,1,-1,-1,-1,1,-1,-1,-1,-1,-1,-1,1,-1,1,-1,-1,1,-1,1,-1,-1,1,-1,-1,-1,1,1,1,-1,-1,-1,-1,-1,-1,-1,1,-1,-1,-1,-1,-1,-1,1,-1,-1,1,1,-1,1,-1,-1,-1,-1,1,-1,-1,-1,-1,-1,-1,-1,1,1,1,-1,-1,-1,-1,1,1,1,-1,-1,-1,-1,1,1,1,-1,-1,-1,-1,1,1,1,-1,-1,-1,-1,1,1,1,1,-1,-1,-1,1,1,1,-1,-1,-1,-1,-1,1,1,1,-1,-1,-1,1,1,1,-1,-1,-1,-1,-1,-1,1,1,-1,-1,-1,1,1,1,1,-1,-1,1,1,-1,1,-1,-1,-1,-1,1,1,1,-1,-1,-1,1,-1,-1,1,-1,-1,-1,1,1,1,1,1,-1,1,1,1,-1,1,-1,-1,-1,1,1,-1,1,1,-1,-1,-1,1,-1,1,-1,-1,-1,1,1,-1,1,-1,-1,1,1,1,-1,-1,1,-1,-1,-1,1,-1,1,1,-1,1,-1,1,-1,1,1,-1,-1,1,1,-1,-1,1,1,-1,-1,1,-1,1,1,1,-1,1,1,-1,1,1,-1,-1,1,-1,1,-1,1,1,-1,1,-1,-1,1,-1,-1,-1,1,-1,-1,-1,-1,1,1,-1,1,1,-1,-1,-1,-1,-1,1,1,-1,1,-1,1,-1,-1,1,-1,1,1,-1,1,-1,1,1,-1,1,-1,-1,-1,1,-1,-1,1,-1,1,-1,1,1,-1,1,1,1,-1,1,-1,-1,1,1,-1,-1,1,-1,-1,1,-1,1,-1,1,-1,-1,1,1,-1,1,1,-1,1,-1,1,-1,-1,1,-1,1,1,1,1,1,1,-1,1,1,1,1,1,-1,-1,1,1,1,1,1,-1,-1,1,-1,1,1,1,-1,-1,1,-1,1,-1,1,1,-1,1,-1,1,1,1,1,-1,-1,1,1,1,-1,-1,-1,1,1,-1,-1,1,1,-1,1,-1,1,-1,1,-1,1,1,-1,1,1,1,-1,1,1,-1,1,-1,1,-1,-1,1,-1,1,1,1,1,-1,1,1,-1,1,1,-1,-1,1,-1,-1,1,-1,1,-1,-1,1,-1,-1,1,-1,-1,-1,1,-1,1,-1,1,-1,1,1,-1,1,-1,-1,-1,-1,1,-1,-1,1,1,-1,-1,1,-1,1,1,-1,1,-1,1,-1,1,-1,1,-1,-1,-1,-1,-1,-1,-1,-1,-1,1,-1,1,-1,1,-1,-1,-1,1,1,-1,1,-1,-1,-1,-1,1,-1,-1,-1,-1,-1,1,-1,1,1,-1,-1,-1,-1,1,-1,-1,1,-1,-1,-1,1,-1,1,-1,-1,-1,-1,-1,-1,1,-1,1,-1,-1,1,-1,1,1,1,-1,-1,-1,1,1,-1,1,-1,-1,-1,1,1,1,-1,1,1,-1,1,1,1,1,1,-1,1,-1,-1,-1,1,-1,-1,1,-1,1,-1,1,-1,1,-1,-1,-1,1,1,-1,1,1,-1,1,-1,1,-1,1,1,-1,1,-1,1,-1,-1,-1,-1,1,-1,1,-1,-1,-1,-1,1,-1,1,-1,1,1,1,-1,-1,1,-1,1,1,-1,1,-1,1,-1,-1,1,-1,1,-1,-1,1,1,1,1,1,-1,1,1,1,1,-1,1,-1,-1,1,1,1,-1,-1,-1,1,1,1,1,-1,-1,-1,1,-1,1,-1,1,1,-1,-1,1,1,1,-1,-1,-1,-1,1,1,1,1,1,-1,-1,1,1,1,1,1,-1,-1,1,-1,1,-1,1,-1,1,1,1,1,1,1,-1,-1,1,-1,1,1,1,-1,-1,1,1,-1,1,1,-1,-1,1,1,1,1,1,1,-1,-1,1,-1,1,1,-1,1,-1,1,1,1,1,-1,1,1,-1,1,1,1,-1,-1,1,-1,1,-1,1,1,1,-1,-1,1,-1,1,1,-1,1,-1,1,1,1,1,-1,1,-1,1,1,1,1,-1,1,-1,1,-1,1,1,1,-1,-1,1,1,1,1,-1,1,-1,1,1,1,1,1,-1,1,-1,1,1,1,-1,-1,-1,-1,1,1,1,-1,-1,1,-1,1,1,1,1,1,-1,-1,1,1,1,-1,-1,-1,1,-1,1,-1,1,-1,1,-1,1,1,1,1,-1,1,-1,1,-1,1,1,-1,1,1,1,1,1,1,-1,1,-1,1,1,1,1,1,-1,1,1,1,1,-1,-1,1,-1,1,1,1,1,1,-1,1,1,1,1,1,1,-1,-1,1,-1,1,1,-1,-1,1,1,1,1,1,-1,-1,1,1,1,1,1,1,-1,1,1,-1,1,1,-1,1,1,1,1,1,1,-1,-1,1,1,1,1,-1,-1,-1,1,1,1,1,1,1,-1,1,1,1,1,1,1,-1,1,1,1,1,1,1,-1,1,1,-1,1,1,-1,-1,1,1,-1,1,1,1,-1,1,-1,1,1,1,1,-1,-1,1,-1,1,1,1,-1,1,1,-1,1,-1,1,-1,1,1,-1,1,1,1,-1,-1,1,1,1,1,-1,1,-1,1,1,1,1,-1,1,-1,1,1,1,-1,-1,1,-1,1,1,-1,1,-1,-1,-1,1,-1,1,-1,1,-1,-1,1,-1,1,-1,-1,-1,-1,1,-1,1,-1,1,-1,-1,-1,1,1,-1,1,-1,-1,-1,-1,1,-1,1,-1,-1,1,-1,1,1,1,1,-1,-1,1,1,-1,-1,1,1,1,1,1,-1,1,-1,-1,1,1,-1,-1,1,-1,-1,-1,-1,1,-1,1,-1,1,1,1,-1,-1,1,-1,-1,-1,-1,-1,-1,1,-1,1,1,1,-1,1,1,-1,1,1,1,1,-1,1,-1,1,1,1,1,-1,1,-1,1,1,1,1,-1,1,-1,1,1,1,1,-1,1,-1,1,1,1,-1,-1,1,-1,-1,1,1,-1,-1,-1,1,-1,1,1,1,-1,1,-1,-1,1,-2670.0,1,2000,445,1500,True
966,1,1,-1,-1,1,-1,-1,-1,1,1,1,-1,1,1,1,1,-1,1,-1,-1,1,-1,1,1,1,-1,-1,-1,1,1,1,1,-1,-1,-1,-1,1,-1,1,1,-1,-1,-1,1,1,1,1,-1,1,1,1,1,-1,1,-1,-1,1,-1,1,1,1,-1,-1,-1,1,1,1,1,-1,-1,-1,1,1,1,1,-1,-1,-1,1,1,1,-1,-1,-1,1,1,1,1,-1,-1,-1,1,1,1,1,-1,-1,1,1,-1,1,1,-1,-1,1,1,1,1,1,-1,-1,1,1,1,1,1,-1,-1,1,1,1,1,1,1,-1,-1,1,1,-1,1,1,-1,1,1,1,1,1,1,-1,-1,1,1,1,1,1,-1,1,1,1,1,1,1,-1,-1,-1,1,1,1,1,-1,1,1,1,1,-1,1,-1,1,-1,1,1,1,-1,-1,1,1,1,1,1,-1,1,-1,-1,1,-1,1,-1,1,1,1,1,1,1,1,1,1,1,1,-1,1,-1,1,1,-1,1,-1,1,1,-1,1,-1,1,-1,1,-1,1,1,-1,-1,-1,1,1,1,1,-1,-1,1,1,-1,-1,1,-1,1,-1,-1,1,-1,1,-1,1,-1,1,-1,1,1,-1,1,-1,1,1,-1,1,-1,1,1,1,-1,1,1,-1,1,-1,1,-1,1,-1,1,-1,1,1,-1,1,-1,-1,-1,1,1,-1,1,-1,-1,-1,1,1,-1,-1,1,1,-1,-1,1,1,-1,1,1,-1,1,1,1,-1,-1,1,-1,1,1,-1,1,-1,1,1,-1,1,1,-1,-1,1,-1,-1,1,-1,1,-1,1,1,-1,1,1,1,-1,1,-1,-1,1,1,-1,-1,1,-1,1,1,1,1,-1,1,-1,1,1,1,-1,1,1,-1,1,-1,1,-1,-1,1,-1,1,1,1,1,1,1,-1,1,1,1,1,1,-1,-1,1,1,1,1,1,-1,-1,1,1,1,1,1,-1,-1,-1,-1,1,-1,1,1,-1,1,1,1,1,1,1,-1,-1,-1,1,1,-1,-1,-1,1,-1,-1,-1,1,1,-1,1,-1,1,-1,1,-1,1,-1,1,1,1,1,-1,1,-1,1,1,-1,1,-1,-1,-1,-1,1,1,1,1,-1,-1,1,-1,1,1,-1,-1,1,-1,-1,1,-1,1,-1,1,-1,1,1,1,-1,-1,1,1,-1,1,-1,1,-1,-1,1,-1,1,-1,-1,-1,-1,1,-1,-1,1,1,-1,-1,1,-1,1,1,-1,1,-1,1,-1,1,-1,1,-1,-1,1,-1,-1,-1,-1,-1,1,1,-1,1,-1,1,-1,1,-1,1,1,-1,1,-1,1,-1,-1,1,-1,-1,-1,1,-1,1,-1,-1,1,-1,1,-1,-1,1,-1,-1,1,-1,1,-1,-1,-1,1,-1,1,1,-1,-1,-1,1,-1,1,-1,-1,1,-1,1,1,1,1,-1,-1,1,1,-1,1,1,-1,-1,1,1,1,-1,1,1,-1,1,1,1,1,-1,-1,1,-1,-1,-1,1,-1,-1,1,1,1,-1,1,-1,1,-1,-1,-1,1,1,-1,1,1,-1,-1,-1,1,-1,1,1,-1,1,-1,1,-1,-1,-1,-1,-1,-1,1,-1,-1,-1,-1,-1,-1,1,-1,1,1,1,1,-1,1,-1,1,1,-1,-1,-1,1,-1,-1,1,-1,1,-1,-1,1,1,1,1,-1,-1,1,1,1,1,-1,1,-1,-1,1,1,1,-1,-1,-1,-1,1,1,1,-1,-1,-1,1,-1,1,-1,1,-1,-1,-1,1,1,1,-1,-1,-1,-1,1,1,1,1,-1,-1,-1,1,1,1,1,-1,-1,-1,1,-1,1,-1,-1,-1,-1,1,1,1,1,-1,-1,1,1,-1,1,1,-1,-1,-1,1,1,-1,1,-1,-1,-1,1,1,1,1,-1,-1,1,1,1,-1,-1,-1,1,1,-1,1,1,-1,-1,-1,1,1,-1,1,1,-1,1,1,1,-1,1,-1,-1,-1,1,-1,1,-1,-1,-1,-1,1,1,-1,1,1,-1,-1,1,-1,-1,1,-1,1,-1,1,1,-1,1,-1,1,-1,1,-1,-1,1,-1,-1,-1,1,1,1,-1,-1,-1,-1,1,-1,1,-1,-1,-1,-1,-1,-1,-1,1,-1,-1,-1,1,-1,-1,1,-1,-1,-1,-1,-1,1,1,-1,-1,-1,-1,-1,1,-1,-1,-1,1,-1,-1,1,-1,1,-1,-1,-1,-1,-1,-1,-1,1,-1,-1,-1,1,1,-1,-1,-1,1,-1,1,-1,-1,-1,1,-1,-1,1,1,1,-1,-1,-1,-1,1,-1,1,1,-1,1,-1,-1,1,1,-1,-1,-1,-1,-1,-1,1,1,-1,-1,1,-1,1,1,-1,-1,-1,1,-1,-1,1,-1,-1,1,-1,-1,1,1,1,-1,1,-1,1,1,1,-1,-1,1,-1,-1,1,1,1,-1,1,-1,-1,1,1,-1,1,1,-1,-1,1,1,1,1,1,-1,-1,1,1,-1,1,1,-1,-1,1,1,1,1,1,1,-1,1,1,1,-1,1,-1,-1,1,-1,1,1,1,1,-1,-1,1,-1,1,1,1,-1,1,1,1,1,-1,1,-1,1,1,1,1,1,1,-1,-1,1,1,1,1,-1,1,-1,1,1,1,1,-1,1,-1,1,1,1,-1,-1,1,-1,1,1,-1,1,-1,-1,-1,1,1,1,-1,1,-1,-1,1,1,1,-1,-1,-1,-1,1,1,1,-1,1,-1,-1,-1,1,1,-1,1,-1,-1,-1,1,1,-1,-1,1,-1,1,1,1,1,1,1,-1,-1,1,1,-1,-1,1,1,1,-1,1,-1,1,-1,-1,1,1,-1,-1,1,-1,-1,-1,1,1,-1,1,-1,1,1,1,-1,-1,1,-1,1,-1,-1,-1,-1,1,-1,1,1,1,-1,1,1,-1,1,1,1,1,-1,1,-1,1,1,1,1,-1,1,-1,1,1,1,1,-1,1,-1,1,1,1,1,-1,1,-1,1,1,-1,-1,-1,1,-1,-1,1,1,-1,-1,-1,1,-1,1,-1,1,-1,1,-1,-1,1,-2670.0,1,2000,445,1500,True
967,-1,-1,1,1,1,1,-1,1,-1,-1,-1,1,-1,1,-1,-1,1,-1,1,1,-1,1,-1,-1,-1,1,-1,-1,1,-1,-1,-1,1,1,-1,1,1,-1,-1,-1,1,-1,1,-1,-1,1,-1,1,-1,-1,-1,-1,1,1,1,-1,-1,1,-1,-1,-1,1,1,1,-1,1,-1,-1,-1,-1,1,-1,-1,-1,1,-1,-1,1,-1,-1,-1,-1,1,-1,-1,-1,-1,1,-1,1,-1,-1,-1,1,1,-1,-1,1,-1,1,1,1,-1,-1,1,-1,-1,1,1,-1,-1,1,-1,-1,1,1,-1,-1,1,-1,-1,1,1,1,-1,1,-1,-1,1,1,1,-1,1,-1,-1,1,1,1,-1,-1,-1,-1,1,1,1,-1,1,-1,-1,-1,1,1,-1,-1,1,-1,-1,1,1,-1,1,1,-1,-1,1,1,-1,1,1,-1,1,1,-1,-1,1,-1,-1,1,1,-1,1,-1,1,-1,1,1,-1,1,1,-1,-1,-1,1,-1,1,1,1,-1,1,1,1,-1,1,1,-1,1,1,-1,-1,1,1,-1,1,1,-1,1,1,1,-1,1,1,1,1,1,1,1,-1,1,-1,-1,1,1,1,-1,1,1,-1,1,1,-1,-1,1,-1,1,1,1,1,-1,1,-1,1,1,1,-1,1,1,1,1,1,1,-1,-1,-1,1,1,-1,1,1,-1,-1,1,1,-1,1,1,1,1,1,1,-1,1,1,1,1,-1,1,1,1,1,1,1,1,1,1,1,-1,-1,1,-1,1,-1,1,1,-1,-1,1,1,-1,1,1,1,-1,1,1,1,1,1,1,-1,-1,1,-1,1,-1,1,-1,1,1,-1,1,1,1,-1,1,1,-1,1,1,-1,1,1,-1,-1,1,1,-1,1,-1,-1,1,1,1,-1,1,1,1,-1,1,1,1,1,1,-1,1,1,1,1,1,1,-1,1,1,1,-1,1,1,-1,1,1,1,1,-1,1,-1,1,1,1,1,-1,1,-1,1,-1,1,1,-1,1,1,-1,-1,1,1,-1,1,-1,1,1,1,1,1,-1,-1,1,1,1,1,-1,1,-1,1,1,-1,1,-1,1,1,1,1,1,1,-1,1,-1,1,1,1,1,-1,1,1,1,-1,1,1,1,1,1,1,1,1,1,-1,-1,1,-1,1,1,-1,1,-1,1,-1,1,-1,-1,1,-1,1,-1,-1,1,-1,1,-1,1,1,1,1,-1,1,-1,-1,1,-1,1,-1,1,-1,1,1,-1,1,-1,1,-1,-1,1,-1,1,-1,-1,-1,1,1,1,1,-1,1,-1,1,-1,-1,1,-1,1,-1,1,-1,-1,1,-1,-1,-1,1,-1,-1,1,-1,-1,-1,1,1,-1,1,1,-1,-1,1,-1,-1,1,-1,-1,-1,1,1,-1,-1,1,-1,-1,-1,-1,1,-1,1,-1,-1,1,-1,-1,1,1,-1,-1,-1,1,-1,1,1,-1,1,-1,1,-1,-1,-1,1,1,-1,1,-1,1,1,1,-1,1,-1,1,1,-1,-1,1,1,1,1,-1,-1,1,-1,1,1,1,-1,-1,-1,1,1,1,1,1,-1,-1,-1,1,1,-1,1,-1,-1,-1,1,1,1,1,-1,-1,1,1,1,1,1,-1,-1,-1,-1,1,-1,1,-1,1,-1,-1,1,1,1,-1,-1,1,-1,1,-1,1,1,-1,-1,-1,-1,1,1,1,-1,-1,-1,1,1,1,1,-1,-1,1,-1,1,1,-1,-1,-1,-1,-1,1,1,-1,1,-1,1,1,1,1,1,-1,-1,-1,-1,1,1,1,-1,-1,-1,1,1,1,1,-1,-1,-1,-1,1,1,1,-1,1,-1,1,1,1,1,-1,-1,1,1,1,1,1,-1,-1,1,-1,1,1,1,-1,-1,1,1,1,1,1,-1,-1,-1,1,1,1,1,1,-1,-1,-1,1,-1,-1,1,-1,1,-1,1,1,-1,1,-1,-1,1,1,-1,1,-1,-1,1,-1,-1,1,-1,1,-1,1,-1,1,-1,1,-1,-1,1,1,1,-1,1,1,-1,1,-1,1,-1,1,-1,-1,1,-1,1,-1,-1,1,1,1,1,1,-1,1,1,-1,1,1,1,1,-1,1,-1,1,-1,1,-1,1,1,1,-1,1,1,-1,1,1,1,-1,1,1,1,-1,-1,-1,-1,1,1,-1,-1,1,-1,1,-1,-1,1,-1,1,1,-1,1,1,-1,-1,1,1,-1,1,1,-1,-1,-1,1,1,1,1,-1,-1,1,1,-1,1,1,-1,-1,1,-1,1,1,1,-1,1,-1,1,-1,1,1,-1,1,-1,-1,1,1,1,-1,-1,-1,-1,-1,1,-1,-1,-1,1,-1,1,1,-1,-1,-1,1,-1,1,1,1,-1,1,1,-1,1,1,1,-1,1,-1,1,1,1,-1,-1,1,-1,-1,1,1,1,1,-1,1,-1,1,1,1,-1,1,-1,-1,1,1,1,1,-1,1,-1,1,1,1,1,1,-1,-1,1,1,-1,1,1,-1,-1,-1,1,-1,1,-1,-1,-1,1,-1,1,1,1,-1,-1,-1,1,-1,1,1,-1,-1,1,1,-1,1,1,-1,1,1,1,-1,1,1,-1,1,-1,1,1,1,1,-1,1,-1,1,1,1,-1,1,-1,1,1,1,1,-1,1,1,-1,1,1,-1,1,1,-1,-1,1,-1,1,1,-1,1,-1,1,-1,1,-1,-1,1,-1,1,-1,1,-1,1,-1,-1,-1,1,1,-1,-1,1,-1,-1,-1,1,1,-1,1,-1,-1,-1,1,1,-1,1,-1,-1,1,1,-1,-1,-1,1,-1,1,1,-1,1,1,-1,1,1,-1,-1,1,1,-1,-1,-1,1,-1,1,1,-1,1,1,-1,-1,-1,-1,1,-1,-1,-1,-1,1,-1,-1,1,1,-1,1,1,-1,1,1,1,1,-1,1,-1,1,1,1,1,-1,1,-1,-1,1,1,1,-1,1,-1,1,1,1,1,-1,1,-1,1,1,1,-1,-1,1,-1,-1,1,1,-1,-1,-1,1,-1,1,-1,1,-1,1,-1,-1,1,-2670.0,1,2000,445,1500,True
968,1,1,-1,-1,1,1,-1,-1,1,1,1,-1,-1,1,1,1,-1,1,-1,-1,-1,-1,1,1,1,-1,-1,-1,1,1,1,1,-1,-1,-1,-1,1,-1,1,1,-1,-1,-1,1,1,1,1,-1,1,1,1,1,-1,1,-1,-1,1,-1,1,1,1,-1,-1,-1,1,1,1,1,-1,-1,-1,1,1,1,1,-1,-1,-1,1,1,1,-1,-1,-1,1,1,1,1,-1,-1,-1,1,1,1,1,-1,-1,1,1,-1,1,1,-1,-1,1,1,1,1,1,-1,-1,-1,1,1,1,1,-1,-1,1,1,1,1,1,1,-1,-1,1,1,-1,1,1,-1,1,1,1,1,1,1,-1,1,1,1,1,1,1,-1,1,1,1,1,1,1,-1,-1,-1,1,1,1,1,-1,1,1,1,1,-1,1,-1,1,-1,1,1,1,-1,-1,1,1,1,1,1,-1,1,-1,-1,1,-1,1,-1,1,1,1,1,1,1,1,1,1,-1,1,-1,1,-1,1,1,-1,1,-1,1,1,-1,1,-1,1,-1,1,-1,1,1,-1,1,-1,1,1,1,1,-1,-1,1,1,-1,-1,1,-1,1,-1,-1,1,-1,1,-1,1,-1,1,-1,1,1,-1,-1,-1,1,1,-1,1,-1,1,1,1,-1,1,1,-1,-1,-1,1,-1,1,-1,1,-1,1,1,-1,1,-1,-1,-1,1,1,-1,1,-1,-1,-1,1,1,-1,-1,1,1,-1,-1,1,1,-1,1,1,-1,1,1,1,1,-1,1,-1,1,1,-1,1,-1,1,-1,1,1,1,1,1,1,-1,-1,1,-1,-1,-1,1,1,-1,1,1,1,-1,1,1,1,1,1,1,1,1,-1,1,1,1,-1,1,1,-1,1,1,1,-1,1,1,-1,-1,1,1,1,-1,1,-1,1,1,1,-1,1,1,-1,1,1,1,-1,1,1,-1,1,1,1,-1,1,1,1,-1,1,1,-1,1,1,-1,1,-1,1,-1,1,1,1,-1,1,1,1,-1,1,1,-1,1,1,-1,1,1,1,-1,-1,-1,-1,1,1,1,-1,1,1,-1,1,1,-1,-1,1,1,1,1,1,-1,1,1,1,-1,1,1,1,-1,-1,1,1,1,-1,1,-1,1,1,1,-1,1,1,-1,-1,-1,1,-1,-1,1,1,-1,1,1,-1,1,1,1,1,-1,1,-1,-1,1,-1,1,-1,1,1,1,1,1,1,-1,-1,1,-1,1,1,1,-1,1,1,1,-1,1,1,-1,-1,1,-1,1,1,1,-1,1,1,1,1,1,1,-1,1,-1,-1,1,1,-1,-1,1,-1,-1,1,1,-1,-1,1,-1,1,1,1,-1,-1,1,-1,-1,1,1,-1,-1,1,-1,1,1,1,1,-1,1,1,-1,-1,1,1,-1,-1,1,1,-1,1,-1,-1,1,-1,-1,1,-1,1,-1,-1,1,-1,1,-1,1,-1,-1,1,-1,-1,1,1,1,-1,1,-1,1,-1,1,1,1,-1,-1,-1,1,-1,-1,-1,1,1,-1,1,-1,1,1,1,-1,1,1,-1,-1,-1,1,-1,-1,1,-1,-1,1,1,1,-1,1,-1,-1,1,1,-1,-1,1,-1,-1,1,1,-1,-1,1,-1,-1,-1,1,1,-1,1,1,-1,-1,1,-1,-1,1,-1,1,-1,1,1,-1,-1,1,-1,-1,-1,-1,-1,1,1,1,-1,1,1,-1,-1,1,-1,-1,-1,-1,-1,1,1,-1,-1,-1,-1,-1,1,1,-1,1,1,1,-1,-1,1,1,-1,-1,-1,-1,1,1,-1,-1,1,-1,-1,-1,1,1,-1,-1,-1,-1,-1,1,-1,-1,1,-1,-1,1,1,1,-1,1,-1,-1,-1,1,1,-1,-1,-1,-1,-1,1,1,1,-1,-1,-1,-1,1,1,-1,-1,-1,-1,1,1,1,1,-1,-1,1,1,1,1,1,-1,-1,-1,1,1,1,1,1,-1,1,1,1,1,-1,1,-1,-1,1,-1,1,-1,1,-1,-1,1,-1,1,-1,-1,-1,-1,1,-1,1,-1,1,1,-1,1,-1,1,-1,1,1,-1,1,-1,1,-1,-1,-1,-1,1,1,-1,-1,-1,-1,-1,1,-1,1,-1,-1,-1,-1,-1,-1,-1,1,-1,-1,-1,1,-1,-1,1,-1,-1,-1,-1,-1,1,1,-1,-1,-1,-1,-1,1,-1,-1,-1,1,-1,-1,1,-1,1,-1,-1,-1,-1,-1,-1,-1,1,-1,-1,-1,1,1,-1,-1,-1,1,1,-1,-1,-1,-1,1,-1,-1,1,-1,1,-1,-1,-1,-1,1,-1,1,1,-1,1,-1,-1,1,1,-1,-1,-1,-1,-1,-1,1,1,-1,-1,1,-1,1,1,-1,-1,-1,1,-1,-1,1,-1,-1,1,-1,-1,1,1,1,-1,1,-1,1,1,1,-1,-1,1,-1,-1,1,1,1,-1,1,-1,-1,1,1,-1,1,1,-1,-1,1,1,1,1,1,-1,-1,1,1,-1,1,1,-1,-1,1,1,1,1,1,1,-1,-1,1,1,1,1,-1,-1,1,-1,1,1,1,1,-1,-1,1,-1,1,1,1,-1,1,1,1,1,-1,1,-1,1,1,1,1,1,1,1,-1,1,1,1,1,-1,1,-1,1,1,1,1,1,-1,1,1,1,1,-1,1,1,-1,1,1,-1,1,1,-1,-1,1,1,1,1,-1,1,-1,1,1,1,-1,-1,1,-1,1,1,1,-1,1,-1,-1,-1,1,1,-1,-1,1,-1,-1,1,1,-1,-1,1,-1,-1,1,1,1,-1,1,-1,-1,1,1,-1,-1,-1,1,-1,1,1,-1,1,1,-1,1,1,-1,-1,1,1,-1,-1,1,1,-1,1,1,-1,1,1,-1,-1,-1,-1,1,-1,-1,-1,-1,-1,1,-1,1,1,-1,1,1,-1,1,1,1,1,-1,1,-1,1,1,1,-1,-1,1,-1,-1,-1,1,-1,-1,1,-1,1,1,1,-1,-1,1,-1,1,1,1,1,-1,1,-1,-1,1,1,-1,-1,-1,1,-1,1,-1,1,-1,1,-1,-1,1,-2670.0,1,2000,445,1500,False
969,-1,-1,1,1,1,1,-1,1,-1,-1,-1,1,-1,1,-1,-1,1,-1,1,1,-1,1,-1,-1,-1,1,-1,-1,1,-1,-1,-1,1,1,-1,1,1,-1,-1,-1,1,-1,1,-1,-1,-1,-1,-1,1,-1,-1,-1,1,-1,1,-1,-1,1,-1,-1,-1,1,1,1,-1,1,-1,-1,-1,-1,1,-1,-1,-1,-1,-1,-1,1,-1,-1,-1,1,1,-1,-1,-1,-1,1,-1,1,1,-1,-1,1,-1,-1,-1,-1,-1,1,1,1,-1,-1,-1,-1,-1,1,1,-1,-1,1,-1,-1,1,1,-1,-1,1,-1,-1,1,1,-1,-1,1,-1,-1,1,1,-1,-1,-1,-1,-1,1,1,1,-1,-1,-1,-1,1,1,1,-1,1,-1,-1,-1,1,-1,-1,-1,1,-1,1,1,1,-1,1,-1,-1,-1,1,1,-1,1,1,-1,1,1,-1,-1,-1,-1,-1,1,1,-1,-1,1,1,-1,1,1,-1,-1,-1,-1,-1,-1,1,-1,1,-1,1,-1,1,1,-1,1,-1,1,-1,1,1,-1,-1,1,1,-1,1,1,1,-1,1,1,-1,1,1,-1,-1,-1,1,1,-1,1,-1,-1,1,1,-1,-1,1,-1,-1,-1,1,-1,-1,1,-1,1,-1,1,1,-1,-1,-1,1,-1,1,-1,1,1,-1,1,-1,1,-1,-1,1,1,-1,-1,1,1,1,1,1,-1,-1,1,1,-1,1,1,-1,-1,1,1,1,1,1,-1,-1,1,1,1,1,1,1,-1,1,-1,-1,-1,1,1,-1,1,1,-1,-1,1,1,-1,1,1,1,-1,1,1,-1,1,1,1,-1,-1,1,-1,1,-1,1,-1,1,1,-1,1,1,1,-1,1,-1,1,1,1,-1,1,1,-1,-1,1,1,-1,1,1,-1,1,1,1,-1,1,1,1,-1,1,1,1,1,1,-1,1,-1,1,1,1,1,-1,1,1,1,-1,1,1,-1,1,1,1,1,-1,1,-1,1,1,1,1,-1,1,-1,1,-1,1,1,-1,1,1,1,-1,1,1,-1,1,-1,1,1,1,1,1,-1,-1,1,-1,1,1,-1,1,-1,1,1,-1,1,-1,1,1,1,1,1,1,-1,1,-1,1,1,1,1,-1,1,1,1,-1,1,1,1,-1,1,1,1,1,1,-1,-1,1,-1,1,1,-1,1,-1,-1,1,1,-1,-1,1,-1,1,-1,-1,1,-1,1,-1,1,-1,-1,1,-1,1,-1,-1,1,-1,1,-1,1,-1,1,1,-1,1,-1,1,-1,1,-1,-1,1,-1,-1,-1,-1,-1,1,1,-1,1,-1,1,-1,-1,1,-1,-1,1,1,-1,-1,1,-1,-1,-1,1,-1,1,1,-1,-1,1,-1,1,-1,1,1,-1,-1,1,-1,1,1,-1,-1,-1,-1,-1,-1,-1,1,-1,-1,-1,-1,1,-1,1,-1,-1,1,-1,-1,1,1,-1,-1,-1,1,-1,1,1,-1,1,-1,1,-1,-1,1,1,1,-1,1,-1,1,1,1,-1,1,-1,1,1,-1,-1,1,1,1,-1,1,-1,1,-1,1,1,1,-1,-1,-1,1,-1,1,1,1,-1,-1,-1,1,1,-1,1,-1,-1,-1,1,1,1,1,-1,-1,1,1,1,1,1,-1,-1,-1,-1,1,-1,1,-1,1,-1,-1,1,1,1,-1,-1,1,-1,1,-1,1,1,-1,-1,-1,-1,1,1,1,-1,-1,-1,1,1,1,1,-1,-1,1,-1,1,1,-1,-1,-1,-1,-1,1,1,-1,1,-1,1,1,1,1,1,-1,-1,-1,-1,1,1,-1,1,-1,-1,1,1,1,1,-1,-1,-1,-1,1,1,1,-1,1,-1,1,1,1,1,-1,-1,1,-1,1,-1,1,-1,-1,1,-1,1,1,1,1,-1,1,1,1,1,1,-1,-1,-1,1,1,1,-1,1,-1,-1,-1,1,-1,-1,1,-1,1,-1,1,1,-1,1,-1,-1,1,1,-1,1,-1,-1,1,-1,-1,1,-1,1,-1,1,-1,1,-1,1,-1,-1,1,-1,1,-1,1,1,-1,1,-1,1,-1,1,-1,-1,1,-1,1,-1,-1,1,1,1,1,1,-1,1,1,-1,1,1,1,1,-1,1,-1,1,-1,1,-1,1,1,1,-1,1,1,-1,1,1,1,-1,1,1,1,-1,1,-1,-1,1,1,-1,-1,1,-1,1,-1,-1,1,-1,1,1,-1,1,1,-1,-1,1,1,-1,1,1,-1,-1,-1,1,1,1,1,-1,-1,1,1,-1,1,1,-1,-1,1,-1,1,1,1,1,-1,-1,1,-1,1,1,-1,1,-1,-1,1,1,1,-1,-1,-1,-1,-1,1,-1,1,-1,1,-1,1,1,1,1,-1,-1,-1,1,1,1,1,-1,1,-1,1,1,-1,1,-1,-1,1,1,1,1,-1,1,-1,-1,1,1,1,1,-1,-1,-1,1,1,1,1,-1,-1,-1,1,1,1,1,1,-1,-1,1,1,1,1,1,-1,-1,1,1,-1,1,1,-1,-1,1,1,-1,1,-1,-1,-1,1,-1,1,1,1,-1,-1,-1,1,-1,1,1,-1,-1,1,1,-1,1,1,-1,1,1,1,-1,1,1,-1,1,-1,1,1,1,1,-1,1,-1,1,1,1,-1,-1,1,-1,1,1,1,1,1,1,-1,1,1,-1,1,1,-1,-1,1,-1,1,-1,1,1,-1,1,-1,1,1,-1,1,-1,1,-1,1,1,1,-1,-1,-1,1,1,-1,1,1,-1,-1,-1,1,-1,1,1,-1,1,-1,1,1,1,-1,-1,-1,1,1,1,1,-1,1,1,1,1,-1,1,1,-1,1,1,1,1,1,-1,-1,-1,-1,1,1,1,-1,1,1,-1,1,1,1,-1,1,-1,1,1,1,1,-1,1,1,1,-1,1,1,-1,1,1,1,1,1,1,-1,1,1,1,1,1,1,-1,1,1,1,1,1,1,-1,1,1,1,1,1,1,-1,1,1,1,1,1,1,-1,-1,1,1,-1,1,1,1,-1,1,1,-1,1,1,-1,-1,1,-2670.0,1,2000,445,1500,True
970,-1,-1,1,1,1,1,-1,1,-1,-1,-1,1,-1,1,-1,-1,1,-1,1,1,1,-1,-1,-1,-1,1,-1,-1,-1,-1,-1,-1,1,1,-1,-1,1,-1,-1,-1,1,-1,-1,-1,-1,-1,-1,-1,1,1,-1,-1,1,-1,1,-1,-1,1,-1,-1,-1,1,1,1,-1,-1,-1,-1,-1,-1,-1,1,-1,-1,-1,-1,1,-1,1,-1,-1,1,1,-1,1,-1,-1,1,-1,1,-1,-1,-1,-1,-1,-1,-1,1,1,1,-1,-1,-1,-1,1,1,1,-1,-1,-1,-1,1,1,1,-1,-1,-1,-1,1,1,1,-1,-1,-1,-1,1,1,1,1,-1,-1,-1,1,1,1,-1,-1,-1,-1,1,1,1,1,-1,-1,-1,-1,1,1,-1,-1,-1,-1,1,-1,1,1,-1,-1,-1,1,1,1,1,-1,-1,-1,1,-1,1,-1,-1,-1,-1,1,1,1,-1,-1,-1,1,-1,-1,1,-1,-1,-1,1,1,1,1,1,-1,1,1,1,-1,1,-1,-1,-1,1,1,-1,1,1,-1,-1,-1,1,-1,1,1,-1,-1,1,1,-1,1,1,-1,1,1,1,-1,-1,1,-1,-1,-1,1,-1,1,1,-1,1,-1,1,-1,1,1,-1,-1,1,1,-1,-1,1,1,-1,-1,1,-1,1,1,1,-1,1,1,-1,1,1,-1,-1,1,-1,1,-1,1,-1,-1,1,-1,-1,1,1,1,-1,1,-1,-1,-1,1,1,-1,-1,1,1,-1,1,-1,-1,-1,1,1,-1,1,-1,1,-1,-1,1,-1,1,1,-1,1,-1,1,1,-1,1,-1,-1,-1,1,-1,-1,1,-1,1,-1,1,1,-1,1,1,1,-1,1,-1,-1,1,1,-1,-1,1,-1,1,1,-1,1,-1,1,-1,1,1,1,-1,1,1,-1,1,-1,1,-1,1,1,-1,1,1,1,1,1,1,-1,1,1,1,1,1,-1,-1,1,1,1,1,1,-1,-1,1,1,1,1,1,-1,-1,-1,-1,1,-1,1,1,-1,1,1,1,1,1,1,-1,-1,-1,1,1,-1,-1,-1,1,-1,-1,-1,1,1,-1,1,-1,1,-1,1,-1,1,-1,1,1,1,1,-1,1,-1,1,1,-1,1,-1,-1,-1,-1,1,1,1,1,-1,-1,1,-1,1,1,-1,-1,1,-1,-1,1,-1,1,-1,1,-1,1,-1,1,-1,-1,1,1,-1,1,-1,1,-1,-1,1,-1,1,-1,-1,-1,-1,1,-1,-1,1,1,-1,-1,1,-1,1,1,-1,1,-1,1,-1,1,-1,1,-1,-1,1,-1,-1,-1,-1,-1,1,1,-1,1,-1,1,-1,1,-1,1,1,1,1,-1,1,-1,-1,1,-1,-1,-1,1,-1,1,-1,1,1,-1,1,-1,-1,1,-1,-1,1,-1,1,-1,1,-1,1,-1,1,1,-1,-1,-1,1,-1,1,-1,-1,1,-1,1,1,1,1,-1,-1,1,1,-1,1,1,1,-1,1,1,1,-1,1,1,-1,1,1,1,1,-1,-1,1,-1,-1,-1,1,-1,1,1,-1,1,-1,1,-1,1,-1,-1,-1,1,1,-1,1,1,-1,1,-1,1,-1,1,1,-1,1,-1,1,-1,-1,-1,-1,1,-1,1,-1,-1,-1,-1,1,-1,1,-1,1,1,1,1,-1,1,-1,1,1,-1,1,-1,1,-1,-1,1,-1,1,-1,-1,1,1,1,1,1,-1,1,1,1,1,-1,1,-1,-1,1,1,1,-1,-1,-1,1,1,1,1,-1,-1,-1,1,-1,1,-1,1,1,-1,-1,1,1,1,-1,-1,-1,-1,1,1,1,1,1,-1,-1,1,1,1,1,1,-1,-1,1,-1,1,-1,1,-1,1,1,1,1,1,1,-1,-1,1,-1,1,1,1,-1,-1,1,1,-1,1,1,-1,-1,1,1,1,1,1,1,-1,1,1,-1,1,1,-1,1,-1,1,1,-1,1,-1,-1,1,-1,1,1,1,-1,-1,1,-1,1,-1,1,1,-1,-1,1,-1,-1,1,1,-1,1,-1,1,-1,1,1,-1,-1,-1,1,-1,1,1,-1,1,-1,1,-1,1,1,1,-1,-1,-1,-1,1,1,-1,-1,1,-1,-1,1,1,1,-1,1,-1,-1,1,1,-1,-1,-1,1,-1,1,1,-1,-1,-1,1,-1,1,1,1,1,1,1,-1,1,1,-1,-1,1,-1,-1,1,-1,1,-1,1,-1,1,1,1,1,-1,-1,-1,-1,1,1,1,-1,1,1,1,1,1,1,-1,1,-1,-1,1,1,1,-1,1,-1,1,1,1,1,-1,1,-1,1,1,1,1,1,-1,1,1,1,1,1,1,-1,-1,1,-1,1,1,1,-1,1,1,1,1,1,1,-1,-1,1,1,1,1,1,-1,1,1,-1,1,1,-1,1,1,1,1,1,1,-1,-1,1,1,1,1,1,-1,-1,1,1,1,1,1,1,-1,1,1,1,1,1,1,-1,1,1,1,1,1,1,-1,1,1,-1,1,1,1,-1,1,1,-1,1,1,1,-1,1,-1,-1,1,1,1,-1,-1,1,-1,1,1,1,-1,1,1,-1,1,-1,1,-1,1,1,-1,1,1,1,-1,-1,1,1,1,1,-1,1,-1,1,1,1,1,-1,1,-1,1,1,1,-1,-1,1,-1,1,1,-1,1,-1,-1,-1,1,-1,1,-1,1,-1,-1,1,-1,1,-1,-1,-1,-1,1,-1,1,-1,1,-1,-1,-1,1,1,-1,1,-1,-1,-1,-1,1,-1,-1,1,-1,1,-1,1,1,1,1,-1,-1,1,1,-1,-1,1,1,1,1,-1,-1,1,-1,-1,1,1,-1,-1,1,-1,-1,-1,-1,1,-1,1,-1,1,1,-1,1,-1,-1,-1,-1,-1,-1,-1,-1,1,-1,1,1,1,-1,1,1,-1,1,1,-1,-1,-1,1,-1,1,1,1,1,-1,1,-1,1,1,1,-1,-1,1,-1,1,1,1,1,-1,1,-1,1,1,-1,-1,-1,1,-1,-1,1,1,-1,-1,-1,1,-1,1,-1,1,-1,1,-1,-1,1,-2670.0,1,2000,445,1500,True
971,1,-1,1,1,1,1,-1,-1,-1,-1,-1,1,-1,1,-1,-1,1,-1,1,1,1,1,-1,-1,-1,1,-1,-1,1,-1,-1,-1,1,1,-1,-1,1,1,-1,-1,1,-1,-1,-1,-1,-1,-1,-1,1,1,1,-1,1,-1,1,-1,1,-1,1,-1,-1,1,1,1,1,1,-1,-1,-1,-1,1,1,1,1,-1,-1,1,-1,1,-1,-1,1,1,-1,1,1,1,-1,-1,1,-1,1,-1,1,-1,-1,-1,1,1,1,1,1,-1,-1,1,1,1,1,1,-1,-1,1,1,1,1,1,-1,-1,1,1,1,1,1,-1,-1,1,1,1,1,1,-1,-1,1,1,1,1,1,-1,-1,1,1,1,1,1,1,-1,-1,1,1,1,1,-1,-1,1,-1,1,1,1,-1,-1,1,-1,1,1,1,1,-1,1,-1,1,1,1,-1,-1,1,1,1,1,1,-1,1,-1,-1,1,1,1,-1,1,1,1,1,-1,1,-1,1,1,-1,1,-1,1,-1,1,1,-1,1,-1,1,-1,-1,1,-1,1,-1,1,-1,1,1,-1,1,-1,1,-1,-1,1,-1,-1,1,1,-1,-1,1,-1,1,1,-1,1,-1,1,-1,1,1,1,-1,1,1,-1,-1,1,1,-1,-1,1,-1,1,1,1,-1,1,1,-1,1,-1,1,-1,1,-1,1,-1,1,1,-1,1,-1,-1,1,1,1,-1,1,-1,-1,-1,-1,1,1,-1,1,1,-1,-1,1,-1,-1,1,1,-1,1,1,1,-1,-1,1,-1,1,1,-1,1,-1,1,1,-1,1,-1,-1,-1,1,-1,-1,1,-1,1,-1,1,1,-1,1,1,1,-1,1,-1,-1,1,1,-1,-1,1,-1,-1,1,-1,1,-1,1,-1,-1,1,1,-1,1,1,-1,1,-1,1,-1,1,1,-1,1,1,1,1,1,1,-1,1,1,1,1,1,-1,-1,1,1,1,1,1,-1,-1,1,-1,1,1,1,-1,-1,1,-1,1,-1,1,1,-1,1,-1,1,1,1,1,-1,-1,1,1,1,-1,-1,-1,1,1,-1,-1,1,1,-1,1,-1,1,-1,1,-1,1,1,-1,1,1,1,-1,1,1,-1,1,-1,1,-1,-1,1,-1,1,1,1,1,-1,1,1,-1,1,1,-1,-1,1,-1,-1,1,-1,1,-1,-1,1,-1,-1,1,-1,-1,-1,1,-1,1,-1,1,-1,1,1,-1,1,-1,-1,-1,-1,1,-1,-1,1,1,-1,-1,1,-1,1,1,-1,1,-1,1,-1,1,-1,1,-1,-1,-1,-1,-1,-1,-1,-1,-1,1,-1,1,-1,1,-1,-1,-1,1,1,-1,1,-1,-1,-1,-1,1,-1,-1,-1,-1,-1,1,-1,1,1,-1,-1,-1,-1,1,-1,-1,1,-1,-1,-1,-1,-1,1,-1,-1,-1,-1,-1,-1,1,-1,1,-1,-1,1,-1,1,1,1,-1,-1,-1,1,1,-1,1,-1,-1,-1,1,1,1,-1,1,1,-1,1,1,1,1,1,1,1,-1,-1,-1,1,-1,-1,1,1,-1,1,1,-1,1,-1,-1,-1,1,1,-1,1,1,-1,-1,-1,1,-1,1,1,-1,-1,-1,1,-1,-1,-1,-1,1,-1,1,-1,-1,-1,-1,-1,-1,1,-1,1,1,1,1,-1,1,-1,1,1,-1,-1,-1,1,-1,-1,1,-1,1,-1,-1,1,1,1,1,-1,-1,1,1,1,1,-1,1,-1,-1,1,1,1,-1,1,-1,1,1,1,1,-1,-1,-1,1,-1,1,-1,1,1,-1,-1,1,1,1,-1,-1,-1,-1,1,1,1,1,-1,-1,-1,1,1,1,1,1,-1,-1,1,-1,1,-1,1,-1,1,1,1,1,1,1,-1,-1,1,-1,1,1,1,-1,-1,1,1,-1,1,1,-1,-1,1,1,1,1,1,-1,1,-1,1,-1,1,1,-1,1,-1,1,1,1,1,-1,1,1,-1,1,-1,-1,1,-1,1,-1,1,-1,-1,-1,1,-1,-1,1,-1,-1,1,-1,1,-1,1,1,1,-1,-1,1,-1,1,1,1,-1,1,1,-1,1,-1,-1,-1,-1,-1,-1,1,1,1,-1,1,1,-1,1,1,1,-1,1,-1,1,-1,1,1,-1,-1,-1,-1,-1,1,1,-1,1,-1,1,-1,1,1,-1,-1,-1,-1,-1,1,-1,-1,-1,-1,-1,1,-1,-1,1,-1,-1,1,-1,1,1,-1,-1,-1,1,-1,1,1,-1,-1,-1,1,1,1,1,-1,1,-1,1,-1,1,1,-1,-1,-1,1,1,1,1,1,-1,-1,1,-1,1,1,-1,1,-1,-1,1,1,1,-1,-1,-1,-1,-1,1,-1,-1,-1,1,-1,1,1,1,1,1,-1,-1,1,1,1,1,-1,1,-1,1,1,-1,1,-1,-1,1,1,1,1,-1,1,-1,-1,1,1,1,1,1,-1,-1,1,1,1,-1,1,1,-1,1,1,1,1,1,1,-1,1,1,1,1,1,1,-1,1,1,-1,1,1,-1,-1,1,1,-1,1,1,1,-1,1,-1,1,1,1,1,-1,-1,1,-1,1,1,1,-1,1,1,-1,1,1,1,-1,1,1,-1,1,1,1,-1,-1,1,1,1,1,-1,1,-1,1,1,1,1,-1,1,-1,1,1,1,-1,-1,1,-1,1,1,-1,1,-1,-1,-1,1,-1,1,-1,1,-1,-1,1,-1,1,-1,-1,-1,-1,1,-1,1,-1,1,-1,-1,-1,1,1,-1,1,-1,-1,1,-1,1,-1,-1,1,-1,1,-1,1,1,1,1,-1,-1,1,-1,-1,-1,1,1,1,1,-1,-1,1,-1,-1,1,1,-1,-1,1,-1,-1,-1,-1,1,-1,1,-1,1,1,-1,1,-1,-1,-1,1,-1,-1,-1,-1,1,-1,1,1,1,-1,1,1,-1,1,1,-1,-1,-1,1,-1,1,1,1,1,-1,1,-1,1,1,1,-1,-1,1,-1,1,1,1,-1,-1,1,-1,1,1,-1,-1,-1,1,-1,-1,1,1,-1,-1,-1,1,-1,1,-1,1,-1,1,-1,-1,1,-2670.0,1,2000,445,1500,True
972,-1,-1,1,1,1,1,-1,1,-1,-1,-1,1,-1,1,-1,-1,1,-1,1,1,1,-1,-1,-1,-1,1,-1,-1,-1,-1,-1,-1,1,1,-1,-1,1,-1,-1,-1,1,-1,-1,-1,-1,-1,1,-1,1,1,-1,-1,1,-1,1,-1,-1,1,-1,-1,-1,1,1,1,-1,-1,-1,-1,-1,-1,-1,1,-1,-1,-1,-1,1,-1,1,-1,-1,1,1,-1,1,-1,-1,-1,-1,1,-1,-1,-1,-1,-1,-1,1,1,1,1,-1,-1,-1,-1,1,1,-1,-1,-1,-1,-1,1,1,1,-1,-1,-1,-1,1,1,-1,-1,-1,-1,-1,1,1,-1,1,-1,-1,-1,1,1,-1,1,-1,-1,-1,1,1,-1,1,-1,-1,-1,-1,1,1,-1,-1,-1,-1,1,-1,1,-1,1,-1,-1,1,1,1,1,-1,-1,1,1,-1,1,-1,-1,-1,-1,1,1,-1,1,-1,-1,1,-1,-1,1,-1,-1,-1,1,1,1,1,1,-1,-1,1,1,-1,1,1,-1,-1,1,1,-1,1,1,-1,-1,-1,1,-1,1,1,-1,-1,1,1,-1,1,1,-1,1,1,1,-1,-1,1,1,-1,-1,1,-1,1,1,-1,1,-1,1,-1,1,1,-1,1,1,1,-1,-1,1,-1,-1,1,1,-1,1,-1,1,1,1,1,-1,1,1,-1,1,-1,-1,1,-1,-1,-1,1,1,-1,-1,1,-1,-1,1,1,-1,-1,-1,1,-1,1,-1,1,1,-1,1,-1,1,1,1,1,-1,-1,-1,-1,1,-1,1,-1,-1,-1,1,-1,-1,1,1,-1,-1,-1,1,-1,1,-1,-1,-1,1,1,-1,1,1,-1,-1,1,1,-1,1,-1,-1,-1,1,1,1,1,-1,-1,-1,1,-1,1,1,-1,-1,1,-1,-1,1,1,-1,1,1,-1,1,-1,1,-1,1,1,1,-1,1,1,-1,-1,1,1,-1,1,-1,-1,-1,1,1,-1,1,-1,-1,1,-1,1,-1,1,-1,-1,1,-1,1,-1,1,1,-1,1,-1,1,1,1,1,-1,-1,1,1,-1,1,-1,-1,1,1,-1,-1,1,1,-1,1,-1,1,-1,1,-1,1,1,-1,1,1,1,-1,1,1,-1,1,-1,1,-1,-1,1,-1,1,1,1,1,-1,1,1,1,1,1,-1,-1,1,-1,-1,1,-1,1,-1,-1,1,-1,1,1,-1,-1,-1,1,-1,1,-1,1,-1,1,1,-1,1,1,-1,-1,-1,1,-1,-1,1,1,-1,-1,1,-1,1,1,-1,1,-1,1,-1,-1,1,1,-1,-1,-1,-1,1,1,-1,1,-1,1,-1,1,-1,1,-1,-1,1,-1,1,-1,1,-1,-1,-1,-1,1,-1,-1,1,-1,-1,-1,1,-1,1,1,1,-1,-1,1,-1,-1,1,-1,-1,-1,1,-1,1,-1,1,-1,-1,-1,-1,1,-1,1,-1,-1,1,-1,1,1,1,-1,-1,-1,1,1,-1,1,-1,-1,-1,1,1,1,-1,1,1,-1,1,1,1,1,1,-1,1,-1,-1,-1,1,-1,-1,1,-1,1,-1,1,-1,1,-1,-1,-1,1,1,-1,1,1,-1,1,-1,1,-1,1,1,-1,1,-1,1,-1,-1,-1,-1,1,-1,1,-1,-1,-1,-1,1,-1,1,-1,1,1,1,-1,-1,1,-1,1,1,-1,1,-1,1,-1,-1,1,-1,1,-1,-1,1,1,1,1,1,-1,1,1,1,1,-1,1,-1,-1,1,1,1,-1,-1,-1,1,1,1,1,-1,-1,-1,1,-1,1,-1,1,1,-1,-1,1,1,-1,-1,1,-1,-1,1,1,-1,1,1,1,-1,1,1,1,1,-1,1,-1,1,-1,1,-1,1,1,-1,1,1,1,1,1,1,-1,1,-1,1,-1,1,1,-1,1,1,-1,1,1,1,-1,1,1,1,1,1,1,-1,1,1,-1,-1,1,-1,-1,1,1,1,-1,1,-1,-1,1,-1,1,1,1,-1,-1,1,-1,1,-1,1,1,-1,1,-1,1,-1,1,-1,-1,1,-1,1,1,1,1,-1,1,-1,1,-1,1,1,-1,1,-1,1,-1,1,1,-1,1,1,1,1,1,-1,1,1,-1,1,1,1,1,-1,1,-1,1,-1,1,1,-1,1,1,-1,1,1,1,-1,1,1,-1,1,1,1,1,1,-1,-1,1,1,1,1,1,-1,1,-1,1,1,1,1,1,-1,1,1,1,1,1,1,-1,1,1,1,1,1,1,1,1,1,1,1,1,1,-1,1,1,1,1,1,-1,1,1,1,1,-1,1,1,-1,1,1,1,1,1,-1,1,1,1,1,1,1,-1,-1,1,-1,1,1,1,-1,1,1,1,1,1,-1,-1,1,1,1,1,1,1,-1,1,1,-1,1,1,-1,1,1,1,1,1,1,-1,-1,1,1,1,1,-1,1,-1,1,1,1,1,-1,-1,-1,1,1,1,1,-1,1,-1,1,1,1,1,1,-1,-1,1,1,-1,1,1,-1,-1,-1,1,1,1,-1,-1,-1,1,-1,-1,1,1,-1,-1,-1,1,-1,1,1,-1,-1,1,1,-1,1,1,-1,1,1,1,-1,1,1,-1,1,-1,1,1,1,1,-1,1,-1,1,1,1,-1,1,-1,1,1,1,1,-1,1,1,-1,1,1,-1,1,1,-1,-1,1,-1,1,1,-1,1,-1,1,-1,1,-1,-1,1,-1,1,-1,1,-1,1,-1,-1,-1,1,1,-1,1,1,-1,-1,-1,1,-1,1,-1,1,-1,-1,1,1,-1,1,-1,-1,1,-1,-1,-1,-1,1,-1,1,-1,-1,1,1,-1,1,1,-1,-1,1,-1,-1,-1,-1,1,-1,1,1,-1,1,-1,1,-1,-1,-1,1,-1,-1,-1,-1,1,-1,-1,1,1,-1,1,1,-1,1,1,-1,-1,-1,1,-1,1,1,1,1,-1,1,-1,-1,1,1,-1,-1,1,-1,1,1,1,-1,-1,1,-1,1,1,-1,-1,-1,1,-1,-1,1,1,-1,-1,-1,1,-1,1,-1,1,-1,1,-1,-1,1,-2670.0,1,2000,445,1500,True
973,-1,-1,1,1,1,1,-1,1,-1,-1,-1,1,-1,1,-1,-1,1,-1,1,1,-1,1,-1,-1,-1,1,-1,-1,1,-1,-1,-1,1,1,-1,-1,-1,1,1,-1,1,-1,-1,-1,-1,1,-1,1,-1,1,-1,-1,1,1,1,-1,1,-1,1,-1,1,1,1,1,-1,1,-1,1,1,-1,1,-1,-1,-1,1,-1,-1,-1,1,-1,-1,1,1,-1,1,-1,-1,1,1,1,-1,1,-1,1,1,1,-1,1,1,1,1,1,1,-1,1,1,-1,1,1,1,-1,1,1,-1,1,1,1,-1,1,1,-1,1,1,1,-1,1,1,-1,1,1,1,-1,1,1,-1,1,1,1,-1,-1,1,-1,1,1,1,-1,1,1,1,-1,1,1,-1,-1,-1,1,-1,1,1,-1,1,1,1,1,1,1,-1,1,1,-1,1,1,1,-1,1,1,-1,1,1,1,1,-1,-1,1,1,1,-1,1,1,1,1,1,1,1,1,1,-1,1,1,1,-1,1,1,-1,1,1,1,1,-1,1,-1,-1,1,1,-1,1,1,-1,1,1,1,1,1,1,-1,-1,1,1,-1,-1,1,-1,1,1,-1,1,1,1,-1,1,1,1,-1,1,1,-1,-1,1,-1,1,-1,1,-1,1,1,1,-1,1,1,-1,1,-1,1,-1,1,-1,1,-1,-1,1,-1,1,-1,-1,1,1,1,-1,1,-1,-1,-1,1,1,-1,-1,1,1,-1,1,1,1,-1,1,1,-1,-1,-1,1,-1,-1,1,-1,-1,-1,-1,1,-1,1,1,-1,-1,1,-1,-1,1,-1,-1,-1,-1,1,-1,1,1,-1,-1,1,1,-1,1,-1,-1,-1,1,-1,-1,1,-1,-1,1,1,1,-1,1,-1,-1,1,1,-1,1,1,-1,1,-1,1,-1,-1,1,-1,1,1,1,1,1,1,-1,-1,1,1,1,1,-1,-1,-1,1,1,1,1,-1,-1,1,-1,1,1,1,-1,-1,1,-1,1,-1,1,1,-1,1,-1,1,1,1,1,-1,-1,1,1,1,-1,-1,-1,1,1,-1,-1,1,1,-1,1,-1,1,-1,1,-1,1,1,-1,1,1,1,-1,1,1,-1,1,-1,1,-1,-1,1,-1,1,1,1,1,-1,1,1,-1,1,1,-1,-1,1,-1,-1,1,-1,1,-1,-1,1,-1,-1,1,-1,-1,-1,1,-1,1,-1,1,-1,1,1,-1,1,-1,-1,-1,-1,1,-1,-1,1,1,-1,-1,1,-1,1,1,-1,1,-1,1,-1,1,-1,1,-1,-1,-1,-1,1,-1,-1,1,-1,1,-1,1,-1,1,-1,-1,-1,1,1,1,1,-1,-1,-1,-1,1,-1,-1,-1,-1,-1,1,-1,1,1,-1,1,-1,-1,1,-1,-1,1,-1,-1,-1,1,-1,1,-1,1,-1,-1,1,-1,1,-1,1,-1,-1,1,-1,1,1,1,-1,-1,-1,1,1,-1,1,-1,-1,-1,1,1,1,-1,1,1,-1,1,1,1,1,1,-1,1,-1,-1,-1,1,-1,1,1,1,-1,1,1,-1,1,-1,-1,-1,1,1,-1,1,1,-1,-1,1,1,-1,1,1,-1,-1,-1,1,-1,-1,-1,-1,1,-1,1,-1,-1,-1,-1,-1,-1,1,-1,1,1,1,1,-1,1,-1,1,1,-1,1,-1,1,-1,-1,1,-1,1,-1,-1,1,1,1,1,1,1,-1,1,1,1,-1,1,-1,1,1,1,1,-1,-1,-1,1,1,1,1,-1,1,-1,1,-1,1,-1,1,1,-1,-1,1,1,1,-1,1,-1,-1,1,1,1,1,1,1,-1,1,1,1,1,1,1,-1,1,-1,1,-1,1,1,-1,1,1,1,1,1,1,-1,1,-1,1,1,1,1,-1,1,1,-1,1,1,1,1,1,1,1,1,1,1,-1,1,1,-1,-1,1,-1,-1,1,1,1,-1,1,-1,-1,1,-1,-1,1,1,-1,-1,1,-1,1,-1,-1,1,-1,1,-1,1,-1,1,-1,-1,1,-1,1,-1,1,-1,-1,1,-1,1,-1,1,-1,-1,1,-1,1,-1,-1,-1,-1,1,1,1,1,1,-1,1,1,-1,1,1,1,1,-1,1,-1,1,-1,1,-1,-1,1,1,-1,1,1,-1,1,1,1,-1,1,1,1,-1,1,-1,-1,1,1,-1,1,1,-1,1,-1,-1,-1,-1,1,1,-1,1,1,-1,-1,1,1,-1,1,1,-1,-1,-1,1,1,1,1,-1,1,1,1,-1,1,1,-1,-1,1,-1,1,1,-1,-1,-1,-1,1,-1,1,1,-1,1,-1,-1,1,1,1,-1,-1,-1,-1,-1,1,-1,-1,-1,1,-1,1,1,-1,-1,-1,1,-1,1,1,1,-1,1,-1,-1,1,1,1,-1,1,-1,1,1,1,-1,-1,1,-1,-1,1,1,-1,-1,1,-1,-1,1,1,-1,1,1,-1,-1,1,1,-1,-1,1,-1,-1,1,1,-1,-1,1,-1,-1,1,1,-1,-1,-1,1,-1,1,1,-1,-1,1,-1,-1,1,-1,1,-1,1,1,-1,-1,1,-1,1,-1,1,-1,1,1,-1,1,-1,1,-1,1,1,-1,1,1,1,-1,-1,-1,-1,1,1,-1,1,-1,1,-1,1,1,-1,1,-1,1,1,1,-1,-1,1,-1,1,1,-1,1,-1,-1,-1,1,-1,1,-1,1,-1,-1,1,-1,1,-1,-1,-1,-1,1,-1,1,-1,-1,-1,-1,-1,1,1,-1,1,-1,-1,-1,-1,1,-1,1,1,-1,1,-1,1,1,1,1,-1,-1,1,1,-1,-1,1,1,1,1,1,-1,1,-1,-1,1,1,-1,-1,1,-1,-1,-1,-1,1,-1,1,1,1,1,1,-1,-1,-1,-1,-1,-1,-1,-1,-1,1,-1,1,1,1,-1,1,1,-1,1,1,1,1,-1,1,-1,1,1,1,1,-1,1,-1,1,1,1,1,-1,1,-1,1,1,1,1,-1,1,-1,1,1,1,-1,-1,1,-1,-1,1,1,-1,-1,-1,1,-1,1,1,1,-1,1,-1,-1,1,-2670.0,1,2000,445,1500,True
974,-1,-1,1,1,1,1,-1,1,-1,-1,-1,1,-1,1,-1,-1,1,-1,1,1,-1,1,-1,-1,-1,1,-1,-1,-1,-1,-1,-1,1,1,-1,1,1,-1,-1,-1,1,-1,1,-1,-1,-1,-1,1,-1,-1,1,-1,1,-1,1,-1,-1,1,-1,-1,-1,1,1,1,-1,-1,-1,-1,-1,-1,1,-1,-1,-1,-1,-1,-1,1,-1,-1,-1,1,1,-1,-1,-1,-1,-1,-1,1,-1,-1,-1,-1,-1,-1,-1,1,-1,1,-1,-1,-1,-1,1,-1,-1,-1,-1,-1,-1,1,-1,1,-1,-1,-1,-1,1,-1,-1,-1,-1,-1,-1,1,-1,-1,1,-1,-1,-1,-1,-1,-1,1,-1,-1,-1,-1,-1,-1,1,-1,-1,-1,1,-1,-1,-1,-1,-1,-1,-1,1,-1,-1,1,-1,-1,-1,-1,-1,-1,-1,-1,1,-1,1,-1,-1,-1,-1,-1,-1,-1,-1,1,-1,-1,-1,1,1,-1,-1,-1,-1,-1,-1,-1,-1,1,-1,-1,1,-1,1,-1,1,-1,-1,1,-1,1,-1,1,-1,-1,-1,-1,1,-1,1,-1,1,1,-1,1,1,1,-1,1,-1,-1,1,1,-1,1,-1,-1,1,1,-1,1,-1,1,-1,-1,1,1,1,-1,1,1,-1,1,1,1,-1,-1,1,-1,1,1,-1,1,1,1,-1,1,1,1,-1,1,-1,-1,1,-1,-1,-1,1,-1,-1,1,1,-1,-1,1,-1,-1,1,-1,1,-1,1,-1,-1,1,1,1,-1,1,1,-1,1,1,-1,-1,-1,1,-1,1,-1,-1,-1,1,1,-1,1,1,1,-1,-1,1,-1,1,-1,-1,-1,1,1,-1,1,1,-1,-1,1,1,-1,1,-1,-1,-1,1,-1,1,1,-1,-1,-1,1,1,-1,1,-1,-1,1,-1,1,-1,1,-1,1,1,-1,1,-1,1,-1,1,1,1,-1,1,1,-1,-1,1,1,-1,1,-1,-1,-1,1,1,1,1,-1,-1,1,-1,1,1,1,-1,-1,1,1,1,-1,1,1,-1,1,-1,1,-1,-1,1,-1,-1,1,1,-1,1,-1,-1,1,1,1,-1,1,1,-1,1,-1,1,-1,1,-1,1,1,-1,1,-1,1,-1,1,1,-1,-1,1,1,-1,-1,1,-1,1,-1,-1,1,-1,1,1,-1,-1,1,-1,-1,1,1,-1,1,-1,1,-1,-1,1,-1,-1,1,-1,-1,-1,1,-1,1,-1,1,-1,1,1,-1,-1,-1,-1,-1,-1,1,-1,-1,1,1,-1,-1,1,-1,1,-1,-1,1,-1,1,-1,-1,1,1,-1,-1,-1,1,-1,-1,-1,1,-1,1,-1,-1,1,1,-1,-1,-1,1,-1,1,1,-1,-1,-1,-1,-1,-1,-1,-1,-1,-1,1,-1,1,1,-1,1,-1,-1,1,-1,-1,1,-1,-1,-1,1,-1,1,-1,1,-1,-1,-1,-1,1,-1,1,-1,-1,1,-1,1,1,1,-1,-1,-1,-1,1,-1,1,-1,-1,-1,1,1,1,-1,1,1,-1,1,1,1,1,1,1,1,-1,1,1,-1,1,-1,1,-1,-1,1,-1,-1,1,-1,-1,1,-1,-1,-1,1,1,-1,1,1,-1,-1,1,1,-1,-1,1,-1,-1,-1,-1,-1,1,1,-1,-1,-1,-1,-1,1,1,-1,-1,1,1,1,-1,1,-1,-1,1,1,-1,1,1,-1,-1,-1,1,-1,-1,1,1,-1,1,1,1,1,1,-1,1,1,1,-1,1,1,1,-1,1,1,-1,1,1,-1,1,1,1,-1,1,1,-1,-1,1,-1,1,-1,1,-1,1,1,1,-1,1,1,-1,1,1,1,1,1,1,1,1,1,1,1,1,1,-1,1,-1,1,-1,1,1,1,1,1,1,1,1,1,-1,1,-1,1,1,1,1,1,-1,1,-1,1,1,1,1,1,1,1,1,1,1,-1,1,1,-1,-1,1,-1,-1,1,1,1,-1,1,1,-1,1,-1,-1,1,1,-1,-1,1,-1,1,-1,1,1,-1,1,-1,1,-1,1,-1,1,1,-1,1,1,1,1,-1,1,-1,1,-1,1,1,-1,1,-1,1,-1,1,1,-1,1,1,1,1,1,-1,1,1,-1,1,1,1,1,-1,1,-1,1,-1,1,1,-1,1,1,-1,1,1,1,-1,1,1,-1,1,1,1,1,1,-1,-1,1,1,1,1,1,-1,1,-1,1,1,1,1,-1,-1,1,1,1,1,1,1,-1,1,-1,1,1,1,-1,1,1,1,1,1,1,1,-1,1,1,-1,1,1,-1,1,1,1,1,-1,1,-1,1,1,1,1,1,1,1,-1,1,1,1,1,1,-1,-1,1,-1,1,1,1,-1,1,1,1,1,1,-1,-1,1,1,1,1,1,1,-1,1,1,-1,1,1,-1,1,1,1,1,1,1,-1,-1,1,-1,1,1,-1,1,-1,1,1,1,1,-1,-1,-1,1,1,1,1,-1,1,-1,1,1,1,1,1,-1,-1,1,1,-1,1,1,-1,-1,1,1,-1,1,-1,-1,-1,1,-1,1,1,1,-1,1,1,1,-1,1,1,-1,-1,1,1,-1,1,1,-1,1,1,1,-1,1,1,-1,1,-1,1,1,1,1,-1,1,-1,1,1,1,-1,1,1,1,1,1,1,1,-1,1,1,1,1,-1,1,-1,1,1,1,-1,1,-1,1,1,1,1,-1,1,1,-1,1,-1,1,-1,1,1,1,-1,1,1,1,1,-1,1,1,1,-1,-1,1,-1,1,-1,1,-1,-1,1,1,1,-1,-1,1,1,1,1,1,-1,-1,1,1,1,1,1,1,1,1,1,1,1,-1,1,1,1,-1,1,1,1,-1,1,1,1,-1,1,1,-1,-1,-1,-1,1,1,1,-1,1,1,1,-1,1,1,-1,-1,1,1,1,1,1,-1,1,1,1,1,1,1,-1,1,1,1,1,1,1,-1,1,1,1,1,1,1,-1,1,-1,1,-1,1,1,-1,-1,1,1,-1,1,1,-1,1,1,1,-1,1,1,1,-1,1,-2670.0,1,2000,445,1500,True
975,-1,-1,1,1,1,1,-1,1,-1,-1,-1,1,-1,1,-1,-1,1,-1,1,1,1,1,-1,-1,-1,1,-1,-1,-1,-1,-1,-1,1,1,-1,1,1,-1,-1,-1,1,-1,1,-1,-1,-1,-1,-1,1,-1,-1,-1,1,-1,1,-1,-1,1,-1,-1,-1,1,1,1,-1,-1,-1,-1,-1,-1,1,-1,-1,-1,-1,-1,-1,1,-1,-1,-1,1,1,-1,-1,-1,-1,1,-1,1,-1,-1,-1,-1,-1,-1,-1,1,-1,1,-1,-1,-1,-1,1,-1,-1,-1,-1,-1,-1,1,-1,-1,-1,-1,-1,-1,1,-1,-1,1,-1,-1,-1,1,-1,-1,1,-1,-1,-1,1,-1,-1,1,-1,-1,-1,-1,-1,-1,1,-1,-1,-1,1,-1,-1,-1,-1,-1,-1,-1,1,-1,1,1,-1,-1,1,-1,-1,-1,-1,-1,-1,1,1,-1,-1,-1,-1,-1,1,-1,-1,1,-1,-1,1,-1,1,-1,-1,-1,-1,1,1,-1,-1,1,-1,1,1,1,1,-1,1,-1,-1,1,1,1,-1,1,-1,-1,-1,1,1,-1,1,-1,-1,1,1,1,-1,1,-1,1,1,1,1,1,-1,1,-1,-1,1,1,1,-1,1,1,-1,1,1,-1,-1,1,-1,1,1,1,1,-1,1,-1,-1,1,1,-1,1,1,-1,1,1,1,-1,-1,1,-1,1,-1,1,1,1,1,-1,1,-1,1,1,1,1,-1,1,-1,1,1,1,1,1,-1,1,1,1,-1,1,-1,-1,1,1,1,1,1,1,-1,-1,1,1,-1,1,-1,1,-1,1,1,1,1,-1,-1,-1,1,1,1,1,-1,1,-1,1,-1,1,1,1,1,-1,1,1,1,1,1,-1,-1,1,1,1,1,-1,1,-1,1,1,1,1,1,-1,1,1,1,1,-1,1,-1,-1,1,1,1,1,1,1,1,1,1,1,1,1,1,1,-1,1,1,1,1,1,1,-1,1,1,1,1,1,1,-1,1,-1,-1,1,-1,1,1,-1,1,1,1,1,1,1,-1,1,-1,1,1,1,-1,-1,1,-1,-1,-1,1,1,-1,1,-1,1,-1,1,-1,1,-1,1,1,1,1,-1,1,-1,1,1,-1,1,-1,-1,-1,-1,1,1,1,1,-1,-1,1,-1,1,1,-1,-1,1,-1,-1,1,-1,1,-1,1,-1,1,-1,1,-1,-1,1,1,-1,1,-1,1,-1,-1,1,-1,1,-1,-1,-1,-1,1,-1,-1,1,1,-1,-1,1,-1,1,1,-1,1,-1,1,-1,1,-1,1,-1,1,1,-1,-1,-1,-1,-1,1,1,-1,1,-1,1,-1,1,-1,1,1,1,1,-1,1,-1,-1,1,-1,-1,-1,1,-1,1,-1,1,1,-1,1,-1,-1,1,-1,-1,1,-1,1,-1,-1,-1,1,-1,1,1,-1,-1,-1,1,-1,1,-1,-1,1,-1,1,1,-1,1,-1,-1,1,1,-1,-1,1,-1,-1,1,1,1,1,1,1,-1,1,1,1,-1,-1,1,1,-1,1,1,-1,1,-1,1,1,-1,1,-1,-1,1,-1,-1,1,-1,-1,-1,1,1,-1,1,1,-1,-1,1,1,-1,-1,1,-1,-1,-1,-1,-1,1,1,-1,-1,-1,-1,-1,1,1,-1,-1,1,1,1,-1,1,-1,1,1,1,-1,1,1,-1,-1,-1,1,-1,-1,1,1,-1,1,1,1,1,1,1,-1,-1,1,-1,1,1,1,-1,-1,1,-1,1,1,-1,-1,1,1,-1,1,1,-1,-1,1,-1,1,1,1,1,-1,1,1,-1,1,1,1,-1,1,1,1,1,1,1,-1,-1,1,1,1,1,1,-1,1,1,-1,1,1,1,-1,-1,1,1,1,-1,1,-1,-1,1,1,1,1,1,-1,-1,-1,1,1,1,1,-1,-1,1,1,1,1,-1,1,-1,-1,1,1,-1,-1,1,-1,1,-1,1,1,-1,1,-1,1,1,1,-1,1,-1,-1,1,1,1,1,-1,-1,1,-1,1,1,-1,1,-1,-1,1,-1,1,1,1,-1,-1,1,-1,1,-1,1,-1,1,-1,1,1,1,-1,-1,-1,1,-1,1,-1,1,1,1,-1,-1,1,1,-1,-1,1,-1,-1,1,1,-1,-1,-1,1,-1,1,1,-1,-1,-1,1,-1,1,1,1,-1,1,1,-1,1,1,-1,-1,1,-1,-1,1,1,-1,-1,1,-1,1,1,1,-1,-1,-1,-1,-1,-1,1,-1,-1,1,1,-1,1,1,1,-1,1,-1,-1,1,1,1,-1,1,1,1,1,1,-1,-1,1,-1,1,1,1,1,-1,-1,1,1,1,1,1,-1,-1,-1,1,-1,1,1,1,-1,1,1,1,1,1,-1,-1,1,1,1,1,1,1,-1,1,1,-1,1,-1,-1,1,1,1,1,1,1,-1,-1,1,1,1,1,-1,-1,-1,1,1,1,1,1,1,-1,1,1,1,1,1,1,-1,1,1,1,1,1,1,-1,1,1,-1,1,1,-1,-1,1,1,-1,1,1,1,-1,1,-1,-1,1,1,1,-1,-1,1,-1,1,1,1,-1,1,1,-1,1,-1,1,-1,1,1,-1,1,1,1,-1,-1,1,1,1,1,-1,1,-1,1,1,1,1,-1,1,-1,1,1,1,-1,-1,1,-1,1,1,-1,1,-1,-1,-1,1,-1,1,-1,1,-1,-1,1,-1,1,-1,-1,-1,-1,1,-1,1,-1,-1,-1,-1,-1,1,1,-1,1,-1,-1,-1,-1,1,-1,1,-1,-1,1,-1,1,1,1,1,-1,-1,1,1,-1,-1,1,1,1,1,1,-1,1,-1,-1,1,1,-1,-1,1,-1,-1,-1,-1,1,-1,1,-1,1,1,1,-1,-1,-1,-1,-1,-1,-1,-1,-1,1,-1,1,1,1,-1,1,1,-1,1,1,1,1,-1,1,-1,1,1,1,1,-1,1,-1,1,1,1,1,-1,1,-1,1,1,1,1,-1,1,-1,1,-1,-1,-1,-1,1,-1,-1,1,1,-1,-1,-1,1,-1,1,-1,1,-1,1,-1,-1,1,-2670.0,1,2000,445,1500,True
976,-1,-1,1,1,1,1,-1,1,-1,-1,-1,1,-1,1,-1,-1,1,-1,1,1,-1,1,-1,-1,-1,1,-1,-1,1,-1,-1,-1,1,1,-1,1,1,-1,-1,-1,1,-1,1,-1,-1,-1,-1,1,-1,-1,-1,-1,1,-1,1,-1,-1,1,-1,-1,-1,1,1,1,-1,1,-1,-1,-1,-1,1,-1,-1,-1,-1,-1,-1,1,-1,-1,-1,1,1,-1,-1,-1,-1,1,-1,1,-1,-1,-1,1,-1,-1,-1,1,-1,1,1,1,-1,-1,1,-1,-1,1,1,-1,-1,1,-1,-1,1,1,-1,-1,1,-1,-1,1,1,-1,-1,1,-1,-1,1,1,-1,-1,1,-1,-1,1,1,1,-1,-1,-1,-1,1,1,-1,-1,1,-1,-1,-1,1,1,-1,-1,1,-1,1,1,1,-1,1,1,-1,-1,1,1,-1,1,1,-1,1,1,-1,-1,1,-1,-1,1,1,-1,1,-1,1,-1,-1,1,-1,1,1,-1,-1,1,1,1,1,1,1,-1,1,1,-1,1,1,1,-1,1,1,1,-1,1,1,-1,1,-1,1,1,1,1,-1,1,1,-1,1,1,1,1,-1,1,-1,-1,1,1,-1,-1,1,-1,-1,1,1,-1,-1,1,-1,1,1,1,1,-1,1,-1,-1,1,1,-1,1,1,-1,1,1,1,-1,-1,1,-1,1,-1,1,1,1,1,-1,1,-1,1,1,1,1,-1,1,-1,1,1,1,1,1,-1,1,1,1,-1,1,-1,-1,1,1,-1,1,1,1,-1,-1,1,1,-1,1,-1,1,-1,1,1,1,1,-1,-1,-1,1,1,1,1,-1,1,-1,1,-1,1,1,1,1,-1,1,1,1,1,1,-1,-1,1,1,1,1,-1,1,-1,1,1,-1,1,1,-1,1,1,1,1,-1,1,-1,-1,1,1,-1,1,1,1,1,1,1,1,1,1,1,1,1,1,1,1,1,1,1,1,1,1,-1,1,1,1,1,1,-1,-1,1,1,1,-1,1,1,-1,1,1,1,-1,1,1,-1,1,1,-1,1,1,1,1,-1,-1,1,1,1,1,-1,1,-1,1,1,-1,1,-1,1,1,1,1,1,1,-1,1,-1,1,1,1,1,-1,1,1,1,-1,1,1,1,-1,1,1,1,1,1,-1,-1,1,-1,1,1,-1,1,-1,1,1,1,-1,1,1,-1,1,-1,-1,1,-1,1,-1,1,-1,1,1,-1,1,-1,-1,1,-1,1,-1,1,-1,1,1,1,1,-1,1,-1,1,-1,-1,1,-1,-1,-1,-1,-1,1,1,-1,1,-1,1,-1,1,1,-1,-1,1,-1,1,1,-1,-1,-1,-1,-1,-1,1,1,-1,-1,1,-1,-1,-1,1,1,-1,-1,1,-1,1,1,-1,-1,-1,-1,-1,-1,-1,1,-1,-1,-1,1,1,-1,1,-1,-1,1,-1,-1,1,1,-1,-1,-1,-1,-1,1,1,-1,-1,-1,-1,-1,-1,-1,1,1,-1,1,-1,1,1,1,1,1,-1,1,1,-1,-1,1,-1,1,-1,1,-1,1,-1,1,1,1,-1,-1,-1,-1,-1,1,1,1,-1,-1,-1,1,1,-1,1,-1,-1,-1,1,1,1,1,-1,-1,1,1,1,1,1,-1,-1,-1,-1,1,-1,1,-1,1,-1,-1,1,1,1,-1,-1,1,1,-1,-1,1,1,-1,-1,-1,-1,1,1,1,-1,-1,-1,1,1,1,1,-1,-1,1,-1,1,1,-1,-1,-1,-1,-1,1,1,-1,1,-1,-1,1,1,1,1,-1,-1,-1,-1,1,1,-1,1,-1,-1,1,1,1,1,-1,-1,-1,-1,1,1,1,-1,1,-1,1,1,1,1,-1,-1,1,1,1,-1,1,-1,-1,1,-1,1,1,1,-1,-1,1,1,1,1,1,-1,-1,-1,1,1,1,-1,1,-1,1,-1,1,-1,-1,1,-1,1,-1,1,1,-1,1,-1,1,1,1,-1,1,-1,-1,1,-1,-1,1,-1,1,-1,1,-1,1,-1,1,-1,-1,1,-1,1,-1,1,-1,-1,1,-1,1,-1,1,-1,-1,1,-1,1,-1,1,-1,-1,1,1,1,-1,1,1,-1,1,1,1,1,-1,-1,1,-1,1,1,-1,-1,-1,-1,-1,1,1,-1,1,-1,1,-1,1,1,1,-1,-1,1,-1,1,1,-1,-1,-1,-1,1,-1,-1,-1,-1,-1,1,-1,1,1,-1,-1,-1,1,-1,1,1,-1,-1,-1,1,1,1,1,-1,1,-1,1,-1,1,1,-1,-1,-1,1,1,1,1,1,-1,-1,1,-1,1,1,-1,1,-1,-1,1,1,1,-1,-1,-1,-1,-1,1,-1,-1,-1,1,-1,1,1,1,1,-1,-1,-1,1,1,1,-1,-1,1,-1,1,1,-1,1,-1,-1,1,1,1,1,-1,1,-1,-1,1,1,1,-1,1,-1,-1,1,1,1,1,-1,1,-1,1,1,1,1,1,1,-1,1,1,1,1,1,1,-1,1,1,-1,1,1,-1,-1,1,1,-1,1,1,1,-1,1,-1,-1,1,1,1,-1,-1,1,-1,1,-1,1,-1,1,1,-1,1,-1,1,-1,1,1,-1,1,1,1,-1,-1,1,1,1,1,-1,1,-1,1,1,1,1,-1,1,-1,1,1,1,-1,-1,1,-1,1,1,-1,1,-1,-1,1,1,-1,1,-1,1,-1,-1,1,-1,1,-1,-1,-1,1,1,-1,1,-1,-1,1,-1,-1,1,1,-1,1,-1,-1,1,-1,1,-1,1,1,-1,1,-1,1,1,1,1,-1,1,1,1,-1,-1,1,1,1,1,1,-1,1,-1,-1,1,1,-1,-1,1,-1,-1,1,-1,1,-1,1,-1,1,1,1,-1,-1,1,-1,-1,1,-1,-1,-1,1,-1,1,-1,1,-1,1,1,-1,1,1,1,1,-1,1,-1,1,1,1,1,-1,1,-1,1,1,1,1,-1,1,-1,1,1,1,1,-1,1,-1,1,1,1,-1,-1,1,-1,-1,1,1,-1,-1,-1,1,-1,1,1,1,-1,1,-1,-1,1,-2670.0,1,2000,445,1500,True
977,-1,-1,1,1,1,1,-1,1,-1,-1,-1,-1,1,1,-1,-1,1,-1,1,-1,-1,-1,-1,-1,-1,1,-1,-1,-1,-1,-1,-1,1,-1,-1,-1,1,-1,-1,1,-1,-1,-1,-1,-1,-1,-1,-1,1,1,-1,-1,1,1,-1,-1,-1,1,-1,-1,1,-1,-1,1,-1,-1,-1,-1,-1,-1,-1,1,-1,-1,1,-1,-1,-1,1,-1,-1,-1,-1,-1,1,-1,-1,1,-1,-1,1,-1,1,-1,1,-1,-1,-1,1,1,-1,1,-1,-1,1,1,1,-1,1,-1,-1,-1,1,1,-1,1,-1,-1,1,1,1,-1,1,1,-1,-1,1,1,-1,1,1,-1,1,1,1,-1,1,1,-1,1,1,1,-1,1,1,-1,1,1,1,1,1,1,-1,-1,-1,1,1,1,1,-1,1,1,1,1,1,1,-1,1,-1,1,1,1,-1,-1,1,1,1,-1,1,-1,1,-1,-1,1,1,1,-1,1,1,1,1,-1,1,1,1,1,-1,1,-1,1,-1,1,1,-1,1,-1,1,1,-1,1,-1,1,-1,1,-1,1,1,-1,1,-1,1,1,1,1,-1,-1,1,1,-1,-1,1,-1,1,1,-1,1,-1,1,-1,1,1,1,-1,-1,1,-1,1,1,1,1,-1,1,-1,1,1,1,-1,1,-1,-1,1,-1,1,-1,1,1,1,-1,1,1,-1,1,-1,-1,1,1,1,-1,1,-1,-1,-1,-1,1,-1,-1,1,1,-1,-1,1,1,-1,1,1,-1,1,1,1,1,-1,1,-1,1,1,-1,1,-1,1,1,-1,1,1,1,1,1,-1,-1,1,-1,-1,-1,1,1,-1,1,1,1,-1,1,-1,-1,1,1,1,-1,1,-1,-1,1,1,-1,1,1,-1,-1,1,1,-1,1,1,-1,1,-1,1,1,-1,1,-1,1,1,1,-1,1,1,-1,1,1,1,-1,1,-1,-1,1,1,1,-1,1,-1,-1,1,-1,1,-1,1,-1,-1,1,-1,1,-1,1,1,-1,1,-1,1,1,-1,1,-1,-1,1,1,-1,1,-1,-1,1,1,-1,-1,1,1,-1,1,-1,1,-1,1,-1,1,1,-1,1,1,1,-1,-1,1,-1,1,-1,1,-1,-1,1,-1,1,1,1,1,-1,1,1,1,1,1,-1,-1,1,-1,-1,1,-1,1,-1,-1,1,-1,1,1,-1,-1,1,1,-1,1,-1,1,-1,-1,1,-1,1,1,-1,-1,-1,1,-1,-1,1,1,-1,-1,1,-1,1,1,-1,1,-1,1,-1,-1,1,1,-1,-1,-1,-1,1,1,-1,1,-1,1,-1,1,-1,1,-1,-1,1,-1,1,-1,1,-1,-1,-1,-1,1,-1,-1,1,-1,-1,-1,1,1,1,1,-1,-1,-1,1,-1,-1,1,-1,-1,-1,1,-1,1,-1,-1,-1,-1,-1,-1,1,-1,1,-1,-1,1,-1,1,1,1,-1,-1,-1,1,1,-1,1,-1,-1,-1,1,1,1,-1,1,1,-1,1,1,1,1,1,1,1,-1,-1,-1,1,-1,-1,1,-1,1,-1,1,-1,1,-1,-1,-1,1,1,-1,1,1,-1,1,-1,1,-1,1,1,-1,1,-1,1,-1,-1,-1,-1,1,-1,1,-1,-1,-1,-1,1,-1,1,-1,1,1,1,1,-1,1,-1,1,1,-1,1,-1,1,-1,-1,1,-1,1,-1,-1,1,1,1,1,1,-1,1,1,1,1,-1,1,-1,-1,1,1,1,-1,-1,-1,-1,1,1,1,-1,-1,-1,1,-1,1,-1,1,1,-1,-1,1,1,-1,-1,-1,-1,-1,1,1,1,1,1,-1,-1,1,1,1,1,-1,-1,-1,1,-1,1,-1,1,-1,1,1,1,1,1,1,-1,-1,1,-1,1,-1,1,-1,-1,1,1,-1,1,1,-1,-1,1,1,1,1,1,-1,1,-1,1,1,-1,1,1,1,-1,1,1,1,1,-1,1,1,-1,1,-1,1,1,-1,1,-1,1,-1,1,-1,1,-1,-1,1,-1,1,1,-1,1,-1,1,1,1,1,-1,1,-1,1,1,1,1,1,1,-1,1,-1,1,1,-1,-1,-1,1,1,1,1,1,1,-1,1,1,1,1,1,-1,1,-1,1,1,1,-1,-1,-1,-1,1,1,-1,1,-1,1,-1,1,1,1,-1,-1,-1,-1,1,1,-1,-1,-1,-1,1,-1,1,-1,-1,-1,1,-1,1,1,-1,-1,-1,1,-1,1,1,-1,-1,-1,1,1,1,1,-1,1,-1,1,-1,1,1,-1,-1,-1,-1,1,1,1,-1,-1,-1,1,-1,1,1,-1,1,-1,-1,1,1,1,-1,-1,-1,-1,-1,1,-1,-1,-1,1,-1,1,1,-1,-1,-1,1,-1,1,1,1,-1,1,-1,-1,1,1,1,-1,1,-1,1,1,1,-1,-1,1,-1,-1,1,-1,1,-1,1,-1,-1,1,1,1,1,1,-1,-1,1,1,-1,1,1,-1,-1,1,1,1,1,1,-1,-1,1,1,1,1,-1,1,-1,-1,1,-1,1,1,-1,-1,1,-1,1,1,1,1,-1,-1,1,-1,1,1,1,-1,1,1,1,1,-1,1,-1,1,1,1,1,1,1,1,-1,1,1,1,1,-1,1,-1,1,1,1,1,1,-1,1,1,1,1,-1,1,1,-1,1,1,-1,1,1,-1,-1,1,1,1,1,-1,1,-1,1,1,1,-1,-1,1,-1,1,1,1,-1,1,-1,-1,-1,1,1,-1,-1,1,-1,-1,1,1,1,-1,1,-1,-1,1,1,1,-1,1,-1,-1,1,1,-1,-1,-1,1,-1,1,1,-1,1,1,-1,1,1,-1,-1,1,1,-1,-1,1,1,-1,1,1,-1,1,1,-1,-1,-1,-1,1,-1,-1,-1,-1,1,-1,-1,1,1,-1,1,1,-1,1,1,1,1,-1,1,-1,1,1,1,-1,-1,1,-1,-1,1,1,-1,1,1,-1,1,1,1,-1,-1,1,-1,1,1,1,1,-1,1,-1,-1,1,1,1,-1,1,1,-1,1,1,1,-1,1,-1,-1,1,-2670.0,1,2000,445,1500,True
978,-1,-1,1,1,1,1,-1,1,-1,-1,-1,1,-1,1,-1,-1,1,-1,1,1,-1,1,-1,-1,-1,1,-1,-1,1,-1,-1,-1,1,1,-1,-1,1,-1,-1,-1,1,-1,-1,-1,-1,1,-1,1,-1,1,-1,-1,1,-1,1,-1,1,-1,-1,-1,-1,1,1,1,-1,1,-1,-1,-1,-1,1,-1,-1,-1,-1,-1,-1,-1,1,-1,-1,1,1,-1,1,-1,-1,1,-1,1,-1,1,-1,1,-1,-1,-1,1,1,1,1,1,-1,-1,1,1,-1,1,1,-1,-1,1,1,-1,1,1,-1,-1,1,1,-1,1,1,-1,-1,1,1,-1,1,1,-1,-1,1,1,-1,1,1,1,-1,-1,1,-1,1,1,-1,-1,1,1,1,-1,1,1,-1,-1,-1,1,-1,1,1,-1,1,1,1,1,1,1,-1,1,1,-1,1,1,-1,-1,1,1,-1,1,1,-1,1,-1,-1,1,1,1,-1,1,1,1,1,1,1,1,1,1,-1,1,1,1,-1,1,1,-1,1,1,1,-1,-1,1,-1,-1,1,1,-1,1,1,-1,1,1,1,1,1,1,-1,-1,1,1,-1,-1,1,-1,1,1,-1,1,-1,1,-1,1,1,1,-1,1,1,-1,-1,1,1,-1,-1,1,-1,1,1,1,-1,1,1,-1,1,-1,1,-1,1,-1,1,-1,1,1,-1,1,-1,-1,1,1,1,-1,1,-1,-1,-1,1,1,1,-1,1,1,-1,1,1,-1,-1,1,1,-1,1,1,1,-1,-1,1,-1,1,1,-1,1,-1,1,1,-1,1,-1,-1,-1,1,-1,-1,1,-1,1,-1,1,1,-1,1,1,1,-1,1,-1,-1,1,1,-1,-1,1,-1,1,1,-1,1,-1,1,-1,1,1,1,-1,1,1,-1,1,-1,1,-1,-1,1,-1,1,1,1,1,1,1,-1,1,1,1,1,1,-1,-1,1,1,1,1,1,-1,-1,1,1,1,1,1,-1,-1,-1,-1,1,-1,1,1,-1,1,1,1,1,1,1,-1,-1,-1,1,1,-1,-1,-1,1,-1,-1,-1,1,1,-1,1,-1,1,-1,1,-1,1,-1,1,1,1,1,-1,1,-1,1,1,-1,1,-1,-1,-1,-1,1,1,1,1,-1,-1,1,-1,1,1,-1,-1,1,-1,-1,1,-1,1,-1,1,-1,1,1,1,-1,-1,1,1,-1,1,-1,1,-1,-1,1,-1,1,-1,-1,-1,-1,1,-1,-1,1,1,-1,-1,1,-1,1,1,-1,1,-1,1,-1,1,-1,1,-1,1,1,-1,-1,-1,-1,-1,1,1,-1,1,-1,1,-1,1,-1,1,1,-1,1,-1,1,-1,-1,1,-1,-1,-1,1,-1,1,-1,1,1,-1,1,-1,-1,1,-1,-1,1,-1,1,-1,-1,-1,1,-1,1,1,-1,-1,-1,1,-1,1,-1,-1,1,-1,1,1,1,1,-1,-1,1,1,-1,1,1,-1,-1,1,1,1,1,1,1,-1,1,1,1,-1,1,-1,1,-1,-1,-1,1,-1,1,1,1,-1,1,1,-1,1,-1,-1,-1,1,1,-1,1,1,-1,-1,1,1,-1,1,1,-1,-1,-1,1,-1,-1,-1,-1,1,-1,1,-1,-1,-1,-1,-1,-1,1,-1,1,1,1,1,-1,1,-1,1,1,-1,1,-1,1,-1,-1,1,-1,1,-1,-1,1,1,1,1,1,1,-1,1,1,1,-1,1,-1,1,1,1,1,-1,-1,-1,1,1,1,1,-1,1,-1,1,-1,1,-1,1,1,-1,-1,1,1,1,-1,1,-1,-1,1,1,1,1,1,1,-1,1,1,1,1,1,1,-1,1,-1,1,-1,1,1,-1,1,1,1,1,1,1,-1,1,-1,1,1,1,1,-1,1,1,-1,1,1,1,1,1,1,1,1,1,1,-1,-1,1,-1,1,1,-1,-1,-1,1,1,-1,1,-1,-1,1,-1,1,1,1,-1,-1,1,-1,1,1,-1,1,-1,-1,1,-1,-1,1,-1,-1,1,-1,1,-1,1,-1,-1,-1,-1,1,-1,1,-1,-1,1,-1,-1,1,1,-1,-1,-1,-1,1,-1,1,-1,1,-1,1,-1,-1,1,1,-1,-1,1,-1,-1,1,-1,-1,-1,-1,1,-1,1,-1,1,-1,-1,1,-1,1,1,-1,-1,1,1,-1,1,-1,-1,-1,1,-1,-1,-1,1,-1,-1,1,-1,1,1,-1,-1,-1,-1,-1,-1,1,-1,-1,-1,1,1,-1,1,-1,1,-1,1,-1,-1,1,-1,-1,-1,1,1,1,1,1,-1,-1,1,-1,1,1,-1,1,-1,-1,1,1,1,-1,-1,-1,-1,-1,1,-1,-1,-1,1,-1,1,1,1,1,-1,-1,-1,-1,1,1,-1,1,1,-1,1,1,-1,1,-1,-1,1,1,1,1,-1,1,-1,-1,1,1,1,-1,1,-1,-1,1,1,1,1,1,1,-1,1,1,1,1,1,1,-1,1,1,1,1,1,1,-1,1,1,-1,1,1,-1,-1,1,1,-1,1,1,1,-1,1,-1,1,1,1,1,-1,-1,1,-1,1,1,1,-1,1,1,-1,1,-1,1,-1,1,1,-1,1,1,1,-1,-1,1,1,1,1,-1,1,-1,1,1,1,1,-1,1,-1,1,1,1,-1,-1,1,-1,1,1,-1,1,-1,-1,-1,1,-1,1,-1,1,-1,-1,1,-1,1,-1,-1,-1,-1,1,-1,1,-1,1,-1,-1,-1,1,1,-1,1,-1,-1,1,-1,1,-1,1,-1,-1,1,-1,1,1,1,1,-1,-1,1,1,-1,-1,1,1,1,1,1,-1,1,-1,-1,1,1,-1,-1,1,-1,-1,-1,-1,1,-1,1,-1,1,1,1,-1,-1,-1,-1,-1,-1,-1,-1,-1,1,-1,1,1,1,-1,1,1,-1,1,1,1,1,-1,1,-1,1,1,1,1,-1,1,-1,1,1,1,1,-1,1,-1,1,1,1,1,-1,1,-1,1,1,1,-1,-1,1,-1,-1,1,1,-1,-1,-1,1,-1,1,1,1,-1,1,-1,-1,1,-2670.0,1,2000,445,1500,True
979,-1,-1,1,1,1,1,-1,1,-1,-1,-1,1,-1,1,-1,-1,1,-1,1,1,1,-1,-1,-1,-1,1,-1,-1,-1,-1,-1,-1,1,1,-1,-1,1,-1,-1,-1,1,-1,-1,-1,-1,-1,-1,-1,1,1,-1,-1,1,-1,1,-1,-1,1,-1,-1,-1,1,1,1,-1,-1,-1,-1,-1,-1,-1,1,-1,-1,-1,-1,-1,-1,1,-1,-1,1,1,-1,1,-1,-1,-1,-1,1,-1,-1,1,-1,-1,-1,-1,1,1,1,-1,1,-1,-1,1,1,1,-1,-1,-1,-1,1,1,1,-1,1,-1,-1,1,1,1,-1,-1,-1,-1,1,1,1,-1,1,-1,-1,1,1,1,-1,-1,-1,-1,-1,1,1,-1,1,1,-1,1,1,1,1,1,-1,-1,-1,-1,1,1,1,-1,-1,1,1,1,1,-1,1,-1,1,-1,1,1,1,-1,-1,1,1,1,-1,1,-1,1,-1,-1,1,1,1,-1,1,1,1,1,-1,1,-1,1,1,-1,1,-1,1,-1,1,1,-1,1,-1,1,-1,-1,1,-1,1,-1,1,-1,1,1,-1,1,-1,1,-1,-1,1,-1,-1,1,1,-1,-1,1,-1,1,1,-1,1,-1,1,-1,1,-1,1,-1,1,1,-1,-1,1,1,-1,-1,1,-1,1,1,1,-1,1,1,-1,1,-1,1,-1,1,-1,1,-1,1,1,-1,1,-1,-1,-1,1,1,-1,1,-1,-1,-1,-1,1,1,-1,1,1,-1,-1,1,-1,-1,1,1,-1,1,1,1,-1,-1,1,-1,1,1,-1,1,-1,1,-1,-1,1,-1,-1,-1,1,-1,-1,1,-1,1,-1,1,1,-1,1,1,1,-1,1,1,-1,1,1,-1,-1,1,-1,-1,1,-1,1,-1,1,-1,-1,1,1,-1,1,1,-1,1,-1,1,-1,1,1,-1,1,1,1,1,1,1,-1,1,1,1,1,1,1,-1,1,1,1,1,1,1,-1,1,-1,1,1,1,1,-1,1,-1,1,-1,1,-1,1,1,-1,1,1,1,-1,1,-1,1,1,1,1,1,1,1,1,-1,-1,1,1,1,1,-1,1,-1,1,1,1,1,-1,1,1,1,1,-1,1,-1,1,-1,1,1,1,1,-1,1,1,1,-1,1,1,1,-1,1,1,1,1,1,-1,-1,1,-1,1,1,-1,1,-1,-1,1,1,1,1,1,-1,1,-1,-1,1,-1,1,-1,1,-1,-1,1,-1,1,-1,-1,1,-1,1,-1,1,-1,1,1,1,1,-1,1,-1,1,-1,-1,1,-1,-1,-1,1,-1,1,1,-1,1,-1,1,-1,1,1,-1,-1,1,1,-1,1,-1,-1,-1,-1,1,-1,1,1,-1,-1,1,-1,-1,-1,1,-1,-1,-1,1,-1,1,-1,-1,-1,-1,1,-1,-1,-1,1,-1,-1,1,-1,1,-1,1,-1,-1,1,-1,-1,1,1,-1,-1,-1,1,-1,1,1,-1,-1,-1,1,-1,-1,1,1,1,-1,1,-1,1,-1,1,-1,1,-1,-1,-1,1,-1,1,1,1,1,-1,1,-1,-1,1,1,-1,1,1,-1,-1,-1,1,1,-1,1,-1,-1,1,1,1,-1,1,-1,-1,1,1,1,-1,1,-1,-1,1,1,1,-1,1,-1,-1,-1,1,-1,-1,1,1,-1,-1,1,1,-1,1,-1,1,1,-1,1,-1,-1,1,-1,-1,-1,1,-1,1,1,1,-1,1,1,-1,-1,1,-1,-1,-1,-1,-1,1,1,-1,-1,-1,-1,-1,1,1,-1,-1,1,1,-1,-1,1,1,-1,-1,-1,-1,-1,1,-1,-1,1,1,-1,-1,1,1,-1,-1,-1,-1,-1,1,-1,-1,1,1,-1,-1,1,1,-1,-1,1,-1,-1,1,1,-1,1,1,-1,-1,1,1,-1,1,1,-1,-1,1,1,-1,1,1,-1,1,-1,1,1,-1,1,1,1,-1,1,1,-1,1,-1,1,1,-1,1,1,1,1,1,1,-1,1,1,1,-1,1,-1,-1,1,-1,1,1,-1,1,-1,1,-1,1,1,-1,1,-1,1,1,1,1,1,1,-1,1,-1,1,1,-1,-1,-1,1,1,1,1,1,1,-1,1,1,1,1,1,-1,1,-1,1,1,1,-1,-1,-1,-1,1,1,-1,1,-1,1,-1,1,1,1,-1,-1,-1,-1,1,1,-1,-1,-1,-1,1,-1,1,-1,-1,-1,1,-1,1,1,-1,-1,-1,1,-1,1,1,-1,-1,-1,1,1,1,1,-1,1,-1,1,-1,1,1,1,-1,-1,1,1,1,1,1,-1,-1,1,-1,1,1,-1,1,-1,-1,1,1,1,1,-1,-1,-1,-1,1,-1,1,-1,1,-1,1,1,1,1,1,-1,-1,1,1,1,1,-1,1,-1,1,1,-1,1,-1,-1,1,1,1,1,-1,1,-1,-1,1,1,1,1,1,-1,-1,1,1,1,-1,1,1,-1,1,1,1,1,1,1,-1,1,1,1,1,1,1,-1,1,1,-1,1,1,-1,-1,1,1,-1,1,1,1,-1,1,-1,-1,1,1,1,-1,-1,1,-1,1,1,1,-1,1,1,-1,1,1,1,-1,1,1,-1,1,1,1,-1,-1,-1,1,1,1,-1,1,-1,1,1,1,1,-1,1,-1,1,1,1,-1,-1,1,-1,1,1,-1,1,-1,-1,-1,-1,-1,1,-1,1,-1,-1,1,-1,1,-1,-1,-1,-1,1,-1,1,-1,1,-1,-1,-1,1,1,-1,1,-1,-1,-1,-1,1,-1,1,-1,-1,1,-1,1,1,1,1,-1,-1,1,1,-1,-1,1,1,1,1,1,-1,1,-1,-1,1,1,-1,-1,1,-1,-1,-1,-1,1,-1,1,1,1,1,1,-1,-1,-1,-1,-1,-1,-1,-1,-1,1,-1,1,1,1,-1,1,1,-1,1,1,1,1,-1,1,-1,1,1,1,1,-1,1,-1,1,1,1,1,-1,1,-1,1,1,1,1,-1,1,-1,1,1,-1,-1,-1,1,-1,-1,1,1,-1,-1,-1,1,-1,1,-1,1,-1,1,-1,-1,1,-2670.0,1,2000,445,1500,True
980,-1,-1,1,1,1,1,-1,1,-1,-1,-1,-1,-1,1,-1,-1,1,-1,1,-1,-1,-1,-1,-1,-1,1,-1,-1,-1,-1,-1,-1,1,-1,-1,-1,1,-1,-1,1,-1,-1,-1,-1,-1,-1,-1,-1,1,1,-1,-1,1,1,-1,-1,-1,1,-1,-1,1,-1,-1,1,-1,-1,-1,-1,-1,-1,-1,1,-1,-1,1,-1,-1,-1,1,-1,-1,-1,-1,-1,1,-1,-1,1,-1,-1,1,-1,1,-1,1,-1,-1,-1,1,1,-1,1,-1,-1,1,1,1,-1,1,-1,-1,-1,1,1,-1,1,-1,-1,1,1,1,-1,1,1,-1,-1,1,1,-1,1,1,-1,1,1,1,-1,1,1,-1,1,1,1,-1,1,1,-1,1,1,1,1,1,1,-1,-1,-1,1,1,1,1,-1,1,1,1,-1,1,1,-1,1,-1,1,1,1,-1,-1,1,1,1,-1,1,-1,1,-1,-1,1,1,1,-1,1,1,1,1,-1,1,1,1,1,-1,1,-1,1,-1,1,1,-1,1,-1,1,1,-1,1,-1,1,-1,1,-1,1,1,-1,-1,-1,1,1,1,1,-1,-1,1,1,-1,-1,1,-1,1,1,-1,1,-1,1,-1,1,-1,1,-1,1,1,-1,-1,1,1,1,-1,1,-1,1,1,1,-1,1,-1,-1,1,-1,1,-1,1,1,1,-1,1,1,-1,1,-1,-1,1,1,1,-1,1,-1,-1,-1,-1,1,-1,-1,1,1,-1,-1,1,1,-1,1,1,-1,1,1,1,-1,-1,1,-1,1,1,-1,1,-1,1,1,-1,1,1,-1,-1,1,-1,-1,1,-1,1,-1,1,1,-1,1,1,1,-1,1,-1,-1,1,1,-1,-1,1,-1,-1,1,1,1,-1,1,-1,-1,1,1,-1,1,1,-1,1,-1,1,-1,1,1,-1,1,1,1,1,1,1,-1,1,1,1,1,1,-1,-1,1,1,1,1,1,-1,-1,1,-1,1,1,1,-1,-1,1,-1,1,-1,1,1,-1,1,-1,1,1,1,1,-1,-1,1,1,1,1,-1,-1,1,1,-1,-1,1,1,-1,1,-1,1,-1,1,-1,1,1,-1,1,1,1,1,-1,1,-1,1,-1,1,-1,-1,1,-1,1,1,1,1,-1,1,1,-1,1,1,-1,-1,1,-1,-1,1,-1,1,-1,-1,1,-1,1,1,-1,-1,1,1,-1,1,-1,1,1,-1,1,-1,1,-1,-1,-1,-1,1,-1,-1,1,1,-1,-1,1,-1,1,1,-1,1,-1,1,-1,1,-1,1,-1,-1,-1,-1,-1,-1,-1,1,-1,1,-1,1,-1,1,-1,-1,-1,1,-1,1,1,-1,-1,-1,-1,-1,-1,-1,1,-1,-1,1,-1,-1,1,1,1,-1,-1,1,-1,-1,1,-1,-1,-1,-1,-1,1,-1,1,-1,-1,-1,1,1,-1,1,-1,-1,1,-1,1,1,1,-1,-1,-1,-1,1,-1,1,-1,-1,-1,-1,1,1,-1,1,1,-1,1,1,1,1,1,1,1,-1,-1,-1,1,-1,-1,1,-1,1,-1,1,-1,1,-1,-1,-1,1,1,-1,1,1,-1,1,-1,1,-1,1,1,-1,1,-1,1,-1,-1,-1,-1,1,-1,1,-1,-1,-1,-1,1,-1,1,-1,1,1,1,1,-1,1,-1,1,1,-1,1,-1,1,-1,-1,1,-1,1,-1,-1,1,1,1,1,1,-1,1,1,1,1,-1,1,-1,-1,1,1,1,-1,-1,-1,1,1,1,1,-1,-1,-1,1,-1,1,1,1,1,-1,-1,1,1,-1,-1,-1,-1,-1,1,1,-1,1,1,-1,-1,1,1,1,1,-1,-1,-1,1,-1,1,-1,1,-1,-1,1,1,1,1,1,-1,-1,1,1,1,-1,1,-1,-1,1,1,-1,1,1,-1,-1,1,1,1,1,1,-1,1,-1,1,1,-1,1,1,1,-1,1,1,-1,1,-1,1,1,-1,1,1,1,1,-1,1,-1,1,-1,1,-1,1,-1,-1,1,-1,1,1,-1,1,-1,1,-1,1,1,-1,1,-1,1,-1,1,1,1,1,-1,1,-1,1,1,-1,-1,-1,1,1,1,1,1,1,-1,1,1,1,1,1,-1,1,-1,1,1,1,-1,-1,-1,-1,1,1,-1,1,-1,1,-1,1,1,1,-1,-1,-1,-1,1,1,-1,-1,-1,-1,1,-1,1,-1,-1,-1,1,-1,1,1,-1,-1,-1,1,-1,1,1,-1,-1,-1,1,1,1,1,-1,1,-1,1,-1,1,1,-1,-1,-1,1,1,1,1,-1,-1,-1,1,-1,1,1,-1,1,-1,-1,1,1,1,-1,-1,-1,-1,-1,1,-1,-1,-1,1,-1,1,1,-1,-1,-1,1,-1,1,1,1,-1,1,-1,-1,1,1,1,-1,1,-1,1,1,1,-1,-1,1,-1,-1,1,-1,1,-1,1,-1,-1,1,1,1,1,1,-1,-1,1,1,-1,1,1,-1,-1,1,1,1,1,1,-1,-1,1,1,1,1,1,1,-1,1,1,-1,1,1,-1,-1,1,-1,1,1,1,1,-1,-1,1,-1,1,1,1,-1,1,1,1,1,-1,1,-1,1,1,1,1,1,1,-1,-1,1,1,1,1,-1,1,-1,1,1,1,1,-1,1,-1,1,1,1,-1,-1,1,-1,1,1,-1,1,-1,-1,1,-1,1,1,-1,1,-1,-1,1,1,1,-1,-1,-1,1,1,1,1,-1,1,-1,-1,-1,1,1,-1,1,-1,-1,1,1,1,-1,1,-1,-1,1,1,1,1,1,1,-1,1,1,1,-1,-1,1,1,1,1,1,-1,1,-1,-1,1,1,-1,-1,1,-1,-1,1,1,1,-1,1,-1,1,1,1,-1,-1,-1,-1,-1,1,-1,-1,-1,1,-1,1,-1,1,-1,1,1,-1,1,1,1,1,-1,1,-1,1,1,1,-1,-1,1,-1,1,1,1,-1,1,1,-1,1,1,1,-1,-1,1,-1,1,1,1,1,-1,1,-1,-1,1,1,1,-1,1,1,-1,1,1,1,-1,1,-1,-1,1,-2670.0,1,2000,445,1500,True
981,-1,-1,1,1,1,1,-1,1,-1,-1,-1,1,-1,1,-1,-1,1,-1,1,1,1,-1,-1,-1,-1,1,-1,-1,-1,-1,-1,-1,1,1,-1,-1,1,-1,-1,-1,1,-1,-1,-1,-1,-1,1,-1,1,1,-1,-1,1,-1,1,-1,-1,1,-1,-1,-1,1,1,1,-1,-1,-1,-1,-1,-1,-1,1,-1,-1,-1,-1,1,-1,1,-1,-1,1,-1,1,1,-1,-1,-1,-1,1,-1,-1,-1,-1,-1,-1,-1,1,1,1,-1,-1,-1,-1,1,1,1,-1,-1,-1,-1,1,1,1,-1,-1,-1,-1,1,1,1,-1,-1,-1,-1,1,1,1,1,-1,-1,-1,1,1,1,-1,-1,-1,-1,1,1,1,1,-1,-1,-1,-1,1,1,1,-1,-1,-1,1,-1,1,1,1,-1,-1,1,1,1,1,-1,-1,-1,1,-1,1,-1,-1,-1,-1,1,1,1,1,-1,-1,1,-1,-1,1,-1,-1,-1,1,1,1,1,1,-1,-1,1,1,-1,1,1,-1,-1,1,1,-1,1,1,-1,-1,-1,1,-1,1,1,-1,1,1,1,-1,1,1,-1,1,1,1,-1,-1,1,1,-1,-1,1,-1,1,1,-1,1,-1,1,-1,1,1,-1,1,1,1,-1,-1,1,-1,-1,1,1,-1,1,-1,-1,1,1,1,-1,1,1,-1,1,1,-1,1,-1,-1,-1,1,1,-1,-1,1,-1,-1,1,1,-1,-1,-1,1,-1,1,1,1,1,-1,1,-1,1,1,1,1,-1,-1,-1,-1,1,-1,1,-1,-1,-1,1,1,-1,1,1,-1,-1,-1,1,1,1,-1,-1,-1,1,1,-1,1,1,-1,-1,1,1,-1,1,1,1,-1,1,-1,-1,1,-1,-1,-1,1,-1,1,1,-1,-1,1,-1,-1,1,1,-1,1,1,-1,1,-1,1,-1,1,1,1,-1,1,1,-1,-1,1,1,-1,1,1,-1,-1,1,1,-1,1,1,-1,1,-1,1,1,1,1,-1,1,1,1,-1,1,1,1,1,-1,1,-1,-1,1,1,-1,1,1,-1,1,1,1,1,1,1,-1,1,1,1,1,-1,1,-1,1,1,1,1,-1,1,-1,1,1,-1,1,-1,-1,1,1,1,1,1,-1,1,-1,-1,-1,1,1,1,-1,-1,1,1,1,1,1,-1,1,-1,-1,1,-1,1,-1,-1,1,1,1,1,1,-1,1,-1,-1,1,-1,1,-1,-1,-1,1,1,-1,1,-1,-1,1,-1,1,1,-1,-1,1,-1,1,1,-1,1,-1,-1,1,-1,1,-1,-1,1,-1,-1,1,1,-1,1,-1,-1,1,1,1,-1,-1,1,-1,1,1,-1,-1,-1,-1,-1,-1,1,1,-1,-1,1,-1,1,-1,1,1,-1,-1,1,-1,1,-1,-1,-1,-1,1,-1,-1,-1,1,-1,-1,-1,-1,1,-1,1,-1,-1,1,-1,-1,1,1,-1,-1,-1,-1,-1,1,1,-1,-1,-1,1,-1,-1,1,1,1,-1,1,-1,1,1,1,1,1,-1,-1,-1,1,-1,-1,-1,1,1,-1,1,-1,1,1,1,-1,1,1,-1,-1,-1,1,1,-1,1,-1,-1,1,1,1,-1,1,-1,-1,1,1,1,-1,1,-1,-1,1,1,1,-1,1,-1,-1,-1,1,-1,-1,1,-1,-1,-1,1,1,-1,1,-1,1,-1,1,1,-1,-1,1,-1,-1,-1,1,-1,1,1,1,-1,1,1,-1,-1,1,-1,1,-1,-1,-1,1,1,-1,-1,-1,-1,-1,1,1,-1,-1,1,1,-1,-1,1,1,-1,-1,-1,-1,-1,1,-1,-1,1,1,-1,-1,1,1,-1,-1,1,-1,-1,1,-1,-1,1,1,-1,1,1,1,-1,-1,1,-1,-1,1,1,-1,1,1,-1,-1,1,1,1,1,1,-1,-1,1,1,-1,1,1,1,-1,1,1,1,-1,1,-1,-1,1,1,1,-1,1,-1,-1,1,-1,1,1,1,-1,-1,1,-1,1,-1,1,1,-1,1,-1,1,-1,1,-1,-1,1,-1,1,-1,1,1,-1,1,-1,1,-1,1,1,-1,1,-1,1,-1,1,1,-1,1,1,1,1,1,-1,1,1,-1,1,1,1,1,-1,1,-1,1,-1,1,1,-1,1,1,-1,1,1,1,-1,1,1,-1,1,1,1,1,1,-1,-1,1,1,1,1,1,-1,1,-1,1,1,1,1,-1,-1,1,1,1,1,1,1,-1,1,-1,1,1,1,-1,1,1,1,1,1,1,1,-1,1,1,-1,1,1,-1,1,1,1,1,1,1,-1,1,1,1,1,1,1,1,-1,1,1,1,1,1,-1,-1,1,-1,1,1,1,-1,1,1,1,1,1,-1,-1,1,1,1,1,1,1,-1,1,1,-1,1,1,-1,1,1,1,1,1,1,-1,1,1,-1,1,1,-1,1,-1,1,1,1,1,-1,-1,-1,1,1,1,1,-1,1,-1,1,1,1,1,1,-1,-1,1,1,-1,1,1,-1,-1,1,1,1,1,-1,-1,-1,1,-1,-1,1,1,-1,1,1,1,-1,1,1,-1,-1,1,1,-1,1,1,-1,1,1,1,-1,1,1,-1,1,-1,1,1,1,1,-1,1,-1,1,1,1,-1,1,1,1,1,1,1,-1,1,-1,1,1,1,-1,1,1,1,1,-1,-1,1,1,-1,1,1,1,-1,1,-1,-1,1,-1,1,-1,1,-1,1,-1,1,1,1,1,-1,-1,1,1,-1,-1,1,-1,-1,1,1,-1,-1,1,1,-1,1,-1,1,1,1,-1,-1,-1,-1,1,1,-1,-1,1,1,1,1,1,-1,-1,1,1,1,1,-1,1,-1,1,-1,1,1,-1,1,-1,-1,-1,-1,-1,-1,-1,-1,1,-1,1,1,1,-1,1,1,-1,-1,1,-1,-1,-1,1,-1,1,1,1,1,-1,1,-1,1,1,1,-1,-1,1,-1,1,1,1,-1,-1,1,-1,1,-1,-1,-1,-1,1,-1,-1,1,1,-1,-1,-1,-1,1,1,-1,1,-1,1,-1,-1,1,-2670.0,1,2000,445,1500,True
982,-1,-1,1,1,1,1,-1,1,-1,-1,-1,1,-1,1,-1,-1,1,-1,1,1,1,1,-1,-1,-1,1,-1,-1,1,-1,-1,-1,1,1,-1,-1,1,-1,-1,-1,1,-1,-1,-1,-1,-1,-1,-1,1,1,-1,-1,1,-1,1,-1,1,-1,1,-1,-1,1,1,1,-1,1,-1,-1,-1,-1,1,-1,-1,-1,-1,-1,1,-1,1,-1,-1,1,1,-1,1,-1,-1,1,-1,1,-1,1,-1,1,-1,-1,-1,1,1,1,1,1,-1,-1,1,1,-1,1,1,-1,-1,1,1,-1,1,1,-1,-1,1,1,-1,1,1,-1,-1,1,1,-1,1,1,-1,-1,1,1,-1,1,1,1,-1,1,1,-1,1,1,-1,-1,-1,1,1,-1,1,1,-1,1,-1,1,-1,1,1,-1,1,1,1,1,1,1,-1,1,1,-1,1,1,-1,-1,1,1,-1,1,1,-1,1,-1,-1,1,1,1,-1,1,1,1,1,1,1,1,1,1,-1,1,1,1,-1,1,1,-1,1,1,-1,-1,-1,1,-1,-1,1,1,-1,1,1,-1,1,1,1,1,1,1,-1,-1,1,1,-1,-1,1,-1,1,1,-1,1,-1,1,-1,1,1,1,-1,1,1,-1,-1,1,-1,1,-1,1,-1,1,1,1,-1,1,1,-1,1,-1,1,-1,1,-1,1,-1,-1,1,-1,1,-1,-1,1,1,1,-1,1,-1,-1,-1,1,1,-1,-1,1,1,-1,1,1,1,-1,1,1,-1,-1,-1,1,1,-1,1,-1,-1,-1,1,-1,-1,1,1,-1,-1,1,1,1,1,-1,-1,-1,1,-1,-1,1,1,-1,-1,1,1,-1,1,-1,-1,-1,1,1,1,1,-1,-1,1,1,-1,1,1,-1,-1,1,1,-1,1,1,-1,1,-1,1,1,-1,1,-1,1,1,1,-1,1,1,-1,-1,1,1,-1,1,-1,-1,-1,1,1,-1,1,-1,-1,1,-1,1,-1,1,-1,-1,1,-1,1,-1,1,1,-1,1,-1,1,1,-1,1,-1,-1,1,1,-1,1,-1,-1,1,1,-1,-1,1,1,-1,1,-1,1,-1,1,-1,1,1,-1,1,1,1,-1,1,1,-1,1,-1,1,-1,-1,1,-1,1,1,-1,1,-1,1,1,-1,1,-1,-1,-1,1,-1,-1,1,-1,1,-1,-1,1,-1,1,-1,-1,-1,-1,1,-1,1,-1,1,-1,-1,1,-1,1,-1,-1,-1,-1,1,-1,-1,1,1,-1,-1,1,-1,1,1,-1,1,-1,1,-1,1,-1,1,-1,-1,-1,-1,1,-1,-1,1,-1,1,-1,1,-1,1,-1,-1,-1,1,1,-1,1,-1,-1,-1,-1,1,-1,-1,-1,-1,-1,1,-1,1,1,-1,1,-1,-1,1,-1,-1,1,-1,-1,-1,1,-1,1,-1,1,-1,-1,-1,-1,1,-1,1,-1,-1,1,-1,1,1,1,-1,-1,-1,1,1,-1,1,-1,1,-1,1,1,1,-1,1,1,-1,1,1,1,1,1,1,1,-1,-1,-1,1,-1,-1,1,-1,-1,1,1,-1,1,-1,-1,-1,1,1,-1,1,1,-1,-1,1,1,-1,1,1,-1,-1,-1,1,-1,-1,-1,-1,1,-1,1,-1,-1,-1,-1,-1,-1,1,-1,1,1,1,1,-1,1,-1,1,1,-1,1,-1,1,-1,-1,1,-1,1,-1,-1,1,1,1,1,1,1,-1,1,1,1,-1,1,-1,1,1,1,1,-1,-1,-1,1,1,1,1,-1,1,-1,1,-1,1,-1,1,1,-1,-1,1,1,1,-1,1,-1,-1,1,1,1,1,1,1,-1,1,1,1,1,1,1,-1,1,-1,1,-1,1,1,-1,1,1,1,1,1,1,-1,1,-1,1,1,1,1,-1,1,1,-1,1,1,1,1,1,1,1,1,1,1,-1,1,1,-1,-1,1,-1,-1,1,1,1,-1,1,-1,-1,1,-1,-1,1,1,-1,-1,1,-1,1,-1,-1,1,-1,1,-1,1,-1,1,-1,-1,1,-1,1,-1,1,-1,-1,1,-1,1,-1,1,-1,-1,1,-1,1,-1,1,-1,-1,1,1,1,1,1,-1,1,1,-1,1,1,1,1,-1,1,-1,1,-1,1,-1,-1,1,1,-1,1,1,-1,-1,1,1,-1,1,1,1,-1,1,-1,-1,1,1,-1,1,1,-1,1,-1,-1,1,-1,1,1,-1,1,1,-1,-1,1,1,-1,1,1,-1,-1,-1,1,1,1,1,-1,1,1,1,-1,1,1,-1,-1,1,-1,1,1,1,1,-1,-1,1,-1,1,1,-1,1,-1,-1,1,1,1,-1,-1,-1,-1,-1,1,-1,-1,-1,1,-1,1,1,1,1,-1,-1,-1,1,1,1,-1,1,-1,-1,1,1,-1,1,1,-1,1,1,1,1,-1,1,-1,-1,1,1,1,-1,1,-1,-1,1,1,1,1,1,-1,-1,1,1,1,1,1,-1,-1,1,1,1,1,1,-1,-1,1,1,-1,1,1,1,-1,1,1,-1,1,1,-1,-1,1,-1,-1,1,1,1,-1,-1,1,-1,1,1,1,-1,1,1,-1,1,-1,1,-1,1,1,-1,1,1,1,1,-1,-1,1,1,1,-1,1,-1,1,1,1,1,1,-1,1,1,1,1,-1,1,1,-1,1,1,-1,1,1,-1,-1,1,-1,1,1,-1,1,-1,1,-1,1,-1,-1,1,-1,1,-1,1,-1,1,-1,-1,-1,1,1,-1,-1,1,-1,-1,-1,1,-1,-1,1,-1,1,-1,1,1,-1,1,-1,-1,1,-1,-1,-1,-1,1,1,1,-1,-1,1,1,-1,1,1,-1,-1,1,1,-1,-1,-1,1,-1,1,1,1,1,-1,1,-1,-1,-1,1,-1,-1,-1,-1,-1,1,1,1,1,-1,1,1,-1,1,1,-1,-1,-1,1,-1,1,1,1,1,-1,1,-1,1,1,1,-1,-1,1,-1,1,1,1,1,-1,1,-1,1,1,-1,-1,-1,1,-1,1,1,1,-1,-1,-1,1,-1,1,-1,1,-1,1,-1,1,1,-2670.0,1,2000,445,1500,True
983,-1,-1,1,1,1,1,-1,1,-1,-1,-1,1,-1,1,-1,-1,1,-1,1,1,-1,1,-1,-1,-1,1,-1,-1,1,-1,-1,-1,1,1,-1,1,1,-1,-1,-1,1,-1,1,-1,-1,-1,-1,1,-1,-1,-1,-1,1,-1,1,-1,-1,1,-1,-1,-1,1,1,1,-1,-1,-1,-1,-1,-1,1,-1,-1,-1,-1,-1,-1,1,-1,-1,-1,1,1,-1,-1,-1,-1,-1,-1,1,-1,-1,-1,-1,-1,-1,-1,1,-1,1,-1,-1,-1,-1,1,-1,-1,-1,-1,-1,-1,1,-1,-1,-1,-1,-1,-1,1,-1,-1,-1,-1,-1,-1,1,-1,-1,1,-1,-1,-1,1,-1,-1,1,-1,-1,-1,-1,-1,-1,1,-1,-1,-1,1,-1,-1,-1,-1,-1,-1,-1,1,-1,1,1,-1,-1,1,-1,-1,-1,-1,-1,-1,1,1,-1,-1,-1,-1,-1,1,-1,-1,1,-1,-1,1,-1,1,-1,-1,-1,-1,1,1,-1,-1,1,-1,-1,1,1,1,-1,1,-1,-1,-1,1,1,-1,1,-1,-1,-1,1,1,-1,1,-1,-1,1,1,1,-1,1,-1,1,1,1,1,1,-1,1,-1,-1,1,1,1,1,-1,1,-1,1,1,-1,1,-1,1,1,1,1,1,1,-1,-1,1,1,1,-1,-1,1,1,1,1,1,-1,1,-1,1,1,-1,1,1,-1,-1,1,1,-1,1,1,-1,-1,1,1,-1,1,1,1,-1,1,-1,1,1,1,1,-1,1,1,1,1,1,-1,-1,-1,1,-1,1,1,-1,-1,1,-1,-1,1,1,1,-1,-1,1,1,1,1,1,-1,1,1,-1,1,-1,1,-1,1,1,-1,1,1,1,-1,1,1,1,1,1,-1,-1,1,-1,1,1,1,-1,1,-1,-1,1,1,1,-1,1,-1,1,-1,1,1,1,1,1,-1,1,1,1,1,1,1,-1,1,-1,1,-1,1,1,-1,1,-1,1,1,-1,1,-1,1,-1,1,1,-1,1,-1,1,1,-1,1,-1,1,1,1,1,-1,1,-1,1,-1,1,-1,-1,1,1,-1,-1,1,1,-1,1,-1,1,-1,1,-1,1,1,-1,1,1,1,1,-1,1,-1,1,-1,1,-1,-1,1,-1,1,1,1,1,-1,1,1,1,1,1,-1,-1,1,-1,-1,1,-1,1,-1,-1,1,-1,1,1,-1,-1,-1,1,-1,1,-1,1,-1,-1,1,-1,1,1,-1,-1,-1,1,-1,-1,1,1,-1,-1,1,-1,1,1,-1,1,-1,1,-1,-1,1,1,-1,-1,-1,-1,1,1,-1,1,-1,1,-1,1,-1,1,-1,-1,-1,-1,1,-1,1,-1,-1,-1,-1,1,-1,-1,-1,-1,-1,-1,1,-1,1,-1,1,-1,-1,1,-1,-1,1,-1,-1,-1,1,1,1,-1,1,-1,-1,-1,1,1,-1,1,-1,-1,1,-1,1,1,1,-1,-1,-1,1,1,-1,1,-1,-1,-1,1,1,1,-1,1,1,-1,1,1,1,1,1,1,1,-1,1,1,-1,1,-1,1,1,-1,1,-1,-1,1,-1,-1,1,-1,-1,-1,1,1,-1,1,1,-1,-1,1,1,-1,-1,1,-1,-1,-1,-1,-1,1,1,-1,-1,-1,-1,-1,1,1,-1,-1,1,1,1,-1,1,-1,1,-1,1,-1,1,1,-1,1,-1,1,-1,-1,1,1,-1,1,1,1,1,1,1,-1,-1,1,-1,1,1,1,-1,-1,1,-1,1,1,-1,-1,1,1,-1,1,1,-1,-1,1,-1,1,1,1,1,-1,1,1,-1,1,1,1,-1,1,1,1,1,1,1,-1,-1,1,1,1,1,1,-1,1,1,-1,1,1,1,-1,-1,1,1,1,-1,1,-1,-1,1,1,1,1,1,-1,-1,-1,1,1,1,1,-1,-1,1,1,1,1,-1,1,-1,1,-1,1,-1,-1,1,-1,1,-1,1,1,-1,-1,1,-1,1,1,-1,-1,-1,-1,1,-1,1,1,-1,1,-1,1,-1,1,-1,1,-1,-1,1,-1,1,1,-1,1,-1,1,-1,1,1,-1,-1,-1,1,-1,1,1,-1,1,1,1,1,1,-1,1,1,-1,1,1,1,1,-1,1,-1,1,-1,1,1,-1,1,1,-1,1,1,1,-1,1,1,-1,1,1,1,1,1,-1,-1,1,1,1,1,1,-1,1,-1,1,1,1,1,1,-1,1,1,1,1,1,1,-1,1,1,1,1,1,1,1,1,1,1,1,1,1,-1,1,1,1,1,1,-1,1,1,1,1,1,1,1,-1,1,1,1,1,1,-1,1,1,1,1,1,1,-1,-1,1,-1,1,1,1,-1,1,1,1,1,1,-1,-1,1,1,1,1,1,1,-1,1,1,-1,1,1,-1,1,1,1,1,1,1,-1,-1,1,1,1,1,-1,1,-1,1,1,1,1,-1,-1,-1,1,1,1,1,-1,1,-1,1,1,1,1,1,-1,-1,1,1,-1,1,1,-1,-1,-1,1,-1,1,-1,-1,-1,1,-1,-1,1,1,-1,-1,-1,1,-1,1,1,-1,-1,1,1,-1,1,1,-1,1,1,1,-1,1,1,-1,1,-1,1,1,1,1,-1,1,-1,1,1,1,-1,1,-1,1,1,1,1,-1,1,1,-1,1,1,-1,1,1,-1,-1,1,-1,1,1,-1,1,-1,1,-1,1,-1,-1,1,-1,1,-1,1,-1,1,-1,-1,-1,1,1,-1,1,1,-1,-1,-1,1,1,-1,1,-1,-1,-1,1,1,-1,1,-1,-1,1,1,-1,-1,-1,1,-1,1,1,-1,1,1,-1,1,1,-1,-1,1,-1,-1,-1,-1,1,-1,1,1,-1,1,1,-1,-1,-1,-1,1,-1,-1,-1,-1,1,-1,-1,1,1,-1,1,1,-1,1,1,1,1,-1,1,-1,1,1,1,1,-1,1,-1,-1,-1,1,1,-1,1,-1,1,1,1,1,-1,1,-1,1,1,1,-1,-1,1,-1,-1,1,1,-1,-1,-1,1,-1,1,1,1,-1,1,-1,-1,1,-2670.0,1,2000,445,1500,True
984,-1,-1,1,1,1,1,-1,1,-1,-1,-1,1,-1,1,-1,-1,1,-1,1,1,-1,-1,-1,-1,-1,1,-1,-1,-1,-1,-1,-1,1,1,-1,-1,1,-1,-1,-1,1,-1,-1,-1,-1,-1,1,-1,1,1,-1,-1,1,-1,1,-1,-1,1,-1,-1,-1,1,1,1,-1,-1,-1,-1,-1,-1,-1,1,-1,-1,-1,-1,-1,-1,1,-1,-1,1,1,-1,1,-1,-1,-1,-1,1,-1,-1,-1,-1,-1,-1,-1,1,1,1,-1,-1,-1,-1,1,1,1,-1,-1,-1,-1,1,1,1,-1,-1,-1,-1,1,1,1,-1,-1,-1,-1,1,1,1,1,-1,-1,-1,1,1,1,-1,-1,-1,-1,-1,1,1,1,-1,-1,-1,1,1,1,1,-1,-1,-1,-1,-1,1,1,1,-1,-1,1,1,1,1,-1,-1,-1,1,-1,1,-1,-1,-1,-1,1,1,1,1,-1,-1,1,-1,-1,1,-1,-1,-1,1,1,1,1,1,-1,1,1,1,-1,1,1,-1,-1,1,1,-1,1,1,-1,-1,-1,1,-1,1,1,-1,-1,1,1,-1,1,1,-1,1,1,1,-1,-1,1,1,-1,-1,1,-1,1,1,1,1,-1,1,-1,1,1,1,-1,1,1,-1,-1,1,1,-1,-1,1,-1,1,1,1,-1,1,1,-1,1,-1,1,-1,1,-1,1,-1,1,1,-1,1,-1,-1,1,1,1,-1,1,-1,-1,-1,1,1,1,-1,1,1,-1,1,1,-1,-1,1,1,-1,1,1,1,-1,-1,1,-1,1,1,-1,1,-1,1,1,-1,1,-1,-1,-1,1,-1,-1,1,-1,1,-1,1,1,-1,1,1,1,-1,1,-1,-1,1,1,-1,-1,1,-1,1,1,-1,1,-1,1,-1,1,1,1,-1,1,1,-1,1,-1,1,-1,-1,1,-1,1,1,1,1,1,1,-1,1,1,1,1,1,-1,-1,1,1,1,1,1,-1,-1,1,1,1,1,1,-1,-1,-1,-1,1,-1,1,1,-1,1,1,1,1,1,1,-1,-1,-1,1,1,-1,-1,-1,1,-1,-1,-1,1,1,-1,1,-1,1,-1,1,-1,1,-1,1,1,1,1,-1,1,-1,1,1,-1,1,-1,-1,-1,-1,1,1,1,1,-1,-1,1,-1,1,1,-1,-1,1,-1,-1,1,-1,1,-1,1,-1,1,-1,1,-1,-1,1,1,-1,1,-1,1,-1,-1,1,-1,1,-1,-1,-1,-1,1,-1,-1,1,1,-1,-1,1,-1,1,1,-1,1,-1,1,-1,1,-1,1,-1,1,1,-1,1,-1,-1,-1,1,1,-1,1,-1,1,-1,1,-1,1,1,-1,1,-1,1,-1,-1,1,-1,-1,-1,1,-1,1,-1,1,1,-1,1,-1,-1,1,-1,-1,1,-1,1,-1,1,-1,1,-1,1,1,-1,1,-1,1,-1,1,-1,-1,1,-1,1,1,1,1,-1,-1,1,1,-1,1,1,-1,-1,1,1,1,-1,1,1,-1,1,1,1,1,-1,1,1,-1,-1,-1,1,-1,-1,1,1,1,-1,1,-1,1,-1,-1,-1,1,1,-1,1,1,-1,1,-1,1,-1,1,1,-1,1,-1,1,-1,-1,-1,-1,1,-1,1,-1,-1,-1,-1,1,-1,1,-1,1,1,1,1,-1,1,-1,1,1,-1,1,-1,1,-1,-1,1,-1,1,-1,-1,1,1,1,1,1,-1,1,1,1,1,-1,1,-1,-1,1,1,1,-1,-1,-1,1,1,1,1,-1,-1,-1,1,-1,1,-1,1,1,-1,-1,1,1,1,-1,-1,-1,-1,1,1,1,1,1,-1,-1,1,1,1,1,1,-1,-1,1,-1,1,-1,1,-1,1,1,1,1,1,1,-1,-1,1,-1,1,1,1,-1,-1,1,1,-1,1,1,-1,-1,1,1,1,1,1,1,-1,-1,1,-1,1,1,-1,1,-1,1,1,-1,1,-1,-1,1,-1,1,1,1,-1,-1,1,-1,1,-1,1,1,-1,-1,1,-1,-1,1,-1,-1,1,-1,1,-1,1,1,-1,-1,-1,1,-1,1,1,-1,1,-1,1,-1,1,1,-1,-1,-1,1,-1,1,-1,1,-1,1,-1,-1,1,1,-1,-1,1,-1,-1,1,1,-1,-1,-1,1,-1,1,1,-1,-1,-1,1,-1,1,1,1,-1,1,1,-1,1,1,-1,-1,1,-1,-1,1,1,-1,-1,1,-1,1,1,1,-1,-1,-1,-1,-1,-1,1,-1,-1,1,1,1,1,1,1,-1,1,-1,-1,1,-1,1,-1,1,1,1,1,1,-1,-1,1,-1,1,1,1,1,-1,-1,1,1,1,1,1,-1,-1,-1,1,-1,1,1,1,-1,1,1,1,1,1,-1,-1,-1,1,1,1,1,1,-1,1,1,-1,1,-1,-1,1,1,1,1,1,1,-1,-1,1,-1,1,1,-1,-1,-1,1,1,1,1,1,1,-1,1,1,1,1,1,1,-1,1,1,1,1,1,1,-1,1,1,-1,1,1,-1,-1,1,1,1,1,1,1,-1,1,-1,-1,1,1,1,-1,-1,1,-1,1,1,1,-1,1,1,-1,1,-1,1,-1,1,1,-1,1,1,1,-1,-1,-1,1,1,1,-1,1,-1,1,1,1,1,-1,1,-1,1,1,1,-1,-1,1,-1,1,1,-1,1,-1,-1,-1,-1,-1,1,-1,1,-1,-1,1,-1,1,-1,-1,-1,-1,1,-1,1,-1,1,-1,-1,-1,1,1,-1,1,-1,-1,-1,-1,1,-1,-1,1,-1,1,-1,1,1,1,1,-1,-1,1,1,-1,-1,1,1,1,1,1,-1,1,-1,-1,1,1,-1,-1,1,-1,-1,-1,-1,1,-1,1,-1,1,1,1,-1,-1,1,-1,-1,-1,-1,-1,-1,1,-1,1,1,1,-1,1,1,-1,1,1,1,1,-1,1,-1,1,1,1,1,-1,1,-1,1,1,1,1,-1,1,-1,1,1,1,1,-1,1,-1,1,1,1,-1,-1,1,-1,-1,1,1,-1,-1,-1,1,-1,1,-1,1,-1,1,-1,-1,1,-2670.0,1,2000,445,1500,True
985,1,-1,1,1,1,1,-1,-1,-1,-1,-1,1,-1,1,-1,-1,1,-1,1,1,-1,1,-1,-1,-1,1,-1,-1,1,-1,-1,-1,1,1,-1,-1,1,-1,-1,-1,1,-1,-1,-1,-1,-1,-1,-1,1,1,1,-1,1,-1,1,-1,1,-1,-1,-1,-1,1,1,1,1,-1,-1,-1,-1,-1,1,1,-1,-1,-1,-1,-1,-1,1,-1,-1,1,1,-1,1,-1,-1,-1,-1,1,-1,1,-1,-1,-1,-1,-1,1,1,1,-1,1,-1,-1,1,1,1,-1,-1,-1,-1,1,1,1,-1,1,-1,-1,1,1,1,-1,-1,-1,-1,1,1,1,-1,1,-1,-1,1,1,1,-1,-1,-1,-1,-1,1,1,-1,1,1,-1,1,1,1,1,1,-1,-1,-1,-1,1,1,1,-1,-1,1,1,1,1,-1,1,-1,1,-1,1,1,1,-1,-1,1,1,1,-1,1,-1,1,-1,-1,1,1,1,-1,1,1,1,1,-1,1,-1,1,1,-1,1,-1,1,-1,1,1,-1,1,-1,1,-1,-1,1,-1,1,-1,1,-1,1,1,-1,1,-1,1,-1,-1,1,-1,-1,1,1,-1,-1,1,-1,1,1,-1,1,-1,1,-1,1,1,1,-1,1,1,-1,-1,1,1,-1,-1,1,-1,1,1,1,-1,1,1,-1,1,-1,1,-1,1,-1,1,-1,1,1,-1,1,-1,-1,1,1,1,-1,1,-1,-1,-1,-1,1,1,-1,1,1,-1,-1,1,-1,-1,1,1,-1,1,1,1,-1,-1,1,-1,1,1,-1,1,-1,1,1,-1,1,-1,-1,-1,1,-1,-1,1,-1,1,-1,1,1,-1,1,1,1,-1,1,-1,-1,1,1,-1,-1,1,-1,-1,1,-1,1,-1,1,-1,-1,1,1,-1,1,1,-1,1,-1,1,-1,-1,1,-1,1,1,1,1,1,1,-1,1,1,1,1,1,-1,-1,1,1,1,1,1,-1,-1,1,-1,1,1,1,-1,-1,1,-1,1,-1,1,1,-1,1,-1,1,1,1,1,-1,-1,1,1,1,-1,-1,-1,1,1,-1,-1,1,1,-1,1,-1,1,-1,1,-1,1,1,-1,1,1,1,-1,-1,1,-1,1,-1,1,-1,-1,1,-1,1,1,1,1,-1,1,1,-1,1,1,-1,-1,1,-1,-1,1,-1,1,-1,-1,1,-1,1,1,-1,-1,1,1,-1,1,-1,1,-1,-1,1,-1,1,1,-1,-1,-1,1,-1,-1,1,1,-1,-1,1,-1,1,1,-1,1,-1,1,-1,1,1,1,-1,-1,-1,-1,1,1,-1,1,-1,1,-1,1,-1,1,-1,-1,-1,1,1,-1,1,-1,-1,-1,-1,1,-1,-1,-1,-1,-1,-1,1,-1,1,-1,1,-1,-1,1,-1,-1,1,-1,-1,-1,-1,1,1,-1,1,-1,-1,-1,1,1,-1,1,-1,-1,-1,1,1,1,1,-1,-1,-1,1,1,-1,1,-1,-1,-1,1,1,1,-1,1,1,-1,1,1,1,1,1,-1,1,-1,-1,-1,1,-1,-1,1,-1,-1,1,1,-1,1,-1,-1,-1,1,1,-1,1,1,-1,-1,-1,1,-1,1,1,-1,-1,-1,1,-1,-1,-1,-1,1,-1,1,-1,-1,-1,-1,-1,-1,1,-1,1,1,1,1,-1,1,-1,1,1,-1,1,-1,1,-1,-1,1,-1,1,-1,-1,1,1,1,1,-1,-1,1,1,1,1,-1,1,-1,-1,1,1,1,-1,-1,-1,1,1,1,1,-1,-1,-1,1,-1,1,-1,1,1,-1,-1,1,1,1,-1,-1,-1,-1,1,1,1,1,-1,-1,-1,1,1,1,1,1,-1,-1,1,-1,1,-1,1,-1,1,1,1,1,1,1,-1,-1,1,-1,1,1,1,-1,-1,1,1,-1,1,1,-1,-1,1,1,1,1,1,-1,1,-1,1,1,-1,1,1,1,-1,1,1,-1,1,-1,1,1,-1,1,1,1,1,-1,1,-1,1,-1,1,-1,1,-1,-1,1,-1,1,1,-1,1,-1,1,1,1,1,-1,1,-1,1,-1,1,1,1,1,-1,1,-1,1,1,-1,-1,-1,1,1,1,1,1,1,-1,1,1,1,1,1,-1,1,-1,-1,1,1,-1,-1,-1,-1,1,1,-1,1,-1,1,-1,1,1,1,-1,-1,-1,-1,1,1,-1,-1,-1,-1,1,-1,1,-1,-1,-1,1,-1,1,1,-1,-1,-1,1,-1,1,1,-1,-1,-1,1,1,1,1,-1,1,-1,1,-1,1,1,1,-1,-1,-1,1,1,1,1,-1,-1,1,-1,1,1,-1,1,-1,-1,1,1,1,1,-1,-1,-1,-1,1,-1,1,-1,1,-1,1,1,1,1,1,-1,-1,1,1,1,1,-1,1,-1,1,1,-1,1,-1,-1,1,1,1,1,-1,1,-1,-1,1,1,1,1,1,-1,-1,1,1,1,-1,1,1,-1,1,1,1,1,1,1,-1,1,1,1,1,1,1,-1,1,1,-1,1,1,-1,-1,1,1,-1,1,1,1,-1,1,-1,-1,1,1,1,-1,-1,1,-1,1,1,1,-1,1,1,-1,1,1,1,-1,1,1,-1,1,1,1,-1,-1,1,1,1,1,-1,1,-1,1,1,1,1,-1,1,-1,1,1,1,-1,-1,1,-1,1,1,-1,1,-1,-1,-1,1,-1,1,-1,1,-1,-1,1,-1,1,-1,-1,-1,-1,1,-1,1,-1,-1,-1,-1,-1,1,1,-1,1,-1,-1,1,-1,1,-1,1,-1,1,-1,-1,1,1,1,1,-1,-1,1,1,-1,-1,1,1,-1,1,1,-1,1,-1,-1,1,1,-1,-1,1,-1,-1,-1,-1,1,-1,1,1,-1,1,1,-1,-1,-1,-1,1,-1,-1,-1,-1,1,-1,-1,1,1,-1,1,1,-1,1,1,1,1,-1,1,-1,1,1,1,1,-1,1,-1,-1,-1,1,1,-1,1,-1,1,1,1,1,-1,1,-1,1,1,1,-1,-1,1,-1,-1,1,1,-1,-1,-1,1,-1,1,-1,1,-1,1,-1,-1,1,-2670.0,1,2000,445,1500,True
986,1,1,-1,-1,1,1,-1,-1,1,1,1,-1,-1,1,1,1,-1,1,-1,-1,-1,-1,1,1,1,-1,-1,-1,1,1,1,1,-1,-1,-1,-1,1,-1,1,1,-1,-1,-1,1,1,1,1,-1,1,1,1,1,-1,1,-1,-1,1,-1,1,1,1,-1,-1,-1,1,1,1,1,-1,-1,-1,1,1,1,1,-1,-1,-1,1,1,1,-1,-1,-1,1,1,1,1,-1,-1,1,1,1,1,1,-1,-1,-1,1,-1,1,1,-1,-1,1,1,1,1,1,-1,-1,-1,1,1,1,1,-1,-1,1,1,1,1,1,1,-1,-1,1,1,-1,1,1,-1,1,1,1,1,1,1,-1,1,1,1,1,1,1,-1,1,1,1,1,1,1,-1,-1,-1,1,1,1,1,-1,1,1,1,1,-1,1,-1,1,-1,1,1,1,-1,-1,1,1,1,1,1,-1,1,-1,-1,1,-1,1,-1,1,1,1,1,1,1,1,1,1,-1,1,-1,1,-1,1,1,-1,1,-1,1,1,-1,1,-1,1,-1,1,-1,1,1,-1,-1,-1,1,1,1,1,-1,-1,1,1,-1,-1,1,-1,1,-1,-1,1,-1,1,-1,1,-1,1,-1,-1,1,-1,-1,-1,1,1,-1,1,-1,1,1,1,-1,1,1,-1,-1,-1,1,-1,1,-1,1,-1,1,1,-1,1,-1,-1,-1,1,1,-1,1,-1,-1,-1,1,1,-1,-1,1,1,-1,-1,1,1,-1,1,1,-1,1,1,1,1,-1,1,-1,1,1,-1,1,-1,1,1,1,1,1,1,1,1,-1,-1,1,-1,-1,-1,1,1,-1,1,1,1,-1,1,1,1,1,1,1,1,1,-1,1,1,1,-1,1,1,-1,1,1,1,-1,1,1,-1,-1,1,1,1,-1,1,-1,1,1,1,-1,1,1,-1,1,1,1,-1,1,1,-1,1,1,1,-1,1,1,1,-1,1,1,-1,1,1,-1,1,-1,1,-1,1,1,1,-1,1,1,1,-1,1,1,-1,1,1,-1,1,1,1,-1,-1,-1,-1,1,1,1,-1,1,1,-1,1,1,-1,-1,1,1,1,1,1,-1,1,1,1,-1,1,1,1,-1,-1,1,1,1,-1,1,-1,1,1,1,1,1,1,-1,-1,-1,1,-1,-1,1,-1,1,-1,1,-1,1,1,1,-1,-1,1,-1,-1,1,-1,1,-1,1,1,-1,1,1,1,-1,-1,1,-1,1,1,-1,-1,1,1,1,-1,1,-1,-1,-1,1,-1,1,1,-1,-1,1,1,1,1,-1,1,-1,1,-1,1,1,-1,-1,1,1,-1,1,1,-1,-1,-1,1,-1,1,1,1,-1,-1,1,-1,-1,1,-1,-1,-1,1,-1,1,1,1,-1,-1,1,-1,-1,1,-1,-1,-1,1,-1,-1,1,-1,-1,-1,1,-1,-1,1,-1,-1,-1,-1,1,-1,1,-1,-1,-1,1,1,-1,-1,1,1,1,-1,1,-1,1,-1,1,1,1,-1,-1,-1,1,-1,-1,1,1,1,-1,1,-1,1,1,1,-1,1,1,-1,-1,-1,1,-1,-1,1,-1,-1,1,1,1,-1,1,-1,-1,1,1,-1,-1,1,-1,-1,1,1,-1,-1,1,-1,-1,-1,1,1,-1,1,-1,-1,-1,1,-1,-1,1,-1,1,-1,1,1,-1,-1,1,-1,-1,-1,-1,-1,1,1,1,-1,-1,1,-1,-1,1,-1,-1,1,-1,-1,1,1,-1,-1,1,-1,-1,1,1,-1,1,-1,1,-1,-1,1,1,-1,-1,-1,-1,1,1,-1,-1,1,-1,-1,-1,1,1,-1,-1,-1,-1,-1,1,-1,-1,-1,-1,-1,-1,1,1,-1,-1,-1,-1,1,1,1,-1,-1,-1,-1,-1,1,1,1,-1,-1,-1,-1,1,1,-1,-1,-1,-1,1,1,1,1,1,-1,1,1,1,1,1,1,-1,-1,1,1,1,-1,1,-1,1,1,1,1,-1,1,-1,-1,1,-1,1,-1,1,-1,-1,1,-1,1,-1,1,-1,-1,1,-1,1,-1,1,1,-1,1,-1,1,1,1,1,-1,1,-1,1,1,1,-1,-1,1,1,-1,1,1,-1,-1,1,-1,1,-1,1,-1,-1,-1,-1,-1,1,1,-1,-1,1,-1,-1,1,1,-1,-1,-1,-1,1,-1,1,-1,-1,-1,-1,1,1,-1,-1,1,-1,-1,1,-1,1,-1,-1,-1,-1,-1,1,1,1,-1,-1,-1,1,1,1,-1,-1,1,-1,-1,-1,1,-1,1,-1,-1,1,1,1,-1,-1,-1,-1,1,-1,1,1,-1,1,-1,-1,1,1,-1,-1,-1,-1,-1,-1,1,1,-1,-1,1,-1,1,1,-1,-1,-1,1,-1,1,1,-1,-1,1,-1,-1,1,1,1,-1,1,-1,1,1,1,-1,-1,1,-1,-1,1,-1,1,-1,1,-1,-1,1,1,-1,1,1,-1,-1,1,1,-1,1,1,-1,-1,1,1,-1,1,1,-1,-1,1,1,1,1,-1,1,-1,-1,1,1,1,1,-1,-1,1,-1,1,1,1,1,-1,-1,1,-1,1,1,1,-1,1,-1,1,1,-1,1,-1,1,1,1,1,1,1,1,-1,-1,1,1,1,-1,1,-1,1,1,1,1,1,-1,1,-1,1,1,-1,1,1,-1,-1,1,-1,1,1,-1,-1,1,1,1,1,-1,1,-1,-1,1,1,-1,-1,1,-1,1,1,1,-1,1,-1,-1,-1,1,1,-1,-1,1,-1,-1,1,1,1,-1,1,-1,-1,1,1,1,-1,-1,-1,-1,1,1,-1,-1,-1,1,-1,1,1,-1,1,1,-1,1,1,-1,-1,1,1,-1,-1,1,1,-1,1,1,-1,1,1,-1,-1,-1,-1,1,-1,-1,-1,-1,-1,1,-1,1,1,-1,1,1,-1,1,1,1,1,-1,1,-1,1,1,1,-1,-1,1,-1,1,1,1,-1,-1,1,-1,-1,1,1,-1,-1,1,-1,1,1,1,1,-1,1,-1,-1,1,1,1,-1,-1,1,-1,1,-1,1,-1,1,-1,-1,1,-2670.0,1,2000,445,500,False
987,1,1,-1,-1,1,1,-1,-1,1,1,1,-1,1,1,1,1,-1,1,-1,-1,-1,-1,1,1,1,1,-1,-1,1,1,1,1,-1,-1,-1,-1,1,1,1,1,-1,-1,-1,1,1,1,1,-1,1,1,1,1,-1,1,-1,-1,1,-1,1,1,1,-1,-1,-1,1,1,1,1,-1,-1,-1,1,1,1,1,-1,-1,-1,1,1,1,-1,-1,-1,1,1,1,1,-1,-1,-1,1,1,1,1,-1,-1,1,1,-1,1,1,-1,-1,1,1,1,1,1,-1,-1,1,1,1,1,1,-1,-1,1,1,1,1,1,1,-1,-1,1,1,-1,1,1,-1,1,1,1,1,1,1,-1,-1,1,1,1,1,1,-1,1,1,1,1,1,1,-1,-1,-1,1,1,1,1,-1,1,1,1,1,-1,1,-1,1,-1,1,1,1,-1,-1,1,1,1,1,1,-1,1,-1,-1,1,-1,1,-1,1,1,1,1,1,1,1,1,1,-1,1,-1,1,-1,1,1,-1,1,-1,1,1,-1,1,-1,1,-1,1,-1,1,1,-1,1,-1,1,1,1,1,-1,-1,1,1,-1,-1,1,-1,1,-1,-1,1,-1,1,-1,1,-1,1,-1,1,1,-1,-1,-1,1,1,-1,1,-1,1,1,1,-1,1,1,-1,1,-1,1,-1,1,-1,1,-1,1,1,-1,1,-1,-1,-1,1,1,-1,1,-1,-1,-1,1,1,-1,-1,1,1,-1,-1,1,1,-1,1,1,-1,1,1,1,1,-1,1,-1,1,1,-1,1,-1,1,-1,1,1,1,1,1,1,-1,-1,1,-1,-1,1,1,1,-1,1,1,1,-1,1,1,1,1,1,1,1,1,-1,1,1,1,-1,-1,1,-1,1,1,1,-1,1,1,-1,-1,1,1,1,-1,1,-1,1,1,1,-1,1,1,-1,1,1,1,-1,1,1,-1,1,1,1,-1,1,1,-1,-1,1,1,-1,1,1,-1,1,-1,1,-1,1,1,1,-1,1,1,1,1,1,1,-1,1,1,-1,1,1,1,-1,-1,-1,-1,1,1,1,-1,1,1,-1,1,1,-1,-1,1,1,1,1,1,-1,1,1,1,-1,1,1,1,1,-1,1,1,1,-1,1,-1,1,1,1,1,1,1,-1,-1,-1,1,-1,-1,1,-1,1,-1,1,1,1,1,1,-1,-1,1,-1,-1,1,-1,1,-1,1,1,1,1,1,1,-1,-1,1,-1,1,1,-1,-1,1,1,1,-1,1,-1,-1,-1,1,-1,1,1,-1,-1,1,1,1,1,-1,1,-1,1,-1,1,1,-1,-1,-1,1,-1,1,1,-1,-1,-1,1,-1,1,1,1,-1,-1,1,1,-1,1,-1,-1,-1,1,-1,1,1,1,-1,-1,1,1,-1,1,-1,-1,-1,-1,-1,-1,1,-1,-1,-1,1,-1,-1,1,-1,-1,-1,-1,1,-1,1,-1,-1,-1,-1,1,-1,-1,1,1,1,-1,1,-1,1,-1,1,1,1,-1,-1,-1,1,-1,-1,1,1,1,-1,1,-1,1,1,1,-1,1,1,-1,-1,-1,1,-1,-1,1,-1,-1,1,1,1,-1,1,-1,-1,1,1,-1,-1,1,-1,-1,1,1,-1,-1,1,-1,-1,-1,1,1,-1,1,1,-1,-1,1,-1,-1,1,-1,1,-1,1,1,-1,-1,1,-1,-1,-1,-1,-1,1,1,1,-1,-1,1,-1,-1,1,-1,-1,1,-1,-1,1,1,-1,-1,1,-1,-1,1,1,-1,1,-1,1,-1,-1,1,1,-1,-1,-1,-1,-1,1,-1,-1,1,-1,-1,-1,1,1,-1,-1,-1,-1,-1,1,-1,-1,-1,-1,-1,1,1,1,-1,-1,-1,-1,-1,1,1,-1,-1,-1,-1,-1,1,1,1,-1,-1,-1,-1,1,1,-1,-1,-1,-1,1,1,1,1,1,-1,1,1,1,1,1,1,-1,-1,1,1,1,-1,1,-1,1,1,1,1,-1,1,-1,-1,1,-1,1,-1,1,-1,-1,1,-1,1,-1,1,-1,-1,1,-1,1,-1,1,-1,-1,1,-1,1,1,1,-1,-1,1,-1,1,1,1,-1,-1,1,1,-1,1,1,-1,-1,1,-1,1,-1,1,-1,-1,-1,-1,-1,1,1,-1,-1,1,-1,-1,1,1,-1,-1,-1,-1,1,-1,1,-1,-1,-1,-1,-1,1,-1,-1,1,-1,-1,1,-1,1,-1,-1,-1,-1,-1,1,1,1,-1,-1,-1,1,1,1,-1,-1,1,1,-1,-1,1,-1,1,-1,-1,1,1,1,-1,-1,-1,-1,1,-1,1,1,-1,1,-1,-1,1,1,-1,-1,-1,-1,-1,-1,1,1,-1,-1,1,-1,1,1,-1,-1,-1,1,-1,1,1,-1,-1,1,-1,-1,1,1,1,-1,1,-1,1,1,1,-1,-1,1,-1,-1,1,-1,1,-1,1,-1,-1,1,1,-1,1,1,-1,-1,1,1,-1,1,1,-1,-1,1,1,-1,1,1,-1,-1,1,1,1,1,1,1,-1,-1,1,1,1,1,-1,-1,1,-1,1,1,1,1,-1,-1,1,-1,1,1,1,-1,1,1,1,1,-1,1,-1,1,1,1,1,1,1,1,-1,1,1,1,1,-1,1,-1,1,1,1,1,1,-1,1,1,1,1,-1,1,1,-1,1,1,-1,1,1,-1,-1,1,1,1,1,-1,1,-1,1,1,1,-1,-1,1,-1,1,1,1,-1,1,-1,-1,-1,1,1,-1,-1,1,-1,-1,1,1,1,-1,1,-1,-1,1,1,1,-1,1,-1,-1,1,1,-1,-1,-1,1,-1,1,1,-1,1,1,-1,1,1,-1,-1,1,-1,-1,-1,1,1,-1,1,1,-1,1,1,-1,-1,1,-1,1,-1,-1,-1,-1,1,-1,-1,1,1,-1,1,1,-1,1,1,1,1,-1,1,-1,1,1,1,1,-1,1,-1,-1,1,1,1,-1,1,-1,1,1,1,1,-1,1,-1,1,1,1,-1,-1,1,-1,-1,1,1,-1,-1,-1,1,-1,1,-1,1,-1,1,-1,-1,1,-2670.0,1,2000,445,1000,False
988,1,1,-1,-1,1,-1,-1,-1,1,1,1,-1,1,1,1,1,-1,1,-1,-1,-1,-1,1,1,1,-1,1,-1,1,1,1,1,1,-1,-1,-1,1,1,1,-1,-1,-1,-1,1,1,1,1,-1,1,1,1,1,-1,1,-1,-1,1,-1,1,1,1,-1,-1,-1,1,1,1,1,-1,-1,-1,1,1,1,1,-1,-1,-1,1,1,1,-1,-1,-1,1,1,1,1,-1,-1,-1,1,1,1,1,-1,-1,1,1,-1,1,1,-1,-1,1,1,1,1,1,-1,-1,-1,1,1,1,1,-1,-1,1,1,1,1,1,1,-1,-1,1,1,-1,1,1,-1,1,1,1,1,1,1,-1,1,1,1,1,1,1,-1,1,1,1,1,1,1,-1,-1,-1,1,1,1,1,-1,1,1,1,1,-1,1,-1,1,-1,1,1,1,-1,-1,1,1,1,1,1,-1,1,-1,-1,1,-1,1,-1,1,1,1,1,1,1,1,1,1,-1,1,-1,1,-1,1,1,-1,1,-1,1,1,-1,1,-1,1,-1,1,-1,1,1,-1,1,-1,1,1,1,1,-1,-1,1,1,-1,-1,1,-1,1,-1,1,1,-1,1,-1,1,-1,1,-1,1,1,-1,-1,-1,1,1,-1,1,-1,1,1,1,-1,1,1,-1,1,-1,1,-1,1,-1,1,-1,1,1,-1,1,-1,-1,-1,1,1,-1,1,-1,-1,-1,1,1,-1,-1,1,1,-1,-1,1,1,-1,1,1,-1,1,1,1,1,-1,1,-1,1,1,-1,1,-1,1,1,1,1,1,1,1,1,-1,-1,1,-1,-1,1,1,1,-1,1,1,1,-1,1,1,1,1,1,1,-1,1,-1,1,1,1,-1,-1,1,-1,1,1,1,-1,1,1,-1,-1,1,1,1,-1,1,-1,1,1,1,-1,1,1,-1,1,1,1,-1,1,1,-1,1,1,1,-1,1,1,-1,-1,1,1,-1,1,1,-1,1,-1,1,-1,1,1,1,-1,1,1,1,-1,1,1,-1,1,1,-1,1,1,1,-1,-1,-1,-1,1,1,1,-1,1,1,-1,1,1,-1,-1,1,1,1,1,1,-1,1,1,1,-1,1,1,1,-1,-1,1,1,1,-1,1,-1,1,1,1,1,1,1,-1,-1,-1,1,-1,-1,1,1,-1,1,1,1,1,1,1,1,-1,1,-1,-1,1,-1,1,-1,1,1,1,1,1,1,-1,-1,1,-1,1,1,1,-1,1,1,1,-1,1,1,-1,-1,1,-1,1,1,1,-1,1,1,1,1,1,1,-1,1,-1,1,1,1,-1,-1,1,-1,-1,1,1,-1,-1,1,-1,1,1,1,-1,-1,1,-1,-1,1,1,-1,-1,1,-1,1,1,1,1,-1,1,1,-1,-1,1,1,-1,-1,-1,1,-1,1,-1,-1,1,-1,-1,1,-1,1,-1,-1,1,-1,1,-1,1,-1,-1,1,-1,-1,1,1,1,-1,1,-1,1,-1,-1,-1,1,-1,-1,-1,1,-1,-1,-1,1,1,-1,1,-1,1,1,1,-1,1,1,-1,1,-1,1,-1,-1,1,-1,-1,1,1,1,-1,1,-1,-1,1,1,-1,-1,1,-1,-1,1,1,-1,-1,1,-1,-1,-1,1,1,-1,1,1,-1,-1,1,-1,-1,1,-1,1,-1,1,1,-1,-1,1,-1,-1,-1,-1,-1,1,1,1,-1,1,1,-1,-1,1,-1,-1,-1,-1,-1,1,1,-1,-1,-1,-1,-1,1,1,-1,1,1,1,-1,-1,1,1,-1,-1,-1,-1,1,1,-1,-1,1,-1,-1,-1,1,1,-1,-1,-1,-1,-1,1,-1,-1,1,-1,-1,1,1,1,-1,1,-1,-1,-1,1,1,-1,-1,-1,-1,-1,1,1,1,-1,-1,-1,-1,1,1,-1,-1,-1,-1,1,1,1,1,-1,-1,1,1,1,1,1,-1,-1,-1,1,1,1,-1,1,-1,1,1,1,1,-1,1,-1,-1,1,-1,1,-1,1,-1,-1,1,-1,1,-1,-1,-1,-1,1,-1,1,-1,1,-1,-1,1,-1,1,-1,1,-1,-1,1,-1,1,-1,-1,-1,-1,1,1,-1,-1,-1,-1,-1,1,-1,1,-1,-1,-1,-1,-1,-1,-1,1,-1,-1,-1,1,-1,-1,1,-1,-1,-1,-1,-1,1,1,-1,-1,-1,-1,-1,1,-1,-1,-1,1,-1,-1,1,-1,1,-1,-1,-1,-1,-1,-1,-1,1,-1,-1,-1,1,1,1,-1,-1,-1,1,-1,-1,-1,-1,1,-1,-1,1,-1,1,-1,-1,-1,-1,1,-1,1,1,-1,1,-1,-1,1,1,-1,-1,-1,-1,-1,-1,1,1,-1,-1,1,-1,1,1,-1,-1,-1,1,-1,1,1,-1,-1,1,-1,-1,1,1,1,-1,1,-1,1,1,1,-1,-1,1,-1,-1,1,1,1,-1,1,-1,-1,1,1,-1,1,1,-1,-1,1,1,1,1,1,-1,-1,1,1,-1,1,1,-1,-1,1,1,1,1,1,1,-1,-1,1,1,1,1,-1,-1,1,-1,1,1,1,1,-1,-1,1,-1,1,1,1,-1,1,1,1,1,-1,1,-1,1,1,1,1,1,1,1,-1,1,1,1,1,-1,1,-1,1,1,1,1,1,-1,1,1,1,1,-1,1,1,-1,1,1,-1,1,1,-1,-1,1,1,1,1,-1,1,-1,1,1,1,-1,-1,1,-1,1,1,1,-1,1,-1,-1,-1,1,1,-1,-1,1,-1,-1,1,1,1,-1,1,-1,-1,1,1,1,-1,1,-1,-1,1,1,-1,-1,-1,1,-1,-1,1,-1,1,1,-1,1,1,-1,-1,1,-1,-1,-1,1,1,-1,1,1,-1,1,1,-1,-1,1,-1,1,-1,-1,-1,-1,1,-1,-1,1,1,-1,1,1,-1,1,1,1,1,-1,1,-1,1,1,1,-1,-1,1,-1,-1,1,1,-1,-1,1,-1,1,1,1,-1,-1,1,-1,1,1,1,1,-1,1,-1,-1,1,1,-1,-1,-1,1,-1,1,-1,1,-1,1,-1,-1,1,-2670.0,1,2000,445,500,False
989,-1,-1,1,1,1,1,-1,1,-1,-1,-1,1,-1,1,-1,-1,1,-1,1,1,-1,1,-1,-1,-1,1,-1,-1,1,-1,-1,-1,1,1,-1,-1,1,-1,-1,-1,1,-1,-1,-1,-1,-1,1,1,-1,1,-1,-1,-1,1,1,-1,1,1,-1,-1,1,1,1,1,-1,-1,-1,1,1,-1,1,1,-1,-1,1,-1,-1,-1,1,-1,-1,1,1,-1,1,-1,-1,1,1,1,-1,1,-1,-1,1,1,-1,1,1,1,-1,1,1,-1,1,1,-1,-1,1,1,-1,1,1,1,-1,1,1,-1,1,1,-1,-1,1,1,-1,1,1,-1,1,1,1,-1,1,1,-1,1,1,1,-1,-1,1,-1,1,1,1,-1,1,1,1,-1,1,1,-1,-1,-1,1,-1,1,1,-1,1,1,1,1,1,1,-1,1,1,-1,1,1,1,-1,1,1,-1,-1,1,1,1,-1,-1,1,1,1,-1,1,1,1,1,1,1,1,1,1,-1,1,1,1,-1,1,1,-1,1,1,1,1,-1,1,-1,-1,1,1,-1,1,1,-1,1,1,1,1,1,1,-1,-1,1,1,-1,-1,1,-1,1,1,-1,1,1,1,-1,1,1,1,-1,1,1,-1,-1,1,-1,1,-1,1,-1,1,1,1,-1,1,1,-1,1,-1,1,-1,1,-1,1,-1,-1,1,-1,1,-1,-1,1,1,1,-1,1,-1,-1,-1,1,1,-1,-1,1,1,-1,1,1,1,-1,1,1,-1,-1,-1,1,-1,-1,1,-1,-1,-1,-1,1,-1,1,-1,-1,-1,1,-1,-1,1,-1,-1,-1,-1,1,-1,1,1,-1,-1,1,1,-1,1,1,1,-1,1,1,-1,1,-1,-1,1,1,1,-1,1,-1,-1,1,1,-1,1,1,-1,1,-1,1,-1,-1,1,-1,1,1,1,1,1,1,-1,-1,1,1,1,1,1,-1,-1,1,1,1,1,1,-1,1,-1,1,-1,1,1,-1,1,-1,1,1,1,1,1,1,-1,1,1,1,1,1,-1,1,1,1,-1,-1,1,1,1,-1,-1,1,1,1,1,-1,1,-1,1,1,1,1,-1,1,1,1,1,1,1,-1,1,-1,1,1,1,1,-1,1,1,1,-1,1,1,1,1,1,1,1,1,1,-1,-1,1,-1,-1,1,-1,1,-1,1,1,1,1,-1,1,-1,1,-1,-1,1,1,-1,-1,1,1,-1,1,1,1,-1,-1,1,-1,1,1,-1,-1,1,1,1,-1,1,1,-1,-1,1,-1,1,-1,-1,-1,1,1,1,1,-1,1,-1,1,-1,1,1,-1,1,-1,1,-1,-1,1,-1,-1,-1,1,-1,1,1,-1,-1,-1,1,-1,-1,1,1,-1,-1,1,-1,1,-1,1,-1,-1,1,1,-1,-1,1,-1,-1,-1,1,1,-1,1,-1,-1,1,-1,-1,1,1,-1,-1,-1,1,-1,1,1,-1,-1,-1,1,-1,-1,1,1,1,-1,1,-1,1,-1,1,1,1,-1,-1,-1,1,-1,-1,1,1,-1,1,1,-1,1,1,1,-1,1,1,-1,1,-1,1,-1,1,1,-1,-1,1,1,-1,-1,1,-1,-1,1,1,1,-1,1,-1,-1,1,1,-1,-1,1,-1,-1,-1,1,1,-1,1,1,-1,-1,1,1,-1,1,-1,1,-1,1,1,-1,-1,1,-1,-1,-1,1,-1,-1,1,1,-1,1,1,-1,1,1,-1,-1,-1,-1,-1,1,1,-1,-1,-1,-1,-1,1,1,-1,1,1,1,-1,-1,1,1,-1,-1,1,-1,-1,1,-1,-1,1,1,1,-1,1,1,-1,-1,-1,1,-1,1,-1,-1,1,1,1,-1,1,1,-1,-1,1,1,-1,1,1,-1,1,1,1,-1,1,1,1,-1,1,1,1,1,1,-1,1,1,1,-1,1,1,-1,-1,1,-1,-1,1,1,-1,-1,1,-1,-1,1,-1,1,1,1,-1,-1,1,-1,-1,1,1,1,-1,1,-1,1,-1,1,-1,-1,1,-1,-1,-1,1,-1,-1,1,-1,-1,1,1,1,-1,1,-1,1,-1,1,1,-1,1,1,1,1,1,-1,1,1,-1,1,1,1,1,-1,1,-1,1,-1,1,1,-1,1,1,-1,1,1,-1,1,1,1,-1,1,1,1,-1,1,-1,-1,1,1,-1,1,1,-1,1,-1,1,-1,-1,1,1,-1,1,1,-1,-1,1,1,-1,1,1,-1,-1,-1,1,1,1,1,-1,1,1,1,-1,1,1,-1,-1,1,-1,1,1,-1,-1,-1,-1,1,-1,1,1,-1,1,-1,-1,1,1,1,-1,-1,-1,-1,-1,1,-1,-1,-1,1,-1,1,1,-1,-1,-1,1,-1,1,1,1,-1,1,-1,-1,1,1,1,-1,1,-1,1,1,1,-1,-1,1,-1,-1,1,-1,-1,-1,1,-1,-1,1,1,-1,1,1,-1,-1,1,1,-1,-1,1,-1,-1,1,1,-1,-1,1,-1,-1,1,1,-1,-1,-1,1,-1,-1,1,-1,-1,1,-1,-1,1,-1,-1,-1,1,1,-1,-1,1,-1,1,-1,1,-1,1,1,-1,1,-1,1,-1,1,1,-1,1,1,1,-1,-1,1,-1,1,1,-1,1,-1,1,-1,1,1,1,-1,1,1,1,1,-1,-1,1,-1,1,1,-1,1,-1,-1,-1,1,-1,1,-1,1,-1,-1,1,-1,1,-1,-1,1,-1,1,-1,1,-1,-1,1,-1,-1,1,1,-1,1,-1,-1,-1,-1,1,-1,1,-1,1,-1,-1,1,1,1,1,-1,-1,1,1,-1,-1,1,1,-1,1,1,-1,1,-1,-1,1,1,-1,-1,1,-1,-1,-1,-1,1,-1,1,1,-1,1,1,-1,-1,-1,-1,1,-1,-1,-1,-1,1,-1,-1,1,1,-1,1,1,-1,1,1,1,1,-1,1,-1,1,1,1,1,-1,1,-1,-1,-1,1,1,-1,1,-1,1,1,1,1,-1,1,-1,1,1,1,-1,-1,1,-1,-1,1,1,-1,-1,-1,1,-1,1,-1,1,-1,1,-1,-1,1,-2670.0,1,2000,445,1500,True
990,-1,-1,1,1,1,1,-1,1,-1,-1,-1,1,-1,1,-1,-1,1,-1,1,1,-1,1,-1,-1,-1,1,-1,-1,-1,-1,-1,-1,1,1,-1,1,1,-1,-1,-1,1,-1,1,-1,-1,-1,-1,1,-1,-1,-1,-1,1,-1,1,-1,-1,1,-1,-1,-1,1,1,1,-1,-1,-1,-1,-1,-1,1,-1,-1,-1,-1,-1,-1,1,-1,-1,-1,1,1,-1,-1,-1,-1,1,-1,1,-1,-1,-1,-1,-1,-1,-1,1,-1,1,-1,-1,-1,-1,1,-1,-1,-1,-1,-1,-1,1,-1,-1,-1,-1,-1,-1,1,-1,-1,1,-1,-1,-1,1,-1,-1,1,-1,-1,-1,1,-1,-1,1,-1,-1,-1,-1,-1,-1,1,-1,-1,-1,1,-1,-1,-1,-1,-1,-1,-1,1,-1,1,1,-1,-1,1,1,-1,-1,-1,-1,-1,1,1,-1,-1,-1,-1,-1,1,-1,-1,1,-1,-1,1,-1,1,-1,-1,-1,-1,1,1,-1,-1,1,-1,1,1,1,1,-1,1,-1,-1,1,1,1,-1,1,-1,-1,-1,1,1,-1,1,-1,1,1,1,1,-1,1,1,1,1,1,1,1,-1,1,-1,-1,1,1,1,-1,1,-1,-1,1,1,-1,-1,1,-1,1,1,1,1,-1,1,-1,1,1,1,-1,1,1,-1,1,1,1,-1,-1,1,1,-1,-1,1,1,-1,1,1,1,-1,1,1,1,1,1,1,-1,1,1,1,1,1,-1,1,1,1,1,1,1,1,1,1,-1,-1,-1,1,1,-1,1,1,-1,-1,1,1,-1,1,1,1,-1,1,1,-1,1,1,1,-1,1,1,-1,1,-1,1,-1,1,1,-1,1,1,1,-1,1,1,-1,1,1,-1,1,1,1,-1,1,1,-1,1,1,-1,1,1,1,-1,1,1,-1,-1,1,1,1,1,1,1,1,1,1,1,1,1,1,1,-1,1,-1,1,1,1,1,-1,1,1,-1,1,1,1,-1,1,1,-1,1,-1,1,1,-1,1,-1,1,1,1,1,-1,1,-1,1,1,-1,-1,-1,1,1,-1,-1,1,1,-1,1,-1,1,-1,1,-1,1,1,-1,1,1,1,1,-1,1,-1,1,-1,1,-1,-1,1,-1,1,1,1,1,-1,1,1,-1,1,1,-1,-1,1,-1,-1,1,-1,1,-1,-1,1,-1,-1,1,-1,-1,-1,1,-1,1,-1,1,1,-1,1,-1,1,-1,-1,-1,-1,1,-1,-1,1,1,-1,-1,1,-1,1,1,-1,1,-1,1,-1,1,-1,1,-1,-1,-1,-1,1,-1,-1,1,-1,1,-1,1,-1,1,-1,-1,-1,1,1,-1,1,-1,-1,-1,-1,1,-1,-1,1,-1,-1,1,-1,1,1,1,1,-1,-1,1,-1,-1,1,-1,-1,-1,1,-1,1,-1,1,-1,-1,1,-1,1,-1,1,-1,-1,1,-1,1,1,1,-1,-1,-1,1,1,-1,1,-1,-1,-1,1,1,1,-1,1,1,-1,1,1,1,1,1,-1,1,-1,1,1,-1,1,-1,1,-1,-1,1,-1,-1,1,-1,-1,1,-1,-1,-1,1,1,-1,1,1,-1,-1,1,1,-1,-1,1,-1,-1,-1,-1,-1,1,1,-1,-1,-1,-1,-1,1,1,-1,-1,1,1,1,-1,1,-1,1,-1,1,-1,1,1,-1,1,-1,1,-1,-1,1,1,-1,1,1,1,1,1,1,-1,-1,1,-1,1,1,1,-1,-1,1,-1,1,1,-1,-1,1,1,-1,1,1,-1,1,1,1,1,1,1,1,-1,1,-1,-1,1,1,1,-1,1,-1,1,1,1,1,-1,-1,1,1,1,1,1,-1,1,1,-1,1,1,1,-1,-1,1,1,1,-1,1,-1,-1,1,-1,1,1,1,-1,-1,-1,1,1,1,1,-1,-1,1,1,1,1,-1,1,-1,1,-1,1,-1,-1,1,-1,1,-1,1,1,-1,-1,1,-1,1,1,-1,1,-1,-1,1,-1,1,1,-1,1,-1,1,-1,1,-1,1,-1,-1,1,-1,1,1,1,1,-1,1,-1,1,-1,1,-1,-1,1,-1,1,1,-1,1,1,1,1,1,-1,1,1,-1,1,1,1,1,-1,1,-1,1,-1,1,1,-1,1,1,-1,1,1,1,-1,1,1,-1,1,1,1,1,-1,-1,-1,1,1,1,-1,1,-1,1,-1,1,1,-1,1,1,-1,1,1,1,-1,1,1,-1,1,1,1,-1,-1,1,1,1,1,1,1,1,1,-1,1,1,1,-1,1,-1,1,1,1,1,-1,-1,1,-1,1,1,1,1,-1,-1,1,1,1,1,1,1,-1,-1,1,-1,1,1,-1,-1,1,1,1,1,1,-1,-1,1,1,1,1,1,-1,-1,1,1,-1,1,-1,-1,1,1,1,1,1,1,-1,-1,1,1,1,1,-1,-1,-1,1,1,1,1,-1,-1,-1,1,1,1,1,1,-1,-1,1,1,1,1,1,-1,-1,1,1,-1,1,1,-1,-1,1,1,-1,1,-1,-1,-1,1,-1,1,1,1,-1,-1,-1,1,-1,1,1,-1,-1,1,1,-1,1,-1,-1,-1,1,1,-1,1,1,-1,-1,-1,-1,1,1,1,-1,1,-1,1,1,1,-1,-1,1,-1,1,1,1,-1,-1,1,-1,1,1,-1,1,-1,-1,-1,1,-1,1,1,-1,-1,-1,1,-1,1,-1,-1,-1,-1,1,-1,1,-1,1,-1,-1,-1,1,1,-1,1,-1,-1,-1,-1,1,-1,1,-1,-1,1,-1,1,1,-1,1,-1,-1,1,1,-1,-1,1,1,1,1,1,-1,1,-1,-1,1,1,-1,-1,1,-1,-1,-1,-1,1,-1,1,1,1,1,1,-1,-1,-1,-1,-1,-1,-1,-1,-1,1,-1,1,1,1,-1,1,1,-1,1,1,1,1,-1,1,-1,1,1,1,1,-1,1,-1,1,1,1,1,-1,1,-1,1,1,1,1,-1,1,-1,1,1,1,-1,-1,1,-1,-1,1,1,-1,-1,-1,1,-1,1,-1,1,-1,1,-1,-1,1,-2670.0,1,2000,445,1500,True
991,1,1,-1,-1,1,-1,-1,-1,1,1,1,-1,1,1,1,1,-1,1,-1,-1,-1,-1,1,1,1,-1,1,-1,1,1,1,1,-1,-1,-1,-1,1,-1,1,1,-1,-1,-1,1,1,1,1,-1,1,1,1,1,-1,1,-1,-1,1,-1,1,1,1,-1,-1,-1,1,1,1,1,-1,-1,-1,1,1,1,1,-1,-1,-1,1,1,1,-1,-1,-1,1,1,1,1,-1,-1,1,1,1,1,1,-1,-1,-1,1,-1,1,1,-1,-1,1,1,1,1,1,-1,-1,-1,1,-1,1,1,-1,-1,1,1,1,1,1,1,-1,-1,1,1,-1,1,1,-1,1,1,1,1,1,1,-1,1,1,1,1,1,1,-1,1,1,1,1,1,1,-1,-1,-1,1,1,1,1,-1,1,1,1,1,-1,1,-1,1,-1,1,1,1,-1,-1,1,1,1,1,1,-1,1,-1,-1,1,-1,1,-1,1,1,1,1,1,1,1,1,1,-1,1,-1,1,-1,1,1,-1,1,-1,1,1,-1,1,-1,1,-1,1,-1,1,1,-1,1,-1,1,1,1,1,-1,-1,1,1,-1,-1,1,-1,1,-1,-1,1,-1,1,-1,1,-1,1,-1,-1,1,-1,-1,-1,1,1,-1,1,-1,1,1,1,-1,1,1,-1,1,-1,1,-1,1,-1,1,-1,1,1,-1,1,-1,-1,-1,1,1,-1,1,-1,-1,-1,1,1,-1,-1,1,1,-1,-1,1,1,-1,1,1,-1,1,1,1,1,-1,1,-1,1,1,-1,1,-1,1,1,-1,1,1,1,1,1,-1,-1,1,-1,-1,-1,1,1,-1,1,1,1,-1,1,-1,-1,1,1,1,1,1,-1,1,1,1,-1,1,1,-1,1,1,1,-1,1,1,-1,-1,1,1,1,-1,1,-1,1,1,1,-1,1,1,-1,1,1,1,-1,1,-1,-1,1,1,1,-1,1,-1,-1,-1,1,1,-1,1,-1,-1,1,-1,1,-1,1,1,-1,-1,1,1,1,-1,1,-1,-1,1,1,-1,1,-1,1,-1,-1,-1,-1,1,1,-1,-1,1,1,-1,1,1,-1,-1,1,1,1,1,1,-1,1,1,1,-1,1,-1,-1,-1,-1,1,1,-1,1,-1,-1,1,-1,1,-1,-1,-1,-1,-1,-1,1,-1,-1,-1,1,-1,1,1,-1,1,-1,1,1,-1,1,-1,1,-1,-1,1,-1,1,-1,1,-1,-1,1,-1,-1,1,1,-1,-1,1,-1,1,1,-1,1,-1,1,-1,1,-1,1,-1,-1,1,-1,1,-1,1,-1,1,1,-1,1,-1,1,-1,1,-1,1,1,1,1,-1,1,-1,-1,1,-1,-1,-1,1,-1,1,-1,1,1,-1,1,-1,-1,1,-1,-1,1,-1,1,-1,1,-1,1,-1,1,1,-1,1,-1,1,-1,1,-1,-1,1,-1,-1,1,1,1,-1,-1,1,1,-1,1,1,-1,-1,1,1,1,1,1,1,-1,1,1,1,-1,-1,-1,1,-1,-1,-1,1,-1,-1,-1,1,1,-1,1,-1,1,-1,-1,-1,1,1,-1,1,1,-1,-1,-1,1,-1,1,-1,-1,1,-1,1,-1,-1,1,1,-1,-1,1,-1,-1,-1,-1,-1,-1,1,-1,1,1,1,1,-1,1,-1,-1,1,-1,-1,-1,1,-1,-1,-1,-1,1,-1,-1,1,1,-1,1,-1,-1,1,1,1,1,-1,1,-1,-1,1,1,1,-1,-1,-1,1,1,1,1,-1,1,-1,1,-1,1,-1,1,1,-1,-1,1,1,1,-1,-1,-1,-1,1,1,1,1,-1,-1,-1,1,1,1,1,-1,-1,-1,1,1,1,-1,-1,-1,1,1,1,1,1,-1,-1,-1,1,1,1,1,-1,-1,-1,1,1,-1,1,-1,-1,-1,1,1,1,1,-1,-1,1,1,1,1,-1,-1,1,1,-1,1,1,-1,-1,-1,1,1,1,1,1,-1,1,1,1,1,1,1,-1,-1,1,-1,1,-1,-1,-1,-1,1,-1,1,1,-1,-1,-1,1,-1,1,1,-1,1,-1,1,1,1,-1,1,1,-1,1,-1,1,-1,-1,-1,-1,1,1,-1,-1,-1,-1,-1,1,-1,1,-1,-1,-1,-1,-1,-1,-1,1,-1,-1,-1,1,-1,-1,1,-1,-1,-1,-1,-1,1,1,-1,-1,-1,-1,-1,1,-1,-1,-1,1,-1,-1,1,-1,1,-1,-1,-1,-1,-1,-1,-1,1,-1,-1,-1,1,1,-1,-1,-1,1,1,-1,-1,-1,-1,1,-1,-1,1,-1,1,-1,-1,-1,-1,1,-1,1,1,-1,1,-1,-1,1,1,-1,-1,-1,-1,-1,-1,1,1,-1,-1,1,-1,1,1,-1,-1,-1,1,-1,1,1,-1,-1,1,-1,-1,1,1,1,-1,1,-1,1,1,1,-1,-1,1,-1,-1,1,1,1,-1,1,-1,-1,1,1,-1,1,1,-1,-1,1,1,1,1,1,-1,-1,1,1,-1,1,1,-1,-1,1,1,1,1,-1,1,-1,1,1,1,1,1,-1,-1,1,-1,1,1,1,1,-1,-1,1,-1,1,1,1,-1,1,1,1,1,-1,1,-1,1,1,1,1,1,1,1,-1,-1,1,1,1,-1,1,-1,1,1,1,1,1,-1,1,1,1,1,-1,1,1,-1,1,1,-1,1,1,-1,-1,1,1,1,1,-1,1,-1,1,1,1,-1,-1,1,-1,1,1,1,-1,1,-1,-1,-1,1,1,-1,-1,1,-1,-1,1,1,-1,-1,1,-1,1,1,1,1,-1,1,-1,-1,1,1,-1,-1,-1,1,1,-1,1,-1,1,1,-1,1,1,-1,-1,1,1,-1,-1,1,1,-1,1,1,1,1,1,-1,-1,-1,-1,-1,-1,-1,-1,-1,-1,1,1,1,1,-1,1,1,-1,1,1,1,1,-1,1,-1,1,1,1,-1,-1,1,-1,1,1,1,-1,-1,1,-1,1,1,1,-1,-1,1,-1,1,1,1,1,-1,1,-1,1,1,1,1,-1,-1,1,-1,1,1,1,-1,1,-1,1,1,-2670.0,1,2000,445,1000,False
992,1,1,-1,-1,1,-1,-1,-1,1,1,1,-1,1,1,1,1,-1,1,-1,-1,-1,-1,1,1,1,-1,1,-1,1,1,1,1,1,-1,-1,-1,1,1,1,1,-1,-1,-1,1,1,1,1,-1,1,1,1,1,-1,1,-1,-1,1,-1,1,1,1,-1,-1,-1,1,1,1,1,-1,-1,-1,1,1,1,1,-1,-1,-1,1,1,1,-1,-1,-1,1,1,1,1,-1,-1,1,1,1,1,1,-1,-1,-1,1,-1,1,1,-1,-1,1,1,1,1,1,-1,-1,-1,1,1,1,1,-1,-1,1,1,1,1,1,1,-1,-1,1,1,-1,1,1,-1,1,1,1,1,1,1,-1,1,1,1,1,1,1,-1,1,1,1,1,1,1,-1,-1,-1,1,1,1,1,-1,1,1,1,1,-1,1,-1,1,-1,1,1,1,-1,-1,1,1,1,1,1,-1,1,-1,-1,1,-1,1,-1,1,1,1,1,1,1,1,1,1,1,1,-1,1,-1,1,1,-1,1,-1,1,1,-1,1,-1,1,-1,1,-1,1,1,-1,-1,-1,1,1,1,1,-1,-1,1,1,-1,-1,1,-1,1,-1,1,1,-1,1,-1,1,-1,1,-1,1,1,-1,-1,-1,1,1,-1,1,-1,1,1,1,-1,1,1,-1,-1,-1,1,-1,1,-1,1,-1,1,1,-1,1,-1,-1,-1,1,1,-1,1,-1,-1,-1,1,1,-1,-1,1,1,-1,-1,1,1,-1,1,1,-1,1,1,1,1,-1,1,-1,1,1,-1,1,-1,1,-1,1,1,1,-1,-1,1,-1,-1,1,-1,-1,1,1,1,-1,1,1,1,-1,1,1,1,1,1,1,-1,1,-1,1,1,1,1,-1,1,-1,1,1,1,-1,1,1,-1,-1,1,1,1,-1,1,-1,1,1,1,-1,1,1,-1,1,1,1,-1,1,1,-1,1,1,1,1,1,1,-1,-1,1,1,-1,1,1,-1,1,-1,1,-1,1,1,1,-1,1,1,1,1,1,1,-1,1,1,-1,1,1,1,-1,-1,-1,-1,1,1,1,-1,1,1,-1,1,1,-1,-1,1,1,1,1,1,-1,1,1,1,-1,1,1,1,1,-1,1,1,1,-1,1,-1,1,1,1,1,1,1,-1,-1,-1,1,-1,-1,1,-1,1,-1,1,1,1,1,1,-1,-1,1,-1,-1,1,-1,1,-1,1,1,1,1,1,1,-1,-1,1,-1,1,1,-1,-1,1,1,1,-1,1,-1,-1,-1,1,-1,1,1,-1,-1,1,1,1,1,-1,1,-1,1,-1,-1,1,-1,-1,-1,1,-1,1,1,-1,-1,-1,1,-1,1,1,1,-1,-1,1,1,-1,1,-1,-1,-1,1,-1,1,1,1,-1,-1,1,-1,-1,1,-1,-1,-1,-1,-1,-1,1,-1,-1,-1,1,-1,-1,1,-1,-1,-1,-1,1,-1,1,-1,-1,-1,-1,1,-1,-1,1,1,1,-1,1,-1,1,1,1,1,1,-1,-1,-1,1,-1,-1,1,1,1,-1,1,-1,1,1,1,-1,1,1,-1,1,-1,1,-1,-1,1,-1,-1,1,1,1,-1,1,-1,-1,1,1,-1,-1,1,-1,-1,1,1,-1,-1,1,-1,-1,-1,1,1,-1,1,1,-1,-1,1,-1,-1,1,-1,1,-1,1,1,-1,-1,1,-1,-1,-1,-1,-1,1,1,1,-1,-1,1,-1,-1,1,-1,-1,1,-1,-1,1,1,-1,-1,1,-1,-1,1,1,-1,1,-1,1,-1,-1,1,1,-1,-1,-1,-1,1,1,-1,-1,1,-1,-1,-1,1,1,-1,-1,-1,-1,-1,1,-1,-1,-1,-1,-1,-1,1,1,-1,-1,-1,-1,1,1,1,-1,-1,-1,-1,-1,1,1,1,-1,-1,-1,-1,1,1,-1,-1,-1,-1,1,1,1,1,1,-1,1,1,1,1,1,1,-1,-1,1,1,1,-1,-1,-1,1,1,1,1,-1,1,-1,-1,1,-1,1,-1,1,-1,-1,1,-1,1,-1,1,-1,-1,1,-1,1,-1,1,-1,-1,1,-1,1,1,1,-1,-1,1,-1,1,1,1,-1,-1,1,1,-1,1,1,-1,-1,1,-1,1,-1,1,-1,-1,-1,-1,-1,1,1,-1,-1,1,-1,-1,1,1,-1,-1,-1,-1,1,-1,1,-1,-1,-1,-1,-1,1,-1,-1,1,-1,-1,1,-1,1,-1,-1,-1,-1,-1,1,1,1,-1,-1,-1,1,1,1,-1,-1,-1,1,-1,-1,1,-1,1,-1,-1,1,1,1,-1,-1,-1,-1,1,-1,1,1,-1,1,-1,-1,1,1,-1,-1,-1,-1,-1,-1,1,1,-1,-1,1,-1,1,1,-1,-1,-1,1,-1,1,1,-1,-1,1,-1,-1,1,1,1,-1,1,-1,1,1,1,-1,-1,1,-1,-1,1,-1,1,-1,1,-1,-1,1,1,-1,1,1,-1,-1,1,1,-1,1,1,-1,-1,1,1,1,1,1,-1,-1,1,1,1,1,1,1,-1,-1,1,1,-1,1,-1,-1,1,-1,1,1,1,1,-1,-1,1,-1,1,1,1,-1,1,1,1,1,-1,1,-1,1,1,1,1,1,1,1,-1,1,1,1,1,-1,1,-1,1,1,1,1,1,-1,1,1,1,1,-1,-1,1,-1,1,1,-1,1,1,-1,-1,1,1,1,-1,1,1,-1,1,1,1,-1,-1,1,-1,1,1,1,-1,1,-1,-1,-1,1,1,-1,-1,1,-1,-1,1,1,1,-1,1,-1,-1,1,1,1,1,-1,-1,-1,1,1,-1,-1,1,1,-1,-1,1,-1,1,1,-1,1,1,-1,-1,1,-1,-1,-1,1,1,-1,1,1,-1,1,1,-1,-1,1,-1,1,-1,-1,-1,-1,1,-1,-1,1,1,-1,1,1,-1,1,1,1,1,-1,1,-1,1,1,1,-1,-1,1,-1,-1,1,1,-1,-1,1,-1,1,1,1,-1,-1,1,-1,1,1,1,1,-1,1,-1,-1,1,1,1,-1,-1,1,-1,1,-1,1,-1,1,-1,-1,1,-2670.0,1,2000,445,1000,False
993,-1,-1,1,1,1,1,-1,1,-1,-1,-1,1,-1,1,-1,-1,1,-1,1,1,1,-1,-1,-1,-1,1,-1,-1,-1,-1,-1,-1,1,1,-1,-1,1,-1,-1,-1,1,-1,-1,-1,-1,-1,-1,-1,1,1,-1,-1,1,-1,1,-1,-1,1,-1,-1,-1,1,1,1,-1,-1,-1,-1,-1,-1,-1,1,-1,-1,-1,-1,-1,-1,1,-1,-1,1,1,-1,1,-1,-1,-1,-1,1,-1,-1,-1,-1,-1,-1,-1,1,1,1,-1,-1,-1,-1,1,1,-1,-1,-1,-1,-1,1,1,1,-1,-1,-1,-1,1,1,-1,-1,-1,-1,-1,1,1,-1,1,-1,-1,-1,1,1,-1,1,-1,-1,-1,-1,1,-1,1,-1,-1,-1,1,1,1,-1,-1,-1,-1,-1,-1,1,-1,1,-1,-1,1,1,1,1,-1,-1,-1,1,-1,1,-1,-1,-1,-1,1,1,-1,1,-1,-1,1,-1,-1,1,-1,-1,-1,1,1,1,1,1,-1,-1,1,1,1,1,1,-1,-1,1,1,-1,1,1,-1,-1,-1,1,-1,1,1,-1,-1,1,1,-1,-1,1,-1,1,1,1,-1,-1,1,1,-1,-1,1,-1,1,1,-1,1,-1,1,-1,1,1,-1,1,1,1,-1,-1,1,-1,-1,1,1,-1,1,-1,1,1,1,1,-1,1,1,-1,1,-1,-1,-1,-1,-1,-1,1,1,-1,-1,1,-1,-1,1,1,-1,-1,-1,1,-1,1,-1,1,-1,-1,1,-1,1,1,1,1,-1,-1,-1,1,1,-1,1,-1,-1,-1,1,1,-1,1,-1,1,-1,-1,1,-1,1,-1,-1,-1,1,1,-1,1,1,-1,-1,1,1,-1,1,-1,-1,-1,1,1,-1,1,-1,-1,-1,1,1,-1,1,-1,-1,1,1,-1,1,1,-1,1,1,1,-1,-1,1,-1,1,1,1,1,1,1,-1,-1,1,1,1,1,-1,-1,-1,1,1,1,1,-1,-1,1,-1,1,1,1,-1,-1,1,-1,1,-1,1,1,-1,1,-1,1,1,1,1,-1,-1,1,1,1,-1,-1,-1,1,1,-1,-1,1,1,-1,1,-1,1,-1,1,-1,1,1,-1,1,1,1,-1,1,1,-1,1,-1,1,-1,-1,1,-1,1,1,1,1,-1,1,1,-1,1,1,-1,-1,1,-1,-1,1,-1,1,-1,-1,1,-1,1,1,-1,-1,-1,1,-1,1,-1,1,-1,-1,1,-1,1,-1,-1,-1,-1,1,-1,-1,1,1,-1,-1,1,-1,1,1,-1,1,-1,1,-1,1,-1,1,-1,-1,-1,-1,1,-1,-1,1,-1,1,-1,1,-1,1,-1,-1,-1,1,1,-1,1,-1,-1,-1,-1,1,-1,-1,-1,-1,-1,1,-1,1,1,-1,1,-1,-1,1,-1,-1,1,-1,-1,-1,1,-1,1,-1,1,-1,-1,1,-1,1,-1,1,-1,-1,1,-1,1,1,1,-1,-1,-1,1,1,-1,1,-1,1,-1,1,1,1,-1,1,1,-1,1,1,1,1,1,1,1,-1,-1,-1,1,-1,-1,1,1,1,-1,1,-1,1,-1,-1,-1,1,1,-1,1,1,-1,1,-1,1,-1,1,1,-1,1,-1,1,-1,-1,-1,-1,1,-1,1,-1,-1,-1,-1,1,-1,1,1,1,1,1,-1,-1,1,-1,1,1,-1,1,-1,1,-1,-1,1,-1,1,-1,-1,1,1,1,1,1,-1,1,1,1,1,-1,1,-1,-1,1,1,1,-1,-1,-1,1,1,1,1,-1,-1,-1,1,-1,1,-1,1,1,-1,-1,1,1,1,-1,1,-1,-1,1,1,1,1,1,1,-1,1,1,1,1,-1,1,-1,1,-1,1,-1,1,1,-1,1,1,1,1,1,1,-1,1,-1,1,1,1,1,-1,1,1,-1,1,1,1,-1,1,1,1,1,1,1,-1,1,1,-1,-1,1,-1,-1,1,1,1,-1,1,-1,-1,1,-1,-1,1,1,-1,-1,1,-1,1,-1,1,1,-1,1,-1,1,-1,1,-1,-1,1,-1,1,-1,1,1,-1,1,-1,1,-1,1,1,-1,1,-1,1,-1,1,1,-1,1,1,1,1,1,-1,1,1,-1,1,1,1,1,-1,1,-1,1,-1,1,1,-1,1,1,-1,1,1,1,-1,1,1,-1,1,1,1,1,1,-1,-1,1,1,1,1,1,-1,1,-1,1,1,1,1,1,-1,1,1,1,1,1,1,-1,1,-1,1,1,1,1,1,1,1,1,1,1,1,-1,1,1,-1,1,1,-1,1,1,1,1,-1,1,1,-1,1,1,1,1,1,-1,1,1,1,1,1,1,-1,-1,1,-1,1,1,1,-1,1,1,1,1,1,-1,-1,1,1,1,1,1,1,-1,1,1,-1,1,1,-1,1,1,1,1,1,1,-1,-1,1,1,1,1,-1,-1,-1,1,1,1,1,-1,-1,-1,1,1,1,1,-1,1,-1,1,1,1,1,1,-1,-1,1,1,-1,1,1,-1,-1,1,1,-1,1,-1,-1,-1,1,-1,-1,1,1,-1,-1,-1,1,-1,1,1,-1,-1,1,1,-1,1,1,-1,-1,1,1,-1,1,1,-1,-1,-1,-1,1,1,1,-1,1,-1,1,1,1,-1,-1,1,-1,1,1,1,-1,-1,1,-1,-1,1,-1,1,-1,-1,-1,1,-1,1,1,-1,-1,-1,1,-1,1,-1,-1,-1,-1,1,-1,1,-1,1,-1,-1,-1,1,1,-1,1,-1,-1,-1,-1,1,-1,1,-1,-1,1,-1,1,1,-1,1,-1,-1,1,1,-1,-1,1,1,1,1,1,-1,1,-1,-1,1,1,-1,-1,1,-1,-1,-1,-1,1,-1,1,1,1,1,1,-1,-1,1,-1,1,-1,-1,-1,-1,1,-1,1,1,1,-1,1,1,-1,1,1,1,1,-1,1,-1,1,1,1,1,-1,1,-1,1,1,1,1,-1,1,-1,1,1,1,1,-1,1,-1,1,1,-1,-1,-1,1,-1,-1,1,1,-1,-1,-1,1,-1,1,-1,1,-1,1,-1,-1,1,-2670.0,1,2000,445,1500,True
994,-1,-1,1,1,1,1,-1,1,-1,-1,-1,1,-1,1,-1,-1,1,-1,1,1,-1,1,-1,-1,-1,1,-1,-1,1,-1,-1,-1,1,1,-1,1,1,-1,-1,-1,1,-1,1,-1,-1,-1,-1,-1,1,1,-1,-1,1,-1,1,-1,1,1,-1,-1,-1,1,1,1,-1,-1,-1,-1,-1,-1,1,1,-1,-1,-1,-1,-1,-1,1,-1,-1,1,1,-1,1,-1,-1,-1,-1,1,-1,1,1,-1,-1,-1,-1,1,1,1,-1,1,-1,-1,1,1,1,-1,-1,-1,-1,1,1,1,-1,1,-1,-1,1,1,1,-1,-1,-1,-1,1,1,1,-1,1,-1,-1,1,1,1,-1,-1,-1,-1,-1,1,1,-1,1,1,-1,1,1,1,1,1,-1,-1,-1,-1,1,1,1,-1,-1,1,-1,1,1,-1,1,-1,1,-1,1,1,1,-1,-1,1,1,1,-1,1,-1,1,-1,-1,1,1,1,-1,1,1,1,1,-1,1,-1,1,1,-1,1,-1,1,-1,1,1,-1,1,-1,1,-1,-1,1,-1,1,-1,1,-1,1,1,-1,1,-1,1,-1,-1,1,-1,-1,1,1,-1,-1,1,-1,1,1,-1,1,-1,1,-1,1,-1,1,-1,1,1,-1,-1,1,1,-1,-1,1,-1,1,1,1,-1,1,1,-1,1,-1,1,-1,1,-1,1,-1,1,1,-1,1,-1,-1,1,1,1,-1,1,-1,-1,-1,-1,1,1,-1,1,1,-1,-1,1,-1,-1,1,1,-1,1,1,1,-1,-1,1,-1,1,1,-1,1,-1,1,1,-1,1,-1,-1,-1,1,-1,-1,1,-1,1,-1,1,1,-1,1,1,1,-1,1,-1,-1,1,1,-1,-1,1,-1,-1,1,-1,1,-1,1,-1,-1,1,1,-1,1,1,-1,1,-1,1,-1,-1,1,-1,1,1,1,1,1,1,-1,1,1,1,1,1,-1,-1,1,1,1,1,1,-1,-1,1,-1,1,1,1,-1,-1,1,-1,1,-1,1,1,-1,1,-1,1,1,1,1,-1,-1,1,1,1,-1,-1,-1,1,1,-1,-1,1,1,-1,1,-1,1,-1,1,-1,1,1,-1,1,1,1,-1,1,1,-1,1,-1,1,-1,-1,1,-1,1,1,1,1,-1,1,1,-1,1,1,-1,-1,1,-1,-1,1,-1,1,-1,-1,1,-1,1,1,-1,-1,-1,1,-1,1,-1,1,-1,-1,1,-1,1,-1,-1,-1,-1,1,-1,-1,1,1,-1,-1,1,-1,1,1,-1,1,-1,1,-1,1,-1,1,-1,-1,-1,-1,-1,-1,-1,-1,-1,1,-1,1,-1,1,-1,-1,-1,1,1,1,1,-1,-1,-1,-1,1,-1,-1,-1,-1,-1,1,-1,1,1,-1,-1,-1,-1,1,-1,-1,1,-1,-1,-1,-1,-1,1,-1,-1,-1,-1,-1,-1,1,-1,1,-1,-1,1,-1,1,1,1,-1,-1,-1,1,1,-1,1,-1,1,-1,1,1,1,-1,1,1,-1,1,1,1,1,1,-1,1,-1,-1,1,1,-1,-1,1,-1,-1,1,1,-1,1,-1,-1,-1,1,1,-1,1,1,-1,1,-1,1,-1,1,1,-1,-1,-1,1,-1,-1,-1,-1,1,-1,1,-1,-1,-1,-1,-1,-1,1,-1,1,1,1,-1,-1,1,-1,1,1,-1,1,-1,1,-1,-1,1,-1,-1,-1,-1,1,1,1,1,1,-1,1,1,1,1,-1,1,-1,-1,1,1,1,-1,-1,-1,1,1,1,1,-1,-1,-1,1,-1,1,-1,1,1,-1,-1,1,1,1,-1,-1,-1,-1,1,1,1,1,1,-1,-1,1,1,1,1,-1,-1,-1,1,-1,1,-1,1,-1,-1,1,1,1,1,1,-1,-1,1,-1,1,1,1,-1,-1,1,1,-1,1,1,-1,-1,1,1,1,1,1,-1,1,-1,1,-1,1,1,1,1,-1,1,1,1,1,-1,1,1,-1,1,-1,1,1,-1,1,-1,1,-1,1,-1,1,-1,-1,1,-1,1,1,-1,1,-1,1,1,1,1,-1,1,-1,1,1,1,1,1,1,-1,1,-1,1,1,-1,-1,-1,1,1,1,1,1,1,-1,1,1,1,1,1,-1,1,-1,1,1,1,-1,-1,-1,-1,1,1,1,1,-1,1,-1,1,1,1,-1,-1,-1,-1,1,1,-1,-1,-1,-1,1,-1,1,-1,-1,-1,1,-1,1,1,-1,-1,-1,1,-1,1,1,-1,-1,-1,1,1,1,1,-1,1,-1,1,-1,1,1,1,-1,-1,-1,1,1,1,1,-1,-1,1,-1,1,1,-1,1,-1,-1,1,1,1,1,-1,-1,-1,-1,1,-1,1,-1,1,-1,1,1,1,1,1,-1,-1,1,1,1,1,-1,1,-1,1,1,-1,1,-1,-1,1,1,1,1,-1,1,-1,-1,1,1,1,1,1,-1,-1,1,1,1,-1,1,1,-1,1,1,1,1,1,1,-1,1,1,1,1,1,1,-1,1,1,-1,1,1,-1,-1,1,1,-1,1,1,1,-1,1,-1,-1,1,1,1,-1,-1,1,-1,1,1,1,-1,1,1,-1,1,1,1,-1,1,1,-1,1,1,1,-1,-1,1,1,1,1,-1,1,-1,1,1,1,1,-1,1,-1,1,1,1,-1,-1,1,-1,1,1,-1,1,-1,-1,-1,1,-1,1,-1,1,-1,-1,1,-1,1,-1,-1,-1,1,1,-1,1,-1,1,-1,-1,-1,1,1,-1,1,-1,-1,1,-1,1,-1,1,-1,-1,1,-1,1,1,1,1,-1,-1,1,1,-1,-1,1,1,1,1,1,-1,1,-1,-1,1,1,-1,-1,1,-1,-1,-1,-1,1,-1,1,1,1,1,1,-1,-1,1,-1,-1,-1,-1,-1,-1,1,-1,1,1,1,-1,1,1,-1,1,1,1,1,-1,1,-1,1,1,1,1,-1,1,-1,1,1,1,1,-1,1,-1,1,1,1,1,-1,1,-1,1,-1,1,-1,-1,1,-1,-1,1,1,-1,-1,-1,1,-1,1,-1,1,-1,1,-1,-1,1,-2670.0,1,2000,445,1500,True
995,-1,-1,1,1,1,1,-1,1,-1,-1,-1,1,-1,1,-1,-1,1,-1,1,1,-1,-1,-1,-1,-1,1,-1,-1,-1,-1,-1,-1,1,1,-1,-1,1,-1,-1,-1,1,-1,-1,-1,-1,-1,1,1,-1,1,-1,-1,-1,1,1,-1,-1,1,-1,-1,1,1,1,1,-1,-1,-1,1,1,-1,-1,1,-1,-1,1,-1,-1,-1,1,-1,-1,1,1,-1,1,-1,-1,1,1,1,-1,-1,1,-1,1,1,-1,1,1,1,-1,1,1,-1,1,1,1,-1,1,1,-1,1,1,1,-1,1,1,-1,1,1,1,-1,1,1,-1,1,1,1,-1,1,1,-1,1,1,1,-1,1,1,-1,-1,1,1,-1,1,1,-1,1,1,1,1,1,1,-1,-1,-1,1,1,1,1,-1,1,1,1,-1,1,1,-1,1,-1,1,1,1,1,-1,1,1,1,-1,1,1,1,-1,-1,1,1,1,-1,1,1,1,1,-1,1,1,1,1,-1,1,-1,1,-1,1,1,-1,1,-1,1,1,-1,1,-1,1,-1,1,-1,1,1,-1,1,-1,1,1,1,1,-1,-1,1,1,-1,-1,1,-1,1,1,-1,1,1,1,-1,1,1,1,-1,1,1,-1,-1,1,1,1,-1,1,-1,1,1,1,-1,1,1,-1,1,-1,1,-1,1,-1,1,-1,1,1,-1,1,-1,-1,1,1,1,-1,1,-1,-1,-1,-1,1,-1,-1,1,1,-1,-1,1,1,-1,1,1,-1,1,1,1,-1,-1,1,-1,1,1,-1,1,-1,1,1,-1,1,1,-1,-1,1,-1,-1,1,-1,1,-1,1,1,-1,1,1,1,-1,1,-1,-1,1,1,-1,-1,1,-1,1,1,1,1,-1,1,-1,1,1,1,-1,1,1,-1,1,-1,1,-1,-1,1,-1,1,1,1,1,1,1,-1,1,1,1,1,1,-1,-1,1,1,1,1,1,-1,-1,1,1,1,1,1,-1,-1,-1,-1,1,-1,1,1,-1,1,1,1,1,1,1,-1,-1,-1,1,1,-1,-1,-1,1,-1,-1,-1,1,1,-1,1,-1,1,-1,1,-1,1,-1,1,1,1,1,-1,1,-1,1,1,-1,1,-1,-1,-1,-1,1,1,1,1,-1,-1,1,-1,1,1,-1,-1,1,-1,-1,1,-1,1,-1,1,-1,1,1,1,-1,-1,1,1,-1,1,-1,1,-1,-1,1,-1,1,-1,-1,-1,-1,1,-1,-1,1,1,-1,-1,1,-1,1,1,-1,1,-1,1,-1,1,-1,1,-1,1,1,-1,-1,-1,-1,-1,1,1,-1,1,-1,1,-1,1,-1,1,-1,1,1,-1,1,-1,-1,-1,-1,-1,-1,1,-1,1,-1,1,1,-1,1,-1,-1,1,-1,-1,1,-1,1,-1,-1,-1,1,-1,1,1,-1,-1,-1,1,-1,1,-1,-1,1,-1,1,1,1,1,-1,-1,-1,1,-1,1,1,-1,-1,-1,1,1,1,1,1,-1,1,1,1,-1,-1,1,1,-1,-1,-1,1,-1,-1,1,-1,1,-1,1,-1,1,-1,-1,-1,1,1,-1,1,1,-1,1,-1,1,-1,1,1,-1,1,-1,1,-1,-1,-1,-1,1,-1,1,-1,-1,-1,-1,1,-1,1,-1,1,1,1,-1,-1,1,-1,1,1,-1,1,-1,1,-1,-1,1,-1,1,-1,-1,1,1,1,1,1,-1,1,1,1,1,-1,1,-1,-1,1,1,1,-1,-1,-1,1,1,1,1,-1,-1,-1,1,-1,1,-1,1,1,-1,-1,1,1,1,-1,-1,-1,-1,1,1,1,1,1,-1,-1,1,1,1,1,-1,-1,-1,1,-1,1,-1,1,-1,1,1,1,1,1,1,-1,-1,1,-1,1,1,1,-1,-1,1,1,-1,1,1,-1,-1,1,1,1,1,1,-1,1,-1,1,-1,1,1,1,1,-1,1,1,-1,1,-1,1,1,-1,1,1,1,1,-1,1,-1,1,1,1,-1,1,-1,1,-1,-1,1,1,-1,1,-1,1,-1,1,1,-1,1,-1,1,-1,1,1,1,1,-1,-1,1,1,1,-1,-1,-1,1,-1,1,1,1,1,1,-1,-1,1,1,1,-1,1,-1,-1,1,1,-1,-1,-1,1,-1,1,-1,1,-1,-1,1,-1,1,1,-1,-1,1,1,-1,1,-1,-1,-1,1,-1,-1,1,-1,-1,-1,1,-1,1,1,-1,-1,-1,-1,-1,-1,1,-1,-1,-1,1,1,1,1,-1,1,-1,1,-1,-1,1,-1,-1,-1,1,-1,1,-1,-1,-1,-1,1,-1,1,1,-1,1,-1,-1,1,1,1,-1,-1,-1,-1,-1,1,-1,-1,-1,1,-1,1,1,-1,-1,-1,1,-1,1,1,1,-1,1,-1,-1,1,1,1,-1,1,-1,1,1,1,-1,-1,1,-1,-1,1,1,-1,-1,1,-1,-1,1,1,-1,1,1,-1,-1,1,1,-1,-1,1,-1,-1,1,1,-1,-1,1,-1,-1,1,1,-1,-1,-1,1,-1,1,1,-1,-1,1,-1,-1,1,-1,-1,-1,1,1,-1,-1,1,-1,1,-1,1,-1,1,1,-1,1,-1,1,-1,1,1,-1,1,1,1,-1,-1,1,-1,1,1,-1,1,-1,1,-1,1,1,-1,1,-1,1,1,1,-1,-1,1,-1,1,1,-1,1,-1,-1,1,1,-1,1,-1,1,-1,-1,1,-1,1,-1,-1,-1,1,1,-1,1,-1,1,-1,-1,-1,1,1,-1,1,-1,-1,1,-1,1,-1,1,-1,-1,1,-1,1,1,1,1,-1,1,1,1,-1,-1,1,1,1,1,1,-1,1,-1,-1,1,1,-1,-1,1,-1,-1,1,-1,1,-1,1,1,1,1,1,-1,-1,-1,-1,-1,1,-1,-1,-1,1,-1,1,1,1,-1,1,1,-1,1,1,1,1,-1,1,-1,1,1,1,1,-1,1,-1,1,1,1,1,-1,1,-1,1,1,1,1,-1,1,-1,1,1,1,-1,-1,1,-1,-1,1,1,-1,-1,-1,1,-1,1,-1,1,-1,1,-1,-1,1,-2670.0,1,2000,445,1500,True
996,-1,-1,1,1,1,1,-1,1,-1,-1,-1,1,-1,1,-1,-1,1,-1,1,1,-1,1,-1,-1,-1,1,-1,-1,-1,-1,-1,-1,1,1,-1,1,1,-1,-1,-1,1,-1,1,-1,-1,-1,-1,-1,1,-1,-1,-1,1,-1,1,-1,-1,1,-1,-1,-1,1,1,1,-1,-1,-1,-1,-1,-1,1,-1,-1,-1,-1,-1,-1,1,-1,-1,-1,1,1,-1,-1,-1,-1,-1,-1,1,-1,-1,-1,-1,-1,-1,-1,1,-1,1,-1,-1,-1,-1,1,-1,-1,-1,-1,-1,-1,1,-1,-1,-1,-1,-1,-1,1,-1,-1,-1,-1,-1,-1,1,-1,-1,1,-1,-1,-1,1,-1,-1,1,-1,-1,-1,-1,-1,-1,1,-1,-1,-1,1,-1,-1,-1,-1,-1,-1,-1,1,-1,1,1,-1,-1,1,-1,-1,-1,-1,-1,-1,1,1,-1,-1,-1,-1,-1,1,-1,-1,1,-1,-1,1,-1,1,-1,-1,-1,-1,1,1,-1,-1,1,-1,1,1,1,1,-1,1,-1,-1,1,1,1,-1,1,-1,-1,-1,1,1,-1,1,-1,-1,1,1,1,1,1,-1,1,1,1,1,1,-1,1,-1,-1,1,1,-1,-1,1,1,-1,1,1,1,-1,1,-1,1,1,1,1,-1,1,-1,-1,1,1,-1,1,1,-1,1,1,1,1,-1,1,-1,1,-1,1,-1,1,1,-1,1,-1,1,-1,1,1,-1,1,-1,1,-1,1,1,1,-1,1,1,1,-1,1,-1,-1,1,1,1,1,1,1,-1,-1,1,-1,1,1,-1,1,-1,1,1,1,1,-1,-1,-1,1,-1,-1,1,-1,1,-1,1,1,-1,1,1,1,-1,1,-1,-1,1,1,-1,-1,1,-1,1,1,-1,1,-1,1,-1,1,1,1,-1,1,1,-1,-1,1,1,-1,1,1,-1,1,1,1,1,1,1,-1,1,1,1,1,1,-1,-1,1,1,1,1,1,-1,-1,-1,1,1,1,1,-1,-1,1,-1,1,-1,1,1,-1,-1,1,1,1,1,1,-1,-1,1,1,1,-1,-1,1,-1,-1,-1,-1,1,1,1,-1,1,1,-1,1,1,-1,-1,1,1,1,1,1,-1,1,1,1,-1,1,-1,-1,-1,-1,1,1,1,1,-1,-1,1,-1,1,1,-1,-1,-1,-1,-1,1,-1,-1,-1,1,-1,1,1,1,1,1,1,1,-1,1,-1,1,-1,-1,1,-1,1,-1,1,1,-1,1,-1,-1,1,1,-1,-1,1,-1,1,1,1,-1,-1,1,-1,1,-1,1,-1,1,1,-1,-1,-1,-1,-1,1,1,-1,1,-1,-1,-1,1,-1,1,1,1,-1,-1,1,-1,-1,1,-1,-1,-1,1,-1,1,-1,1,-1,-1,1,-1,-1,1,-1,-1,-1,1,1,-1,1,-1,-1,-1,1,1,-1,-1,-1,1,-1,1,-1,-1,1,-1,-1,1,-1,1,-1,-1,1,-1,1,-1,1,1,-1,1,-1,-1,1,1,1,-1,1,-1,1,-1,-1,1,1,-1,1,1,-1,1,-1,-1,1,-1,1,-1,-1,1,-1,1,1,-1,-1,-1,1,1,1,1,1,-1,-1,1,-1,1,-1,1,-1,-1,-1,1,1,1,1,-1,-1,-1,-1,1,1,1,-1,-1,1,1,1,-1,1,-1,-1,-1,1,1,1,1,-1,-1,-1,-1,1,-1,1,1,-1,1,-1,1,1,1,-1,1,1,-1,1,1,1,1,-1,1,-1,1,1,1,-1,1,1,1,-1,1,1,-1,-1,1,1,1,1,1,-1,1,1,1,-1,1,1,-1,1,1,1,1,1,1,1,1,1,1,-1,1,1,-1,1,1,1,1,1,1,1,1,1,1,1,1,-1,1,1,1,1,1,1,1,1,-1,1,-1,1,1,1,1,1,1,1,1,1,1,-1,1,1,1,1,1,-1,-1,1,1,1,-1,1,1,-1,1,1,1,1,1,-1,1,1,1,1,1,1,1,-1,-1,1,-1,1,1,-1,1,-1,1,-1,-1,1,1,1,-1,1,1,-1,1,1,-1,1,1,-1,1,1,1,-1,-1,1,-1,-1,1,-1,1,1,-1,-1,-1,1,1,-1,-1,1,-1,-1,1,1,-1,-1,-1,1,-1,1,1,-1,-1,-1,1,-1,1,1,1,-1,-1,1,-1,1,1,-1,-1,1,-1,-1,1,1,-1,-1,1,-1,1,1,1,-1,-1,-1,-1,-1,1,1,-1,-1,1,1,1,1,1,1,1,-1,-1,-1,1,-1,1,-1,1,-1,1,1,1,-1,-1,1,-1,1,1,1,1,-1,-1,1,1,1,1,1,-1,-1,-1,1,-1,1,1,1,-1,1,1,1,1,1,-1,-1,1,1,1,1,1,1,-1,1,1,-1,1,-1,-1,1,1,1,1,1,1,-1,-1,1,1,1,1,1,-1,-1,1,1,1,1,1,1,-1,1,1,1,1,1,1,-1,1,1,1,1,1,1,-1,1,1,-1,1,1,-1,-1,1,1,-1,1,1,1,-1,1,-1,-1,1,1,1,-1,-1,1,-1,1,1,1,-1,1,1,-1,1,-1,1,-1,1,1,-1,1,1,1,-1,-1,1,1,1,1,-1,1,-1,1,1,1,1,-1,1,-1,1,1,1,-1,-1,1,-1,1,1,-1,1,-1,-1,-1,1,-1,1,-1,1,-1,-1,1,-1,1,-1,-1,-1,-1,1,-1,1,-1,1,-1,-1,-1,1,1,-1,1,-1,-1,-1,-1,1,1,-1,1,-1,1,-1,1,1,1,1,-1,-1,1,1,-1,-1,1,1,1,1,1,-1,1,-1,-1,1,1,-1,-1,1,-1,-1,-1,-1,1,-1,1,-1,1,1,1,-1,-1,-1,-1,-1,-1,-1,-1,-1,1,-1,1,1,1,-1,1,1,-1,1,1,1,1,-1,1,-1,1,1,1,1,-1,1,-1,1,1,1,1,-1,1,-1,1,1,1,1,-1,1,-1,1,1,1,-1,-1,1,-1,-1,1,1,-1,-1,-1,1,-1,1,-1,1,-1,1,-1,-1,1,-2670.0,1,2000,445,1500,True
997,1,1,-1,-1,1,-1,1,-1,1,1,1,-1,1,1,1,1,-1,1,-1,-1,1,-1,1,1,1,-1,1,-1,1,1,1,1,-1,-1,-1,-1,1,-1,1,1,-1,-1,-1,1,1,1,1,-1,1,1,1,1,-1,1,-1,-1,1,-1,1,1,1,-1,-1,-1,1,1,1,1,-1,-1,-1,1,1,1,1,-1,-1,-1,1,1,1,-1,-1,-1,1,1,1,1,-1,-1,-1,1,1,1,1,-1,-1,1,1,-1,1,1,-1,-1,1,1,1,1,1,-1,-1,1,1,1,1,1,-1,-1,1,1,1,1,1,1,-1,1,1,1,-1,1,1,-1,1,1,1,1,1,1,-1,-1,1,1,1,1,1,-1,1,1,1,1,1,1,-1,-1,-1,1,1,1,1,-1,1,1,1,1,-1,1,-1,1,-1,1,1,1,-1,-1,1,1,1,1,1,-1,1,-1,-1,1,-1,1,-1,1,1,1,1,1,1,1,1,1,-1,1,-1,1,-1,1,1,-1,1,-1,1,1,-1,1,-1,1,-1,1,-1,1,1,-1,1,-1,1,1,1,1,-1,-1,1,1,-1,-1,1,-1,1,-1,-1,1,-1,1,-1,1,-1,1,-1,-1,1,-1,-1,-1,1,1,-1,1,-1,1,1,1,-1,1,1,-1,1,-1,1,-1,1,-1,1,-1,1,1,-1,1,-1,-1,-1,1,1,-1,1,-1,-1,-1,1,1,-1,-1,1,1,-1,-1,1,1,-1,1,1,-1,1,1,1,1,-1,1,-1,1,1,-1,1,-1,1,1,-1,1,1,1,1,1,-1,-1,1,-1,-1,-1,1,1,-1,1,1,1,-1,1,-1,-1,1,1,1,1,1,-1,1,1,1,-1,1,1,-1,1,1,1,-1,1,1,-1,-1,1,1,1,-1,1,-1,1,1,1,-1,1,1,-1,1,1,1,-1,1,-1,-1,1,1,1,-1,1,-1,-1,-1,1,1,-1,1,-1,-1,1,-1,1,-1,1,1,-1,-1,1,1,1,-1,1,-1,-1,1,1,-1,1,-1,-1,-1,-1,-1,-1,1,1,-1,-1,1,1,-1,1,-1,-1,-1,1,1,1,1,-1,-1,1,1,1,-1,1,-1,-1,-1,-1,1,1,1,1,-1,-1,1,1,1,1,-1,-1,1,-1,-1,1,-1,1,-1,-1,1,-1,1,1,-1,-1,1,1,-1,1,-1,1,-1,-1,1,-1,1,1,-1,-1,-1,1,-1,-1,1,1,-1,-1,1,-1,1,1,-1,1,-1,1,-1,-1,1,1,-1,-1,1,-1,1,1,-1,-1,1,1,-1,1,-1,1,-1,1,-1,-1,1,-1,1,-1,1,-1,-1,1,-1,-1,-1,1,-1,-1,1,-1,1,-1,1,-1,-1,1,-1,-1,1,-1,1,-1,1,1,1,-1,1,1,-1,-1,1,1,-1,1,-1,-1,1,-1,1,1,1,1,-1,-1,1,1,-1,1,1,-1,-1,1,1,1,-1,1,1,-1,1,1,1,1,-1,1,1,-1,-1,-1,1,-1,-1,1,-1,1,-1,1,-1,1,-1,-1,-1,1,1,-1,1,1,-1,-1,-1,1,-1,1,1,-1,1,-1,1,-1,-1,-1,-1,-1,-1,1,-1,-1,-1,-1,-1,-1,1,-1,1,1,1,1,-1,1,-1,1,1,-1,-1,-1,1,-1,-1,1,-1,1,-1,-1,1,1,1,1,-1,-1,1,1,1,1,-1,1,-1,-1,1,1,1,-1,-1,-1,1,1,1,1,-1,-1,-1,1,-1,1,-1,1,1,-1,-1,1,1,1,-1,-1,-1,-1,1,1,1,1,-1,-1,-1,1,1,1,1,-1,-1,-1,1,1,1,-1,-1,-1,1,1,1,1,1,-1,-1,-1,1,1,1,1,-1,-1,-1,1,1,-1,1,-1,-1,-1,1,1,1,1,-1,-1,1,1,1,1,-1,-1,1,1,-1,1,1,-1,-1,-1,1,1,1,1,1,-1,1,1,1,1,1,-1,-1,-1,1,-1,1,-1,-1,-1,-1,1,-1,1,1,-1,-1,-1,1,-1,1,1,-1,1,-1,1,1,1,1,-1,1,-1,1,-1,1,1,-1,-1,-1,1,1,-1,-1,-1,-1,-1,1,-1,1,-1,-1,-1,-1,-1,-1,-1,1,-1,-1,-1,1,-1,-1,1,-1,-1,-1,-1,-1,-1,1,-1,-1,-1,-1,-1,1,-1,-1,-1,1,-1,-1,1,-1,1,-1,-1,-1,-1,-1,-1,-1,1,-1,-1,-1,1,1,-1,-1,-1,1,-1,-1,-1,-1,-1,1,-1,-1,1,1,1,-1,-1,-1,-1,1,-1,1,1,-1,1,-1,-1,1,1,-1,-1,-1,-1,-1,-1,1,1,-1,-1,1,-1,1,1,-1,-1,-1,1,-1,1,1,-1,-1,1,-1,-1,1,1,1,-1,1,-1,1,1,1,-1,-1,1,-1,-1,1,-1,1,-1,1,-1,-1,1,1,-1,1,1,-1,-1,1,1,-1,1,1,-1,-1,1,1,-1,1,1,-1,-1,1,1,1,1,-1,1,-1,-1,1,1,1,1,-1,-1,1,-1,1,1,1,1,-1,-1,1,-1,1,1,1,-1,1,1,1,1,-1,1,-1,1,1,1,1,1,1,1,-1,1,1,1,1,-1,1,-1,1,1,1,1,1,-1,1,1,1,1,-1,1,1,-1,1,1,-1,1,1,-1,-1,1,1,1,1,-1,1,-1,1,1,1,-1,-1,1,-1,1,1,1,-1,1,-1,-1,-1,1,1,-1,-1,1,-1,-1,1,1,1,-1,1,-1,-1,1,1,1,-1,1,-1,-1,1,1,-1,-1,-1,1,-1,-1,1,-1,1,1,-1,1,1,-1,-1,1,1,-1,-1,1,1,-1,1,1,-1,1,1,-1,-1,-1,-1,1,-1,-1,-1,-1,-1,-1,-1,1,1,-1,1,1,-1,1,1,1,1,-1,1,-1,1,1,1,1,-1,1,-1,-1,-1,1,1,-1,1,-1,1,1,1,1,-1,1,-1,1,1,-1,-1,-1,1,-1,-1,1,1,-1,-1,-1,1,-1,1,-1,1,-1,1,-1,-1,1,-2670.0,1,2000,445,1000,False
998,1,1,-1,-1,1,-1,-1,-1,1,1,1,-1,1,1,1,1,-1,1,-1,-1,1,-1,1,1,1,-1,-1,-1,1,1,1,1,-1,-1,-1,-1,1,1,1,1,-1,-1,-1,1,1,1,1,-1,1,1,1,1,-1,1,-1,-1,1,-1,1,1,1,-1,-1,-1,1,1,1,1,-1,-1,-1,1,1,1,1,-1,-1,-1,1,1,1,-1,-1,-1,1,1,1,1,-1,1,-1,1,1,1,1,-1,-1,1,1,-1,1,1,-1,-1,1,1,1,1,1,-1,-1,1,1,1,1,1,-1,-1,1,1,1,1,1,1,-1,1,1,1,-1,1,1,-1,1,1,1,1,1,1,-1,-1,1,1,1,1,1,-1,1,1,1,1,1,1,-1,-1,-1,1,1,1,1,-1,1,1,1,1,-1,1,-1,1,-1,1,1,1,-1,-1,1,1,1,1,1,-1,1,-1,-1,1,-1,1,-1,1,1,1,1,1,1,1,1,1,1,1,-1,1,-1,1,1,-1,1,-1,1,1,-1,1,-1,1,-1,1,-1,1,1,-1,1,-1,1,1,1,1,-1,-1,1,1,-1,-1,1,-1,1,-1,1,1,-1,1,-1,1,-1,1,-1,-1,1,-1,-1,-1,1,1,-1,1,-1,1,1,1,-1,1,1,-1,1,-1,1,-1,1,-1,1,-1,1,1,-1,1,-1,-1,-1,1,1,-1,1,-1,-1,-1,1,1,-1,-1,1,1,-1,-1,1,1,-1,1,1,-1,1,1,1,1,-1,1,-1,1,1,-1,1,-1,1,1,1,1,1,1,1,1,-1,-1,1,-1,-1,1,1,1,-1,1,1,1,-1,1,1,1,1,1,1,-1,1,-1,1,1,1,-1,-1,1,-1,1,1,1,-1,1,1,-1,-1,1,1,1,-1,1,-1,1,1,1,-1,1,1,-1,1,1,1,-1,1,1,-1,1,1,1,-1,1,1,1,-1,1,1,-1,1,1,-1,1,-1,1,-1,1,1,1,-1,1,1,1,1,1,1,-1,1,1,-1,1,1,1,-1,-1,-1,-1,1,1,1,-1,1,1,-1,1,1,-1,-1,1,1,1,1,1,-1,1,1,1,-1,1,1,1,-1,-1,1,1,1,-1,1,-1,1,1,1,1,1,1,-1,-1,-1,1,-1,-1,1,-1,1,-1,1,1,1,1,1,-1,-1,1,-1,-1,1,-1,1,-1,1,1,-1,1,1,1,-1,-1,1,-1,1,1,-1,-1,1,1,1,-1,1,-1,-1,-1,1,-1,1,1,-1,-1,1,1,1,1,-1,1,-1,1,-1,1,1,-1,-1,-1,1,-1,1,1,-1,-1,-1,1,-1,1,1,1,-1,-1,1,-1,-1,1,-1,-1,-1,1,-1,1,1,1,-1,-1,1,-1,-1,1,-1,-1,-1,-1,-1,1,1,-1,-1,-1,1,-1,-1,1,-1,-1,-1,-1,1,-1,1,-1,-1,-1,-1,1,-1,-1,1,1,1,-1,1,-1,1,1,1,1,1,-1,-1,-1,1,-1,-1,1,1,1,-1,1,-1,1,1,1,-1,1,1,-1,1,-1,1,-1,-1,1,-1,-1,1,1,1,-1,1,-1,-1,1,1,-1,-1,1,-1,-1,1,1,-1,-1,1,-1,-1,-1,1,1,-1,1,1,-1,-1,1,-1,-1,1,-1,1,-1,1,1,-1,-1,1,-1,-1,-1,-1,-1,1,1,1,-1,-1,1,-1,-1,1,-1,-1,1,-1,-1,1,1,-1,-1,1,-1,-1,1,1,-1,1,-1,-1,-1,-1,1,1,-1,-1,-1,-1,-1,1,-1,-1,1,-1,-1,-1,1,1,-1,-1,-1,-1,-1,1,-1,-1,-1,-1,-1,1,1,1,-1,-1,-1,-1,-1,1,1,-1,-1,-1,-1,-1,1,1,1,-1,-1,-1,-1,1,1,-1,-1,-1,-1,1,1,1,1,1,-1,1,1,1,1,1,1,-1,-1,1,1,1,1,-1,-1,1,1,1,1,-1,1,-1,-1,1,-1,1,-1,1,-1,-1,1,-1,1,-1,1,-1,-1,1,-1,1,-1,1,-1,-1,1,-1,1,1,1,-1,-1,1,-1,1,1,1,-1,-1,1,1,-1,1,1,-1,-1,1,-1,1,-1,1,-1,-1,-1,-1,-1,1,1,-1,-1,1,-1,-1,1,1,-1,-1,-1,-1,1,-1,1,-1,-1,-1,-1,1,1,-1,-1,1,-1,-1,1,-1,1,-1,-1,-1,-1,-1,1,1,1,-1,-1,-1,1,1,1,-1,-1,-1,1,-1,-1,1,-1,1,-1,-1,1,1,1,-1,-1,-1,-1,1,-1,1,1,-1,1,-1,-1,1,1,-1,-1,-1,-1,-1,-1,1,1,-1,-1,1,-1,1,1,-1,-1,-1,1,-1,1,1,-1,-1,1,-1,-1,1,1,1,-1,1,-1,1,1,1,-1,-1,1,-1,-1,1,-1,1,-1,1,-1,-1,1,1,-1,1,1,-1,-1,1,1,-1,1,1,-1,-1,1,1,-1,1,1,-1,-1,1,1,1,1,-1,1,-1,-1,1,1,1,1,-1,-1,1,-1,1,1,1,1,-1,-1,1,-1,1,1,1,-1,1,1,1,1,-1,1,-1,1,1,1,1,1,1,1,-1,1,1,1,1,-1,1,-1,1,1,1,1,1,-1,1,1,1,1,-1,1,1,-1,1,1,-1,1,1,-1,-1,1,1,1,1,-1,1,-1,1,1,1,-1,-1,1,-1,1,1,1,-1,1,-1,-1,-1,1,1,-1,-1,1,-1,-1,1,1,1,-1,1,-1,-1,1,1,1,-1,1,-1,-1,1,1,-1,-1,-1,1,-1,-1,1,-1,1,1,-1,1,1,-1,-1,1,-1,-1,-1,-1,1,-1,1,1,-1,1,1,-1,-1,-1,-1,1,-1,-1,-1,-1,1,-1,-1,1,1,-1,1,1,-1,1,1,1,1,-1,1,-1,1,1,1,1,-1,1,-1,-1,1,1,1,-1,1,-1,1,1,1,1,-1,1,-1,1,1,-1,-1,-1,1,-1,-1,1,1,-1,-1,-1,1,-1,1,-1,1,-1,1,-1,-1,1,-2670.0,1,2000,445,1000,False
999,1,1,-1,-1,1,-1,-1,-1,1,1,1,-1,1,1,1,1,-1,1,-1,-1,-1,-1,1,1,1,-1,-1,-1,1,1,1,1,1,-1,-1,-1,1,-1,1,1,-1,-1,-1,1,1,1,1,-1,1,1,1,1,-1,1,-1,-1,1,-1,1,1,1,-1,-1,-1,1,1,1,1,-1,-1,-1,1,1,1,1,-1,-1,-1,1,1,1,-1,-1,-1,1,1,1,1,-1,-1,1,1,1,1,1,-1,-1,-1,1,-1,1,1,-1,-1,1,1,1,1,1,-1,-1,-1,1,1,1,1,-1,-1,1,1,1,1,1,1,-1,-1,1,1,-1,1,1,-1,1,1,1,1,1,1,-1,1,1,1,1,1,1,-1,1,1,1,1,1,1,-1,-1,-1,1,1,1,1,-1,1,1,1,1,-1,1,-1,1,1,1,1,1,-1,-1,1,1,1,1,1,-1,1,-1,-1,1,-1,1,-1,1,1,1,1,1,1,1,1,1,-1,1,-1,1,-1,1,1,-1,1,-1,1,1,-1,1,-1,1,-1,1,-1,1,1,-1,1,-1,1,1,1,1,-1,-1,1,1,-1,-1,1,-1,1,-1,-1,1,-1,1,-1,1,-1,1,-1,-1,1,-1,-1,-1,1,1,-1,1,-1,1,1,1,-1,1,1,-1,1,-1,1,-1,1,-1,1,-1,1,1,-1,1,-1,-1,-1,1,1,-1,1,-1,-1,-1,1,1,-1,-1,1,1,-1,-1,1,1,-1,1,1,-1,1,1,1,1,-1,1,-1,1,1,-1,1,-1,1,1,1,1,1,1,1,1,-1,-1,1,-1,-1,1,1,1,-1,1,1,1,-1,1,1,1,1,1,1,1,1,-1,1,1,1,-1,1,1,-1,1,1,1,-1,1,1,-1,-1,1,1,1,-1,1,-1,1,1,1,-1,1,1,-1,1,1,1,-1,1,1,-1,1,1,1,-1,1,1,-1,-1,1,1,-1,1,1,-1,1,-1,1,-1,1,1,1,-1,1,1,1,-1,1,1,-1,1,1,-1,1,1,1,-1,-1,-1,-1,1,1,1,-1,1,1,-1,1,1,-1,-1,1,1,1,1,1,-1,1,1,1,-1,1,1,1,-1,-1,1,1,1,-1,1,-1,1,1,1,1,1,1,-1,-1,-1,1,-1,-1,1,1,-1,1,1,-1,1,1,1,1,-1,1,-1,-1,1,-1,1,-1,1,1,-1,1,1,1,-1,-1,1,-1,1,1,1,-1,1,1,1,-1,1,1,-1,-1,1,-1,1,1,1,-1,1,1,1,1,1,1,-1,1,-1,-1,1,1,-1,-1,1,-1,-1,1,1,-1,-1,1,-1,1,1,1,-1,-1,1,-1,-1,1,1,-1,-1,1,-1,1,1,1,1,-1,1,1,-1,-1,1,1,-1,-1,1,1,-1,1,-1,-1,1,1,-1,1,-1,1,-1,-1,1,-1,1,-1,1,-1,-1,1,-1,-1,1,1,1,-1,1,-1,1,-1,-1,1,1,-1,-1,-1,1,-1,-1,1,1,1,-1,1,-1,1,1,1,-1,1,1,-1,1,-1,1,-1,1,1,-1,-1,1,1,1,-1,1,-1,-1,1,1,-1,-1,1,-1,-1,1,1,-1,-1,1,-1,-1,-1,1,1,-1,1,-1,-1,-1,1,-1,-1,1,-1,1,-1,1,1,-1,-1,1,-1,-1,-1,-1,-1,-1,1,1,-1,1,1,-1,1,1,-1,-1,-1,-1,-1,1,1,-1,-1,-1,-1,-1,1,1,-1,1,1,1,-1,-1,1,1,-1,-1,-1,-1,-1,1,-1,-1,1,-1,-1,-1,1,1,-1,-1,-1,-1,-1,1,-1,-1,1,-1,-1,1,1,1,-1,1,-1,-1,-1,1,1,-1,-1,-1,-1,-1,1,1,1,-1,-1,-1,-1,1,1,-1,-1,-1,-1,1,1,1,1,-1,-1,1,1,1,1,1,-1,-1,-1,1,1,1,1,1,-1,1,1,1,1,-1,1,-1,-1,1,-1,1,-1,1,-1,-1,1,-1,1,-1,-1,-1,-1,1,-1,1,-1,1,1,-1,1,-1,1,-1,1,1,-1,1,-1,1,-1,-1,-1,-1,1,1,-1,-1,-1,-1,-1,1,-1,1,-1,-1,-1,-1,-1,-1,-1,1,-1,-1,-1,1,-1,-1,1,-1,-1,-1,-1,-1,-1,1,-1,-1,-1,-1,-1,1,-1,-1,-1,1,-1,-1,1,-1,1,-1,-1,-1,-1,-1,-1,-1,1,-1,-1,-1,1,1,1,-1,-1,1,1,-1,-1,-1,-1,1,-1,-1,1,1,1,-1,-1,-1,-1,1,-1,1,1,-1,1,-1,-1,1,1,-1,-1,-1,-1,-1,-1,1,1,-1,-1,1,-1,1,1,-1,-1,-1,1,-1,1,1,-1,-1,1,-1,-1,1,1,1,-1,1,-1,1,1,1,-1,-1,1,-1,-1,1,1,1,-1,1,-1,-1,1,1,-1,1,1,-1,-1,1,1,1,1,1,-1,-1,1,1,1,1,1,-1,-1,1,1,1,1,-1,1,-1,-1,1,1,1,1,-1,-1,1,-1,1,1,1,1,-1,-1,1,-1,1,1,1,-1,1,1,1,1,-1,1,-1,1,1,1,1,1,1,1,-1,1,1,1,1,-1,1,-1,1,1,1,1,1,-1,1,1,1,1,-1,1,1,-1,1,1,-1,1,1,-1,-1,1,1,1,1,-1,1,-1,1,1,1,-1,-1,1,-1,1,1,1,-1,1,-1,-1,-1,1,1,-1,-1,1,-1,-1,1,1,-1,-1,1,-1,-1,1,1,1,-1,1,-1,-1,1,1,-1,-1,-1,1,-1,-1,1,-1,1,1,-1,1,1,-1,-1,1,1,-1,-1,1,1,-1,1,1,-1,1,1,-1,-1,-1,-1,1,-1,-1,-1,-1,1,-1,-1,1,1,-1,1,1,-1,1,1,1,1,-1,1,-1,1,1,1,-1,-1,1,-1,1,-1,1,-1,-1,1,-1,-1,1,1,-1,-1,1,-1,1,1,1,1,-1,1,-1,-1,1,1,1,-1,-1,1,-1,1,-1,1,-1,1,-1,-1,1,-2670.0,1,2000,445,1000,False
1000,1,1,-1,-1,1,-1,1,-1,1,1,1,-1,1,1,1,1,-1,1,-1,-1,1,-1,1,1,1,1,-1,-1,1,1,1,1,-1,-1,-1,-1,1,1,1,1,-1,-1,-1,1,1,1,1,-1,1,1,1,1,-1,1,-1,-1,1,-1,1,1,1,-1,-1,-1,1,1,1,1,-1,-1,-1,1,1,1,1,-1,-1,-1,1,1,1,-1,-1,-1,1,1,1,1,-1,-1,-1,1,1,1,1,-1,-1,1,1,-1,1,1,-1,-1,1,1,1,1,1,-1,-1,1,1,1,1,1,-1,-1,1,1,1,1,1,1,-1,-1,1,1,-1,1,1,-1,1,1,1,1,1,1,-1,-1,1,1,1,1,1,-1,1,1,1,1,1,1,-1,-1,-1,1,1,1,1,-1,1,1,1,1,-1,1,-1,1,-1,1,1,1,-1,-1,1,1,1,1,1,-1,1,-1,-1,1,-1,1,-1,1,1,1,1,1,1,1,1,1,-1,1,-1,1,-1,1,1,-1,1,-1,1,1,-1,1,-1,1,-1,1,-1,1,1,-1,1,-1,1,1,1,1,-1,-1,1,1,-1,-1,1,-1,1,-1,-1,1,-1,1,-1,1,-1,1,-1,1,1,-1,-1,-1,1,1,-1,1,-1,1,1,1,-1,1,1,-1,1,-1,1,-1,1,-1,1,-1,1,1,-1,1,-1,-1,-1,1,1,-1,1,-1,-1,-1,1,1,-1,-1,1,1,-1,-1,1,1,-1,1,1,-1,1,1,1,1,-1,1,-1,1,1,-1,1,-1,1,-1,1,1,1,1,1,1,-1,-1,1,-1,-1,-1,1,1,-1,1,1,1,-1,1,1,1,1,1,1,1,1,-1,1,1,1,-1,-1,1,-1,1,1,1,-1,1,1,-1,-1,1,1,1,-1,1,-1,1,1,1,-1,1,1,-1,1,1,1,-1,1,1,-1,1,1,1,-1,1,1,-1,-1,1,1,-1,1,1,-1,1,-1,1,-1,1,1,1,-1,1,1,1,1,1,1,-1,1,1,-1,1,1,1,-1,-1,-1,-1,1,1,1,-1,1,1,-1,1,1,-1,-1,1,1,1,1,1,-1,1,1,1,-1,1,1,1,-1,-1,1,1,1,-1,1,-1,1,1,1,1,1,1,-1,-1,-1,1,-1,-1,1,1,-1,1,1,1,1,1,1,1,-1,1,-1,-1,1,-1,1,-1,1,1,-1,1,1,1,-1,-1,1,-1,1,1,1,-1,1,1,1,-1,1,1,-1,-1,1,-1,1,1,1,-1,1,1,1,1,1,1,-1,1,-1,1,1,1,-1,-1,1,-1,1,1,1,-1,-1,1,-1,1,1,1,-1,-1,1,-1,-1,1,1,-1,-1,1,-1,1,1,1,1,-1,1,1,-1,1,1,1,-1,-1,1,-1,1,1,-1,-1,1,1,-1,1,-1,1,-1,-1,1,-1,1,-1,1,-1,-1,1,-1,-1,1,1,1,-1,1,-1,1,-1,-1,1,1,-1,-1,-1,1,-1,-1,1,1,1,-1,1,-1,1,1,1,-1,1,1,-1,-1,-1,1,-1,-1,1,-1,-1,1,1,1,-1,1,-1,-1,1,1,-1,-1,1,-1,-1,1,1,-1,-1,1,-1,-1,-1,1,1,-1,1,1,-1,-1,1,-1,-1,1,-1,1,-1,1,1,-1,-1,1,-1,-1,-1,-1,-1,1,1,1,-1,-1,1,-1,-1,1,-1,-1,1,-1,-1,1,1,-1,-1,1,-1,-1,1,1,-1,1,-1,-1,-1,-1,1,1,-1,-1,-1,-1,-1,1,-1,-1,1,-1,-1,-1,1,1,-1,-1,-1,-1,-1,1,-1,-1,-1,-1,-1,1,1,1,-1,-1,-1,-1,-1,1,1,-1,-1,-1,-1,-1,1,1,1,-1,-1,-1,-1,1,1,-1,-1,-1,-1,1,1,1,1,-1,-1,1,1,1,1,1,-1,-1,-1,1,1,1,-1,1,-1,1,1,1,1,-1,1,-1,-1,1,-1,1,-1,1,-1,-1,1,-1,1,-1,-1,-1,-1,1,-1,1,-1,1,-1,-1,1,-1,1,-1,1,-1,-1,1,-1,1,-1,-1,-1,-1,1,1,-1,-1,-1,-1,-1,1,-1,1,-1,-1,-1,-1,-1,-1,-1,1,-1,-1,-1,1,-1,-1,1,-1,-1,-1,-1,-1,1,1,-1,-1,-1,-1,-1,1,-1,-1,-1,1,-1,-1,1,-1,1,-1,-1,-1,-1,-1,-1,-1,1,-1,-1,-1,1,1,1,-1,-1,1,-1,-1,-1,-1,-1,1,-1,-1,1,1,1,-1,-1,-1,-1,1,-1,1,1,-1,1,-1,-1,1,1,-1,-1,-1,-1,-1,-1,1,1,-1,-1,1,-1,1,1,-1,-1,-1,1,-1,1,1,-1,-1,1,-1,-1,1,1,1,-1,1,-1,1,1,1,-1,-1,1,-1,-1,1,-1,1,-1,1,-1,-1,1,1,-1,1,1,-1,-1,1,1,-1,1,1,-1,-1,1,1,-1,1,1,-1,-1,1,1,1,1,1,1,-1,-1,1,1,-1,1,-1,-1,1,-1,1,1,1,1,-1,-1,1,-1,1,1,1,-1,1,1,1,1,-1,1,-1,1,1,1,1,1,1,1,-1,1,1,1,1,-1,1,-1,1,1,1,1,1,-1,1,1,1,1,-1,1,1,-1,1,1,-1,1,1,-1,-1,1,1,1,1,-1,1,-1,1,1,1,-1,-1,1,-1,1,1,1,-1,1,-1,-1,-1,1,1,-1,-1,1,-1,-1,1,1,-1,-1,1,-1,-1,1,1,1,-1,-1,-1,-1,1,1,-1,-1,-1,1,-1,-1,1,-1,1,1,-1,1,1,-1,-1,1,-1,-1,-1,1,1,-1,1,1,-1,1,1,-1,-1,-1,-1,1,-1,-1,-1,-1,1,-1,-1,1,1,-1,1,1,-1,1,1,1,1,-1,1,-1,1,1,1,1,-1,1,-1,-1,-1,1,1,-1,1,-1,1,1,1,1,-1,1,-1,1,1,-1,-1,-1,1,-1,-1,1,1,-1,-1,-1,1,-1,1,-1,1,-1,1,-1,-1,1,-2670.0,1,2000,445,1000,False
1001,1,1,-1,-1,1,-1,1,-1,1,1,1,-1,1,1,1,1,-1,1,-1,-1,1,-1,1,1,1,-1,-1,-1,1,1,1,1,1,-1,-1,-1,1,-1,1,1,-1,-1,-1,1,1,1,1,-1,1,1,1,1,-1,1,-1,-1,1,-1,1,1,-1,-1,-1,-1,1,1,1,1,-1,-1,-1,1,1,1,1,-1,-1,-1,1,1,1,-1,-1,-1,1,1,1,1,-1,-1,-1,1,1,1,1,-1,-1,1,1,-1,1,1,-1,-1,1,1,1,1,1,-1,-1,1,1,-1,1,1,-1,-1,1,1,1,1,1,1,-1,1,1,1,-1,1,1,-1,1,1,1,1,1,1,-1,-1,1,1,1,1,1,-1,1,1,1,1,1,1,-1,-1,-1,1,1,1,1,-1,1,1,1,1,-1,1,-1,1,-1,1,1,1,-1,-1,1,1,1,1,1,-1,1,-1,-1,1,-1,1,-1,1,1,1,1,1,1,1,1,1,1,1,-1,1,-1,1,1,-1,1,-1,1,1,-1,1,-1,1,-1,1,-1,1,1,-1,1,-1,1,1,1,1,-1,-1,1,1,-1,-1,1,-1,1,-1,-1,1,-1,1,-1,1,-1,1,-1,1,1,-1,-1,-1,1,1,-1,1,-1,1,1,1,-1,1,1,-1,-1,-1,1,-1,1,-1,1,-1,1,1,-1,1,-1,-1,-1,1,1,-1,1,-1,-1,-1,1,1,-1,-1,1,1,-1,-1,1,1,-1,1,1,-1,1,1,1,-1,-1,1,-1,1,1,-1,1,-1,1,1,-1,1,1,-1,-1,1,-1,-1,1,-1,1,-1,1,1,-1,1,1,1,-1,1,-1,-1,1,1,-1,-1,1,-1,1,1,1,1,-1,1,-1,1,1,1,-1,1,1,-1,-1,1,1,-1,-1,1,-1,1,1,1,1,1,1,-1,1,1,1,1,1,-1,-1,1,1,1,1,1,-1,-1,-1,1,1,1,1,-1,-1,1,-1,1,-1,1,1,-1,-1,1,1,1,1,1,-1,-1,1,1,1,1,-1,-1,-1,-1,-1,-1,1,1,-1,-1,1,1,-1,1,-1,-1,-1,1,1,1,1,-1,-1,1,1,1,-1,1,-1,-1,-1,-1,1,1,1,1,-1,-1,1,-1,1,1,-1,-1,1,-1,-1,1,-1,1,-1,-1,1,-1,-1,1,-1,-1,1,1,-1,1,-1,1,-1,-1,1,-1,1,-1,-1,-1,-1,1,-1,-1,1,1,-1,-1,1,-1,1,1,-1,1,-1,1,-1,1,-1,1,-1,-1,1,-1,1,-1,-1,-1,1,1,-1,1,-1,1,-1,1,-1,1,1,-1,1,-1,1,-1,-1,1,-1,-1,-1,1,-1,1,-1,1,1,-1,1,-1,-1,1,-1,-1,1,-1,1,-1,-1,-1,1,-1,1,1,-1,-1,-1,1,-1,1,-1,-1,1,-1,1,1,1,1,-1,-1,1,1,-1,1,1,-1,-1,1,1,1,-1,1,1,-1,1,1,1,1,1,-1,1,-1,-1,-1,1,-1,-1,1,-1,1,-1,1,-1,1,-1,-1,-1,1,1,-1,1,1,-1,-1,-1,1,-1,1,1,-1,1,-1,1,-1,-1,-1,-1,-1,-1,1,-1,-1,-1,-1,-1,-1,1,-1,1,1,1,1,-1,1,-1,1,1,-1,-1,-1,1,-1,-1,1,-1,1,-1,-1,1,1,1,1,-1,-1,1,1,1,1,-1,1,-1,-1,1,1,1,-1,-1,-1,1,1,1,1,-1,1,-1,1,-1,1,-1,1,1,-1,-1,1,1,1,-1,-1,-1,1,1,1,1,1,-1,-1,-1,1,1,1,1,-1,-1,-1,1,1,1,-1,-1,-1,1,1,1,1,1,-1,-1,-1,1,1,1,1,-1,-1,-1,1,1,-1,1,-1,-1,-1,1,1,1,1,-1,-1,1,1,1,1,-1,-1,1,1,-1,1,1,-1,-1,-1,1,1,1,1,1,-1,1,1,1,1,1,-1,-1,-1,1,-1,1,-1,-1,-1,-1,1,-1,1,1,-1,-1,-1,1,-1,1,1,-1,1,-1,1,1,1,1,-1,1,-1,1,-1,1,1,-1,-1,-1,1,1,-1,-1,-1,-1,-1,1,-1,1,-1,-1,-1,-1,-1,-1,-1,1,-1,-1,-1,1,-1,-1,1,-1,-1,-1,-1,-1,-1,1,-1,-1,-1,-1,-1,1,-1,-1,-1,1,-1,-1,1,-1,1,-1,-1,-1,-1,-1,-1,-1,1,-1,-1,-1,1,1,1,-1,-1,1,-1,-1,-1,-1,-1,1,-1,-1,1,1,1,-1,-1,-1,-1,1,-1,1,1,-1,1,-1,-1,1,1,-1,-1,-1,-1,-1,-1,1,1,-1,-1,1,-1,1,1,-1,-1,-1,1,-1,1,1,-1,-1,1,-1,-1,1,1,1,-1,1,-1,1,1,1,-1,-1,1,-1,-1,1,1,1,-1,1,-1,-1,1,1,-1,1,1,-1,-1,1,1,1,1,1,-1,-1,1,1,1,1,1,-1,-1,1,1,1,1,1,1,-1,1,1,1,-1,1,-1,-1,1,-1,1,1,1,1,-1,-1,1,-1,1,1,1,-1,1,1,1,1,-1,1,-1,1,1,1,1,1,1,-1,-1,1,1,1,1,-1,1,-1,1,1,1,1,-1,1,-1,1,1,1,-1,-1,1,-1,1,1,-1,1,-1,-1,-1,1,1,1,-1,1,-1,-1,1,1,1,-1,-1,-1,-1,1,1,1,-1,-1,-1,-1,-1,1,1,-1,1,-1,-1,-1,1,1,-1,1,-1,-1,1,1,1,1,1,1,-1,-1,1,1,-1,-1,1,1,1,-1,1,-1,1,-1,-1,1,1,-1,-1,1,-1,-1,-1,1,1,-1,1,-1,1,1,1,-1,-1,1,-1,-1,-1,-1,-1,-1,1,-1,1,1,1,-1,1,1,-1,1,1,1,1,-1,1,-1,1,1,1,1,-1,1,-1,1,1,1,1,-1,1,-1,1,1,1,1,-1,1,-1,1,1,-1,-1,-1,1,-1,-1,1,1,-1,-1,-1,1,-1,1,-1,1,-1,1,-1,-1,1,-2670.0,1,2000,445,500,False
1002,1,1,-1,-1,1,1,-1,-1,1,1,1,-1,1,1,1,1,-1,1,1,-1,-1,-1,1,1,1,1,-1,-1,1,1,1,1,-1,-1,-1,-1,1,-1,1,1,-1,-1,-1,1,1,1,1,-1,1,1,1,1,-1,1,-1,-1,1,-1,1,1,1,-1,-1,-1,1,1,1,1,-1,-1,-1,1,1,1,1,-1,-1,-1,1,1,1,-1,-1,-1,1,1,1,1,-1,-1,1,1,1,1,1,-1,-1,-1,1,-1,1,1,-1,-1,1,1,1,1,1,-1,-1,-1,1,1,1,1,-1,-1,1,1,1,1,1,1,-1,-1,1,1,-1,1,1,-1,1,1,1,1,1,1,-1,1,1,1,1,1,1,-1,1,1,1,1,1,1,-1,-1,-1,1,1,1,1,-1,1,1,1,1,-1,1,-1,1,-1,1,1,1,-1,-1,1,1,1,1,1,-1,1,-1,-1,1,-1,1,-1,1,1,1,1,1,1,1,1,1,-1,1,-1,1,-1,1,1,-1,1,-1,1,1,-1,1,-1,1,-1,1,-1,1,1,-1,1,-1,1,1,1,1,-1,-1,1,1,-1,-1,1,-1,1,-1,-1,1,-1,1,-1,1,-1,1,-1,1,1,-1,-1,-1,1,1,-1,1,-1,1,1,1,-1,1,1,-1,1,-1,1,-1,1,-1,1,-1,1,1,-1,1,-1,-1,-1,1,1,-1,1,-1,-1,-1,1,1,-1,-1,1,1,-1,-1,1,1,-1,1,1,-1,1,1,1,1,-1,1,-1,1,1,-1,1,-1,1,1,-1,1,1,-1,-1,1,-1,-1,1,-1,-1,-1,1,1,-1,1,1,1,-1,1,-1,-1,1,1,1,-1,1,-1,1,1,1,1,-1,1,-1,1,1,1,-1,1,1,-1,-1,1,1,1,-1,1,-1,1,1,1,-1,1,1,-1,1,1,1,-1,1,-1,-1,1,1,1,1,1,-1,-1,-1,1,1,-1,1,-1,-1,1,-1,1,-1,1,1,-1,-1,1,1,1,1,1,-1,-1,1,1,-1,1,-1,-1,-1,-1,-1,-1,1,1,-1,-1,1,1,-1,1,-1,-1,-1,1,1,1,1,1,-1,1,1,1,-1,1,-1,-1,-1,-1,1,1,1,1,-1,-1,1,1,1,1,-1,-1,1,-1,-1,1,-1,1,-1,-1,1,-1,1,1,-1,-1,1,1,-1,1,-1,1,-1,-1,1,-1,1,1,-1,-1,-1,1,-1,-1,1,1,-1,-1,1,-1,1,1,-1,1,-1,1,-1,-1,1,1,-1,-1,1,-1,1,1,-1,-1,1,1,-1,1,-1,1,-1,1,-1,-1,1,-1,1,-1,1,-1,-1,1,-1,-1,-1,1,-1,-1,1,1,1,-1,1,-1,-1,1,-1,-1,1,-1,1,-1,1,-1,1,-1,1,1,-1,-1,-1,1,-1,1,-1,-1,1,-1,1,1,1,1,-1,-1,1,1,-1,1,1,-1,-1,1,1,1,-1,1,1,-1,1,1,1,1,1,-1,1,-1,-1,-1,1,-1,1,1,-1,1,-1,1,-1,1,-1,-1,-1,1,1,-1,1,1,-1,-1,-1,1,-1,1,1,-1,1,-1,1,-1,-1,-1,-1,-1,-1,1,-1,-1,-1,-1,-1,-1,1,-1,1,1,1,1,-1,1,-1,1,1,-1,-1,-1,1,-1,-1,1,-1,1,-1,-1,1,1,1,1,-1,-1,1,1,1,1,-1,1,-1,-1,1,1,1,-1,-1,-1,1,1,1,1,-1,-1,-1,1,-1,1,-1,1,-1,-1,-1,1,1,1,-1,-1,-1,-1,1,1,1,1,-1,-1,-1,1,1,1,1,-1,-1,-1,1,1,1,-1,-1,-1,1,1,1,1,1,-1,-1,-1,1,1,1,1,-1,-1,-1,1,1,-1,1,-1,-1,-1,1,1,1,1,-1,-1,1,1,1,1,-1,-1,1,1,-1,1,1,-1,-1,-1,1,1,1,1,1,-1,1,1,1,1,1,-1,-1,-1,1,-1,1,-1,-1,-1,-1,1,-1,1,1,1,-1,-1,1,-1,1,1,-1,1,-1,1,1,1,1,-1,1,-1,1,-1,1,1,-1,-1,-1,1,1,-1,-1,-1,-1,-1,1,-1,1,-1,-1,-1,-1,-1,-1,-1,1,-1,-1,-1,1,-1,-1,1,-1,-1,-1,-1,-1,-1,1,-1,-1,-1,-1,-1,1,-1,-1,-1,1,-1,-1,1,-1,1,-1,-1,-1,-1,-1,-1,-1,1,-1,-1,-1,1,1,-1,-1,-1,1,-1,-1,-1,-1,-1,1,-1,-1,1,1,1,-1,-1,-1,-1,1,-1,1,1,-1,1,-1,-1,1,1,-1,-1,-1,-1,-1,-1,1,1,-1,-1,1,-1,1,1,-1,-1,-1,1,-1,1,1,-1,-1,1,-1,-1,1,1,1,-1,1,-1,1,1,1,-1,-1,1,-1,-1,1,1,1,-1,1,-1,-1,1,1,-1,1,1,-1,-1,1,1,-1,1,1,-1,-1,1,1,-1,1,1,-1,-1,1,1,1,1,1,1,-1,-1,1,-1,1,1,-1,-1,1,-1,1,1,1,1,-1,-1,1,-1,1,1,1,-1,1,1,1,1,-1,1,-1,1,1,1,1,1,1,1,-1,1,1,1,1,-1,1,-1,1,1,1,1,1,-1,1,1,1,1,-1,-1,1,-1,1,1,-1,1,1,-1,-1,1,1,1,-1,1,1,-1,1,1,1,-1,-1,1,-1,1,1,1,-1,1,-1,-1,-1,1,1,-1,-1,1,-1,-1,1,1,1,-1,1,-1,-1,1,1,1,1,-1,-1,-1,1,1,-1,-1,1,1,-1,1,1,-1,1,1,-1,1,1,-1,-1,1,-1,-1,-1,1,1,-1,1,1,-1,1,1,-1,-1,-1,-1,1,-1,-1,-1,-1,1,-1,-1,1,1,-1,1,1,-1,1,1,1,1,-1,1,-1,1,1,1,-1,-1,1,-1,-1,1,1,-1,-1,1,-1,1,1,1,-1,-1,1,-1,1,1,1,1,-1,1,-1,-1,1,1,1,-1,-1,1,-1,1,1,1,-1,1,-1,-1,1,-2670.0,1,2000,445,1000,False
1003,1,1,-1,-1,1,1,-1,-1,1,1,1,-1,1,1,1,1,-1,1,-1,-1,-1,-1,1,1,1,-1,-1,-1,1,1,1,1,-1,-1,-1,-1,1,-1,1,1,-1,-1,-1,1,1,1,1,-1,1,1,1,1,-1,1,-1,-1,1,-1,1,1,1,-1,-1,-1,1,1,1,1,-1,-1,-1,1,1,1,1,-1,-1,-1,1,1,1,-1,-1,-1,1,1,1,1,-1,-1,1,1,1,1,1,-1,-1,-1,1,-1,1,1,-1,-1,1,1,1,1,1,-1,-1,-1,1,-1,1,1,-1,-1,1,1,1,1,1,1,-1,-1,1,1,-1,1,1,-1,1,1,1,1,1,1,-1,1,1,1,1,1,1,-1,1,1,1,1,1,1,-1,-1,-1,1,1,1,1,-1,1,1,1,1,-1,1,-1,1,-1,1,1,1,-1,-1,1,1,1,1,1,-1,1,-1,-1,1,-1,1,-1,1,1,1,1,1,1,1,1,1,1,1,-1,1,-1,1,1,-1,1,-1,1,1,-1,1,-1,1,-1,1,-1,1,1,-1,1,-1,1,1,1,1,-1,-1,1,1,-1,-1,1,-1,1,-1,-1,1,-1,1,-1,1,-1,1,-1,1,1,-1,-1,-1,1,1,-1,1,-1,1,1,1,-1,1,1,-1,1,-1,1,-1,1,-1,1,-1,1,1,-1,1,-1,-1,-1,1,1,-1,1,-1,-1,-1,1,1,-1,-1,1,1,-1,-1,1,1,-1,1,1,-1,1,1,1,1,-1,1,-1,1,1,-1,1,-1,1,-1,1,1,1,1,1,1,-1,-1,1,-1,-1,1,1,1,-1,1,1,1,-1,1,1,1,1,1,1,1,1,-1,1,1,1,-1,-1,1,-1,1,1,1,-1,1,1,-1,-1,1,1,1,-1,1,-1,1,1,1,-1,1,1,-1,1,1,1,-1,1,1,-1,1,1,1,-1,1,1,-1,-1,1,1,-1,1,1,-1,1,-1,1,-1,1,1,1,-1,1,1,1,-1,1,1,-1,1,1,-1,1,1,1,-1,-1,-1,-1,1,1,1,-1,1,1,-1,1,1,-1,-1,1,1,1,1,1,-1,1,1,1,-1,1,1,1,-1,-1,1,1,1,-1,1,-1,1,1,1,1,1,1,-1,-1,-1,1,-1,-1,1,1,-1,1,1,-1,1,1,1,1,-1,1,-1,-1,1,-1,1,-1,1,1,1,1,1,1,-1,-1,1,-1,1,1,1,-1,1,1,1,-1,1,1,-1,-1,1,-1,1,1,1,-1,1,1,1,1,1,1,-1,1,-1,1,1,1,-1,-1,1,-1,-1,1,1,-1,-1,1,-1,1,1,1,-1,-1,1,-1,-1,1,1,-1,-1,1,-1,1,1,1,1,-1,1,-1,-1,-1,1,1,-1,-1,-1,1,-1,1,-1,-1,1,-1,-1,1,-1,1,-1,-1,1,-1,1,-1,1,-1,-1,1,-1,-1,1,1,1,-1,1,-1,1,-1,1,-1,1,-1,-1,-1,1,-1,-1,1,1,1,-1,1,-1,1,1,1,-1,1,1,-1,1,-1,1,-1,-1,1,-1,-1,1,1,1,-1,1,-1,-1,1,1,-1,-1,1,-1,-1,1,1,-1,-1,1,-1,-1,-1,1,1,-1,1,1,-1,-1,1,-1,-1,1,-1,1,-1,1,1,-1,-1,1,-1,-1,-1,-1,-1,1,1,1,-1,1,1,-1,-1,1,-1,1,-1,-1,-1,1,1,-1,-1,-1,1,-1,1,1,-1,1,1,1,-1,-1,1,1,-1,-1,-1,-1,1,1,-1,-1,1,-1,-1,-1,1,1,-1,-1,-1,-1,-1,1,-1,-1,1,-1,-1,1,1,1,-1,1,-1,-1,-1,1,1,-1,-1,-1,-1,-1,1,1,1,-1,-1,-1,-1,1,1,-1,-1,-1,-1,1,1,1,1,-1,-1,1,1,1,1,1,-1,-1,-1,1,1,1,-1,1,-1,1,1,1,1,-1,1,-1,-1,1,-1,1,-1,1,-1,-1,1,-1,1,-1,-1,-1,-1,1,-1,1,-1,1,1,-1,1,-1,1,-1,1,1,-1,1,-1,1,-1,-1,-1,-1,1,1,-1,-1,-1,-1,-1,1,-1,1,-1,-1,-1,-1,-1,-1,-1,1,-1,-1,-1,1,-1,-1,1,-1,-1,-1,-1,-1,-1,1,-1,-1,-1,-1,-1,1,-1,-1,-1,1,-1,-1,1,-1,1,-1,-1,-1,-1,-1,-1,-1,1,-1,-1,-1,1,1,1,-1,-1,1,-1,-1,-1,-1,-1,1,-1,-1,1,1,1,-1,-1,-1,-1,1,-1,1,1,-1,1,-1,-1,1,1,-1,-1,-1,-1,-1,-1,1,1,-1,-1,1,-1,1,1,-1,-1,-1,1,-1,1,1,-1,-1,1,-1,-1,1,1,1,-1,1,-1,1,1,1,-1,-1,1,-1,-1,1,1,1,-1,1,-1,-1,1,1,-1,1,1,-1,-1,1,1,-1,1,1,-1,-1,1,1,-1,1,1,-1,-1,1,1,1,1,1,1,-1,-1,1,1,-1,1,-1,-1,1,-1,1,1,1,1,-1,-1,1,-1,1,1,1,-1,1,1,1,1,-1,1,-1,1,1,1,1,1,1,1,-1,1,1,1,1,-1,1,-1,1,1,1,1,1,-1,1,1,1,1,-1,1,1,-1,1,1,-1,1,1,-1,-1,1,1,1,1,-1,1,-1,1,1,1,-1,-1,1,-1,1,1,1,-1,1,-1,-1,-1,1,1,-1,-1,1,-1,-1,1,1,1,-1,1,-1,-1,1,1,1,-1,-1,-1,-1,1,1,-1,-1,-1,1,-1,1,1,-1,1,1,-1,1,1,-1,-1,1,1,-1,-1,1,1,-1,1,1,-1,1,1,-1,-1,-1,-1,1,-1,-1,-1,-1,1,-1,-1,1,1,-1,1,1,-1,1,1,1,1,-1,1,-1,1,1,1,-1,-1,1,-1,-1,1,1,-1,-1,1,-1,1,1,1,-1,-1,1,-1,1,1,1,1,-1,1,-1,-1,1,1,1,-1,-1,1,-1,1,-1,1,-1,1,-1,-1,1,-2670.0,1,2000,445,1000,False
1004,1,1,-1,-1,1,1,-1,-1,1,1,1,-1,1,1,1,1,-1,1,1,-1,1,-1,1,1,1,1,-1,-1,1,1,1,1,-1,-1,-1,-1,1,-1,1,1,-1,-1,-1,1,1,1,1,-1,1,1,1,1,-1,1,-1,-1,1,-1,1,1,1,-1,-1,-1,1,1,1,1,-1,-1,-1,1,1,1,1,-1,-1,-1,1,1,1,-1,-1,-1,1,1,1,1,-1,1,-1,1,1,1,1,-1,-1,1,1,-1,1,1,-1,-1,1,1,1,1,1,-1,-1,1,1,-1,1,1,-1,-1,1,1,1,1,1,1,-1,1,1,1,-1,1,1,-1,1,1,1,1,1,1,-1,-1,1,1,1,1,1,-1,1,1,1,1,1,1,-1,-1,-1,1,1,1,1,-1,1,1,1,1,-1,1,-1,1,-1,1,1,1,-1,-1,1,1,1,1,1,-1,1,-1,-1,1,-1,1,-1,1,1,1,1,1,1,1,1,1,-1,1,-1,1,-1,1,1,-1,1,-1,1,1,-1,1,-1,1,-1,1,-1,1,1,-1,1,-1,1,1,1,1,-1,-1,1,1,-1,-1,1,-1,1,-1,-1,1,-1,1,-1,1,-1,1,-1,1,1,-1,-1,-1,1,1,-1,1,-1,1,1,1,-1,1,1,-1,1,-1,1,-1,1,-1,1,-1,1,1,-1,1,-1,-1,-1,1,1,-1,1,-1,-1,-1,1,1,-1,-1,1,1,-1,-1,1,1,-1,1,1,-1,1,1,1,1,-1,1,-1,1,1,-1,1,-1,1,-1,1,1,1,1,1,1,-1,-1,1,-1,-1,-1,1,1,-1,1,1,1,-1,1,1,1,1,1,1,1,1,-1,1,1,1,-1,-1,1,-1,1,1,1,-1,1,1,-1,-1,1,1,1,-1,1,-1,1,1,1,-1,1,1,-1,1,1,1,-1,1,1,-1,1,1,1,-1,1,1,-1,-1,1,1,-1,1,1,-1,1,-1,1,-1,1,1,1,-1,1,1,1,-1,1,1,-1,1,1,-1,1,-1,1,-1,-1,-1,-1,1,1,1,-1,1,1,-1,1,1,-1,-1,1,1,1,1,1,-1,1,1,1,-1,1,1,1,1,-1,1,1,1,-1,1,-1,1,1,1,1,1,1,-1,-1,-1,1,-1,-1,1,1,-1,1,1,-1,1,1,1,1,-1,1,-1,-1,1,-1,1,-1,1,1,1,1,1,1,-1,-1,1,-1,1,1,1,-1,1,1,1,-1,1,1,-1,-1,1,-1,1,1,1,-1,1,1,1,1,1,1,-1,1,-1,-1,1,1,-1,-1,1,-1,-1,1,1,-1,-1,1,-1,1,1,1,-1,-1,1,1,-1,1,1,-1,-1,1,-1,1,1,1,1,-1,1,-1,-1,-1,1,1,-1,-1,-1,1,-1,1,-1,-1,1,-1,-1,1,-1,1,-1,-1,1,-1,1,-1,1,-1,-1,1,-1,-1,1,1,1,-1,1,-1,1,-1,-1,-1,1,-1,-1,-1,1,-1,-1,1,1,1,-1,1,-1,1,1,1,-1,1,1,-1,1,-1,1,-1,-1,1,-1,-1,1,1,1,-1,1,-1,-1,1,1,-1,-1,1,-1,-1,1,1,-1,-1,1,-1,-1,-1,1,1,-1,1,1,-1,-1,1,-1,-1,1,-1,1,-1,1,1,-1,-1,1,-1,-1,-1,-1,-1,1,1,1,-1,1,1,-1,-1,1,-1,1,-1,-1,-1,1,1,-1,-1,-1,1,-1,1,1,-1,1,1,1,-1,-1,1,1,-1,-1,-1,-1,1,1,-1,-1,1,-1,-1,-1,1,1,-1,-1,-1,-1,-1,1,-1,-1,1,-1,-1,1,1,1,-1,1,-1,-1,-1,1,1,-1,-1,-1,-1,-1,1,1,1,-1,-1,-1,-1,1,1,-1,-1,-1,-1,1,1,1,1,-1,-1,1,1,1,1,1,-1,-1,-1,1,1,1,-1,1,-1,1,1,1,1,-1,1,-1,-1,1,-1,1,-1,1,-1,-1,1,-1,1,-1,-1,-1,-1,1,-1,1,-1,1,1,-1,1,-1,1,-1,1,1,-1,1,-1,1,-1,-1,-1,-1,1,1,-1,-1,-1,-1,-1,1,-1,1,-1,-1,-1,-1,-1,-1,-1,1,-1,-1,-1,1,-1,-1,1,-1,-1,-1,-1,-1,-1,1,-1,-1,-1,-1,-1,1,-1,-1,-1,1,-1,-1,1,-1,1,-1,-1,-1,-1,-1,-1,-1,1,-1,-1,-1,1,1,-1,-1,-1,1,-1,-1,-1,-1,-1,1,-1,-1,1,1,1,-1,-1,-1,-1,1,-1,1,1,-1,1,-1,-1,1,1,-1,-1,-1,-1,-1,-1,1,1,-1,-1,1,-1,1,1,-1,-1,-1,1,-1,-1,1,-1,-1,1,-1,-1,1,1,1,-1,1,-1,1,1,1,-1,-1,1,-1,-1,1,1,1,-1,1,-1,-1,1,1,-1,1,1,-1,-1,1,1,-1,1,1,-1,-1,1,1,-1,1,1,-1,-1,1,1,1,1,1,1,-1,-1,1,-1,1,1,-1,-1,1,-1,1,1,1,1,-1,-1,1,-1,1,1,1,-1,1,1,1,1,-1,1,-1,1,1,1,1,1,1,1,-1,1,1,1,1,-1,1,-1,1,1,1,1,1,-1,1,1,1,1,-1,1,1,-1,1,1,-1,1,1,-1,-1,1,1,1,1,-1,1,-1,1,1,1,-1,-1,1,-1,1,1,1,-1,1,-1,-1,-1,1,1,-1,-1,1,-1,-1,1,1,-1,-1,1,-1,-1,1,1,1,-1,1,-1,-1,1,1,-1,-1,-1,1,-1,1,1,-1,1,1,-1,1,1,-1,-1,1,1,-1,-1,-1,1,-1,1,1,-1,1,1,-1,-1,1,-1,1,-1,-1,-1,-1,1,-1,-1,1,1,-1,1,1,-1,1,1,1,1,-1,1,-1,1,1,1,1,-1,1,-1,-1,1,1,1,-1,1,-1,1,1,1,1,-1,1,-1,1,1,-1,-1,-1,1,-1,-1,1,1,-1,-1,-1,1,-1,1,-1,1,-1,1,-1,-1,1,-2670.0,1,2000,445,1000,False
1005,1,1,-1,-1,1,-1,-1,-1,1,1,1,-1,1,1,1,1,-1,1,-1,-1,1,-1,1,1,1,-1,-1,-1,1,1,1,1,-1,-1,-1,-1,1,-1,1,1,-1,-1,-1,1,1,1,1,-1,1,1,1,1,-1,1,-1,-1,1,-1,1,1,1,-1,-1,-1,1,1,1,1,-1,-1,-1,1,1,1,1,-1,-1,-1,1,1,1,-1,-1,-1,1,1,1,1,-1,-1,-1,1,1,1,1,-1,-1,1,1,-1,1,1,-1,-1,1,1,1,1,1,-1,-1,1,1,1,1,1,-1,-1,1,1,1,1,1,1,-1,1,1,1,-1,1,1,-1,1,1,1,1,1,1,-1,-1,1,1,1,1,1,-1,1,1,1,1,1,1,-1,-1,-1,1,1,1,1,-1,1,1,1,1,-1,1,-1,1,-1,1,1,1,-1,-1,1,1,1,1,1,-1,1,-1,-1,1,-1,1,-1,1,1,1,1,1,1,1,1,1,-1,1,-1,1,-1,1,1,-1,1,-1,1,1,-1,1,-1,1,-1,1,-1,1,1,-1,-1,-1,1,1,1,1,-1,-1,1,1,-1,-1,1,-1,1,-1,-1,1,-1,1,-1,1,-1,1,-1,1,1,-1,-1,-1,1,1,-1,1,-1,1,1,1,-1,1,1,-1,-1,-1,1,-1,1,-1,1,-1,1,1,-1,1,-1,-1,-1,1,1,-1,1,-1,-1,-1,1,1,-1,-1,1,1,-1,-1,1,1,-1,1,1,-1,1,1,1,1,-1,1,-1,1,1,-1,1,-1,1,-1,1,1,1,1,1,1,-1,-1,1,-1,-1,-1,1,1,-1,1,1,1,-1,1,1,1,1,1,1,-1,1,-1,1,1,1,-1,-1,1,-1,1,1,1,-1,1,1,-1,-1,1,1,1,-1,1,-1,1,1,1,-1,1,1,-1,1,1,1,-1,1,1,-1,1,1,1,-1,1,1,-1,-1,1,1,-1,1,1,-1,1,-1,1,-1,1,1,1,-1,1,1,1,1,1,1,-1,1,1,-1,1,1,1,-1,-1,-1,-1,1,1,1,-1,1,1,-1,1,1,-1,-1,1,1,1,1,1,-1,1,1,1,-1,1,1,1,1,-1,1,1,1,-1,1,-1,1,1,1,1,1,1,-1,-1,-1,1,-1,-1,1,-1,1,-1,1,1,1,1,1,-1,-1,1,-1,-1,1,-1,1,-1,1,1,-1,1,1,1,-1,-1,1,-1,1,1,-1,-1,1,1,1,-1,1,-1,-1,-1,1,-1,1,1,-1,-1,1,1,1,1,-1,1,-1,1,-1,-1,1,-1,-1,-1,1,-1,1,1,-1,-1,-1,1,-1,1,1,1,-1,-1,1,-1,-1,1,-1,-1,-1,1,-1,1,1,-1,-1,-1,1,-1,-1,1,-1,-1,-1,-1,-1,-1,1,-1,-1,-1,1,-1,-1,1,-1,-1,-1,-1,1,-1,1,-1,-1,-1,-1,1,-1,-1,1,1,1,-1,1,-1,1,-1,1,1,1,-1,-1,-1,1,-1,-1,1,1,1,-1,1,-1,1,1,1,-1,1,1,-1,1,-1,1,-1,-1,1,-1,-1,1,1,1,-1,1,-1,-1,1,1,-1,-1,1,-1,-1,1,1,-1,-1,1,-1,-1,-1,1,1,-1,1,1,-1,-1,1,-1,-1,1,-1,1,-1,1,1,-1,-1,1,-1,-1,-1,-1,-1,1,1,1,-1,-1,1,-1,-1,1,-1,-1,1,-1,-1,1,1,-1,-1,1,-1,-1,1,1,-1,1,-1,-1,-1,-1,1,1,-1,-1,-1,-1,1,1,-1,-1,1,-1,-1,-1,1,1,-1,-1,-1,-1,-1,1,-1,-1,-1,-1,-1,-1,1,1,-1,-1,-1,-1,1,1,1,-1,-1,-1,-1,-1,1,1,1,-1,-1,-1,-1,1,1,-1,-1,-1,-1,1,1,1,1,1,-1,1,1,1,1,1,1,-1,-1,1,1,1,1,1,-1,1,1,1,1,-1,1,-1,-1,1,-1,1,-1,1,-1,-1,1,-1,1,1,1,-1,-1,1,-1,1,-1,1,1,-1,1,-1,1,1,1,1,-1,1,-1,1,1,1,-1,-1,1,1,-1,1,1,-1,-1,1,-1,1,-1,1,-1,-1,-1,-1,-1,1,1,-1,-1,1,-1,-1,1,1,-1,-1,-1,-1,-1,-1,1,-1,-1,-1,-1,1,1,-1,-1,1,-1,-1,1,-1,1,-1,-1,-1,-1,-1,1,1,1,-1,-1,-1,1,1,1,-1,-1,1,-1,-1,-1,1,-1,1,-1,-1,1,1,1,-1,-1,-1,-1,1,-1,1,1,-1,1,-1,-1,1,1,-1,-1,-1,-1,-1,-1,1,1,-1,-1,1,-1,1,1,-1,-1,-1,1,-1,1,1,-1,-1,1,-1,-1,1,1,1,-1,1,-1,1,1,1,-1,-1,1,-1,-1,1,-1,1,-1,1,-1,-1,1,1,-1,1,1,-1,-1,1,1,-1,1,1,-1,-1,1,1,-1,1,1,-1,-1,1,1,1,1,1,1,-1,-1,1,1,-1,1,-1,-1,1,-1,1,1,1,1,-1,-1,1,-1,1,1,1,-1,1,1,1,1,-1,1,-1,1,1,1,1,1,1,1,-1,1,1,1,1,-1,1,-1,1,1,1,1,1,-1,1,1,1,1,-1,1,1,-1,1,1,-1,1,1,-1,-1,1,1,1,1,-1,1,-1,1,1,1,-1,-1,1,-1,1,1,1,-1,1,-1,-1,-1,1,1,-1,-1,1,-1,-1,1,1,1,-1,1,-1,-1,1,1,1,-1,1,-1,-1,1,1,-1,-1,1,1,-1,-1,1,-1,1,1,-1,1,1,-1,-1,1,-1,-1,-1,1,1,-1,1,1,-1,1,1,-1,-1,-1,-1,1,-1,-1,-1,-1,1,-1,-1,1,1,-1,1,1,-1,1,1,1,1,-1,1,-1,1,1,1,1,-1,1,-1,-1,1,1,1,-1,1,-1,1,1,1,1,-1,1,-1,1,1,-1,-1,-1,1,-1,-1,1,1,-1,-1,-1,1,-1,1,-1,1,-1,1,-1,-1,1,-2670.0,1,2000,445,1000,False
1006,1,1,-1,-1,1,-1,-1,-1,1,1,1,-1,1,1,1,1,-1,1,-1,-1,1,-1,1,1,1,1,-1,-1,1,1,1,1,-1,-1,-1,-1,1,1,1,1,-1,-1,-1,1,1,1,1,-1,1,1,1,1,-1,1,-1,-1,1,-1,1,1,1,-1,-1,-1,1,1,1,1,-1,-1,-1,1,1,1,1,-1,-1,-1,1,1,1,-1,-1,-1,1,1,1,1,-1,-1,-1,1,1,1,1,-1,-1,1,1,-1,1,1,-1,-1,1,1,1,1,1,-1,-1,1,1,1,1,1,-1,-1,1,1,1,1,1,1,-1,1,1,1,-1,1,1,-1,1,1,1,1,1,1,-1,-1,1,1,1,1,1,-1,1,1,1,1,1,1,-1,-1,-1,1,1,1,1,-1,1,1,1,1,-1,1,-1,1,-1,1,1,1,-1,-1,1,1,1,1,1,-1,1,-1,-1,1,-1,1,-1,1,1,1,1,1,1,1,1,1,-1,1,-1,1,-1,1,1,-1,1,-1,1,1,-1,1,-1,1,-1,1,-1,1,1,-1,1,-1,1,1,1,1,-1,-1,1,1,-1,-1,1,-1,1,-1,-1,1,-1,1,-1,1,-1,1,-1,-1,1,-1,-1,-1,1,1,-1,1,-1,1,1,1,-1,1,1,-1,1,-1,1,-1,1,-1,1,-1,1,1,-1,1,-1,-1,-1,1,1,-1,1,-1,-1,-1,1,1,-1,-1,1,1,-1,-1,1,1,-1,1,1,-1,1,1,1,1,-1,1,-1,1,1,-1,1,-1,1,1,1,1,1,1,1,1,-1,-1,1,-1,-1,1,1,1,-1,1,1,1,-1,1,1,1,1,1,1,-1,1,-1,1,1,1,-1,-1,1,-1,1,1,1,-1,1,1,-1,-1,1,1,1,-1,1,-1,1,1,1,-1,1,1,-1,1,1,1,-1,1,1,-1,1,1,1,-1,1,1,1,-1,1,1,-1,1,1,-1,1,-1,1,-1,1,1,1,-1,1,1,1,-1,1,1,-1,1,1,-1,1,-1,1,-1,-1,-1,-1,1,1,1,-1,1,1,-1,1,1,-1,-1,1,1,1,1,1,-1,1,1,1,-1,1,1,1,1,-1,1,1,1,-1,1,-1,1,1,1,1,1,1,-1,-1,-1,1,-1,-1,1,1,-1,1,1,-1,1,1,1,1,-1,1,-1,-1,1,-1,1,-1,1,1,1,1,1,1,-1,-1,1,-1,1,1,1,-1,1,1,1,-1,1,1,-1,-1,1,-1,1,1,1,-1,1,1,1,1,1,1,-1,1,-1,1,1,1,-1,-1,1,-1,1,1,1,-1,-1,1,-1,1,1,1,-1,-1,1,-1,-1,1,1,-1,-1,1,-1,1,1,1,1,-1,1,-1,-1,1,1,1,-1,-1,-1,-1,1,1,-1,-1,1,-1,-1,1,-1,1,-1,-1,1,-1,1,-1,1,1,-1,1,-1,-1,1,1,1,-1,1,-1,1,-1,-1,-1,1,-1,-1,-1,1,-1,-1,-1,1,1,-1,1,-1,1,1,1,-1,1,1,-1,1,-1,1,-1,-1,1,-1,-1,1,1,1,-1,1,-1,-1,1,1,-1,-1,1,-1,-1,1,1,-1,-1,1,-1,-1,-1,1,1,-1,1,-1,-1,-1,1,-1,-1,1,-1,1,-1,1,1,-1,-1,1,-1,-1,-1,-1,-1,1,1,1,-1,-1,1,-1,-1,1,-1,-1,1,-1,-1,1,1,-1,-1,1,-1,-1,1,1,-1,1,-1,-1,-1,-1,1,1,-1,-1,-1,-1,1,1,-1,-1,1,-1,-1,-1,1,1,-1,-1,-1,-1,-1,1,-1,-1,-1,-1,-1,1,1,1,-1,-1,-1,-1,-1,1,1,-1,-1,-1,-1,-1,1,1,1,-1,-1,-1,-1,1,1,-1,-1,-1,-1,1,1,1,1,-1,-1,1,1,1,1,1,-1,-1,-1,1,1,1,-1,1,-1,1,1,1,1,-1,1,-1,-1,1,-1,1,-1,1,-1,-1,1,-1,1,-1,-1,-1,-1,1,-1,1,-1,1,-1,-1,1,-1,1,-1,1,-1,-1,1,-1,1,-1,-1,-1,-1,1,1,-1,-1,-1,-1,-1,1,-1,1,-1,-1,-1,-1,-1,-1,-1,1,-1,-1,-1,1,-1,-1,1,-1,-1,-1,-1,-1,1,1,-1,-1,-1,-1,-1,1,-1,-1,-1,1,-1,-1,1,-1,1,-1,-1,-1,-1,-1,-1,-1,1,-1,-1,-1,1,1,1,-1,-1,1,-1,-1,-1,-1,-1,1,-1,-1,1,1,1,-1,-1,-1,-1,1,-1,1,1,-1,1,-1,-1,1,1,-1,-1,-1,-1,-1,-1,1,1,-1,-1,1,-1,1,1,-1,-1,-1,1,-1,1,1,-1,-1,1,-1,-1,1,1,1,-1,1,-1,1,1,1,-1,-1,1,-1,-1,1,1,1,-1,1,-1,-1,1,1,-1,1,1,-1,-1,1,1,-1,1,1,-1,-1,1,1,-1,1,1,-1,-1,1,1,1,1,-1,1,-1,-1,1,1,-1,1,-1,-1,1,-1,1,1,1,1,-1,-1,1,-1,1,1,1,-1,1,1,1,1,-1,1,-1,1,1,1,1,1,1,1,-1,1,1,1,1,-1,1,-1,1,1,1,1,1,-1,1,1,1,1,-1,1,1,-1,1,1,-1,1,1,-1,-1,1,1,1,1,-1,1,-1,1,1,1,-1,-1,1,-1,1,1,1,-1,1,-1,-1,-1,1,1,-1,-1,1,-1,-1,1,1,1,-1,1,-1,-1,1,1,1,-1,1,-1,-1,1,1,-1,-1,-1,1,-1,-1,1,-1,1,1,-1,1,1,-1,-1,1,1,-1,-1,1,1,-1,1,1,-1,1,1,-1,-1,-1,-1,1,-1,-1,-1,-1,1,-1,-1,1,1,-1,1,1,-1,1,1,1,1,-1,1,-1,1,1,1,1,-1,1,-1,-1,1,1,1,-1,1,-1,1,1,1,1,-1,1,-1,1,1,-1,-1,-1,1,-1,-1,1,1,-1,-1,-1,1,-1,1,-1,1,-1,1,-1,-1,1,-2670.0,1,2000,445,1000,False
1007,1,1,-1,-1,1,-1,1,-1,1,1,1,-1,1,1,1,1,-1,1,-1,-1,1,-1,1,1,1,-1,-1,-1,1,1,1,1,1,-1,-1,-1,1,-1,1,1,-1,-1,-1,1,1,1,1,-1,1,1,1,1,-1,1,-1,-1,1,-1,1,1,1,-1,-1,-1,1,1,1,1,-1,-1,-1,1,1,1,1,-1,-1,-1,1,1,1,-1,-1,-1,1,1,1,1,-1,-1,-1,1,1,1,1,-1,-1,1,1,-1,1,1,-1,-1,1,1,1,1,1,-1,-1,1,1,-1,1,1,-1,-1,1,1,1,1,1,1,-1,1,1,1,-1,1,1,-1,1,1,1,1,1,1,-1,-1,1,1,1,1,1,-1,1,1,1,1,1,1,-1,-1,-1,1,1,1,1,-1,1,1,1,1,-1,1,-1,1,-1,1,1,1,-1,-1,1,1,1,1,1,-1,1,-1,-1,1,-1,1,-1,1,1,1,1,1,1,1,1,1,-1,1,-1,1,-1,1,1,-1,1,-1,1,1,-1,1,-1,1,-1,1,-1,1,1,-1,1,-1,1,1,1,1,-1,-1,1,1,-1,-1,1,-1,1,-1,-1,1,-1,1,-1,1,-1,1,-1,1,1,-1,1,-1,1,1,-1,1,-1,1,1,1,-1,1,1,-1,1,-1,1,-1,1,-1,1,-1,1,1,-1,1,-1,-1,-1,1,1,-1,1,-1,-1,-1,1,1,-1,-1,1,1,-1,-1,1,1,-1,1,1,-1,1,1,1,1,-1,1,-1,1,1,-1,1,-1,1,1,-1,1,1,1,1,1,-1,-1,1,-1,-1,-1,1,1,-1,1,1,1,-1,1,-1,-1,1,1,1,1,1,-1,1,1,1,-1,1,1,-1,1,1,1,-1,1,1,-1,-1,1,1,1,-1,1,-1,1,1,1,-1,1,1,-1,1,1,1,-1,1,-1,-1,1,1,1,-1,1,-1,-1,-1,1,1,-1,1,-1,-1,1,-1,1,-1,1,1,-1,-1,1,1,1,-1,1,-1,-1,1,1,-1,1,-1,-1,-1,-1,-1,-1,1,1,-1,-1,1,1,-1,1,-1,-1,-1,1,1,1,1,-1,-1,1,1,1,-1,1,-1,-1,-1,-1,1,1,-1,1,-1,-1,1,-1,1,-1,-1,-1,-1,-1,-1,1,-1,1,-1,1,-1,1,1,-1,-1,-1,1,1,-1,1,-1,1,-1,-1,1,-1,1,-1,-1,-1,-1,1,-1,-1,1,1,-1,-1,1,-1,1,1,-1,1,-1,1,-1,1,-1,1,-1,1,1,-1,1,-1,-1,-1,1,1,-1,1,-1,1,-1,1,-1,1,1,-1,1,-1,1,-1,-1,1,-1,-1,-1,1,-1,1,-1,-1,1,-1,1,-1,-1,1,-1,-1,1,-1,1,-1,1,-1,1,-1,1,1,-1,1,-1,1,-1,1,-1,-1,1,-1,1,1,-1,1,-1,-1,1,1,-1,-1,1,-1,-1,1,1,1,1,1,1,-1,1,1,1,-1,1,1,1,-1,-1,-1,1,-1,-1,1,1,1,-1,1,-1,1,-1,-1,-1,1,1,-1,1,1,-1,-1,-1,1,-1,1,1,-1,1,-1,1,-1,-1,-1,-1,-1,-1,1,-1,-1,-1,-1,-1,-1,1,-1,1,1,1,1,-1,1,-1,1,1,-1,-1,-1,1,-1,-1,1,-1,1,-1,-1,1,1,1,1,-1,-1,1,1,1,1,-1,1,-1,-1,1,1,1,-1,-1,-1,-1,1,1,1,-1,1,-1,1,-1,1,-1,1,1,-1,-1,1,1,1,-1,-1,-1,-1,1,1,1,1,-1,-1,-1,1,1,1,1,-1,-1,-1,1,1,1,-1,-1,-1,1,1,1,1,1,-1,-1,-1,1,1,1,1,-1,-1,-1,1,1,-1,1,-1,-1,-1,1,1,1,1,-1,-1,1,1,1,1,1,-1,1,1,-1,1,1,-1,-1,-1,1,1,1,1,1,-1,1,1,1,1,1,1,-1,-1,1,-1,1,-1,1,-1,-1,1,-1,1,1,-1,-1,-1,1,-1,1,1,-1,1,-1,1,1,1,-1,1,1,-1,1,-1,1,-1,-1,-1,-1,1,1,-1,-1,-1,-1,-1,1,-1,1,-1,-1,-1,-1,-1,-1,-1,1,-1,-1,-1,1,-1,-1,1,-1,-1,-1,-1,-1,-1,1,-1,-1,-1,-1,-1,1,-1,-1,-1,1,-1,-1,1,-1,1,-1,-1,-1,-1,-1,-1,-1,1,-1,-1,-1,1,1,-1,-1,-1,1,-1,-1,-1,-1,-1,1,-1,-1,1,-1,1,-1,-1,-1,-1,1,-1,1,1,-1,1,-1,-1,1,1,-1,-1,-1,-1,-1,-1,1,1,-1,-1,1,-1,1,1,-1,-1,-1,1,-1,1,1,-1,-1,1,-1,-1,1,1,1,-1,1,-1,1,1,1,-1,-1,1,-1,-1,1,1,1,-1,1,-1,-1,1,1,-1,1,1,-1,-1,1,1,-1,1,1,-1,-1,1,1,1,1,1,-1,-1,1,1,1,1,1,1,-1,1,1,1,-1,1,-1,-1,1,-1,1,1,1,1,-1,-1,1,-1,1,1,1,-1,1,1,1,1,-1,1,-1,1,1,1,1,1,1,1,-1,-1,1,1,1,-1,1,-1,1,1,1,1,1,-1,1,1,1,1,-1,1,1,-1,1,1,-1,1,1,-1,-1,1,1,1,1,-1,1,-1,1,1,1,-1,-1,1,-1,1,1,1,-1,1,-1,-1,-1,1,1,-1,-1,1,-1,-1,1,1,-1,-1,1,-1,1,1,1,1,-1,-1,-1,-1,1,1,-1,-1,-1,1,1,-1,1,-1,1,1,-1,1,1,-1,-1,1,1,-1,-1,1,1,-1,1,1,1,1,1,-1,-1,-1,-1,1,-1,-1,-1,-1,-1,1,1,1,1,-1,1,1,-1,1,1,1,1,-1,1,-1,1,1,1,1,-1,1,-1,1,1,1,1,-1,1,-1,1,1,1,1,-1,1,-1,1,1,-1,-1,-1,1,-1,1,1,1,-1,-1,-1,1,-1,1,-1,1,-1,1,-1,1,1,-2670.0,1,2000,445,1000,False
1008,1,1,-1,-1,1,1,-1,-1,1,1,1,-1,1,1,1,1,-1,1,-1,-1,-1,-1,1,1,1,-1,-1,-1,1,1,1,1,1,-1,-1,-1,1,1,1,1,-1,-1,-1,1,1,1,1,-1,1,1,1,1,-1,1,-1,-1,1,-1,1,1,1,-1,-1,-1,1,1,1,1,-1,-1,-1,1,1,1,1,-1,-1,-1,1,1,1,-1,-1,-1,1,1,1,1,-1,-1,-1,1,1,1,1,-1,-1,1,1,-1,1,1,-1,-1,1,1,1,1,1,-1,-1,1,1,1,1,1,-1,-1,1,1,1,1,1,1,-1,1,1,1,-1,1,1,-1,1,1,1,1,1,1,-1,-1,1,1,1,1,1,-1,1,1,1,1,1,1,-1,-1,-1,1,1,1,1,-1,1,1,1,1,-1,1,-1,1,-1,1,1,1,-1,-1,1,1,1,1,1,-1,1,-1,-1,1,-1,1,-1,1,1,1,1,1,1,1,1,1,-1,1,-1,1,-1,1,1,-1,1,-1,1,1,-1,1,-1,1,-1,1,-1,1,1,-1,1,-1,1,1,1,1,-1,-1,1,1,-1,-1,1,-1,1,-1,1,1,-1,1,-1,1,-1,1,-1,-1,1,-1,-1,-1,1,1,-1,1,-1,1,1,1,-1,1,1,-1,1,-1,1,-1,1,-1,1,-1,1,1,-1,1,-1,-1,-1,1,1,-1,1,-1,-1,-1,1,1,-1,-1,1,1,-1,-1,1,1,-1,1,1,-1,1,1,1,1,-1,1,-1,1,1,-1,1,-1,1,-1,1,1,1,1,1,1,-1,-1,1,-1,-1,-1,1,1,-1,1,1,1,-1,1,1,1,1,1,1,-1,1,-1,1,1,1,-1,1,1,-1,1,1,1,-1,1,1,-1,-1,1,1,1,-1,1,-1,1,1,1,-1,1,1,-1,1,1,1,-1,1,1,-1,1,1,1,-1,1,1,-1,-1,1,1,-1,1,1,-1,1,-1,1,-1,1,1,1,-1,1,1,1,1,1,1,-1,1,1,-1,1,1,1,-1,-1,-1,-1,1,1,1,-1,1,1,-1,1,1,-1,-1,1,1,1,1,1,-1,1,1,1,-1,1,1,1,1,-1,1,1,1,-1,1,-1,1,1,1,1,1,1,-1,-1,-1,1,-1,-1,1,1,-1,1,1,1,1,1,1,1,-1,1,-1,-1,1,-1,1,-1,1,1,1,1,1,1,-1,-1,1,-1,1,1,1,-1,1,1,1,-1,1,1,-1,-1,1,-1,1,1,1,-1,1,1,1,1,1,1,-1,1,-1,-1,1,1,-1,-1,1,-1,-1,1,1,-1,-1,1,-1,1,1,1,-1,-1,1,-1,-1,1,1,-1,-1,1,-1,1,1,1,1,-1,1,-1,-1,-1,1,1,-1,-1,-1,1,-1,1,-1,-1,1,-1,-1,1,-1,1,-1,-1,1,-1,1,-1,1,-1,-1,1,-1,-1,1,1,1,-1,1,-1,1,-1,-1,-1,1,-1,-1,-1,1,-1,-1,1,1,1,-1,1,-1,1,1,1,-1,1,1,-1,1,-1,1,-1,-1,1,-1,-1,1,1,1,-1,1,-1,-1,1,1,-1,-1,1,-1,-1,1,1,-1,-1,1,-1,-1,-1,1,1,-1,1,1,-1,-1,1,-1,-1,1,-1,1,-1,1,1,-1,-1,1,-1,-1,-1,-1,-1,1,1,1,-1,1,1,-1,-1,1,-1,1,-1,-1,-1,1,1,-1,-1,-1,-1,-1,1,1,-1,1,1,1,-1,-1,1,1,-1,-1,-1,-1,1,1,-1,-1,1,-1,-1,-1,1,1,-1,-1,-1,-1,-1,1,-1,-1,1,-1,-1,1,1,1,-1,1,-1,-1,-1,1,1,-1,-1,-1,-1,-1,1,1,1,-1,-1,-1,-1,1,1,-1,-1,-1,-1,1,1,1,1,-1,-1,1,1,1,1,1,-1,-1,-1,1,1,1,1,1,-1,1,1,1,1,-1,1,-1,-1,1,-1,1,-1,1,-1,-1,1,-1,1,-1,-1,-1,-1,1,-1,1,-1,1,-1,-1,1,-1,1,-1,1,-1,-1,1,-1,1,-1,-1,-1,-1,1,1,-1,-1,-1,-1,-1,1,-1,1,-1,-1,-1,-1,-1,-1,-1,1,-1,-1,-1,1,-1,-1,1,-1,-1,-1,-1,-1,1,1,-1,-1,-1,-1,-1,1,-1,-1,-1,1,-1,-1,1,-1,1,-1,-1,-1,-1,-1,-1,-1,1,-1,-1,-1,1,1,-1,-1,-1,-1,1,-1,-1,-1,-1,1,-1,-1,1,-1,1,-1,-1,-1,-1,1,-1,1,1,-1,1,-1,-1,1,1,-1,-1,-1,-1,-1,-1,1,1,-1,-1,1,-1,1,1,-1,-1,-1,1,-1,1,1,-1,-1,1,-1,-1,1,1,1,-1,1,-1,1,1,1,-1,-1,1,-1,-1,1,1,1,-1,1,-1,-1,1,1,-1,1,1,-1,-1,1,1,-1,1,1,-1,-1,1,1,1,1,1,-1,-1,1,1,1,1,-1,1,-1,-1,1,1,-1,1,-1,-1,1,-1,1,1,1,1,-1,-1,1,-1,1,1,1,-1,1,1,1,1,-1,1,-1,1,1,1,1,1,1,1,-1,1,1,1,1,-1,1,-1,1,1,1,1,1,-1,1,1,1,1,-1,1,1,-1,1,1,-1,1,1,-1,-1,1,1,1,1,-1,1,-1,1,1,1,-1,-1,1,-1,1,1,1,-1,1,-1,-1,-1,1,1,-1,-1,1,-1,-1,1,1,-1,-1,1,-1,-1,1,1,1,-1,1,-1,-1,1,1,-1,-1,-1,1,-1,1,1,-1,1,1,-1,1,1,-1,-1,1,-1,-1,-1,1,1,-1,1,1,-1,1,1,-1,-1,-1,-1,1,-1,-1,-1,-1,1,-1,-1,1,1,-1,1,1,-1,1,1,1,1,-1,1,-1,1,1,1,1,-1,1,-1,-1,1,1,1,-1,1,-1,1,1,1,1,-1,1,-1,1,1,1,-1,-1,1,-1,-1,1,1,-1,-1,-1,1,-1,1,-1,1,-1,1,-1,-1,1,-2670.0,1,2000,445,1000,False
1009,1,1,-1,-1,1,1,-1,-1,1,1,1,-1,1,1,1,1,-1,1,-1,-1,-1,-1,1,1,1,1,-1,-1,1,1,1,1,-1,-1,-1,-1,1,-1,1,1,-1,-1,-1,1,1,1,1,-1,1,1,1,1,-1,1,-1,-1,1,-1,1,1,1,-1,-1,-1,1,1,1,1,-1,-1,-1,1,1,1,1,-1,-1,-1,1,1,1,-1,-1,-1,1,1,1,1,-1,-1,-1,1,1,1,1,-1,-1,1,1,-1,1,1,-1,-1,1,1,1,1,1,-1,-1,-1,1,-1,1,1,-1,-1,1,1,1,1,1,1,-1,-1,1,1,-1,1,1,-1,1,1,1,1,1,1,-1,1,1,1,1,1,1,-1,1,1,1,1,1,1,-1,-1,-1,1,1,1,1,-1,1,1,1,1,-1,1,-1,1,-1,1,1,1,-1,-1,1,1,1,1,1,-1,1,-1,-1,1,-1,1,-1,1,1,1,1,1,1,1,1,1,-1,1,-1,1,-1,1,1,-1,1,-1,1,1,-1,1,-1,1,-1,1,-1,1,1,-1,1,-1,1,1,1,1,-1,-1,1,1,-1,-1,1,-1,1,-1,1,1,-1,1,-1,1,-1,1,-1,-1,1,-1,-1,-1,1,1,-1,1,-1,1,1,1,-1,1,1,-1,1,-1,1,-1,1,-1,1,-1,1,1,-1,1,-1,-1,-1,1,1,-1,1,-1,-1,-1,1,1,-1,-1,1,1,-1,-1,1,1,-1,1,1,-1,1,1,1,1,-1,1,-1,1,1,-1,1,-1,1,-1,1,1,1,1,1,1,-1,-1,1,-1,-1,-1,1,1,-1,1,1,1,-1,1,1,1,1,1,1,1,1,-1,1,1,1,-1,1,1,-1,1,1,1,-1,1,1,-1,-1,1,1,1,-1,1,-1,1,1,1,-1,1,1,-1,1,1,1,-1,1,1,-1,1,1,1,-1,1,1,-1,-1,1,1,-1,1,1,-1,1,-1,1,-1,1,1,1,-1,1,1,1,-1,1,1,-1,1,1,-1,1,1,1,-1,-1,-1,-1,1,1,1,-1,1,1,-1,1,1,-1,-1,1,1,1,1,1,-1,1,1,1,-1,1,1,1,1,-1,1,1,1,-1,1,-1,1,1,1,1,1,1,-1,-1,-1,1,-1,-1,1,1,-1,1,1,-1,1,1,1,1,-1,1,-1,-1,1,-1,1,-1,1,1,1,1,1,1,-1,-1,1,-1,1,1,1,-1,1,1,1,-1,1,1,-1,-1,1,-1,1,1,1,-1,1,1,1,1,1,1,-1,1,-1,-1,1,1,-1,-1,1,-1,1,1,1,-1,-1,1,-1,1,1,1,-1,-1,1,-1,-1,1,1,-1,-1,1,-1,1,1,1,1,-1,1,-1,-1,1,1,1,-1,-1,-1,1,1,1,-1,-1,1,-1,-1,1,-1,1,-1,-1,1,-1,1,-1,1,1,-1,1,-1,-1,1,1,1,-1,1,-1,1,-1,-1,1,1,-1,-1,-1,1,-1,-1,1,1,1,-1,1,-1,1,1,1,-1,1,1,-1,-1,-1,1,-1,-1,1,-1,-1,1,1,1,-1,1,-1,-1,1,1,-1,-1,1,-1,-1,1,1,-1,-1,1,-1,-1,-1,1,1,-1,1,1,-1,-1,1,-1,-1,1,-1,1,-1,1,1,-1,-1,1,-1,-1,-1,-1,-1,1,1,1,-1,-1,1,-1,-1,1,-1,-1,1,-1,-1,1,1,-1,-1,1,1,-1,1,1,-1,1,-1,1,-1,-1,1,1,-1,-1,-1,-1,1,1,-1,-1,1,-1,-1,-1,1,1,-1,-1,-1,-1,-1,1,-1,-1,-1,-1,-1,1,1,1,-1,-1,-1,-1,-1,1,1,-1,-1,-1,-1,-1,1,1,1,-1,-1,-1,-1,1,1,-1,-1,-1,-1,1,1,1,1,-1,-1,1,1,1,1,1,-1,-1,-1,1,1,1,1,1,-1,1,1,1,1,-1,1,-1,-1,1,-1,1,-1,1,-1,-1,1,-1,1,-1,-1,-1,-1,1,-1,1,-1,1,1,-1,1,-1,1,-1,1,1,-1,1,-1,1,-1,-1,-1,-1,1,1,-1,-1,-1,-1,-1,1,-1,1,-1,-1,-1,-1,-1,-1,-1,1,-1,-1,-1,1,-1,-1,1,-1,-1,-1,-1,-1,-1,1,-1,-1,-1,-1,-1,1,-1,-1,-1,1,-1,-1,1,-1,1,-1,-1,-1,-1,-1,-1,-1,1,-1,-1,-1,1,1,1,-1,-1,-1,1,-1,-1,-1,-1,1,-1,-1,1,-1,1,-1,-1,-1,-1,1,-1,1,1,-1,1,-1,-1,1,1,-1,-1,-1,-1,-1,-1,1,1,-1,-1,1,-1,1,1,-1,-1,-1,1,-1,-1,1,-1,-1,1,-1,-1,1,1,1,-1,1,-1,1,1,1,-1,-1,1,-1,-1,1,1,1,-1,1,-1,-1,1,1,-1,1,1,-1,-1,1,1,-1,1,1,-1,-1,1,1,-1,1,1,-1,-1,1,1,1,1,-1,1,-1,-1,1,1,-1,1,-1,-1,1,-1,1,1,1,1,-1,-1,1,-1,1,1,1,-1,1,1,1,1,-1,1,-1,1,1,1,1,1,1,1,-1,1,1,1,1,-1,1,-1,1,1,1,1,1,-1,1,1,1,1,-1,1,1,-1,1,1,-1,1,1,-1,-1,1,1,1,1,-1,1,-1,1,1,1,-1,-1,1,-1,1,1,1,-1,1,-1,-1,-1,1,1,-1,-1,1,-1,-1,1,1,-1,-1,1,-1,-1,1,1,1,-1,-1,-1,-1,1,1,-1,-1,-1,1,-1,1,1,-1,1,1,-1,1,1,-1,-1,1,1,-1,-1,1,1,-1,1,1,-1,1,1,-1,-1,-1,-1,1,-1,-1,-1,-1,-1,-1,-1,1,1,-1,1,1,-1,1,1,1,1,-1,1,-1,1,1,1,-1,-1,1,-1,-1,1,1,-1,-1,1,-1,1,1,1,-1,-1,1,-1,1,1,1,1,-1,1,-1,-1,1,1,-1,-1,-1,1,-1,1,-1,1,-1,1,-1,-1,1,-2670.0,1,2000,445,1000,False
1010,-1,-1,1,1,1,1,-1,1,-1,-1,-1,1,-1,1,-1,-1,1,-1,1,1,-1,1,-1,-1,-1,1,-1,-1,1,-1,-1,-1,1,1,-1,-1,1,-1,-1,-1,1,-1,-1,-1,-1,-1,1,1,-1,1,-1,-1,1,1,1,-1,1,-1,-1,-1,1,1,1,1,-1,1,-1,1,1,-1,1,-1,-1,-1,1,-1,-1,-1,1,-1,-1,1,1,-1,1,-1,-1,1,1,1,-1,1,-1,1,-1,1,-1,1,1,1,1,1,1,-1,1,1,-1,1,1,1,-1,1,1,-1,1,1,1,-1,1,1,-1,1,1,1,-1,1,1,-1,1,1,1,-1,1,1,-1,1,1,1,-1,-1,1,-1,1,1,1,-1,1,1,1,-1,1,1,-1,-1,-1,1,-1,1,1,-1,1,-1,1,1,1,1,-1,1,1,-1,1,1,1,-1,1,1,-1,1,1,1,1,-1,-1,1,1,1,-1,1,1,1,1,1,1,1,1,1,-1,1,1,1,-1,1,1,-1,1,1,1,1,-1,1,1,-1,1,1,-1,1,1,-1,1,1,1,1,1,1,-1,-1,1,1,-1,-1,1,-1,1,1,-1,1,1,1,-1,1,1,1,-1,1,1,-1,-1,1,-1,1,-1,1,-1,1,1,1,-1,1,1,-1,1,-1,1,-1,1,-1,1,-1,-1,1,-1,1,-1,-1,1,1,1,-1,1,-1,1,-1,1,1,-1,-1,1,1,-1,1,1,1,-1,1,1,-1,-1,-1,1,-1,-1,1,-1,-1,-1,1,1,-1,1,1,1,-1,1,-1,-1,1,-1,-1,-1,-1,1,-1,-1,1,-1,-1,1,1,-1,1,-1,1,-1,1,-1,-1,1,-1,-1,1,1,1,-1,1,-1,-1,1,1,-1,1,1,-1,1,-1,1,-1,1,1,-1,1,1,1,1,1,1,-1,-1,1,1,1,1,-1,-1,-1,1,1,1,1,-1,-1,1,-1,1,1,1,-1,-1,1,-1,1,-1,1,1,-1,1,-1,1,1,1,1,-1,-1,1,1,1,1,-1,-1,1,1,-1,-1,1,1,-1,1,-1,1,-1,1,-1,1,1,-1,1,1,1,-1,1,1,-1,1,-1,1,-1,-1,1,-1,1,1,1,1,-1,1,1,-1,1,1,-1,-1,1,-1,-1,1,-1,1,-1,-1,1,-1,-1,1,-1,-1,-1,1,-1,1,-1,1,-1,-1,1,-1,1,1,-1,-1,-1,1,-1,-1,1,1,-1,-1,1,-1,1,1,-1,1,-1,1,-1,1,1,1,-1,-1,-1,-1,1,1,-1,1,-1,1,-1,1,-1,1,-1,-1,-1,1,1,-1,1,-1,-1,-1,-1,1,-1,-1,-1,-1,-1,-1,1,-1,1,-1,1,-1,-1,1,-1,-1,1,-1,-1,-1,1,1,1,-1,1,-1,-1,1,-1,1,-1,1,-1,-1,1,-1,1,1,1,-1,-1,-1,1,1,-1,1,-1,-1,-1,1,1,1,-1,1,1,-1,1,1,1,1,1,1,1,-1,-1,1,-1,1,-1,1,-1,-1,1,1,-1,1,-1,-1,-1,1,1,-1,1,1,-1,-1,-1,1,-1,1,1,-1,-1,-1,1,-1,-1,-1,-1,1,-1,1,-1,-1,-1,-1,-1,-1,1,-1,1,1,1,1,-1,1,-1,1,1,-1,1,-1,1,-1,-1,1,-1,1,-1,-1,1,1,1,1,1,1,-1,1,1,1,-1,1,-1,1,1,1,1,-1,-1,-1,1,1,1,1,-1,1,-1,1,-1,1,-1,1,1,-1,-1,1,1,1,-1,1,-1,-1,1,1,1,1,1,1,-1,1,1,1,1,1,1,-1,1,-1,1,-1,1,1,-1,1,1,1,1,1,1,-1,1,-1,1,1,1,1,-1,1,1,-1,1,1,1,1,1,1,1,1,1,1,-1,1,1,-1,-1,1,-1,-1,1,1,1,-1,1,-1,-1,1,-1,1,1,1,-1,-1,1,-1,1,-1,-1,1,-1,1,-1,1,-1,1,-1,-1,1,-1,1,1,1,-1,-1,1,-1,1,-1,1,-1,-1,1,-1,1,-1,1,-1,-1,1,1,1,1,1,-1,1,1,-1,1,1,1,1,-1,1,-1,1,-1,1,-1,-1,1,1,-1,1,1,-1,1,1,1,-1,1,1,1,-1,1,-1,-1,1,1,-1,1,1,-1,1,-1,-1,1,-1,1,1,-1,1,1,-1,-1,1,1,-1,1,1,-1,-1,-1,1,1,1,1,-1,1,1,1,-1,1,1,-1,-1,1,-1,1,1,1,-1,-1,-1,1,-1,1,1,-1,1,-1,-1,1,1,1,-1,-1,-1,-1,-1,1,-1,-1,-1,1,-1,1,1,-1,-1,-1,1,-1,1,1,1,-1,1,-1,-1,1,1,-1,-1,1,-1,1,1,1,-1,-1,1,-1,-1,1,1,-1,-1,1,-1,-1,1,1,-1,1,1,-1,-1,1,1,-1,-1,1,-1,-1,1,1,-1,-1,1,-1,-1,1,1,-1,-1,-1,1,-1,1,1,-1,-1,1,-1,-1,1,-1,-1,-1,1,1,-1,-1,1,-1,1,-1,1,-1,1,1,-1,1,-1,1,-1,1,1,-1,1,1,1,-1,-1,-1,-1,1,1,-1,1,-1,1,-1,1,1,-1,1,-1,1,1,1,-1,-1,1,-1,1,1,-1,1,-1,-1,-1,1,-1,1,-1,1,-1,-1,1,-1,1,-1,-1,-1,-1,1,-1,1,-1,1,-1,-1,-1,1,1,-1,1,-1,-1,-1,-1,1,-1,1,-1,1,-1,-1,1,1,1,1,-1,-1,1,1,-1,-1,1,1,-1,1,1,-1,1,-1,-1,1,1,-1,-1,1,-1,-1,-1,-1,1,-1,1,1,-1,1,1,-1,-1,-1,-1,1,-1,-1,-1,-1,1,-1,-1,1,1,-1,1,1,-1,1,1,1,1,-1,1,-1,1,1,1,1,-1,1,-1,-1,1,1,1,-1,1,-1,1,1,1,1,-1,1,-1,1,1,1,-1,-1,1,-1,-1,1,1,-1,-1,-1,1,-1,1,1,1,-1,1,-1,-1,1,-2670.0,1,2000,445,1500,True
1011,1,1,-1,-1,1,1,-1,-1,1,1,1,-1,-1,1,1,1,-1,1,-1,-1,-1,-1,1,1,1,1,-1,-1,1,1,1,1,-1,-1,-1,-1,1,1,1,1,-1,-1,-1,1,1,1,1,-1,1,1,1,1,-1,1,-1,-1,1,-1,1,1,1,-1,-1,-1,1,1,1,1,-1,-1,-1,1,1,1,1,-1,-1,-1,1,1,1,-1,-1,-1,1,1,1,1,-1,-1,-1,1,1,1,1,-1,-1,1,1,-1,1,1,-1,-1,1,1,1,1,1,-1,-1,1,1,-1,1,1,-1,-1,1,1,1,1,1,1,-1,1,1,1,-1,1,1,-1,1,1,1,1,1,1,-1,-1,1,1,1,1,1,-1,1,1,1,1,1,1,-1,-1,-1,1,1,1,1,-1,1,1,1,1,-1,1,-1,1,1,1,1,1,-1,-1,1,1,1,1,1,-1,1,-1,-1,1,-1,1,-1,1,1,1,1,1,1,1,1,1,-1,1,-1,1,-1,1,1,-1,1,-1,1,1,-1,1,-1,1,-1,1,-1,1,1,-1,1,-1,1,1,1,1,-1,-1,1,1,-1,-1,1,-1,1,-1,1,1,-1,1,-1,1,-1,1,-1,1,1,-1,-1,-1,1,1,-1,1,-1,1,1,1,-1,1,1,-1,1,-1,1,-1,1,-1,1,-1,1,1,-1,1,-1,-1,-1,1,1,-1,1,-1,-1,-1,1,1,-1,-1,1,1,-1,-1,1,1,-1,1,1,-1,1,1,1,1,-1,1,-1,1,1,-1,1,-1,1,-1,1,1,1,1,1,1,-1,-1,1,-1,-1,-1,1,1,-1,1,1,1,-1,1,1,1,1,1,1,-1,1,-1,1,1,1,-1,1,1,-1,1,1,1,-1,1,1,-1,-1,1,1,1,-1,1,-1,1,1,1,-1,1,1,-1,1,1,1,-1,1,1,-1,1,1,1,-1,1,1,-1,-1,1,1,-1,1,1,-1,1,-1,1,-1,1,1,1,-1,1,1,1,-1,1,1,-1,1,1,-1,1,1,1,-1,-1,-1,-1,1,1,1,-1,1,1,-1,1,1,-1,-1,1,1,1,1,1,-1,1,1,1,-1,1,1,1,-1,-1,1,1,1,-1,1,-1,1,-1,1,1,1,1,-1,1,-1,1,-1,-1,1,1,-1,1,1,1,1,1,1,1,-1,1,-1,-1,1,-1,1,-1,1,-1,-1,1,1,1,-1,-1,1,-1,1,1,1,-1,1,1,1,-1,1,1,-1,1,-1,-1,1,1,1,1,-1,-1,1,1,1,1,-1,1,-1,1,1,1,-1,1,1,-1,-1,1,1,-1,-1,1,-1,1,1,1,-1,1,-1,1,-1,1,1,-1,-1,1,-1,1,1,1,1,-1,1,-1,-1,-1,1,1,-1,-1,-1,1,-1,1,-1,-1,1,-1,-1,1,-1,1,-1,-1,1,-1,1,-1,1,-1,-1,1,-1,-1,1,1,1,-1,1,-1,1,-1,1,-1,1,-1,-1,-1,1,-1,-1,1,1,1,-1,1,-1,1,1,1,-1,1,1,-1,1,-1,1,-1,1,1,-1,-1,1,1,1,-1,1,-1,-1,1,1,-1,-1,1,-1,-1,1,1,-1,-1,1,-1,-1,-1,1,1,-1,1,1,-1,-1,1,-1,-1,1,-1,1,-1,1,1,-1,-1,1,-1,-1,-1,-1,-1,-1,1,1,-1,1,1,-1,1,1,-1,-1,-1,-1,-1,1,1,-1,-1,-1,1,-1,1,1,-1,1,1,1,-1,-1,1,1,-1,-1,-1,-1,-1,1,-1,-1,1,-1,-1,-1,1,1,-1,-1,-1,-1,-1,1,-1,-1,1,-1,-1,1,1,1,-1,1,-1,-1,-1,1,1,-1,-1,-1,-1,-1,1,1,1,-1,-1,-1,-1,1,1,-1,-1,-1,-1,1,1,1,1,-1,-1,1,1,1,1,1,-1,-1,-1,1,1,1,-1,1,-1,1,1,1,1,-1,1,-1,-1,1,-1,1,-1,1,-1,-1,1,-1,1,-1,-1,-1,-1,1,-1,1,-1,1,-1,-1,1,-1,1,-1,1,-1,-1,1,-1,1,-1,-1,-1,-1,1,1,-1,-1,-1,-1,-1,1,-1,1,-1,-1,-1,-1,-1,-1,-1,1,-1,-1,-1,1,-1,-1,1,-1,-1,-1,-1,-1,-1,1,-1,-1,-1,-1,-1,1,-1,-1,-1,1,-1,-1,1,-1,1,-1,-1,-1,-1,-1,-1,-1,1,-1,-1,-1,1,1,-1,-1,-1,-1,1,-1,-1,-1,-1,1,-1,-1,1,1,1,-1,-1,-1,-1,1,1,1,1,-1,1,-1,-1,-1,1,-1,-1,-1,-1,-1,-1,1,1,-1,-1,1,-1,1,1,-1,-1,-1,1,-1,-1,1,-1,-1,1,-1,-1,1,1,1,-1,1,-1,1,1,1,-1,-1,1,-1,-1,1,1,1,-1,1,-1,-1,1,1,-1,1,1,-1,-1,1,1,-1,1,1,-1,-1,1,1,-1,1,1,-1,-1,1,1,1,1,1,1,-1,1,1,1,1,1,-1,-1,1,-1,1,1,1,1,-1,-1,1,-1,1,1,1,-1,1,1,1,1,-1,1,-1,1,1,1,1,1,1,1,-1,1,1,1,1,-1,1,-1,1,1,1,1,1,-1,1,1,1,1,-1,1,1,-1,1,1,-1,1,1,-1,-1,1,1,1,1,-1,1,-1,1,1,1,-1,-1,1,-1,1,1,1,-1,1,-1,-1,-1,1,1,-1,-1,1,-1,-1,1,1,-1,-1,1,-1,1,1,1,1,-1,1,-1,-1,1,1,-1,-1,-1,1,1,1,1,-1,1,1,-1,1,1,-1,-1,1,-1,-1,-1,1,1,-1,1,1,1,1,1,-1,-1,-1,-1,-1,-1,-1,-1,-1,1,-1,1,1,1,-1,1,1,-1,1,1,1,1,-1,1,-1,1,1,1,1,-1,1,-1,1,1,1,1,-1,1,-1,1,1,1,1,-1,1,-1,1,1,1,-1,-1,1,-1,-1,1,1,-1,-1,-1,1,-1,1,1,1,-1,1,-1,-1,1,-2670.0,1,2000,445,500,False
1012,-1,-1,1,1,1,1,-1,1,-1,-1,-1,1,-1,1,-1,-1,1,-1,1,1,-1,-1,-1,-1,-1,1,-1,-1,-1,-1,-1,-1,1,1,-1,-1,1,-1,-1,-1,1,-1,-1,-1,-1,-1,1,-1,1,1,-1,-1,1,-1,1,-1,-1,1,-1,-1,-1,1,1,1,-1,-1,-1,-1,-1,-1,-1,1,-1,-1,-1,-1,-1,-1,1,-1,-1,1,1,-1,1,-1,-1,-1,-1,1,-1,-1,-1,-1,-1,-1,-1,1,1,1,-1,-1,-1,-1,1,1,1,-1,-1,-1,-1,1,1,1,-1,-1,-1,-1,1,1,1,-1,-1,-1,-1,1,1,1,1,-1,-1,-1,1,1,1,-1,-1,-1,-1,-1,1,1,1,-1,-1,-1,1,1,1,1,-1,-1,-1,-1,-1,1,1,1,-1,-1,1,1,1,1,-1,-1,-1,1,-1,1,-1,-1,-1,-1,1,1,1,1,-1,-1,1,-1,-1,1,-1,-1,-1,1,1,1,1,1,-1,1,1,1,1,1,1,-1,-1,1,1,-1,1,1,-1,-1,-1,1,-1,1,1,-1,-1,1,1,-1,1,1,-1,1,1,1,-1,-1,1,1,-1,-1,1,-1,1,1,-1,1,-1,1,-1,1,1,-1,-1,1,1,-1,-1,1,-1,-1,-1,1,-1,1,1,1,-1,1,1,-1,1,1,-1,-1,1,-1,1,-1,1,1,-1,1,-1,-1,1,1,-1,-1,1,-1,-1,-1,1,1,-1,-1,1,1,-1,1,-1,-1,-1,1,1,-1,1,-1,1,1,-1,1,-1,-1,1,-1,1,-1,1,1,-1,1,-1,-1,-1,1,-1,-1,1,1,-1,-1,1,1,-1,-1,1,1,-1,1,-1,-1,1,1,-1,1,1,-1,-1,1,-1,1,-1,1,-1,-1,1,-1,-1,1,1,-1,1,-1,1,1,-1,1,-1,1,1,1,-1,1,1,-1,-1,1,1,-1,1,-1,-1,-1,1,1,-1,1,-1,-1,1,-1,1,-1,1,-1,-1,1,-1,1,-1,1,1,-1,1,-1,1,1,-1,1,-1,-1,1,1,-1,1,-1,-1,1,1,-1,-1,1,1,-1,1,-1,1,-1,1,-1,1,1,-1,1,1,1,-1,1,1,-1,1,-1,1,-1,-1,1,-1,1,1,1,1,-1,1,1,1,1,1,-1,-1,1,-1,-1,1,-1,1,-1,-1,1,-1,1,1,-1,-1,-1,1,-1,1,-1,1,-1,-1,1,-1,1,1,-1,-1,-1,1,-1,-1,1,1,-1,-1,1,-1,1,1,-1,1,-1,1,-1,-1,1,1,-1,-1,-1,-1,1,1,-1,1,-1,1,-1,1,-1,1,-1,-1,-1,-1,1,-1,1,-1,-1,-1,-1,1,-1,-1,-1,-1,-1,-1,1,-1,1,-1,1,-1,-1,1,-1,-1,1,-1,-1,-1,1,1,1,-1,1,-1,-1,-1,1,1,-1,1,-1,-1,1,-1,1,1,1,-1,-1,-1,1,1,-1,1,-1,-1,-1,1,1,1,-1,1,1,-1,1,1,1,1,1,-1,1,-1,-1,-1,1,-1,-1,1,1,1,-1,1,-1,1,-1,-1,-1,1,1,-1,1,1,-1,1,-1,1,-1,1,1,-1,1,-1,1,-1,-1,-1,-1,1,-1,1,-1,-1,-1,-1,1,-1,1,-1,1,1,1,-1,-1,1,-1,1,1,-1,1,-1,1,-1,-1,1,-1,1,-1,-1,1,1,1,1,1,-1,1,1,1,1,-1,1,-1,-1,1,1,1,-1,-1,-1,1,1,1,1,-1,-1,-1,1,-1,1,-1,1,1,-1,-1,1,1,1,-1,-1,-1,-1,1,1,1,1,1,-1,-1,1,1,1,1,1,-1,-1,1,-1,1,-1,1,-1,1,1,1,1,1,1,-1,-1,1,-1,1,1,1,-1,-1,1,1,-1,1,1,-1,-1,1,1,1,1,1,1,-1,1,1,-1,-1,1,-1,-1,1,1,1,-1,1,-1,-1,1,-1,1,1,1,-1,-1,1,-1,1,-1,1,1,-1,1,-1,1,-1,1,-1,-1,1,-1,1,-1,1,1,-1,1,-1,1,-1,1,1,-1,1,-1,1,-1,1,1,1,-1,1,1,1,1,-1,1,1,-1,1,1,1,1,-1,1,-1,1,-1,1,1,-1,-1,1,-1,1,1,1,-1,-1,1,-1,1,1,1,1,1,-1,-1,1,1,1,-1,-1,-1,1,-1,1,1,1,-1,1,-1,1,1,1,1,-1,1,-1,1,1,1,1,-1,1,1,1,1,1,1,-1,1,-1,1,1,1,1,1,-1,1,1,1,1,-1,-1,1,-1,1,1,1,1,1,-1,1,1,1,1,1,1,-1,-1,1,-1,1,1,-1,-1,1,1,1,1,1,-1,-1,1,1,1,1,1,1,-1,1,1,-1,1,1,-1,1,1,1,1,1,1,-1,-1,1,1,1,1,1,-1,-1,1,1,1,1,1,1,-1,1,1,1,1,1,1,-1,1,1,1,1,1,1,-1,1,1,-1,1,1,1,-1,-1,1,1,1,1,1,-1,1,-1,-1,1,1,1,-1,-1,1,-1,1,1,1,-1,1,1,-1,1,-1,1,1,1,1,-1,1,1,1,1,-1,1,1,1,1,-1,1,-1,1,1,1,1,1,-1,1,1,1,1,-1,-1,1,-1,1,1,-1,1,1,-1,-1,1,-1,1,-1,1,1,-1,1,-1,1,-1,-1,1,-1,1,-1,1,-1,1,-1,-1,-1,1,1,-1,-1,1,-1,-1,-1,1,-1,-1,1,-1,-1,-1,1,1,1,-1,-1,-1,1,1,-1,-1,-1,1,-1,1,1,-1,1,1,-1,1,1,-1,-1,1,-1,-1,-1,-1,1,-1,1,1,-1,1,1,-1,-1,-1,-1,1,-1,-1,-1,-1,1,-1,-1,1,1,-1,1,1,-1,1,1,1,1,-1,1,-1,1,1,1,1,-1,1,-1,-1,-1,1,1,-1,1,-1,1,1,1,1,-1,1,-1,1,1,1,-1,-1,1,-1,-1,1,1,-1,-1,-1,1,-1,1,-1,1,-1,1,-1,-1,1,-2670.0,1,2000,445,1500,True
1013,-1,-1,1,1,1,1,-1,1,-1,-1,-1,1,-1,1,-1,-1,1,-1,1,1,1,-1,-1,-1,-1,1,-1,-1,-1,-1,-1,-1,1,1,-1,-1,1,-1,-1,-1,1,-1,-1,-1,-1,-1,-1,-1,1,1,-1,-1,1,-1,1,-1,-1,1,-1,-1,-1,1,1,1,-1,-1,-1,-1,-1,-1,-1,1,-1,-1,-1,-1,1,-1,1,-1,-1,1,1,-1,1,-1,-1,-1,-1,1,-1,-1,-1,-1,-1,-1,1,1,1,1,-1,-1,-1,-1,1,1,1,-1,-1,-1,-1,1,1,1,-1,-1,-1,-1,1,1,1,-1,-1,-1,-1,1,1,1,1,-1,-1,-1,1,1,1,-1,-1,-1,-1,1,1,1,1,-1,-1,-1,-1,1,1,-1,-1,-1,-1,1,-1,1,1,-1,-1,-1,1,1,1,-1,-1,-1,1,1,-1,1,-1,-1,-1,-1,1,1,1,-1,-1,-1,1,-1,-1,1,-1,-1,-1,1,1,1,1,1,-1,1,1,1,-1,1,-1,-1,-1,1,1,-1,1,1,-1,-1,-1,1,-1,1,-1,-1,-1,1,1,-1,1,-1,-1,1,1,1,-1,-1,1,-1,-1,-1,1,-1,1,1,-1,1,-1,1,-1,1,1,-1,-1,1,1,-1,-1,1,1,-1,-1,1,-1,1,1,1,-1,1,1,-1,1,1,-1,-1,1,-1,1,-1,1,-1,-1,1,-1,-1,1,-1,1,-1,1,-1,-1,-1,-1,1,-1,-1,1,1,-1,-1,-1,-1,-1,1,1,-1,1,-1,1,-1,-1,1,-1,1,1,-1,1,-1,1,1,-1,1,-1,-1,-1,1,-1,-1,1,-1,1,-1,1,1,-1,1,1,1,-1,1,-1,-1,1,1,-1,-1,1,-1,1,1,-1,1,-1,1,-1,1,1,1,-1,1,1,-1,1,-1,1,-1,1,1,-1,1,1,1,1,1,1,-1,1,1,1,1,1,-1,-1,1,1,1,1,1,-1,-1,1,1,1,1,1,-1,-1,-1,-1,1,-1,1,1,-1,1,1,1,1,1,1,-1,-1,-1,1,1,-1,-1,-1,1,-1,-1,-1,1,1,-1,1,-1,1,-1,1,-1,1,-1,1,1,1,1,-1,1,-1,1,1,-1,1,-1,-1,-1,-1,1,1,1,1,-1,-1,1,-1,1,1,-1,-1,1,-1,-1,1,-1,1,-1,1,-1,1,-1,1,-1,-1,1,1,-1,1,-1,1,-1,-1,1,-1,1,-1,-1,-1,-1,1,-1,-1,1,1,-1,-1,1,-1,1,1,-1,1,-1,1,-1,1,-1,1,-1,-1,1,-1,1,-1,-1,-1,1,1,-1,1,-1,1,-1,1,-1,1,1,-1,1,-1,1,-1,-1,1,-1,-1,-1,1,-1,1,-1,1,1,-1,1,-1,-1,1,-1,-1,1,-1,1,-1,1,-1,1,-1,1,1,-1,1,-1,1,-1,1,-1,-1,1,-1,1,1,1,1,-1,-1,1,1,-1,1,1,-1,-1,1,1,1,-1,1,1,-1,1,1,1,1,1,-1,1,-1,-1,-1,1,-1,-1,1,-1,1,-1,1,-1,1,-1,-1,-1,1,1,-1,1,1,-1,1,-1,1,-1,1,1,-1,1,-1,1,-1,-1,-1,-1,1,-1,1,-1,-1,-1,-1,1,-1,1,-1,1,1,1,1,-1,1,-1,1,1,-1,1,-1,1,-1,-1,1,-1,1,-1,-1,1,1,1,1,1,-1,1,1,1,1,-1,1,-1,-1,1,1,1,-1,-1,-1,1,1,1,1,-1,-1,-1,1,-1,1,-1,1,1,-1,-1,1,1,1,-1,-1,-1,-1,1,1,1,1,1,-1,-1,1,1,1,1,1,-1,-1,1,-1,1,-1,1,-1,1,1,1,1,1,1,-1,-1,1,-1,1,1,1,-1,-1,1,1,-1,1,1,-1,-1,1,1,1,1,1,1,-1,-1,1,-1,-1,1,-1,1,-1,1,1,-1,1,-1,1,1,-1,1,1,1,-1,-1,1,-1,1,-1,1,1,1,-1,1,-1,-1,1,1,-1,1,-1,1,1,1,1,-1,1,-1,1,-1,1,1,-1,1,-1,1,-1,1,1,1,-1,-1,1,-1,1,1,-1,-1,1,-1,-1,1,1,1,-1,1,-1,-1,1,1,-1,-1,-1,1,-1,1,1,-1,-1,-1,1,-1,1,1,1,1,1,1,-1,1,1,-1,-1,1,-1,-1,1,1,1,-1,1,-1,1,1,1,1,-1,-1,-1,-1,-1,1,1,-1,1,1,-1,1,1,1,-1,1,-1,-1,1,1,1,-1,1,1,1,1,1,1,-1,1,-1,1,1,1,1,1,-1,1,1,1,1,1,1,-1,-1,1,-1,1,1,1,-1,1,1,1,1,1,1,-1,1,1,1,1,1,1,-1,1,1,-1,1,1,-1,1,1,1,1,1,1,-1,-1,1,1,1,1,1,-1,-1,1,1,1,1,1,1,-1,1,1,1,1,1,1,-1,1,1,1,1,1,1,-1,1,1,-1,1,1,1,-1,1,1,-1,1,1,1,-1,1,-1,1,1,1,1,-1,-1,1,-1,1,1,1,-1,1,1,-1,1,-1,1,-1,1,1,-1,1,1,1,-1,-1,-1,1,1,1,-1,1,-1,1,1,1,1,-1,1,-1,1,1,1,-1,-1,1,-1,1,1,-1,1,-1,-1,-1,-1,-1,1,-1,1,-1,-1,1,-1,1,-1,-1,-1,-1,1,-1,1,-1,-1,-1,-1,-1,1,1,-1,1,-1,-1,-1,-1,1,-1,1,-1,-1,1,-1,1,1,1,1,-1,-1,1,-1,-1,-1,1,1,1,1,-1,-1,1,-1,-1,1,1,-1,-1,1,-1,-1,-1,-1,1,-1,1,1,1,1,-1,1,-1,-1,-1,1,-1,-1,-1,-1,1,-1,1,1,1,-1,1,1,-1,1,1,-1,-1,-1,1,-1,1,1,1,1,-1,1,-1,1,1,1,-1,-1,1,-1,1,1,1,1,-1,1,-1,1,1,-1,-1,-1,1,-1,-1,1,1,-1,-1,-1,1,-1,1,-1,1,-1,1,-1,-1,1,-2670.0,1,2000,445,1500,True
1014,-1,-1,1,1,1,1,-1,1,-1,-1,-1,1,-1,1,-1,-1,1,-1,1,1,-1,1,-1,-1,-1,1,-1,-1,1,-1,-1,-1,1,1,-1,-1,1,-1,-1,-1,1,-1,-1,-1,-1,-1,1,1,-1,1,-1,-1,1,1,1,-1,1,-1,-1,-1,1,1,1,1,-1,1,-1,1,1,-1,1,-1,-1,-1,1,-1,-1,-1,1,-1,-1,1,1,-1,1,-1,-1,1,1,1,-1,1,-1,1,-1,1,-1,1,1,1,1,1,1,-1,1,1,-1,1,1,1,-1,1,1,-1,1,1,1,-1,1,1,-1,1,1,1,-1,1,1,-1,1,1,-1,-1,1,1,-1,1,1,1,-1,-1,1,-1,1,1,1,-1,1,1,1,-1,1,1,-1,-1,-1,1,-1,1,1,-1,1,1,1,1,1,1,-1,1,1,-1,1,1,1,-1,1,1,-1,1,1,-1,1,-1,-1,1,1,1,-1,1,1,1,-1,-1,1,1,1,1,-1,1,1,1,-1,1,1,-1,1,1,1,1,-1,1,-1,-1,1,1,1,1,1,-1,1,1,1,-1,-1,1,-1,-1,1,1,-1,-1,1,-1,-1,1,1,-1,1,1,-1,1,1,1,-1,1,1,-1,-1,1,-1,1,-1,1,-1,1,1,1,-1,1,1,-1,1,-1,1,-1,1,-1,1,-1,1,1,-1,1,-1,-1,1,1,1,-1,1,-1,-1,-1,1,1,1,-1,1,1,-1,1,1,1,-1,1,1,-1,-1,-1,1,-1,-1,1,-1,-1,-1,1,1,-1,1,1,-1,-1,1,-1,-1,1,-1,-1,-1,-1,1,-1,1,1,-1,-1,1,1,-1,1,-1,1,-1,1,-1,-1,1,-1,-1,1,1,1,-1,1,-1,-1,1,1,-1,1,1,-1,1,-1,1,-1,-1,1,-1,1,1,1,1,1,1,-1,-1,1,1,1,1,-1,-1,-1,1,1,1,1,-1,-1,1,-1,1,1,1,-1,-1,1,-1,1,-1,1,1,-1,1,-1,1,1,1,1,-1,-1,1,1,1,-1,-1,-1,1,1,-1,-1,1,1,-1,1,-1,1,-1,1,-1,1,1,-1,1,1,1,-1,1,1,-1,1,-1,1,-1,-1,1,-1,1,1,1,1,-1,1,1,-1,1,1,-1,-1,1,-1,-1,1,-1,1,-1,-1,1,-1,-1,1,-1,-1,-1,1,-1,1,-1,1,-1,1,-1,-1,1,-1,-1,-1,-1,1,-1,-1,1,1,-1,-1,1,-1,1,1,-1,1,-1,1,-1,1,-1,1,-1,-1,-1,-1,-1,-1,-1,1,-1,1,-1,1,-1,1,-1,-1,-1,1,1,-1,1,-1,-1,-1,-1,1,-1,-1,-1,-1,-1,1,-1,1,1,-1,1,-1,-1,1,-1,-1,1,-1,-1,-1,1,-1,1,-1,1,-1,-1,-1,-1,1,-1,1,-1,-1,1,-1,1,1,1,-1,-1,-1,1,1,-1,1,-1,-1,-1,1,1,1,-1,1,1,-1,1,1,1,1,1,-1,1,-1,-1,-1,1,-1,-1,1,-1,-1,1,1,-1,1,-1,-1,-1,1,1,-1,1,1,-1,-1,1,1,-1,1,1,-1,-1,-1,1,-1,-1,-1,-1,1,-1,1,-1,-1,-1,-1,-1,-1,1,-1,1,1,1,1,-1,1,-1,1,1,-1,1,-1,1,-1,-1,1,-1,1,-1,-1,1,1,1,1,1,1,-1,1,1,1,-1,1,-1,1,1,1,1,-1,-1,-1,1,1,1,1,-1,1,-1,1,-1,1,-1,1,1,-1,-1,1,1,1,-1,1,-1,-1,1,1,1,1,1,1,1,1,1,1,1,1,1,-1,1,-1,1,-1,1,1,-1,1,1,1,1,1,1,-1,1,-1,1,1,1,1,-1,1,1,-1,1,1,1,1,1,1,1,1,1,1,-1,1,1,-1,-1,1,-1,-1,1,1,1,-1,1,1,-1,1,-1,-1,1,1,-1,-1,1,-1,1,-1,-1,1,-1,1,-1,1,-1,1,-1,-1,1,-1,1,1,1,-1,-1,1,-1,1,-1,1,-1,-1,1,-1,1,-1,1,-1,-1,1,1,1,1,1,-1,1,1,-1,1,1,1,1,-1,1,-1,1,-1,1,-1,1,1,1,-1,1,1,-1,1,-1,1,-1,1,1,1,-1,1,-1,-1,1,1,-1,-1,1,-1,1,-1,-1,1,-1,1,1,-1,1,1,-1,-1,1,1,-1,1,1,-1,-1,-1,1,1,1,1,-1,-1,1,1,-1,1,1,-1,-1,1,-1,1,1,1,-1,-1,-1,1,-1,1,1,-1,1,-1,-1,1,1,1,-1,-1,-1,-1,-1,1,-1,-1,-1,1,-1,1,1,-1,-1,-1,-1,-1,1,1,1,-1,-1,-1,-1,1,1,-1,1,-1,-1,1,1,1,-1,-1,1,-1,-1,1,1,-1,-1,1,-1,-1,1,1,-1,1,-1,-1,-1,1,1,-1,-1,1,-1,-1,1,1,-1,-1,1,1,-1,1,1,-1,1,1,-1,-1,1,1,-1,-1,1,-1,-1,1,-1,-1,-1,1,1,-1,-1,1,-1,1,-1,1,-1,1,1,-1,1,-1,1,-1,1,1,-1,1,1,1,-1,-1,1,-1,1,1,-1,1,-1,1,-1,1,1,-1,1,-1,1,1,1,-1,-1,1,-1,1,1,-1,1,-1,-1,-1,1,-1,1,-1,1,-1,-1,1,-1,1,-1,-1,-1,-1,1,-1,1,-1,-1,-1,-1,-1,1,1,-1,1,-1,-1,-1,-1,1,-1,-1,1,-1,1,-1,1,1,1,1,-1,-1,1,1,-1,-1,1,1,1,1,1,-1,1,-1,-1,1,1,-1,-1,1,-1,-1,-1,-1,1,-1,1,-1,1,1,1,-1,-1,1,-1,1,-1,-1,-1,-1,1,-1,1,1,1,-1,1,1,-1,1,1,1,1,-1,1,-1,1,1,1,1,-1,1,-1,1,1,1,1,-1,1,-1,1,1,1,1,-1,1,-1,1,1,1,-1,-1,1,-1,-1,1,1,-1,-1,-1,1,-1,1,-1,1,-1,1,-1,-1,1,-2670.0,1,2000,445,1500,True
1015,1,1,-1,-1,1,1,-1,-1,1,1,1,-1,1,1,-1,1,-1,1,-1,-1,-1,1,1,1,1,-1,-1,-1,1,1,1,1,1,-1,-1,-1,1,-1,1,1,-1,-1,-1,1,1,1,1,-1,1,1,1,1,-1,1,-1,-1,1,-1,1,1,1,-1,-1,1,1,1,1,1,-1,-1,1,1,1,1,1,-1,-1,-1,1,1,1,-1,-1,-1,1,1,1,1,-1,-1,1,1,1,1,1,-1,-1,-1,1,-1,1,1,-1,-1,1,1,1,1,1,-1,-1,-1,1,1,1,1,-1,-1,1,1,1,1,1,1,-1,-1,1,1,-1,1,1,-1,1,1,1,1,1,1,-1,1,1,1,1,1,1,-1,1,1,1,1,1,1,-1,-1,-1,1,1,1,1,-1,1,-1,1,1,-1,1,-1,1,-1,1,1,1,-1,-1,1,1,1,1,1,-1,1,-1,-1,1,-1,1,-1,1,1,1,1,1,1,1,1,1,-1,1,-1,1,-1,1,1,-1,1,-1,1,1,-1,1,-1,1,-1,1,-1,1,1,-1,1,-1,1,1,1,1,-1,-1,1,1,-1,-1,1,-1,1,-1,-1,1,-1,1,-1,1,-1,1,-1,1,1,-1,-1,-1,1,1,-1,1,-1,1,1,1,-1,1,-1,-1,-1,-1,1,-1,1,1,1,-1,1,1,-1,1,-1,-1,-1,1,1,-1,1,-1,-1,-1,1,1,-1,-1,1,1,-1,-1,1,1,-1,1,1,-1,1,1,1,1,-1,1,-1,1,1,-1,1,-1,1,-1,1,1,1,1,1,1,-1,-1,1,-1,-1,-1,1,1,-1,1,1,1,-1,1,1,1,1,1,1,1,1,-1,1,1,1,-1,1,1,-1,1,1,1,-1,1,1,-1,-1,1,1,1,-1,1,-1,1,1,1,-1,1,1,-1,1,1,1,-1,1,1,-1,1,1,1,-1,1,1,1,-1,1,1,-1,1,1,-1,1,-1,1,-1,1,-1,1,-1,1,1,1,-1,1,1,-1,1,1,-1,1,1,1,-1,-1,-1,-1,1,1,1,-1,1,1,-1,1,1,1,-1,1,1,1,1,1,-1,1,1,1,-1,1,1,1,-1,-1,1,1,-1,-1,1,-1,1,-1,1,-1,1,1,1,-1,-1,1,-1,1,1,1,-1,1,1,-1,1,1,1,1,-1,1,-1,-1,1,-1,1,-1,1,-1,-1,-1,1,1,-1,-1,1,-1,1,1,-1,-1,1,1,-1,1,-1,1,-1,1,-1,-1,1,1,1,-1,1,-1,1,1,1,1,-1,1,-1,1,-1,1,-1,1,1,-1,1,-1,1,-1,-1,1,-1,1,1,1,-1,1,-1,-1,-1,1,1,-1,-1,1,-1,1,-1,1,1,-1,1,-1,-1,-1,1,1,-1,-1,-1,1,-1,1,-1,-1,1,-1,-1,1,1,1,-1,-1,1,-1,1,1,1,1,-1,1,-1,-1,1,1,1,-1,1,-1,1,-1,1,-1,1,-1,-1,-1,1,-1,1,1,1,-1,1,1,-1,-1,1,1,-1,1,1,-1,-1,-1,1,-1,-1,1,-1,-1,1,1,-1,-1,1,-1,-1,1,1,1,-1,1,-1,-1,1,1,-1,-1,1,-1,-1,-1,1,1,-1,1,1,-1,-1,1,-1,-1,1,-1,1,1,-1,1,-1,-1,1,-1,-1,-1,-1,-1,1,1,1,-1,1,1,-1,-1,1,-1,1,-1,-1,-1,1,1,-1,-1,-1,-1,-1,1,1,-1,-1,1,-1,-1,-1,1,1,-1,-1,-1,-1,1,1,-1,-1,1,-1,-1,-1,1,1,-1,-1,-1,-1,-1,1,-1,-1,1,-1,-1,1,1,1,-1,-1,-1,-1,-1,1,1,-1,1,-1,-1,-1,1,1,1,1,-1,-1,-1,1,1,-1,1,-1,-1,1,1,1,1,-1,-1,1,1,1,1,-1,-1,-1,-1,1,1,-1,1,1,-1,1,1,1,1,-1,1,-1,-1,1,-1,1,-1,-1,-1,-1,1,-1,1,-1,-1,-1,-1,1,-1,1,1,-1,1,-1,1,-1,1,-1,1,1,-1,1,-1,1,1,-1,-1,-1,1,1,-1,-1,-1,-1,-1,1,-1,1,-1,-1,-1,-1,-1,-1,-1,1,-1,-1,-1,1,-1,-1,1,-1,-1,-1,-1,-1,1,1,-1,-1,-1,-1,-1,1,-1,-1,-1,1,-1,-1,1,-1,1,-1,-1,-1,-1,-1,-1,-1,1,-1,-1,-1,1,1,1,-1,-1,1,-1,-1,-1,-1,-1,1,-1,-1,1,-1,1,-1,-1,-1,-1,1,-1,1,1,-1,1,-1,-1,1,1,-1,-1,-1,-1,-1,-1,1,1,-1,-1,1,-1,1,1,-1,-1,-1,1,-1,-1,1,-1,-1,1,-1,-1,1,1,1,-1,1,-1,1,1,1,-1,-1,1,-1,-1,1,1,1,-1,1,-1,-1,1,1,-1,1,1,-1,-1,1,1,1,1,1,-1,-1,1,1,1,1,1,-1,-1,1,1,1,1,1,1,-1,1,1,1,-1,1,-1,-1,1,-1,1,1,1,1,-1,-1,1,-1,1,1,1,-1,1,1,1,1,-1,1,-1,1,1,1,1,1,1,1,-1,1,1,1,1,-1,1,-1,1,1,1,1,1,-1,1,1,1,1,-1,1,1,-1,1,1,-1,1,1,-1,-1,1,1,1,1,-1,1,-1,1,1,1,-1,-1,1,-1,1,1,1,-1,1,-1,-1,-1,1,1,-1,-1,1,-1,-1,1,1,-1,-1,1,-1,1,1,1,1,-1,1,-1,-1,1,1,-1,-1,-1,1,1,1,1,-1,1,1,-1,1,1,-1,-1,1,1,-1,-1,1,1,-1,1,1,1,1,1,-1,-1,-1,-1,-1,-1,-1,-1,-1,-1,1,1,1,1,-1,1,1,-1,1,1,1,1,-1,1,-1,1,1,1,-1,-1,1,-1,1,1,1,-1,1,1,-1,1,1,1,-1,-1,1,-1,1,1,1,1,-1,1,-1,1,1,1,1,-1,1,1,-1,1,-1,1,-1,1,-1,1,1,-2670.0,1,2000,445,0,False
1016,1,1,-1,-1,1,1,-1,-1,1,1,1,-1,1,1,1,1,-1,1,-1,-1,-1,-1,1,1,1,-1,1,-1,1,1,1,1,-1,-1,-1,-1,1,1,1,1,-1,-1,-1,1,1,1,1,-1,1,1,1,1,-1,1,-1,-1,1,-1,1,1,1,-1,-1,-1,1,1,1,1,-1,-1,-1,1,1,1,1,-1,-1,-1,1,1,1,-1,-1,-1,1,1,1,1,-1,-1,-1,1,1,1,1,-1,-1,1,1,-1,1,1,-1,-1,1,1,1,1,1,-1,-1,-1,1,1,1,1,-1,-1,1,1,1,1,1,1,-1,-1,1,1,-1,1,1,-1,1,1,1,1,1,1,-1,1,1,1,1,1,1,-1,1,1,1,1,1,1,-1,-1,-1,1,1,1,1,-1,1,1,1,1,-1,1,-1,1,-1,1,1,1,-1,-1,1,1,1,1,1,-1,1,-1,-1,1,-1,1,-1,1,1,1,1,1,1,1,1,1,-1,1,-1,1,-1,1,1,-1,1,-1,1,1,-1,1,-1,1,-1,1,-1,1,1,-1,1,-1,1,1,1,1,-1,-1,1,1,-1,-1,1,-1,1,-1,-1,1,-1,1,-1,1,-1,1,-1,-1,1,-1,-1,-1,1,1,-1,1,-1,1,1,1,-1,1,1,-1,-1,-1,1,-1,1,-1,1,-1,1,1,-1,1,-1,-1,-1,1,1,-1,1,-1,-1,-1,1,1,-1,-1,1,1,-1,-1,1,1,-1,1,1,-1,1,1,1,1,-1,1,-1,1,1,-1,1,-1,1,-1,1,1,1,1,1,1,-1,-1,1,-1,-1,1,1,1,-1,1,1,1,-1,1,1,1,1,1,1,1,1,-1,1,1,1,-1,1,1,-1,1,1,1,-1,1,1,-1,-1,1,1,1,-1,1,-1,1,1,1,-1,1,1,-1,1,1,1,-1,1,1,-1,1,1,1,-1,1,1,-1,-1,1,1,-1,1,1,-1,1,-1,1,-1,1,-1,1,-1,1,1,1,-1,-1,1,-1,1,1,-1,1,1,1,-1,-1,-1,-1,1,1,1,-1,1,1,-1,1,1,-1,-1,1,1,1,1,1,-1,1,1,1,-1,1,1,1,1,-1,1,1,-1,-1,1,-1,1,-1,1,-1,1,1,-1,-1,-1,1,-1,1,1,-1,1,-1,1,-1,1,1,1,-1,-1,1,-1,-1,1,-1,1,-1,1,-1,1,1,1,1,-1,-1,1,-1,1,1,-1,-1,1,1,1,-1,1,-1,-1,1,-1,-1,1,1,-1,-1,1,-1,1,1,-1,1,-1,1,-1,-1,1,-1,-1,1,1,-1,1,1,-1,-1,-1,1,-1,1,1,1,-1,1,-1,-1,-1,1,-1,-1,-1,1,-1,1,1,1,-1,-1,1,-1,-1,1,-1,-1,-1,-1,-1,-1,1,-1,-1,-1,1,-1,-1,1,-1,-1,-1,-1,1,-1,1,-1,-1,1,-1,1,-1,-1,1,1,1,-1,1,-1,1,1,1,-1,1,-1,-1,-1,1,-1,1,1,1,1,-1,1,-1,-1,1,1,-1,1,1,-1,-1,-1,1,-1,-1,1,-1,-1,1,1,1,-1,1,-1,-1,1,1,-1,-1,1,-1,1,1,1,-1,-1,1,-1,-1,-1,1,1,-1,1,1,-1,-1,1,-1,-1,1,-1,1,-1,1,1,-1,-1,1,-1,-1,-1,-1,-1,1,1,1,-1,-1,1,-1,-1,1,-1,-1,1,-1,-1,1,1,-1,-1,1,-1,-1,1,1,-1,1,-1,-1,-1,-1,1,1,-1,-1,-1,-1,1,1,-1,-1,1,-1,-1,-1,1,1,-1,-1,-1,-1,-1,1,-1,-1,-1,-1,-1,1,1,1,-1,-1,-1,-1,-1,1,1,-1,-1,-1,-1,-1,1,1,1,-1,-1,-1,-1,1,1,-1,-1,-1,-1,1,1,1,1,1,-1,1,1,1,1,1,1,-1,-1,1,1,1,-1,-1,-1,1,1,1,1,-1,1,-1,-1,1,-1,1,-1,1,-1,-1,1,-1,1,-1,1,-1,-1,1,-1,1,-1,1,-1,-1,1,-1,1,1,1,-1,-1,1,-1,1,1,1,-1,-1,1,1,-1,1,1,-1,-1,1,-1,1,-1,1,-1,-1,-1,-1,-1,1,1,-1,-1,1,-1,-1,1,1,-1,-1,-1,-1,-1,-1,1,-1,-1,-1,-1,1,1,-1,-1,1,-1,-1,1,-1,1,-1,-1,-1,-1,-1,1,1,1,-1,-1,-1,1,1,1,-1,-1,1,-1,-1,-1,1,-1,1,-1,-1,1,1,1,-1,-1,-1,-1,1,-1,1,1,-1,1,-1,-1,1,1,-1,-1,-1,-1,-1,-1,1,1,-1,-1,1,-1,1,1,-1,-1,-1,1,-1,1,1,-1,-1,1,-1,-1,1,1,1,-1,1,-1,1,1,1,-1,-1,1,-1,-1,1,1,1,-1,1,-1,-1,1,1,-1,1,1,-1,-1,1,1,-1,1,1,-1,-1,1,1,-1,1,1,-1,-1,1,1,1,1,-1,1,-1,1,1,1,1,1,-1,-1,1,-1,1,1,1,1,-1,-1,1,-1,1,1,1,-1,1,1,1,1,-1,1,-1,1,1,1,1,1,1,1,-1,1,1,1,1,-1,1,-1,1,1,1,1,1,-1,1,1,1,1,-1,1,1,-1,1,1,-1,1,1,-1,-1,1,1,1,1,-1,1,-1,1,1,1,-1,-1,1,-1,1,1,1,-1,1,-1,-1,-1,1,1,-1,-1,1,-1,-1,1,1,-1,-1,1,-1,1,-1,1,1,-1,-1,-1,-1,1,1,-1,-1,-1,1,1,-1,1,-1,1,1,-1,1,1,-1,-1,1,1,-1,-1,1,1,-1,1,1,1,1,1,-1,-1,-1,-1,1,-1,-1,-1,-1,-1,1,1,1,1,-1,1,1,-1,1,1,1,1,-1,1,-1,1,1,1,-1,-1,1,-1,1,1,1,-1,-1,1,-1,1,1,1,-1,-1,1,-1,1,1,1,1,-1,1,-1,1,1,1,-1,-1,-1,1,-1,1,1,1,-1,1,-1,1,1,-2670.0,1,2000,445,1000,False
1017,1,1,-1,-1,1,1,-1,-1,1,1,1,-1,1,1,1,1,-1,1,-1,-1,1,-1,1,1,1,-1,1,-1,1,1,1,1,-1,-1,-1,-1,1,1,1,1,-1,-1,-1,1,1,1,1,-1,1,1,1,1,-1,1,-1,-1,1,-1,1,1,1,-1,-1,-1,1,1,1,1,-1,-1,-1,1,1,1,1,-1,-1,-1,1,1,1,-1,-1,-1,1,1,1,1,-1,-1,-1,1,1,1,1,-1,-1,1,1,-1,1,1,-1,-1,1,1,1,1,1,-1,-1,1,1,-1,1,1,-1,-1,1,1,1,1,1,1,-1,1,1,1,-1,1,1,-1,1,1,1,1,1,1,-1,-1,1,1,1,1,1,-1,1,1,1,1,1,1,-1,-1,-1,1,1,1,1,-1,1,1,1,1,-1,1,-1,1,-1,1,1,1,-1,-1,1,1,1,1,1,-1,1,-1,-1,1,-1,1,-1,1,1,1,1,1,1,1,1,1,-1,1,-1,1,-1,1,1,-1,1,-1,1,1,-1,1,-1,1,-1,1,-1,1,1,-1,-1,-1,1,1,1,1,-1,-1,1,1,-1,-1,1,-1,1,-1,-1,1,-1,1,-1,1,-1,1,-1,-1,1,-1,-1,-1,1,1,-1,1,-1,1,1,1,-1,1,1,-1,1,-1,1,-1,1,-1,1,-1,1,1,-1,1,-1,-1,-1,1,1,-1,1,-1,-1,-1,1,1,-1,-1,1,1,-1,-1,1,1,-1,1,1,-1,1,1,1,1,-1,1,-1,1,1,-1,1,-1,1,1,1,1,1,1,1,1,-1,-1,1,-1,-1,-1,1,1,-1,1,1,1,-1,1,1,1,1,1,1,-1,1,-1,1,1,1,-1,1,1,-1,1,1,1,-1,1,1,-1,-1,1,1,1,-1,1,-1,1,1,1,-1,1,1,-1,1,1,1,-1,1,1,-1,1,1,1,-1,1,1,1,-1,1,1,1,1,1,-1,1,-1,1,-1,1,1,1,-1,1,1,1,-1,1,1,-1,1,1,-1,1,1,1,-1,-1,-1,-1,1,1,1,-1,1,1,-1,1,1,-1,-1,1,1,-1,1,1,-1,1,1,1,1,1,1,1,-1,-1,1,1,1,-1,1,-1,1,-1,-1,1,1,1,-1,-1,-1,1,-1,-1,1,1,-1,1,-1,1,1,1,1,1,-1,1,-1,-1,1,-1,1,-1,-1,-1,-1,1,1,1,-1,-1,1,-1,1,1,1,-1,1,-1,1,-1,1,1,-1,-1,1,-1,1,1,1,-1,-1,-1,1,1,1,1,-1,-1,1,-1,1,1,-1,1,-1,1,-1,1,1,-1,-1,-1,-1,1,1,1,-1,1,-1,1,-1,1,1,-1,-1,1,-1,1,1,1,1,-1,-1,-1,-1,-1,1,1,-1,-1,-1,1,-1,1,-1,-1,-1,-1,-1,1,-1,1,-1,-1,-1,-1,1,-1,1,-1,-1,-1,-1,-1,1,1,1,-1,-1,-1,1,-1,1,1,1,1,-1,-1,1,-1,-1,1,1,1,-1,1,-1,1,1,1,-1,1,1,-1,1,-1,1,-1,-1,1,-1,-1,1,1,1,-1,1,-1,-1,1,1,-1,-1,1,-1,-1,1,1,-1,-1,1,-1,-1,-1,1,1,-1,1,1,-1,-1,1,-1,-1,1,-1,1,-1,1,1,-1,-1,1,-1,-1,-1,-1,-1,1,1,1,-1,1,1,-1,-1,1,-1,-1,-1,-1,-1,1,1,-1,-1,-1,1,-1,1,1,-1,1,1,1,-1,-1,1,1,-1,-1,-1,-1,1,1,-1,-1,1,-1,-1,-1,1,1,-1,-1,-1,-1,-1,1,-1,-1,1,-1,-1,-1,1,1,-1,1,-1,-1,1,1,1,-1,-1,-1,-1,-1,1,1,1,-1,-1,-1,-1,1,1,-1,-1,-1,-1,1,1,1,1,-1,-1,1,1,1,1,1,-1,-1,-1,1,1,1,1,1,-1,1,1,1,1,-1,1,-1,-1,1,-1,1,-1,1,-1,-1,1,-1,1,-1,-1,-1,-1,1,-1,1,-1,1,-1,-1,1,-1,1,-1,1,-1,-1,1,-1,1,-1,-1,-1,-1,1,1,-1,-1,-1,-1,-1,1,-1,1,-1,-1,-1,-1,-1,-1,-1,1,-1,-1,-1,1,-1,-1,1,-1,-1,-1,-1,-1,-1,1,-1,-1,-1,-1,-1,1,-1,-1,-1,1,-1,-1,1,-1,1,-1,-1,-1,-1,-1,-1,-1,1,-1,-1,-1,1,1,1,-1,-1,1,-1,-1,-1,-1,-1,1,-1,-1,1,-1,1,-1,-1,-1,-1,1,-1,1,1,-1,1,-1,-1,1,1,-1,-1,-1,-1,-1,-1,1,1,-1,-1,1,-1,1,1,-1,-1,-1,1,-1,1,1,-1,-1,1,-1,-1,1,1,1,-1,1,-1,1,1,1,-1,-1,1,-1,-1,1,1,1,-1,1,-1,-1,1,1,-1,1,1,-1,-1,1,1,-1,1,1,-1,-1,1,1,-1,1,1,-1,-1,1,1,1,1,-1,1,-1,1,1,1,1,1,-1,-1,1,-1,1,1,1,1,-1,-1,1,-1,1,1,1,-1,1,1,1,1,-1,1,-1,1,1,1,1,1,1,1,-1,1,1,1,1,-1,1,-1,1,1,1,1,1,1,1,1,1,1,-1,1,-1,1,1,1,-1,1,1,1,1,1,1,1,1,-1,1,1,1,1,1,-1,-1,1,-1,1,1,1,-1,1,-1,1,1,1,1,-1,-1,1,1,1,1,1,-1,-1,1,-1,1,-1,1,1,-1,1,-1,1,1,1,-1,-1,-1,-1,1,-1,1,-1,1,1,1,1,1,-1,-1,1,1,1,1,1,1,-1,1,-1,1,-1,1,-1,-1,-1,-1,-1,1,-1,-1,-1,1,-1,1,1,1,-1,1,1,-1,-1,1,1,1,-1,1,-1,1,1,1,1,-1,1,-1,1,1,1,1,-1,1,-1,1,1,1,1,-1,1,-1,1,-1,-1,-1,-1,1,-1,-1,1,1,-1,-1,-1,1,-1,1,-1,1,-1,1,-1,-1,1,-2670.0,1,2000,445,0,False
1018,1,1,-1,-1,1,1,-1,-1,1,1,1,-1,1,1,1,1,-1,1,-1,-1,1,-1,1,1,1,-1,1,-1,1,1,1,1,1,-1,-1,-1,1,1,1,1,-1,-1,-1,1,1,1,1,-1,1,1,1,1,-1,1,-1,-1,1,-1,1,1,1,-1,-1,-1,1,1,1,1,-1,-1,-1,1,1,1,1,-1,-1,-1,1,1,1,-1,-1,-1,1,1,1,1,-1,-1,-1,1,1,1,1,-1,-1,1,1,-1,1,1,-1,-1,1,1,1,1,1,-1,-1,1,1,-1,1,1,-1,-1,1,1,1,1,1,1,-1,1,1,1,-1,1,1,-1,1,1,1,1,1,1,-1,-1,1,1,1,1,1,-1,1,1,1,1,1,1,-1,-1,-1,1,1,1,1,-1,1,1,1,1,-1,1,-1,1,-1,1,1,1,-1,-1,1,1,1,1,1,-1,1,-1,-1,1,1,1,-1,1,1,1,1,-1,1,1,1,1,-1,1,-1,1,-1,1,1,-1,1,-1,1,1,-1,1,-1,1,-1,1,-1,1,1,-1,1,-1,1,1,1,1,-1,-1,1,1,-1,-1,1,-1,1,-1,1,1,-1,1,-1,1,-1,1,-1,1,1,-1,-1,1,-1,1,-1,1,-1,1,1,1,-1,1,1,-1,1,-1,1,-1,1,-1,1,-1,1,1,-1,1,-1,-1,-1,-1,1,-1,1,-1,-1,-1,-1,1,-1,-1,1,1,-1,1,1,1,-1,1,1,-1,1,1,1,1,-1,1,-1,1,1,-1,1,-1,1,1,1,-1,1,1,1,1,-1,-1,1,-1,-1,-1,1,1,-1,1,1,1,-1,1,1,1,1,1,1,1,1,-1,1,1,1,-1,1,1,-1,1,1,1,-1,1,1,-1,-1,1,1,1,-1,1,-1,1,1,1,-1,1,1,-1,1,1,1,-1,1,1,-1,1,1,1,-1,1,1,1,-1,1,1,1,1,1,-1,1,-1,1,-1,1,1,1,-1,1,1,1,-1,1,1,-1,1,1,-1,1,1,1,-1,-1,-1,-1,1,1,1,-1,1,1,-1,1,1,-1,-1,1,1,-1,1,1,-1,1,1,1,1,1,1,1,1,-1,1,-1,-1,-1,1,-1,1,-1,-1,1,1,1,-1,-1,-1,1,-1,-1,1,-1,1,-1,-1,1,1,1,1,1,-1,1,-1,-1,1,-1,1,-1,-1,-1,1,1,1,1,-1,-1,1,-1,1,1,-1,-1,1,-1,1,-1,1,1,-1,-1,1,-1,1,1,-1,-1,-1,-1,1,1,-1,1,-1,-1,1,1,1,-1,-1,1,-1,1,1,1,-1,-1,-1,-1,-1,1,1,1,-1,1,-1,1,-1,1,-1,-1,-1,1,-1,1,1,-1,1,-1,1,-1,-1,1,-1,-1,-1,-1,-1,1,1,-1,-1,-1,1,-1,-1,1,-1,-1,-1,-1,-1,-1,1,-1,-1,-1,-1,1,-1,-1,1,1,1,-1,1,-1,1,-1,1,-1,1,-1,-1,-1,1,-1,-1,1,1,1,-1,1,-1,1,1,1,-1,1,1,-1,-1,-1,1,-1,-1,1,-1,-1,1,1,1,-1,1,-1,-1,1,1,-1,-1,1,-1,-1,1,1,-1,-1,1,-1,-1,-1,1,1,-1,1,1,-1,-1,1,-1,-1,1,-1,1,-1,1,1,-1,-1,1,-1,-1,-1,-1,-1,1,1,1,-1,-1,1,-1,-1,1,-1,-1,1,-1,-1,1,1,-1,-1,1,1,-1,1,1,-1,1,-1,1,-1,-1,1,1,-1,-1,-1,-1,-1,1,-1,-1,1,-1,-1,-1,1,1,-1,-1,-1,-1,-1,1,-1,-1,-1,-1,-1,1,1,1,-1,-1,-1,-1,-1,1,1,-1,-1,-1,-1,-1,1,1,1,-1,-1,-1,-1,1,1,-1,-1,-1,-1,1,-1,1,1,1,-1,1,1,-1,1,1,1,-1,-1,1,1,1,1,-1,-1,1,1,1,1,-1,1,-1,-1,1,-1,1,-1,1,-1,-1,1,-1,1,1,1,-1,-1,1,-1,1,-1,1,-1,-1,1,-1,1,1,1,-1,1,-1,-1,1,1,1,-1,-1,1,-1,-1,1,1,-1,-1,1,-1,1,-1,1,-1,-1,1,1,-1,1,1,-1,-1,1,-1,-1,1,1,-1,-1,-1,1,-1,-1,1,-1,-1,-1,-1,1,-1,-1,-1,1,-1,-1,1,-1,1,-1,-1,-1,-1,-1,-1,1,1,-1,-1,-1,1,1,1,-1,-1,-1,1,-1,-1,1,-1,1,-1,-1,1,1,1,-1,-1,-1,-1,1,-1,1,1,-1,1,-1,-1,1,1,-1,-1,-1,-1,-1,-1,1,1,-1,-1,1,-1,1,1,-1,-1,-1,1,-1,1,1,-1,-1,1,-1,-1,1,1,1,-1,1,-1,1,1,1,-1,-1,1,-1,-1,1,1,1,-1,1,-1,-1,1,1,-1,1,1,-1,-1,1,1,1,1,1,-1,-1,1,1,1,1,1,-1,-1,1,1,1,1,1,1,-1,1,1,1,-1,1,-1,-1,1,-1,1,1,1,1,-1,-1,1,-1,1,1,1,-1,1,1,1,1,-1,1,-1,1,1,1,1,1,1,1,-1,1,1,1,1,-1,1,-1,1,1,1,1,1,1,1,1,1,1,-1,1,-1,1,1,1,-1,1,1,1,1,1,1,1,1,-1,1,1,1,1,1,-1,-1,1,-1,1,1,1,-1,1,-1,1,1,1,1,-1,-1,1,1,-1,1,1,1,-1,1,1,-1,-1,1,1,-1,1,-1,1,1,1,-1,-1,-1,-1,1,-1,1,-1,1,1,1,1,1,-1,-1,1,1,1,1,1,1,-1,1,-1,1,1,1,-1,-1,-1,-1,-1,-1,-1,-1,-1,-1,-1,1,1,1,-1,1,1,-1,-1,1,1,1,-1,1,-1,1,1,1,1,-1,1,-1,1,1,1,1,-1,1,-1,1,1,1,1,-1,1,-1,1,-1,-1,-1,-1,1,-1,-1,1,1,-1,-1,-1,-1,1,1,-1,1,-1,1,-1,-1,1,-2670.0,1,2000,445,1000,False
1019,1,1,-1,-1,1,1,-1,-1,1,1,1,-1,-1,1,1,1,-1,1,1,-1,-1,-1,1,1,1,1,-1,-1,1,1,1,1,-1,-1,-1,-1,1,1,1,1,-1,-1,-1,1,1,1,1,-1,1,1,1,1,-1,1,-1,-1,1,-1,1,1,1,-1,-1,-1,1,1,1,1,-1,-1,-1,1,1,1,1,-1,-1,-1,1,1,1,-1,-1,-1,1,1,1,1,-1,-1,-1,1,1,1,1,-1,-1,1,1,-1,1,1,-1,-1,1,1,1,1,1,-1,-1,1,1,1,1,1,-1,-1,1,1,1,1,1,1,-1,1,1,1,-1,1,1,-1,1,1,1,1,1,1,-1,-1,1,1,1,1,1,-1,1,1,1,1,1,1,-1,-1,-1,1,1,1,1,-1,1,1,1,1,-1,1,-1,1,-1,1,1,1,-1,-1,1,1,1,1,1,-1,1,-1,-1,1,-1,1,-1,1,1,1,1,1,1,1,1,1,-1,1,-1,1,-1,1,1,-1,1,-1,1,1,-1,1,-1,1,-1,1,-1,1,1,-1,1,-1,1,1,1,1,-1,-1,1,1,-1,-1,1,-1,1,-1,-1,1,-1,1,-1,1,-1,1,-1,1,1,-1,1,-1,1,1,-1,1,-1,1,1,1,-1,1,1,-1,1,-1,1,-1,1,-1,1,-1,1,1,-1,1,-1,-1,-1,1,1,-1,1,-1,-1,-1,1,1,-1,-1,1,1,-1,-1,1,1,-1,1,1,-1,1,1,1,1,-1,1,-1,1,1,-1,1,-1,1,1,1,1,1,1,1,1,-1,-1,1,-1,-1,-1,1,1,-1,1,1,1,-1,1,1,1,1,1,1,-1,1,-1,1,1,1,-1,-1,1,-1,1,1,1,-1,1,1,-1,-1,1,1,1,-1,1,-1,1,1,1,-1,1,1,-1,1,1,1,-1,1,1,-1,1,1,1,-1,1,1,-1,-1,1,1,-1,1,1,-1,1,-1,1,-1,1,1,1,-1,1,1,1,-1,1,1,-1,1,1,-1,1,-1,1,-1,-1,-1,-1,1,1,1,-1,1,1,-1,1,1,-1,-1,1,1,1,1,1,-1,1,1,1,-1,1,1,1,1,-1,1,1,1,-1,1,-1,1,1,1,1,1,1,-1,-1,-1,1,-1,-1,1,1,-1,1,1,1,1,1,1,1,-1,1,-1,-1,1,-1,1,-1,1,1,1,1,1,1,-1,-1,1,-1,1,1,1,-1,1,1,1,-1,1,1,-1,-1,1,-1,1,1,1,-1,1,1,1,1,1,1,-1,1,-1,-1,1,1,-1,-1,1,-1,1,1,1,-1,-1,1,-1,1,1,1,-1,-1,1,-1,-1,1,1,-1,-1,1,-1,1,1,1,1,-1,1,-1,-1,1,1,1,-1,-1,-1,1,1,1,-1,-1,1,-1,-1,1,-1,1,-1,-1,1,-1,1,-1,1,-1,-1,1,-1,-1,1,1,1,-1,1,-1,1,-1,1,1,1,-1,-1,-1,1,-1,-1,1,1,1,-1,1,-1,1,1,1,-1,1,1,-1,1,-1,1,-1,-1,1,-1,-1,1,1,1,-1,1,-1,-1,1,1,-1,-1,1,-1,-1,1,1,-1,-1,1,-1,-1,-1,1,1,-1,1,1,-1,-1,1,-1,-1,1,-1,1,-1,1,1,-1,-1,1,-1,-1,-1,-1,-1,1,1,1,-1,-1,1,-1,-1,1,-1,-1,1,-1,-1,-1,1,-1,-1,1,-1,-1,1,1,-1,1,-1,-1,-1,-1,1,1,-1,-1,-1,-1,-1,1,-1,-1,1,-1,-1,-1,1,1,-1,-1,-1,-1,-1,1,-1,-1,-1,-1,-1,1,1,1,-1,-1,-1,-1,-1,1,1,-1,-1,-1,-1,-1,1,1,1,-1,-1,-1,-1,1,1,-1,-1,-1,-1,1,1,1,1,-1,-1,1,1,1,1,1,-1,-1,-1,1,1,1,-1,1,-1,1,1,1,1,-1,1,-1,-1,1,-1,1,-1,1,-1,-1,1,-1,1,-1,-1,-1,-1,1,-1,1,-1,1,-1,-1,1,-1,1,-1,1,-1,-1,1,-1,1,-1,-1,-1,-1,1,1,-1,-1,-1,-1,-1,1,-1,1,-1,-1,-1,-1,-1,-1,-1,1,-1,-1,-1,1,-1,-1,1,-1,-1,-1,-1,-1,1,1,-1,-1,-1,-1,-1,1,-1,-1,-1,1,-1,-1,1,-1,1,-1,-1,-1,-1,-1,-1,-1,1,-1,-1,-1,1,1,-1,-1,-1,1,-1,-1,-1,-1,-1,1,-1,-1,1,-1,1,-1,-1,-1,-1,1,-1,1,1,-1,1,-1,-1,1,1,-1,-1,-1,-1,-1,-1,1,1,-1,-1,1,-1,1,1,-1,-1,-1,1,-1,-1,1,-1,-1,1,-1,-1,1,1,1,-1,1,-1,1,1,1,-1,-1,1,-1,-1,1,1,1,-1,1,-1,-1,1,1,-1,1,1,-1,-1,1,1,-1,1,1,-1,-1,1,1,-1,1,1,-1,-1,1,1,1,1,1,1,-1,-1,1,-1,1,1,-1,-1,1,-1,1,1,1,1,-1,-1,1,-1,1,1,1,-1,1,1,1,1,-1,1,-1,1,1,1,1,1,1,1,-1,1,1,1,1,-1,1,-1,1,1,1,1,1,-1,1,1,1,1,-1,1,1,-1,1,1,-1,1,1,-1,-1,1,1,1,1,-1,1,-1,1,1,1,-1,-1,1,-1,1,1,1,-1,1,-1,-1,-1,1,1,-1,-1,1,-1,-1,1,1,-1,-1,1,-1,-1,1,1,1,-1,1,-1,-1,1,1,-1,-1,-1,1,-1,1,1,-1,1,1,-1,1,1,-1,-1,1,-1,-1,-1,1,1,-1,1,1,-1,1,1,-1,-1,1,-1,1,-1,-1,-1,-1,1,-1,-1,1,1,-1,1,1,-1,1,1,1,1,-1,1,-1,1,1,1,1,-1,1,-1,-1,1,1,1,-1,1,-1,1,1,1,1,-1,1,-1,1,1,1,-1,-1,1,-1,-1,1,1,-1,-1,-1,1,-1,1,1,1,-1,1,-1,-1,1,-2670.0,1,2000,445,1000,False
1020,1,1,-1,-1,1,1,-1,-1,1,1,1,-1,-1,1,1,1,-1,1,-1,-1,1,-1,1,1,1,-1,-1,-1,1,1,1,1,1,-1,-1,-1,1,1,1,1,-1,-1,-1,1,1,1,1,-1,1,1,1,1,-1,1,-1,-1,1,-1,1,1,1,-1,-1,-1,1,1,1,1,-1,-1,-1,1,1,1,1,-1,-1,-1,1,1,1,-1,-1,-1,1,1,1,1,-1,-1,-1,1,1,1,1,-1,-1,1,1,-1,1,1,-1,-1,1,1,1,1,1,-1,-1,1,1,-1,1,1,-1,-1,1,1,1,1,1,1,-1,1,1,1,-1,1,1,-1,1,1,1,1,1,1,-1,-1,1,1,1,1,1,-1,1,1,1,1,1,1,-1,-1,-1,1,1,1,1,-1,1,1,1,1,-1,1,-1,1,-1,1,1,1,-1,-1,1,1,1,1,1,-1,1,-1,-1,1,-1,1,-1,1,1,1,1,1,1,1,1,1,-1,1,-1,1,-1,1,1,-1,1,-1,1,1,-1,1,-1,1,-1,1,-1,1,1,-1,1,-1,1,1,1,1,-1,-1,1,1,-1,-1,1,-1,1,-1,-1,1,-1,1,-1,1,-1,1,-1,1,1,-1,-1,-1,1,1,-1,1,-1,1,1,1,-1,1,1,-1,1,-1,1,-1,1,-1,1,-1,1,1,-1,1,-1,-1,-1,1,1,-1,1,-1,-1,-1,1,1,-1,-1,1,1,-1,-1,1,1,-1,1,1,-1,1,1,1,-1,-1,1,-1,1,1,-1,1,-1,1,-1,1,1,1,-1,-1,1,-1,-1,1,-1,1,-1,1,1,-1,1,1,1,-1,1,1,1,1,1,-1,-1,1,-1,1,1,1,1,-1,1,-1,1,1,1,-1,1,1,-1,-1,1,1,-1,-1,1,-1,1,1,1,1,1,1,-1,1,1,1,1,1,1,-1,1,1,1,1,1,1,-1,-1,1,1,1,1,1,-1,1,-1,1,-1,1,1,1,-1,1,1,1,1,1,1,-1,1,1,1,-1,1,1,-1,-1,-1,-1,1,1,1,-1,1,1,-1,1,1,-1,-1,1,1,1,1,1,-1,1,1,1,-1,1,1,1,1,-1,1,1,1,-1,1,-1,1,-1,1,1,1,1,-1,-1,-1,1,-1,-1,1,1,-1,1,-1,1,1,1,1,1,-1,1,-1,-1,1,-1,1,-1,1,1,-1,1,1,1,-1,-1,1,-1,1,1,1,-1,1,1,1,-1,1,1,-1,1,1,-1,1,1,1,-1,1,1,1,1,1,1,-1,1,-1,-1,1,1,-1,1,1,-1,1,1,1,-1,-1,1,-1,1,1,1,-1,-1,1,-1,-1,1,1,-1,-1,1,-1,1,1,1,1,-1,1,-1,-1,1,1,1,-1,1,-1,-1,1,1,-1,-1,1,-1,-1,1,-1,1,-1,-1,1,-1,1,-1,1,-1,-1,1,-1,-1,1,1,1,-1,1,-1,1,-1,-1,-1,1,-1,-1,-1,1,-1,-1,1,1,1,-1,1,-1,1,1,1,-1,1,1,-1,1,-1,1,-1,-1,1,-1,-1,1,1,1,-1,1,-1,-1,1,1,-1,-1,1,-1,-1,1,1,-1,-1,1,-1,-1,-1,1,1,-1,1,1,-1,-1,1,-1,-1,1,-1,1,-1,1,1,-1,-1,1,-1,-1,-1,-1,-1,1,1,1,-1,-1,1,-1,-1,1,-1,-1,1,-1,-1,1,1,-1,-1,1,1,-1,1,1,-1,1,-1,1,-1,-1,1,1,-1,-1,-1,-1,-1,1,-1,-1,1,-1,-1,-1,1,1,-1,-1,-1,-1,-1,1,-1,-1,-1,-1,-1,1,1,1,-1,-1,-1,-1,-1,1,1,-1,-1,-1,-1,-1,1,1,1,-1,-1,-1,-1,1,1,-1,-1,-1,-1,1,1,1,1,-1,-1,1,1,1,1,1,-1,-1,-1,1,1,1,1,1,-1,1,1,1,1,-1,1,-1,-1,1,-1,1,-1,1,-1,-1,1,-1,1,-1,-1,-1,-1,1,-1,1,-1,1,-1,-1,1,-1,1,-1,1,-1,-1,1,-1,1,-1,-1,-1,-1,1,1,-1,-1,-1,-1,-1,1,-1,1,-1,-1,-1,-1,-1,-1,-1,1,-1,-1,-1,1,-1,-1,1,-1,-1,-1,-1,-1,-1,1,-1,-1,-1,-1,-1,1,-1,-1,-1,1,-1,-1,1,-1,1,-1,-1,-1,-1,-1,-1,-1,1,-1,-1,-1,1,1,-1,-1,-1,1,-1,-1,-1,-1,-1,1,-1,-1,1,-1,1,-1,-1,-1,-1,1,-1,1,1,-1,1,-1,-1,1,1,-1,-1,-1,-1,-1,-1,1,1,-1,-1,1,-1,1,1,-1,-1,-1,1,-1,1,1,-1,-1,1,-1,-1,1,1,1,-1,1,-1,1,1,1,-1,-1,1,-1,-1,1,1,1,-1,1,-1,-1,1,1,-1,1,1,-1,-1,1,1,-1,1,1,-1,-1,1,1,1,1,1,-1,-1,1,1,1,1,1,1,-1,1,1,1,-1,1,-1,-1,1,-1,1,1,1,1,-1,-1,1,-1,1,1,1,-1,1,1,1,1,-1,1,-1,1,1,1,1,1,1,-1,-1,-1,1,1,1,-1,1,-1,1,1,1,1,-1,1,-1,1,1,1,-1,-1,1,-1,-1,1,-1,1,-1,-1,-1,1,1,1,-1,1,-1,-1,1,1,1,-1,-1,-1,-1,1,1,1,-1,1,-1,-1,-1,1,1,-1,1,-1,-1,-1,1,1,-1,1,-1,1,-1,1,1,1,1,1,-1,-1,1,1,-1,-1,1,1,-1,1,1,-1,1,-1,-1,1,1,-1,-1,1,-1,-1,-1,1,1,-1,1,1,-1,1,1,-1,-1,-1,-1,1,-1,-1,-1,-1,1,-1,-1,1,1,-1,1,1,-1,1,1,1,1,-1,1,-1,1,1,1,1,-1,1,-1,-1,1,1,1,-1,1,-1,1,1,1,1,-1,1,-1,1,1,-1,-1,-1,1,-1,-1,1,1,-1,-1,-1,1,-1,1,-1,1,-1,1,-1,-1,1,-2670.0,1,2000,445,1000,False
1021,1,1,-1,-1,1,-1,-1,-1,1,1,1,-1,1,1,1,1,-1,1,-1,-1,-1,-1,1,1,1,-1,1,-1,1,1,1,1,1,-1,-1,-1,1,1,1,1,-1,-1,-1,1,1,1,1,-1,1,1,1,1,-1,1,-1,-1,1,-1,1,1,1,-1,-1,-1,1,1,1,1,-1,1,-1,1,1,1,1,-1,-1,-1,1,1,1,-1,-1,-1,1,1,1,1,-1,1,-1,1,1,1,1,-1,-1,1,1,-1,1,1,-1,-1,1,1,1,1,1,-1,-1,1,1,1,1,1,-1,-1,1,1,1,1,1,1,-1,1,1,1,-1,1,1,-1,1,1,1,1,1,1,-1,-1,1,1,1,1,1,-1,1,1,1,1,1,1,-1,-1,-1,1,1,1,1,-1,1,1,1,1,-1,1,-1,1,-1,1,1,1,-1,-1,1,1,1,1,1,-1,1,-1,-1,1,-1,1,-1,1,1,1,1,1,1,1,1,1,-1,1,-1,1,-1,1,1,-1,1,-1,1,1,-1,1,-1,1,-1,1,-1,1,1,-1,1,-1,1,1,1,1,-1,-1,1,1,-1,-1,1,-1,1,-1,-1,1,-1,1,-1,1,-1,1,-1,1,1,-1,-1,-1,1,1,-1,1,-1,1,1,1,-1,1,1,-1,1,-1,1,-1,1,-1,1,-1,1,1,-1,1,-1,-1,-1,1,1,-1,1,-1,-1,-1,1,1,-1,-1,1,1,-1,-1,1,1,-1,1,1,-1,1,1,1,1,-1,1,-1,1,1,-1,1,-1,1,1,-1,1,1,1,1,1,-1,-1,1,-1,-1,1,1,1,-1,1,1,1,-1,1,-1,-1,1,1,1,1,1,-1,1,1,1,-1,1,1,-1,1,1,1,-1,1,1,-1,-1,1,1,1,-1,1,-1,1,1,1,-1,1,1,-1,1,1,1,-1,1,-1,-1,1,1,1,-1,1,-1,-1,-1,1,1,1,1,-1,-1,1,-1,1,-1,1,1,-1,-1,1,1,1,-1,1,-1,-1,1,1,-1,1,-1,-1,-1,-1,-1,-1,1,1,-1,-1,1,1,-1,1,-1,-1,-1,1,1,-1,1,1,-1,1,1,1,1,1,-1,-1,-1,-1,1,-1,-1,1,-1,-1,1,-1,-1,1,-1,-1,-1,1,-1,1,-1,1,-1,1,-1,1,-1,1,-1,-1,1,1,-1,1,-1,1,-1,-1,1,-1,-1,-1,-1,-1,-1,1,-1,-1,1,1,-1,-1,1,-1,1,-1,-1,1,-1,1,-1,-1,1,1,-1,1,1,1,-1,-1,-1,-1,1,1,-1,-1,1,1,-1,1,-1,1,-1,1,1,-1,1,-1,-1,-1,-1,-1,-1,1,-1,1,-1,1,1,1,1,-1,-1,1,-1,-1,1,-1,1,-1,1,-1,1,-1,1,1,-1,-1,-1,1,-1,1,-1,-1,1,-1,1,1,-1,1,-1,-1,-1,1,-1,-1,1,1,-1,1,1,1,1,1,1,-1,1,1,1,-1,1,1,1,-1,-1,-1,1,-1,-1,1,-1,1,-1,1,-1,1,-1,-1,-1,1,1,-1,1,1,-1,-1,-1,1,-1,1,1,-1,1,-1,1,-1,-1,-1,-1,-1,-1,1,-1,-1,-1,-1,-1,-1,1,-1,1,1,1,1,-1,1,-1,1,1,-1,-1,-1,1,-1,-1,1,-1,1,-1,-1,1,1,1,1,-1,-1,1,1,1,1,-1,1,-1,-1,1,1,1,-1,-1,-1,1,1,1,1,-1,-1,-1,1,-1,1,-1,1,-1,-1,-1,1,1,1,-1,-1,-1,1,1,1,1,1,-1,-1,-1,1,1,1,1,-1,-1,-1,1,1,1,-1,-1,-1,1,1,1,1,1,-1,-1,-1,1,1,1,-1,-1,-1,-1,1,1,-1,1,-1,-1,-1,1,1,1,1,-1,-1,1,1,1,1,1,-1,1,1,-1,1,1,-1,-1,-1,1,1,1,1,1,-1,1,1,1,1,1,1,-1,-1,1,-1,1,-1,1,-1,-1,1,-1,1,1,-1,-1,-1,1,-1,1,1,-1,-1,-1,1,1,1,-1,1,-1,-1,1,-1,1,-1,-1,-1,-1,1,1,-1,-1,-1,-1,-1,1,-1,1,-1,-1,-1,-1,-1,-1,-1,1,-1,-1,-1,1,-1,-1,1,-1,-1,-1,-1,-1,-1,1,-1,-1,-1,-1,-1,1,-1,-1,-1,1,-1,-1,1,-1,1,-1,-1,-1,-1,-1,-1,-1,1,-1,-1,-1,1,1,1,-1,-1,1,1,-1,-1,-1,-1,1,-1,-1,1,1,1,-1,-1,-1,-1,1,1,1,1,-1,1,-1,-1,-1,1,-1,-1,-1,-1,-1,-1,1,1,-1,-1,1,-1,1,1,-1,-1,-1,1,-1,1,1,-1,-1,1,-1,-1,1,1,1,-1,1,-1,1,1,1,-1,-1,1,-1,-1,1,1,1,-1,1,-1,-1,1,1,-1,1,1,-1,-1,1,1,-1,1,1,-1,-1,1,1,1,1,1,-1,-1,1,1,1,1,1,1,-1,1,1,1,-1,1,-1,-1,1,-1,1,1,1,1,-1,-1,1,-1,1,1,1,-1,1,1,1,1,-1,1,-1,1,1,1,1,1,1,1,-1,1,1,1,1,-1,1,-1,1,1,1,1,1,1,1,1,1,1,-1,1,-1,1,1,1,-1,1,1,1,1,-1,1,1,1,-1,1,1,1,1,1,-1,-1,1,-1,1,1,1,-1,1,-1,1,1,1,1,-1,-1,1,1,-1,1,1,-1,-1,1,1,-1,1,1,1,-1,1,-1,1,1,1,-1,-1,-1,-1,1,-1,1,-1,1,1,1,1,1,-1,-1,1,1,1,1,-1,1,-1,1,-1,1,1,1,-1,-1,-1,-1,-1,-1,-1,-1,-1,-1,1,1,1,1,-1,1,1,-1,-1,1,1,1,-1,1,-1,1,1,1,1,-1,1,-1,1,1,1,1,-1,1,-1,1,1,1,1,-1,1,-1,1,-1,1,-1,-1,1,-1,-1,1,1,-1,-1,-1,-1,1,1,-1,1,-1,1,-1,-1,1,-2670.0,1,2000,445,1000,False
1022,1,1,-1,-1,1,1,-1,-1,1,1,1,-1,1,1,1,1,-1,1,1,-1,1,-1,1,1,1,1,-1,-1,1,1,1,1,-1,-1,-1,-1,1,-1,1,1,-1,-1,-1,1,1,1,1,-1,1,1,1,1,-1,1,-1,-1,1,-1,1,1,1,-1,-1,-1,1,1,1,1,-1,-1,-1,1,1,1,1,-1,-1,-1,1,1,1,-1,-1,-1,1,1,1,1,-1,-1,-1,1,1,1,1,-1,-1,1,1,-1,1,1,-1,-1,1,1,1,1,1,-1,-1,1,1,-1,1,1,-1,-1,1,1,1,1,1,1,-1,-1,1,1,-1,1,1,-1,1,1,1,1,1,1,-1,-1,1,1,1,1,1,-1,1,1,1,1,1,1,-1,-1,-1,1,1,1,1,-1,1,1,1,1,-1,1,-1,1,-1,1,1,1,-1,-1,1,1,1,1,1,-1,1,-1,-1,1,-1,1,-1,1,1,1,1,1,1,1,1,1,-1,1,-1,1,-1,1,1,-1,1,-1,1,1,-1,1,-1,1,-1,1,-1,1,1,-1,1,-1,1,1,1,1,-1,-1,1,1,-1,-1,1,-1,1,-1,1,1,-1,1,-1,1,-1,1,-1,-1,1,-1,-1,-1,1,1,-1,1,-1,1,1,1,-1,1,1,-1,1,-1,1,-1,1,-1,1,-1,1,1,-1,1,-1,-1,-1,1,1,-1,1,-1,-1,-1,1,1,-1,-1,1,1,-1,-1,1,1,-1,1,1,-1,1,1,1,1,-1,1,-1,1,1,-1,1,-1,1,1,1,1,1,1,1,1,-1,-1,1,-1,-1,-1,1,1,-1,1,1,1,-1,1,1,1,1,1,1,-1,1,-1,1,1,1,-1,1,1,-1,1,1,1,-1,1,1,-1,-1,1,1,1,-1,1,-1,1,1,1,-1,1,1,-1,1,1,1,-1,1,1,-1,1,1,1,-1,1,1,-1,-1,1,1,-1,1,1,-1,1,-1,1,-1,1,1,1,-1,1,1,1,1,1,1,-1,1,1,-1,1,1,1,-1,-1,-1,-1,1,1,1,-1,1,1,-1,1,1,-1,-1,1,1,1,1,1,-1,1,1,1,-1,1,1,1,-1,-1,1,1,1,-1,1,-1,1,1,1,1,1,1,-1,-1,-1,1,-1,-1,1,1,-1,1,1,1,1,1,1,1,-1,1,-1,-1,1,-1,1,-1,1,1,1,1,1,1,-1,-1,1,-1,1,1,1,-1,1,1,1,-1,1,1,-1,-1,1,-1,1,1,1,-1,1,1,1,1,1,1,-1,1,-1,1,1,1,-1,-1,1,-1,1,1,1,-1,-1,1,-1,1,1,1,-1,-1,1,-1,-1,1,1,-1,-1,1,-1,1,1,1,1,-1,1,-1,-1,1,1,1,-1,-1,-1,-1,1,1,-1,-1,1,-1,-1,1,-1,1,-1,-1,1,-1,1,-1,1,-1,-1,1,-1,-1,1,1,1,-1,1,-1,1,-1,1,-1,1,-1,-1,-1,1,-1,-1,1,1,1,-1,1,-1,1,1,1,-1,1,1,-1,-1,-1,1,-1,-1,1,-1,-1,1,1,1,-1,1,-1,-1,1,1,-1,-1,1,-1,-1,1,1,-1,-1,1,-1,-1,-1,1,1,-1,1,1,-1,-1,1,-1,-1,1,-1,1,-1,1,1,-1,-1,1,-1,-1,-1,-1,-1,1,1,1,-1,-1,1,-1,-1,1,-1,-1,1,-1,-1,1,1,-1,-1,1,1,-1,1,1,-1,1,-1,1,-1,-1,1,1,-1,-1,-1,-1,-1,1,-1,-1,1,-1,-1,-1,1,1,-1,-1,-1,-1,-1,1,-1,-1,-1,-1,-1,1,1,1,-1,-1,-1,-1,-1,1,1,-1,-1,-1,-1,-1,1,1,1,-1,-1,-1,-1,1,1,-1,-1,-1,-1,1,1,1,1,-1,-1,1,1,1,1,1,-1,-1,-1,1,1,1,1,1,-1,1,1,1,1,-1,1,-1,-1,1,-1,1,-1,1,-1,-1,1,-1,1,-1,-1,-1,-1,1,-1,1,-1,1,1,-1,1,-1,1,-1,1,1,-1,1,-1,1,-1,-1,-1,-1,1,1,-1,-1,-1,-1,-1,1,-1,1,-1,-1,-1,-1,-1,-1,-1,1,-1,-1,-1,1,-1,-1,1,-1,-1,-1,-1,-1,1,1,-1,-1,-1,-1,-1,1,-1,-1,-1,1,-1,-1,1,-1,1,-1,-1,-1,-1,-1,-1,-1,1,-1,-1,-1,1,1,-1,-1,-1,-1,1,-1,-1,-1,-1,1,-1,-1,1,-1,1,-1,-1,-1,-1,1,-1,1,1,-1,1,-1,-1,1,1,-1,-1,-1,-1,-1,-1,1,1,-1,-1,1,-1,1,1,-1,-1,-1,1,-1,1,1,-1,-1,1,-1,-1,1,1,1,-1,1,-1,1,1,1,-1,-1,1,-1,-1,1,1,1,-1,1,-1,-1,1,1,-1,1,1,-1,-1,1,1,-1,1,1,-1,-1,1,1,-1,1,1,-1,-1,1,1,1,1,-1,1,-1,-1,1,-1,1,1,-1,-1,1,-1,1,1,1,1,-1,-1,1,-1,1,1,1,-1,1,1,1,1,-1,1,-1,1,1,1,1,1,1,1,-1,1,1,1,1,-1,1,-1,1,1,1,1,1,-1,1,1,1,1,-1,1,1,-1,1,1,-1,1,1,-1,-1,1,1,1,1,-1,1,-1,1,1,1,-1,-1,1,-1,1,1,1,-1,1,-1,-1,-1,1,1,-1,-1,1,-1,-1,1,1,1,-1,1,-1,-1,1,1,1,-1,1,-1,-1,1,1,-1,-1,1,1,-1,1,1,-1,1,1,-1,1,1,-1,-1,1,-1,-1,-1,1,1,-1,1,1,-1,1,1,-1,-1,-1,-1,1,-1,-1,-1,-1,1,-1,-1,1,1,-1,1,1,-1,1,1,1,1,-1,1,-1,1,1,1,1,-1,1,-1,-1,1,1,1,-1,1,-1,1,1,1,1,-1,1,-1,1,1,-1,-1,-1,1,-1,-1,1,1,-1,-1,-1,1,-1,1,-1,1,-1,1,-1,-1,1,-2670.0,1,2000,445,1000,False
1023,1,1,-1,-1,1,-1,1,-1,1,1,1,-1,1,1,1,1,-1,1,-1,-1,1,-1,1,1,1,-1,1,-1,1,1,1,1,1,-1,-1,-1,1,1,1,-1,-1,-1,-1,1,1,1,1,-1,1,1,1,1,-1,1,-1,-1,1,-1,1,1,1,-1,-1,-1,1,1,1,1,-1,-1,-1,1,1,1,1,-1,-1,-1,1,1,1,-1,-1,-1,1,1,1,1,-1,-1,-1,1,1,1,1,-1,-1,1,1,-1,1,1,-1,-1,1,1,1,1,1,-1,-1,1,1,-1,1,1,-1,-1,1,1,1,1,1,1,-1,-1,1,1,-1,1,1,-1,1,1,1,1,1,1,-1,-1,1,1,1,1,1,-1,1,1,1,1,1,1,-1,-1,-1,1,1,1,1,-1,1,1,1,1,-1,1,-1,1,-1,1,1,1,-1,-1,1,1,1,1,1,-1,1,-1,-1,1,-1,1,-1,1,1,1,1,1,1,1,1,1,-1,1,-1,1,-1,1,1,-1,1,-1,1,1,-1,1,-1,1,-1,1,-1,1,1,-1,1,-1,1,1,1,1,-1,-1,1,1,-1,-1,1,-1,1,-1,-1,1,-1,1,-1,1,-1,1,-1,1,1,-1,-1,-1,1,1,-1,1,-1,1,1,1,-1,1,1,-1,1,-1,1,-1,1,-1,1,-1,1,1,-1,1,-1,-1,-1,1,1,-1,1,-1,-1,-1,1,1,-1,-1,1,1,-1,-1,1,1,-1,1,1,-1,1,1,1,1,-1,1,-1,1,1,-1,1,-1,1,-1,1,1,1,1,1,1,-1,-1,1,-1,-1,-1,1,1,-1,1,1,1,-1,1,1,1,1,1,1,1,1,-1,1,1,1,-1,1,1,-1,1,1,1,-1,1,1,-1,-1,1,1,1,-1,1,-1,1,1,1,-1,1,1,-1,1,1,1,-1,1,1,-1,1,1,1,-1,1,1,-1,-1,1,1,-1,1,1,-1,1,-1,1,-1,1,1,1,-1,1,1,1,1,1,1,-1,1,1,-1,1,1,1,-1,-1,-1,-1,1,1,1,-1,1,1,-1,1,1,-1,-1,1,1,1,1,1,-1,1,1,1,-1,1,1,1,1,-1,1,1,1,-1,1,-1,1,1,1,1,1,1,-1,-1,-1,1,-1,-1,1,-1,1,-1,1,1,1,1,1,-1,-1,1,-1,-1,1,-1,1,-1,1,1,-1,1,1,1,-1,-1,1,-1,1,1,-1,-1,1,1,1,-1,1,-1,-1,-1,1,-1,1,1,-1,-1,1,1,1,1,-1,1,-1,1,-1,1,1,-1,-1,-1,1,-1,1,1,-1,-1,-1,1,-1,1,1,1,-1,-1,1,-1,-1,1,-1,-1,-1,1,-1,1,1,1,-1,-1,1,1,-1,1,-1,-1,-1,-1,1,-1,1,-1,-1,-1,1,1,-1,1,-1,-1,-1,-1,1,-1,1,-1,-1,-1,-1,1,-1,-1,1,1,1,-1,1,-1,1,-1,1,-1,1,-1,-1,-1,1,-1,-1,1,1,1,-1,1,-1,1,1,1,-1,1,1,-1,1,-1,1,-1,-1,1,-1,-1,1,1,1,-1,1,-1,-1,1,1,-1,-1,1,-1,-1,1,1,-1,-1,1,-1,-1,-1,1,1,-1,1,1,-1,-1,1,-1,-1,1,-1,1,-1,1,1,-1,-1,1,-1,-1,-1,-1,-1,1,1,1,-1,-1,1,-1,-1,1,-1,-1,1,-1,-1,1,1,-1,-1,1,1,-1,1,1,-1,1,-1,1,-1,-1,1,1,-1,-1,-1,-1,1,1,-1,-1,1,-1,-1,-1,1,1,-1,-1,-1,-1,-1,1,-1,-1,-1,-1,-1,1,1,1,-1,-1,-1,-1,-1,1,1,-1,-1,-1,-1,-1,1,1,1,-1,-1,-1,-1,1,1,-1,-1,-1,-1,1,1,1,1,1,-1,1,1,1,1,1,1,-1,-1,1,1,1,-1,-1,-1,1,1,1,1,-1,1,-1,-1,1,-1,1,-1,1,-1,-1,1,-1,1,-1,1,-1,-1,1,-1,1,-1,1,-1,-1,1,-1,1,1,1,-1,-1,1,-1,1,1,1,-1,-1,1,1,-1,1,1,-1,-1,1,-1,1,-1,1,-1,-1,-1,-1,-1,1,1,-1,-1,1,-1,-1,1,1,-1,-1,-1,-1,1,-1,1,-1,-1,-1,-1,1,1,-1,-1,1,-1,-1,1,-1,1,-1,-1,-1,-1,-1,1,1,1,-1,-1,-1,1,1,1,-1,-1,1,1,-1,-1,1,-1,1,-1,-1,1,1,1,-1,-1,-1,-1,1,-1,1,1,-1,1,-1,-1,1,1,-1,-1,-1,-1,-1,-1,1,1,-1,-1,1,-1,1,1,-1,-1,-1,1,-1,1,1,-1,-1,1,-1,-1,1,1,1,-1,1,-1,1,1,1,-1,-1,1,-1,-1,1,1,1,-1,1,-1,-1,1,1,-1,1,1,-1,-1,1,1,1,1,1,-1,-1,1,1,-1,1,1,-1,-1,1,1,1,1,1,1,-1,-1,1,1,1,1,-1,-1,1,-1,1,1,1,1,-1,-1,1,-1,1,1,1,-1,1,1,1,1,-1,1,-1,1,1,1,1,1,1,1,-1,1,1,1,1,-1,1,-1,1,1,1,1,1,-1,1,1,1,1,-1,1,1,-1,1,1,-1,1,1,-1,-1,1,1,1,1,-1,1,-1,1,1,1,-1,-1,1,-1,1,1,1,-1,1,-1,-1,-1,1,1,-1,-1,1,-1,-1,1,1,-1,-1,1,-1,-1,1,1,1,-1,1,-1,-1,1,1,-1,-1,-1,1,-1,-1,1,-1,1,1,-1,1,1,-1,-1,1,-1,-1,-1,1,1,-1,1,1,-1,1,1,-1,-1,-1,-1,1,-1,-1,-1,-1,1,-1,-1,1,1,-1,1,1,-1,1,1,1,1,-1,1,-1,1,1,1,1,-1,1,-1,-1,-1,1,1,-1,1,-1,1,1,1,1,-1,1,-1,1,1,-1,-1,-1,1,-1,-1,1,1,-1,-1,-1,1,-1,1,-1,1,-1,1,-1,-1,1,-2670.0,1,2000,445,1000,False
1024,1,1,-1,-1,1,1,-1,-1,1,1,1,-1,1,1,1,1,-1,1,-1,-1,-1,-1,1,1,1,-1,1,-1,1,1,1,1,-1,-1,-1,-1,1,1,1,-1,1,-1,-1,1,1,1,1,-1,1,1,1,1,-1,1,-1,-1,1,-1,1,1,1,-1,-1,-1,1,1,1,1,-1,-1,-1,1,1,1,1,-1,-1,-1,1,1,1,-1,-1,-1,1,1,1,1,-1,-1,-1,1,1,1,1,-1,-1,1,1,-1,1,1,-1,-1,1,1,1,1,1,-1,-1,1,1,1,1,1,-1,-1,1,1,1,1,1,1,-1,1,1,1,-1,1,1,-1,1,1,1,1,1,1,-1,-1,1,1,1,1,1,-1,1,1,1,1,1,1,-1,-1,-1,1,1,1,1,-1,1,1,1,1,-1,1,-1,1,-1,1,1,1,-1,-1,1,1,1,1,1,-1,1,-1,-1,1,-1,1,-1,1,1,1,1,1,1,1,1,1,-1,1,-1,1,-1,1,1,-1,1,-1,1,1,-1,1,-1,1,-1,1,-1,1,1,-1,1,-1,1,1,1,1,-1,-1,1,1,-1,-1,1,-1,1,-1,-1,1,-1,1,-1,1,-1,1,-1,1,1,-1,-1,-1,1,1,-1,1,-1,1,1,1,-1,1,1,-1,-1,-1,1,-1,1,-1,1,-1,1,1,-1,1,-1,-1,-1,1,1,-1,1,-1,-1,-1,1,1,-1,-1,1,1,-1,-1,1,1,-1,1,1,-1,1,1,1,1,-1,1,-1,1,1,-1,1,-1,1,-1,1,1,1,1,1,1,-1,-1,1,-1,-1,-1,1,1,-1,1,1,1,-1,1,1,1,1,1,1,1,1,-1,1,1,1,-1,1,1,-1,1,1,1,-1,1,1,-1,-1,1,1,1,-1,1,-1,1,1,1,-1,1,1,-1,1,1,1,-1,1,1,-1,1,1,1,-1,1,1,1,-1,1,1,-1,1,1,-1,1,-1,1,-1,1,1,1,-1,1,1,1,-1,1,1,-1,1,1,-1,1,1,1,-1,-1,-1,-1,1,1,1,-1,1,1,-1,1,1,-1,-1,1,1,1,1,1,-1,1,1,1,-1,1,1,1,1,-1,1,1,-1,-1,1,-1,1,-1,1,-1,1,1,-1,-1,-1,1,-1,-1,1,1,-1,1,1,-1,1,1,1,1,-1,1,-1,-1,1,-1,1,-1,1,-1,1,1,1,1,-1,-1,1,-1,1,1,1,-1,1,1,1,-1,1,1,-1,1,-1,-1,1,1,1,-1,-1,-1,1,1,1,1,-1,1,-1,1,1,1,-1,1,1,-1,1,1,1,-1,-1,1,-1,1,1,1,-1,1,-1,-1,-1,1,1,-1,-1,1,-1,1,1,1,1,-1,1,-1,-1,1,1,1,-1,-1,-1,-1,1,1,-1,-1,1,-1,-1,1,-1,1,-1,-1,1,-1,1,-1,1,1,-1,1,-1,-1,1,1,1,-1,1,-1,1,-1,-1,-1,1,-1,-1,-1,1,-1,-1,1,1,1,-1,1,-1,1,1,1,-1,1,1,-1,1,-1,1,-1,-1,1,-1,-1,1,1,1,-1,1,-1,-1,1,1,-1,-1,1,-1,-1,1,1,-1,-1,1,-1,-1,-1,1,1,-1,1,1,-1,-1,1,-1,-1,1,-1,1,-1,1,1,-1,-1,1,-1,-1,-1,-1,-1,1,1,1,-1,-1,1,-1,-1,1,-1,-1,1,-1,-1,1,1,-1,-1,1,-1,-1,1,1,-1,1,-1,-1,-1,-1,1,1,-1,-1,-1,-1,1,1,-1,-1,1,-1,-1,-1,1,1,-1,-1,-1,-1,-1,1,-1,-1,-1,-1,-1,1,1,1,-1,-1,-1,-1,-1,1,1,-1,-1,-1,-1,-1,1,1,1,-1,-1,-1,-1,1,1,-1,-1,-1,-1,1,1,1,1,-1,-1,1,1,1,1,1,-1,-1,-1,1,1,1,-1,1,-1,1,1,1,1,-1,1,-1,-1,1,-1,1,-1,1,-1,-1,1,-1,1,-1,-1,-1,-1,1,-1,1,-1,1,-1,-1,1,-1,1,-1,1,-1,-1,1,-1,1,-1,-1,-1,-1,1,1,-1,-1,-1,-1,-1,1,-1,1,-1,-1,-1,-1,-1,-1,-1,1,-1,-1,-1,1,-1,-1,1,-1,-1,-1,-1,-1,1,1,-1,-1,-1,-1,-1,1,-1,-1,-1,1,-1,-1,1,-1,1,-1,-1,-1,-1,-1,-1,-1,1,-1,-1,-1,1,1,1,-1,-1,1,-1,-1,-1,-1,-1,1,-1,-1,1,1,1,-1,-1,-1,-1,1,-1,1,1,-1,1,-1,-1,1,1,-1,-1,-1,-1,-1,-1,1,1,-1,-1,1,-1,1,1,1,-1,-1,1,-1,-1,1,-1,-1,1,-1,-1,1,1,1,-1,1,-1,1,1,1,-1,-1,1,-1,-1,1,1,1,-1,1,-1,-1,1,1,-1,1,1,-1,-1,1,1,1,1,1,-1,-1,1,1,-1,1,1,-1,-1,1,1,1,1,1,1,-1,1,1,1,1,1,-1,-1,1,-1,1,1,1,1,-1,-1,1,-1,1,1,1,-1,1,1,1,1,-1,1,-1,1,1,1,1,1,1,1,-1,1,1,1,1,-1,1,-1,1,1,1,1,1,-1,1,1,1,1,-1,1,1,-1,1,1,-1,1,1,-1,-1,1,1,1,1,-1,1,-1,1,1,1,-1,-1,1,-1,1,1,1,-1,1,-1,-1,-1,1,1,-1,-1,1,-1,-1,1,1,-1,-1,1,-1,1,-1,1,1,-1,1,-1,-1,1,1,-1,-1,-1,1,1,-1,1,-1,1,1,-1,1,1,-1,-1,1,1,-1,-1,1,1,-1,1,1,1,1,1,-1,-1,-1,-1,1,-1,-1,-1,-1,-1,1,1,1,1,-1,1,1,-1,1,1,1,1,-1,1,-1,1,1,1,1,-1,1,-1,1,1,1,1,-1,1,-1,1,1,1,1,-1,1,-1,1,1,1,-1,-1,1,-1,-1,1,1,-1,-1,-1,1,-1,1,1,1,-1,1,-1,1,1,-2670.0,1,2000,445,1000,False
1025,1,1,-1,-1,1,-1,-1,-1,1,1,1,-1,1,1,1,1,-1,1,-1,-1,1,-1,1,1,1,-1,1,-1,1,1,1,1,-1,-1,-1,-1,1,1,1,1,-1,-1,-1,1,1,1,1,-1,1,1,1,1,-1,1,-1,-1,1,-1,1,1,1,-1,-1,-1,1,1,1,1,-1,-1,-1,1,1,1,1,-1,-1,-1,1,1,1,-1,-1,-1,1,1,1,1,-1,1,-1,1,1,1,1,-1,-1,1,1,-1,1,1,-1,-1,1,1,1,1,1,-1,-1,1,1,-1,1,1,-1,-1,1,1,1,1,1,1,-1,1,1,1,-1,1,1,-1,1,1,1,1,1,1,-1,-1,1,1,-1,1,1,-1,1,1,1,1,1,1,-1,-1,-1,1,-1,1,1,-1,1,1,1,1,-1,1,-1,1,-1,1,1,1,-1,-1,1,1,1,1,1,-1,1,-1,-1,1,1,1,-1,1,1,1,1,-1,1,1,1,1,-1,1,-1,1,-1,1,1,-1,1,-1,1,1,-1,1,-1,1,-1,1,-1,1,1,-1,-1,-1,1,1,1,1,-1,-1,1,1,-1,-1,1,-1,1,1,-1,1,-1,1,-1,1,-1,1,-1,-1,1,-1,-1,1,1,1,-1,1,-1,1,1,1,-1,1,1,-1,1,-1,1,-1,1,-1,1,-1,1,1,-1,1,-1,-1,-1,1,1,-1,1,-1,-1,-1,-1,1,-1,-1,1,1,-1,-1,1,1,-1,1,1,-1,1,1,1,1,-1,1,-1,1,1,-1,1,-1,1,1,-1,1,1,1,1,1,-1,-1,1,-1,-1,1,1,1,-1,1,1,1,-1,1,-1,-1,1,1,1,1,1,-1,1,1,1,-1,1,1,-1,1,1,1,-1,1,1,-1,1,-1,1,1,-1,1,-1,1,1,1,-1,1,1,-1,1,1,1,-1,1,-1,-1,1,1,1,-1,1,-1,-1,1,1,1,-1,1,-1,-1,-1,-1,1,-1,1,1,-1,1,1,1,1,-1,1,-1,-1,-1,1,-1,1,-1,-1,1,-1,-1,-1,1,1,-1,1,-1,1,-1,1,-1,1,-1,1,1,1,1,-1,1,-1,1,1,-1,1,-1,-1,-1,-1,1,1,-1,1,-1,-1,1,-1,1,-1,-1,-1,1,-1,-1,1,-1,1,-1,-1,1,-1,1,-1,-1,-1,1,1,-1,1,-1,1,-1,-1,1,-1,1,-1,-1,-1,-1,1,-1,-1,1,1,-1,-1,-1,-1,1,1,-1,1,-1,1,-1,1,-1,1,-1,-1,1,-1,1,-1,-1,-1,1,1,-1,1,-1,1,-1,1,-1,1,1,-1,1,-1,1,-1,-1,1,-1,-1,-1,1,-1,1,-1,1,1,-1,1,-1,-1,1,-1,-1,1,-1,1,-1,1,-1,1,-1,1,1,-1,-1,-1,1,-1,1,-1,-1,1,-1,1,1,1,1,-1,-1,1,1,-1,1,1,-1,-1,1,1,1,-1,1,1,-1,1,1,1,1,-1,1,1,-1,-1,-1,1,-1,-1,1,-1,1,-1,1,-1,1,-1,-1,-1,1,1,-1,1,1,-1,-1,-1,1,-1,1,1,-1,1,-1,1,-1,-1,-1,-1,-1,-1,1,-1,-1,-1,-1,-1,-1,1,-1,1,1,1,1,-1,1,-1,1,1,-1,-1,-1,1,-1,-1,1,-1,1,-1,-1,1,1,1,1,-1,-1,1,1,1,1,-1,1,-1,-1,1,1,1,-1,-1,-1,1,1,1,1,-1,1,-1,1,-1,1,-1,1,1,-1,-1,1,1,1,-1,-1,-1,-1,1,1,1,1,-1,-1,-1,1,1,1,1,-1,-1,-1,1,-1,1,-1,-1,-1,-1,1,1,1,1,-1,1,-1,1,-1,1,1,-1,-1,-1,1,1,-1,1,-1,-1,-1,1,1,1,1,-1,-1,1,-1,1,1,-1,-1,1,1,-1,1,1,-1,-1,-1,1,1,-1,1,1,-1,1,1,1,-1,1,-1,-1,-1,1,-1,1,-1,-1,-1,1,-1,1,-1,1,-1,-1,-1,-1,-1,-1,1,-1,-1,-1,1,1,-1,1,-1,-1,1,-1,-1,-1,1,-1,-1,-1,1,1,1,-1,-1,-1,-1,1,-1,-1,1,-1,-1,-1,-1,-1,-1,1,-1,-1,-1,1,-1,-1,1,-1,-1,-1,-1,-1,1,1,-1,-1,-1,-1,-1,1,-1,-1,-1,1,-1,-1,1,-1,1,-1,-1,-1,-1,-1,-1,-1,1,-1,-1,-1,1,1,-1,-1,-1,1,-1,1,-1,-1,-1,1,-1,-1,1,1,1,-1,-1,-1,-1,1,-1,1,1,-1,1,-1,-1,1,1,-1,-1,-1,-1,-1,-1,1,1,-1,-1,1,-1,1,1,-1,-1,-1,1,-1,1,1,-1,-1,1,-1,-1,1,1,1,-1,1,-1,1,1,1,-1,-1,1,-1,-1,1,1,1,-1,1,-1,-1,1,1,-1,1,1,-1,-1,1,1,-1,1,1,-1,-1,1,1,-1,1,1,-1,-1,1,1,1,1,-1,1,-1,1,1,1,-1,1,-1,-1,1,-1,1,1,1,1,-1,-1,1,-1,1,1,1,-1,1,1,1,1,-1,1,-1,1,1,1,1,1,1,1,-1,-1,1,1,1,-1,1,-1,1,1,1,1,1,-1,1,1,1,1,-1,1,1,-1,1,1,-1,1,1,-1,-1,1,1,1,1,-1,1,-1,1,1,1,-1,-1,1,-1,1,1,1,-1,1,-1,-1,-1,1,1,-1,-1,1,-1,-1,1,1,1,-1,1,-1,1,1,1,1,-1,-1,-1,-1,1,1,-1,-1,-1,1,1,-1,1,-1,1,1,-1,1,1,-1,-1,1,1,-1,-1,-1,1,-1,1,1,1,1,1,-1,-1,-1,-1,1,-1,-1,-1,-1,-1,1,1,1,1,-1,1,1,-1,1,1,1,1,-1,1,-1,1,1,1,1,-1,1,-1,1,1,1,1,-1,1,-1,1,1,1,1,-1,1,-1,1,1,-1,-1,-1,1,-1,1,1,1,-1,-1,-1,1,-1,1,-1,1,-1,1,-1,1,1,-2670.0,1,2000,445,1500,False
1026,1,1,-1,-1,1,1,-1,-1,1,1,1,-1,-1,1,1,1,-1,1,-1,-1,-1,-1,1,1,1,1,-1,-1,1,1,1,1,-1,-1,-1,-1,1,-1,1,1,-1,-1,-1,1,1,1,1,-1,1,1,1,1,-1,1,-1,-1,1,-1,1,1,1,-1,-1,-1,1,1,1,1,-1,-1,-1,1,1,1,1,-1,-1,-1,1,1,1,-1,-1,-1,1,1,1,1,-1,-1,1,1,1,1,1,-1,-1,-1,1,-1,1,1,-1,-1,1,1,1,1,1,-1,-1,-1,1,1,1,1,-1,-1,1,1,1,1,1,1,-1,-1,1,1,-1,1,1,-1,1,1,1,1,1,1,-1,1,1,1,1,1,1,-1,1,1,1,1,1,1,-1,-1,-1,1,1,1,1,-1,1,1,1,1,-1,1,-1,1,-1,1,1,1,-1,-1,1,1,1,1,1,-1,1,-1,-1,1,-1,1,-1,1,1,1,1,1,1,1,1,1,1,1,-1,1,-1,1,1,-1,1,-1,1,1,-1,1,-1,1,-1,1,-1,1,1,-1,1,-1,1,1,1,1,-1,-1,1,1,-1,-1,1,-1,1,-1,-1,1,-1,1,-1,1,-1,1,-1,-1,1,-1,-1,-1,1,1,-1,1,-1,1,1,1,-1,1,1,-1,1,-1,1,-1,1,-1,1,-1,1,1,-1,1,-1,-1,-1,1,1,-1,1,-1,-1,-1,1,1,-1,-1,1,1,-1,-1,1,1,-1,1,1,-1,1,1,1,1,-1,1,-1,1,1,-1,1,-1,1,-1,1,1,1,1,1,1,-1,-1,1,-1,-1,1,1,1,-1,1,1,1,-1,1,1,1,1,1,1,1,1,-1,1,1,1,-1,1,1,-1,1,1,1,-1,1,1,-1,-1,1,1,1,-1,1,-1,1,1,1,-1,1,1,-1,1,1,1,-1,1,1,-1,1,1,1,-1,1,1,1,-1,1,1,-1,1,1,-1,1,-1,1,-1,1,-1,1,-1,1,1,1,-1,1,1,-1,1,1,-1,1,1,1,-1,-1,-1,-1,1,1,1,-1,1,1,-1,1,1,-1,-1,1,1,1,1,1,-1,1,1,1,-1,1,1,1,-1,-1,1,1,-1,-1,1,-1,1,-1,1,-1,1,1,-1,-1,-1,1,-1,1,1,-1,1,-1,1,-1,1,1,1,-1,-1,1,-1,-1,1,-1,1,-1,1,-1,-1,1,-1,1,-1,-1,1,-1,1,1,-1,-1,1,1,1,-1,1,-1,-1,1,-1,-1,1,1,-1,-1,1,-1,1,1,-1,1,-1,1,-1,1,1,-1,-1,1,1,-1,1,1,-1,-1,-1,1,-1,1,1,1,-1,1,-1,1,-1,1,-1,-1,-1,1,-1,1,1,1,-1,-1,1,-1,-1,1,-1,-1,-1,-1,-1,-1,1,-1,-1,-1,1,-1,-1,1,-1,-1,-1,-1,1,-1,1,-1,-1,-1,-1,1,-1,-1,1,1,1,-1,1,-1,1,-1,1,1,1,-1,-1,-1,1,-1,1,1,1,1,-1,1,-1,-1,1,1,-1,1,1,-1,1,-1,1,-1,-1,1,-1,-1,1,1,1,-1,1,-1,-1,1,1,-1,-1,1,-1,-1,1,1,-1,-1,1,-1,-1,-1,1,1,-1,1,1,-1,-1,1,-1,-1,1,-1,1,-1,1,1,-1,-1,1,-1,-1,-1,-1,-1,1,1,1,-1,-1,1,-1,-1,1,-1,-1,1,-1,-1,1,1,-1,-1,1,-1,-1,1,1,-1,1,-1,-1,-1,-1,1,1,-1,-1,-1,-1,-1,1,-1,-1,1,-1,-1,-1,1,1,-1,-1,-1,-1,-1,1,-1,-1,-1,-1,-1,1,1,1,-1,-1,-1,-1,-1,1,1,-1,-1,-1,-1,-1,1,1,1,-1,-1,-1,-1,1,1,1,-1,-1,-1,1,1,1,1,1,-1,1,1,1,1,1,1,-1,-1,1,1,1,-1,-1,-1,1,1,1,1,-1,1,-1,-1,1,-1,1,-1,1,-1,-1,1,-1,1,1,1,-1,-1,1,-1,1,-1,1,1,-1,1,-1,1,1,1,1,-1,1,-1,1,1,1,-1,-1,1,1,-1,1,1,-1,-1,1,-1,1,-1,1,-1,-1,-1,-1,-1,1,1,-1,-1,1,-1,-1,1,1,-1,-1,-1,-1,1,-1,1,-1,-1,-1,-1,1,1,-1,-1,1,-1,-1,1,-1,1,-1,-1,-1,-1,-1,1,1,1,-1,-1,-1,1,1,1,-1,-1,1,-1,-1,-1,1,-1,1,-1,-1,1,1,1,-1,-1,-1,-1,1,-1,1,1,-1,1,-1,-1,1,1,-1,-1,-1,-1,-1,-1,1,1,-1,-1,1,-1,1,1,-1,-1,-1,1,-1,1,1,-1,-1,1,-1,-1,1,1,1,-1,1,-1,1,1,1,-1,-1,1,-1,-1,1,1,1,-1,1,-1,-1,1,1,-1,1,1,-1,-1,1,1,-1,1,1,-1,-1,1,1,-1,1,1,-1,-1,1,1,1,1,-1,1,-1,1,1,1,1,1,-1,-1,1,-1,1,1,1,1,-1,-1,1,-1,1,1,1,-1,1,1,1,1,-1,1,-1,1,1,1,1,1,1,1,-1,-1,1,1,1,-1,1,-1,1,1,1,1,1,-1,1,1,1,1,-1,1,1,-1,1,1,-1,1,1,-1,-1,1,1,1,1,-1,1,-1,1,1,1,-1,-1,1,-1,1,1,1,-1,1,-1,-1,-1,1,1,-1,-1,1,-1,-1,1,1,1,-1,1,-1,1,1,1,1,-1,1,-1,-1,1,1,-1,-1,-1,1,1,1,1,-1,1,1,-1,1,1,-1,-1,1,1,-1,-1,1,1,-1,1,1,1,1,1,-1,-1,-1,-1,-1,-1,-1,-1,-1,-1,1,1,1,1,-1,1,1,-1,1,1,1,1,-1,1,-1,1,1,1,-1,-1,1,-1,1,1,1,-1,-1,1,-1,1,1,1,-1,-1,1,-1,1,1,1,1,-1,1,-1,1,1,1,1,-1,-1,1,-1,1,-1,1,-1,1,-1,1,1,-2670.0,1,2000,445,1000,False
1027,1,1,-1,-1,1,-1,-1,-1,1,1,1,-1,1,1,1,1,-1,1,1,-1,1,-1,1,1,1,1,-1,-1,1,1,1,1,-1,-1,-1,-1,1,-1,1,1,-1,-1,-1,1,1,1,1,-1,1,1,1,1,-1,1,-1,-1,1,-1,1,1,1,-1,-1,-1,1,1,1,1,-1,-1,-1,1,1,1,1,-1,-1,-1,1,1,1,-1,-1,-1,1,1,1,1,-1,-1,-1,1,1,1,1,-1,-1,1,1,-1,1,1,-1,-1,1,1,1,1,1,-1,-1,1,1,-1,1,1,-1,-1,1,1,1,1,1,1,-1,1,1,1,-1,1,1,-1,1,1,1,1,1,1,-1,-1,1,1,1,1,1,-1,1,1,1,1,1,1,-1,-1,-1,1,1,1,1,-1,1,1,1,1,-1,1,-1,1,-1,1,1,1,-1,-1,1,1,1,1,1,-1,1,-1,-1,1,-1,1,-1,1,1,1,1,1,1,1,1,1,-1,1,-1,1,-1,1,1,-1,1,-1,1,1,-1,1,-1,1,-1,1,-1,1,1,-1,1,-1,1,1,1,1,-1,-1,1,1,-1,-1,1,-1,1,-1,-1,1,-1,1,-1,1,-1,1,-1,1,1,-1,-1,-1,1,1,-1,1,-1,1,1,1,-1,1,1,-1,-1,-1,1,-1,1,-1,1,-1,1,1,-1,1,-1,-1,-1,1,1,-1,1,-1,-1,-1,1,1,-1,-1,1,1,-1,-1,1,1,-1,1,1,-1,1,1,1,1,-1,1,-1,1,1,-1,1,-1,1,1,-1,1,1,1,1,1,-1,-1,1,-1,-1,-1,1,1,-1,1,1,1,-1,1,-1,-1,1,1,1,-1,1,-1,1,1,1,-1,-1,1,-1,1,1,1,-1,1,1,-1,1,-1,1,1,-1,1,-1,1,1,1,-1,1,1,-1,1,1,1,-1,1,-1,-1,1,1,1,-1,1,-1,-1,1,1,1,-1,1,-1,-1,-1,-1,1,-1,1,1,-1,1,1,1,1,1,1,-1,-1,-1,1,-1,1,-1,-1,1,-1,-1,-1,1,-1,-1,1,-1,1,-1,1,-1,1,-1,1,1,1,1,-1,1,-1,1,1,-1,1,-1,-1,-1,-1,1,1,1,1,-1,-1,1,1,1,1,-1,-1,1,-1,-1,1,-1,1,-1,1,-1,1,1,1,-1,-1,1,1,-1,1,-1,1,-1,-1,1,-1,1,1,-1,-1,-1,1,-1,-1,1,1,-1,-1,1,-1,1,1,-1,1,-1,1,-1,-1,1,1,-1,1,1,-1,1,1,-1,-1,1,1,-1,1,-1,1,-1,1,-1,-1,1,-1,1,-1,1,-1,-1,1,-1,-1,-1,1,-1,-1,1,-1,1,-1,1,-1,-1,1,-1,-1,1,-1,1,-1,1,1,1,-1,1,1,-1,-1,1,1,-1,1,-1,-1,1,-1,1,1,-1,1,-1,-1,1,1,-1,-1,1,-1,-1,1,1,1,1,1,1,-1,1,1,1,-1,-1,-1,1,-1,-1,-1,1,-1,1,1,-1,1,-1,1,-1,1,-1,-1,-1,1,1,-1,1,1,-1,-1,-1,1,-1,1,1,-1,1,-1,1,-1,-1,-1,-1,-1,-1,1,-1,-1,-1,-1,-1,-1,1,-1,1,1,1,1,-1,1,-1,1,1,-1,-1,-1,1,-1,-1,1,-1,1,-1,-1,1,1,1,1,-1,-1,1,1,1,1,-1,1,-1,-1,1,1,1,-1,-1,-1,1,1,1,1,-1,1,-1,1,-1,1,-1,1,1,-1,-1,1,1,1,-1,-1,-1,1,1,1,1,1,-1,-1,-1,1,1,1,1,-1,-1,-1,1,-1,1,-1,-1,-1,1,1,1,1,1,-1,-1,-1,1,-1,1,-1,-1,-1,-1,1,1,-1,1,-1,-1,-1,1,1,1,1,-1,-1,1,1,1,-1,1,-1,1,1,-1,1,1,-1,-1,-1,1,1,-1,1,1,-1,1,1,1,-1,1,1,-1,-1,1,-1,1,-1,1,-1,-1,1,1,-1,1,-1,-1,-1,1,-1,-1,1,-1,1,-1,1,1,-1,-1,1,1,-1,1,-1,-1,1,-1,-1,-1,1,1,1,-1,-1,-1,-1,1,-1,1,-1,-1,-1,-1,-1,-1,-1,1,-1,-1,-1,1,-1,-1,1,-1,-1,-1,-1,-1,1,1,-1,-1,-1,-1,-1,1,-1,-1,-1,1,-1,-1,1,-1,1,-1,-1,-1,-1,-1,-1,-1,1,-1,-1,-1,1,1,1,-1,-1,1,-1,1,-1,-1,-1,1,-1,-1,1,1,1,-1,-1,-1,-1,1,-1,1,1,-1,1,-1,-1,1,1,-1,-1,-1,-1,-1,-1,1,1,-1,-1,1,-1,1,1,-1,-1,-1,1,-1,1,1,-1,-1,1,-1,-1,1,1,1,-1,1,-1,1,1,1,-1,-1,1,-1,-1,1,1,1,-1,1,-1,-1,1,1,-1,1,1,-1,-1,1,1,-1,1,1,-1,-1,1,1,-1,1,1,-1,-1,1,1,1,1,1,1,-1,-1,1,-1,1,1,-1,-1,1,-1,1,1,1,1,-1,-1,1,-1,1,1,1,-1,1,1,1,1,-1,1,-1,1,1,1,1,1,1,1,-1,1,1,1,1,-1,1,-1,1,1,1,1,1,-1,1,1,1,1,-1,1,1,-1,1,1,-1,1,1,-1,-1,1,1,1,1,-1,1,-1,1,1,1,-1,-1,1,-1,1,1,1,-1,1,-1,-1,-1,1,1,-1,-1,1,-1,-1,1,1,-1,-1,1,-1,-1,1,1,1,-1,1,-1,-1,1,1,-1,-1,1,1,-1,-1,1,-1,1,1,-1,1,1,-1,-1,1,-1,-1,-1,1,1,-1,1,1,-1,1,1,-1,-1,1,-1,1,-1,-1,-1,-1,1,-1,-1,1,1,-1,1,1,-1,1,1,1,1,-1,1,-1,1,1,1,1,-1,1,-1,-1,-1,1,1,-1,1,-1,1,1,1,1,-1,1,-1,1,1,-1,-1,-1,1,-1,-1,1,1,-1,-1,-1,1,-1,1,-1,1,-1,1,-1,-1,1,-2670.0,1,2000,445,1000,False
1028,1,1,-1,-1,1,1,-1,-1,1,1,1,-1,-1,1,1,1,-1,1,-1,-1,-1,-1,1,1,1,-1,-1,-1,1,1,1,1,-1,-1,-1,-1,1,1,1,1,-1,-1,-1,1,1,1,1,-1,1,1,1,1,-1,1,-1,-1,1,-1,1,1,1,-1,-1,-1,1,1,1,1,-1,-1,-1,1,1,1,1,-1,-1,-1,1,1,1,-1,-1,-1,1,1,1,1,-1,-1,-1,1,1,1,1,-1,-1,1,1,-1,1,1,-1,-1,1,1,1,1,1,-1,-1,1,1,1,1,1,-1,-1,1,1,1,1,1,1,-1,1,1,1,-1,1,1,-1,1,1,1,1,1,1,-1,-1,1,1,1,1,1,-1,1,1,1,1,1,1,-1,-1,-1,1,1,1,1,-1,1,1,1,1,-1,1,-1,1,-1,1,1,1,-1,-1,1,1,1,1,1,-1,1,-1,-1,1,-1,1,-1,1,1,1,1,1,1,1,1,1,-1,1,-1,1,-1,1,1,-1,1,-1,1,1,-1,1,-1,1,-1,1,-1,1,1,-1,1,-1,1,1,1,1,-1,-1,1,1,-1,-1,1,-1,1,-1,1,1,-1,1,-1,1,-1,1,-1,-1,1,-1,-1,-1,1,1,-1,1,-1,1,1,1,-1,1,1,-1,1,-1,1,-1,1,-1,1,-1,1,1,-1,1,-1,-1,-1,1,1,-1,1,-1,-1,-1,1,1,-1,-1,1,1,-1,-1,1,1,-1,1,1,-1,1,1,1,1,-1,1,-1,1,1,-1,1,-1,1,1,-1,1,1,1,1,1,-1,-1,1,-1,-1,-1,1,1,-1,1,1,1,-1,1,-1,-1,1,1,1,1,1,-1,1,1,1,-1,1,1,-1,1,1,1,-1,1,1,-1,-1,1,1,1,-1,1,-1,1,1,1,-1,1,1,-1,1,1,1,-1,1,-1,-1,1,1,1,-1,1,-1,-1,-1,1,1,-1,1,-1,-1,1,-1,1,-1,1,1,-1,-1,1,1,1,-1,1,-1,-1,1,1,-1,1,-1,-1,-1,-1,-1,-1,1,1,-1,-1,1,1,-1,1,-1,1,-1,1,1,1,1,-1,-1,1,1,1,-1,1,-1,-1,-1,-1,1,1,1,1,-1,-1,1,1,1,1,-1,-1,1,-1,-1,1,-1,1,-1,-1,1,-1,1,-1,-1,-1,1,1,-1,1,-1,1,-1,-1,1,-1,1,1,-1,-1,-1,1,-1,-1,1,1,-1,-1,1,-1,1,1,-1,1,-1,1,-1,-1,1,1,-1,-1,1,-1,1,1,-1,-1,1,1,-1,1,-1,1,-1,1,-1,-1,1,-1,1,-1,1,-1,-1,1,-1,-1,-1,1,-1,-1,1,-1,1,-1,1,-1,-1,1,-1,-1,1,-1,1,-1,1,1,1,-1,1,1,-1,-1,1,1,-1,1,-1,-1,1,-1,1,1,1,1,-1,-1,1,1,-1,1,1,1,-1,1,1,1,-1,1,1,-1,1,1,1,1,-1,-1,1,-1,-1,-1,1,-1,-1,1,-1,1,-1,1,-1,1,-1,-1,-1,1,1,-1,1,1,-1,-1,-1,1,-1,1,1,-1,1,-1,1,-1,-1,-1,-1,-1,-1,1,-1,-1,-1,-1,-1,-1,1,-1,1,1,1,1,-1,1,-1,1,1,-1,-1,-1,1,-1,-1,1,-1,1,-1,-1,1,1,1,1,-1,-1,1,1,1,1,-1,1,-1,-1,1,1,1,-1,-1,-1,1,1,1,1,-1,-1,-1,1,-1,1,-1,1,-1,-1,-1,1,1,1,-1,-1,-1,1,1,1,1,1,-1,-1,-1,1,1,1,1,-1,-1,-1,1,-1,1,-1,-1,-1,1,1,1,1,1,-1,-1,-1,1,1,1,1,-1,-1,-1,1,1,-1,1,-1,-1,-1,1,1,1,1,-1,-1,1,1,1,1,-1,-1,1,1,-1,1,1,-1,-1,-1,1,1,1,1,1,-1,1,1,1,1,1,-1,-1,-1,1,-1,1,-1,-1,-1,-1,1,-1,1,1,-1,-1,-1,1,-1,1,1,-1,-1,-1,1,1,1,1,-1,-1,-1,1,-1,1,1,-1,-1,-1,1,1,-1,-1,-1,-1,-1,1,-1,1,-1,-1,-1,-1,-1,-1,-1,1,-1,-1,-1,1,-1,-1,1,-1,-1,-1,-1,-1,1,1,-1,-1,-1,-1,-1,1,-1,-1,-1,1,-1,-1,1,-1,1,-1,-1,-1,-1,-1,-1,-1,1,-1,-1,-1,1,1,-1,-1,-1,-1,1,-1,-1,-1,-1,1,-1,-1,1,1,1,-1,-1,-1,-1,1,-1,1,1,-1,1,-1,-1,1,1,-1,-1,-1,-1,-1,-1,1,1,-1,-1,1,-1,1,1,-1,-1,-1,1,-1,1,1,-1,-1,1,-1,-1,1,1,1,-1,1,-1,1,1,1,-1,-1,1,-1,-1,1,1,1,-1,1,-1,-1,1,1,-1,1,1,-1,-1,1,1,-1,1,1,-1,-1,1,1,-1,1,1,-1,-1,1,1,1,1,-1,1,-1,-1,1,1,1,1,-1,-1,1,-1,1,1,1,1,-1,-1,1,-1,1,1,1,-1,1,1,1,1,-1,1,-1,1,1,1,1,1,1,1,-1,1,1,1,1,-1,1,-1,1,1,1,1,1,-1,1,1,1,1,-1,1,1,-1,1,1,-1,1,1,-1,-1,1,1,1,1,-1,1,-1,1,1,1,-1,-1,1,-1,1,1,1,-1,1,-1,-1,-1,1,1,-1,-1,1,-1,-1,1,1,1,-1,1,-1,-1,1,1,1,-1,1,-1,-1,1,1,-1,-1,-1,1,-1,1,1,-1,1,1,-1,1,1,-1,-1,1,1,-1,-1,1,1,-1,1,1,-1,1,1,-1,-1,-1,-1,1,-1,-1,-1,-1,1,-1,-1,1,1,-1,1,1,-1,1,1,1,1,-1,1,-1,1,1,1,1,-1,1,-1,1,-1,1,1,-1,1,-1,-1,1,1,1,-1,1,-1,1,1,1,-1,-1,1,-1,-1,1,1,-1,-1,-1,1,-1,1,-1,1,-1,1,-1,-1,1,-2670.0,1,2000,445,1000,False
1029,1,1,-1,-1,1,1,-1,-1,1,1,1,-1,1,1,1,1,-1,1,-1,-1,1,-1,1,1,1,-1,1,-1,1,1,1,1,-1,-1,-1,-1,1,1,1,1,-1,-1,-1,1,1,1,1,-1,1,1,1,1,-1,1,-1,-1,1,-1,1,1,1,-1,-1,-1,1,1,1,1,-1,-1,-1,1,1,1,1,-1,-1,-1,1,1,1,-1,-1,-1,1,1,1,1,-1,-1,-1,1,1,1,1,-1,-1,1,1,-1,1,1,-1,-1,1,1,1,1,1,-1,-1,1,1,-1,1,1,-1,-1,1,1,1,1,1,1,-1,1,1,1,-1,1,1,-1,1,1,1,1,1,1,-1,-1,1,1,1,1,1,-1,1,1,1,1,1,1,-1,-1,-1,1,1,1,1,-1,1,1,1,1,-1,1,-1,1,-1,1,1,1,-1,-1,1,1,1,1,1,-1,1,-1,-1,1,-1,1,-1,1,1,1,1,1,1,1,1,1,-1,1,-1,1,-1,1,1,-1,1,-1,1,1,-1,1,-1,1,-1,1,-1,1,1,-1,1,-1,1,1,1,1,-1,-1,1,1,-1,-1,1,-1,1,-1,-1,1,-1,1,-1,1,-1,1,-1,1,1,-1,1,-1,1,1,-1,1,-1,1,1,1,-1,1,1,-1,1,-1,1,-1,1,-1,1,-1,1,1,-1,1,-1,-1,-1,1,1,-1,1,-1,-1,-1,1,1,-1,-1,1,1,-1,-1,1,1,-1,1,1,-1,1,1,1,1,-1,1,-1,1,1,-1,1,-1,1,1,-1,1,1,1,1,1,-1,-1,1,-1,-1,-1,1,1,-1,1,1,1,-1,1,-1,-1,1,1,1,1,1,-1,1,1,1,-1,1,1,-1,1,1,1,-1,1,1,-1,-1,1,1,1,-1,1,-1,1,1,1,-1,1,1,-1,1,1,1,-1,1,-1,-1,1,1,1,-1,1,-1,-1,-1,1,1,-1,1,-1,-1,1,-1,1,-1,1,1,-1,-1,1,1,1,-1,1,-1,-1,1,1,-1,1,-1,-1,-1,-1,-1,-1,1,1,-1,-1,1,1,-1,1,-1,1,-1,1,1,1,1,-1,-1,1,1,1,-1,1,-1,-1,-1,-1,1,1,-1,1,-1,-1,1,1,1,-1,-1,-1,1,-1,-1,1,-1,1,-1,-1,1,-1,1,-1,-1,-1,1,1,-1,1,-1,1,-1,-1,1,-1,1,1,-1,-1,-1,1,-1,-1,1,1,-1,-1,1,-1,1,1,-1,1,-1,1,-1,-1,1,1,-1,-1,1,-1,1,1,-1,-1,1,1,-1,1,-1,1,-1,1,-1,-1,1,-1,1,-1,1,-1,-1,1,-1,-1,-1,1,-1,-1,1,-1,1,-1,1,-1,-1,1,-1,-1,1,-1,1,-1,1,-1,1,-1,1,1,-1,-1,-1,1,-1,1,-1,-1,1,-1,1,1,1,1,-1,-1,1,1,-1,1,1,-1,-1,1,1,1,-1,1,1,-1,1,1,1,1,1,-1,1,-1,-1,-1,1,-1,-1,1,-1,1,-1,1,-1,1,-1,-1,-1,1,1,-1,1,1,-1,-1,-1,1,-1,1,1,-1,1,-1,1,-1,-1,-1,-1,-1,-1,1,-1,-1,-1,-1,-1,-1,1,-1,1,1,1,1,-1,1,-1,1,1,-1,-1,-1,1,-1,-1,1,-1,1,-1,-1,1,1,1,1,-1,-1,1,1,1,1,-1,1,-1,-1,1,1,1,-1,-1,-1,-1,1,1,1,-1,1,-1,1,-1,1,-1,1,1,-1,-1,1,1,1,-1,-1,-1,-1,1,1,1,1,-1,-1,-1,1,1,1,1,-1,-1,-1,1,-1,1,-1,-1,-1,1,1,1,1,1,-1,-1,-1,1,1,1,1,-1,-1,-1,1,1,-1,1,-1,-1,-1,1,1,1,1,-1,-1,1,1,1,1,-1,-1,1,1,-1,1,1,-1,-1,-1,1,1,1,1,1,-1,1,1,1,1,1,-1,-1,-1,1,-1,1,-1,-1,-1,-1,1,-1,1,1,1,-1,-1,1,-1,1,1,-1,-1,-1,1,1,1,1,-1,-1,-1,1,-1,1,1,-1,-1,-1,1,1,-1,-1,-1,-1,-1,1,-1,1,-1,-1,-1,-1,-1,-1,-1,1,-1,-1,-1,1,-1,-1,1,-1,-1,-1,-1,-1,1,1,-1,-1,-1,-1,-1,1,-1,-1,-1,1,-1,-1,1,-1,1,-1,-1,-1,-1,-1,-1,-1,1,-1,-1,-1,1,1,-1,-1,-1,1,-1,-1,-1,-1,-1,1,-1,-1,1,1,1,-1,-1,-1,-1,1,-1,1,1,-1,1,-1,-1,1,1,-1,-1,-1,-1,-1,-1,1,1,-1,-1,1,-1,1,1,-1,-1,-1,1,-1,1,1,-1,-1,1,-1,-1,1,1,1,-1,1,-1,1,1,1,-1,-1,1,-1,-1,1,1,1,-1,1,-1,-1,1,1,-1,1,1,-1,-1,1,1,-1,1,1,-1,-1,1,1,-1,1,1,-1,-1,1,1,1,1,1,1,-1,-1,1,1,-1,1,-1,-1,1,-1,1,1,1,1,-1,-1,1,-1,1,1,1,-1,1,1,1,1,-1,1,-1,1,1,1,1,1,1,1,-1,1,1,1,1,-1,1,-1,1,1,1,1,1,-1,1,1,1,1,-1,1,1,-1,1,1,-1,1,1,-1,-1,1,1,1,1,-1,1,-1,1,1,1,-1,-1,1,-1,1,1,1,-1,1,-1,-1,-1,1,1,-1,-1,1,-1,-1,1,1,-1,-1,1,-1,-1,-1,1,1,-1,1,-1,-1,1,1,-1,-1,-1,1,-1,-1,1,-1,1,1,-1,1,1,-1,-1,1,1,-1,-1,1,1,-1,1,1,-1,1,1,-1,-1,-1,-1,1,-1,-1,-1,-1,-1,1,-1,1,1,-1,1,1,-1,1,1,1,1,-1,1,-1,1,1,1,1,-1,1,-1,-1,1,1,1,-1,1,-1,1,1,1,1,-1,1,-1,1,1,-1,-1,-1,1,-1,-1,1,1,-1,-1,-1,1,-1,1,-1,1,-1,1,-1,1,1,-2670.0,1,2000,445,1500,False
1030,-1,-1,1,1,1,1,-1,1,-1,-1,-1,1,-1,1,-1,-1,1,-1,1,1,-1,1,-1,-1,-1,1,-1,-1,1,-1,-1,-1,1,1,-1,-1,1,-1,-1,-1,1,-1,-1,-1,-1,-1,-1,-1,1,1,-1,-1,1,-1,1,-1,1,-1,-1,-1,-1,1,1,1,-1,1,-1,-1,-1,-1,1,-1,-1,-1,-1,-1,-1,-1,1,-1,-1,1,1,-1,1,-1,-1,1,-1,1,-1,1,-1,1,-1,-1,-1,1,1,1,1,1,-1,-1,1,1,-1,1,1,-1,-1,1,1,-1,1,1,-1,-1,1,1,-1,1,1,-1,-1,1,1,-1,1,1,-1,-1,1,1,-1,1,1,1,-1,-1,1,-1,1,1,-1,-1,1,1,1,-1,1,1,-1,-1,-1,1,-1,1,1,-1,1,-1,1,1,1,1,-1,1,1,-1,1,1,-1,-1,1,1,-1,1,1,-1,1,-1,-1,1,1,1,-1,1,1,1,1,1,1,1,1,1,-1,1,1,1,-1,1,1,-1,1,1,1,-1,-1,1,1,-1,1,1,-1,1,1,-1,1,1,1,1,1,1,-1,-1,1,1,-1,-1,1,-1,1,1,-1,1,-1,1,-1,1,1,1,-1,1,1,-1,-1,1,-1,1,-1,1,-1,1,1,1,-1,1,1,-1,1,-1,1,-1,1,-1,1,-1,-1,1,-1,1,-1,-1,1,1,1,-1,1,-1,1,-1,1,1,-1,-1,1,1,-1,1,1,1,-1,1,1,-1,-1,-1,1,1,-1,1,-1,-1,-1,1,-1,-1,1,1,-1,-1,1,1,1,1,-1,-1,-1,1,-1,-1,-1,1,-1,-1,1,1,-1,1,-1,1,-1,1,1,1,1,-1,-1,1,1,-1,1,1,-1,-1,1,1,-1,1,1,-1,1,-1,1,1,-1,1,-1,1,1,1,-1,1,1,-1,-1,1,1,-1,1,-1,-1,-1,1,1,-1,1,-1,-1,1,-1,1,-1,1,-1,-1,1,-1,1,-1,1,1,-1,1,-1,1,1,-1,1,-1,-1,1,1,-1,1,-1,-1,1,1,-1,-1,1,1,-1,1,-1,1,-1,1,-1,1,1,-1,1,1,1,-1,1,1,-1,1,-1,1,-1,-1,1,-1,1,1,1,1,-1,1,1,1,1,1,-1,-1,1,-1,-1,1,-1,1,-1,-1,1,-1,1,1,-1,-1,-1,1,-1,1,-1,1,-1,-1,1,-1,1,1,-1,-1,-1,1,-1,-1,1,1,-1,-1,1,-1,1,1,-1,1,-1,1,-1,-1,1,1,-1,-1,-1,-1,1,1,-1,1,-1,1,-1,1,-1,1,-1,-1,-1,-1,1,-1,1,-1,-1,-1,-1,1,-1,-1,1,-1,-1,-1,1,-1,1,1,1,-1,-1,1,-1,-1,1,-1,-1,-1,1,-1,1,-1,1,-1,-1,-1,-1,1,-1,1,-1,-1,1,-1,1,1,1,-1,-1,-1,1,1,-1,1,-1,1,-1,1,1,1,-1,1,1,-1,1,1,1,1,1,1,1,-1,-1,1,-1,1,-1,1,-1,-1,1,1,-1,1,-1,-1,-1,1,1,-1,1,1,-1,-1,-1,1,-1,1,1,-1,-1,-1,1,-1,-1,-1,-1,1,-1,1,-1,-1,-1,-1,-1,-1,1,-1,1,1,1,1,-1,1,-1,1,1,-1,1,-1,1,-1,-1,1,-1,1,-1,-1,1,1,1,1,1,1,-1,1,1,1,-1,1,-1,1,1,1,1,-1,-1,-1,1,1,1,1,-1,1,-1,1,-1,1,-1,1,1,-1,-1,1,1,-1,-1,1,-1,-1,1,1,-1,1,1,1,-1,1,1,1,1,1,1,-1,1,-1,1,-1,1,1,-1,1,1,1,1,1,1,-1,1,-1,1,-1,1,1,-1,1,1,-1,1,1,1,1,1,1,1,1,1,1,-1,1,1,-1,-1,1,-1,-1,1,1,1,-1,1,-1,-1,1,-1,1,1,1,-1,-1,1,-1,1,-1,-1,1,-1,1,-1,1,-1,1,-1,-1,1,-1,1,1,1,-1,-1,1,-1,1,-1,1,-1,-1,1,-1,1,-1,1,-1,-1,1,1,1,1,1,-1,1,1,-1,1,1,1,1,-1,1,-1,1,-1,1,-1,-1,1,1,-1,1,1,-1,1,1,1,-1,1,1,1,-1,1,-1,-1,1,1,-1,1,1,-1,1,-1,-1,1,-1,1,1,-1,1,1,-1,-1,1,1,-1,1,1,-1,-1,-1,1,1,1,1,-1,1,1,1,-1,1,1,-1,-1,1,-1,1,1,1,1,-1,-1,1,-1,1,1,-1,1,-1,-1,1,1,1,-1,-1,-1,-1,-1,1,-1,-1,-1,1,-1,1,1,1,1,1,-1,-1,1,1,1,-1,1,-1,-1,1,1,-1,1,1,-1,1,1,1,1,-1,1,-1,-1,1,1,1,-1,1,-1,-1,1,1,1,1,1,-1,-1,1,1,1,1,1,-1,-1,1,1,1,1,1,-1,-1,1,1,-1,1,1,1,-1,-1,1,-1,1,1,-1,-1,1,-1,1,1,1,1,-1,-1,1,-1,1,1,1,-1,1,1,-1,1,-1,1,-1,1,1,-1,1,1,1,1,-1,1,1,1,1,-1,1,-1,1,1,1,1,1,-1,1,1,1,1,-1,1,1,-1,1,1,-1,1,1,-1,-1,1,-1,1,1,-1,1,-1,1,-1,1,-1,-1,1,-1,1,-1,1,-1,1,-1,-1,-1,1,1,-1,-1,1,-1,-1,-1,1,-1,-1,1,-1,-1,-1,1,1,-1,1,-1,-1,1,1,-1,-1,-1,1,-1,1,1,-1,1,1,-1,1,1,-1,-1,1,-1,-1,-1,-1,1,-1,1,1,-1,1,1,-1,-1,-1,-1,1,-1,-1,-1,-1,-1,-1,-1,1,1,-1,1,1,-1,1,1,1,1,-1,1,-1,1,1,1,1,-1,1,-1,-1,1,1,1,-1,1,-1,1,1,1,1,-1,1,-1,1,1,1,-1,-1,1,-1,-1,1,1,-1,-1,-1,1,-1,1,-1,1,-1,1,-1,-1,1,-2670.0,1,2000,445,1500,True
1031,1,1,-1,-1,1,-1,-1,-1,1,1,1,-1,1,1,1,1,-1,1,-1,-1,-1,-1,1,1,1,-1,1,-1,1,1,1,1,-1,-1,-1,-1,1,-1,1,-1,-1,-1,-1,1,1,1,1,-1,1,1,1,1,-1,1,-1,-1,1,-1,1,1,1,-1,-1,-1,1,1,1,1,-1,-1,-1,1,1,1,1,-1,-1,-1,1,1,1,-1,-1,-1,1,1,1,1,-1,-1,-1,1,1,1,1,-1,-1,1,1,-1,1,1,-1,-1,1,1,1,1,1,-1,-1,1,1,1,1,1,-1,-1,1,1,1,1,1,1,-1,1,1,1,-1,1,1,-1,1,1,1,1,1,1,-1,-1,1,1,1,1,1,-1,1,1,1,1,1,1,-1,-1,-1,1,1,1,1,-1,1,1,1,1,-1,1,-1,1,-1,1,1,1,-1,-1,1,1,1,1,1,-1,1,-1,-1,1,-1,1,-1,1,1,1,1,1,1,1,1,1,-1,1,-1,1,-1,1,1,-1,1,-1,1,1,-1,1,-1,1,-1,1,-1,1,1,-1,1,-1,1,1,1,1,-1,-1,1,1,-1,-1,1,-1,1,-1,-1,1,-1,1,-1,1,-1,1,-1,1,1,-1,-1,-1,1,1,-1,1,-1,1,1,1,-1,1,1,-1,1,-1,1,-1,1,-1,1,-1,1,1,-1,1,-1,-1,-1,1,1,-1,1,-1,-1,-1,1,1,-1,-1,1,1,-1,-1,1,1,-1,1,1,-1,1,1,1,1,-1,1,-1,1,1,-1,1,-1,1,-1,1,1,1,1,1,1,-1,-1,1,-1,-1,1,1,1,-1,1,1,1,-1,1,1,1,1,1,1,1,1,-1,1,1,1,-1,1,1,-1,1,1,1,-1,1,1,-1,-1,1,1,1,-1,1,-1,1,1,1,-1,1,1,-1,1,1,1,-1,1,1,-1,1,1,1,-1,1,1,-1,-1,1,1,-1,1,1,-1,1,-1,1,-1,1,1,1,-1,1,1,1,-1,1,1,-1,1,1,-1,1,-1,1,-1,-1,-1,-1,1,1,1,-1,1,1,-1,1,1,-1,-1,1,1,1,1,1,-1,1,1,1,-1,1,1,1,1,-1,1,1,1,-1,1,-1,1,1,1,-1,1,1,-1,-1,-1,1,-1,-1,1,1,-1,1,1,-1,1,1,1,1,-1,1,-1,-1,1,-1,1,-1,1,1,1,1,1,1,-1,-1,1,-1,1,1,1,-1,1,1,1,-1,1,1,-1,-1,1,-1,1,1,1,-1,1,1,1,1,1,1,-1,1,-1,1,1,1,1,-1,1,-1,1,1,1,-1,-1,1,-1,1,1,1,-1,-1,1,1,-1,1,1,-1,-1,1,-1,1,1,1,1,-1,1,-1,-1,1,1,1,-1,-1,-1,-1,1,1,-1,-1,1,-1,-1,1,-1,1,-1,-1,1,-1,1,-1,1,1,-1,1,-1,-1,1,1,1,-1,1,-1,1,-1,1,-1,1,-1,-1,-1,1,-1,-1,-1,1,1,-1,1,-1,1,1,1,-1,1,1,-1,1,-1,1,-1,-1,1,-1,-1,1,1,1,-1,1,-1,-1,1,1,-1,-1,1,-1,-1,1,1,-1,-1,1,-1,-1,-1,1,1,-1,1,1,-1,-1,1,-1,-1,1,-1,1,-1,1,1,-1,-1,1,-1,-1,-1,-1,-1,1,1,1,-1,-1,1,-1,-1,1,-1,-1,1,-1,-1,1,1,-1,-1,1,-1,-1,1,1,-1,1,-1,-1,-1,-1,1,1,-1,-1,-1,-1,1,1,-1,-1,1,-1,-1,-1,1,1,-1,-1,-1,-1,-1,1,-1,-1,-1,-1,-1,1,1,1,-1,-1,-1,-1,-1,1,1,-1,-1,-1,-1,-1,1,1,1,-1,-1,-1,-1,1,1,-1,-1,-1,-1,1,1,1,1,-1,-1,1,1,1,1,1,-1,-1,-1,1,1,1,-1,1,-1,1,1,1,1,-1,1,-1,-1,1,-1,1,-1,1,-1,-1,1,-1,1,-1,-1,-1,-1,1,-1,1,-1,1,1,-1,1,-1,1,-1,1,1,-1,1,-1,1,-1,-1,-1,-1,1,1,-1,-1,-1,-1,-1,1,-1,1,-1,-1,-1,-1,-1,-1,-1,1,-1,-1,-1,1,-1,-1,1,-1,-1,-1,-1,-1,-1,1,-1,-1,-1,-1,-1,1,-1,-1,-1,1,-1,-1,1,-1,1,-1,-1,-1,-1,-1,-1,-1,1,-1,-1,-1,1,1,-1,-1,-1,1,-1,-1,-1,-1,-1,1,-1,-1,1,-1,1,-1,-1,-1,-1,1,-1,1,1,-1,1,-1,-1,1,1,-1,-1,-1,-1,-1,-1,1,1,-1,-1,1,-1,1,1,1,-1,-1,1,-1,1,1,-1,-1,1,-1,-1,1,1,1,-1,1,-1,1,1,1,-1,-1,1,-1,-1,1,1,1,-1,1,-1,-1,1,1,-1,1,1,-1,-1,1,1,1,1,1,-1,-1,1,1,-1,1,1,-1,-1,1,1,1,1,1,1,-1,-1,1,1,1,1,-1,-1,1,-1,1,1,1,1,-1,-1,1,-1,1,1,1,-1,1,1,1,1,-1,1,-1,1,1,1,1,1,1,1,-1,1,1,1,1,-1,1,-1,1,1,1,1,1,-1,1,1,1,1,-1,1,1,-1,1,1,-1,1,1,-1,-1,1,1,1,1,-1,1,-1,1,1,1,-1,-1,1,-1,1,1,1,-1,1,-1,-1,-1,1,1,-1,-1,1,-1,-1,1,1,-1,-1,1,-1,-1,1,1,1,-1,1,-1,-1,1,1,-1,-1,-1,1,-1,-1,1,-1,1,1,-1,1,1,-1,-1,1,1,-1,-1,1,1,-1,1,1,-1,1,1,-1,-1,-1,-1,1,-1,-1,-1,-1,-1,1,-1,1,1,-1,1,1,-1,1,1,1,1,-1,1,-1,1,1,1,1,-1,1,-1,-1,1,1,1,-1,1,-1,1,1,1,1,-1,1,-1,1,1,1,-1,-1,1,-1,-1,1,1,-1,-1,-1,1,-1,1,1,1,-1,1,-1,-1,1,-2670.0,1,2000,445,1000,False
1032,1,1,-1,-1,1,1,-1,-1,1,1,1,-1,-1,1,1,1,-1,1,-1,-1,-1,-1,1,1,1,1,-1,-1,1,1,1,1,-1,-1,-1,-1,1,1,1,1,-1,-1,-1,1,1,1,1,-1,1,1,1,1,-1,1,-1,-1,1,-1,1,1,1,-1,-1,-1,1,1,1,1,-1,-1,-1,1,1,1,1,-1,-1,-1,1,1,1,-1,-1,-1,1,1,1,1,-1,1,-1,1,1,1,1,-1,-1,1,1,-1,1,1,-1,-1,1,1,1,1,1,-1,-1,1,1,1,1,1,-1,-1,1,1,1,1,1,1,-1,1,1,1,-1,1,1,-1,1,1,1,1,1,1,-1,-1,1,1,1,1,1,-1,1,1,1,1,1,1,-1,-1,-1,1,1,1,1,-1,1,1,1,1,-1,1,-1,1,-1,1,1,1,-1,-1,1,1,1,1,1,-1,1,-1,-1,1,-1,1,-1,1,1,1,1,1,1,1,1,1,-1,1,-1,1,-1,1,1,-1,1,-1,1,1,-1,1,-1,1,-1,1,-1,1,1,-1,1,-1,1,1,1,1,-1,-1,1,1,-1,-1,1,-1,1,-1,1,1,-1,1,-1,1,-1,1,-1,-1,1,-1,-1,-1,1,1,-1,1,-1,1,1,1,-1,1,1,-1,1,-1,1,-1,1,-1,1,-1,1,1,-1,1,-1,-1,-1,1,1,-1,1,-1,-1,-1,1,1,-1,-1,1,1,-1,-1,1,1,-1,1,1,-1,1,1,1,1,-1,1,-1,1,1,-1,1,-1,1,1,-1,1,1,1,1,1,-1,-1,1,-1,-1,-1,1,1,-1,1,1,1,-1,1,-1,-1,1,1,1,1,1,-1,1,1,1,-1,1,1,-1,1,1,1,-1,1,1,-1,-1,1,1,1,-1,1,-1,1,1,1,-1,1,1,-1,1,1,1,-1,1,-1,-1,1,1,1,-1,1,-1,-1,-1,1,1,-1,1,-1,-1,1,-1,1,-1,1,1,-1,-1,1,1,1,-1,1,-1,-1,1,1,-1,1,-1,-1,-1,-1,-1,-1,1,1,-1,-1,1,1,-1,1,-1,1,-1,1,1,1,1,1,-1,1,1,1,-1,1,-1,-1,-1,-1,1,1,1,1,-1,-1,1,1,1,1,-1,-1,1,-1,-1,1,-1,1,-1,-1,1,-1,1,-1,-1,-1,1,1,-1,1,-1,1,-1,-1,1,-1,1,1,-1,-1,-1,1,-1,-1,1,1,-1,-1,1,-1,1,1,-1,1,-1,1,-1,-1,1,1,-1,-1,1,-1,1,1,-1,-1,1,1,-1,1,-1,1,-1,1,-1,-1,1,-1,1,-1,1,-1,-1,1,-1,-1,-1,1,-1,-1,1,1,1,-1,1,-1,-1,1,-1,-1,1,-1,1,-1,1,-1,1,-1,1,1,-1,-1,-1,1,-1,1,-1,-1,1,-1,1,1,1,1,-1,-1,1,1,-1,1,1,-1,-1,1,1,1,-1,1,1,-1,1,1,1,1,-1,1,1,-1,-1,-1,1,-1,-1,1,1,1,-1,1,-1,1,-1,-1,-1,1,1,-1,1,1,-1,-1,-1,1,-1,1,1,-1,1,-1,1,-1,-1,-1,-1,-1,-1,1,-1,-1,-1,-1,-1,-1,1,-1,1,1,1,1,-1,1,-1,1,1,-1,-1,-1,1,-1,-1,1,-1,1,-1,-1,1,1,1,1,-1,-1,1,1,1,1,-1,1,-1,-1,1,1,1,-1,-1,-1,1,1,1,1,-1,-1,-1,1,-1,1,-1,1,1,-1,-1,1,1,1,-1,-1,-1,1,1,1,1,1,-1,-1,-1,1,1,1,1,-1,-1,-1,1,-1,1,-1,-1,-1,1,1,1,1,1,-1,-1,-1,1,1,1,1,-1,-1,-1,1,1,-1,1,-1,-1,-1,1,1,1,1,-1,-1,1,1,1,1,-1,-1,1,1,-1,1,1,-1,-1,-1,1,1,1,1,1,-1,1,1,1,1,1,-1,-1,-1,1,-1,1,-1,-1,-1,-1,1,-1,1,1,-1,-1,-1,1,-1,1,1,-1,-1,-1,1,1,1,1,-1,-1,-1,1,-1,1,1,-1,-1,-1,1,1,-1,-1,-1,-1,-1,1,-1,1,-1,-1,-1,-1,-1,-1,-1,1,-1,-1,-1,1,-1,-1,1,-1,-1,-1,-1,-1,-1,1,-1,-1,-1,-1,-1,1,-1,-1,-1,1,-1,-1,1,-1,1,-1,-1,-1,-1,-1,-1,-1,1,-1,-1,-1,1,1,1,-1,-1,-1,1,-1,-1,-1,-1,1,-1,-1,1,1,1,-1,-1,-1,-1,1,-1,1,1,-1,1,-1,-1,1,1,-1,-1,-1,-1,-1,-1,1,1,-1,-1,1,-1,1,1,-1,-1,-1,1,-1,1,1,-1,-1,1,-1,-1,1,1,1,-1,1,-1,1,1,1,-1,-1,1,-1,-1,1,1,1,-1,1,-1,-1,1,1,-1,1,1,-1,-1,1,1,-1,1,1,-1,-1,1,1,-1,1,1,-1,-1,1,1,1,1,-1,1,-1,-1,1,1,-1,1,-1,-1,1,-1,1,1,1,1,-1,-1,1,-1,1,1,1,-1,1,1,1,1,-1,1,-1,1,1,1,1,1,1,1,-1,1,1,1,1,-1,1,-1,1,1,1,1,1,-1,1,1,1,1,-1,1,1,-1,1,1,-1,1,1,-1,-1,1,1,1,1,-1,1,-1,1,1,1,-1,-1,1,-1,1,1,1,-1,1,-1,-1,-1,1,1,-1,-1,1,-1,-1,1,1,-1,-1,1,-1,-1,1,1,1,1,-1,-1,-1,1,1,-1,-1,-1,1,-1,1,1,-1,1,1,-1,1,1,-1,-1,1,1,-1,-1,-1,1,-1,1,1,-1,1,1,-1,-1,-1,-1,1,-1,-1,-1,-1,-1,1,-1,1,1,-1,1,1,-1,1,1,1,1,-1,1,-1,1,1,1,1,-1,1,-1,-1,1,1,1,-1,1,-1,1,1,1,1,-1,1,-1,1,1,1,-1,-1,1,-1,-1,1,1,-1,-1,-1,1,-1,1,-1,1,-1,1,-1,-1,1,-2670.0,1,2000,445,1000,False
1033,1,1,-1,-1,1,1,-1,-1,1,1,1,-1,-1,1,1,1,-1,1,-1,-1,-1,-1,1,1,1,-1,-1,-1,1,1,1,1,-1,-1,-1,-1,1,1,1,1,-1,-1,-1,1,1,1,1,-1,1,1,1,1,-1,1,-1,-1,1,-1,1,1,1,-1,-1,-1,1,1,1,1,-1,-1,-1,1,1,1,1,-1,-1,-1,1,1,1,-1,-1,-1,1,1,1,1,-1,-1,-1,1,1,1,1,-1,-1,1,1,-1,1,1,-1,-1,1,1,1,1,1,-1,-1,1,1,1,1,1,-1,-1,1,1,1,1,1,1,-1,1,1,1,-1,1,1,-1,1,1,1,1,1,1,-1,-1,1,1,1,1,1,-1,1,1,1,1,1,1,-1,-1,-1,1,1,1,1,-1,1,1,1,1,-1,1,-1,1,-1,1,1,1,-1,-1,1,1,1,1,1,-1,1,-1,-1,1,-1,1,-1,1,1,1,1,1,1,1,1,1,-1,1,-1,1,-1,1,1,-1,1,-1,1,1,-1,1,-1,1,-1,1,-1,1,1,-1,1,-1,1,1,1,1,-1,-1,1,1,-1,-1,1,-1,1,-1,1,1,-1,1,-1,1,-1,1,-1,1,1,-1,-1,-1,1,1,-1,1,-1,1,1,1,-1,1,1,-1,-1,-1,1,-1,1,-1,1,-1,1,1,-1,1,-1,-1,-1,1,1,-1,1,-1,-1,-1,1,1,-1,-1,1,1,-1,-1,1,1,-1,1,1,-1,1,1,1,1,-1,1,-1,1,1,-1,1,-1,1,1,1,1,1,1,1,1,-1,-1,1,-1,-1,1,1,1,-1,1,1,1,-1,1,1,1,1,1,1,-1,1,-1,1,1,1,-1,-1,1,-1,1,1,1,-1,1,1,-1,-1,1,1,1,-1,1,-1,1,1,1,-1,1,1,-1,1,1,1,-1,1,1,-1,1,1,1,-1,1,1,-1,-1,1,1,-1,1,1,-1,1,-1,1,-1,1,1,1,-1,1,1,1,-1,1,1,-1,1,1,-1,1,1,1,-1,-1,-1,-1,1,1,1,-1,1,1,-1,1,1,-1,-1,1,1,1,1,1,-1,1,1,1,-1,1,1,1,-1,-1,1,1,1,-1,1,-1,1,1,1,1,1,1,-1,-1,-1,1,-1,-1,1,1,-1,1,1,-1,1,1,1,1,-1,1,-1,-1,1,-1,1,-1,1,1,1,1,1,1,-1,-1,1,-1,1,1,1,-1,1,1,1,-1,1,1,-1,-1,1,-1,1,1,1,-1,1,1,1,1,1,1,-1,1,-1,-1,1,1,-1,1,1,-1,-1,1,1,-1,-1,1,-1,1,1,1,-1,-1,1,1,-1,1,1,-1,-1,1,-1,1,1,1,1,-1,1,-1,-1,-1,1,1,-1,1,-1,1,-1,1,-1,-1,1,-1,-1,1,-1,1,-1,-1,1,-1,1,-1,1,-1,1,1,-1,-1,1,1,1,-1,1,-1,1,-1,1,1,1,-1,-1,-1,1,-1,-1,1,1,1,-1,1,-1,1,1,1,-1,1,1,-1,-1,-1,1,-1,-1,1,-1,-1,1,1,1,-1,1,-1,-1,1,1,-1,-1,1,-1,-1,1,1,-1,-1,1,-1,-1,-1,1,1,-1,1,1,-1,-1,1,-1,-1,1,-1,1,-1,1,1,-1,-1,1,-1,-1,-1,-1,-1,1,1,1,-1,1,1,-1,-1,1,-1,-1,-1,-1,-1,1,1,-1,-1,-1,-1,-1,1,1,-1,1,1,1,-1,-1,1,1,-1,-1,-1,-1,1,1,-1,-1,1,-1,-1,-1,1,1,-1,-1,-1,-1,-1,1,-1,-1,1,-1,-1,1,1,1,-1,1,-1,-1,-1,1,1,-1,-1,-1,-1,-1,1,1,1,-1,-1,-1,-1,1,1,-1,-1,-1,-1,1,1,1,1,-1,-1,1,1,1,1,1,-1,-1,-1,1,1,1,-1,1,-1,1,1,1,1,-1,1,-1,-1,1,-1,1,-1,1,-1,-1,1,-1,1,-1,-1,-1,-1,1,-1,1,-1,1,-1,-1,1,-1,1,-1,1,-1,-1,1,-1,1,-1,-1,-1,-1,1,1,-1,-1,-1,-1,-1,1,-1,1,-1,-1,-1,-1,-1,-1,-1,1,-1,-1,-1,1,-1,-1,1,-1,-1,-1,-1,-1,-1,1,-1,-1,-1,-1,-1,1,-1,-1,-1,1,-1,-1,1,-1,1,-1,-1,-1,-1,-1,-1,-1,1,-1,-1,-1,1,1,1,-1,-1,-1,1,-1,-1,-1,-1,1,-1,-1,1,1,1,-1,-1,-1,-1,1,-1,1,1,-1,1,-1,-1,1,1,-1,-1,-1,-1,-1,-1,1,1,-1,-1,1,-1,1,1,-1,-1,-1,1,-1,1,1,-1,-1,1,-1,-1,1,1,1,-1,1,-1,1,1,1,-1,-1,1,-1,-1,1,1,1,-1,1,-1,-1,1,1,-1,1,1,-1,-1,1,1,-1,1,1,-1,-1,1,1,-1,1,1,-1,-1,1,1,1,1,1,1,-1,-1,1,1,1,1,-1,-1,1,-1,1,1,1,1,-1,-1,1,-1,1,1,1,-1,1,-1,1,1,-1,1,-1,1,1,1,1,1,1,1,-1,-1,1,1,1,-1,1,-1,1,1,1,1,1,-1,1,-1,1,1,-1,1,1,-1,1,1,-1,1,1,-1,-1,1,1,1,1,-1,1,-1,-1,1,1,-1,-1,1,-1,1,1,1,-1,1,-1,-1,-1,1,1,-1,-1,1,-1,-1,1,1,-1,-1,1,-1,-1,1,1,1,-1,1,-1,-1,1,1,-1,-1,-1,1,-1,1,1,-1,1,1,-1,1,1,-1,-1,1,1,-1,-1,1,1,-1,1,1,-1,1,1,-1,-1,-1,-1,1,-1,-1,-1,-1,1,-1,-1,1,1,-1,1,1,-1,1,1,1,1,-1,1,-1,1,1,1,1,-1,1,-1,-1,1,1,1,-1,1,-1,1,1,1,1,-1,1,-1,1,1,1,-1,-1,1,-1,-1,1,1,-1,-1,-1,1,-1,1,-1,1,-1,1,-1,-1,1,-2670.0,1,2000,445,1000,False
1034,1,1,-1,-1,1,-1,-1,-1,1,1,1,-1,1,1,1,1,-1,1,-1,-1,-1,-1,1,1,1,-1,1,-1,1,1,1,1,1,-1,-1,-1,1,1,1,1,-1,-1,-1,1,1,1,1,-1,1,1,1,1,-1,1,-1,-1,1,-1,1,1,1,-1,-1,-1,1,1,1,1,-1,-1,-1,1,1,1,1,-1,-1,-1,1,1,1,-1,-1,-1,1,1,1,1,-1,-1,1,1,1,1,1,-1,-1,-1,1,-1,1,1,-1,-1,1,1,1,1,1,-1,-1,-1,1,1,1,1,-1,-1,1,1,1,1,1,1,-1,-1,1,1,-1,1,1,-1,1,1,1,1,1,1,-1,1,1,1,1,1,1,-1,1,1,1,1,1,1,-1,-1,-1,1,1,1,1,-1,1,1,1,1,-1,1,-1,1,-1,1,1,1,-1,-1,1,1,1,1,1,-1,1,-1,-1,1,-1,1,-1,1,1,1,1,1,1,1,1,1,-1,1,-1,1,-1,1,1,-1,1,-1,1,1,-1,1,-1,1,-1,1,-1,1,1,-1,1,-1,1,1,1,1,-1,-1,1,1,-1,-1,1,-1,1,-1,1,1,-1,1,-1,1,-1,1,-1,-1,1,-1,-1,-1,1,1,-1,1,-1,1,1,1,-1,1,1,-1,-1,-1,1,-1,1,-1,1,-1,1,1,-1,1,-1,-1,-1,1,1,-1,1,-1,-1,-1,1,1,-1,-1,1,1,-1,-1,1,1,-1,1,1,-1,1,1,1,1,-1,1,-1,1,1,-1,1,-1,1,-1,1,1,1,1,1,1,-1,-1,1,-1,-1,1,1,1,-1,1,1,1,-1,1,1,1,1,1,1,1,1,-1,1,1,1,-1,-1,1,-1,1,1,1,-1,1,1,-1,-1,1,1,1,-1,1,-1,1,1,1,-1,1,1,-1,1,1,1,-1,1,1,-1,1,1,1,-1,1,1,-1,-1,1,1,-1,1,1,-1,1,-1,1,-1,1,1,1,-1,1,1,1,-1,1,1,-1,1,1,-1,1,1,1,-1,-1,-1,-1,1,1,1,-1,1,1,-1,1,1,-1,-1,1,1,1,1,1,-1,1,1,1,-1,1,1,1,1,-1,1,1,1,-1,1,-1,1,1,1,1,1,1,-1,-1,-1,1,-1,-1,1,1,-1,1,1,1,1,1,1,1,-1,1,-1,-1,1,-1,1,-1,1,1,-1,1,1,1,-1,-1,1,-1,1,1,1,-1,1,1,1,-1,1,1,-1,-1,1,-1,1,1,1,-1,1,1,1,1,1,1,-1,1,-1,-1,1,1,-1,-1,1,-1,1,1,1,-1,-1,1,-1,1,1,1,-1,-1,1,-1,-1,1,1,-1,-1,1,-1,1,1,1,1,-1,1,1,-1,1,1,1,-1,-1,-1,-1,1,1,-1,-1,1,-1,-1,1,-1,1,-1,-1,1,-1,1,-1,1,1,-1,1,-1,-1,1,1,1,-1,1,-1,1,-1,1,-1,1,-1,-1,-1,1,-1,-1,1,1,1,-1,1,-1,1,1,1,-1,1,1,-1,1,-1,1,-1,-1,1,-1,-1,1,1,1,-1,1,-1,-1,1,1,-1,-1,1,-1,-1,1,1,-1,-1,1,-1,-1,-1,1,1,-1,1,1,-1,-1,1,-1,-1,1,-1,1,-1,1,1,-1,-1,1,-1,-1,-1,-1,-1,1,1,1,-1,-1,1,-1,-1,1,-1,-1,1,-1,-1,1,1,-1,-1,1,-1,-1,1,1,-1,1,-1,-1,-1,-1,1,1,-1,-1,-1,-1,1,1,-1,-1,1,-1,-1,-1,1,1,-1,-1,-1,-1,-1,1,-1,-1,-1,-1,-1,1,1,1,-1,-1,-1,-1,-1,1,1,-1,-1,-1,-1,-1,1,1,1,-1,-1,-1,-1,1,1,-1,-1,-1,-1,1,1,1,1,-1,-1,1,1,1,1,1,-1,-1,-1,1,1,1,1,1,-1,1,1,1,1,-1,1,-1,-1,1,-1,1,-1,1,-1,-1,1,-1,1,-1,-1,-1,-1,1,-1,1,-1,1,-1,-1,1,-1,1,-1,1,-1,-1,1,-1,1,-1,-1,-1,-1,1,1,-1,-1,-1,-1,-1,1,-1,1,-1,-1,-1,-1,-1,-1,-1,1,-1,-1,-1,1,-1,-1,1,-1,-1,-1,-1,-1,1,1,-1,-1,-1,-1,-1,1,-1,-1,-1,1,-1,-1,1,-1,1,-1,-1,-1,-1,-1,-1,-1,1,-1,-1,-1,1,1,-1,-1,-1,-1,1,-1,-1,-1,-1,1,-1,-1,1,1,1,-1,-1,-1,-1,1,-1,1,1,-1,1,-1,-1,1,1,-1,-1,-1,-1,-1,-1,1,1,-1,-1,1,-1,1,1,-1,-1,-1,1,-1,1,1,-1,-1,1,-1,-1,1,1,1,-1,1,-1,1,1,1,-1,-1,1,-1,-1,1,1,1,-1,1,-1,-1,1,1,-1,1,1,-1,-1,1,1,1,1,1,-1,-1,1,1,1,1,1,-1,-1,1,1,1,1,-1,1,-1,-1,1,1,1,1,-1,-1,1,-1,1,1,1,1,-1,-1,1,-1,1,1,1,-1,1,1,1,1,-1,1,-1,1,1,1,1,1,1,1,-1,1,1,1,1,-1,1,-1,1,1,1,1,1,-1,1,1,1,1,-1,1,1,-1,1,1,-1,1,1,-1,-1,1,1,1,1,-1,1,-1,1,1,1,-1,-1,1,-1,1,1,1,-1,1,-1,-1,-1,1,1,-1,-1,1,-1,-1,1,1,-1,-1,1,-1,-1,1,1,1,-1,1,-1,-1,1,1,-1,-1,-1,1,-1,-1,1,-1,1,1,-1,1,1,-1,-1,1,1,-1,-1,1,1,-1,1,1,-1,1,1,-1,-1,-1,-1,1,-1,-1,-1,-1,1,-1,-1,1,1,-1,1,1,-1,1,1,1,1,-1,1,-1,1,1,1,-1,-1,1,-1,-1,1,1,-1,-1,1,-1,1,1,1,-1,-1,1,-1,1,1,1,1,-1,1,-1,-1,1,1,1,-1,-1,1,-1,1,-1,1,-1,1,-1,-1,1,-2670.0,1,2000,445,1000,False
1035,1,1,-1,-1,1,-1,-1,-1,1,1,1,-1,1,1,1,1,-1,1,-1,-1,-1,-1,1,1,1,-1,1,-1,1,1,1,1,1,-1,-1,-1,1,-1,1,1,-1,-1,-1,1,1,1,1,-1,1,1,1,1,-1,1,-1,-1,1,-1,1,1,1,-1,-1,-1,1,1,1,1,-1,-1,-1,1,1,1,1,-1,-1,-1,1,1,1,-1,-1,-1,1,1,1,1,-1,-1,1,1,1,1,1,-1,-1,-1,1,-1,1,1,-1,-1,1,1,1,1,1,-1,-1,-1,1,-1,1,1,-1,-1,1,1,1,1,1,1,-1,-1,1,1,-1,1,1,-1,1,1,1,1,1,1,-1,1,1,1,1,1,1,-1,1,1,1,1,1,1,-1,-1,-1,1,1,1,1,-1,1,1,1,1,-1,1,-1,1,-1,1,1,1,-1,-1,1,1,1,1,1,-1,1,-1,-1,1,-1,1,-1,1,1,1,1,1,1,1,1,1,-1,1,-1,1,-1,1,1,-1,1,-1,1,1,-1,1,-1,1,-1,1,-1,1,1,-1,1,-1,1,1,1,1,-1,-1,1,1,-1,-1,1,-1,1,-1,-1,1,-1,1,-1,1,-1,1,-1,1,1,-1,1,-1,1,1,-1,1,-1,1,1,1,-1,1,1,-1,1,-1,1,-1,1,-1,1,-1,1,1,-1,1,-1,-1,-1,1,1,-1,1,-1,-1,-1,1,1,-1,-1,1,1,-1,-1,1,1,-1,1,1,-1,1,1,1,1,-1,1,-1,1,1,-1,1,-1,1,-1,1,1,1,-1,-1,1,-1,-1,1,-1,-1,-1,1,1,-1,1,1,1,-1,1,1,1,1,1,1,1,1,-1,1,1,1,1,-1,1,-1,1,1,1,-1,1,1,-1,-1,1,1,1,-1,1,-1,1,1,1,-1,1,1,-1,1,1,1,-1,1,1,-1,1,1,1,1,1,1,1,-1,1,1,-1,1,1,-1,1,-1,1,-1,1,1,1,-1,1,1,1,1,1,1,-1,1,1,-1,1,1,1,-1,-1,-1,-1,1,1,1,-1,1,1,-1,1,1,-1,-1,1,1,1,1,1,-1,1,1,1,-1,1,1,1,-1,-1,1,1,1,-1,1,-1,1,1,1,1,1,1,-1,-1,-1,1,-1,-1,1,1,-1,1,1,1,1,1,1,1,-1,1,-1,-1,1,-1,1,-1,1,1,-1,1,1,1,-1,-1,1,-1,1,1,1,-1,1,1,1,-1,1,1,-1,-1,1,-1,1,1,1,-1,1,1,1,1,1,1,-1,1,-1,1,1,1,1,-1,1,-1,1,1,1,-1,-1,1,-1,1,1,1,-1,-1,1,-1,-1,1,1,-1,-1,1,-1,1,1,1,1,-1,1,1,-1,1,1,1,-1,-1,1,1,1,1,-1,-1,1,-1,-1,1,-1,1,-1,-1,1,-1,1,-1,1,-1,-1,1,-1,-1,1,1,1,-1,1,-1,1,-1,-1,-1,1,-1,-1,-1,1,-1,-1,1,1,1,-1,1,-1,1,1,1,-1,1,1,-1,-1,-1,1,-1,-1,1,-1,-1,1,1,1,-1,1,-1,-1,1,1,-1,-1,1,-1,-1,1,1,-1,-1,1,-1,-1,-1,1,1,-1,1,1,-1,-1,1,-1,-1,1,-1,1,-1,1,1,-1,-1,1,-1,-1,-1,-1,-1,1,1,1,-1,-1,1,-1,-1,1,-1,-1,1,-1,-1,-1,1,-1,-1,1,1,-1,1,1,-1,1,-1,1,-1,-1,1,1,-1,-1,-1,-1,-1,1,-1,-1,1,-1,-1,-1,1,1,-1,-1,-1,-1,-1,1,-1,-1,-1,-1,-1,1,1,1,-1,-1,-1,-1,-1,1,1,-1,-1,-1,-1,-1,1,1,1,-1,-1,-1,-1,1,1,-1,-1,-1,-1,1,1,1,1,-1,-1,1,1,1,1,1,-1,-1,-1,1,1,1,1,1,-1,1,1,1,1,-1,1,-1,-1,1,-1,1,-1,1,-1,-1,1,-1,1,-1,-1,-1,-1,1,-1,1,-1,1,1,-1,1,-1,1,-1,1,1,-1,1,-1,1,-1,-1,-1,-1,1,1,-1,-1,-1,-1,-1,1,-1,1,-1,-1,-1,-1,-1,-1,-1,1,-1,-1,-1,1,-1,-1,1,-1,-1,-1,-1,-1,-1,1,-1,-1,-1,-1,-1,1,-1,-1,-1,1,-1,-1,1,-1,1,-1,-1,-1,-1,-1,-1,-1,1,-1,-1,-1,1,1,-1,-1,-1,1,-1,-1,-1,-1,-1,1,-1,-1,1,-1,1,-1,-1,-1,-1,1,-1,1,1,-1,1,-1,-1,1,1,-1,-1,-1,-1,-1,-1,1,1,-1,-1,1,-1,1,1,-1,-1,-1,1,-1,-1,1,-1,-1,1,-1,-1,1,1,1,-1,1,-1,1,1,1,-1,-1,1,-1,-1,1,1,1,-1,1,-1,-1,1,1,-1,1,1,-1,-1,1,1,-1,1,1,-1,-1,1,1,1,1,1,-1,-1,1,1,1,1,1,1,-1,-1,1,1,1,1,-1,-1,1,-1,1,1,1,1,-1,-1,1,-1,1,1,1,-1,1,1,1,1,-1,1,-1,1,1,1,1,1,1,1,-1,1,1,1,1,-1,1,-1,1,1,1,1,1,-1,1,1,1,1,-1,-1,1,-1,1,1,-1,1,1,-1,-1,1,1,1,-1,1,1,-1,1,1,1,-1,-1,1,-1,1,1,1,-1,1,-1,-1,-1,1,1,-1,-1,1,-1,-1,1,1,-1,-1,1,-1,-1,1,1,1,1,-1,-1,-1,1,1,-1,-1,-1,1,-1,-1,1,-1,1,1,-1,1,1,-1,-1,1,-1,-1,-1,1,1,-1,1,1,-1,1,1,-1,-1,1,-1,1,-1,-1,-1,-1,1,-1,-1,1,1,-1,1,1,-1,1,1,1,1,-1,1,-1,1,1,1,-1,-1,1,-1,-1,-1,1,-1,-1,1,-1,1,1,1,-1,-1,1,-1,1,1,1,1,-1,1,-1,-1,1,1,1,-1,-1,1,-1,1,1,1,-1,1,-1,-1,1,-2670.0,1,2000,445,0,False
1036,1,1,-1,-1,1,-1,-1,-1,1,1,1,-1,1,1,1,1,-1,1,-1,-1,-1,-1,1,1,1,-1,-1,-1,1,1,1,1,-1,-1,-1,-1,1,-1,1,1,-1,-1,-1,1,1,1,1,-1,1,1,1,1,-1,1,-1,-1,1,-1,1,1,1,-1,-1,-1,1,1,1,1,-1,-1,-1,1,1,1,1,-1,-1,-1,1,1,1,-1,-1,-1,1,1,1,1,-1,-1,-1,1,1,1,1,-1,-1,1,1,-1,1,1,-1,-1,1,1,1,1,1,-1,-1,1,1,1,1,1,-1,-1,1,1,1,1,1,1,-1,-1,1,1,-1,1,1,-1,1,1,1,1,1,1,-1,-1,1,1,1,1,1,-1,1,1,1,1,1,1,-1,-1,-1,1,1,1,1,-1,1,1,1,1,-1,1,-1,1,-1,1,1,1,-1,-1,1,1,1,1,1,-1,1,-1,-1,1,-1,1,-1,1,1,1,1,1,1,1,1,1,-1,1,-1,1,-1,1,1,-1,1,-1,1,1,-1,1,-1,1,-1,1,-1,1,1,-1,1,-1,1,1,1,1,-1,-1,1,1,-1,-1,1,-1,1,-1,-1,1,-1,1,-1,1,-1,1,-1,-1,1,-1,-1,-1,1,1,-1,1,-1,1,1,1,-1,1,1,-1,1,-1,1,-1,1,-1,1,-1,1,1,-1,1,-1,-1,-1,1,1,-1,1,-1,-1,-1,1,1,-1,-1,1,1,-1,-1,1,1,-1,1,1,-1,1,1,1,1,-1,1,-1,1,1,-1,1,-1,1,1,1,1,1,1,1,1,-1,-1,1,-1,-1,-1,1,1,-1,1,1,1,-1,1,1,1,1,1,1,-1,1,-1,1,1,1,-1,-1,1,-1,1,1,1,-1,1,1,-1,-1,1,1,1,-1,1,-1,1,1,1,-1,1,1,-1,1,1,1,-1,1,1,-1,1,1,1,-1,1,1,-1,-1,1,1,-1,1,1,-1,1,-1,1,-1,1,1,1,-1,1,1,1,-1,1,1,-1,1,1,-1,1,1,1,-1,-1,-1,-1,1,1,1,-1,1,1,-1,1,1,-1,-1,1,1,1,1,1,-1,1,1,1,-1,1,1,1,-1,-1,1,1,1,-1,1,-1,1,1,1,1,1,1,-1,-1,-1,1,-1,-1,1,1,-1,1,1,1,1,1,1,1,-1,1,-1,-1,1,-1,1,-1,1,1,1,1,1,1,-1,-1,1,-1,1,1,1,-1,1,1,1,-1,1,1,-1,-1,1,-1,1,1,1,-1,1,1,1,1,1,1,-1,1,-1,1,1,1,-1,-1,1,-1,1,1,1,-1,-1,1,-1,1,1,1,-1,-1,1,-1,-1,1,1,-1,-1,1,-1,1,1,1,1,-1,1,1,-1,1,1,1,-1,-1,-1,1,1,1,-1,-1,1,-1,-1,1,-1,1,-1,-1,1,-1,1,-1,1,-1,-1,1,-1,-1,1,1,1,-1,1,-1,1,-1,-1,1,1,-1,-1,-1,1,-1,-1,1,1,1,-1,1,-1,1,1,1,-1,1,1,-1,1,-1,1,-1,-1,1,-1,-1,1,1,1,-1,1,-1,-1,1,1,-1,-1,1,-1,-1,1,1,-1,-1,1,-1,-1,-1,1,1,-1,1,-1,-1,-1,1,-1,-1,1,-1,1,-1,1,1,-1,-1,1,-1,-1,-1,-1,-1,1,1,1,-1,-1,1,-1,-1,1,-1,-1,1,-1,-1,1,1,-1,-1,1,-1,-1,1,1,-1,1,-1,1,-1,-1,1,1,-1,-1,-1,-1,-1,1,-1,-1,1,-1,-1,-1,1,1,-1,-1,-1,-1,-1,1,-1,-1,-1,-1,-1,1,1,1,-1,-1,-1,-1,-1,1,1,-1,-1,-1,-1,-1,1,1,1,-1,-1,-1,-1,1,1,-1,-1,-1,-1,1,1,1,1,-1,-1,1,1,1,1,1,-1,-1,-1,1,1,1,1,1,-1,1,1,1,1,-1,1,-1,-1,1,-1,1,-1,1,-1,-1,1,-1,1,-1,-1,-1,-1,1,-1,1,-1,1,1,-1,1,-1,1,-1,1,1,-1,1,-1,1,-1,-1,-1,-1,1,1,-1,-1,-1,-1,-1,1,-1,1,-1,-1,-1,-1,-1,-1,-1,1,-1,-1,-1,1,-1,-1,1,-1,-1,-1,-1,-1,1,1,-1,-1,-1,-1,-1,1,-1,-1,-1,1,-1,-1,1,-1,1,-1,-1,-1,-1,-1,-1,-1,1,-1,-1,-1,1,1,-1,-1,-1,1,-1,-1,-1,-1,-1,1,-1,-1,1,1,1,-1,-1,-1,-1,1,-1,1,1,-1,1,-1,-1,1,1,-1,-1,-1,-1,-1,-1,1,1,-1,-1,1,-1,1,1,-1,-1,-1,1,-1,1,1,-1,-1,1,-1,-1,1,1,1,-1,1,-1,1,1,1,-1,-1,1,-1,-1,1,1,1,-1,1,-1,-1,1,1,-1,1,1,-1,-1,1,1,-1,1,1,-1,-1,1,1,-1,1,1,-1,-1,1,1,1,1,-1,1,-1,-1,1,1,-1,1,-1,-1,1,-1,1,1,1,1,-1,-1,1,-1,1,1,1,-1,1,1,1,1,-1,1,-1,1,1,1,1,1,1,1,-1,1,1,1,1,-1,1,-1,1,1,1,1,1,-1,1,1,1,1,-1,1,1,-1,1,1,-1,1,1,-1,-1,1,1,1,1,-1,1,-1,1,1,1,-1,-1,1,-1,1,1,1,-1,1,-1,-1,-1,1,1,-1,-1,1,-1,-1,1,1,1,-1,1,-1,-1,1,1,1,-1,1,-1,-1,1,1,-1,-1,-1,1,-1,-1,1,-1,1,1,-1,1,1,-1,-1,1,1,-1,-1,1,1,-1,1,1,-1,1,1,-1,-1,1,-1,1,-1,-1,-1,-1,1,-1,-1,1,1,-1,1,1,-1,1,1,1,1,-1,1,-1,1,1,1,1,-1,1,-1,-1,1,1,1,-1,1,-1,1,1,1,1,-1,1,-1,1,1,1,-1,-1,1,-1,-1,1,1,-1,-1,-1,1,-1,1,-1,1,-1,1,-1,-1,1,-2670.0,1,2000,445,1000,False
1037,1,1,-1,-1,1,1,-1,-1,1,1,1,-1,-1,1,1,1,-1,1,-1,-1,-1,-1,1,1,1,-1,-1,-1,1,1,1,1,-1,-1,-1,-1,1,1,1,1,-1,-1,-1,1,1,1,1,-1,1,1,1,1,-1,1,-1,-1,1,-1,1,1,1,-1,-1,-1,1,1,1,1,-1,-1,-1,1,1,1,1,-1,-1,-1,1,1,1,-1,-1,-1,1,1,1,1,-1,1,-1,1,1,1,1,-1,-1,1,1,-1,1,1,-1,-1,1,1,1,1,1,-1,-1,1,1,-1,1,1,-1,-1,1,1,1,1,1,1,-1,1,1,1,-1,1,1,-1,1,1,1,1,1,1,-1,-1,1,1,1,1,1,-1,1,1,1,1,1,1,-1,-1,-1,1,1,1,1,-1,1,1,1,1,-1,1,-1,1,-1,1,1,1,-1,-1,1,1,1,1,1,-1,1,-1,-1,1,-1,1,-1,1,1,1,1,1,1,1,1,1,-1,1,-1,1,-1,1,1,-1,1,-1,1,1,-1,1,-1,1,-1,1,-1,1,1,-1,1,-1,1,1,1,1,-1,-1,1,1,-1,-1,1,-1,1,-1,1,1,-1,1,-1,1,-1,1,-1,1,1,-1,-1,-1,1,1,-1,1,-1,1,1,1,-1,1,1,-1,1,-1,1,-1,1,-1,1,-1,1,1,-1,1,-1,-1,-1,1,1,-1,1,-1,-1,-1,1,1,-1,-1,1,1,-1,-1,1,1,-1,1,1,-1,1,1,1,1,-1,1,-1,1,1,-1,1,-1,1,1,-1,1,1,1,1,1,-1,-1,1,-1,-1,-1,1,1,-1,1,1,1,-1,1,-1,-1,1,1,1,1,1,-1,1,1,1,-1,1,1,-1,1,1,1,-1,1,1,-1,-1,1,1,1,-1,1,-1,1,1,1,-1,1,1,-1,1,1,1,-1,1,-1,-1,1,1,1,-1,1,-1,-1,-1,1,1,-1,1,-1,-1,1,-1,1,-1,1,1,-1,-1,1,1,1,1,1,-1,-1,1,1,-1,1,-1,-1,-1,-1,-1,-1,1,1,-1,-1,1,1,-1,1,-1,1,-1,1,1,1,1,-1,-1,1,1,1,-1,1,-1,-1,-1,-1,1,1,1,1,-1,-1,1,1,1,1,-1,-1,1,-1,-1,1,-1,1,-1,-1,1,-1,1,1,-1,-1,1,1,-1,1,-1,1,-1,-1,1,-1,1,1,-1,-1,-1,1,-1,-1,1,1,-1,-1,1,-1,1,1,-1,1,-1,1,-1,-1,1,1,-1,-1,1,-1,1,1,-1,-1,1,1,-1,1,-1,1,-1,1,-1,-1,1,-1,1,-1,1,-1,-1,1,-1,-1,-1,1,-1,-1,1,-1,1,-1,1,-1,-1,1,-1,-1,1,-1,1,-1,1,1,1,-1,1,1,-1,-1,1,1,-1,1,-1,-1,1,-1,1,1,1,1,-1,-1,1,1,-1,1,1,1,-1,1,1,1,-1,1,1,-1,1,1,1,1,-1,-1,1,-1,-1,-1,1,-1,1,1,1,1,-1,1,-1,1,-1,-1,-1,1,1,-1,1,1,-1,-1,-1,1,-1,1,1,-1,1,-1,1,-1,-1,-1,-1,-1,-1,1,-1,-1,-1,-1,-1,-1,1,-1,1,1,1,1,-1,1,-1,1,1,-1,-1,-1,1,-1,-1,1,-1,1,-1,-1,1,1,1,1,-1,-1,1,1,1,1,-1,1,-1,-1,1,1,1,-1,-1,-1,1,1,1,1,-1,1,-1,1,-1,1,-1,1,1,-1,-1,1,1,1,-1,-1,-1,-1,1,1,1,1,-1,-1,-1,1,1,1,1,-1,-1,-1,1,-1,1,-1,-1,-1,1,1,1,1,1,-1,-1,-1,1,1,1,1,-1,-1,-1,1,1,-1,1,-1,-1,-1,1,1,1,1,-1,-1,1,1,1,1,-1,-1,1,1,-1,1,1,-1,-1,-1,1,1,1,1,1,-1,1,1,1,1,1,-1,-1,-1,1,-1,1,-1,-1,-1,-1,1,-1,1,1,-1,-1,-1,1,-1,1,1,-1,-1,-1,1,1,1,1,-1,-1,-1,1,-1,1,1,-1,-1,-1,1,1,-1,-1,-1,-1,-1,1,-1,1,-1,-1,-1,-1,-1,-1,-1,1,-1,-1,-1,1,-1,-1,1,-1,-1,-1,-1,-1,1,1,-1,-1,-1,-1,-1,1,-1,-1,-1,1,-1,-1,1,-1,1,-1,-1,-1,-1,-1,-1,-1,1,-1,-1,-1,1,1,1,-1,-1,-1,1,-1,-1,-1,-1,1,-1,-1,1,1,1,-1,-1,-1,-1,1,-1,1,1,-1,1,-1,-1,1,1,-1,-1,-1,-1,-1,-1,1,1,-1,-1,1,-1,1,1,-1,-1,-1,1,-1,1,1,-1,-1,1,-1,-1,1,1,1,-1,1,-1,1,1,1,-1,-1,1,-1,-1,1,1,1,-1,1,-1,-1,1,1,-1,1,1,-1,-1,1,1,-1,1,1,-1,-1,1,1,-1,1,1,-1,-1,1,1,1,1,1,1,-1,-1,1,1,1,1,-1,-1,1,-1,1,1,1,1,-1,-1,1,-1,1,1,1,-1,1,1,1,1,-1,1,-1,1,1,1,1,1,1,1,-1,1,1,1,1,-1,1,-1,1,1,1,1,1,-1,1,1,1,1,-1,1,1,-1,1,1,-1,1,1,-1,-1,1,1,1,1,-1,1,-1,1,1,1,-1,-1,1,-1,1,1,1,-1,1,-1,-1,-1,1,1,-1,-1,1,-1,-1,1,1,1,-1,1,-1,-1,1,1,1,-1,1,-1,-1,1,1,-1,-1,-1,1,-1,1,1,-1,1,1,-1,1,1,-1,-1,1,-1,-1,-1,-1,1,-1,1,1,-1,1,1,-1,-1,-1,-1,1,-1,-1,-1,-1,-1,-1,-1,1,1,-1,1,1,-1,1,1,1,1,-1,1,-1,1,1,1,1,-1,1,-1,-1,-1,1,1,-1,1,-1,1,1,1,1,-1,1,-1,1,1,1,-1,-1,1,-1,-1,1,1,-1,-1,-1,1,-1,1,1,1,-1,1,-1,-1,1,-2670.0,1,2000,445,1000,False
1038,1,1,-1,-1,1,-1,-1,-1,1,1,1,-1,1,1,-1,1,-1,1,-1,-1,1,1,1,1,1,-1,-1,-1,1,1,1,1,1,-1,-1,-1,1,-1,1,1,-1,-1,1,1,1,1,1,-1,1,1,1,1,-1,1,-1,-1,1,-1,1,1,1,-1,-1,1,1,1,1,1,-1,-1,1,1,1,1,1,-1,-1,-1,1,1,1,-1,-1,-1,1,1,1,1,-1,-1,-1,1,1,1,1,-1,-1,1,1,-1,1,1,-1,-1,1,1,1,1,1,-1,-1,1,1,1,1,1,-1,-1,1,1,1,1,1,1,-1,1,1,1,-1,1,1,-1,1,1,1,1,1,1,-1,-1,1,1,1,1,1,-1,1,1,1,1,1,1,-1,-1,-1,1,1,1,1,-1,1,-1,1,1,-1,1,-1,1,-1,1,1,1,-1,-1,1,1,1,1,1,-1,1,-1,-1,1,-1,1,-1,1,1,1,1,1,1,1,1,1,-1,1,-1,1,-1,1,1,-1,1,-1,1,1,-1,1,-1,1,-1,1,-1,1,1,-1,-1,-1,1,1,1,1,-1,-1,1,1,-1,-1,1,-1,1,-1,1,1,-1,1,-1,1,-1,1,-1,1,1,-1,-1,-1,1,1,-1,1,-1,1,1,1,-1,1,1,-1,1,-1,1,-1,1,-1,1,-1,1,1,-1,1,-1,-1,-1,1,1,-1,1,-1,-1,-1,1,1,-1,-1,1,1,-1,-1,1,1,-1,1,1,-1,1,1,1,1,-1,1,-1,1,1,-1,1,-1,1,1,1,1,1,1,1,1,-1,-1,1,-1,-1,-1,1,1,-1,1,1,1,-1,1,1,1,1,1,1,1,1,-1,1,1,1,-1,1,1,-1,1,1,1,-1,1,1,-1,-1,1,1,1,-1,1,-1,1,1,1,-1,1,1,-1,1,1,1,-1,1,1,-1,1,1,1,-1,1,1,-1,-1,1,1,-1,1,1,-1,1,-1,1,-1,1,1,1,-1,1,1,1,-1,1,1,-1,1,1,-1,1,1,1,-1,-1,-1,-1,1,1,1,-1,1,1,-1,1,1,-1,-1,1,1,1,1,1,-1,1,1,1,-1,1,1,1,-1,-1,1,1,-1,-1,1,-1,1,-1,1,-1,1,1,-1,-1,-1,1,-1,-1,1,1,-1,1,1,-1,1,1,1,1,-1,1,-1,-1,1,-1,1,-1,1,-1,1,1,1,1,-1,-1,1,-1,1,1,1,-1,1,1,1,-1,1,1,-1,1,-1,-1,1,1,1,-1,1,-1,1,1,1,1,-1,1,-1,-1,1,1,-1,1,1,-1,-1,1,1,-1,-1,1,-1,1,1,1,-1,1,-1,1,-1,1,1,-1,-1,1,-1,1,1,1,1,-1,1,-1,-1,-1,1,1,-1,1,-1,1,-1,1,-1,-1,1,-1,-1,1,-1,1,-1,-1,1,-1,1,-1,1,-1,-1,1,-1,-1,1,1,1,-1,1,-1,1,-1,-1,1,1,-1,-1,1,1,-1,-1,1,1,-1,1,1,-1,1,1,1,-1,1,1,-1,-1,-1,1,1,-1,1,-1,-1,1,1,-1,-1,1,-1,-1,1,1,1,-1,1,-1,-1,1,1,-1,-1,1,-1,-1,-1,1,1,-1,1,1,-1,-1,1,-1,-1,1,-1,1,-1,1,1,-1,-1,1,-1,-1,-1,-1,-1,1,1,1,-1,1,1,-1,-1,1,-1,-1,-1,-1,-1,1,1,-1,-1,-1,-1,-1,1,1,-1,1,1,-1,-1,-1,1,1,-1,-1,-1,-1,-1,1,-1,-1,1,-1,-1,-1,1,1,-1,-1,-1,-1,-1,1,-1,-1,1,-1,-1,-1,1,1,-1,1,-1,-1,1,1,1,-1,-1,-1,-1,-1,1,1,1,-1,-1,-1,-1,1,1,-1,-1,-1,-1,1,1,1,1,-1,-1,1,1,1,1,1,-1,-1,-1,1,1,1,1,1,-1,1,1,1,1,-1,1,-1,-1,1,-1,1,-1,1,-1,-1,1,-1,1,-1,-1,-1,-1,1,-1,1,-1,1,1,-1,1,-1,1,-1,1,1,-1,1,-1,1,-1,-1,-1,-1,1,1,-1,-1,-1,-1,-1,1,-1,1,-1,-1,-1,-1,-1,-1,-1,1,-1,-1,-1,1,-1,-1,1,-1,-1,-1,-1,-1,1,1,-1,-1,-1,-1,-1,1,-1,-1,-1,1,-1,-1,1,-1,1,-1,-1,-1,-1,-1,-1,-1,1,-1,-1,-1,1,1,-1,-1,-1,-1,1,-1,-1,-1,-1,1,-1,-1,1,-1,1,-1,-1,-1,-1,1,-1,1,1,-1,1,-1,-1,1,1,-1,-1,-1,-1,-1,-1,1,1,-1,-1,1,-1,1,1,-1,-1,-1,1,-1,-1,1,-1,-1,1,-1,-1,1,1,1,-1,1,-1,1,1,1,-1,-1,1,-1,-1,1,-1,1,-1,1,-1,-1,1,1,-1,1,1,-1,-1,1,1,-1,1,1,-1,-1,1,1,1,1,1,-1,-1,1,1,1,1,1,1,-1,1,1,1,1,1,-1,-1,1,-1,1,1,1,1,-1,-1,1,-1,1,1,1,-1,1,1,1,1,-1,1,-1,1,1,1,1,1,1,1,-1,-1,1,1,1,-1,1,-1,1,1,1,1,1,-1,1,1,1,1,-1,1,1,-1,1,1,-1,1,1,-1,-1,-1,1,1,1,-1,1,-1,1,1,1,-1,-1,1,-1,1,1,1,-1,1,-1,-1,-1,1,1,-1,-1,1,-1,-1,1,1,1,-1,1,-1,1,1,1,1,-1,1,-1,-1,1,1,-1,-1,-1,1,1,-1,1,-1,1,1,-1,1,1,-1,-1,1,1,-1,-1,1,1,-1,1,1,1,1,1,-1,-1,-1,-1,1,-1,-1,-1,-1,-1,1,1,1,1,-1,1,1,-1,1,1,1,1,-1,1,-1,1,1,1,1,-1,1,-1,1,1,1,1,-1,1,-1,1,1,1,1,-1,1,-1,1,1,-1,-1,-1,1,-1,1,1,1,-1,-1,-1,1,-1,1,-1,1,-1,1,-1,1,1,-2670.0,1,2000,445,1000,False
1039,1,1,-1,-1,1,-1,-1,-1,1,1,1,-1,1,1,1,1,-1,1,-1,-1,-1,-1,1,1,1,1,-1,-1,1,1,1,1,-1,-1,-1,-1,1,1,1,1,-1,-1,-1,1,1,1,1,-1,1,1,1,1,-1,1,-1,-1,1,-1,1,1,1,-1,-1,-1,1,1,1,1,-1,-1,-1,1,1,1,1,-1,-1,-1,1,1,1,-1,-1,-1,1,1,1,1,-1,-1,-1,1,1,1,1,-1,-1,1,1,-1,1,1,-1,-1,1,1,1,1,1,-1,-1,-1,1,1,1,1,-1,-1,1,1,1,1,1,1,-1,-1,1,1,-1,1,1,-1,1,1,1,1,1,1,-1,1,1,1,1,1,1,-1,1,1,1,1,1,1,-1,-1,-1,1,1,1,1,-1,1,1,1,1,-1,1,-1,1,-1,1,1,1,-1,-1,1,1,1,1,1,-1,1,-1,-1,1,-1,1,-1,1,1,1,1,1,1,1,1,1,-1,1,-1,1,-1,1,1,-1,1,-1,1,1,-1,1,-1,1,-1,1,-1,1,1,-1,1,-1,1,1,1,1,-1,-1,1,1,-1,-1,1,-1,1,-1,-1,1,-1,1,-1,1,-1,1,-1,1,1,-1,-1,-1,1,1,-1,1,-1,1,1,1,-1,1,1,-1,1,-1,1,-1,1,-1,1,-1,1,1,-1,1,-1,-1,-1,1,1,-1,1,-1,-1,-1,1,1,-1,-1,1,1,-1,-1,1,1,-1,1,1,-1,1,1,1,1,-1,1,-1,1,1,-1,1,-1,1,1,-1,1,1,-1,-1,1,-1,-1,1,-1,-1,-1,1,1,-1,1,1,1,-1,1,-1,-1,1,1,1,1,1,-1,1,1,1,1,-1,1,-1,1,1,1,-1,1,1,-1,-1,1,1,1,-1,1,-1,1,1,1,-1,1,1,-1,1,1,1,-1,1,-1,-1,1,1,1,1,1,-1,-1,-1,1,1,-1,1,-1,-1,1,-1,1,-1,1,1,-1,-1,1,1,1,1,1,-1,-1,1,1,-1,1,-1,-1,-1,-1,-1,-1,1,-1,-1,-1,1,1,-1,1,-1,-1,-1,1,1,1,1,-1,-1,1,1,1,-1,1,-1,-1,-1,-1,1,1,1,1,-1,-1,1,1,1,1,-1,-1,1,-1,-1,1,-1,1,-1,-1,1,-1,1,1,-1,-1,1,1,-1,1,-1,1,-1,-1,1,-1,1,1,-1,-1,-1,1,-1,-1,1,1,-1,-1,1,-1,1,1,-1,1,-1,1,-1,-1,1,1,-1,-1,1,-1,1,1,-1,-1,1,1,-1,1,-1,1,-1,1,-1,-1,1,-1,1,-1,1,-1,-1,1,-1,-1,-1,1,-1,-1,1,-1,1,-1,1,-1,-1,1,-1,-1,1,-1,1,-1,1,1,1,-1,1,1,-1,-1,1,1,-1,1,-1,-1,1,-1,1,1,1,1,-1,-1,1,1,-1,1,1,-1,-1,1,1,1,-1,1,1,-1,1,1,1,1,-1,-1,1,-1,-1,-1,1,-1,1,1,-1,1,-1,1,-1,1,-1,-1,-1,1,1,-1,1,1,-1,-1,-1,1,-1,1,1,-1,1,-1,1,-1,-1,-1,-1,-1,-1,1,-1,-1,-1,-1,-1,-1,1,-1,1,1,1,1,-1,1,-1,1,1,-1,-1,-1,1,-1,-1,1,-1,1,-1,-1,1,1,1,1,-1,-1,1,1,1,1,-1,1,-1,-1,1,1,1,-1,-1,-1,1,1,1,1,-1,-1,-1,1,-1,1,-1,1,-1,-1,-1,1,1,1,-1,-1,-1,-1,1,1,1,1,-1,-1,-1,1,1,1,1,-1,-1,-1,1,1,1,-1,-1,-1,1,1,1,1,1,-1,-1,-1,1,1,1,1,-1,-1,-1,1,1,-1,1,-1,-1,-1,1,1,1,1,-1,-1,1,1,1,1,-1,-1,1,1,-1,1,1,-1,-1,-1,1,1,1,1,1,-1,1,1,1,1,1,-1,-1,-1,1,-1,1,-1,-1,-1,-1,1,-1,1,1,-1,-1,-1,1,-1,1,1,-1,-1,-1,1,1,1,1,-1,-1,-1,1,-1,1,1,-1,-1,-1,1,1,-1,-1,-1,-1,-1,1,-1,1,-1,-1,-1,-1,-1,-1,-1,1,-1,-1,-1,1,-1,-1,1,-1,-1,-1,-1,-1,1,1,-1,-1,-1,-1,-1,1,-1,-1,-1,1,-1,-1,1,-1,1,-1,-1,-1,-1,-1,-1,-1,1,-1,-1,-1,1,1,1,-1,-1,1,-1,-1,-1,-1,-1,1,-1,-1,1,1,1,-1,-1,-1,-1,1,-1,1,1,-1,1,-1,-1,1,1,-1,-1,-1,-1,-1,-1,1,1,-1,-1,1,-1,1,1,-1,-1,-1,1,-1,1,1,-1,-1,1,-1,-1,1,1,1,-1,1,-1,1,1,1,-1,-1,1,-1,-1,1,1,1,-1,1,-1,-1,1,1,-1,1,1,-1,-1,1,1,-1,1,1,-1,-1,1,1,-1,1,1,-1,-1,1,1,1,1,1,1,-1,-1,1,1,-1,1,-1,-1,1,-1,1,1,1,1,-1,-1,1,-1,1,1,1,-1,1,1,1,1,-1,1,-1,1,1,1,1,1,1,1,-1,1,1,1,1,-1,1,-1,1,1,1,1,1,-1,1,1,1,1,-1,-1,1,-1,1,1,-1,1,1,-1,-1,1,1,1,-1,1,1,-1,1,1,1,-1,-1,1,-1,1,1,1,-1,1,-1,-1,-1,1,1,-1,-1,1,-1,-1,1,1,-1,-1,1,-1,-1,1,1,1,1,-1,-1,-1,1,1,-1,-1,1,1,-1,-1,1,-1,1,1,-1,1,1,-1,-1,1,-1,-1,-1,1,1,-1,1,1,-1,1,1,-1,-1,1,-1,1,-1,-1,-1,-1,1,-1,-1,1,1,-1,1,1,-1,1,1,1,1,-1,1,-1,1,1,1,-1,-1,1,-1,-1,-1,1,-1,-1,1,-1,1,1,1,-1,-1,1,-1,1,1,1,1,-1,1,-1,-1,1,1,-1,-1,-1,1,-1,1,-1,1,-1,1,-1,-1,1,-2670.0,1,2000,445,0,False
1040,1,1,-1,-1,1,1,-1,-1,1,1,1,-1,1,1,1,1,-1,1,-1,-1,-1,-1,1,1,1,-1,-1,-1,1,1,1,1,-1,-1,-1,-1,1,-1,1,1,-1,-1,-1,1,1,1,1,-1,1,1,1,1,-1,1,-1,-1,1,-1,1,1,1,-1,-1,-1,1,1,1,1,-1,-1,-1,1,1,1,1,-1,-1,-1,1,1,1,-1,-1,-1,1,1,1,1,-1,-1,-1,1,1,1,1,-1,-1,1,1,-1,1,1,-1,-1,1,1,1,1,1,-1,-1,-1,1,-1,1,1,-1,-1,1,1,1,1,1,1,-1,-1,1,1,-1,1,1,-1,1,1,1,1,1,1,-1,1,1,1,1,1,1,-1,1,1,1,1,1,1,-1,-1,-1,1,1,1,1,-1,1,1,1,1,-1,1,-1,1,-1,1,1,1,-1,-1,1,1,1,1,1,-1,1,-1,-1,1,-1,1,-1,1,1,1,1,1,1,1,1,1,1,1,-1,1,-1,1,1,-1,1,-1,1,1,-1,1,-1,1,-1,1,-1,1,1,-1,-1,-1,1,1,1,1,-1,-1,1,1,-1,-1,1,-1,1,-1,-1,1,-1,1,-1,1,-1,1,-1,1,1,-1,1,-1,1,1,-1,1,-1,1,1,1,-1,1,1,-1,1,-1,1,-1,1,-1,1,-1,1,1,-1,1,-1,-1,-1,1,1,-1,1,-1,-1,-1,1,1,-1,-1,1,1,-1,-1,1,1,-1,1,1,-1,1,1,1,1,-1,1,-1,1,1,-1,1,-1,1,1,1,1,1,1,1,1,-1,-1,1,-1,-1,-1,1,1,-1,1,1,1,-1,1,1,1,1,1,1,1,1,-1,1,1,1,-1,1,1,-1,1,1,1,-1,1,1,-1,-1,1,1,1,-1,1,-1,1,1,1,-1,1,1,-1,1,1,1,-1,1,1,-1,1,1,1,-1,1,1,1,-1,1,1,-1,1,1,-1,1,-1,1,-1,1,1,1,-1,1,1,1,-1,1,1,-1,1,1,-1,1,-1,1,-1,-1,-1,-1,1,1,1,-1,1,1,-1,1,1,-1,-1,1,1,1,1,1,-1,1,1,1,-1,1,1,1,1,-1,1,1,1,-1,1,-1,1,-1,1,-1,1,1,-1,-1,-1,1,-1,-1,1,-1,1,-1,1,-1,1,1,1,-1,-1,1,-1,-1,1,-1,1,-1,1,1,1,1,1,1,-1,-1,1,-1,1,1,-1,-1,1,1,1,-1,1,-1,-1,-1,1,-1,1,-1,-1,-1,1,1,1,1,-1,1,-1,1,-1,1,1,-1,-1,1,1,-1,-1,1,-1,-1,-1,1,-1,1,1,-1,-1,-1,1,-1,-1,1,1,-1,-1,1,-1,1,-1,1,-1,-1,1,-1,-1,-1,1,-1,-1,1,-1,1,-1,1,-1,-1,1,-1,-1,1,1,-1,-1,-1,1,-1,1,1,-1,-1,1,1,-1,-1,1,1,1,-1,1,-1,1,-1,1,-1,1,-1,-1,-1,1,-1,-1,-1,1,1,-1,1,-1,1,1,1,-1,1,1,-1,1,-1,1,-1,-1,1,-1,-1,1,1,1,-1,1,-1,-1,1,1,-1,-1,1,-1,-1,1,1,-1,-1,1,-1,-1,-1,1,1,-1,1,1,-1,-1,1,-1,-1,1,-1,1,-1,1,1,-1,-1,1,-1,-1,-1,-1,-1,1,1,1,-1,1,1,-1,-1,1,-1,-1,-1,-1,-1,-1,1,-1,-1,-1,1,-1,1,1,-1,1,1,1,-1,-1,1,1,-1,-1,-1,-1,-1,1,-1,-1,1,-1,-1,-1,1,1,-1,-1,-1,-1,-1,1,-1,-1,1,-1,-1,-1,1,1,-1,-1,-1,-1,1,1,1,-1,1,-1,-1,-1,1,1,1,-1,-1,-1,-1,1,1,-1,1,-1,-1,1,1,1,1,-1,-1,1,1,1,1,1,-1,-1,-1,1,1,1,-1,1,-1,1,1,1,1,-1,1,-1,-1,1,-1,1,1,-1,-1,-1,1,-1,1,-1,-1,-1,-1,1,-1,1,-1,1,1,-1,1,-1,1,1,-1,1,-1,1,-1,1,1,1,-1,-1,1,1,-1,1,1,-1,-1,1,-1,1,-1,1,-1,-1,-1,-1,-1,1,1,-1,-1,1,-1,-1,1,1,-1,-1,-1,-1,1,-1,1,-1,-1,-1,-1,1,1,-1,-1,1,-1,-1,1,-1,1,-1,-1,-1,-1,-1,1,1,1,-1,-1,-1,1,1,1,-1,-1,1,1,-1,-1,1,-1,1,-1,-1,1,1,1,-1,-1,-1,-1,1,-1,1,1,-1,1,-1,-1,1,1,-1,-1,-1,-1,-1,-1,1,1,-1,-1,1,-1,1,1,-1,-1,-1,1,-1,1,1,-1,-1,1,-1,-1,1,1,1,-1,1,-1,1,1,1,-1,-1,1,-1,-1,1,1,1,-1,1,-1,-1,1,1,-1,1,1,-1,-1,1,1,-1,1,1,-1,-1,1,1,-1,1,1,-1,-1,1,1,1,1,1,1,-1,1,1,1,1,1,-1,-1,1,-1,1,1,1,1,-1,-1,1,-1,1,1,1,-1,1,-1,1,1,-1,1,-1,1,1,1,1,1,1,1,-1,-1,1,1,1,-1,1,-1,1,1,1,1,1,-1,1,-1,1,1,-1,1,1,-1,-1,1,-1,1,1,-1,-1,1,1,1,1,-1,1,-1,-1,1,1,-1,-1,1,-1,1,1,1,-1,1,-1,-1,-1,1,1,-1,-1,1,-1,-1,1,1,-1,-1,1,-1,-1,1,1,1,-1,1,-1,-1,1,1,-1,-1,-1,1,-1,1,1,-1,1,1,-1,1,1,-1,-1,1,1,-1,-1,1,1,-1,1,1,-1,1,1,-1,-1,-1,-1,1,-1,-1,-1,-1,-1,1,-1,1,1,-1,1,1,-1,1,1,1,1,-1,1,-1,1,1,1,-1,-1,1,-1,-1,1,1,-1,-1,1,-1,1,1,1,-1,-1,1,-1,1,1,1,1,-1,1,-1,-1,1,1,-1,-1,-1,1,-1,1,1,1,-1,1,-1,-1,1,-2670.0,1,2000,445,1000,False
1041,1,1,-1,-1,1,-1,-1,-1,1,1,1,-1,1,1,1,1,-1,1,-1,-1,1,-1,1,1,1,-1,-1,-1,1,1,1,1,-1,-1,-1,-1,1,-1,1,1,-1,-1,-1,1,1,1,1,-1,1,1,1,1,-1,1,-1,-1,1,-1,1,1,1,-1,-1,-1,1,1,1,1,-1,-1,-1,1,1,1,1,-1,-1,-1,1,1,1,-1,-1,-1,1,1,1,1,-1,-1,-1,1,1,1,1,-1,-1,1,1,-1,1,1,-1,-1,1,1,1,1,1,-1,-1,1,1,1,1,1,-1,-1,1,1,1,1,1,1,-1,1,1,1,-1,1,1,-1,1,1,1,1,1,1,-1,-1,1,1,1,1,1,-1,1,1,1,1,1,1,-1,-1,-1,1,1,1,1,-1,1,1,1,1,-1,1,-1,1,-1,1,1,1,-1,-1,1,1,1,1,1,-1,1,-1,-1,1,-1,1,-1,1,1,1,1,1,1,1,1,1,1,1,-1,1,-1,1,1,-1,1,-1,1,1,-1,1,-1,1,-1,1,-1,1,1,-1,1,-1,1,1,1,1,-1,-1,1,1,-1,-1,1,-1,1,-1,1,1,-1,1,-1,1,-1,1,-1,1,1,-1,-1,-1,1,1,-1,1,-1,1,1,1,-1,1,1,-1,1,-1,1,-1,1,-1,1,-1,1,1,-1,1,-1,-1,-1,1,1,-1,1,-1,-1,-1,1,1,-1,-1,1,1,-1,-1,1,1,-1,1,1,-1,1,1,1,1,-1,1,-1,1,1,-1,1,-1,1,-1,1,1,1,1,1,1,-1,-1,1,-1,-1,1,1,1,-1,1,1,1,-1,1,1,1,1,1,1,1,1,-1,1,1,1,-1,-1,1,-1,1,1,1,-1,1,1,-1,-1,1,1,1,-1,1,-1,1,1,1,-1,1,1,-1,1,1,1,-1,1,1,-1,1,1,1,-1,1,1,-1,-1,1,1,-1,1,1,-1,1,-1,1,-1,1,-1,1,-1,1,1,1,1,-1,1,-1,1,1,-1,1,1,1,-1,-1,-1,-1,1,1,1,-1,1,1,-1,1,1,-1,-1,1,1,1,1,1,-1,1,1,1,-1,1,1,1,1,-1,1,1,1,-1,1,-1,1,1,1,1,1,1,-1,-1,-1,1,-1,1,1,-1,1,-1,1,1,1,1,1,1,-1,1,-1,-1,1,-1,1,-1,1,1,-1,1,1,1,-1,-1,1,-1,1,1,-1,-1,1,1,1,-1,1,1,-1,-1,1,-1,1,1,-1,-1,1,1,1,1,-1,1,-1,1,-1,-1,1,-1,-1,-1,1,-1,1,1,-1,-1,-1,1,-1,1,1,1,-1,-1,1,-1,-1,1,-1,-1,-1,1,-1,1,1,-1,1,-1,1,1,-1,1,-1,-1,-1,-1,1,-1,1,-1,-1,-1,1,-1,-1,1,-1,-1,-1,-1,1,-1,1,-1,-1,-1,-1,1,-1,-1,1,1,1,-1,1,-1,1,-1,1,-1,1,-1,-1,-1,1,-1,1,1,1,1,-1,1,-1,-1,1,1,-1,1,1,-1,1,-1,1,-1,-1,1,-1,-1,1,1,1,-1,1,-1,-1,1,1,-1,-1,1,-1,1,1,1,-1,-1,1,-1,-1,-1,1,1,-1,1,1,-1,-1,1,-1,-1,1,-1,1,-1,1,1,-1,-1,1,-1,-1,-1,-1,-1,1,1,1,-1,-1,1,-1,-1,1,-1,-1,1,-1,-1,1,1,-1,-1,1,-1,-1,1,1,-1,1,-1,1,-1,-1,1,1,-1,-1,-1,-1,-1,1,-1,-1,1,-1,-1,-1,1,1,-1,-1,-1,-1,-1,1,-1,-1,-1,-1,-1,1,1,1,-1,-1,-1,-1,-1,1,1,-1,-1,-1,-1,-1,1,1,1,-1,-1,-1,-1,1,1,-1,-1,-1,-1,1,1,1,1,1,-1,1,1,1,1,1,1,-1,-1,1,1,1,1,-1,-1,1,1,1,1,-1,1,-1,-1,1,-1,1,-1,1,-1,-1,1,-1,1,1,1,-1,-1,1,-1,1,-1,1,1,-1,1,-1,1,1,1,1,-1,1,-1,1,1,1,-1,-1,1,1,-1,1,1,-1,-1,1,-1,1,-1,1,-1,-1,-1,-1,-1,1,1,-1,-1,1,-1,-1,1,1,-1,-1,-1,-1,-1,-1,1,-1,-1,-1,-1,1,-1,-1,-1,1,-1,-1,1,-1,1,-1,-1,-1,-1,-1,-1,1,1,-1,-1,-1,1,1,1,-1,-1,-1,1,-1,-1,1,-1,1,-1,-1,1,1,1,-1,-1,-1,-1,1,-1,1,1,-1,1,-1,-1,1,1,-1,-1,-1,-1,-1,-1,1,1,-1,-1,1,-1,1,1,-1,-1,-1,1,-1,1,1,-1,-1,1,-1,-1,1,1,1,-1,1,-1,1,1,1,-1,-1,1,-1,-1,1,1,1,-1,1,-1,-1,1,1,-1,1,1,-1,-1,1,1,-1,1,1,-1,-1,1,1,-1,1,1,-1,-1,1,1,1,1,1,1,-1,-1,1,1,-1,1,-1,-1,1,-1,1,1,1,1,-1,-1,1,-1,1,1,1,-1,1,1,1,1,-1,1,-1,1,1,1,1,1,1,1,-1,1,1,1,1,-1,1,-1,1,1,1,1,1,-1,1,1,1,1,-1,1,1,-1,1,1,-1,1,1,-1,-1,1,1,1,1,-1,1,-1,1,1,1,-1,-1,1,-1,1,1,1,-1,1,-1,-1,-1,1,1,-1,-1,1,-1,-1,1,1,-1,-1,1,-1,-1,1,1,1,-1,-1,-1,-1,1,1,-1,-1,-1,1,-1,-1,1,-1,1,1,-1,1,1,-1,-1,1,-1,-1,-1,1,1,-1,1,1,-1,1,1,-1,-1,-1,-1,1,-1,-1,-1,-1,1,-1,-1,1,1,-1,1,1,-1,1,1,1,1,-1,1,-1,1,1,1,1,-1,1,-1,-1,-1,1,1,-1,1,-1,1,1,1,1,-1,1,-1,1,1,-1,-1,-1,1,-1,-1,1,1,-1,-1,-1,1,-1,1,-1,1,-1,1,-1,-1,1,-2670.0,1,2000,445,1000,False
1042,1,1,-1,-1,1,1,-1,-1,1,1,1,-1,1,1,1,1,-1,1,-1,-1,1,-1,1,1,1,-1,-1,-1,1,1,1,1,-1,-1,-1,-1,1,-1,1,1,-1,-1,-1,1,1,1,1,-1,1,1,1,1,-1,1,-1,-1,1,-1,1,1,1,-1,-1,-1,1,1,1,1,-1,-1,-1,1,1,1,1,-1,-1,-1,1,1,1,-1,-1,-1,1,1,1,1,-1,1,-1,1,1,1,1,-1,-1,1,1,-1,1,1,-1,-1,1,1,1,1,1,-1,-1,1,1,-1,1,1,-1,-1,1,1,1,1,1,1,-1,1,1,1,-1,1,1,-1,1,1,1,1,1,1,-1,-1,1,1,1,1,1,-1,1,1,1,1,1,1,-1,-1,-1,1,1,1,1,-1,1,1,1,1,-1,1,-1,1,-1,1,1,1,-1,-1,1,1,1,1,1,-1,1,-1,-1,1,-1,1,-1,1,1,1,1,1,1,1,1,1,-1,1,-1,1,-1,1,1,-1,1,-1,1,1,-1,1,-1,1,-1,1,-1,1,1,-1,1,-1,1,1,1,1,-1,-1,1,1,-1,-1,1,-1,1,-1,-1,1,-1,1,-1,1,-1,1,-1,1,1,-1,-1,-1,1,1,-1,1,-1,1,1,1,-1,1,1,-1,1,-1,1,-1,1,-1,1,-1,1,1,-1,1,-1,-1,-1,1,1,-1,1,-1,-1,-1,1,1,-1,-1,1,1,-1,-1,1,1,-1,1,1,-1,1,1,1,1,-1,1,-1,1,1,-1,1,-1,1,1,1,1,1,1,1,1,-1,-1,1,-1,-1,1,1,1,-1,1,1,1,-1,1,1,1,1,1,1,-1,1,-1,1,1,1,-1,1,1,-1,1,1,1,-1,1,1,-1,-1,1,1,1,-1,1,-1,1,1,1,-1,1,1,-1,1,1,1,-1,1,1,-1,1,1,1,-1,1,1,1,-1,1,1,-1,1,1,-1,1,-1,1,-1,1,1,1,-1,1,1,1,1,1,1,-1,1,1,-1,1,-1,1,-1,-1,-1,-1,1,1,1,-1,1,1,-1,1,1,-1,-1,1,1,1,1,1,-1,1,1,1,-1,1,1,1,1,-1,1,1,1,-1,1,-1,1,1,1,1,1,1,-1,-1,-1,1,-1,-1,1,-1,1,-1,1,1,1,1,1,-1,-1,1,-1,-1,1,-1,1,-1,1,1,1,1,1,1,-1,-1,1,-1,1,1,-1,-1,1,1,1,-1,1,-1,-1,-1,1,-1,1,1,-1,-1,1,1,1,1,-1,1,-1,1,-1,-1,1,-1,1,-1,1,-1,1,1,-1,-1,-1,1,-1,1,1,1,-1,-1,1,-1,-1,1,-1,-1,-1,1,-1,1,1,1,-1,-1,1,1,-1,1,-1,-1,-1,-1,1,-1,1,-1,-1,-1,1,1,-1,1,-1,-1,-1,-1,1,-1,1,-1,-1,1,-1,1,-1,-1,1,1,1,-1,1,-1,1,-1,1,1,1,-1,-1,-1,1,-1,-1,1,1,1,-1,1,-1,1,1,1,-1,1,1,-1,1,-1,1,-1,-1,1,-1,-1,1,1,1,-1,1,-1,-1,1,1,-1,-1,1,-1,-1,1,1,-1,-1,1,-1,-1,-1,1,1,-1,1,1,-1,-1,1,-1,-1,1,-1,1,-1,1,1,-1,-1,1,-1,-1,-1,-1,-1,1,1,1,-1,-1,1,-1,-1,1,-1,-1,1,-1,-1,1,1,-1,-1,1,1,-1,1,1,-1,1,-1,1,-1,-1,1,1,-1,-1,-1,-1,-1,1,-1,-1,1,-1,-1,-1,1,1,-1,-1,-1,-1,-1,1,-1,-1,-1,-1,-1,1,1,1,-1,-1,-1,-1,-1,1,1,-1,-1,-1,-1,-1,1,1,1,-1,-1,-1,-1,1,1,-1,-1,-1,-1,1,1,1,1,1,-1,1,1,1,1,1,1,-1,-1,1,1,1,-1,-1,-1,1,1,1,1,-1,1,-1,-1,1,-1,1,-1,1,-1,-1,1,-1,1,-1,1,-1,-1,1,-1,1,-1,1,1,-1,1,-1,1,1,1,1,-1,1,-1,1,1,1,-1,-1,1,1,-1,1,1,-1,-1,1,-1,1,-1,1,-1,-1,-1,-1,-1,1,1,-1,-1,1,-1,-1,1,1,-1,-1,-1,-1,1,-1,1,-1,-1,-1,-1,-1,1,-1,-1,1,-1,-1,1,-1,1,-1,-1,-1,-1,-1,1,1,1,-1,-1,-1,1,1,1,-1,-1,1,1,-1,-1,1,-1,1,-1,-1,1,1,1,-1,-1,-1,-1,1,-1,1,1,-1,1,-1,-1,1,1,-1,-1,-1,-1,-1,-1,1,1,-1,-1,1,-1,1,1,-1,-1,-1,1,-1,1,1,-1,-1,1,-1,-1,1,1,1,-1,1,-1,1,1,1,-1,-1,1,-1,-1,1,1,1,-1,1,-1,-1,1,1,-1,1,1,-1,-1,1,1,-1,1,1,-1,-1,1,1,-1,1,1,-1,-1,1,1,1,1,1,1,-1,-1,1,1,1,1,-1,-1,1,-1,1,1,1,1,-1,-1,1,-1,1,1,1,-1,1,1,1,1,-1,1,-1,1,1,1,1,1,1,1,-1,1,1,1,1,-1,1,-1,1,1,1,1,1,-1,1,1,1,1,-1,1,1,-1,1,1,-1,1,1,-1,-1,1,1,1,1,-1,1,-1,1,1,1,-1,-1,1,-1,1,1,1,-1,1,-1,-1,-1,1,1,-1,-1,1,-1,-1,1,1,-1,-1,1,-1,-1,1,1,1,-1,1,-1,-1,1,1,-1,-1,-1,1,-1,1,1,-1,1,1,-1,1,1,-1,-1,1,-1,-1,-1,-1,1,-1,1,1,-1,1,1,-1,-1,-1,-1,1,-1,-1,-1,-1,1,-1,-1,1,1,-1,1,1,-1,1,1,1,1,-1,1,-1,1,1,1,1,-1,1,-1,-1,-1,1,1,-1,1,-1,1,1,1,1,-1,1,-1,1,1,-1,-1,-1,1,-1,-1,1,1,-1,-1,-1,1,-1,1,-1,1,-1,1,-1,-1,1,-2670.0,1,2000,445,1000,False
1043,1,1,-1,-1,1,1,-1,-1,1,1,1,-1,-1,1,1,1,-1,1,-1,-1,-1,-1,1,1,1,-1,-1,-1,1,1,1,1,-1,-1,-1,-1,1,-1,1,1,-1,-1,-1,1,1,1,1,-1,1,1,1,1,-1,1,-1,-1,1,-1,1,1,1,-1,-1,-1,1,1,1,1,-1,-1,-1,1,1,1,1,-1,-1,-1,1,1,1,-1,-1,-1,1,1,1,1,-1,-1,1,1,1,1,1,-1,-1,-1,1,-1,1,1,-1,-1,1,1,1,1,1,-1,-1,-1,1,1,1,1,-1,-1,1,1,1,1,1,1,-1,-1,1,1,-1,1,1,-1,1,1,1,1,1,1,-1,1,1,1,1,1,1,-1,1,1,1,1,1,1,-1,-1,-1,1,1,1,1,-1,1,1,1,1,-1,1,-1,1,-1,1,1,1,-1,-1,1,1,1,1,1,-1,1,-1,-1,1,-1,1,-1,1,1,1,1,1,1,1,1,1,-1,1,-1,1,-1,1,1,-1,1,-1,1,1,-1,1,-1,1,-1,1,-1,1,1,-1,1,-1,1,1,1,1,-1,-1,1,1,-1,-1,1,-1,1,-1,-1,1,-1,1,-1,1,-1,1,-1,1,1,-1,-1,-1,1,1,-1,1,-1,1,1,1,-1,1,-1,-1,1,-1,1,-1,1,1,1,-1,1,1,-1,1,-1,-1,-1,1,1,-1,1,-1,-1,-1,1,1,-1,-1,1,1,-1,-1,1,1,-1,1,1,-1,1,1,1,1,-1,1,-1,1,1,-1,1,-1,1,-1,1,1,1,1,1,1,-1,-1,1,-1,-1,1,1,1,-1,1,1,1,-1,1,1,1,1,1,1,1,1,-1,1,1,1,-1,-1,1,-1,1,1,1,-1,1,1,-1,-1,1,1,1,-1,1,-1,1,1,1,-1,1,1,-1,1,1,1,-1,1,1,-1,1,1,1,-1,1,1,-1,-1,1,1,-1,1,1,-1,1,-1,1,-1,1,1,1,-1,1,1,1,1,1,1,-1,1,1,-1,1,1,1,-1,-1,-1,-1,1,1,1,-1,1,1,-1,1,1,-1,-1,1,1,1,1,1,-1,1,1,1,-1,1,1,1,1,-1,1,1,1,-1,1,-1,1,1,1,1,1,1,-1,-1,-1,1,-1,-1,1,1,-1,1,1,1,1,1,1,1,-1,1,-1,-1,1,-1,1,-1,1,1,1,1,1,1,-1,-1,1,-1,1,1,1,-1,1,1,1,-1,1,1,-1,-1,1,-1,1,1,1,-1,1,1,1,1,1,1,-1,1,-1,-1,1,1,1,-1,1,-1,1,1,1,-1,-1,1,-1,1,1,1,-1,-1,1,1,-1,1,1,-1,-1,1,-1,1,1,1,1,-1,1,-1,-1,1,1,1,-1,-1,-1,1,1,1,-1,-1,1,-1,-1,1,-1,1,-1,-1,1,-1,1,-1,1,1,-1,1,-1,-1,1,1,1,-1,1,-1,1,-1,1,-1,1,-1,-1,-1,1,-1,-1,-1,1,1,-1,1,-1,1,1,1,-1,1,1,-1,-1,-1,1,-1,-1,1,-1,-1,1,1,1,-1,1,-1,-1,1,1,-1,-1,1,-1,-1,1,1,-1,-1,1,-1,-1,-1,1,1,-1,1,1,-1,-1,1,-1,-1,1,-1,1,-1,1,1,-1,-1,1,-1,-1,-1,-1,-1,1,1,1,-1,-1,1,-1,-1,1,-1,-1,1,-1,-1,1,1,-1,-1,1,-1,-1,1,1,-1,1,-1,-1,-1,-1,1,1,-1,-1,-1,-1,-1,1,-1,-1,1,-1,-1,-1,1,1,-1,-1,-1,-1,-1,1,-1,-1,-1,-1,-1,1,1,1,-1,-1,-1,-1,-1,1,1,-1,-1,-1,-1,-1,1,1,1,-1,-1,-1,-1,1,1,-1,-1,-1,-1,1,1,1,1,-1,-1,1,1,1,1,1,-1,-1,-1,1,1,1,-1,1,-1,1,1,1,1,-1,1,-1,-1,1,-1,1,-1,1,-1,-1,1,-1,1,-1,-1,-1,-1,1,-1,1,-1,1,1,-1,1,-1,1,-1,1,1,-1,1,-1,1,-1,-1,-1,-1,1,1,-1,-1,-1,-1,-1,1,-1,1,-1,-1,-1,-1,-1,-1,-1,1,-1,-1,-1,1,-1,-1,1,-1,-1,-1,-1,-1,-1,1,-1,-1,-1,-1,-1,1,-1,-1,-1,1,-1,-1,1,-1,1,-1,-1,-1,-1,-1,-1,-1,1,-1,-1,-1,1,1,-1,-1,-1,1,-1,-1,-1,-1,-1,1,-1,-1,1,-1,1,-1,-1,-1,-1,1,-1,1,1,-1,1,-1,-1,1,1,-1,-1,-1,-1,-1,-1,1,1,-1,-1,1,-1,1,1,-1,-1,-1,1,-1,-1,1,-1,-1,1,-1,-1,1,1,1,-1,1,-1,1,1,1,-1,-1,1,-1,-1,1,1,1,-1,1,-1,-1,1,1,-1,1,1,-1,-1,1,1,-1,1,1,-1,-1,1,1,-1,1,1,-1,-1,1,1,1,1,1,1,-1,-1,1,1,1,1,-1,-1,1,-1,1,1,1,1,-1,-1,1,-1,1,1,1,-1,1,1,1,1,-1,1,-1,1,1,1,1,1,1,1,-1,1,1,1,1,-1,1,-1,1,1,1,1,1,-1,1,1,1,1,-1,1,1,-1,1,1,-1,1,1,-1,-1,1,1,1,1,-1,1,-1,1,1,1,-1,-1,1,-1,1,1,1,-1,1,-1,-1,-1,1,1,-1,-1,1,-1,-1,1,1,1,-1,1,-1,-1,1,1,1,-1,1,-1,-1,1,1,-1,-1,-1,1,-1,1,1,-1,1,1,-1,1,1,-1,-1,1,-1,-1,-1,1,1,-1,1,1,-1,1,1,-1,-1,1,-1,1,-1,-1,-1,-1,1,-1,-1,1,1,-1,1,1,-1,1,1,1,1,-1,1,-1,1,1,1,-1,-1,1,-1,-1,1,1,-1,1,1,-1,1,1,1,-1,-1,1,-1,1,1,1,1,-1,1,-1,-1,1,1,1,-1,1,1,-1,1,1,1,-1,1,-1,-1,1,-2670.0,1,2000,445,1000,False
1044,1,1,-1,-1,1,-1,1,-1,1,1,1,-1,1,1,1,1,-1,1,-1,-1,1,-1,1,1,1,-1,-1,-1,1,1,1,1,-1,-1,-1,-1,1,1,1,1,-1,-1,-1,1,1,1,1,-1,1,1,1,1,-1,1,-1,-1,1,-1,1,1,1,-1,-1,-1,1,1,1,1,-1,-1,-1,1,1,1,1,-1,-1,-1,1,1,1,-1,-1,-1,1,1,1,1,-1,-1,-1,1,1,1,1,-1,-1,1,1,-1,1,1,-1,-1,1,1,1,1,1,-1,-1,1,1,1,1,1,-1,-1,1,1,1,1,1,1,-1,-1,1,1,-1,1,1,-1,1,1,1,1,1,1,-1,-1,1,1,1,1,1,-1,1,1,1,1,1,1,-1,-1,-1,1,1,1,1,-1,1,1,1,1,-1,1,-1,1,-1,1,1,1,-1,-1,1,1,1,1,1,-1,1,-1,-1,1,-1,1,-1,1,1,1,1,1,1,1,1,1,1,1,-1,1,-1,1,1,-1,1,-1,1,1,-1,1,-1,1,-1,1,-1,1,1,-1,1,-1,1,1,1,1,-1,-1,1,1,-1,-1,1,-1,1,-1,1,1,-1,1,-1,1,-1,1,-1,1,1,-1,-1,-1,1,1,-1,1,-1,1,1,1,-1,1,1,-1,1,-1,1,-1,1,-1,1,-1,1,1,-1,1,-1,-1,-1,1,1,-1,1,-1,-1,-1,1,1,-1,-1,1,1,-1,-1,1,1,-1,1,1,-1,1,1,1,1,-1,1,-1,1,1,-1,1,-1,1,-1,1,1,1,1,1,1,-1,-1,1,-1,-1,-1,1,1,-1,1,1,1,-1,1,1,1,1,1,1,-1,1,-1,1,1,1,-1,1,1,-1,1,1,1,-1,1,1,-1,-1,1,1,1,-1,1,-1,1,1,1,-1,1,1,-1,1,1,1,-1,1,1,-1,1,1,1,-1,1,1,-1,-1,1,1,-1,1,1,-1,1,-1,1,-1,1,1,1,-1,1,1,1,1,1,1,-1,1,1,-1,1,1,1,-1,-1,-1,-1,1,1,1,-1,1,1,-1,1,1,-1,-1,1,1,1,1,1,-1,1,1,1,-1,1,1,1,-1,-1,1,1,1,-1,1,-1,1,1,1,1,1,1,-1,-1,-1,1,-1,-1,1,-1,1,-1,1,1,1,1,1,-1,-1,1,-1,-1,1,-1,1,-1,1,1,1,1,-1,1,-1,-1,1,-1,1,1,-1,-1,1,1,1,-1,1,-1,-1,-1,1,-1,1,1,-1,-1,1,1,1,1,-1,1,-1,1,-1,-1,1,-1,-1,-1,1,-1,1,1,-1,-1,-1,1,-1,1,1,1,-1,-1,1,1,-1,1,-1,-1,-1,1,-1,1,1,1,-1,-1,1,-1,-1,1,-1,-1,-1,-1,-1,1,1,-1,-1,-1,1,-1,-1,1,-1,-1,-1,-1,1,-1,1,-1,-1,1,-1,1,-1,-1,1,1,1,-1,1,-1,1,1,1,-1,1,-1,-1,-1,1,-1,-1,1,1,1,-1,1,-1,1,1,1,-1,1,1,-1,-1,-1,1,-1,-1,1,-1,-1,1,1,1,-1,1,-1,-1,1,1,-1,-1,1,-1,-1,1,1,-1,-1,1,-1,-1,-1,1,1,-1,1,1,-1,-1,1,-1,-1,1,-1,1,-1,1,1,-1,-1,1,-1,-1,-1,-1,-1,1,1,1,-1,-1,1,-1,-1,1,-1,-1,1,-1,-1,1,1,-1,-1,1,-1,-1,1,1,-1,1,-1,1,-1,-1,1,1,-1,-1,-1,-1,1,1,-1,-1,1,-1,-1,-1,1,1,-1,-1,-1,-1,-1,1,-1,-1,-1,-1,-1,1,1,1,-1,-1,-1,-1,-1,1,1,-1,-1,-1,-1,-1,1,1,1,-1,-1,-1,-1,1,1,1,-1,-1,-1,1,1,1,1,1,-1,1,1,1,1,1,1,-1,-1,1,1,1,-1,-1,-1,1,1,1,1,-1,1,-1,-1,1,-1,1,-1,1,-1,-1,1,-1,1,1,1,-1,-1,1,-1,1,-1,1,-1,-1,1,-1,1,1,1,-1,-1,1,-1,1,1,1,-1,-1,1,1,-1,1,1,-1,-1,1,-1,1,-1,1,-1,-1,-1,-1,-1,1,1,-1,-1,1,-1,-1,1,1,-1,-1,-1,-1,1,-1,1,-1,-1,-1,-1,1,1,-1,-1,1,-1,-1,1,-1,1,-1,-1,-1,-1,-1,1,1,1,-1,-1,-1,1,1,1,-1,-1,-1,1,-1,-1,1,-1,1,-1,-1,1,1,1,-1,-1,-1,-1,1,-1,1,1,-1,1,-1,-1,1,1,-1,-1,-1,-1,-1,-1,1,1,-1,-1,1,-1,1,1,-1,-1,-1,1,-1,1,1,-1,-1,1,-1,-1,1,1,1,-1,1,-1,1,1,1,-1,-1,1,-1,-1,1,1,1,-1,1,-1,-1,1,1,-1,1,1,-1,-1,1,1,-1,1,1,-1,-1,1,1,-1,1,1,-1,-1,1,1,1,1,1,1,-1,-1,1,1,1,1,-1,-1,1,-1,1,1,1,1,-1,-1,1,-1,1,1,1,-1,1,1,1,1,-1,1,-1,1,1,1,1,1,1,1,-1,1,1,1,1,-1,1,-1,1,1,1,1,1,-1,1,1,1,1,-1,1,1,-1,1,1,-1,1,1,-1,-1,1,1,1,1,-1,1,-1,1,1,1,-1,-1,1,-1,1,1,1,-1,1,-1,-1,-1,1,1,-1,-1,1,-1,-1,1,1,1,-1,1,-1,-1,1,1,1,-1,1,-1,-1,1,1,-1,-1,-1,1,-1,-1,1,-1,1,1,-1,1,1,-1,-1,1,-1,-1,-1,1,1,-1,1,1,-1,1,1,-1,-1,-1,-1,1,-1,-1,-1,-1,1,-1,-1,1,1,-1,1,1,-1,1,1,1,1,-1,1,-1,1,1,1,1,-1,1,-1,-1,1,1,1,-1,1,-1,1,1,1,1,-1,1,-1,1,1,-1,-1,-1,1,-1,-1,1,1,-1,-1,-1,1,-1,1,-1,1,-1,1,-1,-1,1,-2670.0,1,2000,445,1000,False
1045,1,1,-1,-1,1,1,-1,-1,1,1,1,-1,-1,1,-1,1,-1,1,-1,-1,-1,1,1,1,1,-1,-1,-1,1,1,1,1,-1,-1,-1,-1,1,1,1,1,-1,-1,-1,1,1,1,1,-1,1,1,1,1,-1,1,-1,-1,1,-1,1,1,1,-1,-1,1,1,1,1,1,-1,-1,1,1,1,1,1,-1,-1,-1,1,1,1,-1,-1,-1,1,1,1,1,-1,-1,-1,1,1,1,1,-1,-1,1,1,-1,1,1,-1,-1,1,1,1,1,1,-1,-1,1,1,-1,1,1,-1,-1,1,1,1,1,1,1,-1,-1,1,1,-1,1,1,-1,1,1,1,1,1,1,-1,-1,1,1,1,1,1,-1,1,1,1,1,1,1,-1,-1,-1,1,1,1,1,-1,1,-1,1,1,-1,1,-1,1,-1,1,1,1,-1,-1,1,1,1,1,1,-1,1,-1,-1,1,-1,1,-1,1,1,1,1,1,1,1,1,1,-1,1,-1,1,-1,1,1,-1,1,-1,1,1,-1,1,-1,1,-1,1,-1,1,1,-1,1,-1,1,1,1,1,-1,-1,1,1,-1,-1,1,-1,1,-1,-1,1,-1,1,-1,1,-1,1,-1,-1,1,-1,-1,-1,1,1,-1,1,-1,1,1,1,-1,1,1,-1,1,-1,1,-1,1,-1,1,-1,1,1,-1,1,-1,-1,-1,1,1,-1,1,-1,-1,-1,1,1,-1,-1,1,1,-1,-1,1,1,-1,1,1,-1,1,1,1,1,-1,1,-1,1,1,-1,1,-1,1,1,1,1,1,1,1,1,-1,-1,1,-1,-1,1,1,1,-1,1,1,1,-1,1,1,1,1,1,1,1,1,-1,1,1,1,-1,1,1,-1,1,1,1,-1,1,1,-1,-1,1,1,1,-1,1,-1,1,1,1,-1,1,1,-1,1,1,1,-1,1,1,-1,1,1,1,-1,1,1,1,-1,1,1,-1,1,1,-1,1,-1,1,-1,1,1,1,-1,1,1,1,-1,1,1,-1,1,1,-1,1,1,1,-1,-1,-1,-1,1,1,1,-1,1,1,-1,1,1,-1,-1,1,1,1,1,1,-1,1,1,1,-1,1,1,1,-1,-1,1,1,-1,-1,1,-1,1,-1,1,-1,1,1,-1,-1,-1,1,-1,-1,1,1,-1,1,1,-1,1,1,1,1,-1,1,-1,-1,1,-1,1,-1,1,-1,-1,1,1,1,-1,-1,1,-1,1,1,1,-1,1,1,1,-1,1,1,-1,1,-1,-1,1,1,1,-1,1,-1,1,1,1,1,-1,1,-1,-1,1,1,-1,1,1,-1,1,1,1,-1,-1,1,-1,1,1,1,-1,1,-1,-1,-1,1,1,-1,-1,1,-1,1,1,1,1,-1,1,-1,-1,1,1,1,-1,-1,-1,1,1,1,-1,-1,1,-1,-1,1,-1,1,-1,-1,1,-1,1,-1,1,-1,-1,1,-1,-1,1,1,1,-1,1,-1,1,-1,-1,-1,1,-1,-1,-1,1,-1,-1,1,1,-1,1,1,-1,1,1,1,-1,1,1,-1,1,-1,1,-1,-1,1,-1,-1,1,1,-1,-1,1,-1,-1,1,1,1,-1,1,-1,-1,1,1,-1,-1,1,-1,-1,-1,1,1,-1,1,1,-1,-1,1,1,-1,1,-1,1,-1,1,1,-1,-1,1,-1,-1,-1,-1,-1,1,1,1,-1,-1,1,-1,-1,1,-1,-1,1,-1,-1,1,1,-1,-1,1,1,-1,1,1,-1,1,-1,1,-1,-1,1,1,-1,-1,-1,-1,1,1,-1,-1,1,-1,-1,-1,1,1,-1,-1,-1,-1,-1,1,-1,-1,-1,-1,-1,1,1,1,-1,-1,-1,-1,-1,1,1,-1,-1,-1,-1,-1,1,1,1,-1,-1,-1,-1,1,1,-1,-1,-1,-1,1,1,1,1,-1,-1,1,1,1,1,1,-1,-1,-1,1,1,1,1,1,-1,1,1,1,1,-1,1,-1,-1,1,-1,1,-1,1,-1,-1,1,-1,1,-1,-1,-1,-1,1,-1,1,-1,1,-1,-1,1,-1,1,-1,1,-1,-1,1,-1,1,-1,-1,-1,-1,1,1,-1,-1,-1,-1,-1,1,-1,1,-1,-1,-1,-1,-1,-1,-1,1,-1,-1,-1,1,-1,-1,1,-1,-1,-1,-1,-1,-1,1,-1,-1,-1,-1,-1,1,-1,-1,-1,1,-1,-1,1,-1,1,-1,-1,-1,-1,-1,-1,-1,1,-1,-1,-1,1,1,-1,-1,-1,1,-1,-1,-1,-1,-1,1,-1,-1,1,-1,1,-1,-1,-1,-1,1,-1,1,1,-1,1,-1,-1,1,1,-1,-1,-1,-1,-1,-1,1,1,-1,-1,1,-1,1,1,-1,-1,-1,1,-1,1,1,-1,-1,1,-1,-1,1,1,1,-1,1,-1,1,1,1,-1,-1,1,-1,-1,1,1,1,-1,1,-1,-1,1,1,-1,1,1,-1,-1,1,1,-1,1,1,-1,-1,1,1,-1,1,1,-1,-1,1,1,1,1,-1,1,-1,1,1,1,-1,1,-1,-1,1,-1,1,1,1,1,-1,-1,1,-1,1,1,1,-1,1,1,1,1,-1,1,-1,1,1,1,1,1,1,1,-1,-1,1,1,1,-1,1,-1,1,1,1,1,1,-1,1,1,1,1,-1,1,1,-1,1,1,-1,1,1,-1,-1,1,1,1,1,-1,1,-1,1,1,1,-1,-1,1,-1,1,1,1,-1,1,-1,-1,-1,1,1,-1,-1,1,-1,-1,1,1,1,-1,1,-1,1,1,1,1,-1,1,-1,-1,1,1,-1,-1,-1,1,1,1,1,-1,1,1,-1,1,1,-1,-1,1,1,-1,-1,1,1,-1,1,1,1,1,1,-1,-1,-1,-1,-1,-1,-1,-1,-1,-1,1,1,1,1,-1,1,1,-1,1,1,1,1,-1,1,-1,1,1,1,1,-1,1,-1,1,1,1,1,-1,1,-1,1,1,1,1,-1,1,-1,1,1,1,-1,-1,1,-1,1,1,1,-1,-1,-1,1,-1,1,-1,1,-1,1,-1,1,1,-2670.0,1,2000,445,1000,False
1046,1,1,-1,-1,1,1,-1,-1,1,1,1,-1,-1,1,1,1,-1,1,-1,-1,-1,-1,1,1,1,-1,-1,-1,1,1,1,1,1,-1,-1,-1,1,1,1,1,-1,-1,-1,1,1,1,1,-1,1,1,1,1,-1,1,-1,-1,1,-1,1,1,1,-1,-1,-1,1,1,1,1,-1,-1,-1,1,1,1,1,-1,-1,-1,1,1,1,-1,-1,-1,1,1,1,1,-1,-1,-1,1,1,1,1,-1,-1,1,1,-1,1,1,-1,-1,1,1,1,1,1,-1,-1,-1,1,1,1,1,-1,-1,1,1,1,1,1,1,-1,-1,1,1,-1,1,1,-1,1,1,1,1,1,1,-1,1,1,1,1,1,1,-1,1,1,1,1,1,1,-1,-1,-1,1,1,1,1,-1,1,1,1,1,-1,1,-1,1,-1,1,1,1,-1,-1,1,1,1,1,1,-1,1,-1,-1,1,-1,1,-1,1,1,1,1,1,1,1,1,1,-1,1,-1,1,-1,1,1,-1,1,-1,1,1,-1,1,-1,1,-1,1,-1,1,1,-1,1,-1,1,1,1,1,-1,-1,1,1,-1,-1,1,-1,1,-1,-1,1,-1,1,-1,1,-1,1,-1,1,1,-1,-1,-1,1,1,-1,1,-1,1,1,1,-1,1,1,-1,1,-1,1,-1,1,-1,1,-1,1,1,-1,1,-1,-1,-1,1,1,-1,1,-1,-1,-1,1,1,-1,-1,1,1,-1,-1,1,1,-1,1,1,-1,1,1,1,1,-1,1,-1,1,1,-1,1,-1,1,1,1,1,1,1,1,1,-1,-1,1,-1,-1,-1,1,1,-1,1,1,1,-1,1,1,1,1,1,1,-1,1,-1,1,1,1,-1,1,1,-1,1,1,1,-1,1,1,-1,-1,1,1,1,-1,1,-1,1,1,1,-1,1,1,-1,1,1,1,-1,1,1,-1,1,1,1,-1,1,1,-1,-1,1,1,-1,1,1,-1,1,-1,1,-1,1,1,1,-1,1,1,1,-1,1,1,-1,1,1,-1,1,-1,1,-1,-1,-1,-1,1,1,1,-1,1,1,-1,1,1,-1,-1,1,1,1,1,1,-1,1,1,1,-1,1,1,1,-1,-1,1,1,1,-1,1,-1,1,1,1,1,1,1,-1,-1,-1,1,-1,-1,1,1,-1,1,1,-1,1,1,1,1,-1,1,-1,-1,1,-1,1,-1,1,1,1,1,1,1,-1,-1,1,-1,1,1,1,-1,1,1,1,-1,1,1,-1,-1,1,-1,1,1,1,-1,1,1,1,1,1,1,-1,1,-1,1,1,1,-1,-1,1,-1,-1,1,1,-1,-1,1,-1,1,1,1,-1,-1,1,1,-1,1,1,-1,-1,1,-1,1,1,1,1,-1,1,1,-1,-1,1,1,-1,-1,-1,1,-1,1,-1,-1,1,-1,-1,1,-1,1,-1,-1,1,-1,1,-1,1,-1,-1,1,-1,-1,1,1,1,-1,1,-1,1,-1,-1,-1,1,-1,-1,-1,1,-1,-1,1,1,1,-1,1,-1,1,1,1,-1,1,1,-1,1,-1,1,-1,-1,1,-1,-1,1,1,1,-1,1,-1,-1,1,1,-1,-1,1,-1,-1,1,1,-1,-1,1,-1,-1,-1,1,1,-1,1,-1,-1,-1,1,-1,-1,1,-1,1,-1,1,1,-1,-1,1,-1,-1,-1,-1,-1,1,1,1,-1,1,1,-1,-1,1,-1,-1,-1,-1,-1,1,1,-1,-1,-1,-1,-1,1,1,-1,1,1,1,-1,-1,1,1,-1,-1,-1,-1,1,1,-1,-1,1,-1,-1,-1,1,1,-1,-1,-1,-1,-1,1,-1,-1,1,-1,-1,1,1,1,-1,1,-1,-1,-1,1,1,-1,-1,-1,-1,-1,1,1,1,-1,-1,-1,-1,1,1,-1,-1,-1,-1,1,1,1,1,-1,-1,1,1,1,1,1,-1,-1,-1,1,1,1,-1,1,-1,1,1,1,1,-1,1,-1,-1,1,-1,1,-1,1,-1,-1,1,-1,1,-1,-1,-1,-1,1,-1,1,-1,1,-1,-1,1,-1,1,-1,1,-1,-1,1,-1,1,-1,-1,-1,-1,1,1,-1,-1,-1,-1,-1,1,-1,1,-1,-1,-1,-1,-1,-1,-1,1,-1,-1,-1,1,-1,-1,1,-1,-1,-1,-1,-1,-1,1,-1,-1,-1,-1,-1,1,-1,-1,-1,1,-1,-1,1,-1,1,-1,-1,-1,-1,-1,-1,-1,1,-1,-1,-1,1,1,-1,-1,-1,1,1,-1,-1,-1,-1,1,-1,-1,1,-1,1,-1,-1,-1,-1,1,-1,1,1,-1,1,-1,-1,1,1,-1,-1,-1,-1,-1,-1,1,1,-1,-1,1,-1,1,1,-1,-1,-1,1,-1,-1,1,-1,-1,1,-1,-1,1,1,1,-1,1,-1,1,1,1,-1,-1,1,-1,-1,1,1,1,-1,1,-1,-1,1,1,-1,1,1,-1,-1,1,1,-1,1,1,-1,-1,1,1,1,1,1,-1,-1,1,1,1,1,1,1,-1,-1,1,1,-1,1,-1,-1,1,-1,1,1,1,1,-1,-1,1,-1,1,1,1,-1,1,1,1,1,-1,1,-1,1,1,1,1,1,1,1,-1,1,1,1,1,-1,1,-1,1,1,1,1,1,-1,1,1,1,1,-1,1,1,-1,1,1,-1,1,1,-1,-1,1,1,1,1,-1,1,-1,1,1,1,-1,-1,1,-1,1,1,1,-1,1,-1,-1,-1,1,1,-1,-1,1,-1,-1,1,1,-1,-1,1,-1,-1,1,1,1,-1,1,-1,-1,1,1,-1,-1,-1,1,-1,1,1,-1,1,1,-1,1,1,-1,-1,1,1,-1,-1,1,1,-1,1,1,-1,1,1,-1,-1,-1,-1,1,-1,-1,-1,-1,1,-1,-1,1,1,-1,1,1,-1,1,1,1,1,-1,1,-1,1,1,1,-1,-1,1,-1,-1,1,1,-1,-1,1,-1,1,1,1,-1,-1,1,-1,1,1,1,1,-1,1,-1,-1,1,1,-1,-1,-1,1,-1,1,-1,1,-1,1,-1,-1,1,-2670.0,1,2000,445,1000,False
1047,1,1,-1,-1,1,-1,1,-1,1,1,1,-1,1,1,1,1,-1,1,-1,-1,1,-1,1,1,1,-1,1,-1,1,1,1,1,1,-1,-1,-1,1,-1,1,-1,-1,-1,-1,1,1,1,1,-1,1,1,1,1,-1,1,-1,-1,1,-1,1,1,1,-1,-1,-1,1,1,1,1,-1,-1,-1,1,1,1,1,-1,-1,-1,1,1,1,-1,-1,-1,1,1,1,1,-1,-1,-1,1,1,1,1,-1,-1,1,1,-1,1,1,-1,-1,1,1,1,1,1,-1,-1,1,1,-1,1,1,-1,-1,1,1,1,1,1,1,-1,-1,1,1,-1,1,1,-1,1,1,1,1,1,1,-1,-1,1,1,1,1,1,-1,1,1,1,1,1,1,-1,-1,-1,1,1,1,1,-1,1,1,1,1,-1,1,-1,1,-1,1,1,1,-1,-1,1,1,1,1,1,-1,1,-1,-1,1,-1,1,-1,1,1,1,1,1,1,1,1,1,-1,1,-1,1,-1,1,1,-1,1,-1,1,1,-1,1,-1,1,-1,1,-1,1,1,-1,1,-1,1,1,1,1,-1,-1,1,1,-1,-1,1,-1,1,-1,-1,1,-1,1,-1,1,-1,1,-1,-1,1,-1,1,-1,1,1,-1,1,-1,1,1,1,-1,1,1,-1,1,-1,1,-1,1,-1,1,-1,1,1,-1,1,-1,-1,-1,1,1,-1,1,-1,-1,-1,1,1,-1,-1,1,1,-1,-1,1,1,-1,1,1,-1,1,1,1,1,-1,1,-1,1,1,-1,1,-1,1,-1,1,1,1,1,1,1,-1,-1,1,-1,-1,-1,1,1,-1,1,1,1,-1,1,1,1,1,1,1,1,1,-1,1,1,1,-1,1,1,-1,1,1,1,-1,1,1,-1,-1,1,1,1,-1,1,-1,1,1,1,-1,1,1,-1,1,1,1,-1,1,1,-1,1,1,1,-1,1,1,1,-1,-1,1,-1,1,1,-1,1,1,1,-1,1,-1,1,-1,-1,1,1,-1,-1,1,-1,1,1,-1,1,1,1,-1,-1,1,1,1,1,1,-1,1,-1,-1,1,1,-1,-1,-1,1,-1,1,1,-1,1,-1,1,1,1,1,1,1,-1,1,-1,-1,-1,1,-1,1,-1,-1,1,1,1,-1,1,-1,1,-1,1,1,1,-1,1,-1,1,1,1,1,1,-1,1,-1,-1,1,-1,1,-1,-1,-1,1,1,1,1,-1,-1,1,-1,1,1,1,-1,1,-1,1,-1,1,1,-1,-1,1,-1,1,1,1,1,-1,-1,1,1,1,1,-1,-1,1,-1,1,1,-1,1,-1,1,1,1,1,-1,-1,-1,-1,1,1,1,-1,1,-1,1,-1,1,1,-1,-1,1,-1,1,1,1,1,-1,1,-1,-1,1,1,1,-1,-1,-1,-1,1,1,-1,-1,1,-1,-1,1,-1,1,-1,-1,-1,-1,1,-1,1,-1,-1,1,-1,-1,1,1,1,-1,1,-1,1,-1,-1,-1,1,-1,-1,-1,1,-1,1,1,1,1,-1,1,-1,-1,1,1,-1,1,1,-1,1,-1,1,-1,-1,1,-1,-1,1,1,1,-1,1,-1,-1,1,1,-1,-1,1,-1,1,1,1,-1,-1,1,-1,-1,-1,1,1,-1,1,1,-1,-1,1,-1,-1,1,-1,1,1,1,1,-1,-1,1,-1,-1,-1,-1,-1,1,1,1,-1,-1,1,-1,-1,1,-1,-1,1,-1,-1,-1,1,-1,-1,1,1,-1,1,1,-1,1,-1,1,-1,-1,1,1,-1,-1,-1,-1,1,1,-1,-1,1,-1,-1,-1,1,1,-1,-1,-1,-1,-1,1,-1,-1,-1,-1,-1,1,1,1,-1,-1,-1,-1,-1,1,1,-1,-1,-1,-1,-1,1,1,1,-1,-1,-1,-1,1,1,-1,-1,-1,-1,1,1,1,1,-1,-1,1,1,1,1,1,-1,-1,-1,1,1,1,-1,1,-1,1,1,1,1,-1,1,-1,-1,1,-1,1,-1,1,-1,-1,1,-1,1,-1,-1,-1,-1,1,-1,1,-1,1,1,-1,1,-1,1,-1,1,1,-1,1,-1,1,-1,-1,-1,-1,1,1,-1,-1,-1,-1,-1,1,-1,1,-1,-1,-1,-1,-1,-1,-1,1,-1,-1,-1,1,-1,-1,1,-1,-1,-1,-1,-1,1,1,-1,-1,-1,-1,-1,1,-1,-1,-1,1,-1,-1,1,-1,1,-1,-1,-1,-1,1,-1,-1,1,-1,-1,-1,-1,1,1,-1,-1,1,-1,1,-1,-1,-1,1,-1,-1,-1,1,1,-1,-1,-1,-1,-1,1,1,1,-1,1,-1,1,-1,1,-1,-1,-1,-1,-1,-1,1,1,-1,-1,1,-1,1,1,-1,-1,-1,1,-1,1,1,-1,-1,1,-1,-1,1,1,1,-1,1,-1,1,1,1,-1,-1,1,-1,-1,1,1,1,-1,1,-1,-1,1,1,-1,1,1,-1,-1,1,1,1,1,1,-1,-1,1,1,-1,1,1,-1,-1,1,1,1,1,-1,1,-1,1,1,1,1,1,-1,-1,1,-1,1,1,1,1,-1,-1,1,-1,1,1,1,-1,1,1,1,1,-1,1,-1,1,1,1,1,1,1,1,-1,1,1,1,1,-1,1,-1,1,1,1,1,1,-1,1,1,1,1,-1,1,-1,1,1,1,-1,1,1,1,1,1,1,1,1,-1,1,1,1,1,1,-1,-1,1,-1,1,1,1,-1,1,-1,1,1,1,1,-1,-1,1,1,-1,1,1,-1,-1,1,1,-1,1,1,1,-1,-1,-1,1,1,1,-1,-1,-1,-1,1,-1,1,-1,1,1,1,1,1,-1,-1,1,1,1,1,1,1,-1,1,-1,1,1,1,-1,-1,-1,-1,-1,-1,-1,-1,-1,-1,-1,1,1,1,-1,1,1,-1,-1,1,1,1,-1,1,-1,1,1,1,1,-1,1,-1,1,1,1,1,-1,1,-1,1,1,1,1,-1,1,-1,1,-1,-1,-1,-1,1,-1,-1,1,1,-1,-1,-1,-1,1,1,-1,1,-1,1,-1,-1,1,-2670.0,1,2000,445,1000,False
1048,1,1,-1,-1,1,1,-1,-1,1,1,1,-1,-1,1,1,1,-1,1,-1,-1,-1,-1,1,1,1,1,-1,-1,1,1,1,1,-1,-1,-1,-1,1,-1,1,1,-1,-1,-1,1,1,1,1,-1,1,1,1,1,-1,1,-1,-1,1,-1,1,1,1,-1,-1,-1,1,1,1,1,-1,-1,-1,1,1,1,1,-1,-1,-1,1,1,1,-1,-1,-1,1,1,1,1,-1,-1,1,1,1,1,1,-1,-1,-1,1,-1,1,1,-1,-1,1,1,1,1,1,-1,-1,-1,1,1,1,1,-1,-1,1,1,1,1,1,1,-1,-1,1,1,-1,1,1,-1,1,1,1,1,1,1,-1,1,1,1,1,1,1,-1,1,1,1,1,1,1,-1,-1,-1,1,1,1,1,-1,1,1,1,1,-1,1,-1,1,-1,1,1,1,-1,-1,1,1,1,1,1,-1,1,-1,-1,1,-1,1,-1,1,1,1,1,1,1,1,1,1,1,1,-1,1,-1,1,1,-1,1,-1,1,1,-1,1,-1,1,-1,1,-1,1,1,-1,1,-1,1,1,1,1,-1,-1,1,1,-1,-1,1,-1,1,-1,-1,1,-1,1,-1,1,-1,1,-1,1,1,-1,-1,-1,1,1,-1,1,-1,1,1,1,-1,1,-1,-1,1,-1,1,-1,1,1,1,-1,1,1,-1,1,-1,-1,-1,1,1,-1,1,-1,-1,-1,1,1,-1,-1,1,1,-1,-1,1,1,-1,1,1,-1,1,1,1,1,-1,1,-1,1,1,-1,1,-1,1,1,1,1,1,1,1,1,-1,-1,1,-1,-1,-1,1,1,-1,1,1,1,-1,1,1,1,1,1,1,-1,1,-1,1,1,1,-1,-1,1,-1,1,1,1,-1,1,1,-1,-1,1,1,1,-1,1,-1,1,1,1,-1,1,1,-1,1,1,1,-1,1,1,-1,1,1,1,-1,1,1,-1,-1,1,1,-1,1,1,-1,1,-1,1,-1,1,1,1,-1,1,1,1,1,1,1,-1,1,1,-1,1,1,1,-1,-1,-1,-1,1,1,1,-1,1,1,-1,1,1,-1,-1,1,1,1,1,1,-1,1,1,1,-1,1,1,1,1,-1,1,1,1,-1,1,-1,1,1,1,1,1,1,-1,-1,-1,1,-1,-1,1,-1,1,-1,1,1,1,1,1,-1,-1,1,-1,-1,1,-1,1,-1,1,1,1,1,1,1,-1,-1,1,-1,1,1,-1,-1,1,1,1,-1,1,-1,-1,-1,1,-1,1,1,-1,-1,1,1,1,1,-1,1,-1,1,-1,-1,1,-1,-1,-1,1,-1,1,1,-1,-1,-1,1,-1,1,1,1,-1,-1,1,1,-1,1,-1,-1,-1,1,-1,1,1,1,-1,-1,1,-1,-1,1,-1,-1,-1,-1,-1,-1,1,-1,-1,-1,1,-1,-1,1,-1,-1,-1,-1,1,-1,1,-1,-1,-1,-1,1,-1,-1,1,1,1,-1,1,-1,1,-1,1,-1,1,-1,-1,-1,1,-1,-1,1,1,1,-1,1,-1,1,1,1,-1,1,1,-1,1,-1,1,-1,-1,1,-1,-1,1,1,1,-1,1,-1,-1,1,1,-1,-1,1,-1,-1,1,1,-1,-1,1,-1,-1,-1,1,1,-1,1,1,-1,-1,1,-1,-1,1,-1,1,-1,1,1,-1,-1,1,-1,-1,-1,-1,-1,1,1,1,-1,-1,1,-1,-1,1,-1,-1,1,-1,-1,1,1,-1,-1,1,-1,-1,1,1,-1,1,-1,-1,-1,-1,1,1,-1,-1,-1,-1,-1,1,-1,-1,1,-1,-1,-1,1,1,-1,-1,-1,-1,-1,1,-1,-1,-1,-1,-1,1,1,1,-1,-1,-1,-1,-1,1,1,-1,-1,-1,-1,-1,1,1,1,-1,-1,-1,-1,1,1,-1,-1,-1,-1,1,1,1,1,1,-1,1,1,1,1,1,1,-1,-1,1,1,1,1,-1,-1,1,1,1,1,-1,1,-1,-1,1,-1,1,-1,1,-1,-1,1,-1,1,1,1,-1,-1,1,-1,1,-1,1,1,-1,1,-1,1,1,1,1,-1,1,-1,1,1,1,-1,-1,1,1,-1,1,1,-1,-1,1,-1,1,-1,1,-1,-1,-1,-1,-1,1,1,-1,-1,1,-1,-1,1,1,-1,-1,-1,-1,1,-1,1,-1,-1,-1,-1,1,1,-1,-1,1,-1,-1,1,-1,1,-1,-1,-1,-1,-1,1,1,1,-1,-1,-1,1,1,1,-1,-1,1,-1,-1,-1,1,-1,1,-1,-1,1,1,1,-1,-1,-1,-1,1,-1,1,1,-1,1,-1,-1,1,1,-1,-1,-1,-1,-1,-1,1,1,-1,-1,1,-1,1,1,-1,-1,-1,1,-1,1,1,-1,-1,1,-1,-1,1,1,1,-1,1,-1,1,1,1,-1,-1,1,-1,-1,1,1,1,-1,1,-1,-1,1,1,-1,1,1,-1,-1,1,1,-1,1,1,-1,-1,1,1,-1,1,1,-1,-1,1,1,1,1,1,1,-1,-1,1,1,1,1,-1,-1,1,-1,1,1,1,1,-1,-1,1,-1,1,1,1,-1,1,1,1,1,-1,1,-1,1,1,1,1,1,1,1,-1,1,1,1,1,-1,1,-1,1,1,1,1,1,-1,1,1,1,1,-1,1,1,-1,1,1,-1,1,1,-1,-1,1,1,1,1,-1,1,-1,1,1,1,-1,-1,1,-1,1,1,1,-1,1,-1,-1,-1,1,1,-1,-1,1,-1,-1,1,1,-1,-1,1,-1,-1,1,1,1,-1,1,-1,-1,1,1,-1,-1,-1,1,-1,1,1,-1,1,1,-1,1,1,-1,-1,1,-1,-1,-1,1,1,-1,1,1,-1,1,1,-1,-1,-1,-1,1,-1,-1,-1,-1,1,-1,-1,1,1,-1,1,1,-1,1,1,1,1,-1,1,-1,1,1,1,-1,-1,1,-1,-1,1,1,-1,1,1,-1,1,1,1,-1,-1,1,-1,1,1,1,1,-1,1,-1,-1,1,1,1,-1,1,1,-1,1,-1,1,-1,1,-1,-1,1,-2670.0,1,2000,445,1000,False
1049,1,1,-1,-1,1,-1,1,-1,1,1,1,-1,1,1,1,1,-1,1,-1,-1,1,-1,1,1,1,-1,1,-1,1,1,1,1,-1,-1,-1,-1,1,-1,1,1,-1,-1,-1,1,1,1,1,-1,1,1,1,1,-1,1,-1,-1,1,-1,1,1,1,-1,-1,-1,1,1,1,1,-1,-1,-1,1,1,1,1,-1,-1,-1,1,1,1,-1,-1,-1,1,1,1,1,-1,-1,-1,1,1,1,1,-1,-1,1,1,-1,1,1,-1,-1,1,1,1,1,1,-1,-1,1,1,1,1,1,-1,-1,1,1,1,1,1,1,-1,-1,1,1,-1,1,1,-1,1,1,1,1,1,1,-1,-1,1,1,1,1,1,-1,1,1,1,1,1,1,-1,-1,-1,1,1,1,1,-1,1,1,1,1,-1,1,-1,1,-1,1,1,1,-1,-1,1,1,1,1,1,-1,1,-1,-1,1,-1,1,-1,1,1,1,1,1,1,1,1,1,-1,1,-1,1,-1,1,1,-1,1,-1,1,1,-1,1,-1,1,-1,1,-1,1,1,-1,1,-1,1,1,1,1,-1,-1,1,1,-1,-1,1,-1,1,-1,1,1,-1,1,-1,1,-1,1,-1,1,1,-1,-1,-1,1,1,-1,1,-1,1,1,1,-1,1,1,-1,1,-1,1,-1,1,-1,1,-1,1,1,-1,1,-1,-1,-1,1,1,-1,1,-1,-1,-1,1,1,-1,-1,1,1,-1,-1,1,1,-1,1,1,-1,1,1,1,1,-1,1,-1,1,1,-1,1,-1,1,1,1,1,1,1,1,1,-1,-1,1,-1,-1,1,1,1,-1,1,1,1,-1,1,1,1,1,1,1,1,1,-1,1,1,1,-1,1,1,-1,1,1,1,-1,1,1,-1,-1,1,1,1,-1,1,-1,1,1,1,-1,1,1,-1,1,1,1,-1,1,1,-1,1,1,1,-1,1,1,1,-1,1,1,-1,1,1,-1,1,-1,1,-1,1,1,1,-1,1,1,1,1,1,1,-1,1,1,-1,1,1,1,-1,-1,-1,-1,1,1,1,-1,1,1,-1,1,1,-1,-1,1,1,1,1,1,-1,1,1,1,-1,1,1,1,1,-1,1,1,1,-1,1,-1,1,1,1,1,1,1,-1,-1,-1,1,-1,-1,1,-1,1,-1,1,1,1,1,1,-1,-1,1,-1,-1,1,-1,1,-1,1,1,-1,1,1,1,-1,-1,1,-1,1,1,-1,-1,1,1,1,-1,1,-1,-1,-1,1,-1,1,-1,-1,-1,1,1,1,1,-1,1,-1,1,-1,-1,1,-1,1,-1,1,-1,-1,1,-1,-1,-1,1,-1,1,1,-1,-1,-1,1,1,-1,1,1,-1,-1,1,-1,1,-1,1,-1,-1,1,-1,-1,-1,1,-1,-1,-1,-1,1,-1,1,-1,-1,1,-1,-1,1,1,-1,-1,-1,1,-1,1,1,-1,-1,-1,1,-1,-1,1,1,1,-1,1,-1,1,-1,1,1,1,-1,-1,-1,1,-1,-1,1,1,1,-1,1,-1,1,1,1,-1,1,1,-1,1,-1,1,-1,-1,1,-1,-1,1,1,1,-1,1,-1,-1,1,1,-1,-1,1,-1,-1,1,1,-1,-1,1,-1,-1,-1,1,1,-1,1,1,-1,-1,1,-1,-1,1,-1,1,-1,1,1,-1,-1,1,-1,-1,-1,-1,-1,1,1,1,-1,1,1,-1,-1,1,-1,-1,-1,-1,-1,1,1,-1,-1,-1,-1,-1,1,1,-1,1,1,-1,-1,-1,1,1,-1,-1,-1,-1,-1,1,-1,-1,1,-1,-1,-1,1,1,-1,-1,-1,-1,-1,1,-1,-1,1,-1,-1,1,1,1,-1,-1,-1,-1,-1,1,1,-1,1,-1,-1,-1,1,1,1,-1,-1,-1,-1,1,1,-1,1,-1,-1,1,1,1,1,-1,-1,1,1,1,1,1,-1,-1,-1,1,1,1,-1,1,-1,1,1,1,1,-1,1,-1,-1,1,-1,1,1,-1,-1,-1,1,-1,1,-1,-1,-1,-1,1,-1,1,-1,1,1,-1,1,-1,1,1,-1,1,-1,1,-1,1,1,1,-1,-1,1,1,-1,1,1,-1,-1,1,-1,1,-1,1,-1,-1,-1,-1,-1,1,1,-1,-1,1,-1,-1,1,1,-1,-1,-1,-1,-1,-1,1,-1,-1,-1,-1,-1,1,-1,-1,1,-1,-1,1,-1,1,-1,-1,-1,-1,-1,1,1,1,-1,-1,-1,1,1,1,-1,-1,-1,1,-1,-1,1,-1,1,-1,-1,1,1,1,-1,-1,-1,-1,1,-1,1,1,-1,1,-1,-1,1,1,-1,-1,-1,-1,-1,-1,1,1,-1,-1,1,-1,1,1,-1,-1,-1,1,-1,1,1,-1,-1,1,-1,-1,1,1,1,-1,1,-1,1,1,1,-1,-1,1,-1,-1,1,1,1,-1,1,-1,-1,1,1,-1,1,1,-1,-1,1,1,-1,1,1,-1,-1,1,1,-1,1,1,-1,-1,1,1,1,1,1,1,-1,-1,1,1,1,1,-1,-1,1,-1,1,1,1,1,-1,-1,1,-1,1,1,1,-1,1,1,1,1,-1,1,-1,1,1,1,1,1,1,1,-1,1,1,1,1,-1,1,-1,1,1,1,1,1,-1,1,1,1,1,-1,1,1,-1,1,1,-1,1,1,-1,-1,1,1,1,1,-1,1,-1,1,1,1,-1,-1,1,-1,1,1,1,-1,1,-1,-1,-1,1,1,-1,-1,1,-1,-1,1,1,-1,-1,1,-1,-1,1,1,1,-1,-1,-1,-1,1,1,-1,-1,-1,1,-1,-1,1,-1,1,1,-1,1,1,-1,-1,1,-1,-1,-1,1,1,-1,1,1,-1,1,1,-1,-1,-1,-1,1,-1,-1,-1,-1,-1,-1,-1,1,1,-1,1,1,-1,1,1,1,1,-1,1,-1,1,1,1,1,-1,1,-1,-1,1,1,1,-1,1,-1,1,1,1,1,-1,1,-1,1,1,-1,-1,-1,1,-1,-1,1,1,-1,-1,-1,1,-1,1,-1,1,-1,1,-1,-1,1,-2670.0,1,2000,445,1000,False
1050,1,1,-1,-1,1,1,-1,-1,1,1,1,-1,-1,1,1,1,-1,1,-1,-1,-1,-1,1,1,1,-1,-1,-1,1,1,1,1,1,-1,-1,-1,1,1,1,1,-1,-1,-1,1,1,1,1,-1,1,1,1,1,-1,1,-1,-1,1,-1,1,1,1,-1,-1,-1,1,1,1,1,-1,-1,-1,1,1,1,1,-1,-1,-1,1,1,1,-1,-1,-1,1,1,1,1,-1,-1,-1,1,1,1,1,-1,-1,1,1,-1,1,1,-1,-1,1,1,1,1,1,-1,-1,-1,1,-1,1,1,-1,-1,1,1,1,1,1,1,-1,-1,1,1,-1,1,1,-1,1,1,1,1,1,1,-1,1,1,1,1,1,1,-1,1,1,1,1,1,1,-1,-1,-1,1,1,1,1,-1,1,1,1,1,-1,1,-1,1,-1,1,1,1,-1,-1,1,1,1,1,1,-1,1,-1,-1,1,-1,1,-1,1,1,1,1,1,1,1,1,1,-1,1,-1,1,-1,1,1,-1,1,-1,1,1,-1,1,-1,1,-1,1,-1,1,1,-1,1,-1,1,1,1,1,-1,-1,1,1,-1,-1,1,-1,1,-1,-1,1,-1,1,-1,1,-1,1,-1,-1,1,-1,-1,-1,1,1,-1,1,-1,1,1,1,-1,1,1,-1,1,-1,1,-1,1,-1,1,-1,1,1,-1,1,-1,-1,-1,1,1,-1,1,-1,-1,-1,1,1,-1,-1,1,1,-1,-1,1,1,-1,1,1,-1,1,1,1,1,-1,1,-1,1,1,-1,1,-1,1,1,-1,1,1,1,1,1,-1,-1,1,-1,-1,-1,1,1,-1,1,1,1,-1,1,-1,-1,1,1,1,1,1,-1,1,1,1,-1,1,1,-1,1,1,1,-1,1,1,-1,-1,1,1,1,-1,1,-1,1,1,1,-1,1,1,-1,1,1,1,-1,1,-1,-1,1,1,1,-1,1,-1,-1,-1,1,1,-1,1,-1,-1,1,-1,1,-1,1,1,-1,-1,1,1,1,1,1,-1,-1,1,1,-1,1,-1,-1,-1,-1,-1,-1,1,-1,-1,-1,1,1,-1,1,-1,-1,-1,1,1,1,1,-1,-1,1,1,1,-1,1,-1,-1,-1,-1,1,1,1,1,-1,-1,1,1,1,1,-1,-1,1,-1,-1,1,-1,1,-1,-1,1,-1,1,1,-1,-1,1,1,-1,1,-1,1,-1,-1,1,-1,1,1,-1,-1,-1,1,-1,-1,1,1,-1,-1,1,-1,1,1,-1,1,-1,1,-1,-1,1,1,-1,-1,1,-1,1,1,-1,-1,1,1,-1,1,-1,1,-1,1,-1,-1,1,-1,1,-1,1,-1,-1,1,-1,-1,-1,1,-1,-1,1,-1,1,-1,1,-1,-1,1,-1,-1,1,-1,1,-1,1,1,1,-1,1,1,-1,-1,-1,1,-1,1,-1,-1,1,-1,1,1,1,1,-1,-1,1,1,-1,1,1,-1,-1,1,1,1,-1,1,1,-1,1,1,1,1,-1,1,1,-1,-1,-1,1,-1,1,1,-1,1,-1,1,-1,1,-1,-1,-1,1,1,-1,1,1,-1,-1,-1,1,-1,1,1,-1,1,-1,1,-1,-1,-1,-1,-1,-1,1,-1,-1,-1,-1,-1,-1,1,-1,1,1,1,1,-1,1,-1,1,1,-1,-1,-1,1,-1,-1,1,-1,1,-1,-1,1,1,1,1,-1,-1,1,1,1,1,-1,1,-1,-1,1,1,1,-1,-1,-1,1,1,1,1,-1,1,-1,1,-1,1,-1,1,1,-1,-1,1,1,1,-1,-1,-1,-1,1,1,1,1,-1,-1,-1,1,1,1,1,-1,-1,-1,1,1,1,-1,-1,-1,1,1,1,1,1,-1,-1,-1,1,1,1,1,-1,-1,-1,1,1,-1,1,-1,-1,-1,1,1,1,1,-1,-1,1,1,1,1,-1,-1,1,1,-1,1,1,-1,-1,-1,1,1,1,1,1,-1,1,1,1,1,1,-1,-1,-1,1,-1,1,-1,-1,-1,-1,1,-1,1,1,1,-1,-1,1,-1,1,1,-1,-1,-1,1,1,1,1,-1,-1,-1,1,-1,1,1,-1,-1,-1,1,1,-1,-1,-1,-1,-1,1,-1,1,-1,-1,-1,-1,-1,-1,-1,1,-1,-1,-1,1,-1,-1,1,-1,-1,-1,-1,-1,-1,1,-1,-1,-1,-1,-1,1,-1,-1,-1,1,-1,-1,1,-1,1,-1,-1,-1,-1,-1,-1,-1,1,-1,-1,-1,1,1,1,-1,-1,1,-1,-1,-1,-1,-1,1,-1,-1,1,1,1,-1,-1,-1,-1,1,-1,1,1,-1,1,-1,-1,1,1,-1,-1,-1,-1,-1,-1,1,1,-1,-1,1,-1,1,1,-1,-1,-1,1,-1,1,1,-1,-1,1,-1,-1,1,1,1,-1,1,-1,1,1,1,-1,-1,1,-1,-1,1,1,1,-1,1,-1,-1,1,1,-1,1,1,-1,-1,1,1,-1,1,1,-1,-1,1,1,1,1,1,-1,-1,1,1,1,1,-1,1,-1,-1,1,1,-1,1,-1,-1,1,-1,1,1,1,1,-1,-1,1,-1,1,1,1,-1,1,1,1,1,-1,1,-1,1,1,1,1,1,1,1,-1,1,1,1,1,-1,1,-1,1,1,1,1,1,-1,1,1,1,1,-1,1,1,-1,1,1,-1,1,1,-1,-1,1,1,1,1,-1,1,-1,1,1,1,-1,-1,1,-1,1,1,1,-1,1,-1,-1,-1,1,1,-1,-1,1,-1,-1,1,1,-1,-1,1,-1,-1,1,1,1,-1,1,-1,-1,1,1,-1,-1,-1,1,-1,1,1,-1,1,1,-1,1,1,-1,-1,1,-1,-1,-1,1,1,-1,1,1,-1,1,1,-1,-1,-1,-1,1,-1,-1,-1,-1,1,-1,-1,1,1,-1,1,1,-1,1,1,1,1,-1,1,-1,1,1,1,-1,-1,1,-1,-1,1,1,-1,-1,1,-1,1,1,1,-1,-1,1,-1,1,1,1,1,-1,1,-1,-1,1,1,-1,-1,-1,1,-1,1,-1,1,-1,1,-1,-1,1,-2670.0,1,2000,445,1000,False
1051,1,1,-1,-1,1,-1,-1,-1,1,1,1,-1,1,1,1,1,-1,1,-1,-1,-1,-1,1,1,1,-1,-1,-1,1,1,1,1,-1,-1,-1,-1,1,1,1,1,-1,-1,-1,1,1,1,1,-1,1,1,1,1,-1,1,-1,-1,1,-1,1,1,1,-1,-1,-1,1,1,1,1,-1,-1,-1,1,1,1,1,-1,-1,-1,1,1,1,-1,-1,-1,1,1,1,1,-1,-1,-1,1,1,1,1,-1,-1,1,1,-1,1,1,-1,-1,1,1,1,1,1,-1,-1,-1,1,1,1,1,-1,-1,1,1,1,1,1,1,-1,-1,1,1,-1,1,1,-1,1,1,1,1,1,1,-1,1,1,1,1,1,1,-1,1,1,1,1,1,1,-1,-1,-1,1,1,1,1,-1,1,1,1,1,-1,1,-1,1,-1,1,1,1,-1,-1,1,1,1,1,1,-1,1,-1,-1,1,-1,1,-1,1,1,1,1,1,1,1,1,1,-1,1,-1,1,-1,1,1,-1,1,-1,1,1,-1,1,-1,1,-1,1,-1,1,1,-1,1,-1,1,1,1,1,-1,-1,1,1,-1,-1,1,-1,1,-1,1,1,-1,1,-1,1,-1,1,-1,-1,1,-1,-1,-1,1,1,-1,1,-1,1,1,1,-1,1,1,-1,-1,-1,1,-1,1,-1,1,-1,1,1,-1,1,-1,-1,-1,1,1,-1,1,-1,-1,-1,1,1,-1,-1,1,1,-1,-1,1,1,-1,1,1,-1,1,1,1,1,-1,1,-1,1,1,-1,1,-1,1,1,1,1,1,1,1,1,-1,-1,1,-1,-1,1,1,1,-1,1,1,1,-1,1,1,1,1,1,1,1,1,-1,1,1,1,-1,1,1,-1,1,1,1,-1,1,1,-1,-1,1,1,1,-1,1,-1,1,1,1,-1,1,1,-1,1,1,1,-1,1,1,-1,1,1,1,-1,1,1,-1,-1,1,1,-1,1,1,-1,1,-1,1,-1,1,1,1,-1,1,1,1,-1,1,1,-1,1,1,-1,1,1,1,-1,-1,-1,-1,1,1,1,-1,1,1,-1,1,1,-1,-1,1,1,1,1,1,-1,1,1,1,-1,1,1,1,-1,-1,1,1,1,-1,1,-1,1,1,1,1,1,1,-1,-1,-1,1,-1,-1,1,1,-1,1,1,1,1,1,1,1,-1,1,-1,-1,1,-1,1,-1,1,1,1,1,1,1,-1,-1,1,-1,1,1,1,-1,1,1,1,-1,1,1,-1,-1,1,-1,1,1,1,-1,1,1,1,1,1,1,-1,1,-1,1,1,1,-1,-1,1,-1,-1,1,1,-1,-1,1,-1,1,1,1,-1,-1,1,-1,-1,1,1,-1,-1,1,-1,1,1,1,1,-1,1,1,-1,-1,1,1,-1,-1,1,1,-1,1,-1,-1,1,1,-1,1,-1,1,-1,-1,1,-1,1,-1,1,1,-1,1,-1,-1,1,1,1,-1,1,-1,1,-1,1,-1,1,-1,-1,-1,1,-1,-1,1,1,1,-1,1,-1,1,1,1,-1,1,1,-1,1,-1,1,-1,-1,1,-1,-1,1,1,1,-1,1,-1,-1,1,1,-1,-1,1,-1,-1,1,1,-1,-1,1,-1,-1,-1,1,1,-1,1,1,-1,-1,1,-1,-1,1,-1,1,-1,1,1,-1,-1,1,-1,-1,-1,-1,-1,1,1,1,-1,1,1,-1,-1,1,-1,-1,-1,-1,-1,1,1,-1,-1,-1,-1,-1,1,1,-1,1,1,-1,-1,-1,1,1,-1,-1,-1,-1,1,1,-1,-1,1,-1,-1,-1,1,1,-1,-1,-1,-1,-1,1,-1,-1,1,-1,-1,1,1,1,-1,1,-1,-1,-1,1,1,-1,-1,-1,-1,-1,1,1,1,-1,-1,-1,-1,1,1,-1,-1,-1,-1,1,1,1,1,-1,-1,1,1,1,1,1,-1,-1,-1,1,1,1,1,1,-1,1,1,1,1,-1,1,-1,-1,1,-1,1,-1,1,-1,-1,1,-1,1,-1,-1,-1,-1,1,-1,1,-1,1,-1,-1,1,-1,1,-1,1,-1,-1,1,-1,1,-1,-1,-1,-1,1,1,-1,-1,-1,-1,-1,1,-1,1,-1,-1,-1,-1,-1,-1,-1,1,-1,-1,-1,1,-1,-1,1,-1,-1,-1,-1,-1,1,1,-1,-1,-1,-1,-1,1,-1,-1,-1,1,-1,-1,1,-1,1,-1,-1,-1,-1,-1,-1,-1,1,-1,-1,-1,1,1,-1,-1,-1,-1,1,-1,-1,-1,-1,1,-1,-1,1,-1,1,-1,-1,-1,-1,1,-1,1,1,-1,1,-1,-1,1,1,-1,-1,-1,-1,-1,-1,1,1,-1,-1,1,-1,1,1,-1,-1,-1,1,-1,-1,1,-1,-1,1,-1,-1,1,1,1,-1,1,-1,1,1,1,-1,-1,1,-1,-1,1,1,1,-1,1,-1,-1,1,1,-1,1,1,-1,-1,1,1,-1,1,1,-1,-1,1,1,-1,1,1,-1,-1,1,1,1,1,-1,1,-1,-1,1,1,1,1,-1,-1,1,-1,1,1,1,1,-1,-1,1,-1,1,1,1,-1,1,1,1,1,-1,1,-1,1,1,1,1,1,1,1,-1,1,1,1,1,-1,1,-1,1,1,1,1,1,-1,1,1,1,1,-1,1,1,-1,1,1,-1,1,1,-1,-1,1,1,1,1,-1,1,-1,1,1,1,-1,-1,1,-1,1,1,1,-1,1,-1,-1,-1,1,1,-1,-1,1,-1,-1,1,1,-1,-1,1,-1,-1,1,1,1,-1,1,-1,-1,1,1,-1,-1,-1,1,-1,-1,1,-1,1,1,-1,1,1,-1,-1,1,-1,-1,-1,1,1,-1,1,1,-1,1,1,-1,-1,-1,-1,1,-1,-1,-1,-1,-1,-1,-1,1,1,-1,1,1,-1,1,1,1,1,-1,1,-1,1,1,1,-1,-1,1,-1,-1,-1,1,-1,-1,1,-1,1,1,1,-1,-1,1,-1,1,1,1,1,-1,1,-1,-1,1,1,-1,-1,-1,1,-1,1,-1,1,-1,1,-1,-1,1,-2670.0,1,2000,445,1000,False
1052,1,1,-1,-1,1,-1,-1,-1,1,1,1,-1,1,1,1,1,-1,1,-1,-1,-1,-1,1,1,1,-1,-1,-1,1,1,1,1,1,-1,-1,-1,1,1,1,1,-1,-1,-1,1,1,1,1,-1,1,1,1,1,-1,1,-1,-1,1,-1,1,1,1,-1,-1,-1,1,1,1,1,-1,-1,-1,1,1,1,1,-1,-1,-1,1,1,1,-1,-1,-1,1,1,1,1,-1,-1,-1,1,1,1,1,-1,-1,1,1,-1,1,1,-1,-1,1,1,1,1,1,-1,-1,1,1,-1,1,1,-1,-1,1,1,1,1,1,1,-1,-1,1,1,-1,1,1,-1,1,1,1,1,1,1,-1,-1,1,1,1,1,1,-1,1,1,1,1,1,1,-1,-1,-1,1,1,1,1,-1,1,1,1,1,-1,1,-1,1,-1,1,1,1,-1,-1,1,1,1,1,1,-1,1,-1,-1,1,-1,1,-1,1,1,1,1,1,1,1,1,1,-1,1,-1,1,-1,1,1,-1,1,-1,1,1,-1,1,-1,1,-1,1,-1,1,1,-1,1,-1,1,1,1,1,-1,-1,1,1,-1,-1,1,-1,1,-1,-1,1,-1,1,-1,1,-1,1,-1,-1,1,-1,1,-1,1,1,-1,1,-1,1,1,1,-1,1,1,-1,-1,-1,1,-1,1,-1,1,-1,1,1,-1,1,-1,-1,-1,1,1,-1,1,-1,-1,-1,1,1,-1,-1,1,1,-1,-1,1,1,-1,1,1,-1,1,1,1,1,-1,1,-1,1,1,-1,1,-1,1,-1,1,1,1,1,1,1,-1,-1,1,-1,-1,-1,1,1,-1,1,1,1,-1,1,1,1,1,1,1,1,1,-1,1,1,1,-1,-1,1,-1,1,1,1,-1,1,1,-1,-1,1,1,1,-1,1,-1,1,1,1,-1,1,1,-1,1,1,1,-1,1,1,-1,1,1,1,-1,1,1,-1,-1,1,1,-1,1,1,-1,1,-1,1,-1,1,1,1,-1,1,1,1,1,1,1,-1,1,1,-1,1,1,1,-1,-1,-1,-1,1,1,1,-1,1,1,-1,1,1,-1,-1,1,1,1,1,1,-1,1,1,1,-1,1,1,1,-1,-1,1,1,1,-1,1,-1,1,1,1,1,1,1,-1,-1,-1,1,-1,-1,1,1,-1,1,1,1,1,1,1,1,-1,1,-1,-1,1,-1,1,-1,1,1,1,1,1,1,-1,-1,1,-1,1,1,1,-1,1,1,1,-1,1,1,-1,-1,1,-1,1,1,1,-1,1,1,1,1,1,1,-1,1,-1,-1,1,1,-1,-1,1,-1,1,1,1,-1,-1,1,-1,1,1,1,-1,-1,1,-1,-1,1,1,-1,-1,1,-1,1,1,1,1,-1,1,-1,-1,1,1,1,-1,-1,-1,-1,1,1,-1,-1,1,-1,-1,1,-1,1,-1,-1,1,-1,1,-1,1,-1,-1,1,-1,-1,1,1,1,-1,1,-1,1,-1,-1,1,1,-1,-1,-1,1,-1,-1,1,1,1,-1,1,-1,1,1,1,-1,1,1,-1,1,-1,1,-1,-1,1,-1,-1,1,1,1,-1,1,-1,-1,1,1,-1,-1,1,-1,-1,1,1,-1,-1,1,-1,-1,-1,1,1,-1,1,1,-1,-1,1,-1,-1,1,-1,1,-1,1,1,-1,-1,1,-1,-1,-1,-1,-1,1,1,1,-1,-1,1,-1,-1,1,-1,-1,1,-1,-1,-1,1,-1,-1,1,1,-1,1,1,-1,1,-1,1,-1,-1,1,1,-1,-1,-1,-1,1,1,-1,-1,1,-1,-1,-1,1,1,-1,-1,-1,-1,-1,1,-1,-1,-1,-1,-1,1,1,1,-1,-1,-1,-1,-1,1,1,-1,-1,-1,-1,-1,1,1,1,-1,-1,-1,-1,1,1,-1,-1,-1,-1,1,1,1,1,-1,-1,1,1,1,1,1,-1,-1,-1,1,1,1,-1,1,-1,1,1,1,1,-1,1,-1,-1,1,-1,1,-1,1,-1,-1,1,-1,1,-1,-1,-1,-1,1,-1,1,-1,1,-1,-1,1,-1,1,-1,1,-1,-1,1,-1,1,-1,-1,-1,-1,1,1,-1,-1,-1,-1,-1,1,-1,1,-1,-1,-1,-1,-1,-1,-1,1,-1,-1,-1,1,-1,-1,1,-1,-1,-1,-1,-1,1,1,-1,-1,-1,-1,-1,1,-1,-1,-1,1,-1,-1,1,-1,1,-1,-1,-1,-1,-1,-1,-1,1,-1,-1,-1,1,1,1,-1,-1,1,-1,-1,-1,-1,-1,1,-1,-1,1,-1,1,-1,-1,-1,-1,1,-1,1,1,-1,1,-1,-1,1,1,-1,-1,-1,-1,-1,-1,1,1,-1,-1,1,-1,1,1,-1,-1,-1,1,-1,1,1,-1,-1,1,-1,-1,1,1,1,-1,1,-1,1,1,1,-1,-1,1,-1,-1,1,1,1,-1,1,-1,-1,1,1,-1,1,1,-1,-1,1,1,-1,1,1,-1,-1,1,1,1,1,1,-1,-1,1,1,1,1,-1,1,-1,-1,1,1,1,1,-1,-1,1,-1,1,1,1,1,-1,-1,1,-1,1,1,1,-1,1,1,1,1,-1,1,-1,1,1,1,1,1,1,1,-1,1,1,1,1,-1,1,-1,1,1,1,1,1,-1,1,1,1,1,-1,1,1,-1,1,1,-1,1,1,-1,-1,1,1,1,1,-1,1,-1,1,1,1,-1,-1,1,-1,1,1,1,-1,1,-1,-1,-1,1,1,-1,-1,1,-1,-1,1,1,1,-1,1,-1,-1,1,1,1,-1,-1,-1,-1,1,1,-1,-1,-1,1,-1,-1,1,-1,1,1,-1,1,1,-1,-1,1,-1,-1,-1,1,1,-1,1,1,-1,1,1,-1,-1,-1,-1,1,-1,-1,-1,-1,1,-1,-1,1,1,-1,1,1,-1,1,1,1,1,-1,1,-1,1,1,1,1,-1,1,-1,-1,1,1,1,-1,1,-1,1,1,1,1,-1,1,-1,1,1,1,-1,-1,1,-1,-1,1,1,-1,-1,-1,1,-1,1,-1,1,-1,1,-1,-1,1,-2670.0,1,2000,445,1000,False
1053,1,1,-1,-1,1,1,-1,-1,1,1,1,-1,-1,1,1,1,-1,1,-1,-1,-1,-1,1,1,1,-1,-1,-1,1,1,1,1,-1,-1,-1,-1,1,1,1,1,-1,-1,-1,1,1,1,1,-1,1,1,1,1,-1,1,-1,-1,1,-1,1,1,1,-1,-1,-1,1,1,1,1,-1,-1,-1,1,1,1,1,-1,-1,-1,1,1,1,-1,-1,-1,1,1,1,1,-1,-1,-1,1,1,1,1,-1,-1,1,1,-1,1,1,-1,-1,1,1,1,1,1,-1,-1,1,1,1,1,1,-1,-1,1,1,1,1,1,1,-1,-1,1,1,-1,1,1,-1,1,1,1,1,1,1,-1,-1,1,1,1,1,1,-1,1,1,1,1,1,1,-1,-1,-1,1,1,1,1,-1,1,1,1,1,-1,1,-1,1,-1,1,1,1,-1,-1,1,1,1,1,1,-1,1,-1,-1,1,-1,1,-1,1,1,1,1,1,1,1,1,1,-1,1,-1,1,-1,1,1,-1,1,-1,1,1,-1,1,-1,1,-1,1,-1,1,1,-1,1,-1,1,1,1,1,-1,-1,1,1,-1,-1,1,-1,1,-1,1,1,-1,1,-1,1,-1,1,-1,-1,1,-1,-1,-1,1,1,-1,1,-1,1,1,1,-1,1,1,-1,1,-1,1,-1,1,-1,1,-1,1,1,-1,1,-1,-1,-1,1,1,-1,1,-1,-1,-1,1,1,-1,-1,1,1,-1,-1,1,1,-1,1,1,-1,1,1,1,1,-1,1,-1,1,1,-1,1,-1,1,-1,1,1,1,1,1,1,-1,-1,1,-1,-1,1,1,1,-1,1,1,1,-1,1,1,1,1,1,1,1,1,-1,1,1,1,-1,1,1,-1,1,1,1,-1,1,1,-1,-1,1,1,1,-1,1,-1,1,1,1,-1,1,1,-1,1,1,1,-1,1,1,-1,1,1,1,-1,1,1,-1,-1,1,1,-1,1,1,-1,1,-1,1,-1,1,-1,1,-1,1,1,1,-1,-1,1,-1,1,1,-1,1,1,1,-1,-1,-1,-1,1,1,1,-1,1,1,-1,1,1,-1,-1,1,1,1,1,1,-1,1,1,1,-1,1,1,1,1,-1,1,1,-1,-1,1,-1,1,-1,1,-1,1,1,-1,-1,-1,1,-1,1,1,-1,1,-1,1,-1,1,1,1,-1,-1,1,-1,-1,1,-1,1,-1,1,-1,-1,1,1,1,-1,-1,1,-1,1,1,-1,-1,1,1,1,-1,1,-1,-1,1,-1,-1,1,1,-1,-1,1,-1,1,1,-1,1,-1,1,-1,-1,1,-1,-1,1,1,-1,1,1,-1,-1,-1,1,-1,1,1,1,-1,1,-1,-1,-1,1,-1,-1,-1,1,-1,1,1,1,-1,-1,1,-1,-1,1,-1,-1,-1,1,-1,-1,1,-1,-1,-1,1,-1,-1,1,-1,-1,-1,-1,1,-1,1,-1,-1,-1,-1,1,-1,-1,1,1,1,-1,1,-1,1,-1,1,1,1,-1,-1,-1,1,-1,1,1,1,1,-1,1,-1,-1,1,1,-1,1,1,-1,1,-1,1,-1,-1,1,-1,-1,1,1,1,-1,1,-1,-1,1,1,-1,-1,1,-1,-1,1,1,-1,-1,1,-1,-1,-1,1,1,-1,1,1,-1,-1,1,-1,-1,1,-1,1,-1,1,1,-1,-1,1,-1,-1,-1,-1,-1,1,1,1,-1,-1,1,-1,-1,1,-1,-1,1,-1,-1,1,1,-1,-1,1,-1,-1,1,1,-1,1,-1,1,-1,-1,1,1,-1,-1,-1,-1,-1,1,-1,-1,1,-1,-1,-1,1,1,-1,-1,-1,-1,-1,1,-1,-1,-1,-1,-1,1,1,1,-1,-1,-1,-1,-1,1,1,-1,-1,-1,-1,-1,1,1,1,-1,-1,-1,-1,1,1,-1,-1,-1,-1,1,1,1,1,1,-1,1,1,1,1,1,1,-1,-1,1,1,1,-1,1,-1,1,1,1,1,-1,1,-1,-1,1,-1,1,-1,1,-1,-1,1,-1,1,-1,1,-1,-1,1,-1,1,-1,1,-1,-1,1,-1,1,1,1,-1,-1,1,-1,1,1,1,-1,-1,1,1,-1,1,1,-1,-1,1,-1,1,-1,1,-1,-1,-1,-1,-1,1,1,-1,-1,1,-1,-1,1,1,-1,-1,-1,-1,-1,-1,1,-1,-1,-1,-1,1,1,-1,-1,1,-1,-1,1,-1,1,-1,-1,-1,-1,-1,1,1,1,-1,-1,-1,1,1,1,-1,-1,-1,1,-1,-1,1,-1,1,-1,-1,1,1,1,-1,-1,-1,-1,1,-1,1,1,-1,1,-1,-1,1,1,-1,-1,-1,-1,-1,-1,1,1,-1,-1,1,-1,1,1,-1,-1,-1,1,-1,1,1,-1,-1,1,-1,-1,1,1,1,-1,1,-1,1,1,1,-1,-1,1,-1,-1,1,1,1,-1,1,-1,-1,1,1,-1,1,1,-1,-1,1,1,-1,1,1,-1,-1,1,1,-1,1,1,-1,-1,1,1,1,1,-1,1,-1,1,1,1,1,1,-1,-1,1,-1,1,1,1,1,-1,-1,1,-1,1,1,1,-1,1,1,1,1,-1,1,-1,1,1,1,1,1,1,1,-1,-1,1,1,1,-1,1,-1,1,1,1,1,1,-1,1,1,1,1,-1,1,1,-1,1,1,-1,1,1,-1,-1,1,1,1,1,-1,1,-1,1,1,1,-1,-1,1,-1,1,1,1,-1,1,-1,-1,-1,1,1,-1,-1,1,-1,-1,1,1,-1,-1,1,-1,1,1,1,1,-1,1,-1,-1,1,1,-1,-1,-1,1,1,1,1,-1,1,1,-1,1,1,-1,-1,1,1,-1,-1,1,1,-1,1,1,1,1,1,-1,-1,-1,-1,-1,-1,-1,-1,-1,-1,1,1,1,1,-1,1,1,-1,1,1,1,1,-1,1,-1,1,1,1,1,-1,1,-1,1,1,1,1,-1,1,-1,1,1,1,1,-1,1,-1,1,1,1,-1,-1,1,-1,1,1,1,-1,-1,-1,1,-1,1,-1,1,-1,1,-1,1,1,-2670.0,1,2000,445,1000,False
1054,1,1,-1,-1,1,1,-1,-1,1,1,1,-1,1,1,1,1,-1,1,-1,-1,-1,-1,1,1,1,-1,-1,-1,1,1,1,1,-1,-1,-1,-1,1,1,1,1,-1,-1,-1,1,1,1,1,-1,1,1,1,1,-1,1,-1,-1,1,-1,1,1,1,-1,-1,-1,1,1,1,1,-1,-1,-1,1,1,1,1,-1,-1,-1,1,1,1,-1,-1,-1,1,1,1,1,-1,-1,-1,1,1,1,1,-1,-1,1,1,-1,1,1,-1,-1,1,1,1,1,1,-1,-1,-1,1,1,1,1,-1,-1,1,1,1,1,1,1,-1,-1,1,1,-1,1,1,-1,1,1,1,1,1,1,-1,1,1,1,1,1,1,-1,1,1,1,1,1,1,-1,-1,-1,1,1,1,1,-1,1,1,1,1,-1,1,-1,1,-1,1,1,1,-1,-1,1,1,1,1,1,-1,1,-1,-1,1,-1,1,-1,1,1,1,1,1,1,1,1,1,1,1,-1,1,-1,1,1,-1,1,-1,1,1,-1,1,-1,1,-1,1,-1,1,1,-1,1,-1,1,1,1,1,-1,-1,1,1,-1,-1,1,-1,1,-1,-1,1,-1,1,-1,1,-1,1,-1,-1,1,-1,-1,-1,1,1,-1,1,-1,1,1,1,-1,1,1,-1,1,-1,1,-1,1,-1,1,-1,1,1,-1,1,-1,-1,-1,1,1,-1,1,-1,-1,-1,1,1,-1,-1,1,1,-1,-1,1,1,-1,1,1,-1,1,1,1,1,-1,1,-1,1,1,-1,1,-1,1,-1,1,1,1,1,1,1,-1,-1,1,-1,-1,1,1,1,-1,1,1,1,-1,1,1,1,1,1,1,1,1,-1,1,1,1,-1,1,1,-1,1,1,1,-1,1,1,-1,-1,1,1,1,-1,1,-1,1,1,1,-1,1,1,-1,1,1,1,-1,1,1,-1,1,1,1,-1,1,1,-1,-1,1,1,-1,1,1,-1,1,-1,1,-1,1,1,1,-1,1,1,1,1,1,1,-1,1,1,-1,1,1,1,-1,-1,-1,-1,1,1,1,-1,1,1,-1,1,1,-1,-1,1,1,1,1,1,-1,1,1,1,-1,1,1,1,1,-1,1,1,1,-1,1,-1,1,1,1,1,1,1,-1,-1,-1,1,-1,-1,1,-1,1,-1,1,1,1,1,1,-1,-1,1,-1,-1,1,-1,1,-1,1,1,1,1,1,1,-1,-1,1,-1,1,1,-1,-1,1,1,1,-1,1,-1,-1,-1,1,-1,1,1,-1,-1,1,1,1,1,-1,1,-1,1,-1,-1,1,-1,1,-1,1,-1,1,1,-1,-1,-1,1,-1,1,1,1,-1,-1,1,1,-1,1,-1,-1,-1,1,-1,1,1,1,-1,-1,1,-1,-1,1,-1,-1,-1,-1,-1,-1,1,-1,-1,-1,1,-1,-1,1,-1,-1,-1,-1,1,-1,1,-1,-1,1,-1,1,-1,-1,1,1,1,-1,1,-1,1,-1,1,1,1,-1,-1,-1,1,-1,-1,1,1,1,-1,1,-1,1,1,1,-1,1,1,-1,-1,-1,1,-1,-1,1,-1,-1,1,1,1,-1,1,-1,-1,1,1,-1,-1,1,-1,-1,1,1,-1,-1,1,-1,-1,-1,1,1,-1,1,1,-1,-1,1,-1,-1,1,-1,1,-1,1,1,-1,-1,1,-1,-1,-1,-1,-1,1,1,1,-1,-1,1,-1,-1,1,-1,-1,1,-1,-1,1,1,-1,-1,1,-1,-1,1,1,-1,1,-1,-1,-1,-1,1,1,-1,-1,-1,-1,1,1,-1,-1,1,-1,-1,-1,1,1,-1,-1,-1,-1,-1,1,-1,-1,-1,-1,-1,1,1,1,-1,-1,-1,-1,-1,1,1,-1,-1,-1,-1,-1,1,1,1,-1,-1,-1,-1,1,1,-1,-1,-1,-1,1,1,1,1,1,-1,1,1,1,1,1,1,-1,-1,1,1,1,-1,1,-1,1,1,1,1,-1,1,-1,-1,1,-1,1,-1,1,-1,-1,1,-1,1,1,1,-1,-1,1,-1,1,-1,1,-1,-1,1,-1,1,1,1,-1,-1,1,-1,1,1,1,-1,-1,1,1,-1,1,1,-1,-1,1,-1,1,-1,1,-1,-1,-1,-1,-1,1,1,-1,-1,1,-1,-1,1,1,-1,-1,-1,-1,1,-1,1,-1,-1,-1,-1,-1,1,-1,-1,1,-1,-1,1,-1,1,-1,-1,-1,-1,-1,1,1,1,-1,-1,-1,1,1,1,-1,-1,1,1,-1,-1,1,-1,1,-1,-1,1,1,1,-1,-1,-1,-1,1,-1,1,1,-1,1,-1,-1,1,1,-1,-1,-1,-1,-1,-1,1,1,-1,-1,1,-1,1,1,-1,-1,-1,1,-1,1,1,-1,-1,1,-1,-1,1,1,1,-1,1,-1,1,1,1,-1,-1,1,-1,-1,1,1,1,-1,1,-1,-1,1,1,-1,1,1,-1,-1,1,1,-1,1,1,-1,-1,1,1,-1,1,1,-1,-1,1,1,1,1,-1,1,-1,-1,1,1,-1,1,-1,-1,1,-1,1,1,1,1,-1,-1,1,-1,1,1,1,-1,1,1,1,1,-1,1,-1,1,1,1,1,1,1,1,-1,1,1,1,1,-1,1,-1,1,1,1,1,1,-1,1,1,1,1,-1,1,1,-1,1,1,-1,1,1,-1,-1,1,1,1,1,-1,1,-1,1,1,1,-1,-1,1,-1,1,1,1,-1,1,-1,-1,-1,1,1,-1,-1,1,-1,-1,1,1,-1,-1,1,-1,-1,1,1,1,-1,-1,-1,-1,1,1,-1,-1,-1,1,-1,1,1,-1,1,1,-1,1,1,-1,-1,1,-1,-1,-1,1,1,-1,1,1,-1,1,1,-1,-1,-1,-1,1,-1,-1,-1,-1,1,-1,-1,1,1,-1,1,1,-1,1,1,1,1,-1,1,-1,1,1,1,-1,-1,1,-1,-1,1,1,-1,-1,1,-1,1,1,1,-1,-1,1,-1,1,1,1,1,-1,1,-1,-1,1,1,-1,-1,-1,1,-1,1,-1,1,-1,1,-1,-1,1,-2670.0,1,2000,445,1000,False
1055,1,1,-1,-1,1,-1,-1,-1,1,1,1,-1,1,1,1,1,-1,1,-1,-1,-1,1,1,1,1,-1,-1,-1,1,1,1,1,-1,-1,-1,-1,1,1,1,1,-1,-1,-1,1,1,1,1,-1,1,1,1,1,-1,1,-1,-1,1,-1,1,1,1,-1,-1,1,1,1,1,1,-1,1,1,1,1,1,1,-1,-1,-1,1,1,1,-1,-1,-1,1,1,1,1,-1,1,-1,1,1,1,1,-1,-1,1,1,-1,1,1,-1,-1,1,1,1,1,1,-1,-1,1,1,-1,1,1,-1,-1,1,1,1,1,1,1,-1,1,1,1,-1,1,1,-1,1,1,1,1,1,1,-1,-1,1,1,1,1,1,-1,1,1,1,1,1,1,-1,-1,-1,1,1,1,1,-1,1,-1,1,1,-1,1,-1,1,-1,1,1,1,-1,-1,1,1,1,1,1,-1,1,-1,-1,1,-1,1,-1,1,1,1,1,1,1,1,1,1,-1,1,-1,1,-1,1,1,-1,1,-1,1,1,-1,1,-1,1,-1,1,-1,1,1,-1,1,-1,1,1,1,1,-1,-1,1,1,-1,-1,1,-1,1,-1,1,1,-1,1,-1,1,-1,1,-1,1,1,-1,-1,-1,1,1,-1,1,-1,1,1,1,-1,1,1,-1,1,-1,1,-1,1,-1,1,-1,1,1,-1,1,-1,-1,-1,1,1,-1,1,-1,-1,-1,1,1,-1,-1,1,1,-1,-1,1,1,-1,1,1,-1,1,1,1,-1,-1,1,-1,1,1,-1,1,-1,1,1,-1,1,1,-1,-1,1,-1,-1,1,-1,1,-1,1,1,-1,1,1,1,-1,1,-1,-1,1,1,-1,-1,1,-1,1,1,1,1,-1,1,-1,1,1,1,-1,1,1,-1,-1,1,1,-1,1,1,-1,1,1,1,1,1,1,-1,1,1,1,1,1,-1,-1,1,1,1,1,1,-1,-1,-1,1,1,1,1,-1,-1,1,-1,1,-1,1,1,-1,-1,1,1,1,1,1,-1,-1,1,1,1,-1,-1,-1,-1,-1,-1,-1,1,1,-1,-1,1,1,-1,1,-1,1,-1,1,1,1,1,-1,-1,1,1,1,-1,1,-1,-1,-1,-1,1,1,1,1,-1,-1,1,-1,1,1,-1,-1,1,-1,-1,1,-1,1,-1,-1,1,-1,-1,1,-1,-1,1,1,-1,1,-1,1,-1,-1,1,-1,1,1,-1,-1,-1,1,-1,-1,1,1,-1,-1,1,-1,1,1,-1,1,-1,1,-1,1,1,1,-1,-1,1,-1,1,1,-1,-1,1,1,-1,1,-1,1,-1,1,-1,1,1,-1,1,-1,1,-1,-1,1,-1,-1,-1,1,-1,-1,1,-1,1,-1,1,-1,-1,1,-1,-1,1,-1,1,-1,-1,1,1,-1,1,1,-1,-1,1,1,-1,1,-1,-1,-1,1,1,1,1,1,-1,-1,1,1,-1,1,1,-1,-1,1,1,1,-1,1,1,-1,1,1,1,1,1,1,1,-1,-1,-1,1,-1,-1,1,-1,-1,1,1,-1,1,-1,-1,-1,1,1,-1,1,1,-1,-1,-1,1,-1,1,1,-1,-1,-1,1,-1,-1,-1,-1,1,-1,1,-1,-1,-1,-1,-1,-1,1,-1,1,1,1,1,-1,1,-1,1,1,-1,-1,-1,1,-1,-1,1,-1,1,-1,-1,1,1,1,1,-1,-1,1,1,1,1,-1,1,-1,-1,1,1,1,-1,-1,-1,1,1,1,1,-1,1,-1,1,-1,1,-1,1,1,-1,-1,1,1,1,-1,-1,-1,-1,1,1,1,1,-1,-1,-1,1,1,1,1,-1,-1,-1,1,-1,1,-1,-1,-1,1,1,1,1,1,-1,-1,-1,1,1,1,1,-1,-1,-1,1,1,-1,1,-1,-1,-1,1,1,1,1,-1,-1,1,1,1,1,-1,-1,1,1,-1,1,1,-1,-1,-1,1,1,1,1,1,-1,1,1,1,1,1,-1,-1,-1,1,-1,1,-1,-1,-1,-1,1,-1,1,1,-1,-1,-1,1,-1,1,1,-1,-1,-1,1,1,1,1,-1,-1,-1,1,-1,1,1,-1,-1,-1,1,1,-1,-1,-1,-1,-1,1,-1,1,-1,-1,-1,-1,-1,-1,-1,1,-1,-1,-1,1,-1,-1,1,-1,-1,-1,-1,-1,1,1,-1,-1,-1,-1,-1,1,-1,-1,-1,1,-1,-1,1,-1,1,-1,-1,-1,-1,-1,-1,-1,1,-1,-1,-1,1,1,1,-1,-1,-1,1,-1,-1,-1,-1,1,-1,-1,1,1,1,-1,-1,-1,-1,1,-1,1,1,-1,1,-1,-1,1,1,-1,-1,-1,-1,-1,-1,1,1,-1,-1,1,-1,1,1,-1,-1,-1,1,-1,1,1,-1,-1,1,-1,-1,1,1,1,-1,1,-1,1,1,1,-1,-1,1,-1,-1,1,1,1,-1,1,-1,-1,1,1,-1,1,1,-1,-1,1,1,-1,1,1,-1,-1,1,1,-1,1,1,-1,-1,1,1,1,1,1,1,-1,1,1,1,-1,1,-1,-1,1,-1,1,1,1,1,-1,-1,1,-1,1,1,1,-1,1,1,1,1,-1,1,-1,1,1,1,1,1,1,-1,-1,1,1,1,1,-1,1,-1,1,1,1,1,-1,1,-1,1,1,1,-1,-1,1,-1,1,1,-1,1,-1,-1,-1,1,1,1,-1,1,-1,-1,1,1,1,-1,-1,-1,-1,1,1,1,-1,1,-1,-1,-1,1,1,-1,1,-1,-1,1,1,1,-1,1,-1,1,-1,1,1,1,1,1,-1,-1,1,1,-1,-1,1,1,-1,-1,1,-1,1,-1,-1,1,1,-1,-1,1,-1,-1,-1,-1,1,-1,1,1,-1,1,1,-1,-1,-1,-1,1,-1,-1,-1,-1,1,-1,-1,1,1,-1,1,1,-1,1,1,1,1,-1,1,-1,1,1,1,1,-1,1,-1,-1,-1,1,1,-1,1,-1,1,1,1,1,-1,1,-1,1,1,1,-1,-1,1,-1,-1,1,1,-1,-1,-1,1,-1,1,-1,1,-1,1,-1,-1,1,-2670.0,1,2000,445,1000,False
1056,1,1,-1,-1,1,1,-1,-1,1,1,1,-1,-1,1,1,1,-1,1,-1,-1,-1,-1,1,1,1,-1,-1,-1,1,1,1,1,-1,-1,-1,-1,1,1,1,1,-1,-1,-1,1,1,1,1,-1,1,1,1,1,-1,1,-1,-1,1,-1,1,1,1,-1,-1,-1,1,1,1,1,-1,-1,-1,1,1,1,1,-1,-1,-1,1,1,1,-1,-1,-1,1,1,1,1,-1,-1,-1,1,1,1,1,-1,-1,1,1,-1,1,1,-1,-1,1,1,1,1,1,-1,-1,-1,1,1,1,1,-1,-1,1,1,1,1,1,1,-1,-1,1,1,-1,1,1,-1,1,1,1,1,1,1,-1,1,1,1,1,1,1,-1,1,1,1,1,1,1,-1,-1,-1,1,1,1,1,-1,1,1,1,1,-1,1,-1,1,-1,1,1,1,-1,-1,1,1,1,1,1,-1,1,-1,-1,1,-1,1,-1,1,1,1,1,1,1,1,1,1,-1,1,-1,1,-1,1,1,-1,1,-1,1,1,-1,1,-1,1,-1,1,-1,1,1,-1,1,-1,1,1,1,1,-1,-1,1,1,-1,-1,1,-1,1,-1,-1,1,-1,1,-1,1,-1,1,-1,-1,1,-1,-1,-1,1,1,-1,1,-1,1,1,1,-1,1,1,-1,-1,-1,1,-1,1,-1,1,-1,1,1,-1,1,-1,-1,-1,1,1,-1,1,-1,-1,-1,1,1,-1,-1,1,1,-1,-1,1,1,-1,1,1,-1,1,1,1,1,-1,1,-1,1,1,-1,1,-1,1,-1,1,1,1,1,1,1,-1,-1,1,-1,-1,-1,1,1,-1,1,1,1,-1,1,1,1,1,1,1,-1,1,-1,1,1,1,-1,-1,1,-1,1,1,1,-1,1,1,-1,-1,1,1,1,-1,1,-1,1,1,1,-1,1,1,-1,1,1,1,-1,1,1,-1,1,1,1,-1,1,1,1,-1,1,1,-1,1,1,-1,1,-1,1,-1,1,1,1,-1,1,1,1,1,1,1,-1,1,1,-1,1,1,1,-1,-1,-1,-1,1,1,1,-1,1,1,-1,1,1,-1,-1,1,1,1,1,1,-1,1,1,1,-1,1,1,1,-1,-1,1,1,1,-1,1,-1,1,1,1,1,1,1,-1,-1,-1,1,-1,-1,1,-1,1,-1,1,1,1,1,1,-1,-1,1,-1,-1,1,-1,1,-1,1,1,1,1,1,1,-1,-1,1,-1,1,1,-1,-1,1,1,1,-1,1,-1,-1,-1,1,-1,1,1,-1,-1,1,1,1,1,-1,1,-1,1,-1,-1,1,-1,1,-1,1,-1,1,1,-1,-1,-1,1,-1,1,1,1,-1,-1,1,-1,-1,1,-1,-1,-1,1,-1,1,1,1,-1,-1,1,1,-1,1,-1,-1,-1,-1,-1,-1,1,-1,-1,-1,1,-1,-1,1,-1,-1,-1,-1,1,-1,1,-1,-1,-1,-1,1,-1,-1,1,1,1,-1,1,-1,1,-1,1,-1,1,-1,-1,-1,1,-1,-1,1,1,1,-1,1,-1,1,1,1,-1,1,1,-1,-1,-1,1,-1,-1,1,-1,-1,1,1,1,-1,1,-1,-1,1,1,-1,-1,1,-1,-1,1,1,-1,-1,1,-1,-1,-1,1,1,-1,1,1,-1,-1,1,-1,-1,1,-1,1,-1,1,1,-1,-1,1,-1,-1,-1,-1,-1,1,1,1,-1,-1,1,-1,-1,1,-1,-1,1,-1,-1,1,1,-1,-1,1,-1,-1,1,1,-1,1,-1,-1,-1,-1,1,1,-1,-1,-1,-1,1,1,-1,-1,1,-1,-1,-1,1,1,-1,-1,-1,-1,-1,1,-1,-1,-1,-1,-1,1,1,1,-1,-1,-1,-1,-1,1,1,-1,-1,-1,-1,-1,1,1,1,-1,-1,-1,-1,1,1,-1,-1,-1,-1,1,1,1,1,1,-1,1,1,1,1,1,1,-1,-1,1,1,1,-1,1,-1,1,1,1,1,-1,1,-1,-1,1,-1,1,-1,1,-1,-1,1,-1,1,-1,1,-1,-1,1,-1,1,-1,1,-1,-1,1,-1,1,1,1,-1,-1,1,-1,1,1,1,-1,-1,1,1,-1,1,1,-1,-1,1,-1,1,-1,1,-1,-1,-1,-1,-1,1,1,-1,-1,1,-1,-1,1,1,-1,-1,-1,-1,-1,-1,1,-1,-1,-1,-1,1,1,-1,-1,1,-1,-1,1,-1,1,-1,-1,-1,-1,-1,1,1,1,-1,-1,-1,1,1,1,-1,-1,1,1,-1,-1,1,-1,1,-1,-1,1,1,1,-1,-1,-1,-1,1,-1,1,1,-1,1,-1,-1,1,1,-1,-1,-1,-1,-1,-1,1,1,-1,-1,1,-1,1,1,-1,-1,-1,1,-1,1,1,-1,-1,1,-1,-1,1,1,1,-1,1,-1,1,1,1,-1,-1,1,-1,-1,1,1,1,-1,1,-1,-1,1,1,-1,1,1,-1,-1,1,1,-1,1,1,-1,-1,1,1,-1,1,1,-1,-1,1,1,1,1,-1,1,-1,-1,1,1,-1,1,-1,-1,1,-1,1,1,1,1,-1,-1,1,-1,1,1,1,-1,1,1,1,1,-1,1,-1,1,1,1,1,1,1,1,-1,1,1,1,1,-1,1,-1,1,1,1,1,1,-1,1,1,1,1,-1,1,1,-1,1,1,-1,1,1,-1,-1,1,1,1,1,-1,1,-1,1,1,1,-1,-1,1,-1,1,1,1,-1,1,-1,-1,-1,1,1,-1,-1,1,-1,-1,1,1,-1,-1,1,-1,-1,1,1,1,-1,1,-1,-1,1,1,-1,-1,-1,1,-1,1,1,-1,1,1,-1,1,1,-1,-1,1,-1,-1,-1,1,1,-1,1,1,-1,1,1,-1,-1,-1,-1,1,-1,-1,-1,-1,1,-1,-1,1,1,-1,1,1,-1,1,1,1,1,-1,1,-1,1,1,1,-1,-1,1,-1,-1,1,1,-1,-1,1,-1,1,1,1,-1,-1,1,-1,1,1,1,1,-1,1,-1,-1,1,1,-1,-1,-1,1,-1,1,-1,1,-1,1,-1,-1,1,-2670.0,1,2000,445,1000,False
1057,1,1,-1,-1,1,-1,-1,-1,1,1,1,-1,1,1,1,1,-1,1,-1,-1,-1,-1,1,1,1,-1,-1,-1,1,1,1,1,-1,-1,-1,-1,1,-1,1,1,-1,-1,-1,1,1,1,1,-1,1,1,1,1,-1,1,-1,-1,1,-1,1,1,1,-1,-1,-1,1,1,1,1,-1,-1,-1,1,1,1,1,-1,-1,-1,1,1,1,-1,-1,-1,1,1,1,1,-1,-1,1,1,1,1,1,-1,-1,-1,1,-1,1,1,-1,-1,1,1,1,1,1,-1,-1,-1,1,1,1,1,-1,-1,1,1,1,1,1,1,-1,-1,1,1,-1,1,1,-1,1,1,1,1,1,1,-1,1,1,1,1,1,1,-1,1,1,1,1,1,1,-1,-1,-1,1,1,1,1,-1,1,1,1,1,-1,1,-1,1,-1,1,1,1,-1,-1,1,1,1,1,1,-1,1,-1,-1,1,-1,1,-1,1,1,1,1,1,1,1,1,1,-1,1,-1,1,-1,1,1,-1,1,-1,1,1,-1,1,-1,1,-1,1,-1,1,1,-1,1,-1,1,1,1,1,-1,-1,1,1,-1,-1,1,-1,1,-1,-1,1,-1,1,-1,1,-1,1,-1,1,1,-1,-1,-1,1,1,-1,1,-1,1,1,1,-1,1,1,-1,1,-1,1,-1,1,-1,1,-1,1,1,-1,1,-1,-1,-1,1,1,-1,1,-1,-1,-1,1,1,-1,-1,1,1,-1,-1,1,1,-1,1,1,-1,1,1,1,-1,-1,1,-1,1,1,-1,1,-1,1,1,1,1,1,-1,-1,1,-1,-1,1,-1,1,-1,1,1,-1,1,1,1,-1,1,1,1,1,1,-1,-1,1,-1,1,1,1,1,-1,1,-1,1,1,1,-1,1,1,-1,-1,1,1,-1,-1,1,-1,1,1,1,1,1,1,-1,1,1,1,1,1,1,-1,1,1,1,1,1,1,1,-1,1,1,1,1,1,-1,1,-1,1,-1,1,1,1,-1,1,1,1,1,1,1,-1,1,1,1,-1,1,1,-1,-1,-1,-1,1,1,1,-1,1,1,-1,1,1,-1,-1,1,1,1,1,1,-1,1,1,1,-1,1,1,1,1,-1,1,1,1,-1,1,-1,1,-1,1,1,1,1,-1,-1,-1,1,-1,-1,1,-1,1,-1,1,1,1,1,1,-1,-1,1,-1,-1,1,-1,1,-1,1,-1,1,1,1,1,-1,-1,1,-1,1,1,-1,-1,1,1,1,-1,1,-1,-1,1,-1,-1,1,1,-1,-1,1,-1,1,1,-1,1,-1,1,-1,-1,1,-1,-1,1,1,-1,1,1,-1,-1,1,1,-1,1,1,1,-1,1,-1,1,-1,1,-1,-1,-1,1,-1,1,1,1,-1,-1,1,-1,-1,1,-1,-1,-1,1,-1,-1,1,-1,-1,-1,1,-1,-1,1,-1,-1,-1,-1,1,-1,1,-1,-1,1,-1,1,-1,-1,1,1,1,-1,1,-1,1,-1,1,-1,1,-1,-1,-1,1,-1,-1,-1,1,1,-1,1,-1,1,1,1,-1,1,1,-1,1,-1,1,-1,-1,1,-1,-1,1,1,1,-1,1,-1,-1,1,1,-1,-1,1,-1,-1,1,1,-1,-1,1,-1,-1,-1,1,1,-1,1,1,-1,-1,1,-1,-1,1,-1,1,-1,1,1,-1,-1,1,-1,-1,-1,-1,-1,1,1,1,-1,-1,1,-1,-1,1,-1,-1,1,-1,-1,1,1,-1,-1,1,-1,-1,1,1,-1,1,-1,-1,-1,-1,1,1,-1,-1,-1,-1,-1,1,-1,-1,1,-1,-1,-1,1,1,-1,-1,-1,-1,-1,1,-1,-1,-1,-1,-1,1,1,1,-1,-1,-1,-1,-1,1,1,-1,-1,-1,-1,-1,1,1,1,-1,-1,-1,-1,1,1,-1,-1,-1,-1,1,1,1,1,1,-1,1,1,1,1,1,1,-1,-1,1,1,1,-1,1,-1,1,1,1,1,-1,1,-1,-1,1,-1,1,-1,1,-1,-1,1,-1,1,-1,1,-1,-1,1,-1,1,-1,1,1,-1,1,-1,1,1,1,1,-1,1,-1,1,1,1,-1,-1,1,1,-1,1,1,-1,-1,1,-1,1,-1,1,-1,-1,-1,-1,-1,1,1,-1,-1,1,-1,-1,1,1,-1,-1,-1,-1,1,-1,1,-1,-1,-1,-1,-1,1,-1,-1,1,-1,-1,1,-1,1,-1,-1,-1,-1,-1,1,1,1,-1,-1,-1,1,1,1,-1,-1,1,-1,-1,-1,1,-1,1,-1,-1,1,1,1,-1,-1,-1,-1,1,-1,1,1,-1,1,-1,-1,1,1,-1,-1,-1,-1,-1,-1,1,1,-1,-1,1,-1,1,1,-1,-1,-1,1,-1,1,1,-1,-1,1,-1,-1,1,1,1,-1,1,-1,1,1,1,-1,-1,1,-1,-1,1,1,1,-1,1,-1,-1,1,1,-1,1,1,-1,-1,1,1,-1,1,1,-1,-1,1,-1,-1,1,1,-1,-1,1,1,1,1,1,1,-1,1,1,1,1,1,-1,-1,1,-1,1,1,1,1,-1,-1,1,-1,1,1,1,-1,1,1,1,1,-1,1,-1,1,1,1,1,1,1,-1,-1,-1,1,1,1,-1,1,-1,1,1,1,1,-1,1,-1,1,1,1,-1,-1,1,-1,1,1,-1,1,-1,-1,-1,1,1,1,-1,1,-1,-1,1,1,1,-1,-1,-1,-1,1,1,1,-1,-1,-1,-1,-1,1,1,-1,1,-1,-1,-1,1,1,-1,1,-1,-1,1,1,1,1,1,1,-1,-1,1,1,-1,-1,1,1,1,-1,1,-1,1,-1,-1,1,1,-1,-1,1,-1,-1,-1,1,1,-1,1,-1,1,1,1,-1,-1,1,-1,1,-1,-1,-1,-1,1,-1,1,1,1,-1,1,1,-1,1,1,1,1,-1,1,-1,1,1,1,-1,-1,1,-1,1,1,1,-1,-1,1,-1,1,1,1,-1,-1,1,-1,1,1,1,1,-1,1,-1,-1,1,1,1,-1,-1,1,-1,1,-1,1,-1,1,-1,-1,1,-2670.0,1,2000,445,1000,False
1058,1,1,-1,-1,1,1,-1,-1,1,1,1,-1,1,1,1,1,-1,1,-1,-1,-1,-1,1,1,1,-1,1,-1,1,1,1,1,1,-1,-1,-1,1,1,1,1,-1,-1,-1,1,1,1,1,-1,1,1,1,1,-1,1,-1,-1,1,-1,1,1,1,-1,-1,-1,1,1,1,1,-1,-1,-1,1,1,1,1,-1,-1,-1,1,1,1,-1,-1,-1,1,1,1,1,-1,-1,-1,1,1,1,1,-1,-1,1,1,-1,1,1,-1,-1,1,1,1,1,1,-1,-1,1,1,1,1,1,-1,-1,1,1,1,1,1,1,-1,-1,1,1,-1,1,1,-1,1,1,1,1,1,1,-1,-1,1,1,1,1,1,-1,1,1,1,1,1,1,-1,-1,-1,1,1,1,1,-1,1,1,1,1,-1,1,-1,1,-1,1,1,1,-1,-1,1,1,1,1,1,-1,1,-1,-1,1,-1,1,-1,1,1,1,1,1,1,1,1,1,-1,1,-1,1,-1,1,1,-1,1,-1,1,1,-1,1,-1,1,-1,1,-1,1,1,-1,1,-1,1,1,1,1,-1,-1,1,1,-1,-1,1,-1,1,-1,-1,1,-1,1,-1,1,-1,1,-1,-1,1,-1,-1,-1,1,1,-1,1,-1,1,1,1,-1,1,1,-1,1,-1,1,-1,1,-1,1,-1,1,1,-1,1,-1,-1,-1,1,1,-1,1,-1,-1,-1,1,1,-1,-1,1,1,-1,-1,1,1,-1,1,1,-1,1,1,1,1,-1,1,-1,1,1,-1,1,-1,1,1,-1,1,1,1,1,1,-1,-1,1,-1,-1,-1,1,1,-1,1,1,1,-1,1,-1,-1,1,1,1,-1,1,-1,1,1,1,-1,-1,1,-1,1,1,1,-1,1,1,-1,-1,1,1,1,-1,1,-1,1,1,1,-1,1,1,-1,1,1,1,-1,1,-1,-1,1,1,1,-1,1,-1,-1,-1,1,1,-1,1,-1,-1,1,-1,1,-1,1,1,-1,-1,1,1,1,1,1,-1,-1,1,1,-1,1,-1,-1,-1,-1,-1,-1,1,-1,-1,-1,1,1,-1,1,-1,1,-1,1,1,1,1,-1,-1,1,1,1,-1,1,-1,-1,-1,-1,1,1,1,1,-1,-1,1,1,1,1,-1,-1,1,-1,-1,1,-1,1,-1,-1,1,-1,1,1,-1,-1,1,1,-1,1,-1,1,-1,-1,1,-1,1,1,-1,-1,-1,1,-1,-1,1,1,-1,-1,1,-1,1,1,-1,1,-1,1,-1,-1,1,1,-1,-1,1,-1,1,1,-1,-1,1,1,-1,1,-1,1,-1,1,-1,1,1,-1,1,-1,1,-1,-1,1,-1,-1,-1,1,-1,-1,1,1,1,-1,1,-1,-1,1,-1,-1,1,-1,1,-1,1,-1,1,-1,1,1,-1,1,-1,1,-1,1,-1,-1,1,-1,1,1,1,1,-1,-1,1,1,-1,1,1,-1,1,1,1,1,-1,1,1,-1,1,1,1,1,1,1,1,-1,-1,-1,1,-1,1,1,-1,1,-1,1,-1,1,-1,-1,-1,1,1,-1,1,1,-1,-1,-1,1,-1,1,1,-1,1,-1,1,-1,-1,-1,-1,-1,-1,1,-1,-1,-1,-1,-1,-1,1,-1,1,1,1,1,-1,1,-1,1,1,-1,-1,-1,1,-1,-1,1,-1,1,-1,-1,1,1,1,1,-1,-1,1,1,1,1,-1,1,-1,-1,1,1,1,-1,-1,-1,1,1,1,1,-1,-1,-1,1,-1,1,-1,1,-1,-1,-1,1,1,1,-1,-1,-1,1,1,1,1,1,-1,-1,-1,1,1,1,1,-1,-1,-1,1,-1,1,-1,-1,-1,1,1,1,1,1,-1,-1,-1,1,1,1,1,-1,-1,-1,1,1,-1,1,-1,-1,-1,1,1,1,1,-1,-1,1,1,1,1,-1,-1,1,1,-1,1,1,-1,-1,-1,1,1,1,1,1,-1,1,1,1,1,1,-1,-1,-1,1,-1,1,-1,-1,-1,-1,1,-1,1,1,-1,-1,-1,1,-1,1,1,-1,-1,-1,1,1,1,1,-1,-1,-1,1,-1,1,1,-1,-1,-1,1,1,-1,-1,-1,-1,-1,1,-1,1,-1,-1,-1,-1,-1,-1,-1,1,-1,-1,-1,1,-1,-1,1,-1,-1,-1,-1,-1,-1,1,-1,-1,-1,-1,-1,1,-1,-1,-1,1,-1,-1,1,-1,1,-1,-1,-1,-1,-1,-1,-1,1,-1,-1,-1,1,1,1,-1,-1,1,-1,-1,-1,-1,-1,1,-1,-1,1,1,1,-1,-1,-1,-1,1,-1,1,1,-1,1,-1,-1,1,1,-1,-1,-1,-1,-1,-1,1,1,-1,-1,1,-1,1,1,-1,-1,-1,1,-1,1,1,-1,-1,1,-1,-1,1,1,1,-1,1,-1,1,1,1,-1,-1,1,-1,-1,1,-1,1,-1,1,-1,-1,1,1,-1,1,1,-1,-1,1,1,-1,1,1,-1,-1,1,1,1,1,1,-1,-1,1,1,1,1,-1,1,-1,-1,1,1,1,1,-1,-1,1,-1,1,1,1,1,-1,-1,1,-1,1,1,1,-1,1,-1,1,1,-1,1,-1,1,1,1,1,1,1,1,-1,-1,1,1,1,-1,1,-1,1,1,1,1,1,-1,1,-1,1,1,-1,1,1,-1,1,1,-1,1,1,-1,-1,1,1,1,1,-1,1,-1,-1,1,1,-1,-1,1,-1,1,1,1,-1,1,-1,-1,-1,1,1,-1,-1,1,-1,-1,1,1,-1,-1,1,-1,-1,-1,1,1,-1,1,-1,-1,1,1,-1,-1,-1,1,-1,-1,1,-1,1,1,-1,1,1,-1,-1,1,-1,-1,-1,1,1,-1,1,1,-1,1,1,-1,-1,-1,-1,1,-1,-1,-1,-1,1,-1,-1,1,1,-1,1,1,-1,1,1,1,1,-1,1,-1,1,1,1,1,-1,1,-1,-1,1,1,1,-1,1,-1,1,1,1,1,-1,1,-1,1,1,1,-1,-1,1,-1,-1,1,1,-1,-1,-1,1,-1,1,-1,1,-1,1,-1,-1,1,-2670.0,1,2000,445,1000,False
1059,1,1,-1,-1,1,1,-1,-1,1,1,1,-1,1,1,1,1,-1,1,1,-1,-1,-1,1,1,1,1,-1,-1,1,1,1,1,-1,-1,-1,-1,1,-1,1,1,-1,-1,-1,1,1,1,1,-1,1,1,1,1,-1,1,-1,-1,1,-1,1,1,1,-1,-1,-1,1,1,1,1,-1,-1,-1,1,1,1,1,-1,-1,-1,1,1,1,-1,-1,-1,1,1,1,1,-1,-1,-1,1,1,1,1,-1,-1,1,1,-1,1,1,-1,-1,1,1,1,1,1,-1,-1,-1,1,1,1,1,-1,-1,1,1,1,1,1,1,-1,-1,1,1,-1,1,1,-1,1,1,1,1,1,1,-1,1,1,1,1,1,1,-1,1,1,1,1,1,1,-1,-1,-1,1,1,1,1,-1,1,1,1,1,-1,1,-1,1,-1,1,1,1,-1,-1,1,1,1,1,1,-1,1,-1,-1,1,-1,1,-1,1,1,1,1,1,1,1,1,1,-1,1,-1,1,-1,1,1,-1,1,-1,1,1,-1,1,-1,1,-1,1,-1,1,1,-1,1,-1,1,1,1,1,-1,-1,1,1,-1,-1,1,-1,1,-1,-1,1,-1,1,-1,1,-1,1,-1,1,1,-1,-1,-1,1,1,-1,1,-1,1,1,1,-1,1,-1,-1,-1,-1,1,-1,1,1,1,-1,1,1,-1,1,-1,-1,-1,1,1,-1,1,-1,-1,-1,1,1,-1,-1,1,1,-1,-1,1,1,-1,1,1,-1,1,1,1,1,-1,1,-1,1,1,-1,1,-1,1,-1,1,1,1,-1,-1,1,-1,-1,1,-1,-1,-1,1,1,-1,1,1,1,-1,1,1,1,1,1,1,1,1,-1,1,1,1,1,-1,1,-1,1,1,1,-1,1,1,-1,-1,1,1,1,-1,1,-1,1,1,1,-1,1,1,-1,1,1,1,-1,1,1,-1,1,1,1,1,1,1,-1,-1,1,1,-1,1,1,-1,1,-1,1,-1,1,1,1,-1,1,1,1,1,1,1,-1,1,1,-1,1,1,1,-1,-1,-1,-1,1,1,1,-1,1,1,-1,1,1,-1,-1,1,1,1,1,1,-1,1,1,1,-1,1,1,1,-1,-1,1,1,1,-1,1,-1,1,-1,1,1,1,1,-1,-1,-1,1,-1,-1,1,1,-1,1,1,1,1,1,1,1,-1,1,-1,-1,1,-1,1,-1,1,-1,-1,1,1,1,-1,-1,1,-1,1,1,1,-1,1,1,1,-1,1,1,-1,1,-1,-1,1,1,1,-1,1,-1,1,1,1,1,-1,1,-1,-1,1,1,-1,1,1,1,1,1,1,-1,-1,1,-1,1,1,1,-1,1,-1,1,-1,1,1,-1,-1,1,-1,1,1,1,1,-1,1,-1,-1,1,1,1,-1,1,-1,-1,1,1,-1,-1,1,-1,-1,1,-1,1,-1,-1,1,-1,1,-1,1,1,-1,1,-1,-1,1,1,1,-1,1,-1,1,-1,-1,1,1,-1,-1,-1,1,-1,-1,1,1,1,-1,1,-1,1,1,1,-1,1,1,-1,1,-1,1,-1,-1,1,-1,-1,1,1,1,-1,1,-1,-1,1,1,-1,-1,1,-1,-1,1,1,-1,-1,1,-1,-1,-1,1,1,-1,1,1,-1,-1,1,-1,-1,1,-1,1,-1,1,1,-1,-1,1,-1,-1,-1,-1,-1,1,1,1,-1,-1,1,-1,-1,1,-1,-1,1,-1,-1,1,1,-1,-1,1,-1,-1,1,1,-1,1,-1,-1,-1,-1,1,1,-1,-1,-1,-1,1,1,-1,-1,1,-1,-1,-1,1,1,-1,-1,-1,-1,-1,1,-1,-1,-1,-1,-1,1,1,1,-1,-1,-1,-1,-1,1,1,-1,-1,-1,-1,-1,1,1,1,-1,-1,-1,-1,1,1,-1,-1,-1,-1,1,1,1,1,-1,-1,1,1,1,1,1,-1,-1,-1,1,1,1,-1,1,-1,1,1,1,1,-1,1,-1,-1,1,-1,1,-1,1,-1,-1,1,-1,1,-1,-1,-1,-1,1,-1,1,-1,1,1,-1,1,-1,1,-1,1,1,-1,1,-1,1,-1,-1,-1,-1,1,1,-1,-1,-1,-1,-1,1,-1,1,-1,-1,-1,-1,-1,-1,-1,1,-1,-1,-1,1,-1,-1,1,-1,-1,-1,-1,-1,-1,1,-1,-1,-1,-1,-1,1,-1,-1,-1,1,-1,-1,1,-1,1,-1,-1,-1,-1,-1,-1,-1,1,-1,-1,-1,1,1,-1,-1,-1,1,1,-1,-1,-1,-1,1,-1,-1,1,1,1,-1,-1,-1,-1,1,-1,1,1,-1,1,-1,-1,1,1,-1,-1,-1,-1,-1,-1,1,1,-1,-1,1,-1,1,1,-1,-1,-1,1,-1,1,1,-1,-1,1,-1,-1,1,1,1,-1,1,-1,1,1,1,-1,-1,1,-1,-1,1,1,1,-1,1,-1,-1,1,1,-1,1,1,-1,-1,1,1,-1,1,1,-1,-1,1,1,-1,1,1,-1,-1,1,1,1,1,1,1,-1,1,1,-1,1,1,-1,-1,1,-1,1,1,1,1,-1,-1,1,-1,1,1,1,-1,1,1,1,1,-1,1,-1,1,1,1,1,1,1,1,-1,-1,1,1,1,-1,1,-1,1,1,1,1,1,-1,1,1,1,1,-1,-1,1,-1,1,1,-1,1,1,-1,-1,-1,1,1,-1,1,1,-1,1,1,1,-1,-1,1,-1,1,1,1,-1,1,-1,-1,-1,1,1,-1,-1,1,-1,-1,1,1,-1,-1,1,-1,1,1,1,1,1,-1,-1,-1,1,1,-1,-1,-1,1,1,1,1,-1,1,1,-1,1,1,-1,-1,1,-1,-1,-1,1,1,-1,1,1,1,1,1,-1,-1,1,-1,-1,-1,-1,-1,-1,1,-1,1,1,1,-1,1,1,-1,1,1,1,1,-1,1,-1,1,1,1,-1,-1,1,-1,1,1,1,-1,1,1,-1,1,1,1,-1,-1,1,-1,1,1,1,1,-1,1,-1,-1,1,1,-1,-1,1,1,-1,1,-1,1,-1,1,-1,-1,1,-2670.0,1,2000,445,1000,False
1060,1,1,-1,-1,1,-1,-1,-1,1,1,1,-1,1,1,1,1,-1,1,-1,-1,1,-1,1,1,1,1,-1,-1,1,1,1,1,-1,-1,-1,-1,1,-1,1,1,-1,-1,-1,1,1,1,1,-1,1,1,1,1,-1,1,-1,-1,1,-1,1,1,1,-1,-1,-1,1,1,1,1,-1,-1,-1,1,1,1,1,-1,-1,-1,1,1,1,-1,-1,-1,1,1,1,1,-1,-1,-1,1,1,1,1,-1,-1,1,1,-1,1,1,-1,-1,1,1,1,1,1,-1,-1,1,1,1,1,1,-1,-1,1,1,1,1,1,1,-1,1,1,1,-1,1,1,-1,1,1,1,1,1,1,-1,-1,1,1,1,1,1,-1,1,1,1,1,1,1,-1,-1,-1,1,1,1,1,-1,1,1,1,1,-1,1,-1,1,-1,1,1,1,-1,-1,1,1,1,1,1,-1,1,-1,-1,1,-1,1,-1,1,1,1,1,1,1,1,1,1,-1,1,-1,1,-1,1,1,-1,1,-1,1,1,-1,1,-1,1,-1,1,-1,1,1,-1,1,-1,1,1,1,1,-1,-1,1,1,-1,-1,1,-1,1,-1,-1,1,-1,1,-1,1,-1,1,-1,1,1,-1,-1,-1,1,1,-1,1,-1,1,1,1,-1,1,1,-1,1,-1,1,-1,1,-1,1,-1,1,1,-1,1,-1,-1,-1,1,1,-1,1,-1,-1,-1,1,1,-1,-1,1,1,-1,-1,1,1,-1,1,1,-1,1,1,1,1,-1,1,-1,1,1,-1,1,-1,1,1,-1,1,1,1,1,1,-1,-1,1,-1,-1,1,1,1,-1,1,1,1,-1,1,-1,-1,1,1,1,1,1,-1,1,1,1,-1,1,1,-1,1,1,1,-1,1,1,-1,-1,1,1,1,-1,1,-1,1,1,1,-1,1,1,-1,1,1,1,-1,1,-1,-1,1,1,1,-1,1,-1,-1,-1,1,1,-1,1,-1,-1,1,-1,1,-1,1,1,-1,-1,1,1,1,-1,1,-1,-1,1,1,-1,1,-1,-1,-1,-1,-1,-1,1,1,-1,-1,1,1,-1,1,-1,1,-1,1,1,1,1,-1,-1,1,1,1,-1,1,-1,-1,-1,-1,1,1,1,1,-1,-1,1,1,1,-1,-1,-1,1,-1,-1,1,-1,1,-1,-1,1,-1,1,-1,-1,-1,1,1,-1,1,-1,1,-1,-1,1,-1,1,1,-1,-1,-1,1,-1,-1,1,1,-1,-1,1,-1,1,1,-1,1,-1,1,-1,-1,1,1,-1,-1,1,-1,1,1,-1,-1,1,1,-1,1,-1,1,-1,1,-1,1,1,-1,1,-1,1,-1,-1,1,-1,-1,-1,1,-1,-1,1,-1,1,-1,1,-1,-1,1,-1,-1,1,-1,1,-1,1,1,1,-1,1,1,-1,1,-1,1,-1,1,-1,-1,1,-1,1,1,1,1,-1,-1,1,1,-1,1,1,-1,1,1,1,1,-1,1,1,-1,1,1,1,1,1,-1,1,-1,-1,-1,1,-1,-1,1,-1,1,-1,1,-1,1,-1,-1,-1,1,1,-1,1,1,-1,-1,-1,1,-1,1,1,-1,1,-1,1,-1,-1,-1,-1,-1,-1,1,-1,-1,-1,-1,-1,-1,1,-1,1,1,1,1,-1,1,-1,1,1,-1,-1,-1,1,-1,-1,1,-1,1,-1,-1,1,1,1,1,-1,-1,1,1,1,1,-1,1,-1,-1,1,1,1,-1,-1,-1,1,1,1,1,-1,-1,-1,1,-1,1,-1,1,-1,-1,-1,1,1,1,-1,-1,-1,-1,1,1,1,1,-1,-1,-1,1,1,1,1,-1,-1,-1,1,-1,1,-1,-1,-1,1,1,1,1,1,-1,-1,-1,1,1,1,1,-1,-1,-1,1,1,-1,1,-1,-1,-1,1,1,1,1,-1,-1,1,1,1,1,-1,-1,1,1,-1,1,1,-1,-1,-1,1,1,1,1,1,-1,1,1,1,1,1,-1,-1,-1,1,-1,1,-1,-1,-1,-1,1,-1,1,1,-1,-1,-1,1,-1,1,1,-1,1,-1,1,1,1,1,-1,1,-1,1,-1,1,1,-1,-1,-1,1,1,-1,-1,-1,-1,-1,1,-1,1,-1,-1,-1,-1,-1,-1,-1,1,-1,-1,-1,1,-1,-1,1,-1,-1,-1,-1,-1,1,1,-1,-1,-1,-1,-1,1,-1,-1,-1,1,-1,-1,1,-1,1,-1,-1,-1,-1,-1,-1,-1,1,-1,-1,-1,1,1,1,-1,-1,1,1,-1,-1,-1,-1,1,-1,-1,1,1,1,-1,-1,-1,-1,1,-1,1,1,-1,1,-1,-1,1,1,-1,-1,-1,-1,-1,-1,1,1,-1,-1,1,-1,1,1,-1,-1,-1,1,-1,1,1,-1,-1,1,-1,-1,1,1,1,-1,1,-1,1,1,1,-1,-1,1,-1,-1,1,1,1,-1,1,-1,-1,1,1,-1,1,1,-1,-1,1,1,-1,1,1,-1,-1,1,1,-1,1,1,-1,-1,1,1,1,1,1,1,-1,-1,1,1,1,1,-1,-1,1,-1,1,1,1,1,-1,-1,1,-1,1,1,1,-1,1,-1,1,1,-1,1,-1,1,1,1,1,1,1,1,-1,-1,1,1,1,-1,1,-1,1,1,1,1,1,-1,1,-1,1,1,-1,1,1,-1,1,1,-1,1,1,-1,-1,1,1,1,1,-1,1,-1,-1,1,1,-1,-1,1,-1,1,1,1,-1,1,-1,-1,-1,1,1,-1,-1,1,-1,-1,1,1,-1,-1,1,-1,-1,1,1,1,-1,-1,-1,-1,1,1,-1,-1,-1,1,-1,-1,1,-1,1,1,-1,1,1,-1,-1,1,1,-1,-1,1,1,-1,1,1,-1,1,1,-1,-1,-1,-1,1,-1,-1,-1,-1,-1,1,-1,1,1,-1,1,1,-1,1,1,1,1,-1,1,-1,1,1,1,1,-1,1,-1,-1,1,1,1,-1,1,-1,1,1,1,1,-1,1,-1,1,1,-1,-1,-1,1,-1,-1,1,1,-1,-1,-1,1,-1,1,-1,1,-1,1,-1,1,1,-2670.0,1,2000,445,1000,False
1061,1,1,-1,-1,1,1,-1,-1,1,1,1,-1,1,1,1,1,-1,1,-1,-1,-1,-1,1,1,1,-1,1,-1,1,1,1,1,-1,-1,-1,-1,1,-1,1,1,-1,-1,-1,1,1,1,1,-1,1,1,1,1,-1,1,-1,-1,1,-1,1,1,1,-1,-1,-1,1,1,1,1,-1,-1,-1,1,1,1,1,-1,-1,-1,1,1,1,-1,-1,-1,1,1,1,1,-1,-1,1,1,1,1,1,-1,-1,-1,1,-1,1,1,-1,-1,1,1,1,1,1,-1,-1,-1,1,-1,1,1,-1,-1,1,1,1,1,1,1,-1,-1,1,1,-1,1,1,-1,1,1,1,1,1,1,-1,1,1,1,1,1,1,-1,1,1,1,1,1,1,-1,-1,-1,1,1,1,1,-1,1,1,1,1,-1,1,-1,1,-1,1,1,1,-1,-1,1,1,1,1,1,-1,1,-1,-1,1,-1,1,-1,1,1,1,1,1,1,1,1,1,1,1,-1,1,-1,1,1,-1,1,-1,1,1,-1,1,-1,1,-1,1,-1,1,1,-1,-1,-1,1,1,1,1,-1,-1,1,1,-1,-1,1,-1,1,-1,-1,1,-1,1,-1,1,-1,1,-1,1,1,-1,-1,-1,1,1,-1,1,-1,1,1,1,-1,1,-1,-1,1,-1,1,-1,1,1,1,-1,1,1,-1,1,-1,-1,-1,1,1,-1,1,-1,-1,-1,1,1,-1,-1,1,1,-1,-1,1,1,-1,1,1,-1,1,1,1,1,-1,1,-1,1,1,-1,1,-1,1,1,1,1,1,1,1,1,-1,-1,1,-1,-1,-1,1,1,-1,1,1,1,-1,1,1,1,1,1,1,1,1,-1,1,1,1,-1,1,1,-1,1,1,1,-1,1,1,-1,-1,1,1,1,-1,1,-1,1,1,1,-1,1,1,-1,1,1,1,-1,1,1,-1,1,1,1,-1,1,1,-1,-1,1,1,-1,1,1,-1,1,-1,1,-1,1,1,1,-1,1,1,1,1,1,1,-1,1,1,-1,1,-1,1,-1,-1,-1,-1,1,1,1,-1,1,1,-1,1,1,-1,-1,1,1,1,1,1,-1,1,1,1,-1,1,1,1,-1,-1,1,1,1,-1,1,-1,1,1,1,1,1,1,-1,-1,-1,1,-1,-1,1,-1,1,-1,1,1,1,1,1,-1,-1,1,-1,-1,1,-1,1,-1,1,1,1,1,1,1,-1,-1,1,-1,1,1,-1,-1,1,1,1,-1,1,-1,-1,-1,1,-1,1,1,-1,-1,1,1,1,1,-1,1,-1,1,-1,1,1,-1,-1,-1,1,-1,1,1,-1,-1,-1,1,-1,1,1,1,-1,-1,1,1,-1,1,-1,-1,-1,1,-1,1,1,1,-1,-1,1,-1,-1,1,-1,-1,-1,-1,-1,1,1,-1,-1,-1,1,-1,-1,1,-1,-1,-1,-1,1,-1,1,-1,-1,1,-1,1,-1,-1,1,1,1,-1,1,-1,1,-1,1,-1,1,-1,-1,-1,1,-1,-1,-1,1,1,-1,1,-1,1,1,1,-1,1,1,-1,1,-1,1,-1,-1,1,-1,-1,1,1,1,-1,1,-1,-1,1,1,-1,-1,1,-1,-1,1,1,-1,-1,1,-1,-1,-1,1,1,-1,1,-1,-1,-1,1,-1,-1,1,-1,1,-1,1,1,-1,-1,1,-1,-1,-1,-1,-1,1,1,1,-1,-1,1,-1,-1,1,-1,-1,1,-1,-1,1,1,-1,-1,1,1,-1,1,1,-1,1,-1,1,-1,-1,1,1,-1,-1,-1,-1,1,1,-1,-1,1,-1,-1,-1,1,1,-1,-1,-1,-1,-1,1,-1,-1,-1,-1,-1,-1,1,1,-1,-1,-1,-1,1,1,1,-1,-1,-1,-1,-1,1,1,1,-1,-1,-1,-1,1,1,-1,-1,-1,-1,1,1,1,1,1,-1,1,1,1,1,1,1,-1,-1,1,1,1,1,1,-1,1,1,1,1,-1,1,-1,-1,1,-1,1,-1,1,-1,-1,1,-1,1,-1,1,-1,-1,1,-1,1,-1,1,1,-1,1,-1,1,1,1,1,-1,1,-1,1,1,1,-1,-1,1,1,-1,1,1,-1,-1,1,-1,1,-1,1,-1,-1,-1,-1,-1,1,1,-1,-1,1,-1,-1,1,1,-1,-1,-1,-1,-1,-1,1,-1,-1,-1,-1,1,1,-1,-1,1,-1,-1,1,-1,1,-1,-1,-1,-1,-1,1,1,1,-1,-1,-1,1,1,1,-1,-1,1,-1,-1,-1,1,-1,1,-1,-1,1,1,1,-1,-1,-1,-1,1,-1,1,1,-1,1,-1,-1,1,1,-1,-1,-1,-1,-1,-1,1,1,-1,-1,1,-1,1,1,-1,-1,-1,1,-1,1,1,-1,-1,1,-1,-1,1,1,1,-1,1,-1,1,1,1,-1,-1,1,-1,-1,1,1,1,-1,1,-1,-1,1,1,-1,1,1,-1,-1,1,1,1,1,1,-1,-1,1,1,-1,1,1,-1,-1,1,1,1,1,1,1,-1,-1,1,1,1,1,-1,-1,1,-1,1,1,1,1,-1,-1,1,-1,1,1,1,-1,1,1,1,1,-1,1,-1,1,1,1,1,1,1,1,-1,1,1,1,1,-1,1,-1,1,1,1,1,1,-1,1,1,1,1,-1,1,1,-1,1,1,-1,1,1,-1,-1,1,1,1,1,-1,1,-1,1,1,1,-1,-1,1,-1,1,1,1,-1,1,-1,-1,-1,1,1,-1,-1,1,-1,-1,1,1,1,-1,1,-1,-1,-1,1,1,-1,1,-1,-1,1,1,-1,-1,-1,1,-1,-1,1,-1,1,1,-1,1,1,-1,-1,1,-1,-1,-1,1,1,-1,1,1,-1,1,1,-1,-1,-1,-1,1,-1,-1,-1,-1,1,-1,-1,1,1,-1,1,1,-1,1,1,1,1,-1,1,-1,1,1,1,-1,-1,1,-1,-1,1,1,-1,1,1,-1,1,1,1,-1,-1,1,-1,1,1,1,1,-1,1,-1,-1,1,1,1,-1,1,1,-1,1,1,1,-1,1,-1,-1,1,-2670.0,1,2000,445,1000,False
1062,1,1,-1,-1,1,1,-1,-1,1,1,1,-1,1,1,-1,1,-1,1,-1,-1,-1,1,1,1,1,-1,-1,-1,1,1,1,1,-1,-1,-1,-1,1,1,1,1,-1,-1,-1,1,1,1,1,-1,1,1,1,1,-1,1,-1,-1,1,-1,1,1,1,-1,-1,1,1,1,1,1,-1,-1,1,1,1,1,1,-1,-1,-1,1,1,1,-1,-1,-1,1,1,1,1,-1,-1,-1,1,1,1,1,-1,-1,1,1,-1,1,1,-1,-1,1,1,1,1,1,-1,-1,-1,1,-1,1,1,-1,-1,1,1,1,1,1,1,-1,-1,1,1,-1,1,1,-1,1,1,1,1,1,1,-1,1,1,1,1,1,1,-1,1,1,1,1,1,1,-1,-1,-1,1,1,1,1,-1,1,-1,1,1,-1,1,-1,1,-1,1,1,1,-1,-1,1,1,1,1,1,-1,1,-1,-1,1,-1,1,-1,1,1,1,1,1,1,1,1,1,-1,1,-1,1,-1,1,1,-1,1,-1,1,1,-1,1,-1,1,-1,1,-1,1,1,-1,1,-1,1,1,1,1,-1,-1,1,1,-1,-1,1,-1,1,-1,-1,1,-1,1,-1,1,-1,1,-1,1,1,-1,-1,-1,1,1,-1,1,-1,1,1,1,-1,1,-1,-1,1,-1,1,-1,1,1,1,-1,1,1,-1,1,-1,-1,-1,1,1,-1,1,-1,-1,-1,1,1,-1,-1,1,1,-1,-1,1,1,-1,1,1,-1,1,1,1,1,-1,1,-1,1,1,-1,1,-1,1,-1,1,1,1,1,1,1,-1,-1,1,-1,-1,1,1,1,-1,1,1,1,-1,1,1,1,1,1,1,1,1,-1,1,1,1,-1,1,1,-1,1,1,1,-1,1,1,-1,-1,1,1,1,-1,1,-1,1,1,1,-1,1,1,-1,1,1,1,-1,1,1,-1,1,1,1,-1,1,1,-1,-1,1,1,-1,1,1,-1,1,-1,1,-1,1,1,1,-1,1,1,1,-1,1,1,-1,1,1,-1,1,1,1,-1,-1,-1,-1,1,1,1,-1,1,1,-1,1,1,-1,-1,1,1,1,1,1,-1,1,1,1,-1,1,1,1,1,-1,1,1,-1,-1,1,-1,1,-1,1,-1,1,1,-1,-1,-1,1,-1,-1,1,-1,1,-1,1,-1,1,1,1,-1,-1,1,-1,-1,1,-1,1,-1,1,-1,1,1,1,1,-1,-1,1,-1,1,1,-1,-1,1,1,1,-1,1,-1,-1,1,-1,-1,1,1,-1,-1,1,-1,1,1,-1,1,-1,1,-1,1,1,-1,-1,1,1,-1,1,1,-1,-1,-1,1,-1,1,1,1,-1,1,-1,-1,-1,1,-1,-1,-1,1,-1,1,1,1,-1,-1,1,-1,-1,1,-1,-1,-1,1,-1,-1,1,-1,-1,-1,1,-1,-1,1,-1,-1,-1,-1,1,-1,1,-1,-1,1,-1,1,-1,-1,1,1,1,-1,1,-1,1,-1,1,1,1,-1,-1,1,1,-1,-1,1,1,-1,1,1,-1,1,1,1,-1,1,1,-1,-1,-1,1,-1,-1,1,-1,-1,1,1,-1,-1,1,-1,-1,1,1,1,-1,1,-1,-1,1,1,-1,-1,1,-1,-1,-1,1,1,-1,1,1,-1,-1,1,-1,-1,1,-1,1,-1,1,1,-1,-1,1,-1,-1,-1,-1,-1,1,1,1,-1,-1,1,-1,-1,1,-1,-1,1,-1,-1,1,1,-1,-1,1,1,-1,1,1,-1,1,-1,1,-1,-1,1,1,-1,-1,-1,-1,-1,1,-1,-1,1,-1,-1,-1,1,1,-1,-1,-1,-1,-1,1,-1,-1,-1,-1,-1,1,1,1,-1,-1,-1,-1,-1,1,1,-1,-1,-1,-1,-1,1,1,1,-1,-1,-1,-1,1,1,-1,-1,-1,-1,1,1,1,1,1,-1,1,1,1,1,1,1,-1,-1,1,1,1,-1,-1,-1,1,1,1,1,-1,1,-1,-1,1,-1,1,-1,1,-1,-1,1,-1,1,-1,1,-1,-1,1,-1,1,-1,1,-1,-1,1,-1,1,1,1,-1,-1,1,-1,1,1,1,-1,-1,1,1,-1,1,1,-1,-1,1,-1,1,-1,1,-1,-1,-1,-1,-1,1,1,-1,-1,1,-1,-1,1,1,-1,-1,-1,-1,1,-1,1,-1,-1,-1,-1,-1,1,-1,-1,1,-1,-1,1,-1,1,-1,-1,-1,-1,-1,1,1,1,-1,-1,-1,1,1,1,-1,-1,1,1,-1,-1,1,-1,1,-1,-1,1,1,1,-1,-1,-1,-1,1,-1,1,1,-1,1,-1,-1,1,1,-1,-1,-1,-1,-1,-1,1,1,-1,-1,1,-1,1,1,-1,-1,-1,1,-1,1,1,-1,-1,1,-1,-1,1,1,1,-1,1,-1,1,1,1,-1,-1,1,-1,-1,1,1,1,-1,1,-1,-1,1,1,-1,1,1,-1,-1,1,1,1,1,1,-1,-1,1,1,-1,1,1,-1,-1,1,1,1,1,1,1,-1,1,1,1,-1,1,-1,-1,1,-1,1,1,1,1,-1,-1,1,-1,1,1,1,-1,1,1,1,1,-1,1,-1,1,1,1,1,1,1,1,-1,-1,1,1,1,-1,1,-1,1,1,1,1,1,-1,1,1,1,1,-1,1,1,-1,1,1,-1,1,1,-1,-1,-1,1,1,1,-1,1,-1,1,1,1,-1,-1,1,-1,1,1,1,-1,1,-1,-1,-1,1,1,-1,-1,1,-1,-1,1,1,1,-1,1,-1,1,1,1,1,-1,1,-1,-1,1,1,-1,-1,-1,1,1,1,1,-1,1,1,-1,1,1,-1,-1,1,1,-1,-1,1,1,-1,1,1,1,1,1,-1,-1,-1,-1,1,-1,-1,-1,-1,-1,1,1,1,1,-1,1,1,-1,1,1,1,1,-1,1,-1,1,1,1,-1,-1,1,-1,1,1,1,-1,1,1,-1,1,1,1,-1,-1,1,-1,1,1,1,1,-1,1,-1,1,1,1,-1,-1,1,1,-1,1,-1,1,-1,1,-1,1,1,-2670.0,1,2000,445,1000,False
1063,1,1,-1,-1,1,-1,-1,-1,1,1,1,-1,1,1,1,1,-1,1,-1,-1,-1,-1,1,1,1,-1,-1,-1,1,1,1,1,-1,-1,-1,-1,1,1,1,1,-1,-1,-1,1,1,1,1,-1,1,1,1,1,-1,1,-1,-1,1,-1,1,1,1,-1,-1,-1,1,1,1,1,-1,-1,-1,1,1,1,1,-1,-1,-1,1,1,1,-1,-1,-1,1,1,1,1,-1,-1,-1,1,1,1,1,-1,-1,1,1,-1,1,1,-1,-1,1,1,1,1,1,-1,-1,1,1,1,1,1,-1,-1,1,1,1,1,1,1,-1,1,1,1,-1,1,1,-1,1,1,1,1,1,1,-1,-1,1,1,1,1,1,-1,1,1,1,1,1,1,-1,-1,-1,1,1,1,1,-1,1,1,1,1,-1,1,-1,1,-1,1,1,1,-1,-1,1,1,1,1,1,-1,1,-1,-1,1,-1,1,-1,1,1,1,1,1,1,1,1,1,1,1,-1,1,-1,1,1,-1,1,-1,1,1,-1,1,-1,1,-1,1,-1,1,1,-1,1,-1,1,1,1,1,-1,-1,1,1,-1,-1,1,-1,1,-1,-1,1,-1,1,-1,1,-1,1,-1,-1,1,-1,-1,-1,1,1,-1,1,-1,1,1,1,-1,1,1,-1,1,-1,1,-1,1,-1,1,-1,1,1,-1,1,-1,-1,-1,1,1,-1,1,-1,-1,-1,1,1,-1,-1,1,1,-1,-1,1,1,-1,1,1,-1,1,1,1,1,-1,1,-1,1,1,-1,1,-1,1,1,1,1,1,1,1,1,-1,-1,1,-1,-1,-1,1,1,-1,1,1,1,-1,1,1,1,1,1,1,-1,1,-1,1,1,1,-1,-1,1,-1,1,1,1,-1,1,1,-1,-1,1,1,1,-1,1,-1,1,1,1,-1,1,1,-1,1,1,1,-1,1,1,-1,1,1,1,-1,1,1,-1,-1,1,1,-1,1,1,-1,1,-1,1,-1,1,1,1,-1,1,1,1,1,1,1,-1,1,1,-1,1,1,1,-1,-1,-1,-1,1,1,1,-1,1,1,-1,1,1,-1,-1,1,1,1,1,1,-1,1,1,1,-1,1,1,1,-1,-1,1,1,1,-1,1,-1,1,1,1,1,1,1,-1,-1,-1,1,-1,-1,1,-1,1,-1,1,1,1,1,1,-1,-1,1,-1,-1,1,-1,1,-1,1,1,1,1,1,1,-1,-1,1,-1,1,1,-1,-1,1,1,1,-1,1,-1,-1,-1,1,-1,1,1,-1,-1,1,1,1,1,-1,1,-1,1,-1,-1,1,-1,-1,-1,1,-1,1,1,-1,-1,-1,1,-1,1,1,1,-1,-1,1,-1,-1,1,-1,-1,-1,1,-1,1,1,1,-1,-1,1,-1,-1,1,-1,-1,-1,-1,-1,-1,1,-1,-1,-1,1,-1,-1,1,-1,-1,-1,-1,1,-1,1,-1,-1,1,-1,1,-1,-1,1,1,1,-1,1,-1,1,-1,1,-1,1,-1,-1,-1,1,-1,-1,1,1,1,-1,1,-1,1,1,1,-1,1,1,-1,1,-1,1,-1,-1,1,-1,-1,1,1,1,-1,1,-1,-1,1,1,-1,-1,1,-1,-1,1,1,-1,-1,1,-1,-1,-1,1,1,-1,1,1,-1,-1,1,-1,-1,1,-1,1,-1,1,1,-1,-1,1,-1,-1,-1,-1,-1,1,1,1,-1,-1,1,-1,-1,1,-1,-1,1,-1,-1,1,1,-1,-1,1,-1,-1,1,1,-1,1,-1,-1,-1,-1,1,1,-1,-1,-1,-1,-1,1,-1,-1,1,-1,-1,-1,1,1,-1,-1,-1,-1,-1,1,-1,-1,-1,-1,-1,1,1,1,-1,-1,-1,-1,-1,1,1,-1,-1,-1,-1,-1,1,1,1,-1,-1,-1,-1,1,1,-1,-1,-1,-1,1,1,1,1,1,-1,1,1,1,1,1,1,-1,-1,1,1,1,-1,1,-1,1,1,1,1,-1,1,-1,-1,1,-1,1,-1,1,-1,-1,1,-1,1,-1,1,-1,-1,1,-1,1,-1,1,-1,-1,1,-1,1,1,1,-1,-1,1,-1,1,1,1,-1,-1,1,1,-1,1,1,-1,-1,1,-1,1,-1,1,-1,-1,-1,-1,-1,1,1,-1,-1,1,-1,-1,1,1,-1,-1,-1,-1,1,-1,1,-1,-1,-1,-1,1,1,-1,-1,1,-1,-1,1,-1,1,-1,-1,-1,-1,-1,1,1,1,-1,-1,-1,1,1,1,-1,-1,1,1,-1,-1,1,-1,1,-1,-1,1,1,1,-1,-1,-1,-1,1,-1,1,1,-1,1,-1,-1,1,1,-1,-1,-1,-1,-1,-1,1,1,-1,-1,1,-1,1,1,-1,-1,-1,1,-1,1,1,-1,-1,1,-1,-1,1,1,1,-1,1,-1,1,1,1,-1,-1,1,-1,-1,1,1,1,-1,1,-1,-1,1,1,-1,1,1,-1,-1,1,1,-1,1,1,-1,-1,1,1,-1,1,1,-1,-1,1,1,1,1,-1,1,-1,-1,1,1,-1,1,-1,-1,1,-1,1,1,1,1,-1,-1,1,-1,1,1,1,-1,1,1,1,1,-1,1,-1,1,1,1,1,1,1,1,-1,1,1,1,1,-1,1,-1,1,1,1,1,1,-1,1,1,1,1,-1,1,1,-1,1,1,-1,1,1,-1,-1,1,1,1,1,-1,1,-1,1,1,1,-1,-1,1,-1,1,1,1,-1,1,-1,-1,-1,1,1,-1,-1,1,-1,-1,1,1,1,-1,1,-1,-1,1,1,1,-1,1,-1,-1,1,1,-1,-1,-1,1,-1,-1,1,-1,1,1,-1,1,1,-1,-1,1,-1,-1,-1,1,1,-1,1,1,-1,1,1,-1,-1,1,-1,1,-1,-1,-1,-1,1,-1,-1,1,1,-1,1,1,-1,1,1,1,1,-1,1,-1,1,1,1,1,-1,1,-1,-1,1,1,1,-1,1,-1,1,1,1,1,-1,1,-1,1,1,1,-1,-1,1,-1,-1,1,1,-1,-1,-1,1,-1,1,1,1,-1,1,-1,-1,1,-2670.0,1,2000,445,1000,False
1064,1,1,-1,-1,1,-1,-1,-1,1,1,1,-1,1,1,1,1,-1,1,-1,-1,-1,-1,1,1,1,-1,-1,-1,1,1,1,1,-1,-1,-1,-1,1,-1,1,1,-1,-1,-1,1,1,1,1,-1,1,1,1,1,-1,1,-1,-1,1,-1,1,1,1,-1,-1,-1,1,1,1,1,-1,-1,-1,1,1,1,1,-1,-1,-1,1,1,1,-1,-1,-1,1,1,1,1,-1,-1,-1,1,1,1,1,-1,-1,1,1,-1,1,1,-1,-1,1,1,1,1,1,-1,-1,1,1,1,1,1,-1,-1,1,1,1,1,1,1,-1,-1,1,1,-1,1,1,-1,1,1,1,1,1,1,-1,-1,1,1,1,1,1,-1,1,1,1,1,1,1,-1,-1,-1,1,1,1,1,-1,1,1,1,1,-1,1,-1,1,1,1,1,1,-1,-1,1,1,1,1,1,-1,1,-1,-1,1,-1,1,-1,1,1,1,1,1,1,1,1,1,-1,1,-1,1,-1,1,1,-1,1,-1,1,1,-1,1,-1,1,-1,1,-1,1,1,-1,1,-1,1,1,1,1,-1,-1,1,1,-1,-1,1,-1,1,-1,1,1,-1,1,-1,1,-1,1,-1,1,1,-1,-1,-1,1,1,-1,1,-1,1,1,1,-1,1,1,-1,1,-1,1,-1,1,-1,1,-1,1,1,-1,1,-1,-1,-1,1,1,-1,1,-1,-1,-1,1,1,-1,-1,1,1,-1,-1,1,1,-1,1,1,-1,1,1,1,1,-1,1,-1,1,1,-1,1,-1,1,1,1,1,1,1,1,1,-1,-1,1,-1,-1,-1,1,1,-1,1,1,1,-1,1,1,1,1,1,1,1,1,-1,1,1,1,-1,-1,1,-1,1,1,1,-1,1,1,-1,-1,1,1,1,-1,1,-1,1,1,1,-1,1,1,-1,1,1,1,-1,1,1,-1,1,1,1,-1,1,1,-1,-1,1,1,-1,1,1,-1,1,-1,1,-1,1,1,1,-1,1,1,1,-1,1,1,-1,1,1,-1,1,1,1,-1,-1,-1,-1,1,1,1,-1,1,1,-1,1,1,-1,-1,1,1,1,1,1,-1,1,1,1,-1,1,1,1,1,-1,1,1,1,-1,1,-1,1,1,1,1,1,1,-1,-1,-1,1,-1,-1,1,-1,1,-1,1,1,1,1,1,-1,-1,1,-1,-1,1,-1,1,-1,1,1,1,1,1,1,-1,-1,1,-1,1,1,-1,-1,1,1,1,-1,1,-1,-1,-1,1,-1,1,1,-1,-1,1,1,1,1,-1,1,-1,1,-1,-1,1,-1,-1,-1,1,-1,1,1,-1,-1,-1,1,-1,1,1,1,-1,-1,1,1,-1,1,-1,-1,-1,1,-1,1,1,1,-1,-1,1,1,-1,1,-1,-1,-1,-1,-1,1,1,-1,-1,-1,1,-1,-1,1,-1,-1,-1,-1,1,-1,1,-1,-1,-1,-1,1,-1,-1,1,1,1,-1,1,-1,1,-1,1,1,1,-1,-1,-1,1,-1,-1,1,1,1,-1,1,-1,1,1,1,-1,1,1,-1,-1,-1,1,-1,1,1,-1,-1,1,1,1,-1,1,-1,-1,1,1,-1,-1,1,-1,-1,1,1,-1,-1,1,-1,-1,-1,1,1,-1,1,-1,-1,-1,1,-1,-1,1,-1,1,-1,1,1,-1,-1,1,-1,-1,-1,-1,-1,-1,1,1,-1,-1,1,-1,1,1,-1,-1,1,-1,-1,1,1,-1,-1,1,-1,-1,1,1,-1,1,-1,1,-1,-1,1,1,-1,-1,-1,-1,1,1,-1,-1,1,-1,-1,-1,1,1,-1,-1,-1,-1,-1,1,-1,-1,-1,-1,-1,1,1,1,-1,-1,-1,-1,-1,1,1,-1,-1,-1,-1,-1,1,1,1,-1,-1,-1,-1,1,1,-1,-1,-1,-1,1,1,1,1,1,-1,1,1,1,1,1,1,-1,-1,1,1,1,1,1,-1,1,1,1,1,-1,1,-1,-1,1,-1,1,-1,1,-1,-1,1,-1,1,-1,1,-1,-1,1,-1,1,-1,1,1,-1,1,-1,1,1,1,1,-1,1,-1,1,1,1,-1,-1,1,1,-1,1,1,-1,-1,1,-1,1,-1,1,-1,-1,-1,-1,-1,1,1,-1,-1,1,-1,-1,1,1,-1,-1,-1,-1,-1,-1,1,-1,-1,-1,-1,-1,1,-1,-1,1,-1,-1,1,-1,1,-1,-1,-1,-1,-1,1,1,1,-1,-1,-1,1,1,1,-1,-1,-1,1,-1,-1,1,-1,1,-1,-1,1,1,1,-1,-1,-1,-1,1,-1,1,1,-1,1,-1,-1,1,1,-1,-1,-1,-1,-1,-1,1,1,-1,-1,1,-1,1,1,-1,-1,-1,1,-1,1,1,-1,-1,1,-1,-1,1,1,1,-1,1,-1,1,1,1,-1,-1,1,-1,-1,1,1,1,-1,1,-1,-1,1,1,-1,1,1,-1,-1,1,1,-1,1,1,-1,-1,1,1,-1,1,1,-1,-1,1,1,1,1,1,1,-1,-1,1,1,-1,1,-1,-1,1,-1,1,1,1,1,-1,-1,1,-1,1,1,1,-1,1,1,1,1,-1,1,-1,1,1,1,1,1,1,1,-1,1,1,1,1,-1,1,-1,1,1,1,1,1,-1,1,1,1,1,-1,1,1,-1,1,1,-1,1,1,-1,-1,1,1,1,1,-1,1,-1,1,1,1,-1,-1,1,-1,1,1,1,-1,1,-1,-1,-1,1,1,-1,-1,1,-1,-1,1,1,1,-1,1,-1,-1,1,1,1,-1,1,-1,-1,1,1,-1,-1,-1,1,-1,-1,1,-1,1,1,-1,1,1,-1,-1,1,-1,-1,-1,1,1,-1,1,1,-1,1,1,-1,-1,-1,-1,1,-1,-1,-1,-1,1,-1,-1,1,1,-1,1,1,-1,1,1,1,1,-1,1,-1,1,1,1,1,-1,1,-1,-1,1,1,1,-1,1,-1,1,1,1,1,-1,1,-1,1,1,1,-1,-1,1,-1,-1,1,1,-1,-1,-1,1,-1,1,1,1,-1,1,-1,-1,1,-2670.0,1,2000,445,1000,False
1065,1,1,-1,-1,1,1,-1,-1,1,1,1,-1,-1,1,1,1,-1,1,-1,-1,-1,-1,1,1,1,-1,-1,-1,1,1,1,1,1,-1,-1,-1,1,-1,1,-1,-1,-1,-1,1,1,1,1,-1,1,1,1,1,-1,1,-1,-1,1,-1,1,1,1,-1,-1,-1,1,1,1,1,-1,-1,-1,1,1,1,1,-1,-1,-1,1,1,1,-1,-1,-1,1,1,1,1,-1,-1,-1,1,1,1,1,-1,-1,1,1,-1,1,1,-1,-1,1,1,1,1,1,-1,-1,-1,1,-1,1,1,-1,-1,1,1,1,1,1,1,-1,-1,1,1,-1,1,1,-1,1,1,1,1,1,1,-1,1,1,1,1,1,1,-1,1,1,1,1,1,1,-1,-1,-1,1,1,1,1,-1,1,1,1,1,-1,1,-1,1,-1,1,1,1,-1,-1,1,1,1,1,1,-1,1,-1,-1,1,-1,1,-1,1,1,1,1,1,1,1,1,1,-1,1,-1,1,-1,1,1,-1,1,-1,1,1,-1,1,-1,1,-1,1,-1,1,1,-1,-1,-1,1,1,1,1,-1,-1,1,1,-1,-1,1,-1,1,-1,-1,1,-1,1,-1,1,-1,1,-1,1,1,-1,-1,-1,1,1,-1,1,-1,1,1,1,-1,1,-1,-1,1,-1,1,-1,1,1,1,-1,1,1,-1,1,-1,-1,-1,1,1,-1,1,-1,-1,-1,1,1,-1,-1,1,1,-1,-1,1,1,-1,1,1,-1,1,1,1,1,-1,1,-1,1,1,-1,1,-1,1,-1,1,1,1,1,1,1,-1,-1,1,-1,-1,1,1,1,-1,1,1,1,-1,1,1,1,1,1,1,-1,1,-1,1,1,1,-1,-1,1,-1,1,1,1,-1,1,1,-1,-1,1,1,1,-1,1,-1,1,1,1,-1,1,1,-1,1,1,1,-1,1,1,-1,1,1,1,-1,1,1,-1,-1,1,1,-1,1,1,-1,1,-1,1,-1,1,1,1,-1,1,1,1,-1,1,1,-1,1,1,-1,1,1,1,-1,-1,-1,-1,1,1,1,-1,1,1,-1,1,1,-1,-1,1,1,1,1,1,-1,1,1,1,-1,1,1,1,1,-1,1,1,1,-1,1,-1,1,1,1,1,1,1,-1,-1,-1,1,-1,-1,1,1,-1,1,1,-1,1,1,1,1,-1,1,-1,-1,1,-1,1,-1,1,1,1,1,1,1,-1,-1,1,-1,1,1,1,-1,1,1,1,-1,1,1,-1,-1,1,-1,1,1,1,-1,1,1,1,1,1,1,-1,1,-1,-1,1,1,-1,-1,1,-1,1,1,1,-1,-1,1,-1,1,1,1,-1,-1,1,-1,-1,1,1,-1,-1,1,-1,1,1,1,1,-1,1,1,-1,1,1,1,-1,-1,-1,1,1,1,-1,-1,1,-1,-1,1,-1,1,-1,-1,1,-1,1,-1,1,-1,-1,1,-1,-1,1,1,1,-1,1,-1,1,-1,1,1,1,-1,-1,-1,1,-1,-1,-1,1,1,-1,1,-1,1,1,1,-1,1,1,-1,1,-1,1,-1,-1,1,-1,-1,1,1,1,-1,1,-1,-1,1,1,-1,-1,1,-1,-1,1,1,-1,-1,1,-1,-1,-1,1,1,-1,1,1,-1,-1,1,-1,-1,1,-1,1,-1,1,1,-1,-1,1,-1,-1,-1,-1,-1,1,1,1,-1,-1,1,-1,-1,1,-1,-1,1,-1,-1,1,1,-1,-1,1,1,-1,1,1,-1,1,-1,1,-1,-1,1,1,-1,-1,-1,-1,-1,1,-1,-1,1,-1,-1,-1,1,1,-1,-1,-1,-1,-1,1,-1,-1,-1,-1,-1,-1,1,1,-1,-1,-1,-1,1,1,1,-1,-1,-1,-1,-1,1,1,1,-1,-1,-1,-1,1,1,-1,-1,-1,-1,1,1,1,1,-1,-1,1,1,1,1,1,-1,-1,-1,1,1,1,1,1,-1,1,1,1,1,-1,1,-1,-1,1,-1,1,-1,1,-1,-1,1,-1,1,-1,-1,-1,-1,1,-1,1,-1,1,1,-1,1,-1,1,-1,1,1,-1,1,-1,1,-1,-1,-1,-1,1,1,-1,-1,-1,-1,-1,1,-1,1,-1,-1,-1,-1,-1,-1,-1,1,-1,-1,-1,1,-1,-1,1,-1,-1,-1,-1,-1,1,1,-1,-1,-1,-1,-1,1,-1,-1,-1,1,-1,-1,1,-1,1,-1,-1,-1,-1,-1,-1,-1,1,-1,-1,-1,1,1,1,-1,-1,1,-1,-1,-1,-1,-1,1,-1,-1,1,-1,1,-1,-1,-1,-1,1,-1,1,1,-1,1,-1,-1,1,1,-1,-1,-1,-1,-1,-1,1,1,-1,-1,1,-1,1,1,-1,-1,-1,1,-1,1,1,-1,-1,1,-1,-1,1,1,1,-1,1,-1,1,1,1,-1,-1,1,-1,-1,1,-1,1,-1,1,-1,-1,1,1,-1,1,1,-1,-1,1,1,1,1,1,-1,-1,1,1,-1,1,1,-1,-1,1,1,1,1,1,1,-1,-1,1,1,-1,1,-1,-1,1,-1,1,1,1,1,-1,-1,1,-1,1,1,1,-1,1,1,1,1,-1,1,-1,1,1,1,1,1,1,1,-1,1,1,1,1,-1,1,-1,1,1,1,1,1,-1,1,1,1,1,-1,1,1,-1,1,1,-1,1,1,-1,-1,1,1,1,1,-1,1,-1,1,1,1,-1,-1,1,-1,1,1,1,-1,1,-1,-1,-1,1,1,-1,-1,1,-1,-1,1,1,1,-1,1,-1,-1,1,1,1,-1,1,-1,-1,1,1,-1,-1,-1,1,-1,1,1,-1,1,1,-1,1,1,-1,-1,1,1,-1,-1,1,1,-1,1,1,-1,1,1,-1,-1,-1,-1,1,-1,-1,-1,-1,1,-1,-1,1,1,-1,1,1,-1,1,1,1,1,-1,1,-1,1,1,1,-1,-1,1,-1,1,1,1,-1,1,1,-1,-1,1,1,-1,-1,1,-1,1,1,1,1,-1,1,-1,-1,1,1,-1,-1,1,1,-1,1,-1,1,-1,1,-1,-1,1,-2670.0,1,2000,445,1000,False
1066,1,1,-1,-1,1,1,-1,-1,1,1,1,-1,-1,1,1,1,-1,1,-1,-1,-1,-1,1,1,1,-1,-1,-1,1,1,1,1,-1,-1,-1,-1,1,-1,1,1,-1,-1,-1,1,1,1,1,-1,1,1,1,1,-1,1,-1,-1,1,-1,1,1,1,-1,-1,-1,1,1,1,1,-1,-1,-1,1,1,1,1,-1,-1,-1,1,1,1,-1,-1,-1,1,1,1,1,-1,-1,-1,1,1,1,1,-1,-1,1,1,-1,1,1,-1,-1,1,1,1,1,1,-1,-1,1,1,-1,1,1,-1,-1,1,1,1,1,1,1,-1,-1,1,1,-1,1,1,-1,1,1,1,1,1,1,-1,-1,1,1,1,1,1,-1,1,1,1,1,1,1,-1,-1,-1,1,1,1,1,-1,1,1,1,1,-1,1,-1,1,-1,1,1,1,-1,-1,1,1,1,1,1,-1,1,-1,-1,1,-1,1,-1,1,1,1,1,1,1,1,1,1,-1,1,-1,1,-1,1,1,-1,1,-1,1,1,-1,1,-1,1,-1,1,-1,1,1,-1,1,-1,1,1,1,1,-1,-1,1,1,-1,-1,1,-1,1,-1,-1,1,-1,1,-1,1,-1,1,-1,1,1,-1,-1,-1,1,1,-1,1,-1,1,1,1,-1,1,1,-1,1,-1,1,-1,1,-1,1,-1,1,1,-1,1,-1,-1,-1,1,1,-1,1,-1,-1,-1,1,1,-1,-1,1,1,-1,-1,1,1,-1,1,1,-1,1,1,1,1,-1,1,-1,1,1,-1,1,-1,1,-1,1,1,1,1,1,1,-1,-1,1,-1,-1,1,1,1,-1,1,1,1,-1,1,1,1,1,1,1,1,1,-1,1,1,1,-1,1,1,-1,1,1,1,-1,1,1,-1,-1,1,1,1,-1,1,-1,1,1,1,-1,1,1,-1,1,1,1,-1,1,1,-1,1,1,1,-1,1,1,-1,-1,1,1,-1,1,1,-1,1,-1,1,-1,1,1,1,-1,1,1,1,-1,1,1,-1,1,1,-1,1,1,1,-1,-1,-1,-1,1,1,1,-1,1,1,-1,1,1,-1,-1,1,1,1,1,1,-1,1,1,1,-1,1,1,1,1,-1,1,1,1,-1,1,-1,1,1,1,1,1,1,-1,-1,-1,1,-1,-1,1,-1,1,-1,1,-1,1,1,1,-1,-1,1,-1,-1,1,-1,1,-1,1,1,-1,1,1,1,-1,-1,1,-1,1,1,-1,-1,1,1,1,-1,1,-1,-1,-1,1,-1,1,1,-1,-1,1,1,1,1,-1,1,-1,1,-1,1,1,-1,-1,-1,1,-1,1,1,-1,-1,-1,1,-1,1,1,1,-1,-1,1,-1,-1,1,-1,-1,-1,1,-1,1,1,1,-1,-1,1,-1,-1,1,-1,-1,-1,-1,-1,-1,1,-1,-1,-1,1,-1,-1,1,-1,-1,-1,-1,1,-1,1,-1,-1,1,-1,1,-1,-1,1,1,1,-1,1,-1,1,-1,1,-1,1,-1,-1,-1,1,-1,-1,1,1,1,-1,1,-1,1,1,1,-1,1,1,-1,1,-1,1,-1,-1,1,-1,-1,1,1,1,-1,1,-1,-1,1,1,-1,-1,1,-1,-1,1,1,-1,-1,1,-1,-1,-1,1,1,-1,1,1,-1,-1,1,-1,-1,1,-1,1,-1,1,1,-1,-1,1,-1,-1,-1,-1,-1,1,1,1,-1,-1,1,-1,-1,1,-1,-1,1,-1,-1,1,1,-1,-1,1,1,-1,1,1,-1,1,-1,1,-1,-1,1,1,-1,-1,-1,-1,1,1,-1,-1,1,-1,-1,-1,1,1,-1,-1,-1,-1,-1,1,-1,-1,-1,-1,-1,1,1,1,-1,-1,-1,-1,-1,1,1,-1,-1,-1,-1,-1,1,1,1,-1,-1,-1,-1,1,1,-1,-1,-1,-1,1,1,1,1,1,-1,1,1,1,1,1,1,-1,-1,1,1,1,-1,1,-1,1,1,1,1,-1,1,-1,-1,1,-1,1,-1,1,-1,-1,1,-1,1,1,1,-1,-1,1,-1,1,-1,1,1,-1,1,-1,1,1,1,1,-1,1,-1,1,1,1,-1,-1,1,1,-1,1,1,-1,-1,1,-1,1,-1,1,-1,-1,-1,-1,-1,1,1,-1,-1,1,-1,-1,1,1,-1,-1,-1,-1,-1,-1,1,-1,-1,-1,-1,-1,1,-1,-1,1,-1,-1,1,-1,1,-1,-1,-1,-1,-1,1,1,1,-1,-1,-1,1,1,1,-1,-1,1,-1,-1,-1,1,-1,1,-1,-1,1,1,1,-1,-1,-1,-1,1,-1,1,1,-1,1,-1,-1,1,1,-1,-1,-1,-1,-1,-1,1,1,-1,-1,1,-1,1,1,-1,-1,-1,1,-1,1,1,-1,-1,1,-1,-1,1,1,1,-1,1,-1,1,1,1,-1,-1,1,-1,-1,1,1,1,-1,1,-1,-1,1,1,-1,1,1,-1,-1,1,1,-1,1,1,-1,-1,1,1,-1,1,1,-1,-1,1,1,1,1,1,1,-1,-1,1,1,-1,1,-1,-1,1,-1,1,1,1,1,-1,-1,1,-1,1,1,1,-1,1,1,1,1,-1,1,-1,1,1,1,1,1,1,1,-1,1,1,1,1,-1,1,-1,1,1,1,1,1,-1,1,1,1,1,-1,1,1,-1,1,1,-1,1,1,-1,-1,1,1,1,1,-1,1,-1,1,1,1,-1,-1,1,-1,1,1,1,-1,1,-1,-1,-1,1,1,-1,-1,1,-1,-1,1,1,1,-1,1,-1,-1,1,1,1,-1,1,-1,-1,1,1,-1,-1,-1,1,-1,1,1,-1,1,1,-1,1,1,-1,-1,1,1,-1,-1,1,1,-1,1,1,-1,1,1,-1,-1,-1,-1,1,-1,-1,-1,-1,-1,-1,-1,1,1,-1,1,1,-1,1,1,1,1,-1,1,-1,1,1,1,1,-1,1,-1,-1,1,1,1,-1,1,-1,1,1,1,1,-1,1,-1,1,1,1,-1,-1,1,-1,-1,1,1,-1,-1,-1,1,-1,1,-1,1,-1,1,-1,-1,1,-2670.0,1,2000,445,1000,False
1067,1,1,-1,-1,1,-1,-1,-1,1,1,1,-1,1,1,1,1,-1,1,-1,-1,-1,-1,1,1,1,-1,1,-1,1,1,1,1,-1,-1,-1,-1,1,-1,1,-1,-1,-1,-1,1,1,1,1,-1,1,1,1,1,-1,1,-1,-1,1,-1,1,1,1,-1,-1,-1,1,1,1,1,-1,-1,-1,1,1,1,1,-1,-1,-1,1,1,1,-1,-1,-1,1,1,1,1,-1,-1,-1,1,1,1,1,-1,-1,1,1,-1,1,1,-1,-1,1,1,1,1,1,-1,-1,1,1,1,1,1,-1,-1,1,1,1,1,1,1,-1,1,1,1,-1,1,1,-1,1,1,1,1,1,1,-1,-1,1,1,1,1,1,-1,1,1,1,1,1,1,-1,-1,-1,1,1,1,1,-1,1,1,1,1,-1,1,-1,1,-1,1,1,1,-1,-1,1,1,1,1,1,-1,1,-1,-1,1,-1,1,-1,1,1,1,1,1,1,1,1,1,-1,1,-1,1,-1,1,1,-1,1,-1,1,1,-1,1,-1,1,-1,1,-1,1,1,-1,1,-1,1,1,1,1,-1,-1,1,1,-1,-1,1,-1,1,-1,-1,1,-1,1,-1,1,-1,1,-1,-1,1,-1,-1,-1,1,1,-1,1,-1,1,1,1,-1,1,1,-1,1,-1,1,-1,1,-1,1,-1,1,1,-1,1,-1,-1,-1,1,1,-1,1,-1,-1,-1,1,1,-1,-1,1,1,-1,-1,1,1,-1,1,1,-1,1,1,1,1,-1,1,-1,1,1,-1,1,-1,1,-1,1,1,1,1,1,1,-1,-1,1,-1,-1,1,1,1,-1,1,1,1,-1,1,1,1,1,1,1,1,1,-1,1,1,1,-1,1,1,-1,1,1,1,-1,1,1,-1,-1,1,1,1,-1,1,-1,1,1,1,-1,1,1,-1,1,1,1,-1,1,1,-1,1,1,1,-1,1,1,-1,-1,1,1,-1,1,1,-1,1,-1,1,-1,1,1,1,-1,1,1,1,-1,1,1,-1,1,1,-1,1,-1,1,-1,-1,-1,-1,1,1,1,-1,1,1,-1,1,1,-1,-1,1,1,1,1,1,-1,1,1,1,-1,1,1,1,-1,-1,1,1,1,-1,1,-1,1,1,1,1,1,1,-1,-1,-1,1,-1,-1,1,1,-1,1,1,1,1,1,1,1,-1,1,-1,-1,1,-1,1,-1,1,1,1,1,1,1,-1,-1,1,-1,1,1,1,-1,1,1,1,-1,1,1,-1,-1,1,-1,1,1,1,-1,1,1,1,1,1,1,-1,1,-1,-1,1,1,-1,-1,1,-1,-1,1,1,-1,-1,1,-1,1,1,1,-1,-1,1,1,-1,1,1,-1,-1,1,-1,1,1,1,1,-1,1,1,-1,-1,1,1,-1,-1,-1,1,-1,1,-1,-1,1,-1,-1,1,-1,1,-1,-1,1,-1,1,-1,1,-1,-1,1,-1,-1,1,1,1,-1,1,-1,1,-1,-1,-1,1,-1,-1,-1,1,-1,-1,-1,1,1,-1,1,-1,1,1,1,-1,1,1,-1,1,-1,1,-1,-1,1,-1,-1,1,1,1,-1,1,-1,-1,1,1,-1,-1,1,-1,-1,1,1,-1,-1,1,-1,-1,-1,1,1,-1,1,1,-1,-1,1,-1,-1,1,-1,1,-1,1,1,-1,-1,1,-1,-1,-1,-1,-1,1,1,1,-1,1,1,-1,-1,1,-1,1,-1,-1,-1,1,1,-1,-1,-1,-1,-1,1,1,-1,1,1,1,-1,-1,1,1,-1,-1,-1,-1,1,1,-1,-1,1,-1,-1,-1,1,1,-1,-1,-1,-1,-1,1,-1,-1,1,-1,-1,1,1,1,-1,1,-1,-1,-1,1,1,-1,-1,-1,-1,-1,1,1,1,-1,-1,-1,-1,1,1,-1,-1,-1,-1,1,1,1,1,-1,-1,1,1,1,1,1,-1,-1,-1,1,1,1,-1,1,-1,1,1,1,1,-1,1,-1,-1,1,-1,1,-1,1,-1,-1,1,-1,1,-1,-1,-1,-1,1,-1,1,-1,1,1,-1,1,-1,1,-1,1,1,-1,1,-1,1,-1,-1,-1,-1,1,1,-1,-1,-1,-1,-1,1,-1,1,-1,-1,-1,-1,-1,-1,-1,1,-1,-1,-1,1,-1,-1,1,-1,-1,-1,-1,-1,1,1,-1,-1,-1,-1,-1,1,-1,-1,-1,1,-1,-1,1,-1,1,-1,-1,-1,-1,-1,-1,-1,1,-1,-1,-1,1,1,1,-1,-1,1,1,-1,-1,-1,-1,1,-1,-1,1,1,1,-1,-1,-1,-1,1,-1,1,1,-1,1,-1,-1,1,1,-1,-1,-1,-1,-1,-1,1,1,-1,-1,1,-1,1,1,1,-1,-1,1,-1,1,1,-1,-1,1,-1,-1,1,1,1,-1,1,-1,1,1,1,-1,-1,1,-1,-1,1,1,1,-1,1,-1,-1,1,1,-1,1,1,-1,-1,1,1,1,1,1,-1,-1,1,1,-1,1,1,-1,-1,1,1,1,1,-1,1,-1,-1,1,1,-1,1,-1,-1,1,-1,1,1,1,1,-1,-1,1,-1,1,1,1,-1,1,1,1,1,-1,1,-1,1,1,1,1,1,1,1,-1,1,1,1,1,-1,1,-1,1,1,1,1,1,-1,1,1,1,1,-1,1,1,-1,1,1,-1,1,1,-1,-1,1,1,1,1,-1,1,-1,1,1,1,-1,-1,1,-1,1,1,1,-1,1,-1,-1,-1,1,1,-1,-1,1,-1,-1,1,1,1,-1,1,-1,-1,1,1,1,-1,1,-1,-1,1,1,-1,-1,-1,1,-1,-1,1,-1,1,1,-1,1,1,-1,-1,1,-1,-1,-1,1,1,-1,1,1,-1,1,1,-1,-1,-1,-1,1,-1,-1,-1,-1,1,-1,-1,1,1,-1,1,1,-1,1,1,1,1,-1,1,-1,1,1,1,1,-1,1,-1,-1,1,1,1,-1,1,-1,1,1,1,1,-1,1,-1,1,1,1,-1,-1,1,-1,-1,1,1,-1,-1,-1,1,-1,1,-1,1,-1,1,-1,-1,1,-2670.0,1,2000,445,1000,False
1068,1,1,-1,-1,1,1,-1,-1,1,1,1,-1,-1,1,1,1,-1,1,-1,-1,-1,-1,1,1,1,-1,-1,-1,1,1,1,1,1,-1,-1,-1,1,-1,1,1,-1,-1,-1,1,1,1,1,-1,1,1,1,1,-1,1,-1,-1,1,-1,1,1,1,-1,-1,-1,1,1,1,1,-1,-1,-1,1,1,1,1,-1,-1,-1,1,1,1,-1,-1,-1,1,1,1,1,-1,-1,-1,1,1,1,1,-1,-1,1,1,-1,1,1,-1,-1,1,1,1,1,1,-1,-1,1,1,1,1,1,-1,-1,1,1,1,1,1,1,-1,1,1,1,-1,1,1,-1,1,1,1,1,1,1,-1,-1,1,1,1,1,1,-1,1,1,1,1,1,1,-1,-1,-1,1,1,1,1,-1,1,1,1,1,-1,1,-1,1,-1,1,1,1,-1,-1,1,1,1,1,1,-1,1,-1,-1,1,-1,1,-1,1,1,1,1,1,1,1,1,1,-1,1,-1,1,-1,1,1,-1,1,-1,1,1,-1,1,-1,1,-1,1,-1,1,1,-1,1,-1,1,1,1,1,-1,-1,1,1,-1,-1,1,-1,1,-1,-1,1,-1,1,-1,1,-1,1,-1,-1,1,-1,-1,-1,1,1,-1,1,-1,1,1,1,-1,1,1,-1,1,-1,1,-1,1,-1,1,-1,1,1,-1,1,-1,-1,-1,1,1,-1,1,-1,-1,-1,1,1,-1,-1,1,1,-1,-1,1,1,-1,1,1,-1,1,1,1,1,-1,1,-1,1,1,-1,1,-1,1,1,-1,1,1,1,1,1,-1,-1,1,-1,-1,1,1,1,-1,1,1,1,-1,1,-1,-1,1,1,1,-1,1,-1,1,1,1,-1,-1,1,-1,1,1,1,-1,1,1,-1,-1,1,1,1,-1,1,-1,1,1,1,-1,1,1,-1,1,1,1,-1,1,-1,-1,1,1,1,-1,1,-1,-1,-1,1,1,-1,1,-1,-1,1,-1,1,-1,1,1,-1,-1,1,1,1,-1,1,-1,-1,1,1,-1,1,-1,-1,-1,-1,-1,-1,1,1,-1,-1,1,1,-1,1,-1,-1,-1,1,1,1,1,-1,-1,1,1,1,-1,1,-1,-1,-1,-1,1,1,1,1,-1,-1,1,1,1,1,-1,-1,1,-1,-1,1,-1,1,-1,-1,1,-1,1,-1,-1,-1,1,1,-1,1,-1,1,-1,-1,1,-1,1,1,-1,-1,-1,1,-1,-1,1,1,-1,-1,1,-1,1,1,-1,1,-1,1,-1,-1,1,1,-1,-1,1,-1,1,1,-1,-1,1,1,-1,1,-1,1,-1,1,-1,-1,1,-1,1,-1,1,-1,-1,1,-1,-1,-1,1,-1,-1,1,-1,1,-1,1,-1,-1,1,-1,-1,1,-1,1,-1,1,1,1,-1,1,1,-1,-1,1,1,-1,1,-1,-1,1,1,1,1,1,1,-1,-1,1,1,-1,1,1,1,-1,1,1,1,-1,1,1,-1,1,1,1,1,-1,1,1,-1,-1,-1,1,-1,-1,1,-1,1,-1,1,-1,1,-1,-1,-1,1,1,-1,1,1,-1,-1,-1,1,-1,1,1,-1,1,-1,1,-1,-1,-1,-1,-1,-1,1,-1,-1,-1,-1,-1,-1,1,-1,1,1,1,1,-1,1,-1,1,1,-1,-1,-1,1,-1,-1,1,-1,1,-1,-1,1,1,1,1,-1,-1,1,1,1,1,-1,1,-1,-1,1,1,1,-1,-1,-1,1,1,1,1,-1,-1,-1,1,-1,1,-1,1,1,-1,-1,1,1,1,-1,-1,-1,-1,1,1,1,1,-1,-1,-1,1,1,1,1,-1,-1,-1,1,1,1,-1,-1,-1,1,1,1,1,1,-1,-1,-1,1,1,1,1,-1,-1,-1,1,1,-1,1,-1,-1,-1,1,1,1,1,-1,-1,1,1,1,1,-1,-1,1,1,-1,1,1,-1,-1,-1,1,1,1,1,1,-1,1,1,1,1,1,-1,-1,-1,1,-1,1,-1,-1,-1,-1,1,-1,1,1,-1,-1,-1,1,-1,1,1,-1,1,-1,1,1,1,1,-1,1,-1,1,-1,1,1,-1,-1,-1,1,1,-1,-1,-1,-1,-1,1,-1,1,-1,-1,-1,-1,-1,-1,-1,1,-1,-1,-1,1,-1,-1,1,-1,-1,-1,-1,-1,-1,1,-1,-1,-1,-1,-1,1,-1,-1,-1,1,-1,-1,1,-1,1,-1,-1,-1,-1,-1,-1,-1,1,-1,-1,-1,1,1,-1,-1,-1,1,-1,-1,-1,-1,-1,1,-1,-1,1,1,1,-1,-1,-1,-1,1,-1,1,1,-1,1,-1,-1,1,1,-1,-1,-1,-1,-1,-1,1,1,-1,-1,1,-1,1,1,-1,-1,-1,1,-1,1,1,-1,-1,1,-1,-1,1,1,1,-1,1,-1,1,1,1,-1,-1,1,-1,-1,1,1,1,-1,1,-1,-1,1,1,-1,1,1,-1,-1,1,1,1,1,1,-1,-1,1,1,1,1,1,-1,-1,1,1,1,1,-1,1,-1,-1,1,1,-1,1,-1,-1,1,-1,1,1,1,1,-1,-1,1,-1,1,1,1,-1,1,1,1,1,-1,1,-1,1,1,1,1,1,1,1,-1,1,1,1,1,-1,1,-1,1,1,1,1,1,-1,1,1,1,1,-1,1,1,-1,1,1,-1,1,1,-1,-1,1,1,1,1,-1,1,-1,1,1,1,-1,-1,1,-1,1,1,1,-1,1,-1,-1,-1,1,1,-1,-1,1,-1,-1,1,1,1,-1,1,-1,-1,1,1,1,-1,1,-1,-1,1,1,-1,-1,-1,1,-1,1,1,-1,1,1,-1,1,1,-1,-1,1,1,-1,-1,1,1,-1,1,1,-1,1,1,-1,-1,-1,-1,1,-1,-1,-1,-1,1,-1,-1,1,1,-1,1,1,-1,1,1,1,1,-1,1,-1,1,1,1,1,-1,1,-1,1,-1,1,1,-1,1,-1,-1,1,1,1,-1,1,-1,1,1,1,-1,-1,1,-1,-1,1,1,-1,-1,-1,1,-1,1,-1,1,-1,1,-1,-1,1,-2670.0,1,2000,445,1000,False
1069,1,1,-1,-1,1,1,-1,-1,1,1,1,-1,1,1,1,1,-1,1,-1,-1,-1,-1,1,1,1,-1,-1,-1,1,1,1,1,1,-1,-1,-1,1,1,1,1,-1,-1,-1,1,1,1,1,-1,1,1,1,1,-1,1,-1,-1,1,-1,1,1,-1,-1,-1,-1,1,1,1,1,-1,-1,-1,1,1,1,1,-1,-1,-1,1,1,1,-1,-1,-1,1,1,1,1,-1,-1,1,1,1,1,1,-1,-1,-1,1,-1,1,1,-1,-1,1,1,1,1,1,-1,-1,-1,1,1,1,1,-1,-1,1,1,1,1,1,1,-1,-1,1,1,-1,1,1,-1,1,1,1,1,1,1,-1,1,1,1,1,1,1,-1,1,1,1,1,1,1,-1,-1,-1,1,1,1,1,-1,1,1,1,1,-1,1,-1,1,-1,1,1,1,-1,-1,1,1,1,1,1,-1,1,-1,-1,1,-1,1,-1,1,1,1,1,1,1,1,1,1,-1,1,-1,1,-1,1,1,-1,1,-1,1,1,-1,1,-1,1,-1,1,-1,1,1,-1,-1,-1,1,1,1,1,-1,-1,1,1,-1,-1,1,-1,1,-1,-1,1,-1,1,-1,1,-1,1,-1,1,1,-1,-1,-1,1,1,-1,1,-1,1,1,1,-1,1,1,-1,1,-1,1,-1,1,-1,1,-1,1,1,-1,1,-1,-1,-1,1,1,-1,1,-1,-1,-1,1,1,-1,-1,1,1,-1,-1,1,1,-1,1,1,-1,1,1,1,1,-1,1,-1,1,1,-1,1,-1,1,1,1,1,1,1,1,1,-1,-1,1,-1,-1,-1,1,1,-1,1,1,1,-1,1,1,1,1,1,1,1,1,-1,1,1,1,-1,-1,1,-1,1,1,1,-1,1,1,-1,-1,1,1,1,-1,1,-1,1,1,1,-1,1,1,-1,1,1,1,-1,1,1,-1,1,1,1,-1,1,1,-1,-1,1,1,-1,1,1,-1,1,-1,1,-1,1,1,1,-1,1,1,1,1,1,1,-1,1,1,-1,1,1,1,-1,-1,-1,-1,1,1,1,-1,1,1,-1,1,1,-1,-1,1,1,1,1,1,-1,1,1,1,-1,1,1,1,-1,-1,1,1,1,-1,1,-1,1,1,1,1,1,1,-1,-1,-1,1,-1,-1,1,1,-1,1,1,1,1,1,1,1,-1,1,-1,-1,1,-1,1,-1,1,1,1,1,1,1,-1,-1,1,-1,1,1,1,-1,1,1,1,-1,1,1,-1,-1,1,-1,1,1,1,-1,1,1,1,1,1,1,-1,1,-1,-1,1,1,-1,-1,1,-1,-1,1,1,-1,-1,1,-1,1,1,1,-1,-1,1,-1,-1,1,1,-1,-1,1,-1,1,1,1,1,-1,1,1,-1,-1,1,1,-1,-1,1,1,-1,1,-1,-1,1,-1,-1,1,-1,1,-1,-1,1,-1,1,-1,1,-1,-1,1,-1,-1,1,1,1,-1,1,-1,1,-1,1,-1,1,-1,-1,-1,1,-1,-1,-1,1,1,-1,1,-1,1,1,1,-1,1,1,-1,-1,-1,1,-1,-1,1,-1,-1,1,1,1,-1,1,-1,-1,1,1,-1,-1,1,-1,-1,1,1,-1,-1,1,-1,-1,-1,1,1,-1,1,-1,-1,-1,1,-1,-1,1,-1,1,-1,1,1,-1,-1,1,-1,-1,-1,-1,-1,1,1,1,-1,1,1,-1,-1,1,-1,-1,-1,-1,-1,1,1,-1,-1,-1,-1,-1,1,1,-1,1,1,-1,-1,-1,1,1,-1,-1,-1,-1,1,1,-1,-1,1,-1,-1,-1,1,1,-1,-1,-1,-1,-1,1,-1,-1,1,-1,-1,-1,1,1,-1,1,-1,-1,1,1,1,-1,-1,-1,-1,-1,1,1,1,-1,-1,-1,-1,1,1,-1,-1,-1,-1,1,1,1,1,-1,-1,1,1,1,1,1,-1,-1,-1,1,1,1,1,1,-1,1,1,1,1,-1,1,-1,-1,1,-1,1,-1,1,-1,-1,1,-1,1,-1,-1,-1,-1,1,-1,1,-1,1,-1,-1,1,-1,1,-1,1,-1,-1,1,-1,1,-1,-1,-1,-1,1,1,-1,-1,-1,-1,-1,1,-1,1,-1,-1,-1,-1,-1,-1,-1,1,-1,-1,-1,1,-1,-1,1,-1,-1,-1,-1,-1,1,1,-1,-1,-1,-1,-1,1,-1,-1,-1,1,-1,-1,1,-1,1,-1,-1,-1,-1,-1,-1,-1,1,-1,-1,-1,1,1,-1,-1,-1,1,1,-1,-1,-1,-1,1,-1,-1,1,1,1,-1,-1,-1,-1,1,-1,1,1,-1,1,-1,-1,1,1,-1,-1,-1,-1,-1,-1,1,1,-1,-1,1,-1,1,1,-1,-1,-1,1,-1,1,1,-1,-1,1,-1,-1,1,1,1,-1,1,-1,1,1,1,-1,-1,1,-1,-1,1,1,1,-1,1,-1,-1,1,1,-1,1,1,-1,-1,1,1,1,1,1,-1,-1,1,1,1,1,1,-1,-1,1,1,1,1,1,1,-1,-1,1,1,1,1,-1,-1,1,-1,1,1,1,1,-1,-1,1,-1,1,1,1,-1,1,1,1,1,-1,1,-1,1,1,1,1,1,1,1,-1,1,1,1,1,-1,1,-1,1,1,1,1,1,-1,1,1,1,1,-1,1,1,-1,1,1,-1,1,1,-1,-1,1,1,1,1,-1,1,-1,1,1,1,-1,-1,1,-1,1,1,1,-1,1,-1,-1,-1,1,1,-1,-1,1,-1,-1,1,1,1,-1,1,-1,-1,1,1,1,-1,1,-1,-1,1,1,-1,-1,-1,1,-1,1,1,-1,1,1,-1,1,1,-1,-1,1,-1,-1,-1,1,1,-1,1,1,-1,1,1,-1,-1,1,-1,1,-1,-1,-1,-1,1,-1,-1,1,1,-1,1,1,-1,1,1,1,1,-1,1,-1,1,1,1,-1,-1,1,-1,-1,-1,1,-1,-1,1,-1,1,1,1,-1,-1,1,-1,1,1,1,1,-1,1,-1,-1,1,1,1,-1,-1,1,-1,1,-1,1,-1,1,-1,-1,1,-2670.0,1,2000,445,1000,False
1070,-1,-1,1,1,1,1,-1,1,-1,-1,-1,1,-1,1,-1,-1,1,-1,1,1,-1,1,-1,-1,-1,1,-1,-1,-1,-1,-1,-1,1,1,-1,1,1,-1,-1,-1,1,-1,1,-1,-1,-1,1,1,-1,-1,-1,-1,1,1,1,-1,-1,1,-1,-1,1,1,1,1,-1,1,-1,1,1,-1,1,-1,-1,-1,1,-1,-1,1,-1,-1,-1,1,1,-1,-1,-1,-1,1,1,1,-1,-1,-1,1,-1,1,-1,1,-1,1,1,1,1,-1,1,-1,-1,1,1,1,-1,1,-1,-1,1,1,1,-1,1,-1,-1,1,1,1,-1,1,-1,-1,1,1,-1,-1,1,-1,-1,1,1,1,-1,-1,-1,-1,1,1,1,-1,1,-1,-1,-1,1,1,-1,-1,1,-1,1,1,1,-1,1,1,-1,-1,1,1,-1,1,1,-1,1,1,1,-1,1,-1,-1,1,1,-1,1,-1,1,-1,1,1,-1,1,1,-1,-1,-1,1,1,1,1,1,-1,1,1,-1,1,1,1,-1,1,1,1,-1,1,1,-1,1,1,1,1,1,1,-1,1,1,-1,-1,1,1,1,-1,1,-1,-1,1,1,-1,-1,1,-1,-1,1,1,-1,-1,1,-1,1,1,1,1,-1,1,-1,-1,1,1,-1,1,1,-1,1,1,1,-1,-1,1,-1,1,-1,1,1,1,1,-1,1,-1,1,1,1,1,-1,1,-1,1,1,1,1,1,-1,1,1,1,1,1,1,-1,1,1,-1,1,1,1,1,-1,1,1,1,1,1,-1,-1,1,1,-1,1,-1,1,1,1,1,1,1,-1,-1,-1,1,-1,1,1,1,1,-1,1,1,1,1,1,1,-1,1,1,1,1,1,-1,-1,1,1,1,1,1,-1,1,1,1,1,-1,1,1,-1,1,1,1,1,1,-1,1,1,1,1,1,1,-1,1,-1,1,1,1,1,-1,1,-1,1,1,1,1,-1,1,-1,1,-1,-1,1,-1,1,1,-1,1,1,1,1,1,1,-1,1,-1,1,-1,1,-1,-1,1,-1,-1,-1,1,1,1,1,-1,1,-1,1,-1,1,-1,1,1,1,1,-1,1,-1,1,1,-1,1,-1,-1,-1,-1,1,1,1,1,-1,-1,1,1,1,1,-1,-1,1,-1,-1,1,-1,1,-1,1,-1,1,1,1,-1,-1,1,1,-1,1,-1,1,-1,-1,1,-1,1,1,-1,-1,-1,1,-1,-1,1,1,-1,-1,1,-1,1,1,-1,1,-1,1,-1,-1,1,1,-1,1,1,-1,1,1,-1,-1,1,1,-1,1,-1,1,-1,1,-1,-1,1,-1,1,-1,1,-1,-1,1,-1,-1,-1,1,-1,-1,1,-1,1,-1,1,-1,-1,1,-1,-1,1,-1,1,-1,1,1,1,-1,1,1,-1,-1,-1,1,-1,1,-1,-1,1,-1,1,1,-1,1,-1,-1,1,1,-1,-1,1,-1,-1,1,1,1,1,1,1,-1,1,1,1,-1,-1,-1,1,-1,1,1,-1,1,-1,1,-1,-1,1,-1,-1,1,-1,-1,1,-1,-1,-1,1,1,-1,1,1,-1,-1,1,1,-1,-1,1,-1,-1,-1,-1,-1,1,1,-1,-1,-1,-1,-1,1,1,-1,-1,1,1,1,-1,1,-1,1,1,1,-1,1,1,-1,-1,-1,1,-1,-1,1,1,-1,1,1,1,1,1,1,-1,-1,1,-1,1,1,1,-1,-1,1,-1,1,1,-1,-1,1,1,-1,1,1,-1,1,1,-1,1,1,1,1,-1,1,1,-1,1,1,-1,1,1,1,1,1,1,1,-1,-1,1,1,1,1,1,-1,1,1,-1,1,1,1,-1,-1,1,1,1,-1,1,-1,-1,1,1,1,1,1,1,-1,-1,1,1,1,1,-1,-1,1,1,1,1,-1,1,-1,1,1,1,-1,-1,1,-1,1,-1,1,1,-1,-1,-1,1,1,1,-1,1,-1,-1,1,1,-1,1,-1,-1,1,-1,1,1,-1,1,-1,-1,1,-1,1,-1,1,-1,-1,1,-1,1,-1,1,-1,1,-1,1,1,-1,-1,-1,-1,-1,-1,1,-1,1,-1,1,-1,-1,1,1,-1,-1,1,-1,-1,1,-1,-1,-1,-1,1,-1,1,-1,1,-1,-1,1,-1,1,1,-1,-1,1,1,-1,1,-1,-1,-1,1,-1,-1,-1,1,-1,-1,1,-1,1,1,-1,-1,-1,-1,-1,-1,1,-1,-1,-1,1,1,1,1,-1,1,-1,1,-1,-1,1,-1,-1,-1,1,1,1,1,-1,-1,-1,1,-1,1,1,-1,1,-1,-1,1,1,1,-1,-1,-1,-1,-1,1,-1,-1,-1,1,-1,1,1,-1,-1,-1,-1,-1,1,1,1,-1,-1,1,-1,1,1,-1,1,-1,-1,1,1,1,-1,-1,1,-1,-1,1,1,-1,-1,1,-1,-1,1,1,-1,1,-1,-1,-1,1,1,-1,-1,1,1,-1,1,1,-1,-1,1,1,-1,1,1,-1,1,1,1,-1,-1,1,-1,-1,1,-1,-1,1,-1,1,-1,1,1,-1,-1,1,-1,1,-1,1,-1,1,1,-1,1,-1,1,-1,1,1,-1,1,1,1,1,-1,1,-1,1,1,-1,1,-1,1,-1,1,1,1,-1,1,1,1,1,-1,1,1,-1,1,1,-1,1,1,-1,-1,1,-1,1,1,-1,1,-1,1,-1,1,-1,-1,1,-1,1,-1,1,-1,1,-1,-1,-1,1,1,-1,-1,1,-1,-1,-1,1,-1,-1,1,-1,-1,-1,1,1,-1,1,-1,-1,1,1,-1,-1,1,1,-1,1,1,-1,1,1,-1,1,1,-1,-1,1,-1,-1,-1,-1,1,-1,1,1,-1,1,1,-1,-1,-1,-1,1,-1,-1,-1,-1,1,-1,-1,1,1,-1,1,1,-1,1,1,1,1,-1,1,-1,1,1,1,1,-1,1,-1,-1,1,1,1,-1,1,-1,1,1,1,1,-1,1,-1,1,1,1,-1,-1,1,-1,-1,1,1,-1,-1,-1,1,-1,1,-1,1,-1,1,-1,-1,1,-2670.0,1,2000,445,0,False
1071,1,1,-1,-1,1,1,-1,-1,1,1,1,-1,-1,1,1,1,-1,1,-1,-1,-1,-1,1,1,1,-1,-1,-1,1,1,1,1,1,-1,-1,-1,1,1,1,1,-1,-1,-1,1,1,1,1,-1,1,1,1,1,-1,1,-1,-1,1,-1,1,1,1,-1,-1,-1,1,1,1,1,-1,-1,-1,1,1,1,1,-1,-1,-1,1,1,1,-1,-1,-1,1,1,1,1,-1,-1,1,1,1,1,1,-1,-1,-1,1,-1,1,1,-1,-1,1,1,1,1,1,-1,-1,-1,1,1,1,1,-1,-1,1,1,1,1,1,1,-1,-1,1,1,-1,1,1,-1,1,1,1,1,1,1,-1,1,1,1,1,1,1,-1,1,1,1,1,1,1,-1,-1,-1,1,1,1,1,-1,1,1,1,1,-1,1,-1,1,-1,1,1,1,-1,-1,1,1,1,1,1,-1,1,-1,-1,1,-1,1,-1,1,1,1,1,1,1,1,1,1,-1,1,-1,1,-1,1,1,-1,1,-1,1,1,-1,1,-1,1,-1,1,-1,1,1,-1,-1,-1,1,1,1,1,-1,-1,1,1,-1,-1,1,-1,1,-1,-1,1,-1,1,-1,1,-1,1,-1,1,1,-1,-1,-1,1,1,-1,1,-1,1,1,1,-1,1,1,-1,1,-1,1,-1,1,-1,1,-1,1,1,-1,1,-1,-1,-1,1,1,-1,1,-1,-1,-1,1,1,-1,-1,1,1,-1,-1,1,1,-1,1,1,-1,1,1,1,1,-1,1,-1,1,1,-1,1,-1,1,-1,1,1,1,-1,-1,1,-1,-1,1,-1,-1,1,1,1,-1,1,1,1,-1,1,1,1,1,1,1,-1,1,-1,1,1,1,1,-1,1,-1,1,1,1,-1,1,1,-1,-1,1,1,1,-1,1,-1,1,1,1,-1,1,1,-1,1,1,1,-1,1,1,-1,1,1,1,1,1,1,1,-1,1,1,-1,1,1,-1,1,-1,1,-1,1,1,1,-1,1,1,1,1,1,1,-1,1,1,-1,1,1,1,-1,-1,-1,-1,1,1,1,-1,1,1,-1,1,1,-1,-1,1,1,1,1,1,-1,1,1,1,-1,1,1,1,-1,-1,1,1,1,-1,1,-1,1,1,1,1,1,1,-1,-1,-1,1,-1,-1,1,1,-1,1,1,1,1,1,1,1,-1,1,-1,-1,1,-1,1,-1,1,1,1,1,1,1,-1,-1,1,-1,1,1,1,-1,1,1,1,-1,1,1,-1,-1,1,-1,1,1,1,-1,1,1,1,1,1,1,-1,1,-1,-1,1,1,-1,-1,1,-1,-1,1,1,-1,-1,1,-1,1,1,1,-1,-1,1,-1,-1,1,1,-1,-1,1,-1,1,1,1,1,-1,1,1,-1,-1,1,1,-1,-1,1,1,-1,1,-1,-1,1,-1,-1,1,-1,1,-1,-1,1,-1,1,-1,1,-1,-1,1,-1,-1,1,1,1,-1,1,-1,1,-1,-1,-1,1,-1,-1,-1,1,-1,-1,1,1,1,-1,1,-1,1,1,1,-1,1,1,-1,1,-1,1,-1,-1,1,-1,-1,1,1,1,-1,1,-1,-1,1,1,-1,-1,1,-1,-1,1,1,-1,-1,1,-1,-1,-1,1,1,-1,1,1,-1,-1,1,-1,-1,1,-1,1,-1,1,1,-1,-1,1,-1,-1,-1,-1,-1,1,1,1,-1,1,1,-1,-1,1,-1,1,-1,-1,-1,1,1,-1,-1,-1,-1,-1,1,1,-1,1,1,1,-1,-1,1,1,-1,-1,-1,-1,-1,1,-1,-1,1,-1,-1,-1,1,1,-1,-1,-1,-1,-1,1,-1,-1,1,-1,-1,-1,1,1,-1,1,-1,-1,1,1,1,-1,-1,-1,-1,-1,1,1,1,-1,-1,-1,-1,1,1,-1,-1,-1,-1,1,1,1,1,-1,-1,1,1,1,1,1,-1,-1,-1,1,1,1,-1,1,-1,1,1,1,1,-1,1,-1,-1,1,-1,1,-1,1,-1,-1,1,-1,1,-1,-1,-1,-1,1,-1,1,-1,1,-1,-1,1,-1,1,-1,1,-1,-1,1,-1,1,-1,-1,-1,-1,1,1,-1,-1,-1,-1,-1,1,-1,1,-1,-1,-1,-1,-1,-1,-1,1,-1,-1,-1,1,-1,-1,1,-1,-1,-1,-1,-1,-1,1,-1,-1,-1,-1,-1,1,-1,-1,-1,1,-1,-1,1,-1,1,-1,-1,-1,-1,-1,-1,-1,1,-1,-1,-1,1,1,1,-1,-1,1,1,-1,-1,-1,-1,1,-1,-1,1,1,1,-1,-1,-1,-1,1,-1,1,1,-1,1,-1,-1,1,1,-1,-1,-1,-1,-1,-1,1,1,-1,-1,1,-1,1,1,-1,-1,-1,1,-1,1,1,-1,-1,1,-1,-1,1,1,1,-1,1,-1,1,1,1,-1,-1,1,-1,-1,1,1,1,-1,1,-1,-1,1,1,-1,1,1,-1,-1,1,1,-1,1,1,-1,-1,1,1,1,1,1,-1,-1,1,1,1,1,1,1,-1,-1,1,1,1,1,-1,-1,1,-1,1,1,1,1,-1,-1,1,-1,1,1,1,-1,1,1,1,1,-1,1,-1,1,1,1,1,1,1,1,-1,1,1,1,1,-1,1,-1,1,1,1,1,1,-1,1,1,1,1,-1,-1,1,-1,1,1,-1,1,1,-1,-1,1,1,1,-1,1,1,-1,1,1,1,-1,-1,1,-1,1,1,1,-1,1,-1,-1,-1,1,1,-1,-1,1,-1,-1,1,1,-1,-1,1,-1,-1,1,1,1,1,-1,-1,-1,1,1,-1,-1,1,1,-1,1,1,-1,1,1,-1,1,1,-1,-1,1,-1,-1,-1,1,1,-1,1,1,-1,1,1,-1,-1,1,-1,1,-1,-1,-1,-1,1,-1,-1,1,1,-1,1,1,-1,1,1,1,1,-1,1,-1,1,1,1,-1,-1,1,-1,-1,-1,1,-1,-1,1,-1,1,1,1,-1,-1,1,-1,1,1,1,1,-1,1,-1,-1,1,1,1,-1,-1,1,-1,1,-1,1,-1,1,-1,-1,1,-2670.0,1,2000,445,1000,False
1072,1,1,-1,-1,1,1,-1,-1,1,1,1,-1,1,1,1,1,-1,1,-1,-1,-1,-1,1,1,1,-1,-1,-1,1,1,1,1,1,-1,-1,-1,1,-1,1,1,-1,-1,-1,1,1,1,1,-1,1,1,1,1,-1,1,-1,-1,1,-1,1,1,1,-1,-1,-1,1,1,1,1,-1,-1,-1,1,1,1,1,-1,-1,-1,1,1,1,-1,-1,-1,1,1,1,1,-1,-1,-1,1,1,1,1,-1,-1,1,1,-1,1,1,-1,-1,1,1,1,1,1,-1,-1,1,1,-1,1,1,-1,-1,1,1,1,1,1,1,-1,-1,1,1,-1,1,1,-1,1,1,1,1,1,1,-1,-1,1,1,1,1,1,-1,1,1,1,1,1,1,-1,-1,-1,1,1,1,1,-1,1,1,1,1,-1,1,-1,1,-1,1,1,1,-1,-1,1,1,1,1,1,-1,1,-1,-1,1,-1,1,-1,1,1,1,1,1,1,1,1,1,-1,1,-1,1,-1,1,1,-1,1,-1,1,1,-1,1,-1,1,-1,1,-1,1,1,-1,-1,-1,1,1,1,1,-1,-1,1,1,-1,-1,1,-1,1,-1,1,1,-1,1,-1,1,-1,1,-1,-1,1,-1,-1,-1,1,1,-1,1,-1,1,1,1,-1,1,1,-1,1,-1,1,-1,1,-1,1,-1,1,1,-1,1,-1,-1,-1,1,1,-1,1,-1,-1,-1,1,1,-1,-1,1,1,-1,-1,1,1,-1,1,1,-1,1,1,1,1,-1,1,-1,1,1,-1,1,-1,1,-1,1,1,1,1,1,1,-1,-1,1,-1,-1,-1,1,1,-1,1,1,1,-1,1,1,1,1,1,1,-1,1,-1,1,1,1,-1,-1,1,-1,1,1,1,-1,1,1,-1,-1,1,1,1,-1,1,-1,1,1,1,-1,1,1,-1,1,1,1,-1,1,1,-1,1,1,1,-1,1,1,-1,-1,1,1,-1,1,1,-1,1,-1,1,-1,1,1,1,-1,1,1,1,-1,1,1,-1,1,1,-1,1,-1,1,-1,-1,-1,-1,1,1,1,-1,1,1,-1,1,1,-1,-1,1,1,1,1,1,-1,1,1,1,-1,1,1,1,-1,-1,1,1,1,-1,1,-1,1,1,1,1,1,1,-1,-1,-1,1,-1,-1,1,1,-1,1,1,1,1,1,1,1,-1,1,-1,-1,1,-1,1,-1,1,1,-1,1,1,1,-1,-1,1,-1,1,1,1,-1,1,1,1,-1,1,1,-1,-1,1,-1,1,1,1,-1,1,1,1,1,1,1,-1,1,-1,-1,1,1,-1,-1,1,-1,-1,1,1,-1,-1,1,-1,1,1,1,-1,-1,1,1,-1,1,1,-1,-1,1,-1,1,1,1,1,-1,1,-1,-1,-1,1,1,-1,-1,-1,1,-1,1,-1,-1,1,-1,-1,1,-1,1,-1,-1,1,-1,1,-1,1,-1,-1,1,-1,-1,1,1,1,-1,1,-1,1,-1,-1,1,1,-1,-1,-1,1,-1,-1,1,1,1,-1,1,-1,1,1,1,-1,1,1,-1,1,-1,1,-1,-1,1,-1,-1,1,1,1,-1,1,-1,-1,1,1,-1,-1,1,-1,-1,1,1,-1,-1,1,-1,-1,-1,1,1,-1,1,1,-1,-1,1,-1,-1,1,-1,1,-1,1,1,-1,-1,1,-1,-1,-1,-1,-1,1,1,1,-1,1,1,-1,-1,1,-1,-1,-1,-1,-1,1,1,-1,-1,-1,1,-1,1,1,-1,1,1,1,-1,-1,1,1,-1,-1,-1,-1,1,1,-1,-1,1,-1,-1,-1,1,1,-1,-1,-1,-1,-1,1,-1,-1,1,-1,-1,-1,1,1,-1,1,-1,-1,1,1,1,-1,-1,-1,-1,-1,1,1,1,-1,-1,-1,-1,1,1,-1,-1,-1,-1,1,1,1,1,-1,-1,1,1,1,1,1,-1,-1,-1,1,1,1,-1,1,-1,1,1,1,1,-1,1,-1,-1,1,-1,1,-1,1,-1,-1,1,-1,1,-1,-1,-1,-1,1,-1,1,-1,1,1,-1,1,-1,1,-1,1,1,-1,1,-1,1,-1,-1,-1,-1,1,1,-1,-1,-1,-1,-1,1,-1,1,-1,-1,-1,-1,-1,-1,-1,1,-1,-1,-1,1,-1,-1,1,-1,-1,-1,-1,-1,1,1,-1,-1,-1,-1,-1,1,-1,-1,-1,1,-1,-1,1,-1,1,-1,-1,-1,-1,-1,-1,-1,1,-1,-1,-1,1,1,-1,-1,-1,-1,1,-1,-1,-1,-1,1,-1,-1,1,-1,1,-1,-1,-1,-1,1,-1,1,1,-1,1,-1,-1,1,1,-1,-1,-1,-1,-1,-1,1,1,-1,-1,1,-1,1,1,-1,-1,-1,1,-1,-1,1,-1,-1,1,-1,-1,1,1,1,-1,1,-1,1,1,1,-1,-1,1,-1,-1,1,-1,1,-1,1,-1,-1,1,1,-1,1,1,-1,-1,1,1,-1,1,1,-1,-1,1,1,1,1,1,-1,-1,1,1,1,1,-1,1,-1,-1,1,1,-1,1,-1,-1,1,-1,1,1,1,1,-1,-1,1,-1,1,1,1,-1,1,1,1,1,-1,1,-1,1,1,1,1,1,1,1,-1,1,1,1,1,-1,1,-1,1,1,1,1,1,-1,1,1,1,1,-1,1,1,-1,1,1,-1,1,1,-1,-1,1,1,1,1,-1,1,-1,1,1,1,-1,-1,1,-1,1,1,1,-1,1,-1,-1,-1,1,1,-1,-1,1,-1,-1,1,1,-1,-1,1,-1,-1,1,1,1,-1,1,-1,-1,1,1,-1,-1,-1,1,-1,1,1,-1,1,1,-1,1,1,-1,-1,1,1,-1,-1,1,1,-1,1,1,-1,1,1,-1,-1,1,-1,1,-1,-1,-1,-1,1,-1,-1,1,1,-1,1,1,-1,1,1,1,1,-1,1,-1,1,1,1,1,-1,1,-1,-1,1,1,1,-1,1,-1,1,1,1,1,-1,1,-1,1,1,1,-1,-1,1,-1,-1,1,1,-1,-1,-1,1,-1,1,-1,1,-1,1,-1,-1,1,-2670.0,1,2000,445,1000,False
1073,1,1,-1,-1,1,1,-1,-1,1,1,1,-1,1,1,-1,1,-1,1,-1,-1,1,1,1,1,1,-1,-1,-1,1,1,1,1,1,-1,-1,-1,1,1,1,-1,-1,-1,-1,1,1,1,1,-1,1,1,1,1,-1,1,-1,-1,1,-1,1,1,1,-1,-1,1,1,1,1,1,-1,-1,1,1,1,1,1,-1,-1,-1,1,1,1,-1,-1,-1,1,1,1,1,-1,-1,-1,1,1,1,1,-1,-1,1,1,-1,1,1,-1,-1,1,1,1,1,1,-1,-1,1,1,-1,1,1,-1,-1,1,1,1,1,1,1,-1,1,1,1,-1,1,1,-1,1,1,1,1,1,1,-1,-1,1,1,1,1,1,-1,1,1,1,1,1,1,-1,-1,-1,1,1,1,1,-1,1,-1,1,1,-1,1,-1,1,-1,1,1,1,-1,-1,1,1,1,1,1,-1,1,-1,-1,1,-1,1,-1,1,1,1,1,1,1,1,1,1,-1,1,-1,1,-1,1,1,-1,1,-1,1,1,-1,1,-1,1,-1,1,-1,1,1,-1,1,-1,1,1,1,1,-1,-1,1,1,-1,-1,1,-1,1,-1,-1,1,-1,1,-1,1,-1,1,-1,1,1,-1,-1,-1,1,1,-1,1,-1,1,1,1,-1,1,1,-1,-1,-1,1,-1,1,-1,1,-1,1,1,-1,1,-1,-1,-1,1,1,-1,1,-1,-1,-1,1,1,-1,-1,1,1,-1,-1,1,1,-1,1,1,-1,1,1,1,1,-1,1,-1,1,1,-1,1,-1,1,1,1,1,1,1,1,1,-1,-1,1,-1,-1,-1,1,1,-1,1,1,1,-1,1,1,1,1,1,1,1,1,-1,1,1,1,-1,1,1,-1,1,1,1,-1,1,1,-1,-1,1,1,1,-1,1,-1,1,1,1,-1,1,1,-1,1,1,1,-1,1,1,-1,1,1,1,-1,1,1,1,-1,1,1,-1,1,1,-1,1,-1,1,-1,1,1,1,-1,1,1,1,-1,1,1,-1,1,1,-1,1,-1,1,-1,-1,-1,-1,1,1,1,-1,1,1,-1,1,1,-1,-1,1,1,1,1,1,-1,1,1,1,-1,1,1,1,-1,-1,1,1,-1,-1,1,-1,1,-1,1,-1,1,1,-1,-1,-1,1,-1,-1,1,-1,1,-1,1,-1,1,1,1,-1,-1,1,-1,-1,1,-1,1,-1,1,-1,1,1,1,1,-1,-1,1,-1,1,1,-1,-1,1,1,1,-1,1,-1,-1,1,-1,-1,1,-1,-1,-1,1,-1,1,1,-1,1,-1,1,-1,-1,1,-1,-1,1,1,-1,1,1,-1,-1,-1,1,-1,1,1,-1,-1,1,-1,1,-1,1,1,-1,-1,1,-1,1,-1,1,-1,-1,1,-1,-1,-1,1,-1,-1,-1,-1,1,-1,1,-1,-1,1,-1,-1,1,1,-1,-1,-1,1,-1,1,1,-1,1,-1,1,-1,-1,1,1,1,-1,1,-1,1,-1,1,1,1,-1,-1,1,1,-1,-1,1,1,-1,1,1,-1,1,1,1,-1,1,1,-1,1,-1,1,-1,-1,1,-1,-1,1,1,-1,-1,1,-1,-1,1,1,1,-1,1,-1,-1,1,1,-1,-1,1,-1,-1,-1,1,1,-1,1,-1,-1,-1,1,1,-1,1,-1,1,-1,1,1,-1,-1,1,-1,-1,-1,-1,-1,1,1,1,-1,1,1,-1,-1,1,-1,-1,1,-1,-1,1,1,-1,-1,-1,1,-1,1,1,-1,-1,1,1,-1,-1,1,1,-1,-1,-1,-1,1,1,-1,-1,1,-1,-1,-1,1,1,-1,-1,-1,-1,-1,1,-1,-1,1,-1,-1,1,1,1,-1,-1,-1,-1,-1,1,1,-1,1,-1,-1,-1,1,1,1,-1,-1,-1,-1,1,1,-1,1,-1,-1,1,1,1,1,-1,-1,1,1,1,1,1,-1,-1,-1,1,1,1,-1,1,-1,1,1,1,1,-1,1,-1,-1,1,-1,1,1,-1,-1,-1,1,-1,1,-1,-1,-1,-1,1,-1,1,-1,1,-1,-1,1,-1,1,1,-1,-1,-1,1,-1,1,1,1,-1,-1,1,1,-1,1,1,-1,-1,1,-1,1,-1,1,-1,-1,-1,-1,-1,1,1,-1,-1,1,-1,-1,1,1,-1,-1,-1,-1,-1,-1,1,-1,-1,-1,-1,1,1,-1,-1,1,-1,-1,1,-1,1,-1,-1,-1,-1,-1,1,1,1,-1,-1,-1,1,1,1,-1,-1,1,1,-1,-1,1,-1,1,-1,-1,1,1,1,-1,-1,-1,-1,1,-1,1,1,-1,1,-1,-1,1,1,-1,-1,-1,-1,-1,-1,1,1,-1,-1,1,-1,1,1,-1,-1,-1,1,-1,1,1,-1,-1,1,-1,-1,1,1,1,-1,1,-1,1,1,1,-1,-1,1,-1,-1,1,1,1,-1,1,-1,-1,1,1,-1,1,1,-1,-1,1,1,1,1,1,-1,-1,1,1,-1,1,1,-1,-1,1,1,1,1,1,1,-1,1,1,1,-1,1,-1,-1,1,-1,1,1,1,1,-1,-1,1,-1,1,1,1,-1,1,1,1,1,-1,1,-1,1,1,1,1,1,1,1,-1,-1,1,1,1,-1,1,-1,1,1,1,1,1,-1,1,1,1,1,-1,1,1,-1,1,1,-1,1,1,-1,-1,1,1,1,1,-1,1,-1,1,1,1,-1,-1,1,-1,1,1,1,-1,1,-1,-1,-1,1,1,-1,-1,1,-1,-1,1,1,1,-1,1,-1,1,1,1,1,-1,1,-1,-1,1,1,-1,-1,-1,1,1,1,1,-1,1,1,-1,1,1,-1,-1,1,1,-1,-1,1,1,-1,1,1,1,1,1,-1,-1,-1,-1,1,-1,-1,-1,-1,-1,1,1,1,1,-1,1,1,-1,1,1,1,1,-1,1,-1,1,1,1,1,-1,1,-1,1,1,1,1,-1,1,-1,1,1,1,1,-1,1,-1,1,1,-1,-1,-1,1,-1,1,1,1,-1,-1,-1,1,-1,1,-1,1,-1,1,-1,1,1,-2670.0,1,2000,445,1000,False
1074,1,1,-1,-1,1,1,-1,-1,1,1,1,-1,1,1,-1,1,-1,1,-1,-1,-1,1,1,1,1,-1,-1,-1,1,1,1,1,-1,-1,-1,-1,1,-1,1,1,-1,-1,1,1,1,1,1,-1,1,1,1,1,-1,1,-1,-1,1,-1,1,1,1,-1,-1,1,1,1,1,1,-1,-1,1,1,1,1,1,-1,-1,-1,1,1,1,-1,-1,-1,1,1,1,1,-1,-1,1,1,1,1,1,-1,-1,-1,1,-1,1,1,-1,-1,1,1,1,1,1,-1,-1,-1,1,1,1,1,-1,-1,1,1,1,1,1,1,-1,-1,1,1,-1,1,1,-1,1,1,1,1,1,1,-1,1,1,1,1,1,1,-1,1,1,1,1,1,1,-1,-1,-1,1,1,1,1,-1,1,1,1,1,-1,1,-1,1,-1,1,1,1,-1,-1,1,1,1,1,1,-1,1,-1,-1,1,-1,1,-1,1,1,1,1,1,1,1,1,1,-1,1,-1,1,-1,1,1,-1,1,-1,1,1,-1,1,-1,1,-1,1,-1,1,1,-1,1,-1,1,1,1,1,-1,-1,1,1,-1,-1,1,-1,1,-1,-1,1,-1,1,-1,1,-1,1,-1,1,1,-1,-1,-1,1,1,-1,1,-1,1,1,1,-1,1,1,-1,-1,-1,1,-1,1,-1,1,-1,1,1,-1,1,-1,-1,-1,1,1,-1,1,-1,-1,-1,1,1,-1,-1,1,1,-1,-1,1,1,-1,1,1,-1,1,1,1,1,-1,1,-1,1,1,-1,1,-1,1,1,1,1,1,1,1,1,-1,-1,1,-1,-1,-1,1,1,-1,1,1,1,-1,1,1,1,1,1,1,1,1,-1,1,1,1,-1,1,1,-1,1,1,1,-1,1,1,-1,-1,1,1,1,-1,1,-1,1,1,1,-1,1,1,-1,1,1,1,-1,1,1,-1,1,1,1,-1,1,1,1,-1,1,1,-1,1,1,-1,1,-1,1,-1,1,1,1,-1,1,1,1,-1,1,1,-1,1,1,-1,1,1,1,-1,-1,-1,-1,1,1,1,-1,1,1,-1,1,1,-1,-1,1,1,1,1,1,-1,1,1,1,-1,1,1,1,-1,-1,1,1,-1,-1,1,-1,1,-1,1,-1,1,1,-1,-1,-1,1,-1,-1,1,-1,1,-1,1,-1,1,1,1,-1,-1,1,-1,-1,1,-1,1,-1,1,-1,1,1,-1,1,-1,-1,1,-1,1,1,-1,-1,1,1,1,-1,1,-1,-1,1,-1,-1,1,1,-1,-1,1,-1,1,1,-1,1,-1,1,-1,1,1,-1,-1,1,1,-1,1,1,-1,-1,-1,1,-1,1,1,1,-1,1,-1,-1,-1,1,-1,-1,-1,1,-1,1,1,1,-1,-1,1,-1,-1,1,-1,-1,-1,-1,-1,-1,1,-1,-1,-1,1,-1,-1,1,-1,-1,-1,-1,1,-1,1,-1,-1,-1,-1,1,-1,-1,1,1,1,-1,1,-1,1,-1,1,1,1,-1,-1,-1,1,-1,-1,-1,1,-1,1,1,-1,1,1,1,-1,1,1,-1,-1,-1,1,1,-1,1,-1,-1,1,1,-1,-1,1,-1,-1,1,1,1,-1,1,-1,-1,1,1,-1,-1,1,-1,-1,-1,1,1,-1,1,1,-1,-1,1,-1,-1,1,-1,1,-1,1,1,-1,-1,1,-1,-1,-1,-1,-1,1,1,1,-1,-1,1,-1,-1,1,-1,-1,1,-1,-1,1,1,-1,-1,1,-1,-1,1,1,-1,1,-1,-1,-1,-1,1,1,-1,-1,-1,-1,1,1,-1,-1,1,-1,-1,-1,1,1,-1,-1,-1,-1,-1,1,-1,-1,-1,-1,-1,1,1,1,-1,-1,-1,-1,-1,1,1,-1,-1,-1,-1,-1,1,1,1,-1,-1,-1,-1,1,1,1,-1,-1,-1,1,1,1,1,1,-1,1,1,1,1,1,1,-1,-1,1,1,1,-1,1,-1,1,1,1,1,-1,1,-1,-1,1,-1,1,-1,1,-1,-1,1,-1,1,1,1,-1,-1,1,-1,1,-1,1,1,-1,1,-1,1,1,1,1,-1,1,-1,1,1,1,-1,-1,1,1,-1,1,1,-1,-1,1,-1,1,-1,1,-1,-1,-1,-1,-1,1,1,-1,-1,1,-1,-1,1,1,-1,-1,-1,-1,1,-1,1,-1,-1,-1,-1,1,1,-1,-1,1,-1,-1,1,-1,1,-1,-1,-1,-1,-1,1,1,1,-1,-1,-1,1,1,1,-1,-1,1,-1,-1,-1,1,-1,1,-1,-1,1,1,1,-1,-1,-1,-1,1,-1,1,1,-1,1,-1,-1,1,1,-1,-1,-1,-1,-1,-1,1,1,-1,-1,1,-1,1,1,-1,-1,-1,1,-1,1,1,-1,-1,1,-1,-1,1,1,1,-1,1,-1,1,1,1,-1,-1,1,-1,-1,1,-1,1,-1,1,-1,-1,1,1,-1,1,1,-1,-1,1,1,-1,1,1,-1,-1,1,1,-1,1,1,-1,-1,1,1,1,1,1,1,-1,1,1,1,-1,1,-1,-1,1,-1,1,1,1,1,-1,-1,1,-1,1,1,1,-1,1,1,1,1,-1,1,-1,1,1,1,1,1,1,1,-1,-1,1,1,1,-1,1,-1,1,1,1,1,1,-1,1,1,1,1,-1,1,1,-1,1,1,-1,1,1,-1,-1,1,1,1,1,-1,1,-1,1,1,1,-1,-1,1,-1,1,1,1,-1,1,-1,-1,-1,1,1,-1,-1,1,-1,-1,1,1,-1,-1,1,-1,1,1,1,1,-1,1,-1,-1,1,1,-1,-1,-1,1,1,1,1,-1,1,1,-1,1,1,-1,-1,1,1,-1,-1,1,1,-1,1,1,1,1,1,-1,-1,-1,-1,-1,-1,-1,-1,-1,-1,1,1,1,1,-1,1,1,-1,1,1,1,1,-1,1,-1,1,1,1,-1,-1,1,-1,1,1,1,-1,-1,1,-1,1,1,1,-1,-1,1,-1,1,1,1,1,-1,1,-1,1,1,1,1,-1,-1,1,-1,1,1,1,-1,1,-1,1,1,-2670.0,1,2000,445,1000,False
1075,1,1,-1,-1,1,1,-1,-1,1,1,1,-1,-1,1,1,1,-1,1,-1,-1,-1,-1,1,1,1,-1,-1,-1,1,1,1,1,-1,-1,-1,-1,1,1,1,1,-1,-1,-1,1,1,1,1,-1,1,1,1,1,-1,1,-1,-1,1,-1,1,1,1,-1,-1,-1,1,1,1,1,-1,-1,-1,1,1,1,1,-1,-1,-1,1,1,1,-1,-1,-1,1,1,1,1,-1,-1,-1,1,1,1,1,-1,-1,1,1,-1,1,1,-1,-1,1,1,1,1,1,-1,-1,1,1,-1,1,1,-1,-1,1,1,1,1,1,1,-1,1,1,1,-1,1,1,-1,1,1,1,1,1,1,-1,-1,1,1,1,1,1,-1,1,1,1,1,1,1,-1,-1,-1,1,1,1,1,-1,1,1,1,1,-1,1,-1,1,-1,1,1,1,-1,-1,1,1,1,1,1,-1,1,-1,-1,1,-1,1,-1,1,1,1,1,1,1,1,1,1,-1,1,-1,1,-1,1,1,-1,1,-1,1,1,-1,1,-1,1,-1,1,-1,1,1,-1,-1,-1,1,1,1,1,-1,-1,1,1,-1,-1,1,-1,1,-1,1,1,-1,1,-1,1,-1,1,-1,1,1,-1,-1,-1,1,1,-1,1,-1,1,1,1,-1,1,1,-1,-1,-1,1,-1,1,-1,1,-1,1,1,-1,1,-1,-1,-1,1,1,-1,1,-1,-1,-1,1,1,-1,-1,1,1,-1,-1,1,1,-1,1,1,-1,1,1,1,1,-1,1,-1,1,1,-1,1,-1,1,1,-1,1,1,1,1,1,-1,-1,1,-1,-1,-1,1,1,-1,1,1,1,-1,1,-1,-1,1,1,1,1,1,-1,1,1,1,-1,1,1,-1,1,1,1,-1,1,1,-1,-1,1,1,1,-1,1,-1,1,1,1,-1,1,1,-1,1,1,1,-1,1,-1,-1,1,1,1,-1,1,-1,-1,-1,1,1,-1,1,-1,-1,1,-1,1,-1,1,1,-1,-1,1,1,1,-1,1,-1,-1,1,1,-1,1,-1,-1,-1,-1,-1,-1,1,-1,-1,-1,1,1,-1,1,-1,-1,-1,1,1,1,1,-1,-1,1,1,1,-1,1,-1,-1,-1,-1,1,1,1,1,-1,-1,1,1,1,-1,-1,-1,1,-1,-1,1,-1,1,-1,-1,1,-1,1,-1,-1,-1,1,1,-1,1,-1,1,-1,-1,1,-1,1,1,-1,-1,-1,1,-1,-1,1,1,-1,-1,1,-1,1,1,-1,1,-1,1,-1,-1,1,1,-1,-1,1,-1,1,1,-1,-1,1,1,-1,1,-1,1,-1,1,-1,-1,1,-1,1,-1,1,-1,-1,1,-1,-1,-1,1,-1,-1,1,-1,1,-1,1,-1,-1,1,-1,-1,1,-1,1,-1,1,1,1,-1,1,1,-1,-1,-1,1,-1,1,-1,-1,1,-1,1,1,1,1,-1,-1,1,1,-1,1,1,-1,-1,1,1,1,-1,1,1,-1,1,1,1,1,1,-1,1,-1,-1,-1,1,-1,1,1,-1,1,-1,1,-1,1,-1,-1,-1,1,1,-1,1,1,-1,-1,-1,1,-1,1,1,-1,1,-1,1,-1,-1,-1,-1,-1,-1,1,-1,-1,-1,-1,-1,-1,1,-1,1,1,1,1,-1,1,-1,1,1,-1,-1,-1,1,-1,-1,1,-1,1,-1,-1,1,1,1,1,-1,-1,1,1,1,1,-1,1,-1,-1,1,1,1,-1,-1,-1,1,1,1,1,-1,1,-1,1,-1,1,-1,1,1,-1,-1,1,1,1,-1,-1,-1,1,1,1,1,1,-1,-1,-1,1,1,1,1,-1,-1,-1,1,1,1,-1,-1,-1,-1,1,1,1,1,-1,-1,1,1,1,1,1,-1,-1,-1,1,1,-1,1,-1,-1,-1,1,1,1,1,-1,-1,1,1,1,1,-1,-1,1,1,-1,1,1,-1,-1,-1,1,1,1,1,1,-1,1,1,1,1,1,-1,-1,-1,1,-1,1,-1,-1,-1,-1,1,-1,1,1,-1,-1,-1,1,-1,1,1,-1,-1,-1,1,1,1,1,-1,-1,-1,1,-1,1,1,-1,-1,-1,1,1,-1,-1,-1,-1,-1,1,-1,1,-1,-1,-1,-1,-1,-1,-1,1,-1,-1,-1,1,-1,-1,1,-1,-1,-1,-1,-1,1,1,-1,-1,-1,-1,-1,1,-1,-1,-1,1,-1,-1,1,-1,1,-1,-1,-1,-1,-1,-1,-1,1,-1,-1,-1,1,1,1,-1,-1,-1,1,-1,-1,-1,-1,1,-1,-1,1,1,1,-1,-1,-1,-1,1,-1,1,1,-1,1,-1,-1,1,1,-1,-1,-1,-1,-1,-1,1,1,-1,-1,1,-1,1,1,-1,-1,-1,1,-1,1,1,-1,-1,1,-1,-1,1,1,1,-1,1,-1,1,1,1,-1,-1,1,-1,-1,1,1,1,-1,1,-1,-1,1,1,-1,1,1,-1,-1,1,1,-1,1,1,-1,-1,1,1,-1,1,1,-1,-1,1,1,1,1,1,1,-1,-1,1,1,-1,1,-1,-1,1,-1,1,1,1,1,-1,-1,1,-1,1,1,1,-1,1,1,1,1,-1,1,-1,1,1,1,1,1,1,1,-1,1,1,1,1,-1,1,-1,1,1,1,1,1,-1,1,1,1,1,-1,1,1,-1,1,1,-1,1,1,-1,-1,1,1,1,1,-1,1,-1,1,1,1,-1,-1,1,-1,1,1,1,-1,1,-1,-1,-1,1,1,-1,-1,1,-1,-1,1,1,-1,-1,1,-1,-1,1,1,1,-1,-1,-1,-1,1,1,-1,-1,-1,1,-1,1,1,-1,1,1,-1,1,1,-1,-1,1,1,-1,-1,1,1,-1,1,1,-1,1,1,-1,-1,-1,-1,1,-1,-1,-1,-1,-1,1,-1,1,1,-1,1,1,-1,1,1,1,1,-1,1,-1,1,1,1,1,-1,1,-1,-1,1,1,1,-1,1,-1,1,1,1,1,-1,1,-1,1,1,1,-1,-1,1,-1,-1,1,1,-1,-1,-1,1,-1,1,1,1,-1,1,-1,-1,1,-2670.0,1,2000,445,1000,False
1076,1,1,-1,-1,1,-1,-1,-1,1,1,1,-1,1,1,1,1,-1,1,-1,-1,-1,-1,1,1,1,-1,-1,-1,1,1,1,1,-1,-1,-1,-1,1,-1,1,1,-1,-1,-1,1,1,1,1,-1,1,1,1,1,-1,1,-1,-1,1,-1,1,1,1,-1,-1,-1,1,1,1,1,-1,-1,-1,1,1,1,1,-1,-1,-1,1,1,1,-1,-1,-1,1,1,1,1,-1,-1,1,1,1,1,1,-1,-1,-1,1,-1,1,1,-1,-1,1,1,1,1,1,-1,-1,-1,1,1,1,1,-1,-1,1,1,1,1,1,1,-1,-1,1,1,-1,1,1,-1,1,1,1,1,1,1,-1,1,1,1,1,1,1,-1,1,1,1,1,1,1,-1,-1,-1,1,1,1,1,-1,1,1,1,1,-1,1,-1,1,-1,1,1,1,-1,-1,1,1,1,1,1,-1,1,-1,-1,1,-1,1,-1,1,1,1,1,1,1,1,1,1,-1,1,-1,1,-1,1,1,-1,1,-1,1,1,-1,1,-1,1,-1,1,-1,1,1,-1,1,-1,1,1,1,1,-1,-1,1,1,-1,-1,1,-1,1,-1,-1,1,-1,1,-1,1,-1,1,-1,-1,1,-1,-1,-1,1,1,-1,1,-1,1,1,1,-1,1,1,-1,1,-1,1,-1,1,-1,1,-1,1,1,-1,1,-1,-1,-1,1,1,-1,1,-1,-1,-1,1,1,-1,-1,1,1,-1,-1,1,1,-1,1,1,-1,1,1,1,1,-1,1,-1,1,1,-1,1,-1,1,1,1,1,1,1,1,1,-1,-1,1,-1,-1,1,1,1,-1,1,1,1,-1,1,1,1,1,1,1,1,1,-1,1,1,1,-1,-1,1,-1,1,1,1,-1,1,1,-1,-1,1,1,1,-1,1,-1,1,1,1,-1,1,1,-1,1,1,1,-1,1,1,-1,1,1,1,-1,1,1,-1,-1,1,1,-1,1,1,-1,1,-1,1,-1,1,1,1,-1,1,1,1,-1,1,1,-1,1,1,-1,1,1,1,-1,-1,-1,-1,1,1,1,-1,1,1,-1,1,1,-1,-1,1,1,1,1,1,-1,1,1,1,-1,1,1,1,1,-1,1,1,1,-1,1,-1,1,1,1,1,1,1,-1,-1,-1,1,-1,-1,1,-1,1,-1,1,1,1,1,1,-1,-1,1,-1,-1,1,-1,1,-1,1,1,-1,1,1,1,-1,-1,1,-1,1,1,-1,-1,1,1,1,-1,1,-1,-1,-1,1,-1,1,1,-1,-1,1,1,1,1,-1,1,-1,1,-1,-1,1,-1,-1,1,1,-1,1,1,-1,-1,-1,1,-1,1,1,1,-1,-1,1,1,-1,1,-1,-1,-1,1,-1,1,1,1,-1,-1,1,-1,-1,1,-1,-1,-1,1,-1,-1,1,-1,-1,-1,1,-1,-1,1,-1,-1,-1,-1,1,-1,1,-1,-1,-1,1,1,-1,-1,1,1,1,-1,1,-1,1,1,1,-1,1,-1,-1,-1,1,-1,-1,1,1,1,-1,1,-1,1,1,1,-1,1,1,-1,1,-1,1,-1,-1,1,-1,-1,1,1,1,-1,1,-1,-1,1,1,-1,-1,1,-1,-1,1,1,-1,-1,1,-1,-1,-1,1,1,-1,1,-1,-1,-1,1,-1,-1,1,-1,1,-1,1,1,-1,-1,1,-1,-1,-1,-1,-1,1,1,1,-1,-1,1,-1,-1,1,-1,-1,1,-1,-1,1,1,-1,-1,1,-1,-1,1,1,-1,1,-1,-1,-1,-1,1,1,-1,-1,-1,-1,-1,1,-1,-1,1,-1,-1,-1,1,1,-1,-1,-1,-1,-1,1,-1,-1,-1,-1,-1,1,1,1,-1,-1,-1,-1,-1,1,1,-1,-1,-1,-1,-1,1,1,1,-1,-1,-1,-1,1,1,-1,-1,-1,-1,1,1,1,1,1,-1,1,1,1,1,1,1,-1,-1,1,1,1,-1,-1,-1,1,1,1,1,-1,1,-1,-1,1,-1,1,-1,1,-1,-1,1,-1,1,1,1,-1,-1,1,-1,1,-1,1,1,-1,1,-1,1,1,1,1,-1,1,-1,1,1,1,-1,-1,1,1,-1,1,1,-1,-1,1,-1,1,-1,1,-1,-1,-1,-1,-1,1,1,-1,-1,1,-1,-1,1,1,-1,-1,-1,-1,1,-1,1,-1,-1,-1,-1,1,1,-1,-1,1,-1,-1,1,-1,1,-1,-1,-1,-1,-1,1,1,1,-1,-1,-1,1,1,1,-1,-1,1,-1,-1,-1,1,-1,1,-1,-1,1,1,1,-1,-1,-1,-1,1,-1,1,1,-1,1,-1,-1,1,1,-1,-1,-1,-1,-1,-1,1,1,-1,-1,1,-1,1,1,-1,-1,-1,1,-1,1,1,-1,-1,1,-1,-1,1,1,1,-1,1,-1,1,1,1,-1,-1,1,-1,-1,1,1,1,-1,1,-1,-1,1,1,-1,1,1,-1,-1,1,1,-1,1,1,-1,-1,1,1,-1,1,1,-1,-1,1,1,1,1,-1,1,-1,-1,1,1,1,1,-1,-1,1,-1,1,1,1,1,-1,-1,1,-1,1,1,1,-1,1,-1,1,1,-1,1,-1,1,1,1,1,1,1,1,-1,-1,1,1,1,-1,1,-1,1,1,1,1,1,-1,1,-1,1,1,-1,1,1,-1,1,1,-1,1,1,-1,-1,1,1,1,1,-1,1,-1,-1,1,1,-1,-1,1,-1,1,1,1,-1,1,-1,-1,-1,1,1,-1,-1,1,-1,-1,1,1,1,-1,1,-1,-1,1,1,1,1,-1,-1,-1,1,1,-1,-1,-1,1,-1,-1,1,-1,1,1,-1,1,1,-1,-1,1,1,-1,-1,1,1,-1,1,1,-1,1,1,-1,-1,-1,-1,1,-1,-1,-1,-1,1,-1,-1,1,1,-1,1,1,-1,1,1,1,1,-1,1,-1,1,1,1,-1,-1,1,-1,-1,1,1,-1,-1,1,-1,1,1,1,-1,-1,1,-1,1,1,1,1,-1,1,-1,-1,1,1,1,-1,-1,1,-1,1,1,1,-1,1,-1,-1,1,-2670.0,1,2000,445,1000,False
1077,1,1,-1,-1,1,-1,-1,-1,1,1,1,-1,1,1,1,1,-1,1,-1,-1,-1,-1,1,1,1,-1,1,-1,1,1,1,1,1,-1,-1,-1,1,-1,1,1,-1,-1,-1,1,1,1,1,-1,1,1,1,1,-1,1,-1,-1,1,-1,1,1,1,-1,-1,-1,1,1,1,1,-1,-1,-1,1,1,1,1,-1,-1,-1,1,1,1,-1,-1,-1,1,1,1,1,-1,-1,1,1,1,1,1,-1,-1,-1,1,-1,1,1,-1,-1,1,1,1,1,1,-1,-1,-1,1,1,1,1,-1,-1,1,1,1,1,1,1,-1,-1,1,1,-1,1,1,-1,1,1,1,1,1,1,-1,1,1,1,1,1,1,-1,1,1,1,1,1,1,-1,-1,-1,1,1,1,1,-1,1,1,1,1,-1,1,-1,1,-1,1,1,1,-1,-1,1,1,1,1,1,-1,1,-1,-1,1,1,1,-1,1,1,1,1,-1,1,1,1,1,-1,1,-1,1,-1,1,1,-1,1,-1,1,1,-1,1,-1,1,-1,1,-1,1,1,-1,1,-1,1,1,1,1,-1,-1,1,1,-1,-1,1,-1,1,-1,-1,1,-1,1,-1,1,-1,1,-1,1,1,-1,-1,-1,1,1,-1,1,-1,1,1,1,-1,1,1,-1,1,-1,1,-1,1,-1,1,-1,1,1,-1,1,-1,-1,-1,1,1,-1,1,-1,-1,-1,1,1,-1,-1,1,1,-1,-1,1,1,-1,1,1,-1,1,1,1,1,-1,1,-1,1,1,-1,1,-1,1,1,-1,1,1,1,1,1,-1,-1,1,-1,-1,1,1,1,-1,1,1,1,-1,1,-1,-1,1,1,1,1,1,-1,1,1,1,-1,1,1,-1,1,1,1,-1,1,1,-1,-1,1,1,1,-1,1,-1,1,1,1,-1,1,1,-1,1,1,1,-1,1,-1,-1,1,1,1,-1,1,-1,-1,-1,1,1,-1,1,-1,-1,1,-1,1,-1,1,1,-1,-1,1,1,1,-1,1,-1,-1,1,1,-1,1,-1,-1,-1,-1,-1,-1,1,1,-1,-1,1,1,-1,1,-1,1,-1,1,1,1,1,-1,-1,1,1,1,-1,1,-1,-1,-1,-1,1,1,-1,1,-1,-1,1,-1,1,-1,-1,-1,1,-1,-1,1,-1,1,-1,-1,1,-1,1,-1,-1,-1,1,1,-1,1,-1,1,-1,-1,1,-1,1,-1,-1,-1,-1,1,-1,-1,1,1,-1,-1,1,-1,1,1,-1,1,-1,1,-1,1,-1,1,-1,-1,1,-1,-1,-1,-1,-1,1,1,-1,1,-1,1,-1,1,-1,1,1,-1,1,-1,1,-1,-1,1,-1,-1,-1,1,-1,1,-1,-1,1,-1,1,-1,-1,1,-1,-1,1,-1,1,-1,1,-1,1,-1,1,1,-1,-1,-1,1,-1,1,-1,-1,1,-1,1,1,1,1,-1,-1,1,1,-1,1,1,-1,-1,1,1,1,-1,1,1,-1,1,1,1,1,1,-1,1,-1,-1,-1,1,-1,1,1,1,1,-1,1,-1,1,-1,-1,-1,1,1,-1,1,1,-1,-1,-1,1,-1,1,1,-1,1,-1,1,-1,-1,-1,-1,-1,-1,1,-1,-1,-1,-1,-1,-1,1,-1,1,1,1,1,-1,1,-1,1,1,-1,-1,-1,1,-1,-1,1,-1,1,-1,-1,1,1,1,1,-1,-1,1,1,1,1,-1,1,-1,-1,1,1,1,-1,-1,-1,1,1,1,1,-1,-1,-1,1,-1,1,-1,1,-1,-1,-1,1,1,1,-1,-1,-1,-1,1,1,1,1,-1,-1,-1,1,1,1,1,-1,-1,-1,1,-1,1,-1,-1,-1,1,1,1,1,1,-1,-1,-1,1,1,1,1,-1,-1,-1,1,1,-1,1,-1,-1,-1,1,1,1,1,-1,-1,1,1,1,1,-1,-1,1,1,-1,1,1,-1,-1,-1,1,1,1,1,1,-1,1,1,1,1,1,-1,-1,-1,1,-1,1,-1,-1,-1,-1,1,-1,1,1,-1,-1,-1,1,-1,1,1,-1,1,-1,1,1,1,1,-1,1,1,-1,-1,1,1,-1,-1,-1,1,1,-1,-1,-1,-1,-1,1,-1,1,-1,-1,-1,-1,-1,-1,-1,1,-1,-1,-1,1,-1,-1,1,-1,-1,-1,-1,-1,-1,1,-1,-1,-1,-1,-1,1,-1,-1,-1,1,-1,-1,1,-1,1,-1,-1,-1,-1,-1,-1,-1,1,-1,-1,-1,1,1,1,-1,-1,1,-1,-1,-1,-1,-1,1,-1,-1,1,1,1,-1,-1,-1,-1,1,-1,1,1,-1,1,-1,-1,1,1,-1,-1,-1,-1,-1,-1,1,1,-1,-1,1,-1,1,1,-1,-1,-1,1,-1,1,1,-1,-1,1,-1,-1,1,1,1,-1,1,-1,1,1,1,-1,-1,1,-1,-1,1,1,1,-1,1,-1,-1,1,1,-1,1,1,-1,-1,1,1,1,1,1,-1,-1,1,1,1,1,1,-1,-1,1,1,1,1,1,1,-1,1,1,1,1,1,-1,-1,1,-1,1,1,1,1,-1,-1,1,-1,1,1,1,-1,1,1,1,1,-1,1,-1,1,1,1,1,1,1,1,-1,1,1,1,1,-1,1,-1,1,1,1,1,1,-1,1,1,1,1,-1,1,1,-1,1,1,-1,1,1,-1,-1,1,1,1,1,-1,1,-1,1,1,1,-1,-1,1,-1,1,1,1,-1,1,-1,-1,-1,1,1,-1,-1,1,-1,-1,1,1,1,-1,1,-1,1,1,1,1,-1,1,-1,-1,1,1,-1,-1,-1,1,1,-1,1,-1,1,1,-1,1,1,-1,-1,1,1,-1,-1,1,1,-1,1,1,1,1,1,-1,-1,-1,-1,-1,-1,-1,-1,-1,-1,1,1,1,1,-1,1,1,-1,1,1,1,1,-1,1,-1,1,1,1,-1,-1,1,-1,1,1,1,-1,-1,1,-1,1,1,1,-1,-1,1,-1,1,1,1,1,-1,1,-1,1,1,1,1,-1,-1,1,-1,1,1,1,-1,1,-1,1,1,-2670.0,1,2000,445,0,False
1078,1,1,-1,-1,1,-1,-1,-1,1,1,1,-1,1,1,1,1,-1,1,-1,-1,-1,-1,1,1,1,-1,-1,-1,1,1,1,1,-1,-1,-1,-1,1,1,1,1,-1,-1,-1,1,1,1,1,-1,1,1,1,1,-1,1,-1,-1,1,-1,1,1,1,-1,-1,-1,1,1,1,1,-1,-1,-1,1,1,1,1,-1,-1,-1,1,1,1,-1,-1,-1,1,1,1,1,-1,-1,1,1,1,1,1,-1,-1,-1,1,-1,1,1,-1,-1,1,1,1,1,1,-1,-1,-1,1,1,1,1,-1,-1,1,1,1,1,1,1,-1,-1,1,1,-1,1,1,-1,1,1,1,1,1,1,-1,1,1,1,1,1,1,-1,1,1,1,1,1,1,-1,-1,-1,1,1,1,1,-1,1,1,1,1,-1,1,-1,1,-1,1,1,1,-1,-1,1,1,1,1,1,-1,1,-1,-1,1,-1,1,-1,1,1,1,1,1,1,1,1,1,-1,1,-1,1,-1,1,1,-1,1,-1,1,1,-1,1,-1,1,-1,1,-1,1,1,-1,1,-1,1,1,1,1,-1,-1,1,1,-1,-1,1,-1,1,-1,-1,1,-1,1,-1,1,-1,1,-1,1,1,-1,-1,-1,1,1,-1,1,-1,1,1,1,-1,1,1,-1,1,-1,1,-1,1,-1,1,-1,1,1,-1,1,-1,-1,-1,1,1,-1,1,-1,-1,-1,1,1,-1,-1,1,1,-1,-1,1,1,-1,1,1,-1,1,1,1,1,-1,1,-1,1,1,-1,1,-1,1,1,-1,1,1,1,1,1,-1,-1,1,-1,-1,-1,1,1,-1,1,1,1,-1,1,-1,-1,1,1,1,1,1,-1,1,1,1,-1,1,1,-1,1,1,1,-1,1,1,-1,1,-1,1,1,-1,1,-1,1,1,1,-1,1,1,-1,1,1,1,-1,1,-1,-1,1,1,1,-1,1,-1,-1,1,1,1,-1,1,-1,-1,-1,-1,1,-1,1,1,-1,1,1,1,1,-1,1,-1,-1,-1,1,-1,1,-1,-1,1,-1,-1,-1,1,1,-1,1,-1,1,-1,1,-1,1,-1,1,1,1,1,-1,1,-1,1,1,-1,1,-1,-1,-1,-1,1,1,1,1,-1,-1,1,1,1,1,-1,-1,1,-1,-1,1,-1,1,-1,1,-1,1,1,1,-1,-1,1,1,-1,1,-1,1,-1,-1,1,-1,1,1,-1,-1,-1,1,-1,-1,1,1,-1,-1,-1,-1,1,1,-1,1,-1,1,-1,-1,1,1,-1,-1,1,-1,1,1,-1,-1,1,1,-1,1,-1,1,-1,1,1,-1,1,-1,1,-1,1,-1,-1,1,-1,-1,-1,1,-1,-1,1,-1,1,-1,1,-1,-1,1,-1,-1,1,-1,1,-1,1,-1,1,-1,1,1,-1,-1,-1,1,-1,1,-1,-1,1,-1,1,1,1,1,-1,-1,1,1,-1,1,1,-1,-1,1,1,1,-1,1,1,-1,1,1,1,1,-1,-1,1,-1,-1,-1,1,-1,-1,1,-1,1,-1,1,-1,1,-1,-1,-1,1,1,-1,1,1,-1,-1,-1,1,-1,1,1,-1,1,-1,1,-1,-1,-1,-1,-1,-1,1,-1,-1,-1,-1,-1,-1,1,-1,1,1,1,1,-1,1,-1,1,1,-1,-1,-1,1,-1,-1,1,-1,1,-1,-1,1,1,1,1,-1,-1,1,1,1,1,-1,1,-1,-1,1,1,1,-1,-1,-1,1,1,1,1,-1,-1,-1,1,-1,1,-1,1,-1,-1,-1,1,1,1,-1,-1,-1,-1,1,1,1,1,-1,-1,-1,1,1,1,1,-1,-1,-1,1,-1,1,-1,-1,-1,1,1,1,1,1,-1,-1,-1,1,-1,1,1,-1,-1,-1,1,1,-1,1,-1,-1,-1,1,1,1,1,-1,-1,1,1,1,-1,1,-1,1,1,-1,1,1,-1,-1,-1,1,1,-1,1,1,-1,1,1,1,-1,1,-1,-1,-1,1,-1,1,-1,-1,-1,-1,1,1,-1,1,-1,-1,-1,1,-1,-1,1,-1,-1,-1,1,1,-1,1,-1,-1,-1,1,-1,-1,1,-1,-1,-1,1,1,1,-1,-1,-1,-1,1,-1,-1,1,-1,-1,-1,-1,-1,-1,1,-1,-1,-1,1,-1,-1,1,-1,-1,-1,-1,-1,1,1,-1,-1,-1,-1,-1,1,-1,-1,-1,1,-1,-1,1,-1,1,-1,-1,-1,-1,-1,-1,-1,1,-1,-1,-1,1,1,1,-1,-1,1,-1,1,-1,-1,-1,1,-1,-1,1,-1,1,-1,-1,-1,-1,1,-1,1,1,-1,1,-1,-1,1,1,-1,-1,-1,-1,-1,-1,1,1,-1,-1,1,-1,1,1,-1,-1,-1,1,-1,1,1,-1,-1,1,-1,-1,1,1,1,-1,1,-1,1,1,1,-1,-1,1,-1,-1,1,1,1,-1,1,-1,-1,1,1,-1,1,1,-1,-1,1,1,-1,1,1,-1,-1,1,1,-1,1,1,-1,-1,1,1,1,1,1,1,-1,-1,1,1,1,1,-1,-1,1,-1,1,1,1,1,-1,-1,1,-1,1,1,1,-1,1,1,1,1,-1,1,-1,1,1,1,1,1,1,1,-1,1,1,1,1,-1,1,-1,1,1,1,1,1,-1,1,1,1,1,-1,1,1,-1,1,1,-1,1,1,-1,-1,1,1,1,1,-1,1,-1,1,1,1,-1,-1,1,-1,1,1,1,-1,1,-1,-1,-1,1,1,-1,-1,1,-1,-1,1,1,-1,-1,1,-1,-1,1,1,1,1,-1,-1,-1,1,1,-1,-1,-1,1,-1,-1,1,-1,1,1,-1,1,1,-1,-1,1,1,-1,-1,1,1,-1,1,1,-1,1,1,-1,-1,-1,-1,1,-1,-1,-1,-1,1,-1,-1,1,1,-1,1,1,-1,1,1,1,1,-1,1,-1,1,1,1,-1,-1,1,-1,-1,1,1,-1,-1,1,-1,1,1,1,-1,-1,1,-1,1,1,1,1,-1,1,-1,-1,1,1,1,-1,-1,1,-1,1,-1,1,-1,1,-1,-1,1,-2670.0,1,2000,445,0,False
1079,1,1,-1,-1,1,-1,-1,-1,1,1,1,-1,1,1,1,1,-1,1,-1,-1,-1,-1,1,1,1,-1,-1,-1,1,1,1,1,1,-1,-1,-1,1,1,1,1,-1,-1,-1,1,1,1,1,-1,1,1,1,1,-1,1,-1,-1,1,-1,1,1,-1,-1,-1,-1,1,1,1,1,-1,-1,-1,1,1,1,1,-1,-1,-1,1,1,1,-1,-1,-1,1,1,1,1,-1,-1,-1,1,1,1,1,-1,-1,1,1,-1,1,1,-1,-1,1,1,1,1,1,-1,-1,1,1,1,1,1,-1,-1,1,1,1,1,1,1,-1,1,1,1,-1,1,1,-1,1,1,1,1,1,1,-1,-1,1,1,1,1,1,-1,1,1,1,1,1,1,-1,-1,-1,1,1,1,1,-1,1,1,1,1,-1,1,-1,1,-1,1,1,1,-1,-1,1,1,1,1,1,-1,1,-1,-1,1,-1,1,-1,1,1,1,1,1,1,1,1,1,-1,1,-1,1,-1,1,1,-1,1,-1,1,1,-1,1,-1,1,-1,1,-1,1,1,-1,1,-1,1,1,1,1,-1,-1,1,1,-1,-1,1,-1,1,-1,-1,1,-1,1,-1,1,-1,1,-1,1,1,-1,-1,-1,1,1,-1,1,-1,1,1,1,-1,1,1,-1,1,-1,1,-1,1,-1,1,-1,1,1,-1,1,-1,-1,-1,1,1,-1,1,-1,-1,-1,1,1,-1,-1,1,1,-1,-1,1,1,-1,1,1,-1,1,1,1,1,-1,1,-1,1,1,-1,1,-1,1,1,-1,1,1,1,1,1,-1,-1,1,-1,-1,-1,1,1,-1,1,1,1,-1,1,-1,-1,1,1,1,1,1,-1,1,1,1,-1,1,1,-1,1,1,1,-1,1,1,-1,-1,1,1,1,-1,1,-1,1,1,1,-1,1,1,-1,1,1,1,-1,1,-1,-1,1,1,1,-1,1,-1,-1,-1,1,1,-1,1,-1,-1,1,-1,1,-1,1,1,-1,-1,1,1,1,-1,1,-1,-1,1,1,-1,1,-1,-1,-1,-1,-1,-1,1,1,-1,-1,1,1,-1,1,-1,1,-1,1,1,1,1,-1,-1,1,1,1,-1,1,-1,-1,-1,-1,1,1,1,1,-1,-1,1,1,1,1,-1,-1,1,-1,-1,1,-1,1,-1,-1,1,-1,1,1,-1,-1,1,1,-1,1,-1,1,-1,-1,1,-1,1,1,-1,-1,-1,1,-1,-1,1,1,-1,-1,1,-1,1,1,-1,1,-1,1,-1,-1,1,1,-1,-1,1,-1,1,1,-1,-1,1,1,-1,1,-1,1,-1,1,-1,-1,1,-1,1,-1,1,-1,-1,1,-1,-1,-1,1,-1,-1,1,-1,1,-1,1,-1,-1,1,-1,-1,1,-1,1,-1,1,-1,1,-1,1,1,-1,-1,-1,1,-1,1,-1,-1,1,-1,1,1,1,1,-1,-1,1,1,-1,1,1,-1,-1,1,1,1,-1,1,1,-1,1,1,1,1,1,1,1,-1,-1,-1,1,-1,-1,1,-1,1,-1,1,-1,1,-1,-1,-1,1,1,-1,1,1,-1,-1,-1,1,-1,1,1,-1,1,-1,1,-1,-1,-1,-1,-1,-1,1,-1,-1,-1,-1,-1,-1,1,-1,1,1,1,1,-1,1,-1,1,1,-1,-1,-1,1,-1,-1,1,-1,1,-1,-1,1,1,1,1,-1,-1,1,1,1,1,-1,1,-1,-1,1,1,1,-1,-1,-1,1,1,1,1,-1,-1,-1,1,-1,1,-1,1,-1,-1,-1,1,1,1,-1,-1,-1,1,1,1,1,1,-1,-1,-1,1,1,1,1,-1,-1,-1,1,-1,1,-1,-1,-1,1,1,1,1,1,-1,-1,-1,1,1,1,1,-1,-1,-1,1,1,-1,1,-1,-1,-1,1,1,1,1,-1,-1,1,1,1,1,-1,-1,1,1,-1,1,1,-1,-1,-1,1,1,1,1,1,-1,1,1,1,1,1,-1,-1,-1,1,-1,1,-1,-1,-1,-1,1,-1,1,1,-1,-1,-1,1,-1,1,1,-1,-1,-1,1,1,1,1,-1,-1,-1,1,-1,1,1,-1,-1,-1,1,1,-1,-1,-1,-1,-1,1,-1,1,-1,-1,-1,-1,-1,-1,-1,1,-1,-1,-1,1,-1,-1,1,-1,-1,-1,-1,-1,1,1,-1,-1,-1,-1,-1,1,-1,-1,-1,1,-1,-1,1,-1,1,-1,-1,-1,-1,-1,-1,-1,1,-1,-1,-1,1,1,-1,-1,-1,1,-1,-1,-1,-1,-1,1,-1,-1,1,1,1,-1,-1,-1,-1,1,-1,1,1,-1,1,-1,-1,1,1,-1,-1,-1,-1,-1,-1,1,1,-1,-1,1,-1,1,1,-1,-1,-1,1,-1,1,1,-1,-1,1,-1,-1,1,1,1,-1,1,-1,1,1,1,-1,-1,1,-1,-1,1,1,1,-1,1,-1,-1,1,1,-1,1,1,-1,-1,1,1,1,1,1,-1,-1,1,1,1,1,1,-1,-1,1,1,1,1,1,1,-1,-1,1,1,1,1,-1,-1,1,-1,1,1,1,1,-1,-1,1,-1,1,1,1,-1,1,1,1,1,-1,1,-1,1,1,1,1,1,1,1,-1,1,1,1,1,-1,1,-1,1,1,1,1,1,-1,1,1,1,1,-1,1,1,-1,1,1,-1,1,1,-1,-1,1,1,1,1,-1,1,-1,1,1,1,-1,-1,1,-1,1,1,1,-1,1,-1,-1,-1,1,1,-1,-1,1,-1,-1,1,1,-1,-1,1,-1,-1,1,1,1,-1,1,-1,-1,1,1,-1,-1,-1,1,-1,-1,1,-1,1,1,-1,1,1,-1,-1,1,-1,-1,-1,1,1,-1,1,1,-1,1,1,-1,-1,-1,-1,1,-1,-1,-1,-1,1,-1,-1,1,1,-1,1,1,-1,1,1,1,1,-1,1,-1,1,1,1,1,-1,1,-1,-1,1,1,1,-1,1,-1,1,1,1,1,-1,1,-1,1,1,1,-1,-1,1,-1,-1,1,1,-1,-1,-1,1,-1,1,-1,1,-1,1,-1,-1,1,-2670.0,1,2000,445,0,False
1080,1,1,-1,-1,1,1,-1,-1,1,1,1,-1,1,1,1,1,-1,1,-1,-1,-1,-1,1,1,1,-1,1,-1,1,1,1,1,1,-1,-1,-1,1,1,1,1,-1,-1,-1,1,1,1,1,-1,1,1,1,1,-1,1,-1,-1,1,-1,1,1,-1,-1,-1,-1,1,1,1,1,-1,-1,-1,1,1,1,1,-1,-1,-1,1,1,1,-1,-1,-1,1,1,1,1,-1,-1,1,1,1,1,1,-1,-1,-1,1,-1,1,1,-1,-1,1,1,1,1,1,-1,-1,-1,1,-1,1,1,-1,-1,1,1,1,1,1,1,-1,-1,1,1,-1,1,1,-1,1,1,1,1,1,1,-1,1,1,1,1,1,1,-1,1,1,1,1,1,1,-1,-1,-1,1,1,1,1,-1,1,1,1,1,-1,1,-1,1,-1,1,1,1,-1,-1,1,1,1,1,1,-1,1,-1,-1,1,-1,1,-1,1,1,1,1,1,1,1,1,1,1,1,-1,1,-1,1,1,-1,1,-1,1,1,-1,1,-1,1,-1,1,-1,1,1,-1,-1,-1,1,1,1,1,-1,-1,1,1,-1,-1,1,-1,1,-1,-1,1,-1,1,-1,1,-1,1,-1,-1,1,-1,-1,-1,1,1,-1,1,-1,1,1,1,-1,1,1,-1,1,-1,1,-1,1,-1,1,-1,1,1,-1,1,-1,-1,-1,1,1,-1,1,-1,-1,-1,1,1,-1,-1,1,1,-1,-1,1,1,-1,1,1,-1,1,1,1,1,-1,1,-1,1,1,-1,1,-1,1,1,1,1,1,1,1,1,-1,-1,1,-1,-1,-1,1,1,-1,1,1,1,-1,1,1,1,1,1,1,-1,1,-1,1,1,1,-1,-1,1,-1,1,1,1,-1,1,1,-1,-1,1,1,1,-1,1,-1,1,1,1,-1,1,1,-1,1,1,1,-1,1,1,-1,1,1,1,-1,1,1,-1,-1,1,1,-1,1,1,-1,1,-1,1,-1,1,1,1,-1,1,1,1,-1,1,1,-1,1,1,-1,1,1,1,-1,-1,-1,-1,1,1,1,-1,1,1,-1,1,1,-1,-1,1,1,1,1,1,-1,1,1,1,-1,1,1,1,1,-1,1,1,1,-1,1,-1,1,1,1,1,1,1,-1,-1,-1,1,-1,-1,1,1,-1,1,1,1,1,1,1,1,-1,1,-1,-1,1,-1,1,-1,1,1,-1,1,1,1,-1,-1,1,-1,1,1,1,-1,1,1,1,-1,1,1,-1,-1,1,-1,1,1,1,-1,1,1,1,1,1,1,-1,1,-1,1,1,1,1,-1,1,-1,1,1,1,-1,-1,1,-1,1,1,1,-1,-1,1,-1,-1,1,1,-1,-1,1,-1,1,1,1,1,-1,1,1,-1,1,1,1,-1,-1,1,1,1,1,-1,-1,1,-1,-1,1,-1,1,-1,-1,1,-1,1,-1,1,-1,-1,1,-1,-1,1,1,1,-1,1,-1,1,-1,1,1,1,-1,-1,-1,1,-1,-1,1,1,1,-1,1,-1,1,1,1,-1,1,1,-1,1,-1,1,-1,-1,1,-1,-1,1,1,1,-1,1,-1,-1,1,1,-1,-1,1,-1,-1,1,1,-1,-1,1,-1,-1,-1,1,1,-1,1,-1,-1,-1,1,-1,-1,1,-1,1,-1,1,1,-1,-1,1,-1,-1,-1,-1,-1,1,1,1,-1,-1,1,-1,-1,1,-1,-1,1,-1,-1,1,1,-1,-1,1,1,-1,1,1,-1,1,-1,1,-1,-1,1,1,-1,-1,-1,-1,-1,1,-1,-1,1,-1,-1,-1,1,1,-1,-1,-1,-1,-1,1,-1,-1,-1,-1,-1,-1,1,1,-1,-1,-1,-1,1,1,1,-1,-1,-1,-1,-1,1,1,1,-1,-1,-1,-1,1,1,-1,-1,-1,-1,1,1,1,1,-1,-1,1,1,1,1,1,-1,-1,-1,1,1,1,1,1,-1,1,1,1,1,-1,1,-1,-1,1,-1,1,-1,1,-1,-1,1,-1,1,-1,-1,-1,-1,1,-1,1,-1,1,-1,-1,1,-1,1,-1,1,-1,-1,1,-1,1,-1,-1,-1,-1,1,1,-1,-1,-1,-1,-1,1,-1,1,-1,-1,-1,-1,-1,-1,-1,1,-1,-1,-1,1,-1,-1,1,-1,-1,-1,-1,-1,1,1,-1,-1,-1,-1,-1,1,-1,-1,-1,1,-1,-1,1,-1,1,-1,-1,-1,-1,-1,-1,-1,1,-1,-1,-1,1,1,-1,-1,-1,1,1,-1,-1,-1,-1,1,-1,-1,1,-1,1,-1,-1,-1,-1,1,-1,1,1,-1,1,-1,-1,1,1,-1,-1,-1,-1,-1,-1,1,1,-1,-1,1,-1,1,1,-1,-1,-1,1,-1,-1,1,-1,-1,1,-1,-1,1,1,1,-1,1,-1,1,1,1,-1,-1,1,-1,-1,1,-1,1,-1,1,-1,-1,1,1,-1,1,1,-1,-1,1,1,1,1,1,-1,-1,1,1,1,1,1,-1,-1,1,1,1,1,-1,1,-1,-1,1,1,1,1,-1,-1,1,-1,1,1,1,1,-1,-1,1,-1,1,1,1,-1,1,1,1,1,-1,1,-1,1,1,1,1,1,1,1,-1,1,1,1,1,-1,1,-1,1,1,1,1,1,-1,1,1,1,1,-1,1,1,-1,1,1,-1,1,1,-1,-1,1,1,1,1,-1,1,-1,1,1,1,-1,-1,1,-1,1,1,1,-1,1,-1,-1,-1,1,1,-1,-1,1,-1,-1,1,1,-1,-1,1,-1,-1,-1,1,1,-1,1,-1,-1,1,1,-1,-1,-1,1,-1,-1,1,-1,1,1,-1,1,1,-1,-1,1,1,-1,-1,1,1,-1,1,1,-1,1,1,-1,-1,-1,-1,1,-1,-1,-1,-1,1,-1,-1,1,1,-1,1,1,-1,1,1,1,1,-1,1,-1,1,1,1,-1,-1,1,-1,-1,-1,1,-1,-1,1,-1,1,1,1,-1,-1,1,-1,1,1,1,1,-1,1,-1,-1,1,1,1,-1,-1,1,-1,1,1,1,-1,1,-1,-1,1,-2670.0,1,2000,445,0,False
1081,1,1,-1,-1,1,-1,-1,-1,1,1,1,-1,1,1,1,1,-1,1,-1,-1,-1,1,1,1,1,-1,-1,-1,1,1,1,1,-1,-1,-1,-1,1,1,1,1,-1,-1,1,1,1,1,1,-1,1,1,1,1,-1,1,-1,-1,1,-1,1,1,1,-1,-1,1,1,1,1,1,-1,-1,1,1,1,1,1,-1,-1,-1,1,1,1,-1,-1,-1,1,1,1,1,-1,-1,-1,1,1,1,1,-1,-1,1,1,-1,1,1,-1,-1,1,1,1,1,1,-1,-1,-1,1,1,1,1,-1,-1,1,1,1,1,1,1,-1,-1,1,1,-1,1,1,-1,1,1,1,1,1,1,-1,1,1,1,1,1,1,-1,1,1,1,1,1,1,-1,-1,-1,1,1,1,1,-1,1,-1,1,1,-1,1,-1,1,-1,1,1,1,-1,-1,1,1,1,1,1,-1,1,-1,-1,1,-1,1,-1,1,1,1,1,1,1,1,1,1,-1,1,-1,1,-1,1,1,-1,1,-1,1,1,-1,1,-1,1,-1,1,-1,1,1,-1,-1,-1,1,1,1,1,-1,-1,1,1,-1,-1,1,-1,1,-1,-1,1,-1,1,-1,1,-1,1,-1,1,1,-1,-1,-1,1,1,-1,1,-1,1,1,1,-1,1,-1,-1,-1,-1,1,-1,1,1,1,-1,1,1,-1,1,-1,-1,-1,1,1,-1,1,-1,-1,-1,1,1,-1,-1,1,1,-1,-1,1,1,-1,1,1,-1,1,1,1,1,-1,1,-1,1,1,-1,1,-1,1,1,1,1,1,1,1,1,-1,-1,1,-1,-1,1,1,1,-1,1,1,1,-1,1,1,1,1,1,1,1,1,-1,1,1,1,-1,1,1,-1,1,1,1,-1,1,1,-1,-1,1,1,1,-1,1,-1,1,1,1,-1,1,1,-1,1,1,1,-1,1,1,-1,1,1,1,-1,1,1,1,-1,1,1,-1,1,1,-1,1,-1,1,-1,1,1,1,-1,1,1,1,-1,1,1,-1,1,1,-1,1,1,1,-1,-1,-1,-1,1,1,1,-1,1,1,-1,1,1,-1,-1,1,1,1,1,1,-1,1,1,1,-1,1,1,1,-1,-1,1,1,-1,-1,1,-1,1,-1,1,-1,1,1,-1,-1,-1,1,-1,-1,1,1,-1,1,1,-1,1,1,1,1,-1,1,-1,-1,1,-1,1,-1,1,-1,1,1,1,1,-1,-1,1,-1,1,1,1,-1,1,1,1,-1,1,1,-1,1,-1,-1,1,1,1,-1,1,-1,1,1,1,1,-1,1,-1,-1,1,1,-1,1,1,-1,-1,1,1,-1,-1,1,-1,1,1,1,-1,1,-1,1,-1,1,1,-1,-1,1,-1,1,1,1,1,-1,1,-1,-1,-1,1,1,-1,-1,-1,1,-1,1,-1,-1,1,-1,-1,1,-1,1,-1,-1,1,-1,1,-1,1,1,-1,1,-1,-1,1,1,1,-1,1,-1,1,-1,-1,-1,1,-1,-1,-1,1,-1,-1,1,1,-1,1,1,-1,1,1,1,-1,1,1,-1,1,-1,1,1,-1,1,-1,-1,1,1,-1,-1,1,-1,-1,1,1,1,-1,1,-1,-1,1,1,-1,-1,1,-1,-1,-1,1,1,-1,1,1,-1,-1,1,-1,-1,1,-1,1,-1,1,1,-1,-1,1,-1,-1,-1,-1,-1,1,1,1,-1,1,1,-1,-1,1,-1,1,-1,-1,-1,1,1,-1,-1,-1,-1,-1,1,1,-1,1,1,1,-1,-1,1,1,-1,-1,-1,-1,1,1,-1,-1,1,-1,-1,-1,1,1,-1,-1,-1,-1,-1,1,-1,-1,1,-1,-1,-1,1,1,-1,1,-1,-1,1,1,1,-1,-1,-1,-1,-1,1,1,1,-1,-1,-1,-1,1,1,-1,-1,-1,-1,1,1,1,1,-1,-1,1,1,1,1,1,-1,-1,-1,1,1,1,1,1,-1,1,1,1,1,-1,1,-1,-1,1,-1,1,-1,1,-1,-1,1,-1,1,-1,-1,-1,-1,1,-1,1,-1,1,-1,-1,1,-1,1,-1,1,-1,-1,1,-1,1,-1,-1,-1,-1,1,1,-1,-1,-1,-1,-1,1,-1,1,-1,-1,-1,-1,-1,-1,-1,1,-1,-1,-1,1,-1,-1,1,-1,-1,-1,-1,-1,1,1,-1,-1,-1,-1,-1,1,-1,-1,-1,1,-1,-1,1,-1,1,-1,-1,-1,-1,-1,-1,-1,1,-1,-1,-1,1,1,1,-1,-1,1,1,-1,-1,-1,-1,1,-1,-1,1,-1,1,-1,-1,-1,-1,1,-1,1,1,-1,1,-1,-1,1,1,-1,-1,-1,-1,-1,-1,1,1,-1,-1,1,-1,1,1,-1,-1,-1,1,-1,-1,1,-1,-1,1,-1,-1,1,1,1,-1,1,-1,1,1,1,-1,-1,1,-1,-1,1,1,1,-1,1,-1,-1,1,1,-1,1,1,-1,-1,1,1,-1,1,1,-1,-1,1,1,-1,1,1,-1,-1,1,1,1,1,1,1,-1,1,1,1,-1,1,-1,-1,1,-1,1,1,1,1,-1,-1,1,-1,1,1,1,-1,1,1,1,1,-1,1,-1,1,1,1,1,1,1,1,-1,-1,1,1,1,-1,1,-1,1,1,1,1,1,-1,1,1,1,1,-1,1,1,-1,1,1,-1,1,1,-1,-1,1,1,1,1,-1,1,-1,1,1,1,-1,-1,1,-1,1,1,1,-1,1,-1,-1,-1,1,1,-1,-1,1,-1,-1,1,1,-1,-1,1,-1,1,1,1,1,-1,1,-1,-1,1,1,-1,-1,-1,1,1,-1,1,-1,1,1,-1,1,1,-1,-1,1,1,-1,-1,1,1,-1,1,1,1,1,1,-1,-1,-1,-1,-1,-1,-1,-1,-1,-1,1,1,1,1,-1,1,1,-1,1,1,1,1,-1,1,-1,1,1,1,-1,-1,1,-1,1,1,1,-1,1,1,-1,1,1,1,-1,-1,1,-1,1,1,1,1,-1,1,-1,1,1,1,-1,-1,1,1,-1,1,-1,1,-1,1,-1,1,1,-2670.0,1,2000,445,1000,False
1082,1,1,-1,-1,1,-1,-1,-1,1,1,1,-1,1,1,1,1,-1,1,-1,-1,1,-1,1,1,1,-1,-1,-1,1,1,1,1,1,-1,-1,-1,1,1,1,1,-1,-1,-1,1,1,1,1,-1,1,1,1,1,-1,1,-1,-1,1,-1,1,1,1,-1,-1,-1,1,1,1,1,-1,-1,-1,1,1,1,1,-1,-1,-1,1,1,1,-1,-1,-1,1,1,1,1,-1,-1,-1,1,1,1,1,-1,-1,1,1,-1,1,1,-1,-1,1,1,1,1,1,-1,-1,1,1,1,1,1,-1,-1,1,1,1,1,1,1,-1,1,1,1,-1,1,1,-1,1,1,1,1,1,1,-1,-1,1,1,1,1,1,-1,1,1,1,1,1,1,-1,-1,-1,1,1,1,1,-1,1,1,1,1,-1,1,-1,1,-1,1,1,1,-1,-1,1,1,1,1,1,-1,1,-1,-1,1,-1,1,-1,1,1,1,1,1,1,1,1,1,-1,1,-1,1,-1,1,1,-1,1,-1,1,1,-1,1,-1,1,-1,1,-1,1,1,-1,1,-1,1,1,1,1,-1,-1,1,1,-1,-1,1,-1,1,-1,-1,1,-1,1,-1,1,-1,1,-1,1,1,-1,-1,-1,1,1,-1,1,-1,1,1,1,-1,1,1,-1,1,-1,1,-1,1,-1,1,-1,1,1,-1,1,-1,-1,-1,1,1,-1,1,-1,-1,-1,1,1,-1,-1,1,1,-1,-1,1,1,-1,1,1,-1,1,1,1,1,-1,1,-1,1,1,-1,1,-1,1,1,-1,1,1,1,1,1,-1,-1,1,-1,-1,-1,1,1,-1,1,1,1,-1,1,-1,-1,1,1,1,-1,1,-1,1,1,1,-1,-1,1,-1,1,1,1,-1,1,1,-1,-1,1,1,1,-1,1,-1,1,1,1,-1,1,1,-1,1,1,1,-1,1,-1,-1,1,1,1,-1,1,-1,-1,-1,1,1,-1,1,-1,-1,1,-1,1,-1,1,1,-1,-1,1,1,1,1,1,-1,-1,1,1,-1,1,-1,-1,-1,-1,-1,-1,1,1,-1,-1,1,1,-1,1,-1,-1,-1,1,1,1,1,-1,-1,1,1,1,-1,1,-1,-1,-1,-1,1,1,1,1,-1,-1,1,1,1,1,-1,-1,1,-1,-1,1,-1,1,-1,-1,1,-1,1,1,-1,-1,1,1,-1,1,-1,1,-1,-1,1,-1,1,1,-1,-1,-1,1,-1,-1,1,1,-1,-1,1,-1,1,1,-1,1,-1,1,-1,-1,1,1,-1,-1,1,-1,1,1,-1,-1,1,1,-1,1,-1,1,-1,1,-1,-1,1,-1,1,-1,1,-1,-1,1,-1,-1,-1,1,-1,-1,1,-1,1,-1,1,-1,-1,1,-1,-1,1,-1,1,-1,1,-1,1,-1,1,1,-1,-1,-1,1,-1,1,-1,-1,1,-1,1,1,1,1,-1,-1,1,1,-1,1,1,-1,-1,1,1,1,-1,1,1,-1,1,1,1,1,-1,1,1,-1,-1,-1,1,-1,-1,1,-1,1,-1,1,-1,1,-1,-1,-1,1,1,-1,1,1,-1,-1,-1,1,-1,1,1,-1,1,-1,1,-1,-1,-1,-1,-1,-1,1,-1,-1,-1,-1,-1,-1,1,-1,1,1,1,1,-1,1,-1,1,1,-1,-1,-1,1,-1,-1,1,-1,1,-1,-1,1,1,1,1,-1,-1,1,1,1,1,-1,1,-1,-1,1,1,1,-1,-1,-1,1,1,1,1,-1,-1,-1,1,-1,1,-1,1,-1,-1,-1,1,1,1,-1,-1,-1,1,1,1,1,1,-1,-1,-1,1,1,1,1,-1,-1,-1,1,1,1,-1,-1,-1,1,1,1,1,1,-1,-1,-1,1,1,1,1,-1,-1,-1,1,1,-1,1,-1,-1,-1,1,1,1,1,-1,-1,1,1,1,1,-1,-1,1,1,-1,1,1,-1,-1,-1,1,1,1,1,1,-1,1,1,1,1,1,-1,-1,-1,1,-1,1,-1,-1,-1,-1,1,-1,1,1,-1,-1,-1,1,-1,1,1,-1,-1,-1,1,1,1,1,-1,-1,-1,1,-1,1,1,-1,-1,-1,1,1,-1,-1,-1,-1,-1,1,-1,1,-1,-1,-1,-1,-1,-1,-1,1,-1,-1,-1,1,-1,-1,1,-1,-1,-1,-1,-1,-1,1,-1,-1,-1,-1,-1,1,-1,-1,-1,1,-1,-1,1,-1,1,-1,-1,-1,-1,-1,-1,-1,1,-1,-1,-1,1,1,1,-1,-1,1,-1,-1,-1,-1,-1,1,-1,-1,1,1,1,-1,-1,-1,-1,1,-1,1,1,-1,1,-1,-1,1,1,-1,-1,-1,-1,-1,-1,1,1,-1,-1,1,-1,1,1,-1,-1,-1,1,-1,1,1,-1,-1,1,-1,-1,1,1,1,-1,1,-1,1,1,1,-1,-1,1,-1,-1,1,1,1,-1,1,-1,-1,1,1,-1,1,1,-1,-1,1,1,-1,1,1,-1,-1,1,1,1,1,1,-1,-1,1,1,1,1,1,1,-1,-1,1,1,-1,1,-1,-1,1,-1,1,1,1,1,-1,-1,1,-1,1,1,1,-1,1,1,1,1,-1,1,-1,1,1,1,1,1,1,1,-1,1,1,1,1,-1,1,-1,1,1,1,1,1,-1,1,1,1,1,-1,1,1,-1,1,1,-1,1,1,-1,-1,1,1,1,1,-1,1,-1,1,1,1,-1,-1,1,-1,1,1,1,-1,1,-1,-1,-1,1,1,-1,-1,1,-1,-1,1,1,-1,-1,1,-1,-1,1,1,1,-1,1,-1,-1,1,1,-1,-1,1,1,-1,-1,1,-1,1,1,-1,1,1,-1,-1,1,-1,-1,-1,1,1,-1,1,1,-1,1,1,-1,-1,-1,-1,1,-1,-1,-1,-1,1,-1,-1,1,1,-1,1,1,-1,1,1,1,1,-1,1,-1,1,1,1,1,-1,1,-1,-1,1,1,1,-1,1,-1,1,1,1,1,-1,1,-1,1,1,-1,-1,-1,1,-1,-1,1,1,-1,-1,-1,1,-1,1,-1,1,-1,1,-1,-1,1,-2670.0,1,2000,445,1500,False
1083,1,1,-1,-1,1,-1,-1,-1,1,1,1,-1,1,1,1,1,-1,1,-1,-1,-1,-1,1,1,1,-1,1,-1,1,1,1,1,-1,-1,-1,-1,1,1,1,1,-1,-1,-1,1,1,1,1,-1,1,1,1,1,-1,1,-1,-1,1,-1,1,1,1,-1,-1,-1,1,1,1,1,-1,-1,-1,1,1,1,1,-1,-1,-1,1,1,1,-1,-1,-1,1,1,1,1,-1,-1,-1,1,1,1,1,-1,-1,1,1,-1,1,1,-1,-1,1,1,1,1,1,-1,-1,-1,1,-1,1,1,-1,-1,1,1,1,1,1,1,-1,-1,1,1,-1,1,1,-1,1,1,1,1,1,1,-1,1,1,1,1,1,1,-1,1,1,1,1,1,1,-1,-1,-1,1,1,1,1,-1,1,1,1,1,-1,1,-1,1,-1,1,1,1,-1,-1,1,1,1,1,1,-1,1,-1,-1,1,-1,1,-1,1,1,1,1,1,1,1,1,1,-1,1,-1,1,-1,1,1,-1,1,-1,1,1,-1,1,-1,1,-1,1,-1,1,1,-1,1,-1,1,1,1,1,-1,-1,1,1,-1,-1,1,-1,1,-1,-1,1,-1,1,-1,1,-1,1,-1,1,1,-1,-1,-1,1,1,-1,1,-1,1,1,1,-1,1,-1,-1,1,-1,1,-1,1,1,1,-1,1,1,-1,1,-1,-1,-1,1,1,-1,1,-1,-1,-1,1,1,-1,-1,1,1,-1,-1,1,1,-1,1,1,-1,1,1,1,1,-1,1,-1,1,1,-1,1,-1,1,1,-1,1,1,1,1,1,-1,-1,1,-1,-1,1,1,1,-1,1,1,1,-1,1,-1,-1,1,1,1,1,1,-1,1,1,1,-1,1,1,-1,1,1,1,-1,1,1,-1,-1,1,1,1,-1,1,-1,1,1,1,-1,1,1,-1,1,1,1,-1,1,-1,-1,1,1,1,-1,1,-1,-1,-1,1,1,-1,1,-1,-1,1,-1,1,-1,1,1,-1,-1,1,1,1,-1,1,-1,-1,1,1,-1,1,-1,-1,-1,-1,-1,-1,1,1,-1,-1,1,1,-1,1,-1,-1,-1,1,1,1,1,-1,-1,1,1,1,-1,1,-1,-1,-1,-1,1,1,-1,1,-1,-1,1,1,1,-1,-1,-1,1,-1,-1,1,-1,1,-1,-1,1,-1,1,-1,-1,-1,1,1,-1,1,-1,1,-1,-1,1,-1,1,1,-1,-1,-1,1,-1,-1,1,1,-1,-1,1,-1,1,1,-1,1,-1,1,-1,-1,1,1,-1,-1,1,-1,1,1,-1,-1,1,1,-1,1,-1,1,-1,1,-1,-1,1,-1,1,-1,1,-1,-1,1,-1,-1,-1,1,-1,-1,1,-1,1,-1,1,-1,-1,1,-1,-1,1,-1,1,-1,1,-1,1,-1,1,1,-1,-1,-1,1,-1,1,-1,-1,1,-1,1,1,1,1,-1,-1,1,1,-1,1,1,-1,-1,1,1,1,-1,1,1,-1,1,1,1,1,-1,-1,1,-1,-1,-1,1,-1,-1,1,1,1,-1,1,-1,1,-1,-1,-1,1,1,-1,1,1,-1,-1,-1,1,-1,1,1,-1,1,-1,1,-1,-1,-1,-1,-1,-1,1,-1,-1,-1,-1,-1,-1,1,-1,1,1,1,1,-1,1,-1,1,1,-1,-1,-1,1,-1,-1,1,-1,1,-1,-1,1,1,1,1,-1,-1,1,1,1,1,-1,1,-1,-1,1,1,1,-1,-1,-1,1,1,1,1,-1,1,-1,1,-1,1,-1,1,1,-1,-1,1,1,1,-1,-1,-1,1,1,1,1,1,-1,-1,-1,1,1,1,1,-1,-1,-1,1,1,1,-1,-1,-1,1,1,1,1,1,-1,-1,-1,1,1,1,1,-1,-1,-1,1,1,-1,1,-1,-1,-1,1,1,1,1,-1,-1,1,1,1,1,-1,-1,1,1,-1,1,1,-1,-1,-1,1,1,1,1,1,-1,1,1,1,1,1,-1,-1,-1,1,-1,1,-1,-1,-1,-1,1,-1,1,1,1,-1,-1,1,-1,1,1,-1,-1,-1,1,1,1,1,-1,-1,-1,1,-1,1,1,-1,-1,-1,1,1,-1,-1,-1,-1,-1,1,-1,1,-1,-1,-1,-1,-1,-1,-1,1,-1,-1,-1,1,-1,-1,1,-1,-1,-1,-1,-1,1,1,-1,-1,-1,-1,-1,1,-1,-1,-1,1,-1,-1,1,-1,1,-1,-1,-1,-1,-1,-1,-1,1,-1,-1,-1,1,1,1,-1,-1,1,1,-1,-1,-1,-1,1,-1,-1,1,1,1,-1,-1,-1,-1,1,-1,1,1,-1,1,-1,-1,1,1,-1,-1,-1,-1,-1,-1,1,1,-1,-1,1,-1,1,1,-1,-1,-1,1,-1,1,1,-1,-1,1,-1,-1,1,1,1,-1,1,-1,1,1,1,-1,-1,1,-1,-1,1,1,1,-1,1,-1,-1,1,1,-1,1,1,-1,-1,1,1,1,1,1,-1,-1,1,1,-1,1,1,-1,-1,1,1,1,1,1,1,-1,-1,1,1,-1,1,-1,-1,1,-1,1,1,1,1,-1,-1,1,-1,1,1,1,-1,1,1,1,1,-1,1,-1,1,1,1,1,1,1,1,-1,1,1,1,1,-1,1,-1,1,1,1,1,1,-1,1,1,1,1,-1,1,1,-1,1,1,-1,1,1,-1,-1,1,1,1,1,-1,1,-1,1,1,1,-1,-1,1,-1,1,1,1,-1,1,-1,-1,-1,1,1,-1,-1,1,-1,-1,1,1,1,-1,1,-1,-1,1,1,1,-1,1,-1,-1,1,1,-1,-1,-1,1,-1,-1,1,-1,1,1,-1,1,1,-1,-1,1,1,-1,-1,1,1,-1,1,1,-1,1,1,-1,-1,-1,-1,1,-1,-1,-1,-1,-1,1,-1,1,1,-1,1,1,-1,1,1,1,1,-1,1,-1,1,1,1,-1,-1,1,-1,-1,1,1,-1,1,1,-1,1,1,1,-1,-1,1,-1,1,1,1,1,-1,1,-1,-1,1,1,-1,-1,1,1,-1,1,1,1,-1,1,-1,1,1,-2670.0,1,2000,445,0,False
1084,1,1,-1,-1,1,-1,-1,-1,1,1,1,-1,1,1,1,1,-1,1,-1,-1,-1,-1,1,1,1,-1,-1,-1,1,1,1,1,-1,-1,-1,-1,1,-1,1,1,-1,-1,-1,1,1,1,1,-1,1,1,1,1,-1,1,-1,-1,1,-1,1,1,1,-1,-1,-1,1,1,1,1,-1,-1,-1,1,1,1,1,-1,-1,-1,1,1,1,-1,-1,-1,1,1,1,1,-1,-1,-1,1,1,1,1,-1,-1,1,1,-1,1,1,-1,-1,1,1,1,1,1,-1,-1,1,1,-1,1,1,-1,-1,1,1,1,1,1,1,-1,-1,1,1,-1,1,1,-1,1,1,1,1,1,1,-1,-1,1,1,1,1,1,-1,1,1,1,1,1,1,-1,-1,-1,1,1,1,1,-1,1,1,1,1,-1,1,-1,1,-1,1,1,1,-1,-1,1,1,1,1,1,-1,1,-1,-1,1,-1,1,-1,1,1,1,1,1,1,1,1,1,-1,1,-1,1,-1,1,1,-1,1,-1,1,1,-1,1,-1,1,-1,1,-1,1,1,-1,1,-1,1,1,1,1,-1,-1,1,1,-1,-1,1,-1,1,-1,-1,1,-1,1,-1,1,-1,1,-1,-1,1,-1,-1,-1,1,1,-1,1,-1,1,1,1,-1,1,1,-1,1,-1,1,-1,1,-1,1,-1,1,1,-1,1,-1,-1,-1,1,1,-1,1,-1,-1,-1,1,1,-1,-1,1,1,-1,-1,1,1,-1,1,1,-1,1,1,1,1,-1,1,-1,1,1,-1,1,-1,1,1,-1,1,1,1,1,1,-1,-1,1,-1,-1,1,1,1,-1,1,1,1,-1,1,-1,-1,1,1,1,1,1,-1,1,1,1,-1,1,1,-1,1,1,1,-1,1,1,-1,-1,1,1,1,-1,1,-1,1,1,1,-1,1,1,-1,1,1,1,-1,1,-1,-1,1,1,1,-1,1,-1,-1,-1,1,1,-1,1,-1,-1,1,-1,1,-1,1,1,-1,-1,1,1,1,-1,1,-1,-1,1,1,-1,1,-1,-1,-1,-1,-1,-1,1,-1,-1,-1,1,1,-1,1,-1,1,-1,1,1,1,1,1,-1,1,1,1,-1,1,-1,-1,-1,-1,1,1,-1,1,-1,-1,1,-1,1,-1,-1,-1,-1,-1,-1,1,-1,1,-1,1,-1,1,1,-1,-1,-1,1,1,-1,1,-1,1,-1,-1,1,-1,1,-1,-1,-1,-1,1,-1,-1,1,1,-1,-1,1,-1,1,1,-1,1,-1,1,-1,1,-1,1,-1,1,1,-1,1,-1,-1,-1,1,1,-1,1,-1,1,-1,1,-1,1,1,-1,1,-1,1,-1,-1,1,-1,-1,-1,1,-1,1,-1,-1,1,-1,1,-1,-1,1,-1,-1,1,-1,1,-1,1,-1,1,-1,1,1,-1,-1,-1,1,-1,1,-1,-1,1,-1,1,1,1,1,-1,-1,1,1,-1,-1,1,1,-1,1,1,1,1,1,1,-1,1,1,1,-1,-1,-1,1,-1,-1,-1,1,-1,1,1,1,1,-1,1,-1,1,-1,-1,-1,1,1,-1,1,1,-1,-1,-1,1,-1,1,1,-1,1,-1,1,-1,-1,-1,-1,-1,-1,1,-1,-1,-1,-1,-1,-1,1,-1,1,1,1,1,-1,1,-1,1,1,-1,-1,-1,1,-1,-1,1,-1,1,-1,-1,1,1,1,1,-1,-1,1,1,1,1,-1,1,-1,-1,1,1,1,-1,-1,-1,1,1,1,1,-1,1,-1,1,-1,1,-1,1,1,-1,-1,1,1,1,-1,-1,-1,-1,1,1,1,1,-1,-1,-1,1,1,1,1,-1,-1,-1,1,-1,1,-1,-1,-1,1,1,1,1,1,-1,-1,-1,1,1,1,1,-1,-1,-1,1,1,-1,1,-1,-1,-1,1,1,1,1,-1,-1,1,1,1,1,1,-1,1,1,-1,1,1,-1,-1,-1,1,1,1,1,1,-1,1,1,1,1,1,1,-1,-1,1,-1,1,-1,1,-1,-1,1,-1,1,1,-1,-1,-1,1,-1,1,1,-1,1,-1,1,1,1,-1,1,1,-1,1,-1,1,-1,-1,-1,-1,1,1,-1,-1,-1,-1,-1,1,-1,1,-1,-1,-1,-1,-1,-1,-1,1,-1,-1,-1,1,-1,-1,1,-1,-1,-1,-1,-1,1,1,-1,-1,-1,-1,-1,1,-1,-1,-1,1,-1,-1,1,-1,1,-1,-1,-1,-1,-1,-1,-1,1,-1,-1,-1,1,1,-1,-1,-1,1,1,-1,-1,-1,-1,1,-1,-1,1,1,1,-1,-1,-1,-1,1,-1,1,1,-1,1,-1,-1,1,1,-1,-1,-1,-1,-1,-1,1,1,-1,-1,1,-1,1,1,-1,-1,-1,1,-1,-1,1,-1,-1,1,-1,-1,1,1,1,-1,1,-1,1,1,1,-1,-1,1,-1,-1,1,1,1,-1,1,-1,-1,1,1,-1,1,1,-1,-1,1,1,1,1,1,-1,-1,1,1,-1,1,1,-1,-1,1,1,1,1,-1,1,-1,1,1,1,-1,1,-1,-1,1,-1,1,1,1,1,-1,-1,1,-1,1,1,1,-1,1,1,1,1,-1,1,-1,1,1,1,1,1,1,1,-1,-1,1,1,1,-1,1,-1,1,1,1,1,1,-1,1,1,1,1,-1,1,1,-1,1,1,-1,1,1,-1,-1,1,1,1,1,-1,1,-1,1,1,1,-1,-1,1,-1,1,1,1,-1,1,-1,-1,-1,1,1,-1,-1,1,-1,-1,1,1,1,-1,1,-1,1,1,1,1,-1,1,-1,-1,1,1,-1,-1,-1,1,1,-1,1,-1,1,1,-1,1,1,-1,-1,1,1,-1,-1,1,1,-1,1,1,1,1,1,-1,-1,-1,-1,1,-1,-1,-1,-1,-1,1,1,1,1,-1,1,1,-1,1,1,1,1,-1,1,-1,1,1,1,1,-1,1,-1,1,1,1,1,-1,1,-1,1,1,1,1,-1,1,-1,1,1,1,-1,-1,1,-1,1,1,1,-1,-1,-1,1,-1,1,-1,1,-1,1,-1,1,1,-2670.0,1,2000,445,1500,False
1085,1,1,-1,-1,1,1,-1,-1,1,1,1,-1,1,1,1,1,-1,1,-1,-1,-1,-1,1,1,1,-1,-1,-1,1,1,1,1,-1,-1,-1,-1,1,1,1,1,-1,-1,-1,1,1,1,1,-1,1,1,1,1,-1,1,-1,-1,1,-1,1,1,1,-1,-1,-1,1,1,1,1,-1,-1,-1,1,1,1,1,-1,-1,-1,1,1,1,-1,-1,-1,1,1,1,1,-1,-1,-1,1,1,1,1,-1,-1,1,1,-1,1,1,-1,-1,1,1,1,1,1,-1,-1,-1,1,-1,1,1,-1,-1,1,1,1,1,1,1,-1,-1,1,1,-1,1,1,-1,1,1,1,1,1,1,-1,1,1,1,1,1,1,-1,1,1,1,1,1,1,-1,-1,-1,1,1,1,1,-1,1,1,1,1,-1,1,-1,1,-1,1,1,1,-1,-1,1,1,1,1,1,-1,1,-1,-1,1,-1,1,-1,1,1,1,1,1,1,1,1,1,-1,1,-1,1,-1,1,1,-1,1,-1,1,1,-1,1,-1,1,-1,1,-1,1,1,-1,1,-1,1,1,1,1,-1,-1,1,1,-1,-1,1,-1,1,-1,-1,1,-1,1,-1,1,-1,1,-1,-1,1,-1,-1,-1,1,1,-1,1,-1,1,1,1,-1,1,1,-1,1,-1,1,-1,1,-1,1,-1,1,1,-1,1,-1,-1,-1,1,1,-1,1,-1,-1,-1,1,1,-1,-1,1,1,-1,-1,1,1,-1,1,1,-1,1,1,1,1,-1,1,-1,1,1,-1,1,-1,1,1,1,1,1,1,1,1,-1,-1,1,-1,-1,-1,1,1,-1,1,1,1,-1,1,1,1,1,1,1,-1,1,-1,1,1,1,-1,-1,1,-1,1,1,1,-1,1,1,-1,-1,1,1,1,-1,1,-1,1,1,1,-1,1,1,-1,1,1,1,-1,1,1,-1,1,1,1,-1,1,1,-1,-1,1,1,-1,1,1,-1,1,-1,1,-1,1,1,1,-1,1,1,1,-1,1,1,-1,1,1,-1,1,1,1,-1,-1,-1,-1,1,1,1,-1,1,1,-1,1,1,-1,-1,1,1,1,1,1,-1,1,1,1,-1,1,1,1,1,-1,1,1,1,-1,1,-1,1,1,1,1,1,1,-1,-1,-1,1,-1,-1,1,-1,1,-1,1,1,1,1,1,-1,-1,1,-1,-1,1,-1,1,-1,1,1,-1,1,1,1,-1,-1,1,-1,1,1,-1,-1,1,1,1,-1,1,-1,-1,-1,1,-1,1,1,-1,-1,1,1,1,1,-1,1,-1,1,-1,-1,1,-1,-1,1,1,-1,1,1,-1,-1,-1,1,-1,1,1,1,-1,-1,1,-1,-1,1,-1,-1,-1,1,-1,1,1,1,-1,-1,1,1,-1,1,-1,-1,-1,1,-1,-1,1,-1,-1,-1,1,-1,-1,1,-1,-1,-1,-1,1,-1,1,-1,-1,-1,1,1,-1,-1,1,1,1,-1,1,-1,1,-1,1,1,1,-1,-1,-1,1,-1,-1,1,1,1,-1,1,-1,1,1,1,-1,1,1,-1,-1,-1,1,-1,-1,1,-1,-1,1,1,1,-1,1,-1,-1,1,1,-1,-1,1,-1,-1,1,1,-1,-1,1,-1,-1,-1,1,1,-1,1,1,-1,-1,1,-1,-1,1,-1,1,-1,1,1,-1,-1,1,-1,-1,-1,-1,-1,1,1,1,-1,-1,1,-1,-1,1,-1,-1,1,-1,-1,1,1,-1,-1,1,1,-1,1,1,-1,1,-1,1,-1,-1,1,1,-1,-1,-1,-1,-1,1,-1,-1,1,-1,-1,-1,1,1,-1,-1,-1,-1,-1,1,-1,-1,-1,-1,-1,1,1,1,-1,-1,-1,-1,-1,1,1,-1,-1,-1,-1,-1,1,1,1,-1,-1,-1,-1,1,1,-1,-1,-1,-1,1,1,1,1,1,-1,1,1,1,1,1,1,-1,-1,1,1,1,-1,1,-1,1,1,1,1,-1,1,-1,-1,1,-1,1,-1,1,-1,-1,1,-1,1,-1,1,-1,-1,1,-1,1,-1,1,-1,-1,1,-1,1,1,1,-1,-1,1,-1,1,1,1,-1,-1,1,1,-1,1,1,-1,-1,1,-1,1,-1,1,-1,-1,-1,-1,-1,1,1,-1,-1,1,-1,-1,1,1,-1,-1,-1,-1,1,-1,1,-1,-1,-1,-1,-1,1,-1,-1,1,-1,-1,1,-1,1,-1,-1,-1,-1,-1,1,1,1,-1,-1,-1,1,1,1,-1,-1,1,-1,-1,-1,1,-1,1,-1,-1,1,1,1,-1,-1,-1,-1,1,-1,1,1,-1,1,-1,-1,1,1,-1,-1,-1,-1,-1,-1,1,1,-1,-1,1,-1,1,1,-1,-1,-1,1,-1,1,1,-1,-1,1,-1,-1,1,1,1,-1,1,-1,1,1,1,-1,-1,1,-1,-1,1,1,1,-1,1,-1,-1,1,1,-1,1,1,-1,-1,1,1,-1,1,1,-1,-1,1,1,-1,1,1,-1,-1,1,1,1,1,-1,1,-1,-1,1,1,1,1,-1,-1,1,-1,1,1,1,1,-1,-1,1,-1,1,1,1,-1,1,-1,1,1,-1,1,-1,1,1,1,1,1,1,1,-1,-1,1,1,1,-1,1,-1,1,1,1,1,1,-1,1,-1,1,1,-1,1,1,-1,1,1,-1,1,1,-1,-1,1,1,1,1,-1,1,-1,-1,1,1,-1,-1,1,-1,1,1,1,-1,1,-1,-1,-1,1,1,-1,-1,1,-1,-1,1,1,-1,-1,1,-1,-1,1,1,1,-1,1,-1,-1,1,1,-1,-1,-1,1,-1,1,1,-1,1,1,-1,1,1,-1,-1,1,-1,-1,-1,1,1,-1,1,1,-1,1,1,-1,-1,1,-1,1,-1,-1,-1,-1,1,-1,-1,1,1,-1,1,1,-1,1,1,1,1,-1,1,-1,1,1,1,-1,-1,1,-1,-1,1,1,-1,-1,1,-1,1,1,1,-1,-1,1,-1,1,1,1,1,-1,1,-1,-1,1,1,-1,-1,-1,1,-1,1,1,1,-1,1,-1,-1,1,-2670.0,1,2000,445,1500,False
1086,1,1,-1,-1,1,-1,-1,-1,1,1,1,-1,1,1,1,1,-1,1,-1,-1,1,-1,1,1,1,-1,-1,-1,1,1,1,1,1,-1,-1,-1,1,-1,1,1,-1,-1,-1,1,1,1,1,-1,1,1,1,1,-1,1,-1,-1,1,-1,1,1,-1,-1,-1,-1,1,1,1,1,-1,-1,-1,1,1,1,1,-1,-1,-1,1,1,1,-1,-1,-1,1,1,1,1,-1,-1,-1,1,1,1,1,-1,-1,1,1,-1,1,1,-1,-1,1,1,1,1,1,-1,-1,1,1,1,1,1,-1,-1,1,1,1,1,1,1,-1,1,1,1,-1,1,1,-1,1,1,1,1,1,1,-1,-1,1,1,1,1,1,-1,1,1,1,1,1,1,-1,-1,-1,1,1,1,1,-1,1,1,1,1,-1,1,-1,1,-1,1,1,1,-1,-1,1,1,1,1,1,-1,1,-1,-1,1,-1,1,-1,1,1,1,1,1,1,1,1,1,-1,1,-1,1,-1,1,1,-1,1,-1,1,1,-1,1,-1,1,-1,1,-1,1,1,-1,1,-1,1,1,1,1,-1,-1,1,1,-1,-1,1,-1,1,-1,-1,1,-1,1,-1,1,-1,1,-1,-1,1,-1,1,-1,1,1,-1,1,-1,1,1,1,-1,1,1,-1,1,-1,1,-1,1,-1,1,-1,1,1,-1,1,-1,-1,-1,1,1,-1,1,-1,-1,-1,1,1,-1,-1,1,1,-1,-1,1,1,-1,1,1,-1,1,1,1,1,-1,1,-1,1,1,-1,1,-1,1,-1,1,1,1,1,1,1,-1,-1,1,-1,-1,1,1,1,-1,1,1,1,-1,1,1,1,1,1,1,1,1,-1,1,1,1,-1,-1,1,-1,1,1,1,-1,1,1,-1,-1,1,1,1,-1,1,-1,1,1,1,-1,1,1,-1,1,1,1,-1,1,1,-1,1,1,1,-1,1,1,-1,-1,1,1,-1,1,1,-1,1,-1,1,-1,1,1,1,-1,1,1,1,-1,1,1,-1,1,1,-1,1,-1,1,-1,-1,-1,-1,1,1,1,-1,1,1,-1,1,1,-1,-1,1,1,1,1,1,-1,1,1,1,-1,1,1,1,-1,-1,1,1,1,-1,1,-1,1,1,1,1,1,1,-1,-1,-1,1,-1,-1,1,1,-1,1,1,-1,1,1,1,1,-1,1,-1,-1,1,-1,1,-1,1,1,1,1,1,1,-1,-1,1,-1,1,1,1,-1,1,1,1,-1,1,1,-1,-1,1,-1,1,1,1,-1,1,1,1,1,1,1,-1,1,-1,1,1,1,-1,-1,1,-1,-1,1,1,-1,-1,1,-1,1,1,1,-1,-1,1,-1,-1,1,1,-1,-1,1,-1,1,1,1,1,-1,1,1,-1,-1,1,1,-1,-1,-1,1,-1,1,-1,-1,1,-1,-1,1,-1,1,-1,-1,1,-1,1,-1,1,-1,-1,1,-1,-1,1,1,1,-1,1,-1,1,-1,1,1,1,-1,-1,-1,1,-1,-1,-1,1,1,-1,1,-1,1,1,1,-1,1,1,-1,1,-1,1,-1,-1,1,-1,-1,1,1,1,-1,1,-1,-1,1,1,-1,-1,1,-1,-1,1,1,-1,-1,1,-1,-1,-1,1,1,-1,1,1,-1,-1,1,-1,-1,1,-1,1,-1,1,1,-1,-1,1,-1,-1,-1,-1,-1,1,1,1,-1,1,1,-1,-1,1,-1,-1,-1,-1,-1,-1,1,-1,-1,-1,-1,-1,1,1,-1,1,1,-1,-1,-1,1,1,-1,-1,-1,-1,1,1,-1,-1,1,-1,-1,-1,1,1,-1,-1,-1,-1,-1,1,-1,-1,1,-1,-1,1,1,1,-1,1,-1,-1,-1,1,1,-1,-1,-1,-1,-1,1,1,1,-1,-1,-1,-1,1,1,-1,-1,-1,-1,1,1,1,1,-1,-1,1,1,1,1,1,-1,-1,-1,1,1,1,1,1,-1,1,1,1,1,-1,1,-1,-1,1,-1,1,-1,1,-1,-1,1,-1,1,-1,-1,-1,-1,1,-1,1,-1,1,1,-1,1,-1,1,-1,1,1,-1,1,-1,1,-1,-1,-1,-1,1,1,-1,-1,-1,-1,-1,1,-1,1,-1,-1,-1,-1,-1,-1,-1,1,-1,-1,-1,1,-1,-1,1,-1,-1,-1,-1,-1,-1,1,-1,-1,-1,-1,-1,1,-1,-1,-1,1,-1,-1,1,-1,1,-1,-1,-1,-1,-1,-1,-1,1,-1,-1,-1,1,1,-1,-1,-1,1,-1,-1,-1,-1,-1,1,-1,-1,1,-1,1,-1,-1,-1,-1,1,-1,1,1,-1,1,-1,-1,1,1,-1,-1,-1,-1,-1,-1,1,1,-1,-1,1,-1,1,1,-1,-1,-1,1,-1,1,1,-1,-1,1,-1,-1,1,1,1,-1,1,-1,1,1,1,-1,-1,1,-1,-1,1,1,1,-1,1,-1,-1,1,1,-1,1,1,-1,-1,1,1,1,1,1,-1,-1,1,1,1,1,1,-1,-1,1,1,1,1,-1,1,-1,-1,1,1,1,1,-1,-1,1,-1,1,1,1,1,-1,-1,1,-1,1,1,1,-1,1,1,1,1,-1,1,-1,1,1,1,1,1,1,1,-1,1,1,1,1,-1,1,-1,1,1,1,1,1,-1,1,1,1,1,-1,1,1,-1,1,1,-1,1,1,-1,-1,1,1,1,1,-1,1,-1,1,1,1,-1,-1,1,-1,1,1,1,-1,1,-1,-1,-1,1,1,-1,-1,1,-1,-1,1,1,-1,-1,1,-1,-1,1,1,1,1,-1,-1,-1,1,1,-1,-1,-1,1,-1,-1,1,-1,1,1,-1,1,1,-1,-1,1,1,-1,-1,1,1,-1,1,1,-1,1,1,-1,-1,-1,-1,1,-1,-1,-1,-1,1,-1,-1,1,1,-1,1,1,-1,1,1,1,1,-1,1,-1,1,1,1,1,-1,1,-1,1,1,1,1,-1,1,-1,-1,1,1,1,-1,1,-1,1,1,-1,-1,-1,1,-1,-1,1,1,-1,-1,-1,1,-1,1,-1,1,-1,1,-1,-1,1,-2670.0,1,2000,445,1000,False
1087,1,1,-1,-1,1,-1,1,1,1,1,1,-1,1,1,1,1,-1,1,-1,-1,1,1,1,1,1,-1,-1,-1,1,1,1,1,1,-1,-1,1,-1,1,1,1,-1,-1,1,1,1,1,1,-1,1,1,1,1,-1,1,-1,-1,1,-1,1,1,-1,-1,-1,1,1,1,1,1,-1,-1,1,1,1,1,1,-1,-1,-1,1,1,1,-1,-1,-1,1,1,1,1,-1,1,-1,1,1,1,1,-1,-1,1,1,-1,1,1,-1,-1,1,1,1,1,1,-1,-1,1,1,-1,1,1,-1,-1,1,1,1,1,1,1,-1,1,1,1,-1,1,1,-1,1,1,1,1,1,1,-1,-1,1,1,1,1,1,-1,1,1,1,1,1,1,-1,-1,-1,1,1,1,1,-1,1,-1,1,1,-1,1,-1,1,-1,1,1,1,-1,-1,1,1,1,1,1,-1,1,-1,-1,1,-1,1,-1,1,1,1,1,1,1,1,1,1,-1,1,-1,1,-1,1,1,-1,1,-1,1,1,-1,1,-1,1,-1,1,-1,1,1,-1,1,-1,1,1,1,1,-1,-1,1,1,-1,-1,1,-1,1,-1,-1,1,-1,1,-1,1,-1,1,-1,-1,1,-1,1,-1,1,1,-1,1,-1,1,1,1,-1,1,1,-1,-1,-1,1,-1,1,-1,1,-1,1,1,-1,1,-1,-1,-1,1,1,-1,1,-1,-1,-1,1,1,-1,-1,1,1,-1,-1,1,1,-1,1,1,-1,1,1,1,1,-1,1,-1,1,1,-1,1,-1,1,1,1,1,1,1,1,1,-1,-1,1,-1,-1,-1,1,1,-1,1,1,1,-1,1,1,1,1,1,1,-1,1,-1,1,1,1,-1,1,1,-1,1,1,1,-1,1,1,-1,-1,1,1,1,-1,1,-1,1,1,1,-1,1,1,-1,1,1,1,-1,1,1,-1,1,1,1,-1,1,1,1,-1,-1,1,-1,1,1,-1,1,1,1,-1,1,1,1,-1,-1,1,1,-1,1,1,-1,1,1,-1,1,1,1,-1,-1,1,1,1,1,1,-1,1,-1,-1,1,1,-1,-1,-1,1,-1,1,1,-1,1,-1,1,1,1,1,1,-1,-1,1,-1,-1,-1,1,-1,1,-1,-1,1,1,1,-1,1,-1,1,-1,-1,1,1,-1,1,-1,1,1,1,1,1,-1,1,-1,-1,1,-1,1,-1,-1,-1,1,1,1,1,-1,-1,1,-1,1,1,1,-1,1,-1,1,-1,1,1,-1,-1,1,-1,1,1,1,1,-1,-1,1,1,1,1,-1,-1,1,-1,1,1,-1,1,-1,1,-1,1,1,-1,-1,-1,-1,1,1,1,-1,1,-1,1,-1,1,1,-1,-1,1,-1,1,1,1,1,-1,1,-1,-1,-1,1,1,-1,-1,-1,1,-1,1,-1,-1,1,-1,-1,1,-1,1,-1,-1,-1,-1,1,-1,1,-1,-1,1,-1,-1,1,1,1,-1,1,-1,1,-1,-1,1,1,-1,-1,-1,1,-1,-1,1,1,-1,1,1,-1,1,1,1,-1,1,1,-1,-1,-1,1,1,-1,1,-1,-1,1,1,-1,-1,1,-1,-1,1,1,-1,-1,1,-1,-1,1,1,-1,-1,1,-1,-1,-1,1,1,-1,1,-1,-1,-1,1,-1,-1,1,-1,1,-1,1,-1,-1,-1,1,-1,-1,-1,-1,-1,1,1,1,-1,1,-1,-1,-1,1,-1,-1,-1,-1,-1,-1,1,-1,-1,-1,1,-1,1,1,-1,1,1,1,-1,-1,1,1,-1,-1,-1,-1,1,1,-1,-1,1,-1,-1,-1,1,1,-1,-1,1,-1,-1,1,-1,-1,1,-1,-1,1,1,1,-1,1,-1,-1,-1,1,1,-1,-1,-1,-1,-1,1,1,1,-1,-1,-1,-1,1,1,-1,-1,-1,-1,1,1,1,1,-1,-1,1,1,1,1,1,-1,-1,-1,1,1,1,1,1,-1,1,1,1,1,-1,1,-1,-1,1,-1,1,-1,1,-1,-1,1,-1,1,-1,-1,-1,-1,1,-1,1,-1,1,-1,-1,1,-1,1,-1,1,-1,-1,1,-1,1,-1,-1,-1,-1,1,1,-1,-1,-1,-1,-1,1,-1,1,-1,-1,-1,-1,-1,-1,-1,1,-1,-1,-1,1,-1,-1,1,-1,-1,-1,-1,-1,1,1,-1,-1,-1,-1,-1,1,-1,-1,-1,1,-1,-1,1,-1,1,-1,-1,-1,-1,1,-1,-1,1,-1,-1,-1,-1,1,1,-1,-1,1,-1,1,-1,-1,-1,1,-1,-1,-1,-1,1,-1,-1,-1,-1,-1,1,1,1,-1,1,-1,1,-1,1,-1,-1,-1,-1,-1,-1,1,1,-1,-1,1,-1,1,1,-1,-1,-1,1,-1,1,1,-1,-1,1,-1,-1,1,1,1,-1,1,-1,1,1,1,-1,-1,1,-1,-1,1,-1,1,-1,1,-1,-1,1,1,-1,1,1,-1,-1,1,1,1,1,1,-1,-1,1,1,1,1,1,-1,-1,1,1,1,1,-1,1,-1,1,1,1,1,1,-1,-1,1,-1,1,1,1,1,-1,-1,1,-1,1,1,1,-1,1,1,1,1,-1,1,-1,1,1,1,1,1,1,1,-1,1,1,1,1,-1,1,-1,1,1,1,1,1,-1,1,1,1,1,-1,1,-1,1,1,1,-1,1,1,1,1,1,1,1,1,-1,1,1,1,1,1,-1,-1,1,-1,1,1,1,-1,1,-1,1,1,1,1,-1,-1,1,1,-1,1,1,1,-1,1,1,-1,1,1,1,-1,1,-1,1,1,1,-1,-1,-1,-1,1,-1,1,-1,1,1,1,1,1,-1,-1,1,1,1,1,-1,1,-1,1,-1,1,1,1,-1,-1,-1,-1,-1,-1,-1,-1,-1,1,-1,1,1,1,-1,1,1,-1,-1,1,1,1,-1,1,-1,1,1,1,1,-1,1,-1,1,1,1,1,-1,1,-1,1,1,1,1,-1,1,-1,1,-1,-1,-1,-1,1,-1,-1,1,1,-1,-1,-1,-1,1,1,-1,1,-1,1,-1,-1,1,-2670.0,1,2000,445,1000,False
1088,1,1,-1,-1,1,-1,-1,-1,1,1,1,-1,1,1,1,1,-1,1,-1,-1,-1,-1,1,1,1,-1,-1,-1,1,1,1,1,-1,-1,-1,-1,1,1,1,1,-1,-1,-1,1,1,1,1,-1,1,1,1,1,-1,1,-1,-1,1,-1,1,1,1,-1,-1,-1,1,1,1,1,-1,-1,-1,1,1,1,1,-1,-1,-1,1,1,1,-1,-1,-1,1,1,1,1,-1,-1,1,1,1,1,1,-1,-1,-1,1,-1,1,1,-1,-1,1,1,1,1,1,-1,-1,-1,1,-1,1,1,-1,-1,1,1,1,1,1,1,-1,-1,1,1,-1,1,1,-1,1,1,1,1,1,1,-1,1,1,1,1,1,1,-1,1,1,1,1,1,1,-1,-1,-1,1,1,1,1,-1,1,1,1,1,-1,1,-1,1,-1,1,1,1,-1,-1,1,1,1,1,1,-1,1,-1,-1,1,-1,1,-1,1,1,1,1,1,1,1,1,1,-1,1,-1,1,-1,1,1,-1,1,-1,1,1,-1,1,-1,1,-1,1,-1,1,1,-1,1,-1,1,1,1,1,-1,-1,1,1,-1,-1,1,-1,1,-1,-1,1,-1,1,-1,1,-1,1,-1,1,1,-1,-1,-1,1,1,-1,1,-1,1,1,1,-1,1,-1,-1,-1,-1,1,-1,1,1,1,-1,1,1,-1,1,-1,-1,-1,1,1,-1,1,-1,-1,-1,1,1,-1,-1,1,1,-1,-1,1,1,-1,1,1,-1,1,1,1,-1,-1,1,-1,1,1,-1,1,-1,1,1,-1,1,1,-1,-1,1,-1,-1,1,-1,1,-1,1,1,-1,1,1,1,-1,1,-1,-1,1,1,-1,-1,1,-1,1,1,1,1,-1,1,-1,1,1,1,-1,1,1,-1,-1,1,1,-1,1,1,-1,1,1,1,1,1,1,-1,1,1,1,1,1,-1,-1,1,1,1,1,1,-1,-1,-1,1,1,1,1,-1,-1,1,-1,1,-1,1,1,-1,-1,1,1,1,1,1,-1,-1,1,1,-1,1,-1,-1,-1,-1,-1,-1,1,1,-1,-1,1,1,-1,1,-1,-1,-1,1,1,-1,1,-1,-1,1,1,-1,1,1,-1,-1,-1,-1,1,1,1,1,-1,-1,1,-1,-1,1,-1,-1,1,-1,-1,1,-1,1,-1,-1,1,-1,-1,1,-1,-1,1,1,-1,1,-1,1,-1,-1,1,-1,1,-1,-1,-1,-1,1,-1,-1,1,1,-1,-1,1,-1,1,-1,-1,1,-1,1,-1,-1,1,1,-1,-1,1,-1,-1,-1,-1,-1,1,1,-1,-1,1,1,-1,1,-1,1,-1,1,1,-1,1,-1,-1,-1,-1,-1,-1,1,-1,1,-1,1,1,-1,1,-1,-1,1,-1,-1,1,-1,1,-1,-1,-1,1,-1,1,1,-1,-1,-1,1,-1,1,-1,-1,1,-1,1,1,1,1,-1,-1,1,1,-1,1,1,-1,-1,1,1,1,-1,1,1,-1,1,1,1,1,-1,1,1,-1,-1,-1,1,-1,1,1,-1,1,-1,1,-1,1,-1,-1,-1,1,1,-1,1,1,-1,-1,-1,1,-1,1,1,-1,1,-1,1,-1,-1,-1,-1,-1,-1,1,-1,-1,-1,-1,-1,-1,1,-1,1,1,1,1,-1,1,-1,1,1,-1,-1,-1,1,-1,-1,1,-1,1,-1,-1,1,1,1,1,-1,-1,1,1,1,1,-1,1,-1,-1,1,1,1,-1,-1,-1,1,1,1,1,-1,1,-1,1,-1,1,-1,1,1,-1,-1,1,1,1,-1,-1,-1,1,1,1,1,1,-1,-1,-1,1,1,1,1,-1,-1,-1,1,1,1,-1,-1,-1,1,1,1,1,1,-1,-1,-1,1,1,1,1,-1,-1,-1,1,1,-1,1,-1,-1,-1,1,1,1,1,-1,-1,1,1,1,1,-1,-1,1,1,-1,1,1,-1,-1,-1,1,1,1,1,1,-1,1,1,1,1,1,-1,-1,-1,1,-1,1,-1,-1,-1,-1,1,-1,1,1,-1,-1,-1,1,-1,1,1,-1,-1,-1,1,1,1,1,-1,-1,-1,1,-1,1,1,-1,-1,-1,1,1,-1,-1,-1,-1,-1,1,-1,1,-1,-1,-1,-1,-1,-1,-1,1,-1,-1,-1,1,-1,-1,1,-1,-1,-1,-1,-1,-1,1,-1,-1,-1,-1,-1,1,-1,-1,-1,1,-1,-1,1,-1,1,-1,-1,-1,-1,-1,-1,-1,1,-1,-1,-1,1,1,-1,-1,-1,1,-1,-1,-1,-1,-1,1,-1,-1,1,1,1,-1,-1,-1,-1,1,-1,1,1,-1,1,-1,-1,1,1,-1,-1,-1,-1,-1,-1,1,1,-1,-1,1,-1,1,1,-1,-1,-1,1,-1,1,1,-1,-1,1,-1,-1,1,1,1,-1,1,-1,1,1,1,-1,-1,1,-1,-1,1,1,1,-1,1,-1,-1,1,1,-1,1,1,-1,-1,1,1,-1,1,1,-1,-1,1,1,-1,1,1,-1,-1,1,1,1,1,1,1,-1,1,1,1,-1,1,-1,-1,1,-1,1,1,1,1,-1,1,1,-1,1,1,1,-1,1,1,1,1,-1,1,-1,1,1,1,1,1,1,1,-1,1,1,1,1,-1,1,-1,1,1,1,1,-1,1,-1,1,1,1,-1,-1,-1,1,1,1,-1,1,-1,1,1,1,1,1,-1,1,-1,1,1,1,1,-1,-1,-1,-1,1,1,1,-1,1,-1,-1,-1,1,1,-1,1,-1,-1,1,1,1,-1,1,-1,1,-1,1,1,1,1,1,-1,1,1,1,-1,-1,1,-1,1,-1,1,-1,1,-1,1,1,1,-1,-1,1,1,1,-1,1,1,-1,1,-1,1,1,1,-1,-1,-1,-1,-1,-1,-1,-1,-1,1,-1,1,1,1,-1,1,1,-1,-1,1,1,1,-1,1,-1,1,1,1,-1,-1,1,-1,1,1,1,-1,1,1,-1,1,1,1,-1,-1,1,-1,1,-1,1,1,-1,1,-1,-1,1,1,1,-1,1,1,-1,1,-1,1,-1,1,-1,-1,1,-2670.0,1,2000,445,1000,False
1089,1,1,-1,-1,1,1,-1,-1,1,1,1,-1,1,1,1,1,-1,1,-1,-1,-1,-1,1,1,1,-1,-1,-1,1,1,1,1,1,-1,-1,-1,1,-1,1,1,-1,-1,-1,1,1,1,1,-1,1,1,1,1,-1,1,-1,-1,1,-1,1,1,1,-1,-1,-1,1,1,1,1,-1,-1,-1,1,1,1,1,-1,-1,-1,1,1,1,-1,-1,-1,1,1,1,1,-1,-1,1,1,1,1,1,-1,-1,-1,1,-1,1,1,-1,-1,1,1,1,1,1,-1,-1,-1,1,1,1,1,-1,-1,1,1,1,1,1,1,-1,-1,1,1,-1,1,1,-1,1,1,1,1,1,1,-1,1,1,1,1,1,1,-1,1,1,1,1,1,1,-1,-1,-1,1,1,1,1,-1,1,1,1,1,-1,1,-1,1,-1,1,1,1,-1,-1,1,1,1,1,1,-1,1,-1,-1,1,-1,1,-1,1,1,1,1,1,1,1,1,1,-1,1,-1,1,-1,1,1,-1,1,-1,1,1,-1,1,-1,1,-1,1,-1,1,1,-1,-1,-1,1,1,1,1,-1,-1,1,1,-1,-1,1,-1,1,-1,-1,1,-1,1,-1,1,-1,1,-1,1,1,-1,-1,-1,1,1,-1,1,-1,1,1,1,-1,1,1,-1,-1,-1,1,-1,1,-1,1,-1,1,1,-1,1,-1,-1,-1,1,1,-1,1,-1,-1,-1,1,1,-1,-1,1,1,-1,-1,1,1,-1,1,1,-1,1,1,1,1,-1,1,-1,1,1,-1,1,-1,1,-1,1,1,1,1,1,1,-1,-1,1,-1,-1,-1,1,1,-1,1,1,1,-1,1,1,1,1,1,1,1,1,-1,1,1,1,-1,1,1,-1,1,1,1,-1,1,1,-1,-1,1,1,1,-1,1,-1,1,1,1,-1,1,1,-1,1,1,1,-1,1,1,-1,1,1,1,-1,1,1,-1,-1,1,1,-1,1,1,-1,1,-1,1,-1,1,1,1,-1,1,1,1,-1,1,1,-1,1,1,-1,1,1,1,-1,-1,-1,-1,1,1,1,-1,1,1,-1,1,1,-1,-1,1,1,1,1,1,-1,1,1,1,-1,1,1,1,1,-1,1,1,1,-1,1,-1,1,1,1,-1,1,1,-1,-1,-1,1,-1,-1,1,-1,1,-1,1,-1,1,1,1,-1,-1,1,-1,-1,1,-1,1,-1,1,1,-1,1,1,1,-1,-1,1,-1,1,1,-1,-1,1,1,1,-1,1,-1,-1,-1,1,-1,1,1,-1,-1,1,1,1,1,-1,1,-1,1,-1,1,1,-1,-1,-1,1,-1,1,1,-1,-1,-1,1,-1,1,1,1,-1,-1,1,-1,-1,1,-1,-1,-1,1,-1,1,1,1,-1,-1,1,1,-1,1,-1,-1,-1,-1,1,1,1,-1,-1,-1,1,-1,-1,1,-1,-1,-1,-1,1,-1,1,-1,-1,-1,-1,1,-1,-1,1,1,1,-1,1,-1,1,1,1,1,1,-1,-1,-1,1,-1,-1,1,1,1,-1,1,-1,1,1,1,-1,1,1,-1,-1,-1,1,-1,-1,1,-1,-1,1,1,1,-1,1,-1,-1,1,1,-1,-1,1,-1,-1,1,1,-1,-1,1,-1,-1,-1,1,1,-1,1,1,-1,-1,1,-1,-1,1,-1,1,-1,1,1,-1,-1,1,-1,-1,-1,-1,-1,1,1,1,-1,-1,1,-1,-1,1,-1,-1,1,-1,-1,1,1,-1,-1,1,-1,-1,1,1,-1,1,-1,1,-1,-1,1,1,-1,-1,-1,-1,1,1,-1,-1,1,-1,-1,-1,1,1,-1,-1,-1,-1,-1,1,-1,-1,-1,-1,-1,-1,1,1,-1,-1,-1,-1,1,1,1,-1,-1,-1,-1,-1,1,1,1,-1,-1,-1,-1,1,1,-1,-1,-1,-1,1,1,1,1,1,-1,1,1,1,1,1,1,-1,-1,1,1,1,-1,-1,-1,1,1,1,1,-1,1,-1,-1,1,-1,1,-1,1,-1,-1,1,-1,1,-1,1,-1,-1,1,-1,1,-1,1,1,-1,1,-1,1,1,1,1,-1,1,-1,1,1,1,-1,-1,1,1,-1,1,1,-1,-1,1,-1,1,-1,1,-1,-1,-1,-1,-1,1,1,-1,-1,1,-1,-1,1,1,-1,-1,-1,-1,1,-1,1,-1,-1,-1,-1,-1,1,-1,-1,1,-1,-1,1,-1,1,-1,-1,-1,-1,-1,1,1,1,-1,-1,-1,1,1,1,-1,-1,1,-1,-1,-1,1,-1,1,-1,-1,1,1,1,-1,-1,-1,-1,1,-1,1,1,-1,1,-1,-1,1,1,-1,-1,-1,-1,-1,-1,1,1,-1,-1,1,-1,1,1,-1,-1,-1,1,-1,1,1,-1,-1,1,-1,-1,1,1,1,-1,1,-1,1,1,1,-1,-1,1,-1,-1,1,1,1,-1,1,-1,-1,1,1,-1,1,1,-1,-1,1,1,-1,1,1,-1,-1,1,1,1,1,1,-1,-1,1,1,1,1,1,1,-1,-1,1,1,1,1,-1,-1,1,-1,1,1,1,1,-1,-1,1,-1,1,1,1,-1,1,1,1,1,-1,1,-1,1,1,1,1,1,1,1,-1,1,1,1,1,-1,1,-1,1,1,1,1,1,-1,1,1,1,1,-1,1,1,-1,1,1,-1,1,1,-1,-1,1,1,1,1,-1,1,-1,1,1,1,-1,-1,1,-1,1,1,1,-1,1,-1,-1,-1,1,1,-1,-1,1,-1,-1,1,1,1,-1,1,-1,-1,1,1,1,-1,1,-1,-1,1,1,-1,-1,-1,1,-1,1,1,-1,1,1,-1,1,1,-1,-1,1,1,-1,-1,1,1,-1,1,1,-1,1,1,-1,-1,-1,-1,1,-1,-1,-1,-1,-1,1,-1,1,1,-1,1,1,-1,1,1,1,1,-1,1,-1,1,1,1,-1,-1,1,-1,-1,-1,1,-1,-1,1,-1,1,1,1,-1,-1,1,-1,1,1,1,1,-1,1,-1,-1,1,1,1,-1,-1,1,-1,1,-1,1,-1,1,-1,-1,1,-2670.0,1,2000,445,0,False
1090,1,1,-1,-1,1,1,-1,-1,1,1,1,-1,-1,1,1,1,-1,1,-1,-1,-1,-1,1,1,1,-1,-1,-1,1,1,1,1,1,-1,-1,-1,1,-1,1,1,-1,-1,-1,1,1,1,1,-1,1,1,1,1,-1,1,-1,-1,1,-1,1,1,-1,-1,-1,-1,1,1,1,1,-1,-1,-1,1,1,1,1,-1,-1,-1,1,1,1,-1,-1,-1,1,1,1,1,-1,-1,-1,1,1,1,1,-1,-1,1,1,-1,1,1,-1,-1,1,1,1,1,1,-1,-1,1,1,-1,1,1,-1,-1,1,1,1,1,1,1,-1,-1,1,1,-1,1,1,-1,1,1,1,1,1,1,-1,-1,1,1,1,1,1,-1,1,1,1,1,1,1,-1,-1,-1,1,1,1,1,-1,1,1,1,1,-1,1,-1,1,1,1,1,1,-1,-1,1,1,1,1,1,-1,1,-1,-1,1,-1,1,-1,1,1,1,1,1,1,1,1,1,-1,1,-1,1,-1,1,1,-1,1,-1,1,1,-1,1,-1,1,-1,1,-1,1,1,-1,1,-1,1,1,1,1,-1,-1,1,1,-1,-1,1,-1,1,-1,1,1,-1,1,-1,1,-1,1,-1,1,1,-1,-1,-1,1,1,-1,1,-1,1,1,1,-1,1,1,-1,1,-1,1,-1,1,-1,1,-1,1,1,-1,1,-1,-1,-1,1,1,-1,1,-1,-1,-1,1,1,-1,-1,1,1,-1,-1,1,1,-1,1,1,-1,1,1,1,1,-1,1,-1,1,1,-1,1,-1,1,-1,1,1,1,1,1,1,-1,-1,1,-1,-1,1,1,1,-1,1,1,1,-1,1,1,1,1,1,1,1,1,-1,1,1,1,-1,1,1,-1,1,1,1,-1,1,1,-1,-1,1,1,1,-1,1,-1,1,1,1,-1,1,1,-1,1,1,1,-1,1,1,-1,1,1,1,-1,1,1,-1,-1,1,1,-1,1,1,-1,1,-1,1,-1,1,1,1,-1,1,1,1,-1,1,1,-1,1,1,-1,1,1,1,-1,-1,-1,-1,1,1,1,-1,1,1,-1,1,1,-1,-1,1,1,1,1,1,-1,1,1,1,-1,1,1,1,1,-1,1,1,-1,-1,1,-1,1,1,1,-1,1,1,-1,-1,-1,1,-1,-1,1,1,-1,1,1,-1,1,1,1,1,-1,1,-1,-1,1,-1,1,-1,1,1,1,1,1,1,-1,-1,1,-1,1,1,1,-1,1,1,1,-1,1,1,-1,-1,1,-1,1,1,1,-1,1,1,1,1,1,1,-1,1,-1,-1,1,1,1,-1,1,-1,-1,1,1,-1,-1,1,-1,1,1,1,-1,-1,1,-1,-1,1,1,-1,-1,1,-1,1,1,1,1,-1,1,1,-1,-1,1,1,-1,-1,1,1,-1,1,-1,-1,1,-1,-1,1,-1,1,-1,-1,1,-1,1,-1,1,-1,-1,1,-1,-1,1,1,1,-1,1,-1,1,-1,-1,-1,1,-1,-1,-1,1,-1,-1,1,1,1,-1,1,-1,1,1,1,-1,1,1,-1,1,-1,1,-1,1,1,-1,-1,1,1,1,-1,1,-1,-1,1,1,-1,-1,1,-1,-1,1,1,-1,-1,1,-1,-1,-1,1,1,-1,1,1,-1,-1,1,-1,-1,1,-1,1,-1,1,1,-1,-1,1,-1,-1,-1,-1,-1,-1,1,1,-1,1,1,-1,1,1,-1,-1,-1,-1,-1,1,1,-1,-1,-1,1,-1,1,1,-1,1,1,1,-1,-1,1,1,-1,-1,-1,-1,-1,1,-1,-1,1,-1,-1,-1,1,1,-1,-1,-1,-1,-1,1,-1,-1,1,-1,-1,1,1,1,-1,1,-1,-1,-1,1,1,-1,-1,-1,-1,-1,1,1,1,-1,-1,-1,-1,1,1,-1,-1,-1,-1,1,1,1,1,-1,-1,1,1,1,1,1,-1,-1,-1,1,1,1,1,1,-1,1,1,1,1,-1,1,-1,-1,1,-1,1,-1,1,-1,-1,1,-1,1,-1,-1,-1,-1,1,-1,1,-1,1,1,-1,1,-1,1,-1,1,1,-1,1,-1,1,-1,-1,-1,-1,1,1,-1,-1,-1,-1,-1,1,-1,1,-1,-1,-1,-1,-1,-1,-1,1,-1,-1,-1,1,-1,-1,1,-1,-1,-1,-1,-1,-1,1,-1,-1,-1,-1,-1,1,-1,-1,-1,1,-1,-1,1,-1,1,-1,-1,-1,-1,-1,-1,-1,1,-1,-1,-1,1,1,1,-1,-1,-1,1,-1,-1,-1,-1,1,-1,-1,1,-1,1,-1,-1,-1,-1,1,-1,1,1,-1,1,-1,-1,1,1,-1,-1,-1,-1,-1,-1,1,1,-1,-1,1,-1,1,1,-1,-1,-1,1,-1,1,1,-1,-1,1,-1,-1,1,1,1,-1,1,-1,1,1,1,-1,-1,1,-1,-1,1,1,1,-1,1,-1,-1,1,1,-1,1,1,-1,-1,1,1,1,1,1,-1,-1,1,1,1,1,1,-1,-1,1,1,1,1,1,1,-1,-1,1,1,-1,1,-1,-1,1,-1,1,1,1,1,-1,-1,1,-1,1,1,1,-1,1,1,1,1,-1,1,-1,1,1,1,1,1,1,1,-1,1,1,1,1,-1,1,-1,1,1,1,1,1,-1,1,1,1,1,-1,1,1,-1,1,1,-1,1,1,-1,-1,1,1,1,1,-1,1,-1,1,1,1,-1,-1,1,-1,1,1,1,-1,1,-1,-1,-1,1,1,-1,-1,1,-1,-1,1,1,1,-1,1,-1,-1,1,1,1,-1,1,-1,-1,1,1,-1,-1,-1,1,-1,1,1,-1,1,1,-1,1,1,-1,-1,1,1,-1,-1,1,1,-1,1,1,-1,1,1,-1,-1,-1,-1,1,-1,-1,-1,-1,-1,1,-1,1,1,-1,1,1,-1,1,1,1,1,-1,1,-1,1,1,1,1,-1,1,-1,-1,-1,1,1,-1,1,-1,1,1,1,1,-1,1,-1,1,1,1,-1,-1,1,-1,-1,1,1,-1,-1,-1,1,-1,1,-1,1,-1,1,-1,1,1,-2670.0,1,2000,445,1000,False
1091,1,1,-1,-1,1,-1,-1,-1,1,1,1,-1,1,1,1,1,-1,1,-1,-1,-1,-1,1,1,1,-1,-1,-1,1,1,1,1,-1,-1,-1,-1,1,-1,1,1,-1,-1,-1,1,1,1,1,-1,1,1,1,1,-1,1,-1,-1,1,-1,1,1,1,-1,-1,-1,1,1,1,1,-1,-1,-1,1,1,1,1,-1,-1,-1,1,1,1,-1,-1,-1,1,1,1,1,-1,-1,-1,1,1,1,1,-1,-1,1,1,-1,1,1,-1,-1,1,1,1,1,1,-1,-1,1,1,-1,1,1,-1,-1,1,1,1,1,1,1,-1,1,1,1,-1,1,1,-1,1,1,1,1,1,1,-1,-1,1,1,1,1,1,-1,1,1,1,1,1,1,-1,-1,-1,1,1,1,1,-1,1,1,1,1,-1,1,-1,1,-1,1,1,1,-1,-1,1,1,1,1,1,-1,1,-1,-1,1,-1,1,-1,1,1,1,1,1,1,1,1,1,1,1,-1,1,-1,1,1,-1,1,-1,1,1,-1,1,-1,1,-1,1,-1,1,1,-1,-1,-1,1,1,1,1,-1,-1,1,1,-1,-1,1,-1,1,-1,-1,1,-1,1,-1,1,-1,1,-1,1,1,-1,-1,-1,1,1,-1,1,-1,1,1,1,-1,1,1,-1,1,-1,1,-1,1,-1,1,-1,1,1,-1,1,-1,-1,-1,1,1,-1,1,-1,-1,-1,1,1,-1,-1,1,1,-1,-1,1,1,-1,1,1,-1,1,1,1,1,-1,1,-1,1,1,-1,1,-1,1,1,-1,1,1,1,1,1,-1,-1,1,-1,-1,-1,1,1,-1,1,1,1,-1,1,-1,-1,1,1,1,-1,1,-1,1,1,1,-1,-1,1,-1,1,1,1,-1,1,1,-1,1,-1,1,1,-1,1,-1,1,1,1,-1,1,1,-1,1,1,1,-1,1,-1,-1,1,1,1,-1,1,-1,-1,1,1,1,-1,1,-1,-1,-1,-1,1,-1,1,1,-1,1,1,1,1,1,1,-1,-1,-1,1,-1,1,-1,-1,1,-1,-1,-1,1,1,-1,1,-1,1,-1,1,-1,1,-1,1,1,1,1,-1,1,-1,1,1,-1,1,-1,-1,-1,-1,1,1,1,1,-1,-1,1,1,1,1,-1,-1,1,-1,-1,1,-1,1,-1,1,-1,1,1,1,-1,-1,1,1,-1,1,-1,1,-1,-1,1,-1,1,1,-1,-1,-1,1,-1,-1,1,1,-1,-1,1,-1,1,1,-1,1,-1,1,-1,-1,1,1,-1,1,1,-1,1,1,-1,-1,1,1,-1,1,-1,1,-1,1,-1,-1,1,-1,1,-1,1,-1,-1,1,-1,-1,-1,1,-1,-1,1,1,1,1,1,-1,-1,1,-1,-1,1,-1,1,-1,1,1,1,-1,1,1,-1,-1,-1,1,-1,1,-1,-1,1,-1,1,1,-1,1,-1,-1,1,1,-1,-1,1,-1,-1,1,1,1,1,1,1,-1,1,1,1,-1,-1,-1,1,-1,-1,-1,1,-1,-1,1,-1,1,-1,1,-1,1,-1,-1,-1,1,1,-1,1,1,-1,-1,-1,1,-1,1,1,-1,1,-1,1,-1,-1,-1,-1,-1,-1,1,-1,-1,-1,-1,-1,-1,1,-1,1,1,1,1,-1,1,-1,1,1,-1,-1,-1,1,-1,-1,1,-1,1,-1,-1,1,1,1,1,-1,-1,1,1,1,1,-1,1,-1,-1,1,1,1,-1,-1,-1,1,1,1,1,-1,1,-1,1,-1,1,-1,1,1,-1,-1,1,1,1,-1,-1,-1,1,1,1,1,1,-1,-1,-1,1,1,1,1,-1,-1,-1,1,-1,1,-1,-1,-1,-1,1,1,1,1,-1,-1,1,1,-1,1,-1,-1,-1,-1,1,1,-1,1,-1,-1,-1,1,1,1,1,-1,-1,1,1,1,-1,1,-1,1,1,-1,1,1,-1,-1,-1,1,1,-1,1,1,-1,1,1,1,-1,1,1,-1,-1,1,-1,1,-1,1,-1,-1,1,1,-1,1,-1,-1,-1,1,-1,-1,1,-1,1,-1,1,1,-1,-1,1,1,-1,1,-1,-1,1,-1,-1,-1,1,1,1,-1,-1,-1,-1,1,-1,1,-1,-1,-1,-1,-1,-1,-1,1,-1,-1,-1,1,-1,-1,1,-1,-1,-1,-1,-1,1,1,-1,-1,-1,-1,-1,1,-1,-1,-1,1,-1,-1,1,-1,1,-1,-1,-1,-1,-1,-1,-1,1,-1,-1,-1,1,1,-1,-1,-1,1,-1,1,-1,-1,-1,1,-1,-1,1,-1,1,-1,-1,-1,-1,1,-1,1,1,-1,1,-1,-1,1,1,-1,-1,-1,-1,-1,-1,1,1,-1,-1,1,-1,1,1,-1,-1,-1,1,-1,-1,1,-1,-1,1,-1,-1,1,1,1,-1,1,-1,1,1,1,-1,-1,1,-1,-1,1,1,1,-1,1,-1,-1,1,1,-1,1,1,-1,-1,1,1,1,1,1,-1,-1,1,1,-1,1,1,-1,-1,1,1,1,1,1,1,-1,-1,1,1,1,1,-1,-1,1,-1,1,1,1,1,-1,-1,1,-1,1,1,1,-1,1,1,1,1,-1,1,-1,1,1,1,1,1,1,1,-1,1,1,1,1,-1,1,-1,1,1,1,1,1,-1,1,1,1,1,-1,1,1,-1,1,1,-1,1,1,-1,-1,1,1,1,1,-1,1,-1,1,1,1,-1,-1,1,-1,1,1,1,-1,1,-1,-1,-1,1,1,-1,-1,1,-1,-1,1,1,-1,-1,1,-1,-1,1,1,1,-1,1,-1,-1,1,1,-1,-1,1,1,-1,-1,1,-1,1,1,-1,1,1,-1,-1,1,-1,-1,-1,1,1,-1,1,1,-1,1,1,-1,-1,-1,-1,1,-1,-1,-1,-1,1,-1,-1,1,1,-1,1,1,-1,1,1,1,1,-1,1,-1,1,1,1,1,-1,1,-1,-1,1,1,1,-1,1,-1,1,1,1,1,-1,1,-1,1,1,1,-1,-1,1,-1,-1,1,1,-1,-1,-1,1,-1,1,-1,1,-1,1,-1,-1,1,-2670.0,1,2000,445,1000,False
1092,1,1,-1,-1,1,1,-1,-1,1,1,1,-1,-1,1,1,1,-1,1,-1,-1,-1,-1,1,1,1,1,-1,-1,1,1,1,1,-1,-1,-1,-1,1,1,1,1,-1,-1,-1,1,1,1,1,-1,1,1,1,1,-1,1,-1,-1,1,-1,1,1,1,-1,-1,-1,1,1,1,1,-1,-1,-1,1,1,1,1,-1,-1,-1,1,1,1,-1,-1,-1,1,1,1,1,-1,-1,1,1,1,1,1,-1,-1,-1,1,-1,1,1,-1,-1,1,1,1,1,1,-1,-1,-1,1,-1,1,1,-1,-1,1,1,1,1,1,1,-1,-1,1,1,-1,1,1,-1,1,1,1,1,1,1,-1,1,1,1,1,1,1,-1,1,1,1,1,1,1,-1,-1,-1,1,1,1,1,-1,1,1,1,1,-1,1,-1,1,-1,1,1,1,-1,-1,1,1,1,1,1,-1,1,-1,-1,1,-1,1,-1,1,1,1,1,1,1,1,1,1,1,1,-1,1,-1,1,1,-1,1,-1,1,1,-1,1,-1,1,-1,1,-1,1,1,-1,1,-1,1,1,1,1,-1,-1,1,1,-1,-1,1,-1,1,-1,-1,1,-1,1,-1,1,-1,1,-1,-1,1,-1,-1,-1,1,1,-1,1,-1,1,1,1,-1,1,1,-1,1,-1,1,-1,1,-1,1,-1,1,1,-1,1,-1,-1,-1,1,1,-1,1,-1,-1,-1,1,1,-1,-1,1,1,-1,-1,1,1,-1,1,1,-1,1,1,1,1,-1,1,-1,1,1,-1,1,-1,1,1,1,1,1,1,1,1,-1,-1,1,-1,-1,-1,1,1,-1,1,1,1,-1,1,1,1,1,1,1,-1,1,-1,1,1,1,-1,-1,1,-1,1,1,1,-1,1,1,-1,-1,1,1,1,-1,1,-1,1,1,1,-1,1,1,-1,1,1,1,-1,1,1,-1,1,1,1,-1,1,1,-1,-1,1,1,-1,1,1,-1,1,-1,1,-1,1,1,1,-1,1,1,1,-1,1,1,-1,1,1,-1,1,1,1,-1,-1,-1,-1,1,1,1,-1,1,1,-1,1,1,-1,-1,1,1,1,1,1,-1,1,1,1,-1,1,1,1,-1,-1,1,1,1,-1,1,-1,1,1,1,1,1,1,-1,-1,-1,1,-1,-1,1,1,-1,1,1,-1,1,1,1,1,-1,1,-1,-1,1,-1,1,-1,1,1,-1,1,1,1,-1,-1,1,-1,1,1,1,-1,1,1,1,-1,1,1,-1,-1,1,-1,1,1,1,-1,1,1,1,1,1,1,-1,1,-1,-1,1,1,-1,-1,1,-1,1,1,1,-1,-1,1,-1,1,1,1,-1,-1,1,-1,-1,1,1,-1,-1,1,-1,1,1,1,1,-1,1,-1,-1,1,1,1,-1,-1,-1,-1,1,1,-1,-1,1,-1,-1,1,-1,1,-1,-1,1,-1,1,-1,1,-1,-1,1,-1,-1,1,1,1,-1,1,-1,1,-1,-1,1,1,-1,-1,-1,1,-1,-1,1,1,1,-1,1,-1,1,1,1,-1,1,1,-1,-1,-1,1,-1,-1,1,-1,-1,1,1,1,-1,1,-1,-1,1,1,-1,-1,1,-1,-1,1,1,-1,-1,1,-1,-1,-1,1,1,-1,1,-1,-1,-1,1,-1,-1,1,-1,1,-1,1,1,-1,-1,1,-1,-1,-1,-1,-1,1,1,1,-1,-1,1,-1,-1,1,-1,-1,1,-1,-1,1,1,-1,-1,1,1,-1,1,1,-1,1,-1,1,-1,-1,1,1,-1,-1,-1,-1,1,1,-1,-1,1,-1,-1,-1,1,1,-1,-1,-1,-1,-1,1,-1,-1,-1,-1,-1,1,1,1,-1,-1,-1,-1,-1,1,1,-1,-1,-1,-1,-1,1,1,1,-1,-1,-1,-1,1,1,-1,-1,-1,-1,1,1,1,1,-1,-1,1,1,1,1,1,-1,-1,-1,1,1,1,1,1,-1,1,1,1,1,-1,1,-1,-1,1,-1,1,-1,1,-1,-1,1,-1,1,-1,-1,-1,-1,1,-1,1,-1,1,-1,-1,1,-1,1,-1,1,-1,-1,1,-1,1,-1,-1,-1,-1,1,1,-1,-1,-1,-1,-1,1,-1,1,-1,-1,-1,-1,-1,-1,-1,1,-1,-1,-1,1,-1,-1,1,-1,-1,-1,-1,-1,1,1,-1,-1,-1,-1,-1,1,-1,-1,-1,1,-1,-1,1,-1,1,-1,-1,-1,-1,-1,-1,-1,1,-1,-1,-1,1,1,-1,-1,-1,1,-1,-1,-1,-1,-1,1,-1,-1,1,1,1,-1,-1,-1,-1,1,-1,1,1,-1,1,-1,-1,1,1,-1,-1,-1,-1,-1,-1,1,1,-1,-1,1,-1,1,1,-1,-1,-1,1,-1,1,1,-1,-1,1,-1,-1,1,1,1,-1,1,-1,1,1,1,-1,-1,1,-1,-1,1,-1,1,-1,1,-1,-1,1,1,-1,1,1,-1,-1,1,1,-1,1,1,-1,-1,1,1,-1,1,1,-1,-1,1,1,1,1,-1,1,-1,-1,1,1,1,1,-1,-1,1,-1,1,1,1,1,-1,-1,1,-1,1,1,1,-1,1,1,1,1,-1,1,-1,1,1,1,1,1,1,1,-1,1,1,1,1,-1,1,-1,1,1,1,1,1,-1,1,1,1,1,-1,1,1,-1,1,1,-1,1,1,-1,-1,1,1,1,1,-1,1,-1,1,1,1,-1,-1,1,-1,1,1,1,-1,1,-1,-1,-1,1,1,-1,-1,1,-1,-1,1,1,-1,-1,1,-1,-1,1,1,1,-1,1,-1,-1,1,1,-1,-1,-1,1,-1,1,1,-1,1,1,-1,1,1,-1,-1,1,1,-1,-1,1,1,-1,1,1,-1,1,1,-1,-1,1,-1,1,-1,-1,-1,-1,1,-1,-1,1,1,-1,1,1,-1,1,1,1,1,-1,1,-1,1,1,1,-1,-1,1,-1,-1,1,1,-1,-1,1,-1,1,1,1,-1,-1,1,-1,1,1,1,1,-1,1,-1,-1,1,1,1,-1,-1,1,-1,1,-1,1,-1,1,-1,-1,1,-2670.0,1,2000,445,1000,False
1093,1,1,-1,-1,1,-1,-1,-1,1,1,1,-1,1,1,1,1,-1,1,-1,-1,-1,-1,1,1,1,-1,1,-1,1,1,1,1,-1,-1,-1,-1,1,1,1,-1,-1,-1,-1,1,1,1,1,-1,1,1,1,1,-1,1,-1,-1,1,-1,1,1,1,-1,-1,-1,1,1,1,1,-1,-1,-1,1,1,1,1,-1,-1,-1,1,1,1,-1,-1,-1,1,1,1,1,-1,-1,-1,1,1,1,1,-1,-1,1,1,-1,1,1,-1,-1,1,1,1,1,1,-1,-1,1,1,-1,1,1,-1,-1,1,1,1,1,1,1,-1,-1,1,1,-1,1,1,-1,1,1,1,1,1,1,-1,-1,1,1,1,1,1,-1,1,1,1,1,1,1,-1,-1,-1,1,1,1,1,-1,1,1,1,1,-1,1,-1,1,-1,1,1,1,-1,-1,1,1,1,1,1,-1,1,-1,-1,1,-1,1,-1,1,1,1,1,1,1,1,1,1,1,1,-1,1,-1,1,1,-1,1,-1,1,1,-1,1,-1,1,-1,1,-1,1,1,-1,1,-1,1,1,1,1,-1,-1,1,1,-1,-1,1,-1,1,-1,-1,1,-1,1,-1,1,-1,1,-1,1,1,-1,-1,-1,1,1,-1,1,-1,1,1,1,-1,1,1,-1,1,-1,1,-1,1,-1,1,-1,1,1,-1,1,-1,-1,-1,1,1,-1,1,-1,-1,-1,1,1,-1,-1,1,1,-1,-1,1,1,-1,1,1,-1,1,1,1,1,-1,1,-1,1,1,-1,1,-1,1,1,1,1,1,-1,-1,1,-1,-1,1,-1,-1,-1,1,1,-1,1,1,1,-1,1,1,1,1,1,1,1,1,-1,1,1,1,1,-1,1,-1,1,1,1,-1,1,1,-1,-1,1,1,1,-1,1,-1,1,1,1,-1,1,1,-1,1,1,1,-1,1,1,-1,1,1,1,1,1,1,-1,-1,1,1,-1,1,1,-1,1,-1,1,-1,1,1,1,-1,1,1,1,1,1,1,-1,1,1,-1,1,1,1,-1,-1,-1,-1,1,1,1,-1,1,1,-1,1,1,-1,-1,1,1,1,1,1,-1,1,1,1,-1,1,1,1,1,-1,1,1,1,-1,1,-1,1,-1,1,1,1,1,-1,-1,-1,1,-1,-1,1,1,-1,1,1,1,1,1,1,1,-1,1,-1,-1,1,-1,1,-1,1,-1,1,1,1,1,-1,-1,1,-1,1,1,1,-1,1,1,1,-1,1,1,-1,1,-1,-1,1,1,1,-1,1,-1,1,1,1,1,-1,1,-1,1,1,1,-1,1,1,-1,1,1,1,-1,-1,1,-1,1,1,1,-1,1,-1,-1,-1,1,1,-1,-1,1,-1,1,1,1,1,-1,1,-1,-1,1,1,1,-1,-1,-1,-1,1,1,-1,-1,1,-1,-1,1,-1,1,-1,-1,1,-1,1,-1,1,-1,-1,1,-1,-1,1,1,1,-1,1,-1,1,-1,-1,1,1,-1,-1,-1,1,-1,-1,-1,1,1,-1,1,-1,1,1,1,-1,1,1,-1,-1,-1,1,-1,-1,1,-1,-1,1,1,1,-1,1,-1,-1,1,1,-1,-1,1,-1,-1,1,1,-1,-1,1,-1,-1,-1,1,1,-1,1,-1,-1,-1,1,-1,-1,1,-1,1,-1,1,1,-1,-1,1,-1,-1,-1,-1,-1,1,1,1,-1,-1,1,-1,-1,1,-1,-1,1,-1,-1,1,1,-1,-1,1,1,-1,1,1,-1,1,-1,1,-1,-1,1,1,-1,-1,-1,-1,-1,1,-1,-1,1,-1,-1,-1,1,1,-1,-1,-1,-1,-1,1,-1,-1,-1,-1,-1,1,1,1,-1,-1,-1,-1,-1,1,1,-1,-1,-1,-1,-1,1,1,1,-1,-1,-1,-1,1,1,-1,-1,-1,-1,1,1,1,1,-1,-1,1,1,1,1,1,-1,-1,-1,1,1,1,-1,1,-1,1,1,1,1,-1,1,-1,-1,1,-1,1,-1,1,-1,-1,1,-1,1,-1,-1,-1,-1,1,-1,1,-1,1,-1,-1,1,-1,1,-1,1,-1,-1,1,-1,1,-1,-1,-1,-1,1,1,-1,-1,-1,-1,-1,1,-1,1,-1,-1,-1,-1,-1,-1,-1,1,-1,-1,-1,1,-1,-1,1,-1,-1,-1,-1,-1,1,1,-1,-1,-1,-1,-1,1,-1,-1,-1,1,-1,-1,1,-1,1,-1,-1,-1,-1,-1,-1,-1,1,-1,-1,-1,1,1,-1,-1,-1,1,1,-1,-1,-1,-1,1,-1,-1,1,-1,1,-1,-1,-1,-1,1,-1,1,1,-1,1,-1,-1,1,1,-1,-1,-1,-1,-1,-1,1,1,-1,-1,1,-1,1,1,1,-1,-1,1,-1,1,1,-1,-1,1,-1,-1,1,1,1,-1,1,-1,1,1,1,-1,-1,1,-1,-1,1,1,1,-1,1,-1,-1,1,1,-1,1,1,-1,-1,1,1,1,1,1,-1,-1,1,1,-1,1,1,-1,-1,1,1,1,1,1,1,-1,1,1,1,1,1,-1,-1,1,-1,1,1,1,1,-1,-1,1,-1,1,1,1,-1,1,1,1,1,-1,1,-1,1,1,1,1,1,1,1,-1,-1,1,1,1,-1,1,-1,1,1,1,1,1,-1,1,1,1,1,-1,-1,1,-1,1,1,-1,1,1,-1,-1,1,1,1,-1,1,1,-1,1,1,1,-1,-1,1,-1,1,1,1,-1,1,-1,-1,-1,1,1,-1,-1,1,-1,-1,1,1,-1,-1,1,-1,1,1,1,1,1,-1,-1,-1,1,1,-1,-1,-1,1,1,-1,1,-1,1,1,-1,1,1,-1,-1,1,-1,-1,-1,1,1,-1,1,-1,1,1,1,-1,-1,-1,-1,1,-1,-1,-1,-1,1,-1,1,1,1,-1,1,1,-1,1,1,1,1,-1,1,-1,1,1,1,1,-1,1,-1,1,1,1,1,-1,1,-1,1,1,1,1,-1,1,-1,1,1,1,-1,-1,1,-1,-1,1,1,-1,-1,-1,1,-1,1,-1,1,-1,1,-1,-1,1,-2670.0,1,2000,445,1000,False
1094,1,1,-1,-1,1,-1,-1,-1,1,1,1,-1,1,1,1,1,-1,1,-1,-1,1,1,1,1,1,-1,-1,-1,1,1,1,1,-1,-1,-1,-1,1,-1,1,1,-1,-1,-1,1,1,1,1,-1,1,1,1,1,-1,1,-1,-1,1,-1,1,1,1,-1,-1,1,1,1,1,1,-1,-1,1,1,1,1,1,-1,-1,-1,1,1,1,-1,-1,-1,1,1,1,1,-1,-1,-1,1,1,1,1,-1,-1,1,1,-1,1,1,-1,-1,1,1,1,1,1,-1,-1,1,1,-1,1,1,-1,-1,1,1,1,1,1,1,-1,1,1,1,-1,1,1,-1,1,1,1,1,1,1,-1,-1,1,1,1,1,1,-1,1,1,1,1,1,1,-1,-1,-1,1,1,1,1,-1,1,1,1,1,-1,1,-1,1,-1,1,1,1,-1,-1,1,1,1,1,1,-1,1,-1,-1,1,-1,1,-1,1,1,1,1,1,1,1,1,1,-1,1,-1,1,-1,1,1,-1,1,-1,1,1,-1,1,-1,1,-1,1,-1,1,1,-1,1,-1,1,1,1,1,-1,-1,1,1,-1,-1,1,-1,1,-1,-1,1,-1,1,-1,1,-1,1,-1,-1,1,-1,1,-1,1,1,-1,1,-1,1,1,1,-1,1,1,-1,1,-1,1,-1,1,-1,1,-1,1,1,-1,1,-1,-1,-1,1,1,-1,1,-1,-1,-1,1,1,-1,-1,1,1,-1,-1,1,1,-1,1,1,-1,1,1,1,1,-1,1,-1,1,1,-1,1,-1,1,-1,1,1,1,1,1,1,-1,-1,1,-1,-1,1,1,1,-1,1,1,1,-1,1,1,1,1,1,1,-1,1,-1,1,1,1,-1,-1,1,-1,1,1,1,-1,1,1,-1,-1,1,1,1,-1,1,-1,1,1,1,-1,1,1,-1,1,1,1,-1,1,1,-1,1,1,1,-1,1,1,-1,-1,1,1,-1,1,1,-1,1,-1,1,-1,1,1,1,-1,1,1,1,-1,1,1,-1,1,1,-1,1,1,1,-1,-1,-1,-1,1,1,1,-1,1,1,-1,1,1,-1,-1,1,1,1,1,1,-1,1,1,1,-1,1,1,1,1,-1,1,1,1,-1,1,-1,1,1,1,1,1,1,-1,-1,-1,1,-1,-1,1,-1,1,-1,1,-1,1,1,1,1,-1,1,-1,-1,1,-1,1,-1,1,1,-1,1,1,1,-1,-1,1,-1,1,1,-1,-1,1,1,1,-1,1,1,-1,-1,1,-1,1,1,-1,-1,1,1,1,1,-1,1,-1,1,-1,1,1,-1,-1,-1,1,-1,1,1,-1,-1,-1,1,-1,1,1,1,-1,-1,1,-1,-1,1,-1,-1,-1,1,-1,1,1,-1,1,-1,1,1,-1,1,-1,-1,-1,-1,1,1,1,-1,-1,-1,1,1,-1,1,-1,-1,-1,-1,1,-1,1,-1,-1,-1,-1,1,-1,-1,1,1,1,-1,1,-1,1,-1,1,-1,1,-1,-1,-1,1,-1,-1,1,1,-1,1,1,-1,1,1,1,-1,1,1,-1,1,-1,1,-1,-1,1,-1,-1,1,1,-1,-1,1,-1,-1,1,1,1,-1,1,-1,-1,1,1,-1,-1,1,-1,-1,-1,1,1,-1,1,1,-1,-1,1,-1,-1,1,-1,1,-1,1,1,-1,-1,1,-1,-1,-1,-1,-1,1,1,1,-1,-1,1,-1,-1,1,-1,-1,1,-1,-1,-1,1,-1,-1,1,1,-1,1,1,-1,1,-1,1,-1,-1,1,1,-1,-1,-1,-1,1,1,-1,-1,1,-1,-1,-1,1,1,-1,-1,-1,-1,-1,1,-1,-1,-1,-1,-1,1,1,1,-1,-1,-1,-1,-1,1,1,-1,-1,-1,-1,-1,1,1,1,-1,-1,-1,-1,1,1,-1,-1,-1,-1,1,1,1,1,1,-1,1,1,1,1,1,1,-1,-1,1,1,1,1,1,-1,1,1,1,1,-1,1,-1,-1,1,-1,1,-1,1,-1,-1,1,-1,1,1,1,-1,-1,1,-1,1,-1,1,1,-1,1,-1,1,1,1,1,-1,1,-1,1,1,1,-1,-1,1,1,-1,1,1,-1,-1,1,-1,1,-1,1,-1,-1,-1,-1,-1,1,1,-1,-1,1,-1,-1,1,1,-1,-1,-1,-1,1,-1,1,-1,-1,-1,-1,1,-1,-1,-1,1,-1,-1,1,-1,1,-1,-1,-1,-1,-1,-1,1,1,-1,-1,-1,1,1,1,-1,-1,1,-1,-1,-1,1,-1,1,-1,-1,1,1,1,-1,-1,-1,-1,1,-1,1,1,-1,1,-1,-1,1,1,-1,-1,-1,-1,-1,-1,1,1,-1,-1,1,-1,1,1,-1,-1,-1,1,-1,1,1,-1,-1,1,-1,-1,1,1,1,-1,1,-1,1,1,1,-1,-1,1,-1,-1,1,1,1,-1,1,-1,-1,1,1,-1,1,1,-1,-1,1,1,-1,1,1,-1,-1,1,1,-1,1,1,-1,-1,1,1,1,1,-1,1,-1,-1,1,1,-1,1,-1,-1,1,-1,1,1,1,1,-1,-1,1,-1,1,1,1,-1,1,1,1,1,-1,1,-1,1,1,1,1,1,1,1,-1,1,1,1,1,-1,1,-1,1,1,1,1,1,-1,1,1,1,1,-1,1,1,-1,1,1,-1,1,1,-1,-1,1,1,1,1,-1,1,-1,1,1,1,-1,-1,1,-1,1,1,1,-1,1,-1,-1,-1,1,1,-1,-1,1,-1,-1,1,1,1,-1,1,-1,-1,1,1,1,-1,1,-1,-1,1,1,-1,-1,-1,1,-1,-1,1,-1,1,1,-1,1,1,-1,-1,1,1,-1,-1,1,1,-1,1,1,-1,1,1,-1,-1,-1,-1,1,-1,-1,-1,-1,1,-1,-1,1,1,-1,1,1,-1,1,1,1,1,-1,1,-1,1,1,1,1,-1,1,-1,-1,-1,1,1,-1,1,-1,1,1,1,1,-1,1,-1,1,1,-1,-1,-1,1,-1,-1,1,1,-1,-1,-1,1,-1,1,-1,1,-1,1,-1,-1,1,-2670.0,1,2000,445,1000,False
1095,1,1,-1,-1,1,1,-1,-1,1,1,1,-1,-1,1,1,1,-1,1,-1,-1,1,-1,1,1,1,-1,-1,-1,1,1,1,1,-1,-1,-1,-1,1,-1,1,1,-1,-1,-1,1,1,1,1,-1,1,1,1,1,-1,1,-1,-1,1,-1,1,1,1,-1,-1,-1,1,1,1,1,-1,-1,-1,1,1,1,1,-1,-1,-1,1,1,1,-1,-1,-1,1,1,1,1,-1,1,-1,1,1,1,1,-1,-1,1,1,-1,1,1,-1,-1,1,1,1,1,1,-1,-1,1,1,1,1,1,-1,-1,1,1,1,1,1,1,-1,1,1,1,-1,1,1,-1,1,1,1,1,1,1,-1,-1,1,1,1,1,1,-1,1,1,1,1,1,1,-1,-1,-1,1,1,1,1,-1,1,1,1,1,-1,1,-1,1,-1,1,1,1,-1,-1,1,1,1,1,1,-1,1,-1,-1,1,-1,1,-1,1,1,1,1,1,1,1,1,1,1,1,-1,1,-1,1,1,-1,1,-1,1,1,-1,1,-1,1,-1,1,-1,1,1,-1,1,-1,1,1,1,1,-1,-1,1,1,-1,-1,1,-1,1,-1,-1,1,-1,1,-1,1,-1,1,-1,1,1,-1,-1,-1,1,1,-1,1,-1,1,1,1,-1,1,1,-1,-1,-1,1,-1,1,-1,1,-1,1,1,-1,1,-1,-1,-1,1,1,-1,1,-1,-1,-1,1,1,-1,-1,1,1,-1,-1,1,1,-1,1,1,-1,1,1,1,1,-1,1,-1,1,1,-1,1,-1,1,-1,1,1,1,1,1,1,-1,-1,1,-1,-1,1,1,1,-1,1,1,1,-1,1,1,1,1,1,1,1,1,-1,1,1,1,-1,1,1,-1,1,1,1,-1,1,1,-1,-1,1,1,1,-1,1,-1,1,1,1,-1,1,1,-1,1,1,1,-1,1,1,-1,1,1,1,-1,1,1,-1,-1,1,1,-1,1,1,-1,1,-1,1,-1,1,-1,1,-1,1,1,1,-1,-1,1,-1,1,1,-1,1,1,1,-1,-1,-1,-1,1,-1,1,-1,1,1,-1,1,1,-1,-1,1,1,1,1,1,-1,1,1,1,-1,1,1,1,1,-1,1,1,-1,-1,1,-1,1,-1,1,-1,1,1,-1,-1,-1,1,-1,1,1,-1,1,-1,1,-1,1,1,1,-1,-1,1,-1,-1,1,-1,1,-1,1,-1,-1,1,1,1,-1,-1,1,-1,1,1,-1,-1,1,1,1,-1,1,-1,-1,1,-1,-1,1,1,-1,-1,1,-1,1,1,-1,1,-1,1,-1,-1,1,-1,-1,1,1,-1,1,1,-1,-1,-1,1,-1,1,1,1,-1,1,-1,-1,-1,1,-1,-1,-1,1,-1,1,1,1,-1,-1,1,-1,-1,1,-1,-1,-1,1,-1,-1,1,-1,-1,-1,1,-1,-1,1,-1,-1,-1,-1,1,-1,1,-1,-1,-1,-1,1,-1,-1,1,1,1,-1,1,-1,1,-1,1,1,1,-1,-1,-1,1,-1,1,1,1,1,-1,1,-1,-1,1,1,-1,1,1,-1,1,-1,1,-1,-1,1,-1,-1,1,1,1,-1,1,-1,-1,1,1,-1,-1,1,-1,1,1,1,-1,-1,1,-1,-1,-1,1,1,-1,1,1,-1,-1,1,-1,-1,1,-1,1,-1,1,1,-1,-1,1,-1,-1,-1,-1,-1,1,1,1,-1,-1,1,-1,-1,1,-1,-1,1,-1,-1,1,1,-1,-1,1,-1,-1,1,1,-1,1,-1,1,-1,-1,1,1,-1,-1,-1,-1,1,1,-1,-1,1,-1,-1,-1,1,1,-1,-1,-1,-1,-1,1,-1,-1,-1,-1,-1,1,1,1,-1,-1,-1,-1,-1,1,1,-1,-1,-1,-1,-1,1,1,1,-1,-1,-1,-1,1,1,-1,-1,-1,-1,1,1,1,1,1,-1,1,1,1,1,1,1,-1,-1,1,1,1,1,1,-1,1,1,1,1,-1,1,-1,-1,1,-1,1,-1,1,-1,-1,1,-1,1,1,1,-1,-1,1,-1,1,-1,1,1,-1,1,-1,1,1,1,1,-1,1,-1,1,1,1,-1,-1,1,1,-1,1,1,-1,-1,1,-1,1,-1,1,-1,-1,-1,-1,-1,1,1,-1,-1,1,-1,-1,1,1,-1,-1,-1,-1,1,-1,1,-1,-1,-1,-1,1,1,-1,-1,1,-1,-1,1,-1,1,-1,-1,-1,-1,-1,1,1,1,-1,-1,-1,1,1,1,-1,-1,1,-1,-1,-1,1,-1,1,-1,-1,1,1,1,-1,-1,-1,-1,1,-1,1,1,-1,1,-1,-1,1,1,-1,-1,-1,-1,-1,-1,1,1,-1,-1,1,-1,1,1,-1,-1,-1,1,-1,1,1,-1,-1,1,-1,-1,1,1,1,-1,1,-1,1,1,1,-1,-1,1,-1,-1,1,1,1,-1,1,-1,-1,1,1,-1,1,1,-1,-1,1,1,-1,1,1,-1,-1,1,1,-1,1,1,-1,-1,1,1,1,1,1,1,-1,1,1,1,-1,1,-1,-1,1,-1,1,1,1,1,-1,-1,1,-1,1,1,1,-1,1,1,1,1,-1,1,-1,1,1,1,1,1,1,1,-1,-1,1,1,1,-1,1,-1,1,1,1,1,1,-1,1,1,1,1,-1,1,1,-1,-1,1,-1,1,1,-1,-1,1,1,1,1,-1,1,-1,1,1,1,-1,-1,1,-1,1,1,1,-1,1,-1,-1,-1,1,1,-1,-1,1,-1,-1,1,1,1,-1,1,-1,1,1,1,1,-1,1,-1,-1,1,1,-1,-1,-1,1,1,1,1,-1,1,1,-1,1,1,-1,-1,1,1,-1,-1,-1,1,-1,1,1,1,1,1,-1,-1,-1,-1,1,-1,-1,-1,-1,-1,1,1,1,1,-1,1,1,-1,1,1,1,1,-1,1,-1,1,1,1,1,-1,1,-1,1,1,1,1,-1,1,-1,1,1,1,1,-1,1,-1,1,1,-1,-1,-1,1,-1,1,1,1,-1,-1,-1,1,-1,1,-1,1,-1,1,-1,1,1,-2670.0,1,2000,445,1000,False
1096,1,1,-1,-1,1,-1,-1,-1,1,1,1,-1,1,1,1,1,-1,1,-1,-1,-1,-1,1,1,1,-1,-1,-1,1,1,1,1,1,-1,-1,-1,1,1,1,-1,-1,-1,-1,1,1,1,1,-1,1,1,1,1,-1,1,-1,-1,1,-1,1,1,1,-1,-1,-1,1,1,1,1,-1,-1,-1,1,1,1,1,-1,-1,-1,1,1,1,-1,-1,-1,1,1,1,1,-1,-1,1,1,1,1,1,-1,-1,-1,1,-1,1,1,-1,-1,1,1,1,1,1,-1,-1,-1,1,1,1,1,-1,-1,1,1,1,1,1,1,-1,-1,1,1,-1,1,1,-1,1,1,1,1,1,1,-1,1,1,1,1,1,1,-1,1,1,1,1,1,1,-1,-1,-1,1,1,1,1,-1,1,1,1,1,-1,1,-1,1,-1,1,1,1,-1,-1,1,1,1,1,1,-1,1,-1,-1,1,-1,1,-1,1,1,1,1,1,1,1,1,1,-1,1,-1,1,-1,1,1,-1,1,-1,1,1,-1,1,-1,1,-1,1,-1,1,1,-1,1,-1,1,1,1,1,-1,-1,1,1,-1,-1,1,-1,1,-1,-1,1,-1,1,-1,1,-1,1,-1,-1,1,-1,-1,-1,1,1,-1,1,-1,1,1,1,-1,1,1,-1,1,-1,1,-1,1,-1,1,-1,1,1,-1,1,-1,-1,-1,1,1,-1,1,-1,-1,-1,1,1,-1,-1,1,1,-1,-1,1,1,-1,1,1,-1,1,1,1,1,-1,1,-1,1,1,-1,1,-1,1,1,1,1,1,1,1,1,-1,-1,1,-1,-1,-1,1,1,-1,1,1,1,-1,1,1,1,1,1,1,1,1,-1,1,1,1,-1,1,1,-1,1,1,1,-1,1,1,-1,-1,1,1,1,-1,1,-1,1,1,1,-1,1,1,-1,1,1,1,-1,1,1,-1,1,1,1,-1,1,1,-1,-1,1,1,-1,1,1,-1,1,-1,1,-1,1,1,1,-1,1,1,1,1,1,1,-1,1,1,-1,1,1,1,-1,-1,-1,-1,1,1,1,-1,1,1,-1,1,1,-1,-1,1,1,1,1,1,-1,1,1,1,-1,1,1,1,1,-1,1,1,1,-1,1,-1,1,-1,1,1,1,1,-1,-1,-1,1,-1,-1,1,1,-1,1,1,1,1,1,1,1,-1,1,-1,-1,1,-1,1,-1,1,1,1,1,1,1,-1,-1,1,-1,1,1,1,-1,1,1,1,-1,1,1,-1,-1,1,-1,1,1,1,-1,1,1,1,1,1,1,-1,1,-1,1,1,1,-1,1,1,-1,1,1,1,-1,-1,1,-1,1,1,1,-1,-1,1,-1,-1,1,1,-1,-1,1,-1,1,1,1,1,-1,1,1,-1,1,1,1,-1,1,-1,-1,1,1,-1,-1,1,-1,-1,1,-1,1,-1,-1,1,-1,1,-1,1,-1,1,1,-1,-1,1,1,1,-1,1,-1,1,-1,-1,-1,1,-1,-1,-1,1,-1,-1,-1,1,1,-1,1,-1,1,1,1,-1,1,1,-1,-1,-1,1,-1,-1,1,-1,-1,1,1,1,-1,1,-1,-1,1,1,-1,-1,1,-1,-1,1,1,-1,-1,1,-1,-1,-1,1,1,-1,1,-1,-1,-1,1,-1,-1,1,-1,1,-1,1,1,-1,-1,1,-1,-1,-1,-1,-1,1,1,1,-1,-1,1,-1,-1,1,-1,-1,1,-1,-1,1,1,-1,-1,1,-1,-1,1,1,-1,1,-1,1,-1,-1,1,1,-1,-1,-1,-1,-1,1,-1,-1,1,-1,-1,-1,1,1,-1,-1,-1,-1,-1,1,-1,-1,-1,-1,-1,1,1,1,-1,-1,-1,-1,-1,1,1,-1,-1,-1,-1,-1,1,1,1,-1,-1,-1,-1,1,1,-1,-1,-1,-1,1,1,1,1,-1,-1,1,1,1,1,1,-1,-1,-1,1,1,1,1,1,-1,1,1,1,1,-1,1,-1,-1,1,-1,1,-1,1,-1,-1,1,-1,1,-1,-1,-1,-1,1,-1,1,-1,1,-1,-1,1,-1,1,-1,1,-1,-1,1,-1,1,-1,-1,-1,-1,1,1,-1,-1,-1,-1,-1,1,-1,1,-1,-1,-1,-1,-1,-1,-1,1,-1,-1,-1,1,-1,-1,1,-1,-1,-1,-1,-1,-1,1,-1,-1,-1,-1,-1,1,-1,-1,-1,1,-1,-1,1,-1,1,-1,-1,-1,-1,-1,-1,-1,1,-1,-1,-1,1,1,-1,-1,-1,1,1,-1,-1,-1,-1,1,-1,-1,1,1,1,-1,-1,-1,-1,1,-1,1,1,-1,1,-1,-1,1,1,-1,-1,-1,-1,-1,-1,1,1,-1,-1,1,-1,1,1,-1,-1,-1,1,-1,1,1,-1,-1,1,-1,-1,1,1,1,-1,1,-1,1,1,1,-1,-1,1,-1,-1,1,1,1,-1,1,-1,-1,1,1,-1,1,1,-1,-1,1,1,1,1,1,-1,-1,1,1,-1,1,1,-1,-1,1,1,1,1,-1,1,-1,1,1,1,1,1,-1,-1,1,-1,1,1,1,1,-1,-1,1,-1,1,1,1,-1,1,-1,1,1,-1,1,-1,1,1,1,1,1,1,1,-1,-1,1,1,1,-1,1,-1,1,1,1,1,1,-1,1,-1,1,1,-1,1,1,-1,-1,1,-1,1,1,-1,-1,1,1,1,1,-1,1,-1,-1,1,1,-1,-1,1,-1,1,1,1,-1,1,-1,-1,-1,1,1,-1,-1,1,-1,-1,1,1,1,-1,1,-1,-1,1,1,1,-1,1,-1,-1,1,1,-1,-1,-1,1,-1,-1,1,-1,1,1,-1,1,1,-1,-1,1,-1,-1,-1,1,1,-1,1,1,-1,1,1,-1,-1,-1,-1,1,-1,-1,-1,-1,1,-1,-1,1,1,-1,1,1,-1,1,1,1,1,-1,1,-1,1,1,1,-1,-1,1,-1,-1,1,1,-1,-1,1,-1,1,1,1,-1,-1,1,-1,1,1,1,1,-1,1,-1,-1,1,1,1,-1,-1,1,-1,1,1,1,-1,1,-1,-1,1,-2670.0,1,2000,445,1000,False
1097,1,1,-1,-1,1,1,-1,-1,1,1,1,-1,-1,1,1,1,-1,1,-1,-1,1,-1,1,1,1,-1,-1,-1,1,1,1,1,1,-1,-1,-1,1,1,1,-1,-1,-1,-1,1,1,1,1,-1,1,1,1,1,-1,1,-1,-1,1,-1,1,1,1,-1,-1,-1,1,1,1,1,-1,-1,-1,1,1,1,1,-1,-1,-1,1,1,1,-1,-1,-1,1,1,1,1,-1,1,-1,1,1,1,1,-1,-1,1,1,-1,1,1,-1,-1,1,1,1,1,1,-1,-1,1,1,-1,1,1,-1,-1,1,1,1,1,1,1,-1,1,1,1,-1,1,1,-1,1,1,1,1,1,1,-1,-1,1,1,1,1,1,-1,1,1,1,1,1,1,-1,-1,-1,1,1,1,1,-1,1,1,1,1,-1,1,-1,1,-1,1,1,1,-1,-1,1,1,1,1,1,-1,1,-1,-1,1,-1,1,-1,1,1,1,1,1,1,1,1,1,1,1,-1,1,-1,1,1,-1,1,-1,1,1,-1,1,-1,1,-1,1,-1,1,1,-1,1,-1,1,1,1,1,-1,-1,1,1,-1,-1,1,-1,1,-1,-1,1,-1,1,-1,1,-1,1,-1,-1,1,-1,-1,-1,1,1,-1,1,-1,1,1,1,-1,1,1,-1,1,-1,1,-1,1,-1,1,-1,1,1,-1,1,-1,-1,-1,1,1,-1,1,-1,-1,-1,1,1,-1,-1,1,1,-1,-1,1,1,-1,1,1,-1,1,1,1,1,-1,1,-1,1,1,-1,1,-1,1,1,1,1,1,1,1,1,-1,-1,1,-1,-1,1,1,1,-1,1,1,1,-1,1,1,1,1,1,1,1,1,-1,1,1,1,-1,-1,1,-1,1,1,1,-1,1,1,-1,-1,1,1,1,-1,1,-1,1,1,1,-1,1,1,-1,1,1,1,-1,1,1,-1,1,1,1,-1,1,1,-1,-1,1,1,-1,1,1,-1,1,-1,1,-1,1,1,1,-1,1,1,1,-1,1,1,-1,1,1,-1,1,1,1,-1,-1,-1,-1,1,1,1,-1,1,1,-1,1,1,-1,-1,1,1,1,1,1,-1,1,1,1,-1,1,1,1,1,-1,1,1,1,-1,1,-1,1,1,1,1,1,1,-1,-1,-1,1,-1,-1,1,-1,1,-1,1,-1,1,1,1,-1,-1,1,-1,-1,1,-1,1,-1,1,1,1,1,1,1,-1,-1,1,-1,1,1,-1,-1,1,1,1,-1,1,-1,-1,-1,1,-1,1,1,-1,-1,1,1,1,1,-1,1,-1,1,-1,-1,1,-1,-1,-1,1,-1,1,1,-1,-1,-1,1,-1,1,1,1,-1,-1,1,-1,-1,1,-1,-1,-1,1,-1,1,1,1,-1,-1,1,1,-1,1,-1,-1,-1,-1,1,-1,1,-1,-1,-1,1,-1,-1,1,-1,-1,-1,-1,1,-1,1,-1,-1,-1,-1,1,-1,-1,1,1,1,-1,1,-1,1,-1,1,1,1,-1,-1,-1,1,-1,-1,1,1,1,-1,1,-1,1,1,1,-1,1,1,-1,-1,-1,1,-1,-1,1,-1,-1,1,1,1,-1,1,-1,-1,1,1,-1,-1,1,-1,-1,1,1,-1,-1,1,-1,-1,-1,1,1,-1,1,-1,-1,-1,1,-1,-1,1,-1,1,-1,1,1,-1,-1,1,-1,-1,-1,-1,-1,1,1,1,-1,-1,1,-1,-1,1,-1,-1,1,-1,-1,1,1,-1,-1,1,1,-1,1,1,-1,1,-1,1,-1,-1,1,1,-1,-1,-1,-1,1,1,-1,-1,1,-1,-1,-1,1,1,-1,-1,-1,-1,-1,1,-1,-1,-1,-1,-1,1,1,1,-1,-1,-1,-1,-1,1,1,-1,-1,-1,-1,-1,1,1,1,-1,-1,-1,-1,1,1,-1,-1,-1,-1,1,1,1,1,1,-1,1,1,1,1,1,1,-1,-1,1,1,1,-1,1,-1,1,1,1,1,-1,1,-1,-1,1,-1,1,-1,1,-1,-1,1,-1,1,-1,1,-1,-1,1,-1,1,-1,1,-1,-1,1,-1,1,1,1,-1,-1,1,-1,1,1,1,-1,-1,1,1,-1,1,1,-1,-1,1,-1,1,-1,1,-1,-1,-1,-1,-1,1,1,-1,-1,1,-1,-1,1,1,-1,-1,-1,-1,-1,-1,1,-1,-1,-1,-1,1,1,-1,-1,1,-1,-1,1,-1,1,-1,-1,-1,-1,-1,1,1,1,-1,-1,-1,1,1,1,-1,-1,1,1,-1,-1,1,-1,1,-1,-1,1,1,1,-1,-1,-1,-1,1,-1,1,1,-1,1,-1,-1,1,1,-1,-1,-1,-1,-1,-1,1,1,-1,-1,1,-1,1,1,-1,-1,-1,1,-1,1,1,-1,-1,1,-1,-1,1,1,1,-1,1,-1,1,1,1,-1,-1,1,-1,-1,1,-1,1,-1,1,-1,-1,1,1,-1,1,1,-1,-1,1,1,1,1,1,-1,-1,1,1,-1,1,1,-1,-1,1,1,1,1,-1,1,-1,-1,1,1,1,1,-1,-1,1,-1,1,1,1,1,-1,-1,1,-1,1,1,1,-1,1,1,1,1,-1,1,-1,1,1,1,1,1,1,1,-1,1,1,1,1,-1,1,-1,1,1,1,1,1,-1,1,1,1,1,-1,1,1,-1,1,1,-1,1,1,-1,-1,1,1,1,1,-1,1,-1,1,1,1,-1,-1,1,-1,1,1,1,-1,1,-1,-1,-1,1,1,-1,-1,1,-1,-1,1,1,-1,-1,1,-1,-1,1,1,1,-1,1,-1,-1,1,1,-1,-1,-1,1,-1,1,1,-1,1,1,-1,1,1,-1,-1,1,1,-1,-1,-1,1,-1,1,1,-1,1,1,-1,-1,-1,-1,1,-1,-1,-1,-1,1,-1,-1,1,1,-1,1,1,-1,1,1,1,1,-1,1,-1,1,1,1,1,-1,1,-1,1,-1,1,1,-1,1,-1,-1,1,1,1,-1,1,-1,1,1,-1,-1,-1,1,-1,-1,1,1,-1,-1,-1,1,-1,1,-1,1,-1,1,-1,-1,1,-2670.0,1,2000,445,1000,False
1098,1,1,-1,-1,1,1,-1,-1,1,1,1,-1,-1,1,1,1,-1,1,-1,-1,-1,-1,1,1,1,-1,-1,-1,1,1,1,1,-1,-1,-1,-1,1,1,1,1,-1,-1,-1,1,1,1,1,-1,1,1,1,1,-1,1,-1,-1,1,-1,1,1,1,-1,-1,-1,1,1,1,1,-1,-1,-1,1,1,1,1,-1,-1,-1,1,1,1,-1,-1,-1,1,1,1,1,-1,-1,-1,1,1,1,1,-1,-1,1,1,-1,1,1,-1,-1,1,1,1,1,1,-1,-1,1,1,-1,1,1,-1,-1,1,1,1,1,1,1,-1,-1,1,1,-1,1,1,-1,1,1,1,1,1,1,-1,-1,1,1,1,1,1,-1,1,1,1,1,1,1,-1,-1,-1,1,1,1,1,-1,1,1,1,1,-1,1,-1,1,-1,1,1,1,-1,-1,1,1,1,1,1,-1,1,-1,-1,1,-1,1,-1,1,1,1,1,1,1,1,1,1,-1,1,-1,1,-1,1,1,-1,1,-1,1,1,-1,1,-1,1,-1,1,-1,1,1,-1,1,-1,1,1,1,1,-1,-1,1,1,-1,-1,1,-1,1,-1,1,1,-1,1,-1,1,-1,1,-1,1,1,-1,-1,-1,1,1,-1,1,-1,1,1,1,-1,1,1,-1,1,-1,1,-1,1,-1,1,-1,1,1,-1,1,-1,-1,-1,1,1,-1,1,-1,-1,-1,1,1,-1,-1,1,1,-1,-1,1,1,-1,1,1,-1,1,1,1,-1,-1,1,-1,1,1,-1,1,-1,1,-1,1,1,1,-1,-1,1,-1,-1,1,-1,1,-1,1,1,-1,1,1,1,-1,1,1,1,1,1,-1,-1,1,-1,1,1,1,1,-1,1,-1,1,1,1,-1,1,1,-1,-1,1,1,-1,-1,1,-1,1,1,1,1,1,1,-1,1,1,1,1,1,1,-1,1,1,1,1,1,1,-1,-1,1,1,1,1,1,-1,1,-1,1,-1,1,1,1,-1,1,1,1,1,1,1,-1,1,1,1,-1,1,1,-1,-1,-1,-1,1,1,1,-1,1,1,-1,1,1,-1,-1,1,1,1,1,1,-1,1,1,1,-1,1,1,1,-1,-1,1,1,1,-1,1,-1,1,-1,1,1,1,1,-1,-1,-1,1,-1,-1,1,-1,1,-1,-1,1,1,1,1,-1,-1,1,-1,-1,1,-1,1,-1,1,-1,-1,1,-1,1,-1,-1,1,-1,1,1,-1,-1,1,1,1,-1,1,-1,-1,1,-1,-1,1,1,-1,-1,1,-1,1,1,-1,1,-1,1,-1,1,1,-1,-1,1,1,-1,1,1,-1,-1,-1,1,-1,1,1,1,-1,1,-1,-1,-1,1,-1,-1,-1,1,-1,1,1,1,-1,-1,1,-1,-1,1,-1,-1,-1,1,-1,-1,1,-1,-1,-1,1,-1,-1,1,-1,-1,-1,-1,1,-1,1,-1,-1,1,-1,1,-1,-1,1,1,1,-1,1,-1,1,-1,1,1,1,-1,-1,-1,1,-1,-1,1,1,1,-1,1,-1,1,1,1,-1,1,1,-1,-1,-1,1,-1,-1,1,-1,-1,1,1,1,-1,1,-1,-1,1,1,-1,-1,1,-1,-1,1,1,-1,-1,1,-1,-1,-1,1,1,-1,1,1,-1,-1,1,-1,-1,1,-1,1,-1,1,1,-1,-1,1,-1,-1,-1,-1,-1,1,1,1,-1,-1,1,-1,-1,1,-1,-1,1,-1,-1,1,1,-1,-1,1,1,-1,1,1,-1,1,-1,1,-1,-1,1,1,-1,-1,-1,-1,-1,1,-1,-1,1,-1,-1,-1,1,1,-1,-1,-1,-1,-1,1,-1,-1,-1,-1,-1,1,1,1,-1,-1,-1,-1,-1,1,1,-1,-1,-1,-1,-1,1,1,1,-1,-1,-1,-1,1,1,1,-1,-1,-1,1,1,1,1,1,-1,1,1,1,1,1,1,-1,-1,1,1,1,-1,-1,-1,1,1,1,1,-1,1,-1,-1,1,-1,1,-1,1,-1,-1,1,-1,1,1,1,-1,-1,1,-1,1,-1,1,-1,-1,1,-1,1,1,1,-1,-1,1,-1,1,1,1,-1,-1,1,1,-1,1,1,-1,-1,1,-1,1,-1,1,-1,-1,-1,-1,-1,1,1,-1,-1,1,-1,-1,1,1,-1,-1,-1,-1,1,-1,1,-1,-1,-1,-1,1,1,-1,-1,1,-1,-1,1,-1,1,-1,-1,-1,-1,-1,1,1,1,-1,-1,-1,1,1,1,-1,-1,-1,1,-1,-1,1,-1,1,-1,-1,1,1,1,-1,-1,-1,-1,1,-1,1,1,-1,1,-1,-1,1,1,-1,-1,-1,-1,-1,-1,1,1,-1,-1,1,-1,1,1,-1,-1,-1,1,-1,1,1,-1,-1,1,-1,-1,1,1,1,-1,1,-1,1,1,1,-1,-1,1,-1,-1,1,1,1,-1,1,-1,-1,1,1,-1,1,1,-1,-1,1,1,-1,1,1,-1,-1,1,1,-1,1,1,-1,-1,1,1,1,1,1,1,-1,1,1,1,-1,1,-1,-1,1,-1,1,1,1,1,-1,-1,1,-1,1,1,1,-1,1,1,1,1,-1,1,-1,1,1,1,1,1,1,-1,-1,-1,1,1,1,-1,1,-1,1,1,1,1,-1,1,-1,1,1,1,-1,-1,1,-1,1,1,-1,1,-1,-1,-1,-1,1,1,-1,1,-1,-1,1,1,1,-1,-1,-1,-1,1,1,1,-1,-1,-1,-1,-1,1,1,-1,1,-1,-1,-1,1,1,1,-1,1,-1,1,1,1,1,1,1,-1,-1,1,1,-1,-1,1,1,1,1,1,-1,1,-1,-1,1,1,-1,-1,1,-1,-1,-1,1,1,-1,1,-1,1,1,1,-1,-1,-1,-1,1,-1,-1,-1,-1,1,-1,1,1,1,-1,1,1,-1,1,1,1,1,-1,1,-1,1,1,1,1,-1,1,-1,1,1,1,1,-1,1,-1,1,1,1,1,-1,1,-1,1,1,1,-1,-1,1,-1,-1,1,1,-1,-1,-1,1,-1,1,-1,1,-1,1,-1,-1,1,-2670.0,1,2000,445,1000,False
1099,1,1,-1,-1,1,1,-1,-1,1,1,1,-1,-1,1,1,1,-1,1,-1,-1,-1,-1,1,1,1,-1,-1,-1,1,1,1,1,-1,-1,-1,-1,1,1,1,1,-1,-1,-1,1,1,1,1,-1,1,1,1,1,-1,1,-1,-1,1,-1,1,1,1,-1,-1,-1,1,1,1,1,-1,-1,-1,1,1,1,1,-1,-1,-1,1,1,1,-1,-1,-1,1,1,1,1,-1,-1,-1,1,1,1,1,-1,-1,1,1,-1,1,1,-1,-1,1,1,1,1,1,-1,-1,-1,1,1,1,1,-1,-1,1,1,1,1,1,1,-1,-1,1,1,-1,1,1,-1,1,1,1,1,1,1,-1,1,1,1,1,1,1,-1,1,1,1,1,1,1,-1,-1,-1,1,1,1,1,-1,1,1,1,1,-1,1,-1,1,-1,1,1,1,-1,-1,1,1,1,1,1,-1,1,-1,-1,1,-1,1,-1,1,1,1,1,1,1,1,1,1,-1,1,-1,1,-1,1,1,-1,1,-1,1,1,-1,1,-1,1,-1,1,-1,1,1,-1,1,-1,1,1,1,1,-1,-1,1,1,-1,-1,1,-1,1,-1,-1,1,-1,1,-1,1,-1,1,-1,1,1,-1,-1,-1,1,1,-1,1,-1,1,1,1,-1,1,-1,-1,1,-1,1,-1,1,1,1,-1,1,1,-1,1,-1,-1,-1,1,1,-1,1,-1,-1,-1,1,1,-1,-1,1,1,-1,-1,1,1,-1,1,1,-1,1,1,1,1,-1,1,-1,1,1,-1,1,-1,1,1,-1,1,1,1,1,1,-1,-1,1,-1,-1,1,1,1,-1,1,1,1,-1,1,-1,-1,1,1,1,1,1,-1,1,1,1,-1,-1,1,-1,1,1,1,-1,1,1,-1,-1,1,1,1,-1,1,-1,1,1,1,-1,1,1,-1,1,1,1,-1,1,-1,-1,1,1,1,-1,1,-1,-1,-1,1,1,-1,1,-1,-1,1,-1,1,-1,1,1,-1,-1,1,1,1,-1,1,-1,-1,1,1,-1,1,-1,-1,-1,-1,-1,-1,1,-1,-1,-1,1,1,-1,1,-1,-1,-1,1,1,1,1,1,-1,1,1,1,-1,1,-1,-1,-1,-1,1,1,1,1,-1,-1,1,1,1,1,-1,-1,1,-1,-1,1,-1,1,-1,-1,1,-1,1,1,-1,-1,1,1,-1,1,-1,1,-1,-1,1,-1,1,1,-1,-1,-1,1,-1,-1,1,1,-1,-1,1,-1,1,1,-1,1,-1,1,-1,-1,1,1,-1,-1,1,-1,1,1,-1,-1,1,1,-1,1,-1,1,-1,1,-1,-1,1,-1,1,-1,1,-1,-1,1,-1,-1,-1,1,-1,-1,1,-1,1,-1,1,-1,-1,1,-1,-1,1,-1,1,-1,1,1,1,-1,1,1,-1,-1,1,1,-1,1,-1,-1,1,-1,1,1,1,1,-1,-1,1,1,-1,1,1,-1,-1,1,1,1,-1,1,1,-1,1,1,1,1,1,-1,1,-1,-1,-1,1,-1,1,1,-1,1,-1,1,-1,1,-1,-1,-1,1,1,-1,1,1,-1,-1,-1,1,-1,1,1,-1,1,-1,1,-1,-1,-1,-1,-1,-1,1,-1,-1,-1,-1,-1,-1,1,-1,1,1,1,1,-1,1,-1,1,1,-1,-1,-1,1,-1,-1,1,-1,1,-1,-1,1,1,1,1,-1,-1,1,1,1,1,-1,1,-1,-1,1,1,1,-1,-1,-1,1,1,1,1,-1,-1,-1,1,-1,1,-1,1,-1,-1,-1,1,1,1,-1,-1,-1,1,1,1,1,1,-1,-1,-1,1,1,1,1,-1,-1,-1,1,1,1,-1,-1,-1,1,1,1,1,1,-1,-1,-1,1,1,1,1,-1,-1,-1,1,1,-1,1,-1,-1,-1,1,1,1,1,-1,-1,1,1,1,1,-1,-1,1,1,-1,1,1,-1,-1,-1,1,1,1,1,1,-1,1,1,1,1,1,-1,-1,-1,1,-1,1,-1,-1,-1,-1,1,-1,1,1,-1,-1,-1,1,-1,1,1,-1,-1,-1,1,1,1,1,-1,-1,-1,1,-1,1,1,-1,-1,-1,1,1,-1,-1,-1,-1,-1,1,-1,1,-1,-1,-1,-1,-1,-1,-1,1,-1,-1,-1,1,-1,-1,1,-1,-1,-1,-1,-1,1,1,-1,-1,-1,-1,-1,1,-1,-1,-1,1,-1,-1,1,-1,1,-1,-1,-1,-1,-1,-1,-1,1,-1,-1,-1,1,1,1,-1,-1,1,-1,-1,-1,-1,-1,1,-1,-1,1,1,1,-1,-1,-1,-1,1,-1,1,1,-1,1,-1,-1,1,1,-1,-1,-1,-1,-1,-1,1,1,-1,-1,1,-1,1,1,-1,-1,-1,1,-1,1,1,-1,-1,1,-1,-1,1,1,1,-1,1,-1,1,1,1,-1,-1,1,-1,-1,1,1,1,-1,1,-1,-1,1,1,-1,1,1,-1,-1,1,1,-1,1,1,-1,-1,1,1,-1,1,1,-1,-1,1,1,1,1,1,1,-1,-1,1,1,-1,1,-1,-1,1,-1,1,1,1,1,-1,-1,1,-1,1,1,1,-1,1,1,1,1,-1,1,-1,1,1,1,1,1,1,1,-1,1,1,1,1,-1,1,-1,1,1,1,1,1,-1,1,1,1,1,-1,1,1,-1,1,1,-1,1,1,-1,-1,1,1,1,1,-1,1,-1,1,1,1,-1,-1,1,-1,1,1,1,-1,1,-1,-1,-1,1,1,-1,-1,1,-1,-1,1,1,1,-1,1,-1,-1,1,1,1,-1,1,-1,-1,1,1,-1,-1,-1,1,-1,1,1,-1,1,1,-1,1,1,-1,-1,1,-1,-1,-1,1,1,-1,1,1,-1,1,1,-1,-1,-1,-1,1,-1,-1,-1,-1,1,-1,-1,1,1,-1,1,1,-1,1,1,1,1,-1,1,-1,1,1,1,-1,-1,1,-1,-1,-1,1,-1,1,1,-1,1,1,1,-1,-1,1,-1,1,1,1,1,-1,1,-1,-1,1,1,-1,-1,1,1,-1,1,-1,1,-1,1,-1,-1,1,-2670.0,1,2000,445,0,False
1100,1,1,-1,-1,1,-1,-1,-1,1,1,1,-1,1,1,1,1,-1,1,1,-1,-1,-1,1,1,1,1,-1,-1,1,1,1,1,-1,-1,-1,-1,1,-1,1,1,-1,-1,-1,1,1,1,1,-1,1,1,1,1,-1,1,-1,-1,1,-1,1,1,1,-1,-1,-1,1,1,1,1,-1,-1,-1,1,1,1,1,-1,-1,-1,1,1,1,-1,-1,-1,1,1,1,1,-1,-1,-1,1,1,1,1,-1,-1,1,1,-1,1,1,-1,-1,1,1,1,1,1,-1,-1,1,1,-1,1,1,-1,-1,1,1,1,1,1,1,-1,-1,1,1,-1,1,1,-1,1,1,1,1,1,1,-1,-1,1,1,1,1,1,-1,1,1,1,1,1,1,-1,-1,-1,1,1,1,1,-1,1,1,1,1,-1,1,-1,1,-1,1,1,1,-1,-1,1,1,1,1,1,-1,1,-1,-1,1,-1,1,-1,1,1,1,1,1,1,1,1,1,-1,1,-1,1,-1,1,1,-1,1,-1,1,1,-1,1,-1,1,-1,1,-1,1,1,-1,1,-1,1,1,1,1,-1,-1,1,1,-1,-1,1,-1,1,-1,-1,1,-1,1,-1,1,-1,1,-1,1,1,-1,-1,-1,1,1,-1,1,-1,1,1,1,-1,1,1,-1,1,-1,1,-1,1,-1,1,-1,1,1,-1,1,-1,-1,-1,1,1,-1,1,-1,-1,-1,1,1,-1,-1,1,1,-1,-1,1,1,-1,1,1,-1,1,1,1,1,-1,1,-1,1,1,-1,1,-1,1,-1,1,1,1,1,1,1,-1,-1,1,-1,-1,-1,1,1,-1,1,1,1,-1,1,1,1,1,1,1,1,1,-1,1,1,1,-1,-1,1,-1,1,1,1,-1,1,1,-1,-1,1,1,1,-1,1,-1,1,1,1,-1,1,1,-1,1,1,1,-1,1,1,-1,1,1,1,-1,1,1,1,-1,1,1,-1,1,1,-1,1,-1,1,-1,1,1,1,-1,1,1,1,1,1,1,-1,1,1,-1,1,1,1,-1,-1,-1,-1,1,1,1,-1,1,1,-1,1,1,-1,-1,1,1,1,1,1,-1,1,1,1,-1,1,1,1,1,-1,1,1,1,-1,1,-1,1,1,1,1,1,1,-1,-1,-1,1,-1,-1,1,1,-1,1,1,1,1,1,1,1,-1,1,-1,-1,1,-1,1,-1,1,1,1,1,1,1,-1,-1,1,-1,1,1,1,-1,1,1,1,-1,1,1,-1,-1,1,-1,1,1,1,-1,1,1,1,1,1,1,-1,1,-1,1,1,1,-1,-1,1,-1,-1,1,1,-1,-1,1,-1,1,1,1,-1,-1,1,-1,-1,1,1,-1,-1,1,-1,1,1,1,1,-1,1,1,-1,-1,1,1,-1,-1,1,1,-1,1,-1,-1,1,-1,-1,1,-1,1,-1,-1,1,-1,1,-1,1,-1,-1,1,-1,-1,1,1,1,-1,1,-1,1,-1,-1,1,1,-1,-1,-1,1,-1,-1,1,1,1,-1,1,-1,1,1,1,-1,1,1,-1,1,-1,1,-1,-1,1,-1,-1,1,1,1,-1,1,-1,-1,1,1,-1,-1,1,-1,-1,1,1,-1,-1,1,-1,-1,-1,1,1,-1,1,1,-1,-1,1,-1,-1,1,-1,1,-1,1,1,-1,-1,1,-1,-1,-1,-1,-1,1,1,1,-1,1,1,-1,-1,1,-1,-1,-1,-1,-1,1,1,-1,-1,-1,1,-1,1,1,-1,1,1,1,-1,-1,1,1,-1,-1,-1,-1,1,1,-1,-1,1,-1,-1,-1,1,1,-1,-1,-1,-1,-1,1,-1,-1,1,-1,-1,1,1,1,-1,1,-1,-1,-1,1,1,-1,-1,-1,-1,-1,1,1,1,-1,-1,-1,-1,1,1,-1,-1,-1,-1,1,1,1,1,-1,-1,1,1,1,1,1,-1,-1,-1,1,1,1,-1,1,-1,1,1,1,1,-1,1,-1,-1,1,-1,1,-1,1,-1,-1,1,-1,1,-1,-1,-1,-1,1,-1,1,-1,1,1,-1,1,-1,1,-1,1,1,-1,1,-1,1,-1,-1,-1,-1,1,1,-1,-1,-1,-1,-1,1,-1,1,-1,-1,-1,-1,-1,-1,-1,1,-1,-1,-1,1,-1,-1,1,-1,-1,-1,-1,-1,1,1,-1,-1,-1,-1,-1,1,-1,-1,-1,1,-1,-1,1,-1,1,-1,-1,-1,-1,-1,-1,-1,1,-1,-1,-1,1,1,-1,-1,-1,1,1,-1,-1,-1,-1,1,-1,-1,1,-1,1,-1,-1,-1,-1,1,-1,1,1,-1,1,-1,-1,1,1,-1,-1,-1,-1,-1,-1,1,1,-1,-1,1,-1,1,1,-1,-1,-1,1,-1,-1,1,-1,-1,1,-1,-1,1,1,1,-1,1,-1,1,1,1,-1,-1,1,-1,-1,1,-1,1,-1,1,-1,-1,1,1,-1,1,1,-1,-1,1,1,-1,1,1,-1,-1,1,1,-1,1,1,-1,-1,1,1,1,1,1,1,-1,-1,1,-1,1,1,-1,-1,1,-1,1,1,1,1,-1,-1,1,-1,1,1,1,-1,1,1,1,1,-1,1,-1,1,1,1,1,1,1,1,-1,1,1,1,1,-1,1,-1,1,1,1,1,1,-1,1,1,1,1,-1,1,1,-1,1,1,-1,1,1,-1,-1,1,1,1,1,-1,1,-1,1,1,1,-1,-1,1,-1,1,1,1,-1,1,-1,-1,-1,1,1,-1,-1,1,-1,-1,1,1,1,-1,1,-1,-1,1,1,1,-1,1,-1,-1,1,1,-1,-1,-1,1,-1,-1,1,-1,1,1,-1,1,1,-1,-1,1,-1,-1,-1,1,1,-1,1,1,-1,1,1,-1,-1,-1,-1,1,-1,-1,-1,-1,1,-1,-1,1,1,-1,1,1,-1,1,1,1,1,-1,1,-1,1,1,1,1,-1,1,-1,-1,-1,1,1,-1,1,-1,1,1,1,1,-1,1,-1,1,1,1,-1,-1,1,-1,-1,1,1,-1,-1,-1,1,-1,1,-1,1,-1,1,-1,-1,1,-2670.0,1,2000,445,1000,False
1101,1,1,-1,-1,1,1,-1,-1,1,1,1,-1,-1,1,1,1,-1,1,1,-1,-1,-1,1,1,1,1,-1,-1,1,1,1,1,-1,-1,-1,-1,1,-1,1,1,-1,-1,-1,1,1,1,1,-1,1,1,1,1,-1,1,-1,-1,1,-1,1,1,1,-1,-1,-1,1,1,1,1,-1,-1,-1,1,1,1,1,-1,-1,-1,1,1,1,-1,-1,-1,1,1,1,1,-1,-1,-1,1,1,1,1,-1,-1,1,1,-1,1,1,-1,-1,1,1,1,1,1,-1,-1,1,1,1,1,1,-1,-1,1,1,1,1,1,1,-1,-1,1,1,-1,1,1,-1,1,1,1,1,1,1,-1,-1,1,1,1,1,1,-1,1,1,1,1,1,1,-1,-1,-1,1,1,1,1,-1,1,1,1,1,-1,1,-1,1,-1,1,1,1,-1,-1,1,1,1,1,1,-1,1,-1,-1,1,-1,1,-1,1,1,1,1,1,1,1,1,1,-1,1,-1,1,-1,1,1,-1,1,-1,1,1,-1,1,-1,1,-1,1,-1,1,1,-1,1,-1,1,1,1,1,-1,-1,1,1,-1,-1,1,-1,1,-1,1,1,-1,1,-1,1,-1,1,-1,1,1,-1,-1,-1,1,1,-1,1,-1,1,1,1,-1,1,1,-1,-1,-1,1,-1,1,-1,1,-1,1,1,-1,1,-1,-1,-1,1,1,-1,1,-1,-1,-1,1,1,-1,-1,1,1,-1,-1,1,1,-1,1,1,-1,1,1,1,1,-1,1,-1,1,1,-1,1,-1,1,1,1,1,1,1,1,1,-1,-1,1,-1,-1,1,1,1,-1,1,1,1,-1,1,1,1,1,1,1,-1,1,-1,1,1,1,-1,1,1,-1,1,1,1,-1,1,1,-1,-1,1,1,1,-1,1,-1,1,1,1,-1,1,1,-1,1,1,1,-1,1,1,-1,1,1,1,-1,1,1,-1,-1,1,1,-1,1,1,-1,1,-1,1,-1,1,1,1,-1,1,1,1,-1,1,1,-1,1,1,-1,1,1,1,-1,-1,-1,-1,1,1,1,-1,1,1,-1,1,1,-1,-1,1,1,1,1,1,-1,1,1,1,-1,1,1,1,-1,-1,1,1,1,-1,1,-1,1,1,1,1,1,1,-1,-1,-1,1,-1,-1,1,1,-1,1,1,1,1,1,1,1,-1,1,-1,-1,1,-1,1,-1,1,1,1,1,1,1,-1,-1,1,-1,1,1,1,-1,1,1,1,-1,1,1,-1,-1,1,-1,1,1,1,-1,1,1,1,1,1,1,-1,1,-1,-1,1,1,-1,-1,1,-1,1,1,1,-1,-1,1,-1,1,1,1,-1,-1,1,-1,-1,1,1,-1,-1,1,-1,1,1,1,1,-1,1,1,-1,1,1,1,-1,-1,1,-1,1,1,-1,-1,1,1,-1,1,-1,1,-1,-1,1,-1,1,-1,1,1,-1,1,-1,-1,1,1,1,-1,1,-1,1,-1,-1,-1,1,-1,-1,-1,1,-1,-1,-1,1,1,-1,1,-1,1,1,1,-1,1,1,-1,1,-1,1,-1,-1,1,-1,-1,1,1,1,-1,1,-1,-1,1,1,-1,-1,1,-1,-1,1,1,-1,-1,1,-1,-1,-1,1,1,-1,1,1,-1,-1,1,-1,-1,1,-1,1,-1,1,1,-1,-1,1,-1,-1,-1,-1,-1,1,1,1,-1,-1,1,-1,-1,1,-1,-1,1,-1,-1,1,1,-1,-1,1,-1,-1,1,1,-1,1,-1,1,-1,-1,1,1,-1,-1,-1,-1,1,1,-1,-1,1,-1,-1,-1,1,1,-1,-1,-1,-1,-1,1,-1,-1,-1,-1,-1,1,1,1,-1,-1,-1,-1,-1,1,1,-1,-1,-1,-1,-1,1,1,1,-1,-1,-1,-1,1,1,-1,-1,-1,-1,1,1,1,1,-1,-1,1,1,1,1,1,-1,-1,-1,1,1,1,-1,1,-1,1,1,1,1,-1,1,-1,-1,1,-1,1,-1,1,-1,-1,1,-1,1,-1,-1,-1,-1,1,-1,1,-1,1,1,-1,1,-1,1,-1,1,1,-1,1,-1,1,-1,-1,-1,-1,1,1,-1,-1,-1,-1,-1,1,-1,1,-1,-1,-1,-1,-1,-1,-1,1,-1,-1,-1,1,-1,-1,1,-1,-1,-1,-1,-1,1,1,-1,-1,-1,-1,-1,1,-1,-1,-1,1,-1,-1,1,-1,1,-1,-1,-1,-1,-1,-1,-1,1,-1,-1,-1,1,1,-1,-1,-1,-1,1,-1,-1,-1,-1,1,-1,-1,1,-1,1,-1,-1,-1,-1,1,-1,1,1,-1,1,-1,-1,1,1,-1,-1,-1,-1,-1,-1,1,1,-1,-1,1,-1,1,1,-1,-1,-1,1,-1,1,1,-1,-1,1,-1,-1,1,1,1,-1,1,-1,1,1,1,-1,-1,1,-1,-1,1,1,1,-1,1,-1,-1,1,1,-1,1,1,-1,-1,1,1,-1,1,1,-1,-1,1,1,-1,1,1,-1,-1,1,1,1,1,1,1,-1,-1,1,-1,1,1,-1,-1,1,-1,1,1,1,1,-1,-1,1,-1,1,1,1,-1,1,1,1,1,-1,1,-1,1,1,1,1,1,1,1,-1,1,1,1,1,-1,1,-1,1,1,1,1,1,-1,1,1,1,1,-1,1,1,-1,1,1,-1,1,1,-1,-1,1,1,1,1,-1,1,-1,1,1,1,-1,-1,1,-1,1,1,1,-1,1,-1,-1,-1,1,1,-1,-1,1,-1,-1,1,1,1,-1,1,-1,-1,1,1,1,-1,1,-1,-1,1,1,-1,-1,-1,1,-1,1,1,-1,1,1,-1,1,1,-1,-1,1,-1,-1,-1,1,1,-1,1,1,-1,1,1,-1,-1,-1,-1,1,-1,-1,-1,-1,1,-1,-1,1,1,-1,1,1,-1,1,1,1,1,-1,1,-1,1,1,1,1,-1,1,-1,-1,-1,1,1,-1,1,-1,1,1,1,1,-1,1,-1,1,1,1,-1,-1,1,-1,-1,1,1,-1,-1,-1,1,-1,1,1,1,-1,1,-1,-1,1,-2670.0,1,2000,445,1000,False
1102,1,1,-1,-1,1,1,-1,-1,1,1,1,-1,1,1,1,1,-1,1,1,-1,-1,-1,1,1,1,1,-1,-1,1,1,1,1,-1,-1,-1,-1,1,-1,1,1,-1,-1,-1,1,1,1,1,-1,1,1,1,1,-1,1,-1,-1,1,-1,1,1,1,-1,-1,-1,1,1,1,1,-1,-1,-1,1,1,1,1,-1,-1,-1,1,1,1,-1,-1,-1,1,1,1,1,-1,-1,-1,1,1,1,1,-1,-1,1,1,-1,1,1,-1,-1,1,1,1,1,1,-1,-1,-1,1,1,1,1,-1,-1,1,1,1,1,1,1,-1,-1,1,1,-1,1,1,-1,1,1,1,1,1,1,-1,1,1,1,1,1,1,-1,1,1,1,1,1,1,-1,-1,-1,1,1,1,1,-1,1,1,1,1,-1,1,-1,1,-1,1,1,1,-1,-1,1,1,1,1,1,-1,1,-1,-1,1,-1,1,-1,1,1,1,1,1,1,1,1,1,-1,1,-1,1,-1,1,1,-1,1,-1,1,1,-1,1,-1,1,-1,1,-1,1,1,-1,1,-1,1,1,1,1,-1,-1,1,1,-1,-1,1,-1,1,-1,-1,1,1,1,-1,1,-1,1,-1,1,1,-1,-1,-1,1,1,-1,1,-1,1,1,1,-1,1,1,-1,1,-1,1,-1,1,-1,1,-1,1,1,-1,1,-1,-1,-1,1,1,-1,1,-1,-1,-1,1,1,-1,-1,1,1,-1,-1,1,1,-1,1,1,-1,1,1,1,-1,-1,1,-1,1,1,-1,1,-1,1,1,1,1,1,-1,-1,1,-1,-1,1,-1,1,-1,1,1,-1,1,1,1,-1,1,1,1,1,1,-1,-1,1,-1,1,1,1,1,-1,1,-1,1,1,1,-1,1,1,-1,-1,1,1,-1,1,1,-1,1,1,1,1,1,1,-1,1,1,1,1,1,1,-1,1,1,1,1,1,1,-1,-1,1,1,1,1,1,-1,1,-1,1,-1,1,1,1,-1,1,1,1,1,1,1,-1,1,1,1,-1,1,1,-1,-1,-1,-1,1,1,1,-1,1,1,-1,1,1,-1,-1,1,1,1,1,1,-1,1,1,1,-1,1,1,1,1,-1,1,1,1,-1,1,-1,1,-1,1,1,1,1,-1,-1,-1,1,-1,-1,1,1,-1,1,1,1,1,1,1,1,-1,1,-1,-1,1,-1,1,-1,1,-1,-1,1,1,1,-1,-1,1,-1,1,1,1,-1,1,1,1,-1,1,1,-1,1,-1,-1,1,1,1,-1,-1,-1,1,1,1,1,-1,1,-1,-1,1,1,-1,1,-1,1,-1,1,1,-1,-1,-1,-1,1,1,1,-1,1,-1,-1,-1,1,1,-1,-1,1,-1,1,1,1,1,-1,-1,-1,-1,-1,1,1,-1,-1,1,1,-1,1,-1,-1,1,-1,-1,1,-1,1,-1,-1,-1,-1,1,-1,1,-1,-1,-1,-1,-1,1,1,1,-1,1,-1,1,-1,1,-1,1,-1,-1,-1,1,-1,-1,1,1,1,-1,1,-1,1,1,1,-1,1,1,-1,-1,-1,1,-1,-1,1,-1,-1,1,1,1,-1,1,-1,-1,1,1,-1,-1,1,-1,-1,1,1,-1,-1,1,-1,-1,-1,1,1,-1,1,-1,-1,-1,1,-1,-1,1,-1,1,-1,1,1,-1,-1,1,-1,-1,-1,-1,-1,1,1,1,-1,1,1,-1,-1,1,-1,-1,-1,-1,-1,1,1,-1,-1,-1,-1,-1,1,1,-1,1,1,-1,-1,-1,1,1,-1,-1,-1,-1,-1,1,-1,-1,1,-1,-1,-1,1,1,-1,-1,-1,-1,-1,1,-1,-1,1,-1,-1,1,1,1,-1,1,-1,-1,-1,1,1,-1,-1,-1,-1,-1,1,1,1,-1,-1,-1,-1,1,1,-1,-1,-1,-1,1,1,1,1,-1,-1,1,1,1,1,1,-1,-1,-1,1,1,1,-1,1,-1,1,1,1,1,-1,1,-1,-1,1,-1,1,-1,1,-1,-1,1,-1,1,-1,-1,-1,-1,1,-1,1,-1,1,1,-1,1,-1,1,-1,1,1,-1,1,-1,1,-1,-1,-1,-1,1,1,-1,-1,-1,-1,-1,1,-1,1,-1,-1,-1,-1,-1,-1,-1,1,-1,-1,-1,1,-1,-1,1,-1,-1,-1,-1,-1,1,1,-1,-1,-1,-1,-1,1,-1,-1,-1,1,-1,-1,1,-1,1,-1,-1,-1,-1,-1,-1,-1,1,-1,-1,-1,1,1,1,-1,-1,1,-1,-1,-1,-1,-1,1,-1,-1,1,1,1,-1,-1,-1,-1,1,-1,1,1,-1,1,-1,-1,1,1,-1,-1,-1,-1,-1,-1,1,1,-1,-1,1,-1,1,1,-1,-1,-1,1,-1,-1,1,-1,-1,1,-1,-1,1,1,1,-1,1,-1,1,1,1,-1,-1,1,-1,-1,1,1,1,-1,1,-1,-1,1,1,-1,1,1,-1,-1,1,1,-1,1,1,-1,-1,1,1,-1,1,1,-1,-1,1,1,1,1,-1,1,-1,1,1,-1,1,1,-1,-1,1,-1,1,1,1,1,-1,-1,1,-1,1,-1,1,-1,1,1,1,1,-1,1,-1,1,1,1,1,1,1,-1,-1,1,1,1,1,-1,1,-1,1,1,1,1,-1,1,-1,1,1,1,-1,-1,1,-1,1,1,-1,1,-1,-1,1,-1,1,1,-1,1,-1,-1,1,1,1,-1,-1,-1,1,1,1,1,-1,-1,-1,-1,-1,1,1,-1,1,-1,-1,1,1,1,-1,1,-1,-1,1,1,1,1,1,1,-1,1,1,1,-1,-1,1,1,1,1,1,-1,1,-1,-1,1,1,-1,-1,1,-1,-1,1,1,1,-1,1,-1,1,1,1,-1,-1,-1,-1,-1,1,-1,-1,-1,1,-1,1,-1,1,-1,1,1,-1,1,1,1,1,-1,1,-1,1,1,1,-1,-1,1,-1,1,1,1,-1,-1,1,-1,1,1,1,-1,-1,1,-1,1,1,1,1,-1,1,-1,-1,1,1,-1,-1,-1,1,-1,1,-1,1,-1,1,-1,-1,1,-2670.0,1,2000,445,0,False
1103,1,1,-1,-1,1,1,-1,-1,1,1,1,-1,-1,1,1,1,-1,1,-1,-1,-1,-1,1,1,1,-1,-1,-1,1,1,1,1,-1,-1,-1,-1,1,1,1,1,-1,-1,-1,1,1,1,1,-1,1,1,1,1,-1,1,-1,-1,1,-1,1,1,1,-1,-1,-1,1,1,1,1,-1,-1,-1,1,1,1,1,-1,-1,-1,1,1,1,-1,-1,-1,1,1,1,1,-1,-1,1,1,1,1,1,-1,-1,-1,1,-1,1,1,-1,-1,1,1,1,1,1,-1,-1,-1,1,1,1,1,-1,-1,1,1,1,1,1,1,-1,-1,1,1,-1,1,1,-1,1,1,1,1,1,1,-1,1,1,1,1,1,1,-1,1,1,1,1,1,1,-1,-1,-1,1,1,1,1,-1,1,1,1,1,-1,1,-1,1,-1,1,1,1,-1,-1,1,1,1,1,1,-1,1,-1,-1,1,-1,1,-1,1,1,1,1,1,1,1,1,1,-1,1,-1,1,-1,1,1,-1,1,-1,1,1,-1,1,-1,1,-1,1,-1,1,1,-1,1,-1,1,1,1,1,-1,-1,1,1,-1,-1,1,-1,1,-1,-1,1,-1,1,-1,1,-1,1,-1,-1,1,-1,-1,-1,1,1,-1,1,-1,1,1,1,-1,1,-1,-1,1,-1,1,-1,1,1,1,-1,1,1,-1,1,-1,-1,-1,1,1,-1,1,-1,-1,-1,1,1,-1,-1,1,1,-1,-1,1,1,-1,1,1,-1,1,1,1,1,-1,1,-1,1,1,-1,1,-1,1,1,-1,1,1,1,1,1,-1,-1,1,-1,-1,-1,1,1,-1,1,1,1,-1,1,-1,-1,1,1,1,1,1,-1,1,1,1,-1,1,1,-1,1,1,1,-1,1,1,-1,1,-1,1,1,-1,1,-1,1,1,1,-1,1,1,-1,1,1,1,-1,1,-1,-1,1,1,1,-1,1,-1,-1,1,1,1,-1,1,-1,-1,-1,-1,1,-1,1,1,-1,1,1,1,1,-1,1,-1,-1,-1,1,-1,1,-1,-1,1,-1,-1,-1,1,1,-1,1,-1,1,-1,1,-1,1,-1,1,1,1,1,-1,1,-1,1,1,-1,1,-1,-1,-1,-1,1,1,1,1,-1,-1,1,1,1,1,-1,-1,1,-1,-1,1,-1,1,-1,1,-1,1,1,1,-1,-1,1,1,-1,1,-1,1,-1,-1,1,-1,1,1,-1,-1,-1,1,-1,-1,1,1,-1,-1,1,-1,1,1,-1,1,-1,1,-1,-1,1,1,-1,1,1,-1,1,1,-1,-1,1,1,-1,1,-1,1,-1,1,-1,-1,1,-1,1,-1,1,-1,-1,1,-1,-1,-1,1,-1,-1,1,-1,1,-1,1,-1,-1,1,-1,-1,1,-1,1,-1,1,1,1,-1,1,1,-1,-1,1,1,-1,1,-1,-1,1,-1,1,1,-1,1,-1,-1,1,1,-1,-1,1,1,-1,1,1,1,1,1,1,-1,1,1,1,-1,-1,-1,1,-1,-1,-1,1,-1,-1,1,1,1,-1,1,-1,1,-1,-1,-1,1,1,-1,1,1,-1,-1,-1,1,-1,1,1,-1,1,-1,1,-1,-1,-1,-1,-1,-1,1,-1,-1,-1,-1,-1,-1,1,-1,1,1,1,1,-1,1,-1,1,1,-1,-1,-1,1,-1,-1,1,-1,1,-1,-1,1,1,1,1,-1,-1,1,1,1,1,-1,1,-1,-1,1,1,1,-1,-1,-1,1,1,1,1,-1,-1,-1,1,-1,1,-1,1,-1,-1,-1,1,1,1,-1,-1,-1,-1,1,1,1,1,-1,-1,-1,1,1,1,1,-1,-1,-1,1,-1,1,-1,-1,-1,1,1,1,1,1,-1,-1,-1,1,-1,1,1,-1,-1,-1,1,1,-1,1,-1,-1,-1,1,1,1,1,-1,-1,1,1,1,-1,1,-1,1,1,-1,1,1,-1,-1,-1,1,1,-1,1,1,-1,1,1,1,-1,1,1,-1,-1,1,-1,1,-1,1,-1,-1,1,1,-1,1,-1,-1,-1,1,-1,-1,1,-1,-1,-1,1,1,-1,-1,1,-1,-1,1,-1,-1,-1,-1,-1,-1,1,1,1,-1,-1,-1,-1,1,-1,1,-1,-1,-1,-1,-1,-1,-1,1,-1,-1,-1,1,-1,-1,1,-1,-1,-1,-1,-1,1,1,-1,-1,-1,-1,-1,1,-1,-1,-1,1,-1,-1,1,-1,1,-1,-1,-1,-1,-1,-1,-1,1,-1,-1,-1,1,1,1,-1,-1,1,-1,1,-1,-1,-1,1,-1,-1,1,-1,1,-1,-1,-1,-1,1,-1,1,1,-1,1,-1,-1,1,1,-1,-1,-1,-1,-1,-1,1,1,-1,-1,1,-1,1,1,-1,-1,-1,1,-1,-1,1,-1,-1,1,-1,-1,1,1,1,-1,1,-1,1,1,1,-1,-1,1,-1,-1,1,1,1,-1,1,-1,-1,1,1,-1,1,1,-1,-1,1,1,-1,1,1,-1,-1,1,1,-1,1,1,-1,-1,1,1,1,1,-1,1,-1,-1,1,1,-1,1,-1,-1,1,-1,1,1,1,1,-1,-1,1,-1,1,1,1,-1,1,1,1,1,-1,1,-1,1,1,1,1,1,1,1,-1,1,1,1,1,-1,1,-1,1,1,1,1,1,-1,1,1,1,1,-1,1,1,-1,1,1,-1,1,1,-1,-1,1,1,1,1,-1,1,-1,1,1,1,-1,-1,1,-1,1,1,1,-1,1,-1,-1,-1,1,1,-1,-1,1,-1,-1,1,1,-1,-1,1,-1,-1,1,1,1,-1,1,-1,-1,1,1,-1,-1,-1,1,-1,1,1,-1,1,1,-1,1,1,-1,-1,1,-1,-1,-1,1,1,-1,1,1,-1,1,1,-1,-1,-1,-1,1,-1,-1,-1,-1,-1,-1,-1,1,1,-1,1,1,-1,1,1,1,1,-1,1,-1,1,1,1,-1,-1,1,-1,-1,-1,1,-1,1,1,-1,1,1,1,-1,-1,1,-1,1,1,1,1,-1,1,-1,-1,1,1,1,-1,1,1,-1,1,1,1,-1,1,-1,-1,1,-2670.0,1,2000,445,1000,False
1104,1,1,-1,-1,1,-1,-1,-1,1,1,1,-1,1,1,1,1,-1,1,-1,-1,1,-1,1,1,1,-1,1,-1,1,1,1,1,-1,-1,-1,-1,1,1,1,1,-1,-1,-1,1,1,1,1,-1,1,1,1,1,-1,1,-1,-1,1,-1,1,1,1,-1,-1,-1,1,1,1,1,-1,-1,-1,1,1,1,1,-1,-1,-1,1,1,1,-1,-1,-1,1,1,1,1,-1,-1,-1,1,1,1,1,-1,-1,1,1,-1,1,1,-1,-1,1,1,1,1,1,-1,-1,1,1,-1,1,1,-1,-1,1,1,1,1,1,1,-1,-1,1,1,-1,1,1,-1,1,1,1,1,1,1,-1,-1,1,1,1,1,1,-1,1,1,1,1,1,1,-1,-1,-1,1,1,1,1,-1,1,1,1,1,-1,1,-1,1,-1,1,1,1,-1,-1,1,1,1,1,1,-1,1,-1,-1,1,-1,1,-1,1,1,1,1,1,1,1,1,1,-1,1,-1,1,-1,1,1,-1,1,-1,1,1,-1,1,-1,1,-1,1,-1,1,1,-1,1,-1,1,1,1,1,-1,-1,1,1,-1,-1,1,-1,1,-1,-1,1,-1,1,-1,1,-1,1,-1,1,1,-1,-1,-1,1,1,-1,1,-1,1,1,1,-1,1,1,-1,1,-1,1,-1,1,-1,1,-1,1,1,-1,1,-1,-1,-1,1,1,-1,1,-1,-1,-1,1,1,-1,-1,1,1,-1,-1,1,1,-1,1,1,-1,1,1,1,1,-1,1,-1,1,1,-1,1,-1,1,1,1,1,1,1,1,1,-1,-1,1,-1,-1,1,1,1,-1,1,1,1,-1,1,1,1,1,1,1,1,1,-1,1,1,1,-1,1,1,-1,1,1,1,-1,1,1,-1,-1,1,1,1,-1,1,-1,1,1,1,-1,1,1,-1,1,1,1,-1,1,1,-1,1,1,1,-1,1,1,-1,-1,1,1,-1,1,1,-1,1,-1,1,-1,1,1,1,-1,1,1,1,-1,1,1,-1,1,1,-1,1,1,1,-1,-1,-1,-1,1,1,1,-1,1,1,-1,1,1,-1,-1,1,1,1,1,1,-1,1,1,1,-1,1,1,1,1,-1,1,1,1,-1,1,-1,1,1,1,1,1,1,-1,-1,-1,1,-1,-1,1,1,-1,1,1,1,1,1,1,1,-1,1,-1,-1,1,-1,1,-1,1,1,-1,1,1,1,-1,-1,1,-1,1,1,1,-1,1,1,1,-1,1,1,-1,-1,1,-1,1,1,1,-1,1,1,1,1,1,1,-1,1,-1,-1,1,1,-1,-1,1,-1,1,1,1,-1,-1,1,-1,1,1,1,-1,-1,1,1,-1,1,1,-1,-1,1,-1,1,1,1,1,-1,1,1,-1,1,1,1,-1,-1,-1,-1,1,1,-1,-1,1,-1,-1,1,-1,1,-1,-1,1,-1,1,-1,1,-1,-1,1,-1,-1,1,1,1,-1,1,-1,1,-1,-1,1,1,-1,-1,-1,1,-1,-1,1,1,1,-1,1,-1,1,1,1,-1,1,1,-1,1,-1,1,-1,-1,1,-1,-1,1,1,1,-1,1,-1,-1,1,1,-1,-1,1,-1,-1,1,1,-1,-1,1,-1,-1,-1,1,1,-1,1,-1,-1,-1,1,-1,-1,1,-1,1,-1,1,1,-1,-1,1,-1,-1,-1,-1,-1,1,1,1,-1,-1,1,-1,-1,1,-1,-1,1,-1,-1,1,1,-1,-1,1,1,-1,1,1,-1,1,-1,1,-1,-1,1,1,-1,-1,-1,-1,-1,1,-1,-1,1,-1,-1,-1,1,1,-1,-1,-1,-1,-1,1,-1,-1,-1,-1,-1,1,1,1,-1,-1,-1,-1,-1,1,1,-1,-1,-1,-1,-1,1,1,1,-1,-1,-1,-1,1,1,-1,-1,-1,-1,1,1,1,1,-1,-1,1,1,1,1,1,-1,-1,-1,1,1,1,-1,1,-1,1,1,1,1,-1,1,-1,-1,1,-1,1,-1,1,-1,-1,1,-1,1,-1,-1,-1,-1,1,-1,1,-1,1,-1,-1,1,-1,1,-1,1,-1,-1,1,-1,1,-1,-1,-1,-1,1,1,-1,-1,-1,-1,-1,1,-1,1,-1,-1,-1,-1,-1,-1,-1,1,-1,-1,-1,1,-1,-1,1,-1,-1,-1,-1,-1,-1,1,-1,-1,-1,-1,-1,1,-1,-1,-1,1,-1,-1,1,-1,1,-1,-1,-1,-1,-1,-1,-1,1,-1,-1,-1,1,1,-1,-1,-1,1,1,-1,-1,-1,-1,1,-1,-1,1,-1,1,-1,-1,-1,-1,1,-1,1,1,-1,1,-1,-1,1,1,-1,-1,-1,-1,-1,-1,1,1,-1,-1,1,-1,1,1,-1,-1,-1,1,-1,-1,1,-1,-1,1,-1,-1,1,1,1,-1,1,-1,1,1,1,-1,-1,1,-1,-1,1,1,1,-1,1,-1,-1,1,1,-1,1,1,-1,-1,1,1,-1,1,1,-1,-1,1,1,-1,1,1,-1,-1,1,1,1,1,1,1,-1,-1,1,1,-1,1,-1,-1,1,-1,1,1,1,1,-1,-1,1,-1,1,1,1,-1,1,1,1,1,-1,1,-1,1,1,1,1,1,1,1,-1,1,1,1,1,-1,1,-1,1,1,1,1,1,-1,1,1,1,1,-1,1,1,-1,1,1,-1,1,1,-1,-1,1,1,1,1,-1,1,-1,1,1,1,-1,-1,1,-1,1,1,1,-1,1,-1,-1,-1,1,1,-1,-1,1,-1,-1,1,1,1,-1,1,-1,-1,1,1,1,-1,1,-1,-1,1,1,-1,-1,-1,1,-1,-1,1,-1,1,1,-1,1,1,-1,-1,1,-1,-1,-1,1,1,-1,1,1,-1,1,1,-1,-1,-1,-1,1,-1,-1,-1,-1,1,-1,-1,1,1,-1,1,1,-1,1,1,1,1,-1,1,-1,1,1,1,1,-1,1,-1,-1,1,1,1,-1,1,-1,1,1,1,1,-1,1,-1,1,1,-1,-1,-1,1,-1,-1,1,1,-1,-1,-1,1,-1,1,-1,1,-1,1,-1,-1,1,-2670.0,1,2000,445,1000,False
1105,1,1,-1,-1,1,1,-1,-1,1,1,1,-1,1,1,1,1,-1,1,-1,-1,-1,-1,1,1,1,-1,1,-1,1,1,1,1,1,-1,-1,-1,1,1,1,1,-1,-1,-1,1,1,1,1,-1,1,1,1,1,-1,1,-1,-1,1,-1,1,1,-1,-1,-1,-1,1,1,1,1,-1,-1,-1,1,1,1,1,-1,-1,-1,1,1,1,-1,-1,-1,1,1,1,1,-1,-1,-1,1,1,1,1,-1,-1,1,1,-1,1,1,-1,-1,1,1,1,1,1,-1,-1,-1,1,-1,1,1,-1,-1,1,1,1,1,1,1,-1,-1,1,1,-1,1,1,-1,1,1,1,1,1,1,-1,1,1,1,1,1,1,-1,1,1,1,1,1,1,-1,-1,-1,1,1,1,1,-1,1,1,1,1,-1,1,-1,1,-1,1,1,1,-1,-1,1,1,1,1,1,-1,1,-1,-1,1,1,1,-1,1,1,1,1,-1,1,1,1,1,-1,1,-1,1,-1,1,1,-1,1,-1,1,1,-1,1,-1,1,-1,1,-1,1,1,-1,1,-1,1,1,1,1,-1,-1,1,1,-1,-1,1,-1,1,-1,1,1,-1,1,-1,1,-1,1,-1,1,1,-1,1,-1,1,1,-1,1,-1,1,1,1,-1,1,1,-1,1,-1,1,-1,1,-1,1,-1,1,1,-1,1,-1,-1,-1,1,1,-1,1,-1,-1,-1,1,1,-1,-1,1,1,-1,-1,1,1,-1,1,1,-1,1,1,1,1,-1,1,-1,1,1,-1,1,-1,1,1,1,1,1,1,1,1,-1,-1,1,-1,-1,-1,1,1,-1,1,1,1,-1,1,1,1,1,1,1,1,1,-1,1,1,1,-1,1,1,-1,1,1,1,-1,1,1,-1,-1,1,1,1,-1,1,-1,1,1,1,-1,1,1,-1,1,1,1,-1,1,1,-1,1,1,1,-1,1,1,-1,-1,1,1,-1,1,1,-1,1,-1,1,-1,1,-1,1,-1,1,1,1,-1,-1,1,-1,1,1,-1,1,1,1,-1,-1,-1,-1,1,1,1,-1,1,1,-1,1,1,-1,-1,1,1,1,1,1,-1,1,1,1,-1,1,1,1,1,-1,1,1,-1,-1,1,-1,1,-1,1,-1,1,1,-1,-1,-1,1,-1,1,1,-1,1,-1,1,-1,1,1,1,1,-1,1,-1,-1,1,-1,1,-1,1,-1,-1,1,1,1,-1,-1,1,-1,1,1,-1,-1,1,1,1,-1,1,1,-1,1,-1,-1,1,1,-1,-1,1,-1,1,1,-1,1,-1,1,-1,1,1,-1,-1,1,1,-1,1,1,-1,-1,-1,1,-1,1,1,1,-1,1,-1,1,-1,1,-1,-1,-1,1,-1,1,1,-1,1,-1,1,-1,-1,1,-1,-1,-1,1,-1,-1,1,-1,-1,-1,1,-1,-1,1,-1,-1,-1,-1,1,-1,1,-1,-1,-1,-1,1,-1,-1,1,1,1,-1,1,-1,1,-1,1,-1,1,-1,-1,-1,1,-1,1,1,1,1,-1,1,-1,-1,1,1,-1,1,1,-1,-1,-1,1,-1,-1,1,-1,-1,1,1,1,-1,1,-1,-1,1,1,-1,-1,1,-1,-1,1,1,-1,-1,1,-1,-1,-1,1,1,-1,1,1,-1,-1,1,-1,-1,1,-1,1,-1,1,1,-1,-1,1,-1,-1,-1,-1,-1,1,1,1,-1,-1,1,-1,-1,1,-1,-1,1,-1,-1,-1,1,-1,-1,1,1,-1,1,1,-1,1,-1,1,-1,-1,1,1,-1,-1,-1,-1,-1,1,-1,-1,1,-1,-1,-1,1,1,-1,-1,-1,-1,-1,1,-1,-1,-1,-1,-1,1,1,1,-1,-1,-1,-1,-1,1,1,-1,-1,-1,-1,-1,1,1,1,-1,-1,-1,-1,1,1,-1,-1,-1,-1,1,1,1,1,1,-1,1,1,1,1,1,1,-1,-1,1,1,1,1,-1,-1,1,1,1,1,-1,1,-1,-1,1,-1,1,-1,1,-1,-1,1,-1,1,1,1,-1,-1,1,-1,1,-1,1,-1,-1,1,-1,1,1,1,-1,1,-1,-1,1,1,1,-1,-1,1,1,-1,1,1,-1,-1,1,-1,1,-1,1,-1,-1,1,-1,-1,1,1,-1,-1,1,-1,-1,1,1,-1,-1,-1,-1,1,-1,1,-1,-1,-1,-1,1,-1,-1,-1,1,-1,-1,1,-1,1,-1,-1,-1,-1,-1,-1,1,1,-1,-1,-1,1,1,1,-1,-1,-1,1,-1,-1,1,-1,1,-1,-1,1,1,1,-1,-1,-1,-1,1,-1,1,1,-1,1,-1,-1,1,1,-1,-1,-1,-1,-1,-1,1,1,-1,-1,1,-1,1,1,-1,-1,-1,1,-1,1,1,-1,-1,1,-1,-1,1,1,1,-1,1,-1,1,1,1,-1,-1,1,-1,-1,1,1,1,-1,1,-1,-1,1,1,-1,1,1,-1,-1,1,1,1,1,1,-1,-1,1,1,1,1,1,-1,-1,1,1,1,1,1,1,-1,1,1,1,-1,1,-1,-1,1,-1,1,1,1,1,-1,-1,1,-1,1,1,1,-1,1,1,1,1,-1,1,-1,1,1,1,1,1,1,1,-1,-1,1,1,1,-1,1,-1,1,1,1,1,1,-1,1,1,1,1,-1,1,1,-1,1,1,-1,1,1,-1,-1,1,1,1,1,-1,1,-1,1,1,1,-1,-1,1,-1,1,1,1,-1,1,-1,-1,-1,1,1,-1,-1,1,-1,-1,1,1,1,-1,1,-1,1,-1,1,1,-1,1,-1,-1,1,1,-1,-1,-1,1,1,-1,1,-1,1,1,-1,1,1,-1,-1,1,1,-1,-1,1,1,-1,1,1,1,1,1,-1,-1,-1,-1,-1,-1,-1,-1,-1,-1,1,1,1,1,-1,1,1,-1,1,1,1,1,-1,1,-1,1,1,1,-1,-1,1,-1,1,1,1,-1,-1,1,-1,1,1,1,-1,-1,1,-1,1,1,1,1,-1,1,-1,1,1,1,-1,-1,-1,1,-1,1,-1,1,-1,1,-1,1,1,-2670.0,1,2000,445,0,False
1106,1,1,-1,-1,1,1,-1,-1,1,1,1,-1,-1,1,1,1,-1,1,-1,-1,1,-1,1,1,1,-1,1,-1,1,1,1,1,-1,1,-1,-1,1,1,1,1,-1,-1,-1,1,1,1,1,-1,1,1,1,1,-1,1,-1,-1,1,-1,1,1,1,-1,1,-1,1,1,1,1,-1,-1,-1,1,1,1,1,-1,1,-1,1,1,1,-1,-1,1,1,1,1,1,-1,-1,-1,1,1,1,1,-1,1,1,1,-1,1,1,-1,-1,1,1,1,1,1,-1,-1,1,1,-1,1,1,-1,-1,1,1,1,1,1,1,-1,1,1,1,-1,1,1,-1,1,1,1,1,1,1,-1,1,1,1,1,1,1,-1,-1,1,1,1,1,1,-1,1,-1,1,1,1,1,-1,1,1,1,1,-1,1,-1,1,-1,1,1,1,-1,-1,1,1,1,1,1,-1,1,-1,-1,1,-1,1,-1,1,1,1,1,1,1,1,1,1,1,1,-1,1,-1,1,1,-1,1,-1,1,1,-1,1,-1,1,-1,1,-1,1,1,-1,1,-1,1,1,1,1,-1,-1,1,1,-1,-1,1,-1,1,-1,-1,1,-1,1,-1,1,-1,1,-1,1,1,-1,-1,-1,1,1,-1,1,-1,1,1,1,-1,1,1,-1,-1,-1,1,-1,1,-1,1,-1,1,1,-1,1,-1,-1,-1,1,1,-1,1,-1,-1,-1,1,1,-1,-1,1,1,-1,-1,1,1,-1,1,1,-1,1,1,1,1,-1,1,-1,1,1,-1,1,-1,1,1,1,1,1,1,1,1,-1,-1,1,-1,-1,-1,1,1,-1,1,1,1,-1,1,1,1,1,1,1,1,1,-1,1,1,1,-1,1,1,-1,1,1,1,-1,1,1,-1,-1,1,1,1,-1,1,-1,1,1,1,-1,1,1,-1,1,1,1,-1,1,1,-1,1,1,1,-1,1,1,-1,-1,1,1,-1,1,1,-1,1,-1,1,-1,1,1,1,-1,1,1,1,1,1,1,-1,1,1,-1,1,1,1,-1,-1,-1,-1,1,1,1,-1,1,1,-1,1,1,-1,-1,1,1,1,1,1,-1,1,1,1,-1,1,1,1,1,-1,1,1,1,-1,1,-1,1,1,1,1,1,1,-1,-1,-1,1,-1,-1,1,1,-1,1,1,1,1,1,1,1,-1,1,-1,-1,1,-1,1,-1,1,1,1,1,1,1,-1,-1,1,-1,1,1,1,-1,1,1,1,-1,1,1,-1,-1,1,-1,1,1,1,-1,1,1,1,1,1,1,-1,1,-1,-1,1,1,1,-1,1,-1,1,1,1,-1,-1,1,-1,1,1,1,-1,-1,1,1,-1,1,1,-1,-1,1,-1,1,1,1,1,-1,1,1,-1,1,1,1,-1,-1,-1,-1,1,1,-1,-1,1,-1,-1,1,-1,1,-1,-1,1,-1,1,-1,1,1,-1,1,-1,-1,1,1,1,-1,1,-1,1,-1,-1,-1,1,-1,-1,-1,1,-1,-1,1,1,1,-1,1,-1,1,1,1,-1,1,1,-1,-1,-1,1,-1,-1,1,-1,-1,1,1,1,-1,1,-1,-1,1,1,-1,-1,1,-1,-1,1,1,-1,-1,1,-1,-1,-1,1,1,-1,1,-1,-1,-1,1,-1,-1,1,-1,1,-1,1,1,-1,-1,1,-1,-1,-1,-1,-1,1,1,1,-1,-1,1,-1,-1,1,-1,-1,1,-1,-1,1,1,-1,-1,1,1,-1,1,1,-1,1,-1,1,-1,-1,1,1,-1,-1,-1,-1,1,1,-1,-1,1,-1,-1,-1,1,1,-1,-1,-1,-1,-1,1,-1,-1,-1,-1,-1,1,1,1,-1,-1,-1,-1,-1,1,1,-1,-1,-1,-1,-1,1,1,1,-1,-1,-1,-1,1,1,-1,-1,-1,-1,1,1,1,1,-1,-1,1,1,1,1,1,-1,-1,-1,1,1,1,-1,1,-1,1,1,1,1,-1,1,-1,-1,1,-1,1,-1,1,-1,-1,1,-1,1,-1,-1,-1,-1,1,-1,1,-1,1,-1,-1,1,-1,1,-1,1,-1,-1,1,-1,1,-1,-1,-1,-1,1,1,-1,-1,-1,-1,-1,1,-1,1,-1,-1,-1,-1,-1,-1,-1,1,-1,-1,-1,1,-1,-1,1,-1,-1,-1,-1,-1,-1,1,-1,-1,-1,-1,-1,1,-1,-1,-1,1,-1,-1,1,-1,1,-1,-1,-1,-1,-1,-1,-1,1,-1,-1,-1,1,1,1,-1,-1,1,-1,-1,-1,-1,-1,1,-1,-1,1,-1,1,-1,-1,-1,-1,1,-1,1,1,-1,1,-1,-1,1,1,-1,-1,-1,-1,-1,-1,1,1,-1,-1,1,-1,1,1,-1,-1,-1,1,-1,-1,1,-1,-1,1,-1,-1,1,1,1,-1,1,-1,1,1,1,-1,-1,1,-1,-1,1,1,1,-1,1,-1,-1,1,1,-1,1,1,-1,-1,1,1,1,1,1,-1,-1,1,1,-1,1,1,-1,-1,1,1,1,1,1,1,-1,-1,1,1,1,1,-1,-1,1,-1,1,1,1,1,-1,-1,1,-1,1,1,1,-1,1,1,1,1,-1,1,-1,1,1,1,1,1,1,1,-1,1,1,1,1,-1,1,-1,1,1,1,1,1,-1,1,1,1,1,-1,1,1,-1,1,1,-1,1,1,-1,-1,1,1,1,1,-1,1,-1,1,1,1,-1,-1,1,-1,1,-1,1,-1,1,-1,-1,-1,1,1,-1,-1,1,-1,-1,1,-1,1,-1,1,-1,-1,-1,1,1,-1,1,-1,-1,1,1,-1,-1,-1,1,-1,1,-1,-1,1,1,-1,1,1,-1,-1,1,-1,-1,-1,-1,1,-1,1,1,-1,1,-1,1,-1,-1,-1,1,-1,-1,-1,-1,1,-1,-1,1,1,-1,1,1,-1,1,1,-1,-1,-1,1,-1,1,1,1,1,-1,1,-1,-1,1,1,-1,-1,1,-1,1,1,1,1,-1,1,-1,1,1,-1,-1,-1,1,-1,-1,1,1,-1,-1,-1,1,-1,1,-1,1,-1,1,-1,-1,1,-2670.0,1,2000,445,1000,False
1107,1,1,-1,-1,1,1,-1,-1,1,1,1,-1,1,1,1,1,-1,1,-1,-1,-1,-1,1,1,1,-1,-1,-1,1,1,1,1,1,-1,-1,-1,1,-1,1,1,-1,-1,-1,1,1,1,1,-1,1,1,1,1,-1,1,-1,-1,1,-1,1,1,1,-1,-1,-1,1,1,1,1,-1,-1,-1,1,1,1,1,-1,-1,-1,1,1,1,-1,-1,-1,1,1,1,1,-1,-1,-1,1,1,1,1,-1,-1,1,1,-1,1,1,-1,-1,1,1,1,1,1,-1,-1,-1,1,1,1,1,-1,-1,1,1,1,1,1,1,-1,-1,1,1,-1,1,1,-1,1,1,1,1,1,1,-1,1,1,1,1,1,1,-1,1,1,1,1,1,1,-1,-1,-1,1,1,1,1,-1,1,1,1,1,-1,1,-1,1,-1,1,1,1,-1,-1,1,1,1,1,1,-1,1,-1,-1,1,-1,1,-1,1,1,1,1,1,1,1,1,1,-1,1,-1,1,-1,1,1,-1,1,-1,1,1,-1,1,-1,1,-1,1,-1,1,1,-1,-1,-1,1,1,1,1,-1,-1,1,1,-1,-1,1,-1,1,-1,1,1,-1,1,-1,1,-1,1,-1,1,1,-1,-1,-1,1,1,-1,1,-1,1,1,1,-1,1,1,-1,1,-1,1,-1,1,-1,1,-1,1,1,-1,1,-1,-1,-1,1,1,-1,1,-1,-1,-1,1,1,-1,-1,1,1,-1,-1,1,1,-1,1,1,-1,1,1,1,1,-1,1,-1,1,1,-1,1,-1,1,-1,1,1,1,1,1,1,-1,-1,1,-1,-1,1,1,1,-1,1,1,1,-1,1,1,1,1,1,1,1,1,-1,1,1,1,-1,-1,1,-1,1,1,1,-1,1,1,-1,-1,1,1,1,-1,1,-1,1,1,1,-1,1,1,-1,1,1,1,-1,1,1,-1,1,1,1,-1,1,1,-1,-1,1,1,-1,1,1,-1,1,-1,1,-1,1,1,1,-1,1,1,1,1,1,1,-1,1,1,-1,1,1,1,-1,-1,-1,-1,1,1,1,-1,1,1,-1,1,1,-1,-1,1,1,1,1,1,-1,1,1,1,-1,1,1,1,1,-1,1,1,1,-1,1,-1,1,-1,1,1,1,1,-1,-1,-1,1,-1,-1,1,-1,1,-1,1,1,1,1,1,-1,-1,1,-1,-1,1,-1,1,-1,1,-1,-1,1,1,1,-1,-1,1,-1,1,1,-1,-1,1,1,1,-1,1,-1,-1,1,-1,-1,1,1,-1,-1,-1,-1,1,1,-1,1,-1,1,-1,1,1,-1,-1,1,1,-1,1,1,-1,-1,-1,1,-1,1,1,1,-1,1,-1,-1,-1,1,-1,-1,-1,1,-1,1,1,1,-1,-1,1,-1,-1,1,-1,-1,-1,-1,-1,-1,1,-1,-1,-1,1,-1,-1,1,-1,-1,-1,-1,1,-1,1,-1,-1,-1,-1,1,-1,-1,1,1,1,-1,1,-1,1,1,1,-1,1,-1,-1,-1,1,-1,-1,1,1,1,-1,1,-1,1,1,1,-1,1,1,-1,1,-1,1,-1,-1,1,-1,-1,1,1,1,-1,1,-1,-1,1,1,-1,-1,1,-1,-1,1,1,-1,-1,1,-1,-1,-1,1,1,-1,1,1,-1,-1,1,-1,-1,1,-1,1,-1,1,1,-1,-1,1,-1,-1,-1,-1,-1,1,1,1,-1,-1,1,-1,-1,1,-1,-1,1,-1,-1,1,1,-1,-1,1,-1,-1,1,1,-1,1,-1,-1,-1,-1,1,1,-1,-1,-1,-1,-1,1,-1,-1,1,-1,-1,-1,1,1,-1,-1,-1,-1,-1,1,-1,-1,-1,-1,-1,-1,1,1,-1,-1,-1,-1,1,1,1,-1,-1,-1,-1,-1,1,1,1,-1,-1,-1,-1,1,1,-1,-1,-1,-1,1,1,1,1,1,-1,1,1,1,1,1,1,-1,-1,1,1,1,1,-1,-1,1,1,1,1,-1,1,-1,-1,1,-1,1,-1,1,-1,-1,1,-1,1,-1,1,-1,-1,1,-1,1,-1,1,1,-1,1,-1,1,1,1,1,-1,1,-1,1,1,1,-1,-1,1,1,-1,1,1,-1,-1,1,-1,1,-1,1,-1,-1,-1,-1,-1,1,1,-1,-1,1,-1,-1,1,1,-1,-1,-1,-1,1,-1,1,-1,-1,-1,-1,1,1,-1,-1,1,-1,-1,1,-1,1,-1,-1,-1,-1,-1,1,1,1,-1,-1,-1,1,1,1,-1,-1,-1,1,-1,-1,1,-1,1,-1,-1,1,1,1,-1,-1,-1,-1,1,-1,1,1,-1,1,-1,-1,1,1,-1,-1,-1,-1,-1,-1,1,1,-1,-1,1,-1,1,1,-1,-1,-1,1,-1,1,1,-1,-1,1,-1,-1,1,1,1,-1,1,-1,1,1,1,-1,-1,1,-1,-1,1,1,1,-1,1,-1,-1,1,1,-1,1,1,-1,-1,1,1,-1,1,1,-1,-1,1,1,1,1,1,-1,-1,1,1,1,1,1,1,-1,1,1,1,1,1,-1,-1,1,-1,1,1,1,1,-1,-1,1,-1,1,1,1,-1,1,1,1,1,-1,1,-1,1,1,1,1,1,1,1,-1,1,1,1,1,-1,1,-1,1,1,1,1,1,-1,1,1,1,1,-1,1,1,-1,1,1,-1,1,1,-1,-1,1,1,1,1,-1,1,-1,1,1,1,-1,-1,1,-1,1,1,1,-1,1,-1,-1,-1,1,1,-1,-1,1,-1,-1,1,1,1,-1,1,-1,1,1,1,1,-1,1,-1,-1,1,1,-1,-1,-1,1,1,1,1,-1,1,1,-1,1,1,-1,-1,1,-1,-1,-1,1,1,-1,1,1,1,1,1,-1,-1,-1,-1,-1,-1,-1,-1,-1,1,-1,1,1,1,-1,1,1,-1,1,1,1,1,-1,1,-1,1,1,1,-1,-1,1,-1,1,1,1,-1,-1,1,-1,1,1,1,-1,-1,1,-1,1,1,1,1,-1,1,-1,-1,1,1,-1,-1,-1,1,-1,1,1,1,-1,1,-1,-1,1,-2670.0,1,2000,445,1000,False
1108,1,1,-1,-1,1,-1,-1,-1,1,1,1,-1,1,1,1,1,-1,1,-1,-1,1,-1,1,1,1,-1,-1,-1,1,1,1,1,-1,-1,-1,-1,1,1,1,1,-1,-1,-1,1,1,1,1,-1,1,1,1,1,-1,1,-1,-1,1,-1,1,1,1,-1,-1,-1,1,1,1,1,-1,-1,-1,1,1,1,1,-1,-1,-1,1,1,1,-1,-1,-1,1,1,1,1,-1,-1,-1,1,1,1,1,-1,-1,1,1,-1,1,1,-1,-1,1,1,1,1,1,-1,-1,1,1,-1,1,1,-1,-1,1,1,1,1,1,1,-1,1,1,1,-1,1,1,-1,1,1,1,1,1,1,-1,-1,1,1,1,1,1,-1,1,1,1,1,1,1,-1,-1,-1,1,1,1,1,-1,1,1,1,1,-1,1,-1,1,-1,1,1,1,-1,-1,1,1,1,1,1,-1,1,-1,-1,1,-1,1,-1,1,1,1,1,1,1,1,1,1,-1,1,-1,1,-1,1,1,-1,1,-1,1,1,-1,1,-1,1,-1,1,-1,1,1,-1,-1,-1,1,1,1,1,-1,-1,1,1,-1,-1,1,-1,1,-1,1,1,-1,1,-1,1,-1,1,-1,-1,1,-1,1,-1,1,1,-1,1,-1,1,1,1,-1,1,1,-1,1,-1,1,-1,1,-1,1,-1,1,1,-1,1,-1,-1,-1,1,1,-1,1,-1,-1,-1,1,1,-1,-1,1,1,-1,-1,1,1,-1,1,1,-1,1,1,1,1,-1,1,-1,1,1,-1,1,-1,1,1,-1,1,1,1,1,1,-1,-1,1,-1,-1,-1,1,1,-1,1,1,1,-1,1,-1,-1,1,1,1,1,1,-1,1,1,1,-1,1,1,-1,1,1,1,-1,1,1,-1,-1,1,1,1,-1,1,-1,1,1,1,-1,1,1,-1,1,1,1,-1,1,-1,-1,1,1,1,-1,1,-1,-1,-1,1,1,-1,1,-1,-1,1,-1,1,-1,1,1,-1,-1,1,1,1,-1,1,-1,-1,1,1,-1,1,-1,-1,-1,-1,-1,-1,1,1,-1,-1,1,1,-1,1,-1,-1,-1,1,1,1,1,-1,-1,1,1,1,-1,1,-1,-1,-1,-1,1,1,1,1,-1,-1,1,-1,1,1,-1,-1,1,-1,-1,1,-1,1,-1,-1,1,-1,1,1,-1,-1,1,1,-1,1,-1,1,-1,-1,1,-1,1,1,-1,-1,-1,1,-1,-1,1,1,-1,-1,1,-1,1,1,-1,1,-1,1,-1,-1,1,1,-1,-1,1,-1,1,1,-1,-1,1,1,-1,1,-1,1,-1,1,-1,1,1,-1,1,-1,1,-1,-1,1,-1,-1,-1,1,-1,-1,1,1,1,-1,1,-1,-1,1,-1,-1,1,-1,1,-1,1,1,1,-1,1,1,-1,1,-1,1,-1,1,-1,-1,1,-1,1,1,1,1,-1,-1,1,1,-1,1,1,-1,1,1,1,1,-1,1,1,-1,1,1,1,1,1,-1,1,-1,-1,-1,1,-1,1,1,-1,1,-1,1,-1,1,-1,-1,-1,1,1,-1,1,1,-1,-1,-1,1,-1,1,1,-1,1,-1,1,-1,-1,-1,-1,-1,-1,1,-1,-1,-1,-1,-1,-1,1,-1,1,1,1,1,-1,1,-1,1,1,-1,-1,-1,1,-1,-1,1,-1,1,-1,-1,1,1,1,1,-1,-1,1,1,1,1,-1,1,-1,-1,1,1,1,-1,-1,-1,-1,1,1,1,-1,1,-1,1,-1,1,-1,1,1,-1,-1,1,1,1,-1,-1,-1,-1,1,1,1,1,-1,-1,-1,1,1,1,1,-1,-1,-1,1,1,1,-1,-1,-1,-1,1,1,1,1,-1,-1,1,1,1,1,1,-1,-1,-1,1,1,-1,1,-1,-1,-1,1,1,1,1,-1,-1,1,1,1,1,-1,-1,1,1,-1,1,1,-1,-1,-1,1,1,1,1,1,-1,1,1,1,1,1,-1,-1,-1,1,-1,1,-1,-1,-1,-1,1,-1,1,1,-1,-1,-1,1,-1,1,1,-1,-1,-1,1,1,1,1,-1,-1,-1,1,-1,1,1,-1,-1,-1,1,1,-1,-1,-1,-1,-1,1,-1,1,-1,-1,-1,-1,-1,-1,-1,1,-1,-1,-1,1,-1,-1,1,-1,-1,-1,-1,-1,-1,1,-1,-1,-1,-1,-1,1,-1,-1,-1,1,-1,-1,1,-1,1,-1,-1,-1,-1,-1,-1,-1,1,-1,-1,-1,1,1,1,-1,-1,-1,1,-1,-1,-1,-1,1,-1,-1,1,1,1,-1,-1,-1,-1,1,-1,1,1,-1,1,-1,-1,1,1,-1,-1,-1,-1,-1,-1,1,1,-1,-1,1,-1,1,1,-1,-1,-1,1,-1,1,1,-1,-1,1,-1,-1,1,1,1,-1,1,-1,1,1,1,-1,-1,1,-1,-1,1,1,1,-1,1,-1,-1,1,1,-1,1,1,-1,-1,1,1,1,1,1,-1,-1,1,1,-1,1,1,-1,-1,1,1,1,1,-1,1,-1,1,1,1,-1,1,-1,-1,1,-1,1,1,1,1,-1,-1,1,-1,1,1,1,-1,1,-1,1,1,-1,1,-1,1,1,1,1,1,1,1,-1,-1,1,1,1,-1,1,-1,1,1,1,1,1,-1,1,-1,1,1,-1,1,1,-1,-1,1,-1,1,1,-1,-1,1,1,1,1,-1,1,-1,-1,1,1,-1,-1,1,-1,1,1,1,-1,1,-1,-1,-1,1,1,-1,-1,1,-1,-1,1,1,-1,-1,1,-1,-1,1,1,1,1,-1,-1,-1,1,1,-1,-1,-1,1,-1,-1,1,-1,1,1,-1,1,1,-1,-1,1,-1,-1,-1,1,1,-1,1,1,-1,1,1,-1,-1,-1,-1,1,-1,-1,-1,-1,-1,-1,-1,1,1,-1,1,1,-1,1,1,1,1,-1,1,-1,1,1,1,1,-1,1,-1,-1,1,1,1,-1,1,-1,1,1,1,1,-1,1,-1,1,1,-1,-1,-1,1,-1,-1,1,1,-1,-1,-1,1,-1,1,-1,1,-1,1,-1,-1,1,-2670.0,1,2000,445,0,False
1109,1,1,-1,-1,1,-1,1,-1,1,1,1,-1,1,1,1,1,-1,1,-1,-1,1,-1,1,1,1,-1,-1,-1,1,1,1,1,1,-1,-1,-1,1,1,1,1,-1,-1,-1,1,1,1,1,-1,1,1,1,1,-1,1,-1,-1,1,-1,1,1,-1,-1,-1,-1,1,1,1,1,-1,-1,-1,1,1,1,1,-1,-1,-1,1,1,1,-1,-1,-1,1,1,1,1,-1,-1,-1,1,1,1,1,-1,-1,1,1,-1,1,1,-1,-1,1,1,1,1,1,-1,-1,1,1,-1,1,1,-1,-1,1,1,1,1,1,1,-1,-1,1,1,-1,1,1,-1,1,1,1,1,1,1,-1,-1,1,1,1,1,1,-1,1,1,1,1,1,1,-1,-1,-1,1,1,1,1,-1,1,1,1,1,-1,1,-1,1,1,1,1,1,-1,-1,1,1,1,1,1,-1,1,-1,-1,1,-1,1,-1,1,1,1,1,1,1,1,1,1,-1,1,-1,1,-1,1,1,-1,1,-1,1,1,-1,1,-1,1,-1,1,-1,1,1,-1,1,-1,1,1,1,1,-1,-1,1,1,-1,-1,1,-1,1,-1,1,1,-1,1,-1,1,-1,1,-1,1,1,-1,-1,-1,1,1,-1,1,-1,1,1,1,-1,1,1,-1,-1,-1,1,-1,1,-1,1,-1,1,1,-1,1,-1,-1,-1,1,1,-1,1,-1,-1,-1,1,1,-1,-1,1,1,-1,-1,1,1,-1,1,1,-1,1,1,1,1,-1,1,-1,1,1,-1,1,-1,1,-1,1,1,1,1,1,1,-1,-1,1,-1,-1,1,1,1,-1,1,1,1,-1,1,1,1,1,1,1,1,1,-1,1,1,1,-1,1,1,-1,1,1,1,-1,1,1,-1,-1,1,1,1,-1,1,-1,1,1,1,-1,1,1,-1,1,1,1,-1,1,1,-1,1,1,1,-1,1,1,1,-1,1,1,-1,1,1,-1,1,-1,1,-1,1,1,1,-1,1,1,1,-1,1,1,-1,1,1,-1,1,1,1,-1,-1,-1,-1,1,1,1,-1,1,1,-1,1,1,-1,-1,1,1,1,1,1,-1,1,1,1,-1,1,1,1,-1,-1,1,1,1,-1,1,-1,1,1,1,1,1,1,-1,-1,-1,1,-1,-1,1,1,-1,1,1,1,1,1,1,1,-1,1,-1,-1,1,-1,1,-1,1,1,1,1,1,1,-1,-1,1,-1,1,1,1,-1,1,1,1,-1,1,1,-1,-1,1,-1,1,1,1,-1,1,1,1,1,1,1,-1,1,-1,-1,1,1,1,-1,1,-1,-1,1,1,-1,-1,1,-1,1,1,1,-1,-1,1,1,-1,1,1,-1,-1,1,-1,1,1,1,1,-1,1,1,-1,-1,1,1,-1,-1,-1,1,-1,1,-1,-1,1,-1,-1,1,-1,1,-1,-1,1,-1,1,-1,1,-1,-1,1,-1,-1,1,1,1,-1,1,-1,1,-1,-1,1,1,-1,-1,-1,1,-1,-1,-1,1,1,-1,1,-1,1,1,1,-1,1,1,-1,-1,-1,1,-1,1,1,-1,-1,1,1,1,-1,1,-1,-1,1,1,-1,-1,1,-1,-1,1,1,-1,-1,1,-1,-1,-1,1,1,-1,1,1,-1,-1,1,-1,-1,1,-1,1,-1,1,1,-1,-1,1,-1,-1,-1,-1,-1,-1,1,1,-1,1,1,-1,1,1,-1,-1,-1,-1,-1,1,1,-1,-1,-1,1,-1,1,1,-1,1,1,1,-1,-1,1,1,-1,-1,-1,-1,1,1,-1,-1,1,-1,-1,-1,1,1,-1,-1,-1,-1,-1,1,-1,-1,1,-1,-1,1,1,1,-1,1,-1,-1,-1,1,1,-1,-1,-1,-1,-1,1,1,1,-1,-1,-1,-1,1,1,-1,-1,-1,-1,1,1,1,1,-1,-1,1,1,1,1,1,-1,-1,-1,1,1,1,-1,1,-1,1,1,1,1,-1,1,-1,-1,1,-1,1,-1,1,-1,-1,1,-1,1,-1,-1,-1,-1,1,-1,1,-1,1,-1,-1,1,-1,1,-1,1,-1,-1,1,-1,1,-1,-1,-1,-1,1,1,-1,-1,-1,-1,-1,1,-1,1,-1,-1,-1,-1,-1,-1,-1,1,-1,-1,-1,1,-1,-1,1,-1,-1,-1,-1,-1,1,1,-1,-1,-1,-1,-1,1,-1,-1,-1,1,-1,-1,1,-1,1,-1,-1,-1,-1,-1,-1,-1,1,-1,-1,-1,1,1,-1,-1,-1,-1,1,-1,-1,-1,-1,1,-1,-1,1,-1,1,-1,-1,-1,-1,1,-1,1,1,-1,1,-1,-1,1,1,-1,-1,-1,-1,-1,-1,1,1,-1,-1,1,-1,1,1,-1,-1,-1,1,-1,-1,1,-1,-1,1,-1,-1,1,1,1,-1,1,-1,1,1,1,-1,-1,1,-1,-1,1,-1,1,-1,1,-1,-1,1,1,-1,1,1,-1,-1,1,1,1,1,1,-1,-1,1,1,1,1,1,-1,-1,1,1,1,1,1,1,-1,-1,1,1,1,1,-1,-1,1,-1,1,1,1,1,-1,-1,1,-1,1,1,1,-1,1,1,1,1,-1,1,-1,1,1,1,1,1,1,1,-1,1,1,1,1,-1,1,-1,1,1,1,1,1,-1,1,1,1,1,-1,1,1,-1,1,1,-1,1,1,-1,-1,1,1,1,1,-1,1,-1,1,1,1,-1,-1,1,-1,1,1,1,-1,1,-1,-1,-1,1,1,-1,-1,1,-1,-1,1,1,-1,-1,1,-1,-1,1,1,1,-1,1,-1,-1,1,1,-1,-1,-1,1,-1,-1,1,-1,1,1,-1,1,1,-1,-1,1,-1,-1,-1,1,1,-1,1,1,-1,1,1,-1,-1,-1,-1,1,-1,-1,-1,-1,1,-1,-1,1,1,-1,1,1,-1,1,1,1,1,-1,1,-1,1,1,1,1,-1,1,-1,-1,1,1,1,-1,1,-1,1,1,1,1,-1,1,-1,1,1,-1,-1,-1,1,-1,-1,1,1,-1,-1,-1,1,-1,1,-1,1,-1,1,-1,-1,1,-2670.0,1,2000,445,0,False
1110,1,1,-1,-1,1,1,-1,-1,1,1,1,-1,1,1,1,1,-1,1,-1,-1,-1,-1,1,1,1,-1,-1,-1,1,1,1,1,-1,-1,-1,-1,1,1,1,1,-1,-1,-1,1,1,1,1,-1,1,1,1,1,-1,1,-1,-1,1,-1,1,1,1,-1,-1,-1,1,1,1,1,-1,-1,-1,1,1,1,1,-1,-1,-1,1,1,1,-1,-1,-1,1,1,1,1,-1,-1,-1,1,1,1,1,-1,-1,1,1,-1,1,1,-1,-1,1,1,1,1,1,-1,-1,-1,1,1,1,1,-1,-1,1,1,1,1,1,1,-1,-1,1,1,-1,1,1,-1,1,1,1,1,1,1,-1,1,1,1,1,1,1,-1,1,1,1,1,1,1,-1,-1,-1,1,1,1,1,-1,1,1,1,1,-1,1,-1,1,-1,1,1,1,-1,-1,1,1,1,1,1,-1,1,-1,-1,1,-1,1,-1,1,1,1,1,1,1,1,1,1,-1,1,-1,1,-1,1,1,-1,1,-1,1,1,-1,1,-1,1,-1,1,-1,1,1,-1,-1,-1,1,1,1,1,-1,-1,1,1,-1,-1,1,-1,1,-1,-1,1,-1,1,-1,1,-1,1,-1,-1,1,-1,-1,-1,1,1,-1,1,-1,1,1,1,-1,1,1,-1,1,-1,1,-1,1,-1,1,-1,1,1,-1,1,-1,-1,-1,1,1,-1,1,-1,-1,-1,1,1,-1,-1,1,1,-1,-1,1,1,-1,1,1,-1,1,1,1,1,-1,1,-1,1,1,-1,1,-1,1,1,-1,1,1,1,1,1,-1,-1,1,-1,-1,-1,1,1,-1,1,1,1,-1,1,-1,-1,1,1,1,1,1,-1,1,1,1,-1,1,1,-1,1,1,1,-1,1,1,-1,-1,1,1,1,-1,1,-1,1,1,1,-1,1,1,-1,1,1,1,-1,1,-1,-1,1,1,1,-1,1,-1,-1,-1,1,1,-1,1,-1,-1,1,-1,1,-1,1,1,-1,-1,1,1,1,-1,1,-1,-1,1,1,-1,1,-1,-1,-1,-1,-1,-1,1,1,-1,-1,1,1,-1,1,-1,1,-1,1,1,1,1,-1,-1,1,1,1,-1,1,-1,-1,-1,-1,1,1,1,1,-1,-1,1,1,1,1,-1,-1,1,-1,-1,1,-1,1,-1,-1,1,-1,1,1,-1,-1,1,1,-1,1,-1,1,-1,-1,1,-1,1,1,-1,-1,-1,1,-1,-1,1,1,-1,-1,1,-1,1,1,-1,1,-1,1,-1,-1,1,1,-1,-1,1,-1,1,1,-1,-1,1,1,-1,1,-1,1,-1,1,-1,-1,1,-1,1,-1,1,-1,-1,1,-1,-1,-1,1,-1,-1,1,-1,1,-1,1,-1,-1,1,-1,-1,1,-1,1,-1,1,-1,1,-1,1,1,-1,-1,-1,1,-1,1,-1,-1,1,-1,1,1,1,1,-1,-1,1,1,-1,1,1,-1,-1,1,1,1,-1,1,1,-1,1,1,1,1,-1,1,1,-1,-1,-1,1,-1,-1,1,1,1,-1,1,-1,1,-1,-1,-1,1,1,-1,1,1,-1,-1,-1,1,-1,1,1,-1,1,-1,1,-1,-1,-1,-1,-1,-1,1,-1,-1,-1,-1,-1,-1,1,-1,1,1,1,1,-1,1,-1,1,1,-1,-1,-1,1,-1,-1,1,-1,1,-1,-1,1,1,1,1,-1,-1,1,1,1,1,-1,1,-1,-1,1,1,1,-1,-1,-1,1,1,1,1,-1,-1,-1,1,-1,1,-1,1,-1,-1,-1,1,1,1,-1,-1,-1,-1,1,1,1,1,-1,-1,-1,1,1,1,1,-1,-1,-1,1,-1,1,-1,-1,-1,-1,1,1,1,1,-1,-1,1,1,1,1,1,-1,-1,-1,1,1,-1,1,-1,-1,-1,1,1,1,1,-1,-1,1,1,1,1,-1,-1,1,1,-1,1,1,-1,-1,-1,1,1,1,1,1,-1,1,1,1,1,1,-1,-1,-1,1,-1,1,-1,-1,-1,-1,1,-1,1,1,-1,-1,-1,1,-1,1,1,-1,-1,-1,1,1,1,1,-1,-1,-1,1,-1,1,1,-1,-1,-1,1,1,-1,-1,-1,-1,-1,1,-1,1,-1,-1,-1,-1,-1,-1,-1,1,-1,-1,-1,1,-1,-1,1,-1,-1,-1,-1,-1,1,1,-1,-1,-1,-1,-1,1,-1,-1,-1,1,-1,-1,1,-1,1,-1,-1,-1,-1,-1,-1,-1,1,-1,-1,-1,1,1,1,-1,-1,1,-1,-1,-1,-1,-1,1,-1,-1,1,1,1,-1,-1,-1,-1,1,-1,1,1,-1,1,-1,-1,1,1,-1,-1,-1,-1,-1,-1,1,1,-1,-1,1,-1,1,1,-1,-1,-1,1,-1,1,1,-1,-1,1,-1,-1,1,1,1,-1,1,-1,1,1,1,-1,-1,1,-1,-1,1,1,1,-1,1,-1,-1,1,1,-1,1,1,-1,-1,1,1,-1,1,1,-1,-1,1,1,-1,1,1,-1,-1,1,1,1,1,-1,1,-1,-1,1,1,-1,1,-1,-1,1,-1,1,1,1,1,-1,-1,1,-1,1,1,1,-1,1,1,1,1,-1,1,-1,1,1,1,1,1,1,1,-1,1,1,1,1,-1,1,-1,1,1,1,1,1,-1,1,1,1,1,-1,1,1,-1,1,1,-1,1,1,-1,-1,1,1,1,1,-1,1,-1,1,1,1,-1,-1,1,-1,1,1,1,-1,1,-1,-1,-1,1,1,-1,-1,1,-1,-1,1,1,-1,-1,1,-1,-1,1,1,1,-1,1,-1,-1,1,1,-1,-1,-1,1,-1,1,1,-1,1,1,-1,1,1,-1,-1,1,1,-1,-1,1,1,-1,1,1,-1,1,1,-1,-1,-1,-1,1,-1,-1,-1,-1,-1,-1,-1,1,1,-1,1,1,-1,1,1,1,1,-1,1,-1,1,1,1,-1,-1,1,-1,-1,1,1,-1,-1,1,-1,1,1,1,-1,-1,1,-1,1,1,1,1,-1,1,-1,-1,1,1,-1,-1,-1,1,-1,1,1,1,-1,1,-1,-1,1,-2670.0,1,2000,445,1000,False
1111,1,1,-1,-1,1,-1,-1,-1,1,1,1,-1,1,1,1,1,-1,1,-1,-1,-1,-1,1,1,1,-1,-1,-1,1,1,1,1,1,-1,-1,-1,1,-1,1,1,-1,-1,-1,1,1,1,1,-1,1,1,1,1,-1,1,-1,-1,1,-1,1,1,1,-1,-1,-1,1,1,1,1,-1,-1,-1,1,1,1,1,-1,-1,-1,1,1,1,-1,-1,-1,1,1,1,1,-1,-1,-1,1,1,1,1,-1,-1,1,1,-1,1,1,-1,-1,1,1,1,1,1,-1,-1,1,1,-1,1,1,-1,-1,1,1,1,1,1,1,-1,1,1,1,-1,1,1,-1,1,1,1,1,1,1,-1,-1,1,1,1,1,1,-1,1,1,1,1,1,1,-1,-1,-1,1,1,1,1,-1,1,1,1,1,-1,1,-1,1,-1,1,1,1,-1,-1,1,1,1,1,1,-1,1,-1,-1,1,-1,1,-1,1,1,1,1,1,1,1,1,1,-1,1,-1,1,-1,1,1,-1,1,-1,1,1,-1,1,-1,1,-1,1,-1,1,1,-1,1,-1,1,1,1,1,-1,-1,1,1,-1,-1,1,-1,1,-1,1,1,-1,1,-1,1,-1,1,-1,-1,1,-1,-1,-1,1,1,-1,1,-1,1,1,1,-1,1,1,-1,-1,-1,1,-1,1,-1,1,-1,1,1,-1,1,-1,-1,-1,1,1,-1,1,-1,-1,-1,1,1,-1,-1,1,1,-1,-1,1,1,-1,1,1,-1,1,1,1,1,-1,1,-1,1,1,-1,1,-1,1,-1,1,1,1,1,1,1,-1,-1,1,-1,-1,-1,1,1,-1,1,1,1,-1,1,1,1,1,1,1,1,1,-1,1,1,1,-1,1,1,-1,1,1,1,-1,1,1,-1,-1,1,1,1,-1,1,-1,1,1,1,-1,1,1,-1,1,1,1,-1,1,1,-1,1,1,1,-1,1,1,-1,-1,1,1,-1,1,1,-1,1,-1,1,-1,1,-1,1,-1,1,1,1,-1,-1,1,-1,1,1,-1,1,1,1,-1,-1,-1,-1,1,-1,1,-1,1,1,-1,1,1,-1,-1,1,1,1,1,1,-1,1,1,1,-1,1,1,1,1,-1,1,1,-1,-1,1,-1,1,-1,1,-1,1,1,-1,-1,-1,1,-1,1,1,1,-1,1,1,-1,1,1,1,1,-1,1,-1,-1,1,-1,1,-1,1,-1,1,1,1,1,-1,-1,1,-1,1,1,1,-1,1,1,1,-1,1,1,-1,1,-1,-1,1,1,1,-1,1,-1,1,1,1,1,-1,1,-1,-1,1,1,-1,1,1,1,-1,1,1,-1,-1,1,-1,1,1,1,-1,1,-1,-1,-1,1,1,-1,-1,1,-1,1,1,1,1,-1,1,-1,-1,-1,1,1,-1,-1,-1,1,-1,1,-1,-1,1,-1,-1,1,-1,1,-1,-1,1,-1,1,-1,1,-1,-1,1,-1,-1,1,1,1,-1,1,-1,1,-1,1,1,1,-1,-1,-1,1,-1,1,1,1,1,-1,1,-1,-1,1,1,-1,1,1,-1,1,-1,1,-1,-1,1,-1,-1,1,1,1,-1,1,-1,-1,1,1,-1,-1,1,-1,1,1,1,-1,-1,1,-1,-1,-1,1,1,-1,1,1,-1,-1,1,-1,-1,1,-1,1,-1,1,1,-1,-1,1,-1,-1,-1,-1,-1,1,1,1,-1,1,1,-1,-1,1,-1,-1,-1,-1,-1,1,1,-1,-1,-1,1,-1,1,1,-1,1,1,1,-1,-1,1,1,-1,-1,-1,-1,1,1,-1,-1,1,-1,-1,-1,1,1,-1,-1,-1,-1,-1,1,-1,-1,1,-1,-1,1,1,1,-1,1,-1,-1,-1,1,1,-1,-1,-1,-1,-1,1,1,1,-1,-1,-1,-1,1,1,-1,-1,-1,-1,1,1,1,1,-1,-1,1,1,1,1,1,-1,-1,-1,1,1,1,-1,1,-1,1,1,1,1,-1,1,-1,-1,1,-1,1,-1,1,-1,-1,1,-1,1,-1,-1,-1,-1,1,-1,1,-1,1,1,-1,1,-1,1,-1,1,1,-1,1,-1,1,-1,-1,-1,-1,1,1,-1,-1,-1,-1,-1,1,-1,1,-1,-1,-1,-1,-1,-1,-1,1,-1,-1,-1,1,-1,-1,1,-1,-1,-1,-1,-1,1,1,-1,-1,-1,-1,-1,1,-1,-1,-1,1,-1,-1,1,-1,1,-1,-1,-1,-1,-1,-1,-1,1,-1,-1,-1,1,1,-1,-1,-1,-1,1,-1,-1,-1,-1,1,-1,-1,1,-1,1,-1,-1,-1,-1,1,-1,1,1,-1,1,-1,-1,1,1,-1,-1,-1,-1,-1,-1,1,1,-1,-1,1,-1,1,1,-1,-1,-1,1,-1,1,1,-1,-1,1,-1,-1,1,1,1,-1,1,-1,1,1,1,-1,-1,1,-1,-1,1,1,1,-1,1,-1,-1,1,1,-1,1,1,-1,-1,1,1,-1,1,1,-1,-1,1,1,1,1,1,-1,-1,1,1,1,1,-1,1,-1,1,1,1,-1,1,-1,-1,1,-1,1,1,1,1,-1,-1,1,-1,1,1,1,-1,1,1,1,1,-1,1,-1,1,1,1,1,1,1,1,-1,1,1,1,1,-1,1,-1,1,1,1,1,1,-1,1,1,1,1,-1,1,1,-1,1,1,-1,1,1,-1,-1,1,1,1,1,-1,1,-1,1,1,1,-1,-1,1,-1,1,1,1,-1,1,-1,-1,-1,1,1,-1,-1,1,-1,-1,1,1,-1,-1,1,-1,1,1,1,1,-1,1,-1,-1,1,1,-1,-1,-1,1,1,-1,1,-1,1,1,-1,1,1,-1,-1,1,1,-1,-1,1,1,-1,1,1,1,1,1,-1,-1,-1,-1,-1,-1,-1,-1,-1,-1,1,1,1,1,-1,1,1,-1,1,1,1,1,-1,1,-1,1,1,1,1,-1,1,-1,1,1,1,1,-1,1,-1,1,1,1,1,-1,1,-1,1,1,1,-1,-1,1,-1,1,1,1,-1,-1,-1,1,-1,1,-1,1,-1,1,-1,1,1,-2670.0,1,2000,445,1500,False
1112,-1,-1,1,1,1,1,-1,1,-1,-1,-1,1,-1,1,-1,-1,1,-1,1,1,-1,-1,-1,-1,-1,1,-1,-1,-1,-1,-1,-1,1,1,-1,-1,1,-1,-1,-1,1,-1,-1,-1,-1,-1,-1,-1,1,1,-1,-1,1,-1,1,-1,-1,1,-1,-1,-1,1,1,1,-1,-1,-1,-1,-1,-1,-1,1,-1,-1,-1,-1,-1,-1,1,-1,-1,1,1,-1,1,-1,-1,-1,-1,1,-1,-1,-1,-1,-1,-1,-1,1,1,1,-1,-1,-1,-1,1,1,1,-1,-1,-1,-1,1,1,1,-1,-1,-1,-1,1,1,1,-1,-1,-1,-1,1,1,1,1,-1,-1,-1,1,1,1,1,-1,-1,-1,-1,1,1,1,-1,-1,-1,1,1,1,1,-1,-1,-1,-1,-1,1,1,1,-1,-1,1,1,1,1,-1,-1,-1,1,-1,1,-1,-1,-1,-1,1,1,1,1,-1,-1,1,-1,-1,1,-1,-1,-1,1,1,1,1,1,-1,-1,1,1,-1,1,1,-1,-1,-1,1,-1,1,1,-1,-1,-1,1,-1,1,1,-1,-1,1,1,-1,1,1,-1,1,1,1,-1,-1,1,1,-1,-1,1,-1,1,1,-1,1,-1,1,-1,1,1,-1,1,1,1,-1,1,1,-1,-1,1,1,-1,1,-1,-1,1,1,1,-1,1,1,-1,1,1,-1,1,-1,-1,-1,1,1,-1,-1,1,-1,-1,1,1,-1,-1,-1,1,-1,1,1,1,1,-1,1,-1,1,1,1,1,-1,-1,-1,-1,1,-1,1,-1,-1,-1,1,1,-1,1,1,1,-1,-1,1,1,1,-1,-1,-1,1,1,-1,1,1,-1,-1,1,1,-1,1,-1,-1,-1,1,1,-1,1,-1,-1,-1,1,-1,-1,1,-1,-1,1,-1,-1,1,1,-1,1,1,-1,1,-1,1,-1,1,1,1,-1,1,1,-1,-1,1,1,-1,1,-1,-1,-1,1,1,-1,1,-1,-1,1,-1,1,-1,1,-1,-1,1,-1,1,-1,1,1,-1,1,-1,1,1,1,1,-1,-1,1,1,-1,1,-1,-1,1,1,-1,-1,1,1,-1,1,-1,1,-1,1,-1,1,1,-1,1,1,1,-1,1,1,-1,1,-1,1,-1,-1,1,-1,1,1,1,1,-1,1,1,1,1,1,-1,-1,1,-1,-1,1,-1,1,-1,-1,1,-1,1,1,-1,-1,-1,1,-1,1,-1,1,-1,1,-1,-1,1,1,-1,-1,-1,1,-1,-1,1,1,-1,-1,1,-1,1,1,-1,1,-1,1,-1,-1,1,1,-1,-1,-1,-1,1,1,-1,1,-1,1,-1,1,-1,1,-1,-1,1,-1,1,-1,1,-1,-1,-1,-1,1,-1,-1,-1,-1,-1,-1,1,-1,1,-1,1,-1,-1,1,-1,-1,1,-1,-1,-1,1,1,1,-1,1,-1,-1,-1,-1,1,-1,1,-1,-1,1,-1,1,1,1,-1,-1,-1,1,1,-1,1,-1,1,-1,1,1,1,-1,1,1,-1,1,1,1,1,1,1,1,-1,-1,-1,1,-1,-1,1,-1,1,-1,1,-1,1,-1,-1,-1,1,1,-1,1,1,-1,1,-1,1,-1,1,1,-1,1,-1,1,-1,-1,-1,-1,1,-1,1,-1,-1,-1,-1,1,-1,1,-1,1,1,1,1,-1,1,-1,1,1,-1,1,-1,1,-1,-1,1,-1,1,-1,-1,1,1,1,1,1,-1,1,1,1,1,-1,1,-1,-1,1,1,1,-1,-1,-1,-1,1,1,1,-1,-1,-1,1,-1,1,-1,1,1,-1,-1,1,1,1,-1,-1,-1,-1,1,1,1,1,1,-1,-1,1,1,1,1,1,-1,-1,1,-1,1,-1,1,-1,1,1,1,1,1,1,-1,-1,1,-1,1,1,1,-1,-1,1,1,-1,1,1,-1,-1,1,1,1,1,1,1,-1,1,1,-1,-1,1,-1,-1,1,1,1,-1,1,-1,-1,1,-1,1,1,1,-1,-1,1,-1,1,-1,1,1,-1,1,-1,1,-1,1,-1,-1,1,-1,1,-1,1,1,-1,1,-1,1,-1,1,-1,-1,1,-1,1,-1,1,1,-1,1,1,1,1,1,-1,1,1,-1,1,1,1,1,-1,1,-1,1,-1,1,1,-1,1,1,-1,1,1,1,-1,1,1,-1,1,1,1,1,1,-1,-1,1,1,1,1,1,-1,1,-1,1,1,1,1,1,-1,1,1,1,1,1,1,-1,1,-1,1,1,1,1,1,1,1,1,1,1,1,-1,1,1,-1,1,1,-1,1,1,1,1,1,1,1,-1,1,1,1,1,1,-1,1,1,1,1,1,1,-1,-1,1,-1,1,1,1,-1,1,1,1,1,1,-1,-1,1,1,1,1,1,1,-1,1,1,-1,1,1,-1,1,1,1,1,1,1,-1,-1,1,1,1,1,-1,1,-1,1,1,1,1,-1,-1,-1,1,1,1,1,-1,1,-1,1,1,1,1,1,-1,-1,1,1,-1,1,1,-1,-1,-1,1,-1,1,-1,-1,-1,1,-1,1,1,1,-1,-1,-1,1,-1,1,1,-1,-1,1,1,-1,1,1,-1,1,1,1,-1,1,1,-1,1,-1,1,1,1,1,-1,1,-1,1,1,1,-1,1,-1,1,1,1,1,-1,1,1,-1,1,1,-1,1,1,-1,-1,1,-1,1,1,-1,1,-1,1,-1,1,-1,-1,1,-1,1,-1,1,-1,1,-1,-1,-1,1,1,-1,-1,1,-1,-1,-1,1,1,-1,1,-1,-1,-1,1,1,-1,1,-1,-1,1,1,-1,-1,1,1,-1,1,1,-1,1,1,-1,1,1,-1,-1,1,-1,-1,-1,-1,1,-1,1,1,-1,1,1,-1,-1,-1,-1,1,-1,-1,-1,-1,1,-1,-1,1,1,-1,1,1,-1,1,1,1,1,-1,1,-1,1,1,1,1,-1,1,-1,-1,1,1,1,-1,1,-1,1,1,1,1,-1,1,-1,1,1,1,-1,-1,1,-1,-1,1,1,-1,-1,-1,1,-1,1,-1,1,-1,1,-1,-1,1,-2670.0,1,2000,445,1000,False
1113,1,1,-1,-1,1,-1,-1,-1,1,1,1,-1,1,1,1,1,-1,1,-1,-1,1,-1,1,1,1,-1,-1,-1,1,1,1,1,-1,-1,-1,-1,1,-1,1,1,-1,-1,-1,1,1,1,1,-1,1,1,1,1,-1,1,-1,-1,1,-1,1,1,1,-1,-1,-1,1,1,1,1,-1,-1,-1,1,1,1,1,-1,-1,-1,1,1,1,-1,-1,-1,1,1,1,1,-1,-1,-1,1,1,1,1,-1,-1,1,1,-1,1,1,-1,-1,1,1,1,1,1,-1,-1,1,1,1,1,1,-1,-1,1,1,1,1,1,1,-1,-1,1,1,-1,1,1,-1,1,1,1,1,1,1,-1,-1,1,1,1,1,1,-1,1,1,1,1,1,1,-1,-1,-1,1,1,1,1,-1,1,1,1,1,-1,1,-1,1,-1,1,1,1,-1,-1,1,1,1,1,1,-1,1,-1,-1,1,-1,1,-1,1,1,1,1,1,1,1,1,1,-1,1,-1,1,-1,1,1,-1,1,-1,1,1,-1,1,-1,1,-1,1,-1,1,1,-1,1,-1,1,1,1,1,-1,-1,1,1,-1,-1,1,-1,1,-1,-1,1,-1,1,-1,1,-1,1,-1,1,1,-1,-1,-1,1,1,-1,1,-1,1,1,1,-1,1,1,-1,-1,-1,1,-1,1,-1,1,-1,1,1,-1,1,-1,-1,-1,1,1,-1,1,-1,-1,-1,1,1,-1,-1,1,1,-1,-1,1,1,-1,1,1,-1,1,1,1,1,-1,1,-1,1,1,-1,1,-1,1,1,1,1,1,-1,-1,1,-1,-1,1,-1,-1,1,1,1,-1,1,1,1,-1,1,1,1,1,1,1,1,1,-1,1,1,1,1,-1,1,-1,1,1,1,-1,1,1,-1,-1,1,1,1,-1,1,-1,1,1,1,-1,1,1,-1,1,1,1,-1,1,1,-1,1,1,1,1,1,1,-1,-1,1,1,-1,1,1,-1,1,-1,1,-1,1,1,1,-1,1,1,1,-1,1,1,-1,1,1,-1,1,1,1,-1,-1,-1,-1,1,1,1,-1,1,1,-1,1,1,-1,-1,1,1,1,1,1,-1,1,1,1,-1,1,1,1,-1,-1,1,1,1,-1,1,-1,1,1,1,1,1,1,-1,-1,-1,1,-1,-1,1,1,-1,1,1,-1,1,1,1,1,-1,1,-1,-1,1,-1,1,-1,1,1,1,1,1,1,-1,-1,1,-1,1,1,1,-1,1,1,1,-1,1,1,-1,-1,1,-1,1,1,1,-1,1,1,1,1,1,1,-1,1,-1,-1,1,1,-1,-1,1,-1,1,1,1,-1,-1,1,-1,1,1,1,-1,-1,1,-1,-1,1,1,-1,-1,1,-1,1,1,1,1,-1,1,1,-1,1,1,1,-1,-1,-1,-1,1,1,-1,-1,1,-1,-1,1,-1,1,-1,-1,1,-1,1,-1,1,1,-1,1,-1,-1,1,1,1,-1,1,-1,1,-1,1,-1,1,-1,-1,-1,1,-1,-1,-1,1,1,-1,1,-1,1,1,1,-1,1,1,-1,-1,-1,1,-1,-1,1,-1,-1,1,1,1,-1,1,-1,-1,1,1,-1,-1,1,-1,-1,1,1,-1,-1,1,-1,-1,-1,1,1,-1,1,1,-1,-1,1,-1,-1,1,-1,1,-1,1,1,-1,-1,1,-1,-1,-1,-1,-1,1,1,1,-1,-1,1,-1,-1,1,-1,-1,1,-1,-1,1,1,-1,-1,1,-1,-1,1,1,-1,1,-1,-1,-1,-1,1,1,-1,-1,-1,-1,1,1,-1,-1,1,-1,-1,-1,1,1,-1,-1,-1,-1,-1,1,-1,-1,-1,-1,-1,1,1,1,-1,-1,-1,-1,-1,1,1,-1,-1,-1,-1,-1,1,1,1,-1,-1,-1,-1,1,1,-1,-1,-1,-1,1,1,1,1,-1,-1,1,1,1,1,1,-1,-1,-1,1,1,1,1,1,-1,1,1,1,1,-1,1,-1,-1,1,-1,1,-1,1,-1,-1,1,-1,1,-1,-1,-1,-1,1,-1,1,-1,1,1,-1,1,-1,1,-1,1,1,-1,1,-1,1,-1,-1,-1,-1,1,1,-1,-1,-1,-1,-1,1,-1,1,-1,-1,-1,-1,-1,-1,-1,1,-1,-1,-1,1,-1,-1,1,-1,-1,-1,-1,-1,1,1,-1,-1,-1,-1,-1,1,-1,-1,-1,1,-1,-1,1,-1,1,-1,-1,-1,-1,-1,-1,-1,1,-1,-1,-1,1,1,-1,-1,-1,1,1,-1,-1,-1,-1,1,-1,-1,1,1,1,-1,-1,-1,-1,1,-1,1,1,-1,1,-1,-1,1,1,-1,-1,-1,-1,-1,-1,1,1,-1,-1,1,-1,1,1,-1,-1,-1,1,-1,-1,1,-1,-1,1,-1,-1,1,1,1,-1,1,-1,1,1,1,-1,-1,1,-1,-1,1,1,1,-1,1,-1,-1,1,1,-1,1,1,-1,-1,1,1,-1,1,1,-1,-1,1,1,-1,1,1,-1,-1,1,1,1,1,1,1,-1,-1,1,1,1,1,-1,-1,1,-1,1,1,1,1,-1,-1,1,-1,1,1,1,-1,1,1,1,1,-1,1,-1,1,1,1,1,1,1,1,-1,1,1,1,1,-1,1,-1,1,1,1,1,1,-1,1,1,1,1,-1,-1,1,-1,1,1,-1,1,1,-1,-1,1,1,1,-1,1,1,-1,1,1,1,-1,-1,1,-1,1,1,1,-1,1,-1,-1,-1,1,1,-1,-1,1,-1,-1,1,1,-1,-1,1,-1,-1,1,1,1,1,-1,-1,-1,1,1,-1,-1,-1,1,-1,-1,1,-1,1,1,-1,1,1,-1,-1,1,1,-1,-1,1,1,-1,1,1,-1,1,1,-1,-1,-1,-1,1,-1,-1,-1,-1,1,-1,-1,1,1,-1,1,1,-1,1,1,1,1,-1,1,-1,1,1,1,1,-1,1,-1,-1,1,1,1,-1,1,-1,1,1,1,1,-1,1,-1,1,1,-1,-1,-1,1,-1,-1,1,1,-1,-1,-1,1,-1,1,-1,1,-1,1,-1,-1,1,-2670.0,1,2000,445,1000,False
1114,1,1,-1,-1,1,1,-1,-1,1,1,1,-1,-1,1,1,1,-1,1,-1,-1,-1,1,1,1,1,-1,-1,-1,1,1,1,1,1,-1,-1,-1,1,-1,1,1,-1,-1,-1,1,1,1,1,-1,1,1,1,1,-1,1,-1,-1,1,-1,1,1,1,-1,-1,1,1,1,1,1,-1,-1,1,1,1,1,1,-1,-1,-1,1,1,1,-1,-1,-1,1,1,1,1,-1,-1,-1,1,1,1,1,-1,-1,1,1,-1,1,1,-1,-1,1,1,1,1,1,-1,-1,-1,1,-1,1,1,-1,-1,1,1,1,1,1,1,-1,-1,1,1,-1,1,1,-1,1,1,1,1,1,1,-1,1,1,1,1,1,1,-1,1,1,1,1,1,1,-1,-1,-1,1,1,1,1,-1,1,-1,1,1,-1,1,-1,1,-1,1,1,1,-1,-1,1,1,1,1,1,-1,1,-1,-1,1,-1,1,-1,1,1,1,1,1,1,1,1,1,-1,1,-1,1,-1,1,1,-1,1,-1,1,1,-1,1,-1,1,-1,1,-1,1,1,-1,1,-1,1,1,1,1,-1,-1,1,1,-1,-1,1,-1,1,-1,1,1,-1,1,-1,1,-1,1,-1,1,1,-1,-1,-1,1,1,-1,1,-1,1,1,1,-1,1,1,-1,1,-1,1,-1,1,-1,1,-1,1,1,-1,1,-1,-1,-1,1,1,-1,1,-1,-1,-1,1,1,-1,-1,1,1,-1,-1,1,1,-1,1,1,-1,1,1,1,1,-1,1,-1,1,1,-1,1,-1,1,1,1,1,1,1,1,1,-1,-1,1,-1,-1,1,1,1,-1,1,1,1,-1,1,1,1,1,1,1,1,1,-1,1,1,1,-1,1,1,-1,1,1,1,-1,1,1,-1,-1,1,1,1,-1,1,-1,1,1,1,-1,1,1,-1,1,1,1,-1,1,1,-1,1,1,1,-1,1,1,-1,-1,1,1,-1,1,1,-1,1,-1,1,-1,1,1,1,-1,1,1,1,-1,1,1,-1,1,1,-1,1,1,1,-1,-1,-1,-1,1,1,1,-1,1,1,-1,1,1,-1,-1,1,1,1,1,1,-1,1,1,1,-1,1,1,1,-1,-1,1,1,1,-1,1,-1,1,1,1,-1,1,1,-1,-1,-1,1,-1,-1,1,-1,1,-1,1,-1,1,1,1,1,-1,1,-1,-1,1,-1,1,-1,1,1,-1,1,1,1,-1,-1,1,-1,1,1,-1,-1,1,1,1,-1,1,1,-1,-1,1,-1,1,1,-1,-1,1,1,1,1,-1,1,-1,1,-1,-1,1,-1,-1,-1,1,-1,1,1,-1,-1,-1,1,-1,1,1,1,-1,-1,1,-1,-1,1,-1,-1,-1,1,-1,1,1,-1,1,-1,1,1,-1,1,-1,-1,-1,-1,1,-1,1,-1,-1,-1,1,1,-1,1,-1,-1,-1,-1,1,-1,1,-1,-1,-1,-1,1,-1,-1,1,1,1,-1,1,-1,1,-1,1,1,1,-1,-1,-1,1,-1,-1,1,1,-1,1,1,-1,1,1,1,-1,1,1,-1,1,-1,1,-1,-1,1,-1,-1,1,1,-1,-1,1,-1,-1,1,1,1,-1,1,-1,-1,1,1,-1,-1,1,-1,-1,-1,1,1,-1,1,-1,-1,-1,1,-1,-1,1,-1,1,-1,1,1,-1,-1,1,-1,-1,-1,-1,-1,1,1,1,-1,-1,1,-1,-1,1,-1,-1,1,-1,-1,1,1,-1,-1,1,1,-1,1,1,-1,1,-1,1,-1,-1,1,1,-1,-1,-1,-1,-1,1,-1,-1,1,-1,-1,-1,1,1,-1,-1,-1,-1,-1,1,-1,-1,-1,-1,-1,1,1,1,-1,-1,-1,-1,-1,1,1,-1,-1,-1,-1,-1,1,1,1,-1,-1,-1,-1,1,1,-1,-1,-1,-1,1,1,1,1,1,-1,1,1,1,1,1,1,-1,-1,1,1,1,1,-1,-1,1,1,1,1,-1,1,-1,-1,1,-1,1,-1,1,-1,-1,1,-1,1,1,1,-1,-1,1,-1,1,-1,1,1,-1,1,-1,1,1,1,1,-1,1,-1,1,1,1,-1,-1,1,1,-1,1,1,-1,-1,1,-1,1,-1,1,-1,-1,-1,-1,-1,1,1,-1,-1,1,-1,-1,1,1,-1,-1,-1,-1,1,-1,1,-1,-1,-1,-1,1,-1,-1,-1,1,-1,-1,1,-1,1,-1,-1,-1,-1,-1,-1,1,1,-1,-1,-1,1,1,1,-1,-1,-1,1,-1,-1,1,-1,1,-1,-1,1,1,1,-1,-1,-1,-1,1,-1,1,1,-1,1,-1,-1,1,1,-1,-1,-1,-1,-1,-1,1,1,-1,-1,1,-1,1,1,-1,-1,-1,1,-1,1,1,-1,-1,1,-1,-1,1,1,1,-1,1,-1,1,1,1,-1,-1,1,-1,-1,1,1,1,-1,1,-1,-1,1,1,-1,1,1,-1,-1,1,1,-1,1,1,-1,-1,1,1,1,1,1,-1,-1,1,1,1,1,1,1,-1,-1,1,1,-1,1,-1,-1,1,-1,1,1,1,1,-1,-1,1,-1,1,1,1,-1,1,1,1,1,-1,1,-1,1,1,1,1,1,1,1,-1,1,1,1,1,-1,1,-1,1,1,1,1,1,-1,1,1,1,1,-1,1,1,-1,1,1,-1,1,1,-1,-1,1,1,1,1,-1,1,-1,1,1,1,-1,-1,1,-1,1,1,1,-1,1,-1,-1,-1,1,1,-1,-1,1,-1,-1,1,1,1,-1,1,-1,-1,1,1,1,-1,-1,-1,-1,1,1,-1,-1,-1,1,-1,1,1,-1,1,1,-1,1,1,-1,-1,1,1,-1,-1,1,1,-1,1,1,-1,1,1,-1,-1,-1,-1,1,-1,-1,-1,-1,-1,1,-1,1,1,-1,1,1,-1,1,1,1,1,-1,1,-1,1,1,1,-1,-1,1,-1,-1,-1,1,-1,-1,1,-1,1,1,1,-1,-1,1,-1,1,1,1,1,-1,1,-1,-1,1,1,-1,-1,-1,1,-1,1,1,1,-1,1,-1,-1,1,-2670.0,1,2000,445,1000,False
1115,1,1,-1,-1,1,-1,-1,-1,1,1,1,-1,1,1,1,1,-1,1,-1,-1,-1,-1,1,1,1,-1,-1,-1,1,1,1,1,1,-1,-1,-1,1,1,1,1,-1,-1,-1,1,1,1,1,-1,1,1,1,1,-1,1,-1,-1,1,-1,1,1,1,-1,-1,-1,1,1,1,1,-1,-1,-1,1,1,1,1,-1,-1,-1,1,1,1,-1,-1,-1,1,1,1,1,-1,-1,1,1,1,1,1,-1,-1,-1,1,-1,1,1,-1,-1,1,1,1,1,1,-1,-1,-1,1,1,1,1,-1,-1,1,1,1,1,1,1,-1,-1,1,1,-1,1,1,-1,1,1,1,1,1,1,-1,1,1,1,1,1,1,-1,1,1,1,1,1,1,-1,-1,-1,1,1,1,1,-1,1,1,1,1,-1,1,-1,1,-1,1,1,1,-1,-1,1,1,1,1,1,-1,1,-1,-1,1,-1,1,-1,1,1,1,1,1,1,1,1,1,1,1,-1,1,-1,1,1,-1,1,-1,1,1,-1,1,-1,1,-1,1,-1,1,1,-1,1,-1,1,1,1,1,-1,-1,1,1,-1,-1,1,-1,1,-1,1,1,-1,1,-1,1,-1,1,-1,1,1,-1,-1,-1,1,1,-1,1,-1,1,1,1,-1,1,1,-1,-1,-1,1,-1,1,-1,1,-1,1,1,-1,1,-1,-1,-1,1,1,-1,1,-1,-1,-1,1,1,-1,-1,1,1,-1,-1,1,1,-1,1,1,-1,1,1,1,1,-1,1,-1,1,1,-1,1,-1,1,-1,1,1,1,1,1,1,-1,-1,1,-1,-1,-1,1,1,-1,1,1,1,-1,1,1,1,1,1,1,1,1,-1,1,1,1,-1,1,1,-1,1,1,1,-1,1,1,-1,-1,1,1,1,-1,1,-1,1,1,1,-1,1,1,-1,1,1,1,-1,1,1,-1,1,1,1,-1,1,1,-1,-1,1,1,-1,1,1,-1,1,-1,1,-1,1,1,1,-1,1,1,1,-1,1,1,-1,1,1,-1,1,1,1,-1,-1,-1,-1,1,1,1,-1,1,1,-1,1,1,-1,-1,1,1,1,1,1,-1,1,1,1,-1,1,1,1,-1,-1,1,1,1,-1,1,-1,1,1,1,1,1,1,-1,-1,-1,1,-1,-1,1,1,-1,1,1,1,1,1,1,1,-1,1,-1,-1,1,-1,1,-1,1,1,-1,1,1,1,-1,-1,1,-1,1,1,1,-1,1,1,1,-1,1,1,-1,-1,1,-1,1,1,1,-1,1,1,1,1,1,1,-1,1,-1,-1,1,1,-1,1,1,-1,1,1,1,-1,-1,1,-1,1,1,1,-1,-1,1,1,-1,1,1,-1,-1,1,-1,1,1,1,1,-1,1,1,-1,1,1,1,-1,1,-1,-1,1,1,-1,-1,1,-1,-1,1,-1,1,-1,-1,1,-1,1,-1,1,-1,1,1,-1,-1,1,1,1,-1,1,-1,1,-1,-1,1,1,-1,-1,-1,1,-1,-1,1,1,1,-1,1,-1,1,1,1,-1,1,1,-1,1,-1,1,-1,-1,1,-1,-1,1,1,1,-1,1,-1,-1,1,1,-1,-1,1,-1,-1,1,1,-1,-1,1,-1,-1,-1,1,1,-1,1,1,-1,-1,1,-1,-1,1,-1,1,-1,1,1,-1,-1,1,-1,-1,-1,-1,-1,1,1,1,-1,-1,1,-1,-1,1,-1,-1,1,-1,-1,1,1,-1,-1,1,-1,-1,1,1,-1,1,-1,1,-1,-1,1,1,-1,-1,-1,-1,1,1,-1,-1,1,-1,-1,-1,1,1,-1,-1,-1,-1,-1,1,-1,-1,-1,-1,-1,1,1,1,-1,-1,-1,-1,-1,1,1,-1,-1,-1,-1,-1,1,1,1,-1,-1,-1,-1,1,1,-1,-1,-1,-1,1,1,1,1,-1,-1,1,1,1,1,1,-1,-1,-1,1,1,1,-1,1,-1,1,1,1,1,-1,1,-1,-1,1,-1,1,-1,1,-1,-1,1,-1,1,-1,-1,-1,-1,1,-1,1,-1,1,-1,-1,1,-1,1,-1,1,-1,-1,1,-1,1,-1,-1,-1,-1,1,1,-1,-1,-1,-1,-1,1,-1,1,-1,-1,-1,-1,-1,-1,-1,1,-1,-1,-1,1,-1,-1,1,-1,-1,-1,-1,-1,-1,1,-1,-1,-1,-1,-1,1,-1,-1,-1,1,-1,-1,1,-1,1,-1,-1,-1,-1,-1,-1,-1,1,-1,-1,-1,1,1,-1,-1,-1,-1,1,-1,-1,-1,-1,1,-1,-1,1,1,1,-1,-1,-1,-1,1,-1,1,1,-1,1,-1,-1,1,1,-1,-1,-1,-1,-1,-1,1,1,-1,-1,1,-1,1,1,-1,-1,-1,1,-1,1,1,-1,-1,1,-1,-1,1,1,1,-1,1,-1,1,1,1,-1,-1,1,-1,-1,1,1,1,-1,1,-1,-1,1,1,-1,1,1,-1,-1,1,1,-1,1,1,-1,-1,1,1,1,1,1,-1,-1,1,1,1,1,1,1,-1,-1,1,1,1,1,-1,-1,1,-1,1,1,1,1,-1,-1,1,-1,1,1,1,-1,1,-1,1,1,-1,1,-1,1,1,1,1,1,1,1,-1,-1,1,1,1,-1,1,-1,1,1,1,1,1,-1,1,-1,1,1,-1,1,1,-1,-1,1,-1,1,1,-1,-1,1,1,1,1,-1,1,-1,-1,1,1,-1,-1,1,-1,1,1,1,-1,1,-1,-1,-1,1,1,-1,-1,1,-1,-1,1,1,-1,-1,1,-1,-1,1,1,1,-1,1,-1,-1,1,1,-1,-1,-1,1,-1,-1,1,-1,1,1,-1,1,1,-1,-1,1,-1,-1,-1,1,1,-1,1,1,-1,1,1,-1,-1,-1,-1,1,-1,-1,-1,-1,1,-1,-1,1,1,-1,1,1,-1,1,1,1,1,-1,1,-1,1,1,1,-1,-1,1,-1,-1,1,1,-1,-1,1,-1,1,1,1,-1,-1,1,-1,1,1,1,1,-1,1,-1,-1,1,1,1,-1,-1,1,-1,1,-1,1,-1,1,-1,-1,1,-2670.0,1,2000,445,1000,False
1116,1,1,-1,-1,1,1,-1,-1,1,1,1,-1,-1,1,1,1,-1,1,-1,-1,-1,-1,1,1,1,1,-1,-1,1,1,1,1,-1,-1,-1,-1,1,-1,1,1,-1,-1,-1,1,1,1,1,-1,1,1,1,1,-1,1,-1,-1,1,-1,1,1,1,-1,-1,-1,1,1,1,1,-1,-1,-1,1,1,1,1,-1,-1,-1,1,1,1,-1,-1,-1,1,1,1,1,-1,-1,-1,1,1,1,1,-1,-1,1,1,-1,1,1,-1,-1,1,1,1,1,1,-1,-1,1,1,1,1,1,-1,-1,1,1,1,1,1,1,-1,1,1,1,-1,1,1,-1,1,1,1,1,1,1,-1,-1,1,1,1,1,1,-1,1,1,1,1,1,1,-1,-1,-1,1,1,1,1,-1,1,1,1,1,-1,1,-1,1,-1,1,1,1,-1,-1,1,1,1,1,1,-1,1,-1,-1,1,-1,1,-1,1,1,1,1,1,1,1,1,1,-1,1,-1,1,-1,1,1,-1,1,-1,1,1,-1,1,-1,1,-1,1,-1,1,1,-1,1,-1,1,1,1,1,-1,-1,1,1,-1,-1,1,-1,1,-1,1,1,-1,1,-1,1,-1,1,-1,1,1,-1,-1,-1,1,1,-1,1,-1,1,1,1,-1,1,1,-1,-1,-1,1,-1,1,-1,1,-1,1,1,-1,1,-1,-1,-1,1,1,-1,1,-1,-1,-1,1,1,-1,-1,1,1,-1,-1,1,1,-1,1,1,-1,1,1,1,1,-1,1,-1,1,1,-1,1,-1,1,-1,1,1,1,1,1,1,-1,-1,1,-1,-1,1,1,1,-1,1,1,1,-1,1,1,1,1,1,1,-1,1,-1,1,1,1,-1,-1,1,-1,1,1,1,-1,1,1,-1,-1,1,1,1,-1,1,-1,1,1,1,-1,1,1,-1,1,1,1,-1,1,1,-1,1,1,1,-1,1,1,1,-1,1,1,-1,1,1,-1,1,-1,1,-1,1,1,1,-1,1,1,1,-1,1,1,-1,1,1,-1,1,1,1,-1,-1,-1,-1,1,1,1,-1,1,1,-1,1,1,-1,-1,1,1,1,1,1,-1,1,1,1,-1,1,1,1,-1,-1,1,1,1,-1,1,-1,1,1,1,1,1,1,-1,-1,-1,1,-1,-1,1,1,-1,1,1,-1,1,1,1,1,-1,1,-1,-1,1,-1,1,-1,1,1,1,1,1,1,-1,-1,1,-1,1,1,1,-1,1,1,1,-1,1,1,-1,-1,1,-1,1,1,1,-1,1,1,1,1,1,1,-1,1,-1,-1,1,1,-1,-1,1,-1,-1,1,1,-1,-1,1,-1,1,1,1,-1,-1,1,1,-1,1,1,-1,-1,1,-1,1,1,1,1,-1,1,-1,-1,-1,1,1,-1,-1,-1,1,-1,1,-1,-1,1,-1,-1,1,-1,1,-1,-1,1,-1,1,-1,1,1,-1,1,-1,-1,1,1,1,-1,1,-1,1,-1,-1,-1,1,-1,-1,-1,1,-1,-1,1,1,1,-1,1,-1,1,1,1,-1,1,1,-1,-1,-1,1,-1,-1,1,-1,-1,1,1,1,-1,1,-1,-1,1,1,-1,-1,1,-1,-1,1,1,-1,-1,1,-1,-1,-1,1,1,-1,1,1,-1,-1,1,-1,-1,1,-1,1,-1,1,1,-1,-1,1,-1,-1,-1,-1,-1,1,1,1,-1,1,1,-1,-1,1,-1,-1,-1,-1,-1,1,1,-1,-1,-1,-1,-1,1,1,-1,1,1,1,-1,-1,1,1,-1,-1,-1,-1,1,1,-1,-1,1,-1,-1,-1,1,1,-1,-1,-1,-1,-1,1,-1,-1,1,-1,-1,1,1,1,-1,1,-1,-1,-1,1,1,-1,-1,-1,-1,-1,1,1,1,-1,-1,-1,-1,1,1,-1,-1,-1,-1,1,1,1,1,-1,-1,1,1,1,1,1,-1,-1,-1,1,1,1,1,1,-1,1,1,1,1,-1,1,-1,-1,1,-1,1,-1,1,-1,-1,1,-1,1,-1,-1,-1,-1,1,-1,1,-1,1,1,-1,1,-1,1,-1,1,1,-1,1,-1,1,-1,-1,-1,-1,1,1,-1,-1,-1,-1,-1,1,-1,1,-1,-1,-1,-1,-1,-1,-1,1,-1,-1,-1,1,-1,-1,1,-1,-1,-1,-1,-1,1,1,-1,-1,-1,-1,-1,1,-1,-1,-1,1,-1,-1,1,-1,1,-1,-1,-1,-1,-1,-1,-1,1,-1,-1,-1,1,1,-1,-1,-1,-1,1,-1,-1,-1,-1,1,-1,-1,1,1,1,-1,-1,-1,-1,1,-1,1,1,-1,1,-1,-1,1,1,-1,-1,-1,-1,-1,-1,1,1,-1,-1,1,-1,1,1,-1,-1,-1,1,-1,1,1,-1,-1,1,-1,-1,1,1,1,-1,1,-1,1,1,1,-1,-1,1,-1,-1,1,1,1,-1,1,-1,-1,1,1,-1,1,1,-1,-1,1,1,-1,1,1,-1,-1,1,1,-1,1,1,-1,-1,1,1,1,1,1,1,-1,-1,1,1,1,1,-1,-1,1,-1,1,1,1,1,-1,-1,1,-1,1,1,1,-1,1,1,1,1,-1,1,-1,1,1,1,1,1,1,1,-1,1,1,1,1,-1,1,-1,1,1,1,1,1,-1,1,1,1,1,-1,1,1,-1,1,1,-1,1,1,-1,-1,1,1,1,1,-1,1,-1,1,1,1,-1,-1,1,-1,1,1,1,-1,1,-1,-1,-1,1,1,-1,-1,1,-1,-1,1,1,1,-1,1,-1,-1,1,1,1,-1,1,-1,-1,1,1,-1,-1,-1,1,-1,1,1,-1,1,1,-1,1,1,-1,-1,1,1,-1,-1,1,1,-1,1,1,-1,1,1,-1,-1,-1,-1,1,-1,-1,-1,-1,1,-1,-1,1,1,-1,1,1,-1,1,1,1,1,-1,1,-1,1,1,1,1,-1,1,-1,-1,1,1,1,-1,1,-1,1,1,1,1,-1,1,-1,1,1,1,-1,-1,1,-1,-1,1,1,-1,-1,-1,1,-1,1,-1,1,-1,1,-1,-1,1,-2670.0,1,2000,445,1000,False
1117,1,1,-1,-1,1,-1,-1,-1,1,1,1,-1,1,1,1,1,-1,1,-1,-1,-1,-1,1,1,1,-1,-1,-1,1,1,1,1,1,-1,-1,-1,1,1,1,1,-1,-1,-1,1,1,1,1,-1,1,1,1,1,-1,1,-1,-1,1,-1,1,1,-1,-1,-1,-1,1,1,1,1,-1,-1,-1,1,1,1,1,-1,-1,-1,1,1,1,-1,-1,-1,1,1,1,1,-1,-1,-1,1,1,1,1,-1,-1,1,1,-1,1,1,-1,-1,1,1,1,1,1,-1,-1,1,1,1,1,1,-1,-1,1,1,1,1,1,1,-1,1,1,1,-1,1,1,-1,1,1,1,1,1,1,-1,-1,1,1,1,1,1,-1,1,1,1,1,1,1,-1,-1,-1,1,1,1,1,-1,1,1,1,1,-1,1,-1,1,-1,1,1,1,-1,-1,1,1,1,1,1,-1,1,-1,-1,1,-1,1,-1,1,1,1,1,1,1,1,1,1,-1,1,-1,1,-1,1,1,-1,1,-1,1,1,-1,1,-1,1,-1,1,-1,1,1,-1,1,-1,1,1,1,1,-1,-1,1,1,-1,-1,1,-1,1,-1,-1,1,-1,1,-1,1,-1,1,-1,1,1,-1,-1,-1,1,1,-1,1,-1,1,1,1,-1,1,1,-1,1,-1,1,-1,1,-1,1,-1,1,1,-1,1,-1,-1,-1,1,1,-1,1,-1,-1,-1,1,1,-1,-1,1,1,-1,-1,1,1,-1,1,1,-1,1,1,1,1,-1,1,-1,1,1,-1,1,-1,1,1,-1,1,1,1,1,1,-1,-1,1,-1,-1,1,1,1,-1,1,1,1,-1,1,-1,-1,1,1,1,-1,1,-1,1,1,1,-1,1,1,-1,1,1,1,-1,1,1,-1,-1,1,1,1,-1,1,-1,1,1,1,-1,1,1,-1,1,1,1,-1,1,-1,-1,1,1,1,-1,1,-1,-1,-1,1,1,-1,1,-1,-1,1,-1,1,-1,1,1,-1,-1,1,1,1,-1,1,-1,-1,1,1,-1,1,-1,-1,-1,-1,-1,-1,1,1,-1,-1,1,1,-1,1,-1,1,-1,1,1,1,1,-1,-1,1,1,1,-1,1,-1,-1,-1,-1,1,1,1,1,-1,-1,1,1,1,1,-1,-1,1,-1,-1,1,-1,1,-1,-1,1,-1,1,1,-1,-1,1,1,-1,1,-1,1,-1,-1,1,-1,1,1,-1,-1,-1,1,-1,-1,1,1,-1,-1,1,-1,1,1,-1,1,-1,1,-1,-1,1,1,-1,-1,1,-1,1,1,-1,-1,1,1,-1,1,-1,1,-1,1,-1,-1,1,-1,1,-1,1,-1,-1,1,-1,-1,-1,1,-1,-1,1,-1,1,-1,1,-1,-1,1,-1,-1,1,-1,1,-1,1,1,1,-1,1,1,-1,-1,1,1,-1,1,-1,-1,1,-1,1,1,1,1,-1,-1,1,1,-1,1,1,1,-1,1,1,1,-1,1,1,-1,1,1,1,1,1,-1,1,-1,-1,-1,1,-1,-1,1,-1,1,-1,1,-1,1,-1,-1,-1,1,1,-1,1,1,-1,-1,-1,1,-1,1,1,-1,1,-1,1,-1,-1,-1,-1,-1,-1,1,-1,-1,-1,-1,-1,-1,1,-1,1,1,1,1,-1,1,-1,1,1,-1,-1,-1,1,-1,-1,1,-1,1,-1,-1,1,1,1,1,-1,-1,1,1,1,1,-1,1,-1,-1,1,1,1,-1,-1,-1,1,1,1,1,-1,-1,-1,1,-1,1,-1,1,1,-1,-1,1,1,1,-1,-1,-1,1,1,1,1,1,-1,-1,-1,1,1,1,1,-1,-1,-1,1,-1,1,-1,-1,-1,1,1,1,1,1,-1,-1,-1,1,1,1,1,-1,-1,-1,1,1,-1,1,-1,-1,-1,1,1,1,1,-1,-1,1,1,1,1,-1,-1,1,1,-1,1,1,-1,-1,-1,1,1,1,1,1,-1,1,1,1,1,1,-1,-1,-1,1,-1,1,-1,-1,-1,-1,1,-1,1,1,-1,-1,-1,1,-1,1,1,-1,-1,-1,1,1,1,1,-1,-1,-1,1,-1,1,1,-1,-1,-1,1,1,-1,-1,-1,-1,-1,1,-1,1,-1,-1,-1,-1,-1,-1,-1,1,-1,-1,-1,1,-1,-1,1,-1,-1,-1,-1,-1,-1,1,-1,-1,-1,-1,-1,1,-1,-1,-1,1,-1,-1,1,-1,1,-1,-1,-1,-1,-1,-1,-1,1,-1,-1,-1,1,1,1,-1,-1,1,-1,-1,-1,-1,-1,1,-1,-1,1,1,1,-1,-1,-1,-1,1,-1,1,1,-1,1,-1,-1,1,1,-1,-1,-1,-1,-1,-1,1,1,-1,-1,1,-1,1,1,-1,-1,-1,1,-1,1,1,-1,-1,1,-1,-1,1,1,1,-1,1,-1,1,1,1,-1,-1,1,-1,-1,1,1,1,-1,1,-1,-1,1,1,-1,1,1,-1,-1,1,1,1,1,1,-1,-1,1,1,1,1,1,-1,-1,1,1,1,1,1,1,-1,-1,1,1,-1,1,-1,-1,1,-1,1,1,1,1,-1,-1,1,-1,1,1,1,-1,1,1,1,1,-1,1,-1,1,1,1,1,1,1,1,-1,1,1,1,1,-1,1,-1,1,1,1,1,1,-1,1,1,1,1,-1,1,1,-1,1,1,-1,1,1,-1,-1,1,1,1,1,-1,1,-1,1,1,1,-1,-1,1,-1,1,1,1,-1,1,-1,-1,-1,1,1,-1,-1,1,-1,-1,1,1,-1,-1,1,-1,-1,1,1,1,-1,1,-1,-1,1,1,-1,-1,-1,1,-1,-1,1,-1,1,1,-1,1,1,-1,-1,1,1,-1,-1,1,1,-1,1,1,-1,1,1,-1,-1,-1,-1,1,-1,-1,-1,-1,1,-1,-1,1,1,-1,1,1,-1,1,1,1,1,-1,1,-1,1,1,1,1,-1,1,-1,-1,-1,1,1,-1,1,-1,1,1,1,1,-1,1,-1,1,1,1,-1,-1,1,-1,-1,1,1,-1,-1,-1,1,-1,1,-1,1,-1,1,-1,-1,1,-2670.0,1,2000,445,0,False
1118,1,1,-1,-1,1,1,-1,-1,1,1,1,-1,1,1,1,1,-1,1,-1,-1,-1,-1,1,1,1,-1,-1,-1,1,1,1,1,1,-1,-1,-1,1,-1,1,1,-1,-1,-1,1,1,1,1,-1,1,1,1,1,-1,1,-1,-1,1,-1,1,1,-1,-1,-1,-1,1,1,1,1,-1,-1,-1,1,1,1,1,-1,-1,-1,1,1,1,-1,-1,-1,1,1,1,1,-1,-1,-1,1,1,1,1,-1,-1,1,1,-1,1,1,-1,-1,1,1,1,1,1,-1,-1,1,1,1,1,1,-1,-1,1,1,1,1,1,1,-1,-1,1,1,-1,1,1,-1,1,1,1,1,1,1,-1,-1,1,1,1,1,1,-1,1,1,1,1,1,1,-1,-1,-1,1,1,1,1,-1,1,1,1,1,-1,1,-1,1,-1,1,1,1,-1,-1,1,1,1,1,1,-1,1,-1,-1,1,-1,1,-1,1,1,1,1,1,1,1,1,1,-1,1,-1,1,-1,1,1,-1,1,-1,1,1,-1,1,-1,1,-1,1,-1,1,1,-1,1,-1,1,1,1,1,-1,-1,1,1,-1,-1,1,-1,1,-1,-1,1,-1,1,-1,1,-1,1,-1,-1,1,-1,-1,-1,1,1,-1,1,-1,1,1,1,-1,1,1,-1,1,-1,1,-1,1,-1,1,-1,1,1,-1,1,-1,-1,-1,1,1,-1,1,-1,-1,-1,1,1,-1,-1,1,1,-1,-1,1,1,-1,1,1,-1,1,1,1,1,-1,1,-1,1,1,-1,1,-1,1,1,1,1,1,1,1,1,-1,-1,1,-1,-1,1,1,1,-1,1,1,1,-1,1,1,1,1,1,1,-1,1,-1,1,1,1,-1,1,1,-1,1,1,1,-1,1,1,-1,-1,1,1,1,-1,1,-1,1,1,1,-1,1,1,-1,1,1,1,-1,1,1,-1,1,1,1,-1,1,1,-1,-1,1,1,-1,1,1,-1,1,-1,1,-1,1,1,1,-1,1,1,1,-1,1,1,-1,1,1,-1,1,1,1,-1,-1,-1,-1,1,1,1,-1,1,1,-1,1,1,-1,-1,1,1,1,1,1,-1,1,1,1,-1,1,1,1,-1,-1,1,1,1,-1,1,-1,1,1,1,1,1,1,-1,-1,-1,1,-1,-1,1,-1,1,-1,1,-1,1,1,1,-1,-1,1,-1,-1,1,-1,1,-1,1,1,1,1,1,1,-1,-1,1,-1,1,1,-1,-1,1,1,1,-1,1,-1,-1,-1,1,-1,1,1,-1,-1,1,1,1,1,-1,1,-1,1,-1,-1,1,-1,-1,-1,1,-1,1,1,-1,-1,-1,1,-1,1,1,1,-1,-1,1,-1,-1,1,-1,-1,-1,1,-1,1,1,1,-1,-1,1,-1,-1,1,-1,-1,-1,-1,-1,-1,1,-1,-1,-1,1,-1,-1,1,-1,-1,-1,-1,1,-1,1,-1,-1,1,-1,1,-1,-1,1,1,1,-1,1,-1,1,-1,1,1,1,-1,-1,-1,1,-1,-1,-1,1,1,-1,1,-1,1,1,1,-1,1,1,-1,-1,-1,1,-1,-1,1,-1,-1,1,1,1,-1,1,-1,-1,1,1,-1,-1,1,-1,-1,1,1,-1,-1,1,-1,-1,-1,1,1,-1,1,1,-1,-1,1,-1,-1,1,-1,1,-1,1,1,-1,-1,1,-1,-1,-1,-1,-1,1,1,1,-1,-1,1,-1,-1,1,-1,-1,1,-1,-1,1,1,-1,-1,1,-1,-1,1,1,-1,1,-1,-1,-1,-1,1,1,-1,-1,-1,-1,1,1,-1,-1,1,-1,-1,-1,1,1,-1,-1,-1,-1,-1,1,-1,-1,-1,-1,-1,1,1,1,-1,-1,-1,-1,-1,1,1,-1,-1,-1,-1,-1,1,1,1,-1,-1,-1,-1,1,1,-1,-1,-1,-1,1,1,1,1,1,-1,1,1,1,1,1,1,-1,-1,1,1,1,-1,-1,-1,1,1,1,1,-1,1,-1,-1,1,-1,1,-1,1,-1,-1,1,-1,1,1,1,-1,-1,1,-1,1,-1,1,1,-1,1,-1,1,1,1,1,-1,1,-1,1,1,1,-1,-1,1,1,-1,1,1,-1,-1,1,-1,1,-1,1,-1,-1,-1,-1,-1,1,1,-1,-1,1,-1,-1,1,1,-1,-1,-1,-1,-1,-1,1,-1,-1,-1,-1,1,1,-1,-1,1,-1,-1,1,-1,1,-1,-1,-1,-1,-1,1,1,1,-1,-1,-1,1,1,1,-1,-1,1,1,-1,-1,1,-1,1,-1,-1,1,1,1,-1,-1,-1,-1,1,-1,1,1,-1,1,-1,-1,1,1,-1,-1,-1,-1,-1,-1,1,1,-1,-1,1,-1,1,1,-1,-1,-1,1,-1,1,1,-1,-1,1,-1,-1,1,1,1,-1,1,-1,1,1,1,-1,-1,1,-1,-1,1,1,1,-1,1,-1,-1,1,1,-1,1,1,-1,-1,1,1,1,1,1,-1,-1,1,1,1,1,1,-1,-1,1,1,1,1,-1,1,-1,-1,1,1,1,1,-1,-1,1,-1,1,1,1,1,-1,-1,1,-1,1,1,1,-1,1,1,1,1,-1,1,-1,1,1,1,1,1,1,1,-1,1,1,1,1,-1,1,-1,1,1,1,1,1,-1,1,1,1,1,-1,1,1,-1,1,1,-1,1,1,-1,-1,1,1,1,1,-1,1,-1,1,1,1,-1,-1,1,-1,1,1,1,-1,1,-1,-1,-1,1,1,-1,-1,1,-1,-1,1,1,1,-1,1,-1,-1,1,1,1,-1,1,-1,-1,1,1,-1,-1,-1,1,-1,1,1,-1,1,1,-1,1,1,-1,-1,1,1,-1,-1,1,1,-1,1,1,-1,1,1,-1,-1,-1,-1,1,-1,-1,-1,-1,1,-1,-1,1,1,-1,1,1,-1,1,1,1,1,-1,1,-1,1,1,1,1,-1,1,-1,-1,1,1,1,-1,1,-1,1,1,1,1,-1,1,-1,1,1,1,-1,-1,1,-1,-1,1,1,-1,-1,-1,1,-1,1,-1,1,-1,1,-1,-1,1,-2670.0,1,2000,445,1000,False
1119,1,1,-1,-1,1,-1,-1,-1,1,1,1,-1,1,1,1,1,-1,1,-1,-1,-1,-1,1,1,1,-1,-1,-1,1,1,1,1,-1,-1,-1,-1,1,-1,1,1,-1,-1,-1,1,1,1,1,-1,1,1,1,1,-1,1,-1,-1,1,-1,1,1,1,-1,-1,-1,1,1,1,1,-1,-1,-1,1,1,1,1,-1,-1,-1,1,1,1,-1,-1,-1,1,1,1,1,-1,1,-1,1,1,1,1,-1,-1,1,1,-1,1,1,-1,-1,1,1,1,1,1,-1,-1,1,1,-1,1,1,-1,-1,1,1,1,1,1,1,-1,1,1,1,-1,1,1,-1,1,1,1,1,1,1,-1,-1,1,1,1,1,1,-1,1,1,1,1,1,1,-1,-1,-1,1,1,1,1,-1,1,1,1,1,-1,1,-1,1,-1,1,1,1,-1,-1,1,1,1,1,1,-1,1,-1,-1,1,-1,1,-1,1,1,1,1,1,1,1,1,1,-1,1,-1,1,-1,1,1,-1,1,-1,1,1,-1,1,-1,1,-1,1,-1,1,1,-1,-1,-1,1,1,1,1,-1,-1,1,1,-1,-1,1,-1,1,-1,-1,1,-1,1,-1,1,-1,1,-1,1,1,-1,-1,-1,1,1,-1,1,-1,1,1,1,-1,1,1,-1,-1,-1,1,-1,1,-1,1,-1,1,1,-1,1,-1,-1,-1,1,1,-1,1,-1,-1,-1,1,1,-1,-1,1,1,-1,-1,1,1,-1,1,1,-1,1,1,1,1,-1,1,-1,1,1,-1,1,-1,1,-1,1,1,1,1,1,1,-1,-1,1,-1,-1,1,1,1,-1,1,1,1,-1,1,1,1,1,1,1,-1,1,-1,1,1,1,-1,-1,1,-1,1,1,1,-1,1,1,-1,-1,1,1,1,-1,1,-1,1,1,1,-1,1,1,-1,1,1,1,-1,1,1,-1,1,1,1,-1,1,1,1,-1,1,1,-1,1,1,-1,1,-1,1,-1,1,1,1,-1,1,1,1,-1,1,1,-1,1,1,-1,1,1,1,-1,-1,-1,-1,1,1,1,-1,1,1,-1,1,1,-1,-1,1,1,1,1,1,-1,1,1,1,-1,1,1,1,-1,-1,1,1,1,-1,1,-1,1,1,1,1,1,1,-1,-1,-1,1,-1,-1,1,-1,1,-1,1,1,1,1,1,-1,-1,1,-1,-1,1,-1,1,-1,1,1,1,1,1,1,-1,-1,1,-1,1,1,-1,-1,1,1,1,-1,1,-1,-1,-1,1,-1,1,1,-1,-1,1,1,1,1,-1,1,-1,1,-1,1,1,-1,-1,-1,1,-1,1,1,-1,-1,-1,1,-1,1,1,1,-1,-1,1,-1,-1,1,-1,-1,-1,1,-1,1,1,1,-1,-1,1,1,-1,1,-1,-1,-1,-1,1,-1,1,-1,-1,-1,1,1,-1,1,-1,-1,-1,-1,1,-1,1,-1,-1,-1,-1,1,-1,-1,1,1,1,-1,1,-1,1,-1,1,-1,1,-1,-1,-1,1,-1,-1,1,1,1,-1,1,-1,1,1,1,-1,1,1,-1,1,-1,1,-1,-1,1,-1,-1,1,1,1,-1,1,-1,-1,1,1,-1,-1,1,-1,-1,1,1,-1,-1,1,-1,-1,-1,1,1,-1,1,1,-1,-1,1,-1,-1,1,-1,1,-1,1,1,-1,-1,1,-1,-1,-1,-1,-1,1,1,1,-1,-1,1,-1,-1,1,-1,-1,1,-1,-1,1,1,-1,-1,1,1,-1,1,1,-1,1,-1,1,-1,-1,1,1,-1,-1,-1,-1,1,1,-1,-1,1,-1,-1,-1,1,1,-1,-1,-1,-1,-1,1,-1,-1,-1,-1,-1,-1,1,1,-1,-1,-1,-1,1,1,1,-1,-1,-1,-1,-1,1,1,1,-1,-1,-1,-1,1,1,-1,-1,-1,-1,1,1,1,1,1,-1,1,1,1,1,1,1,-1,-1,1,1,1,-1,-1,-1,1,1,1,1,-1,1,-1,-1,1,-1,1,-1,1,-1,-1,1,-1,1,-1,1,-1,-1,1,-1,1,-1,1,1,-1,1,-1,1,1,1,1,-1,1,-1,1,1,1,-1,-1,1,1,-1,1,1,-1,-1,1,-1,1,-1,1,-1,-1,-1,-1,-1,1,1,-1,-1,1,-1,-1,1,1,-1,-1,-1,-1,1,-1,1,-1,-1,-1,-1,1,1,-1,-1,1,-1,-1,1,-1,1,-1,-1,-1,-1,-1,1,1,1,-1,-1,-1,1,1,1,-1,-1,1,-1,-1,-1,1,-1,1,-1,-1,1,1,1,-1,-1,-1,-1,1,-1,1,1,-1,1,-1,-1,1,1,-1,-1,-1,-1,-1,-1,1,1,-1,-1,1,-1,1,1,-1,-1,-1,1,-1,1,1,-1,-1,1,-1,-1,1,1,1,-1,1,-1,1,1,1,-1,-1,1,-1,-1,1,1,1,-1,1,-1,-1,1,1,-1,1,1,-1,-1,1,1,-1,1,1,-1,-1,1,1,-1,1,1,-1,-1,1,1,1,1,1,1,-1,-1,1,1,1,1,-1,-1,1,-1,1,1,1,1,-1,-1,1,-1,1,1,1,-1,1,1,1,1,-1,1,-1,1,1,1,1,1,1,1,-1,1,1,1,1,-1,1,-1,1,1,1,1,1,-1,1,1,1,1,-1,1,1,-1,1,1,-1,1,1,-1,-1,1,1,1,1,-1,1,-1,1,1,1,-1,-1,1,-1,1,1,1,-1,1,-1,-1,-1,1,1,-1,-1,1,-1,-1,1,1,-1,-1,1,-1,-1,1,1,1,-1,1,-1,-1,1,1,-1,-1,-1,1,-1,-1,1,-1,1,1,-1,1,1,-1,-1,1,-1,-1,-1,-1,1,-1,1,1,-1,1,1,-1,-1,-1,-1,1,-1,-1,-1,-1,1,-1,-1,1,1,-1,1,1,-1,1,1,1,1,-1,1,-1,1,1,1,1,-1,1,-1,-1,-1,1,1,-1,1,-1,1,1,1,1,-1,1,-1,1,1,1,-1,-1,1,-1,-1,1,1,-1,-1,-1,1,-1,1,-1,1,-1,1,-1,-1,1,-2670.0,1,2000,445,1000,False
1120,1,1,-1,-1,1,1,-1,-1,1,1,1,-1,-1,1,1,1,-1,1,-1,-1,-1,-1,1,1,1,1,-1,-1,1,1,1,1,-1,-1,-1,-1,1,1,1,1,-1,-1,-1,1,1,1,1,-1,1,1,1,1,-1,1,-1,-1,1,-1,1,1,1,-1,-1,-1,1,1,1,1,-1,-1,-1,1,1,1,1,-1,-1,-1,1,1,1,-1,-1,-1,1,1,1,1,-1,-1,1,1,1,1,1,-1,-1,-1,1,-1,1,1,-1,-1,1,1,1,1,1,-1,-1,-1,1,-1,1,1,-1,-1,1,1,1,1,1,1,-1,-1,1,1,-1,1,1,-1,1,1,1,1,1,1,-1,1,1,1,1,1,1,-1,1,1,1,1,1,1,-1,-1,-1,1,1,1,1,-1,1,1,1,1,-1,1,-1,1,-1,1,1,1,-1,-1,1,1,1,1,1,-1,1,-1,-1,1,-1,1,-1,1,1,1,1,1,1,1,1,1,-1,1,-1,1,-1,1,1,-1,1,-1,1,1,-1,1,-1,1,-1,1,-1,1,1,-1,1,-1,1,1,1,1,-1,-1,1,1,-1,-1,1,-1,1,-1,1,1,1,1,-1,1,-1,1,-1,1,1,-1,-1,-1,1,1,-1,1,-1,1,1,1,-1,1,1,-1,1,-1,1,-1,1,-1,1,-1,1,1,-1,1,-1,-1,-1,1,1,-1,1,-1,-1,-1,1,1,-1,-1,1,1,-1,-1,1,1,-1,1,1,-1,1,1,1,1,-1,1,-1,1,1,-1,1,-1,1,1,1,1,1,-1,-1,1,-1,-1,1,-1,-1,-1,1,1,-1,1,1,1,-1,1,1,1,1,1,1,1,1,-1,1,1,1,1,-1,1,-1,1,1,1,-1,1,1,-1,-1,1,1,1,-1,1,-1,1,1,1,-1,1,1,-1,1,1,1,-1,1,1,-1,1,1,1,1,1,1,-1,-1,1,1,-1,1,1,-1,1,-1,1,-1,1,1,1,-1,1,1,1,-1,1,1,-1,1,1,-1,1,1,1,-1,-1,-1,-1,1,1,1,-1,1,1,-1,1,1,-1,-1,1,1,1,1,1,-1,1,1,1,-1,1,1,1,-1,-1,1,1,1,-1,1,-1,1,1,1,1,1,1,-1,-1,-1,1,-1,-1,1,1,-1,1,1,-1,1,1,1,1,-1,1,-1,-1,1,-1,1,-1,1,1,1,1,1,1,-1,-1,1,-1,1,1,1,-1,1,1,1,-1,1,1,-1,-1,1,-1,1,1,1,-1,1,1,1,1,1,1,-1,1,-1,-1,1,1,-1,-1,1,-1,1,1,1,-1,-1,1,-1,1,1,1,-1,-1,1,-1,-1,1,1,-1,-1,1,-1,1,1,1,1,-1,1,1,-1,1,1,1,-1,-1,1,-1,1,1,-1,-1,1,1,-1,1,-1,1,-1,-1,1,-1,1,-1,1,1,-1,1,-1,-1,1,1,1,-1,1,-1,1,-1,-1,-1,1,-1,-1,-1,1,-1,-1,1,1,1,-1,1,-1,1,1,1,-1,1,1,-1,-1,-1,1,-1,-1,1,-1,-1,1,1,1,-1,1,-1,-1,1,1,-1,-1,1,-1,-1,1,1,-1,-1,1,-1,-1,-1,1,1,-1,1,1,-1,-1,1,-1,-1,1,-1,1,-1,1,1,-1,-1,1,-1,-1,-1,-1,-1,1,1,1,-1,-1,1,-1,-1,1,-1,-1,1,-1,-1,1,1,-1,-1,1,1,-1,1,1,-1,1,-1,1,-1,-1,1,1,-1,-1,-1,-1,1,1,-1,-1,1,-1,-1,-1,1,1,-1,-1,-1,-1,-1,1,-1,-1,-1,-1,-1,1,1,1,-1,-1,-1,-1,-1,1,1,-1,-1,-1,-1,-1,1,1,1,-1,-1,-1,-1,1,1,-1,-1,-1,-1,1,1,1,1,-1,-1,1,1,1,1,1,-1,-1,-1,1,1,1,1,1,-1,1,1,1,1,-1,1,-1,-1,1,-1,1,-1,1,-1,-1,1,-1,1,-1,-1,-1,-1,1,-1,1,-1,1,-1,-1,1,-1,1,-1,1,-1,-1,1,-1,1,-1,-1,-1,-1,1,1,-1,-1,-1,-1,-1,1,-1,1,-1,-1,-1,-1,-1,-1,-1,1,-1,-1,-1,1,-1,-1,1,-1,-1,-1,-1,-1,1,1,-1,-1,-1,-1,-1,1,-1,-1,-1,1,-1,-1,1,-1,1,-1,-1,-1,-1,-1,-1,-1,1,-1,-1,-1,1,1,1,-1,-1,-1,1,-1,-1,-1,-1,1,-1,-1,1,1,1,-1,-1,-1,-1,1,-1,1,1,-1,1,-1,-1,1,1,-1,-1,-1,-1,-1,-1,1,1,-1,-1,1,-1,1,1,-1,-1,-1,1,-1,1,1,-1,-1,1,-1,-1,1,1,1,-1,1,-1,1,1,1,-1,-1,1,-1,-1,1,1,1,-1,1,-1,-1,1,1,-1,1,1,-1,-1,1,1,-1,1,1,-1,-1,1,1,-1,1,1,-1,-1,1,1,1,1,-1,1,-1,-1,1,1,-1,1,-1,-1,1,-1,1,1,1,1,-1,-1,1,-1,1,-1,1,-1,1,1,1,1,-1,1,-1,1,1,1,1,1,1,1,-1,1,1,1,1,-1,1,-1,1,1,1,1,1,-1,1,1,1,1,-1,-1,1,-1,1,1,-1,1,1,-1,-1,1,1,1,-1,1,1,-1,1,1,1,-1,-1,1,-1,1,1,1,-1,1,-1,-1,-1,1,1,-1,-1,1,-1,-1,1,1,-1,-1,1,-1,-1,1,1,1,1,-1,-1,-1,1,1,-1,-1,-1,1,-1,1,1,-1,1,1,-1,1,1,-1,-1,1,1,-1,-1,1,1,-1,1,1,-1,1,1,-1,-1,-1,-1,1,-1,-1,-1,-1,1,-1,-1,1,1,-1,1,1,-1,1,1,1,1,-1,1,-1,1,1,1,-1,-1,1,-1,1,-1,1,-1,-1,1,-1,-1,1,1,-1,-1,1,-1,1,1,1,1,-1,1,-1,-1,1,1,1,-1,-1,1,-1,1,-1,1,-1,1,-1,-1,1,-2670.0,1,2000,445,1000,False
1121,1,1,-1,-1,1,1,-1,-1,1,1,1,-1,1,1,1,1,-1,1,-1,-1,1,-1,1,1,1,-1,1,-1,1,1,1,1,-1,-1,-1,-1,1,-1,1,1,-1,-1,-1,1,1,1,1,-1,1,1,1,1,-1,1,-1,-1,1,-1,1,1,1,-1,-1,-1,1,1,1,1,-1,-1,-1,1,1,1,1,-1,-1,-1,1,1,1,-1,-1,-1,1,1,1,1,-1,-1,-1,1,1,1,1,-1,-1,1,1,-1,1,1,-1,-1,1,1,1,1,1,-1,-1,1,1,-1,1,1,-1,-1,1,1,1,1,1,1,-1,-1,1,1,-1,1,1,-1,1,1,1,1,1,1,-1,-1,1,1,1,1,1,-1,1,1,1,1,1,1,-1,-1,-1,1,1,1,1,-1,1,1,1,1,-1,1,-1,1,-1,1,1,1,-1,-1,1,1,1,1,1,-1,1,-1,-1,1,-1,1,-1,1,1,1,1,1,1,1,1,1,-1,1,-1,1,-1,1,1,-1,1,-1,1,1,-1,1,-1,1,-1,1,-1,1,1,-1,1,-1,1,1,1,1,-1,-1,1,1,-1,-1,1,-1,1,-1,-1,1,-1,1,-1,1,-1,1,-1,1,1,-1,-1,-1,1,1,-1,1,-1,1,1,1,-1,1,1,-1,1,-1,1,-1,1,-1,1,-1,1,1,-1,1,-1,-1,-1,1,1,-1,1,-1,-1,-1,1,1,-1,-1,1,1,-1,-1,1,1,-1,1,1,-1,1,1,1,1,-1,1,-1,1,1,-1,1,-1,1,-1,1,1,1,1,1,1,-1,-1,1,-1,-1,-1,1,1,-1,1,1,1,-1,1,1,1,1,1,1,1,1,-1,1,1,1,-1,1,1,-1,1,1,1,-1,1,1,-1,-1,1,1,1,-1,1,-1,1,1,1,-1,1,1,-1,1,1,1,-1,1,1,-1,1,1,1,-1,1,1,-1,-1,1,1,-1,1,1,-1,1,-1,1,-1,1,1,1,-1,1,1,1,-1,1,1,-1,1,1,-1,1,-1,1,-1,-1,-1,-1,1,1,1,-1,1,1,-1,1,1,-1,-1,1,1,1,1,1,-1,1,1,1,-1,1,1,1,1,-1,1,1,1,-1,1,-1,1,1,1,1,1,1,-1,-1,-1,1,-1,-1,1,1,-1,1,1,1,1,1,1,1,-1,1,-1,-1,1,-1,1,-1,1,1,-1,1,1,1,-1,-1,1,-1,1,1,1,-1,1,1,1,-1,1,1,-1,-1,1,-1,1,1,1,-1,1,1,1,1,1,1,-1,1,-1,-1,1,1,-1,-1,1,-1,-1,1,1,-1,-1,1,-1,1,1,1,-1,-1,1,-1,-1,1,1,-1,-1,1,-1,1,1,1,1,-1,1,1,-1,-1,1,1,-1,-1,-1,1,-1,1,-1,-1,1,-1,-1,1,-1,1,-1,-1,1,-1,1,-1,1,1,-1,1,-1,-1,1,1,1,-1,1,-1,1,-1,-1,-1,1,-1,-1,-1,1,-1,-1,1,1,1,-1,1,-1,1,1,1,-1,1,1,-1,1,-1,1,-1,-1,1,-1,-1,1,1,1,-1,1,-1,-1,1,1,-1,-1,1,-1,-1,1,1,-1,-1,1,-1,-1,-1,1,1,-1,1,1,-1,-1,1,-1,-1,1,-1,1,-1,1,1,-1,-1,1,-1,-1,-1,-1,-1,1,1,1,-1,1,1,-1,-1,1,-1,-1,-1,-1,-1,1,1,-1,-1,-1,1,-1,1,1,-1,1,1,1,-1,-1,1,1,-1,-1,-1,-1,-1,1,-1,-1,1,-1,-1,-1,1,1,-1,-1,-1,-1,-1,1,-1,-1,1,-1,-1,1,1,1,-1,1,-1,-1,-1,1,1,-1,-1,-1,-1,-1,1,1,1,-1,-1,-1,-1,1,1,-1,-1,-1,-1,1,1,1,1,-1,-1,1,1,1,1,1,-1,-1,-1,1,1,1,1,1,-1,1,1,1,1,-1,1,-1,-1,1,-1,1,-1,1,-1,-1,1,-1,1,-1,-1,-1,-1,1,-1,1,-1,1,1,-1,1,-1,1,-1,1,1,-1,1,-1,1,-1,-1,-1,-1,1,1,-1,-1,-1,-1,-1,1,-1,1,-1,-1,-1,-1,-1,-1,-1,1,-1,-1,-1,1,-1,-1,1,-1,-1,-1,-1,-1,1,1,-1,-1,-1,-1,-1,1,-1,-1,-1,1,-1,-1,1,-1,1,-1,-1,-1,-1,-1,-1,-1,1,-1,-1,-1,1,1,1,-1,-1,1,1,-1,-1,-1,-1,1,-1,-1,1,1,1,-1,-1,-1,-1,1,-1,1,1,-1,1,-1,-1,1,1,-1,-1,-1,-1,-1,-1,1,1,-1,-1,1,-1,1,1,-1,-1,-1,1,-1,1,1,-1,-1,1,-1,-1,1,1,1,-1,1,-1,1,1,1,-1,-1,1,-1,-1,1,1,1,-1,1,-1,-1,1,1,-1,1,1,-1,-1,1,1,-1,1,1,-1,-1,1,1,-1,1,1,-1,-1,1,1,1,1,1,1,-1,-1,1,1,1,1,-1,-1,1,-1,1,1,1,1,-1,-1,1,-1,1,1,1,-1,1,1,1,1,-1,1,-1,1,1,1,1,1,1,1,-1,1,1,1,1,-1,1,-1,1,1,1,1,1,-1,1,1,1,1,-1,1,1,-1,1,1,-1,1,1,-1,-1,1,1,1,1,-1,1,-1,1,1,1,-1,-1,1,-1,1,1,1,-1,1,-1,-1,-1,1,1,-1,-1,1,-1,-1,1,1,-1,-1,1,-1,-1,-1,1,1,-1,-1,-1,-1,1,1,-1,-1,-1,1,-1,-1,1,-1,1,1,-1,1,1,-1,-1,1,1,-1,-1,1,1,-1,1,1,-1,1,1,-1,-1,-1,-1,1,-1,-1,-1,-1,1,-1,-1,1,1,-1,1,1,-1,1,1,1,1,-1,1,-1,1,1,1,1,-1,1,-1,-1,1,1,1,-1,1,-1,1,1,1,1,-1,1,-1,1,1,-1,-1,-1,1,-1,-1,1,1,-1,-1,-1,1,-1,1,-1,1,-1,1,-1,-1,1,-2670.0,1,2000,445,1000,False
1122,1,1,-1,-1,1,1,-1,-1,1,1,1,-1,1,1,1,1,-1,1,-1,-1,-1,-1,1,1,1,1,-1,-1,1,1,1,1,-1,-1,-1,-1,1,-1,1,1,-1,-1,-1,1,1,1,1,-1,1,1,1,1,-1,1,-1,-1,1,-1,1,1,1,-1,-1,-1,1,1,1,1,-1,-1,-1,1,1,1,1,-1,-1,-1,1,1,1,-1,-1,-1,1,1,1,1,-1,-1,1,1,1,1,1,-1,-1,-1,1,-1,1,1,-1,-1,1,1,1,1,1,-1,-1,-1,1,-1,1,1,-1,-1,1,1,1,1,1,1,-1,-1,1,1,-1,1,1,-1,1,1,1,1,1,1,-1,1,1,1,1,1,1,-1,1,1,1,1,1,1,-1,-1,-1,1,1,1,1,-1,1,1,1,1,-1,1,-1,1,-1,1,1,1,-1,-1,1,1,1,1,1,-1,1,-1,-1,1,-1,1,-1,1,1,1,1,1,1,1,1,1,-1,1,-1,1,-1,1,1,-1,1,-1,1,1,-1,1,-1,1,-1,1,-1,1,1,-1,1,-1,1,1,1,1,-1,-1,1,1,-1,-1,1,-1,1,-1,-1,1,-1,1,-1,1,-1,1,-1,1,1,-1,-1,-1,1,1,-1,1,-1,1,1,1,-1,1,1,-1,1,-1,1,-1,1,-1,1,-1,1,1,-1,1,-1,-1,-1,1,1,-1,1,-1,-1,-1,1,1,-1,-1,1,1,-1,-1,1,1,-1,1,1,-1,1,1,1,1,-1,1,-1,1,1,-1,1,-1,1,-1,1,1,1,-1,-1,1,-1,-1,1,-1,-1,1,1,1,-1,1,1,1,-1,1,1,1,1,1,1,1,1,-1,1,1,1,1,-1,1,-1,1,1,1,-1,1,1,-1,-1,1,1,1,-1,1,-1,1,1,1,-1,1,1,-1,1,1,1,-1,1,1,-1,1,1,1,1,1,1,-1,-1,1,1,-1,1,1,-1,1,-1,1,-1,1,1,1,-1,1,1,1,1,1,1,-1,1,1,-1,1,1,1,-1,-1,-1,-1,1,1,1,-1,1,1,-1,1,1,-1,-1,1,1,1,1,1,-1,1,1,1,-1,1,1,1,-1,-1,1,1,1,-1,1,-1,1,1,1,1,1,1,-1,-1,-1,1,-1,-1,1,1,-1,1,1,1,1,1,1,1,-1,1,-1,-1,1,-1,1,-1,1,1,1,1,1,1,-1,-1,1,-1,1,1,1,-1,1,1,1,-1,1,1,-1,-1,1,-1,1,1,1,-1,1,1,1,1,1,1,-1,1,-1,-1,1,1,-1,-1,1,-1,-1,1,1,-1,-1,1,-1,1,1,1,-1,-1,1,1,-1,1,1,-1,-1,1,-1,1,1,1,1,-1,1,1,-1,-1,1,1,-1,-1,-1,1,-1,1,-1,-1,1,-1,-1,1,-1,1,-1,-1,1,-1,1,-1,1,1,-1,1,-1,-1,1,1,1,-1,1,-1,1,-1,1,1,1,-1,-1,-1,1,-1,-1,1,1,1,-1,1,-1,1,1,1,-1,1,1,-1,1,-1,1,-1,-1,1,-1,-1,1,1,1,-1,1,-1,-1,1,1,-1,-1,1,-1,-1,1,1,-1,-1,1,-1,-1,-1,1,1,-1,1,1,-1,-1,1,-1,-1,1,-1,1,-1,1,1,-1,-1,1,-1,-1,-1,-1,-1,1,1,1,-1,1,1,-1,-1,1,-1,-1,-1,-1,-1,1,1,-1,-1,-1,1,-1,1,1,-1,1,1,1,-1,-1,1,1,-1,-1,-1,-1,-1,1,-1,-1,1,-1,-1,-1,1,1,-1,-1,-1,-1,-1,1,-1,-1,1,-1,-1,1,1,1,-1,1,-1,-1,-1,1,1,-1,-1,-1,-1,-1,1,1,1,-1,-1,-1,-1,1,1,-1,-1,-1,-1,1,1,1,1,-1,-1,1,1,1,1,1,-1,-1,-1,1,1,1,-1,1,-1,1,1,1,1,-1,1,-1,-1,1,-1,1,-1,1,-1,-1,1,-1,1,-1,-1,-1,-1,1,-1,1,-1,1,1,-1,1,-1,1,-1,1,1,-1,1,-1,1,-1,-1,-1,-1,1,1,-1,-1,-1,-1,-1,1,-1,1,-1,-1,-1,-1,-1,-1,-1,1,-1,-1,-1,1,-1,-1,1,-1,-1,-1,-1,-1,-1,1,-1,-1,-1,-1,-1,1,-1,-1,-1,1,-1,-1,1,-1,1,-1,-1,-1,-1,-1,-1,-1,1,-1,-1,-1,1,1,1,-1,-1,1,1,-1,-1,-1,-1,1,-1,-1,1,-1,1,-1,-1,-1,-1,1,-1,1,1,-1,1,-1,-1,1,1,-1,-1,-1,-1,-1,-1,1,1,-1,-1,1,-1,1,1,-1,-1,-1,1,-1,-1,1,-1,-1,1,-1,-1,1,1,1,-1,1,-1,1,1,1,-1,-1,1,-1,-1,1,1,1,-1,1,-1,-1,1,1,-1,1,1,-1,-1,1,1,-1,1,1,-1,-1,1,1,-1,1,1,-1,-1,1,1,1,1,1,1,-1,-1,1,1,-1,1,-1,-1,1,-1,1,1,1,1,-1,-1,1,-1,1,1,1,-1,1,1,1,1,-1,1,-1,1,1,1,1,1,1,1,-1,1,1,1,1,-1,1,-1,1,1,1,1,1,-1,1,1,1,1,-1,-1,1,-1,1,1,-1,1,1,-1,-1,1,1,1,-1,1,1,-1,1,1,1,-1,-1,1,-1,1,1,1,-1,1,-1,-1,-1,1,1,-1,-1,1,-1,-1,1,1,-1,-1,1,-1,-1,1,1,1,1,-1,-1,-1,1,1,-1,-1,-1,1,-1,1,1,-1,1,1,-1,1,1,-1,-1,1,-1,-1,-1,1,1,-1,1,1,-1,1,1,-1,-1,-1,-1,1,-1,-1,-1,-1,1,-1,-1,1,1,-1,1,1,-1,1,1,1,1,-1,1,-1,1,1,1,-1,-1,1,-1,-1,1,1,-1,-1,1,-1,1,1,1,-1,-1,1,-1,1,1,1,1,-1,1,-1,-1,1,1,1,-1,-1,1,-1,1,1,1,-1,1,-1,-1,1,-2670.0,1,2000,445,1000,False
1123,1,1,-1,-1,1,1,-1,-1,1,1,1,-1,1,1,1,1,-1,1,-1,-1,-1,-1,1,1,1,-1,-1,-1,1,1,1,1,-1,-1,-1,-1,1,1,1,1,-1,-1,-1,1,1,1,1,-1,1,1,1,1,-1,1,-1,-1,1,-1,1,1,1,-1,-1,-1,1,1,1,1,-1,-1,-1,1,1,1,1,-1,-1,-1,1,1,1,-1,-1,-1,1,1,1,1,-1,-1,1,1,1,1,1,-1,-1,-1,1,-1,1,1,-1,-1,1,1,1,1,1,-1,-1,-1,1,1,1,1,-1,-1,1,1,1,1,1,1,-1,-1,1,1,-1,1,1,-1,1,1,1,1,1,1,-1,1,1,1,1,1,1,-1,1,1,1,1,1,1,-1,-1,-1,1,1,1,1,-1,1,1,1,1,-1,1,-1,1,-1,1,1,1,-1,-1,1,1,1,1,1,-1,1,-1,-1,1,-1,1,-1,1,1,1,1,1,1,1,1,1,-1,1,-1,1,-1,1,1,-1,1,-1,1,1,-1,1,-1,1,-1,1,-1,1,1,-1,-1,-1,1,1,1,1,-1,-1,1,1,-1,-1,1,-1,1,-1,-1,1,-1,1,-1,1,-1,1,-1,1,1,-1,-1,-1,1,1,-1,1,-1,1,1,1,-1,1,1,-1,1,-1,1,-1,1,-1,1,-1,1,1,-1,1,-1,-1,-1,1,1,-1,1,-1,-1,-1,1,1,-1,-1,1,1,-1,-1,1,1,-1,1,1,-1,1,1,1,-1,-1,1,-1,1,1,-1,1,-1,1,-1,1,1,1,-1,-1,1,-1,-1,1,-1,1,-1,1,1,-1,1,1,1,-1,1,1,1,1,1,-1,-1,1,-1,1,1,1,1,-1,1,-1,1,1,1,-1,1,1,-1,-1,1,1,-1,-1,1,-1,1,1,1,1,1,1,-1,1,1,1,1,1,1,-1,1,1,1,1,1,1,-1,-1,1,1,1,1,1,-1,1,-1,1,-1,1,1,1,-1,1,1,1,1,1,1,-1,1,1,1,-1,1,1,-1,-1,-1,-1,1,1,1,-1,1,1,-1,1,1,-1,-1,1,1,1,1,1,-1,1,1,1,-1,1,1,1,-1,-1,1,1,1,-1,1,-1,1,-1,1,1,1,1,-1,-1,-1,1,-1,-1,1,-1,1,-1,1,1,1,1,1,-1,-1,1,-1,-1,1,-1,1,-1,1,-1,1,1,1,1,-1,-1,1,-1,1,1,-1,-1,1,1,1,-1,1,-1,-1,1,-1,-1,1,1,-1,-1,-1,-1,1,1,-1,1,-1,1,-1,1,1,-1,-1,1,-1,1,1,1,-1,-1,-1,-1,-1,1,1,1,-1,1,-1,1,-1,1,-1,-1,-1,1,-1,1,1,1,-1,-1,-1,-1,-1,1,-1,-1,-1,-1,-1,1,1,-1,-1,-1,1,-1,-1,1,-1,-1,-1,-1,-1,-1,1,-1,-1,-1,-1,-1,-1,-1,1,1,1,-1,1,-1,1,-1,1,-1,1,-1,-1,-1,1,-1,-1,1,1,1,-1,1,-1,1,1,1,-1,1,1,-1,-1,-1,1,-1,-1,1,-1,-1,1,1,1,-1,1,-1,-1,1,1,-1,-1,1,-1,-1,1,1,-1,-1,1,-1,-1,-1,1,1,-1,1,1,-1,-1,1,-1,-1,1,-1,1,-1,1,1,-1,-1,1,-1,-1,-1,-1,-1,1,1,1,-1,-1,1,-1,-1,1,-1,-1,1,-1,-1,1,1,-1,-1,1,-1,-1,1,1,-1,1,-1,-1,-1,-1,1,1,-1,-1,-1,-1,1,1,-1,-1,1,-1,-1,-1,1,1,-1,-1,-1,-1,-1,1,-1,-1,-1,-1,-1,-1,1,1,-1,-1,-1,-1,1,1,1,-1,-1,-1,-1,-1,1,1,1,-1,-1,-1,-1,1,1,-1,-1,-1,-1,1,1,1,1,1,-1,1,1,1,1,1,1,-1,-1,1,1,1,1,1,-1,1,1,1,1,-1,1,-1,-1,1,-1,1,-1,1,-1,-1,1,-1,1,1,1,-1,-1,1,-1,1,-1,1,-1,-1,1,-1,1,1,1,-1,-1,1,-1,1,1,1,-1,-1,1,1,-1,1,1,-1,-1,1,-1,1,-1,1,-1,-1,-1,-1,-1,1,1,-1,-1,1,-1,-1,1,1,-1,-1,-1,-1,-1,-1,1,-1,-1,-1,-1,1,1,-1,-1,1,-1,-1,1,-1,1,-1,-1,-1,-1,-1,1,1,1,-1,-1,-1,1,1,1,-1,-1,1,1,-1,-1,1,-1,1,-1,-1,1,1,1,-1,-1,-1,-1,1,-1,1,1,-1,1,-1,-1,1,1,-1,-1,-1,-1,-1,-1,1,1,-1,-1,1,-1,1,1,-1,-1,-1,1,-1,1,1,-1,-1,1,-1,-1,1,1,1,-1,1,-1,1,1,1,-1,-1,1,-1,-1,1,1,1,-1,1,-1,-1,1,1,-1,1,1,-1,-1,1,1,-1,1,1,-1,-1,1,1,-1,1,1,-1,-1,1,1,1,1,1,1,-1,1,1,1,1,1,-1,-1,1,-1,1,1,1,1,-1,-1,1,-1,1,1,1,-1,1,1,1,1,-1,1,-1,1,1,1,1,1,1,-1,-1,1,1,1,1,-1,1,-1,1,1,1,1,-1,1,-1,1,1,1,-1,-1,1,-1,1,1,-1,1,-1,-1,1,1,1,1,-1,1,-1,-1,1,1,1,-1,-1,-1,1,1,1,1,-1,1,-1,-1,-1,1,1,-1,1,-1,-1,1,1,1,-1,1,1,-1,1,1,1,1,1,1,-1,1,1,1,-1,-1,1,1,1,1,1,-1,1,-1,-1,1,1,-1,-1,1,-1,-1,1,1,1,-1,1,-1,1,1,1,-1,-1,1,-1,-1,1,-1,-1,-1,1,-1,1,1,1,-1,1,1,-1,1,1,1,1,-1,1,-1,1,1,1,-1,-1,1,-1,1,1,1,-1,-1,1,-1,1,1,1,-1,-1,1,-1,1,1,1,1,-1,1,-1,-1,1,1,1,-1,-1,1,-1,1,1,1,-1,1,-1,-1,1,-2670.0,1,2000,445,1000,False
1124,1,1,-1,-1,1,1,-1,-1,1,1,1,-1,1,1,1,1,-1,1,-1,-1,-1,-1,1,1,1,-1,1,-1,1,1,1,1,1,-1,-1,-1,1,-1,1,1,-1,-1,-1,1,1,1,1,-1,1,1,1,1,-1,1,-1,-1,1,-1,1,1,1,-1,-1,-1,1,1,1,1,-1,-1,-1,1,1,1,1,-1,-1,-1,1,1,1,-1,-1,-1,1,1,1,1,-1,-1,1,1,1,1,1,-1,-1,-1,1,-1,1,1,-1,-1,1,1,1,1,1,-1,-1,-1,1,1,1,1,-1,-1,1,1,1,1,1,1,-1,-1,1,1,-1,1,1,-1,1,1,1,1,1,1,-1,1,1,1,1,1,1,-1,1,1,1,1,1,1,-1,-1,-1,1,1,1,1,-1,1,1,1,1,-1,1,-1,1,-1,1,1,1,-1,-1,1,1,1,1,1,-1,1,-1,-1,1,-1,1,-1,1,1,1,1,1,1,1,1,1,-1,1,-1,1,-1,1,1,-1,1,-1,1,1,-1,1,-1,1,-1,1,-1,1,1,-1,-1,-1,1,1,1,1,-1,-1,1,1,-1,-1,1,-1,1,-1,-1,1,-1,1,-1,1,-1,1,-1,1,1,-1,-1,-1,1,1,-1,1,-1,1,1,1,-1,1,-1,-1,1,-1,1,-1,1,1,1,-1,1,1,-1,1,-1,-1,-1,1,1,-1,1,-1,-1,-1,1,1,-1,-1,1,1,-1,-1,1,1,-1,1,1,-1,1,1,1,1,-1,1,-1,1,1,-1,1,-1,1,1,-1,1,1,1,1,1,-1,-1,1,-1,-1,-1,1,1,-1,1,1,1,-1,1,-1,-1,1,1,1,-1,1,-1,1,1,1,-1,-1,1,-1,1,1,1,-1,1,1,-1,-1,1,1,1,-1,1,-1,1,1,1,-1,1,1,-1,1,1,1,-1,1,-1,-1,1,1,1,-1,1,-1,-1,-1,1,1,-1,1,-1,-1,1,-1,1,-1,1,1,-1,-1,1,1,1,-1,1,-1,-1,1,1,-1,1,-1,-1,-1,-1,-1,-1,1,1,-1,-1,1,1,-1,1,-1,1,-1,1,1,1,1,1,-1,1,1,1,-1,1,-1,-1,-1,-1,1,1,1,1,-1,-1,1,1,1,1,-1,-1,1,-1,-1,1,-1,1,-1,-1,1,-1,1,-1,-1,-1,1,1,-1,1,-1,1,-1,-1,1,-1,1,1,-1,-1,-1,1,-1,-1,1,1,-1,-1,1,-1,1,1,-1,1,-1,1,-1,-1,1,1,-1,-1,1,-1,1,1,-1,-1,1,1,-1,1,-1,1,-1,1,-1,-1,1,-1,1,-1,1,-1,-1,1,-1,-1,-1,1,-1,-1,1,1,1,-1,1,-1,-1,1,-1,-1,1,-1,1,-1,1,1,1,-1,1,1,-1,-1,-1,1,-1,1,-1,-1,1,-1,1,1,1,1,-1,-1,1,1,-1,1,1,-1,-1,1,1,1,-1,1,1,-1,1,1,1,1,-1,-1,1,-1,-1,-1,1,-1,-1,1,-1,1,-1,1,-1,1,-1,-1,-1,1,1,-1,1,1,-1,-1,-1,1,-1,1,1,-1,1,-1,1,-1,-1,-1,-1,-1,-1,1,-1,-1,-1,-1,-1,-1,1,-1,1,1,1,1,-1,1,-1,1,1,-1,-1,-1,1,-1,-1,1,-1,1,-1,-1,1,1,1,1,-1,-1,1,1,1,1,-1,1,-1,-1,1,1,1,-1,-1,-1,1,1,1,1,-1,-1,-1,1,-1,1,-1,1,-1,-1,-1,1,1,1,-1,-1,-1,-1,1,1,1,1,-1,-1,-1,1,1,1,1,-1,-1,-1,1,-1,1,-1,-1,-1,-1,1,1,1,1,-1,-1,1,1,1,1,1,-1,-1,-1,1,1,-1,1,-1,-1,-1,1,1,1,1,-1,-1,1,1,1,1,-1,-1,1,1,-1,1,1,-1,-1,-1,1,1,1,1,1,-1,1,1,1,1,1,-1,-1,-1,1,-1,1,-1,-1,-1,-1,1,-1,1,1,1,-1,-1,1,-1,1,1,-1,1,-1,1,1,1,1,-1,1,-1,1,-1,1,1,-1,-1,-1,1,1,-1,-1,-1,-1,-1,1,-1,1,-1,-1,-1,-1,-1,-1,-1,1,-1,-1,-1,1,-1,-1,1,-1,-1,-1,-1,-1,1,1,-1,-1,-1,-1,-1,1,-1,-1,-1,1,-1,-1,1,-1,1,-1,-1,-1,-1,-1,-1,-1,1,-1,-1,-1,1,1,-1,-1,-1,1,-1,-1,-1,-1,-1,1,-1,-1,1,1,1,-1,-1,-1,-1,1,-1,1,1,-1,1,-1,-1,1,1,-1,-1,-1,-1,-1,-1,1,1,-1,-1,1,-1,1,1,-1,-1,-1,1,-1,1,1,-1,-1,1,-1,-1,1,1,1,-1,1,-1,1,1,1,-1,-1,1,-1,-1,1,1,1,-1,1,-1,-1,1,1,-1,1,1,-1,-1,1,1,1,1,1,-1,-1,1,1,1,1,1,-1,-1,1,1,1,1,1,1,-1,-1,1,1,1,1,-1,-1,1,-1,1,1,1,1,-1,-1,1,-1,1,1,1,-1,1,1,1,1,-1,1,-1,1,1,1,1,1,1,1,-1,1,1,1,1,-1,1,-1,1,1,1,1,1,-1,1,1,1,1,-1,1,1,-1,1,1,-1,1,1,-1,-1,1,1,1,1,-1,1,-1,1,1,1,-1,-1,1,-1,1,1,1,-1,1,-1,-1,-1,1,1,-1,-1,1,-1,-1,1,1,1,-1,1,-1,-1,-1,1,1,-1,1,-1,-1,1,1,-1,-1,-1,1,-1,-1,1,-1,1,1,-1,1,1,-1,-1,1,1,-1,-1,1,1,-1,1,1,-1,1,1,-1,-1,1,-1,1,-1,-1,-1,-1,1,-1,-1,1,1,-1,1,1,-1,1,1,1,1,-1,1,-1,1,1,1,-1,-1,1,-1,-1,1,1,-1,1,1,-1,1,1,1,-1,-1,1,-1,1,1,1,1,-1,1,-1,-1,1,1,1,-1,1,1,-1,1,-1,1,-1,1,-1,-1,1,-2670.0,1,2000,445,0,False
1125,1,1,-1,-1,1,1,-1,-1,1,1,1,-1,-1,1,1,1,-1,1,-1,-1,-1,-1,1,1,1,-1,-1,-1,1,1,1,1,-1,-1,-1,-1,1,-1,1,1,-1,-1,-1,1,1,1,1,-1,1,1,1,1,-1,1,-1,-1,1,-1,1,1,1,-1,-1,-1,1,1,1,1,-1,-1,-1,1,1,1,1,-1,-1,-1,1,1,1,-1,-1,-1,1,1,1,1,-1,-1,-1,1,1,1,1,-1,-1,1,1,-1,1,1,-1,-1,1,1,1,1,1,-1,-1,-1,1,1,1,1,-1,-1,1,1,1,1,1,1,-1,-1,1,1,-1,1,1,-1,1,1,1,1,1,1,-1,1,1,1,1,1,1,-1,1,1,1,1,1,1,-1,-1,-1,1,1,1,1,-1,1,1,1,1,-1,1,-1,1,-1,1,1,1,-1,-1,1,1,1,1,1,-1,1,-1,-1,1,-1,1,-1,1,1,1,1,1,1,1,1,1,-1,1,-1,1,-1,1,1,-1,1,-1,1,1,-1,1,-1,1,-1,1,-1,1,1,-1,1,-1,1,1,1,1,-1,-1,1,1,-1,-1,1,-1,1,-1,-1,1,-1,1,-1,1,-1,1,-1,1,1,-1,1,-1,1,1,-1,1,-1,1,1,1,-1,1,-1,-1,-1,-1,1,-1,1,1,1,-1,1,1,-1,1,-1,-1,-1,1,1,-1,1,-1,-1,-1,1,1,-1,-1,1,1,-1,-1,1,1,-1,1,1,-1,1,1,1,1,-1,1,-1,1,1,-1,1,-1,1,-1,1,1,1,1,1,1,-1,-1,1,-1,-1,1,1,1,-1,1,1,1,-1,1,1,1,1,1,1,-1,1,-1,1,1,1,-1,-1,1,-1,1,1,1,-1,1,1,-1,-1,1,1,1,-1,1,-1,1,1,1,-1,1,1,-1,1,1,1,-1,1,1,-1,1,1,1,-1,1,1,-1,-1,1,1,-1,1,1,-1,1,-1,1,-1,1,1,1,-1,1,1,1,-1,1,1,-1,1,1,-1,1,-1,1,-1,-1,-1,-1,1,1,1,-1,1,1,-1,1,1,-1,-1,1,1,1,1,1,-1,1,1,1,-1,1,1,1,1,-1,1,1,1,-1,1,-1,1,1,1,1,1,1,-1,-1,-1,1,-1,-1,1,1,-1,1,1,1,1,1,1,1,-1,1,-1,-1,1,-1,1,-1,1,1,1,1,1,1,-1,-1,1,-1,1,1,1,-1,1,1,1,-1,1,1,-1,-1,1,-1,1,1,1,-1,1,1,1,1,1,1,-1,1,-1,-1,1,1,-1,-1,1,-1,1,1,1,-1,-1,1,-1,1,1,1,-1,-1,1,-1,-1,1,1,-1,-1,1,-1,1,1,1,1,-1,1,-1,-1,1,1,1,-1,-1,-1,1,1,1,-1,-1,1,-1,-1,1,-1,1,-1,-1,1,-1,1,-1,1,-1,-1,1,-1,-1,1,1,1,-1,1,-1,1,-1,1,-1,1,-1,-1,-1,1,-1,-1,1,1,1,-1,1,-1,1,1,1,-1,1,1,-1,1,-1,1,-1,-1,1,-1,-1,1,1,1,-1,1,-1,-1,1,1,-1,-1,1,-1,-1,1,1,-1,-1,1,-1,-1,-1,1,1,-1,1,1,-1,-1,1,-1,-1,1,-1,1,-1,1,1,-1,-1,1,-1,-1,-1,-1,-1,1,1,1,-1,-1,1,-1,-1,1,-1,-1,1,-1,-1,-1,1,-1,-1,1,-1,-1,1,1,-1,1,-1,-1,-1,-1,1,1,-1,-1,-1,-1,1,1,-1,-1,1,-1,-1,-1,1,1,-1,-1,-1,-1,-1,1,-1,-1,-1,-1,-1,1,1,1,-1,-1,-1,-1,-1,1,1,-1,-1,-1,-1,-1,1,1,1,-1,-1,-1,-1,1,1,-1,-1,-1,-1,1,1,1,1,-1,-1,1,1,1,1,1,-1,-1,-1,1,1,1,-1,1,-1,1,1,1,1,-1,1,-1,-1,1,-1,1,-1,1,-1,-1,1,-1,1,-1,-1,-1,-1,1,-1,1,-1,1,1,-1,1,-1,1,-1,1,1,-1,1,-1,1,-1,-1,-1,-1,1,1,-1,-1,-1,-1,-1,1,-1,1,-1,-1,-1,-1,-1,-1,-1,1,-1,-1,-1,1,-1,-1,1,-1,-1,-1,-1,-1,1,1,-1,-1,-1,-1,-1,1,-1,-1,-1,1,-1,-1,1,-1,1,-1,-1,-1,-1,-1,-1,-1,1,-1,-1,-1,1,1,-1,-1,-1,1,-1,-1,-1,-1,-1,1,-1,-1,1,-1,1,-1,-1,-1,-1,1,-1,1,1,-1,1,-1,-1,1,1,-1,-1,-1,-1,-1,-1,1,1,-1,-1,1,-1,1,1,-1,-1,-1,1,-1,-1,1,-1,-1,1,-1,-1,1,1,1,-1,1,-1,1,1,1,-1,-1,1,-1,-1,1,1,1,-1,1,-1,-1,1,1,-1,1,1,-1,-1,1,1,-1,1,1,-1,-1,1,1,-1,1,1,-1,-1,1,1,1,1,1,1,-1,-1,1,1,1,1,-1,-1,1,-1,1,1,1,1,-1,-1,1,-1,1,1,1,-1,1,1,1,1,-1,1,-1,1,1,1,1,1,1,1,-1,1,1,1,1,-1,1,-1,1,1,1,1,1,-1,1,1,1,1,-1,1,1,-1,1,1,-1,1,1,-1,-1,1,1,1,1,-1,1,-1,1,1,1,-1,-1,1,-1,1,1,1,-1,1,-1,-1,-1,1,1,-1,-1,1,-1,-1,1,1,1,-1,1,-1,-1,1,1,1,-1,1,-1,-1,1,1,-1,-1,-1,1,-1,1,1,-1,1,1,-1,1,1,-1,-1,1,-1,-1,-1,1,1,-1,1,1,-1,1,1,-1,-1,-1,-1,1,-1,-1,-1,-1,1,-1,-1,1,1,-1,1,1,-1,1,1,1,1,-1,1,-1,1,1,1,-1,-1,1,-1,-1,1,1,-1,1,1,-1,1,1,1,-1,-1,1,-1,1,1,1,1,-1,1,-1,-1,1,1,-1,-1,1,1,-1,1,-1,1,-1,1,-1,-1,1,-2670.0,1,2000,445,1000,False
1126,1,1,-1,-1,1,-1,1,-1,1,1,1,-1,1,1,1,1,-1,1,-1,-1,1,-1,1,1,1,-1,-1,-1,1,1,1,1,-1,-1,-1,-1,1,-1,1,1,-1,-1,-1,1,1,1,1,-1,1,1,1,1,-1,1,-1,-1,1,-1,1,1,1,-1,-1,-1,1,1,1,1,-1,-1,-1,1,1,1,1,-1,-1,-1,1,1,1,-1,-1,-1,1,1,1,1,-1,1,-1,1,1,1,1,-1,-1,1,1,-1,1,1,-1,-1,1,1,1,1,1,-1,-1,1,1,-1,1,1,-1,-1,1,1,1,1,1,1,-1,1,1,1,-1,1,1,-1,1,1,1,1,1,1,-1,-1,1,1,1,1,1,-1,1,1,1,1,1,1,-1,-1,-1,1,1,1,1,-1,1,1,1,1,-1,1,-1,1,1,1,1,1,-1,-1,1,1,1,1,1,-1,1,-1,-1,1,-1,1,-1,1,1,1,1,1,1,1,1,1,-1,1,-1,1,-1,1,1,-1,1,-1,1,1,-1,1,-1,1,-1,1,-1,1,1,-1,1,-1,1,1,1,1,-1,-1,1,1,-1,-1,1,-1,1,-1,1,1,-1,1,-1,1,-1,1,-1,1,1,-1,-1,-1,1,1,-1,1,-1,1,1,1,-1,1,1,-1,1,-1,1,-1,1,-1,1,-1,1,1,-1,1,-1,-1,-1,1,1,-1,1,-1,-1,-1,1,1,-1,-1,1,1,-1,-1,1,1,-1,1,1,-1,1,1,1,1,-1,1,-1,1,1,-1,1,-1,1,-1,1,1,1,1,1,1,-1,-1,1,-1,-1,-1,1,1,-1,1,1,1,-1,1,1,1,1,1,1,-1,1,-1,1,1,1,-1,-1,1,-1,1,1,1,-1,1,1,-1,-1,1,1,1,-1,1,-1,1,1,1,-1,1,1,-1,1,1,1,-1,1,1,-1,1,1,1,-1,1,1,-1,-1,1,1,-1,1,1,-1,1,-1,1,-1,1,1,1,-1,1,1,1,1,1,1,-1,1,1,-1,1,1,1,-1,-1,-1,-1,1,1,1,-1,1,1,-1,1,1,-1,-1,1,1,1,1,1,-1,1,1,1,-1,1,1,1,1,-1,1,1,1,-1,1,-1,1,1,1,1,1,1,-1,-1,-1,1,-1,-1,1,-1,1,-1,1,1,1,1,1,-1,-1,1,-1,-1,1,-1,1,-1,1,1,-1,1,1,1,-1,-1,1,-1,1,1,-1,-1,1,1,1,-1,1,-1,-1,-1,1,-1,1,1,-1,-1,1,1,1,1,-1,1,-1,1,-1,1,1,-1,-1,-1,1,-1,1,1,-1,-1,-1,1,-1,1,1,1,-1,-1,1,-1,-1,1,-1,-1,-1,1,-1,1,1,-1,-1,-1,1,-1,-1,1,-1,-1,-1,-1,-1,-1,1,-1,-1,-1,1,-1,-1,1,-1,-1,-1,-1,1,-1,1,-1,-1,1,-1,1,-1,-1,1,1,1,-1,1,-1,1,-1,1,-1,1,-1,-1,-1,1,-1,-1,1,1,1,-1,1,-1,1,1,1,-1,1,1,-1,1,-1,1,-1,1,1,-1,-1,1,1,1,-1,1,-1,-1,1,1,-1,-1,1,-1,-1,1,1,-1,-1,1,-1,-1,-1,1,1,-1,1,1,-1,-1,1,-1,-1,1,-1,1,-1,1,1,-1,-1,1,-1,-1,-1,-1,-1,-1,1,1,-1,-1,1,-1,1,1,-1,-1,1,-1,-1,1,1,-1,-1,1,1,-1,1,1,-1,1,-1,1,-1,-1,1,1,-1,-1,-1,-1,-1,1,-1,-1,1,-1,-1,-1,1,1,-1,-1,-1,-1,-1,1,-1,-1,-1,-1,-1,1,1,1,-1,-1,-1,-1,-1,1,1,-1,-1,-1,-1,-1,1,1,1,-1,-1,-1,-1,1,1,-1,-1,-1,-1,1,1,1,1,1,-1,1,1,1,1,1,1,-1,-1,1,1,1,1,1,-1,1,1,1,1,-1,1,-1,-1,1,-1,1,-1,1,-1,-1,1,-1,1,1,1,-1,-1,1,-1,1,-1,1,1,-1,1,-1,1,1,1,1,-1,1,-1,1,1,1,-1,-1,1,1,-1,1,1,-1,-1,1,-1,1,-1,1,-1,-1,-1,-1,-1,1,1,-1,-1,1,-1,-1,1,1,-1,-1,-1,-1,-1,-1,1,-1,-1,-1,-1,1,1,-1,-1,1,-1,-1,1,-1,1,-1,-1,-1,-1,-1,1,1,1,-1,-1,-1,1,1,1,-1,-1,-1,1,-1,-1,1,-1,1,-1,-1,1,1,1,-1,-1,-1,-1,1,-1,1,1,-1,1,-1,-1,1,1,-1,-1,-1,-1,-1,-1,1,1,-1,-1,1,-1,1,1,-1,-1,-1,1,-1,1,1,-1,-1,1,-1,-1,1,1,1,-1,1,-1,1,1,1,-1,-1,1,-1,-1,1,1,1,-1,1,-1,-1,1,1,-1,1,1,-1,-1,1,1,-1,1,1,-1,-1,1,1,-1,1,1,-1,-1,1,1,1,1,1,1,-1,-1,1,1,-1,1,-1,-1,1,-1,1,1,1,1,-1,-1,1,-1,1,1,1,-1,1,1,1,1,-1,1,-1,1,1,1,1,1,1,1,-1,1,1,1,1,-1,1,-1,1,1,1,1,1,-1,1,1,1,1,-1,1,1,-1,1,1,-1,1,1,-1,-1,1,1,1,1,-1,1,-1,1,1,1,-1,-1,1,-1,1,1,1,-1,1,-1,-1,-1,1,1,-1,-1,1,-1,-1,1,1,1,-1,1,-1,-1,1,1,1,-1,1,-1,-1,1,1,-1,-1,1,1,-1,-1,1,-1,1,1,-1,1,1,-1,-1,1,-1,-1,-1,-1,1,-1,1,1,-1,1,1,-1,-1,1,-1,1,-1,-1,-1,-1,1,-1,-1,1,1,-1,1,1,-1,1,1,1,1,-1,1,-1,1,1,1,1,-1,1,-1,-1,1,1,1,-1,1,-1,1,1,1,1,-1,1,-1,1,1,-1,-1,-1,1,-1,-1,1,1,-1,-1,-1,1,-1,1,-1,1,-1,1,-1,-1,1,-2670.0,1,2000,445,1000,False
1127,1,1,-1,-1,1,-1,-1,-1,1,1,1,-1,1,1,1,1,-1,1,-1,-1,-1,-1,1,1,1,-1,1,-1,1,1,1,1,-1,-1,-1,-1,1,-1,1,1,-1,-1,-1,1,1,1,1,-1,1,1,1,1,-1,1,-1,-1,1,-1,1,1,1,-1,-1,-1,1,1,1,1,-1,-1,-1,1,1,1,1,-1,-1,-1,1,1,1,-1,-1,-1,1,1,1,1,-1,-1,-1,1,1,1,1,-1,-1,1,1,-1,1,1,-1,-1,1,1,1,1,1,-1,-1,1,1,-1,1,1,-1,-1,1,1,1,1,1,1,-1,-1,1,1,-1,1,1,-1,1,1,1,1,1,1,-1,-1,1,1,1,1,1,-1,1,1,1,1,1,1,-1,-1,-1,1,1,1,1,-1,1,1,1,1,-1,1,-1,1,-1,1,1,1,-1,-1,1,1,1,1,1,-1,1,-1,-1,1,-1,1,-1,1,1,1,1,1,1,1,1,1,1,1,-1,1,-1,1,1,-1,1,-1,1,1,-1,1,-1,1,-1,1,-1,1,1,-1,1,-1,1,1,1,1,-1,-1,1,1,-1,-1,1,-1,1,-1,-1,1,-1,1,-1,1,-1,1,-1,1,1,-1,-1,-1,1,1,-1,1,-1,1,1,1,-1,1,1,-1,1,-1,1,-1,1,-1,1,-1,1,1,-1,1,-1,-1,-1,1,1,-1,1,-1,-1,-1,1,1,-1,-1,1,1,-1,-1,1,1,-1,1,1,-1,1,1,1,1,-1,1,-1,1,1,-1,1,-1,1,1,-1,1,1,1,1,1,-1,-1,1,-1,-1,-1,1,1,-1,1,1,1,-1,1,-1,-1,1,1,1,-1,1,-1,1,1,1,-1,-1,1,-1,1,1,1,-1,1,1,-1,-1,1,1,1,-1,1,-1,1,1,1,-1,1,1,-1,1,1,1,-1,1,-1,-1,1,1,1,-1,1,-1,-1,-1,1,1,-1,1,-1,-1,1,-1,1,-1,1,1,-1,-1,1,1,1,1,1,-1,-1,1,1,-1,1,-1,-1,-1,-1,-1,-1,1,1,-1,-1,1,1,-1,1,-1,-1,-1,1,1,1,1,1,-1,1,1,1,-1,1,-1,-1,-1,-1,1,1,1,1,-1,-1,1,1,1,1,-1,-1,1,-1,-1,1,-1,1,-1,-1,1,-1,1,1,-1,-1,1,1,-1,1,-1,1,-1,-1,1,-1,1,1,-1,-1,-1,1,-1,-1,1,1,-1,-1,1,-1,1,1,-1,1,-1,1,-1,-1,1,1,-1,-1,1,-1,1,1,-1,-1,1,1,-1,1,-1,1,-1,1,-1,-1,1,-1,1,-1,1,-1,-1,1,-1,-1,-1,1,-1,-1,1,1,1,-1,1,-1,-1,1,-1,-1,1,-1,1,-1,1,1,1,-1,1,1,-1,-1,-1,1,-1,1,-1,-1,1,-1,1,1,1,1,-1,-1,1,1,-1,1,1,-1,-1,1,1,1,-1,1,1,-1,1,1,1,1,1,1,1,-1,-1,-1,1,-1,1,1,-1,1,-1,1,-1,1,-1,-1,-1,1,1,-1,1,1,-1,-1,-1,1,-1,1,1,-1,1,-1,1,-1,-1,-1,-1,-1,-1,1,-1,-1,-1,-1,-1,-1,1,-1,1,1,1,1,-1,1,-1,1,1,-1,-1,-1,1,-1,-1,1,-1,1,-1,-1,1,1,1,1,-1,-1,1,1,1,1,-1,1,-1,-1,1,1,1,-1,-1,-1,1,1,1,1,-1,1,-1,1,-1,1,-1,1,1,-1,-1,1,1,1,-1,-1,-1,-1,1,1,1,1,-1,-1,-1,1,1,1,1,-1,-1,-1,1,1,1,-1,-1,-1,1,1,1,1,1,-1,-1,-1,1,1,1,1,-1,-1,-1,1,1,-1,1,-1,-1,-1,1,1,1,1,-1,-1,1,1,1,1,-1,-1,1,1,-1,1,1,-1,-1,-1,1,1,1,1,1,-1,1,1,1,1,1,-1,-1,-1,1,-1,1,-1,-1,-1,-1,1,-1,1,1,-1,-1,-1,1,-1,1,1,-1,1,-1,1,1,1,1,-1,1,-1,1,-1,1,1,-1,-1,-1,1,1,-1,-1,-1,-1,-1,1,-1,1,-1,-1,-1,-1,-1,-1,-1,1,-1,-1,-1,1,-1,-1,1,-1,-1,-1,-1,-1,1,1,-1,-1,-1,-1,-1,1,-1,-1,-1,1,-1,-1,1,-1,1,-1,-1,-1,-1,-1,-1,-1,1,-1,-1,-1,1,1,1,-1,-1,1,-1,-1,-1,-1,-1,1,-1,-1,1,1,1,-1,-1,-1,-1,1,-1,1,1,-1,1,-1,-1,1,1,-1,-1,-1,-1,-1,-1,1,1,-1,-1,1,-1,1,1,-1,-1,-1,1,-1,1,1,-1,-1,1,-1,-1,1,1,1,-1,1,-1,1,1,1,-1,-1,1,-1,-1,1,-1,1,-1,1,-1,-1,1,1,-1,1,1,-1,-1,1,1,-1,1,1,-1,-1,1,1,-1,1,1,-1,-1,1,1,1,1,1,1,-1,-1,1,1,1,1,-1,-1,1,-1,1,1,1,1,-1,-1,1,-1,1,1,1,-1,1,1,1,1,-1,1,-1,1,1,1,1,1,1,1,-1,1,1,1,1,-1,1,-1,1,1,1,1,1,-1,1,1,1,1,-1,1,1,-1,1,1,-1,1,1,-1,-1,1,1,1,1,-1,1,-1,1,1,1,-1,-1,1,-1,1,1,1,-1,1,-1,-1,-1,1,1,-1,-1,1,-1,-1,1,1,-1,-1,1,-1,-1,1,1,1,-1,1,-1,-1,1,1,-1,-1,-1,1,-1,-1,1,-1,1,1,-1,1,1,-1,-1,1,-1,-1,-1,1,1,-1,1,1,-1,1,1,-1,-1,-1,-1,1,-1,-1,-1,-1,1,-1,-1,1,1,-1,1,1,-1,1,1,1,1,-1,1,-1,1,1,1,1,-1,1,-1,-1,1,1,1,-1,1,-1,1,1,1,1,-1,1,-1,1,1,1,-1,-1,1,-1,-1,1,1,-1,-1,-1,1,-1,1,1,1,-1,1,-1,-1,1,-2670.0,1,2000,445,1000,False
1128,1,1,-1,-1,1,1,-1,-1,1,1,1,-1,-1,1,1,1,-1,1,-1,-1,1,-1,1,1,1,-1,1,-1,1,1,1,1,1,1,-1,-1,1,-1,1,1,-1,-1,-1,1,1,1,1,-1,1,1,1,1,-1,1,-1,-1,1,-1,1,1,-1,-1,1,-1,1,1,1,1,-1,-1,-1,1,1,1,1,-1,1,-1,1,1,1,-1,-1,1,1,1,1,1,-1,-1,-1,1,1,1,1,-1,1,1,1,-1,1,1,-1,-1,1,1,1,1,1,-1,-1,1,1,1,1,1,-1,-1,1,1,1,1,1,1,-1,1,1,1,-1,1,1,-1,1,1,1,1,1,1,-1,1,1,1,1,1,1,-1,-1,1,1,1,1,1,-1,1,-1,1,1,1,1,-1,1,1,1,1,-1,1,-1,1,-1,1,1,1,-1,-1,1,1,1,1,1,-1,1,-1,-1,1,-1,1,-1,1,1,1,1,1,1,1,1,1,-1,1,-1,1,-1,1,1,-1,1,-1,1,1,-1,1,-1,1,-1,1,-1,1,1,-1,1,-1,1,1,1,1,-1,-1,1,1,-1,-1,1,-1,1,-1,-1,1,-1,1,-1,1,-1,1,-1,1,1,-1,-1,-1,1,1,-1,1,-1,1,1,1,-1,1,-1,-1,1,-1,1,-1,1,1,1,-1,1,1,-1,1,-1,-1,-1,1,1,-1,1,-1,-1,-1,1,1,-1,-1,1,1,-1,-1,1,1,-1,1,1,-1,1,1,1,1,-1,1,-1,1,1,-1,1,-1,1,1,1,1,1,1,1,1,-1,-1,1,-1,-1,-1,1,1,-1,1,1,1,-1,1,1,1,1,1,1,1,1,-1,1,1,1,-1,1,1,-1,1,1,1,-1,1,1,-1,-1,1,1,1,-1,1,-1,1,1,1,-1,1,1,-1,1,1,1,-1,1,1,-1,1,1,1,-1,1,1,1,-1,1,1,-1,1,1,-1,1,-1,1,-1,1,1,1,-1,1,1,1,1,1,1,-1,1,1,-1,1,1,1,-1,-1,-1,-1,1,1,1,-1,1,1,-1,1,1,-1,-1,1,1,1,1,1,-1,1,1,1,-1,1,1,1,-1,-1,1,1,1,-1,1,-1,1,1,1,1,1,1,-1,-1,-1,1,-1,-1,1,1,-1,1,1,1,1,1,1,1,-1,1,-1,-1,1,-1,1,-1,1,1,-1,1,1,1,-1,-1,1,-1,1,1,1,-1,1,1,1,-1,1,1,-1,-1,1,-1,1,1,1,-1,1,1,1,1,1,1,-1,1,-1,-1,1,1,-1,-1,1,-1,1,1,1,-1,-1,1,-1,1,1,1,-1,-1,1,1,-1,1,1,-1,-1,1,-1,1,1,1,1,-1,1,1,-1,1,1,1,-1,-1,-1,-1,1,1,-1,-1,1,-1,-1,1,-1,1,-1,-1,1,-1,1,-1,1,-1,-1,1,-1,-1,1,1,1,-1,1,-1,1,-1,1,1,1,-1,-1,-1,1,-1,-1,1,1,1,-1,1,-1,1,1,1,-1,1,1,-1,-1,-1,1,-1,-1,1,-1,-1,1,1,1,-1,1,-1,-1,1,1,-1,-1,1,-1,-1,1,1,-1,-1,1,-1,-1,-1,1,1,-1,1,-1,-1,-1,1,-1,-1,1,-1,1,-1,1,1,-1,-1,1,-1,-1,-1,-1,-1,1,1,1,-1,-1,1,-1,-1,1,-1,-1,1,-1,-1,1,1,-1,-1,1,-1,-1,1,1,-1,1,-1,-1,-1,-1,1,1,-1,-1,-1,-1,-1,1,-1,-1,1,-1,-1,-1,1,1,-1,-1,-1,-1,-1,1,-1,-1,-1,-1,-1,1,1,1,-1,-1,-1,-1,-1,1,1,-1,-1,-1,-1,-1,1,1,1,-1,-1,-1,-1,1,1,-1,-1,-1,-1,1,1,1,1,-1,-1,1,1,1,1,1,-1,-1,-1,1,1,1,-1,1,-1,1,1,1,1,-1,1,-1,-1,1,-1,1,-1,1,-1,-1,1,-1,1,-1,-1,-1,-1,1,-1,1,-1,1,1,-1,1,-1,1,-1,1,1,-1,1,-1,1,-1,-1,-1,-1,1,1,-1,-1,-1,-1,-1,1,-1,1,-1,-1,-1,-1,-1,-1,-1,1,-1,-1,-1,1,-1,-1,1,-1,-1,-1,-1,-1,1,1,-1,-1,-1,-1,-1,1,-1,-1,-1,1,-1,-1,1,-1,1,-1,-1,-1,-1,-1,-1,-1,1,-1,-1,-1,1,1,-1,-1,-1,1,1,-1,-1,-1,-1,1,-1,-1,1,-1,1,-1,-1,-1,-1,1,-1,1,1,-1,1,-1,-1,1,1,-1,-1,-1,-1,-1,-1,1,1,-1,-1,1,-1,1,1,-1,-1,-1,1,-1,-1,1,-1,-1,1,-1,-1,1,1,1,-1,1,-1,1,1,1,-1,-1,1,-1,-1,1,-1,1,-1,1,-1,-1,1,1,-1,1,1,-1,-1,1,1,1,1,1,-1,-1,1,1,1,1,1,-1,-1,1,1,1,1,1,1,-1,-1,1,1,1,1,-1,-1,1,-1,1,1,1,1,-1,-1,1,-1,1,1,1,-1,1,1,1,1,-1,1,-1,1,1,1,1,1,1,1,-1,1,1,1,1,-1,1,-1,1,1,1,1,1,-1,1,1,1,1,-1,1,1,-1,1,1,-1,1,1,-1,-1,1,1,1,1,-1,1,-1,1,1,1,-1,-1,1,-1,1,-1,1,-1,1,-1,-1,-1,1,1,-1,-1,1,-1,-1,1,-1,1,-1,1,-1,-1,-1,1,1,-1,1,-1,-1,1,1,-1,-1,-1,1,-1,1,-1,-1,1,1,-1,1,1,-1,-1,1,-1,-1,-1,-1,1,-1,1,1,-1,1,-1,1,-1,-1,-1,1,-1,-1,-1,-1,-1,-1,-1,1,1,-1,1,1,-1,1,1,-1,-1,-1,1,-1,1,1,1,1,-1,1,-1,-1,1,1,-1,1,1,-1,1,1,1,-1,-1,1,-1,1,1,-1,-1,-1,1,-1,-1,1,1,-1,-1,1,1,-1,1,-1,1,-1,1,-1,-1,1,-2670.0,1,2000,445,1000,False
1129,1,1,-1,-1,1,1,-1,-1,1,1,1,-1,1,1,1,1,-1,1,-1,-1,-1,-1,1,1,1,-1,1,-1,1,1,1,1,1,-1,-1,-1,1,1,1,1,-1,-1,-1,1,1,1,1,-1,1,1,1,1,-1,1,-1,-1,1,-1,1,1,-1,-1,-1,-1,1,1,1,1,-1,-1,-1,1,1,1,1,-1,-1,-1,1,1,1,-1,-1,-1,1,1,1,1,-1,-1,-1,1,1,1,1,-1,-1,1,1,-1,1,1,-1,-1,1,1,1,1,1,-1,-1,1,1,1,1,1,-1,-1,1,1,1,1,1,1,-1,1,1,1,-1,1,1,-1,1,1,1,1,1,1,-1,-1,1,1,1,1,1,-1,1,1,1,1,1,1,-1,-1,-1,1,1,1,1,-1,1,1,1,1,-1,1,-1,1,-1,1,1,1,-1,-1,1,1,1,1,1,-1,1,-1,-1,1,1,1,-1,1,1,1,1,-1,1,1,1,1,1,1,-1,1,-1,1,1,-1,1,-1,1,1,-1,1,-1,1,-1,1,-1,1,1,-1,1,-1,1,1,1,1,-1,-1,1,1,-1,-1,1,-1,1,-1,1,1,-1,1,-1,1,-1,1,-1,-1,1,-1,-1,-1,1,1,-1,1,-1,1,1,1,-1,1,1,-1,-1,-1,1,-1,1,-1,1,-1,1,1,-1,1,-1,-1,-1,1,1,-1,1,-1,-1,-1,1,1,-1,-1,1,1,-1,-1,1,1,-1,1,1,-1,1,1,1,1,-1,1,-1,1,1,-1,1,-1,1,1,1,1,1,1,1,1,-1,-1,1,-1,-1,1,1,1,-1,1,1,1,-1,1,1,1,1,1,1,-1,1,-1,1,1,1,-1,1,1,-1,1,1,1,-1,1,1,-1,-1,1,1,1,-1,1,-1,1,1,1,-1,1,1,-1,1,1,1,-1,1,1,-1,1,1,1,-1,1,1,-1,-1,1,1,1,1,1,-1,1,-1,1,-1,1,1,1,-1,1,1,1,-1,1,1,-1,1,1,-1,1,-1,1,-1,-1,-1,-1,1,1,1,-1,1,1,-1,1,1,-1,-1,1,1,-1,1,1,-1,1,1,1,1,1,1,1,-1,-1,1,-1,-1,-1,1,-1,1,-1,-1,1,1,1,-1,-1,-1,1,-1,-1,1,1,-1,1,-1,1,1,1,1,1,-1,1,-1,-1,1,-1,1,-1,-1,-1,1,1,1,1,-1,-1,1,-1,1,1,1,-1,1,-1,1,-1,1,1,-1,-1,1,-1,1,1,1,-1,-1,-1,1,1,1,1,-1,-1,1,1,1,1,-1,1,-1,1,1,1,1,-1,-1,-1,-1,1,1,1,-1,1,-1,1,-1,1,1,-1,-1,1,-1,1,1,1,1,-1,1,-1,-1,1,1,1,-1,-1,-1,1,1,1,-1,-1,1,-1,-1,1,-1,1,-1,-1,-1,-1,1,-1,1,-1,-1,1,-1,-1,1,1,1,-1,1,-1,1,-1,-1,-1,1,-1,-1,-1,1,-1,-1,1,1,1,-1,1,-1,1,1,1,-1,1,1,-1,1,-1,1,-1,-1,1,-1,-1,1,1,1,-1,1,-1,-1,1,1,-1,-1,1,-1,-1,1,1,-1,-1,1,-1,-1,-1,1,1,-1,1,-1,-1,-1,1,-1,-1,1,-1,1,-1,1,1,-1,-1,1,-1,-1,-1,-1,-1,1,1,1,-1,-1,1,-1,-1,1,-1,-1,1,-1,-1,1,1,-1,-1,1,-1,-1,1,1,-1,1,-1,-1,-1,-1,1,1,-1,-1,-1,-1,1,1,-1,-1,1,-1,-1,-1,1,1,-1,-1,-1,-1,-1,1,-1,-1,-1,-1,-1,1,1,1,-1,-1,-1,-1,-1,1,1,-1,-1,-1,-1,-1,1,1,1,-1,-1,-1,-1,1,1,-1,-1,-1,-1,1,1,1,1,-1,-1,1,1,1,1,1,-1,-1,-1,1,1,1,-1,1,-1,1,1,1,1,-1,1,-1,-1,1,-1,1,-1,1,-1,-1,1,-1,1,-1,-1,-1,-1,1,-1,1,-1,1,-1,-1,1,-1,1,-1,1,-1,1,-1,-1,1,-1,-1,-1,-1,1,1,-1,-1,-1,-1,-1,1,-1,1,-1,-1,-1,-1,1,-1,-1,1,-1,-1,-1,1,-1,-1,1,-1,-1,-1,-1,-1,1,1,-1,-1,-1,-1,-1,1,-1,-1,-1,1,-1,-1,1,-1,1,-1,-1,-1,-1,-1,-1,-1,1,-1,-1,-1,1,1,-1,-1,-1,-1,1,-1,-1,-1,-1,1,-1,-1,1,-1,1,-1,-1,-1,-1,1,-1,1,1,-1,1,-1,-1,1,1,-1,-1,-1,-1,-1,-1,1,1,-1,-1,1,-1,1,1,-1,-1,-1,1,-1,1,1,-1,-1,1,-1,-1,1,1,1,-1,1,-1,1,1,1,-1,-1,1,-1,-1,1,1,1,-1,1,-1,-1,1,1,-1,1,1,-1,-1,1,1,1,1,1,-1,-1,1,1,1,1,1,-1,-1,1,1,1,1,-1,1,-1,1,1,1,-1,1,-1,-1,1,-1,1,1,1,1,-1,-1,1,-1,1,1,1,-1,1,1,1,1,-1,1,-1,1,1,1,1,1,1,1,-1,1,1,1,1,-1,1,-1,1,1,1,1,1,1,1,1,1,1,-1,1,-1,1,1,1,-1,1,1,1,1,1,1,1,1,-1,1,1,1,1,1,-1,-1,1,-1,1,1,1,-1,1,-1,1,1,1,1,-1,-1,1,1,-1,1,1,-1,-1,1,1,-1,-1,1,1,-1,1,-1,1,1,1,-1,-1,-1,-1,1,-1,1,-1,1,1,1,1,1,-1,-1,1,1,1,1,1,1,-1,1,-1,1,1,1,-1,-1,-1,-1,-1,-1,-1,-1,-1,1,-1,1,1,1,-1,1,1,-1,-1,1,1,1,-1,1,-1,1,1,1,1,-1,1,-1,1,1,1,1,-1,1,-1,1,1,1,1,-1,1,-1,1,-1,1,-1,-1,1,-1,-1,1,1,-1,-1,-1,-1,1,1,-1,1,-1,1,-1,-1,1,-2670.0,1,2000,445,1000,False
1130,1,1,-1,-1,1,-1,-1,-1,1,1,1,-1,1,1,1,1,-1,1,-1,-1,-1,-1,1,1,1,-1,-1,-1,1,1,1,1,-1,-1,-1,-1,1,1,1,1,-1,-1,-1,1,1,1,1,-1,1,1,1,1,-1,1,-1,-1,1,-1,1,1,1,-1,-1,-1,1,1,1,1,-1,-1,-1,1,1,1,1,-1,-1,-1,1,1,1,-1,-1,-1,1,1,1,1,-1,-1,1,1,1,1,1,-1,-1,-1,1,-1,1,1,-1,-1,1,1,1,1,1,-1,-1,-1,1,1,1,1,-1,-1,1,1,1,1,1,1,-1,-1,1,1,-1,1,1,-1,1,1,1,1,1,1,-1,1,1,1,1,1,1,-1,1,1,1,1,1,1,-1,-1,-1,1,1,1,1,-1,1,1,1,1,-1,1,-1,1,-1,1,1,1,-1,-1,1,1,1,1,1,-1,1,-1,-1,1,-1,1,-1,1,1,1,1,1,1,1,1,1,-1,1,-1,1,-1,1,1,-1,1,-1,1,1,-1,1,-1,1,-1,1,-1,1,1,-1,1,-1,1,1,1,1,-1,-1,1,1,-1,-1,1,-1,1,-1,-1,1,-1,1,-1,1,-1,1,-1,1,1,-1,-1,-1,1,1,-1,1,-1,1,1,1,-1,1,1,-1,1,-1,1,-1,1,-1,1,-1,1,1,-1,1,-1,-1,-1,1,1,-1,1,-1,-1,-1,1,1,-1,-1,1,1,-1,-1,1,1,-1,1,1,-1,1,1,1,1,-1,1,-1,1,1,-1,1,-1,1,1,1,1,1,1,1,1,-1,-1,1,-1,-1,1,1,1,-1,1,1,1,-1,1,1,1,1,1,1,-1,1,-1,1,1,1,-1,-1,1,-1,1,1,1,-1,1,1,-1,-1,1,1,1,-1,1,-1,1,1,1,-1,1,1,-1,1,1,1,-1,1,1,-1,1,1,1,-1,1,1,1,-1,1,1,-1,1,1,-1,1,-1,1,-1,1,1,1,-1,1,1,1,1,1,1,-1,1,1,-1,1,-1,1,-1,-1,-1,-1,1,1,1,-1,1,1,-1,1,1,-1,-1,1,1,1,1,1,-1,1,1,1,-1,1,1,1,1,-1,1,1,1,-1,1,-1,1,1,1,1,1,1,-1,-1,-1,1,-1,-1,1,-1,1,-1,1,1,1,1,1,-1,-1,1,-1,-1,1,-1,1,-1,1,1,1,1,1,1,-1,-1,1,-1,1,1,-1,-1,1,1,1,-1,1,-1,-1,-1,1,-1,1,1,-1,-1,1,1,1,1,-1,1,-1,1,-1,1,1,-1,-1,-1,1,-1,1,1,-1,-1,-1,1,-1,1,1,1,-1,-1,1,-1,-1,1,-1,-1,-1,1,-1,1,1,1,-1,-1,1,1,-1,1,-1,-1,-1,-1,-1,-1,1,-1,-1,-1,1,-1,-1,1,-1,-1,-1,-1,1,-1,1,-1,-1,1,-1,1,-1,-1,1,1,1,-1,1,-1,1,-1,1,1,1,-1,-1,-1,1,-1,-1,1,1,1,-1,1,-1,1,1,1,-1,1,1,-1,1,-1,1,-1,-1,1,-1,-1,1,1,1,-1,1,-1,-1,1,1,-1,-1,1,-1,-1,1,1,-1,-1,1,-1,-1,-1,1,1,-1,1,-1,-1,-1,1,-1,-1,1,-1,1,-1,1,1,-1,-1,1,-1,-1,-1,-1,-1,1,1,1,-1,-1,1,-1,-1,1,-1,-1,1,-1,-1,1,1,-1,-1,1,-1,-1,1,1,-1,1,-1,-1,-1,-1,1,1,-1,-1,-1,-1,1,1,-1,-1,1,-1,-1,-1,1,1,-1,-1,-1,-1,-1,1,-1,-1,-1,-1,-1,1,1,1,-1,-1,-1,-1,-1,1,1,-1,-1,-1,-1,-1,1,1,1,-1,-1,-1,-1,1,1,-1,-1,-1,-1,1,1,1,1,1,-1,1,1,1,1,1,1,-1,-1,1,1,1,-1,1,-1,1,1,1,1,-1,1,-1,-1,1,-1,1,-1,1,-1,-1,1,-1,1,1,1,-1,-1,1,-1,1,-1,1,-1,-1,1,-1,1,1,1,-1,-1,1,-1,1,1,1,-1,-1,1,1,-1,1,1,-1,-1,1,-1,1,-1,1,-1,-1,-1,-1,-1,1,1,-1,-1,1,-1,-1,1,1,-1,-1,-1,-1,1,-1,1,-1,-1,-1,-1,1,1,-1,-1,1,-1,-1,1,-1,1,-1,-1,-1,-1,-1,1,1,1,-1,-1,-1,1,1,1,-1,-1,1,-1,-1,-1,1,-1,1,-1,-1,1,1,1,-1,-1,-1,-1,1,-1,1,1,-1,1,-1,-1,1,1,-1,-1,-1,-1,-1,-1,1,1,-1,-1,1,-1,1,1,-1,-1,-1,1,-1,1,1,-1,-1,1,-1,-1,1,1,1,-1,1,-1,1,1,1,-1,-1,1,-1,-1,1,1,1,-1,1,-1,-1,1,1,-1,1,1,-1,-1,1,1,-1,1,1,-1,-1,1,1,-1,1,1,-1,-1,1,1,1,1,1,1,-1,-1,1,1,-1,1,-1,-1,1,-1,1,1,1,1,-1,-1,1,-1,1,1,1,-1,1,1,1,1,-1,1,-1,1,1,1,1,1,1,1,-1,1,1,1,1,-1,1,-1,1,1,1,1,1,-1,1,1,1,1,-1,1,1,-1,1,1,-1,1,1,-1,-1,1,1,1,1,-1,1,-1,1,1,1,-1,-1,1,-1,1,1,1,-1,1,-1,-1,-1,1,1,-1,-1,1,-1,-1,1,1,-1,-1,1,-1,-1,1,1,1,-1,1,-1,-1,1,1,-1,-1,-1,1,-1,-1,1,-1,1,1,-1,1,1,-1,-1,1,-1,-1,-1,1,1,-1,1,1,-1,1,1,-1,-1,-1,-1,1,-1,-1,-1,-1,1,-1,-1,1,1,-1,1,1,-1,1,1,1,1,-1,1,-1,1,1,1,-1,-1,1,-1,-1,1,1,-1,-1,1,-1,1,1,1,-1,-1,1,-1,1,1,1,1,-1,1,-1,-1,1,1,1,-1,-1,1,-1,1,1,1,-1,1,-1,-1,1,-2670.0,1,2000,445,1000,False
1131,1,1,-1,-1,1,1,-1,-1,1,1,1,-1,-1,1,1,1,-1,1,-1,-1,-1,-1,1,1,1,-1,-1,-1,1,1,1,1,-1,-1,-1,-1,1,1,1,1,-1,-1,-1,1,1,1,1,-1,1,1,1,1,-1,1,-1,-1,1,-1,1,1,1,-1,-1,-1,1,1,1,1,-1,-1,-1,1,1,1,1,-1,-1,-1,1,1,1,-1,-1,-1,1,1,1,1,-1,-1,-1,1,1,1,1,-1,-1,1,1,-1,1,1,-1,-1,1,1,1,1,1,-1,-1,-1,1,-1,1,1,-1,-1,1,1,1,1,1,1,-1,-1,1,1,-1,1,1,-1,1,1,1,1,1,1,-1,1,1,1,1,1,1,-1,1,1,1,1,1,1,-1,-1,-1,1,1,1,1,-1,1,1,1,1,-1,1,-1,1,-1,1,1,1,-1,-1,1,1,1,1,1,-1,1,-1,-1,1,-1,1,-1,1,1,1,1,1,1,1,1,1,-1,1,-1,1,-1,1,1,-1,1,-1,1,1,-1,1,-1,1,-1,1,-1,1,1,-1,-1,-1,1,1,1,1,-1,-1,1,1,-1,-1,1,-1,1,-1,1,1,-1,1,-1,1,-1,1,-1,-1,1,-1,1,-1,1,1,-1,1,-1,1,1,1,-1,1,1,-1,1,-1,1,-1,1,-1,1,-1,1,1,-1,1,-1,-1,-1,1,1,-1,1,-1,-1,-1,1,1,-1,-1,1,1,-1,-1,1,1,-1,1,1,-1,1,1,1,1,-1,1,-1,1,1,-1,1,-1,1,1,1,1,1,1,1,1,-1,-1,1,-1,-1,1,1,1,-1,1,1,1,-1,1,1,1,1,1,1,1,1,-1,1,1,1,-1,-1,1,-1,1,1,1,-1,1,1,-1,-1,1,1,1,-1,1,-1,1,1,1,-1,1,1,-1,1,1,1,-1,1,1,-1,1,1,1,-1,1,1,-1,-1,1,1,-1,1,1,-1,1,-1,1,-1,1,1,1,-1,1,1,1,1,1,1,-1,1,1,-1,1,1,1,-1,-1,-1,-1,1,1,1,-1,1,1,-1,1,1,-1,-1,1,1,1,1,1,-1,1,1,1,-1,1,1,1,-1,-1,1,1,1,-1,1,-1,1,1,1,1,1,1,-1,-1,-1,1,-1,-1,1,1,-1,1,1,1,1,1,1,1,-1,1,-1,-1,1,-1,1,-1,1,1,1,1,1,1,-1,-1,1,-1,1,1,1,-1,1,1,1,-1,1,1,-1,-1,1,-1,1,1,1,-1,1,1,1,1,1,1,-1,1,-1,1,1,1,-1,-1,1,-1,1,1,1,-1,-1,1,-1,1,1,1,-1,-1,1,-1,-1,1,1,-1,-1,1,-1,1,1,1,1,-1,1,1,-1,1,1,1,-1,-1,1,1,1,1,-1,-1,1,-1,-1,1,-1,1,-1,-1,1,-1,1,-1,1,1,-1,1,-1,-1,1,1,1,-1,1,-1,1,-1,1,-1,1,-1,-1,-1,1,-1,-1,-1,1,1,-1,1,-1,1,1,1,-1,1,1,-1,-1,-1,1,-1,-1,1,-1,-1,1,1,1,-1,1,-1,-1,1,1,-1,-1,1,-1,-1,1,1,-1,-1,1,-1,-1,-1,1,1,-1,1,1,-1,-1,1,-1,-1,1,-1,1,-1,1,1,-1,-1,1,-1,-1,-1,-1,-1,1,1,1,-1,-1,1,-1,-1,1,-1,-1,1,-1,-1,-1,1,-1,-1,1,1,-1,1,1,-1,1,-1,1,-1,-1,1,1,-1,-1,-1,-1,1,1,-1,-1,1,-1,-1,-1,1,1,-1,-1,-1,-1,-1,1,-1,-1,-1,-1,-1,-1,1,1,-1,-1,-1,-1,1,1,1,-1,-1,-1,-1,-1,1,1,1,-1,-1,-1,-1,1,1,-1,-1,-1,-1,1,1,1,1,-1,-1,1,1,1,1,1,-1,-1,-1,1,1,1,-1,1,-1,1,1,1,1,-1,1,-1,-1,1,-1,1,-1,1,-1,-1,1,-1,1,-1,-1,-1,-1,1,-1,1,-1,1,-1,-1,1,-1,1,-1,1,-1,-1,1,-1,1,-1,-1,-1,-1,1,1,-1,-1,-1,-1,-1,1,-1,1,-1,-1,-1,-1,-1,-1,-1,1,-1,-1,-1,1,-1,-1,1,-1,-1,-1,-1,-1,1,1,-1,-1,-1,-1,-1,1,-1,-1,-1,1,-1,-1,1,-1,1,-1,-1,-1,-1,-1,-1,-1,1,-1,-1,-1,1,1,-1,-1,-1,-1,1,-1,-1,-1,-1,1,-1,-1,1,-1,1,-1,-1,-1,-1,1,-1,1,1,-1,1,-1,-1,1,1,-1,-1,-1,-1,-1,-1,1,1,-1,-1,1,-1,1,1,-1,-1,-1,1,-1,1,1,-1,-1,1,-1,-1,1,1,1,-1,1,-1,1,1,1,-1,-1,1,-1,-1,1,1,1,-1,1,-1,-1,1,1,-1,1,1,-1,-1,1,1,1,1,1,-1,-1,1,1,-1,1,1,-1,-1,1,1,1,1,-1,1,-1,-1,1,1,1,1,-1,-1,1,-1,1,1,1,1,-1,-1,1,-1,1,1,1,-1,1,1,1,1,-1,1,-1,1,1,1,1,1,1,1,-1,1,1,1,1,-1,1,-1,1,1,1,1,1,-1,1,1,1,1,-1,1,1,-1,1,1,-1,1,1,-1,-1,1,1,1,1,-1,1,-1,1,1,1,-1,-1,1,-1,1,1,1,-1,1,-1,-1,-1,1,1,-1,-1,1,-1,-1,1,1,-1,-1,1,-1,-1,1,1,1,-1,1,-1,-1,1,1,-1,-1,-1,1,-1,1,1,-1,1,1,-1,1,1,-1,-1,1,-1,-1,-1,1,1,-1,1,1,-1,1,1,-1,-1,1,-1,1,-1,-1,-1,-1,1,-1,-1,1,1,-1,1,1,-1,1,1,1,1,-1,1,-1,1,1,1,-1,-1,1,-1,-1,-1,1,-1,-1,1,-1,1,1,1,-1,-1,1,-1,1,1,1,1,-1,1,-1,-1,1,1,-1,-1,-1,1,-1,1,1,1,-1,1,-1,-1,1,-2670.0,1,2000,445,0,False
1132,1,1,-1,-1,1,-1,-1,-1,1,1,1,-1,1,1,1,1,-1,1,-1,-1,-1,-1,1,1,1,-1,1,-1,1,1,1,1,-1,-1,-1,-1,1,1,1,1,-1,-1,-1,1,1,1,1,-1,1,1,1,1,-1,1,-1,-1,1,-1,1,1,1,-1,-1,-1,1,1,1,1,-1,-1,-1,1,1,1,1,-1,-1,-1,1,1,1,-1,-1,-1,1,1,1,1,-1,-1,-1,1,1,1,1,-1,-1,1,1,-1,1,1,-1,-1,1,1,1,1,1,-1,-1,-1,1,1,1,1,-1,-1,1,1,1,1,1,1,-1,-1,1,1,-1,1,1,-1,1,1,1,1,1,1,-1,1,1,1,1,1,1,-1,1,1,1,1,1,1,-1,-1,-1,1,1,1,1,-1,1,1,1,1,-1,1,-1,1,-1,1,1,1,-1,-1,1,1,1,1,1,-1,1,-1,-1,1,-1,1,-1,1,1,1,1,1,1,1,1,1,-1,1,-1,1,-1,1,1,-1,1,-1,1,1,-1,1,-1,1,-1,1,-1,1,1,-1,1,-1,1,1,1,1,-1,-1,1,1,-1,-1,1,-1,1,-1,-1,1,-1,1,-1,1,-1,1,-1,1,1,-1,-1,-1,1,1,-1,1,-1,1,1,1,-1,1,1,-1,1,-1,1,-1,1,-1,1,-1,1,1,-1,1,-1,-1,-1,1,1,-1,1,-1,-1,-1,1,1,-1,-1,1,1,-1,-1,1,1,-1,1,1,-1,1,1,1,1,-1,1,-1,1,1,-1,1,-1,1,1,-1,1,1,1,1,1,-1,-1,1,-1,-1,-1,1,1,-1,1,1,1,-1,1,-1,-1,1,1,1,-1,1,-1,1,1,1,-1,-1,1,-1,1,1,1,-1,1,1,-1,-1,1,1,1,-1,1,-1,1,1,1,-1,1,1,-1,1,1,1,-1,1,-1,-1,1,1,1,-1,1,-1,-1,-1,1,1,-1,1,-1,-1,1,-1,1,-1,1,1,-1,-1,1,1,1,-1,1,-1,-1,1,1,-1,1,-1,-1,-1,-1,-1,-1,1,1,-1,-1,1,1,-1,1,-1,1,-1,1,1,1,1,-1,-1,1,1,1,-1,1,-1,-1,-1,-1,1,1,1,1,-1,-1,1,1,1,1,-1,-1,1,-1,-1,1,-1,1,-1,-1,1,-1,1,-1,-1,-1,1,1,-1,1,-1,1,-1,-1,1,-1,1,1,-1,-1,-1,1,-1,-1,1,1,-1,-1,1,-1,1,1,-1,1,-1,1,-1,-1,1,1,-1,-1,1,-1,1,1,-1,-1,1,1,-1,1,-1,1,-1,1,-1,-1,1,-1,1,-1,1,-1,-1,1,-1,-1,-1,1,-1,-1,1,1,1,-1,1,-1,-1,1,-1,-1,1,-1,1,-1,1,1,1,-1,1,1,-1,-1,-1,1,-1,1,-1,-1,1,-1,1,1,1,1,-1,-1,1,1,-1,1,1,1,-1,1,1,1,-1,1,1,-1,1,1,1,1,1,-1,1,-1,-1,-1,1,-1,-1,1,-1,1,-1,1,-1,1,-1,-1,-1,1,1,-1,1,1,-1,-1,-1,1,-1,1,1,-1,1,-1,1,-1,-1,-1,-1,-1,-1,1,-1,-1,-1,-1,-1,-1,1,-1,1,1,1,1,-1,1,-1,1,1,-1,-1,-1,1,-1,-1,1,-1,1,-1,-1,1,1,1,1,-1,-1,1,1,1,1,-1,1,-1,-1,1,1,1,-1,-1,-1,1,1,1,1,-1,-1,-1,1,-1,1,-1,1,-1,-1,-1,1,1,1,-1,-1,-1,-1,1,1,1,1,-1,-1,-1,1,1,1,1,-1,-1,-1,1,-1,1,-1,-1,-1,1,1,1,1,1,-1,-1,-1,1,1,1,1,-1,-1,-1,1,1,-1,1,-1,-1,-1,1,1,1,1,-1,-1,1,1,1,1,-1,-1,1,1,-1,1,1,-1,-1,-1,1,1,1,1,1,-1,1,1,1,1,1,-1,-1,-1,1,-1,1,-1,-1,-1,-1,1,-1,1,1,-1,-1,-1,1,-1,1,1,-1,-1,-1,1,1,1,1,-1,-1,-1,1,-1,1,1,-1,-1,-1,1,1,-1,-1,-1,-1,-1,1,-1,1,-1,-1,-1,-1,-1,-1,-1,1,-1,-1,-1,1,-1,-1,1,-1,-1,-1,-1,-1,-1,1,-1,-1,-1,-1,-1,1,-1,-1,-1,1,-1,-1,1,-1,1,-1,-1,-1,-1,-1,-1,-1,1,-1,-1,-1,1,1,1,-1,-1,1,-1,-1,-1,-1,-1,1,-1,-1,1,1,1,-1,-1,-1,-1,1,-1,1,1,-1,1,-1,-1,1,1,-1,-1,-1,-1,-1,-1,1,1,-1,-1,1,-1,1,1,-1,-1,-1,1,-1,1,1,-1,-1,1,-1,-1,1,1,1,-1,1,-1,1,1,1,-1,-1,1,-1,-1,1,1,1,-1,1,-1,-1,1,1,-1,1,1,-1,-1,1,1,-1,1,1,-1,-1,1,1,-1,1,1,-1,-1,1,1,1,1,1,1,-1,-1,1,1,1,1,-1,-1,1,-1,1,1,1,1,-1,-1,1,-1,1,1,1,-1,1,1,1,1,-1,1,-1,1,1,1,1,1,1,1,-1,1,1,1,1,-1,1,-1,1,1,1,1,1,-1,1,1,1,1,-1,1,1,-1,1,1,-1,1,1,-1,-1,1,1,1,1,-1,1,-1,1,1,1,-1,-1,1,-1,1,1,1,-1,1,-1,-1,-1,1,1,-1,-1,1,-1,-1,1,1,1,-1,1,-1,-1,1,1,1,-1,1,-1,-1,1,1,-1,-1,-1,1,-1,-1,1,-1,1,1,-1,1,1,-1,-1,1,1,-1,-1,1,1,-1,1,1,-1,1,1,-1,-1,1,-1,1,-1,-1,-1,-1,1,-1,-1,1,1,-1,1,1,-1,1,1,1,1,-1,1,-1,1,1,1,-1,-1,1,-1,-1,1,1,-1,-1,1,-1,1,1,1,-1,-1,1,-1,1,1,1,1,-1,1,-1,-1,1,1,-1,-1,-1,1,-1,1,-1,1,-1,1,-1,-1,1,-2670.0,1,2000,445,0,False
1133,1,1,-1,-1,1,1,-1,-1,1,1,1,-1,1,1,1,1,-1,1,-1,-1,-1,-1,1,1,1,-1,1,-1,1,1,1,1,-1,-1,-1,-1,1,1,1,1,-1,-1,-1,1,1,1,1,-1,1,1,1,1,-1,1,-1,-1,1,-1,1,1,1,-1,-1,-1,1,1,1,1,-1,-1,-1,1,1,1,1,-1,-1,-1,1,1,1,-1,-1,-1,1,1,1,1,-1,-1,-1,1,1,1,1,-1,-1,1,1,-1,1,1,-1,-1,1,1,1,1,1,-1,-1,-1,1,1,1,1,-1,-1,1,1,1,1,1,1,-1,-1,1,1,-1,1,1,-1,1,1,1,1,1,1,-1,1,1,1,1,1,1,-1,1,1,1,1,1,1,-1,-1,-1,1,1,1,1,-1,1,1,1,1,-1,1,-1,1,-1,1,1,1,-1,-1,1,1,1,1,1,-1,1,-1,-1,1,-1,1,-1,1,1,1,1,1,1,1,1,1,1,1,-1,1,-1,1,1,-1,1,-1,1,1,-1,1,-1,1,-1,1,-1,1,1,-1,1,-1,1,1,1,1,-1,-1,1,1,-1,-1,1,-1,1,-1,-1,1,-1,1,-1,1,-1,1,-1,-1,1,-1,-1,-1,1,1,-1,1,-1,1,1,1,-1,1,1,-1,-1,-1,1,-1,1,-1,1,-1,1,1,-1,1,-1,-1,-1,1,1,-1,1,-1,-1,-1,1,1,-1,-1,1,1,-1,-1,1,1,-1,1,1,-1,1,1,1,1,-1,1,-1,1,1,-1,1,-1,1,1,-1,1,1,1,1,1,-1,-1,1,-1,-1,1,1,1,-1,1,1,1,-1,1,-1,-1,1,1,1,1,1,-1,1,1,1,-1,1,1,-1,1,1,1,-1,1,1,-1,1,-1,1,1,-1,1,-1,1,1,1,-1,1,1,-1,1,1,1,-1,1,-1,-1,1,1,1,-1,1,-1,-1,1,1,1,-1,1,-1,-1,-1,-1,1,-1,1,1,-1,1,1,1,1,-1,1,-1,-1,-1,1,-1,1,-1,-1,1,-1,-1,-1,1,1,-1,1,-1,1,-1,1,-1,1,-1,1,1,1,1,-1,1,-1,1,1,-1,1,-1,-1,-1,-1,1,1,1,1,-1,-1,1,1,1,1,-1,-1,1,-1,-1,1,-1,1,-1,1,-1,1,1,1,-1,-1,1,1,-1,1,-1,1,-1,-1,1,-1,1,1,-1,-1,-1,1,-1,-1,1,1,-1,-1,1,-1,1,1,-1,1,-1,1,-1,-1,1,1,-1,-1,1,-1,1,1,-1,-1,1,1,-1,1,-1,1,-1,1,-1,-1,1,-1,1,-1,1,-1,-1,1,-1,-1,-1,1,-1,-1,1,-1,1,-1,1,-1,-1,1,-1,-1,1,-1,1,-1,1,-1,1,-1,1,1,-1,-1,-1,1,-1,1,-1,-1,1,-1,1,1,1,1,-1,-1,1,1,-1,1,1,-1,-1,1,1,1,-1,1,1,-1,1,1,1,1,1,-1,1,-1,-1,-1,1,-1,-1,1,1,1,-1,1,-1,1,-1,-1,-1,1,1,-1,1,1,-1,-1,-1,1,-1,1,1,-1,1,-1,1,-1,-1,-1,-1,-1,-1,1,-1,-1,-1,-1,-1,-1,1,-1,1,1,1,1,-1,1,-1,1,1,-1,-1,-1,1,-1,-1,1,-1,1,-1,-1,1,1,1,1,-1,-1,1,1,1,1,-1,1,-1,-1,1,1,1,-1,-1,-1,1,1,1,1,-1,-1,-1,1,-1,1,-1,1,-1,-1,-1,1,1,1,-1,-1,-1,1,1,1,1,1,-1,-1,-1,1,1,1,1,-1,-1,-1,1,-1,1,-1,-1,-1,1,1,1,1,1,-1,-1,-1,1,-1,1,1,-1,-1,-1,1,1,-1,1,-1,-1,-1,1,1,1,1,-1,-1,1,1,1,-1,-1,-1,1,1,-1,1,1,-1,-1,-1,1,1,-1,1,1,-1,1,1,1,-1,1,-1,-1,-1,1,-1,1,-1,-1,-1,-1,1,1,-1,1,-1,-1,-1,1,-1,-1,1,-1,-1,-1,1,1,-1,1,-1,-1,-1,1,-1,-1,1,-1,-1,-1,1,1,1,-1,-1,-1,-1,1,-1,1,-1,-1,-1,-1,-1,-1,-1,1,-1,-1,-1,1,-1,-1,1,-1,-1,-1,-1,-1,1,1,-1,-1,-1,-1,-1,1,-1,-1,-1,1,-1,-1,1,-1,1,-1,-1,-1,-1,-1,-1,-1,1,-1,-1,-1,1,1,-1,-1,-1,1,-1,1,-1,-1,-1,1,-1,-1,1,-1,1,-1,-1,-1,-1,1,-1,1,1,-1,1,-1,-1,1,1,-1,-1,-1,-1,-1,-1,1,1,-1,-1,1,-1,1,1,-1,-1,-1,1,-1,1,1,-1,-1,1,-1,-1,1,1,1,-1,1,-1,1,1,1,-1,-1,1,-1,-1,1,1,1,-1,1,-1,-1,1,1,-1,1,1,-1,-1,1,1,-1,1,1,-1,-1,1,1,-1,1,1,-1,-1,1,1,1,1,-1,1,-1,-1,1,1,1,1,-1,-1,1,-1,1,1,1,1,-1,-1,1,-1,1,1,1,-1,1,1,1,1,-1,1,-1,1,1,1,1,1,1,1,-1,1,1,1,1,-1,1,-1,1,1,1,1,1,-1,1,1,1,1,-1,1,1,-1,1,1,-1,1,1,-1,-1,1,1,1,1,-1,1,-1,1,1,1,-1,-1,1,-1,1,1,1,-1,1,-1,-1,-1,1,1,-1,-1,1,-1,-1,1,1,-1,-1,1,-1,-1,-1,1,1,-1,1,-1,-1,1,1,-1,-1,-1,1,-1,-1,1,-1,1,1,-1,1,1,-1,-1,1,-1,-1,-1,1,1,-1,1,1,-1,1,1,-1,-1,-1,-1,1,-1,-1,-1,-1,1,-1,-1,1,1,-1,1,1,-1,1,1,1,1,-1,1,-1,1,1,1,-1,-1,1,-1,-1,1,1,-1,-1,1,-1,1,1,1,-1,-1,1,-1,1,1,1,1,-1,1,-1,-1,1,1,-1,-1,-1,1,-1,1,1,1,-1,1,-1,-1,1,-2670.0,1,2000,445,0,False
1134,1,1,-1,-1,1,1,-1,-1,1,1,1,-1,-1,1,1,1,-1,1,1,-1,-1,-1,1,1,1,1,-1,-1,1,1,1,1,-1,-1,-1,-1,1,-1,1,1,-1,-1,-1,1,1,1,1,-1,1,1,1,1,-1,1,-1,-1,1,-1,1,1,1,-1,-1,-1,1,1,1,1,-1,-1,-1,1,1,1,1,-1,-1,-1,1,1,1,-1,-1,-1,1,1,1,1,-1,-1,-1,1,1,1,1,-1,-1,1,1,-1,1,1,-1,-1,1,1,1,1,1,-1,-1,1,1,-1,1,1,-1,-1,1,1,1,1,1,1,-1,-1,1,1,-1,1,1,-1,1,1,1,1,1,1,-1,-1,1,1,1,1,1,-1,1,1,1,1,1,1,-1,-1,-1,1,1,1,1,-1,1,1,1,1,-1,1,-1,1,-1,1,1,1,-1,-1,1,1,1,1,1,-1,1,-1,-1,1,-1,1,-1,1,1,1,1,1,1,1,1,1,-1,1,-1,1,-1,1,1,-1,1,-1,1,1,-1,1,-1,1,-1,1,-1,1,1,-1,1,-1,1,1,1,1,-1,-1,1,1,-1,-1,1,-1,1,-1,-1,1,-1,1,-1,1,-1,1,-1,-1,1,-1,1,-1,1,1,-1,1,-1,1,1,1,-1,1,1,-1,1,-1,1,-1,1,-1,1,-1,1,1,-1,1,-1,-1,-1,1,1,-1,1,-1,-1,-1,1,1,-1,-1,1,1,-1,-1,1,1,-1,1,1,-1,1,1,1,1,-1,1,-1,1,1,-1,1,-1,1,1,1,1,1,1,1,1,-1,-1,1,-1,-1,1,1,1,-1,1,1,1,-1,1,1,1,1,1,1,1,1,-1,1,1,1,-1,-1,1,-1,1,1,1,-1,1,1,-1,-1,1,1,1,-1,1,-1,1,1,1,-1,1,1,-1,1,1,1,-1,1,1,-1,1,1,1,-1,1,1,-1,-1,1,1,-1,1,1,-1,1,-1,1,-1,1,1,1,-1,1,1,1,1,1,1,-1,1,1,-1,1,1,1,-1,-1,-1,-1,1,1,1,-1,1,1,-1,1,1,-1,-1,1,1,1,1,1,-1,1,1,1,-1,1,1,1,1,-1,1,1,1,-1,1,-1,1,1,1,1,1,1,-1,-1,-1,1,-1,-1,1,-1,1,-1,1,1,1,1,1,-1,-1,1,-1,-1,1,-1,1,-1,1,1,1,1,1,1,-1,-1,1,-1,1,1,-1,-1,1,1,1,-1,1,-1,-1,-1,1,-1,1,1,-1,-1,1,1,1,1,-1,1,-1,1,-1,1,1,-1,-1,-1,1,-1,1,1,-1,-1,-1,1,-1,1,1,1,-1,-1,1,-1,-1,1,-1,-1,-1,1,-1,1,1,1,-1,-1,1,-1,-1,1,-1,-1,-1,-1,-1,-1,1,-1,-1,-1,1,-1,-1,1,-1,-1,-1,-1,1,-1,1,-1,-1,-1,-1,1,-1,-1,1,1,1,-1,1,-1,1,-1,1,-1,1,-1,-1,-1,1,-1,-1,-1,1,1,-1,1,-1,1,1,1,-1,1,1,-1,1,-1,1,-1,-1,1,-1,-1,1,1,1,-1,1,-1,-1,1,1,-1,-1,1,-1,-1,1,1,-1,-1,1,-1,-1,-1,1,1,-1,1,-1,-1,-1,1,-1,-1,1,-1,1,-1,1,1,-1,-1,1,-1,-1,-1,-1,-1,1,1,1,-1,-1,1,-1,-1,1,-1,-1,1,-1,-1,-1,1,-1,-1,1,1,-1,1,1,-1,1,-1,1,-1,-1,1,1,-1,-1,-1,-1,-1,1,-1,-1,1,-1,-1,-1,1,1,-1,-1,-1,-1,-1,1,-1,-1,-1,-1,-1,1,1,1,-1,-1,-1,-1,-1,1,1,-1,-1,-1,-1,-1,1,1,1,-1,-1,-1,-1,1,1,-1,-1,-1,-1,1,1,1,1,1,-1,1,1,1,1,1,1,-1,-1,1,1,1,-1,-1,-1,1,1,1,1,-1,1,-1,-1,1,-1,1,-1,1,-1,-1,1,-1,1,1,1,-1,-1,1,-1,1,-1,1,1,-1,1,-1,1,1,1,1,-1,1,-1,1,1,1,-1,-1,1,1,-1,1,1,-1,-1,1,-1,1,-1,1,-1,-1,-1,-1,-1,1,1,-1,-1,1,-1,-1,1,1,-1,-1,-1,-1,1,-1,1,-1,-1,-1,-1,1,1,-1,-1,1,-1,-1,1,-1,1,-1,-1,-1,-1,-1,1,1,1,-1,-1,-1,1,1,1,-1,-1,1,-1,-1,-1,1,-1,1,-1,-1,1,1,1,-1,-1,-1,-1,1,-1,1,1,-1,1,-1,-1,1,1,-1,-1,-1,-1,-1,-1,1,1,-1,-1,1,-1,1,1,-1,-1,-1,1,-1,1,1,-1,-1,1,-1,-1,1,1,1,-1,1,-1,1,1,1,-1,-1,1,-1,-1,1,1,1,-1,1,-1,-1,1,1,-1,1,1,-1,-1,1,1,-1,1,1,-1,-1,1,1,-1,1,1,-1,-1,1,1,1,1,-1,1,-1,-1,1,-1,1,1,-1,-1,1,-1,1,1,1,1,-1,-1,1,-1,1,1,1,-1,1,1,1,1,-1,1,-1,1,1,1,1,1,1,1,-1,1,1,1,1,-1,1,-1,1,1,1,1,1,-1,1,1,1,1,-1,1,1,-1,1,1,-1,1,1,-1,-1,1,1,1,1,-1,1,-1,1,1,1,-1,-1,1,-1,1,1,1,-1,1,-1,-1,-1,1,1,-1,-1,1,-1,-1,1,1,-1,-1,1,-1,-1,1,1,1,-1,1,-1,-1,1,1,-1,-1,-1,1,-1,1,1,-1,1,1,-1,1,1,-1,-1,1,-1,-1,-1,1,1,-1,1,1,-1,1,1,-1,-1,-1,-1,1,-1,-1,-1,-1,1,-1,-1,1,1,-1,1,1,-1,1,1,1,1,-1,1,-1,1,1,1,1,-1,1,-1,-1,1,1,1,-1,1,-1,1,1,1,1,-1,1,-1,1,1,1,-1,-1,1,-1,-1,1,1,-1,-1,-1,1,-1,1,1,1,-1,1,-1,-1,1,-2670.0,1,2000,445,1000,False
1135,1,1,-1,-1,1,-1,1,-1,1,1,1,-1,1,1,1,1,-1,1,-1,-1,1,-1,1,1,1,-1,-1,-1,1,1,1,1,1,-1,-1,-1,1,1,1,1,-1,-1,-1,1,1,1,1,-1,1,1,1,1,-1,1,-1,-1,1,-1,1,1,-1,-1,-1,-1,1,1,1,1,-1,-1,-1,1,1,1,1,-1,-1,-1,1,1,1,-1,-1,-1,1,1,1,1,-1,1,-1,1,1,1,1,-1,-1,1,1,-1,1,1,-1,-1,1,1,1,1,1,-1,-1,1,1,1,1,1,-1,-1,1,1,1,1,1,1,-1,1,1,1,-1,1,1,-1,1,1,1,1,1,1,-1,-1,1,1,1,1,1,-1,1,1,1,1,1,1,-1,-1,-1,1,1,1,1,-1,1,1,1,1,-1,1,-1,1,-1,1,1,1,-1,-1,1,1,1,1,1,-1,1,-1,-1,1,-1,1,-1,1,1,1,1,1,1,1,1,1,-1,1,-1,1,-1,1,1,-1,1,-1,1,1,-1,1,-1,1,-1,1,-1,1,1,-1,1,-1,1,1,1,1,-1,-1,1,1,-1,-1,1,-1,1,-1,-1,1,-1,1,-1,1,-1,1,-1,-1,1,-1,1,-1,1,1,-1,1,-1,1,1,1,-1,1,1,-1,1,-1,1,-1,1,-1,1,-1,1,1,-1,1,-1,-1,-1,1,1,-1,1,-1,-1,-1,1,1,-1,-1,1,1,-1,-1,1,1,-1,1,1,-1,1,1,1,1,-1,1,-1,1,1,-1,1,-1,1,1,-1,1,1,1,1,1,-1,-1,1,-1,-1,-1,1,1,-1,1,1,1,-1,1,-1,-1,1,1,1,1,1,-1,1,1,1,-1,1,1,-1,1,1,1,-1,1,1,-1,-1,1,1,1,-1,1,-1,1,1,1,-1,1,1,-1,1,1,1,-1,1,-1,-1,1,1,1,-1,1,-1,-1,-1,1,1,-1,1,-1,-1,1,-1,1,-1,1,1,-1,-1,1,1,1,-1,1,-1,-1,1,1,-1,1,-1,-1,-1,-1,-1,-1,1,-1,-1,-1,1,1,-1,1,-1,1,-1,1,1,1,1,1,-1,1,1,1,-1,1,-1,-1,-1,-1,1,1,1,1,-1,-1,1,-1,1,1,-1,-1,1,-1,-1,1,-1,1,-1,-1,1,-1,1,1,-1,-1,1,1,-1,1,-1,1,-1,-1,1,-1,1,-1,-1,-1,-1,1,-1,-1,1,1,-1,-1,1,-1,1,1,-1,1,-1,1,-1,1,-1,1,-1,-1,1,-1,1,-1,-1,-1,1,1,-1,1,-1,1,-1,1,-1,1,1,-1,1,-1,1,-1,-1,1,-1,-1,-1,1,-1,1,-1,-1,1,-1,1,-1,-1,1,-1,-1,1,-1,1,-1,1,-1,1,-1,1,1,-1,1,-1,1,-1,1,-1,-1,1,-1,1,1,1,1,-1,-1,1,1,-1,1,1,1,-1,1,1,1,-1,1,1,-1,1,1,1,1,-1,-1,1,-1,-1,-1,1,-1,1,1,-1,1,-1,1,-1,1,-1,-1,-1,1,1,-1,1,1,-1,-1,-1,1,-1,1,1,-1,1,-1,1,-1,-1,-1,-1,-1,-1,1,-1,-1,-1,-1,-1,-1,1,-1,1,1,1,1,-1,1,-1,1,1,-1,-1,-1,1,-1,-1,1,-1,1,-1,-1,1,1,1,1,-1,-1,1,1,1,1,-1,1,-1,-1,1,1,1,-1,-1,-1,-1,1,1,1,-1,-1,-1,1,-1,1,-1,1,-1,-1,-1,1,1,1,-1,-1,-1,-1,1,1,1,1,-1,-1,-1,1,1,1,1,-1,-1,-1,1,-1,1,-1,-1,-1,1,1,1,1,1,-1,-1,-1,1,1,1,1,-1,-1,-1,1,1,-1,1,-1,-1,-1,1,1,1,1,-1,-1,1,1,1,1,-1,-1,1,1,-1,1,1,-1,-1,-1,1,1,1,1,1,-1,1,1,1,1,1,-1,-1,-1,1,-1,1,-1,-1,-1,-1,1,-1,1,1,-1,-1,-1,1,-1,1,1,-1,-1,-1,1,1,1,1,-1,-1,-1,1,-1,1,1,-1,-1,-1,1,1,-1,-1,-1,-1,-1,1,-1,1,-1,-1,-1,-1,-1,-1,-1,1,-1,-1,-1,1,-1,-1,1,-1,-1,-1,-1,-1,1,1,-1,-1,-1,-1,-1,1,-1,-1,-1,1,-1,-1,1,-1,1,-1,-1,-1,-1,-1,-1,-1,1,-1,-1,-1,1,1,1,-1,-1,1,-1,-1,-1,-1,-1,1,-1,-1,1,1,1,-1,-1,-1,-1,1,-1,1,1,-1,1,-1,-1,1,1,-1,-1,-1,-1,-1,-1,1,1,-1,-1,1,-1,1,1,-1,-1,-1,1,-1,1,1,-1,-1,1,-1,-1,1,1,1,-1,1,-1,1,1,1,-1,-1,1,-1,-1,1,1,1,-1,1,-1,-1,1,1,-1,1,1,-1,-1,1,1,1,1,1,-1,-1,1,1,1,1,1,-1,-1,1,1,1,1,-1,1,-1,1,1,1,-1,1,-1,-1,1,-1,1,1,1,1,-1,-1,1,-1,1,1,1,-1,1,1,1,1,-1,1,-1,1,1,1,1,1,1,1,-1,-1,1,1,1,-1,1,-1,1,1,1,1,1,-1,1,1,1,1,-1,1,1,-1,1,1,-1,1,1,-1,-1,1,1,1,1,-1,1,-1,1,1,1,-1,-1,1,-1,1,1,1,-1,1,-1,-1,-1,1,1,-1,-1,1,-1,-1,1,1,-1,-1,1,-1,1,1,1,1,-1,1,-1,-1,1,1,-1,-1,-1,1,1,-1,1,-1,1,1,-1,1,1,-1,-1,1,-1,-1,-1,-1,1,-1,1,1,1,1,1,-1,-1,-1,-1,1,-1,-1,-1,-1,1,-1,1,1,1,-1,1,1,-1,1,1,1,1,-1,1,-1,1,1,1,1,-1,1,-1,1,1,1,1,-1,1,-1,1,1,1,1,-1,1,-1,1,1,-1,-1,-1,1,-1,-1,1,1,-1,-1,-1,1,-1,1,-1,1,-1,1,-1,-1,1,-2670.0,1,2000,445,0,False
1136,1,1,-1,-1,1,1,-1,-1,1,1,1,-1,-1,1,1,1,-1,1,-1,-1,-1,-1,1,1,1,-1,-1,-1,1,1,1,1,1,-1,-1,-1,1,-1,1,1,-1,-1,-1,1,1,1,1,-1,1,1,1,1,-1,1,-1,-1,1,-1,1,1,1,-1,-1,-1,1,1,1,1,-1,-1,-1,1,1,1,1,-1,-1,-1,1,1,1,-1,-1,-1,1,1,1,1,-1,-1,-1,1,1,1,1,-1,-1,1,1,-1,1,1,-1,-1,1,1,1,1,1,-1,-1,1,1,-1,1,1,-1,-1,1,1,1,1,1,1,-1,-1,1,1,-1,1,1,-1,1,1,1,1,1,1,-1,-1,1,1,1,1,1,-1,1,1,1,1,1,1,-1,-1,-1,1,1,1,1,-1,1,1,1,1,-1,1,-1,1,-1,1,1,1,-1,-1,1,1,1,1,1,-1,1,-1,-1,1,-1,1,-1,1,1,1,1,1,1,1,1,1,-1,1,-1,1,-1,1,1,-1,1,-1,1,1,-1,1,-1,1,-1,1,-1,1,1,-1,-1,-1,1,1,1,1,-1,-1,1,1,-1,-1,1,-1,1,-1,-1,1,-1,1,-1,1,-1,1,-1,1,1,-1,1,-1,1,1,-1,1,-1,1,1,1,-1,1,1,-1,1,-1,1,-1,1,-1,1,-1,1,1,-1,1,-1,-1,-1,1,1,-1,1,-1,-1,-1,1,1,-1,-1,1,1,-1,-1,1,1,-1,1,1,-1,1,1,1,1,-1,1,-1,1,1,-1,1,-1,1,1,1,1,1,1,1,1,-1,-1,1,-1,-1,-1,1,1,-1,1,1,1,-1,1,1,1,1,1,1,1,1,-1,1,1,1,-1,1,1,-1,1,1,1,-1,1,1,-1,-1,1,1,1,-1,1,-1,1,1,1,-1,1,1,-1,1,1,1,-1,1,1,-1,1,1,1,-1,1,1,-1,-1,1,1,-1,1,1,-1,1,-1,1,-1,1,1,1,-1,1,1,1,1,1,1,-1,1,1,-1,1,1,1,-1,-1,-1,-1,1,1,1,-1,1,1,-1,1,1,-1,-1,1,1,1,1,1,-1,1,1,1,-1,1,1,1,-1,-1,1,1,1,-1,1,-1,1,1,1,1,1,1,-1,-1,-1,1,-1,-1,1,1,-1,1,1,1,1,1,1,1,-1,1,-1,-1,1,-1,1,-1,1,1,1,1,1,1,-1,-1,1,-1,1,1,1,-1,1,1,1,-1,1,1,-1,-1,1,-1,1,1,1,-1,1,1,1,1,1,1,-1,1,-1,-1,1,1,-1,-1,1,-1,1,1,1,-1,-1,1,-1,1,1,1,-1,-1,1,-1,-1,1,1,-1,-1,1,-1,1,1,1,1,-1,1,1,-1,1,1,1,-1,-1,1,-1,1,1,-1,-1,1,-1,-1,1,-1,1,-1,-1,1,-1,1,-1,1,-1,-1,1,-1,-1,1,1,1,-1,1,-1,1,-1,1,-1,1,-1,-1,-1,1,-1,-1,1,1,1,-1,1,-1,1,1,1,-1,1,1,-1,-1,-1,1,-1,-1,1,-1,-1,1,1,1,-1,1,-1,-1,1,1,-1,-1,1,-1,-1,1,1,-1,-1,1,-1,-1,-1,1,1,-1,1,1,-1,-1,1,-1,-1,1,-1,1,-1,1,1,-1,-1,1,-1,-1,-1,-1,-1,1,1,1,-1,-1,1,-1,-1,1,-1,-1,1,-1,-1,-1,1,-1,-1,1,1,-1,1,1,-1,1,-1,1,-1,-1,1,1,-1,-1,-1,-1,-1,1,-1,-1,1,-1,-1,-1,1,1,-1,-1,-1,-1,-1,1,-1,-1,-1,-1,-1,-1,1,1,-1,-1,-1,-1,1,1,1,-1,-1,-1,-1,-1,1,1,1,-1,-1,-1,-1,1,1,-1,-1,-1,-1,1,1,1,1,-1,-1,1,1,1,1,1,-1,-1,-1,1,1,1,-1,1,-1,1,1,1,1,-1,1,-1,-1,1,-1,1,-1,1,-1,-1,1,-1,1,-1,-1,-1,-1,1,-1,1,-1,1,1,-1,1,-1,1,-1,1,1,-1,1,-1,1,-1,-1,-1,-1,1,1,-1,-1,-1,-1,-1,1,-1,1,-1,-1,-1,-1,-1,-1,-1,1,-1,-1,-1,1,-1,-1,1,-1,-1,-1,-1,-1,-1,1,-1,-1,-1,-1,-1,1,-1,-1,-1,1,-1,-1,1,-1,1,-1,-1,-1,-1,-1,-1,-1,1,-1,-1,-1,1,1,-1,-1,-1,1,-1,-1,-1,-1,-1,1,-1,-1,1,-1,1,-1,-1,-1,-1,1,-1,1,1,-1,1,-1,-1,1,1,-1,-1,-1,-1,-1,-1,1,1,-1,-1,1,-1,1,1,-1,-1,-1,1,-1,-1,1,-1,-1,1,-1,-1,1,1,1,-1,1,-1,1,1,1,-1,-1,1,-1,-1,1,1,1,-1,1,-1,-1,1,1,-1,1,1,-1,-1,1,1,-1,1,1,-1,-1,1,1,1,1,1,-1,-1,1,1,1,1,1,1,-1,-1,1,1,1,1,-1,-1,1,-1,1,1,1,1,-1,-1,1,-1,1,1,1,-1,1,1,1,1,-1,1,-1,1,1,1,1,1,1,1,-1,1,1,1,1,-1,1,-1,1,1,1,1,1,-1,1,1,1,1,-1,1,1,-1,1,1,-1,1,1,-1,-1,1,1,1,1,-1,1,-1,1,1,1,-1,-1,1,-1,1,1,1,-1,1,-1,-1,-1,1,1,-1,-1,1,-1,-1,1,1,-1,-1,1,-1,-1,1,1,1,-1,1,-1,-1,1,1,-1,-1,-1,1,-1,1,1,-1,1,1,-1,1,1,-1,-1,1,-1,-1,-1,1,1,-1,1,1,-1,1,1,-1,-1,-1,-1,1,-1,-1,-1,-1,1,-1,-1,1,1,-1,1,1,-1,1,1,1,1,-1,1,-1,1,1,1,1,-1,1,-1,-1,-1,1,1,-1,1,-1,1,1,1,1,-1,1,-1,1,1,1,-1,-1,1,-1,-1,1,1,-1,-1,-1,1,-1,1,-1,1,-1,1,-1,-1,1,-2670.0,1,2000,445,0,False
1137,1,1,-1,-1,1,-1,-1,-1,1,1,1,-1,1,1,1,1,-1,1,1,-1,1,-1,1,1,1,1,-1,-1,1,1,1,1,-1,-1,-1,-1,1,1,1,1,-1,-1,-1,1,1,1,1,-1,1,1,1,1,-1,1,-1,-1,1,-1,1,1,1,-1,-1,-1,1,1,1,1,-1,1,-1,1,1,1,1,-1,-1,-1,1,1,1,-1,-1,-1,1,1,1,1,-1,1,-1,1,1,1,1,-1,-1,1,1,-1,1,1,-1,-1,1,1,1,1,1,-1,-1,1,1,1,1,1,-1,-1,1,1,1,1,1,1,-1,1,1,1,-1,1,1,-1,1,1,1,1,1,1,-1,-1,1,1,1,1,1,-1,1,1,1,1,1,1,-1,-1,-1,1,1,1,1,-1,1,1,1,1,-1,1,-1,1,-1,1,1,1,-1,-1,1,1,1,1,1,-1,1,-1,-1,1,-1,1,-1,1,1,1,1,1,1,1,1,1,-1,1,-1,1,-1,1,1,-1,1,-1,1,1,-1,1,-1,1,-1,1,-1,1,1,-1,1,-1,1,1,1,1,-1,-1,1,1,-1,-1,1,-1,1,-1,-1,1,-1,1,-1,1,-1,1,-1,-1,1,-1,-1,-1,1,1,-1,1,-1,1,1,1,-1,1,1,-1,1,-1,1,-1,1,-1,1,-1,1,1,-1,1,-1,-1,-1,1,1,-1,1,-1,-1,-1,1,1,-1,-1,1,1,-1,-1,1,1,-1,1,1,-1,1,1,1,1,-1,1,-1,1,1,-1,1,-1,1,1,1,1,1,1,1,1,-1,-1,1,-1,-1,1,1,1,-1,1,1,1,-1,1,1,1,1,1,1,1,1,-1,1,1,1,-1,1,1,-1,1,1,1,-1,1,1,-1,-1,1,1,1,-1,1,-1,1,1,1,-1,1,1,-1,1,1,1,-1,1,1,-1,1,1,1,-1,1,1,-1,-1,1,1,-1,1,1,-1,1,-1,1,-1,1,1,1,-1,1,1,1,-1,1,1,-1,1,1,-1,1,1,1,-1,-1,-1,-1,1,1,1,-1,1,1,-1,1,1,-1,-1,1,1,1,1,1,-1,1,1,1,-1,1,1,1,-1,-1,1,1,1,-1,1,-1,1,1,1,1,1,1,-1,-1,-1,1,-1,-1,1,1,-1,1,1,-1,1,1,1,1,-1,1,-1,-1,1,-1,1,-1,1,1,-1,1,1,1,-1,-1,1,-1,1,1,1,-1,1,1,1,-1,1,1,-1,-1,1,-1,1,1,1,-1,1,1,1,1,1,1,-1,1,-1,-1,1,1,-1,-1,1,-1,-1,1,1,-1,-1,1,-1,1,1,1,-1,-1,1,-1,-1,1,1,-1,-1,1,-1,1,1,1,1,-1,1,-1,-1,-1,1,1,-1,-1,-1,1,-1,1,-1,-1,1,-1,-1,1,-1,1,-1,-1,1,-1,1,-1,1,-1,-1,1,-1,-1,1,1,1,-1,1,-1,1,-1,1,-1,1,-1,-1,-1,1,-1,-1,1,1,1,-1,1,-1,1,1,1,-1,1,1,-1,-1,-1,1,-1,-1,1,-1,-1,1,1,1,-1,1,-1,-1,1,1,-1,-1,1,-1,-1,1,1,-1,-1,1,-1,-1,-1,1,1,-1,1,1,-1,-1,1,-1,-1,1,-1,1,-1,1,1,-1,-1,1,-1,-1,-1,-1,-1,1,1,1,-1,1,1,-1,-1,1,-1,1,-1,-1,-1,1,1,-1,-1,-1,-1,-1,1,1,-1,1,1,-1,-1,-1,1,1,-1,-1,-1,-1,-1,1,-1,-1,1,-1,-1,-1,1,1,-1,-1,-1,-1,-1,1,-1,-1,1,-1,-1,1,1,1,-1,1,-1,-1,-1,1,1,-1,-1,-1,-1,-1,1,1,1,-1,-1,-1,-1,1,1,-1,-1,-1,-1,1,1,1,1,-1,-1,1,1,1,1,1,-1,-1,-1,1,1,1,1,1,-1,1,1,1,1,-1,1,-1,-1,1,-1,1,-1,1,-1,-1,1,-1,1,-1,-1,-1,-1,1,-1,1,-1,1,-1,-1,1,-1,1,-1,1,-1,-1,1,-1,1,-1,-1,-1,-1,1,1,-1,-1,-1,-1,-1,1,-1,1,-1,-1,-1,-1,-1,-1,-1,1,-1,-1,-1,1,-1,-1,1,-1,-1,-1,-1,-1,1,1,-1,-1,-1,-1,-1,1,-1,-1,-1,1,-1,-1,1,-1,1,-1,-1,-1,-1,-1,-1,-1,1,-1,-1,-1,1,1,-1,-1,-1,1,-1,-1,-1,-1,-1,1,-1,-1,1,-1,1,-1,-1,-1,-1,1,-1,1,1,-1,1,-1,-1,1,1,-1,-1,-1,-1,-1,-1,1,1,-1,-1,1,-1,1,1,-1,-1,-1,1,-1,-1,1,-1,-1,1,-1,-1,1,1,1,-1,1,-1,1,1,1,-1,-1,1,-1,-1,1,1,1,-1,1,-1,-1,1,1,-1,1,1,-1,-1,1,1,-1,1,1,-1,-1,1,1,-1,1,1,-1,-1,1,1,1,1,-1,1,-1,-1,1,-1,1,1,-1,-1,1,-1,1,1,1,1,-1,-1,1,-1,1,1,1,-1,1,1,1,1,-1,1,-1,1,1,1,1,1,1,1,-1,1,1,1,1,-1,1,-1,1,1,1,1,1,-1,1,1,1,1,-1,1,1,-1,1,1,-1,1,1,-1,-1,1,1,1,1,-1,1,-1,1,1,1,-1,-1,1,-1,1,1,1,-1,1,-1,-1,-1,1,1,-1,-1,1,-1,-1,1,1,-1,-1,1,-1,-1,1,1,1,-1,1,-1,-1,1,1,-1,-1,-1,1,-1,-1,1,-1,1,1,-1,1,1,-1,-1,1,1,-1,-1,-1,1,-1,1,1,-1,1,1,-1,-1,-1,-1,1,-1,-1,-1,-1,-1,-1,-1,1,1,-1,1,1,-1,1,1,1,1,-1,1,-1,1,1,1,1,-1,1,-1,-1,1,1,1,-1,1,-1,1,1,1,1,-1,1,-1,1,1,-1,-1,-1,1,-1,-1,1,1,-1,-1,-1,1,-1,1,-1,1,-1,1,-1,-1,1,-2670.0,1,2000,445,0,False
1138,1,1,-1,-1,1,-1,-1,-1,1,1,1,-1,1,1,1,1,-1,1,-1,-1,-1,-1,1,1,1,-1,-1,-1,1,1,1,1,-1,-1,-1,-1,1,1,1,1,-1,-1,-1,1,1,1,1,-1,1,1,1,1,-1,1,-1,-1,1,-1,1,1,1,-1,-1,-1,1,1,1,1,-1,1,-1,1,1,1,1,-1,-1,-1,1,1,1,-1,-1,-1,1,1,1,1,-1,1,-1,1,1,1,1,-1,-1,1,1,-1,1,1,-1,-1,1,1,1,1,1,-1,-1,1,1,1,1,1,-1,-1,1,1,1,1,1,1,-1,1,1,1,-1,1,1,-1,1,1,1,1,1,1,-1,-1,1,1,1,1,1,-1,1,1,1,1,1,1,-1,-1,-1,1,1,1,1,-1,1,1,1,1,-1,1,-1,1,-1,1,1,1,-1,-1,1,1,1,1,1,-1,1,-1,-1,1,-1,1,-1,1,1,1,1,1,1,1,1,1,-1,1,-1,1,-1,1,1,-1,1,-1,1,1,-1,1,-1,1,-1,1,-1,1,1,-1,-1,-1,1,1,1,1,-1,-1,1,1,-1,-1,1,-1,1,-1,-1,1,-1,1,-1,1,-1,1,-1,1,1,-1,-1,-1,1,1,-1,1,-1,1,1,1,-1,1,1,-1,1,-1,1,-1,1,-1,1,-1,1,1,-1,1,-1,-1,-1,1,1,-1,1,-1,-1,-1,1,1,-1,-1,1,1,-1,-1,1,1,-1,1,1,-1,1,1,1,1,-1,1,-1,1,1,-1,1,-1,1,-1,1,1,1,1,1,1,-1,-1,1,-1,-1,-1,1,1,-1,1,1,1,-1,1,1,1,1,1,1,-1,1,-1,1,1,1,-1,-1,1,-1,1,1,1,-1,1,1,-1,-1,1,1,1,-1,1,-1,1,1,1,-1,1,1,-1,1,1,1,-1,1,1,-1,1,1,1,-1,1,1,-1,-1,1,1,-1,1,1,-1,1,-1,1,-1,1,1,1,-1,1,1,1,-1,1,1,-1,1,1,-1,1,1,1,-1,-1,-1,-1,1,1,1,-1,1,1,-1,1,1,-1,-1,1,1,1,1,1,-1,1,1,1,-1,1,1,1,-1,-1,1,1,1,-1,1,-1,1,-1,1,1,1,1,-1,-1,-1,1,-1,-1,1,1,-1,1,1,1,1,1,1,1,-1,1,-1,-1,1,-1,1,-1,1,1,-1,1,1,1,-1,-1,1,-1,1,1,1,-1,1,1,1,-1,1,1,-1,-1,1,-1,1,1,1,-1,1,1,1,1,1,1,-1,1,-1,1,1,1,-1,1,1,-1,1,1,1,-1,-1,1,-1,1,1,1,-1,-1,1,1,-1,1,1,-1,-1,1,-1,1,1,1,1,-1,1,-1,-1,1,1,1,-1,1,-1,-1,1,1,-1,-1,1,-1,-1,1,-1,1,-1,-1,1,-1,1,-1,1,-1,1,1,-1,-1,1,1,1,-1,1,-1,1,-1,-1,-1,1,-1,-1,-1,1,-1,-1,1,1,1,-1,1,-1,1,1,1,-1,1,1,-1,1,-1,1,-1,-1,1,-1,-1,1,1,1,-1,1,-1,-1,1,1,-1,-1,1,-1,-1,1,1,-1,-1,1,-1,-1,-1,1,1,-1,1,1,-1,-1,1,-1,-1,1,-1,1,-1,1,1,-1,-1,1,-1,-1,-1,-1,-1,1,1,1,-1,-1,1,-1,-1,1,-1,-1,1,-1,-1,1,1,-1,-1,1,-1,-1,1,1,-1,1,-1,-1,-1,-1,1,1,-1,-1,-1,-1,-1,1,-1,-1,1,-1,-1,-1,1,1,-1,-1,-1,-1,-1,1,-1,-1,-1,-1,-1,-1,1,1,-1,-1,-1,-1,1,1,1,-1,-1,-1,-1,-1,1,1,1,-1,-1,-1,-1,1,1,-1,-1,-1,-1,1,1,1,1,-1,-1,1,1,1,1,1,-1,-1,-1,1,1,1,-1,1,-1,1,1,1,1,-1,1,-1,-1,1,-1,1,-1,1,-1,-1,1,-1,1,-1,-1,-1,-1,1,-1,1,-1,1,-1,-1,1,-1,1,-1,1,-1,-1,1,-1,1,-1,-1,-1,-1,1,1,-1,-1,-1,-1,-1,1,-1,1,-1,-1,-1,-1,-1,-1,-1,1,-1,-1,-1,1,-1,-1,1,-1,-1,-1,-1,-1,-1,1,-1,-1,-1,-1,-1,1,-1,-1,-1,1,-1,-1,1,-1,1,-1,-1,-1,-1,-1,-1,-1,1,-1,-1,-1,1,1,1,-1,-1,1,1,-1,-1,-1,-1,1,-1,-1,1,-1,1,-1,-1,-1,-1,1,-1,1,1,-1,1,-1,-1,1,1,-1,-1,-1,-1,-1,-1,1,1,-1,-1,1,-1,1,1,-1,-1,-1,1,-1,1,1,-1,-1,1,-1,-1,1,1,1,-1,1,-1,1,1,1,-1,-1,1,-1,-1,1,1,1,-1,1,-1,-1,1,1,-1,1,1,-1,-1,1,1,-1,1,1,-1,-1,1,1,-1,1,1,-1,-1,1,1,1,1,1,1,-1,1,1,1,1,1,-1,-1,1,-1,1,1,1,1,-1,-1,1,-1,1,1,1,-1,1,-1,1,1,-1,1,-1,1,1,1,1,1,1,1,-1,-1,1,1,1,-1,1,-1,1,1,1,1,1,-1,1,-1,1,1,-1,1,1,-1,1,1,-1,1,1,-1,-1,1,1,1,1,-1,1,-1,-1,1,1,-1,-1,1,-1,1,1,1,-1,1,-1,-1,-1,1,1,-1,-1,1,-1,-1,1,1,1,-1,1,-1,-1,1,1,1,-1,1,-1,-1,1,1,-1,-1,-1,1,-1,-1,1,-1,1,1,-1,1,1,-1,-1,1,-1,-1,-1,-1,1,-1,1,1,-1,1,1,-1,-1,-1,-1,1,-1,-1,-1,-1,1,-1,-1,1,1,-1,1,1,-1,1,1,1,1,-1,1,-1,1,1,1,1,-1,1,-1,-1,1,1,1,-1,1,-1,1,1,1,1,-1,1,-1,1,1,1,-1,-1,1,-1,-1,1,1,-1,-1,-1,1,-1,1,-1,1,-1,1,-1,-1,1,-2670.0,1,2000,445,1000,False
1139,1,1,-1,-1,1,1,-1,-1,1,1,1,-1,-1,1,1,1,-1,1,-1,-1,-1,-1,1,1,1,-1,-1,-1,1,1,1,1,-1,-1,-1,-1,1,-1,1,1,-1,-1,-1,1,1,1,1,-1,1,1,1,1,-1,1,-1,-1,1,-1,1,1,1,-1,-1,-1,1,1,1,1,-1,-1,-1,1,1,1,1,-1,-1,-1,1,1,1,-1,-1,-1,1,1,1,1,-1,-1,-1,1,1,1,1,-1,-1,1,1,-1,1,1,-1,-1,1,1,1,1,1,-1,-1,1,1,-1,1,1,-1,-1,1,1,1,1,1,1,-1,1,1,1,-1,1,1,-1,1,1,1,1,1,1,-1,-1,1,1,1,1,1,-1,1,1,1,1,1,1,-1,-1,-1,1,1,1,1,-1,1,1,1,1,-1,1,-1,1,-1,1,1,1,-1,-1,1,1,1,1,1,-1,1,-1,-1,1,1,1,-1,1,1,1,1,-1,1,1,1,1,-1,1,-1,1,-1,1,1,-1,1,-1,1,1,-1,1,-1,1,-1,1,-1,1,1,-1,1,-1,1,1,1,1,-1,-1,1,1,-1,-1,1,-1,1,1,-1,1,-1,1,-1,1,-1,1,-1,-1,1,-1,1,1,1,1,-1,1,-1,1,1,1,-1,1,1,-1,1,-1,1,-1,1,-1,1,-1,1,1,-1,1,-1,-1,-1,1,1,-1,1,-1,-1,-1,-1,1,-1,-1,1,1,-1,-1,1,1,-1,1,1,-1,1,1,1,1,-1,1,-1,1,1,-1,1,-1,1,1,-1,1,1,1,1,1,-1,-1,1,-1,-1,1,1,1,-1,1,1,1,-1,1,-1,-1,1,1,1,1,1,-1,1,1,1,-1,1,1,-1,-1,1,1,-1,1,1,-1,1,-1,1,1,-1,1,-1,1,1,1,-1,1,1,-1,1,1,1,-1,1,-1,-1,1,1,1,-1,1,-1,-1,1,1,1,-1,1,-1,-1,-1,-1,1,-1,1,1,-1,1,1,1,1,-1,1,-1,-1,-1,1,-1,1,-1,-1,1,-1,-1,-1,1,1,-1,1,-1,1,-1,1,-1,1,-1,1,1,1,1,-1,1,-1,1,1,-1,1,-1,-1,-1,-1,1,1,-1,1,-1,-1,1,-1,1,-1,-1,-1,1,-1,-1,1,-1,1,-1,1,-1,1,1,-1,-1,-1,1,1,-1,1,-1,1,-1,-1,1,-1,1,-1,-1,-1,-1,1,-1,-1,1,1,-1,-1,-1,-1,1,1,-1,1,-1,1,-1,1,-1,1,-1,-1,1,-1,1,-1,-1,-1,1,1,-1,1,-1,1,-1,1,-1,1,1,1,1,-1,1,-1,-1,1,-1,-1,-1,1,-1,1,-1,1,1,-1,1,-1,-1,1,-1,-1,1,-1,1,-1,1,-1,1,-1,1,1,-1,-1,-1,1,-1,1,-1,-1,1,-1,1,1,1,1,-1,-1,1,1,-1,1,1,-1,-1,1,1,1,-1,1,1,-1,1,1,1,1,-1,-1,1,-1,-1,-1,1,-1,-1,1,-1,1,-1,1,-1,1,-1,-1,-1,1,1,-1,1,1,-1,-1,-1,1,-1,1,1,-1,1,-1,1,-1,-1,-1,-1,-1,-1,1,-1,-1,-1,-1,-1,-1,1,-1,1,1,1,1,-1,1,-1,1,1,-1,-1,-1,1,-1,-1,1,-1,1,-1,-1,1,1,1,1,-1,-1,1,1,1,1,-1,1,-1,-1,1,1,1,-1,-1,-1,-1,1,1,1,-1,1,-1,1,-1,1,-1,1,1,-1,-1,1,1,1,-1,-1,-1,1,1,1,1,1,-1,-1,-1,1,1,1,1,-1,-1,-1,1,-1,1,-1,-1,-1,-1,1,1,1,1,-1,-1,-1,1,-1,1,1,-1,-1,-1,1,1,-1,1,-1,-1,-1,1,1,1,1,-1,-1,1,-1,1,-1,-1,-1,1,1,-1,1,1,-1,-1,-1,1,1,-1,1,1,-1,1,1,1,-1,1,-1,-1,-1,1,-1,1,-1,-1,-1,-1,-1,1,-1,1,-1,-1,-1,-1,1,-1,1,-1,1,-1,1,1,-1,1,-1,1,1,-1,-1,-1,1,-1,-1,-1,1,1,1,-1,-1,-1,-1,1,-1,-1,1,-1,-1,-1,-1,-1,-1,1,-1,-1,-1,1,-1,-1,1,-1,-1,-1,-1,-1,1,1,-1,-1,-1,-1,-1,1,-1,-1,-1,1,-1,-1,1,-1,1,-1,-1,-1,-1,-1,-1,-1,1,-1,-1,-1,1,1,-1,-1,-1,1,-1,1,-1,-1,-1,1,-1,-1,1,1,1,-1,-1,-1,-1,1,-1,1,1,-1,1,-1,-1,1,1,-1,-1,-1,-1,-1,-1,1,1,-1,-1,1,-1,1,1,-1,-1,-1,1,-1,-1,1,-1,-1,1,-1,-1,1,1,1,-1,1,-1,1,1,1,-1,-1,1,-1,-1,1,1,1,-1,1,-1,-1,1,1,-1,1,1,-1,-1,1,1,1,1,1,-1,-1,1,1,-1,1,1,-1,-1,1,1,1,1,-1,1,-1,1,1,1,1,1,-1,-1,1,-1,1,1,1,1,-1,-1,1,-1,1,1,1,-1,1,1,1,1,-1,1,-1,1,1,1,1,1,1,1,-1,-1,1,1,1,-1,1,-1,1,1,1,1,1,-1,1,1,1,1,-1,1,1,-1,1,1,-1,1,1,-1,-1,1,1,1,1,-1,1,-1,1,1,1,-1,-1,1,-1,1,1,1,-1,1,-1,-1,-1,1,1,-1,-1,1,-1,-1,1,1,-1,-1,1,-1,1,1,1,1,-1,-1,-1,-1,1,1,-1,-1,-1,1,1,1,1,-1,1,1,-1,1,1,-1,-1,1,1,-1,-1,1,1,-1,1,1,1,1,1,-1,-1,-1,-1,-1,-1,-1,-1,-1,-1,1,1,1,1,-1,1,1,-1,1,1,1,1,-1,1,-1,1,1,1,1,-1,1,-1,1,1,1,1,-1,1,-1,1,1,1,1,-1,1,-1,1,-1,1,-1,-1,1,-1,1,1,1,-1,-1,-1,1,-1,1,1,1,-1,1,-1,1,1,-2670.0,1,2000,445,0,False
1140,1,1,-1,-1,1,1,-1,-1,1,1,1,-1,1,1,1,1,-1,1,-1,-1,1,-1,1,1,1,-1,-1,-1,1,1,1,1,1,-1,-1,-1,1,1,1,1,-1,-1,-1,1,1,1,1,-1,1,1,1,1,-1,1,-1,-1,1,-1,1,1,-1,-1,-1,-1,1,1,1,1,-1,-1,-1,1,1,1,1,-1,-1,-1,1,1,1,-1,-1,-1,1,1,1,1,-1,1,-1,1,1,1,1,-1,-1,1,1,-1,1,1,-1,-1,1,1,1,1,1,-1,-1,1,1,1,1,1,-1,-1,1,1,1,1,1,1,-1,1,1,1,-1,1,1,-1,1,1,1,1,1,1,-1,-1,1,1,1,1,1,-1,1,1,1,1,1,1,-1,-1,-1,1,1,1,1,-1,1,1,1,1,-1,1,-1,1,-1,1,1,1,-1,-1,1,1,1,1,1,-1,1,-1,-1,1,-1,1,-1,1,1,1,1,1,1,1,1,1,-1,1,-1,1,-1,1,1,-1,1,-1,1,1,-1,1,-1,1,-1,1,-1,1,1,-1,1,-1,1,1,1,1,-1,-1,1,1,-1,-1,1,-1,1,-1,1,1,-1,1,-1,1,-1,1,-1,1,1,-1,1,-1,1,1,-1,1,-1,1,1,1,-1,1,1,-1,-1,-1,1,-1,1,-1,1,-1,1,1,-1,1,-1,-1,-1,1,1,-1,1,-1,-1,-1,1,1,-1,-1,1,1,-1,-1,1,1,-1,1,1,-1,1,1,1,1,-1,1,-1,1,1,-1,1,-1,1,-1,1,1,1,1,1,1,-1,-1,1,-1,-1,-1,1,1,-1,1,1,1,-1,1,1,1,1,1,1,1,1,-1,1,1,1,-1,1,1,-1,1,1,1,-1,1,1,-1,-1,1,1,1,-1,1,-1,1,1,1,-1,1,1,-1,1,1,1,-1,1,1,-1,1,1,1,-1,1,1,1,-1,1,1,-1,1,1,-1,1,-1,1,-1,1,1,1,-1,1,1,1,-1,1,1,-1,1,1,-1,1,1,1,-1,-1,-1,-1,1,1,1,-1,1,1,-1,1,1,-1,-1,1,1,1,1,1,-1,1,1,1,-1,1,1,1,-1,-1,1,1,1,-1,1,-1,1,1,1,1,1,1,-1,-1,-1,1,-1,-1,1,1,-1,1,1,-1,1,1,1,1,-1,1,-1,-1,1,-1,1,-1,1,1,1,1,1,1,-1,-1,1,-1,1,1,1,-1,1,1,1,-1,1,1,-1,-1,1,-1,1,1,1,-1,1,1,1,1,1,1,-1,1,-1,-1,1,1,-1,-1,1,-1,1,1,1,-1,-1,1,-1,1,1,1,-1,-1,1,-1,-1,1,1,-1,-1,1,-1,1,1,1,1,-1,1,1,-1,1,1,1,-1,-1,1,1,1,1,-1,-1,1,1,-1,1,-1,1,-1,-1,1,-1,1,-1,1,-1,-1,1,-1,-1,1,1,1,-1,1,-1,1,-1,1,-1,1,-1,-1,-1,1,-1,-1,-1,1,1,-1,1,-1,1,1,1,-1,1,1,-1,-1,-1,1,-1,-1,1,-1,-1,1,1,1,-1,1,-1,-1,1,1,-1,-1,1,-1,-1,1,1,-1,-1,1,-1,-1,-1,1,1,-1,1,1,-1,-1,1,-1,-1,1,-1,1,-1,1,1,-1,-1,1,-1,-1,-1,-1,-1,1,1,1,-1,-1,1,-1,-1,1,-1,-1,1,-1,-1,-1,1,-1,-1,1,-1,-1,1,1,-1,1,-1,1,-1,-1,1,1,-1,-1,-1,-1,1,1,-1,-1,1,-1,-1,-1,1,1,-1,-1,-1,-1,-1,1,-1,-1,-1,-1,-1,1,1,1,-1,-1,-1,-1,-1,1,1,-1,-1,-1,-1,-1,1,1,1,-1,-1,-1,-1,1,1,-1,-1,-1,-1,1,1,1,1,-1,-1,1,1,1,1,1,-1,-1,-1,1,1,1,-1,1,-1,1,1,1,1,-1,1,-1,-1,1,-1,1,-1,1,-1,-1,1,-1,1,-1,-1,-1,-1,1,-1,1,-1,1,-1,-1,1,-1,1,-1,1,-1,-1,1,-1,1,-1,-1,-1,-1,1,1,-1,-1,-1,-1,-1,1,-1,1,-1,-1,-1,-1,-1,-1,-1,1,-1,-1,-1,1,-1,-1,1,-1,-1,-1,-1,-1,-1,1,-1,-1,-1,-1,-1,1,-1,-1,-1,1,-1,-1,1,-1,1,-1,-1,-1,-1,-1,-1,-1,1,-1,-1,-1,1,1,1,-1,-1,-1,1,-1,-1,-1,-1,1,-1,-1,1,1,1,-1,-1,-1,-1,1,-1,1,1,-1,1,-1,-1,1,1,-1,-1,-1,-1,-1,-1,1,1,-1,-1,1,-1,1,1,-1,-1,-1,1,-1,-1,1,-1,-1,1,-1,-1,1,1,1,-1,1,-1,1,1,1,-1,-1,1,-1,-1,1,1,1,-1,1,-1,-1,1,1,-1,1,1,-1,-1,1,1,1,1,1,-1,-1,1,1,1,1,1,-1,-1,1,1,1,1,1,1,-1,-1,1,1,-1,1,-1,-1,1,-1,1,1,1,1,-1,-1,1,-1,1,1,1,-1,1,1,1,1,-1,1,-1,1,1,1,1,1,1,1,-1,1,1,1,1,-1,1,-1,1,1,1,1,1,-1,1,1,1,1,-1,1,1,-1,1,1,-1,1,1,-1,-1,1,1,1,1,-1,1,-1,1,1,1,-1,-1,1,-1,1,1,1,-1,1,-1,-1,-1,1,1,-1,-1,1,-1,-1,1,1,-1,-1,1,-1,-1,1,1,1,-1,1,-1,-1,1,1,-1,-1,-1,1,-1,1,1,-1,1,1,-1,1,1,-1,-1,1,1,-1,-1,-1,1,-1,1,1,-1,1,1,-1,-1,-1,-1,1,-1,-1,-1,-1,1,-1,-1,1,1,-1,1,1,-1,1,1,1,1,-1,1,-1,1,1,1,1,-1,1,-1,-1,-1,1,1,-1,1,-1,1,1,1,1,-1,1,-1,1,1,-1,-1,-1,1,-1,-1,1,1,-1,-1,-1,1,-1,1,-1,1,-1,1,-1,-1,1,-2670.0,1,2000,445,0,False
1141,1,1,-1,-1,1,-1,1,-1,1,1,1,-1,1,1,1,1,-1,1,1,-1,1,-1,1,1,1,1,-1,-1,1,1,1,1,-1,-1,-1,-1,1,1,1,1,-1,-1,-1,1,1,1,1,-1,1,1,1,1,-1,1,-1,-1,1,-1,1,1,1,-1,-1,-1,1,1,1,1,-1,-1,-1,1,1,1,1,-1,-1,-1,1,1,1,-1,-1,-1,1,1,1,1,-1,-1,-1,1,1,1,1,-1,-1,1,1,-1,1,1,-1,-1,1,1,1,1,1,-1,-1,1,1,-1,1,1,-1,-1,1,1,1,1,1,1,-1,-1,1,1,-1,1,1,-1,1,1,1,1,1,1,-1,-1,1,1,1,1,1,-1,1,1,1,1,1,1,-1,-1,-1,1,1,1,1,-1,1,1,1,1,-1,1,-1,1,-1,1,1,1,-1,-1,1,1,1,1,1,-1,1,-1,-1,1,-1,1,-1,1,1,1,1,1,1,1,1,1,-1,1,-1,1,-1,1,1,-1,1,-1,1,1,-1,1,-1,1,-1,1,-1,1,1,-1,1,-1,1,1,1,1,-1,-1,1,1,-1,-1,1,-1,1,-1,-1,1,-1,1,-1,1,-1,1,-1,-1,1,-1,-1,-1,1,1,-1,1,-1,1,1,1,-1,1,1,-1,1,-1,1,-1,1,-1,1,-1,1,1,-1,1,-1,-1,-1,1,1,-1,1,-1,-1,-1,1,1,-1,-1,1,1,-1,-1,1,1,-1,1,1,-1,1,1,1,1,-1,1,-1,1,1,-1,1,-1,1,1,-1,1,1,1,1,1,-1,-1,1,-1,-1,-1,1,1,-1,1,1,1,-1,1,-1,-1,1,1,1,1,1,-1,1,1,1,-1,1,1,-1,1,1,1,-1,1,1,-1,1,-1,1,1,-1,1,-1,1,1,1,-1,1,1,-1,1,1,1,-1,1,-1,-1,1,1,1,-1,1,-1,-1,1,1,1,-1,1,-1,-1,-1,-1,1,-1,1,1,-1,1,1,1,1,-1,1,-1,-1,-1,1,-1,1,-1,-1,1,-1,-1,-1,1,1,-1,1,-1,1,-1,1,-1,1,-1,1,1,1,1,-1,1,-1,1,1,-1,1,-1,-1,-1,-1,1,1,1,1,-1,-1,1,1,1,1,-1,-1,1,-1,-1,1,-1,1,-1,1,-1,1,1,1,-1,-1,1,1,-1,1,-1,1,-1,-1,1,-1,1,1,-1,-1,-1,1,-1,-1,1,1,-1,-1,-1,-1,1,1,-1,1,-1,1,-1,-1,1,1,-1,1,1,-1,1,1,-1,-1,1,1,-1,1,-1,1,-1,1,-1,-1,1,-1,1,-1,1,-1,-1,1,-1,-1,-1,1,-1,-1,1,-1,1,-1,1,-1,-1,1,-1,-1,1,-1,1,-1,1,1,1,-1,1,1,-1,-1,1,1,-1,1,-1,-1,1,1,1,1,1,1,-1,-1,1,1,-1,1,1,-1,-1,1,1,1,-1,1,1,-1,1,1,1,1,1,1,1,-1,-1,-1,1,-1,-1,1,1,1,-1,1,-1,1,-1,-1,-1,1,1,-1,1,1,-1,-1,-1,1,-1,1,1,-1,1,-1,1,-1,-1,-1,-1,-1,-1,1,-1,-1,-1,-1,-1,-1,1,-1,1,1,1,1,-1,1,-1,1,1,-1,-1,-1,1,-1,-1,1,-1,1,-1,-1,1,1,1,1,-1,-1,1,1,1,1,-1,1,-1,-1,1,1,1,-1,-1,-1,1,1,1,1,-1,1,-1,1,-1,1,-1,1,1,-1,-1,1,1,1,-1,-1,-1,-1,1,1,1,1,-1,-1,-1,1,1,1,1,-1,-1,-1,1,-1,1,-1,-1,-1,1,1,1,1,1,-1,-1,-1,1,-1,1,1,-1,-1,-1,1,1,-1,1,-1,-1,-1,1,1,1,1,-1,-1,1,1,1,-1,1,-1,1,1,-1,1,1,-1,-1,-1,1,1,-1,1,1,-1,1,1,1,-1,1,-1,-1,-1,1,-1,1,-1,-1,-1,-1,1,1,-1,1,-1,-1,-1,1,-1,-1,1,-1,-1,-1,1,1,-1,1,-1,-1,-1,1,-1,-1,1,-1,-1,-1,1,1,1,-1,-1,-1,-1,1,-1,-1,1,-1,-1,-1,-1,-1,-1,1,-1,-1,-1,1,-1,-1,1,-1,-1,-1,-1,-1,1,1,-1,-1,-1,-1,-1,1,-1,-1,-1,1,-1,-1,1,-1,1,-1,-1,-1,-1,-1,-1,-1,1,-1,-1,-1,1,1,-1,-1,-1,1,-1,1,-1,-1,-1,1,-1,-1,1,-1,1,-1,-1,-1,-1,1,-1,1,1,-1,1,-1,-1,1,1,-1,-1,-1,-1,-1,-1,1,1,-1,-1,1,-1,1,1,-1,-1,-1,1,-1,-1,1,-1,-1,1,-1,-1,1,1,1,-1,1,-1,1,1,1,-1,-1,1,-1,-1,1,-1,1,-1,1,-1,-1,1,1,-1,1,1,-1,-1,1,1,-1,1,1,-1,-1,1,1,-1,1,1,-1,-1,1,1,1,1,-1,1,-1,-1,1,-1,1,1,-1,-1,1,-1,1,1,1,1,-1,-1,1,-1,1,1,1,-1,1,1,1,1,-1,1,-1,1,1,1,1,1,1,1,-1,1,1,1,1,-1,1,-1,1,1,1,1,1,-1,1,1,1,1,-1,1,1,-1,1,1,-1,1,1,-1,-1,1,1,1,1,-1,1,-1,1,1,1,-1,-1,1,-1,1,1,1,-1,1,-1,-1,-1,1,1,-1,-1,1,-1,-1,1,1,-1,-1,1,-1,-1,1,1,1,1,-1,-1,-1,1,1,-1,-1,-1,1,-1,-1,1,-1,1,1,-1,1,1,-1,-1,1,1,-1,-1,1,1,-1,1,1,-1,1,1,-1,-1,-1,-1,1,-1,-1,-1,-1,-1,-1,-1,1,1,-1,1,1,-1,1,1,1,1,-1,1,-1,1,1,1,1,-1,1,-1,-1,-1,1,1,-1,1,-1,1,1,1,1,-1,1,-1,1,1,-1,-1,-1,1,-1,-1,1,1,-1,-1,-1,1,-1,1,-1,1,-1,1,-1,-1,1,-2670.0,1,2000,445,0,False
1142,1,1,-1,-1,1,-1,-1,-1,1,1,1,-1,1,1,1,1,-1,1,-1,-1,-1,-1,1,1,1,-1,1,-1,1,1,1,1,1,-1,-1,-1,1,1,1,1,-1,-1,-1,1,1,1,1,-1,1,1,1,1,-1,1,-1,-1,1,-1,1,1,-1,-1,-1,-1,1,1,1,1,-1,-1,-1,1,1,1,1,-1,-1,-1,1,1,1,-1,-1,-1,1,1,1,1,-1,-1,-1,1,1,1,1,-1,-1,1,1,-1,1,1,-1,-1,1,1,1,1,1,-1,-1,-1,1,1,1,1,-1,-1,1,1,1,1,1,1,-1,-1,1,1,-1,1,1,-1,1,1,1,1,1,1,-1,1,1,1,1,1,1,-1,1,1,1,1,1,1,-1,-1,-1,1,1,1,1,-1,1,1,1,1,-1,1,-1,1,-1,1,1,1,-1,-1,1,1,1,1,1,-1,1,-1,-1,1,-1,1,-1,1,1,1,1,1,1,1,1,1,-1,1,-1,1,-1,1,1,-1,1,-1,1,1,-1,1,-1,1,-1,1,-1,1,1,-1,1,-1,1,1,1,1,-1,-1,1,1,-1,-1,1,-1,1,-1,-1,1,-1,1,-1,1,-1,1,-1,-1,1,-1,-1,-1,1,1,-1,1,-1,1,1,1,-1,1,1,-1,1,-1,1,-1,1,-1,1,-1,1,1,-1,1,-1,-1,-1,1,1,-1,1,-1,-1,-1,1,1,-1,-1,1,1,-1,-1,1,1,-1,1,1,-1,1,1,1,1,-1,1,-1,1,1,-1,1,-1,1,1,-1,1,1,1,1,1,-1,-1,1,-1,-1,-1,1,1,-1,1,1,1,-1,1,-1,-1,1,1,1,1,1,-1,1,1,1,-1,1,1,-1,1,1,1,-1,1,1,-1,-1,1,1,1,-1,1,-1,1,1,1,-1,1,1,-1,1,1,1,-1,1,-1,-1,1,1,1,-1,1,-1,-1,-1,1,1,-1,1,-1,-1,1,-1,1,-1,1,1,-1,-1,1,1,1,-1,1,-1,-1,1,1,-1,1,-1,-1,-1,-1,-1,-1,1,-1,-1,-1,1,1,-1,1,-1,-1,-1,1,1,1,1,-1,-1,1,1,1,-1,1,-1,-1,-1,-1,1,1,1,1,-1,-1,1,1,1,1,-1,-1,1,-1,-1,1,-1,1,-1,-1,1,-1,1,1,-1,-1,1,1,-1,1,-1,1,-1,-1,1,-1,1,1,-1,-1,-1,1,-1,-1,1,1,-1,-1,1,-1,1,1,-1,1,-1,1,-1,-1,1,1,-1,-1,1,-1,1,1,-1,-1,1,1,-1,1,-1,1,-1,1,-1,-1,1,-1,1,-1,1,-1,-1,1,-1,-1,-1,1,-1,-1,1,1,1,-1,1,-1,-1,1,-1,-1,1,-1,1,-1,1,1,1,-1,1,1,-1,-1,-1,1,-1,1,-1,-1,1,-1,1,1,1,1,-1,-1,1,1,-1,1,1,-1,-1,1,1,1,-1,1,1,-1,1,1,1,1,-1,1,1,-1,-1,-1,1,-1,1,1,1,1,-1,1,-1,1,-1,-1,-1,1,1,-1,1,1,-1,-1,-1,1,-1,1,1,-1,1,-1,1,-1,-1,-1,-1,-1,-1,1,-1,-1,-1,-1,-1,-1,1,-1,1,1,1,1,-1,1,-1,1,1,-1,-1,-1,1,-1,-1,1,-1,1,-1,-1,1,1,1,1,-1,-1,1,1,1,1,-1,1,-1,-1,1,1,1,-1,-1,-1,1,1,1,1,-1,-1,-1,1,-1,1,-1,1,1,-1,-1,1,1,1,-1,-1,-1,-1,1,1,1,1,-1,-1,-1,1,1,1,1,-1,-1,-1,1,1,1,-1,-1,-1,1,1,1,1,1,-1,-1,-1,1,1,1,1,-1,-1,-1,1,1,-1,1,-1,-1,-1,1,1,1,1,-1,-1,1,1,1,1,-1,-1,1,1,-1,1,1,-1,-1,-1,1,1,1,1,1,-1,1,1,1,1,1,-1,-1,-1,1,-1,1,-1,-1,-1,-1,1,-1,1,1,-1,-1,-1,1,-1,1,1,-1,-1,-1,1,1,1,1,-1,-1,-1,1,-1,1,1,-1,-1,-1,1,1,-1,-1,-1,-1,-1,1,-1,1,-1,-1,-1,-1,-1,-1,-1,1,-1,-1,-1,1,-1,-1,1,-1,-1,-1,-1,-1,-1,1,-1,-1,-1,-1,-1,1,-1,-1,-1,1,-1,-1,1,-1,1,-1,-1,-1,-1,-1,-1,-1,1,-1,-1,-1,1,1,1,-1,-1,1,-1,-1,-1,-1,-1,1,-1,-1,1,1,1,-1,-1,-1,-1,1,-1,1,1,-1,1,-1,-1,1,1,-1,-1,-1,-1,-1,-1,1,1,-1,-1,1,-1,1,1,-1,-1,-1,1,-1,1,1,-1,-1,1,-1,-1,1,1,1,-1,1,-1,1,1,1,-1,-1,1,-1,-1,1,-1,1,-1,1,-1,-1,1,1,-1,1,1,-1,-1,1,1,1,1,1,-1,-1,1,1,1,1,1,-1,-1,1,1,1,1,-1,1,-1,-1,1,1,-1,1,-1,-1,1,-1,1,1,1,1,-1,-1,1,-1,1,1,1,-1,1,1,1,1,-1,1,-1,1,1,1,1,1,1,1,-1,1,1,1,1,-1,1,-1,1,1,1,1,1,-1,1,1,1,1,-1,1,1,-1,1,1,-1,1,1,-1,-1,1,1,1,1,-1,1,-1,1,1,1,-1,-1,1,-1,1,1,1,-1,1,-1,-1,-1,1,1,-1,-1,1,-1,-1,1,1,1,-1,1,-1,-1,1,1,1,-1,1,-1,-1,1,1,-1,-1,-1,1,-1,-1,1,-1,1,1,-1,1,1,-1,-1,1,-1,-1,-1,1,1,-1,1,1,-1,1,1,-1,-1,-1,-1,1,-1,-1,-1,-1,1,-1,-1,1,1,-1,1,1,-1,1,1,1,1,-1,1,-1,1,1,1,-1,-1,1,-1,-1,1,1,-1,-1,1,-1,1,1,1,-1,-1,1,-1,1,1,1,1,-1,1,-1,-1,1,1,-1,-1,-1,1,-1,1,-1,1,-1,1,-1,-1,1,-2670.0,1,2000,445,0,False
1143,1,1,-1,-1,1,1,-1,-1,1,1,1,-1,1,1,1,1,-1,1,-1,-1,-1,-1,1,1,1,-1,1,-1,1,1,1,1,-1,-1,-1,-1,1,-1,1,1,-1,-1,-1,1,1,1,1,-1,1,1,1,1,-1,1,-1,-1,1,-1,1,1,1,-1,-1,-1,1,1,1,1,-1,-1,-1,1,1,1,1,-1,-1,-1,1,1,1,-1,-1,-1,1,1,1,1,-1,-1,1,1,1,1,1,-1,-1,-1,1,-1,1,1,-1,-1,1,1,1,1,1,-1,-1,-1,1,1,1,1,-1,-1,1,1,1,1,1,1,-1,-1,1,1,-1,1,1,-1,1,1,1,1,1,1,-1,1,1,1,1,1,1,-1,1,1,1,1,1,1,-1,-1,-1,1,1,1,1,-1,1,1,1,1,-1,1,-1,1,-1,1,1,1,-1,-1,1,1,1,1,1,-1,1,-1,-1,1,-1,1,-1,1,1,1,1,1,1,1,1,1,-1,1,-1,1,-1,1,1,-1,1,-1,1,1,-1,1,-1,1,-1,1,-1,1,1,-1,1,-1,1,1,1,1,-1,-1,1,1,-1,-1,1,-1,1,-1,-1,1,-1,1,-1,1,-1,1,-1,1,1,-1,-1,-1,1,1,-1,1,-1,1,1,1,-1,1,1,-1,1,-1,1,-1,1,-1,1,-1,1,1,-1,1,-1,-1,-1,1,1,-1,1,-1,-1,-1,1,1,-1,-1,1,1,-1,-1,1,1,-1,1,1,-1,1,1,1,-1,-1,1,-1,1,1,-1,1,-1,1,1,-1,1,1,-1,-1,1,-1,-1,1,-1,1,-1,1,1,-1,1,1,1,-1,1,-1,-1,1,1,-1,-1,1,-1,1,1,1,1,-1,1,-1,1,1,1,-1,1,1,-1,-1,1,1,-1,-1,1,-1,1,1,1,1,1,1,-1,1,1,1,1,1,-1,-1,1,1,1,1,1,-1,-1,-1,1,1,1,1,-1,-1,1,-1,1,-1,1,1,-1,-1,1,1,1,1,1,-1,-1,1,1,1,-1,-1,-1,-1,-1,-1,-1,1,1,-1,-1,1,1,-1,1,-1,-1,-1,1,1,1,1,-1,-1,1,1,1,-1,1,-1,-1,-1,-1,1,1,1,1,-1,-1,1,-1,1,1,-1,-1,1,-1,-1,1,-1,1,-1,-1,1,-1,1,1,-1,-1,1,1,-1,1,-1,1,-1,-1,1,-1,1,-1,-1,-1,-1,1,-1,-1,1,1,-1,-1,1,-1,1,1,-1,1,-1,1,-1,1,-1,1,-1,-1,1,-1,-1,-1,-1,-1,1,1,-1,1,-1,1,-1,1,-1,1,1,1,1,-1,1,-1,-1,1,-1,-1,-1,1,-1,1,-1,-1,1,-1,1,-1,-1,1,-1,-1,1,-1,1,-1,-1,-1,1,-1,1,1,-1,-1,-1,1,-1,1,-1,-1,1,-1,1,1,1,1,-1,-1,1,1,-1,1,1,-1,-1,1,1,1,-1,1,1,-1,1,1,1,1,-1,-1,1,-1,-1,-1,1,-1,-1,1,-1,1,-1,1,-1,1,-1,-1,-1,1,1,-1,1,1,-1,-1,-1,1,-1,1,1,-1,1,-1,1,-1,-1,-1,-1,-1,-1,1,-1,-1,-1,-1,-1,-1,1,-1,1,1,1,1,-1,1,-1,1,1,-1,-1,-1,1,-1,-1,1,-1,1,-1,-1,1,1,1,1,-1,-1,1,1,1,1,-1,1,-1,-1,1,1,1,-1,-1,-1,1,1,1,1,-1,-1,-1,1,-1,1,-1,1,-1,-1,-1,1,1,1,-1,-1,-1,-1,1,1,1,1,-1,-1,-1,1,1,1,1,-1,-1,-1,1,1,1,-1,-1,-1,1,1,1,1,1,-1,-1,-1,1,1,1,1,-1,-1,-1,1,1,-1,1,-1,-1,-1,1,1,1,1,-1,-1,1,1,1,1,-1,-1,1,1,-1,1,1,-1,-1,-1,1,1,1,1,1,-1,1,1,1,1,1,-1,-1,-1,1,-1,1,-1,-1,-1,-1,1,-1,1,1,1,-1,-1,1,-1,1,1,-1,1,-1,1,1,1,1,-1,1,-1,1,-1,1,1,-1,-1,-1,1,1,-1,-1,-1,-1,-1,1,-1,1,-1,-1,-1,-1,-1,-1,-1,1,-1,-1,-1,1,-1,-1,1,-1,-1,-1,-1,-1,-1,1,-1,-1,-1,-1,-1,1,-1,-1,-1,1,-1,-1,1,-1,1,-1,-1,-1,-1,-1,-1,-1,1,-1,-1,-1,1,1,1,-1,-1,1,-1,-1,-1,-1,-1,1,-1,-1,1,1,1,-1,-1,-1,-1,1,-1,1,1,-1,1,-1,-1,1,1,-1,-1,-1,-1,-1,-1,1,1,-1,-1,1,-1,1,1,-1,-1,-1,1,-1,1,1,-1,-1,1,-1,-1,1,1,1,-1,1,-1,1,1,1,-1,-1,1,-1,-1,1,1,1,-1,1,-1,-1,1,1,-1,1,1,-1,-1,1,1,1,1,1,-1,-1,1,1,-1,1,1,-1,-1,1,1,1,1,1,1,-1,1,1,1,-1,1,-1,-1,1,-1,1,1,1,1,-1,-1,1,-1,1,1,1,-1,1,1,1,1,-1,1,-1,1,1,1,1,1,1,-1,-1,1,1,1,1,-1,1,-1,1,1,1,1,-1,1,-1,1,1,1,-1,-1,1,-1,1,1,-1,1,-1,-1,-1,1,1,1,-1,1,-1,-1,1,1,1,-1,-1,-1,-1,1,1,1,-1,1,-1,-1,-1,1,1,-1,1,-1,-1,1,1,1,-1,-1,1,-1,1,-1,1,1,1,1,-1,-1,1,1,-1,-1,1,1,1,-1,1,-1,1,-1,-1,1,1,-1,-1,1,-1,-1,-1,1,1,-1,1,1,1,1,1,-1,-1,-1,-1,-1,-1,-1,-1,-1,1,-1,1,1,1,-1,1,1,-1,1,1,1,1,-1,1,-1,1,1,1,-1,-1,1,-1,1,1,1,-1,-1,1,-1,1,1,1,-1,-1,1,-1,1,1,1,1,-1,1,-1,-1,1,1,1,-1,-1,1,-1,1,1,1,-1,1,-1,-1,1,-2670.0,1,2000,445,0,False
1144,1,1,-1,-1,1,-1,-1,-1,1,1,1,-1,1,1,1,1,-1,1,-1,-1,1,-1,1,1,1,-1,1,-1,1,1,1,1,-1,-1,-1,-1,1,1,1,1,-1,-1,-1,1,1,1,1,-1,1,1,1,1,-1,1,-1,-1,1,-1,1,1,1,-1,-1,-1,1,1,1,1,-1,-1,-1,1,1,1,1,-1,-1,-1,1,1,1,-1,-1,-1,1,1,1,1,-1,-1,-1,1,1,1,1,-1,-1,1,1,-1,1,1,-1,-1,1,1,1,1,1,-1,-1,1,1,1,1,1,-1,-1,1,1,1,1,1,1,-1,-1,1,1,-1,1,1,-1,1,1,1,1,1,1,-1,-1,1,1,1,1,1,-1,1,1,1,1,1,1,-1,-1,-1,1,1,1,1,-1,1,1,1,1,-1,1,-1,1,-1,1,1,1,-1,-1,1,1,1,1,1,-1,1,-1,-1,1,-1,1,-1,1,1,1,1,1,1,1,1,1,-1,1,-1,1,-1,1,1,-1,1,-1,1,1,-1,1,-1,1,-1,1,-1,1,1,-1,-1,-1,1,1,1,1,-1,-1,1,1,-1,-1,1,-1,1,-1,1,1,-1,1,-1,1,-1,1,-1,1,1,-1,1,-1,1,1,-1,1,-1,1,1,1,-1,1,1,-1,1,-1,1,-1,1,-1,1,-1,1,1,-1,1,-1,-1,-1,1,1,-1,1,-1,-1,-1,1,1,-1,-1,1,1,-1,-1,1,1,-1,1,1,-1,1,1,1,1,-1,1,-1,1,1,-1,1,-1,1,1,-1,1,1,1,1,1,-1,-1,1,-1,-1,-1,1,1,-1,1,1,1,-1,1,-1,-1,1,1,1,1,1,-1,1,1,1,-1,-1,1,-1,1,1,1,-1,1,1,-1,-1,1,1,1,-1,1,-1,1,1,1,-1,1,1,-1,1,1,1,-1,1,-1,-1,1,1,1,-1,1,-1,-1,-1,1,1,-1,1,-1,-1,1,-1,1,-1,1,1,-1,-1,1,1,1,1,1,-1,-1,1,1,-1,1,-1,-1,-1,-1,-1,-1,1,-1,-1,-1,1,1,-1,1,-1,1,-1,1,1,1,1,-1,-1,1,1,1,-1,1,-1,-1,-1,-1,1,1,1,1,-1,-1,1,1,1,1,-1,-1,1,-1,-1,1,-1,1,-1,-1,1,-1,1,1,-1,-1,1,1,-1,1,-1,1,-1,-1,1,-1,1,1,-1,-1,-1,1,-1,-1,1,1,-1,-1,1,-1,1,1,-1,1,-1,1,-1,-1,1,1,-1,-1,1,-1,1,1,-1,-1,1,1,-1,1,-1,1,-1,1,-1,-1,1,-1,1,-1,1,-1,-1,1,-1,-1,-1,1,-1,-1,1,1,1,-1,1,-1,-1,1,-1,-1,1,-1,1,-1,1,1,1,-1,1,1,-1,-1,-1,1,-1,1,-1,-1,1,-1,1,1,1,1,-1,-1,1,1,-1,1,1,1,-1,1,1,1,-1,1,1,-1,1,1,1,1,-1,-1,1,-1,-1,-1,1,-1,1,1,-1,1,-1,1,-1,1,-1,-1,-1,1,1,-1,1,1,-1,-1,-1,1,-1,1,1,-1,1,-1,1,-1,-1,-1,-1,-1,-1,1,-1,-1,-1,-1,-1,-1,1,-1,1,1,1,1,-1,1,-1,1,1,-1,-1,-1,1,-1,-1,1,-1,1,-1,-1,1,1,1,1,-1,-1,1,1,1,1,-1,1,-1,-1,1,1,1,-1,-1,-1,-1,1,1,1,-1,-1,-1,1,-1,1,-1,1,-1,-1,-1,1,1,1,-1,-1,-1,-1,1,1,1,1,-1,-1,-1,1,1,1,1,-1,-1,-1,1,-1,1,-1,-1,-1,-1,1,1,1,1,-1,-1,1,1,1,1,1,-1,-1,-1,1,1,-1,1,-1,-1,-1,1,1,1,1,-1,-1,1,1,1,1,-1,-1,1,1,-1,1,1,-1,-1,-1,1,1,1,1,1,-1,1,1,1,1,1,-1,-1,-1,1,-1,1,-1,-1,-1,-1,1,-1,1,1,-1,-1,-1,1,-1,1,1,-1,-1,-1,1,1,1,1,-1,-1,-1,1,-1,1,1,-1,-1,-1,1,1,-1,-1,-1,-1,-1,1,-1,1,-1,-1,-1,-1,-1,-1,-1,1,-1,-1,-1,1,-1,-1,1,-1,-1,-1,-1,-1,1,1,-1,-1,-1,-1,-1,1,-1,-1,-1,1,-1,-1,1,-1,1,-1,-1,-1,-1,-1,-1,-1,1,-1,-1,-1,1,1,-1,-1,-1,-1,1,-1,-1,-1,-1,1,-1,-1,1,1,1,-1,-1,-1,-1,1,-1,1,1,-1,1,-1,-1,1,1,-1,-1,-1,-1,-1,-1,1,1,-1,-1,1,-1,1,1,-1,-1,-1,1,-1,1,1,-1,-1,1,-1,-1,1,1,1,-1,1,-1,1,1,1,-1,-1,1,-1,-1,1,1,1,-1,1,-1,-1,1,1,-1,1,1,-1,-1,1,1,-1,1,1,-1,-1,1,1,-1,1,1,-1,-1,1,1,1,1,1,1,-1,-1,1,1,1,1,-1,-1,1,-1,1,1,1,1,-1,-1,1,-1,1,1,1,-1,1,1,1,1,-1,1,-1,1,1,1,1,1,1,1,-1,1,1,1,1,-1,1,-1,1,1,1,1,1,-1,1,1,1,1,-1,1,1,-1,1,1,-1,1,1,-1,-1,1,1,1,1,-1,1,-1,1,1,1,-1,-1,1,-1,1,1,1,-1,1,-1,-1,-1,1,1,-1,-1,1,-1,-1,1,1,-1,-1,1,-1,-1,1,1,1,-1,-1,-1,-1,1,1,-1,-1,-1,1,-1,-1,1,-1,1,1,-1,1,1,-1,-1,1,-1,-1,-1,1,1,-1,1,1,-1,1,1,-1,-1,-1,-1,1,-1,-1,-1,-1,1,-1,-1,1,1,-1,1,1,-1,1,1,1,1,-1,1,-1,1,1,1,1,-1,1,-1,-1,1,1,1,-1,1,-1,1,1,1,1,-1,1,-1,1,1,-1,-1,-1,1,-1,-1,1,1,-1,-1,-1,1,-1,1,-1,1,-1,1,-1,-1,1,-2670.0,1,2000,445,0,False
1145,1,1,-1,-1,1,-1,-1,-1,1,1,1,-1,1,1,1,1,-1,1,-1,-1,1,-1,1,1,1,-1,-1,-1,1,1,1,1,-1,-1,-1,-1,1,-1,1,1,-1,-1,-1,1,1,1,1,-1,1,1,1,1,-1,1,-1,-1,1,-1,1,1,1,-1,-1,-1,1,1,1,1,-1,-1,-1,1,1,1,1,-1,-1,-1,1,1,1,-1,-1,-1,1,1,1,1,-1,-1,-1,1,1,1,1,-1,-1,1,1,-1,1,1,-1,-1,1,1,1,1,1,-1,-1,1,1,-1,1,1,-1,-1,1,1,1,1,1,1,-1,-1,1,1,-1,1,1,-1,1,1,1,1,1,1,-1,-1,1,1,1,1,1,-1,1,1,1,1,1,1,-1,-1,-1,1,1,1,1,-1,1,1,1,1,-1,1,-1,1,-1,1,1,1,-1,-1,1,1,1,1,1,-1,1,-1,-1,1,-1,1,-1,1,1,1,1,1,1,1,1,1,-1,1,-1,1,-1,1,1,-1,1,-1,1,1,-1,1,-1,1,-1,1,-1,1,1,-1,1,-1,1,1,1,1,-1,-1,1,1,-1,-1,1,-1,1,-1,1,1,-1,1,-1,1,-1,1,-1,-1,1,-1,1,-1,1,1,-1,1,-1,1,1,1,-1,1,1,-1,1,-1,1,-1,1,-1,1,-1,1,1,-1,1,-1,-1,-1,1,1,-1,1,-1,-1,-1,1,1,-1,-1,1,1,-1,-1,1,1,-1,1,1,-1,1,1,1,1,-1,1,-1,1,1,-1,1,-1,1,1,-1,1,1,1,1,1,-1,-1,1,-1,-1,1,1,1,-1,1,1,1,-1,1,-1,-1,1,1,1,1,1,-1,1,1,1,-1,1,1,-1,1,1,1,-1,1,1,-1,-1,1,1,1,-1,1,-1,1,1,1,-1,1,1,-1,1,1,1,-1,1,-1,-1,1,1,1,-1,1,-1,-1,-1,1,1,-1,1,-1,-1,1,-1,1,-1,1,1,-1,-1,1,1,1,-1,1,-1,-1,1,1,-1,1,-1,-1,-1,-1,-1,-1,1,1,-1,-1,1,1,-1,1,-1,1,-1,1,1,1,1,1,-1,1,1,1,-1,1,-1,-1,-1,-1,1,1,1,1,-1,-1,1,1,1,1,-1,-1,1,-1,-1,1,-1,1,-1,-1,1,-1,1,1,-1,-1,1,1,-1,1,-1,1,-1,-1,1,-1,1,1,-1,-1,-1,1,-1,-1,1,1,-1,-1,1,-1,1,1,-1,1,-1,1,-1,-1,1,1,-1,-1,1,-1,1,1,-1,-1,1,1,-1,1,-1,1,-1,1,-1,-1,1,-1,1,-1,1,-1,-1,1,-1,-1,-1,1,-1,-1,1,1,1,-1,1,-1,-1,1,-1,-1,1,-1,1,-1,1,1,1,-1,1,1,-1,-1,-1,1,-1,1,-1,-1,1,-1,1,1,1,1,-1,-1,1,1,-1,1,1,-1,-1,1,1,1,-1,1,1,-1,1,1,1,1,-1,1,1,-1,-1,-1,1,-1,-1,1,-1,1,-1,1,-1,1,-1,-1,-1,1,1,-1,1,1,-1,-1,-1,1,-1,1,1,-1,1,-1,1,-1,-1,-1,-1,-1,-1,1,-1,-1,-1,-1,-1,-1,1,-1,1,1,1,1,-1,1,-1,1,1,-1,-1,-1,1,-1,-1,1,-1,1,-1,-1,1,1,1,1,-1,-1,1,1,1,1,-1,1,-1,-1,1,1,1,-1,-1,-1,-1,1,1,1,-1,1,-1,1,-1,1,-1,1,1,-1,-1,1,1,1,-1,-1,-1,1,1,1,1,1,-1,-1,-1,1,1,1,1,-1,-1,-1,1,-1,1,-1,-1,-1,1,1,1,1,1,-1,-1,-1,1,1,1,1,-1,-1,-1,1,1,-1,1,-1,-1,-1,1,1,1,1,-1,-1,1,1,1,1,-1,-1,1,1,-1,1,1,-1,-1,-1,1,1,1,1,1,-1,1,1,1,1,1,-1,-1,-1,1,-1,1,-1,-1,-1,-1,1,-1,1,1,-1,-1,-1,1,-1,1,1,-1,1,-1,1,1,1,1,-1,1,-1,1,-1,1,1,-1,-1,-1,1,1,-1,-1,-1,-1,-1,1,-1,1,-1,-1,-1,-1,-1,-1,-1,1,-1,-1,-1,1,-1,-1,1,-1,-1,-1,-1,-1,-1,1,-1,-1,-1,-1,-1,1,-1,-1,-1,1,-1,-1,1,-1,1,-1,-1,-1,-1,-1,-1,-1,1,-1,-1,-1,1,1,1,-1,-1,-1,1,-1,-1,-1,-1,1,-1,-1,1,1,1,-1,-1,-1,-1,1,-1,1,1,-1,1,-1,-1,1,1,-1,-1,-1,-1,-1,-1,1,1,-1,-1,1,-1,1,1,-1,-1,-1,1,-1,1,1,-1,-1,1,-1,-1,1,1,1,-1,1,-1,1,1,1,-1,-1,1,-1,-1,1,1,1,-1,1,-1,-1,1,1,-1,1,1,-1,-1,1,1,-1,1,1,-1,-1,1,1,-1,1,1,-1,-1,1,1,1,1,-1,1,-1,-1,1,1,1,1,-1,-1,1,-1,1,1,1,1,-1,-1,1,-1,1,1,1,-1,1,1,1,1,-1,1,-1,1,1,1,1,1,1,1,-1,1,1,1,1,-1,1,-1,1,1,1,1,1,-1,1,1,1,1,-1,1,1,-1,1,1,-1,1,1,-1,-1,1,1,1,1,-1,1,-1,1,1,1,-1,-1,1,-1,1,1,1,-1,1,-1,-1,-1,1,1,-1,-1,1,-1,-1,1,1,1,-1,1,-1,-1,1,1,1,-1,1,-1,-1,1,1,-1,-1,-1,1,-1,-1,1,-1,1,1,-1,1,1,-1,-1,1,-1,-1,-1,1,1,-1,1,1,-1,1,1,-1,-1,-1,-1,1,-1,-1,-1,-1,1,-1,-1,1,1,-1,1,1,-1,1,1,1,1,-1,1,-1,1,1,1,1,-1,1,-1,-1,1,1,1,-1,1,-1,1,1,1,1,-1,1,-1,1,1,-1,-1,-1,1,-1,-1,1,1,-1,-1,-1,1,-1,1,-1,1,-1,1,-1,-1,1,-2670.0,1,2000,445,0,False
1146,1,1,-1,-1,1,1,-1,-1,1,1,1,-1,1,1,1,1,-1,1,-1,-1,-1,-1,1,1,1,-1,-1,-1,1,1,1,1,1,-1,-1,-1,1,1,1,1,-1,-1,-1,1,1,1,1,-1,1,1,1,1,-1,1,-1,-1,1,-1,1,1,1,-1,-1,-1,1,1,1,1,-1,-1,-1,1,1,1,1,-1,-1,-1,1,1,1,-1,-1,-1,1,1,1,1,-1,-1,1,1,1,1,1,-1,-1,-1,1,-1,1,1,-1,-1,1,1,1,1,1,-1,-1,-1,1,-1,1,1,-1,-1,1,1,1,1,1,1,-1,-1,1,1,-1,1,1,-1,1,1,1,1,1,1,-1,1,1,1,1,1,1,-1,1,1,1,1,1,1,-1,-1,-1,1,1,1,1,-1,1,1,1,1,-1,1,-1,1,-1,1,1,1,-1,-1,1,1,1,1,1,-1,1,-1,-1,1,-1,1,-1,1,1,1,1,1,1,1,1,1,-1,1,-1,1,-1,1,1,-1,1,-1,1,1,-1,1,-1,1,-1,1,-1,1,1,-1,1,-1,1,1,1,1,-1,-1,1,1,-1,-1,1,-1,1,-1,-1,1,-1,1,-1,1,-1,1,-1,1,1,-1,-1,-1,1,1,-1,1,-1,1,1,1,-1,1,1,-1,-1,-1,1,-1,1,-1,1,-1,1,1,-1,1,-1,-1,-1,1,1,-1,1,-1,-1,-1,1,1,-1,-1,1,1,-1,-1,1,1,-1,1,1,-1,1,1,1,1,-1,1,-1,1,1,-1,1,-1,1,1,1,1,1,1,1,1,-1,-1,1,-1,-1,-1,1,1,-1,1,1,1,-1,1,1,1,1,1,1,-1,1,-1,1,1,1,-1,-1,1,-1,1,1,1,-1,1,1,-1,-1,1,1,1,-1,1,-1,1,1,1,-1,1,1,-1,1,1,1,-1,1,1,-1,1,1,1,-1,1,1,1,-1,1,1,-1,1,1,-1,1,-1,1,-1,1,1,1,-1,1,1,1,-1,1,1,-1,1,1,-1,1,1,1,-1,-1,-1,-1,1,1,1,-1,1,1,-1,1,1,-1,-1,1,1,1,1,1,-1,1,1,1,-1,1,1,1,-1,-1,1,1,1,-1,1,-1,1,1,1,1,1,1,-1,-1,-1,1,-1,-1,1,1,-1,1,1,-1,1,1,1,1,-1,1,-1,-1,1,-1,1,-1,1,1,1,1,1,1,-1,-1,1,-1,1,1,1,-1,1,1,1,-1,1,1,-1,-1,1,-1,1,1,1,-1,1,1,1,1,1,1,-1,1,-1,1,1,1,-1,-1,1,-1,1,1,1,-1,-1,1,-1,1,1,1,-1,-1,1,-1,-1,1,1,-1,-1,1,-1,1,1,1,1,-1,1,-1,-1,1,1,1,-1,-1,-1,1,1,1,-1,-1,1,-1,-1,1,-1,1,-1,-1,1,-1,1,-1,1,-1,-1,1,-1,-1,1,1,1,-1,1,-1,1,-1,-1,-1,1,-1,-1,-1,1,-1,-1,1,1,1,-1,1,-1,1,1,1,-1,1,1,-1,1,-1,1,-1,-1,1,-1,-1,1,1,1,-1,1,-1,-1,1,1,-1,-1,1,-1,-1,1,1,-1,-1,1,-1,-1,-1,1,1,-1,1,-1,-1,-1,1,-1,-1,1,-1,1,-1,1,1,-1,-1,1,-1,-1,-1,-1,-1,1,1,1,-1,-1,1,-1,-1,1,-1,-1,1,-1,-1,1,1,-1,-1,1,1,-1,1,1,-1,1,-1,1,-1,-1,1,1,-1,-1,-1,-1,1,1,-1,-1,1,-1,-1,-1,1,1,-1,-1,-1,-1,-1,1,-1,-1,-1,-1,-1,1,1,1,-1,-1,-1,-1,-1,1,1,-1,-1,-1,-1,-1,1,1,1,-1,-1,-1,-1,1,1,-1,-1,-1,-1,1,1,1,1,-1,-1,1,1,1,1,1,-1,-1,-1,1,1,1,-1,1,-1,1,1,1,1,-1,1,-1,-1,1,-1,1,-1,1,-1,-1,1,-1,1,-1,-1,-1,-1,1,-1,1,-1,1,-1,-1,1,-1,1,-1,1,-1,-1,1,-1,1,-1,-1,-1,-1,1,1,-1,-1,-1,-1,-1,1,-1,1,-1,-1,-1,-1,-1,-1,-1,1,-1,-1,-1,1,-1,-1,1,-1,-1,-1,-1,-1,-1,1,-1,-1,-1,-1,-1,1,-1,-1,-1,1,-1,-1,1,-1,1,-1,-1,-1,-1,-1,-1,-1,1,-1,-1,-1,1,1,-1,-1,-1,1,1,-1,-1,-1,-1,1,-1,-1,1,1,1,-1,-1,-1,-1,1,-1,1,1,-1,1,-1,-1,1,1,-1,-1,-1,-1,-1,-1,1,1,-1,-1,1,-1,1,1,-1,-1,-1,1,-1,1,1,-1,-1,1,-1,-1,1,1,1,-1,1,-1,1,1,1,-1,-1,1,-1,-1,1,1,1,-1,1,-1,-1,1,1,-1,1,1,-1,-1,1,1,1,1,1,-1,-1,1,1,1,1,1,-1,-1,1,1,1,1,1,1,-1,-1,1,1,1,1,-1,-1,1,-1,1,1,1,1,-1,-1,1,-1,1,1,1,-1,1,1,1,1,-1,1,-1,1,1,1,1,1,1,1,-1,1,1,1,1,-1,1,-1,1,1,1,1,1,-1,1,1,1,1,-1,1,1,-1,1,1,-1,1,1,-1,-1,1,1,1,1,-1,1,-1,1,1,1,-1,-1,1,-1,1,1,1,-1,1,-1,-1,-1,1,1,-1,-1,1,-1,-1,1,1,-1,-1,1,-1,-1,1,1,1,-1,1,-1,-1,1,1,-1,-1,-1,1,-1,1,1,-1,1,1,-1,1,1,-1,-1,1,1,-1,-1,1,1,-1,1,1,-1,1,1,-1,-1,-1,-1,1,-1,-1,-1,-1,1,-1,-1,1,1,-1,1,1,-1,1,1,1,1,-1,1,-1,1,1,1,-1,-1,1,-1,-1,1,1,-1,-1,1,-1,1,1,1,-1,-1,1,-1,1,1,1,1,-1,1,-1,-1,1,1,1,-1,-1,1,-1,1,1,1,-1,1,-1,-1,1,-2670.0,1,2000,445,1000,False
1147,1,1,-1,-1,1,-1,-1,-1,1,1,1,-1,1,1,1,1,-1,1,-1,-1,-1,-1,1,1,1,-1,-1,-1,1,1,1,1,-1,-1,-1,-1,1,1,1,1,-1,-1,-1,1,1,1,1,-1,1,1,1,1,-1,1,-1,-1,1,-1,1,1,1,-1,-1,-1,1,1,1,1,-1,-1,-1,1,1,1,1,-1,-1,-1,1,1,1,-1,-1,-1,1,1,1,1,-1,1,-1,1,1,1,1,-1,-1,1,1,-1,1,1,-1,-1,1,1,1,1,1,-1,-1,1,1,-1,1,1,-1,-1,1,1,1,1,1,1,-1,1,1,1,-1,1,1,-1,1,1,1,1,1,1,-1,-1,1,1,1,1,1,-1,1,1,1,1,1,1,-1,-1,-1,1,1,1,1,-1,1,1,1,1,-1,1,-1,1,-1,1,1,1,-1,-1,1,1,1,1,1,-1,1,-1,-1,1,-1,1,-1,1,1,1,1,1,1,1,1,1,-1,1,-1,1,-1,1,1,-1,1,-1,1,1,-1,1,-1,1,-1,1,-1,1,1,-1,-1,-1,1,1,1,1,-1,-1,1,1,-1,-1,1,-1,1,-1,1,1,-1,1,-1,1,-1,1,-1,1,1,-1,-1,-1,1,1,-1,1,-1,1,1,1,-1,1,1,-1,1,-1,1,-1,1,-1,1,-1,1,1,-1,1,-1,-1,-1,1,1,-1,1,-1,-1,-1,1,1,-1,-1,1,1,-1,-1,1,1,-1,1,1,-1,1,1,1,1,-1,1,-1,1,1,-1,1,-1,1,1,-1,1,1,1,1,1,-1,-1,1,-1,-1,1,1,1,-1,1,1,1,-1,1,-1,-1,1,1,1,-1,1,-1,1,1,1,-1,1,1,-1,1,1,1,-1,1,1,-1,-1,1,1,1,-1,1,-1,1,1,1,-1,1,1,-1,1,1,1,-1,1,-1,-1,1,1,1,-1,1,-1,-1,-1,1,1,-1,1,-1,-1,1,-1,1,-1,1,1,-1,-1,1,1,1,-1,1,-1,-1,1,1,-1,1,-1,-1,-1,-1,-1,-1,1,-1,-1,-1,1,1,-1,1,-1,1,-1,1,1,1,1,1,-1,1,1,1,-1,1,-1,-1,-1,-1,1,1,1,1,-1,-1,1,1,1,1,-1,-1,1,-1,-1,1,-1,1,-1,-1,1,-1,1,1,-1,-1,1,1,-1,1,-1,1,-1,-1,1,-1,1,1,-1,-1,-1,1,-1,-1,1,1,-1,-1,1,-1,1,1,-1,1,-1,1,-1,-1,1,1,-1,-1,1,-1,1,1,-1,-1,1,1,-1,1,-1,1,-1,1,-1,1,1,-1,1,-1,1,-1,-1,1,-1,-1,-1,1,-1,-1,1,-1,1,-1,1,-1,-1,1,-1,-1,1,-1,1,-1,1,-1,1,-1,1,1,-1,1,-1,1,-1,1,-1,-1,1,-1,1,1,1,1,-1,-1,1,1,-1,1,1,-1,1,1,1,1,-1,1,1,-1,1,1,1,1,-1,1,1,-1,-1,-1,1,-1,1,1,-1,1,-1,1,-1,1,-1,-1,-1,1,1,-1,1,1,-1,-1,-1,1,-1,1,1,-1,1,-1,1,-1,-1,-1,-1,-1,-1,1,-1,-1,-1,-1,-1,-1,1,-1,1,1,1,1,-1,1,-1,1,1,-1,-1,-1,1,-1,-1,1,-1,1,-1,-1,1,1,1,1,-1,-1,1,1,1,1,-1,1,-1,-1,1,1,1,-1,-1,-1,1,1,1,1,-1,1,-1,1,-1,1,-1,1,1,-1,-1,1,1,1,-1,-1,-1,-1,1,1,1,1,-1,-1,-1,1,1,1,1,-1,-1,-1,1,-1,1,-1,-1,-1,-1,1,1,1,1,-1,-1,1,1,1,1,1,-1,-1,-1,1,1,-1,1,-1,-1,-1,1,1,1,1,-1,-1,1,1,1,1,-1,-1,1,1,-1,1,1,-1,-1,-1,1,1,1,1,1,-1,1,1,1,1,1,-1,-1,-1,1,-1,1,-1,-1,-1,-1,1,-1,1,1,-1,-1,-1,1,-1,1,1,-1,-1,-1,1,1,1,1,-1,-1,-1,1,-1,1,1,-1,-1,-1,1,1,-1,-1,-1,-1,-1,1,-1,1,-1,-1,-1,-1,-1,-1,-1,1,-1,-1,-1,1,-1,-1,1,-1,-1,-1,-1,-1,-1,1,-1,-1,-1,-1,-1,1,-1,-1,-1,1,-1,-1,1,-1,1,-1,-1,-1,-1,-1,-1,-1,1,-1,-1,-1,1,1,1,-1,-1,-1,1,-1,-1,-1,-1,1,-1,-1,1,1,1,-1,-1,-1,-1,1,-1,1,1,-1,1,-1,-1,1,1,-1,-1,-1,-1,-1,-1,1,1,-1,-1,1,-1,1,1,-1,-1,-1,1,-1,1,1,-1,-1,1,-1,-1,1,1,1,-1,1,-1,1,1,1,-1,-1,1,-1,-1,1,-1,1,-1,1,-1,-1,1,1,-1,1,1,-1,-1,1,1,-1,1,1,-1,-1,1,1,-1,1,1,-1,-1,1,1,1,1,1,1,-1,-1,1,1,-1,1,-1,-1,1,-1,1,1,1,1,-1,-1,1,-1,1,1,1,-1,1,-1,1,1,-1,1,-1,1,1,1,1,1,1,1,-1,-1,1,1,1,-1,1,-1,1,1,1,1,1,-1,1,-1,1,1,-1,1,1,-1,-1,1,-1,1,1,-1,-1,1,1,1,1,-1,1,-1,-1,1,1,-1,-1,1,-1,1,1,1,-1,1,-1,-1,-1,1,1,-1,-1,1,-1,-1,1,1,1,-1,1,-1,-1,1,1,1,-1,1,-1,-1,1,1,-1,-1,-1,1,-1,-1,1,-1,1,1,-1,1,1,-1,-1,1,-1,-1,-1,-1,1,-1,1,1,-1,1,1,-1,-1,-1,-1,1,-1,-1,-1,-1,1,-1,-1,1,1,-1,1,1,-1,1,1,1,1,-1,1,-1,1,1,1,1,-1,1,-1,-1,1,1,1,-1,1,-1,1,1,1,1,-1,1,-1,1,1,1,-1,-1,1,-1,-1,1,1,-1,-1,-1,1,-1,1,1,1,-1,1,-1,-1,1,-2670.0,1,2000,445,0,False
1148,1,1,-1,-1,1,1,-1,-1,1,1,1,-1,-1,1,1,1,-1,1,1,-1,-1,-1,1,1,1,1,-1,-1,1,1,1,1,-1,-1,-1,-1,1,1,1,1,-1,-1,-1,1,1,1,1,-1,1,1,1,1,-1,1,-1,-1,1,-1,1,1,1,-1,-1,-1,1,1,1,1,-1,-1,-1,1,1,1,1,-1,-1,-1,1,1,1,-1,-1,-1,1,1,1,1,-1,-1,1,1,1,1,1,-1,-1,-1,1,-1,1,1,-1,-1,1,1,1,1,1,-1,-1,-1,1,-1,1,1,-1,-1,1,1,1,1,1,1,-1,-1,1,1,-1,1,1,-1,1,1,1,1,1,1,-1,1,1,1,1,1,1,-1,1,1,1,1,1,1,-1,-1,-1,1,1,1,1,-1,1,1,1,1,-1,1,-1,1,-1,1,1,1,-1,-1,1,1,1,1,1,-1,1,-1,-1,1,-1,1,-1,1,1,1,1,1,1,1,1,1,1,1,-1,1,-1,1,1,-1,1,-1,1,1,-1,1,-1,1,-1,1,-1,1,1,-1,-1,-1,1,1,1,1,-1,-1,1,1,-1,-1,1,-1,1,-1,-1,1,-1,1,-1,1,-1,1,-1,-1,1,-1,-1,-1,1,1,-1,1,-1,1,1,1,-1,1,1,-1,1,-1,1,-1,1,-1,1,-1,1,1,-1,1,-1,-1,-1,1,1,-1,1,-1,-1,-1,1,1,-1,-1,1,1,-1,-1,1,1,-1,1,1,-1,1,1,1,1,-1,1,-1,1,1,-1,1,-1,1,-1,1,1,1,1,1,1,-1,-1,1,-1,-1,1,1,1,-1,1,1,1,-1,1,1,1,1,1,1,1,1,-1,1,1,1,-1,1,1,-1,1,1,1,-1,1,1,-1,-1,1,1,1,-1,1,-1,1,1,1,-1,1,1,-1,1,1,1,-1,1,1,-1,1,1,1,-1,1,1,1,-1,1,1,-1,1,1,-1,1,-1,1,-1,1,1,1,-1,1,1,1,-1,1,1,-1,1,1,-1,1,-1,1,-1,-1,-1,-1,1,1,1,-1,1,1,-1,1,1,-1,-1,1,1,1,1,1,-1,1,1,1,-1,1,1,1,-1,-1,1,1,1,-1,1,-1,1,1,1,1,1,1,-1,-1,-1,1,-1,-1,1,1,-1,1,1,-1,1,1,1,1,-1,1,-1,-1,1,-1,1,-1,1,1,1,1,1,1,-1,-1,1,-1,1,1,1,-1,1,1,1,-1,1,1,-1,-1,1,-1,1,1,1,-1,1,1,1,1,1,1,-1,1,-1,1,1,1,-1,-1,1,-1,1,1,1,-1,-1,1,-1,1,1,1,-1,-1,1,-1,-1,1,1,-1,-1,1,-1,1,1,1,1,-1,1,-1,-1,1,1,1,-1,-1,-1,1,1,1,-1,-1,1,-1,-1,1,-1,1,-1,-1,1,-1,1,-1,1,-1,-1,1,-1,-1,1,1,1,-1,1,-1,1,-1,-1,1,1,-1,-1,-1,1,-1,-1,1,1,1,-1,1,-1,1,1,1,-1,1,1,-1,1,-1,1,-1,-1,1,-1,-1,1,1,1,-1,1,-1,-1,1,1,-1,-1,1,-1,-1,1,1,-1,-1,1,-1,-1,-1,1,1,-1,1,1,-1,-1,1,-1,-1,1,-1,1,-1,1,1,-1,-1,1,-1,-1,-1,-1,-1,1,1,1,-1,-1,1,-1,-1,1,-1,-1,1,-1,-1,1,1,-1,-1,1,1,-1,1,1,-1,1,-1,1,-1,-1,1,1,-1,-1,-1,-1,1,1,-1,-1,1,-1,-1,-1,1,1,-1,-1,-1,-1,-1,1,-1,-1,-1,-1,-1,-1,1,1,-1,-1,-1,-1,1,1,1,-1,-1,-1,-1,-1,1,1,1,-1,-1,-1,-1,1,1,-1,-1,-1,-1,1,1,1,1,-1,-1,1,1,1,1,1,-1,-1,-1,1,1,1,-1,1,-1,1,1,1,1,-1,1,-1,-1,1,-1,1,-1,1,-1,-1,1,-1,1,-1,-1,-1,-1,1,-1,1,-1,1,-1,-1,1,-1,1,-1,1,-1,-1,1,-1,1,-1,-1,-1,-1,1,1,-1,-1,-1,-1,-1,1,-1,1,-1,-1,-1,-1,-1,-1,-1,1,-1,-1,-1,1,-1,-1,1,-1,-1,-1,-1,-1,-1,1,-1,-1,-1,-1,-1,1,-1,-1,-1,1,-1,-1,1,-1,1,-1,-1,-1,-1,-1,-1,-1,1,-1,-1,-1,1,1,-1,-1,-1,1,-1,-1,-1,-1,-1,1,-1,-1,1,-1,1,-1,-1,-1,-1,1,-1,1,1,-1,1,-1,-1,1,1,-1,-1,-1,-1,-1,-1,1,1,-1,-1,1,-1,1,1,-1,-1,-1,1,-1,-1,1,-1,-1,1,-1,-1,1,1,1,-1,1,-1,1,1,1,-1,-1,1,-1,-1,1,1,1,-1,1,-1,-1,1,1,-1,1,1,-1,-1,1,1,-1,1,1,-1,-1,1,1,-1,1,1,-1,-1,1,1,1,1,-1,1,-1,-1,1,-1,1,1,-1,-1,1,-1,1,1,1,1,-1,-1,1,-1,1,1,1,-1,1,1,1,1,-1,1,-1,1,1,1,1,1,1,1,-1,1,1,1,1,-1,1,-1,1,1,1,1,1,-1,1,1,1,1,-1,1,1,-1,1,1,-1,1,1,-1,-1,1,1,1,1,-1,1,-1,1,1,1,-1,-1,1,-1,1,1,1,-1,1,-1,-1,-1,1,1,-1,-1,1,-1,-1,1,1,-1,-1,1,-1,-1,1,1,1,-1,1,-1,-1,1,1,-1,-1,-1,1,-1,1,1,-1,1,1,-1,1,1,-1,-1,1,1,-1,-1,1,1,-1,1,1,-1,1,1,-1,-1,-1,-1,1,-1,-1,-1,-1,1,-1,-1,1,1,-1,1,1,-1,1,1,1,1,-1,1,-1,1,1,1,-1,-1,1,-1,1,1,1,-1,-1,1,-1,-1,1,1,-1,-1,1,-1,1,1,1,1,-1,1,-1,-1,1,1,1,-1,-1,1,-1,1,1,1,-1,1,-1,-1,1,-2670.0,1,2000,445,1000,False
1149,1,1,-1,-1,1,1,-1,-1,1,1,1,-1,1,1,1,1,-1,1,-1,-1,-1,-1,1,1,1,-1,-1,-1,1,1,1,1,1,-1,-1,-1,1,-1,1,1,-1,-1,-1,1,1,1,1,-1,1,1,1,1,-1,1,-1,-1,1,-1,1,1,1,-1,-1,-1,1,1,1,1,-1,-1,-1,1,1,1,1,-1,-1,-1,1,1,1,-1,-1,-1,1,1,1,1,-1,-1,-1,1,1,1,1,-1,-1,1,1,-1,1,1,-1,-1,1,1,1,1,1,-1,-1,1,1,1,1,1,-1,-1,1,1,1,1,1,1,-1,1,1,1,-1,1,1,-1,1,1,1,1,1,1,-1,-1,1,1,1,1,1,-1,1,1,1,1,1,1,-1,-1,-1,1,1,1,1,-1,1,1,1,1,-1,1,-1,1,-1,1,1,1,-1,-1,1,1,1,1,1,-1,1,-1,-1,1,-1,1,-1,1,1,1,1,1,1,1,1,1,-1,1,-1,1,-1,1,1,-1,1,-1,1,1,-1,1,-1,1,-1,1,-1,1,1,-1,1,-1,1,1,1,1,-1,-1,1,1,-1,-1,1,-1,1,-1,1,1,-1,1,-1,1,-1,1,-1,-1,1,-1,-1,-1,1,1,-1,1,-1,1,1,1,-1,1,1,-1,1,-1,1,-1,1,-1,1,-1,1,1,-1,1,-1,-1,-1,1,1,-1,1,-1,-1,-1,1,1,-1,-1,1,1,-1,-1,1,1,-1,1,1,-1,1,1,1,1,-1,1,-1,1,1,-1,1,-1,1,1,1,1,1,1,1,1,-1,-1,1,-1,-1,-1,1,1,-1,1,1,1,-1,1,1,1,1,1,1,1,1,-1,1,1,1,-1,1,1,-1,1,1,1,-1,1,1,-1,-1,1,1,1,-1,1,-1,1,1,1,-1,1,1,-1,1,1,1,-1,1,1,-1,1,1,1,-1,1,1,-1,-1,1,1,-1,1,1,-1,1,-1,1,-1,1,1,1,-1,1,1,1,-1,1,1,-1,1,1,-1,1,-1,1,-1,-1,-1,-1,1,1,1,-1,1,1,-1,1,1,-1,-1,1,1,1,1,1,-1,1,1,1,-1,1,1,1,1,-1,1,1,1,-1,1,-1,1,1,1,1,1,1,-1,-1,-1,1,-1,-1,1,-1,1,-1,1,-1,1,1,1,-1,-1,1,-1,-1,1,-1,1,-1,1,1,1,1,1,1,-1,-1,1,-1,1,1,-1,-1,1,1,1,-1,1,-1,-1,-1,1,-1,1,1,-1,-1,1,1,1,1,-1,1,-1,1,-1,1,1,-1,1,-1,1,-1,1,1,-1,-1,-1,1,-1,1,1,1,-1,-1,1,-1,-1,1,-1,-1,-1,1,-1,1,1,1,-1,-1,1,-1,-1,1,-1,-1,-1,-1,-1,1,1,-1,-1,-1,1,-1,-1,1,-1,-1,-1,-1,1,-1,1,-1,-1,-1,-1,1,-1,-1,1,1,1,-1,1,-1,1,-1,1,-1,1,-1,-1,-1,1,-1,-1,1,1,1,-1,1,-1,1,1,1,-1,1,1,-1,1,-1,1,-1,-1,1,-1,-1,1,1,1,-1,1,-1,-1,1,1,-1,-1,1,-1,-1,1,1,-1,-1,1,-1,-1,-1,1,1,-1,1,-1,-1,-1,1,-1,-1,1,-1,1,-1,1,1,-1,-1,1,-1,-1,-1,-1,-1,1,1,1,-1,-1,1,-1,-1,1,-1,-1,1,-1,-1,1,1,-1,-1,1,-1,-1,1,1,-1,1,-1,1,-1,-1,1,1,-1,-1,-1,-1,1,1,-1,-1,1,-1,-1,-1,1,1,-1,-1,-1,-1,-1,1,-1,-1,-1,-1,-1,1,1,1,-1,-1,-1,-1,-1,1,1,-1,-1,-1,-1,-1,1,1,1,-1,-1,-1,-1,1,1,-1,-1,-1,-1,1,1,1,1,1,-1,1,1,1,1,1,1,-1,-1,1,1,1,-1,1,-1,1,1,1,1,-1,1,-1,-1,1,-1,1,-1,1,-1,-1,1,-1,1,1,1,-1,-1,1,-1,1,-1,1,1,-1,1,-1,1,1,1,1,-1,1,-1,1,1,1,-1,-1,1,1,-1,1,1,-1,-1,1,-1,1,-1,1,-1,-1,-1,-1,-1,1,1,-1,-1,1,-1,-1,1,1,-1,-1,-1,-1,1,-1,1,-1,-1,-1,-1,1,1,-1,-1,1,-1,-1,1,-1,1,-1,-1,-1,-1,-1,1,1,1,-1,-1,-1,1,1,1,-1,-1,-1,1,-1,-1,1,-1,1,-1,-1,1,1,1,-1,-1,-1,-1,1,-1,1,1,-1,1,-1,-1,1,1,-1,-1,-1,-1,-1,-1,1,1,-1,-1,1,-1,1,1,-1,-1,-1,1,-1,1,1,-1,-1,1,-1,-1,1,1,1,-1,1,-1,1,1,1,-1,-1,1,-1,-1,1,1,1,-1,1,-1,-1,1,1,-1,1,1,-1,-1,1,1,1,1,1,-1,-1,1,1,1,1,1,-1,-1,1,1,1,1,-1,1,-1,-1,1,1,1,1,-1,-1,1,-1,1,1,1,1,-1,-1,1,-1,1,1,1,-1,1,1,1,1,-1,1,-1,1,1,1,1,1,1,1,-1,1,1,1,1,-1,1,-1,1,1,1,1,1,-1,1,1,1,1,-1,1,1,-1,1,1,-1,1,1,-1,-1,1,1,1,1,-1,1,-1,1,1,1,-1,-1,1,-1,1,1,1,-1,1,-1,-1,-1,1,1,-1,-1,1,-1,-1,1,1,-1,-1,1,-1,-1,1,1,1,-1,1,-1,-1,1,1,-1,-1,-1,1,-1,1,1,-1,1,1,-1,1,1,-1,-1,1,1,-1,-1,1,1,-1,1,1,-1,1,1,-1,-1,-1,-1,1,-1,-1,-1,-1,1,-1,-1,1,1,-1,1,1,-1,1,1,1,1,-1,1,-1,1,1,1,1,-1,1,-1,1,1,1,1,-1,1,-1,-1,1,1,1,-1,1,-1,1,1,1,-1,-1,1,-1,-1,1,1,-1,-1,-1,1,-1,1,1,1,-1,1,-1,-1,1,-2670.0,1,2000,445,1000,False
1150,1,1,-1,-1,1,-1,-1,-1,1,1,1,-1,1,1,1,1,-1,1,-1,-1,-1,-1,1,1,1,1,-1,-1,1,1,1,1,-1,-1,-1,-1,1,1,1,1,-1,-1,-1,1,1,1,1,-1,1,1,1,1,-1,1,-1,-1,1,-1,1,1,1,-1,-1,-1,1,1,1,1,-1,-1,-1,1,1,1,1,-1,-1,-1,1,1,1,-1,-1,-1,1,1,1,1,-1,-1,-1,1,1,1,1,-1,-1,1,1,-1,1,1,-1,-1,1,1,1,1,1,-1,-1,-1,1,1,1,1,-1,-1,1,1,1,1,1,1,-1,-1,1,1,-1,1,1,-1,1,1,1,1,1,1,-1,1,1,1,1,1,1,-1,1,1,1,1,1,1,-1,-1,-1,1,1,1,1,-1,1,1,1,1,-1,1,-1,1,-1,1,1,1,-1,-1,1,1,1,1,1,-1,1,-1,-1,1,-1,1,-1,1,1,1,1,1,1,1,1,1,-1,1,-1,1,-1,1,1,-1,1,-1,1,1,-1,1,-1,1,-1,1,-1,1,1,-1,1,-1,1,1,1,1,-1,-1,1,1,-1,-1,1,-1,1,-1,-1,1,-1,1,-1,1,-1,1,-1,-1,1,-1,-1,-1,1,1,-1,1,-1,1,1,1,-1,1,-1,-1,-1,-1,1,-1,1,1,1,-1,1,1,-1,1,-1,-1,-1,1,1,-1,1,-1,-1,-1,1,1,-1,-1,1,1,-1,-1,1,1,-1,1,1,-1,1,1,1,1,-1,1,-1,1,1,-1,1,-1,1,1,-1,1,1,1,1,1,-1,-1,1,-1,-1,1,1,1,-1,1,1,1,-1,1,-1,-1,1,1,1,1,1,-1,1,1,1,-1,1,1,-1,1,1,1,-1,1,1,-1,-1,1,1,1,-1,1,-1,1,1,1,-1,1,1,-1,1,1,1,-1,1,-1,-1,1,1,1,-1,1,-1,-1,-1,1,1,-1,1,-1,-1,1,-1,1,-1,1,1,-1,-1,1,1,1,-1,1,-1,-1,1,1,-1,1,-1,1,-1,-1,-1,-1,1,1,-1,-1,1,1,-1,1,1,-1,-1,1,1,1,1,1,-1,1,1,1,-1,1,-1,-1,-1,-1,1,1,1,1,-1,-1,1,1,1,1,-1,-1,1,-1,-1,1,-1,-1,-1,-1,1,-1,1,-1,1,-1,1,1,-1,1,-1,1,-1,-1,1,-1,1,1,1,-1,-1,1,-1,-1,1,1,-1,-1,1,-1,1,1,-1,1,-1,1,-1,-1,1,1,-1,-1,1,-1,1,1,1,-1,1,1,-1,1,-1,1,-1,1,-1,-1,1,-1,1,-1,1,-1,-1,1,-1,-1,-1,1,-1,-1,1,-1,1,-1,1,-1,-1,1,-1,-1,1,-1,1,-1,1,-1,1,-1,1,1,-1,-1,-1,1,-1,1,-1,-1,1,-1,-1,1,1,1,-1,-1,1,1,-1,1,1,-1,-1,1,1,1,-1,1,1,-1,1,1,1,1,-1,-1,1,-1,-1,-1,1,-1,-1,-1,1,1,-1,1,-1,1,-1,-1,-1,1,1,-1,1,1,-1,-1,-1,1,-1,1,-1,-1,1,-1,1,-1,-1,1,1,-1,-1,1,-1,-1,-1,-1,-1,-1,1,-1,1,1,1,1,-1,1,-1,-1,1,-1,-1,-1,1,-1,-1,-1,-1,1,-1,-1,1,1,-1,1,-1,-1,1,1,1,1,-1,1,-1,-1,1,1,1,-1,-1,-1,1,1,1,1,-1,-1,-1,1,-1,1,-1,1,-1,-1,-1,1,1,1,-1,-1,-1,1,1,1,1,1,-1,-1,-1,1,1,1,1,-1,-1,-1,1,1,1,-1,-1,-1,1,1,1,1,1,-1,-1,-1,1,1,1,1,-1,-1,-1,1,1,-1,1,-1,-1,-1,1,1,1,1,-1,-1,1,1,1,1,-1,-1,1,1,-1,1,1,-1,-1,-1,1,1,1,1,1,-1,1,1,1,1,1,-1,-1,-1,1,-1,1,-1,-1,-1,-1,1,-1,1,1,1,-1,-1,1,-1,1,1,-1,-1,-1,1,1,1,1,-1,-1,-1,1,-1,1,1,-1,-1,-1,1,1,-1,-1,-1,-1,-1,1,-1,1,-1,-1,-1,-1,-1,-1,-1,1,-1,-1,-1,1,-1,-1,1,-1,-1,-1,-1,-1,-1,1,-1,-1,-1,-1,-1,1,-1,-1,-1,1,-1,-1,1,-1,1,-1,-1,-1,-1,-1,-1,-1,1,-1,-1,-1,1,1,1,-1,-1,1,-1,-1,-1,-1,-1,1,-1,-1,1,1,1,-1,-1,-1,-1,1,-1,1,1,-1,1,-1,-1,1,1,-1,-1,-1,-1,-1,-1,1,1,-1,-1,1,-1,1,1,-1,-1,-1,1,-1,1,1,-1,-1,1,-1,-1,1,1,1,-1,1,-1,1,1,1,-1,-1,1,-1,-1,1,1,1,-1,1,-1,-1,1,1,-1,1,1,-1,-1,1,1,-1,1,1,-1,-1,1,1,-1,1,1,-1,-1,1,1,1,1,-1,1,-1,-1,1,1,-1,1,-1,-1,1,-1,1,1,1,1,-1,-1,1,-1,1,1,1,-1,1,1,1,1,-1,1,-1,1,1,1,1,1,1,1,-1,1,1,1,1,-1,1,-1,1,1,1,1,1,-1,1,1,1,1,-1,1,1,-1,1,1,-1,1,1,-1,-1,1,1,1,1,-1,1,-1,1,1,1,-1,-1,1,-1,1,1,1,-1,1,-1,-1,-1,1,1,-1,-1,1,-1,-1,1,1,-1,-1,1,-1,-1,1,1,1,-1,1,-1,-1,1,1,-1,-1,-1,1,-1,-1,1,-1,1,1,-1,1,1,-1,-1,1,1,-1,-1,1,1,-1,1,1,-1,1,1,-1,-1,-1,-1,1,-1,-1,-1,-1,-1,1,-1,1,1,-1,1,1,-1,1,1,1,1,-1,1,-1,1,1,1,-1,-1,1,-1,1,1,1,-1,1,1,-1,-1,1,1,-1,-1,1,-1,1,1,1,1,-1,1,-1,-1,1,1,-1,-1,1,1,-1,1,-1,1,-1,1,-1,-1,1,-2670.0,1,2000,445,0,False
1151,1,1,-1,-1,1,1,-1,-1,1,1,1,-1,1,1,1,1,-1,1,1,-1,1,-1,1,1,1,1,-1,-1,1,1,1,1,-1,-1,-1,-1,1,1,1,1,-1,-1,-1,1,1,1,1,-1,1,1,1,1,-1,1,-1,-1,1,-1,1,1,1,-1,-1,-1,1,1,1,1,-1,-1,-1,1,1,1,1,-1,-1,-1,1,1,1,-1,-1,-1,1,1,1,1,-1,-1,-1,1,1,1,1,-1,-1,1,1,-1,1,1,-1,-1,1,1,1,1,1,-1,-1,1,1,1,1,1,-1,-1,1,1,1,1,1,1,-1,-1,1,1,-1,1,1,-1,1,1,1,1,1,1,-1,-1,1,1,1,1,1,-1,1,1,1,1,1,1,-1,-1,-1,1,1,1,1,-1,1,1,1,1,-1,1,-1,1,-1,1,1,1,-1,-1,1,1,1,1,1,-1,1,-1,-1,1,-1,1,-1,1,1,1,1,1,1,1,1,1,-1,1,-1,1,-1,1,1,-1,1,-1,1,1,-1,1,-1,1,-1,1,-1,1,1,-1,1,-1,1,1,1,1,-1,-1,1,1,-1,-1,1,-1,1,-1,1,1,-1,1,-1,1,-1,1,-1,1,1,-1,-1,-1,1,1,-1,1,-1,1,1,1,-1,1,1,-1,-1,-1,1,-1,1,-1,1,-1,1,1,-1,1,-1,-1,-1,1,1,-1,1,-1,-1,-1,1,1,-1,-1,1,1,-1,-1,1,1,-1,1,1,-1,1,1,1,1,-1,1,-1,1,1,-1,1,-1,1,-1,1,1,1,1,1,1,-1,-1,1,-1,-1,-1,1,1,-1,1,1,1,-1,1,1,1,1,1,1,1,1,-1,1,1,1,-1,1,1,-1,1,1,1,-1,1,1,-1,-1,1,1,1,-1,1,-1,1,1,1,-1,1,1,-1,1,1,1,-1,1,1,-1,1,1,1,-1,1,1,1,-1,1,1,-1,1,1,-1,1,-1,1,-1,1,1,1,-1,1,1,1,-1,1,1,-1,1,1,-1,1,1,1,-1,-1,-1,-1,1,1,1,-1,1,1,-1,1,1,-1,-1,1,1,1,1,1,-1,1,1,1,-1,1,1,1,-1,-1,1,1,-1,-1,1,-1,1,1,1,-1,1,1,-1,-1,-1,1,-1,-1,1,-1,1,-1,1,-1,1,1,1,-1,-1,1,-1,-1,1,-1,1,-1,1,1,1,1,1,1,-1,-1,1,-1,1,1,-1,-1,1,1,1,-1,1,-1,-1,-1,1,-1,1,1,-1,-1,1,1,1,1,-1,1,-1,1,-1,1,1,-1,-1,-1,1,-1,1,1,-1,-1,-1,1,-1,1,1,1,-1,-1,1,-1,-1,1,-1,-1,-1,1,-1,1,1,1,-1,-1,1,-1,-1,1,-1,-1,-1,-1,-1,-1,1,-1,-1,-1,1,-1,-1,1,-1,-1,-1,-1,1,-1,1,-1,-1,-1,-1,1,-1,-1,1,1,1,-1,1,-1,1,-1,1,-1,1,-1,-1,-1,1,-1,-1,-1,1,1,-1,1,-1,1,1,1,-1,1,1,-1,-1,-1,1,-1,-1,1,-1,-1,1,1,1,-1,1,-1,-1,1,1,-1,-1,1,-1,-1,1,1,-1,-1,1,-1,-1,-1,1,1,-1,1,1,-1,-1,1,-1,-1,1,-1,1,-1,1,1,-1,-1,1,-1,-1,-1,-1,-1,1,1,1,-1,-1,1,-1,-1,1,-1,-1,1,-1,-1,1,1,-1,-1,1,-1,-1,1,1,-1,1,-1,-1,-1,-1,1,1,-1,-1,-1,-1,1,1,-1,-1,1,-1,-1,-1,1,1,-1,-1,-1,-1,-1,1,-1,-1,-1,-1,-1,1,1,1,-1,-1,-1,-1,-1,1,1,-1,-1,-1,-1,-1,1,1,1,-1,-1,-1,-1,1,1,-1,-1,-1,-1,1,1,1,1,1,-1,1,1,1,1,1,1,-1,-1,1,1,1,-1,-1,-1,1,1,1,1,-1,1,-1,-1,1,-1,1,-1,1,-1,-1,1,-1,1,1,1,-1,-1,1,-1,1,-1,1,-1,-1,1,-1,1,1,1,-1,-1,1,-1,1,1,1,-1,-1,1,1,-1,1,1,-1,-1,1,-1,1,-1,1,-1,-1,-1,-1,-1,1,1,-1,-1,1,-1,-1,1,1,-1,-1,-1,-1,1,-1,1,-1,-1,-1,-1,1,1,-1,-1,1,-1,-1,1,-1,1,-1,-1,-1,-1,-1,1,1,1,-1,-1,-1,1,1,1,-1,-1,-1,1,-1,-1,1,-1,1,-1,-1,1,1,1,-1,-1,-1,-1,1,-1,1,1,-1,1,-1,-1,1,1,-1,-1,-1,-1,-1,-1,1,1,-1,-1,1,-1,1,1,-1,-1,-1,1,-1,1,1,-1,-1,1,-1,-1,1,1,1,-1,1,-1,1,1,1,-1,-1,1,-1,-1,1,1,1,-1,1,-1,-1,1,1,-1,1,1,-1,-1,1,1,-1,1,1,-1,-1,1,1,-1,1,1,-1,-1,1,1,1,1,1,1,-1,-1,1,-1,1,1,-1,-1,1,-1,1,1,1,1,-1,-1,1,-1,1,1,1,-1,1,1,1,1,-1,1,-1,1,1,1,1,1,1,1,-1,1,1,1,1,-1,1,-1,1,1,1,1,1,-1,1,1,1,1,-1,1,1,-1,1,1,-1,1,1,-1,-1,1,1,1,1,-1,1,-1,1,1,1,-1,-1,1,-1,1,1,1,-1,1,-1,-1,-1,1,1,-1,-1,1,-1,-1,1,1,1,-1,1,-1,-1,1,1,1,-1,-1,-1,-1,1,1,-1,-1,-1,1,-1,1,1,-1,1,1,-1,1,1,-1,-1,1,1,-1,-1,1,1,-1,1,1,-1,1,1,-1,-1,-1,-1,1,-1,-1,-1,-1,-1,1,-1,1,1,-1,1,1,-1,1,1,1,1,-1,1,-1,1,1,1,1,-1,1,-1,-1,1,1,1,-1,1,-1,1,1,1,1,-1,1,-1,1,1,-1,-1,-1,1,-1,-1,1,1,-1,-1,-1,1,-1,1,-1,1,-1,1,-1,1,1,-2670.0,1,2000,445,1000,False
1152,1,1,-1,-1,1,-1,-1,-1,1,1,1,-1,1,1,1,1,-1,1,-1,-1,-1,-1,1,1,1,-1,-1,-1,1,1,1,1,1,-1,-1,-1,1,1,1,1,-1,-1,-1,1,1,1,-1,-1,1,1,1,1,-1,1,-1,-1,1,-1,1,1,-1,-1,-1,-1,1,1,1,-1,-1,-1,-1,1,1,1,1,-1,-1,-1,1,1,1,-1,-1,-1,1,1,1,1,-1,-1,-1,1,1,1,1,-1,-1,1,1,-1,1,1,-1,-1,1,1,1,1,1,-1,-1,-1,1,1,1,1,-1,-1,1,1,1,1,1,1,-1,-1,1,1,-1,1,1,-1,1,1,1,1,1,1,-1,1,1,1,1,1,1,-1,1,1,1,1,1,1,-1,-1,-1,1,1,1,1,-1,1,1,1,1,-1,1,-1,1,-1,1,1,1,-1,-1,1,1,1,1,1,-1,1,-1,-1,1,-1,1,-1,1,1,1,1,1,1,-1,1,1,-1,1,-1,1,1,-1,1,-1,1,-1,1,-1,-1,1,-1,1,-1,1,-1,1,1,-1,1,-1,1,1,1,1,-1,-1,1,1,-1,-1,1,-1,1,-1,-1,1,-1,1,-1,1,-1,1,-1,1,1,-1,-1,-1,1,-1,1,1,-1,1,1,1,1,1,1,-1,1,-1,-1,1,1,-1,1,-1,1,-1,1,1,-1,-1,-1,1,1,1,1,-1,-1,-1,1,1,-1,1,1,1,-1,-1,1,1,1,1,1,-1,1,1,-1,1,-1,1,-1,1,1,1,1,-1,1,1,1,1,1,1,1,1,-1,-1,1,-1,1,-1,1,1,-1,1,1,1,-1,1,1,1,1,1,1,-1,1,-1,1,1,1,1,-1,1,-1,1,1,1,-1,1,1,-1,-1,1,1,-1,1,1,-1,1,1,1,1,1,1,-1,1,1,1,1,1,1,-1,1,1,1,1,1,1,1,-1,1,1,1,1,1,-1,1,-1,1,-1,1,1,1,-1,1,1,1,1,1,1,-1,1,1,1,-1,1,1,-1,-1,-1,-1,1,1,1,-1,1,1,-1,1,1,-1,-1,1,1,1,1,1,-1,1,1,1,-1,1,1,1,-1,-1,1,1,1,-1,1,-1,1,-1,1,1,1,1,-1,-1,-1,1,-1,-1,1,1,-1,1,-1,1,1,1,1,1,-1,1,-1,-1,1,-1,1,-1,1,-1,-1,1,1,1,-1,-1,1,-1,1,1,1,-1,1,1,1,-1,1,1,-1,1,-1,-1,1,1,1,-1,-1,-1,1,1,1,1,-1,1,-1,1,1,1,-1,1,1,-1,1,1,1,-1,-1,1,-1,1,1,1,-1,1,-1,1,-1,1,1,-1,-1,1,-1,1,1,1,1,-1,1,-1,-1,1,1,1,-1,-1,-1,-1,1,1,-1,-1,1,-1,-1,1,-1,1,-1,-1,1,-1,1,-1,1,-1,-1,1,-1,-1,1,1,1,-1,1,-1,1,-1,-1,1,1,-1,-1,-1,1,-1,-1,1,1,1,-1,1,-1,1,1,1,-1,1,1,-1,1,-1,1,-1,-1,1,-1,-1,1,1,1,-1,1,-1,-1,1,1,-1,-1,1,-1,-1,1,1,-1,-1,1,-1,-1,-1,1,1,-1,1,1,-1,-1,1,-1,-1,1,-1,1,-1,1,1,-1,-1,1,-1,-1,-1,-1,-1,1,1,1,-1,-1,1,-1,-1,1,-1,-1,1,-1,-1,1,1,-1,-1,1,-1,-1,1,1,-1,1,-1,1,-1,-1,1,1,-1,-1,-1,-1,-1,1,-1,-1,1,-1,-1,-1,1,1,-1,-1,-1,-1,-1,1,-1,-1,-1,-1,-1,1,1,1,-1,-1,-1,-1,-1,1,1,-1,-1,-1,-1,-1,1,1,1,-1,-1,-1,-1,1,1,-1,-1,-1,-1,1,1,1,1,-1,-1,1,1,1,1,1,-1,-1,-1,1,1,1,-1,1,-1,1,1,1,1,-1,1,-1,-1,1,-1,1,-1,1,-1,-1,1,-1,1,-1,-1,-1,-1,1,-1,1,-1,1,-1,-1,1,-1,1,-1,1,-1,-1,1,-1,1,-1,-1,-1,-1,1,1,-1,-1,-1,-1,-1,1,-1,1,-1,-1,-1,-1,-1,-1,-1,1,-1,-1,-1,1,-1,-1,1,-1,-1,-1,-1,-1,-1,1,-1,-1,-1,-1,-1,1,-1,-1,-1,1,-1,-1,1,-1,1,-1,-1,-1,-1,-1,-1,-1,1,-1,-1,-1,1,1,1,-1,-1,1,-1,-1,-1,-1,-1,1,-1,-1,1,1,1,-1,-1,-1,-1,1,-1,1,1,-1,1,-1,-1,1,1,1,-1,-1,-1,-1,-1,1,1,-1,-1,1,-1,1,1,-1,-1,-1,1,-1,1,1,-1,-1,1,1,-1,1,1,1,-1,1,-1,1,1,1,-1,-1,1,-1,-1,1,-1,1,1,-1,-1,-1,1,1,1,-1,1,-1,-1,1,1,1,1,-1,1,-1,1,1,1,1,1,-1,-1,1,1,1,1,1,-1,-1,1,1,1,1,-1,-1,-1,1,-1,1,1,1,-1,-1,-1,1,-1,1,1,-1,-1,1,1,1,1,1,-1,-1,1,1,1,1,1,-1,-1,-1,1,1,1,1,-1,1,-1,1,1,1,-1,-1,1,-1,1,1,1,-1,-1,1,-1,1,1,-1,1,-1,-1,-1,1,1,1,1,-1,-1,-1,1,1,1,-1,-1,-1,-1,1,1,1,-1,1,-1,-1,-1,1,1,-1,1,-1,-1,-1,1,1,1,-1,1,-1,1,1,1,1,-1,1,-1,-1,1,1,-1,-1,1,1,1,-1,1,-1,1,-1,-1,1,1,-1,-1,1,-1,-1,-1,1,1,-1,1,-1,1,1,1,-1,-1,-1,-1,-1,-1,-1,-1,-1,1,-1,1,1,1,-1,1,1,-1,1,1,1,1,-1,1,-1,1,1,1,-1,-1,1,-1,1,1,1,-1,-1,1,-1,1,1,1,-1,-1,1,-1,1,1,1,1,-1,1,-1,-1,1,1,-1,-1,-1,1,-1,1,-1,1,-1,1,-1,-1,1,-2670.0,1,2000,445,0,False
1153,1,1,-1,-1,1,1,-1,-1,1,1,1,-1,1,1,1,1,-1,1,-1,-1,-1,-1,1,1,1,-1,-1,-1,1,1,1,1,-1,-1,-1,-1,1,1,1,1,-1,-1,-1,1,1,1,1,-1,1,1,1,1,-1,1,-1,-1,1,-1,1,1,1,-1,-1,-1,1,1,1,1,-1,-1,-1,1,1,1,1,-1,-1,-1,1,1,1,-1,-1,-1,1,1,1,1,-1,-1,-1,1,1,1,1,-1,-1,1,1,-1,1,1,-1,-1,1,1,1,1,1,-1,-1,-1,1,-1,1,1,-1,-1,1,1,1,1,1,1,-1,-1,1,1,-1,1,1,-1,1,1,1,1,1,1,-1,1,1,1,1,1,1,-1,1,1,1,1,1,1,-1,-1,-1,1,1,1,1,-1,1,1,1,1,-1,1,-1,1,1,1,1,1,-1,-1,1,1,1,1,1,-1,1,-1,-1,1,-1,1,-1,1,1,1,1,1,1,1,1,1,-1,1,-1,1,-1,1,1,-1,1,-1,1,1,-1,1,-1,1,-1,1,-1,1,1,-1,1,-1,1,1,1,1,-1,-1,1,1,-1,-1,1,-1,1,-1,-1,1,-1,1,-1,1,-1,1,-1,1,1,-1,1,-1,1,1,-1,1,-1,1,1,1,-1,1,1,-1,1,-1,1,-1,1,-1,1,-1,1,1,-1,1,-1,-1,-1,1,1,-1,1,-1,-1,-1,1,1,-1,-1,1,1,-1,-1,1,1,-1,1,1,-1,1,1,1,1,-1,1,-1,1,1,-1,1,-1,1,1,1,1,1,1,1,1,-1,-1,1,-1,-1,-1,1,1,-1,1,1,1,-1,1,1,1,1,1,1,-1,1,-1,1,1,1,-1,1,1,-1,1,1,1,-1,1,1,-1,-1,1,1,1,-1,1,-1,1,1,1,-1,1,1,-1,1,1,1,-1,1,1,-1,1,1,1,-1,1,1,-1,-1,1,1,-1,1,1,-1,1,-1,1,-1,1,1,1,-1,1,1,1,-1,1,1,-1,1,1,-1,1,1,1,-1,-1,-1,-1,1,1,1,-1,1,1,-1,1,1,-1,-1,1,1,1,1,1,-1,1,1,1,-1,1,1,1,1,-1,1,1,1,-1,1,-1,1,1,1,1,1,1,-1,-1,-1,1,-1,-1,1,1,-1,1,1,-1,1,1,1,1,-1,1,-1,-1,1,-1,1,-1,1,1,1,1,1,1,-1,-1,1,-1,1,1,1,-1,1,1,1,-1,1,1,-1,-1,1,-1,1,1,1,-1,1,1,1,1,1,1,-1,1,-1,-1,1,1,-1,-1,1,-1,1,1,1,-1,-1,1,-1,1,1,1,-1,-1,1,-1,-1,1,1,-1,-1,1,-1,1,1,1,1,-1,1,1,-1,1,1,1,-1,-1,1,1,1,1,-1,-1,1,1,-1,1,-1,1,-1,-1,1,-1,1,-1,1,-1,-1,1,-1,-1,1,1,1,-1,1,-1,1,-1,-1,1,1,-1,-1,-1,1,-1,-1,-1,1,1,-1,1,-1,1,1,1,-1,1,1,-1,1,-1,1,-1,1,1,-1,-1,1,1,1,-1,1,-1,-1,1,1,-1,-1,1,-1,-1,1,1,-1,-1,1,-1,-1,-1,1,1,-1,1,-1,-1,-1,1,-1,-1,1,-1,1,-1,1,1,-1,-1,1,-1,-1,-1,-1,-1,-1,1,1,-1,-1,1,-1,1,1,-1,-1,1,-1,-1,-1,1,-1,-1,1,1,-1,1,1,-1,1,-1,1,-1,-1,1,1,-1,-1,-1,-1,-1,1,-1,-1,1,-1,-1,-1,1,1,-1,-1,-1,-1,-1,1,-1,-1,-1,-1,-1,1,1,1,-1,-1,-1,-1,-1,1,1,-1,-1,-1,-1,-1,1,1,1,-1,-1,-1,-1,1,1,-1,-1,-1,-1,1,1,1,1,-1,-1,1,1,1,1,1,-1,-1,-1,1,1,1,-1,1,-1,1,1,1,1,-1,1,-1,-1,1,-1,1,-1,1,-1,-1,1,-1,1,-1,-1,-1,-1,1,-1,1,-1,1,-1,-1,1,-1,1,-1,1,-1,-1,1,-1,1,-1,-1,-1,-1,1,1,-1,-1,-1,-1,-1,1,-1,1,-1,-1,-1,-1,-1,-1,-1,1,-1,-1,-1,1,-1,-1,1,-1,-1,-1,-1,-1,1,1,-1,-1,-1,-1,-1,1,-1,-1,-1,1,-1,-1,1,-1,1,-1,-1,-1,-1,-1,-1,-1,1,-1,-1,-1,1,1,-1,-1,-1,1,-1,-1,-1,-1,-1,1,-1,-1,1,-1,1,-1,-1,-1,-1,1,-1,1,1,-1,1,-1,-1,1,1,-1,-1,-1,-1,-1,-1,1,1,-1,-1,1,-1,1,1,-1,-1,-1,1,-1,-1,1,-1,-1,1,-1,-1,1,1,1,-1,1,-1,1,1,1,-1,-1,1,-1,-1,1,1,1,-1,1,-1,-1,1,1,-1,1,1,-1,-1,1,1,-1,1,1,-1,-1,1,1,-1,1,1,-1,-1,1,1,1,1,1,1,-1,-1,1,1,-1,1,-1,-1,1,-1,1,1,1,1,-1,-1,1,-1,1,1,1,-1,1,1,1,1,-1,1,-1,1,1,1,1,1,1,1,-1,1,1,1,1,-1,1,-1,1,1,1,1,1,-1,1,1,1,1,-1,1,1,-1,1,1,-1,1,1,-1,-1,1,1,1,1,-1,1,-1,1,1,1,-1,-1,1,-1,1,1,1,-1,1,-1,-1,-1,1,1,-1,-1,1,-1,-1,1,1,-1,-1,1,-1,-1,1,1,1,-1,1,-1,-1,1,1,-1,-1,-1,1,-1,1,1,-1,1,1,-1,1,1,-1,-1,1,1,-1,-1,1,1,-1,1,1,-1,1,1,-1,-1,-1,-1,1,-1,-1,-1,-1,1,-1,-1,1,1,-1,1,1,-1,1,1,1,1,-1,1,-1,1,1,1,-1,-1,1,-1,1,-1,1,-1,-1,1,-1,-1,1,1,-1,-1,1,-1,1,1,1,1,-1,1,-1,-1,1,1,-1,-1,-1,1,-1,1,-1,1,-1,1,-1,-1,1,-2670.0,1,2000,445,0,False
1154,1,1,-1,-1,1,1,-1,-1,1,1,1,-1,1,1,1,1,-1,1,-1,-1,-1,-1,1,1,1,-1,1,-1,1,1,1,1,1,-1,-1,-1,1,-1,1,1,-1,-1,-1,1,1,1,1,-1,1,1,1,1,-1,1,-1,-1,1,-1,1,1,-1,-1,-1,-1,1,1,1,1,-1,-1,-1,1,1,1,1,-1,-1,-1,1,1,1,-1,-1,-1,1,1,1,1,-1,-1,1,1,1,1,1,-1,-1,-1,1,-1,1,1,-1,-1,1,1,1,1,1,-1,-1,-1,1,-1,1,1,-1,-1,1,1,1,1,1,1,-1,-1,1,1,-1,1,1,-1,1,1,1,1,1,1,-1,1,1,1,1,1,1,-1,1,1,1,1,1,1,-1,-1,-1,1,1,1,1,-1,1,1,1,1,-1,1,-1,1,-1,1,1,1,-1,-1,1,1,1,1,1,-1,1,-1,-1,1,-1,1,-1,1,1,1,1,1,1,1,1,1,-1,1,-1,1,-1,1,1,-1,1,-1,1,1,-1,1,-1,1,-1,1,-1,1,1,-1,1,-1,1,1,1,1,-1,-1,1,1,-1,-1,1,-1,1,-1,1,1,-1,1,-1,1,-1,1,-1,-1,1,-1,-1,-1,1,1,-1,1,-1,1,1,1,-1,1,1,-1,1,-1,1,-1,1,-1,1,-1,1,1,-1,1,-1,-1,-1,1,1,-1,1,-1,-1,-1,1,1,-1,-1,1,1,-1,-1,1,1,-1,1,1,-1,1,1,1,1,-1,1,-1,1,1,-1,1,-1,1,-1,1,1,1,1,1,1,-1,-1,1,-1,-1,-1,1,1,-1,1,1,1,-1,1,1,1,1,1,1,-1,1,-1,1,1,1,-1,-1,1,-1,1,1,1,-1,1,1,-1,-1,1,1,1,-1,1,-1,1,1,1,-1,1,1,-1,1,1,1,-1,1,1,-1,1,1,1,-1,1,1,1,-1,1,1,-1,1,1,-1,1,-1,1,-1,1,1,1,-1,1,1,1,1,1,1,-1,1,1,-1,1,1,1,-1,-1,-1,-1,1,1,1,-1,1,1,-1,1,1,-1,-1,1,1,1,1,1,-1,1,1,1,-1,1,1,1,1,-1,1,1,1,-1,1,-1,1,1,1,1,1,1,-1,-1,-1,1,-1,-1,1,1,-1,1,1,1,1,1,1,1,-1,1,-1,-1,1,-1,1,-1,1,1,-1,1,1,1,-1,-1,1,-1,1,1,1,-1,1,1,1,-1,1,1,-1,-1,1,-1,1,1,1,-1,1,1,1,1,1,1,-1,1,-1,-1,1,1,1,-1,1,-1,-1,1,1,-1,-1,1,-1,1,1,1,-1,-1,1,-1,-1,1,1,-1,-1,1,-1,1,1,1,1,-1,1,1,-1,-1,1,1,-1,-1,1,1,-1,1,-1,-1,1,1,-1,1,-1,1,-1,-1,1,-1,1,-1,1,1,-1,1,-1,-1,1,1,1,-1,1,-1,1,-1,1,-1,1,-1,-1,-1,1,-1,-1,1,1,1,-1,1,-1,1,1,1,-1,1,1,-1,-1,-1,1,-1,-1,1,-1,-1,1,1,1,-1,1,-1,-1,1,1,-1,-1,1,-1,-1,1,1,-1,-1,1,-1,-1,-1,1,1,-1,1,1,-1,-1,1,-1,-1,1,-1,1,-1,1,1,-1,-1,1,-1,-1,-1,-1,-1,1,1,1,-1,1,1,-1,-1,1,-1,-1,-1,-1,-1,1,1,-1,-1,-1,1,-1,1,1,-1,1,1,1,-1,-1,1,1,-1,-1,-1,-1,1,1,-1,-1,1,-1,-1,-1,1,1,-1,-1,-1,-1,-1,1,-1,-1,1,-1,-1,1,1,1,-1,1,-1,-1,-1,1,1,-1,-1,-1,-1,-1,1,1,1,-1,-1,-1,-1,1,1,-1,-1,-1,-1,1,1,1,1,-1,-1,1,1,1,1,1,-1,-1,-1,1,1,1,-1,1,-1,1,1,1,1,-1,1,-1,-1,1,-1,1,-1,1,-1,-1,1,-1,1,-1,-1,-1,-1,1,-1,1,-1,1,1,-1,1,-1,1,-1,1,1,-1,1,-1,1,-1,-1,-1,-1,1,1,-1,-1,-1,-1,-1,1,-1,1,-1,-1,-1,-1,-1,-1,-1,1,-1,-1,-1,1,-1,-1,1,-1,-1,-1,-1,-1,1,1,-1,-1,-1,-1,-1,1,-1,-1,-1,1,-1,-1,1,-1,1,-1,-1,-1,-1,-1,-1,-1,1,-1,-1,-1,1,1,-1,-1,-1,-1,1,-1,-1,-1,-1,1,-1,-1,1,-1,1,-1,-1,-1,-1,1,-1,1,1,-1,1,-1,-1,1,1,-1,-1,-1,-1,-1,-1,1,1,-1,-1,1,-1,1,1,-1,-1,-1,1,-1,-1,1,-1,-1,1,-1,-1,1,1,1,-1,1,-1,1,1,1,-1,-1,1,-1,-1,1,1,1,-1,1,-1,-1,1,1,-1,1,1,-1,-1,1,1,1,1,1,-1,-1,1,1,1,1,1,-1,-1,1,1,1,1,-1,1,-1,-1,1,1,1,1,-1,-1,1,-1,1,1,1,1,-1,-1,1,-1,1,1,1,-1,1,1,1,1,-1,1,-1,1,1,1,1,1,1,1,-1,1,1,1,1,-1,1,-1,1,1,1,1,1,-1,1,1,1,1,-1,1,1,-1,1,1,-1,1,1,-1,-1,1,1,1,1,-1,1,-1,1,1,1,-1,-1,1,-1,1,1,1,-1,1,-1,-1,-1,1,1,-1,-1,1,-1,-1,1,1,-1,-1,1,-1,-1,-1,1,1,-1,1,-1,-1,1,1,-1,-1,-1,1,-1,-1,1,-1,1,1,-1,1,1,-1,-1,1,-1,-1,-1,1,1,-1,1,1,-1,1,1,-1,-1,1,-1,1,-1,-1,-1,-1,1,-1,-1,1,1,-1,1,1,-1,1,1,1,1,-1,1,-1,1,1,1,-1,-1,1,-1,-1,-1,1,-1,-1,1,-1,1,1,1,-1,-1,1,-1,1,1,1,1,-1,1,-1,-1,1,1,1,-1,-1,1,-1,1,-1,1,-1,1,-1,-1,1,-2670.0,1,2000,445,0,False
1155,1,1,-1,-1,1,-1,-1,-1,1,1,1,-1,1,1,1,1,-1,1,-1,-1,-1,-1,1,1,1,-1,-1,-1,1,1,1,1,-1,-1,-1,-1,1,-1,1,1,-1,-1,-1,1,1,1,1,-1,1,1,1,1,-1,1,-1,-1,1,-1,1,1,1,-1,-1,-1,1,1,1,1,-1,-1,-1,1,1,1,1,-1,-1,-1,1,1,1,-1,-1,-1,1,1,1,1,-1,-1,1,1,1,1,1,-1,-1,-1,1,-1,1,1,-1,-1,1,1,1,1,1,-1,-1,-1,1,-1,1,1,-1,-1,1,1,1,1,1,1,-1,-1,1,1,-1,1,1,-1,1,1,1,1,1,1,-1,1,1,1,1,1,1,-1,1,1,1,1,1,1,-1,-1,-1,1,1,1,1,-1,1,1,1,1,-1,1,-1,1,-1,1,1,1,-1,-1,1,1,1,1,1,-1,1,-1,-1,1,-1,1,-1,1,1,1,1,1,1,1,1,1,-1,1,-1,1,-1,1,1,-1,1,-1,1,1,-1,1,-1,1,-1,1,-1,1,1,-1,1,-1,1,1,1,1,-1,-1,1,1,-1,-1,1,-1,1,-1,-1,1,-1,1,-1,1,-1,1,-1,1,1,-1,-1,-1,1,1,-1,1,-1,1,1,1,-1,1,-1,-1,1,-1,1,-1,1,1,1,-1,1,1,-1,1,-1,-1,-1,1,1,-1,1,-1,-1,-1,1,1,-1,-1,1,1,-1,-1,1,1,-1,1,1,-1,1,1,1,1,-1,1,-1,1,1,-1,1,-1,1,1,1,1,1,-1,-1,1,-1,-1,1,-1,-1,-1,1,1,-1,1,1,1,-1,1,1,1,1,1,1,1,1,-1,1,1,1,1,-1,1,-1,1,1,1,-1,1,1,-1,-1,1,1,1,-1,1,-1,1,1,1,-1,1,1,-1,1,1,1,-1,1,1,-1,1,1,1,1,1,1,1,-1,1,1,-1,1,1,-1,1,-1,1,-1,1,1,1,-1,1,1,1,-1,1,1,-1,1,1,-1,1,1,1,-1,-1,-1,-1,1,1,1,-1,1,1,-1,1,1,-1,-1,1,1,1,1,1,-1,1,1,1,-1,1,1,1,-1,-1,1,1,1,-1,1,-1,1,1,1,1,1,1,-1,-1,-1,1,-1,-1,1,1,-1,1,1,-1,1,1,1,1,-1,1,-1,-1,1,-1,1,-1,1,1,-1,1,1,1,-1,-1,1,-1,1,1,1,-1,1,1,1,-1,1,1,-1,-1,1,-1,1,1,1,-1,1,1,1,1,1,1,-1,1,-1,1,1,1,-1,-1,1,-1,-1,1,1,-1,-1,1,-1,1,1,1,-1,-1,1,-1,-1,1,1,-1,-1,1,-1,1,1,1,1,-1,1,-1,-1,-1,1,1,-1,-1,-1,1,-1,1,-1,-1,1,-1,-1,1,-1,1,-1,-1,1,-1,1,-1,1,-1,-1,1,-1,-1,1,1,1,-1,1,-1,1,-1,-1,1,1,-1,-1,-1,1,-1,-1,1,1,1,-1,1,-1,1,1,1,-1,1,1,-1,-1,-1,1,-1,-1,1,-1,-1,1,1,1,-1,1,-1,-1,1,1,-1,-1,1,-1,-1,1,1,-1,-1,1,-1,-1,-1,1,1,-1,1,1,-1,-1,1,-1,-1,1,-1,1,-1,1,1,-1,-1,1,-1,-1,-1,-1,-1,1,1,1,-1,1,1,-1,-1,1,-1,1,-1,-1,-1,1,1,-1,-1,-1,1,-1,1,1,-1,1,1,1,-1,-1,1,1,-1,-1,-1,-1,-1,1,-1,-1,1,-1,-1,-1,1,1,-1,-1,-1,-1,-1,1,-1,-1,1,-1,-1,1,1,1,-1,1,-1,-1,-1,1,1,-1,-1,-1,-1,-1,1,1,1,-1,-1,-1,-1,1,1,-1,-1,-1,-1,1,1,1,1,-1,-1,1,1,1,1,1,-1,-1,-1,1,1,1,-1,1,-1,1,1,1,1,-1,1,-1,-1,1,-1,1,-1,1,-1,-1,1,-1,1,-1,-1,-1,-1,1,-1,1,-1,1,1,-1,1,-1,1,-1,1,1,-1,1,-1,1,-1,-1,-1,-1,1,1,-1,-1,-1,-1,-1,1,-1,1,-1,-1,-1,-1,-1,-1,-1,1,-1,-1,-1,1,-1,-1,1,-1,-1,-1,-1,-1,-1,1,-1,-1,-1,-1,-1,1,-1,-1,-1,1,-1,-1,1,-1,1,-1,-1,-1,-1,-1,-1,-1,1,-1,-1,-1,1,1,1,-1,-1,1,1,-1,-1,-1,-1,1,-1,-1,1,-1,1,-1,-1,-1,-1,1,-1,1,1,-1,1,-1,-1,1,1,-1,-1,-1,-1,-1,-1,1,1,-1,-1,1,-1,1,1,-1,-1,-1,1,-1,-1,1,-1,-1,1,-1,-1,1,1,1,-1,1,-1,1,1,1,-1,-1,1,-1,-1,1,1,1,-1,1,-1,-1,1,1,-1,1,1,-1,-1,1,1,-1,1,1,-1,-1,1,1,-1,1,1,-1,-1,1,1,1,1,1,1,-1,-1,1,1,-1,1,-1,-1,1,-1,1,1,1,1,-1,-1,1,-1,1,1,1,-1,1,1,1,1,-1,1,-1,1,1,1,1,1,1,1,-1,1,1,1,1,-1,1,-1,1,1,1,1,1,-1,1,1,1,1,-1,-1,1,-1,1,1,-1,1,1,-1,-1,1,1,1,-1,1,1,-1,1,1,1,-1,-1,1,-1,1,1,1,-1,1,-1,-1,-1,1,1,-1,-1,1,-1,-1,1,1,1,-1,1,-1,-1,1,1,1,1,-1,-1,-1,1,1,-1,-1,-1,1,-1,-1,1,-1,1,1,-1,1,1,-1,-1,1,1,-1,-1,1,1,-1,1,1,-1,1,1,-1,-1,1,-1,1,-1,-1,-1,-1,1,-1,-1,1,1,-1,1,1,-1,1,1,1,1,-1,1,-1,1,1,1,-1,-1,1,-1,-1,1,1,-1,1,1,-1,1,1,1,-1,-1,1,-1,1,1,1,1,-1,1,-1,-1,1,1,1,-1,1,1,-1,1,-1,1,-1,1,-1,-1,1,-2670.0,1,2000,445,0,False
1156,1,1,-1,-1,1,-1,1,-1,1,1,1,-1,1,1,1,1,-1,1,-1,-1,1,-1,1,1,1,-1,-1,-1,1,1,1,1,1,-1,-1,-1,1,1,1,-1,-1,-1,-1,1,1,1,1,-1,1,1,1,1,-1,1,-1,-1,1,-1,1,1,1,-1,-1,-1,1,1,1,1,-1,-1,-1,1,1,1,1,-1,-1,-1,1,1,1,-1,-1,-1,1,1,1,1,-1,-1,-1,1,1,1,1,-1,-1,1,1,-1,1,1,-1,-1,1,1,1,1,1,-1,-1,1,1,-1,1,1,-1,-1,1,1,1,1,1,1,-1,1,1,1,-1,1,1,-1,1,1,1,1,1,1,-1,-1,1,1,1,1,1,-1,1,1,1,1,1,1,-1,-1,-1,1,1,1,1,-1,1,1,1,1,-1,1,-1,1,-1,1,1,1,-1,-1,1,1,1,1,1,-1,1,-1,-1,1,-1,1,-1,1,1,1,1,1,1,1,1,1,-1,1,-1,1,-1,1,1,-1,1,-1,1,1,-1,1,-1,1,-1,1,-1,1,1,-1,1,-1,1,1,1,1,-1,-1,1,1,-1,-1,1,-1,1,-1,-1,1,-1,1,-1,1,-1,1,-1,1,1,-1,-1,-1,1,1,-1,1,-1,1,1,1,-1,1,1,-1,1,-1,1,-1,1,-1,1,-1,1,1,-1,1,-1,-1,-1,1,1,-1,1,-1,-1,-1,1,1,-1,-1,1,1,-1,-1,1,1,-1,1,1,-1,1,1,1,1,-1,1,-1,1,1,-1,1,-1,1,-1,1,1,1,1,1,1,-1,-1,1,-1,-1,1,1,1,-1,1,1,1,-1,1,1,1,1,1,1,1,1,-1,1,1,1,-1,1,1,-1,1,1,1,-1,1,1,-1,-1,1,1,1,-1,1,-1,1,1,1,-1,1,1,-1,1,1,1,-1,1,1,-1,1,1,1,-1,1,1,-1,-1,1,1,-1,1,1,-1,1,-1,1,-1,1,1,1,-1,1,1,1,-1,1,1,-1,1,1,-1,1,1,1,-1,-1,-1,-1,1,1,1,-1,1,1,-1,1,1,-1,-1,1,1,1,1,1,-1,1,1,1,-1,1,1,1,1,-1,1,1,1,-1,1,-1,1,1,1,1,1,1,-1,-1,-1,1,-1,-1,1,1,-1,1,1,1,1,1,1,1,-1,1,-1,-1,1,-1,1,-1,1,1,-1,1,1,1,-1,-1,1,-1,1,1,1,-1,1,1,1,-1,1,1,-1,-1,1,-1,1,1,1,-1,1,1,1,1,1,1,-1,1,-1,-1,1,1,-1,-1,1,-1,1,1,1,-1,-1,1,-1,1,1,1,-1,-1,1,-1,-1,1,1,-1,-1,1,-1,1,1,1,1,-1,1,1,-1,1,1,1,-1,-1,-1,-1,1,1,-1,-1,1,-1,-1,1,-1,1,-1,-1,1,-1,1,-1,1,-1,-1,1,-1,-1,1,1,1,-1,1,-1,1,-1,-1,-1,1,-1,-1,-1,1,-1,-1,1,1,1,-1,1,-1,1,1,1,-1,1,1,-1,1,-1,1,-1,-1,1,-1,-1,1,1,1,-1,1,-1,-1,1,1,-1,-1,1,-1,-1,1,1,-1,-1,1,-1,-1,-1,1,1,-1,1,1,-1,-1,1,-1,-1,1,-1,1,-1,1,1,-1,-1,1,-1,-1,-1,-1,-1,1,1,1,-1,-1,1,-1,-1,1,-1,-1,1,-1,-1,1,1,-1,-1,1,1,-1,1,1,-1,1,-1,1,-1,-1,1,1,-1,-1,-1,-1,-1,1,-1,-1,1,-1,-1,-1,1,1,-1,-1,-1,-1,-1,1,-1,-1,-1,-1,-1,1,1,1,-1,-1,-1,-1,-1,1,1,-1,-1,-1,-1,-1,1,1,1,-1,-1,-1,-1,1,1,-1,-1,-1,-1,1,1,1,1,-1,-1,1,1,1,1,1,-1,-1,-1,1,1,1,1,1,-1,1,1,1,1,-1,1,-1,-1,1,-1,1,-1,1,-1,-1,1,-1,1,-1,-1,-1,-1,1,-1,1,-1,1,-1,-1,1,-1,1,-1,1,-1,-1,1,-1,1,-1,-1,-1,-1,1,1,-1,-1,-1,-1,-1,1,-1,1,-1,-1,-1,-1,-1,-1,-1,1,-1,-1,-1,1,-1,-1,1,-1,-1,-1,-1,-1,-1,1,-1,-1,-1,-1,-1,1,-1,-1,-1,1,-1,-1,1,-1,1,-1,-1,-1,-1,-1,-1,-1,1,-1,-1,-1,1,1,-1,-1,-1,1,-1,-1,-1,-1,-1,1,-1,-1,1,1,1,-1,-1,-1,-1,1,-1,1,1,-1,1,-1,-1,1,1,-1,-1,-1,-1,-1,-1,1,1,-1,-1,1,-1,1,1,-1,-1,-1,1,-1,-1,1,-1,-1,1,-1,-1,1,1,1,-1,1,-1,1,1,1,-1,-1,1,-1,-1,1,1,1,-1,1,-1,-1,1,1,-1,1,1,-1,-1,1,1,1,1,1,-1,-1,1,1,-1,1,1,-1,-1,1,1,1,1,1,1,-1,-1,1,1,-1,1,-1,-1,1,-1,1,1,1,1,-1,-1,1,-1,1,1,1,-1,1,1,1,1,-1,1,-1,1,1,1,1,1,1,1,-1,1,1,1,1,-1,1,-1,1,1,1,1,1,-1,1,1,1,1,-1,1,1,-1,1,1,-1,1,1,-1,-1,1,1,1,1,-1,1,-1,1,1,1,-1,-1,1,-1,1,1,1,-1,1,-1,-1,-1,1,1,-1,-1,1,-1,-1,1,1,1,-1,1,-1,-1,1,1,1,-1,-1,-1,-1,1,1,-1,-1,-1,1,-1,-1,1,-1,1,1,-1,1,1,-1,-1,1,1,-1,-1,1,1,-1,1,1,-1,1,1,-1,-1,-1,-1,1,-1,-1,-1,-1,1,-1,-1,1,1,-1,1,1,-1,1,1,1,1,-1,1,-1,1,1,1,1,-1,1,-1,-1,1,1,1,-1,1,-1,1,1,1,1,-1,1,-1,1,1,-1,-1,-1,1,-1,-1,1,1,-1,-1,-1,1,-1,1,-1,1,-1,1,-1,-1,1,-2670.0,1,2000,445,0,False
1157,1,1,-1,-1,1,1,-1,-1,1,1,1,-1,-1,1,1,1,-1,1,1,-1,-1,-1,1,1,1,1,-1,-1,1,1,1,1,-1,-1,-1,-1,1,1,1,1,-1,-1,-1,1,1,1,1,-1,1,1,1,1,-1,1,-1,-1,1,-1,1,1,1,-1,-1,-1,1,1,1,1,-1,-1,-1,1,1,1,1,-1,-1,-1,1,1,1,-1,-1,-1,1,1,1,1,-1,-1,-1,1,1,1,1,-1,-1,1,1,-1,1,1,-1,-1,1,1,1,1,1,-1,-1,-1,1,-1,1,1,-1,-1,1,1,1,1,1,1,-1,-1,1,1,-1,1,1,-1,1,1,1,1,1,1,-1,1,1,1,1,1,1,-1,1,1,1,1,1,1,-1,-1,-1,1,1,1,1,-1,1,1,1,1,-1,1,-1,1,-1,1,1,1,-1,-1,1,1,1,1,1,-1,1,-1,-1,1,-1,1,-1,1,1,1,1,1,1,1,1,1,-1,1,-1,1,-1,1,1,-1,1,-1,1,1,-1,1,-1,1,-1,1,-1,1,1,-1,1,-1,1,1,1,1,-1,-1,1,1,-1,-1,1,-1,1,-1,-1,1,-1,1,-1,1,-1,1,-1,-1,1,-1,-1,-1,1,1,-1,1,-1,1,1,1,-1,1,-1,-1,1,-1,1,-1,1,1,1,-1,1,1,-1,1,-1,-1,-1,1,1,-1,1,-1,-1,-1,1,1,-1,-1,1,1,-1,-1,1,1,-1,1,1,-1,1,1,1,1,-1,1,-1,1,1,-1,1,-1,1,1,-1,1,1,1,1,1,-1,-1,1,-1,-1,-1,1,1,-1,1,1,1,-1,1,-1,-1,1,1,1,1,1,-1,1,1,1,-1,-1,1,-1,1,1,1,-1,1,1,-1,1,-1,1,1,-1,1,-1,1,1,1,-1,1,1,-1,1,1,1,-1,1,-1,-1,1,1,1,-1,1,-1,-1,1,1,1,-1,1,-1,-1,-1,-1,1,-1,1,1,-1,1,1,1,1,1,1,-1,-1,-1,1,-1,1,-1,-1,1,-1,-1,-1,1,1,-1,1,-1,1,-1,1,-1,1,-1,1,1,1,1,-1,1,-1,1,1,-1,1,-1,-1,-1,-1,1,1,1,1,-1,-1,1,1,1,1,-1,-1,1,-1,-1,1,-1,1,-1,1,-1,1,1,1,-1,-1,1,1,-1,1,-1,1,-1,-1,1,-1,1,1,-1,-1,-1,1,-1,-1,1,1,-1,-1,-1,-1,1,1,-1,1,-1,1,-1,-1,1,1,-1,-1,1,-1,1,1,-1,-1,1,1,-1,1,-1,1,-1,1,-1,1,1,-1,1,-1,1,-1,-1,1,-1,-1,-1,1,-1,-1,1,1,1,-1,1,-1,-1,1,-1,-1,1,-1,1,-1,1,1,1,-1,1,1,-1,1,-1,1,-1,1,-1,-1,1,-1,1,1,1,1,-1,-1,1,1,-1,1,1,-1,1,1,1,1,-1,1,1,-1,1,1,1,1,1,1,1,-1,-1,-1,1,-1,1,1,-1,1,-1,1,-1,1,-1,-1,-1,1,1,-1,1,1,-1,-1,-1,1,-1,1,1,-1,1,-1,1,-1,-1,-1,-1,-1,-1,1,-1,-1,-1,-1,-1,-1,1,-1,1,1,1,1,-1,1,-1,1,1,-1,-1,-1,1,-1,-1,1,-1,1,-1,-1,1,1,1,1,-1,-1,1,1,1,1,-1,1,-1,-1,1,1,1,-1,-1,-1,1,1,1,1,-1,1,-1,1,-1,1,-1,1,1,-1,-1,1,1,1,-1,-1,-1,-1,1,1,1,1,-1,-1,-1,1,1,1,1,-1,-1,-1,1,-1,1,-1,-1,-1,1,1,1,1,1,-1,-1,-1,1,-1,1,1,-1,-1,-1,1,1,-1,1,-1,-1,-1,1,1,1,1,-1,-1,1,1,1,-1,1,-1,1,1,-1,1,1,-1,-1,-1,1,1,-1,1,1,-1,1,1,1,-1,1,-1,-1,-1,1,-1,1,-1,-1,-1,-1,1,1,-1,1,1,-1,-1,1,-1,-1,1,-1,-1,-1,1,1,-1,1,-1,-1,-1,1,-1,-1,1,-1,-1,-1,1,1,1,-1,-1,-1,-1,1,-1,-1,1,-1,-1,-1,-1,-1,-1,1,-1,-1,-1,1,-1,-1,1,-1,-1,-1,-1,-1,1,1,-1,-1,-1,-1,-1,1,-1,-1,-1,1,-1,-1,1,-1,1,-1,-1,-1,-1,-1,-1,-1,1,-1,-1,-1,1,1,1,-1,-1,1,-1,1,-1,-1,-1,1,-1,-1,1,-1,1,-1,-1,-1,-1,1,-1,1,1,-1,1,-1,-1,1,1,-1,-1,-1,-1,-1,-1,1,1,-1,-1,1,-1,1,1,-1,-1,-1,1,-1,-1,1,-1,-1,1,-1,-1,1,1,1,-1,1,-1,1,1,1,-1,-1,1,-1,-1,1,-1,1,-1,1,-1,-1,1,1,-1,1,1,-1,-1,1,1,-1,1,1,-1,-1,1,1,-1,1,1,-1,-1,1,1,1,1,-1,1,-1,-1,1,-1,1,1,-1,-1,1,-1,1,1,1,1,-1,-1,1,-1,1,1,1,-1,1,-1,1,1,-1,1,-1,1,1,1,1,1,1,1,-1,-1,1,1,1,-1,1,-1,1,1,1,1,1,-1,1,-1,1,1,-1,1,1,-1,1,1,-1,1,1,-1,-1,1,1,1,1,-1,1,-1,-1,1,1,-1,-1,1,-1,1,1,1,-1,1,-1,-1,-1,1,1,-1,-1,1,-1,-1,1,1,1,-1,1,-1,-1,1,1,1,-1,1,-1,-1,1,1,-1,-1,-1,1,-1,1,1,-1,1,1,-1,1,1,-1,-1,1,-1,-1,-1,1,1,-1,1,1,-1,1,1,-1,-1,-1,-1,1,-1,-1,-1,-1,1,-1,-1,1,1,-1,1,1,-1,1,1,1,1,-1,1,-1,1,1,1,-1,-1,1,-1,-1,1,1,-1,1,1,-1,1,1,1,-1,-1,1,-1,1,1,1,1,-1,1,-1,-1,1,1,-1,-1,1,1,-1,1,1,1,-1,1,-1,-1,1,-2670.0,1,2000,445,1000,False
1158,1,1,-1,-1,1,-1,-1,-1,1,1,1,-1,1,1,1,1,-1,1,-1,-1,1,-1,1,1,1,-1,-1,-1,1,1,1,1,-1,-1,-1,-1,1,-1,1,1,-1,-1,-1,1,1,1,1,-1,1,1,1,1,-1,1,-1,-1,1,-1,1,1,1,-1,-1,-1,1,1,1,1,-1,-1,-1,1,1,1,1,-1,-1,-1,1,1,1,-1,-1,-1,1,1,1,1,-1,-1,-1,1,1,1,1,-1,-1,1,1,-1,1,1,-1,-1,1,1,1,1,1,-1,-1,1,1,-1,1,1,-1,-1,1,1,1,1,1,1,-1,-1,1,1,-1,1,1,-1,1,1,1,1,1,1,-1,-1,1,1,1,1,1,-1,1,1,1,1,1,1,-1,-1,-1,1,1,1,1,-1,1,1,1,1,-1,1,-1,1,-1,1,1,1,-1,-1,1,1,1,1,1,-1,1,-1,-1,1,-1,1,-1,1,1,1,1,1,1,1,1,1,-1,1,-1,1,-1,1,1,-1,1,-1,1,1,-1,1,-1,1,-1,1,-1,1,1,-1,1,-1,1,1,1,1,-1,-1,1,1,-1,-1,1,-1,1,-1,1,1,-1,1,-1,1,-1,1,-1,-1,1,-1,-1,-1,1,1,-1,1,-1,1,1,1,-1,1,1,-1,-1,-1,1,-1,1,-1,1,-1,1,1,-1,1,-1,-1,-1,1,1,-1,1,-1,-1,-1,1,1,-1,-1,1,1,-1,-1,1,1,-1,1,1,-1,1,1,1,1,-1,1,-1,1,1,-1,1,-1,1,1,-1,1,1,1,1,1,-1,-1,1,-1,-1,-1,1,1,-1,1,1,1,-1,1,-1,-1,1,1,1,1,1,-1,1,1,1,-1,-1,1,-1,1,1,1,-1,1,1,-1,-1,1,1,1,-1,1,-1,1,1,1,-1,1,1,-1,1,1,1,-1,1,-1,-1,1,1,1,-1,1,-1,-1,-1,1,1,-1,1,-1,-1,1,-1,1,-1,1,1,-1,-1,1,1,1,1,1,-1,-1,1,1,-1,1,-1,-1,-1,-1,-1,-1,1,-1,-1,-1,1,1,-1,1,-1,-1,-1,1,1,1,1,1,-1,1,1,1,-1,1,-1,-1,-1,-1,1,1,1,1,-1,-1,1,1,1,1,-1,-1,1,-1,-1,1,-1,1,-1,-1,1,-1,1,1,-1,-1,1,1,-1,1,-1,1,-1,-1,1,-1,1,1,-1,-1,-1,1,-1,-1,1,1,-1,-1,1,-1,1,1,-1,1,-1,1,-1,-1,1,1,-1,-1,1,-1,1,1,-1,-1,1,1,-1,1,-1,1,-1,1,-1,-1,1,-1,1,-1,1,-1,-1,1,-1,-1,-1,1,-1,-1,1,-1,1,-1,1,-1,-1,1,-1,-1,1,-1,1,-1,1,1,1,-1,1,1,-1,-1,1,1,-1,1,-1,-1,1,-1,1,1,1,1,-1,-1,1,1,-1,1,1,-1,-1,1,1,1,-1,1,1,-1,1,1,1,1,-1,1,1,-1,-1,-1,1,-1,1,1,-1,1,-1,1,-1,1,-1,-1,-1,1,1,-1,1,1,-1,-1,-1,1,-1,1,1,-1,1,-1,1,-1,-1,-1,-1,-1,-1,1,-1,-1,-1,-1,-1,-1,1,-1,1,1,1,1,-1,1,-1,1,1,-1,-1,-1,1,-1,-1,1,-1,1,-1,-1,1,1,1,1,-1,-1,1,1,1,1,-1,1,-1,-1,1,1,1,-1,-1,-1,1,1,1,1,-1,1,-1,1,-1,1,-1,1,1,-1,-1,1,1,1,-1,-1,-1,1,1,1,1,1,-1,-1,-1,1,1,1,1,-1,-1,-1,1,1,1,-1,-1,-1,1,1,1,1,1,-1,-1,-1,1,1,1,1,-1,-1,-1,1,1,-1,1,-1,-1,-1,1,1,1,1,-1,-1,1,1,1,1,-1,-1,1,1,-1,1,1,-1,-1,-1,1,1,1,1,1,-1,1,1,1,1,1,-1,-1,-1,1,-1,1,-1,-1,-1,-1,1,-1,1,1,1,-1,-1,1,-1,1,1,-1,1,-1,1,1,1,1,-1,1,-1,1,-1,1,1,-1,-1,-1,1,1,-1,-1,-1,-1,-1,1,-1,1,-1,-1,-1,-1,-1,-1,-1,1,-1,-1,-1,1,-1,-1,1,-1,-1,-1,-1,-1,1,1,-1,-1,-1,-1,-1,1,-1,-1,-1,1,-1,-1,1,-1,1,-1,-1,-1,-1,-1,-1,-1,1,-1,-1,-1,1,1,1,-1,-1,-1,1,-1,-1,-1,-1,1,-1,-1,1,1,1,-1,-1,-1,-1,1,-1,1,1,-1,1,-1,-1,1,1,-1,-1,-1,-1,-1,-1,1,1,-1,-1,1,-1,1,1,-1,-1,-1,1,-1,1,1,-1,-1,1,-1,-1,1,1,1,-1,1,-1,1,1,1,-1,-1,1,-1,-1,1,-1,1,-1,1,-1,-1,1,1,-1,1,1,-1,-1,1,1,-1,1,1,-1,-1,1,1,-1,1,1,-1,-1,1,1,1,1,-1,1,-1,-1,1,1,-1,1,-1,-1,1,-1,1,1,1,1,-1,-1,1,-1,1,1,1,-1,1,1,1,1,-1,1,-1,1,1,1,1,1,1,1,-1,1,1,1,1,-1,1,-1,1,1,1,1,1,-1,1,1,1,1,-1,1,1,-1,1,1,-1,1,1,-1,-1,1,1,1,1,-1,1,-1,1,1,1,-1,-1,1,-1,1,1,1,-1,1,-1,-1,-1,1,1,-1,-1,1,-1,-1,1,1,-1,-1,1,-1,-1,1,1,1,-1,1,-1,-1,1,1,-1,-1,-1,1,-1,-1,1,-1,1,1,-1,1,1,-1,-1,1,-1,-1,-1,1,1,-1,1,1,-1,1,1,-1,-1,1,-1,1,-1,-1,-1,-1,1,-1,-1,1,1,-1,1,1,-1,1,1,1,1,-1,1,-1,1,1,1,1,-1,1,-1,-1,-1,1,1,-1,1,-1,1,1,1,1,-1,1,-1,1,1,-1,-1,-1,1,-1,-1,1,1,-1,-1,-1,1,-1,1,-1,1,-1,1,-1,-1,1,-2670.0,1,2000,445,1000,False
1159,1,1,-1,-1,1,-1,-1,-1,1,1,1,-1,1,1,1,1,-1,1,-1,-1,1,-1,1,1,1,1,-1,-1,1,1,1,1,-1,-1,-1,-1,1,1,1,1,-1,-1,-1,1,1,1,1,-1,1,1,1,1,-1,1,-1,-1,1,-1,1,1,1,-1,-1,-1,1,1,1,1,-1,1,-1,1,1,1,1,-1,-1,-1,1,1,1,-1,-1,-1,1,1,1,1,-1,1,-1,1,1,1,1,-1,-1,1,1,-1,1,1,-1,-1,1,1,1,1,1,-1,-1,1,1,-1,1,1,-1,-1,1,1,1,1,1,1,-1,1,1,1,-1,1,1,-1,1,1,1,1,1,1,-1,-1,1,1,1,1,1,-1,1,1,1,1,1,1,-1,-1,-1,1,1,1,1,-1,1,1,1,1,-1,1,-1,1,-1,1,1,1,-1,-1,1,1,1,1,1,-1,1,-1,-1,1,-1,1,-1,1,1,1,1,1,1,1,1,1,-1,1,-1,1,-1,1,1,-1,1,-1,1,1,-1,1,-1,1,-1,1,-1,1,1,-1,-1,-1,1,1,1,1,-1,-1,1,1,-1,-1,1,-1,1,-1,-1,1,-1,1,-1,1,-1,1,-1,1,1,-1,-1,-1,1,1,-1,1,-1,1,1,1,-1,1,1,-1,1,-1,1,-1,1,-1,1,-1,1,1,-1,1,-1,-1,-1,1,1,-1,1,-1,-1,-1,1,1,-1,-1,1,1,-1,-1,1,1,-1,1,1,-1,1,1,1,1,-1,1,-1,1,1,-1,1,-1,1,1,1,1,1,1,1,1,-1,-1,1,-1,-1,1,1,1,-1,1,1,1,-1,1,1,1,1,1,1,-1,1,-1,1,1,1,-1,-1,1,-1,1,1,1,-1,1,1,-1,-1,1,1,1,-1,1,-1,1,1,1,-1,1,1,-1,1,1,1,-1,1,1,-1,1,1,1,-1,1,1,-1,-1,1,1,-1,1,1,-1,1,-1,1,-1,1,1,1,-1,1,1,1,1,1,1,-1,1,1,-1,1,1,1,-1,-1,-1,-1,1,1,1,-1,1,1,-1,1,1,-1,-1,1,1,1,1,1,-1,1,1,1,-1,1,1,1,-1,-1,1,1,1,-1,1,-1,1,1,1,1,1,1,-1,-1,-1,1,-1,-1,1,1,-1,1,1,1,1,1,1,1,-1,1,-1,-1,1,-1,1,-1,1,1,1,1,1,1,-1,-1,1,-1,1,1,1,-1,1,1,1,-1,1,1,-1,-1,1,-1,1,1,1,-1,1,1,1,1,1,1,-1,1,-1,-1,1,1,-1,-1,1,-1,-1,1,1,-1,-1,1,-1,1,1,1,-1,-1,1,-1,-1,1,1,-1,-1,1,-1,1,1,1,1,-1,1,1,-1,-1,1,1,-1,-1,-1,1,-1,1,-1,-1,1,-1,-1,1,-1,1,-1,-1,1,-1,1,-1,1,-1,-1,1,-1,-1,1,1,1,-1,1,-1,1,-1,-1,1,1,-1,-1,-1,1,-1,-1,-1,1,1,-1,1,-1,1,1,1,-1,1,1,-1,1,-1,1,-1,-1,1,-1,-1,1,1,1,-1,1,-1,-1,1,1,-1,-1,1,-1,-1,1,1,-1,-1,1,-1,-1,-1,1,1,-1,1,1,-1,-1,1,-1,-1,1,-1,1,-1,1,1,-1,-1,1,-1,-1,-1,-1,-1,1,1,1,-1,1,1,-1,-1,1,-1,-1,-1,-1,-1,1,1,-1,-1,-1,1,-1,1,1,-1,1,1,1,-1,-1,1,1,-1,-1,-1,-1,-1,1,-1,-1,1,-1,-1,-1,1,1,-1,-1,-1,-1,-1,1,-1,-1,1,-1,-1,-1,1,1,-1,1,-1,-1,1,1,1,-1,-1,-1,-1,-1,1,1,1,-1,-1,-1,-1,1,1,-1,-1,-1,-1,1,1,1,1,-1,-1,1,1,1,1,1,-1,-1,-1,1,1,1,1,1,-1,1,1,1,1,-1,1,-1,-1,1,-1,1,-1,1,-1,-1,1,-1,1,-1,-1,-1,-1,1,-1,1,-1,1,-1,-1,1,-1,1,-1,1,-1,-1,1,-1,1,-1,-1,-1,-1,1,1,-1,-1,-1,-1,-1,1,-1,1,-1,-1,-1,-1,-1,-1,-1,1,-1,-1,-1,1,-1,-1,1,-1,-1,-1,-1,-1,-1,1,-1,-1,-1,-1,-1,1,-1,-1,-1,1,-1,-1,1,-1,1,-1,-1,-1,-1,-1,-1,-1,1,-1,-1,-1,1,1,-1,-1,-1,1,1,-1,-1,-1,-1,1,-1,-1,1,-1,1,-1,-1,-1,-1,1,-1,1,1,-1,1,-1,-1,1,1,-1,-1,-1,-1,-1,-1,1,1,-1,-1,1,-1,1,1,-1,-1,-1,1,-1,1,1,-1,-1,1,-1,-1,1,1,1,-1,1,-1,1,1,1,-1,-1,1,-1,-1,1,1,1,-1,1,-1,-1,1,1,-1,1,1,-1,-1,1,1,-1,1,1,-1,-1,1,1,-1,1,1,-1,-1,1,1,1,1,1,1,-1,-1,1,1,1,1,-1,-1,1,-1,1,1,1,1,-1,-1,1,-1,1,1,1,-1,1,1,1,1,-1,1,-1,1,1,1,1,1,1,1,-1,1,1,1,1,-1,1,-1,1,1,1,1,1,-1,1,1,1,1,-1,1,1,-1,1,1,-1,1,1,-1,-1,1,1,1,1,-1,1,-1,1,1,1,-1,-1,1,-1,1,1,1,-1,1,-1,-1,-1,1,1,-1,-1,1,-1,-1,1,1,-1,-1,1,-1,-1,1,1,1,-1,1,-1,-1,1,1,-1,-1,-1,1,-1,-1,1,-1,1,1,-1,1,1,-1,-1,1,-1,-1,-1,-1,1,-1,1,1,-1,1,1,-1,-1,1,-1,1,-1,-1,-1,-1,1,-1,-1,1,1,-1,1,1,-1,1,1,1,1,-1,1,-1,1,1,1,1,-1,1,-1,-1,1,1,1,-1,1,-1,1,1,1,1,-1,1,-1,1,1,-1,-1,-1,1,-1,-1,1,1,-1,-1,-1,1,-1,1,-1,1,-1,1,-1,-1,1,-2670.0,1,2000,445,1000,False
1160,1,1,-1,-1,1,-1,-1,-1,1,1,1,-1,1,1,1,1,-1,1,-1,-1,-1,-1,1,1,1,-1,1,-1,1,1,1,1,-1,-1,-1,-1,1,1,1,-1,-1,-1,-1,1,1,1,1,-1,1,1,1,1,-1,1,-1,-1,1,-1,1,1,1,-1,-1,-1,1,1,1,1,-1,-1,-1,1,1,1,1,-1,-1,-1,1,1,1,-1,-1,-1,1,1,1,1,-1,-1,-1,1,1,1,1,-1,-1,1,1,-1,1,1,-1,-1,1,1,1,1,1,-1,-1,-1,1,1,1,1,-1,-1,1,1,1,1,1,1,-1,-1,1,1,-1,1,1,-1,1,1,1,1,1,1,-1,1,1,1,1,1,1,-1,1,1,1,1,1,1,-1,-1,-1,1,1,1,1,-1,1,1,1,1,-1,1,-1,1,1,1,1,1,-1,-1,1,1,1,1,1,-1,1,-1,-1,1,1,1,-1,1,1,1,1,-1,1,1,1,1,-1,1,-1,1,-1,1,1,-1,1,-1,1,1,-1,1,-1,1,-1,1,-1,1,1,-1,1,-1,1,1,1,1,-1,-1,1,1,-1,-1,1,-1,1,-1,1,1,-1,1,-1,1,-1,1,-1,-1,1,-1,-1,-1,1,1,-1,1,-1,1,1,1,-1,1,-1,-1,1,-1,1,-1,1,1,1,-1,1,1,-1,1,-1,-1,-1,1,1,-1,1,-1,-1,-1,1,1,-1,-1,1,1,-1,-1,1,1,-1,1,1,-1,1,1,1,1,-1,1,-1,1,1,-1,1,-1,1,1,-1,1,1,1,1,1,-1,-1,1,-1,-1,-1,1,1,-1,1,1,1,-1,1,-1,-1,1,1,1,1,1,-1,1,1,1,-1,1,1,-1,1,1,1,-1,1,1,-1,-1,1,1,1,-1,1,-1,1,1,1,-1,1,1,-1,1,1,1,-1,1,-1,-1,1,1,1,-1,1,-1,-1,-1,1,1,-1,1,-1,-1,1,-1,1,-1,1,1,-1,-1,1,1,1,-1,1,-1,-1,1,1,-1,1,-1,-1,-1,-1,-1,-1,1,-1,-1,-1,1,1,-1,1,-1,1,-1,1,1,1,1,1,-1,1,1,1,-1,1,-1,-1,-1,-1,1,1,-1,1,-1,-1,1,-1,1,-1,-1,-1,1,-1,-1,1,-1,1,-1,-1,1,-1,1,-1,-1,-1,1,1,-1,1,-1,1,-1,-1,1,-1,1,-1,-1,-1,-1,1,-1,-1,1,1,-1,-1,1,-1,1,1,-1,1,-1,1,-1,1,-1,1,-1,-1,1,-1,1,-1,-1,-1,1,1,-1,1,-1,1,-1,1,-1,1,1,-1,1,-1,1,-1,-1,1,-1,-1,-1,1,-1,1,-1,-1,1,-1,1,-1,-1,1,-1,-1,1,-1,1,-1,1,-1,1,-1,1,1,-1,1,-1,1,-1,1,-1,-1,1,-1,1,1,1,1,-1,-1,1,1,-1,1,1,-1,-1,1,1,1,-1,1,1,-1,1,1,1,1,1,-1,1,-1,-1,-1,1,-1,1,1,1,1,-1,1,-1,1,-1,-1,-1,1,1,-1,1,1,-1,-1,1,1,-1,1,1,-1,1,-1,1,-1,-1,-1,-1,-1,-1,1,-1,-1,-1,-1,-1,-1,1,-1,1,1,1,1,-1,1,-1,1,1,-1,-1,-1,1,-1,-1,1,-1,1,-1,-1,1,1,1,1,-1,-1,-1,1,1,1,-1,1,-1,1,1,1,1,-1,-1,-1,1,1,1,1,-1,-1,-1,1,-1,1,-1,1,-1,-1,-1,1,1,1,-1,-1,-1,-1,1,1,1,1,-1,-1,-1,1,1,1,1,-1,-1,-1,1,-1,1,-1,-1,-1,1,1,1,1,1,-1,-1,-1,1,1,1,1,-1,-1,-1,1,1,-1,1,-1,-1,-1,1,1,1,1,-1,-1,1,1,1,1,-1,-1,1,1,-1,1,1,-1,-1,-1,1,1,1,1,1,-1,1,1,1,1,1,-1,-1,-1,1,-1,1,-1,-1,-1,-1,1,-1,1,1,1,-1,-1,1,-1,1,1,-1,-1,-1,1,1,1,1,-1,-1,1,-1,-1,1,1,-1,-1,-1,1,1,-1,-1,-1,-1,-1,1,-1,1,-1,-1,-1,-1,-1,-1,-1,1,-1,-1,-1,1,-1,-1,1,-1,-1,-1,-1,-1,1,1,-1,-1,-1,-1,-1,1,-1,-1,-1,1,-1,-1,1,-1,1,-1,-1,-1,-1,-1,-1,-1,1,-1,-1,-1,1,1,-1,-1,-1,-1,1,-1,-1,-1,-1,1,-1,-1,1,1,1,-1,-1,-1,-1,1,-1,1,1,-1,1,-1,-1,1,1,-1,-1,-1,-1,-1,-1,1,1,-1,-1,1,-1,1,1,1,-1,-1,1,-1,1,1,-1,-1,1,-1,-1,1,1,1,-1,1,-1,1,1,1,-1,-1,1,-1,-1,1,1,1,-1,1,-1,-1,1,1,-1,1,1,-1,-1,1,1,1,1,1,-1,-1,1,1,-1,1,1,-1,-1,1,1,1,1,-1,1,-1,1,1,1,1,1,-1,-1,1,-1,1,1,1,1,-1,-1,1,-1,1,1,1,-1,1,1,1,1,-1,1,-1,1,1,1,1,1,1,1,-1,-1,1,1,1,-1,1,-1,1,1,1,1,1,-1,1,1,1,1,-1,1,1,-1,-1,1,-1,1,1,-1,-1,1,1,1,1,-1,1,-1,1,1,1,-1,-1,1,-1,1,1,1,-1,1,-1,-1,-1,1,1,-1,-1,1,-1,-1,1,1,-1,-1,1,-1,1,1,1,1,-1,-1,-1,-1,1,1,-1,-1,-1,1,1,-1,1,-1,1,1,-1,1,1,-1,-1,1,1,-1,-1,1,1,-1,1,1,1,1,1,-1,-1,-1,-1,1,-1,-1,-1,-1,-1,1,1,1,1,-1,1,1,-1,1,1,1,1,-1,1,-1,1,1,1,-1,-1,1,-1,1,1,1,-1,1,1,-1,1,1,1,-1,-1,1,-1,1,1,1,1,-1,1,-1,1,1,1,-1,-1,1,1,-1,1,1,1,-1,1,-1,1,1,-2670.0,1,2000,445,0,False
1161,1,1,-1,-1,1,1,-1,-1,1,1,1,-1,-1,1,1,1,-1,1,-1,-1,-1,-1,1,1,1,-1,-1,-1,1,1,1,1,1,-1,-1,-1,1,1,1,1,-1,-1,-1,1,1,1,1,-1,1,1,1,1,-1,1,-1,-1,1,-1,1,1,-1,-1,-1,-1,1,1,1,1,-1,-1,-1,1,1,1,1,-1,-1,-1,1,1,1,-1,-1,-1,1,1,1,1,-1,1,-1,1,1,1,1,-1,-1,1,1,-1,1,1,-1,-1,1,1,1,1,1,-1,-1,1,1,1,1,1,-1,-1,1,1,1,1,1,1,-1,1,1,1,-1,1,1,-1,1,1,1,1,1,1,-1,-1,1,1,1,1,1,-1,1,1,1,1,1,1,-1,-1,-1,1,1,1,1,-1,1,1,1,1,-1,1,-1,1,-1,1,1,1,-1,-1,1,1,1,1,1,-1,1,-1,-1,1,-1,1,-1,1,1,1,1,1,1,1,1,1,-1,1,-1,1,-1,1,1,-1,1,-1,1,1,-1,1,-1,1,-1,1,-1,1,1,-1,1,-1,1,1,1,1,-1,-1,1,1,-1,-1,1,-1,1,-1,1,1,-1,1,-1,1,-1,1,-1,1,1,-1,-1,-1,1,1,-1,1,-1,1,1,1,-1,1,1,-1,1,-1,1,-1,1,-1,1,-1,1,1,-1,1,-1,-1,-1,1,1,-1,1,-1,-1,-1,1,1,-1,-1,1,1,-1,-1,1,1,-1,1,1,-1,1,1,1,1,-1,1,-1,1,1,-1,1,-1,1,1,-1,1,1,1,1,1,-1,-1,1,-1,-1,-1,1,1,-1,1,1,1,-1,1,-1,-1,1,1,1,-1,1,-1,1,1,1,-1,-1,1,-1,1,1,1,-1,1,1,-1,-1,1,1,1,-1,1,-1,1,1,1,-1,1,1,-1,1,1,1,-1,1,-1,-1,1,1,1,-1,1,-1,-1,-1,1,1,-1,1,-1,-1,1,-1,1,-1,1,1,-1,-1,1,1,1,1,1,-1,-1,1,1,-1,1,-1,-1,-1,-1,-1,-1,1,-1,-1,-1,1,1,-1,1,-1,1,-1,1,1,1,1,-1,-1,1,1,1,-1,1,-1,-1,-1,-1,1,1,1,1,-1,-1,1,1,1,1,-1,-1,1,-1,-1,1,-1,1,-1,-1,1,-1,1,1,-1,-1,1,1,-1,1,-1,1,-1,-1,1,-1,1,1,-1,-1,-1,1,-1,-1,1,1,-1,-1,1,-1,1,1,-1,1,-1,1,-1,-1,1,1,-1,-1,1,-1,1,1,-1,-1,1,1,-1,1,-1,1,-1,1,-1,1,1,-1,1,-1,1,-1,-1,1,-1,-1,-1,1,-1,-1,1,-1,1,-1,1,-1,-1,1,-1,-1,1,-1,1,-1,1,-1,1,-1,1,1,-1,1,-1,1,-1,1,-1,-1,1,-1,1,1,1,1,-1,-1,1,1,-1,1,1,-1,1,1,1,1,-1,1,1,-1,1,1,1,1,-1,1,1,-1,-1,-1,1,-1,1,1,-1,1,-1,1,-1,1,-1,-1,-1,1,1,-1,1,1,-1,-1,-1,1,-1,1,1,-1,1,-1,1,-1,-1,-1,-1,-1,-1,1,-1,-1,-1,-1,-1,-1,1,-1,1,1,1,1,-1,1,-1,1,1,-1,-1,-1,1,-1,-1,1,-1,1,-1,-1,1,1,1,1,-1,-1,1,1,1,1,-1,1,-1,-1,1,1,1,-1,-1,-1,1,1,1,1,-1,-1,-1,1,-1,1,-1,1,-1,-1,-1,1,1,1,-1,-1,-1,-1,1,1,1,1,-1,-1,-1,1,1,1,1,-1,-1,-1,1,-1,1,-1,-1,-1,1,1,1,1,1,-1,-1,-1,1,1,1,1,-1,-1,-1,1,1,-1,1,-1,-1,-1,1,1,1,1,-1,-1,1,1,1,1,-1,-1,1,1,-1,1,1,-1,-1,-1,1,1,1,1,1,-1,1,1,1,1,1,-1,-1,-1,1,-1,1,-1,-1,-1,-1,1,-1,1,1,-1,-1,-1,1,-1,1,1,-1,-1,-1,1,1,1,1,-1,-1,-1,1,-1,1,1,-1,-1,-1,1,1,-1,-1,-1,-1,-1,1,-1,1,-1,-1,-1,-1,-1,-1,-1,1,-1,-1,-1,1,-1,-1,1,-1,-1,-1,-1,-1,1,1,-1,-1,-1,-1,-1,1,-1,-1,-1,1,-1,-1,1,-1,1,-1,-1,-1,-1,-1,-1,-1,1,-1,-1,-1,1,1,-1,-1,-1,-1,1,-1,-1,-1,-1,1,-1,-1,1,1,1,-1,-1,-1,-1,1,-1,1,1,-1,1,-1,-1,1,1,-1,-1,-1,-1,-1,-1,1,1,-1,-1,1,-1,1,1,-1,-1,-1,1,-1,1,1,-1,-1,1,-1,-1,1,1,1,-1,1,-1,1,1,1,-1,-1,1,-1,-1,1,1,1,-1,1,-1,-1,1,1,-1,1,1,-1,-1,1,1,1,1,1,-1,-1,1,1,1,1,1,-1,-1,1,1,1,1,1,1,-1,-1,1,1,-1,1,-1,-1,1,-1,1,1,1,1,-1,-1,1,-1,1,1,1,-1,1,-1,1,1,-1,1,-1,1,1,1,1,1,1,1,-1,-1,1,1,1,-1,1,-1,1,1,1,1,1,-1,1,-1,1,1,-1,1,1,-1,-1,1,-1,1,1,-1,-1,1,1,1,1,-1,1,-1,-1,1,1,-1,-1,1,-1,1,1,1,-1,1,-1,-1,-1,1,1,-1,-1,1,-1,-1,1,1,1,-1,1,-1,-1,1,1,1,-1,1,-1,-1,1,1,-1,-1,1,1,-1,1,1,-1,1,1,-1,1,1,-1,-1,1,-1,-1,-1,-1,1,-1,1,1,-1,1,1,-1,-1,1,-1,1,-1,-1,-1,-1,1,-1,-1,1,1,-1,1,1,-1,1,1,1,1,-1,1,-1,1,1,1,1,-1,1,-1,-1,1,1,1,-1,1,-1,1,1,1,1,-1,1,-1,1,1,1,-1,-1,1,-1,-1,1,1,-1,-1,-1,1,-1,1,-1,1,-1,1,-1,-1,1,-2670.0,1,2000,445,0,False
1162,1,1,-1,-1,1,-1,-1,-1,1,1,1,-1,1,1,1,1,-1,1,-1,-1,1,-1,1,1,1,-1,1,-1,1,1,1,1,-1,-1,-1,-1,1,1,1,1,-1,-1,-1,1,1,1,1,-1,1,1,1,1,-1,1,-1,-1,1,-1,1,1,1,-1,-1,-1,1,1,1,1,-1,-1,-1,1,1,1,1,-1,-1,-1,1,1,1,-1,-1,-1,1,1,1,1,-1,-1,-1,1,1,1,1,-1,-1,1,1,-1,1,1,-1,-1,1,1,1,1,1,-1,-1,1,1,1,1,1,-1,-1,1,1,1,1,1,1,-1,-1,1,1,-1,1,1,-1,1,1,1,1,1,1,-1,-1,1,1,1,1,1,-1,1,1,1,1,1,1,-1,-1,-1,1,1,1,1,-1,1,1,1,1,-1,1,-1,1,-1,1,1,1,-1,-1,1,1,1,1,1,-1,1,-1,-1,1,-1,1,-1,1,1,1,1,1,1,1,1,1,-1,1,-1,1,-1,1,1,-1,1,-1,1,1,-1,1,-1,1,-1,1,-1,1,1,-1,1,-1,1,1,1,1,-1,-1,1,1,-1,-1,1,-1,1,-1,-1,1,-1,1,-1,1,-1,1,-1,1,1,-1,-1,-1,1,1,-1,1,-1,1,1,1,-1,1,1,-1,1,-1,1,-1,1,-1,1,-1,1,1,-1,1,-1,-1,-1,1,1,-1,1,-1,-1,-1,1,1,-1,-1,1,1,-1,-1,1,1,-1,1,1,-1,1,1,1,1,-1,1,-1,1,1,-1,1,-1,1,-1,1,1,1,1,1,1,-1,-1,1,-1,-1,-1,1,1,-1,1,1,1,-1,1,1,1,1,1,1,-1,1,-1,1,1,1,-1,-1,1,-1,1,1,1,-1,1,1,-1,-1,1,1,1,-1,1,-1,1,1,1,-1,1,1,-1,1,1,1,-1,1,1,-1,1,1,1,-1,1,1,-1,-1,1,1,-1,1,1,-1,1,-1,1,-1,1,1,1,-1,1,1,1,1,1,1,-1,1,1,-1,1,-1,1,-1,-1,-1,-1,1,1,1,-1,1,1,-1,1,1,-1,-1,1,1,1,1,1,-1,1,1,1,-1,1,1,1,-1,-1,1,1,1,-1,1,-1,1,1,1,1,1,1,-1,-1,-1,1,-1,-1,1,1,-1,1,1,1,1,1,1,1,-1,1,-1,-1,1,-1,1,-1,1,1,1,1,1,1,-1,-1,1,-1,1,1,1,-1,1,1,1,-1,1,1,-1,-1,1,-1,1,1,1,-1,1,1,1,1,1,1,-1,1,-1,1,1,1,-1,-1,1,-1,1,1,1,-1,-1,1,-1,1,1,1,-1,-1,1,-1,-1,1,1,-1,-1,1,-1,1,1,1,1,-1,1,1,-1,1,1,1,-1,-1,-1,-1,1,1,-1,-1,1,-1,-1,1,-1,1,-1,-1,1,-1,1,-1,1,-1,-1,1,-1,-1,1,1,1,-1,1,-1,1,-1,-1,1,1,-1,-1,-1,1,-1,-1,-1,1,1,-1,1,-1,1,1,1,-1,1,1,-1,1,-1,1,-1,-1,1,-1,-1,1,1,1,-1,1,-1,-1,1,1,-1,-1,1,-1,-1,1,1,-1,-1,1,-1,-1,-1,1,1,-1,1,1,-1,-1,1,-1,-1,1,-1,1,-1,1,1,-1,-1,1,-1,-1,-1,-1,-1,1,1,1,-1,-1,1,-1,-1,1,-1,-1,1,-1,-1,1,1,-1,-1,1,-1,-1,1,1,-1,1,-1,1,-1,-1,1,1,-1,-1,-1,-1,1,1,-1,-1,1,-1,-1,-1,1,1,-1,-1,-1,-1,-1,1,-1,-1,-1,-1,-1,1,1,1,-1,-1,-1,-1,-1,1,1,-1,-1,-1,-1,-1,1,1,1,-1,-1,-1,-1,1,1,-1,-1,-1,-1,1,1,1,1,-1,-1,1,1,1,1,1,-1,-1,-1,1,1,1,1,1,-1,1,1,1,1,-1,1,-1,-1,1,-1,1,-1,1,-1,-1,1,-1,1,-1,-1,-1,-1,1,-1,1,-1,1,-1,-1,1,-1,1,-1,1,-1,-1,1,-1,1,-1,-1,-1,-1,1,1,-1,-1,-1,-1,-1,1,-1,1,-1,-1,-1,-1,-1,-1,-1,1,-1,-1,-1,1,-1,-1,1,-1,-1,-1,-1,-1,1,1,-1,-1,-1,-1,-1,1,-1,-1,-1,1,-1,-1,1,-1,1,-1,-1,-1,-1,-1,-1,-1,1,-1,-1,-1,1,1,-1,-1,-1,1,1,-1,-1,-1,-1,1,-1,-1,1,1,1,-1,-1,-1,-1,1,-1,1,1,-1,1,-1,-1,1,1,-1,-1,-1,-1,-1,-1,1,1,-1,-1,1,-1,1,1,-1,-1,-1,1,-1,1,1,-1,-1,1,-1,-1,1,1,1,-1,1,-1,1,1,1,-1,-1,1,-1,-1,1,1,1,-1,1,-1,-1,1,1,-1,1,1,-1,-1,1,1,-1,1,1,-1,-1,1,1,-1,1,1,-1,-1,1,1,1,1,1,1,-1,-1,1,1,-1,1,-1,-1,1,-1,1,1,1,1,-1,-1,1,-1,1,1,1,-1,1,1,1,1,-1,1,-1,1,1,1,1,1,1,1,-1,1,1,1,1,-1,1,-1,1,1,1,1,1,-1,1,1,1,1,-1,1,1,-1,1,1,-1,1,1,-1,-1,1,1,1,1,-1,1,-1,1,1,1,-1,-1,1,-1,1,1,1,-1,1,-1,-1,-1,1,1,-1,-1,1,-1,-1,1,1,-1,-1,1,-1,-1,1,1,1,-1,1,-1,-1,1,1,-1,-1,-1,1,-1,-1,1,-1,1,1,-1,1,1,-1,-1,1,-1,-1,-1,1,1,-1,1,1,-1,1,1,-1,-1,-1,-1,1,-1,-1,-1,-1,1,-1,-1,1,1,-1,1,1,-1,1,1,1,1,-1,1,-1,1,1,1,1,-1,1,-1,-1,1,1,1,-1,1,-1,1,1,1,1,-1,1,-1,1,1,-1,-1,-1,1,-1,-1,1,1,-1,-1,-1,1,-1,1,-1,1,-1,1,-1,-1,1,-2670.0,1,2000,445,1000,False
1163,1,1,-1,-1,1,-1,-1,-1,1,1,1,-1,1,1,1,1,-1,1,-1,-1,-1,-1,1,1,1,-1,-1,-1,1,1,1,1,-1,-1,-1,-1,1,1,1,1,-1,-1,-1,1,1,1,1,-1,1,1,1,1,-1,1,-1,-1,1,-1,1,1,1,-1,-1,-1,1,1,1,1,-1,-1,-1,1,1,1,1,-1,-1,-1,1,1,1,-1,-1,-1,1,1,1,1,-1,-1,1,1,1,1,1,-1,-1,-1,1,-1,1,1,-1,-1,1,1,1,1,1,-1,-1,-1,1,-1,1,1,-1,-1,1,1,1,1,1,1,-1,-1,1,1,-1,1,1,-1,1,1,1,1,1,1,-1,1,1,1,1,1,1,-1,1,1,1,1,1,1,-1,-1,-1,1,1,1,1,-1,1,1,1,1,-1,1,-1,1,-1,1,1,1,-1,-1,1,1,1,1,1,-1,1,-1,-1,1,-1,1,-1,1,1,1,1,1,1,1,1,1,-1,1,-1,1,-1,1,1,-1,1,-1,1,1,-1,1,-1,1,-1,1,-1,1,1,-1,-1,-1,1,1,1,1,-1,-1,1,1,-1,-1,1,-1,1,-1,-1,1,-1,1,-1,1,-1,1,-1,1,1,-1,-1,-1,1,1,-1,1,-1,1,1,1,-1,1,1,-1,1,-1,1,-1,1,-1,1,-1,1,1,-1,1,-1,-1,-1,1,1,-1,1,-1,-1,-1,1,1,-1,-1,1,1,-1,-1,1,1,-1,1,1,-1,1,1,1,1,-1,1,-1,1,1,-1,1,-1,1,1,-1,1,1,1,1,1,-1,-1,1,-1,-1,-1,1,1,-1,1,1,1,-1,1,-1,-1,1,1,1,-1,1,-1,1,1,1,-1,-1,1,-1,1,1,1,-1,1,1,-1,-1,1,1,1,-1,1,-1,1,1,1,-1,1,1,-1,1,1,1,-1,1,-1,-1,1,1,1,-1,1,-1,-1,-1,1,1,-1,1,-1,-1,1,-1,1,-1,1,1,-1,-1,1,1,1,-1,1,-1,-1,1,1,-1,1,-1,-1,-1,-1,-1,-1,1,-1,-1,-1,1,1,-1,1,-1,1,-1,1,1,1,1,-1,-1,1,1,1,-1,1,-1,-1,-1,-1,1,1,1,1,-1,-1,1,1,1,1,-1,-1,1,-1,-1,1,-1,1,-1,-1,1,-1,1,1,-1,-1,1,1,-1,1,-1,1,-1,-1,1,-1,1,1,-1,-1,-1,1,-1,-1,1,1,-1,-1,1,-1,1,1,-1,1,-1,1,-1,-1,1,1,-1,-1,1,-1,1,1,-1,-1,1,1,-1,1,-1,1,-1,1,-1,-1,1,-1,1,-1,1,-1,-1,1,-1,-1,-1,1,-1,-1,1,-1,1,-1,1,-1,-1,1,-1,-1,1,-1,1,-1,1,1,1,-1,1,1,-1,-1,-1,1,-1,1,-1,-1,1,-1,1,1,1,1,-1,-1,1,1,-1,1,1,-1,-1,1,1,1,-1,1,1,-1,1,1,1,1,1,-1,1,-1,-1,-1,1,-1,1,1,1,1,-1,1,-1,1,-1,-1,-1,1,1,-1,1,1,-1,-1,-1,1,-1,1,1,-1,1,-1,1,-1,-1,-1,-1,-1,-1,1,-1,-1,-1,-1,-1,-1,1,-1,1,1,1,1,-1,1,-1,1,1,-1,-1,-1,1,-1,-1,1,-1,1,-1,-1,1,1,1,1,-1,-1,1,1,1,1,-1,1,-1,-1,1,1,1,-1,-1,-1,1,1,1,1,-1,1,-1,1,-1,1,-1,1,1,-1,-1,1,1,1,-1,-1,-1,-1,1,1,1,1,-1,-1,-1,1,1,1,1,-1,-1,-1,1,-1,1,-1,-1,-1,-1,1,1,1,1,-1,-1,1,1,1,1,1,-1,-1,-1,1,1,-1,1,-1,-1,-1,1,1,1,1,-1,-1,1,1,1,1,-1,-1,1,1,-1,1,1,-1,-1,-1,1,1,1,1,1,-1,1,1,1,1,1,-1,-1,-1,1,-1,1,-1,-1,-1,-1,1,-1,1,1,1,-1,-1,1,-1,1,1,-1,-1,-1,1,1,1,1,-1,-1,-1,1,-1,1,1,-1,-1,-1,1,1,-1,-1,-1,-1,-1,1,-1,1,-1,-1,-1,-1,-1,-1,-1,1,-1,-1,-1,1,-1,-1,1,-1,-1,-1,-1,-1,-1,1,-1,-1,-1,-1,-1,1,-1,-1,-1,1,-1,-1,1,-1,1,-1,-1,-1,-1,-1,-1,-1,1,-1,-1,-1,1,1,-1,-1,-1,1,-1,-1,-1,-1,-1,1,-1,-1,1,1,1,-1,-1,-1,-1,1,-1,1,1,-1,1,-1,-1,1,1,-1,-1,-1,-1,-1,-1,1,1,-1,-1,1,-1,1,1,-1,-1,-1,1,-1,1,1,-1,-1,1,-1,-1,1,1,1,-1,1,-1,1,1,1,-1,-1,1,-1,-1,1,1,1,-1,1,-1,-1,1,1,-1,1,1,-1,-1,1,1,-1,1,1,-1,-1,1,1,-1,1,1,-1,-1,1,1,1,1,1,1,-1,-1,1,1,-1,1,-1,-1,1,-1,1,1,1,1,-1,-1,1,-1,1,1,1,-1,1,1,1,1,-1,1,-1,1,1,1,1,1,1,1,-1,1,1,1,1,-1,1,-1,1,1,1,1,1,-1,1,1,1,1,-1,1,1,-1,1,1,-1,1,1,-1,-1,1,1,1,1,-1,1,-1,1,1,1,-1,-1,1,-1,1,1,1,-1,1,-1,-1,-1,1,1,-1,-1,1,-1,-1,1,1,-1,-1,1,-1,-1,1,1,1,-1,1,-1,-1,1,1,-1,-1,-1,1,-1,-1,1,-1,1,1,-1,1,1,-1,-1,1,1,-1,-1,1,1,-1,1,1,-1,1,1,-1,-1,-1,-1,1,-1,-1,-1,-1,1,-1,-1,1,1,-1,1,1,-1,1,1,1,1,-1,1,-1,1,1,1,-1,-1,1,-1,-1,1,1,-1,-1,1,-1,1,1,1,-1,-1,1,-1,1,1,1,1,-1,1,-1,-1,1,1,1,-1,-1,1,-1,1,-1,1,-1,1,-1,-1,1,-2670.0,1,2000,445,0,False
1164,1,1,-1,-1,1,1,-1,-1,1,1,1,-1,1,1,1,1,-1,1,-1,-1,-1,-1,1,1,1,-1,1,-1,1,1,1,1,1,-1,-1,-1,1,1,1,-1,-1,-1,-1,1,1,1,1,-1,1,1,1,1,-1,1,-1,-1,1,-1,1,1,1,-1,-1,-1,1,1,1,1,-1,-1,-1,1,1,1,1,-1,-1,-1,1,1,1,-1,-1,-1,1,1,1,1,-1,-1,-1,1,1,1,1,-1,-1,1,1,-1,1,1,-1,-1,1,1,1,1,1,-1,-1,1,1,-1,1,1,-1,-1,1,1,1,1,1,1,-1,1,1,1,-1,1,1,-1,1,1,1,1,1,1,-1,-1,1,1,1,1,1,-1,1,1,1,1,1,1,-1,-1,-1,1,1,1,1,-1,1,1,1,1,-1,1,-1,1,-1,1,1,1,-1,-1,1,1,1,1,1,-1,1,-1,-1,1,-1,1,-1,1,1,1,1,1,1,1,1,1,-1,1,-1,1,-1,1,1,-1,1,-1,1,1,-1,1,-1,1,-1,1,-1,1,1,-1,-1,-1,1,1,1,1,-1,-1,1,1,-1,-1,1,-1,1,-1,-1,1,-1,1,-1,1,-1,1,-1,1,1,-1,1,-1,1,1,-1,1,-1,1,1,1,-1,1,1,-1,1,-1,1,-1,1,-1,1,-1,1,1,-1,1,-1,-1,-1,1,1,-1,1,-1,-1,-1,1,1,-1,-1,1,1,-1,-1,1,1,-1,1,1,-1,1,1,1,1,-1,1,-1,1,1,-1,1,-1,1,1,1,1,1,1,1,1,-1,-1,1,-1,-1,-1,1,1,-1,1,1,1,-1,1,1,1,1,1,1,1,1,-1,1,1,1,-1,-1,1,-1,1,1,1,-1,1,1,-1,-1,1,1,1,-1,1,-1,1,1,1,-1,1,1,-1,1,1,1,-1,1,1,-1,1,1,1,-1,1,1,1,-1,1,1,-1,1,1,-1,1,-1,1,-1,1,1,1,-1,1,1,1,-1,1,1,-1,1,1,-1,1,1,1,-1,-1,-1,-1,1,1,1,-1,1,1,-1,1,1,-1,-1,1,1,1,1,1,-1,1,1,1,-1,1,1,1,1,-1,1,1,1,-1,1,-1,1,1,1,1,1,1,-1,-1,-1,1,-1,-1,1,1,-1,1,1,1,1,1,1,1,-1,1,-1,-1,1,-1,1,-1,1,1,-1,1,1,1,-1,-1,1,-1,1,1,1,-1,1,1,1,-1,1,1,-1,-1,1,-1,1,1,1,-1,1,1,1,1,1,1,-1,1,-1,-1,1,1,-1,1,1,-1,1,1,1,-1,-1,1,-1,1,1,1,-1,-1,1,-1,-1,1,1,-1,-1,1,-1,1,1,1,1,-1,1,1,-1,1,1,1,-1,1,-1,1,1,1,-1,-1,1,-1,-1,1,-1,1,-1,-1,1,-1,1,-1,1,-1,1,1,-1,-1,1,1,1,-1,1,-1,1,-1,-1,1,1,-1,-1,-1,1,-1,-1,1,1,1,-1,1,-1,1,1,1,-1,1,1,-1,-1,-1,1,-1,-1,1,-1,-1,1,1,1,-1,1,-1,-1,1,1,-1,-1,1,-1,-1,1,1,-1,-1,1,-1,-1,-1,1,1,-1,1,1,-1,-1,1,-1,-1,1,-1,1,-1,1,1,-1,-1,1,-1,-1,-1,-1,-1,1,1,1,-1,-1,1,-1,-1,1,-1,-1,1,-1,-1,-1,1,-1,-1,1,1,-1,1,1,-1,1,-1,1,-1,-1,1,1,-1,-1,-1,-1,1,1,-1,-1,1,-1,-1,-1,1,1,-1,-1,-1,-1,-1,1,-1,-1,-1,-1,-1,-1,1,1,-1,-1,-1,-1,1,1,1,-1,-1,-1,-1,-1,1,1,1,-1,-1,-1,-1,1,1,-1,-1,-1,-1,1,1,1,1,-1,-1,1,1,1,1,1,-1,-1,-1,1,1,1,-1,1,-1,1,1,1,1,-1,1,-1,-1,1,-1,1,-1,1,-1,-1,1,-1,1,-1,-1,-1,-1,1,-1,1,-1,1,-1,-1,1,-1,1,-1,1,-1,-1,1,-1,1,-1,-1,-1,-1,1,1,-1,-1,-1,-1,-1,1,-1,1,-1,-1,-1,-1,-1,-1,-1,1,-1,-1,-1,1,-1,-1,1,-1,-1,-1,-1,-1,-1,1,-1,-1,-1,-1,-1,1,-1,-1,-1,1,-1,-1,1,-1,1,-1,-1,-1,-1,-1,-1,-1,1,-1,-1,-1,1,1,-1,-1,-1,1,1,-1,-1,-1,-1,1,-1,-1,1,-1,1,-1,-1,-1,-1,1,-1,1,1,-1,1,-1,-1,1,1,-1,-1,-1,-1,-1,-1,1,1,-1,-1,1,-1,1,1,-1,-1,-1,1,-1,-1,1,-1,-1,1,-1,-1,1,1,1,-1,1,-1,1,1,1,-1,-1,1,-1,-1,1,-1,1,-1,1,-1,-1,1,1,-1,1,1,-1,-1,1,1,1,1,1,-1,-1,1,1,-1,1,1,-1,-1,1,1,1,1,1,1,-1,-1,1,1,-1,1,-1,-1,1,-1,1,1,1,1,-1,-1,1,-1,1,1,1,-1,1,-1,1,1,-1,1,-1,1,1,1,1,1,1,1,-1,-1,1,1,1,-1,1,-1,1,1,1,1,1,-1,1,-1,1,1,-1,1,1,-1,-1,1,-1,1,1,-1,-1,1,1,1,1,-1,1,-1,-1,1,1,-1,-1,1,-1,1,1,1,-1,1,-1,-1,-1,1,1,-1,-1,1,-1,-1,1,1,-1,-1,1,-1,-1,-1,1,1,-1,1,-1,-1,1,1,-1,-1,-1,1,-1,-1,1,-1,1,1,-1,1,1,-1,-1,1,1,-1,-1,1,1,-1,1,1,-1,1,1,-1,-1,-1,-1,1,-1,-1,-1,-1,1,-1,-1,1,1,-1,1,1,-1,1,1,1,1,-1,1,-1,1,1,1,1,-1,1,-1,-1,1,1,1,-1,1,-1,1,1,1,1,-1,1,-1,1,1,1,-1,-1,1,-1,-1,1,1,-1,-1,-1,1,-1,1,1,1,-1,1,-1,-1,1,-2670.0,1,2000,445,0,False
1165,1,1,-1,-1,1,-1,-1,-1,1,1,1,-1,1,1,-1,1,-1,1,-1,-1,-1,1,1,1,1,-1,-1,-1,1,1,1,1,1,-1,-1,-1,1,1,1,-1,-1,-1,-1,1,1,1,1,-1,1,1,1,1,-1,1,-1,-1,1,-1,1,1,1,-1,-1,1,1,1,1,1,-1,-1,1,1,1,1,1,-1,-1,-1,1,1,1,-1,-1,-1,1,1,1,1,-1,1,-1,1,1,1,1,-1,-1,1,1,-1,1,1,-1,-1,1,1,1,1,1,-1,-1,1,1,-1,1,1,-1,-1,1,1,1,1,1,1,-1,1,1,1,-1,1,1,-1,1,1,1,1,1,1,-1,-1,1,1,1,1,1,-1,1,1,1,1,1,1,-1,-1,-1,1,1,1,1,-1,1,-1,1,1,-1,1,-1,1,-1,1,1,1,-1,-1,1,1,1,1,1,-1,1,-1,-1,1,-1,1,-1,1,1,1,1,1,1,1,1,1,-1,1,-1,1,-1,1,1,-1,1,-1,1,1,-1,1,-1,1,-1,1,-1,1,1,-1,-1,-1,1,1,1,1,-1,-1,1,1,-1,-1,1,-1,1,-1,-1,1,-1,1,-1,1,-1,1,-1,1,1,-1,-1,-1,1,1,-1,1,-1,1,1,1,-1,1,1,-1,-1,-1,1,-1,1,-1,1,-1,1,1,-1,1,-1,-1,-1,1,1,-1,1,-1,-1,-1,1,1,-1,-1,1,1,-1,-1,1,1,-1,1,1,-1,1,1,1,1,-1,1,-1,1,1,-1,1,-1,1,1,1,1,1,-1,-1,1,-1,-1,1,-1,-1,-1,1,1,-1,1,1,1,-1,1,1,1,1,1,1,1,1,-1,1,1,1,1,-1,1,-1,1,1,1,-1,1,1,-1,-1,1,1,1,-1,1,-1,1,1,1,-1,1,1,-1,1,1,1,-1,1,1,-1,1,1,1,1,1,1,1,-1,1,1,-1,1,1,-1,1,-1,1,-1,1,1,1,-1,1,1,1,-1,1,1,-1,1,1,-1,1,1,1,-1,-1,-1,-1,1,1,1,-1,1,1,-1,1,1,-1,-1,1,1,1,1,1,-1,1,1,1,-1,1,1,1,1,-1,1,1,1,-1,1,-1,1,1,1,1,1,1,-1,-1,-1,1,-1,-1,1,-1,1,-1,1,1,1,1,1,1,-1,1,-1,-1,1,-1,1,-1,1,1,1,1,1,1,-1,-1,1,-1,1,1,-1,-1,1,1,1,-1,1,1,-1,-1,1,-1,1,1,-1,-1,1,1,1,1,-1,1,-1,1,-1,1,1,-1,-1,-1,1,-1,1,1,-1,-1,-1,1,-1,1,1,1,-1,-1,1,-1,-1,1,-1,-1,-1,1,-1,1,1,-1,1,-1,1,1,-1,1,-1,-1,-1,-1,-1,-1,1,-1,-1,-1,1,-1,-1,1,-1,-1,-1,-1,1,-1,1,-1,-1,-1,-1,1,-1,-1,1,1,1,-1,1,-1,1,1,1,1,1,-1,-1,-1,1,-1,-1,-1,1,-1,1,1,-1,1,1,1,-1,1,1,-1,1,-1,1,-1,-1,1,-1,-1,1,1,-1,-1,1,-1,-1,1,1,1,-1,1,-1,-1,1,1,-1,-1,1,-1,-1,-1,1,1,-1,1,1,-1,-1,1,1,-1,1,-1,1,-1,1,1,-1,-1,1,-1,-1,-1,-1,-1,1,1,1,-1,-1,1,-1,-1,1,-1,-1,1,-1,-1,1,1,-1,-1,1,1,-1,1,1,-1,1,-1,1,-1,-1,1,1,-1,-1,-1,-1,1,1,-1,-1,1,-1,-1,-1,1,1,-1,-1,-1,-1,-1,1,-1,-1,-1,-1,-1,-1,1,1,-1,-1,-1,-1,1,1,1,-1,-1,-1,-1,-1,1,1,1,-1,-1,-1,-1,1,1,-1,-1,-1,-1,1,1,1,1,1,-1,1,1,1,1,1,1,-1,-1,1,1,1,1,-1,-1,1,1,1,1,-1,1,-1,-1,1,-1,1,-1,1,-1,-1,1,-1,1,1,1,-1,-1,1,-1,1,-1,1,-1,-1,1,-1,1,1,1,-1,-1,1,-1,1,1,1,-1,-1,1,1,-1,1,1,-1,-1,1,-1,1,-1,1,-1,-1,-1,-1,-1,1,1,-1,-1,1,-1,-1,1,1,-1,-1,-1,-1,1,-1,1,-1,-1,-1,-1,1,-1,-1,-1,1,-1,-1,1,-1,1,-1,-1,-1,-1,-1,-1,1,1,-1,-1,-1,1,1,1,-1,-1,1,-1,-1,-1,1,-1,1,-1,-1,1,1,1,-1,-1,-1,-1,1,-1,1,1,-1,1,-1,-1,1,1,-1,-1,-1,-1,-1,-1,1,1,-1,-1,1,-1,1,1,-1,-1,-1,1,-1,1,1,-1,-1,1,-1,-1,1,1,1,-1,1,-1,1,1,1,-1,-1,1,-1,-1,1,1,1,-1,1,-1,-1,1,1,-1,1,1,-1,-1,1,1,1,1,1,-1,-1,1,1,-1,1,1,-1,-1,1,1,1,1,1,1,-1,-1,1,1,-1,1,-1,-1,1,-1,1,1,1,1,-1,-1,1,-1,1,1,1,-1,1,1,1,1,-1,1,-1,1,1,1,1,1,1,1,-1,1,1,1,1,-1,1,-1,1,1,1,1,1,-1,1,1,1,1,-1,-1,1,-1,1,1,-1,1,1,-1,-1,1,1,1,-1,1,1,-1,1,1,1,-1,-1,1,-1,1,1,1,-1,1,-1,-1,-1,1,1,-1,-1,1,-1,-1,1,1,1,-1,1,-1,-1,1,1,1,1,-1,-1,-1,1,1,-1,-1,-1,1,-1,-1,1,-1,1,1,-1,1,1,-1,-1,1,-1,-1,-1,-1,1,-1,1,1,-1,1,1,-1,-1,1,-1,1,-1,-1,-1,-1,1,-1,-1,1,1,-1,1,1,-1,1,1,1,1,-1,1,-1,1,1,1,1,-1,1,-1,-1,1,1,1,-1,1,-1,1,1,1,1,-1,1,-1,1,1,1,-1,-1,1,-1,-1,1,1,-1,-1,-1,1,-1,1,-1,1,-1,1,-1,-1,1,-2670.0,1,2000,445,0,False
1166,1,1,-1,-1,1,-1,1,-1,1,1,1,-1,1,1,1,1,-1,1,-1,-1,1,-1,1,1,1,-1,1,-1,1,1,1,1,-1,-1,-1,-1,1,1,1,1,-1,-1,-1,1,1,1,1,-1,1,1,1,1,-1,1,-1,-1,1,-1,1,1,1,-1,-1,-1,1,1,1,1,-1,-1,-1,1,1,1,1,-1,-1,-1,1,1,1,-1,-1,-1,1,1,1,1,-1,-1,-1,1,1,1,1,-1,-1,1,1,-1,1,1,-1,-1,1,1,1,1,1,-1,-1,1,1,1,1,1,-1,-1,1,1,1,1,1,1,-1,1,1,1,-1,1,1,-1,1,1,1,1,1,1,-1,-1,1,1,1,1,1,-1,1,1,1,1,1,1,-1,-1,-1,1,1,1,1,-1,1,1,1,1,-1,1,-1,1,-1,1,1,1,-1,-1,1,1,1,1,1,-1,1,-1,-1,1,-1,1,-1,1,1,1,1,1,1,1,1,1,1,1,-1,1,-1,1,1,-1,1,-1,1,1,-1,1,-1,1,-1,1,-1,1,1,-1,1,-1,1,1,1,1,-1,-1,1,1,-1,-1,1,-1,1,-1,-1,1,-1,1,-1,1,-1,1,-1,1,1,-1,-1,-1,1,1,-1,1,-1,1,1,1,-1,1,1,-1,1,-1,1,-1,1,-1,1,-1,1,1,-1,1,-1,-1,-1,1,1,-1,1,-1,-1,-1,1,1,-1,-1,1,1,-1,-1,1,1,-1,1,1,-1,1,1,1,1,-1,1,-1,1,1,-1,1,-1,1,1,-1,1,1,1,1,1,-1,-1,1,-1,-1,-1,1,1,-1,1,1,1,-1,1,-1,-1,1,1,1,1,1,-1,1,1,1,-1,1,1,-1,1,1,1,-1,1,1,-1,1,-1,1,1,-1,1,-1,1,1,1,-1,1,1,-1,1,1,1,-1,1,-1,-1,1,1,1,-1,1,-1,-1,1,1,1,-1,1,-1,-1,-1,-1,1,-1,1,1,-1,1,1,1,1,-1,1,-1,-1,-1,1,-1,1,-1,-1,1,-1,-1,-1,1,1,-1,1,-1,1,-1,1,-1,1,-1,1,1,1,1,-1,1,-1,1,1,-1,1,-1,-1,-1,-1,1,1,1,1,-1,-1,1,1,1,1,-1,-1,1,-1,-1,1,-1,1,-1,1,-1,1,1,1,-1,-1,1,1,-1,1,-1,1,-1,-1,1,-1,1,1,-1,-1,-1,1,-1,-1,1,1,-1,-1,1,-1,1,1,-1,1,-1,1,-1,-1,1,1,-1,-1,1,-1,1,1,-1,-1,1,1,-1,1,-1,1,-1,1,-1,-1,1,-1,1,-1,1,-1,-1,1,-1,-1,-1,1,-1,-1,1,-1,1,-1,1,-1,-1,1,-1,-1,1,-1,1,-1,1,1,1,-1,1,1,-1,-1,1,1,-1,1,-1,-1,1,1,1,1,1,1,-1,-1,1,1,-1,1,1,-1,-1,1,1,1,-1,1,1,-1,1,1,1,1,1,-1,1,-1,-1,-1,1,-1,-1,1,-1,1,-1,1,-1,1,-1,-1,-1,1,1,-1,1,1,-1,-1,-1,1,-1,1,1,-1,1,-1,1,-1,-1,-1,-1,-1,-1,1,-1,-1,-1,-1,-1,-1,1,-1,1,1,1,1,-1,1,-1,1,1,-1,-1,-1,1,-1,-1,1,-1,1,-1,-1,1,1,1,1,-1,-1,1,1,1,1,-1,1,-1,-1,1,1,1,-1,-1,-1,1,1,1,1,-1,-1,-1,1,-1,1,-1,1,1,-1,-1,1,1,1,-1,-1,-1,-1,1,1,1,1,-1,-1,-1,1,1,1,1,-1,-1,-1,1,-1,1,-1,-1,-1,1,1,1,1,1,-1,-1,-1,1,-1,1,1,-1,-1,-1,1,1,-1,1,-1,-1,-1,1,1,1,1,-1,-1,1,1,1,-1,1,-1,1,1,-1,1,1,-1,-1,-1,1,1,-1,1,1,-1,1,1,1,-1,1,-1,-1,-1,1,-1,1,-1,-1,-1,-1,1,1,-1,1,1,-1,-1,1,-1,-1,1,-1,-1,-1,1,1,-1,1,-1,-1,-1,1,-1,-1,-1,-1,-1,-1,1,1,1,-1,-1,-1,-1,1,-1,1,-1,-1,-1,-1,-1,-1,-1,1,-1,-1,-1,1,-1,-1,1,-1,-1,-1,-1,-1,1,1,-1,-1,-1,-1,-1,1,-1,-1,-1,1,-1,-1,1,-1,1,-1,-1,-1,-1,-1,-1,-1,1,-1,-1,-1,1,1,1,-1,-1,1,-1,1,-1,-1,-1,1,-1,-1,1,1,1,-1,-1,-1,-1,1,-1,1,1,-1,1,-1,-1,1,1,-1,-1,-1,-1,-1,-1,1,1,-1,-1,1,-1,1,1,-1,-1,-1,1,-1,1,1,-1,-1,1,-1,-1,1,1,1,-1,1,-1,1,1,1,-1,-1,1,-1,-1,1,1,1,-1,1,-1,-1,1,1,-1,1,1,-1,-1,1,1,1,1,1,-1,-1,1,1,-1,1,1,-1,-1,1,1,1,1,1,1,-1,-1,1,1,-1,1,-1,-1,1,-1,1,1,1,1,-1,-1,1,-1,1,1,1,-1,1,1,1,1,-1,1,-1,1,1,1,1,1,1,1,-1,1,1,1,1,-1,1,-1,1,1,1,1,1,-1,1,1,1,1,-1,1,1,-1,1,1,-1,1,1,-1,-1,1,1,1,1,-1,1,-1,1,1,1,-1,-1,1,-1,1,1,1,-1,1,-1,-1,-1,1,1,-1,-1,1,-1,-1,1,1,1,-1,1,-1,-1,1,1,1,-1,-1,-1,-1,1,1,-1,-1,-1,1,-1,-1,1,-1,1,1,-1,1,1,-1,-1,1,-1,-1,-1,1,1,-1,1,1,-1,1,1,-1,-1,-1,-1,1,-1,-1,-1,-1,1,-1,-1,1,1,-1,1,1,-1,1,1,1,1,-1,1,-1,1,1,1,1,-1,1,-1,-1,-1,1,1,-1,1,-1,1,1,1,1,-1,1,-1,1,1,-1,-1,-1,1,-1,-1,1,1,-1,-1,-1,1,-1,1,-1,1,-1,1,-1,-1,1,-2670.0,1,2000,445,0,False
1167,1,1,-1,-1,1,1,-1,-1,1,1,1,-1,1,1,1,1,-1,1,1,-1,-1,-1,1,1,1,1,-1,-1,1,1,1,1,-1,-1,-1,-1,1,1,1,1,-1,-1,-1,1,1,1,1,-1,1,1,1,1,-1,1,-1,-1,1,-1,1,1,1,-1,-1,-1,1,1,1,1,-1,-1,-1,1,1,1,1,-1,-1,-1,1,1,1,-1,-1,-1,1,1,1,1,-1,1,-1,1,1,1,1,-1,-1,1,1,-1,1,1,-1,-1,1,1,1,1,1,-1,-1,1,1,1,1,1,-1,-1,1,1,1,1,1,1,-1,1,1,1,-1,1,1,-1,1,1,1,1,1,1,-1,-1,1,1,1,1,1,-1,1,1,1,1,1,1,-1,-1,-1,1,1,1,1,-1,1,1,1,1,-1,1,-1,1,-1,1,1,1,-1,-1,1,1,1,1,1,-1,1,-1,-1,1,-1,1,-1,1,1,1,1,1,1,1,1,1,1,1,-1,1,-1,1,1,-1,1,-1,1,1,-1,1,-1,1,-1,1,-1,1,1,-1,1,-1,1,1,1,1,-1,-1,1,1,-1,-1,1,-1,1,-1,1,1,-1,1,-1,1,-1,1,-1,1,1,-1,-1,-1,1,1,-1,1,-1,1,1,1,-1,1,1,-1,-1,-1,1,-1,1,-1,1,-1,1,1,-1,1,-1,-1,-1,1,1,-1,1,-1,-1,-1,1,1,-1,-1,1,1,-1,-1,1,1,-1,1,1,-1,1,1,1,1,-1,1,-1,1,1,-1,1,-1,1,1,-1,1,1,1,1,1,-1,-1,1,-1,-1,-1,1,1,-1,1,1,1,-1,1,-1,-1,1,1,1,-1,1,-1,1,1,1,-1,-1,1,-1,1,1,1,-1,1,1,-1,-1,1,1,1,-1,1,-1,1,1,1,-1,1,1,-1,1,1,1,-1,1,-1,-1,1,1,1,-1,1,-1,-1,-1,1,1,-1,1,-1,-1,1,-1,1,-1,1,1,-1,-1,1,1,1,1,1,-1,-1,1,1,-1,1,-1,-1,-1,-1,-1,-1,1,-1,-1,-1,1,1,-1,1,-1,1,-1,1,1,1,1,-1,-1,1,1,1,-1,1,-1,-1,-1,-1,1,1,1,1,-1,-1,1,1,1,1,-1,-1,1,-1,-1,1,-1,1,-1,-1,1,-1,1,1,-1,-1,1,1,-1,1,-1,1,-1,-1,1,-1,1,1,-1,-1,-1,1,-1,-1,1,1,-1,-1,1,-1,1,1,-1,1,-1,1,-1,-1,1,1,-1,-1,1,-1,1,1,-1,-1,1,1,-1,1,-1,1,-1,1,-1,1,1,-1,1,-1,1,-1,-1,1,-1,-1,-1,1,-1,-1,1,-1,1,-1,1,-1,-1,1,-1,-1,1,-1,1,-1,1,1,1,-1,1,1,-1,1,-1,1,-1,1,-1,-1,1,-1,1,1,1,1,-1,-1,1,1,-1,1,1,-1,1,1,1,1,-1,1,1,-1,1,1,1,1,-1,1,1,-1,-1,-1,1,-1,1,1,1,1,-1,1,-1,1,-1,-1,-1,1,1,-1,1,1,-1,-1,-1,1,-1,1,1,-1,1,-1,1,-1,-1,-1,-1,-1,-1,1,-1,-1,-1,-1,-1,-1,1,-1,1,1,1,1,-1,1,-1,1,1,-1,-1,-1,1,-1,-1,1,-1,1,-1,-1,1,1,1,1,-1,-1,1,1,1,1,-1,1,-1,-1,1,1,1,-1,-1,-1,1,1,1,1,-1,-1,-1,1,-1,1,-1,1,1,-1,-1,1,1,1,-1,-1,-1,1,1,1,1,1,-1,-1,-1,1,1,1,1,-1,-1,-1,1,-1,1,-1,-1,-1,1,1,1,1,1,-1,-1,-1,1,1,1,1,-1,-1,-1,1,1,-1,1,-1,-1,-1,1,1,1,1,-1,-1,1,1,1,1,-1,-1,1,1,-1,1,1,-1,-1,-1,1,1,1,1,1,-1,1,1,1,1,1,-1,-1,-1,1,-1,1,-1,-1,-1,-1,1,-1,1,1,1,-1,-1,1,-1,1,1,-1,-1,-1,1,1,1,1,-1,-1,-1,1,-1,1,1,-1,-1,-1,1,1,-1,-1,-1,-1,-1,1,-1,1,-1,-1,-1,-1,-1,-1,-1,1,-1,-1,-1,1,-1,-1,1,-1,-1,-1,-1,-1,1,1,-1,-1,-1,-1,-1,1,-1,-1,-1,1,-1,-1,1,-1,1,-1,-1,-1,-1,-1,-1,-1,1,-1,-1,-1,1,1,-1,-1,-1,-1,1,-1,-1,-1,-1,1,-1,-1,1,1,1,-1,-1,-1,-1,1,-1,1,1,-1,1,-1,-1,1,1,-1,-1,-1,-1,-1,-1,1,1,-1,-1,1,-1,1,1,-1,-1,-1,1,-1,1,1,-1,-1,1,-1,-1,1,1,1,-1,1,-1,1,1,1,-1,-1,1,-1,-1,1,1,1,-1,1,-1,-1,1,1,-1,1,1,-1,-1,1,1,-1,1,1,-1,-1,1,1,-1,1,1,-1,-1,1,1,1,1,1,1,-1,-1,1,-1,1,1,-1,-1,1,-1,1,1,1,1,-1,-1,1,-1,1,1,1,-1,1,-1,1,1,-1,1,-1,1,1,1,1,1,1,1,-1,-1,1,1,1,-1,1,-1,1,1,1,1,1,-1,1,-1,1,1,-1,1,1,-1,1,1,-1,1,1,-1,-1,1,1,1,1,-1,1,-1,-1,1,1,-1,-1,1,-1,1,1,1,-1,1,-1,-1,-1,1,1,-1,-1,1,-1,-1,1,1,-1,-1,1,-1,-1,1,1,1,-1,1,-1,-1,1,1,-1,-1,1,1,-1,1,1,-1,1,1,-1,1,1,-1,-1,1,-1,-1,-1,-1,1,-1,1,1,-1,1,1,-1,-1,-1,-1,1,-1,-1,-1,-1,1,-1,-1,1,1,-1,1,1,-1,1,1,1,1,-1,1,-1,1,1,1,1,-1,1,-1,-1,1,1,1,-1,1,-1,1,1,1,1,-1,1,-1,1,1,1,-1,-1,1,-1,-1,1,1,-1,-1,-1,1,-1,1,1,1,-1,1,-1,-1,1,-2670.0,1,2000,445,0,False
1168,1,1,-1,-1,1,-1,-1,-1,1,1,1,-1,1,1,1,1,-1,1,-1,-1,-1,-1,1,1,1,1,-1,-1,1,1,1,1,-1,-1,-1,-1,1,1,1,1,-1,-1,-1,1,1,1,1,-1,1,1,1,1,-1,1,-1,-1,1,-1,1,1,1,-1,-1,-1,1,1,1,1,-1,-1,-1,1,1,1,1,-1,-1,-1,1,1,1,-1,-1,-1,1,1,1,1,-1,-1,-1,1,1,1,1,-1,-1,1,1,-1,1,1,-1,-1,1,1,1,1,1,-1,-1,-1,1,1,1,1,-1,-1,1,1,1,1,1,1,-1,-1,1,1,-1,1,1,-1,1,1,1,1,1,1,-1,1,1,1,1,1,1,-1,1,1,1,1,1,1,-1,-1,-1,1,1,1,1,-1,1,1,1,1,-1,1,-1,1,-1,1,1,1,-1,-1,1,1,1,1,1,-1,1,-1,-1,1,-1,1,-1,1,1,1,1,1,1,1,1,1,-1,1,-1,1,-1,1,1,-1,1,-1,1,1,-1,1,-1,1,-1,1,-1,1,1,-1,1,-1,1,1,1,1,-1,-1,1,1,-1,-1,1,-1,1,-1,-1,1,-1,1,-1,1,-1,1,-1,1,1,-1,-1,-1,1,1,-1,1,-1,1,1,1,-1,1,1,-1,-1,-1,1,-1,1,-1,1,-1,1,1,-1,1,-1,-1,-1,1,1,-1,1,-1,-1,-1,1,1,-1,-1,1,1,-1,-1,1,1,-1,1,1,-1,1,1,1,1,-1,1,-1,1,1,-1,1,-1,1,1,-1,1,1,1,1,1,-1,-1,1,-1,-1,-1,1,1,-1,1,1,1,-1,1,-1,-1,1,1,1,1,1,-1,1,1,1,-1,-1,1,-1,1,1,1,-1,1,1,-1,-1,1,1,1,-1,1,-1,1,1,1,-1,1,1,-1,1,1,1,-1,1,-1,-1,1,1,1,-1,1,-1,-1,-1,1,1,-1,1,-1,-1,1,-1,1,-1,1,1,-1,-1,1,1,1,1,1,-1,-1,1,1,-1,1,-1,-1,-1,-1,-1,-1,1,1,-1,-1,1,1,-1,1,-1,1,-1,1,1,1,1,-1,-1,1,1,1,-1,1,-1,-1,-1,-1,1,1,1,1,-1,-1,1,1,1,1,-1,-1,1,-1,-1,1,-1,1,-1,-1,1,-1,1,1,-1,-1,1,1,-1,1,-1,1,-1,-1,1,-1,1,1,-1,-1,-1,1,-1,-1,1,1,-1,-1,1,-1,1,1,-1,1,-1,1,-1,-1,1,1,-1,-1,1,-1,1,1,-1,-1,1,1,-1,1,-1,1,-1,1,-1,-1,1,-1,1,-1,1,-1,-1,1,-1,-1,-1,1,-1,-1,1,1,1,-1,1,-1,-1,1,-1,-1,1,-1,1,-1,1,-1,1,-1,1,1,-1,-1,-1,1,-1,1,-1,-1,1,-1,1,1,1,1,-1,-1,1,1,-1,1,1,-1,-1,1,1,1,-1,1,1,-1,1,1,1,1,1,1,1,-1,-1,-1,1,-1,-1,1,-1,1,-1,1,-1,1,-1,-1,-1,1,1,-1,1,1,-1,-1,-1,1,-1,1,1,-1,1,-1,1,-1,-1,-1,-1,-1,-1,1,-1,-1,-1,-1,-1,-1,1,-1,1,1,1,1,-1,1,-1,1,1,-1,-1,-1,1,-1,-1,1,-1,1,-1,-1,1,1,1,1,-1,-1,1,1,1,1,-1,1,-1,-1,1,1,1,-1,-1,-1,1,1,1,1,-1,-1,-1,1,-1,1,-1,1,1,-1,-1,1,1,1,-1,-1,-1,1,1,1,1,1,-1,-1,-1,1,1,1,1,-1,-1,-1,1,-1,1,-1,-1,-1,1,1,1,1,1,-1,-1,-1,1,1,1,1,-1,-1,-1,1,1,-1,1,-1,-1,-1,1,1,1,1,-1,-1,1,1,1,1,-1,-1,1,1,-1,1,1,-1,-1,-1,1,1,1,1,1,-1,1,1,1,1,1,-1,-1,-1,1,-1,1,-1,-1,-1,-1,1,-1,1,1,-1,-1,-1,1,-1,1,1,-1,-1,-1,1,1,1,1,-1,-1,-1,1,-1,1,1,-1,-1,-1,1,1,-1,-1,-1,-1,-1,1,-1,1,-1,-1,-1,-1,-1,-1,-1,1,-1,-1,-1,1,-1,-1,1,-1,-1,-1,-1,-1,1,1,-1,-1,-1,-1,-1,1,-1,-1,-1,1,-1,-1,1,-1,1,-1,-1,-1,-1,-1,-1,-1,1,-1,-1,-1,1,1,1,-1,-1,1,-1,-1,-1,-1,-1,1,-1,-1,1,1,1,-1,-1,-1,-1,1,-1,1,1,-1,1,-1,-1,1,1,-1,-1,-1,-1,-1,-1,1,1,-1,-1,1,-1,1,1,-1,-1,-1,1,-1,1,1,-1,-1,1,-1,-1,1,1,1,-1,1,-1,1,1,1,-1,-1,1,-1,-1,1,1,1,-1,1,-1,-1,1,1,-1,1,1,-1,-1,1,1,-1,1,1,-1,-1,1,1,-1,1,1,-1,-1,1,1,1,1,1,1,-1,-1,1,1,-1,1,-1,-1,1,-1,1,1,1,1,-1,-1,1,-1,1,1,1,-1,1,1,1,1,-1,1,-1,1,1,1,1,1,1,1,-1,1,1,1,1,-1,1,-1,1,1,1,1,1,-1,1,1,1,1,-1,1,1,-1,1,1,-1,1,1,-1,-1,1,1,1,1,-1,1,-1,1,1,1,-1,-1,1,-1,1,1,1,-1,1,-1,-1,-1,1,1,-1,-1,1,-1,-1,1,1,1,-1,1,-1,-1,1,1,1,-1,1,-1,-1,1,1,-1,-1,-1,1,-1,-1,1,-1,1,1,-1,1,1,-1,-1,1,-1,-1,-1,1,1,-1,1,1,-1,1,1,-1,-1,1,-1,1,-1,-1,-1,-1,1,-1,-1,1,1,-1,1,1,-1,1,1,1,1,-1,1,-1,1,1,1,-1,-1,1,-1,-1,1,1,-1,-1,1,-1,1,1,1,-1,-1,1,-1,1,1,1,1,-1,1,-1,-1,1,1,-1,-1,-1,1,-1,1,-1,1,-1,1,-1,-1,1,-2670.0,1,2000,445,0,False
1169,1,1,-1,-1,1,1,-1,-1,1,1,1,-1,1,1,1,1,-1,1,-1,-1,1,-1,1,1,1,-1,-1,-1,1,1,1,1,1,-1,-1,-1,1,1,1,1,-1,-1,-1,1,1,1,1,-1,1,1,1,1,-1,1,-1,-1,1,-1,1,1,-1,-1,-1,-1,1,1,1,1,-1,-1,-1,1,1,1,1,-1,-1,-1,1,1,1,-1,-1,-1,1,1,1,1,-1,1,-1,1,1,1,1,-1,-1,1,1,-1,1,1,-1,-1,1,1,1,1,1,-1,-1,1,1,1,1,1,-1,-1,1,1,1,1,1,1,-1,1,1,1,-1,1,1,-1,1,1,1,1,1,1,-1,-1,1,1,1,1,1,-1,1,1,1,1,1,1,-1,-1,-1,1,1,1,1,-1,1,1,1,1,-1,1,-1,1,-1,1,1,1,-1,-1,1,1,1,1,1,-1,1,-1,-1,1,-1,1,-1,1,1,1,1,1,1,1,1,1,1,1,-1,1,-1,1,1,-1,1,-1,1,1,-1,1,-1,1,-1,1,-1,1,1,-1,-1,-1,1,1,1,1,-1,-1,1,1,-1,-1,1,-1,1,-1,-1,1,-1,1,-1,1,-1,1,-1,-1,1,-1,-1,-1,1,1,-1,1,-1,1,1,1,-1,1,1,-1,1,-1,1,-1,1,-1,1,-1,1,1,-1,1,-1,-1,-1,1,1,-1,1,-1,-1,-1,1,1,-1,-1,1,1,-1,-1,1,1,-1,1,1,-1,1,1,1,1,-1,1,-1,1,1,-1,1,-1,1,-1,1,1,1,1,1,1,-1,-1,1,-1,-1,1,1,1,-1,1,1,1,-1,1,1,1,1,1,1,1,1,-1,1,1,1,-1,1,1,-1,1,1,1,-1,1,1,-1,-1,1,1,1,-1,1,-1,1,1,1,-1,1,1,-1,1,1,1,-1,1,1,-1,1,1,1,-1,1,1,-1,-1,1,1,-1,1,1,-1,1,-1,1,-1,1,1,1,-1,1,1,1,1,1,1,-1,1,1,-1,1,1,1,-1,-1,-1,-1,1,1,1,-1,1,1,-1,1,1,-1,-1,1,1,1,1,1,-1,1,1,1,-1,1,1,1,1,-1,1,1,1,-1,1,-1,1,1,1,1,1,1,-1,-1,-1,1,-1,-1,1,-1,1,-1,1,1,1,1,1,-1,-1,1,-1,-1,1,-1,1,-1,1,1,-1,1,1,1,-1,-1,1,-1,1,1,-1,-1,1,1,1,-1,1,-1,-1,-1,1,-1,1,1,-1,-1,1,1,1,1,-1,1,-1,1,-1,1,1,-1,1,-1,1,-1,1,1,-1,-1,-1,1,-1,1,1,1,-1,-1,1,-1,-1,1,-1,-1,-1,1,-1,1,1,1,-1,-1,1,1,-1,1,-1,-1,-1,-1,1,-1,1,-1,-1,-1,1,-1,-1,1,-1,-1,-1,-1,1,-1,1,-1,-1,-1,-1,1,-1,-1,1,1,1,-1,1,-1,1,-1,1,1,1,-1,-1,-1,1,-1,-1,1,1,1,-1,1,-1,1,1,1,-1,1,1,-1,1,-1,1,-1,-1,1,-1,-1,1,1,1,-1,1,-1,-1,1,1,-1,-1,1,-1,-1,1,1,-1,-1,1,-1,-1,-1,1,1,-1,1,1,-1,-1,1,-1,-1,1,-1,1,-1,1,1,-1,-1,1,-1,-1,-1,-1,-1,1,1,1,-1,-1,1,-1,-1,1,-1,-1,1,-1,-1,1,1,-1,-1,1,-1,-1,1,1,-1,1,-1,1,-1,-1,1,1,-1,-1,-1,-1,1,1,-1,-1,1,-1,-1,-1,1,1,-1,-1,-1,-1,-1,1,-1,-1,-1,-1,-1,-1,1,1,-1,-1,-1,-1,1,1,1,-1,-1,-1,-1,-1,1,1,1,-1,-1,-1,-1,1,1,-1,-1,-1,-1,1,1,1,1,1,-1,1,1,1,1,1,1,-1,-1,1,1,1,-1,1,-1,1,1,1,1,-1,1,-1,-1,1,-1,1,-1,1,-1,-1,1,-1,1,-1,1,-1,-1,1,-1,1,-1,1,-1,-1,1,-1,1,1,1,-1,-1,1,-1,1,1,1,-1,-1,1,1,-1,1,1,-1,-1,1,-1,1,-1,1,-1,-1,-1,-1,-1,1,1,-1,-1,1,-1,-1,1,1,-1,-1,-1,-1,1,-1,1,-1,-1,-1,-1,-1,1,-1,-1,1,-1,-1,1,-1,1,-1,-1,-1,-1,-1,1,1,1,-1,-1,-1,1,1,1,-1,-1,1,1,-1,-1,1,-1,1,-1,-1,1,1,1,-1,-1,-1,-1,1,-1,1,1,-1,1,-1,-1,1,1,-1,-1,-1,-1,-1,-1,1,1,-1,-1,1,-1,1,1,-1,-1,-1,1,-1,1,1,-1,-1,1,-1,-1,1,1,1,-1,1,-1,1,1,1,-1,-1,1,-1,-1,1,1,1,-1,1,-1,-1,1,1,-1,1,1,-1,-1,1,1,1,1,1,-1,-1,1,1,1,1,1,-1,-1,1,1,1,1,-1,1,-1,-1,1,1,-1,1,-1,-1,1,-1,1,1,1,1,-1,-1,1,-1,1,1,1,-1,1,1,1,1,-1,1,-1,1,1,1,1,1,1,1,-1,1,1,1,1,-1,1,-1,1,1,1,1,1,-1,1,1,1,1,-1,1,1,-1,1,1,-1,1,1,-1,-1,1,1,1,1,-1,1,-1,1,1,1,-1,-1,1,-1,1,1,1,-1,1,-1,-1,-1,1,1,-1,-1,1,-1,-1,1,1,1,-1,1,-1,-1,1,1,1,-1,1,-1,-1,1,1,-1,-1,-1,1,-1,1,1,-1,1,1,-1,1,1,-1,-1,1,-1,-1,-1,-1,1,-1,1,1,-1,1,1,-1,-1,-1,-1,1,-1,-1,-1,-1,1,-1,-1,1,1,-1,1,1,-1,1,1,1,1,-1,1,-1,1,1,1,1,-1,1,-1,-1,-1,1,1,-1,1,-1,1,1,1,1,-1,1,-1,1,1,-1,-1,-1,1,-1,-1,1,1,-1,-1,-1,1,-1,1,-1,1,-1,1,-1,-1,1,-2670.0,1,2000,445,1000,False
1170,1,1,-1,-1,1,1,-1,-1,1,1,1,-1,-1,1,1,1,-1,1,-1,-1,-1,-1,1,1,1,-1,-1,-1,1,1,1,1,-1,-1,-1,-1,1,1,1,1,-1,-1,-1,1,1,1,1,-1,1,1,1,1,-1,1,-1,-1,1,-1,1,1,1,-1,-1,-1,1,1,1,1,-1,-1,-1,1,1,1,1,-1,-1,-1,1,1,1,-1,-1,-1,1,1,1,1,-1,-1,1,1,1,1,1,-1,-1,-1,1,-1,1,1,-1,-1,1,1,1,1,1,-1,-1,-1,1,1,1,1,-1,-1,1,1,1,1,1,1,-1,-1,1,1,-1,1,1,-1,1,1,1,1,1,1,-1,1,1,1,1,1,1,-1,1,1,1,1,1,1,-1,-1,-1,1,1,1,1,-1,1,1,1,1,-1,1,-1,1,-1,1,1,1,-1,-1,1,1,1,1,1,-1,1,-1,-1,1,-1,1,-1,1,1,1,1,1,1,1,1,1,-1,1,-1,1,-1,1,1,-1,1,-1,1,1,-1,1,-1,1,-1,1,-1,1,1,-1,1,-1,1,1,1,1,-1,-1,1,1,-1,-1,1,-1,1,-1,-1,1,-1,1,-1,1,-1,1,-1,1,1,-1,-1,-1,1,1,-1,1,-1,1,1,1,-1,1,1,-1,1,-1,1,-1,1,-1,1,-1,1,1,-1,1,-1,-1,-1,1,1,-1,1,-1,-1,-1,1,1,-1,-1,1,1,-1,-1,1,1,-1,1,1,-1,1,1,1,1,-1,1,-1,1,1,-1,1,-1,1,1,-1,1,1,-1,-1,1,-1,-1,1,-1,-1,-1,1,1,-1,1,1,1,-1,1,-1,-1,1,1,1,-1,1,-1,1,1,1,1,-1,1,-1,1,1,1,-1,1,1,-1,-1,1,1,1,-1,1,-1,1,1,1,-1,1,1,-1,1,1,1,-1,1,-1,-1,1,1,1,1,1,-1,-1,-1,1,1,-1,1,-1,-1,1,-1,1,-1,1,1,-1,-1,1,1,1,1,1,-1,-1,1,1,-1,1,-1,-1,-1,-1,-1,-1,1,1,-1,-1,1,1,-1,1,-1,-1,-1,1,1,1,1,-1,-1,1,1,1,-1,1,-1,-1,-1,-1,1,1,1,1,-1,-1,1,1,1,1,-1,-1,1,-1,-1,1,-1,1,-1,-1,1,-1,1,1,-1,-1,1,1,-1,1,-1,1,-1,-1,1,-1,1,1,-1,-1,-1,1,-1,-1,1,1,-1,-1,1,-1,1,1,-1,1,-1,1,-1,-1,1,1,-1,-1,1,-1,1,1,-1,-1,1,1,-1,1,-1,1,-1,1,-1,-1,1,-1,1,-1,1,-1,-1,1,-1,-1,-1,1,-1,-1,1,-1,1,-1,1,-1,-1,1,-1,-1,1,-1,1,-1,1,1,1,-1,1,1,-1,-1,1,1,-1,1,-1,-1,1,-1,1,1,1,1,-1,-1,1,1,-1,1,1,-1,-1,1,1,1,-1,1,1,-1,1,1,1,1,1,-1,1,-1,-1,-1,1,-1,-1,1,1,1,-1,1,-1,1,-1,-1,-1,1,1,-1,1,1,-1,-1,-1,1,-1,1,1,-1,1,-1,1,-1,-1,-1,-1,-1,-1,1,-1,-1,-1,-1,-1,-1,1,-1,1,1,1,1,-1,1,-1,1,1,-1,-1,-1,1,-1,-1,1,-1,1,-1,-1,1,1,1,1,-1,-1,1,1,1,1,-1,1,-1,-1,1,1,1,-1,-1,-1,1,1,1,1,-1,-1,-1,1,-1,1,-1,1,-1,-1,-1,1,1,1,-1,-1,-1,-1,1,1,1,1,-1,-1,-1,1,1,1,1,-1,-1,-1,1,1,1,-1,-1,-1,1,1,1,1,1,-1,-1,-1,1,1,1,1,-1,-1,-1,1,1,-1,1,-1,-1,-1,1,1,1,1,-1,-1,1,1,1,1,-1,-1,1,1,-1,1,1,-1,-1,-1,1,1,1,1,1,-1,1,1,1,1,1,-1,-1,-1,1,-1,1,-1,-1,-1,-1,1,-1,1,1,1,-1,-1,1,-1,1,1,-1,-1,-1,1,1,1,1,-1,-1,-1,1,-1,1,1,-1,-1,-1,1,1,-1,-1,-1,-1,-1,1,-1,1,-1,-1,-1,-1,-1,-1,-1,1,-1,-1,-1,1,-1,-1,1,-1,-1,-1,-1,-1,1,1,-1,-1,-1,-1,-1,1,-1,-1,-1,1,-1,-1,1,-1,1,-1,-1,-1,-1,-1,-1,-1,1,-1,-1,-1,1,1,1,-1,-1,1,1,-1,-1,-1,-1,1,-1,-1,1,1,1,-1,-1,-1,-1,1,-1,1,1,-1,1,-1,-1,1,1,-1,-1,-1,-1,-1,-1,1,1,-1,-1,1,-1,1,1,-1,-1,-1,1,-1,1,1,-1,-1,1,-1,-1,1,1,1,-1,1,-1,1,1,1,-1,-1,1,-1,-1,1,1,1,-1,1,-1,-1,1,1,-1,1,1,-1,-1,1,1,1,1,1,-1,-1,1,1,-1,1,1,-1,-1,1,1,1,1,1,1,-1,-1,1,1,1,1,-1,-1,1,-1,1,1,1,1,-1,-1,1,-1,1,1,1,-1,1,1,1,1,-1,1,-1,1,1,1,1,1,1,1,-1,1,1,1,1,-1,1,-1,1,1,1,1,1,-1,1,1,1,1,-1,-1,1,-1,1,1,-1,1,1,-1,-1,1,1,1,-1,1,1,-1,1,1,1,-1,-1,1,-1,1,1,1,-1,1,-1,-1,-1,1,1,-1,-1,1,-1,-1,1,1,-1,-1,1,-1,-1,1,1,1,1,-1,-1,-1,1,1,-1,-1,1,1,-1,1,1,-1,1,1,-1,1,1,-1,-1,1,-1,-1,-1,1,1,-1,1,1,-1,1,1,-1,-1,-1,-1,1,-1,-1,-1,-1,1,-1,-1,1,1,-1,1,1,-1,1,1,1,1,-1,1,-1,1,1,1,-1,-1,1,-1,-1,-1,1,-1,-1,1,-1,1,1,1,-1,-1,1,-1,1,1,1,1,-1,1,-1,-1,1,1,1,-1,-1,1,-1,1,1,1,-1,1,-1,-1,1,-2670.0,1,2000,445,1000,False
1171,1,1,-1,-1,1,-1,-1,-1,1,1,1,-1,1,1,1,1,-1,1,-1,-1,-1,-1,1,1,1,1,-1,-1,1,1,1,1,-1,-1,-1,-1,1,1,1,1,-1,-1,-1,1,1,1,1,-1,1,1,1,1,-1,1,-1,-1,1,-1,1,1,1,-1,-1,-1,1,1,1,1,-1,-1,-1,1,1,1,1,-1,-1,-1,1,1,1,-1,-1,-1,1,1,1,1,-1,1,-1,1,1,1,1,-1,-1,1,1,-1,1,1,-1,-1,1,1,1,1,1,-1,-1,1,1,1,1,1,-1,-1,1,1,1,1,1,1,-1,1,1,1,-1,1,1,-1,1,1,1,1,1,1,-1,-1,1,1,1,1,1,-1,1,1,1,1,1,1,-1,-1,-1,1,1,1,1,-1,1,1,1,1,-1,1,-1,1,1,1,1,1,-1,-1,1,1,1,1,1,-1,1,-1,-1,1,-1,1,-1,1,1,1,1,1,1,1,1,1,-1,1,-1,1,-1,1,1,-1,1,-1,1,1,-1,1,-1,1,-1,1,-1,1,1,-1,1,-1,1,1,1,1,-1,-1,1,1,-1,-1,1,-1,1,-1,-1,1,-1,1,-1,1,-1,1,-1,1,1,-1,-1,-1,1,1,-1,1,-1,1,1,1,-1,1,1,-1,1,-1,1,-1,1,-1,1,-1,1,1,-1,1,-1,-1,-1,1,1,-1,1,-1,-1,-1,1,1,-1,-1,1,1,-1,-1,1,1,-1,1,1,-1,1,1,1,1,-1,1,-1,1,1,-1,1,-1,1,1,1,1,1,1,1,1,-1,-1,1,-1,-1,1,1,1,-1,1,1,1,-1,1,1,1,1,1,1,1,1,-1,1,1,1,-1,1,1,-1,1,1,1,-1,1,1,-1,-1,1,1,1,-1,1,-1,1,1,1,-1,1,1,-1,1,1,1,-1,1,1,-1,1,1,1,-1,1,1,1,-1,1,1,1,1,1,-1,1,-1,1,-1,1,1,1,-1,1,1,1,-1,1,1,-1,1,1,-1,1,1,1,-1,-1,-1,-1,1,1,1,-1,1,1,-1,1,1,-1,-1,1,1,-1,1,1,-1,1,1,-1,1,1,1,1,1,-1,1,1,1,-1,1,-1,1,-1,-1,1,1,1,-1,-1,-1,1,-1,-1,1,-1,1,-1,-1,1,1,1,1,-1,-1,-1,-1,-1,1,-1,1,-1,-1,-1,-1,1,1,1,-1,-1,1,-1,1,1,-1,-1,1,-1,1,-1,1,-1,-1,-1,1,-1,1,1,-1,-1,-1,-1,1,1,-1,1,-1,-1,1,1,1,-1,-1,1,-1,1,1,1,-1,-1,1,-1,-1,1,1,1,-1,1,-1,1,-1,1,-1,-1,-1,1,-1,1,1,1,-1,-1,1,-1,-1,1,-1,-1,-1,1,-1,-1,1,-1,-1,-1,1,-1,-1,1,-1,-1,-1,-1,1,-1,1,-1,-1,1,-1,1,-1,-1,1,1,1,-1,1,-1,1,-1,1,-1,1,-1,-1,-1,1,-1,-1,1,1,1,-1,1,-1,1,1,1,-1,1,1,-1,1,-1,1,-1,1,1,-1,-1,1,1,1,-1,1,-1,-1,1,1,-1,-1,1,-1,-1,1,1,-1,-1,1,-1,-1,-1,1,1,-1,1,-1,-1,-1,1,-1,-1,1,-1,1,-1,1,1,-1,-1,1,-1,-1,-1,-1,-1,-1,1,1,-1,-1,1,-1,1,1,-1,-1,1,-1,-1,1,1,-1,-1,1,-1,-1,1,1,-1,1,-1,-1,-1,-1,1,1,-1,-1,-1,-1,-1,1,-1,-1,1,-1,-1,-1,1,1,-1,-1,-1,-1,-1,1,-1,-1,-1,-1,-1,1,1,1,-1,-1,-1,-1,-1,1,1,-1,-1,-1,-1,-1,1,1,1,-1,-1,-1,-1,1,1,-1,-1,-1,-1,1,1,1,1,1,-1,1,1,1,1,1,1,-1,-1,1,1,1,1,-1,-1,1,1,1,1,-1,1,-1,-1,1,-1,1,-1,1,-1,-1,1,-1,1,1,1,-1,-1,1,-1,1,-1,1,-1,-1,1,-1,1,1,1,-1,-1,1,-1,1,1,1,-1,-1,1,1,-1,1,1,-1,-1,1,-1,1,-1,1,-1,-1,-1,-1,-1,1,1,-1,-1,1,-1,-1,1,1,-1,-1,-1,-1,-1,-1,1,-1,-1,-1,-1,-1,1,-1,-1,1,-1,-1,1,-1,1,-1,-1,-1,-1,-1,1,1,1,-1,-1,-1,1,1,1,-1,-1,1,1,-1,-1,1,-1,1,-1,-1,1,1,1,-1,-1,-1,-1,1,-1,1,1,-1,1,-1,-1,1,1,-1,-1,-1,-1,-1,-1,1,1,-1,-1,1,-1,1,1,-1,-1,-1,1,-1,1,1,-1,-1,1,-1,-1,1,1,1,-1,1,-1,1,1,1,-1,-1,1,-1,-1,1,1,1,-1,1,-1,-1,1,1,-1,1,1,-1,-1,1,1,-1,1,1,-1,-1,1,-1,-1,1,1,-1,-1,1,1,1,1,1,1,-1,1,1,1,1,1,-1,-1,1,-1,1,1,1,1,-1,1,1,-1,1,1,1,-1,1,1,1,1,-1,1,-1,1,1,1,1,1,1,-1,1,-1,1,1,1,-1,1,1,1,1,1,1,1,1,-1,1,1,1,-1,1,-1,1,1,1,-1,1,1,1,1,-1,1,1,1,-1,1,1,1,1,1,-1,-1,1,-1,1,1,1,-1,1,-1,1,-1,1,1,-1,-1,1,1,-1,1,1,-1,-1,1,-1,-1,1,1,1,-1,1,-1,1,1,1,-1,-1,-1,-1,1,-1,1,-1,1,1,1,1,1,-1,-1,1,1,1,-1,-1,1,-1,1,-1,1,1,1,-1,-1,-1,-1,-1,-1,-1,-1,-1,-1,-1,1,1,1,-1,1,1,-1,-1,1,1,1,-1,1,-1,1,1,1,1,-1,1,-1,1,1,1,1,-1,1,-1,1,1,1,1,-1,1,-1,1,-1,1,-1,-1,1,-1,-1,1,1,-1,-1,-1,1,-1,1,1,1,-1,1,-1,-1,1,-2670.0,1,2000,445,0,False
1172,1,1,-1,-1,1,1,-1,-1,1,1,1,-1,-1,1,1,1,-1,1,-1,-1,-1,-1,1,1,1,-1,-1,-1,1,1,1,1,-1,-1,-1,-1,1,1,1,1,-1,-1,-1,1,1,1,1,-1,1,1,1,1,-1,1,-1,-1,1,-1,1,1,1,-1,-1,-1,1,1,1,1,-1,-1,-1,1,1,1,1,-1,-1,-1,1,1,1,-1,-1,-1,1,1,1,1,-1,-1,1,1,1,1,1,-1,-1,-1,1,-1,1,1,-1,-1,1,1,1,1,1,-1,-1,-1,1,1,1,1,-1,-1,1,1,1,1,1,1,-1,-1,1,1,-1,1,1,-1,1,1,1,1,1,1,-1,1,1,1,1,1,1,-1,1,1,1,1,1,1,-1,-1,-1,1,1,1,1,-1,1,1,1,1,-1,1,-1,1,-1,1,1,1,-1,-1,1,1,1,1,1,-1,1,-1,-1,1,-1,1,-1,1,1,1,1,1,1,1,1,1,-1,1,-1,1,-1,1,1,-1,1,-1,1,1,-1,1,-1,1,-1,1,-1,1,1,-1,1,-1,1,1,1,1,-1,-1,1,1,-1,-1,1,-1,1,-1,-1,1,-1,1,-1,1,-1,1,-1,1,1,-1,-1,-1,1,1,-1,1,-1,1,1,1,-1,1,1,-1,1,-1,1,-1,1,-1,1,-1,1,1,-1,1,-1,-1,-1,1,1,-1,1,-1,-1,-1,1,1,-1,-1,1,1,-1,-1,1,1,-1,1,1,-1,1,1,1,1,-1,1,-1,1,1,-1,1,-1,1,1,-1,1,1,1,1,1,-1,-1,1,-1,-1,1,1,1,-1,1,1,1,-1,1,-1,-1,1,1,1,1,1,-1,1,1,1,-1,1,1,-1,1,1,1,-1,1,1,-1,1,-1,1,1,-1,1,-1,1,1,1,-1,1,1,-1,1,1,1,-1,1,-1,-1,1,1,1,-1,1,-1,-1,1,1,1,-1,1,-1,-1,-1,-1,1,-1,1,1,-1,1,1,1,1,-1,1,-1,-1,-1,1,-1,1,-1,-1,1,-1,-1,-1,1,1,-1,1,-1,1,-1,1,-1,1,-1,1,1,1,1,-1,1,-1,1,1,-1,1,-1,-1,-1,-1,1,1,-1,1,-1,-1,1,-1,1,-1,-1,-1,1,-1,-1,1,-1,1,-1,1,-1,1,1,-1,-1,-1,1,1,-1,1,-1,1,-1,-1,1,-1,1,1,-1,-1,-1,1,-1,-1,1,1,-1,-1,-1,-1,1,1,-1,1,-1,1,-1,-1,1,1,-1,-1,1,-1,1,1,-1,-1,1,1,-1,1,-1,1,-1,1,-1,1,1,-1,1,-1,1,-1,-1,1,-1,-1,-1,1,-1,-1,1,1,1,-1,1,-1,-1,1,-1,-1,1,-1,1,-1,1,-1,1,-1,1,1,-1,1,-1,1,-1,1,-1,-1,1,-1,1,1,1,1,-1,-1,1,1,-1,1,1,-1,1,1,1,1,-1,1,1,-1,1,1,1,1,-1,1,1,-1,-1,-1,1,-1,1,1,1,1,-1,1,-1,1,-1,-1,-1,1,1,-1,1,1,-1,-1,-1,1,-1,1,1,-1,1,-1,1,-1,-1,-1,-1,-1,-1,1,-1,-1,-1,-1,-1,-1,1,-1,1,1,1,1,-1,1,-1,1,1,-1,-1,-1,1,-1,-1,1,-1,1,-1,-1,1,1,1,1,-1,-1,1,1,1,1,-1,1,-1,-1,1,1,1,-1,-1,-1,1,1,1,1,-1,-1,-1,1,-1,1,-1,1,-1,-1,-1,1,1,1,-1,-1,-1,-1,1,1,1,1,-1,-1,-1,1,1,1,1,-1,-1,-1,1,-1,1,-1,-1,-1,1,1,1,1,1,-1,-1,-1,1,-1,1,1,-1,-1,-1,1,1,-1,1,-1,-1,-1,1,1,1,1,-1,-1,1,1,1,-1,-1,-1,1,1,-1,1,1,-1,-1,-1,1,1,-1,1,1,-1,1,1,1,-1,1,-1,-1,-1,1,-1,1,-1,-1,-1,-1,1,1,-1,1,-1,-1,-1,1,-1,-1,1,-1,-1,-1,1,1,-1,1,-1,-1,-1,1,-1,-1,1,-1,-1,-1,1,1,1,-1,-1,-1,-1,1,-1,-1,1,-1,-1,-1,-1,-1,-1,1,-1,-1,-1,1,-1,-1,1,-1,-1,-1,-1,-1,1,1,-1,-1,-1,-1,-1,1,-1,-1,-1,1,-1,-1,1,-1,1,-1,-1,-1,-1,-1,-1,-1,1,-1,-1,-1,1,1,1,-1,-1,1,-1,1,-1,-1,-1,1,-1,-1,1,-1,1,-1,-1,-1,-1,1,-1,1,1,-1,1,-1,-1,1,1,-1,-1,-1,-1,-1,-1,1,1,-1,-1,1,-1,1,1,-1,-1,-1,1,-1,1,1,-1,-1,1,-1,-1,1,1,1,-1,1,-1,1,1,1,-1,-1,1,-1,-1,1,1,1,-1,1,-1,-1,1,1,-1,1,1,-1,-1,1,1,1,1,1,-1,-1,1,1,-1,1,1,-1,-1,1,1,1,1,1,1,-1,1,1,1,1,1,-1,-1,1,-1,1,1,1,1,-1,-1,1,-1,1,1,1,-1,1,-1,1,1,-1,1,-1,1,1,1,1,1,1,1,-1,-1,1,1,1,-1,1,-1,1,1,1,1,1,-1,1,-1,1,1,-1,1,1,-1,-1,1,-1,1,1,-1,-1,1,1,1,1,-1,1,-1,-1,1,1,-1,-1,1,-1,1,1,1,-1,1,-1,-1,-1,1,1,-1,-1,1,-1,-1,1,1,1,-1,1,-1,-1,1,1,1,-1,1,-1,-1,1,1,-1,-1,-1,1,-1,1,1,-1,1,1,-1,1,1,-1,-1,1,1,-1,-1,1,1,-1,1,1,-1,1,1,-1,-1,-1,-1,1,-1,-1,-1,-1,-1,1,-1,1,1,-1,1,1,-1,1,1,1,1,-1,1,-1,1,1,1,-1,-1,1,-1,-1,1,1,-1,-1,1,-1,1,1,1,-1,-1,1,-1,1,1,1,1,-1,1,-1,-1,1,1,1,-1,-1,1,-1,1,-1,1,-1,1,-1,1,1,-2670.0,1,2000,445,0,False
1173,1,1,-1,-1,1,-1,-1,-1,1,1,1,-1,1,1,1,1,-1,1,-1,-1,-1,-1,1,1,1,-1,1,-1,1,1,1,1,-1,-1,-1,-1,1,1,1,1,-1,-1,-1,1,1,1,1,-1,1,1,1,1,-1,1,-1,-1,1,-1,1,1,1,-1,-1,-1,1,1,1,1,-1,-1,-1,1,1,1,1,-1,-1,-1,1,1,1,-1,-1,-1,1,1,1,1,-1,-1,-1,1,1,1,1,-1,-1,1,1,-1,1,1,-1,-1,1,1,1,1,1,-1,-1,-1,1,1,1,1,-1,-1,1,1,1,1,1,1,-1,-1,1,1,-1,1,1,-1,1,1,1,1,1,1,-1,1,1,1,1,1,1,-1,1,1,1,1,1,1,-1,-1,-1,1,1,1,1,-1,1,1,1,1,-1,1,-1,1,-1,1,1,1,-1,-1,1,1,1,1,1,-1,1,-1,-1,1,-1,1,-1,1,1,1,1,1,1,1,1,1,-1,1,-1,1,-1,1,1,-1,1,-1,1,1,-1,1,-1,1,-1,1,-1,1,1,-1,1,-1,1,1,1,1,-1,-1,1,1,-1,-1,1,-1,1,-1,-1,1,-1,1,-1,1,-1,1,-1,-1,1,-1,-1,-1,1,1,-1,1,-1,1,1,1,-1,1,1,-1,-1,-1,1,-1,1,-1,1,-1,1,1,-1,1,-1,-1,-1,1,1,-1,1,-1,-1,-1,1,1,-1,-1,1,1,-1,-1,1,1,-1,1,1,-1,1,1,1,1,-1,1,-1,1,1,-1,1,-1,1,1,-1,1,1,1,1,1,-1,-1,1,-1,-1,-1,1,1,-1,1,1,1,-1,1,-1,-1,1,1,1,1,1,-1,1,1,1,-1,-1,1,-1,1,1,1,-1,1,1,-1,-1,1,1,1,-1,1,-1,1,1,1,-1,1,1,-1,1,1,1,-1,1,-1,-1,1,1,1,-1,1,-1,-1,-1,1,1,-1,1,-1,-1,1,-1,1,-1,1,1,-1,-1,1,1,1,-1,1,-1,-1,1,1,-1,1,-1,-1,-1,-1,-1,-1,1,1,-1,-1,1,1,-1,1,-1,1,-1,1,1,1,1,-1,-1,1,1,1,-1,1,-1,-1,-1,-1,1,1,1,1,-1,-1,1,1,1,1,-1,-1,1,-1,-1,1,-1,1,-1,-1,1,-1,1,1,-1,-1,1,1,-1,1,-1,1,-1,-1,1,-1,1,1,-1,-1,-1,1,-1,-1,1,1,-1,-1,1,-1,1,1,-1,1,-1,1,-1,-1,1,1,-1,-1,1,-1,1,1,-1,-1,1,1,-1,1,-1,1,-1,1,-1,-1,1,-1,1,-1,1,-1,-1,1,-1,-1,-1,1,-1,-1,1,1,1,-1,1,-1,-1,1,-1,-1,1,-1,1,-1,1,-1,1,-1,1,1,-1,-1,-1,1,-1,1,-1,-1,1,-1,1,1,1,1,-1,-1,1,1,-1,1,1,-1,-1,1,1,1,-1,1,1,-1,1,1,1,1,-1,1,1,-1,-1,-1,1,-1,-1,1,-1,1,-1,1,-1,1,-1,-1,-1,1,1,-1,1,1,-1,-1,-1,1,-1,1,1,-1,1,-1,1,-1,-1,-1,-1,-1,-1,1,-1,-1,-1,-1,-1,-1,1,-1,1,1,1,1,-1,1,-1,1,1,-1,-1,-1,1,-1,-1,1,-1,1,-1,-1,1,1,1,1,-1,-1,1,1,1,1,-1,1,-1,-1,1,1,1,-1,-1,-1,1,1,1,1,-1,-1,-1,1,-1,1,-1,1,1,-1,-1,1,1,1,-1,-1,-1,1,1,1,1,1,-1,-1,-1,1,1,1,1,-1,-1,-1,1,-1,1,-1,-1,-1,1,1,1,1,1,-1,-1,-1,1,1,1,1,-1,-1,-1,1,1,-1,1,-1,-1,-1,1,1,1,1,-1,-1,1,1,1,1,-1,-1,1,1,-1,1,1,-1,-1,-1,1,1,1,1,1,-1,1,1,1,1,1,-1,-1,-1,1,-1,1,-1,-1,-1,-1,1,-1,1,1,1,-1,-1,1,-1,1,1,-1,-1,-1,1,1,1,1,-1,-1,-1,1,-1,1,1,-1,-1,-1,1,1,-1,-1,-1,-1,-1,1,-1,1,-1,-1,-1,-1,-1,-1,-1,1,-1,-1,-1,1,-1,-1,1,-1,-1,-1,-1,-1,1,1,-1,-1,-1,-1,-1,1,-1,-1,-1,1,-1,-1,1,-1,1,-1,-1,-1,-1,-1,-1,-1,1,-1,-1,-1,1,1,1,-1,-1,1,1,-1,-1,-1,-1,1,-1,-1,1,1,1,-1,-1,-1,-1,1,-1,1,1,-1,1,-1,-1,1,1,-1,-1,-1,-1,-1,-1,1,1,-1,-1,1,-1,1,1,-1,-1,-1,1,-1,1,1,-1,-1,1,-1,-1,1,1,1,-1,1,-1,1,1,1,-1,-1,1,-1,-1,1,1,1,-1,1,-1,-1,1,1,-1,1,1,-1,-1,1,1,1,1,1,-1,-1,1,1,-1,1,1,-1,-1,1,1,1,1,-1,1,-1,-1,1,1,-1,1,-1,-1,1,-1,1,1,1,1,-1,-1,1,-1,1,1,1,-1,1,1,1,1,-1,1,-1,1,1,1,1,1,1,1,-1,1,1,1,1,-1,1,-1,1,1,1,1,1,-1,1,1,1,1,-1,1,1,-1,1,1,-1,1,1,-1,-1,1,1,1,1,-1,1,-1,1,1,1,-1,-1,1,-1,1,1,1,-1,1,-1,-1,-1,1,1,-1,-1,1,-1,-1,1,1,-1,-1,1,-1,-1,1,1,1,-1,1,-1,-1,1,1,-1,-1,-1,1,-1,-1,1,-1,1,1,-1,1,1,-1,-1,1,-1,-1,-1,1,1,-1,1,1,-1,1,1,-1,-1,1,-1,1,-1,-1,-1,-1,1,-1,-1,1,1,-1,1,1,-1,1,1,1,1,-1,1,-1,1,1,1,-1,-1,1,-1,-1,1,1,-1,-1,1,-1,1,1,1,-1,-1,1,-1,1,1,1,1,-1,1,-1,-1,1,1,-1,-1,-1,1,-1,1,-1,1,-1,1,-1,-1,1,-2670.0,1,2000,445,0,False
1174,1,1,-1,-1,1,1,-1,-1,1,1,1,-1,1,1,1,1,-1,1,-1,-1,-1,-1,1,1,1,-1,-1,-1,1,1,1,1,1,-1,-1,-1,1,1,1,1,-1,-1,-1,1,1,1,1,-1,1,1,1,1,-1,1,-1,-1,1,-1,1,1,-1,-1,-1,-1,1,1,1,1,-1,-1,-1,1,1,1,1,-1,-1,-1,1,1,1,-1,-1,-1,1,1,1,1,-1,-1,-1,1,1,1,1,-1,-1,1,1,-1,1,1,-1,-1,1,1,1,1,1,-1,-1,1,1,1,1,1,-1,-1,1,1,1,1,1,1,-1,1,1,1,-1,1,1,-1,1,1,1,1,1,1,-1,-1,1,1,1,1,1,-1,1,1,1,1,1,1,-1,-1,-1,1,1,1,1,-1,1,1,1,1,-1,1,-1,1,-1,1,1,1,-1,-1,1,1,1,1,1,-1,1,-1,-1,1,-1,1,-1,1,1,1,1,1,1,1,1,1,-1,1,-1,1,-1,1,1,-1,1,-1,1,1,-1,1,-1,1,-1,1,-1,1,1,-1,1,-1,1,1,1,1,-1,-1,1,1,-1,-1,1,-1,1,-1,-1,1,-1,1,-1,1,-1,1,-1,1,1,-1,-1,-1,1,1,-1,1,-1,1,1,1,-1,1,1,-1,1,-1,1,-1,1,-1,1,-1,1,1,-1,1,-1,-1,-1,1,1,-1,1,-1,-1,-1,1,1,-1,-1,1,1,-1,-1,1,1,-1,1,1,-1,1,1,1,1,-1,1,-1,1,1,-1,1,-1,1,1,-1,1,1,1,1,1,-1,-1,1,-1,-1,-1,1,1,-1,1,1,1,-1,1,-1,-1,1,1,1,-1,1,-1,1,1,1,-1,-1,1,-1,1,1,1,-1,1,1,-1,1,-1,1,1,-1,1,-1,1,1,1,-1,1,1,-1,1,1,1,-1,1,-1,-1,1,1,1,-1,1,-1,-1,1,1,1,-1,1,-1,-1,-1,-1,1,-1,1,1,-1,1,1,1,1,-1,1,-1,-1,-1,1,-1,1,-1,-1,1,-1,-1,-1,1,1,-1,1,-1,1,-1,1,-1,1,-1,1,1,1,1,-1,1,-1,1,1,-1,1,-1,-1,-1,-1,1,1,1,1,-1,-1,1,1,1,1,-1,-1,1,-1,-1,1,-1,1,-1,1,-1,1,1,-1,-1,-1,1,1,-1,1,-1,1,-1,-1,1,-1,1,1,-1,-1,-1,1,-1,-1,1,1,-1,-1,1,-1,1,1,-1,1,-1,1,-1,-1,1,1,-1,-1,1,-1,1,1,-1,-1,1,1,-1,1,-1,1,-1,1,1,-1,1,-1,1,-1,1,-1,-1,1,-1,-1,-1,1,-1,-1,1,-1,1,-1,1,-1,-1,1,-1,-1,1,-1,1,-1,1,1,1,-1,1,1,-1,-1,-1,1,-1,1,-1,-1,1,-1,1,1,1,1,-1,-1,1,1,-1,1,1,-1,-1,1,1,1,-1,1,1,-1,1,1,1,1,-1,1,1,-1,-1,-1,1,-1,1,1,-1,1,-1,1,-1,1,-1,-1,-1,1,1,-1,1,1,-1,-1,-1,1,-1,1,1,-1,1,-1,1,-1,-1,-1,-1,-1,-1,1,-1,-1,-1,-1,-1,-1,1,-1,1,1,1,1,-1,1,-1,1,1,-1,-1,-1,1,-1,-1,1,-1,1,-1,-1,1,1,1,1,-1,-1,1,1,1,1,-1,1,-1,-1,1,1,1,-1,-1,-1,1,1,1,1,-1,-1,-1,1,-1,1,-1,1,-1,-1,-1,1,1,1,-1,-1,-1,-1,1,1,1,1,-1,-1,-1,1,1,1,1,-1,-1,-1,1,-1,1,-1,-1,-1,1,1,1,1,1,-1,-1,-1,1,-1,1,1,-1,-1,-1,1,1,-1,1,-1,-1,-1,1,1,1,1,-1,-1,1,1,1,-1,1,-1,1,1,-1,1,1,-1,-1,-1,1,1,-1,1,1,-1,1,1,1,-1,1,-1,-1,-1,1,-1,1,-1,-1,-1,-1,1,1,-1,1,1,-1,-1,1,-1,-1,1,-1,-1,-1,1,1,-1,1,-1,-1,-1,1,-1,-1,1,-1,-1,-1,1,1,1,-1,-1,-1,-1,1,-1,1,-1,-1,-1,-1,-1,-1,-1,1,-1,-1,-1,1,-1,-1,1,-1,-1,-1,-1,-1,1,1,-1,-1,-1,-1,-1,1,-1,-1,-1,1,-1,-1,1,-1,1,-1,-1,-1,-1,-1,-1,-1,1,-1,-1,-1,1,1,1,-1,-1,1,-1,1,-1,-1,-1,1,-1,-1,1,-1,1,-1,-1,-1,-1,1,-1,1,1,-1,1,-1,-1,1,1,-1,-1,-1,-1,-1,-1,1,1,-1,-1,1,-1,1,1,-1,-1,-1,1,-1,1,1,-1,-1,1,-1,-1,1,1,1,-1,1,-1,1,1,1,-1,-1,1,-1,-1,1,1,1,-1,1,-1,-1,1,1,-1,1,1,-1,-1,1,1,1,1,1,-1,-1,1,1,1,1,1,-1,-1,1,1,1,1,1,1,-1,-1,1,1,-1,1,-1,-1,1,-1,1,1,1,1,-1,-1,1,-1,1,1,1,-1,1,1,1,1,-1,1,-1,1,1,1,1,1,1,1,-1,1,1,1,1,-1,1,-1,1,1,1,1,1,-1,1,1,1,1,-1,1,1,-1,1,1,-1,1,1,-1,-1,1,1,1,1,-1,1,-1,1,1,1,-1,-1,1,-1,1,1,1,-1,1,-1,-1,-1,1,1,-1,-1,1,-1,-1,1,1,-1,-1,1,-1,-1,1,1,1,-1,1,-1,-1,1,1,-1,-1,-1,1,-1,1,1,-1,1,1,-1,1,1,-1,-1,1,1,-1,-1,1,1,-1,1,1,-1,1,1,-1,-1,1,-1,1,-1,-1,-1,-1,1,-1,-1,1,1,-1,1,1,-1,1,1,1,1,-1,1,-1,1,1,1,1,-1,1,-1,1,1,1,1,-1,1,-1,-1,1,1,1,-1,1,-1,1,1,1,-1,-1,1,-1,-1,1,1,-1,-1,-1,1,-1,1,1,1,-1,1,-1,-1,1,-2670.0,1,2000,445,0,False
1175,1,1,-1,-1,1,1,-1,-1,1,1,1,-1,1,1,1,1,-1,1,-1,-1,-1,-1,1,1,1,-1,1,-1,1,1,1,1,-1,-1,-1,-1,1,-1,1,1,-1,-1,-1,1,1,1,1,-1,1,1,1,1,-1,1,-1,-1,1,-1,1,1,1,-1,-1,-1,1,1,1,1,-1,-1,-1,1,1,1,1,-1,-1,-1,1,1,1,-1,-1,-1,1,1,1,1,-1,-1,1,1,1,1,1,-1,-1,-1,1,-1,1,1,-1,-1,1,1,1,1,1,-1,-1,-1,1,-1,1,1,-1,-1,1,1,1,1,1,1,-1,-1,1,1,-1,1,1,-1,1,1,1,1,1,1,-1,1,1,1,1,1,1,-1,1,1,1,1,1,1,-1,-1,-1,1,1,1,1,-1,1,1,1,1,-1,1,-1,1,-1,1,1,1,-1,-1,1,1,1,1,1,-1,1,-1,-1,1,-1,1,-1,1,1,1,1,1,1,1,1,1,-1,1,-1,1,-1,1,1,-1,1,-1,1,1,-1,1,-1,1,-1,1,-1,1,1,-1,1,-1,1,1,1,1,-1,-1,1,1,-1,-1,1,-1,1,-1,-1,1,-1,1,-1,1,-1,1,-1,1,1,-1,-1,-1,1,1,-1,1,-1,1,1,1,-1,1,1,-1,1,-1,1,-1,1,-1,1,-1,1,1,-1,1,-1,-1,-1,1,1,-1,1,-1,-1,-1,1,1,-1,-1,1,1,-1,-1,1,1,-1,1,1,-1,1,1,1,1,-1,1,-1,1,1,-1,1,-1,1,1,-1,1,1,1,1,1,-1,-1,1,-1,-1,-1,1,1,-1,1,1,1,-1,1,-1,-1,1,1,1,1,1,-1,1,1,1,-1,-1,1,-1,1,1,1,-1,1,1,-1,-1,1,1,1,-1,1,-1,1,1,1,-1,1,1,-1,1,1,1,-1,1,-1,-1,1,1,1,-1,1,-1,-1,-1,1,1,-1,1,-1,-1,1,-1,1,-1,1,1,-1,-1,1,1,1,-1,1,-1,-1,1,1,-1,1,-1,-1,-1,-1,-1,-1,1,1,-1,-1,1,1,-1,1,-1,1,-1,1,1,1,1,-1,-1,1,1,1,-1,1,-1,-1,-1,-1,1,1,1,1,-1,-1,1,1,1,1,-1,-1,1,-1,-1,1,-1,1,-1,-1,1,-1,1,1,-1,-1,1,1,-1,1,-1,1,-1,-1,1,-1,1,1,-1,-1,-1,1,-1,-1,1,1,-1,-1,1,-1,1,1,-1,1,-1,1,-1,-1,1,1,-1,-1,1,-1,1,1,-1,-1,1,1,-1,1,-1,1,-1,1,-1,-1,1,-1,1,-1,1,-1,-1,1,-1,-1,-1,1,-1,-1,1,-1,1,-1,1,-1,-1,1,-1,-1,1,-1,1,-1,1,1,1,-1,1,1,-1,-1,1,1,-1,1,-1,-1,1,1,1,1,1,1,-1,-1,1,1,-1,1,1,-1,-1,1,1,1,-1,1,1,-1,1,1,1,1,-1,1,1,-1,-1,-1,1,-1,-1,1,-1,1,-1,1,-1,1,-1,-1,-1,1,1,-1,1,1,-1,-1,-1,1,-1,1,1,-1,1,-1,1,-1,-1,-1,-1,-1,-1,1,-1,-1,-1,-1,-1,-1,1,-1,1,1,1,1,-1,1,-1,1,1,-1,-1,-1,1,-1,-1,1,-1,1,-1,-1,1,1,1,1,-1,-1,1,1,1,1,-1,1,-1,-1,1,1,1,-1,-1,-1,1,1,1,1,-1,1,-1,1,-1,1,-1,1,1,-1,-1,1,1,1,-1,-1,-1,-1,1,1,1,1,-1,-1,-1,1,1,1,1,-1,-1,-1,1,-1,1,-1,-1,-1,1,1,1,1,1,-1,-1,-1,1,1,1,1,-1,-1,-1,1,1,-1,1,-1,-1,-1,1,1,1,1,-1,-1,1,1,1,1,-1,-1,1,1,-1,1,1,-1,-1,-1,1,1,1,1,1,-1,1,1,1,1,1,-1,-1,-1,1,-1,1,-1,-1,-1,-1,1,-1,1,1,1,-1,-1,1,-1,1,1,-1,1,-1,1,1,1,1,-1,1,-1,1,-1,1,1,-1,-1,-1,1,1,-1,-1,-1,-1,-1,1,-1,1,-1,-1,-1,-1,-1,-1,-1,1,-1,-1,-1,1,-1,-1,1,-1,-1,-1,-1,-1,1,1,-1,-1,-1,-1,-1,1,-1,-1,-1,1,-1,-1,1,-1,1,-1,-1,-1,-1,-1,-1,-1,1,-1,-1,-1,1,1,-1,-1,-1,1,-1,-1,-1,-1,-1,1,-1,-1,1,1,1,-1,-1,-1,-1,1,-1,1,1,-1,1,-1,-1,1,1,-1,-1,-1,-1,-1,-1,1,1,-1,-1,1,-1,1,1,-1,-1,-1,1,-1,1,1,-1,-1,1,-1,-1,1,1,1,-1,1,-1,1,1,1,-1,-1,1,-1,-1,1,1,1,-1,1,-1,-1,1,1,-1,1,1,-1,-1,1,1,-1,1,1,-1,-1,1,1,-1,1,1,-1,-1,1,1,1,1,1,1,-1,-1,1,1,-1,1,-1,-1,1,-1,1,1,1,1,-1,-1,1,-1,1,1,1,-1,1,1,1,1,-1,1,-1,1,1,1,1,1,1,1,-1,1,1,1,1,-1,1,-1,1,1,1,1,1,-1,1,1,1,1,-1,1,1,-1,1,1,-1,1,1,-1,-1,1,1,1,1,-1,1,-1,1,1,1,-1,-1,1,-1,1,1,1,-1,1,-1,-1,-1,1,1,-1,-1,1,-1,-1,1,1,-1,-1,1,-1,-1,-1,1,1,-1,1,-1,-1,1,1,-1,-1,-1,1,-1,-1,1,-1,1,1,-1,1,1,-1,-1,1,-1,-1,-1,1,1,-1,1,1,-1,1,1,-1,-1,-1,-1,1,-1,-1,-1,-1,1,-1,-1,1,1,-1,1,1,-1,1,1,1,1,-1,1,-1,1,1,1,-1,-1,1,-1,-1,-1,1,-1,-1,1,-1,1,1,1,-1,-1,1,-1,1,1,1,1,-1,1,-1,-1,1,1,1,-1,-1,1,-1,1,1,1,-1,1,-1,-1,1,-2670.0,1,2000,445,0,False
1176,1,1,-1,-1,1,-1,1,-1,1,1,1,-1,1,1,1,1,-1,1,-1,-1,1,-1,1,1,1,-1,-1,-1,1,1,1,1,1,-1,-1,-1,1,1,1,1,-1,-1,-1,1,1,1,1,-1,1,1,1,1,-1,1,-1,-1,1,-1,1,1,1,-1,-1,-1,1,1,1,1,-1,-1,-1,1,1,1,1,-1,-1,-1,1,1,1,-1,-1,-1,1,1,1,1,-1,-1,-1,1,1,1,1,-1,-1,1,1,-1,1,1,-1,-1,1,1,1,1,1,-1,-1,1,1,-1,1,1,-1,-1,1,1,1,1,1,1,-1,-1,1,1,-1,1,1,-1,1,1,1,1,1,1,-1,-1,1,1,1,1,1,-1,1,1,1,1,1,1,-1,-1,-1,1,1,1,1,-1,1,1,1,1,-1,1,-1,1,-1,1,1,1,-1,-1,1,1,1,1,1,-1,1,-1,-1,1,-1,1,-1,1,1,1,1,1,1,1,1,1,-1,1,-1,1,-1,1,1,-1,1,-1,1,1,-1,1,-1,1,-1,1,-1,1,1,-1,1,-1,1,1,1,1,-1,-1,1,1,-1,-1,1,-1,1,-1,-1,1,-1,1,-1,1,-1,1,-1,1,1,-1,-1,-1,1,1,-1,1,-1,1,1,1,-1,1,1,-1,1,-1,1,-1,1,-1,1,-1,1,1,-1,1,-1,-1,-1,1,1,-1,1,-1,-1,-1,1,1,-1,-1,1,1,-1,-1,1,1,-1,1,1,-1,1,1,1,1,-1,1,-1,1,1,-1,1,-1,1,1,-1,1,1,1,1,1,-1,-1,1,-1,-1,-1,1,1,-1,1,1,1,-1,1,-1,-1,1,1,1,1,1,-1,1,1,1,-1,-1,1,-1,1,1,1,-1,1,1,-1,-1,1,1,1,-1,1,-1,1,1,1,-1,1,1,-1,1,1,1,-1,1,-1,-1,1,1,1,-1,1,-1,-1,-1,1,1,-1,1,-1,-1,1,-1,1,-1,1,1,-1,-1,1,1,1,1,1,-1,-1,1,1,-1,1,-1,-1,-1,-1,-1,-1,1,-1,-1,-1,1,1,-1,1,-1,1,-1,1,1,1,1,-1,-1,1,1,1,-1,1,-1,-1,-1,-1,1,1,1,1,-1,-1,1,1,1,1,-1,-1,1,-1,-1,1,-1,1,-1,-1,1,-1,1,1,-1,-1,1,1,-1,1,-1,1,-1,-1,1,-1,1,1,-1,-1,-1,1,-1,-1,1,1,-1,-1,1,-1,1,1,-1,1,-1,1,-1,-1,1,1,-1,-1,1,-1,1,1,-1,-1,1,1,-1,1,-1,1,-1,1,-1,-1,1,-1,1,-1,1,-1,-1,1,-1,-1,-1,1,-1,-1,1,-1,1,-1,1,-1,-1,1,-1,-1,1,-1,1,-1,1,1,1,-1,1,1,-1,-1,1,1,-1,1,-1,-1,1,-1,1,1,1,1,-1,-1,1,1,-1,1,1,-1,-1,1,1,1,-1,1,1,-1,1,1,1,1,-1,1,1,-1,-1,-1,1,-1,1,1,-1,1,-1,1,-1,1,-1,-1,-1,1,1,-1,1,1,-1,-1,-1,1,-1,1,1,-1,1,-1,1,-1,-1,-1,-1,-1,-1,1,-1,-1,-1,-1,-1,-1,1,-1,1,1,1,1,-1,1,-1,1,1,-1,-1,-1,1,-1,-1,1,-1,1,-1,-1,1,1,1,1,-1,-1,1,1,1,1,-1,1,-1,-1,1,1,1,-1,-1,-1,1,1,1,1,-1,1,-1,1,-1,1,-1,1,1,-1,-1,1,1,1,-1,-1,-1,-1,1,1,1,1,-1,-1,-1,1,1,1,1,-1,-1,-1,1,-1,1,-1,-1,-1,1,1,1,1,1,-1,-1,-1,1,1,1,1,-1,-1,-1,1,1,-1,1,-1,-1,-1,1,1,1,1,-1,-1,1,1,1,1,-1,-1,1,1,-1,1,1,-1,-1,-1,1,1,1,1,1,-1,1,1,1,1,1,-1,-1,-1,1,-1,1,-1,-1,-1,-1,1,-1,1,1,1,-1,-1,1,-1,1,1,-1,-1,-1,1,1,1,1,-1,-1,-1,1,-1,1,1,-1,-1,-1,1,1,-1,-1,-1,-1,-1,1,-1,1,-1,-1,-1,-1,-1,-1,-1,1,-1,-1,-1,1,-1,-1,1,-1,-1,-1,-1,-1,1,1,-1,-1,-1,-1,-1,1,-1,-1,-1,1,-1,-1,1,-1,1,-1,-1,-1,-1,-1,-1,-1,1,-1,-1,-1,1,1,1,-1,-1,1,1,-1,-1,-1,-1,1,-1,-1,1,1,1,-1,-1,-1,-1,1,-1,1,1,-1,1,-1,-1,1,1,-1,-1,-1,-1,-1,-1,1,1,-1,-1,1,-1,1,1,-1,-1,-1,1,-1,1,1,-1,-1,1,-1,-1,1,1,1,-1,1,-1,1,1,1,-1,-1,1,-1,-1,1,-1,1,-1,1,-1,-1,1,1,-1,1,1,-1,-1,1,1,1,1,1,-1,-1,1,1,1,1,1,-1,-1,1,1,1,1,1,1,-1,-1,1,1,1,1,-1,-1,1,-1,1,1,1,1,-1,-1,1,-1,1,1,1,-1,1,1,1,1,-1,1,-1,1,1,1,1,1,1,1,-1,1,1,1,1,-1,1,-1,1,1,1,1,1,-1,1,1,1,1,-1,1,1,-1,1,1,-1,1,1,-1,-1,1,1,1,1,-1,1,-1,1,1,1,-1,-1,1,-1,1,1,1,-1,1,-1,-1,-1,1,1,-1,-1,1,-1,-1,1,1,-1,-1,1,-1,-1,1,1,1,-1,-1,-1,-1,1,1,-1,-1,-1,1,-1,-1,1,-1,1,1,-1,1,1,-1,-1,1,-1,-1,-1,1,1,-1,1,1,-1,1,1,-1,-1,1,-1,1,-1,-1,-1,-1,1,-1,-1,1,1,-1,1,1,-1,1,1,1,1,-1,1,-1,1,1,1,1,-1,1,-1,-1,-1,1,1,-1,1,-1,1,1,1,1,-1,1,-1,1,1,-1,-1,-1,1,-1,-1,1,1,-1,-1,-1,1,-1,1,-1,1,-1,1,-1,-1,1,-2670.0,1,2000,445,0,False
1177,1,1,-1,-1,1,-1,-1,-1,1,1,1,-1,1,1,1,1,-1,1,-1,-1,-1,-1,1,1,1,-1,-1,-1,1,1,1,1,-1,-1,-1,-1,1,-1,1,1,-1,-1,-1,1,1,1,1,-1,1,1,1,1,-1,1,-1,-1,1,-1,1,1,1,-1,-1,-1,1,1,1,1,-1,-1,-1,1,1,1,1,-1,-1,-1,1,1,1,-1,-1,-1,1,1,1,1,-1,-1,-1,1,1,1,1,-1,-1,1,1,-1,1,1,-1,-1,1,1,1,1,1,-1,-1,1,1,1,1,1,-1,-1,1,1,1,1,1,1,-1,1,1,1,-1,1,1,-1,1,1,1,1,1,1,-1,-1,1,1,1,1,1,-1,1,1,1,1,1,1,-1,-1,-1,1,1,1,1,-1,1,1,1,1,-1,1,-1,1,-1,1,1,1,-1,-1,1,1,1,1,1,-1,1,-1,-1,1,-1,1,-1,1,1,1,1,1,1,1,1,1,-1,1,-1,1,-1,1,1,-1,1,-1,1,1,-1,1,-1,1,-1,1,-1,1,1,-1,-1,-1,1,1,1,1,-1,-1,1,1,-1,-1,1,-1,1,-1,-1,1,-1,1,-1,1,-1,1,-1,1,1,-1,-1,-1,1,1,-1,1,-1,1,1,1,-1,1,1,-1,1,-1,1,-1,1,-1,1,-1,1,1,-1,1,-1,-1,-1,1,1,-1,1,-1,-1,-1,1,1,-1,-1,1,1,-1,-1,1,1,-1,1,1,-1,1,1,1,1,-1,1,-1,1,1,-1,1,-1,1,1,-1,1,1,1,1,1,-1,-1,1,-1,-1,1,1,1,-1,1,1,1,-1,1,-1,-1,1,1,1,-1,1,-1,1,1,1,-1,1,1,-1,1,1,1,-1,1,1,-1,-1,1,1,1,-1,1,-1,1,1,1,-1,1,1,-1,1,1,1,-1,1,-1,-1,1,1,1,-1,1,-1,-1,-1,1,1,-1,1,-1,-1,1,-1,1,-1,1,1,-1,-1,1,1,1,1,1,-1,-1,1,1,-1,1,-1,-1,-1,-1,-1,-1,1,-1,-1,-1,1,1,-1,1,-1,-1,-1,1,1,1,1,1,-1,1,1,1,-1,1,-1,-1,-1,-1,1,1,1,1,-1,-1,1,1,1,1,-1,-1,1,-1,-1,1,-1,1,-1,-1,1,-1,1,1,-1,-1,1,1,-1,1,-1,1,-1,-1,1,-1,1,1,-1,-1,-1,1,-1,-1,1,1,-1,-1,1,-1,1,1,-1,1,-1,1,-1,-1,1,1,-1,-1,1,-1,1,1,-1,-1,1,1,-1,1,-1,1,-1,1,-1,1,1,-1,1,-1,1,-1,-1,1,-1,-1,-1,1,-1,-1,1,1,1,-1,1,-1,-1,1,-1,-1,1,-1,1,-1,1,1,1,-1,1,1,-1,1,-1,1,-1,1,-1,-1,1,-1,1,1,1,1,-1,-1,1,1,-1,1,1,-1,1,1,1,1,-1,1,1,-1,1,1,1,1,1,1,1,-1,-1,-1,1,-1,1,1,-1,1,-1,1,-1,1,-1,-1,-1,1,1,-1,1,1,-1,-1,-1,1,-1,1,1,-1,1,-1,1,-1,-1,-1,-1,-1,-1,1,-1,-1,-1,-1,-1,-1,1,-1,1,1,1,1,-1,1,-1,1,1,-1,-1,-1,1,-1,-1,1,-1,1,-1,-1,1,1,1,1,-1,-1,1,1,1,1,-1,1,-1,-1,1,1,1,-1,-1,-1,1,1,1,1,-1,-1,-1,1,-1,1,-1,1,-1,-1,-1,1,1,1,-1,-1,-1,-1,1,1,1,1,-1,-1,-1,1,1,1,1,-1,-1,-1,1,1,1,-1,-1,-1,-1,1,1,1,1,-1,-1,1,1,1,1,1,-1,-1,-1,1,1,-1,1,-1,-1,-1,1,1,1,1,-1,-1,1,1,1,1,-1,-1,1,1,-1,1,1,-1,-1,-1,1,1,1,1,1,-1,1,1,1,1,1,-1,-1,-1,1,-1,1,-1,-1,-1,-1,1,-1,1,1,1,-1,-1,1,-1,1,1,-1,1,-1,1,1,1,1,-1,1,-1,1,-1,1,1,-1,-1,-1,1,1,-1,-1,-1,-1,-1,1,-1,1,-1,-1,-1,-1,-1,-1,-1,1,-1,-1,-1,1,-1,-1,1,-1,-1,-1,-1,-1,1,1,-1,-1,-1,-1,-1,1,-1,-1,-1,1,-1,-1,1,-1,1,-1,-1,-1,-1,-1,-1,-1,1,-1,-1,-1,1,1,1,-1,-1,1,-1,-1,-1,-1,-1,1,-1,-1,1,1,1,-1,-1,-1,-1,1,-1,1,1,-1,1,-1,-1,1,1,-1,-1,-1,-1,-1,-1,1,1,-1,-1,1,-1,1,1,-1,-1,-1,1,-1,1,1,-1,-1,1,-1,-1,1,1,1,-1,1,-1,1,1,1,-1,-1,1,-1,-1,1,-1,1,-1,1,-1,-1,1,1,-1,1,1,-1,-1,1,1,1,1,1,-1,-1,1,1,-1,1,1,-1,-1,1,1,1,1,1,1,-1,-1,1,1,-1,1,-1,-1,1,-1,1,1,1,1,-1,-1,1,-1,1,1,1,-1,1,-1,1,1,-1,1,-1,1,1,1,1,1,1,1,-1,-1,1,1,1,-1,1,-1,1,1,1,1,1,-1,1,-1,1,1,-1,1,1,-1,-1,1,-1,1,1,-1,-1,1,1,1,1,-1,1,-1,-1,1,1,-1,-1,1,-1,1,1,1,-1,1,-1,-1,-1,1,1,-1,-1,1,-1,-1,1,1,1,-1,1,-1,-1,1,1,1,-1,1,-1,-1,1,1,-1,-1,-1,1,-1,-1,1,-1,1,1,-1,1,1,-1,-1,1,-1,-1,-1,1,1,-1,1,1,-1,1,1,-1,-1,-1,-1,1,-1,-1,-1,-1,1,-1,-1,1,1,-1,1,1,-1,1,1,1,1,-1,1,-1,1,1,1,1,-1,1,-1,-1,1,1,1,-1,1,-1,1,1,1,1,-1,1,-1,1,1,1,-1,-1,1,-1,-1,1,1,-1,-1,-1,1,-1,1,1,1,-1,1,-1,-1,1,-2670.0,1,2000,445,0,False
1178,1,1,-1,-1,1,1,-1,-1,1,1,1,-1,-1,1,1,1,-1,1,-1,-1,-1,-1,1,1,1,-1,-1,-1,1,1,1,1,-1,-1,-1,-1,1,1,1,1,-1,-1,-1,1,1,1,1,-1,1,1,1,1,-1,1,-1,-1,1,-1,1,1,1,-1,-1,-1,1,1,1,1,-1,-1,-1,1,1,1,1,-1,-1,-1,1,1,1,-1,-1,-1,1,1,1,1,-1,-1,-1,1,1,1,1,-1,-1,1,1,-1,1,1,-1,-1,1,1,1,1,1,-1,-1,1,1,1,1,1,-1,-1,1,1,1,1,1,1,-1,1,1,1,-1,1,1,-1,1,1,1,1,1,1,-1,-1,1,1,1,1,1,-1,1,1,1,1,1,1,-1,-1,-1,1,1,1,1,-1,1,1,1,1,-1,1,-1,1,-1,1,1,1,-1,-1,1,1,1,1,1,-1,1,-1,-1,1,1,1,-1,1,1,1,1,-1,1,1,1,1,1,1,-1,1,-1,1,1,-1,1,-1,1,1,-1,1,-1,1,-1,1,-1,1,1,-1,1,-1,1,1,1,1,-1,-1,1,1,-1,-1,1,-1,1,-1,-1,1,-1,1,-1,1,-1,1,-1,-1,1,-1,-1,-1,1,1,-1,1,-1,1,1,1,-1,1,1,-1,1,-1,1,-1,1,-1,1,-1,1,1,-1,1,-1,-1,-1,1,1,-1,1,-1,-1,-1,1,1,-1,-1,1,1,-1,-1,1,1,-1,1,1,-1,1,1,1,1,-1,1,-1,1,1,-1,1,-1,1,1,-1,1,1,1,1,1,-1,-1,1,-1,-1,-1,1,1,-1,1,1,1,-1,1,-1,-1,1,1,1,1,1,-1,1,1,1,-1,1,1,-1,1,1,1,-1,1,1,-1,-1,1,1,1,-1,1,-1,1,1,1,-1,1,1,-1,1,1,1,-1,1,-1,-1,1,1,1,-1,1,-1,-1,-1,1,1,-1,1,-1,-1,1,-1,1,-1,1,1,-1,-1,1,1,1,-1,1,-1,-1,1,1,-1,1,-1,-1,-1,-1,-1,-1,1,-1,-1,-1,1,1,-1,1,-1,1,-1,1,1,1,1,-1,-1,1,1,1,-1,1,-1,-1,-1,-1,1,1,-1,1,-1,-1,1,-1,1,-1,-1,-1,1,-1,-1,1,-1,1,-1,-1,1,-1,1,-1,-1,-1,1,1,-1,1,-1,1,-1,-1,1,-1,1,-1,-1,-1,-1,1,-1,-1,1,1,-1,-1,1,-1,1,1,-1,1,-1,1,-1,1,-1,1,-1,-1,1,-1,1,-1,-1,-1,1,1,-1,1,-1,1,-1,1,-1,1,1,-1,1,-1,1,-1,-1,1,-1,-1,-1,1,-1,1,-1,-1,1,-1,1,-1,-1,1,-1,-1,1,-1,1,-1,1,-1,1,-1,1,1,-1,1,-1,1,-1,1,-1,-1,1,-1,1,1,1,1,-1,-1,1,1,-1,1,1,-1,-1,1,1,1,-1,1,1,-1,1,1,1,1,1,-1,1,-1,-1,-1,1,-1,1,1,1,1,-1,1,-1,1,-1,-1,-1,1,1,-1,1,1,-1,-1,-1,1,-1,1,1,-1,1,-1,1,-1,-1,-1,-1,-1,-1,1,-1,-1,-1,-1,-1,-1,1,-1,1,1,1,1,-1,1,-1,1,1,-1,-1,-1,1,-1,-1,1,-1,1,-1,-1,1,1,1,1,-1,-1,1,1,1,1,-1,1,-1,-1,1,1,1,-1,-1,-1,1,1,1,1,-1,-1,-1,1,-1,1,-1,1,1,-1,-1,1,1,1,-1,-1,-1,-1,1,1,1,1,-1,-1,-1,1,1,1,1,-1,-1,-1,1,-1,1,-1,-1,-1,1,1,1,1,1,-1,-1,-1,1,1,1,1,-1,-1,-1,1,1,-1,1,-1,-1,-1,1,1,1,1,-1,-1,1,1,1,1,-1,-1,1,1,-1,1,1,-1,-1,-1,1,1,1,1,1,-1,1,1,1,1,1,-1,-1,-1,1,-1,1,-1,-1,-1,-1,1,-1,1,1,-1,-1,-1,1,-1,1,1,-1,-1,-1,1,1,1,1,-1,-1,1,-1,-1,1,1,-1,-1,-1,1,1,-1,-1,-1,-1,-1,1,-1,1,-1,-1,-1,-1,-1,-1,-1,1,-1,-1,-1,1,-1,-1,1,-1,-1,-1,-1,-1,1,1,-1,-1,-1,-1,-1,1,-1,-1,-1,1,-1,-1,1,-1,1,-1,-1,-1,-1,-1,-1,-1,1,-1,-1,-1,1,1,1,-1,-1,1,-1,-1,-1,-1,-1,1,-1,-1,1,1,1,-1,-1,-1,-1,1,-1,1,1,-1,1,-1,-1,1,1,-1,-1,-1,-1,-1,-1,1,1,-1,-1,1,-1,1,1,-1,-1,-1,1,-1,1,1,-1,-1,1,-1,-1,1,1,1,-1,1,-1,1,1,1,-1,-1,1,-1,-1,1,1,1,-1,1,-1,-1,1,1,-1,1,1,-1,-1,1,1,1,1,1,-1,-1,1,1,-1,1,1,-1,-1,1,1,1,1,-1,1,-1,1,1,1,1,1,-1,-1,1,-1,1,1,1,1,-1,-1,1,-1,1,1,1,-1,1,1,1,1,-1,1,-1,1,1,1,1,1,1,1,-1,-1,1,1,1,-1,1,-1,1,1,1,1,1,-1,1,1,1,1,-1,1,1,-1,1,1,-1,1,1,-1,-1,1,1,1,1,-1,1,-1,1,1,1,-1,-1,1,-1,1,1,1,-1,1,-1,-1,-1,1,1,-1,-1,1,-1,-1,1,1,1,-1,1,-1,1,1,1,1,-1,-1,-1,-1,1,1,-1,-1,-1,1,1,1,1,-1,1,1,-1,1,1,-1,-1,1,1,-1,-1,1,1,-1,1,1,1,1,1,-1,-1,-1,-1,1,-1,-1,-1,-1,-1,1,1,1,1,-1,1,1,-1,1,1,1,1,-1,1,-1,1,1,1,1,-1,1,-1,1,1,1,1,-1,1,-1,1,1,1,1,-1,1,-1,1,1,1,-1,-1,1,-1,1,1,1,-1,-1,-1,1,-1,1,1,1,-1,1,-1,1,1,-2670.0,1,2000,445,0,False
1179,1,1,-1,-1,1,1,-1,-1,1,1,1,-1,1,1,1,1,-1,1,-1,-1,-1,-1,1,1,1,-1,-1,-1,1,1,1,1,-1,-1,-1,-1,1,1,1,1,-1,-1,-1,1,1,1,1,-1,1,1,1,1,-1,1,-1,-1,1,-1,1,1,1,-1,-1,-1,1,1,1,1,-1,-1,-1,1,1,1,1,-1,-1,-1,1,1,1,-1,-1,-1,1,1,1,1,-1,-1,-1,1,1,1,1,-1,-1,1,1,-1,1,1,-1,-1,1,1,1,1,1,-1,-1,1,1,-1,1,1,-1,-1,1,1,1,1,1,1,-1,1,1,1,-1,1,1,-1,1,1,1,1,1,1,-1,-1,1,1,1,1,1,-1,1,1,1,1,1,1,-1,-1,-1,1,1,1,1,-1,1,1,1,1,-1,1,-1,1,-1,1,1,1,-1,-1,1,1,1,1,1,-1,1,-1,-1,1,-1,1,-1,1,1,1,1,1,1,1,1,1,-1,1,-1,1,-1,1,1,-1,1,-1,1,1,-1,1,-1,1,-1,1,-1,1,1,-1,1,-1,1,1,1,1,-1,-1,1,1,-1,-1,1,-1,1,-1,-1,1,-1,1,-1,1,-1,1,-1,1,1,-1,-1,-1,1,1,-1,1,-1,1,1,1,-1,1,1,-1,1,-1,1,-1,1,-1,1,-1,1,1,-1,1,-1,-1,-1,1,1,-1,1,-1,-1,-1,1,1,-1,-1,1,1,-1,-1,1,1,-1,1,1,-1,1,1,1,1,-1,1,-1,1,1,-1,1,-1,1,1,-1,1,1,1,1,1,-1,-1,1,-1,-1,1,1,1,-1,1,1,1,-1,1,-1,-1,1,1,1,-1,1,-1,1,1,1,-1,-1,1,-1,1,1,1,-1,1,1,-1,-1,1,1,1,-1,1,-1,1,1,1,-1,1,1,-1,1,1,1,-1,1,-1,-1,1,1,1,-1,1,-1,-1,-1,1,1,-1,1,-1,-1,1,-1,1,-1,1,1,-1,-1,1,1,1,1,1,-1,-1,1,1,-1,1,-1,-1,-1,-1,-1,-1,1,-1,-1,-1,1,1,-1,1,-1,-1,-1,1,1,1,1,-1,-1,1,1,1,-1,1,-1,-1,-1,-1,1,1,1,1,-1,-1,1,1,1,1,-1,-1,1,-1,-1,1,-1,1,-1,-1,1,-1,1,1,-1,-1,1,1,-1,1,-1,1,-1,-1,1,-1,1,1,-1,-1,-1,1,-1,-1,1,1,-1,-1,1,-1,1,1,-1,1,-1,1,-1,-1,1,1,-1,-1,1,-1,1,1,-1,-1,1,1,-1,1,-1,1,-1,1,-1,-1,1,-1,1,-1,1,-1,-1,1,-1,-1,-1,1,-1,-1,1,-1,1,-1,1,-1,-1,1,-1,-1,1,-1,1,-1,1,1,1,-1,1,1,-1,-1,-1,1,-1,1,-1,-1,1,-1,1,1,1,1,-1,-1,1,1,-1,1,1,-1,-1,1,1,1,-1,1,1,-1,1,1,1,1,1,-1,1,-1,-1,-1,1,-1,1,1,1,1,-1,1,-1,1,-1,-1,-1,1,1,-1,1,1,-1,-1,-1,1,-1,1,1,-1,1,-1,1,-1,-1,-1,-1,-1,-1,1,-1,-1,-1,-1,-1,-1,1,-1,1,1,1,1,-1,1,-1,1,1,-1,-1,-1,1,-1,-1,1,-1,1,-1,-1,1,1,1,1,-1,-1,1,1,1,1,-1,1,-1,-1,1,1,1,-1,-1,-1,1,1,1,1,-1,1,-1,1,-1,1,-1,1,1,-1,-1,1,1,1,-1,-1,-1,-1,1,1,1,1,-1,-1,-1,1,1,1,1,-1,-1,-1,1,1,1,-1,-1,-1,1,1,1,1,1,-1,-1,-1,1,1,1,1,-1,-1,-1,1,1,-1,1,-1,-1,-1,1,1,1,1,-1,-1,1,1,1,1,-1,-1,1,1,-1,1,1,-1,-1,-1,1,1,1,1,1,-1,1,1,1,1,1,-1,-1,-1,1,-1,1,-1,-1,-1,-1,1,-1,1,1,1,-1,-1,1,-1,1,1,-1,-1,-1,1,1,1,1,-1,-1,-1,1,-1,1,1,-1,-1,-1,1,1,-1,-1,-1,-1,-1,1,-1,1,-1,-1,-1,-1,-1,-1,-1,1,-1,-1,-1,1,-1,-1,1,-1,-1,-1,-1,-1,1,1,-1,-1,-1,-1,-1,1,-1,-1,-1,1,-1,-1,1,-1,1,-1,-1,-1,-1,-1,-1,-1,1,-1,-1,-1,1,1,1,-1,-1,1,-1,-1,-1,-1,-1,1,-1,-1,1,1,1,-1,-1,-1,-1,1,-1,1,1,-1,1,-1,-1,1,1,-1,-1,-1,-1,-1,-1,1,1,-1,-1,1,-1,1,1,-1,-1,-1,1,-1,1,1,-1,-1,1,-1,-1,1,1,1,-1,1,-1,1,1,1,-1,-1,1,-1,-1,1,1,1,-1,1,-1,-1,1,1,-1,1,1,-1,-1,1,1,-1,1,1,-1,-1,1,1,-1,1,1,-1,-1,1,1,1,1,1,1,-1,-1,1,1,1,1,-1,-1,1,-1,1,1,1,1,-1,-1,1,-1,1,1,1,-1,1,1,1,1,-1,1,-1,1,1,1,1,1,1,1,-1,1,1,1,1,-1,1,-1,1,1,1,1,1,-1,1,1,1,1,-1,1,1,-1,1,1,-1,1,1,-1,-1,1,1,1,1,-1,1,-1,1,1,1,-1,-1,1,-1,1,1,1,-1,1,-1,-1,-1,1,1,-1,-1,1,-1,-1,1,1,1,-1,1,-1,-1,1,1,1,-1,1,-1,-1,1,1,-1,-1,-1,1,-1,1,1,-1,1,1,-1,1,1,-1,-1,1,-1,-1,-1,1,1,-1,1,1,-1,1,1,-1,-1,-1,-1,1,-1,-1,-1,-1,1,-1,-1,1,1,-1,1,1,-1,1,1,1,1,-1,1,-1,1,1,1,1,-1,1,-1,-1,1,1,1,-1,1,-1,1,1,1,1,-1,1,-1,1,1,1,-1,-1,1,-1,-1,1,1,-1,-1,-1,1,-1,1,-1,1,-1,1,-1,-1,1,-2670.0,1,2000,445,0,False
1180,1,1,-1,-1,1,1,-1,-1,1,1,1,-1,1,1,1,1,-1,1,-1,-1,-1,-1,1,1,1,-1,1,-1,1,1,1,1,1,-1,-1,-1,1,1,1,1,-1,-1,-1,1,1,1,1,-1,1,1,1,1,-1,1,-1,-1,1,-1,1,1,-1,-1,-1,-1,1,1,1,1,-1,-1,-1,1,1,1,1,-1,-1,-1,1,1,1,-1,-1,-1,1,1,1,1,-1,-1,1,1,1,1,1,-1,-1,-1,1,-1,1,1,-1,-1,1,1,1,1,1,-1,-1,-1,1,1,1,1,-1,-1,1,1,1,1,1,1,-1,-1,1,1,-1,1,1,-1,1,1,1,1,1,1,-1,1,1,1,1,1,1,-1,1,1,1,1,1,1,-1,-1,-1,1,1,1,1,-1,1,1,1,1,-1,1,-1,1,-1,1,1,1,-1,-1,1,1,1,1,1,-1,1,-1,-1,1,-1,1,-1,1,1,1,1,1,1,1,1,1,1,1,-1,1,-1,1,1,-1,1,-1,1,1,-1,1,-1,1,-1,1,-1,1,1,-1,1,-1,1,1,1,1,-1,-1,1,1,-1,-1,1,-1,1,-1,1,1,-1,1,-1,1,-1,1,-1,-1,1,-1,-1,-1,1,1,-1,1,-1,1,1,1,-1,1,-1,-1,1,-1,1,-1,1,1,1,-1,1,1,-1,1,-1,-1,-1,1,1,-1,1,-1,-1,-1,1,1,-1,-1,1,1,-1,-1,1,1,-1,1,1,-1,1,1,1,1,-1,1,-1,1,1,-1,1,-1,1,-1,1,1,1,1,1,1,-1,-1,1,-1,-1,-1,1,1,-1,1,1,1,-1,1,1,1,1,1,1,1,1,-1,1,1,1,-1,1,1,-1,1,1,1,-1,1,1,-1,-1,1,1,1,-1,1,-1,1,1,1,-1,1,1,-1,1,1,1,-1,1,1,-1,1,1,1,-1,1,1,1,-1,1,1,-1,1,1,-1,1,-1,1,-1,1,1,1,-1,1,1,1,1,1,1,-1,1,1,-1,1,1,1,-1,-1,-1,-1,1,1,1,-1,1,1,-1,1,1,-1,-1,1,1,1,1,1,-1,1,1,1,-1,1,1,1,-1,-1,1,1,1,-1,1,-1,1,1,1,1,1,1,-1,-1,-1,1,-1,-1,1,1,-1,1,1,1,1,1,1,1,-1,1,-1,-1,1,-1,1,-1,1,1,-1,1,1,1,-1,-1,1,-1,1,1,1,-1,1,1,1,-1,1,1,-1,-1,1,-1,1,1,1,-1,1,1,1,1,1,1,-1,1,-1,-1,1,1,-1,-1,1,-1,-1,1,1,-1,-1,1,-1,1,1,1,-1,-1,1,-1,-1,1,1,-1,-1,1,-1,1,1,1,1,-1,1,-1,-1,-1,1,1,-1,-1,-1,1,-1,1,-1,-1,1,-1,-1,1,-1,1,-1,-1,1,-1,1,-1,1,-1,-1,1,-1,-1,1,1,1,-1,1,-1,1,-1,-1,-1,1,-1,-1,-1,1,-1,-1,1,1,1,-1,1,-1,1,1,1,-1,1,1,-1,-1,-1,1,-1,-1,1,-1,-1,1,1,1,-1,1,-1,-1,1,1,-1,-1,1,-1,-1,1,1,-1,-1,1,-1,-1,-1,1,1,-1,1,1,-1,-1,1,-1,-1,1,-1,1,-1,1,1,-1,-1,1,-1,-1,-1,-1,-1,1,1,1,-1,1,1,-1,-1,1,-1,-1,-1,-1,-1,1,1,-1,-1,-1,-1,-1,1,1,-1,1,1,-1,-1,-1,1,1,-1,-1,-1,-1,-1,1,-1,-1,1,-1,-1,-1,1,1,-1,-1,-1,-1,-1,1,-1,-1,1,-1,-1,1,1,1,-1,1,-1,-1,-1,1,1,-1,-1,-1,-1,-1,1,1,1,-1,-1,-1,-1,1,1,-1,-1,-1,-1,1,1,1,1,-1,-1,1,1,1,1,1,-1,-1,-1,1,1,1,-1,1,-1,1,1,1,1,-1,1,-1,-1,1,-1,1,-1,1,-1,-1,1,-1,1,-1,-1,-1,-1,1,-1,1,-1,1,-1,-1,1,-1,1,-1,1,-1,-1,1,-1,1,-1,-1,-1,-1,1,1,-1,-1,-1,-1,-1,1,-1,1,-1,-1,-1,-1,-1,-1,-1,1,-1,-1,-1,1,-1,-1,1,-1,-1,-1,-1,-1,1,1,-1,-1,-1,-1,-1,1,-1,-1,-1,1,-1,-1,1,-1,1,-1,-1,-1,-1,-1,-1,-1,1,-1,-1,-1,1,1,-1,-1,-1,-1,1,-1,-1,-1,-1,1,-1,-1,1,1,1,-1,-1,-1,-1,1,-1,1,1,-1,1,-1,-1,1,1,-1,-1,-1,-1,-1,-1,1,1,-1,-1,1,-1,1,1,-1,-1,-1,1,-1,1,1,-1,-1,1,-1,-1,1,1,1,-1,1,-1,1,1,1,-1,-1,1,-1,-1,1,1,1,-1,1,-1,-1,1,1,-1,1,1,-1,-1,1,1,1,1,1,-1,-1,1,1,1,1,1,-1,-1,1,1,1,1,-1,1,-1,-1,1,1,1,1,-1,-1,1,-1,1,1,1,1,-1,-1,1,-1,1,1,1,-1,1,1,1,1,-1,1,-1,1,1,1,1,1,1,1,-1,1,1,1,1,-1,1,-1,1,1,1,1,1,-1,1,1,1,1,-1,1,1,-1,1,1,-1,1,1,-1,-1,1,1,1,1,-1,1,-1,1,1,1,-1,-1,1,-1,1,1,1,-1,1,-1,-1,-1,1,1,-1,-1,1,-1,-1,1,1,1,-1,1,-1,-1,-1,1,1,-1,1,-1,-1,1,1,-1,-1,-1,1,-1,-1,1,-1,1,1,-1,1,1,-1,-1,1,-1,-1,-1,1,1,-1,1,1,-1,1,1,-1,-1,-1,-1,1,-1,-1,-1,-1,-1,-1,-1,1,1,-1,1,1,-1,1,1,1,1,-1,1,-1,1,1,1,-1,-1,1,-1,-1,1,1,-1,1,1,-1,1,1,1,-1,-1,1,-1,1,1,1,1,-1,1,-1,-1,1,1,1,-1,1,1,-1,1,1,1,-1,1,-1,-1,1,-2670.0,1,2000,445,0,False
1181,1,1,-1,-1,1,-1,-1,-1,1,1,1,-1,1,1,1,1,-1,1,1,-1,-1,-1,1,1,1,1,-1,-1,1,1,1,1,-1,-1,-1,-1,1,-1,1,1,-1,-1,-1,1,1,1,1,-1,1,1,1,1,-1,1,-1,-1,1,-1,1,1,1,-1,-1,-1,1,1,1,1,-1,-1,-1,1,1,1,1,-1,-1,-1,1,1,1,-1,-1,-1,1,1,1,1,-1,-1,-1,1,1,1,1,-1,-1,1,1,-1,1,1,-1,-1,1,1,1,1,1,-1,-1,1,1,1,1,1,-1,-1,1,1,1,1,1,1,-1,1,1,1,-1,1,1,-1,1,1,1,1,1,1,-1,-1,1,1,1,1,1,-1,1,1,1,1,1,1,-1,-1,-1,1,1,1,1,-1,1,1,1,1,-1,1,-1,1,-1,1,1,1,-1,-1,1,1,1,1,1,-1,1,-1,-1,1,-1,1,-1,1,1,1,1,1,1,1,1,1,-1,1,-1,1,-1,1,1,-1,1,-1,1,1,-1,1,-1,1,-1,1,-1,1,1,-1,-1,-1,1,1,1,1,-1,-1,1,1,-1,-1,1,-1,1,-1,-1,1,-1,1,-1,1,-1,1,-1,1,1,-1,-1,-1,1,1,-1,1,-1,1,1,1,-1,1,1,-1,-1,-1,1,-1,1,-1,1,-1,1,1,-1,1,-1,-1,-1,1,1,-1,1,-1,-1,-1,1,1,-1,-1,1,1,-1,-1,1,1,-1,1,1,-1,1,1,1,1,-1,1,-1,1,1,-1,1,-1,1,1,-1,1,1,1,1,1,-1,-1,1,-1,-1,-1,1,1,-1,1,1,1,-1,1,-1,-1,1,1,1,1,1,-1,1,1,1,-1,1,1,-1,1,1,1,-1,1,1,-1,-1,1,1,1,-1,1,-1,1,1,1,-1,1,1,-1,1,1,1,-1,1,-1,-1,1,1,1,-1,1,-1,-1,-1,1,1,1,1,-1,-1,1,-1,1,-1,1,1,-1,-1,1,1,1,-1,1,-1,-1,1,1,-1,1,-1,-1,-1,-1,-1,-1,1,1,-1,-1,1,1,-1,1,-1,-1,-1,1,1,-1,1,-1,-1,1,1,1,1,1,-1,-1,-1,-1,1,-1,-1,1,-1,-1,1,-1,-1,1,-1,-1,-1,-1,-1,1,-1,1,-1,1,-1,1,-1,1,-1,-1,1,1,-1,1,-1,1,-1,-1,1,-1,-1,-1,-1,-1,-1,1,-1,-1,1,1,-1,-1,1,-1,1,-1,-1,1,-1,1,-1,-1,1,1,-1,1,1,-1,-1,-1,-1,-1,1,1,-1,-1,1,1,-1,1,-1,1,-1,1,1,-1,1,-1,-1,-1,-1,-1,-1,1,-1,1,-1,1,1,-1,1,-1,-1,1,-1,-1,1,-1,1,-1,1,-1,1,-1,1,1,-1,-1,-1,1,-1,1,-1,-1,1,-1,1,1,1,1,-1,-1,-1,1,-1,1,1,-1,-1,1,1,1,1,1,1,-1,1,1,1,-1,1,-1,1,-1,-1,-1,1,-1,-1,1,-1,1,-1,1,-1,1,-1,-1,-1,1,1,-1,1,1,-1,-1,-1,1,-1,1,1,-1,1,-1,1,-1,-1,-1,-1,-1,-1,1,-1,-1,-1,-1,-1,-1,1,-1,1,1,1,1,-1,1,-1,1,1,-1,-1,-1,1,-1,-1,1,-1,1,-1,-1,1,1,1,1,-1,-1,1,1,1,1,-1,1,-1,-1,1,1,1,-1,-1,-1,1,1,1,1,-1,-1,-1,1,-1,1,-1,1,-1,-1,-1,1,1,1,-1,-1,-1,1,1,1,1,1,-1,-1,-1,1,1,1,1,-1,-1,-1,1,1,1,-1,-1,-1,-1,1,1,1,1,-1,-1,1,1,1,1,1,-1,-1,-1,1,1,-1,1,-1,-1,-1,1,1,1,1,-1,-1,1,1,1,1,1,-1,1,1,-1,1,1,-1,-1,-1,1,1,1,1,1,-1,1,1,1,1,1,1,-1,-1,1,-1,1,-1,-1,-1,-1,1,-1,1,1,-1,-1,-1,1,-1,1,1,-1,1,-1,1,1,1,-1,1,1,-1,1,-1,1,-1,-1,-1,-1,1,1,-1,-1,-1,-1,-1,1,-1,1,-1,-1,-1,-1,-1,-1,-1,1,-1,-1,-1,1,-1,-1,1,-1,-1,-1,-1,-1,1,1,-1,-1,-1,-1,-1,1,-1,-1,-1,1,-1,-1,1,-1,1,-1,-1,-1,-1,-1,-1,-1,1,-1,-1,-1,1,1,-1,-1,-1,1,-1,-1,-1,-1,-1,1,-1,-1,1,-1,1,-1,-1,-1,-1,1,-1,1,1,-1,1,-1,-1,1,1,-1,-1,-1,-1,-1,-1,1,1,-1,-1,1,-1,1,1,-1,-1,-1,1,-1,1,1,-1,-1,1,-1,-1,1,1,1,-1,1,-1,1,1,1,-1,-1,1,-1,-1,1,1,1,-1,1,-1,-1,1,1,-1,1,1,-1,-1,1,1,-1,1,1,-1,-1,1,1,-1,1,1,-1,-1,1,1,1,1,1,1,-1,1,1,-1,1,1,-1,-1,1,-1,1,1,1,1,-1,-1,1,-1,1,1,1,-1,1,1,1,1,-1,1,-1,1,1,1,1,1,1,1,-1,1,1,1,1,-1,1,-1,1,1,1,1,1,1,1,1,1,1,-1,1,-1,1,1,1,-1,1,1,1,1,-1,1,1,1,-1,1,1,1,1,1,-1,-1,1,-1,1,1,1,-1,1,-1,1,1,1,1,-1,-1,1,1,-1,1,1,1,-1,1,1,-1,1,1,1,-1,1,-1,1,1,1,-1,-1,-1,-1,1,-1,1,-1,1,1,1,1,1,-1,-1,1,1,1,1,1,1,-1,1,-1,1,1,1,-1,-1,-1,-1,-1,-1,-1,-1,-1,-1,1,1,1,1,-1,1,1,-1,-1,1,1,1,-1,1,-1,1,1,1,1,-1,1,-1,1,1,1,1,-1,1,-1,1,1,1,1,-1,1,-1,1,-1,1,-1,-1,1,-1,-1,1,1,-1,-1,-1,-1,1,1,1,1,-1,1,-1,-1,1,-2670.0,1,2000,445,1000,False
1182,1,1,-1,-1,1,1,-1,-1,1,1,1,-1,1,1,1,1,-1,1,1,-1,-1,-1,1,1,1,1,-1,-1,1,1,1,1,-1,-1,-1,-1,1,1,1,1,-1,-1,-1,1,1,1,1,-1,1,1,1,1,-1,1,-1,-1,1,-1,1,1,1,-1,-1,-1,1,1,1,1,-1,-1,-1,1,1,1,1,-1,-1,-1,1,1,1,-1,-1,-1,1,1,1,1,-1,-1,1,1,1,1,1,-1,-1,-1,1,-1,1,1,-1,-1,1,1,1,1,1,-1,-1,-1,1,1,1,1,-1,-1,1,1,1,1,1,1,-1,-1,1,1,-1,1,1,-1,1,1,1,1,1,1,-1,1,1,1,1,1,1,-1,1,1,1,1,1,1,-1,-1,-1,1,1,1,1,-1,1,1,1,1,-1,1,-1,1,-1,1,1,1,-1,-1,1,1,1,1,1,-1,1,-1,-1,1,-1,1,-1,1,1,1,1,1,1,1,1,1,-1,1,-1,1,-1,1,1,-1,1,-1,1,1,-1,1,-1,1,-1,1,-1,1,1,-1,1,-1,1,1,1,1,-1,-1,1,1,-1,-1,1,-1,1,-1,1,1,-1,1,-1,1,-1,1,-1,-1,1,-1,-1,-1,1,1,-1,1,-1,1,1,1,-1,1,1,-1,1,-1,1,-1,1,-1,1,-1,1,1,-1,1,-1,-1,-1,1,1,-1,1,-1,-1,-1,1,1,-1,-1,1,1,-1,-1,1,1,-1,1,1,-1,1,1,1,1,-1,1,-1,1,1,-1,1,-1,1,1,1,1,1,1,1,1,-1,-1,1,-1,-1,-1,1,1,-1,1,1,1,-1,1,1,1,1,1,1,1,1,-1,1,1,1,-1,-1,1,-1,1,1,1,-1,1,1,-1,-1,1,1,1,-1,1,-1,1,1,1,-1,1,1,-1,1,1,1,-1,1,1,-1,1,1,1,-1,1,1,-1,-1,1,1,-1,1,1,-1,1,-1,1,-1,1,1,1,-1,1,1,1,1,1,1,-1,1,1,-1,1,1,1,-1,-1,-1,-1,1,1,1,-1,1,1,-1,1,1,-1,-1,1,1,1,1,1,-1,1,1,1,-1,1,1,1,-1,-1,1,1,1,-1,1,-1,1,1,1,1,1,1,-1,-1,-1,1,-1,-1,1,-1,1,-1,1,1,1,1,1,-1,-1,1,-1,-1,1,-1,1,-1,1,1,1,1,1,1,-1,-1,1,-1,1,1,-1,-1,1,1,1,-1,1,-1,-1,-1,1,-1,1,1,-1,-1,1,1,1,1,-1,1,-1,1,-1,-1,1,-1,-1,-1,1,-1,1,1,-1,-1,-1,1,-1,1,1,1,-1,-1,1,-1,-1,1,-1,-1,-1,1,-1,1,1,1,-1,-1,1,-1,-1,1,-1,-1,-1,-1,-1,-1,1,-1,-1,-1,1,-1,-1,1,-1,-1,-1,-1,1,-1,1,-1,-1,-1,-1,1,-1,-1,1,1,1,-1,1,-1,1,-1,1,-1,1,-1,-1,-1,1,-1,-1,-1,1,1,-1,1,-1,1,1,1,-1,1,1,-1,-1,-1,1,-1,-1,1,-1,-1,1,1,1,-1,1,-1,-1,1,1,-1,-1,1,-1,-1,1,1,-1,-1,1,-1,-1,-1,1,1,-1,1,-1,-1,-1,1,-1,-1,1,-1,1,-1,1,1,-1,-1,1,-1,-1,-1,-1,-1,1,1,1,-1,-1,1,-1,-1,1,-1,-1,1,-1,-1,1,1,-1,-1,1,-1,-1,1,1,-1,1,-1,1,-1,-1,1,1,-1,-1,-1,-1,-1,1,-1,-1,1,-1,-1,-1,1,1,-1,-1,-1,-1,-1,1,-1,-1,-1,-1,-1,1,1,1,-1,-1,-1,-1,-1,1,1,-1,-1,-1,-1,-1,1,1,1,-1,-1,-1,-1,1,1,-1,-1,-1,-1,1,1,1,1,1,-1,1,1,1,1,1,1,-1,-1,1,1,1,-1,-1,-1,1,1,1,1,-1,1,-1,-1,1,-1,1,-1,1,-1,-1,1,-1,1,-1,1,-1,-1,1,-1,1,-1,1,-1,-1,1,-1,1,1,1,-1,-1,1,-1,1,1,1,-1,-1,1,1,-1,1,1,-1,-1,1,-1,1,-1,1,-1,-1,-1,-1,-1,1,1,-1,-1,1,-1,-1,1,1,-1,-1,-1,-1,1,-1,1,-1,-1,-1,-1,1,1,-1,-1,1,-1,-1,1,-1,1,-1,-1,-1,-1,-1,1,1,1,-1,-1,-1,1,1,1,-1,-1,-1,1,-1,-1,1,-1,1,-1,-1,1,1,1,-1,-1,-1,-1,1,-1,1,1,-1,1,-1,-1,1,1,-1,-1,-1,-1,-1,-1,1,1,-1,-1,1,-1,1,1,-1,-1,-1,1,-1,1,1,-1,-1,1,-1,-1,1,1,1,-1,1,-1,1,1,1,-1,-1,1,-1,-1,1,1,1,-1,1,-1,-1,1,1,-1,1,1,-1,-1,1,1,-1,1,1,-1,-1,1,1,-1,1,1,-1,-1,1,1,1,1,-1,1,-1,-1,1,-1,1,1,-1,-1,1,-1,1,1,1,1,-1,-1,1,-1,1,1,1,-1,1,1,1,1,-1,1,-1,1,1,1,1,1,1,1,-1,1,1,1,1,-1,1,-1,1,1,1,1,1,-1,1,1,1,1,-1,1,1,-1,1,1,-1,1,1,-1,-1,1,1,1,1,-1,1,-1,1,1,1,-1,-1,1,-1,1,1,1,-1,1,-1,-1,-1,1,1,-1,-1,1,-1,-1,1,1,-1,-1,1,-1,-1,1,1,1,-1,-1,-1,-1,1,1,-1,-1,-1,1,-1,1,1,-1,1,1,-1,1,1,-1,-1,1,-1,-1,-1,1,1,-1,1,1,-1,1,1,-1,-1,1,-1,1,-1,-1,-1,-1,1,-1,-1,1,1,-1,1,1,-1,1,1,1,1,-1,1,-1,1,1,1,-1,-1,1,-1,-1,1,1,-1,-1,1,-1,1,1,1,-1,-1,1,-1,1,1,1,1,-1,1,-1,-1,1,1,1,-1,-1,1,-1,1,-1,1,-1,1,-1,-1,1,-2670.0,1,2000,445,1000,False
1183,1,1,-1,-1,1,-1,-1,-1,1,1,1,-1,1,1,1,1,-1,1,-1,-1,-1,-1,1,1,1,-1,-1,-1,1,1,1,1,-1,-1,-1,-1,1,1,1,1,-1,-1,-1,1,1,1,1,-1,1,1,1,1,-1,1,-1,-1,1,-1,1,1,1,-1,-1,-1,1,1,1,1,-1,-1,-1,1,1,1,1,-1,-1,-1,1,1,1,-1,-1,-1,1,1,1,1,-1,-1,-1,1,1,1,1,-1,-1,1,1,-1,1,1,-1,-1,1,1,1,1,1,-1,-1,-1,1,1,1,1,-1,-1,1,1,1,1,1,1,-1,-1,1,1,-1,1,1,-1,1,1,1,1,1,1,-1,1,1,1,1,1,1,-1,1,1,1,1,1,1,-1,-1,-1,1,1,1,1,-1,1,1,1,1,-1,1,-1,1,-1,1,1,1,-1,-1,1,1,1,1,1,-1,1,-1,-1,1,-1,1,-1,1,1,1,1,1,1,1,1,1,1,1,-1,1,-1,1,1,-1,1,-1,1,1,-1,1,-1,1,-1,1,-1,1,1,-1,1,-1,1,1,1,1,-1,-1,1,1,-1,-1,1,-1,1,-1,-1,1,-1,1,-1,1,-1,1,-1,1,1,-1,-1,-1,1,1,-1,1,-1,1,1,1,-1,1,-1,-1,1,-1,1,-1,1,1,1,-1,1,1,-1,1,-1,-1,-1,1,1,-1,1,-1,-1,-1,1,1,-1,-1,1,1,-1,-1,1,1,-1,1,1,-1,1,1,1,1,-1,1,-1,1,1,-1,1,-1,1,-1,1,1,1,1,1,1,-1,-1,1,-1,-1,-1,1,1,-1,1,1,1,-1,1,1,1,1,1,1,1,1,-1,1,1,1,-1,-1,1,-1,1,1,1,-1,1,1,-1,-1,1,1,1,-1,1,-1,1,1,1,-1,1,1,-1,1,1,1,-1,1,1,-1,1,1,1,-1,1,1,1,-1,1,1,-1,1,1,-1,1,-1,1,-1,1,-1,1,-1,1,1,1,1,-1,1,-1,1,1,-1,1,1,1,-1,-1,-1,-1,1,1,1,-1,1,1,-1,1,1,1,-1,1,1,1,1,1,-1,1,1,1,-1,1,1,1,-1,-1,1,1,1,-1,1,-1,1,1,1,1,1,1,1,-1,-1,1,-1,1,1,1,-1,1,1,1,1,1,1,1,-1,1,-1,-1,1,-1,1,-1,1,1,-1,-1,1,1,-1,-1,1,-1,1,1,-1,-1,1,1,1,1,-1,1,-1,-1,1,-1,1,1,1,-1,1,1,1,1,1,1,-1,1,-1,1,1,1,-1,-1,1,-1,1,-1,1,-1,-1,1,-1,1,1,1,-1,-1,1,1,-1,1,1,-1,-1,1,-1,1,-1,1,1,-1,1,1,-1,-1,1,1,-1,-1,-1,1,-1,1,-1,-1,1,-1,-1,1,1,1,-1,-1,1,-1,1,1,1,-1,-1,1,-1,-1,1,1,1,-1,1,-1,1,-1,-1,1,1,-1,-1,-1,1,-1,1,1,1,1,-1,1,-1,-1,1,1,-1,1,1,-1,-1,-1,1,-1,-1,1,-1,-1,1,1,1,-1,1,-1,-1,1,1,-1,-1,1,-1,-1,1,1,-1,-1,1,-1,-1,-1,1,1,-1,1,1,-1,-1,1,-1,-1,1,-1,1,1,-1,1,-1,-1,1,-1,-1,-1,-1,-1,1,1,1,-1,1,1,-1,-1,1,-1,1,-1,-1,-1,1,1,-1,-1,-1,-1,-1,1,1,-1,-1,1,-1,-1,-1,1,1,-1,-1,-1,-1,1,1,-1,-1,1,-1,-1,-1,1,1,-1,-1,-1,-1,-1,1,-1,-1,1,-1,-1,1,1,1,-1,-1,-1,-1,-1,1,1,-1,1,-1,-1,-1,1,1,1,1,-1,-1,-1,1,1,-1,1,-1,-1,1,1,1,1,-1,-1,1,1,1,1,1,-1,-1,-1,1,1,-1,1,1,-1,1,1,1,1,-1,1,-1,-1,1,-1,1,-1,-1,-1,-1,1,-1,1,-1,-1,-1,-1,1,-1,1,1,-1,-1,-1,1,-1,1,-1,1,-1,-1,1,-1,1,1,-1,-1,-1,1,1,-1,-1,-1,-1,-1,1,-1,1,-1,-1,-1,-1,-1,-1,-1,1,-1,-1,-1,1,-1,-1,1,-1,-1,-1,-1,-1,-1,1,-1,-1,-1,-1,-1,1,-1,-1,-1,1,-1,-1,1,-1,1,-1,-1,-1,-1,-1,-1,-1,1,-1,-1,-1,1,1,-1,-1,-1,1,1,-1,-1,-1,-1,1,-1,-1,1,1,1,-1,-1,-1,-1,1,-1,1,1,-1,1,-1,-1,1,1,-1,-1,-1,-1,-1,-1,1,1,-1,-1,1,-1,1,1,-1,-1,-1,1,-1,1,1,-1,-1,1,-1,-1,1,1,1,-1,1,-1,1,1,1,-1,-1,1,-1,-1,1,-1,1,-1,1,-1,-1,1,1,-1,1,1,-1,-1,1,1,-1,1,1,-1,-1,1,1,-1,1,1,-1,-1,1,1,1,1,1,1,-1,-1,1,1,-1,1,-1,-1,1,-1,1,1,1,1,-1,-1,1,-1,1,1,1,-1,1,1,1,1,-1,1,-1,1,1,1,1,1,1,1,-1,1,1,1,1,-1,1,-1,1,1,1,1,1,-1,1,1,1,1,-1,1,1,-1,1,1,-1,1,1,-1,-1,1,1,1,1,-1,1,-1,1,1,1,-1,-1,1,-1,1,1,1,-1,1,-1,-1,-1,1,1,-1,-1,1,-1,-1,1,1,-1,-1,1,-1,-1,1,1,1,-1,1,-1,-1,1,1,-1,-1,-1,1,-1,-1,1,-1,1,1,-1,1,1,-1,-1,1,-1,-1,-1,1,1,-1,1,1,-1,1,1,-1,-1,-1,-1,1,-1,-1,-1,-1,1,-1,-1,1,1,-1,1,1,-1,1,1,1,1,-1,1,-1,1,1,1,-1,-1,1,-1,-1,1,1,-1,1,1,-1,1,1,1,-1,-1,1,-1,1,1,1,1,-1,1,-1,-1,1,1,-1,-1,1,1,-1,1,-1,1,-1,1,-1,-1,1,-2670.0,1,2000,445,0,False
1184,1,1,-1,-1,1,1,-1,-1,1,1,1,-1,1,1,1,1,-1,1,-1,-1,-1,-1,1,1,1,-1,1,-1,1,1,1,1,1,-1,-1,-1,1,1,1,-1,1,-1,-1,1,1,1,1,-1,1,1,1,1,-1,1,-1,-1,1,-1,1,1,1,-1,-1,-1,1,1,1,1,-1,-1,-1,1,1,1,1,-1,-1,-1,1,1,1,-1,-1,-1,1,1,1,1,-1,-1,-1,1,1,1,1,-1,-1,1,1,-1,1,1,-1,-1,1,1,1,1,1,-1,-1,1,1,1,1,1,-1,-1,1,1,1,1,1,1,-1,1,1,1,-1,1,1,-1,1,1,1,1,1,1,-1,-1,1,1,1,1,1,-1,1,1,1,1,1,1,-1,-1,-1,1,1,1,1,-1,1,1,1,1,-1,1,-1,1,-1,1,1,1,-1,-1,1,1,1,1,1,-1,1,-1,-1,1,1,1,-1,1,1,1,1,-1,1,1,1,1,-1,1,-1,1,-1,1,1,-1,1,-1,1,1,-1,1,-1,1,-1,1,-1,1,1,-1,1,-1,1,1,1,1,-1,-1,1,1,-1,-1,1,-1,1,-1,1,1,-1,1,-1,1,-1,1,-1,1,1,-1,-1,-1,1,1,-1,1,-1,1,1,1,-1,1,1,-1,1,-1,1,-1,1,-1,1,-1,1,1,-1,1,-1,-1,-1,1,1,-1,1,-1,-1,-1,1,1,-1,-1,1,1,-1,-1,1,1,-1,1,1,-1,1,1,1,1,-1,1,-1,1,1,-1,1,-1,1,-1,1,1,1,1,1,1,-1,-1,1,-1,-1,1,1,1,-1,1,1,1,-1,1,1,1,1,1,1,1,1,-1,1,1,1,-1,1,1,-1,1,1,1,-1,1,1,-1,-1,1,1,1,-1,1,-1,1,1,1,-1,1,1,-1,1,1,1,-1,1,1,-1,1,1,1,-1,1,1,1,-1,1,1,-1,1,1,-1,1,-1,1,-1,1,1,1,-1,1,1,1,-1,1,1,-1,1,1,-1,1,1,1,-1,-1,-1,-1,1,1,1,-1,1,1,-1,1,1,-1,-1,1,1,1,1,1,-1,1,1,1,-1,1,1,1,-1,-1,1,1,1,-1,1,-1,1,1,1,1,1,1,-1,-1,-1,1,-1,-1,1,-1,1,-1,1,-1,1,1,1,1,-1,1,-1,-1,1,-1,1,-1,1,1,1,1,1,1,-1,-1,1,-1,1,1,-1,-1,1,1,1,-1,1,1,-1,-1,1,-1,1,1,-1,-1,1,1,1,1,-1,1,-1,1,-1,1,1,-1,-1,-1,1,-1,1,1,-1,-1,-1,1,-1,1,1,1,-1,-1,1,-1,-1,1,-1,-1,-1,1,-1,1,1,-1,1,-1,1,1,-1,1,-1,-1,-1,-1,1,-1,1,-1,-1,-1,1,1,-1,1,-1,-1,-1,-1,1,-1,1,-1,-1,-1,-1,1,-1,-1,1,1,1,-1,1,-1,1,-1,1,-1,1,-1,-1,-1,1,-1,-1,1,1,1,-1,1,-1,1,1,1,-1,1,1,-1,1,-1,1,-1,-1,1,-1,-1,1,1,1,-1,1,-1,-1,1,1,-1,-1,1,-1,-1,1,1,-1,-1,1,-1,-1,-1,1,1,-1,1,1,-1,-1,1,-1,-1,1,-1,1,-1,1,1,-1,-1,1,-1,-1,-1,-1,-1,1,1,1,-1,-1,1,-1,-1,1,-1,-1,1,-1,-1,1,1,-1,-1,1,-1,-1,1,1,-1,1,-1,-1,-1,-1,1,1,-1,-1,-1,-1,1,1,-1,-1,1,-1,-1,-1,1,1,-1,-1,-1,-1,-1,1,-1,-1,-1,-1,-1,1,1,1,-1,-1,-1,-1,-1,1,1,-1,-1,-1,-1,-1,1,1,1,-1,-1,-1,-1,1,1,-1,-1,-1,-1,1,1,1,1,1,-1,1,1,1,1,1,1,-1,-1,1,1,1,1,1,-1,1,1,1,1,-1,1,-1,-1,1,-1,1,-1,1,-1,-1,1,-1,1,1,1,-1,-1,1,-1,1,-1,1,-1,-1,1,-1,1,1,1,-1,1,-1,-1,1,1,1,-1,-1,1,1,-1,1,1,-1,-1,1,-1,1,-1,1,-1,-1,-1,-1,-1,1,1,-1,-1,1,-1,-1,1,1,-1,-1,-1,-1,1,-1,1,-1,-1,-1,-1,1,-1,-1,-1,1,-1,-1,1,-1,1,-1,-1,-1,-1,-1,-1,1,1,-1,-1,-1,1,1,1,-1,-1,-1,1,-1,-1,1,-1,1,-1,-1,1,1,1,-1,-1,-1,-1,1,-1,1,1,-1,1,-1,-1,1,1,-1,-1,-1,-1,-1,-1,1,1,-1,-1,1,-1,1,1,-1,-1,-1,1,-1,1,1,-1,-1,1,-1,-1,1,1,1,-1,1,-1,1,1,1,-1,-1,1,-1,-1,1,1,1,-1,1,-1,-1,1,1,-1,1,1,-1,-1,1,1,1,1,1,-1,-1,1,1,-1,1,1,-1,-1,1,1,1,1,1,1,-1,-1,1,1,1,1,-1,-1,1,-1,1,1,1,1,-1,-1,1,-1,1,1,1,-1,1,1,1,1,-1,1,-1,1,1,1,1,1,1,1,-1,1,1,1,1,-1,1,-1,1,1,1,1,1,-1,1,1,1,1,-1,1,1,-1,1,1,-1,1,1,-1,-1,1,1,1,1,-1,1,-1,1,1,1,-1,-1,1,-1,1,1,1,-1,1,-1,-1,-1,1,1,-1,-1,1,-1,-1,1,1,1,-1,1,-1,-1,-1,1,1,-1,1,-1,-1,1,1,-1,-1,-1,1,-1,-1,1,-1,1,1,-1,1,1,-1,-1,1,1,-1,-1,1,1,-1,1,1,-1,1,1,-1,-1,-1,-1,1,-1,-1,-1,-1,1,-1,-1,1,1,-1,1,1,-1,1,1,1,1,-1,1,-1,1,1,1,1,-1,1,-1,1,-1,1,1,-1,1,-1,-1,1,1,1,-1,1,-1,1,1,1,-1,-1,1,-1,-1,1,1,-1,-1,-1,1,-1,1,-1,1,-1,1,-1,-1,1,-2670.0,1,2000,445,0,False
1185,1,1,-1,-1,1,-1,1,-1,1,1,1,-1,1,1,1,1,-1,1,-1,-1,1,-1,1,1,1,-1,-1,-1,1,1,1,1,-1,-1,-1,-1,1,-1,1,1,-1,-1,-1,1,1,1,1,-1,1,1,1,1,-1,1,-1,-1,1,-1,1,1,1,-1,-1,-1,1,1,1,1,-1,-1,-1,1,1,1,1,-1,-1,-1,1,1,1,-1,-1,-1,1,1,1,1,-1,-1,-1,1,1,1,1,-1,-1,1,1,-1,1,1,-1,-1,1,1,1,1,1,-1,-1,1,1,1,1,1,-1,-1,1,1,1,1,1,1,-1,1,1,1,-1,1,1,-1,1,1,1,1,1,1,-1,-1,1,1,1,1,1,-1,1,1,1,1,1,1,-1,-1,-1,1,1,1,1,-1,1,1,1,1,-1,1,-1,1,-1,1,1,1,-1,-1,1,1,1,1,1,-1,1,-1,-1,1,-1,1,-1,1,1,1,1,1,1,1,1,1,-1,1,-1,1,-1,1,1,-1,1,-1,1,1,-1,1,-1,1,-1,1,-1,1,1,-1,1,-1,1,1,1,1,-1,-1,1,1,-1,-1,1,-1,1,-1,-1,1,-1,1,-1,1,-1,1,-1,-1,1,-1,1,-1,1,1,-1,1,-1,1,1,1,-1,1,1,-1,1,-1,1,-1,1,-1,1,-1,1,1,-1,1,-1,-1,-1,1,1,-1,1,-1,-1,-1,1,1,-1,-1,1,1,-1,-1,1,1,-1,1,1,-1,1,1,1,1,-1,1,-1,1,1,-1,1,-1,1,1,-1,1,1,1,1,1,-1,-1,1,-1,-1,1,1,1,-1,1,1,1,-1,1,-1,-1,1,1,1,1,1,-1,1,1,1,-1,-1,1,-1,1,1,1,-1,1,1,-1,-1,1,1,1,-1,1,-1,1,1,1,-1,1,1,-1,1,1,1,-1,1,-1,-1,1,1,1,-1,1,-1,-1,-1,1,1,-1,1,-1,-1,1,-1,1,-1,1,1,-1,-1,1,1,1,1,1,-1,-1,1,1,-1,1,-1,-1,-1,-1,-1,-1,1,1,-1,-1,1,1,-1,1,-1,-1,-1,1,1,1,1,1,-1,1,1,1,-1,1,-1,-1,-1,-1,1,1,1,1,-1,-1,1,1,1,1,-1,-1,1,-1,-1,1,-1,1,-1,-1,1,-1,1,1,-1,-1,1,1,-1,1,-1,1,-1,-1,1,-1,1,1,-1,-1,-1,1,-1,-1,1,1,-1,-1,1,-1,1,1,-1,1,-1,1,-1,-1,1,1,-1,-1,1,-1,1,1,-1,-1,1,1,-1,1,-1,1,-1,1,-1,-1,1,-1,1,-1,1,-1,-1,1,-1,-1,-1,1,-1,-1,1,-1,1,-1,1,-1,-1,1,-1,-1,1,-1,1,-1,1,1,1,-1,1,1,-1,-1,1,1,-1,1,-1,-1,1,-1,1,1,1,1,-1,-1,1,1,-1,1,1,-1,-1,1,1,1,-1,1,1,-1,1,1,1,1,1,1,1,-1,-1,-1,1,-1,1,1,-1,1,-1,1,-1,1,-1,-1,-1,1,1,-1,1,1,-1,-1,-1,1,-1,1,1,-1,1,-1,1,-1,-1,-1,-1,-1,-1,1,-1,-1,-1,-1,-1,-1,1,-1,1,1,1,1,-1,1,-1,1,1,-1,-1,-1,1,-1,-1,1,-1,1,-1,-1,1,1,1,1,-1,-1,1,1,1,1,-1,1,-1,-1,1,1,1,-1,-1,-1,-1,1,1,1,-1,-1,-1,1,-1,1,-1,1,-1,-1,-1,1,1,1,-1,-1,-1,-1,1,1,1,1,-1,-1,-1,1,1,1,1,-1,-1,-1,1,1,1,-1,-1,-1,1,1,1,1,1,-1,-1,-1,1,1,1,1,-1,-1,-1,1,1,-1,1,-1,-1,-1,1,1,1,1,-1,-1,1,1,1,1,-1,-1,1,1,-1,1,1,-1,-1,-1,1,1,1,1,1,-1,1,1,1,1,1,-1,-1,-1,1,-1,1,-1,-1,-1,-1,1,-1,1,1,-1,-1,-1,1,-1,1,1,-1,1,-1,1,1,1,1,-1,1,-1,1,-1,1,1,-1,-1,-1,1,1,-1,-1,-1,-1,-1,1,-1,1,-1,-1,-1,-1,-1,-1,-1,1,-1,-1,-1,1,-1,-1,1,-1,-1,-1,-1,-1,-1,1,-1,-1,-1,-1,-1,1,-1,-1,-1,1,-1,-1,1,-1,1,-1,-1,-1,-1,-1,-1,-1,1,-1,-1,-1,1,1,-1,-1,-1,1,1,-1,-1,-1,-1,1,-1,-1,1,1,1,-1,-1,-1,-1,1,-1,1,1,-1,1,-1,-1,1,1,-1,-1,-1,-1,-1,-1,1,1,-1,-1,1,-1,1,1,-1,-1,-1,1,-1,1,1,-1,-1,1,-1,-1,1,1,1,-1,1,-1,1,1,1,-1,-1,1,-1,-1,1,-1,1,-1,1,-1,-1,1,1,-1,1,1,-1,-1,1,1,-1,1,1,-1,-1,1,1,-1,1,1,-1,-1,1,1,1,1,-1,1,-1,-1,1,1,-1,1,-1,-1,1,-1,1,1,1,1,-1,-1,1,-1,1,1,1,-1,1,1,1,1,-1,1,-1,1,1,1,1,1,1,1,-1,1,1,1,1,-1,1,-1,1,1,1,1,1,-1,1,1,1,1,-1,1,1,-1,1,1,-1,1,1,-1,-1,1,1,1,1,-1,1,-1,1,1,1,-1,-1,1,-1,1,1,1,-1,1,-1,-1,-1,1,1,-1,-1,1,-1,-1,1,1,1,-1,1,-1,-1,1,1,1,-1,1,-1,-1,1,1,-1,-1,-1,1,-1,-1,1,-1,1,1,-1,1,1,-1,-1,1,-1,-1,-1,1,1,-1,1,1,-1,1,1,-1,-1,-1,-1,1,-1,-1,-1,-1,1,-1,-1,1,1,-1,1,1,-1,1,1,1,1,-1,1,-1,1,1,1,1,-1,1,-1,-1,-1,1,1,-1,1,-1,1,1,1,1,-1,1,-1,1,1,-1,-1,-1,1,-1,-1,1,1,-1,-1,-1,1,-1,1,-1,1,-1,1,-1,-1,1,-2670.0,1,2000,445,0,False
1186,1,1,-1,-1,1,1,-1,-1,1,1,1,-1,-1,1,1,1,-1,1,-1,-1,-1,-1,1,1,1,-1,-1,-1,1,1,1,1,1,-1,-1,-1,1,-1,1,1,-1,-1,-1,1,1,1,1,-1,1,1,1,1,-1,1,-1,-1,1,-1,1,1,1,-1,-1,-1,1,1,1,1,-1,-1,-1,1,1,1,1,-1,-1,-1,1,1,1,-1,-1,-1,1,1,1,1,-1,-1,1,1,1,1,1,-1,-1,-1,1,-1,1,1,-1,-1,1,1,1,1,1,-1,-1,-1,1,-1,1,1,-1,-1,1,1,1,1,1,1,-1,-1,1,1,-1,1,1,-1,1,1,1,1,1,1,-1,1,1,1,1,1,1,-1,1,1,1,1,1,1,-1,-1,-1,1,1,1,1,-1,1,1,1,1,-1,1,-1,1,-1,1,1,1,-1,-1,1,1,1,1,1,-1,1,-1,-1,1,-1,1,-1,1,1,1,1,1,1,1,1,1,-1,1,-1,1,-1,1,1,-1,1,-1,1,1,-1,1,-1,1,-1,1,-1,1,1,-1,1,-1,1,1,1,1,-1,-1,1,1,-1,-1,1,-1,1,-1,1,1,-1,1,-1,1,-1,1,-1,1,1,-1,-1,-1,1,1,-1,1,-1,1,1,1,-1,1,1,-1,1,-1,1,-1,1,-1,1,-1,1,1,-1,1,-1,-1,-1,1,1,-1,1,-1,-1,-1,1,1,-1,-1,1,1,-1,-1,1,1,-1,1,1,-1,1,1,1,1,-1,1,-1,1,1,-1,1,-1,1,1,-1,1,1,1,1,1,-1,-1,1,-1,-1,-1,1,1,-1,1,1,1,-1,1,-1,-1,1,1,1,1,1,-1,1,1,1,-1,1,1,-1,1,1,1,-1,1,1,-1,-1,1,1,1,-1,1,-1,1,1,1,-1,1,1,-1,1,1,1,-1,1,-1,-1,1,1,1,-1,1,-1,-1,-1,1,1,-1,1,-1,-1,1,-1,1,-1,1,1,-1,-1,1,1,1,-1,1,-1,-1,1,1,-1,1,-1,-1,-1,-1,-1,-1,1,-1,-1,-1,1,1,-1,1,-1,-1,-1,1,1,1,1,1,-1,1,1,1,-1,1,-1,-1,-1,-1,1,1,-1,1,-1,-1,1,1,1,-1,-1,-1,1,-1,-1,1,-1,1,-1,-1,1,-1,1,-1,-1,-1,1,1,-1,1,-1,1,-1,-1,1,-1,1,1,-1,-1,-1,1,-1,-1,1,1,-1,-1,1,-1,1,1,-1,1,-1,1,-1,-1,1,1,-1,-1,1,-1,1,1,-1,-1,1,1,-1,1,-1,1,-1,1,-1,-1,1,-1,1,-1,1,-1,-1,1,-1,-1,-1,1,-1,-1,1,-1,1,-1,1,-1,-1,1,-1,-1,1,-1,1,-1,1,-1,1,-1,1,1,-1,-1,-1,1,-1,1,-1,-1,1,-1,1,1,1,1,-1,-1,1,1,-1,1,1,-1,-1,1,1,1,-1,1,1,-1,1,1,1,1,-1,1,1,-1,-1,-1,1,-1,1,1,1,1,-1,1,-1,1,-1,-1,-1,1,1,-1,1,1,-1,-1,-1,1,-1,1,1,-1,1,-1,1,-1,-1,-1,-1,-1,-1,1,-1,-1,-1,-1,-1,-1,1,-1,1,1,1,1,-1,1,-1,1,1,-1,-1,-1,1,-1,-1,1,-1,1,-1,-1,1,1,1,1,-1,-1,1,1,1,1,-1,1,-1,-1,1,1,1,-1,-1,-1,1,1,1,1,-1,1,-1,1,-1,1,-1,1,1,-1,-1,1,1,1,-1,-1,-1,-1,1,1,1,1,-1,-1,-1,1,1,1,1,-1,-1,-1,1,1,1,-1,-1,-1,1,1,1,1,1,-1,-1,-1,1,1,1,1,-1,-1,-1,1,1,-1,1,-1,-1,-1,1,1,1,1,-1,-1,1,1,1,1,-1,-1,1,1,-1,1,1,-1,-1,-1,1,1,1,1,1,-1,1,1,1,1,1,-1,-1,-1,1,-1,1,-1,-1,-1,-1,1,-1,1,1,-1,-1,-1,1,-1,1,1,-1,1,-1,1,1,1,1,-1,1,-1,1,-1,1,1,-1,-1,-1,1,1,-1,-1,-1,-1,-1,1,-1,1,-1,-1,-1,-1,-1,-1,-1,1,-1,-1,-1,1,-1,-1,1,-1,-1,-1,-1,-1,1,1,-1,-1,-1,-1,-1,1,-1,-1,-1,1,-1,-1,1,-1,1,-1,-1,-1,-1,-1,-1,-1,1,-1,-1,-1,1,1,-1,-1,-1,-1,1,-1,-1,-1,-1,1,-1,-1,1,1,1,-1,-1,-1,-1,1,-1,1,1,-1,1,-1,-1,1,1,-1,-1,-1,-1,-1,-1,1,1,-1,-1,1,-1,1,1,-1,-1,-1,1,-1,1,1,-1,-1,1,-1,-1,1,1,1,-1,1,-1,1,1,1,-1,-1,1,-1,-1,1,1,1,-1,1,-1,-1,1,1,-1,1,1,-1,-1,1,1,-1,1,1,-1,-1,1,1,1,1,1,-1,-1,1,1,1,1,1,1,-1,-1,1,1,1,1,-1,-1,1,-1,1,1,1,1,-1,-1,1,-1,1,1,1,-1,1,1,1,1,-1,1,-1,1,1,1,1,1,1,1,-1,1,1,1,1,-1,1,-1,1,1,1,1,1,-1,1,1,1,1,-1,1,1,-1,1,1,-1,1,1,-1,-1,1,1,1,1,-1,1,-1,1,1,1,-1,-1,1,-1,1,1,1,-1,1,-1,-1,-1,1,1,-1,-1,1,-1,-1,1,1,-1,-1,1,-1,-1,1,1,1,-1,1,-1,-1,1,1,-1,-1,-1,1,-1,1,1,-1,1,1,-1,1,1,-1,-1,1,1,-1,-1,1,1,-1,1,1,-1,1,1,-1,-1,-1,-1,1,-1,-1,-1,-1,-1,1,-1,1,1,-1,1,1,-1,1,1,1,1,-1,1,-1,1,1,1,-1,-1,1,-1,-1,1,1,-1,-1,1,-1,1,1,1,-1,-1,1,-1,1,1,1,1,-1,1,-1,-1,1,1,1,-1,-1,1,-1,1,1,1,-1,1,-1,1,1,-2670.0,1,2000,445,1000,False
1187,1,1,-1,-1,1,1,-1,-1,1,1,1,-1,1,1,1,1,-1,1,1,-1,-1,-1,1,1,1,1,-1,-1,1,1,1,1,-1,-1,-1,-1,1,1,1,1,-1,-1,-1,1,1,1,1,-1,1,1,1,1,-1,1,-1,-1,1,-1,1,1,1,-1,-1,-1,1,1,1,1,-1,-1,-1,1,1,1,1,-1,-1,-1,1,1,1,-1,-1,-1,1,1,1,1,-1,-1,-1,1,1,1,1,-1,-1,1,1,-1,1,1,-1,-1,1,1,1,1,1,-1,-1,1,1,1,1,1,-1,-1,1,1,1,1,1,1,-1,1,1,1,-1,1,1,-1,1,1,1,1,1,1,-1,-1,1,1,1,1,1,-1,1,1,1,1,1,1,-1,-1,-1,1,1,1,1,-1,1,1,1,1,-1,1,-1,1,-1,1,1,1,-1,-1,1,1,1,1,1,-1,1,-1,-1,1,-1,1,-1,1,1,1,1,1,1,1,1,1,-1,1,-1,1,-1,1,1,-1,1,-1,1,1,-1,1,-1,1,-1,1,-1,1,1,-1,1,-1,1,1,1,1,-1,-1,1,1,-1,-1,1,-1,1,-1,-1,1,-1,1,-1,1,-1,1,-1,-1,1,-1,-1,-1,1,1,-1,1,-1,1,1,1,-1,1,1,-1,-1,-1,1,-1,1,-1,1,-1,1,1,-1,1,-1,-1,-1,1,1,-1,1,-1,-1,-1,1,1,-1,-1,1,1,-1,-1,1,1,-1,1,1,-1,1,1,1,1,-1,1,-1,1,1,-1,1,-1,1,1,1,1,1,1,1,1,-1,-1,1,-1,-1,-1,1,1,-1,1,1,1,-1,1,1,1,1,1,1,-1,1,-1,1,1,1,-1,-1,1,-1,1,1,1,-1,1,1,-1,-1,1,1,1,-1,1,-1,1,1,1,-1,1,1,-1,1,1,1,-1,1,1,-1,1,1,1,-1,1,1,-1,-1,1,1,-1,1,1,-1,1,-1,1,-1,1,1,1,-1,1,1,1,-1,1,1,-1,1,1,-1,1,1,1,-1,-1,-1,-1,1,1,1,-1,1,1,-1,1,1,-1,-1,1,1,1,1,1,-1,1,1,1,-1,1,1,1,-1,-1,1,1,1,-1,1,-1,1,1,1,1,1,1,-1,-1,-1,1,-1,-1,1,-1,1,-1,1,1,1,1,1,-1,-1,1,-1,-1,1,-1,1,-1,1,1,1,1,1,1,-1,-1,1,-1,1,1,-1,-1,1,1,1,-1,1,-1,-1,-1,1,-1,1,1,-1,-1,1,1,1,1,-1,1,-1,1,-1,-1,1,-1,-1,-1,1,-1,1,1,-1,-1,-1,1,-1,1,1,1,-1,-1,1,-1,-1,1,-1,-1,-1,1,-1,1,1,1,-1,-1,1,1,-1,1,-1,-1,-1,-1,1,-1,1,-1,-1,-1,1,-1,-1,1,-1,-1,-1,-1,1,-1,1,-1,-1,1,-1,1,-1,-1,1,1,1,-1,1,-1,1,-1,1,1,1,-1,-1,-1,1,-1,-1,1,1,1,-1,1,-1,1,1,1,-1,1,1,-1,-1,-1,1,-1,-1,1,-1,-1,1,1,1,-1,1,-1,-1,1,1,-1,-1,1,-1,-1,1,1,-1,-1,1,-1,-1,-1,1,1,-1,1,-1,-1,-1,1,-1,-1,1,-1,1,-1,1,1,-1,-1,1,-1,-1,-1,-1,-1,1,1,1,-1,-1,1,-1,-1,1,-1,-1,1,-1,-1,1,1,-1,-1,1,-1,-1,1,1,-1,1,-1,1,-1,-1,1,1,-1,-1,-1,-1,1,1,-1,-1,1,-1,-1,-1,1,1,-1,-1,-1,-1,-1,1,-1,-1,-1,-1,-1,1,1,1,-1,-1,-1,-1,-1,1,1,-1,-1,-1,-1,-1,1,1,1,-1,-1,-1,-1,1,1,-1,-1,-1,-1,1,1,1,1,1,-1,1,1,1,1,1,1,-1,-1,1,1,1,-1,1,-1,1,1,1,1,-1,1,-1,-1,1,-1,1,-1,1,-1,-1,1,-1,1,-1,1,-1,-1,1,-1,1,-1,1,-1,-1,1,-1,1,1,1,-1,-1,1,-1,1,1,1,-1,-1,1,1,-1,1,1,-1,-1,1,-1,1,-1,1,-1,-1,-1,-1,-1,1,1,-1,-1,1,-1,-1,1,1,-1,-1,-1,-1,-1,-1,1,-1,-1,-1,-1,1,1,-1,-1,1,-1,-1,1,-1,1,-1,-1,-1,-1,-1,1,1,1,-1,-1,-1,1,1,1,-1,-1,1,-1,-1,-1,1,-1,1,-1,-1,1,1,1,-1,-1,-1,-1,1,-1,1,1,-1,1,-1,-1,1,1,-1,-1,-1,-1,-1,-1,1,1,-1,-1,1,-1,1,1,-1,-1,-1,1,-1,1,1,-1,-1,1,-1,-1,1,1,1,-1,1,-1,1,1,1,-1,-1,1,-1,-1,1,1,1,-1,1,-1,-1,1,1,-1,1,1,-1,-1,1,1,-1,1,1,-1,-1,1,1,-1,1,1,-1,-1,1,1,1,1,-1,1,-1,-1,1,-1,1,1,-1,-1,1,-1,1,1,1,1,-1,-1,1,-1,1,1,1,-1,1,1,1,1,-1,1,-1,1,1,1,1,1,1,1,-1,1,1,1,1,-1,1,-1,1,1,1,1,1,-1,1,1,1,1,-1,1,1,-1,1,1,-1,1,1,-1,-1,1,1,1,1,-1,1,-1,1,1,1,-1,-1,1,-1,1,1,1,-1,1,-1,-1,-1,1,1,-1,-1,1,-1,-1,1,1,-1,-1,1,-1,-1,1,1,1,-1,1,-1,-1,1,1,-1,-1,-1,1,-1,1,1,-1,1,1,-1,1,1,-1,-1,1,-1,-1,-1,1,1,-1,1,1,-1,1,1,-1,-1,-1,-1,1,-1,-1,-1,-1,1,-1,-1,1,1,-1,1,1,-1,1,1,1,1,-1,1,-1,1,1,1,1,-1,1,-1,-1,-1,1,1,-1,1,-1,1,1,1,1,-1,1,-1,1,1,1,-1,-1,1,-1,-1,1,1,-1,-1,-1,1,-1,1,-1,1,-1,1,-1,-1,1,-2670.0,1,2000,445,0,False
1188,1,1,-1,-1,1,-1,-1,-1,1,1,1,-1,1,1,1,1,-1,1,-1,-1,1,-1,1,1,1,-1,1,-1,1,1,1,1,-1,-1,-1,-1,1,1,1,1,-1,-1,-1,1,1,1,1,-1,1,1,1,1,-1,1,-1,-1,1,-1,1,1,1,-1,-1,-1,1,1,1,1,-1,-1,-1,1,1,1,1,-1,-1,-1,1,1,1,-1,-1,-1,1,1,1,1,-1,-1,-1,1,1,1,1,-1,-1,1,1,-1,1,1,-1,-1,1,1,1,1,1,-1,-1,1,1,1,1,1,-1,-1,1,1,1,1,1,1,-1,1,1,1,-1,1,1,-1,1,1,1,1,1,1,-1,-1,1,1,1,1,1,-1,1,1,1,1,1,1,-1,-1,-1,1,1,1,1,-1,1,1,1,1,-1,1,-1,1,-1,1,1,1,-1,-1,1,1,1,1,1,-1,1,-1,-1,1,-1,1,-1,1,1,1,1,1,1,1,1,1,-1,1,-1,1,-1,1,1,-1,1,-1,1,1,-1,1,-1,1,-1,1,-1,1,1,-1,-1,-1,1,1,1,1,-1,-1,1,1,-1,-1,1,-1,1,-1,-1,1,-1,1,-1,1,-1,1,-1,1,1,-1,-1,-1,1,1,-1,1,-1,1,1,1,-1,1,1,-1,-1,-1,1,-1,1,-1,1,-1,1,1,-1,1,-1,-1,-1,1,1,-1,1,-1,-1,-1,1,1,-1,-1,1,1,-1,-1,1,1,-1,1,1,-1,1,1,1,1,-1,1,-1,1,1,-1,1,-1,1,1,-1,1,1,1,1,1,-1,-1,1,-1,-1,1,1,1,-1,1,1,1,-1,1,-1,-1,1,1,1,1,1,-1,1,1,1,-1,1,1,-1,1,1,1,-1,1,1,-1,-1,1,1,1,-1,1,-1,1,1,1,-1,1,1,-1,1,1,1,-1,1,-1,-1,1,1,1,-1,1,-1,-1,-1,1,1,-1,1,-1,-1,1,-1,1,-1,1,1,-1,-1,1,1,1,-1,1,-1,-1,1,1,-1,1,-1,-1,-1,-1,-1,-1,1,-1,-1,-1,1,1,-1,1,-1,1,-1,1,1,1,1,1,-1,1,1,1,-1,1,-1,-1,-1,-1,1,1,1,1,-1,-1,1,1,1,1,-1,-1,1,-1,-1,1,-1,1,-1,-1,1,-1,1,1,-1,-1,1,1,-1,1,-1,1,-1,-1,1,-1,1,1,-1,-1,-1,1,-1,-1,1,1,-1,-1,1,-1,1,1,-1,1,-1,1,-1,-1,1,1,-1,-1,1,-1,1,1,-1,-1,1,1,-1,1,-1,1,-1,1,-1,-1,1,-1,1,-1,1,-1,-1,1,-1,-1,-1,1,-1,-1,1,-1,1,-1,1,-1,-1,1,-1,-1,1,-1,1,-1,1,-1,1,-1,1,1,-1,-1,-1,1,-1,1,-1,-1,1,-1,1,1,1,1,-1,-1,1,1,-1,1,1,-1,-1,1,1,1,-1,1,1,-1,1,1,1,1,1,1,1,-1,-1,-1,1,-1,1,1,-1,1,-1,1,-1,1,-1,-1,-1,1,1,-1,1,1,-1,-1,-1,1,-1,1,1,-1,1,-1,1,-1,-1,-1,-1,-1,-1,1,-1,-1,-1,-1,-1,-1,1,-1,1,1,1,1,-1,1,-1,1,1,-1,-1,-1,1,-1,-1,1,-1,1,-1,-1,1,1,1,1,-1,-1,1,1,1,1,-1,1,-1,-1,1,1,1,-1,-1,-1,1,1,1,1,-1,-1,-1,1,-1,1,-1,1,-1,-1,-1,1,1,1,-1,-1,-1,1,1,1,1,1,-1,-1,-1,1,1,1,1,-1,-1,-1,1,-1,1,-1,-1,-1,-1,1,1,1,1,-1,-1,1,1,1,1,1,-1,-1,-1,1,1,-1,1,-1,-1,-1,1,1,1,1,-1,-1,1,1,1,1,-1,-1,1,1,-1,1,1,-1,-1,-1,1,1,1,1,1,-1,1,1,1,1,1,-1,-1,-1,1,-1,1,-1,-1,-1,-1,1,-1,1,1,-1,-1,-1,1,-1,1,1,-1,-1,-1,1,1,1,1,-1,-1,-1,1,-1,1,1,-1,-1,-1,1,1,-1,-1,-1,-1,-1,1,-1,1,-1,-1,-1,-1,-1,-1,-1,1,-1,-1,-1,1,-1,-1,1,-1,-1,-1,-1,-1,-1,1,-1,-1,-1,-1,-1,1,-1,-1,-1,1,-1,-1,1,-1,1,-1,-1,-1,-1,-1,-1,-1,1,-1,-1,-1,1,1,-1,-1,-1,1,-1,-1,-1,-1,-1,1,-1,-1,1,1,1,-1,-1,-1,-1,1,-1,1,1,-1,1,-1,-1,1,1,-1,-1,-1,-1,-1,-1,1,1,-1,-1,1,-1,1,1,-1,-1,-1,1,-1,1,1,-1,-1,1,-1,-1,1,1,1,-1,1,-1,1,1,1,-1,-1,1,-1,-1,1,1,1,-1,1,-1,-1,1,1,-1,1,1,-1,-1,1,1,-1,1,1,-1,-1,1,1,-1,1,1,-1,-1,1,1,1,1,1,1,-1,-1,1,1,1,1,-1,-1,1,-1,1,1,1,1,-1,-1,1,-1,1,1,1,-1,1,1,1,1,-1,1,-1,1,1,1,1,1,1,1,-1,1,1,1,1,-1,1,-1,1,1,1,1,1,-1,1,1,1,1,-1,1,1,-1,1,1,-1,1,1,-1,-1,1,1,1,1,-1,1,-1,1,1,1,-1,-1,1,-1,1,1,1,-1,1,-1,-1,-1,1,1,-1,-1,1,-1,-1,1,1,-1,-1,1,-1,-1,1,1,1,-1,-1,-1,-1,1,1,-1,-1,-1,1,-1,-1,1,-1,1,1,-1,1,1,-1,-1,1,1,-1,-1,1,1,-1,1,1,-1,1,1,-1,-1,-1,-1,1,-1,-1,-1,-1,1,-1,-1,1,1,-1,1,1,-1,1,1,1,1,-1,1,-1,1,1,1,1,-1,1,-1,-1,1,1,1,-1,1,-1,1,1,1,1,-1,1,-1,1,1,-1,-1,-1,1,-1,-1,1,1,-1,-1,-1,1,-1,1,-1,1,-1,1,-1,-1,1,-2670.0,1,2000,445,0,False
1189,1,1,-1,-1,1,1,-1,-1,1,1,1,-1,-1,1,1,1,-1,1,-1,-1,-1,-1,1,1,1,-1,-1,-1,1,1,1,1,1,-1,-1,-1,1,1,1,1,-1,-1,-1,1,1,1,1,-1,1,1,1,1,-1,1,-1,-1,1,-1,1,1,-1,-1,-1,-1,1,1,1,1,-1,-1,-1,1,1,1,1,-1,-1,-1,1,1,1,-1,-1,-1,1,1,1,1,-1,-1,-1,1,1,1,1,-1,-1,1,1,-1,1,1,-1,-1,1,1,1,1,1,-1,-1,1,1,1,1,1,-1,-1,1,1,1,1,1,1,-1,-1,1,1,-1,1,1,-1,1,1,1,1,1,1,-1,-1,1,1,1,1,1,-1,1,1,1,1,1,1,-1,-1,-1,1,1,1,1,-1,1,1,1,1,-1,1,-1,1,-1,1,1,1,-1,-1,1,1,1,1,1,-1,1,-1,-1,1,-1,1,-1,1,1,1,1,1,1,1,1,1,-1,1,-1,1,-1,1,1,-1,1,-1,1,1,-1,1,-1,1,-1,1,-1,1,1,-1,1,-1,1,1,1,1,-1,-1,1,1,-1,-1,1,-1,1,-1,-1,1,-1,1,-1,1,-1,1,-1,1,1,-1,-1,-1,1,1,-1,1,-1,1,1,1,-1,1,1,-1,1,-1,1,-1,1,-1,1,-1,1,1,-1,1,-1,-1,-1,1,1,-1,1,-1,-1,-1,1,1,-1,-1,1,1,-1,-1,1,1,-1,1,1,-1,1,1,1,1,-1,1,-1,1,1,-1,1,-1,1,1,-1,1,1,-1,-1,1,-1,-1,1,-1,-1,-1,1,1,-1,1,1,1,-1,1,-1,-1,1,1,1,-1,1,-1,1,1,1,1,-1,1,-1,1,1,1,-1,1,1,-1,-1,1,1,1,-1,1,-1,1,1,1,-1,1,1,-1,1,1,1,-1,1,-1,-1,1,1,1,1,1,-1,-1,-1,1,1,-1,1,-1,-1,1,-1,1,-1,1,1,-1,-1,1,1,1,1,1,-1,-1,1,1,-1,1,-1,-1,-1,-1,-1,-1,1,-1,-1,-1,1,1,-1,1,-1,-1,-1,1,1,1,1,1,-1,1,1,1,-1,1,-1,-1,-1,-1,1,1,1,1,-1,-1,1,1,1,1,-1,-1,1,-1,-1,1,-1,1,-1,-1,1,-1,1,1,-1,-1,1,1,-1,1,-1,1,-1,-1,1,-1,1,1,-1,-1,-1,1,-1,-1,1,1,-1,-1,1,-1,1,1,-1,1,-1,1,-1,-1,1,1,-1,-1,1,-1,1,1,-1,-1,1,1,-1,1,-1,1,-1,1,-1,-1,1,-1,1,-1,1,-1,-1,1,-1,-1,-1,1,-1,-1,1,1,1,-1,1,-1,-1,1,-1,-1,1,-1,1,-1,1,-1,1,-1,1,1,-1,-1,-1,1,-1,1,-1,-1,1,-1,1,1,1,1,-1,-1,1,1,-1,1,1,-1,-1,1,1,1,-1,1,1,-1,1,1,1,1,-1,1,1,-1,-1,-1,1,-1,1,1,-1,1,-1,1,-1,1,-1,-1,-1,1,1,-1,1,1,-1,-1,-1,1,-1,1,1,-1,1,-1,1,-1,-1,-1,-1,-1,-1,1,-1,-1,-1,-1,-1,-1,1,-1,1,1,1,1,-1,1,-1,1,1,-1,-1,-1,1,-1,-1,1,-1,1,-1,-1,1,1,1,1,-1,-1,1,1,1,1,-1,1,-1,-1,1,1,1,-1,-1,-1,1,1,1,1,-1,-1,-1,1,-1,1,-1,1,-1,-1,-1,1,1,1,-1,-1,-1,1,1,1,1,1,-1,-1,-1,1,1,1,1,-1,-1,-1,1,1,1,-1,-1,-1,1,1,1,1,1,-1,-1,-1,1,1,1,1,-1,-1,-1,1,1,-1,1,-1,-1,-1,1,1,1,1,-1,-1,1,1,1,1,-1,-1,1,1,-1,1,1,-1,-1,-1,1,1,1,1,1,-1,1,1,1,1,1,-1,-1,-1,1,-1,1,-1,-1,-1,-1,1,-1,1,1,1,-1,-1,1,-1,1,1,-1,-1,-1,1,1,1,1,-1,-1,-1,1,-1,1,1,-1,-1,-1,1,1,-1,-1,-1,-1,-1,1,-1,1,-1,-1,-1,-1,-1,-1,-1,1,-1,-1,-1,1,-1,-1,1,-1,-1,-1,-1,-1,1,1,-1,-1,-1,-1,-1,1,-1,-1,-1,1,-1,-1,1,-1,1,-1,-1,-1,-1,-1,-1,-1,1,-1,-1,-1,1,1,-1,-1,-1,1,-1,-1,-1,-1,-1,1,-1,-1,1,1,1,-1,-1,-1,-1,1,-1,1,1,-1,1,-1,-1,1,1,-1,-1,-1,-1,-1,-1,1,1,-1,-1,1,-1,1,1,-1,-1,-1,1,-1,1,1,-1,-1,1,-1,-1,1,1,1,-1,1,-1,1,1,1,-1,-1,1,-1,-1,1,1,1,-1,1,-1,-1,1,1,-1,1,1,-1,-1,1,1,1,1,1,-1,-1,1,1,1,1,1,-1,-1,1,1,1,1,1,1,-1,-1,1,1,-1,1,-1,-1,1,-1,1,1,1,1,-1,-1,1,-1,1,1,1,-1,1,1,1,1,-1,1,-1,1,1,1,1,1,1,1,-1,1,1,1,1,-1,1,-1,1,1,1,1,1,-1,1,1,1,1,-1,-1,1,-1,1,1,-1,1,1,-1,-1,1,1,1,-1,1,1,-1,1,1,1,-1,-1,1,-1,1,1,1,-1,1,-1,-1,-1,1,1,-1,-1,1,-1,-1,1,1,-1,-1,1,-1,-1,1,1,1,1,-1,-1,-1,1,1,-1,-1,1,1,-1,1,1,-1,1,1,-1,1,1,-1,-1,1,-1,-1,-1,1,1,-1,1,1,-1,1,1,-1,-1,-1,-1,1,-1,-1,-1,-1,1,-1,-1,1,1,-1,1,1,-1,1,1,1,1,-1,1,-1,1,1,1,1,-1,1,-1,-1,1,1,1,-1,1,-1,1,1,1,1,-1,1,-1,1,1,1,-1,-1,1,-1,-1,1,1,-1,-1,-1,1,-1,1,-1,1,-1,1,-1,-1,1,-2670.0,1,2000,445,0,False
1190,1,1,-1,-1,1,1,-1,-1,1,1,1,-1,-1,1,1,1,-1,1,-1,-1,-1,1,1,1,1,-1,-1,-1,1,1,1,1,1,-1,-1,-1,1,1,1,1,-1,-1,-1,1,1,1,1,-1,1,1,1,1,-1,1,-1,-1,1,-1,1,1,-1,-1,-1,1,1,1,1,1,-1,-1,1,1,1,1,1,-1,-1,-1,1,1,1,-1,-1,-1,1,1,1,1,-1,-1,1,1,1,1,1,-1,-1,-1,1,-1,1,1,-1,-1,1,1,1,1,1,-1,-1,-1,1,1,1,1,-1,-1,1,1,1,1,1,1,-1,-1,1,1,-1,1,1,-1,1,1,1,1,1,1,-1,1,1,1,1,1,1,-1,1,1,1,1,1,1,-1,-1,-1,1,1,1,1,-1,1,-1,1,1,-1,1,-1,1,-1,1,1,1,-1,-1,1,1,1,1,1,-1,1,-1,-1,1,-1,1,-1,1,1,1,1,1,1,1,1,1,-1,1,-1,1,-1,1,1,-1,1,-1,1,1,-1,1,-1,1,-1,1,-1,1,1,-1,1,-1,1,1,1,1,-1,-1,1,1,-1,-1,1,-1,1,-1,-1,1,-1,1,-1,1,-1,1,-1,1,1,-1,-1,-1,1,1,-1,1,-1,1,1,1,-1,1,1,-1,1,-1,1,-1,1,-1,1,-1,1,1,-1,1,-1,-1,-1,1,1,-1,1,-1,-1,-1,1,1,-1,-1,1,1,-1,-1,1,1,-1,1,1,-1,1,1,1,1,-1,1,-1,1,1,-1,1,-1,1,-1,1,1,1,1,1,1,-1,-1,1,-1,-1,1,1,1,-1,1,1,1,-1,1,1,1,1,1,1,1,1,-1,1,1,1,-1,1,1,-1,1,1,1,-1,1,1,-1,-1,1,1,1,-1,1,-1,1,1,1,-1,1,1,-1,1,1,1,-1,1,1,-1,1,1,1,-1,1,1,1,-1,1,1,-1,1,1,-1,1,-1,1,-1,1,1,1,-1,1,1,1,-1,1,1,-1,1,1,-1,1,1,1,-1,-1,-1,-1,1,1,1,-1,1,1,-1,1,1,-1,-1,1,1,1,1,1,-1,1,1,1,-1,1,1,1,1,-1,1,1,-1,-1,1,-1,1,-1,1,-1,1,1,-1,-1,-1,1,-1,-1,1,-1,1,-1,1,-1,1,1,1,-1,-1,1,-1,-1,1,-1,1,-1,1,-1,-1,1,1,1,-1,-1,1,-1,1,1,-1,-1,1,1,1,-1,1,-1,-1,1,-1,-1,1,1,-1,-1,1,-1,1,1,-1,1,-1,1,-1,1,1,-1,-1,1,1,-1,1,1,-1,-1,-1,1,-1,1,1,1,-1,1,-1,1,-1,1,-1,-1,-1,1,-1,1,1,1,-1,-1,1,-1,-1,1,-1,-1,-1,1,-1,1,1,-1,-1,-1,1,-1,-1,1,-1,-1,-1,-1,1,-1,1,-1,-1,1,-1,1,-1,-1,1,1,1,-1,1,-1,1,-1,1,1,1,-1,-1,1,1,-1,-1,1,1,-1,1,1,-1,1,1,1,-1,1,1,-1,-1,-1,1,-1,-1,1,-1,-1,1,1,-1,-1,1,-1,-1,1,1,1,-1,1,-1,-1,1,1,-1,-1,1,-1,-1,-1,1,1,-1,1,1,-1,-1,1,-1,-1,1,-1,1,-1,1,1,-1,-1,1,-1,-1,-1,-1,-1,1,1,1,-1,-1,1,-1,-1,1,-1,-1,1,-1,-1,1,1,-1,-1,1,-1,-1,1,1,-1,1,-1,1,-1,-1,1,1,-1,-1,-1,-1,-1,1,-1,-1,1,-1,-1,-1,1,1,-1,-1,-1,-1,-1,1,-1,-1,-1,-1,-1,1,1,1,-1,-1,-1,-1,-1,1,1,-1,-1,-1,-1,-1,1,1,1,-1,-1,-1,-1,1,1,-1,-1,-1,-1,1,1,1,1,1,-1,1,1,1,1,1,1,-1,-1,1,1,1,1,1,-1,1,1,1,1,-1,1,-1,-1,1,-1,1,-1,1,-1,-1,1,-1,1,-1,1,-1,-1,1,-1,1,-1,1,-1,-1,1,-1,1,1,1,-1,-1,1,-1,1,1,1,-1,-1,1,1,-1,1,1,-1,-1,1,-1,1,-1,1,-1,-1,-1,-1,-1,1,1,-1,-1,1,-1,-1,1,1,-1,-1,-1,-1,-1,-1,1,-1,-1,-1,-1,1,1,-1,-1,1,-1,-1,1,-1,1,-1,-1,-1,-1,-1,1,1,1,-1,-1,-1,1,1,1,-1,-1,1,-1,-1,-1,1,-1,1,-1,-1,1,1,1,-1,-1,-1,-1,1,-1,1,1,-1,1,-1,-1,1,1,-1,-1,-1,-1,-1,-1,1,1,-1,-1,1,-1,1,1,-1,-1,-1,1,-1,1,1,-1,-1,1,-1,-1,1,1,1,-1,1,-1,1,1,1,-1,-1,1,-1,-1,1,1,1,-1,1,-1,-1,1,1,-1,1,1,-1,-1,1,1,1,1,1,-1,-1,1,1,1,1,1,-1,-1,1,1,1,1,1,1,-1,1,1,1,-1,1,-1,-1,1,-1,1,1,1,1,-1,-1,1,-1,1,1,1,-1,1,1,1,1,-1,1,-1,1,1,1,1,1,1,1,-1,-1,1,1,1,-1,1,-1,1,1,1,1,1,-1,1,1,1,1,-1,1,1,-1,1,1,-1,1,1,-1,-1,1,1,1,1,-1,1,-1,1,1,1,-1,-1,1,-1,1,1,1,-1,1,-1,-1,-1,1,1,-1,-1,1,-1,-1,1,1,1,-1,1,-1,1,1,1,1,1,-1,-1,-1,1,1,-1,-1,-1,1,1,1,1,-1,1,1,-1,1,1,-1,-1,1,1,-1,-1,1,1,-1,1,1,1,1,1,-1,-1,-1,-1,-1,-1,-1,-1,-1,-1,1,1,1,1,-1,1,1,-1,1,1,1,1,-1,1,-1,1,1,1,-1,-1,1,-1,1,1,1,-1,-1,1,-1,1,1,1,-1,-1,1,-1,1,1,1,1,-1,1,-1,1,1,1,1,-1,-1,1,-1,1,-1,1,-1,1,-1,1,1,-2670.0,1,2000,445,0,False
1191,1,1,-1,-1,1,1,-1,-1,1,1,1,-1,-1,1,1,1,-1,1,-1,-1,1,-1,1,1,1,1,-1,-1,1,1,1,1,-1,-1,-1,-1,1,1,1,1,-1,-1,-1,1,1,1,1,-1,1,1,1,1,-1,1,-1,-1,1,-1,1,1,1,-1,-1,-1,1,1,1,1,-1,-1,-1,1,1,1,1,-1,-1,-1,1,1,1,-1,-1,-1,1,1,1,1,-1,-1,-1,1,1,1,1,-1,-1,1,1,-1,1,1,-1,-1,1,1,1,1,1,-1,-1,1,1,1,1,1,-1,-1,1,1,1,1,1,1,-1,1,1,1,-1,1,1,-1,1,1,1,1,1,1,-1,-1,1,1,1,1,1,-1,1,1,1,1,1,1,-1,-1,-1,1,1,1,1,-1,1,1,1,1,-1,1,-1,1,1,1,1,1,-1,-1,1,1,1,1,1,-1,1,-1,-1,1,-1,1,-1,1,1,1,1,1,1,1,1,1,-1,1,-1,1,-1,1,1,-1,1,-1,1,1,-1,1,-1,1,-1,1,-1,1,1,-1,1,-1,1,1,1,1,-1,-1,1,1,-1,-1,1,-1,1,-1,-1,1,-1,1,-1,1,-1,1,-1,1,1,-1,-1,-1,1,1,-1,1,-1,1,1,1,-1,1,1,-1,1,-1,1,-1,1,-1,1,-1,1,1,-1,1,-1,-1,-1,1,1,-1,1,-1,-1,-1,1,1,-1,-1,1,1,-1,-1,1,1,-1,1,1,-1,1,1,1,1,-1,1,-1,1,1,-1,1,-1,1,1,-1,1,1,1,1,1,-1,-1,1,-1,-1,-1,1,1,-1,1,1,1,-1,1,-1,-1,1,1,1,1,1,-1,1,1,1,-1,-1,1,-1,1,1,1,-1,1,1,-1,-1,1,1,1,-1,1,-1,1,1,1,-1,1,1,-1,1,1,1,-1,1,-1,-1,1,1,1,-1,1,-1,-1,-1,1,1,-1,1,-1,-1,1,-1,1,-1,1,1,-1,-1,1,1,1,-1,1,-1,-1,1,1,-1,1,-1,-1,-1,-1,-1,-1,1,1,-1,-1,1,1,-1,1,-1,1,-1,1,1,1,1,-1,-1,1,1,1,-1,1,-1,-1,-1,-1,1,1,1,1,-1,-1,1,1,1,1,-1,-1,1,-1,-1,1,-1,1,-1,-1,1,-1,1,1,-1,-1,1,1,-1,1,-1,1,-1,-1,1,-1,1,1,-1,-1,-1,1,-1,-1,1,1,-1,-1,1,-1,1,1,-1,1,-1,1,-1,-1,1,1,-1,-1,1,-1,1,1,-1,-1,1,1,-1,1,-1,1,-1,1,-1,1,1,-1,1,-1,1,-1,-1,1,-1,-1,-1,1,-1,-1,1,1,1,-1,1,-1,-1,1,-1,-1,1,-1,1,-1,1,1,1,-1,1,1,-1,1,-1,1,-1,1,-1,-1,1,-1,1,1,1,1,-1,-1,1,1,-1,1,1,-1,1,1,1,1,-1,1,1,-1,1,1,1,1,-1,1,1,-1,-1,-1,1,-1,-1,1,-1,1,-1,1,-1,1,-1,-1,-1,1,1,-1,1,1,-1,-1,1,1,-1,1,1,-1,1,-1,1,-1,-1,-1,-1,-1,-1,1,-1,-1,-1,-1,-1,-1,1,-1,1,1,1,1,-1,1,-1,1,1,-1,-1,-1,1,-1,-1,1,-1,1,-1,-1,1,1,1,1,-1,-1,-1,1,1,1,-1,1,-1,1,1,1,1,-1,-1,-1,1,1,1,1,-1,-1,-1,1,-1,1,-1,1,-1,-1,-1,1,1,1,-1,-1,-1,-1,1,1,1,1,-1,-1,-1,1,1,1,1,-1,-1,-1,1,-1,1,-1,-1,-1,1,1,1,1,1,-1,-1,-1,1,1,1,1,-1,-1,-1,1,1,-1,1,-1,-1,-1,1,1,1,1,-1,-1,1,1,1,1,-1,-1,1,1,-1,1,1,-1,-1,-1,1,1,1,1,1,-1,1,1,1,1,1,-1,-1,-1,1,-1,1,-1,-1,-1,-1,1,-1,1,1,1,-1,-1,1,-1,1,1,-1,-1,-1,1,1,1,1,-1,-1,-1,1,-1,1,1,-1,-1,-1,1,1,-1,-1,-1,-1,-1,1,-1,1,-1,-1,-1,-1,-1,-1,-1,1,-1,-1,-1,1,-1,-1,1,-1,-1,-1,-1,-1,1,1,-1,-1,-1,-1,-1,1,-1,-1,-1,1,-1,-1,1,-1,1,-1,-1,-1,-1,-1,-1,-1,1,-1,-1,-1,1,1,-1,-1,-1,1,-1,-1,-1,-1,-1,1,-1,-1,1,1,1,-1,-1,-1,-1,1,-1,1,1,-1,1,-1,-1,1,1,-1,-1,-1,-1,-1,-1,1,1,-1,-1,1,-1,1,1,-1,-1,-1,1,-1,1,1,-1,-1,1,-1,-1,1,1,1,-1,1,-1,1,1,1,-1,-1,1,-1,-1,1,1,1,-1,1,-1,-1,1,1,-1,1,1,-1,-1,1,1,-1,1,1,-1,-1,1,1,-1,1,1,-1,-1,1,1,1,1,1,1,-1,-1,1,1,1,1,-1,-1,1,-1,1,1,1,1,-1,-1,1,-1,1,1,1,-1,1,-1,1,1,-1,1,-1,1,1,1,1,1,1,1,-1,-1,1,1,1,-1,1,-1,1,1,1,1,1,-1,1,-1,1,1,-1,1,1,-1,-1,1,-1,1,1,-1,-1,1,1,1,1,-1,1,-1,-1,1,1,-1,-1,1,-1,1,1,1,-1,1,-1,-1,-1,1,1,-1,-1,1,-1,-1,1,1,1,-1,1,-1,-1,1,1,1,-1,1,-1,-1,1,1,-1,-1,-1,1,-1,1,1,-1,1,1,-1,1,1,-1,-1,1,1,-1,-1,1,1,-1,1,1,-1,1,1,-1,-1,1,-1,1,-1,-1,-1,-1,1,-1,-1,1,1,-1,1,1,-1,1,1,1,1,-1,1,-1,1,1,1,1,-1,1,-1,-1,1,1,1,-1,1,-1,1,1,1,1,-1,1,-1,1,1,-1,-1,-1,1,-1,-1,1,1,-1,-1,-1,1,-1,1,-1,1,-1,1,-1,-1,1,-2670.0,1,2000,445,0,False
1192,1,1,-1,-1,1,-1,-1,-1,1,1,1,-1,1,1,1,1,-1,1,-1,-1,-1,1,1,1,1,-1,-1,-1,1,1,1,1,-1,-1,-1,-1,1,-1,1,1,-1,-1,1,1,1,1,1,-1,1,1,1,1,-1,1,-1,-1,1,-1,1,1,1,-1,-1,1,1,1,1,1,-1,-1,1,1,1,1,1,-1,-1,-1,1,1,1,-1,-1,-1,1,1,1,1,-1,-1,-1,1,1,1,1,-1,-1,1,1,-1,1,1,-1,-1,1,1,1,1,1,-1,-1,1,1,-1,1,1,-1,-1,1,1,1,1,1,1,-1,-1,1,1,-1,1,1,-1,1,1,1,1,1,1,-1,-1,1,1,1,1,1,-1,1,1,1,1,1,1,-1,-1,-1,1,1,1,1,-1,1,1,1,1,-1,1,-1,1,-1,1,1,1,-1,-1,1,1,1,1,1,-1,1,-1,-1,1,-1,1,-1,1,1,1,1,1,1,1,1,1,-1,1,-1,1,-1,1,1,-1,1,-1,1,1,-1,1,-1,1,-1,1,-1,1,1,-1,1,-1,1,1,1,1,-1,-1,1,1,-1,-1,1,-1,1,-1,-1,1,-1,1,-1,1,-1,1,-1,-1,1,-1,-1,-1,1,1,-1,1,-1,1,1,1,-1,1,1,-1,1,-1,1,-1,1,-1,1,-1,1,1,-1,1,-1,-1,-1,1,1,-1,1,-1,-1,-1,1,1,-1,-1,1,1,-1,-1,1,1,-1,1,1,-1,1,1,1,1,-1,1,-1,1,1,-1,1,-1,1,-1,1,1,1,1,1,1,-1,-1,1,-1,-1,-1,1,1,-1,1,1,1,-1,1,1,1,1,1,1,-1,1,-1,1,1,1,-1,1,1,-1,1,1,1,-1,1,1,-1,-1,1,1,1,-1,1,-1,1,1,1,-1,1,1,-1,1,1,1,-1,1,1,-1,1,1,1,-1,1,1,1,-1,1,1,1,1,1,-1,1,-1,1,-1,1,1,1,-1,1,1,1,-1,1,1,-1,1,1,-1,1,1,1,-1,-1,-1,-1,1,1,1,-1,1,1,-1,1,1,-1,-1,1,1,-1,1,1,-1,1,1,-1,1,1,1,1,1,-1,1,-1,-1,-1,1,-1,1,-1,-1,1,1,1,-1,-1,-1,1,-1,-1,1,-1,1,-1,-1,1,1,1,1,-1,-1,1,-1,-1,1,-1,1,-1,-1,-1,1,1,1,1,-1,-1,1,-1,1,1,-1,-1,1,-1,1,-1,1,-1,-1,-1,1,-1,1,1,-1,-1,-1,-1,1,1,-1,1,-1,-1,1,-1,1,-1,-1,1,-1,1,1,1,-1,-1,-1,-1,-1,1,1,1,-1,1,-1,1,-1,1,-1,-1,-1,1,-1,1,1,1,-1,-1,1,-1,-1,1,-1,-1,-1,-1,-1,-1,1,-1,-1,-1,1,-1,-1,1,-1,-1,-1,-1,-1,-1,1,-1,-1,1,-1,1,-1,-1,1,1,1,-1,1,-1,1,-1,1,-1,1,-1,-1,-1,1,-1,-1,-1,1,-1,1,1,-1,1,1,1,-1,1,1,-1,1,-1,1,1,-1,1,-1,-1,1,1,-1,-1,1,-1,-1,1,1,1,-1,1,-1,-1,1,1,-1,-1,1,-1,-1,-1,1,1,-1,1,1,-1,-1,1,-1,-1,1,-1,1,-1,1,1,-1,-1,1,-1,-1,-1,-1,-1,1,1,1,-1,-1,1,-1,-1,1,-1,-1,1,-1,-1,1,1,-1,-1,1,1,-1,1,1,-1,1,-1,1,-1,-1,1,1,-1,-1,-1,-1,-1,1,-1,-1,1,-1,-1,-1,1,1,-1,-1,-1,-1,-1,1,-1,-1,-1,-1,-1,1,1,1,-1,-1,-1,-1,-1,1,1,-1,-1,-1,-1,-1,1,1,1,-1,-1,-1,-1,1,1,-1,-1,-1,-1,1,1,1,1,1,-1,1,1,1,1,1,1,-1,-1,1,1,1,1,-1,-1,1,1,1,1,-1,1,-1,-1,1,-1,1,-1,1,-1,-1,1,-1,1,-1,1,-1,-1,1,-1,1,-1,1,1,-1,1,-1,1,1,1,1,-1,1,-1,1,1,1,-1,-1,1,1,-1,1,1,-1,-1,1,-1,1,-1,1,-1,-1,-1,-1,-1,1,1,-1,-1,1,-1,-1,1,1,-1,-1,-1,-1,1,-1,1,-1,-1,-1,-1,1,1,-1,-1,1,-1,-1,1,-1,1,-1,-1,-1,-1,-1,1,1,1,-1,-1,-1,1,1,1,-1,-1,1,1,-1,-1,1,-1,1,-1,-1,1,1,1,-1,-1,-1,-1,1,-1,1,1,-1,1,-1,-1,1,1,-1,-1,-1,-1,-1,-1,1,1,-1,-1,1,-1,1,1,-1,-1,-1,1,-1,1,1,-1,-1,1,-1,-1,1,1,1,-1,1,-1,1,1,1,-1,-1,1,-1,-1,1,1,1,-1,1,-1,-1,1,1,-1,1,1,-1,-1,1,1,-1,1,1,-1,-1,1,1,-1,1,1,-1,-1,1,1,1,1,-1,1,-1,1,1,1,1,1,-1,-1,1,-1,1,1,1,1,-1,1,1,-1,1,1,1,-1,1,1,1,1,-1,1,-1,1,1,1,1,1,1,1,-1,1,1,1,1,-1,1,-1,1,1,1,1,1,1,1,1,1,1,-1,1,-1,1,1,1,-1,1,1,1,1,1,1,1,1,-1,1,1,1,1,1,-1,-1,1,-1,1,1,1,-1,1,-1,1,1,1,1,-1,-1,1,1,-1,1,1,-1,-1,1,1,-1,1,1,1,-1,1,-1,1,1,1,-1,-1,-1,-1,1,-1,1,-1,1,1,1,1,1,-1,-1,1,1,1,1,1,1,-1,1,-1,1,1,1,-1,-1,-1,-1,-1,-1,-1,-1,-1,1,-1,1,1,1,-1,1,1,-1,-1,1,1,1,-1,1,-1,1,1,1,1,-1,1,-1,1,1,1,1,-1,1,-1,1,1,1,1,-1,1,-1,1,-1,1,-1,-1,1,-1,-1,1,1,-1,-1,-1,-1,1,1,-1,1,-1,1,-1,-1,1,-2670.0,1,2000,445,0,False
1193,1,1,-1,-1,1,-1,1,-1,1,1,1,-1,1,1,1,1,-1,1,-1,-1,1,-1,1,1,1,-1,-1,-1,1,1,1,1,1,-1,-1,-1,1,1,1,1,-1,-1,-1,1,1,1,1,-1,1,1,1,1,-1,1,-1,-1,1,-1,1,1,1,-1,-1,-1,1,1,1,1,-1,-1,-1,1,1,1,1,-1,-1,-1,1,1,1,-1,-1,-1,1,1,1,1,-1,-1,-1,1,1,1,1,-1,-1,1,1,-1,1,1,-1,-1,1,1,1,1,1,-1,-1,1,1,-1,1,1,-1,-1,1,1,1,1,1,1,-1,1,1,1,-1,1,1,-1,1,1,1,1,1,1,-1,-1,1,1,1,1,1,-1,1,1,1,1,1,1,-1,-1,-1,1,1,1,1,-1,1,1,1,1,-1,1,-1,1,-1,1,1,1,-1,-1,1,1,1,1,1,-1,1,-1,-1,1,-1,1,-1,1,1,1,1,1,1,1,1,1,-1,1,-1,1,-1,1,1,-1,1,-1,1,1,-1,1,-1,1,-1,1,-1,1,1,-1,1,-1,1,1,1,1,-1,-1,1,1,-1,-1,1,-1,1,-1,-1,1,-1,1,-1,1,-1,1,-1,1,1,-1,-1,-1,1,1,-1,1,-1,1,1,1,-1,1,1,-1,1,-1,1,-1,1,-1,1,-1,1,1,-1,1,-1,-1,-1,1,1,-1,1,-1,-1,-1,1,1,-1,-1,1,1,-1,-1,1,1,-1,1,1,-1,1,1,1,1,-1,1,-1,1,1,-1,1,-1,1,1,-1,1,1,-1,-1,1,-1,-1,1,-1,-1,-1,1,1,-1,1,1,1,-1,1,-1,-1,1,1,1,-1,1,-1,1,1,1,1,-1,1,-1,1,1,1,-1,1,1,-1,-1,1,1,1,-1,1,-1,1,1,1,-1,1,1,-1,1,1,1,-1,1,-1,-1,1,1,1,1,1,-1,-1,-1,1,1,-1,1,-1,-1,1,-1,1,-1,1,1,-1,-1,1,1,1,1,1,-1,-1,1,1,-1,1,-1,-1,-1,-1,-1,-1,1,1,-1,-1,1,1,-1,1,-1,-1,-1,1,1,1,1,1,-1,1,1,1,-1,1,-1,-1,-1,-1,1,1,1,1,-1,-1,1,1,1,1,-1,-1,1,-1,-1,1,-1,1,-1,-1,1,-1,1,1,-1,-1,1,1,-1,1,-1,1,-1,-1,1,-1,1,1,-1,-1,-1,1,-1,-1,1,1,-1,-1,1,-1,1,1,-1,1,-1,1,-1,-1,1,1,-1,-1,1,-1,1,1,-1,-1,1,1,-1,1,-1,1,-1,1,-1,-1,1,-1,1,-1,1,-1,-1,1,-1,-1,-1,1,-1,-1,1,-1,1,-1,1,-1,-1,1,-1,-1,1,-1,1,-1,1,1,1,-1,1,1,-1,-1,1,1,-1,1,-1,-1,1,1,1,1,1,1,-1,-1,1,1,-1,1,1,-1,-1,1,1,1,-1,1,1,-1,1,1,1,1,1,-1,1,-1,-1,-1,1,-1,-1,1,1,1,-1,1,-1,1,-1,-1,-1,1,1,-1,1,1,-1,-1,-1,1,-1,1,1,-1,1,-1,1,-1,-1,-1,-1,-1,-1,1,-1,-1,-1,-1,-1,-1,1,-1,1,1,1,1,-1,1,-1,1,1,-1,-1,-1,1,-1,-1,1,-1,1,-1,-1,1,1,1,1,-1,-1,1,1,1,1,-1,1,-1,-1,1,1,1,-1,-1,-1,1,1,1,1,-1,1,-1,1,-1,1,-1,1,1,-1,-1,1,1,1,-1,-1,-1,-1,1,1,1,1,-1,-1,-1,1,1,1,1,-1,-1,-1,1,1,1,-1,-1,-1,1,1,1,1,1,-1,-1,-1,1,1,1,1,-1,-1,-1,1,1,-1,1,-1,-1,-1,1,1,1,1,-1,-1,1,1,1,1,-1,-1,1,1,-1,1,1,-1,-1,-1,1,1,1,1,1,-1,1,1,1,1,1,-1,-1,-1,1,-1,1,-1,-1,-1,-1,1,-1,1,1,1,-1,-1,1,-1,1,1,-1,-1,-1,1,1,1,1,-1,-1,-1,1,-1,1,1,-1,-1,-1,1,1,-1,-1,-1,-1,-1,1,-1,1,-1,-1,-1,-1,-1,-1,-1,1,-1,-1,-1,1,-1,-1,1,-1,-1,-1,-1,-1,-1,1,-1,-1,-1,-1,-1,1,-1,-1,-1,1,-1,-1,1,-1,1,-1,-1,-1,-1,-1,-1,-1,1,-1,-1,-1,1,1,-1,-1,-1,1,-1,-1,-1,-1,-1,1,-1,-1,1,1,1,-1,-1,-1,-1,1,-1,1,1,-1,1,-1,-1,1,1,-1,-1,-1,-1,-1,-1,1,1,-1,-1,1,-1,1,1,-1,-1,-1,1,-1,1,1,-1,-1,1,-1,-1,1,1,1,-1,1,-1,1,1,1,-1,-1,1,-1,-1,1,1,1,-1,1,-1,-1,1,1,-1,1,1,-1,-1,1,1,-1,1,1,-1,-1,1,1,1,1,1,-1,-1,1,1,1,1,1,1,-1,-1,1,1,-1,1,-1,-1,1,-1,1,1,1,1,-1,-1,1,-1,1,1,1,-1,1,1,1,1,-1,1,-1,1,1,1,1,1,1,1,-1,1,1,1,1,-1,1,-1,1,1,1,1,1,-1,1,1,1,1,-1,-1,1,-1,1,1,-1,1,1,-1,-1,1,1,1,-1,1,1,-1,1,1,1,-1,-1,1,-1,1,1,1,-1,1,-1,-1,-1,1,1,-1,-1,1,-1,-1,1,1,1,-1,1,-1,-1,1,1,1,1,-1,-1,-1,1,1,-1,-1,1,1,-1,-1,1,-1,1,1,-1,1,1,-1,-1,1,-1,-1,-1,1,1,-1,1,1,-1,1,1,-1,-1,-1,-1,1,-1,-1,-1,-1,1,-1,-1,1,1,-1,1,1,-1,1,1,1,1,-1,1,-1,1,1,1,1,-1,1,-1,-1,-1,1,1,-1,1,-1,1,1,1,1,-1,1,-1,1,1,-1,-1,-1,1,-1,-1,1,1,-1,-1,-1,1,-1,1,-1,1,-1,1,-1,-1,1,-2670.0,1,2000,445,0,False
1194,1,1,-1,-1,1,-1,-1,-1,1,1,1,-1,1,1,1,1,-1,1,-1,-1,-1,-1,1,1,1,1,-1,-1,1,1,1,1,-1,-1,-1,-1,1,1,1,1,-1,-1,-1,1,1,1,1,-1,1,1,1,1,-1,1,-1,-1,1,-1,1,1,1,-1,-1,-1,1,1,1,1,-1,-1,-1,1,1,1,1,-1,-1,-1,1,1,1,-1,-1,-1,1,1,1,1,-1,-1,-1,1,1,1,1,-1,-1,1,1,-1,1,1,-1,-1,1,1,1,1,1,-1,-1,1,1,-1,1,1,-1,-1,1,1,1,1,1,1,-1,-1,1,1,-1,1,1,-1,1,1,1,1,1,1,-1,-1,1,1,1,1,1,-1,1,1,1,1,1,1,-1,-1,-1,1,1,1,1,-1,1,1,1,1,-1,1,-1,1,-1,1,1,1,-1,-1,1,1,1,1,1,-1,1,-1,-1,1,-1,1,-1,1,1,1,1,1,1,1,1,1,-1,1,-1,1,-1,1,1,-1,1,-1,1,1,-1,1,-1,1,-1,1,-1,1,1,-1,-1,-1,1,1,1,1,-1,-1,1,1,-1,-1,1,-1,1,-1,-1,1,-1,1,-1,1,-1,1,-1,1,1,-1,1,-1,1,1,-1,1,-1,1,1,1,-1,1,1,-1,1,-1,1,-1,1,-1,1,-1,1,1,-1,1,-1,-1,-1,1,1,-1,1,-1,-1,-1,1,1,-1,-1,1,1,-1,-1,1,1,-1,1,1,-1,1,1,1,1,-1,1,-1,1,1,-1,1,-1,1,1,1,1,1,-1,-1,1,-1,-1,1,-1,-1,-1,1,1,-1,1,1,1,-1,1,1,1,1,1,1,-1,1,-1,1,1,1,1,-1,1,-1,1,1,1,-1,1,1,-1,-1,1,1,1,-1,1,-1,1,1,1,-1,1,1,-1,1,1,1,-1,1,1,-1,1,1,1,1,1,1,-1,-1,1,1,-1,1,1,-1,1,-1,1,-1,1,1,1,-1,1,1,1,1,1,1,-1,1,1,-1,1,-1,1,-1,-1,-1,-1,1,1,1,-1,1,1,-1,1,1,-1,-1,1,1,1,1,1,-1,1,1,1,-1,1,1,1,-1,-1,1,1,1,-1,1,-1,1,1,1,1,1,1,-1,-1,-1,1,-1,-1,1,1,-1,1,1,1,1,1,1,1,-1,1,-1,-1,1,-1,1,-1,1,1,1,1,1,1,-1,-1,1,-1,1,1,1,-1,1,1,1,-1,1,1,-1,-1,1,-1,1,1,1,-1,1,1,1,1,1,1,-1,1,-1,1,1,1,-1,-1,1,-1,-1,1,1,-1,-1,1,-1,1,1,1,-1,-1,1,1,-1,1,1,-1,-1,1,-1,1,1,1,1,-1,1,-1,-1,-1,1,1,-1,-1,-1,1,-1,1,-1,-1,1,-1,-1,1,-1,1,-1,-1,1,-1,1,-1,1,-1,-1,1,-1,-1,1,1,1,-1,1,-1,1,-1,-1,-1,1,-1,-1,-1,1,-1,-1,1,1,1,-1,1,-1,1,1,1,-1,1,1,-1,1,-1,1,-1,-1,1,-1,-1,1,1,1,-1,1,-1,-1,1,1,-1,-1,1,-1,-1,1,1,-1,-1,1,-1,-1,-1,1,1,-1,1,-1,-1,-1,1,-1,-1,1,-1,1,-1,1,1,-1,-1,1,-1,-1,-1,-1,-1,1,1,1,-1,1,1,-1,-1,1,-1,1,-1,-1,-1,-1,1,-1,-1,-1,1,-1,1,1,-1,1,1,1,-1,-1,1,1,-1,-1,-1,-1,1,1,-1,-1,1,-1,-1,-1,1,1,-1,-1,-1,-1,-1,1,-1,-1,1,-1,-1,-1,1,1,-1,1,-1,-1,1,1,1,-1,-1,-1,-1,-1,1,1,1,-1,-1,-1,-1,1,1,-1,-1,-1,-1,1,1,1,1,-1,-1,1,1,1,1,1,-1,-1,-1,1,1,1,1,1,-1,1,1,1,1,-1,1,-1,-1,1,-1,1,-1,1,-1,-1,1,-1,1,-1,-1,-1,-1,1,-1,1,-1,1,-1,-1,1,-1,1,-1,1,-1,-1,1,-1,1,-1,-1,-1,-1,1,1,-1,-1,-1,-1,-1,1,-1,1,-1,-1,-1,-1,-1,-1,-1,1,-1,-1,-1,1,-1,-1,1,-1,-1,-1,-1,-1,-1,1,-1,-1,-1,-1,-1,1,-1,-1,-1,1,-1,-1,1,-1,1,-1,-1,-1,-1,-1,-1,-1,1,-1,-1,-1,1,1,-1,-1,-1,1,-1,-1,-1,-1,-1,1,-1,-1,1,-1,1,-1,-1,-1,-1,1,-1,1,1,-1,1,-1,-1,1,1,-1,-1,-1,-1,-1,-1,1,1,-1,-1,1,-1,1,1,-1,-1,-1,1,-1,1,1,-1,-1,1,-1,-1,1,1,1,-1,1,-1,1,1,1,-1,-1,1,-1,-1,1,1,1,-1,1,-1,-1,1,1,-1,1,1,-1,-1,1,1,-1,1,1,-1,-1,1,1,-1,1,1,-1,-1,1,1,1,1,1,1,-1,-1,1,1,1,1,-1,-1,1,-1,1,1,1,1,-1,-1,1,-1,1,1,1,-1,1,1,1,1,-1,1,-1,1,1,1,1,1,1,1,-1,1,1,1,1,-1,1,-1,1,1,1,1,1,-1,1,1,1,1,-1,-1,1,-1,1,1,-1,1,1,-1,-1,1,1,1,-1,1,1,-1,1,1,1,-1,-1,1,-1,1,1,1,-1,1,-1,-1,-1,1,1,-1,-1,1,-1,-1,1,1,1,-1,1,-1,-1,1,1,1,1,-1,-1,-1,1,1,-1,-1,1,1,-1,-1,1,-1,1,1,-1,1,1,-1,-1,1,-1,-1,-1,1,1,-1,1,1,-1,1,1,-1,-1,-1,-1,1,-1,-1,-1,-1,1,-1,-1,1,1,-1,1,1,-1,1,1,1,1,-1,1,-1,1,1,1,1,-1,1,-1,-1,1,1,1,-1,1,-1,1,1,1,1,-1,1,-1,1,1,1,-1,-1,1,-1,-1,1,1,-1,-1,-1,1,-1,1,-1,1,-1,1,-1,-1,1,-2670.0,1,2000,445,0,False
1195,1,1,-1,-1,1,-1,-1,-1,1,1,1,-1,1,1,1,1,-1,1,-1,-1,-1,-1,1,1,1,-1,-1,-1,1,1,1,1,1,-1,-1,-1,1,1,1,1,-1,-1,-1,1,1,1,-1,-1,1,1,1,1,-1,1,-1,-1,1,-1,1,1,-1,-1,-1,-1,1,1,1,-1,-1,-1,-1,1,1,1,1,-1,-1,-1,1,1,1,-1,-1,-1,1,1,1,1,-1,-1,1,1,1,1,1,-1,-1,-1,1,-1,1,1,-1,-1,1,1,1,1,1,-1,-1,-1,1,1,1,1,-1,-1,1,1,1,1,1,1,-1,-1,1,1,-1,1,1,-1,1,1,1,1,1,1,-1,1,1,1,1,1,1,-1,1,1,1,1,1,1,-1,-1,-1,1,1,1,1,-1,1,1,1,1,-1,1,-1,1,-1,1,1,1,-1,-1,1,1,1,1,1,-1,1,-1,-1,1,-1,1,-1,1,1,1,1,1,1,-1,1,1,1,1,-1,1,1,-1,1,-1,1,-1,1,-1,-1,1,-1,1,-1,1,-1,-1,1,-1,1,-1,1,1,1,1,-1,-1,1,1,-1,-1,1,-1,1,-1,-1,1,-1,1,-1,1,-1,1,-1,1,1,-1,-1,-1,1,-1,1,1,-1,1,1,1,1,1,1,-1,1,-1,-1,1,-1,-1,1,-1,1,-1,1,1,-1,-1,-1,1,1,1,1,-1,-1,-1,1,1,-1,1,1,1,-1,-1,1,1,1,1,1,-1,1,1,-1,1,-1,1,-1,1,1,1,1,-1,1,1,-1,1,1,1,1,1,-1,-1,1,-1,1,-1,1,1,-1,1,1,1,-1,1,-1,-1,1,1,-1,1,1,-1,1,1,1,-1,1,1,-1,1,1,-1,1,-1,1,-1,-1,1,-1,1,-1,1,-1,1,1,1,-1,1,1,-1,1,1,1,-1,1,-1,-1,1,1,1,1,1,-1,-1,-1,1,1,1,1,-1,-1,1,-1,1,-1,1,1,-1,-1,1,1,-1,-1,1,-1,-1,1,1,-1,1,-1,-1,-1,-1,-1,-1,1,1,-1,-1,1,1,-1,1,-1,-1,-1,1,1,-1,1,-1,-1,1,1,-1,1,1,-1,-1,-1,-1,1,-1,-1,1,-1,-1,1,-1,-1,1,-1,-1,1,-1,-1,1,-1,1,-1,-1,1,-1,-1,1,-1,-1,1,1,-1,1,-1,1,-1,-1,1,-1,-1,-1,-1,-1,-1,1,-1,-1,1,1,-1,-1,1,-1,1,-1,-1,1,-1,1,-1,-1,1,1,-1,-1,1,-1,-1,-1,-1,-1,1,1,-1,-1,1,1,-1,1,-1,1,-1,1,1,-1,1,-1,-1,-1,-1,-1,-1,1,-1,1,-1,1,1,-1,1,-1,-1,1,-1,-1,1,-1,1,-1,1,-1,1,-1,1,1,-1,-1,-1,1,-1,1,-1,-1,1,-1,1,1,1,1,-1,-1,-1,1,-1,1,1,-1,-1,1,1,1,-1,1,1,-1,1,1,1,1,-1,-1,1,-1,-1,-1,1,-1,-1,1,-1,1,-1,1,-1,1,-1,-1,-1,1,1,-1,1,1,-1,-1,-1,1,-1,1,1,-1,1,-1,1,-1,-1,-1,-1,-1,-1,1,-1,-1,-1,-1,-1,-1,1,-1,1,1,1,1,-1,1,-1,1,1,-1,-1,-1,1,-1,-1,1,-1,1,-1,-1,1,1,1,1,-1,-1,1,1,1,1,-1,1,-1,-1,1,1,1,-1,-1,-1,1,1,1,1,-1,-1,-1,1,-1,1,-1,1,1,-1,-1,1,1,1,-1,-1,-1,-1,1,1,1,1,-1,-1,-1,1,1,1,1,-1,-1,-1,1,1,1,-1,-1,-1,1,1,1,1,1,-1,-1,-1,1,1,1,1,-1,-1,-1,1,1,-1,1,-1,-1,-1,1,1,1,1,-1,-1,1,1,1,1,-1,-1,1,1,-1,1,1,-1,-1,-1,1,1,1,1,1,-1,1,1,1,1,1,-1,-1,-1,1,-1,1,-1,-1,-1,-1,1,-1,1,1,1,-1,-1,1,-1,1,1,-1,-1,-1,1,1,1,1,-1,-1,-1,1,-1,1,1,-1,-1,-1,1,1,-1,-1,-1,-1,-1,1,-1,1,-1,-1,-1,-1,-1,-1,-1,1,-1,-1,-1,1,-1,-1,1,-1,-1,-1,-1,-1,1,1,-1,-1,-1,-1,-1,1,-1,-1,-1,1,-1,-1,1,-1,1,-1,-1,-1,-1,-1,-1,-1,1,-1,-1,-1,1,1,1,-1,-1,1,-1,-1,-1,-1,-1,1,-1,-1,1,1,1,-1,-1,-1,-1,1,-1,1,1,-1,1,-1,-1,1,1,-1,-1,-1,-1,-1,-1,1,1,-1,-1,1,-1,1,1,-1,-1,-1,1,-1,1,1,-1,-1,1,1,-1,1,1,1,-1,1,-1,1,1,1,-1,-1,1,-1,-1,1,1,1,1,-1,1,-1,1,1,1,-1,1,-1,-1,1,1,1,1,-1,1,-1,1,1,1,1,1,-1,-1,1,1,1,1,1,-1,-1,1,1,1,1,-1,-1,-1,1,-1,1,1,1,-1,1,1,1,-1,1,1,-1,-1,1,1,1,1,1,-1,1,1,1,1,1,1,-1,1,-1,1,1,1,1,-1,1,-1,1,1,1,-1,-1,1,1,1,1,1,-1,-1,1,1,1,1,-1,1,-1,1,1,1,1,1,1,-1,1,1,1,1,1,1,-1,1,-1,1,1,1,-1,1,-1,1,1,1,1,-1,1,1,1,-1,1,1,1,-1,1,1,-1,1,1,1,-1,-1,-1,1,1,1,-1,-1,-1,-1,1,-1,1,-1,1,1,1,1,1,-1,-1,1,1,1,1,1,1,-1,1,-1,1,1,1,-1,-1,1,-1,-1,-1,-1,-1,-1,1,-1,1,1,1,-1,1,1,-1,-1,1,1,1,-1,1,-1,1,1,1,-1,-1,1,-1,1,1,1,-1,-1,1,-1,1,1,1,-1,-1,1,-1,1,-1,1,1,-1,1,-1,-1,1,1,1,-1,-1,-1,1,1,1,1,-1,1,1,-1,1,-2670.0,1,2000,445,0,False
1196,1,1,-1,-1,1,-1,-1,-1,1,1,1,-1,1,1,1,1,-1,1,-1,-1,-1,-1,1,1,1,-1,-1,-1,1,1,1,1,1,-1,-1,-1,1,-1,1,-1,-1,-1,-1,1,1,1,1,-1,1,1,1,1,-1,1,-1,-1,1,-1,1,1,1,-1,-1,-1,1,1,1,1,-1,-1,-1,1,1,1,1,-1,-1,-1,1,1,1,-1,-1,-1,1,1,1,1,-1,-1,-1,1,1,1,1,-1,-1,1,1,-1,1,1,-1,-1,1,1,1,1,1,-1,-1,-1,1,-1,1,1,-1,-1,1,1,1,1,1,1,-1,-1,1,1,-1,1,1,-1,1,1,1,1,1,1,-1,1,1,1,1,1,1,-1,1,1,1,1,1,1,-1,-1,-1,1,1,1,1,-1,1,1,1,1,-1,1,-1,1,1,1,1,1,-1,-1,1,1,1,1,1,-1,1,-1,-1,1,-1,1,-1,1,1,1,1,1,1,1,1,1,-1,1,-1,1,-1,1,1,-1,1,-1,1,1,-1,1,-1,1,-1,1,-1,1,1,-1,1,-1,1,1,1,1,-1,-1,1,1,-1,-1,1,-1,1,-1,-1,1,-1,1,-1,1,-1,1,-1,1,1,-1,-1,-1,1,1,-1,1,-1,1,1,1,-1,1,1,-1,-1,-1,1,-1,1,-1,1,-1,1,1,-1,1,-1,-1,-1,1,1,-1,1,-1,-1,-1,1,1,-1,-1,1,1,-1,-1,1,1,-1,1,1,-1,1,1,1,1,-1,1,-1,1,1,-1,1,-1,1,1,-1,1,1,1,1,1,-1,-1,1,-1,-1,-1,1,1,-1,1,1,1,-1,1,-1,-1,1,1,1,1,1,-1,1,1,1,-1,1,1,-1,1,1,1,-1,1,1,-1,-1,1,1,1,-1,1,-1,1,1,1,-1,1,1,-1,1,1,1,-1,1,-1,-1,1,1,1,-1,1,-1,-1,-1,1,1,-1,1,-1,-1,1,-1,1,-1,1,1,-1,-1,1,1,1,-1,1,-1,-1,1,1,-1,1,-1,-1,-1,-1,-1,-1,1,1,-1,-1,1,1,-1,1,-1,-1,-1,1,1,1,1,-1,-1,1,1,1,-1,1,-1,-1,-1,-1,1,1,1,1,-1,-1,1,-1,1,-1,-1,-1,1,-1,-1,1,-1,1,-1,-1,1,-1,1,-1,-1,-1,1,1,-1,1,-1,1,-1,-1,1,-1,1,1,-1,-1,-1,1,-1,-1,1,1,-1,-1,1,-1,1,1,-1,1,-1,1,-1,-1,1,1,-1,-1,1,-1,1,1,-1,-1,1,1,-1,1,-1,1,-1,1,-1,1,1,-1,1,-1,1,-1,-1,1,-1,-1,-1,1,-1,-1,1,-1,1,-1,1,-1,-1,1,-1,-1,1,-1,1,-1,1,1,1,-1,1,1,-1,1,-1,1,-1,1,-1,-1,1,-1,1,1,1,1,-1,-1,1,1,-1,1,1,-1,1,1,1,1,-1,1,1,-1,1,1,1,1,-1,1,1,-1,-1,-1,1,-1,-1,1,-1,1,-1,1,-1,1,-1,-1,-1,1,1,-1,1,1,-1,-1,1,1,-1,1,1,-1,1,-1,1,-1,-1,-1,-1,-1,-1,1,-1,-1,-1,-1,-1,-1,1,-1,1,1,1,1,-1,1,-1,1,1,-1,-1,-1,1,-1,-1,1,-1,1,-1,-1,1,1,1,1,-1,-1,-1,1,1,1,-1,1,-1,1,1,1,1,-1,-1,-1,1,1,1,1,-1,1,-1,1,-1,1,-1,1,1,-1,-1,1,1,1,-1,-1,-1,1,1,1,1,1,-1,-1,-1,1,1,1,1,-1,-1,-1,1,1,1,-1,-1,-1,1,1,1,1,1,-1,-1,-1,1,1,1,1,-1,-1,-1,1,1,-1,1,-1,-1,-1,1,1,1,1,-1,-1,1,1,1,1,-1,-1,1,1,-1,1,1,-1,-1,-1,1,1,1,1,1,-1,1,1,1,1,1,-1,-1,-1,1,-1,1,-1,-1,-1,-1,1,-1,1,1,1,-1,-1,1,-1,1,1,-1,1,-1,1,1,1,1,-1,1,-1,1,-1,1,1,-1,-1,-1,1,1,-1,-1,-1,-1,-1,1,-1,1,-1,-1,-1,-1,-1,-1,-1,1,-1,-1,-1,1,-1,-1,1,-1,-1,-1,-1,-1,1,1,-1,-1,-1,-1,-1,1,-1,-1,-1,1,-1,-1,1,-1,1,-1,-1,-1,-1,-1,-1,-1,1,-1,-1,-1,1,1,-1,-1,-1,1,-1,-1,-1,-1,-1,1,-1,-1,1,1,1,-1,-1,-1,-1,1,-1,1,1,-1,1,-1,-1,1,1,-1,-1,-1,-1,-1,-1,1,1,-1,-1,1,-1,1,1,-1,-1,-1,1,-1,1,1,-1,-1,1,-1,-1,1,1,1,-1,1,-1,1,1,1,-1,-1,1,-1,-1,1,1,1,-1,1,-1,-1,1,1,-1,1,1,-1,-1,1,1,1,1,1,-1,-1,1,1,-1,1,1,-1,-1,1,1,1,1,1,1,-1,1,1,1,-1,1,-1,-1,1,-1,1,1,1,1,-1,-1,1,-1,1,1,1,-1,1,-1,1,1,-1,1,-1,1,1,1,1,1,1,1,-1,-1,1,1,1,-1,1,-1,1,1,1,1,1,-1,1,-1,1,1,-1,1,1,-1,1,1,-1,1,1,-1,-1,1,1,1,1,-1,1,-1,-1,1,1,-1,-1,1,-1,1,1,1,-1,1,-1,-1,-1,1,1,-1,-1,1,-1,-1,1,1,1,-1,1,-1,-1,1,1,1,-1,1,-1,-1,1,1,-1,-1,-1,1,-1,-1,1,-1,1,1,-1,1,1,-1,-1,1,1,-1,-1,1,1,-1,1,1,-1,1,1,-1,-1,-1,-1,1,-1,-1,-1,-1,-1,1,-1,1,1,-1,1,1,-1,1,1,1,1,-1,1,-1,1,1,1,-1,-1,1,-1,-1,1,1,-1,-1,1,-1,1,1,1,-1,-1,1,-1,1,1,1,1,-1,1,-1,-1,1,1,-1,-1,-1,1,-1,1,1,1,-1,1,-1,-1,1,-2670.0,1,2000,445,0,False
1197,1,1,-1,-1,1,-1,-1,-1,1,1,1,-1,1,1,1,1,-1,1,-1,-1,-1,-1,1,1,1,-1,-1,-1,1,1,1,1,-1,-1,-1,-1,1,-1,1,1,-1,-1,-1,1,1,1,1,-1,1,1,1,1,-1,1,-1,-1,1,-1,1,1,1,-1,-1,-1,1,1,1,1,-1,-1,-1,1,1,1,1,-1,-1,-1,1,1,1,-1,-1,-1,1,1,1,1,-1,-1,-1,1,1,1,1,-1,-1,1,1,-1,1,1,-1,-1,1,1,1,1,1,-1,-1,-1,1,1,1,1,-1,-1,1,1,1,1,1,1,-1,-1,1,1,-1,1,1,-1,1,1,1,1,1,1,-1,1,1,1,1,1,1,-1,1,1,1,1,1,1,-1,-1,-1,1,1,1,1,-1,1,1,1,1,-1,1,-1,1,-1,1,1,1,-1,-1,1,1,1,1,1,-1,1,-1,-1,1,-1,1,-1,1,1,1,1,1,1,1,1,1,-1,1,-1,1,-1,1,1,-1,1,-1,1,1,-1,1,-1,1,-1,1,-1,1,1,-1,-1,-1,1,1,1,1,-1,-1,1,1,-1,-1,1,-1,1,-1,1,1,-1,1,-1,1,-1,1,-1,1,1,-1,-1,-1,1,1,-1,1,-1,1,1,1,-1,1,1,-1,1,-1,1,-1,1,-1,1,-1,1,1,-1,1,-1,-1,-1,1,1,-1,1,-1,-1,-1,1,1,-1,-1,1,1,-1,-1,1,1,-1,1,1,-1,1,1,1,1,-1,1,-1,1,1,-1,1,-1,1,-1,1,1,1,1,1,1,-1,-1,1,-1,-1,-1,1,1,-1,1,1,1,-1,1,1,1,1,1,1,1,1,-1,1,1,1,-1,-1,1,-1,1,1,1,-1,1,1,-1,-1,1,1,1,-1,1,-1,1,1,1,-1,1,1,-1,1,1,1,-1,1,1,-1,1,1,1,-1,1,1,-1,-1,1,1,-1,1,1,-1,1,-1,1,-1,1,1,1,-1,1,1,1,-1,1,1,-1,1,1,-1,1,-1,1,-1,-1,-1,-1,1,1,1,-1,1,1,-1,1,1,-1,-1,1,1,1,1,1,-1,1,1,1,-1,1,1,1,1,-1,1,1,1,-1,1,-1,1,1,1,1,1,1,-1,-1,-1,1,-1,-1,1,1,-1,1,1,-1,1,1,1,1,-1,1,-1,-1,1,-1,1,-1,1,1,-1,1,1,1,-1,-1,1,-1,1,1,1,-1,1,1,1,-1,1,1,-1,-1,1,-1,1,1,1,-1,1,1,1,1,1,1,-1,1,-1,1,1,1,-1,-1,1,-1,1,1,1,-1,-1,1,-1,1,1,1,-1,-1,1,-1,-1,1,1,-1,-1,1,-1,1,1,1,1,-1,1,1,-1,1,1,1,-1,-1,1,-1,1,1,-1,-1,1,1,-1,1,-1,1,-1,-1,1,-1,1,-1,1,-1,-1,1,-1,-1,1,1,1,-1,1,-1,1,-1,-1,1,1,-1,-1,-1,1,-1,-1,1,1,1,-1,1,-1,1,1,1,-1,1,1,-1,1,-1,1,-1,-1,1,-1,-1,1,1,1,-1,1,-1,-1,1,1,-1,-1,1,-1,-1,1,1,-1,-1,1,-1,-1,-1,1,1,-1,1,1,-1,-1,1,-1,-1,1,-1,1,-1,1,1,-1,-1,1,-1,-1,-1,-1,-1,1,1,1,-1,-1,1,-1,-1,1,-1,-1,1,-1,-1,1,1,-1,-1,1,-1,-1,1,1,-1,1,-1,-1,-1,-1,1,1,-1,-1,-1,-1,1,1,-1,-1,1,-1,-1,-1,1,1,-1,-1,-1,-1,-1,1,-1,-1,-1,-1,-1,-1,1,1,-1,-1,-1,-1,1,1,1,-1,-1,-1,-1,-1,1,1,1,-1,-1,-1,-1,1,1,-1,-1,-1,-1,1,1,1,1,-1,-1,1,1,1,1,1,-1,-1,-1,1,1,1,-1,1,-1,1,1,1,1,-1,1,-1,-1,1,-1,1,-1,1,-1,-1,1,-1,1,-1,-1,-1,-1,1,-1,1,-1,1,1,-1,1,-1,1,-1,1,1,-1,1,-1,1,-1,-1,-1,-1,1,1,-1,-1,-1,-1,-1,1,-1,1,-1,-1,-1,-1,-1,-1,-1,1,-1,-1,-1,1,-1,-1,1,-1,-1,-1,-1,-1,1,1,-1,-1,-1,-1,-1,1,-1,-1,-1,1,-1,-1,1,-1,1,-1,-1,-1,-1,-1,-1,-1,1,-1,-1,-1,1,1,-1,-1,-1,-1,1,-1,-1,-1,-1,1,-1,-1,1,1,1,-1,-1,-1,-1,1,-1,1,1,-1,1,-1,-1,1,1,-1,-1,-1,-1,-1,-1,1,1,-1,-1,1,-1,1,1,-1,-1,-1,1,-1,1,1,-1,-1,1,-1,-1,1,1,1,-1,1,-1,1,1,1,-1,-1,1,-1,-1,1,1,1,-1,1,-1,-1,1,1,-1,1,1,-1,-1,1,1,-1,1,1,-1,-1,1,1,-1,1,1,-1,-1,1,1,1,1,1,1,-1,-1,1,1,-1,1,-1,-1,1,-1,1,1,1,1,-1,-1,1,-1,1,1,1,-1,1,1,1,1,-1,1,-1,1,1,1,1,1,1,1,-1,1,1,1,1,-1,1,-1,1,1,1,1,1,-1,1,1,1,1,-1,1,1,-1,1,1,-1,1,1,-1,-1,1,1,1,1,-1,1,-1,1,1,1,-1,-1,1,-1,1,1,1,-1,1,-1,-1,-1,1,1,-1,-1,1,-1,-1,1,1,-1,-1,1,-1,-1,1,1,1,-1,1,-1,-1,1,1,-1,-1,-1,1,-1,-1,1,-1,1,1,-1,1,1,-1,-1,1,1,-1,-1,1,1,-1,1,1,-1,1,1,-1,-1,1,-1,1,-1,-1,-1,-1,1,-1,-1,1,1,-1,1,1,-1,1,1,1,1,-1,1,-1,1,1,1,-1,-1,1,-1,-1,-1,1,-1,-1,1,-1,1,1,1,-1,-1,1,-1,1,1,1,1,-1,1,-1,-1,1,1,-1,-1,-1,1,-1,1,-1,1,-1,1,-1,-1,1,-2670.0,1,2000,445,1000,False
1198,1,1,-1,-1,1,1,-1,-1,1,1,1,-1,1,1,1,1,-1,1,-1,-1,-1,-1,1,1,1,1,-1,-1,1,1,1,1,-1,-1,-1,-1,1,1,1,1,-1,-1,-1,1,1,1,1,-1,1,1,1,1,-1,1,-1,-1,1,-1,1,1,1,-1,-1,-1,1,1,1,1,-1,-1,-1,1,1,1,1,-1,-1,-1,1,1,1,-1,-1,-1,1,1,1,1,-1,1,-1,1,1,1,1,-1,-1,1,1,-1,1,1,-1,-1,1,1,1,1,1,-1,-1,1,1,1,1,1,-1,-1,1,1,1,1,1,1,-1,1,1,1,-1,1,1,-1,1,1,1,1,1,1,-1,-1,1,1,1,1,1,-1,1,1,1,1,1,1,-1,-1,-1,1,1,1,1,-1,1,1,1,1,-1,1,-1,1,-1,1,1,1,-1,-1,1,1,1,1,1,-1,1,-1,-1,1,-1,1,-1,1,1,1,1,1,1,1,1,1,-1,1,-1,1,-1,1,1,-1,1,-1,1,1,-1,1,-1,1,-1,1,-1,1,1,-1,1,-1,1,1,1,1,-1,-1,1,1,-1,-1,1,-1,1,-1,1,1,-1,1,-1,1,-1,1,-1,1,1,-1,-1,-1,1,1,-1,1,-1,1,1,1,-1,1,1,-1,1,-1,1,-1,1,-1,1,-1,1,1,-1,1,-1,-1,-1,1,1,-1,1,-1,-1,-1,1,1,-1,-1,1,1,-1,-1,1,1,-1,1,1,-1,1,1,1,1,-1,1,-1,1,1,-1,1,-1,1,-1,1,1,1,1,1,1,-1,-1,1,-1,-1,-1,1,1,-1,1,1,1,-1,1,1,1,1,1,1,-1,1,-1,1,1,1,-1,-1,1,-1,1,1,1,-1,1,1,-1,-1,1,1,1,-1,1,-1,1,1,1,-1,1,1,-1,1,1,1,-1,1,1,-1,1,1,1,-1,1,1,-1,-1,1,1,-1,1,1,-1,1,-1,1,-1,1,1,1,-1,1,1,1,1,1,1,-1,1,1,-1,1,1,1,-1,-1,-1,-1,1,1,1,-1,1,1,-1,1,1,-1,-1,1,1,1,1,1,-1,1,1,1,-1,1,1,1,1,-1,1,1,1,-1,1,-1,1,1,1,1,1,1,-1,-1,-1,1,-1,-1,1,-1,1,-1,1,1,1,1,1,-1,-1,1,-1,-1,1,-1,1,-1,1,1,1,1,1,1,-1,-1,1,-1,1,1,-1,-1,1,1,1,-1,1,-1,-1,-1,1,-1,1,1,-1,-1,1,1,1,1,-1,1,-1,1,-1,-1,1,-1,-1,-1,1,-1,1,1,-1,-1,-1,1,-1,1,1,1,-1,-1,1,-1,-1,1,-1,-1,-1,1,-1,1,1,1,-1,-1,1,1,-1,1,-1,-1,-1,-1,1,1,1,-1,-1,-1,1,-1,-1,1,-1,-1,-1,-1,1,-1,1,-1,-1,-1,-1,1,-1,-1,1,1,1,-1,1,-1,1,-1,1,1,1,-1,-1,-1,1,-1,-1,-1,1,1,-1,1,-1,1,1,1,-1,1,1,-1,-1,-1,1,-1,-1,1,-1,-1,1,1,1,-1,1,-1,-1,1,1,-1,-1,1,-1,-1,1,1,-1,-1,1,-1,-1,-1,1,1,-1,1,1,-1,-1,1,-1,-1,1,-1,1,-1,1,1,-1,-1,1,-1,-1,-1,-1,-1,1,1,1,-1,-1,1,-1,-1,1,-1,-1,1,-1,-1,1,1,-1,-1,1,-1,-1,1,1,-1,1,-1,1,-1,-1,1,1,-1,-1,-1,-1,1,1,-1,-1,1,-1,-1,-1,1,1,-1,-1,-1,-1,-1,1,-1,-1,-1,-1,-1,1,1,1,-1,-1,-1,-1,-1,1,1,-1,-1,-1,-1,-1,1,1,1,-1,-1,-1,-1,1,1,-1,-1,-1,-1,1,1,1,1,1,-1,1,1,1,1,1,1,-1,-1,1,1,1,1,-1,-1,1,1,1,1,-1,1,-1,-1,1,-1,1,-1,1,-1,-1,1,-1,1,-1,1,-1,-1,1,-1,1,-1,1,-1,-1,1,-1,1,1,1,-1,-1,1,-1,1,1,1,-1,-1,1,1,-1,1,1,-1,-1,1,-1,1,-1,1,-1,-1,-1,-1,-1,1,1,-1,-1,1,-1,-1,1,1,-1,-1,-1,-1,-1,-1,1,-1,-1,-1,-1,-1,1,-1,-1,1,-1,-1,1,-1,1,-1,-1,-1,-1,-1,1,1,1,-1,-1,-1,1,1,1,-1,-1,-1,1,-1,-1,1,-1,1,-1,-1,1,1,1,-1,-1,-1,-1,1,-1,1,1,-1,1,-1,-1,1,1,-1,-1,-1,-1,-1,-1,1,1,-1,-1,1,-1,1,1,-1,-1,-1,1,-1,1,1,-1,-1,1,-1,-1,1,1,1,-1,1,-1,1,1,1,-1,-1,1,-1,-1,1,1,1,-1,1,-1,-1,1,1,-1,1,1,-1,-1,1,1,-1,1,1,-1,-1,1,1,-1,1,1,-1,-1,1,1,1,1,1,1,-1,-1,1,1,-1,1,-1,-1,1,-1,1,1,1,1,-1,-1,1,-1,1,1,1,-1,1,1,1,1,-1,1,-1,1,1,1,1,1,1,1,-1,1,1,1,1,-1,1,-1,1,1,1,1,1,-1,1,1,1,1,-1,1,1,-1,1,1,-1,1,1,-1,-1,1,1,1,1,-1,1,-1,1,1,1,-1,-1,1,-1,1,1,1,-1,1,-1,-1,-1,1,1,-1,-1,1,-1,-1,1,1,1,-1,1,-1,-1,1,1,1,-1,1,-1,-1,1,1,-1,-1,-1,1,-1,1,1,-1,1,1,-1,1,1,-1,-1,1,-1,-1,-1,-1,1,-1,1,1,-1,1,1,-1,-1,-1,-1,1,-1,-1,-1,-1,1,-1,-1,1,1,-1,1,1,-1,1,1,1,1,-1,1,-1,1,1,1,1,-1,1,-1,-1,-1,1,1,-1,1,-1,1,1,1,1,-1,1,-1,1,1,1,-1,-1,1,-1,-1,1,1,-1,-1,-1,1,-1,1,-1,1,-1,1,-1,-1,1,-2670.0,1,2000,445,1000,False
1199,1,1,-1,-1,1,-1,1,-1,1,1,1,-1,1,1,1,1,-1,1,-1,-1,1,-1,1,1,1,-1,-1,-1,1,1,1,1,-1,-1,-1,-1,1,-1,1,1,-1,-1,-1,1,1,1,1,-1,1,1,1,1,-1,1,-1,-1,1,-1,1,1,1,-1,-1,-1,1,1,1,1,-1,-1,-1,1,1,1,1,-1,-1,-1,1,1,1,-1,-1,-1,1,1,1,1,-1,-1,-1,1,1,1,1,-1,-1,1,1,-1,1,1,-1,-1,1,1,1,1,1,-1,-1,1,1,-1,1,1,-1,-1,1,1,1,1,1,1,-1,1,1,1,-1,1,1,-1,1,1,1,1,1,1,-1,-1,1,1,1,1,1,-1,1,1,1,1,1,1,-1,-1,-1,1,1,1,1,-1,1,1,1,1,-1,1,-1,1,-1,1,1,1,-1,-1,1,1,1,1,1,-1,1,-1,-1,1,-1,1,-1,1,1,1,1,1,1,1,1,1,-1,1,-1,1,-1,1,1,-1,1,-1,1,1,-1,1,-1,1,-1,1,-1,1,1,-1,-1,-1,1,1,1,1,-1,-1,1,1,-1,-1,1,-1,1,-1,-1,1,-1,1,-1,1,-1,1,-1,1,1,-1,-1,-1,1,1,-1,1,-1,1,1,1,-1,1,1,-1,1,-1,1,-1,1,-1,1,-1,1,1,-1,1,-1,-1,-1,1,1,-1,1,-1,-1,-1,1,1,-1,-1,1,1,-1,-1,1,1,-1,1,1,-1,1,1,1,1,-1,1,-1,1,1,-1,1,-1,1,-1,1,1,1,1,1,1,-1,-1,1,-1,-1,1,1,1,-1,1,1,1,-1,1,1,1,1,1,1,1,1,-1,1,1,1,-1,-1,1,-1,1,1,1,-1,1,1,-1,-1,1,1,1,-1,1,-1,1,1,1,-1,1,1,-1,1,1,1,-1,1,1,-1,1,1,1,-1,1,1,-1,-1,1,1,-1,1,1,-1,1,-1,1,-1,1,1,1,-1,1,1,1,1,1,1,-1,1,1,-1,1,1,1,-1,-1,-1,-1,1,1,1,-1,1,1,-1,1,1,-1,-1,1,1,1,1,1,-1,1,1,1,-1,1,1,1,1,-1,1,1,1,-1,1,-1,1,1,1,1,1,1,-1,-1,-1,1,-1,-1,1,-1,1,-1,1,1,1,1,1,-1,-1,1,-1,-1,1,-1,1,-1,1,1,1,1,1,1,-1,-1,1,-1,1,1,-1,-1,1,1,1,-1,1,-1,-1,-1,1,-1,1,1,-1,-1,1,1,1,1,-1,1,-1,1,-1,1,1,-1,1,-1,1,-1,1,1,-1,-1,-1,1,-1,1,1,1,-1,-1,1,1,-1,1,-1,-1,-1,1,-1,1,1,1,-1,-1,1,1,-1,1,-1,-1,-1,-1,-1,-1,1,-1,-1,-1,1,-1,-1,1,-1,-1,-1,-1,1,-1,1,-1,-1,-1,-1,1,-1,-1,1,1,1,-1,1,-1,1,-1,1,1,1,-1,-1,-1,1,-1,-1,1,1,1,-1,1,-1,1,1,1,-1,1,1,-1,-1,-1,1,-1,-1,1,-1,-1,1,1,1,-1,1,-1,-1,1,1,-1,-1,1,-1,-1,1,1,-1,-1,1,-1,-1,-1,1,1,-1,1,1,-1,-1,1,-1,-1,1,-1,1,-1,1,1,-1,-1,1,-1,-1,-1,-1,-1,1,1,1,-1,-1,1,-1,-1,1,-1,-1,1,-1,-1,1,1,-1,-1,1,1,-1,1,1,-1,1,-1,1,-1,-1,1,1,-1,-1,-1,-1,-1,1,-1,-1,1,-1,-1,-1,1,1,-1,-1,-1,-1,-1,1,-1,-1,-1,-1,-1,-1,1,1,-1,-1,-1,-1,1,1,1,-1,-1,-1,-1,-1,1,1,1,-1,-1,-1,-1,1,1,-1,-1,-1,-1,1,1,1,1,1,-1,1,1,1,1,1,1,-1,-1,1,1,1,1,1,-1,1,1,1,1,-1,1,-1,-1,1,-1,1,-1,1,-1,-1,1,-1,1,-1,1,-1,-1,1,-1,1,-1,1,1,-1,1,-1,1,1,1,1,-1,1,-1,1,1,1,-1,-1,1,1,-1,1,1,-1,-1,1,-1,1,-1,1,-1,-1,-1,-1,-1,1,1,-1,-1,1,-1,-1,1,1,-1,-1,-1,-1,1,-1,1,-1,-1,-1,-1,-1,1,-1,-1,1,-1,-1,1,-1,1,-1,-1,-1,-1,-1,1,1,1,-1,-1,-1,1,1,1,-1,-1,1,-1,-1,-1,1,-1,1,-1,-1,1,1,1,-1,-1,-1,-1,1,-1,1,1,-1,1,-1,-1,1,1,-1,-1,-1,-1,-1,-1,1,1,-1,-1,1,-1,1,1,-1,-1,-1,1,-1,1,1,-1,-1,1,-1,-1,1,1,1,-1,1,-1,1,1,1,-1,-1,1,-1,-1,1,1,1,-1,1,-1,-1,1,1,-1,1,1,-1,-1,1,1,-1,1,1,-1,-1,1,1,-1,1,1,-1,-1,1,1,1,1,1,1,-1,-1,1,1,1,1,-1,-1,1,-1,1,1,1,1,-1,-1,1,-1,1,1,1,-1,1,1,1,1,-1,1,-1,1,1,1,1,1,1,1,-1,1,1,1,1,-1,1,-1,1,1,1,1,1,-1,1,1,1,1,-1,1,1,-1,1,1,-1,1,1,-1,-1,1,1,1,1,-1,1,-1,1,1,1,-1,-1,1,-1,1,1,1,-1,1,-1,-1,-1,1,1,-1,-1,1,-1,-1,1,1,-1,-1,1,-1,-1,1,1,1,1,-1,-1,-1,1,1,-1,-1,-1,1,-1,-1,1,-1,1,1,-1,1,1,-1,-1,1,-1,-1,-1,1,1,-1,1,1,-1,1,1,-1,-1,1,-1,1,-1,-1,-1,-1,1,-1,-1,1,1,-1,1,1,-1,1,1,1,1,-1,1,-1,1,1,1,1,-1,1,-1,-1,1,1,1,-1,1,-1,1,1,1,1,-1,1,-1,1,1,-1,-1,-1,1,-1,-1,1,1,-1,-1,-1,1,-1,1,-1,1,-1,1,-1,-1,1,-2670.0,1,2000,445,1000,False
1200,1,1,-1,-1,1,-1,1,-1,1,1,1,-1,1,1,1,1,-1,1,-1,-1,1,-1,1,1,1,-1,-1,-1,1,1,1,1,-1,-1,-1,-1,1,1,1,1,-1,-1,-1,1,1,1,1,-1,1,1,1,1,-1,1,-1,-1,1,-1,1,1,1,-1,-1,-1,1,1,1,1,-1,-1,-1,1,1,1,1,-1,-1,-1,1,1,1,-1,-1,-1,1,1,1,1,-1,-1,-1,1,1,1,1,-1,-1,1,1,-1,1,1,-1,-1,1,1,1,1,1,-1,-1,1,1,-1,1,1,-1,-1,1,1,1,1,1,1,-1,-1,1,1,-1,1,1,-1,1,1,1,1,1,1,-1,-1,1,1,1,1,1,-1,1,1,1,1,1,1,-1,-1,-1,1,1,1,1,-1,1,1,1,1,-1,1,-1,1,-1,1,1,1,-1,-1,1,1,1,1,1,-1,1,-1,-1,1,-1,1,-1,1,1,1,1,1,1,1,1,1,1,1,-1,1,-1,1,1,-1,1,-1,1,1,-1,1,-1,1,-1,1,-1,1,1,-1,-1,-1,1,1,1,1,-1,-1,1,1,-1,-1,1,-1,1,-1,-1,1,-1,1,-1,1,-1,1,-1,-1,1,-1,-1,-1,1,1,-1,1,-1,1,1,1,-1,1,1,-1,1,-1,1,-1,1,-1,-1,-1,1,1,-1,1,-1,-1,-1,1,1,-1,1,-1,-1,-1,1,1,-1,-1,1,-1,-1,-1,1,1,-1,1,1,-1,1,1,1,1,-1,1,-1,1,1,-1,1,-1,1,-1,-1,1,1,1,1,1,-1,-1,1,-1,-1,1,1,1,-1,1,1,1,-1,1,-1,-1,1,1,1,1,1,-1,1,1,1,-1,1,1,-1,1,1,1,-1,1,1,-1,-1,1,1,1,-1,1,-1,1,1,1,-1,1,1,-1,1,1,1,-1,1,-1,-1,1,1,1,-1,1,-1,-1,-1,1,1,-1,1,-1,-1,1,-1,1,-1,1,1,-1,-1,1,1,1,-1,1,-1,-1,1,1,-1,1,-1,-1,-1,-1,-1,-1,1,1,-1,-1,1,1,-1,1,-1,-1,-1,1,1,1,1,-1,-1,1,1,1,-1,1,-1,-1,-1,-1,1,1,-1,1,-1,-1,1,-1,1,-1,-1,-1,1,-1,-1,1,-1,1,-1,-1,1,-1,1,-1,-1,-1,1,1,-1,1,-1,1,-1,-1,1,-1,1,-1,-1,-1,-1,1,-1,-1,1,1,-1,-1,1,-1,1,1,-1,1,-1,1,-1,1,-1,1,-1,-1,1,-1,-1,-1,-1,-1,1,1,-1,1,-1,1,-1,1,-1,1,1,-1,1,-1,1,-1,-1,1,-1,-1,-1,1,-1,1,-1,1,1,-1,1,-1,-1,1,-1,-1,1,-1,1,-1,1,-1,1,-1,1,1,-1,-1,-1,1,-1,1,-1,-1,1,-1,1,1,1,1,-1,-1,1,1,-1,1,1,-1,-1,1,1,1,-1,1,1,-1,1,1,1,1,1,1,1,-1,-1,-1,1,-1,-1,1,-1,1,-1,1,-1,1,-1,-1,-1,1,1,-1,1,1,-1,-1,-1,1,-1,1,1,-1,1,-1,1,-1,-1,-1,-1,-1,-1,1,-1,-1,-1,-1,-1,-1,1,1,1,1,1,1,-1,1,-1,1,1,-1,-1,-1,1,1,-1,1,-1,1,-1,-1,1,1,1,1,-1,-1,1,1,1,1,-1,1,-1,-1,1,1,1,-1,-1,-1,1,1,1,1,-1,1,-1,1,-1,1,-1,1,1,-1,-1,1,1,1,-1,-1,-1,-1,1,1,1,1,-1,-1,-1,1,1,1,1,-1,-1,-1,1,1,1,-1,-1,-1,-1,1,1,1,1,-1,-1,1,1,1,1,1,-1,-1,-1,1,1,-1,1,-1,-1,-1,1,1,1,1,-1,-1,1,1,1,1,-1,-1,1,1,-1,1,1,-1,-1,-1,1,1,1,1,1,-1,1,1,1,1,1,-1,-1,-1,1,-1,1,-1,-1,-1,-1,1,-1,1,1,-1,-1,-1,1,-1,1,1,-1,-1,-1,1,1,1,1,-1,-1,-1,1,-1,1,1,-1,-1,-1,1,1,-1,-1,-1,-1,-1,1,-1,1,-1,-1,-1,-1,-1,-1,-1,1,-1,-1,-1,1,-1,-1,1,-1,-1,-1,-1,-1,1,1,-1,-1,-1,-1,-1,1,-1,-1,-1,1,-1,-1,1,-1,1,-1,-1,-1,-1,-1,-1,-1,1,-1,-1,-1,1,1,1,-1,-1,1,1,-1,-1,-1,-1,1,-1,-1,1,1,1,-1,-1,-1,-1,1,-1,1,1,-1,1,-1,-1,1,1,-1,-1,-1,-1,-1,-1,1,1,-1,-1,1,-1,1,1,-1,-1,-1,1,-1,1,1,-1,-1,1,-1,-1,1,1,1,-1,1,-1,1,1,1,-1,-1,1,-1,-1,1,1,1,-1,1,-1,-1,1,1,-1,1,1,-1,-1,1,1,-1,1,1,-1,-1,1,1,-1,1,1,-1,-1,1,1,1,1,-1,1,-1,1,1,1,-1,1,-1,-1,1,-1,1,1,1,1,-1,-1,1,-1,1,1,1,-1,1,1,1,1,-1,1,-1,1,1,1,1,1,1,1,-1,1,1,1,1,-1,1,-1,1,1,1,1,1,-1,1,1,1,1,-1,1,1,-1,1,1,-1,1,1,-1,-1,1,1,1,1,-1,1,-1,1,1,1,-1,-1,1,-1,1,1,1,-1,1,-1,-1,-1,1,1,-1,-1,1,-1,-1,1,1,-1,-1,1,-1,1,1,1,1,-1,1,-1,-1,1,1,-1,-1,-1,1,1,-1,1,-1,1,1,-1,1,1,-1,-1,1,1,-1,-1,1,1,-1,1,1,1,1,1,-1,-1,-1,-1,1,-1,-1,-1,-1,-1,1,1,1,1,-1,1,1,-1,1,1,1,1,-1,1,-1,1,1,1,1,-1,1,-1,1,1,1,1,-1,1,-1,1,1,1,1,-1,1,-1,1,1,-1,-1,-1,1,-1,1,1,1,-1,-1,-1,1,-1,1,-1,1,-1,1,-1,1,1,-2670.0,1,2000,445,1500,False
1201,1,1,-1,-1,1,-1,-1,-1,1,1,1,-1,1,1,1,1,-1,1,-1,-1,-1,-1,1,1,1,-1,-1,-1,1,1,1,1,-1,-1,-1,-1,1,-1,1,1,-1,-1,-1,1,1,1,1,-1,1,1,1,1,-1,1,-1,-1,1,-1,1,1,1,-1,-1,-1,1,1,1,1,-1,-1,-1,1,1,1,1,-1,-1,-1,1,1,1,-1,-1,-1,1,1,1,1,-1,-1,-1,1,1,1,1,-1,-1,1,1,-1,1,1,-1,-1,1,1,1,1,1,-1,-1,-1,1,1,1,1,-1,-1,1,1,1,1,1,1,-1,-1,1,1,-1,1,1,-1,1,1,1,1,1,1,-1,1,1,1,1,1,1,-1,1,1,1,1,1,1,-1,-1,-1,1,1,1,1,-1,1,1,1,1,-1,1,-1,1,-1,1,1,1,-1,-1,1,1,1,1,1,-1,1,-1,-1,1,-1,1,-1,1,1,1,1,1,1,1,1,1,-1,1,-1,1,-1,1,1,-1,1,-1,1,1,-1,1,-1,1,-1,1,-1,1,1,-1,1,-1,1,1,1,1,-1,-1,1,1,-1,-1,1,-1,1,-1,1,1,-1,1,-1,1,-1,1,-1,1,1,-1,-1,-1,1,1,-1,1,-1,1,1,1,-1,1,1,-1,1,-1,1,-1,1,-1,1,-1,1,1,-1,1,-1,-1,-1,1,1,-1,1,-1,-1,-1,1,1,-1,-1,1,1,-1,-1,1,1,-1,1,1,-1,1,1,1,1,-1,1,-1,1,1,-1,1,-1,1,-1,1,1,1,1,1,1,-1,-1,1,-1,-1,-1,1,1,-1,1,1,1,-1,1,1,1,1,1,1,-1,1,-1,1,1,1,-1,-1,1,-1,1,1,1,-1,1,1,-1,-1,1,1,1,-1,1,-1,1,1,1,-1,1,1,-1,1,1,1,-1,1,1,-1,1,1,1,-1,1,1,-1,-1,1,1,-1,1,1,-1,1,-1,1,-1,1,1,1,-1,1,1,1,-1,1,1,-1,1,1,-1,1,1,1,-1,-1,-1,-1,1,1,1,-1,1,1,-1,1,1,-1,-1,1,1,1,1,1,-1,1,1,1,-1,1,1,1,1,-1,1,1,1,-1,1,-1,1,1,1,1,1,1,-1,-1,-1,1,-1,-1,1,-1,1,-1,1,-1,1,1,1,-1,-1,1,-1,-1,1,-1,1,-1,1,1,-1,1,1,1,-1,-1,1,-1,1,1,-1,-1,1,1,1,-1,1,-1,-1,-1,1,-1,1,1,-1,-1,1,1,1,1,-1,1,-1,1,-1,1,1,-1,-1,1,1,-1,1,1,-1,-1,-1,1,-1,1,1,1,-1,-1,1,-1,-1,1,-1,-1,-1,1,-1,1,1,1,-1,-1,1,1,-1,1,-1,-1,-1,1,-1,-1,1,-1,-1,-1,1,-1,-1,1,-1,-1,-1,-1,1,-1,1,-1,-1,-1,1,1,-1,-1,1,1,1,-1,1,-1,1,1,1,1,1,-1,-1,-1,1,-1,-1,1,1,1,-1,1,-1,1,1,1,-1,1,1,-1,1,-1,1,-1,-1,1,-1,-1,1,1,1,-1,1,-1,-1,1,1,-1,-1,1,-1,-1,1,1,-1,-1,1,-1,-1,-1,1,1,-1,1,1,-1,-1,1,-1,-1,1,-1,1,-1,1,1,-1,-1,1,-1,-1,-1,-1,-1,1,1,1,-1,-1,1,-1,-1,1,-1,-1,1,-1,-1,1,1,-1,-1,1,-1,-1,1,1,-1,1,-1,-1,-1,-1,1,1,-1,-1,-1,-1,-1,1,-1,-1,1,-1,-1,-1,1,1,-1,-1,-1,-1,-1,1,-1,-1,-1,-1,-1,1,1,1,-1,-1,-1,-1,-1,1,1,-1,-1,-1,-1,-1,1,1,1,-1,-1,-1,-1,1,1,-1,-1,-1,-1,1,1,1,1,1,-1,1,1,1,1,1,1,-1,-1,1,1,1,-1,-1,-1,1,1,1,1,-1,1,-1,-1,1,-1,1,-1,1,-1,-1,1,-1,1,-1,1,-1,-1,1,-1,1,-1,1,1,-1,1,-1,1,1,1,1,-1,1,-1,1,1,1,-1,-1,1,1,-1,1,1,-1,-1,1,-1,1,-1,1,-1,-1,-1,-1,-1,1,1,-1,-1,1,-1,-1,1,1,-1,-1,-1,-1,-1,-1,1,-1,-1,-1,-1,1,1,-1,-1,1,-1,-1,1,-1,1,-1,-1,-1,-1,-1,1,1,1,-1,-1,-1,1,1,1,-1,-1,-1,1,-1,-1,1,-1,1,-1,-1,1,1,1,-1,-1,-1,-1,1,-1,1,1,-1,1,-1,-1,1,1,-1,-1,-1,-1,-1,-1,1,1,-1,-1,1,-1,1,1,-1,-1,-1,1,-1,1,1,-1,-1,1,-1,-1,1,1,1,-1,1,-1,1,1,1,-1,-1,1,-1,-1,1,-1,1,-1,1,-1,-1,1,1,-1,1,1,-1,-1,1,1,-1,1,1,-1,-1,1,1,-1,1,1,-1,-1,1,1,1,1,1,1,-1,-1,1,1,1,1,-1,-1,1,-1,1,1,1,1,-1,-1,1,-1,1,1,1,-1,1,-1,1,1,-1,1,-1,1,1,1,1,1,1,1,-1,-1,1,1,1,-1,1,-1,1,1,1,1,1,-1,1,-1,1,1,-1,1,1,-1,1,1,-1,1,1,-1,-1,1,1,1,1,-1,1,-1,-1,1,1,-1,-1,1,-1,1,1,1,-1,1,-1,-1,-1,1,1,-1,-1,1,-1,-1,1,1,-1,-1,1,-1,-1,1,1,1,-1,1,-1,-1,1,1,-1,-1,-1,1,-1,-1,1,-1,1,1,-1,1,1,-1,-1,1,1,-1,-1,1,1,-1,1,1,-1,1,1,-1,-1,-1,-1,1,-1,-1,-1,-1,1,-1,-1,1,1,-1,1,1,-1,1,1,1,1,-1,1,-1,1,1,1,-1,-1,1,-1,-1,1,1,-1,-1,1,-1,1,1,1,-1,-1,1,-1,1,1,1,1,-1,1,-1,-1,1,1,-1,-1,-1,1,-1,1,-1,1,-1,1,-1,-1,1,-2670.0,1,2000,445,1500,False
1202,1,1,-1,-1,1,1,-1,-1,1,1,1,-1,1,1,1,1,-1,1,-1,-1,-1,-1,1,1,1,-1,-1,-1,1,1,1,1,1,-1,-1,-1,1,-1,1,1,-1,-1,-1,1,1,1,1,-1,1,1,1,1,-1,1,-1,-1,1,-1,1,1,1,-1,-1,-1,1,1,1,1,-1,-1,-1,1,1,1,1,-1,-1,-1,1,1,1,-1,-1,-1,1,1,1,1,-1,-1,-1,1,1,1,1,-1,-1,1,1,-1,1,1,-1,-1,1,1,1,1,1,-1,-1,1,1,1,1,1,-1,-1,1,1,1,1,1,1,-1,1,1,1,-1,1,1,-1,1,1,1,1,1,1,-1,-1,1,1,1,1,1,-1,1,1,1,1,1,1,-1,-1,-1,1,1,1,1,-1,1,1,1,1,-1,1,-1,1,-1,1,1,1,-1,-1,1,1,1,1,1,-1,1,-1,-1,1,-1,1,-1,1,1,1,1,1,1,1,1,1,-1,1,-1,1,-1,1,1,-1,1,-1,1,1,-1,1,-1,1,-1,1,-1,1,1,-1,1,-1,1,1,1,1,-1,-1,1,1,-1,-1,1,-1,1,-1,1,1,-1,1,-1,1,-1,1,-1,1,1,-1,-1,-1,1,1,-1,1,-1,1,1,1,-1,1,1,-1,-1,-1,1,-1,1,-1,1,-1,1,1,-1,1,-1,-1,-1,1,1,-1,1,-1,-1,-1,1,1,-1,-1,1,1,-1,-1,1,1,-1,1,1,-1,1,1,1,1,-1,1,-1,1,1,-1,1,-1,1,1,1,1,1,1,1,1,-1,-1,1,-1,-1,1,1,1,-1,1,1,1,-1,1,1,1,1,1,1,1,1,-1,1,1,1,-1,1,1,-1,1,1,1,-1,1,1,-1,-1,1,1,1,-1,1,-1,1,1,1,-1,1,1,-1,1,1,1,-1,1,1,-1,1,1,1,-1,1,1,-1,-1,1,1,-1,1,1,-1,1,-1,1,-1,1,1,1,-1,1,1,1,1,1,1,-1,1,1,-1,1,1,1,-1,-1,-1,-1,1,1,1,-1,1,1,-1,1,1,-1,-1,1,1,1,1,1,-1,1,1,1,-1,1,1,1,1,-1,1,1,1,-1,1,-1,1,1,1,1,1,1,-1,-1,-1,1,-1,-1,1,-1,1,-1,1,1,1,1,1,-1,-1,1,-1,-1,1,-1,1,-1,1,1,-1,1,1,1,-1,-1,1,-1,1,1,-1,-1,1,1,1,-1,1,-1,-1,-1,1,-1,1,1,-1,-1,1,1,1,1,-1,1,-1,1,-1,1,1,-1,-1,-1,1,-1,1,1,-1,-1,-1,1,-1,1,1,1,-1,-1,1,-1,-1,1,-1,-1,-1,1,-1,1,1,1,-1,-1,1,-1,-1,1,-1,-1,-1,-1,-1,-1,1,-1,-1,-1,1,-1,-1,1,-1,-1,-1,-1,1,-1,1,-1,-1,-1,-1,1,-1,-1,1,1,1,-1,1,-1,1,1,1,-1,1,-1,-1,-1,1,-1,-1,1,1,1,-1,1,-1,1,1,1,-1,1,1,-1,-1,-1,1,-1,-1,1,-1,-1,1,1,1,-1,1,-1,-1,1,1,-1,-1,1,-1,-1,1,1,-1,-1,1,-1,-1,-1,1,1,-1,1,-1,-1,-1,1,-1,-1,1,-1,1,-1,1,1,-1,-1,1,-1,-1,-1,-1,-1,1,1,1,-1,-1,1,-1,-1,1,-1,-1,1,-1,-1,1,1,-1,-1,1,-1,-1,1,1,-1,1,-1,-1,-1,-1,1,1,-1,-1,-1,-1,1,1,-1,-1,1,-1,-1,-1,1,1,-1,-1,-1,-1,-1,1,-1,-1,-1,-1,-1,1,1,1,-1,-1,-1,-1,-1,1,1,-1,-1,-1,-1,-1,1,1,1,-1,-1,-1,-1,1,1,-1,-1,-1,-1,1,1,1,1,1,-1,1,1,1,1,1,1,-1,-1,1,1,1,-1,-1,-1,1,1,1,1,-1,1,-1,-1,1,-1,1,-1,1,-1,-1,1,-1,1,-1,1,-1,-1,1,-1,1,-1,1,1,-1,1,-1,1,1,1,1,-1,1,-1,1,1,1,-1,-1,1,1,-1,1,1,-1,-1,1,-1,1,-1,1,-1,-1,-1,-1,-1,1,1,-1,-1,1,-1,-1,1,1,-1,-1,-1,-1,1,-1,1,-1,-1,-1,-1,-1,1,-1,-1,1,-1,-1,1,-1,1,-1,-1,-1,-1,-1,1,1,1,-1,-1,-1,1,1,1,-1,-1,-1,1,-1,-1,1,-1,1,-1,-1,1,1,1,-1,-1,-1,-1,1,-1,1,1,-1,1,-1,-1,1,1,-1,-1,-1,-1,-1,-1,1,1,-1,-1,1,-1,1,1,-1,-1,-1,1,-1,1,1,-1,-1,1,-1,-1,1,1,1,-1,1,-1,1,1,1,-1,-1,1,-1,-1,1,1,1,-1,1,-1,-1,1,1,-1,1,1,-1,-1,1,1,1,1,1,-1,-1,1,1,1,1,1,-1,-1,1,1,1,1,1,1,-1,-1,1,1,-1,1,-1,-1,1,-1,1,1,1,1,-1,-1,1,-1,1,1,1,-1,1,1,1,1,-1,1,-1,1,1,1,1,1,1,1,-1,1,1,1,1,-1,1,-1,1,1,1,1,1,-1,1,1,1,1,-1,1,1,-1,1,1,-1,1,1,-1,-1,1,1,1,1,-1,1,-1,1,1,1,-1,-1,1,-1,1,1,1,-1,1,-1,-1,-1,1,1,-1,-1,1,-1,-1,1,1,-1,-1,1,-1,-1,1,1,1,-1,1,-1,-1,1,1,-1,-1,-1,1,-1,1,1,-1,1,1,-1,1,1,-1,-1,1,-1,-1,-1,1,1,-1,1,1,-1,1,1,-1,-1,-1,-1,1,-1,-1,-1,-1,1,-1,-1,1,1,-1,1,1,-1,1,1,1,1,-1,1,-1,1,1,1,1,-1,1,-1,-1,1,1,1,-1,1,-1,1,1,1,1,-1,1,-1,1,1,1,-1,-1,1,-1,-1,1,1,-1,-1,-1,1,-1,1,-1,1,-1,1,-1,-1,1,-2670.0,1,2000,445,1000,False
1203,1,1,-1,-1,1,-1,-1,-1,1,1,1,-1,1,1,1,1,-1,1,-1,-1,-1,-1,1,1,1,-1,1,-1,1,1,1,1,-1,-1,-1,-1,1,-1,1,1,-1,-1,-1,1,1,1,1,-1,1,1,1,1,-1,1,-1,-1,1,-1,1,1,1,-1,-1,-1,1,1,1,1,-1,-1,-1,1,1,1,1,-1,-1,-1,1,1,1,-1,-1,-1,1,1,1,1,-1,-1,-1,1,1,1,1,-1,-1,1,1,-1,1,1,-1,-1,1,1,1,1,1,-1,-1,-1,1,1,1,1,-1,-1,1,1,1,1,1,1,-1,-1,1,1,-1,1,1,-1,1,1,1,1,1,1,-1,1,1,1,1,1,1,-1,1,1,1,1,1,1,-1,-1,-1,1,1,1,1,-1,1,1,1,1,-1,1,-1,1,-1,1,1,1,-1,-1,1,1,1,1,1,-1,1,-1,-1,1,-1,1,-1,1,1,1,1,1,1,1,1,1,-1,1,-1,1,-1,1,1,-1,1,-1,1,1,-1,1,-1,1,-1,1,-1,1,1,-1,1,-1,1,1,1,1,-1,-1,1,1,-1,-1,1,-1,1,-1,-1,1,-1,1,-1,1,-1,1,-1,-1,1,-1,-1,-1,1,1,-1,1,-1,1,1,1,-1,1,1,-1,1,-1,1,-1,1,-1,1,-1,1,1,-1,1,-1,-1,-1,1,1,-1,1,-1,-1,-1,1,1,-1,-1,1,1,-1,-1,1,1,-1,1,1,-1,1,1,1,1,-1,1,-1,1,1,-1,1,-1,1,1,-1,1,1,1,1,1,-1,-1,1,-1,-1,-1,1,1,-1,1,1,1,-1,1,-1,-1,1,1,1,1,1,-1,1,1,1,-1,-1,1,-1,1,1,1,-1,1,1,-1,-1,1,1,1,-1,1,-1,1,1,1,-1,1,1,-1,1,1,1,-1,1,-1,-1,1,1,1,-1,1,-1,-1,-1,1,1,-1,1,-1,-1,1,-1,1,-1,1,1,-1,-1,1,1,1,-1,1,-1,-1,1,1,-1,1,-1,-1,-1,-1,-1,-1,1,-1,-1,-1,1,1,-1,1,-1,1,-1,1,1,1,1,1,-1,1,1,1,-1,1,-1,-1,-1,-1,1,1,1,1,-1,-1,1,1,1,1,-1,-1,1,-1,-1,1,-1,1,-1,-1,1,-1,1,1,-1,-1,1,1,-1,1,-1,1,-1,-1,1,-1,1,1,-1,-1,-1,1,-1,-1,1,1,-1,-1,1,-1,1,1,-1,1,-1,1,-1,-1,1,1,-1,-1,1,-1,1,1,-1,-1,1,1,-1,1,-1,1,-1,1,-1,-1,1,-1,1,-1,1,-1,-1,1,-1,-1,-1,1,-1,-1,1,-1,1,-1,1,-1,-1,1,-1,-1,1,-1,1,-1,1,1,1,-1,1,1,-1,-1,1,1,-1,1,-1,-1,1,-1,1,1,1,1,-1,-1,1,1,-1,1,1,1,-1,1,1,1,-1,1,1,-1,1,1,1,1,1,1,1,-1,-1,-1,1,-1,1,1,1,1,-1,1,-1,1,-1,-1,-1,1,1,-1,1,1,-1,-1,-1,1,-1,1,1,-1,1,-1,1,-1,-1,-1,-1,-1,-1,1,-1,-1,-1,-1,-1,-1,1,-1,1,1,1,1,-1,1,-1,1,1,-1,-1,-1,1,-1,-1,1,-1,1,-1,-1,1,1,1,1,-1,-1,1,1,1,1,-1,1,-1,-1,1,1,1,-1,-1,-1,1,1,1,1,-1,-1,-1,1,-1,1,-1,1,-1,-1,-1,1,1,1,-1,-1,-1,1,1,1,1,1,-1,-1,-1,1,1,1,1,-1,-1,-1,1,-1,1,-1,-1,-1,1,1,1,1,1,-1,-1,-1,1,1,1,1,-1,-1,-1,1,1,-1,1,-1,-1,-1,1,1,1,1,-1,-1,1,1,1,1,-1,-1,1,1,-1,1,1,-1,-1,-1,1,1,1,1,1,-1,1,1,1,1,1,-1,-1,-1,1,-1,1,-1,-1,-1,-1,1,-1,1,1,1,-1,-1,1,-1,1,1,-1,1,-1,1,1,1,1,-1,1,-1,1,-1,1,1,-1,-1,-1,1,1,-1,-1,-1,-1,-1,1,-1,1,-1,-1,-1,-1,-1,-1,-1,1,-1,-1,-1,1,-1,-1,1,-1,-1,-1,-1,-1,-1,1,-1,-1,-1,-1,-1,1,-1,-1,-1,1,-1,-1,1,-1,1,-1,-1,-1,-1,-1,-1,-1,1,-1,-1,-1,1,1,1,-1,-1,1,-1,-1,-1,-1,-1,1,-1,-1,1,1,1,-1,-1,-1,-1,1,-1,1,1,-1,1,-1,-1,1,1,-1,-1,-1,-1,-1,-1,1,1,-1,-1,1,-1,1,1,-1,-1,-1,1,-1,1,1,-1,-1,1,-1,-1,1,1,1,-1,1,-1,1,1,1,-1,-1,1,-1,-1,1,1,1,-1,1,-1,-1,1,1,-1,1,1,-1,-1,1,1,1,1,1,-1,-1,1,1,-1,1,1,-1,-1,1,1,1,1,-1,1,-1,-1,1,1,-1,1,-1,-1,1,-1,1,1,1,1,-1,-1,1,-1,1,1,1,-1,1,1,1,1,-1,1,-1,1,1,1,1,1,1,1,-1,1,1,1,1,-1,1,-1,1,1,1,1,1,-1,1,1,1,1,-1,1,1,-1,1,1,-1,1,1,-1,-1,1,1,1,1,-1,1,-1,1,1,1,-1,-1,1,-1,1,1,1,-1,1,-1,-1,-1,1,1,-1,-1,1,-1,-1,1,1,1,-1,1,-1,-1,1,1,1,-1,1,-1,-1,1,1,-1,-1,-1,1,-1,-1,1,-1,1,1,-1,1,1,-1,-1,1,-1,-1,-1,1,1,-1,1,1,-1,1,1,-1,-1,-1,-1,1,-1,-1,-1,-1,1,-1,-1,1,1,-1,1,1,-1,1,1,1,1,-1,1,-1,1,1,1,-1,-1,1,-1,-1,-1,1,-1,-1,1,-1,1,1,1,-1,-1,1,-1,1,1,1,1,-1,1,-1,-1,1,1,-1,-1,-1,1,-1,1,1,1,-1,1,-1,-1,1,-2670.0,1,2000,445,0,False
1204,1,1,-1,-1,1,-1,-1,-1,1,1,1,-1,1,1,1,1,-1,1,-1,-1,1,-1,1,1,1,-1,-1,-1,1,1,1,1,1,-1,-1,-1,1,1,1,1,-1,-1,-1,1,1,1,1,-1,1,1,1,1,-1,1,-1,-1,1,-1,1,1,1,-1,-1,-1,1,1,1,1,-1,-1,-1,1,1,1,1,-1,-1,-1,1,1,1,-1,-1,-1,1,1,1,1,-1,1,-1,1,1,1,1,-1,-1,1,1,-1,1,1,-1,-1,1,1,1,1,1,-1,-1,1,1,-1,1,1,-1,-1,1,1,1,1,1,1,-1,1,1,1,-1,1,1,-1,1,1,1,1,1,1,-1,-1,1,1,1,1,1,-1,1,1,1,1,1,1,-1,-1,-1,1,1,1,1,-1,1,1,1,1,-1,1,-1,1,-1,1,1,1,-1,-1,1,1,1,1,1,-1,1,-1,-1,1,-1,1,-1,1,1,1,1,1,1,1,1,1,-1,1,-1,1,-1,1,1,-1,1,-1,1,1,-1,1,-1,1,-1,1,-1,1,1,-1,1,-1,1,1,1,1,-1,-1,1,1,-1,-1,1,-1,1,-1,-1,1,-1,1,-1,1,-1,1,-1,1,1,-1,-1,-1,1,1,-1,1,-1,1,1,1,-1,1,1,-1,1,-1,1,-1,1,-1,1,-1,1,1,-1,1,-1,-1,-1,1,1,-1,1,-1,-1,-1,1,1,-1,-1,1,1,-1,-1,1,1,-1,1,1,-1,1,1,1,1,-1,1,-1,1,1,-1,1,-1,1,1,1,1,1,1,1,1,-1,-1,1,-1,-1,-1,1,1,-1,1,1,1,-1,1,1,1,1,1,1,-1,1,-1,1,1,1,-1,1,1,-1,1,1,1,-1,1,1,-1,-1,1,1,1,-1,1,-1,1,1,1,-1,1,1,-1,1,1,1,-1,1,1,-1,1,1,1,-1,1,1,-1,-1,1,1,1,1,1,-1,1,-1,1,-1,1,-1,1,-1,1,1,1,-1,-1,1,-1,1,1,-1,1,1,1,-1,-1,-1,-1,1,1,1,-1,1,1,-1,1,1,-1,-1,1,1,-1,1,1,-1,1,1,1,1,1,1,1,1,-1,1,-1,-1,-1,1,-1,1,-1,-1,1,1,1,-1,1,-1,1,-1,1,1,1,-1,1,-1,1,1,1,1,1,-1,1,-1,-1,1,-1,1,-1,-1,-1,1,1,1,1,-1,-1,1,-1,1,1,1,-1,1,-1,1,-1,1,1,-1,-1,1,-1,1,1,1,1,-1,-1,1,1,1,1,-1,-1,1,1,1,1,-1,1,-1,1,1,1,1,-1,-1,-1,-1,1,1,1,-1,1,-1,1,-1,1,1,-1,-1,1,-1,1,1,1,1,-1,1,-1,-1,1,1,1,-1,-1,-1,1,1,1,-1,-1,1,-1,-1,1,-1,1,-1,-1,-1,-1,1,-1,1,-1,-1,1,-1,-1,1,1,1,-1,1,-1,1,-1,-1,1,1,-1,-1,-1,1,-1,1,1,1,1,-1,1,-1,-1,1,1,-1,1,1,-1,-1,-1,1,-1,-1,1,-1,-1,1,1,1,-1,1,-1,-1,1,1,-1,-1,1,-1,1,1,1,-1,-1,1,-1,-1,-1,1,1,-1,1,1,-1,-1,1,-1,-1,1,-1,1,-1,1,1,-1,-1,1,-1,-1,-1,-1,-1,1,1,1,-1,-1,1,-1,-1,1,-1,-1,1,-1,-1,1,1,-1,-1,1,1,-1,1,1,-1,1,-1,1,-1,-1,1,1,-1,-1,-1,-1,-1,1,-1,-1,1,-1,-1,-1,1,1,-1,-1,-1,-1,-1,1,-1,-1,-1,-1,-1,1,1,1,-1,-1,-1,-1,-1,1,1,-1,-1,-1,-1,-1,1,1,1,-1,-1,-1,-1,1,1,-1,-1,-1,-1,1,1,1,1,-1,-1,1,1,1,1,1,-1,-1,-1,1,1,1,-1,1,-1,1,1,1,1,-1,1,-1,-1,1,-1,1,-1,1,-1,-1,1,-1,1,-1,-1,-1,-1,1,-1,1,-1,1,-1,-1,1,-1,1,-1,1,-1,-1,1,-1,1,-1,-1,-1,-1,1,1,-1,-1,-1,-1,-1,1,-1,1,-1,-1,-1,-1,-1,-1,-1,1,-1,-1,-1,1,-1,-1,1,-1,-1,-1,-1,-1,1,1,-1,-1,-1,-1,-1,1,-1,-1,-1,1,-1,-1,1,-1,1,-1,-1,-1,-1,-1,-1,-1,1,-1,-1,-1,1,1,-1,-1,-1,1,1,-1,-1,-1,-1,1,-1,-1,1,1,1,-1,-1,-1,-1,1,1,1,1,-1,1,-1,-1,-1,1,-1,-1,-1,-1,-1,-1,1,1,-1,-1,1,-1,1,1,-1,-1,-1,1,-1,1,1,-1,-1,1,-1,-1,1,1,1,-1,1,-1,1,1,1,-1,-1,1,-1,-1,1,1,1,-1,1,-1,-1,1,1,-1,1,1,-1,-1,1,1,1,1,1,-1,-1,1,1,1,1,1,-1,-1,1,1,1,1,1,1,-1,1,1,1,-1,1,-1,-1,1,-1,1,1,1,1,-1,-1,1,-1,1,1,1,-1,1,1,1,1,-1,1,-1,1,1,1,1,1,1,1,-1,1,1,1,1,-1,1,-1,1,1,1,1,1,1,1,1,1,1,-1,1,-1,1,1,1,-1,1,1,1,1,-1,1,1,1,-1,1,1,1,1,1,-1,-1,1,-1,1,1,1,-1,1,-1,1,1,1,1,-1,-1,1,1,-1,1,1,-1,-1,1,1,-1,1,1,1,-1,1,-1,1,1,1,-1,-1,-1,-1,1,-1,1,-1,1,1,1,1,1,-1,-1,1,1,1,1,-1,1,-1,1,-1,1,1,1,-1,-1,-1,-1,-1,-1,-1,-1,-1,1,-1,1,1,1,-1,1,1,-1,-1,1,1,1,-1,1,-1,1,1,1,1,-1,1,-1,1,1,1,1,-1,1,-1,1,1,1,1,-1,1,-1,1,-1,-1,-1,-1,1,-1,-1,1,1,-1,-1,-1,-1,1,1,-1,1,-1,1,-1,-1,1,-2670.0,1,2000,445,0,False
1205,1,1,-1,-1,1,-1,1,-1,1,1,1,-1,1,1,1,1,-1,1,1,-1,1,-1,1,1,1,1,-1,-1,1,1,1,1,-1,-1,-1,-1,1,1,1,1,-1,-1,-1,1,1,1,1,-1,1,1,1,1,-1,1,-1,-1,1,-1,1,1,1,-1,-1,-1,1,1,1,1,-1,-1,-1,1,1,1,1,-1,-1,-1,1,1,1,-1,-1,-1,1,1,1,1,-1,-1,-1,1,1,1,1,-1,-1,1,1,-1,1,1,-1,-1,1,1,1,1,1,-1,-1,1,1,1,1,1,-1,-1,1,1,1,1,1,1,-1,1,1,1,-1,1,1,-1,1,1,1,1,1,1,-1,-1,1,1,1,1,1,-1,1,1,1,1,1,1,-1,-1,-1,1,1,1,1,-1,1,1,1,1,-1,1,-1,1,1,1,1,1,-1,-1,1,1,1,1,1,-1,1,-1,-1,1,-1,1,-1,1,1,1,1,1,1,1,1,1,-1,1,-1,1,-1,1,1,-1,1,-1,1,1,-1,1,-1,1,-1,1,-1,1,1,-1,1,-1,1,1,1,1,-1,-1,1,1,-1,-1,1,-1,1,-1,-1,1,-1,1,-1,1,-1,1,-1,-1,1,-1,1,-1,1,1,-1,1,-1,1,1,1,-1,1,1,-1,-1,-1,1,-1,1,-1,1,-1,1,1,-1,1,-1,-1,-1,1,1,-1,1,-1,-1,-1,1,1,-1,-1,1,1,-1,-1,1,1,-1,1,1,-1,1,1,1,1,-1,1,-1,1,1,-1,1,-1,1,1,-1,1,1,1,1,1,-1,-1,1,-1,-1,-1,1,1,-1,1,1,1,-1,1,-1,-1,1,1,1,1,1,-1,1,1,1,-1,1,1,-1,1,1,1,-1,1,1,-1,-1,1,1,1,-1,1,-1,1,1,1,-1,1,1,-1,1,1,1,-1,1,-1,-1,1,1,1,-1,1,-1,-1,-1,1,1,-1,1,-1,-1,1,-1,1,-1,1,1,-1,-1,1,1,1,-1,1,-1,-1,1,1,-1,1,-1,-1,-1,-1,-1,-1,1,-1,-1,-1,1,1,-1,1,-1,-1,-1,1,1,1,1,-1,-1,1,1,1,-1,1,-1,-1,-1,-1,1,1,1,1,-1,-1,1,1,1,1,-1,-1,1,-1,-1,1,-1,1,-1,-1,1,-1,1,-1,-1,-1,1,1,-1,1,-1,1,-1,-1,1,-1,1,1,-1,-1,-1,1,-1,-1,1,1,-1,-1,1,-1,1,1,-1,1,-1,1,-1,-1,1,1,-1,-1,1,-1,1,1,-1,-1,1,1,-1,1,-1,1,-1,1,-1,-1,1,-1,1,-1,1,-1,-1,1,-1,-1,-1,1,-1,-1,1,-1,1,-1,1,-1,-1,1,-1,-1,1,-1,1,-1,1,-1,1,-1,1,1,-1,-1,-1,1,-1,1,-1,-1,1,-1,1,1,1,1,-1,-1,1,1,-1,1,1,1,-1,1,1,1,-1,1,1,-1,1,1,1,1,-1,1,1,-1,-1,-1,1,-1,1,1,-1,1,-1,1,-1,1,-1,-1,-1,1,1,-1,1,1,-1,-1,1,1,-1,1,1,-1,1,-1,1,-1,-1,-1,-1,-1,-1,1,-1,-1,-1,-1,-1,-1,1,-1,1,1,1,1,-1,1,-1,1,1,-1,-1,-1,1,-1,-1,1,-1,1,-1,-1,1,1,1,1,-1,-1,-1,1,1,1,-1,1,-1,1,1,1,1,-1,-1,-1,-1,1,1,1,-1,-1,-1,1,-1,1,-1,1,1,-1,-1,1,1,1,-1,-1,-1,1,1,1,1,1,-1,-1,-1,1,1,1,1,-1,-1,-1,1,1,1,-1,-1,-1,1,1,1,1,1,-1,-1,-1,1,1,1,1,-1,-1,-1,1,1,-1,1,-1,-1,-1,1,1,1,1,-1,-1,1,1,1,1,-1,-1,1,1,-1,1,1,-1,-1,-1,1,1,1,1,1,-1,1,1,1,1,1,-1,-1,-1,1,-1,1,-1,-1,-1,-1,1,-1,1,1,-1,-1,-1,1,-1,1,1,-1,-1,-1,1,1,1,1,-1,-1,-1,1,-1,1,1,-1,-1,-1,1,1,-1,-1,-1,-1,-1,1,-1,1,-1,-1,-1,-1,-1,-1,-1,1,-1,-1,-1,1,-1,-1,1,-1,-1,-1,-1,-1,1,1,-1,-1,-1,-1,-1,1,-1,-1,-1,1,-1,-1,1,-1,1,-1,-1,-1,-1,-1,-1,-1,1,-1,-1,-1,1,1,1,-1,-1,1,-1,-1,-1,-1,-1,1,-1,-1,1,1,1,-1,-1,-1,-1,1,-1,1,1,-1,1,-1,-1,1,1,-1,-1,-1,-1,-1,-1,1,1,-1,-1,1,-1,1,1,-1,-1,-1,1,-1,1,1,-1,-1,1,-1,-1,1,1,1,-1,1,-1,1,1,1,-1,-1,1,-1,-1,1,1,1,-1,1,-1,-1,1,1,-1,1,1,-1,-1,1,1,-1,1,1,-1,-1,1,1,-1,1,1,-1,-1,1,1,1,1,-1,1,-1,-1,1,-1,1,1,-1,-1,1,-1,1,1,1,1,-1,-1,1,-1,1,1,1,-1,1,1,1,1,-1,1,-1,1,1,1,1,1,1,1,-1,1,1,1,1,-1,1,-1,1,1,1,1,1,-1,1,1,1,1,-1,1,1,-1,1,1,-1,1,1,-1,-1,1,1,1,1,-1,1,-1,1,1,1,-1,-1,1,-1,1,1,1,-1,1,-1,-1,-1,1,1,-1,-1,1,-1,-1,1,1,-1,-1,1,-1,-1,1,1,1,1,-1,-1,-1,1,1,-1,-1,-1,1,-1,-1,1,-1,1,1,-1,1,1,-1,-1,1,1,-1,-1,1,1,-1,1,1,-1,1,1,-1,-1,-1,-1,1,-1,-1,-1,-1,1,-1,-1,1,1,-1,1,1,-1,1,1,1,1,-1,1,-1,1,1,1,1,-1,1,-1,1,1,1,1,-1,1,-1,-1,1,1,1,-1,1,-1,1,1,-1,-1,-1,1,-1,-1,1,1,-1,-1,-1,1,-1,1,-1,1,-1,1,-1,-1,1,-2670.0,1,2000,445,0,False
1206,1,1,-1,-1,1,1,-1,-1,1,1,1,-1,1,1,1,1,-1,1,-1,-1,1,-1,1,1,1,-1,-1,-1,1,1,1,1,1,-1,-1,-1,1,-1,1,1,-1,-1,-1,1,1,1,1,-1,1,1,1,1,-1,1,-1,-1,1,-1,1,1,-1,-1,-1,-1,1,1,1,1,-1,-1,-1,1,1,1,1,-1,-1,-1,1,1,1,-1,-1,-1,1,1,1,1,-1,1,-1,1,1,1,1,-1,-1,1,1,-1,1,1,-1,-1,1,1,1,1,1,-1,-1,1,1,1,1,1,-1,-1,1,1,1,1,1,1,-1,1,1,1,-1,1,1,-1,1,1,1,1,1,1,-1,-1,1,1,1,1,1,-1,1,1,1,1,1,1,-1,-1,-1,1,1,1,1,-1,1,1,1,1,-1,1,-1,1,1,1,1,1,-1,-1,1,1,1,1,1,-1,1,-1,-1,1,-1,1,-1,1,1,1,1,1,1,1,1,1,-1,1,-1,1,-1,1,1,-1,1,-1,1,1,-1,1,-1,1,-1,1,-1,1,1,-1,1,-1,1,1,1,1,-1,-1,1,1,-1,-1,1,-1,1,-1,-1,1,-1,1,-1,1,-1,1,-1,1,1,-1,-1,-1,1,1,-1,1,-1,1,1,1,-1,1,1,-1,1,-1,1,-1,1,-1,1,-1,1,1,-1,1,-1,-1,-1,1,1,-1,1,-1,-1,-1,1,1,-1,-1,1,1,-1,-1,1,1,-1,1,1,-1,1,1,1,1,-1,1,-1,1,1,-1,1,-1,1,1,-1,1,1,-1,-1,1,-1,-1,1,-1,-1,-1,1,1,-1,1,1,1,-1,1,-1,-1,1,1,1,1,1,-1,1,1,1,1,-1,1,-1,1,1,1,-1,1,1,-1,-1,1,1,1,-1,1,-1,1,1,1,-1,1,1,-1,1,1,1,-1,1,-1,-1,1,1,1,1,1,-1,-1,-1,1,1,-1,1,-1,-1,1,-1,1,-1,1,1,-1,-1,1,1,1,1,1,-1,-1,1,1,-1,1,-1,-1,-1,-1,-1,-1,1,1,-1,-1,1,1,-1,1,-1,1,-1,1,1,1,1,1,-1,1,1,1,-1,1,-1,-1,-1,-1,1,1,1,1,-1,-1,1,1,1,1,-1,-1,1,-1,-1,1,-1,1,-1,-1,1,-1,1,1,-1,-1,1,1,-1,1,-1,1,-1,-1,1,-1,1,1,-1,-1,-1,1,-1,-1,1,1,-1,-1,1,-1,1,1,-1,1,-1,1,-1,-1,1,1,-1,-1,1,-1,1,1,-1,-1,1,1,-1,1,-1,1,-1,1,-1,-1,1,-1,1,-1,1,-1,-1,1,-1,-1,-1,1,-1,-1,1,-1,1,-1,1,-1,-1,1,-1,-1,1,-1,1,-1,1,1,1,-1,1,1,-1,-1,1,1,-1,1,-1,-1,1,1,1,1,1,1,-1,-1,1,1,-1,1,1,-1,-1,1,1,1,-1,1,1,-1,1,1,1,1,-1,-1,1,-1,-1,-1,1,-1,-1,1,-1,1,-1,1,-1,1,-1,-1,-1,1,1,-1,1,1,-1,-1,1,1,-1,1,1,-1,1,-1,1,-1,-1,-1,-1,-1,-1,1,-1,-1,-1,-1,-1,-1,1,-1,1,1,1,1,-1,1,-1,1,1,-1,-1,-1,1,-1,-1,1,-1,1,-1,-1,1,1,1,1,-1,-1,-1,1,1,1,-1,1,-1,1,1,1,1,-1,-1,-1,1,1,1,1,-1,-1,-1,1,-1,1,-1,1,1,-1,-1,1,1,1,-1,-1,-1,-1,1,1,1,1,-1,-1,-1,1,1,1,1,-1,-1,-1,1,-1,1,-1,-1,-1,1,1,1,1,1,-1,-1,-1,1,1,1,1,-1,-1,-1,1,1,-1,1,-1,-1,-1,1,1,1,1,-1,-1,1,1,1,1,-1,-1,1,1,-1,1,1,-1,-1,-1,1,1,1,1,1,-1,1,1,1,1,1,-1,-1,-1,1,-1,1,-1,-1,-1,-1,1,-1,1,1,1,-1,-1,1,-1,1,1,-1,1,-1,1,1,1,1,-1,1,-1,1,-1,1,1,-1,-1,-1,1,1,-1,-1,-1,-1,-1,1,-1,1,-1,-1,-1,-1,-1,-1,-1,1,-1,-1,-1,1,-1,-1,1,-1,-1,-1,-1,-1,-1,1,-1,-1,-1,-1,-1,1,-1,-1,-1,1,-1,-1,1,-1,1,-1,-1,-1,-1,-1,-1,-1,1,-1,-1,-1,1,1,1,-1,-1,1,-1,-1,-1,-1,-1,1,-1,-1,1,1,1,-1,-1,-1,-1,1,-1,1,1,-1,1,-1,-1,1,1,-1,-1,-1,-1,-1,-1,1,1,-1,-1,1,-1,1,1,-1,-1,-1,1,-1,1,1,-1,-1,1,-1,-1,1,1,1,-1,1,-1,1,1,1,-1,-1,1,-1,-1,1,1,1,-1,1,-1,-1,1,1,-1,1,1,-1,-1,1,1,1,1,1,-1,-1,1,1,1,1,1,-1,-1,1,1,1,1,1,1,-1,-1,1,1,1,1,-1,-1,1,-1,1,1,1,1,-1,-1,1,-1,1,1,1,-1,1,1,1,1,-1,1,-1,1,1,1,1,1,1,1,-1,1,1,1,1,-1,1,-1,1,1,1,1,1,-1,1,1,1,1,-1,-1,1,-1,1,1,-1,1,1,-1,-1,1,1,1,-1,1,1,-1,1,1,1,-1,-1,1,-1,1,1,1,-1,1,-1,-1,-1,1,1,-1,-1,1,-1,-1,1,1,-1,-1,1,-1,-1,1,1,1,1,-1,-1,-1,1,1,-1,-1,-1,1,-1,1,1,-1,1,1,-1,1,1,-1,-1,1,-1,-1,-1,-1,1,-1,1,1,-1,1,1,-1,-1,1,-1,1,-1,-1,-1,-1,1,-1,-1,1,1,-1,1,1,-1,1,1,1,1,-1,1,-1,1,1,1,1,-1,1,-1,-1,-1,1,1,-1,1,-1,1,1,1,1,-1,1,-1,1,1,-1,-1,-1,1,-1,-1,1,1,-1,-1,-1,1,-1,1,-1,1,-1,1,-1,-1,1,-2670.0,1,2000,445,0,False
1207,1,1,-1,-1,1,-1,-1,-1,1,1,1,-1,1,1,1,1,-1,1,1,-1,-1,-1,1,1,1,1,-1,-1,1,1,1,1,-1,-1,-1,-1,1,1,1,1,-1,-1,-1,1,1,1,1,-1,1,1,1,1,-1,1,-1,-1,1,-1,1,1,1,-1,-1,-1,1,1,1,1,-1,-1,-1,1,1,1,1,-1,-1,-1,1,1,1,-1,-1,-1,1,1,1,1,-1,-1,1,1,1,1,1,-1,-1,-1,1,-1,1,1,-1,-1,1,1,1,1,1,-1,-1,-1,1,1,1,1,-1,-1,1,1,1,1,1,1,-1,-1,1,1,-1,1,1,-1,1,1,1,1,1,1,-1,1,1,1,1,1,1,-1,1,1,1,1,1,1,-1,-1,-1,1,1,1,1,-1,1,1,1,1,-1,1,-1,1,-1,1,1,1,-1,-1,1,1,1,1,1,-1,1,-1,-1,1,-1,1,-1,1,1,1,1,1,1,1,1,1,-1,1,-1,1,-1,1,1,-1,1,-1,1,1,-1,1,-1,1,-1,1,-1,1,1,-1,1,-1,1,1,1,1,-1,-1,1,1,-1,-1,1,-1,1,-1,1,1,-1,1,-1,1,-1,1,-1,1,1,-1,-1,-1,1,1,-1,1,-1,1,1,1,-1,1,1,-1,-1,-1,1,-1,1,-1,1,-1,1,1,-1,1,-1,-1,-1,1,1,-1,1,-1,-1,-1,1,1,-1,-1,1,1,-1,-1,1,1,-1,1,1,-1,1,1,1,1,-1,1,-1,1,1,-1,1,-1,1,1,1,1,1,1,1,1,-1,-1,1,-1,-1,-1,1,1,-1,1,1,1,-1,1,1,1,1,1,1,1,1,-1,1,1,1,-1,-1,1,-1,1,1,1,-1,1,1,-1,-1,1,1,1,-1,1,-1,1,1,1,-1,1,1,-1,1,1,1,-1,1,1,-1,1,1,1,-1,1,1,-1,-1,1,1,-1,1,1,-1,1,-1,1,-1,1,1,1,-1,1,1,1,1,1,1,-1,1,1,-1,1,1,1,-1,-1,-1,-1,1,1,1,-1,1,1,-1,1,1,-1,-1,1,1,1,1,1,-1,1,1,1,-1,1,1,1,-1,-1,1,1,1,-1,1,-1,1,1,1,1,1,1,-1,-1,-1,1,-1,-1,1,1,-1,1,1,1,1,1,1,1,-1,1,-1,-1,1,-1,1,-1,1,1,-1,1,1,1,-1,-1,1,-1,1,1,1,-1,1,1,1,-1,1,1,-1,-1,1,-1,1,1,1,-1,1,1,1,1,1,1,-1,1,-1,-1,1,1,-1,-1,1,-1,-1,1,1,-1,-1,1,-1,1,1,1,-1,-1,1,-1,-1,1,1,-1,-1,1,-1,1,1,1,1,-1,1,1,-1,-1,1,1,-1,-1,-1,1,-1,1,-1,-1,1,-1,-1,1,-1,1,-1,-1,1,-1,1,-1,1,-1,-1,1,-1,-1,1,1,1,-1,1,-1,1,-1,1,1,1,-1,-1,-1,1,-1,-1,1,1,1,-1,1,-1,1,1,1,-1,1,1,-1,-1,-1,1,-1,-1,1,-1,-1,1,1,1,-1,1,-1,-1,1,1,-1,-1,1,-1,-1,1,1,-1,-1,1,-1,-1,-1,1,1,-1,1,-1,-1,-1,1,-1,-1,1,-1,1,-1,1,1,-1,-1,1,-1,-1,-1,-1,-1,1,1,1,-1,1,1,-1,-1,1,-1,1,-1,-1,-1,1,1,-1,-1,-1,-1,-1,1,1,-1,1,1,-1,-1,-1,1,1,-1,-1,-1,-1,1,1,-1,-1,1,-1,-1,-1,1,1,-1,-1,-1,-1,-1,1,-1,-1,1,-1,-1,1,1,1,-1,1,-1,-1,-1,1,1,-1,-1,-1,-1,-1,1,1,1,-1,-1,-1,-1,1,1,-1,-1,-1,-1,1,1,1,1,-1,-1,1,1,1,1,1,-1,-1,-1,1,1,1,-1,1,-1,1,1,1,1,-1,1,-1,-1,1,-1,1,-1,1,-1,-1,1,-1,1,-1,-1,-1,-1,1,-1,1,-1,1,-1,-1,1,-1,1,-1,1,-1,-1,1,-1,1,-1,-1,-1,-1,1,1,-1,-1,-1,-1,-1,1,-1,1,-1,-1,-1,-1,-1,-1,-1,1,-1,-1,-1,1,-1,-1,1,-1,-1,-1,-1,-1,-1,1,-1,-1,-1,-1,-1,1,-1,-1,-1,1,-1,-1,1,-1,1,-1,-1,-1,-1,-1,-1,-1,1,-1,-1,-1,1,1,-1,-1,-1,-1,1,-1,-1,-1,-1,1,-1,-1,1,-1,1,-1,-1,-1,-1,1,-1,1,1,-1,1,-1,-1,1,1,-1,-1,-1,-1,-1,-1,1,1,-1,-1,1,-1,1,1,-1,-1,-1,1,-1,-1,1,-1,-1,1,-1,-1,1,1,1,-1,1,-1,1,1,1,-1,-1,1,-1,-1,1,1,1,-1,1,-1,-1,1,1,-1,1,1,-1,-1,1,1,-1,1,1,-1,-1,1,1,-1,1,1,-1,-1,1,1,1,1,1,1,-1,-1,1,-1,1,1,-1,-1,1,-1,1,1,1,1,-1,-1,1,-1,1,1,1,-1,1,1,1,1,-1,1,-1,1,1,1,1,1,1,1,-1,1,1,1,1,-1,1,-1,1,1,1,1,1,-1,1,1,1,1,-1,1,1,-1,1,1,-1,1,1,-1,-1,1,1,1,1,-1,1,-1,1,1,1,-1,-1,1,-1,1,1,1,-1,1,-1,-1,-1,1,1,-1,-1,1,-1,-1,1,1,1,-1,1,-1,-1,1,1,1,-1,-1,-1,-1,1,1,-1,-1,-1,1,-1,-1,1,-1,1,1,-1,1,1,-1,-1,1,-1,-1,-1,1,1,-1,1,1,-1,1,1,-1,-1,-1,-1,1,-1,-1,-1,-1,1,-1,-1,1,1,-1,1,1,-1,1,1,1,1,-1,1,-1,1,1,1,-1,-1,1,-1,-1,1,1,-1,-1,1,-1,1,1,1,-1,-1,1,-1,1,1,1,1,-1,1,-1,-1,1,1,1,-1,-1,1,-1,1,-1,1,-1,1,-1,-1,1,-2670.0,1,2000,445,1500,False
1208,1,1,-1,-1,1,1,-1,-1,1,1,1,-1,1,1,1,1,-1,1,-1,-1,-1,-1,1,1,1,1,-1,-1,1,1,1,1,-1,-1,-1,-1,1,-1,1,1,-1,-1,-1,1,1,1,1,-1,1,1,1,1,-1,1,-1,-1,1,-1,1,1,1,-1,-1,-1,1,1,1,1,-1,-1,-1,1,1,1,1,-1,-1,-1,1,1,1,-1,-1,-1,1,1,1,1,-1,-1,1,1,1,1,1,-1,-1,-1,1,-1,1,1,-1,-1,1,1,1,1,1,-1,-1,-1,1,1,1,1,-1,-1,1,1,1,1,1,1,-1,-1,1,1,-1,1,1,-1,1,1,1,1,1,1,-1,1,1,1,1,1,1,-1,1,1,1,1,1,1,-1,-1,-1,1,1,1,1,-1,1,1,1,1,-1,1,-1,1,-1,1,1,1,-1,-1,1,1,1,1,1,-1,1,-1,-1,1,-1,1,-1,1,1,1,1,1,1,1,1,1,-1,1,-1,1,-1,1,1,-1,1,-1,1,1,-1,1,-1,1,-1,1,-1,1,1,-1,-1,-1,1,1,1,1,-1,-1,1,1,-1,-1,1,-1,1,-1,-1,1,-1,1,-1,1,-1,1,-1,1,1,-1,-1,-1,1,1,-1,1,-1,1,1,1,-1,1,1,-1,1,-1,1,-1,1,-1,1,-1,1,1,-1,1,-1,-1,-1,1,1,-1,1,-1,-1,-1,1,1,-1,-1,1,1,-1,-1,1,1,-1,1,1,-1,1,1,1,1,-1,1,-1,1,1,-1,1,-1,1,1,-1,1,1,1,1,1,-1,-1,1,-1,-1,-1,1,1,-1,1,1,1,-1,1,-1,-1,1,1,1,1,1,-1,1,1,1,-1,1,1,-1,1,1,1,-1,1,1,-1,-1,1,1,1,-1,1,-1,1,1,1,-1,1,1,-1,1,1,1,-1,1,-1,-1,1,1,1,-1,1,-1,-1,-1,1,1,-1,1,-1,-1,1,-1,1,-1,1,1,-1,-1,1,1,1,-1,1,-1,-1,1,1,-1,1,-1,1,-1,-1,-1,-1,1,1,-1,-1,1,1,-1,1,1,-1,-1,1,1,1,1,1,-1,1,1,1,-1,1,-1,-1,-1,-1,1,1,-1,1,-1,-1,1,-1,1,-1,-1,-1,-1,-1,-1,1,-1,-1,-1,1,-1,1,1,-1,1,-1,1,1,-1,1,-1,1,-1,-1,1,-1,1,-1,1,1,-1,1,-1,-1,1,1,-1,-1,1,-1,1,1,1,-1,-1,1,-1,1,-1,1,-1,1,1,-1,1,-1,-1,-1,1,1,-1,1,-1,-1,-1,1,-1,1,1,-1,-1,-1,1,-1,-1,1,-1,-1,-1,1,-1,1,-1,1,1,-1,1,-1,-1,1,-1,-1,-1,1,1,-1,1,-1,1,-1,1,1,-1,-1,-1,1,-1,1,-1,-1,1,-1,1,-1,1,1,-1,-1,1,1,1,-1,1,-1,-1,1,1,1,1,1,1,-1,1,1,-1,-1,1,-1,1,-1,-1,-1,1,-1,-1,-1,1,1,-1,1,-1,1,-1,-1,-1,1,1,-1,1,1,-1,-1,-1,1,-1,1,-1,-1,1,-1,1,-1,-1,1,1,-1,-1,1,-1,-1,-1,-1,-1,-1,1,-1,1,1,-1,1,-1,1,-1,-1,1,-1,-1,-1,1,-1,-1,-1,1,1,-1,-1,1,1,-1,1,-1,-1,1,1,1,1,1,1,-1,-1,1,1,-1,1,-1,-1,1,1,1,1,-1,-1,-1,1,-1,1,1,1,1,-1,-1,1,1,1,1,-1,-1,1,1,1,1,-1,-1,-1,-1,1,1,1,1,-1,-1,-1,1,1,1,1,-1,-1,-1,1,1,1,1,-1,-1,1,1,1,1,1,-1,-1,-1,1,1,-1,1,-1,-1,-1,1,1,1,1,-1,-1,1,1,1,1,1,-1,1,1,-1,1,1,-1,-1,-1,1,1,1,-1,1,-1,1,1,1,1,1,1,-1,-1,1,-1,1,-1,1,-1,-1,1,-1,1,-1,-1,-1,-1,1,-1,1,1,-1,1,-1,1,1,1,-1,1,1,-1,1,-1,1,-1,-1,-1,-1,1,1,-1,-1,-1,-1,-1,1,-1,1,-1,-1,-1,-1,-1,-1,-1,1,-1,-1,-1,1,-1,-1,1,-1,-1,-1,-1,-1,-1,1,-1,-1,-1,-1,-1,1,-1,-1,-1,1,-1,-1,1,-1,1,-1,-1,-1,-1,-1,-1,-1,1,-1,-1,-1,1,1,1,-1,-1,1,-1,-1,-1,-1,-1,1,-1,-1,1,1,1,-1,-1,-1,-1,1,-1,1,1,-1,1,-1,-1,1,1,-1,-1,-1,-1,-1,-1,1,1,-1,-1,1,-1,1,1,-1,-1,-1,1,-1,-1,1,-1,-1,1,-1,-1,1,1,1,-1,1,-1,1,1,1,-1,-1,1,-1,-1,1,1,1,-1,1,-1,-1,1,1,-1,1,1,-1,-1,1,1,-1,1,1,-1,-1,1,1,-1,1,1,-1,-1,1,1,1,1,1,1,-1,1,1,1,1,1,-1,-1,1,-1,1,1,1,1,-1,-1,1,-1,1,1,1,-1,1,1,1,1,-1,1,-1,1,1,1,1,1,1,1,-1,1,1,1,1,-1,1,-1,1,1,1,1,1,-1,1,1,1,1,-1,1,1,-1,1,1,-1,1,1,-1,-1,1,1,1,1,-1,1,-1,1,1,1,-1,-1,1,-1,1,1,1,-1,1,-1,-1,-1,1,1,-1,-1,1,-1,-1,1,1,-1,-1,1,-1,1,1,1,1,-1,1,-1,-1,1,1,-1,-1,-1,1,1,1,1,-1,1,1,-1,1,1,-1,-1,1,1,-1,-1,1,1,-1,1,1,1,1,1,-1,-1,-1,-1,1,-1,-1,-1,-1,-1,1,1,1,1,-1,1,1,-1,1,1,1,1,-1,1,-1,1,1,1,-1,-1,1,-1,1,1,1,-1,-1,1,-1,1,1,1,-1,-1,1,-1,1,1,1,1,-1,1,-1,1,1,1,1,-1,-1,1,-1,1,-1,1,-1,1,-1,1,1,-2670.0,1,2000,445,1000,False
1209,1,1,-1,-1,1,1,-1,-1,1,1,1,-1,1,1,1,1,-1,1,-1,-1,-1,-1,1,1,1,-1,-1,-1,1,1,1,1,-1,-1,-1,-1,1,-1,1,1,-1,-1,-1,1,1,1,1,-1,1,1,1,1,-1,1,-1,-1,1,-1,1,1,1,-1,-1,-1,1,1,1,1,-1,-1,-1,1,1,1,1,-1,-1,-1,1,1,1,-1,-1,-1,1,1,1,1,-1,-1,-1,1,1,1,1,-1,-1,1,1,-1,1,1,-1,-1,1,1,1,1,1,-1,-1,1,1,-1,1,1,-1,-1,1,1,1,1,1,1,-1,1,1,1,-1,1,1,-1,1,1,1,1,1,1,-1,-1,1,1,1,1,1,-1,1,1,1,1,1,1,-1,-1,-1,1,1,1,1,-1,1,1,1,1,-1,1,-1,1,-1,1,1,1,-1,-1,1,1,1,1,1,-1,1,-1,-1,1,-1,1,-1,1,1,1,1,1,1,1,1,1,-1,1,-1,1,-1,1,1,-1,1,-1,1,1,-1,1,-1,1,-1,1,-1,1,1,-1,1,-1,1,1,1,1,-1,-1,1,1,-1,-1,1,-1,1,-1,1,1,-1,1,-1,1,-1,1,-1,1,1,-1,-1,-1,1,1,-1,1,-1,1,1,1,-1,1,1,-1,1,-1,1,-1,1,-1,1,-1,1,1,-1,1,-1,-1,-1,1,1,-1,1,-1,-1,-1,1,1,-1,-1,1,1,-1,-1,1,1,-1,1,1,-1,1,1,1,1,-1,1,-1,1,1,-1,1,-1,1,-1,1,1,1,1,1,1,-1,-1,1,-1,-1,1,1,1,-1,1,1,1,-1,1,1,1,1,1,1,1,1,-1,1,1,1,-1,1,1,-1,1,1,1,-1,1,1,-1,-1,1,1,1,-1,1,-1,1,1,1,-1,1,1,-1,1,1,1,-1,1,1,-1,1,1,1,-1,1,1,-1,-1,1,1,-1,1,1,-1,1,-1,1,-1,1,1,1,-1,1,1,1,-1,1,1,-1,1,1,-1,1,1,1,-1,-1,-1,-1,1,1,1,-1,1,1,-1,1,1,-1,-1,1,1,1,1,1,-1,1,1,1,-1,1,1,1,1,-1,1,1,1,-1,1,-1,1,1,1,1,1,1,-1,-1,-1,1,-1,-1,1,1,-1,1,1,-1,1,1,1,1,-1,1,-1,-1,1,-1,1,-1,1,1,1,1,1,1,-1,-1,1,-1,1,1,1,-1,1,1,1,-1,1,1,-1,-1,1,-1,1,1,1,-1,1,1,1,1,1,1,-1,1,-1,1,1,1,-1,-1,1,-1,-1,1,1,-1,-1,1,-1,1,1,1,-1,-1,1,-1,-1,1,1,-1,-1,1,-1,1,1,1,1,-1,1,1,-1,-1,1,1,-1,-1,-1,1,-1,1,-1,-1,1,-1,-1,1,-1,1,-1,-1,1,-1,1,-1,1,-1,-1,1,-1,-1,1,1,1,-1,1,-1,1,-1,-1,-1,1,-1,-1,-1,1,-1,-1,1,1,1,-1,1,-1,1,1,1,-1,1,1,-1,-1,-1,1,-1,-1,1,-1,-1,1,1,1,-1,1,-1,-1,1,1,-1,-1,1,-1,-1,1,1,-1,-1,1,-1,-1,-1,1,1,-1,1,1,-1,-1,1,-1,-1,1,-1,1,-1,1,1,-1,-1,1,-1,-1,-1,-1,-1,1,1,1,-1,1,1,-1,-1,1,-1,1,-1,-1,-1,1,1,-1,-1,-1,1,-1,1,1,-1,1,1,1,-1,-1,1,1,-1,-1,-1,-1,1,1,-1,-1,1,-1,-1,-1,1,1,-1,-1,-1,-1,-1,1,-1,-1,1,-1,-1,1,1,1,-1,1,-1,-1,-1,1,1,-1,-1,-1,-1,-1,1,1,1,-1,-1,-1,-1,1,1,-1,-1,-1,-1,1,1,1,1,-1,-1,1,1,1,1,1,-1,-1,-1,1,1,1,1,1,-1,1,1,1,1,-1,1,-1,-1,1,-1,1,-1,1,-1,-1,1,-1,1,-1,-1,-1,-1,1,-1,1,-1,1,1,-1,1,-1,1,-1,1,1,-1,1,-1,1,-1,-1,-1,-1,1,1,-1,-1,-1,-1,-1,1,-1,1,-1,-1,-1,-1,-1,-1,-1,1,-1,-1,-1,1,-1,-1,1,-1,-1,-1,-1,-1,1,1,-1,-1,-1,-1,-1,1,-1,-1,-1,1,-1,-1,1,-1,1,-1,-1,-1,-1,-1,-1,-1,1,-1,-1,-1,1,1,-1,-1,-1,-1,1,-1,-1,-1,-1,1,-1,-1,1,-1,1,-1,-1,-1,-1,1,-1,1,1,-1,1,-1,-1,1,1,-1,-1,-1,-1,-1,-1,1,1,-1,-1,1,-1,1,1,-1,-1,-1,1,-1,1,1,-1,-1,1,-1,-1,1,1,1,-1,1,-1,1,1,1,-1,-1,1,-1,-1,1,1,1,-1,1,-1,-1,1,1,-1,1,1,-1,-1,1,1,-1,1,1,-1,-1,1,1,-1,1,1,-1,-1,1,1,1,1,1,1,-1,-1,1,1,-1,1,-1,-1,1,-1,1,1,1,1,-1,-1,1,-1,1,1,1,-1,1,1,1,1,-1,1,-1,1,1,1,1,1,1,1,-1,1,1,1,1,-1,1,-1,1,1,1,1,1,-1,1,1,1,1,-1,1,1,-1,1,1,-1,1,1,-1,-1,1,1,1,1,-1,1,-1,1,1,1,-1,-1,1,-1,1,1,1,-1,1,-1,-1,-1,1,1,-1,-1,1,-1,-1,1,1,-1,-1,1,-1,-1,1,1,1,-1,1,-1,-1,1,1,-1,-1,-1,1,-1,1,1,-1,1,1,-1,1,1,-1,-1,1,1,-1,-1,1,1,-1,1,1,-1,1,1,-1,-1,-1,-1,1,-1,-1,-1,-1,-1,-1,-1,1,1,-1,1,1,-1,1,1,1,1,-1,1,-1,1,1,1,1,-1,1,-1,1,1,1,1,-1,1,-1,-1,1,1,1,-1,1,-1,1,1,1,-1,-1,1,-1,-1,1,1,-1,-1,-1,1,-1,1,-1,1,-1,1,-1,-1,1,-2670.0,1,2000,445,1500,False
1210,1,1,-1,-1,1,1,-1,-1,1,1,1,-1,1,1,1,1,-1,1,-1,-1,-1,-1,1,1,1,-1,1,-1,1,1,1,1,-1,-1,-1,-1,1,1,1,-1,-1,-1,-1,1,1,1,1,-1,1,1,1,1,-1,1,-1,-1,1,-1,1,1,1,-1,-1,-1,1,1,1,1,-1,-1,-1,1,1,1,1,-1,-1,-1,1,1,1,-1,-1,-1,1,1,1,1,-1,-1,-1,1,1,1,1,-1,-1,1,1,-1,1,1,-1,-1,1,1,1,1,1,-1,-1,-1,1,1,1,1,-1,-1,1,1,1,1,1,1,-1,-1,1,1,-1,1,1,-1,1,1,1,1,1,1,-1,1,1,1,1,1,1,-1,1,1,1,1,1,1,-1,-1,-1,1,1,1,1,-1,1,1,1,1,-1,1,-1,1,1,1,1,1,-1,-1,1,1,1,1,1,-1,1,-1,-1,1,-1,1,-1,1,1,1,1,1,1,1,1,1,-1,1,-1,1,-1,1,1,-1,1,-1,1,1,-1,1,-1,1,-1,1,-1,1,1,-1,1,-1,1,1,1,1,-1,-1,1,1,-1,-1,1,-1,1,-1,-1,1,-1,1,-1,1,-1,1,-1,-1,1,-1,-1,-1,1,1,-1,1,-1,1,1,1,-1,1,1,-1,1,-1,1,-1,1,-1,1,-1,1,1,-1,1,-1,-1,-1,1,1,-1,1,-1,-1,-1,1,1,-1,-1,1,1,-1,-1,1,1,-1,1,1,-1,1,1,1,1,-1,1,-1,1,1,-1,1,-1,1,1,-1,1,1,1,1,1,-1,-1,1,-1,-1,-1,1,1,-1,1,1,1,-1,1,-1,-1,1,1,1,1,1,-1,1,1,1,-1,1,1,-1,1,1,1,-1,1,1,-1,1,-1,1,1,-1,1,-1,1,1,1,-1,1,1,-1,1,1,1,-1,1,-1,-1,1,1,1,-1,1,-1,-1,1,1,1,-1,1,-1,-1,-1,-1,1,-1,1,1,-1,1,1,1,1,-1,1,-1,-1,-1,1,-1,1,-1,-1,1,-1,-1,-1,1,1,-1,1,-1,1,-1,1,-1,1,-1,1,1,1,1,-1,1,-1,1,1,-1,1,-1,-1,-1,-1,1,1,1,1,-1,-1,1,1,1,1,-1,-1,1,-1,-1,1,-1,1,-1,1,-1,1,1,1,-1,-1,1,1,-1,1,-1,1,-1,-1,1,-1,1,1,-1,-1,-1,1,-1,-1,1,1,-1,-1,1,-1,1,1,-1,1,-1,1,-1,-1,1,1,-1,1,1,-1,1,1,-1,-1,1,1,-1,1,-1,1,-1,1,-1,-1,1,-1,1,-1,1,-1,-1,1,-1,-1,-1,1,-1,-1,1,1,1,-1,1,-1,-1,1,-1,-1,1,-1,1,-1,1,-1,1,-1,1,1,-1,-1,-1,1,-1,1,-1,-1,1,-1,1,1,-1,1,-1,-1,1,1,-1,-1,1,-1,-1,1,1,1,1,1,1,-1,1,1,1,-1,1,1,1,-1,-1,-1,1,-1,-1,1,1,1,-1,1,-1,1,-1,-1,-1,1,1,-1,1,1,-1,-1,1,1,-1,1,1,-1,1,-1,1,-1,-1,-1,-1,-1,-1,1,-1,-1,-1,-1,-1,-1,1,-1,1,1,1,1,-1,1,-1,1,1,-1,-1,-1,1,-1,-1,1,-1,1,-1,-1,1,1,1,1,-1,-1,-1,1,1,1,-1,1,-1,1,1,1,1,-1,-1,-1,1,1,1,1,-1,-1,-1,1,-1,1,-1,1,-1,-1,-1,1,1,1,-1,-1,-1,-1,1,1,1,1,-1,-1,-1,1,1,1,1,-1,-1,-1,1,-1,1,-1,-1,-1,1,1,1,1,1,-1,-1,-1,1,-1,1,-1,-1,-1,-1,1,1,-1,1,-1,-1,-1,1,1,1,1,-1,-1,1,1,1,-1,1,-1,1,1,-1,1,1,-1,-1,-1,1,1,-1,1,1,-1,1,1,1,-1,1,1,-1,-1,1,-1,1,-1,1,-1,-1,1,1,-1,1,-1,-1,-1,1,-1,-1,1,-1,-1,-1,1,1,-1,-1,1,-1,-1,1,-1,-1,1,-1,-1,-1,1,1,1,-1,-1,-1,-1,1,-1,1,-1,-1,-1,-1,-1,-1,-1,1,-1,-1,-1,1,-1,-1,1,-1,-1,-1,-1,-1,1,1,-1,-1,-1,-1,-1,1,-1,-1,-1,1,-1,-1,1,-1,1,-1,-1,-1,-1,-1,-1,-1,1,-1,-1,-1,1,1,1,-1,-1,1,-1,1,-1,-1,-1,1,-1,-1,1,1,1,-1,-1,-1,-1,1,-1,1,1,-1,1,-1,-1,1,1,-1,-1,-1,-1,-1,-1,1,1,-1,-1,1,-1,1,1,1,-1,-1,1,-1,1,1,-1,-1,1,-1,-1,1,1,1,-1,1,-1,1,1,1,-1,-1,1,-1,-1,1,1,1,-1,1,-1,-1,1,1,-1,1,1,-1,-1,1,1,1,1,1,-1,-1,1,1,-1,1,1,-1,-1,1,1,1,1,-1,1,-1,-1,1,1,1,1,-1,-1,1,-1,1,1,1,1,-1,-1,1,-1,1,1,1,-1,1,1,1,1,-1,1,-1,1,1,1,1,1,1,1,-1,1,1,1,1,-1,1,-1,1,1,1,1,1,-1,1,1,1,1,-1,1,1,-1,1,1,-1,1,1,-1,-1,1,1,1,1,-1,1,-1,1,1,1,-1,-1,1,-1,1,1,1,-1,1,-1,-1,-1,1,1,-1,-1,1,-1,-1,1,1,-1,-1,1,-1,-1,-1,1,1,-1,-1,-1,-1,1,1,-1,-1,-1,1,-1,-1,1,-1,1,1,-1,1,1,-1,-1,1,-1,-1,-1,1,1,-1,1,1,-1,1,1,-1,-1,-1,-1,1,-1,-1,-1,-1,1,-1,-1,1,1,-1,1,1,-1,1,1,1,1,-1,1,-1,1,1,1,-1,-1,1,-1,-1,1,1,-1,-1,1,-1,1,1,1,-1,-1,1,-1,1,1,1,1,-1,1,-1,-1,1,1,-1,-1,-1,1,-1,1,-1,1,-1,1,-1,-1,1,-2670.0,1,2000,445,0,False
1211,1,1,-1,-1,1,1,-1,-1,1,1,1,-1,-1,1,1,1,-1,1,-1,-1,-1,-1,1,1,1,-1,-1,-1,1,1,1,1,1,-1,-1,-1,1,1,1,1,-1,-1,-1,1,1,1,1,-1,1,1,1,1,-1,1,-1,-1,1,-1,1,1,1,-1,-1,-1,1,1,1,1,-1,-1,-1,1,1,1,1,-1,-1,-1,1,1,1,-1,-1,-1,1,1,1,1,-1,-1,-1,1,1,1,1,-1,-1,1,1,-1,1,1,-1,-1,1,1,1,1,1,-1,-1,1,1,1,1,1,-1,-1,1,1,1,1,1,1,-1,1,1,1,-1,1,1,-1,1,1,1,1,1,1,-1,-1,1,1,1,1,1,-1,1,1,1,1,1,1,-1,-1,-1,1,1,1,1,-1,1,1,1,1,-1,1,-1,1,-1,1,1,1,-1,-1,1,1,1,1,1,-1,1,-1,-1,1,-1,1,-1,1,1,1,1,1,1,1,1,1,-1,1,-1,1,-1,1,1,-1,1,-1,1,1,-1,1,-1,1,-1,1,-1,1,1,-1,1,-1,1,1,1,1,-1,-1,1,1,-1,-1,1,-1,1,-1,-1,1,-1,1,-1,1,-1,1,-1,1,1,-1,-1,-1,1,1,-1,1,-1,1,1,1,-1,1,1,-1,1,-1,1,-1,1,-1,1,-1,1,1,-1,1,-1,-1,-1,1,1,-1,1,-1,-1,-1,1,1,-1,-1,1,1,-1,-1,1,1,-1,1,1,-1,1,1,1,1,-1,1,-1,1,1,-1,1,-1,1,-1,1,1,1,1,1,1,-1,-1,1,-1,-1,-1,1,1,-1,1,1,1,-1,1,1,1,1,1,1,1,1,-1,1,1,1,-1,-1,1,-1,1,1,1,-1,1,1,-1,-1,1,1,1,-1,1,-1,1,1,1,-1,1,1,-1,1,1,1,-1,1,1,-1,1,1,1,-1,1,1,-1,-1,1,1,-1,1,1,-1,1,-1,1,-1,1,1,1,-1,1,1,1,1,1,1,-1,1,1,-1,1,1,1,-1,-1,-1,-1,1,1,1,-1,1,1,-1,1,1,-1,-1,1,1,1,1,1,-1,1,1,1,-1,1,1,1,-1,-1,1,1,1,-1,1,-1,1,1,1,1,1,1,-1,-1,-1,1,-1,-1,1,1,-1,1,1,1,1,1,1,1,-1,1,-1,-1,1,-1,1,-1,1,1,1,1,1,1,-1,-1,1,-1,1,1,1,-1,1,1,1,-1,1,1,-1,-1,1,-1,1,1,1,-1,1,1,1,1,1,1,-1,1,-1,-1,1,1,-1,-1,1,-1,-1,1,1,-1,-1,1,-1,1,1,1,-1,-1,1,-1,-1,1,1,-1,-1,1,-1,1,1,1,1,-1,1,-1,-1,-1,1,1,-1,-1,-1,1,-1,1,-1,-1,1,-1,-1,1,-1,1,-1,-1,1,-1,1,-1,1,-1,-1,1,-1,-1,1,1,1,-1,1,-1,1,-1,-1,-1,1,-1,-1,-1,1,-1,-1,-1,1,1,-1,1,-1,1,1,1,-1,1,1,-1,1,-1,1,-1,-1,1,-1,-1,1,1,1,-1,1,-1,-1,1,1,-1,-1,1,-1,-1,1,1,-1,-1,1,-1,-1,-1,1,1,-1,1,1,-1,-1,1,-1,-1,1,-1,1,-1,1,1,-1,-1,1,-1,-1,-1,-1,-1,1,1,1,-1,1,1,-1,-1,1,-1,-1,-1,-1,-1,1,1,-1,-1,-1,-1,-1,1,1,-1,1,1,1,-1,-1,1,1,-1,-1,-1,-1,1,1,-1,-1,1,-1,-1,-1,1,1,-1,-1,-1,-1,-1,1,-1,-1,1,-1,-1,1,1,1,-1,1,-1,-1,-1,1,1,-1,-1,-1,-1,-1,1,1,1,-1,-1,-1,-1,1,1,-1,-1,-1,-1,1,1,1,1,-1,-1,1,1,1,1,1,-1,-1,-1,1,1,1,-1,1,-1,1,1,1,1,-1,1,-1,-1,1,-1,1,-1,1,-1,-1,1,-1,1,-1,-1,-1,-1,1,-1,1,-1,1,-1,-1,1,-1,1,-1,1,-1,-1,1,-1,1,-1,-1,-1,-1,1,1,-1,-1,-1,-1,-1,1,-1,1,-1,-1,-1,-1,-1,-1,-1,1,-1,-1,-1,1,-1,-1,1,-1,-1,-1,-1,-1,1,1,-1,-1,-1,-1,-1,1,-1,-1,-1,1,-1,-1,1,-1,1,-1,-1,-1,-1,-1,-1,-1,1,-1,-1,-1,1,1,-1,-1,-1,1,1,-1,-1,-1,-1,1,-1,-1,1,1,1,-1,-1,-1,-1,1,-1,1,1,-1,1,-1,-1,1,1,-1,-1,-1,-1,-1,-1,1,1,-1,-1,1,-1,1,1,-1,-1,-1,1,-1,1,1,-1,-1,1,-1,-1,1,1,1,-1,1,-1,1,1,1,-1,-1,1,-1,-1,1,1,1,-1,1,-1,-1,1,1,-1,1,1,-1,-1,1,1,-1,1,1,-1,-1,1,1,1,1,1,-1,-1,1,1,1,1,1,1,-1,-1,1,1,-1,1,-1,-1,1,-1,1,1,1,1,-1,-1,1,-1,1,1,1,-1,1,1,1,1,-1,1,-1,1,1,1,1,1,1,1,-1,1,1,1,1,-1,1,-1,1,1,1,1,1,-1,1,1,1,1,-1,1,1,-1,1,1,-1,1,1,-1,-1,1,1,1,1,-1,1,-1,1,1,1,-1,-1,1,-1,1,1,1,-1,1,-1,-1,-1,1,1,-1,-1,1,-1,-1,1,1,1,-1,1,-1,-1,1,1,1,-1,-1,-1,-1,1,1,-1,-1,-1,1,-1,1,1,-1,1,1,-1,1,1,-1,-1,1,-1,-1,-1,1,1,-1,1,1,-1,1,1,-1,-1,1,-1,1,-1,-1,-1,-1,1,-1,-1,1,1,-1,1,1,-1,1,1,1,1,-1,1,-1,1,1,1,1,-1,1,-1,-1,1,1,1,-1,1,-1,1,1,1,1,-1,1,-1,1,1,1,-1,-1,1,-1,-1,1,1,-1,-1,-1,1,-1,1,1,1,-1,1,-1,-1,1,-2670.0,1,2000,445,1500,False
1212,1,1,-1,-1,1,-1,-1,-1,1,1,1,-1,1,1,1,1,-1,1,-1,-1,1,-1,1,1,1,-1,-1,-1,1,1,1,1,1,-1,-1,-1,1,1,1,1,-1,-1,-1,1,1,1,1,-1,1,1,1,1,-1,1,-1,-1,1,-1,1,1,1,-1,-1,-1,1,1,1,1,-1,-1,-1,1,1,1,1,-1,-1,-1,1,1,1,-1,-1,-1,1,1,1,1,-1,-1,-1,1,1,1,1,-1,-1,1,1,-1,1,1,-1,-1,1,1,1,1,1,-1,-1,1,1,-1,1,1,-1,-1,1,1,1,1,1,1,-1,-1,1,1,-1,1,1,-1,1,1,1,1,1,1,-1,-1,1,1,1,1,1,-1,1,1,1,1,1,1,-1,-1,-1,1,1,1,1,-1,1,1,1,1,-1,1,-1,1,-1,1,1,1,-1,-1,1,1,1,1,1,-1,1,-1,-1,1,-1,1,-1,1,1,1,1,1,1,1,1,1,-1,1,-1,1,-1,1,1,-1,1,-1,1,1,-1,1,-1,1,-1,1,-1,1,1,-1,1,-1,1,1,1,1,-1,-1,1,1,-1,-1,1,-1,1,-1,1,1,-1,1,-1,1,-1,1,-1,1,1,-1,-1,-1,1,1,-1,1,-1,1,1,1,-1,1,1,-1,-1,-1,1,-1,1,-1,1,-1,1,1,-1,1,-1,-1,-1,1,1,-1,1,-1,-1,-1,1,1,-1,-1,1,1,-1,-1,1,1,-1,1,1,-1,1,1,1,1,-1,1,-1,1,1,-1,1,-1,1,1,1,1,1,1,1,1,-1,-1,1,-1,-1,1,1,1,-1,1,1,1,-1,1,1,1,1,1,1,-1,1,-1,1,1,1,-1,1,1,-1,1,1,1,-1,1,1,-1,-1,1,1,1,-1,1,-1,1,1,1,-1,1,1,-1,1,1,1,-1,1,1,-1,1,1,1,-1,1,1,-1,-1,1,1,-1,1,1,-1,1,-1,1,-1,1,1,1,-1,1,1,1,1,1,1,-1,1,1,-1,1,1,1,-1,-1,-1,-1,1,1,1,-1,1,1,-1,1,1,-1,-1,1,1,1,1,1,-1,1,1,1,-1,1,1,1,1,-1,1,1,1,-1,1,-1,1,1,1,1,1,1,-1,-1,-1,1,-1,-1,1,1,-1,1,1,1,1,1,1,1,-1,1,-1,-1,1,-1,1,-1,1,1,-1,1,1,1,-1,-1,1,-1,1,1,1,-1,1,1,1,-1,1,1,-1,-1,1,-1,1,1,1,-1,1,1,1,1,1,1,-1,1,-1,-1,1,1,-1,-1,1,-1,-1,1,1,-1,-1,1,-1,1,1,1,-1,-1,1,-1,-1,1,1,-1,-1,1,-1,1,1,1,1,-1,1,1,-1,-1,1,1,-1,-1,1,1,-1,1,-1,-1,1,1,-1,1,-1,1,-1,-1,1,-1,1,-1,1,1,-1,1,-1,-1,1,1,1,-1,1,-1,1,-1,1,-1,1,-1,-1,-1,1,-1,-1,1,1,1,-1,1,-1,1,1,1,-1,1,1,-1,-1,-1,1,-1,-1,1,-1,-1,1,1,1,-1,1,-1,-1,1,1,-1,-1,1,-1,-1,1,1,-1,-1,1,-1,-1,-1,1,1,-1,1,-1,-1,-1,1,-1,-1,1,-1,1,-1,1,1,-1,-1,1,-1,-1,-1,-1,-1,1,1,1,-1,1,1,-1,-1,1,-1,-1,-1,-1,-1,1,1,-1,-1,-1,1,-1,1,1,-1,1,1,1,-1,-1,1,1,-1,-1,-1,-1,1,1,-1,-1,1,-1,-1,-1,1,1,-1,-1,-1,-1,-1,1,-1,-1,1,-1,-1,1,1,1,-1,1,-1,-1,-1,1,1,-1,-1,-1,-1,-1,1,1,1,-1,-1,-1,-1,1,1,-1,-1,-1,-1,1,1,1,1,-1,-1,1,1,1,1,1,-1,-1,-1,1,1,1,-1,1,-1,1,1,1,1,-1,1,-1,-1,1,-1,1,-1,1,-1,-1,1,-1,1,-1,-1,-1,-1,1,-1,1,-1,1,-1,-1,1,-1,1,-1,1,-1,-1,1,-1,1,-1,-1,-1,-1,1,1,-1,-1,-1,-1,-1,1,-1,1,-1,-1,-1,-1,-1,-1,-1,1,-1,-1,-1,1,-1,-1,1,-1,-1,-1,-1,-1,1,1,-1,-1,-1,-1,-1,1,-1,-1,-1,1,-1,-1,1,-1,1,-1,-1,-1,-1,-1,-1,-1,1,-1,-1,-1,1,1,1,-1,-1,-1,1,-1,-1,-1,-1,1,-1,-1,1,1,1,-1,-1,-1,-1,1,-1,1,1,-1,1,-1,-1,1,1,-1,-1,-1,-1,-1,-1,1,1,-1,-1,1,-1,1,1,-1,-1,-1,1,-1,1,1,-1,-1,1,-1,-1,1,1,1,-1,1,-1,1,1,1,-1,-1,1,-1,-1,1,1,1,-1,1,-1,-1,1,1,-1,1,1,-1,-1,1,1,1,1,1,-1,-1,1,1,1,1,1,-1,-1,1,1,1,1,1,1,-1,-1,1,1,1,1,-1,-1,1,-1,1,1,1,1,-1,-1,1,-1,1,1,1,-1,1,1,1,1,-1,1,-1,1,1,1,1,1,1,1,-1,1,1,1,1,-1,1,-1,1,1,1,1,1,-1,1,1,1,1,-1,1,1,-1,1,1,-1,1,1,-1,-1,1,1,1,1,-1,1,-1,1,1,1,-1,-1,1,-1,1,1,1,-1,1,-1,-1,-1,1,1,-1,-1,1,-1,-1,1,1,-1,-1,1,-1,-1,1,1,1,-1,1,-1,-1,1,1,-1,-1,1,1,-1,-1,1,-1,1,1,-1,1,1,-1,-1,1,-1,-1,-1,1,1,-1,1,1,-1,1,1,-1,-1,-1,-1,1,-1,-1,-1,-1,1,-1,-1,1,1,-1,1,1,-1,1,1,1,1,-1,1,-1,1,1,1,1,-1,1,-1,-1,-1,1,1,-1,1,-1,1,1,1,1,-1,1,-1,1,1,-1,-1,-1,1,-1,-1,1,1,-1,-1,-1,1,-1,1,-1,1,-1,1,-1,-1,1,-2670.0,1,2000,445,1500,False
1213,1,1,-1,-1,1,1,-1,-1,1,1,1,-1,1,1,1,1,-1,1,-1,-1,-1,-1,1,1,1,-1,-1,-1,1,1,1,1,1,-1,-1,-1,1,-1,1,1,-1,-1,-1,1,1,1,1,-1,1,1,1,1,-1,1,-1,-1,1,-1,1,1,-1,-1,-1,-1,1,1,1,1,-1,-1,-1,1,1,1,1,-1,-1,-1,1,1,1,-1,-1,-1,1,1,1,1,-1,-1,-1,1,1,1,1,-1,-1,1,1,-1,1,1,-1,-1,1,1,1,1,1,-1,-1,-1,1,-1,1,1,-1,-1,1,1,1,1,1,1,-1,-1,1,1,-1,1,1,-1,1,1,1,1,1,1,-1,1,1,1,1,1,1,-1,1,1,1,1,1,1,-1,-1,-1,1,1,1,1,-1,1,1,1,1,-1,1,-1,1,-1,1,1,1,-1,-1,1,1,1,1,1,-1,1,-1,-1,1,-1,1,-1,1,1,1,1,1,1,1,1,1,1,1,-1,1,-1,1,1,-1,1,-1,1,1,-1,1,-1,1,-1,1,-1,1,1,-1,1,-1,1,1,1,1,-1,-1,1,1,-1,-1,1,-1,1,-1,-1,1,-1,1,-1,1,-1,1,-1,1,1,-1,-1,-1,1,1,-1,1,-1,1,1,1,-1,1,1,-1,1,-1,1,-1,1,-1,1,-1,1,1,-1,1,-1,-1,-1,1,1,-1,1,-1,-1,-1,1,1,-1,-1,1,1,-1,-1,1,1,-1,1,1,-1,1,1,1,1,-1,1,-1,1,1,-1,1,-1,1,1,-1,1,1,1,1,1,-1,-1,1,-1,-1,-1,1,1,-1,1,1,1,-1,1,-1,-1,1,1,1,1,1,-1,1,1,1,-1,-1,1,-1,1,1,1,-1,1,1,-1,-1,1,1,1,-1,1,-1,1,1,1,-1,1,1,-1,1,1,1,-1,1,-1,-1,1,1,1,-1,1,-1,-1,-1,1,1,-1,1,-1,-1,1,-1,1,-1,1,1,-1,-1,1,1,1,-1,1,-1,-1,1,1,-1,1,-1,-1,-1,-1,-1,-1,1,1,-1,-1,1,1,-1,1,-1,1,-1,1,1,1,1,-1,-1,1,1,1,-1,1,-1,-1,-1,-1,1,1,1,1,-1,-1,1,1,1,1,-1,-1,1,-1,-1,1,-1,1,-1,-1,1,-1,1,-1,-1,-1,1,1,-1,1,-1,1,-1,-1,1,-1,1,1,-1,-1,-1,1,-1,-1,1,1,-1,-1,1,-1,1,1,-1,1,-1,1,-1,-1,1,1,-1,-1,1,-1,1,1,-1,-1,1,1,-1,1,-1,1,-1,1,-1,-1,1,-1,1,-1,1,-1,-1,1,-1,-1,-1,1,-1,-1,1,1,1,-1,1,-1,-1,1,-1,-1,1,-1,1,-1,1,-1,1,-1,1,1,-1,-1,-1,1,-1,1,-1,-1,1,-1,1,1,1,1,-1,-1,1,1,-1,1,1,-1,-1,1,1,1,-1,1,1,-1,1,1,1,1,-1,1,1,-1,-1,-1,1,-1,-1,1,1,1,-1,1,-1,1,-1,-1,-1,1,1,-1,1,1,-1,-1,-1,1,-1,1,1,-1,1,-1,1,-1,-1,-1,-1,-1,-1,1,-1,-1,-1,-1,-1,-1,1,-1,1,1,1,1,-1,1,-1,1,1,-1,-1,-1,1,-1,-1,1,-1,1,-1,-1,1,1,1,1,-1,-1,1,1,1,1,-1,1,-1,-1,1,1,1,-1,-1,-1,1,1,1,1,-1,1,-1,1,-1,1,-1,1,1,-1,-1,1,1,1,-1,-1,-1,-1,1,1,1,1,-1,-1,-1,1,1,1,1,-1,-1,-1,1,-1,1,-1,-1,-1,1,1,1,1,1,-1,-1,-1,1,1,1,1,-1,-1,-1,1,1,-1,1,-1,-1,-1,1,1,1,1,-1,-1,1,1,1,1,-1,-1,1,1,-1,1,1,-1,-1,-1,1,1,1,1,1,-1,1,1,1,1,1,-1,-1,-1,1,-1,1,-1,-1,-1,-1,1,-1,1,1,-1,-1,-1,1,-1,1,1,-1,1,-1,1,1,1,1,-1,1,-1,1,-1,1,1,-1,-1,-1,1,1,-1,-1,-1,-1,-1,1,-1,1,-1,-1,-1,-1,-1,-1,-1,1,-1,-1,-1,1,-1,-1,1,-1,-1,-1,-1,-1,1,1,-1,-1,-1,-1,-1,1,-1,-1,-1,1,-1,-1,1,-1,1,-1,-1,-1,-1,-1,-1,-1,1,-1,-1,-1,1,1,1,-1,-1,1,-1,-1,-1,-1,-1,1,-1,-1,1,1,1,-1,-1,-1,-1,1,-1,1,1,-1,1,-1,-1,1,1,-1,-1,-1,-1,-1,-1,1,1,-1,-1,1,-1,1,1,-1,-1,-1,1,-1,1,1,-1,-1,1,-1,-1,1,1,1,-1,1,-1,1,1,1,-1,-1,1,-1,-1,1,1,1,-1,1,-1,-1,1,1,-1,1,1,-1,-1,1,1,1,1,1,-1,-1,1,1,1,1,1,-1,-1,1,1,1,1,1,1,-1,-1,1,1,-1,1,-1,-1,1,-1,1,1,1,1,-1,-1,1,-1,1,1,1,-1,1,1,1,1,-1,1,-1,1,1,1,1,1,1,1,-1,1,1,1,1,-1,1,-1,1,1,1,1,1,-1,1,1,1,1,-1,1,1,-1,1,1,-1,1,1,-1,-1,1,1,1,1,-1,1,-1,1,1,1,-1,-1,1,-1,1,1,1,-1,1,-1,-1,-1,1,1,-1,-1,1,-1,-1,1,1,1,-1,1,-1,-1,1,1,1,-1,1,-1,-1,1,1,-1,-1,-1,1,-1,1,1,-1,1,1,-1,1,1,-1,-1,1,1,-1,-1,1,1,-1,1,1,-1,1,1,-1,-1,-1,-1,1,-1,-1,-1,-1,1,-1,-1,1,1,-1,1,1,-1,1,1,1,1,-1,1,-1,1,1,1,-1,-1,1,-1,-1,1,1,-1,-1,1,-1,1,1,1,-1,-1,1,-1,1,1,1,1,-1,1,-1,-1,1,1,-1,-1,-1,1,-1,1,-1,1,-1,1,-1,-1,1,-2670.0,1,2000,445,1500,False
1214,1,1,-1,-1,1,1,-1,-1,1,1,1,-1,1,1,1,1,-1,1,-1,-1,1,-1,1,1,1,-1,1,-1,1,1,1,1,-1,-1,-1,-1,1,-1,1,1,-1,-1,-1,1,1,1,1,-1,1,1,1,1,-1,1,-1,-1,1,-1,1,1,1,-1,-1,-1,1,1,1,1,-1,-1,-1,1,1,1,1,-1,-1,-1,1,1,1,-1,-1,-1,1,1,1,1,-1,-1,-1,1,1,1,1,-1,-1,1,1,-1,1,1,-1,-1,1,1,1,1,1,-1,-1,1,1,-1,1,1,-1,-1,1,1,1,1,1,1,-1,1,1,1,-1,1,1,-1,1,1,1,1,1,1,-1,-1,1,1,1,1,1,-1,1,1,1,1,1,1,-1,-1,-1,1,1,1,1,-1,1,1,1,1,-1,1,-1,1,-1,1,1,1,-1,-1,1,1,1,1,1,-1,1,-1,-1,1,-1,1,-1,1,1,1,1,1,1,1,1,1,-1,1,-1,1,-1,1,1,-1,1,-1,1,1,-1,1,-1,1,-1,1,-1,1,1,-1,1,-1,1,1,1,1,-1,-1,1,1,-1,-1,1,-1,1,-1,-1,1,-1,1,-1,1,-1,1,-1,1,1,-1,-1,-1,1,1,-1,1,-1,1,1,1,-1,1,1,-1,1,-1,1,-1,1,-1,1,-1,1,1,-1,1,-1,-1,-1,1,1,-1,1,-1,-1,-1,1,1,-1,-1,1,1,-1,-1,1,1,-1,1,1,-1,1,1,1,1,-1,1,-1,1,1,-1,1,-1,1,-1,1,1,1,1,1,1,-1,-1,1,-1,-1,-1,1,1,-1,1,1,1,-1,1,1,1,1,1,1,1,1,-1,1,1,1,-1,-1,1,-1,1,1,1,-1,1,1,-1,-1,1,1,1,-1,1,-1,1,1,1,-1,1,1,-1,1,1,1,-1,1,1,-1,1,1,1,-1,1,1,-1,-1,1,1,-1,1,1,-1,1,-1,1,-1,1,1,1,-1,1,1,1,-1,1,1,-1,1,1,-1,1,-1,1,-1,-1,-1,-1,1,1,1,-1,1,1,-1,1,1,-1,-1,1,1,1,1,1,-1,1,1,1,-1,1,1,1,-1,-1,1,1,1,-1,1,-1,1,-1,1,1,1,1,-1,-1,-1,1,-1,-1,1,1,-1,1,1,1,1,1,1,1,-1,1,-1,-1,1,-1,1,-1,1,1,1,1,1,1,-1,-1,1,-1,1,1,1,-1,1,1,1,-1,1,1,-1,-1,1,-1,1,1,1,-1,1,1,1,1,1,1,-1,1,-1,1,1,1,-1,1,1,-1,1,1,1,-1,-1,1,-1,1,1,1,-1,-1,1,1,-1,1,1,-1,-1,1,-1,1,1,1,1,-1,1,1,-1,1,1,1,-1,1,-1,-1,1,1,-1,-1,1,-1,-1,1,-1,1,-1,-1,1,-1,1,-1,1,-1,1,1,-1,-1,1,1,1,-1,1,-1,1,-1,-1,1,1,-1,-1,-1,1,-1,-1,-1,1,1,-1,1,-1,1,1,1,-1,1,1,-1,1,-1,1,-1,-1,1,-1,-1,1,1,1,-1,1,-1,-1,1,1,-1,-1,1,-1,-1,1,1,-1,-1,1,-1,-1,-1,1,1,-1,1,1,-1,-1,1,-1,-1,1,-1,1,-1,1,1,-1,-1,1,-1,-1,-1,-1,-1,1,1,1,-1,-1,1,-1,-1,1,-1,-1,1,-1,-1,1,1,-1,-1,1,1,-1,1,1,-1,1,-1,1,-1,-1,1,1,-1,-1,-1,-1,-1,1,-1,-1,1,-1,-1,-1,1,1,-1,-1,-1,-1,-1,1,-1,-1,-1,-1,-1,1,1,1,-1,-1,-1,-1,-1,1,1,-1,-1,-1,-1,-1,1,1,1,-1,-1,-1,-1,1,1,-1,-1,-1,-1,1,1,1,1,-1,-1,1,1,1,1,1,-1,-1,-1,1,1,1,-1,1,-1,1,1,1,1,-1,1,-1,-1,1,-1,1,-1,1,-1,-1,1,-1,1,-1,-1,-1,-1,1,-1,1,-1,1,1,-1,1,-1,1,-1,1,1,-1,1,-1,1,-1,-1,-1,-1,1,1,-1,-1,-1,-1,-1,1,-1,1,-1,-1,-1,-1,-1,-1,-1,1,-1,-1,-1,1,-1,-1,1,-1,-1,-1,-1,-1,-1,1,-1,-1,-1,-1,-1,1,-1,-1,-1,1,-1,-1,1,-1,1,-1,-1,-1,-1,-1,-1,-1,1,-1,-1,-1,1,1,1,-1,-1,1,-1,-1,-1,-1,-1,1,-1,-1,1,-1,1,-1,-1,-1,-1,1,-1,1,1,-1,1,-1,-1,1,1,-1,-1,-1,-1,-1,-1,1,1,-1,-1,1,-1,1,1,-1,-1,-1,1,-1,1,1,-1,-1,1,-1,-1,1,1,1,-1,1,-1,1,1,1,-1,-1,1,-1,-1,1,1,1,-1,1,-1,-1,1,1,-1,1,1,-1,-1,1,1,-1,1,1,-1,-1,1,1,-1,1,1,-1,-1,1,1,1,1,1,1,-1,1,1,1,-1,1,-1,-1,1,-1,1,1,1,1,-1,-1,1,-1,1,1,1,-1,1,-1,1,1,-1,1,-1,1,1,1,1,1,1,1,-1,-1,1,1,1,-1,1,-1,1,1,1,1,1,-1,1,-1,1,1,-1,1,1,-1,1,1,-1,1,1,-1,-1,1,1,1,1,-1,1,-1,-1,1,1,-1,-1,1,-1,1,1,1,-1,1,-1,-1,-1,1,1,-1,-1,1,-1,-1,1,1,-1,-1,1,-1,-1,-1,1,1,-1,1,-1,-1,1,1,-1,-1,-1,1,-1,-1,1,-1,1,1,-1,1,1,-1,-1,1,-1,-1,-1,1,1,-1,1,1,-1,1,1,-1,-1,1,-1,1,-1,-1,-1,-1,1,-1,-1,1,1,-1,1,1,-1,1,1,1,1,-1,1,-1,1,1,1,1,-1,1,-1,-1,1,1,1,-1,1,-1,1,1,1,1,-1,1,-1,1,1,-1,-1,-1,1,-1,-1,1,1,-1,-1,-1,1,-1,1,-1,1,-1,1,-1,-1,1,-2670.0,1,2000,445,1500,False
1215,1,1,-1,-1,1,1,-1,-1,1,1,1,-1,1,1,1,1,-1,1,-1,-1,-1,-1,1,1,1,-1,-1,-1,1,1,1,1,1,-1,-1,-1,1,-1,1,1,-1,-1,-1,1,1,1,1,-1,1,1,1,1,-1,1,-1,-1,1,-1,1,1,1,-1,-1,-1,1,1,1,1,-1,-1,1,1,1,1,1,-1,-1,-1,1,1,1,-1,-1,-1,1,1,1,1,-1,-1,1,1,1,1,1,-1,-1,-1,1,-1,1,1,-1,-1,1,1,1,1,1,-1,-1,-1,1,-1,1,1,-1,-1,1,1,1,1,1,1,-1,-1,1,1,-1,1,1,-1,1,1,1,1,1,1,-1,1,1,1,1,1,1,-1,1,1,1,1,1,1,-1,-1,-1,1,1,1,1,-1,1,1,1,1,-1,1,-1,1,-1,1,1,1,-1,-1,1,1,1,1,1,-1,1,-1,-1,1,-1,1,-1,1,1,1,1,1,1,1,1,1,-1,1,-1,1,-1,1,1,-1,1,-1,1,1,-1,1,-1,1,-1,1,-1,1,1,-1,1,-1,1,1,1,1,-1,-1,1,1,-1,-1,1,-1,1,-1,-1,1,-1,1,-1,1,-1,1,-1,1,1,-1,-1,-1,1,1,-1,1,-1,1,1,1,-1,1,1,-1,1,-1,1,-1,1,-1,1,-1,1,1,-1,1,-1,-1,-1,1,1,-1,1,-1,-1,-1,1,1,-1,-1,1,1,-1,-1,1,1,-1,1,1,-1,1,1,1,1,-1,1,-1,1,1,-1,1,-1,1,-1,1,1,1,1,1,1,-1,-1,1,-1,-1,-1,1,1,-1,1,1,1,-1,1,1,1,1,1,1,1,1,-1,1,1,1,-1,-1,1,-1,1,1,1,-1,1,1,-1,-1,1,1,1,-1,1,-1,1,1,1,-1,1,1,-1,1,1,1,-1,1,1,-1,1,1,1,-1,1,1,-1,-1,1,1,-1,1,1,-1,1,-1,1,-1,1,1,1,-1,1,1,1,-1,1,1,-1,1,1,-1,1,-1,1,-1,-1,-1,-1,1,1,1,-1,1,1,-1,1,1,-1,-1,1,1,1,1,1,-1,1,1,1,-1,1,1,1,1,-1,1,1,1,-1,1,-1,1,1,1,1,1,1,-1,-1,-1,1,-1,-1,1,-1,1,-1,1,1,1,1,1,1,-1,1,-1,-1,1,-1,1,-1,1,1,-1,1,1,1,-1,-1,1,-1,1,1,-1,-1,1,1,1,-1,1,1,-1,-1,1,-1,1,1,-1,-1,1,1,1,1,-1,1,-1,1,-1,-1,1,-1,-1,-1,1,-1,1,1,-1,-1,-1,1,-1,1,1,1,-1,-1,1,-1,-1,1,-1,-1,-1,1,-1,1,1,-1,1,-1,1,1,-1,1,-1,-1,-1,-1,1,-1,1,-1,-1,-1,1,1,-1,1,-1,-1,-1,-1,1,-1,1,-1,-1,-1,-1,1,-1,-1,1,1,1,-1,1,-1,1,-1,1,-1,1,-1,-1,-1,1,-1,-1,1,1,-1,1,1,-1,1,1,1,-1,1,1,-1,1,-1,1,-1,-1,1,-1,-1,1,1,1,-1,1,-1,-1,1,1,-1,-1,1,-1,-1,1,1,-1,-1,1,-1,-1,-1,1,1,-1,1,1,-1,-1,1,-1,-1,1,-1,1,-1,1,1,-1,-1,1,-1,-1,-1,-1,-1,1,1,1,-1,-1,1,-1,-1,1,-1,-1,1,-1,-1,1,1,-1,-1,1,1,-1,1,1,-1,1,-1,1,-1,-1,1,1,-1,-1,-1,-1,-1,1,-1,-1,1,-1,-1,-1,1,1,-1,-1,-1,-1,-1,1,-1,-1,-1,-1,-1,1,1,1,-1,-1,-1,-1,-1,1,1,-1,-1,-1,-1,-1,1,1,1,-1,-1,-1,-1,1,1,-1,-1,-1,-1,1,1,1,1,1,-1,1,1,1,1,1,1,-1,-1,1,1,1,1,-1,-1,1,1,1,1,-1,1,-1,-1,1,-1,1,-1,1,-1,-1,1,-1,1,1,1,-1,-1,1,-1,1,-1,1,1,-1,1,-1,1,1,1,1,-1,1,-1,1,1,1,-1,-1,1,1,-1,1,1,-1,-1,1,-1,1,-1,1,-1,-1,-1,-1,-1,1,1,-1,-1,1,-1,-1,1,1,-1,-1,-1,-1,-1,-1,1,-1,-1,-1,-1,1,-1,-1,-1,1,-1,-1,1,-1,1,-1,-1,-1,-1,-1,-1,1,1,-1,-1,-1,1,1,1,-1,-1,1,1,-1,-1,1,-1,1,-1,-1,1,1,1,-1,-1,-1,-1,1,-1,1,1,-1,1,-1,-1,1,1,-1,-1,-1,-1,-1,-1,1,1,-1,-1,1,-1,1,1,-1,-1,-1,1,-1,1,1,-1,-1,1,-1,-1,1,1,1,-1,1,-1,1,1,1,-1,-1,1,-1,-1,1,1,1,-1,1,-1,-1,1,1,-1,1,1,-1,-1,1,1,1,1,1,-1,-1,1,1,1,1,1,-1,-1,1,1,1,1,1,1,-1,-1,1,1,1,1,-1,-1,1,-1,1,1,1,1,-1,-1,1,-1,1,1,1,-1,1,1,1,1,-1,1,-1,1,1,1,1,1,1,1,-1,1,1,1,1,-1,1,-1,1,1,1,1,1,-1,1,1,1,1,-1,1,1,-1,1,1,-1,1,1,-1,-1,1,1,1,1,-1,1,-1,1,1,1,-1,-1,1,-1,1,1,1,-1,1,-1,-1,-1,1,1,-1,-1,1,-1,-1,1,1,-1,-1,1,-1,-1,1,1,1,1,-1,-1,-1,1,1,-1,-1,-1,1,-1,1,1,-1,1,1,-1,1,1,-1,-1,1,1,-1,-1,1,1,-1,1,1,-1,1,1,-1,-1,-1,-1,1,-1,-1,-1,-1,1,-1,-1,1,1,-1,1,1,-1,1,1,1,1,-1,1,-1,1,1,1,-1,-1,1,-1,-1,-1,1,-1,-1,1,-1,1,1,1,-1,-1,1,-1,1,1,1,1,-1,1,-1,-1,1,1,1,-1,-1,1,-1,1,-1,1,-1,1,-1,-1,1,-2670.0,1,2000,445,1500,False
1216,1,1,-1,-1,1,-1,-1,-1,1,1,1,-1,1,1,1,1,-1,1,-1,-1,-1,-1,1,1,1,-1,-1,-1,1,1,1,1,-1,-1,-1,-1,1,1,1,1,-1,-1,-1,1,1,1,1,-1,1,1,1,1,-1,1,-1,-1,1,-1,1,1,1,-1,-1,-1,1,1,1,1,-1,-1,-1,1,1,1,1,-1,-1,-1,1,1,1,-1,-1,-1,1,1,1,1,-1,-1,1,1,1,1,1,-1,-1,-1,1,-1,1,1,-1,-1,1,1,1,1,1,-1,-1,-1,1,-1,1,1,-1,-1,1,1,1,1,1,1,-1,-1,1,1,-1,1,1,-1,1,1,1,1,1,1,-1,1,1,1,1,1,1,-1,1,1,1,1,1,1,-1,-1,-1,1,1,1,1,-1,1,1,1,1,-1,1,-1,1,-1,1,1,1,-1,-1,1,1,1,1,1,-1,1,-1,-1,1,-1,1,-1,1,1,1,1,1,1,1,1,1,-1,1,-1,1,-1,1,1,-1,1,-1,1,1,-1,1,-1,1,-1,1,-1,1,1,-1,1,-1,1,1,1,1,-1,-1,1,1,-1,-1,1,-1,1,-1,-1,1,-1,1,-1,1,-1,1,-1,1,1,-1,-1,-1,1,1,-1,1,-1,1,1,1,-1,1,1,-1,1,-1,1,-1,1,-1,1,-1,1,1,-1,1,-1,-1,-1,1,1,-1,1,-1,-1,-1,1,1,-1,-1,1,1,-1,-1,1,1,-1,1,1,-1,1,1,1,1,-1,1,-1,1,1,-1,1,-1,1,1,-1,1,1,1,1,1,-1,-1,1,-1,-1,-1,1,1,-1,1,1,1,-1,1,-1,-1,1,1,1,1,1,-1,1,1,1,-1,-1,1,-1,1,1,1,-1,1,1,-1,-1,1,1,1,-1,1,-1,1,1,1,-1,1,1,-1,1,1,1,-1,1,-1,-1,1,1,1,-1,1,-1,-1,-1,1,1,-1,1,-1,-1,1,-1,1,-1,1,1,-1,-1,1,1,1,-1,1,-1,-1,1,1,-1,1,-1,-1,-1,-1,-1,-1,1,1,-1,-1,1,1,-1,1,-1,-1,-1,1,1,1,1,1,-1,1,1,1,-1,1,-1,-1,-1,-1,1,1,1,1,-1,-1,1,1,1,1,-1,-1,1,-1,-1,1,-1,1,-1,-1,1,-1,1,-1,-1,-1,1,1,-1,1,-1,1,-1,-1,1,-1,1,1,-1,-1,-1,1,-1,-1,1,1,-1,-1,1,-1,1,1,-1,1,-1,1,-1,-1,1,1,-1,-1,1,-1,1,1,-1,-1,1,1,-1,1,-1,1,-1,1,-1,-1,1,-1,1,-1,1,-1,-1,1,-1,-1,-1,1,-1,-1,1,1,1,-1,1,-1,-1,1,-1,-1,1,-1,1,-1,1,1,1,-1,1,1,-1,-1,-1,1,-1,1,-1,-1,1,-1,1,1,1,1,-1,-1,1,1,-1,1,1,1,-1,1,1,1,-1,1,1,-1,1,1,1,1,-1,-1,1,-1,-1,-1,1,-1,-1,1,-1,1,-1,1,-1,1,-1,-1,-1,1,1,-1,1,1,-1,-1,-1,1,-1,1,1,-1,1,-1,1,-1,-1,-1,-1,-1,-1,1,-1,-1,-1,-1,-1,-1,1,-1,1,1,1,1,-1,1,-1,1,1,-1,-1,-1,1,-1,-1,1,-1,1,-1,-1,1,1,1,1,-1,-1,1,1,1,1,-1,1,-1,-1,1,1,1,-1,-1,-1,1,1,1,1,-1,1,-1,1,-1,1,-1,1,1,-1,-1,1,1,1,-1,-1,-1,-1,1,1,1,1,-1,-1,-1,1,1,1,1,-1,-1,-1,1,1,1,-1,-1,-1,1,1,1,1,1,-1,-1,-1,1,1,1,1,-1,-1,-1,1,1,-1,1,-1,-1,-1,1,1,1,1,-1,-1,1,1,1,1,-1,-1,1,1,-1,1,1,-1,-1,-1,1,1,1,1,1,-1,1,1,1,1,1,-1,-1,-1,1,-1,1,-1,-1,-1,-1,1,-1,1,1,1,-1,-1,1,-1,1,1,-1,-1,-1,1,1,1,1,-1,-1,-1,1,-1,1,1,-1,-1,-1,1,1,-1,-1,-1,-1,-1,1,-1,1,-1,-1,-1,-1,-1,-1,-1,1,-1,-1,-1,1,-1,-1,1,-1,-1,-1,-1,-1,-1,1,-1,-1,-1,-1,-1,1,-1,-1,-1,1,-1,-1,1,-1,1,-1,-1,-1,-1,-1,-1,-1,1,-1,-1,-1,1,1,-1,-1,-1,1,-1,-1,-1,-1,-1,1,-1,-1,1,1,1,-1,-1,-1,-1,1,-1,1,1,-1,1,-1,-1,1,1,-1,-1,-1,-1,-1,-1,1,1,-1,-1,1,-1,1,1,-1,-1,-1,1,-1,1,1,-1,-1,1,-1,-1,1,1,1,-1,1,-1,1,1,1,-1,-1,1,-1,-1,1,1,1,-1,1,-1,-1,1,1,-1,1,1,-1,-1,1,1,-1,1,1,-1,-1,1,1,-1,1,1,-1,-1,1,1,1,1,1,1,-1,-1,1,1,1,1,-1,-1,1,-1,1,1,1,1,-1,-1,1,-1,1,1,1,-1,1,1,1,1,-1,1,-1,1,1,1,1,1,1,1,-1,1,1,1,1,-1,1,-1,1,1,1,1,1,-1,1,1,1,1,-1,1,1,-1,1,1,-1,1,1,-1,-1,1,1,1,1,-1,1,-1,1,1,1,-1,-1,1,-1,1,1,1,-1,1,-1,-1,-1,1,1,-1,-1,1,-1,-1,1,1,-1,-1,1,-1,-1,1,1,1,-1,1,-1,-1,1,1,-1,-1,-1,1,-1,-1,1,-1,1,1,-1,1,1,-1,-1,1,1,-1,-1,1,1,-1,1,1,-1,1,1,-1,-1,-1,-1,1,-1,-1,-1,-1,1,-1,-1,1,1,-1,1,1,-1,1,1,1,1,-1,1,-1,1,1,1,-1,-1,1,-1,-1,1,1,-1,-1,1,-1,1,1,1,-1,-1,1,-1,1,1,1,1,-1,1,-1,-1,1,1,1,-1,-1,1,-1,1,1,1,-1,1,-1,-1,1,-2670.0,1,2000,445,1500,False
1217,1,1,-1,-1,1,-1,1,-1,1,1,1,-1,1,1,1,1,-1,1,-1,-1,1,-1,1,1,1,-1,-1,-1,1,1,1,1,-1,-1,-1,-1,1,1,1,1,-1,-1,-1,1,1,1,1,-1,1,1,1,1,-1,1,-1,-1,1,-1,1,1,1,-1,-1,-1,1,1,1,1,-1,-1,-1,1,1,1,1,-1,-1,-1,1,1,1,-1,-1,-1,1,1,1,1,-1,-1,-1,1,1,1,1,-1,-1,1,1,-1,1,1,-1,-1,1,1,1,1,1,-1,-1,1,1,1,1,1,-1,-1,1,1,1,1,1,1,-1,1,1,1,-1,1,1,-1,1,1,1,1,1,1,-1,-1,1,1,1,1,1,-1,1,1,1,1,1,1,-1,-1,-1,1,1,1,1,-1,1,1,1,1,-1,1,-1,1,1,1,1,1,-1,-1,1,1,1,1,1,-1,1,-1,-1,1,-1,1,-1,1,1,1,1,1,1,1,1,1,-1,1,-1,1,-1,1,1,-1,1,-1,1,1,-1,1,-1,1,-1,1,-1,1,1,-1,1,-1,1,1,1,1,-1,-1,1,1,-1,-1,1,-1,1,-1,-1,1,-1,1,-1,1,-1,1,-1,-1,1,-1,-1,-1,1,1,-1,1,-1,1,1,1,-1,1,1,-1,1,-1,1,-1,1,-1,1,-1,1,1,-1,1,-1,-1,-1,1,1,-1,1,-1,-1,-1,1,1,-1,-1,1,1,-1,-1,1,1,-1,1,1,-1,1,1,1,1,-1,1,-1,1,1,-1,1,-1,1,-1,1,1,1,1,1,1,-1,-1,1,-1,-1,-1,1,1,-1,1,1,1,-1,1,1,1,1,1,1,-1,1,-1,1,1,1,-1,-1,1,-1,1,1,1,-1,1,1,-1,-1,1,1,1,-1,1,-1,1,1,1,-1,1,1,-1,1,1,1,-1,1,1,-1,1,1,1,-1,1,1,-1,-1,1,1,-1,1,1,-1,1,-1,1,-1,1,1,1,-1,1,1,1,1,1,1,-1,1,1,-1,1,-1,1,-1,-1,-1,-1,1,1,1,-1,1,1,-1,1,1,-1,-1,1,1,1,1,1,-1,1,1,1,-1,1,1,1,1,-1,1,1,1,-1,1,-1,1,1,1,1,1,1,-1,-1,-1,1,-1,-1,1,1,-1,1,1,1,1,1,1,1,-1,1,-1,-1,1,-1,1,-1,1,1,1,1,1,1,-1,-1,1,-1,1,1,1,-1,1,1,1,-1,1,1,-1,-1,1,-1,1,1,1,-1,1,1,1,1,1,1,-1,1,-1,1,1,1,-1,-1,1,-1,1,1,1,-1,-1,1,-1,1,1,1,-1,-1,1,-1,-1,1,1,-1,-1,1,-1,1,1,1,1,-1,1,1,-1,1,1,1,-1,-1,1,-1,1,1,-1,-1,1,-1,-1,1,-1,1,-1,-1,1,-1,1,-1,1,-1,-1,1,-1,-1,1,1,1,-1,1,-1,1,-1,-1,-1,1,-1,-1,-1,1,-1,-1,1,1,1,-1,1,-1,1,1,1,-1,1,1,-1,1,-1,1,-1,1,1,-1,-1,1,1,1,-1,1,-1,-1,1,1,-1,-1,1,-1,-1,1,1,-1,-1,1,-1,-1,-1,1,1,-1,1,1,-1,-1,1,-1,-1,1,-1,1,-1,1,1,-1,-1,1,-1,-1,-1,-1,-1,-1,1,1,-1,-1,1,-1,1,1,-1,-1,1,-1,-1,1,1,-1,-1,1,-1,-1,1,1,-1,1,-1,1,-1,-1,1,1,-1,-1,-1,-1,1,1,-1,-1,1,-1,-1,-1,1,1,-1,-1,-1,-1,-1,1,-1,-1,-1,-1,-1,1,1,1,-1,-1,-1,-1,-1,1,1,-1,-1,-1,-1,-1,1,1,1,-1,-1,-1,-1,1,1,-1,-1,-1,-1,1,1,1,1,-1,-1,1,1,1,1,1,-1,-1,-1,1,1,1,1,1,-1,1,1,1,1,-1,1,-1,-1,1,-1,1,-1,1,-1,-1,1,-1,1,-1,-1,-1,-1,1,-1,1,-1,1,-1,-1,1,-1,1,-1,1,-1,-1,1,-1,1,-1,-1,-1,-1,1,1,-1,-1,-1,-1,-1,1,-1,1,-1,-1,-1,-1,-1,-1,-1,1,-1,-1,-1,1,-1,-1,1,-1,-1,-1,-1,-1,-1,1,-1,-1,-1,-1,-1,1,-1,-1,-1,1,-1,-1,1,-1,1,-1,-1,-1,-1,-1,-1,-1,1,-1,-1,-1,1,1,1,-1,-1,1,1,-1,-1,-1,-1,1,-1,-1,1,1,1,-1,-1,-1,-1,1,-1,1,1,-1,1,-1,-1,1,1,-1,-1,-1,-1,-1,-1,1,1,-1,-1,1,-1,1,1,-1,-1,-1,1,-1,1,1,-1,-1,1,-1,-1,1,1,1,-1,1,-1,1,1,1,-1,-1,1,-1,-1,1,1,1,-1,1,-1,-1,1,1,-1,1,1,-1,-1,1,1,-1,1,1,-1,-1,1,1,-1,1,1,-1,-1,1,1,1,1,-1,1,-1,-1,1,1,-1,1,-1,-1,1,-1,1,1,1,1,-1,-1,1,-1,1,1,1,-1,1,1,1,1,-1,1,-1,1,1,1,1,1,1,1,-1,1,1,1,1,-1,1,-1,1,1,1,1,1,-1,1,1,1,1,-1,1,1,-1,1,1,-1,1,1,-1,-1,1,1,1,1,-1,1,-1,1,1,1,-1,-1,1,-1,1,1,1,-1,1,-1,-1,-1,1,1,-1,-1,1,-1,-1,1,1,1,-1,1,-1,-1,1,1,1,-1,1,-1,-1,1,1,-1,-1,-1,1,-1,-1,1,-1,1,1,-1,1,1,-1,-1,1,-1,-1,-1,1,1,-1,1,1,-1,1,1,-1,-1,1,-1,1,-1,-1,-1,-1,1,-1,-1,1,1,-1,1,1,-1,1,1,1,1,-1,1,-1,1,1,1,1,-1,1,-1,-1,-1,1,1,-1,1,-1,1,1,1,1,-1,1,-1,1,1,-1,-1,-1,1,-1,-1,1,1,-1,-1,-1,1,-1,1,-1,1,-1,1,-1,-1,1,-2670.0,1,2000,445,1500,False
1218,1,1,-1,-1,1,1,-1,-1,1,1,1,-1,1,1,1,1,-1,1,-1,-1,-1,-1,1,1,1,-1,1,-1,1,1,1,1,-1,-1,-1,-1,1,1,1,1,-1,-1,-1,1,1,1,1,-1,1,1,1,1,-1,1,-1,-1,1,-1,1,1,1,-1,-1,-1,1,1,1,1,-1,-1,-1,1,1,1,1,-1,-1,-1,1,1,1,-1,-1,-1,1,1,1,1,-1,-1,-1,1,1,1,1,-1,-1,1,1,-1,1,1,-1,-1,1,1,1,1,1,-1,-1,1,1,-1,1,1,-1,-1,1,1,1,1,1,1,-1,1,1,1,-1,1,1,-1,1,1,1,1,1,1,-1,-1,1,1,1,1,1,-1,1,1,1,1,1,1,-1,-1,-1,1,1,1,1,-1,1,1,1,1,-1,1,-1,1,-1,1,1,1,-1,-1,1,1,1,1,1,-1,1,-1,-1,1,-1,1,-1,1,1,1,1,1,1,1,1,1,-1,1,-1,1,-1,1,1,-1,1,-1,1,1,-1,1,-1,1,-1,1,-1,1,1,-1,1,-1,1,1,1,1,-1,-1,1,1,-1,-1,1,-1,1,-1,1,1,-1,1,-1,1,-1,1,-1,1,1,-1,-1,-1,1,1,-1,1,-1,1,1,1,-1,1,1,-1,-1,-1,1,-1,1,-1,1,-1,1,1,-1,1,-1,-1,-1,1,1,-1,1,-1,-1,-1,1,1,-1,-1,1,1,-1,-1,1,1,-1,1,1,-1,1,1,1,1,-1,1,-1,1,1,-1,1,-1,1,1,1,1,1,1,1,1,-1,-1,1,-1,-1,1,1,1,-1,1,1,1,-1,1,1,1,1,1,1,1,1,-1,1,1,1,-1,1,1,-1,1,1,1,-1,1,1,-1,-1,1,1,1,-1,1,-1,1,1,1,-1,1,1,-1,1,1,1,-1,1,1,-1,1,1,1,-1,1,1,-1,-1,1,1,-1,1,1,-1,1,-1,1,-1,1,1,1,-1,1,1,1,-1,1,1,-1,1,1,-1,1,1,1,-1,-1,-1,-1,1,1,1,-1,1,1,-1,1,1,-1,-1,1,1,1,1,1,-1,1,1,1,-1,1,1,1,1,-1,1,1,1,-1,1,-1,1,1,1,-1,1,1,-1,-1,-1,1,-1,-1,1,1,-1,1,1,-1,1,1,1,1,-1,1,-1,-1,1,-1,1,-1,1,1,-1,1,1,1,-1,-1,1,-1,1,1,1,-1,1,1,1,-1,1,1,-1,-1,1,-1,1,1,1,-1,1,1,1,1,1,1,-1,1,-1,1,1,1,-1,1,1,-1,-1,1,1,-1,-1,1,-1,1,1,1,-1,-1,1,1,-1,1,1,-1,-1,1,-1,1,1,1,1,-1,1,-1,-1,-1,1,1,-1,1,-1,1,-1,1,-1,-1,1,-1,-1,1,-1,1,-1,-1,1,-1,1,-1,1,-1,1,1,-1,-1,1,1,1,-1,1,-1,1,-1,1,1,1,-1,-1,-1,1,-1,-1,1,1,1,-1,1,-1,1,1,1,-1,1,1,-1,-1,-1,1,-1,-1,1,-1,-1,1,1,1,-1,1,-1,-1,1,1,-1,-1,1,-1,-1,1,1,-1,-1,1,-1,-1,-1,1,1,-1,1,1,-1,-1,1,-1,-1,1,-1,1,-1,1,1,-1,-1,1,-1,-1,-1,-1,-1,1,1,1,-1,1,1,-1,-1,1,-1,1,-1,-1,-1,1,1,-1,-1,-1,1,-1,1,1,-1,1,1,1,-1,-1,1,1,-1,-1,-1,-1,1,1,-1,-1,1,-1,-1,-1,1,1,-1,-1,-1,-1,-1,1,-1,-1,1,-1,-1,1,1,1,-1,1,-1,-1,-1,1,1,-1,-1,-1,-1,-1,1,1,1,-1,-1,-1,-1,1,1,-1,-1,-1,-1,1,1,1,1,-1,-1,1,1,1,1,1,-1,-1,-1,1,1,1,1,1,-1,1,1,1,1,-1,1,-1,-1,1,-1,1,-1,1,-1,-1,1,-1,1,-1,-1,-1,-1,1,-1,1,-1,1,-1,-1,1,-1,1,-1,1,-1,-1,1,-1,1,-1,-1,-1,-1,1,1,-1,-1,-1,-1,-1,1,-1,1,-1,-1,-1,-1,-1,-1,-1,1,-1,-1,-1,1,-1,-1,1,-1,-1,-1,-1,-1,-1,1,-1,-1,-1,-1,-1,1,-1,-1,-1,1,-1,-1,1,-1,1,-1,-1,-1,-1,-1,-1,-1,1,-1,-1,-1,1,1,-1,-1,-1,-1,1,-1,-1,-1,-1,1,-1,-1,1,-1,1,-1,-1,-1,-1,1,-1,1,1,-1,1,-1,-1,1,1,-1,-1,-1,-1,-1,-1,1,1,-1,-1,1,-1,1,1,-1,-1,-1,1,-1,1,1,-1,-1,1,-1,-1,1,1,1,-1,1,-1,1,1,1,-1,-1,1,-1,-1,1,1,1,-1,1,-1,-1,1,1,-1,1,1,-1,-1,1,1,-1,1,1,-1,-1,1,1,-1,1,1,-1,-1,1,1,1,1,1,1,-1,-1,1,1,1,1,-1,-1,1,-1,1,1,1,1,-1,-1,1,-1,1,1,1,-1,1,-1,1,1,-1,1,-1,1,1,1,1,1,1,1,-1,-1,1,1,1,-1,1,-1,1,1,1,1,1,-1,1,-1,1,1,-1,1,1,-1,1,1,-1,1,1,-1,-1,1,1,1,1,-1,1,-1,-1,1,1,-1,-1,1,-1,1,1,1,-1,1,-1,-1,-1,1,1,-1,-1,1,-1,-1,1,1,-1,-1,1,-1,-1,-1,1,1,-1,1,-1,-1,1,1,-1,-1,-1,1,-1,-1,1,-1,1,1,-1,1,1,-1,-1,1,1,-1,-1,1,1,-1,1,1,-1,1,1,-1,-1,-1,-1,1,-1,-1,-1,-1,-1,1,-1,1,1,-1,1,1,-1,1,1,1,1,-1,1,-1,1,1,1,1,-1,1,-1,-1,1,1,1,-1,1,-1,1,1,1,1,-1,1,-1,1,1,1,-1,-1,1,-1,-1,1,1,-1,-1,-1,1,-1,1,-1,1,-1,1,-1,1,1,-2670.0,1,2000,445,1500,False
1219,1,1,-1,-1,1,-1,-1,-1,1,1,1,-1,1,1,1,1,-1,1,-1,-1,1,-1,1,1,1,-1,-1,-1,1,1,1,1,-1,-1,-1,-1,1,-1,1,1,-1,-1,-1,1,1,1,1,-1,1,1,1,1,-1,1,-1,-1,1,-1,1,1,1,-1,-1,-1,1,1,1,1,-1,-1,-1,1,1,1,1,-1,-1,-1,1,1,1,-1,-1,-1,1,1,1,1,-1,-1,-1,1,1,1,1,-1,-1,1,1,-1,1,1,-1,-1,1,1,1,1,1,-1,-1,1,1,-1,1,1,-1,-1,1,1,1,1,1,1,-1,-1,1,1,-1,1,1,-1,1,1,1,1,1,1,-1,-1,1,1,1,1,1,-1,1,1,1,1,1,1,-1,-1,-1,1,1,1,1,-1,1,1,1,1,-1,1,-1,1,-1,1,1,1,-1,-1,1,1,1,1,1,-1,1,-1,-1,1,-1,1,-1,1,1,1,1,1,1,1,1,1,1,1,-1,1,-1,1,1,-1,1,-1,1,1,-1,1,-1,1,-1,1,-1,1,1,-1,-1,-1,1,1,1,1,-1,-1,1,1,-1,-1,1,-1,1,-1,-1,1,-1,1,-1,1,-1,1,-1,1,1,-1,1,-1,1,1,-1,1,-1,1,1,1,-1,1,1,-1,1,-1,1,-1,1,-1,1,-1,1,1,-1,1,-1,-1,-1,1,1,-1,1,-1,-1,-1,1,1,-1,-1,1,1,-1,-1,1,1,-1,1,1,-1,1,1,1,1,-1,1,-1,1,1,-1,1,-1,1,1,-1,1,1,-1,-1,1,-1,-1,1,-1,-1,1,1,1,-1,1,1,1,-1,1,-1,-1,1,1,1,1,1,-1,1,1,1,1,-1,1,-1,1,1,1,-1,1,1,-1,-1,1,1,1,-1,1,-1,1,1,1,-1,1,1,-1,1,1,1,-1,1,-1,-1,1,1,1,1,1,-1,-1,-1,1,1,-1,1,-1,-1,1,-1,1,-1,1,1,-1,-1,1,1,1,1,1,-1,-1,1,1,-1,1,-1,-1,-1,-1,-1,-1,1,1,-1,-1,1,1,-1,1,-1,1,-1,1,1,1,1,-1,-1,1,1,1,-1,1,-1,-1,-1,-1,1,1,1,1,-1,-1,1,1,1,1,-1,-1,1,-1,-1,1,-1,1,-1,-1,1,-1,1,1,-1,-1,1,1,-1,1,-1,1,-1,-1,1,-1,1,1,-1,-1,-1,1,-1,-1,1,1,-1,-1,1,-1,1,1,-1,1,-1,1,-1,-1,1,1,-1,-1,1,-1,1,1,-1,-1,1,1,-1,1,-1,1,-1,1,-1,-1,1,-1,1,-1,1,-1,-1,1,-1,-1,-1,1,-1,-1,1,-1,1,-1,1,-1,-1,1,-1,-1,1,-1,1,-1,1,1,1,-1,1,1,-1,-1,1,1,-1,1,-1,-1,1,1,1,1,1,1,-1,-1,1,1,-1,1,1,1,-1,1,1,1,-1,1,1,-1,1,1,1,1,-1,-1,1,-1,-1,-1,1,-1,-1,1,1,1,-1,1,-1,1,-1,-1,-1,1,1,-1,1,1,-1,-1,-1,1,-1,1,1,-1,1,-1,1,-1,-1,-1,-1,-1,-1,1,-1,-1,-1,-1,-1,-1,1,-1,1,1,1,1,-1,1,-1,1,1,-1,-1,-1,1,-1,-1,1,-1,1,-1,-1,1,1,1,1,-1,-1,1,1,1,1,-1,1,-1,-1,1,1,1,-1,-1,-1,-1,1,1,1,-1,1,-1,1,-1,1,-1,1,1,-1,-1,1,1,1,-1,-1,-1,1,1,1,1,1,-1,-1,-1,1,1,1,1,-1,-1,-1,1,-1,1,-1,-1,-1,-1,1,1,1,1,-1,-1,1,1,1,1,1,-1,-1,-1,1,1,-1,1,-1,-1,-1,1,1,1,1,-1,-1,1,1,1,1,-1,-1,1,1,-1,1,1,-1,-1,-1,1,1,1,1,1,-1,1,1,1,1,1,-1,-1,-1,1,-1,1,-1,-1,-1,-1,1,-1,1,1,1,-1,-1,1,-1,1,1,-1,1,-1,1,1,1,1,-1,1,-1,1,-1,1,1,-1,-1,-1,1,1,-1,-1,-1,-1,-1,1,-1,1,-1,-1,-1,-1,-1,-1,-1,1,-1,-1,-1,1,-1,-1,1,-1,-1,-1,-1,-1,1,1,-1,-1,-1,-1,-1,1,-1,-1,-1,1,-1,-1,1,-1,1,-1,-1,-1,-1,-1,-1,-1,1,-1,-1,-1,1,1,-1,-1,-1,1,-1,-1,-1,-1,-1,1,-1,-1,1,1,1,-1,-1,-1,-1,1,-1,1,1,-1,1,-1,-1,1,1,-1,-1,-1,-1,-1,-1,1,1,-1,-1,1,-1,1,1,-1,-1,-1,1,-1,1,1,-1,-1,1,-1,-1,1,1,1,-1,1,-1,1,1,1,-1,-1,1,-1,-1,1,1,1,-1,1,-1,-1,1,1,-1,1,1,-1,-1,1,1,1,1,1,-1,-1,1,1,-1,1,1,-1,-1,1,1,1,1,1,1,-1,-1,1,1,1,1,-1,-1,1,-1,1,1,1,1,-1,-1,1,-1,1,1,1,-1,1,1,1,1,-1,1,-1,1,1,1,1,1,1,1,-1,1,1,1,1,-1,1,-1,1,1,1,1,1,-1,1,1,1,1,-1,-1,1,-1,1,1,-1,1,1,-1,-1,1,1,1,-1,1,1,-1,1,1,1,-1,-1,1,-1,1,1,1,-1,1,-1,-1,-1,1,1,-1,-1,1,-1,-1,1,1,-1,-1,1,-1,-1,1,1,1,1,-1,-1,-1,1,1,-1,-1,-1,1,-1,-1,1,-1,1,1,-1,1,1,-1,-1,1,-1,-1,-1,1,1,-1,1,1,-1,1,1,-1,-1,1,-1,1,-1,-1,-1,-1,1,-1,-1,1,1,-1,1,1,-1,1,1,1,1,-1,1,-1,1,1,1,1,-1,1,-1,-1,-1,1,1,-1,1,-1,1,1,1,1,-1,1,-1,1,1,-1,-1,-1,1,-1,-1,1,1,-1,-1,-1,1,-1,1,-1,1,-1,1,-1,-1,1,-2670.0,1,2000,445,1500,False
1220,1,1,-1,-1,1,1,-1,-1,1,1,1,-1,-1,1,1,1,-1,1,-1,-1,-1,-1,1,1,1,-1,-1,-1,1,1,1,1,-1,-1,-1,-1,1,-1,1,1,-1,-1,-1,1,1,1,1,-1,1,1,1,1,-1,1,-1,-1,1,-1,1,1,1,-1,-1,-1,1,1,1,1,-1,-1,-1,1,1,1,1,-1,-1,-1,1,1,1,-1,-1,-1,1,1,1,1,-1,-1,-1,1,1,1,1,-1,-1,1,1,-1,1,1,-1,-1,1,1,1,1,1,-1,-1,-1,1,-1,1,1,-1,-1,1,1,1,1,1,1,-1,-1,1,1,-1,1,1,-1,1,1,1,1,1,1,-1,1,1,1,1,1,1,-1,1,1,1,1,1,1,-1,-1,-1,1,1,1,1,-1,1,1,1,1,-1,1,-1,1,-1,1,1,1,-1,-1,1,1,1,1,1,-1,1,-1,-1,1,-1,1,-1,1,1,1,1,1,1,1,1,1,-1,1,-1,1,-1,1,1,-1,1,-1,1,1,-1,1,-1,1,-1,1,-1,1,1,-1,1,-1,1,1,1,1,-1,-1,1,1,-1,-1,1,-1,1,-1,-1,1,-1,1,-1,1,-1,1,-1,1,1,-1,-1,-1,1,1,-1,1,-1,1,1,1,-1,1,1,-1,1,-1,1,-1,1,-1,1,-1,1,1,-1,1,-1,-1,-1,1,1,-1,1,-1,-1,-1,1,1,-1,-1,1,1,-1,-1,1,1,-1,1,1,-1,1,1,1,1,-1,1,-1,1,1,-1,1,-1,1,1,1,1,1,1,1,1,-1,-1,1,-1,-1,-1,1,1,-1,1,1,1,-1,1,1,1,1,1,1,-1,1,-1,1,1,1,-1,-1,1,-1,1,1,1,-1,1,1,-1,-1,1,1,1,-1,1,-1,1,1,1,-1,1,1,-1,1,1,1,-1,1,1,-1,1,1,1,-1,1,1,-1,-1,1,1,-1,1,1,-1,1,-1,1,-1,1,1,1,-1,1,1,1,-1,1,1,-1,1,1,-1,1,1,1,-1,-1,-1,-1,1,1,1,-1,1,1,-1,1,1,-1,-1,1,1,1,1,1,-1,1,1,1,-1,1,1,1,-1,-1,1,1,1,-1,1,-1,1,1,1,1,1,1,-1,-1,-1,1,-1,-1,1,1,-1,1,1,1,1,1,1,1,-1,1,-1,-1,1,-1,1,-1,1,1,1,1,1,1,-1,-1,1,-1,1,1,1,-1,1,1,1,-1,1,1,-1,-1,1,-1,1,1,1,-1,1,1,1,1,1,1,-1,1,-1,-1,1,1,-1,-1,1,-1,-1,1,1,-1,-1,1,-1,1,1,1,-1,-1,1,1,-1,1,1,-1,-1,1,-1,1,1,1,1,-1,1,1,-1,-1,1,1,-1,-1,-1,1,-1,1,-1,-1,1,-1,-1,1,-1,1,-1,-1,1,-1,1,-1,1,-1,-1,1,-1,-1,1,1,1,-1,1,-1,1,-1,1,-1,1,-1,-1,-1,1,-1,-1,-1,1,1,-1,1,-1,1,1,1,-1,1,1,-1,1,-1,1,-1,-1,1,-1,-1,1,1,1,-1,1,-1,-1,1,1,-1,-1,1,-1,-1,1,1,-1,-1,1,-1,-1,-1,1,1,-1,1,1,-1,-1,1,-1,-1,1,-1,1,-1,1,1,-1,-1,1,-1,-1,-1,-1,-1,1,1,1,-1,1,1,-1,-1,1,-1,1,-1,-1,-1,1,1,-1,-1,-1,1,-1,1,1,-1,1,1,1,-1,-1,1,1,-1,-1,-1,-1,1,1,-1,-1,1,-1,-1,-1,1,1,-1,-1,-1,-1,-1,1,-1,-1,1,-1,-1,1,1,1,-1,1,-1,-1,-1,1,1,-1,-1,-1,-1,-1,1,1,1,-1,-1,-1,-1,1,1,-1,-1,-1,-1,1,1,1,1,-1,-1,1,1,1,1,1,-1,-1,-1,1,1,1,1,1,-1,1,1,1,1,-1,1,-1,-1,1,-1,1,-1,1,-1,-1,1,-1,1,-1,-1,-1,-1,1,-1,1,-1,1,1,-1,1,-1,1,-1,1,1,-1,1,-1,1,-1,-1,-1,-1,1,1,-1,-1,-1,-1,-1,1,-1,1,-1,-1,-1,-1,-1,-1,-1,1,-1,-1,-1,1,-1,-1,1,-1,-1,-1,-1,-1,-1,1,-1,-1,-1,-1,-1,1,-1,-1,-1,1,-1,-1,1,-1,1,-1,-1,-1,-1,-1,-1,-1,1,-1,-1,-1,1,1,-1,-1,-1,1,-1,-1,-1,-1,-1,1,-1,-1,1,1,1,-1,-1,-1,-1,1,-1,1,1,-1,1,-1,-1,1,1,-1,-1,-1,-1,-1,-1,1,1,-1,-1,1,-1,1,1,-1,-1,-1,1,-1,1,1,-1,-1,1,-1,-1,1,1,1,-1,1,-1,1,1,1,-1,-1,1,-1,-1,1,1,1,-1,1,-1,-1,1,1,-1,1,1,-1,-1,1,1,-1,1,1,-1,-1,1,1,-1,1,1,-1,-1,1,1,1,1,1,1,-1,-1,1,1,-1,1,-1,-1,1,-1,1,1,1,1,-1,-1,1,-1,1,1,1,-1,1,1,1,1,-1,1,-1,1,1,1,1,1,1,1,-1,1,1,1,1,-1,1,-1,1,1,1,1,1,-1,1,1,1,1,-1,1,1,-1,1,1,-1,1,1,-1,-1,1,1,1,1,-1,1,-1,1,1,1,-1,-1,1,-1,1,1,1,-1,1,-1,-1,-1,1,1,-1,-1,1,-1,-1,1,1,1,-1,1,-1,-1,1,1,1,-1,1,-1,-1,1,1,-1,-1,-1,1,-1,1,1,-1,1,1,-1,1,1,-1,-1,1,1,-1,-1,1,1,-1,1,1,-1,1,1,-1,-1,-1,-1,1,-1,-1,-1,-1,1,-1,-1,1,1,-1,1,1,-1,1,1,1,1,-1,1,-1,1,1,1,-1,-1,1,-1,-1,1,1,-1,-1,1,-1,1,1,1,-1,-1,1,-1,1,1,1,1,-1,1,-1,-1,1,1,-1,-1,-1,1,-1,1,-1,1,-1,1,-1,-1,1,-2670.0,1,2000,445,1500,False
1221,1,1,-1,-1,1,-1,-1,-1,1,1,1,-1,1,1,1,1,-1,1,-1,-1,1,-1,1,1,1,-1,1,-1,1,1,1,1,-1,-1,-1,-1,1,1,1,1,-1,-1,-1,1,1,1,1,-1,1,1,1,1,-1,1,-1,-1,1,-1,1,1,1,-1,-1,-1,1,1,1,1,-1,-1,-1,1,1,1,1,-1,-1,-1,1,1,1,-1,-1,-1,1,1,1,1,-1,-1,-1,1,1,1,1,-1,-1,1,1,-1,1,1,-1,-1,1,1,1,1,1,-1,-1,1,1,1,1,1,-1,-1,1,1,1,1,1,1,-1,-1,1,1,-1,1,1,-1,1,1,1,1,1,1,-1,-1,1,1,1,1,1,-1,1,1,1,1,1,1,-1,-1,-1,1,1,1,1,-1,1,1,1,1,-1,1,-1,1,-1,1,1,1,-1,-1,1,1,1,1,1,-1,1,-1,-1,1,-1,1,-1,1,1,1,1,1,1,1,1,1,-1,1,-1,1,-1,1,1,-1,1,-1,1,1,-1,1,-1,1,-1,1,-1,1,1,-1,-1,-1,1,1,1,1,-1,-1,1,1,-1,-1,1,-1,1,-1,1,1,-1,1,-1,1,-1,1,-1,1,1,-1,-1,-1,1,1,-1,1,-1,1,1,1,-1,1,1,-1,-1,-1,1,-1,1,-1,1,-1,1,1,-1,1,-1,-1,-1,1,1,-1,1,-1,-1,-1,1,1,-1,-1,1,1,-1,-1,1,1,-1,1,1,-1,1,1,1,1,-1,1,-1,1,1,-1,1,-1,1,1,1,1,1,1,1,1,-1,-1,1,-1,-1,-1,1,1,-1,1,1,1,-1,1,1,1,1,1,1,-1,1,-1,1,1,1,-1,-1,1,-1,1,1,1,-1,1,1,-1,-1,1,1,1,-1,1,-1,1,1,1,-1,1,1,-1,1,1,1,-1,1,1,-1,1,1,1,-1,1,1,-1,-1,1,1,-1,1,1,-1,1,-1,1,-1,1,1,1,-1,1,1,1,1,1,1,-1,1,1,-1,1,1,1,-1,-1,-1,-1,1,1,1,-1,1,1,-1,1,1,-1,-1,1,1,1,1,1,-1,1,1,1,-1,1,1,1,1,-1,1,1,1,-1,1,-1,1,1,1,1,1,1,-1,-1,-1,1,-1,-1,1,1,-1,1,1,1,1,1,1,1,-1,1,-1,-1,1,-1,1,-1,1,1,1,1,1,1,-1,-1,1,-1,1,1,1,-1,1,1,1,-1,1,1,-1,-1,1,-1,1,1,1,-1,1,1,1,1,1,1,-1,1,-1,-1,1,1,-1,-1,1,-1,-1,1,1,-1,-1,1,-1,1,1,1,-1,-1,1,1,-1,1,1,-1,-1,1,-1,1,1,1,1,-1,1,1,-1,-1,1,1,-1,-1,-1,1,-1,1,-1,-1,1,-1,-1,1,-1,1,-1,-1,1,-1,1,-1,1,1,-1,1,-1,-1,1,1,1,-1,1,-1,1,-1,1,1,1,-1,-1,-1,1,-1,-1,1,1,1,-1,1,-1,1,1,1,-1,1,1,-1,-1,-1,1,-1,-1,1,-1,-1,1,1,1,-1,1,-1,-1,1,1,-1,-1,1,-1,-1,1,1,-1,-1,1,-1,-1,-1,1,1,-1,1,-1,-1,-1,1,-1,-1,1,-1,1,-1,1,1,-1,-1,1,-1,-1,-1,-1,-1,1,1,1,-1,1,1,-1,-1,1,-1,-1,-1,-1,-1,1,1,-1,-1,-1,-1,-1,1,1,-1,1,1,1,-1,-1,1,1,-1,-1,-1,-1,1,1,-1,-1,1,-1,-1,-1,1,1,-1,-1,-1,-1,-1,1,-1,-1,1,-1,-1,-1,1,1,-1,1,-1,-1,1,1,1,-1,-1,-1,-1,-1,1,1,1,-1,-1,-1,-1,1,1,-1,-1,-1,-1,1,1,1,1,-1,-1,1,1,1,1,1,-1,-1,-1,1,1,1,-1,1,-1,1,1,1,1,-1,1,-1,-1,1,-1,1,-1,1,-1,-1,1,-1,1,-1,-1,-1,-1,1,-1,1,-1,1,-1,-1,1,-1,1,-1,1,-1,-1,1,-1,1,-1,-1,-1,-1,1,1,-1,-1,-1,-1,-1,1,-1,1,-1,-1,-1,-1,-1,-1,-1,1,-1,-1,-1,1,-1,-1,1,-1,-1,-1,-1,-1,1,1,-1,-1,-1,-1,-1,1,-1,-1,-1,1,-1,-1,1,-1,1,-1,-1,-1,-1,-1,-1,-1,1,-1,-1,-1,1,1,-1,-1,-1,-1,1,-1,-1,-1,-1,1,-1,-1,1,1,1,-1,-1,-1,-1,1,-1,1,1,-1,1,-1,-1,1,1,-1,-1,-1,-1,-1,-1,1,1,-1,-1,1,-1,1,1,-1,-1,-1,1,-1,-1,1,-1,-1,1,-1,-1,1,1,1,-1,1,-1,1,1,1,-1,-1,1,-1,-1,1,1,1,-1,1,-1,-1,1,1,-1,1,1,-1,-1,1,1,-1,1,1,-1,-1,1,1,-1,1,1,-1,-1,1,1,1,1,1,1,-1,-1,1,1,-1,1,-1,-1,1,-1,1,1,1,1,-1,-1,1,-1,1,1,1,-1,1,1,1,1,-1,1,-1,1,1,1,1,1,1,1,-1,1,1,1,1,-1,1,-1,1,1,1,1,1,-1,1,1,1,1,-1,1,1,-1,1,1,-1,1,1,-1,-1,1,1,1,1,-1,1,-1,1,1,1,-1,-1,1,-1,1,1,1,-1,1,-1,-1,-1,1,1,-1,-1,1,-1,-1,1,1,-1,-1,1,-1,-1,1,1,1,-1,1,-1,-1,1,1,-1,-1,-1,1,-1,-1,1,-1,1,1,-1,1,1,-1,-1,1,-1,-1,-1,1,1,-1,1,1,-1,1,1,-1,-1,-1,-1,1,-1,-1,-1,-1,1,-1,-1,1,1,-1,1,1,-1,1,1,1,1,-1,1,-1,1,1,1,1,-1,1,-1,-1,1,1,1,-1,1,-1,1,1,1,1,-1,1,-1,1,1,-1,-1,-1,1,-1,-1,1,1,-1,-1,-1,1,-1,1,-1,1,-1,1,-1,-1,1,-2670.0,1,2000,445,1500,False
1222,1,1,-1,-1,1,-1,-1,-1,1,1,1,-1,1,1,1,1,-1,1,-1,-1,1,-1,1,1,1,-1,-1,-1,1,1,1,1,1,-1,-1,-1,1,-1,1,1,-1,-1,-1,1,1,1,1,-1,1,1,1,1,-1,1,-1,-1,1,-1,1,1,1,-1,-1,-1,1,1,1,1,-1,-1,-1,1,1,1,1,-1,-1,-1,1,1,1,-1,-1,-1,1,1,1,1,-1,-1,-1,1,1,1,1,-1,-1,1,1,-1,1,1,-1,-1,1,1,1,1,1,-1,-1,1,1,1,1,1,-1,-1,1,1,1,1,1,1,-1,-1,1,1,-1,1,1,-1,1,1,1,1,1,1,-1,-1,1,1,1,1,1,-1,1,1,1,1,1,1,-1,-1,-1,1,1,1,1,-1,1,1,1,1,-1,1,-1,1,-1,1,1,1,-1,-1,1,1,1,1,1,-1,1,-1,-1,1,-1,1,-1,1,1,1,1,1,1,1,1,1,-1,1,-1,1,-1,1,1,-1,1,-1,1,1,-1,1,-1,1,-1,1,-1,1,1,-1,1,-1,1,1,1,1,-1,-1,1,1,-1,-1,1,-1,1,-1,-1,1,-1,1,-1,1,-1,1,-1,1,1,-1,-1,-1,1,1,-1,1,-1,1,1,1,-1,1,1,-1,-1,-1,1,-1,1,-1,1,-1,1,1,-1,1,-1,-1,-1,1,1,-1,1,-1,-1,-1,1,1,-1,-1,1,1,-1,-1,1,1,-1,1,1,-1,1,1,1,1,-1,1,-1,1,1,-1,1,-1,1,1,-1,1,1,1,1,1,-1,-1,1,-1,-1,-1,1,1,-1,1,1,1,-1,1,-1,-1,1,1,1,1,1,-1,1,1,1,-1,1,1,-1,1,1,1,-1,1,1,-1,-1,1,1,1,-1,1,-1,1,1,1,-1,1,1,-1,1,1,1,-1,1,-1,-1,1,1,1,-1,1,-1,-1,-1,1,1,-1,1,-1,-1,1,-1,1,-1,1,1,-1,-1,1,1,1,-1,1,-1,-1,1,1,-1,1,-1,-1,-1,-1,-1,-1,1,-1,-1,-1,1,1,-1,1,-1,-1,-1,1,1,1,1,-1,-1,1,1,1,-1,1,-1,-1,-1,-1,1,1,1,1,-1,-1,1,1,1,1,-1,-1,1,-1,-1,1,-1,1,-1,-1,1,-1,1,1,-1,-1,1,1,-1,1,-1,1,-1,-1,1,-1,1,1,-1,-1,-1,1,-1,-1,1,1,-1,-1,1,-1,1,1,-1,1,-1,1,-1,-1,1,1,-1,-1,1,-1,1,1,-1,-1,1,1,-1,1,-1,1,-1,1,-1,-1,1,-1,1,-1,1,-1,-1,1,-1,-1,-1,1,-1,-1,1,-1,1,-1,1,-1,-1,1,-1,-1,1,-1,1,-1,1,1,1,-1,1,1,-1,-1,1,1,-1,1,-1,-1,1,-1,1,1,1,1,-1,-1,1,1,-1,1,1,-1,-1,1,1,1,-1,1,1,-1,1,1,1,1,-1,1,1,-1,-1,-1,1,-1,1,1,1,1,-1,1,-1,1,-1,-1,-1,1,1,-1,1,1,-1,-1,-1,1,-1,1,1,-1,1,-1,1,-1,-1,-1,-1,-1,-1,1,-1,-1,-1,-1,-1,-1,1,-1,1,1,1,1,-1,1,-1,1,1,-1,-1,-1,1,-1,-1,1,-1,1,-1,-1,1,1,1,1,-1,-1,1,1,1,1,-1,1,-1,-1,1,1,1,-1,-1,-1,1,1,1,1,-1,-1,-1,1,-1,1,-1,1,-1,-1,-1,1,1,1,-1,-1,-1,1,1,1,1,1,-1,-1,-1,1,1,1,1,-1,-1,-1,1,1,1,-1,-1,-1,1,1,1,1,1,-1,-1,-1,1,1,1,1,-1,-1,-1,1,1,-1,1,-1,-1,-1,1,1,1,1,-1,-1,1,1,1,1,-1,-1,1,1,-1,1,1,-1,-1,-1,1,1,1,1,1,-1,1,1,1,1,1,-1,-1,-1,1,-1,1,-1,-1,-1,-1,1,-1,1,1,-1,-1,-1,1,-1,1,1,-1,1,-1,1,1,1,1,-1,1,-1,1,-1,1,1,-1,-1,-1,1,1,-1,-1,-1,-1,-1,1,-1,1,-1,-1,-1,-1,-1,-1,-1,1,-1,-1,-1,1,-1,-1,1,-1,-1,-1,-1,-1,1,1,-1,-1,-1,-1,-1,1,-1,-1,-1,1,-1,-1,1,-1,1,-1,-1,-1,-1,-1,-1,-1,1,-1,-1,-1,1,1,-1,-1,-1,1,1,-1,-1,-1,-1,1,-1,-1,1,1,1,-1,-1,-1,-1,1,-1,1,1,-1,1,-1,-1,1,1,-1,-1,-1,-1,-1,-1,1,1,-1,-1,1,-1,1,1,-1,-1,-1,1,-1,1,1,-1,-1,1,-1,-1,1,1,1,-1,1,-1,1,1,1,-1,-1,1,-1,-1,1,1,1,-1,1,-1,-1,1,1,-1,1,1,-1,-1,1,1,1,1,1,-1,-1,1,1,1,1,1,-1,-1,1,1,1,1,1,1,-1,-1,1,1,1,1,-1,-1,1,-1,1,1,1,1,-1,-1,1,-1,1,1,1,-1,1,1,1,1,-1,1,-1,1,1,1,1,1,1,1,-1,1,1,1,1,-1,1,-1,1,1,1,1,1,-1,1,1,1,1,-1,1,1,-1,1,1,-1,1,1,-1,-1,1,1,1,1,-1,1,-1,1,1,1,-1,-1,1,-1,1,1,1,-1,1,-1,-1,-1,1,1,-1,-1,1,-1,-1,1,1,-1,-1,1,-1,-1,1,1,1,-1,-1,-1,-1,1,1,-1,-1,-1,1,-1,-1,1,-1,1,1,-1,1,1,-1,-1,1,1,-1,-1,1,1,-1,1,1,-1,1,1,-1,-1,-1,-1,1,-1,-1,-1,-1,-1,-1,-1,1,1,-1,1,1,-1,1,1,1,1,-1,1,-1,1,1,1,1,-1,1,-1,-1,-1,1,1,-1,1,-1,1,1,1,1,-1,1,-1,1,1,-1,-1,-1,1,-1,-1,1,1,-1,-1,-1,1,-1,1,-1,1,-1,1,-1,-1,1,-2670.0,1,2000,445,1500,False
1223,1,1,-1,-1,1,1,-1,-1,1,1,1,-1,1,1,1,1,-1,1,-1,-1,-1,-1,1,1,1,-1,-1,-1,1,1,1,1,-1,-1,-1,-1,1,1,1,1,-1,-1,-1,1,1,1,1,-1,1,1,1,1,-1,1,-1,-1,1,-1,1,1,1,-1,-1,-1,1,1,1,1,-1,-1,-1,1,1,1,1,-1,-1,-1,1,1,1,-1,-1,-1,1,1,1,1,-1,-1,1,1,1,1,1,-1,-1,-1,1,-1,1,1,-1,-1,1,1,1,1,1,-1,-1,-1,1,1,1,1,-1,-1,1,1,1,1,1,1,-1,-1,1,1,-1,1,1,-1,1,1,1,1,1,1,-1,1,1,1,1,1,1,-1,1,1,1,1,1,1,-1,-1,-1,1,1,1,1,-1,1,1,1,1,-1,1,-1,1,-1,1,1,1,-1,-1,1,1,1,1,1,-1,1,-1,-1,1,-1,1,-1,1,1,1,1,1,1,1,1,1,-1,1,-1,1,-1,1,1,-1,1,-1,1,1,-1,1,-1,1,-1,1,-1,1,1,-1,1,-1,1,1,1,1,-1,-1,1,1,-1,-1,1,-1,1,-1,-1,1,-1,1,-1,1,-1,1,-1,-1,1,-1,-1,-1,1,1,-1,1,-1,1,1,1,-1,1,1,-1,1,-1,1,-1,1,-1,1,-1,1,1,-1,1,-1,-1,-1,1,1,-1,1,-1,-1,-1,1,1,-1,-1,1,1,-1,-1,1,1,-1,1,1,-1,1,1,1,1,-1,1,-1,1,1,-1,1,-1,1,-1,1,1,1,1,1,1,-1,-1,1,-1,-1,1,1,1,-1,1,1,1,-1,1,1,1,1,1,1,1,1,-1,1,1,1,-1,1,1,-1,1,1,1,-1,1,1,-1,-1,1,1,1,-1,1,-1,1,1,1,-1,1,1,-1,1,1,1,-1,1,1,-1,1,1,1,-1,1,1,-1,-1,1,1,-1,1,1,-1,1,-1,1,-1,1,1,1,-1,1,1,1,-1,1,1,-1,1,1,-1,1,1,1,-1,-1,-1,-1,1,1,1,-1,1,1,-1,1,1,-1,-1,1,1,1,1,1,-1,1,1,1,-1,1,1,1,-1,-1,1,1,1,-1,1,-1,1,1,1,1,1,1,-1,-1,-1,1,-1,-1,1,1,-1,1,1,1,1,1,1,1,-1,1,-1,-1,1,-1,1,-1,1,1,1,1,1,1,-1,-1,1,-1,1,1,1,-1,1,1,1,-1,1,1,-1,-1,1,-1,1,1,1,-1,1,1,1,1,1,1,-1,1,-1,-1,1,1,-1,-1,1,-1,-1,1,1,-1,-1,1,-1,1,1,1,-1,-1,1,-1,-1,1,1,-1,-1,1,-1,1,1,1,1,-1,1,-1,-1,-1,1,1,-1,-1,-1,1,-1,1,-1,-1,1,-1,-1,1,-1,1,-1,-1,1,-1,1,-1,1,-1,-1,1,-1,-1,1,1,1,-1,1,-1,1,-1,-1,-1,1,-1,-1,-1,1,-1,-1,1,1,1,-1,1,-1,1,1,1,-1,1,1,-1,1,-1,1,-1,-1,1,-1,-1,1,1,1,-1,1,-1,-1,1,1,-1,-1,1,-1,-1,1,1,-1,-1,1,-1,-1,-1,1,1,-1,1,1,-1,-1,1,-1,-1,1,-1,1,-1,1,1,-1,-1,1,-1,-1,-1,-1,-1,1,1,1,-1,1,1,-1,-1,1,-1,-1,-1,-1,-1,1,1,-1,-1,-1,-1,-1,1,1,-1,1,1,1,-1,-1,1,1,-1,-1,-1,-1,1,1,-1,-1,1,-1,-1,-1,1,1,-1,-1,-1,-1,-1,1,-1,-1,1,-1,-1,1,1,1,-1,1,-1,-1,-1,1,1,-1,-1,-1,-1,-1,1,1,1,-1,-1,-1,-1,1,1,-1,-1,-1,-1,1,1,1,1,-1,-1,1,1,1,1,1,-1,-1,-1,1,1,1,1,1,-1,1,1,1,1,-1,1,-1,-1,1,-1,1,-1,1,-1,-1,1,-1,1,-1,-1,-1,-1,1,-1,1,-1,1,-1,-1,1,-1,1,-1,1,-1,-1,1,-1,1,-1,-1,-1,-1,1,1,-1,-1,-1,-1,-1,1,-1,1,-1,-1,-1,-1,-1,-1,-1,1,-1,-1,-1,1,-1,-1,1,-1,-1,-1,-1,-1,1,1,-1,-1,-1,-1,-1,1,-1,-1,-1,1,-1,-1,1,-1,1,-1,-1,-1,-1,-1,-1,-1,1,-1,-1,-1,1,1,1,-1,-1,1,-1,-1,-1,-1,-1,1,-1,-1,1,-1,1,-1,-1,-1,-1,1,-1,1,1,-1,1,-1,-1,1,1,-1,-1,-1,-1,-1,-1,1,1,-1,-1,1,-1,1,1,-1,-1,-1,1,-1,1,1,-1,-1,1,-1,-1,1,1,1,-1,1,-1,1,1,1,-1,-1,1,-1,-1,1,1,1,-1,1,-1,-1,1,1,-1,1,1,-1,-1,1,1,-1,1,1,-1,-1,1,1,-1,1,1,-1,-1,1,1,1,1,-1,1,-1,-1,1,1,-1,1,-1,-1,1,-1,1,1,1,1,-1,-1,1,-1,1,1,1,-1,1,1,1,1,-1,1,-1,1,1,1,1,1,1,1,-1,1,1,1,1,-1,1,-1,1,1,1,1,1,-1,1,1,1,1,-1,1,1,-1,1,1,-1,1,1,-1,-1,1,1,1,1,-1,1,-1,1,1,1,-1,-1,1,-1,1,1,1,-1,1,-1,-1,-1,1,1,-1,-1,1,-1,-1,1,1,-1,-1,1,-1,-1,1,1,1,-1,1,-1,-1,1,1,-1,-1,-1,1,-1,1,1,-1,1,1,-1,1,1,-1,-1,1,-1,-1,-1,1,1,-1,1,1,-1,1,1,-1,-1,-1,-1,1,-1,-1,-1,-1,1,-1,-1,1,1,-1,1,1,-1,1,1,1,1,-1,1,-1,1,1,1,-1,-1,1,-1,-1,1,1,-1,-1,1,-1,1,1,1,-1,-1,1,-1,1,1,1,1,-1,1,-1,-1,1,1,1,-1,-1,1,-1,1,-1,1,-1,1,-1,-1,1,-2670.0,1,2000,445,1500,False
1224,1,1,-1,-1,1,-1,1,-1,1,1,1,-1,1,1,1,1,-1,1,-1,-1,1,1,1,1,1,-1,-1,-1,1,1,1,1,1,-1,-1,-1,1,1,1,1,-1,-1,-1,1,1,1,1,-1,1,1,1,1,-1,1,-1,-1,1,-1,1,1,1,-1,-1,1,1,1,1,1,-1,-1,1,1,1,1,1,-1,-1,-1,1,1,1,-1,-1,-1,1,1,1,1,-1,-1,-1,1,1,1,1,-1,-1,1,1,-1,1,1,-1,-1,1,1,1,1,1,-1,-1,1,1,1,1,1,-1,-1,1,1,1,1,1,1,-1,-1,1,1,-1,1,1,-1,1,1,1,1,1,1,-1,-1,1,1,1,1,1,-1,1,1,1,1,1,1,-1,-1,-1,1,1,1,1,-1,1,1,1,1,-1,1,-1,1,-1,1,1,1,-1,-1,1,1,1,1,1,-1,1,-1,-1,1,-1,1,-1,1,1,1,1,1,1,1,1,1,-1,1,-1,1,-1,1,1,-1,1,-1,1,1,-1,1,-1,1,-1,1,-1,1,1,-1,1,-1,1,1,1,1,-1,-1,1,1,-1,-1,1,-1,1,-1,-1,1,-1,1,-1,1,-1,1,-1,1,1,-1,-1,-1,1,1,-1,1,-1,1,1,1,-1,1,1,-1,1,-1,1,-1,1,-1,1,-1,1,1,-1,1,-1,-1,-1,1,1,-1,1,-1,-1,-1,1,1,-1,-1,1,1,-1,-1,1,1,-1,1,1,-1,1,1,1,1,-1,1,-1,1,1,-1,1,-1,1,1,-1,1,1,1,1,1,-1,-1,1,-1,-1,-1,1,1,-1,1,1,1,-1,1,-1,-1,1,1,1,1,1,-1,1,1,1,-1,1,1,-1,1,1,1,-1,1,1,-1,-1,1,1,1,-1,1,-1,1,1,1,-1,1,1,-1,1,1,1,-1,1,-1,-1,1,1,1,-1,1,-1,-1,-1,1,1,-1,1,-1,-1,1,-1,1,-1,1,1,-1,-1,1,1,1,-1,1,-1,-1,1,1,-1,1,-1,-1,-1,-1,-1,-1,1,1,-1,-1,1,1,-1,1,-1,-1,-1,1,1,1,1,-1,-1,1,1,1,-1,1,-1,-1,-1,-1,1,1,-1,1,-1,-1,1,-1,1,-1,-1,-1,1,-1,-1,1,-1,1,-1,-1,1,-1,1,-1,-1,-1,1,1,-1,1,-1,1,-1,-1,1,-1,1,-1,-1,-1,-1,1,-1,-1,1,1,-1,-1,1,-1,1,1,-1,1,-1,1,-1,1,-1,1,-1,-1,1,-1,1,-1,-1,-1,1,1,-1,1,-1,1,-1,1,-1,1,1,-1,1,-1,1,-1,-1,1,-1,-1,-1,1,-1,1,-1,1,1,-1,1,-1,-1,1,-1,-1,1,-1,1,-1,1,-1,1,-1,1,1,-1,-1,-1,1,-1,1,-1,-1,1,-1,1,1,1,1,-1,-1,1,1,-1,1,1,-1,-1,1,1,1,-1,1,1,-1,1,1,1,1,-1,-1,1,-1,-1,-1,1,-1,1,1,-1,-1,1,1,-1,1,-1,-1,-1,1,1,-1,1,1,-1,-1,-1,1,-1,1,1,-1,-1,-1,1,-1,-1,-1,-1,1,-1,1,-1,-1,-1,-1,-1,-1,1,-1,1,1,1,1,-1,1,-1,1,1,-1,-1,-1,1,-1,-1,1,-1,1,-1,-1,1,1,1,1,-1,-1,1,1,1,1,-1,1,-1,-1,1,1,1,-1,-1,-1,1,1,1,1,-1,-1,-1,1,-1,1,-1,1,-1,-1,-1,1,1,1,-1,-1,-1,1,1,1,1,1,-1,-1,-1,1,1,1,1,-1,-1,-1,1,1,1,-1,-1,-1,1,1,1,1,1,-1,-1,-1,1,1,1,1,-1,-1,-1,1,1,-1,1,-1,-1,-1,1,1,1,1,-1,-1,1,1,1,1,-1,-1,1,1,-1,1,1,-1,-1,-1,1,1,1,1,1,-1,1,1,1,1,1,-1,-1,-1,1,-1,1,-1,-1,-1,-1,1,-1,1,1,-1,-1,-1,1,-1,1,1,-1,-1,-1,1,1,1,1,-1,-1,-1,1,-1,1,1,-1,-1,-1,1,1,-1,-1,-1,-1,-1,1,-1,1,-1,-1,-1,-1,-1,-1,-1,1,-1,-1,-1,1,-1,-1,1,-1,-1,-1,-1,-1,-1,1,-1,-1,-1,-1,-1,1,-1,-1,-1,1,-1,-1,1,-1,1,-1,-1,-1,-1,-1,-1,-1,1,-1,-1,-1,1,1,1,-1,-1,1,1,-1,-1,-1,-1,1,-1,-1,1,1,1,-1,-1,-1,-1,1,-1,1,1,-1,1,-1,-1,1,1,-1,-1,-1,-1,-1,-1,1,1,-1,-1,1,-1,1,1,-1,-1,-1,1,-1,1,1,-1,-1,1,-1,-1,1,1,1,-1,1,-1,1,1,1,-1,-1,1,-1,-1,1,1,1,-1,1,-1,-1,1,1,-1,1,1,-1,-1,1,1,-1,1,1,-1,-1,1,1,1,1,1,-1,-1,1,1,1,1,1,1,-1,1,1,1,1,1,-1,-1,1,-1,1,1,1,1,-1,-1,1,-1,1,1,1,-1,1,1,1,1,-1,1,-1,1,1,1,1,1,1,1,-1,1,1,1,1,-1,1,-1,1,1,1,1,1,-1,1,1,1,1,-1,1,1,-1,1,1,-1,1,1,-1,-1,1,1,1,1,-1,1,-1,1,1,1,-1,-1,1,-1,1,1,1,-1,1,-1,-1,-1,1,1,-1,-1,1,-1,-1,1,1,-1,-1,1,-1,1,1,1,1,-1,-1,-1,-1,1,1,-1,-1,-1,1,1,-1,1,-1,1,1,-1,1,1,-1,-1,1,1,-1,-1,1,1,-1,1,1,1,1,1,-1,-1,-1,-1,1,-1,-1,-1,-1,-1,1,1,1,1,-1,1,1,-1,1,1,1,1,-1,1,-1,1,1,1,1,-1,1,-1,1,1,1,1,-1,1,-1,1,1,1,1,-1,1,-1,1,1,-1,-1,-1,1,-1,1,1,1,-1,-1,-1,1,-1,1,-1,1,-1,1,-1,1,1,-2670.0,1,2000,445,1500,False
1225,1,1,-1,-1,1,-1,-1,-1,1,1,1,-1,1,1,1,1,-1,1,1,-1,-1,-1,1,1,1,1,-1,-1,1,1,1,1,-1,-1,-1,-1,1,1,1,1,-1,-1,-1,1,1,1,1,-1,1,1,1,1,-1,1,-1,-1,1,-1,1,1,1,-1,-1,-1,1,1,1,1,-1,-1,-1,1,1,1,1,-1,-1,-1,1,1,1,-1,-1,-1,1,1,1,1,-1,-1,-1,1,1,1,1,-1,-1,1,1,-1,1,1,-1,-1,1,1,1,1,1,-1,-1,1,1,1,1,1,-1,-1,1,1,1,1,1,1,-1,-1,1,1,-1,1,1,-1,1,1,1,1,1,1,-1,-1,1,1,1,1,1,-1,1,1,1,1,1,1,-1,-1,-1,1,1,1,1,-1,1,1,1,1,-1,1,-1,1,-1,1,1,1,-1,-1,1,1,1,1,1,-1,1,-1,-1,1,-1,1,-1,1,1,1,1,1,1,1,1,1,1,1,-1,1,-1,1,1,-1,1,-1,1,1,-1,1,-1,1,-1,1,-1,1,1,-1,1,-1,1,1,1,1,-1,-1,1,1,-1,-1,1,-1,1,-1,1,1,-1,1,-1,1,-1,1,-1,1,1,-1,-1,-1,1,1,-1,1,-1,1,1,1,-1,1,1,-1,1,-1,1,-1,1,-1,1,-1,1,1,-1,1,-1,-1,-1,1,1,-1,1,-1,-1,-1,1,1,-1,-1,1,1,-1,-1,1,1,-1,1,1,-1,1,1,1,1,-1,1,-1,1,1,-1,1,-1,1,1,1,1,1,1,1,1,-1,-1,1,-1,-1,-1,1,1,-1,1,1,1,-1,1,1,1,1,1,1,1,1,-1,1,1,1,-1,1,1,-1,1,1,1,-1,1,1,-1,-1,1,1,1,-1,1,-1,1,1,1,-1,1,1,-1,1,1,1,-1,1,1,-1,1,1,1,-1,1,1,1,-1,1,1,-1,1,1,-1,1,-1,1,-1,1,1,1,-1,1,1,1,-1,1,1,-1,1,1,-1,1,1,1,-1,-1,-1,-1,1,1,1,-1,1,1,-1,1,1,-1,-1,1,1,1,1,1,-1,1,1,1,-1,1,1,1,1,-1,1,1,1,-1,1,-1,1,1,1,1,1,1,-1,-1,-1,1,-1,-1,1,-1,1,-1,1,-1,1,1,1,-1,-1,1,-1,-1,1,-1,1,-1,1,1,-1,1,1,1,-1,-1,1,-1,1,1,-1,-1,1,1,1,-1,1,-1,-1,-1,1,-1,1,1,-1,-1,1,1,1,1,-1,1,-1,1,-1,-1,1,-1,-1,-1,1,-1,1,1,-1,-1,-1,1,-1,1,1,1,-1,-1,1,-1,-1,1,-1,-1,-1,1,-1,1,1,1,-1,-1,1,1,-1,1,-1,-1,-1,-1,-1,-1,1,-1,-1,-1,1,-1,-1,1,-1,-1,-1,-1,1,-1,1,-1,-1,-1,-1,1,-1,-1,1,1,1,-1,1,-1,1,-1,1,1,1,-1,-1,-1,1,-1,-1,1,1,1,-1,1,-1,1,1,1,-1,1,1,-1,-1,-1,1,-1,-1,1,-1,-1,1,1,1,-1,1,-1,-1,1,1,-1,-1,1,-1,-1,1,1,-1,-1,1,-1,-1,-1,1,1,-1,1,1,-1,-1,1,-1,-1,1,-1,1,-1,1,1,-1,-1,1,-1,-1,-1,-1,-1,1,1,1,-1,-1,1,-1,-1,1,-1,-1,1,-1,-1,1,1,-1,-1,1,-1,-1,1,1,-1,1,-1,-1,-1,-1,1,1,-1,-1,-1,-1,-1,1,-1,-1,1,-1,-1,-1,1,1,-1,-1,-1,-1,-1,1,-1,-1,-1,-1,-1,1,1,1,-1,-1,-1,-1,-1,1,1,-1,-1,-1,-1,-1,1,1,1,-1,-1,-1,-1,1,1,-1,-1,-1,-1,1,1,1,1,1,-1,1,1,1,1,1,1,-1,-1,1,1,1,1,-1,-1,1,1,1,1,-1,1,-1,-1,1,-1,1,-1,1,-1,-1,1,-1,1,-1,1,-1,-1,1,-1,1,-1,1,-1,-1,1,-1,1,1,1,-1,-1,1,-1,1,1,1,-1,-1,1,1,-1,1,1,-1,-1,1,-1,1,-1,1,-1,-1,-1,-1,-1,1,1,-1,-1,1,-1,-1,1,1,-1,-1,-1,-1,1,-1,1,-1,-1,-1,-1,1,1,-1,-1,1,-1,-1,1,-1,1,-1,-1,-1,-1,-1,1,1,1,-1,-1,-1,1,1,1,-1,-1,-1,1,-1,-1,1,-1,1,-1,-1,1,1,1,-1,-1,-1,-1,1,-1,1,1,-1,1,-1,-1,1,1,-1,-1,-1,-1,-1,-1,1,1,-1,-1,1,-1,1,1,-1,-1,-1,1,-1,1,1,-1,-1,1,-1,-1,1,1,1,-1,1,-1,1,1,1,-1,-1,1,-1,-1,1,1,1,-1,1,-1,-1,1,1,-1,1,1,-1,-1,1,1,-1,1,1,-1,-1,1,1,-1,1,1,-1,-1,1,1,1,1,1,1,-1,-1,1,-1,1,1,-1,-1,1,-1,1,1,1,1,-1,-1,1,-1,1,1,1,-1,1,1,1,1,-1,1,-1,1,1,1,1,1,1,1,-1,1,1,1,1,-1,1,-1,1,1,1,1,1,-1,1,1,1,1,-1,1,1,-1,1,1,-1,1,1,-1,-1,1,1,1,1,-1,1,-1,1,1,1,-1,-1,1,-1,1,1,1,-1,1,-1,-1,-1,1,1,-1,-1,1,-1,-1,1,1,-1,-1,1,-1,-1,1,1,1,-1,1,-1,-1,1,1,-1,-1,-1,1,-1,-1,1,-1,1,1,-1,1,1,-1,-1,1,1,-1,-1,1,1,-1,1,1,-1,1,1,-1,-1,-1,-1,1,-1,-1,-1,-1,-1,-1,-1,1,1,-1,1,1,-1,1,1,1,1,-1,1,-1,1,1,1,1,-1,1,-1,-1,1,1,1,-1,1,-1,1,1,1,1,-1,1,-1,1,1,1,-1,-1,1,-1,-1,1,1,-1,-1,-1,1,-1,1,-1,1,-1,1,-1,-1,1,-2670.0,1,2000,445,1500,False
1226,1,1,-1,-1,1,-1,-1,-1,1,1,1,-1,1,1,1,1,-1,1,-1,-1,-1,-1,1,1,1,-1,-1,-1,1,1,1,1,-1,-1,-1,-1,1,1,1,1,-1,-1,-1,1,1,1,1,-1,1,1,1,1,-1,1,-1,-1,1,-1,1,1,1,-1,-1,-1,1,1,1,1,-1,-1,-1,1,1,1,1,-1,-1,-1,1,1,1,-1,-1,-1,1,1,1,1,-1,-1,1,1,1,1,1,-1,-1,-1,1,-1,1,1,-1,-1,1,1,1,1,1,-1,-1,-1,1,1,1,1,-1,-1,1,1,1,1,1,1,-1,-1,1,1,-1,1,1,-1,1,1,1,1,1,1,-1,1,1,1,1,1,1,-1,1,1,1,1,1,1,-1,-1,-1,1,1,1,1,-1,1,1,1,1,-1,1,-1,1,-1,1,1,1,-1,-1,1,1,1,1,1,-1,1,-1,-1,1,-1,1,-1,1,1,1,1,1,1,1,1,1,-1,1,-1,1,-1,1,1,-1,1,-1,1,1,-1,1,-1,1,-1,1,-1,1,1,-1,1,-1,1,1,1,1,-1,-1,1,1,-1,-1,1,-1,1,-1,-1,1,-1,1,-1,1,-1,1,-1,1,1,-1,-1,-1,1,1,-1,1,-1,1,1,1,-1,1,1,-1,1,-1,1,-1,1,-1,1,-1,1,1,-1,1,-1,-1,-1,1,1,-1,1,-1,-1,-1,1,1,-1,-1,1,1,-1,-1,1,1,-1,1,1,-1,1,1,1,1,-1,1,-1,1,1,-1,1,-1,1,-1,1,1,1,1,1,1,-1,-1,1,-1,-1,-1,1,1,-1,1,1,1,-1,1,1,1,1,1,1,-1,1,-1,1,1,1,-1,1,1,-1,1,1,1,-1,1,1,-1,-1,1,1,1,-1,1,-1,1,1,1,-1,1,1,-1,1,1,1,-1,1,1,-1,1,1,1,-1,1,1,-1,-1,-1,1,-1,1,1,-1,1,1,1,-1,1,1,1,-1,1,1,1,-1,1,1,-1,1,1,-1,1,-1,1,-1,-1,1,1,1,1,1,-1,1,-1,-1,1,1,-1,-1,-1,1,-1,1,1,-1,1,-1,1,1,1,1,1,-1,-1,1,1,1,-1,1,-1,1,-1,-1,1,1,1,-1,1,-1,1,-1,-1,1,1,-1,1,-1,1,1,1,1,1,-1,1,-1,-1,1,-1,1,-1,-1,-1,1,1,1,1,-1,-1,1,-1,1,1,1,-1,1,-1,1,-1,1,1,-1,-1,1,-1,1,1,1,1,-1,-1,1,1,1,1,-1,-1,1,-1,1,1,-1,1,-1,1,1,1,1,-1,-1,-1,-1,1,1,1,-1,1,-1,1,-1,1,1,-1,-1,1,-1,1,1,1,1,-1,-1,-1,-1,1,1,1,-1,-1,-1,-1,1,1,-1,-1,1,-1,-1,1,-1,1,-1,-1,-1,-1,1,-1,1,-1,-1,-1,-1,-1,1,1,1,-1,1,-1,1,-1,1,-1,1,-1,-1,-1,1,-1,-1,1,1,1,-1,1,-1,1,1,1,-1,1,1,-1,1,-1,1,-1,-1,1,-1,-1,1,1,1,-1,1,-1,-1,1,1,-1,-1,1,-1,-1,1,1,-1,-1,1,-1,-1,-1,1,1,-1,1,1,-1,-1,1,-1,-1,1,-1,1,-1,1,1,-1,-1,1,-1,-1,-1,-1,-1,1,1,1,-1,-1,1,-1,-1,1,-1,-1,1,-1,-1,1,1,-1,-1,1,-1,-1,1,1,-1,1,-1,-1,-1,-1,1,1,-1,-1,-1,-1,1,1,-1,-1,1,-1,-1,-1,1,1,-1,-1,-1,-1,-1,1,-1,-1,-1,-1,-1,1,1,1,-1,-1,-1,-1,-1,1,1,-1,-1,-1,-1,-1,1,1,1,-1,-1,-1,-1,1,1,-1,-1,-1,-1,1,1,1,1,-1,-1,1,1,1,1,1,-1,-1,-1,1,1,1,1,1,-1,1,1,1,1,-1,1,-1,-1,1,-1,1,-1,1,-1,-1,1,-1,1,-1,-1,-1,-1,1,-1,1,-1,1,-1,-1,1,-1,1,-1,1,-1,-1,1,-1,1,-1,-1,-1,-1,1,1,-1,-1,-1,-1,-1,1,-1,1,-1,-1,-1,-1,-1,-1,-1,1,-1,-1,-1,1,-1,-1,1,-1,-1,-1,-1,-1,1,1,-1,-1,-1,-1,-1,1,-1,-1,-1,1,-1,-1,1,-1,1,-1,-1,-1,-1,1,-1,-1,1,-1,-1,-1,-1,1,-1,-1,-1,1,-1,1,-1,-1,-1,1,-1,-1,-1,-1,1,-1,-1,-1,-1,-1,1,1,1,-1,1,-1,1,-1,1,-1,-1,-1,-1,-1,-1,1,1,-1,-1,1,-1,1,1,-1,-1,-1,1,-1,1,1,-1,-1,1,-1,-1,1,1,1,-1,1,-1,1,1,1,-1,-1,1,-1,-1,1,1,1,-1,1,-1,-1,1,1,-1,1,1,-1,-1,1,1,-1,1,1,-1,-1,1,1,-1,1,1,-1,-1,1,1,1,1,1,1,-1,1,1,1,-1,1,-1,-1,1,-1,1,1,1,1,-1,-1,1,-1,1,1,1,-1,1,1,1,1,-1,1,-1,1,1,1,1,1,1,1,-1,1,1,1,1,-1,1,-1,1,1,1,1,1,-1,1,1,1,1,-1,1,-1,1,1,1,-1,1,1,1,1,-1,1,1,1,-1,1,1,1,1,1,-1,-1,1,-1,1,1,1,-1,1,-1,-1,-1,1,1,-1,-1,1,1,1,1,1,-1,-1,1,-1,1,1,1,1,-1,1,-1,1,1,1,-1,-1,-1,-1,1,-1,1,-1,1,1,1,1,1,-1,-1,1,1,1,1,1,1,-1,1,-1,1,1,1,-1,-1,-1,-1,-1,1,-1,-1,-1,1,-1,1,1,1,-1,1,1,-1,-1,1,1,1,-1,1,-1,1,1,1,-1,-1,1,-1,1,1,1,-1,-1,1,-1,1,1,1,-1,-1,1,-1,1,-1,1,1,-1,1,-1,-1,1,1,1,-1,-1,1,-1,1,-1,1,-1,1,-1,-1,1,-2670.0,1,2000,445,0,False
1227,1,1,-1,-1,1,1,-1,-1,1,1,1,-1,-1,1,1,1,-1,1,-1,-1,1,-1,1,1,1,-1,1,-1,1,1,1,1,1,1,-1,-1,1,-1,1,1,-1,-1,-1,1,1,1,1,-1,1,1,1,1,-1,1,-1,-1,1,-1,1,1,-1,-1,1,-1,1,1,1,1,-1,-1,-1,1,1,1,1,-1,1,-1,1,1,1,-1,-1,1,1,1,1,1,-1,-1,-1,1,1,1,1,-1,1,1,1,-1,1,1,-1,-1,1,1,1,1,1,-1,-1,1,1,-1,1,1,-1,-1,1,1,1,1,1,1,-1,1,1,1,-1,1,1,-1,1,1,1,1,1,1,-1,1,1,1,1,1,1,-1,-1,1,1,1,1,1,-1,1,-1,1,1,1,1,-1,1,1,1,1,-1,1,-1,1,-1,1,1,1,-1,-1,1,1,1,1,1,-1,1,-1,-1,1,-1,1,-1,1,1,1,1,1,1,1,1,1,1,1,-1,1,-1,1,1,-1,1,-1,1,1,-1,1,-1,1,-1,1,-1,1,1,-1,1,-1,1,1,1,1,-1,-1,1,1,-1,-1,1,-1,1,-1,-1,1,-1,1,-1,1,-1,1,-1,-1,1,-1,-1,-1,1,1,-1,1,-1,1,1,1,-1,1,1,-1,1,-1,1,-1,1,-1,1,-1,1,1,-1,1,-1,-1,-1,1,1,-1,1,-1,-1,-1,1,1,-1,-1,1,1,-1,-1,1,1,-1,1,1,-1,1,1,1,1,-1,1,-1,1,1,-1,1,-1,1,-1,1,1,1,1,1,1,-1,-1,1,-1,-1,-1,1,1,-1,1,1,1,-1,1,1,1,1,1,1,1,1,-1,1,1,1,-1,-1,1,-1,1,1,1,-1,1,1,-1,-1,1,1,1,-1,1,-1,1,1,1,-1,1,1,-1,1,1,1,-1,1,1,-1,1,1,1,-1,1,1,1,-1,1,1,-1,1,1,-1,1,-1,1,-1,1,1,1,-1,1,1,1,-1,1,1,-1,1,1,-1,1,1,1,-1,-1,-1,-1,1,1,1,-1,1,1,-1,1,1,-1,-1,1,1,1,1,1,-1,1,1,1,-1,1,1,1,1,-1,1,1,1,-1,1,-1,1,1,1,1,1,1,-1,-1,-1,1,-1,-1,1,-1,1,-1,1,1,1,1,1,-1,-1,1,-1,-1,1,-1,1,-1,1,1,-1,1,1,1,-1,-1,1,-1,1,1,-1,-1,1,1,1,-1,1,-1,-1,-1,1,-1,1,1,-1,-1,1,1,1,1,-1,1,-1,1,-1,1,1,-1,-1,-1,1,-1,1,1,-1,-1,-1,1,-1,1,1,1,-1,-1,1,-1,-1,1,-1,-1,-1,1,-1,1,1,1,-1,-1,1,1,-1,1,-1,-1,-1,-1,1,-1,1,-1,-1,-1,1,-1,-1,1,-1,-1,-1,-1,1,-1,1,-1,-1,-1,-1,1,-1,-1,1,1,1,-1,1,-1,1,-1,1,-1,1,-1,-1,-1,1,-1,-1,1,1,1,-1,1,-1,1,1,1,-1,1,1,-1,-1,-1,1,-1,-1,1,-1,-1,1,1,1,-1,1,-1,-1,1,1,-1,-1,1,-1,-1,1,1,-1,-1,1,-1,-1,-1,1,1,-1,1,1,-1,-1,1,-1,-1,1,-1,1,-1,1,1,-1,-1,1,-1,-1,-1,-1,-1,1,1,1,-1,-1,1,-1,-1,1,-1,-1,1,-1,-1,1,1,-1,-1,1,1,-1,1,1,-1,1,-1,1,-1,-1,1,1,-1,-1,-1,-1,1,1,-1,-1,1,-1,-1,-1,1,1,-1,-1,-1,-1,-1,1,-1,-1,-1,-1,-1,1,1,1,-1,-1,-1,-1,-1,1,1,-1,-1,-1,-1,-1,1,1,1,-1,-1,-1,-1,1,1,-1,-1,-1,-1,1,1,1,1,1,-1,1,1,1,1,1,1,-1,-1,1,1,1,1,-1,-1,1,1,1,1,-1,1,-1,-1,1,-1,1,-1,1,-1,-1,1,-1,1,-1,1,-1,-1,1,-1,1,-1,1,1,-1,1,-1,1,1,1,1,-1,1,-1,1,1,1,-1,-1,1,1,-1,1,1,-1,-1,1,-1,1,-1,1,-1,-1,-1,-1,-1,1,1,-1,-1,1,-1,-1,1,1,-1,-1,-1,-1,1,-1,1,-1,-1,-1,-1,-1,1,-1,-1,1,-1,-1,1,-1,1,-1,-1,-1,-1,-1,1,1,1,-1,-1,-1,1,1,1,-1,-1,1,1,-1,-1,1,-1,1,-1,-1,1,1,1,-1,-1,-1,-1,1,-1,1,1,-1,1,-1,-1,1,1,-1,-1,-1,-1,-1,-1,1,1,-1,-1,1,-1,1,1,-1,-1,-1,1,-1,1,1,-1,-1,1,-1,-1,1,1,1,-1,1,-1,1,1,1,-1,-1,1,-1,-1,1,1,1,-1,1,-1,-1,1,1,-1,1,1,-1,-1,1,1,1,1,1,-1,-1,1,1,1,1,1,-1,-1,1,1,1,1,-1,1,-1,-1,1,1,-1,1,-1,-1,1,-1,1,1,1,1,-1,-1,1,-1,1,1,1,-1,1,1,1,1,-1,1,-1,1,1,1,1,1,1,1,-1,1,1,1,1,-1,1,-1,1,1,1,1,1,-1,1,1,1,1,-1,1,1,-1,1,1,-1,1,1,-1,-1,1,1,1,1,-1,1,-1,1,1,1,-1,-1,1,-1,1,-1,1,-1,1,-1,-1,-1,1,1,-1,-1,1,-1,-1,1,-1,1,-1,1,-1,-1,-1,1,1,-1,1,-1,-1,1,1,-1,-1,-1,1,-1,1,-1,-1,1,1,-1,1,1,-1,-1,1,-1,-1,-1,-1,1,-1,1,1,-1,1,-1,1,-1,-1,-1,1,-1,-1,-1,-1,1,-1,-1,1,1,-1,1,1,-1,1,1,-1,-1,-1,1,-1,1,1,1,1,-1,1,-1,-1,-1,1,-1,-1,1,-1,1,1,1,-1,-1,1,-1,1,1,-1,-1,-1,1,-1,-1,1,1,-1,-1,-1,1,-1,1,-1,1,-1,1,-1,-1,1,-2670.0,1,2000,445,0,False
1228,1,1,-1,-1,1,-1,1,-1,1,1,1,-1,1,1,1,1,-1,1,-1,-1,1,-1,1,1,1,-1,-1,-1,1,1,1,1,-1,-1,-1,-1,1,-1,1,1,-1,-1,-1,1,1,1,1,-1,1,1,1,1,-1,1,-1,-1,1,-1,1,1,1,-1,-1,-1,1,1,1,1,-1,-1,-1,1,1,1,1,-1,-1,-1,1,1,1,-1,-1,-1,1,1,1,1,-1,-1,-1,1,1,1,1,-1,-1,1,1,-1,1,1,-1,-1,1,1,1,1,1,-1,-1,1,1,1,1,1,-1,-1,1,1,1,1,1,1,-1,1,1,1,-1,1,1,-1,1,1,1,1,1,1,-1,-1,1,1,1,1,1,-1,1,1,1,1,1,1,-1,-1,-1,1,1,1,1,-1,1,1,1,1,-1,1,-1,1,-1,1,1,1,-1,-1,1,1,1,1,1,-1,1,-1,-1,1,-1,1,-1,1,1,1,1,1,1,1,1,1,-1,1,-1,1,-1,1,1,-1,1,-1,1,1,-1,1,-1,1,-1,1,-1,1,1,-1,1,-1,1,1,1,1,-1,-1,1,1,-1,-1,1,-1,1,-1,-1,1,-1,1,-1,1,-1,1,-1,1,1,-1,-1,-1,1,1,-1,1,-1,1,1,1,-1,1,1,-1,1,-1,1,-1,1,-1,1,-1,1,1,-1,1,-1,-1,-1,1,1,-1,1,-1,-1,-1,1,1,-1,-1,1,1,-1,-1,1,1,-1,1,1,-1,1,1,1,1,-1,1,-1,1,1,-1,1,-1,1,1,-1,1,1,1,1,1,-1,-1,1,-1,-1,-1,1,1,-1,1,1,1,-1,1,-1,-1,1,1,1,1,1,-1,1,1,1,-1,1,1,-1,1,1,1,-1,1,1,-1,-1,1,1,1,-1,1,-1,1,1,1,-1,1,1,-1,1,1,1,-1,1,-1,-1,1,1,1,-1,1,-1,-1,-1,1,1,-1,1,-1,-1,1,-1,1,-1,1,1,-1,-1,1,1,1,-1,1,-1,-1,1,1,-1,1,-1,-1,-1,-1,-1,-1,1,-1,-1,-1,1,1,-1,1,-1,-1,-1,1,1,1,1,1,-1,1,1,1,-1,1,-1,-1,-1,-1,1,1,1,1,-1,-1,1,1,1,1,-1,-1,1,-1,-1,1,-1,1,-1,-1,1,-1,1,-1,-1,-1,1,1,-1,1,-1,1,-1,-1,1,-1,1,1,-1,-1,-1,1,-1,-1,1,1,-1,-1,1,-1,1,1,-1,1,-1,1,-1,-1,1,1,-1,-1,1,-1,1,1,-1,-1,1,1,-1,1,-1,1,-1,1,-1,1,1,-1,1,-1,1,-1,-1,1,-1,-1,-1,1,-1,-1,1,-1,1,-1,1,-1,-1,1,-1,-1,1,-1,1,-1,1,-1,1,-1,1,1,-1,1,-1,1,-1,1,-1,-1,1,-1,1,1,1,1,-1,-1,1,1,-1,1,1,-1,1,1,1,1,-1,1,1,-1,1,1,1,1,-1,-1,1,-1,-1,-1,1,-1,1,1,-1,1,-1,1,-1,1,-1,-1,-1,1,1,-1,1,1,-1,-1,-1,1,-1,1,1,-1,1,-1,1,-1,-1,-1,-1,-1,-1,1,-1,-1,-1,-1,-1,-1,1,-1,1,1,1,1,-1,1,-1,1,1,-1,-1,-1,1,-1,-1,1,-1,1,-1,-1,1,1,1,1,-1,-1,1,1,1,1,-1,1,-1,-1,1,1,1,-1,-1,-1,1,1,1,1,-1,-1,-1,1,-1,1,-1,1,-1,-1,-1,1,1,1,-1,-1,-1,1,1,1,1,1,-1,-1,-1,1,1,1,1,-1,-1,-1,1,1,1,-1,-1,-1,1,1,1,1,1,-1,-1,-1,1,1,1,1,-1,-1,-1,1,1,-1,1,-1,-1,-1,1,1,1,1,-1,-1,1,1,1,1,-1,-1,1,1,-1,1,1,-1,-1,-1,1,1,1,1,1,-1,1,1,1,1,1,-1,-1,-1,1,-1,1,-1,-1,-1,-1,1,-1,1,1,-1,-1,-1,1,-1,1,1,-1,1,-1,1,1,1,1,-1,1,-1,1,-1,1,1,-1,-1,-1,1,1,-1,-1,-1,-1,-1,1,-1,1,-1,-1,-1,-1,-1,-1,-1,1,-1,-1,-1,1,-1,-1,1,-1,-1,-1,-1,-1,-1,1,-1,-1,-1,-1,-1,1,-1,-1,-1,1,-1,-1,1,-1,1,-1,-1,-1,-1,-1,-1,-1,1,-1,-1,-1,1,1,1,-1,-1,1,-1,-1,-1,-1,-1,1,-1,-1,1,1,1,-1,-1,-1,-1,1,-1,1,1,-1,1,-1,-1,1,1,-1,-1,-1,-1,-1,-1,1,1,-1,-1,1,-1,1,1,-1,-1,-1,1,-1,1,1,-1,-1,1,-1,-1,1,1,1,-1,1,-1,1,1,1,-1,-1,1,-1,-1,1,1,1,-1,1,-1,-1,1,1,-1,1,1,-1,-1,1,1,-1,1,1,-1,-1,1,1,-1,1,1,-1,-1,1,1,1,1,1,1,-1,-1,1,1,-1,1,-1,-1,1,-1,1,1,1,1,-1,-1,1,-1,1,1,1,-1,1,-1,1,1,-1,1,-1,1,1,1,1,1,1,1,-1,-1,1,1,1,-1,1,-1,1,1,1,1,1,-1,1,-1,1,1,-1,1,1,-1,1,1,-1,1,1,-1,-1,1,1,1,1,-1,1,-1,-1,1,1,-1,-1,1,-1,1,1,1,-1,1,-1,-1,-1,1,1,-1,-1,1,-1,-1,1,1,-1,-1,1,-1,-1,1,1,1,-1,-1,-1,-1,1,1,-1,-1,-1,1,-1,-1,1,-1,1,1,-1,1,1,-1,-1,1,1,-1,-1,1,1,-1,1,1,-1,1,1,-1,-1,-1,-1,1,-1,-1,-1,-1,1,-1,-1,1,1,-1,1,1,-1,1,1,1,1,-1,1,-1,1,1,1,1,-1,1,-1,-1,1,1,1,-1,1,-1,1,1,1,1,-1,1,-1,1,1,-1,-1,-1,1,-1,-1,1,1,-1,-1,-1,1,-1,1,-1,1,-1,1,-1,-1,1,-2670.0,1,2000,445,0,False
1229,1,1,-1,-1,1,1,-1,-1,1,1,1,-1,1,1,1,1,-1,1,-1,-1,-1,-1,1,1,1,-1,1,-1,1,1,1,1,1,-1,-1,-1,1,1,1,1,-1,-1,-1,1,1,1,1,-1,1,1,1,1,-1,1,-1,-1,1,-1,1,1,1,-1,-1,-1,1,1,1,1,-1,-1,-1,1,1,1,1,-1,-1,-1,1,1,1,-1,-1,-1,1,1,1,1,-1,-1,-1,1,1,1,1,-1,-1,1,1,-1,1,1,-1,-1,1,1,1,1,1,-1,-1,-1,1,1,1,1,-1,-1,1,1,1,1,1,1,-1,-1,1,1,-1,1,1,-1,1,1,1,1,1,1,-1,1,1,1,1,1,1,-1,1,1,1,1,1,1,-1,-1,-1,1,1,1,1,-1,1,1,1,1,-1,1,-1,1,-1,1,1,1,-1,-1,1,1,1,1,1,-1,1,-1,-1,1,-1,1,-1,1,1,1,1,1,1,1,1,1,-1,1,-1,1,-1,1,1,-1,1,-1,1,1,-1,1,-1,1,-1,1,-1,1,1,-1,1,-1,1,1,1,1,-1,-1,1,1,-1,-1,1,-1,1,-1,-1,1,-1,1,-1,1,-1,1,-1,-1,1,-1,-1,-1,1,1,-1,1,-1,1,1,1,-1,1,1,-1,1,-1,1,-1,1,-1,1,-1,1,1,-1,1,-1,-1,-1,1,1,-1,1,-1,-1,-1,1,1,-1,-1,1,1,-1,-1,1,1,-1,1,1,-1,1,1,1,1,-1,1,-1,1,1,-1,1,-1,1,1,-1,1,1,1,1,1,-1,-1,1,-1,-1,1,1,1,-1,1,1,1,-1,1,-1,-1,1,1,1,1,1,-1,1,1,1,-1,-1,1,-1,1,1,1,-1,1,1,-1,-1,1,1,1,-1,1,-1,1,1,1,-1,1,1,-1,1,1,1,-1,1,-1,-1,1,1,1,-1,1,-1,-1,-1,1,1,-1,1,-1,-1,1,-1,1,-1,1,1,-1,-1,1,1,1,-1,1,-1,-1,1,1,-1,1,-1,-1,-1,-1,-1,-1,1,1,-1,-1,1,1,-1,1,-1,1,-1,1,1,1,1,-1,-1,1,1,1,-1,1,-1,-1,-1,-1,1,1,1,1,-1,-1,1,1,1,1,-1,-1,1,-1,-1,1,-1,1,-1,-1,1,-1,1,1,-1,-1,1,1,-1,1,-1,1,-1,-1,1,-1,1,1,-1,-1,-1,1,-1,-1,1,1,-1,-1,1,-1,1,1,-1,1,-1,1,-1,-1,1,1,-1,-1,1,-1,1,1,-1,-1,1,1,-1,1,-1,1,-1,1,-1,-1,1,-1,1,-1,1,-1,-1,1,-1,-1,-1,1,-1,-1,1,-1,1,-1,1,-1,-1,1,-1,-1,1,-1,1,-1,1,1,1,-1,1,1,-1,-1,1,1,-1,1,-1,-1,1,1,1,1,1,1,-1,-1,1,1,-1,1,1,-1,-1,1,1,1,-1,1,1,-1,1,1,1,1,1,-1,1,-1,-1,-1,1,-1,1,1,-1,1,-1,1,-1,1,-1,-1,-1,1,1,-1,1,1,-1,-1,-1,1,-1,1,1,-1,1,-1,1,-1,-1,-1,-1,-1,-1,1,-1,-1,-1,-1,-1,-1,1,-1,1,1,1,1,-1,1,-1,1,1,-1,-1,-1,1,-1,-1,1,-1,1,-1,-1,1,1,1,1,-1,-1,1,1,1,1,-1,1,-1,-1,1,1,1,-1,-1,-1,1,1,1,1,-1,-1,-1,1,-1,1,-1,1,1,-1,-1,1,1,1,-1,-1,-1,-1,1,1,1,1,-1,-1,-1,1,1,1,1,-1,-1,-1,1,-1,1,-1,-1,-1,1,1,1,1,1,-1,-1,-1,1,1,1,1,-1,-1,-1,1,1,-1,1,-1,-1,-1,1,1,1,1,-1,-1,1,1,1,1,-1,-1,1,1,-1,1,1,-1,-1,-1,1,1,1,1,1,-1,1,1,1,1,1,-1,-1,-1,1,-1,1,-1,-1,-1,-1,1,-1,1,1,-1,-1,-1,1,-1,1,1,-1,-1,-1,1,1,1,1,-1,-1,-1,1,-1,1,1,-1,-1,-1,1,1,-1,-1,-1,-1,-1,1,-1,1,-1,-1,-1,-1,-1,-1,-1,1,-1,-1,-1,1,-1,-1,1,-1,-1,-1,-1,-1,-1,1,-1,-1,-1,-1,-1,1,-1,-1,-1,1,-1,-1,1,-1,1,-1,-1,-1,-1,-1,-1,-1,1,-1,-1,-1,1,1,-1,-1,-1,1,-1,-1,-1,-1,-1,1,-1,-1,1,1,1,-1,-1,-1,-1,1,-1,1,1,-1,1,-1,-1,1,1,-1,-1,-1,-1,-1,-1,1,1,-1,-1,1,-1,1,1,-1,-1,-1,1,-1,1,1,-1,-1,1,-1,-1,1,1,1,-1,1,-1,1,1,1,-1,-1,1,-1,-1,1,1,1,-1,1,-1,-1,1,1,-1,1,1,-1,-1,1,1,1,1,1,-1,-1,1,1,1,1,1,-1,-1,1,1,1,1,-1,1,-1,-1,1,1,1,1,-1,-1,1,-1,1,1,1,1,-1,-1,1,-1,1,1,1,-1,1,1,1,1,-1,1,-1,1,1,1,1,1,1,1,-1,1,1,1,1,-1,1,-1,1,1,1,1,1,-1,1,1,1,1,-1,1,1,-1,1,1,-1,1,1,-1,-1,1,1,1,1,-1,1,-1,1,1,1,-1,-1,1,-1,1,1,1,-1,1,-1,-1,-1,1,1,-1,-1,1,-1,-1,1,1,-1,-1,1,-1,-1,-1,1,1,-1,1,-1,-1,1,1,-1,-1,-1,1,-1,-1,1,-1,1,1,-1,1,1,-1,-1,1,-1,-1,-1,1,1,-1,1,1,-1,1,1,-1,-1,1,-1,1,-1,-1,-1,-1,1,-1,-1,1,1,-1,1,1,-1,1,1,1,1,-1,1,-1,1,1,1,-1,-1,1,-1,-1,-1,1,-1,-1,1,-1,1,1,1,-1,-1,1,-1,1,1,1,1,-1,1,-1,-1,1,1,-1,-1,-1,1,-1,1,-1,1,-1,1,-1,-1,1,-2670.0,1,2000,445,0,False
1230,1,1,-1,-1,1,1,-1,-1,1,1,1,-1,-1,1,1,1,-1,1,-1,-1,-1,-1,1,1,1,-1,-1,-1,1,1,1,1,-1,-1,-1,-1,1,1,1,1,-1,-1,-1,1,1,1,1,-1,1,1,1,1,-1,1,-1,-1,1,-1,1,1,1,-1,-1,-1,1,1,1,1,-1,-1,-1,1,1,1,1,-1,-1,-1,1,1,1,-1,-1,-1,1,1,1,1,-1,-1,-1,1,1,1,1,-1,-1,1,1,-1,1,1,-1,-1,1,1,1,1,1,-1,-1,1,1,-1,1,1,-1,-1,1,1,1,1,1,1,-1,-1,1,1,-1,1,1,-1,1,1,1,1,1,1,-1,-1,1,1,1,1,1,-1,1,1,1,1,1,1,-1,-1,-1,1,1,1,1,-1,1,1,1,1,-1,1,-1,1,-1,1,1,1,-1,-1,1,1,1,1,1,-1,1,-1,-1,1,-1,1,-1,1,1,1,1,1,1,1,1,1,-1,1,-1,1,-1,1,1,-1,1,-1,1,1,-1,1,-1,1,-1,1,-1,1,1,-1,1,-1,1,1,1,1,-1,-1,1,1,-1,-1,1,-1,1,-1,-1,1,-1,1,-1,1,-1,1,-1,-1,1,-1,-1,-1,1,1,-1,1,-1,1,1,1,-1,1,1,-1,1,-1,1,-1,1,-1,1,-1,1,1,-1,1,-1,-1,-1,1,1,-1,1,-1,-1,-1,1,1,-1,-1,1,1,-1,-1,1,1,-1,1,1,-1,1,1,1,1,-1,1,-1,1,1,-1,1,-1,1,1,-1,1,1,1,1,1,-1,-1,1,-1,-1,-1,1,1,-1,1,1,1,-1,1,-1,-1,1,1,1,1,1,-1,1,1,1,-1,1,1,-1,1,1,1,-1,1,1,-1,-1,1,1,1,-1,1,-1,1,1,1,-1,1,1,-1,1,1,1,-1,1,-1,-1,1,1,1,-1,1,-1,-1,-1,1,1,-1,1,-1,-1,1,-1,1,-1,1,1,-1,-1,1,1,1,-1,1,-1,-1,1,1,-1,1,-1,-1,-1,-1,-1,-1,1,1,-1,-1,1,1,-1,1,-1,-1,-1,1,1,1,1,-1,-1,1,1,1,-1,1,-1,-1,-1,-1,1,1,-1,1,-1,-1,1,-1,1,-1,-1,-1,-1,1,-1,1,-1,1,-1,1,-1,1,1,-1,-1,-1,1,1,-1,1,-1,1,-1,-1,1,-1,1,-1,-1,-1,-1,1,-1,-1,1,1,-1,-1,1,-1,1,1,-1,1,-1,1,-1,1,-1,1,-1,1,1,1,-1,-1,-1,-1,1,1,-1,1,-1,1,-1,1,-1,1,1,-1,1,-1,1,-1,-1,1,-1,-1,-1,1,-1,1,-1,1,1,-1,1,-1,-1,1,-1,-1,1,-1,1,-1,1,-1,1,-1,1,1,-1,-1,-1,1,-1,1,-1,-1,1,-1,1,1,-1,1,-1,-1,1,1,-1,-1,1,-1,-1,1,1,1,1,1,1,-1,1,1,1,-1,-1,-1,1,-1,-1,-1,1,-1,-1,1,-1,1,-1,1,-1,1,-1,-1,-1,1,1,-1,1,1,-1,-1,-1,1,-1,1,1,-1,1,-1,1,-1,-1,-1,-1,-1,-1,1,-1,-1,-1,-1,-1,-1,1,-1,1,1,1,1,-1,1,-1,1,1,-1,-1,-1,1,-1,-1,1,-1,1,-1,-1,1,1,1,1,-1,-1,1,1,1,1,-1,1,-1,-1,1,1,1,-1,-1,-1,1,1,1,1,-1,1,-1,1,-1,1,-1,1,1,-1,-1,1,1,1,-1,-1,-1,-1,1,1,1,1,-1,-1,-1,1,1,1,1,-1,-1,-1,1,1,1,-1,-1,-1,1,1,1,1,1,-1,-1,-1,1,1,1,1,-1,-1,-1,1,1,-1,1,-1,-1,-1,1,1,1,1,-1,-1,1,1,1,1,1,-1,1,1,-1,1,1,-1,-1,-1,1,1,1,1,1,-1,1,1,1,1,1,1,-1,-1,1,-1,1,-1,1,-1,-1,1,-1,1,1,-1,-1,-1,1,-1,1,1,-1,-1,-1,1,1,1,-1,1,-1,-1,1,-1,1,-1,-1,-1,-1,1,1,-1,-1,-1,-1,-1,1,-1,1,-1,-1,-1,-1,-1,-1,-1,1,-1,-1,-1,1,-1,-1,1,-1,-1,-1,-1,-1,1,1,-1,-1,-1,-1,-1,1,-1,-1,-1,1,-1,-1,1,-1,1,-1,-1,-1,-1,-1,-1,-1,1,-1,-1,-1,-1,1,-1,-1,-1,1,1,-1,-1,-1,-1,1,-1,-1,1,-1,1,-1,-1,-1,-1,1,1,1,1,-1,1,-1,-1,-1,1,-1,-1,-1,-1,-1,-1,1,1,-1,-1,1,-1,1,1,-1,-1,-1,1,-1,-1,1,-1,-1,1,-1,-1,1,1,1,-1,1,-1,1,1,1,-1,-1,1,-1,-1,1,1,1,-1,1,-1,-1,1,1,-1,1,1,-1,-1,1,1,-1,1,1,-1,-1,1,1,-1,1,1,-1,-1,1,1,1,1,-1,1,-1,1,1,1,-1,1,-1,-1,1,-1,1,1,1,1,-1,-1,1,-1,1,1,1,-1,1,1,1,1,-1,1,-1,1,1,1,1,1,1,1,-1,1,1,1,1,-1,1,-1,1,1,1,1,1,-1,1,1,1,1,-1,1,1,-1,1,1,-1,1,1,-1,-1,1,1,1,1,-1,1,-1,1,1,1,-1,-1,1,-1,1,1,1,-1,1,-1,-1,-1,1,1,-1,-1,1,-1,-1,1,1,1,-1,1,-1,1,1,1,1,-1,1,-1,-1,1,1,-1,-1,-1,1,1,1,1,-1,1,1,-1,1,1,-1,-1,1,1,-1,-1,1,1,-1,1,1,1,1,1,-1,-1,-1,-1,1,-1,-1,-1,-1,-1,1,1,1,1,-1,1,1,-1,1,1,1,1,-1,1,-1,1,1,1,1,-1,1,-1,1,1,1,1,-1,1,-1,1,1,1,1,-1,1,-1,1,1,1,-1,-1,1,-1,1,1,1,-1,-1,-1,1,-1,1,1,1,-1,1,-1,1,1,-2670.0,1,2000,445,1500,False
1231,1,1,-1,-1,1,1,-1,-1,1,1,1,-1,-1,1,-1,1,-1,1,-1,-1,1,1,1,1,1,-1,1,-1,1,1,1,1,-1,1,-1,-1,1,-1,1,1,-1,-1,-1,1,1,1,1,-1,1,1,1,1,-1,1,-1,-1,1,-1,1,1,1,-1,1,1,1,1,1,1,-1,-1,1,1,1,1,1,-1,1,-1,1,1,1,-1,-1,1,1,1,1,1,-1,-1,-1,1,1,1,1,-1,1,1,1,-1,1,1,-1,-1,1,1,1,1,1,-1,-1,1,1,1,1,1,-1,-1,1,1,1,1,1,1,-1,1,1,1,-1,1,1,-1,1,1,1,1,1,1,-1,1,1,1,1,1,1,-1,-1,1,1,1,1,1,-1,1,-1,1,1,1,1,-1,1,1,1,1,-1,1,-1,1,-1,1,1,1,-1,-1,1,1,1,1,1,-1,1,-1,-1,1,-1,1,-1,1,1,1,1,1,1,1,1,1,-1,1,-1,1,-1,1,1,-1,1,-1,1,1,-1,1,-1,1,-1,1,-1,1,1,-1,1,-1,1,1,1,1,-1,-1,1,1,-1,-1,1,-1,1,-1,-1,1,-1,1,-1,1,-1,1,-1,1,1,-1,-1,-1,1,1,-1,1,-1,1,1,1,-1,1,1,-1,-1,-1,1,-1,1,-1,1,-1,1,1,-1,1,-1,-1,-1,1,1,-1,1,-1,-1,-1,1,1,-1,-1,1,1,-1,-1,1,1,-1,1,1,-1,1,1,1,1,-1,1,-1,1,1,-1,1,-1,1,-1,1,1,1,1,1,1,-1,-1,1,-1,-1,-1,1,1,-1,1,1,1,-1,1,1,1,1,1,1,1,1,-1,1,1,1,-1,1,1,-1,1,1,1,-1,1,1,-1,-1,1,1,1,-1,1,-1,1,1,1,-1,1,1,-1,1,1,1,-1,1,1,-1,1,1,1,-1,1,1,-1,-1,-1,1,-1,1,1,-1,1,1,1,-1,1,1,1,-1,1,1,1,-1,1,1,-1,1,1,-1,1,-1,1,-1,-1,1,1,1,1,1,-1,1,-1,-1,1,1,-1,-1,-1,1,-1,1,1,-1,1,-1,1,1,1,1,1,-1,-1,1,-1,-1,-1,1,-1,1,-1,-1,1,1,1,-1,1,-1,1,-1,-1,1,1,-1,1,-1,1,1,1,1,1,-1,1,-1,-1,1,-1,1,-1,-1,-1,-1,1,1,1,-1,-1,1,-1,1,1,1,-1,1,-1,1,-1,1,1,-1,-1,1,-1,1,1,1,1,-1,-1,1,1,1,1,-1,-1,1,1,1,1,-1,1,-1,1,1,1,1,-1,-1,-1,-1,1,1,1,-1,1,-1,1,-1,1,1,-1,-1,1,-1,1,1,1,1,-1,1,-1,-1,1,1,1,-1,-1,-1,-1,1,1,-1,-1,1,-1,-1,1,-1,1,-1,-1,-1,-1,1,-1,1,-1,-1,1,-1,-1,1,1,1,-1,1,-1,1,-1,1,-1,1,-1,-1,-1,1,-1,-1,1,1,-1,1,1,-1,1,1,1,-1,1,1,-1,1,-1,1,-1,-1,1,-1,-1,1,1,-1,-1,1,-1,-1,1,1,1,-1,1,-1,-1,1,1,-1,-1,1,-1,-1,-1,1,1,-1,1,1,-1,-1,1,-1,-1,1,-1,1,-1,1,1,-1,-1,1,-1,-1,-1,-1,-1,1,1,1,-1,-1,1,-1,-1,1,-1,-1,1,-1,-1,1,1,-1,-1,1,-1,-1,1,1,-1,1,-1,-1,-1,-1,1,1,-1,-1,-1,-1,1,1,-1,-1,1,-1,-1,-1,1,1,-1,-1,-1,-1,-1,1,-1,-1,-1,-1,-1,1,1,1,-1,-1,-1,-1,-1,1,1,-1,-1,-1,-1,-1,1,1,1,-1,-1,-1,-1,1,1,-1,-1,-1,-1,1,1,1,1,-1,-1,1,1,1,1,1,-1,-1,-1,1,1,1,1,1,-1,1,1,1,1,-1,1,-1,-1,1,-1,1,-1,1,-1,-1,1,-1,1,-1,-1,-1,-1,1,-1,1,-1,1,1,-1,1,-1,1,-1,1,1,-1,1,-1,1,-1,-1,-1,-1,1,1,-1,-1,-1,-1,-1,1,-1,1,-1,-1,-1,-1,-1,-1,-1,1,-1,-1,-1,1,-1,-1,1,-1,-1,-1,-1,-1,1,1,-1,-1,-1,-1,-1,1,-1,-1,-1,1,-1,-1,1,-1,1,-1,-1,-1,-1,1,-1,-1,1,-1,-1,-1,-1,1,-1,-1,-1,1,-1,1,-1,-1,-1,1,-1,-1,-1,-1,1,-1,-1,-1,-1,-1,1,1,1,-1,1,-1,1,-1,1,-1,-1,-1,-1,-1,-1,1,1,-1,-1,1,-1,1,1,-1,-1,-1,1,-1,1,1,-1,-1,1,-1,-1,1,1,1,-1,1,-1,1,1,1,-1,-1,1,-1,1,1,1,1,-1,1,-1,-1,1,1,-1,1,1,-1,-1,1,1,-1,1,1,-1,-1,1,1,-1,1,1,-1,-1,1,1,1,1,1,1,-1,1,1,1,-1,1,-1,-1,1,-1,1,1,1,1,-1,-1,1,-1,1,1,1,-1,1,1,1,1,-1,1,-1,1,1,1,1,1,1,1,-1,1,1,1,1,-1,1,-1,1,1,1,1,1,-1,1,1,1,1,-1,1,-1,1,1,1,-1,1,1,1,1,-1,1,1,1,-1,1,1,1,1,1,-1,-1,1,-1,1,-1,1,-1,1,-1,1,1,1,1,-1,-1,1,1,-1,1,-1,1,-1,1,1,-1,-1,1,1,-1,1,-1,1,1,1,-1,-1,-1,-1,1,1,-1,-1,1,1,1,1,1,-1,-1,1,1,1,1,-1,1,-1,1,-1,1,1,-1,1,-1,-1,-1,-1,-1,-1,-1,-1,1,-1,1,1,1,-1,1,1,-1,-1,1,-1,-1,-1,1,-1,1,1,1,1,-1,1,-1,1,1,1,-1,-1,1,-1,1,1,1,1,-1,1,-1,1,-1,-1,-1,-1,1,-1,-1,1,1,-1,-1,-1,-1,1,1,-1,1,-1,1,-1,-1,1,-2670.0,1,2000,445,0,False
1232,1,1,-1,-1,1,1,-1,-1,1,1,1,-1,-1,1,1,1,-1,1,-1,-1,-1,-1,1,1,1,-1,-1,-1,1,1,1,1,-1,-1,-1,-1,1,-1,1,1,-1,-1,-1,1,1,1,1,-1,1,1,1,1,-1,1,-1,-1,1,-1,1,1,1,-1,-1,-1,1,1,1,1,-1,-1,-1,1,1,1,1,-1,-1,-1,1,1,1,-1,-1,-1,1,1,1,1,-1,-1,-1,1,1,1,1,-1,-1,1,1,-1,1,1,-1,-1,1,1,1,1,1,-1,-1,1,1,-1,1,1,-1,-1,1,1,1,1,1,1,-1,1,1,1,-1,1,1,-1,1,1,1,1,1,1,-1,-1,1,1,1,1,1,-1,1,1,1,1,1,1,-1,-1,-1,1,1,1,1,-1,1,1,1,1,-1,1,-1,1,-1,1,1,1,-1,-1,1,1,1,1,1,-1,1,-1,-1,1,-1,1,-1,1,1,1,1,1,1,1,1,1,-1,1,-1,1,-1,1,1,-1,1,-1,1,1,-1,1,-1,1,-1,1,-1,1,1,-1,1,-1,1,1,1,1,-1,-1,1,1,-1,-1,1,-1,1,-1,-1,1,-1,1,-1,1,-1,1,-1,-1,1,-1,-1,-1,1,1,-1,1,-1,1,1,1,-1,1,1,-1,1,-1,1,-1,1,-1,1,-1,1,1,-1,1,-1,-1,-1,1,1,-1,1,-1,-1,-1,1,1,-1,-1,1,1,-1,-1,1,1,-1,1,1,-1,1,1,1,1,-1,1,-1,1,1,-1,1,-1,1,1,1,1,1,1,1,1,-1,-1,1,-1,-1,1,1,1,-1,1,1,1,-1,1,1,1,1,1,1,1,1,-1,1,1,1,-1,1,1,-1,1,1,1,-1,1,1,-1,-1,1,1,1,-1,1,-1,1,1,1,-1,1,1,-1,1,1,1,-1,1,1,-1,1,1,1,-1,1,1,-1,-1,1,1,-1,1,1,-1,1,-1,1,-1,1,1,1,-1,1,1,1,1,1,1,-1,1,1,-1,1,1,1,-1,-1,-1,-1,1,1,1,-1,1,1,-1,1,1,-1,-1,1,1,1,1,1,-1,1,1,1,-1,1,1,1,1,-1,1,1,1,-1,1,-1,1,1,1,1,1,1,-1,-1,-1,1,-1,-1,1,1,-1,1,1,1,1,1,1,1,-1,1,-1,-1,1,-1,1,-1,1,1,1,1,1,1,-1,-1,1,-1,1,1,1,-1,1,1,1,-1,1,1,-1,-1,1,-1,1,1,1,-1,1,1,1,1,1,1,-1,1,-1,1,1,1,1,-1,1,-1,1,1,1,-1,-1,1,-1,1,1,1,-1,-1,1,-1,-1,1,1,-1,-1,1,-1,1,1,1,1,-1,1,1,-1,1,1,1,-1,-1,1,-1,1,1,-1,-1,1,1,-1,1,-1,1,-1,-1,1,-1,1,-1,1,-1,-1,1,-1,-1,1,1,1,-1,1,-1,1,-1,-1,-1,1,-1,-1,-1,1,-1,-1,-1,1,1,-1,1,-1,1,1,1,-1,1,1,-1,1,-1,1,-1,-1,1,-1,-1,1,1,1,-1,1,-1,-1,1,1,-1,-1,1,-1,-1,1,1,-1,-1,1,-1,-1,-1,1,1,-1,1,-1,-1,-1,1,-1,-1,1,-1,1,-1,1,1,-1,-1,1,-1,-1,-1,-1,-1,1,1,1,-1,-1,1,-1,-1,1,-1,-1,1,-1,-1,1,1,-1,-1,1,1,-1,1,1,-1,1,-1,1,-1,-1,1,1,-1,-1,-1,-1,-1,1,-1,-1,1,-1,-1,-1,1,1,-1,-1,-1,-1,-1,1,-1,-1,-1,-1,-1,1,1,1,-1,-1,-1,-1,-1,1,1,-1,-1,-1,-1,-1,1,1,1,-1,-1,-1,-1,1,1,-1,-1,-1,-1,1,1,1,1,-1,-1,1,1,1,1,1,-1,-1,-1,1,1,1,-1,1,-1,1,1,1,1,-1,1,-1,-1,1,-1,1,-1,1,-1,-1,1,-1,1,-1,-1,-1,-1,1,-1,1,-1,1,1,-1,1,-1,1,-1,1,1,-1,1,-1,1,-1,-1,-1,-1,1,1,-1,-1,-1,-1,-1,1,-1,1,-1,-1,-1,-1,-1,-1,-1,1,-1,-1,-1,1,-1,-1,1,-1,-1,-1,-1,-1,1,1,-1,-1,-1,-1,-1,1,-1,-1,-1,1,-1,-1,1,-1,1,-1,-1,-1,-1,-1,-1,-1,1,-1,-1,-1,1,1,1,-1,-1,1,-1,-1,-1,-1,-1,1,-1,-1,1,-1,1,-1,-1,-1,-1,1,-1,1,1,-1,1,-1,-1,1,1,-1,-1,-1,-1,-1,-1,1,1,-1,-1,1,-1,1,1,-1,-1,-1,1,-1,-1,1,-1,-1,1,-1,-1,1,1,1,-1,1,-1,1,1,1,-1,-1,1,-1,-1,1,1,1,-1,1,-1,-1,1,1,-1,1,1,-1,-1,1,1,-1,1,1,-1,-1,1,1,-1,1,1,-1,-1,1,1,1,1,-1,1,-1,-1,1,1,-1,1,-1,-1,1,-1,1,1,1,1,-1,-1,1,-1,1,1,1,-1,1,1,1,1,-1,1,-1,1,1,1,1,1,1,1,-1,1,1,1,1,-1,1,-1,1,1,1,1,1,-1,1,1,1,1,-1,1,1,-1,1,1,-1,1,1,-1,-1,1,1,1,1,-1,1,-1,1,1,1,-1,-1,1,-1,1,1,1,-1,1,-1,-1,-1,1,1,-1,-1,1,-1,-1,1,1,-1,-1,1,-1,-1,1,1,1,-1,1,-1,-1,1,1,-1,-1,-1,1,-1,1,1,-1,1,1,-1,1,1,-1,-1,1,-1,-1,-1,1,1,-1,1,1,-1,1,1,-1,-1,-1,-1,1,-1,-1,-1,-1,1,-1,-1,1,1,-1,1,1,-1,1,1,1,1,-1,1,-1,1,1,1,1,-1,1,-1,-1,-1,1,1,-1,1,-1,1,1,1,1,-1,1,-1,1,1,1,-1,-1,1,-1,-1,1,1,-1,-1,-1,1,-1,1,-1,1,-1,1,-1,-1,1,-2670.0,1,2000,445,1500,False
1233,1,1,-1,-1,1,1,-1,-1,1,1,1,-1,-1,1,1,1,-1,1,-1,-1,-1,-1,1,1,1,1,-1,-1,1,1,1,1,-1,-1,-1,-1,1,1,1,1,-1,-1,-1,1,1,1,1,-1,1,1,1,1,-1,1,-1,-1,1,-1,1,1,1,-1,-1,-1,1,1,1,1,-1,-1,-1,1,1,1,1,-1,-1,-1,1,1,1,-1,-1,-1,1,1,1,1,-1,-1,1,1,1,1,1,-1,-1,-1,1,-1,1,1,-1,-1,1,1,1,1,1,-1,-1,-1,1,-1,1,1,-1,-1,1,1,1,1,1,1,-1,-1,1,1,-1,1,1,-1,1,1,1,1,1,1,-1,1,1,1,1,1,1,-1,1,1,1,1,1,1,-1,-1,-1,1,1,1,1,-1,1,1,1,1,-1,1,-1,1,-1,1,1,1,-1,-1,1,1,1,1,1,-1,1,-1,-1,1,-1,1,-1,1,1,1,1,1,1,1,1,1,-1,1,-1,1,-1,1,1,-1,1,-1,1,1,-1,1,-1,1,-1,1,-1,1,1,-1,1,-1,1,1,1,1,-1,-1,1,1,-1,-1,1,-1,1,-1,-1,1,-1,1,-1,1,-1,1,-1,1,1,-1,-1,-1,1,1,-1,1,-1,1,1,1,-1,1,1,-1,1,-1,1,-1,1,-1,1,-1,1,1,-1,1,-1,-1,-1,1,1,-1,1,-1,-1,-1,1,1,-1,-1,1,1,-1,-1,1,1,-1,1,1,-1,1,1,1,-1,-1,1,-1,1,1,-1,1,-1,1,1,-1,1,1,-1,-1,1,-1,-1,1,-1,1,-1,1,1,-1,1,1,1,-1,1,-1,-1,1,1,-1,-1,1,-1,1,1,1,1,-1,1,-1,1,1,1,-1,1,1,-1,-1,1,1,-1,-1,1,-1,1,1,1,1,1,1,-1,1,1,1,1,1,-1,-1,1,1,1,1,1,-1,-1,-1,1,1,1,1,-1,-1,1,-1,1,-1,1,1,-1,-1,1,1,1,1,1,-1,-1,1,1,1,-1,-1,1,-1,-1,-1,-1,1,1,-1,-1,1,1,-1,1,1,-1,-1,1,1,1,1,1,-1,1,1,1,-1,1,-1,-1,-1,-1,1,1,1,1,-1,-1,1,-1,1,1,-1,-1,-1,-1,-1,1,-1,-1,-1,1,-1,1,-1,1,1,-1,1,1,-1,1,-1,1,-1,-1,1,-1,1,-1,1,1,-1,1,-1,-1,1,1,-1,-1,1,-1,1,1,1,-1,-1,1,-1,1,-1,1,-1,1,1,-1,1,-1,-1,-1,1,1,-1,1,-1,-1,-1,1,-1,1,1,-1,-1,1,1,-1,-1,1,-1,-1,-1,1,-1,1,-1,-1,-1,-1,1,-1,-1,1,-1,-1,-1,1,1,-1,1,-1,-1,-1,1,1,-1,1,-1,1,-1,1,-1,-1,1,-1,-1,1,-1,1,-1,-1,1,-1,1,-1,1,-1,-1,1,-1,-1,1,1,1,-1,1,-1,1,1,-1,-1,1,-1,-1,-1,1,-1,-1,-1,1,1,-1,1,-1,1,-1,1,-1,1,1,-1,1,1,1,-1,-1,1,-1,1,-1,1,1,-1,1,-1,-1,1,1,-1,-1,1,-1,-1,-1,1,-1,-1,1,-1,1,1,1,1,-1,1,-1,-1,1,1,-1,-1,1,-1,-1,-1,1,1,-1,-1,1,1,-1,1,-1,-1,1,1,1,1,1,1,-1,-1,1,1,-1,1,-1,-1,1,1,1,1,-1,1,-1,1,-1,1,1,1,1,-1,-1,1,1,1,-1,-1,-1,-1,1,1,1,1,-1,-1,-1,1,1,1,-1,-1,-1,-1,1,1,1,1,-1,-1,1,1,1,1,1,-1,-1,-1,1,1,1,1,-1,-1,-1,1,1,-1,1,-1,-1,-1,1,1,1,1,-1,-1,1,1,1,1,1,-1,1,1,-1,1,1,-1,-1,-1,1,1,1,-1,-1,-1,1,1,1,1,1,1,-1,-1,1,-1,1,-1,1,-1,-1,1,-1,1,-1,1,-1,-1,1,-1,1,1,-1,-1,-1,1,1,1,-1,1,-1,-1,1,-1,1,-1,-1,-1,-1,1,1,-1,-1,-1,-1,-1,1,-1,1,-1,-1,-1,-1,-1,-1,-1,1,-1,-1,-1,1,-1,-1,1,-1,-1,-1,-1,-1,1,1,-1,-1,-1,-1,-1,1,-1,-1,-1,1,-1,-1,1,-1,1,-1,-1,-1,-1,-1,-1,-1,1,-1,-1,-1,1,1,-1,-1,-1,1,-1,-1,-1,-1,-1,1,-1,-1,1,-1,1,-1,-1,-1,-1,1,-1,1,1,-1,1,-1,-1,1,1,-1,-1,-1,-1,-1,-1,1,1,-1,-1,1,-1,1,1,-1,-1,-1,1,-1,1,1,-1,-1,1,-1,-1,1,1,1,-1,1,-1,1,1,1,-1,-1,1,-1,-1,1,1,1,-1,1,-1,-1,1,1,-1,1,1,-1,-1,1,1,-1,1,1,-1,-1,1,1,-1,1,1,-1,-1,1,1,1,1,1,1,-1,1,1,1,-1,1,-1,-1,1,-1,1,1,1,1,-1,-1,1,-1,1,1,1,-1,1,1,1,1,-1,1,-1,1,1,1,1,1,1,-1,-1,-1,1,1,1,-1,1,-1,1,1,1,1,-1,1,-1,1,1,1,-1,-1,1,-1,-1,1,-1,1,-1,-1,-1,1,1,1,-1,1,-1,-1,1,1,1,-1,-1,-1,-1,1,1,1,-1,-1,-1,-1,-1,1,1,-1,1,-1,-1,-1,1,1,-1,-1,1,-1,1,1,1,1,1,1,-1,-1,1,1,-1,-1,1,1,1,1,1,-1,1,-1,-1,1,1,-1,-1,1,-1,-1,-1,1,1,-1,1,-1,1,1,1,-1,-1,-1,-1,1,-1,-1,-1,-1,1,-1,1,1,1,-1,1,1,-1,1,1,1,1,-1,1,-1,1,1,1,-1,-1,1,-1,1,1,1,-1,-1,1,-1,1,1,1,-1,-1,1,-1,1,1,1,1,-1,1,-1,-1,1,1,1,-1,-1,1,-1,1,1,1,-1,1,-1,-1,1,-2670.0,1,2000,445,1500,False
1234,1,1,-1,-1,1,-1,-1,-1,1,1,1,-1,1,1,1,1,-1,1,-1,-1,1,-1,1,1,1,-1,-1,-1,1,1,1,1,1,-1,-1,-1,1,1,1,1,-1,-1,-1,1,1,1,1,-1,1,1,1,1,-1,1,-1,-1,1,-1,1,1,1,-1,-1,-1,1,1,1,1,-1,-1,-1,1,1,1,1,-1,-1,-1,1,1,1,-1,-1,-1,1,1,1,1,-1,-1,-1,1,1,1,1,-1,-1,1,1,-1,1,1,-1,-1,1,1,1,1,1,-1,-1,1,1,1,1,1,-1,-1,1,1,1,1,1,1,-1,1,1,1,-1,1,1,-1,1,1,1,1,1,1,-1,-1,1,1,1,1,1,-1,1,1,1,1,1,1,-1,-1,-1,1,1,1,1,-1,1,1,1,1,-1,1,-1,1,-1,1,1,1,-1,-1,1,1,1,1,1,-1,1,-1,-1,1,-1,1,-1,1,1,1,1,1,1,1,1,1,-1,1,-1,1,-1,1,1,-1,1,-1,1,1,-1,1,-1,1,-1,1,-1,1,1,-1,-1,-1,1,1,1,1,-1,-1,1,1,-1,-1,1,-1,1,-1,1,1,-1,1,-1,1,-1,1,-1,-1,1,-1,-1,-1,1,1,-1,1,-1,1,1,1,-1,1,1,-1,1,-1,1,-1,1,-1,1,-1,1,1,-1,1,-1,-1,-1,1,1,-1,1,-1,-1,-1,1,1,-1,-1,1,1,-1,-1,1,1,-1,1,1,-1,1,1,1,1,-1,1,-1,1,1,-1,1,-1,1,1,-1,1,1,1,1,1,-1,-1,1,-1,-1,-1,1,1,-1,1,1,1,-1,1,-1,-1,1,1,1,1,1,-1,1,1,1,-1,1,1,-1,1,1,1,-1,1,1,-1,-1,1,1,1,-1,1,-1,1,1,1,-1,1,1,-1,1,1,1,-1,1,-1,-1,1,1,1,-1,1,-1,-1,-1,1,1,-1,1,-1,-1,1,-1,1,-1,1,1,-1,-1,1,1,1,-1,1,-1,-1,1,1,-1,1,-1,-1,-1,-1,-1,-1,1,1,-1,-1,1,1,-1,1,-1,1,-1,1,1,1,1,1,-1,1,1,1,-1,1,-1,-1,-1,-1,1,1,-1,1,-1,-1,1,-1,1,-1,-1,-1,-1,-1,-1,1,-1,1,-1,1,-1,1,1,-1,-1,-1,1,1,-1,1,-1,1,-1,-1,1,-1,1,-1,-1,-1,-1,1,-1,-1,1,1,-1,-1,1,-1,1,1,-1,1,-1,1,-1,1,-1,1,-1,1,1,-1,-1,-1,-1,-1,1,1,-1,1,-1,1,-1,1,-1,1,1,-1,1,-1,1,-1,-1,1,-1,-1,-1,1,-1,1,-1,1,1,-1,1,-1,-1,1,-1,-1,1,-1,1,-1,1,-1,1,-1,1,1,-1,-1,-1,1,-1,1,-1,-1,1,-1,1,1,1,1,-1,-1,1,1,-1,1,1,1,-1,1,1,1,1,1,1,-1,1,1,1,-1,-1,1,1,-1,-1,-1,1,-1,-1,1,1,1,-1,1,-1,1,-1,-1,-1,1,1,-1,1,1,-1,-1,-1,1,-1,1,1,-1,1,-1,1,-1,-1,-1,-1,-1,-1,1,-1,-1,-1,-1,-1,-1,1,-1,1,1,1,1,-1,1,-1,1,1,-1,-1,-1,1,-1,-1,1,-1,1,-1,-1,1,1,1,1,-1,-1,1,1,1,1,-1,1,-1,-1,1,1,1,-1,-1,-1,1,1,1,1,-1,-1,-1,1,-1,1,-1,1,-1,-1,-1,1,1,1,-1,-1,-1,1,1,1,1,1,-1,-1,-1,1,1,1,1,-1,-1,-1,1,-1,1,-1,-1,-1,-1,1,1,1,1,-1,-1,1,1,1,1,1,-1,-1,-1,1,1,-1,1,-1,-1,-1,1,1,1,1,-1,-1,1,1,1,1,-1,-1,1,1,-1,1,1,-1,-1,-1,1,1,1,1,1,-1,1,1,1,1,1,1,-1,-1,1,-1,1,-1,-1,-1,-1,1,-1,1,1,-1,-1,-1,1,-1,1,1,-1,-1,-1,1,1,1,-1,1,-1,-1,1,-1,1,-1,-1,-1,-1,1,1,-1,-1,-1,-1,-1,1,-1,1,-1,-1,-1,-1,-1,-1,-1,1,-1,-1,-1,1,-1,-1,1,-1,-1,-1,-1,-1,-1,1,-1,-1,-1,-1,-1,1,-1,-1,-1,1,-1,-1,1,-1,1,-1,-1,-1,-1,-1,-1,-1,1,-1,-1,-1,1,1,-1,-1,-1,-1,1,-1,-1,-1,-1,1,-1,-1,1,-1,1,-1,-1,-1,-1,1,-1,1,1,-1,1,-1,-1,1,1,-1,-1,-1,-1,-1,-1,1,1,-1,-1,1,-1,1,1,-1,-1,-1,1,-1,1,1,-1,-1,1,-1,-1,1,1,1,-1,1,-1,1,1,1,-1,-1,1,-1,-1,1,1,1,-1,1,-1,-1,1,1,-1,1,1,-1,-1,1,1,-1,1,1,-1,-1,1,1,1,1,1,-1,-1,1,1,1,1,-1,1,-1,1,1,1,1,1,-1,-1,1,-1,1,1,1,1,-1,-1,1,-1,1,1,1,-1,1,1,1,1,-1,1,-1,1,1,1,1,1,1,1,-1,1,1,1,1,-1,1,-1,1,1,1,1,1,-1,1,1,1,1,-1,1,1,-1,1,1,-1,1,1,-1,-1,1,1,1,1,-1,1,-1,1,1,1,-1,-1,1,-1,1,1,1,-1,1,-1,-1,-1,1,1,-1,-1,1,-1,-1,1,1,-1,-1,1,-1,1,1,1,1,-1,-1,-1,-1,1,1,-1,-1,-1,1,1,-1,1,-1,1,1,-1,1,1,-1,-1,1,1,-1,-1,1,1,-1,1,1,1,1,1,-1,-1,-1,-1,-1,-1,-1,-1,-1,-1,1,1,1,1,-1,1,1,-1,1,1,1,1,-1,1,-1,1,1,1,1,-1,1,-1,1,1,1,1,-1,1,-1,1,1,1,1,-1,1,-1,1,1,-1,-1,-1,1,-1,1,1,1,-1,-1,-1,1,-1,1,-1,1,-1,1,-1,1,1,-2670.0,1,2000,445,1500,False
1235,1,1,-1,-1,1,-1,-1,-1,1,1,1,-1,1,1,1,1,-1,1,-1,-1,1,-1,1,1,1,-1,-1,-1,1,1,1,1,1,-1,-1,-1,1,-1,1,-1,-1,-1,-1,1,1,1,1,-1,1,1,1,1,-1,1,-1,-1,1,-1,1,1,1,-1,-1,-1,1,1,1,1,-1,-1,-1,1,1,1,1,-1,-1,-1,1,1,1,-1,-1,-1,1,1,1,1,-1,1,-1,1,1,1,1,-1,-1,1,1,-1,1,1,-1,-1,1,1,1,1,1,-1,-1,1,1,1,1,1,-1,-1,1,1,1,1,1,1,-1,1,1,1,-1,1,1,-1,1,1,1,1,1,1,-1,-1,1,1,1,1,1,-1,1,1,1,1,1,1,-1,-1,-1,1,1,1,1,-1,1,1,1,1,-1,1,-1,1,-1,1,1,1,-1,-1,1,1,1,1,1,-1,1,-1,-1,1,-1,1,-1,1,1,1,1,1,1,1,1,1,-1,1,-1,1,-1,1,1,-1,1,-1,1,1,-1,1,-1,1,-1,1,-1,1,1,-1,1,-1,1,1,1,1,-1,-1,1,1,-1,-1,1,-1,1,-1,-1,1,-1,1,-1,1,-1,1,-1,1,1,-1,-1,-1,1,1,-1,1,-1,1,1,1,-1,1,1,-1,1,-1,1,-1,1,-1,1,-1,1,1,-1,1,-1,-1,-1,1,1,-1,1,-1,-1,-1,1,1,-1,-1,1,1,-1,-1,1,1,-1,1,1,-1,1,1,1,1,-1,1,-1,1,1,-1,1,-1,1,1,1,1,1,1,1,1,-1,-1,1,-1,-1,-1,1,1,-1,1,1,1,-1,1,1,1,1,1,1,-1,1,-1,1,1,1,-1,1,1,-1,1,1,1,-1,1,1,-1,-1,1,1,1,-1,1,-1,1,1,1,-1,1,1,-1,1,1,1,-1,1,1,-1,1,1,1,-1,1,1,1,-1,1,1,-1,1,1,-1,1,-1,1,-1,1,1,1,-1,1,1,1,-1,1,1,-1,1,1,-1,1,-1,1,-1,-1,-1,-1,1,1,1,-1,1,1,-1,1,1,-1,-1,1,1,1,1,1,-1,1,1,1,-1,1,1,1,-1,-1,1,1,1,-1,1,-1,1,1,1,1,1,1,-1,-1,-1,1,-1,-1,1,-1,1,-1,1,1,1,1,1,-1,-1,1,-1,-1,1,-1,1,-1,1,1,1,1,1,1,-1,-1,1,-1,1,1,-1,-1,1,1,1,-1,1,-1,-1,-1,1,-1,1,1,-1,-1,1,1,1,1,-1,1,-1,1,-1,1,1,-1,-1,-1,1,-1,1,1,-1,-1,-1,1,-1,1,1,1,-1,-1,1,-1,-1,1,-1,-1,-1,1,-1,1,1,1,-1,-1,1,-1,-1,1,-1,-1,-1,-1,-1,-1,1,-1,-1,-1,1,-1,-1,1,-1,-1,-1,-1,1,-1,1,-1,-1,-1,-1,1,-1,-1,1,1,1,-1,1,-1,1,-1,1,1,1,-1,-1,-1,1,-1,-1,1,1,1,-1,1,-1,1,1,1,-1,1,1,-1,1,-1,1,-1,-1,1,-1,-1,1,1,1,-1,1,-1,-1,1,1,-1,-1,1,-1,-1,1,1,-1,-1,1,-1,-1,-1,1,1,-1,1,-1,-1,-1,1,-1,-1,1,-1,1,-1,1,1,-1,-1,1,-1,-1,-1,-1,-1,1,1,1,-1,-1,1,-1,-1,1,-1,-1,1,-1,-1,1,1,-1,-1,1,-1,-1,1,1,-1,1,-1,-1,-1,-1,1,1,-1,-1,-1,-1,1,1,-1,-1,1,-1,-1,-1,1,1,-1,-1,-1,-1,-1,1,-1,-1,-1,-1,-1,1,1,1,-1,-1,-1,-1,-1,1,1,-1,-1,-1,-1,-1,1,1,1,-1,-1,-1,-1,1,1,-1,-1,-1,-1,1,1,1,1,1,-1,1,1,1,1,1,1,-1,-1,1,1,1,1,-1,-1,1,1,1,1,-1,1,-1,-1,1,-1,1,-1,1,-1,-1,1,-1,1,1,1,-1,-1,1,-1,1,-1,1,1,-1,1,-1,1,1,1,1,-1,1,-1,1,1,1,-1,-1,1,1,-1,1,1,-1,-1,1,-1,1,-1,1,-1,-1,-1,-1,-1,1,1,-1,-1,1,-1,-1,1,1,-1,-1,-1,-1,1,-1,1,-1,-1,-1,-1,1,1,-1,-1,1,-1,-1,1,-1,1,-1,-1,-1,-1,-1,1,1,1,-1,-1,-1,1,1,1,-1,-1,1,-1,-1,-1,1,-1,1,-1,-1,1,1,1,-1,-1,-1,-1,1,-1,1,1,-1,1,-1,-1,1,1,-1,-1,-1,-1,-1,-1,1,1,-1,-1,1,-1,1,1,-1,-1,-1,1,-1,1,1,-1,-1,1,-1,-1,1,1,1,-1,1,-1,1,1,1,-1,-1,1,-1,-1,1,-1,1,-1,1,-1,-1,1,1,-1,1,1,-1,-1,1,1,1,1,1,-1,-1,1,1,-1,1,1,-1,-1,1,1,1,1,1,1,-1,-1,1,1,1,1,-1,-1,1,-1,1,1,1,1,-1,-1,1,-1,1,1,1,-1,1,1,1,1,-1,1,-1,1,1,1,1,1,1,1,-1,1,1,1,1,-1,1,-1,1,1,1,1,1,-1,1,1,1,1,-1,1,1,-1,1,1,-1,1,1,-1,-1,1,1,1,1,-1,1,-1,1,1,1,-1,-1,1,-1,1,1,1,-1,1,-1,-1,-1,1,1,-1,-1,1,-1,-1,1,1,1,-1,1,-1,-1,1,1,1,-1,1,-1,-1,1,1,-1,-1,-1,1,-1,-1,1,-1,1,1,-1,1,1,-1,-1,1,-1,-1,-1,-1,1,-1,1,1,-1,1,1,-1,-1,-1,-1,1,-1,-1,-1,-1,1,-1,-1,1,1,-1,1,1,-1,1,1,1,1,-1,1,-1,1,1,1,1,-1,1,-1,-1,1,1,1,-1,1,-1,1,1,1,1,-1,1,-1,1,1,-1,-1,-1,1,-1,-1,1,1,-1,-1,-1,1,-1,1,-1,1,-1,1,-1,-1,1,-2670.0,1,2000,445,1500,False
1236,1,1,-1,-1,1,-1,1,-1,1,1,1,-1,1,1,1,1,-1,1,-1,-1,1,-1,1,1,1,-1,1,-1,1,1,1,1,1,-1,-1,-1,1,-1,1,1,-1,-1,-1,1,1,1,1,-1,1,1,1,1,-1,1,-1,-1,1,-1,1,1,1,-1,-1,-1,1,1,1,1,-1,-1,-1,1,1,1,1,-1,-1,-1,1,1,1,-1,-1,-1,1,1,1,1,-1,-1,-1,1,1,1,1,-1,-1,1,1,-1,1,1,-1,-1,1,1,1,1,1,-1,-1,1,1,-1,1,1,-1,-1,1,1,1,1,1,1,-1,-1,1,1,-1,1,1,-1,1,1,1,1,1,1,-1,-1,1,1,1,1,1,-1,1,1,1,1,1,1,-1,-1,-1,1,1,1,1,-1,1,1,1,1,-1,1,-1,1,-1,1,1,1,-1,-1,1,1,1,1,1,-1,1,-1,-1,1,-1,1,-1,1,1,1,1,1,1,1,1,1,-1,1,-1,1,-1,1,1,-1,1,-1,1,1,-1,1,-1,1,-1,1,-1,1,1,-1,-1,-1,1,1,1,1,-1,-1,1,1,-1,-1,1,-1,1,-1,-1,1,-1,1,-1,1,-1,1,-1,1,1,-1,-1,-1,1,1,-1,1,-1,1,1,1,-1,1,1,-1,1,-1,1,-1,1,-1,1,-1,1,1,-1,1,-1,-1,-1,1,1,-1,1,-1,-1,-1,1,1,-1,-1,1,1,-1,-1,1,1,-1,1,1,-1,1,1,1,1,-1,1,-1,1,1,-1,1,-1,1,1,1,1,1,1,1,1,-1,-1,1,-1,-1,-1,1,1,-1,1,1,1,-1,1,1,1,1,1,1,-1,1,-1,1,1,1,-1,1,1,-1,1,1,1,-1,1,1,-1,-1,1,1,1,-1,1,-1,1,1,1,-1,1,1,-1,1,1,1,-1,1,1,-1,1,1,1,-1,1,1,-1,-1,1,1,-1,1,1,-1,1,-1,1,-1,1,1,1,-1,1,1,1,1,1,1,-1,1,1,-1,1,1,1,-1,-1,-1,-1,1,1,1,-1,1,1,-1,1,1,-1,-1,1,1,1,1,1,-1,1,1,1,-1,1,1,1,-1,-1,1,1,1,-1,1,-1,1,1,1,1,1,1,-1,-1,-1,1,-1,-1,1,-1,1,-1,1,1,1,1,1,-1,-1,1,-1,-1,1,-1,1,-1,1,1,1,1,1,1,-1,-1,1,-1,1,1,-1,-1,1,1,1,-1,1,-1,-1,-1,1,-1,1,1,-1,-1,1,1,1,1,-1,1,-1,1,-1,-1,1,-1,-1,-1,1,-1,1,1,-1,-1,-1,1,-1,1,1,1,-1,-1,1,1,-1,1,-1,-1,-1,1,-1,1,1,1,-1,-1,1,1,-1,1,-1,-1,-1,-1,-1,-1,1,-1,-1,-1,1,-1,-1,1,-1,-1,-1,-1,1,-1,1,-1,-1,-1,-1,1,-1,-1,1,1,1,-1,1,-1,1,-1,1,1,1,-1,-1,-1,1,-1,-1,1,1,1,-1,1,-1,1,1,1,-1,1,1,-1,-1,-1,1,-1,-1,1,-1,-1,1,1,1,-1,1,-1,-1,1,1,-1,-1,1,-1,-1,1,1,-1,-1,1,-1,-1,-1,1,1,-1,1,1,-1,-1,1,-1,-1,1,-1,1,-1,1,1,-1,-1,1,-1,-1,-1,-1,-1,1,1,1,-1,-1,1,-1,-1,1,-1,-1,1,-1,-1,1,1,-1,-1,1,1,-1,1,1,-1,1,-1,1,-1,-1,1,1,-1,-1,-1,-1,1,1,-1,-1,1,-1,-1,-1,1,1,-1,-1,-1,-1,-1,1,-1,-1,-1,-1,-1,-1,1,1,-1,-1,-1,-1,1,1,1,-1,-1,-1,-1,-1,1,1,1,-1,-1,-1,-1,1,1,-1,-1,-1,-1,1,1,1,1,1,-1,1,1,1,1,1,1,-1,-1,1,1,1,-1,1,-1,1,1,1,1,-1,1,-1,-1,1,-1,1,-1,1,-1,-1,1,-1,1,-1,1,-1,-1,1,-1,1,-1,1,1,-1,1,-1,1,1,1,1,-1,1,-1,1,1,1,-1,-1,1,1,-1,1,1,-1,-1,1,-1,1,-1,1,-1,-1,-1,-1,-1,1,1,-1,-1,1,-1,-1,1,1,-1,-1,-1,-1,-1,-1,1,-1,-1,-1,-1,1,1,-1,-1,1,-1,-1,1,-1,1,-1,-1,-1,-1,-1,1,1,1,-1,-1,-1,1,1,1,-1,-1,1,-1,-1,-1,1,-1,1,-1,-1,1,1,1,-1,-1,-1,-1,1,-1,1,1,-1,1,-1,-1,1,1,-1,-1,-1,-1,-1,-1,1,1,-1,-1,1,-1,1,1,-1,-1,-1,1,-1,1,1,-1,-1,1,-1,-1,1,1,1,-1,1,-1,1,1,1,-1,-1,1,-1,-1,1,1,1,-1,1,-1,-1,1,1,-1,1,1,-1,-1,1,1,-1,1,1,-1,-1,1,1,1,1,1,-1,-1,1,1,1,1,1,1,-1,-1,1,1,-1,1,-1,-1,1,-1,1,1,1,1,-1,-1,1,-1,1,1,1,-1,1,1,1,1,-1,1,-1,1,1,1,1,1,1,1,-1,1,1,1,1,-1,1,-1,1,1,1,1,1,-1,1,1,1,1,-1,1,1,-1,1,1,-1,1,1,-1,-1,1,1,1,1,-1,1,-1,1,1,1,-1,-1,1,-1,1,1,1,-1,1,-1,-1,-1,1,1,-1,-1,1,-1,-1,1,1,1,-1,1,-1,-1,1,1,1,-1,1,-1,-1,1,1,-1,-1,-1,1,-1,-1,1,-1,1,1,-1,1,1,-1,-1,1,-1,-1,-1,1,1,-1,1,1,-1,1,1,-1,-1,-1,-1,1,-1,-1,-1,-1,1,-1,-1,1,1,-1,1,1,-1,1,1,1,1,-1,1,-1,1,1,1,1,-1,1,-1,-1,1,1,1,-1,1,-1,1,1,1,1,-1,1,-1,1,1,-1,-1,-1,1,-1,-1,1,1,-1,-1,-1,1,-1,1,-1,1,-1,1,-1,-1,1,-2670.0,1,2000,445,1500,False
1237,1,1,-1,-1,1,-1,-1,-1,1,1,1,-1,1,1,1,1,-1,1,1,-1,-1,-1,1,1,1,1,-1,-1,1,1,1,1,-1,-1,-1,-1,1,-1,1,1,-1,-1,-1,1,1,1,1,-1,1,1,1,1,-1,1,-1,-1,1,-1,1,1,1,-1,-1,-1,1,1,1,1,-1,-1,-1,1,1,1,1,-1,-1,-1,1,1,1,-1,-1,-1,1,1,1,1,-1,1,-1,1,1,1,1,-1,-1,1,1,-1,1,1,-1,-1,1,1,1,1,1,-1,-1,1,1,1,1,1,-1,-1,1,1,1,1,1,1,-1,1,1,1,-1,1,1,-1,1,1,1,1,1,1,-1,-1,1,1,1,1,1,-1,1,1,1,1,1,1,-1,-1,-1,1,1,1,1,-1,1,1,1,1,-1,1,-1,1,-1,1,1,1,-1,-1,1,1,1,1,1,-1,1,-1,-1,1,-1,1,-1,1,1,1,1,1,1,1,1,1,-1,1,-1,1,-1,1,1,-1,1,-1,1,1,-1,1,-1,1,-1,1,-1,1,1,-1,1,-1,1,1,1,1,-1,-1,1,1,-1,-1,1,-1,1,-1,-1,1,-1,1,-1,1,-1,1,-1,1,1,-1,-1,-1,1,1,-1,1,-1,1,1,1,-1,1,1,-1,1,-1,1,-1,1,-1,1,-1,1,1,-1,1,-1,-1,-1,1,1,-1,1,-1,-1,-1,1,1,-1,-1,1,1,-1,-1,1,1,-1,1,1,-1,1,1,1,1,-1,1,-1,1,1,-1,1,-1,1,1,1,1,1,1,1,1,-1,-1,1,-1,-1,1,1,1,-1,1,1,1,-1,1,1,1,1,1,1,1,1,-1,1,1,1,-1,-1,1,-1,1,1,1,-1,1,1,-1,-1,1,1,1,-1,1,-1,1,1,1,-1,1,1,-1,1,1,1,-1,1,1,-1,1,1,1,-1,1,1,-1,-1,1,1,-1,1,1,-1,1,-1,1,-1,1,1,1,-1,1,1,1,-1,1,1,-1,1,1,-1,1,-1,1,-1,-1,-1,-1,1,1,1,-1,1,1,-1,1,1,-1,-1,1,1,1,1,1,-1,1,1,1,-1,1,1,1,-1,-1,1,1,1,-1,1,-1,1,1,1,1,1,1,-1,-1,-1,1,-1,-1,1,-1,1,-1,1,-1,1,1,1,-1,-1,1,-1,-1,1,-1,1,-1,1,1,1,1,1,1,-1,-1,1,-1,1,1,-1,-1,1,1,1,-1,1,-1,-1,-1,1,-1,1,1,-1,-1,1,1,1,1,-1,1,-1,1,-1,-1,1,-1,-1,-1,1,-1,1,1,-1,-1,-1,1,-1,1,1,1,-1,-1,1,-1,-1,1,-1,-1,-1,1,-1,1,1,1,-1,-1,1,-1,-1,1,-1,-1,-1,-1,-1,-1,1,-1,-1,-1,1,-1,-1,1,-1,-1,-1,-1,1,-1,1,-1,-1,1,-1,1,-1,-1,1,1,1,-1,1,-1,1,1,1,1,1,-1,-1,-1,1,-1,-1,1,1,1,-1,1,-1,1,1,1,-1,1,1,-1,1,-1,1,-1,-1,1,-1,-1,1,1,1,-1,1,-1,-1,1,1,-1,-1,1,-1,-1,1,1,-1,-1,1,-1,-1,-1,1,1,-1,1,-1,-1,-1,1,-1,-1,1,-1,1,-1,1,1,-1,-1,1,-1,-1,-1,-1,-1,1,1,1,-1,-1,1,-1,-1,1,-1,-1,1,-1,-1,1,1,-1,-1,1,-1,-1,1,1,-1,1,-1,-1,-1,-1,1,1,-1,-1,-1,-1,-1,1,-1,-1,1,-1,-1,-1,1,1,-1,-1,-1,-1,-1,1,-1,-1,-1,-1,-1,1,1,1,-1,-1,-1,-1,-1,1,1,-1,-1,-1,-1,-1,1,1,1,-1,-1,-1,-1,1,1,-1,-1,-1,-1,1,1,1,1,1,-1,1,1,1,1,1,1,-1,-1,1,1,1,1,-1,-1,1,1,1,1,-1,1,-1,-1,1,-1,1,-1,1,-1,-1,1,-1,1,-1,1,-1,-1,1,-1,1,-1,1,1,-1,1,-1,1,1,1,1,-1,1,-1,1,1,1,-1,-1,1,1,-1,1,1,-1,-1,1,-1,1,-1,1,-1,-1,-1,-1,-1,1,1,-1,-1,1,-1,-1,1,1,-1,-1,-1,-1,-1,-1,1,-1,-1,-1,-1,1,1,-1,-1,1,-1,-1,1,-1,1,-1,-1,-1,-1,-1,1,1,1,-1,-1,-1,1,1,1,-1,-1,1,-1,-1,-1,1,-1,1,-1,-1,1,1,1,-1,-1,-1,-1,1,-1,1,1,-1,1,-1,-1,1,1,-1,-1,-1,-1,-1,-1,1,1,-1,-1,1,-1,1,1,-1,-1,-1,1,-1,1,1,-1,-1,1,-1,-1,1,1,1,-1,1,-1,1,1,1,-1,-1,1,-1,-1,1,1,1,-1,1,-1,-1,1,1,-1,1,1,-1,-1,1,1,-1,1,1,-1,-1,1,1,-1,1,1,-1,-1,1,1,1,1,1,1,-1,-1,1,-1,1,1,-1,-1,1,-1,1,1,1,1,-1,-1,1,-1,1,1,1,-1,1,1,1,1,-1,1,-1,1,1,1,1,1,1,1,-1,1,1,1,1,-1,1,-1,1,1,1,1,1,-1,1,1,1,1,-1,1,1,-1,1,1,-1,1,1,-1,-1,1,1,1,1,-1,1,-1,1,1,1,-1,-1,1,-1,1,1,1,-1,1,-1,-1,-1,1,1,-1,-1,1,-1,-1,1,1,-1,-1,1,-1,-1,1,1,1,-1,1,-1,-1,1,1,-1,-1,-1,1,-1,-1,1,-1,1,1,-1,1,1,-1,-1,1,1,-1,-1,-1,1,-1,1,1,-1,1,1,-1,-1,-1,-1,1,-1,-1,-1,-1,1,-1,-1,1,1,-1,1,1,-1,1,1,1,1,-1,1,-1,1,1,1,1,-1,1,-1,-1,1,1,1,-1,1,-1,1,1,1,1,-1,1,-1,1,1,1,-1,-1,1,-1,-1,1,1,-1,-1,-1,1,-1,1,-1,1,-1,1,-1,-1,1,-2670.0,1,2000,445,1500,False
1238,1,1,-1,-1,1,1,-1,-1,1,1,1,-1,1,1,1,1,-1,1,-1,-1,1,-1,1,1,1,-1,-1,-1,1,1,1,1,-1,-1,-1,-1,1,1,1,1,-1,-1,-1,1,1,1,1,-1,1,1,1,1,-1,1,-1,-1,1,-1,1,1,1,-1,-1,-1,1,1,1,1,-1,-1,-1,1,1,1,1,-1,-1,-1,1,1,1,-1,-1,-1,1,1,1,1,-1,-1,-1,1,1,1,1,-1,-1,1,1,-1,1,1,-1,-1,1,1,1,1,1,-1,-1,1,1,1,1,1,-1,-1,1,1,1,1,1,1,-1,-1,1,1,-1,1,1,-1,1,1,1,1,1,1,-1,-1,1,1,1,1,1,-1,1,1,1,1,1,1,-1,-1,-1,1,1,1,1,-1,1,1,1,1,-1,1,-1,1,-1,1,1,1,-1,-1,1,1,1,1,1,-1,1,-1,-1,1,-1,1,-1,1,1,1,1,1,1,1,1,1,-1,1,-1,1,-1,1,1,-1,1,-1,1,1,-1,1,-1,1,-1,1,-1,1,1,-1,1,-1,1,1,1,1,-1,-1,1,1,-1,-1,1,-1,1,-1,1,1,-1,1,-1,1,-1,1,-1,1,1,-1,-1,-1,1,1,-1,1,-1,1,1,1,-1,1,1,-1,-1,-1,1,-1,1,-1,1,-1,1,1,-1,1,-1,-1,-1,1,1,-1,1,-1,-1,-1,1,1,-1,-1,1,1,-1,-1,1,1,-1,1,1,-1,1,1,1,1,-1,1,-1,1,1,-1,1,-1,1,-1,1,1,1,1,1,1,-1,-1,1,-1,-1,-1,1,1,-1,1,1,1,-1,1,1,1,1,1,1,1,1,-1,1,1,1,-1,-1,1,-1,1,1,1,-1,1,1,-1,-1,1,1,1,-1,1,-1,1,1,1,-1,1,1,-1,1,1,1,-1,1,1,-1,1,1,1,-1,1,1,-1,-1,1,1,-1,1,1,-1,1,-1,1,-1,1,1,1,-1,1,1,1,-1,1,1,-1,1,1,-1,1,1,1,-1,-1,-1,-1,1,1,1,-1,1,1,-1,1,1,-1,-1,1,1,1,1,1,-1,1,1,1,-1,1,1,1,-1,-1,1,1,1,-1,1,-1,1,-1,1,1,1,1,-1,-1,-1,1,-1,-1,1,1,-1,1,1,-1,1,1,1,1,-1,1,-1,-1,1,-1,1,-1,1,1,1,1,1,1,-1,-1,1,-1,1,1,1,-1,1,1,1,-1,1,1,-1,-1,1,-1,1,1,1,-1,1,1,1,1,1,1,-1,1,-1,-1,1,1,-1,1,1,-1,-1,1,1,-1,-1,1,-1,1,1,1,-1,-1,1,-1,-1,1,1,-1,-1,1,-1,1,1,1,1,-1,1,1,-1,-1,1,1,-1,1,-1,1,-1,1,-1,-1,1,-1,-1,1,-1,1,-1,-1,1,-1,1,-1,1,-1,1,1,-1,-1,1,1,1,-1,1,-1,1,-1,1,-1,1,-1,-1,-1,1,-1,-1,1,1,1,-1,1,-1,1,1,1,-1,1,1,-1,1,-1,1,-1,-1,1,-1,-1,1,1,1,-1,1,-1,-1,1,1,-1,-1,1,-1,-1,1,1,-1,-1,1,-1,-1,-1,1,1,-1,1,1,-1,-1,1,-1,-1,1,-1,1,-1,1,1,-1,-1,1,-1,-1,-1,-1,-1,1,1,1,-1,1,1,-1,-1,1,-1,-1,-1,-1,-1,1,1,-1,-1,-1,-1,-1,1,1,-1,1,1,1,-1,-1,1,1,-1,-1,-1,-1,1,1,-1,-1,1,-1,-1,-1,1,1,-1,-1,-1,-1,-1,1,-1,-1,1,-1,-1,1,1,1,-1,1,-1,-1,-1,1,1,-1,-1,-1,-1,-1,1,1,1,-1,-1,-1,-1,1,1,-1,-1,-1,-1,1,1,1,1,-1,-1,1,1,1,1,1,-1,-1,-1,1,1,1,1,1,-1,1,1,1,1,-1,1,-1,-1,1,-1,1,-1,1,-1,-1,1,-1,1,-1,-1,-1,-1,1,-1,1,-1,1,-1,-1,1,-1,1,-1,1,-1,-1,1,-1,1,-1,-1,-1,-1,1,1,-1,-1,-1,-1,-1,1,-1,1,-1,-1,-1,-1,-1,-1,-1,1,-1,-1,-1,1,-1,-1,1,-1,-1,-1,-1,-1,1,1,-1,-1,-1,-1,-1,1,-1,-1,-1,1,-1,-1,1,-1,1,-1,-1,-1,-1,-1,-1,-1,1,-1,-1,-1,1,1,1,-1,-1,-1,1,-1,-1,-1,-1,1,-1,-1,1,-1,1,-1,-1,-1,-1,1,-1,1,1,-1,1,-1,-1,1,1,-1,-1,-1,-1,-1,-1,1,1,-1,-1,1,-1,1,1,-1,-1,-1,1,-1,1,1,-1,-1,1,-1,-1,1,1,1,-1,1,-1,1,1,1,-1,-1,1,-1,-1,1,1,1,-1,1,-1,-1,1,1,-1,1,1,-1,-1,1,1,-1,1,1,-1,-1,1,1,-1,1,1,-1,-1,1,1,1,1,1,1,-1,1,1,1,-1,1,-1,-1,1,-1,1,1,1,1,-1,-1,1,-1,1,1,1,-1,1,-1,1,1,-1,1,-1,1,1,1,1,1,1,1,-1,-1,1,1,1,-1,1,-1,1,1,1,1,1,-1,1,-1,1,1,-1,1,1,-1,1,1,-1,1,1,-1,-1,1,1,1,1,-1,1,-1,-1,1,1,-1,-1,1,-1,1,1,1,-1,1,-1,-1,-1,1,1,-1,-1,1,-1,-1,1,1,1,-1,1,-1,-1,1,1,1,-1,1,-1,-1,1,1,-1,-1,-1,1,-1,1,1,-1,1,1,-1,1,1,-1,-1,1,1,-1,-1,1,1,-1,1,1,-1,1,1,-1,-1,-1,-1,1,-1,-1,-1,-1,1,-1,-1,1,1,-1,1,1,-1,1,1,1,1,-1,1,-1,1,1,1,1,-1,1,-1,-1,1,1,1,-1,1,-1,1,1,1,1,-1,1,-1,1,1,-1,-1,-1,1,-1,-1,1,1,-1,-1,-1,1,-1,1,-1,1,-1,1,-1,-1,1,-2670.0,1,2000,445,1500,False
1239,1,1,-1,-1,1,1,-1,-1,1,1,1,-1,-1,1,1,1,-1,1,-1,-1,-1,-1,1,1,1,-1,-1,-1,1,1,1,1,1,-1,-1,-1,1,1,1,1,-1,-1,-1,1,1,1,1,-1,1,1,1,1,-1,1,-1,-1,1,-1,1,1,1,-1,-1,-1,1,1,1,1,-1,-1,-1,1,1,1,1,-1,-1,-1,1,1,1,-1,-1,-1,1,1,1,1,-1,-1,-1,1,1,1,1,-1,-1,1,1,-1,1,1,-1,-1,1,1,1,1,1,-1,-1,1,1,-1,1,1,-1,-1,1,1,1,1,1,1,-1,-1,1,1,-1,1,1,-1,1,1,1,1,1,1,-1,-1,1,1,1,1,1,-1,1,1,1,1,1,1,-1,-1,-1,1,1,1,1,-1,1,1,1,1,-1,1,-1,1,-1,1,1,1,-1,-1,1,1,1,1,1,-1,1,-1,-1,1,-1,1,-1,1,1,1,1,1,1,1,1,1,-1,1,-1,1,-1,1,1,-1,1,-1,1,1,-1,1,-1,1,-1,1,-1,1,1,-1,-1,-1,1,1,1,1,-1,-1,1,1,-1,-1,1,-1,1,-1,-1,1,-1,1,-1,1,-1,1,-1,-1,1,-1,-1,-1,1,1,-1,1,-1,1,1,1,-1,1,1,-1,-1,-1,1,-1,1,-1,1,-1,1,1,-1,1,-1,-1,-1,1,1,-1,1,-1,-1,-1,1,1,-1,-1,1,1,-1,-1,1,1,-1,1,1,-1,1,1,1,1,-1,1,-1,1,1,-1,1,-1,1,1,1,1,1,1,1,1,-1,-1,1,-1,-1,-1,1,1,-1,1,1,1,-1,1,-1,-1,1,1,1,1,1,-1,1,1,1,-1,1,1,-1,1,1,1,-1,1,1,-1,-1,1,1,1,-1,1,-1,1,1,1,-1,1,1,-1,1,1,1,-1,1,-1,-1,1,1,1,-1,1,-1,-1,-1,1,1,-1,1,-1,-1,1,-1,1,-1,1,1,-1,-1,1,1,1,-1,1,-1,-1,1,1,-1,1,-1,1,-1,-1,-1,-1,1,1,-1,-1,1,1,-1,1,1,-1,-1,1,1,1,1,1,-1,1,1,1,-1,1,-1,-1,-1,-1,1,1,1,1,-1,-1,1,1,1,1,-1,-1,-1,-1,-1,1,-1,-1,-1,1,-1,1,1,-1,1,-1,1,1,-1,1,-1,1,-1,-1,1,-1,1,1,1,-1,1,1,-1,-1,1,1,-1,-1,1,-1,1,1,1,1,-1,1,-1,-1,1,1,-1,1,1,-1,1,1,1,-1,1,1,-1,1,-1,-1,-1,1,-1,-1,1,-1,-1,-1,1,-1,-1,1,-1,1,-1,1,-1,-1,1,1,-1,-1,1,-1,-1,1,-1,-1,-1,1,1,-1,1,-1,-1,-1,1,1,-1,-1,-1,1,-1,1,-1,-1,1,-1,-1,1,-1,1,-1,-1,1,-1,1,-1,1,-1,-1,1,-1,-1,1,1,1,-1,1,-1,1,-1,-1,-1,1,-1,-1,-1,1,-1,-1,-1,1,1,-1,1,-1,1,-1,1,-1,1,1,-1,1,1,1,-1,-1,1,-1,1,-1,1,1,-1,1,-1,-1,1,1,-1,-1,1,-1,-1,-1,1,-1,-1,1,-1,1,1,1,1,-1,1,-1,-1,1,1,-1,-1,1,-1,-1,-1,1,1,-1,-1,1,1,-1,-1,-1,-1,1,1,1,1,1,1,-1,-1,1,1,1,-1,-1,-1,1,1,1,1,-1,1,-1,1,-1,1,-1,1,1,-1,-1,1,1,1,-1,-1,-1,1,1,1,1,1,-1,-1,-1,1,1,1,-1,-1,-1,-1,1,1,1,1,-1,-1,-1,1,1,1,1,-1,-1,1,1,1,1,1,-1,-1,-1,1,1,-1,1,-1,-1,-1,1,1,1,1,-1,-1,1,-1,1,1,1,-1,1,1,-1,1,1,-1,-1,-1,1,1,1,1,1,-1,1,1,1,1,1,1,-1,-1,1,-1,1,-1,1,-1,-1,1,-1,1,-1,-1,-1,-1,1,-1,1,1,-1,-1,-1,1,-1,1,-1,1,-1,-1,1,-1,1,-1,-1,-1,-1,1,1,-1,-1,-1,-1,-1,1,-1,1,-1,-1,-1,-1,-1,-1,-1,1,-1,-1,-1,1,-1,-1,1,-1,-1,-1,-1,-1,1,1,-1,-1,-1,-1,-1,1,-1,-1,-1,1,-1,-1,1,-1,1,-1,-1,-1,-1,-1,-1,-1,1,-1,-1,-1,1,1,-1,-1,-1,1,-1,-1,-1,-1,-1,1,-1,-1,1,1,1,-1,-1,-1,-1,1,-1,1,1,-1,1,-1,-1,1,1,-1,-1,-1,-1,-1,-1,1,1,-1,-1,1,-1,1,1,-1,-1,-1,1,-1,1,1,-1,-1,1,-1,-1,1,1,1,-1,1,-1,1,1,1,-1,-1,1,-1,-1,1,1,1,-1,1,-1,-1,1,1,-1,1,1,-1,-1,1,1,-1,1,1,-1,-1,1,1,1,1,1,-1,-1,1,1,1,1,-1,1,-1,-1,1,1,-1,1,-1,-1,1,-1,1,1,1,1,-1,-1,1,-1,1,1,1,-1,1,1,1,1,-1,1,-1,1,1,1,1,1,1,1,-1,1,1,1,1,-1,1,-1,1,1,1,1,1,-1,1,1,1,1,-1,1,1,-1,1,1,-1,1,1,-1,-1,1,1,1,1,-1,1,-1,1,1,1,-1,-1,1,-1,1,1,1,-1,1,-1,-1,-1,1,1,-1,-1,1,-1,-1,1,1,-1,-1,1,-1,-1,1,1,1,-1,1,-1,-1,1,1,-1,-1,-1,1,-1,1,1,-1,1,1,-1,1,1,-1,-1,1,1,-1,-1,1,1,-1,1,1,-1,1,1,-1,-1,-1,-1,1,-1,-1,-1,-1,1,-1,-1,1,1,-1,1,1,-1,1,1,1,1,-1,1,-1,1,1,1,1,-1,1,-1,-1,1,1,1,-1,1,-1,1,1,1,1,-1,1,-1,1,1,1,-1,-1,1,-1,-1,1,1,-1,-1,-1,1,-1,1,-1,1,-1,1,-1,-1,1,-2670.0,1,2000,445,1500,False
1240,1,1,-1,-1,1,1,-1,-1,1,1,1,-1,-1,1,1,1,-1,1,-1,-1,-1,-1,1,1,1,-1,-1,-1,1,1,1,1,1,-1,-1,-1,1,1,1,1,-1,-1,-1,1,1,1,1,-1,1,1,1,1,-1,1,-1,-1,1,-1,1,1,-1,-1,-1,-1,1,1,1,1,-1,-1,-1,1,1,1,1,-1,-1,-1,1,1,1,-1,-1,-1,1,1,1,1,-1,-1,1,1,1,1,1,-1,-1,-1,1,-1,1,1,-1,-1,1,1,1,1,1,-1,-1,-1,1,1,1,1,-1,-1,1,1,1,1,1,1,-1,-1,1,1,-1,1,1,-1,1,1,1,1,1,1,-1,1,1,1,1,1,1,-1,1,1,1,1,1,1,-1,-1,-1,1,1,1,1,-1,1,1,1,1,-1,1,-1,1,-1,1,1,1,-1,-1,1,1,1,1,1,-1,1,-1,-1,1,-1,1,-1,1,1,1,1,1,1,1,1,1,-1,1,-1,1,-1,1,1,-1,1,-1,1,1,-1,1,-1,1,-1,1,-1,1,1,-1,-1,-1,1,1,1,1,-1,-1,1,1,-1,-1,1,-1,1,-1,-1,1,-1,1,-1,1,-1,1,-1,1,1,-1,-1,-1,1,1,-1,1,-1,1,1,1,-1,1,-1,-1,1,-1,1,-1,1,1,1,-1,1,1,-1,1,-1,-1,-1,1,1,-1,1,-1,-1,-1,1,1,-1,-1,1,1,-1,-1,1,1,-1,1,1,-1,1,1,1,1,-1,1,-1,1,1,-1,1,-1,1,1,1,1,1,1,1,1,-1,-1,1,-1,-1,1,1,1,-1,1,1,1,-1,1,1,1,1,1,1,1,1,-1,1,1,1,-1,1,1,-1,1,1,1,-1,1,1,-1,-1,1,1,1,-1,1,-1,1,1,1,-1,1,1,-1,1,1,1,-1,1,1,-1,1,1,1,-1,1,1,-1,-1,1,1,-1,1,1,-1,1,-1,1,-1,1,-1,1,-1,1,1,1,-1,-1,1,-1,1,1,-1,1,1,1,-1,-1,-1,-1,1,-1,1,-1,1,1,-1,1,1,-1,-1,1,1,1,1,1,-1,1,1,1,-1,1,1,1,-1,-1,1,1,-1,-1,1,-1,1,-1,1,-1,1,1,-1,-1,-1,1,-1,1,1,1,-1,1,1,-1,1,1,1,1,-1,1,-1,-1,1,-1,1,-1,1,-1,-1,1,1,1,-1,-1,1,-1,1,1,1,-1,1,1,1,-1,1,1,-1,1,-1,-1,1,1,1,-1,1,-1,1,1,1,1,-1,1,-1,-1,1,1,-1,1,1,-1,-1,1,1,-1,-1,1,-1,1,1,1,-1,1,-1,1,-1,1,1,-1,-1,1,-1,1,1,1,1,-1,1,-1,-1,-1,1,1,-1,1,-1,1,-1,1,-1,-1,1,-1,-1,1,-1,1,-1,-1,1,-1,1,-1,1,-1,-1,1,-1,-1,1,1,1,-1,1,-1,1,-1,-1,-1,1,-1,-1,-1,1,-1,1,1,1,1,-1,1,-1,-1,1,1,-1,1,1,-1,-1,-1,1,-1,-1,1,-1,-1,1,1,1,-1,1,-1,-1,1,1,-1,-1,1,-1,1,1,1,-1,-1,1,-1,-1,-1,1,1,-1,1,1,-1,-1,1,-1,-1,1,-1,1,1,1,1,-1,-1,1,-1,-1,-1,-1,-1,1,1,1,-1,1,1,-1,-1,1,-1,-1,-1,-1,-1,1,1,-1,-1,-1,-1,-1,1,1,-1,1,1,1,-1,-1,1,1,-1,-1,-1,-1,1,1,-1,-1,1,-1,-1,-1,1,1,-1,-1,-1,-1,-1,1,-1,-1,1,-1,-1,-1,1,1,-1,1,-1,-1,1,1,1,-1,-1,-1,-1,-1,1,1,1,-1,-1,-1,-1,1,1,-1,-1,-1,-1,1,1,1,1,-1,-1,1,1,1,1,1,-1,-1,-1,1,1,1,-1,1,-1,1,1,1,1,-1,1,-1,-1,1,-1,1,-1,1,-1,-1,1,-1,1,-1,-1,-1,-1,1,-1,1,-1,1,-1,-1,1,-1,1,-1,1,-1,-1,1,-1,1,-1,-1,-1,-1,1,1,-1,-1,-1,-1,-1,1,-1,1,-1,-1,-1,-1,-1,-1,-1,1,-1,-1,-1,1,-1,-1,1,-1,-1,-1,-1,-1,-1,1,-1,-1,-1,-1,-1,1,-1,-1,-1,1,-1,-1,1,-1,1,-1,-1,-1,-1,-1,-1,-1,1,-1,-1,-1,1,1,-1,-1,-1,1,1,-1,-1,-1,-1,1,-1,-1,1,1,1,-1,-1,-1,-1,1,-1,1,1,-1,1,-1,-1,1,1,-1,-1,-1,-1,-1,-1,1,1,-1,-1,1,-1,1,1,-1,-1,-1,1,-1,1,1,-1,-1,1,-1,-1,1,1,1,-1,1,-1,1,1,1,-1,-1,1,-1,-1,1,1,1,-1,1,-1,-1,1,1,-1,1,1,-1,-1,1,1,1,1,1,-1,-1,1,1,1,1,1,-1,-1,1,1,1,1,1,1,-1,1,1,1,-1,1,-1,-1,1,-1,1,1,1,1,-1,-1,1,-1,1,1,1,-1,1,1,1,1,-1,1,-1,1,1,1,1,1,1,1,-1,-1,1,1,1,-1,1,-1,1,1,1,1,1,-1,1,1,1,1,-1,1,1,-1,-1,1,-1,1,1,-1,-1,1,1,1,1,-1,1,-1,1,1,1,-1,-1,1,-1,1,1,1,-1,1,-1,-1,-1,1,1,-1,-1,1,-1,-1,1,1,-1,-1,1,-1,1,1,1,1,-1,-1,-1,-1,1,1,-1,-1,-1,1,1,1,1,-1,1,1,-1,1,1,-1,-1,1,1,-1,-1,1,1,-1,1,1,1,1,1,-1,-1,-1,-1,1,-1,-1,-1,-1,-1,1,1,1,1,-1,1,1,-1,1,1,1,1,-1,1,-1,1,1,1,-1,-1,1,-1,1,1,1,-1,1,1,-1,1,1,1,-1,-1,1,-1,1,1,1,1,-1,1,-1,1,1,1,1,-1,1,1,-1,1,-1,1,-1,1,-1,1,1,-2670.0,1,2000,445,1500,False
1241,1,1,-1,-1,1,1,-1,-1,1,1,1,-1,-1,1,1,1,-1,1,-1,-1,-1,-1,1,1,1,-1,-1,-1,1,1,1,1,1,-1,-1,-1,1,1,1,1,-1,-1,-1,1,1,1,1,-1,1,1,1,1,-1,1,-1,-1,1,-1,1,1,-1,-1,-1,-1,1,1,1,1,-1,-1,-1,1,1,1,1,-1,-1,-1,1,1,1,-1,-1,-1,1,1,1,1,-1,-1,-1,1,1,1,1,-1,-1,1,1,-1,1,1,-1,-1,1,1,1,1,1,-1,-1,1,1,-1,1,1,-1,-1,1,1,1,1,1,1,-1,1,1,1,-1,1,1,-1,1,1,1,1,1,1,-1,-1,1,1,1,1,1,-1,1,1,1,1,1,1,-1,-1,-1,1,1,1,1,-1,1,1,1,1,-1,1,-1,1,1,1,1,1,-1,-1,1,1,1,1,1,-1,1,-1,-1,1,-1,1,-1,1,1,1,1,1,1,1,1,1,-1,1,-1,1,-1,1,1,-1,1,-1,1,1,-1,1,-1,1,-1,1,-1,1,1,-1,1,-1,1,1,1,1,-1,-1,1,1,-1,-1,1,-1,1,-1,1,1,-1,1,-1,1,-1,1,-1,-1,1,-1,-1,-1,1,1,-1,1,-1,1,1,1,-1,1,1,-1,1,-1,1,-1,1,-1,1,-1,1,1,-1,1,-1,-1,-1,1,1,-1,1,-1,-1,-1,1,1,-1,-1,1,1,-1,-1,1,1,-1,1,1,-1,1,1,1,1,-1,1,-1,1,1,-1,1,-1,1,-1,1,1,1,1,1,1,-1,-1,1,-1,-1,-1,1,1,-1,1,1,1,-1,1,1,1,1,1,1,1,1,-1,1,1,1,-1,-1,1,-1,1,1,1,-1,1,1,-1,-1,1,1,1,-1,1,-1,1,1,1,-1,1,1,-1,1,1,1,-1,1,1,-1,1,1,1,-1,1,1,-1,-1,1,1,-1,1,1,-1,1,-1,1,-1,1,1,1,-1,1,1,1,1,1,1,-1,1,1,-1,1,1,1,-1,-1,-1,-1,1,1,1,-1,1,1,-1,1,1,-1,-1,1,1,1,1,1,-1,1,1,1,-1,1,1,1,1,-1,1,1,1,-1,1,-1,1,1,1,1,1,1,-1,-1,-1,1,-1,-1,1,-1,1,-1,1,1,1,1,1,-1,-1,1,-1,-1,1,-1,1,-1,1,1,1,1,1,1,-1,-1,1,-1,1,1,-1,-1,1,1,1,-1,1,-1,-1,-1,1,-1,1,1,-1,-1,1,1,1,1,-1,1,-1,1,-1,-1,1,-1,-1,-1,1,-1,1,1,-1,-1,-1,1,-1,1,1,1,-1,-1,1,-1,-1,1,-1,-1,-1,1,-1,1,1,1,-1,-1,1,1,-1,1,-1,-1,-1,-1,-1,-1,1,-1,-1,-1,1,-1,-1,1,-1,-1,-1,-1,1,-1,1,-1,-1,-1,-1,1,-1,-1,1,1,1,-1,1,-1,1,-1,1,1,1,-1,-1,-1,1,-1,-1,1,1,1,-1,1,-1,1,1,1,-1,1,1,-1,1,-1,1,-1,1,1,-1,-1,1,1,1,-1,1,-1,-1,1,1,-1,-1,1,-1,-1,1,1,-1,-1,1,-1,-1,-1,1,1,-1,1,1,-1,-1,1,-1,-1,1,-1,1,-1,1,1,-1,-1,1,-1,-1,-1,-1,-1,-1,1,1,-1,-1,1,-1,1,1,-1,-1,1,-1,-1,1,1,-1,-1,1,1,-1,1,1,-1,1,-1,1,-1,-1,1,1,-1,-1,-1,-1,-1,1,-1,-1,1,-1,-1,-1,1,1,-1,-1,-1,-1,-1,1,-1,-1,-1,-1,-1,1,1,1,-1,-1,-1,-1,-1,1,1,-1,-1,-1,-1,-1,1,1,1,-1,-1,-1,-1,1,1,-1,-1,-1,-1,1,1,1,1,1,-1,1,1,1,1,1,1,-1,-1,1,1,1,-1,-1,-1,1,1,1,1,-1,1,-1,-1,1,-1,1,-1,1,-1,-1,1,-1,1,-1,1,-1,-1,1,-1,1,-1,1,-1,-1,1,-1,1,1,1,-1,-1,1,-1,1,1,1,-1,-1,1,1,-1,1,1,-1,-1,1,-1,1,-1,1,-1,-1,-1,-1,-1,1,1,-1,-1,1,-1,-1,1,1,-1,-1,-1,-1,-1,-1,1,-1,-1,-1,-1,-1,1,-1,-1,1,-1,-1,1,-1,1,-1,-1,-1,-1,-1,1,1,1,-1,-1,-1,1,1,1,-1,-1,-1,1,-1,-1,1,-1,1,-1,-1,1,1,1,-1,-1,-1,-1,1,-1,1,1,-1,1,-1,-1,1,1,-1,-1,-1,-1,-1,-1,1,1,-1,-1,1,-1,1,1,-1,-1,-1,1,-1,1,1,-1,-1,1,-1,-1,1,1,1,-1,1,-1,1,1,1,-1,-1,1,-1,-1,1,1,1,-1,1,-1,-1,1,1,-1,1,1,-1,-1,1,1,1,1,1,-1,-1,1,1,1,1,1,-1,-1,1,1,1,1,-1,1,-1,-1,1,1,-1,1,-1,-1,1,-1,1,1,1,1,-1,-1,1,-1,1,1,1,-1,1,1,1,1,-1,1,-1,1,1,1,1,1,1,1,-1,1,1,1,1,-1,1,-1,1,1,1,1,1,-1,1,1,1,1,-1,1,1,-1,1,1,-1,1,1,-1,-1,1,1,1,1,-1,1,-1,1,1,1,-1,-1,1,-1,1,1,1,-1,1,-1,-1,-1,1,1,-1,-1,1,-1,-1,1,1,-1,-1,1,-1,-1,1,1,1,-1,-1,-1,-1,1,1,-1,-1,-1,1,-1,1,1,-1,1,1,-1,1,1,-1,-1,1,-1,-1,-1,1,1,-1,1,1,-1,1,1,-1,-1,-1,-1,1,-1,-1,-1,-1,1,-1,-1,1,1,-1,1,1,-1,1,1,1,1,-1,1,-1,1,1,1,1,-1,1,-1,-1,1,1,1,-1,1,-1,1,1,1,1,-1,1,-1,1,1,1,-1,-1,1,-1,-1,1,1,-1,-1,-1,1,-1,1,1,1,-1,1,-1,-1,1,-2670.0,1,2000,445,1500,False
1242,1,1,-1,-1,1,-1,-1,-1,1,1,1,-1,1,1,1,1,-1,1,-1,-1,-1,-1,1,1,1,-1,1,-1,1,1,1,1,1,-1,-1,-1,1,-1,1,1,-1,-1,-1,1,1,1,1,-1,1,1,1,1,-1,1,-1,-1,1,-1,1,1,1,-1,-1,-1,1,1,1,1,-1,-1,-1,1,1,1,1,-1,-1,-1,1,1,1,-1,-1,-1,1,1,1,1,-1,-1,-1,1,1,1,1,-1,-1,1,1,-1,1,1,-1,-1,1,1,1,1,1,-1,-1,1,1,1,1,1,-1,-1,1,1,1,1,1,1,-1,-1,1,1,-1,1,1,-1,1,1,1,1,1,1,-1,-1,1,1,1,1,1,-1,1,1,1,1,1,1,-1,-1,-1,1,1,1,1,-1,1,1,1,1,-1,1,-1,1,1,1,1,1,-1,-1,1,1,1,1,1,-1,1,-1,-1,1,-1,1,-1,1,1,1,1,1,1,1,1,1,-1,1,-1,1,-1,1,1,-1,1,-1,1,1,-1,1,-1,1,-1,1,-1,1,1,-1,1,-1,1,1,1,1,-1,-1,1,1,-1,-1,1,-1,1,-1,1,1,-1,1,-1,1,-1,1,-1,-1,1,-1,-1,-1,1,1,-1,1,-1,1,1,1,-1,1,1,-1,1,-1,1,-1,1,-1,1,-1,1,1,-1,1,-1,-1,-1,1,1,-1,1,-1,-1,-1,1,1,-1,-1,1,1,-1,-1,1,1,-1,1,1,-1,1,1,1,1,-1,1,-1,1,1,-1,1,-1,1,-1,1,1,1,1,1,1,-1,-1,1,-1,-1,-1,1,1,-1,1,1,1,-1,1,1,1,1,1,1,1,1,-1,1,1,1,-1,1,1,-1,1,1,1,-1,1,1,-1,-1,1,1,1,-1,1,-1,1,1,1,-1,1,1,-1,1,1,1,-1,1,1,-1,1,1,1,-1,1,1,-1,-1,1,1,-1,1,1,-1,1,-1,1,-1,1,1,1,-1,1,1,1,-1,1,1,-1,1,1,-1,1,-1,1,-1,-1,-1,-1,1,1,1,-1,1,1,-1,1,1,-1,-1,1,1,1,1,1,-1,1,1,1,-1,1,1,1,1,-1,1,1,-1,-1,1,-1,1,1,1,-1,1,1,-1,-1,-1,1,-1,-1,1,-1,1,-1,1,-1,1,1,1,-1,-1,1,-1,-1,1,-1,1,-1,1,1,-1,1,1,1,-1,-1,1,-1,1,1,-1,-1,1,1,1,-1,1,-1,-1,-1,1,-1,1,1,-1,-1,1,1,1,1,-1,1,-1,1,-1,1,1,-1,1,-1,1,-1,1,1,-1,-1,-1,1,-1,1,1,1,-1,-1,1,-1,-1,1,-1,-1,-1,1,-1,1,1,1,-1,-1,1,-1,-1,1,-1,-1,-1,-1,-1,-1,1,-1,-1,-1,1,-1,-1,1,-1,-1,-1,-1,1,-1,1,-1,-1,1,-1,1,-1,-1,1,1,1,-1,1,-1,1,1,1,-1,1,-1,-1,-1,1,-1,-1,1,1,1,-1,1,-1,1,1,1,-1,1,1,-1,1,-1,1,-1,1,1,-1,-1,1,1,1,-1,1,-1,-1,1,1,-1,-1,1,-1,-1,1,1,-1,-1,1,-1,-1,-1,1,1,-1,1,1,-1,-1,1,-1,-1,1,-1,1,-1,1,1,-1,-1,1,-1,-1,-1,-1,-1,-1,1,1,-1,-1,1,-1,1,1,-1,-1,1,-1,-1,1,1,-1,-1,1,-1,-1,1,1,-1,1,-1,-1,-1,-1,1,1,-1,-1,-1,-1,-1,1,-1,-1,1,-1,-1,-1,1,1,-1,-1,-1,-1,-1,1,-1,-1,-1,-1,-1,1,1,1,-1,-1,-1,-1,-1,1,1,-1,-1,-1,-1,-1,1,1,1,-1,-1,-1,-1,1,1,-1,-1,-1,-1,1,1,1,1,1,-1,1,1,1,1,1,1,-1,-1,1,1,1,1,-1,-1,1,1,1,1,-1,1,-1,-1,1,-1,1,-1,1,-1,-1,1,-1,1,1,1,-1,-1,1,-1,1,-1,1,1,-1,1,-1,1,1,1,1,-1,1,-1,1,1,1,-1,-1,1,1,-1,1,1,-1,-1,1,-1,1,-1,1,-1,-1,-1,-1,-1,1,1,-1,-1,1,-1,-1,1,1,-1,-1,-1,-1,1,-1,1,-1,-1,-1,-1,1,1,-1,-1,1,-1,-1,1,-1,1,-1,-1,-1,-1,-1,1,1,1,-1,-1,-1,1,1,1,-1,-1,-1,1,-1,-1,1,-1,1,-1,-1,1,1,1,-1,-1,-1,-1,1,-1,1,1,-1,1,-1,-1,1,1,-1,-1,-1,-1,-1,-1,1,1,-1,-1,1,-1,1,1,-1,-1,-1,1,-1,1,1,-1,-1,1,-1,-1,1,1,1,-1,1,-1,1,1,1,-1,-1,1,-1,-1,1,1,1,-1,1,-1,-1,1,1,-1,1,1,-1,-1,1,1,1,1,1,-1,-1,1,1,1,1,1,-1,-1,1,1,1,1,-1,1,-1,-1,1,1,-1,1,-1,-1,1,-1,1,1,1,1,-1,-1,1,-1,1,1,1,-1,1,1,1,1,-1,1,-1,1,1,1,1,1,1,1,-1,1,1,1,1,-1,1,-1,1,1,1,1,1,-1,1,1,1,1,-1,1,1,-1,1,1,-1,1,1,-1,-1,1,1,1,1,-1,1,-1,1,1,1,-1,-1,1,-1,1,1,1,-1,1,-1,-1,-1,1,1,-1,-1,1,-1,-1,1,1,-1,-1,1,-1,-1,1,1,1,-1,1,-1,-1,1,1,-1,-1,-1,1,-1,-1,1,-1,1,1,-1,1,1,-1,-1,1,1,-1,-1,1,1,-1,1,1,-1,1,1,-1,-1,-1,-1,1,-1,-1,-1,-1,-1,1,-1,1,1,-1,1,1,-1,1,1,1,1,-1,1,-1,1,1,1,1,-1,1,-1,-1,1,1,1,-1,1,-1,1,1,1,1,-1,1,-1,1,1,1,-1,-1,1,-1,-1,1,1,-1,-1,-1,1,-1,1,1,1,-1,1,-1,1,1,-2670.0,1,2000,445,1500,False
1243,1,1,-1,-1,1,1,-1,-1,1,1,1,-1,-1,1,1,1,-1,1,-1,-1,-1,-1,1,1,1,-1,-1,-1,1,1,1,1,-1,-1,-1,-1,1,-1,1,1,-1,-1,-1,1,1,1,1,-1,1,1,1,1,-1,1,-1,-1,1,-1,1,1,1,-1,-1,-1,1,1,1,1,-1,-1,-1,1,1,1,1,-1,-1,-1,1,1,1,-1,-1,-1,1,1,1,1,-1,-1,-1,1,1,1,1,-1,-1,1,1,-1,1,1,-1,-1,1,1,1,1,1,-1,-1,1,1,1,1,1,-1,-1,1,1,1,1,1,1,-1,-1,1,1,-1,1,1,-1,1,1,1,1,1,1,-1,-1,1,1,1,1,1,-1,1,1,1,1,1,1,-1,-1,-1,1,1,1,1,-1,1,1,1,1,-1,1,-1,1,-1,1,1,1,-1,-1,1,1,1,1,1,-1,1,-1,-1,1,-1,1,-1,1,1,1,1,1,1,1,1,1,-1,1,-1,1,-1,1,1,-1,1,-1,1,1,-1,1,-1,1,-1,1,-1,1,1,-1,-1,-1,1,1,1,1,-1,-1,1,1,-1,-1,1,-1,1,-1,-1,1,-1,1,-1,1,-1,1,-1,1,1,-1,-1,-1,1,1,-1,1,-1,1,1,1,-1,1,1,-1,1,-1,1,-1,1,-1,1,-1,1,1,-1,1,-1,-1,-1,1,1,-1,1,-1,-1,-1,1,1,-1,-1,1,1,-1,-1,1,1,-1,1,1,-1,1,1,1,1,-1,1,-1,1,1,-1,1,-1,1,1,-1,1,1,1,1,1,-1,-1,1,-1,-1,-1,1,1,-1,1,1,1,-1,1,-1,-1,1,1,1,1,1,-1,1,1,1,-1,1,1,-1,1,1,1,-1,1,1,-1,-1,1,1,1,-1,1,-1,1,1,1,-1,1,1,-1,1,1,1,-1,1,-1,-1,1,1,1,-1,1,-1,-1,-1,1,1,-1,1,-1,-1,1,-1,1,-1,1,1,-1,-1,1,1,1,-1,1,-1,-1,1,1,-1,1,-1,-1,-1,-1,-1,-1,1,1,-1,-1,1,1,-1,1,-1,-1,-1,1,1,1,1,-1,-1,1,1,1,-1,1,-1,-1,-1,-1,1,1,-1,1,-1,-1,1,-1,1,-1,-1,-1,-1,-1,-1,1,-1,1,-1,1,-1,1,1,-1,-1,-1,1,1,-1,1,-1,1,-1,-1,1,-1,1,-1,-1,-1,-1,1,-1,-1,1,1,-1,-1,1,-1,1,1,-1,1,-1,1,-1,1,-1,1,-1,1,1,-1,1,-1,-1,-1,1,1,-1,1,-1,1,-1,1,-1,1,1,1,1,-1,1,-1,-1,1,-1,-1,-1,1,-1,1,-1,1,1,-1,1,-1,-1,1,-1,-1,1,-1,1,-1,1,-1,1,-1,1,1,-1,-1,-1,1,-1,1,-1,-1,1,-1,1,1,-1,1,-1,-1,1,1,-1,-1,1,-1,-1,1,1,1,1,1,1,-1,1,1,1,-1,-1,-1,1,-1,-1,-1,1,-1,1,1,1,1,-1,1,-1,1,-1,-1,-1,1,1,-1,1,1,-1,-1,-1,1,-1,1,1,-1,1,-1,1,-1,-1,-1,-1,-1,-1,1,-1,-1,-1,-1,-1,-1,1,-1,1,1,1,1,-1,1,-1,1,1,-1,-1,-1,1,-1,-1,1,-1,1,-1,-1,1,1,1,1,-1,-1,1,1,1,1,-1,1,-1,-1,1,1,1,-1,-1,-1,1,1,1,1,-1,-1,-1,1,-1,1,-1,1,-1,-1,-1,1,1,1,-1,-1,-1,-1,1,1,1,1,-1,-1,-1,1,1,1,1,-1,-1,-1,1,1,1,-1,-1,-1,-1,1,1,1,1,-1,-1,1,1,1,1,-1,-1,-1,-1,1,1,-1,1,-1,-1,-1,1,1,1,1,-1,-1,1,1,1,1,1,-1,1,1,-1,1,1,-1,-1,-1,1,1,1,1,1,-1,1,1,1,1,1,1,-1,-1,1,-1,1,-1,1,-1,-1,1,-1,1,1,-1,-1,-1,1,-1,1,1,-1,1,-1,1,1,1,-1,1,1,-1,1,-1,1,-1,-1,-1,-1,1,1,-1,-1,-1,-1,-1,1,-1,1,-1,-1,-1,-1,-1,-1,-1,1,-1,-1,-1,1,-1,-1,1,-1,-1,-1,-1,-1,-1,1,-1,-1,-1,-1,-1,1,-1,-1,-1,1,-1,-1,1,-1,1,-1,-1,-1,-1,-1,-1,-1,1,-1,-1,-1,1,1,-1,-1,-1,1,1,-1,-1,-1,-1,1,-1,-1,1,1,1,-1,-1,-1,-1,1,-1,1,1,-1,1,-1,-1,1,1,-1,-1,-1,-1,-1,-1,1,1,-1,-1,1,-1,1,1,-1,-1,-1,1,-1,1,1,-1,-1,1,-1,-1,1,1,1,-1,1,-1,1,1,1,-1,-1,1,-1,-1,1,1,1,-1,1,-1,-1,1,1,-1,1,1,-1,-1,1,1,-1,1,1,-1,-1,1,1,-1,1,1,-1,-1,1,1,1,1,1,1,-1,1,1,1,-1,1,-1,-1,1,-1,1,1,1,1,-1,-1,1,-1,1,1,1,-1,1,1,1,1,-1,1,-1,1,1,1,1,1,1,1,-1,1,1,1,1,-1,1,-1,1,1,1,1,1,-1,1,1,1,1,-1,1,1,-1,1,1,-1,1,1,-1,-1,1,1,1,1,-1,1,-1,1,1,1,-1,-1,1,-1,1,1,1,-1,1,-1,-1,-1,1,1,-1,-1,1,-1,-1,1,1,1,-1,1,-1,1,1,1,1,-1,-1,-1,-1,1,1,-1,-1,-1,1,1,1,1,-1,1,1,-1,1,1,-1,-1,1,1,-1,-1,1,1,-1,1,1,1,1,1,-1,-1,-1,-1,-1,-1,-1,-1,-1,-1,1,1,1,1,-1,1,1,-1,1,1,1,1,-1,1,-1,1,1,1,1,-1,1,-1,1,1,1,1,-1,1,-1,1,1,1,1,-1,1,-1,1,1,1,-1,-1,1,-1,1,1,1,-1,-1,-1,1,-1,1,1,1,-1,1,-1,1,1,-2670.0,1,2000,445,1500,False
1244,1,1,-1,-1,1,1,-1,-1,1,1,1,-1,1,1,1,1,-1,1,-1,-1,1,-1,1,1,1,-1,1,-1,1,1,1,1,1,-1,-1,-1,1,-1,1,1,-1,-1,-1,1,1,1,1,-1,1,1,1,1,-1,1,-1,-1,1,-1,1,1,1,-1,-1,-1,1,1,1,1,-1,-1,-1,1,1,1,1,-1,-1,-1,1,1,1,-1,-1,-1,1,1,1,1,-1,-1,-1,1,1,1,1,-1,-1,1,1,-1,1,1,-1,-1,1,1,1,1,1,-1,-1,1,1,1,1,1,-1,-1,1,1,1,1,1,1,-1,-1,1,1,-1,1,1,-1,1,1,1,1,1,1,-1,-1,1,1,1,1,1,-1,1,1,1,1,1,1,-1,-1,-1,1,1,1,1,-1,1,1,1,1,-1,1,-1,1,-1,1,1,1,-1,-1,1,1,1,1,1,-1,1,-1,-1,1,-1,1,-1,1,1,1,1,1,1,1,1,1,-1,1,-1,1,-1,1,1,-1,1,-1,1,1,-1,1,-1,1,-1,1,-1,1,1,-1,1,-1,1,1,1,1,-1,-1,1,1,-1,-1,1,-1,1,-1,1,1,-1,1,-1,1,-1,1,-1,-1,1,-1,-1,-1,1,1,-1,1,-1,1,1,1,-1,1,1,-1,1,-1,1,-1,1,-1,1,-1,1,1,-1,1,-1,-1,-1,1,1,-1,1,-1,-1,-1,1,1,-1,-1,1,1,-1,-1,1,1,-1,1,1,-1,1,1,1,1,-1,1,-1,1,1,-1,1,-1,1,1,1,1,1,1,1,1,-1,-1,1,-1,-1,-1,1,1,-1,1,1,1,-1,1,1,1,1,1,1,1,1,-1,1,1,1,-1,-1,1,-1,1,1,1,-1,1,1,-1,-1,1,1,1,-1,1,-1,1,1,1,-1,1,1,-1,1,1,1,-1,1,1,-1,1,1,1,-1,1,1,-1,-1,1,1,-1,1,1,-1,1,-1,1,-1,1,1,1,-1,1,1,1,-1,1,1,-1,1,1,-1,1,1,1,-1,-1,-1,-1,1,1,1,-1,1,1,-1,1,1,-1,-1,1,1,1,1,1,-1,1,1,1,-1,1,1,1,1,-1,1,1,1,-1,1,-1,1,1,1,1,1,1,-1,-1,-1,1,-1,-1,1,1,-1,1,1,-1,1,1,1,1,-1,1,-1,-1,1,-1,1,-1,1,1,1,1,1,1,-1,-1,1,-1,1,1,1,-1,1,1,1,-1,1,1,-1,-1,1,-1,1,1,1,-1,1,1,1,1,1,1,-1,1,-1,-1,1,1,-1,-1,1,-1,-1,1,1,-1,-1,1,-1,1,1,1,-1,-1,1,-1,-1,1,1,-1,-1,1,-1,1,1,1,1,-1,1,-1,-1,-1,1,1,-1,-1,-1,1,-1,1,-1,-1,1,-1,-1,1,-1,1,-1,-1,1,-1,1,-1,1,-1,-1,1,-1,-1,1,1,1,-1,1,-1,1,-1,-1,-1,1,-1,-1,-1,1,-1,-1,-1,1,1,-1,1,-1,1,1,1,-1,1,1,-1,-1,-1,1,-1,-1,1,-1,-1,1,1,1,-1,1,-1,-1,1,1,-1,-1,1,-1,-1,1,1,-1,-1,1,-1,-1,-1,1,1,-1,1,-1,-1,-1,1,-1,-1,1,-1,1,-1,1,1,-1,-1,1,-1,-1,-1,-1,-1,1,1,1,-1,1,1,-1,-1,1,-1,1,-1,-1,-1,1,1,-1,-1,-1,-1,-1,1,1,-1,1,1,-1,-1,-1,1,1,-1,-1,-1,-1,-1,1,-1,-1,1,-1,-1,-1,1,1,-1,-1,-1,-1,-1,1,-1,-1,1,-1,-1,1,1,1,-1,1,-1,-1,-1,1,1,-1,-1,-1,-1,-1,1,1,1,-1,-1,-1,-1,1,1,-1,-1,-1,-1,1,1,1,1,-1,-1,1,1,1,1,1,-1,-1,-1,1,1,1,-1,1,-1,1,1,1,1,-1,1,-1,-1,1,-1,1,-1,1,-1,-1,1,-1,1,-1,-1,-1,-1,1,-1,1,-1,1,1,-1,1,-1,1,-1,1,1,-1,1,-1,1,-1,-1,-1,-1,1,1,-1,-1,-1,-1,-1,1,-1,1,-1,-1,-1,-1,-1,-1,-1,1,-1,-1,-1,1,-1,-1,1,-1,-1,-1,-1,-1,-1,1,-1,-1,-1,-1,-1,1,-1,-1,-1,1,-1,-1,1,-1,1,-1,-1,-1,-1,-1,-1,-1,1,-1,-1,-1,1,1,-1,-1,-1,-1,1,-1,-1,-1,-1,1,-1,-1,1,-1,1,-1,-1,-1,-1,1,-1,1,1,-1,1,-1,-1,1,1,-1,-1,-1,-1,-1,-1,1,1,-1,-1,1,-1,1,1,-1,-1,-1,1,-1,1,1,-1,-1,1,-1,-1,1,1,1,-1,1,-1,1,1,1,-1,-1,1,-1,-1,1,1,1,-1,1,-1,-1,1,1,-1,1,1,-1,-1,1,1,1,1,1,-1,-1,1,1,1,1,1,-1,-1,1,1,1,1,-1,1,-1,-1,1,1,-1,1,-1,-1,1,-1,1,1,1,1,-1,-1,1,-1,1,1,1,-1,1,1,1,1,-1,1,-1,1,1,1,1,1,1,1,-1,1,1,1,1,-1,1,-1,1,1,1,1,1,-1,1,1,1,1,-1,1,1,-1,1,1,-1,1,1,-1,-1,1,1,1,1,-1,1,-1,1,1,1,-1,-1,1,-1,1,1,1,-1,1,-1,-1,-1,1,1,-1,-1,1,-1,-1,1,1,-1,-1,1,-1,-1,-1,1,1,-1,-1,-1,-1,1,1,-1,-1,-1,1,-1,-1,1,-1,1,1,-1,1,1,-1,-1,1,1,-1,-1,1,1,-1,1,1,-1,1,1,-1,-1,-1,-1,1,-1,-1,-1,-1,1,-1,-1,1,1,-1,1,1,-1,1,1,1,1,-1,1,-1,1,1,1,1,-1,1,-1,-1,1,1,1,-1,1,-1,1,1,1,1,-1,1,-1,1,1,-1,-1,-1,1,-1,-1,1,1,-1,-1,-1,1,-1,1,-1,1,-1,1,-1,-1,1,-2670.0,1,2000,445,1500,False
1245,1,1,-1,-1,1,1,-1,-1,1,1,1,-1,-1,1,1,1,-1,1,-1,-1,1,-1,1,1,1,-1,-1,-1,1,1,1,1,-1,-1,-1,-1,1,1,1,1,-1,-1,-1,1,1,1,1,-1,1,1,1,1,-1,1,-1,-1,1,-1,1,1,1,-1,-1,-1,1,1,1,1,-1,-1,-1,1,1,1,1,-1,-1,-1,1,1,1,-1,-1,-1,1,1,1,1,-1,-1,-1,1,1,1,1,-1,-1,1,1,-1,1,1,-1,-1,1,1,1,1,1,-1,-1,1,1,1,1,1,-1,-1,1,1,1,1,1,1,-1,-1,1,1,-1,1,1,-1,1,1,1,1,1,1,-1,-1,1,1,1,1,1,-1,1,1,1,1,1,1,-1,-1,-1,1,1,1,1,-1,1,1,1,1,-1,1,-1,1,-1,1,1,1,-1,-1,1,1,1,1,1,-1,1,-1,-1,1,-1,1,-1,1,1,1,1,1,1,1,1,1,-1,1,-1,1,-1,1,1,-1,1,-1,1,1,-1,1,-1,1,-1,1,-1,1,1,-1,1,-1,1,1,1,1,-1,-1,1,1,-1,-1,1,-1,1,-1,-1,1,-1,1,-1,1,-1,1,-1,1,1,-1,-1,-1,1,1,-1,1,-1,1,1,1,-1,1,1,-1,-1,-1,1,-1,1,-1,1,-1,1,1,-1,1,-1,-1,-1,1,1,-1,1,-1,-1,-1,1,1,-1,-1,1,1,-1,-1,1,1,-1,1,1,-1,1,1,1,1,-1,1,-1,1,1,-1,1,-1,1,-1,1,1,1,1,1,1,-1,-1,1,-1,-1,-1,1,1,-1,1,1,1,-1,1,1,1,1,1,1,1,1,-1,1,1,1,-1,1,1,-1,1,1,1,-1,1,1,-1,-1,1,1,1,-1,1,-1,1,1,1,-1,1,1,-1,1,1,1,-1,1,1,-1,1,1,1,-1,1,1,-1,-1,1,1,-1,1,1,-1,1,-1,1,-1,1,1,1,-1,1,1,1,-1,1,1,-1,1,1,-1,1,1,1,-1,-1,-1,-1,1,1,1,-1,1,1,-1,1,1,-1,-1,1,1,1,1,1,-1,1,1,1,-1,1,1,1,-1,-1,1,1,1,-1,1,-1,1,1,1,1,1,1,-1,-1,-1,1,-1,-1,1,1,-1,1,1,1,1,1,1,1,-1,1,-1,-1,1,-1,1,-1,1,1,1,1,1,1,-1,-1,1,-1,1,1,1,-1,1,1,1,-1,1,1,-1,-1,1,-1,1,1,1,-1,1,1,1,1,1,1,-1,1,-1,-1,1,1,-1,-1,1,-1,1,1,1,-1,-1,1,-1,1,1,1,-1,-1,1,-1,-1,1,1,-1,-1,1,-1,1,1,1,1,-1,1,1,-1,1,1,1,-1,-1,-1,-1,1,1,-1,-1,1,-1,-1,1,-1,1,-1,-1,1,-1,1,-1,1,-1,-1,1,-1,-1,1,1,1,-1,1,-1,1,-1,1,-1,1,-1,-1,-1,1,-1,-1,1,1,1,-1,1,-1,1,1,1,-1,1,1,-1,-1,-1,1,-1,-1,1,-1,-1,1,1,1,-1,1,-1,-1,1,1,-1,-1,1,-1,-1,1,1,-1,-1,1,-1,-1,-1,1,1,-1,1,1,-1,-1,1,-1,-1,1,-1,1,-1,1,1,-1,-1,1,-1,-1,-1,-1,-1,1,1,1,-1,-1,1,-1,-1,1,-1,-1,1,-1,-1,1,1,-1,-1,1,-1,-1,1,1,-1,1,-1,1,-1,-1,1,1,-1,-1,-1,-1,1,1,-1,-1,1,-1,-1,-1,1,1,-1,-1,-1,-1,-1,1,-1,-1,-1,-1,-1,1,1,1,-1,-1,-1,-1,-1,1,1,-1,-1,-1,-1,-1,1,1,1,-1,-1,-1,-1,1,1,-1,-1,-1,-1,1,1,1,1,-1,-1,1,1,1,1,1,-1,-1,-1,1,1,1,1,1,-1,1,1,1,1,-1,1,-1,-1,1,-1,1,-1,1,-1,-1,1,-1,1,-1,-1,-1,-1,1,-1,1,-1,1,-1,-1,1,-1,1,-1,1,-1,-1,1,-1,1,-1,-1,-1,-1,1,1,-1,-1,-1,-1,-1,1,-1,1,-1,-1,-1,-1,-1,-1,-1,1,-1,-1,-1,1,-1,-1,1,-1,-1,-1,-1,-1,-1,1,-1,-1,-1,-1,-1,1,-1,-1,-1,1,-1,-1,1,-1,1,-1,-1,-1,-1,-1,-1,-1,1,-1,-1,-1,1,1,-1,-1,-1,1,-1,-1,-1,-1,-1,1,-1,-1,1,-1,1,-1,-1,-1,-1,1,-1,1,1,-1,1,-1,-1,1,1,-1,-1,-1,-1,-1,-1,1,1,-1,-1,1,-1,1,1,-1,-1,-1,1,-1,1,1,-1,-1,1,-1,-1,1,1,1,-1,1,-1,1,1,1,-1,-1,1,-1,-1,1,1,1,-1,1,-1,-1,1,1,-1,1,1,-1,-1,1,1,1,1,1,-1,-1,1,1,-1,1,1,-1,-1,1,1,1,1,1,1,-1,-1,1,1,-1,1,-1,-1,1,-1,1,1,1,1,-1,-1,1,-1,1,1,1,-1,1,1,1,1,-1,1,-1,1,1,1,1,1,1,1,-1,1,1,1,1,-1,1,-1,1,1,1,1,1,-1,1,1,1,1,-1,1,1,-1,1,1,-1,1,1,-1,-1,1,1,1,1,-1,1,-1,1,1,1,-1,-1,1,-1,1,1,1,-1,1,-1,-1,-1,1,1,-1,-1,1,-1,-1,1,1,-1,-1,1,-1,-1,1,1,1,-1,1,-1,-1,1,1,-1,-1,-1,1,-1,1,1,-1,1,1,-1,1,1,-1,-1,1,1,-1,-1,1,1,-1,1,1,-1,1,1,-1,-1,-1,-1,1,-1,-1,-1,-1,-1,-1,-1,1,1,-1,1,1,-1,1,1,1,1,-1,1,-1,1,1,1,1,-1,1,-1,-1,1,1,1,-1,1,-1,1,1,1,1,-1,1,-1,1,1,-1,-1,-1,1,-1,-1,1,1,-1,-1,-1,1,-1,1,-1,1,-1,1,-1,-1,1,-2670.0,1,2000,445,1500,False
1246,1,1,-1,-1,1,1,-1,-1,1,1,1,-1,-1,1,1,1,-1,1,-1,-1,-1,-1,1,1,1,1,-1,-1,1,1,1,1,-1,-1,-1,-1,1,-1,1,1,-1,-1,-1,1,1,1,1,-1,1,1,1,1,-1,1,-1,-1,1,-1,1,1,1,-1,-1,-1,1,1,1,1,-1,-1,-1,1,1,1,1,-1,-1,-1,1,1,1,-1,-1,-1,1,1,1,1,-1,-1,-1,1,1,1,1,-1,-1,1,1,-1,1,1,-1,-1,1,1,1,1,1,-1,-1,-1,1,1,1,1,-1,-1,1,1,1,1,1,1,-1,-1,1,1,-1,1,1,-1,1,1,1,1,1,1,-1,1,1,1,1,1,1,-1,1,1,1,1,1,1,-1,-1,-1,1,1,1,1,-1,1,1,1,1,-1,1,-1,1,-1,1,1,1,-1,-1,1,1,1,1,1,-1,1,-1,-1,1,-1,1,-1,1,1,1,1,1,1,1,1,1,-1,1,-1,1,-1,1,1,-1,1,-1,1,1,-1,1,-1,1,-1,1,-1,1,1,-1,-1,-1,1,1,1,1,-1,-1,1,1,-1,-1,1,-1,1,-1,-1,1,-1,1,-1,1,-1,1,-1,-1,1,-1,1,-1,1,1,-1,1,-1,1,1,1,-1,1,1,-1,1,-1,1,-1,1,-1,1,-1,1,1,-1,1,-1,-1,-1,1,1,-1,1,-1,-1,-1,1,1,-1,-1,1,1,-1,-1,1,1,-1,1,1,-1,1,1,1,1,-1,1,-1,1,1,-1,1,-1,1,1,-1,1,1,1,1,1,-1,-1,1,-1,-1,-1,1,1,-1,1,1,1,-1,1,-1,-1,1,1,1,1,1,-1,1,1,1,-1,-1,1,-1,1,1,1,-1,1,1,-1,-1,1,1,1,-1,1,-1,1,1,1,-1,1,1,-1,1,1,1,-1,1,-1,-1,1,1,1,-1,1,-1,-1,-1,1,1,-1,1,-1,-1,1,-1,1,-1,1,1,-1,-1,1,1,1,-1,1,-1,-1,1,1,-1,1,-1,-1,-1,-1,-1,-1,1,-1,-1,-1,1,1,-1,1,-1,1,-1,1,1,1,1,1,-1,1,1,1,-1,1,-1,-1,-1,-1,1,1,1,1,-1,-1,1,1,1,1,-1,-1,1,-1,-1,1,-1,1,-1,-1,1,-1,1,1,-1,-1,1,1,-1,1,-1,1,-1,-1,1,-1,1,1,-1,-1,-1,1,-1,-1,1,1,-1,-1,1,-1,1,1,-1,1,-1,1,-1,-1,1,1,-1,-1,1,-1,1,1,-1,-1,1,1,-1,1,-1,1,-1,1,-1,-1,1,-1,1,-1,1,-1,-1,1,-1,-1,-1,1,-1,-1,1,-1,1,-1,1,-1,-1,1,-1,-1,1,-1,1,-1,1,1,1,-1,1,1,-1,-1,-1,1,-1,1,-1,-1,1,-1,1,1,1,1,-1,-1,1,1,-1,1,1,1,-1,1,1,1,-1,1,1,-1,1,1,1,1,-1,-1,1,-1,-1,-1,1,-1,1,1,-1,1,-1,1,-1,1,-1,-1,-1,1,1,-1,1,1,-1,-1,-1,1,-1,1,1,-1,1,-1,1,-1,-1,-1,-1,-1,-1,1,-1,-1,-1,-1,-1,-1,1,-1,1,1,1,1,-1,1,-1,1,1,-1,-1,-1,1,-1,-1,1,-1,1,-1,-1,1,1,1,1,-1,-1,1,1,1,1,-1,1,-1,-1,1,1,1,-1,-1,-1,-1,1,1,1,-1,-1,-1,1,-1,1,-1,1,-1,-1,-1,1,1,1,-1,-1,-1,-1,1,1,1,1,-1,-1,-1,1,1,1,1,-1,-1,-1,1,-1,1,-1,-1,-1,-1,1,1,1,1,-1,-1,1,1,1,1,1,-1,-1,-1,1,1,-1,1,-1,-1,-1,1,1,1,1,-1,-1,1,1,1,1,-1,-1,1,1,-1,1,1,-1,-1,-1,1,1,1,1,1,-1,1,1,1,1,1,-1,-1,-1,1,-1,1,-1,-1,-1,-1,1,-1,1,1,-1,-1,-1,1,-1,1,1,-1,1,-1,1,1,1,1,-1,1,-1,1,-1,1,1,-1,-1,-1,1,1,-1,-1,-1,-1,-1,1,-1,1,-1,-1,-1,-1,-1,-1,-1,1,-1,-1,-1,1,-1,-1,1,-1,-1,-1,-1,-1,-1,1,-1,-1,-1,-1,-1,1,-1,-1,-1,1,-1,-1,1,-1,1,-1,-1,-1,-1,-1,-1,-1,1,-1,-1,-1,1,1,1,-1,-1,1,-1,-1,-1,-1,-1,1,-1,-1,1,1,1,-1,-1,-1,-1,1,-1,1,1,-1,1,-1,-1,1,1,-1,-1,-1,-1,-1,-1,1,1,-1,-1,1,-1,1,1,-1,-1,-1,1,-1,1,1,-1,-1,1,-1,-1,1,1,1,-1,1,-1,1,1,1,-1,-1,1,-1,-1,1,1,1,-1,1,-1,-1,1,1,-1,1,1,-1,-1,1,1,-1,1,1,-1,-1,1,1,-1,1,1,-1,-1,1,1,1,1,-1,1,-1,-1,1,1,-1,1,-1,-1,1,-1,1,1,1,1,-1,-1,1,-1,1,1,1,-1,1,1,1,1,-1,1,-1,1,1,1,1,1,1,1,-1,1,1,1,1,-1,1,-1,1,1,1,1,1,-1,1,1,1,1,-1,1,1,-1,1,1,-1,1,1,-1,-1,1,1,1,1,-1,1,-1,1,1,1,-1,-1,1,-1,1,1,1,-1,1,-1,-1,-1,1,1,-1,-1,1,-1,-1,1,1,-1,-1,1,-1,-1,1,1,1,-1,1,-1,-1,1,1,-1,-1,-1,1,-1,1,1,-1,1,1,-1,1,1,-1,-1,1,-1,-1,-1,1,1,-1,1,1,-1,1,1,-1,-1,-1,-1,1,-1,-1,-1,-1,1,-1,-1,1,1,-1,1,1,-1,1,1,1,1,-1,1,-1,1,1,1,-1,-1,1,-1,-1,1,1,-1,-1,1,-1,1,1,1,-1,-1,1,-1,1,1,1,1,-1,1,-1,-1,1,1,-1,-1,-1,1,-1,1,-1,1,-1,1,-1,-1,1,-2670.0,1,2000,445,1500,False
1247,1,1,-1,-1,1,-1,-1,-1,1,1,1,-1,1,1,1,1,-1,1,-1,-1,1,-1,1,1,1,-1,-1,-1,1,1,1,1,1,-1,-1,-1,1,1,1,1,-1,-1,-1,1,1,1,1,-1,1,1,1,1,-1,1,-1,-1,1,-1,1,1,1,-1,-1,-1,1,1,1,1,-1,-1,-1,1,1,1,1,-1,-1,-1,1,1,1,-1,-1,-1,1,1,1,1,-1,-1,-1,1,1,1,1,-1,-1,1,1,-1,1,1,-1,-1,1,1,1,1,1,-1,-1,1,1,-1,1,1,-1,-1,1,1,1,1,1,1,-1,-1,1,1,-1,1,1,-1,1,1,1,1,1,1,-1,-1,1,1,1,1,1,-1,1,1,1,1,1,1,-1,-1,-1,1,1,1,1,-1,1,1,1,1,-1,1,-1,1,-1,1,1,1,-1,-1,1,1,1,1,1,-1,1,-1,-1,1,-1,1,-1,1,1,1,1,1,1,1,1,1,-1,1,-1,1,-1,1,1,-1,1,-1,1,1,-1,1,-1,1,-1,1,-1,1,1,-1,1,-1,1,1,1,1,-1,-1,1,1,-1,-1,1,-1,1,-1,-1,1,-1,1,-1,1,-1,1,-1,-1,1,-1,-1,-1,1,1,-1,1,-1,1,1,1,-1,1,1,-1,-1,-1,1,-1,1,-1,1,-1,1,1,-1,1,-1,-1,-1,1,1,-1,1,-1,-1,-1,1,1,-1,-1,1,1,-1,-1,1,1,-1,1,1,-1,1,1,1,1,-1,1,-1,1,1,-1,1,-1,1,1,-1,1,1,1,1,1,-1,-1,1,-1,-1,1,1,1,-1,1,1,1,-1,1,-1,-1,1,1,1,1,1,-1,1,1,1,-1,1,1,-1,1,1,1,-1,1,1,-1,-1,1,1,1,-1,1,-1,1,1,1,-1,1,1,-1,1,1,1,-1,1,-1,-1,1,1,1,-1,1,-1,-1,-1,1,1,-1,1,-1,-1,1,-1,1,-1,1,1,-1,-1,1,1,1,-1,1,-1,-1,1,1,-1,1,-1,-1,-1,-1,-1,-1,1,-1,-1,-1,1,1,-1,1,-1,1,-1,1,1,1,1,-1,-1,1,1,1,-1,1,-1,-1,-1,-1,1,1,1,1,-1,-1,1,1,1,1,-1,-1,1,-1,-1,1,-1,1,-1,-1,1,-1,1,-1,-1,-1,1,1,-1,1,-1,1,-1,-1,1,-1,1,1,-1,-1,-1,1,-1,-1,1,1,-1,-1,1,-1,1,1,-1,1,-1,1,-1,-1,1,1,-1,-1,1,-1,1,1,-1,-1,1,1,-1,1,-1,1,-1,1,-1,-1,1,-1,1,-1,1,-1,-1,1,-1,-1,-1,1,-1,-1,1,-1,1,-1,1,-1,-1,1,-1,-1,1,-1,1,-1,1,-1,1,-1,1,1,-1,-1,-1,1,-1,1,-1,-1,1,-1,1,1,1,1,-1,-1,1,1,-1,1,1,-1,-1,1,1,1,-1,1,1,-1,1,1,1,1,-1,1,1,-1,-1,-1,1,-1,1,1,-1,1,-1,1,-1,1,-1,-1,-1,1,1,-1,1,1,-1,-1,-1,1,-1,1,1,-1,1,-1,1,-1,-1,-1,-1,-1,-1,1,-1,-1,-1,-1,-1,-1,1,-1,1,1,1,1,-1,1,-1,1,1,-1,-1,-1,1,-1,-1,1,-1,1,-1,-1,1,1,1,1,-1,-1,1,1,1,1,-1,1,-1,-1,1,1,1,-1,-1,-1,1,1,1,1,-1,1,-1,1,-1,1,-1,1,1,-1,-1,1,1,1,-1,-1,-1,1,1,1,1,1,-1,-1,-1,1,1,1,1,-1,-1,-1,1,-1,1,-1,-1,-1,1,1,1,1,1,-1,-1,-1,1,1,1,1,-1,-1,-1,1,1,-1,1,-1,-1,-1,1,1,1,1,-1,-1,1,1,1,1,-1,-1,1,1,-1,1,1,-1,-1,-1,1,1,1,1,1,-1,1,1,1,1,1,-1,-1,-1,1,-1,1,-1,-1,-1,-1,1,-1,1,1,-1,-1,-1,1,-1,1,1,-1,-1,-1,1,1,1,1,-1,-1,-1,1,-1,1,1,-1,-1,-1,1,1,-1,-1,-1,-1,-1,1,-1,1,-1,-1,-1,-1,-1,-1,-1,1,-1,-1,-1,1,-1,-1,1,-1,-1,-1,-1,-1,1,1,-1,-1,-1,-1,-1,1,-1,-1,-1,1,-1,-1,1,-1,1,-1,-1,-1,-1,-1,-1,-1,1,-1,-1,-1,1,1,-1,-1,-1,1,1,-1,-1,-1,-1,1,-1,-1,1,1,1,-1,-1,-1,-1,1,-1,1,1,-1,1,-1,-1,1,1,-1,-1,-1,-1,-1,-1,1,1,-1,-1,1,-1,1,1,-1,-1,-1,1,-1,1,1,-1,-1,1,-1,-1,1,1,1,-1,1,-1,1,1,1,-1,-1,1,-1,-1,1,1,1,-1,1,-1,-1,1,1,-1,1,1,-1,-1,1,1,-1,1,1,-1,-1,1,1,1,1,1,-1,-1,1,1,1,1,-1,1,-1,-1,1,1,-1,1,-1,-1,1,-1,1,1,1,1,-1,-1,1,-1,1,1,1,-1,1,1,1,1,-1,1,-1,1,1,1,1,1,1,1,-1,1,1,1,1,-1,1,-1,1,1,1,1,1,-1,1,1,1,1,-1,1,1,-1,1,1,-1,1,1,-1,-1,1,1,1,1,-1,1,-1,1,1,1,-1,-1,1,-1,1,1,1,-1,1,-1,-1,-1,1,1,-1,-1,1,-1,-1,1,1,1,-1,1,-1,-1,1,1,1,-1,1,-1,-1,1,1,-1,-1,-1,1,-1,-1,1,-1,1,1,-1,1,1,-1,-1,1,1,-1,-1,1,1,-1,1,1,-1,1,1,-1,-1,-1,-1,1,-1,-1,-1,-1,-1,-1,-1,1,1,-1,1,1,-1,1,1,1,1,-1,1,-1,1,1,1,1,-1,1,-1,1,1,1,1,-1,1,-1,-1,1,1,1,-1,1,-1,1,1,-1,-1,-1,1,-1,-1,1,1,-1,-1,-1,1,-1,1,-1,1,-1,1,-1,-1,1,-2670.0,1,2000,445,1500,False
1248,1,1,-1,-1,1,1,-1,-1,1,1,1,-1,1,1,1,1,-1,1,-1,-1,-1,-1,1,1,1,1,-1,-1,1,1,1,1,-1,-1,-1,-1,1,-1,1,1,-1,-1,-1,1,1,1,1,-1,1,1,1,1,-1,1,-1,-1,1,-1,1,1,1,-1,-1,-1,1,1,1,1,-1,-1,-1,1,1,1,1,-1,-1,-1,1,1,1,-1,-1,-1,1,1,1,1,-1,-1,-1,1,1,1,1,-1,-1,1,1,-1,1,1,-1,-1,1,1,1,1,1,-1,-1,1,1,-1,1,1,-1,-1,1,1,1,1,1,1,-1,1,1,1,-1,1,1,-1,1,1,1,1,1,1,-1,-1,1,1,1,1,1,-1,1,1,1,1,1,1,-1,-1,-1,1,1,1,1,-1,1,1,1,1,-1,1,-1,1,-1,1,1,1,-1,-1,1,1,1,1,1,-1,1,-1,-1,1,-1,1,-1,1,1,1,1,1,1,1,1,1,-1,1,-1,1,-1,1,1,-1,1,-1,1,1,-1,1,-1,1,-1,1,-1,1,1,-1,1,-1,1,1,1,1,-1,-1,1,1,-1,-1,1,-1,1,-1,-1,1,-1,1,-1,1,-1,1,-1,1,1,-1,-1,-1,1,1,-1,1,-1,1,1,1,-1,1,1,-1,1,-1,1,-1,1,-1,1,-1,1,1,-1,1,-1,-1,-1,1,1,-1,1,-1,-1,-1,1,1,-1,-1,1,1,-1,-1,1,1,-1,1,1,-1,1,1,1,1,-1,1,-1,1,1,-1,1,-1,1,1,1,1,1,1,1,1,-1,-1,1,-1,-1,1,1,1,-1,1,1,1,-1,1,1,1,1,1,1,1,1,-1,1,1,1,-1,1,1,-1,1,1,1,-1,1,1,-1,-1,1,1,1,-1,1,-1,1,1,1,-1,1,1,-1,1,1,1,-1,1,1,-1,1,1,1,-1,1,1,-1,-1,1,1,-1,1,1,-1,1,-1,1,-1,1,1,1,-1,1,1,1,1,1,1,-1,1,1,-1,1,1,1,-1,-1,-1,-1,1,1,1,-1,1,1,-1,1,1,-1,-1,1,1,1,1,1,-1,1,1,1,-1,1,1,1,1,-1,1,1,1,-1,1,-1,1,1,1,1,1,1,-1,-1,-1,1,-1,-1,1,-1,1,-1,1,1,1,1,1,-1,-1,1,-1,-1,1,-1,1,-1,1,1,-1,1,1,1,-1,-1,1,-1,1,1,-1,-1,1,1,1,-1,1,-1,-1,-1,1,-1,1,1,-1,-1,1,1,1,1,-1,1,-1,1,-1,1,1,-1,1,-1,1,-1,1,1,-1,-1,-1,1,-1,1,1,1,-1,-1,1,-1,-1,1,-1,-1,-1,1,-1,1,1,1,-1,-1,1,-1,-1,1,-1,-1,-1,-1,-1,-1,1,-1,-1,-1,1,-1,-1,1,-1,-1,-1,-1,1,-1,1,-1,-1,1,-1,1,-1,-1,1,1,1,-1,1,-1,1,-1,1,1,1,-1,-1,-1,1,-1,-1,1,1,1,-1,1,-1,1,1,1,-1,1,1,-1,1,-1,1,-1,-1,1,-1,-1,1,1,1,-1,1,-1,-1,1,1,-1,-1,1,-1,-1,1,1,-1,-1,1,-1,-1,-1,1,1,-1,1,1,-1,-1,1,-1,-1,1,-1,1,-1,1,1,-1,-1,1,-1,-1,-1,-1,-1,1,1,1,-1,-1,1,-1,-1,1,-1,-1,1,-1,-1,1,1,-1,-1,1,1,-1,1,1,-1,1,-1,1,-1,-1,1,1,-1,-1,-1,-1,1,1,-1,-1,1,-1,-1,-1,1,1,-1,-1,-1,-1,-1,1,-1,-1,-1,-1,-1,1,1,1,-1,-1,-1,-1,-1,1,1,-1,-1,-1,-1,-1,1,1,1,-1,-1,-1,-1,1,1,-1,-1,-1,-1,1,1,1,1,1,-1,1,1,1,1,1,1,-1,-1,1,1,1,1,1,-1,1,1,1,1,-1,1,-1,-1,1,-1,1,-1,1,-1,-1,1,-1,1,1,1,-1,-1,1,-1,1,-1,1,1,-1,1,-1,1,1,1,1,-1,1,-1,1,1,1,-1,-1,1,1,-1,1,1,-1,-1,1,-1,1,-1,1,-1,-1,-1,-1,-1,1,1,-1,-1,1,-1,-1,1,1,-1,-1,-1,-1,1,-1,1,-1,-1,-1,-1,1,1,-1,-1,1,-1,-1,1,-1,1,-1,-1,-1,-1,-1,1,1,1,-1,-1,-1,1,1,1,-1,-1,1,-1,-1,-1,1,-1,1,-1,-1,1,1,1,-1,-1,-1,-1,1,-1,1,1,-1,1,-1,-1,1,1,-1,-1,-1,-1,-1,-1,1,1,-1,-1,1,-1,1,1,-1,-1,-1,1,-1,1,1,-1,-1,1,-1,-1,1,1,1,-1,1,-1,1,1,1,-1,-1,1,-1,-1,1,1,1,-1,1,-1,-1,1,1,-1,1,1,-1,-1,1,1,-1,1,1,-1,-1,1,1,-1,1,1,-1,-1,1,1,1,1,1,1,-1,-1,1,1,1,1,-1,-1,1,-1,1,1,1,1,-1,-1,1,-1,1,1,1,-1,1,1,1,1,-1,1,-1,1,1,1,1,1,1,1,-1,1,1,1,1,-1,1,-1,1,1,1,1,1,-1,1,1,1,1,-1,1,1,-1,1,1,-1,1,1,-1,-1,1,1,1,1,-1,1,-1,1,1,1,-1,-1,1,-1,1,1,1,-1,1,-1,-1,-1,1,1,-1,-1,1,-1,-1,1,1,-1,-1,1,-1,-1,1,1,1,-1,1,-1,-1,1,1,-1,-1,-1,1,-1,1,1,-1,1,1,-1,1,1,-1,-1,1,-1,-1,-1,1,1,-1,1,1,-1,1,1,-1,-1,-1,-1,1,-1,-1,-1,-1,1,-1,-1,1,1,-1,1,1,-1,1,1,1,1,-1,1,-1,1,1,1,1,-1,1,-1,-1,1,1,1,-1,1,-1,1,1,1,1,-1,1,-1,1,1,1,-1,-1,1,-1,-1,1,1,-1,-1,-1,1,-1,1,-1,1,-1,1,-1,-1,1,-2670.0,1,2000,445,1500,False
1249,1,1,-1,-1,1,1,-1,-1,1,1,1,-1,-1,1,1,1,-1,1,-1,-1,-1,-1,1,1,1,-1,-1,-1,1,1,1,1,-1,-1,-1,-1,1,-1,1,1,-1,-1,-1,1,1,1,1,-1,1,1,1,1,-1,1,-1,-1,1,-1,1,1,1,-1,-1,-1,1,1,1,1,-1,-1,-1,1,1,1,1,-1,-1,-1,1,1,1,-1,-1,-1,1,1,1,1,-1,-1,1,1,1,1,1,-1,-1,-1,1,-1,1,1,-1,-1,1,1,1,1,1,-1,-1,-1,1,1,1,1,-1,-1,1,1,1,1,1,1,-1,-1,1,1,-1,1,1,-1,1,1,1,1,1,1,-1,1,1,1,1,1,1,-1,1,1,1,1,1,1,-1,-1,-1,1,1,1,1,-1,1,1,1,1,-1,1,-1,1,-1,1,1,1,-1,-1,1,1,1,1,1,-1,1,-1,-1,1,-1,1,-1,1,1,1,1,1,1,1,1,1,-1,1,-1,1,-1,1,1,-1,1,-1,1,1,-1,1,-1,1,-1,1,-1,1,1,-1,1,-1,1,1,1,1,-1,-1,1,1,-1,-1,1,-1,1,-1,1,1,-1,1,-1,1,-1,1,-1,-1,1,-1,1,-1,1,1,-1,1,-1,1,1,1,-1,1,1,-1,1,-1,1,-1,1,-1,1,-1,1,1,-1,1,-1,-1,-1,1,1,-1,1,-1,-1,-1,1,1,-1,-1,1,1,-1,-1,1,1,-1,1,1,-1,1,1,1,1,-1,1,-1,1,1,-1,1,-1,1,1,1,1,1,1,1,1,-1,-1,1,-1,-1,-1,1,1,-1,1,1,1,-1,1,1,1,1,1,1,1,1,-1,1,1,1,-1,1,1,-1,1,1,1,-1,1,1,-1,-1,1,1,1,-1,1,-1,1,1,1,-1,1,1,-1,1,1,1,-1,1,1,-1,1,1,1,-1,1,1,1,-1,1,1,-1,1,1,-1,1,-1,1,-1,1,-1,1,-1,1,1,1,-1,-1,1,-1,1,1,-1,1,1,1,-1,-1,-1,-1,1,1,1,-1,1,1,-1,1,1,-1,-1,1,1,1,1,1,-1,1,1,1,-1,1,1,1,1,-1,1,1,-1,-1,1,-1,1,-1,1,-1,1,1,-1,-1,-1,1,-1,1,1,1,-1,1,1,-1,1,1,1,1,-1,1,-1,-1,1,-1,1,-1,1,-1,1,1,1,1,-1,-1,1,-1,1,1,1,-1,1,1,1,-1,1,1,-1,1,-1,-1,1,1,1,-1,-1,-1,1,1,1,1,-1,1,-1,1,1,1,-1,1,1,-1,-1,1,1,-1,-1,1,-1,1,1,1,-1,1,-1,1,-1,1,1,-1,-1,1,-1,1,1,1,1,-1,1,-1,-1,-1,1,1,-1,-1,-1,1,-1,1,-1,-1,1,-1,-1,1,-1,1,-1,-1,1,-1,1,-1,1,-1,-1,1,-1,-1,1,1,1,-1,1,-1,1,-1,-1,-1,1,-1,-1,-1,1,-1,1,-1,1,1,-1,1,-1,-1,1,1,-1,1,1,-1,1,-1,1,-1,-1,1,-1,-1,1,1,1,-1,1,-1,-1,1,1,-1,-1,1,-1,-1,1,1,-1,-1,1,-1,-1,-1,1,1,-1,1,1,-1,-1,1,-1,-1,1,-1,1,-1,1,1,-1,-1,1,-1,-1,-1,-1,-1,1,1,1,-1,1,1,-1,-1,1,-1,1,-1,-1,-1,-1,1,-1,-1,-1,-1,-1,1,1,-1,1,1,1,-1,-1,1,1,-1,-1,-1,-1,-1,1,-1,-1,1,-1,-1,-1,1,1,-1,-1,-1,-1,-1,1,-1,-1,1,-1,-1,1,1,1,-1,1,-1,-1,-1,1,1,-1,-1,-1,-1,-1,1,1,1,-1,-1,-1,-1,1,1,-1,-1,-1,-1,1,1,1,1,-1,-1,1,1,1,1,1,-1,-1,-1,1,1,1,-1,1,-1,1,1,1,1,-1,1,-1,-1,1,-1,1,-1,1,-1,-1,1,-1,1,-1,-1,-1,-1,1,-1,1,-1,1,1,-1,1,-1,1,-1,1,1,-1,1,-1,1,-1,-1,-1,-1,1,1,-1,-1,-1,-1,-1,1,-1,1,-1,-1,-1,-1,-1,-1,-1,1,-1,-1,-1,1,-1,-1,1,-1,-1,-1,-1,-1,-1,1,-1,-1,-1,-1,-1,1,-1,-1,-1,1,-1,-1,1,-1,1,-1,-1,-1,-1,-1,-1,-1,1,-1,-1,-1,1,1,1,-1,-1,-1,1,-1,-1,-1,-1,1,-1,-1,1,-1,1,-1,-1,-1,-1,1,-1,1,1,-1,1,-1,-1,1,1,-1,-1,-1,-1,-1,-1,1,1,-1,-1,1,-1,1,1,-1,-1,-1,1,-1,1,1,-1,-1,1,-1,-1,1,1,1,-1,1,-1,1,1,1,-1,-1,1,-1,-1,1,1,1,-1,1,-1,-1,1,1,-1,1,1,-1,-1,1,1,-1,1,1,-1,-1,1,1,-1,1,1,-1,-1,1,1,1,1,-1,1,-1,1,1,1,-1,1,-1,-1,1,-1,1,1,1,1,-1,-1,1,-1,1,1,1,-1,1,1,1,1,-1,1,-1,1,1,1,1,1,1,1,-1,1,1,1,1,-1,1,-1,1,1,1,1,1,-1,1,1,1,1,-1,1,1,-1,1,1,-1,1,1,-1,-1,1,1,1,1,-1,1,-1,1,1,1,-1,-1,1,-1,1,1,1,-1,1,-1,-1,-1,1,1,-1,-1,1,-1,-1,1,1,-1,-1,1,-1,1,1,1,1,-1,-1,-1,-1,1,1,-1,-1,-1,1,1,1,1,-1,1,1,-1,1,1,-1,-1,1,1,-1,-1,1,1,-1,1,1,1,1,1,-1,-1,-1,-1,1,-1,-1,-1,-1,-1,1,1,1,1,-1,1,1,-1,1,1,1,1,-1,1,-1,1,1,1,-1,-1,1,-1,1,1,1,-1,-1,1,-1,1,1,1,-1,-1,1,-1,1,1,1,1,-1,1,-1,1,1,1,1,-1,-1,1,-1,1,1,1,-1,1,-1,1,1,-2670.0,1,2000,445,1500,False
1250,1,1,-1,-1,1,1,-1,-1,1,1,1,-1,-1,1,1,1,-1,1,-1,-1,-1,-1,1,1,1,-1,-1,-1,1,1,1,1,1,-1,-1,-1,1,1,1,1,-1,-1,-1,1,1,1,1,-1,1,1,1,1,-1,1,-1,-1,1,-1,1,1,1,-1,-1,-1,1,1,1,1,-1,-1,-1,1,1,1,1,-1,-1,-1,1,1,1,-1,-1,-1,1,1,1,1,-1,-1,-1,1,1,1,1,-1,-1,1,1,-1,1,1,-1,-1,1,1,1,1,1,-1,-1,1,1,1,1,1,-1,-1,1,1,1,1,1,1,-1,-1,1,1,-1,1,1,-1,1,1,1,1,1,1,-1,-1,1,1,1,1,1,-1,1,1,1,1,1,1,-1,-1,-1,1,1,1,1,-1,1,1,1,1,-1,1,-1,1,-1,1,1,1,-1,-1,1,1,1,1,1,-1,1,-1,-1,1,-1,1,-1,1,1,1,1,1,1,1,1,1,-1,1,-1,1,-1,1,1,-1,1,-1,1,1,-1,1,-1,1,-1,1,-1,1,1,-1,-1,-1,1,1,1,1,-1,-1,1,1,-1,-1,1,-1,1,-1,-1,1,-1,1,-1,1,-1,1,-1,-1,1,-1,-1,-1,1,1,-1,1,-1,1,1,1,-1,1,1,-1,-1,-1,1,-1,1,-1,1,-1,1,1,-1,1,-1,-1,-1,1,1,-1,1,-1,-1,-1,1,1,-1,-1,1,1,-1,-1,1,1,-1,1,1,-1,1,1,1,1,-1,1,-1,1,1,-1,1,-1,1,-1,1,1,1,1,1,1,-1,-1,1,-1,-1,1,1,1,-1,1,1,1,-1,1,1,1,1,1,1,1,1,-1,1,1,1,-1,1,1,-1,1,1,1,-1,1,1,-1,-1,1,1,1,-1,1,-1,1,1,1,-1,1,1,-1,1,1,1,-1,1,1,-1,1,1,1,-1,1,1,-1,-1,1,1,-1,1,1,-1,1,-1,1,-1,1,1,1,-1,1,1,1,1,1,1,-1,1,1,-1,1,1,1,-1,-1,-1,-1,1,1,1,-1,1,1,-1,1,1,-1,-1,1,1,1,1,1,-1,1,1,1,-1,1,1,1,-1,-1,1,1,1,-1,1,-1,1,1,1,1,1,1,-1,-1,-1,1,-1,-1,1,-1,1,-1,1,1,1,1,1,-1,-1,1,-1,-1,1,-1,1,-1,1,1,1,1,1,1,-1,-1,1,-1,1,1,-1,-1,1,1,1,-1,1,-1,-1,-1,1,-1,1,1,-1,-1,1,1,1,1,-1,1,-1,1,-1,1,1,-1,-1,-1,1,-1,1,1,-1,-1,-1,1,-1,1,1,1,-1,-1,1,-1,-1,1,-1,-1,-1,1,-1,1,1,1,-1,-1,1,-1,-1,1,-1,-1,-1,-1,-1,1,1,-1,-1,-1,1,-1,-1,1,-1,-1,-1,-1,1,-1,1,-1,-1,-1,-1,1,-1,-1,1,1,1,-1,1,-1,1,-1,1,-1,1,-1,-1,-1,1,-1,-1,1,1,1,-1,1,-1,1,1,1,-1,1,1,-1,1,-1,1,-1,-1,1,-1,-1,1,1,1,-1,1,-1,-1,1,1,-1,-1,1,-1,-1,1,1,-1,-1,1,-1,-1,-1,1,1,-1,1,1,-1,-1,1,-1,-1,1,-1,1,-1,1,1,-1,-1,1,-1,-1,-1,-1,-1,1,1,1,-1,-1,1,-1,-1,1,-1,-1,1,-1,-1,1,1,-1,-1,1,-1,-1,1,1,-1,1,-1,-1,-1,-1,1,1,-1,-1,-1,-1,1,1,-1,-1,1,-1,-1,-1,1,1,-1,-1,-1,-1,-1,1,-1,-1,-1,-1,-1,-1,1,1,-1,-1,-1,-1,1,1,1,-1,-1,-1,-1,-1,1,1,1,-1,-1,-1,-1,1,1,-1,-1,-1,-1,1,1,1,1,1,-1,1,1,1,1,1,1,-1,-1,1,1,1,-1,1,-1,1,1,1,1,-1,1,-1,-1,1,-1,1,-1,1,-1,-1,1,-1,1,1,1,-1,-1,1,-1,1,-1,1,-1,-1,1,-1,1,1,1,-1,-1,1,-1,1,1,1,-1,-1,1,1,-1,1,1,-1,-1,1,-1,1,-1,1,-1,-1,-1,-1,-1,1,1,-1,-1,1,-1,-1,1,1,-1,-1,-1,-1,1,-1,1,-1,-1,-1,-1,1,1,-1,-1,1,-1,-1,1,-1,1,-1,-1,-1,-1,-1,1,1,1,-1,-1,-1,1,1,1,-1,-1,1,1,-1,-1,1,-1,1,-1,-1,1,1,1,-1,-1,-1,-1,1,-1,1,1,-1,1,-1,-1,1,1,-1,-1,-1,-1,-1,-1,1,1,-1,-1,1,-1,1,1,-1,-1,-1,1,-1,1,1,-1,-1,1,-1,-1,1,1,1,-1,1,-1,1,1,1,-1,-1,1,-1,-1,1,1,1,-1,1,-1,-1,1,1,-1,1,1,-1,-1,1,1,-1,1,1,-1,-1,1,1,1,1,1,-1,-1,1,1,1,1,-1,1,-1,-1,1,1,1,1,-1,-1,1,-1,1,1,1,1,-1,-1,1,-1,1,1,1,-1,1,1,1,1,-1,1,-1,1,1,1,1,1,1,1,-1,1,1,1,1,-1,1,-1,1,1,1,1,1,-1,1,1,1,1,-1,1,1,-1,1,1,-1,1,1,-1,-1,1,1,1,1,-1,1,-1,1,1,1,-1,-1,1,-1,1,1,1,-1,1,-1,-1,-1,1,1,-1,-1,1,-1,-1,1,1,-1,-1,1,-1,-1,1,1,1,-1,-1,-1,-1,1,1,-1,-1,-1,1,-1,1,1,-1,1,1,-1,1,1,-1,-1,1,-1,-1,-1,1,1,-1,1,1,-1,1,1,-1,-1,-1,-1,1,-1,-1,-1,-1,-1,-1,-1,1,1,-1,1,1,-1,1,1,1,1,-1,1,-1,1,1,1,1,-1,1,-1,-1,1,1,1,-1,1,-1,1,1,1,1,-1,1,-1,1,1,1,-1,-1,1,-1,-1,1,1,-1,-1,-1,1,-1,1,1,1,-1,1,-1,-1,1,-2670.0,1,2000,445,1500,False
1251,1,1,-1,-1,1,1,-1,-1,1,1,1,-1,-1,1,1,1,-1,1,-1,-1,-1,-1,1,1,1,-1,-1,-1,1,1,1,1,1,-1,-1,-1,1,-1,1,1,-1,-1,-1,1,1,1,1,-1,1,1,1,1,-1,1,-1,-1,1,-1,1,1,1,-1,-1,-1,1,1,1,1,-1,-1,-1,1,1,1,1,-1,-1,-1,1,1,1,-1,-1,-1,1,1,1,1,-1,-1,-1,1,1,1,1,-1,-1,1,1,-1,1,1,-1,-1,1,1,1,1,1,-1,-1,1,1,-1,1,1,-1,-1,1,1,1,1,1,1,-1,1,1,1,-1,1,1,-1,1,1,1,1,1,1,-1,-1,1,1,1,1,1,-1,1,1,1,1,1,1,-1,-1,-1,1,1,1,1,-1,1,1,1,1,-1,1,-1,1,-1,1,1,1,-1,-1,1,1,1,1,1,-1,1,-1,-1,1,-1,1,-1,1,1,1,1,1,1,1,1,1,1,1,-1,1,-1,1,1,-1,1,-1,1,1,-1,1,-1,1,-1,1,-1,1,1,-1,-1,-1,1,1,1,1,-1,-1,1,1,-1,-1,1,-1,1,-1,-1,1,-1,1,-1,1,-1,1,-1,1,1,-1,-1,-1,1,1,-1,1,-1,1,1,1,-1,1,1,-1,-1,-1,1,-1,1,-1,1,-1,1,1,-1,1,-1,-1,-1,1,1,-1,1,-1,-1,-1,1,1,-1,-1,1,1,-1,-1,1,1,-1,1,1,-1,1,1,1,1,-1,1,-1,1,1,-1,1,-1,1,1,-1,1,1,1,1,1,-1,-1,1,-1,-1,1,1,1,-1,1,1,1,-1,1,-1,-1,1,1,1,1,1,-1,1,1,1,-1,1,1,-1,1,1,1,-1,1,1,-1,-1,1,1,1,-1,1,-1,1,1,1,-1,1,1,-1,1,1,1,-1,1,-1,-1,1,1,1,-1,1,-1,-1,-1,1,1,-1,1,-1,-1,1,-1,1,-1,1,1,-1,-1,1,1,1,1,1,-1,-1,1,1,-1,1,-1,-1,-1,-1,-1,-1,1,-1,-1,-1,1,1,-1,1,-1,1,-1,1,1,1,1,-1,-1,1,1,1,-1,1,-1,-1,-1,-1,1,1,1,1,-1,-1,1,1,1,1,-1,-1,1,-1,-1,1,-1,1,-1,-1,1,-1,1,1,-1,-1,1,1,-1,1,-1,1,-1,-1,1,-1,1,1,-1,-1,-1,1,-1,-1,1,1,-1,-1,1,-1,1,1,-1,1,-1,1,-1,-1,1,1,-1,-1,1,-1,1,1,-1,-1,1,1,-1,1,-1,1,-1,1,-1,-1,1,-1,1,-1,1,-1,-1,1,-1,-1,-1,1,-1,-1,1,1,1,-1,1,-1,-1,1,-1,-1,1,-1,1,-1,1,1,1,-1,1,1,-1,-1,-1,1,-1,1,-1,-1,1,-1,1,1,1,1,-1,-1,1,1,-1,1,1,1,-1,1,1,1,-1,1,1,-1,1,1,1,1,-1,1,1,-1,-1,-1,1,-1,1,1,1,1,-1,1,-1,1,-1,-1,-1,1,1,-1,1,1,-1,-1,-1,1,-1,1,1,-1,1,-1,1,-1,-1,-1,-1,-1,-1,1,-1,-1,-1,-1,-1,-1,1,-1,1,1,1,1,-1,1,-1,1,1,-1,-1,-1,1,-1,-1,1,-1,1,-1,-1,1,1,1,1,-1,-1,1,1,1,1,-1,1,-1,-1,1,1,1,-1,-1,-1,1,1,1,1,-1,1,-1,1,-1,1,-1,1,1,-1,-1,1,1,1,-1,-1,-1,1,1,1,1,1,-1,-1,-1,1,1,1,1,-1,-1,-1,1,-1,1,-1,-1,-1,-1,1,1,1,1,-1,-1,1,1,1,1,1,-1,-1,-1,1,1,-1,1,-1,-1,-1,1,1,1,1,-1,-1,1,1,1,1,-1,-1,1,1,-1,1,1,-1,-1,-1,1,1,1,1,1,-1,1,1,1,1,1,-1,-1,-1,1,-1,1,-1,-1,-1,-1,1,-1,1,1,1,-1,-1,1,-1,1,1,-1,1,-1,1,1,1,1,-1,1,-1,1,-1,1,1,-1,-1,-1,1,1,-1,-1,-1,-1,-1,1,-1,1,-1,-1,-1,-1,-1,-1,-1,1,-1,-1,-1,1,-1,-1,1,-1,-1,-1,-1,-1,-1,1,-1,-1,-1,-1,-1,1,-1,-1,-1,1,-1,-1,1,-1,1,-1,-1,-1,-1,-1,-1,-1,1,-1,-1,-1,1,1,1,-1,-1,1,-1,-1,-1,-1,-1,1,-1,-1,1,1,1,-1,-1,-1,-1,1,-1,1,1,-1,1,-1,-1,1,1,-1,-1,-1,-1,-1,-1,1,1,-1,-1,1,-1,1,1,-1,-1,-1,1,-1,1,1,-1,-1,1,-1,-1,1,1,1,-1,1,-1,1,1,1,-1,-1,1,-1,-1,1,1,1,-1,1,-1,-1,1,1,-1,1,1,-1,-1,1,1,-1,1,1,-1,-1,1,1,1,1,1,-1,-1,1,1,1,1,1,1,-1,-1,1,1,1,1,-1,-1,1,-1,1,1,1,1,-1,-1,1,-1,1,1,1,-1,1,1,1,1,-1,1,-1,1,1,1,1,1,1,1,-1,1,1,1,1,-1,1,-1,1,1,1,1,1,-1,1,1,1,1,-1,1,1,-1,1,1,-1,1,1,-1,-1,1,1,1,1,-1,1,-1,1,1,1,-1,-1,1,-1,1,1,1,-1,1,-1,-1,-1,1,1,-1,-1,1,-1,-1,1,1,1,-1,1,-1,-1,1,1,1,-1,1,-1,-1,1,1,-1,-1,-1,1,-1,1,1,-1,1,1,-1,1,1,-1,-1,1,-1,-1,-1,1,1,-1,1,1,-1,1,1,-1,-1,-1,-1,1,-1,-1,-1,-1,1,-1,-1,1,1,-1,1,1,-1,1,1,1,1,-1,1,-1,1,1,1,1,-1,1,-1,-1,1,1,1,-1,1,-1,1,1,1,1,-1,1,-1,1,1,1,-1,-1,1,-1,-1,1,1,-1,-1,-1,1,-1,1,1,1,-1,1,-1,-1,1,-2670.0,1,2000,445,1500,False
1252,1,1,-1,-1,1,-1,-1,-1,1,1,1,-1,1,1,1,1,-1,1,-1,-1,-1,-1,1,1,1,-1,-1,-1,1,1,1,1,1,-1,-1,-1,1,1,1,1,-1,-1,-1,1,1,1,1,-1,1,1,1,1,-1,1,-1,-1,1,-1,1,1,1,-1,-1,-1,1,1,1,1,-1,-1,-1,1,1,1,1,-1,-1,-1,1,1,1,-1,-1,-1,1,1,1,1,-1,-1,-1,1,1,1,1,-1,-1,1,1,-1,1,1,-1,-1,1,1,1,1,1,-1,-1,1,1,1,1,1,-1,-1,1,1,1,1,1,1,-1,-1,1,1,-1,1,1,-1,1,1,1,1,1,1,-1,-1,1,1,1,1,1,-1,1,1,1,1,1,1,-1,-1,-1,1,1,1,1,-1,1,1,1,1,-1,1,-1,1,-1,1,1,1,-1,-1,1,1,1,1,1,-1,1,-1,-1,1,-1,1,-1,1,1,1,1,1,1,1,1,1,-1,1,-1,1,-1,1,1,-1,1,-1,1,1,-1,1,-1,1,-1,1,-1,1,1,-1,1,-1,1,1,1,1,-1,-1,1,1,-1,-1,1,-1,1,-1,1,1,-1,1,-1,1,-1,1,-1,1,1,-1,-1,-1,1,1,-1,1,-1,1,1,1,-1,1,1,-1,1,-1,1,-1,1,-1,1,-1,1,1,-1,1,-1,-1,-1,1,1,-1,1,-1,-1,-1,1,1,-1,-1,1,1,-1,-1,1,1,-1,1,1,-1,1,1,1,1,-1,1,-1,1,1,-1,1,-1,1,1,-1,1,1,1,1,1,-1,-1,1,-1,-1,1,1,1,-1,1,1,1,-1,1,-1,-1,1,1,1,1,1,-1,1,1,1,-1,1,1,-1,1,1,1,-1,1,1,-1,-1,1,1,1,-1,1,-1,1,1,1,-1,1,1,-1,1,1,1,-1,1,-1,-1,1,1,1,-1,1,-1,-1,-1,1,1,-1,1,-1,-1,1,-1,1,-1,1,1,-1,-1,1,1,1,-1,1,-1,-1,1,1,-1,1,-1,-1,-1,-1,-1,-1,1,-1,-1,-1,1,1,-1,1,-1,-1,-1,1,1,1,1,-1,-1,1,1,1,-1,1,-1,-1,-1,-1,1,1,-1,1,-1,-1,1,-1,1,-1,-1,-1,-1,-1,-1,1,-1,1,-1,1,-1,1,1,-1,-1,-1,1,1,-1,1,-1,1,-1,-1,1,-1,1,-1,-1,-1,-1,1,-1,-1,1,1,-1,-1,1,-1,1,1,-1,1,-1,1,-1,1,-1,1,-1,1,1,-1,1,-1,-1,-1,1,1,-1,1,-1,1,-1,1,-1,1,1,-1,1,-1,1,-1,-1,1,-1,-1,-1,1,-1,1,-1,-1,1,-1,1,-1,-1,1,-1,-1,1,-1,1,-1,1,-1,1,-1,1,1,-1,1,-1,1,-1,1,-1,-1,1,-1,1,1,-1,1,-1,-1,1,1,-1,-1,1,-1,-1,1,1,1,1,1,1,-1,1,1,1,-1,1,1,1,-1,-1,-1,1,-1,1,1,1,1,-1,1,-1,1,-1,-1,-1,1,1,-1,1,1,-1,-1,-1,1,-1,1,1,-1,1,-1,1,-1,-1,-1,-1,-1,-1,1,-1,-1,-1,-1,-1,-1,1,-1,1,1,1,1,-1,1,-1,1,1,-1,-1,-1,1,-1,-1,1,-1,1,-1,-1,1,1,1,1,-1,-1,1,1,1,1,-1,1,-1,-1,1,1,1,-1,-1,-1,1,1,1,1,-1,-1,-1,1,-1,1,-1,1,1,-1,-1,1,1,1,-1,-1,-1,-1,1,1,1,1,-1,-1,-1,1,1,1,1,-1,-1,-1,1,1,1,-1,-1,-1,1,1,1,1,1,-1,-1,-1,1,1,1,-1,-1,-1,-1,1,1,-1,1,-1,-1,-1,1,1,1,1,-1,-1,1,1,1,1,1,-1,1,1,-1,1,1,-1,-1,-1,1,1,1,1,1,-1,1,1,1,1,1,1,-1,-1,1,-1,1,-1,1,-1,-1,1,-1,1,1,-1,-1,-1,1,-1,1,1,-1,-1,-1,1,1,1,-1,1,-1,-1,1,-1,1,-1,-1,-1,-1,1,1,-1,-1,-1,-1,-1,1,-1,1,-1,-1,-1,-1,-1,-1,-1,1,-1,-1,-1,1,-1,-1,1,-1,-1,-1,-1,-1,-1,1,-1,-1,-1,-1,-1,1,-1,-1,-1,1,-1,-1,1,-1,1,-1,-1,-1,-1,-1,-1,-1,1,-1,-1,-1,1,1,1,-1,-1,-1,1,-1,-1,-1,-1,1,-1,-1,1,-1,1,-1,-1,-1,-1,1,-1,1,1,-1,1,-1,-1,1,1,-1,-1,-1,-1,-1,-1,1,1,-1,-1,1,-1,1,1,-1,-1,-1,1,-1,1,1,-1,-1,1,-1,-1,1,1,1,-1,1,-1,1,1,1,-1,-1,1,-1,-1,1,1,1,-1,1,-1,-1,1,1,-1,1,1,-1,-1,1,1,-1,1,1,-1,-1,1,1,1,1,1,-1,-1,1,1,1,1,1,1,-1,1,1,1,-1,1,-1,-1,1,-1,1,1,1,1,-1,-1,1,-1,1,1,1,-1,1,1,1,1,-1,1,-1,1,1,1,1,1,1,1,-1,-1,1,1,1,-1,1,-1,1,1,1,1,1,-1,1,1,1,1,-1,1,1,-1,-1,1,-1,1,1,-1,-1,1,1,1,1,-1,1,-1,1,1,1,-1,-1,1,-1,1,1,1,-1,1,-1,-1,-1,1,1,-1,-1,1,-1,-1,1,1,-1,-1,1,-1,1,1,1,1,-1,-1,-1,-1,1,1,-1,-1,-1,1,1,-1,1,-1,1,1,-1,1,1,-1,-1,1,1,-1,-1,1,1,-1,1,1,1,1,1,-1,-1,-1,-1,-1,-1,-1,-1,-1,-1,1,1,1,1,-1,1,1,-1,1,1,1,1,-1,1,-1,1,1,1,1,-1,1,-1,1,1,1,1,-1,1,-1,1,1,1,1,-1,1,-1,1,1,1,-1,-1,1,-1,1,1,1,-1,-1,-1,1,-1,1,-1,1,-1,1,-1,1,1,-2670.0,1,2000,445,1500,False
1253,1,1,-1,-1,1,1,-1,-1,1,1,1,-1,-1,1,1,1,-1,1,-1,-1,1,-1,1,1,1,-1,-1,-1,1,1,1,1,-1,-1,-1,-1,1,1,1,1,-1,-1,-1,1,1,1,1,-1,1,1,1,1,-1,1,-1,-1,1,-1,1,1,1,-1,-1,-1,1,1,1,1,-1,-1,-1,1,1,1,1,-1,-1,-1,1,1,1,-1,-1,-1,1,1,1,1,-1,-1,-1,1,1,1,1,-1,-1,1,1,-1,1,1,-1,-1,1,1,1,1,1,-1,-1,1,1,-1,1,1,-1,-1,1,1,1,1,1,1,-1,-1,1,1,-1,1,1,-1,1,1,1,1,1,1,-1,-1,1,1,1,1,1,-1,1,1,1,1,1,1,-1,-1,-1,1,1,1,1,-1,1,1,1,1,-1,1,-1,1,-1,1,1,1,-1,-1,1,1,1,1,1,-1,1,-1,-1,1,-1,1,-1,1,1,1,1,1,1,1,1,1,-1,1,-1,1,-1,1,1,-1,1,-1,1,1,-1,1,-1,1,-1,1,-1,1,1,-1,1,-1,1,1,1,1,-1,-1,1,1,-1,-1,1,-1,1,-1,-1,1,-1,1,-1,1,-1,1,-1,1,1,-1,-1,-1,1,1,-1,1,-1,1,1,1,-1,1,1,-1,1,-1,1,-1,1,-1,1,-1,1,1,-1,1,-1,-1,-1,1,1,-1,1,-1,-1,-1,1,1,-1,-1,1,1,-1,-1,1,1,-1,1,1,-1,1,1,1,1,-1,1,-1,1,1,-1,1,-1,1,1,-1,1,1,1,1,1,-1,-1,1,-1,-1,1,1,1,-1,1,1,1,-1,1,-1,-1,1,1,1,1,1,-1,1,1,1,-1,1,1,-1,1,1,1,-1,1,1,-1,-1,1,1,1,-1,1,-1,1,1,1,-1,1,1,-1,1,1,1,-1,1,-1,-1,1,1,1,-1,1,-1,-1,-1,1,1,-1,1,-1,-1,1,-1,1,-1,1,1,-1,-1,1,1,1,-1,1,-1,-1,1,1,-1,1,-1,-1,-1,-1,-1,-1,1,1,-1,-1,1,1,-1,1,-1,1,-1,1,1,1,1,-1,-1,1,1,1,-1,1,-1,-1,-1,-1,1,1,1,1,-1,-1,1,1,1,-1,-1,-1,1,-1,-1,1,-1,1,-1,-1,1,-1,1,-1,-1,-1,1,1,-1,1,-1,1,-1,-1,1,-1,1,1,-1,-1,-1,1,-1,-1,1,1,-1,-1,1,-1,1,1,-1,1,-1,1,-1,-1,1,1,-1,-1,1,-1,1,1,-1,-1,1,1,-1,1,-1,1,-1,1,-1,-1,1,-1,1,-1,1,-1,-1,1,-1,-1,-1,1,-1,-1,1,-1,1,-1,1,-1,-1,1,-1,-1,1,-1,1,-1,1,1,1,-1,1,1,-1,-1,1,1,-1,1,-1,-1,1,-1,1,1,1,1,-1,-1,1,1,-1,1,1,-1,-1,1,1,1,-1,1,1,-1,1,1,1,1,1,-1,1,-1,-1,-1,1,-1,-1,1,-1,1,-1,1,-1,1,-1,-1,-1,1,1,-1,1,1,-1,-1,-1,1,-1,1,1,-1,1,-1,1,-1,-1,-1,-1,-1,-1,1,-1,-1,-1,-1,-1,-1,1,-1,1,1,1,1,-1,1,-1,1,1,-1,-1,-1,1,-1,-1,1,-1,1,-1,-1,1,1,1,1,-1,-1,1,1,1,1,-1,1,-1,-1,1,1,1,-1,-1,-1,1,1,1,1,-1,1,-1,1,-1,1,-1,1,1,-1,-1,1,1,1,-1,-1,-1,-1,1,1,1,1,-1,-1,-1,1,1,1,1,-1,-1,-1,1,-1,1,-1,-1,-1,1,1,1,1,1,-1,-1,-1,1,1,1,1,-1,-1,-1,1,1,-1,1,-1,-1,-1,1,1,1,1,-1,-1,1,1,1,1,-1,-1,1,1,-1,1,1,-1,-1,-1,1,1,1,1,1,-1,1,1,1,1,1,-1,-1,-1,1,-1,1,-1,-1,-1,-1,1,-1,1,1,1,-1,-1,1,-1,1,1,-1,-1,-1,1,1,1,1,-1,-1,-1,1,-1,1,1,-1,-1,-1,1,1,-1,-1,-1,-1,-1,1,-1,1,-1,-1,-1,-1,-1,-1,-1,1,-1,-1,-1,1,-1,-1,1,-1,-1,-1,-1,-1,-1,1,-1,-1,-1,-1,-1,1,-1,-1,-1,1,-1,-1,1,-1,1,-1,-1,-1,-1,-1,-1,-1,1,-1,-1,-1,1,1,-1,-1,-1,1,1,-1,-1,-1,-1,1,-1,-1,1,1,1,-1,-1,-1,-1,1,-1,1,1,-1,1,-1,-1,1,1,-1,-1,-1,-1,-1,-1,1,1,-1,-1,1,-1,1,1,-1,-1,-1,1,-1,1,1,-1,-1,1,-1,-1,1,1,1,-1,1,-1,1,1,1,-1,-1,1,-1,-1,1,1,1,-1,1,-1,-1,1,1,-1,1,1,-1,-1,1,1,-1,1,1,-1,-1,1,1,-1,1,1,-1,-1,1,1,1,1,1,1,-1,-1,1,1,-1,1,-1,-1,1,-1,1,1,1,1,-1,-1,1,-1,1,1,1,-1,1,1,1,1,-1,1,-1,1,1,1,1,1,1,1,-1,1,1,1,1,-1,1,-1,1,1,1,1,1,-1,1,1,1,1,-1,1,1,-1,1,1,-1,1,1,-1,-1,1,1,1,1,-1,1,-1,1,1,1,-1,-1,1,-1,1,1,1,-1,1,-1,-1,-1,1,1,-1,-1,1,-1,-1,1,1,1,-1,1,-1,-1,1,1,1,-1,1,-1,-1,1,1,-1,-1,-1,1,-1,1,1,-1,1,1,-1,1,1,-1,-1,1,1,-1,-1,1,1,-1,1,1,-1,1,1,-1,-1,-1,-1,1,-1,-1,-1,-1,-1,1,-1,1,1,-1,1,1,-1,1,1,1,1,-1,1,-1,1,1,1,1,-1,1,-1,-1,-1,1,1,-1,1,-1,1,1,1,1,-1,1,-1,1,1,-1,-1,-1,1,-1,-1,1,1,-1,-1,-1,1,-1,1,-1,1,-1,1,-1,1,1,-2670.0,1,2000,445,1500,False
1254,1,1,-1,-1,1,-1,1,-1,1,1,1,-1,1,1,1,1,-1,1,-1,-1,1,-1,1,1,1,-1,-1,-1,1,1,1,1,-1,-1,-1,-1,1,-1,1,1,-1,-1,-1,1,1,1,1,-1,1,1,1,1,-1,1,-1,-1,1,-1,1,1,1,-1,-1,-1,1,1,1,1,-1,-1,-1,1,1,1,1,-1,-1,-1,1,1,1,-1,-1,-1,1,1,1,1,-1,1,-1,1,1,1,1,-1,-1,1,1,-1,1,1,-1,-1,1,1,1,1,1,-1,-1,1,1,-1,1,1,-1,-1,1,1,1,1,1,1,-1,1,1,1,-1,1,1,-1,1,1,1,1,1,1,-1,-1,1,1,1,1,1,-1,1,1,1,1,1,1,-1,-1,-1,1,1,1,1,-1,1,1,1,1,-1,1,-1,1,-1,1,1,1,-1,-1,1,1,1,1,1,-1,1,-1,-1,1,-1,1,-1,1,1,1,1,1,1,1,1,1,-1,1,-1,1,-1,1,1,-1,1,-1,1,1,-1,1,-1,1,-1,1,-1,1,1,-1,1,-1,1,1,1,1,-1,-1,1,1,-1,-1,1,-1,1,-1,-1,1,-1,1,-1,1,-1,1,-1,1,1,-1,-1,-1,1,1,-1,1,-1,1,1,1,-1,1,1,-1,1,-1,1,-1,1,-1,1,-1,1,1,-1,1,-1,-1,-1,1,1,-1,1,-1,-1,-1,1,1,-1,-1,1,1,-1,-1,1,1,-1,1,1,-1,1,1,1,1,-1,1,-1,1,1,-1,1,-1,1,1,-1,1,1,1,1,1,-1,-1,1,-1,-1,-1,1,1,-1,1,1,1,-1,1,-1,-1,1,1,1,1,1,-1,1,1,1,-1,1,1,-1,1,1,1,-1,1,1,-1,1,-1,1,1,-1,1,-1,1,1,1,-1,1,1,-1,1,1,1,-1,1,-1,-1,1,1,1,-1,1,-1,-1,1,1,1,-1,1,-1,-1,-1,-1,1,-1,1,1,-1,1,1,1,1,-1,1,-1,-1,-1,1,-1,1,-1,-1,1,-1,-1,-1,1,-1,-1,1,-1,1,-1,1,-1,1,-1,1,1,1,1,-1,1,-1,1,1,-1,1,-1,-1,-1,-1,1,1,1,1,-1,-1,1,1,1,-1,-1,-1,1,-1,-1,1,-1,1,-1,1,-1,1,1,-1,-1,-1,1,1,-1,1,-1,1,-1,-1,1,-1,1,1,-1,-1,-1,1,-1,-1,1,1,-1,-1,1,-1,1,1,-1,1,-1,1,-1,-1,1,1,-1,1,1,-1,1,1,-1,-1,1,1,-1,1,-1,1,-1,1,-1,-1,1,-1,1,-1,1,-1,-1,1,-1,-1,-1,1,-1,-1,1,-1,1,-1,1,-1,-1,1,-1,-1,1,-1,1,-1,1,1,1,-1,1,1,-1,-1,-1,1,-1,1,-1,-1,1,-1,1,1,-1,1,-1,-1,1,1,-1,-1,1,1,-1,1,1,1,1,1,1,-1,1,1,1,-1,-1,1,1,-1,-1,-1,1,-1,1,1,-1,1,-1,1,-1,1,-1,-1,-1,1,1,-1,1,1,-1,-1,-1,1,-1,1,1,-1,1,-1,1,-1,-1,-1,-1,-1,-1,1,-1,-1,-1,-1,-1,-1,1,-1,1,1,1,1,-1,1,-1,1,1,-1,-1,-1,1,-1,-1,1,-1,1,-1,-1,1,1,1,1,-1,-1,1,1,1,1,-1,1,-1,-1,1,1,1,-1,-1,-1,1,1,1,1,-1,1,-1,1,-1,1,-1,1,1,-1,-1,1,1,1,-1,-1,-1,-1,1,1,1,1,-1,-1,-1,1,1,1,1,-1,-1,-1,1,-1,1,-1,-1,-1,1,1,1,1,1,-1,-1,-1,1,-1,1,1,-1,-1,-1,1,1,-1,1,-1,-1,-1,1,1,1,1,-1,-1,1,1,1,-1,1,-1,1,1,-1,1,1,-1,-1,-1,1,1,-1,1,1,-1,1,1,1,-1,1,1,-1,-1,1,-1,1,-1,1,-1,-1,1,1,-1,1,-1,-1,-1,1,-1,-1,1,-1,1,-1,1,1,-1,-1,1,1,-1,1,-1,-1,-1,-1,-1,-1,1,1,1,-1,-1,-1,-1,1,-1,1,-1,-1,-1,-1,-1,-1,-1,1,-1,-1,-1,1,-1,-1,1,-1,-1,-1,-1,-1,1,1,-1,-1,-1,-1,-1,1,-1,-1,-1,1,-1,-1,1,-1,1,-1,-1,-1,-1,-1,-1,-1,1,-1,-1,-1,1,1,1,-1,-1,1,-1,1,-1,-1,-1,1,-1,-1,1,-1,1,-1,-1,-1,-1,1,-1,1,1,-1,1,-1,-1,1,1,-1,-1,-1,-1,-1,-1,1,1,-1,-1,1,-1,1,1,-1,-1,-1,1,-1,-1,1,-1,-1,1,-1,-1,1,1,1,-1,1,-1,1,1,1,-1,-1,1,-1,-1,1,1,1,-1,1,-1,-1,1,1,-1,1,1,-1,-1,1,1,-1,1,1,-1,-1,1,1,-1,1,1,-1,-1,1,1,1,1,1,1,-1,-1,1,1,-1,1,-1,-1,1,-1,1,1,1,1,-1,-1,1,-1,1,1,1,-1,1,1,1,1,-1,1,-1,1,1,1,1,1,1,1,-1,1,1,1,1,-1,1,-1,1,1,1,1,1,-1,1,1,1,1,-1,1,1,-1,1,1,-1,1,1,-1,-1,1,1,1,1,-1,1,-1,1,1,1,-1,-1,1,-1,1,1,1,-1,1,-1,-1,-1,1,1,-1,-1,1,-1,-1,1,1,1,-1,1,-1,-1,1,1,1,-1,1,-1,-1,1,1,-1,-1,-1,1,-1,-1,1,-1,1,1,-1,1,1,-1,-1,1,1,-1,-1,-1,1,-1,1,1,-1,1,1,-1,-1,-1,-1,1,-1,-1,-1,-1,-1,1,-1,1,1,-1,1,1,-1,1,1,1,1,-1,1,-1,1,1,1,1,-1,1,-1,-1,1,1,1,-1,1,-1,1,1,1,1,-1,1,-1,1,1,-1,-1,-1,1,-1,-1,1,1,-1,-1,-1,1,-1,1,-1,1,-1,1,-1,1,1,-2670.0,1,2000,445,1500,False
1255,1,1,-1,-1,1,-1,-1,-1,1,1,1,-1,1,1,1,1,-1,1,-1,-1,-1,-1,1,1,1,1,-1,-1,1,1,1,1,-1,-1,-1,-1,1,1,1,1,-1,-1,-1,1,1,1,1,-1,1,1,1,1,-1,1,-1,-1,1,-1,1,1,1,-1,-1,-1,1,1,1,1,-1,-1,-1,1,1,1,1,-1,-1,-1,1,1,1,-1,-1,-1,1,1,1,1,-1,-1,-1,1,1,1,1,-1,-1,1,1,-1,1,1,-1,-1,1,1,1,1,1,-1,-1,1,1,1,1,1,-1,-1,1,1,1,1,1,1,-1,1,1,1,-1,1,1,-1,1,1,1,1,1,1,-1,-1,1,1,1,1,1,-1,1,1,1,1,1,1,-1,-1,-1,1,1,1,1,-1,1,1,1,1,-1,1,-1,1,-1,1,1,1,-1,-1,1,1,1,1,1,-1,1,-1,-1,1,-1,1,-1,1,1,1,1,1,1,1,1,1,-1,1,-1,1,-1,1,1,-1,1,-1,1,1,-1,1,-1,1,-1,1,-1,1,1,-1,1,-1,1,1,1,1,-1,-1,1,1,-1,-1,1,-1,1,-1,-1,1,-1,1,-1,1,-1,1,-1,1,1,-1,-1,-1,1,1,-1,1,-1,1,1,1,-1,1,1,-1,1,-1,1,-1,1,-1,1,-1,1,1,-1,1,-1,-1,-1,1,1,-1,1,-1,-1,-1,1,1,-1,-1,1,1,-1,-1,1,1,-1,1,1,-1,1,1,1,1,-1,1,-1,1,1,-1,1,-1,1,1,1,1,1,1,1,1,-1,-1,1,-1,-1,1,1,1,-1,1,1,1,-1,1,1,1,1,1,1,-1,1,-1,1,1,1,-1,-1,1,-1,1,1,1,-1,1,1,-1,-1,1,1,1,-1,1,-1,1,1,1,-1,1,1,-1,1,1,1,-1,1,1,-1,1,1,1,-1,1,1,-1,-1,1,1,-1,1,1,-1,1,-1,1,-1,1,1,1,-1,1,1,1,1,1,1,-1,1,1,-1,1,1,1,-1,-1,-1,-1,1,1,1,-1,1,1,-1,1,1,-1,-1,1,1,1,1,1,-1,1,1,1,-1,1,1,1,-1,-1,1,1,1,-1,1,-1,1,1,1,1,1,1,-1,-1,-1,1,-1,-1,1,1,-1,1,1,1,1,1,1,1,-1,1,-1,-1,1,-1,1,-1,1,1,1,1,1,1,-1,-1,1,-1,1,1,1,-1,1,1,1,-1,1,1,-1,-1,1,-1,1,1,1,-1,1,1,1,1,1,1,-1,1,-1,1,1,1,-1,1,1,-1,1,1,1,-1,-1,1,-1,1,1,1,-1,-1,1,1,-1,1,1,-1,-1,1,-1,1,1,1,1,-1,1,-1,-1,1,1,1,-1,1,-1,-1,1,1,-1,-1,1,-1,-1,1,-1,1,-1,-1,1,-1,1,-1,1,-1,1,1,-1,-1,1,1,1,-1,1,-1,1,-1,-1,1,1,-1,-1,-1,1,-1,-1,-1,1,1,-1,1,-1,1,1,1,-1,1,1,-1,-1,-1,1,-1,-1,1,-1,-1,1,1,1,-1,1,-1,-1,1,1,-1,-1,1,-1,-1,1,1,-1,-1,1,-1,-1,-1,1,1,-1,1,-1,-1,-1,1,-1,-1,1,-1,1,-1,1,1,-1,-1,1,-1,-1,-1,-1,-1,1,1,1,-1,-1,1,-1,-1,1,-1,-1,1,-1,-1,1,1,-1,-1,1,-1,-1,1,1,-1,1,-1,1,-1,-1,1,1,-1,-1,-1,-1,1,1,-1,-1,1,-1,-1,-1,1,1,-1,-1,-1,-1,-1,1,-1,-1,-1,-1,-1,1,1,1,-1,-1,-1,-1,-1,1,1,-1,-1,-1,-1,-1,1,1,1,-1,-1,-1,-1,1,1,-1,-1,-1,-1,1,1,1,1,-1,-1,1,1,1,1,1,-1,-1,-1,1,1,1,1,1,-1,1,1,1,1,-1,1,-1,-1,1,-1,1,-1,1,-1,-1,1,-1,1,-1,-1,-1,-1,1,-1,1,-1,1,-1,-1,1,-1,1,-1,1,-1,-1,1,-1,1,-1,-1,-1,-1,1,1,-1,-1,-1,-1,-1,1,-1,1,-1,-1,-1,-1,-1,-1,-1,1,-1,-1,-1,1,-1,-1,1,-1,-1,-1,-1,-1,1,1,-1,-1,-1,-1,-1,1,-1,-1,-1,1,-1,-1,1,-1,1,-1,-1,-1,-1,-1,-1,-1,1,-1,-1,-1,1,1,1,-1,-1,1,-1,-1,-1,-1,-1,1,-1,-1,1,1,1,-1,-1,-1,-1,1,-1,1,1,-1,1,-1,-1,1,1,-1,-1,-1,-1,-1,-1,1,1,-1,-1,1,-1,1,1,-1,-1,-1,1,-1,1,1,-1,-1,1,-1,-1,1,1,1,-1,1,-1,1,1,1,-1,-1,1,-1,-1,1,1,1,-1,1,-1,-1,1,1,-1,1,1,-1,-1,1,1,-1,1,1,-1,-1,1,1,-1,1,1,-1,-1,1,1,1,1,1,1,-1,-1,1,1,1,1,-1,-1,1,-1,1,1,1,1,-1,-1,1,-1,1,1,1,-1,1,-1,1,1,-1,1,-1,1,1,1,1,1,1,1,-1,-1,1,1,1,-1,1,-1,1,1,1,1,1,-1,1,-1,1,1,-1,1,1,-1,-1,1,-1,1,1,-1,-1,1,1,1,1,-1,1,-1,-1,1,1,-1,-1,1,-1,1,1,1,-1,1,-1,-1,-1,1,1,-1,-1,1,-1,-1,1,1,1,-1,1,-1,-1,1,1,1,-1,1,-1,-1,1,1,-1,-1,1,1,-1,-1,1,-1,1,1,-1,1,1,-1,-1,1,-1,-1,-1,1,1,-1,1,1,-1,1,1,-1,-1,1,-1,1,-1,-1,-1,-1,1,-1,-1,1,1,-1,1,1,-1,1,1,1,1,-1,1,-1,1,1,1,1,-1,1,-1,-1,1,1,1,-1,1,-1,1,1,1,1,-1,1,-1,1,1,1,-1,-1,1,-1,-1,1,1,-1,-1,-1,1,-1,1,1,1,-1,1,-1,-1,1,-2670.0,1,2000,445,1000,False
1256,1,1,-1,-1,1,1,-1,-1,1,1,1,-1,1,1,1,1,-1,1,-1,-1,-1,1,1,1,1,-1,-1,-1,1,1,1,1,-1,-1,-1,-1,1,1,1,1,-1,-1,-1,1,1,1,1,-1,1,1,1,1,-1,1,-1,-1,1,-1,1,1,1,-1,-1,1,1,1,1,1,-1,-1,1,1,1,1,1,-1,-1,-1,1,1,1,-1,-1,-1,1,1,1,1,-1,-1,-1,1,1,1,1,-1,-1,1,1,-1,1,1,-1,-1,1,1,1,1,1,-1,-1,1,1,-1,1,1,-1,-1,1,1,1,1,1,1,-1,1,1,1,-1,1,1,-1,1,1,1,1,1,1,-1,-1,1,1,1,1,1,-1,1,1,1,1,1,1,-1,-1,-1,1,1,1,1,-1,1,1,1,1,-1,1,-1,1,-1,1,1,1,-1,-1,1,1,1,1,1,-1,1,-1,-1,1,-1,1,-1,1,1,1,1,1,1,1,1,1,-1,1,-1,1,-1,1,1,-1,1,-1,1,1,-1,1,-1,1,-1,1,-1,1,1,-1,-1,-1,1,1,1,1,-1,-1,1,1,-1,-1,1,-1,1,-1,-1,1,-1,1,-1,1,-1,1,-1,-1,1,-1,-1,-1,1,1,-1,1,-1,1,1,1,-1,1,1,-1,1,-1,1,-1,1,-1,1,-1,1,1,-1,1,-1,-1,-1,1,1,-1,1,-1,-1,-1,1,1,-1,-1,1,1,-1,-1,1,1,-1,1,1,-1,1,1,1,1,-1,1,-1,1,1,-1,1,-1,1,1,1,1,1,1,1,1,-1,-1,1,-1,-1,-1,1,1,-1,1,1,1,-1,1,1,1,1,1,1,1,1,-1,1,1,1,-1,-1,1,-1,1,1,1,-1,1,1,-1,-1,1,1,1,-1,1,-1,1,1,1,-1,1,1,-1,1,1,1,-1,1,1,-1,1,1,1,-1,1,1,-1,-1,1,1,-1,1,1,-1,1,-1,1,-1,1,1,1,-1,1,1,1,-1,1,1,-1,1,1,-1,1,1,1,-1,-1,-1,-1,1,1,1,-1,1,1,-1,1,1,-1,-1,1,1,1,1,1,-1,1,1,1,-1,1,1,1,1,-1,1,1,1,-1,1,-1,1,1,1,1,1,1,-1,-1,-1,1,-1,-1,1,-1,1,-1,1,-1,1,1,1,1,-1,1,-1,-1,1,-1,1,-1,1,1,-1,1,1,1,-1,-1,1,-1,1,1,-1,-1,1,1,1,-1,1,1,-1,-1,1,-1,1,1,-1,-1,1,1,1,1,-1,1,-1,1,-1,-1,1,-1,1,-1,1,-1,1,1,-1,-1,-1,1,-1,1,1,1,-1,-1,1,-1,-1,1,-1,-1,-1,1,-1,1,1,-1,1,-1,1,1,-1,1,-1,-1,-1,-1,1,-1,1,-1,-1,-1,1,1,-1,1,-1,-1,-1,-1,1,-1,1,-1,-1,-1,-1,1,-1,-1,1,1,1,-1,1,-1,1,-1,1,1,1,-1,-1,-1,1,-1,-1,1,1,-1,1,1,-1,1,1,1,-1,1,1,-1,1,-1,1,-1,-1,1,-1,-1,1,1,-1,-1,1,-1,-1,1,1,1,-1,1,-1,-1,1,1,-1,-1,1,-1,-1,-1,1,1,-1,1,1,-1,-1,1,-1,-1,1,-1,1,-1,1,1,-1,-1,1,-1,-1,-1,-1,-1,1,1,1,-1,-1,1,-1,-1,1,-1,-1,1,-1,-1,1,1,-1,-1,1,1,-1,1,1,-1,1,-1,1,-1,-1,1,1,-1,-1,-1,-1,-1,1,-1,-1,1,-1,-1,-1,1,1,-1,-1,-1,-1,-1,1,-1,-1,-1,-1,-1,-1,1,1,-1,-1,-1,-1,1,1,1,-1,-1,-1,-1,-1,1,1,1,-1,-1,-1,-1,1,1,-1,-1,-1,-1,1,1,1,1,1,-1,1,1,1,1,1,1,-1,-1,1,1,1,1,-1,-1,1,1,1,1,-1,1,-1,-1,1,-1,1,-1,1,-1,-1,1,-1,1,1,1,-1,-1,1,-1,1,-1,1,-1,-1,1,-1,1,1,1,-1,-1,1,-1,1,1,1,-1,-1,1,1,-1,1,1,-1,-1,1,-1,1,-1,1,-1,-1,-1,-1,-1,1,1,-1,-1,1,-1,-1,1,1,-1,-1,-1,-1,1,-1,1,-1,-1,-1,-1,1,-1,-1,-1,1,-1,-1,1,-1,1,-1,-1,-1,-1,-1,-1,1,1,-1,-1,-1,1,1,1,-1,-1,1,-1,-1,-1,1,-1,1,-1,-1,1,1,1,-1,-1,-1,-1,1,-1,1,1,-1,1,-1,-1,1,1,-1,-1,-1,-1,-1,-1,1,1,-1,-1,1,-1,1,1,-1,-1,-1,1,-1,1,1,-1,-1,1,-1,-1,1,1,1,-1,1,-1,1,1,1,-1,-1,1,-1,-1,1,1,1,-1,1,-1,-1,1,1,-1,1,1,-1,-1,1,1,-1,1,1,-1,-1,1,1,-1,1,1,-1,-1,1,1,1,1,-1,1,-1,-1,1,1,-1,1,-1,-1,1,-1,1,1,1,1,-1,-1,1,-1,1,1,1,-1,1,1,1,1,-1,1,-1,1,1,1,1,1,1,1,-1,1,1,1,1,-1,1,-1,1,1,1,1,1,-1,1,1,1,1,-1,1,1,-1,1,1,-1,1,1,-1,-1,1,1,1,1,-1,1,-1,1,1,1,-1,-1,1,-1,1,1,1,-1,1,-1,-1,-1,1,1,-1,-1,1,-1,-1,1,1,-1,-1,1,-1,-1,1,1,1,-1,1,-1,-1,1,1,-1,-1,-1,1,-1,1,1,-1,1,1,-1,1,1,-1,-1,1,1,-1,-1,1,1,-1,1,1,-1,1,1,-1,-1,1,-1,1,-1,-1,-1,-1,1,-1,-1,1,1,-1,1,1,-1,1,1,1,1,-1,1,-1,1,1,1,1,-1,1,-1,-1,-1,1,1,-1,1,-1,1,1,1,1,-1,1,-1,1,1,1,-1,-1,1,-1,-1,1,1,-1,-1,-1,1,-1,1,-1,1,-1,1,-1,-1,1,-2670.0,1,2000,445,0,False
1257,1,1,-1,-1,1,-1,1,-1,1,1,1,-1,1,1,1,1,-1,1,-1,-1,1,-1,1,1,1,-1,1,-1,1,1,1,1,-1,-1,-1,-1,1,-1,1,1,-1,-1,-1,1,1,1,1,-1,1,1,1,1,-1,1,-1,-1,1,-1,1,1,1,-1,-1,-1,1,1,1,1,-1,-1,-1,1,1,1,1,-1,-1,-1,1,1,1,-1,-1,-1,1,1,1,1,-1,1,-1,1,1,1,1,-1,-1,1,1,-1,1,1,-1,-1,1,1,1,1,1,-1,-1,1,1,1,1,1,-1,-1,1,1,1,1,1,1,-1,1,1,1,-1,1,1,-1,1,1,1,1,1,1,-1,-1,1,1,1,1,1,-1,1,1,1,1,1,1,-1,-1,-1,1,1,1,1,-1,1,1,1,1,-1,1,-1,1,-1,1,1,1,-1,-1,1,1,1,1,1,-1,1,-1,-1,1,-1,1,-1,1,1,1,1,1,1,1,1,1,-1,1,-1,1,-1,1,1,-1,1,-1,1,1,-1,1,-1,1,-1,1,-1,1,1,-1,1,-1,1,1,1,1,-1,-1,1,1,-1,-1,1,-1,1,-1,-1,1,-1,1,-1,1,-1,1,-1,-1,1,-1,-1,-1,1,1,-1,1,-1,1,1,1,-1,1,1,-1,-1,-1,1,-1,1,-1,1,-1,1,1,-1,1,-1,-1,-1,1,1,-1,1,-1,-1,-1,1,1,-1,-1,1,1,-1,-1,1,1,-1,1,1,-1,1,1,1,1,-1,1,-1,1,1,-1,1,-1,1,1,-1,1,1,1,1,1,-1,-1,1,-1,-1,1,1,1,-1,1,1,1,-1,1,-1,-1,1,1,1,1,1,-1,1,1,1,-1,-1,1,-1,1,1,1,-1,1,1,-1,1,-1,1,1,-1,1,-1,1,1,1,-1,1,1,-1,1,1,1,-1,1,-1,-1,1,1,1,-1,1,-1,-1,1,1,1,-1,1,-1,-1,-1,-1,1,-1,1,1,-1,1,1,1,1,1,1,-1,-1,-1,1,-1,1,-1,-1,1,-1,-1,-1,1,1,-1,1,-1,1,-1,1,-1,1,-1,1,1,1,1,-1,1,-1,1,1,-1,1,-1,-1,-1,-1,1,1,1,1,-1,-1,1,1,1,1,-1,-1,1,-1,-1,1,-1,1,-1,1,-1,1,1,1,-1,-1,1,1,-1,1,-1,1,-1,-1,1,-1,1,1,-1,-1,-1,1,-1,-1,1,1,-1,-1,1,-1,1,1,-1,1,-1,1,-1,-1,1,1,-1,1,1,-1,1,1,-1,-1,1,1,-1,1,-1,1,-1,1,-1,-1,1,-1,1,-1,1,-1,-1,1,-1,-1,-1,1,-1,-1,1,-1,1,1,1,-1,-1,1,-1,-1,1,-1,1,-1,1,-1,1,-1,1,1,-1,-1,-1,1,-1,1,-1,-1,1,-1,1,1,-1,1,-1,-1,1,1,-1,-1,1,-1,-1,1,1,1,1,1,1,-1,1,1,1,-1,1,-1,1,-1,-1,-1,1,-1,-1,1,-1,1,-1,1,-1,1,-1,-1,-1,1,1,-1,1,1,-1,-1,-1,1,-1,1,1,-1,1,-1,1,-1,-1,-1,-1,-1,-1,1,-1,-1,-1,-1,-1,-1,1,-1,1,1,1,1,-1,1,-1,1,1,-1,-1,-1,1,-1,-1,1,-1,1,-1,-1,1,1,1,1,-1,-1,1,1,1,1,-1,1,-1,-1,1,1,1,-1,-1,-1,1,1,1,1,-1,-1,-1,1,-1,1,-1,1,1,-1,-1,1,1,1,-1,-1,-1,1,1,1,1,1,-1,-1,-1,1,1,1,1,-1,-1,-1,1,-1,1,-1,-1,-1,1,1,1,1,1,-1,-1,-1,1,-1,1,-1,-1,-1,-1,1,1,-1,1,-1,-1,-1,1,1,1,1,-1,-1,1,1,1,-1,1,-1,1,1,-1,1,1,-1,-1,-1,1,1,-1,1,1,-1,1,1,1,-1,1,1,-1,-1,1,-1,1,-1,1,-1,-1,1,1,-1,1,-1,-1,-1,1,-1,-1,1,-1,1,-1,1,1,-1,-1,1,1,-1,1,-1,-1,-1,-1,-1,-1,1,1,1,-1,-1,-1,-1,1,-1,1,-1,-1,-1,-1,-1,-1,-1,1,-1,-1,-1,1,-1,-1,1,-1,-1,-1,-1,-1,1,1,-1,-1,-1,-1,-1,1,-1,-1,-1,1,-1,-1,1,-1,1,-1,-1,-1,-1,-1,-1,-1,1,-1,-1,-1,1,1,-1,-1,-1,1,-1,1,-1,-1,-1,1,-1,-1,1,-1,1,-1,-1,-1,-1,1,-1,1,1,-1,1,-1,-1,1,1,-1,-1,-1,-1,-1,-1,1,1,-1,-1,1,-1,1,1,-1,-1,-1,1,-1,-1,1,-1,-1,1,-1,-1,1,1,1,-1,1,-1,1,1,1,-1,-1,1,-1,-1,1,1,1,-1,1,-1,-1,1,1,-1,1,1,-1,-1,1,1,-1,1,1,-1,-1,1,1,-1,1,1,-1,-1,1,1,1,1,-1,1,-1,-1,1,1,1,1,-1,-1,1,-1,1,1,1,1,-1,-1,1,-1,1,1,1,-1,1,1,1,1,-1,1,-1,1,1,1,1,1,1,1,-1,1,1,1,1,-1,1,-1,1,1,1,1,1,-1,1,1,1,1,-1,1,1,-1,1,1,-1,1,1,-1,-1,1,1,1,1,-1,1,-1,1,1,1,-1,-1,1,-1,1,1,1,-1,1,-1,-1,-1,1,1,-1,-1,1,-1,-1,1,1,1,-1,1,-1,-1,1,1,1,-1,-1,-1,-1,1,1,-1,-1,-1,1,-1,-1,1,-1,1,1,-1,1,1,-1,-1,1,-1,-1,-1,-1,1,-1,1,1,-1,1,1,-1,-1,1,-1,1,-1,-1,-1,-1,1,-1,-1,1,1,-1,1,1,-1,1,1,1,1,-1,1,-1,1,1,1,1,-1,1,-1,-1,1,1,1,-1,1,-1,1,1,1,1,-1,1,-1,1,1,-1,-1,-1,1,-1,-1,1,1,-1,-1,-1,1,-1,1,-1,1,-1,1,-1,-1,1,-2670.0,1,2000,445,0,False
1258,1,1,-1,-1,1,1,-1,-1,1,1,1,-1,-1,1,1,1,-1,1,-1,-1,-1,-1,1,1,1,-1,-1,-1,1,1,1,1,-1,-1,-1,-1,1,1,1,1,-1,-1,-1,1,1,1,1,-1,1,1,1,1,-1,1,-1,-1,1,-1,1,1,1,-1,-1,-1,1,1,1,1,-1,-1,-1,1,1,1,1,-1,-1,-1,1,1,1,-1,-1,-1,1,1,1,1,-1,-1,-1,1,1,1,1,-1,-1,1,1,-1,1,1,-1,-1,1,1,1,1,1,-1,-1,1,1,1,1,1,-1,-1,1,1,1,1,1,1,-1,-1,1,1,-1,1,1,-1,1,1,1,1,1,1,-1,-1,1,1,1,1,1,-1,1,1,1,1,1,1,-1,-1,-1,1,1,1,1,-1,1,1,1,1,-1,1,-1,1,-1,1,1,1,-1,-1,1,1,1,1,1,-1,1,-1,-1,1,-1,1,-1,1,1,1,1,1,1,1,1,1,-1,1,-1,1,-1,1,1,-1,1,-1,1,1,-1,1,-1,1,-1,1,-1,1,1,-1,1,-1,1,1,1,1,-1,-1,1,1,-1,-1,1,-1,1,-1,-1,1,-1,1,-1,1,-1,1,-1,1,1,-1,-1,-1,1,1,-1,1,-1,1,1,1,-1,1,1,-1,1,-1,1,-1,1,-1,1,-1,1,1,-1,1,-1,-1,-1,1,1,-1,1,-1,-1,-1,1,1,-1,-1,1,1,-1,-1,1,1,-1,1,1,-1,1,1,1,1,-1,1,-1,1,1,-1,1,-1,1,-1,1,1,1,1,1,1,-1,-1,1,-1,-1,1,1,1,-1,1,1,1,-1,1,1,1,1,1,1,1,1,-1,1,1,1,-1,1,1,-1,1,1,1,-1,1,1,-1,-1,1,1,1,-1,1,-1,1,1,1,-1,1,1,-1,1,1,1,-1,1,1,-1,1,1,1,-1,1,1,1,-1,1,1,-1,1,1,-1,1,-1,1,-1,1,1,1,-1,1,1,1,-1,1,1,-1,1,1,-1,1,1,1,-1,-1,-1,-1,1,1,1,-1,1,1,-1,1,1,-1,-1,1,1,1,1,1,-1,1,1,1,-1,1,1,1,1,-1,1,1,1,-1,1,-1,1,1,1,-1,1,1,-1,-1,-1,1,-1,-1,1,-1,1,-1,1,-1,1,1,1,-1,-1,1,-1,-1,1,-1,1,-1,1,1,1,1,-1,1,-1,-1,1,-1,1,1,-1,-1,1,1,1,-1,1,-1,-1,-1,1,-1,1,1,-1,-1,1,1,1,1,-1,1,-1,1,-1,1,1,-1,-1,-1,1,-1,1,1,-1,-1,-1,1,-1,1,1,1,-1,-1,1,-1,-1,1,-1,-1,-1,1,-1,1,1,1,-1,-1,1,-1,-1,1,-1,-1,-1,-1,-1,-1,1,-1,-1,-1,1,-1,-1,1,-1,-1,-1,-1,1,-1,1,-1,-1,-1,-1,1,-1,-1,1,1,1,-1,1,-1,1,-1,1,1,1,-1,-1,-1,1,-1,-1,-1,1,1,-1,1,-1,1,1,1,-1,1,1,-1,-1,-1,1,-1,-1,1,-1,-1,1,1,1,-1,1,-1,-1,1,1,-1,-1,1,-1,-1,1,1,-1,-1,1,-1,-1,-1,1,1,-1,1,1,-1,-1,1,-1,-1,1,-1,1,-1,1,1,-1,-1,1,-1,-1,-1,-1,-1,1,1,1,-1,-1,1,-1,-1,1,-1,-1,1,-1,-1,1,1,-1,-1,1,-1,-1,1,1,-1,1,-1,-1,-1,-1,1,1,-1,-1,-1,-1,1,1,-1,-1,1,-1,-1,-1,1,1,-1,-1,-1,-1,-1,1,-1,-1,-1,-1,-1,1,1,1,-1,-1,-1,-1,-1,1,1,-1,-1,-1,-1,-1,1,1,1,-1,-1,-1,-1,1,1,1,-1,-1,-1,1,1,1,1,1,-1,1,1,1,1,1,1,-1,-1,1,1,1,-1,-1,-1,1,1,1,1,-1,1,-1,-1,1,-1,1,-1,1,-1,-1,1,-1,1,1,1,-1,-1,1,-1,1,-1,1,-1,-1,1,-1,1,1,1,-1,-1,1,-1,1,1,1,-1,-1,1,1,-1,1,1,-1,-1,1,-1,1,-1,1,-1,-1,-1,-1,-1,1,1,-1,-1,1,-1,-1,1,1,-1,-1,-1,-1,-1,-1,1,-1,-1,-1,-1,1,1,-1,-1,1,-1,-1,1,-1,1,-1,-1,-1,-1,-1,1,1,1,-1,-1,-1,1,1,1,-1,-1,1,-1,-1,-1,1,-1,1,-1,-1,1,1,1,-1,-1,-1,-1,1,-1,1,1,-1,1,-1,-1,1,1,-1,-1,-1,-1,-1,-1,1,1,-1,-1,1,-1,1,1,-1,-1,-1,1,-1,1,1,-1,-1,1,-1,-1,1,1,1,-1,1,-1,1,1,1,-1,-1,1,-1,-1,1,1,1,-1,1,-1,-1,1,1,-1,1,1,-1,-1,1,1,-1,1,1,-1,-1,1,1,-1,1,1,-1,-1,1,1,1,1,1,1,-1,-1,1,1,1,1,-1,-1,1,-1,1,1,1,1,-1,-1,1,-1,1,1,1,-1,1,1,1,1,-1,1,-1,1,1,1,1,1,1,1,-1,1,1,1,1,-1,1,-1,1,1,1,1,1,-1,1,1,1,1,-1,1,1,-1,1,1,-1,1,1,-1,-1,1,1,1,1,-1,1,-1,1,1,1,-1,-1,1,-1,1,1,1,-1,1,-1,-1,-1,1,1,-1,-1,1,-1,-1,1,1,-1,-1,1,-1,-1,1,1,1,-1,1,-1,-1,1,1,-1,-1,-1,1,-1,1,1,-1,1,1,-1,1,1,-1,-1,1,1,-1,-1,1,1,-1,1,1,-1,1,1,-1,-1,-1,-1,1,-1,-1,-1,-1,-1,1,-1,1,1,-1,1,1,-1,1,1,1,1,-1,1,-1,1,1,1,1,-1,1,-1,-1,1,1,1,-1,1,-1,1,1,1,1,-1,1,-1,1,1,1,-1,-1,1,-1,-1,1,1,-1,-1,-1,1,-1,1,-1,1,-1,1,-1,-1,1,-2670.0,1,2000,445,1500,False
1259,1,1,-1,-1,1,1,-1,-1,1,1,1,-1,-1,1,1,1,-1,1,1,-1,-1,-1,1,1,1,1,-1,-1,1,1,1,1,-1,-1,-1,-1,1,-1,1,1,-1,-1,-1,1,1,1,1,-1,1,1,1,1,-1,1,-1,-1,1,-1,1,1,1,-1,-1,-1,1,1,1,1,-1,-1,-1,1,1,1,1,-1,-1,-1,1,1,1,-1,-1,-1,1,1,1,1,-1,-1,1,1,1,1,1,-1,-1,-1,1,-1,1,1,-1,-1,1,1,1,1,1,-1,-1,-1,1,-1,1,1,-1,-1,1,1,1,1,1,1,-1,-1,1,1,-1,1,1,-1,1,1,1,1,1,1,-1,1,1,1,1,1,1,-1,1,1,1,1,1,1,-1,-1,-1,1,1,1,1,-1,1,1,1,1,-1,1,-1,1,-1,1,1,1,-1,-1,1,1,1,1,1,-1,1,-1,-1,1,-1,1,-1,1,1,1,1,1,1,1,1,1,-1,1,-1,1,-1,1,1,-1,1,-1,1,1,-1,1,-1,1,-1,1,-1,1,1,-1,-1,-1,1,1,1,1,-1,-1,1,1,-1,-1,1,-1,1,-1,-1,1,-1,1,-1,1,-1,1,-1,-1,1,-1,-1,-1,1,1,-1,1,-1,1,1,1,-1,1,1,-1,1,-1,1,-1,1,-1,1,-1,1,1,-1,1,-1,-1,-1,1,1,-1,1,-1,-1,-1,1,1,-1,-1,1,1,-1,-1,1,1,-1,1,1,-1,1,1,1,1,-1,1,-1,1,1,-1,1,-1,1,1,1,1,1,1,1,1,-1,-1,1,-1,-1,1,1,1,-1,1,1,1,-1,1,1,1,1,1,1,-1,1,-1,1,1,1,-1,1,1,-1,1,1,1,-1,1,1,-1,-1,1,1,1,-1,1,-1,1,1,1,-1,1,1,-1,1,1,1,-1,1,1,-1,1,1,1,-1,1,1,1,-1,1,1,-1,1,1,-1,1,-1,1,-1,1,1,1,-1,1,1,1,1,1,1,-1,1,1,-1,1,1,1,-1,-1,-1,-1,1,1,1,-1,1,1,-1,1,1,-1,-1,1,1,1,1,1,-1,1,1,1,-1,1,1,1,-1,-1,1,1,1,-1,1,-1,1,1,1,1,1,1,-1,-1,-1,1,-1,-1,1,1,-1,1,1,1,1,1,1,1,-1,1,-1,-1,1,-1,1,-1,1,1,-1,1,1,1,-1,-1,1,-1,1,1,1,-1,1,1,1,-1,1,1,-1,-1,1,-1,1,1,1,-1,1,1,1,1,1,1,-1,1,-1,1,1,1,-1,-1,1,-1,1,1,1,-1,-1,1,-1,1,1,1,-1,-1,1,-1,-1,1,1,-1,-1,1,-1,1,1,1,1,-1,1,1,-1,1,1,1,-1,-1,1,-1,1,1,-1,-1,1,-1,-1,1,-1,1,-1,-1,1,-1,1,-1,1,-1,-1,1,-1,-1,1,1,1,-1,1,-1,1,-1,1,1,1,-1,-1,-1,1,-1,-1,1,1,1,-1,1,-1,1,1,1,-1,1,1,-1,-1,-1,1,-1,-1,1,-1,-1,1,1,1,-1,1,-1,-1,1,1,-1,-1,1,-1,-1,1,1,-1,-1,1,-1,-1,-1,1,1,-1,1,1,-1,-1,1,-1,-1,1,-1,1,-1,1,1,-1,-1,1,-1,-1,-1,-1,-1,1,1,1,-1,-1,1,-1,-1,1,-1,-1,1,-1,-1,1,1,-1,-1,1,1,-1,1,1,-1,1,-1,1,-1,-1,1,1,-1,-1,-1,-1,1,1,-1,-1,1,-1,-1,-1,1,1,-1,-1,-1,-1,-1,1,-1,-1,-1,-1,-1,-1,1,1,-1,-1,-1,-1,1,1,1,-1,-1,-1,-1,-1,1,1,1,-1,-1,-1,-1,1,1,-1,-1,-1,-1,1,1,1,1,-1,-1,1,1,1,1,1,-1,-1,-1,1,1,1,-1,1,-1,1,1,1,1,-1,1,-1,-1,1,-1,1,-1,1,-1,-1,1,-1,1,-1,-1,-1,-1,1,-1,1,-1,1,1,-1,1,-1,1,-1,1,1,-1,1,-1,1,-1,-1,-1,-1,1,1,-1,-1,-1,-1,-1,1,-1,1,-1,-1,-1,-1,-1,-1,-1,1,-1,-1,-1,1,-1,-1,1,-1,-1,-1,-1,-1,1,1,-1,-1,-1,-1,-1,1,-1,-1,-1,1,-1,-1,1,-1,1,-1,-1,-1,-1,-1,-1,-1,1,-1,-1,-1,1,1,-1,-1,-1,1,1,-1,-1,-1,-1,1,-1,-1,1,-1,1,-1,-1,-1,-1,1,-1,1,1,-1,1,-1,-1,1,1,-1,-1,-1,-1,-1,-1,1,1,-1,-1,1,-1,1,1,-1,-1,-1,1,-1,1,1,-1,-1,1,-1,-1,1,1,1,-1,1,-1,1,1,1,-1,-1,1,-1,-1,1,1,1,-1,1,-1,-1,1,1,-1,1,1,-1,-1,1,1,-1,1,1,-1,-1,1,1,-1,1,1,-1,-1,1,1,1,1,-1,1,-1,-1,1,-1,1,1,-1,-1,1,-1,1,1,1,1,-1,-1,1,-1,1,1,1,-1,1,1,1,1,-1,1,-1,1,1,1,1,1,1,1,-1,1,1,1,1,-1,1,-1,1,1,1,1,1,-1,1,1,1,1,-1,1,1,-1,1,1,-1,1,1,-1,-1,1,1,1,1,-1,1,-1,1,1,1,-1,-1,1,-1,1,1,1,-1,1,-1,-1,-1,1,1,-1,-1,1,-1,-1,1,1,1,-1,1,-1,-1,1,1,1,-1,1,-1,-1,1,1,-1,-1,-1,1,-1,1,1,-1,1,1,-1,1,1,-1,-1,1,-1,-1,-1,1,1,-1,1,1,-1,1,1,-1,-1,-1,-1,1,-1,-1,-1,-1,1,-1,-1,1,1,-1,1,1,-1,1,1,1,1,-1,1,-1,1,1,1,-1,-1,1,-1,-1,-1,1,-1,-1,1,-1,1,1,1,-1,-1,1,-1,1,1,1,1,-1,1,-1,-1,1,1,1,-1,-1,1,-1,1,-1,1,-1,1,-1,-1,1,-2670.0,1,2000,445,1500,False
1260,1,1,-1,-1,1,-1,-1,-1,1,1,1,-1,1,1,1,1,-1,1,-1,-1,1,-1,1,1,1,-1,-1,-1,1,1,1,1,-1,-1,-1,-1,1,1,1,1,-1,-1,-1,1,1,1,1,-1,1,1,1,1,-1,1,-1,-1,1,-1,1,1,1,-1,-1,-1,1,1,1,1,-1,-1,-1,1,1,1,1,-1,-1,-1,1,1,1,-1,-1,-1,1,1,1,1,-1,1,-1,1,1,1,1,-1,-1,1,1,-1,1,1,-1,-1,1,1,1,1,1,-1,-1,1,1,1,1,1,-1,-1,1,1,1,1,1,1,-1,1,1,1,-1,1,1,-1,1,1,1,1,1,1,-1,-1,1,1,1,1,1,-1,1,1,1,1,1,1,-1,-1,-1,1,1,1,1,-1,1,1,1,1,-1,1,-1,1,-1,1,1,1,-1,-1,1,1,1,1,1,-1,1,-1,-1,1,-1,1,-1,1,1,1,1,1,1,1,1,1,-1,1,-1,1,-1,1,1,-1,1,-1,1,1,-1,1,-1,1,-1,1,-1,1,1,-1,-1,-1,1,1,1,1,-1,-1,1,1,-1,-1,1,-1,1,-1,1,1,-1,1,-1,1,-1,1,-1,-1,1,-1,-1,-1,1,1,-1,1,-1,1,1,1,-1,1,1,-1,-1,-1,1,-1,1,-1,1,-1,1,1,-1,1,-1,-1,-1,1,1,-1,1,-1,-1,-1,1,1,-1,-1,1,1,-1,-1,1,1,-1,1,1,-1,1,1,1,1,-1,1,-1,1,1,-1,1,-1,1,1,-1,1,1,1,1,1,-1,-1,1,-1,-1,-1,1,1,-1,1,1,1,-1,1,-1,-1,1,1,1,1,1,-1,1,1,1,-1,1,1,-1,1,1,1,-1,1,1,-1,-1,1,1,1,-1,1,-1,1,1,1,-1,1,1,-1,1,1,1,-1,1,-1,-1,1,1,1,-1,1,-1,-1,-1,1,1,-1,1,-1,-1,1,-1,1,-1,1,1,-1,-1,1,1,1,-1,1,-1,-1,1,1,-1,1,-1,-1,-1,-1,-1,-1,1,-1,-1,-1,1,1,-1,1,-1,-1,-1,1,1,1,1,1,-1,1,1,1,-1,1,-1,-1,-1,-1,1,1,1,1,-1,-1,1,1,1,-1,-1,-1,1,-1,-1,1,-1,1,-1,-1,1,-1,1,-1,-1,-1,1,1,-1,1,-1,1,-1,-1,1,-1,1,1,-1,-1,-1,1,-1,-1,1,1,-1,-1,1,-1,1,1,-1,1,-1,1,-1,-1,1,1,-1,-1,1,-1,1,1,-1,-1,1,1,-1,1,-1,1,-1,1,-1,-1,1,-1,1,-1,1,-1,-1,1,-1,-1,-1,1,-1,-1,1,1,1,-1,1,-1,-1,1,-1,-1,1,-1,1,-1,1,-1,1,-1,1,1,-1,-1,-1,1,-1,1,-1,-1,1,-1,1,1,1,1,-1,-1,1,1,-1,1,1,1,-1,1,1,1,-1,1,1,-1,1,1,1,1,1,1,1,-1,-1,-1,1,-1,1,1,-1,1,-1,1,-1,1,-1,-1,-1,1,1,-1,1,1,-1,-1,-1,1,-1,1,1,-1,1,-1,1,-1,-1,-1,-1,-1,-1,1,-1,-1,-1,-1,-1,-1,1,-1,1,1,1,1,-1,1,-1,1,1,-1,-1,-1,1,-1,-1,1,-1,1,-1,-1,1,1,1,1,-1,-1,1,1,1,1,-1,1,-1,-1,1,1,1,-1,-1,-1,1,1,1,1,-1,-1,-1,1,-1,1,-1,1,1,-1,-1,1,1,1,-1,-1,-1,1,1,1,1,1,-1,-1,-1,1,1,1,1,-1,-1,-1,1,1,1,-1,-1,-1,-1,1,1,1,1,-1,-1,1,1,1,1,1,-1,-1,-1,1,1,-1,1,-1,-1,-1,1,1,1,1,-1,-1,1,1,1,1,-1,-1,1,1,-1,1,1,-1,-1,-1,1,1,1,1,1,-1,1,1,1,1,1,-1,-1,-1,1,-1,1,-1,-1,-1,-1,1,-1,1,1,1,-1,-1,1,-1,1,1,-1,-1,-1,1,1,1,1,-1,-1,-1,1,-1,1,1,-1,-1,-1,1,1,-1,-1,-1,-1,-1,1,-1,1,-1,-1,-1,-1,-1,-1,-1,1,-1,-1,-1,1,-1,-1,1,-1,-1,-1,-1,-1,-1,1,-1,-1,-1,-1,-1,1,-1,-1,-1,1,-1,-1,1,-1,1,-1,-1,-1,-1,-1,-1,-1,1,-1,-1,-1,1,1,-1,-1,-1,-1,1,-1,-1,-1,-1,1,-1,-1,1,1,1,-1,-1,-1,-1,1,-1,1,1,-1,1,-1,-1,1,1,-1,-1,-1,-1,-1,-1,1,1,-1,-1,1,-1,1,1,-1,-1,-1,1,-1,1,1,-1,-1,1,-1,-1,1,1,1,-1,1,-1,1,1,1,-1,-1,1,-1,-1,1,1,1,-1,1,-1,-1,1,1,-1,1,1,-1,-1,1,1,1,1,1,-1,-1,1,1,-1,1,1,-1,-1,1,1,1,1,-1,1,-1,-1,1,1,-1,1,-1,-1,1,-1,1,1,1,1,-1,-1,1,-1,1,1,1,-1,1,1,1,1,-1,1,-1,1,1,1,1,1,1,1,-1,1,1,1,1,-1,1,-1,1,1,1,1,1,-1,1,1,1,1,-1,1,1,-1,1,1,-1,1,1,-1,-1,1,1,1,1,-1,1,-1,1,1,1,-1,-1,1,-1,1,1,1,-1,1,-1,-1,-1,1,1,-1,-1,1,-1,-1,1,1,-1,-1,1,-1,-1,1,1,1,-1,1,-1,-1,1,1,-1,-1,-1,1,-1,-1,1,-1,1,1,-1,1,1,-1,-1,1,1,-1,-1,-1,1,-1,1,1,-1,1,1,-1,-1,-1,-1,1,-1,-1,-1,-1,-1,1,-1,1,1,-1,1,1,-1,1,1,1,1,-1,1,-1,1,1,1,1,-1,1,-1,-1,1,1,1,-1,1,-1,1,1,1,1,-1,1,-1,1,1,-1,-1,-1,1,-1,-1,1,1,-1,-1,-1,1,-1,1,-1,1,-1,1,-1,1,1,-2670.0,1,2000,445,1500,False
1261,1,1,-1,-1,1,-1,1,-1,1,1,1,-1,1,1,1,1,-1,1,-1,-1,1,-1,1,1,1,-1,1,-1,1,1,1,1,1,-1,-1,-1,1,-1,1,1,-1,-1,-1,1,1,1,1,-1,1,1,1,1,-1,1,-1,-1,1,-1,1,1,1,-1,-1,-1,1,1,1,1,-1,-1,-1,1,1,1,1,-1,-1,-1,1,1,1,-1,-1,-1,1,1,1,1,-1,-1,-1,1,1,1,1,-1,-1,1,1,-1,1,1,-1,-1,1,1,1,1,1,-1,-1,1,1,1,1,1,-1,-1,1,1,1,1,1,1,-1,1,1,1,-1,1,1,-1,1,1,1,1,1,1,-1,-1,1,1,1,1,1,-1,1,1,1,1,1,1,-1,-1,-1,1,1,1,1,-1,1,1,1,1,-1,1,-1,1,1,1,1,1,-1,-1,1,1,1,1,1,-1,1,-1,-1,1,-1,1,-1,1,1,1,1,1,1,1,1,1,-1,1,-1,1,-1,1,1,-1,1,-1,1,1,-1,1,-1,1,-1,1,-1,1,1,-1,1,-1,1,1,1,1,-1,-1,1,1,-1,-1,1,-1,1,-1,-1,1,-1,1,-1,1,-1,1,-1,-1,1,-1,-1,-1,1,1,-1,1,-1,1,1,1,-1,1,1,-1,1,-1,1,-1,1,-1,1,-1,1,1,-1,1,-1,-1,-1,1,1,-1,1,-1,-1,-1,1,1,-1,-1,1,1,-1,-1,1,1,-1,1,1,-1,1,1,1,1,-1,1,-1,1,1,-1,1,-1,1,1,1,1,1,1,1,1,-1,-1,1,-1,-1,1,1,1,-1,1,1,1,-1,1,1,1,1,1,1,-1,1,-1,1,1,1,-1,1,1,-1,1,1,1,-1,1,1,-1,-1,1,1,1,-1,1,-1,1,1,1,-1,1,1,-1,1,1,1,-1,1,1,-1,1,1,1,-1,1,1,-1,-1,1,1,-1,1,1,-1,1,-1,1,-1,1,1,1,-1,1,1,1,1,1,1,-1,1,1,-1,1,1,1,-1,-1,-1,-1,1,1,1,-1,1,1,-1,1,1,-1,-1,1,1,1,1,1,-1,1,1,1,-1,1,1,1,1,-1,1,1,1,-1,1,-1,1,1,1,1,1,1,-1,-1,-1,1,-1,-1,1,1,-1,1,1,1,1,1,1,1,-1,1,-1,-1,1,-1,1,-1,1,1,1,1,1,1,-1,-1,1,-1,1,1,1,-1,1,1,1,-1,1,1,-1,-1,1,-1,1,1,1,-1,1,1,1,1,1,1,-1,1,-1,-1,1,1,1,-1,1,-1,1,1,1,-1,-1,1,-1,1,1,1,-1,-1,1,-1,-1,1,1,-1,-1,1,-1,1,1,1,1,-1,1,1,-1,1,1,1,-1,-1,1,-1,1,1,-1,-1,1,-1,-1,1,-1,1,-1,-1,1,-1,1,-1,1,-1,-1,1,-1,-1,1,1,1,-1,1,-1,1,-1,-1,1,1,-1,-1,-1,1,-1,-1,1,1,1,-1,1,-1,1,1,1,-1,1,1,-1,1,-1,1,-1,1,1,-1,-1,1,1,1,-1,1,-1,-1,1,1,-1,-1,1,-1,-1,1,1,-1,-1,1,-1,-1,-1,1,1,-1,1,-1,-1,-1,1,-1,-1,1,-1,1,-1,1,1,-1,-1,1,-1,-1,-1,-1,-1,-1,1,1,-1,-1,1,-1,1,1,-1,-1,1,-1,-1,1,1,-1,-1,1,-1,-1,1,1,-1,1,-1,1,-1,-1,1,1,-1,-1,-1,-1,-1,1,-1,-1,1,-1,-1,-1,1,1,-1,-1,-1,-1,-1,1,-1,-1,-1,-1,-1,1,1,1,-1,-1,-1,-1,-1,1,1,-1,-1,-1,-1,-1,1,1,1,-1,-1,-1,-1,1,1,-1,-1,-1,-1,1,1,1,1,-1,-1,1,1,1,1,1,-1,-1,-1,1,1,1,-1,1,-1,1,1,1,1,-1,1,-1,-1,1,-1,1,-1,1,-1,-1,1,-1,1,-1,-1,-1,-1,1,-1,1,-1,1,1,-1,1,-1,1,-1,1,1,-1,1,-1,1,-1,-1,-1,-1,1,1,-1,-1,-1,-1,-1,1,-1,1,-1,-1,-1,-1,-1,-1,-1,1,-1,-1,-1,1,-1,-1,1,-1,-1,-1,-1,-1,-1,1,-1,-1,-1,-1,-1,1,-1,-1,-1,1,-1,-1,1,-1,1,-1,-1,-1,-1,-1,-1,-1,1,-1,-1,-1,1,1,-1,-1,-1,1,1,-1,-1,-1,-1,1,-1,-1,1,-1,1,-1,-1,-1,-1,1,-1,1,1,-1,1,-1,-1,1,1,-1,-1,-1,-1,-1,-1,1,1,-1,-1,1,-1,1,1,-1,-1,-1,1,-1,1,1,-1,-1,1,-1,-1,1,1,1,-1,1,-1,1,1,1,-1,-1,1,-1,-1,1,1,1,-1,1,-1,-1,1,1,-1,1,1,-1,-1,1,1,-1,1,1,-1,-1,1,1,1,1,1,-1,-1,1,1,1,1,-1,1,-1,-1,1,1,1,1,-1,-1,1,-1,1,1,1,1,-1,-1,1,-1,1,1,1,-1,1,1,1,1,-1,1,-1,1,1,1,1,1,1,1,-1,1,1,1,1,-1,1,-1,1,1,1,1,1,-1,1,1,1,1,-1,1,1,-1,1,1,-1,1,1,-1,-1,1,1,1,1,-1,1,-1,1,1,1,-1,-1,1,-1,1,1,1,-1,1,-1,-1,-1,1,1,-1,-1,1,-1,-1,1,1,-1,-1,1,-1,-1,1,1,1,-1,1,-1,-1,1,1,-1,-1,1,1,-1,-1,1,-1,1,1,-1,1,1,-1,-1,1,-1,-1,-1,1,1,-1,1,1,-1,1,1,-1,-1,-1,-1,1,-1,-1,-1,-1,1,-1,-1,1,1,-1,1,1,-1,1,1,1,1,-1,1,-1,1,1,1,1,-1,1,-1,-1,-1,1,1,-1,1,-1,1,1,1,1,-1,1,-1,1,1,-1,-1,-1,1,-1,-1,1,1,-1,-1,-1,1,-1,1,-1,1,-1,1,-1,-1,1,-2670.0,1,2000,445,1500,False
1262,1,1,-1,-1,1,-1,-1,-1,1,1,1,-1,1,1,1,1,-1,1,-1,-1,1,-1,1,1,1,-1,1,-1,1,1,1,1,-1,-1,-1,-1,1,-1,1,1,-1,-1,-1,1,1,1,1,-1,1,1,1,1,-1,1,-1,-1,1,-1,1,1,1,-1,-1,-1,1,1,1,1,-1,-1,-1,1,1,1,1,-1,-1,-1,1,1,1,-1,-1,-1,1,1,1,1,-1,-1,-1,1,1,1,1,-1,-1,1,1,-1,1,1,-1,-1,1,1,1,1,1,-1,-1,1,1,-1,1,1,-1,-1,1,1,1,1,1,1,-1,-1,1,1,-1,1,1,-1,1,1,1,1,1,1,-1,-1,1,1,1,1,1,-1,1,1,1,1,1,1,-1,-1,-1,1,1,1,1,-1,1,1,1,1,-1,1,-1,1,-1,1,1,1,-1,-1,1,1,1,1,1,-1,1,-1,-1,1,-1,1,-1,1,1,1,1,1,1,1,1,1,-1,1,-1,1,-1,1,1,-1,1,-1,1,1,-1,1,-1,1,-1,1,-1,1,1,-1,1,-1,1,1,1,1,-1,-1,1,1,-1,-1,1,-1,1,-1,1,1,-1,1,-1,1,-1,1,-1,1,1,-1,-1,-1,1,1,-1,1,-1,1,1,1,-1,1,1,-1,1,-1,1,-1,1,-1,1,-1,1,1,-1,1,-1,-1,-1,1,1,-1,1,-1,-1,-1,1,1,-1,-1,1,1,-1,-1,1,1,-1,1,1,-1,1,1,1,1,-1,1,-1,1,1,-1,1,-1,1,1,1,1,1,1,1,1,-1,-1,1,-1,-1,-1,1,1,-1,1,1,1,-1,1,1,1,1,1,1,1,1,-1,1,1,1,-1,1,1,-1,1,1,1,-1,1,1,-1,-1,1,1,1,-1,1,-1,1,1,1,-1,1,1,-1,1,1,1,-1,1,1,-1,1,1,1,-1,1,1,-1,-1,1,1,-1,1,1,-1,1,-1,1,-1,1,1,1,-1,1,1,1,-1,1,1,-1,1,1,-1,1,1,1,-1,-1,-1,-1,1,1,1,-1,1,1,-1,1,1,-1,-1,1,1,1,1,1,-1,1,1,1,-1,1,1,1,1,-1,1,1,1,-1,1,-1,1,-1,1,1,1,1,-1,-1,-1,1,-1,-1,1,-1,1,-1,1,1,1,1,1,-1,-1,1,-1,-1,1,-1,1,-1,1,1,-1,1,1,1,-1,-1,1,-1,1,1,-1,-1,1,1,1,-1,1,-1,-1,-1,1,-1,1,1,-1,-1,1,1,1,1,-1,1,-1,1,-1,-1,1,-1,-1,1,1,-1,1,1,-1,-1,-1,1,-1,1,1,1,-1,-1,1,-1,-1,1,-1,-1,-1,1,-1,1,1,1,-1,-1,1,1,-1,1,-1,-1,-1,1,-1,-1,1,-1,-1,-1,1,-1,-1,1,-1,-1,-1,-1,1,-1,1,-1,-1,-1,1,1,-1,-1,1,1,1,-1,1,-1,1,1,1,-1,1,-1,-1,-1,1,-1,-1,1,1,1,-1,1,-1,1,1,1,-1,1,1,-1,-1,-1,1,-1,-1,1,-1,-1,1,1,1,-1,1,-1,-1,1,1,-1,-1,1,-1,-1,1,1,-1,-1,1,-1,-1,-1,1,1,-1,1,1,-1,-1,1,-1,-1,1,-1,1,-1,1,1,-1,-1,1,-1,-1,-1,-1,-1,1,1,1,-1,-1,1,-1,-1,1,-1,-1,1,-1,-1,1,1,-1,-1,1,1,-1,1,1,-1,1,-1,1,-1,-1,1,1,-1,-1,-1,-1,1,1,-1,-1,1,-1,-1,-1,1,1,-1,-1,-1,-1,-1,1,-1,-1,-1,-1,-1,1,1,1,-1,-1,-1,-1,-1,1,1,-1,-1,-1,-1,-1,1,1,1,-1,-1,-1,-1,1,1,-1,-1,-1,-1,1,1,1,1,1,-1,1,1,1,1,1,1,-1,-1,1,1,1,-1,-1,-1,1,1,1,1,-1,1,-1,-1,1,-1,1,-1,1,-1,-1,1,-1,1,-1,1,-1,-1,1,-1,1,-1,1,1,-1,1,-1,1,1,1,1,-1,1,-1,1,1,1,-1,-1,1,1,-1,1,1,-1,-1,1,-1,1,-1,1,-1,-1,-1,-1,-1,1,1,-1,-1,1,-1,-1,1,1,-1,-1,-1,-1,1,-1,1,-1,-1,-1,-1,-1,1,-1,-1,1,-1,-1,1,-1,1,-1,-1,-1,-1,-1,1,1,1,-1,-1,-1,1,1,1,-1,-1,-1,1,-1,-1,1,-1,1,-1,-1,1,1,1,-1,-1,-1,-1,1,-1,1,1,-1,1,-1,-1,1,1,-1,-1,-1,-1,-1,-1,1,1,-1,-1,1,-1,1,1,-1,-1,-1,1,-1,1,1,-1,-1,1,-1,-1,1,1,1,-1,1,-1,1,1,1,-1,-1,1,-1,-1,1,1,1,-1,1,-1,-1,1,1,-1,1,1,-1,-1,1,1,-1,1,1,-1,-1,1,1,-1,1,1,-1,-1,1,1,1,1,1,1,-1,1,1,1,1,1,-1,-1,1,-1,1,1,1,1,-1,-1,1,-1,1,1,1,-1,1,-1,1,1,-1,1,-1,1,1,1,1,1,1,1,-1,-1,1,1,1,-1,1,-1,1,1,1,1,1,-1,1,-1,1,1,-1,1,1,-1,-1,1,-1,1,1,-1,-1,1,1,1,1,-1,1,-1,-1,1,1,-1,-1,1,-1,1,1,1,-1,1,-1,-1,-1,1,1,-1,-1,1,-1,-1,1,1,1,-1,1,-1,-1,1,1,1,-1,-1,-1,-1,1,1,-1,-1,-1,1,-1,-1,1,-1,1,1,-1,1,1,-1,-1,1,-1,-1,-1,1,1,-1,1,1,-1,1,1,-1,-1,-1,-1,1,-1,-1,-1,-1,-1,-1,-1,1,1,-1,1,1,-1,1,1,1,1,-1,1,-1,1,1,1,1,-1,1,-1,-1,1,1,1,-1,1,-1,1,1,1,1,-1,1,-1,1,1,-1,-1,-1,1,-1,-1,1,1,-1,-1,-1,1,-1,1,-1,1,-1,1,-1,-1,1,-2670.0,1,2000,445,1500,False
1263,1,1,-1,-1,1,1,-1,-1,1,1,1,-1,1,1,1,1,-1,1,-1,-1,-1,-1,1,1,1,-1,1,-1,1,1,1,1,-1,-1,-1,-1,1,-1,1,1,-1,-1,-1,1,1,1,1,-1,1,1,1,1,-1,1,-1,-1,1,-1,1,1,1,-1,-1,-1,1,1,1,1,-1,-1,-1,1,1,1,1,-1,-1,-1,1,1,1,-1,-1,-1,1,1,1,1,-1,-1,-1,1,1,1,1,-1,-1,1,1,-1,1,1,-1,-1,1,1,1,1,1,-1,-1,-1,1,1,1,1,-1,-1,1,1,1,1,1,1,-1,-1,1,1,-1,1,1,-1,1,1,1,1,1,1,-1,1,1,1,1,1,1,-1,1,1,1,1,1,1,-1,-1,-1,1,1,1,1,-1,1,1,1,1,-1,1,-1,1,-1,1,1,1,-1,-1,1,1,1,1,1,-1,1,-1,-1,1,-1,1,-1,1,1,1,1,1,1,1,1,1,-1,1,-1,1,-1,1,1,-1,1,-1,1,1,-1,1,-1,1,-1,1,-1,1,1,-1,1,-1,1,1,1,1,-1,-1,1,1,-1,-1,1,-1,1,-1,-1,1,-1,1,-1,1,-1,1,-1,-1,1,-1,-1,-1,1,1,-1,1,-1,1,1,1,-1,1,-1,-1,1,-1,1,-1,1,1,1,-1,1,1,-1,1,-1,-1,-1,1,1,-1,1,-1,-1,-1,1,1,-1,-1,1,1,-1,-1,1,1,-1,1,1,-1,1,1,1,1,-1,1,-1,1,1,-1,1,-1,1,-1,1,1,1,1,1,1,-1,-1,1,-1,-1,1,1,1,-1,1,1,1,-1,1,1,1,1,1,1,1,1,-1,1,1,1,-1,1,1,-1,1,1,1,-1,1,1,-1,-1,1,1,1,-1,1,-1,1,1,1,-1,1,1,-1,1,1,1,-1,1,1,-1,1,1,1,-1,1,1,-1,-1,1,1,-1,1,1,-1,1,-1,1,-1,1,1,1,-1,1,1,1,-1,1,1,-1,1,1,-1,1,1,1,-1,-1,-1,-1,1,1,1,-1,1,1,-1,1,1,-1,-1,1,1,1,1,1,-1,1,1,1,-1,1,1,1,1,-1,1,1,1,-1,1,-1,1,1,1,1,1,1,-1,-1,-1,1,-1,-1,1,1,-1,1,1,1,1,1,1,1,-1,1,-1,-1,1,-1,1,-1,1,1,1,1,1,1,-1,-1,1,-1,1,1,1,-1,1,1,1,-1,1,1,-1,-1,1,-1,1,1,1,-1,1,1,1,1,1,1,-1,1,-1,-1,1,1,-1,-1,1,-1,1,1,1,-1,-1,1,-1,1,1,1,-1,-1,1,-1,-1,1,1,-1,-1,1,-1,1,1,1,1,-1,1,1,-1,1,1,1,-1,-1,1,-1,1,1,-1,-1,1,1,-1,1,-1,1,-1,-1,1,-1,1,-1,1,-1,-1,1,-1,-1,1,1,1,-1,1,-1,1,-1,-1,1,1,-1,-1,-1,1,-1,-1,1,1,1,-1,1,-1,1,1,1,-1,1,1,-1,1,-1,1,-1,-1,1,-1,-1,1,1,1,-1,1,-1,-1,1,1,-1,-1,1,-1,-1,1,1,-1,-1,1,-1,-1,-1,1,1,-1,1,1,-1,-1,1,-1,-1,1,-1,1,-1,1,1,-1,-1,1,-1,-1,-1,-1,-1,1,1,1,-1,-1,1,-1,-1,1,-1,-1,1,-1,-1,1,1,-1,-1,1,-1,-1,1,1,-1,1,-1,-1,-1,-1,1,1,-1,-1,-1,-1,-1,1,-1,-1,1,-1,-1,-1,1,1,-1,-1,-1,-1,-1,1,-1,-1,-1,-1,-1,1,1,1,-1,-1,-1,-1,-1,1,1,-1,-1,-1,-1,-1,1,1,1,-1,-1,-1,-1,1,1,-1,-1,-1,-1,1,1,1,1,-1,-1,1,1,1,1,1,-1,-1,-1,1,1,1,1,1,-1,1,1,1,1,-1,1,-1,-1,1,-1,1,-1,1,-1,-1,1,-1,1,-1,-1,-1,-1,1,-1,1,-1,1,1,-1,1,-1,1,-1,1,1,-1,1,-1,1,-1,-1,-1,-1,1,1,-1,-1,-1,-1,-1,1,-1,1,-1,-1,-1,-1,-1,-1,-1,1,-1,-1,-1,1,-1,-1,1,-1,-1,-1,-1,-1,1,1,-1,-1,-1,-1,-1,1,-1,-1,-1,1,-1,-1,1,-1,1,-1,-1,-1,-1,-1,-1,-1,1,-1,-1,-1,1,1,1,-1,-1,1,-1,-1,-1,-1,-1,1,-1,-1,1,-1,1,-1,-1,-1,-1,1,-1,1,1,-1,1,-1,-1,1,1,-1,-1,-1,-1,-1,-1,1,1,-1,-1,1,-1,1,1,-1,-1,-1,1,-1,-1,1,-1,-1,1,-1,-1,1,1,1,-1,1,-1,1,1,1,-1,-1,1,-1,-1,1,1,1,-1,1,-1,-1,1,1,-1,1,1,-1,-1,1,1,-1,1,1,-1,-1,1,1,-1,1,1,-1,-1,1,1,1,1,-1,1,-1,-1,1,1,-1,1,-1,-1,1,-1,1,1,1,1,-1,-1,1,-1,1,1,1,-1,1,1,1,1,-1,1,-1,1,1,1,1,1,1,1,-1,1,1,1,1,-1,1,-1,1,1,1,1,1,-1,1,1,1,1,-1,1,1,-1,1,1,-1,1,1,-1,-1,1,1,1,1,-1,1,-1,1,1,1,-1,-1,1,-1,1,1,1,-1,1,-1,-1,-1,1,1,-1,-1,1,-1,-1,1,1,1,-1,1,-1,-1,-1,1,1,-1,1,-1,-1,1,1,-1,-1,-1,1,-1,-1,1,-1,1,1,-1,1,1,-1,-1,1,-1,-1,-1,1,1,-1,1,1,-1,1,1,-1,-1,-1,-1,1,-1,-1,-1,-1,-1,-1,-1,1,1,-1,1,1,-1,1,1,1,1,-1,1,-1,1,1,1,-1,-1,1,-1,-1,-1,1,-1,1,1,-1,1,1,1,-1,-1,1,-1,1,1,1,1,-1,1,-1,-1,1,1,-1,-1,1,1,-1,1,-1,1,-1,1,-1,-1,1,-2670.0,1,2000,445,1500,False
1264,1,1,-1,-1,1,-1,-1,-1,1,1,1,-1,1,1,1,1,-1,1,-1,-1,-1,-1,1,1,1,-1,1,-1,1,1,1,1,-1,-1,-1,-1,1,-1,1,1,-1,-1,-1,1,1,1,1,-1,1,1,1,1,-1,1,-1,-1,1,-1,1,1,1,-1,-1,-1,1,1,1,1,-1,-1,-1,1,1,1,1,-1,-1,-1,1,1,1,-1,-1,-1,1,1,1,1,-1,-1,-1,1,1,1,1,-1,-1,1,1,-1,1,1,-1,-1,1,1,1,1,1,-1,-1,1,1,1,1,1,-1,-1,1,1,1,1,1,1,-1,1,1,1,-1,1,1,-1,1,1,1,1,1,1,-1,-1,1,1,1,1,1,-1,1,1,1,1,1,1,-1,-1,-1,1,1,1,1,-1,1,1,1,1,-1,1,-1,1,-1,1,1,1,-1,-1,1,1,1,1,1,-1,1,-1,-1,1,-1,1,-1,1,1,1,1,1,1,1,1,1,-1,1,-1,1,-1,1,1,-1,1,-1,1,1,-1,1,-1,1,-1,1,-1,1,1,-1,1,-1,1,1,1,1,-1,-1,1,1,-1,-1,1,-1,1,-1,1,1,-1,1,-1,1,-1,1,-1,1,1,-1,-1,-1,1,1,-1,1,-1,1,1,1,-1,1,1,-1,1,-1,1,-1,1,-1,1,-1,1,1,-1,1,-1,-1,-1,1,1,-1,1,-1,-1,-1,1,1,-1,-1,1,1,-1,-1,1,1,-1,1,1,-1,1,1,1,1,-1,1,-1,1,1,-1,1,-1,1,1,1,1,1,1,1,1,-1,-1,1,-1,-1,-1,1,1,-1,1,1,1,-1,1,1,1,1,1,1,1,1,-1,1,1,1,-1,1,1,-1,1,1,1,-1,1,1,-1,-1,1,1,1,-1,1,-1,1,1,1,-1,1,1,-1,1,1,1,-1,1,1,-1,1,1,1,-1,1,1,-1,-1,1,1,-1,1,1,-1,1,-1,1,-1,1,1,1,-1,1,1,1,-1,1,1,-1,1,1,-1,1,1,1,-1,-1,-1,-1,1,1,1,-1,1,1,-1,1,1,-1,-1,1,1,1,1,1,-1,1,1,1,-1,1,1,1,1,-1,1,1,1,-1,1,-1,1,1,1,-1,1,1,-1,-1,-1,1,-1,-1,1,1,-1,1,1,-1,1,1,1,1,-1,1,-1,-1,1,-1,1,-1,1,1,-1,1,1,1,-1,-1,1,-1,1,1,1,-1,1,1,1,-1,1,1,-1,-1,1,-1,1,1,1,-1,1,1,1,1,1,1,-1,1,-1,1,1,1,-1,-1,1,-1,1,1,1,-1,-1,1,-1,1,1,1,-1,-1,1,-1,-1,1,1,-1,-1,1,-1,1,1,1,1,-1,1,-1,-1,1,1,1,-1,-1,-1,1,1,1,-1,-1,1,-1,-1,1,-1,1,-1,-1,1,-1,1,-1,1,1,-1,1,-1,-1,1,1,1,-1,1,-1,1,-1,-1,-1,1,-1,-1,-1,1,-1,-1,1,1,1,-1,1,-1,1,1,1,-1,1,1,-1,1,-1,1,-1,-1,1,-1,-1,1,1,1,-1,1,-1,-1,1,1,-1,-1,1,-1,-1,1,1,-1,-1,1,-1,-1,-1,1,1,-1,1,-1,-1,-1,1,-1,-1,1,-1,1,-1,1,1,-1,-1,1,-1,-1,-1,-1,-1,1,1,1,-1,-1,1,-1,-1,1,-1,-1,1,-1,-1,1,1,-1,-1,1,-1,-1,1,1,-1,1,-1,-1,-1,-1,1,1,-1,-1,-1,-1,-1,1,-1,-1,1,-1,-1,-1,1,1,-1,-1,-1,-1,-1,1,-1,-1,-1,-1,-1,1,1,1,-1,-1,-1,-1,-1,1,1,-1,-1,-1,-1,-1,1,1,1,-1,-1,-1,-1,1,1,-1,-1,-1,-1,1,1,1,1,-1,-1,1,1,1,1,1,-1,-1,-1,1,1,1,-1,1,-1,1,1,1,1,-1,1,-1,-1,1,-1,1,-1,1,-1,-1,1,-1,1,-1,-1,-1,-1,1,-1,1,-1,1,1,-1,1,-1,1,-1,1,1,-1,1,-1,1,-1,-1,-1,-1,1,1,-1,-1,-1,-1,-1,1,-1,1,-1,-1,-1,-1,-1,-1,-1,1,-1,-1,-1,1,-1,-1,1,-1,-1,-1,-1,-1,1,1,-1,-1,-1,-1,-1,1,-1,-1,-1,1,-1,-1,1,-1,1,-1,-1,-1,-1,-1,-1,-1,1,-1,-1,-1,1,1,1,-1,-1,-1,1,-1,-1,-1,-1,1,-1,-1,1,1,1,-1,-1,-1,-1,1,-1,1,1,-1,1,-1,-1,1,1,-1,-1,-1,-1,-1,-1,1,1,-1,-1,1,-1,1,1,-1,-1,-1,1,-1,1,1,-1,-1,1,-1,-1,1,1,1,-1,1,-1,1,1,1,-1,-1,1,-1,-1,1,1,1,-1,1,-1,-1,1,1,-1,1,1,-1,-1,1,1,-1,1,1,-1,-1,1,1,-1,1,1,-1,-1,1,1,1,1,1,1,-1,-1,1,1,1,1,-1,-1,1,-1,1,1,1,1,-1,-1,1,-1,1,1,1,-1,1,1,1,1,-1,1,-1,1,1,1,1,1,1,1,-1,1,1,1,1,-1,1,-1,1,1,1,1,1,-1,1,1,1,1,-1,1,1,-1,1,1,-1,1,1,-1,-1,1,1,1,1,-1,1,-1,1,1,1,-1,-1,1,-1,1,1,1,-1,1,-1,-1,-1,1,1,-1,-1,1,-1,-1,1,1,1,-1,1,-1,-1,1,1,1,1,-1,-1,-1,1,1,-1,-1,-1,1,-1,-1,1,-1,1,1,-1,1,1,-1,-1,1,1,-1,-1,1,1,-1,1,1,-1,1,1,-1,-1,-1,-1,1,-1,-1,-1,-1,-1,1,-1,1,1,-1,1,1,-1,1,1,1,1,-1,1,-1,1,1,1,1,-1,1,-1,-1,1,1,1,-1,1,-1,1,1,1,1,-1,1,-1,1,1,1,-1,-1,1,-1,-1,1,1,-1,-1,-1,1,-1,1,1,1,-1,1,-1,-1,1,-2670.0,1,2000,445,1500,False
1265,1,1,-1,-1,1,1,-1,-1,1,1,1,-1,-1,1,-1,1,-1,1,-1,-1,-1,1,1,1,1,-1,-1,-1,1,1,1,1,1,-1,-1,-1,1,-1,1,-1,-1,-1,-1,1,1,1,1,-1,1,1,1,1,-1,1,-1,-1,1,-1,1,1,1,-1,-1,1,1,1,1,1,-1,-1,1,1,1,1,1,-1,-1,-1,1,1,1,-1,-1,-1,1,1,1,1,-1,-1,-1,1,1,1,1,-1,-1,1,1,-1,1,1,-1,-1,1,1,1,1,1,-1,-1,-1,1,1,1,1,-1,-1,1,1,1,1,1,1,-1,-1,1,1,-1,1,1,-1,1,1,1,1,1,1,-1,1,1,1,1,1,1,-1,1,1,1,1,1,1,-1,-1,-1,1,1,1,1,-1,1,1,1,1,-1,1,-1,1,-1,1,1,1,-1,-1,1,1,1,1,1,-1,1,-1,-1,1,-1,1,-1,1,1,1,1,1,1,1,1,1,-1,1,-1,1,-1,1,1,-1,1,-1,1,1,-1,1,-1,1,-1,1,-1,1,1,-1,-1,-1,1,1,1,1,-1,-1,1,1,-1,-1,1,-1,1,-1,-1,1,-1,1,-1,1,-1,1,-1,1,1,-1,-1,-1,1,1,-1,1,-1,1,1,1,-1,1,1,-1,1,-1,1,-1,1,-1,1,-1,1,1,-1,1,-1,-1,-1,1,1,-1,1,-1,-1,-1,1,1,-1,-1,1,1,-1,-1,1,1,-1,1,1,-1,1,1,1,1,-1,1,-1,1,1,-1,1,-1,1,-1,1,1,1,1,1,1,-1,-1,1,-1,-1,-1,1,1,-1,1,1,1,-1,1,1,1,1,1,1,1,1,-1,1,1,1,-1,1,1,-1,1,1,1,-1,1,1,-1,-1,1,1,1,-1,1,-1,1,1,1,-1,1,1,-1,1,1,1,-1,1,1,-1,1,1,1,-1,1,1,-1,-1,1,1,-1,1,1,-1,1,-1,1,-1,1,1,1,-1,1,1,1,-1,1,1,-1,1,1,-1,1,-1,1,-1,-1,-1,-1,1,1,1,-1,1,1,-1,1,1,-1,-1,1,1,1,1,1,-1,1,1,1,-1,1,1,1,-1,-1,1,1,-1,-1,1,-1,1,-1,1,-1,1,1,-1,-1,-1,1,-1,-1,1,1,-1,1,1,-1,1,1,1,1,-1,1,-1,-1,1,-1,1,-1,1,-1,1,1,1,1,-1,-1,1,-1,1,1,1,-1,1,1,1,-1,1,1,-1,1,-1,-1,1,1,1,-1,1,-1,1,1,1,1,-1,1,-1,-1,1,1,-1,1,1,1,1,1,1,-1,-1,1,-1,1,1,1,-1,1,-1,-1,-1,1,1,-1,-1,1,-1,1,1,1,1,-1,1,-1,-1,1,1,1,-1,1,-1,-1,1,1,-1,-1,1,-1,-1,1,-1,1,-1,-1,1,-1,1,-1,1,-1,-1,1,-1,-1,1,1,1,-1,1,-1,1,-1,-1,-1,1,-1,-1,-1,1,-1,-1,1,1,-1,1,1,-1,1,1,1,-1,1,1,-1,1,-1,1,-1,-1,1,-1,-1,1,1,-1,-1,1,-1,-1,1,1,1,-1,1,-1,-1,1,1,-1,-1,1,-1,-1,-1,1,1,-1,1,1,-1,-1,1,-1,-1,1,-1,1,-1,1,1,-1,-1,1,-1,-1,-1,-1,-1,1,1,1,-1,-1,1,-1,-1,1,-1,-1,1,-1,-1,1,1,-1,-1,1,-1,-1,1,1,-1,1,-1,-1,-1,-1,1,1,-1,-1,-1,-1,1,1,-1,-1,1,-1,-1,-1,1,1,-1,-1,-1,-1,-1,1,-1,-1,-1,-1,-1,-1,1,1,-1,-1,-1,-1,1,1,1,-1,-1,-1,-1,-1,1,1,1,-1,-1,-1,-1,1,1,-1,-1,-1,-1,1,1,1,1,-1,-1,1,1,1,1,1,-1,-1,-1,1,1,1,1,1,-1,1,1,1,1,-1,1,-1,-1,1,-1,1,-1,1,-1,-1,1,-1,1,-1,-1,-1,-1,1,-1,1,-1,1,1,-1,1,-1,1,-1,1,1,-1,1,-1,1,-1,-1,-1,-1,1,1,-1,-1,-1,-1,-1,1,-1,1,-1,-1,-1,-1,-1,-1,-1,1,-1,-1,-1,1,-1,-1,1,-1,-1,-1,-1,-1,1,1,-1,-1,-1,-1,-1,1,-1,-1,-1,1,-1,-1,1,-1,1,-1,-1,-1,-1,-1,-1,-1,1,-1,-1,-1,1,1,-1,-1,-1,1,-1,-1,-1,-1,-1,1,-1,-1,1,-1,1,-1,-1,-1,-1,1,-1,1,1,-1,1,-1,-1,1,1,-1,-1,-1,-1,-1,-1,1,1,-1,-1,1,-1,1,1,-1,-1,-1,1,-1,1,1,-1,-1,1,-1,-1,1,1,1,-1,1,-1,1,1,1,-1,-1,1,-1,-1,1,1,1,-1,1,-1,-1,1,1,-1,1,1,-1,-1,1,1,1,1,1,-1,-1,1,1,-1,1,1,-1,-1,1,1,1,1,1,1,-1,1,1,1,1,1,-1,-1,1,-1,1,1,1,1,-1,-1,1,-1,1,1,1,-1,1,1,1,1,-1,1,-1,1,1,1,1,1,1,1,-1,-1,1,1,1,-1,1,-1,1,1,1,1,1,-1,1,1,1,1,-1,1,1,-1,1,1,-1,1,1,-1,-1,-1,1,1,1,-1,1,-1,1,1,1,-1,-1,1,-1,1,1,1,-1,1,-1,-1,-1,1,1,-1,-1,1,-1,-1,1,1,1,-1,1,-1,1,1,1,1,-1,-1,-1,-1,1,1,-1,-1,-1,1,1,1,1,-1,1,1,-1,1,1,-1,-1,1,1,-1,-1,1,1,-1,1,1,1,1,1,-1,-1,-1,-1,-1,-1,-1,-1,-1,-1,1,1,1,1,-1,1,1,-1,1,1,1,1,-1,1,-1,1,1,1,-1,-1,1,-1,1,1,1,-1,-1,1,-1,1,1,1,-1,-1,1,-1,1,1,1,1,-1,1,-1,1,1,1,-1,-1,-1,1,-1,1,1,1,-1,1,-1,1,1,-2670.0,1,2000,445,1500,False
1266,1,1,-1,-1,1,1,-1,-1,1,1,1,-1,-1,1,1,1,-1,1,1,-1,-1,-1,1,1,1,1,-1,-1,1,1,1,1,-1,-1,-1,-1,1,-1,1,1,-1,-1,-1,1,1,1,1,-1,1,1,1,1,-1,1,-1,-1,1,-1,1,1,1,-1,-1,-1,1,1,1,1,-1,-1,-1,1,1,1,1,-1,-1,-1,1,1,1,-1,-1,-1,1,1,1,1,-1,-1,1,1,1,1,1,-1,-1,-1,1,-1,1,1,-1,-1,1,1,1,1,1,-1,-1,-1,1,-1,1,1,-1,-1,1,1,1,1,1,1,-1,-1,1,1,-1,1,1,-1,1,1,1,1,1,1,-1,1,1,1,1,1,1,-1,1,1,1,1,1,1,-1,-1,-1,1,1,1,1,-1,1,1,1,1,-1,1,-1,1,-1,1,1,1,-1,-1,1,1,1,1,1,-1,1,-1,-1,1,-1,1,-1,1,1,1,1,1,1,1,1,1,-1,1,-1,1,-1,1,1,-1,1,-1,1,1,-1,1,-1,1,-1,1,-1,1,1,-1,1,-1,1,1,1,1,-1,-1,1,1,-1,-1,1,-1,1,-1,-1,1,-1,1,-1,1,-1,1,-1,1,1,-1,-1,-1,1,1,-1,1,-1,1,1,1,-1,1,1,-1,-1,-1,1,-1,1,-1,1,-1,1,1,-1,1,-1,-1,-1,1,1,-1,1,-1,-1,-1,1,1,-1,-1,1,1,-1,-1,1,1,-1,1,1,-1,1,1,1,-1,-1,1,-1,1,1,-1,1,-1,1,1,1,1,1,-1,-1,1,-1,-1,1,-1,1,-1,1,1,-1,1,1,1,-1,1,1,1,1,1,-1,-1,1,-1,1,1,1,1,-1,1,-1,1,1,1,-1,1,1,-1,-1,1,1,-1,1,1,-1,1,1,1,1,1,1,-1,1,1,1,1,1,1,-1,1,1,1,1,1,1,1,-1,1,1,1,1,1,-1,1,-1,1,-1,1,1,1,-1,1,1,1,1,1,1,-1,1,1,1,-1,-1,1,-1,-1,-1,-1,1,1,1,-1,1,1,-1,1,1,-1,-1,1,1,1,1,1,-1,1,1,1,-1,1,1,1,-1,-1,1,1,1,-1,1,-1,1,-1,1,1,1,1,-1,-1,-1,1,-1,-1,1,1,-1,1,-1,1,1,1,1,1,-1,1,-1,-1,1,-1,1,-1,1,-1,1,1,1,1,-1,-1,1,-1,1,1,1,-1,1,1,1,-1,1,1,-1,1,-1,-1,1,1,1,-1,1,-1,1,1,1,1,-1,1,-1,1,1,1,-1,1,1,1,1,1,1,-1,1,1,-1,1,1,1,-1,1,-1,1,-1,1,1,-1,-1,1,-1,1,1,1,1,-1,1,-1,-1,1,1,1,-1,1,-1,-1,1,1,-1,-1,1,-1,-1,1,-1,1,-1,-1,1,-1,1,-1,1,1,-1,1,-1,-1,1,1,1,-1,1,-1,1,-1,-1,-1,1,-1,-1,-1,1,-1,-1,1,1,1,-1,1,-1,1,1,1,-1,1,1,-1,1,-1,1,-1,-1,1,-1,-1,1,1,1,-1,1,-1,-1,1,1,-1,-1,1,-1,-1,1,1,-1,-1,1,-1,-1,-1,1,1,-1,1,1,-1,-1,1,-1,-1,1,-1,1,-1,1,1,-1,-1,1,-1,-1,-1,-1,-1,1,1,1,-1,-1,1,-1,-1,1,-1,-1,1,-1,-1,1,1,-1,-1,1,1,-1,1,1,-1,1,-1,1,-1,-1,1,1,-1,-1,-1,-1,1,1,-1,-1,1,-1,-1,-1,1,1,-1,-1,-1,-1,-1,1,-1,-1,-1,-1,-1,1,1,1,-1,-1,-1,-1,-1,1,1,-1,-1,-1,-1,-1,1,1,1,-1,-1,-1,-1,1,1,-1,-1,-1,-1,1,1,1,1,-1,-1,1,1,1,1,1,-1,-1,-1,1,1,1,-1,1,-1,1,1,1,1,-1,1,-1,-1,1,-1,1,-1,1,-1,-1,1,-1,1,-1,-1,-1,-1,1,-1,1,-1,1,1,-1,1,-1,1,-1,1,1,-1,1,-1,1,-1,-1,-1,-1,1,1,-1,-1,-1,-1,-1,1,-1,1,-1,-1,-1,-1,-1,-1,-1,1,-1,-1,-1,1,-1,-1,1,-1,-1,-1,-1,-1,1,1,-1,-1,-1,-1,-1,1,-1,-1,-1,1,-1,-1,1,-1,1,-1,-1,-1,-1,-1,-1,-1,1,-1,-1,-1,1,1,-1,-1,-1,1,1,-1,-1,-1,-1,1,-1,-1,1,-1,1,-1,-1,-1,-1,1,-1,1,1,-1,1,-1,-1,1,1,-1,-1,-1,-1,-1,-1,1,1,-1,-1,1,-1,1,1,-1,-1,-1,1,-1,1,1,-1,-1,1,-1,-1,1,1,1,-1,1,-1,1,1,1,-1,-1,1,-1,-1,1,1,1,-1,1,-1,-1,1,1,-1,1,1,-1,-1,1,1,-1,1,1,-1,-1,1,-1,-1,1,1,-1,-1,1,1,1,1,1,1,-1,1,1,-1,1,1,-1,-1,1,-1,1,1,1,1,-1,-1,1,-1,1,1,1,-1,1,1,1,1,-1,1,-1,1,1,1,1,1,1,-1,-1,-1,1,1,1,-1,1,-1,1,1,1,1,-1,1,-1,1,1,1,-1,-1,1,-1,1,1,-1,1,-1,-1,-1,-1,1,1,-1,1,-1,-1,1,1,1,-1,-1,-1,-1,1,1,1,-1,-1,-1,-1,-1,1,1,-1,1,-1,-1,-1,1,1,-1,1,-1,-1,1,1,1,1,1,1,-1,-1,1,1,-1,-1,1,1,1,1,1,-1,1,-1,-1,1,1,-1,-1,1,-1,-1,-1,1,1,-1,1,1,1,1,1,-1,-1,-1,-1,-1,-1,-1,-1,-1,1,-1,1,1,1,-1,1,1,-1,1,1,1,1,-1,1,-1,1,1,1,-1,-1,1,-1,1,1,1,-1,-1,1,-1,1,1,1,-1,-1,1,-1,1,1,1,1,-1,1,-1,-1,1,1,1,-1,-1,1,-1,1,1,1,-1,1,-1,-1,1,-2670.0,1,2000,445,1500,False
1267,1,1,-1,-1,1,-1,-1,-1,1,1,1,-1,1,1,1,1,-1,1,-1,-1,-1,-1,1,1,1,-1,-1,-1,1,1,1,1,1,-1,-1,-1,1,-1,1,1,-1,-1,-1,1,1,1,1,-1,1,1,1,1,-1,1,-1,-1,1,-1,1,1,1,-1,-1,-1,1,1,1,1,-1,-1,-1,1,1,1,1,-1,-1,-1,1,1,1,-1,-1,-1,1,1,1,1,-1,-1,-1,1,1,1,1,-1,-1,1,1,-1,1,1,-1,-1,1,1,1,1,1,-1,-1,1,1,1,1,1,-1,-1,1,1,1,1,1,1,-1,-1,1,1,-1,1,1,-1,1,1,1,1,1,1,-1,-1,1,1,1,1,1,-1,1,1,1,1,1,1,-1,-1,-1,1,1,1,1,-1,1,1,1,1,-1,1,-1,1,-1,1,1,1,-1,-1,1,1,1,1,1,-1,1,-1,-1,1,-1,1,-1,1,1,1,1,1,1,1,1,1,-1,1,-1,1,-1,1,1,-1,1,-1,1,1,-1,1,-1,1,-1,1,-1,1,1,-1,-1,-1,1,1,1,1,-1,-1,1,1,-1,-1,1,-1,1,-1,-1,1,-1,1,-1,1,-1,1,-1,1,1,-1,-1,-1,1,1,-1,1,-1,1,1,1,-1,1,1,-1,-1,-1,1,-1,1,-1,1,-1,1,1,-1,1,-1,-1,-1,1,1,-1,1,-1,-1,-1,1,1,-1,-1,1,1,-1,-1,1,1,-1,1,1,-1,1,1,1,1,-1,1,-1,1,1,-1,1,-1,1,1,-1,1,1,1,1,1,-1,-1,1,-1,-1,-1,1,1,-1,1,1,1,-1,1,-1,-1,1,1,1,1,1,-1,1,1,1,-1,1,1,-1,1,1,1,-1,1,1,-1,1,-1,1,1,-1,1,-1,1,1,1,-1,1,1,-1,1,1,1,-1,1,-1,-1,1,1,1,-1,1,-1,-1,1,1,1,-1,1,-1,-1,-1,-1,1,-1,1,1,-1,1,1,1,1,-1,1,-1,-1,-1,1,-1,1,-1,-1,1,-1,-1,-1,1,1,-1,1,-1,1,-1,1,-1,1,-1,1,1,1,1,-1,1,-1,1,1,-1,1,-1,-1,-1,-1,1,1,1,1,-1,-1,1,1,1,1,-1,-1,1,-1,-1,1,-1,1,-1,1,-1,1,1,-1,-1,-1,1,1,-1,1,-1,1,-1,-1,1,-1,1,1,-1,-1,-1,1,-1,-1,1,1,-1,-1,1,-1,1,1,-1,1,-1,1,-1,-1,1,1,-1,1,1,-1,1,1,-1,-1,1,1,-1,1,-1,1,-1,1,-1,-1,1,-1,1,-1,1,-1,-1,1,-1,-1,-1,1,-1,-1,1,1,1,-1,1,-1,-1,1,-1,-1,1,-1,1,-1,1,1,1,-1,1,1,-1,-1,-1,1,-1,1,-1,-1,1,-1,1,1,-1,1,-1,-1,1,1,-1,-1,1,-1,-1,1,1,1,1,1,1,-1,1,1,1,-1,-1,-1,1,-1,-1,-1,1,-1,-1,1,-1,1,-1,1,-1,1,-1,-1,-1,1,1,-1,1,1,-1,-1,-1,1,-1,1,1,-1,1,-1,1,-1,-1,-1,-1,-1,-1,1,-1,-1,-1,-1,-1,-1,1,-1,1,1,1,1,-1,1,-1,1,1,-1,-1,-1,1,-1,-1,1,-1,1,-1,-1,1,1,1,1,-1,-1,1,1,1,1,-1,1,-1,-1,1,1,1,-1,-1,-1,1,1,1,1,-1,-1,-1,1,-1,1,-1,1,1,-1,-1,1,1,1,-1,-1,-1,1,1,1,1,1,-1,-1,-1,1,1,1,1,-1,-1,-1,1,-1,1,-1,-1,-1,-1,1,1,1,1,-1,-1,1,1,-1,1,1,-1,-1,-1,1,1,-1,1,-1,-1,-1,1,1,1,1,-1,-1,1,1,1,-1,1,-1,1,1,-1,1,1,-1,-1,-1,1,1,-1,1,1,-1,1,1,1,-1,1,1,-1,-1,1,-1,1,-1,1,-1,-1,1,1,-1,1,-1,-1,-1,1,-1,-1,1,-1,1,-1,1,1,-1,-1,1,1,-1,1,-1,-1,1,-1,-1,-1,1,1,1,-1,-1,-1,-1,1,-1,1,-1,-1,-1,-1,-1,-1,-1,1,-1,-1,-1,1,-1,-1,1,-1,-1,-1,-1,-1,1,1,-1,-1,-1,-1,-1,1,-1,-1,-1,1,-1,-1,1,-1,1,-1,-1,-1,-1,-1,-1,-1,1,-1,-1,-1,1,1,-1,-1,-1,1,-1,1,-1,-1,-1,1,-1,-1,1,-1,1,-1,-1,-1,-1,1,-1,1,1,-1,1,-1,-1,1,1,-1,-1,-1,-1,-1,-1,1,1,-1,-1,1,-1,1,1,-1,-1,-1,1,-1,-1,1,-1,-1,1,-1,-1,1,1,1,-1,1,-1,1,1,1,-1,-1,1,-1,-1,1,1,1,-1,1,-1,-1,1,1,-1,1,1,-1,-1,1,1,-1,1,1,-1,-1,1,1,1,1,1,-1,-1,1,1,1,1,1,1,-1,-1,1,1,1,1,-1,-1,1,-1,1,1,1,1,-1,-1,1,-1,1,1,1,-1,1,1,1,1,-1,1,-1,1,1,1,1,1,1,1,-1,1,1,1,1,-1,1,-1,1,1,1,1,1,-1,1,1,1,1,-1,1,1,-1,1,1,-1,1,1,-1,-1,1,1,1,1,-1,1,-1,1,1,1,-1,-1,1,-1,1,1,1,-1,1,-1,-1,-1,1,1,-1,-1,1,-1,-1,1,1,-1,-1,1,-1,-1,1,1,1,-1,-1,-1,-1,1,1,-1,-1,-1,1,-1,-1,1,-1,1,1,-1,1,1,-1,-1,1,1,-1,-1,1,1,-1,1,1,-1,1,1,-1,-1,-1,-1,1,-1,-1,-1,-1,-1,-1,-1,1,1,-1,1,1,-1,1,1,1,1,-1,1,-1,1,1,1,1,-1,1,-1,1,1,1,1,-1,1,-1,-1,1,1,1,-1,1,-1,1,1,1,-1,-1,1,-1,-1,1,1,-1,-1,-1,1,-1,1,1,1,-1,1,-1,-1,1,-2670.0,1,2000,445,1500,False
1268,1,1,-1,-1,1,-1,-1,-1,1,1,1,-1,1,1,-1,1,-1,1,-1,-1,-1,1,1,1,1,-1,-1,-1,1,1,1,1,1,-1,-1,-1,1,-1,1,1,-1,-1,-1,1,1,1,1,-1,1,1,1,1,-1,1,-1,-1,1,-1,1,1,1,-1,-1,1,1,1,1,1,-1,-1,1,1,1,1,1,-1,-1,-1,1,1,1,-1,-1,-1,1,1,1,1,-1,-1,-1,1,1,1,1,-1,-1,1,1,-1,1,1,-1,-1,1,1,1,1,1,-1,-1,1,1,1,1,1,-1,-1,1,1,1,1,1,1,-1,-1,1,1,-1,1,1,-1,1,1,1,1,1,1,-1,-1,1,1,1,1,1,-1,1,1,1,1,1,1,-1,-1,-1,1,1,1,1,-1,1,-1,1,1,-1,1,-1,1,-1,1,1,1,-1,-1,1,1,1,1,1,-1,1,-1,-1,1,1,1,-1,1,1,1,1,-1,1,1,1,1,-1,1,-1,1,-1,1,1,-1,1,-1,1,1,-1,1,-1,1,-1,1,-1,1,1,-1,1,-1,1,1,1,1,-1,-1,1,1,-1,-1,1,-1,1,-1,-1,1,-1,1,-1,1,-1,1,-1,1,1,-1,-1,-1,1,1,-1,1,-1,1,1,1,-1,1,1,-1,-1,-1,1,-1,1,-1,1,-1,1,1,-1,1,-1,-1,-1,1,1,-1,1,-1,-1,-1,1,1,-1,-1,1,1,-1,-1,1,1,-1,1,1,-1,1,1,1,1,-1,1,-1,1,1,-1,1,-1,1,1,-1,1,1,1,1,1,-1,-1,1,-1,-1,1,1,1,-1,1,1,1,-1,1,-1,-1,1,1,1,1,1,-1,1,1,1,-1,1,1,-1,1,1,1,-1,1,1,-1,-1,1,1,1,-1,1,-1,1,1,1,-1,1,1,-1,1,1,1,-1,1,-1,-1,1,1,1,-1,1,-1,-1,-1,1,1,-1,1,-1,-1,1,-1,1,-1,1,1,-1,-1,1,1,1,-1,1,-1,-1,1,1,-1,1,-1,1,-1,-1,-1,-1,1,1,-1,-1,1,1,-1,1,1,-1,-1,1,1,1,1,1,-1,1,1,1,-1,1,-1,-1,-1,-1,1,1,1,1,-1,-1,1,1,1,1,-1,-1,-1,-1,-1,1,-1,-1,-1,1,-1,1,1,-1,1,-1,1,1,-1,1,-1,1,-1,-1,1,-1,1,1,1,-1,1,1,-1,-1,1,1,-1,-1,1,-1,1,1,1,1,-1,1,-1,-1,1,1,-1,1,1,-1,1,1,1,-1,1,1,-1,1,-1,-1,-1,1,-1,-1,1,-1,-1,-1,1,-1,-1,1,-1,1,-1,1,-1,-1,1,-1,-1,-1,1,-1,-1,1,-1,-1,-1,1,1,-1,1,1,-1,-1,1,1,-1,-1,1,1,-1,1,-1,-1,1,-1,-1,1,1,1,-1,-1,1,-1,1,-1,1,-1,-1,1,-1,-1,1,1,1,-1,1,-1,1,-1,-1,1,1,-1,-1,1,1,-1,-1,-1,1,-1,1,1,-1,1,-1,1,-1,1,1,-1,1,1,1,-1,-1,1,-1,1,-1,1,-1,-1,1,-1,-1,1,1,1,-1,1,-1,-1,-1,1,-1,-1,1,-1,1,1,1,1,-1,1,-1,-1,1,1,-1,-1,1,-1,-1,-1,1,1,-1,-1,1,1,-1,-1,-1,-1,1,1,1,1,1,1,-1,-1,1,1,1,-1,-1,-1,1,1,1,1,-1,-1,-1,1,-1,1,-1,1,-1,-1,-1,1,1,1,-1,-1,-1,1,1,1,1,1,-1,-1,-1,1,1,1,-1,-1,-1,-1,1,1,1,1,-1,-1,1,1,1,1,1,-1,-1,-1,1,1,1,1,-1,-1,-1,1,1,-1,1,-1,-1,-1,1,1,1,1,-1,-1,1,1,1,1,1,-1,1,1,-1,1,1,-1,-1,-1,1,1,1,1,1,-1,1,1,1,1,1,1,-1,-1,1,-1,1,-1,1,-1,-1,1,-1,1,-1,-1,-1,-1,1,-1,1,1,-1,1,-1,1,1,1,-1,1,1,1,-1,-1,1,-1,-1,-1,-1,1,1,-1,-1,-1,-1,-1,1,-1,1,-1,-1,-1,-1,-1,-1,-1,1,-1,-1,-1,1,-1,-1,1,-1,-1,-1,-1,-1,-1,1,-1,-1,-1,-1,-1,1,-1,-1,-1,1,-1,-1,1,-1,1,-1,-1,-1,-1,-1,-1,-1,1,-1,-1,-1,1,1,-1,-1,-1,1,-1,-1,-1,-1,-1,1,-1,-1,1,-1,1,-1,-1,-1,-1,1,-1,1,1,-1,1,-1,-1,1,1,-1,-1,-1,-1,-1,-1,1,1,-1,-1,1,-1,1,1,-1,-1,-1,1,-1,1,1,-1,-1,1,-1,-1,1,1,1,-1,1,-1,1,1,1,-1,-1,1,-1,-1,1,1,1,-1,1,-1,-1,1,1,-1,1,1,-1,-1,1,1,-1,1,1,-1,-1,1,1,1,1,1,-1,-1,1,1,1,1,1,1,-1,-1,1,1,-1,1,-1,-1,1,-1,1,1,1,1,-1,-1,1,-1,1,1,1,-1,1,1,1,1,-1,1,-1,1,1,1,1,1,1,1,-1,1,1,1,1,-1,1,-1,1,1,1,1,1,-1,1,1,1,1,-1,1,1,-1,1,1,-1,1,1,-1,-1,1,1,1,1,-1,1,-1,1,1,1,-1,-1,1,-1,1,1,1,-1,1,-1,-1,-1,1,1,-1,-1,1,-1,-1,1,1,1,-1,1,-1,-1,1,1,1,-1,1,-1,-1,1,1,-1,-1,-1,1,-1,-1,1,-1,1,1,-1,1,1,-1,-1,1,1,-1,-1,1,1,-1,1,1,-1,1,1,-1,-1,-1,-1,1,-1,-1,-1,-1,1,-1,-1,1,1,-1,1,1,-1,1,1,1,1,-1,1,-1,1,1,1,1,-1,1,-1,1,-1,1,1,-1,1,-1,-1,1,1,1,-1,1,-1,1,1,1,-1,-1,1,-1,-1,1,1,-1,-1,-1,1,-1,1,-1,1,-1,1,-1,-1,1,-2670.0,1,2000,445,1500,False
1269,1,1,-1,-1,1,-1,-1,-1,1,1,1,-1,1,1,1,1,-1,1,-1,-1,-1,-1,1,1,1,-1,-1,-1,1,1,1,1,1,-1,-1,-1,1,1,1,1,-1,-1,-1,1,1,1,1,-1,1,1,1,1,-1,1,-1,-1,1,-1,1,1,-1,-1,-1,-1,1,1,1,1,-1,-1,-1,1,1,1,1,-1,-1,-1,1,1,1,-1,-1,-1,1,1,1,1,-1,-1,-1,1,1,1,1,-1,-1,1,1,-1,1,1,-1,-1,1,1,1,1,1,-1,-1,1,1,1,1,1,-1,-1,1,1,1,1,1,1,-1,1,1,1,-1,1,1,-1,1,1,1,1,1,1,-1,-1,1,1,1,1,1,-1,1,1,1,1,1,1,-1,-1,-1,1,1,1,1,-1,1,1,1,1,-1,1,-1,1,-1,1,1,1,-1,-1,1,1,1,1,1,-1,1,-1,-1,1,-1,1,-1,1,1,1,1,1,1,1,1,1,1,1,-1,1,-1,1,1,-1,1,-1,1,1,-1,1,-1,1,-1,1,-1,1,1,-1,1,-1,1,1,1,1,-1,-1,1,1,-1,-1,1,-1,1,-1,-1,1,-1,1,-1,1,-1,1,-1,1,1,-1,-1,-1,1,1,-1,1,-1,1,1,1,-1,1,1,-1,1,-1,1,-1,1,-1,1,-1,1,1,-1,1,-1,-1,-1,1,1,-1,1,-1,-1,-1,1,1,-1,-1,1,1,-1,-1,1,1,-1,1,1,-1,1,1,1,1,-1,1,-1,1,1,-1,1,-1,1,-1,1,1,1,1,1,1,-1,-1,1,-1,-1,1,1,1,-1,1,1,1,-1,1,1,1,1,1,1,1,1,-1,1,1,1,-1,1,1,-1,1,1,1,-1,1,1,-1,-1,1,1,1,-1,1,-1,1,1,1,-1,1,1,-1,1,1,1,-1,1,1,-1,1,1,1,-1,1,1,1,-1,1,1,-1,1,1,-1,1,-1,1,-1,1,-1,1,-1,1,1,1,-1,-1,1,-1,1,1,-1,1,1,1,-1,-1,-1,-1,1,1,1,-1,1,1,-1,1,1,-1,-1,1,1,1,1,1,-1,1,1,1,-1,1,1,1,1,-1,1,1,1,-1,1,-1,1,1,1,1,1,1,-1,-1,-1,1,-1,1,1,-1,1,-1,1,-1,1,1,1,1,-1,1,-1,-1,1,-1,1,-1,1,1,1,1,1,1,-1,-1,1,-1,1,1,-1,-1,1,1,1,-1,1,1,-1,-1,1,-1,1,1,-1,-1,1,1,1,1,-1,1,-1,1,-1,1,1,-1,1,-1,1,-1,1,1,-1,-1,-1,1,-1,1,1,1,-1,-1,1,-1,-1,1,-1,-1,-1,1,-1,1,1,-1,1,-1,1,1,-1,1,-1,-1,-1,-1,-1,1,1,-1,-1,-1,1,-1,-1,1,-1,-1,-1,-1,1,-1,1,-1,-1,-1,-1,1,-1,-1,1,1,1,-1,1,-1,1,-1,1,1,1,-1,-1,-1,1,-1,1,1,1,1,-1,1,-1,-1,1,1,-1,1,1,-1,-1,-1,1,-1,-1,1,-1,-1,1,1,1,-1,1,-1,-1,1,1,-1,-1,1,-1,-1,1,1,-1,-1,1,-1,-1,-1,1,1,-1,1,1,-1,-1,1,-1,-1,1,-1,1,-1,1,1,-1,-1,1,-1,-1,-1,-1,-1,1,1,1,-1,-1,1,-1,-1,1,-1,-1,1,-1,-1,1,1,-1,-1,1,-1,-1,1,1,-1,1,-1,1,-1,-1,1,1,-1,-1,-1,-1,-1,1,-1,-1,1,-1,-1,-1,1,1,-1,-1,-1,-1,-1,1,-1,-1,-1,-1,-1,1,1,1,-1,-1,-1,-1,-1,1,1,-1,-1,-1,-1,-1,1,1,1,-1,-1,-1,-1,1,1,-1,-1,-1,-1,1,1,1,1,1,-1,1,1,1,1,1,1,-1,-1,1,1,1,1,-1,-1,1,1,1,1,-1,1,-1,-1,1,-1,1,-1,1,-1,-1,1,-1,1,1,1,-1,-1,1,-1,1,-1,1,-1,-1,1,-1,1,1,1,-1,-1,1,-1,1,1,1,-1,-1,1,1,-1,1,1,-1,-1,1,-1,1,-1,1,-1,-1,-1,-1,-1,1,1,-1,-1,1,-1,-1,1,1,-1,-1,-1,-1,1,-1,1,-1,-1,-1,-1,1,-1,-1,-1,1,-1,-1,1,-1,1,-1,-1,-1,-1,-1,-1,1,1,-1,-1,-1,1,1,1,-1,-1,1,-1,-1,-1,1,-1,1,-1,-1,1,1,1,-1,-1,-1,-1,1,-1,1,1,-1,1,-1,-1,1,1,-1,-1,-1,-1,-1,-1,1,1,-1,-1,1,-1,1,1,-1,-1,-1,1,-1,1,1,-1,-1,1,-1,-1,1,1,1,-1,1,-1,1,1,1,-1,-1,1,-1,-1,1,1,1,-1,1,-1,-1,1,1,-1,1,1,-1,-1,1,1,1,1,1,-1,-1,1,1,1,1,1,-1,-1,1,1,1,1,1,1,-1,-1,1,1,1,1,-1,-1,1,-1,1,1,1,1,-1,-1,1,-1,1,1,1,-1,1,1,1,1,-1,1,-1,1,1,1,1,1,1,1,-1,1,1,1,1,-1,1,-1,1,1,1,1,1,-1,1,1,1,1,-1,1,1,-1,1,1,-1,1,1,-1,-1,1,1,1,1,-1,1,-1,1,1,1,-1,-1,1,-1,1,1,1,-1,1,-1,-1,-1,1,1,-1,-1,1,-1,-1,1,1,1,-1,1,-1,-1,1,1,1,-1,1,-1,-1,1,1,-1,-1,-1,1,-1,-1,1,-1,1,1,-1,1,1,-1,-1,1,1,-1,-1,1,1,-1,1,1,-1,1,1,-1,-1,-1,-1,1,-1,-1,-1,-1,1,-1,-1,1,1,-1,1,1,-1,1,1,1,1,-1,1,-1,1,1,1,1,-1,1,-1,-1,1,1,1,-1,1,-1,1,1,1,1,-1,1,-1,1,1,1,-1,-1,1,-1,-1,1,1,-1,-1,-1,1,-1,1,1,1,-1,1,-1,-1,1,-2670.0,1,2000,445,0,False
1270,1,1,-1,-1,1,1,-1,-1,1,1,1,-1,-1,1,1,1,-1,1,-1,-1,1,-1,1,1,1,-1,-1,-1,1,1,1,1,-1,-1,-1,-1,1,1,1,1,-1,-1,-1,1,1,1,1,-1,1,1,1,1,-1,1,-1,-1,1,-1,1,1,1,-1,-1,-1,1,1,1,1,-1,-1,-1,1,1,1,1,-1,-1,-1,1,1,1,-1,-1,-1,1,1,1,1,-1,1,-1,1,1,1,1,-1,-1,1,1,-1,1,1,-1,-1,1,1,1,1,1,-1,-1,1,1,-1,1,1,-1,-1,1,1,1,1,1,1,-1,1,1,1,-1,1,1,-1,1,1,1,1,1,1,-1,-1,1,1,1,1,1,-1,1,1,1,1,1,1,-1,-1,-1,1,1,1,1,-1,1,1,1,1,-1,1,-1,1,-1,1,1,1,-1,-1,1,1,1,1,1,-1,1,-1,-1,1,-1,1,-1,1,1,1,1,1,1,1,1,1,-1,1,-1,1,-1,1,1,-1,1,-1,1,1,-1,1,-1,1,-1,1,-1,1,1,-1,1,-1,1,1,1,1,-1,-1,1,1,-1,-1,1,-1,1,-1,-1,1,-1,1,-1,1,-1,1,-1,1,1,-1,-1,-1,1,1,-1,1,-1,1,1,1,-1,1,1,-1,1,-1,1,-1,1,-1,1,-1,1,1,-1,1,-1,-1,-1,1,1,-1,1,-1,-1,-1,1,1,-1,-1,1,1,-1,-1,1,1,-1,1,1,-1,1,1,1,1,-1,1,-1,1,1,-1,1,-1,1,1,1,1,1,1,1,1,-1,-1,1,-1,-1,1,1,1,-1,1,1,1,-1,1,1,1,1,1,1,-1,1,-1,1,1,1,-1,1,1,-1,1,1,1,-1,1,1,-1,-1,1,1,1,-1,1,-1,1,1,1,-1,1,1,-1,1,1,1,-1,1,1,-1,1,1,1,-1,1,1,-1,-1,1,1,-1,1,1,-1,1,-1,1,-1,1,1,1,-1,1,1,1,-1,1,1,-1,1,1,-1,1,-1,1,-1,-1,-1,-1,1,1,1,-1,1,1,-1,1,1,-1,-1,1,1,1,1,1,-1,1,1,1,-1,1,1,1,1,-1,1,1,1,-1,1,-1,1,1,1,1,1,1,-1,-1,-1,1,-1,-1,1,1,-1,1,1,1,1,1,1,1,-1,1,-1,-1,1,-1,1,-1,1,1,1,1,1,1,-1,-1,1,-1,1,1,1,-1,1,1,1,-1,1,1,-1,-1,1,-1,1,1,1,-1,1,1,1,1,1,1,-1,1,-1,-1,1,1,-1,-1,1,-1,1,1,1,-1,-1,1,-1,1,1,1,-1,-1,1,1,-1,1,1,-1,-1,1,-1,1,1,1,1,-1,1,-1,-1,1,1,1,-1,-1,-1,1,1,1,-1,-1,1,-1,-1,1,-1,1,-1,-1,1,-1,1,-1,1,-1,-1,1,-1,-1,1,1,1,-1,1,-1,1,-1,1,-1,1,-1,-1,-1,1,-1,-1,1,1,1,-1,1,-1,1,1,1,-1,1,1,-1,1,-1,1,-1,-1,1,-1,-1,1,1,1,-1,1,-1,-1,1,1,-1,-1,1,-1,-1,1,1,-1,-1,1,-1,-1,-1,1,1,-1,1,-1,-1,-1,1,-1,-1,1,-1,1,-1,1,1,-1,-1,1,-1,-1,-1,-1,-1,1,1,1,-1,-1,1,-1,-1,1,-1,-1,1,-1,-1,1,1,-1,-1,1,1,-1,1,1,-1,1,-1,1,-1,-1,1,1,-1,-1,-1,-1,-1,1,-1,-1,1,-1,-1,-1,1,1,-1,-1,-1,-1,-1,1,-1,-1,-1,-1,-1,1,1,1,-1,-1,-1,-1,-1,1,1,-1,-1,-1,-1,-1,1,1,1,-1,-1,-1,-1,1,1,-1,-1,-1,-1,1,1,1,1,-1,-1,1,1,1,1,1,-1,-1,-1,1,1,1,-1,1,-1,1,1,1,1,-1,1,-1,-1,1,-1,1,-1,1,-1,-1,1,-1,1,-1,-1,-1,-1,1,-1,1,-1,1,-1,-1,1,-1,1,-1,1,-1,-1,1,-1,1,-1,-1,-1,-1,1,1,-1,-1,-1,-1,-1,1,-1,1,-1,-1,-1,-1,-1,-1,-1,1,-1,-1,-1,1,-1,-1,1,-1,-1,-1,-1,-1,1,1,-1,-1,-1,-1,-1,1,-1,-1,-1,1,-1,-1,1,-1,1,-1,-1,-1,-1,-1,-1,-1,1,-1,-1,-1,1,1,-1,-1,-1,1,1,-1,-1,-1,-1,1,-1,-1,1,-1,1,-1,-1,-1,-1,1,-1,1,1,-1,1,-1,-1,1,1,-1,-1,-1,-1,-1,-1,1,1,-1,-1,1,-1,1,1,-1,-1,-1,1,-1,1,1,-1,-1,1,-1,-1,1,1,1,-1,1,-1,1,1,1,-1,-1,1,-1,-1,1,1,1,-1,1,-1,-1,1,1,-1,1,1,-1,-1,1,1,-1,1,1,-1,-1,1,1,-1,1,1,-1,-1,1,1,1,1,1,1,-1,-1,1,1,1,1,-1,-1,1,-1,1,1,1,1,-1,-1,1,-1,1,1,1,-1,1,1,1,1,-1,1,-1,1,1,1,1,1,1,1,-1,1,1,1,1,-1,1,-1,1,1,1,1,1,-1,1,1,1,1,-1,1,1,-1,1,1,-1,1,1,-1,-1,1,1,1,1,-1,1,-1,1,1,1,-1,-1,1,-1,1,1,1,-1,1,-1,-1,-1,1,1,-1,-1,1,-1,-1,1,1,1,-1,1,-1,-1,1,1,1,-1,1,-1,-1,1,1,-1,-1,-1,1,-1,1,1,-1,1,1,-1,1,1,-1,-1,1,-1,-1,-1,-1,1,-1,1,1,-1,1,1,-1,-1,-1,-1,1,-1,-1,-1,-1,1,-1,-1,1,1,-1,1,1,-1,1,1,1,1,-1,1,-1,1,1,1,1,-1,1,-1,-1,1,1,1,-1,1,-1,1,1,1,1,-1,1,-1,1,1,-1,-1,-1,1,-1,-1,1,1,-1,-1,-1,1,-1,1,-1,1,-1,1,-1,-1,1,-2670.0,1,2000,445,500,False
1271,1,1,-1,-1,1,1,-1,-1,1,1,1,-1,-1,1,1,1,-1,1,-1,-1,-1,-1,1,1,1,-1,-1,-1,1,1,1,1,-1,-1,-1,-1,1,-1,1,1,-1,-1,-1,1,1,1,1,-1,1,1,1,1,-1,1,-1,-1,1,-1,1,1,1,-1,-1,-1,1,1,1,1,-1,-1,-1,1,1,1,1,-1,-1,-1,1,1,1,-1,-1,-1,1,1,1,1,-1,-1,-1,1,1,1,1,-1,-1,1,1,-1,1,1,-1,-1,1,1,1,1,1,-1,-1,1,1,1,1,1,-1,-1,1,1,1,1,1,1,-1,-1,1,1,-1,1,1,-1,1,1,1,1,1,1,-1,-1,1,1,1,1,1,-1,1,1,1,1,1,1,-1,-1,-1,1,1,1,1,-1,1,1,1,1,-1,1,-1,1,-1,1,1,1,-1,-1,1,1,1,1,1,-1,1,-1,-1,1,-1,1,-1,1,1,1,1,1,1,1,1,1,1,1,-1,1,-1,1,1,-1,1,-1,1,1,-1,1,-1,1,-1,1,-1,1,1,-1,-1,-1,1,1,1,1,-1,-1,1,1,-1,-1,1,-1,1,-1,-1,1,-1,1,-1,1,-1,1,-1,1,1,-1,-1,-1,1,1,-1,1,-1,1,1,1,-1,1,1,-1,-1,-1,1,-1,1,-1,1,-1,1,1,-1,1,-1,-1,-1,1,1,-1,1,-1,-1,-1,1,1,-1,-1,1,1,-1,-1,1,1,-1,1,1,-1,1,1,1,1,-1,1,-1,1,1,-1,1,-1,1,1,-1,1,1,1,1,1,-1,-1,1,-1,-1,-1,1,1,-1,1,1,1,-1,1,-1,-1,1,1,1,-1,1,-1,1,1,1,-1,1,1,-1,1,1,1,-1,1,1,-1,-1,1,1,1,-1,1,-1,1,1,1,-1,1,1,-1,1,1,1,-1,1,-1,-1,1,1,1,-1,1,-1,-1,-1,1,1,-1,1,-1,-1,1,-1,1,-1,1,1,-1,-1,1,1,1,1,1,-1,-1,1,1,-1,1,-1,-1,-1,-1,-1,-1,1,1,-1,-1,1,1,-1,1,-1,-1,-1,1,1,1,1,-1,-1,1,1,1,-1,1,-1,-1,-1,-1,1,1,1,1,-1,-1,1,1,1,1,-1,-1,1,-1,-1,1,-1,1,-1,-1,1,-1,1,1,-1,-1,1,1,-1,1,-1,1,-1,-1,1,-1,1,1,-1,-1,-1,1,-1,-1,1,1,-1,-1,1,-1,1,1,-1,1,-1,1,-1,-1,1,1,-1,-1,1,-1,1,1,-1,-1,1,1,-1,1,-1,1,-1,1,-1,-1,1,-1,1,-1,1,-1,-1,1,-1,-1,-1,1,-1,-1,1,1,1,-1,1,-1,-1,1,-1,-1,1,-1,1,-1,1,-1,1,-1,1,1,-1,-1,-1,1,-1,1,-1,-1,1,-1,1,1,1,1,-1,-1,1,1,-1,1,1,-1,-1,1,1,1,-1,1,1,-1,1,1,1,1,-1,1,1,-1,-1,-1,1,-1,-1,1,1,1,-1,1,-1,1,-1,-1,-1,1,1,-1,1,1,-1,-1,-1,1,-1,1,1,-1,1,-1,1,-1,-1,-1,-1,-1,-1,1,-1,-1,-1,-1,-1,-1,1,-1,1,1,1,1,-1,1,-1,1,1,-1,-1,-1,1,-1,-1,1,-1,1,-1,-1,1,1,1,1,-1,-1,1,1,1,1,-1,1,-1,-1,1,1,1,-1,-1,-1,1,1,1,1,-1,-1,-1,1,-1,1,-1,1,1,-1,-1,1,1,1,-1,-1,-1,1,1,1,1,1,-1,-1,-1,1,1,1,1,-1,-1,-1,1,1,1,-1,-1,-1,-1,1,1,1,1,-1,-1,1,1,1,1,1,-1,-1,-1,1,1,-1,1,-1,-1,-1,1,1,1,1,-1,-1,1,1,1,1,-1,-1,1,1,-1,1,1,-1,-1,-1,1,1,1,1,1,-1,1,1,1,1,1,-1,-1,-1,1,-1,1,-1,-1,-1,-1,1,-1,1,1,-1,-1,-1,1,-1,1,1,-1,1,-1,1,1,1,1,-1,1,-1,1,-1,1,1,-1,-1,-1,1,1,-1,-1,-1,-1,-1,1,-1,1,-1,-1,-1,-1,-1,-1,-1,1,-1,-1,-1,1,-1,-1,1,-1,-1,-1,-1,-1,1,1,-1,-1,-1,-1,-1,1,-1,-1,-1,1,-1,-1,1,-1,1,-1,-1,-1,-1,-1,-1,-1,1,-1,-1,-1,1,1,-1,-1,-1,1,-1,-1,-1,-1,-1,1,-1,-1,1,1,1,-1,-1,-1,-1,1,-1,1,1,-1,1,-1,-1,1,1,-1,-1,-1,-1,-1,-1,1,1,-1,-1,1,-1,1,1,-1,-1,-1,1,-1,1,1,-1,-1,1,-1,-1,1,1,1,-1,1,-1,1,1,1,-1,-1,1,-1,-1,1,1,1,-1,1,-1,-1,1,1,-1,1,1,-1,-1,1,1,-1,1,1,-1,-1,1,1,-1,1,1,-1,-1,1,1,1,1,1,1,-1,-1,1,1,-1,1,-1,-1,1,-1,1,1,1,1,-1,-1,1,-1,1,1,1,-1,1,1,1,1,-1,1,-1,1,1,1,1,1,1,1,-1,1,1,1,1,-1,1,-1,1,1,1,1,1,-1,1,1,1,1,-1,1,1,-1,1,1,-1,1,1,-1,-1,1,1,1,1,-1,1,-1,1,1,1,-1,-1,1,-1,1,1,1,-1,1,-1,-1,-1,1,1,-1,-1,1,-1,-1,1,1,1,-1,1,-1,-1,1,1,1,-1,1,-1,-1,1,1,-1,-1,-1,1,-1,1,1,-1,1,1,-1,1,1,-1,-1,1,-1,-1,-1,1,1,-1,1,1,-1,1,1,-1,-1,-1,-1,1,-1,-1,-1,-1,1,-1,-1,1,1,-1,1,1,-1,1,1,1,1,-1,1,-1,1,1,1,1,-1,1,-1,-1,1,1,1,-1,1,-1,1,1,1,1,-1,1,-1,1,1,1,-1,-1,1,-1,-1,1,1,-1,-1,-1,1,-1,1,-1,1,-1,1,-1,-1,1,-2670.0,1,2000,445,1000,False
1272,1,1,-1,-1,1,1,-1,-1,1,1,1,-1,1,1,1,1,-1,1,-1,-1,-1,-1,1,1,1,-1,-1,-1,1,1,1,1,1,-1,-1,-1,1,1,1,1,-1,-1,-1,1,1,1,-1,-1,1,1,1,1,-1,1,-1,-1,1,-1,1,1,-1,-1,-1,-1,1,1,1,-1,-1,-1,-1,1,1,1,1,-1,-1,-1,1,1,1,-1,-1,-1,1,1,1,1,-1,-1,-1,1,1,1,1,-1,-1,1,1,-1,1,1,-1,-1,1,1,1,1,1,-1,-1,1,1,1,1,1,-1,-1,1,1,1,1,1,1,-1,1,1,1,-1,1,1,-1,1,1,1,1,1,1,-1,-1,1,1,1,1,1,-1,1,1,1,1,1,1,-1,-1,-1,1,1,1,-1,-1,1,1,1,1,-1,1,-1,1,-1,1,1,1,-1,-1,1,1,1,1,1,-1,1,-1,-1,1,-1,1,-1,1,1,1,1,1,1,-1,1,1,-1,1,-1,1,1,-1,1,-1,1,-1,1,-1,-1,1,-1,1,-1,1,-1,1,1,-1,1,-1,1,1,1,1,-1,-1,1,1,-1,-1,1,-1,1,-1,-1,1,-1,1,-1,1,-1,1,-1,1,1,-1,-1,-1,1,-1,1,1,-1,1,1,1,1,1,1,-1,1,-1,-1,1,1,-1,1,-1,1,-1,1,1,-1,-1,-1,1,1,1,1,-1,-1,-1,1,1,-1,1,1,1,-1,-1,1,1,1,1,1,-1,1,1,-1,1,-1,1,-1,1,1,1,1,-1,1,1,1,1,1,1,1,1,-1,-1,1,-1,1,-1,1,1,-1,1,1,1,-1,1,1,1,1,1,1,-1,1,-1,1,1,1,1,-1,1,-1,1,1,1,-1,1,1,-1,-1,1,1,-1,-1,1,-1,1,1,1,1,1,1,-1,1,1,1,1,1,1,-1,1,1,1,1,1,1,1,-1,1,1,1,1,1,-1,1,-1,1,-1,1,1,1,-1,1,1,1,1,1,1,-1,1,1,1,-1,1,1,-1,-1,-1,-1,1,1,1,-1,1,1,-1,1,1,-1,-1,1,1,1,1,1,-1,1,1,1,-1,1,1,1,-1,-1,1,1,1,-1,1,-1,1,-1,1,1,1,1,-1,-1,-1,1,-1,-1,1,1,-1,1,1,1,1,1,1,1,-1,1,-1,-1,1,-1,1,-1,1,-1,-1,1,1,1,-1,-1,1,-1,1,1,1,-1,1,1,1,-1,1,1,-1,1,-1,-1,1,1,1,-1,-1,-1,1,1,1,1,-1,1,-1,-1,1,1,-1,1,-1,1,1,1,1,-1,-1,-1,-1,1,1,1,-1,1,-1,-1,-1,1,1,-1,-1,1,-1,1,1,1,1,-1,-1,-1,-1,1,1,1,-1,-1,-1,1,1,1,-1,-1,1,-1,-1,1,-1,1,-1,-1,-1,-1,1,-1,1,-1,-1,-1,-1,-1,1,1,1,-1,1,-1,1,-1,1,-1,1,-1,-1,-1,1,-1,-1,1,1,1,-1,1,-1,1,1,1,-1,1,1,-1,1,-1,1,-1,-1,1,-1,-1,1,1,1,-1,1,-1,-1,1,1,-1,-1,1,-1,-1,1,1,-1,-1,1,-1,-1,-1,1,1,-1,1,-1,-1,-1,1,-1,-1,1,-1,1,-1,1,1,-1,-1,1,-1,-1,-1,-1,-1,1,1,1,-1,-1,1,-1,-1,1,-1,-1,1,-1,-1,1,1,-1,-1,1,-1,-1,1,1,-1,1,-1,1,-1,-1,1,1,-1,-1,-1,-1,-1,1,-1,-1,1,-1,-1,-1,1,1,-1,-1,-1,-1,-1,1,-1,-1,-1,-1,-1,1,1,1,-1,-1,-1,-1,-1,1,1,-1,-1,-1,-1,-1,1,1,1,-1,-1,-1,-1,1,1,-1,-1,-1,-1,1,1,1,1,-1,-1,1,1,1,1,1,-1,-1,-1,1,1,1,-1,1,-1,1,1,1,1,-1,1,-1,-1,1,-1,1,-1,1,-1,-1,1,-1,1,-1,-1,-1,-1,1,-1,1,-1,1,-1,-1,1,-1,1,-1,1,-1,-1,1,-1,1,-1,-1,-1,-1,1,1,-1,-1,-1,-1,-1,1,-1,1,-1,-1,-1,-1,-1,-1,-1,1,-1,-1,-1,1,-1,-1,1,-1,-1,-1,-1,-1,1,1,-1,-1,-1,-1,-1,1,-1,-1,-1,1,-1,-1,1,-1,1,-1,-1,-1,-1,-1,-1,-1,1,-1,-1,-1,1,1,-1,-1,-1,1,-1,-1,-1,-1,-1,1,-1,-1,1,-1,1,-1,1,-1,-1,1,-1,1,1,-1,1,-1,-1,1,1,-1,-1,-1,-1,-1,-1,1,1,-1,-1,1,-1,1,1,-1,-1,-1,1,-1,-1,1,-1,-1,1,1,-1,1,1,1,-1,1,-1,1,1,1,-1,-1,1,-1,-1,1,1,1,1,-1,-1,-1,1,1,1,-1,1,-1,-1,1,1,1,1,-1,1,-1,1,1,1,1,1,-1,-1,1,1,1,1,1,-1,-1,1,1,1,1,-1,-1,-1,1,-1,1,1,1,-1,-1,-1,1,-1,1,1,-1,-1,1,1,1,1,1,-1,-1,1,1,1,1,1,-1,-1,-1,1,1,1,1,-1,1,-1,1,1,1,-1,-1,1,-1,1,1,1,-1,-1,1,-1,1,1,-1,1,-1,-1,1,-1,1,1,1,-1,-1,-1,1,1,1,-1,-1,-1,1,1,1,1,-1,1,-1,-1,-1,1,1,-1,1,-1,-1,1,1,1,1,-1,1,-1,1,1,1,1,-1,1,-1,1,1,1,-1,-1,1,1,1,1,1,-1,1,-1,-1,1,1,-1,-1,1,-1,-1,1,1,1,-1,1,1,1,1,1,-1,-1,-1,-1,-1,1,-1,-1,-1,1,-1,1,1,1,-1,1,1,-1,1,1,1,1,-1,1,-1,1,1,1,1,-1,1,-1,1,1,1,1,-1,1,-1,1,1,1,1,-1,1,-1,1,1,1,-1,-1,1,-1,-1,1,1,-1,-1,-1,1,-1,1,-1,1,-1,1,-1,-1,1,-2670.0,1,2000,445,0,False
1273,1,1,-1,-1,1,-1,-1,-1,1,1,1,-1,1,1,1,1,-1,1,-1,-1,1,-1,1,1,1,-1,-1,-1,1,1,1,1,-1,-1,-1,-1,1,1,1,1,-1,-1,-1,1,1,1,1,-1,1,1,1,1,-1,1,-1,-1,1,-1,1,1,1,-1,-1,-1,1,1,1,1,-1,-1,-1,1,1,1,1,-1,-1,-1,1,1,1,-1,-1,-1,1,1,1,1,-1,-1,-1,1,1,1,1,-1,-1,1,1,-1,1,1,-1,-1,1,1,1,1,1,-1,-1,1,1,-1,1,1,-1,-1,1,1,1,1,1,1,-1,-1,1,1,-1,1,1,-1,1,1,1,1,1,1,-1,-1,1,1,1,1,1,-1,1,1,1,1,1,1,-1,-1,-1,1,1,1,1,-1,1,1,1,1,-1,1,-1,1,-1,1,1,1,-1,-1,1,1,1,1,1,-1,1,-1,-1,1,-1,1,-1,1,1,1,1,1,1,1,1,1,-1,1,-1,1,-1,1,1,-1,1,-1,1,1,-1,1,-1,1,-1,1,-1,1,1,-1,1,-1,1,1,1,1,-1,-1,1,1,-1,-1,1,-1,1,-1,-1,1,-1,1,-1,1,-1,1,-1,1,1,-1,-1,-1,1,1,-1,1,-1,1,1,1,-1,1,1,-1,1,-1,1,-1,1,-1,1,-1,1,1,-1,1,-1,-1,-1,1,1,-1,1,-1,-1,-1,1,1,-1,-1,1,1,-1,-1,1,1,-1,1,1,-1,1,1,1,1,-1,1,-1,1,1,-1,1,-1,1,1,-1,1,1,1,1,1,-1,-1,1,-1,-1,-1,1,1,-1,1,1,1,-1,1,-1,-1,1,1,1,1,1,-1,1,1,1,-1,1,1,-1,1,1,1,-1,1,1,-1,-1,1,1,1,-1,1,-1,1,1,1,-1,1,1,-1,1,1,1,-1,1,-1,-1,1,1,1,-1,1,-1,-1,-1,1,1,-1,1,-1,-1,1,-1,1,-1,1,1,-1,-1,1,1,1,-1,1,-1,-1,1,1,-1,1,-1,-1,-1,-1,-1,-1,1,1,-1,-1,1,1,-1,1,-1,1,-1,1,1,1,1,-1,-1,1,1,1,-1,1,-1,-1,-1,-1,1,1,1,1,-1,-1,1,1,1,1,-1,-1,1,-1,-1,1,-1,1,-1,-1,1,-1,1,1,-1,-1,1,1,-1,1,-1,1,-1,-1,1,-1,1,1,-1,-1,-1,1,-1,-1,1,1,-1,-1,1,-1,1,1,-1,1,-1,1,-1,-1,1,1,-1,-1,1,-1,1,1,-1,-1,1,1,-1,1,-1,1,-1,1,-1,-1,1,-1,1,-1,1,-1,-1,1,-1,-1,-1,1,-1,-1,1,1,1,-1,1,-1,-1,1,-1,-1,1,-1,1,-1,1,-1,1,-1,1,1,-1,-1,-1,1,-1,1,-1,-1,1,-1,1,1,1,1,-1,-1,1,1,-1,1,1,-1,-1,1,1,1,-1,1,1,-1,1,1,1,1,1,-1,1,-1,-1,-1,1,-1,-1,1,1,1,-1,1,-1,1,-1,-1,-1,1,1,-1,1,1,-1,-1,-1,1,-1,1,1,-1,1,-1,1,-1,-1,-1,-1,-1,-1,1,-1,-1,-1,-1,-1,-1,1,-1,1,1,1,1,-1,1,-1,1,1,-1,-1,-1,1,-1,-1,1,-1,1,-1,-1,1,1,1,1,-1,-1,1,1,1,1,-1,1,-1,-1,1,1,1,-1,-1,-1,1,1,1,1,-1,1,-1,1,-1,1,-1,1,1,-1,-1,1,1,1,-1,-1,-1,1,1,1,1,1,-1,-1,-1,1,1,1,1,-1,-1,-1,1,-1,1,-1,-1,-1,1,1,1,1,1,-1,-1,-1,1,1,1,1,-1,-1,-1,1,1,-1,1,-1,-1,-1,1,1,1,1,-1,-1,1,1,1,1,-1,-1,1,1,-1,1,1,-1,-1,-1,1,1,1,1,1,-1,1,1,1,1,1,-1,-1,-1,1,-1,1,-1,-1,-1,-1,1,-1,1,1,1,-1,-1,1,-1,1,1,-1,-1,-1,1,1,1,1,-1,-1,-1,1,-1,1,1,-1,-1,-1,1,1,-1,-1,-1,-1,-1,1,-1,1,-1,-1,-1,-1,-1,-1,-1,1,-1,-1,-1,1,-1,-1,1,-1,-1,-1,-1,-1,1,1,-1,-1,-1,-1,-1,1,-1,-1,-1,1,-1,-1,1,-1,1,-1,-1,-1,-1,-1,-1,-1,1,-1,-1,-1,1,1,-1,-1,-1,1,-1,-1,-1,-1,-1,1,-1,-1,1,1,1,-1,-1,-1,-1,1,-1,1,1,-1,1,-1,-1,1,1,-1,-1,-1,-1,-1,-1,1,1,-1,-1,1,-1,1,1,-1,-1,-1,1,-1,1,1,-1,-1,1,-1,-1,1,1,1,-1,1,-1,1,1,1,-1,-1,1,-1,-1,1,1,1,-1,1,-1,-1,1,1,-1,1,1,-1,-1,1,1,-1,1,1,-1,-1,1,1,-1,1,1,-1,-1,1,1,1,1,1,1,-1,-1,1,1,-1,1,-1,-1,1,-1,1,1,1,1,-1,-1,1,-1,1,1,1,-1,1,1,1,1,-1,1,-1,1,1,1,1,1,1,1,-1,1,1,1,1,-1,1,-1,1,1,1,1,1,-1,1,1,1,1,-1,1,1,-1,1,1,-1,1,1,-1,-1,1,1,1,1,-1,1,-1,1,1,1,-1,-1,1,-1,1,1,1,-1,1,-1,-1,-1,1,1,-1,-1,1,-1,-1,1,1,-1,-1,1,-1,-1,1,1,1,-1,1,-1,-1,1,1,-1,-1,-1,1,-1,-1,1,-1,1,1,-1,1,1,-1,-1,1,1,-1,-1,1,1,-1,1,1,-1,1,1,-1,-1,-1,-1,1,-1,-1,-1,-1,1,-1,-1,1,1,-1,1,1,-1,1,1,1,1,-1,1,-1,1,1,1,1,-1,1,-1,-1,1,1,1,-1,1,-1,1,1,1,1,-1,1,-1,1,1,-1,-1,-1,1,-1,-1,1,1,-1,-1,-1,1,-1,1,-1,1,-1,1,-1,-1,1,-2670.0,1,2000,445,0,False
1274,1,1,-1,-1,1,1,-1,1,1,1,1,-1,-1,1,1,1,-1,1,1,-1,-1,1,1,1,1,1,-1,-1,1,1,1,1,-1,-1,-1,1,-1,1,1,1,-1,-1,1,1,1,1,1,-1,1,-1,1,1,-1,1,-1,-1,-1,-1,1,1,1,-1,-1,1,1,1,1,1,-1,-1,1,-1,1,1,1,-1,-1,1,-1,1,1,-1,-1,-1,-1,1,1,1,-1,-1,1,-1,-1,1,1,-1,-1,-1,-1,1,1,1,-1,-1,1,-1,-1,1,1,-1,-1,-1,-1,-1,1,1,-1,-1,1,-1,-1,1,1,1,-1,-1,-1,-1,1,1,1,-1,1,-1,-1,1,1,1,-1,1,-1,-1,-1,1,1,-1,1,-1,-1,-1,1,1,-1,-1,1,-1,-1,1,1,-1,1,-1,-1,-1,1,1,-1,1,1,-1,1,1,-1,-1,1,-1,-1,1,1,-1,1,-1,1,-1,1,1,-1,1,1,-1,-1,-1,1,1,1,1,1,-1,-1,1,-1,1,1,1,-1,-1,1,1,-1,1,1,-1,1,1,-1,1,1,1,-1,1,1,1,1,1,1,1,-1,1,-1,-1,1,1,-1,-1,1,1,1,1,1,-1,-1,1,-1,1,1,1,1,-1,1,1,-1,1,1,-1,1,1,-1,1,-1,1,-1,-1,1,-1,1,1,1,1,1,1,-1,1,-1,1,1,1,1,-1,1,-1,1,1,1,1,-1,-1,1,1,1,1,1,1,-1,1,1,-1,-1,1,1,-1,-1,1,1,1,1,-1,1,-1,1,1,1,-1,1,-1,-1,1,1,1,1,-1,1,-1,1,-1,1,1,1,1,-1,1,1,1,1,1,-1,-1,1,1,1,1,1,1,-1,1,1,1,1,1,-1,1,1,1,-1,1,1,-1,1,1,1,-1,1,1,1,1,1,-1,1,1,1,1,1,1,1,1,1,1,1,1,1,1,-1,1,1,1,1,1,1,1,-1,1,-1,1,-1,1,-1,1,1,1,1,-1,1,1,-1,1,1,-1,1,1,-1,-1,-1,-1,1,-1,1,-1,1,1,-1,1,1,-1,1,1,1,1,1,1,-1,-1,1,1,-1,1,1,1,1,-1,1,1,1,-1,1,-1,1,-1,1,1,1,1,-1,-1,-1,1,-1,1,1,-1,1,-1,1,1,1,1,1,-1,-1,1,-1,-1,1,-1,1,-1,1,-1,-1,-1,1,1,-1,-1,1,-1,1,1,-1,-1,1,1,1,1,1,-1,-1,1,-1,-1,1,-1,-1,-1,-1,-1,1,1,-1,1,-1,1,-1,1,1,-1,-1,1,1,-1,1,1,-1,-1,-1,1,-1,1,1,-1,-1,1,-1,1,-1,1,1,-1,-1,1,-1,1,-1,1,-1,-1,-1,-1,-1,-1,1,-1,-1,-1,-1,1,-1,1,-1,-1,1,-1,-1,1,1,-1,-1,-1,1,-1,1,1,-1,1,-1,1,-1,-1,1,1,1,-1,1,-1,1,-1,1,1,1,-1,1,1,-1,-1,1,1,1,-1,1,-1,1,-1,1,1,1,-1,-1,-1,-1,-1,1,1,1,-1,-1,-1,1,1,-1,1,-1,-1,-1,1,1,1,1,-1,-1,1,1,1,1,1,-1,-1,-1,-1,1,1,1,-1,1,-1,-1,1,-1,1,-1,-1,1,1,-1,-1,1,1,-1,-1,-1,-1,-1,1,1,-1,-1,-1,1,-1,1,1,-1,-1,1,-1,1,1,-1,-1,-1,-1,-1,1,1,-1,1,-1,-1,1,1,1,1,-1,-1,-1,-1,-1,1,-1,1,-1,-1,1,-1,1,1,-1,1,-1,-1,1,1,1,-1,1,-1,1,-1,1,1,-1,1,-1,-1,-1,1,1,-1,1,-1,1,-1,1,1,1,-1,1,-1,-1,1,1,-1,-1,-1,1,-1,1,1,1,-1,1,-1,-1,-1,-1,1,-1,1,-1,-1,1,-1,-1,1,-1,1,-1,1,1,-1,1,-1,1,-1,1,-1,1,-1,1,-1,-1,1,1,-1,1,-1,-1,-1,-1,1,-1,1,-1,1,-1,-1,1,-1,1,1,-1,-1,-1,-1,1,1,1,1,-1,-1,1,-1,-1,1,1,-1,-1,-1,-1,1,-1,1,-1,-1,1,1,-1,1,1,-1,-1,1,-1,-1,1,1,-1,-1,-1,-1,1,-1,1,-1,-1,-1,-1,-1,1,-1,-1,1,-1,-1,1,-1,1,-1,-1,-1,-1,-1,1,1,1,-1,-1,-1,1,1,1,-1,-1,-1,1,-1,-1,1,-1,1,-1,-1,1,1,1,-1,-1,-1,-1,1,-1,1,1,-1,1,-1,-1,1,1,-1,-1,-1,-1,-1,-1,1,1,-1,-1,1,-1,1,1,-1,-1,-1,1,-1,1,1,-1,-1,1,-1,-1,1,1,1,-1,1,-1,1,1,1,-1,-1,1,-1,-1,1,1,1,-1,1,-1,-1,1,1,-1,1,1,-1,-1,1,1,-1,1,1,-1,-1,1,1,-1,1,1,-1,-1,1,1,1,1,-1,1,-1,1,1,-1,1,1,-1,-1,1,-1,1,1,1,1,-1,-1,1,-1,1,-1,1,-1,1,1,1,1,-1,1,-1,1,1,1,1,1,1,-1,-1,1,1,1,1,-1,1,-1,1,1,1,1,-1,1,-1,1,1,1,-1,-1,1,-1,1,1,-1,1,-1,-1,-1,1,1,1,-1,1,-1,-1,1,1,1,-1,-1,-1,-1,1,1,1,-1,-1,-1,-1,-1,1,1,-1,1,-1,-1,-1,1,1,-1,1,-1,-1,1,1,1,1,1,1,-1,-1,1,1,-1,-1,1,1,1,1,1,-1,1,-1,-1,1,1,-1,-1,1,-1,-1,-1,1,1,-1,1,1,1,1,1,-1,-1,-1,-1,1,-1,-1,-1,-1,1,-1,1,1,1,-1,1,1,-1,1,1,1,1,-1,1,-1,1,1,1,-1,-1,1,-1,1,1,1,-1,1,1,-1,1,1,1,-1,-1,1,-1,1,1,1,1,-1,1,-1,-1,1,1,1,-1,1,1,-1,1,1,1,-1,1,-1,-1,1,-2670.0,1,2000,445,1000,True
1275,1,1,-1,-1,1,1,-1,-1,1,1,1,-1,1,1,1,1,-1,1,-1,-1,-1,-1,1,1,1,-1,-1,-1,1,1,1,1,-1,-1,-1,-1,1,1,1,1,-1,-1,-1,1,1,1,1,-1,1,1,1,1,-1,1,-1,-1,1,-1,1,1,1,-1,-1,-1,1,1,1,1,-1,-1,-1,1,1,1,1,-1,-1,-1,1,1,1,-1,-1,-1,1,1,1,1,-1,-1,-1,1,1,1,1,-1,-1,1,1,-1,1,1,-1,-1,1,1,1,1,1,-1,-1,1,1,-1,1,1,-1,-1,1,1,1,1,1,1,-1,1,1,1,-1,1,1,-1,1,1,1,1,1,1,-1,-1,1,1,1,1,1,-1,1,1,1,1,1,1,-1,-1,-1,1,1,1,1,-1,1,1,1,1,-1,1,-1,1,-1,1,1,1,-1,-1,1,1,1,1,1,-1,1,-1,-1,1,-1,1,-1,1,1,1,1,1,1,1,1,1,-1,1,-1,1,-1,1,1,-1,1,-1,1,1,-1,1,-1,1,-1,1,-1,1,1,-1,1,-1,1,1,1,1,-1,-1,1,1,-1,-1,1,-1,1,-1,-1,1,-1,1,-1,1,-1,1,-1,1,1,-1,-1,-1,1,1,-1,1,-1,1,1,1,-1,1,1,-1,1,-1,1,-1,1,-1,1,-1,1,1,-1,1,-1,-1,-1,1,1,-1,1,-1,-1,-1,1,1,-1,-1,1,1,-1,-1,1,1,-1,1,1,-1,1,1,1,1,-1,1,-1,1,1,-1,1,-1,1,1,-1,1,1,1,1,1,-1,-1,1,-1,-1,1,1,1,-1,1,1,1,-1,1,-1,-1,1,1,1,1,1,-1,1,1,1,-1,-1,1,-1,1,1,1,-1,1,1,-1,-1,1,1,1,-1,1,-1,1,1,1,-1,1,1,-1,1,1,1,-1,1,-1,-1,1,1,1,-1,1,-1,-1,-1,1,1,-1,1,-1,-1,1,-1,1,-1,1,1,-1,-1,1,1,1,1,1,-1,-1,1,1,-1,1,-1,-1,-1,-1,-1,-1,1,1,-1,-1,1,1,-1,1,-1,1,-1,1,1,1,1,1,-1,1,1,1,-1,1,-1,-1,-1,-1,1,1,1,1,-1,-1,1,1,1,1,-1,-1,1,-1,-1,1,-1,1,-1,-1,1,-1,1,1,-1,-1,1,1,-1,1,-1,1,-1,-1,1,-1,1,1,-1,-1,-1,1,-1,-1,1,1,-1,-1,1,-1,1,1,-1,1,-1,1,-1,-1,1,1,-1,-1,1,-1,1,1,-1,-1,1,1,-1,1,-1,1,-1,1,-1,-1,1,-1,1,-1,1,-1,-1,1,-1,-1,-1,1,-1,-1,1,1,1,-1,1,-1,-1,1,-1,-1,1,-1,1,-1,1,1,1,-1,1,1,-1,-1,-1,1,-1,1,-1,-1,1,-1,1,1,1,1,-1,-1,1,1,-1,1,1,1,-1,1,1,1,-1,1,1,-1,1,1,1,1,1,1,1,-1,-1,-1,1,-1,-1,1,-1,1,-1,1,-1,1,-1,-1,-1,1,1,-1,1,1,-1,-1,-1,1,-1,1,1,-1,1,-1,1,-1,-1,-1,-1,-1,-1,1,-1,-1,-1,-1,-1,-1,1,-1,1,1,1,1,-1,1,-1,1,1,-1,-1,-1,1,-1,-1,1,-1,1,-1,-1,1,1,1,1,-1,-1,1,1,1,1,-1,1,-1,-1,1,1,1,-1,-1,-1,1,1,1,1,-1,1,-1,1,-1,1,-1,1,1,-1,-1,1,1,1,-1,-1,-1,-1,1,1,1,1,-1,-1,-1,1,1,1,1,-1,-1,-1,1,-1,1,-1,-1,-1,1,1,1,1,1,-1,-1,-1,1,1,1,1,-1,-1,-1,1,1,-1,1,-1,-1,-1,1,1,1,1,-1,-1,1,1,1,1,-1,-1,1,1,-1,1,1,-1,-1,-1,1,1,1,1,1,-1,1,1,1,1,1,-1,-1,-1,1,-1,1,-1,-1,-1,-1,1,-1,1,1,-1,-1,-1,1,-1,1,1,-1,-1,-1,1,1,1,1,-1,-1,-1,1,-1,1,1,-1,-1,-1,1,1,-1,-1,-1,-1,-1,1,-1,1,-1,-1,-1,-1,-1,-1,-1,1,-1,-1,-1,1,-1,-1,1,-1,-1,-1,-1,-1,-1,1,-1,-1,-1,-1,-1,1,-1,-1,-1,1,-1,-1,1,-1,1,-1,-1,-1,-1,-1,-1,-1,1,-1,-1,-1,1,1,1,-1,-1,1,-1,-1,-1,-1,-1,1,-1,-1,1,1,1,-1,-1,-1,-1,1,-1,1,1,-1,1,-1,-1,1,1,-1,-1,-1,-1,-1,-1,1,1,-1,-1,1,-1,1,1,-1,-1,-1,1,-1,1,1,-1,-1,1,-1,-1,1,1,1,-1,1,-1,1,1,1,-1,-1,1,-1,-1,1,1,1,-1,1,-1,-1,1,1,-1,1,1,-1,-1,1,1,-1,1,1,-1,-1,1,1,-1,1,1,-1,-1,1,1,1,1,1,1,-1,-1,1,1,-1,1,-1,-1,1,-1,1,1,1,1,-1,-1,1,-1,1,1,1,-1,1,1,1,1,-1,1,-1,1,1,1,1,1,1,1,-1,1,1,1,1,-1,1,-1,1,1,1,1,1,-1,1,1,1,1,-1,1,1,-1,1,1,-1,1,1,-1,-1,1,1,1,1,-1,1,-1,1,1,1,-1,-1,1,-1,1,1,1,-1,1,-1,-1,-1,1,1,-1,-1,1,-1,-1,1,1,1,-1,1,-1,-1,1,1,1,-1,1,-1,-1,1,1,-1,-1,-1,1,-1,1,1,-1,1,1,-1,1,1,-1,-1,1,-1,-1,-1,1,1,-1,1,1,-1,1,1,-1,-1,1,-1,1,-1,-1,-1,-1,1,-1,-1,1,1,-1,1,1,-1,1,1,1,1,-1,1,-1,1,1,1,1,-1,1,-1,-1,1,1,1,-1,1,-1,1,1,1,1,-1,1,-1,1,1,1,-1,-1,1,-1,-1,1,1,-1,-1,-1,1,-1,1,-1,1,-1,1,-1,-1,1,-2670.0,1,2000,445,0,False
1276,1,1,-1,-1,1,1,-1,-1,1,1,1,-1,1,1,1,1,-1,1,-1,-1,1,-1,1,1,1,-1,1,-1,1,1,1,1,-1,-1,-1,-1,1,1,1,-1,-1,-1,-1,1,1,1,1,-1,1,1,1,1,-1,1,-1,-1,1,-1,1,1,1,-1,-1,-1,1,1,1,1,-1,-1,-1,1,1,1,1,-1,-1,-1,1,1,1,-1,-1,-1,1,1,1,1,-1,-1,-1,1,1,1,1,-1,-1,1,1,-1,1,1,-1,-1,1,1,1,1,1,-1,-1,1,1,1,1,1,-1,-1,1,1,1,1,1,1,-1,-1,1,1,-1,1,1,-1,1,1,1,1,1,1,-1,-1,1,1,1,1,1,-1,1,1,1,1,1,1,-1,-1,-1,1,1,1,1,-1,1,1,1,1,-1,1,-1,1,1,1,1,1,-1,-1,1,1,1,1,1,-1,1,-1,-1,1,-1,1,-1,1,1,1,1,1,1,1,1,1,-1,1,-1,1,-1,1,1,-1,1,-1,1,1,-1,1,-1,1,-1,1,-1,1,1,-1,1,-1,1,1,1,1,-1,-1,1,1,-1,-1,1,-1,1,-1,-1,1,-1,1,-1,1,-1,1,-1,1,1,-1,-1,-1,1,1,-1,1,-1,1,1,1,-1,1,1,-1,1,-1,1,-1,1,-1,1,-1,1,1,-1,1,-1,-1,-1,1,1,-1,1,-1,-1,-1,1,1,-1,-1,1,1,-1,-1,1,1,-1,1,1,-1,1,1,1,1,-1,1,-1,1,1,-1,1,-1,1,1,-1,1,1,1,1,1,-1,-1,1,-1,-1,-1,1,1,-1,1,1,1,-1,1,-1,-1,1,1,1,1,1,-1,1,1,1,-1,-1,1,-1,1,1,1,-1,1,1,-1,-1,1,1,1,-1,1,-1,1,1,1,-1,1,1,-1,1,1,1,-1,1,-1,-1,1,1,1,-1,1,-1,-1,-1,1,1,-1,1,-1,-1,1,-1,1,-1,1,1,-1,-1,1,1,1,-1,1,-1,-1,1,1,-1,1,-1,-1,-1,-1,-1,-1,1,-1,-1,-1,1,1,-1,1,-1,-1,-1,1,1,1,1,-1,-1,1,1,1,-1,1,-1,-1,-1,-1,1,1,1,1,-1,-1,1,1,1,1,-1,-1,1,-1,-1,1,-1,1,-1,-1,1,-1,1,1,-1,-1,1,1,-1,1,-1,1,-1,-1,1,-1,1,1,-1,-1,-1,1,-1,-1,1,1,-1,-1,1,-1,1,1,-1,1,-1,1,-1,-1,1,1,-1,-1,1,-1,1,1,-1,-1,1,1,-1,1,-1,1,-1,1,-1,-1,1,-1,1,-1,1,-1,-1,1,-1,-1,-1,1,-1,-1,1,1,1,-1,1,-1,-1,1,-1,-1,1,-1,1,-1,1,1,1,-1,1,1,-1,-1,-1,1,-1,1,-1,-1,1,-1,1,1,1,1,-1,-1,1,1,-1,1,1,1,-1,1,1,1,-1,1,1,-1,1,1,1,1,1,-1,1,-1,-1,-1,1,-1,1,1,-1,1,-1,1,-1,1,-1,-1,-1,1,1,-1,1,1,-1,-1,1,1,-1,1,1,-1,1,-1,1,-1,-1,-1,-1,-1,-1,1,-1,-1,-1,-1,-1,-1,1,-1,1,1,1,1,-1,1,-1,1,1,-1,-1,-1,1,-1,-1,1,-1,1,-1,-1,1,1,1,1,-1,-1,-1,1,1,1,-1,1,-1,1,1,1,1,-1,-1,-1,1,1,1,1,-1,-1,-1,1,-1,1,-1,1,1,-1,-1,1,1,1,-1,-1,-1,1,1,1,1,1,-1,-1,-1,1,1,1,1,-1,-1,-1,1,1,1,-1,-1,-1,1,1,1,1,1,-1,-1,-1,1,1,1,1,-1,-1,-1,1,1,-1,1,-1,-1,-1,1,1,1,1,-1,-1,1,1,1,1,-1,-1,1,1,-1,1,1,-1,-1,-1,1,1,1,1,1,-1,1,1,1,1,1,-1,-1,-1,1,-1,1,-1,-1,-1,-1,1,-1,1,1,1,-1,-1,1,-1,1,1,-1,-1,-1,1,1,1,1,-1,-1,-1,1,-1,1,1,-1,-1,-1,1,1,-1,-1,-1,-1,-1,1,-1,1,-1,-1,-1,-1,-1,-1,-1,1,-1,-1,-1,1,-1,-1,1,-1,-1,-1,-1,-1,-1,1,-1,-1,-1,-1,-1,1,-1,-1,-1,1,-1,-1,1,-1,1,-1,-1,-1,-1,-1,-1,-1,1,-1,-1,-1,1,1,-1,-1,-1,1,1,-1,-1,-1,-1,1,-1,-1,1,1,1,-1,-1,-1,-1,1,-1,1,1,-1,1,-1,-1,1,1,-1,-1,-1,-1,-1,-1,1,1,-1,-1,1,-1,1,1,1,-1,-1,1,-1,1,1,-1,-1,1,-1,-1,1,1,1,-1,1,-1,1,1,1,-1,-1,1,-1,-1,1,1,1,-1,1,-1,-1,1,1,-1,1,1,-1,-1,1,1,1,1,1,-1,-1,1,1,-1,1,1,-1,-1,1,1,1,1,1,1,-1,-1,1,1,-1,1,-1,-1,1,-1,1,1,1,1,-1,-1,1,-1,1,1,1,-1,1,1,1,1,-1,1,-1,1,1,1,1,1,1,1,-1,1,1,1,1,-1,1,-1,1,1,1,1,1,-1,1,1,1,1,-1,1,1,-1,1,1,-1,1,1,-1,-1,1,1,1,1,-1,1,-1,1,1,1,-1,-1,1,-1,1,1,1,-1,1,-1,-1,-1,1,1,-1,-1,1,-1,-1,1,1,-1,-1,1,-1,-1,-1,1,1,-1,1,-1,-1,1,1,-1,-1,-1,1,-1,-1,1,-1,1,1,-1,1,1,-1,-1,1,1,-1,-1,1,1,-1,1,1,-1,1,1,-1,-1,-1,-1,1,-1,-1,-1,-1,1,-1,-1,1,1,-1,1,1,-1,1,1,1,1,-1,1,-1,1,1,1,1,-1,1,-1,-1,1,1,1,-1,1,-1,1,1,1,1,-1,1,-1,1,1,-1,-1,-1,1,-1,-1,1,1,-1,-1,-1,1,-1,1,-1,1,-1,1,-1,-1,1,-2670.0,1,2000,445,0,False
1277,1,1,-1,-1,1,1,-1,-1,1,1,1,-1,1,1,1,1,-1,1,-1,-1,1,-1,1,1,1,-1,1,-1,1,1,1,1,1,1,-1,-1,1,1,1,1,-1,-1,-1,1,1,1,1,-1,1,1,1,1,-1,1,-1,-1,1,-1,1,1,1,-1,1,-1,1,1,1,1,-1,-1,-1,1,1,1,1,-1,1,-1,1,1,1,-1,-1,1,1,1,1,1,-1,-1,-1,1,1,1,1,-1,1,1,1,-1,1,1,-1,-1,1,1,1,1,1,-1,-1,1,1,-1,1,1,-1,-1,1,1,1,1,1,1,-1,1,1,1,-1,1,1,-1,1,1,1,1,1,1,-1,1,1,1,1,1,1,-1,-1,1,1,1,1,1,-1,1,-1,1,1,1,1,-1,1,1,1,1,-1,1,-1,1,-1,1,1,1,-1,-1,1,1,1,1,1,-1,1,-1,-1,1,-1,1,-1,1,1,1,1,1,1,1,1,1,-1,1,-1,1,-1,1,1,-1,1,-1,1,1,-1,1,-1,1,-1,1,-1,1,1,-1,1,-1,1,1,1,1,-1,-1,1,1,-1,-1,1,-1,1,-1,1,1,-1,1,-1,1,-1,1,-1,-1,1,-1,-1,-1,1,1,-1,1,-1,1,1,1,-1,1,1,-1,-1,-1,1,-1,1,-1,1,-1,1,1,-1,1,-1,-1,-1,1,1,-1,1,-1,-1,-1,1,1,-1,-1,1,1,-1,-1,1,1,-1,1,1,-1,1,1,1,1,-1,1,-1,1,1,-1,1,-1,1,1,1,1,1,1,1,1,-1,-1,1,-1,-1,-1,1,1,-1,1,1,1,-1,1,1,1,1,1,1,1,1,-1,1,1,1,-1,1,1,-1,1,1,1,-1,1,1,-1,-1,1,1,1,-1,1,-1,1,1,1,-1,1,1,-1,1,1,1,-1,1,1,-1,1,1,1,-1,1,1,-1,-1,1,1,-1,1,1,-1,1,-1,1,-1,1,1,1,-1,1,1,1,-1,1,1,-1,1,1,-1,1,1,1,-1,-1,-1,-1,1,1,1,-1,1,1,-1,1,1,-1,-1,1,1,1,1,1,-1,1,1,1,-1,1,1,1,-1,-1,1,1,1,-1,1,-1,1,1,1,-1,1,1,-1,-1,-1,1,-1,-1,1,1,-1,1,1,-1,1,1,1,1,-1,1,-1,-1,1,-1,1,-1,1,1,-1,1,1,1,-1,-1,1,-1,1,1,1,-1,1,1,1,-1,1,1,-1,-1,1,-1,1,1,1,-1,1,1,1,1,1,1,-1,1,-1,-1,1,1,-1,-1,1,-1,-1,1,1,-1,-1,1,-1,1,1,1,-1,-1,1,-1,-1,1,1,-1,-1,1,-1,1,1,1,1,-1,1,-1,-1,-1,1,1,-1,-1,-1,1,-1,1,-1,-1,1,-1,-1,1,-1,1,-1,-1,1,-1,1,-1,1,-1,-1,1,-1,-1,1,1,1,-1,1,-1,1,-1,1,1,1,-1,-1,-1,1,-1,-1,1,1,1,-1,1,-1,1,1,1,-1,1,1,-1,-1,-1,1,-1,-1,1,-1,-1,1,1,1,-1,1,-1,-1,1,1,-1,-1,1,-1,-1,1,1,-1,-1,1,-1,-1,-1,1,1,-1,1,1,-1,-1,1,-1,-1,1,-1,1,-1,1,1,-1,-1,1,-1,-1,-1,-1,-1,1,1,1,-1,1,1,-1,-1,1,-1,-1,-1,-1,-1,1,1,-1,-1,-1,1,-1,1,1,-1,1,1,1,-1,-1,1,1,-1,-1,-1,-1,1,1,-1,-1,1,-1,-1,-1,1,1,-1,-1,-1,-1,-1,1,-1,-1,1,-1,-1,1,1,1,-1,1,-1,-1,-1,1,1,-1,-1,-1,-1,-1,1,1,1,-1,-1,-1,-1,1,1,-1,-1,-1,-1,1,1,1,1,-1,-1,1,1,1,1,1,-1,-1,-1,1,1,1,-1,1,-1,1,1,1,1,-1,1,-1,-1,1,-1,1,-1,1,-1,-1,1,-1,1,-1,-1,-1,-1,1,-1,1,-1,1,-1,-1,1,-1,1,-1,1,-1,-1,1,-1,1,-1,-1,-1,-1,1,1,-1,-1,-1,-1,-1,1,-1,1,-1,-1,-1,-1,-1,-1,-1,1,-1,-1,-1,1,-1,-1,1,-1,-1,-1,-1,-1,1,1,-1,-1,-1,-1,-1,1,-1,-1,-1,1,-1,-1,1,-1,1,-1,-1,-1,-1,-1,-1,-1,1,-1,-1,-1,1,1,-1,-1,-1,-1,1,-1,-1,-1,-1,1,-1,-1,1,-1,1,-1,-1,-1,-1,1,-1,1,1,-1,1,-1,-1,1,1,-1,-1,-1,-1,-1,-1,1,1,-1,-1,1,-1,1,1,-1,-1,-1,1,-1,-1,1,-1,-1,1,-1,-1,1,1,1,-1,1,-1,1,1,1,-1,-1,1,-1,-1,1,-1,1,-1,1,-1,-1,1,1,-1,1,1,-1,-1,1,1,1,1,1,-1,-1,1,1,1,1,1,-1,-1,1,1,1,1,-1,1,-1,-1,1,1,1,1,-1,-1,1,-1,1,1,1,1,-1,-1,1,-1,1,1,1,-1,1,1,1,1,-1,1,-1,1,1,1,1,1,1,1,-1,1,1,1,1,-1,1,-1,1,1,1,1,1,-1,1,1,1,1,-1,1,1,-1,1,1,-1,1,1,-1,-1,1,1,1,1,-1,1,-1,1,1,1,-1,-1,1,-1,1,-1,1,-1,1,-1,-1,-1,1,1,-1,-1,1,-1,-1,1,-1,1,-1,1,-1,-1,-1,1,1,-1,1,-1,-1,1,1,-1,-1,-1,1,-1,1,-1,-1,1,1,-1,1,1,-1,-1,1,1,-1,-1,-1,1,-1,1,1,-1,1,-1,1,-1,-1,-1,1,-1,-1,-1,-1,-1,1,-1,1,1,-1,1,1,-1,1,1,-1,-1,-1,1,-1,1,1,1,1,-1,1,-1,-1,1,1,-1,-1,1,-1,1,1,1,-1,-1,1,-1,1,1,-1,-1,-1,1,-1,-1,1,1,-1,-1,-1,1,-1,1,-1,1,-1,1,-1,-1,1,-2670.0,1,2000,445,1500,False
1278,1,1,-1,-1,1,-1,-1,-1,1,1,1,-1,1,1,1,1,-1,1,-1,-1,-1,-1,1,1,1,-1,-1,-1,1,1,1,1,-1,-1,-1,-1,1,-1,1,1,-1,-1,-1,1,1,1,1,-1,1,1,1,1,-1,1,-1,-1,1,-1,1,1,1,-1,-1,-1,1,1,1,1,-1,-1,-1,1,1,1,1,-1,-1,-1,1,1,1,-1,-1,-1,1,1,1,1,-1,-1,1,1,1,1,1,-1,-1,-1,1,-1,1,1,-1,-1,1,1,1,1,1,-1,-1,-1,1,1,1,1,-1,-1,1,1,1,1,1,1,-1,-1,1,1,-1,1,1,-1,1,1,1,1,1,1,-1,1,1,1,1,1,1,-1,1,1,1,1,1,1,-1,-1,-1,1,1,1,1,-1,1,1,1,1,-1,1,-1,1,-1,1,1,1,-1,-1,1,1,1,1,1,-1,1,-1,-1,1,-1,1,-1,1,1,1,1,1,1,1,1,1,-1,1,-1,1,-1,1,1,-1,1,-1,1,1,-1,1,-1,1,-1,1,-1,1,1,-1,-1,-1,1,1,1,1,-1,-1,1,1,-1,-1,1,-1,1,-1,-1,1,-1,1,-1,1,-1,1,-1,1,1,-1,-1,-1,1,1,-1,1,-1,1,1,1,-1,1,1,-1,-1,-1,1,-1,1,-1,1,-1,1,1,-1,1,-1,-1,-1,1,1,-1,1,-1,-1,-1,1,1,-1,-1,1,1,-1,-1,1,1,-1,1,1,-1,1,1,1,1,-1,1,-1,1,1,-1,1,-1,1,1,1,1,1,1,1,1,-1,-1,1,-1,-1,-1,1,1,-1,1,1,1,-1,1,1,1,1,1,1,1,1,-1,1,1,1,-1,1,1,-1,1,1,1,-1,1,1,-1,-1,1,1,1,-1,1,-1,1,1,1,-1,1,1,-1,1,1,1,-1,1,1,-1,1,1,1,-1,1,1,-1,-1,1,1,-1,1,1,-1,1,-1,1,-1,1,1,1,-1,1,1,1,-1,1,1,-1,1,1,-1,1,1,1,-1,-1,-1,-1,1,1,1,-1,1,1,-1,1,1,-1,-1,1,1,1,1,1,-1,1,1,1,-1,1,1,1,1,-1,1,1,1,-1,1,-1,1,1,1,1,1,1,-1,-1,-1,1,-1,-1,1,-1,1,-1,1,1,1,1,1,-1,-1,1,-1,-1,1,-1,1,-1,1,1,1,1,1,1,-1,-1,1,-1,1,1,-1,-1,1,1,1,-1,1,-1,-1,-1,1,-1,1,1,-1,-1,1,1,1,1,-1,1,-1,1,-1,-1,1,-1,1,-1,1,-1,1,1,-1,-1,-1,1,-1,1,1,1,-1,-1,1,-1,-1,1,-1,-1,-1,1,-1,1,1,1,-1,-1,1,1,-1,1,-1,-1,-1,-1,1,-1,1,-1,-1,-1,1,-1,-1,1,-1,-1,-1,-1,1,-1,1,-1,-1,1,-1,1,-1,-1,1,1,1,-1,1,-1,1,-1,1,1,1,-1,-1,-1,1,-1,-1,1,1,1,-1,1,-1,1,1,1,-1,1,1,-1,1,-1,1,-1,-1,1,-1,-1,1,1,1,-1,1,-1,-1,1,1,-1,-1,1,-1,-1,1,1,-1,-1,1,-1,-1,-1,1,1,-1,1,1,-1,-1,1,-1,-1,1,-1,1,-1,1,1,-1,-1,1,-1,-1,-1,-1,-1,1,1,1,-1,-1,1,-1,-1,1,-1,-1,1,-1,-1,1,1,-1,-1,1,-1,-1,1,1,-1,1,-1,-1,-1,-1,1,1,-1,-1,-1,-1,1,1,-1,-1,1,-1,-1,-1,1,1,-1,-1,-1,-1,-1,1,-1,-1,-1,-1,-1,-1,1,1,-1,-1,-1,-1,1,1,1,-1,-1,-1,-1,-1,1,1,1,-1,-1,-1,-1,1,1,-1,-1,-1,-1,1,1,1,1,1,-1,1,1,1,1,1,1,-1,-1,1,1,1,1,1,-1,1,1,1,1,-1,1,-1,-1,1,-1,1,-1,1,-1,-1,1,-1,1,-1,1,-1,-1,1,-1,1,-1,1,1,-1,1,-1,1,1,1,1,-1,1,-1,1,1,1,-1,-1,1,1,-1,1,1,-1,-1,1,-1,1,-1,1,-1,-1,-1,-1,-1,1,1,-1,-1,1,-1,-1,1,1,-1,-1,-1,-1,-1,-1,1,-1,-1,-1,-1,-1,1,-1,-1,1,-1,-1,1,-1,1,-1,-1,-1,-1,-1,1,1,1,-1,-1,-1,1,1,1,-1,-1,1,-1,-1,-1,1,-1,1,-1,-1,1,1,1,-1,-1,-1,-1,1,-1,1,1,-1,1,-1,-1,1,1,-1,-1,-1,-1,-1,-1,1,1,-1,-1,1,-1,1,1,-1,-1,-1,1,-1,1,1,-1,-1,1,-1,-1,1,1,1,-1,1,-1,1,1,1,-1,-1,1,-1,-1,1,1,1,-1,1,-1,-1,1,1,-1,1,1,-1,-1,1,1,-1,1,1,-1,-1,1,1,-1,1,1,-1,-1,1,1,1,1,1,1,-1,-1,1,1,-1,1,-1,-1,1,-1,1,1,1,1,-1,-1,1,-1,1,1,1,-1,1,1,1,1,-1,1,-1,1,1,1,1,1,1,1,-1,1,1,1,1,-1,1,-1,1,1,1,1,1,-1,1,1,1,1,-1,1,1,-1,1,1,-1,1,1,-1,-1,1,1,1,1,-1,1,-1,1,1,1,-1,-1,1,-1,1,1,1,-1,1,-1,-1,-1,1,1,-1,-1,1,-1,-1,1,1,-1,-1,1,-1,-1,1,1,1,-1,1,-1,-1,1,1,-1,-1,-1,1,-1,-1,1,-1,1,1,-1,1,1,-1,-1,1,1,-1,-1,1,1,-1,1,1,-1,1,1,-1,-1,-1,-1,1,-1,-1,-1,-1,1,-1,-1,1,1,-1,1,1,-1,1,1,1,1,-1,1,-1,1,1,1,-1,-1,1,-1,-1,-1,1,-1,-1,1,-1,1,1,1,-1,-1,1,-1,1,1,1,1,-1,1,-1,-1,1,1,1,-1,-1,1,-1,1,-1,1,-1,1,-1,-1,1,-2670.0,1,2000,445,1500,False
1279,1,1,-1,-1,1,1,-1,-1,1,1,1,-1,1,1,1,1,-1,1,-1,-1,-1,-1,1,1,1,-1,-1,-1,1,1,1,1,-1,-1,-1,-1,1,1,1,1,-1,-1,-1,1,1,1,1,-1,1,1,1,1,-1,1,-1,-1,1,-1,1,1,1,-1,-1,-1,1,1,1,1,-1,-1,-1,1,1,1,1,-1,-1,-1,1,1,1,-1,-1,-1,1,1,1,1,-1,-1,-1,1,1,1,1,-1,-1,1,1,-1,1,1,-1,-1,1,1,1,1,1,-1,-1,1,1,1,1,1,-1,-1,1,1,1,1,1,1,-1,1,1,1,-1,1,1,-1,1,1,1,1,1,1,-1,-1,1,1,1,1,1,-1,1,1,1,1,1,1,-1,-1,-1,1,1,1,1,-1,1,1,1,1,-1,1,-1,1,-1,1,1,1,-1,-1,1,1,1,1,1,-1,1,-1,-1,1,-1,1,-1,1,1,1,1,1,1,1,1,1,-1,1,-1,1,-1,1,1,-1,1,-1,1,1,-1,1,-1,1,-1,1,-1,1,1,-1,1,-1,1,1,1,1,-1,-1,1,1,-1,-1,1,-1,1,-1,1,1,-1,1,-1,1,-1,1,-1,-1,1,-1,-1,-1,1,1,-1,1,-1,1,1,1,-1,1,1,-1,1,-1,1,-1,1,-1,1,-1,1,1,-1,1,-1,-1,-1,1,1,-1,1,-1,-1,-1,1,1,-1,-1,1,1,-1,-1,1,1,-1,1,1,-1,1,1,1,1,-1,1,-1,1,1,-1,1,-1,1,1,1,1,1,1,1,1,-1,-1,1,-1,-1,-1,1,1,-1,1,1,1,-1,1,1,1,1,1,1,1,1,-1,1,1,1,-1,1,1,-1,1,1,1,-1,1,1,-1,-1,1,1,1,-1,1,-1,1,1,1,-1,1,1,-1,1,1,1,-1,1,1,-1,1,1,1,-1,1,1,-1,-1,1,1,-1,1,1,-1,1,-1,1,-1,1,1,1,-1,1,1,1,-1,1,1,-1,1,1,-1,1,1,1,-1,-1,-1,-1,1,1,1,-1,1,1,-1,1,1,-1,-1,1,1,1,1,1,-1,1,1,1,-1,1,1,1,-1,-1,1,1,1,-1,1,-1,1,1,1,1,1,1,-1,-1,-1,1,-1,-1,1,1,-1,1,1,-1,1,1,1,1,-1,1,-1,-1,1,-1,1,-1,1,1,1,1,1,1,-1,-1,1,-1,1,1,1,-1,1,1,1,-1,1,1,-1,-1,1,-1,1,1,1,-1,1,1,1,1,1,1,-1,1,-1,-1,1,1,-1,-1,1,-1,-1,1,1,-1,-1,1,-1,1,1,1,-1,-1,1,-1,-1,1,1,-1,-1,1,-1,1,1,1,1,-1,1,1,-1,-1,1,1,-1,-1,-1,1,-1,1,-1,-1,1,-1,-1,1,-1,1,-1,-1,1,-1,1,-1,1,-1,-1,1,-1,-1,1,1,1,-1,1,-1,1,-1,-1,1,1,-1,-1,-1,1,-1,-1,1,1,1,-1,1,-1,1,1,1,-1,1,1,-1,-1,-1,1,-1,-1,1,-1,-1,1,1,1,-1,1,-1,-1,1,1,-1,-1,1,-1,-1,1,1,-1,-1,1,-1,-1,-1,1,1,-1,1,1,-1,-1,1,-1,-1,1,-1,1,-1,1,1,-1,-1,1,-1,-1,-1,-1,-1,1,1,1,-1,1,1,-1,-1,1,-1,-1,-1,-1,-1,1,1,-1,-1,-1,-1,-1,1,1,-1,1,1,-1,-1,-1,1,1,-1,-1,-1,-1,1,1,-1,-1,1,-1,-1,-1,1,1,-1,-1,-1,-1,-1,1,-1,-1,1,-1,-1,1,1,1,-1,1,-1,-1,-1,1,1,-1,-1,-1,-1,-1,1,1,1,-1,-1,-1,-1,1,1,-1,-1,-1,-1,1,1,1,1,-1,-1,1,1,1,1,1,-1,-1,-1,1,1,1,-1,1,-1,1,1,1,1,-1,1,-1,-1,1,-1,1,-1,1,-1,-1,1,-1,1,-1,-1,-1,-1,1,-1,1,-1,1,-1,-1,1,-1,1,-1,1,-1,-1,1,-1,1,-1,-1,-1,-1,1,1,-1,-1,-1,-1,-1,1,-1,1,-1,-1,-1,-1,-1,-1,-1,1,-1,-1,-1,1,-1,-1,1,-1,-1,-1,-1,-1,1,1,-1,-1,-1,-1,-1,1,-1,-1,-1,1,-1,-1,1,-1,1,-1,-1,-1,-1,-1,-1,-1,1,-1,-1,-1,1,1,-1,-1,-1,-1,1,-1,-1,-1,-1,1,-1,-1,1,-1,1,-1,-1,-1,-1,1,-1,1,1,-1,1,-1,-1,1,1,-1,-1,-1,-1,-1,-1,1,1,-1,-1,1,-1,1,1,-1,-1,-1,1,-1,1,1,-1,-1,1,-1,-1,1,1,1,-1,1,-1,1,1,1,-1,-1,1,-1,-1,1,-1,1,-1,1,-1,-1,1,1,-1,1,1,-1,-1,1,1,-1,1,1,-1,-1,1,1,-1,1,1,-1,-1,1,1,1,1,-1,1,-1,-1,1,1,-1,1,-1,-1,1,-1,1,1,1,1,-1,-1,1,-1,1,1,1,-1,1,1,1,1,-1,1,-1,1,1,1,1,1,1,1,-1,1,1,1,1,-1,1,-1,1,1,1,1,1,-1,1,1,1,1,-1,1,1,-1,1,1,-1,1,1,-1,-1,1,1,1,1,-1,1,-1,1,1,1,-1,-1,1,-1,1,1,1,-1,1,-1,-1,-1,1,1,-1,-1,1,-1,-1,1,1,1,-1,1,-1,-1,1,1,1,-1,1,-1,-1,1,1,-1,-1,-1,1,-1,1,1,-1,1,1,-1,1,1,-1,-1,1,1,-1,-1,1,1,-1,1,1,-1,1,1,-1,-1,-1,-1,1,-1,-1,-1,-1,-1,-1,-1,1,1,-1,1,1,-1,1,1,1,1,-1,1,-1,1,1,1,1,-1,1,-1,-1,1,1,1,-1,1,-1,1,1,1,1,-1,1,-1,1,1,1,-1,-1,1,-1,-1,1,1,-1,-1,-1,1,-1,1,-1,1,-1,1,-1,-1,1,-2670.0,1,2000,445,1500,False
1280,1,1,-1,-1,1,-1,1,-1,1,1,1,-1,1,1,1,1,-1,1,-1,-1,1,-1,1,1,1,1,-1,-1,1,1,1,1,-1,-1,-1,-1,1,-1,1,1,-1,-1,-1,1,1,1,1,-1,1,1,1,1,-1,1,-1,-1,1,-1,1,1,1,-1,-1,-1,1,1,1,1,-1,-1,-1,1,1,1,1,-1,-1,-1,1,1,1,-1,-1,-1,1,1,1,1,-1,-1,-1,1,1,1,1,-1,-1,1,1,-1,1,1,-1,-1,1,1,1,1,1,-1,-1,1,1,1,1,1,-1,-1,1,1,1,1,1,1,-1,-1,1,1,-1,1,1,-1,1,1,1,1,1,1,-1,-1,1,1,1,1,1,-1,1,1,1,1,1,1,-1,-1,-1,1,1,1,1,-1,1,1,1,1,-1,1,-1,1,-1,1,1,1,-1,-1,1,1,1,1,1,-1,1,-1,-1,1,-1,1,-1,1,1,1,1,1,1,1,1,1,-1,1,-1,1,-1,1,1,-1,1,-1,1,1,-1,1,-1,1,-1,1,-1,1,1,-1,1,-1,1,1,1,1,-1,-1,1,1,-1,-1,1,-1,1,-1,-1,1,-1,1,-1,1,-1,1,-1,-1,1,-1,-1,-1,1,1,-1,1,-1,1,1,1,-1,1,1,-1,1,-1,1,-1,1,-1,1,-1,1,1,-1,1,-1,-1,-1,1,1,-1,1,-1,-1,-1,1,1,-1,-1,1,1,-1,-1,1,1,-1,1,1,-1,1,1,1,1,-1,1,-1,1,1,-1,1,-1,1,1,1,1,1,1,1,1,-1,-1,1,-1,-1,-1,1,1,-1,1,1,1,-1,1,1,1,1,1,1,1,1,-1,1,1,1,-1,1,1,-1,1,1,1,-1,1,1,-1,-1,1,1,1,-1,1,-1,1,1,1,-1,1,1,-1,1,1,1,-1,1,1,-1,1,1,1,-1,1,1,1,-1,1,1,-1,1,1,-1,1,-1,1,-1,1,1,1,-1,1,1,1,1,1,1,-1,1,1,-1,1,1,1,-1,-1,-1,-1,1,1,1,-1,1,1,-1,1,1,-1,-1,1,1,1,1,1,-1,1,1,1,-1,1,1,1,-1,-1,1,1,1,-1,1,-1,1,1,1,1,1,1,-1,-1,-1,1,-1,-1,1,1,-1,1,1,1,1,1,1,1,-1,1,-1,-1,1,-1,1,-1,1,1,-1,1,1,1,-1,-1,1,-1,1,1,1,-1,1,1,1,-1,1,1,-1,-1,1,-1,1,1,1,-1,1,1,1,1,1,1,-1,1,-1,-1,1,1,1,-1,1,-1,1,1,1,-1,-1,1,-1,1,1,1,-1,-1,1,-1,-1,1,1,-1,-1,1,-1,1,1,1,1,-1,1,-1,-1,1,1,1,-1,-1,-1,-1,1,1,-1,-1,1,-1,-1,1,-1,1,-1,-1,1,-1,1,-1,1,-1,-1,1,-1,-1,1,1,1,-1,1,-1,1,-1,1,1,1,-1,-1,-1,1,-1,-1,1,1,1,-1,1,-1,1,1,1,-1,1,1,-1,1,-1,1,-1,-1,1,-1,-1,1,1,1,-1,1,-1,-1,1,1,-1,-1,1,-1,-1,1,1,-1,-1,1,-1,-1,-1,1,1,-1,1,-1,-1,-1,1,-1,-1,1,-1,1,-1,1,1,-1,-1,1,-1,-1,-1,-1,-1,1,1,1,-1,-1,1,-1,-1,1,-1,-1,1,-1,-1,1,1,-1,-1,1,-1,-1,1,1,-1,1,-1,1,-1,-1,1,1,-1,-1,-1,-1,-1,1,-1,-1,1,-1,-1,-1,1,1,-1,-1,-1,-1,-1,1,-1,-1,-1,-1,-1,1,1,1,-1,-1,-1,-1,-1,1,1,-1,-1,-1,-1,-1,1,1,1,-1,-1,-1,-1,1,1,-1,-1,-1,-1,1,1,1,1,-1,-1,1,1,1,1,1,-1,-1,-1,1,1,1,-1,1,-1,1,1,1,1,-1,1,-1,-1,1,-1,1,-1,1,-1,-1,1,-1,1,-1,-1,-1,-1,1,-1,1,-1,1,1,-1,1,-1,1,-1,1,1,-1,1,-1,1,-1,-1,-1,-1,1,1,-1,-1,-1,-1,-1,1,-1,1,-1,-1,-1,-1,-1,-1,-1,1,-1,-1,-1,1,-1,-1,1,-1,-1,-1,-1,-1,1,1,-1,-1,-1,-1,-1,1,-1,-1,-1,1,-1,-1,1,-1,1,-1,-1,-1,-1,-1,-1,-1,1,-1,-1,-1,1,1,-1,-1,-1,1,-1,-1,-1,-1,-1,1,-1,-1,1,-1,1,-1,-1,-1,-1,1,-1,1,1,-1,1,-1,-1,1,1,-1,-1,-1,-1,-1,-1,1,1,-1,-1,1,-1,1,1,-1,-1,-1,1,-1,1,1,-1,-1,1,-1,-1,1,1,1,-1,1,-1,1,1,1,-1,-1,1,-1,-1,1,1,1,-1,1,-1,-1,1,1,-1,1,1,-1,-1,1,1,-1,1,1,-1,-1,1,1,-1,1,1,-1,-1,1,1,1,1,-1,1,-1,-1,1,1,-1,1,-1,-1,1,-1,1,1,1,1,-1,-1,1,-1,1,1,1,-1,1,1,1,1,-1,1,-1,1,1,1,1,1,1,1,-1,1,1,1,1,-1,1,-1,1,1,1,1,1,-1,1,1,1,1,-1,1,1,-1,1,1,-1,1,1,-1,-1,1,1,1,1,-1,1,-1,1,1,1,-1,-1,1,-1,1,1,1,-1,1,-1,-1,-1,1,1,-1,-1,1,-1,-1,1,1,1,-1,1,-1,-1,1,1,1,-1,1,-1,-1,1,1,-1,-1,-1,1,-1,-1,1,-1,1,1,-1,1,1,-1,-1,1,-1,-1,-1,1,1,-1,1,1,-1,1,1,-1,-1,-1,-1,1,-1,-1,-1,-1,1,-1,-1,1,1,-1,1,1,-1,1,1,1,1,-1,1,-1,1,1,1,1,-1,1,-1,-1,1,1,1,-1,1,-1,1,1,1,1,-1,1,-1,1,1,-1,-1,-1,1,-1,-1,1,1,-1,-1,-1,1,-1,1,-1,1,-1,1,-1,-1,1,-2670.0,1,2000,445,1500,False
1281,1,1,-1,-1,1,-1,-1,-1,1,1,1,-1,1,1,1,1,-1,1,-1,-1,-1,-1,1,1,1,-1,-1,-1,1,1,1,1,-1,-1,-1,-1,1,-1,1,1,-1,-1,-1,1,1,1,1,-1,1,1,1,1,-1,1,-1,-1,1,-1,1,1,1,-1,-1,-1,1,1,1,1,-1,-1,-1,1,1,1,1,-1,-1,-1,1,1,1,-1,-1,-1,1,1,1,1,-1,-1,-1,1,1,1,1,-1,-1,1,1,-1,1,1,-1,-1,1,1,1,1,1,-1,-1,-1,1,1,1,1,-1,-1,1,1,1,1,1,1,-1,-1,1,1,-1,1,1,-1,1,1,1,1,1,1,-1,1,1,1,1,1,1,-1,1,1,1,1,1,1,-1,-1,-1,1,1,1,1,-1,1,1,1,1,-1,1,-1,1,-1,1,1,1,-1,-1,1,1,1,1,1,-1,1,-1,-1,1,-1,1,-1,1,1,1,1,1,1,1,1,1,-1,1,-1,1,-1,1,1,-1,1,-1,1,1,-1,1,-1,1,-1,1,-1,1,1,-1,-1,-1,1,1,1,1,-1,-1,1,1,-1,-1,1,-1,1,-1,-1,1,-1,1,-1,1,-1,1,-1,-1,1,-1,-1,-1,1,1,-1,1,-1,1,1,1,-1,1,1,-1,1,-1,1,-1,1,-1,1,-1,1,1,-1,1,-1,-1,-1,1,1,-1,1,-1,-1,-1,1,1,-1,-1,1,1,-1,-1,1,1,-1,1,1,-1,1,1,1,1,-1,1,-1,1,1,-1,1,-1,1,-1,1,1,1,1,1,1,-1,-1,1,-1,-1,-1,1,1,-1,1,1,1,-1,1,1,1,1,1,1,-1,1,-1,1,1,1,-1,-1,1,-1,1,1,1,-1,1,1,-1,-1,1,1,1,-1,1,-1,1,1,1,-1,1,1,-1,1,1,1,-1,1,1,-1,1,1,1,-1,1,1,1,-1,1,1,-1,1,1,-1,1,-1,1,-1,1,1,1,-1,1,1,1,-1,1,1,-1,1,1,-1,1,1,1,-1,-1,-1,-1,1,1,1,-1,1,1,-1,1,1,-1,-1,1,1,1,1,1,-1,1,1,1,-1,1,1,1,1,-1,1,1,1,-1,1,-1,1,-1,1,1,1,1,-1,-1,-1,1,-1,-1,1,-1,1,-1,1,-1,1,1,1,-1,-1,1,-1,-1,1,-1,1,-1,1,1,1,1,1,1,-1,-1,1,-1,1,1,-1,-1,1,1,1,-1,1,-1,-1,-1,1,-1,1,1,-1,-1,1,1,1,1,-1,1,-1,1,-1,-1,1,-1,-1,1,1,-1,1,1,-1,-1,-1,1,-1,1,1,1,-1,-1,1,-1,-1,1,-1,-1,-1,1,-1,1,1,-1,-1,-1,1,-1,-1,1,-1,-1,-1,1,-1,-1,1,-1,-1,-1,1,-1,-1,1,-1,-1,-1,-1,1,-1,1,-1,-1,-1,1,1,-1,-1,1,1,1,-1,1,-1,1,-1,1,1,1,-1,-1,-1,1,-1,-1,1,1,1,-1,1,-1,1,1,1,-1,1,1,-1,1,-1,1,-1,-1,1,-1,-1,1,1,1,-1,1,-1,-1,1,1,-1,-1,1,-1,-1,1,1,-1,-1,1,-1,-1,-1,1,1,-1,1,1,-1,-1,1,-1,-1,1,-1,1,-1,1,1,-1,-1,1,-1,-1,-1,-1,-1,1,1,1,-1,-1,1,-1,-1,1,-1,-1,1,-1,-1,1,1,-1,-1,1,-1,-1,1,1,-1,1,-1,-1,-1,-1,1,1,-1,-1,-1,-1,1,1,-1,-1,1,-1,-1,-1,1,1,-1,-1,-1,-1,-1,1,-1,-1,-1,-1,-1,-1,1,1,-1,-1,-1,-1,1,1,1,-1,-1,-1,-1,-1,1,1,1,-1,-1,-1,-1,1,1,-1,-1,-1,-1,1,1,1,1,1,-1,1,1,1,1,1,1,-1,-1,1,1,1,1,-1,-1,1,1,1,1,-1,1,-1,-1,1,-1,1,-1,1,-1,-1,1,-1,1,1,1,-1,-1,1,-1,1,-1,1,1,-1,1,-1,1,1,1,1,-1,1,-1,1,1,1,-1,-1,1,1,-1,1,1,-1,-1,1,-1,1,-1,1,-1,-1,-1,-1,-1,1,1,-1,-1,1,-1,-1,1,1,-1,-1,-1,-1,1,-1,1,-1,-1,-1,-1,1,1,-1,-1,1,-1,-1,1,-1,1,-1,-1,-1,-1,-1,1,1,1,-1,-1,-1,1,1,1,-1,-1,1,1,-1,-1,1,-1,1,-1,-1,1,1,1,-1,-1,-1,-1,1,-1,1,1,-1,1,-1,-1,1,1,-1,-1,-1,-1,-1,-1,1,1,-1,-1,1,-1,1,1,-1,-1,-1,1,-1,1,1,-1,-1,1,-1,-1,1,1,1,-1,1,-1,1,1,1,-1,-1,1,-1,-1,1,-1,1,-1,1,-1,-1,1,1,-1,1,1,-1,-1,1,1,1,1,1,-1,-1,1,1,-1,1,1,-1,-1,1,1,1,1,-1,1,-1,1,1,1,-1,1,-1,-1,1,-1,1,1,1,1,-1,-1,1,-1,1,1,1,-1,1,-1,1,1,-1,1,-1,1,1,1,1,1,1,1,-1,-1,1,1,1,-1,1,-1,1,1,1,1,1,-1,1,-1,1,1,-1,1,1,-1,-1,1,-1,1,1,-1,-1,1,1,1,1,-1,1,-1,-1,1,1,-1,-1,1,-1,1,1,1,-1,1,-1,-1,-1,1,1,-1,-1,1,-1,-1,1,1,1,-1,1,-1,-1,1,1,1,-1,1,-1,-1,1,1,-1,-1,-1,1,-1,-1,1,-1,1,1,-1,1,1,-1,-1,1,1,-1,-1,1,1,-1,1,1,-1,1,1,-1,-1,1,-1,1,-1,-1,-1,-1,1,-1,-1,1,1,-1,1,1,-1,1,1,1,1,-1,1,-1,1,1,1,-1,-1,1,-1,1,1,1,-1,-1,1,-1,-1,1,1,-1,-1,1,-1,1,1,1,1,-1,1,-1,-1,1,1,-1,-1,-1,1,-1,1,-1,1,-1,1,-1,-1,1,-2670.0,1,2000,445,1500,False
1282,1,1,-1,-1,1,-1,-1,-1,1,1,1,-1,1,1,-1,1,-1,1,-1,-1,-1,1,1,1,1,-1,1,-1,1,1,1,1,1,-1,-1,-1,1,1,1,1,-1,-1,-1,1,1,1,1,-1,1,1,1,1,-1,1,-1,-1,1,-1,1,1,1,-1,-1,1,1,1,1,1,-1,-1,1,1,1,1,1,-1,-1,-1,1,1,1,-1,-1,-1,1,1,1,1,-1,-1,-1,1,1,1,1,-1,-1,1,1,-1,1,1,-1,-1,1,1,1,1,1,-1,-1,1,1,-1,1,1,-1,-1,1,1,1,1,1,1,-1,-1,1,1,-1,1,1,-1,1,1,1,1,1,1,-1,-1,1,1,-1,1,1,-1,1,1,1,1,1,1,-1,-1,-1,1,1,1,1,-1,1,1,1,1,-1,1,-1,1,-1,1,1,1,-1,-1,1,1,1,1,1,-1,1,-1,-1,1,1,1,-1,1,1,1,1,-1,1,1,1,1,-1,1,-1,1,-1,1,1,-1,1,-1,1,1,-1,1,-1,1,-1,1,-1,1,1,-1,-1,-1,1,1,1,1,-1,-1,1,1,-1,-1,1,-1,1,1,-1,1,-1,1,-1,1,-1,1,-1,1,1,-1,-1,1,1,1,-1,1,-1,1,1,1,-1,1,1,-1,1,-1,1,-1,1,-1,1,-1,1,1,-1,1,-1,-1,-1,1,1,-1,1,-1,-1,-1,-1,1,-1,-1,1,1,-1,-1,1,1,-1,1,1,-1,1,1,1,1,-1,1,-1,1,1,-1,1,-1,1,1,-1,1,1,1,1,1,-1,-1,1,-1,-1,1,1,1,-1,1,1,1,-1,1,-1,-1,1,1,1,1,1,-1,-1,1,1,-1,1,1,-1,-1,1,1,-1,1,1,-1,1,-1,1,1,-1,1,-1,1,1,1,-1,1,1,-1,1,1,1,-1,1,-1,-1,1,1,1,-1,1,-1,-1,1,-1,1,-1,1,-1,-1,1,-1,1,-1,1,1,-1,1,-1,1,1,1,1,-1,-1,1,1,-1,1,-1,-1,1,1,-1,-1,1,1,-1,1,-1,1,-1,1,-1,1,1,-1,1,1,1,-1,-1,1,-1,1,-1,1,-1,-1,1,-1,1,1,1,1,-1,1,1,1,1,1,-1,-1,1,-1,-1,1,-1,1,-1,-1,1,-1,1,1,-1,-1,1,1,-1,1,-1,1,-1,-1,1,-1,1,1,-1,-1,-1,1,-1,-1,1,1,-1,-1,1,-1,1,1,-1,1,-1,1,-1,-1,1,1,-1,-1,-1,-1,1,1,-1,1,-1,1,-1,1,-1,1,-1,-1,1,-1,1,-1,1,-1,-1,-1,-1,1,-1,-1,1,-1,-1,-1,1,-1,1,1,-1,-1,-1,1,-1,-1,1,-1,-1,-1,1,-1,1,-1,-1,-1,-1,-1,-1,1,-1,1,-1,-1,1,-1,1,1,1,-1,-1,-1,1,1,-1,1,-1,-1,-1,1,1,1,-1,1,1,-1,1,1,1,1,1,1,1,-1,-1,-1,1,-1,1,1,-1,-1,1,1,-1,1,-1,-1,-1,1,1,-1,1,1,-1,-1,-1,1,-1,1,1,-1,-1,-1,1,-1,-1,-1,-1,1,-1,1,-1,-1,-1,-1,-1,-1,1,-1,1,1,1,1,-1,1,-1,1,1,-1,-1,-1,1,-1,-1,1,-1,1,-1,-1,1,1,1,1,-1,-1,1,1,1,1,-1,1,-1,-1,1,1,1,-1,-1,-1,1,1,1,1,-1,1,-1,1,-1,1,-1,1,1,-1,-1,1,1,-1,-1,-1,-1,-1,1,1,-1,1,-1,-1,-1,1,1,1,1,-1,-1,-1,1,-1,1,-1,-1,-1,-1,1,1,1,1,-1,1,-1,1,-1,1,-1,-1,-1,-1,1,1,-1,1,-1,-1,-1,1,1,1,1,-1,-1,1,-1,1,1,-1,-1,1,1,-1,1,1,1,-1,-1,1,1,-1,1,1,-1,1,1,1,-1,1,-1,-1,-1,1,-1,-1,1,-1,-1,1,-1,1,-1,1,1,-1,-1,-1,1,-1,1,1,-1,-1,1,1,-1,1,-1,-1,1,-1,-1,-1,1,1,-1,-1,1,1,-1,1,1,-1,-1,1,-1,1,-1,1,-1,-1,-1,-1,-1,-1,1,-1,-1,1,-1,1,-1,1,-1,-1,-1,-1,-1,-1,1,-1,-1,-1,-1,-1,1,-1,-1,1,-1,-1,1,-1,1,-1,-1,-1,-1,1,-1,1,1,-1,-1,-1,1,1,1,-1,-1,1,-1,1,-1,1,-1,1,-1,-1,-1,1,1,-1,-1,-1,-1,1,-1,1,1,-1,1,-1,-1,1,1,-1,-1,-1,-1,-1,-1,1,1,-1,-1,1,-1,1,1,-1,-1,-1,1,-1,1,1,-1,-1,1,-1,-1,1,1,1,-1,1,-1,1,1,1,-1,-1,1,-1,-1,1,1,1,-1,1,-1,-1,1,1,-1,1,1,-1,-1,1,1,1,1,1,-1,-1,1,1,1,1,1,-1,-1,1,1,1,1,1,1,-1,-1,1,1,1,1,-1,-1,1,-1,1,1,1,1,-1,-1,1,-1,1,1,1,-1,1,1,1,1,-1,1,-1,1,1,1,1,1,1,1,-1,1,1,1,1,-1,1,-1,1,1,1,1,1,-1,1,1,1,1,-1,1,1,-1,1,1,-1,1,1,-1,-1,1,1,1,1,-1,1,-1,1,1,1,-1,-1,1,-1,1,1,1,-1,1,-1,-1,-1,1,1,-1,-1,1,-1,-1,1,1,-1,-1,1,-1,-1,1,1,1,-1,1,-1,-1,1,1,-1,-1,-1,1,-1,-1,1,-1,1,1,-1,1,1,-1,-1,1,-1,-1,-1,1,1,-1,1,1,-1,1,1,-1,-1,-1,-1,1,-1,-1,-1,-1,1,-1,-1,1,1,-1,1,1,-1,1,1,1,1,-1,1,-1,1,1,1,1,-1,1,-1,-1,1,1,1,-1,1,-1,1,1,1,1,-1,1,-1,1,1,1,-1,-1,1,-1,-1,1,1,-1,-1,-1,1,-1,1,-1,1,-1,1,-1,-1,1,-2670.0,1,2000,445,0,False
1283,1,1,-1,-1,1,-1,1,-1,1,1,1,-1,1,1,1,1,-1,1,-1,-1,1,-1,1,1,1,-1,-1,-1,1,1,1,1,1,-1,-1,-1,1,1,1,1,-1,-1,-1,1,1,1,1,-1,1,1,1,1,-1,1,-1,-1,1,-1,1,1,1,-1,-1,-1,1,1,1,1,-1,-1,-1,1,1,1,1,-1,-1,-1,1,1,1,-1,-1,-1,1,1,1,1,-1,1,-1,1,1,1,1,-1,-1,1,1,-1,1,1,-1,-1,1,1,1,1,1,-1,-1,1,1,1,1,1,-1,-1,1,1,1,1,1,1,-1,1,1,1,-1,1,1,-1,1,1,1,1,1,1,-1,-1,1,1,1,1,1,-1,1,1,1,1,1,1,-1,-1,-1,1,1,1,1,-1,1,1,1,1,-1,1,-1,1,1,1,1,1,-1,-1,1,1,1,1,1,-1,1,-1,-1,1,-1,1,-1,1,1,1,1,1,1,1,1,1,-1,1,-1,1,-1,1,1,-1,1,-1,1,1,-1,1,-1,1,-1,1,-1,1,1,-1,1,-1,1,1,1,1,-1,-1,1,1,-1,-1,1,-1,1,-1,-1,1,-1,1,-1,1,-1,1,-1,1,1,-1,-1,-1,1,1,-1,1,-1,1,1,1,-1,1,1,-1,1,-1,1,-1,1,-1,1,-1,1,1,-1,1,-1,-1,-1,1,1,-1,1,-1,-1,-1,1,1,-1,-1,1,1,-1,-1,1,1,-1,1,1,-1,1,1,1,1,-1,1,-1,1,1,-1,1,-1,1,1,-1,1,1,1,1,1,-1,-1,1,-1,-1,-1,1,1,-1,1,1,1,-1,1,-1,-1,1,1,1,-1,1,-1,1,1,1,-1,-1,1,-1,1,1,1,-1,1,1,-1,1,-1,1,1,-1,1,-1,1,1,1,-1,1,1,-1,1,1,1,-1,1,-1,-1,1,1,1,-1,1,-1,-1,1,1,1,-1,1,-1,-1,-1,-1,1,-1,1,1,-1,1,1,1,1,-1,1,-1,-1,-1,1,-1,1,-1,-1,1,-1,-1,-1,1,-1,-1,1,-1,1,-1,1,-1,1,-1,1,1,1,1,-1,1,-1,1,1,-1,1,-1,-1,-1,-1,1,1,1,1,-1,-1,1,1,1,1,-1,-1,1,-1,-1,1,-1,1,-1,1,-1,1,1,1,-1,-1,1,1,-1,1,-1,1,-1,-1,1,-1,1,1,-1,-1,-1,1,-1,-1,1,1,-1,-1,1,-1,1,1,-1,1,-1,1,-1,-1,1,1,-1,-1,1,-1,1,1,-1,-1,1,1,-1,1,-1,1,-1,1,-1,1,1,-1,1,-1,1,-1,-1,1,-1,-1,-1,1,-1,-1,1,-1,1,-1,1,-1,-1,1,-1,-1,1,-1,1,-1,1,1,1,-1,1,1,-1,1,-1,1,-1,1,-1,-1,1,-1,1,1,1,1,-1,-1,1,1,-1,1,1,-1,1,1,1,1,-1,1,1,-1,1,1,1,1,1,1,1,-1,-1,-1,1,-1,1,1,-1,1,-1,1,-1,1,-1,-1,-1,1,1,-1,1,1,-1,-1,1,1,-1,1,1,-1,1,-1,1,-1,-1,-1,-1,-1,-1,1,-1,-1,-1,-1,-1,-1,1,-1,1,1,1,1,-1,1,-1,1,1,-1,-1,-1,1,-1,-1,1,-1,1,-1,-1,1,1,1,1,-1,-1,-1,1,1,1,-1,1,-1,1,1,1,1,-1,-1,-1,1,1,1,1,-1,-1,-1,1,-1,1,-1,1,-1,-1,-1,1,1,1,-1,-1,-1,-1,1,1,1,1,-1,-1,-1,1,1,1,1,-1,-1,-1,1,-1,1,-1,-1,-1,1,1,1,1,1,-1,-1,-1,1,-1,1,1,-1,-1,-1,1,1,-1,1,-1,-1,-1,1,1,1,1,-1,-1,1,1,1,-1,-1,-1,1,1,-1,1,1,-1,-1,-1,1,1,-1,1,1,-1,1,1,1,-1,1,-1,-1,-1,1,-1,1,-1,-1,-1,-1,1,1,-1,1,-1,-1,-1,1,-1,-1,1,-1,-1,-1,1,1,-1,1,-1,-1,-1,1,-1,-1,1,-1,-1,-1,1,1,1,-1,-1,-1,-1,1,-1,1,-1,-1,-1,-1,-1,-1,-1,1,-1,-1,-1,1,-1,-1,1,-1,-1,-1,-1,-1,1,1,-1,-1,-1,-1,-1,1,-1,-1,-1,1,-1,-1,1,-1,1,-1,-1,-1,-1,-1,-1,-1,1,-1,-1,-1,1,1,-1,-1,-1,1,-1,1,-1,-1,-1,1,-1,-1,1,1,1,-1,-1,-1,-1,1,-1,1,1,-1,1,-1,-1,1,1,-1,-1,-1,-1,-1,-1,1,1,-1,-1,1,-1,1,1,-1,-1,-1,1,-1,-1,1,-1,-1,1,-1,-1,1,1,1,-1,1,-1,1,1,1,-1,-1,1,-1,-1,1,-1,1,-1,1,-1,-1,1,1,-1,1,1,-1,-1,1,1,1,1,1,-1,-1,1,1,1,1,1,-1,-1,1,1,1,1,1,1,-1,-1,1,1,-1,1,-1,-1,1,-1,1,1,1,1,-1,-1,1,-1,1,1,1,-1,1,-1,1,1,-1,1,-1,1,1,1,1,1,1,1,-1,-1,1,1,1,-1,1,-1,1,1,1,1,1,-1,1,-1,1,1,-1,1,1,-1,1,1,-1,1,1,-1,-1,1,1,1,1,-1,1,-1,-1,1,1,-1,-1,1,-1,1,1,1,-1,1,-1,-1,-1,1,1,-1,-1,1,-1,-1,1,1,1,-1,1,-1,-1,1,1,1,-1,1,-1,-1,1,1,-1,-1,-1,1,-1,-1,1,-1,1,1,-1,1,1,-1,-1,1,-1,-1,-1,-1,1,-1,1,1,-1,1,1,-1,-1,1,-1,1,-1,-1,-1,-1,1,-1,-1,1,1,-1,1,1,-1,1,1,1,1,-1,1,-1,1,1,1,1,-1,1,-1,-1,1,1,1,-1,1,-1,1,1,1,1,-1,1,-1,1,1,-1,-1,-1,1,-1,-1,1,1,-1,-1,-1,1,-1,1,-1,1,-1,1,-1,-1,1,-2670.0,1,2000,445,0,False
1284,1,1,-1,-1,1,1,-1,-1,1,1,1,-1,-1,1,1,1,-1,1,-1,-1,-1,-1,1,1,1,-1,-1,-1,1,1,1,1,1,-1,-1,-1,1,1,1,1,-1,-1,-1,1,1,1,1,-1,1,1,1,1,-1,1,-1,-1,1,-1,1,1,-1,-1,-1,-1,1,1,1,1,-1,-1,-1,1,1,1,1,-1,-1,-1,1,1,1,-1,-1,-1,1,1,1,1,-1,-1,1,1,1,1,1,-1,-1,-1,1,-1,1,1,-1,-1,1,1,1,1,1,-1,-1,-1,1,-1,1,1,-1,-1,1,1,1,1,1,1,-1,-1,1,1,-1,1,1,-1,1,1,1,1,1,1,-1,1,1,1,1,1,1,-1,1,1,1,1,1,1,-1,-1,-1,1,1,1,1,-1,1,1,1,1,-1,1,-1,1,-1,1,1,1,-1,-1,1,1,1,1,1,-1,1,-1,-1,1,-1,1,-1,1,1,1,1,1,1,1,1,1,-1,1,-1,1,-1,1,1,-1,1,-1,1,1,-1,1,-1,1,-1,1,-1,1,1,-1,1,-1,1,1,1,1,-1,-1,1,1,-1,-1,1,-1,1,-1,-1,1,-1,1,-1,1,-1,1,-1,1,1,-1,-1,-1,1,1,-1,1,-1,1,1,1,-1,1,1,-1,1,-1,1,-1,1,-1,1,-1,1,1,-1,1,-1,-1,-1,1,1,-1,1,-1,-1,-1,1,1,-1,-1,1,1,-1,-1,1,1,-1,1,1,-1,1,1,1,1,-1,1,-1,1,1,-1,1,-1,1,1,1,1,1,1,1,1,-1,-1,1,-1,-1,-1,1,1,-1,1,1,1,-1,1,1,1,1,1,1,1,1,-1,1,1,1,-1,1,1,-1,1,1,1,-1,1,1,-1,-1,1,1,1,-1,1,-1,1,1,1,-1,1,1,-1,1,1,1,-1,1,1,-1,1,1,1,-1,1,1,-1,-1,1,1,-1,1,1,-1,1,-1,1,-1,1,1,1,-1,1,1,1,-1,1,1,-1,1,1,-1,1,-1,1,-1,-1,-1,-1,1,1,1,-1,1,1,-1,1,1,-1,-1,1,1,1,1,1,-1,1,1,1,-1,1,1,1,1,-1,1,1,1,-1,1,-1,1,1,1,1,1,1,-1,-1,-1,1,-1,-1,1,-1,1,-1,1,1,1,1,1,-1,-1,1,-1,-1,1,-1,1,-1,1,1,-1,1,1,1,-1,-1,1,-1,1,1,-1,-1,1,1,1,-1,1,-1,-1,-1,1,-1,1,1,-1,-1,1,1,1,1,-1,1,-1,1,-1,-1,1,-1,-1,-1,1,-1,1,1,-1,-1,-1,1,-1,1,1,1,-1,-1,1,-1,-1,1,-1,-1,-1,1,-1,1,1,-1,-1,-1,1,1,-1,1,-1,-1,-1,-1,-1,1,1,-1,-1,-1,1,-1,-1,1,-1,-1,-1,-1,1,-1,1,-1,-1,-1,-1,1,-1,-1,1,1,1,-1,1,-1,1,-1,1,1,1,-1,-1,-1,1,-1,-1,1,1,1,-1,1,-1,1,1,1,-1,1,1,-1,1,-1,1,-1,-1,1,-1,-1,1,1,1,-1,1,-1,-1,1,1,-1,-1,1,-1,-1,1,1,-1,-1,1,-1,-1,-1,1,1,-1,1,-1,-1,-1,1,-1,-1,1,-1,1,-1,1,1,-1,-1,1,-1,-1,-1,-1,-1,1,1,1,-1,-1,1,-1,-1,1,-1,-1,1,-1,-1,1,1,-1,-1,1,1,-1,1,1,-1,1,-1,1,-1,-1,1,1,-1,-1,-1,-1,-1,1,-1,-1,1,-1,-1,-1,1,1,-1,-1,-1,-1,-1,1,-1,-1,-1,-1,-1,1,1,1,-1,-1,-1,-1,-1,1,1,-1,-1,-1,-1,-1,1,1,1,-1,-1,-1,-1,1,1,-1,-1,-1,-1,1,1,1,1,1,-1,1,1,1,1,1,1,-1,-1,1,1,1,1,1,-1,1,1,1,1,-1,1,-1,-1,1,-1,1,-1,1,-1,-1,1,-1,1,1,1,-1,-1,1,-1,1,-1,1,-1,-1,1,-1,1,1,1,-1,-1,1,-1,1,1,1,-1,-1,1,1,-1,1,1,-1,-1,1,-1,1,-1,1,-1,-1,-1,-1,-1,1,1,-1,-1,1,-1,-1,1,1,-1,-1,-1,-1,1,-1,1,-1,-1,-1,-1,1,1,-1,-1,1,-1,-1,1,-1,1,-1,-1,-1,-1,-1,1,1,1,-1,-1,-1,1,1,1,-1,-1,1,1,-1,-1,1,-1,1,-1,-1,1,1,1,-1,-1,-1,-1,1,-1,1,1,-1,1,-1,-1,1,1,-1,-1,-1,-1,-1,-1,1,1,-1,-1,1,-1,1,1,-1,-1,-1,1,-1,1,1,-1,-1,1,-1,-1,1,1,1,-1,1,-1,1,1,1,-1,-1,1,-1,-1,1,-1,1,-1,1,-1,-1,1,1,-1,1,1,-1,-1,1,1,1,1,1,-1,-1,1,1,1,1,1,-1,-1,1,1,1,1,1,1,-1,-1,1,1,-1,1,-1,-1,1,-1,1,1,1,1,-1,-1,1,-1,1,1,1,-1,1,1,1,1,-1,1,-1,1,1,1,1,1,1,1,-1,1,1,1,1,-1,1,-1,1,1,1,1,1,-1,1,1,1,1,-1,1,1,-1,1,1,-1,1,1,-1,-1,1,1,1,1,-1,1,-1,1,1,1,-1,-1,1,-1,1,1,1,-1,1,-1,-1,-1,1,1,-1,-1,1,-1,-1,1,1,-1,-1,1,-1,-1,1,1,1,-1,1,-1,-1,1,1,-1,-1,-1,1,-1,1,1,-1,1,1,-1,1,1,-1,-1,1,1,-1,-1,1,1,-1,1,1,-1,1,1,-1,-1,-1,-1,1,-1,-1,-1,-1,1,-1,-1,1,1,-1,1,1,-1,1,1,1,1,-1,1,-1,1,1,1,-1,-1,1,-1,-1,1,1,-1,-1,1,-1,1,1,1,-1,-1,1,-1,1,1,1,1,-1,1,-1,-1,1,1,1,-1,-1,1,-1,1,1,1,-1,1,-1,-1,1,-2670.0,1,2000,445,0,False
1285,1,1,-1,-1,1,1,-1,-1,1,1,1,-1,-1,1,1,1,-1,1,-1,-1,-1,-1,1,1,1,-1,-1,-1,1,1,1,1,1,-1,-1,-1,1,-1,1,-1,-1,-1,-1,1,1,1,1,-1,1,1,1,1,-1,1,-1,-1,1,-1,1,1,1,-1,-1,-1,1,1,1,1,-1,-1,-1,1,1,1,1,-1,-1,-1,1,1,1,-1,-1,-1,1,1,1,1,-1,-1,1,1,1,1,1,-1,-1,-1,1,-1,1,1,-1,-1,1,1,1,1,1,-1,-1,-1,1,1,1,1,-1,-1,1,1,1,1,1,1,-1,-1,1,1,-1,1,1,-1,1,1,1,1,1,1,-1,1,1,1,1,1,1,-1,1,1,1,1,1,1,-1,-1,-1,1,1,1,1,-1,1,1,1,1,-1,1,-1,1,-1,1,1,1,-1,-1,1,1,1,1,1,-1,1,-1,-1,1,-1,1,-1,1,1,1,1,1,1,1,1,1,-1,1,-1,1,-1,1,1,-1,1,-1,1,1,-1,1,-1,1,-1,1,-1,1,1,-1,1,-1,1,1,1,1,-1,-1,1,1,-1,-1,1,-1,1,-1,-1,1,-1,1,-1,1,-1,1,-1,-1,1,-1,-1,-1,1,1,-1,1,-1,1,1,1,-1,1,1,-1,-1,-1,1,-1,1,-1,1,-1,1,1,-1,1,-1,-1,-1,1,1,-1,1,-1,-1,-1,1,1,-1,-1,1,1,-1,-1,1,1,-1,1,1,-1,1,1,1,1,-1,1,-1,1,1,-1,1,-1,1,1,1,1,1,1,1,1,-1,-1,1,-1,-1,-1,1,1,-1,1,1,1,-1,1,1,1,1,1,1,1,1,-1,1,1,1,-1,1,1,-1,1,1,1,-1,1,1,-1,-1,1,1,1,-1,1,-1,1,1,1,-1,1,1,-1,1,1,1,-1,1,1,-1,1,1,1,-1,1,1,1,-1,1,1,-1,1,1,-1,1,-1,1,-1,1,1,1,-1,1,1,1,1,1,1,-1,1,1,-1,1,1,1,-1,-1,-1,-1,1,1,1,-1,1,1,-1,1,1,-1,-1,1,1,1,1,1,-1,1,1,1,-1,1,1,1,1,-1,1,1,1,-1,1,-1,1,-1,1,1,1,1,-1,-1,-1,1,-1,-1,1,1,-1,1,1,1,1,1,1,1,-1,1,-1,-1,1,-1,1,-1,1,1,-1,1,1,1,-1,-1,1,-1,1,1,1,-1,1,1,1,-1,1,1,-1,-1,1,-1,1,1,1,-1,1,1,1,1,1,1,-1,1,-1,-1,1,1,-1,1,1,-1,-1,1,1,-1,-1,1,-1,1,1,1,-1,-1,1,1,-1,1,1,-1,-1,1,-1,1,1,1,1,-1,1,1,-1,-1,1,1,-1,1,-1,1,-1,1,-1,-1,1,-1,-1,1,-1,1,-1,-1,1,-1,1,-1,1,-1,1,1,-1,-1,1,1,1,-1,1,-1,1,-1,-1,1,1,-1,-1,-1,1,-1,-1,1,1,1,-1,1,-1,1,1,1,-1,1,1,-1,-1,-1,1,-1,-1,1,-1,-1,1,1,1,-1,1,-1,-1,1,1,-1,-1,1,-1,-1,1,1,-1,-1,1,-1,-1,-1,1,1,-1,1,1,-1,-1,1,-1,-1,1,-1,1,-1,1,1,-1,-1,1,-1,-1,-1,-1,-1,1,1,1,-1,1,1,-1,-1,1,-1,1,-1,-1,-1,1,1,-1,-1,-1,-1,-1,1,1,-1,1,1,-1,-1,-1,1,1,-1,-1,-1,-1,1,1,-1,-1,1,-1,-1,-1,1,1,-1,-1,-1,-1,-1,1,-1,-1,1,-1,-1,1,1,1,-1,1,-1,-1,-1,1,1,-1,-1,-1,-1,-1,1,1,1,-1,-1,-1,-1,1,1,-1,-1,-1,-1,1,1,1,1,-1,-1,1,1,1,1,1,-1,-1,-1,1,1,1,-1,1,-1,1,1,1,1,-1,1,-1,-1,1,-1,1,-1,1,-1,-1,1,-1,1,-1,-1,-1,-1,1,-1,1,-1,1,1,-1,1,-1,1,-1,1,1,-1,1,-1,1,-1,-1,-1,-1,1,1,-1,-1,-1,-1,-1,1,-1,1,-1,-1,-1,-1,-1,-1,-1,1,-1,-1,-1,1,-1,-1,1,-1,-1,-1,-1,-1,1,1,-1,-1,-1,-1,-1,1,-1,-1,-1,1,-1,-1,1,-1,1,-1,-1,-1,-1,-1,-1,-1,1,-1,-1,-1,1,1,-1,-1,-1,1,1,-1,-1,-1,-1,1,-1,-1,1,-1,1,-1,-1,-1,-1,1,-1,1,1,-1,1,-1,-1,1,1,-1,-1,-1,-1,-1,-1,1,1,-1,-1,1,-1,1,1,-1,-1,-1,1,-1,-1,1,-1,-1,1,-1,-1,1,1,1,-1,1,-1,1,1,1,-1,-1,1,-1,-1,1,1,1,-1,1,-1,-1,1,1,-1,1,1,-1,-1,1,1,1,1,1,-1,-1,1,1,-1,1,1,-1,-1,1,1,1,1,-1,1,-1,1,1,1,1,1,-1,-1,1,-1,1,1,1,1,-1,-1,1,-1,1,1,1,-1,1,-1,1,1,-1,1,-1,1,1,1,1,1,1,1,-1,-1,1,1,1,-1,1,-1,1,1,1,1,1,-1,1,-1,1,1,-1,1,1,-1,1,1,-1,1,1,-1,-1,1,1,1,1,-1,1,-1,-1,1,1,-1,-1,1,-1,1,1,1,-1,1,-1,-1,-1,1,1,-1,-1,1,-1,-1,1,1,1,-1,1,-1,-1,1,1,1,-1,1,-1,-1,1,1,-1,-1,-1,1,-1,1,1,-1,1,1,-1,1,1,-1,-1,1,-1,-1,-1,1,1,-1,1,1,-1,1,1,-1,-1,-1,-1,1,-1,-1,-1,-1,1,-1,-1,1,1,-1,1,1,-1,1,1,1,1,-1,1,-1,1,1,1,-1,-1,1,-1,-1,1,1,-1,-1,1,-1,1,1,1,-1,-1,1,-1,1,1,1,1,-1,1,-1,-1,1,1,1,-1,-1,1,-1,1,-1,1,-1,1,-1,-1,1,-2670.0,1,2000,445,0,False
1286,1,1,-1,-1,1,-1,-1,-1,1,1,1,-1,1,1,1,1,-1,1,-1,-1,-1,-1,1,1,1,-1,-1,-1,1,1,1,1,-1,-1,-1,-1,1,1,1,1,-1,-1,-1,1,1,1,1,-1,1,1,1,1,-1,1,-1,-1,1,-1,1,1,1,-1,-1,-1,1,1,1,1,-1,-1,-1,1,1,1,1,-1,-1,-1,1,1,1,-1,-1,-1,1,1,1,1,-1,-1,1,1,1,1,1,-1,-1,-1,1,-1,1,1,-1,-1,1,1,1,1,1,-1,-1,-1,1,1,1,1,-1,-1,1,1,1,1,1,1,-1,-1,1,1,-1,1,1,-1,1,1,1,1,1,1,-1,1,1,1,1,1,1,-1,1,1,1,1,1,1,-1,-1,-1,1,1,1,1,-1,1,1,1,1,-1,1,-1,1,-1,1,1,1,-1,-1,1,1,1,1,1,-1,1,-1,-1,1,-1,1,-1,1,1,1,1,1,1,1,1,1,-1,1,-1,1,-1,1,1,-1,1,-1,1,1,-1,1,-1,1,-1,1,-1,1,1,-1,1,-1,1,1,1,1,-1,-1,1,1,-1,-1,1,-1,1,-1,-1,1,-1,1,-1,1,-1,1,-1,-1,1,-1,-1,-1,1,1,-1,1,-1,1,1,1,-1,1,1,-1,-1,-1,1,-1,1,-1,1,-1,1,1,-1,1,-1,-1,-1,1,1,-1,1,-1,-1,-1,1,1,-1,-1,1,1,-1,-1,1,1,-1,1,1,-1,1,1,1,1,-1,1,-1,1,1,-1,1,-1,1,-1,1,1,1,1,1,1,-1,-1,1,-1,-1,-1,1,1,-1,1,1,1,-1,1,1,1,1,1,1,-1,1,-1,1,1,1,-1,-1,1,-1,1,1,1,-1,1,1,-1,-1,1,1,1,-1,1,-1,1,1,1,-1,1,1,-1,1,1,1,-1,1,1,-1,1,1,1,-1,1,1,1,-1,1,1,-1,1,1,-1,1,-1,1,-1,1,1,1,-1,1,1,1,-1,1,1,-1,1,1,-1,1,1,1,-1,-1,-1,-1,1,1,1,-1,1,1,-1,1,1,-1,-1,1,1,1,1,1,-1,1,1,1,-1,1,1,1,-1,-1,1,1,1,-1,1,-1,1,1,1,1,1,1,-1,-1,-1,1,-1,-1,1,1,-1,1,1,1,1,1,1,1,-1,1,-1,-1,1,-1,1,-1,1,1,1,1,1,1,-1,-1,1,-1,1,1,1,-1,1,1,1,-1,1,1,-1,-1,1,-1,1,1,1,-1,1,1,1,1,1,1,-1,1,-1,1,1,1,-1,-1,1,-1,-1,1,1,-1,-1,1,-1,1,1,1,-1,-1,1,1,-1,1,1,-1,-1,1,-1,1,1,1,1,-1,1,-1,-1,-1,1,1,-1,-1,-1,1,-1,1,-1,-1,1,-1,-1,1,-1,1,-1,-1,1,-1,1,-1,1,-1,-1,1,-1,-1,1,1,1,-1,1,-1,1,-1,1,-1,1,-1,-1,-1,1,-1,-1,-1,1,1,-1,1,-1,1,1,1,-1,1,1,-1,1,-1,1,-1,-1,1,-1,-1,1,1,1,-1,1,-1,-1,1,1,-1,-1,1,-1,-1,1,1,-1,-1,1,-1,-1,-1,1,1,-1,1,1,-1,-1,1,-1,-1,1,-1,1,-1,1,1,-1,-1,1,-1,-1,-1,-1,-1,1,1,1,-1,1,1,-1,-1,1,-1,1,-1,-1,-1,1,1,-1,-1,-1,-1,-1,1,1,-1,1,1,-1,-1,-1,1,1,-1,-1,-1,-1,1,1,-1,-1,1,-1,-1,-1,1,1,-1,-1,-1,-1,-1,1,-1,-1,1,-1,-1,1,1,1,-1,1,-1,-1,-1,1,1,-1,-1,-1,-1,-1,1,1,1,-1,-1,-1,-1,1,1,-1,-1,-1,-1,1,1,1,1,-1,-1,1,1,1,1,1,-1,-1,-1,1,1,1,1,1,-1,1,1,1,1,-1,1,-1,-1,1,-1,1,-1,1,-1,-1,1,-1,1,-1,-1,-1,-1,1,-1,1,-1,1,-1,-1,1,-1,1,-1,1,-1,-1,1,-1,1,-1,-1,-1,-1,1,1,-1,-1,-1,-1,-1,1,-1,1,-1,-1,-1,-1,-1,-1,-1,1,-1,-1,-1,1,-1,-1,1,-1,-1,-1,-1,-1,-1,1,-1,-1,-1,-1,-1,1,-1,-1,-1,1,-1,-1,1,-1,1,-1,-1,-1,-1,-1,-1,-1,1,-1,-1,-1,1,1,-1,-1,-1,1,-1,-1,-1,-1,-1,1,-1,-1,1,-1,1,-1,-1,-1,-1,1,-1,1,1,-1,1,-1,-1,1,1,-1,-1,-1,-1,-1,-1,1,1,-1,-1,1,-1,1,1,-1,-1,-1,1,-1,-1,1,-1,-1,1,-1,-1,1,1,1,-1,1,-1,1,1,1,-1,-1,1,-1,-1,1,1,1,-1,1,-1,-1,1,1,-1,1,1,-1,-1,1,1,1,1,1,-1,-1,1,1,-1,1,1,-1,-1,1,1,1,1,-1,1,-1,-1,1,1,1,1,-1,-1,1,-1,1,1,1,1,-1,-1,1,-1,1,1,1,-1,1,1,1,1,-1,1,-1,1,1,1,1,1,1,1,-1,1,1,1,1,-1,1,-1,1,1,1,1,1,-1,1,1,1,1,-1,1,1,-1,1,1,-1,1,1,-1,-1,1,1,1,1,-1,1,-1,1,1,1,-1,-1,1,-1,1,1,1,-1,1,-1,-1,-1,1,1,-1,-1,1,-1,-1,1,1,-1,-1,1,-1,-1,1,1,1,-1,1,-1,-1,1,1,-1,-1,-1,1,-1,-1,1,-1,1,1,-1,1,1,-1,-1,1,1,-1,-1,1,1,-1,1,1,-1,1,1,-1,-1,1,-1,1,-1,-1,-1,-1,1,-1,-1,1,1,-1,1,1,-1,1,1,1,1,-1,1,-1,1,1,1,-1,-1,1,-1,-1,1,1,-1,-1,1,-1,1,1,1,-1,-1,1,-1,1,1,1,1,-1,1,-1,-1,1,1,1,-1,-1,1,-1,1,1,1,-1,1,-1,-1,1,-2670.0,1,2000,445,0,False
1287,1,1,-1,-1,1,1,-1,-1,1,1,1,-1,1,1,1,1,-1,1,-1,-1,1,-1,1,1,1,-1,1,-1,1,1,1,1,1,1,-1,-1,1,1,1,1,-1,-1,-1,1,1,1,1,-1,1,1,1,1,-1,1,-1,-1,1,-1,1,1,1,-1,1,-1,1,1,1,1,-1,-1,-1,1,1,1,1,-1,1,-1,1,1,1,-1,-1,1,1,1,1,1,-1,-1,-1,1,1,1,1,-1,1,1,1,-1,1,1,-1,-1,1,1,1,1,1,-1,-1,1,1,1,1,1,-1,-1,1,1,1,1,1,1,-1,1,1,1,-1,1,1,-1,1,1,1,1,1,1,-1,1,1,1,1,1,1,-1,-1,1,1,1,1,1,-1,1,-1,1,1,1,1,-1,1,1,1,1,-1,1,-1,1,-1,1,1,1,-1,-1,1,1,1,1,1,-1,1,-1,-1,1,-1,1,-1,1,1,1,1,1,1,1,1,1,1,1,-1,1,-1,1,1,-1,1,-1,1,1,-1,1,-1,1,-1,1,-1,1,1,-1,-1,-1,1,1,1,1,-1,-1,1,1,-1,-1,1,-1,1,-1,-1,1,-1,1,-1,1,-1,1,-1,1,1,-1,-1,-1,1,1,-1,1,-1,1,1,1,-1,1,1,-1,-1,-1,1,-1,1,-1,1,-1,1,1,-1,1,-1,-1,-1,1,1,-1,1,-1,-1,-1,1,1,-1,-1,1,1,-1,-1,1,1,-1,1,1,-1,1,1,1,1,-1,1,-1,1,1,-1,1,-1,1,1,-1,1,1,1,1,1,-1,-1,1,-1,-1,-1,1,1,-1,1,1,1,-1,1,-1,-1,1,1,1,1,1,-1,1,1,1,-1,-1,1,-1,1,1,1,-1,1,1,-1,1,-1,1,1,-1,1,-1,1,1,1,-1,1,1,-1,1,1,1,-1,1,-1,-1,1,1,1,-1,1,-1,-1,1,1,1,-1,1,-1,-1,-1,-1,1,-1,1,1,-1,1,1,1,1,-1,1,-1,-1,-1,1,-1,1,-1,-1,1,-1,-1,-1,1,1,-1,1,-1,1,-1,1,-1,1,-1,1,1,1,1,-1,1,-1,1,1,-1,1,-1,-1,-1,-1,1,1,1,1,-1,-1,1,1,1,1,-1,-1,1,-1,-1,1,-1,1,-1,1,-1,1,1,1,-1,-1,1,1,-1,1,-1,1,-1,-1,1,-1,1,1,-1,-1,-1,1,-1,-1,1,1,-1,-1,1,-1,1,1,-1,1,-1,1,-1,-1,1,1,-1,-1,1,-1,1,1,-1,-1,1,1,-1,1,-1,1,-1,1,1,-1,1,-1,1,-1,1,-1,-1,1,-1,-1,-1,1,-1,-1,1,-1,1,-1,1,-1,-1,1,-1,-1,1,-1,1,-1,1,1,1,-1,1,1,-1,-1,-1,1,-1,1,-1,-1,1,-1,1,1,1,1,-1,-1,1,1,-1,1,1,1,-1,1,1,1,-1,1,1,-1,1,1,1,1,-1,1,1,-1,-1,-1,1,-1,-1,1,-1,1,-1,1,-1,1,-1,-1,-1,1,1,-1,1,1,-1,-1,-1,1,-1,1,1,-1,1,-1,1,-1,-1,-1,-1,-1,-1,1,-1,-1,-1,-1,-1,-1,1,-1,1,1,1,1,-1,1,-1,1,1,-1,-1,-1,1,-1,-1,1,-1,1,-1,-1,1,1,1,1,-1,-1,1,1,1,1,-1,1,-1,-1,1,1,1,-1,-1,-1,1,1,1,1,-1,-1,-1,1,-1,1,-1,1,1,-1,-1,1,1,1,-1,-1,-1,1,1,1,1,1,-1,-1,-1,1,1,1,1,-1,-1,-1,1,-1,1,-1,-1,-1,-1,1,1,1,1,-1,-1,1,1,-1,1,1,-1,-1,-1,1,1,-1,1,-1,-1,-1,1,1,1,1,-1,-1,1,1,1,-1,-1,-1,1,1,-1,1,1,-1,-1,-1,1,1,-1,1,1,-1,1,1,1,-1,1,-1,-1,-1,1,-1,1,-1,-1,-1,-1,1,1,-1,1,-1,-1,-1,1,-1,-1,1,-1,-1,-1,1,1,-1,1,-1,-1,-1,1,-1,-1,1,-1,-1,-1,1,1,1,-1,-1,-1,-1,1,-1,1,-1,-1,-1,-1,-1,-1,-1,1,-1,-1,-1,1,-1,-1,1,-1,-1,-1,-1,-1,1,1,-1,-1,-1,-1,-1,1,-1,-1,-1,1,-1,-1,1,-1,1,-1,-1,-1,-1,-1,-1,-1,1,-1,-1,-1,1,1,1,-1,-1,1,-1,1,-1,-1,-1,1,-1,-1,1,-1,1,-1,-1,-1,-1,1,-1,1,1,-1,1,-1,-1,1,1,-1,-1,-1,-1,-1,-1,1,1,-1,-1,1,-1,1,1,-1,-1,-1,1,-1,1,1,-1,-1,1,-1,-1,1,1,1,-1,1,-1,1,1,1,-1,-1,1,-1,-1,1,1,1,-1,1,-1,-1,1,1,-1,1,1,-1,-1,1,1,1,1,1,-1,-1,1,1,1,1,1,-1,-1,1,1,1,1,1,1,-1,-1,1,1,-1,1,-1,-1,1,-1,1,1,1,1,-1,-1,1,-1,1,1,1,-1,1,1,1,1,-1,1,-1,1,1,1,1,1,1,1,-1,1,1,1,1,-1,1,-1,1,1,1,1,1,-1,1,1,1,1,-1,1,1,-1,1,1,-1,1,1,-1,-1,1,1,1,1,-1,1,-1,1,1,1,-1,-1,1,-1,1,-1,1,-1,1,-1,-1,-1,1,1,-1,-1,1,-1,-1,1,-1,1,-1,1,-1,-1,-1,1,1,-1,1,-1,-1,1,1,-1,-1,-1,1,-1,1,-1,-1,1,1,-1,1,1,-1,-1,1,-1,-1,-1,-1,1,-1,1,1,-1,1,-1,1,-1,1,-1,1,-1,-1,-1,-1,1,-1,-1,1,1,-1,1,1,-1,1,1,-1,-1,-1,1,-1,1,1,1,1,-1,1,-1,-1,1,1,-1,-1,1,-1,1,1,1,1,-1,1,-1,1,1,-1,-1,-1,1,-1,-1,1,1,-1,-1,-1,1,-1,1,-1,1,-1,1,-1,-1,1,-2670.0,1,2000,445,0,False
1288,1,1,-1,-1,1,-1,-1,-1,1,1,1,-1,1,1,1,1,-1,1,-1,-1,-1,-1,1,1,1,-1,1,-1,1,1,1,1,1,-1,-1,-1,1,-1,1,1,-1,-1,-1,1,1,1,1,-1,1,1,1,1,-1,1,-1,-1,1,-1,1,1,1,-1,-1,-1,1,1,1,1,-1,-1,-1,1,1,1,1,-1,-1,-1,1,1,1,-1,-1,-1,1,1,1,1,-1,-1,1,1,1,1,1,-1,-1,-1,1,-1,1,1,-1,-1,1,1,1,1,1,-1,-1,-1,1,-1,1,1,-1,-1,1,1,1,1,1,1,-1,-1,1,1,-1,1,1,-1,1,1,1,1,1,1,-1,1,1,1,1,1,1,-1,1,1,1,1,1,1,-1,-1,-1,1,1,1,1,-1,1,1,1,1,-1,1,-1,1,-1,1,1,1,-1,-1,1,1,1,1,1,-1,1,-1,-1,1,-1,1,-1,1,1,1,1,1,1,1,1,1,-1,1,-1,1,-1,1,1,-1,1,-1,1,1,-1,1,-1,1,-1,1,-1,1,1,-1,1,-1,1,1,1,1,-1,-1,1,1,-1,-1,1,-1,1,-1,-1,1,1,1,-1,1,-1,1,-1,1,1,-1,1,-1,1,1,-1,1,-1,1,1,1,-1,1,1,-1,-1,-1,1,-1,1,-1,1,-1,1,1,-1,1,-1,-1,-1,1,1,-1,1,-1,-1,-1,1,1,-1,-1,1,1,-1,-1,1,1,-1,1,1,-1,1,1,1,1,-1,1,-1,1,1,-1,1,-1,1,1,-1,1,1,-1,-1,1,-1,-1,1,-1,-1,-1,1,1,-1,1,1,1,-1,1,-1,-1,1,1,1,1,1,-1,1,1,1,1,-1,1,-1,1,1,1,-1,1,1,-1,1,-1,1,1,-1,1,-1,1,1,1,-1,1,1,-1,1,1,1,-1,1,-1,-1,1,1,1,1,1,-1,-1,1,1,1,-1,1,-1,-1,-1,-1,1,-1,1,1,-1,1,1,1,1,1,1,-1,-1,-1,1,-1,1,-1,-1,1,-1,-1,-1,1,1,-1,1,-1,1,-1,1,-1,1,-1,1,1,1,1,-1,1,-1,1,1,-1,1,-1,-1,-1,-1,1,1,1,1,-1,-1,1,1,1,1,-1,-1,1,-1,-1,1,-1,1,-1,1,-1,1,1,1,-1,-1,1,1,-1,1,-1,1,-1,-1,1,-1,1,1,-1,-1,-1,1,-1,-1,1,1,-1,-1,1,-1,1,1,-1,1,-1,1,-1,-1,1,1,-1,1,1,-1,1,1,-1,-1,1,1,-1,1,-1,1,-1,1,-1,-1,1,-1,1,-1,1,-1,-1,1,-1,-1,-1,1,-1,-1,1,-1,1,-1,1,-1,-1,1,-1,-1,1,-1,1,-1,1,-1,1,-1,1,1,-1,-1,-1,1,-1,1,-1,-1,1,-1,1,1,-1,1,-1,-1,1,1,-1,-1,1,1,-1,1,1,1,1,1,1,-1,1,1,1,-1,1,1,1,-1,-1,-1,1,-1,-1,1,1,1,-1,1,-1,1,-1,-1,-1,1,1,-1,1,1,-1,-1,-1,1,-1,1,1,-1,1,-1,1,-1,-1,-1,-1,-1,-1,1,-1,-1,-1,-1,-1,-1,1,-1,1,1,1,1,-1,1,-1,1,1,-1,-1,-1,1,-1,-1,1,-1,1,-1,-1,1,1,1,1,-1,-1,1,1,1,1,-1,1,-1,-1,1,1,1,-1,-1,-1,-1,1,1,1,-1,1,-1,1,-1,1,-1,1,1,-1,-1,1,1,1,-1,-1,-1,1,1,1,1,1,-1,-1,-1,1,1,1,1,-1,-1,-1,1,-1,1,-1,-1,-1,1,1,1,1,1,-1,-1,-1,1,-1,1,1,-1,-1,-1,1,1,-1,1,-1,-1,-1,1,1,1,1,-1,-1,1,1,1,-1,1,-1,1,1,-1,1,1,-1,-1,-1,1,1,-1,1,1,-1,1,1,1,-1,1,1,-1,-1,1,-1,1,-1,1,-1,-1,1,1,-1,1,-1,-1,-1,1,-1,-1,1,-1,1,-1,1,1,-1,-1,1,1,-1,1,-1,-1,-1,-1,-1,-1,1,1,1,-1,-1,-1,-1,1,-1,1,-1,-1,-1,-1,-1,-1,-1,1,-1,-1,-1,1,-1,-1,1,-1,-1,-1,-1,-1,1,1,-1,-1,-1,-1,-1,1,-1,-1,-1,1,-1,-1,1,-1,1,-1,-1,-1,-1,-1,-1,-1,1,-1,-1,-1,1,1,-1,-1,-1,1,-1,1,-1,-1,-1,1,-1,-1,1,1,1,-1,-1,-1,-1,1,-1,1,1,-1,1,-1,-1,1,1,-1,-1,-1,-1,-1,-1,1,1,-1,-1,1,-1,1,1,-1,-1,-1,1,-1,1,1,-1,-1,1,-1,-1,1,1,1,-1,1,-1,1,1,1,-1,-1,1,-1,-1,1,1,1,-1,1,-1,-1,1,1,-1,1,1,-1,-1,1,1,1,1,1,-1,-1,1,1,1,1,1,-1,-1,1,1,1,1,-1,1,-1,-1,1,1,-1,1,-1,-1,1,-1,1,1,1,1,-1,-1,1,-1,1,-1,1,-1,1,1,1,1,-1,1,-1,1,1,1,1,1,1,1,-1,1,1,1,1,-1,1,-1,1,1,1,1,1,-1,1,1,1,1,-1,-1,1,-1,1,1,-1,1,1,-1,-1,1,1,1,-1,1,1,-1,1,1,1,-1,-1,1,-1,1,1,1,-1,1,-1,-1,-1,1,1,-1,-1,1,-1,-1,1,1,1,-1,1,-1,-1,1,1,1,1,-1,-1,-1,1,1,-1,-1,1,1,-1,-1,1,-1,1,1,-1,1,1,-1,-1,1,-1,-1,-1,1,1,-1,1,1,-1,1,1,-1,-1,1,-1,1,-1,-1,-1,-1,1,-1,-1,1,1,-1,1,1,-1,1,1,1,1,-1,1,-1,1,1,1,-1,-1,1,-1,-1,1,1,-1,-1,1,-1,1,1,1,-1,-1,1,-1,1,1,1,1,-1,1,-1,-1,1,1,1,-1,-1,1,-1,1,-1,1,-1,1,-1,-1,1,-2670.0,1,2000,445,1500,False
1289,1,1,-1,-1,1,-1,-1,-1,1,1,1,-1,1,1,1,1,-1,1,-1,-1,-1,-1,1,1,1,-1,-1,-1,1,1,1,1,-1,-1,-1,-1,1,1,1,1,-1,-1,-1,1,1,1,1,-1,1,1,1,1,-1,1,-1,-1,1,-1,1,1,1,-1,-1,-1,1,1,1,1,-1,1,-1,1,1,1,1,-1,-1,-1,1,1,1,-1,-1,-1,1,1,1,1,-1,1,-1,1,1,1,1,-1,-1,1,1,-1,1,1,-1,-1,1,1,1,1,1,-1,-1,1,1,1,1,1,-1,-1,1,1,1,1,1,1,-1,1,1,1,-1,1,1,-1,1,1,1,1,1,1,-1,-1,1,1,1,1,1,-1,1,1,1,1,1,1,-1,-1,-1,1,1,1,1,-1,1,1,1,1,-1,1,-1,1,-1,1,1,1,-1,-1,1,1,1,1,1,-1,1,-1,-1,1,-1,1,-1,1,1,1,1,1,1,1,1,1,-1,1,-1,1,-1,1,1,-1,1,-1,1,1,-1,1,-1,1,-1,1,-1,1,1,-1,1,-1,1,1,1,1,-1,-1,1,1,-1,-1,1,-1,1,-1,-1,1,-1,1,-1,1,-1,1,-1,1,1,-1,-1,-1,1,1,-1,1,-1,1,1,1,-1,1,1,-1,1,-1,1,-1,1,-1,1,-1,1,1,-1,1,-1,-1,-1,1,1,-1,1,-1,-1,-1,1,1,-1,-1,1,1,-1,-1,1,1,-1,1,1,-1,1,1,1,1,-1,1,-1,1,1,-1,1,-1,1,1,1,1,1,1,1,1,-1,-1,1,-1,-1,1,1,1,-1,1,1,1,-1,1,1,1,1,1,1,1,1,-1,1,1,1,-1,-1,1,-1,1,1,1,-1,1,1,-1,-1,1,1,1,-1,1,-1,1,1,1,-1,1,1,-1,1,1,1,-1,1,1,-1,1,1,1,-1,1,1,-1,-1,1,1,-1,1,1,-1,1,-1,1,-1,1,1,1,-1,1,1,1,-1,1,1,-1,1,1,-1,1,1,1,-1,-1,-1,-1,1,1,1,-1,1,1,-1,1,1,-1,-1,1,1,1,1,1,-1,1,1,1,-1,1,1,1,1,-1,1,1,1,-1,1,-1,1,1,1,1,1,1,-1,-1,-1,1,-1,-1,1,1,-1,1,1,-1,1,1,1,1,-1,1,-1,-1,1,-1,1,-1,1,1,1,1,1,1,-1,-1,1,-1,1,1,1,-1,1,1,1,-1,1,1,-1,-1,1,-1,1,1,1,-1,1,1,1,1,1,1,-1,1,-1,-1,1,1,-1,-1,1,-1,1,1,1,-1,-1,1,-1,1,1,1,-1,-1,1,-1,-1,1,1,-1,-1,1,-1,1,1,1,1,-1,1,1,-1,1,1,1,-1,-1,1,-1,1,1,-1,-1,1,-1,-1,1,-1,1,-1,-1,1,-1,1,-1,1,1,-1,1,-1,-1,1,1,1,-1,1,-1,1,-1,-1,-1,1,-1,-1,-1,1,-1,-1,1,1,1,-1,1,-1,1,1,1,-1,1,1,-1,1,-1,1,-1,-1,1,-1,-1,1,1,1,-1,1,-1,-1,1,1,-1,-1,1,-1,-1,1,1,-1,-1,1,-1,-1,-1,1,1,-1,1,-1,-1,-1,1,-1,-1,1,-1,1,-1,1,1,-1,-1,1,-1,-1,-1,-1,-1,1,1,1,-1,-1,1,-1,-1,1,-1,-1,1,-1,-1,1,1,-1,-1,1,-1,-1,1,1,-1,1,-1,1,-1,-1,1,1,-1,-1,-1,-1,-1,1,-1,-1,1,-1,-1,-1,1,1,-1,-1,-1,-1,-1,1,-1,-1,-1,-1,-1,1,1,1,-1,-1,-1,-1,-1,1,1,-1,-1,-1,-1,-1,1,1,1,-1,-1,-1,-1,1,1,-1,-1,-1,-1,1,1,1,1,-1,-1,1,1,1,1,1,-1,-1,-1,1,1,1,-1,1,-1,1,1,1,1,-1,1,-1,-1,1,-1,1,-1,1,-1,-1,1,-1,1,-1,-1,-1,-1,1,-1,1,-1,1,-1,-1,1,-1,1,-1,1,-1,-1,1,-1,1,-1,-1,-1,-1,1,1,-1,-1,-1,-1,-1,1,-1,1,-1,-1,-1,-1,-1,-1,-1,1,-1,-1,-1,1,-1,-1,1,-1,-1,-1,-1,-1,-1,1,-1,-1,-1,-1,-1,1,-1,-1,-1,1,-1,-1,1,-1,1,-1,-1,-1,-1,-1,-1,-1,1,-1,-1,-1,1,1,-1,-1,-1,1,-1,-1,-1,-1,-1,1,-1,-1,1,-1,1,-1,-1,-1,-1,1,-1,1,1,-1,1,-1,-1,1,1,-1,-1,-1,-1,-1,-1,1,1,-1,-1,1,-1,1,1,-1,-1,-1,1,-1,1,1,-1,-1,1,-1,-1,1,1,1,-1,1,-1,1,1,1,-1,-1,1,-1,-1,1,1,1,-1,1,-1,-1,1,1,-1,1,1,-1,-1,1,1,-1,1,1,-1,-1,1,1,-1,1,1,-1,-1,1,1,1,1,1,1,-1,-1,1,1,1,1,-1,-1,1,-1,1,1,1,1,-1,-1,1,-1,1,1,1,-1,1,1,1,1,-1,1,-1,1,1,1,1,1,1,1,-1,1,1,1,1,-1,1,-1,1,1,1,1,1,-1,1,1,1,1,-1,1,1,-1,1,1,-1,1,1,-1,-1,1,1,1,1,-1,1,-1,1,1,1,-1,-1,1,-1,1,1,1,-1,1,-1,-1,-1,1,1,-1,-1,1,-1,-1,1,1,-1,-1,1,-1,-1,1,1,1,-1,1,-1,-1,1,1,-1,-1,-1,1,-1,-1,1,-1,1,1,-1,1,1,-1,-1,1,1,-1,-1,-1,1,-1,1,1,-1,1,1,-1,-1,1,-1,1,-1,-1,-1,-1,1,-1,-1,1,1,-1,1,1,-1,1,1,1,1,-1,1,-1,1,1,1,1,-1,1,-1,-1,-1,1,1,-1,1,-1,1,1,1,1,-1,1,-1,1,1,1,-1,-1,1,-1,-1,1,1,-1,-1,-1,1,-1,1,1,1,-1,1,-1,-1,1,-2670.0,1,2000,445,1500,False
1290,1,1,-1,-1,1,1,-1,-1,1,1,1,-1,-1,1,1,1,-1,1,-1,-1,1,-1,1,1,1,-1,1,-1,1,1,1,1,-1,1,-1,-1,1,1,1,1,-1,-1,-1,1,1,1,1,-1,1,1,1,1,-1,1,-1,-1,1,-1,1,1,1,-1,1,-1,1,1,1,1,-1,-1,-1,1,1,1,1,-1,1,-1,1,1,1,-1,-1,1,1,1,1,1,-1,-1,-1,1,1,1,1,-1,1,1,1,-1,1,1,-1,-1,1,1,1,1,1,-1,-1,1,1,1,1,1,-1,-1,1,1,1,1,1,1,-1,1,1,1,-1,1,1,-1,1,1,1,1,1,1,-1,1,1,1,1,1,1,-1,-1,1,1,1,1,1,-1,1,-1,1,1,1,1,-1,1,1,1,1,-1,1,-1,1,-1,1,1,1,-1,-1,1,1,1,1,1,-1,1,-1,-1,1,-1,1,-1,1,1,1,1,1,1,1,1,1,1,1,-1,1,-1,1,1,-1,1,-1,1,1,-1,1,-1,1,-1,1,-1,1,1,-1,1,-1,1,1,1,1,-1,-1,1,1,-1,-1,1,-1,1,-1,-1,1,-1,1,-1,1,-1,1,-1,-1,1,-1,-1,-1,1,1,-1,1,-1,1,1,1,-1,1,1,-1,1,-1,1,-1,1,-1,1,-1,1,1,-1,1,-1,-1,-1,1,1,-1,1,-1,-1,-1,1,1,-1,-1,1,1,-1,-1,1,1,-1,1,1,-1,1,1,1,1,-1,1,-1,1,1,-1,1,-1,1,-1,1,1,1,1,1,1,-1,-1,1,-1,-1,-1,1,1,-1,1,1,1,-1,1,1,1,1,1,1,1,1,-1,1,1,1,-1,1,1,-1,1,1,1,-1,1,1,-1,-1,1,1,1,-1,1,-1,1,1,1,-1,1,1,-1,1,1,1,-1,1,1,-1,1,1,1,-1,1,1,1,-1,1,1,-1,1,1,-1,1,-1,1,-1,1,1,1,-1,1,1,1,-1,1,1,-1,1,1,-1,1,1,1,-1,-1,-1,-1,1,1,1,-1,1,1,-1,1,1,-1,-1,1,1,1,1,1,-1,1,1,1,-1,1,1,1,-1,-1,1,1,1,-1,1,-1,1,1,1,1,1,1,-1,-1,-1,1,-1,-1,1,1,-1,1,1,-1,1,1,1,1,-1,1,-1,-1,1,-1,1,-1,1,1,-1,1,1,1,-1,-1,1,-1,1,1,1,-1,1,1,1,-1,1,1,-1,-1,1,-1,1,1,1,-1,1,1,1,1,1,1,-1,1,-1,-1,1,1,-1,-1,1,-1,-1,1,1,-1,-1,1,-1,1,1,1,-1,-1,1,-1,-1,1,1,-1,-1,1,-1,1,1,1,1,-1,1,1,-1,-1,1,1,-1,-1,1,1,-1,1,-1,-1,1,1,-1,1,-1,1,-1,-1,1,-1,1,-1,1,1,-1,1,-1,-1,1,1,1,-1,1,-1,1,-1,-1,1,1,-1,-1,-1,1,-1,-1,1,1,1,-1,1,-1,1,1,1,-1,1,1,-1,1,-1,1,-1,-1,1,-1,-1,1,1,1,-1,1,-1,-1,1,1,-1,-1,1,-1,-1,1,1,-1,-1,1,-1,-1,-1,1,1,-1,1,1,-1,-1,1,-1,-1,1,-1,1,-1,1,1,-1,-1,1,-1,-1,-1,-1,-1,1,1,1,-1,1,1,-1,-1,1,-1,-1,-1,-1,-1,1,1,-1,-1,-1,-1,-1,1,1,-1,1,1,-1,-1,-1,1,1,-1,-1,-1,-1,-1,1,-1,-1,1,-1,-1,-1,1,1,-1,-1,-1,-1,-1,1,-1,-1,1,-1,-1,1,1,1,-1,1,-1,-1,-1,1,1,-1,-1,-1,-1,-1,1,1,1,-1,-1,-1,-1,1,1,-1,-1,-1,-1,1,1,1,1,-1,-1,1,1,1,1,1,-1,-1,-1,1,1,1,-1,1,-1,1,1,1,1,-1,1,-1,-1,1,-1,1,-1,1,-1,-1,1,-1,1,-1,-1,-1,-1,1,-1,1,-1,1,-1,-1,1,-1,1,-1,1,-1,-1,1,-1,1,-1,-1,-1,-1,1,1,-1,-1,-1,-1,-1,1,-1,1,-1,-1,-1,-1,-1,-1,-1,1,-1,-1,-1,1,-1,-1,1,-1,-1,-1,-1,-1,-1,1,-1,-1,-1,-1,-1,1,-1,-1,-1,1,-1,-1,1,-1,1,-1,-1,-1,-1,-1,-1,-1,1,-1,-1,-1,1,1,1,-1,-1,1,1,-1,-1,-1,-1,1,-1,-1,1,-1,1,-1,-1,-1,-1,1,-1,1,1,-1,1,-1,-1,1,1,-1,-1,-1,-1,-1,-1,1,1,-1,-1,1,-1,1,1,-1,-1,-1,1,-1,1,1,-1,-1,1,-1,-1,1,1,1,-1,1,-1,1,1,1,-1,-1,1,-1,-1,1,1,1,-1,1,-1,-1,1,1,-1,1,1,-1,-1,1,1,-1,1,1,-1,-1,1,1,-1,1,1,-1,-1,1,1,1,1,-1,1,-1,-1,1,1,1,1,-1,-1,1,-1,1,1,1,1,-1,-1,1,-1,1,1,1,-1,1,1,1,1,-1,1,-1,1,1,1,1,1,1,1,-1,1,1,1,1,-1,1,-1,1,1,1,1,1,-1,1,1,1,1,-1,1,1,-1,1,1,-1,1,1,-1,-1,1,1,1,1,-1,1,-1,1,1,1,-1,-1,1,-1,1,-1,1,-1,1,-1,-1,-1,1,1,-1,-1,1,-1,-1,1,-1,1,-1,1,-1,-1,-1,1,1,-1,1,-1,-1,1,1,-1,-1,-1,1,-1,1,-1,-1,1,1,-1,1,1,-1,-1,1,1,-1,-1,-1,1,-1,1,1,-1,1,-1,1,-1,-1,-1,1,-1,-1,-1,-1,-1,-1,-1,1,1,-1,1,1,-1,1,1,-1,-1,-1,1,-1,1,1,1,1,-1,1,-1,1,-1,1,-1,-1,1,-1,-1,1,1,-1,-1,1,-1,1,1,-1,-1,-1,1,-1,-1,1,1,-1,-1,-1,1,-1,1,-1,1,-1,1,-1,-1,1,-2670.0,1,2000,445,1500,False
1291,1,1,-1,-1,1,1,-1,-1,1,1,1,-1,-1,1,1,1,-1,1,-1,-1,-1,-1,1,1,1,-1,-1,-1,1,1,1,1,-1,-1,-1,-1,1,-1,1,-1,-1,-1,-1,1,1,1,1,-1,1,1,1,1,-1,1,-1,-1,1,-1,1,1,1,-1,-1,-1,1,1,1,1,-1,-1,-1,1,1,1,1,-1,-1,-1,1,1,1,-1,-1,-1,1,1,1,1,-1,-1,-1,1,1,1,1,-1,-1,1,1,-1,1,1,-1,-1,1,1,1,1,1,-1,-1,-1,1,1,1,1,-1,-1,1,1,1,1,1,1,-1,-1,1,1,-1,1,1,-1,1,1,1,1,1,1,-1,1,1,1,1,1,1,-1,1,1,1,1,1,1,-1,-1,-1,1,1,1,1,-1,1,1,1,1,-1,1,-1,1,-1,1,1,1,-1,-1,1,1,1,1,1,-1,1,-1,-1,1,-1,1,-1,1,1,1,1,1,1,1,1,1,-1,1,-1,1,-1,1,1,-1,1,-1,1,1,-1,1,-1,1,-1,1,-1,1,1,-1,1,-1,1,1,1,1,-1,-1,1,1,-1,-1,1,-1,1,-1,-1,1,-1,1,-1,1,-1,1,-1,1,1,-1,-1,-1,1,-1,-1,1,-1,1,1,1,-1,1,-1,-1,-1,-1,1,-1,1,1,1,-1,1,1,-1,1,-1,-1,-1,1,1,-1,1,-1,-1,-1,1,1,-1,-1,1,1,-1,-1,1,-1,-1,1,1,-1,1,1,1,1,-1,1,-1,1,1,-1,1,-1,1,1,1,1,-1,-1,-1,1,-1,-1,1,-1,-1,-1,1,1,-1,1,1,1,-1,1,1,1,1,1,-1,1,1,-1,1,1,-1,1,-1,1,-1,1,1,-1,-1,1,1,-1,-1,1,1,1,-1,1,-1,1,1,1,-1,1,1,-1,1,1,1,-1,1,1,-1,1,1,1,-1,1,1,1,-1,1,1,-1,1,1,-1,1,-1,1,-1,1,1,1,-1,1,1,1,1,1,1,-1,1,1,-1,1,1,1,-1,-1,-1,-1,1,1,1,-1,1,1,-1,1,1,-1,-1,1,1,1,1,1,-1,1,1,1,-1,1,1,1,1,-1,1,1,1,-1,1,-1,1,-1,1,1,1,1,-1,-1,-1,1,-1,-1,1,-1,1,-1,1,1,1,1,1,1,-1,1,-1,-1,1,-1,1,-1,1,-1,1,1,1,1,-1,-1,1,-1,1,1,-1,-1,1,1,1,-1,1,1,-1,1,-1,-1,1,1,-1,-1,1,-1,1,1,-1,1,-1,1,-1,1,1,-1,-1,1,1,-1,1,1,-1,-1,-1,1,-1,1,1,1,-1,1,-1,-1,-1,1,-1,-1,-1,1,-1,1,1,-1,1,-1,1,-1,-1,1,-1,-1,-1,1,-1,-1,1,-1,-1,-1,1,-1,-1,1,-1,-1,-1,-1,1,-1,1,-1,-1,-1,-1,1,-1,-1,1,1,1,-1,1,-1,1,1,1,1,1,-1,-1,-1,1,-1,-1,1,1,1,-1,1,-1,1,1,1,-1,1,1,-1,1,-1,1,-1,-1,1,-1,-1,1,1,1,-1,1,-1,-1,1,1,-1,-1,1,-1,-1,1,1,-1,-1,1,-1,-1,-1,1,1,-1,1,1,-1,-1,1,-1,-1,1,-1,1,-1,1,1,-1,-1,1,-1,-1,-1,-1,-1,1,1,1,-1,-1,1,-1,-1,1,-1,-1,1,-1,-1,1,1,-1,-1,1,-1,-1,1,1,-1,1,-1,-1,-1,-1,1,1,-1,-1,-1,-1,1,1,-1,-1,1,-1,-1,-1,1,1,-1,-1,-1,-1,-1,1,-1,-1,-1,-1,-1,1,1,1,-1,-1,-1,-1,-1,1,1,-1,-1,-1,-1,-1,1,1,1,-1,-1,-1,-1,1,1,-1,-1,-1,-1,1,1,1,1,1,-1,1,1,1,1,1,1,-1,-1,1,1,1,1,-1,-1,1,1,1,1,-1,1,-1,-1,1,-1,1,-1,1,-1,-1,1,-1,1,1,1,-1,-1,1,-1,1,-1,1,1,-1,1,-1,1,1,1,1,-1,1,-1,1,1,1,-1,-1,1,1,-1,1,1,-1,-1,1,-1,1,-1,1,-1,-1,-1,-1,-1,1,1,-1,-1,1,-1,-1,1,1,-1,-1,-1,-1,1,-1,1,-1,-1,-1,-1,1,-1,-1,-1,1,-1,-1,1,-1,1,-1,-1,-1,-1,-1,-1,1,1,-1,-1,-1,1,1,1,-1,-1,1,1,-1,-1,1,-1,1,-1,-1,1,1,1,-1,-1,-1,-1,1,-1,1,1,-1,1,-1,-1,1,1,-1,-1,-1,-1,-1,-1,1,1,-1,-1,1,-1,1,1,1,-1,-1,1,-1,1,1,-1,-1,1,1,-1,1,1,1,-1,1,-1,1,1,1,-1,-1,1,-1,-1,1,1,1,-1,1,-1,-1,1,1,-1,1,1,1,-1,1,1,1,1,1,1,-1,1,1,-1,1,1,1,-1,1,1,1,1,1,1,-1,1,1,1,-1,1,1,-1,1,-1,1,1,1,1,-1,-1,1,-1,1,1,1,-1,1,1,1,1,-1,1,1,1,1,1,1,1,1,1,-1,-1,1,1,1,-1,1,-1,1,1,1,1,1,-1,1,1,1,1,-1,-1,1,-1,1,1,-1,1,1,-1,-1,1,1,1,-1,1,1,-1,1,1,1,-1,-1,1,-1,1,1,1,-1,1,-1,-1,-1,1,1,-1,-1,1,-1,-1,1,1,1,-1,1,-1,1,1,1,1,1,-1,-1,-1,1,1,-1,-1,-1,1,1,1,1,-1,1,1,-1,1,1,-1,-1,1,-1,-1,-1,1,1,-1,1,1,1,1,1,-1,-1,-1,-1,1,-1,-1,-1,-1,1,-1,1,1,1,-1,1,1,-1,1,1,1,1,-1,1,-1,1,1,1,-1,-1,1,-1,1,1,1,-1,1,1,-1,1,1,1,-1,-1,1,-1,1,1,1,1,-1,1,-1,-1,1,1,-1,-1,1,1,-1,1,-1,1,-1,1,-1,-1,1,-2670.0,1,2000,445,1500,False
1292,1,1,-1,-1,1,1,-1,-1,1,1,1,-1,-1,1,1,1,-1,1,-1,-1,-1,-1,1,1,1,-1,-1,-1,1,1,1,1,-1,-1,-1,-1,1,-1,1,1,-1,-1,-1,1,1,1,1,-1,1,1,1,1,-1,1,-1,-1,1,-1,1,1,1,-1,-1,-1,1,1,1,1,-1,-1,-1,1,1,1,1,-1,-1,-1,1,1,1,-1,-1,-1,1,1,1,1,-1,-1,-1,1,1,1,1,-1,-1,1,1,-1,1,1,-1,-1,1,1,1,1,1,-1,-1,-1,1,1,1,1,-1,-1,1,1,1,1,1,1,-1,-1,1,1,-1,1,1,-1,1,1,1,1,1,1,-1,1,1,1,1,1,1,-1,1,1,1,1,1,1,-1,-1,-1,1,1,1,1,-1,1,1,1,1,-1,1,-1,1,-1,1,1,1,-1,-1,1,1,1,1,1,-1,1,-1,-1,1,-1,1,-1,1,1,1,1,1,1,1,1,1,-1,1,-1,1,-1,1,1,-1,1,-1,1,1,-1,1,-1,1,-1,1,-1,1,1,-1,1,-1,1,1,1,1,-1,-1,1,1,-1,-1,1,-1,1,-1,1,1,-1,1,-1,1,-1,1,-1,1,1,-1,-1,-1,1,1,-1,1,-1,1,1,1,-1,1,1,-1,-1,-1,1,-1,1,-1,1,-1,1,1,-1,1,-1,-1,-1,1,1,-1,1,-1,-1,-1,1,1,-1,-1,1,1,-1,-1,1,1,-1,1,1,-1,1,1,1,1,-1,1,-1,1,1,-1,1,-1,1,1,1,1,1,1,1,1,-1,-1,1,-1,-1,1,1,1,-1,1,1,1,-1,1,1,1,1,1,1,1,1,-1,1,1,1,-1,1,1,-1,1,1,1,-1,1,1,-1,-1,1,1,1,-1,1,-1,1,1,1,-1,1,1,-1,1,1,1,-1,1,1,-1,1,1,1,-1,1,1,-1,-1,1,1,-1,1,1,-1,1,-1,1,-1,1,1,1,-1,1,1,1,-1,1,1,-1,1,1,-1,1,1,1,-1,-1,-1,-1,1,1,1,-1,1,1,-1,1,1,-1,-1,1,1,1,1,1,-1,1,1,1,-1,1,1,1,-1,-1,1,1,1,-1,1,-1,1,1,1,1,1,1,-1,-1,-1,1,-1,-1,1,1,-1,1,1,1,1,1,1,1,-1,1,-1,-1,1,-1,1,-1,1,1,-1,1,1,1,-1,-1,1,-1,1,1,1,-1,1,1,1,-1,1,1,-1,-1,1,-1,1,1,1,-1,1,1,1,1,1,1,-1,1,-1,1,1,1,-1,1,1,-1,1,1,1,-1,-1,1,-1,1,1,1,-1,-1,1,-1,-1,1,1,-1,-1,1,-1,1,1,1,1,-1,1,1,-1,1,1,1,-1,1,-1,-1,1,1,-1,-1,1,-1,-1,1,-1,1,-1,-1,1,-1,1,-1,1,-1,1,1,-1,-1,1,1,1,-1,1,-1,1,-1,-1,1,1,-1,-1,-1,1,-1,-1,1,1,1,-1,1,-1,1,1,1,-1,1,1,-1,-1,-1,1,-1,-1,1,-1,-1,1,1,1,-1,1,-1,-1,1,1,-1,-1,1,-1,-1,1,1,-1,-1,1,-1,-1,-1,1,1,-1,1,-1,-1,-1,1,-1,-1,1,-1,1,-1,1,1,-1,-1,1,-1,-1,-1,-1,-1,1,1,1,-1,-1,1,-1,-1,1,-1,-1,1,-1,-1,1,1,-1,-1,1,-1,-1,1,1,-1,1,-1,-1,-1,-1,1,1,-1,-1,-1,-1,1,1,-1,-1,1,-1,-1,-1,1,1,-1,-1,-1,-1,-1,1,-1,-1,-1,-1,-1,1,1,1,-1,-1,-1,-1,-1,1,1,-1,-1,-1,-1,-1,1,1,1,-1,-1,-1,-1,1,1,-1,-1,-1,-1,1,1,1,1,-1,-1,1,1,1,1,1,-1,-1,-1,1,1,1,1,1,-1,1,1,1,1,-1,1,-1,-1,1,-1,1,-1,1,-1,-1,1,-1,1,-1,-1,-1,-1,1,-1,1,-1,1,1,-1,1,-1,1,-1,1,1,-1,1,-1,1,-1,-1,-1,-1,1,1,-1,-1,-1,-1,-1,1,-1,1,-1,-1,-1,-1,-1,-1,-1,1,-1,-1,-1,1,-1,-1,1,-1,-1,-1,-1,-1,1,1,-1,-1,-1,-1,-1,1,-1,-1,-1,1,-1,-1,1,-1,1,-1,-1,-1,-1,-1,-1,-1,1,-1,-1,-1,1,1,-1,-1,-1,-1,1,-1,-1,-1,-1,1,-1,-1,1,-1,1,-1,-1,-1,-1,1,-1,1,1,-1,1,-1,-1,1,1,-1,-1,-1,-1,-1,-1,1,1,-1,-1,1,-1,1,1,-1,-1,-1,1,-1,1,1,-1,-1,1,-1,-1,1,1,1,-1,1,-1,1,1,1,-1,-1,1,-1,-1,1,1,1,-1,1,-1,-1,1,1,-1,1,1,-1,-1,1,1,-1,1,1,-1,-1,1,1,-1,1,1,-1,-1,1,1,1,1,1,1,-1,-1,1,1,-1,1,-1,-1,1,-1,1,1,1,1,-1,-1,1,-1,1,1,1,-1,1,-1,1,1,-1,1,-1,1,1,1,1,1,1,1,-1,-1,1,1,1,-1,1,-1,1,1,1,1,1,-1,1,-1,1,1,-1,1,1,-1,1,1,-1,1,1,-1,-1,1,1,1,1,-1,1,-1,-1,1,1,-1,-1,1,-1,1,1,1,-1,1,-1,-1,-1,1,1,-1,-1,1,-1,-1,1,1,-1,-1,1,-1,-1,1,1,1,-1,1,-1,-1,1,1,-1,-1,-1,1,-1,1,1,-1,1,1,-1,1,1,-1,-1,1,-1,-1,-1,1,1,-1,1,1,-1,1,1,-1,-1,-1,-1,1,-1,-1,-1,-1,-1,-1,-1,1,1,-1,1,1,-1,1,1,1,1,-1,1,-1,1,1,1,-1,-1,1,-1,-1,1,1,-1,-1,1,-1,1,1,1,-1,-1,1,-1,1,1,1,1,-1,1,-1,-1,1,1,-1,-1,-1,1,-1,1,-1,1,-1,1,-1,-1,1,-2670.0,1,2000,445,1500,False
1293,1,1,-1,-1,1,1,-1,-1,1,1,1,-1,-1,1,1,1,-1,1,-1,-1,-1,-1,1,1,1,-1,-1,-1,1,1,1,1,1,-1,-1,-1,1,1,1,1,-1,-1,-1,1,1,1,1,-1,1,1,1,1,-1,1,-1,-1,1,-1,1,1,1,-1,-1,-1,1,1,1,1,-1,-1,-1,1,1,1,1,-1,-1,-1,1,1,1,-1,-1,-1,1,1,1,1,-1,-1,-1,1,1,1,1,-1,-1,1,1,-1,1,1,-1,-1,1,1,1,1,1,-1,-1,1,1,-1,1,1,-1,-1,1,1,1,1,1,1,-1,-1,1,1,-1,1,1,-1,1,1,1,1,1,1,-1,-1,1,1,1,1,1,-1,1,1,1,1,1,1,-1,-1,-1,1,1,1,1,-1,1,1,1,1,-1,1,-1,1,-1,1,1,1,-1,-1,1,1,1,1,1,-1,1,-1,-1,1,-1,1,-1,1,1,1,1,1,1,1,1,1,-1,1,-1,1,-1,1,1,-1,1,-1,1,1,-1,1,-1,1,-1,1,-1,1,1,-1,1,-1,1,1,1,1,-1,-1,1,1,-1,-1,1,-1,1,-1,-1,1,-1,1,-1,1,-1,1,-1,1,1,-1,1,-1,1,1,-1,1,-1,1,1,1,-1,1,1,-1,-1,-1,1,-1,1,-1,1,-1,1,1,-1,1,-1,-1,-1,1,1,-1,1,-1,-1,-1,1,1,-1,-1,1,1,-1,-1,1,1,-1,1,1,-1,1,1,1,1,-1,1,-1,1,1,-1,1,-1,1,-1,1,1,1,1,1,1,-1,-1,1,-1,-1,-1,1,1,-1,1,1,1,-1,1,1,1,1,1,1,-1,1,-1,1,1,1,-1,-1,1,-1,1,1,1,-1,1,1,-1,-1,1,1,1,-1,1,-1,1,1,1,-1,1,1,-1,1,1,1,-1,1,1,-1,1,1,1,-1,1,1,-1,-1,1,1,-1,1,1,-1,1,-1,1,-1,1,1,1,-1,1,1,1,1,1,1,-1,1,1,-1,1,-1,1,-1,-1,-1,-1,1,1,1,-1,1,1,-1,1,1,-1,-1,1,1,1,1,1,-1,1,1,1,-1,1,1,1,-1,-1,1,1,1,-1,1,-1,1,1,1,1,1,1,-1,-1,-1,1,-1,-1,1,1,-1,1,1,1,1,1,1,1,-1,1,-1,-1,1,-1,1,-1,1,1,-1,1,1,1,-1,-1,1,-1,1,1,1,-1,1,1,1,-1,1,1,-1,-1,1,-1,1,1,1,-1,1,1,1,1,1,1,-1,1,-1,1,1,1,-1,-1,1,-1,1,1,1,-1,-1,1,-1,1,1,1,-1,-1,1,1,-1,1,1,-1,-1,1,-1,1,1,1,1,-1,1,1,-1,1,1,1,-1,-1,-1,-1,1,1,-1,-1,1,-1,-1,1,-1,1,-1,-1,1,-1,1,-1,1,-1,-1,1,-1,-1,1,1,1,-1,1,-1,1,-1,-1,1,1,-1,-1,-1,1,-1,-1,1,1,1,-1,1,-1,1,1,1,-1,1,1,-1,1,-1,1,-1,-1,1,-1,-1,1,1,1,-1,1,-1,-1,1,1,-1,-1,1,-1,-1,1,1,-1,-1,1,-1,-1,-1,1,1,-1,1,1,-1,-1,1,-1,-1,1,-1,1,-1,1,1,-1,-1,1,-1,-1,-1,-1,-1,1,1,1,-1,-1,1,-1,-1,1,-1,-1,1,-1,-1,-1,1,-1,-1,1,1,-1,1,1,-1,1,-1,1,-1,-1,1,1,-1,-1,-1,-1,1,1,-1,-1,1,-1,-1,-1,1,1,-1,-1,-1,-1,-1,1,-1,-1,-1,-1,-1,1,1,1,-1,-1,-1,-1,-1,1,1,-1,-1,-1,-1,-1,1,1,1,-1,-1,-1,-1,1,1,-1,-1,-1,-1,1,1,1,1,-1,-1,1,1,1,1,1,-1,-1,-1,1,1,1,1,1,-1,1,1,1,1,-1,1,-1,-1,1,-1,1,-1,1,-1,-1,1,-1,1,-1,-1,-1,-1,1,-1,1,-1,1,-1,-1,1,-1,1,-1,1,-1,-1,1,-1,1,-1,-1,-1,-1,1,1,-1,-1,-1,-1,-1,1,-1,1,-1,-1,-1,-1,-1,-1,-1,1,-1,-1,-1,1,-1,-1,1,-1,-1,-1,-1,-1,1,1,-1,-1,-1,-1,-1,1,-1,-1,-1,1,-1,-1,1,-1,1,-1,-1,-1,-1,-1,-1,-1,1,-1,-1,-1,1,1,-1,-1,-1,1,1,-1,-1,-1,-1,1,-1,-1,1,-1,1,-1,-1,-1,-1,1,-1,1,1,-1,1,-1,-1,1,1,-1,-1,-1,-1,-1,-1,1,1,-1,-1,1,-1,1,1,-1,-1,-1,1,-1,1,1,-1,-1,1,-1,-1,1,1,1,-1,1,-1,1,1,1,-1,-1,1,-1,-1,1,1,1,-1,1,-1,-1,1,1,-1,1,1,-1,-1,1,1,1,1,1,-1,-1,1,1,1,1,1,-1,-1,1,1,1,1,1,1,-1,-1,1,1,1,1,-1,-1,1,-1,1,1,1,1,-1,-1,1,-1,1,1,1,-1,1,1,1,1,-1,1,-1,1,1,1,1,1,1,1,-1,1,1,1,1,-1,1,-1,1,1,1,1,1,-1,1,1,1,1,-1,1,1,-1,1,1,-1,1,1,-1,-1,1,1,1,1,-1,1,-1,1,1,1,-1,-1,1,-1,1,1,1,-1,1,-1,-1,-1,1,1,-1,-1,1,-1,-1,1,1,-1,-1,1,-1,-1,1,1,1,-1,1,-1,-1,1,1,-1,-1,-1,1,-1,1,1,-1,1,1,-1,1,1,-1,-1,1,-1,-1,-1,1,1,-1,1,1,-1,1,1,-1,-1,-1,-1,1,-1,-1,-1,-1,1,-1,-1,1,1,-1,1,1,-1,1,1,1,1,-1,1,-1,1,1,1,1,-1,1,-1,-1,1,1,1,-1,1,-1,1,1,1,1,-1,1,-1,1,1,1,-1,-1,1,-1,-1,1,1,-1,-1,-1,1,-1,1,-1,1,-1,1,-1,-1,1,-2670.0,1,2000,445,1500,False
1294,1,1,-1,-1,1,-1,-1,-1,1,1,1,-1,1,1,1,1,-1,1,-1,-1,-1,-1,1,1,1,-1,1,-1,1,1,1,1,1,-1,-1,-1,1,-1,1,1,-1,-1,-1,1,1,1,1,-1,1,1,1,1,-1,1,-1,-1,1,-1,1,1,1,-1,-1,-1,1,1,1,1,-1,-1,-1,1,1,1,1,-1,-1,-1,1,1,1,-1,-1,-1,1,1,1,1,-1,-1,-1,1,1,1,1,-1,-1,1,1,-1,1,1,-1,-1,1,1,1,1,1,-1,-1,-1,1,1,1,1,-1,-1,1,1,1,1,1,1,-1,-1,1,1,-1,1,1,-1,1,1,1,1,1,1,-1,1,1,1,1,1,1,-1,1,1,1,1,1,1,-1,-1,-1,1,1,1,1,-1,1,1,1,1,-1,1,-1,1,-1,1,1,1,-1,-1,1,1,1,1,1,-1,1,-1,-1,1,-1,1,-1,1,1,1,1,1,1,1,1,1,-1,1,-1,1,-1,1,1,-1,1,-1,1,1,-1,1,-1,1,-1,1,-1,1,1,-1,1,-1,1,1,1,1,-1,-1,1,1,-1,-1,1,-1,1,-1,-1,1,-1,1,-1,1,-1,1,-1,1,1,-1,-1,-1,1,1,-1,1,-1,1,1,1,-1,1,1,-1,1,-1,1,-1,1,-1,1,-1,1,1,-1,1,-1,-1,-1,1,1,-1,1,-1,-1,-1,1,1,-1,-1,1,1,-1,-1,1,1,-1,1,1,-1,1,1,1,1,-1,1,-1,1,1,-1,1,-1,1,1,1,1,1,-1,-1,1,-1,-1,1,-1,-1,1,1,1,-1,1,1,1,-1,1,1,1,1,1,1,-1,1,-1,1,1,1,1,-1,1,-1,1,1,1,-1,1,1,-1,-1,1,1,1,-1,1,-1,1,1,1,-1,1,1,-1,1,1,1,-1,1,1,-1,1,1,1,1,1,1,-1,-1,1,1,-1,1,1,-1,1,-1,1,-1,1,1,1,-1,1,1,1,1,1,1,-1,1,1,-1,1,1,1,-1,-1,-1,-1,1,1,1,-1,1,1,-1,1,1,-1,-1,1,1,1,1,1,-1,1,1,1,-1,1,1,1,-1,-1,1,1,1,-1,1,-1,1,1,1,1,1,1,-1,-1,-1,1,-1,-1,1,1,-1,1,1,1,1,1,1,1,-1,1,-1,-1,1,-1,1,-1,1,1,1,1,1,1,-1,-1,1,-1,1,1,1,-1,1,1,1,-1,1,1,-1,-1,1,-1,1,1,1,-1,1,1,1,1,1,1,-1,1,-1,-1,1,1,-1,-1,1,-1,-1,1,1,-1,-1,1,-1,1,1,1,-1,-1,1,-1,-1,1,1,-1,-1,1,-1,1,1,1,1,-1,1,1,-1,-1,1,1,-1,-1,1,1,-1,1,-1,-1,1,1,-1,1,-1,1,-1,-1,1,-1,1,-1,1,1,-1,1,-1,-1,1,1,1,-1,1,-1,1,-1,1,-1,1,-1,-1,-1,1,-1,-1,-1,1,1,-1,1,-1,1,1,1,-1,1,1,-1,-1,-1,1,-1,-1,1,-1,-1,1,1,1,-1,1,-1,-1,1,1,-1,-1,1,-1,-1,1,1,-1,-1,1,-1,-1,-1,1,1,-1,1,-1,-1,-1,1,-1,-1,1,-1,1,-1,1,1,-1,-1,1,-1,-1,-1,-1,-1,1,1,1,-1,1,1,-1,-1,1,-1,-1,-1,-1,-1,1,1,-1,-1,-1,-1,-1,1,1,-1,1,1,-1,-1,-1,1,1,-1,-1,-1,-1,-1,1,-1,-1,1,-1,-1,-1,1,1,-1,-1,-1,-1,-1,1,-1,-1,1,-1,-1,1,1,1,-1,1,-1,-1,-1,1,1,-1,-1,-1,-1,-1,1,1,1,-1,-1,-1,-1,1,1,-1,-1,-1,-1,1,1,1,1,-1,-1,1,1,1,1,1,-1,-1,-1,1,1,1,-1,1,-1,1,1,1,1,-1,1,-1,-1,1,-1,1,-1,1,-1,-1,1,-1,1,-1,-1,-1,-1,1,-1,1,-1,1,1,-1,1,-1,1,-1,1,1,-1,1,-1,1,-1,-1,-1,-1,1,1,-1,-1,-1,-1,-1,1,-1,1,-1,-1,-1,-1,-1,-1,-1,1,-1,-1,-1,1,-1,-1,1,-1,-1,-1,-1,-1,1,1,-1,-1,-1,-1,-1,1,-1,-1,-1,1,-1,-1,1,-1,1,-1,-1,-1,-1,-1,-1,-1,1,-1,-1,-1,1,1,1,-1,-1,1,-1,-1,-1,-1,-1,1,-1,-1,1,1,1,-1,-1,-1,-1,1,-1,1,1,-1,1,-1,-1,1,1,-1,-1,-1,-1,-1,-1,1,1,-1,-1,1,-1,1,1,-1,-1,-1,1,-1,1,1,-1,-1,1,-1,-1,1,1,1,-1,1,-1,1,1,1,-1,-1,1,-1,-1,1,1,1,-1,1,-1,-1,1,1,-1,1,1,-1,-1,1,1,1,1,1,-1,-1,1,1,1,1,1,-1,-1,1,1,1,1,1,1,-1,-1,1,1,1,1,-1,-1,1,-1,1,1,1,1,-1,-1,1,-1,1,1,1,-1,1,1,1,1,-1,1,-1,1,1,1,1,1,1,1,-1,1,1,1,1,-1,1,-1,1,1,1,1,1,-1,1,1,1,1,-1,-1,1,-1,1,1,-1,1,1,-1,-1,1,1,1,-1,1,1,-1,1,1,1,-1,-1,1,-1,1,1,1,-1,1,-1,-1,-1,1,1,-1,-1,1,-1,-1,1,1,-1,-1,1,-1,-1,1,1,1,1,-1,-1,-1,1,1,-1,-1,1,1,-1,-1,1,-1,1,1,-1,1,1,-1,-1,1,-1,-1,-1,1,1,-1,1,1,-1,1,1,-1,-1,-1,-1,1,-1,-1,-1,-1,1,-1,-1,1,1,-1,1,1,-1,1,1,1,1,-1,1,-1,1,1,1,-1,-1,1,-1,-1,-1,1,-1,-1,1,-1,1,1,1,-1,-1,1,-1,1,1,1,1,-1,1,-1,-1,1,1,-1,-1,-1,1,-1,1,1,1,-1,1,-1,-1,1,-2670.0,1,2000,445,1500,False
1295,1,1,-1,-1,1,-1,-1,-1,1,1,1,-1,1,1,1,1,-1,1,-1,-1,-1,-1,1,1,1,-1,1,-1,1,1,1,1,-1,-1,-1,-1,1,1,1,1,-1,-1,-1,1,1,1,1,-1,1,1,1,1,-1,1,-1,-1,1,-1,1,1,1,-1,-1,-1,1,1,1,1,-1,-1,-1,1,1,1,1,-1,-1,-1,1,1,1,-1,-1,-1,1,1,1,1,-1,-1,1,1,1,1,1,-1,-1,-1,1,-1,1,1,-1,-1,1,1,1,1,1,-1,-1,-1,1,1,1,1,-1,-1,1,1,1,1,1,1,-1,-1,1,1,-1,1,1,-1,1,1,1,1,1,1,-1,1,1,1,1,1,1,-1,1,1,1,1,1,1,-1,-1,-1,1,1,1,1,-1,1,1,1,1,-1,1,-1,1,-1,1,1,1,-1,-1,1,1,1,1,1,-1,1,-1,-1,1,-1,1,-1,1,1,1,1,1,1,1,1,1,1,1,-1,1,-1,1,1,-1,1,-1,1,1,-1,1,-1,1,-1,1,-1,1,1,-1,1,-1,1,1,1,1,-1,-1,1,1,-1,-1,1,-1,1,-1,1,1,-1,1,-1,1,-1,1,-1,-1,1,-1,-1,-1,1,1,-1,1,-1,1,1,1,-1,1,1,-1,-1,-1,1,-1,1,-1,1,-1,1,1,-1,1,-1,-1,-1,1,1,-1,1,-1,-1,-1,1,1,-1,-1,1,1,-1,-1,1,1,-1,1,1,-1,1,1,1,1,-1,1,-1,1,1,-1,1,-1,1,-1,1,1,1,1,1,1,-1,-1,1,-1,-1,-1,1,1,-1,1,1,1,-1,1,1,1,1,1,1,1,1,-1,1,1,1,-1,1,1,-1,1,1,1,-1,1,1,-1,-1,1,1,1,-1,1,-1,1,1,1,-1,1,1,-1,1,1,1,-1,1,1,-1,1,1,1,-1,1,1,-1,-1,1,1,-1,1,1,-1,1,-1,1,-1,1,1,1,-1,1,1,1,-1,1,1,-1,1,1,-1,1,1,1,-1,-1,-1,-1,1,1,1,-1,1,1,-1,1,1,-1,-1,1,1,1,1,1,-1,1,1,1,-1,1,1,1,-1,-1,1,1,1,-1,1,-1,1,1,1,-1,1,1,-1,-1,-1,1,-1,-1,1,-1,1,-1,1,-1,1,1,1,-1,-1,1,-1,-1,1,-1,1,-1,1,1,1,1,-1,1,-1,-1,1,-1,1,1,-1,-1,1,1,1,-1,1,-1,-1,-1,1,-1,1,1,-1,-1,1,1,1,1,-1,1,-1,1,-1,-1,1,-1,-1,-1,1,-1,1,1,-1,-1,-1,1,-1,1,1,1,-1,-1,1,-1,-1,1,-1,-1,-1,1,-1,1,1,1,-1,-1,1,-1,-1,1,-1,-1,-1,-1,-1,-1,1,-1,-1,-1,1,-1,-1,1,-1,-1,-1,-1,1,-1,1,-1,-1,-1,-1,1,-1,-1,1,1,1,-1,1,-1,1,-1,1,1,1,-1,-1,-1,1,-1,-1,1,1,1,-1,1,-1,1,1,1,-1,1,1,-1,1,-1,1,-1,-1,1,-1,-1,1,1,1,-1,1,-1,-1,1,1,-1,-1,1,-1,-1,1,1,-1,-1,1,-1,-1,-1,1,1,-1,1,1,-1,-1,1,-1,-1,1,-1,1,-1,1,1,-1,-1,1,-1,-1,-1,-1,-1,1,1,1,-1,-1,1,-1,-1,1,-1,-1,1,-1,-1,1,1,-1,-1,1,-1,-1,1,1,-1,1,-1,1,-1,-1,1,1,-1,-1,-1,-1,1,1,-1,-1,1,-1,-1,-1,1,1,-1,-1,-1,-1,-1,1,-1,-1,-1,-1,-1,1,1,1,-1,-1,-1,-1,-1,1,1,-1,-1,-1,-1,-1,1,1,1,-1,-1,-1,-1,1,1,1,-1,-1,-1,1,1,1,1,1,-1,1,1,1,1,1,1,-1,-1,1,1,1,-1,1,-1,1,1,1,1,-1,1,-1,-1,1,-1,1,-1,1,-1,-1,1,-1,1,1,1,-1,-1,1,-1,1,-1,1,-1,-1,1,-1,1,1,1,-1,-1,1,-1,1,1,1,-1,-1,1,1,-1,1,1,-1,-1,1,-1,1,-1,1,-1,-1,-1,-1,-1,1,1,-1,-1,1,-1,-1,1,1,-1,-1,-1,-1,1,-1,1,-1,-1,-1,-1,1,1,-1,-1,1,-1,-1,1,-1,1,-1,-1,-1,-1,-1,1,1,1,-1,-1,-1,1,1,1,-1,-1,-1,1,-1,-1,1,-1,1,-1,-1,1,1,1,-1,-1,-1,-1,1,-1,1,1,-1,1,-1,-1,1,1,-1,-1,-1,-1,-1,-1,1,1,-1,-1,1,-1,1,1,-1,-1,-1,1,-1,1,1,-1,-1,1,-1,-1,1,1,1,-1,1,-1,1,1,1,-1,-1,1,-1,-1,1,1,1,-1,1,-1,-1,1,1,-1,1,1,-1,-1,1,1,1,1,1,-1,-1,1,1,-1,1,1,-1,-1,1,1,1,1,-1,1,-1,-1,1,1,-1,1,-1,-1,1,-1,1,1,1,1,-1,-1,1,-1,1,1,1,-1,1,1,1,1,-1,1,-1,1,1,1,1,1,1,1,-1,1,1,1,1,-1,1,-1,1,1,1,1,1,-1,1,1,1,1,-1,1,1,-1,1,1,-1,1,1,-1,-1,1,1,1,1,-1,1,-1,1,1,1,-1,-1,1,-1,1,1,1,-1,1,-1,-1,-1,1,1,-1,-1,1,-1,-1,1,1,-1,-1,1,-1,-1,1,1,1,-1,1,-1,-1,1,1,-1,-1,-1,1,-1,-1,1,-1,1,1,-1,1,1,-1,-1,1,1,-1,-1,1,1,-1,1,1,-1,1,1,-1,-1,-1,-1,1,-1,-1,-1,-1,-1,1,-1,1,1,-1,1,1,-1,1,1,1,1,-1,1,-1,1,1,1,-1,-1,1,-1,-1,1,1,-1,-1,1,-1,1,1,1,-1,-1,1,-1,1,1,1,1,-1,1,-1,-1,1,1,1,-1,-1,1,-1,1,-1,1,-1,1,-1,1,1,-2670.0,1,2000,445,1000,False
1296,1,1,-1,-1,1,1,-1,-1,1,1,1,-1,1,1,1,1,-1,1,-1,-1,-1,-1,1,1,1,-1,1,-1,1,1,1,1,1,-1,-1,-1,1,-1,1,1,-1,-1,-1,1,1,1,1,-1,1,1,1,1,-1,1,-1,-1,1,-1,1,1,-1,-1,-1,-1,1,1,1,1,-1,-1,-1,1,1,1,1,-1,-1,-1,1,1,1,-1,-1,-1,1,1,1,1,-1,-1,-1,1,1,1,1,-1,-1,1,1,-1,1,1,-1,-1,1,1,1,1,1,-1,-1,1,1,-1,1,1,-1,-1,1,1,1,1,1,1,-1,-1,1,1,-1,1,1,-1,1,1,1,1,1,1,-1,-1,1,1,1,1,1,-1,1,1,1,1,1,1,-1,-1,-1,1,1,1,1,-1,1,1,1,1,-1,1,-1,1,-1,1,1,1,-1,-1,1,1,1,1,1,-1,1,-1,-1,1,-1,1,-1,1,1,1,1,1,1,1,1,1,-1,1,-1,1,-1,1,1,-1,1,-1,1,1,-1,1,-1,1,-1,1,-1,1,1,-1,-1,-1,1,1,1,1,-1,-1,1,1,-1,-1,1,-1,1,-1,1,1,-1,1,-1,1,-1,1,-1,1,1,-1,-1,-1,1,1,-1,1,-1,1,1,1,-1,1,1,-1,1,-1,1,-1,1,-1,1,-1,1,1,-1,1,-1,-1,-1,1,1,-1,1,-1,-1,-1,1,1,-1,-1,1,1,-1,-1,1,1,-1,1,1,-1,1,1,1,1,-1,1,-1,1,1,-1,1,-1,1,1,-1,1,1,1,1,1,-1,-1,1,-1,-1,-1,1,1,-1,1,1,1,-1,1,-1,-1,1,1,1,-1,1,-1,1,1,1,-1,-1,1,-1,1,1,1,-1,1,1,-1,-1,1,1,1,-1,1,-1,1,1,1,-1,1,1,-1,1,1,1,-1,1,-1,-1,1,1,1,-1,1,-1,-1,-1,1,1,-1,1,-1,-1,1,-1,1,-1,1,1,-1,-1,1,1,1,1,1,-1,-1,1,1,-1,1,-1,-1,-1,-1,-1,-1,1,1,-1,-1,1,1,-1,1,-1,1,-1,1,1,1,1,-1,-1,1,1,1,-1,1,-1,-1,-1,-1,1,1,1,1,-1,-1,1,1,1,1,-1,-1,1,-1,-1,1,-1,1,-1,-1,1,-1,1,1,-1,-1,1,1,-1,1,-1,1,-1,-1,1,-1,1,1,-1,-1,-1,1,-1,-1,1,1,-1,-1,1,-1,1,1,-1,1,-1,1,-1,-1,1,1,-1,-1,1,-1,1,1,-1,-1,1,1,-1,1,-1,1,-1,1,-1,-1,1,-1,1,-1,1,-1,-1,1,-1,-1,-1,1,-1,-1,1,-1,1,-1,1,-1,-1,1,-1,-1,1,-1,1,-1,1,-1,1,-1,1,1,-1,-1,-1,1,-1,1,-1,-1,1,-1,1,1,1,1,-1,-1,1,1,-1,1,1,-1,-1,1,1,1,-1,1,1,-1,1,1,1,1,-1,-1,1,-1,-1,-1,1,-1,-1,1,-1,1,-1,1,-1,1,-1,-1,-1,1,1,-1,1,1,-1,-1,-1,1,-1,1,1,-1,1,-1,1,-1,-1,-1,-1,-1,-1,1,-1,-1,-1,-1,-1,-1,1,-1,1,1,1,1,-1,1,-1,1,1,-1,-1,-1,1,-1,-1,1,-1,1,-1,-1,1,1,1,1,-1,-1,1,1,1,1,-1,1,-1,-1,1,1,1,-1,-1,-1,1,1,1,1,-1,1,-1,1,-1,1,-1,1,1,-1,-1,1,1,1,-1,-1,-1,1,1,1,1,1,-1,-1,-1,1,1,1,1,-1,-1,-1,1,-1,1,-1,-1,-1,-1,1,1,1,1,-1,-1,1,1,1,1,1,-1,-1,-1,1,1,-1,1,-1,-1,-1,1,1,1,1,-1,-1,1,1,1,1,-1,-1,1,1,-1,1,1,-1,-1,-1,1,1,1,1,1,-1,1,1,1,1,1,-1,-1,-1,1,-1,1,-1,-1,-1,-1,1,-1,1,1,1,-1,-1,1,-1,1,1,-1,1,-1,1,1,1,1,-1,1,-1,1,-1,1,1,-1,-1,-1,1,1,-1,-1,-1,-1,-1,1,-1,1,-1,-1,-1,-1,-1,-1,-1,1,-1,-1,-1,1,-1,-1,1,-1,-1,-1,-1,-1,-1,1,-1,-1,-1,-1,-1,1,-1,-1,-1,1,-1,-1,1,-1,1,-1,-1,-1,-1,-1,-1,-1,1,-1,-1,-1,1,1,1,-1,-1,-1,1,-1,-1,-1,-1,1,-1,-1,1,1,1,-1,-1,-1,-1,1,-1,1,1,-1,1,-1,-1,1,1,-1,-1,-1,-1,-1,-1,1,1,-1,-1,1,-1,1,1,-1,-1,-1,1,-1,1,1,-1,-1,1,-1,-1,1,1,1,-1,1,-1,1,1,1,-1,-1,1,-1,-1,1,1,1,-1,1,-1,-1,1,1,-1,1,1,-1,-1,1,1,1,1,1,-1,-1,1,1,1,1,1,-1,-1,1,1,1,1,1,1,-1,-1,1,1,-1,1,-1,-1,1,-1,1,1,1,1,-1,-1,1,-1,1,1,1,-1,1,1,1,1,-1,1,-1,1,1,1,1,1,1,1,-1,1,1,1,1,-1,1,-1,1,1,1,1,1,-1,1,1,1,1,-1,1,1,-1,1,1,-1,1,1,-1,-1,1,1,1,1,-1,1,-1,1,1,1,-1,-1,1,-1,1,1,1,-1,1,-1,-1,-1,1,1,-1,-1,1,-1,-1,1,1,-1,-1,1,-1,-1,-1,1,1,-1,1,-1,-1,1,1,-1,-1,-1,1,-1,-1,1,-1,1,1,-1,1,1,-1,-1,1,-1,-1,-1,1,1,-1,1,1,-1,1,1,-1,-1,1,-1,1,-1,-1,-1,-1,1,-1,-1,1,1,-1,1,1,-1,1,1,1,1,-1,1,-1,1,1,1,1,-1,1,-1,-1,1,1,1,-1,1,-1,1,1,1,1,-1,1,-1,1,1,1,-1,-1,1,-1,-1,1,1,-1,-1,-1,1,-1,1,-1,1,-1,1,-1,-1,1,-2670.0,1,2000,445,1000,False
1297,1,1,-1,-1,1,1,-1,-1,1,1,1,-1,-1,1,1,1,-1,1,-1,-1,-1,-1,1,1,1,-1,-1,-1,1,1,1,1,1,-1,-1,-1,1,-1,1,1,-1,-1,-1,1,1,1,1,-1,1,1,1,1,-1,1,-1,-1,1,-1,1,1,1,-1,-1,-1,1,1,1,1,-1,-1,-1,1,1,1,1,-1,-1,-1,1,1,1,-1,-1,-1,1,1,1,1,-1,-1,-1,1,1,1,1,-1,-1,1,1,-1,1,1,-1,-1,1,1,1,1,1,-1,-1,-1,1,-1,1,1,-1,-1,1,1,1,1,1,1,-1,-1,1,1,-1,1,1,-1,1,1,1,1,1,1,-1,1,1,1,1,1,1,-1,1,1,1,1,1,1,-1,-1,-1,1,1,1,1,-1,1,1,1,1,-1,1,-1,1,1,1,1,1,-1,-1,1,1,1,1,1,-1,1,-1,-1,1,-1,1,-1,1,1,1,1,1,1,1,1,1,-1,1,-1,1,-1,1,1,-1,1,-1,1,1,-1,1,-1,1,-1,1,-1,1,1,-1,1,-1,1,1,1,1,-1,-1,1,1,-1,-1,1,-1,1,-1,-1,1,-1,1,-1,1,-1,1,-1,1,1,-1,-1,-1,1,1,-1,1,-1,1,1,1,-1,1,-1,-1,-1,-1,1,-1,1,1,1,-1,1,1,-1,1,-1,-1,-1,1,1,-1,1,-1,-1,-1,1,1,-1,-1,1,1,-1,-1,1,1,-1,1,1,-1,1,1,1,1,-1,1,-1,1,1,-1,1,-1,1,-1,1,1,1,1,1,1,-1,-1,1,-1,-1,-1,1,1,-1,1,1,1,-1,1,1,1,1,1,1,1,1,-1,1,1,1,-1,-1,1,-1,1,1,1,-1,1,1,-1,-1,1,1,1,-1,1,-1,1,1,1,-1,1,1,-1,1,1,1,-1,1,1,-1,1,1,1,-1,1,1,-1,-1,1,1,-1,1,1,-1,1,-1,1,-1,1,1,1,-1,1,1,1,-1,1,1,-1,1,1,-1,1,1,1,-1,-1,-1,-1,1,1,1,-1,1,1,-1,1,1,-1,-1,1,1,1,1,1,-1,1,1,1,-1,1,1,1,-1,-1,1,1,1,-1,1,-1,1,1,1,1,1,1,-1,-1,-1,1,-1,-1,1,1,-1,1,1,-1,1,1,1,1,-1,1,-1,-1,1,-1,1,-1,1,1,1,1,1,1,-1,-1,1,-1,1,1,1,-1,1,1,1,-1,1,1,-1,-1,1,-1,1,1,1,-1,1,1,1,1,1,1,-1,1,-1,-1,1,1,-1,-1,1,-1,-1,1,1,-1,-1,1,-1,1,1,1,-1,-1,1,-1,-1,1,1,-1,-1,1,-1,1,1,1,1,-1,1,1,-1,-1,1,1,-1,-1,1,1,-1,1,-1,-1,1,-1,-1,1,-1,1,-1,-1,1,-1,1,-1,1,-1,-1,1,-1,-1,1,1,1,-1,1,-1,1,-1,1,-1,1,-1,-1,-1,1,-1,-1,1,1,1,-1,1,-1,1,1,1,-1,1,1,-1,1,-1,1,-1,1,1,-1,-1,1,1,1,-1,1,-1,-1,1,1,-1,-1,1,-1,-1,1,1,-1,-1,1,-1,-1,-1,1,1,-1,1,1,-1,-1,1,-1,-1,1,-1,1,-1,1,1,-1,-1,1,-1,-1,-1,-1,-1,-1,1,1,-1,1,1,-1,1,1,-1,1,-1,-1,-1,1,1,-1,-1,-1,1,-1,1,1,-1,1,1,1,-1,-1,1,1,-1,-1,-1,-1,1,1,-1,-1,1,-1,-1,-1,1,1,-1,-1,-1,-1,-1,1,-1,-1,1,-1,-1,1,1,1,-1,1,-1,-1,-1,1,1,-1,-1,-1,-1,-1,1,1,1,-1,-1,-1,-1,1,1,-1,-1,-1,-1,1,1,1,1,-1,-1,1,1,1,1,1,-1,-1,-1,1,1,1,1,1,-1,1,1,1,1,-1,1,-1,-1,1,-1,1,-1,1,-1,-1,1,-1,1,-1,-1,-1,-1,1,-1,1,-1,1,1,-1,1,-1,1,-1,1,1,-1,1,-1,1,-1,-1,-1,-1,1,1,-1,-1,-1,-1,-1,1,-1,1,-1,-1,-1,-1,-1,-1,-1,1,-1,-1,-1,1,-1,-1,1,-1,-1,-1,-1,-1,1,1,-1,-1,-1,-1,-1,1,-1,-1,-1,1,-1,-1,1,-1,1,-1,-1,-1,-1,-1,-1,-1,1,-1,-1,-1,1,1,-1,-1,-1,1,-1,-1,-1,-1,-1,1,-1,-1,1,1,1,-1,-1,-1,-1,1,-1,1,1,-1,1,-1,-1,1,1,-1,-1,-1,-1,-1,-1,1,1,-1,-1,1,-1,1,1,-1,-1,-1,1,-1,1,1,-1,-1,1,-1,-1,1,1,1,-1,1,-1,1,1,1,-1,-1,1,-1,-1,1,1,1,-1,1,-1,-1,1,1,-1,1,1,-1,-1,1,1,-1,1,1,-1,-1,1,1,1,1,1,-1,-1,1,1,1,1,1,1,-1,-1,1,1,-1,1,-1,-1,1,-1,1,1,1,1,-1,-1,1,-1,1,1,1,-1,1,1,1,1,-1,1,-1,1,1,1,1,1,1,1,-1,1,1,1,1,-1,1,-1,1,1,1,1,1,-1,1,1,1,1,-1,1,1,-1,1,1,-1,1,1,-1,-1,1,1,1,1,-1,1,-1,1,1,1,-1,-1,1,-1,1,1,1,-1,1,-1,-1,-1,1,1,-1,-1,1,-1,-1,1,1,1,-1,1,-1,-1,1,1,1,-1,1,-1,-1,1,1,-1,-1,-1,1,-1,1,1,-1,1,1,-1,1,1,-1,-1,1,1,-1,-1,1,1,-1,1,1,-1,1,1,-1,-1,-1,-1,1,-1,-1,-1,-1,1,-1,-1,1,1,-1,1,1,-1,1,1,1,1,-1,1,-1,1,1,1,-1,-1,1,-1,1,-1,1,-1,1,1,-1,-1,1,1,-1,-1,1,-1,1,1,1,1,-1,1,-1,-1,1,1,-1,-1,1,1,-1,1,-1,1,-1,1,-1,-1,1,-2670.0,1,2000,445,1500,False
1298,1,1,-1,-1,1,1,-1,-1,1,1,1,-1,1,1,1,1,-1,1,-1,-1,1,-1,1,1,1,-1,1,-1,1,1,1,1,1,-1,-1,-1,1,1,1,-1,-1,-1,-1,1,1,1,1,-1,1,1,1,1,-1,1,-1,-1,1,-1,1,1,1,-1,-1,-1,1,1,1,1,-1,-1,-1,1,1,1,1,-1,-1,-1,1,1,1,-1,-1,-1,1,1,1,1,-1,1,-1,1,1,1,1,-1,-1,1,1,-1,1,1,-1,-1,1,1,1,1,1,-1,-1,1,1,-1,1,1,-1,-1,1,1,1,1,1,1,-1,1,1,1,-1,1,1,-1,1,1,1,1,1,1,-1,-1,1,1,1,1,1,-1,1,1,1,1,1,1,-1,-1,-1,1,1,1,1,-1,1,1,1,1,-1,1,-1,1,-1,1,1,1,-1,-1,1,1,1,1,1,-1,1,-1,-1,1,-1,1,-1,1,1,1,1,1,1,1,1,1,-1,1,-1,1,-1,1,1,-1,1,-1,1,1,-1,1,-1,1,-1,1,-1,1,1,-1,-1,-1,1,1,1,1,-1,-1,1,1,-1,-1,1,-1,1,-1,-1,1,1,1,-1,1,-1,1,-1,1,1,-1,-1,-1,1,1,-1,1,-1,1,1,1,-1,1,1,-1,1,-1,1,-1,1,-1,1,-1,1,1,-1,1,-1,-1,-1,1,1,-1,1,-1,-1,-1,1,1,-1,-1,1,1,-1,-1,1,1,-1,1,1,-1,1,1,1,-1,-1,1,-1,1,1,-1,1,-1,1,-1,1,1,1,-1,-1,1,-1,-1,1,-1,1,-1,1,1,-1,1,1,1,-1,1,1,1,1,1,-1,-1,1,-1,1,1,1,1,-1,1,-1,1,1,1,-1,1,1,-1,-1,1,1,-1,-1,1,-1,1,1,1,1,1,1,-1,1,1,1,1,1,1,-1,1,1,1,1,1,1,-1,-1,1,1,1,1,1,-1,1,-1,1,-1,1,1,1,-1,1,1,1,1,1,1,-1,1,1,1,-1,1,1,-1,-1,-1,-1,1,1,1,-1,1,1,-1,1,1,-1,-1,1,1,1,1,1,-1,1,1,1,-1,1,1,1,1,-1,1,1,1,-1,1,-1,1,-1,1,1,1,1,-1,1,-1,1,-1,-1,1,1,-1,1,-1,1,1,1,1,1,-1,1,-1,-1,1,-1,1,-1,1,-1,-1,1,1,1,-1,-1,1,-1,1,1,1,-1,1,1,1,-1,1,1,-1,1,-1,-1,1,1,1,1,-1,-1,1,1,1,1,-1,1,-1,-1,1,1,-1,1,1,-1,1,1,1,-1,-1,1,-1,1,1,1,-1,1,-1,1,-1,1,1,-1,-1,1,-1,1,1,1,1,-1,1,-1,-1,1,1,1,-1,-1,-1,1,1,1,-1,-1,1,-1,-1,1,-1,1,-1,-1,1,-1,1,-1,1,-1,-1,1,-1,-1,1,1,1,-1,1,-1,1,-1,-1,1,1,-1,-1,-1,1,-1,-1,1,1,1,-1,1,-1,1,1,1,-1,1,1,-1,1,-1,1,-1,-1,1,-1,-1,1,1,1,-1,1,-1,-1,1,1,-1,-1,1,-1,-1,1,1,-1,-1,1,-1,-1,-1,1,1,-1,1,1,-1,-1,1,-1,-1,1,-1,1,-1,1,1,-1,-1,1,-1,-1,-1,-1,-1,1,1,1,-1,-1,1,-1,-1,1,-1,-1,1,-1,-1,1,1,-1,-1,1,1,-1,1,1,-1,1,-1,1,-1,-1,1,1,-1,-1,-1,-1,1,1,-1,-1,1,-1,-1,-1,1,1,-1,-1,-1,-1,-1,1,-1,-1,-1,-1,-1,-1,1,1,-1,-1,-1,-1,1,1,1,-1,-1,-1,-1,-1,1,1,1,-1,-1,-1,-1,1,1,-1,-1,-1,-1,1,1,1,1,-1,-1,1,1,1,1,1,-1,-1,-1,1,1,1,-1,1,-1,1,1,1,1,-1,1,-1,-1,1,-1,1,-1,1,-1,-1,1,-1,1,-1,-1,-1,-1,1,-1,1,-1,1,-1,-1,1,-1,1,-1,1,-1,-1,1,-1,1,-1,-1,-1,-1,1,1,-1,-1,-1,-1,-1,1,-1,1,-1,-1,-1,-1,-1,-1,-1,1,-1,-1,-1,1,-1,-1,1,-1,-1,-1,-1,-1,1,1,-1,-1,-1,-1,-1,1,-1,-1,-1,1,-1,-1,1,-1,1,-1,-1,-1,-1,-1,-1,-1,1,-1,-1,-1,-1,1,-1,-1,-1,1,-1,-1,-1,-1,-1,1,-1,-1,1,1,1,-1,-1,-1,-1,1,1,1,1,-1,1,-1,-1,-1,1,-1,-1,-1,-1,-1,-1,1,1,-1,-1,1,-1,1,1,-1,-1,-1,1,-1,1,1,-1,-1,1,-1,-1,1,1,1,-1,1,-1,1,1,1,-1,-1,1,-1,-1,1,1,1,-1,1,-1,-1,1,1,-1,1,1,-1,-1,1,1,1,1,1,-1,-1,1,1,-1,1,1,-1,-1,1,1,1,1,-1,1,-1,1,1,1,1,1,-1,-1,1,-1,1,1,1,1,-1,-1,1,-1,1,-1,1,-1,1,1,1,1,-1,1,-1,1,1,1,1,1,1,-1,-1,1,1,1,1,-1,1,-1,1,1,1,1,-1,1,-1,1,1,1,-1,-1,1,-1,1,1,-1,1,-1,-1,-1,1,1,1,-1,1,-1,-1,1,1,1,-1,-1,-1,-1,1,1,1,-1,1,-1,-1,-1,1,1,-1,1,-1,-1,-1,1,1,-1,-1,1,-1,1,-1,1,1,1,1,-1,-1,1,1,-1,-1,1,1,1,-1,1,-1,1,-1,-1,1,1,-1,-1,1,-1,-1,-1,-1,1,-1,1,1,1,1,1,-1,-1,-1,-1,1,-1,-1,-1,-1,1,-1,1,1,1,-1,1,1,-1,1,1,1,1,-1,1,-1,1,1,1,1,-1,1,-1,1,1,1,1,-1,1,-1,1,1,1,1,-1,1,-1,1,1,-1,-1,-1,1,-1,-1,1,1,-1,-1,-1,1,-1,1,-1,1,-1,1,-1,-1,1,-2670.0,1,2000,445,1500,False
1299,1,1,-1,-1,1,-1,-1,-1,1,1,1,-1,1,1,1,1,-1,1,-1,-1,-1,-1,1,1,1,-1,1,-1,1,1,1,1,1,-1,-1,-1,1,-1,1,1,-1,-1,-1,1,1,1,1,-1,1,1,1,1,-1,1,-1,-1,1,-1,1,1,1,-1,-1,-1,1,1,1,1,-1,-1,-1,1,1,1,1,-1,-1,-1,1,1,1,-1,-1,-1,1,1,1,1,-1,-1,-1,1,1,1,1,-1,-1,1,1,-1,1,1,-1,-1,1,1,1,1,1,-1,-1,1,1,-1,1,1,-1,-1,1,1,1,1,1,1,-1,-1,1,1,-1,1,1,-1,1,1,1,1,1,1,-1,-1,1,1,1,1,1,-1,1,1,1,1,1,1,-1,-1,-1,1,1,1,1,-1,1,1,1,1,-1,1,-1,1,-1,1,1,1,-1,-1,1,1,1,1,1,-1,1,-1,-1,1,-1,1,-1,1,1,1,1,1,1,1,1,1,-1,1,-1,1,-1,1,1,-1,1,-1,1,1,-1,1,-1,1,-1,1,-1,1,1,-1,1,-1,1,1,1,1,-1,-1,1,1,-1,-1,1,-1,1,-1,-1,1,-1,1,-1,1,-1,1,-1,1,1,-1,-1,-1,1,1,-1,1,-1,1,1,1,-1,1,1,-1,1,-1,1,-1,1,-1,1,-1,1,1,-1,1,-1,-1,-1,1,1,-1,1,-1,-1,-1,1,1,-1,-1,1,1,-1,-1,1,1,-1,1,1,-1,1,1,1,1,-1,1,-1,1,1,-1,1,-1,1,1,-1,1,1,1,1,1,-1,-1,1,-1,-1,-1,1,1,-1,1,1,1,-1,1,-1,-1,1,1,1,1,1,-1,1,1,1,-1,1,1,-1,1,1,1,-1,1,1,-1,-1,1,1,1,-1,1,-1,1,1,1,-1,1,1,-1,1,1,1,-1,1,-1,-1,1,1,1,-1,1,-1,-1,-1,1,1,-1,1,-1,-1,1,-1,1,-1,1,1,-1,-1,1,1,1,1,1,-1,-1,1,1,-1,1,-1,-1,-1,-1,-1,-1,1,1,-1,-1,1,1,-1,1,-1,1,-1,1,1,1,1,-1,-1,1,1,1,-1,1,-1,-1,-1,-1,1,1,1,1,-1,-1,1,1,1,1,-1,-1,1,-1,-1,1,-1,1,-1,-1,1,-1,1,1,-1,-1,1,1,-1,1,-1,1,-1,-1,1,-1,1,1,-1,-1,-1,1,-1,-1,1,1,-1,-1,1,-1,1,1,-1,1,-1,1,-1,-1,1,1,-1,-1,1,-1,1,1,-1,-1,1,1,-1,1,-1,1,-1,1,-1,-1,1,-1,1,-1,1,-1,-1,1,-1,-1,-1,1,-1,-1,1,-1,1,-1,1,-1,-1,1,-1,-1,1,-1,1,-1,1,1,1,-1,1,1,-1,-1,1,1,-1,1,-1,-1,1,-1,1,1,1,1,-1,-1,1,1,-1,1,1,-1,-1,1,1,1,-1,1,1,-1,1,1,1,1,1,1,1,-1,-1,-1,1,-1,-1,1,1,1,-1,1,-1,1,-1,-1,-1,1,1,-1,1,1,-1,-1,-1,1,-1,1,1,-1,1,-1,1,-1,-1,-1,-1,-1,-1,1,-1,-1,-1,-1,-1,-1,1,-1,1,1,1,1,-1,1,-1,1,1,-1,-1,-1,1,-1,-1,1,-1,1,-1,-1,1,1,1,1,-1,-1,1,1,1,1,-1,1,-1,-1,1,1,1,-1,-1,-1,1,1,1,1,-1,1,-1,1,-1,1,-1,1,1,-1,-1,1,1,1,-1,-1,-1,-1,1,1,1,1,-1,-1,-1,1,1,1,1,-1,-1,-1,1,-1,1,-1,-1,-1,1,1,1,1,1,-1,-1,-1,1,1,1,1,-1,-1,-1,1,1,-1,1,-1,-1,-1,1,1,1,1,-1,-1,1,1,1,1,-1,-1,1,1,-1,1,1,-1,-1,-1,1,1,1,1,1,-1,1,1,1,1,1,-1,-1,-1,1,-1,1,-1,-1,-1,-1,1,-1,1,1,1,-1,-1,1,-1,1,1,-1,1,-1,1,1,1,1,-1,1,-1,1,-1,1,1,-1,-1,-1,1,1,-1,-1,-1,-1,-1,1,-1,1,-1,-1,-1,-1,-1,-1,-1,1,-1,-1,-1,1,-1,-1,1,-1,-1,-1,-1,-1,-1,1,-1,-1,-1,-1,-1,1,-1,-1,-1,1,-1,-1,1,-1,1,-1,-1,-1,-1,-1,-1,-1,1,-1,-1,-1,1,1,-1,-1,-1,1,-1,-1,-1,-1,-1,1,-1,-1,1,1,1,-1,-1,-1,-1,1,-1,1,1,-1,1,-1,-1,1,1,-1,-1,-1,-1,-1,-1,1,1,-1,-1,1,-1,1,1,-1,-1,-1,1,-1,1,1,-1,-1,1,-1,-1,1,1,1,-1,1,-1,1,1,1,-1,-1,1,-1,-1,1,1,1,-1,1,-1,-1,1,1,-1,1,1,-1,-1,1,1,-1,1,1,-1,-1,1,1,1,1,1,-1,-1,1,1,1,1,1,1,-1,-1,1,1,-1,1,-1,-1,1,-1,1,1,1,1,-1,-1,1,-1,1,1,1,-1,1,1,1,1,-1,1,-1,1,1,1,1,1,1,1,-1,1,1,1,1,-1,1,-1,1,1,1,1,1,-1,1,1,1,1,-1,1,1,-1,1,1,-1,1,1,-1,-1,1,1,1,1,-1,1,-1,1,1,1,-1,-1,1,-1,1,1,1,-1,1,-1,-1,-1,1,1,-1,-1,1,-1,-1,1,1,-1,-1,1,-1,-1,1,1,1,-1,-1,-1,-1,1,1,-1,-1,-1,1,-1,-1,1,-1,1,1,-1,1,1,-1,-1,1,-1,-1,-1,1,1,-1,1,1,-1,1,1,-1,-1,-1,-1,1,-1,-1,-1,-1,1,-1,-1,1,1,-1,1,1,-1,1,1,1,1,-1,1,-1,1,1,1,1,-1,1,-1,-1,-1,1,1,-1,1,-1,1,1,1,1,-1,1,-1,1,1,1,-1,-1,1,-1,-1,1,1,-1,-1,-1,1,-1,1,1,1,-1,1,-1,-1,1,-2670.0,1,2000,445,1500,False
1300,1,1,-1,-1,1,1,-1,-1,1,1,1,-1,1,1,1,1,-1,1,-1,-1,-1,-1,1,1,1,-1,-1,-1,1,1,1,1,-1,-1,-1,-1,1,-1,1,1,-1,-1,-1,1,1,1,1,-1,1,1,1,1,-1,1,-1,-1,1,-1,1,1,1,-1,-1,-1,1,1,1,1,-1,-1,-1,1,1,1,1,-1,-1,-1,1,1,1,-1,-1,-1,1,1,1,1,-1,-1,-1,1,1,1,1,-1,-1,1,1,-1,1,1,-1,-1,1,1,1,1,1,-1,-1,1,1,-1,1,1,-1,-1,1,1,1,1,1,1,-1,-1,1,1,-1,1,1,-1,1,1,1,1,1,1,-1,-1,1,1,1,1,1,-1,1,1,1,1,1,1,-1,-1,-1,1,1,1,1,-1,1,1,1,1,-1,1,-1,1,-1,1,1,1,-1,-1,1,1,1,1,1,-1,1,-1,-1,1,-1,1,-1,1,1,1,1,1,1,1,1,1,-1,1,-1,1,-1,1,1,-1,1,-1,1,1,-1,1,-1,1,-1,1,-1,1,1,-1,1,-1,1,1,1,1,-1,-1,1,1,-1,-1,1,-1,1,-1,1,1,-1,1,-1,1,-1,1,-1,1,1,-1,1,-1,1,1,-1,1,-1,1,1,1,-1,1,1,-1,1,-1,1,-1,1,-1,1,-1,1,1,-1,1,-1,-1,-1,1,1,-1,1,-1,-1,-1,1,1,-1,-1,1,1,-1,-1,1,1,-1,1,1,-1,1,1,1,1,-1,1,-1,1,1,-1,1,-1,1,-1,1,1,1,1,1,1,-1,-1,1,-1,-1,-1,1,1,-1,1,1,1,-1,1,1,1,1,1,1,1,1,-1,1,1,1,-1,-1,1,-1,1,1,1,-1,1,1,-1,-1,1,1,1,-1,1,-1,1,1,1,-1,1,1,-1,1,1,1,-1,1,1,-1,1,1,1,-1,1,1,-1,-1,1,1,-1,1,1,-1,1,-1,1,-1,1,-1,1,-1,1,1,1,1,-1,1,-1,1,1,-1,1,1,1,-1,-1,-1,-1,1,1,1,-1,1,1,-1,1,1,-1,-1,1,1,1,1,1,-1,1,1,1,-1,1,1,1,1,-1,1,1,1,-1,1,-1,1,1,1,1,1,1,-1,-1,-1,1,-1,1,1,-1,1,-1,1,1,1,1,1,1,-1,1,-1,-1,1,-1,1,-1,1,1,-1,1,1,1,-1,-1,1,-1,1,1,-1,-1,1,1,1,-1,1,1,-1,-1,1,-1,1,1,-1,-1,1,1,1,1,-1,1,-1,1,-1,-1,1,-1,-1,-1,1,-1,1,1,-1,-1,-1,1,-1,1,1,1,-1,-1,1,-1,-1,1,-1,-1,-1,1,-1,1,1,-1,1,-1,1,1,-1,1,-1,-1,-1,-1,1,1,1,-1,-1,-1,1,-1,-1,1,-1,-1,-1,-1,1,-1,1,-1,-1,-1,-1,1,-1,-1,1,1,1,-1,1,-1,1,1,1,1,1,-1,-1,-1,1,-1,1,1,1,1,-1,1,-1,-1,1,1,-1,1,1,-1,1,-1,1,-1,-1,1,-1,-1,1,1,1,-1,1,-1,-1,1,1,-1,-1,1,-1,-1,1,1,-1,-1,1,-1,-1,-1,1,1,-1,1,1,-1,-1,1,-1,-1,1,-1,1,-1,1,1,-1,-1,1,-1,-1,-1,-1,-1,1,1,1,-1,-1,1,-1,-1,1,-1,-1,1,-1,-1,-1,1,-1,-1,1,1,-1,1,1,-1,1,-1,1,-1,-1,1,1,-1,-1,-1,-1,-1,1,-1,-1,1,-1,-1,-1,1,1,-1,-1,-1,-1,-1,1,-1,-1,-1,-1,-1,1,1,1,-1,-1,-1,-1,-1,1,1,-1,-1,-1,-1,-1,1,1,1,-1,-1,-1,-1,1,1,-1,-1,-1,-1,1,1,1,1,1,-1,1,1,1,1,1,1,-1,-1,1,1,1,1,-1,-1,1,1,1,1,-1,1,-1,-1,1,-1,1,-1,1,-1,-1,1,-1,1,1,1,-1,-1,1,-1,1,-1,1,1,-1,1,-1,1,1,1,1,-1,1,-1,1,1,1,-1,-1,1,1,-1,1,1,-1,-1,1,-1,1,-1,1,-1,-1,-1,-1,-1,1,1,-1,-1,1,-1,-1,1,1,-1,-1,-1,-1,1,-1,1,-1,-1,-1,-1,1,-1,-1,-1,1,-1,-1,1,-1,1,-1,-1,-1,-1,-1,-1,1,1,-1,-1,-1,1,1,1,-1,-1,-1,1,-1,-1,1,-1,1,-1,-1,1,1,1,-1,-1,-1,-1,1,-1,1,1,-1,1,-1,-1,1,1,-1,-1,-1,-1,-1,-1,1,1,-1,-1,1,-1,1,1,-1,-1,-1,1,-1,1,1,-1,-1,1,-1,-1,1,1,1,-1,1,-1,1,1,1,-1,-1,1,-1,-1,1,-1,1,-1,1,-1,-1,1,1,-1,1,1,-1,-1,1,1,-1,1,1,-1,-1,1,1,-1,1,1,-1,-1,1,1,1,1,1,1,-1,-1,1,1,-1,1,-1,-1,1,-1,1,1,1,1,-1,-1,1,-1,1,1,1,-1,1,1,1,1,-1,1,-1,1,1,1,1,1,1,1,-1,1,1,1,1,-1,1,-1,1,1,1,1,1,-1,1,1,1,1,-1,1,1,-1,1,1,-1,1,1,-1,-1,1,1,1,1,-1,1,-1,1,1,1,-1,-1,1,-1,1,1,1,-1,1,-1,-1,-1,1,1,-1,-1,1,-1,-1,1,1,-1,-1,1,-1,-1,1,1,1,-1,-1,-1,-1,1,1,-1,-1,-1,1,-1,1,1,-1,1,1,-1,1,1,-1,-1,1,-1,-1,-1,1,1,-1,1,1,-1,1,1,-1,-1,-1,-1,1,-1,-1,-1,-1,1,-1,-1,1,1,-1,1,1,-1,1,1,1,1,-1,1,-1,1,1,1,1,-1,1,-1,-1,-1,1,1,-1,1,-1,1,1,1,1,-1,1,-1,1,1,1,-1,-1,1,-1,-1,1,1,-1,-1,-1,1,-1,1,1,1,-1,1,-1,-1,1,-2670.0,1,2000,445,1500,False
1301,1,1,-1,-1,1,1,-1,-1,1,1,1,-1,1,1,1,1,-1,1,-1,-1,1,-1,1,1,1,-1,-1,-1,1,1,1,1,1,-1,-1,-1,1,1,1,1,-1,-1,-1,1,1,1,1,-1,1,1,1,1,-1,1,-1,-1,1,-1,1,1,1,-1,-1,-1,1,1,1,1,-1,-1,-1,1,1,1,1,-1,-1,-1,1,1,1,-1,-1,-1,1,1,1,1,-1,-1,-1,1,1,1,1,-1,-1,1,1,-1,1,1,-1,-1,1,1,1,1,1,-1,-1,1,1,-1,1,1,-1,-1,1,1,1,1,1,1,-1,1,1,1,-1,1,1,-1,1,1,1,1,1,1,-1,-1,1,1,1,1,1,-1,1,1,1,1,1,1,-1,-1,-1,1,1,1,1,-1,1,1,1,1,-1,1,-1,1,-1,1,1,1,-1,-1,1,1,1,1,1,-1,1,-1,-1,1,-1,1,-1,1,1,1,1,1,1,1,1,1,-1,1,-1,1,-1,1,1,-1,1,-1,1,1,-1,1,-1,1,-1,1,-1,1,1,-1,-1,-1,1,1,1,1,-1,-1,1,1,-1,-1,1,-1,1,-1,-1,1,-1,1,-1,1,-1,1,-1,1,1,-1,-1,-1,1,1,-1,1,-1,1,1,1,-1,1,1,-1,-1,-1,1,-1,1,-1,1,-1,1,1,-1,1,-1,-1,-1,1,1,-1,1,-1,-1,-1,1,1,-1,-1,1,1,-1,-1,1,1,-1,1,1,-1,1,1,1,1,-1,1,-1,1,1,-1,1,-1,1,1,-1,1,1,1,1,1,-1,-1,1,-1,-1,1,1,1,-1,1,1,1,-1,1,-1,-1,1,1,1,1,1,-1,1,1,1,-1,1,1,-1,1,1,1,-1,1,1,-1,-1,1,1,1,-1,1,-1,1,1,1,-1,1,1,-1,1,1,1,-1,1,-1,-1,1,1,1,-1,1,-1,-1,-1,1,1,-1,1,-1,-1,1,-1,1,-1,1,1,-1,-1,1,1,1,-1,1,-1,-1,1,1,-1,1,-1,1,-1,-1,-1,-1,1,1,-1,-1,1,1,-1,1,1,-1,-1,1,1,1,1,1,-1,1,1,1,-1,1,-1,-1,-1,-1,1,1,-1,1,-1,-1,1,-1,1,-1,1,-1,1,-1,-1,1,-1,-1,-1,-1,1,-1,1,-1,1,-1,1,1,-1,1,-1,1,-1,-1,1,-1,1,-1,1,1,-1,1,-1,-1,1,1,-1,-1,1,-1,1,1,-1,1,-1,1,-1,1,-1,1,-1,-1,1,-1,-1,-1,-1,-1,1,1,-1,1,-1,1,-1,1,-1,1,1,-1,1,-1,1,-1,-1,1,-1,-1,-1,1,-1,1,-1,-1,1,-1,1,-1,-1,1,-1,-1,1,-1,1,-1,1,-1,1,-1,1,1,-1,-1,-1,1,-1,1,-1,-1,1,-1,1,1,1,1,-1,-1,1,1,-1,1,1,1,-1,1,1,1,-1,1,1,-1,1,1,1,1,1,1,1,-1,-1,-1,1,-1,-1,-1,-1,1,-1,1,-1,1,-1,-1,-1,1,1,-1,1,1,-1,-1,-1,1,-1,1,-1,-1,1,-1,1,-1,-1,-1,-1,-1,-1,1,-1,-1,-1,-1,-1,-1,1,-1,1,1,1,1,-1,1,-1,-1,1,-1,-1,-1,1,-1,-1,-1,-1,1,-1,-1,1,1,-1,1,-1,-1,1,1,1,1,-1,1,-1,-1,1,1,1,-1,-1,-1,1,1,1,1,-1,1,-1,1,-1,1,1,1,1,-1,-1,1,1,1,-1,-1,-1,1,1,1,1,1,-1,-1,-1,1,1,1,1,-1,-1,-1,1,1,1,-1,-1,-1,-1,1,1,1,1,-1,-1,1,1,1,1,1,-1,-1,-1,1,1,-1,1,-1,-1,-1,1,1,1,1,-1,-1,1,1,1,1,-1,-1,1,1,-1,1,1,-1,-1,-1,1,1,1,1,1,-1,1,1,1,1,1,-1,-1,-1,1,-1,1,-1,-1,-1,-1,1,-1,1,1,-1,-1,-1,1,-1,1,1,-1,-1,-1,1,1,1,1,-1,-1,-1,1,-1,1,1,-1,-1,-1,1,1,-1,-1,-1,-1,-1,1,-1,1,-1,-1,-1,-1,-1,-1,-1,1,-1,-1,-1,1,-1,-1,1,-1,-1,-1,-1,-1,-1,1,-1,-1,-1,-1,-1,1,-1,-1,-1,1,-1,-1,1,-1,1,-1,-1,-1,-1,-1,-1,-1,1,-1,-1,-1,1,1,-1,-1,-1,1,-1,-1,-1,-1,-1,1,-1,-1,1,1,1,-1,-1,-1,-1,1,-1,1,1,-1,1,-1,-1,1,1,-1,-1,-1,-1,-1,-1,1,1,-1,-1,1,-1,1,1,-1,-1,-1,1,-1,1,1,-1,-1,1,-1,-1,1,1,1,-1,1,-1,1,1,1,-1,-1,1,-1,-1,1,1,1,-1,1,-1,-1,1,1,-1,1,1,-1,-1,1,1,-1,1,1,-1,-1,1,1,1,1,1,-1,-1,1,1,1,1,1,1,-1,1,1,1,1,1,-1,-1,1,-1,1,1,1,1,-1,-1,1,-1,1,1,1,-1,1,1,1,1,-1,1,-1,1,1,1,1,1,1,1,-1,1,1,1,1,-1,1,-1,1,1,1,1,1,-1,1,1,1,1,-1,1,1,-1,1,1,-1,1,1,-1,-1,1,1,1,1,-1,1,-1,1,1,1,-1,-1,1,-1,1,1,1,-1,1,-1,-1,-1,1,1,-1,-1,1,-1,-1,1,1,-1,-1,1,-1,1,1,1,1,-1,-1,-1,-1,1,1,-1,-1,-1,1,1,1,1,-1,1,1,-1,1,1,-1,-1,1,1,-1,-1,1,1,-1,1,1,1,1,1,-1,-1,-1,-1,1,-1,-1,-1,-1,-1,1,1,1,1,-1,1,1,-1,1,1,1,1,-1,1,-1,1,1,1,1,-1,1,-1,1,1,1,1,-1,1,-1,1,1,1,1,-1,1,-1,1,1,-1,-1,-1,1,-1,1,1,1,-1,-1,-1,1,-1,1,-1,1,-1,1,-1,1,1,-2670.0,1,2000,445,1500,False
1302,1,1,-1,-1,1,-1,-1,-1,1,1,1,-1,1,1,1,1,-1,1,-1,-1,-1,-1,1,1,1,1,-1,-1,1,1,1,1,-1,-1,-1,-1,1,1,1,1,-1,-1,-1,1,1,1,1,-1,1,1,1,1,-1,1,-1,-1,1,-1,1,1,1,-1,-1,-1,1,1,1,1,-1,-1,-1,1,1,1,1,-1,-1,-1,1,1,1,-1,-1,-1,1,1,1,1,-1,-1,-1,1,1,1,1,-1,-1,1,1,-1,1,1,-1,-1,1,1,1,1,1,-1,-1,1,1,-1,1,1,-1,-1,1,1,1,1,1,1,-1,-1,1,1,-1,1,1,-1,1,1,1,1,1,1,-1,-1,1,1,1,1,1,-1,1,1,1,1,1,1,-1,-1,-1,1,1,1,1,-1,1,1,1,1,-1,1,-1,1,-1,1,1,1,-1,-1,1,1,1,1,1,-1,1,-1,-1,1,-1,1,-1,1,1,1,1,1,1,1,1,1,-1,1,-1,1,-1,1,1,-1,1,-1,1,1,-1,1,-1,1,-1,1,-1,1,1,-1,1,-1,1,1,1,1,-1,-1,1,1,-1,-1,1,-1,1,-1,-1,1,-1,1,-1,1,-1,1,-1,1,1,-1,-1,-1,1,1,-1,1,-1,1,1,1,-1,1,1,-1,1,-1,1,-1,1,-1,1,-1,1,1,-1,1,-1,-1,-1,1,1,-1,1,-1,-1,-1,1,1,-1,-1,1,1,-1,-1,1,1,-1,1,1,-1,1,1,1,1,-1,1,-1,1,1,-1,1,-1,1,1,-1,1,1,1,1,1,-1,-1,1,-1,-1,-1,1,1,-1,1,1,1,-1,1,-1,-1,1,1,1,1,1,-1,1,1,1,-1,1,1,-1,1,1,1,-1,1,1,-1,-1,1,1,1,-1,1,-1,1,1,1,-1,1,1,-1,1,1,1,-1,1,-1,-1,1,1,1,-1,1,-1,-1,-1,1,1,-1,1,-1,-1,1,-1,1,-1,1,1,-1,-1,1,1,1,-1,1,-1,-1,1,1,-1,1,-1,-1,-1,-1,-1,-1,1,-1,-1,-1,1,1,-1,1,-1,1,-1,1,1,1,1,-1,-1,1,1,1,-1,1,-1,-1,-1,-1,1,1,1,1,-1,-1,1,1,1,1,-1,-1,1,-1,-1,1,-1,1,-1,-1,1,-1,1,-1,-1,-1,1,1,-1,1,-1,1,-1,-1,1,-1,1,1,-1,-1,-1,1,-1,-1,1,1,-1,-1,1,-1,1,1,-1,1,-1,1,-1,-1,1,1,-1,-1,1,-1,1,1,-1,-1,1,1,-1,1,-1,1,-1,1,-1,-1,1,-1,1,-1,1,-1,-1,1,-1,-1,-1,1,-1,-1,1,-1,1,-1,1,-1,-1,1,-1,-1,1,-1,1,-1,1,-1,1,-1,1,1,-1,-1,-1,1,-1,1,-1,-1,1,-1,1,1,1,1,-1,-1,1,1,-1,1,1,-1,-1,1,1,1,-1,1,1,-1,1,1,1,1,-1,1,1,-1,-1,-1,1,-1,1,1,-1,1,-1,1,-1,1,-1,-1,-1,1,1,-1,1,1,-1,-1,-1,1,-1,1,1,-1,1,-1,1,-1,-1,-1,-1,-1,-1,1,-1,-1,-1,-1,-1,-1,1,-1,1,1,1,1,-1,1,-1,1,1,-1,-1,-1,1,-1,-1,1,-1,1,-1,-1,1,1,1,1,-1,-1,1,1,1,1,-1,1,-1,-1,1,1,1,-1,-1,-1,1,1,1,1,-1,1,-1,1,-1,1,-1,1,1,-1,-1,1,1,1,-1,-1,-1,-1,1,1,1,1,-1,-1,-1,1,1,1,1,-1,-1,-1,1,-1,1,-1,-1,-1,1,1,1,1,1,-1,-1,-1,1,1,1,1,-1,-1,-1,1,1,-1,1,-1,-1,-1,1,1,1,1,-1,-1,1,1,1,1,-1,-1,1,1,-1,1,1,-1,-1,-1,1,1,1,1,1,-1,1,1,1,1,1,-1,-1,-1,1,-1,1,-1,-1,-1,-1,1,-1,1,1,-1,-1,-1,1,-1,1,1,-1,-1,-1,1,1,1,1,-1,-1,-1,1,-1,1,1,-1,-1,-1,1,1,-1,-1,-1,-1,-1,1,-1,1,-1,-1,-1,-1,-1,-1,-1,1,-1,-1,-1,1,-1,-1,1,-1,-1,-1,-1,-1,-1,1,-1,-1,-1,-1,-1,1,-1,-1,-1,1,-1,-1,1,-1,1,-1,-1,-1,-1,-1,-1,-1,1,-1,-1,-1,1,1,-1,-1,-1,1,-1,-1,-1,-1,-1,1,-1,-1,1,1,1,-1,-1,-1,-1,1,-1,1,1,-1,1,-1,-1,1,1,-1,-1,-1,-1,-1,-1,1,1,-1,-1,1,-1,1,1,-1,-1,-1,1,-1,1,1,-1,-1,1,-1,-1,1,1,1,-1,1,-1,1,1,1,-1,-1,1,-1,-1,1,1,1,-1,1,-1,-1,1,1,-1,1,1,-1,-1,1,1,-1,1,1,-1,-1,1,1,-1,1,1,-1,-1,1,1,1,1,1,1,-1,-1,1,1,-1,1,-1,-1,1,-1,1,1,1,1,-1,-1,1,-1,1,1,1,-1,1,1,1,1,-1,1,-1,1,1,1,1,1,1,1,-1,1,1,1,1,-1,1,-1,1,1,1,1,1,-1,1,1,1,1,-1,1,1,-1,1,1,-1,1,1,-1,-1,1,1,1,1,-1,1,-1,1,1,1,-1,-1,1,-1,1,1,1,-1,1,-1,-1,-1,1,1,-1,-1,1,-1,-1,1,1,-1,-1,1,-1,-1,1,1,1,-1,-1,-1,-1,1,1,-1,-1,-1,1,-1,-1,1,-1,1,1,-1,1,1,-1,-1,1,1,-1,-1,1,1,-1,1,1,-1,1,1,-1,-1,-1,-1,1,-1,-1,-1,-1,-1,1,-1,1,1,-1,1,1,-1,1,1,1,1,-1,1,-1,1,1,1,1,-1,1,-1,-1,1,1,1,-1,1,-1,1,1,1,1,-1,1,-1,1,1,1,-1,-1,1,-1,-1,1,1,-1,-1,-1,1,-1,1,-1,1,-1,1,-1,-1,1,-2670.0,1,2000,445,1500,False
1303,1,1,-1,-1,1,1,-1,-1,1,1,1,-1,-1,1,1,1,-1,1,-1,-1,-1,-1,1,1,1,-1,-1,-1,1,1,1,1,-1,-1,-1,-1,1,-1,1,1,-1,-1,-1,1,1,1,1,-1,1,1,1,1,-1,1,-1,-1,1,-1,1,1,1,-1,-1,-1,1,1,1,1,-1,-1,-1,1,1,1,1,-1,-1,-1,1,1,1,-1,-1,-1,1,1,1,1,-1,-1,-1,1,1,1,1,-1,-1,1,1,-1,1,1,-1,-1,1,1,1,1,1,-1,-1,1,1,1,1,1,-1,-1,1,1,1,1,1,1,-1,1,1,1,-1,1,1,-1,1,1,1,1,1,1,-1,-1,1,1,1,1,1,-1,1,1,1,1,1,1,-1,-1,-1,1,1,1,1,-1,1,1,1,1,-1,1,-1,1,-1,1,1,1,-1,-1,1,1,1,1,1,-1,1,-1,-1,1,-1,1,-1,1,1,1,1,1,1,1,1,1,-1,1,-1,1,-1,1,1,-1,1,-1,1,1,-1,1,-1,1,-1,1,-1,1,1,-1,-1,-1,1,1,1,1,-1,-1,1,1,-1,-1,1,-1,1,-1,-1,1,-1,1,-1,1,-1,1,-1,1,1,-1,-1,-1,1,1,-1,1,-1,1,1,1,-1,1,1,-1,1,-1,1,-1,1,-1,1,-1,1,1,-1,1,-1,-1,-1,1,1,-1,1,-1,-1,-1,1,1,-1,-1,1,1,-1,-1,1,1,-1,1,1,-1,1,1,1,-1,-1,1,-1,1,1,-1,1,-1,1,1,1,1,1,-1,-1,1,-1,-1,1,-1,1,-1,1,1,-1,1,1,1,-1,1,1,1,1,1,-1,-1,1,-1,1,1,1,1,-1,1,-1,1,1,1,-1,1,1,-1,-1,1,1,-1,-1,1,-1,1,1,1,1,1,1,-1,1,1,1,1,1,1,-1,1,1,1,1,1,1,-1,-1,1,1,1,1,1,-1,1,-1,1,-1,1,1,1,-1,1,1,1,1,1,1,-1,1,1,1,-1,-1,1,-1,-1,-1,-1,1,1,1,-1,1,1,-1,1,1,-1,-1,1,1,1,1,1,-1,1,1,1,-1,1,1,1,-1,-1,1,1,1,-1,1,-1,1,-1,1,1,1,1,-1,1,-1,1,-1,-1,1,1,-1,1,-1,1,1,1,1,1,-1,1,-1,-1,1,-1,1,-1,1,-1,1,1,1,1,-1,-1,1,-1,1,1,1,-1,1,1,1,-1,1,1,-1,1,-1,-1,1,1,1,1,-1,-1,1,1,1,1,-1,1,-1,-1,1,1,-1,1,1,-1,1,1,1,-1,-1,1,-1,1,1,1,-1,1,-1,-1,-1,1,1,-1,-1,1,-1,1,1,1,1,-1,1,-1,-1,1,1,1,-1,-1,-1,1,1,1,-1,-1,1,-1,-1,1,-1,1,-1,-1,1,-1,1,-1,1,1,-1,1,-1,-1,1,1,1,-1,1,-1,1,-1,1,1,1,-1,-1,-1,1,-1,-1,-1,1,1,-1,1,-1,1,1,1,-1,1,1,-1,1,-1,1,-1,-1,1,-1,-1,1,1,1,-1,1,-1,-1,1,1,-1,-1,1,-1,-1,1,1,-1,-1,1,-1,-1,-1,1,1,-1,1,-1,-1,-1,1,-1,-1,1,-1,1,-1,1,1,-1,-1,1,-1,-1,-1,-1,-1,1,1,1,-1,-1,1,-1,-1,1,-1,-1,1,-1,-1,1,1,-1,-1,1,-1,-1,1,1,-1,1,-1,-1,-1,-1,1,1,-1,-1,-1,-1,-1,1,-1,-1,1,-1,-1,-1,1,1,-1,-1,-1,-1,-1,1,-1,-1,-1,-1,-1,-1,1,1,-1,-1,-1,-1,1,1,1,-1,-1,-1,-1,-1,1,1,1,-1,-1,-1,-1,1,1,-1,-1,-1,-1,1,1,1,1,-1,-1,1,1,1,1,1,-1,-1,-1,1,1,1,-1,1,-1,1,1,1,1,-1,1,-1,-1,1,-1,1,-1,1,-1,-1,1,-1,1,-1,-1,-1,-1,1,-1,1,-1,1,1,-1,1,-1,1,-1,1,1,-1,1,-1,1,-1,-1,-1,-1,1,1,-1,-1,-1,-1,-1,1,-1,1,-1,-1,-1,-1,-1,-1,-1,1,-1,-1,-1,1,-1,-1,1,-1,-1,-1,-1,-1,-1,1,-1,-1,-1,-1,-1,1,-1,-1,-1,1,-1,-1,1,-1,1,-1,-1,-1,-1,-1,-1,-1,1,-1,-1,-1,-1,1,1,-1,-1,1,-1,-1,-1,-1,-1,1,-1,-1,1,-1,1,-1,-1,-1,-1,1,1,1,1,-1,1,-1,-1,-1,1,-1,-1,-1,-1,-1,-1,1,1,-1,-1,1,-1,1,1,-1,-1,-1,1,-1,1,1,-1,-1,1,-1,-1,1,1,1,-1,1,-1,1,1,1,-1,-1,1,-1,-1,1,1,1,-1,1,-1,-1,1,1,-1,1,1,-1,-1,1,1,-1,1,1,-1,-1,1,1,-1,1,1,-1,-1,1,1,1,1,1,1,-1,1,1,1,1,1,-1,-1,1,-1,1,1,1,1,-1,-1,1,-1,1,1,1,-1,1,1,1,1,-1,1,-1,1,1,1,1,1,1,-1,-1,1,1,1,1,-1,1,-1,1,1,1,1,-1,1,-1,1,1,1,-1,-1,1,-1,1,1,-1,1,-1,-1,-1,1,1,1,-1,1,-1,-1,1,1,1,-1,-1,-1,-1,1,1,1,-1,1,-1,-1,-1,1,1,-1,1,-1,-1,-1,1,1,-1,-1,1,-1,1,1,1,1,1,1,-1,-1,1,1,-1,-1,1,1,1,1,1,-1,1,-1,-1,1,1,-1,-1,1,-1,-1,-1,1,1,-1,1,1,1,1,1,-1,-1,-1,-1,-1,-1,-1,-1,-1,1,-1,1,1,1,-1,1,1,-1,1,1,1,1,-1,1,-1,1,1,1,1,-1,1,-1,1,1,1,1,-1,1,-1,1,1,1,1,-1,1,-1,1,1,1,-1,-1,1,-1,-1,1,1,-1,-1,-1,1,-1,1,-1,1,-1,1,-1,-1,1,-2670.0,1,2000,445,1500,False
1304,1,1,-1,-1,1,1,-1,-1,1,1,1,-1,1,1,1,1,-1,1,-1,-1,-1,1,1,1,1,1,-1,-1,1,1,1,1,-1,-1,-1,-1,1,1,1,1,-1,-1,-1,1,1,1,1,-1,1,1,1,1,-1,1,-1,-1,1,-1,1,1,1,-1,-1,1,1,1,1,1,-1,-1,1,1,1,1,1,-1,-1,-1,1,1,1,-1,-1,-1,1,1,1,1,-1,-1,-1,1,1,1,1,-1,-1,1,1,-1,1,1,-1,-1,1,1,1,1,1,-1,-1,1,1,1,1,1,-1,-1,1,1,1,1,1,1,-1,1,1,1,-1,1,1,-1,1,1,1,1,1,1,-1,-1,1,1,1,1,1,-1,1,1,1,1,1,1,-1,-1,-1,1,1,1,1,-1,1,-1,1,1,-1,1,-1,1,-1,1,1,1,-1,-1,1,1,1,1,1,-1,1,-1,-1,1,-1,1,-1,1,1,1,1,1,1,1,1,1,-1,1,-1,1,-1,1,1,-1,1,-1,1,1,-1,1,-1,1,-1,1,-1,1,1,-1,-1,-1,1,1,1,1,-1,-1,1,1,-1,-1,1,-1,1,-1,-1,1,-1,1,-1,1,-1,1,-1,-1,1,-1,-1,-1,1,1,-1,1,-1,1,1,1,-1,1,1,-1,1,-1,1,-1,1,-1,1,-1,1,1,-1,1,-1,-1,-1,1,1,-1,1,-1,-1,-1,1,1,-1,-1,1,1,-1,-1,1,1,-1,1,1,-1,1,1,1,1,-1,1,-1,1,1,-1,1,-1,1,-1,1,1,1,1,1,1,-1,-1,1,-1,-1,-1,1,1,-1,1,1,1,-1,1,1,1,1,1,1,1,1,-1,1,1,1,-1,1,1,-1,1,1,1,-1,1,1,-1,-1,1,1,1,-1,1,-1,1,1,1,-1,1,1,-1,1,1,1,-1,1,1,-1,1,1,1,-1,1,1,-1,-1,1,1,-1,1,1,-1,1,-1,1,-1,1,1,1,-1,1,1,1,-1,1,1,-1,1,1,-1,1,-1,1,-1,-1,-1,-1,1,1,1,-1,1,1,-1,1,1,-1,-1,1,1,1,1,1,-1,1,1,1,-1,1,1,1,-1,-1,1,1,-1,-1,1,-1,1,-1,1,-1,1,1,-1,-1,-1,1,-1,-1,1,1,-1,1,1,-1,1,1,1,1,-1,1,-1,-1,1,-1,1,-1,1,-1,-1,1,1,1,-1,-1,1,-1,1,1,1,-1,1,1,1,-1,1,1,-1,1,-1,-1,1,1,1,-1,-1,-1,1,1,1,1,-1,1,-1,-1,1,1,-1,1,1,-1,-1,1,1,-1,-1,1,-1,1,1,1,-1,1,-1,-1,-1,1,1,-1,-1,1,-1,1,1,1,1,-1,1,-1,-1,-1,1,1,-1,-1,-1,1,-1,1,-1,-1,1,-1,-1,1,-1,1,-1,-1,1,-1,1,-1,1,-1,-1,1,-1,-1,1,1,1,-1,1,-1,1,-1,-1,1,1,-1,-1,-1,1,-1,-1,1,1,-1,1,1,-1,1,1,1,-1,1,1,-1,1,-1,1,-1,-1,1,-1,-1,1,1,-1,-1,1,-1,-1,1,1,1,-1,1,-1,-1,1,1,-1,-1,1,-1,-1,-1,1,1,-1,1,1,-1,-1,1,-1,-1,1,-1,1,-1,1,1,-1,-1,1,-1,-1,-1,-1,-1,1,1,1,-1,1,1,-1,-1,1,-1,-1,-1,-1,-1,1,1,-1,-1,-1,-1,-1,1,1,-1,1,1,-1,-1,-1,1,1,-1,-1,-1,-1,-1,1,-1,-1,1,-1,-1,-1,1,1,-1,-1,-1,-1,-1,1,-1,-1,1,-1,-1,-1,1,1,-1,1,-1,-1,1,1,1,-1,-1,-1,-1,-1,1,1,1,-1,-1,-1,-1,1,1,-1,-1,-1,-1,1,1,1,1,-1,-1,1,1,1,1,1,-1,-1,-1,1,1,1,-1,1,-1,1,1,1,1,-1,1,-1,-1,1,-1,1,-1,1,-1,-1,1,-1,1,-1,-1,-1,-1,1,-1,1,-1,1,-1,-1,1,-1,1,-1,1,-1,-1,1,-1,1,-1,-1,-1,-1,1,1,-1,-1,-1,-1,-1,1,-1,1,-1,-1,-1,-1,-1,-1,-1,1,-1,-1,-1,1,-1,-1,1,-1,-1,-1,-1,-1,1,1,-1,-1,-1,-1,-1,1,-1,-1,-1,1,-1,-1,1,-1,1,-1,-1,-1,-1,-1,-1,-1,1,-1,-1,-1,1,1,-1,-1,-1,1,-1,-1,-1,-1,-1,1,-1,-1,1,-1,1,-1,-1,-1,-1,1,-1,1,1,-1,1,-1,-1,1,1,-1,-1,-1,-1,-1,-1,1,1,-1,-1,1,-1,1,1,-1,-1,-1,1,-1,1,1,-1,-1,1,-1,-1,1,1,1,-1,1,-1,1,1,1,-1,-1,1,-1,-1,1,1,1,-1,1,-1,-1,1,1,-1,1,1,-1,-1,1,1,-1,1,1,-1,-1,1,1,-1,1,1,-1,-1,1,1,1,1,-1,1,-1,1,1,1,1,1,-1,-1,1,-1,1,1,1,1,-1,-1,1,-1,1,1,1,-1,1,1,1,1,-1,1,-1,1,1,1,1,1,1,1,-1,1,1,1,1,-1,1,-1,1,1,1,1,1,-1,1,1,1,1,-1,1,1,-1,1,1,-1,1,1,-1,-1,1,1,1,1,-1,1,-1,1,1,1,-1,-1,1,-1,1,1,1,-1,1,-1,-1,-1,1,1,-1,-1,1,-1,-1,1,1,1,-1,1,-1,1,1,1,1,-1,1,-1,-1,1,1,-1,-1,-1,1,1,1,1,-1,1,1,-1,1,1,-1,-1,1,1,-1,-1,1,1,-1,1,1,1,1,1,-1,-1,-1,-1,-1,-1,-1,-1,-1,-1,1,1,1,1,-1,1,1,-1,1,1,1,1,-1,1,-1,1,1,1,1,-1,1,-1,1,1,1,1,-1,1,-1,1,1,1,1,-1,1,-1,1,1,1,-1,-1,1,-1,1,1,1,-1,-1,-1,1,-1,1,-1,1,-1,1,-1,1,1,-2670.0,1,2000,445,1500,False
1305,1,1,-1,-1,1,1,-1,-1,1,1,1,-1,1,1,1,1,-1,1,-1,-1,1,-1,1,1,1,-1,-1,-1,1,1,1,1,1,-1,-1,-1,1,1,1,1,-1,-1,-1,1,1,1,1,-1,1,1,1,1,-1,1,-1,-1,1,-1,1,1,1,-1,-1,-1,1,1,1,1,-1,-1,-1,1,1,1,1,-1,-1,-1,1,1,1,-1,-1,-1,1,1,1,1,-1,1,-1,1,1,1,1,-1,-1,1,1,-1,1,1,-1,-1,1,1,1,1,1,-1,-1,1,1,1,1,1,-1,-1,1,1,1,1,1,1,-1,1,1,1,-1,1,1,-1,1,1,1,1,1,1,-1,-1,1,1,1,1,1,-1,1,1,1,1,1,1,-1,-1,-1,1,1,1,1,-1,1,1,1,1,-1,1,-1,1,-1,1,1,1,-1,-1,1,1,1,1,1,-1,1,-1,-1,1,-1,1,-1,1,1,1,1,1,1,1,1,1,1,1,-1,1,-1,1,1,-1,1,-1,1,1,-1,1,-1,1,-1,1,-1,1,1,-1,1,-1,1,1,1,1,-1,-1,1,1,-1,-1,1,-1,1,-1,-1,1,-1,1,-1,1,-1,1,-1,1,1,-1,-1,-1,1,1,-1,1,-1,1,1,1,-1,1,1,-1,1,-1,1,-1,1,-1,1,-1,1,1,-1,1,-1,-1,-1,1,1,-1,1,-1,-1,-1,1,1,-1,-1,1,1,-1,-1,1,1,-1,1,1,-1,1,1,1,1,-1,1,-1,1,1,-1,1,-1,1,-1,1,1,1,-1,-1,1,-1,-1,1,-1,-1,-1,1,1,-1,1,1,1,-1,1,1,1,1,1,1,1,1,-1,1,1,1,1,-1,1,-1,1,1,1,-1,1,1,-1,-1,1,1,1,-1,1,-1,1,1,1,-1,1,1,-1,1,1,1,-1,1,1,-1,1,1,1,1,1,1,-1,-1,1,1,-1,1,1,-1,1,-1,1,-1,1,1,1,-1,1,1,1,1,1,1,-1,1,1,-1,1,1,1,-1,-1,-1,-1,1,1,1,-1,1,1,-1,1,1,-1,-1,1,1,1,1,1,-1,1,1,1,-1,1,1,1,1,-1,1,1,1,-1,1,-1,1,1,1,1,1,1,-1,-1,-1,1,-1,-1,1,-1,1,-1,1,1,1,1,1,-1,-1,1,-1,-1,1,-1,1,-1,1,1,1,1,1,1,-1,-1,1,-1,1,1,-1,-1,1,1,1,-1,1,-1,-1,-1,1,-1,1,1,-1,-1,1,1,1,1,-1,1,-1,1,-1,-1,1,-1,-1,-1,1,-1,1,1,-1,-1,-1,1,-1,1,1,1,-1,-1,1,-1,-1,1,-1,-1,-1,1,-1,1,1,1,-1,-1,1,-1,-1,1,-1,-1,-1,-1,-1,-1,1,-1,-1,-1,1,-1,-1,1,-1,-1,-1,-1,1,-1,1,-1,-1,1,-1,1,-1,-1,1,1,1,-1,1,-1,1,-1,1,-1,1,-1,-1,-1,1,-1,-1,-1,1,1,-1,1,-1,1,1,1,-1,1,1,-1,-1,-1,1,-1,-1,1,-1,-1,1,1,1,-1,1,-1,-1,1,1,-1,-1,1,-1,-1,1,1,-1,-1,1,-1,-1,-1,1,1,-1,1,1,-1,-1,1,-1,-1,1,-1,1,-1,1,1,-1,-1,1,-1,-1,-1,-1,-1,1,1,1,-1,-1,1,-1,-1,1,-1,-1,1,-1,-1,1,1,-1,-1,1,-1,-1,1,1,-1,1,-1,1,-1,-1,1,1,-1,-1,-1,-1,-1,1,-1,-1,1,-1,-1,-1,1,1,-1,-1,-1,-1,-1,1,-1,-1,-1,-1,-1,1,1,1,-1,-1,-1,-1,-1,1,1,-1,-1,-1,-1,-1,1,1,1,-1,-1,-1,-1,1,1,-1,-1,-1,-1,1,1,1,1,1,-1,1,1,1,1,1,1,-1,-1,1,1,1,-1,-1,-1,1,1,1,1,-1,1,-1,-1,1,-1,1,-1,1,-1,-1,1,-1,1,-1,1,-1,-1,1,-1,1,-1,1,-1,-1,1,-1,1,1,1,-1,-1,1,-1,1,1,1,-1,-1,1,1,-1,1,1,-1,-1,1,-1,1,-1,1,-1,-1,-1,-1,-1,1,1,-1,-1,1,-1,-1,1,1,-1,-1,-1,-1,-1,-1,1,-1,-1,-1,-1,-1,1,-1,-1,1,-1,-1,1,-1,1,-1,-1,-1,-1,-1,1,1,1,-1,-1,-1,1,1,1,-1,-1,1,1,-1,-1,1,-1,1,-1,-1,1,1,1,-1,-1,-1,-1,1,-1,1,1,-1,1,-1,-1,1,1,-1,-1,-1,-1,-1,-1,1,1,-1,-1,1,-1,1,1,-1,-1,-1,1,-1,1,1,-1,-1,1,-1,-1,1,1,1,-1,1,-1,1,1,1,-1,-1,1,-1,-1,1,1,1,-1,1,-1,-1,1,1,-1,1,1,-1,-1,1,1,1,1,1,-1,-1,1,1,1,1,1,-1,-1,1,1,1,1,1,1,-1,-1,1,1,1,1,-1,-1,1,-1,1,1,1,1,-1,-1,1,-1,1,1,1,-1,1,1,1,1,-1,1,-1,1,1,1,1,1,1,1,-1,1,1,1,1,-1,1,-1,1,1,1,1,1,-1,1,1,1,1,-1,-1,1,-1,1,1,-1,1,1,-1,-1,1,1,1,-1,1,1,-1,1,1,1,-1,-1,1,-1,1,1,1,-1,1,-1,-1,-1,1,1,-1,-1,1,-1,-1,1,1,-1,-1,1,-1,-1,1,1,1,1,-1,-1,-1,1,1,-1,-1,1,1,-1,1,1,-1,1,1,-1,1,1,-1,-1,1,-1,-1,-1,-1,1,-1,1,1,-1,1,1,-1,-1,-1,-1,1,-1,-1,-1,-1,1,-1,-1,1,1,-1,1,1,-1,1,1,1,1,-1,1,-1,1,1,1,1,-1,1,-1,-1,1,1,1,-1,1,-1,1,1,1,1,-1,1,-1,1,1,-1,-1,-1,1,-1,-1,1,1,-1,-1,-1,1,-1,1,-1,1,-1,1,-1,-1,1,-2670.0,1,2000,445,0,False
1306,1,1,-1,-1,1,1,-1,-1,1,1,1,-1,1,1,1,1,-1,1,-1,-1,-1,-1,1,1,1,-1,-1,-1,1,1,1,1,1,-1,-1,-1,1,1,1,1,-1,-1,-1,1,1,1,1,-1,1,1,1,1,-1,1,-1,-1,1,-1,1,1,1,-1,-1,-1,1,1,1,1,-1,-1,-1,1,1,1,1,-1,-1,-1,1,1,1,-1,-1,-1,1,1,1,1,-1,-1,-1,1,1,1,1,-1,-1,1,1,-1,1,1,-1,-1,1,1,1,1,1,-1,-1,-1,1,-1,1,1,-1,-1,1,1,1,1,1,1,-1,-1,1,1,-1,1,1,-1,1,1,1,1,1,1,-1,1,1,1,-1,1,1,-1,1,1,1,1,1,1,-1,-1,-1,1,-1,1,1,-1,1,1,1,1,-1,1,-1,1,-1,1,1,1,-1,-1,1,1,1,-1,1,-1,1,-1,-1,1,1,1,-1,1,1,1,1,-1,1,1,1,1,-1,1,-1,1,-1,1,1,-1,1,-1,1,1,-1,1,-1,1,-1,1,-1,1,1,-1,1,-1,1,1,1,1,-1,-1,1,1,-1,-1,1,-1,1,1,-1,1,-1,1,-1,1,-1,1,-1,1,1,-1,-1,1,1,1,-1,1,-1,1,1,1,-1,1,1,-1,1,-1,1,-1,1,-1,1,-1,1,1,-1,1,-1,-1,1,1,1,-1,1,-1,-1,-1,-1,1,-1,-1,1,1,-1,-1,1,1,-1,1,1,-1,1,1,1,1,-1,1,-1,1,1,-1,1,-1,1,1,-1,1,1,1,1,1,-1,-1,1,-1,-1,-1,1,1,-1,1,1,1,-1,1,-1,-1,1,1,1,1,1,-1,1,1,1,-1,1,1,-1,-1,1,1,-1,1,1,-1,1,-1,1,1,-1,1,-1,1,1,1,-1,1,1,-1,1,1,1,-1,1,-1,-1,1,1,1,-1,1,-1,-1,1,1,1,-1,1,-1,-1,-1,-1,1,-1,1,1,-1,1,1,1,1,-1,1,-1,-1,-1,1,-1,1,-1,-1,1,-1,-1,-1,1,1,-1,1,-1,1,-1,1,-1,1,-1,1,1,1,1,-1,1,-1,1,1,-1,1,-1,-1,-1,-1,1,1,-1,1,-1,-1,1,-1,1,-1,-1,-1,1,-1,-1,1,-1,1,-1,1,-1,1,1,-1,-1,-1,1,1,-1,1,-1,1,-1,-1,1,-1,1,-1,-1,-1,-1,1,-1,-1,1,1,-1,-1,1,-1,1,1,-1,1,-1,1,-1,1,-1,1,-1,1,1,-1,1,-1,-1,-1,1,1,-1,1,-1,1,-1,1,-1,1,1,-1,1,-1,1,-1,-1,1,-1,-1,-1,1,-1,1,-1,-1,1,-1,1,-1,-1,1,-1,-1,1,-1,1,-1,1,-1,1,-1,1,1,-1,-1,-1,1,-1,1,-1,-1,1,-1,1,1,-1,1,-1,-1,1,1,-1,-1,1,-1,-1,1,1,1,1,1,1,-1,1,1,1,-1,-1,-1,1,-1,-1,-1,1,-1,-1,1,-1,1,-1,1,-1,1,-1,-1,-1,1,1,-1,1,1,-1,-1,-1,1,-1,1,1,-1,1,-1,1,-1,-1,-1,-1,-1,-1,1,-1,-1,-1,-1,-1,-1,1,-1,1,1,1,1,-1,1,-1,1,1,-1,-1,-1,1,-1,-1,1,-1,1,-1,-1,1,1,1,1,-1,-1,1,1,1,1,-1,1,-1,-1,1,1,1,-1,-1,-1,1,1,1,1,-1,1,-1,1,-1,1,-1,1,1,-1,-1,1,1,1,-1,-1,-1,-1,1,1,1,1,-1,-1,-1,1,1,1,1,-1,-1,-1,1,-1,1,-1,-1,-1,-1,1,1,1,1,-1,1,-1,1,-1,1,1,-1,-1,-1,1,1,-1,1,-1,-1,-1,1,1,1,1,-1,-1,1,-1,1,-1,1,-1,1,1,-1,1,1,-1,-1,-1,1,1,-1,1,1,-1,1,-1,1,-1,1,1,-1,-1,1,-1,1,-1,1,-1,1,-1,1,-1,1,-1,-1,-1,-1,1,-1,1,-1,-1,-1,1,1,-1,-1,1,-1,1,-1,-1,-1,-1,-1,-1,-1,1,1,1,-1,-1,-1,-1,1,-1,1,-1,-1,-1,-1,-1,-1,-1,1,-1,-1,-1,1,-1,-1,1,-1,-1,-1,-1,-1,1,1,-1,-1,-1,-1,-1,1,-1,-1,-1,1,-1,-1,1,-1,1,-1,-1,-1,-1,-1,-1,-1,1,-1,-1,-1,1,1,-1,-1,-1,1,-1,1,-1,-1,-1,1,-1,-1,1,-1,1,-1,-1,-1,-1,1,-1,1,1,-1,1,-1,-1,1,1,-1,-1,-1,-1,-1,-1,1,1,-1,-1,1,-1,1,1,-1,-1,-1,1,-1,-1,1,-1,-1,1,-1,-1,1,1,1,-1,1,-1,1,1,1,-1,-1,1,-1,-1,1,1,1,-1,1,-1,-1,1,1,-1,1,1,-1,-1,1,1,-1,1,1,-1,-1,1,1,1,1,1,-1,-1,1,1,1,1,1,1,-1,1,1,1,1,1,-1,-1,1,-1,1,1,1,1,-1,-1,1,-1,1,1,1,-1,1,1,1,1,-1,1,-1,1,1,1,1,1,1,1,-1,-1,1,1,1,-1,1,-1,1,1,1,1,1,-1,1,1,1,1,-1,1,1,-1,1,1,-1,1,1,-1,-1,1,1,1,1,-1,1,-1,1,1,1,-1,-1,1,-1,1,1,1,-1,1,-1,-1,-1,1,1,-1,-1,1,-1,-1,1,1,-1,-1,1,-1,1,1,1,1,-1,-1,-1,-1,1,1,-1,-1,-1,1,1,1,1,-1,1,1,-1,1,1,-1,-1,1,1,-1,-1,1,1,-1,1,1,1,1,1,-1,-1,-1,-1,-1,-1,-1,-1,-1,-1,1,1,1,1,-1,1,1,-1,1,1,1,1,-1,1,-1,1,1,1,-1,-1,1,-1,1,1,1,-1,-1,1,-1,1,1,1,-1,-1,1,-1,1,1,1,1,-1,1,-1,1,1,1,-1,-1,-1,1,-1,1,1,1,-1,1,-1,1,1,-2670.0,1,2000,445,1500,False
1307,1,1,-1,-1,1,-1,-1,-1,1,1,1,-1,1,1,1,1,-1,1,1,-1,-1,-1,1,1,1,1,-1,-1,1,1,1,1,-1,-1,-1,-1,1,-1,1,1,-1,-1,-1,1,1,1,1,-1,1,1,1,1,-1,1,-1,-1,1,-1,1,1,1,-1,-1,-1,1,1,1,1,-1,-1,-1,1,1,1,1,-1,-1,-1,1,1,1,-1,-1,-1,1,1,1,1,-1,-1,1,1,1,1,1,-1,-1,-1,1,-1,1,1,-1,-1,1,1,1,1,1,-1,-1,-1,1,-1,1,1,-1,-1,1,1,1,1,1,1,-1,-1,1,1,-1,1,1,-1,1,1,1,1,1,1,-1,1,1,1,1,1,1,-1,1,1,1,1,1,1,-1,-1,-1,1,1,1,1,-1,1,1,1,1,-1,1,-1,1,-1,1,1,1,-1,-1,1,1,1,1,1,-1,1,-1,-1,1,-1,1,-1,1,1,1,1,1,1,1,1,1,-1,1,-1,1,-1,1,1,-1,1,-1,1,1,-1,1,-1,1,-1,1,-1,1,1,-1,1,-1,1,1,1,1,-1,-1,1,1,-1,-1,1,-1,1,-1,-1,1,-1,1,-1,1,-1,1,-1,1,1,-1,-1,-1,1,1,-1,1,-1,1,1,1,-1,1,1,-1,1,-1,1,-1,1,-1,1,-1,1,1,-1,1,-1,-1,-1,1,1,-1,1,-1,-1,-1,1,1,-1,-1,1,1,-1,-1,1,1,-1,1,1,-1,1,1,1,1,-1,1,-1,1,1,-1,1,-1,1,1,-1,1,1,1,1,1,-1,-1,1,-1,-1,-1,1,1,-1,1,1,1,-1,1,-1,-1,1,1,1,1,1,-1,1,1,1,-1,1,1,-1,1,1,1,-1,1,1,-1,-1,1,1,1,-1,1,-1,1,1,1,-1,1,1,-1,1,1,1,-1,1,-1,-1,1,1,1,-1,1,-1,-1,-1,1,1,-1,1,-1,-1,1,-1,1,-1,1,1,-1,-1,1,1,1,-1,1,-1,-1,1,1,-1,1,-1,-1,-1,-1,-1,-1,1,1,-1,-1,1,1,-1,1,-1,-1,-1,1,1,1,1,-1,-1,1,1,1,-1,1,-1,-1,-1,-1,1,1,1,1,-1,-1,1,1,1,1,-1,-1,1,-1,-1,1,-1,1,-1,-1,1,-1,1,1,-1,-1,1,1,-1,1,-1,1,-1,-1,1,-1,1,1,-1,-1,-1,1,-1,-1,1,1,-1,-1,1,-1,1,1,-1,1,-1,1,-1,-1,1,1,-1,-1,1,-1,1,1,-1,-1,1,1,-1,1,-1,1,-1,1,-1,-1,1,-1,1,-1,1,-1,-1,1,-1,-1,-1,1,-1,-1,1,-1,1,-1,1,-1,-1,1,-1,-1,1,-1,1,-1,1,1,1,-1,1,1,-1,-1,1,1,-1,1,-1,-1,1,-1,1,1,1,1,-1,-1,1,1,-1,1,1,-1,-1,1,1,1,-1,1,1,-1,1,1,1,1,1,-1,1,-1,-1,-1,1,-1,-1,1,-1,1,-1,1,-1,1,-1,-1,-1,1,1,-1,1,1,-1,-1,-1,1,-1,1,1,-1,1,-1,1,-1,-1,-1,-1,-1,-1,1,-1,-1,-1,-1,-1,-1,1,-1,1,1,1,1,-1,1,-1,1,1,-1,-1,-1,1,-1,-1,1,-1,1,-1,-1,1,1,1,1,-1,-1,1,1,1,1,-1,1,-1,-1,1,1,1,-1,-1,-1,1,1,1,1,-1,1,-1,1,-1,1,-1,1,1,-1,-1,1,1,1,-1,-1,-1,-1,1,1,1,1,-1,-1,-1,1,1,1,1,-1,-1,-1,1,1,1,-1,-1,-1,1,1,1,1,1,-1,-1,-1,1,1,1,1,-1,-1,-1,1,1,-1,1,-1,-1,-1,1,1,1,1,-1,-1,1,1,1,1,-1,-1,1,1,-1,1,1,-1,-1,-1,1,1,1,1,1,-1,1,1,1,1,1,-1,-1,-1,1,-1,1,-1,-1,-1,-1,1,-1,1,1,-1,-1,-1,1,-1,1,1,-1,1,-1,1,1,1,1,-1,1,-1,1,-1,1,1,-1,-1,-1,1,1,-1,-1,-1,-1,-1,1,-1,1,-1,-1,-1,-1,-1,-1,-1,1,-1,-1,-1,1,-1,-1,1,-1,-1,-1,-1,-1,1,1,-1,-1,-1,-1,-1,1,-1,-1,-1,1,-1,-1,1,-1,1,-1,-1,-1,-1,-1,-1,-1,1,-1,-1,-1,1,1,1,-1,-1,1,-1,-1,-1,-1,-1,1,-1,-1,1,1,1,-1,-1,-1,-1,1,-1,1,1,-1,1,-1,-1,1,1,-1,-1,-1,-1,-1,-1,1,1,-1,-1,1,-1,1,1,-1,-1,-1,1,-1,1,1,-1,-1,1,-1,-1,1,1,1,-1,1,-1,1,1,1,-1,-1,1,-1,-1,1,1,1,-1,1,-1,-1,1,1,-1,1,1,-1,-1,1,1,-1,1,1,-1,-1,1,1,-1,1,1,-1,-1,1,1,1,1,1,1,-1,-1,1,-1,1,1,-1,-1,1,-1,1,1,1,1,-1,-1,1,-1,1,1,1,-1,1,1,1,1,-1,1,-1,1,1,1,1,1,1,1,-1,1,1,1,1,-1,1,-1,1,1,1,1,1,-1,1,1,1,1,-1,1,1,-1,1,1,-1,1,1,-1,-1,1,1,1,1,-1,1,-1,1,1,1,-1,-1,1,-1,1,1,1,-1,1,-1,-1,-1,1,1,-1,-1,1,-1,-1,1,1,1,-1,1,-1,-1,1,1,1,-1,-1,-1,-1,1,1,-1,-1,-1,1,-1,-1,1,-1,1,1,-1,1,1,-1,-1,1,-1,-1,-1,1,1,-1,1,1,-1,1,1,-1,-1,-1,-1,1,-1,-1,-1,-1,-1,-1,-1,1,1,-1,1,1,-1,1,1,1,1,-1,1,-1,1,1,1,-1,-1,1,-1,-1,-1,1,-1,-1,1,-1,1,1,1,-1,-1,1,-1,1,1,1,1,-1,1,-1,-1,1,1,1,-1,-1,1,-1,1,-1,1,-1,1,-1,-1,1,-2670.0,1,2000,445,1500,False
1308,1,1,-1,-1,1,1,-1,-1,1,1,1,-1,-1,1,1,1,-1,1,-1,-1,1,-1,1,1,1,-1,1,-1,1,1,1,1,-1,1,-1,-1,1,1,1,1,-1,-1,-1,1,1,1,1,-1,1,1,1,1,-1,1,-1,-1,1,-1,1,1,1,-1,1,-1,1,1,1,1,-1,-1,-1,1,1,1,1,-1,1,-1,1,1,1,-1,-1,1,1,1,1,1,-1,-1,-1,1,1,1,1,-1,1,1,1,-1,1,1,-1,-1,1,1,1,1,1,-1,-1,1,1,1,1,1,-1,-1,1,1,1,1,1,1,-1,1,1,1,-1,1,1,-1,1,1,1,1,1,1,-1,1,1,1,1,1,1,-1,-1,1,1,1,1,1,-1,1,-1,1,1,1,1,-1,1,1,1,1,-1,1,-1,1,-1,1,1,1,-1,-1,1,1,1,1,1,-1,1,-1,-1,1,-1,1,-1,1,1,1,1,1,1,1,1,1,-1,1,-1,1,-1,1,1,-1,1,-1,1,1,-1,1,-1,1,-1,1,-1,1,1,-1,-1,-1,1,1,1,1,-1,-1,1,1,-1,-1,1,-1,1,-1,-1,1,-1,1,-1,1,-1,1,-1,1,1,-1,-1,-1,1,1,-1,1,-1,1,1,1,-1,1,1,-1,1,-1,1,-1,1,-1,1,-1,1,1,-1,1,-1,-1,-1,1,1,-1,1,-1,-1,-1,1,1,-1,-1,1,1,-1,-1,1,1,-1,1,1,-1,1,1,1,1,-1,1,-1,1,1,-1,1,-1,1,-1,1,1,1,1,1,1,-1,-1,1,-1,-1,-1,1,1,-1,1,1,1,-1,1,1,1,1,1,1,1,1,-1,1,1,1,-1,1,1,-1,1,1,1,-1,1,1,-1,-1,1,1,1,-1,1,-1,1,1,1,-1,1,1,-1,1,1,1,-1,1,1,-1,1,1,1,-1,1,1,-1,-1,1,1,-1,1,1,-1,1,-1,1,-1,1,1,1,-1,1,1,1,1,1,1,-1,1,1,-1,1,-1,1,-1,-1,-1,-1,1,1,1,-1,1,1,-1,1,1,-1,-1,1,1,1,1,1,-1,1,1,1,-1,1,1,1,-1,-1,1,1,1,-1,1,-1,1,1,1,1,1,1,-1,-1,-1,1,-1,-1,1,-1,1,-1,1,1,1,1,1,-1,-1,1,-1,-1,1,-1,1,-1,1,1,-1,1,-1,1,-1,-1,1,-1,1,1,-1,-1,1,1,1,-1,1,-1,-1,-1,1,-1,1,1,-1,-1,1,1,1,1,-1,1,-1,1,-1,-1,1,-1,-1,-1,1,-1,1,1,-1,-1,-1,1,-1,1,1,1,-1,-1,1,-1,-1,1,-1,-1,-1,1,-1,1,1,1,-1,-1,1,-1,-1,1,-1,-1,-1,-1,-1,-1,1,-1,-1,-1,1,-1,-1,1,-1,-1,-1,-1,1,-1,1,-1,-1,-1,-1,1,-1,-1,1,1,1,-1,1,-1,1,-1,1,-1,1,-1,-1,-1,1,-1,-1,1,1,1,-1,1,-1,1,1,1,-1,1,1,-1,1,-1,1,-1,-1,1,-1,-1,1,1,1,-1,1,-1,-1,1,1,-1,-1,1,-1,-1,1,1,-1,-1,1,-1,-1,-1,1,1,-1,1,1,-1,-1,1,-1,-1,1,-1,1,-1,1,1,-1,-1,1,-1,-1,-1,-1,-1,1,1,1,-1,-1,1,-1,-1,1,-1,-1,1,-1,-1,1,1,-1,-1,1,-1,-1,1,1,-1,1,-1,1,-1,-1,1,1,-1,-1,-1,-1,-1,1,-1,-1,1,-1,-1,-1,1,1,-1,-1,-1,-1,-1,1,-1,-1,-1,-1,-1,-1,1,1,-1,-1,-1,-1,1,1,1,-1,-1,-1,-1,-1,1,1,1,-1,-1,-1,-1,1,1,1,-1,-1,-1,1,1,1,1,1,-1,1,1,1,1,1,1,-1,-1,1,1,1,-1,1,-1,1,1,1,1,-1,1,-1,-1,1,-1,1,-1,1,-1,-1,1,-1,1,1,1,-1,-1,1,-1,1,-1,1,-1,-1,1,-1,1,1,1,-1,-1,1,-1,1,1,1,-1,-1,1,1,-1,1,1,-1,-1,1,-1,1,-1,1,-1,-1,-1,-1,-1,1,1,-1,-1,1,-1,-1,1,1,-1,-1,-1,-1,1,-1,1,-1,-1,-1,-1,1,1,-1,-1,1,-1,-1,1,-1,1,-1,-1,-1,-1,-1,1,1,1,-1,-1,-1,1,1,1,-1,-1,1,-1,-1,-1,1,-1,1,-1,-1,1,1,1,-1,-1,-1,-1,1,-1,1,1,-1,1,-1,-1,1,1,-1,-1,-1,-1,-1,-1,1,1,-1,-1,1,-1,1,1,-1,-1,-1,1,-1,1,1,-1,-1,1,-1,-1,1,1,1,-1,1,-1,1,1,1,-1,-1,1,-1,-1,1,1,1,-1,1,-1,-1,1,1,-1,1,1,-1,-1,1,1,-1,1,1,-1,-1,1,1,-1,1,1,-1,-1,1,1,1,1,1,1,-1,-1,1,1,-1,1,-1,-1,1,-1,1,1,1,1,-1,-1,1,-1,1,1,1,-1,1,1,1,1,-1,1,-1,1,1,1,1,1,1,1,-1,1,1,1,1,-1,1,-1,1,1,1,1,1,-1,1,1,1,1,-1,1,1,-1,1,1,-1,1,1,-1,-1,1,1,1,1,-1,1,-1,1,1,1,-1,-1,1,-1,1,-1,1,-1,1,-1,-1,-1,1,1,-1,-1,1,-1,-1,1,-1,1,-1,1,-1,-1,-1,1,1,-1,1,-1,-1,1,1,-1,-1,-1,1,-1,1,-1,-1,1,1,-1,1,1,-1,-1,1,-1,-1,-1,-1,1,-1,1,1,-1,1,-1,1,-1,-1,-1,1,-1,-1,-1,-1,1,-1,-1,1,1,-1,1,1,-1,1,1,-1,-1,-1,1,-1,1,1,1,1,-1,1,-1,-1,1,1,-1,-1,1,-1,1,1,1,1,-1,1,-1,1,1,-1,-1,-1,1,-1,-1,1,1,-1,-1,-1,1,-1,1,-1,1,-1,1,-1,-1,1,-2670.0,1,2000,445,1500,False
1309,1,1,-1,-1,1,1,-1,-1,1,1,1,-1,-1,1,1,1,-1,1,-1,-1,-1,-1,1,1,1,-1,-1,-1,1,1,1,1,-1,-1,-1,-1,1,-1,1,1,-1,-1,-1,1,1,1,1,-1,1,1,1,1,-1,1,-1,-1,1,-1,1,1,1,-1,-1,-1,1,1,1,1,-1,-1,-1,1,1,1,1,-1,-1,-1,1,1,1,-1,-1,-1,1,1,1,1,-1,-1,-1,1,1,1,1,-1,-1,1,1,-1,1,1,-1,-1,1,1,1,1,1,-1,-1,1,1,-1,1,1,-1,-1,1,1,1,1,1,1,-1,1,1,1,-1,1,1,-1,1,1,1,1,1,1,-1,-1,1,1,1,1,1,-1,1,1,1,1,1,1,-1,-1,-1,1,1,1,1,-1,1,1,1,1,-1,1,-1,1,-1,1,1,1,-1,-1,1,1,1,1,1,-1,1,-1,-1,1,-1,1,-1,1,1,1,1,1,1,1,1,1,-1,1,-1,1,-1,1,1,-1,1,-1,1,1,-1,1,-1,1,-1,1,-1,1,1,-1,1,-1,1,1,1,1,-1,-1,1,1,-1,-1,1,-1,1,-1,-1,1,-1,1,-1,1,-1,1,-1,1,1,-1,1,-1,1,1,-1,1,-1,1,1,1,-1,1,1,-1,1,-1,1,-1,1,-1,1,-1,1,1,-1,1,-1,-1,-1,1,1,-1,1,-1,-1,-1,1,1,-1,-1,1,1,-1,-1,1,1,-1,1,1,-1,1,1,1,-1,-1,1,-1,1,1,-1,1,-1,1,1,1,1,1,-1,-1,1,-1,-1,1,-1,1,-1,1,1,-1,1,1,1,-1,1,1,1,1,1,-1,-1,1,-1,1,1,1,1,-1,1,-1,1,1,1,-1,1,1,-1,-1,1,1,-1,-1,1,-1,1,1,1,1,1,1,-1,1,1,1,1,1,1,-1,1,1,1,1,1,1,-1,-1,1,1,1,1,1,-1,1,-1,1,-1,1,1,1,-1,1,1,1,1,1,1,-1,1,1,1,-1,1,1,-1,-1,-1,-1,1,1,1,-1,1,1,-1,1,1,-1,-1,1,1,1,1,1,-1,1,1,1,-1,1,1,1,1,-1,1,1,1,-1,1,-1,1,-1,1,1,1,1,-1,-1,-1,1,-1,-1,1,-1,1,-1,-1,1,1,1,1,-1,-1,1,-1,-1,1,-1,1,-1,1,1,1,1,1,1,-1,-1,1,-1,1,1,-1,-1,1,1,1,-1,1,-1,-1,1,1,-1,1,1,-1,-1,1,1,1,1,-1,1,-1,1,-1,1,1,-1,-1,1,1,-1,1,1,-1,-1,-1,1,-1,1,1,1,-1,-1,1,-1,-1,1,-1,-1,-1,1,-1,1,1,1,-1,-1,1,1,-1,1,-1,-1,-1,1,-1,1,1,-1,-1,-1,1,-1,-1,1,-1,-1,-1,-1,1,-1,1,-1,-1,1,-1,1,-1,-1,1,1,1,-1,1,-1,1,-1,1,1,1,-1,-1,-1,1,-1,-1,-1,1,1,-1,1,-1,1,1,1,-1,1,1,-1,1,-1,1,-1,-1,1,-1,-1,1,1,1,-1,1,-1,-1,1,1,-1,-1,1,-1,-1,1,1,-1,-1,1,-1,-1,-1,1,1,-1,1,1,-1,-1,1,-1,-1,1,-1,1,-1,1,1,-1,-1,1,-1,-1,-1,-1,-1,1,1,1,-1,-1,1,-1,-1,1,-1,-1,1,-1,-1,-1,1,-1,-1,1,1,-1,1,1,-1,1,-1,1,-1,-1,1,1,-1,-1,-1,-1,-1,1,-1,-1,1,-1,-1,-1,1,1,-1,-1,-1,-1,-1,1,-1,-1,-1,-1,-1,1,1,1,-1,-1,-1,-1,-1,1,1,-1,-1,-1,-1,-1,1,1,1,-1,-1,-1,-1,1,1,-1,-1,-1,-1,1,1,1,1,1,-1,1,1,1,1,1,1,-1,-1,1,1,1,1,1,-1,1,1,1,1,-1,1,-1,-1,1,-1,1,-1,1,-1,-1,1,-1,1,-1,1,-1,-1,1,-1,1,-1,1,1,-1,1,-1,1,1,1,1,-1,1,-1,1,1,1,-1,-1,1,1,-1,1,1,-1,-1,1,-1,1,-1,1,-1,-1,-1,-1,-1,1,1,-1,-1,1,-1,-1,1,1,-1,-1,-1,-1,1,-1,1,-1,-1,-1,-1,-1,1,-1,-1,1,-1,-1,1,-1,1,-1,-1,-1,-1,-1,1,1,1,-1,-1,-1,1,1,1,-1,-1,1,-1,-1,-1,1,-1,1,-1,-1,1,1,1,-1,-1,-1,-1,1,-1,1,1,-1,1,-1,-1,1,1,-1,-1,-1,-1,-1,-1,1,1,-1,-1,1,-1,1,1,-1,-1,-1,1,-1,1,1,-1,-1,1,-1,-1,1,1,1,-1,1,-1,1,1,1,-1,-1,1,-1,-1,1,1,1,-1,1,-1,-1,1,1,-1,1,1,-1,-1,1,1,-1,1,1,-1,-1,1,1,-1,1,1,-1,-1,1,1,1,1,1,1,-1,1,1,1,-1,1,-1,-1,1,-1,1,1,1,1,-1,-1,1,-1,1,1,1,-1,1,1,1,1,-1,1,-1,1,1,1,1,1,1,-1,-1,-1,1,1,1,-1,1,-1,1,1,1,1,-1,1,-1,1,1,1,-1,-1,1,-1,1,1,-1,1,-1,-1,-1,-1,1,1,-1,1,-1,-1,1,1,1,-1,-1,-1,-1,1,1,1,-1,-1,-1,-1,-1,1,1,-1,1,-1,-1,-1,1,1,-1,1,-1,1,-1,1,1,1,1,1,-1,-1,1,1,-1,-1,1,1,-1,1,1,-1,1,-1,-1,1,1,-1,-1,1,-1,-1,-1,1,1,-1,1,1,-1,1,1,-1,-1,-1,-1,1,-1,-1,-1,-1,1,-1,-1,1,1,-1,1,1,-1,1,1,1,1,-1,1,-1,1,1,1,1,-1,1,-1,-1,1,1,1,-1,1,-1,1,1,1,1,-1,1,-1,1,1,1,-1,-1,1,-1,-1,1,1,-1,-1,-1,1,-1,1,-1,1,-1,1,-1,-1,1,-2670.0,1,2000,445,1500,False
1310,1,1,-1,-1,1,-1,1,-1,1,1,1,-1,1,1,-1,1,-1,1,-1,-1,1,1,1,1,1,-1,1,-1,1,1,1,1,1,-1,-1,-1,1,1,1,1,-1,-1,1,1,1,1,1,-1,1,1,1,1,-1,1,-1,-1,1,-1,1,1,1,-1,-1,1,1,1,1,1,-1,-1,1,1,1,1,1,-1,-1,-1,1,1,1,-1,-1,-1,1,1,1,1,-1,-1,-1,1,1,1,1,-1,-1,1,1,-1,1,1,-1,-1,1,1,1,1,1,-1,-1,1,1,1,1,1,-1,-1,1,1,1,1,1,1,-1,1,1,1,-1,1,1,-1,1,1,1,1,1,1,-1,-1,1,1,-1,1,1,-1,1,1,1,1,1,1,-1,-1,-1,1,1,1,1,-1,1,1,1,1,-1,1,-1,1,-1,1,1,1,-1,-1,1,1,1,-1,1,-1,1,-1,-1,1,1,1,-1,1,1,1,1,-1,1,1,1,1,-1,1,-1,1,-1,1,1,-1,1,-1,1,1,-1,1,-1,1,-1,1,-1,1,1,-1,1,-1,1,1,1,1,-1,-1,1,1,-1,-1,1,-1,1,1,-1,1,-1,1,-1,1,-1,1,-1,-1,1,-1,-1,1,1,1,-1,1,-1,1,1,1,-1,1,1,-1,1,-1,1,-1,1,-1,1,-1,1,1,-1,1,-1,-1,-1,1,1,-1,1,-1,-1,-1,-1,1,-1,-1,1,1,-1,-1,1,1,-1,1,1,-1,1,1,1,1,-1,1,-1,1,1,-1,1,-1,1,1,-1,1,1,1,1,1,-1,-1,1,-1,-1,1,1,1,-1,1,1,1,-1,1,-1,-1,1,1,1,1,1,-1,-1,1,1,-1,-1,1,-1,-1,1,1,-1,1,1,-1,1,-1,1,1,-1,1,-1,1,1,1,-1,1,1,-1,1,1,1,-1,1,-1,-1,1,1,1,-1,1,-1,-1,1,-1,1,-1,1,-1,-1,1,-1,1,-1,1,1,-1,1,-1,1,1,-1,1,-1,-1,1,1,-1,1,-1,-1,1,1,-1,-1,1,1,-1,1,-1,1,-1,1,-1,1,1,-1,1,1,1,-1,1,1,-1,1,-1,1,-1,-1,1,-1,1,1,1,1,-1,1,1,1,1,1,-1,-1,1,-1,-1,1,-1,1,-1,-1,1,-1,1,1,-1,-1,-1,1,-1,1,-1,1,-1,1,-1,-1,1,1,-1,-1,-1,1,-1,-1,1,1,-1,-1,1,-1,1,1,-1,1,-1,1,-1,-1,1,1,-1,-1,-1,-1,1,1,-1,-1,-1,1,-1,1,-1,1,-1,-1,1,-1,1,-1,1,-1,-1,-1,-1,1,-1,-1,-1,-1,-1,-1,1,-1,1,-1,-1,-1,-1,1,-1,-1,1,-1,-1,-1,1,1,1,-1,-1,-1,-1,-1,1,1,-1,1,-1,-1,1,1,1,1,1,-1,-1,-1,1,1,-1,1,-1,1,-1,1,1,1,-1,1,1,-1,1,1,1,1,1,1,1,-1,-1,-1,1,-1,-1,1,1,-1,1,1,-1,1,-1,-1,-1,1,1,-1,1,1,-1,1,-1,1,-1,1,1,-1,-1,-1,1,-1,-1,-1,-1,1,-1,1,-1,-1,-1,-1,-1,-1,1,-1,1,1,1,1,-1,1,-1,1,1,-1,-1,-1,1,-1,-1,1,-1,1,-1,-1,1,1,1,1,-1,-1,1,1,1,1,-1,1,-1,-1,1,1,1,-1,-1,-1,1,1,1,1,-1,-1,-1,1,-1,1,-1,1,-1,-1,-1,1,1,1,-1,-1,-1,-1,1,1,1,1,-1,-1,-1,1,1,1,1,-1,-1,-1,1,-1,1,-1,-1,-1,-1,1,1,1,1,-1,1,-1,1,-1,1,1,-1,-1,-1,1,1,-1,1,-1,-1,-1,1,1,1,1,-1,-1,1,-1,1,-1,1,-1,1,1,-1,1,-1,1,-1,-1,1,1,-1,1,1,-1,1,1,1,-1,1,-1,-1,-1,1,-1,-1,1,-1,-1,1,-1,1,-1,1,1,-1,-1,-1,1,-1,1,1,-1,-1,1,1,-1,1,-1,-1,1,-1,-1,-1,1,1,-1,-1,1,1,-1,1,1,-1,-1,1,-1,1,-1,1,-1,-1,-1,-1,-1,-1,1,-1,-1,1,-1,1,-1,1,-1,-1,-1,-1,-1,-1,1,-1,-1,-1,-1,-1,1,-1,-1,1,-1,-1,1,-1,1,-1,-1,-1,-1,1,-1,1,1,-1,-1,-1,1,1,1,-1,-1,1,-1,1,-1,1,-1,1,-1,-1,-1,1,1,-1,-1,-1,-1,1,-1,1,1,-1,1,-1,-1,1,1,-1,-1,-1,-1,-1,-1,1,1,-1,-1,1,-1,1,1,-1,-1,-1,1,-1,1,1,-1,-1,1,-1,-1,1,1,1,-1,1,-1,1,1,1,-1,-1,1,-1,-1,1,1,1,-1,1,-1,-1,1,1,-1,1,1,-1,-1,1,1,-1,1,1,-1,-1,1,1,1,1,1,-1,-1,1,1,1,1,-1,1,-1,-1,1,1,-1,1,-1,-1,1,-1,1,1,1,1,-1,-1,1,-1,1,1,1,-1,1,1,1,1,-1,1,-1,1,1,1,1,1,1,1,-1,1,1,1,1,-1,1,-1,1,1,1,1,1,-1,1,1,1,1,-1,1,1,-1,1,1,-1,1,1,-1,-1,1,1,1,1,-1,1,-1,1,1,1,-1,-1,1,-1,1,1,1,-1,1,-1,-1,-1,1,1,-1,-1,1,-1,-1,1,1,-1,-1,1,-1,-1,1,1,1,1,-1,-1,-1,1,1,-1,-1,-1,1,-1,-1,1,-1,1,1,-1,1,1,-1,-1,1,-1,-1,-1,1,1,-1,1,1,-1,1,1,-1,-1,-1,-1,1,-1,-1,-1,-1,1,-1,-1,1,1,-1,1,1,-1,1,1,1,1,-1,1,-1,1,1,1,1,-1,1,-1,-1,-1,1,1,-1,1,-1,1,1,1,1,-1,1,-1,1,1,-1,-1,-1,1,-1,-1,1,1,-1,-1,-1,1,-1,1,-1,1,-1,1,-1,-1,1,-2670.0,1,2000,445,1500,False
1311,1,1,-1,-1,1,1,-1,-1,1,1,1,-1,1,1,1,1,-1,1,-1,-1,-1,-1,1,1,1,-1,-1,-1,1,1,1,1,1,-1,-1,-1,1,1,1,1,-1,-1,-1,1,1,1,1,-1,1,1,1,1,-1,1,-1,-1,1,-1,1,1,1,-1,-1,-1,1,1,1,1,-1,-1,-1,1,1,1,1,-1,-1,-1,1,1,1,-1,-1,-1,1,1,1,1,-1,-1,-1,1,1,1,1,-1,-1,1,1,-1,1,1,-1,-1,1,1,1,1,1,-1,-1,-1,1,1,1,1,-1,-1,1,1,1,1,1,1,-1,-1,1,1,-1,1,1,-1,1,1,1,1,1,1,-1,1,1,1,1,1,1,-1,1,1,1,1,1,1,-1,-1,-1,1,1,1,1,-1,1,1,1,1,-1,1,-1,1,-1,1,1,1,-1,-1,1,1,1,1,1,-1,1,-1,-1,1,-1,1,-1,1,1,1,1,1,1,1,1,1,1,1,-1,1,-1,1,1,-1,1,-1,1,1,-1,1,-1,1,-1,1,-1,1,1,-1,1,-1,1,1,1,1,-1,-1,1,1,-1,-1,1,-1,1,-1,-1,1,-1,1,-1,1,-1,1,-1,1,1,-1,-1,-1,1,1,-1,1,-1,1,1,1,-1,1,1,-1,1,-1,1,-1,1,-1,1,-1,1,1,-1,1,-1,-1,-1,1,1,-1,1,-1,-1,-1,1,1,-1,-1,1,1,-1,-1,1,1,-1,1,1,-1,1,1,1,1,-1,1,-1,1,1,-1,1,-1,1,-1,1,1,1,1,1,1,-1,-1,1,-1,-1,-1,1,1,-1,1,1,1,-1,1,1,1,1,1,1,1,1,-1,1,1,1,-1,-1,1,-1,1,1,1,-1,1,1,-1,-1,1,1,1,-1,1,-1,1,1,1,-1,1,1,-1,1,1,1,-1,1,1,-1,1,1,1,-1,1,1,1,-1,1,1,-1,1,1,-1,1,-1,1,-1,1,1,1,-1,1,1,1,1,1,1,-1,1,1,-1,1,1,1,-1,-1,-1,-1,1,1,1,-1,1,1,-1,1,1,-1,-1,1,1,1,1,1,-1,1,1,1,-1,1,1,1,1,-1,1,1,1,-1,1,-1,1,1,1,1,1,1,-1,-1,-1,1,-1,-1,1,1,-1,1,1,1,1,1,1,1,-1,1,-1,-1,1,-1,1,-1,1,1,-1,1,1,1,-1,-1,1,-1,1,1,1,-1,1,1,1,-1,1,1,-1,-1,1,-1,1,1,1,-1,1,1,1,1,1,1,-1,1,-1,1,1,1,-1,-1,1,-1,1,1,1,-1,-1,1,-1,1,1,1,-1,-1,1,1,-1,1,1,-1,-1,1,-1,1,1,1,1,-1,1,-1,-1,1,1,1,-1,-1,-1,1,1,1,-1,-1,1,-1,-1,1,-1,1,-1,-1,1,-1,1,-1,1,1,-1,1,-1,-1,1,1,1,-1,1,-1,1,-1,1,-1,1,-1,-1,-1,1,-1,-1,1,1,1,-1,1,-1,1,1,1,-1,1,1,-1,1,-1,1,-1,-1,1,-1,-1,1,1,1,-1,1,-1,-1,1,1,-1,-1,1,-1,-1,1,1,-1,-1,1,-1,-1,-1,1,1,-1,1,1,-1,-1,1,-1,-1,1,-1,1,-1,1,1,-1,-1,1,-1,-1,-1,-1,-1,1,1,1,-1,-1,1,-1,-1,1,-1,-1,1,-1,-1,1,1,-1,-1,1,-1,-1,1,1,-1,1,-1,-1,-1,-1,1,1,-1,-1,-1,-1,-1,1,-1,-1,1,-1,-1,-1,1,1,-1,-1,-1,-1,-1,1,-1,-1,-1,-1,-1,1,1,1,-1,-1,-1,-1,-1,1,1,-1,-1,-1,-1,-1,1,1,1,-1,-1,-1,-1,1,1,-1,-1,-1,-1,1,1,1,1,-1,-1,1,1,1,1,1,-1,-1,-1,1,1,1,-1,1,-1,1,1,1,1,-1,1,-1,-1,1,-1,1,-1,1,-1,-1,1,-1,1,-1,-1,-1,-1,1,-1,1,-1,1,-1,-1,1,-1,1,-1,1,-1,-1,1,-1,1,-1,-1,-1,-1,1,1,-1,-1,-1,-1,-1,1,-1,1,-1,-1,-1,-1,-1,-1,-1,1,-1,-1,-1,1,-1,-1,1,-1,-1,-1,-1,-1,1,1,-1,-1,-1,-1,-1,1,-1,-1,-1,1,-1,-1,1,-1,1,-1,-1,-1,-1,-1,-1,-1,1,-1,-1,-1,1,1,-1,-1,-1,1,-1,-1,-1,-1,-1,1,-1,-1,1,-1,1,-1,-1,-1,-1,1,-1,1,1,-1,1,-1,-1,1,1,-1,-1,-1,-1,-1,-1,1,1,-1,-1,1,-1,1,1,-1,-1,-1,1,-1,-1,1,-1,-1,1,-1,-1,1,1,1,-1,1,-1,1,1,1,-1,-1,1,-1,-1,1,1,1,-1,1,-1,-1,1,1,-1,1,1,-1,-1,1,1,-1,1,1,-1,-1,1,1,1,1,1,-1,-1,1,1,1,1,1,1,-1,-1,1,1,-1,1,-1,-1,1,-1,1,1,1,1,-1,-1,1,-1,1,1,1,-1,1,1,1,1,-1,1,-1,1,1,1,1,1,1,1,-1,1,1,1,1,-1,1,-1,1,1,1,1,1,-1,1,1,1,1,-1,1,1,-1,1,1,-1,1,1,-1,-1,1,1,1,1,-1,1,-1,1,1,1,-1,-1,1,-1,1,1,1,-1,1,-1,-1,-1,1,1,-1,-1,1,-1,-1,1,1,-1,-1,1,-1,-1,1,1,1,-1,1,-1,-1,1,1,-1,-1,-1,1,-1,1,1,-1,1,1,-1,1,1,-1,-1,1,-1,-1,-1,1,1,-1,1,1,-1,1,1,-1,-1,-1,-1,1,-1,-1,-1,-1,1,-1,-1,1,1,-1,1,1,-1,1,1,1,1,-1,1,-1,1,1,1,-1,-1,1,-1,-1,1,1,-1,-1,1,-1,1,1,1,-1,-1,1,-1,1,1,1,1,-1,1,-1,-1,1,1,-1,-1,-1,1,-1,1,-1,1,-1,1,-1,-1,1,-2670.0,1,2000,445,1500,False
1312,1,1,-1,-1,1,-1,-1,-1,1,1,1,-1,1,1,1,1,-1,1,-1,-1,-1,-1,1,1,1,-1,-1,-1,1,1,1,1,1,-1,-1,-1,1,-1,1,-1,-1,-1,-1,1,1,1,1,-1,1,1,1,1,-1,1,-1,-1,1,-1,1,1,1,-1,-1,-1,1,1,1,1,-1,-1,-1,1,1,1,1,-1,-1,-1,1,1,1,-1,-1,-1,1,1,1,1,-1,1,-1,1,1,1,1,-1,-1,1,1,-1,1,1,-1,-1,1,1,1,1,1,-1,-1,1,1,1,1,1,-1,-1,1,1,1,1,1,1,-1,1,1,1,-1,1,1,-1,1,1,1,1,1,1,-1,-1,1,1,1,1,1,-1,1,1,1,1,1,1,-1,-1,-1,1,1,1,1,-1,1,1,1,1,-1,1,-1,1,-1,1,1,1,-1,-1,1,1,1,1,1,-1,1,-1,-1,1,-1,1,-1,1,1,1,1,1,1,1,1,1,1,1,-1,1,-1,1,1,-1,1,-1,1,1,-1,1,-1,1,-1,1,-1,1,1,-1,-1,-1,1,1,1,1,-1,-1,1,1,-1,-1,1,-1,1,-1,-1,1,-1,1,-1,1,-1,1,-1,1,1,-1,-1,-1,1,1,-1,1,-1,1,1,1,-1,1,1,-1,-1,-1,1,-1,1,-1,1,-1,1,1,-1,1,-1,-1,-1,1,1,-1,1,-1,-1,-1,1,1,-1,-1,1,1,-1,-1,1,1,-1,1,1,-1,1,1,1,1,-1,1,-1,1,1,-1,1,-1,1,1,1,1,1,1,1,1,-1,-1,1,-1,-1,-1,1,1,-1,1,1,1,-1,1,1,1,1,1,1,1,1,-1,1,1,1,-1,1,1,-1,1,1,1,-1,1,1,-1,-1,1,1,1,-1,1,-1,1,1,1,-1,1,1,-1,1,1,1,-1,1,1,-1,1,1,1,-1,1,1,-1,-1,1,1,-1,1,1,-1,1,-1,1,-1,1,1,1,-1,1,1,1,1,1,1,-1,1,1,-1,1,1,1,-1,-1,-1,-1,1,1,1,-1,1,1,-1,1,1,-1,-1,1,1,1,1,1,-1,1,1,1,-1,1,1,1,1,-1,1,1,1,-1,1,-1,1,-1,1,1,1,1,-1,-1,-1,1,-1,-1,1,-1,1,-1,1,1,1,1,1,-1,-1,1,-1,-1,1,-1,1,-1,1,1,1,1,1,1,-1,-1,1,-1,1,1,-1,-1,1,1,1,-1,1,-1,-1,-1,1,-1,1,1,-1,-1,1,1,1,1,-1,1,-1,1,-1,-1,1,-1,-1,1,1,-1,1,1,-1,-1,-1,1,-1,1,1,1,-1,-1,1,1,-1,1,-1,-1,-1,1,-1,1,1,1,-1,-1,1,1,-1,1,-1,-1,-1,1,-1,-1,1,-1,-1,-1,1,-1,-1,1,-1,-1,-1,-1,1,-1,1,-1,-1,-1,1,1,-1,-1,1,1,1,-1,1,-1,1,-1,1,-1,1,-1,-1,-1,1,-1,-1,1,1,1,-1,1,-1,1,1,1,-1,1,1,-1,-1,-1,1,-1,-1,1,-1,-1,1,1,1,-1,1,-1,-1,1,1,-1,-1,1,-1,-1,1,1,-1,-1,1,-1,-1,-1,1,1,-1,1,1,-1,-1,1,-1,-1,1,-1,1,-1,1,1,-1,-1,1,-1,-1,-1,-1,-1,1,1,1,-1,-1,1,-1,-1,1,-1,-1,1,-1,-1,1,1,-1,-1,1,-1,-1,1,1,-1,1,-1,1,-1,-1,1,1,-1,-1,-1,-1,1,1,-1,-1,1,-1,-1,-1,1,1,-1,-1,-1,-1,-1,1,-1,-1,-1,-1,-1,-1,1,1,-1,-1,-1,-1,1,1,1,-1,-1,-1,-1,-1,1,1,1,-1,-1,-1,-1,1,1,-1,-1,-1,-1,1,1,1,1,1,-1,1,1,1,1,1,1,-1,-1,1,1,1,-1,-1,-1,1,1,1,1,-1,1,-1,-1,1,-1,1,-1,1,-1,-1,1,-1,1,-1,1,-1,-1,1,-1,1,-1,1,1,-1,1,-1,1,1,1,1,-1,1,-1,1,1,1,-1,-1,1,1,-1,1,1,-1,-1,1,-1,1,-1,1,-1,-1,-1,-1,-1,1,1,-1,-1,1,-1,-1,1,1,-1,-1,-1,-1,1,-1,1,-1,-1,-1,-1,-1,1,-1,-1,1,-1,-1,1,-1,1,-1,-1,-1,-1,-1,1,1,1,-1,-1,-1,1,1,1,-1,-1,1,-1,-1,-1,1,-1,1,-1,-1,1,1,1,-1,-1,-1,-1,1,-1,1,1,-1,1,-1,-1,1,1,-1,-1,-1,-1,-1,-1,1,1,-1,-1,1,-1,1,1,-1,-1,-1,1,-1,1,1,-1,-1,1,-1,-1,1,1,1,-1,1,-1,1,1,1,-1,-1,1,-1,-1,1,1,1,-1,1,-1,-1,1,1,-1,1,1,-1,-1,1,1,1,1,1,-1,-1,1,1,-1,1,1,-1,-1,1,1,1,1,1,1,-1,1,1,1,-1,1,-1,-1,1,-1,1,1,1,1,-1,-1,1,-1,1,1,1,-1,1,-1,1,1,-1,1,-1,1,1,1,1,1,1,1,-1,-1,1,1,1,-1,1,-1,1,1,1,1,1,-1,1,-1,1,1,-1,1,1,-1,-1,1,-1,1,1,-1,-1,1,1,1,1,-1,1,-1,-1,1,1,-1,-1,1,-1,1,1,1,-1,1,-1,-1,-1,1,1,-1,-1,1,-1,-1,1,1,-1,-1,1,-1,-1,1,1,1,-1,1,-1,-1,1,1,-1,-1,-1,1,-1,-1,1,-1,1,1,-1,1,1,-1,-1,1,-1,-1,-1,-1,1,-1,1,1,-1,1,1,-1,-1,-1,-1,1,-1,-1,-1,-1,1,-1,-1,1,1,-1,1,1,-1,1,1,1,1,-1,1,-1,1,1,1,1,-1,1,-1,-1,1,1,1,-1,1,-1,1,1,1,1,-1,1,-1,1,1,1,-1,-1,1,-1,-1,1,1,-1,-1,-1,1,-1,1,-1,1,-1,1,-1,-1,1,-2670.0,1,2000,445,1500,False
1313,1,1,-1,-1,1,1,-1,-1,1,1,1,-1,1,1,1,1,-1,1,-1,-1,1,-1,1,1,1,-1,1,-1,1,1,1,1,1,-1,-1,-1,1,1,1,-1,-1,-1,-1,1,1,1,-1,-1,1,1,1,1,-1,1,-1,-1,1,-1,1,1,-1,-1,-1,-1,1,1,1,-1,-1,-1,-1,1,1,1,1,-1,-1,-1,1,1,1,-1,-1,-1,1,1,1,1,-1,-1,-1,1,1,1,1,-1,-1,1,1,-1,1,1,-1,-1,1,1,1,1,1,-1,-1,1,1,1,1,1,-1,-1,1,1,1,1,1,1,-1,-1,1,1,-1,1,1,-1,1,1,1,1,1,1,-1,-1,1,1,1,1,1,-1,1,1,1,1,1,1,-1,-1,-1,1,1,1,1,-1,1,1,1,1,-1,1,-1,1,-1,1,1,1,-1,-1,1,1,1,1,1,-1,1,-1,-1,1,-1,1,-1,1,1,1,1,1,1,-1,1,1,-1,1,-1,1,1,-1,1,-1,1,-1,1,-1,-1,1,-1,1,-1,1,-1,1,1,-1,1,-1,1,1,1,1,-1,-1,1,1,-1,-1,1,-1,1,-1,-1,1,-1,1,-1,1,-1,1,-1,1,1,-1,-1,-1,1,-1,1,1,-1,1,1,1,1,1,1,-1,1,-1,-1,1,1,-1,1,-1,1,-1,1,1,-1,-1,-1,1,1,1,1,-1,-1,-1,1,1,-1,1,1,1,-1,-1,1,1,1,1,1,-1,1,1,-1,1,-1,1,-1,1,1,1,1,-1,1,-1,1,1,1,1,1,1,-1,-1,1,-1,1,-1,1,1,-1,1,1,1,-1,1,1,1,1,1,1,-1,1,-1,1,1,1,1,-1,1,-1,1,1,1,-1,1,1,-1,-1,1,1,-1,-1,1,-1,1,1,1,1,1,1,-1,1,1,1,1,1,1,-1,1,1,1,1,1,1,-1,-1,1,1,1,1,1,-1,1,-1,1,-1,1,1,1,-1,1,1,1,1,1,1,-1,1,1,1,-1,-1,1,-1,-1,-1,-1,1,1,1,-1,1,1,-1,1,1,-1,-1,1,1,1,1,1,-1,1,1,1,-1,1,1,1,-1,-1,1,1,1,-1,1,-1,1,-1,1,1,1,1,-1,-1,-1,1,-1,-1,1,1,-1,1,1,1,1,1,1,1,-1,1,-1,-1,1,-1,1,-1,1,-1,-1,1,1,1,-1,-1,1,-1,1,1,1,-1,1,1,1,-1,1,1,-1,1,-1,-1,1,1,1,-1,1,-1,1,1,1,1,-1,1,-1,-1,1,1,-1,1,1,-1,1,1,1,-1,-1,1,-1,1,1,1,-1,1,-1,-1,-1,1,1,-1,-1,1,-1,1,1,1,1,-1,1,-1,-1,1,1,1,-1,-1,-1,-1,1,1,-1,-1,1,-1,-1,1,-1,1,-1,-1,1,-1,1,-1,1,-1,-1,1,-1,-1,1,1,1,-1,1,-1,1,-1,1,1,1,-1,-1,-1,1,-1,-1,1,1,1,-1,1,-1,1,1,1,-1,1,1,-1,1,-1,1,-1,-1,1,-1,-1,1,1,1,-1,1,-1,-1,1,1,-1,-1,1,-1,-1,1,1,-1,-1,1,-1,-1,-1,1,1,-1,1,1,-1,-1,1,-1,-1,1,-1,1,-1,1,1,-1,-1,1,-1,-1,-1,-1,-1,1,1,1,-1,-1,1,-1,-1,1,-1,-1,1,-1,-1,1,1,-1,-1,1,-1,-1,1,1,-1,1,-1,-1,-1,-1,1,1,-1,-1,-1,-1,-1,1,-1,-1,1,-1,-1,-1,1,1,-1,-1,-1,-1,-1,1,-1,-1,-1,-1,-1,1,1,1,-1,-1,-1,-1,-1,1,1,-1,-1,-1,-1,-1,1,1,1,-1,-1,-1,-1,1,1,-1,-1,-1,-1,1,1,1,1,-1,-1,1,1,1,1,1,-1,-1,-1,1,1,1,-1,1,-1,1,1,1,1,-1,1,-1,-1,1,-1,1,-1,1,-1,-1,1,-1,1,-1,-1,-1,-1,1,-1,1,-1,1,-1,-1,1,-1,1,-1,1,-1,-1,1,-1,1,-1,-1,-1,-1,1,1,-1,-1,-1,-1,-1,1,-1,1,-1,-1,-1,-1,-1,-1,-1,1,-1,-1,-1,1,-1,-1,1,-1,-1,-1,-1,-1,1,1,-1,-1,-1,-1,-1,1,-1,-1,-1,1,-1,-1,1,-1,1,-1,-1,-1,-1,-1,-1,-1,1,-1,-1,-1,1,1,1,-1,-1,1,-1,-1,-1,-1,-1,1,-1,-1,1,-1,1,-1,-1,-1,-1,1,-1,1,1,-1,1,-1,-1,1,1,-1,-1,-1,-1,-1,-1,1,1,-1,-1,1,-1,1,1,-1,-1,-1,1,-1,1,1,1,-1,1,1,-1,1,1,1,-1,1,-1,1,1,1,-1,-1,1,-1,-1,1,1,1,1,-1,-1,-1,1,1,1,-1,1,-1,-1,1,1,1,1,-1,1,-1,1,1,1,1,1,-1,-1,1,1,1,1,1,-1,-1,1,1,1,1,-1,-1,-1,1,-1,1,1,1,-1,-1,-1,1,-1,1,1,-1,-1,1,1,1,1,1,-1,-1,1,1,1,1,1,-1,-1,-1,-1,1,1,1,-1,1,-1,1,1,1,-1,-1,1,-1,1,1,1,-1,-1,1,-1,1,1,-1,1,-1,-1,-1,1,1,1,1,-1,-1,-1,1,1,1,-1,-1,-1,-1,1,1,1,-1,1,-1,-1,-1,1,1,-1,1,-1,-1,-1,1,1,1,-1,1,-1,1,-1,1,1,-1,1,-1,-1,1,1,-1,-1,1,1,1,-1,1,-1,1,-1,-1,1,1,-1,-1,1,-1,-1,-1,1,1,-1,1,1,1,1,1,-1,-1,-1,-1,-1,-1,-1,-1,-1,1,-1,1,1,1,-1,1,1,-1,1,1,1,1,-1,1,-1,1,1,1,1,-1,1,-1,1,1,1,1,-1,1,-1,1,1,1,1,-1,1,-1,1,1,-1,-1,-1,1,-1,-1,1,1,-1,-1,-1,1,-1,1,-1,1,-1,1,-1,-1,1,-2670.0,1,2000,445,1500,False
1314,1,1,-1,-1,1,1,-1,-1,1,1,1,-1,-1,1,1,1,-1,1,-1,-1,-1,-1,1,1,1,-1,-1,-1,1,1,1,1,-1,-1,-1,-1,1,1,1,1,-1,-1,-1,1,1,1,1,-1,1,1,1,1,-1,1,-1,-1,1,-1,1,1,1,-1,-1,-1,1,1,1,1,-1,-1,-1,1,1,1,1,-1,-1,-1,1,1,1,-1,-1,-1,1,1,1,1,-1,-1,-1,1,1,1,1,-1,-1,1,1,-1,1,1,-1,-1,1,1,1,1,1,-1,-1,1,1,1,1,1,-1,-1,1,1,1,1,1,1,-1,1,1,1,-1,1,1,-1,1,1,1,1,1,1,-1,-1,1,1,1,1,1,-1,1,1,1,1,1,1,-1,-1,-1,1,1,1,1,-1,1,1,1,1,-1,1,-1,1,-1,1,1,1,-1,-1,1,1,1,1,1,-1,1,-1,-1,1,-1,1,-1,1,1,1,1,1,1,1,1,1,-1,1,-1,1,-1,1,1,-1,1,-1,1,1,-1,1,-1,1,-1,1,-1,1,1,-1,1,-1,1,1,1,1,-1,-1,1,1,-1,-1,1,-1,1,-1,-1,1,-1,1,-1,1,-1,1,-1,1,1,-1,-1,-1,1,1,-1,1,-1,1,1,1,-1,1,1,-1,1,-1,1,-1,1,-1,1,-1,1,1,-1,1,-1,-1,-1,1,1,-1,1,-1,-1,-1,1,1,-1,-1,1,1,-1,-1,1,1,-1,1,1,-1,1,1,1,-1,-1,1,-1,1,1,-1,1,-1,1,1,-1,1,1,-1,-1,1,-1,-1,1,-1,1,-1,1,1,-1,1,1,1,-1,1,-1,-1,1,1,-1,-1,1,-1,1,1,1,1,-1,1,-1,1,1,1,-1,1,1,-1,1,-1,1,-1,-1,1,-1,1,1,1,1,1,1,-1,1,1,1,1,1,-1,-1,1,1,1,1,1,-1,-1,1,1,1,1,1,-1,-1,-1,-1,1,-1,1,1,-1,1,1,1,1,1,1,-1,-1,-1,1,1,-1,-1,-1,1,-1,-1,-1,1,1,-1,1,-1,1,-1,1,-1,1,-1,1,1,1,1,-1,1,-1,1,1,-1,1,-1,-1,-1,-1,1,1,1,1,-1,-1,1,-1,1,1,-1,-1,1,-1,-1,1,-1,1,-1,1,-1,1,-1,1,-1,-1,1,1,-1,1,-1,1,-1,-1,1,-1,1,-1,-1,-1,-1,1,-1,-1,1,1,-1,-1,1,-1,1,1,-1,1,-1,1,-1,1,-1,1,-1,1,1,-1,1,-1,-1,-1,1,1,-1,1,-1,1,-1,1,-1,1,1,-1,1,-1,1,-1,-1,1,-1,-1,-1,1,-1,1,-1,-1,1,-1,1,-1,-1,1,-1,-1,1,-1,1,-1,1,-1,1,-1,1,1,-1,-1,-1,1,-1,1,-1,-1,1,-1,1,1,-1,1,-1,-1,1,1,-1,-1,1,-1,-1,1,1,1,1,1,1,-1,1,1,1,-1,1,-1,1,-1,-1,-1,1,-1,-1,1,-1,1,-1,1,-1,1,-1,-1,-1,1,1,-1,1,1,-1,-1,-1,1,-1,1,1,-1,1,-1,1,-1,-1,-1,-1,-1,-1,1,-1,-1,-1,-1,-1,-1,1,-1,1,1,1,1,-1,1,-1,1,1,-1,-1,-1,1,-1,-1,1,-1,1,-1,-1,1,1,1,1,-1,-1,1,1,1,1,-1,1,-1,-1,1,1,1,-1,-1,-1,1,1,1,1,-1,-1,-1,1,-1,1,-1,1,1,-1,-1,1,1,1,-1,-1,-1,-1,1,1,1,1,-1,-1,-1,1,1,1,1,-1,-1,-1,1,-1,1,-1,-1,-1,1,1,1,1,1,-1,-1,-1,1,-1,1,1,-1,-1,-1,1,1,-1,1,-1,-1,-1,1,1,1,1,-1,-1,1,1,1,-1,1,-1,1,1,-1,1,1,-1,-1,-1,1,1,-1,1,1,-1,1,1,1,-1,1,1,-1,-1,1,-1,1,-1,1,-1,-1,1,1,-1,1,-1,-1,-1,1,-1,-1,1,-1,-1,-1,1,1,-1,-1,1,-1,-1,1,-1,-1,-1,-1,-1,-1,1,1,1,-1,-1,-1,-1,1,-1,1,-1,-1,-1,-1,-1,-1,-1,1,-1,-1,-1,1,-1,-1,1,-1,-1,-1,-1,-1,1,1,-1,-1,-1,-1,-1,1,-1,-1,-1,1,-1,-1,1,-1,1,-1,-1,-1,-1,-1,-1,-1,1,-1,-1,-1,1,1,-1,-1,-1,1,-1,1,-1,-1,-1,1,-1,-1,1,1,1,-1,-1,-1,-1,1,-1,1,1,-1,1,-1,-1,1,1,-1,-1,-1,-1,-1,-1,1,1,-1,-1,1,-1,1,1,-1,-1,-1,1,-1,-1,1,-1,-1,1,-1,-1,1,1,1,-1,1,-1,1,1,1,-1,-1,1,-1,-1,1,1,1,-1,1,-1,-1,1,1,-1,1,1,-1,-1,1,1,-1,1,1,-1,-1,1,1,-1,1,1,-1,-1,1,1,1,1,1,1,-1,1,1,1,-1,1,-1,-1,1,-1,1,1,1,1,-1,-1,1,-1,1,1,1,-1,1,1,1,1,-1,1,-1,1,1,1,1,1,1,-1,-1,-1,1,1,1,-1,1,-1,1,1,1,1,-1,1,-1,1,1,1,-1,-1,1,-1,1,1,-1,1,-1,-1,-1,1,1,1,-1,1,-1,-1,1,1,1,-1,-1,-1,-1,1,1,1,-1,1,-1,-1,-1,1,1,-1,1,-1,-1,-1,1,1,-1,-1,1,-1,1,1,1,1,1,1,-1,-1,1,1,-1,-1,1,1,1,1,1,-1,1,-1,-1,1,1,-1,-1,1,-1,-1,-1,1,1,-1,1,-1,1,1,1,-1,-1,1,-1,-1,-1,-1,-1,-1,1,-1,1,1,1,-1,1,1,-1,1,1,1,1,-1,1,-1,1,1,1,1,-1,1,-1,1,1,1,1,-1,1,-1,1,1,1,1,-1,1,-1,1,1,1,-1,-1,1,-1,-1,1,1,-1,-1,-1,1,-1,1,1,1,-1,1,-1,-1,1,-2670.0,1,2000,445,1500,False
1315,1,1,-1,-1,1,1,-1,-1,1,1,1,-1,1,1,1,1,-1,1,-1,-1,-1,-1,1,1,1,-1,1,-1,1,1,1,1,-1,-1,-1,-1,1,1,1,1,-1,-1,-1,1,1,1,1,-1,1,1,1,1,-1,1,-1,-1,1,-1,1,1,1,-1,-1,-1,1,1,1,1,-1,-1,-1,1,1,1,1,-1,-1,-1,1,1,1,-1,-1,-1,1,1,1,1,-1,-1,-1,1,1,1,1,-1,-1,1,1,-1,1,1,-1,-1,1,1,1,1,1,-1,-1,-1,1,1,1,1,-1,-1,1,1,1,1,1,1,-1,-1,1,1,-1,1,1,-1,1,1,1,1,1,1,-1,1,1,1,1,1,1,-1,1,1,1,1,1,1,-1,-1,-1,1,1,1,1,-1,1,1,1,1,-1,1,-1,1,-1,1,1,1,-1,-1,1,1,1,1,1,-1,1,-1,-1,1,1,1,-1,1,1,1,1,-1,1,1,1,1,-1,1,-1,1,-1,1,1,-1,1,-1,1,1,-1,1,-1,1,-1,1,-1,1,1,-1,-1,-1,1,1,1,1,-1,-1,1,1,-1,-1,1,-1,1,-1,1,1,-1,1,-1,1,-1,1,-1,1,1,-1,-1,-1,1,1,-1,1,-1,1,1,1,-1,1,1,-1,-1,-1,1,-1,1,-1,1,-1,1,1,-1,1,-1,-1,-1,-1,1,-1,1,-1,-1,-1,1,1,-1,-1,1,1,-1,1,1,1,-1,1,1,-1,1,1,1,1,-1,1,-1,1,1,-1,1,-1,1,1,1,-1,1,1,1,1,-1,-1,1,-1,-1,-1,1,1,-1,1,1,1,-1,1,1,1,1,1,1,1,1,-1,1,1,1,-1,1,1,-1,1,1,1,-1,1,1,-1,-1,1,1,1,-1,1,-1,1,1,1,-1,1,1,-1,1,1,1,-1,1,1,-1,1,1,1,-1,1,1,-1,-1,1,1,-1,1,1,-1,1,-1,1,-1,1,1,1,-1,1,1,1,-1,1,1,-1,1,1,-1,1,1,1,-1,-1,-1,-1,1,1,1,-1,1,1,-1,1,1,-1,-1,1,1,1,1,1,-1,1,1,1,-1,1,1,1,1,-1,1,1,-1,-1,1,-1,1,-1,1,-1,1,1,-1,-1,-1,1,-1,-1,1,-1,1,-1,1,-1,1,1,1,1,-1,1,-1,-1,1,-1,1,-1,1,-1,1,1,1,1,-1,-1,1,-1,1,1,-1,-1,1,1,1,-1,1,1,-1,1,-1,-1,1,1,-1,-1,1,-1,1,1,-1,1,-1,1,-1,-1,1,-1,-1,1,1,1,1,1,-1,-1,-1,1,-1,1,1,1,-1,1,-1,-1,-1,1,-1,-1,-1,1,-1,1,1,-1,1,-1,1,-1,-1,1,-1,-1,-1,1,-1,1,1,-1,-1,-1,1,-1,-1,1,-1,-1,-1,-1,1,-1,1,-1,-1,-1,-1,1,-1,-1,1,1,1,-1,1,-1,1,-1,1,-1,1,-1,-1,-1,1,-1,-1,1,1,1,-1,1,-1,1,1,1,-1,1,1,-1,1,-1,1,-1,-1,1,-1,-1,1,1,1,-1,1,-1,-1,1,1,-1,-1,1,-1,-1,1,1,-1,-1,1,-1,-1,-1,1,1,-1,1,-1,-1,-1,1,-1,-1,1,-1,1,-1,1,1,-1,-1,1,-1,-1,-1,-1,-1,1,1,1,-1,-1,1,-1,-1,1,-1,-1,1,-1,-1,1,1,-1,-1,1,-1,-1,1,1,-1,1,-1,-1,-1,-1,1,1,-1,-1,-1,-1,1,1,-1,-1,1,-1,-1,-1,1,1,-1,-1,-1,-1,-1,1,-1,-1,-1,-1,-1,-1,1,1,-1,-1,-1,-1,1,1,1,-1,-1,-1,-1,-1,1,1,1,-1,-1,-1,-1,1,1,-1,-1,-1,-1,1,-1,1,1,1,-1,1,1,-1,1,1,1,-1,-1,1,1,1,1,1,-1,1,1,1,1,-1,1,-1,-1,1,-1,1,-1,1,-1,-1,1,-1,1,1,1,-1,-1,1,-1,1,-1,1,-1,-1,1,-1,1,1,1,-1,1,-1,-1,1,1,1,-1,-1,1,-1,-1,1,1,-1,-1,1,-1,1,-1,1,-1,-1,1,1,-1,1,1,-1,-1,1,1,-1,1,1,-1,-1,-1,-1,1,-1,1,-1,-1,-1,-1,1,-1,-1,-1,1,-1,-1,1,-1,1,-1,-1,-1,-1,-1,-1,1,1,-1,-1,-1,1,1,1,-1,-1,-1,1,-1,-1,1,-1,1,-1,-1,1,1,1,-1,-1,-1,-1,1,-1,1,1,-1,1,-1,-1,1,1,-1,-1,-1,-1,-1,-1,1,1,-1,-1,1,-1,1,1,-1,-1,-1,1,-1,1,1,-1,-1,1,-1,-1,1,1,1,-1,1,-1,1,1,1,-1,-1,1,-1,-1,1,1,1,-1,1,-1,-1,1,1,-1,1,1,-1,-1,1,1,-1,1,1,-1,-1,1,1,-1,1,1,-1,-1,1,1,1,1,1,1,-1,1,1,1,1,1,-1,-1,1,-1,1,1,1,1,-1,-1,1,-1,1,1,1,-1,1,1,1,1,-1,1,-1,1,1,1,1,1,1,1,-1,-1,1,1,1,-1,1,-1,1,1,1,1,1,-1,1,1,1,1,-1,1,1,-1,1,1,-1,1,1,-1,-1,-1,1,1,1,-1,1,-1,1,1,1,-1,-1,1,-1,1,1,1,-1,1,-1,-1,-1,1,1,-1,-1,1,-1,-1,1,1,-1,-1,1,-1,1,-1,1,1,-1,-1,-1,-1,1,1,-1,-1,-1,1,1,-1,1,-1,1,1,-1,1,1,-1,-1,1,1,-1,-1,1,1,-1,1,1,1,1,1,-1,-1,-1,-1,-1,-1,-1,-1,-1,-1,1,1,1,1,-1,1,1,-1,1,1,1,1,-1,1,-1,1,1,1,-1,-1,1,-1,1,1,1,-1,-1,1,-1,1,1,1,-1,-1,1,-1,1,1,1,1,-1,1,-1,1,1,1,-1,-1,-1,1,-1,1,-1,1,-1,1,-1,1,1,-2670.0,1,2000,445,1500,False
1316,1,1,-1,-1,1,1,-1,-1,1,1,1,-1,1,1,1,1,-1,1,-1,-1,-1,-1,1,1,1,-1,-1,-1,1,1,1,1,-1,-1,-1,-1,1,-1,1,1,-1,-1,-1,1,1,1,1,-1,1,1,1,1,-1,1,-1,-1,1,-1,1,1,1,-1,-1,-1,1,1,1,1,-1,-1,-1,1,1,1,1,-1,-1,-1,1,1,1,-1,-1,-1,1,1,1,1,-1,-1,-1,1,1,1,1,-1,-1,1,1,-1,1,1,-1,-1,1,1,1,1,1,-1,-1,-1,1,1,1,1,-1,-1,1,1,1,1,1,1,-1,-1,1,1,-1,1,1,-1,1,1,1,1,1,1,-1,1,1,1,1,1,1,-1,1,1,1,1,1,1,-1,-1,-1,1,1,1,1,-1,1,1,1,1,-1,1,-1,1,-1,1,1,1,-1,-1,1,1,1,1,1,-1,1,-1,-1,1,1,1,-1,1,1,1,1,-1,1,1,1,1,-1,1,-1,1,-1,1,1,-1,1,-1,1,1,-1,1,-1,1,-1,1,-1,1,1,-1,1,-1,1,1,1,1,-1,-1,1,1,-1,-1,1,-1,1,-1,-1,1,-1,1,-1,1,-1,1,-1,1,1,-1,-1,-1,1,1,-1,1,-1,1,1,1,-1,1,1,-1,1,-1,1,-1,1,-1,1,-1,1,1,-1,1,-1,-1,-1,1,1,-1,1,-1,-1,-1,1,1,-1,-1,1,1,-1,-1,1,1,-1,1,1,-1,1,1,1,1,-1,1,-1,1,1,-1,1,-1,1,1,-1,1,1,1,1,1,-1,-1,1,-1,-1,-1,1,1,-1,1,1,1,-1,1,-1,-1,1,1,1,1,1,-1,1,1,1,-1,1,1,-1,1,1,1,-1,1,1,-1,-1,1,1,1,-1,1,-1,1,1,1,-1,1,1,-1,1,1,1,-1,1,-1,-1,1,1,1,-1,1,-1,-1,-1,1,1,-1,1,-1,-1,1,-1,1,-1,1,1,-1,-1,1,1,1,-1,1,-1,-1,1,1,-1,1,-1,-1,-1,-1,-1,-1,1,1,-1,-1,1,1,-1,1,-1,1,-1,1,1,1,1,1,-1,1,1,1,-1,1,-1,-1,-1,-1,1,1,-1,1,-1,-1,1,-1,1,-1,-1,-1,1,-1,-1,1,-1,1,-1,-1,1,-1,1,-1,-1,-1,1,1,-1,1,-1,1,-1,-1,1,-1,1,-1,-1,-1,-1,1,-1,-1,1,1,-1,-1,1,-1,1,1,-1,1,-1,1,-1,1,-1,1,-1,-1,1,-1,1,-1,-1,-1,1,1,-1,1,-1,1,-1,1,-1,1,1,1,1,-1,1,-1,-1,1,-1,-1,-1,1,-1,1,-1,1,1,-1,1,-1,-1,1,-1,-1,1,-1,1,-1,1,-1,1,-1,1,1,-1,-1,-1,1,-1,1,-1,-1,1,-1,1,1,1,1,-1,-1,1,1,-1,1,1,1,-1,1,1,1,-1,1,1,-1,1,1,1,1,1,-1,1,-1,-1,-1,1,-1,-1,1,-1,1,-1,1,-1,1,-1,-1,-1,1,1,-1,1,1,-1,-1,-1,1,-1,1,1,-1,1,-1,1,-1,-1,-1,-1,-1,-1,1,-1,-1,-1,-1,-1,-1,1,-1,1,1,1,1,-1,1,-1,1,1,-1,-1,-1,1,-1,-1,1,-1,1,-1,-1,1,1,1,1,-1,-1,1,1,1,1,-1,1,-1,-1,1,1,1,-1,-1,-1,1,1,1,1,-1,-1,-1,1,-1,1,-1,1,-1,-1,-1,1,1,1,-1,-1,-1,1,1,1,1,1,-1,-1,-1,1,1,1,1,-1,-1,-1,1,-1,1,-1,-1,-1,1,1,1,1,1,-1,-1,-1,1,1,1,1,-1,-1,-1,1,1,-1,1,-1,-1,-1,1,1,1,1,-1,-1,1,1,1,1,-1,-1,1,1,-1,1,1,-1,-1,-1,1,1,1,1,1,-1,1,1,1,1,1,-1,-1,-1,1,-1,1,-1,-1,-1,-1,1,-1,1,1,-1,-1,-1,1,-1,1,1,-1,1,-1,1,1,1,1,-1,1,1,-1,-1,1,1,-1,-1,-1,1,1,-1,-1,-1,-1,-1,1,-1,1,-1,-1,-1,-1,-1,-1,-1,1,-1,-1,-1,1,-1,-1,1,-1,-1,-1,-1,-1,-1,1,-1,-1,-1,-1,-1,1,-1,-1,-1,1,-1,-1,1,-1,1,-1,-1,-1,-1,-1,-1,-1,1,-1,-1,-1,1,1,1,-1,-1,1,-1,-1,-1,-1,-1,1,-1,-1,1,1,1,-1,-1,-1,-1,1,-1,1,1,-1,1,-1,-1,1,1,-1,-1,-1,-1,-1,-1,1,1,-1,-1,1,-1,1,1,-1,-1,-1,1,-1,1,1,-1,-1,1,-1,-1,1,1,1,-1,1,-1,1,1,1,-1,-1,1,-1,-1,1,1,1,-1,1,-1,-1,1,1,-1,1,1,-1,-1,1,1,1,1,1,-1,-1,1,1,-1,1,1,-1,-1,1,1,1,1,1,1,-1,1,1,1,-1,1,-1,-1,1,-1,1,1,1,1,-1,-1,1,-1,1,1,1,-1,1,1,1,1,-1,1,-1,1,1,1,1,1,1,1,-1,1,1,1,1,-1,1,-1,1,1,1,1,1,-1,1,1,1,1,-1,1,1,-1,1,1,-1,1,1,-1,-1,1,1,1,1,-1,1,-1,1,1,1,-1,-1,1,-1,1,1,1,-1,1,-1,-1,-1,1,1,-1,-1,1,-1,-1,1,1,1,-1,1,-1,1,1,1,1,-1,-1,-1,-1,1,1,-1,-1,-1,1,1,1,1,-1,1,1,-1,1,1,-1,-1,1,1,-1,-1,1,1,-1,1,1,1,1,1,-1,-1,-1,-1,-1,-1,-1,-1,-1,-1,1,1,1,1,-1,1,1,-1,1,1,1,1,-1,1,-1,1,1,1,-1,-1,1,-1,1,1,1,-1,-1,1,-1,1,1,1,-1,-1,1,-1,1,-1,1,1,-1,1,-1,1,1,1,-1,-1,-1,1,-1,1,-1,1,-1,1,-1,1,1,-2670.0,1,2000,445,1500,False
1317,1,1,-1,-1,1,-1,-1,-1,1,1,1,-1,1,1,1,1,-1,1,-1,-1,-1,-1,1,1,1,-1,-1,-1,1,1,1,1,-1,-1,-1,-1,1,-1,1,1,-1,-1,-1,1,1,1,1,-1,1,1,1,1,-1,1,-1,-1,1,-1,1,1,1,-1,-1,-1,1,1,1,1,-1,-1,-1,1,1,1,1,-1,-1,-1,1,1,1,-1,-1,-1,1,1,1,1,-1,-1,-1,1,1,1,1,-1,-1,1,1,-1,1,1,-1,-1,1,1,1,1,1,-1,-1,1,1,1,1,1,-1,-1,1,1,1,1,1,1,-1,-1,1,1,-1,1,1,-1,1,1,1,1,1,1,-1,-1,1,1,1,1,1,-1,1,1,1,1,1,1,-1,-1,-1,1,1,1,1,-1,1,1,1,1,-1,1,-1,1,-1,1,1,1,-1,-1,1,1,1,1,1,-1,1,-1,-1,1,-1,1,-1,1,1,1,1,1,1,1,1,1,-1,1,-1,1,-1,1,1,-1,1,-1,1,1,-1,1,-1,1,-1,1,-1,1,1,-1,1,-1,1,1,1,1,-1,-1,1,1,-1,-1,1,-1,1,-1,-1,1,-1,1,-1,1,-1,1,-1,1,1,-1,-1,-1,1,1,-1,1,-1,1,1,1,-1,1,1,-1,1,-1,1,-1,1,-1,1,-1,1,1,-1,1,-1,-1,-1,1,1,-1,1,-1,-1,-1,1,1,-1,-1,1,1,-1,-1,1,1,-1,1,1,-1,1,1,1,1,-1,1,-1,1,1,-1,1,-1,1,-1,1,1,1,1,1,1,-1,-1,1,-1,-1,-1,1,1,-1,1,1,1,-1,1,1,1,1,1,1,1,1,-1,1,1,1,-1,-1,1,-1,1,1,1,-1,1,1,-1,-1,1,1,1,-1,1,-1,1,1,1,-1,1,1,-1,1,1,1,-1,1,1,-1,1,1,1,-1,1,1,-1,-1,1,1,-1,1,1,-1,1,-1,1,-1,1,1,1,-1,1,1,1,1,1,1,-1,1,1,-1,1,1,1,-1,-1,-1,-1,1,1,1,-1,1,1,-1,1,1,-1,-1,1,1,1,1,1,-1,1,1,1,-1,1,1,1,-1,-1,1,1,1,-1,1,-1,1,1,1,1,1,1,-1,-1,-1,1,-1,-1,1,1,-1,1,1,1,1,1,1,1,-1,1,-1,-1,1,-1,1,-1,1,1,-1,1,1,1,-1,-1,1,-1,1,1,1,-1,1,1,1,-1,1,1,-1,-1,1,-1,1,1,1,-1,1,1,1,1,1,1,-1,1,-1,-1,1,1,-1,-1,1,-1,-1,1,1,-1,-1,1,-1,1,1,1,-1,-1,1,1,-1,1,1,-1,-1,1,-1,1,1,1,1,-1,1,1,-1,-1,1,1,-1,-1,-1,1,-1,1,-1,-1,1,-1,-1,1,-1,1,-1,-1,1,-1,1,-1,1,1,-1,1,-1,-1,1,1,1,-1,1,-1,1,-1,-1,1,1,-1,-1,-1,1,-1,-1,1,1,1,-1,1,-1,1,1,1,-1,1,1,-1,1,-1,1,-1,-1,1,-1,-1,1,1,1,-1,1,-1,-1,1,1,-1,-1,1,-1,-1,1,1,-1,-1,1,-1,-1,-1,1,1,-1,1,1,-1,-1,1,-1,-1,1,-1,1,-1,1,1,-1,-1,1,-1,-1,-1,-1,-1,1,1,1,-1,1,1,-1,-1,1,-1,1,-1,-1,-1,1,1,-1,-1,-1,-1,-1,1,1,-1,1,1,-1,-1,-1,1,1,-1,-1,-1,-1,1,1,-1,-1,1,-1,-1,-1,1,1,-1,-1,-1,-1,-1,1,-1,-1,1,-1,-1,1,1,1,-1,1,-1,-1,-1,1,1,-1,-1,-1,-1,-1,1,1,1,-1,-1,-1,-1,1,1,-1,-1,-1,-1,1,1,1,1,-1,-1,1,1,1,1,1,-1,-1,-1,1,1,1,-1,1,-1,1,1,1,1,-1,1,-1,-1,1,-1,1,-1,1,-1,-1,1,-1,1,-1,-1,-1,-1,1,-1,1,-1,1,1,-1,1,-1,1,-1,1,1,-1,1,-1,1,-1,-1,-1,-1,1,1,-1,-1,-1,-1,-1,1,-1,1,-1,-1,-1,-1,-1,-1,-1,1,-1,-1,-1,1,-1,-1,1,-1,-1,-1,-1,-1,-1,1,-1,-1,-1,-1,-1,1,-1,-1,-1,1,-1,-1,1,-1,1,-1,-1,-1,-1,-1,-1,-1,1,-1,-1,-1,1,1,-1,-1,-1,1,1,-1,-1,-1,-1,1,-1,-1,1,1,1,-1,-1,-1,-1,1,-1,1,1,-1,1,-1,-1,1,1,-1,-1,-1,-1,-1,-1,1,1,-1,-1,1,-1,1,1,-1,-1,-1,1,-1,-1,1,-1,-1,1,-1,-1,1,1,1,-1,1,-1,1,1,1,-1,-1,1,-1,-1,1,1,1,-1,1,-1,-1,1,1,-1,1,1,-1,-1,1,1,-1,1,1,-1,-1,1,1,-1,1,1,-1,-1,1,1,1,1,1,1,-1,-1,1,1,1,1,-1,-1,1,-1,1,1,1,1,-1,-1,1,-1,1,1,1,-1,1,1,1,1,-1,1,-1,1,1,1,1,1,1,1,-1,1,1,1,1,-1,1,-1,1,1,1,1,1,-1,1,1,1,1,-1,1,1,-1,1,1,-1,1,1,-1,-1,1,1,1,1,-1,1,-1,1,1,1,-1,-1,1,-1,1,1,1,-1,1,-1,-1,-1,1,1,-1,-1,1,-1,-1,1,1,-1,-1,1,-1,-1,1,1,1,-1,1,-1,-1,1,1,-1,-1,-1,1,-1,-1,1,-1,1,1,-1,1,1,-1,-1,1,-1,-1,-1,1,1,-1,1,1,-1,1,1,-1,-1,-1,-1,1,-1,-1,-1,-1,1,-1,-1,1,1,-1,1,1,-1,1,1,1,1,-1,1,-1,1,1,1,1,-1,1,-1,-1,1,1,1,-1,1,-1,1,1,1,1,-1,1,-1,1,1,1,-1,-1,1,-1,-1,1,1,-1,-1,-1,1,-1,1,1,1,-1,1,-1,-1,1,-2670.0,1,2000,445,1500,False
1318,1,1,-1,-1,1,-1,-1,-1,1,1,1,-1,1,1,1,1,-1,1,-1,-1,-1,-1,1,1,1,-1,-1,-1,1,1,1,1,1,-1,-1,-1,1,-1,1,1,-1,-1,-1,1,1,1,1,-1,1,1,1,1,-1,1,-1,-1,1,-1,1,1,1,-1,-1,-1,1,1,1,1,-1,-1,-1,1,1,1,1,-1,-1,-1,1,1,1,-1,-1,-1,1,1,1,1,-1,-1,1,1,1,1,1,-1,-1,-1,1,-1,1,1,-1,-1,1,1,1,1,1,-1,-1,-1,1,1,1,1,-1,-1,1,1,1,1,1,1,-1,-1,1,1,-1,1,1,-1,1,1,1,1,1,1,-1,1,1,1,1,1,1,-1,1,1,1,1,1,1,-1,-1,-1,1,1,1,1,-1,1,1,1,1,-1,1,-1,1,-1,1,1,1,-1,-1,1,1,1,1,1,-1,1,-1,-1,1,-1,1,-1,1,1,1,1,1,1,1,1,1,-1,1,-1,1,-1,1,1,-1,1,-1,1,1,-1,1,-1,1,-1,1,-1,1,1,-1,1,-1,1,1,1,1,-1,-1,1,1,-1,-1,1,-1,1,-1,-1,1,-1,1,-1,1,-1,1,-1,-1,1,-1,-1,-1,1,1,-1,1,-1,1,1,1,-1,1,1,-1,1,-1,1,-1,1,-1,1,-1,1,1,-1,1,-1,-1,-1,1,1,-1,1,-1,-1,-1,1,1,-1,-1,1,1,-1,-1,1,1,-1,1,1,-1,1,1,1,1,-1,1,-1,1,1,-1,1,-1,1,1,-1,1,1,1,1,1,-1,-1,1,-1,-1,1,1,1,-1,1,1,1,-1,1,-1,-1,1,1,1,1,1,-1,1,1,1,-1,1,1,-1,1,1,1,-1,1,1,-1,1,-1,1,1,-1,1,-1,1,1,1,-1,1,1,-1,1,1,1,-1,1,-1,-1,1,1,1,-1,1,-1,-1,1,1,1,-1,1,-1,-1,-1,-1,1,-1,1,1,-1,1,1,1,1,-1,1,-1,-1,-1,1,-1,1,-1,-1,1,-1,-1,-1,1,1,-1,1,-1,1,-1,1,-1,1,-1,1,1,1,1,-1,1,-1,1,1,-1,1,-1,-1,-1,-1,1,1,1,1,-1,-1,1,1,1,1,-1,-1,1,-1,-1,1,-1,1,-1,1,-1,1,1,1,-1,-1,1,1,-1,1,-1,1,-1,-1,1,-1,1,1,-1,-1,-1,1,-1,-1,1,1,-1,-1,1,-1,1,1,-1,1,-1,1,-1,-1,1,1,-1,1,1,-1,1,1,-1,-1,1,1,-1,1,-1,1,-1,1,1,-1,1,-1,1,-1,1,-1,-1,1,-1,-1,-1,1,-1,-1,1,-1,1,-1,1,-1,-1,1,-1,-1,1,-1,1,-1,1,-1,1,-1,1,1,-1,-1,-1,1,-1,1,-1,-1,1,-1,1,1,-1,1,-1,-1,1,1,-1,-1,1,1,-1,1,1,1,1,1,1,-1,1,1,1,-1,1,-1,1,-1,-1,-1,1,-1,-1,1,-1,1,-1,1,-1,1,-1,-1,-1,1,1,-1,1,1,-1,-1,-1,1,-1,1,1,-1,1,-1,1,-1,-1,-1,-1,-1,-1,1,-1,-1,-1,-1,-1,-1,1,-1,1,1,1,1,-1,1,-1,1,1,-1,-1,-1,1,-1,-1,1,-1,1,-1,-1,1,1,1,1,-1,-1,1,1,1,1,-1,1,-1,-1,1,1,1,-1,-1,-1,1,1,1,1,-1,-1,-1,1,-1,1,-1,1,-1,-1,-1,1,1,1,-1,-1,-1,1,1,1,1,1,-1,-1,-1,1,1,1,1,-1,-1,-1,1,-1,1,-1,-1,-1,1,1,1,1,1,-1,-1,-1,1,-1,1,-1,-1,-1,-1,1,1,-1,1,-1,-1,-1,1,1,1,1,-1,-1,1,1,1,-1,1,-1,1,1,-1,1,1,-1,-1,-1,1,1,-1,1,1,-1,1,1,1,-1,1,1,-1,-1,1,-1,1,-1,1,-1,-1,1,1,-1,1,-1,-1,-1,1,-1,-1,1,-1,1,-1,1,1,-1,-1,1,1,-1,1,-1,-1,1,-1,-1,-1,1,1,1,-1,-1,-1,-1,1,-1,1,-1,-1,-1,-1,-1,-1,-1,1,-1,-1,-1,1,-1,-1,1,-1,-1,-1,-1,-1,1,1,-1,-1,-1,-1,-1,1,-1,-1,-1,1,-1,-1,1,-1,1,-1,-1,-1,-1,-1,-1,-1,1,-1,-1,-1,1,1,-1,-1,-1,1,-1,1,-1,-1,-1,1,-1,-1,1,-1,1,-1,-1,-1,-1,1,-1,1,1,-1,1,-1,-1,1,1,-1,-1,-1,-1,-1,-1,1,1,-1,-1,1,-1,1,1,-1,-1,-1,1,-1,1,1,-1,-1,1,-1,-1,1,1,1,-1,1,-1,1,1,1,-1,-1,1,-1,-1,1,1,1,-1,1,-1,-1,1,1,-1,1,1,-1,-1,1,1,-1,1,1,-1,-1,1,1,1,1,1,-1,-1,1,1,1,1,-1,1,-1,-1,1,1,1,1,-1,-1,1,-1,1,1,1,1,-1,-1,1,-1,1,1,1,-1,1,1,1,1,-1,1,-1,1,1,1,1,1,1,1,-1,1,1,1,1,-1,1,-1,1,1,1,1,1,-1,1,1,1,1,-1,1,1,-1,1,1,-1,1,1,-1,-1,1,1,1,1,-1,1,-1,1,1,1,-1,-1,1,-1,1,1,1,-1,1,-1,-1,-1,1,1,-1,-1,1,-1,-1,1,1,-1,-1,1,-1,-1,1,1,1,-1,-1,-1,-1,1,1,-1,-1,-1,1,-1,-1,1,-1,1,1,-1,1,1,-1,-1,1,-1,-1,-1,1,1,-1,1,1,-1,1,1,-1,-1,-1,-1,1,-1,-1,-1,-1,1,-1,-1,1,1,-1,1,1,-1,1,1,1,1,-1,1,-1,1,1,1,-1,-1,1,-1,-1,1,1,-1,-1,1,-1,1,1,1,-1,-1,1,-1,1,1,1,1,-1,1,-1,-1,1,1,1,-1,-1,1,-1,1,-1,1,-1,1,-1,-1,1,-2670.0,1,2000,445,1500,False
1319,1,1,-1,-1,1,-1,1,-1,1,1,1,-1,1,1,1,1,-1,1,-1,-1,1,-1,1,1,1,-1,-1,-1,1,1,1,1,-1,-1,-1,-1,1,1,1,1,-1,-1,-1,1,1,1,1,-1,1,1,1,1,-1,1,-1,-1,1,-1,1,1,1,-1,-1,-1,1,1,1,1,-1,-1,-1,1,1,1,1,-1,-1,-1,1,1,1,-1,-1,-1,1,1,1,1,-1,-1,-1,1,1,1,1,-1,-1,1,1,-1,1,1,-1,-1,1,1,1,1,1,-1,-1,1,1,-1,1,1,-1,-1,1,1,1,1,1,1,-1,-1,1,1,-1,1,1,-1,1,1,1,1,1,1,-1,-1,1,1,1,1,1,-1,1,1,1,1,1,1,-1,-1,-1,1,1,1,1,-1,1,1,1,1,-1,1,-1,1,-1,1,1,1,-1,-1,1,1,1,1,1,-1,1,-1,-1,1,-1,1,-1,1,1,1,1,1,1,1,1,1,-1,1,-1,1,-1,1,1,-1,1,-1,1,1,-1,1,-1,1,-1,1,-1,1,1,-1,1,-1,1,1,1,1,-1,-1,1,1,-1,-1,1,-1,1,-1,-1,1,-1,1,-1,1,-1,1,-1,1,1,-1,-1,-1,1,1,-1,1,-1,1,1,1,-1,1,1,-1,-1,-1,1,-1,1,-1,1,-1,1,1,-1,1,-1,-1,-1,1,1,-1,1,-1,-1,-1,1,1,-1,-1,1,1,-1,-1,1,1,-1,1,1,-1,1,1,1,1,-1,1,-1,1,1,-1,1,-1,1,1,1,1,1,1,1,1,-1,-1,1,-1,-1,-1,1,1,-1,1,1,1,-1,1,1,1,1,1,1,1,1,-1,1,1,1,-1,1,1,-1,1,1,1,-1,1,1,-1,-1,1,1,1,-1,1,-1,1,1,1,-1,1,1,-1,1,1,1,-1,1,1,-1,1,1,1,-1,1,1,-1,-1,1,1,-1,1,1,-1,1,-1,1,-1,1,1,1,-1,1,1,1,1,1,1,-1,1,1,-1,1,1,1,-1,-1,-1,-1,1,1,1,-1,1,1,-1,1,1,-1,-1,1,1,1,1,1,-1,1,1,1,-1,1,1,1,1,-1,1,1,1,-1,1,-1,1,1,1,1,1,1,-1,-1,-1,1,-1,-1,1,1,-1,1,1,1,1,1,1,1,-1,1,-1,-1,1,-1,1,-1,1,1,1,1,1,1,-1,-1,1,-1,1,1,1,-1,1,1,1,-1,1,1,-1,-1,1,-1,1,1,1,-1,1,1,1,1,1,1,-1,1,-1,-1,1,1,-1,-1,1,-1,-1,1,1,-1,-1,1,-1,1,1,1,-1,-1,1,-1,-1,1,1,-1,-1,1,-1,1,1,1,1,-1,1,-1,-1,-1,1,1,-1,-1,-1,1,-1,1,-1,-1,1,-1,-1,1,-1,1,-1,-1,1,-1,1,-1,1,-1,-1,1,-1,-1,1,1,1,-1,1,-1,1,-1,-1,-1,1,-1,-1,-1,1,-1,-1,1,1,1,-1,1,-1,1,1,1,-1,1,1,-1,-1,-1,1,-1,-1,1,-1,-1,1,1,1,-1,1,-1,-1,1,1,-1,-1,1,-1,-1,1,1,-1,-1,1,-1,-1,-1,1,1,-1,1,-1,-1,-1,1,-1,-1,1,-1,1,-1,1,1,-1,-1,1,-1,-1,-1,-1,-1,1,1,1,-1,1,1,-1,-1,1,-1,-1,-1,-1,-1,1,1,-1,-1,-1,1,-1,1,1,-1,1,1,1,-1,-1,1,1,-1,-1,-1,-1,1,1,-1,-1,1,-1,-1,-1,1,1,-1,-1,-1,-1,-1,1,-1,-1,1,-1,-1,1,1,1,-1,1,-1,-1,-1,1,1,-1,-1,-1,-1,-1,1,1,1,-1,-1,-1,-1,1,1,-1,-1,-1,-1,1,1,1,1,-1,-1,1,1,1,1,1,-1,-1,-1,1,1,1,-1,1,-1,1,1,1,1,-1,1,-1,-1,1,-1,1,-1,1,-1,-1,1,-1,1,-1,-1,-1,-1,1,-1,1,-1,1,-1,-1,1,-1,1,-1,1,-1,-1,1,-1,1,-1,-1,-1,-1,1,1,-1,-1,-1,-1,-1,1,-1,1,-1,-1,-1,-1,-1,-1,-1,1,-1,-1,-1,1,-1,-1,1,-1,-1,-1,-1,-1,-1,1,-1,-1,-1,-1,-1,1,-1,-1,-1,1,-1,-1,1,-1,1,-1,-1,-1,-1,-1,-1,-1,1,-1,-1,-1,1,1,1,-1,-1,1,-1,-1,-1,-1,-1,1,-1,-1,1,1,1,-1,-1,-1,-1,1,-1,1,1,-1,1,-1,-1,1,1,-1,-1,-1,-1,-1,-1,1,1,-1,-1,1,-1,1,1,-1,-1,-1,1,-1,1,1,-1,-1,1,-1,-1,1,1,1,-1,1,-1,1,1,1,-1,-1,1,-1,-1,1,1,1,-1,1,-1,-1,1,1,-1,1,1,-1,-1,1,1,-1,1,1,-1,-1,1,1,-1,1,1,-1,-1,1,1,1,1,1,1,-1,-1,1,1,-1,1,-1,-1,1,-1,1,1,1,1,-1,-1,1,-1,1,1,1,-1,1,1,1,1,-1,1,-1,1,1,1,1,1,1,1,-1,1,1,1,1,-1,1,-1,1,1,1,1,1,-1,1,1,1,1,-1,1,1,-1,1,1,-1,1,1,-1,-1,1,1,1,1,-1,1,-1,1,1,1,-1,-1,1,-1,1,1,1,-1,1,-1,-1,-1,1,1,-1,-1,1,-1,-1,1,1,-1,-1,1,-1,-1,1,1,1,-1,1,-1,-1,1,1,-1,-1,-1,1,-1,-1,1,-1,1,1,-1,1,1,-1,-1,1,-1,-1,-1,1,1,-1,1,1,-1,1,1,-1,-1,-1,-1,1,-1,-1,-1,-1,1,-1,-1,1,1,-1,1,1,-1,1,1,1,1,-1,1,-1,1,1,1,1,-1,1,-1,-1,1,1,1,-1,1,-1,1,1,1,1,-1,1,-1,1,1,-1,-1,-1,1,-1,-1,1,1,-1,-1,-1,1,-1,1,-1,1,-1,1,-1,-1,1,-2670.0,1,2000,445,1500,False
1320,1,1,-1,-1,1,1,-1,-1,1,1,1,-1,1,1,1,1,-1,1,-1,-1,-1,-1,1,1,1,-1,-1,-1,1,1,1,1,-1,-1,-1,-1,1,-1,1,-1,-1,-1,-1,1,1,1,1,-1,1,1,1,1,-1,1,-1,-1,1,-1,1,1,1,-1,-1,-1,1,1,1,1,-1,-1,-1,1,1,1,1,-1,-1,-1,1,1,1,-1,-1,-1,1,1,1,1,-1,-1,1,1,1,1,1,-1,-1,-1,1,-1,1,1,-1,-1,1,1,1,1,1,-1,-1,-1,1,1,1,1,-1,-1,1,1,1,1,1,1,-1,-1,1,1,-1,1,1,-1,1,1,1,1,1,1,-1,1,1,1,1,1,1,-1,1,1,1,1,1,1,-1,-1,-1,1,1,1,1,-1,1,1,1,1,-1,1,-1,1,-1,1,1,1,-1,-1,1,1,1,1,1,-1,1,-1,-1,1,-1,1,-1,1,1,1,1,1,1,1,1,1,-1,1,-1,1,-1,1,1,-1,1,-1,1,1,-1,1,-1,1,-1,1,-1,1,1,-1,-1,-1,1,1,1,1,-1,-1,1,1,-1,-1,1,-1,1,-1,-1,1,-1,1,-1,1,-1,1,-1,1,1,-1,-1,-1,1,1,-1,1,-1,1,1,1,-1,1,1,-1,1,-1,1,-1,1,-1,1,-1,1,1,-1,1,-1,-1,-1,1,1,-1,1,-1,-1,-1,1,1,-1,-1,1,1,-1,-1,1,1,-1,1,1,-1,1,1,1,-1,-1,1,-1,1,1,-1,1,-1,1,1,-1,1,1,-1,-1,1,-1,-1,1,-1,1,-1,1,1,-1,1,1,1,-1,1,-1,-1,1,1,-1,-1,1,-1,1,1,1,1,-1,1,-1,1,1,1,-1,1,1,-1,-1,1,1,-1,-1,1,-1,1,1,1,1,1,1,-1,1,1,1,1,1,-1,-1,1,1,1,1,1,-1,-1,-1,1,1,1,1,-1,-1,1,-1,1,-1,1,1,-1,-1,1,1,1,1,1,-1,-1,1,1,1,-1,-1,-1,-1,-1,-1,-1,1,-1,-1,-1,1,1,-1,1,-1,1,-1,1,1,1,1,-1,-1,1,1,1,-1,1,-1,-1,-1,-1,1,1,1,1,-1,-1,1,-1,1,1,-1,-1,1,-1,-1,1,-1,1,-1,-1,1,-1,1,1,-1,-1,1,1,-1,1,-1,1,-1,-1,1,-1,1,-1,-1,-1,-1,1,-1,-1,1,1,-1,-1,1,-1,1,1,-1,1,-1,1,-1,1,-1,1,-1,-1,1,-1,-1,-1,-1,-1,1,1,-1,1,-1,1,-1,1,-1,1,1,1,1,-1,1,-1,-1,1,-1,-1,-1,1,-1,1,-1,1,1,-1,1,-1,-1,1,-1,-1,1,-1,1,-1,1,-1,1,-1,1,1,-1,-1,-1,1,-1,1,-1,-1,1,-1,1,1,1,1,-1,-1,1,1,-1,1,1,1,-1,1,1,1,-1,1,1,-1,1,1,1,1,1,1,1,-1,-1,-1,1,-1,1,1,-1,1,-1,1,-1,1,-1,-1,-1,1,1,-1,1,1,-1,-1,-1,1,-1,1,1,-1,1,-1,1,-1,-1,-1,-1,-1,-1,1,-1,-1,-1,-1,-1,-1,1,-1,1,1,1,1,-1,1,-1,1,1,-1,-1,-1,1,-1,-1,1,-1,1,-1,-1,1,1,1,1,-1,-1,1,1,1,1,-1,1,-1,-1,1,1,1,-1,-1,-1,1,1,1,1,-1,-1,-1,1,-1,1,-1,1,-1,-1,-1,1,1,1,-1,-1,-1,-1,1,1,1,1,-1,-1,-1,1,1,1,1,-1,-1,-1,1,-1,1,-1,-1,-1,-1,1,1,1,1,-1,-1,1,1,1,1,1,-1,-1,-1,1,1,-1,1,-1,-1,-1,1,1,1,1,-1,-1,1,1,1,1,-1,-1,1,1,-1,1,1,-1,-1,-1,1,1,1,1,1,-1,1,1,1,1,1,-1,-1,-1,1,-1,1,-1,-1,-1,-1,1,-1,1,1,-1,-1,-1,1,-1,1,1,-1,1,-1,1,1,1,1,-1,1,-1,1,-1,1,1,-1,-1,-1,1,1,-1,-1,-1,-1,-1,1,-1,1,-1,-1,-1,-1,-1,-1,-1,1,-1,-1,-1,1,-1,-1,1,-1,-1,-1,-1,-1,1,1,-1,-1,-1,-1,-1,1,-1,-1,-1,1,-1,-1,1,-1,1,-1,-1,-1,-1,-1,-1,-1,1,-1,-1,-1,1,1,-1,-1,-1,1,-1,-1,-1,-1,-1,1,-1,-1,1,1,1,-1,-1,-1,-1,1,-1,1,1,-1,1,-1,-1,1,1,-1,-1,-1,-1,-1,-1,1,1,-1,-1,1,-1,1,1,1,-1,-1,1,-1,1,1,-1,-1,1,-1,-1,1,1,1,-1,1,-1,1,1,1,-1,-1,1,-1,-1,1,1,1,-1,1,-1,-1,1,1,-1,1,1,-1,-1,1,1,1,1,1,-1,-1,1,1,-1,1,1,-1,-1,1,1,1,1,1,1,-1,1,1,1,1,1,-1,-1,1,-1,1,1,1,1,-1,-1,1,-1,1,1,1,-1,1,1,1,1,-1,1,-1,1,1,1,1,1,1,-1,-1,1,1,1,1,-1,1,-1,1,1,1,1,-1,1,-1,1,1,1,-1,-1,1,-1,1,1,-1,1,-1,-1,-1,1,1,1,-1,1,-1,-1,1,1,1,-1,-1,-1,-1,1,1,1,-1,-1,-1,-1,-1,1,1,-1,1,-1,-1,-1,1,1,-1,-1,1,-1,1,1,1,1,1,1,-1,-1,1,1,-1,-1,1,1,1,1,1,-1,1,-1,-1,1,1,-1,-1,1,-1,-1,-1,1,1,-1,1,-1,1,1,1,-1,-1,-1,-1,-1,-1,-1,-1,-1,1,-1,1,1,1,-1,1,1,-1,1,1,1,1,-1,1,-1,1,1,1,-1,-1,1,-1,1,1,1,-1,-1,1,-1,1,1,1,-1,-1,1,-1,1,-1,1,1,-1,1,-1,-1,1,1,1,-1,-1,1,-1,1,-1,1,-1,1,-1,-1,1,-2670.0,1,2000,445,1500,False
1321,1,1,-1,-1,1,1,-1,-1,1,1,1,-1,-1,1,1,1,-1,1,-1,-1,1,-1,1,1,1,-1,-1,-1,1,1,1,1,-1,-1,-1,-1,1,-1,1,1,-1,-1,-1,1,1,1,1,-1,1,1,1,1,-1,1,-1,-1,1,-1,1,1,1,-1,-1,-1,1,1,1,1,-1,-1,-1,1,1,1,1,-1,-1,-1,1,1,1,-1,-1,-1,1,1,1,1,-1,-1,-1,1,1,1,1,-1,-1,1,1,-1,1,1,-1,-1,1,1,1,1,1,-1,-1,1,1,-1,1,1,-1,-1,1,1,1,1,1,1,-1,-1,1,1,-1,1,1,-1,1,1,1,1,1,1,-1,-1,1,1,1,1,1,-1,1,1,1,1,1,1,-1,-1,-1,1,1,1,1,-1,1,1,1,1,-1,1,-1,1,-1,1,1,1,-1,-1,1,1,1,1,1,-1,1,-1,-1,1,-1,1,-1,1,1,1,1,1,1,1,1,1,-1,1,-1,1,-1,1,1,-1,1,-1,1,1,-1,1,-1,1,-1,1,-1,1,1,-1,1,-1,1,1,1,1,-1,-1,1,1,-1,-1,1,-1,1,-1,-1,1,-1,1,-1,1,-1,1,-1,-1,1,-1,-1,-1,1,1,-1,1,-1,1,1,1,-1,1,1,-1,1,-1,1,-1,1,-1,1,-1,1,1,-1,1,-1,-1,-1,1,1,-1,1,-1,-1,-1,1,1,-1,-1,1,1,-1,-1,1,1,-1,1,1,-1,1,1,1,1,-1,1,-1,1,1,-1,1,-1,1,-1,1,1,1,1,1,1,-1,-1,1,-1,-1,-1,1,1,-1,1,1,1,-1,1,1,1,1,1,1,-1,1,-1,1,1,1,-1,-1,1,-1,1,1,1,-1,1,1,-1,-1,1,1,1,-1,1,-1,1,1,1,-1,1,1,-1,1,1,1,-1,1,1,-1,1,1,1,-1,1,1,-1,-1,1,1,-1,1,1,-1,1,-1,1,-1,1,1,1,-1,1,1,1,1,1,1,-1,1,1,-1,1,1,1,-1,-1,-1,-1,1,1,1,-1,1,1,-1,1,1,-1,-1,1,1,1,1,1,-1,1,1,1,-1,1,1,1,1,-1,1,1,1,-1,1,-1,1,1,1,1,1,1,-1,-1,-1,1,-1,-1,1,-1,1,-1,1,1,1,1,1,-1,-1,1,-1,-1,1,-1,1,-1,1,1,1,1,1,1,-1,-1,1,-1,1,1,-1,-1,1,1,1,-1,1,-1,-1,-1,1,-1,1,1,-1,-1,1,1,1,1,-1,1,-1,1,-1,-1,1,-1,-1,-1,1,-1,1,1,-1,-1,-1,1,-1,1,1,1,-1,-1,1,-1,-1,1,-1,-1,-1,1,-1,1,1,1,-1,-1,1,1,-1,1,-1,-1,-1,-1,1,1,1,-1,-1,-1,1,1,-1,1,-1,-1,-1,-1,1,-1,1,-1,-1,-1,-1,1,-1,-1,1,1,1,-1,1,-1,1,-1,1,1,1,-1,-1,-1,1,-1,-1,-1,1,1,-1,1,-1,1,1,1,-1,1,1,-1,1,-1,1,-1,-1,1,-1,-1,1,1,1,-1,1,-1,-1,1,1,-1,-1,1,-1,-1,1,1,-1,-1,1,-1,-1,-1,1,1,-1,1,1,-1,-1,1,-1,-1,1,-1,1,-1,1,1,-1,-1,1,-1,-1,-1,-1,-1,1,1,1,-1,-1,1,-1,-1,1,-1,-1,1,-1,-1,1,1,-1,-1,1,1,-1,1,1,-1,1,-1,1,-1,-1,1,1,-1,-1,-1,-1,-1,1,-1,-1,1,-1,-1,-1,1,1,-1,-1,-1,-1,-1,1,-1,-1,-1,-1,-1,1,1,1,-1,-1,-1,-1,-1,1,1,-1,-1,-1,-1,-1,1,1,1,-1,-1,-1,-1,1,1,-1,-1,-1,-1,1,1,1,1,1,-1,1,1,1,1,1,1,-1,-1,1,1,1,-1,-1,-1,1,1,1,1,-1,1,-1,-1,1,-1,1,-1,1,-1,-1,1,-1,1,-1,1,-1,-1,1,-1,1,-1,1,1,-1,1,-1,1,1,1,1,-1,1,-1,1,1,1,-1,-1,1,1,-1,1,1,-1,-1,1,-1,1,-1,1,-1,-1,-1,-1,-1,1,1,-1,-1,1,-1,-1,1,1,-1,-1,-1,-1,-1,-1,1,-1,-1,-1,-1,-1,1,-1,-1,1,-1,-1,1,-1,1,-1,-1,-1,-1,-1,1,1,1,-1,-1,-1,1,1,1,-1,-1,1,-1,-1,-1,1,-1,1,-1,-1,1,1,1,-1,-1,-1,-1,1,-1,1,1,-1,1,-1,-1,1,1,-1,-1,-1,-1,-1,-1,1,1,-1,-1,1,-1,1,1,-1,-1,-1,1,-1,1,1,-1,-1,1,-1,-1,1,1,1,-1,1,-1,1,1,1,-1,-1,1,-1,-1,1,1,1,-1,1,-1,-1,1,1,-1,1,1,-1,-1,1,1,-1,1,1,-1,-1,1,1,-1,1,1,-1,-1,1,1,1,1,-1,1,-1,-1,1,1,-1,1,-1,-1,1,-1,1,1,1,1,-1,-1,1,-1,1,1,1,-1,1,1,1,1,-1,1,-1,1,1,1,1,1,1,1,-1,1,1,1,1,-1,1,-1,1,1,1,1,1,-1,1,1,1,1,-1,1,1,-1,1,1,-1,1,1,-1,-1,1,1,1,1,-1,1,-1,1,1,1,-1,-1,1,-1,1,1,1,-1,1,-1,-1,-1,1,1,-1,-1,1,-1,-1,1,1,-1,-1,1,-1,-1,1,1,1,-1,1,-1,-1,1,1,-1,-1,1,1,-1,1,1,-1,1,1,-1,1,1,-1,-1,1,-1,-1,-1,1,1,-1,1,1,-1,1,1,-1,-1,-1,-1,1,-1,-1,-1,-1,1,-1,-1,1,1,-1,1,1,-1,1,1,1,1,-1,1,-1,1,1,1,1,-1,1,-1,-1,-1,1,1,-1,1,-1,1,1,1,1,-1,1,-1,1,1,-1,-1,-1,1,-1,-1,1,1,-1,-1,-1,1,-1,1,-1,1,-1,1,-1,-1,1,-2670.0,1,2000,445,1500,False
1322,1,1,-1,-1,1,-1,-1,-1,1,1,1,-1,1,1,1,1,-1,1,-1,-1,1,-1,1,1,1,-1,1,-1,1,1,1,1,-1,-1,-1,-1,1,-1,1,1,-1,-1,-1,1,1,1,1,-1,1,1,1,1,-1,1,-1,-1,1,-1,1,1,1,-1,-1,-1,1,1,1,1,-1,-1,-1,1,1,1,1,-1,-1,-1,1,1,1,-1,-1,-1,1,1,1,1,-1,-1,-1,1,1,1,1,-1,-1,1,1,-1,1,1,-1,-1,1,1,1,1,1,-1,-1,1,1,1,1,1,-1,-1,1,1,1,1,1,1,-1,1,1,1,-1,1,1,-1,1,1,1,1,1,1,-1,-1,1,1,1,1,1,-1,1,1,1,1,1,1,-1,-1,-1,1,1,1,1,-1,1,1,1,1,-1,1,-1,1,-1,1,1,1,-1,-1,1,1,1,1,1,-1,1,-1,-1,1,-1,1,-1,1,1,1,1,1,1,1,1,1,-1,1,-1,1,-1,1,1,-1,1,-1,1,1,-1,1,-1,1,-1,1,-1,1,1,-1,1,-1,1,1,1,1,-1,-1,1,1,-1,-1,1,-1,1,-1,-1,1,-1,1,-1,1,-1,1,-1,1,1,-1,-1,-1,1,1,-1,1,-1,1,1,1,-1,1,1,-1,1,-1,1,-1,1,-1,1,-1,1,1,-1,1,-1,-1,-1,1,1,-1,1,-1,-1,-1,1,1,-1,-1,1,1,-1,-1,1,1,-1,1,1,-1,1,1,1,1,-1,1,-1,1,1,-1,1,-1,1,1,1,1,1,1,1,1,-1,-1,1,-1,-1,1,1,1,-1,1,1,1,-1,1,1,1,1,1,1,1,1,-1,1,1,1,-1,-1,1,-1,1,1,1,-1,1,1,-1,-1,1,1,1,-1,1,-1,1,1,1,-1,1,1,-1,1,1,1,-1,1,1,-1,1,1,1,-1,1,1,-1,-1,1,1,-1,1,1,-1,1,-1,1,-1,1,1,1,-1,1,1,1,-1,1,1,-1,1,1,-1,1,1,1,-1,-1,-1,-1,1,1,1,-1,1,1,-1,1,1,-1,-1,1,1,1,1,1,-1,1,1,1,-1,1,1,1,1,-1,1,1,1,-1,1,-1,1,1,1,1,1,1,-1,-1,-1,1,-1,-1,1,1,-1,1,1,-1,1,1,1,1,-1,1,-1,-1,1,-1,1,-1,1,1,-1,1,1,1,-1,-1,1,-1,1,1,1,-1,1,1,1,-1,1,1,-1,-1,1,-1,1,1,1,-1,1,1,1,1,1,1,-1,1,-1,-1,1,1,-1,-1,1,-1,-1,1,1,-1,-1,1,-1,1,1,1,-1,-1,1,-1,-1,1,1,-1,-1,1,-1,1,1,1,1,-1,1,1,-1,-1,1,1,-1,-1,-1,1,-1,1,-1,-1,1,-1,-1,1,-1,1,-1,-1,1,-1,1,-1,1,-1,-1,1,-1,-1,1,1,1,-1,1,-1,1,-1,1,1,1,-1,-1,-1,1,-1,-1,1,1,1,-1,1,-1,1,1,1,-1,1,1,-1,-1,-1,1,-1,-1,1,-1,-1,1,1,1,-1,1,-1,-1,1,1,-1,-1,1,-1,-1,1,1,-1,-1,1,-1,-1,-1,1,1,-1,1,1,-1,-1,1,-1,-1,1,-1,1,-1,1,1,-1,-1,1,-1,-1,-1,-1,-1,1,1,1,-1,1,1,-1,-1,1,-1,-1,-1,-1,-1,1,1,-1,-1,-1,-1,-1,1,1,-1,1,1,-1,-1,-1,1,1,-1,-1,-1,-1,-1,1,-1,-1,1,-1,-1,-1,1,1,-1,-1,-1,-1,-1,1,-1,-1,1,-1,-1,1,1,1,-1,1,-1,-1,-1,1,1,-1,-1,-1,-1,-1,1,1,1,-1,-1,-1,-1,1,1,-1,-1,-1,-1,1,1,1,1,-1,-1,1,1,1,1,1,-1,-1,-1,1,1,1,-1,1,-1,1,1,1,1,-1,1,-1,-1,1,-1,1,-1,1,-1,-1,1,-1,1,-1,-1,-1,-1,1,-1,1,-1,1,1,-1,1,-1,1,-1,1,1,-1,1,-1,1,-1,-1,-1,-1,1,1,-1,-1,-1,-1,-1,1,-1,1,-1,-1,-1,-1,-1,-1,-1,1,-1,-1,-1,1,-1,-1,1,-1,-1,-1,-1,-1,1,1,-1,-1,-1,-1,-1,1,-1,-1,-1,1,-1,-1,1,-1,1,-1,-1,-1,-1,-1,-1,-1,1,-1,-1,-1,1,1,1,-1,-1,1,-1,-1,-1,-1,-1,1,-1,-1,1,-1,1,-1,-1,-1,-1,1,-1,1,1,-1,1,-1,-1,1,1,-1,-1,-1,-1,-1,-1,1,1,-1,-1,1,-1,1,1,-1,-1,-1,1,-1,-1,1,-1,-1,1,-1,-1,1,1,1,-1,1,-1,1,1,1,-1,-1,1,-1,-1,1,-1,1,-1,1,-1,-1,1,1,-1,1,1,-1,-1,1,1,1,1,1,-1,-1,1,1,-1,1,1,-1,-1,1,1,1,1,1,1,-1,-1,1,1,-1,1,-1,-1,1,-1,1,1,1,1,-1,-1,1,-1,1,1,1,-1,1,1,1,1,-1,1,-1,1,1,1,1,1,1,1,-1,1,1,1,1,-1,1,-1,1,1,1,1,1,-1,1,1,1,1,-1,1,1,-1,1,1,-1,1,1,-1,-1,1,1,1,1,-1,1,-1,1,1,1,-1,-1,1,-1,1,1,1,-1,1,-1,-1,-1,1,1,-1,-1,1,-1,-1,1,1,1,-1,1,-1,-1,1,1,1,-1,1,-1,-1,1,1,-1,-1,-1,1,-1,-1,1,-1,1,1,-1,1,1,-1,-1,1,1,-1,-1,1,1,-1,1,1,-1,1,1,-1,-1,-1,-1,1,-1,-1,-1,-1,1,-1,-1,1,1,-1,1,1,-1,1,1,1,1,-1,1,-1,1,1,1,1,-1,1,-1,-1,1,1,1,-1,1,-1,1,1,1,1,-1,1,-1,1,1,-1,-1,-1,1,-1,-1,1,1,-1,-1,-1,1,-1,1,-1,1,-1,1,-1,-1,1,-2670.0,1,2000,445,1500,False
1323,1,1,-1,-1,1,1,-1,-1,1,1,1,-1,-1,1,1,1,-1,1,-1,-1,-1,-1,1,1,1,-1,-1,-1,1,1,1,1,-1,-1,-1,-1,1,1,1,1,-1,-1,-1,1,1,1,1,-1,1,1,1,1,-1,1,-1,-1,1,-1,1,1,1,-1,-1,-1,1,1,1,1,-1,-1,-1,1,1,1,1,-1,-1,-1,1,1,1,-1,-1,-1,1,1,1,1,-1,-1,1,1,1,1,1,-1,-1,-1,1,-1,1,1,-1,-1,1,1,1,1,1,-1,-1,-1,1,-1,1,1,-1,-1,1,1,1,1,1,1,-1,-1,1,1,-1,1,1,-1,1,1,1,1,1,1,-1,1,1,1,1,1,1,-1,1,1,1,1,1,1,-1,-1,-1,1,1,1,1,-1,1,1,1,1,-1,1,-1,1,-1,1,1,1,-1,-1,1,1,1,1,1,-1,1,-1,-1,1,-1,1,-1,1,1,1,1,1,1,1,1,1,-1,1,-1,1,-1,1,1,-1,1,-1,1,1,-1,1,-1,1,-1,1,-1,1,1,-1,1,-1,1,1,1,1,-1,-1,1,1,-1,-1,1,-1,1,-1,-1,1,-1,1,-1,1,-1,1,-1,1,1,-1,-1,-1,1,1,-1,1,-1,1,1,1,-1,1,1,-1,-1,-1,1,-1,1,-1,1,-1,1,1,-1,1,-1,-1,-1,1,1,-1,1,-1,-1,-1,1,1,-1,-1,1,1,-1,-1,1,1,-1,1,1,-1,1,1,1,-1,-1,1,-1,1,1,-1,1,-1,1,1,1,1,1,-1,-1,1,-1,-1,1,-1,1,-1,1,1,-1,1,1,1,-1,1,1,1,1,1,-1,-1,1,-1,1,1,1,1,-1,1,-1,1,1,1,-1,1,1,-1,-1,1,1,-1,1,1,-1,1,1,1,1,1,1,-1,1,1,1,1,1,1,-1,1,1,1,1,1,1,-1,-1,1,1,1,1,1,-1,1,-1,1,-1,1,1,1,-1,1,1,1,1,1,1,-1,1,1,1,1,1,1,-1,-1,-1,-1,1,1,1,-1,1,1,-1,1,1,-1,-1,1,1,1,1,1,-1,1,1,1,-1,1,1,1,-1,-1,1,1,1,-1,1,-1,1,-1,1,1,1,1,-1,-1,-1,1,-1,-1,1,1,-1,1,1,1,1,1,1,1,-1,1,-1,-1,1,-1,1,-1,1,-1,-1,1,1,1,-1,-1,1,-1,1,1,1,-1,1,1,1,-1,1,1,-1,1,-1,-1,1,1,1,-1,1,-1,1,1,1,1,-1,1,-1,1,1,1,-1,1,1,1,1,1,1,-1,-1,1,-1,1,1,1,-1,1,-1,1,-1,1,1,-1,-1,1,-1,1,1,1,1,-1,-1,-1,-1,1,1,1,-1,-1,-1,1,1,1,-1,-1,1,-1,-1,1,-1,1,-1,-1,1,-1,1,-1,1,-1,-1,1,-1,-1,1,1,1,-1,1,-1,1,-1,-1,-1,1,-1,-1,-1,1,-1,-1,1,1,1,-1,1,-1,1,1,1,-1,1,1,-1,1,-1,1,-1,-1,1,-1,-1,1,1,1,-1,1,-1,-1,1,1,-1,-1,1,-1,-1,1,1,-1,-1,1,-1,-1,-1,1,1,-1,1,-1,-1,-1,1,-1,-1,1,-1,1,-1,1,1,-1,-1,1,-1,-1,-1,-1,-1,1,1,1,-1,-1,1,-1,-1,1,-1,-1,1,-1,-1,1,1,-1,-1,1,1,-1,1,1,-1,1,-1,1,-1,-1,1,1,-1,-1,-1,-1,1,1,-1,-1,1,-1,-1,-1,1,1,-1,-1,-1,-1,-1,1,-1,-1,-1,-1,-1,1,1,1,-1,-1,-1,-1,-1,1,1,-1,-1,-1,-1,-1,1,1,1,-1,-1,-1,-1,1,1,-1,-1,-1,-1,1,1,1,1,-1,-1,1,1,1,1,1,-1,-1,-1,1,1,1,1,1,-1,1,1,1,1,-1,1,-1,-1,1,-1,1,-1,1,-1,-1,1,-1,1,-1,-1,-1,-1,1,-1,1,-1,1,-1,-1,1,-1,1,-1,1,-1,-1,1,-1,1,-1,-1,-1,-1,1,1,-1,-1,-1,-1,-1,1,-1,1,-1,-1,-1,-1,-1,-1,-1,1,-1,-1,-1,1,-1,-1,1,-1,-1,-1,-1,-1,-1,1,-1,-1,-1,-1,-1,1,-1,-1,-1,1,-1,-1,1,-1,1,-1,-1,-1,-1,-1,-1,-1,1,-1,-1,-1,1,1,-1,-1,-1,1,1,-1,-1,-1,-1,1,-1,-1,1,-1,1,-1,-1,-1,-1,1,-1,1,1,-1,1,-1,-1,1,1,-1,-1,-1,-1,-1,-1,1,1,-1,-1,1,-1,1,1,-1,-1,-1,1,-1,1,1,-1,-1,1,-1,-1,1,1,1,-1,1,-1,1,1,1,-1,-1,1,-1,-1,1,1,1,-1,1,-1,-1,1,1,-1,1,1,-1,-1,1,1,-1,1,1,-1,-1,1,1,-1,1,1,-1,-1,1,1,1,1,1,1,-1,1,1,1,1,1,-1,-1,1,-1,1,1,1,1,-1,-1,1,-1,1,1,1,-1,1,1,1,1,-1,1,-1,1,1,1,1,1,1,-1,-1,1,1,1,1,-1,1,-1,1,1,1,1,-1,1,-1,1,1,1,-1,-1,1,-1,1,1,-1,1,-1,-1,-1,1,1,1,-1,1,-1,-1,1,1,1,-1,-1,-1,-1,1,1,1,-1,-1,-1,-1,-1,1,1,-1,1,-1,-1,-1,1,1,-1,1,-1,-1,1,1,1,1,1,1,-1,-1,1,1,-1,-1,1,1,1,1,1,-1,1,-1,-1,1,1,-1,-1,1,-1,-1,-1,1,1,-1,1,1,1,1,1,-1,-1,-1,-1,-1,-1,-1,-1,-1,1,-1,1,1,1,-1,1,1,-1,1,1,1,1,-1,1,-1,1,1,1,-1,-1,1,-1,1,1,1,-1,-1,1,-1,1,1,1,-1,-1,1,-1,1,-1,1,1,-1,1,-1,-1,1,1,1,-1,-1,1,-1,1,-1,1,-1,1,-1,-1,1,-2670.0,1,2000,445,1500,False
1324,1,1,-1,-1,1,1,-1,-1,1,1,1,-1,-1,1,1,1,-1,1,-1,-1,-1,-1,1,1,1,-1,-1,-1,1,1,1,1,-1,-1,-1,-1,1,1,1,1,-1,-1,-1,1,1,1,1,-1,1,1,1,1,-1,1,-1,-1,1,-1,1,1,1,-1,-1,-1,1,1,1,1,-1,-1,-1,1,1,1,1,-1,-1,-1,1,1,1,-1,-1,-1,1,1,1,1,-1,-1,-1,1,1,1,1,-1,-1,1,1,-1,1,1,-1,-1,1,1,1,1,1,-1,-1,1,1,-1,1,1,-1,-1,1,1,1,1,1,1,-1,1,1,1,-1,1,1,-1,1,1,1,1,1,1,-1,-1,1,1,1,1,1,-1,1,1,1,1,1,1,-1,-1,-1,1,1,1,1,-1,1,1,1,1,-1,1,-1,1,-1,1,1,1,-1,-1,1,1,1,1,1,-1,1,-1,-1,1,-1,1,-1,1,1,1,1,1,1,1,1,1,-1,1,-1,1,-1,1,1,-1,1,-1,1,1,-1,1,-1,1,-1,1,-1,1,1,-1,1,-1,1,1,1,1,-1,-1,1,1,-1,-1,1,-1,1,-1,-1,1,-1,1,-1,1,-1,1,-1,1,1,-1,-1,-1,1,1,-1,1,-1,1,1,1,-1,1,1,-1,1,-1,1,-1,1,-1,1,-1,1,1,-1,1,-1,-1,-1,1,1,-1,1,-1,-1,-1,1,1,-1,-1,1,1,-1,-1,1,1,-1,1,1,-1,1,1,1,1,-1,1,-1,1,1,-1,1,-1,1,1,-1,1,1,1,1,1,-1,-1,1,-1,-1,-1,1,1,-1,1,1,1,-1,1,-1,-1,1,1,1,-1,1,-1,1,1,1,-1,1,1,-1,1,1,1,-1,1,1,-1,1,-1,1,1,-1,1,-1,1,1,1,-1,1,1,-1,1,1,1,-1,1,-1,-1,1,1,1,-1,1,-1,-1,1,1,1,-1,1,-1,-1,-1,-1,1,-1,1,1,-1,1,1,1,1,-1,1,-1,-1,-1,1,-1,1,-1,-1,1,-1,-1,-1,1,1,-1,1,-1,1,-1,1,-1,1,-1,1,1,1,1,-1,1,-1,1,1,-1,1,-1,-1,-1,-1,1,1,1,1,-1,-1,1,1,1,1,-1,-1,1,-1,-1,1,-1,1,-1,1,-1,1,1,-1,-1,-1,1,1,-1,1,-1,1,-1,-1,1,-1,1,1,-1,-1,-1,1,-1,-1,1,1,-1,-1,1,-1,1,1,-1,1,-1,1,-1,-1,1,1,-1,1,1,-1,1,1,-1,-1,1,1,-1,1,-1,1,-1,1,-1,-1,1,-1,1,-1,1,-1,-1,1,-1,-1,-1,1,-1,-1,1,-1,1,-1,1,-1,-1,1,-1,-1,1,-1,1,-1,1,1,1,-1,1,1,-1,-1,1,1,-1,1,-1,-1,1,-1,1,1,1,1,-1,-1,1,1,-1,-1,1,-1,-1,1,1,1,1,1,1,-1,1,1,1,-1,1,-1,1,-1,-1,-1,1,-1,-1,1,-1,1,-1,1,-1,1,-1,-1,-1,1,1,-1,1,1,-1,-1,-1,1,-1,1,1,-1,1,-1,1,-1,-1,-1,-1,-1,-1,1,-1,-1,-1,-1,-1,-1,1,-1,1,1,1,1,-1,1,-1,1,1,-1,-1,-1,1,-1,-1,1,-1,1,-1,-1,1,1,1,1,-1,-1,1,1,1,1,-1,1,-1,-1,1,1,1,-1,-1,-1,1,1,1,1,-1,1,-1,1,-1,1,-1,1,1,-1,-1,1,1,1,-1,-1,-1,1,1,1,1,1,-1,-1,-1,1,1,1,1,-1,-1,-1,1,-1,1,-1,-1,-1,1,1,1,1,1,-1,-1,-1,1,-1,1,1,-1,-1,-1,1,1,-1,1,-1,-1,-1,1,1,1,1,-1,-1,1,1,1,-1,1,-1,1,1,-1,1,1,-1,-1,-1,1,1,-1,1,1,-1,1,1,1,-1,1,1,-1,-1,1,-1,1,-1,1,-1,-1,1,1,-1,1,-1,-1,-1,1,-1,-1,1,-1,-1,-1,1,1,-1,-1,1,-1,-1,1,-1,-1,-1,-1,-1,-1,1,1,1,-1,-1,-1,-1,1,-1,1,-1,-1,-1,-1,-1,-1,-1,1,-1,-1,-1,1,-1,-1,1,-1,-1,-1,-1,-1,1,1,-1,-1,-1,-1,-1,1,-1,-1,-1,1,-1,-1,1,-1,1,-1,-1,-1,-1,-1,-1,-1,1,-1,-1,-1,1,1,1,-1,-1,1,-1,1,-1,-1,-1,1,-1,-1,1,1,1,-1,-1,-1,-1,1,-1,1,1,-1,1,-1,-1,1,1,-1,-1,-1,-1,-1,-1,1,1,-1,-1,1,-1,1,1,-1,-1,-1,1,-1,-1,1,-1,-1,1,-1,-1,1,1,1,-1,1,-1,1,1,1,-1,-1,1,-1,-1,1,1,1,-1,1,-1,-1,1,1,-1,1,1,-1,-1,1,1,-1,1,1,-1,-1,1,1,-1,1,1,-1,-1,1,1,1,1,1,1,-1,-1,1,1,-1,1,-1,-1,1,-1,1,1,1,1,-1,-1,1,-1,1,1,1,-1,1,1,1,1,-1,1,-1,1,1,1,1,1,1,1,-1,1,1,1,1,-1,1,-1,1,1,1,1,1,-1,1,1,1,1,-1,1,1,-1,1,1,-1,1,1,-1,-1,1,1,1,1,-1,1,-1,1,1,1,-1,-1,1,-1,1,1,1,-1,1,-1,-1,-1,1,1,-1,-1,1,-1,-1,1,1,1,-1,1,-1,-1,1,1,1,-1,1,-1,-1,1,1,-1,-1,-1,1,-1,1,1,-1,1,1,-1,1,1,-1,-1,1,1,-1,-1,1,1,-1,1,1,-1,1,1,-1,-1,-1,-1,1,-1,-1,-1,-1,1,-1,-1,1,1,-1,1,1,-1,1,1,1,1,-1,1,-1,1,1,1,1,-1,1,-1,-1,-1,1,1,-1,1,-1,1,1,1,1,-1,1,-1,1,1,1,-1,-1,1,-1,-1,1,1,-1,-1,-1,1,-1,1,1,1,-1,1,-1,-1,1,-2670.0,1,2000,445,1500,False
1325,1,1,-1,-1,1,1,-1,-1,1,1,1,-1,1,1,1,1,-1,1,-1,-1,-1,-1,1,1,1,-1,-1,-1,1,1,1,1,-1,-1,-1,-1,1,-1,1,1,-1,-1,-1,1,1,1,1,-1,1,1,1,1,-1,1,-1,-1,1,-1,1,1,1,-1,-1,-1,1,1,1,1,-1,-1,-1,1,1,1,1,-1,-1,-1,1,1,1,-1,-1,-1,1,1,1,1,-1,-1,-1,1,1,1,1,-1,-1,1,1,-1,1,1,-1,-1,1,1,1,1,1,-1,-1,1,1,1,1,1,-1,-1,1,1,1,1,1,1,-1,-1,1,1,-1,1,1,-1,1,1,1,1,1,1,-1,-1,1,1,1,1,1,-1,1,1,1,1,1,1,-1,-1,-1,1,1,1,1,-1,1,1,1,1,-1,1,-1,1,-1,1,1,1,-1,-1,1,1,1,1,1,-1,1,-1,-1,1,-1,1,-1,1,1,1,1,1,1,1,1,1,-1,1,-1,1,-1,1,1,-1,1,-1,1,1,-1,1,-1,1,-1,1,-1,1,1,-1,1,-1,1,1,1,1,-1,-1,1,1,-1,-1,1,-1,1,-1,-1,1,-1,1,-1,1,-1,1,-1,1,1,-1,-1,-1,1,1,-1,1,-1,1,1,1,-1,1,1,-1,1,-1,1,-1,1,-1,1,-1,1,1,-1,1,-1,-1,-1,1,1,-1,1,-1,-1,-1,1,1,-1,-1,1,1,-1,-1,1,1,-1,1,1,-1,1,1,1,1,-1,1,-1,1,1,-1,1,-1,1,-1,1,1,1,-1,-1,1,-1,-1,1,-1,-1,1,1,1,-1,1,1,1,-1,1,1,1,1,1,1,-1,1,-1,1,1,1,1,-1,1,-1,1,1,1,-1,1,1,-1,-1,1,1,1,-1,1,-1,1,1,1,-1,1,1,-1,1,1,1,-1,1,1,-1,1,1,1,1,1,1,-1,-1,1,1,-1,1,1,-1,1,-1,1,-1,1,1,1,-1,1,1,1,1,1,1,-1,1,1,-1,1,-1,1,-1,-1,-1,-1,1,1,1,-1,1,1,-1,1,1,-1,-1,1,1,1,1,1,-1,1,1,1,-1,1,1,1,-1,-1,1,1,1,-1,1,-1,1,1,1,1,1,1,-1,-1,-1,1,-1,-1,1,1,-1,1,1,1,1,1,1,1,-1,1,-1,-1,1,-1,1,-1,1,1,1,1,1,1,-1,-1,1,-1,1,1,1,-1,1,1,1,-1,1,1,-1,-1,1,-1,1,1,1,-1,1,1,1,1,1,1,-1,1,-1,1,1,1,-1,-1,1,-1,-1,1,1,-1,-1,1,-1,1,1,1,-1,-1,1,-1,-1,1,1,-1,-1,1,-1,1,1,1,1,-1,1,1,-1,-1,1,1,-1,-1,1,1,-1,1,-1,-1,1,1,-1,1,-1,1,-1,-1,1,-1,1,-1,1,-1,-1,1,-1,-1,1,1,1,-1,1,-1,1,-1,1,-1,1,-1,-1,-1,1,-1,-1,1,1,1,-1,1,-1,1,1,1,-1,1,1,-1,1,-1,1,-1,-1,1,-1,-1,1,1,1,-1,1,-1,-1,1,1,-1,-1,1,-1,-1,1,1,-1,-1,1,-1,-1,-1,1,1,-1,1,1,-1,-1,1,-1,-1,1,-1,1,-1,1,1,-1,-1,1,-1,-1,-1,-1,-1,1,1,1,-1,1,1,-1,-1,1,-1,-1,-1,-1,-1,1,1,-1,-1,-1,-1,-1,1,1,-1,1,1,1,-1,-1,1,1,-1,-1,-1,-1,-1,1,-1,-1,1,-1,-1,-1,1,1,-1,-1,-1,-1,-1,1,-1,-1,1,-1,-1,1,1,1,-1,1,-1,-1,-1,1,1,-1,-1,-1,-1,-1,1,1,1,-1,-1,-1,-1,1,1,-1,-1,-1,-1,1,1,1,1,-1,-1,1,1,1,1,1,-1,-1,-1,1,1,1,-1,1,-1,1,1,1,1,-1,1,-1,-1,1,-1,1,-1,1,-1,-1,1,-1,1,-1,-1,-1,-1,1,-1,1,-1,1,1,-1,1,-1,1,-1,1,1,-1,1,-1,1,-1,-1,-1,-1,1,1,-1,-1,-1,-1,-1,1,-1,1,-1,-1,-1,-1,-1,-1,-1,1,-1,-1,-1,1,-1,-1,1,-1,-1,-1,-1,-1,-1,1,-1,-1,-1,-1,-1,1,-1,-1,-1,1,-1,-1,1,-1,1,-1,-1,-1,-1,-1,-1,-1,1,-1,-1,-1,1,1,1,-1,-1,1,1,-1,-1,-1,-1,1,-1,-1,1,1,1,-1,-1,-1,-1,1,-1,1,1,-1,1,-1,-1,1,1,-1,-1,-1,-1,-1,-1,1,1,-1,-1,1,-1,1,1,-1,-1,-1,1,-1,1,1,-1,-1,1,-1,-1,1,1,1,-1,1,-1,1,1,1,-1,-1,1,-1,-1,1,1,1,-1,1,-1,-1,1,1,-1,1,1,-1,-1,1,1,1,1,1,-1,-1,1,1,-1,1,1,-1,-1,1,1,1,1,1,1,-1,-1,1,1,1,1,-1,-1,1,-1,1,1,1,1,-1,-1,1,-1,1,1,1,-1,1,1,1,1,-1,1,-1,1,1,1,1,1,1,1,-1,1,1,1,1,-1,1,-1,1,1,1,1,1,-1,1,1,1,1,-1,-1,1,-1,1,1,-1,1,1,-1,-1,1,1,1,-1,1,1,-1,1,1,1,-1,-1,1,-1,1,1,1,-1,1,-1,-1,-1,1,1,-1,-1,1,-1,-1,1,1,-1,-1,1,-1,-1,1,1,1,1,-1,-1,-1,1,1,-1,-1,1,1,-1,1,1,-1,1,1,-1,1,1,-1,-1,1,-1,-1,-1,1,1,-1,1,1,-1,1,1,-1,-1,1,-1,1,-1,-1,-1,-1,1,-1,-1,1,1,-1,1,1,-1,1,1,1,1,-1,1,-1,1,1,1,1,-1,1,-1,-1,-1,1,1,-1,1,-1,1,1,1,1,-1,1,-1,1,1,1,-1,-1,1,-1,-1,1,1,-1,-1,-1,1,-1,1,-1,1,-1,1,-1,-1,1,-2670.0,1,2000,445,1000,False
1326,1,1,-1,-1,1,1,-1,-1,1,1,1,-1,1,1,1,1,-1,1,-1,-1,-1,-1,1,1,1,1,-1,-1,1,1,1,1,-1,-1,-1,-1,1,1,1,1,-1,-1,-1,1,1,1,1,-1,1,1,1,1,-1,1,-1,-1,1,-1,1,1,1,-1,-1,-1,1,1,1,1,-1,-1,-1,1,1,1,1,-1,-1,-1,1,1,1,-1,-1,-1,1,1,1,1,-1,-1,-1,1,1,1,1,-1,-1,1,1,-1,1,1,-1,-1,1,1,1,1,1,-1,-1,-1,1,1,1,1,-1,-1,1,1,1,1,1,1,-1,-1,1,1,-1,1,1,-1,1,1,1,1,1,1,-1,1,1,1,1,1,1,-1,1,1,1,1,1,1,-1,-1,-1,1,1,1,1,-1,1,1,1,1,-1,1,-1,1,-1,1,1,1,-1,-1,1,1,1,1,1,-1,1,-1,-1,1,-1,1,-1,1,1,1,1,1,1,1,1,1,-1,1,-1,1,-1,1,1,-1,1,-1,1,1,-1,1,-1,1,-1,1,-1,1,1,-1,-1,-1,1,1,1,1,-1,-1,1,1,-1,-1,1,-1,1,-1,1,1,-1,1,-1,1,-1,1,-1,1,1,-1,-1,-1,1,1,-1,1,-1,1,1,1,-1,1,1,-1,1,-1,1,-1,1,-1,1,-1,1,1,-1,1,-1,-1,-1,1,1,-1,1,-1,-1,-1,1,1,-1,-1,1,1,-1,-1,1,1,-1,1,1,-1,1,1,1,1,-1,1,-1,1,1,-1,1,-1,1,-1,1,1,1,1,1,1,-1,-1,1,-1,-1,1,1,1,-1,1,1,1,-1,1,1,1,1,1,1,1,1,-1,1,1,1,-1,-1,1,-1,1,1,1,-1,1,1,-1,-1,1,1,1,-1,1,-1,1,1,1,-1,1,1,-1,1,1,1,-1,1,1,-1,1,1,1,-1,1,1,-1,-1,1,1,-1,1,1,-1,1,-1,1,-1,1,1,1,-1,1,1,1,1,1,1,-1,1,1,-1,1,1,1,-1,-1,-1,-1,1,1,1,-1,1,1,-1,1,1,-1,-1,1,1,1,1,1,-1,1,1,1,-1,1,1,1,-1,-1,1,1,1,-1,1,-1,1,1,1,1,1,1,-1,-1,-1,1,-1,-1,1,1,-1,1,1,1,1,1,1,1,-1,1,-1,-1,1,-1,1,-1,1,1,-1,1,1,1,-1,-1,1,-1,1,1,1,-1,1,1,1,-1,1,1,-1,-1,1,-1,1,1,1,-1,1,1,1,1,1,1,-1,1,-1,-1,1,1,1,-1,1,-1,-1,1,1,-1,-1,1,-1,1,1,1,-1,-1,1,-1,-1,1,1,-1,-1,1,-1,1,1,1,1,-1,1,1,-1,-1,1,1,-1,-1,-1,1,-1,1,-1,-1,1,-1,-1,1,-1,1,-1,-1,1,-1,1,-1,1,1,-1,1,-1,-1,1,1,1,-1,1,-1,1,-1,-1,-1,1,-1,-1,-1,1,-1,-1,1,1,1,-1,1,-1,1,1,1,-1,1,1,-1,1,-1,1,-1,-1,1,-1,-1,1,1,1,-1,1,-1,-1,1,1,-1,-1,1,-1,-1,1,1,-1,-1,1,-1,-1,-1,1,1,-1,1,1,-1,-1,1,-1,-1,1,-1,1,-1,1,1,-1,-1,1,-1,-1,-1,-1,-1,1,1,1,-1,1,1,-1,-1,1,-1,1,-1,-1,-1,1,1,-1,-1,-1,-1,-1,1,1,-1,1,1,1,-1,-1,1,1,-1,-1,-1,-1,1,1,-1,-1,1,-1,-1,-1,1,1,-1,-1,-1,-1,-1,1,-1,-1,1,-1,-1,-1,1,1,-1,1,-1,-1,1,1,1,-1,-1,-1,-1,-1,1,1,1,-1,-1,-1,-1,1,1,-1,-1,-1,-1,1,1,1,1,-1,-1,1,1,1,1,1,-1,-1,-1,1,1,1,1,1,-1,1,1,1,1,-1,1,-1,-1,1,-1,1,-1,1,-1,-1,1,-1,1,-1,-1,-1,-1,1,-1,1,-1,1,-1,-1,1,-1,1,-1,1,-1,-1,1,-1,1,-1,-1,-1,-1,1,1,-1,-1,-1,-1,-1,1,-1,1,-1,-1,-1,-1,-1,-1,-1,1,-1,-1,-1,1,-1,-1,1,-1,-1,-1,-1,-1,-1,1,-1,-1,-1,-1,-1,1,-1,-1,-1,1,-1,-1,1,-1,1,-1,-1,-1,-1,-1,-1,-1,1,-1,-1,-1,1,1,-1,-1,-1,-1,1,-1,-1,-1,-1,1,-1,-1,1,-1,1,-1,-1,-1,-1,1,-1,1,1,-1,1,-1,-1,1,1,-1,-1,-1,-1,-1,-1,1,1,-1,-1,1,-1,1,1,-1,-1,-1,1,-1,-1,1,-1,-1,1,-1,-1,1,1,1,-1,1,-1,1,1,1,-1,-1,1,-1,-1,1,1,1,-1,1,-1,-1,1,1,-1,1,1,-1,-1,1,1,-1,1,1,-1,-1,1,1,-1,1,1,-1,-1,1,1,1,1,1,1,-1,-1,1,1,1,1,-1,-1,1,-1,1,1,1,1,-1,-1,1,-1,1,1,1,-1,1,1,1,1,-1,1,-1,1,1,1,1,1,1,1,-1,1,1,1,1,-1,1,-1,1,1,1,1,1,-1,1,1,1,1,-1,1,1,-1,1,1,-1,1,1,-1,-1,1,1,1,1,-1,1,-1,1,1,1,-1,-1,1,-1,1,1,1,-1,1,-1,-1,-1,1,1,-1,-1,1,-1,-1,1,1,1,-1,1,-1,-1,1,1,1,-1,1,-1,-1,1,1,-1,-1,-1,1,-1,1,1,-1,1,1,-1,1,1,-1,-1,1,-1,-1,-1,1,1,-1,1,1,-1,1,1,-1,-1,1,-1,1,-1,-1,-1,-1,1,-1,-1,1,1,-1,1,1,-1,1,1,1,1,-1,1,-1,1,1,1,-1,-1,1,-1,-1,1,1,-1,-1,1,-1,1,1,1,-1,-1,1,-1,1,1,1,1,-1,1,-1,-1,1,1,-1,-1,-1,1,-1,1,1,1,-1,1,-1,-1,1,-2670.0,1,2000,445,1500,False
1327,1,1,-1,-1,1,1,-1,-1,1,1,1,-1,-1,1,1,1,-1,1,-1,-1,-1,-1,1,1,1,-1,-1,-1,1,1,1,1,-1,-1,-1,-1,1,1,1,1,-1,-1,-1,1,1,1,1,-1,1,1,1,1,-1,1,-1,-1,1,-1,1,1,1,-1,-1,-1,1,1,1,1,-1,-1,-1,1,1,1,1,-1,-1,-1,1,1,1,-1,-1,-1,1,1,1,1,-1,-1,-1,1,1,1,1,-1,-1,1,1,-1,1,1,-1,-1,1,1,1,1,1,-1,-1,1,1,-1,1,1,-1,-1,1,1,1,1,1,1,-1,1,1,1,-1,1,1,-1,1,1,1,1,1,1,-1,-1,1,1,1,1,1,-1,1,1,1,1,1,1,-1,-1,-1,1,1,1,1,-1,1,1,1,1,-1,1,-1,1,-1,1,1,1,-1,-1,1,1,1,1,1,-1,1,-1,-1,1,-1,1,-1,1,1,1,1,1,1,1,1,1,1,1,-1,1,-1,1,1,-1,1,-1,1,1,-1,1,-1,1,-1,1,-1,1,1,-1,1,-1,1,1,1,1,-1,-1,1,1,-1,-1,1,-1,1,-1,-1,1,-1,1,-1,1,-1,1,-1,1,1,-1,1,-1,1,1,-1,1,-1,1,1,1,-1,1,1,-1,1,-1,1,-1,1,-1,1,-1,1,1,-1,1,-1,-1,-1,1,1,-1,1,-1,-1,-1,1,1,-1,-1,1,1,-1,-1,1,1,-1,1,1,-1,1,1,1,1,-1,1,-1,1,1,-1,1,-1,1,-1,1,1,1,1,1,1,-1,-1,1,-1,-1,1,1,1,-1,1,1,1,-1,1,1,1,1,1,1,-1,1,-1,1,1,1,-1,-1,1,-1,1,1,1,-1,1,1,-1,-1,1,1,1,-1,1,-1,1,1,1,-1,1,1,-1,1,1,1,-1,1,1,-1,1,1,1,-1,1,1,-1,-1,1,1,-1,1,1,-1,1,-1,1,-1,1,1,1,-1,1,1,1,-1,1,1,-1,1,1,-1,1,1,1,-1,-1,-1,-1,1,1,1,-1,1,1,-1,1,1,-1,-1,1,1,1,1,1,-1,1,1,1,-1,1,1,1,-1,-1,1,1,1,-1,1,-1,1,1,1,1,1,1,-1,-1,-1,1,-1,-1,1,1,-1,1,1,-1,1,1,1,1,-1,1,-1,-1,1,-1,1,-1,1,1,1,1,1,1,-1,-1,1,-1,1,1,1,-1,1,1,1,-1,1,1,-1,-1,1,-1,1,1,1,-1,1,1,1,1,1,1,-1,1,-1,-1,1,1,-1,-1,1,-1,-1,1,1,-1,-1,1,-1,1,1,1,-1,-1,1,-1,-1,1,1,-1,-1,1,-1,1,1,1,1,-1,1,1,-1,-1,1,1,-1,-1,1,1,-1,1,-1,-1,1,1,-1,1,-1,1,-1,-1,1,-1,1,-1,1,-1,-1,1,-1,-1,1,1,1,-1,1,-1,1,-1,-1,-1,1,-1,-1,-1,1,-1,-1,1,1,1,-1,1,-1,1,1,1,-1,1,1,-1,1,-1,1,-1,-1,1,-1,-1,1,1,1,-1,1,-1,-1,1,1,-1,-1,1,-1,-1,1,1,-1,-1,1,-1,-1,-1,1,1,-1,1,1,-1,-1,1,-1,-1,1,-1,1,-1,1,1,-1,-1,1,-1,-1,-1,-1,-1,1,1,1,-1,1,1,-1,-1,1,-1,-1,-1,-1,-1,-1,1,-1,-1,-1,1,-1,1,1,-1,1,1,1,-1,-1,1,1,-1,-1,-1,-1,-1,1,-1,-1,1,-1,-1,-1,1,1,-1,-1,-1,-1,-1,1,-1,-1,1,-1,-1,1,1,1,-1,1,-1,-1,-1,1,1,-1,-1,-1,-1,-1,1,1,1,-1,-1,-1,-1,1,1,-1,-1,-1,-1,1,1,1,1,-1,-1,1,1,1,1,1,-1,-1,-1,1,1,1,1,1,-1,1,1,1,1,-1,1,-1,-1,1,-1,1,-1,1,-1,-1,1,-1,1,-1,-1,-1,-1,1,-1,1,-1,1,-1,-1,1,-1,1,-1,1,-1,-1,1,-1,1,-1,-1,-1,-1,1,1,-1,-1,-1,-1,-1,1,-1,1,-1,-1,-1,-1,-1,-1,-1,1,-1,-1,-1,1,-1,-1,1,-1,-1,-1,-1,-1,-1,1,-1,-1,-1,-1,-1,1,-1,-1,-1,1,-1,-1,1,-1,1,-1,-1,-1,-1,-1,-1,-1,1,-1,-1,-1,1,1,1,-1,-1,1,1,-1,-1,-1,-1,1,-1,-1,1,-1,1,-1,-1,-1,-1,1,-1,1,1,-1,1,-1,-1,1,1,-1,-1,-1,-1,-1,-1,1,1,-1,-1,1,-1,1,1,-1,-1,-1,1,-1,-1,1,-1,-1,1,-1,-1,1,1,1,-1,1,-1,1,1,1,-1,-1,1,-1,-1,1,1,1,-1,1,-1,-1,1,1,-1,1,1,-1,-1,1,1,1,1,1,-1,-1,1,1,-1,1,1,-1,-1,1,1,1,1,1,1,-1,-1,1,1,1,1,-1,-1,1,-1,1,1,1,1,-1,-1,1,-1,1,1,1,-1,1,1,1,1,-1,1,-1,1,1,1,1,1,1,1,-1,1,1,1,1,-1,1,-1,1,1,1,1,1,-1,1,1,1,1,-1,1,1,-1,1,1,-1,1,1,-1,-1,1,1,1,1,-1,1,-1,1,1,1,-1,-1,1,-1,1,1,1,-1,1,-1,-1,-1,1,1,-1,-1,1,-1,-1,1,1,1,-1,1,-1,-1,1,1,1,-1,1,-1,-1,1,1,-1,-1,-1,1,-1,1,1,-1,1,1,-1,1,1,-1,-1,1,1,-1,-1,1,1,-1,1,1,-1,1,1,-1,-1,-1,-1,1,-1,-1,-1,-1,1,-1,-1,1,1,-1,1,1,-1,1,1,1,1,-1,1,-1,1,1,1,1,-1,1,-1,1,-1,1,1,-1,1,-1,-1,1,1,1,-1,1,-1,1,1,1,-1,-1,1,-1,-1,1,1,-1,-1,-1,1,-1,1,-1,1,-1,1,-1,-1,1,-2670.0,1,2000,445,1500,False
1328,1,1,-1,-1,1,-1,1,-1,1,1,1,-1,1,1,1,1,-1,1,-1,-1,1,-1,1,1,1,-1,1,-1,1,1,1,1,-1,-1,-1,-1,1,-1,1,1,-1,-1,-1,1,1,1,1,-1,1,1,1,1,-1,1,-1,-1,1,-1,1,1,1,-1,-1,-1,1,1,1,1,-1,-1,-1,1,1,1,1,-1,-1,-1,1,1,1,-1,-1,-1,1,1,1,1,-1,-1,-1,1,1,1,1,-1,-1,1,1,-1,1,1,-1,-1,1,1,1,1,1,-1,-1,1,1,1,1,1,-1,-1,1,1,1,1,1,1,-1,-1,1,1,-1,1,1,-1,1,1,1,1,1,1,-1,-1,1,1,1,1,1,-1,1,1,1,1,1,1,-1,-1,-1,1,1,1,1,-1,1,1,1,1,-1,1,-1,1,-1,1,1,1,-1,-1,1,1,1,1,1,-1,1,-1,-1,1,-1,1,-1,1,1,1,1,1,1,1,1,1,-1,1,-1,1,-1,1,1,-1,1,-1,1,1,-1,1,-1,1,-1,1,-1,1,1,-1,1,-1,1,1,1,1,-1,-1,1,1,-1,-1,1,-1,1,-1,-1,1,-1,1,-1,1,-1,1,-1,1,1,-1,-1,-1,1,1,-1,1,-1,1,1,1,-1,1,1,-1,1,-1,1,-1,1,-1,1,-1,1,1,-1,1,-1,-1,-1,1,1,-1,1,-1,-1,-1,1,1,-1,-1,1,1,-1,-1,1,1,-1,1,1,-1,1,1,1,1,-1,1,-1,1,1,-1,1,-1,1,-1,1,1,1,-1,-1,1,-1,-1,1,-1,-1,1,1,1,-1,1,1,1,-1,1,1,1,1,1,1,-1,1,-1,1,1,1,1,-1,1,-1,1,1,1,-1,1,1,-1,-1,1,1,1,-1,1,-1,1,1,1,-1,1,1,-1,1,1,1,-1,1,1,-1,1,1,1,1,1,1,1,-1,1,1,-1,1,1,-1,1,-1,1,-1,1,1,1,-1,1,1,1,1,1,1,-1,1,1,-1,1,1,1,-1,-1,-1,-1,1,1,1,-1,1,1,-1,1,1,-1,-1,1,1,1,1,1,-1,1,1,1,-1,1,1,1,1,-1,1,1,1,-1,1,-1,1,1,1,1,1,1,-1,-1,-1,1,-1,-1,1,1,-1,1,1,1,1,1,1,1,-1,1,-1,-1,1,-1,1,-1,1,1,-1,1,1,1,-1,-1,1,-1,1,1,1,-1,1,1,1,-1,1,1,-1,-1,1,-1,1,1,1,-1,1,1,1,1,1,1,-1,1,-1,-1,1,1,-1,-1,1,-1,-1,1,1,-1,-1,1,-1,1,1,1,-1,-1,1,-1,-1,1,1,-1,-1,1,-1,1,1,1,1,-1,1,-1,-1,-1,1,1,-1,-1,-1,1,-1,1,-1,-1,1,-1,-1,1,-1,1,-1,-1,1,-1,1,-1,1,-1,-1,1,-1,-1,1,1,1,-1,1,-1,1,-1,1,-1,1,-1,-1,-1,1,-1,-1,1,1,1,-1,1,-1,1,1,1,-1,1,1,-1,1,-1,1,-1,-1,1,-1,-1,1,1,1,-1,1,-1,-1,1,1,-1,-1,1,-1,-1,1,1,-1,-1,1,-1,-1,-1,1,1,-1,1,1,-1,-1,1,-1,-1,1,-1,1,-1,1,1,-1,-1,1,-1,-1,-1,-1,-1,1,1,1,-1,1,1,-1,-1,1,-1,1,-1,-1,-1,1,1,-1,-1,-1,-1,-1,1,1,-1,1,1,-1,-1,-1,1,1,-1,-1,-1,-1,-1,1,-1,-1,1,-1,-1,-1,1,1,-1,-1,-1,-1,-1,1,-1,-1,1,-1,-1,1,1,1,-1,1,-1,-1,-1,1,1,-1,-1,-1,-1,-1,1,1,1,-1,-1,-1,-1,1,1,-1,-1,-1,-1,1,1,1,1,-1,-1,1,1,1,1,1,-1,-1,-1,1,1,1,1,1,-1,1,1,1,1,-1,1,-1,-1,1,-1,1,-1,1,-1,-1,1,-1,1,-1,-1,-1,-1,1,-1,1,-1,1,1,-1,1,-1,1,-1,1,1,-1,1,-1,1,-1,-1,-1,-1,1,1,-1,-1,-1,-1,-1,1,-1,1,-1,-1,-1,-1,-1,-1,-1,1,-1,-1,-1,1,-1,-1,1,-1,-1,-1,-1,-1,-1,1,-1,-1,-1,-1,-1,1,-1,-1,-1,1,-1,-1,1,-1,1,-1,-1,-1,-1,-1,-1,-1,1,-1,-1,-1,1,1,-1,-1,-1,1,-1,-1,-1,-1,-1,1,-1,-1,1,1,1,-1,-1,-1,-1,1,-1,1,1,-1,1,-1,-1,1,1,-1,-1,-1,-1,-1,-1,1,1,-1,-1,1,-1,1,1,-1,-1,-1,1,-1,1,1,-1,-1,1,-1,-1,1,1,1,-1,1,-1,1,1,1,-1,-1,1,-1,-1,1,1,1,-1,1,-1,-1,1,1,-1,1,1,-1,-1,1,1,-1,1,1,-1,-1,1,1,-1,1,1,-1,-1,1,1,1,1,1,1,-1,-1,1,1,-1,1,-1,-1,1,-1,1,1,1,1,-1,-1,1,-1,1,1,1,-1,1,1,1,1,-1,1,-1,1,1,1,1,1,1,1,-1,1,1,1,1,-1,1,-1,1,1,1,1,1,-1,1,1,1,1,-1,-1,1,-1,1,1,-1,1,1,-1,-1,1,1,1,-1,1,1,-1,1,1,1,-1,-1,1,-1,1,1,1,-1,1,-1,-1,-1,1,1,-1,-1,1,-1,-1,1,1,1,-1,1,-1,-1,1,1,1,1,-1,-1,-1,1,1,-1,-1,1,1,-1,-1,1,-1,1,1,-1,1,1,-1,-1,1,-1,-1,-1,1,1,-1,1,1,-1,1,1,-1,-1,1,-1,1,-1,-1,-1,-1,1,-1,-1,1,1,-1,1,1,-1,1,1,1,1,-1,1,-1,1,1,1,1,-1,1,-1,-1,1,1,1,-1,1,-1,1,1,1,1,-1,1,-1,1,1,-1,-1,-1,1,-1,-1,1,1,-1,-1,-1,1,-1,1,-1,1,-1,1,-1,-1,1,-2670.0,1,2000,445,1500,False
1329,1,1,-1,-1,1,1,-1,-1,1,1,1,-1,1,1,1,1,-1,1,-1,-1,1,-1,1,1,1,-1,1,-1,1,1,1,1,-1,-1,-1,-1,1,1,1,-1,-1,-1,-1,1,1,1,1,-1,1,1,1,1,-1,1,-1,-1,1,-1,1,1,1,-1,-1,-1,1,1,1,1,-1,-1,-1,1,1,1,1,-1,-1,-1,1,1,1,-1,-1,-1,1,1,1,1,-1,1,-1,1,1,1,1,-1,-1,1,1,-1,1,1,-1,-1,1,1,1,1,1,-1,-1,1,1,1,1,1,-1,-1,1,1,1,1,1,1,-1,1,1,1,-1,1,1,-1,1,1,1,1,1,1,-1,-1,1,1,1,1,1,-1,1,1,1,1,1,1,-1,-1,-1,1,1,1,1,-1,1,1,1,1,-1,1,-1,1,-1,1,1,1,-1,-1,1,1,1,1,1,-1,1,-1,-1,1,-1,1,-1,1,1,1,1,1,1,1,1,1,-1,1,-1,1,-1,1,1,-1,1,-1,1,1,-1,1,-1,1,-1,1,-1,1,1,-1,1,-1,1,1,1,1,-1,-1,1,1,-1,-1,1,-1,1,-1,1,1,-1,1,-1,1,-1,1,-1,1,1,-1,-1,-1,1,1,-1,1,-1,1,1,1,-1,1,1,-1,1,-1,1,-1,1,-1,1,-1,1,1,-1,1,-1,-1,-1,1,1,-1,1,-1,-1,-1,1,1,-1,-1,1,1,-1,-1,1,1,-1,1,1,-1,1,1,1,1,-1,1,-1,1,1,-1,1,-1,1,1,1,1,1,1,1,1,-1,-1,1,-1,-1,1,1,1,-1,1,1,1,-1,1,1,1,1,1,1,-1,1,-1,1,1,1,-1,-1,1,-1,1,1,1,-1,1,1,-1,-1,1,1,1,-1,1,-1,1,1,1,-1,1,1,-1,1,1,1,-1,1,1,-1,1,1,1,-1,1,1,1,-1,1,1,-1,1,1,-1,1,-1,1,-1,1,1,1,-1,1,1,1,-1,1,1,-1,1,1,-1,1,1,1,-1,-1,-1,-1,1,1,1,-1,1,1,-1,1,1,-1,-1,1,1,1,1,1,-1,1,1,1,-1,1,1,1,-1,-1,1,1,1,-1,1,-1,1,1,1,1,1,1,-1,-1,-1,1,-1,-1,1,1,-1,1,1,-1,1,1,1,1,-1,1,-1,-1,1,-1,1,-1,1,1,1,1,1,1,-1,-1,1,-1,1,1,1,-1,1,1,1,-1,1,1,-1,-1,1,-1,1,1,1,-1,1,1,1,1,1,1,-1,1,-1,-1,1,1,1,-1,1,-1,-1,1,1,-1,-1,1,-1,1,1,1,-1,-1,1,1,-1,1,1,-1,-1,1,-1,1,1,1,1,-1,1,1,-1,-1,1,1,-1,-1,-1,1,-1,1,-1,-1,1,-1,-1,1,-1,1,-1,-1,1,-1,1,-1,1,-1,-1,1,-1,-1,1,1,1,-1,1,-1,1,-1,-1,-1,1,-1,-1,-1,1,-1,-1,1,1,1,-1,1,-1,1,1,1,-1,1,1,-1,1,-1,1,-1,-1,1,-1,-1,1,1,1,-1,1,-1,-1,1,1,-1,-1,1,-1,-1,1,1,-1,-1,1,-1,-1,-1,1,1,-1,1,-1,-1,-1,1,-1,-1,1,-1,1,-1,1,1,-1,-1,1,-1,-1,-1,-1,-1,1,1,1,-1,1,1,-1,-1,1,-1,-1,-1,-1,-1,1,1,-1,-1,-1,-1,-1,1,1,-1,1,1,1,-1,-1,1,1,-1,-1,-1,-1,1,1,-1,-1,1,-1,-1,-1,1,1,-1,-1,-1,-1,-1,1,-1,-1,1,-1,-1,1,1,1,-1,1,-1,-1,-1,1,1,-1,-1,-1,-1,-1,1,1,1,-1,-1,-1,-1,1,1,-1,-1,-1,-1,1,1,1,1,-1,-1,1,1,1,1,1,-1,-1,-1,1,1,1,-1,1,-1,1,1,1,1,-1,1,-1,-1,1,-1,1,-1,1,-1,-1,1,-1,1,-1,-1,-1,-1,1,-1,1,-1,1,-1,-1,1,-1,1,-1,1,-1,-1,1,-1,1,-1,-1,-1,-1,1,1,-1,-1,-1,-1,-1,1,-1,1,-1,-1,-1,-1,-1,-1,-1,1,-1,-1,-1,1,-1,-1,1,-1,-1,-1,-1,-1,1,1,-1,-1,-1,-1,-1,1,-1,-1,-1,1,-1,-1,1,-1,1,-1,-1,-1,-1,-1,-1,-1,1,-1,-1,-1,1,1,-1,-1,-1,-1,1,-1,-1,-1,-1,1,-1,-1,1,-1,1,-1,-1,-1,-1,1,-1,1,1,-1,1,-1,-1,1,1,-1,-1,-1,-1,-1,-1,1,1,-1,-1,1,-1,1,1,1,-1,-1,1,-1,-1,1,-1,-1,1,-1,-1,1,1,1,-1,1,-1,1,1,1,-1,-1,1,-1,-1,1,1,1,-1,1,-1,-1,1,1,-1,1,1,-1,-1,1,1,1,1,1,-1,-1,1,1,-1,1,1,-1,-1,1,1,1,1,1,1,-1,-1,1,1,-1,1,-1,-1,1,-1,1,1,1,1,-1,-1,1,-1,1,1,1,-1,1,1,1,1,-1,1,-1,1,1,1,1,1,1,1,-1,1,1,1,1,-1,1,-1,1,1,1,1,1,-1,1,1,1,1,-1,1,1,-1,1,1,-1,1,1,-1,-1,1,1,1,1,-1,1,-1,1,1,1,-1,-1,1,-1,1,1,1,-1,1,-1,-1,-1,1,1,-1,-1,1,-1,-1,1,1,-1,-1,1,-1,-1,-1,1,1,-1,1,-1,-1,1,1,-1,-1,-1,1,-1,-1,1,-1,1,1,-1,1,1,-1,-1,1,1,-1,-1,-1,1,-1,1,1,-1,1,1,-1,-1,1,-1,1,-1,-1,-1,-1,1,-1,-1,1,1,-1,1,1,-1,1,1,1,1,-1,1,-1,1,1,1,1,-1,1,-1,-1,1,1,1,-1,1,-1,1,1,1,1,-1,1,-1,1,1,-1,-1,-1,1,-1,-1,1,1,-1,-1,-1,1,-1,1,-1,1,-1,1,-1,-1,1,-2670.0,1,2000,445,1500,False
1330,1,1,-1,-1,1,-1,-1,-1,1,1,1,-1,1,1,1,1,-1,1,-1,-1,-1,-1,1,1,1,-1,-1,-1,1,1,1,1,-1,-1,-1,-1,1,-1,1,1,-1,-1,-1,1,1,1,1,-1,1,1,1,1,-1,1,-1,-1,1,-1,1,1,1,-1,-1,-1,1,1,1,1,-1,-1,-1,1,1,1,1,-1,-1,-1,1,1,1,-1,-1,-1,1,1,1,1,-1,-1,-1,1,1,1,1,-1,-1,1,1,-1,1,1,-1,-1,1,1,1,1,1,-1,-1,1,1,1,1,1,-1,-1,1,1,1,1,1,1,-1,1,1,1,-1,1,1,-1,1,1,1,1,1,1,-1,-1,1,1,1,1,1,-1,1,1,1,1,1,1,-1,-1,-1,1,1,1,1,-1,1,1,1,1,-1,1,-1,1,-1,1,1,1,-1,-1,1,1,1,1,1,-1,1,-1,-1,1,-1,1,-1,1,1,1,1,1,1,1,1,1,-1,1,-1,1,-1,1,1,-1,1,-1,1,1,-1,1,-1,1,-1,1,-1,1,1,-1,1,-1,1,1,1,1,-1,-1,1,1,-1,-1,1,-1,1,-1,-1,1,-1,1,-1,1,-1,1,-1,-1,1,-1,-1,-1,1,1,-1,1,-1,1,1,1,-1,1,1,-1,1,-1,1,-1,1,-1,1,-1,1,1,-1,1,-1,-1,-1,1,1,-1,1,-1,-1,-1,1,1,-1,-1,1,1,-1,-1,1,1,-1,1,1,-1,1,1,1,1,-1,1,-1,1,1,-1,1,-1,1,-1,1,1,1,1,1,1,-1,-1,1,-1,-1,-1,1,1,-1,1,1,1,-1,1,1,1,1,1,1,1,1,-1,1,1,1,-1,1,1,-1,1,1,1,-1,1,1,-1,-1,1,1,1,-1,1,-1,1,1,1,-1,1,1,-1,1,1,1,-1,1,1,-1,1,1,1,-1,1,1,-1,-1,1,1,-1,1,1,-1,1,-1,1,-1,1,-1,1,-1,1,1,1,-1,-1,1,-1,1,1,-1,1,1,1,-1,-1,-1,-1,1,1,1,-1,1,1,-1,1,1,-1,-1,1,1,1,1,1,-1,1,1,1,-1,1,1,1,1,-1,1,1,-1,-1,1,-1,1,-1,1,-1,1,1,-1,-1,-1,1,-1,1,1,1,-1,1,1,-1,1,1,1,1,-1,1,-1,-1,1,-1,1,-1,1,-1,1,1,1,1,-1,-1,1,-1,1,1,1,-1,1,1,1,-1,1,1,-1,1,-1,-1,1,1,1,-1,-1,-1,1,1,1,1,-1,1,-1,-1,1,1,-1,1,1,-1,1,1,1,-1,-1,1,-1,1,1,1,-1,1,-1,-1,-1,1,1,-1,-1,1,-1,1,1,1,1,-1,1,-1,-1,1,1,1,-1,-1,-1,-1,1,1,-1,-1,1,-1,-1,1,-1,1,-1,-1,1,-1,1,-1,1,-1,-1,1,-1,-1,1,1,1,-1,1,-1,1,-1,1,-1,1,-1,-1,-1,1,-1,1,-1,1,1,-1,1,-1,-1,1,1,-1,1,1,-1,-1,-1,1,-1,-1,1,-1,-1,1,1,1,-1,1,-1,-1,1,1,-1,-1,1,-1,1,1,1,-1,-1,1,-1,-1,-1,1,1,-1,1,1,-1,-1,1,-1,-1,1,-1,1,1,1,1,-1,-1,1,-1,-1,-1,-1,-1,1,1,1,-1,-1,1,-1,-1,1,-1,-1,1,-1,-1,1,1,-1,-1,1,-1,-1,1,1,-1,1,-1,-1,-1,-1,1,1,-1,-1,-1,-1,-1,1,-1,-1,1,-1,-1,-1,1,1,-1,-1,-1,-1,-1,1,-1,-1,-1,-1,-1,1,1,1,-1,-1,-1,-1,-1,1,1,-1,-1,-1,-1,-1,1,1,1,-1,-1,-1,-1,1,1,-1,-1,-1,-1,1,1,1,1,-1,-1,1,1,1,1,1,-1,-1,-1,1,1,1,-1,1,-1,1,1,1,1,-1,1,-1,-1,1,-1,1,-1,1,-1,-1,1,-1,1,-1,-1,-1,-1,1,-1,1,-1,1,1,-1,1,-1,1,-1,1,1,-1,1,-1,1,-1,-1,-1,-1,1,1,-1,-1,-1,-1,-1,1,-1,1,-1,-1,-1,-1,-1,-1,-1,1,-1,-1,-1,1,-1,-1,1,-1,-1,-1,-1,-1,1,1,-1,-1,-1,-1,-1,1,-1,-1,-1,1,-1,-1,1,-1,1,-1,-1,-1,-1,-1,-1,-1,1,-1,-1,-1,1,1,1,-1,-1,1,-1,-1,-1,-1,-1,1,-1,-1,1,1,1,-1,-1,-1,-1,1,-1,1,1,-1,1,-1,-1,1,1,-1,-1,-1,-1,-1,-1,1,1,-1,-1,1,-1,1,1,-1,-1,-1,1,-1,1,1,-1,-1,1,-1,-1,1,1,1,-1,1,-1,1,1,1,-1,-1,1,-1,-1,1,1,1,-1,1,-1,-1,1,1,-1,1,1,-1,-1,1,1,1,1,1,-1,-1,1,1,-1,1,1,-1,-1,1,1,1,1,-1,1,-1,1,1,1,1,1,-1,-1,1,-1,1,1,1,1,-1,-1,1,-1,1,1,1,-1,1,1,1,1,-1,1,-1,1,1,1,1,1,1,1,-1,1,1,1,1,-1,1,-1,1,1,1,1,1,-1,1,1,1,1,-1,1,1,-1,1,1,-1,1,1,-1,-1,1,1,1,1,-1,1,-1,1,1,1,-1,-1,1,-1,1,1,1,-1,1,-1,-1,-1,1,1,-1,-1,1,-1,-1,1,1,-1,-1,1,-1,1,1,1,1,-1,1,-1,-1,1,1,-1,-1,-1,1,1,-1,1,-1,1,1,-1,1,1,-1,-1,1,1,-1,-1,1,1,-1,1,1,1,1,1,-1,-1,-1,-1,1,-1,-1,-1,-1,-1,1,1,1,1,-1,1,1,-1,1,1,1,1,-1,1,-1,1,1,1,1,-1,1,-1,1,1,1,1,-1,1,-1,1,1,1,1,-1,1,-1,1,1,1,-1,-1,1,-1,1,1,1,-1,-1,-1,1,-1,1,-1,1,-1,1,-1,1,1,-2670.0,1,2000,445,1500,False
1331,1,1,-1,-1,1,1,-1,-1,1,1,1,-1,1,1,1,1,-1,1,-1,-1,-1,-1,1,1,1,-1,-1,-1,1,1,1,1,-1,-1,-1,-1,1,-1,1,-1,-1,-1,-1,1,1,1,1,-1,1,1,1,1,-1,1,-1,-1,1,-1,1,1,1,-1,-1,-1,1,1,1,1,-1,-1,-1,1,1,1,1,-1,-1,-1,1,1,1,-1,-1,-1,1,1,1,1,-1,-1,-1,1,1,1,1,-1,-1,1,1,-1,1,1,-1,-1,1,1,1,1,1,-1,-1,1,1,-1,1,1,-1,-1,1,1,1,1,1,1,-1,-1,1,1,-1,1,1,-1,1,1,1,1,1,1,-1,-1,1,1,1,1,1,-1,1,1,1,1,1,1,-1,-1,-1,1,1,1,1,-1,1,1,1,1,-1,1,-1,1,-1,1,1,1,-1,-1,1,1,1,1,1,-1,1,-1,-1,1,-1,1,-1,1,1,1,1,1,1,1,1,1,-1,1,-1,1,-1,1,1,-1,1,-1,1,1,-1,1,-1,1,-1,1,-1,1,1,-1,-1,-1,1,1,1,1,-1,-1,1,1,-1,-1,1,-1,1,-1,-1,1,-1,1,-1,1,-1,1,-1,1,1,-1,-1,-1,1,1,-1,1,-1,1,1,1,-1,1,1,-1,-1,-1,1,-1,1,-1,1,-1,1,1,-1,1,-1,-1,-1,1,1,-1,1,-1,-1,-1,1,1,-1,-1,1,1,-1,-1,1,1,-1,1,1,-1,1,1,1,1,-1,1,-1,1,1,-1,1,-1,1,-1,1,1,1,1,1,1,-1,-1,1,-1,-1,-1,1,1,-1,1,1,1,-1,1,1,1,1,1,1,1,1,-1,1,1,1,-1,1,1,-1,1,1,1,-1,1,1,-1,-1,1,1,1,-1,1,-1,1,1,1,-1,1,1,-1,1,1,1,-1,1,1,-1,1,1,1,-1,1,1,1,-1,1,1,-1,1,1,-1,1,-1,1,-1,1,-1,1,-1,1,1,1,-1,-1,1,-1,1,1,-1,1,1,1,-1,-1,-1,-1,1,1,1,-1,1,1,-1,1,1,-1,-1,1,1,1,1,1,-1,1,1,1,-1,1,1,1,-1,-1,1,1,-1,-1,1,-1,1,-1,1,-1,1,1,-1,-1,-1,1,-1,1,1,-1,1,-1,1,-1,1,1,1,-1,-1,1,-1,-1,1,-1,1,-1,1,-1,1,1,1,1,-1,-1,1,-1,1,1,-1,-1,1,1,1,-1,1,-1,-1,1,-1,-1,1,1,-1,-1,-1,-1,1,1,-1,1,-1,1,-1,-1,1,-1,-1,1,1,-1,1,1,-1,-1,-1,1,-1,1,1,1,-1,1,-1,1,-1,1,-1,-1,-1,1,-1,1,1,1,-1,-1,1,-1,-1,1,-1,-1,-1,-1,-1,-1,1,-1,-1,-1,1,-1,-1,1,-1,-1,-1,-1,1,-1,1,-1,-1,-1,-1,1,-1,-1,1,1,1,-1,1,-1,1,1,1,1,1,-1,-1,-1,1,-1,1,1,1,1,-1,1,-1,-1,1,1,-1,1,1,-1,1,-1,1,-1,-1,1,-1,-1,1,1,1,-1,1,-1,-1,1,1,-1,-1,1,-1,-1,1,1,-1,-1,1,-1,-1,-1,1,1,-1,1,1,-1,-1,1,-1,-1,1,-1,1,1,1,1,-1,-1,1,-1,-1,-1,-1,-1,1,1,1,-1,-1,1,-1,-1,1,-1,-1,1,-1,-1,1,1,-1,-1,1,1,-1,1,1,-1,1,-1,1,-1,-1,1,1,-1,-1,-1,-1,1,1,-1,-1,1,-1,-1,-1,1,1,-1,-1,-1,-1,-1,1,-1,-1,-1,-1,-1,-1,1,1,-1,-1,-1,-1,1,1,1,-1,-1,-1,-1,-1,1,1,1,-1,-1,-1,-1,1,1,-1,-1,-1,-1,1,1,1,1,1,-1,1,1,1,1,1,1,-1,-1,1,1,1,-1,-1,-1,1,1,1,1,-1,1,-1,-1,1,-1,1,-1,1,-1,-1,1,-1,1,-1,1,-1,-1,1,-1,1,-1,1,1,-1,1,-1,1,1,1,1,-1,1,-1,1,1,1,-1,-1,1,1,-1,1,1,-1,-1,1,-1,1,-1,1,-1,-1,-1,-1,-1,1,1,-1,-1,1,-1,-1,1,1,-1,-1,-1,-1,-1,-1,1,-1,-1,-1,-1,1,1,-1,-1,1,-1,-1,1,-1,1,-1,-1,-1,-1,-1,1,1,1,-1,-1,-1,1,1,1,-1,-1,1,-1,-1,-1,1,-1,1,-1,-1,1,1,1,-1,-1,-1,-1,1,-1,1,1,-1,1,-1,-1,1,1,-1,-1,-1,-1,-1,-1,1,1,-1,-1,1,-1,1,1,1,-1,-1,1,-1,1,1,-1,-1,1,-1,-1,1,1,1,-1,1,-1,1,1,1,-1,-1,1,-1,-1,1,1,1,-1,1,-1,-1,1,1,-1,1,1,-1,-1,1,1,1,1,1,-1,-1,1,1,-1,1,1,-1,-1,1,1,1,1,1,1,-1,1,1,1,1,1,-1,-1,1,-1,1,1,1,1,-1,-1,1,-1,1,1,1,-1,1,1,1,1,-1,1,-1,1,1,1,1,1,1,1,-1,1,1,1,1,-1,1,-1,1,1,1,1,1,-1,1,1,1,1,-1,1,1,-1,1,1,-1,1,1,-1,-1,1,1,1,1,-1,1,-1,1,1,1,-1,-1,1,-1,1,1,1,-1,1,-1,-1,-1,1,1,-1,-1,1,-1,-1,1,1,-1,-1,1,-1,1,1,1,1,-1,1,-1,-1,1,1,-1,-1,-1,1,1,1,1,-1,1,1,-1,1,1,-1,-1,1,1,-1,-1,1,1,-1,1,1,1,1,1,-1,-1,-1,-1,-1,-1,-1,-1,-1,-1,1,1,1,1,-1,1,1,-1,1,1,1,1,-1,1,-1,1,1,1,1,-1,1,-1,1,1,1,1,-1,1,-1,1,1,1,1,-1,1,-1,1,1,1,-1,-1,1,-1,1,1,1,-1,-1,-1,1,-1,1,-1,1,-1,1,-1,1,1,-2670.0,1,2000,445,1500,False
1332,1,1,-1,-1,1,1,-1,-1,1,1,1,-1,-1,1,1,1,-1,1,-1,-1,-1,-1,1,1,1,-1,-1,-1,1,1,1,1,-1,-1,-1,-1,1,1,1,1,-1,-1,-1,1,1,1,1,-1,1,1,1,1,-1,1,-1,-1,1,-1,1,1,1,-1,-1,-1,1,1,1,1,-1,-1,-1,1,1,1,1,-1,-1,-1,1,1,1,-1,-1,-1,1,1,1,1,-1,-1,-1,1,1,1,1,-1,-1,1,1,-1,1,1,-1,-1,1,1,1,1,1,-1,-1,-1,1,1,1,1,-1,-1,1,1,1,1,1,1,-1,-1,1,1,-1,1,1,-1,1,1,1,1,1,1,-1,1,1,1,1,1,1,-1,1,1,1,1,1,1,-1,-1,-1,1,1,1,1,-1,1,1,1,1,-1,1,-1,1,-1,1,1,1,-1,-1,1,1,1,1,1,-1,1,-1,-1,1,-1,1,-1,1,1,1,1,1,1,1,1,1,-1,1,-1,1,-1,1,1,-1,1,-1,1,1,-1,1,-1,1,-1,1,-1,1,1,-1,1,-1,1,1,1,1,-1,-1,1,1,-1,-1,1,-1,1,-1,1,1,-1,1,-1,1,-1,1,-1,-1,1,-1,-1,-1,1,1,-1,1,-1,1,1,1,-1,1,1,-1,1,-1,1,-1,1,-1,1,-1,1,1,-1,1,-1,-1,-1,1,1,-1,1,-1,-1,-1,1,1,-1,-1,1,1,-1,-1,1,1,-1,1,1,-1,1,1,1,1,-1,1,-1,1,1,-1,1,-1,1,1,-1,1,1,1,1,1,-1,-1,1,-1,-1,-1,1,1,-1,1,1,1,-1,1,-1,-1,1,1,1,1,1,-1,1,1,1,-1,1,1,-1,1,1,1,-1,1,1,-1,-1,1,1,1,-1,1,-1,1,1,1,-1,1,1,-1,1,1,1,-1,1,-1,-1,1,1,1,-1,1,-1,-1,-1,1,1,-1,1,-1,-1,1,-1,1,-1,1,1,-1,-1,1,1,1,-1,1,-1,-1,1,1,-1,1,-1,-1,-1,-1,-1,-1,1,-1,-1,-1,1,1,-1,1,-1,1,-1,1,1,1,1,1,-1,1,1,1,-1,1,-1,-1,-1,-1,1,1,1,1,-1,-1,1,1,1,-1,-1,-1,1,-1,-1,1,-1,1,-1,-1,1,-1,1,-1,-1,-1,1,1,-1,1,-1,1,-1,-1,1,-1,1,1,-1,-1,-1,1,-1,-1,1,1,-1,-1,1,-1,1,1,-1,1,-1,1,-1,-1,1,1,-1,-1,1,-1,1,1,-1,-1,1,1,-1,1,-1,1,-1,1,-1,-1,1,-1,1,-1,1,-1,-1,1,-1,-1,-1,1,-1,-1,1,-1,1,-1,1,-1,-1,1,-1,-1,1,-1,1,-1,1,1,1,-1,1,1,-1,-1,1,1,-1,1,-1,-1,1,-1,1,1,1,1,-1,-1,1,1,-1,1,1,-1,-1,1,1,1,-1,1,1,-1,1,1,1,1,-1,1,1,-1,-1,-1,1,-1,1,1,-1,1,-1,1,-1,1,-1,-1,-1,1,1,-1,1,1,-1,-1,-1,1,-1,1,1,-1,1,-1,1,-1,-1,-1,-1,-1,-1,1,-1,-1,-1,-1,-1,-1,1,-1,1,1,1,1,-1,1,-1,1,1,-1,-1,-1,1,-1,-1,1,-1,1,-1,-1,1,1,1,1,-1,-1,1,1,1,1,-1,1,-1,-1,1,1,1,-1,-1,-1,1,1,1,1,-1,-1,-1,1,-1,1,-1,1,-1,-1,-1,1,1,1,-1,-1,-1,1,1,1,1,1,-1,-1,-1,1,1,1,1,-1,-1,-1,1,-1,1,-1,-1,-1,1,1,1,1,1,-1,-1,-1,1,1,1,1,-1,-1,-1,1,1,-1,1,-1,-1,-1,1,1,1,1,-1,-1,1,1,1,1,-1,-1,1,1,-1,1,1,-1,-1,-1,1,1,1,1,1,-1,1,1,1,1,1,-1,-1,-1,1,-1,1,-1,-1,-1,-1,1,-1,1,1,-1,-1,-1,1,-1,1,1,-1,-1,-1,1,1,1,1,-1,-1,-1,1,-1,1,1,-1,-1,-1,1,1,-1,-1,-1,-1,-1,1,-1,1,-1,-1,-1,-1,-1,-1,-1,1,-1,-1,-1,1,-1,-1,1,-1,-1,-1,-1,-1,1,1,-1,-1,-1,-1,-1,1,-1,-1,-1,1,-1,-1,1,-1,1,-1,-1,-1,-1,-1,-1,-1,1,-1,-1,-1,1,1,1,-1,-1,-1,1,-1,-1,-1,-1,1,-1,-1,1,1,1,-1,-1,-1,-1,1,-1,1,1,-1,1,-1,-1,1,1,-1,-1,-1,-1,-1,-1,1,1,-1,-1,1,-1,1,1,-1,-1,-1,1,-1,1,1,-1,-1,1,-1,-1,1,1,1,-1,1,-1,1,1,1,-1,-1,1,-1,-1,1,-1,1,-1,1,-1,-1,1,1,-1,1,1,-1,-1,1,1,1,1,1,-1,-1,1,1,-1,1,1,-1,-1,1,1,1,1,-1,1,-1,-1,1,1,-1,1,-1,-1,1,-1,1,1,1,1,-1,-1,1,-1,1,1,1,-1,1,1,1,1,-1,1,-1,1,1,1,1,1,1,1,-1,1,1,1,1,-1,1,-1,1,1,1,1,1,-1,1,1,1,1,-1,1,1,-1,1,1,-1,1,1,-1,-1,1,1,1,1,-1,1,-1,1,1,1,-1,-1,1,-1,1,1,1,-1,1,-1,-1,-1,1,1,-1,-1,1,-1,-1,1,1,1,-1,1,-1,-1,1,1,1,-1,1,-1,-1,1,1,-1,-1,-1,1,-1,1,1,-1,1,1,-1,1,1,-1,-1,1,1,-1,-1,1,1,-1,1,1,-1,1,1,-1,-1,-1,-1,1,-1,-1,-1,-1,-1,1,-1,1,1,-1,1,1,-1,1,1,1,1,-1,1,-1,1,1,1,-1,-1,1,-1,-1,-1,1,-1,-1,1,-1,1,1,1,-1,-1,1,-1,1,1,1,1,-1,1,-1,-1,1,1,-1,-1,-1,1,-1,1,-1,1,-1,1,-1,1,1,-2670.0,1,2000,445,1500,False
1333,1,1,-1,-1,1,1,-1,-1,1,1,1,-1,1,1,1,1,-1,1,-1,-1,-1,-1,1,1,1,-1,-1,-1,1,1,1,1,-1,-1,-1,-1,1,-1,1,-1,-1,-1,-1,1,1,1,1,-1,1,1,1,1,-1,1,-1,-1,1,-1,1,1,1,-1,-1,-1,1,1,1,1,-1,-1,-1,1,1,1,1,-1,-1,-1,1,1,1,-1,-1,-1,1,1,1,1,-1,-1,-1,1,1,1,1,-1,-1,1,1,-1,1,1,-1,-1,1,1,1,1,1,-1,-1,-1,1,-1,1,1,-1,-1,1,1,1,1,1,1,-1,-1,1,1,-1,1,1,-1,1,1,1,1,1,1,-1,1,1,1,1,1,1,-1,1,1,1,1,1,1,-1,-1,-1,1,1,1,1,-1,1,1,1,1,-1,1,-1,1,-1,1,1,1,-1,-1,1,1,1,1,1,-1,1,-1,-1,1,-1,1,-1,1,1,1,1,1,1,1,1,1,-1,1,-1,1,-1,1,1,-1,1,-1,1,1,-1,1,-1,1,-1,1,-1,1,1,-1,-1,-1,1,1,1,1,-1,-1,1,1,-1,-1,1,-1,1,-1,-1,1,-1,1,-1,1,-1,1,-1,1,1,-1,-1,-1,1,1,-1,1,-1,1,1,1,-1,1,-1,-1,-1,-1,1,-1,1,1,1,-1,1,1,-1,1,-1,-1,-1,1,1,-1,1,-1,-1,-1,1,1,-1,-1,1,1,-1,-1,1,1,-1,1,1,-1,1,1,1,-1,-1,1,-1,1,1,-1,1,-1,1,1,-1,1,1,-1,-1,1,-1,-1,1,-1,1,-1,1,1,-1,1,1,1,-1,1,-1,-1,1,1,1,-1,1,-1,1,1,1,1,1,1,-1,1,1,1,-1,-1,1,-1,-1,1,1,-1,1,1,-1,1,1,1,1,-1,1,-1,1,1,1,1,-1,-1,-1,1,1,1,1,-1,-1,-1,-1,1,1,-1,-1,-1,-1,1,-1,1,1,-1,1,-1,-1,1,1,1,1,1,-1,-1,1,1,1,-1,-1,1,-1,-1,-1,-1,-1,1,-1,-1,1,1,-1,-1,1,-1,-1,1,1,1,1,1,-1,1,1,1,-1,-1,-1,-1,-1,-1,1,1,1,1,-1,-1,1,1,1,1,-1,-1,-1,-1,-1,1,1,-1,-1,1,-1,1,1,-1,1,-1,1,1,-1,1,1,1,-1,-1,1,-1,1,-1,1,1,-1,1,-1,-1,1,1,-1,-1,1,-1,1,1,1,-1,-1,1,-1,-1,1,1,-1,1,1,-1,1,1,-1,-1,1,1,-1,1,1,-1,-1,1,-1,-1,1,1,-1,1,1,-1,-1,1,-1,-1,-1,1,-1,-1,1,1,-1,-1,1,-1,-1,1,-1,-1,-1,1,1,-1,1,-1,-1,-1,1,1,-1,-1,1,1,-1,1,-1,-1,1,-1,-1,1,-1,1,-1,-1,1,-1,1,-1,1,1,-1,1,-1,-1,1,1,1,-1,1,-1,1,-1,-1,1,1,-1,-1,-1,1,-1,-1,-1,1,1,-1,1,-1,1,-1,1,-1,1,1,-1,1,1,1,-1,-1,1,-1,1,-1,1,1,-1,1,-1,-1,1,1,-1,-1,1,-1,-1,-1,1,-1,-1,1,-1,1,1,1,1,-1,1,-1,-1,1,1,-1,-1,1,-1,-1,-1,1,1,-1,-1,1,1,-1,1,-1,-1,1,1,1,1,1,1,-1,-1,1,1,-1,1,-1,-1,1,1,1,1,-1,1,-1,1,-1,1,1,1,1,-1,-1,1,1,1,-1,-1,-1,1,1,1,1,1,-1,-1,-1,1,1,1,-1,-1,-1,-1,1,1,1,1,-1,-1,-1,1,1,1,1,-1,-1,1,1,1,1,1,-1,-1,-1,1,1,-1,1,-1,-1,-1,1,1,1,1,-1,-1,1,1,1,1,1,-1,1,1,-1,1,1,-1,-1,-1,1,1,1,-1,1,-1,1,1,1,1,1,1,-1,-1,1,-1,1,-1,1,-1,-1,1,-1,1,-1,-1,-1,-1,1,-1,1,1,-1,1,-1,1,1,1,-1,1,1,-1,1,-1,1,-1,-1,-1,-1,1,1,-1,-1,-1,-1,-1,1,-1,1,-1,-1,-1,-1,-1,-1,-1,1,-1,-1,-1,1,-1,-1,1,-1,-1,-1,-1,-1,-1,1,-1,-1,-1,-1,-1,1,-1,-1,-1,1,-1,-1,1,-1,1,-1,-1,-1,-1,-1,-1,-1,1,-1,-1,-1,1,1,-1,-1,-1,1,-1,-1,-1,-1,-1,1,-1,-1,1,-1,1,-1,-1,-1,-1,1,-1,1,1,-1,1,-1,-1,1,1,-1,-1,-1,-1,-1,-1,1,1,-1,-1,1,-1,1,1,1,-1,-1,1,-1,1,1,-1,-1,1,-1,-1,1,1,1,-1,1,-1,1,1,1,-1,-1,1,-1,-1,1,1,1,-1,1,-1,-1,1,1,-1,1,1,-1,-1,1,1,1,1,1,-1,-1,1,1,-1,1,1,-1,-1,1,1,1,1,1,1,-1,-1,1,1,-1,1,-1,-1,1,-1,1,1,1,1,-1,-1,1,-1,1,1,1,-1,1,1,1,1,-1,1,-1,1,1,1,1,1,1,-1,-1,1,1,1,1,-1,1,-1,1,1,1,1,1,-1,1,1,1,1,-1,-1,1,-1,1,1,-1,1,-1,-1,-1,1,1,1,-1,1,-1,-1,1,1,1,-1,-1,-1,-1,1,1,1,-1,-1,1,-1,-1,1,1,-1,1,-1,-1,-1,1,1,-1,1,-1,1,-1,1,1,1,1,1,-1,-1,1,1,-1,-1,1,1,-1,1,1,-1,1,-1,-1,1,1,-1,-1,1,1,-1,-1,1,1,-1,1,1,-1,1,1,-1,-1,1,1,-1,-1,-1,-1,-1,1,-1,1,-1,1,-1,1,1,1,-1,1,1,1,-1,1,1,-1,1,1,-1,-1,1,1,1,1,1,-1,1,1,1,-1,1,1,-1,-1,1,1,-1,1,1,1,-1,1,1,1,1,1,-1,-1,1,-1,1,1,1,1,-1,1,1,-1,1,-2670.0,1,2000,445,1500,False
1334,1,1,-1,-1,1,-1,-1,-1,1,1,1,-1,1,1,1,1,-1,1,-1,-1,-1,-1,1,1,1,-1,-1,-1,1,1,1,1,-1,-1,-1,-1,1,-1,1,1,-1,-1,-1,1,1,1,1,-1,1,1,1,1,-1,1,-1,-1,1,-1,1,1,1,-1,-1,-1,1,1,1,1,-1,-1,-1,1,1,1,1,-1,-1,-1,1,1,1,-1,-1,-1,1,1,1,1,-1,-1,-1,1,1,1,1,-1,-1,1,1,-1,1,1,-1,-1,1,1,1,1,1,-1,-1,1,1,1,1,1,-1,-1,1,1,1,1,1,1,-1,1,1,1,-1,1,1,-1,1,1,1,1,1,1,-1,-1,1,1,1,1,1,-1,1,1,1,1,1,1,-1,-1,-1,1,1,1,1,-1,1,1,1,1,-1,1,-1,1,-1,1,1,1,-1,-1,1,1,1,1,1,-1,1,-1,-1,1,-1,1,-1,1,1,1,1,1,1,1,1,1,-1,1,-1,1,-1,1,1,-1,1,-1,1,1,-1,1,-1,1,-1,1,-1,1,1,-1,1,-1,1,1,1,1,-1,-1,1,1,-1,-1,1,-1,1,-1,1,1,-1,1,-1,1,-1,1,-1,1,1,-1,-1,-1,1,1,-1,1,-1,1,1,1,-1,1,1,-1,1,-1,1,-1,1,-1,1,-1,1,1,-1,1,-1,-1,-1,1,1,-1,1,-1,-1,-1,1,1,-1,-1,1,1,-1,-1,1,1,-1,1,1,-1,1,1,1,1,-1,1,-1,1,1,-1,1,-1,1,1,1,1,1,1,1,1,-1,-1,1,-1,-1,-1,1,1,-1,1,1,1,-1,1,1,1,1,1,1,-1,1,-1,1,1,1,-1,-1,1,-1,1,1,1,-1,1,1,-1,-1,1,1,1,-1,1,-1,1,1,1,-1,1,1,-1,1,1,1,-1,1,1,-1,1,1,1,-1,1,1,-1,-1,1,1,-1,1,1,-1,1,-1,1,-1,1,1,1,-1,1,1,1,-1,1,1,-1,1,1,-1,1,1,1,-1,-1,-1,-1,1,1,1,-1,1,1,-1,1,1,-1,-1,1,1,1,1,1,-1,1,1,1,-1,1,1,1,-1,-1,1,1,1,-1,1,-1,1,1,1,1,1,1,-1,-1,-1,1,-1,-1,1,1,-1,1,1,-1,1,1,1,1,-1,1,-1,-1,1,-1,1,-1,1,1,1,1,1,1,-1,-1,1,-1,1,1,1,-1,1,1,1,-1,1,1,-1,-1,1,-1,1,1,1,-1,1,1,1,1,1,1,-1,1,-1,-1,1,1,1,-1,1,-1,-1,1,1,-1,-1,1,-1,1,1,1,-1,-1,1,-1,-1,1,1,-1,-1,1,-1,1,1,1,1,-1,1,1,-1,-1,1,1,-1,-1,-1,1,-1,1,-1,-1,1,-1,-1,1,-1,1,-1,-1,1,-1,1,-1,1,1,-1,1,-1,-1,1,1,1,-1,1,-1,1,-1,-1,-1,1,-1,-1,-1,1,-1,-1,1,1,1,-1,1,-1,1,1,1,-1,1,1,-1,-1,-1,1,-1,-1,1,-1,-1,1,1,1,-1,1,-1,-1,1,1,-1,-1,1,-1,-1,1,1,-1,-1,1,-1,-1,-1,1,1,-1,1,-1,-1,-1,1,-1,-1,1,-1,1,-1,1,1,-1,-1,1,-1,-1,-1,-1,-1,1,1,1,-1,1,1,-1,-1,1,-1,-1,-1,-1,-1,1,1,-1,-1,-1,-1,-1,1,1,-1,1,1,1,-1,-1,1,1,-1,-1,-1,-1,-1,1,-1,-1,1,-1,-1,-1,1,1,-1,-1,-1,-1,-1,1,-1,-1,1,-1,-1,1,1,1,-1,1,-1,-1,-1,1,1,-1,-1,-1,-1,-1,1,1,1,-1,-1,-1,-1,1,1,-1,-1,-1,-1,1,1,1,1,-1,-1,1,1,1,1,1,-1,-1,-1,1,1,1,1,1,-1,1,1,1,1,-1,1,-1,-1,1,-1,1,-1,1,-1,-1,1,-1,1,-1,-1,-1,-1,1,-1,1,-1,1,1,-1,1,-1,1,-1,1,1,-1,1,-1,1,-1,-1,-1,-1,1,1,-1,-1,-1,-1,-1,1,-1,1,-1,-1,-1,-1,-1,-1,-1,1,-1,-1,-1,1,-1,-1,1,-1,-1,-1,-1,-1,-1,1,-1,-1,-1,-1,-1,1,-1,-1,-1,1,-1,-1,1,-1,1,-1,-1,-1,-1,-1,-1,-1,1,-1,-1,-1,1,1,1,-1,-1,-1,1,-1,-1,-1,-1,1,-1,-1,1,-1,1,-1,-1,-1,-1,1,-1,1,1,-1,1,-1,-1,1,1,-1,-1,-1,-1,-1,-1,1,1,-1,-1,1,-1,1,1,-1,-1,-1,1,-1,1,1,-1,-1,1,-1,-1,1,1,1,-1,1,-1,1,1,1,-1,-1,1,-1,-1,1,1,1,-1,1,-1,-1,1,1,-1,1,1,-1,-1,1,1,-1,1,1,-1,-1,1,1,-1,1,1,-1,-1,1,1,1,1,1,1,-1,-1,1,1,1,1,-1,-1,1,-1,1,1,1,1,-1,-1,1,-1,1,1,1,-1,1,1,1,1,-1,1,-1,1,1,1,1,1,1,1,-1,1,1,1,1,-1,1,-1,1,1,1,1,1,-1,1,1,1,1,-1,1,1,-1,1,1,-1,1,1,-1,-1,1,1,1,1,-1,1,-1,1,1,1,-1,-1,1,-1,1,1,1,-1,1,-1,-1,-1,1,1,-1,-1,1,-1,-1,1,1,-1,-1,1,-1,-1,1,1,1,-1,1,-1,-1,1,1,-1,-1,-1,1,-1,-1,1,-1,1,1,-1,1,1,-1,-1,1,1,-1,-1,1,1,-1,1,1,-1,1,1,-1,-1,-1,-1,1,-1,-1,-1,-1,1,-1,-1,1,1,-1,1,1,-1,1,1,1,1,-1,1,-1,1,1,1,1,-1,1,-1,-1,1,1,1,-1,1,-1,1,1,1,1,-1,1,-1,1,1,1,-1,-1,1,-1,-1,1,1,-1,-1,-1,1,-1,1,1,1,-1,1,-1,-1,1,-2670.0,1,2000,445,1500,False
1335,1,1,-1,-1,1,1,-1,-1,1,1,1,-1,1,1,1,1,-1,1,-1,-1,-1,-1,1,1,1,-1,-1,-1,1,1,1,1,1,-1,-1,-1,1,-1,1,1,-1,-1,-1,1,1,1,1,-1,1,1,1,1,-1,1,-1,-1,1,-1,1,1,1,-1,-1,-1,1,1,1,1,-1,-1,-1,1,1,1,1,-1,-1,-1,1,1,1,-1,-1,-1,1,1,1,1,-1,-1,-1,1,1,1,1,-1,-1,1,1,-1,1,1,-1,-1,1,1,1,1,1,-1,-1,1,1,1,1,1,-1,-1,1,1,1,1,1,1,-1,1,1,1,-1,1,1,-1,1,1,1,1,1,1,-1,-1,1,1,1,1,1,-1,1,1,1,1,1,1,-1,-1,-1,1,1,1,1,-1,1,1,1,1,-1,1,-1,1,-1,1,1,1,-1,-1,1,1,1,1,1,-1,1,-1,-1,1,-1,1,-1,1,1,1,1,1,1,1,1,1,-1,1,-1,1,-1,1,1,-1,1,-1,1,1,-1,1,-1,1,-1,1,-1,1,1,-1,-1,-1,1,1,1,1,-1,-1,1,1,-1,-1,1,-1,1,-1,-1,1,-1,1,-1,1,-1,1,-1,-1,1,-1,-1,-1,1,1,-1,1,-1,1,1,1,-1,1,1,-1,-1,-1,1,-1,1,-1,1,-1,1,1,-1,1,-1,-1,-1,1,1,-1,1,-1,-1,-1,1,1,-1,-1,1,1,-1,-1,1,1,-1,1,1,-1,1,1,1,1,-1,1,-1,1,1,-1,1,-1,1,1,-1,1,1,1,1,1,-1,-1,1,-1,-1,-1,1,1,-1,1,1,1,-1,1,-1,-1,1,1,1,1,1,-1,1,1,1,-1,1,1,-1,1,1,1,-1,1,1,-1,1,-1,1,1,-1,1,-1,1,1,1,-1,1,1,-1,1,1,1,-1,1,-1,-1,1,1,1,-1,1,-1,-1,1,1,1,-1,1,-1,-1,-1,-1,1,-1,1,1,-1,1,1,1,1,1,1,-1,-1,-1,1,-1,1,-1,-1,1,-1,-1,-1,1,-1,-1,1,-1,1,-1,1,-1,1,-1,1,1,1,1,-1,1,-1,1,1,-1,1,-1,-1,-1,-1,1,1,1,1,-1,-1,1,1,1,1,-1,-1,1,-1,-1,1,-1,1,-1,1,-1,1,1,1,-1,-1,1,1,-1,1,-1,1,-1,-1,1,-1,1,1,-1,-1,-1,1,-1,-1,1,1,-1,-1,1,-1,1,1,-1,1,-1,1,-1,-1,1,1,-1,1,1,-1,1,1,-1,-1,1,1,-1,1,-1,1,-1,1,-1,-1,1,-1,1,-1,1,-1,-1,1,-1,-1,-1,1,-1,-1,1,-1,1,-1,1,-1,-1,1,-1,-1,1,-1,1,-1,1,-1,1,-1,1,1,-1,-1,-1,1,-1,1,-1,-1,1,-1,1,1,-1,1,-1,-1,1,1,-1,-1,1,-1,-1,1,1,1,1,1,1,-1,1,1,1,-1,1,-1,1,-1,-1,-1,1,-1,1,1,-1,1,-1,1,-1,1,-1,-1,-1,1,1,-1,1,1,-1,-1,-1,1,-1,1,1,-1,1,-1,1,-1,-1,-1,-1,-1,-1,1,-1,-1,-1,-1,-1,-1,1,-1,1,1,1,1,-1,1,-1,1,1,-1,-1,-1,1,-1,-1,1,-1,1,-1,-1,1,1,1,1,-1,-1,1,1,1,1,-1,1,-1,-1,1,1,1,-1,-1,-1,1,1,1,1,-1,-1,-1,1,-1,1,-1,1,1,-1,-1,1,1,1,-1,-1,-1,1,1,1,1,1,-1,-1,-1,1,1,1,1,-1,-1,-1,1,-1,1,-1,-1,-1,-1,1,1,1,1,-1,-1,1,1,-1,1,-1,-1,-1,-1,1,1,-1,1,-1,-1,-1,1,1,1,1,-1,-1,1,1,1,-1,1,-1,1,1,-1,1,1,-1,-1,-1,1,1,-1,1,1,-1,1,1,1,-1,1,1,-1,-1,1,-1,1,-1,1,-1,-1,1,1,-1,1,-1,-1,-1,1,-1,-1,1,-1,1,-1,1,1,-1,-1,1,1,-1,1,-1,-1,-1,-1,-1,-1,1,1,1,-1,-1,-1,-1,1,-1,1,-1,-1,-1,-1,-1,-1,-1,1,-1,-1,-1,1,-1,-1,1,-1,-1,-1,-1,-1,1,1,-1,-1,-1,-1,-1,1,-1,-1,-1,1,-1,-1,1,-1,1,-1,-1,-1,-1,-1,-1,-1,1,-1,-1,-1,1,1,1,-1,-1,1,-1,1,-1,-1,-1,1,-1,-1,1,-1,1,-1,-1,-1,-1,1,-1,1,1,-1,1,-1,-1,1,1,-1,-1,-1,-1,-1,-1,1,1,-1,-1,1,-1,1,1,-1,-1,-1,1,-1,-1,1,-1,-1,1,-1,-1,1,1,1,-1,1,-1,1,1,1,-1,-1,1,-1,-1,1,1,1,-1,1,-1,-1,1,1,-1,1,1,-1,-1,1,1,-1,1,1,-1,-1,1,1,1,1,1,-1,-1,1,1,1,1,-1,1,-1,-1,1,1,-1,1,-1,-1,1,-1,1,1,1,1,-1,-1,1,-1,1,1,1,-1,1,1,1,1,-1,1,-1,1,1,1,1,1,1,1,-1,1,1,1,1,-1,1,-1,1,1,1,1,1,-1,1,1,1,1,-1,1,1,-1,1,1,-1,1,1,-1,-1,1,1,1,1,-1,1,-1,1,1,1,-1,-1,1,-1,1,1,1,-1,1,-1,-1,-1,1,1,-1,-1,1,-1,-1,1,1,-1,-1,1,-1,-1,1,1,1,-1,1,-1,-1,1,1,-1,-1,-1,1,-1,1,1,-1,1,1,-1,1,1,-1,-1,1,-1,-1,-1,1,1,-1,1,1,-1,1,1,-1,-1,-1,-1,1,-1,-1,-1,-1,1,-1,-1,1,1,-1,1,1,-1,1,1,1,1,-1,1,-1,1,1,1,1,-1,1,-1,-1,1,1,1,-1,1,-1,1,1,1,1,-1,1,-1,1,1,1,-1,-1,1,-1,-1,1,1,-1,-1,-1,1,-1,1,1,1,-1,1,-1,-1,1,-2670.0,1,2000,445,1500,False
1336,1,1,-1,-1,1,1,-1,-1,1,1,1,-1,1,1,1,1,-1,1,-1,-1,-1,-1,1,1,1,-1,1,-1,1,1,1,1,-1,-1,-1,-1,1,-1,1,1,-1,-1,-1,1,1,1,1,-1,1,1,1,1,-1,1,-1,-1,1,-1,1,1,1,-1,-1,-1,1,1,1,1,-1,-1,-1,1,1,1,1,-1,-1,-1,1,1,1,-1,-1,-1,1,1,1,1,-1,-1,-1,1,1,1,1,-1,-1,1,1,-1,1,1,-1,-1,1,1,1,1,1,-1,-1,1,1,1,1,1,-1,-1,1,1,1,1,1,1,-1,-1,1,1,-1,1,1,-1,1,1,1,1,1,1,-1,-1,1,1,1,1,1,-1,1,1,1,1,1,1,-1,-1,-1,1,1,1,1,-1,1,1,1,1,-1,1,-1,1,-1,1,1,1,-1,-1,1,1,1,1,1,-1,1,-1,-1,1,-1,1,-1,1,1,1,1,1,1,1,1,1,-1,1,-1,1,-1,1,1,-1,1,-1,1,1,-1,1,-1,1,-1,1,-1,1,1,-1,1,-1,1,1,1,1,-1,-1,1,1,-1,-1,1,-1,1,-1,1,1,-1,1,-1,1,-1,1,-1,-1,1,-1,1,-1,1,1,-1,1,-1,1,1,1,-1,1,1,-1,1,-1,1,-1,1,-1,1,-1,1,1,-1,1,-1,-1,-1,1,1,-1,1,-1,-1,-1,1,1,-1,-1,1,1,-1,-1,1,1,-1,1,1,-1,1,1,1,1,-1,1,-1,1,1,-1,1,-1,1,-1,1,1,1,1,1,1,-1,-1,1,-1,-1,-1,1,1,-1,1,1,1,-1,1,1,1,1,1,1,1,1,-1,1,1,1,-1,1,1,-1,1,1,1,-1,1,1,-1,-1,1,1,1,-1,1,-1,1,1,1,-1,1,1,-1,1,1,1,-1,1,1,-1,1,1,1,-1,1,1,-1,-1,1,1,-1,1,1,-1,1,-1,1,-1,1,1,1,-1,1,1,1,-1,1,1,-1,1,1,-1,1,1,1,-1,-1,-1,-1,1,1,1,-1,1,1,-1,1,1,-1,-1,1,1,1,1,1,-1,1,1,1,-1,1,1,1,-1,-1,1,1,1,-1,1,-1,1,1,1,1,1,1,-1,-1,-1,1,-1,-1,1,1,-1,1,1,-1,1,1,1,1,-1,1,-1,-1,1,-1,1,-1,1,1,-1,1,1,1,-1,-1,1,-1,1,1,1,-1,1,1,1,-1,1,1,-1,-1,1,-1,1,1,1,-1,1,1,1,1,1,1,-1,1,-1,-1,1,1,-1,-1,1,-1,1,1,1,-1,-1,1,-1,1,1,1,-1,-1,1,-1,-1,1,1,-1,-1,1,-1,1,1,1,1,-1,1,1,-1,1,1,1,-1,-1,-1,-1,1,1,-1,-1,1,-1,-1,1,-1,1,-1,-1,1,-1,1,-1,1,-1,-1,1,-1,-1,1,1,1,-1,1,-1,1,-1,-1,-1,1,-1,-1,-1,1,-1,-1,1,1,1,-1,1,-1,1,1,1,-1,1,1,-1,1,-1,1,-1,-1,1,-1,-1,1,1,1,-1,1,-1,-1,1,1,-1,-1,1,-1,-1,1,1,-1,-1,1,-1,-1,-1,1,1,-1,1,1,-1,-1,1,-1,-1,1,-1,1,-1,1,1,-1,-1,1,-1,-1,-1,-1,-1,1,1,1,-1,-1,1,-1,-1,1,-1,-1,1,-1,-1,-1,1,-1,-1,1,-1,-1,1,1,-1,1,-1,1,-1,-1,1,1,-1,-1,-1,-1,1,1,-1,-1,1,-1,-1,-1,1,1,-1,-1,-1,-1,-1,1,-1,-1,-1,-1,-1,1,1,1,-1,-1,-1,-1,-1,1,1,-1,-1,-1,-1,-1,1,1,1,-1,-1,-1,-1,1,1,-1,-1,-1,-1,1,1,1,1,-1,-1,1,1,1,1,1,-1,-1,-1,1,1,1,1,1,-1,1,1,1,1,-1,1,-1,-1,1,-1,1,-1,1,-1,-1,1,-1,1,-1,-1,-1,-1,1,-1,1,-1,1,1,-1,1,-1,1,-1,1,1,-1,1,-1,1,-1,-1,-1,-1,1,1,-1,-1,-1,-1,-1,1,-1,1,-1,-1,-1,-1,-1,-1,-1,1,-1,-1,-1,1,-1,-1,1,-1,-1,-1,-1,-1,-1,1,-1,-1,-1,-1,-1,1,-1,-1,-1,1,-1,-1,1,-1,1,-1,-1,-1,-1,-1,-1,-1,1,-1,-1,-1,1,1,1,-1,-1,-1,1,-1,-1,-1,-1,1,-1,-1,1,-1,1,-1,-1,-1,-1,1,-1,1,1,-1,1,-1,-1,1,1,-1,-1,-1,-1,-1,-1,1,1,-1,-1,1,-1,1,1,-1,-1,-1,1,-1,-1,1,-1,-1,1,-1,-1,1,1,1,-1,1,-1,1,1,1,-1,-1,1,-1,-1,1,1,1,-1,1,-1,-1,1,1,-1,1,1,-1,-1,1,1,-1,1,1,-1,-1,1,1,-1,1,1,-1,-1,1,1,1,1,-1,1,-1,-1,1,1,-1,1,-1,-1,1,-1,1,1,1,1,-1,-1,1,-1,1,1,1,-1,1,1,1,1,-1,1,-1,1,1,1,1,1,1,1,-1,1,1,1,1,-1,1,-1,1,1,1,1,1,-1,1,1,1,1,-1,1,1,-1,1,1,-1,1,1,-1,-1,1,1,1,1,-1,1,-1,1,1,1,-1,-1,1,-1,1,1,1,-1,1,-1,-1,-1,1,1,-1,-1,1,-1,-1,1,1,-1,-1,1,-1,-1,-1,1,1,-1,1,-1,-1,1,1,-1,-1,-1,1,-1,-1,1,-1,1,1,-1,1,1,-1,-1,1,1,-1,-1,1,1,-1,1,1,-1,1,1,-1,-1,-1,-1,1,-1,-1,-1,-1,-1,1,-1,1,1,-1,1,1,-1,1,1,1,1,-1,1,-1,1,1,1,1,-1,1,-1,-1,1,1,1,-1,1,-1,1,1,1,1,-1,1,-1,1,1,1,-1,-1,1,-1,-1,1,1,-1,-1,-1,1,-1,1,-1,1,-1,1,-1,-1,1,-2670.0,1,2000,445,1500,False
1337,1,1,-1,-1,1,-1,-1,-1,1,1,1,-1,1,1,1,1,-1,1,-1,-1,1,-1,1,1,1,-1,1,-1,1,1,1,1,-1,-1,-1,-1,1,1,1,1,-1,-1,-1,1,1,1,1,-1,1,1,1,1,-1,1,-1,-1,1,-1,1,1,1,-1,-1,-1,1,1,1,1,-1,-1,-1,1,1,1,1,-1,-1,-1,1,1,1,-1,-1,-1,1,1,1,1,-1,-1,-1,1,1,1,1,-1,-1,1,1,-1,1,1,-1,-1,1,1,1,1,1,-1,-1,1,1,1,1,1,-1,-1,1,1,1,1,1,1,-1,-1,1,1,-1,1,1,-1,1,1,1,1,1,1,-1,-1,1,1,1,1,1,-1,1,1,1,1,1,1,-1,-1,-1,1,1,1,1,-1,1,1,1,1,-1,1,-1,1,-1,1,1,1,-1,-1,1,1,1,1,1,-1,1,-1,-1,1,-1,1,-1,1,1,1,1,1,1,1,1,1,-1,1,-1,1,-1,1,1,-1,1,-1,1,1,-1,1,-1,1,-1,1,-1,1,1,-1,1,-1,1,1,1,1,-1,-1,1,1,-1,-1,1,-1,1,-1,1,1,-1,1,-1,1,-1,1,-1,1,1,-1,-1,-1,1,1,-1,1,-1,1,1,1,-1,1,1,-1,-1,-1,1,-1,1,-1,1,-1,1,1,-1,1,-1,-1,-1,1,1,-1,1,-1,-1,-1,1,1,-1,-1,1,1,-1,-1,1,1,-1,1,1,-1,1,1,1,1,-1,1,-1,1,1,-1,1,-1,1,-1,1,1,1,1,1,1,-1,-1,1,-1,-1,1,1,1,-1,1,1,1,-1,1,1,1,1,1,1,1,1,-1,1,1,1,-1,-1,1,-1,1,1,1,-1,1,1,-1,-1,1,1,1,-1,1,-1,1,1,1,-1,1,1,-1,1,1,1,-1,1,1,-1,1,1,1,-1,1,1,-1,-1,1,1,-1,1,1,-1,1,-1,1,-1,1,1,1,-1,1,1,1,-1,1,1,-1,1,1,-1,1,1,1,-1,-1,-1,-1,1,1,1,-1,1,1,-1,1,1,-1,-1,1,1,1,1,1,-1,1,1,1,-1,1,1,1,-1,-1,1,1,1,-1,1,-1,1,-1,1,1,1,1,-1,-1,-1,1,-1,-1,1,1,-1,1,1,1,1,1,1,1,-1,1,-1,-1,1,-1,1,-1,1,1,1,1,1,1,-1,-1,1,-1,1,1,1,-1,1,1,1,-1,1,1,-1,-1,1,-1,1,1,1,-1,1,1,1,1,1,1,-1,1,-1,1,1,1,-1,1,1,-1,1,1,1,-1,-1,1,-1,1,1,1,-1,-1,1,-1,-1,1,1,-1,-1,1,-1,1,1,1,1,-1,1,1,-1,1,1,1,-1,1,-1,-1,1,1,-1,-1,1,-1,-1,1,-1,1,-1,-1,1,-1,1,-1,1,-1,1,1,-1,-1,1,1,1,-1,1,-1,1,-1,1,-1,1,-1,-1,-1,1,-1,-1,-1,1,1,-1,1,-1,1,1,1,-1,1,1,-1,-1,-1,1,-1,-1,1,-1,-1,1,1,1,-1,1,-1,-1,1,1,-1,-1,1,-1,-1,1,1,-1,-1,1,-1,-1,-1,1,1,-1,1,1,-1,-1,1,-1,-1,1,-1,1,-1,1,1,-1,-1,1,-1,-1,-1,-1,-1,1,1,1,-1,-1,1,-1,-1,1,-1,-1,1,-1,-1,1,1,-1,-1,1,-1,-1,1,1,-1,1,-1,-1,-1,-1,1,1,-1,-1,-1,-1,1,1,-1,-1,1,-1,-1,-1,1,1,-1,-1,-1,-1,-1,1,-1,-1,-1,-1,-1,1,1,1,-1,-1,-1,-1,-1,1,1,-1,-1,-1,-1,-1,1,1,1,-1,-1,-1,-1,1,1,-1,-1,-1,-1,1,1,1,1,-1,-1,1,1,1,1,1,-1,-1,-1,1,1,1,1,1,-1,1,1,1,1,-1,1,-1,-1,1,-1,1,-1,1,-1,-1,1,-1,1,-1,-1,-1,-1,1,-1,1,-1,1,-1,-1,1,-1,1,-1,1,-1,-1,1,-1,1,-1,-1,-1,-1,1,1,-1,-1,-1,-1,-1,1,-1,1,-1,-1,-1,-1,-1,-1,-1,1,-1,-1,-1,1,-1,-1,1,-1,-1,-1,-1,-1,-1,1,-1,-1,-1,-1,-1,1,-1,-1,-1,1,-1,-1,1,-1,1,-1,-1,-1,-1,-1,-1,-1,1,-1,-1,-1,1,1,1,-1,-1,-1,1,-1,-1,-1,-1,1,-1,-1,1,1,1,-1,-1,-1,-1,1,-1,1,1,-1,1,-1,-1,1,1,-1,-1,-1,-1,-1,-1,1,1,-1,-1,1,-1,1,1,-1,-1,-1,1,-1,-1,1,-1,-1,1,-1,-1,1,1,1,-1,1,-1,1,1,1,-1,-1,1,-1,-1,1,1,1,-1,1,-1,-1,1,1,-1,1,1,-1,-1,1,1,-1,1,1,-1,-1,1,1,-1,1,1,-1,-1,1,1,1,1,1,1,-1,1,1,1,1,1,-1,-1,1,-1,1,1,1,1,-1,-1,1,-1,1,1,1,-1,1,-1,1,1,-1,1,-1,1,1,1,1,1,1,1,-1,-1,1,1,1,-1,1,-1,1,1,1,1,1,-1,1,-1,1,1,-1,1,1,-1,1,1,-1,1,1,-1,-1,1,1,1,1,-1,1,-1,-1,1,1,-1,-1,1,-1,1,1,1,-1,1,-1,-1,-1,1,1,-1,-1,1,-1,-1,1,1,-1,-1,1,-1,-1,1,1,1,-1,1,-1,-1,1,1,-1,-1,-1,1,-1,-1,1,-1,1,1,-1,1,1,-1,-1,1,-1,-1,-1,1,1,-1,1,1,-1,1,1,-1,-1,-1,-1,1,-1,-1,-1,-1,1,-1,-1,1,1,-1,1,1,-1,1,1,1,1,-1,1,-1,1,1,1,1,-1,1,-1,-1,1,1,1,-1,1,-1,1,1,1,1,-1,1,-1,1,1,-1,-1,-1,1,-1,-1,1,1,-1,-1,-1,1,-1,1,-1,1,-1,1,-1,-1,1,-2670.0,1,2000,445,1500,False
1338,1,1,-1,-1,1,1,-1,-1,1,1,1,-1,-1,1,1,1,-1,1,-1,-1,-1,-1,1,1,1,-1,-1,-1,1,1,1,1,-1,-1,-1,-1,1,-1,1,1,-1,-1,-1,1,1,1,1,-1,1,1,1,1,-1,1,-1,-1,1,-1,1,1,1,-1,-1,-1,1,1,1,1,-1,-1,-1,1,1,1,1,-1,-1,-1,1,1,1,-1,-1,-1,1,1,1,1,-1,-1,-1,1,1,1,1,-1,-1,1,1,-1,1,1,-1,-1,1,1,1,1,1,-1,-1,-1,1,1,1,1,-1,-1,1,1,1,1,1,1,-1,-1,1,1,-1,1,1,-1,1,1,1,1,1,1,-1,1,1,1,1,1,1,-1,1,1,1,1,1,1,-1,-1,-1,1,1,1,1,-1,1,1,1,1,-1,1,-1,1,-1,1,1,1,-1,-1,1,1,1,1,1,-1,1,-1,-1,1,-1,1,-1,1,1,1,1,1,1,1,1,1,-1,1,-1,1,-1,1,1,-1,1,-1,1,1,-1,1,-1,1,-1,1,-1,1,1,-1,1,-1,1,1,1,1,-1,-1,1,1,-1,-1,1,-1,1,-1,-1,1,-1,1,-1,1,-1,1,-1,1,1,-1,-1,-1,1,1,-1,1,-1,1,1,1,-1,1,1,-1,-1,-1,1,-1,1,-1,1,-1,1,1,-1,1,-1,-1,-1,1,1,-1,1,-1,-1,-1,1,1,-1,-1,1,1,-1,-1,1,1,-1,1,1,-1,1,1,1,1,-1,1,-1,1,1,-1,1,-1,1,1,1,1,1,1,1,1,-1,-1,1,-1,-1,1,1,1,-1,1,1,1,-1,1,1,1,1,1,1,1,1,-1,1,1,1,-1,1,1,-1,1,1,1,-1,1,1,-1,-1,1,1,1,-1,1,-1,1,1,1,-1,1,1,-1,1,1,1,-1,1,1,-1,1,1,1,-1,1,1,-1,-1,1,1,-1,1,1,-1,1,-1,1,-1,1,1,1,-1,1,1,1,-1,1,1,-1,1,1,-1,1,1,1,-1,-1,-1,-1,1,1,1,-1,1,1,-1,1,1,-1,-1,1,1,1,1,1,-1,1,1,1,-1,1,1,1,-1,-1,1,1,-1,-1,1,-1,1,1,1,-1,1,1,-1,-1,-1,1,-1,-1,1,1,-1,1,1,-1,1,1,1,1,-1,1,-1,-1,1,-1,1,-1,1,1,-1,1,1,1,-1,-1,1,-1,1,1,1,-1,1,1,1,-1,1,1,-1,-1,1,-1,1,1,1,-1,1,1,1,1,1,1,-1,1,-1,1,1,1,-1,1,1,-1,1,1,1,-1,-1,1,-1,1,1,1,-1,-1,1,-1,-1,1,1,-1,-1,1,-1,1,1,1,1,-1,1,-1,-1,1,1,1,-1,1,-1,-1,1,1,-1,-1,1,-1,-1,1,-1,1,-1,-1,1,-1,1,-1,1,-1,1,1,-1,-1,1,1,1,-1,1,-1,1,-1,1,-1,1,-1,-1,-1,1,-1,-1,1,1,1,-1,1,-1,1,1,1,-1,1,1,-1,1,-1,1,-1,-1,1,-1,-1,1,1,1,-1,1,-1,-1,1,1,-1,-1,1,-1,-1,1,1,-1,-1,1,-1,-1,-1,1,1,-1,1,1,-1,-1,1,-1,-1,1,-1,1,-1,1,1,-1,-1,1,-1,-1,-1,-1,-1,1,1,1,-1,-1,1,-1,-1,1,-1,-1,1,-1,-1,1,1,-1,-1,1,-1,-1,1,1,-1,1,-1,-1,-1,-1,1,1,-1,-1,-1,-1,1,1,-1,-1,1,-1,-1,-1,1,1,-1,-1,-1,-1,-1,1,-1,-1,-1,-1,-1,1,1,1,-1,-1,-1,-1,-1,1,1,-1,-1,-1,-1,-1,1,1,1,-1,-1,-1,-1,1,1,-1,-1,-1,-1,1,1,1,1,-1,-1,1,1,1,1,1,-1,-1,-1,1,1,1,-1,1,-1,1,1,1,1,-1,1,-1,-1,1,-1,1,-1,1,-1,-1,1,-1,1,-1,-1,-1,-1,1,-1,1,-1,1,1,-1,1,-1,1,-1,1,1,-1,1,-1,1,-1,-1,-1,-1,1,1,-1,-1,-1,-1,-1,1,-1,1,-1,-1,-1,-1,-1,-1,-1,1,-1,-1,-1,1,-1,-1,1,-1,-1,-1,-1,-1,-1,1,-1,-1,-1,-1,-1,1,-1,-1,-1,1,-1,-1,1,-1,1,-1,-1,-1,-1,-1,-1,-1,1,-1,-1,-1,1,1,-1,-1,-1,1,-1,-1,-1,-1,-1,1,-1,-1,1,-1,1,-1,-1,-1,-1,1,-1,1,1,-1,1,-1,-1,1,1,-1,-1,-1,-1,-1,-1,1,1,-1,-1,1,-1,1,1,-1,-1,-1,1,-1,-1,1,-1,-1,1,-1,-1,1,1,1,-1,1,-1,1,1,1,-1,-1,1,-1,-1,1,1,1,-1,1,-1,-1,1,1,-1,1,1,-1,-1,1,1,-1,1,1,-1,-1,1,1,-1,1,1,-1,-1,1,1,1,1,1,1,-1,-1,1,1,-1,1,-1,-1,1,-1,1,1,1,1,-1,-1,1,-1,1,1,1,-1,1,-1,1,1,-1,1,-1,1,1,1,1,1,1,1,-1,-1,1,1,1,-1,1,-1,1,1,1,1,1,-1,1,-1,1,1,-1,1,1,-1,-1,1,-1,1,1,-1,-1,1,1,1,1,-1,1,-1,-1,1,1,-1,-1,1,-1,1,1,1,-1,1,-1,-1,-1,1,1,-1,-1,1,-1,-1,1,1,-1,-1,1,-1,-1,1,1,1,1,-1,-1,-1,1,1,-1,-1,-1,1,-1,1,1,-1,1,1,-1,1,1,-1,-1,1,1,-1,-1,1,1,-1,1,1,-1,1,1,-1,-1,-1,-1,1,-1,-1,-1,-1,-1,1,-1,1,1,-1,1,1,-1,1,1,1,1,-1,1,-1,1,1,1,-1,-1,1,-1,-1,1,1,-1,-1,1,-1,1,1,1,-1,-1,1,-1,1,1,1,1,-1,1,-1,-1,1,1,-1,-1,-1,1,-1,1,1,1,-1,1,-1,1,1,-2670.0,1,2000,445,1500,False
1339,1,1,-1,-1,1,-1,-1,-1,1,1,1,-1,1,1,1,1,-1,1,-1,-1,1,-1,1,1,1,-1,-1,-1,1,1,1,1,1,-1,-1,-1,1,1,1,1,-1,-1,-1,1,1,1,1,-1,1,1,1,1,-1,1,-1,-1,1,-1,1,1,1,-1,-1,-1,1,1,1,1,-1,-1,-1,1,1,1,1,-1,-1,-1,1,1,1,-1,-1,-1,1,1,1,1,-1,-1,-1,1,1,1,1,-1,-1,1,1,-1,1,1,-1,-1,1,1,1,1,1,-1,-1,1,1,1,1,1,-1,-1,1,1,1,1,1,1,-1,-1,1,1,-1,1,1,-1,1,1,1,1,1,1,-1,-1,1,1,1,1,1,-1,1,1,1,1,1,1,-1,-1,-1,1,1,1,1,-1,1,1,1,1,-1,1,-1,1,-1,1,1,1,-1,-1,1,1,1,1,1,-1,1,-1,-1,1,-1,1,-1,1,1,1,1,1,1,1,1,1,-1,1,-1,1,-1,1,1,-1,1,-1,1,1,-1,1,-1,1,-1,1,-1,1,1,-1,-1,-1,1,1,1,1,-1,-1,1,1,-1,-1,1,-1,1,-1,-1,1,-1,1,-1,1,-1,1,-1,1,1,-1,-1,-1,1,1,-1,1,-1,1,1,1,-1,1,1,-1,1,-1,1,-1,1,-1,1,-1,1,1,-1,1,-1,-1,-1,1,1,-1,1,-1,-1,-1,1,1,-1,-1,1,1,-1,-1,1,1,-1,1,1,-1,1,1,1,1,-1,1,-1,1,1,-1,1,-1,1,-1,1,1,1,-1,-1,1,-1,-1,1,-1,-1,-1,1,1,-1,1,1,1,-1,1,1,1,1,1,1,1,1,-1,1,1,1,1,-1,1,-1,1,1,1,-1,1,1,-1,-1,1,1,1,-1,1,-1,1,1,1,-1,1,1,-1,1,1,1,-1,1,1,-1,1,1,1,1,1,1,1,-1,1,1,-1,1,1,-1,1,-1,1,-1,1,1,1,-1,1,1,1,-1,1,1,-1,1,1,-1,1,1,1,-1,-1,-1,-1,1,1,1,-1,1,1,-1,1,1,-1,-1,1,1,1,1,1,-1,1,1,1,-1,1,1,1,-1,-1,1,1,1,-1,1,-1,1,1,1,1,1,1,-1,-1,-1,1,-1,-1,1,1,-1,1,1,1,1,1,1,1,-1,1,-1,-1,1,-1,1,-1,1,1,1,1,1,1,-1,-1,1,-1,1,1,1,-1,1,1,1,-1,1,1,-1,-1,1,-1,1,1,1,-1,1,1,1,1,1,1,-1,1,-1,-1,1,1,-1,-1,1,-1,-1,1,1,-1,-1,1,-1,1,1,1,-1,-1,1,1,-1,1,1,-1,-1,1,-1,1,1,1,1,-1,1,-1,-1,-1,1,1,-1,-1,-1,1,-1,1,-1,-1,1,-1,-1,1,-1,1,-1,-1,1,-1,1,-1,1,1,-1,1,-1,-1,1,1,1,-1,1,-1,1,-1,1,-1,1,-1,-1,-1,1,-1,-1,1,1,1,-1,1,-1,1,1,1,-1,1,1,-1,1,-1,1,-1,-1,1,-1,-1,1,1,1,-1,1,-1,-1,1,1,-1,-1,1,-1,-1,1,1,-1,-1,1,-1,-1,-1,1,1,-1,1,1,-1,-1,1,-1,-1,1,-1,1,-1,1,1,-1,-1,1,-1,-1,-1,-1,-1,1,1,1,-1,1,1,-1,-1,1,-1,-1,-1,-1,-1,1,1,-1,-1,-1,-1,-1,1,1,-1,1,1,-1,-1,-1,1,1,-1,-1,-1,-1,1,1,-1,-1,1,-1,-1,-1,1,1,-1,-1,-1,-1,-1,1,-1,-1,1,-1,-1,-1,1,1,-1,1,-1,-1,1,1,1,-1,-1,-1,-1,-1,1,1,1,-1,-1,-1,-1,1,1,-1,-1,-1,-1,1,1,1,1,-1,-1,1,1,1,1,1,-1,-1,-1,1,1,1,-1,1,-1,1,1,1,1,-1,1,-1,-1,1,-1,1,-1,1,-1,-1,1,-1,1,-1,-1,-1,-1,1,-1,1,-1,1,-1,-1,1,-1,1,-1,1,-1,-1,1,-1,1,-1,-1,-1,-1,1,1,-1,-1,-1,-1,-1,1,-1,1,-1,-1,-1,-1,-1,-1,-1,1,-1,-1,-1,1,-1,-1,1,-1,-1,-1,-1,-1,-1,1,-1,-1,-1,-1,-1,1,-1,-1,-1,1,-1,-1,1,-1,1,-1,-1,-1,-1,-1,-1,-1,1,-1,-1,-1,1,1,1,-1,-1,1,-1,-1,-1,-1,-1,1,-1,-1,1,-1,1,-1,-1,-1,-1,1,-1,1,1,-1,1,-1,-1,1,1,-1,-1,-1,-1,-1,-1,1,1,-1,-1,1,-1,1,1,-1,-1,-1,1,-1,-1,1,-1,-1,1,-1,-1,1,1,1,-1,1,-1,1,1,1,-1,-1,1,-1,-1,1,1,1,-1,1,-1,-1,1,1,-1,1,1,-1,-1,1,1,1,1,1,-1,-1,1,1,1,1,1,-1,-1,1,1,1,1,1,1,-1,-1,1,1,-1,1,-1,-1,1,-1,1,1,1,1,-1,-1,1,-1,1,1,1,-1,1,1,1,1,-1,1,-1,1,1,1,1,1,1,1,-1,1,1,1,1,-1,1,-1,1,1,1,1,1,-1,1,1,1,1,-1,-1,1,-1,1,1,-1,1,1,-1,-1,1,1,1,-1,1,1,-1,1,1,1,-1,-1,1,-1,1,1,1,-1,1,-1,-1,-1,1,1,-1,-1,1,-1,-1,1,1,1,-1,1,-1,-1,1,1,1,1,-1,-1,-1,1,1,-1,-1,-1,1,-1,-1,1,-1,1,1,-1,1,1,-1,-1,1,1,-1,-1,1,1,-1,1,1,-1,1,1,-1,-1,-1,-1,1,-1,-1,-1,-1,1,-1,-1,1,1,-1,1,1,-1,1,1,1,1,-1,1,-1,1,1,1,1,-1,1,-1,-1,1,1,1,-1,1,-1,1,1,1,1,-1,1,-1,1,1,-1,-1,-1,1,-1,-1,1,1,-1,-1,-1,1,-1,1,-1,1,-1,1,-1,-1,1,-2670.0,1,2000,445,1500,False
1340,1,1,-1,-1,1,-1,-1,-1,1,1,1,-1,1,1,1,1,-1,1,-1,-1,-1,-1,1,1,1,-1,-1,-1,1,1,1,1,1,-1,-1,-1,1,-1,1,1,-1,-1,-1,1,1,1,1,-1,1,1,1,1,-1,1,-1,-1,1,-1,1,1,1,-1,-1,-1,1,1,1,1,-1,-1,-1,1,1,1,1,-1,-1,-1,1,1,1,-1,-1,-1,1,1,1,1,-1,-1,-1,1,1,1,1,-1,-1,1,1,-1,1,1,-1,-1,1,1,1,1,1,-1,-1,-1,1,1,1,1,-1,-1,1,1,1,1,1,1,-1,-1,1,1,-1,1,1,-1,1,1,1,1,1,1,-1,1,1,1,1,1,1,-1,1,1,1,1,1,1,-1,-1,-1,1,1,1,1,-1,1,1,1,1,-1,1,-1,1,-1,1,1,1,-1,-1,1,1,1,1,1,-1,1,-1,-1,1,-1,1,-1,1,1,1,1,1,1,1,1,1,-1,1,-1,1,-1,1,1,-1,1,-1,1,1,-1,1,-1,1,-1,1,-1,1,1,-1,1,-1,1,1,1,1,-1,-1,1,1,-1,-1,1,-1,1,-1,-1,1,-1,1,-1,1,-1,1,-1,1,1,-1,-1,-1,1,1,-1,1,-1,1,1,1,-1,1,1,-1,1,-1,1,-1,1,-1,1,-1,1,1,-1,1,-1,-1,-1,1,1,-1,1,-1,-1,-1,1,1,-1,-1,1,1,-1,-1,1,1,-1,1,1,-1,1,1,1,1,-1,1,-1,1,1,-1,1,-1,1,-1,1,1,1,1,1,1,-1,-1,1,-1,-1,1,1,1,-1,1,1,1,-1,1,1,1,1,1,1,1,1,-1,1,1,1,-1,-1,1,-1,1,1,1,-1,1,1,-1,-1,1,1,1,-1,1,-1,1,1,1,-1,1,1,-1,1,1,1,-1,1,1,-1,1,1,1,-1,1,1,-1,-1,1,1,-1,1,1,-1,1,-1,1,-1,1,1,1,-1,1,1,1,-1,1,1,-1,1,1,-1,1,-1,1,-1,-1,-1,-1,1,1,1,-1,1,1,-1,1,1,-1,-1,1,1,1,1,1,-1,1,1,1,-1,1,1,1,-1,-1,1,1,1,-1,1,-1,1,1,1,1,1,1,-1,-1,-1,1,-1,-1,1,-1,1,-1,1,1,1,1,1,-1,-1,1,-1,-1,1,-1,1,-1,1,1,-1,1,1,1,-1,-1,1,-1,1,1,-1,-1,1,1,1,-1,1,-1,-1,-1,1,-1,1,1,-1,-1,1,1,1,1,-1,1,-1,1,-1,1,1,-1,-1,-1,1,-1,1,1,-1,-1,-1,1,-1,1,1,1,-1,-1,1,-1,-1,1,-1,-1,-1,1,-1,1,1,1,-1,-1,1,1,-1,1,-1,-1,-1,-1,1,-1,1,-1,-1,-1,1,1,-1,1,-1,-1,-1,-1,1,-1,1,-1,-1,-1,-1,1,-1,-1,1,1,1,-1,1,-1,1,1,1,-1,1,-1,-1,-1,1,-1,-1,1,1,1,-1,1,-1,1,1,1,-1,1,1,-1,1,-1,1,-1,-1,1,-1,-1,1,1,1,-1,1,-1,-1,1,1,-1,-1,1,-1,-1,1,1,-1,-1,1,-1,-1,-1,1,1,-1,1,1,-1,-1,1,-1,-1,1,-1,1,-1,1,1,-1,-1,1,-1,-1,-1,-1,-1,1,1,1,-1,-1,1,-1,-1,1,-1,-1,1,-1,-1,1,1,-1,-1,1,-1,-1,1,1,-1,1,-1,-1,-1,-1,1,1,-1,-1,-1,-1,-1,1,-1,-1,1,-1,-1,-1,1,1,-1,-1,-1,-1,-1,1,-1,-1,-1,-1,-1,1,1,1,-1,-1,-1,-1,-1,1,1,-1,-1,-1,-1,-1,1,1,1,-1,-1,-1,-1,1,1,-1,-1,-1,-1,1,1,1,1,1,-1,1,1,1,1,1,1,-1,-1,1,1,1,-1,-1,-1,1,1,1,1,-1,1,-1,-1,1,-1,1,-1,1,-1,-1,1,-1,1,-1,1,-1,-1,1,-1,1,-1,1,1,-1,1,-1,1,1,1,1,-1,1,-1,1,1,1,-1,-1,1,1,-1,1,1,-1,-1,1,-1,1,-1,1,-1,-1,-1,-1,-1,1,1,-1,-1,1,-1,-1,1,1,-1,-1,-1,-1,1,-1,1,-1,-1,-1,-1,1,1,-1,-1,1,-1,-1,1,-1,1,-1,-1,-1,-1,-1,1,1,1,-1,-1,-1,1,1,1,-1,-1,1,-1,-1,-1,1,-1,1,-1,-1,1,1,1,-1,-1,-1,-1,1,-1,1,1,-1,1,-1,-1,1,1,-1,-1,-1,-1,-1,-1,1,1,-1,-1,1,-1,1,1,-1,-1,-1,1,-1,1,1,-1,-1,1,-1,-1,1,1,1,-1,1,-1,1,1,1,-1,-1,1,-1,-1,1,1,1,-1,1,-1,-1,1,1,-1,1,1,-1,-1,1,1,-1,1,1,-1,-1,1,1,1,1,1,-1,-1,1,1,1,1,1,1,-1,-1,1,1,-1,1,-1,-1,1,-1,1,1,1,1,-1,-1,1,-1,1,1,1,-1,1,1,1,1,-1,1,-1,1,1,1,1,1,1,1,-1,1,1,1,1,-1,1,-1,1,1,1,1,1,-1,1,1,1,1,-1,1,1,-1,1,1,-1,1,1,-1,-1,1,1,1,1,-1,1,-1,1,1,1,-1,-1,1,-1,1,1,1,-1,1,-1,-1,-1,1,1,-1,-1,1,-1,-1,1,1,1,-1,1,-1,-1,1,1,1,-1,1,-1,-1,1,1,-1,-1,-1,1,-1,-1,1,-1,1,1,-1,1,1,-1,-1,1,-1,-1,-1,1,1,-1,1,1,-1,1,1,-1,-1,-1,-1,1,-1,-1,-1,-1,1,-1,-1,1,1,-1,1,1,-1,1,1,1,1,-1,1,-1,1,1,1,-1,-1,1,-1,-1,-1,1,-1,-1,1,-1,1,1,1,-1,-1,1,-1,1,1,1,1,-1,1,-1,-1,1,1,-1,-1,-1,1,-1,1,-1,1,-1,1,-1,-1,1,-2670.0,1,2000,445,1500,False
1341,1,1,-1,-1,1,1,-1,-1,1,1,1,-1,1,1,1,1,-1,1,1,-1,1,-1,1,1,1,1,-1,-1,1,1,1,1,-1,-1,-1,-1,1,1,1,1,-1,-1,-1,1,1,1,1,-1,1,1,1,1,-1,1,-1,-1,1,-1,1,1,1,-1,-1,-1,1,1,1,1,-1,-1,-1,1,1,1,1,-1,-1,-1,1,1,1,-1,-1,-1,1,1,1,1,-1,-1,-1,1,1,1,1,-1,-1,1,1,-1,1,1,-1,-1,1,1,1,1,1,-1,-1,1,1,1,1,1,-1,-1,1,1,1,1,1,1,-1,-1,1,1,-1,1,1,-1,1,1,1,1,1,1,-1,-1,1,1,1,1,1,-1,1,1,1,1,1,1,-1,-1,-1,1,1,1,1,-1,1,1,1,1,-1,1,-1,1,-1,1,1,1,-1,-1,1,1,1,1,1,-1,1,-1,-1,1,-1,1,-1,1,1,1,1,1,1,1,1,1,-1,1,-1,1,-1,1,1,-1,1,-1,1,1,-1,1,-1,1,-1,1,-1,1,1,-1,1,-1,1,1,1,1,-1,-1,1,1,-1,-1,1,-1,1,-1,1,1,-1,1,-1,1,-1,1,-1,1,1,-1,-1,-1,1,1,-1,1,-1,1,1,1,-1,1,1,-1,1,-1,1,-1,1,-1,1,-1,1,1,-1,1,-1,-1,-1,1,1,-1,1,-1,-1,-1,1,1,-1,-1,1,1,-1,-1,1,1,-1,1,1,-1,1,1,1,1,-1,1,-1,1,1,-1,1,-1,1,-1,1,1,1,1,1,1,-1,-1,1,-1,-1,-1,1,1,-1,1,1,1,-1,1,1,1,1,1,1,1,1,-1,1,1,1,-1,-1,1,-1,1,1,1,-1,1,1,-1,-1,1,1,1,-1,1,-1,1,1,1,-1,1,1,-1,1,1,1,-1,1,1,-1,1,1,1,-1,1,1,-1,-1,1,1,-1,1,1,-1,1,-1,1,-1,1,1,1,-1,1,1,1,-1,1,1,-1,1,1,-1,1,-1,1,-1,-1,-1,-1,1,1,1,-1,1,1,-1,1,1,-1,-1,1,1,1,1,1,-1,1,1,1,-1,1,1,1,-1,-1,1,1,1,-1,1,-1,1,1,1,1,1,1,-1,-1,-1,1,-1,-1,1,1,-1,1,1,-1,1,1,1,1,-1,1,-1,-1,1,-1,1,-1,1,1,1,1,1,1,-1,-1,1,-1,1,1,1,-1,1,1,1,-1,1,1,-1,-1,1,-1,1,1,1,-1,1,1,1,1,1,1,-1,1,-1,-1,1,1,-1,-1,1,-1,-1,1,1,-1,-1,1,-1,1,1,1,-1,-1,1,-1,-1,1,1,-1,-1,1,-1,1,1,1,1,-1,1,1,-1,-1,1,1,-1,-1,1,1,-1,1,-1,-1,1,-1,-1,1,-1,1,-1,-1,1,-1,1,-1,1,-1,-1,1,-1,-1,1,1,1,-1,1,-1,1,-1,-1,1,1,-1,-1,-1,1,-1,-1,1,1,1,-1,1,-1,1,1,1,-1,1,1,-1,1,-1,1,-1,-1,1,-1,-1,1,1,1,-1,1,-1,-1,1,1,-1,-1,1,-1,-1,1,1,-1,-1,1,-1,-1,-1,1,1,-1,1,1,-1,-1,1,-1,-1,1,-1,1,-1,1,1,-1,-1,1,-1,-1,-1,-1,-1,1,1,1,-1,1,1,-1,-1,1,-1,-1,-1,-1,-1,1,1,-1,-1,-1,-1,-1,1,1,-1,1,1,-1,-1,-1,1,1,-1,-1,-1,-1,1,1,-1,-1,1,-1,-1,-1,1,1,-1,-1,-1,-1,-1,1,-1,-1,1,-1,-1,1,1,1,-1,1,-1,-1,-1,1,1,-1,-1,-1,-1,-1,1,1,1,-1,-1,-1,-1,1,1,-1,-1,-1,-1,1,1,1,1,-1,-1,1,1,1,1,1,-1,-1,-1,1,1,1,1,1,-1,1,1,1,1,-1,1,-1,-1,1,-1,1,-1,1,-1,-1,1,-1,1,-1,-1,-1,-1,1,-1,1,-1,1,-1,-1,1,-1,1,-1,1,-1,-1,1,-1,1,-1,-1,-1,-1,1,1,-1,-1,-1,-1,-1,1,-1,1,-1,-1,-1,-1,-1,-1,-1,1,-1,-1,-1,1,-1,-1,1,-1,-1,-1,-1,-1,-1,1,-1,-1,-1,-1,-1,1,-1,-1,-1,1,-1,-1,1,-1,1,-1,-1,-1,-1,-1,-1,-1,1,-1,-1,-1,1,1,-1,-1,-1,-1,1,-1,-1,-1,-1,1,-1,-1,1,-1,1,-1,-1,-1,-1,1,-1,1,1,-1,1,-1,-1,1,1,-1,-1,-1,-1,-1,-1,1,1,-1,-1,1,-1,1,1,-1,-1,-1,1,-1,-1,1,-1,-1,1,-1,-1,1,1,1,-1,1,-1,1,1,1,-1,-1,1,-1,-1,1,1,1,-1,1,-1,-1,1,1,-1,1,1,-1,-1,1,1,-1,1,1,-1,-1,1,1,-1,1,1,-1,-1,1,1,1,1,1,1,-1,-1,1,-1,1,1,-1,-1,1,-1,1,1,1,1,-1,-1,1,-1,1,1,1,-1,1,1,1,1,-1,1,-1,1,1,1,1,1,1,1,-1,1,1,1,1,-1,1,-1,1,1,1,1,1,-1,1,1,1,1,-1,1,1,-1,1,1,-1,1,1,-1,-1,1,1,1,1,-1,1,-1,1,1,1,-1,-1,1,-1,1,1,1,-1,1,-1,-1,-1,1,1,-1,-1,1,-1,-1,1,1,1,-1,1,-1,-1,1,1,1,-1,-1,-1,-1,1,1,-1,-1,-1,1,-1,1,1,-1,1,1,-1,1,1,-1,-1,1,1,-1,-1,1,1,-1,1,1,-1,1,1,-1,-1,1,-1,1,-1,-1,-1,-1,1,-1,-1,1,1,-1,1,1,-1,1,1,1,1,-1,1,-1,1,1,1,1,-1,1,-1,-1,-1,1,1,-1,1,-1,1,1,1,1,-1,1,-1,1,1,-1,-1,-1,1,-1,-1,1,1,-1,-1,-1,1,-1,1,-1,1,-1,1,-1,-1,1,-2670.0,1,2000,445,1500,False
1342,1,1,-1,-1,1,1,-1,-1,1,1,1,-1,1,1,1,1,-1,1,-1,-1,-1,1,1,1,1,-1,-1,-1,1,1,1,1,1,-1,-1,1,1,-1,1,-1,-1,-1,1,1,1,1,1,-1,1,1,1,1,-1,1,-1,-1,1,-1,1,1,1,-1,-1,1,1,1,1,1,-1,-1,1,1,1,1,1,-1,-1,-1,1,1,1,-1,-1,-1,1,1,1,1,-1,-1,1,1,1,1,1,-1,-1,-1,1,-1,1,1,-1,-1,1,1,1,1,1,-1,-1,-1,1,1,1,1,-1,-1,1,1,1,1,1,1,-1,-1,1,1,-1,1,1,-1,1,1,1,1,1,1,-1,1,1,1,1,1,1,-1,1,1,1,1,1,1,-1,-1,-1,1,1,1,1,-1,1,1,1,1,-1,1,-1,1,-1,1,1,1,-1,-1,1,1,1,1,1,-1,1,-1,-1,1,-1,1,-1,1,1,1,1,1,1,1,1,1,-1,1,-1,1,-1,1,1,-1,1,-1,1,1,-1,1,-1,1,-1,1,-1,1,1,-1,1,-1,1,1,1,1,-1,-1,1,1,-1,-1,1,-1,1,-1,-1,1,-1,1,-1,1,-1,1,-1,1,1,-1,-1,-1,1,1,-1,1,-1,1,1,1,-1,1,1,-1,-1,-1,1,-1,1,-1,1,-1,1,1,-1,1,-1,-1,-1,1,1,-1,1,-1,-1,-1,1,1,-1,-1,1,1,-1,-1,1,1,-1,1,1,-1,1,1,1,1,-1,1,-1,1,1,-1,1,-1,1,-1,1,1,1,1,1,1,-1,-1,1,-1,-1,1,1,1,-1,1,1,1,-1,1,1,1,1,1,1,1,1,-1,1,1,1,-1,1,1,-1,1,1,1,-1,1,1,-1,-1,1,1,1,-1,1,-1,1,1,1,-1,1,1,-1,1,1,1,-1,1,1,-1,1,1,1,-1,1,1,-1,-1,1,1,-1,1,1,-1,1,-1,1,-1,1,1,1,-1,1,1,1,-1,1,1,-1,1,1,-1,1,1,1,-1,-1,-1,-1,1,1,1,-1,1,1,-1,1,1,-1,-1,1,1,1,1,1,-1,1,1,1,-1,1,1,1,-1,-1,1,1,-1,-1,1,-1,1,-1,1,-1,1,1,-1,-1,-1,1,-1,-1,1,1,-1,1,1,-1,1,1,1,1,-1,1,-1,-1,1,-1,1,-1,1,-1,1,1,1,1,-1,-1,1,-1,1,1,1,-1,1,1,1,-1,1,1,-1,1,-1,-1,1,1,1,-1,1,-1,1,1,1,1,-1,1,-1,-1,1,1,-1,1,1,-1,-1,1,1,-1,-1,1,-1,1,1,1,-1,1,-1,-1,-1,1,1,-1,-1,1,-1,1,1,1,1,-1,1,-1,-1,-1,1,1,-1,1,-1,1,-1,1,-1,-1,1,-1,-1,1,-1,1,-1,-1,1,-1,1,-1,1,-1,-1,1,-1,-1,1,1,1,-1,1,-1,1,-1,-1,-1,1,-1,-1,-1,1,-1,-1,1,1,-1,1,1,-1,1,1,1,-1,1,1,-1,1,-1,1,1,-1,1,-1,-1,1,1,-1,-1,1,-1,-1,1,1,1,-1,1,-1,-1,1,1,-1,-1,1,-1,-1,-1,1,1,-1,1,1,-1,-1,1,-1,-1,1,-1,1,-1,1,-1,-1,-1,1,-1,-1,-1,-1,-1,1,1,1,-1,1,1,-1,-1,1,-1,-1,-1,-1,-1,1,1,-1,-1,-1,-1,-1,1,1,-1,1,1,-1,-1,-1,1,1,-1,-1,-1,-1,1,1,-1,-1,1,-1,-1,-1,1,1,-1,-1,-1,-1,-1,1,-1,-1,1,-1,-1,1,1,1,-1,1,-1,-1,-1,1,1,-1,-1,-1,-1,-1,1,1,1,-1,-1,-1,-1,1,1,-1,-1,-1,-1,1,1,1,1,-1,-1,1,1,1,1,1,-1,-1,-1,1,1,1,-1,1,-1,1,1,1,1,-1,1,-1,-1,1,-1,1,-1,1,-1,-1,1,-1,1,-1,-1,-1,-1,1,-1,1,-1,1,1,-1,1,-1,1,-1,1,1,-1,1,-1,1,-1,-1,-1,-1,1,1,-1,-1,-1,-1,-1,1,-1,1,-1,-1,-1,-1,-1,-1,-1,1,-1,-1,-1,1,-1,-1,1,-1,-1,-1,-1,-1,1,1,-1,-1,-1,-1,-1,1,-1,-1,-1,1,-1,-1,1,-1,1,-1,-1,-1,-1,-1,-1,-1,1,-1,-1,-1,1,1,1,-1,-1,1,-1,-1,-1,-1,-1,1,-1,-1,1,1,1,-1,-1,-1,-1,1,-1,1,1,-1,1,-1,-1,1,1,-1,-1,-1,-1,-1,-1,1,1,-1,-1,1,-1,1,1,-1,-1,-1,1,-1,1,1,-1,-1,1,-1,-1,1,1,1,-1,1,-1,1,1,1,-1,-1,1,-1,-1,1,1,1,-1,1,-1,-1,1,1,-1,1,1,-1,-1,1,1,1,1,1,-1,-1,1,1,-1,1,1,-1,-1,1,1,1,1,1,1,-1,1,1,1,1,1,-1,-1,1,-1,1,1,1,1,-1,-1,1,-1,1,1,1,-1,1,1,1,1,-1,1,-1,1,1,1,1,1,1,1,-1,-1,1,1,1,-1,1,-1,1,1,1,1,1,-1,1,1,1,1,-1,1,1,-1,1,1,-1,1,1,-1,-1,-1,1,1,1,-1,1,-1,1,1,1,-1,-1,1,-1,1,1,1,-1,1,-1,-1,-1,1,1,-1,-1,1,-1,-1,1,1,-1,-1,1,-1,1,1,1,1,-1,1,-1,-1,1,1,-1,-1,-1,1,1,1,1,-1,1,1,-1,1,1,-1,-1,1,1,-1,-1,1,1,-1,1,1,1,1,1,-1,-1,-1,-1,1,-1,-1,-1,-1,-1,1,1,1,1,-1,1,1,-1,1,1,1,1,-1,1,-1,1,1,1,-1,-1,1,-1,1,1,1,-1,-1,1,-1,1,1,1,-1,-1,1,-1,1,1,1,1,-1,1,-1,1,1,1,1,-1,-1,1,-1,1,-1,1,-1,1,-1,1,1,-2670.0,1,2000,445,1500,False
1343,1,1,-1,-1,1,-1,-1,-1,1,1,1,-1,1,1,1,1,-1,1,-1,-1,-1,-1,1,1,1,-1,-1,-1,1,1,1,1,-1,-1,-1,-1,1,1,1,1,-1,-1,-1,1,1,1,1,-1,1,1,1,1,-1,1,-1,-1,1,-1,1,1,1,-1,-1,-1,1,1,1,1,-1,-1,-1,1,1,1,1,-1,-1,-1,1,1,1,-1,-1,-1,1,1,1,1,-1,-1,-1,1,1,1,1,-1,-1,1,1,-1,1,1,-1,-1,1,1,1,1,1,-1,-1,1,1,1,1,1,-1,-1,1,1,1,1,1,1,-1,1,1,1,-1,1,1,-1,1,1,1,1,1,1,-1,-1,1,1,1,1,1,-1,1,1,1,1,1,1,-1,-1,-1,1,1,1,1,-1,1,1,1,1,-1,1,-1,1,-1,1,1,1,-1,-1,1,1,1,1,1,-1,1,-1,-1,1,-1,1,-1,1,1,1,1,1,1,1,1,1,-1,1,-1,1,-1,1,1,-1,1,-1,1,1,-1,1,-1,1,-1,1,-1,1,1,-1,-1,-1,1,1,1,1,-1,-1,1,1,-1,-1,1,-1,1,-1,-1,1,-1,1,-1,1,-1,1,-1,1,1,-1,-1,-1,1,1,-1,1,-1,1,1,1,-1,1,1,-1,1,-1,1,-1,1,-1,1,-1,1,1,-1,1,-1,-1,-1,1,1,-1,1,-1,-1,-1,1,1,-1,-1,1,1,-1,-1,1,1,-1,1,1,-1,1,1,1,1,-1,1,-1,1,1,-1,1,-1,1,1,1,1,1,1,1,1,-1,-1,1,-1,-1,-1,1,1,-1,1,1,1,-1,1,1,1,1,1,1,-1,1,-1,1,1,1,-1,-1,1,-1,1,1,1,-1,1,1,-1,-1,1,1,1,-1,1,-1,1,1,1,-1,1,1,-1,1,1,1,-1,1,1,-1,1,1,1,-1,1,1,-1,-1,1,1,-1,1,1,-1,1,-1,1,-1,1,1,1,-1,1,1,1,1,1,1,-1,1,1,-1,1,1,1,-1,-1,-1,-1,1,1,1,-1,1,1,-1,1,1,-1,-1,1,1,1,1,1,-1,1,1,1,-1,1,1,1,-1,-1,1,1,1,-1,1,-1,1,1,1,1,1,1,-1,-1,-1,1,-1,-1,1,1,-1,1,1,1,1,1,1,1,-1,1,-1,-1,1,-1,1,-1,1,1,-1,1,1,1,-1,-1,1,-1,1,1,1,-1,1,1,1,-1,1,1,-1,-1,1,-1,1,1,1,-1,1,1,1,1,1,1,-1,1,-1,-1,1,1,-1,-1,1,-1,-1,1,1,-1,-1,1,-1,1,1,1,-1,-1,1,-1,-1,1,1,-1,-1,1,-1,1,1,1,1,-1,1,1,-1,-1,1,1,-1,-1,-1,1,-1,1,-1,-1,1,-1,-1,1,-1,1,-1,-1,1,-1,1,-1,1,-1,-1,1,-1,-1,1,1,1,-1,1,-1,1,-1,-1,1,1,-1,-1,-1,1,-1,-1,1,1,1,-1,1,-1,1,1,1,-1,1,1,-1,1,-1,1,-1,-1,1,-1,-1,1,1,1,-1,1,-1,-1,1,1,-1,-1,1,-1,-1,1,1,-1,-1,1,-1,-1,-1,1,1,-1,1,1,-1,-1,1,-1,-1,1,-1,1,-1,1,1,-1,-1,1,-1,-1,-1,-1,-1,1,1,1,-1,1,1,-1,-1,1,-1,-1,-1,-1,-1,1,1,-1,-1,-1,-1,-1,1,1,-1,1,1,-1,-1,-1,1,1,-1,-1,-1,-1,-1,1,-1,-1,1,-1,-1,-1,1,1,-1,-1,-1,-1,-1,1,-1,-1,1,-1,-1,-1,1,1,-1,1,-1,-1,1,1,1,-1,-1,-1,-1,-1,1,1,1,-1,-1,-1,-1,1,1,-1,-1,-1,-1,1,1,1,1,-1,-1,1,1,1,1,1,-1,-1,-1,1,1,1,-1,1,-1,1,1,1,1,-1,1,-1,-1,1,-1,1,-1,1,-1,-1,1,-1,1,-1,-1,-1,-1,1,-1,1,-1,1,-1,-1,1,-1,1,-1,1,-1,-1,1,-1,1,-1,-1,-1,-1,1,1,-1,-1,-1,-1,-1,1,-1,1,-1,-1,-1,-1,-1,-1,-1,1,-1,-1,-1,1,-1,-1,1,-1,-1,-1,-1,-1,1,1,-1,-1,-1,-1,-1,1,-1,-1,-1,1,-1,-1,1,-1,1,-1,-1,-1,-1,-1,-1,-1,1,-1,-1,-1,1,1,-1,-1,-1,1,-1,-1,-1,-1,-1,1,-1,-1,1,-1,1,-1,-1,-1,-1,1,-1,1,1,-1,1,-1,-1,1,1,-1,-1,-1,-1,-1,-1,1,1,-1,-1,1,-1,1,1,-1,-1,-1,1,-1,1,1,-1,-1,1,-1,-1,1,1,1,-1,1,-1,1,1,1,-1,-1,1,-1,-1,1,-1,1,-1,1,-1,-1,1,1,-1,1,1,-1,-1,1,1,-1,1,1,-1,-1,1,1,-1,1,1,-1,-1,1,1,1,1,1,1,-1,-1,1,1,-1,1,-1,-1,1,-1,1,1,1,1,-1,-1,1,-1,1,1,1,-1,1,1,1,1,-1,1,-1,1,1,1,1,1,1,1,-1,1,1,1,1,-1,1,-1,1,1,1,1,1,-1,1,1,1,1,-1,1,1,-1,1,1,-1,1,1,-1,-1,1,1,1,1,-1,1,-1,1,1,1,-1,-1,1,-1,1,1,1,-1,1,-1,-1,-1,1,1,-1,-1,1,-1,-1,1,1,-1,-1,1,-1,-1,1,1,1,-1,1,-1,-1,1,1,-1,-1,1,1,-1,-1,1,-1,1,1,-1,1,1,-1,-1,1,-1,-1,-1,1,1,-1,1,1,-1,1,1,-1,-1,1,-1,1,-1,-1,-1,-1,1,-1,-1,1,1,-1,1,1,-1,1,1,1,1,-1,1,-1,1,1,1,1,-1,1,-1,-1,1,1,1,-1,1,-1,1,1,1,1,-1,1,-1,1,1,1,-1,-1,1,-1,-1,1,1,-1,-1,-1,1,-1,1,1,1,-1,1,-1,-1,1,-2670.0,1,2000,445,1500,False
1344,1,1,-1,-1,1,-1,-1,-1,1,1,1,-1,1,1,1,1,-1,1,-1,-1,-1,-1,1,1,1,-1,1,-1,1,1,1,1,-1,-1,-1,-1,1,1,1,1,-1,-1,-1,1,1,1,1,-1,1,1,1,1,-1,1,-1,-1,1,-1,1,1,1,-1,-1,-1,1,1,1,1,-1,-1,-1,1,1,1,1,-1,-1,-1,1,1,1,-1,-1,-1,1,1,1,1,-1,-1,-1,1,1,1,1,-1,-1,1,1,-1,1,1,-1,-1,1,1,1,1,1,-1,-1,1,1,-1,1,1,-1,-1,1,1,1,1,1,1,-1,1,1,1,-1,1,1,-1,1,1,1,1,1,1,-1,-1,1,1,1,1,1,-1,1,1,1,1,1,1,-1,-1,-1,1,1,1,1,-1,1,1,1,1,-1,1,-1,1,-1,1,1,1,-1,-1,1,1,1,1,1,-1,1,-1,-1,1,-1,1,-1,1,1,1,1,1,1,1,1,1,-1,1,-1,1,-1,1,1,-1,1,-1,1,1,-1,1,-1,1,-1,1,-1,1,1,-1,-1,-1,1,1,1,1,-1,-1,1,1,-1,-1,1,-1,1,-1,1,1,-1,1,-1,1,-1,1,-1,-1,1,-1,-1,-1,1,1,-1,1,-1,1,1,1,-1,1,1,-1,1,-1,1,-1,1,-1,1,-1,1,1,-1,1,-1,-1,-1,1,1,-1,1,-1,-1,-1,1,1,-1,-1,1,1,-1,-1,1,1,-1,1,1,-1,1,1,1,1,-1,1,-1,1,1,-1,1,-1,1,1,-1,1,1,1,1,1,-1,-1,1,-1,-1,-1,1,1,-1,1,1,1,-1,1,-1,-1,1,1,1,1,1,-1,1,1,1,-1,1,1,-1,1,1,1,-1,1,1,-1,-1,1,1,1,-1,1,-1,1,1,1,-1,1,1,-1,1,1,1,-1,1,-1,-1,1,1,1,-1,1,-1,-1,-1,1,1,-1,1,-1,-1,1,-1,1,-1,1,1,-1,-1,1,1,1,-1,1,-1,-1,1,1,-1,1,-1,-1,-1,-1,-1,-1,1,-1,-1,-1,1,1,-1,1,-1,-1,-1,1,1,1,1,1,-1,1,1,1,-1,1,-1,-1,-1,-1,1,1,-1,1,-1,-1,1,-1,1,-1,-1,-1,-1,-1,-1,1,-1,1,-1,1,-1,1,1,-1,-1,-1,1,1,-1,1,-1,1,-1,-1,1,-1,1,-1,-1,-1,-1,1,-1,-1,1,1,-1,-1,1,-1,1,1,-1,1,-1,1,-1,1,-1,1,-1,1,1,-1,1,-1,-1,-1,1,1,-1,1,-1,1,-1,1,-1,1,1,-1,1,-1,1,-1,-1,1,-1,-1,-1,1,-1,1,-1,1,1,-1,1,-1,-1,1,-1,-1,1,-1,1,-1,1,-1,1,-1,1,1,-1,-1,-1,1,-1,1,-1,-1,1,-1,1,1,-1,1,-1,-1,1,1,-1,-1,1,-1,-1,1,1,1,1,1,1,-1,1,1,1,-1,1,-1,1,-1,-1,-1,1,-1,1,1,-1,1,-1,1,-1,1,-1,-1,-1,1,1,-1,1,1,-1,-1,-1,1,-1,1,1,-1,1,-1,1,-1,-1,-1,-1,-1,-1,1,-1,-1,-1,-1,-1,-1,1,-1,1,1,1,1,-1,1,-1,1,1,-1,-1,-1,1,-1,-1,1,-1,1,-1,-1,1,1,1,1,-1,-1,1,1,1,1,-1,1,-1,-1,1,1,1,-1,-1,-1,1,1,1,1,-1,1,-1,1,-1,1,-1,1,1,-1,-1,1,1,1,-1,-1,-1,-1,1,1,1,1,-1,-1,-1,1,1,1,1,-1,-1,-1,1,1,1,-1,-1,-1,-1,1,1,1,1,-1,-1,1,1,1,1,1,-1,-1,-1,1,1,-1,1,-1,-1,-1,1,1,1,1,-1,-1,1,1,1,1,1,-1,1,1,-1,1,1,-1,-1,-1,1,1,1,1,1,-1,1,1,1,1,1,1,-1,-1,1,-1,1,-1,1,-1,-1,1,-1,1,1,-1,-1,-1,1,-1,1,1,-1,-1,-1,1,1,1,-1,1,-1,-1,1,-1,1,-1,-1,-1,-1,1,1,-1,-1,-1,-1,-1,1,-1,1,-1,-1,-1,-1,-1,-1,-1,1,-1,-1,-1,1,-1,-1,1,-1,-1,-1,-1,-1,1,1,-1,-1,-1,-1,-1,1,-1,-1,-1,1,-1,-1,1,-1,1,-1,-1,-1,-1,-1,-1,-1,1,-1,-1,-1,1,1,-1,-1,-1,-1,1,-1,-1,-1,-1,1,-1,-1,1,-1,1,-1,-1,-1,-1,1,-1,1,1,-1,1,-1,-1,1,1,-1,-1,-1,-1,-1,-1,1,1,-1,-1,1,-1,1,1,-1,-1,-1,1,-1,1,1,-1,-1,1,-1,-1,1,1,1,-1,1,-1,1,1,1,-1,-1,1,-1,-1,1,1,1,-1,1,-1,-1,1,1,-1,1,1,-1,-1,1,1,1,1,1,-1,-1,1,1,-1,1,1,-1,-1,1,1,1,1,-1,1,-1,1,1,1,1,1,-1,-1,1,-1,1,1,1,1,-1,-1,1,-1,1,1,1,-1,1,1,1,1,-1,1,-1,1,1,1,1,1,1,1,-1,1,1,1,1,-1,1,-1,1,1,1,1,1,-1,1,1,1,1,-1,1,1,-1,1,1,-1,1,1,-1,-1,1,1,1,1,-1,1,-1,1,1,1,-1,-1,1,-1,1,1,1,-1,1,-1,-1,-1,1,1,-1,-1,1,-1,-1,1,1,-1,-1,1,-1,1,1,1,1,-1,1,-1,-1,1,1,-1,-1,-1,1,1,-1,1,-1,1,1,-1,1,1,-1,-1,1,1,-1,-1,1,1,-1,1,1,1,1,1,-1,-1,-1,-1,-1,-1,-1,-1,-1,-1,1,1,1,1,-1,1,1,-1,1,1,1,1,-1,1,-1,1,1,1,1,-1,1,-1,1,1,1,1,-1,1,-1,1,1,1,1,-1,1,-1,1,1,1,-1,-1,1,-1,1,1,1,-1,-1,-1,1,-1,1,1,1,-1,1,-1,1,1,-2670.0,1,2000,445,1500,False
1345,1,1,-1,-1,1,1,-1,-1,1,1,1,-1,1,1,1,1,-1,1,1,-1,-1,-1,1,1,1,1,-1,-1,1,1,1,1,-1,-1,-1,-1,1,1,1,1,-1,-1,-1,1,1,1,1,-1,1,1,1,1,-1,1,-1,-1,1,-1,1,1,1,-1,-1,-1,1,1,1,1,-1,-1,-1,1,1,1,1,-1,-1,-1,1,1,1,-1,-1,-1,1,1,1,1,-1,-1,-1,1,1,1,1,-1,-1,1,1,-1,1,1,-1,-1,1,1,1,1,1,-1,-1,-1,1,1,1,1,-1,-1,1,1,1,1,1,1,-1,-1,1,1,-1,1,1,-1,1,1,1,1,1,1,-1,1,1,1,1,1,1,-1,1,1,1,1,1,1,-1,-1,-1,1,1,1,1,-1,1,1,1,1,-1,1,-1,1,-1,1,1,1,-1,-1,1,1,1,1,1,-1,1,-1,-1,1,-1,1,-1,1,1,1,1,1,1,1,1,1,-1,1,-1,1,-1,1,1,-1,1,-1,1,1,-1,1,-1,1,-1,1,-1,1,1,-1,-1,-1,1,1,1,1,-1,-1,1,1,-1,-1,1,-1,1,-1,-1,1,-1,1,-1,1,-1,1,-1,1,1,-1,-1,-1,1,1,-1,1,-1,1,1,1,-1,1,1,-1,-1,-1,1,-1,1,-1,1,-1,1,1,-1,1,-1,-1,-1,1,1,-1,1,-1,-1,-1,1,1,-1,-1,1,1,-1,-1,1,1,-1,1,1,-1,1,1,1,1,-1,1,-1,1,1,-1,1,-1,1,1,-1,1,1,1,1,1,-1,-1,1,-1,-1,1,1,1,-1,1,1,1,-1,1,-1,-1,1,1,1,1,1,-1,1,1,1,-1,-1,1,-1,1,1,1,-1,1,1,-1,-1,1,1,1,-1,1,-1,1,1,1,-1,1,1,-1,1,1,1,-1,1,-1,-1,1,1,1,-1,1,-1,-1,-1,1,1,-1,1,-1,-1,1,-1,1,-1,1,1,-1,-1,1,1,1,1,1,-1,-1,1,1,-1,1,-1,-1,-1,-1,-1,-1,1,1,-1,-1,1,1,-1,1,-1,1,-1,1,1,1,1,-1,-1,1,1,1,-1,1,-1,-1,-1,-1,1,1,1,1,-1,-1,1,1,1,1,-1,-1,1,-1,-1,1,-1,1,-1,-1,1,-1,1,1,-1,-1,1,1,-1,1,-1,1,-1,-1,1,-1,1,1,-1,-1,-1,1,-1,-1,1,1,-1,-1,1,-1,1,1,-1,1,-1,1,-1,-1,1,1,-1,-1,1,-1,1,1,-1,-1,1,1,-1,1,-1,1,-1,1,-1,-1,1,-1,1,-1,1,-1,-1,1,-1,-1,-1,1,-1,-1,1,-1,1,-1,1,-1,-1,1,-1,-1,1,-1,1,-1,1,-1,1,-1,1,1,-1,-1,-1,1,-1,1,-1,-1,1,-1,1,1,1,1,-1,-1,1,1,-1,1,1,-1,-1,1,1,1,-1,1,1,-1,1,1,1,1,1,-1,1,-1,-1,-1,1,-1,-1,1,-1,1,-1,1,-1,1,-1,-1,-1,1,1,-1,1,1,-1,-1,-1,1,-1,1,1,-1,1,-1,1,-1,-1,-1,-1,-1,-1,1,-1,-1,-1,-1,-1,-1,1,-1,1,1,1,1,-1,1,-1,1,1,-1,-1,-1,1,-1,-1,1,-1,1,-1,-1,1,1,1,1,-1,-1,1,1,1,1,-1,1,-1,-1,1,1,1,-1,-1,-1,1,1,1,1,-1,-1,-1,1,-1,1,-1,1,-1,-1,-1,1,1,1,-1,-1,-1,1,1,1,1,1,-1,-1,-1,1,1,1,1,-1,-1,-1,1,-1,1,-1,-1,-1,-1,1,1,1,1,-1,-1,1,1,1,1,1,-1,-1,-1,1,1,-1,1,-1,-1,-1,1,1,1,1,-1,-1,1,1,1,1,-1,-1,1,1,-1,1,1,-1,-1,-1,1,1,1,1,1,-1,1,1,1,1,1,-1,-1,-1,1,-1,1,-1,-1,-1,-1,1,-1,1,1,-1,-1,-1,1,-1,1,1,-1,-1,-1,1,1,1,1,-1,-1,-1,1,-1,1,1,-1,-1,-1,1,1,-1,-1,-1,-1,-1,1,-1,1,-1,-1,-1,-1,-1,-1,-1,1,-1,-1,-1,1,-1,-1,1,-1,-1,-1,-1,-1,-1,1,-1,-1,-1,-1,-1,1,-1,-1,-1,1,-1,-1,1,-1,1,-1,-1,-1,-1,-1,-1,-1,1,-1,-1,-1,1,1,1,-1,-1,1,-1,-1,-1,-1,-1,1,-1,-1,1,1,1,-1,-1,-1,-1,1,-1,1,1,-1,1,-1,-1,1,1,-1,-1,-1,-1,-1,-1,1,1,-1,-1,1,-1,1,1,-1,-1,-1,1,-1,1,1,-1,-1,1,-1,-1,1,1,1,-1,1,-1,1,1,1,-1,-1,1,-1,-1,1,1,1,-1,1,-1,-1,1,1,-1,1,1,-1,-1,1,1,-1,1,1,-1,-1,1,1,-1,1,1,-1,-1,1,1,1,1,1,1,-1,-1,1,-1,1,1,-1,-1,1,-1,1,1,1,1,-1,-1,1,-1,1,1,1,-1,1,1,1,1,-1,1,-1,1,1,1,1,1,1,1,-1,1,1,1,1,-1,1,-1,1,1,1,1,1,-1,1,1,1,1,-1,1,1,-1,1,1,-1,1,1,-1,-1,1,1,1,1,-1,1,-1,1,1,1,-1,-1,1,-1,1,1,1,-1,1,-1,-1,-1,1,1,-1,-1,1,-1,-1,1,1,1,-1,1,-1,-1,1,1,1,-1,1,-1,-1,1,1,-1,-1,-1,1,-1,1,1,-1,1,1,-1,1,1,-1,-1,1,-1,-1,-1,1,1,-1,1,1,-1,1,1,-1,-1,-1,-1,1,-1,-1,-1,-1,1,-1,-1,1,1,-1,1,1,-1,1,1,1,1,-1,1,-1,1,1,1,-1,-1,1,-1,-1,1,1,-1,-1,1,-1,1,1,1,-1,-1,1,-1,1,1,1,1,-1,1,-1,-1,1,1,-1,-1,-1,1,-1,1,-1,1,-1,1,-1,-1,1,-2670.0,1,2000,445,1500,False
1346,1,1,-1,-1,1,-1,-1,-1,1,1,1,-1,1,1,1,1,-1,1,-1,-1,1,-1,1,1,1,-1,-1,-1,1,1,1,1,-1,-1,-1,-1,1,1,1,1,-1,-1,-1,1,1,1,1,-1,1,1,1,1,-1,1,-1,-1,1,-1,1,1,1,-1,-1,-1,1,1,1,1,-1,-1,-1,1,1,1,1,-1,-1,-1,1,1,1,-1,-1,-1,1,1,1,1,-1,-1,-1,1,1,1,1,-1,-1,1,1,-1,1,1,-1,-1,1,1,1,1,1,-1,-1,1,1,-1,1,1,-1,-1,1,1,1,1,1,1,-1,-1,1,1,-1,1,1,-1,1,1,1,1,1,1,-1,-1,1,1,1,1,1,-1,1,1,1,1,1,1,-1,-1,-1,1,1,1,1,-1,1,1,1,1,-1,1,-1,1,-1,1,1,1,-1,-1,1,1,1,1,1,-1,1,-1,-1,1,-1,1,-1,1,1,1,1,1,1,1,1,1,-1,1,-1,1,-1,1,1,-1,1,-1,1,1,-1,1,-1,1,-1,1,-1,1,1,-1,1,-1,1,1,1,1,-1,-1,1,1,-1,-1,1,-1,1,-1,-1,1,-1,1,-1,1,-1,1,-1,1,1,-1,-1,-1,1,1,-1,1,-1,1,1,1,-1,1,1,-1,1,-1,1,-1,1,-1,1,-1,1,1,-1,1,-1,-1,-1,1,1,-1,1,-1,-1,-1,1,1,-1,-1,1,1,-1,-1,1,1,-1,1,1,-1,1,1,1,1,-1,1,-1,1,1,-1,1,-1,1,-1,1,1,1,-1,-1,1,-1,-1,1,-1,-1,-1,1,1,-1,1,1,1,-1,1,1,1,1,1,1,1,1,-1,1,1,1,1,-1,1,-1,1,1,1,-1,1,1,-1,-1,1,1,1,-1,1,-1,1,1,1,-1,1,1,-1,1,1,1,-1,1,1,-1,1,1,1,1,1,1,-1,-1,1,1,-1,1,1,-1,1,-1,1,-1,1,1,1,-1,1,1,1,-1,1,1,-1,1,1,-1,1,-1,1,-1,-1,-1,-1,1,1,1,-1,1,1,-1,1,1,-1,-1,1,1,1,1,1,-1,1,1,1,-1,1,1,1,-1,-1,1,1,1,-1,1,-1,1,-1,1,1,1,1,-1,-1,-1,1,-1,-1,1,-1,1,-1,1,1,1,1,1,-1,-1,1,-1,-1,1,-1,1,-1,1,1,1,1,1,1,-1,-1,1,-1,1,1,-1,-1,1,1,1,-1,1,-1,-1,-1,1,-1,1,1,-1,-1,1,1,1,1,-1,1,-1,1,-1,-1,1,-1,-1,1,1,-1,1,1,-1,-1,-1,1,-1,1,1,1,-1,-1,1,-1,-1,1,-1,-1,-1,1,-1,1,1,1,-1,-1,1,-1,-1,1,-1,-1,-1,1,-1,-1,1,-1,-1,-1,1,-1,-1,1,-1,-1,-1,-1,1,-1,1,-1,-1,-1,1,1,-1,-1,1,1,1,-1,1,-1,1,1,1,1,1,-1,-1,-1,1,-1,-1,1,1,1,-1,1,-1,1,1,1,-1,1,1,-1,1,-1,1,-1,-1,1,-1,-1,1,1,1,-1,1,-1,-1,1,1,-1,-1,1,-1,-1,1,1,-1,-1,1,-1,-1,-1,1,1,-1,1,1,-1,-1,1,-1,-1,1,-1,1,-1,1,1,-1,-1,1,-1,-1,-1,-1,-1,1,1,1,-1,-1,1,-1,-1,1,-1,-1,1,-1,-1,1,1,-1,-1,1,1,-1,1,1,-1,1,-1,1,-1,-1,1,1,-1,-1,-1,-1,-1,1,-1,-1,1,-1,-1,-1,1,1,-1,-1,-1,-1,-1,1,-1,-1,-1,-1,-1,1,1,1,-1,-1,-1,-1,-1,1,1,-1,-1,-1,-1,-1,1,1,1,-1,-1,-1,-1,1,1,-1,-1,-1,-1,1,1,1,1,1,-1,1,1,1,1,1,1,-1,-1,1,1,1,1,-1,-1,1,1,1,1,-1,1,-1,-1,1,-1,1,-1,1,-1,-1,1,-1,1,-1,1,-1,-1,1,-1,1,-1,1,-1,-1,1,-1,1,1,1,-1,-1,1,-1,1,1,1,-1,-1,1,1,-1,1,1,-1,-1,1,-1,1,-1,1,-1,-1,-1,-1,-1,1,1,-1,-1,1,-1,-1,1,1,-1,-1,-1,-1,1,-1,1,-1,-1,-1,-1,1,1,-1,-1,1,-1,-1,1,-1,1,-1,-1,-1,-1,-1,1,1,1,-1,-1,-1,1,1,1,-1,-1,1,-1,-1,-1,1,-1,1,-1,-1,1,1,1,-1,-1,-1,-1,1,-1,1,1,-1,1,-1,-1,1,1,-1,-1,-1,-1,-1,-1,1,1,-1,-1,1,-1,1,1,-1,-1,-1,1,-1,1,1,-1,-1,1,-1,-1,1,1,1,-1,1,-1,1,1,1,-1,-1,1,-1,-1,1,1,1,-1,1,-1,-1,1,1,-1,1,1,-1,-1,1,1,-1,1,1,-1,-1,1,1,-1,1,1,-1,-1,1,1,1,1,1,1,-1,1,1,1,1,1,-1,-1,1,-1,1,1,1,1,-1,-1,1,-1,1,1,1,-1,1,-1,1,1,-1,1,-1,1,1,1,1,1,1,1,-1,-1,1,1,1,-1,1,-1,1,1,1,1,1,-1,1,-1,1,1,-1,-1,1,-1,1,1,-1,1,1,-1,-1,1,1,1,-1,1,1,-1,-1,1,1,-1,-1,1,-1,1,1,1,-1,1,-1,-1,-1,1,1,-1,-1,1,-1,-1,1,1,-1,-1,1,-1,-1,1,1,1,1,-1,-1,-1,1,1,-1,-1,-1,1,-1,-1,1,-1,1,1,-1,1,1,-1,-1,1,-1,-1,-1,1,1,-1,1,1,-1,1,1,-1,-1,-1,-1,1,-1,-1,-1,-1,1,-1,-1,1,1,-1,1,1,-1,1,1,1,1,-1,1,-1,1,1,1,1,-1,1,-1,-1,1,1,1,-1,1,-1,1,1,1,1,-1,1,-1,1,1,-1,-1,-1,1,-1,-1,1,1,-1,-1,-1,1,-1,1,-1,1,-1,1,-1,-1,1,-2670.0,1,2000,445,1500,False
1347,1,1,-1,-1,1,1,-1,-1,1,1,1,-1,-1,1,1,1,-1,1,-1,-1,1,-1,1,1,1,-1,-1,-1,1,1,1,1,1,-1,-1,-1,1,-1,1,-1,-1,-1,-1,1,1,1,1,-1,1,1,1,1,-1,1,-1,-1,1,-1,1,1,1,-1,-1,-1,1,1,1,1,-1,-1,-1,1,1,1,1,-1,-1,-1,1,1,1,-1,-1,-1,1,1,1,1,-1,-1,-1,1,1,1,1,-1,-1,1,1,-1,1,1,-1,-1,1,1,1,1,1,-1,-1,1,1,1,1,1,-1,-1,1,1,1,1,1,1,-1,-1,1,1,-1,1,1,-1,1,1,1,1,1,1,-1,-1,1,1,1,1,1,-1,1,1,1,1,1,1,-1,-1,-1,1,1,1,1,-1,1,1,1,1,-1,1,-1,1,-1,1,1,1,-1,-1,1,1,1,1,1,-1,1,-1,-1,1,1,1,-1,1,1,1,1,-1,1,1,1,1,-1,1,-1,1,-1,1,1,-1,1,-1,1,1,-1,1,-1,1,-1,1,-1,1,1,-1,1,-1,1,1,1,1,-1,-1,1,1,-1,-1,1,-1,1,-1,1,1,-1,1,-1,1,-1,1,-1,1,1,-1,-1,-1,1,1,-1,1,-1,1,1,1,-1,1,1,-1,-1,-1,1,-1,1,-1,1,-1,1,1,-1,1,-1,-1,-1,1,1,-1,1,-1,-1,-1,1,1,-1,-1,1,1,-1,-1,1,1,-1,1,1,-1,1,1,1,1,-1,1,-1,1,1,-1,1,-1,1,1,1,1,1,1,1,1,-1,-1,1,-1,-1,1,1,1,-1,1,1,1,-1,1,1,1,1,1,1,1,1,-1,1,1,1,-1,1,1,-1,1,1,1,-1,1,1,-1,-1,1,1,1,-1,1,-1,1,1,1,-1,1,1,-1,1,1,1,-1,1,1,-1,1,1,1,-1,1,1,-1,-1,1,1,-1,1,1,-1,1,-1,1,-1,1,1,1,-1,1,1,1,-1,1,1,-1,1,1,-1,1,1,1,-1,-1,-1,-1,1,1,1,-1,1,1,-1,1,1,-1,-1,1,1,1,1,1,-1,1,1,1,-1,1,1,1,1,-1,1,1,-1,-1,1,-1,1,-1,1,-1,1,1,-1,-1,-1,1,-1,-1,1,1,-1,1,1,-1,1,1,1,1,-1,1,-1,-1,1,-1,1,-1,1,-1,-1,1,1,1,-1,-1,1,-1,1,1,1,-1,1,1,1,-1,1,1,-1,1,-1,-1,1,1,1,-1,-1,-1,1,1,1,1,-1,1,-1,-1,1,1,-1,1,1,-1,-1,1,1,-1,-1,1,-1,1,1,1,-1,1,-1,-1,-1,1,1,-1,-1,1,-1,1,1,1,1,-1,1,-1,-1,-1,1,1,-1,-1,-1,1,-1,1,-1,-1,1,-1,-1,1,-1,1,-1,-1,1,-1,1,-1,1,-1,-1,1,-1,-1,1,1,1,-1,1,-1,1,-1,-1,-1,1,-1,-1,-1,1,-1,-1,1,1,1,-1,1,-1,1,1,1,-1,1,1,-1,1,-1,1,-1,-1,1,-1,-1,1,1,1,-1,1,-1,-1,1,1,-1,-1,1,-1,-1,1,1,-1,-1,1,-1,-1,-1,1,1,-1,1,-1,-1,-1,1,-1,-1,1,-1,1,-1,1,1,-1,-1,1,-1,-1,-1,-1,-1,1,1,1,-1,1,1,-1,-1,1,-1,-1,-1,-1,-1,1,1,-1,-1,-1,-1,-1,1,1,-1,1,1,-1,-1,-1,1,1,-1,-1,-1,-1,1,1,-1,-1,1,-1,-1,-1,1,1,-1,-1,-1,-1,-1,1,-1,-1,1,-1,-1,1,1,1,-1,1,-1,-1,-1,1,1,-1,-1,-1,-1,-1,1,1,1,-1,-1,-1,-1,1,1,-1,-1,-1,-1,1,1,1,1,-1,-1,1,1,1,1,1,-1,-1,-1,1,1,1,-1,1,-1,1,1,1,1,-1,1,-1,-1,1,-1,1,-1,1,-1,-1,1,-1,1,-1,-1,-1,-1,1,-1,1,-1,1,1,-1,1,-1,1,-1,1,1,1,-1,-1,1,-1,-1,-1,-1,1,1,-1,-1,-1,-1,-1,1,-1,1,-1,-1,-1,-1,1,-1,-1,1,-1,-1,-1,1,-1,-1,1,-1,-1,-1,-1,-1,1,1,-1,-1,-1,-1,-1,1,-1,-1,-1,1,-1,-1,1,-1,1,-1,-1,-1,-1,-1,-1,-1,1,-1,-1,-1,1,1,-1,-1,-1,-1,1,-1,-1,-1,-1,1,-1,-1,1,-1,1,-1,-1,-1,-1,1,-1,1,1,-1,1,-1,-1,1,1,-1,-1,-1,-1,-1,-1,1,1,-1,-1,1,-1,1,1,-1,-1,-1,1,-1,1,1,-1,-1,1,-1,-1,1,1,1,-1,1,-1,1,1,1,-1,-1,1,-1,-1,1,1,1,-1,1,-1,-1,1,1,-1,1,1,-1,-1,1,1,1,1,1,-1,-1,1,1,-1,1,1,-1,-1,1,1,1,1,1,1,-1,1,1,1,-1,1,-1,-1,1,-1,1,1,1,1,-1,-1,1,-1,1,1,1,-1,1,1,1,1,-1,1,-1,1,1,1,1,1,1,1,-1,1,1,1,1,-1,1,-1,1,1,1,1,1,-1,1,1,1,1,-1,1,1,-1,1,1,-1,1,1,-1,-1,1,1,1,1,-1,1,-1,1,1,1,-1,-1,1,-1,1,1,1,-1,1,-1,-1,-1,1,1,-1,-1,1,-1,-1,1,1,1,-1,1,-1,1,1,1,1,-1,1,-1,-1,1,1,-1,-1,-1,1,1,1,1,-1,1,1,-1,1,1,-1,-1,1,1,-1,-1,1,1,-1,1,1,1,1,1,-1,-1,-1,-1,-1,-1,-1,-1,-1,-1,1,1,1,1,-1,1,1,-1,1,1,1,1,-1,1,-1,1,1,1,1,-1,1,-1,1,1,1,1,-1,1,-1,1,1,1,1,-1,1,-1,1,1,-1,-1,-1,1,-1,1,1,1,-1,-1,-1,1,-1,1,-1,1,-1,1,-1,1,1,-2670.0,1,2000,445,1500,False
1348,1,1,-1,-1,1,1,-1,-1,1,1,1,-1,-1,1,1,1,-1,1,1,-1,-1,-1,1,1,1,1,-1,-1,1,1,1,1,-1,-1,-1,-1,1,-1,1,1,-1,-1,-1,1,1,1,1,-1,1,1,1,1,-1,1,-1,-1,1,-1,1,1,1,-1,-1,-1,1,1,1,1,-1,-1,-1,1,1,1,1,-1,-1,-1,1,1,1,-1,-1,-1,1,1,1,1,-1,-1,-1,1,1,1,1,-1,-1,1,1,-1,1,1,-1,-1,1,1,1,1,1,-1,-1,-1,1,1,1,1,-1,-1,1,1,1,1,1,1,-1,-1,1,1,-1,1,1,-1,1,1,1,1,1,1,-1,1,1,1,1,1,1,-1,1,1,1,1,1,1,-1,-1,-1,1,1,1,1,-1,1,1,1,1,-1,1,-1,1,-1,1,1,1,-1,-1,1,1,1,1,1,-1,1,-1,-1,1,-1,1,-1,1,1,1,1,1,1,1,1,1,1,1,-1,1,-1,1,1,-1,1,-1,1,1,-1,1,-1,1,-1,1,-1,1,1,-1,1,-1,1,1,1,1,-1,-1,1,1,-1,-1,1,-1,1,-1,-1,1,-1,1,-1,1,-1,1,-1,1,1,-1,-1,-1,1,1,-1,1,-1,1,1,1,-1,1,1,-1,1,-1,1,-1,1,-1,1,-1,1,1,-1,1,-1,-1,-1,1,1,-1,1,-1,-1,-1,1,1,-1,-1,1,1,-1,-1,1,1,-1,1,1,-1,1,1,1,1,-1,1,-1,1,1,-1,1,-1,1,1,-1,1,1,1,1,1,-1,-1,1,-1,-1,-1,1,1,-1,1,1,1,-1,1,-1,-1,1,1,1,1,1,-1,1,1,1,-1,1,1,-1,1,1,1,-1,1,1,-1,-1,1,1,1,-1,1,-1,1,1,1,-1,1,1,-1,1,1,1,-1,1,-1,-1,1,1,1,-1,1,-1,-1,-1,1,1,-1,1,-1,-1,1,-1,1,-1,1,1,-1,-1,1,1,1,-1,1,-1,-1,1,1,-1,1,-1,-1,-1,-1,-1,-1,1,-1,-1,-1,1,1,-1,1,-1,1,-1,1,1,1,1,-1,-1,1,1,1,-1,1,-1,-1,-1,-1,1,1,1,1,-1,-1,1,1,1,1,-1,-1,1,-1,-1,1,-1,1,-1,-1,1,-1,1,-1,-1,-1,1,1,-1,1,-1,1,-1,-1,1,-1,1,1,-1,-1,-1,1,-1,-1,1,1,-1,-1,1,-1,1,1,-1,1,-1,1,-1,-1,1,1,-1,-1,1,-1,1,1,-1,-1,1,1,-1,1,-1,1,-1,1,-1,1,1,-1,1,-1,1,-1,-1,1,-1,-1,-1,1,-1,-1,1,1,1,-1,1,-1,-1,1,-1,-1,1,-1,1,-1,1,-1,1,-1,1,1,-1,1,-1,1,-1,1,-1,-1,1,-1,1,1,1,1,-1,-1,1,1,-1,1,1,-1,1,1,1,1,-1,1,1,-1,1,1,1,1,-1,-1,1,-1,-1,-1,1,-1,1,1,-1,1,-1,1,-1,1,-1,-1,-1,1,1,-1,1,1,-1,-1,-1,1,-1,1,1,-1,1,-1,1,-1,-1,-1,-1,-1,-1,1,-1,-1,-1,-1,-1,-1,1,-1,1,1,1,1,-1,1,-1,1,1,-1,-1,-1,1,-1,-1,1,-1,1,-1,-1,1,1,1,1,-1,-1,1,1,1,1,-1,1,-1,-1,1,1,1,-1,-1,-1,1,1,1,1,-1,-1,-1,1,-1,1,-1,1,-1,-1,-1,1,1,1,-1,-1,-1,1,1,1,1,1,-1,-1,-1,1,1,1,1,-1,-1,-1,1,-1,1,-1,-1,-1,1,1,1,1,1,-1,-1,-1,1,1,1,1,-1,-1,-1,1,1,-1,1,-1,-1,-1,1,1,1,1,-1,-1,1,1,1,1,-1,-1,1,1,-1,1,1,-1,-1,-1,1,1,1,1,1,-1,1,1,1,1,1,-1,-1,-1,1,-1,1,-1,-1,-1,-1,1,-1,1,1,-1,-1,-1,1,-1,1,1,-1,1,-1,1,1,1,1,-1,1,-1,1,-1,1,1,-1,-1,-1,1,1,-1,-1,-1,-1,-1,1,-1,1,-1,-1,-1,-1,-1,-1,-1,1,-1,-1,-1,1,-1,-1,1,-1,-1,-1,-1,-1,1,1,-1,-1,-1,-1,-1,1,-1,-1,-1,1,-1,-1,1,-1,1,-1,-1,-1,-1,-1,-1,-1,1,-1,-1,-1,1,1,1,-1,-1,1,-1,-1,-1,-1,-1,1,-1,-1,1,1,1,-1,-1,-1,-1,1,-1,1,1,-1,1,-1,-1,1,1,-1,-1,-1,-1,-1,-1,1,1,-1,-1,1,-1,1,1,-1,-1,-1,1,-1,1,1,-1,-1,1,-1,-1,1,1,1,-1,1,-1,1,1,1,-1,-1,1,-1,-1,1,1,1,-1,1,-1,-1,1,1,-1,1,1,-1,-1,1,1,-1,1,1,-1,-1,1,1,-1,1,1,-1,-1,1,1,1,1,1,1,-1,-1,1,-1,1,1,-1,-1,1,-1,1,1,1,1,-1,-1,1,-1,1,1,1,-1,1,-1,1,1,-1,1,-1,1,1,1,1,1,1,1,-1,-1,1,1,1,-1,1,-1,1,1,1,1,1,-1,1,-1,1,1,-1,1,1,-1,-1,1,-1,1,1,-1,-1,1,1,1,1,-1,1,-1,-1,1,1,-1,-1,1,-1,1,1,1,-1,1,-1,-1,-1,1,1,-1,-1,1,-1,-1,1,1,-1,-1,1,-1,-1,1,1,1,-1,1,-1,-1,1,1,-1,-1,-1,1,-1,1,1,-1,1,1,-1,1,1,-1,-1,1,1,-1,-1,1,1,-1,1,1,-1,1,1,-1,-1,-1,-1,1,-1,-1,-1,-1,-1,1,-1,1,1,-1,1,1,-1,1,1,1,1,-1,1,-1,1,1,1,-1,-1,1,-1,-1,1,1,-1,-1,1,-1,1,1,1,-1,-1,1,-1,1,1,1,1,-1,1,-1,-1,1,1,-1,-1,-1,1,-1,1,-1,1,-1,1,-1,-1,1,-2670.0,1,2000,445,1500,False
1349,1,1,-1,-1,1,1,-1,-1,1,1,1,-1,1,1,1,1,-1,1,-1,-1,-1,-1,1,1,1,-1,1,-1,1,1,1,1,-1,-1,-1,-1,1,1,1,1,-1,-1,-1,1,1,1,1,-1,1,1,1,1,-1,1,-1,-1,1,-1,1,1,1,-1,-1,-1,1,1,1,1,-1,-1,-1,1,1,1,1,-1,-1,-1,1,1,1,-1,-1,-1,1,1,1,1,-1,-1,-1,1,1,1,1,-1,-1,1,1,-1,1,1,-1,-1,1,1,1,1,1,-1,-1,1,1,1,1,1,-1,-1,1,1,1,1,1,1,-1,1,1,1,-1,1,1,-1,1,1,1,1,1,1,-1,-1,1,1,1,1,1,-1,1,1,1,1,1,1,-1,-1,-1,1,1,1,1,-1,1,1,1,1,-1,1,-1,1,-1,1,1,1,-1,-1,1,1,1,1,1,-1,1,-1,-1,1,-1,1,-1,1,1,1,1,1,1,1,1,1,1,1,-1,1,-1,1,1,-1,1,-1,1,1,-1,1,-1,1,-1,1,-1,1,1,-1,-1,-1,1,1,1,1,-1,-1,1,1,-1,-1,1,-1,1,-1,-1,1,-1,1,-1,1,-1,1,-1,1,1,-1,-1,-1,1,1,-1,1,-1,1,1,1,-1,1,1,-1,1,-1,1,-1,1,-1,1,-1,1,1,-1,1,-1,-1,-1,1,1,-1,1,-1,-1,-1,1,1,-1,-1,1,1,-1,-1,1,1,-1,1,1,-1,1,1,1,1,-1,1,-1,1,1,-1,1,-1,1,1,1,1,1,1,1,1,-1,-1,1,-1,-1,-1,1,1,-1,1,1,1,-1,1,1,1,1,1,1,1,1,-1,1,1,1,-1,-1,1,-1,1,1,1,-1,1,1,-1,-1,1,1,1,-1,1,-1,1,1,1,-1,1,1,-1,1,1,1,-1,1,1,-1,1,1,1,-1,1,1,-1,-1,1,1,-1,1,1,-1,1,-1,1,-1,1,1,1,-1,1,1,1,1,1,1,-1,1,1,-1,1,-1,1,-1,-1,-1,-1,1,1,1,-1,1,1,-1,1,1,-1,-1,1,1,1,1,1,-1,1,1,1,-1,1,1,1,1,-1,1,1,1,-1,1,-1,1,-1,1,1,1,1,-1,-1,-1,1,-1,-1,1,1,-1,1,1,1,1,1,1,1,-1,1,-1,-1,1,-1,1,-1,1,1,1,1,1,1,-1,-1,1,-1,1,1,1,-1,1,1,1,-1,1,1,-1,-1,1,-1,1,1,1,-1,1,1,1,1,1,1,-1,1,-1,-1,1,1,-1,1,1,-1,-1,1,1,-1,-1,1,-1,1,1,1,-1,-1,1,-1,-1,1,1,-1,-1,1,-1,1,1,1,1,-1,1,-1,-1,-1,1,1,-1,1,-1,1,-1,1,-1,-1,1,-1,-1,1,-1,1,-1,-1,1,-1,1,-1,1,-1,1,1,-1,-1,1,1,1,-1,1,-1,1,-1,1,-1,1,-1,-1,-1,1,-1,-1,1,1,1,-1,1,-1,1,1,1,-1,1,1,-1,1,-1,1,-1,-1,1,-1,-1,1,1,1,-1,1,-1,-1,1,1,-1,-1,1,-1,-1,1,1,-1,-1,1,-1,-1,-1,1,1,-1,1,1,-1,-1,1,-1,-1,1,-1,1,-1,1,1,-1,-1,1,-1,-1,-1,-1,-1,1,1,1,-1,1,1,-1,-1,1,-1,-1,-1,-1,-1,1,1,-1,-1,-1,-1,-1,1,1,-1,1,1,-1,-1,-1,1,1,-1,-1,-1,-1,-1,1,-1,-1,1,-1,-1,-1,1,1,-1,-1,-1,-1,-1,1,-1,-1,1,-1,-1,-1,1,1,-1,1,-1,-1,1,1,1,-1,-1,-1,-1,-1,1,1,1,-1,-1,-1,-1,1,1,-1,-1,-1,-1,1,1,1,1,-1,-1,1,1,1,1,1,-1,-1,-1,1,1,1,1,1,-1,1,1,1,1,-1,1,-1,-1,1,-1,1,-1,1,-1,-1,1,-1,1,-1,-1,-1,-1,1,-1,1,-1,1,-1,-1,1,-1,1,-1,1,-1,-1,1,-1,1,-1,-1,-1,-1,1,1,-1,-1,-1,-1,-1,1,-1,1,-1,-1,-1,-1,-1,-1,-1,1,-1,-1,-1,1,-1,-1,1,-1,-1,-1,-1,-1,1,1,-1,-1,-1,-1,-1,1,-1,-1,-1,1,-1,-1,1,-1,1,-1,-1,-1,-1,-1,-1,-1,1,-1,-1,-1,1,1,1,-1,-1,1,-1,-1,-1,-1,-1,1,-1,-1,1,-1,1,-1,-1,-1,-1,1,-1,1,1,-1,1,-1,-1,1,1,-1,-1,-1,-1,-1,-1,1,1,-1,-1,1,-1,1,1,-1,-1,-1,1,-1,-1,1,-1,-1,1,-1,-1,1,1,1,-1,1,-1,1,1,1,-1,-1,1,-1,-1,1,1,1,-1,1,-1,-1,1,1,-1,1,1,-1,-1,1,1,-1,1,1,-1,-1,1,1,-1,1,1,-1,-1,1,1,1,1,1,1,-1,1,1,1,-1,1,-1,-1,1,-1,1,1,1,1,-1,-1,1,-1,1,1,1,-1,1,-1,1,1,-1,1,-1,1,1,1,1,1,1,1,-1,-1,1,1,1,-1,1,-1,1,1,1,1,1,-1,1,-1,1,1,-1,1,1,-1,-1,1,-1,1,1,-1,-1,1,1,1,1,-1,1,-1,-1,1,1,-1,-1,1,-1,1,1,1,-1,1,-1,-1,-1,1,1,-1,-1,1,-1,-1,1,1,1,-1,1,-1,-1,-1,1,1,-1,1,-1,-1,1,1,-1,-1,-1,1,-1,-1,1,-1,1,1,-1,1,1,-1,-1,1,-1,-1,-1,1,1,-1,1,1,-1,1,1,-1,-1,-1,-1,1,-1,-1,-1,-1,1,-1,-1,1,1,-1,1,1,-1,1,1,1,1,-1,1,-1,1,1,1,1,-1,1,-1,-1,1,1,1,-1,1,-1,1,1,1,1,-1,1,-1,1,1,1,-1,-1,1,-1,-1,1,1,-1,-1,-1,1,-1,1,1,1,-1,1,-1,-1,1,-2670.0,1,2000,445,1500,False
1350,1,1,-1,-1,1,1,-1,-1,1,1,1,-1,1,1,1,1,-1,1,-1,-1,-1,-1,1,1,1,-1,-1,-1,1,1,1,1,-1,-1,-1,-1,1,1,1,1,-1,-1,-1,1,1,1,1,-1,1,1,1,1,-1,1,-1,-1,1,-1,1,1,1,-1,-1,-1,1,1,1,1,-1,-1,-1,1,1,1,1,-1,-1,-1,1,1,1,-1,-1,-1,1,1,1,1,-1,-1,-1,1,1,1,1,-1,-1,1,1,-1,1,1,-1,-1,1,1,1,1,1,-1,-1,-1,1,-1,1,1,-1,-1,1,1,1,1,1,1,-1,-1,1,1,-1,1,1,-1,1,1,1,1,1,1,-1,1,1,1,1,1,1,-1,1,1,1,1,1,1,-1,-1,-1,1,1,1,1,-1,1,1,1,1,-1,1,-1,1,-1,1,1,1,-1,-1,1,1,1,1,1,-1,1,-1,-1,1,-1,1,-1,1,1,1,1,1,1,1,1,1,-1,1,-1,1,-1,1,1,-1,1,-1,1,1,-1,1,-1,1,-1,1,-1,1,1,-1,-1,-1,1,1,1,1,-1,-1,1,1,-1,-1,1,-1,1,-1,-1,1,-1,1,-1,1,-1,1,-1,-1,1,-1,-1,-1,1,1,-1,1,-1,1,1,1,-1,1,1,-1,1,-1,1,-1,1,-1,1,-1,1,1,-1,1,-1,-1,-1,1,1,-1,1,-1,-1,-1,1,1,-1,-1,1,1,-1,-1,1,1,-1,1,1,-1,1,1,1,1,-1,1,-1,1,1,-1,1,-1,1,-1,1,1,1,1,1,1,-1,-1,1,-1,-1,1,1,1,-1,1,1,1,-1,1,1,1,1,1,1,1,1,-1,1,1,1,-1,1,1,-1,1,1,1,-1,1,1,-1,-1,1,1,1,-1,1,-1,1,1,1,-1,1,1,-1,1,1,1,-1,1,1,-1,1,1,1,-1,1,1,-1,-1,1,1,-1,1,1,-1,1,-1,1,-1,1,1,1,-1,1,1,1,1,1,1,-1,1,1,-1,1,-1,1,-1,-1,-1,-1,1,1,1,-1,1,1,-1,1,1,-1,-1,1,1,1,1,1,-1,1,1,1,-1,1,1,1,-1,-1,1,1,1,-1,1,-1,1,1,1,1,1,1,-1,-1,-1,1,-1,-1,1,1,-1,1,1,1,1,1,1,1,-1,1,-1,-1,1,-1,1,-1,1,1,1,1,1,1,-1,-1,1,-1,1,1,1,-1,1,1,1,-1,1,1,-1,-1,1,-1,1,1,1,-1,1,1,1,1,1,1,-1,1,-1,-1,1,1,-1,-1,1,-1,1,1,1,-1,-1,1,-1,1,1,1,-1,-1,1,-1,-1,1,1,-1,-1,1,-1,1,1,1,1,-1,1,1,-1,1,1,1,-1,-1,-1,-1,1,1,-1,-1,1,-1,-1,1,-1,1,-1,-1,1,-1,1,-1,1,-1,-1,1,-1,-1,1,1,1,-1,1,-1,1,-1,1,1,1,-1,-1,-1,1,-1,-1,1,1,1,-1,1,-1,1,1,1,-1,1,1,-1,1,-1,1,-1,-1,1,-1,-1,1,1,1,-1,1,-1,-1,1,1,-1,-1,1,-1,-1,1,1,-1,-1,1,-1,-1,-1,1,1,-1,1,1,-1,-1,1,-1,-1,1,-1,1,-1,1,1,-1,-1,1,-1,-1,-1,-1,-1,1,1,1,-1,-1,1,-1,-1,1,-1,-1,1,-1,-1,1,1,-1,-1,1,1,-1,1,1,-1,1,-1,1,-1,-1,1,1,-1,-1,-1,-1,-1,1,-1,-1,1,-1,-1,-1,1,1,-1,-1,-1,-1,-1,1,-1,-1,-1,-1,-1,-1,1,1,-1,-1,-1,-1,1,1,1,-1,-1,-1,-1,-1,1,1,1,-1,-1,-1,-1,1,1,-1,-1,-1,-1,1,1,1,1,-1,-1,1,1,1,1,1,-1,-1,-1,1,1,1,1,1,-1,1,1,1,1,-1,1,-1,-1,1,-1,1,-1,1,-1,-1,1,-1,1,-1,-1,-1,-1,1,-1,1,-1,1,-1,-1,1,-1,1,-1,1,-1,-1,1,-1,1,-1,-1,-1,-1,1,1,-1,-1,-1,-1,-1,1,-1,1,-1,-1,-1,-1,-1,-1,-1,1,-1,-1,-1,1,-1,-1,1,-1,-1,-1,-1,-1,-1,1,-1,-1,-1,-1,-1,1,-1,-1,-1,1,-1,-1,1,-1,1,-1,-1,-1,-1,-1,-1,-1,1,-1,-1,-1,1,1,-1,-1,-1,1,1,-1,-1,-1,-1,1,-1,-1,1,1,1,-1,-1,-1,-1,1,-1,1,1,-1,1,-1,-1,1,1,-1,-1,-1,-1,-1,-1,1,1,-1,-1,1,-1,1,1,-1,-1,-1,1,-1,-1,1,-1,-1,1,-1,-1,1,1,1,-1,1,-1,1,1,1,-1,-1,1,-1,-1,1,-1,1,-1,1,-1,-1,1,1,-1,1,1,-1,-1,1,1,-1,1,1,-1,-1,1,1,-1,1,1,-1,-1,1,1,1,1,-1,1,-1,-1,1,1,1,1,-1,-1,1,-1,1,1,1,1,-1,-1,1,-1,1,1,1,-1,1,1,1,1,-1,1,-1,1,1,1,1,1,1,1,-1,1,1,1,1,-1,1,-1,1,1,1,1,1,-1,1,1,1,1,-1,1,1,-1,1,1,-1,1,1,-1,-1,1,1,1,1,-1,1,-1,1,1,1,-1,-1,1,-1,1,1,1,-1,1,-1,-1,-1,1,1,-1,-1,1,-1,-1,1,1,1,-1,1,-1,-1,1,1,1,-1,1,-1,-1,1,1,-1,-1,-1,1,-1,1,1,-1,1,1,-1,1,1,-1,-1,1,-1,-1,-1,1,1,-1,1,1,-1,1,1,-1,-1,-1,-1,1,-1,-1,-1,-1,1,-1,-1,1,1,-1,1,1,-1,1,1,1,1,-1,1,-1,1,1,1,-1,-1,1,-1,-1,1,1,-1,-1,1,-1,1,1,1,-1,-1,1,-1,1,1,1,1,-1,1,-1,-1,1,1,-1,-1,-1,1,-1,1,1,1,-1,1,-1,-1,1,-2670.0,1,2000,445,1500,False
1351,1,1,-1,-1,1,1,-1,-1,1,1,1,-1,-1,1,1,1,-1,1,-1,-1,-1,-1,1,1,1,-1,-1,-1,1,1,1,1,1,-1,-1,-1,1,-1,1,1,-1,-1,-1,1,1,1,1,-1,1,1,1,1,-1,1,-1,-1,1,-1,1,1,1,-1,-1,-1,1,1,1,1,-1,-1,-1,1,1,1,1,-1,-1,-1,1,1,1,-1,-1,-1,1,1,1,1,-1,1,-1,1,1,1,1,-1,-1,1,1,-1,1,1,-1,-1,1,1,1,1,1,-1,-1,1,1,-1,1,1,-1,-1,1,1,1,1,1,1,-1,1,1,1,-1,1,1,-1,1,1,1,1,1,1,-1,-1,1,1,1,1,1,-1,1,1,1,1,1,1,-1,-1,-1,1,1,1,1,-1,1,1,1,1,-1,1,-1,1,-1,1,1,1,-1,-1,1,1,1,1,1,-1,1,-1,-1,1,-1,1,-1,1,1,1,1,1,1,1,1,1,-1,1,-1,1,-1,1,1,-1,1,-1,1,1,-1,1,-1,1,-1,1,-1,1,1,-1,-1,-1,1,1,1,1,-1,-1,1,1,-1,-1,1,-1,1,-1,-1,1,-1,1,-1,1,-1,1,-1,-1,1,-1,-1,-1,1,1,-1,1,-1,1,1,1,-1,1,1,-1,-1,-1,1,-1,1,-1,1,-1,1,1,-1,1,-1,-1,-1,1,1,-1,1,-1,-1,-1,1,1,-1,-1,1,1,-1,-1,1,1,-1,1,1,-1,1,1,1,1,-1,1,-1,1,1,-1,1,-1,1,1,1,1,1,1,1,1,-1,-1,1,-1,-1,1,1,1,-1,1,1,1,-1,1,1,1,1,1,1,-1,1,-1,1,1,1,-1,1,1,-1,1,1,1,-1,1,1,-1,-1,1,1,1,-1,1,-1,1,1,1,-1,1,1,-1,1,1,1,-1,1,1,-1,1,1,1,-1,1,1,-1,-1,1,1,-1,1,1,-1,1,-1,1,-1,1,1,1,-1,1,1,1,-1,1,1,-1,1,1,-1,1,1,1,-1,-1,-1,-1,1,1,1,-1,1,1,-1,1,1,-1,-1,1,1,1,1,1,-1,1,1,1,-1,1,1,1,1,-1,1,1,1,-1,1,-1,1,1,1,1,1,1,-1,-1,-1,1,-1,-1,1,1,-1,1,1,-1,1,1,1,1,-1,1,-1,-1,1,-1,1,-1,1,1,-1,1,1,1,-1,-1,1,-1,1,1,1,-1,1,1,1,-1,1,1,-1,-1,1,-1,1,1,1,-1,1,1,1,1,1,1,-1,1,-1,1,1,1,-1,-1,1,-1,1,1,1,-1,-1,1,-1,1,1,1,-1,-1,1,-1,-1,1,1,-1,-1,1,-1,1,1,1,1,-1,1,-1,-1,1,1,1,-1,-1,-1,-1,1,1,-1,-1,1,-1,-1,1,-1,1,-1,-1,1,-1,1,-1,1,-1,-1,1,-1,-1,1,1,1,-1,1,-1,1,-1,-1,1,1,-1,-1,-1,1,-1,-1,1,1,1,-1,1,-1,1,1,1,-1,1,1,-1,1,-1,1,-1,-1,1,-1,-1,1,1,1,-1,1,-1,-1,1,1,-1,-1,1,-1,-1,1,1,-1,-1,1,-1,-1,-1,1,1,-1,1,1,-1,-1,1,-1,-1,1,-1,1,-1,1,1,-1,-1,1,-1,-1,-1,-1,-1,1,1,1,-1,-1,1,-1,-1,1,-1,-1,1,-1,-1,1,1,-1,-1,1,1,-1,1,1,-1,1,-1,1,-1,-1,1,1,-1,-1,-1,-1,1,1,-1,-1,1,-1,-1,-1,1,1,-1,-1,-1,-1,-1,1,-1,-1,-1,-1,-1,-1,1,1,-1,-1,-1,-1,1,1,1,-1,-1,-1,-1,-1,1,1,1,-1,-1,-1,-1,1,1,-1,-1,-1,-1,1,1,1,1,-1,-1,1,1,1,1,1,-1,-1,-1,1,1,1,-1,1,-1,1,1,1,1,-1,1,-1,-1,1,-1,1,-1,1,-1,-1,1,-1,1,-1,-1,-1,-1,1,-1,1,-1,1,1,-1,1,-1,1,-1,1,1,-1,1,-1,1,-1,-1,-1,-1,1,1,-1,-1,-1,-1,-1,1,-1,1,-1,-1,-1,-1,-1,-1,-1,1,-1,-1,-1,1,-1,-1,1,-1,-1,-1,-1,-1,-1,1,-1,-1,-1,-1,-1,1,-1,-1,-1,1,-1,-1,1,-1,1,-1,-1,-1,-1,-1,-1,-1,1,-1,-1,-1,1,1,-1,-1,-1,1,1,-1,-1,-1,-1,1,-1,-1,1,-1,1,-1,-1,-1,-1,1,-1,1,1,-1,1,-1,-1,1,1,-1,-1,-1,-1,-1,-1,1,1,-1,-1,1,-1,1,1,-1,-1,-1,1,-1,-1,1,-1,-1,1,-1,-1,1,1,1,-1,1,-1,1,1,1,-1,-1,1,-1,-1,1,1,1,-1,1,-1,-1,1,1,-1,1,1,-1,-1,1,1,1,1,1,-1,-1,1,1,1,1,1,-1,-1,1,1,1,1,-1,1,-1,-1,1,1,-1,1,-1,-1,1,-1,1,1,1,1,-1,-1,1,-1,1,1,1,-1,1,1,1,1,-1,1,-1,1,1,1,1,1,1,1,-1,1,1,1,1,-1,1,-1,1,1,1,1,1,-1,1,1,1,1,-1,1,1,-1,1,1,-1,1,1,-1,-1,1,1,1,1,-1,1,-1,1,1,1,-1,-1,1,-1,1,1,1,-1,1,-1,-1,-1,1,1,-1,-1,1,-1,-1,1,1,-1,-1,1,-1,-1,1,1,1,-1,1,-1,-1,1,1,-1,-1,-1,1,-1,1,1,-1,1,1,-1,1,1,-1,-1,1,1,-1,-1,-1,1,-1,1,1,-1,1,1,-1,-1,-1,-1,1,-1,-1,-1,-1,1,-1,-1,1,1,-1,1,1,-1,1,1,1,1,-1,1,-1,1,1,1,1,-1,1,-1,-1,1,1,1,-1,1,-1,1,1,1,1,-1,1,-1,1,1,1,-1,-1,1,-1,-1,1,1,-1,-1,-1,1,-1,1,1,1,-1,1,-1,-1,1,-2670.0,1,2000,445,1500,False
1352,1,1,-1,-1,1,1,-1,-1,1,1,1,-1,1,1,1,1,-1,1,-1,-1,-1,-1,1,1,1,-1,1,-1,1,1,1,1,1,-1,-1,-1,1,-1,1,1,-1,-1,-1,1,1,1,1,-1,1,1,1,1,-1,1,-1,-1,1,-1,1,1,1,-1,-1,-1,1,1,1,1,-1,-1,-1,1,1,1,1,-1,-1,-1,1,1,1,-1,-1,-1,1,1,1,1,-1,-1,-1,1,1,1,1,-1,-1,1,1,-1,1,1,-1,-1,1,1,1,1,1,-1,-1,1,1,1,1,1,-1,-1,1,1,1,1,1,1,-1,1,1,1,-1,1,1,-1,1,1,1,1,1,1,-1,-1,1,1,1,1,1,-1,1,1,1,1,1,1,-1,-1,-1,1,1,1,1,-1,1,1,1,1,-1,1,-1,1,-1,1,1,1,-1,-1,1,1,1,1,1,-1,1,-1,-1,1,-1,1,-1,1,1,1,1,1,1,1,1,1,-1,1,-1,1,-1,1,1,-1,1,-1,1,1,-1,1,-1,1,-1,1,-1,1,1,-1,-1,-1,1,1,1,1,-1,-1,1,1,-1,-1,1,-1,1,-1,-1,1,-1,1,-1,1,-1,1,-1,1,1,-1,-1,-1,1,1,-1,1,-1,1,1,1,-1,1,1,-1,-1,-1,1,-1,1,-1,1,-1,1,1,-1,1,-1,-1,-1,1,1,-1,1,-1,-1,-1,1,1,-1,-1,1,1,-1,-1,1,1,-1,1,1,-1,1,1,1,1,-1,1,-1,1,1,-1,1,-1,1,1,1,1,1,1,1,1,-1,-1,1,-1,-1,-1,1,1,-1,1,1,1,-1,1,1,1,1,1,1,1,1,-1,1,1,1,-1,1,1,-1,1,1,1,-1,1,1,-1,-1,1,1,1,-1,1,-1,1,1,1,-1,1,1,-1,1,1,1,-1,1,1,-1,1,1,1,-1,1,1,-1,-1,1,1,-1,1,1,-1,1,-1,1,-1,1,1,1,-1,1,1,1,1,1,1,-1,1,1,-1,1,1,1,-1,-1,-1,-1,1,1,1,-1,1,1,-1,1,1,-1,-1,1,1,1,1,1,-1,1,1,1,-1,1,1,1,-1,-1,1,1,1,-1,1,-1,1,1,1,1,1,1,-1,-1,-1,1,-1,-1,1,1,-1,1,1,1,1,1,1,1,-1,1,-1,-1,1,-1,1,-1,1,1,1,1,1,1,-1,-1,1,-1,1,1,1,-1,1,1,1,-1,1,1,-1,-1,1,-1,1,1,1,-1,1,1,1,1,1,1,-1,1,-1,1,1,1,-1,-1,1,-1,-1,1,1,-1,-1,1,-1,1,1,1,-1,-1,1,-1,-1,1,1,-1,-1,1,-1,1,1,1,1,-1,1,1,-1,-1,1,1,-1,-1,-1,1,-1,1,-1,-1,1,-1,-1,1,-1,1,-1,-1,1,-1,1,-1,1,1,-1,1,-1,-1,1,1,1,-1,1,-1,1,-1,-1,-1,1,-1,-1,-1,1,-1,-1,-1,1,1,-1,1,-1,1,1,1,-1,1,1,-1,-1,-1,1,-1,-1,1,-1,-1,1,1,1,-1,1,-1,-1,1,1,-1,-1,1,-1,-1,1,1,-1,-1,1,-1,-1,-1,1,1,-1,1,-1,-1,-1,1,-1,-1,1,-1,1,-1,1,1,-1,-1,1,-1,-1,-1,-1,-1,1,1,1,-1,1,1,-1,-1,1,-1,-1,-1,-1,-1,1,1,-1,-1,-1,-1,-1,1,1,-1,1,1,1,-1,-1,1,1,-1,-1,-1,-1,1,1,-1,-1,1,-1,-1,-1,1,1,-1,-1,-1,-1,-1,1,-1,-1,1,-1,-1,-1,1,1,-1,1,-1,-1,1,1,1,-1,-1,-1,-1,-1,1,1,1,-1,-1,-1,-1,1,1,-1,-1,-1,-1,1,1,1,1,-1,-1,1,1,1,1,1,-1,-1,-1,1,1,1,-1,1,-1,1,1,1,1,-1,1,-1,-1,1,-1,1,-1,1,-1,-1,1,-1,1,-1,-1,-1,-1,1,-1,1,-1,1,1,-1,1,-1,1,-1,1,1,-1,1,-1,1,-1,-1,-1,-1,1,1,-1,-1,-1,-1,-1,1,-1,1,-1,-1,-1,-1,-1,-1,-1,1,-1,-1,-1,1,-1,-1,1,-1,-1,-1,-1,-1,1,1,-1,-1,-1,-1,-1,1,-1,-1,-1,1,-1,-1,1,-1,1,-1,-1,-1,-1,-1,-1,-1,1,-1,-1,-1,1,1,-1,-1,-1,1,1,-1,-1,-1,-1,1,-1,-1,1,1,1,-1,-1,-1,-1,1,-1,1,1,-1,1,-1,-1,1,1,-1,-1,-1,-1,-1,-1,1,1,-1,-1,1,-1,1,1,-1,-1,-1,1,-1,1,1,-1,-1,1,-1,-1,1,1,1,-1,1,-1,1,1,1,-1,-1,1,-1,-1,1,1,1,-1,1,-1,-1,1,1,-1,1,1,-1,-1,1,1,-1,1,1,-1,-1,1,1,1,1,1,-1,-1,1,1,1,1,1,1,-1,-1,1,1,-1,1,-1,-1,1,-1,1,1,1,1,-1,-1,1,-1,1,1,1,-1,1,1,1,1,-1,1,-1,1,1,1,1,1,1,1,-1,1,1,1,1,-1,1,-1,1,1,1,1,1,-1,1,1,1,1,-1,1,1,-1,1,1,-1,1,1,-1,-1,1,1,1,1,-1,1,-1,1,1,1,-1,-1,1,-1,1,1,1,-1,1,-1,-1,-1,1,1,-1,-1,1,-1,-1,1,1,-1,-1,1,-1,-1,-1,1,1,-1,1,-1,-1,1,1,-1,-1,-1,1,-1,-1,1,-1,1,1,-1,1,1,-1,-1,1,-1,-1,-1,1,1,-1,1,1,-1,1,1,-1,-1,-1,-1,1,-1,-1,-1,-1,-1,-1,-1,1,1,-1,1,1,-1,1,1,1,1,-1,1,-1,1,1,1,1,-1,1,-1,-1,1,1,1,-1,1,-1,1,1,1,1,-1,1,-1,1,1,1,-1,-1,1,-1,-1,1,1,-1,-1,-1,1,-1,1,-1,1,-1,1,-1,-1,1,-2670.0,1,2000,445,1000,False
1353,1,1,-1,-1,1,1,-1,-1,1,1,1,-1,1,1,1,1,-1,1,-1,-1,-1,-1,1,1,1,-1,1,-1,1,1,1,1,1,-1,-1,-1,1,-1,1,1,-1,-1,-1,1,1,1,1,-1,1,1,1,1,-1,1,-1,-1,1,-1,1,1,1,-1,-1,-1,1,1,1,1,-1,-1,-1,1,1,1,1,-1,-1,-1,1,1,1,-1,-1,-1,1,1,1,1,-1,-1,-1,1,1,1,1,-1,-1,1,1,-1,1,1,-1,-1,1,1,1,1,1,-1,-1,-1,1,1,1,1,-1,-1,1,1,1,1,1,1,-1,-1,1,1,-1,1,1,-1,1,1,1,1,1,1,-1,1,1,1,1,1,1,-1,1,1,1,1,1,1,-1,-1,-1,1,1,1,1,-1,1,1,1,1,-1,1,-1,1,-1,1,1,1,-1,-1,1,1,1,1,1,-1,1,-1,-1,1,-1,1,-1,1,1,1,1,1,1,1,1,1,-1,1,-1,1,-1,1,1,-1,1,-1,1,1,-1,1,-1,1,-1,1,-1,1,1,-1,1,-1,1,1,1,1,-1,-1,1,1,-1,-1,1,-1,1,-1,-1,1,-1,1,-1,1,-1,1,-1,-1,1,-1,-1,-1,1,1,-1,1,-1,1,1,1,-1,1,1,-1,1,-1,1,-1,1,-1,1,-1,1,1,-1,1,-1,-1,-1,1,1,-1,1,-1,-1,-1,1,1,-1,-1,1,1,-1,-1,1,1,-1,1,1,-1,1,1,1,1,-1,1,-1,1,1,-1,1,-1,1,1,1,1,1,1,1,1,-1,-1,1,-1,-1,1,1,1,-1,1,1,1,-1,1,1,1,1,1,1,1,1,-1,1,1,1,-1,1,1,-1,1,1,1,-1,1,1,-1,-1,1,1,1,-1,1,-1,1,1,1,-1,1,1,-1,1,1,1,-1,1,1,-1,1,1,1,-1,1,1,1,-1,1,1,-1,1,1,-1,1,-1,1,-1,1,1,1,-1,1,1,1,-1,1,1,-1,1,1,-1,1,1,1,-1,-1,-1,-1,1,1,1,-1,1,1,-1,1,1,-1,-1,1,1,1,1,1,-1,1,1,1,-1,1,1,1,1,-1,1,1,1,-1,1,-1,1,1,1,1,1,1,-1,-1,-1,1,-1,-1,1,1,-1,1,1,-1,1,1,1,1,-1,1,-1,-1,1,-1,1,-1,1,1,1,1,1,1,-1,-1,1,-1,1,1,1,-1,1,1,1,-1,1,1,-1,-1,1,-1,1,1,1,-1,1,1,1,1,1,1,-1,1,-1,1,1,1,-1,1,1,-1,1,1,1,-1,-1,1,-1,1,1,1,-1,-1,1,-1,-1,1,1,-1,-1,1,-1,1,1,1,1,-1,1,-1,-1,1,1,1,-1,1,-1,-1,1,1,-1,-1,1,-1,-1,1,-1,1,-1,-1,1,-1,1,-1,1,-1,1,1,-1,-1,1,1,1,-1,1,-1,1,-1,-1,1,1,-1,-1,-1,1,-1,-1,1,1,1,-1,1,-1,1,1,1,-1,1,1,-1,-1,-1,1,-1,-1,1,-1,-1,1,1,1,-1,1,-1,-1,1,1,-1,-1,1,-1,-1,1,1,-1,-1,1,-1,-1,-1,1,1,-1,1,1,-1,-1,1,-1,-1,1,-1,1,-1,1,1,-1,-1,1,-1,-1,-1,-1,-1,1,1,1,-1,-1,1,-1,-1,1,-1,-1,1,-1,-1,1,1,-1,-1,1,-1,-1,1,1,-1,1,-1,-1,-1,-1,1,1,-1,-1,-1,-1,1,1,-1,-1,1,-1,-1,-1,1,1,-1,-1,-1,-1,-1,1,-1,-1,-1,-1,-1,1,1,1,-1,-1,-1,-1,-1,1,1,-1,-1,-1,-1,-1,1,1,1,-1,-1,-1,-1,1,1,-1,-1,-1,-1,1,1,1,1,-1,-1,1,1,1,1,1,-1,-1,-1,1,1,1,-1,1,-1,1,1,1,1,-1,1,-1,-1,1,-1,1,-1,1,-1,-1,1,-1,1,-1,-1,-1,-1,1,-1,1,-1,1,1,-1,1,-1,1,-1,1,1,-1,1,-1,1,-1,-1,-1,-1,1,1,-1,-1,-1,-1,-1,1,-1,1,-1,-1,-1,-1,-1,-1,-1,1,-1,-1,-1,1,-1,-1,1,-1,-1,-1,-1,-1,-1,1,-1,-1,-1,-1,-1,1,-1,-1,-1,1,-1,-1,1,-1,1,-1,-1,-1,-1,-1,-1,-1,1,-1,-1,-1,1,1,-1,-1,-1,1,1,-1,-1,-1,-1,1,-1,-1,1,-1,1,-1,-1,-1,-1,1,-1,1,1,-1,1,-1,-1,1,1,-1,-1,-1,-1,-1,-1,1,1,-1,-1,1,-1,1,1,-1,-1,-1,1,-1,1,1,-1,-1,1,-1,-1,1,1,1,-1,1,-1,1,1,1,-1,-1,1,-1,-1,1,-1,1,-1,1,-1,-1,1,1,-1,1,1,-1,-1,1,1,-1,1,1,-1,-1,1,1,1,1,1,-1,-1,1,1,1,1,-1,1,-1,-1,1,1,1,1,-1,-1,1,-1,1,1,1,1,-1,-1,1,-1,1,1,1,-1,1,-1,1,1,-1,1,-1,1,1,1,1,1,1,1,-1,-1,1,1,1,-1,1,-1,1,1,1,1,1,-1,1,-1,1,1,-1,1,1,-1,-1,1,-1,1,1,-1,-1,1,1,1,1,-1,1,-1,-1,1,1,-1,-1,1,-1,1,1,1,-1,1,-1,-1,-1,1,1,-1,-1,1,-1,-1,1,1,-1,-1,1,-1,-1,-1,1,1,-1,1,-1,-1,1,1,-1,-1,-1,1,-1,-1,1,-1,1,1,-1,1,1,-1,-1,1,1,-1,-1,1,1,-1,1,1,-1,1,1,-1,-1,-1,-1,1,-1,-1,-1,-1,1,-1,-1,1,1,-1,1,1,-1,1,1,1,1,-1,1,-1,1,1,1,-1,-1,1,-1,1,1,1,-1,-1,1,-1,-1,1,1,-1,-1,1,-1,1,1,1,1,-1,1,-1,-1,1,1,-1,-1,-1,1,-1,1,1,1,-1,1,-1,-1,1,-2670.0,1,2000,445,1500,False
1354,1,1,-1,-1,1,-1,-1,-1,1,1,1,-1,1,1,1,1,-1,1,-1,-1,-1,-1,1,1,1,-1,-1,-1,1,1,1,1,1,-1,-1,-1,1,1,1,1,-1,-1,-1,1,1,1,1,-1,1,1,1,1,-1,1,-1,-1,1,-1,1,1,1,-1,-1,-1,1,1,1,1,-1,-1,-1,1,1,1,1,-1,-1,-1,1,1,1,-1,-1,-1,1,1,1,1,-1,-1,-1,1,1,1,1,-1,-1,1,1,-1,1,1,-1,-1,1,1,1,1,1,-1,-1,-1,1,-1,1,1,-1,-1,1,1,1,1,1,1,-1,-1,1,1,-1,1,1,-1,1,1,1,1,1,1,-1,1,1,1,1,1,1,-1,1,1,1,1,1,1,-1,-1,-1,1,1,1,1,-1,1,1,1,1,-1,1,-1,1,-1,1,1,1,-1,-1,1,1,1,1,1,-1,1,-1,-1,1,-1,1,-1,1,1,1,1,1,1,1,1,1,-1,1,-1,1,-1,1,1,-1,1,-1,1,1,-1,1,-1,1,-1,1,-1,1,1,-1,1,-1,1,1,1,1,-1,-1,1,1,-1,-1,1,-1,1,-1,-1,1,-1,1,-1,1,-1,1,-1,1,1,-1,-1,-1,1,1,-1,1,-1,1,1,1,-1,1,-1,-1,1,-1,1,-1,1,1,1,-1,1,1,-1,1,-1,-1,-1,1,1,-1,1,-1,-1,-1,1,1,-1,-1,1,1,-1,-1,1,1,-1,1,1,-1,1,1,1,1,-1,1,-1,1,1,-1,1,-1,1,1,1,1,1,1,1,1,-1,-1,1,-1,-1,-1,1,1,-1,1,1,1,-1,1,1,1,1,1,1,1,1,-1,1,1,1,-1,1,1,-1,1,1,1,-1,1,1,-1,-1,1,1,1,-1,1,-1,1,1,1,-1,1,1,-1,1,1,1,-1,1,1,-1,1,1,1,-1,1,1,-1,-1,1,1,-1,1,1,-1,1,-1,1,-1,1,-1,1,-1,1,1,1,-1,-1,1,-1,1,1,-1,1,1,1,-1,-1,-1,-1,1,-1,1,-1,1,1,-1,1,1,-1,-1,1,1,1,1,1,-1,1,1,1,-1,1,1,1,1,-1,1,1,-1,-1,1,-1,1,-1,1,-1,1,1,-1,-1,-1,1,-1,1,1,1,-1,1,1,-1,1,1,1,1,-1,1,-1,-1,1,-1,1,-1,1,-1,1,1,1,1,-1,-1,1,-1,1,1,1,-1,1,1,1,-1,1,1,-1,1,-1,-1,1,1,1,-1,-1,-1,1,1,1,1,-1,1,-1,1,1,1,-1,1,1,-1,-1,1,1,-1,-1,1,-1,1,1,1,-1,1,-1,-1,-1,1,1,-1,-1,1,-1,1,1,1,1,-1,1,-1,-1,-1,1,1,-1,-1,-1,1,-1,1,-1,-1,1,-1,-1,1,-1,1,-1,-1,1,-1,1,-1,1,-1,-1,1,-1,-1,1,1,1,-1,1,-1,1,-1,-1,-1,1,-1,-1,-1,1,-1,1,1,1,1,-1,1,-1,-1,1,1,-1,1,1,-1,1,-1,1,-1,-1,1,-1,-1,1,1,1,-1,1,-1,-1,1,1,-1,-1,1,-1,1,1,1,-1,-1,1,-1,-1,-1,1,1,-1,1,-1,-1,-1,1,-1,-1,1,-1,1,1,1,1,-1,-1,1,-1,-1,-1,-1,-1,1,1,1,-1,1,1,-1,-1,1,-1,1,-1,-1,-1,1,1,-1,-1,-1,1,-1,1,1,-1,1,1,1,-1,-1,1,1,-1,-1,-1,-1,1,1,-1,-1,1,-1,-1,-1,1,1,-1,-1,-1,-1,-1,1,-1,-1,1,-1,-1,1,1,1,-1,1,-1,-1,-1,1,1,-1,-1,-1,-1,-1,1,1,1,-1,-1,-1,-1,1,1,-1,-1,-1,-1,1,1,1,1,-1,-1,1,1,1,1,1,-1,-1,-1,1,1,1,-1,1,-1,1,1,1,1,-1,1,-1,-1,1,-1,1,-1,1,-1,-1,1,-1,1,-1,-1,-1,-1,1,-1,1,-1,1,-1,-1,1,-1,1,-1,1,-1,-1,1,-1,1,-1,-1,-1,-1,1,1,-1,-1,-1,-1,-1,1,-1,1,-1,-1,-1,-1,-1,-1,-1,1,-1,-1,-1,1,-1,-1,1,-1,-1,-1,-1,-1,1,1,-1,-1,-1,-1,-1,1,-1,-1,-1,1,-1,-1,1,-1,1,-1,-1,-1,-1,-1,-1,-1,1,-1,-1,-1,1,1,1,-1,-1,1,1,-1,-1,-1,-1,1,-1,-1,1,-1,1,-1,-1,-1,-1,1,-1,1,1,-1,1,-1,-1,1,1,-1,-1,-1,-1,-1,-1,1,1,-1,-1,1,-1,1,1,-1,-1,-1,1,-1,1,1,-1,-1,1,-1,-1,1,1,1,-1,1,-1,1,1,1,-1,-1,1,-1,-1,1,1,1,-1,1,-1,-1,1,1,-1,1,1,-1,-1,1,1,-1,1,1,-1,-1,1,1,1,1,1,-1,-1,1,1,1,1,1,1,-1,1,1,1,-1,1,-1,-1,1,-1,1,1,1,1,-1,-1,1,-1,1,1,1,-1,1,1,1,1,-1,1,-1,1,1,1,1,1,1,1,-1,1,1,1,1,-1,1,-1,1,1,1,1,1,-1,1,1,1,1,-1,1,1,-1,1,1,-1,1,1,-1,-1,1,1,1,1,-1,1,-1,1,1,1,-1,-1,1,-1,1,1,1,-1,1,-1,-1,-1,1,1,-1,-1,1,-1,-1,1,1,-1,-1,1,-1,1,1,1,1,-1,1,-1,-1,1,1,-1,-1,-1,1,1,-1,1,-1,1,1,-1,1,1,-1,-1,1,1,-1,-1,1,1,-1,1,1,1,1,1,-1,-1,-1,-1,1,-1,-1,-1,-1,-1,1,1,1,1,-1,1,1,-1,1,1,1,1,-1,1,-1,1,1,1,-1,-1,1,-1,1,1,1,-1,1,1,-1,1,1,1,-1,-1,1,-1,1,1,1,1,-1,1,-1,1,1,1,-1,-1,1,1,-1,1,-1,1,-1,1,-1,1,1,-2670.0,1,2000,445,1000,False
1355,1,1,-1,-1,1,1,-1,-1,1,1,1,-1,1,1,-1,1,-1,1,-1,-1,-1,1,1,1,1,-1,-1,-1,1,1,1,1,1,-1,-1,-1,1,1,1,1,-1,-1,-1,1,1,1,1,-1,1,1,1,1,-1,1,-1,-1,1,-1,1,1,-1,-1,-1,1,1,1,1,1,-1,-1,1,1,1,1,1,-1,-1,-1,1,1,1,-1,-1,-1,1,1,1,1,-1,1,-1,1,1,1,1,-1,-1,1,1,-1,1,1,-1,-1,1,1,1,1,1,-1,-1,1,1,-1,1,1,-1,-1,1,1,1,1,1,1,-1,1,1,1,-1,1,1,-1,1,1,1,1,1,1,-1,-1,1,1,1,1,1,-1,1,1,1,1,1,1,-1,-1,-1,1,1,1,1,-1,1,1,1,1,-1,1,-1,1,-1,1,1,1,-1,-1,1,1,1,1,1,-1,1,-1,-1,1,-1,1,-1,1,1,1,1,1,1,1,1,1,-1,1,-1,1,-1,1,1,-1,1,-1,1,1,-1,1,-1,1,-1,1,-1,1,1,-1,-1,-1,1,1,1,1,-1,-1,1,1,-1,-1,1,-1,1,-1,-1,1,-1,1,-1,1,-1,1,-1,-1,1,-1,1,-1,1,1,-1,1,-1,1,1,1,-1,1,1,-1,1,-1,1,-1,1,-1,1,-1,1,1,-1,1,-1,-1,-1,1,1,-1,1,-1,-1,-1,1,1,-1,-1,1,1,-1,-1,1,1,-1,1,1,-1,1,1,1,1,-1,1,-1,1,1,-1,1,-1,1,1,-1,1,1,1,1,1,-1,-1,1,-1,-1,1,1,1,-1,1,1,1,-1,1,-1,-1,1,1,1,1,1,-1,1,1,1,-1,1,1,-1,1,1,1,-1,1,1,-1,-1,1,1,1,-1,1,-1,1,1,1,-1,1,1,-1,1,1,1,-1,1,-1,-1,1,1,1,-1,1,-1,-1,-1,1,1,1,1,-1,-1,1,-1,1,-1,1,1,-1,-1,1,1,1,-1,1,-1,-1,1,1,-1,1,-1,-1,-1,-1,-1,-1,1,1,-1,-1,1,1,-1,1,-1,-1,-1,1,1,-1,1,1,-1,1,1,-1,1,1,-1,-1,-1,-1,1,-1,-1,1,-1,-1,1,-1,-1,1,-1,-1,1,-1,-1,1,-1,1,-1,-1,1,-1,-1,1,-1,-1,1,1,-1,1,-1,1,-1,-1,1,-1,-1,-1,-1,-1,-1,1,-1,-1,1,1,-1,-1,1,-1,1,-1,-1,1,-1,1,-1,-1,1,1,-1,-1,1,-1,-1,-1,-1,-1,1,1,-1,-1,1,1,-1,1,-1,1,-1,1,1,-1,1,-1,-1,-1,-1,-1,-1,1,-1,1,-1,1,1,-1,1,-1,-1,1,-1,-1,1,-1,1,-1,1,-1,1,-1,1,1,-1,-1,-1,1,-1,1,-1,-1,1,-1,1,1,1,1,-1,-1,-1,1,-1,1,1,-1,-1,1,1,1,-1,1,1,-1,1,1,1,1,-1,-1,1,-1,-1,-1,1,-1,-1,1,-1,-1,1,1,-1,1,-1,-1,-1,1,1,-1,1,1,-1,-1,-1,1,-1,1,1,-1,-1,-1,1,-1,-1,-1,-1,1,-1,1,-1,-1,-1,-1,-1,-1,1,-1,1,1,1,1,-1,1,-1,1,1,-1,-1,-1,1,-1,-1,1,-1,1,-1,-1,1,1,1,1,-1,-1,1,1,1,1,-1,1,-1,-1,1,1,1,-1,-1,-1,-1,1,1,1,-1,1,-1,1,-1,1,-1,1,1,-1,-1,1,1,1,-1,-1,-1,-1,1,1,1,1,-1,-1,-1,1,1,1,1,-1,-1,-1,1,1,1,-1,-1,-1,-1,1,1,1,1,-1,-1,1,1,1,1,1,-1,-1,-1,1,1,-1,1,-1,-1,-1,1,1,1,1,-1,-1,1,1,1,1,-1,-1,1,1,-1,1,1,-1,-1,-1,1,1,1,1,1,-1,1,1,1,1,1,-1,-1,-1,1,-1,1,-1,-1,-1,-1,1,-1,1,1,1,-1,-1,1,-1,1,1,-1,-1,-1,1,1,1,1,-1,-1,-1,1,-1,1,1,-1,-1,-1,1,1,-1,-1,-1,-1,-1,1,-1,1,-1,-1,-1,-1,-1,-1,-1,1,-1,-1,-1,1,-1,-1,1,-1,-1,-1,-1,-1,-1,1,-1,-1,-1,-1,-1,1,-1,-1,-1,1,-1,-1,1,-1,1,-1,-1,-1,-1,-1,-1,-1,1,-1,-1,-1,1,1,1,-1,-1,1,1,-1,-1,-1,-1,1,-1,-1,1,1,1,-1,-1,-1,-1,1,-1,1,1,-1,1,-1,-1,1,1,-1,-1,-1,-1,-1,-1,1,1,-1,-1,1,-1,1,1,-1,-1,-1,1,-1,1,1,-1,-1,1,-1,-1,1,1,1,-1,1,-1,1,1,1,-1,-1,1,-1,-1,1,1,1,-1,1,-1,-1,1,1,-1,1,1,-1,-1,1,1,1,1,1,-1,-1,1,1,1,1,1,-1,-1,1,1,1,1,-1,1,-1,1,1,1,1,1,-1,-1,1,-1,1,1,1,1,-1,1,1,-1,1,1,1,-1,1,1,1,1,-1,1,-1,1,1,1,1,1,1,1,-1,1,1,1,1,-1,1,-1,1,1,1,1,1,1,1,1,1,1,-1,1,-1,1,1,1,-1,1,1,1,1,1,1,1,1,-1,1,1,1,1,1,-1,-1,1,-1,1,1,1,-1,1,-1,1,1,1,1,-1,-1,1,1,-1,1,1,-1,-1,1,1,-1,1,1,1,-1,1,-1,1,1,1,-1,-1,-1,-1,1,1,1,-1,1,1,1,1,1,-1,-1,1,1,1,1,-1,1,-1,1,-1,1,1,1,-1,-1,-1,-1,-1,-1,-1,-1,-1,-1,-1,1,1,1,-1,1,1,-1,-1,1,1,1,-1,1,-1,1,1,1,1,-1,1,-1,1,1,1,1,-1,1,-1,1,1,1,1,-1,1,-1,1,-1,1,-1,-1,1,-1,-1,1,1,-1,-1,-1,-1,1,1,-1,1,-1,1,-1,-1,1,-2670.0,1,2000,445,0,False
1356,1,1,-1,-1,1,-1,-1,-1,1,1,1,-1,1,1,1,1,-1,1,-1,-1,1,-1,1,1,1,-1,-1,-1,1,1,1,1,1,-1,-1,-1,1,1,1,1,-1,-1,-1,1,1,1,1,-1,1,1,1,1,-1,1,-1,-1,1,-1,1,1,-1,-1,-1,-1,1,1,1,1,-1,-1,-1,1,1,1,1,-1,-1,-1,1,1,1,-1,-1,-1,1,1,1,1,-1,-1,-1,1,1,1,1,-1,-1,1,1,-1,1,1,-1,-1,1,1,1,1,1,-1,-1,1,1,-1,1,1,-1,-1,1,1,1,1,1,1,-1,-1,1,1,-1,1,1,-1,1,1,1,1,1,1,-1,-1,1,1,1,1,1,-1,1,1,1,1,1,1,-1,-1,-1,1,1,1,1,-1,1,1,1,1,-1,1,-1,1,-1,1,1,1,-1,-1,1,1,1,1,1,-1,1,-1,-1,1,-1,1,-1,1,1,1,1,1,1,1,1,1,-1,1,-1,1,-1,1,1,-1,1,-1,1,1,-1,1,-1,1,-1,1,-1,1,1,-1,1,-1,1,1,1,1,-1,-1,1,1,-1,-1,1,-1,1,-1,-1,1,-1,1,-1,1,-1,1,-1,1,1,-1,1,-1,1,1,-1,1,-1,1,1,1,-1,1,1,-1,1,-1,1,-1,1,-1,1,-1,1,1,-1,1,-1,-1,-1,1,1,-1,1,-1,-1,-1,1,1,-1,-1,1,1,-1,-1,1,1,-1,1,1,-1,1,1,1,1,-1,1,-1,1,1,-1,1,-1,1,-1,1,1,1,1,1,1,-1,-1,1,-1,-1,-1,1,1,-1,1,1,1,-1,1,1,1,1,1,1,1,1,-1,1,1,1,-1,1,1,-1,1,1,1,-1,1,1,-1,-1,1,1,1,-1,1,-1,1,1,1,-1,1,1,-1,1,1,1,-1,1,1,-1,1,1,1,-1,1,1,-1,-1,1,1,-1,1,1,-1,1,-1,1,-1,1,1,1,-1,1,1,1,-1,1,1,-1,1,1,-1,1,-1,1,-1,-1,-1,-1,1,1,1,-1,1,1,-1,1,1,-1,-1,1,1,1,1,1,-1,1,1,1,-1,1,1,1,-1,-1,1,1,1,-1,1,-1,1,1,1,1,1,1,-1,-1,-1,1,-1,-1,1,1,-1,1,1,1,1,1,1,1,-1,1,-1,-1,1,-1,1,-1,1,1,1,1,1,1,-1,-1,1,-1,1,1,1,-1,1,1,1,-1,1,1,-1,-1,1,-1,1,1,1,-1,1,1,1,1,1,1,-1,1,-1,-1,1,1,-1,-1,1,-1,-1,1,1,-1,-1,1,-1,1,1,1,-1,-1,1,-1,-1,1,1,-1,-1,1,-1,1,1,1,1,-1,1,-1,-1,-1,1,1,-1,-1,-1,1,-1,1,-1,-1,1,-1,-1,1,-1,1,-1,-1,1,-1,1,-1,1,-1,-1,1,-1,-1,1,1,1,-1,1,-1,1,-1,1,-1,1,-1,-1,-1,1,-1,-1,-1,1,1,-1,1,-1,1,1,1,-1,1,1,-1,1,-1,1,-1,-1,1,-1,-1,1,1,1,-1,1,-1,-1,1,1,-1,-1,1,-1,-1,1,1,-1,-1,1,-1,-1,-1,1,1,-1,1,1,-1,-1,1,-1,-1,1,-1,1,-1,1,1,-1,-1,1,-1,-1,-1,-1,-1,1,1,1,-1,1,1,-1,-1,1,-1,-1,-1,-1,-1,-1,1,-1,-1,-1,1,-1,1,1,-1,1,1,1,-1,-1,1,1,-1,-1,-1,-1,-1,1,-1,-1,1,-1,-1,-1,1,1,-1,-1,-1,-1,-1,1,-1,-1,1,-1,-1,1,1,1,-1,1,-1,-1,-1,1,1,-1,-1,-1,-1,-1,1,1,1,-1,-1,-1,-1,1,1,-1,-1,-1,-1,1,1,1,1,-1,-1,1,1,1,1,1,-1,-1,-1,1,1,1,1,1,-1,1,1,1,1,-1,1,-1,-1,1,-1,1,-1,1,-1,-1,1,-1,1,-1,-1,-1,-1,1,-1,1,-1,1,-1,-1,1,-1,1,-1,1,-1,-1,1,-1,1,-1,-1,-1,-1,1,1,-1,-1,-1,-1,-1,1,-1,1,-1,-1,-1,-1,-1,-1,-1,1,-1,-1,-1,1,-1,-1,1,-1,-1,-1,-1,-1,1,1,-1,-1,-1,-1,-1,1,-1,-1,-1,1,-1,-1,1,-1,1,-1,-1,-1,-1,-1,-1,-1,1,-1,-1,-1,1,1,1,-1,-1,1,-1,-1,-1,-1,-1,1,-1,-1,1,-1,1,-1,-1,-1,-1,1,-1,1,1,-1,1,-1,-1,1,1,-1,-1,-1,-1,-1,-1,1,1,-1,-1,1,-1,1,1,-1,-1,-1,1,-1,1,1,-1,-1,1,-1,-1,1,1,1,-1,1,-1,1,1,1,-1,-1,1,-1,-1,1,1,1,-1,1,-1,-1,1,1,-1,1,1,-1,-1,1,1,1,1,1,-1,-1,1,1,1,1,1,-1,-1,1,1,1,1,1,1,-1,-1,1,1,-1,1,-1,-1,1,-1,1,1,1,1,-1,-1,1,-1,1,1,1,-1,1,1,1,1,-1,1,-1,1,1,1,1,1,1,1,-1,1,1,1,1,-1,1,-1,1,1,1,1,1,-1,1,1,1,1,-1,1,1,-1,1,1,-1,1,1,-1,-1,1,1,1,1,-1,1,-1,1,1,1,-1,-1,1,-1,1,1,1,-1,1,-1,-1,-1,1,1,-1,-1,1,-1,-1,1,1,-1,-1,1,-1,-1,1,1,1,-1,1,-1,-1,1,1,-1,-1,-1,1,-1,-1,1,-1,1,1,-1,1,1,-1,-1,1,1,-1,-1,1,1,-1,1,1,-1,1,1,-1,-1,-1,-1,1,-1,-1,-1,-1,1,-1,-1,1,1,-1,1,1,-1,1,1,1,1,-1,1,-1,1,1,1,1,-1,1,-1,-1,1,1,1,-1,1,-1,1,1,1,1,-1,1,-1,1,1,-1,-1,-1,1,-1,-1,1,1,-1,-1,-1,1,-1,1,-1,1,-1,1,-1,-1,1,-2670.0,1,2000,445,0,False
1357,1,1,-1,-1,1,1,-1,-1,1,1,1,-1,1,1,1,1,-1,1,-1,-1,-1,-1,1,1,1,-1,1,-1,1,1,1,1,1,-1,-1,-1,1,1,1,-1,-1,-1,-1,1,1,1,1,-1,1,1,1,1,-1,1,-1,-1,1,-1,1,1,1,-1,-1,-1,1,1,1,1,-1,-1,-1,1,1,1,1,-1,-1,-1,1,1,1,-1,-1,-1,1,1,1,1,-1,-1,-1,1,1,1,1,-1,-1,1,1,-1,1,1,-1,-1,1,1,1,1,1,-1,-1,-1,1,1,1,1,-1,-1,1,1,1,1,1,1,-1,-1,1,1,-1,1,1,-1,1,1,1,1,1,1,-1,1,1,1,-1,1,1,-1,1,1,1,1,1,1,-1,-1,-1,1,-1,1,1,-1,1,1,1,1,-1,1,-1,1,-1,1,1,1,-1,-1,1,1,1,-1,1,-1,1,-1,-1,1,1,1,-1,1,1,1,1,-1,1,1,1,1,-1,1,-1,1,-1,1,1,-1,1,-1,1,1,-1,1,-1,1,-1,1,-1,1,1,-1,1,-1,1,1,1,1,-1,-1,1,1,-1,-1,1,-1,1,1,-1,1,-1,1,-1,1,-1,1,-1,-1,1,-1,-1,1,1,1,-1,1,-1,1,1,1,-1,1,1,-1,1,-1,1,-1,1,-1,1,-1,1,1,-1,1,-1,-1,-1,1,1,-1,1,-1,-1,-1,-1,1,-1,-1,1,1,-1,-1,1,1,-1,1,1,-1,1,1,1,1,-1,1,-1,1,1,-1,1,-1,1,1,-1,1,1,1,1,1,-1,-1,1,-1,-1,-1,1,1,-1,1,1,1,-1,1,-1,-1,1,1,1,1,1,-1,1,1,1,-1,1,1,-1,-1,1,1,-1,1,1,-1,1,-1,1,1,-1,1,-1,1,1,1,-1,1,1,-1,1,1,1,-1,1,-1,-1,1,1,1,-1,1,-1,-1,1,1,1,-1,1,-1,-1,-1,-1,1,-1,1,1,-1,1,1,1,1,-1,1,-1,-1,-1,1,-1,1,-1,-1,1,-1,-1,-1,1,1,-1,1,-1,1,-1,1,-1,1,-1,1,1,1,1,-1,1,-1,1,1,-1,1,-1,-1,-1,-1,1,1,-1,1,-1,-1,1,-1,1,-1,-1,-1,1,-1,-1,1,-1,1,-1,1,-1,1,1,-1,-1,-1,1,1,-1,1,-1,1,-1,-1,1,-1,1,-1,-1,-1,-1,1,-1,-1,1,1,-1,-1,-1,-1,1,1,-1,1,-1,1,-1,1,-1,1,-1,-1,1,-1,1,-1,-1,-1,1,1,-1,1,-1,1,-1,1,-1,1,1,-1,1,-1,1,-1,-1,1,-1,-1,-1,1,-1,1,-1,-1,1,-1,1,-1,-1,1,-1,-1,1,-1,1,-1,1,-1,1,-1,1,1,-1,1,-1,1,-1,1,-1,-1,1,-1,1,1,1,1,-1,-1,1,1,-1,1,1,1,-1,1,1,1,-1,1,1,-1,1,1,1,1,-1,-1,1,-1,-1,-1,1,-1,1,1,1,1,-1,1,-1,1,-1,-1,-1,1,1,-1,1,1,-1,-1,-1,1,-1,1,1,-1,1,-1,1,-1,-1,-1,-1,-1,-1,1,-1,-1,-1,-1,-1,-1,1,-1,1,1,1,1,-1,1,-1,1,1,-1,-1,-1,1,-1,-1,1,-1,1,-1,-1,1,1,1,1,-1,-1,1,1,1,1,-1,1,-1,-1,1,1,1,-1,-1,-1,1,1,1,1,-1,-1,-1,1,-1,1,-1,1,-1,-1,-1,1,1,1,-1,-1,-1,1,1,1,1,1,-1,-1,-1,1,1,1,1,-1,-1,-1,1,-1,1,-1,-1,-1,-1,1,1,1,1,-1,1,-1,1,-1,1,1,-1,-1,-1,1,1,-1,1,-1,-1,-1,1,1,1,1,-1,-1,1,-1,1,1,-1,-1,1,1,-1,1,1,-1,-1,-1,1,1,-1,1,1,-1,1,1,1,-1,1,-1,-1,-1,1,-1,1,-1,-1,-1,1,-1,1,-1,1,1,-1,-1,-1,1,-1,1,-1,-1,-1,1,1,-1,1,-1,-1,1,-1,-1,-1,1,-1,-1,-1,1,1,1,-1,-1,-1,-1,1,-1,-1,1,-1,-1,-1,-1,-1,-1,1,-1,-1,-1,1,-1,-1,1,-1,-1,-1,-1,-1,1,1,-1,-1,-1,-1,-1,1,-1,-1,-1,1,-1,-1,1,-1,1,-1,-1,-1,-1,-1,-1,-1,1,-1,-1,-1,1,1,1,-1,-1,1,-1,1,-1,-1,-1,1,-1,-1,1,1,1,-1,-1,-1,-1,1,-1,1,1,-1,1,-1,-1,1,1,-1,-1,-1,-1,-1,-1,1,1,-1,-1,1,-1,1,1,-1,-1,-1,1,-1,1,1,-1,-1,1,-1,-1,1,1,1,-1,1,-1,1,1,1,-1,-1,1,-1,-1,1,1,1,-1,1,-1,-1,1,1,-1,1,1,-1,-1,1,1,1,1,1,-1,-1,1,1,-1,1,1,-1,-1,1,1,1,1,-1,1,-1,1,1,1,1,1,-1,-1,1,-1,1,1,1,1,-1,-1,1,-1,1,1,1,-1,1,1,1,1,-1,1,-1,1,1,1,1,1,1,1,-1,-1,1,1,1,-1,1,-1,1,1,1,1,1,-1,1,1,1,1,-1,1,1,-1,1,1,-1,1,1,-1,-1,1,1,1,1,-1,1,-1,1,1,1,-1,-1,1,-1,1,1,1,-1,1,-1,-1,-1,1,1,-1,-1,1,-1,-1,1,1,-1,-1,1,-1,1,-1,1,1,-1,1,-1,-1,1,1,-1,-1,-1,1,1,-1,1,-1,1,1,-1,1,1,-1,-1,1,1,-1,-1,1,1,-1,1,1,1,1,1,-1,-1,-1,-1,1,-1,-1,-1,-1,-1,1,1,1,1,-1,1,1,-1,1,1,1,1,-1,1,-1,1,1,1,-1,-1,1,-1,1,1,1,-1,-1,1,-1,1,1,1,-1,-1,1,-1,1,1,1,1,-1,1,-1,1,1,1,-1,-1,-1,1,-1,1,1,1,-1,1,-1,1,1,-2670.0,1,2000,445,1500,False
1358,1,1,-1,-1,1,1,-1,-1,1,1,1,-1,1,1,1,1,-1,1,-1,-1,1,-1,1,1,1,-1,1,-1,1,1,1,1,-1,-1,-1,-1,1,-1,1,1,-1,-1,-1,1,1,1,1,-1,1,1,1,1,-1,1,-1,-1,1,-1,1,1,1,-1,-1,-1,1,1,1,1,-1,-1,-1,1,1,1,1,-1,-1,-1,1,1,1,-1,-1,-1,1,1,1,1,-1,-1,-1,1,1,1,1,-1,-1,1,1,-1,1,1,-1,-1,1,1,1,1,1,-1,-1,1,1,-1,1,1,-1,-1,1,1,1,1,1,1,-1,1,1,1,-1,1,1,-1,1,1,1,1,1,1,-1,-1,1,1,1,1,1,-1,1,1,1,1,1,1,-1,-1,-1,1,1,1,1,-1,1,1,1,1,-1,1,-1,1,-1,1,1,1,-1,-1,1,1,1,1,1,-1,1,-1,-1,1,-1,1,-1,1,1,1,1,1,1,1,1,1,-1,1,-1,1,-1,1,1,-1,1,-1,1,1,-1,1,-1,1,-1,1,1,1,1,-1,1,-1,1,-1,-1,1,-1,-1,1,1,-1,-1,1,-1,1,-1,1,-1,-1,1,-1,1,-1,1,-1,1,1,-1,-1,-1,1,-1,-1,1,-1,1,1,1,-1,1,1,-1,1,-1,1,-1,1,-1,1,-1,1,1,-1,1,-1,-1,-1,1,1,-1,1,-1,-1,-1,1,1,1,-1,1,1,-1,-1,1,1,-1,1,1,-1,1,1,1,1,-1,1,-1,1,1,1,-1,-1,1,-1,1,1,-1,1,1,1,-1,-1,1,-1,-1,-1,1,1,-1,1,1,1,-1,1,1,1,1,1,1,1,1,-1,1,1,1,-1,1,1,-1,1,1,1,-1,1,1,-1,-1,1,1,1,-1,1,-1,1,1,1,-1,1,1,-1,1,1,1,-1,1,1,-1,1,1,1,-1,1,1,-1,-1,1,1,-1,1,1,-1,1,-1,1,-1,1,1,1,-1,1,1,1,-1,1,1,-1,1,1,-1,1,-1,1,-1,-1,-1,-1,1,1,1,-1,1,1,-1,1,1,-1,-1,1,1,1,1,1,-1,1,1,1,-1,1,1,1,-1,-1,1,1,-1,-1,1,-1,1,-1,1,-1,1,1,-1,-1,-1,1,-1,-1,1,1,-1,1,1,-1,1,1,1,1,-1,1,-1,-1,1,-1,1,-1,1,-1,1,1,1,1,-1,-1,1,-1,1,1,1,-1,1,1,1,-1,1,1,-1,1,-1,-1,1,1,1,-1,-1,-1,1,1,1,1,-1,1,-1,-1,1,1,-1,1,1,1,1,1,1,-1,-1,1,-1,1,1,1,-1,1,-1,1,-1,1,1,-1,-1,1,-1,1,1,1,1,-1,1,-1,-1,1,1,1,-1,-1,-1,-1,1,1,-1,-1,1,-1,-1,1,-1,1,-1,-1,1,-1,1,-1,1,1,-1,1,-1,-1,1,1,1,-1,1,-1,1,-1,-1,-1,1,-1,-1,-1,1,-1,-1,1,1,1,-1,1,-1,1,1,1,-1,1,1,-1,1,-1,1,-1,-1,1,-1,-1,1,1,1,-1,1,-1,-1,1,1,-1,-1,1,-1,-1,1,1,-1,-1,1,-1,-1,-1,1,1,-1,1,1,-1,-1,1,-1,-1,1,-1,1,-1,1,1,-1,-1,1,-1,-1,-1,-1,-1,1,1,1,-1,-1,1,-1,-1,1,-1,-1,1,-1,-1,1,1,-1,-1,1,1,-1,1,1,-1,1,-1,1,-1,-1,1,1,-1,-1,-1,-1,1,1,-1,-1,1,-1,-1,-1,1,1,-1,-1,-1,-1,-1,1,-1,-1,-1,-1,-1,1,1,1,-1,-1,-1,-1,-1,1,1,-1,-1,-1,-1,-1,1,1,1,-1,-1,-1,-1,1,1,-1,-1,-1,-1,1,1,1,1,-1,-1,1,1,1,1,1,-1,-1,-1,1,1,1,1,1,-1,1,1,1,1,-1,1,-1,-1,1,-1,1,-1,1,-1,-1,1,-1,1,-1,-1,-1,-1,1,-1,1,-1,1,1,-1,1,-1,1,-1,1,1,-1,1,-1,1,-1,-1,-1,-1,1,1,-1,-1,-1,-1,-1,1,-1,1,-1,-1,-1,-1,-1,-1,-1,1,-1,-1,-1,1,-1,-1,1,-1,-1,-1,-1,-1,1,1,-1,-1,-1,-1,-1,1,-1,-1,-1,1,-1,-1,1,-1,1,-1,-1,-1,-1,-1,-1,-1,1,-1,-1,-1,1,1,-1,-1,-1,-1,1,-1,-1,-1,-1,1,-1,-1,1,-1,1,-1,-1,1,-1,1,-1,1,1,-1,1,-1,-1,1,1,-1,-1,-1,-1,-1,-1,1,1,-1,-1,1,-1,1,1,-1,-1,-1,-1,-1,1,1,-1,-1,-1,1,-1,1,1,1,-1,-1,-1,1,1,1,-1,-1,1,-1,-1,1,1,1,-1,1,-1,-1,1,1,-1,1,-1,-1,-1,1,1,-1,1,1,1,-1,1,1,-1,1,1,1,-1,1,1,1,1,1,1,-1,1,1,1,1,1,-1,-1,1,-1,1,1,1,1,-1,-1,1,-1,1,-1,1,-1,1,1,1,1,-1,1,-1,1,1,1,1,1,1,1,-1,1,1,1,1,-1,1,-1,1,1,1,1,1,-1,1,1,1,1,-1,1,1,-1,1,1,-1,1,1,-1,-1,1,1,1,1,-1,1,-1,1,1,1,-1,-1,1,-1,1,1,1,-1,1,-1,-1,-1,1,1,-1,-1,1,-1,-1,1,1,-1,-1,1,-1,1,-1,1,1,-1,1,-1,-1,1,1,-1,-1,-1,1,1,-1,1,-1,1,1,-1,1,1,-1,-1,1,1,-1,-1,1,1,-1,1,1,1,1,1,-1,-1,-1,-1,-1,-1,-1,-1,-1,-1,1,1,1,1,-1,1,1,-1,1,1,1,1,-1,1,-1,1,1,1,1,-1,1,-1,1,1,1,1,-1,1,-1,1,1,1,1,-1,1,-1,1,1,-1,-1,-1,1,-1,1,1,1,-1,-1,-1,1,-1,1,-1,1,-1,1,-1,1,1,-2670.0,1,2000,445,1500,False
1359,1,1,-1,-1,1,1,-1,-1,1,1,1,-1,-1,1,1,1,-1,1,1,-1,-1,-1,1,1,1,1,-1,-1,1,1,1,1,-1,-1,-1,-1,1,1,1,1,-1,-1,-1,1,1,1,1,-1,1,1,1,1,-1,1,-1,-1,1,-1,1,1,1,-1,-1,-1,1,1,1,1,-1,-1,-1,1,1,1,1,-1,-1,-1,1,1,1,-1,-1,-1,1,1,1,1,-1,-1,-1,1,1,1,1,-1,-1,1,1,-1,1,1,-1,-1,1,1,1,1,1,-1,-1,1,1,-1,1,1,-1,-1,1,1,1,1,1,1,-1,-1,1,1,-1,1,1,-1,1,1,1,1,1,1,-1,-1,1,1,1,1,1,-1,1,1,1,1,1,1,-1,-1,-1,1,1,1,1,-1,1,1,1,1,-1,1,-1,1,-1,1,1,1,-1,-1,1,1,1,1,1,-1,1,-1,-1,1,-1,1,-1,1,1,1,1,1,1,1,1,1,-1,1,-1,1,-1,1,1,-1,1,-1,1,1,-1,1,-1,1,-1,1,-1,1,1,-1,1,-1,1,1,1,1,-1,-1,1,1,-1,-1,1,-1,1,-1,-1,1,-1,1,-1,1,-1,1,-1,1,1,-1,-1,-1,1,1,-1,1,-1,1,1,1,-1,1,1,-1,1,-1,1,-1,1,-1,1,-1,1,1,-1,1,-1,-1,-1,1,1,-1,1,-1,-1,-1,1,1,-1,-1,1,1,-1,-1,1,1,-1,1,1,-1,1,1,1,1,-1,1,-1,1,1,-1,1,-1,1,-1,1,1,1,1,1,1,-1,-1,1,-1,-1,-1,1,1,-1,1,1,1,-1,1,1,1,1,1,1,1,1,-1,1,1,1,-1,1,1,-1,1,1,1,-1,1,1,-1,-1,1,1,1,-1,1,-1,1,1,1,-1,1,1,-1,1,1,1,-1,1,1,-1,1,1,1,-1,1,1,-1,-1,1,1,-1,1,1,-1,1,-1,1,-1,1,1,1,-1,1,1,1,-1,1,1,-1,1,1,-1,1,1,1,-1,-1,-1,-1,1,1,1,-1,1,1,-1,1,1,-1,-1,1,1,1,1,1,-1,1,1,1,-1,1,1,1,-1,-1,1,1,1,-1,1,-1,1,1,1,1,1,1,-1,-1,-1,1,-1,-1,1,1,-1,1,1,-1,1,1,1,1,-1,1,-1,-1,1,-1,1,-1,1,1,1,1,1,1,-1,-1,1,-1,1,1,1,-1,1,1,1,-1,1,1,-1,-1,1,-1,1,1,1,-1,1,1,1,1,1,1,-1,1,-1,-1,1,1,-1,-1,1,-1,-1,1,1,-1,-1,1,-1,1,1,1,-1,-1,1,-1,-1,1,1,-1,-1,1,-1,1,1,1,1,-1,1,1,-1,-1,1,1,-1,-1,-1,1,-1,1,-1,-1,1,-1,-1,1,-1,1,-1,-1,1,-1,1,-1,1,1,-1,1,-1,-1,1,1,1,-1,1,-1,1,-1,-1,-1,1,-1,-1,-1,1,-1,-1,-1,1,1,-1,1,-1,1,1,1,-1,1,1,-1,-1,-1,1,-1,-1,1,-1,-1,1,1,1,-1,1,-1,-1,1,1,-1,-1,1,-1,-1,1,1,-1,-1,1,-1,-1,-1,1,1,-1,1,1,-1,-1,1,-1,-1,1,-1,1,-1,1,1,-1,-1,1,-1,-1,-1,-1,-1,1,1,1,-1,1,1,-1,-1,1,-1,1,-1,-1,-1,1,1,-1,-1,-1,1,-1,1,1,-1,1,1,1,-1,-1,1,1,-1,-1,-1,-1,-1,1,-1,-1,1,-1,-1,-1,1,1,-1,-1,-1,-1,-1,1,-1,-1,1,-1,-1,1,1,1,-1,1,-1,-1,-1,1,1,-1,-1,-1,-1,-1,1,1,1,-1,-1,-1,-1,1,1,-1,-1,-1,-1,1,1,1,1,-1,-1,1,1,1,1,1,-1,-1,-1,1,1,1,-1,1,-1,1,1,1,1,-1,1,-1,-1,1,-1,1,-1,1,-1,-1,1,-1,1,-1,-1,-1,-1,1,-1,1,-1,1,-1,-1,1,-1,1,-1,1,-1,-1,1,-1,1,-1,-1,-1,-1,1,1,-1,-1,-1,-1,-1,1,-1,1,-1,-1,-1,-1,-1,-1,-1,1,-1,-1,-1,1,-1,-1,1,-1,-1,-1,-1,-1,1,1,-1,-1,-1,-1,-1,1,-1,-1,-1,1,-1,-1,1,-1,1,-1,-1,-1,-1,-1,-1,-1,1,-1,-1,-1,1,1,-1,-1,-1,1,1,-1,-1,-1,-1,1,-1,-1,1,-1,1,-1,-1,-1,-1,1,-1,1,1,-1,1,-1,-1,1,1,-1,-1,-1,-1,-1,-1,1,1,-1,-1,1,-1,1,1,-1,-1,-1,1,-1,-1,1,-1,-1,1,-1,-1,1,1,1,-1,1,-1,1,1,1,-1,-1,1,-1,-1,1,1,1,-1,1,-1,-1,1,1,-1,1,1,-1,-1,1,1,-1,1,1,-1,-1,1,1,-1,1,1,-1,-1,1,1,1,1,1,1,-1,-1,1,-1,1,1,-1,-1,1,-1,1,1,1,1,-1,-1,1,-1,1,1,1,-1,1,1,1,1,-1,1,-1,1,1,1,1,1,1,1,-1,1,1,1,1,-1,1,-1,1,1,1,1,1,-1,1,1,1,1,-1,1,1,-1,1,1,-1,1,1,-1,-1,1,1,1,1,-1,1,-1,1,1,1,-1,-1,1,-1,1,1,1,-1,1,-1,-1,-1,1,1,-1,-1,1,-1,-1,1,1,1,-1,1,-1,-1,1,1,1,-1,1,-1,-1,1,1,-1,-1,-1,1,-1,1,1,-1,1,1,-1,1,1,-1,-1,1,1,-1,-1,1,1,-1,1,1,-1,1,1,-1,-1,-1,-1,1,-1,-1,-1,-1,-1,1,-1,1,1,-1,1,1,-1,1,1,1,1,-1,1,-1,1,1,1,1,-1,1,-1,1,1,1,1,-1,1,-1,-1,1,1,1,-1,1,-1,1,1,1,-1,-1,1,-1,-1,1,1,-1,-1,-1,1,-1,1,-1,1,-1,1,-1,-1,1,-2670.0,1,2000,445,1500,False
1360,1,1,-1,-1,1,1,-1,-1,1,1,1,-1,1,1,1,1,-1,1,-1,-1,-1,-1,1,1,1,-1,-1,-1,1,1,1,1,-1,-1,-1,-1,1,-1,1,1,-1,-1,-1,1,1,1,1,-1,1,1,1,1,-1,1,-1,-1,1,-1,1,1,1,-1,-1,-1,1,1,1,1,-1,-1,-1,1,1,1,1,-1,-1,-1,1,1,1,-1,-1,-1,1,1,1,1,-1,-1,1,1,1,1,1,-1,-1,-1,1,-1,1,1,-1,-1,1,1,1,1,1,-1,-1,-1,1,1,1,1,-1,-1,1,1,1,1,1,1,-1,-1,1,1,-1,1,1,-1,1,1,1,1,1,1,-1,1,1,1,1,1,1,-1,1,1,1,1,1,1,-1,-1,-1,1,1,1,1,-1,1,1,1,1,-1,1,-1,1,-1,1,1,1,-1,-1,1,1,1,1,1,-1,1,-1,-1,1,-1,1,-1,1,1,1,1,1,1,1,1,1,-1,1,-1,1,-1,1,1,-1,1,-1,1,1,-1,1,-1,1,-1,1,-1,1,1,-1,1,-1,1,1,1,1,-1,-1,1,1,-1,-1,1,-1,1,-1,-1,1,-1,1,-1,1,-1,1,-1,1,1,-1,-1,-1,1,1,-1,1,-1,1,1,1,-1,1,1,-1,-1,-1,1,-1,1,-1,1,-1,1,1,-1,1,-1,-1,-1,1,1,-1,1,-1,-1,-1,1,1,-1,-1,1,1,-1,-1,1,1,-1,1,1,-1,1,1,1,1,-1,1,-1,1,1,-1,1,-1,1,1,-1,1,1,1,1,1,-1,-1,1,-1,-1,-1,1,1,-1,1,1,1,-1,1,-1,-1,1,1,1,1,1,-1,1,1,1,-1,-1,1,-1,1,1,1,-1,1,1,-1,-1,1,1,1,-1,1,-1,1,1,1,-1,1,1,-1,1,1,1,-1,1,-1,-1,1,1,1,-1,1,-1,-1,-1,1,1,-1,1,-1,-1,1,-1,1,-1,1,1,-1,-1,1,1,1,-1,1,-1,-1,1,1,-1,1,-1,-1,-1,-1,-1,-1,1,1,-1,-1,1,1,-1,1,-1,1,-1,1,1,1,1,-1,-1,1,1,1,-1,1,-1,-1,-1,-1,1,1,1,1,-1,-1,1,1,1,1,-1,-1,1,-1,-1,1,-1,1,-1,-1,1,-1,1,1,-1,-1,1,1,-1,1,-1,1,-1,-1,1,-1,1,1,-1,-1,-1,1,-1,-1,1,1,-1,-1,1,-1,1,1,-1,1,-1,1,-1,-1,1,1,-1,-1,1,-1,1,1,-1,-1,1,1,-1,1,-1,1,-1,1,-1,1,1,-1,1,-1,1,-1,-1,1,-1,-1,-1,1,-1,-1,1,1,1,-1,1,-1,-1,1,-1,-1,1,-1,1,-1,1,1,1,-1,1,1,-1,1,-1,1,-1,1,-1,-1,1,-1,1,1,1,1,-1,-1,1,1,-1,1,1,-1,1,1,1,1,-1,1,1,-1,1,1,1,1,1,1,1,-1,-1,-1,1,-1,-1,1,1,1,-1,1,-1,1,-1,-1,-1,1,1,-1,1,1,-1,-1,-1,1,-1,1,1,-1,1,-1,1,-1,-1,-1,-1,-1,-1,1,-1,-1,-1,-1,-1,-1,1,-1,1,1,1,1,-1,1,-1,1,1,-1,-1,-1,1,-1,-1,1,-1,1,-1,-1,1,1,1,1,-1,-1,1,1,1,1,-1,1,-1,-1,1,1,1,-1,-1,-1,1,1,1,1,-1,-1,-1,1,-1,1,-1,1,1,-1,-1,1,1,1,-1,-1,-1,1,1,1,1,1,-1,-1,-1,1,1,1,1,-1,-1,-1,1,-1,1,-1,-1,-1,1,1,1,1,1,-1,-1,-1,1,1,1,1,-1,-1,-1,1,1,-1,1,-1,-1,-1,1,1,1,1,-1,-1,1,1,1,1,-1,-1,1,1,-1,1,1,-1,-1,-1,1,1,1,1,1,-1,1,1,1,1,1,-1,-1,-1,1,-1,1,-1,-1,-1,-1,1,-1,1,1,-1,-1,-1,1,-1,1,1,-1,1,-1,1,1,1,1,-1,1,-1,1,-1,1,1,-1,-1,-1,1,1,-1,-1,-1,-1,-1,1,-1,1,-1,-1,-1,-1,-1,-1,-1,1,-1,-1,-1,1,-1,-1,1,-1,-1,-1,-1,-1,-1,1,-1,-1,-1,-1,-1,1,-1,-1,-1,1,-1,-1,1,-1,1,-1,-1,-1,-1,-1,-1,-1,1,-1,-1,-1,1,1,-1,-1,-1,1,1,-1,-1,-1,-1,1,-1,-1,1,1,1,-1,-1,-1,-1,1,-1,1,1,-1,1,-1,-1,1,1,-1,-1,-1,-1,-1,-1,1,1,-1,-1,1,-1,1,1,-1,-1,-1,1,-1,1,1,-1,-1,1,-1,-1,1,1,1,-1,1,-1,1,1,1,-1,-1,1,-1,-1,1,-1,1,-1,1,-1,-1,1,1,-1,1,1,-1,-1,1,1,-1,1,1,-1,-1,1,1,-1,1,1,-1,-1,1,1,1,1,1,1,-1,-1,1,1,-1,1,-1,-1,1,-1,1,1,1,1,-1,-1,1,-1,1,1,1,-1,1,-1,1,1,-1,1,-1,1,1,1,1,1,1,1,-1,-1,1,1,1,-1,1,-1,1,1,1,1,1,-1,1,-1,1,1,-1,1,1,-1,-1,1,-1,1,1,-1,-1,1,1,1,1,-1,1,-1,-1,1,1,-1,-1,1,-1,1,1,1,-1,1,-1,-1,-1,1,1,-1,-1,1,-1,-1,1,1,1,-1,1,-1,-1,1,1,1,-1,1,-1,-1,1,1,-1,-1,-1,1,-1,1,1,-1,1,1,-1,1,1,-1,-1,1,-1,-1,-1,1,1,-1,1,1,-1,1,1,-1,-1,-1,-1,1,-1,-1,-1,-1,1,-1,-1,1,1,-1,1,1,-1,1,1,1,1,-1,1,-1,1,1,1,-1,-1,1,-1,-1,1,1,-1,-1,1,-1,1,1,1,-1,-1,1,-1,1,1,1,1,-1,1,-1,-1,1,1,1,-1,-1,1,-1,1,-1,1,-1,1,-1,-1,1,-2670.0,1,2000,445,1500,False
1361,1,1,-1,-1,1,1,-1,-1,1,1,1,-1,1,1,1,1,-1,1,-1,-1,1,-1,1,1,1,-1,1,-1,1,1,1,1,1,-1,-1,-1,1,-1,1,-1,-1,-1,-1,1,1,1,1,-1,1,1,1,1,-1,1,-1,-1,1,-1,1,1,1,-1,-1,-1,1,1,1,1,-1,-1,-1,1,1,1,1,-1,-1,-1,1,1,1,-1,-1,-1,1,1,1,1,-1,-1,-1,1,1,1,1,-1,-1,1,1,-1,1,1,-1,-1,1,1,1,1,1,-1,-1,1,1,1,1,1,-1,-1,1,1,1,1,1,1,-1,1,1,1,-1,1,1,-1,1,1,1,1,1,1,-1,-1,1,1,1,1,1,-1,1,1,1,1,1,1,-1,-1,-1,1,1,1,1,-1,1,1,1,1,-1,1,-1,1,-1,1,1,1,-1,-1,1,1,1,1,1,-1,1,-1,-1,1,-1,1,-1,1,1,1,1,1,1,1,1,1,-1,1,-1,1,-1,1,1,-1,1,-1,1,1,-1,1,-1,1,-1,1,1,1,1,-1,1,-1,1,-1,-1,1,-1,-1,1,1,-1,-1,1,-1,1,-1,1,-1,-1,1,-1,1,-1,1,-1,1,1,-1,-1,-1,1,-1,-1,1,-1,1,1,1,-1,1,1,-1,1,-1,1,-1,1,-1,1,-1,1,1,-1,1,-1,-1,-1,1,1,-1,1,-1,-1,-1,1,1,1,-1,1,1,-1,-1,1,1,-1,1,1,-1,1,1,1,1,-1,1,-1,1,1,1,-1,-1,1,1,1,1,-1,1,1,1,-1,-1,1,-1,-1,1,1,1,-1,1,1,1,-1,1,1,1,1,1,1,1,1,-1,1,1,1,-1,1,1,-1,1,1,1,-1,1,1,-1,-1,1,1,1,-1,1,-1,1,1,1,-1,1,1,-1,1,1,1,-1,1,1,-1,1,1,1,-1,1,1,-1,-1,1,1,-1,1,1,-1,1,-1,1,-1,1,1,1,-1,1,1,1,-1,1,1,-1,1,1,-1,1,1,1,-1,-1,-1,-1,1,1,1,-1,1,1,-1,1,1,-1,-1,1,1,1,1,1,-1,1,1,1,-1,1,1,1,1,-1,1,1,1,-1,1,-1,1,1,1,-1,1,1,-1,-1,-1,1,-1,-1,1,-1,1,-1,1,-1,1,1,1,1,-1,1,-1,-1,1,-1,1,-1,1,1,-1,1,1,1,-1,-1,1,-1,1,1,-1,-1,1,1,1,-1,1,1,-1,-1,1,-1,1,1,-1,-1,1,1,1,1,-1,1,-1,1,-1,-1,1,-1,-1,-1,1,-1,1,1,-1,-1,-1,1,-1,1,1,1,-1,-1,1,1,-1,1,-1,-1,-1,1,-1,1,1,-1,1,-1,1,1,-1,1,-1,-1,-1,-1,-1,-1,1,-1,-1,-1,1,-1,-1,1,-1,-1,-1,-1,1,-1,1,-1,-1,-1,-1,1,-1,-1,1,1,1,-1,1,-1,1,-1,1,1,1,-1,-1,-1,1,-1,-1,1,1,1,-1,1,-1,1,1,1,-1,1,1,-1,1,-1,1,-1,-1,1,-1,-1,1,1,1,-1,1,-1,-1,1,1,-1,-1,1,-1,-1,1,1,-1,-1,1,-1,-1,-1,1,1,-1,1,1,-1,-1,1,-1,-1,1,-1,1,-1,1,1,-1,-1,1,-1,-1,-1,-1,-1,1,1,1,-1,-1,1,-1,-1,1,-1,-1,1,-1,-1,1,1,-1,-1,1,-1,-1,1,1,-1,1,-1,-1,-1,-1,1,1,-1,-1,-1,-1,-1,1,-1,-1,1,-1,-1,-1,1,1,-1,-1,-1,-1,-1,1,-1,-1,-1,-1,-1,1,1,1,-1,-1,-1,-1,-1,1,1,-1,-1,-1,-1,-1,1,1,1,-1,-1,-1,-1,1,1,-1,-1,-1,-1,1,1,1,1,1,-1,1,1,1,1,1,1,-1,-1,1,1,1,1,-1,-1,1,1,1,1,-1,1,-1,-1,1,-1,1,-1,1,-1,-1,1,-1,1,1,1,-1,-1,1,-1,1,-1,1,1,-1,1,-1,1,1,1,1,-1,1,-1,1,1,1,-1,-1,1,1,-1,1,1,-1,-1,1,-1,1,-1,1,-1,-1,-1,-1,-1,1,1,-1,-1,1,-1,-1,1,1,-1,-1,-1,-1,1,-1,1,-1,-1,-1,-1,1,-1,-1,-1,1,-1,-1,1,-1,1,-1,-1,-1,-1,-1,-1,1,1,-1,-1,-1,1,1,1,-1,-1,-1,1,-1,-1,1,-1,1,-1,-1,1,1,1,-1,-1,1,-1,1,-1,1,1,-1,1,-1,-1,1,1,-1,-1,-1,-1,-1,-1,1,1,-1,-1,1,-1,1,1,-1,-1,-1,-1,-1,1,1,-1,-1,-1,1,-1,1,1,1,-1,-1,-1,1,1,1,-1,-1,1,-1,-1,1,1,1,-1,1,-1,-1,1,1,-1,1,-1,-1,-1,1,1,1,1,1,1,-1,1,1,-1,1,1,1,-1,1,1,1,1,1,1,-1,-1,1,1,1,1,-1,-1,1,-1,1,1,1,1,-1,-1,1,-1,1,-1,1,-1,1,1,1,1,-1,1,-1,1,1,1,1,1,1,1,-1,1,1,1,1,-1,1,-1,1,1,1,1,1,-1,1,1,1,1,-1,1,1,-1,1,1,-1,1,1,-1,-1,1,1,1,1,-1,1,-1,1,1,1,-1,-1,1,-1,1,1,1,-1,1,-1,-1,-1,1,1,-1,-1,1,-1,-1,1,1,-1,-1,1,-1,-1,-1,1,1,-1,1,-1,-1,1,1,-1,-1,-1,1,-1,-1,1,-1,1,1,-1,1,1,-1,-1,1,1,-1,-1,1,1,-1,1,1,-1,1,1,-1,-1,-1,-1,1,-1,-1,-1,-1,-1,1,-1,1,1,-1,1,1,-1,1,1,1,1,-1,1,-1,1,1,1,1,-1,1,-1,-1,1,1,1,-1,1,-1,1,1,1,1,-1,1,-1,1,1,-1,-1,-1,1,-1,-1,1,1,-1,-1,-1,1,-1,1,-1,1,-1,1,-1,1,1,-2670.0,1,2000,445,1000,False
1362,1,1,-1,-1,1,-1,-1,-1,1,1,1,-1,1,1,-1,1,-1,1,1,-1,-1,1,1,1,1,1,-1,-1,1,1,1,1,-1,-1,-1,-1,1,1,1,1,-1,-1,-1,1,1,1,1,-1,1,1,1,1,-1,1,-1,-1,1,-1,1,1,1,-1,-1,1,1,1,1,1,-1,-1,1,1,1,1,1,-1,-1,-1,1,1,1,-1,-1,-1,1,1,1,1,-1,-1,-1,1,1,1,1,-1,-1,1,1,-1,1,1,-1,-1,1,1,1,1,1,-1,-1,-1,1,-1,1,1,-1,-1,1,1,1,1,1,1,-1,-1,1,1,-1,1,1,-1,1,1,1,1,1,1,-1,1,1,1,1,1,1,-1,1,1,1,1,1,1,-1,-1,-1,1,1,1,1,-1,1,-1,1,1,-1,1,-1,1,-1,1,1,1,-1,-1,1,1,1,1,1,-1,1,-1,-1,1,-1,1,-1,1,1,1,1,1,1,1,1,1,-1,1,-1,1,-1,1,1,-1,1,-1,1,1,-1,1,-1,1,-1,1,-1,1,1,-1,-1,-1,1,1,1,1,-1,-1,1,1,-1,-1,1,-1,1,-1,-1,1,-1,1,-1,1,-1,1,-1,1,1,-1,-1,-1,1,1,-1,1,-1,1,1,1,-1,1,1,-1,1,-1,1,-1,1,-1,1,-1,1,1,-1,1,-1,-1,-1,1,1,-1,1,-1,-1,-1,1,1,-1,-1,1,1,-1,-1,1,1,-1,1,1,-1,1,1,1,1,-1,1,-1,1,1,-1,1,-1,1,-1,1,1,1,1,1,1,-1,-1,1,-1,-1,-1,1,1,-1,1,1,1,-1,1,1,1,1,1,1,1,1,-1,1,1,1,-1,1,1,-1,1,1,1,-1,1,1,-1,-1,1,1,1,-1,1,-1,1,1,1,-1,1,1,-1,1,1,1,-1,1,1,-1,1,1,1,-1,1,1,-1,-1,1,1,-1,1,1,-1,1,-1,1,-1,1,1,1,-1,1,1,1,-1,1,1,-1,1,1,-1,1,1,1,-1,-1,-1,-1,1,1,1,-1,1,1,-1,1,1,-1,-1,1,1,1,1,1,-1,1,1,1,-1,1,1,1,-1,-1,1,1,1,-1,1,-1,1,1,1,-1,1,1,-1,-1,-1,1,-1,-1,1,-1,1,-1,1,-1,1,1,1,1,-1,1,-1,-1,1,-1,1,-1,1,1,1,1,1,1,-1,-1,1,-1,1,1,-1,-1,1,1,1,-1,1,1,-1,-1,1,-1,1,1,-1,-1,1,1,1,1,-1,1,-1,1,-1,1,1,-1,1,-1,1,-1,1,1,-1,-1,-1,1,-1,1,1,1,-1,-1,1,1,-1,1,-1,-1,-1,1,-1,1,1,-1,1,-1,1,-1,-1,1,-1,-1,-1,-1,-1,-1,1,-1,-1,-1,1,-1,-1,1,-1,-1,-1,-1,1,-1,1,-1,-1,-1,-1,1,-1,-1,1,1,1,-1,1,-1,1,-1,1,-1,1,-1,-1,1,1,-1,-1,1,1,-1,1,1,-1,1,1,1,-1,1,1,-1,1,-1,1,-1,-1,1,-1,-1,1,1,-1,-1,1,-1,-1,1,1,1,-1,1,-1,-1,1,1,-1,-1,1,-1,-1,-1,1,1,-1,1,1,-1,-1,1,-1,-1,1,-1,1,-1,1,1,-1,-1,1,-1,-1,-1,-1,-1,1,1,1,-1,-1,1,-1,-1,1,-1,-1,1,-1,-1,1,1,-1,-1,1,1,-1,1,1,-1,1,-1,1,-1,-1,1,1,-1,-1,-1,-1,-1,1,-1,-1,1,-1,-1,-1,1,1,-1,-1,-1,-1,-1,1,-1,-1,-1,-1,-1,-1,1,1,-1,-1,-1,-1,1,1,1,-1,-1,-1,-1,-1,1,1,1,-1,-1,-1,-1,1,1,-1,-1,-1,-1,1,1,1,1,1,-1,1,1,1,1,1,1,-1,-1,1,1,1,1,-1,-1,1,1,1,1,-1,1,-1,-1,1,-1,1,-1,1,-1,-1,1,-1,1,1,1,-1,-1,1,-1,1,-1,1,-1,-1,1,-1,1,1,1,-1,-1,1,-1,1,1,1,-1,-1,1,1,-1,1,1,-1,-1,1,-1,1,-1,1,-1,-1,-1,-1,-1,1,1,-1,-1,1,-1,-1,1,1,-1,-1,-1,-1,-1,-1,1,-1,-1,-1,-1,1,-1,-1,-1,1,-1,-1,1,-1,1,-1,-1,-1,-1,-1,-1,1,1,-1,-1,-1,1,1,1,-1,-1,1,1,-1,-1,1,-1,1,-1,-1,1,1,1,-1,-1,-1,-1,1,-1,1,1,-1,1,-1,-1,1,1,-1,-1,-1,-1,-1,-1,1,1,-1,-1,1,-1,1,1,-1,-1,-1,1,-1,1,1,-1,-1,1,-1,-1,1,1,1,-1,1,-1,1,1,1,-1,-1,1,-1,-1,1,1,1,-1,1,-1,-1,1,1,-1,1,1,-1,-1,1,1,-1,1,1,-1,-1,1,1,-1,1,1,-1,-1,1,1,1,1,1,1,-1,-1,1,-1,1,1,-1,-1,1,-1,1,1,1,1,-1,-1,1,-1,1,1,1,-1,1,1,1,1,-1,1,-1,1,1,1,1,1,1,1,-1,1,1,1,1,-1,1,-1,1,1,1,1,1,-1,1,1,1,1,-1,1,1,-1,1,1,-1,1,1,-1,-1,1,1,1,1,-1,1,-1,1,1,1,-1,-1,1,-1,1,1,1,-1,1,-1,-1,-1,1,1,-1,-1,1,-1,-1,1,1,-1,-1,1,-1,-1,1,1,1,-1,1,-1,-1,1,1,-1,-1,-1,1,-1,-1,1,-1,1,1,-1,1,1,-1,-1,1,1,-1,-1,1,1,-1,1,1,-1,1,1,-1,-1,-1,-1,1,-1,-1,-1,-1,-1,1,-1,1,1,-1,1,1,-1,1,1,1,1,-1,1,-1,1,1,1,-1,-1,1,-1,-1,1,1,-1,-1,1,-1,1,1,1,-1,-1,1,-1,1,1,1,1,-1,1,-1,-1,1,1,-1,-1,-1,1,-1,1,-1,1,-1,1,-1,-1,1,-2670.0,1,2000,445,1500,False
1363,1,1,-1,-1,1,1,-1,-1,1,1,1,-1,1,1,1,1,-1,1,-1,-1,-1,-1,1,1,1,-1,1,-1,1,1,1,1,-1,-1,-1,-1,1,1,1,1,-1,-1,-1,1,1,1,1,-1,1,1,1,1,-1,1,-1,-1,1,-1,1,1,1,-1,-1,-1,1,1,1,1,-1,-1,-1,1,1,1,1,-1,-1,-1,1,1,1,-1,-1,-1,1,1,1,1,-1,-1,-1,1,1,1,1,-1,-1,1,1,-1,1,1,-1,-1,1,1,1,1,1,-1,-1,-1,1,-1,1,1,-1,-1,1,1,1,1,1,1,-1,-1,1,1,-1,1,1,-1,1,1,1,1,1,1,-1,1,1,1,1,1,1,-1,1,1,1,1,1,1,-1,-1,-1,1,1,1,1,-1,1,1,1,1,-1,1,-1,1,-1,1,1,1,-1,-1,1,1,1,1,1,-1,1,-1,-1,1,-1,1,-1,1,1,1,1,1,1,1,1,1,-1,1,-1,1,-1,1,1,-1,1,-1,1,1,-1,1,-1,1,-1,1,-1,1,1,-1,1,-1,1,1,1,1,-1,-1,1,1,-1,-1,1,-1,1,-1,-1,1,-1,1,-1,1,-1,1,-1,1,1,-1,1,-1,1,1,-1,1,-1,1,1,1,-1,1,-1,-1,1,-1,1,-1,1,1,1,-1,1,1,-1,1,-1,-1,-1,1,1,-1,1,-1,-1,-1,1,1,-1,-1,1,1,-1,-1,1,1,-1,1,1,-1,1,1,1,1,-1,1,-1,1,1,-1,1,-1,1,-1,1,1,1,1,1,1,-1,-1,1,-1,-1,-1,1,1,-1,1,1,1,-1,1,1,1,1,1,1,1,1,-1,1,1,1,-1,-1,1,-1,1,1,1,-1,1,1,-1,-1,1,1,1,-1,1,-1,1,1,1,-1,1,1,-1,1,1,1,-1,1,1,-1,1,1,1,-1,1,1,1,-1,1,1,-1,1,1,-1,1,-1,1,-1,1,-1,1,-1,1,1,1,1,-1,1,-1,1,1,-1,1,1,1,-1,-1,-1,-1,1,1,1,-1,1,1,-1,1,1,-1,-1,1,1,1,1,1,-1,1,1,1,-1,1,1,1,1,-1,1,1,1,-1,1,-1,1,-1,1,1,1,1,-1,-1,-1,1,-1,1,1,-1,1,-1,1,1,1,1,1,1,-1,1,-1,-1,1,-1,1,-1,1,-1,-1,1,1,1,-1,-1,1,-1,1,1,-1,-1,1,1,1,-1,1,1,-1,1,-1,-1,1,1,-1,-1,1,-1,1,1,-1,1,-1,1,-1,1,1,-1,-1,1,1,-1,1,1,-1,-1,-1,1,-1,1,1,1,-1,1,-1,-1,-1,1,-1,-1,-1,1,-1,1,1,-1,1,-1,1,-1,-1,1,-1,-1,-1,-1,-1,-1,1,-1,-1,-1,1,-1,-1,1,-1,-1,-1,-1,1,-1,1,-1,-1,-1,-1,1,-1,-1,1,1,1,-1,1,-1,1,-1,1,-1,1,-1,-1,-1,1,-1,1,1,1,1,-1,1,-1,-1,1,1,-1,1,1,-1,1,-1,1,-1,-1,1,-1,-1,1,1,1,-1,1,-1,-1,1,1,-1,-1,1,-1,-1,1,1,-1,-1,1,-1,-1,-1,1,1,-1,1,1,-1,-1,1,-1,-1,1,-1,1,-1,1,1,-1,-1,1,-1,-1,-1,-1,-1,1,1,1,-1,-1,1,-1,-1,1,-1,-1,1,-1,-1,-1,1,-1,-1,1,1,-1,1,1,-1,1,-1,1,-1,-1,1,1,-1,-1,-1,-1,-1,1,-1,-1,1,-1,-1,-1,1,1,-1,-1,-1,-1,-1,1,-1,-1,-1,-1,-1,1,1,1,-1,-1,-1,-1,-1,1,1,-1,-1,-1,-1,-1,1,1,1,-1,-1,-1,-1,1,1,-1,-1,-1,-1,1,1,1,1,1,-1,1,1,1,1,1,1,-1,-1,1,1,1,1,1,-1,1,1,1,1,-1,1,-1,-1,1,-1,1,-1,1,-1,-1,1,-1,1,1,1,-1,-1,1,-1,1,-1,1,-1,-1,1,-1,1,1,1,-1,-1,1,-1,1,1,1,-1,-1,1,1,-1,1,1,-1,-1,1,-1,1,-1,1,-1,-1,-1,-1,-1,1,1,-1,-1,1,-1,-1,1,1,-1,-1,-1,-1,-1,-1,1,-1,-1,-1,-1,1,-1,-1,-1,1,-1,-1,1,-1,1,-1,-1,-1,-1,-1,-1,1,1,-1,-1,-1,1,1,1,-1,-1,1,-1,-1,-1,1,-1,1,-1,-1,1,1,1,-1,-1,-1,-1,1,-1,1,1,-1,1,-1,-1,1,1,-1,-1,-1,-1,-1,-1,1,1,-1,-1,1,-1,1,1,-1,-1,-1,1,-1,1,1,-1,-1,1,-1,-1,1,1,1,-1,1,-1,1,1,1,-1,-1,1,-1,-1,1,1,1,-1,1,-1,-1,1,1,-1,1,1,-1,-1,1,1,-1,1,1,-1,-1,1,1,-1,1,1,-1,-1,1,1,1,1,1,1,-1,1,1,1,1,1,-1,-1,1,-1,1,1,1,1,-1,-1,1,-1,1,1,1,-1,1,1,1,1,-1,1,-1,1,1,1,1,1,1,1,-1,-1,1,1,1,-1,1,-1,1,1,1,1,1,-1,1,1,1,1,-1,1,1,-1,1,1,-1,1,1,-1,-1,1,1,1,1,-1,1,-1,1,1,1,-1,-1,1,-1,1,1,1,-1,1,-1,-1,-1,1,1,-1,-1,1,-1,-1,1,1,1,-1,1,-1,1,-1,1,1,-1,1,-1,-1,1,1,-1,-1,-1,1,1,-1,1,-1,1,1,-1,1,1,-1,-1,1,-1,-1,-1,1,1,-1,1,-1,1,1,1,-1,-1,-1,-1,1,-1,-1,-1,-1,1,-1,1,1,1,-1,1,1,-1,1,1,1,1,-1,1,-1,1,1,1,-1,-1,1,-1,1,1,1,-1,1,1,-1,1,1,1,-1,-1,1,-1,1,1,1,1,-1,1,-1,-1,1,1,-1,-1,1,1,-1,1,-1,1,-1,1,-1,-1,1,-2670.0,1,2000,445,1000,False
1364,1,1,-1,-1,1,1,-1,-1,1,1,1,-1,-1,1,1,1,-1,1,-1,-1,-1,-1,1,1,1,-1,-1,-1,1,1,1,1,1,-1,-1,-1,1,1,1,1,-1,-1,-1,1,1,1,1,-1,1,1,1,1,-1,1,-1,-1,1,-1,1,1,-1,-1,-1,-1,1,1,1,1,-1,-1,-1,1,1,1,1,-1,-1,-1,1,1,1,-1,-1,-1,1,1,1,1,-1,-1,1,1,1,1,1,-1,-1,-1,1,-1,1,1,-1,-1,1,1,1,1,1,-1,-1,-1,1,1,1,1,-1,-1,1,1,1,1,1,1,-1,-1,1,1,-1,1,1,-1,1,1,1,1,1,1,-1,1,1,1,1,1,1,-1,1,1,1,1,1,1,-1,-1,-1,1,1,1,1,-1,1,1,1,1,-1,1,-1,1,-1,1,1,1,-1,-1,1,1,1,1,1,-1,1,-1,-1,1,-1,1,-1,1,1,1,1,1,1,1,1,1,-1,1,-1,1,-1,1,1,-1,1,-1,1,1,-1,1,-1,1,-1,1,-1,1,1,-1,1,-1,1,1,1,1,-1,-1,1,1,-1,-1,1,-1,1,-1,1,1,-1,1,-1,1,-1,1,-1,1,1,-1,-1,-1,1,1,-1,1,-1,1,1,1,-1,1,-1,-1,1,-1,1,-1,1,1,1,-1,1,1,-1,1,-1,-1,-1,1,1,-1,1,-1,-1,-1,1,1,-1,-1,1,1,-1,-1,1,1,-1,1,1,-1,1,1,1,1,-1,1,-1,1,1,-1,1,-1,1,1,1,1,1,1,1,1,-1,-1,1,-1,-1,-1,1,1,-1,1,1,1,-1,1,1,1,1,1,1,-1,1,-1,1,1,1,-1,-1,1,-1,1,1,1,-1,1,1,-1,-1,1,1,1,-1,1,-1,1,1,1,-1,1,1,-1,1,1,1,-1,1,1,-1,1,1,1,-1,1,1,-1,-1,1,1,-1,1,1,-1,1,-1,1,-1,1,1,1,-1,1,1,1,-1,1,1,-1,1,1,-1,1,1,1,-1,-1,-1,-1,1,1,1,-1,1,1,-1,1,1,-1,-1,1,1,1,1,1,-1,1,1,1,-1,1,1,1,-1,-1,1,1,1,-1,1,-1,1,1,1,1,1,1,-1,-1,-1,1,-1,-1,1,1,-1,1,1,1,1,1,1,1,-1,1,-1,-1,1,-1,1,-1,1,1,1,1,1,1,-1,-1,1,-1,1,1,1,-1,1,1,1,-1,1,1,-1,-1,1,-1,1,1,1,-1,1,1,1,1,1,1,-1,1,-1,1,1,1,-1,1,1,-1,1,1,1,-1,-1,1,-1,1,1,1,-1,-1,1,-1,-1,1,1,-1,-1,1,-1,1,1,1,1,-1,1,-1,-1,1,1,1,-1,1,-1,-1,1,1,-1,-1,1,-1,-1,1,-1,1,-1,-1,1,-1,1,-1,1,-1,1,1,-1,-1,1,1,1,-1,1,-1,1,-1,-1,1,1,-1,-1,-1,1,-1,-1,1,1,1,-1,1,-1,1,1,1,-1,1,1,-1,1,-1,1,-1,-1,1,-1,-1,1,1,1,-1,1,-1,-1,1,1,-1,-1,1,-1,-1,1,1,-1,-1,1,-1,-1,-1,1,1,-1,1,-1,-1,-1,1,-1,-1,1,-1,1,-1,1,1,-1,-1,1,-1,-1,-1,-1,-1,1,1,1,-1,-1,1,-1,-1,1,-1,-1,1,-1,-1,1,1,-1,-1,1,-1,-1,1,1,-1,1,-1,-1,-1,-1,1,1,-1,-1,-1,-1,-1,1,-1,-1,1,-1,-1,-1,1,1,-1,-1,-1,-1,-1,1,-1,-1,-1,-1,-1,1,1,1,-1,-1,-1,-1,-1,1,1,-1,-1,-1,-1,-1,1,1,1,-1,-1,-1,-1,1,1,-1,-1,-1,-1,1,1,1,1,-1,-1,1,1,1,1,1,-1,-1,-1,1,1,1,-1,1,-1,1,1,1,1,-1,1,-1,-1,1,-1,1,-1,1,-1,-1,1,-1,1,-1,-1,-1,-1,1,-1,1,-1,1,-1,-1,1,-1,1,-1,1,-1,-1,1,-1,1,-1,-1,-1,-1,1,1,-1,-1,-1,-1,-1,1,-1,1,-1,-1,-1,-1,-1,-1,-1,1,-1,-1,-1,1,-1,-1,1,-1,-1,-1,-1,-1,-1,1,-1,-1,-1,-1,-1,1,-1,-1,-1,1,-1,-1,1,-1,1,-1,-1,-1,-1,-1,-1,-1,1,-1,-1,-1,1,1,1,-1,-1,-1,1,-1,-1,-1,-1,1,-1,-1,1,-1,1,-1,-1,-1,-1,1,-1,1,1,-1,1,-1,-1,1,1,-1,-1,-1,-1,-1,-1,1,1,-1,-1,1,-1,1,1,-1,-1,-1,1,-1,-1,1,-1,-1,1,-1,-1,1,1,1,-1,1,-1,1,1,1,-1,-1,1,-1,-1,1,1,1,-1,1,-1,-1,1,1,-1,1,1,-1,-1,1,1,1,1,1,-1,-1,1,1,1,1,1,-1,-1,1,1,1,1,1,1,-1,-1,1,1,-1,1,-1,-1,1,-1,1,1,1,1,-1,-1,1,-1,1,1,1,-1,1,-1,1,1,-1,1,-1,1,1,1,1,1,1,1,-1,-1,1,1,1,-1,1,-1,1,1,1,1,1,-1,1,-1,1,1,-1,1,1,-1,-1,1,-1,1,1,-1,-1,1,1,1,1,-1,1,-1,-1,1,1,-1,-1,1,-1,1,1,1,-1,1,-1,-1,-1,1,1,-1,-1,1,-1,-1,1,1,-1,-1,1,-1,-1,1,1,1,-1,1,-1,-1,1,1,-1,-1,-1,1,-1,1,1,-1,1,1,-1,1,1,-1,-1,1,-1,-1,-1,1,1,-1,1,1,-1,1,1,-1,-1,1,-1,1,-1,-1,-1,-1,1,-1,-1,1,1,-1,1,1,-1,1,1,1,1,-1,1,-1,1,1,1,-1,-1,1,-1,-1,1,1,-1,1,1,-1,1,1,1,-1,-1,1,-1,1,1,1,1,-1,1,-1,-1,1,1,1,-1,1,1,-1,1,-1,1,-1,1,-1,-1,1,-2670.0,1,2000,445,1000,False
1365,1,1,-1,-1,1,-1,-1,-1,1,1,1,-1,1,1,1,1,-1,1,-1,-1,-1,-1,1,1,1,-1,1,-1,1,1,1,1,-1,-1,-1,-1,1,1,1,1,-1,-1,-1,1,1,1,1,-1,1,1,1,1,-1,1,-1,-1,1,-1,1,1,1,-1,-1,-1,1,1,1,1,-1,-1,-1,1,1,1,1,-1,-1,-1,1,1,1,-1,-1,-1,1,1,1,1,-1,-1,-1,1,1,1,1,-1,-1,1,1,-1,1,1,-1,-1,1,1,1,1,1,-1,-1,-1,1,1,1,1,-1,-1,1,1,1,1,1,1,-1,-1,1,1,-1,1,1,-1,1,1,1,1,1,1,-1,1,1,1,-1,1,1,-1,1,1,1,1,1,1,-1,-1,-1,1,-1,1,1,-1,1,1,1,1,-1,1,-1,1,-1,1,1,1,-1,-1,1,1,1,-1,1,-1,1,-1,-1,1,1,1,-1,1,1,1,1,-1,1,1,1,1,1,1,-1,1,-1,1,1,-1,1,-1,1,1,-1,1,-1,1,-1,1,-1,1,1,-1,1,-1,1,1,1,1,-1,-1,1,1,-1,-1,1,-1,1,1,-1,1,-1,1,-1,1,-1,1,-1,1,1,-1,-1,1,1,1,-1,1,-1,1,1,1,-1,1,1,-1,1,-1,1,-1,1,-1,1,-1,1,1,-1,1,-1,-1,-1,1,1,-1,1,-1,-1,-1,-1,1,-1,-1,1,1,-1,-1,1,1,-1,1,1,-1,1,1,1,1,-1,1,-1,1,1,-1,1,-1,1,1,-1,1,1,1,1,1,-1,-1,1,-1,-1,-1,1,1,-1,1,1,1,-1,1,-1,-1,1,1,1,1,1,-1,1,1,1,-1,1,1,-1,-1,1,1,-1,1,1,-1,1,-1,1,1,-1,1,-1,1,1,1,-1,1,1,-1,1,1,1,-1,1,-1,-1,1,1,1,-1,1,-1,-1,1,1,1,1,1,-1,-1,-1,-1,1,-1,1,1,-1,1,1,1,1,-1,1,-1,-1,-1,1,-1,1,-1,-1,1,-1,-1,-1,1,1,-1,1,-1,1,-1,1,-1,1,-1,1,1,-1,1,-1,1,-1,1,1,1,1,-1,-1,-1,-1,1,-1,-1,1,-1,-1,1,-1,-1,1,-1,-1,1,-1,-1,1,-1,1,-1,1,-1,1,-1,1,-1,-1,1,1,-1,1,-1,1,-1,-1,1,-1,-1,-1,-1,-1,-1,1,-1,-1,1,1,-1,-1,-1,-1,1,-1,-1,1,-1,1,-1,-1,1,1,-1,1,1,-1,-1,-1,-1,-1,1,1,-1,-1,1,1,-1,1,-1,1,-1,1,1,-1,1,-1,-1,-1,-1,-1,-1,1,-1,1,-1,1,1,-1,1,-1,-1,1,-1,-1,1,-1,1,-1,1,-1,1,-1,1,1,-1,-1,-1,1,-1,1,-1,-1,1,-1,1,1,-1,1,-1,-1,-1,1,-1,-1,1,1,-1,1,1,1,1,1,1,-1,1,1,1,-1,1,-1,1,-1,-1,-1,1,-1,-1,1,1,1,-1,1,-1,1,-1,-1,-1,1,1,-1,1,1,-1,-1,-1,1,-1,1,1,-1,1,-1,1,-1,-1,-1,-1,-1,-1,1,-1,-1,-1,-1,-1,-1,1,-1,1,1,1,1,-1,1,-1,1,1,-1,-1,-1,1,-1,-1,1,-1,1,-1,-1,1,1,1,1,-1,-1,1,1,1,1,-1,1,-1,-1,1,1,1,-1,-1,-1,1,1,1,1,-1,-1,-1,1,-1,1,-1,1,-1,-1,-1,1,1,1,-1,-1,-1,1,1,1,1,1,-1,-1,-1,1,1,1,1,-1,-1,-1,1,-1,1,-1,-1,-1,-1,1,1,1,1,-1,1,-1,1,-1,1,1,-1,-1,-1,1,1,-1,1,-1,-1,-1,1,1,1,1,-1,-1,1,-1,1,-1,1,-1,1,1,-1,1,1,-1,-1,-1,1,1,-1,1,1,-1,1,1,1,-1,1,1,-1,-1,1,-1,1,-1,1,-1,1,-1,1,-1,1,-1,-1,-1,-1,1,-1,1,-1,-1,-1,1,1,-1,-1,1,-1,1,-1,-1,-1,1,-1,-1,-1,1,1,1,-1,-1,-1,-1,1,-1,-1,1,-1,-1,-1,-1,-1,-1,1,-1,-1,-1,1,-1,-1,1,-1,-1,-1,-1,-1,1,1,-1,-1,-1,-1,-1,1,-1,-1,-1,1,-1,-1,1,-1,1,-1,-1,-1,-1,-1,-1,-1,1,-1,-1,-1,1,1,1,-1,-1,1,-1,1,-1,-1,-1,1,-1,-1,1,1,1,-1,-1,-1,-1,1,-1,1,1,-1,1,-1,-1,1,1,-1,-1,-1,-1,-1,-1,1,1,-1,-1,1,-1,1,1,-1,-1,-1,1,-1,-1,1,-1,-1,1,-1,-1,1,1,1,-1,1,-1,1,1,1,-1,-1,1,-1,-1,1,1,1,-1,1,-1,-1,1,1,-1,1,1,-1,-1,1,1,-1,1,1,-1,-1,1,1,-1,1,1,-1,-1,1,1,1,1,1,1,-1,1,1,1,1,1,-1,-1,1,-1,1,1,1,1,-1,-1,1,-1,1,1,1,-1,1,1,1,1,-1,1,-1,1,1,1,1,1,1,1,-1,1,1,1,1,-1,1,-1,1,1,1,1,1,1,1,1,1,1,-1,1,-1,1,1,1,-1,1,1,1,1,-1,1,1,1,-1,1,1,1,1,1,-1,-1,1,-1,1,1,1,-1,1,-1,1,1,1,1,-1,-1,1,1,-1,1,1,1,-1,1,1,-1,1,1,1,-1,-1,-1,1,1,1,-1,-1,-1,-1,1,-1,1,-1,1,1,1,1,1,-1,-1,1,1,1,1,1,1,-1,1,-1,1,1,1,-1,-1,-1,-1,-1,-1,-1,-1,-1,1,-1,1,1,1,-1,1,1,-1,-1,1,1,1,-1,1,-1,1,1,1,-1,-1,1,-1,1,1,1,-1,-1,1,-1,1,1,1,-1,-1,1,-1,1,-1,1,1,-1,1,-1,-1,1,1,-1,-1,-1,-1,1,1,-1,1,-1,1,-1,-1,1,-2670.0,1,2000,445,1000,False
1366,1,1,-1,-1,1,1,-1,-1,1,1,1,-1,-1,1,1,1,-1,1,-1,-1,1,-1,1,1,1,-1,-1,-1,1,1,1,1,-1,-1,-1,-1,1,-1,1,1,-1,-1,-1,1,1,1,1,-1,1,1,1,1,-1,1,-1,-1,1,-1,1,1,1,-1,-1,-1,1,1,1,1,-1,-1,-1,1,1,1,1,-1,-1,-1,1,1,1,-1,-1,-1,1,1,1,1,-1,-1,-1,1,1,1,1,-1,-1,1,1,-1,1,1,-1,-1,1,1,1,1,1,-1,-1,1,1,1,1,1,-1,-1,1,1,1,1,1,1,-1,1,1,1,-1,1,1,-1,1,1,1,1,1,1,-1,-1,1,1,1,1,1,-1,1,1,1,1,1,1,-1,-1,-1,1,1,1,1,-1,1,1,1,1,-1,1,-1,1,-1,1,1,1,-1,-1,1,1,1,1,1,-1,1,-1,-1,1,-1,1,-1,1,1,1,1,1,1,1,1,1,1,1,-1,1,-1,1,1,-1,1,-1,1,1,-1,1,-1,1,-1,1,-1,1,1,-1,-1,-1,1,1,1,1,-1,-1,1,1,-1,-1,1,-1,1,-1,-1,1,-1,1,-1,1,-1,1,-1,1,1,-1,-1,-1,1,1,-1,1,-1,1,1,1,-1,1,1,-1,1,-1,1,-1,1,-1,1,-1,1,1,-1,1,-1,-1,-1,1,1,-1,1,-1,-1,-1,1,1,-1,-1,1,1,-1,-1,1,1,-1,1,1,-1,1,1,1,1,-1,1,-1,1,1,-1,1,-1,1,-1,1,1,1,1,1,1,-1,-1,1,-1,-1,-1,1,1,-1,1,1,1,-1,1,1,1,1,1,1,-1,1,-1,1,1,1,-1,-1,1,-1,1,1,1,-1,1,1,-1,-1,1,1,1,-1,1,-1,1,1,1,-1,1,1,-1,1,1,1,-1,1,1,-1,1,1,1,-1,1,1,-1,-1,1,1,-1,1,1,-1,1,-1,1,-1,1,1,1,-1,1,1,1,-1,1,1,-1,1,1,-1,1,-1,1,-1,-1,-1,-1,1,1,1,-1,1,1,-1,1,1,-1,-1,1,1,1,1,1,-1,1,1,1,-1,1,1,1,1,-1,1,1,1,-1,1,-1,1,1,1,1,1,1,-1,-1,-1,1,-1,-1,1,-1,1,-1,1,1,1,1,1,-1,-1,1,-1,-1,1,-1,1,-1,1,1,1,1,1,1,-1,-1,1,-1,1,1,-1,-1,1,1,1,-1,1,-1,-1,-1,1,-1,1,1,-1,-1,1,1,1,1,-1,1,-1,1,-1,1,1,-1,-1,-1,1,-1,1,1,-1,-1,-1,1,-1,1,1,1,-1,-1,1,-1,-1,1,-1,-1,-1,1,-1,1,1,1,-1,-1,1,1,-1,1,-1,-1,-1,-1,1,-1,1,-1,-1,-1,1,1,-1,1,-1,-1,-1,-1,1,-1,1,-1,-1,1,-1,1,-1,-1,1,1,1,-1,1,-1,1,-1,1,-1,1,-1,-1,-1,1,-1,-1,1,1,1,-1,1,-1,1,1,1,-1,1,1,-1,1,-1,1,-1,-1,1,-1,-1,1,1,1,-1,1,-1,-1,1,1,-1,-1,1,-1,-1,1,1,-1,-1,1,-1,-1,-1,1,1,-1,1,1,-1,-1,1,-1,-1,1,-1,1,-1,1,1,-1,-1,1,-1,-1,-1,-1,-1,1,1,1,-1,-1,1,-1,-1,1,-1,-1,1,-1,-1,1,1,-1,-1,1,-1,-1,1,1,-1,1,-1,-1,-1,-1,1,1,-1,-1,-1,-1,-1,1,-1,-1,1,-1,-1,-1,1,1,-1,-1,-1,-1,-1,1,-1,-1,-1,-1,-1,-1,1,1,-1,-1,-1,-1,1,1,1,-1,-1,-1,-1,-1,1,1,1,-1,-1,-1,-1,1,1,-1,-1,-1,-1,1,1,1,1,1,-1,1,1,1,1,1,1,-1,-1,1,1,1,1,-1,-1,1,1,1,1,-1,1,-1,-1,1,-1,1,-1,1,-1,-1,1,-1,1,-1,1,-1,-1,1,-1,1,-1,1,1,-1,1,-1,1,1,1,1,-1,1,-1,1,1,1,-1,-1,1,1,-1,1,1,-1,-1,1,-1,1,-1,1,-1,-1,-1,-1,-1,1,1,-1,-1,1,-1,-1,1,1,-1,-1,-1,-1,1,-1,1,-1,-1,-1,-1,1,1,-1,-1,1,-1,-1,1,-1,1,-1,-1,-1,-1,-1,1,1,1,-1,-1,-1,1,1,1,-1,-1,1,-1,-1,-1,1,-1,1,-1,-1,1,1,1,-1,-1,-1,-1,1,-1,1,1,-1,1,-1,-1,1,1,-1,-1,-1,-1,-1,-1,1,1,-1,-1,1,-1,1,1,-1,-1,-1,1,-1,1,1,-1,-1,1,-1,-1,1,1,1,-1,1,-1,1,1,1,-1,-1,1,-1,-1,1,1,1,-1,1,-1,-1,1,1,-1,1,1,-1,-1,1,1,-1,1,1,-1,-1,1,1,-1,1,1,-1,-1,1,1,1,1,1,1,-1,-1,1,1,1,1,-1,-1,1,-1,1,1,1,1,-1,-1,1,-1,1,1,1,-1,1,1,1,1,-1,1,-1,1,1,1,1,1,1,1,-1,1,1,1,1,-1,1,-1,1,1,1,1,1,-1,1,1,1,1,-1,1,1,-1,1,1,-1,1,1,-1,-1,1,1,1,1,-1,1,-1,1,1,1,-1,-1,1,-1,1,1,1,-1,1,-1,-1,-1,1,1,-1,-1,1,-1,-1,1,1,1,-1,1,-1,-1,1,1,1,-1,1,-1,-1,1,1,-1,-1,-1,1,-1,1,1,-1,1,1,-1,1,1,-1,-1,1,-1,-1,-1,1,1,-1,1,1,-1,1,1,-1,-1,-1,-1,1,-1,-1,-1,-1,1,-1,-1,1,1,-1,1,1,-1,1,1,1,1,-1,1,-1,1,1,1,1,-1,1,-1,-1,-1,1,1,-1,1,-1,1,1,1,1,-1,1,-1,1,1,-1,-1,-1,1,-1,-1,1,1,-1,-1,-1,1,-1,1,-1,1,-1,1,-1,-1,1,-2670.0,1,2000,445,1000,False
1367,1,1,-1,-1,1,-1,-1,-1,1,1,1,-1,1,1,1,1,-1,1,-1,-1,-1,-1,1,1,1,-1,-1,-1,1,1,1,1,-1,-1,-1,-1,1,1,1,1,-1,-1,-1,1,1,1,1,-1,1,1,1,1,-1,1,-1,-1,1,-1,1,1,1,-1,-1,-1,1,1,1,1,-1,-1,-1,1,1,1,1,-1,-1,-1,1,1,1,-1,-1,-1,1,1,1,1,-1,-1,-1,1,1,1,1,-1,-1,1,1,-1,1,1,-1,-1,1,1,1,1,1,-1,-1,-1,1,1,1,1,-1,-1,1,1,1,1,1,1,-1,-1,1,1,-1,1,1,-1,1,1,1,1,1,1,-1,1,1,1,1,1,1,-1,1,1,1,1,1,1,-1,-1,-1,1,1,1,1,-1,1,1,1,1,-1,1,-1,1,-1,1,1,1,-1,-1,1,1,1,1,1,-1,1,-1,-1,1,-1,1,-1,1,1,1,1,1,1,1,1,1,-1,1,-1,1,-1,1,1,-1,1,-1,1,1,-1,1,-1,1,-1,1,-1,1,1,-1,1,-1,1,1,1,1,-1,-1,1,1,-1,-1,1,-1,1,-1,1,1,-1,1,-1,1,-1,1,-1,1,1,-1,-1,-1,1,1,-1,1,-1,1,1,1,-1,1,-1,-1,1,-1,1,-1,1,1,1,-1,1,1,-1,1,-1,-1,-1,1,1,-1,1,-1,-1,-1,1,1,-1,-1,1,1,-1,-1,1,1,-1,1,1,-1,1,1,1,1,-1,1,-1,1,1,-1,1,-1,1,-1,1,1,1,1,1,1,-1,-1,1,-1,-1,-1,1,1,-1,1,1,1,-1,1,1,1,1,1,1,1,1,-1,1,1,1,-1,-1,1,-1,1,1,1,-1,1,1,-1,-1,1,1,1,-1,1,-1,1,1,1,-1,1,1,-1,1,1,1,-1,1,1,-1,1,1,1,-1,1,1,-1,-1,1,1,-1,1,1,-1,1,-1,1,-1,1,1,1,-1,1,1,1,-1,1,1,-1,1,1,-1,1,1,1,-1,-1,-1,-1,1,1,1,-1,1,1,-1,1,1,-1,-1,1,1,1,1,1,-1,1,1,1,-1,1,1,1,-1,-1,1,1,1,-1,1,-1,1,1,1,1,1,1,-1,-1,-1,1,-1,-1,1,1,-1,1,1,1,1,1,1,1,-1,1,-1,-1,1,-1,1,-1,1,1,1,1,1,1,-1,-1,1,-1,1,1,1,-1,1,1,1,-1,1,1,-1,-1,1,-1,1,1,1,-1,1,1,1,1,1,1,-1,1,-1,1,1,1,-1,-1,1,-1,-1,1,1,-1,-1,1,-1,1,1,1,-1,-1,1,-1,-1,1,1,-1,-1,1,-1,1,1,1,1,-1,1,1,-1,-1,1,1,-1,-1,1,1,-1,1,-1,-1,1,-1,-1,1,-1,1,-1,-1,1,-1,1,-1,1,-1,-1,1,-1,-1,1,1,1,-1,1,-1,1,-1,-1,-1,1,-1,-1,-1,1,-1,-1,1,1,1,-1,1,-1,1,1,1,-1,1,1,-1,1,-1,1,-1,-1,1,-1,-1,1,1,1,-1,1,-1,-1,1,1,-1,-1,1,-1,-1,1,1,-1,-1,1,-1,-1,-1,1,1,-1,1,1,-1,-1,1,-1,-1,1,-1,1,-1,1,1,-1,-1,1,-1,-1,-1,-1,-1,1,1,1,-1,1,1,-1,-1,1,-1,-1,-1,-1,-1,1,1,-1,-1,-1,-1,-1,1,1,-1,1,1,-1,-1,-1,1,1,-1,-1,-1,-1,1,1,-1,-1,1,-1,-1,-1,1,1,-1,-1,-1,-1,-1,1,-1,-1,1,-1,-1,1,1,1,-1,1,-1,-1,-1,1,1,-1,-1,-1,-1,-1,1,1,1,-1,-1,-1,-1,1,1,-1,-1,-1,-1,1,1,1,1,-1,-1,1,1,1,1,1,-1,-1,-1,1,1,1,-1,1,-1,1,1,1,1,-1,1,-1,-1,1,-1,1,-1,1,-1,-1,1,-1,1,-1,-1,-1,-1,1,-1,1,-1,1,-1,-1,1,-1,1,-1,1,-1,-1,1,-1,1,-1,-1,-1,-1,1,1,-1,-1,-1,-1,-1,1,-1,1,-1,-1,-1,-1,-1,-1,-1,1,-1,-1,-1,1,-1,-1,1,-1,-1,-1,-1,-1,1,1,-1,-1,-1,-1,-1,1,-1,-1,-1,1,-1,-1,1,-1,1,-1,-1,-1,-1,-1,-1,-1,1,-1,-1,-1,1,1,-1,-1,-1,-1,1,-1,-1,-1,-1,1,-1,-1,1,-1,1,-1,-1,-1,-1,1,-1,1,1,-1,1,-1,-1,1,1,-1,-1,-1,-1,-1,-1,1,1,-1,-1,1,-1,1,1,-1,-1,-1,1,-1,1,1,-1,-1,1,-1,-1,1,1,1,-1,1,-1,1,1,1,-1,-1,1,-1,-1,1,1,1,-1,1,-1,-1,1,1,-1,1,1,-1,-1,1,1,1,1,1,-1,-1,1,1,-1,1,1,-1,-1,1,1,1,1,1,1,-1,-1,1,1,1,1,-1,-1,1,-1,1,1,1,1,-1,-1,1,-1,1,1,1,-1,1,1,1,1,-1,1,-1,1,1,1,1,1,1,1,-1,1,1,1,1,-1,1,-1,1,1,1,1,1,-1,1,1,1,1,-1,1,1,-1,1,1,-1,1,1,-1,-1,1,1,1,1,-1,1,-1,1,1,1,-1,-1,1,-1,1,1,1,-1,1,-1,-1,-1,1,1,-1,-1,1,-1,-1,1,1,-1,-1,1,-1,-1,1,1,1,-1,1,-1,-1,1,1,-1,-1,-1,1,-1,-1,1,-1,1,1,-1,1,1,-1,-1,1,-1,-1,-1,1,1,-1,1,1,-1,1,1,-1,-1,1,-1,1,-1,-1,-1,-1,1,-1,-1,1,1,-1,1,1,-1,1,1,1,1,-1,1,-1,1,1,1,-1,-1,1,-1,-1,-1,1,-1,1,1,-1,1,1,1,-1,-1,1,-1,1,1,1,1,-1,1,-1,-1,1,1,-1,-1,1,1,-1,1,-1,1,-1,1,-1,-1,1,-2670.0,1,2000,445,1500,False
1368,1,1,-1,-1,1,-1,-1,-1,1,1,1,-1,1,1,1,1,-1,1,-1,-1,-1,-1,1,1,1,-1,-1,-1,1,1,1,1,1,-1,-1,-1,1,-1,1,1,-1,-1,-1,1,1,1,1,-1,1,1,1,1,-1,1,-1,-1,1,-1,1,1,1,-1,-1,-1,1,1,1,1,-1,-1,-1,1,1,1,1,-1,-1,-1,1,1,1,-1,-1,-1,1,1,1,1,-1,-1,-1,1,1,1,1,-1,-1,1,1,-1,1,1,-1,-1,1,1,1,1,1,-1,-1,1,1,-1,1,1,-1,-1,1,1,1,1,1,1,-1,-1,1,1,-1,1,1,-1,1,1,1,1,1,1,-1,-1,1,1,1,1,1,-1,1,1,1,1,1,1,-1,-1,-1,1,1,1,1,-1,1,1,1,1,-1,1,-1,1,-1,1,1,1,-1,-1,1,1,1,1,1,-1,1,-1,-1,1,-1,1,-1,1,1,1,1,1,1,1,1,1,1,1,-1,1,-1,1,1,-1,1,-1,1,1,-1,1,-1,1,-1,1,-1,1,1,-1,-1,-1,1,1,1,1,-1,-1,1,1,-1,-1,1,-1,1,-1,-1,1,-1,1,-1,1,-1,1,-1,-1,1,-1,-1,-1,1,1,-1,1,-1,1,1,1,-1,1,1,-1,1,-1,1,-1,1,-1,1,-1,1,1,-1,1,-1,-1,-1,1,1,-1,1,-1,-1,-1,1,1,-1,-1,1,1,-1,-1,1,1,-1,1,1,-1,1,1,1,1,-1,1,-1,1,1,-1,1,-1,1,1,-1,1,1,1,1,1,-1,-1,1,-1,-1,-1,1,1,-1,1,1,1,-1,1,-1,-1,1,1,1,-1,1,-1,1,1,1,-1,-1,1,-1,1,1,1,-1,1,1,-1,-1,1,1,1,-1,1,-1,1,1,1,-1,1,1,-1,1,1,1,-1,1,-1,-1,1,1,1,-1,1,-1,-1,-1,1,1,-1,1,-1,-1,1,-1,1,-1,1,1,-1,-1,1,1,1,-1,1,-1,-1,1,1,-1,1,-1,-1,-1,-1,-1,-1,1,1,-1,-1,1,1,-1,1,-1,-1,-1,1,1,1,1,1,-1,1,1,1,-1,1,-1,-1,-1,-1,1,1,1,1,-1,-1,1,1,1,1,-1,-1,1,-1,-1,1,-1,1,-1,-1,1,-1,1,-1,-1,-1,1,1,-1,1,-1,1,-1,-1,1,-1,1,1,-1,-1,-1,1,-1,-1,1,1,-1,-1,1,-1,1,1,-1,1,-1,1,-1,-1,1,1,-1,-1,1,-1,1,1,-1,-1,1,1,-1,1,-1,1,-1,1,-1,-1,1,-1,1,-1,1,-1,-1,1,-1,-1,-1,1,-1,-1,1,-1,1,-1,1,-1,-1,1,-1,-1,1,-1,1,-1,1,1,1,-1,1,1,-1,-1,1,1,-1,1,-1,-1,1,-1,1,1,1,1,-1,-1,1,1,-1,1,1,-1,-1,1,1,1,-1,1,1,-1,1,1,1,1,-1,1,1,-1,-1,-1,1,-1,-1,1,-1,1,-1,1,-1,1,-1,-1,-1,1,1,-1,1,1,-1,-1,-1,1,-1,1,1,-1,1,-1,1,-1,-1,-1,-1,-1,-1,1,-1,-1,-1,-1,-1,-1,1,-1,1,1,1,1,-1,1,-1,1,1,-1,-1,-1,1,-1,-1,1,-1,1,-1,-1,1,1,1,1,-1,-1,1,1,1,1,-1,1,-1,-1,1,1,1,-1,-1,-1,1,1,1,1,-1,1,-1,1,-1,1,-1,1,1,-1,-1,1,1,1,-1,-1,-1,-1,1,1,1,1,-1,-1,-1,1,1,1,1,-1,-1,-1,1,1,1,-1,-1,-1,-1,1,1,1,1,-1,-1,1,1,1,1,1,-1,-1,-1,1,1,-1,1,-1,-1,-1,1,1,1,1,-1,-1,1,1,1,1,-1,-1,1,1,-1,1,1,-1,-1,-1,1,1,1,1,1,-1,1,1,1,1,1,-1,-1,-1,1,-1,1,-1,-1,-1,-1,1,-1,1,1,-1,-1,-1,1,-1,1,1,-1,1,-1,1,1,1,1,-1,1,-1,1,-1,1,1,-1,-1,-1,1,1,-1,-1,-1,-1,-1,1,-1,1,-1,-1,-1,-1,-1,-1,-1,1,-1,-1,-1,1,-1,-1,1,-1,-1,-1,-1,-1,1,1,-1,-1,-1,-1,-1,1,-1,-1,-1,1,-1,-1,1,-1,1,-1,-1,-1,-1,-1,-1,-1,1,-1,-1,-1,1,1,1,-1,-1,1,1,-1,-1,-1,-1,1,-1,-1,1,1,1,-1,-1,-1,-1,1,-1,1,1,-1,1,-1,-1,1,1,-1,-1,-1,-1,-1,-1,1,1,-1,-1,1,-1,1,1,-1,-1,-1,1,-1,1,1,-1,-1,1,-1,-1,1,1,1,-1,1,-1,1,1,1,-1,-1,1,-1,-1,1,1,1,-1,1,-1,-1,1,1,-1,1,1,-1,-1,1,1,-1,1,1,-1,-1,1,1,1,1,1,-1,-1,1,1,1,1,-1,1,-1,-1,1,1,1,1,-1,-1,1,-1,1,1,1,1,-1,-1,1,-1,1,1,1,-1,1,1,1,1,-1,1,-1,1,1,1,1,1,1,1,-1,1,1,1,1,-1,1,-1,1,1,1,1,1,-1,1,1,1,1,-1,1,1,-1,1,1,-1,1,1,-1,-1,1,1,1,1,-1,1,-1,1,1,1,-1,-1,1,-1,1,1,1,-1,1,-1,-1,-1,1,1,-1,-1,1,-1,-1,1,1,-1,-1,1,-1,-1,1,1,1,-1,1,-1,-1,1,1,-1,-1,-1,1,-1,-1,1,-1,1,1,-1,1,1,-1,-1,1,1,-1,-1,1,1,-1,1,1,-1,1,1,-1,-1,1,-1,1,-1,-1,-1,-1,1,-1,-1,1,1,-1,1,1,-1,1,1,1,1,-1,1,-1,1,1,1,1,-1,1,-1,-1,-1,1,1,-1,1,-1,1,1,1,1,-1,1,-1,1,1,1,-1,-1,1,-1,-1,1,1,-1,-1,-1,1,-1,1,-1,1,-1,1,-1,-1,1,-2670.0,1,2000,445,1500,False
1369,1,1,-1,-1,1,-1,-1,-1,1,1,1,-1,1,1,1,1,-1,1,-1,-1,-1,-1,1,1,1,-1,1,-1,1,1,1,1,-1,-1,-1,-1,1,-1,1,1,-1,-1,-1,1,1,1,1,-1,1,1,1,1,-1,1,-1,-1,1,-1,1,1,1,-1,-1,-1,1,1,1,1,-1,-1,-1,1,1,1,1,-1,-1,-1,1,1,1,-1,-1,-1,1,1,1,1,-1,-1,-1,1,1,1,1,-1,-1,1,1,-1,1,1,-1,-1,1,1,1,1,1,-1,-1,-1,1,1,1,1,-1,-1,1,1,1,1,1,1,-1,-1,1,1,-1,1,1,-1,1,1,1,1,1,1,-1,1,1,1,1,1,1,-1,1,1,1,1,1,1,-1,-1,-1,1,1,1,1,-1,1,1,1,1,-1,1,-1,1,-1,1,1,1,-1,-1,1,1,1,1,1,-1,1,-1,-1,1,-1,1,-1,1,1,1,1,1,1,1,1,1,-1,1,-1,1,-1,1,1,-1,1,-1,1,1,-1,1,-1,1,-1,1,-1,1,1,-1,1,-1,1,1,1,1,-1,-1,1,1,-1,-1,1,-1,1,-1,-1,1,-1,1,-1,1,-1,1,-1,-1,1,-1,-1,-1,1,1,-1,1,-1,1,1,1,-1,1,1,-1,1,-1,1,-1,1,-1,1,-1,1,1,-1,1,-1,-1,-1,1,1,-1,1,-1,-1,-1,1,1,-1,-1,1,1,-1,-1,1,1,-1,1,1,-1,1,1,1,1,-1,1,-1,1,1,-1,1,-1,1,1,-1,1,1,1,1,1,-1,-1,1,-1,-1,-1,1,1,-1,1,1,1,-1,1,-1,-1,1,1,1,1,1,-1,1,1,1,-1,1,1,-1,1,1,1,-1,1,1,-1,-1,1,1,1,-1,1,-1,1,1,1,-1,1,1,-1,1,1,1,-1,1,-1,-1,1,1,1,-1,1,-1,-1,-1,1,1,-1,1,-1,-1,1,-1,1,-1,1,1,-1,-1,1,1,1,-1,1,-1,-1,1,1,-1,1,-1,-1,-1,-1,-1,-1,1,1,-1,-1,1,1,-1,1,-1,-1,-1,1,1,1,1,-1,-1,1,1,1,-1,1,-1,-1,-1,-1,1,1,1,1,-1,-1,1,1,1,1,-1,-1,1,-1,-1,1,-1,1,-1,-1,1,-1,1,-1,-1,-1,1,1,-1,1,-1,1,-1,-1,1,-1,1,1,-1,-1,-1,1,-1,-1,1,1,-1,-1,1,-1,1,1,-1,1,-1,1,-1,-1,1,1,-1,-1,1,-1,1,1,-1,-1,1,1,-1,1,-1,1,-1,1,-1,-1,1,-1,1,-1,1,-1,-1,1,-1,-1,-1,1,-1,-1,1,-1,1,-1,1,-1,-1,1,-1,-1,1,-1,1,-1,1,-1,1,-1,1,1,-1,-1,-1,1,-1,1,-1,-1,1,-1,1,1,1,1,-1,-1,1,1,-1,1,1,-1,-1,1,1,1,-1,1,1,-1,1,1,1,1,1,1,1,-1,-1,-1,1,-1,-1,1,1,1,-1,1,-1,1,-1,-1,-1,1,1,-1,1,1,-1,-1,-1,1,-1,1,1,-1,1,-1,1,-1,-1,-1,-1,-1,-1,1,-1,-1,-1,-1,-1,-1,1,-1,1,1,1,1,-1,1,-1,1,1,-1,-1,-1,1,-1,-1,1,-1,1,-1,-1,1,1,1,1,-1,-1,1,1,1,1,-1,1,-1,-1,1,1,1,-1,-1,-1,1,1,1,1,-1,-1,-1,1,-1,1,-1,1,-1,-1,-1,1,1,1,-1,-1,-1,-1,1,1,1,1,-1,-1,-1,1,1,1,1,-1,-1,-1,1,1,1,-1,-1,-1,1,1,1,1,1,-1,-1,-1,1,1,1,1,-1,-1,-1,1,1,-1,1,-1,-1,-1,1,1,1,1,-1,-1,1,1,1,1,-1,-1,1,1,-1,1,1,-1,-1,-1,1,1,1,1,1,-1,1,1,1,1,1,-1,-1,-1,1,-1,1,-1,-1,-1,-1,1,-1,1,1,1,-1,-1,1,-1,1,1,-1,1,-1,1,1,1,1,-1,1,-1,1,-1,1,1,-1,-1,-1,1,1,-1,-1,-1,-1,-1,1,-1,1,-1,-1,-1,-1,-1,-1,-1,1,-1,-1,-1,1,-1,-1,1,-1,-1,-1,-1,-1,1,1,-1,-1,-1,-1,-1,1,-1,-1,-1,1,-1,-1,1,-1,1,-1,-1,-1,-1,-1,-1,-1,1,-1,-1,-1,1,1,1,-1,-1,1,-1,-1,-1,-1,-1,1,-1,-1,1,1,1,-1,-1,-1,-1,1,-1,1,1,-1,1,-1,-1,1,1,-1,-1,-1,-1,-1,-1,1,1,-1,-1,1,-1,1,1,-1,-1,-1,1,-1,1,1,-1,-1,1,-1,-1,1,1,1,-1,1,-1,1,1,1,-1,-1,1,-1,-1,1,1,1,-1,1,-1,-1,1,1,-1,1,1,-1,-1,1,1,-1,1,1,-1,-1,1,1,-1,1,1,-1,-1,1,1,1,1,-1,1,-1,-1,1,1,-1,1,-1,-1,1,-1,1,1,1,1,-1,-1,1,-1,1,1,1,-1,1,1,1,1,-1,1,-1,1,1,1,1,1,1,1,-1,1,1,1,1,-1,1,-1,1,1,1,1,1,-1,1,1,1,1,-1,1,1,-1,1,1,-1,1,1,-1,-1,1,1,1,1,-1,1,-1,1,1,1,-1,-1,1,-1,1,1,1,-1,1,-1,-1,-1,1,1,-1,-1,1,-1,-1,1,1,1,-1,1,-1,-1,1,1,1,-1,-1,-1,-1,1,1,-1,-1,-1,1,-1,-1,1,-1,1,1,-1,1,1,-1,-1,1,1,-1,-1,1,1,-1,1,1,-1,1,1,-1,-1,-1,-1,1,-1,-1,-1,-1,-1,-1,-1,1,1,-1,1,1,-1,1,1,1,1,-1,1,-1,1,1,1,-1,-1,1,-1,1,1,1,-1,-1,1,-1,-1,1,1,-1,-1,1,-1,1,1,1,1,-1,1,-1,-1,1,1,-1,-1,-1,1,-1,1,1,1,-1,1,-1,-1,1,-2670.0,1,2000,445,1500,False
1370,1,1,-1,-1,1,1,-1,-1,1,1,1,-1,1,1,1,1,-1,1,-1,-1,-1,-1,1,1,1,-1,1,-1,1,1,1,1,1,-1,-1,-1,1,1,1,-1,-1,-1,-1,1,1,1,-1,-1,1,1,1,1,-1,1,-1,-1,1,-1,1,1,-1,-1,-1,-1,1,1,1,-1,-1,-1,-1,1,1,1,1,-1,-1,-1,1,1,1,-1,-1,-1,1,1,1,1,-1,-1,-1,1,1,1,1,-1,-1,1,1,-1,1,1,-1,-1,1,1,1,1,1,-1,-1,1,1,1,1,1,-1,-1,1,1,1,1,1,1,-1,-1,1,1,-1,1,1,-1,1,1,1,1,1,1,-1,-1,1,1,1,1,1,-1,1,1,1,1,1,1,-1,-1,-1,1,1,1,1,-1,1,1,1,1,-1,1,-1,1,-1,1,1,1,-1,-1,1,1,1,1,1,-1,1,-1,-1,1,-1,1,-1,1,1,1,1,1,1,-1,1,1,-1,1,-1,1,1,-1,1,-1,1,-1,1,-1,-1,1,-1,1,-1,1,-1,1,1,-1,1,-1,1,1,1,1,-1,-1,1,1,-1,-1,1,-1,1,-1,-1,1,-1,1,-1,1,-1,1,-1,1,1,-1,-1,-1,1,-1,1,1,-1,1,1,1,1,1,1,-1,-1,-1,-1,1,1,-1,1,-1,1,-1,1,1,-1,-1,-1,1,1,1,1,-1,-1,-1,1,1,-1,1,1,1,-1,-1,1,1,1,1,1,-1,1,1,-1,1,-1,1,-1,1,1,1,1,-1,1,1,-1,1,1,1,1,1,-1,-1,1,-1,1,-1,1,1,-1,1,1,1,-1,1,-1,-1,1,1,1,-1,1,-1,1,1,1,1,-1,1,-1,1,1,1,-1,1,1,-1,-1,1,1,-1,1,1,-1,1,1,1,1,1,1,-1,1,1,1,1,1,-1,-1,1,1,1,1,1,-1,-1,-1,1,1,1,1,-1,-1,1,-1,1,-1,1,1,-1,-1,1,1,1,1,1,-1,-1,1,1,1,-1,-1,-1,-1,-1,-1,-1,1,1,-1,-1,1,1,-1,1,-1,1,-1,1,1,1,1,-1,-1,1,1,1,-1,1,-1,-1,-1,-1,1,1,1,1,-1,-1,1,-1,1,1,-1,-1,1,-1,-1,1,-1,1,-1,-1,1,-1,-1,1,-1,-1,1,1,-1,1,-1,1,-1,-1,1,-1,1,1,-1,-1,-1,1,-1,-1,1,1,-1,-1,1,-1,1,1,-1,1,-1,1,-1,1,1,1,-1,-1,1,-1,1,1,-1,-1,1,1,-1,1,-1,1,-1,1,-1,1,1,-1,1,-1,1,-1,-1,1,-1,-1,-1,1,-1,-1,1,-1,1,-1,1,-1,-1,1,-1,-1,1,-1,1,-1,-1,1,1,-1,1,1,-1,-1,1,1,-1,1,-1,-1,-1,1,1,1,1,1,-1,-1,1,1,-1,1,1,-1,-1,1,1,1,-1,1,1,-1,1,1,1,1,-1,1,1,-1,-1,-1,1,-1,1,1,-1,1,-1,1,-1,1,-1,-1,-1,1,1,-1,1,1,-1,-1,-1,1,-1,1,1,-1,1,-1,1,-1,-1,-1,-1,-1,-1,1,-1,-1,-1,-1,-1,-1,1,-1,1,1,1,1,-1,1,-1,1,1,-1,-1,-1,1,-1,-1,1,-1,1,-1,-1,1,1,1,1,-1,-1,1,1,1,1,-1,1,-1,-1,1,1,1,-1,-1,-1,1,1,1,1,-1,-1,-1,1,-1,1,-1,1,-1,-1,-1,1,1,1,-1,-1,-1,1,1,1,1,1,-1,-1,-1,1,1,1,1,-1,-1,-1,1,-1,1,-1,-1,-1,1,1,1,1,1,-1,-1,-1,1,1,1,1,-1,-1,-1,1,1,-1,1,-1,-1,-1,1,1,1,1,-1,-1,1,1,1,1,-1,-1,1,1,-1,1,1,-1,-1,-1,1,1,1,1,1,-1,1,1,1,1,1,-1,-1,-1,1,-1,1,-1,-1,-1,-1,1,-1,1,1,-1,-1,-1,1,-1,1,1,-1,-1,-1,1,1,1,1,-1,-1,-1,1,-1,1,1,-1,-1,-1,1,1,-1,-1,-1,-1,-1,1,-1,1,-1,-1,-1,-1,-1,-1,-1,1,-1,-1,-1,1,-1,-1,1,-1,-1,-1,-1,-1,-1,1,-1,-1,-1,-1,-1,1,-1,-1,-1,1,-1,-1,1,-1,1,-1,-1,-1,-1,-1,-1,-1,1,-1,-1,-1,1,1,-1,-1,-1,1,-1,-1,-1,-1,-1,1,-1,-1,1,1,1,-1,-1,1,-1,1,-1,1,1,-1,1,-1,-1,1,1,1,-1,-1,-1,-1,-1,1,1,-1,-1,1,-1,1,1,-1,-1,-1,1,-1,1,1,1,-1,1,1,-1,1,1,1,-1,1,-1,1,1,1,-1,-1,1,-1,-1,1,-1,1,1,-1,-1,-1,1,1,1,-1,1,-1,-1,1,1,1,1,-1,1,-1,1,1,1,1,1,-1,-1,1,1,1,1,1,-1,-1,1,1,1,1,-1,-1,-1,1,-1,1,1,1,-1,-1,-1,1,-1,1,1,-1,-1,1,1,1,1,1,-1,-1,1,1,1,1,1,-1,-1,-1,1,1,1,1,-1,1,-1,1,1,1,-1,-1,1,-1,1,1,1,-1,-1,1,-1,1,1,-1,1,-1,-1,-1,1,1,1,1,-1,-1,-1,1,1,1,-1,-1,-1,-1,1,1,1,-1,1,-1,-1,-1,1,1,-1,1,-1,-1,1,1,1,1,-1,1,-1,-1,-1,1,1,-1,1,-1,-1,1,1,-1,-1,1,1,-1,-1,1,-1,1,-1,-1,1,1,-1,-1,1,-1,-1,-1,1,1,-1,1,1,-1,1,1,-1,-1,-1,-1,1,-1,-1,-1,-1,1,-1,-1,1,1,-1,1,1,-1,1,1,1,1,-1,1,-1,1,1,1,1,-1,1,-1,-1,-1,1,1,-1,1,-1,1,1,1,1,-1,1,-1,1,1,1,-1,-1,1,-1,-1,1,1,-1,-1,-1,1,-1,1,-1,1,-1,1,-1,-1,1,-2670.0,1,2000,445,1500,False
1371,1,1,-1,-1,1,-1,-1,-1,1,1,1,-1,1,1,1,1,-1,1,-1,-1,-1,-1,1,1,1,-1,-1,-1,1,1,1,1,-1,-1,-1,-1,1,1,1,1,-1,-1,-1,1,1,1,1,-1,1,1,1,1,-1,1,-1,-1,1,-1,1,1,1,-1,-1,-1,1,1,1,1,-1,1,-1,1,1,1,1,-1,-1,-1,1,1,1,-1,-1,-1,1,1,1,1,-1,1,-1,1,1,1,1,-1,-1,1,1,-1,1,1,-1,-1,1,1,1,1,1,-1,-1,1,1,1,1,1,-1,-1,1,1,1,1,1,1,-1,1,1,1,-1,1,1,-1,1,1,1,1,1,1,-1,-1,1,1,1,1,1,-1,1,1,1,1,1,1,-1,-1,-1,1,1,1,1,-1,1,1,1,1,-1,1,-1,1,-1,1,1,1,-1,-1,1,1,1,1,1,-1,1,-1,-1,1,-1,1,-1,1,1,1,1,1,1,1,1,1,-1,1,-1,1,-1,1,1,-1,1,-1,1,1,-1,1,-1,1,-1,1,-1,1,1,-1,1,-1,1,1,1,1,-1,-1,1,1,-1,-1,1,-1,1,-1,1,1,-1,1,-1,1,-1,1,-1,1,1,-1,-1,-1,1,1,-1,1,-1,1,1,1,-1,1,1,-1,-1,-1,1,-1,1,-1,1,-1,1,1,-1,1,-1,-1,-1,1,1,-1,1,-1,-1,-1,1,1,-1,-1,1,1,-1,-1,1,1,-1,1,1,-1,1,1,1,1,-1,1,-1,1,1,-1,1,-1,1,1,-1,1,1,1,1,1,-1,-1,1,-1,-1,-1,1,1,-1,1,1,1,-1,1,-1,-1,1,1,1,1,1,-1,1,1,1,-1,-1,1,-1,1,1,1,-1,1,1,-1,-1,1,1,1,-1,1,-1,1,1,1,-1,1,1,-1,1,1,1,-1,1,-1,-1,1,1,1,-1,1,-1,-1,-1,1,1,-1,1,-1,-1,1,-1,1,-1,1,1,-1,-1,1,1,1,-1,1,-1,-1,1,1,-1,1,-1,1,-1,-1,-1,-1,1,1,-1,-1,1,1,-1,1,1,-1,-1,1,1,1,1,1,-1,1,1,1,-1,1,-1,-1,-1,-1,1,1,1,1,-1,-1,1,1,1,1,-1,-1,-1,-1,-1,1,-1,-1,-1,1,-1,1,1,1,1,-1,1,1,-1,1,-1,1,-1,-1,1,-1,1,1,1,1,-1,1,-1,-1,1,1,-1,-1,1,-1,1,1,-1,1,-1,1,-1,-1,1,1,-1,1,1,-1,1,1,-1,-1,1,1,-1,1,-1,-1,-1,1,-1,-1,1,-1,-1,1,1,-1,-1,1,-1,-1,-1,1,-1,-1,1,-1,-1,-1,1,-1,-1,1,-1,-1,-1,1,1,-1,1,1,-1,-1,1,1,-1,-1,1,1,-1,1,-1,-1,1,-1,-1,1,-1,1,-1,-1,1,-1,1,-1,1,-1,-1,1,-1,-1,1,1,1,-1,1,-1,1,-1,-1,1,1,-1,-1,-1,1,-1,-1,-1,1,1,-1,1,-1,1,-1,1,-1,1,1,-1,1,1,1,-1,-1,1,-1,1,-1,1,1,-1,1,-1,-1,1,1,-1,-1,1,-1,-1,-1,1,-1,-1,1,-1,1,1,1,1,-1,1,-1,-1,1,1,-1,-1,1,-1,-1,-1,1,1,-1,-1,1,1,-1,1,-1,-1,1,1,1,1,1,1,-1,-1,1,1,-1,1,-1,-1,1,1,1,1,-1,-1,-1,1,-1,1,1,1,-1,-1,-1,1,1,1,-1,-1,-1,1,1,1,1,1,-1,-1,-1,1,1,1,-1,-1,-1,-1,1,1,1,1,-1,-1,1,1,1,1,1,-1,-1,-1,1,1,1,1,-1,-1,-1,1,1,-1,1,-1,-1,-1,1,1,1,1,-1,-1,1,1,1,1,1,-1,1,1,-1,1,1,-1,-1,-1,1,1,1,-1,1,-1,1,1,1,1,1,1,-1,-1,1,-1,1,-1,1,-1,-1,1,-1,1,-1,-1,-1,-1,1,-1,1,1,-1,-1,-1,1,1,1,-1,1,-1,-1,1,-1,1,-1,-1,-1,-1,1,1,-1,-1,-1,-1,-1,1,-1,1,-1,-1,-1,-1,-1,-1,-1,1,-1,-1,-1,1,-1,-1,1,-1,-1,-1,-1,-1,1,1,-1,-1,-1,-1,-1,1,-1,-1,-1,1,-1,-1,1,-1,1,-1,-1,-1,-1,-1,-1,-1,1,-1,-1,-1,1,1,-1,-1,-1,-1,1,-1,-1,-1,-1,1,-1,-1,1,-1,1,-1,-1,-1,-1,1,-1,1,1,-1,1,-1,-1,1,1,-1,-1,-1,-1,-1,-1,1,1,-1,-1,1,-1,1,1,-1,-1,-1,1,-1,1,1,-1,-1,1,-1,-1,1,1,1,-1,1,-1,1,1,1,-1,-1,1,-1,-1,1,-1,1,-1,1,-1,-1,1,1,-1,1,1,-1,-1,1,1,-1,1,1,-1,-1,1,1,-1,1,1,-1,-1,1,1,1,1,1,1,-1,-1,1,1,1,1,-1,-1,1,-1,1,1,1,1,-1,-1,1,-1,1,1,1,-1,1,1,1,1,-1,1,-1,1,1,1,1,1,1,1,-1,1,1,1,1,-1,1,-1,1,1,1,1,1,-1,1,1,1,1,-1,1,1,-1,1,1,-1,1,1,-1,-1,1,1,1,1,-1,1,-1,1,1,1,-1,-1,1,-1,1,1,1,-1,1,-1,-1,-1,1,1,-1,-1,1,-1,-1,1,1,-1,-1,1,-1,-1,1,1,1,-1,1,-1,-1,1,1,-1,-1,-1,1,-1,-1,1,-1,1,1,-1,1,1,-1,-1,1,-1,-1,-1,-1,1,-1,1,1,-1,1,1,-1,-1,1,-1,1,-1,-1,-1,-1,1,-1,-1,1,1,-1,1,1,-1,1,1,1,1,-1,1,-1,1,1,1,1,-1,1,-1,-1,-1,1,1,-1,1,-1,1,1,1,1,-1,1,-1,1,1,1,-1,-1,1,-1,-1,1,1,-1,-1,-1,1,-1,1,1,1,-1,1,-1,-1,1,-2670.0,1,2000,445,1500,False
1372,1,1,-1,-1,1,-1,-1,-1,1,1,1,-1,1,1,1,1,-1,1,-1,-1,1,-1,1,1,1,-1,-1,-1,1,1,1,1,-1,-1,-1,-1,1,-1,1,1,-1,-1,-1,1,1,1,1,-1,1,1,1,1,-1,1,-1,-1,1,-1,1,1,1,-1,-1,-1,1,1,1,1,-1,-1,-1,1,1,1,1,-1,-1,-1,1,1,1,-1,-1,-1,1,1,1,1,-1,-1,-1,1,1,1,1,-1,-1,1,1,-1,1,1,-1,-1,1,1,1,1,1,-1,-1,1,1,-1,1,1,-1,-1,1,1,1,1,1,1,-1,-1,1,1,-1,1,1,-1,1,1,1,1,1,1,-1,-1,1,1,1,1,1,-1,1,1,1,1,1,1,-1,-1,-1,1,1,1,1,-1,1,1,1,1,-1,1,-1,1,1,1,1,1,-1,-1,1,1,1,1,1,-1,1,-1,-1,1,-1,1,-1,1,1,1,1,1,1,1,1,1,-1,1,-1,1,-1,1,1,-1,1,-1,1,1,-1,1,-1,1,-1,1,-1,1,1,-1,1,-1,1,1,1,1,-1,-1,1,1,-1,-1,1,-1,1,-1,-1,1,-1,1,-1,1,-1,1,-1,1,1,-1,-1,-1,1,1,-1,1,-1,1,1,1,-1,1,1,-1,1,-1,1,-1,1,-1,1,-1,1,1,-1,1,-1,-1,-1,1,1,-1,1,-1,-1,-1,1,1,-1,-1,1,1,-1,-1,1,1,-1,1,1,-1,1,1,1,1,-1,1,-1,1,1,-1,1,-1,1,-1,1,1,1,1,1,1,-1,-1,1,-1,-1,1,1,1,-1,1,1,1,-1,1,1,1,1,1,1,-1,1,-1,1,1,1,-1,-1,1,-1,1,1,1,-1,1,1,-1,-1,1,1,1,-1,1,-1,1,1,1,-1,1,1,-1,1,1,1,-1,1,1,-1,1,1,1,-1,1,1,-1,-1,1,1,-1,1,1,-1,1,-1,1,-1,1,1,1,-1,1,1,1,-1,1,1,-1,1,1,-1,1,-1,1,-1,-1,-1,-1,1,1,1,-1,1,1,-1,1,1,-1,-1,1,1,1,1,1,-1,1,1,1,-1,1,1,1,1,-1,1,1,1,-1,1,-1,1,1,1,1,1,1,-1,-1,-1,1,-1,-1,1,-1,1,-1,1,-1,1,1,1,-1,-1,1,-1,-1,1,-1,1,-1,1,1,-1,1,1,1,-1,-1,1,-1,1,1,-1,-1,1,1,1,-1,1,-1,-1,-1,1,-1,1,1,-1,-1,1,1,1,1,-1,1,-1,1,-1,-1,1,-1,1,-1,1,-1,1,1,-1,-1,-1,1,-1,1,1,1,-1,-1,1,-1,-1,1,-1,-1,-1,1,-1,1,1,1,-1,-1,1,-1,-1,1,-1,-1,-1,-1,-1,-1,1,-1,-1,-1,1,-1,-1,1,-1,-1,-1,-1,1,-1,1,-1,-1,-1,-1,1,-1,-1,1,1,1,-1,1,-1,1,-1,1,1,1,-1,-1,-1,1,-1,-1,1,1,1,-1,1,-1,1,1,1,-1,1,1,-1,1,-1,1,-1,1,1,-1,-1,1,1,1,-1,1,-1,-1,1,1,-1,-1,1,-1,-1,1,1,-1,-1,1,-1,-1,-1,1,1,-1,1,1,-1,-1,1,-1,-1,1,-1,1,-1,1,1,-1,-1,1,-1,-1,-1,-1,-1,-1,1,1,-1,-1,1,-1,1,1,-1,-1,1,-1,-1,1,1,-1,-1,1,1,-1,1,1,-1,1,-1,1,-1,-1,1,1,-1,-1,-1,-1,1,1,-1,-1,1,-1,-1,-1,1,1,-1,-1,-1,-1,-1,1,-1,-1,-1,-1,-1,1,1,1,-1,-1,-1,-1,-1,1,1,-1,-1,-1,-1,-1,1,1,1,-1,-1,-1,-1,1,1,-1,-1,-1,-1,1,1,1,1,1,-1,1,1,1,1,1,1,-1,-1,1,1,1,1,-1,-1,1,1,1,1,-1,1,-1,-1,1,-1,1,-1,1,-1,-1,1,-1,1,-1,1,-1,-1,1,-1,1,-1,1,1,-1,1,-1,1,1,1,1,-1,1,-1,1,1,1,-1,-1,1,1,-1,1,1,-1,-1,1,-1,1,-1,1,-1,-1,-1,-1,-1,1,1,-1,-1,1,-1,-1,1,1,-1,-1,-1,-1,-1,-1,1,-1,-1,-1,-1,-1,1,-1,-1,1,-1,-1,1,-1,1,-1,-1,-1,-1,-1,1,1,1,-1,-1,-1,1,1,1,-1,-1,1,-1,-1,-1,1,-1,1,-1,-1,1,1,1,-1,-1,-1,-1,1,-1,1,1,-1,1,-1,-1,1,1,-1,-1,-1,-1,-1,-1,1,1,-1,-1,1,-1,1,1,-1,-1,-1,1,-1,1,1,-1,-1,1,-1,-1,1,1,1,-1,1,-1,1,1,1,-1,-1,1,-1,-1,1,-1,1,-1,1,-1,-1,1,1,-1,1,1,-1,-1,1,1,1,1,1,-1,-1,1,1,-1,1,1,-1,-1,1,1,1,1,1,1,-1,-1,1,1,1,1,-1,-1,1,-1,1,1,1,1,-1,-1,1,-1,1,1,1,-1,1,1,1,1,-1,1,-1,1,1,1,1,1,1,1,-1,1,1,1,1,-1,1,-1,1,1,1,1,1,-1,1,1,1,1,-1,1,1,-1,1,1,-1,1,1,-1,-1,1,1,1,1,-1,1,-1,1,1,1,-1,-1,1,-1,1,1,1,-1,1,-1,-1,-1,1,1,-1,-1,1,-1,-1,1,1,1,-1,1,-1,-1,1,1,1,-1,1,-1,-1,1,1,-1,-1,-1,1,-1,-1,1,-1,1,1,-1,1,1,-1,-1,1,1,-1,-1,1,1,-1,1,1,-1,1,1,-1,-1,-1,-1,1,-1,-1,-1,-1,1,-1,-1,1,1,-1,1,1,-1,1,1,1,1,-1,1,-1,1,1,1,1,-1,1,-1,1,1,1,1,-1,1,-1,-1,1,1,1,-1,1,-1,1,1,-1,-1,-1,1,-1,-1,1,1,-1,-1,-1,1,-1,1,-1,1,-1,1,-1,-1,1,-2670.0,1,2000,445,1000,False
1373,1,1,-1,-1,1,1,-1,-1,1,1,1,-1,1,1,1,1,-1,1,-1,-1,-1,-1,1,1,1,-1,1,-1,1,1,1,1,1,-1,-1,-1,1,-1,1,1,-1,-1,-1,1,1,1,-1,-1,1,1,1,1,-1,1,-1,-1,1,-1,1,1,1,-1,-1,-1,1,1,1,-1,-1,-1,-1,1,1,1,1,-1,-1,-1,1,1,1,-1,-1,-1,1,1,1,1,-1,-1,-1,1,1,1,1,-1,-1,1,1,-1,1,1,-1,-1,1,1,1,1,1,-1,-1,-1,1,1,1,1,-1,-1,1,1,1,1,1,1,-1,-1,1,1,-1,1,1,-1,1,1,1,1,1,1,-1,1,1,1,1,1,1,-1,1,1,1,1,1,1,-1,-1,-1,1,1,1,1,-1,1,1,1,1,-1,1,-1,1,-1,1,1,1,-1,-1,1,1,1,1,1,-1,1,-1,-1,1,-1,1,-1,1,1,1,1,1,1,-1,1,1,-1,1,-1,1,1,-1,1,-1,1,-1,1,-1,-1,1,-1,1,-1,1,-1,1,1,-1,1,-1,1,1,1,1,-1,-1,1,1,-1,-1,1,-1,1,-1,-1,1,-1,1,-1,1,-1,1,-1,1,1,-1,-1,-1,1,-1,1,1,-1,1,1,1,1,1,1,-1,1,-1,-1,1,1,-1,1,-1,1,-1,1,1,-1,-1,-1,1,1,1,1,-1,-1,-1,1,1,-1,1,1,1,-1,-1,1,1,1,1,1,-1,1,1,-1,1,-1,1,-1,1,1,1,-1,-1,1,1,-1,1,1,1,1,1,-1,-1,1,-1,1,-1,1,1,-1,1,1,1,-1,1,-1,-1,1,1,-1,1,1,-1,1,1,1,-1,1,1,-1,1,1,-1,-1,1,1,-1,-1,1,1,1,-1,1,-1,1,1,1,-1,1,1,-1,1,1,1,-1,1,-1,-1,1,1,1,-1,1,-1,-1,-1,1,1,1,1,-1,-1,1,-1,1,-1,1,1,-1,-1,1,1,-1,-1,1,-1,-1,1,1,-1,1,-1,-1,-1,-1,-1,-1,1,1,-1,-1,1,1,-1,1,-1,-1,-1,1,1,-1,1,-1,-1,1,1,-1,1,1,-1,-1,-1,-1,1,-1,-1,1,-1,-1,1,-1,-1,1,-1,-1,1,-1,-1,1,-1,1,-1,-1,1,-1,-1,1,-1,-1,1,1,-1,1,-1,1,-1,-1,1,-1,-1,-1,-1,-1,-1,1,-1,-1,1,1,-1,-1,1,-1,1,-1,-1,1,-1,1,-1,-1,1,1,-1,-1,1,-1,-1,-1,-1,-1,1,1,-1,-1,1,1,-1,1,-1,1,-1,1,1,-1,1,-1,-1,-1,-1,-1,-1,1,-1,1,-1,1,1,-1,1,-1,-1,1,-1,-1,1,-1,1,-1,1,-1,1,-1,1,1,-1,-1,-1,1,-1,1,-1,-1,1,-1,1,1,1,1,-1,-1,-1,1,-1,1,1,-1,-1,1,1,1,-1,1,1,-1,1,1,1,1,1,-1,1,-1,-1,-1,1,-1,-1,1,-1,1,-1,1,-1,1,-1,-1,-1,1,1,-1,1,1,-1,-1,-1,1,-1,1,1,-1,1,-1,1,-1,-1,-1,-1,-1,-1,1,-1,-1,-1,-1,-1,-1,1,-1,1,1,1,1,-1,1,-1,1,1,-1,-1,-1,1,-1,-1,1,-1,1,-1,-1,1,1,1,1,-1,-1,1,1,1,1,-1,1,-1,-1,1,1,1,-1,-1,-1,1,1,1,1,-1,-1,-1,1,-1,1,-1,1,-1,-1,-1,1,1,1,-1,-1,-1,-1,1,1,1,1,-1,-1,-1,1,1,1,1,-1,-1,-1,1,1,1,-1,-1,-1,1,1,1,1,1,-1,-1,-1,1,1,1,1,-1,-1,-1,1,1,-1,1,-1,-1,-1,1,1,1,1,-1,-1,1,1,1,1,-1,-1,1,1,-1,1,1,-1,-1,-1,1,1,1,1,1,-1,1,1,1,1,1,-1,-1,-1,1,-1,1,-1,-1,-1,-1,1,-1,1,1,-1,-1,-1,1,-1,1,1,-1,1,-1,1,1,1,1,-1,1,-1,1,-1,1,1,-1,-1,-1,1,1,-1,-1,-1,-1,-1,1,-1,1,-1,-1,-1,-1,-1,-1,-1,1,-1,-1,-1,1,-1,-1,1,-1,-1,-1,-1,-1,-1,1,-1,-1,-1,-1,-1,1,-1,-1,-1,1,-1,-1,1,-1,1,-1,-1,-1,-1,-1,-1,-1,1,-1,-1,-1,1,1,1,-1,-1,1,1,-1,-1,-1,-1,1,-1,-1,1,1,1,-1,-1,1,-1,1,-1,1,1,-1,1,-1,-1,1,1,-1,-1,-1,-1,-1,-1,1,1,-1,-1,1,-1,1,1,-1,-1,-1,1,-1,1,1,-1,-1,1,1,-1,1,1,1,-1,1,-1,1,1,1,-1,-1,1,-1,-1,1,1,1,1,-1,1,-1,1,1,1,-1,1,-1,-1,1,1,-1,1,-1,1,-1,1,1,1,1,1,-1,-1,1,1,1,1,1,-1,-1,1,1,1,1,-1,-1,-1,1,-1,1,1,1,-1,1,1,1,-1,1,1,-1,-1,1,1,1,1,1,-1,1,1,1,1,1,1,-1,1,-1,1,1,1,1,-1,1,-1,1,1,1,-1,1,1,1,1,1,1,-1,1,-1,1,1,1,-1,1,1,1,1,1,1,1,1,-1,1,1,1,1,1,-1,-1,1,-1,1,1,1,-1,1,-1,1,1,1,1,-1,1,1,1,-1,1,1,1,-1,1,1,-1,-1,1,1,-1,1,-1,1,1,1,-1,-1,-1,-1,1,-1,1,-1,1,1,1,1,1,-1,-1,1,1,1,1,1,1,-1,1,-1,1,1,1,-1,-1,-1,-1,-1,-1,-1,-1,-1,-1,-1,1,1,1,-1,1,1,-1,-1,1,1,1,-1,1,-1,1,1,1,-1,-1,1,-1,1,1,1,-1,-1,1,-1,1,1,1,-1,-1,1,-1,1,-1,1,1,-1,1,-1,-1,1,1,-1,-1,-1,-1,1,1,-1,1,-1,1,-1,-1,1,-2670.0,1,2000,445,1500,False
1374,1,1,-1,-1,1,-1,-1,-1,1,1,1,-1,1,1,1,1,-1,1,-1,-1,-1,-1,1,1,1,-1,-1,-1,1,1,1,1,1,-1,-1,-1,1,-1,1,1,-1,-1,-1,1,1,1,1,-1,1,1,1,1,-1,1,-1,-1,1,-1,1,1,1,-1,-1,-1,1,1,1,1,-1,-1,-1,1,1,1,1,-1,-1,-1,1,1,1,-1,-1,-1,1,1,1,1,-1,-1,-1,1,1,1,1,-1,-1,1,1,-1,1,1,-1,-1,1,1,1,1,1,-1,-1,1,1,-1,1,1,-1,-1,1,1,1,1,1,1,-1,-1,1,1,-1,1,1,-1,1,1,1,1,1,1,-1,-1,1,1,1,1,1,-1,1,1,1,1,1,1,-1,-1,-1,1,1,1,1,-1,1,1,1,1,-1,1,-1,1,-1,1,1,1,-1,-1,1,1,1,1,1,-1,1,-1,-1,1,-1,1,-1,1,1,1,1,1,1,1,1,1,-1,1,-1,1,-1,1,1,-1,1,-1,1,1,-1,1,-1,1,-1,1,-1,1,1,-1,1,-1,1,1,1,1,-1,-1,1,1,-1,-1,1,-1,1,-1,-1,1,-1,1,-1,1,-1,1,-1,-1,1,-1,-1,-1,1,1,-1,1,-1,1,1,1,-1,1,1,-1,-1,-1,1,-1,1,-1,1,-1,1,1,-1,1,-1,-1,-1,1,1,-1,1,-1,-1,-1,1,1,-1,-1,1,1,-1,-1,1,1,-1,1,1,-1,1,1,1,1,-1,1,-1,1,1,-1,1,-1,1,-1,1,1,1,1,1,1,-1,-1,1,-1,-1,-1,1,1,-1,1,1,1,-1,1,1,1,1,1,1,1,1,-1,1,1,1,-1,-1,1,-1,1,1,1,-1,1,1,-1,-1,1,1,1,-1,1,-1,1,1,1,-1,1,1,-1,1,1,1,-1,1,1,-1,1,1,1,-1,1,1,-1,-1,1,1,-1,1,1,-1,1,-1,1,-1,1,1,1,-1,1,1,1,-1,1,1,-1,1,1,-1,1,-1,1,-1,-1,-1,-1,1,1,1,-1,1,1,-1,1,1,-1,-1,1,1,1,1,1,-1,1,1,1,-1,1,1,1,1,-1,1,1,1,-1,1,-1,1,1,1,1,1,1,-1,-1,-1,1,-1,-1,1,-1,1,-1,1,-1,1,1,1,-1,-1,1,-1,-1,1,-1,1,-1,1,1,1,1,1,1,-1,-1,1,-1,1,1,-1,-1,1,1,1,-1,1,-1,-1,-1,1,-1,1,1,-1,-1,1,1,1,1,-1,1,-1,1,-1,-1,1,-1,-1,-1,1,-1,1,1,-1,-1,-1,1,-1,1,1,1,-1,-1,1,-1,-1,1,-1,-1,-1,1,-1,1,1,1,-1,-1,1,1,-1,1,-1,-1,-1,-1,1,-1,1,-1,-1,-1,1,-1,-1,1,-1,-1,-1,-1,1,-1,1,-1,-1,-1,-1,1,-1,-1,1,1,1,-1,1,-1,1,-1,1,1,1,-1,-1,-1,1,-1,-1,-1,1,1,-1,1,-1,1,1,1,-1,1,1,-1,1,-1,1,-1,-1,1,-1,-1,1,1,1,-1,1,-1,-1,1,1,-1,-1,1,-1,-1,1,1,-1,-1,1,-1,-1,-1,1,1,-1,1,1,-1,-1,1,-1,-1,1,-1,1,-1,1,1,-1,-1,1,-1,-1,-1,-1,-1,1,1,1,-1,-1,1,-1,-1,1,-1,-1,1,-1,-1,1,1,-1,-1,1,1,-1,1,1,-1,1,-1,1,-1,-1,1,1,-1,-1,-1,-1,1,1,-1,-1,1,-1,-1,-1,1,1,-1,-1,-1,-1,-1,1,-1,-1,-1,-1,-1,1,1,1,-1,-1,-1,-1,-1,1,1,-1,-1,-1,-1,-1,1,1,1,-1,-1,-1,-1,1,1,-1,-1,-1,-1,1,1,1,1,1,-1,1,1,1,1,1,1,-1,-1,1,1,1,-1,1,-1,1,1,1,1,-1,1,-1,-1,1,-1,1,-1,1,-1,-1,1,-1,1,-1,1,-1,-1,1,-1,1,-1,1,1,-1,1,-1,1,1,1,1,-1,1,-1,1,1,1,-1,-1,1,1,-1,1,1,-1,-1,1,-1,1,-1,1,-1,-1,-1,-1,-1,1,1,-1,-1,1,-1,-1,1,1,-1,-1,-1,-1,1,-1,1,-1,-1,-1,-1,-1,1,-1,-1,1,-1,-1,1,-1,1,-1,-1,-1,-1,-1,1,1,1,-1,-1,-1,1,1,1,-1,-1,1,-1,-1,-1,1,-1,1,-1,-1,1,1,1,-1,-1,-1,-1,1,-1,1,1,-1,1,-1,-1,1,1,-1,-1,-1,-1,-1,-1,1,1,-1,-1,1,-1,1,1,-1,-1,-1,1,-1,1,1,-1,-1,1,-1,-1,1,1,1,-1,1,-1,1,1,1,-1,-1,1,-1,-1,1,1,1,-1,1,-1,-1,1,1,-1,1,1,-1,-1,1,1,-1,1,1,-1,-1,1,1,1,1,1,-1,-1,1,1,1,1,-1,1,-1,-1,1,1,1,1,-1,-1,1,-1,1,1,1,1,-1,-1,1,-1,1,1,1,-1,1,1,1,1,-1,1,-1,1,1,1,1,1,1,1,-1,1,1,1,1,-1,1,-1,1,1,1,1,1,-1,1,1,1,1,-1,1,1,-1,1,1,-1,1,1,-1,-1,1,1,1,1,-1,1,-1,1,1,1,-1,-1,1,-1,1,1,1,-1,1,-1,-1,-1,1,1,-1,-1,1,-1,-1,1,1,-1,-1,1,-1,-1,1,1,1,-1,1,-1,-1,1,1,-1,-1,-1,1,-1,-1,1,-1,1,1,-1,1,1,-1,-1,1,1,-1,-1,1,1,-1,1,1,-1,1,1,-1,-1,-1,-1,1,-1,-1,-1,-1,1,-1,-1,1,1,-1,1,1,-1,1,1,1,1,-1,1,-1,1,1,1,1,-1,1,-1,-1,-1,1,1,-1,1,-1,1,1,1,1,-1,1,-1,1,1,1,-1,-1,1,-1,-1,1,1,-1,-1,-1,1,-1,1,-1,1,-1,1,-1,-1,1,-2670.0,1,2000,445,1500,False
1375,1,1,-1,-1,1,-1,-1,-1,1,1,1,-1,1,1,1,1,-1,1,-1,-1,1,-1,1,1,1,-1,-1,-1,1,1,1,1,-1,-1,-1,-1,1,1,1,1,-1,-1,-1,1,1,1,1,-1,1,1,1,1,-1,1,-1,-1,1,-1,1,1,1,-1,-1,-1,1,1,1,1,-1,-1,-1,1,1,1,1,-1,-1,-1,1,1,1,-1,-1,-1,1,1,1,1,-1,-1,-1,1,1,1,1,-1,-1,1,1,-1,1,1,-1,-1,1,1,1,1,1,-1,-1,1,1,1,1,1,-1,-1,1,1,1,1,1,1,-1,-1,1,1,-1,1,1,-1,1,1,1,1,1,1,-1,-1,1,1,1,1,1,-1,1,1,1,1,1,1,-1,-1,-1,1,1,1,1,-1,1,1,1,1,-1,1,-1,1,-1,1,1,1,-1,-1,1,1,1,1,1,-1,1,-1,-1,1,-1,1,-1,1,1,1,1,1,1,1,1,1,1,1,-1,1,-1,1,1,-1,1,-1,1,1,-1,1,-1,1,-1,1,-1,1,1,-1,1,-1,1,1,1,1,-1,-1,1,1,-1,-1,1,-1,1,-1,-1,1,-1,1,-1,1,-1,1,-1,-1,1,-1,-1,-1,1,1,-1,1,-1,1,1,1,-1,1,1,-1,1,-1,1,-1,1,-1,1,-1,1,1,-1,1,-1,-1,-1,1,1,-1,1,-1,-1,-1,1,1,-1,-1,1,1,-1,-1,1,1,-1,1,1,-1,1,1,1,1,-1,1,-1,1,1,-1,1,-1,1,1,-1,1,1,1,1,1,-1,-1,1,-1,-1,1,1,1,-1,1,1,1,-1,1,-1,-1,1,1,1,1,1,-1,1,1,1,-1,-1,1,-1,1,1,1,-1,1,1,-1,-1,1,1,1,-1,1,-1,1,1,1,-1,1,1,-1,1,1,1,-1,1,-1,-1,1,1,1,-1,1,-1,-1,-1,1,1,-1,1,-1,-1,1,-1,1,-1,1,1,-1,-1,1,1,1,-1,1,-1,-1,1,1,-1,1,-1,-1,-1,-1,-1,-1,1,1,-1,-1,1,1,-1,1,-1,-1,-1,1,1,1,1,-1,-1,1,1,1,-1,1,-1,-1,-1,-1,1,1,1,1,-1,-1,1,1,1,1,-1,-1,1,-1,-1,1,-1,1,-1,-1,1,-1,1,-1,-1,-1,1,1,-1,1,-1,1,-1,-1,1,-1,1,1,-1,-1,-1,1,-1,-1,1,1,-1,-1,1,-1,1,1,-1,1,-1,1,-1,-1,1,1,-1,-1,1,-1,1,1,-1,-1,1,1,-1,1,-1,1,-1,1,-1,-1,1,-1,1,-1,1,-1,-1,1,-1,-1,-1,1,-1,-1,1,-1,1,-1,1,-1,-1,1,-1,-1,1,-1,1,-1,1,1,1,-1,1,1,-1,-1,-1,1,-1,1,-1,-1,1,-1,1,1,1,1,-1,-1,1,1,-1,1,1,-1,-1,1,1,1,-1,1,1,-1,1,1,1,1,1,1,1,-1,-1,-1,1,-1,-1,1,1,1,-1,1,-1,1,-1,-1,-1,1,1,-1,1,1,-1,-1,-1,1,-1,1,1,-1,1,-1,1,-1,-1,-1,-1,-1,-1,1,-1,-1,-1,-1,-1,-1,1,-1,1,1,1,1,-1,1,-1,1,1,-1,-1,-1,1,-1,-1,1,-1,1,-1,-1,1,1,1,1,-1,-1,1,1,1,1,-1,1,-1,-1,1,1,1,-1,-1,-1,1,1,1,1,-1,-1,-1,1,-1,1,-1,1,1,-1,-1,1,1,1,-1,-1,-1,1,1,1,1,1,-1,-1,-1,1,1,1,1,-1,-1,-1,1,1,1,-1,-1,-1,1,1,1,1,1,-1,-1,-1,1,1,1,1,-1,-1,-1,1,1,-1,1,-1,-1,-1,1,1,1,1,-1,-1,1,1,1,1,-1,-1,1,1,-1,1,1,-1,-1,-1,1,1,1,1,1,-1,1,1,1,1,1,-1,-1,-1,1,-1,1,-1,-1,-1,-1,1,-1,1,1,1,-1,-1,1,-1,1,1,-1,-1,-1,1,1,1,1,-1,-1,-1,1,-1,1,1,-1,-1,-1,1,1,-1,-1,-1,-1,-1,1,-1,1,-1,-1,-1,-1,-1,-1,-1,1,-1,-1,-1,1,-1,-1,1,-1,-1,-1,-1,-1,1,1,-1,-1,-1,-1,-1,1,-1,-1,-1,1,-1,-1,1,-1,1,-1,-1,-1,-1,-1,-1,-1,1,-1,-1,-1,1,1,-1,-1,-1,1,1,-1,-1,-1,-1,1,-1,-1,1,1,1,-1,-1,-1,-1,1,-1,1,1,-1,1,-1,-1,1,1,-1,-1,-1,-1,-1,-1,1,1,-1,-1,1,-1,1,1,-1,-1,-1,1,-1,1,1,-1,-1,1,-1,-1,1,1,1,-1,1,-1,1,1,1,-1,-1,1,-1,-1,1,-1,1,-1,1,-1,-1,1,1,-1,1,1,-1,-1,1,1,-1,1,1,-1,-1,1,1,-1,1,1,-1,-1,1,1,1,1,-1,1,-1,-1,1,1,-1,1,-1,-1,1,-1,1,1,1,1,-1,-1,1,-1,1,1,1,-1,1,1,1,1,-1,1,-1,1,1,1,1,1,1,1,-1,1,1,1,1,-1,1,-1,1,1,1,1,1,-1,1,1,1,1,-1,1,1,-1,1,1,-1,1,1,-1,-1,1,1,1,1,-1,1,-1,1,1,1,-1,-1,1,-1,1,1,1,-1,1,-1,-1,-1,1,1,-1,-1,1,-1,-1,1,1,1,-1,1,-1,-1,1,1,1,-1,-1,-1,-1,1,1,-1,-1,-1,1,-1,-1,1,-1,1,1,-1,1,1,-1,-1,1,1,-1,-1,1,1,-1,1,1,-1,1,1,-1,-1,-1,-1,1,-1,-1,-1,-1,1,-1,-1,1,1,-1,1,1,-1,1,1,1,1,-1,1,-1,1,1,1,1,-1,1,-1,1,1,1,1,-1,1,-1,-1,1,1,1,-1,1,-1,1,1,-1,-1,-1,1,-1,-1,1,1,-1,-1,-1,1,-1,1,-1,1,-1,1,-1,-1,1,-2670.0,1,2000,445,1000,False
1376,1,1,-1,-1,1,-1,-1,-1,1,1,1,-1,1,1,1,1,-1,1,1,-1,-1,-1,1,1,1,1,-1,-1,1,1,1,1,-1,-1,-1,-1,1,-1,1,1,-1,-1,-1,1,1,1,1,-1,1,1,1,1,-1,1,-1,-1,1,-1,1,1,1,-1,-1,-1,1,1,1,1,-1,-1,-1,1,1,1,1,-1,-1,-1,1,1,1,-1,-1,-1,1,1,1,1,-1,-1,1,1,1,1,1,-1,-1,-1,1,-1,1,1,-1,-1,1,1,1,1,1,-1,-1,-1,1,1,1,1,-1,-1,1,1,1,1,1,1,-1,-1,1,1,-1,1,1,-1,1,1,1,1,1,1,-1,1,1,1,1,1,1,-1,1,1,1,1,1,1,-1,-1,-1,1,1,1,1,-1,1,1,1,1,-1,1,-1,1,-1,1,1,1,-1,-1,1,1,1,1,1,-1,1,-1,-1,1,-1,1,-1,1,1,1,1,1,1,1,1,1,-1,1,-1,1,-1,1,1,-1,1,-1,1,1,-1,1,-1,1,-1,1,-1,1,1,-1,-1,-1,1,1,1,1,-1,-1,1,1,-1,-1,1,-1,1,-1,1,1,-1,1,-1,1,-1,1,-1,-1,1,-1,-1,-1,1,1,-1,1,-1,1,1,1,-1,1,1,-1,1,-1,1,-1,1,-1,1,-1,1,1,-1,1,-1,-1,-1,1,1,-1,1,-1,-1,-1,1,1,-1,-1,1,1,-1,-1,1,1,-1,1,1,-1,1,1,1,1,-1,1,-1,1,1,-1,1,-1,1,1,1,1,1,1,1,1,-1,-1,1,-1,-1,-1,1,1,-1,1,1,1,-1,1,1,1,1,1,1,1,1,-1,1,1,1,-1,-1,1,-1,1,1,1,-1,1,1,-1,-1,1,1,1,-1,1,-1,1,1,1,-1,1,1,-1,1,1,1,-1,1,1,-1,1,1,1,-1,1,1,-1,-1,1,1,-1,1,1,-1,1,-1,1,-1,1,1,1,-1,1,1,1,-1,1,1,-1,1,1,-1,1,1,1,-1,-1,-1,-1,1,1,1,-1,1,1,-1,1,1,-1,-1,1,1,1,1,1,-1,1,1,1,-1,1,1,1,-1,-1,1,1,1,-1,1,-1,1,1,1,1,1,1,-1,-1,-1,1,-1,-1,1,-1,1,-1,1,-1,1,1,1,-1,-1,1,-1,-1,1,-1,1,-1,1,1,1,1,1,1,-1,-1,1,-1,1,1,-1,-1,1,1,1,-1,1,-1,-1,-1,1,-1,1,1,-1,-1,1,1,1,1,-1,1,-1,1,-1,1,1,-1,-1,-1,1,-1,1,1,-1,-1,-1,1,-1,1,1,1,-1,-1,1,1,-1,1,-1,-1,-1,1,-1,1,1,1,-1,-1,1,-1,-1,1,-1,-1,-1,-1,-1,1,1,-1,-1,-1,1,-1,-1,1,-1,-1,-1,-1,1,-1,1,-1,-1,-1,-1,1,-1,-1,1,1,1,-1,1,-1,1,1,1,1,1,-1,-1,-1,1,-1,-1,-1,1,1,-1,1,-1,1,1,1,-1,1,1,-1,-1,-1,1,-1,-1,1,-1,-1,1,1,1,-1,1,-1,-1,1,1,-1,-1,1,-1,-1,1,1,-1,-1,1,-1,-1,-1,1,1,-1,1,-1,-1,-1,1,-1,-1,1,-1,1,-1,1,1,-1,-1,1,-1,-1,-1,-1,-1,1,1,1,-1,-1,1,-1,-1,1,-1,-1,1,-1,-1,1,1,-1,-1,1,-1,-1,1,1,-1,1,-1,-1,-1,-1,1,1,-1,-1,-1,-1,-1,1,-1,-1,1,-1,-1,-1,1,1,-1,-1,-1,-1,-1,1,-1,-1,-1,-1,-1,-1,1,1,-1,-1,-1,-1,1,1,1,-1,-1,-1,-1,-1,1,1,1,-1,-1,-1,-1,1,1,-1,-1,-1,-1,1,1,1,1,1,-1,1,1,1,1,1,1,-1,-1,1,1,1,-1,-1,-1,1,1,1,1,-1,1,-1,-1,1,-1,1,-1,1,-1,-1,1,-1,1,-1,1,-1,-1,1,-1,1,-1,1,1,-1,1,-1,1,1,1,1,-1,1,-1,1,1,1,-1,-1,1,1,-1,1,1,-1,-1,1,-1,1,-1,1,-1,-1,-1,-1,-1,1,1,-1,-1,1,-1,-1,1,1,-1,-1,-1,-1,1,-1,1,-1,-1,-1,-1,1,1,-1,-1,1,-1,-1,1,-1,1,-1,-1,-1,-1,-1,1,1,1,-1,-1,-1,1,1,1,-1,-1,-1,1,-1,-1,1,-1,1,-1,-1,1,1,1,-1,-1,-1,-1,1,-1,1,1,-1,1,-1,-1,1,1,-1,-1,-1,-1,-1,-1,1,1,-1,-1,1,-1,1,1,-1,-1,-1,1,-1,1,1,-1,-1,1,-1,-1,1,1,1,-1,1,-1,1,1,1,-1,-1,1,-1,-1,1,1,1,-1,1,-1,-1,1,1,-1,1,1,-1,-1,1,1,-1,1,1,-1,-1,1,1,-1,1,1,-1,-1,1,1,1,1,-1,1,-1,-1,1,-1,1,1,-1,-1,1,-1,1,1,1,1,-1,-1,1,-1,1,1,1,-1,1,1,1,1,-1,1,-1,1,1,1,1,1,1,1,-1,1,1,1,1,-1,1,-1,1,1,1,1,1,-1,1,1,1,1,-1,1,1,-1,1,1,-1,1,1,-1,-1,1,1,1,1,-1,1,-1,1,1,1,-1,-1,1,-1,1,1,1,-1,1,-1,-1,-1,1,1,-1,-1,1,-1,-1,1,1,-1,-1,1,-1,-1,1,1,1,-1,-1,-1,-1,1,1,-1,-1,-1,1,-1,-1,1,-1,1,1,-1,1,1,-1,-1,1,1,-1,-1,1,1,-1,1,1,-1,1,1,-1,-1,-1,-1,1,-1,-1,-1,-1,1,-1,-1,1,1,-1,1,1,-1,1,1,1,1,-1,1,-1,1,1,1,-1,-1,1,-1,-1,1,1,-1,-1,1,-1,1,1,1,-1,-1,1,-1,1,1,1,1,-1,1,-1,-1,1,1,1,-1,-1,1,-1,1,-1,1,-1,1,-1,-1,1,-2670.0,1,2000,445,1500,False
1377,-1,-1,1,1,1,1,-1,1,-1,-1,-1,1,-1,1,-1,-1,1,-1,1,1,1,-1,-1,-1,-1,1,-1,-1,-1,-1,-1,-1,1,1,-1,-1,1,-1,-1,-1,1,-1,-1,-1,-1,-1,-1,-1,1,1,-1,-1,1,-1,1,-1,-1,1,-1,-1,-1,1,1,1,-1,-1,-1,-1,-1,-1,-1,1,-1,-1,-1,-1,1,-1,1,-1,-1,1,1,-1,1,-1,-1,1,-1,1,-1,-1,-1,-1,-1,-1,-1,1,1,-1,-1,-1,-1,-1,1,1,1,-1,-1,-1,-1,1,1,1,-1,-1,-1,-1,1,1,1,-1,-1,-1,-1,1,1,1,-1,-1,-1,-1,1,1,1,-1,-1,-1,-1,1,1,1,-1,-1,-1,-1,-1,1,1,1,-1,-1,-1,1,-1,1,1,-1,-1,-1,1,1,1,1,-1,-1,-1,1,-1,1,-1,-1,-1,-1,1,1,1,-1,-1,-1,1,-1,-1,1,-1,-1,-1,1,1,1,1,1,-1,1,1,1,-1,1,-1,-1,-1,1,1,-1,1,1,-1,-1,-1,1,-1,1,-1,-1,-1,1,1,-1,1,-1,-1,1,1,1,-1,-1,1,-1,-1,-1,1,-1,1,1,-1,1,-1,1,-1,1,1,-1,-1,1,1,-1,-1,1,1,-1,-1,1,-1,1,1,1,-1,1,1,-1,1,1,-1,-1,1,-1,1,-1,1,-1,-1,1,-1,-1,1,-1,1,-1,1,-1,-1,-1,-1,1,-1,-1,1,1,-1,-1,-1,-1,-1,1,1,-1,1,-1,1,-1,-1,1,-1,1,1,-1,1,-1,1,1,-1,1,-1,-1,-1,1,-1,-1,1,-1,1,-1,1,1,-1,1,1,1,-1,1,-1,-1,1,1,-1,-1,1,-1,1,1,-1,1,-1,1,-1,1,1,1,-1,1,1,-1,1,-1,1,-1,-1,1,-1,1,1,1,1,1,1,-1,1,1,1,1,1,-1,-1,1,1,1,1,1,-1,-1,1,1,1,1,1,-1,-1,-1,-1,1,-1,1,1,-1,1,1,1,1,1,1,-1,-1,-1,1,1,-1,-1,-1,1,-1,-1,-1,1,1,-1,1,-1,1,-1,1,-1,1,-1,1,1,1,1,-1,1,-1,1,1,-1,1,-1,-1,-1,-1,1,1,1,1,-1,-1,1,-1,1,1,-1,-1,1,-1,-1,1,-1,1,-1,1,-1,1,-1,1,-1,-1,1,1,-1,1,-1,1,-1,-1,1,-1,1,-1,-1,-1,-1,1,-1,-1,1,1,-1,-1,1,-1,1,1,-1,1,-1,1,-1,1,-1,1,-1,1,1,-1,-1,-1,-1,-1,1,1,-1,1,-1,1,-1,1,-1,1,1,1,1,-1,1,-1,-1,1,-1,-1,-1,1,-1,1,-1,1,1,-1,1,-1,-1,1,-1,-1,1,-1,1,-1,-1,-1,1,-1,1,1,-1,-1,-1,1,-1,1,-1,-1,1,-1,1,1,-1,1,-1,-1,1,1,-1,-1,1,-1,-1,1,1,1,1,1,1,-1,1,1,1,-1,-1,1,1,-1,-1,-1,1,-1,1,1,-1,1,-1,1,-1,1,-1,-1,-1,1,1,-1,1,1,-1,1,-1,1,-1,1,1,-1,1,-1,1,-1,-1,-1,-1,1,-1,1,-1,-1,-1,-1,1,-1,1,-1,1,1,1,1,-1,1,-1,1,1,-1,1,-1,1,-1,-1,1,-1,1,-1,-1,1,1,1,1,1,-1,1,1,1,1,-1,1,-1,-1,1,1,1,-1,-1,-1,1,1,1,1,-1,-1,-1,1,-1,1,-1,1,1,-1,-1,1,1,1,-1,-1,-1,-1,1,1,1,1,1,-1,-1,1,1,1,1,1,-1,-1,1,-1,1,-1,1,-1,1,1,1,1,1,1,-1,-1,1,-1,1,1,1,-1,-1,1,1,-1,1,1,-1,-1,1,1,1,1,1,1,-1,-1,1,-1,1,1,1,1,-1,1,1,-1,1,-1,1,1,-1,1,1,1,1,-1,1,-1,1,1,1,-1,1,-1,1,-1,1,1,1,-1,1,-1,1,-1,1,1,-1,1,-1,1,-1,1,1,-1,1,-1,-1,1,1,1,1,-1,-1,-1,-1,1,1,-1,-1,1,-1,-1,1,1,1,-1,1,-1,-1,1,1,-1,-1,-1,1,-1,1,1,-1,-1,-1,1,-1,1,1,1,1,1,1,-1,1,1,-1,-1,1,-1,-1,1,1,1,-1,1,-1,1,1,1,1,-1,-1,-1,-1,1,1,1,-1,1,1,-1,1,1,1,-1,1,-1,-1,1,1,1,-1,1,1,1,1,1,1,-1,1,-1,1,1,1,1,1,-1,1,1,1,1,1,1,-1,-1,1,-1,1,1,1,-1,1,1,1,1,1,1,-1,1,1,1,1,1,1,-1,1,1,-1,1,1,-1,1,1,1,1,1,1,-1,-1,1,1,1,1,1,-1,-1,1,1,1,1,1,1,-1,1,1,1,1,1,1,-1,1,1,1,1,1,1,-1,1,1,-1,1,1,1,-1,1,1,-1,1,1,1,-1,1,-1,-1,1,1,1,-1,-1,1,-1,1,1,1,-1,1,1,-1,1,-1,1,-1,1,1,-1,1,1,1,-1,-1,1,1,1,1,-1,1,-1,1,1,1,1,-1,1,-1,1,1,1,-1,-1,1,-1,1,1,-1,1,-1,-1,-1,1,-1,1,-1,1,-1,-1,1,-1,1,-1,-1,-1,-1,1,-1,1,-1,1,-1,-1,-1,1,1,-1,1,-1,-1,1,-1,1,-1,1,1,-1,1,-1,1,1,1,1,-1,-1,1,1,-1,-1,1,1,1,1,-1,-1,1,-1,-1,1,1,-1,-1,1,-1,-1,-1,-1,1,-1,1,1,1,1,-1,1,-1,-1,-1,-1,-1,-1,-1,-1,1,-1,1,1,1,-1,1,1,-1,1,1,-1,-1,-1,1,-1,1,1,1,1,-1,1,-1,1,1,1,-1,-1,1,-1,1,1,1,-1,-1,1,-1,1,1,-1,-1,-1,1,-1,-1,1,1,-1,-1,-1,1,-1,1,-1,1,-1,1,-1,-1,1,-2670.0,1,2000,445,1500,True
1378,-1,-1,1,1,1,1,-1,1,-1,-1,-1,1,-1,1,-1,-1,1,-1,1,1,1,1,-1,-1,-1,1,-1,-1,-1,-1,-1,-1,1,1,-1,1,1,-1,-1,-1,1,-1,1,-1,-1,-1,-1,-1,1,-1,-1,-1,1,-1,1,-1,-1,1,-1,-1,-1,1,1,1,-1,-1,-1,-1,-1,-1,1,-1,-1,-1,-1,-1,1,1,-1,-1,-1,1,1,-1,-1,-1,-1,1,-1,1,-1,-1,-1,-1,-1,-1,-1,1,-1,1,-1,-1,-1,-1,1,-1,-1,-1,-1,-1,-1,-1,-1,-1,-1,-1,-1,-1,1,-1,-1,-1,-1,-1,-1,-1,-1,-1,1,-1,-1,-1,1,-1,-1,1,-1,-1,-1,1,-1,-1,1,-1,-1,-1,1,-1,-1,-1,-1,-1,-1,1,1,-1,1,1,-1,-1,1,1,-1,-1,-1,-1,-1,1,1,-1,-1,-1,-1,-1,1,-1,-1,1,-1,-1,1,-1,1,-1,-1,-1,-1,-1,-1,-1,-1,1,-1,-1,1,1,1,-1,1,-1,1,-1,1,1,-1,1,-1,-1,-1,1,1,-1,1,-1,1,-1,1,1,-1,1,-1,1,-1,-1,1,1,-1,1,-1,-1,1,1,1,1,-1,1,-1,-1,1,-1,1,-1,1,1,-1,1,1,1,-1,-1,1,-1,1,-1,-1,1,1,1,-1,1,-1,1,-1,1,-1,-1,1,1,-1,-1,1,-1,-1,1,1,-1,-1,1,-1,-1,1,1,1,-1,1,1,-1,1,1,1,-1,1,1,-1,1,1,-1,-1,-1,1,-1,1,1,-1,-1,1,-1,-1,1,-1,1,-1,-1,1,-1,1,1,1,-1,1,1,-1,1,-1,1,-1,1,1,-1,1,1,1,-1,1,-1,-1,1,1,-1,-1,1,-1,-1,1,1,-1,1,-1,1,-1,1,1,-1,1,-1,1,-1,1,1,1,1,1,-1,1,1,1,1,1,1,-1,1,-1,1,-1,1,1,-1,1,-1,1,1,-1,1,1,1,-1,1,1,1,1,-1,1,1,-1,1,-1,1,-1,-1,1,-1,1,-1,1,-1,1,-1,-1,1,1,-1,-1,1,1,-1,1,-1,1,-1,1,-1,1,1,-1,1,-1,1,1,-1,1,-1,-1,1,1,-1,-1,1,-1,1,-1,-1,1,-1,1,1,-1,-1,1,-1,-1,1,1,-1,1,-1,1,-1,-1,1,-1,-1,1,-1,-1,-1,1,-1,1,-1,1,-1,-1,1,-1,-1,-1,-1,-1,-1,1,-1,-1,1,1,-1,-1,1,-1,1,-1,-1,1,-1,1,-1,-1,1,1,-1,-1,-1,1,-1,-1,-1,1,-1,1,-1,-1,1,1,-1,-1,-1,1,-1,1,1,-1,-1,-1,-1,-1,-1,-1,-1,-1,-1,1,-1,1,1,-1,1,-1,-1,1,-1,-1,1,-1,-1,-1,1,-1,1,-1,1,-1,-1,-1,-1,1,-1,1,-1,-1,1,-1,1,1,1,-1,-1,-1,-1,1,-1,1,-1,1,-1,1,1,1,-1,1,1,-1,1,1,1,1,1,-1,1,-1,1,1,-1,1,-1,1,-1,-1,1,-1,-1,1,-1,-1,1,-1,-1,-1,1,1,-1,1,1,-1,-1,1,1,-1,-1,1,-1,-1,-1,-1,-1,1,1,-1,-1,-1,-1,-1,1,1,-1,-1,1,1,1,-1,1,-1,1,-1,1,-1,1,1,-1,1,-1,1,-1,-1,1,1,-1,1,1,1,1,1,1,-1,-1,1,-1,1,1,1,-1,-1,1,-1,1,1,-1,-1,1,1,-1,1,1,-1,-1,1,-1,1,1,1,1,-1,1,1,-1,1,1,1,-1,1,1,1,1,1,1,-1,-1,1,1,1,1,1,-1,1,1,-1,1,1,1,-1,-1,1,1,1,-1,1,-1,-1,1,1,1,1,1,-1,-1,-1,1,1,1,1,-1,-1,1,1,1,1,-1,1,-1,1,-1,1,-1,-1,1,-1,1,-1,1,1,-1,-1,1,-1,1,1,-1,-1,-1,-1,1,-1,1,1,-1,1,-1,1,-1,1,-1,1,-1,-1,1,-1,1,1,-1,1,-1,1,-1,1,1,-1,-1,-1,1,-1,1,1,-1,1,1,1,1,1,-1,1,1,-1,1,1,1,1,-1,1,-1,1,-1,1,1,-1,1,1,-1,1,1,1,-1,1,1,-1,1,1,1,1,1,-1,-1,1,1,1,1,1,-1,1,-1,1,1,1,1,1,-1,1,1,1,1,1,1,-1,1,1,1,1,1,-1,1,1,1,1,1,1,1,-1,1,1,1,1,1,-1,1,1,1,1,1,1,-1,1,1,1,1,1,1,1,-1,1,1,1,1,1,-1,-1,1,-1,1,1,1,-1,1,1,1,1,1,-1,-1,1,1,1,1,1,1,-1,1,1,-1,1,1,-1,1,1,1,1,1,1,-1,-1,1,1,1,1,-1,1,-1,1,1,1,-1,-1,-1,-1,1,1,1,1,-1,1,-1,1,1,1,1,1,-1,-1,1,1,-1,1,1,-1,-1,1,1,-1,1,-1,-1,-1,1,-1,1,1,1,-1,1,1,1,-1,1,1,-1,-1,1,1,-1,1,1,-1,1,1,1,-1,1,1,-1,1,-1,1,1,1,1,-1,1,-1,1,1,1,-1,1,1,1,1,1,1,1,1,-1,1,1,1,-1,1,1,1,1,1,-1,1,1,-1,1,1,1,-1,1,1,1,1,-1,1,-1,1,1,1,-1,1,1,1,1,-1,1,1,1,-1,-1,1,-1,1,-1,1,-1,-1,1,1,-1,1,-1,1,1,-1,1,1,-1,-1,1,1,1,-1,1,1,1,1,1,-1,1,1,1,1,1,-1,-1,1,1,-1,1,1,1,-1,1,1,-1,-1,-1,-1,-1,1,1,-1,1,1,1,-1,1,1,-1,-1,1,-1,-1,1,1,-1,1,1,1,-1,1,1,-1,1,1,1,-1,-1,1,-1,1,1,1,-1,-1,1,-1,1,-1,1,1,-1,1,-1,-1,1,1,-1,1,1,-1,1,1,-1,1,-1,1,1,-1,1,-2670.0,1,2000,445,500,True
1379,1,1,-1,-1,1,1,-1,-1,1,1,1,-1,1,1,1,1,-1,1,-1,-1,-1,-1,1,1,1,-1,-1,-1,1,1,1,1,-1,-1,-1,-1,1,1,1,1,-1,-1,-1,1,1,1,1,-1,1,1,1,1,-1,1,-1,-1,1,-1,1,1,1,-1,-1,-1,1,1,1,1,-1,-1,-1,1,1,1,1,-1,-1,-1,1,1,1,-1,-1,-1,1,1,1,1,-1,-1,-1,1,1,1,1,-1,-1,1,1,-1,1,1,-1,-1,1,1,1,1,1,-1,-1,-1,1,-1,1,1,-1,-1,1,1,1,1,1,1,-1,-1,1,1,-1,1,1,-1,1,1,1,1,1,1,-1,1,1,1,1,1,1,-1,1,1,1,1,1,1,-1,-1,-1,1,1,1,1,-1,1,1,1,1,-1,1,-1,1,-1,1,1,1,-1,-1,1,1,1,1,1,-1,1,-1,-1,1,-1,1,-1,1,1,1,1,1,1,1,1,1,-1,1,-1,1,-1,1,1,-1,1,-1,1,1,-1,1,-1,1,-1,1,-1,1,1,-1,-1,-1,1,1,1,1,-1,-1,1,1,-1,-1,1,-1,1,-1,-1,1,-1,1,-1,1,-1,1,-1,1,1,-1,-1,-1,1,1,-1,1,-1,1,1,1,-1,1,1,-1,1,-1,1,-1,1,-1,1,-1,1,1,-1,1,-1,-1,-1,1,1,-1,1,-1,-1,-1,1,1,-1,-1,1,1,-1,-1,1,1,-1,1,1,-1,1,1,1,1,-1,1,-1,1,1,-1,1,-1,1,1,-1,1,1,1,1,1,-1,-1,1,-1,-1,-1,1,1,-1,1,1,1,-1,1,-1,-1,1,1,1,-1,1,-1,1,1,1,-1,-1,1,-1,1,1,1,-1,1,1,-1,-1,1,1,1,-1,1,-1,1,1,1,-1,1,1,-1,1,1,1,-1,1,-1,-1,1,1,1,-1,1,-1,-1,-1,1,1,-1,1,-1,-1,1,-1,1,-1,1,1,-1,-1,1,1,1,-1,1,-1,-1,1,1,-1,1,-1,-1,-1,-1,-1,-1,1,-1,-1,-1,1,1,-1,1,-1,1,-1,1,1,1,1,1,-1,1,1,1,-1,1,-1,-1,-1,-1,1,1,1,1,-1,-1,1,1,1,1,-1,-1,1,-1,-1,1,-1,1,-1,-1,1,-1,1,1,-1,-1,1,1,-1,1,-1,1,-1,-1,1,-1,1,1,-1,-1,-1,1,-1,-1,1,1,-1,-1,1,-1,1,1,-1,1,-1,1,-1,-1,1,1,-1,-1,1,-1,1,1,-1,-1,1,1,-1,1,-1,1,-1,1,-1,-1,1,-1,1,-1,1,-1,-1,1,-1,-1,-1,1,-1,-1,1,-1,1,-1,1,-1,-1,1,-1,-1,1,-1,1,-1,1,1,1,-1,1,1,-1,-1,-1,1,-1,1,-1,-1,1,-1,1,1,1,1,-1,-1,1,1,-1,1,1,1,-1,1,1,1,-1,1,1,-1,1,1,1,1,-1,1,1,-1,-1,-1,1,-1,1,1,-1,1,-1,1,-1,1,-1,-1,-1,1,1,-1,1,1,-1,-1,-1,1,-1,1,1,-1,1,-1,1,-1,-1,-1,-1,-1,-1,1,-1,-1,-1,-1,-1,-1,1,-1,1,1,1,1,-1,1,-1,1,1,-1,-1,-1,1,-1,-1,1,-1,1,-1,-1,1,1,1,1,-1,-1,1,1,1,1,-1,1,-1,-1,1,1,1,-1,-1,-1,1,1,1,1,-1,1,-1,1,-1,1,-1,1,1,-1,-1,1,1,1,-1,-1,-1,-1,1,1,1,1,-1,-1,-1,1,1,1,1,-1,-1,-1,1,-1,1,-1,-1,-1,-1,1,1,1,1,-1,-1,1,1,1,1,1,-1,-1,-1,1,1,-1,1,-1,-1,-1,1,1,1,1,-1,-1,1,1,1,1,-1,-1,1,1,-1,1,1,-1,-1,-1,1,1,1,1,1,-1,1,1,1,1,1,-1,-1,-1,1,-1,1,-1,-1,-1,-1,1,-1,1,1,-1,-1,-1,1,-1,1,1,-1,-1,-1,1,1,1,1,-1,-1,-1,1,-1,1,1,-1,-1,-1,1,1,-1,-1,-1,-1,-1,1,-1,1,-1,-1,-1,-1,-1,-1,-1,1,-1,-1,-1,1,-1,-1,1,-1,-1,-1,-1,-1,-1,1,-1,-1,-1,-1,-1,1,-1,-1,-1,1,-1,-1,1,-1,1,-1,-1,-1,-1,-1,-1,-1,1,-1,-1,-1,1,1,1,-1,-1,1,-1,-1,-1,-1,-1,1,-1,-1,1,1,1,-1,-1,-1,-1,1,-1,1,1,-1,1,-1,-1,1,1,-1,-1,-1,-1,-1,-1,1,1,-1,-1,1,-1,1,1,-1,-1,-1,1,-1,1,1,-1,-1,1,-1,-1,1,1,1,-1,1,-1,1,1,1,-1,-1,1,-1,-1,1,1,1,-1,1,-1,-1,1,1,-1,1,1,-1,-1,1,1,-1,1,1,-1,-1,1,1,-1,1,1,-1,-1,1,1,1,1,1,1,-1,-1,1,1,1,1,-1,-1,1,-1,1,1,1,1,-1,-1,1,-1,1,1,1,-1,1,1,1,1,-1,1,-1,1,1,1,1,1,1,1,-1,1,1,1,1,-1,1,-1,1,1,1,1,1,-1,1,1,1,1,-1,1,1,-1,1,1,-1,1,1,-1,-1,1,1,1,1,-1,1,-1,1,1,1,-1,-1,1,-1,1,1,1,-1,1,-1,-1,-1,1,1,-1,-1,1,-1,-1,1,1,1,-1,1,-1,-1,1,1,1,-1,1,-1,-1,1,1,-1,-1,-1,1,-1,1,1,-1,1,1,-1,1,1,-1,-1,1,-1,-1,-1,1,1,-1,1,1,-1,1,1,-1,-1,1,-1,1,-1,-1,-1,-1,1,-1,-1,1,1,-1,1,1,-1,1,1,1,1,-1,1,-1,1,1,1,-1,-1,1,-1,-1,1,1,-1,-1,1,-1,1,1,1,-1,-1,1,-1,1,1,1,1,-1,1,-1,-1,1,1,-1,-1,-1,1,-1,1,1,1,-1,1,-1,-1,1,-2670.0,1,2000,445,1500,False
1380,1,1,-1,-1,1,1,-1,-1,1,1,1,-1,1,1,1,1,-1,1,-1,-1,1,-1,1,1,1,-1,1,-1,1,1,1,1,-1,-1,-1,-1,1,-1,1,1,-1,-1,-1,1,1,1,1,-1,1,1,1,1,-1,1,-1,-1,1,-1,1,1,1,-1,-1,-1,1,1,1,1,-1,-1,-1,1,1,1,1,-1,-1,-1,1,1,1,-1,-1,-1,1,1,1,1,-1,-1,-1,1,1,1,1,-1,-1,1,1,-1,1,1,-1,-1,1,1,1,1,1,-1,-1,1,1,1,1,1,-1,-1,1,1,1,1,1,1,-1,-1,1,1,-1,1,1,-1,1,1,1,1,1,1,-1,-1,1,1,1,1,1,-1,1,1,1,1,1,1,-1,-1,-1,1,1,1,1,-1,1,1,1,1,-1,1,-1,1,-1,1,1,1,-1,-1,1,1,1,1,1,-1,1,-1,-1,1,-1,1,-1,1,1,1,1,1,1,1,1,1,1,1,-1,1,-1,1,1,-1,1,-1,1,1,-1,1,-1,1,-1,1,-1,1,1,-1,-1,-1,1,1,1,1,-1,-1,1,1,-1,-1,1,-1,1,-1,-1,1,-1,1,-1,1,-1,1,-1,1,1,-1,-1,-1,1,1,-1,1,-1,1,1,1,-1,1,1,-1,1,-1,1,-1,1,-1,1,-1,1,1,-1,1,-1,-1,-1,1,1,-1,1,-1,-1,-1,1,1,-1,-1,1,1,-1,-1,1,1,-1,1,1,-1,1,1,1,1,-1,1,-1,1,1,-1,1,-1,1,1,-1,1,1,-1,-1,1,-1,-1,1,-1,-1,1,1,1,-1,1,1,1,-1,1,-1,-1,1,1,1,1,1,-1,1,1,1,1,-1,1,-1,1,1,1,-1,1,1,-1,-1,1,1,1,-1,1,-1,1,1,1,-1,1,1,-1,1,1,1,-1,1,-1,-1,1,1,1,1,1,-1,-1,-1,1,1,-1,1,-1,-1,1,-1,1,-1,1,1,-1,-1,1,1,1,1,1,-1,-1,1,1,-1,1,-1,-1,-1,-1,-1,-1,1,-1,-1,-1,1,1,-1,1,-1,-1,-1,1,1,1,1,-1,-1,1,1,1,-1,1,-1,-1,-1,-1,1,1,1,1,-1,-1,1,1,1,1,-1,-1,1,-1,-1,1,-1,1,-1,-1,1,-1,1,1,-1,-1,1,1,-1,1,-1,1,-1,-1,1,-1,1,1,-1,-1,-1,1,-1,-1,1,1,-1,-1,1,-1,1,1,-1,1,-1,1,-1,-1,1,1,-1,-1,1,-1,1,1,-1,-1,1,1,-1,1,-1,1,-1,1,-1,-1,1,-1,1,-1,1,-1,-1,1,-1,-1,-1,1,-1,-1,1,-1,1,-1,1,-1,-1,1,-1,-1,1,-1,1,-1,1,1,1,-1,1,1,-1,-1,1,1,-1,1,-1,-1,1,1,1,1,1,1,-1,-1,1,1,-1,1,1,-1,-1,1,1,1,-1,1,1,-1,1,1,1,1,1,-1,1,-1,-1,-1,1,-1,1,1,-1,1,-1,1,-1,1,-1,-1,-1,1,1,-1,1,1,-1,-1,-1,1,-1,1,1,-1,1,-1,1,-1,-1,-1,-1,-1,-1,1,-1,-1,-1,-1,-1,-1,1,-1,1,1,1,1,-1,1,-1,1,1,-1,-1,-1,1,-1,-1,1,-1,1,-1,-1,1,1,1,1,-1,-1,1,1,1,1,-1,1,-1,-1,1,1,1,-1,-1,-1,1,1,1,1,-1,-1,-1,1,-1,1,-1,1,1,-1,-1,1,1,1,-1,-1,-1,-1,1,1,1,1,-1,-1,-1,1,1,1,1,-1,-1,-1,1,1,1,-1,-1,-1,-1,1,1,1,1,-1,-1,1,1,1,1,1,-1,-1,-1,1,1,-1,1,-1,-1,-1,1,1,1,1,-1,-1,1,1,1,1,-1,-1,1,1,-1,1,1,-1,-1,-1,1,1,1,1,1,-1,1,1,1,1,1,-1,-1,-1,1,-1,1,-1,-1,-1,-1,1,-1,1,1,-1,-1,-1,1,-1,1,1,-1,1,-1,1,1,1,1,-1,1,-1,1,-1,1,1,-1,-1,-1,1,1,-1,-1,-1,-1,-1,1,-1,1,-1,-1,-1,-1,-1,-1,-1,1,-1,-1,-1,1,-1,-1,1,-1,-1,-1,-1,-1,1,1,-1,-1,-1,-1,-1,1,-1,-1,-1,1,-1,-1,1,-1,1,-1,-1,-1,-1,-1,-1,-1,1,-1,-1,-1,1,1,-1,-1,-1,1,1,-1,-1,-1,-1,1,-1,-1,1,1,1,-1,-1,-1,-1,1,-1,1,1,-1,1,-1,-1,1,1,-1,-1,-1,-1,-1,-1,1,1,-1,-1,1,-1,1,1,-1,-1,-1,1,-1,1,1,-1,-1,1,-1,-1,1,1,1,-1,1,-1,1,1,1,-1,-1,1,-1,-1,1,1,1,-1,1,-1,-1,1,1,-1,1,1,-1,-1,1,1,-1,1,1,-1,-1,1,1,-1,1,1,-1,-1,1,1,1,1,1,1,-1,-1,1,1,-1,1,-1,-1,1,-1,1,1,1,1,-1,-1,1,-1,1,1,1,-1,1,1,1,1,-1,1,-1,1,1,1,1,1,1,1,-1,1,1,1,1,-1,1,-1,1,1,1,1,1,-1,1,1,1,1,-1,-1,1,-1,1,1,-1,1,1,-1,-1,1,1,1,-1,1,1,-1,1,1,1,-1,-1,1,-1,1,1,1,-1,1,-1,-1,-1,1,1,-1,-1,1,-1,-1,1,1,-1,-1,1,-1,-1,-1,1,1,1,-1,-1,-1,1,1,-1,-1,1,1,-1,-1,1,-1,1,1,-1,1,1,-1,-1,1,-1,-1,-1,1,1,-1,1,1,-1,1,1,-1,-1,1,-1,1,-1,-1,-1,-1,1,-1,-1,1,1,-1,1,1,-1,1,1,1,1,-1,1,-1,1,1,1,1,-1,1,-1,-1,-1,1,1,-1,1,-1,1,1,1,1,-1,1,-1,1,1,-1,-1,-1,1,-1,-1,1,1,-1,-1,-1,1,-1,1,-1,1,-1,1,-1,-1,1,-2670.0,1,2000,445,1500,False
1381,1,1,-1,-1,1,1,-1,-1,1,1,1,-1,-1,1,1,1,-1,1,-1,-1,-1,-1,1,1,1,-1,-1,-1,1,1,1,1,-1,-1,-1,-1,1,-1,1,1,-1,-1,-1,1,1,1,1,-1,1,1,1,1,-1,1,-1,-1,1,-1,1,1,1,-1,-1,-1,1,1,1,1,-1,-1,-1,1,1,1,1,-1,-1,-1,1,1,1,-1,-1,-1,1,1,1,1,-1,-1,-1,1,1,1,1,-1,-1,1,1,-1,1,1,-1,-1,1,1,1,1,1,-1,-1,1,1,1,1,1,-1,-1,1,1,1,1,1,1,-1,1,1,1,-1,1,1,-1,1,1,1,1,1,1,-1,-1,1,1,1,1,1,-1,1,1,1,1,1,1,-1,-1,-1,1,1,1,1,-1,1,1,1,1,-1,1,-1,1,-1,1,1,1,-1,-1,1,1,1,1,1,-1,1,-1,-1,1,-1,1,-1,1,1,1,1,1,1,1,1,1,1,1,-1,1,-1,1,1,-1,1,-1,1,1,-1,1,-1,1,-1,1,-1,1,1,-1,-1,-1,1,1,1,1,-1,-1,1,1,-1,-1,1,-1,1,-1,1,1,-1,1,-1,1,-1,1,-1,1,1,-1,-1,-1,1,1,-1,1,-1,1,1,1,-1,1,1,-1,1,-1,1,-1,1,-1,1,-1,1,1,-1,1,-1,-1,-1,1,1,-1,1,-1,-1,-1,1,1,-1,-1,1,1,-1,-1,1,1,-1,1,1,-1,1,1,1,-1,-1,1,-1,1,1,-1,1,-1,1,1,-1,1,1,-1,-1,1,-1,-1,1,-1,1,-1,1,1,-1,1,1,1,-1,1,-1,-1,1,1,-1,-1,1,-1,1,1,1,1,-1,1,-1,1,1,1,-1,1,1,-1,-1,1,1,-1,-1,1,-1,1,1,1,1,1,1,-1,1,1,1,1,1,-1,-1,1,1,1,1,1,-1,-1,-1,1,1,1,1,-1,-1,1,-1,1,-1,1,1,-1,-1,1,1,1,1,1,-1,-1,1,1,1,1,-1,-1,-1,-1,-1,-1,1,-1,-1,-1,1,1,-1,1,-1,-1,-1,1,1,1,1,-1,-1,1,1,1,-1,1,-1,-1,-1,-1,1,1,1,1,-1,-1,1,-1,1,1,-1,-1,1,-1,-1,1,-1,1,-1,-1,1,-1,1,1,-1,-1,1,1,-1,1,-1,1,-1,-1,1,-1,1,1,-1,-1,-1,1,-1,-1,1,1,-1,-1,1,-1,1,1,-1,1,-1,1,-1,1,1,1,-1,-1,1,-1,1,1,-1,-1,1,1,-1,1,-1,1,-1,1,-1,1,1,-1,1,-1,1,-1,-1,1,-1,-1,-1,1,-1,-1,1,-1,1,-1,1,-1,-1,1,-1,-1,1,-1,1,-1,1,1,1,-1,1,1,-1,-1,-1,1,-1,1,-1,-1,1,-1,1,1,1,1,-1,-1,1,1,-1,1,1,-1,-1,1,1,1,-1,1,1,-1,1,1,1,1,-1,1,1,-1,-1,-1,1,-1,1,1,1,1,-1,1,-1,1,-1,-1,-1,1,1,-1,1,1,-1,-1,-1,1,-1,1,1,-1,1,-1,1,-1,-1,-1,-1,-1,-1,1,-1,-1,-1,-1,-1,-1,1,-1,1,1,1,1,-1,1,-1,1,1,-1,-1,-1,1,-1,-1,1,-1,1,-1,-1,1,1,1,1,-1,-1,1,1,1,1,-1,1,-1,-1,1,1,1,-1,-1,-1,1,1,1,1,-1,-1,-1,1,-1,1,-1,1,1,-1,-1,1,1,1,-1,-1,-1,-1,1,1,1,1,-1,-1,-1,1,1,1,1,-1,-1,-1,1,1,1,-1,-1,-1,-1,1,1,1,1,-1,-1,1,1,1,1,1,-1,-1,-1,1,1,-1,1,-1,-1,-1,1,1,1,1,-1,-1,1,1,1,1,-1,-1,1,1,-1,1,1,-1,-1,-1,1,1,1,1,1,-1,1,1,1,1,1,-1,-1,-1,1,-1,1,-1,-1,-1,-1,1,-1,1,1,-1,-1,-1,1,-1,1,1,-1,1,-1,1,1,1,1,-1,1,-1,1,-1,1,1,-1,-1,-1,1,1,-1,-1,-1,-1,-1,1,-1,1,-1,-1,-1,-1,-1,-1,-1,1,-1,-1,-1,1,-1,-1,1,-1,-1,-1,-1,-1,1,1,-1,-1,-1,-1,-1,1,-1,-1,-1,1,-1,-1,1,-1,1,-1,-1,-1,-1,-1,-1,-1,1,-1,-1,-1,1,1,1,-1,-1,-1,1,-1,-1,-1,-1,1,-1,-1,1,1,1,-1,-1,-1,-1,1,-1,1,1,-1,1,-1,-1,1,1,-1,-1,-1,-1,-1,-1,1,1,-1,-1,1,-1,1,1,-1,-1,-1,1,-1,1,1,-1,-1,1,-1,-1,1,1,1,-1,1,-1,1,1,1,-1,-1,1,-1,-1,1,1,1,-1,1,-1,-1,1,1,-1,1,1,-1,-1,1,1,-1,1,1,-1,-1,1,1,-1,1,1,-1,-1,1,1,1,1,1,1,-1,1,1,1,-1,1,-1,-1,1,-1,1,1,1,1,-1,-1,1,-1,1,1,1,-1,1,1,1,1,-1,1,-1,1,1,1,1,1,1,-1,-1,-1,1,1,1,-1,1,-1,1,1,1,1,-1,1,-1,1,1,1,-1,-1,1,-1,1,1,-1,1,-1,-1,-1,1,1,1,-1,1,-1,-1,1,1,1,-1,-1,-1,-1,1,1,1,-1,1,-1,-1,-1,1,1,-1,1,-1,-1,-1,1,1,-1,1,-1,1,-1,1,1,1,1,1,-1,-1,1,1,-1,-1,1,1,-1,1,1,-1,1,-1,-1,1,1,-1,-1,1,-1,-1,-1,1,1,-1,1,1,-1,1,1,-1,-1,1,-1,1,-1,-1,-1,-1,1,-1,-1,1,1,-1,1,1,-1,1,1,1,1,-1,1,-1,1,1,1,1,-1,1,-1,-1,1,1,1,-1,1,-1,1,1,1,1,-1,1,-1,1,1,1,-1,-1,1,-1,-1,1,1,-1,-1,-1,1,-1,1,1,1,-1,1,-1,-1,1,-2670.0,1,2000,445,1500,False
1382,1,1,-1,-1,1,1,-1,-1,1,1,1,-1,-1,1,1,1,-1,1,1,-1,-1,-1,1,1,1,1,-1,-1,1,1,1,1,-1,-1,-1,-1,1,1,1,1,-1,-1,-1,1,1,1,1,-1,1,1,1,1,-1,1,-1,-1,1,-1,1,1,1,-1,-1,-1,1,1,1,1,-1,-1,-1,1,1,1,1,-1,-1,-1,1,1,1,-1,-1,-1,1,1,1,1,-1,1,-1,1,1,1,1,-1,-1,1,1,-1,1,1,-1,-1,1,1,1,1,1,-1,-1,1,1,-1,1,1,-1,-1,1,1,1,1,1,1,-1,1,1,1,-1,1,1,-1,1,1,1,1,1,1,-1,-1,1,1,1,1,1,-1,1,1,1,1,1,1,-1,-1,-1,1,1,1,1,-1,1,1,1,1,-1,1,-1,1,-1,1,1,1,-1,-1,1,1,1,1,1,-1,1,-1,-1,1,-1,1,-1,1,1,1,1,1,1,1,1,1,-1,1,-1,1,-1,1,1,-1,1,-1,1,1,-1,1,-1,1,-1,1,-1,1,1,-1,1,-1,1,1,1,1,-1,-1,1,1,-1,-1,1,-1,1,-1,-1,1,-1,1,-1,1,-1,1,-1,1,1,-1,-1,-1,1,1,-1,1,-1,1,1,1,-1,1,1,-1,1,-1,1,-1,1,-1,1,-1,1,1,-1,1,-1,-1,-1,1,1,-1,1,-1,-1,-1,1,1,-1,-1,1,1,-1,-1,1,1,-1,1,1,-1,1,1,1,1,-1,1,-1,1,1,-1,1,-1,1,1,-1,1,1,1,1,1,-1,-1,1,-1,-1,-1,1,1,-1,1,1,1,-1,1,-1,-1,1,1,1,1,1,-1,1,1,1,-1,1,1,-1,1,1,1,-1,1,1,-1,-1,1,1,1,-1,1,-1,1,1,1,-1,1,1,-1,1,1,1,-1,1,-1,-1,1,1,1,-1,1,-1,-1,-1,1,1,-1,1,-1,-1,1,-1,1,-1,1,1,-1,-1,1,1,1,-1,1,-1,-1,1,1,-1,1,-1,-1,-1,-1,-1,-1,1,1,-1,-1,1,1,-1,1,-1,-1,-1,1,1,1,1,1,-1,1,1,1,-1,1,-1,-1,-1,-1,1,1,1,1,-1,-1,1,1,1,1,-1,-1,1,-1,-1,1,-1,1,-1,-1,1,-1,1,1,-1,-1,1,1,-1,1,-1,1,-1,-1,1,-1,1,1,-1,-1,-1,1,-1,-1,1,1,-1,-1,1,-1,1,1,-1,1,-1,1,-1,-1,1,1,-1,-1,1,-1,1,1,-1,-1,1,1,-1,1,-1,1,-1,1,-1,-1,1,-1,1,-1,1,-1,-1,1,-1,-1,-1,1,-1,-1,1,1,1,-1,1,-1,-1,1,-1,-1,1,-1,1,-1,1,-1,1,-1,1,1,-1,-1,-1,1,-1,1,-1,-1,1,-1,1,1,1,1,-1,-1,1,1,-1,1,1,-1,-1,1,1,1,-1,1,1,-1,1,1,1,1,1,1,1,-1,-1,-1,1,-1,-1,1,-1,1,-1,1,-1,1,-1,-1,-1,1,1,-1,1,1,-1,-1,-1,1,-1,1,1,-1,1,-1,1,-1,-1,-1,-1,-1,-1,1,-1,-1,-1,-1,-1,-1,1,-1,1,1,1,1,-1,1,-1,1,1,-1,-1,-1,1,-1,-1,1,-1,1,-1,-1,1,1,1,1,-1,-1,1,1,1,1,-1,1,-1,-1,1,1,1,-1,-1,-1,1,1,1,1,-1,1,-1,1,-1,1,-1,1,1,-1,-1,1,1,1,-1,-1,-1,-1,1,1,1,1,-1,-1,-1,1,1,1,1,-1,-1,-1,1,1,1,-1,-1,-1,1,1,1,1,1,-1,-1,-1,1,1,1,1,-1,-1,-1,1,1,-1,1,-1,-1,-1,1,1,1,1,-1,-1,1,1,1,1,-1,-1,1,1,-1,1,1,-1,-1,-1,1,1,1,1,1,-1,1,1,1,1,1,-1,-1,-1,1,-1,1,-1,-1,-1,-1,1,-1,1,1,-1,-1,-1,1,-1,1,1,-1,-1,-1,1,1,1,1,-1,-1,-1,1,-1,1,1,-1,-1,-1,1,1,-1,-1,-1,-1,-1,1,-1,1,-1,-1,-1,-1,-1,-1,-1,1,-1,-1,-1,1,-1,-1,1,-1,-1,-1,-1,-1,1,1,-1,-1,-1,-1,-1,1,-1,-1,-1,1,-1,-1,1,-1,1,-1,-1,-1,-1,-1,-1,-1,1,-1,-1,-1,1,1,1,-1,-1,1,-1,-1,-1,-1,-1,1,-1,-1,1,1,1,-1,-1,-1,-1,1,-1,1,1,-1,1,-1,-1,1,1,-1,-1,-1,-1,-1,-1,1,1,-1,-1,1,-1,1,1,-1,-1,-1,1,-1,1,1,-1,-1,1,-1,-1,1,1,1,-1,1,-1,1,1,1,-1,-1,1,-1,-1,1,-1,1,-1,1,-1,-1,1,1,-1,1,1,-1,-1,1,1,-1,1,1,-1,-1,1,1,-1,1,1,-1,-1,1,1,1,1,1,1,-1,-1,1,-1,1,1,-1,-1,1,-1,1,1,1,1,-1,-1,1,-1,1,1,1,-1,1,1,1,1,-1,1,-1,1,1,1,1,1,1,1,-1,1,1,1,1,-1,1,-1,1,1,1,1,1,-1,1,1,1,1,-1,1,1,-1,1,1,-1,1,1,-1,-1,1,1,1,1,-1,1,-1,1,1,1,-1,-1,1,-1,1,1,1,-1,1,-1,-1,-1,1,1,-1,-1,1,-1,-1,1,1,-1,-1,1,-1,-1,1,1,1,-1,1,-1,-1,1,1,-1,-1,-1,1,-1,1,1,-1,1,1,-1,1,1,-1,-1,1,-1,-1,-1,-1,1,-1,1,1,-1,1,1,-1,-1,-1,-1,1,-1,-1,-1,-1,-1,-1,-1,1,1,-1,1,1,-1,1,1,1,1,-1,1,-1,1,1,1,1,-1,1,-1,-1,1,1,1,-1,1,-1,1,1,1,1,-1,1,-1,1,1,1,-1,-1,1,-1,-1,1,1,-1,-1,-1,1,-1,1,-1,1,-1,1,-1,-1,1,-2670.0,1,2000,445,1500,False
1383,1,1,-1,-1,1,1,-1,-1,1,1,1,-1,-1,1,1,1,-1,1,-1,-1,1,-1,1,1,1,-1,-1,-1,1,1,1,1,1,-1,-1,-1,1,1,1,-1,-1,-1,-1,1,1,1,1,-1,1,1,1,1,-1,1,-1,-1,1,-1,1,1,1,-1,-1,-1,1,1,1,1,-1,-1,-1,1,1,1,1,-1,-1,-1,1,1,1,-1,-1,-1,1,1,1,1,-1,-1,-1,1,1,1,1,-1,-1,1,1,-1,1,1,-1,-1,1,1,1,1,1,-1,-1,1,1,1,1,1,-1,-1,1,1,1,1,1,1,-1,-1,1,1,-1,1,1,-1,1,1,1,1,1,1,-1,-1,1,1,1,1,1,-1,1,1,1,1,1,1,-1,-1,-1,1,1,1,1,-1,1,1,1,1,-1,1,-1,1,-1,1,1,1,-1,-1,1,1,1,1,1,-1,1,-1,-1,1,-1,1,-1,1,1,1,1,1,1,1,1,1,-1,1,-1,1,-1,1,1,-1,1,-1,1,1,-1,1,-1,1,-1,1,-1,1,1,-1,-1,-1,1,1,1,1,-1,-1,1,1,-1,-1,1,-1,1,-1,-1,1,-1,1,-1,1,-1,1,-1,-1,1,-1,-1,-1,1,1,-1,1,-1,1,1,1,-1,1,1,-1,1,-1,1,-1,1,-1,1,-1,1,1,-1,1,-1,-1,-1,1,1,-1,1,-1,-1,-1,1,1,-1,-1,1,1,-1,-1,1,1,-1,1,1,-1,1,1,1,1,-1,1,-1,1,1,-1,1,-1,1,1,-1,1,1,1,1,1,-1,-1,1,-1,-1,-1,1,1,-1,1,1,1,-1,1,-1,-1,1,1,1,1,1,-1,1,1,1,-1,1,1,-1,1,1,1,-1,1,1,-1,-1,1,1,1,-1,1,-1,1,1,1,-1,1,1,-1,1,1,1,-1,1,-1,-1,1,1,1,-1,1,-1,-1,-1,1,1,-1,1,-1,-1,1,-1,1,-1,1,1,-1,-1,1,1,1,-1,1,-1,-1,1,1,-1,1,-1,1,-1,-1,-1,-1,1,1,-1,-1,1,1,-1,1,1,-1,-1,1,1,1,1,1,-1,1,1,1,-1,1,-1,-1,-1,-1,1,1,1,1,-1,-1,1,1,1,1,-1,-1,1,-1,-1,1,-1,-1,-1,-1,1,-1,1,-1,1,-1,1,1,-1,1,-1,1,-1,-1,1,-1,1,1,1,-1,-1,1,-1,-1,1,1,-1,-1,1,-1,1,1,1,1,-1,1,-1,-1,1,1,-1,-1,1,-1,1,1,1,-1,1,1,-1,1,-1,1,-1,1,-1,-1,1,-1,1,-1,1,-1,-1,1,-1,-1,-1,1,-1,-1,1,1,1,-1,1,-1,-1,1,-1,-1,1,-1,1,-1,1,-1,1,-1,1,1,-1,-1,-1,1,-1,1,-1,-1,1,-1,-1,1,1,1,-1,-1,1,1,-1,1,1,-1,-1,1,1,1,-1,1,1,-1,1,1,1,1,1,1,1,-1,-1,-1,1,-1,-1,-1,1,1,-1,1,-1,1,-1,-1,-1,1,1,-1,1,1,-1,-1,-1,1,-1,1,-1,-1,1,-1,1,-1,-1,1,1,-1,-1,1,-1,-1,-1,-1,-1,-1,1,-1,1,1,1,1,-1,1,-1,-1,1,-1,-1,-1,1,-1,-1,-1,-1,1,-1,-1,1,1,-1,1,-1,-1,1,1,1,1,-1,1,-1,-1,1,1,1,-1,-1,-1,1,1,1,1,-1,-1,-1,1,-1,1,-1,1,-1,-1,-1,1,1,1,-1,-1,-1,-1,1,1,1,1,-1,-1,-1,1,1,1,1,-1,-1,-1,1,1,1,-1,-1,-1,-1,1,1,1,1,-1,-1,1,1,1,1,1,-1,-1,-1,1,1,-1,1,-1,-1,-1,1,1,1,1,-1,-1,1,1,1,1,-1,-1,1,1,-1,1,1,-1,-1,-1,1,1,1,1,1,-1,1,1,1,1,1,-1,-1,-1,1,-1,1,-1,-1,-1,-1,1,-1,1,1,-1,-1,-1,1,-1,1,1,-1,-1,-1,1,1,1,1,-1,-1,-1,1,-1,1,1,-1,-1,-1,1,1,-1,-1,-1,-1,-1,1,-1,1,-1,-1,-1,-1,-1,-1,-1,1,-1,-1,-1,1,-1,-1,1,-1,-1,-1,-1,-1,-1,1,-1,-1,-1,-1,-1,1,-1,-1,-1,1,-1,-1,1,-1,1,-1,-1,-1,-1,-1,-1,-1,1,-1,-1,-1,1,1,1,-1,-1,1,1,-1,-1,-1,-1,1,-1,-1,1,1,1,-1,-1,-1,-1,1,-1,1,1,-1,1,-1,-1,1,1,-1,-1,-1,-1,-1,-1,1,1,-1,-1,1,-1,1,1,-1,-1,-1,1,-1,1,1,-1,-1,1,-1,-1,1,1,1,-1,1,-1,1,1,1,-1,-1,1,-1,-1,1,1,1,-1,1,-1,-1,1,1,-1,1,1,-1,-1,1,1,1,1,1,-1,-1,1,1,-1,1,1,-1,-1,1,1,1,1,-1,1,-1,-1,1,1,1,1,-1,-1,1,-1,1,1,1,1,-1,-1,1,-1,1,1,1,-1,1,1,1,1,-1,1,-1,1,1,1,1,1,1,1,-1,1,1,1,1,-1,1,-1,1,1,1,1,1,-1,1,1,1,1,-1,1,1,-1,1,1,-1,1,1,-1,-1,1,1,1,1,-1,1,-1,1,1,1,-1,-1,1,-1,1,1,1,-1,1,-1,-1,-1,1,1,-1,-1,1,-1,-1,1,1,-1,-1,1,-1,-1,1,1,1,-1,1,-1,-1,1,1,-1,-1,-1,1,-1,1,1,-1,1,1,-1,1,1,-1,-1,1,1,-1,-1,1,1,-1,1,1,-1,1,1,-1,-1,-1,-1,1,-1,-1,-1,-1,-1,1,-1,1,1,-1,1,1,-1,1,1,1,1,-1,1,-1,1,1,1,1,-1,1,-1,1,1,1,1,-1,1,-1,-1,1,1,1,-1,1,-1,1,1,-1,-1,-1,1,-1,-1,1,1,-1,-1,-1,1,-1,1,-1,1,-1,1,-1,-1,1,-2670.0,1,2000,445,1500,False
1384,-1,-1,1,1,1,1,-1,1,-1,-1,-1,1,-1,1,-1,-1,1,-1,1,1,-1,1,-1,-1,-1,1,-1,-1,-1,-1,-1,-1,1,1,-1,1,1,-1,-1,-1,1,-1,1,-1,-1,-1,1,-1,1,-1,-1,-1,1,-1,1,-1,-1,1,-1,-1,-1,1,1,1,-1,-1,-1,-1,-1,-1,1,-1,-1,-1,-1,-1,-1,1,-1,-1,-1,1,1,-1,-1,-1,-1,-1,-1,1,-1,-1,-1,-1,-1,-1,-1,1,-1,1,-1,-1,-1,-1,1,-1,-1,-1,-1,-1,-1,1,-1,-1,-1,-1,-1,-1,1,-1,-1,-1,-1,-1,-1,1,-1,-1,1,-1,-1,-1,-1,-1,-1,1,-1,-1,-1,-1,-1,-1,1,-1,-1,-1,1,-1,-1,-1,-1,-1,-1,-1,1,-1,1,1,-1,-1,-1,-1,-1,-1,-1,-1,1,-1,1,-1,-1,-1,-1,-1,-1,-1,-1,1,-1,-1,-1,1,1,-1,-1,-1,-1,-1,-1,-1,-1,1,-1,1,1,-1,1,-1,1,-1,-1,1,-1,1,-1,1,-1,-1,-1,-1,1,-1,1,-1,1,1,-1,1,1,1,-1,-1,-1,-1,1,1,-1,1,-1,-1,1,1,-1,-1,1,-1,-1,-1,1,1,-1,1,-1,1,-1,1,1,-1,1,-1,1,-1,1,-1,1,1,-1,1,-1,1,1,-1,-1,1,-1,-1,1,-1,1,1,1,-1,-1,1,-1,1,1,1,-1,-1,1,-1,1,-1,1,-1,-1,1,1,-1,1,1,1,-1,1,1,1,1,-1,1,-1,1,-1,1,1,1,1,-1,1,1,1,1,1,1,-1,1,-1,-1,1,1,1,-1,-1,1,-1,1,1,1,-1,1,-1,-1,1,1,-1,1,-1,-1,1,1,1,1,-1,1,-1,1,1,-1,1,-1,-1,-1,-1,1,-1,1,-1,-1,-1,1,1,1,-1,1,1,-1,1,1,1,-1,1,-1,-1,1,1,1,1,1,-1,-1,-1,1,1,1,1,-1,-1,1,-1,1,-1,1,1,-1,-1,1,1,-1,-1,1,-1,-1,1,1,-1,1,-1,-1,-1,-1,-1,-1,1,1,-1,-1,1,1,-1,1,-1,-1,-1,1,1,-1,1,-1,-1,1,1,-1,1,1,-1,-1,-1,-1,1,-1,-1,1,-1,-1,1,-1,-1,1,-1,-1,1,-1,-1,1,-1,1,-1,-1,1,-1,-1,1,-1,-1,1,1,-1,1,-1,1,-1,-1,1,-1,-1,-1,-1,-1,-1,1,-1,-1,1,1,-1,-1,1,-1,1,-1,-1,1,-1,1,-1,-1,1,1,-1,-1,1,-1,-1,-1,-1,-1,1,1,-1,-1,1,1,-1,1,-1,1,-1,1,1,-1,1,-1,-1,-1,-1,-1,-1,1,-1,1,-1,1,1,-1,1,-1,-1,1,-1,-1,1,-1,1,-1,1,-1,1,-1,1,1,-1,-1,-1,1,-1,1,-1,-1,1,-1,1,1,1,1,-1,-1,-1,1,-1,1,1,-1,-1,1,1,1,-1,1,1,-1,1,1,1,1,1,-1,1,-1,1,1,-1,1,-1,1,-1,-1,1,-1,-1,1,-1,-1,1,-1,-1,1,1,1,-1,1,1,-1,1,1,1,-1,-1,1,-1,-1,1,-1,-1,1,1,-1,-1,-1,-1,-1,1,1,-1,1,1,1,1,-1,1,-1,-1,1,1,-1,1,1,-1,-1,-1,1,-1,-1,1,1,-1,1,1,1,1,1,-1,1,1,1,-1,1,1,1,-1,1,1,-1,1,1,-1,1,1,1,-1,1,1,-1,-1,1,-1,1,1,1,-1,1,1,1,-1,1,1,-1,1,1,1,1,1,1,1,1,1,1,1,1,1,-1,1,1,1,-1,1,1,1,1,1,1,1,1,-1,1,1,1,1,1,1,1,1,-1,1,-1,1,1,1,1,1,1,1,1,1,1,-1,1,1,1,-1,1,-1,-1,1,1,1,-1,1,1,-1,1,1,1,1,1,-1,1,1,1,1,-1,1,1,-1,-1,1,-1,-1,1,-1,1,-1,1,1,-1,1,1,1,-1,1,1,-1,1,1,-1,1,1,1,-1,1,1,-1,-1,1,1,-1,1,-1,1,1,-1,-1,-1,1,1,-1,-1,1,-1,-1,1,1,-1,-1,-1,1,-1,1,1,-1,-1,-1,1,-1,1,1,1,-1,1,1,-1,1,1,-1,-1,1,-1,-1,1,1,-1,-1,1,-1,1,1,1,-1,-1,-1,-1,-1,1,1,-1,-1,1,1,1,1,1,1,1,-1,-1,-1,1,1,1,-1,1,1,1,1,1,1,-1,1,-1,1,1,1,1,-1,-1,1,1,1,1,1,1,-1,-1,1,-1,1,1,-1,-1,1,1,1,1,1,-1,-1,1,1,1,1,-1,1,-1,1,1,-1,1,-1,-1,1,1,1,1,1,1,-1,-1,1,1,1,1,-1,1,-1,1,1,1,1,-1,-1,-1,1,1,1,1,1,1,-1,1,1,1,1,1,-1,-1,1,1,-1,1,1,-1,-1,1,1,1,1,-1,-1,-1,1,-1,-1,1,1,-1,1,1,1,-1,1,1,-1,-1,1,1,-1,1,1,-1,1,1,1,-1,1,1,-1,1,-1,1,1,1,1,-1,1,-1,1,1,1,1,1,1,1,1,1,1,1,-1,1,1,1,1,-1,1,-1,1,1,1,-1,1,-1,1,1,1,1,-1,1,1,-1,1,-1,1,-1,1,1,1,-1,1,1,1,1,-1,1,1,1,-1,-1,1,-1,1,-1,1,-1,-1,1,1,1,-1,-1,1,1,1,1,1,-1,-1,1,1,1,1,1,1,1,1,1,1,1,1,1,1,1,-1,1,1,-1,-1,1,1,1,-1,1,1,-1,-1,-1,-1,1,1,1,-1,1,1,1,-1,1,1,-1,-1,1,1,1,1,1,-1,1,1,1,1,1,1,-1,1,1,1,1,1,1,-1,1,1,1,1,1,1,-1,1,-1,1,-1,1,1,-1,-1,1,1,-1,1,1,-1,1,1,1,-1,1,1,1,-1,1,-2670.0,1,2000,445,500,True
1385,-1,-1,1,1,1,1,-1,1,-1,-1,-1,1,-1,1,-1,-1,1,-1,1,1,-1,1,-1,-1,-1,1,-1,-1,1,-1,-1,-1,1,1,-1,1,1,-1,-1,-1,1,-1,1,-1,-1,-1,-1,-1,1,-1,-1,-1,1,-1,1,-1,-1,1,-1,-1,-1,1,1,1,-1,-1,-1,-1,-1,-1,1,-1,-1,-1,-1,-1,-1,1,-1,-1,-1,1,1,-1,-1,-1,-1,-1,-1,1,1,-1,-1,-1,-1,-1,-1,-1,-1,1,-1,-1,-1,-1,-1,-1,-1,-1,-1,-1,-1,1,-1,-1,-1,-1,-1,-1,1,-1,-1,-1,-1,-1,-1,1,-1,-1,1,-1,-1,-1,-1,-1,-1,1,-1,-1,-1,-1,-1,-1,1,-1,-1,-1,1,-1,-1,-1,-1,-1,-1,-1,1,-1,-1,1,-1,-1,-1,-1,-1,-1,1,-1,1,-1,1,-1,1,-1,-1,-1,-1,-1,-1,-1,-1,-1,-1,1,1,-1,1,-1,-1,-1,-1,-1,-1,1,-1,-1,-1,-1,1,-1,1,1,-1,1,-1,1,-1,1,-1,-1,-1,-1,1,-1,1,1,-1,-1,-1,1,1,1,-1,1,-1,-1,1,1,-1,1,-1,-1,1,1,-1,1,-1,1,-1,-1,1,1,1,-1,1,1,-1,1,1,1,-1,-1,1,-1,1,1,-1,-1,1,-1,-1,1,1,1,-1,1,-1,-1,1,-1,-1,-1,1,-1,1,1,1,-1,-1,1,-1,1,1,-1,1,-1,1,-1,-1,1,1,1,-1,1,1,-1,1,1,-1,-1,-1,1,1,1,-1,-1,-1,1,1,-1,1,1,1,-1,-1,1,1,1,-1,-1,-1,1,1,1,1,1,-1,-1,1,-1,1,1,-1,-1,-1,1,-1,1,1,-1,-1,-1,1,1,-1,1,-1,-1,1,-1,-1,1,1,-1,-1,1,1,1,-1,1,-1,1,1,1,-1,1,1,-1,-1,1,1,-1,1,-1,-1,-1,1,1,-1,1,-1,-1,-1,-1,1,1,1,-1,-1,1,1,1,-1,1,1,-1,1,-1,1,-1,-1,1,-1,-1,1,1,-1,1,-1,1,-1,1,1,1,1,1,1,-1,1,-1,-1,1,1,-1,1,-1,1,-1,1,1,-1,1,-1,-1,1,1,-1,-1,1,-1,1,1,1,1,-1,1,1,-1,-1,1,-1,-1,-1,1,-1,1,-1,-1,-1,-1,1,-1,-1,1,1,1,1,1,-1,1,-1,1,-1,-1,1,-1,1,1,1,1,-1,1,-1,-1,1,1,-1,-1,1,-1,1,1,1,-1,-1,1,-1,1,-1,1,-1,-1,-1,1,-1,-1,-1,1,-1,1,-1,1,-1,-1,-1,-1,-1,1,1,-1,-1,1,-1,-1,-1,-1,1,-1,-1,-1,-1,1,-1,-1,-1,-1,-1,1,-1,1,-1,-1,-1,-1,-1,-1,-1,1,-1,-1,1,-1,-1,-1,1,1,-1,1,-1,-1,-1,-1,-1,1,1,-1,-1,-1,-1,-1,1,1,-1,1,-1,-1,-1,-1,1,1,1,-1,-1,-1,1,-1,1,1,1,1,1,1,-1,1,-1,-1,1,-1,1,-1,-1,1,-1,1,1,-1,-1,-1,1,1,1,1,1,-1,-1,1,-1,1,-1,1,-1,-1,-1,1,1,1,1,-1,-1,-1,-1,1,1,1,-1,-1,1,1,1,-1,1,-1,-1,-1,1,1,1,1,-1,-1,-1,-1,1,-1,1,1,-1,1,-1,-1,1,1,-1,1,1,-1,1,1,1,1,-1,1,-1,1,1,1,-1,1,1,1,-1,1,1,-1,-1,1,1,1,1,1,-1,1,1,1,-1,1,1,-1,1,1,1,1,1,1,1,1,1,1,-1,1,1,-1,1,1,1,1,1,1,1,1,1,1,-1,1,1,-1,1,1,1,1,1,1,1,-1,1,-1,1,1,1,1,1,1,1,1,1,1,-1,1,1,1,-1,1,-1,-1,1,1,1,-1,1,1,-1,1,1,-1,1,1,-1,-1,1,1,1,1,1,1,-1,1,-1,1,-1,1,-1,1,1,-1,1,-1,1,1,-1,1,1,-1,1,1,1,-1,1,-1,1,-1,1,1,-1,1,1,1,1,1,-1,1,1,-1,1,1,1,1,-1,1,1,-1,1,1,1,-1,1,1,-1,1,1,1,-1,1,1,-1,1,1,1,-1,1,-1,-1,1,1,1,1,1,-1,1,-1,1,-1,1,1,-1,-1,1,1,1,1,1,1,-1,1,1,1,1,1,-1,1,1,1,1,1,1,1,-1,1,1,-1,1,1,-1,1,1,1,1,1,1,-1,1,-1,1,1,-1,1,1,-1,1,1,1,1,1,-1,-1,1,-1,1,1,1,-1,1,1,1,1,1,-1,-1,1,1,1,1,1,1,-1,1,1,-1,1,1,-1,1,1,1,1,1,1,-1,-1,1,1,1,1,-1,1,-1,1,1,1,1,-1,-1,-1,1,1,1,1,-1,1,-1,1,1,1,1,1,-1,-1,1,1,-1,1,1,-1,-1,1,1,-1,1,-1,-1,-1,1,-1,1,1,1,-1,1,1,1,-1,1,1,-1,-1,1,1,-1,1,1,-1,1,1,1,-1,1,1,-1,1,-1,1,1,1,1,-1,1,-1,1,1,1,-1,-1,1,-1,1,1,1,1,1,-1,-1,1,1,-1,1,1,1,1,1,-1,1,-1,1,1,-1,1,-1,1,1,-1,1,-1,1,-1,1,1,1,-1,-1,1,1,1,1,-1,1,-1,1,-1,1,-1,1,1,-1,1,-1,1,1,1,-1,-1,1,1,1,1,1,-1,-1,1,1,1,1,-1,1,1,-1,1,1,1,-1,1,-1,1,-1,1,1,-1,-1,1,-1,-1,1,1,1,-1,1,1,1,1,1,-1,-1,-1,1,1,-1,1,-1,-1,1,-1,1,1,1,-1,-1,1,1,1,1,1,1,-1,-1,-1,1,1,1,1,-1,1,1,1,1,1,-1,-1,1,1,1,1,1,1,-1,-1,1,1,-1,1,-1,1,-1,1,1,-1,1,1,-1,-1,1,-2670.0,1,2000,445,500,True
1386,-1,-1,1,1,1,1,-1,1,-1,-1,-1,1,-1,1,-1,-1,1,-1,1,1,-1,1,-1,-1,-1,1,-1,-1,1,-1,-1,-1,1,1,-1,-1,1,1,-1,-1,1,-1,-1,-1,-1,-1,-1,1,-1,1,1,-1,1,-1,1,-1,1,-1,1,-1,-1,1,1,1,1,1,-1,-1,-1,-1,1,1,1,1,-1,-1,-1,-1,1,-1,-1,1,1,-1,1,1,1,-1,-1,1,-1,1,-1,1,-1,-1,-1,1,1,1,1,1,-1,-1,1,1,1,1,1,-1,-1,1,1,1,1,1,-1,-1,1,1,1,1,1,-1,-1,1,1,1,-1,1,-1,-1,-1,1,1,1,1,-1,-1,-1,1,1,1,1,1,-1,1,1,1,1,1,-1,-1,-1,-1,1,1,1,-1,-1,-1,-1,1,1,1,1,-1,-1,-1,1,1,1,-1,-1,-1,1,1,1,1,-1,-1,1,-1,1,-1,1,-1,-1,-1,1,1,1,1,-1,-1,-1,-1,1,-1,1,-1,1,-1,-1,1,-1,1,-1,-1,-1,-1,1,-1,1,-1,1,-1,-1,1,-1,1,-1,-1,-1,-1,-1,1,1,-1,-1,-1,-1,1,-1,1,1,-1,-1,-1,1,-1,1,-1,1,-1,-1,-1,-1,1,-1,1,-1,-1,1,1,1,-1,1,-1,-1,1,-1,1,-1,1,-1,1,-1,1,1,-1,1,-1,-1,-1,1,1,-1,-1,-1,1,-1,1,1,1,-1,-1,1,-1,-1,1,-1,-1,-1,1,-1,1,1,1,1,1,1,-1,1,1,-1,1,-1,1,1,-1,1,-1,1,1,1,-1,-1,1,-1,-1,1,1,1,-1,1,1,-1,1,1,-1,-1,1,1,1,1,1,-1,1,1,-1,1,-1,1,-1,1,1,-1,-1,1,1,-1,-1,1,1,1,-1,1,-1,1,1,1,-1,1,1,-1,1,1,1,-1,1,-1,-1,1,1,1,-1,1,-1,-1,-1,1,1,-1,1,-1,-1,1,-1,1,-1,1,1,-1,-1,1,1,1,-1,1,-1,-1,1,1,-1,1,-1,-1,-1,-1,-1,-1,1,1,-1,-1,1,1,-1,1,-1,1,-1,1,1,1,1,-1,-1,1,1,1,-1,1,-1,-1,-1,-1,1,1,-1,1,-1,-1,1,-1,1,-1,-1,-1,1,-1,-1,1,-1,1,-1,-1,1,-1,1,-1,-1,-1,1,1,-1,1,-1,1,-1,-1,1,-1,1,-1,-1,-1,-1,1,-1,-1,1,1,-1,-1,1,-1,1,1,-1,1,-1,1,-1,1,-1,1,-1,-1,1,-1,1,-1,-1,-1,1,1,-1,1,-1,1,-1,1,-1,1,1,-1,1,-1,1,-1,-1,1,-1,-1,-1,1,-1,1,-1,1,1,-1,1,-1,-1,1,-1,-1,1,-1,1,-1,1,-1,1,-1,1,1,-1,-1,-1,1,-1,1,-1,-1,1,-1,1,1,1,1,-1,-1,1,1,-1,1,1,-1,-1,1,1,1,-1,1,1,-1,1,1,1,1,1,1,1,-1,-1,1,-1,1,-1,1,-1,-1,1,1,-1,1,-1,-1,-1,1,1,-1,1,1,-1,-1,-1,1,-1,1,1,-1,-1,-1,1,-1,-1,-1,-1,1,-1,1,-1,-1,-1,-1,-1,-1,1,-1,1,1,1,1,-1,1,-1,1,1,-1,1,-1,1,-1,-1,1,-1,1,-1,-1,1,1,1,1,-1,-1,1,1,1,1,-1,1,-1,-1,1,1,1,-1,1,-1,1,1,1,1,-1,-1,-1,1,-1,1,-1,1,1,-1,-1,1,1,1,-1,-1,-1,-1,1,1,1,1,-1,-1,-1,1,1,1,1,1,-1,-1,1,-1,1,-1,1,-1,1,1,1,1,1,1,-1,-1,1,1,1,1,1,-1,-1,1,1,-1,1,1,-1,-1,1,1,1,1,1,-1,1,1,1,1,-1,1,-1,1,-1,1,1,-1,1,-1,1,1,1,1,1,-1,1,1,1,1,1,-1,-1,-1,1,-1,1,-1,-1,-1,-1,1,-1,1,1,-1,1,-1,1,-1,1,1,-1,1,-1,1,1,1,1,-1,-1,-1,1,-1,1,1,-1,1,-1,1,1,-1,-1,-1,1,-1,1,-1,1,-1,-1,1,-1,-1,-1,-1,1,-1,1,-1,1,-1,-1,1,-1,1,-1,-1,-1,1,1,-1,-1,-1,-1,-1,1,-1,-1,-1,-1,-1,-1,1,-1,1,1,-1,-1,-1,-1,-1,-1,1,-1,-1,-1,1,1,-1,1,-1,-1,1,-1,-1,-1,1,-1,-1,-1,1,1,1,1,1,-1,-1,1,-1,1,1,-1,1,-1,-1,1,1,1,-1,-1,-1,-1,-1,1,-1,1,-1,1,-1,1,1,1,1,1,-1,-1,1,1,1,1,-1,1,-1,1,1,-1,1,-1,-1,1,1,1,1,-1,1,-1,-1,1,-1,1,1,1,-1,-1,1,1,1,-1,1,1,-1,1,1,1,1,1,1,-1,1,1,1,1,1,1,-1,1,1,-1,1,1,1,-1,1,1,-1,1,1,1,-1,1,-1,-1,1,1,1,-1,-1,1,-1,1,1,1,-1,1,1,-1,1,1,-1,1,1,1,-1,1,1,1,1,-1,-1,1,1,1,-1,1,-1,1,1,1,1,1,-1,1,1,1,1,-1,1,1,-1,1,1,-1,1,1,-1,-1,1,-1,1,-1,1,1,-1,1,-1,1,1,-1,1,-1,1,-1,1,1,1,-1,-1,-1,1,1,1,-1,1,-1,-1,-1,1,1,-1,1,-1,1,-1,1,-1,1,-1,-1,-1,1,1,1,1,-1,1,1,1,1,1,-1,1,-1,1,1,1,1,-1,1,-1,-1,-1,1,1,-1,1,1,1,1,-1,1,1,-1,1,-1,-1,1,1,-1,1,1,1,1,-1,1,-1,-1,1,1,1,1,1,-1,-1,1,1,1,1,1,1,-1,1,1,1,1,1,1,-1,1,1,1,1,1,1,-1,1,1,1,-1,1,1,-1,1,1,1,-1,1,1,1,-1,1,1,-1,1,1,-1,1,1,-2670.0,1,2000,445,500,True
1387,-1,-1,1,1,1,1,-1,1,-1,-1,-1,1,-1,1,-1,-1,1,-1,1,1,-1,1,-1,-1,-1,1,-1,-1,-1,-1,-1,-1,1,1,-1,1,1,-1,-1,-1,1,-1,1,-1,-1,-1,-1,-1,1,-1,1,-1,1,-1,1,-1,-1,1,-1,-1,-1,1,1,1,-1,-1,-1,-1,-1,-1,1,-1,-1,-1,-1,-1,-1,1,-1,-1,-1,1,1,-1,-1,-1,-1,-1,-1,1,-1,-1,-1,-1,-1,-1,-1,1,-1,1,-1,-1,-1,-1,1,-1,-1,-1,-1,-1,-1,1,-1,1,-1,-1,-1,-1,1,-1,-1,-1,-1,-1,-1,1,-1,-1,1,-1,-1,-1,-1,-1,-1,1,-1,-1,-1,-1,-1,-1,1,-1,-1,-1,1,-1,-1,-1,-1,-1,-1,-1,1,-1,-1,1,-1,-1,-1,1,-1,-1,1,-1,1,-1,1,-1,1,-1,-1,-1,-1,-1,-1,-1,-1,-1,-1,1,1,-1,1,-1,-1,-1,-1,-1,-1,1,-1,-1,-1,-1,1,-1,1,1,-1,1,-1,1,-1,1,-1,-1,-1,-1,1,-1,1,1,-1,-1,-1,1,1,1,-1,1,-1,-1,1,1,-1,1,-1,-1,-1,1,-1,1,-1,1,-1,-1,1,1,1,-1,1,1,-1,1,1,1,-1,-1,1,-1,1,1,1,1,1,-1,-1,1,1,1,-1,1,-1,-1,1,-1,-1,-1,1,-1,1,1,1,-1,-1,1,-1,1,1,-1,1,-1,1,-1,-1,1,1,1,-1,1,1,-1,1,1,-1,-1,-1,1,1,1,-1,-1,-1,1,1,-1,1,1,1,-1,-1,1,1,1,-1,-1,-1,1,1,1,1,1,-1,-1,1,-1,1,1,-1,-1,-1,1,-1,1,1,-1,-1,-1,1,1,-1,1,-1,-1,1,-1,-1,1,1,-1,1,1,1,1,-1,1,-1,1,1,1,-1,1,1,-1,-1,1,1,-1,1,-1,-1,-1,1,1,-1,1,-1,-1,1,-1,1,1,1,-1,-1,1,1,1,-1,1,1,-1,1,-1,1,-1,-1,1,-1,-1,1,1,-1,1,-1,-1,1,1,-1,-1,1,1,-1,1,-1,1,-1,1,-1,1,1,-1,1,-1,1,-1,1,1,-1,-1,1,1,-1,-1,1,-1,1,-1,-1,1,-1,1,1,-1,-1,1,-1,-1,1,1,-1,1,-1,1,-1,-1,1,-1,-1,1,-1,-1,-1,1,-1,1,-1,1,-1,-1,1,-1,-1,-1,-1,-1,-1,1,-1,-1,1,1,-1,-1,1,-1,1,-1,-1,1,-1,1,-1,-1,1,1,-1,-1,-1,1,-1,-1,-1,1,-1,1,-1,-1,1,1,-1,-1,-1,1,-1,1,1,-1,-1,-1,-1,-1,-1,-1,1,-1,-1,1,-1,1,1,1,1,-1,-1,1,-1,-1,1,-1,-1,-1,1,-1,1,-1,1,-1,-1,-1,-1,1,-1,1,-1,-1,1,-1,1,1,1,-1,-1,-1,-1,1,-1,1,-1,-1,-1,1,1,1,-1,1,1,-1,1,1,1,1,1,1,1,-1,1,1,-1,1,-1,1,-1,-1,1,-1,-1,1,-1,-1,1,-1,-1,-1,1,1,-1,1,1,-1,-1,1,1,-1,-1,1,-1,-1,-1,-1,-1,1,1,-1,-1,-1,-1,-1,1,1,-1,-1,1,1,1,-1,1,-1,-1,1,1,-1,1,1,-1,-1,-1,1,-1,-1,1,1,-1,1,1,1,1,1,-1,1,1,1,-1,1,1,1,-1,1,1,-1,1,1,-1,1,1,1,-1,1,1,-1,-1,1,-1,1,-1,1,-1,1,1,-1,-1,1,1,-1,1,1,1,1,1,1,1,1,1,1,1,1,1,-1,1,-1,1,-1,1,1,1,1,1,1,1,1,1,-1,1,-1,1,-1,1,1,1,-1,1,-1,1,1,1,1,1,1,1,1,1,1,-1,1,1,-1,-1,1,-1,-1,1,1,1,-1,1,1,-1,1,-1,1,1,1,-1,-1,1,-1,1,-1,1,1,-1,1,-1,1,-1,1,-1,1,1,-1,1,-1,1,1,-1,1,-1,1,-1,1,1,-1,1,-1,1,-1,1,1,-1,1,1,1,1,1,-1,1,1,-1,1,1,1,1,-1,1,-1,1,-1,1,1,-1,1,1,-1,1,1,1,-1,1,1,-1,1,1,1,-1,1,-1,-1,1,1,1,1,1,-1,1,-1,1,-1,1,1,1,-1,1,1,1,1,1,1,-1,1,1,1,1,1,-1,1,1,1,1,1,1,1,-1,1,1,-1,1,1,-1,1,1,1,1,1,1,-1,1,1,1,1,-1,1,1,-1,1,1,1,1,1,-1,-1,1,-1,1,1,1,-1,1,1,1,1,1,-1,-1,1,1,1,1,1,1,-1,1,1,-1,1,1,-1,1,1,1,1,1,1,-1,-1,1,1,1,1,-1,1,-1,1,1,1,1,-1,-1,-1,1,1,1,1,-1,1,-1,1,1,1,1,1,-1,-1,1,1,-1,1,1,-1,-1,1,1,-1,1,-1,-1,-1,1,-1,1,1,1,-1,1,1,1,-1,1,1,-1,-1,1,1,-1,1,1,-1,1,1,1,-1,1,1,-1,1,-1,1,1,1,1,-1,1,-1,1,1,1,-1,-1,1,1,1,1,1,1,1,-1,1,1,1,-1,1,1,1,1,-1,-1,1,-1,1,1,1,1,-1,1,1,-1,1,-1,1,-1,1,1,1,-1,1,1,1,1,1,-1,1,1,-1,-1,1,-1,1,1,1,-1,-1,1,1,1,-1,-1,1,1,1,1,1,-1,-1,1,1,1,1,-1,1,1,1,1,1,1,-1,1,1,1,-1,1,1,-1,-1,1,1,1,-1,1,1,-1,-1,-1,-1,1,1,-1,-1,1,1,1,-1,1,-1,-1,-1,1,1,1,1,-1,-1,1,1,1,1,1,1,-1,1,1,1,1,1,1,-1,1,1,1,1,1,-1,-1,1,-1,1,-1,1,1,-1,-1,1,1,-1,1,-1,1,-1,1,1,-1,1,1,-1,-1,1,-2670.0,1,2000,445,500,True
1388,-1,-1,1,1,1,1,-1,1,-1,-1,-1,1,-1,1,-1,-1,1,-1,1,-1,-1,1,-1,-1,-1,1,-1,-1,1,-1,-1,-1,1,-1,-1,1,1,-1,-1,1,-1,-1,1,-1,-1,-1,1,1,-1,-1,-1,-1,-1,1,-1,-1,-1,1,-1,-1,1,1,-1,1,-1,-1,-1,1,1,-1,1,-1,-1,-1,1,1,-1,1,-1,-1,-1,1,1,-1,-1,-1,-1,1,1,1,1,-1,-1,-1,1,1,-1,-1,-1,1,-1,1,1,1,-1,-1,-1,-1,1,1,1,-1,-1,-1,-1,1,1,1,1,-1,-1,-1,-1,1,1,-1,-1,-1,1,1,1,1,-1,-1,-1,1,1,1,1,-1,-1,-1,1,-1,1,1,1,-1,-1,-1,-1,1,1,-1,1,-1,1,1,1,1,-1,-1,-1,-1,1,-1,1,-1,1,-1,1,-1,1,1,-1,-1,-1,-1,1,1,-1,1,1,-1,1,-1,1,-1,-1,-1,-1,1,-1,1,-1,-1,1,-1,1,-1,1,-1,-1,1,-1,1,1,1,1,-1,1,-1,1,-1,1,-1,-1,1,-1,1,-1,1,1,-1,1,1,-1,1,-1,1,-1,1,1,1,-1,1,1,-1,1,-1,1,-1,1,-1,-1,1,1,1,-1,-1,1,-1,1,-1,-1,-1,1,-1,-1,1,-1,1,-1,1,1,-1,1,1,-1,-1,1,-1,1,1,1,-1,-1,1,-1,1,1,1,1,-1,-1,1,-1,1,1,1,-1,1,1,-1,1,1,-1,-1,1,1,1,1,1,-1,-1,1,1,-1,1,1,1,-1,1,1,1,1,1,1,-1,1,-1,1,1,-1,1,-1,1,-1,1,1,1,1,-1,1,-1,1,1,1,-1,-1,1,1,-1,1,1,-1,1,1,-1,1,1,1,-1,1,1,1,-1,1,1,1,1,1,-1,1,1,1,1,1,1,-1,1,1,1,-1,1,1,-1,1,1,1,1,-1,1,1,1,1,1,1,-1,1,-1,1,-1,1,1,-1,1,-1,-1,-1,1,1,-1,1,-1,1,1,1,1,1,-1,-1,1,1,1,1,-1,1,-1,1,1,-1,1,-1,1,-1,1,1,1,1,-1,-1,1,1,1,1,1,-1,1,1,1,-1,1,1,1,-1,-1,1,1,1,1,-1,-1,1,-1,1,1,-1,1,-1,-1,1,1,-1,-1,1,-1,1,-1,-1,1,-1,1,-1,-1,-1,-1,1,-1,1,-1,-1,1,-1,1,-1,1,-1,1,-1,1,1,-1,1,-1,-1,1,-1,1,-1,-1,-1,-1,-1,1,1,-1,1,-1,-1,1,1,1,-1,-1,1,-1,1,1,-1,-1,-1,-1,-1,-1,1,1,-1,-1,1,-1,1,-1,1,1,-1,-1,1,-1,1,1,-1,-1,-1,-1,-1,-1,-1,1,-1,-1,-1,-1,1,-1,1,-1,-1,-1,-1,-1,1,1,-1,-1,-1,-1,-1,1,1,-1,-1,-1,-1,-1,-1,-1,1,1,-1,-1,-1,1,1,1,1,1,1,1,1,-1,-1,1,1,1,-1,1,-1,1,-1,1,1,1,-1,-1,-1,1,-1,1,1,1,-1,-1,-1,1,1,-1,1,-1,-1,-1,1,1,1,1,-1,-1,-1,1,1,1,1,-1,-1,-1,-1,1,-1,1,-1,1,-1,-1,1,1,1,-1,-1,1,1,-1,-1,1,1,-1,-1,-1,-1,1,1,1,-1,-1,-1,1,1,1,1,-1,-1,1,-1,1,1,-1,-1,-1,-1,-1,1,1,-1,1,-1,-1,1,1,1,1,-1,-1,-1,-1,1,1,1,-1,-1,-1,1,1,1,1,-1,-1,-1,-1,1,1,1,-1,1,-1,1,1,1,1,-1,-1,1,1,1,-1,1,-1,-1,1,-1,1,1,1,-1,-1,1,1,1,1,1,-1,-1,-1,1,1,1,-1,1,-1,1,-1,1,-1,-1,1,-1,1,-1,1,1,-1,1,-1,-1,1,1,-1,-1,-1,-1,1,-1,1,1,-1,1,-1,1,-1,1,-1,1,-1,-1,1,1,1,1,-1,1,-1,1,-1,1,1,-1,1,-1,1,-1,1,1,-1,1,1,1,1,1,-1,1,1,-1,1,1,1,1,-1,1,-1,1,-1,1,1,-1,1,1,-1,1,1,1,-1,1,1,-1,1,1,1,-1,1,-1,-1,1,1,-1,1,1,-1,1,-1,1,-1,1,1,1,-1,1,1,1,1,1,1,-1,1,1,-1,1,1,1,1,1,1,-1,1,1,1,-1,1,1,-1,1,1,-1,1,1,-1,1,1,1,1,-1,1,1,-1,1,1,-1,1,1,1,-1,1,1,-1,-1,1,-1,-1,1,1,-1,1,1,-1,-1,-1,1,-1,1,1,1,-1,1,-1,-1,1,1,1,-1,1,-1,1,1,1,-1,1,1,-1,-1,1,-1,-1,-1,-1,-1,-1,1,1,-1,1,-1,-1,-1,1,1,-1,-1,1,-1,-1,1,1,-1,-1,-1,-1,-1,1,1,-1,-1,-1,1,-1,1,1,-1,-1,1,-1,-1,1,-1,-1,-1,-1,-1,1,1,1,-1,-1,-1,1,-1,1,1,-1,-1,1,-1,1,1,1,1,-1,-1,-1,1,-1,1,-1,-1,-1,-1,1,-1,1,-1,-1,-1,-1,1,1,1,-1,-1,1,1,-1,1,1,-1,1,-1,1,1,1,1,1,-1,1,1,1,1,1,1,-1,1,-1,1,-1,1,1,-1,1,1,-1,1,1,1,-1,1,-1,1,1,1,1,1,1,-1,1,-1,1,1,-1,-1,1,-1,-1,1,1,-1,1,1,-1,-1,1,1,1,1,-1,1,1,1,1,1,1,-1,1,1,1,1,1,1,-1,-1,1,-1,1,-1,1,1,-1,-1,1,1,1,1,-1,-1,1,1,1,1,1,-1,-1,-1,1,1,1,1,-1,-1,1,-1,1,1,1,1,-1,1,1,1,1,1,1,-1,1,1,1,1,1,-1,-1,1,-1,1,1,1,1,-1,-1,1,1,1,1,-1,1,-1,1,1,-1,1,1,-1,-1,1,-2670.0,1,2000,445,500,True
1389,1,1,-1,-1,1,1,-1,-1,1,1,1,-1,1,1,1,1,-1,1,-1,-1,-1,-1,1,1,1,-1,-1,-1,1,1,1,1,1,-1,-1,-1,1,1,1,1,-1,-1,-1,1,1,1,1,-1,1,1,1,1,-1,1,-1,-1,1,-1,1,1,1,-1,-1,-1,1,1,1,1,-1,-1,-1,1,1,1,1,-1,-1,-1,1,1,1,-1,-1,-1,1,1,1,1,-1,-1,-1,1,1,1,1,-1,-1,1,1,-1,1,1,-1,-1,1,1,1,1,1,-1,-1,-1,1,-1,1,1,-1,-1,1,1,1,1,1,1,-1,-1,1,1,-1,1,1,-1,1,1,1,1,1,1,-1,1,1,1,1,1,1,-1,1,1,1,1,1,1,-1,-1,-1,1,1,1,1,-1,1,1,1,1,-1,1,-1,1,1,1,1,1,-1,-1,1,1,1,1,1,-1,1,-1,-1,1,-1,1,-1,1,1,1,1,1,1,1,1,1,-1,1,-1,1,-1,1,1,-1,1,-1,1,1,-1,1,-1,1,-1,1,-1,1,1,-1,1,-1,1,1,1,1,-1,-1,1,1,-1,-1,1,-1,1,-1,-1,1,-1,1,-1,1,-1,1,-1,1,1,-1,-1,-1,1,1,-1,1,-1,1,1,1,-1,1,1,-1,1,-1,1,-1,1,-1,1,-1,1,1,-1,1,-1,-1,-1,1,1,-1,1,-1,-1,-1,1,1,-1,-1,1,1,-1,-1,1,1,-1,1,1,-1,1,1,1,1,-1,1,-1,1,1,-1,1,-1,1,1,-1,1,1,1,1,1,-1,-1,1,-1,-1,-1,1,1,-1,1,1,1,-1,1,-1,-1,1,1,1,-1,1,-1,1,1,1,-1,1,1,-1,1,1,1,-1,1,1,-1,-1,1,1,1,-1,1,-1,1,1,1,-1,1,1,-1,1,1,1,-1,1,-1,-1,1,1,1,-1,1,-1,-1,-1,1,1,-1,1,-1,-1,1,-1,1,-1,1,1,-1,-1,1,1,1,-1,1,-1,-1,1,1,-1,1,-1,-1,-1,-1,-1,-1,1,1,-1,-1,1,1,-1,1,-1,1,-1,1,1,1,1,1,-1,1,1,1,-1,1,-1,-1,-1,-1,1,1,1,1,-1,-1,1,1,1,1,-1,-1,1,-1,-1,1,-1,1,-1,-1,1,-1,1,1,-1,-1,1,1,-1,1,-1,1,-1,-1,1,-1,1,1,-1,-1,-1,1,-1,-1,1,1,-1,-1,1,-1,1,1,-1,1,-1,1,-1,-1,1,1,-1,-1,1,-1,1,1,-1,-1,1,1,-1,1,-1,1,-1,1,-1,-1,1,-1,1,-1,1,-1,-1,1,-1,-1,-1,1,-1,-1,1,1,1,-1,1,-1,-1,1,-1,-1,1,-1,1,-1,1,1,1,-1,1,1,-1,-1,-1,1,-1,1,-1,-1,1,-1,1,1,1,1,-1,-1,1,1,-1,1,1,1,-1,1,1,1,-1,1,1,-1,1,1,1,1,1,1,1,-1,-1,-1,1,-1,-1,1,1,1,-1,1,-1,1,-1,-1,-1,1,1,-1,1,1,-1,-1,1,1,-1,1,1,-1,1,-1,1,-1,-1,-1,-1,-1,-1,1,-1,-1,-1,-1,-1,-1,1,-1,1,1,1,1,-1,1,-1,1,1,-1,-1,-1,1,-1,-1,1,-1,1,-1,-1,1,1,1,1,-1,-1,-1,1,1,1,-1,1,-1,1,1,1,1,-1,-1,-1,1,1,1,1,-1,1,-1,1,-1,1,-1,1,1,-1,-1,1,1,1,-1,-1,-1,-1,1,1,1,1,-1,-1,-1,1,1,1,1,-1,-1,-1,1,-1,1,-1,-1,-1,1,1,1,1,1,-1,-1,-1,1,1,1,1,-1,-1,-1,1,1,-1,1,-1,-1,-1,1,1,1,1,-1,-1,1,1,1,1,-1,-1,1,1,-1,1,1,-1,-1,-1,1,1,1,1,1,-1,1,1,1,1,1,-1,-1,-1,1,-1,1,-1,-1,-1,-1,1,-1,1,1,-1,-1,-1,1,-1,1,1,-1,-1,-1,1,1,1,1,-1,-1,-1,1,-1,1,1,-1,-1,-1,1,1,-1,-1,-1,-1,-1,1,-1,1,-1,-1,-1,-1,-1,-1,-1,1,-1,-1,-1,1,-1,-1,1,-1,-1,-1,-1,-1,-1,1,-1,-1,-1,-1,-1,1,-1,-1,-1,1,-1,-1,1,-1,1,-1,-1,-1,-1,-1,-1,-1,1,-1,-1,-1,1,1,-1,-1,-1,1,-1,-1,-1,-1,-1,1,-1,-1,1,1,1,-1,-1,-1,-1,1,-1,1,1,-1,1,-1,-1,1,1,-1,-1,-1,-1,-1,-1,1,1,-1,-1,1,-1,1,1,-1,-1,-1,1,-1,1,1,-1,-1,1,-1,-1,1,1,1,-1,1,-1,1,1,1,-1,-1,1,-1,-1,1,1,1,-1,1,-1,-1,1,1,-1,1,1,-1,-1,1,1,-1,1,1,-1,-1,1,1,1,1,1,-1,-1,1,1,1,1,1,1,-1,-1,1,1,-1,1,-1,-1,1,-1,1,1,1,1,-1,-1,1,-1,1,1,1,-1,1,1,1,1,-1,1,-1,1,1,1,1,1,1,1,-1,1,1,1,1,-1,1,-1,1,1,1,1,1,-1,1,1,1,1,-1,1,1,-1,1,1,-1,1,1,-1,-1,1,1,1,1,-1,1,-1,1,1,1,-1,-1,1,-1,1,1,1,-1,1,-1,-1,-1,1,1,-1,-1,1,-1,-1,1,1,-1,-1,1,-1,-1,1,1,1,-1,1,-1,-1,1,1,-1,-1,-1,1,-1,1,1,-1,1,1,-1,1,1,-1,-1,1,-1,-1,-1,1,1,-1,1,1,-1,1,1,-1,-1,-1,-1,1,-1,-1,-1,-1,1,-1,-1,1,1,-1,1,1,-1,1,1,1,1,-1,1,-1,1,1,1,-1,-1,1,-1,-1,1,1,-1,-1,1,-1,1,1,1,-1,-1,1,-1,1,1,1,1,-1,1,-1,-1,1,1,-1,-1,-1,1,-1,1,1,1,-1,1,-1,-1,1,-2670.0,1,2000,445,1500,False
1390,-1,-1,1,1,1,1,-1,1,-1,-1,-1,1,-1,1,-1,-1,1,-1,1,1,-1,1,-1,-1,-1,1,-1,-1,1,-1,-1,-1,1,1,-1,1,1,-1,-1,-1,1,-1,1,-1,-1,-1,-1,-1,1,-1,-1,-1,1,-1,1,-1,-1,1,-1,-1,-1,1,1,1,-1,-1,-1,-1,-1,-1,1,-1,-1,-1,-1,-1,-1,1,-1,-1,-1,1,1,-1,-1,-1,-1,1,-1,1,-1,-1,-1,-1,-1,-1,-1,1,-1,1,-1,-1,-1,-1,1,-1,-1,-1,-1,-1,-1,1,-1,-1,-1,-1,-1,-1,1,-1,-1,-1,-1,-1,-1,1,-1,-1,1,-1,-1,-1,-1,-1,-1,1,-1,-1,-1,-1,-1,-1,1,-1,-1,-1,1,-1,-1,-1,-1,-1,-1,-1,1,-1,1,1,-1,-1,-1,-1,-1,-1,-1,-1,1,-1,1,-1,-1,-1,-1,-1,-1,-1,-1,1,-1,-1,-1,1,1,-1,-1,-1,-1,-1,-1,-1,-1,1,-1,-1,-1,-1,1,-1,1,-1,-1,1,-1,1,-1,1,-1,-1,-1,-1,1,-1,1,-1,1,-1,-1,1,-1,1,-1,1,-1,-1,1,1,-1,1,-1,-1,-1,1,1,-1,1,-1,-1,-1,1,-1,1,-1,1,1,-1,1,1,-1,1,-1,1,-1,1,-1,-1,1,1,-1,-1,1,-1,1,-1,1,-1,-1,1,1,1,1,1,-1,1,1,1,-1,1,1,-1,1,1,1,1,1,1,-1,-1,1,1,1,1,1,1,-1,1,1,1,1,-1,1,1,1,1,1,1,1,1,-1,1,1,1,1,1,1,1,1,1,1,1,1,1,1,1,-1,1,1,1,-1,1,1,1,1,1,1,-1,1,1,1,1,1,1,1,-1,1,1,1,1,-1,-1,1,1,1,1,-1,1,1,-1,1,1,1,1,1,-1,1,1,1,1,1,1,-1,1,-1,1,1,1,1,-1,1,-1,1,1,1,1,-1,1,-1,1,-1,-1,1,-1,1,1,-1,1,1,1,-1,-1,1,-1,1,-1,1,-1,1,-1,-1,1,-1,-1,-1,1,1,1,1,-1,1,-1,1,-1,1,-1,1,1,1,1,-1,1,-1,1,1,-1,1,-1,-1,-1,-1,1,1,-1,1,-1,-1,1,-1,1,-1,-1,-1,1,-1,-1,1,-1,1,-1,-1,1,-1,1,-1,-1,-1,1,1,-1,1,-1,1,-1,-1,1,-1,1,-1,-1,-1,-1,1,-1,-1,1,1,-1,-1,1,-1,1,1,-1,1,-1,1,-1,1,-1,1,-1,-1,1,-1,1,-1,-1,-1,1,1,-1,1,-1,1,-1,1,-1,1,1,-1,1,-1,1,-1,-1,1,-1,-1,-1,1,-1,1,-1,1,1,-1,1,-1,-1,1,-1,-1,1,-1,1,-1,1,-1,1,-1,1,1,-1,1,-1,1,-1,1,-1,-1,1,-1,1,1,1,1,-1,-1,1,1,-1,1,1,1,-1,1,1,1,-1,1,1,-1,1,1,1,1,-1,1,1,-1,1,1,-1,1,-1,1,-1,-1,1,-1,-1,1,-1,-1,1,-1,-1,-1,1,1,-1,1,1,-1,-1,1,1,-1,-1,1,-1,-1,-1,-1,-1,1,1,-1,-1,-1,-1,-1,1,1,-1,-1,1,1,1,-1,1,-1,-1,1,1,-1,1,1,-1,-1,-1,1,-1,-1,1,1,-1,1,1,1,1,1,1,-1,-1,1,-1,1,1,1,-1,-1,1,-1,1,1,-1,-1,1,1,-1,1,1,-1,1,1,-1,1,1,1,1,-1,1,1,-1,1,1,1,-1,1,1,1,1,1,1,-1,-1,1,1,1,1,1,-1,1,1,-1,1,1,1,-1,-1,1,1,1,-1,1,-1,-1,1,1,1,1,1,-1,-1,-1,1,1,1,1,-1,-1,1,1,1,1,-1,1,-1,1,-1,1,-1,-1,1,-1,1,-1,1,1,-1,-1,-1,1,1,1,-1,1,-1,-1,1,-1,1,1,-1,-1,1,-1,-1,1,-1,1,-1,-1,1,-1,1,1,1,-1,-1,1,-1,1,1,-1,-1,-1,1,-1,1,1,1,-1,-1,1,-1,1,-1,-1,-1,1,-1,-1,1,1,-1,-1,1,-1,-1,1,1,-1,-1,-1,1,-1,1,1,-1,1,-1,1,-1,1,1,1,-1,1,1,-1,1,1,-1,-1,1,-1,-1,1,1,1,-1,1,-1,1,1,1,-1,-1,-1,-1,-1,1,1,-1,-1,1,1,-1,1,1,1,-1,1,-1,-1,1,-1,1,-1,1,1,1,1,1,1,-1,1,-1,1,1,1,1,-1,-1,1,1,1,1,1,1,-1,-1,1,-1,1,1,-1,-1,1,1,1,1,1,-1,-1,1,1,1,1,1,1,-1,1,1,-1,1,-1,-1,1,1,1,1,1,1,-1,-1,1,1,1,1,-1,1,-1,1,1,1,1,-1,-1,-1,1,1,1,1,-1,1,-1,1,1,1,1,1,-1,-1,1,1,-1,1,1,-1,-1,1,1,-1,1,-1,-1,-1,1,-1,-1,1,1,-1,1,1,1,-1,1,1,-1,-1,1,1,-1,1,1,-1,1,1,1,-1,1,1,-1,1,-1,-1,1,1,1,-1,1,-1,1,1,1,-1,-1,1,-1,1,1,1,1,1,1,-1,1,1,-1,1,1,-1,-1,1,-1,1,-1,1,1,-1,1,-1,1,1,-1,1,-1,1,-1,1,1,1,-1,-1,-1,1,1,1,-1,1,-1,-1,-1,1,-1,1,1,-1,1,-1,1,1,1,-1,-1,-1,1,1,1,1,-1,1,1,1,1,1,-1,1,-1,1,1,1,1,-1,1,-1,-1,-1,1,1,-1,1,1,1,1,-1,1,1,-1,-1,-1,-1,1,1,-1,1,1,1,1,-1,1,-1,-1,1,1,1,1,1,-1,-1,1,1,1,1,1,1,-1,1,1,1,1,1,1,-1,1,1,1,1,1,-1,-1,1,1,1,-1,1,1,-1,1,1,1,-1,1,-1,1,-1,1,1,-1,1,1,-1,1,1,-2670.0,1,2000,445,500,True
1391,1,1,-1,-1,1,1,-1,-1,1,1,1,-1,-1,1,1,1,-1,1,-1,-1,-1,-1,1,1,1,-1,-1,-1,1,1,1,1,1,-1,-1,-1,1,-1,1,1,-1,-1,-1,1,1,1,1,-1,1,1,1,1,-1,1,-1,-1,1,-1,1,1,1,-1,-1,-1,1,1,1,1,-1,-1,-1,1,1,1,1,-1,-1,-1,1,1,1,-1,-1,-1,1,1,1,1,-1,-1,-1,1,1,1,1,-1,-1,1,1,-1,1,1,-1,-1,1,1,1,1,1,-1,-1,-1,1,1,1,1,-1,-1,1,1,1,1,1,1,-1,-1,1,1,-1,1,1,-1,1,1,1,1,1,1,-1,1,1,1,1,1,1,-1,1,1,1,1,1,1,-1,-1,-1,1,1,1,1,-1,1,1,1,1,-1,1,-1,1,-1,1,1,1,-1,-1,1,1,1,1,1,-1,1,-1,-1,1,-1,1,-1,1,1,1,1,1,1,1,1,1,-1,1,-1,1,-1,1,1,-1,1,-1,1,1,-1,1,-1,1,-1,1,-1,1,1,-1,1,-1,1,1,1,1,-1,-1,1,1,-1,-1,1,-1,1,-1,-1,1,-1,1,-1,1,-1,1,-1,1,1,-1,-1,-1,1,1,-1,1,-1,1,1,1,-1,1,1,-1,-1,-1,1,-1,1,-1,1,-1,1,1,-1,1,-1,-1,-1,1,1,-1,1,-1,-1,-1,1,1,-1,-1,1,1,-1,-1,1,1,-1,1,1,-1,1,1,1,1,-1,1,-1,1,1,-1,1,-1,1,-1,1,1,1,1,1,1,-1,-1,1,-1,-1,-1,1,1,-1,1,1,1,-1,1,1,1,1,1,1,1,1,-1,1,1,1,-1,1,1,-1,1,1,1,-1,1,1,-1,-1,1,1,1,-1,1,-1,1,1,1,-1,1,1,-1,1,1,1,-1,1,1,-1,1,1,1,-1,1,1,-1,-1,1,1,-1,1,1,-1,1,-1,1,-1,1,1,1,-1,1,1,1,-1,1,1,-1,1,1,-1,1,1,1,-1,-1,-1,-1,1,1,1,-1,1,1,-1,1,1,-1,-1,1,1,1,1,1,-1,1,1,1,-1,1,1,1,-1,-1,1,1,1,-1,1,-1,1,1,1,1,1,1,-1,-1,-1,1,-1,-1,1,1,-1,1,1,-1,1,1,1,1,-1,1,-1,-1,1,-1,1,-1,1,1,1,1,1,1,-1,-1,1,-1,1,1,1,-1,1,1,1,-1,1,1,-1,-1,1,-1,1,1,1,-1,1,1,1,1,1,1,-1,1,-1,-1,1,1,-1,-1,1,-1,-1,1,1,-1,-1,1,-1,1,1,1,-1,-1,1,-1,-1,1,1,-1,-1,1,-1,1,1,1,1,-1,1,1,-1,-1,1,1,-1,-1,-1,1,-1,1,-1,-1,1,-1,-1,1,-1,1,-1,-1,1,-1,1,-1,1,-1,-1,1,-1,-1,1,1,1,-1,1,-1,1,-1,1,-1,1,-1,-1,-1,1,-1,-1,-1,1,1,-1,1,-1,1,1,1,-1,1,1,-1,-1,-1,1,-1,-1,1,-1,-1,1,1,1,-1,1,-1,-1,1,1,-1,-1,1,-1,-1,1,1,-1,-1,1,-1,-1,-1,1,1,-1,1,1,-1,-1,1,-1,-1,1,-1,1,-1,1,1,-1,-1,1,-1,-1,-1,-1,-1,1,1,1,-1,1,1,-1,-1,1,-1,1,-1,-1,-1,1,1,-1,-1,-1,-1,-1,1,1,-1,1,1,1,-1,-1,1,1,-1,-1,-1,-1,1,1,-1,-1,1,-1,-1,-1,1,1,-1,-1,-1,-1,-1,1,-1,-1,1,-1,-1,1,1,1,-1,1,-1,-1,-1,1,1,-1,-1,-1,-1,-1,1,1,1,-1,-1,-1,-1,1,1,-1,-1,-1,-1,1,1,1,1,-1,-1,1,1,1,1,1,-1,-1,-1,1,1,1,-1,1,-1,1,1,1,1,-1,1,-1,-1,1,-1,1,-1,1,-1,-1,1,-1,1,-1,-1,-1,-1,1,-1,1,-1,1,1,-1,1,-1,1,-1,1,1,-1,1,-1,1,-1,-1,-1,-1,1,1,-1,-1,-1,-1,-1,1,-1,1,-1,-1,-1,-1,-1,-1,-1,1,-1,-1,-1,1,-1,-1,1,-1,-1,-1,-1,-1,-1,1,-1,-1,-1,-1,-1,1,-1,-1,-1,1,-1,-1,1,-1,1,-1,-1,-1,-1,-1,-1,-1,1,-1,-1,-1,1,1,-1,-1,-1,1,1,-1,-1,-1,-1,1,-1,-1,1,1,1,-1,-1,-1,-1,1,-1,1,1,-1,1,-1,-1,1,1,-1,-1,-1,-1,-1,-1,1,1,-1,-1,1,-1,1,1,-1,-1,-1,1,-1,-1,1,-1,-1,1,-1,-1,1,1,1,-1,1,-1,1,1,1,-1,-1,1,-1,-1,1,1,1,-1,1,-1,-1,1,1,-1,1,1,-1,-1,1,1,1,1,1,-1,-1,1,1,1,1,1,-1,-1,1,1,1,1,1,1,-1,-1,1,1,1,1,-1,-1,1,-1,1,1,1,1,-1,-1,1,-1,1,1,1,-1,1,1,1,1,-1,1,-1,1,1,1,1,1,1,1,-1,1,1,1,1,-1,1,-1,1,1,1,1,1,-1,1,1,1,1,-1,1,1,-1,1,1,-1,1,1,-1,-1,1,1,1,1,-1,1,-1,1,1,1,-1,-1,1,-1,1,1,1,-1,1,-1,-1,-1,1,1,-1,-1,1,-1,-1,1,1,1,-1,1,-1,-1,1,1,1,1,-1,-1,-1,1,1,-1,-1,-1,1,-1,1,1,-1,1,1,-1,1,1,-1,-1,1,1,-1,-1,1,1,-1,1,1,-1,1,1,-1,-1,-1,-1,1,-1,-1,-1,-1,-1,-1,-1,1,1,-1,1,1,-1,1,1,1,1,-1,1,-1,1,1,1,-1,-1,1,-1,-1,1,1,-1,-1,1,-1,1,1,1,-1,-1,1,-1,1,1,1,1,-1,1,-1,-1,1,1,-1,-1,-1,1,-1,1,-1,1,-1,1,-1,-1,1,-2670.0,1,2000,445,1500,False
1392,1,1,-1,-1,1,1,-1,-1,1,1,1,-1,1,1,1,1,-1,1,-1,-1,-1,-1,1,1,1,-1,1,-1,1,1,1,1,1,-1,-1,-1,1,-1,1,-1,-1,-1,-1,1,1,1,1,-1,1,1,1,1,-1,1,-1,-1,1,-1,1,1,1,-1,-1,-1,1,1,1,1,-1,-1,-1,1,1,1,1,-1,-1,-1,1,1,1,-1,-1,-1,1,1,1,1,-1,-1,-1,1,1,1,1,-1,-1,1,1,-1,1,1,-1,-1,1,1,1,1,1,-1,-1,1,1,1,1,1,-1,-1,1,1,1,1,1,1,-1,-1,1,1,-1,1,1,-1,1,1,1,1,1,1,-1,-1,1,1,1,1,1,-1,1,1,1,1,1,1,-1,-1,-1,1,1,1,1,-1,1,1,1,1,-1,1,-1,1,-1,1,1,1,-1,-1,1,1,1,1,1,-1,1,-1,-1,1,-1,1,-1,1,1,1,1,1,1,1,1,1,-1,1,-1,1,-1,1,1,-1,1,-1,1,1,-1,1,-1,1,-1,1,-1,1,1,-1,1,-1,1,1,1,1,-1,-1,1,1,-1,-1,1,-1,1,-1,-1,1,-1,1,-1,1,-1,1,-1,1,1,-1,-1,-1,1,1,-1,1,-1,1,1,1,-1,1,1,-1,1,-1,1,-1,1,-1,1,-1,1,1,-1,1,-1,-1,-1,1,1,-1,1,-1,-1,-1,1,1,-1,-1,1,1,-1,-1,1,1,-1,1,1,-1,1,1,1,1,-1,1,-1,1,1,-1,1,-1,1,-1,1,1,1,1,1,1,-1,-1,1,-1,-1,-1,1,1,-1,1,1,1,-1,1,1,1,1,1,1,1,1,-1,1,1,1,-1,1,1,-1,1,1,1,-1,1,1,-1,-1,1,1,1,-1,1,-1,1,1,1,-1,1,1,-1,1,1,1,-1,1,1,-1,1,1,1,-1,1,1,-1,-1,1,1,-1,1,1,-1,1,-1,1,-1,1,1,1,-1,1,1,1,-1,1,1,-1,1,1,-1,1,1,1,-1,-1,-1,-1,1,1,1,-1,1,1,-1,1,1,-1,-1,1,1,1,1,1,-1,1,1,1,-1,1,1,1,-1,-1,1,1,1,-1,1,-1,1,1,1,1,1,1,-1,-1,-1,1,-1,-1,1,1,-1,1,1,-1,1,1,1,1,-1,1,-1,-1,1,-1,1,-1,1,1,-1,1,1,1,-1,-1,1,-1,1,1,1,-1,1,1,1,-1,1,1,-1,-1,1,-1,1,1,1,-1,1,1,1,1,1,1,-1,1,-1,1,1,1,-1,-1,1,-1,-1,1,1,-1,-1,1,-1,1,1,1,-1,-1,1,-1,-1,1,1,-1,-1,1,-1,1,1,1,1,-1,1,1,-1,-1,1,1,-1,-1,1,1,-1,1,-1,-1,1,1,-1,1,-1,1,-1,-1,1,-1,1,-1,1,-1,-1,1,-1,-1,1,1,1,-1,1,-1,1,-1,-1,-1,1,-1,-1,-1,1,-1,-1,1,1,1,-1,1,-1,1,1,1,-1,1,1,-1,1,-1,1,-1,-1,1,-1,-1,1,1,1,-1,1,-1,-1,1,1,-1,-1,1,-1,-1,1,1,-1,-1,1,-1,-1,-1,1,1,-1,1,1,-1,-1,1,-1,-1,1,-1,1,-1,1,1,-1,-1,1,-1,-1,-1,-1,-1,1,1,1,-1,1,1,-1,-1,1,-1,1,-1,-1,-1,1,1,-1,-1,-1,-1,-1,1,1,-1,1,1,-1,-1,-1,1,1,-1,-1,-1,-1,1,1,-1,-1,1,-1,-1,-1,1,1,-1,-1,-1,-1,-1,1,-1,-1,1,-1,-1,1,1,1,-1,1,-1,-1,-1,1,1,-1,-1,-1,-1,-1,1,1,1,-1,-1,-1,-1,1,1,-1,-1,-1,-1,1,1,1,1,-1,-1,1,1,1,1,1,-1,-1,-1,1,1,1,-1,1,-1,1,1,1,1,-1,1,-1,-1,1,-1,1,-1,1,-1,-1,1,-1,1,-1,-1,-1,-1,1,-1,1,-1,1,1,-1,1,-1,1,-1,1,1,-1,1,-1,1,-1,-1,-1,-1,1,1,-1,-1,-1,-1,-1,1,-1,1,-1,-1,-1,-1,-1,-1,-1,1,-1,-1,-1,1,-1,-1,1,-1,-1,-1,-1,-1,1,1,-1,-1,-1,-1,-1,1,-1,-1,-1,1,-1,-1,1,-1,1,-1,-1,-1,-1,-1,-1,-1,1,-1,-1,-1,1,1,1,-1,-1,1,1,-1,-1,-1,-1,1,-1,-1,1,-1,1,-1,-1,-1,-1,1,-1,1,1,-1,1,-1,-1,1,1,-1,-1,-1,-1,-1,-1,1,1,-1,-1,1,-1,1,1,-1,-1,-1,1,-1,-1,1,-1,-1,1,-1,-1,1,1,1,-1,1,-1,1,1,1,-1,-1,1,-1,-1,1,1,1,-1,1,-1,-1,1,1,-1,1,1,-1,-1,1,1,1,1,1,-1,-1,1,1,-1,1,1,-1,-1,1,1,1,1,1,1,-1,-1,1,1,-1,1,-1,-1,1,-1,1,1,1,1,-1,-1,1,-1,1,1,1,-1,1,1,1,1,-1,1,-1,1,1,1,1,1,1,1,-1,1,1,1,1,-1,1,-1,1,1,1,1,1,-1,1,1,1,1,-1,1,1,-1,1,1,-1,1,1,-1,-1,1,1,1,1,-1,1,-1,1,1,1,-1,-1,1,-1,1,1,1,-1,1,-1,-1,-1,1,1,-1,-1,1,-1,-1,1,1,1,-1,1,-1,-1,-1,1,1,-1,1,-1,-1,1,1,-1,-1,-1,1,-1,-1,1,-1,1,1,-1,1,1,-1,-1,1,1,-1,-1,1,1,-1,1,1,-1,1,1,-1,-1,-1,-1,1,-1,-1,-1,-1,-1,-1,-1,1,1,-1,1,1,-1,1,1,1,1,-1,1,-1,1,1,1,1,-1,1,-1,-1,-1,1,1,-1,1,-1,1,1,1,1,-1,1,-1,1,1,1,-1,-1,1,-1,-1,1,1,-1,-1,-1,1,-1,1,-1,1,-1,1,-1,-1,1,-2670.0,1,2000,445,1500,False
1393,1,1,-1,-1,1,1,-1,-1,1,1,1,-1,-1,1,1,1,-1,1,-1,-1,1,-1,1,1,1,-1,1,-1,1,1,1,1,-1,1,-1,-1,1,1,1,1,-1,-1,-1,1,1,1,1,-1,1,1,1,1,-1,1,-1,-1,1,-1,1,1,1,-1,1,-1,1,1,1,1,-1,-1,-1,1,1,1,1,-1,1,-1,1,1,1,-1,-1,1,1,1,1,1,-1,-1,-1,1,1,1,1,-1,1,1,1,-1,1,1,-1,-1,1,1,1,1,1,-1,-1,1,1,1,1,1,-1,-1,1,1,1,1,1,1,-1,1,1,1,-1,1,1,-1,1,1,1,1,1,1,-1,1,1,1,1,1,1,-1,-1,1,1,1,1,1,-1,1,-1,1,1,1,1,-1,1,1,1,1,-1,1,-1,1,-1,1,1,1,-1,-1,1,1,1,1,1,-1,1,-1,-1,1,-1,1,-1,1,1,1,1,1,1,1,1,1,-1,1,-1,1,-1,1,1,-1,1,-1,1,1,-1,1,-1,1,-1,1,-1,1,1,-1,-1,-1,1,1,1,1,-1,-1,1,1,-1,-1,1,-1,1,-1,-1,1,-1,1,-1,1,-1,1,-1,-1,1,-1,-1,-1,1,1,-1,1,-1,1,1,1,-1,1,-1,-1,1,-1,1,-1,1,1,1,-1,1,1,-1,1,-1,-1,-1,1,1,-1,1,-1,-1,-1,1,1,-1,-1,1,1,-1,-1,1,1,-1,1,1,-1,1,1,1,1,-1,1,-1,1,1,-1,1,-1,1,1,1,1,1,1,1,1,-1,-1,1,-1,-1,-1,1,1,-1,1,1,1,-1,1,1,1,1,1,1,-1,1,-1,1,1,1,-1,-1,1,-1,1,1,1,-1,1,1,-1,-1,1,1,1,-1,1,-1,1,1,1,-1,1,1,-1,1,1,1,-1,1,1,-1,1,1,1,-1,1,1,-1,-1,1,1,-1,1,1,-1,1,-1,1,-1,1,1,1,-1,1,1,1,-1,1,1,-1,1,1,-1,1,1,1,-1,-1,-1,-1,1,1,1,-1,1,1,-1,1,1,-1,-1,1,1,1,1,1,-1,1,1,1,-1,1,1,1,1,-1,1,1,1,-1,1,-1,1,1,1,1,1,1,-1,-1,-1,1,-1,-1,1,-1,1,-1,1,-1,1,1,1,-1,-1,1,-1,-1,1,-1,1,-1,1,1,1,1,1,1,-1,-1,1,-1,1,1,-1,-1,1,1,1,-1,1,-1,-1,-1,1,-1,1,1,-1,-1,1,1,1,1,-1,1,-1,1,-1,1,1,-1,-1,-1,1,-1,1,1,-1,-1,-1,1,-1,1,1,1,-1,-1,1,-1,-1,1,-1,-1,-1,1,-1,1,1,1,-1,-1,1,1,-1,1,-1,-1,-1,-1,1,-1,1,-1,-1,-1,1,-1,-1,1,-1,-1,-1,-1,1,-1,1,-1,-1,1,-1,1,-1,-1,1,1,1,-1,1,-1,1,-1,1,-1,1,-1,-1,-1,1,-1,-1,1,1,1,-1,1,-1,1,1,1,-1,1,1,-1,-1,-1,1,-1,-1,1,-1,-1,1,1,1,-1,1,-1,-1,1,1,-1,-1,1,-1,-1,1,1,-1,-1,1,-1,-1,-1,1,1,-1,1,-1,-1,-1,1,-1,-1,1,-1,1,-1,1,1,-1,-1,1,-1,-1,-1,-1,-1,1,1,1,-1,-1,1,-1,-1,1,-1,-1,1,-1,-1,1,1,-1,-1,1,-1,-1,1,1,-1,1,-1,1,-1,-1,1,1,-1,-1,-1,-1,1,1,-1,-1,1,-1,-1,-1,1,1,-1,-1,-1,-1,-1,1,-1,-1,-1,-1,-1,-1,1,1,-1,-1,-1,-1,1,1,1,-1,-1,-1,-1,-1,1,1,1,-1,-1,-1,-1,1,1,-1,-1,-1,-1,1,1,1,1,1,-1,1,1,1,1,1,1,-1,-1,1,1,1,1,-1,-1,1,1,1,1,-1,1,-1,-1,1,-1,1,-1,1,-1,-1,1,-1,1,-1,1,-1,-1,1,-1,1,-1,1,-1,-1,1,-1,1,1,1,-1,-1,1,-1,1,1,1,-1,-1,1,1,-1,1,1,-1,-1,1,-1,1,-1,1,-1,-1,-1,-1,-1,1,1,-1,-1,1,-1,-1,1,1,-1,-1,-1,-1,1,-1,1,-1,-1,-1,-1,1,1,-1,-1,1,-1,-1,1,-1,1,-1,-1,-1,-1,-1,1,1,1,-1,-1,-1,1,1,1,-1,-1,1,-1,-1,-1,1,-1,1,-1,-1,1,1,1,-1,-1,-1,-1,1,-1,1,1,-1,1,-1,-1,1,1,-1,-1,-1,-1,-1,-1,1,1,-1,-1,1,-1,1,1,-1,-1,-1,1,-1,1,1,-1,-1,1,-1,-1,1,1,1,-1,1,-1,1,1,1,-1,-1,1,-1,-1,1,1,1,-1,1,-1,-1,1,1,-1,1,1,-1,-1,1,1,-1,1,1,-1,-1,1,1,-1,1,1,-1,-1,1,1,1,1,-1,1,-1,-1,1,1,1,1,-1,-1,1,-1,1,1,1,1,-1,-1,1,-1,1,1,1,-1,1,1,1,1,-1,1,-1,1,1,1,1,1,1,1,-1,1,1,1,1,-1,1,-1,1,1,1,1,1,-1,1,1,1,1,-1,1,1,-1,1,1,-1,1,1,-1,-1,1,1,1,1,-1,1,-1,1,1,1,-1,-1,1,-1,1,-1,1,-1,1,-1,-1,-1,1,1,-1,-1,1,-1,-1,1,-1,1,-1,1,-1,-1,-1,1,1,-1,1,-1,-1,1,1,-1,-1,-1,1,-1,1,-1,-1,1,1,-1,1,1,-1,-1,1,1,-1,-1,-1,1,-1,1,1,-1,1,-1,1,-1,1,-1,1,-1,-1,-1,-1,1,-1,-1,1,1,-1,1,1,-1,1,1,-1,-1,-1,1,-1,1,1,1,1,-1,1,-1,-1,-1,1,-1,1,1,-1,1,1,1,1,-1,1,-1,1,1,-1,-1,-1,1,-1,-1,1,1,-1,-1,1,1,-1,1,-1,1,-1,1,-1,-1,1,-2670.0,1,2000,445,1000,False
1394,1,1,-1,-1,1,1,-1,-1,1,1,1,-1,1,1,1,1,-1,1,-1,-1,-1,-1,1,1,1,-1,1,-1,1,1,1,1,-1,-1,-1,-1,1,1,1,1,-1,-1,-1,1,1,1,1,-1,1,1,1,1,-1,1,-1,-1,1,-1,1,1,1,-1,-1,-1,1,1,1,1,-1,-1,-1,1,1,1,1,-1,-1,-1,1,1,1,-1,-1,-1,1,1,1,1,-1,-1,1,1,1,1,1,-1,-1,-1,1,-1,1,1,-1,-1,1,1,1,1,1,-1,-1,-1,1,1,1,1,-1,-1,1,1,1,1,1,1,-1,-1,1,1,-1,1,1,-1,1,1,1,1,1,1,-1,1,1,1,1,1,1,-1,1,1,1,1,1,1,-1,-1,-1,1,1,1,1,-1,1,1,1,1,-1,1,-1,1,-1,1,1,1,-1,-1,1,1,1,1,1,-1,1,-1,-1,1,-1,1,-1,1,1,1,1,1,1,1,1,1,-1,1,-1,1,-1,1,1,-1,1,-1,1,1,-1,1,-1,1,-1,1,-1,1,1,-1,-1,-1,1,1,1,1,-1,-1,1,1,-1,-1,1,-1,1,-1,-1,1,-1,1,-1,1,-1,1,-1,-1,1,-1,-1,-1,1,1,-1,1,-1,1,1,1,-1,1,1,-1,1,-1,1,-1,1,-1,1,-1,1,1,-1,1,-1,-1,-1,1,1,-1,1,-1,-1,-1,1,1,-1,-1,1,1,-1,-1,1,1,-1,1,1,-1,1,1,1,1,-1,1,-1,1,1,-1,1,-1,1,1,-1,1,1,1,1,1,-1,-1,1,-1,-1,1,1,1,-1,1,1,1,-1,1,-1,-1,1,1,1,1,1,-1,1,1,1,-1,-1,1,-1,1,1,1,-1,1,1,-1,-1,1,1,1,-1,1,-1,1,1,1,-1,1,1,-1,1,1,1,-1,1,-1,-1,1,1,1,-1,1,-1,-1,-1,1,1,-1,1,-1,-1,1,-1,1,-1,1,1,-1,-1,1,1,1,-1,1,-1,-1,1,1,-1,1,-1,-1,-1,-1,-1,-1,1,-1,-1,-1,1,1,-1,1,-1,-1,-1,1,1,1,1,-1,-1,1,1,1,-1,1,-1,-1,-1,-1,1,1,1,1,-1,-1,1,1,1,1,-1,-1,1,-1,-1,1,-1,1,-1,-1,1,-1,1,1,-1,-1,1,1,-1,1,-1,1,-1,-1,1,-1,1,1,-1,-1,-1,1,-1,-1,1,1,-1,-1,1,-1,1,1,-1,1,-1,1,-1,-1,1,1,-1,-1,1,-1,1,1,-1,-1,1,1,-1,1,-1,1,-1,1,-1,-1,1,-1,1,-1,1,-1,-1,1,-1,-1,-1,1,-1,-1,1,-1,1,-1,1,-1,-1,1,-1,-1,1,-1,1,-1,1,1,1,-1,1,1,-1,-1,-1,1,-1,1,-1,-1,1,-1,1,1,1,1,-1,-1,1,1,-1,1,1,-1,-1,1,1,1,-1,1,1,-1,1,1,1,1,1,1,1,-1,-1,-1,1,-1,1,1,1,1,-1,1,-1,1,-1,-1,-1,1,1,-1,1,1,-1,-1,-1,1,-1,1,1,-1,1,-1,1,-1,-1,-1,-1,-1,-1,1,-1,-1,-1,-1,-1,-1,1,-1,1,1,1,1,-1,1,-1,1,1,-1,-1,-1,1,-1,-1,1,-1,1,-1,-1,1,1,1,1,-1,-1,1,1,1,1,-1,1,-1,-1,1,1,1,-1,-1,-1,1,1,1,1,-1,-1,-1,1,-1,1,-1,1,1,-1,-1,1,1,1,-1,-1,-1,-1,1,1,1,1,-1,-1,-1,1,1,1,1,-1,-1,-1,1,1,1,-1,-1,-1,-1,1,1,1,1,-1,-1,1,1,1,1,1,-1,-1,-1,1,1,-1,1,-1,-1,-1,1,1,1,1,-1,-1,1,1,1,1,-1,-1,1,1,-1,1,1,-1,-1,-1,1,1,1,1,1,-1,1,1,1,1,1,-1,-1,-1,1,-1,1,-1,-1,-1,-1,1,-1,1,1,-1,-1,-1,1,-1,1,1,-1,-1,-1,1,1,1,1,-1,-1,-1,1,-1,1,1,-1,-1,-1,1,1,-1,-1,-1,-1,-1,1,-1,1,-1,-1,-1,-1,-1,-1,-1,1,-1,-1,-1,1,-1,-1,1,-1,-1,-1,-1,-1,1,1,-1,-1,-1,-1,-1,1,-1,-1,-1,1,-1,-1,1,-1,1,-1,-1,-1,-1,-1,-1,-1,1,-1,-1,-1,1,1,-1,-1,-1,1,-1,-1,-1,-1,-1,1,-1,-1,1,1,1,-1,-1,-1,-1,1,-1,1,1,-1,1,-1,-1,1,1,-1,-1,-1,-1,-1,-1,1,1,-1,-1,1,-1,1,1,-1,-1,-1,1,-1,1,1,-1,-1,1,-1,-1,1,1,1,-1,1,-1,1,1,1,-1,-1,1,-1,-1,1,1,1,-1,1,-1,-1,1,1,-1,1,1,-1,-1,1,1,1,1,1,-1,-1,1,1,-1,1,1,-1,-1,1,1,1,1,-1,1,-1,-1,1,1,1,1,-1,-1,1,-1,1,1,1,1,-1,-1,1,-1,1,1,1,-1,1,1,1,1,-1,1,-1,1,1,1,1,1,1,1,-1,1,1,1,1,-1,1,-1,1,1,1,1,1,-1,1,1,1,1,-1,1,1,-1,1,1,-1,1,1,-1,-1,1,1,1,1,-1,1,-1,1,1,1,-1,-1,1,-1,1,1,1,-1,1,-1,-1,-1,1,1,-1,-1,1,-1,-1,1,1,1,-1,1,-1,-1,-1,1,1,-1,1,-1,-1,1,1,-1,-1,-1,1,-1,-1,1,-1,1,1,-1,1,1,-1,-1,1,-1,-1,-1,1,1,-1,1,1,-1,1,1,-1,-1,-1,-1,1,-1,-1,-1,-1,1,-1,-1,1,1,-1,1,1,-1,1,1,1,1,-1,1,-1,1,1,1,-1,-1,1,-1,-1,1,1,-1,-1,1,-1,1,1,1,-1,-1,1,-1,1,1,1,1,-1,1,-1,-1,1,1,1,-1,-1,1,-1,1,-1,1,-1,1,-1,-1,1,-2670.0,1,2000,445,1000,False
1395,1,1,-1,-1,1,1,-1,-1,1,1,1,-1,1,1,1,1,-1,1,-1,-1,-1,-1,1,1,1,-1,-1,-1,1,1,1,1,1,-1,-1,-1,1,1,1,1,-1,-1,-1,1,1,1,1,-1,1,1,1,1,-1,1,-1,-1,1,-1,1,1,-1,-1,-1,-1,1,1,1,1,-1,-1,-1,1,1,1,1,-1,-1,-1,1,1,1,-1,-1,-1,1,1,1,1,-1,-1,-1,1,1,1,1,-1,-1,1,1,-1,1,1,-1,-1,1,1,1,1,1,-1,-1,1,1,1,1,1,-1,-1,1,1,1,1,1,1,-1,-1,1,1,-1,1,1,-1,1,1,1,1,1,1,-1,-1,1,1,1,1,1,-1,1,1,1,1,1,1,-1,-1,-1,1,1,1,1,-1,1,1,1,1,-1,1,-1,1,-1,1,1,1,-1,-1,1,1,1,1,1,-1,1,-1,-1,1,-1,1,-1,1,1,1,1,1,1,1,1,1,1,1,-1,1,-1,1,1,-1,1,-1,1,1,-1,1,-1,1,-1,1,-1,1,1,-1,1,-1,1,1,1,1,-1,-1,1,1,-1,-1,1,-1,1,-1,-1,1,-1,1,-1,1,-1,1,-1,-1,1,-1,-1,-1,1,1,-1,1,-1,1,1,1,-1,1,1,-1,1,-1,1,-1,1,-1,1,-1,1,1,-1,1,-1,-1,-1,1,1,-1,1,-1,-1,-1,1,1,-1,-1,1,1,-1,-1,1,1,-1,1,1,-1,1,1,1,1,-1,1,-1,1,1,-1,1,-1,1,1,1,1,1,1,1,1,-1,-1,1,-1,-1,-1,1,1,-1,1,1,1,-1,1,1,1,1,1,1,1,1,-1,1,1,1,-1,1,1,-1,1,1,1,-1,1,1,-1,-1,1,1,1,-1,1,-1,1,1,1,-1,1,1,-1,1,1,1,-1,1,1,-1,1,1,1,-1,1,1,-1,-1,1,1,-1,1,1,-1,1,-1,1,-1,1,1,1,-1,1,1,1,-1,1,1,-1,1,1,-1,1,1,1,-1,-1,-1,-1,1,1,1,-1,1,1,-1,1,1,-1,-1,1,1,1,1,1,-1,1,1,1,-1,1,1,1,-1,-1,1,1,1,-1,1,-1,1,1,1,-1,1,1,-1,-1,-1,1,-1,-1,1,1,-1,1,1,-1,1,1,1,1,-1,1,-1,-1,1,-1,1,-1,1,1,-1,1,1,1,-1,-1,1,-1,1,1,1,-1,1,1,1,-1,1,1,-1,-1,1,-1,1,1,1,-1,1,1,1,1,1,1,-1,1,-1,1,1,1,-1,-1,1,-1,1,1,1,-1,-1,1,-1,1,1,1,-1,-1,1,1,-1,1,1,-1,-1,1,-1,1,1,1,1,-1,1,-1,-1,1,1,1,-1,-1,-1,-1,1,1,-1,-1,1,-1,-1,1,-1,1,-1,-1,1,-1,1,-1,1,-1,-1,1,-1,-1,1,1,1,-1,1,-1,1,-1,1,-1,1,-1,-1,-1,1,-1,-1,1,1,1,-1,1,-1,1,1,1,-1,1,1,-1,1,-1,1,-1,-1,1,-1,-1,1,1,1,-1,1,-1,-1,1,1,-1,-1,1,-1,-1,1,1,-1,-1,1,-1,-1,-1,1,1,-1,1,-1,-1,-1,1,-1,-1,1,-1,1,-1,1,1,-1,-1,1,-1,-1,-1,-1,-1,1,1,1,-1,-1,1,-1,-1,1,-1,-1,1,-1,-1,1,1,-1,-1,1,-1,-1,1,1,-1,1,-1,1,-1,-1,1,1,-1,-1,-1,-1,-1,1,-1,-1,1,-1,-1,-1,1,1,-1,-1,-1,-1,-1,1,-1,-1,-1,-1,-1,1,1,1,-1,-1,-1,-1,-1,1,1,-1,-1,-1,-1,-1,1,1,1,-1,-1,-1,-1,1,1,-1,-1,-1,-1,1,1,1,1,-1,-1,1,1,1,1,1,-1,-1,-1,1,1,1,1,1,-1,1,1,1,1,-1,1,-1,-1,1,-1,1,-1,1,-1,-1,1,-1,1,-1,-1,-1,-1,1,-1,1,-1,1,-1,-1,1,-1,1,-1,1,-1,-1,1,-1,1,-1,-1,-1,-1,1,1,-1,-1,-1,-1,-1,1,-1,1,-1,-1,-1,-1,-1,-1,-1,1,-1,-1,-1,1,-1,-1,1,-1,-1,-1,-1,-1,1,1,-1,-1,-1,-1,-1,1,-1,-1,-1,1,-1,-1,1,-1,1,-1,-1,-1,-1,-1,-1,-1,1,-1,-1,-1,1,1,-1,-1,-1,1,1,-1,-1,-1,-1,1,-1,-1,1,-1,1,-1,-1,-1,-1,1,-1,1,1,-1,1,-1,-1,1,1,-1,-1,-1,-1,-1,-1,1,1,-1,-1,1,-1,1,1,-1,-1,-1,1,-1,1,1,-1,-1,1,-1,-1,1,1,1,-1,1,-1,1,1,1,-1,-1,1,-1,-1,1,1,1,-1,1,-1,-1,1,1,-1,1,1,-1,-1,1,1,1,1,1,-1,-1,1,1,1,1,1,-1,-1,1,1,1,1,-1,1,-1,-1,1,1,1,1,-1,-1,1,-1,1,1,1,1,-1,-1,1,-1,1,1,1,-1,1,1,1,1,-1,1,-1,1,1,1,1,1,1,1,-1,1,1,1,1,-1,1,-1,1,1,1,1,1,-1,1,1,1,1,-1,1,1,-1,1,1,-1,1,1,-1,-1,1,1,1,1,-1,1,-1,1,1,1,-1,-1,1,-1,1,1,1,-1,1,-1,-1,-1,1,1,-1,-1,1,-1,-1,1,1,-1,-1,1,-1,-1,1,1,1,-1,1,-1,-1,1,1,-1,-1,-1,1,-1,1,1,-1,1,1,-1,1,1,-1,-1,1,1,-1,-1,1,1,-1,1,1,-1,1,1,-1,-1,-1,-1,1,-1,-1,-1,-1,-1,1,-1,1,1,-1,1,1,-1,1,1,1,1,-1,1,-1,1,1,1,1,-1,1,-1,-1,1,1,1,-1,1,-1,1,1,1,1,-1,1,-1,1,1,1,-1,-1,1,-1,-1,1,1,-1,-1,-1,1,-1,1,-1,1,-1,1,-1,-1,1,-2670.0,1,2000,445,1500,False
1396,1,1,-1,-1,1,-1,-1,-1,1,1,1,-1,1,1,1,1,-1,1,-1,-1,-1,-1,1,1,1,-1,-1,-1,1,1,1,1,-1,-1,-1,-1,1,-1,1,1,-1,-1,-1,1,1,1,1,-1,1,1,1,1,-1,1,-1,-1,1,-1,1,1,1,-1,-1,-1,1,1,1,1,-1,-1,-1,1,1,1,1,-1,-1,-1,1,1,1,-1,-1,-1,1,1,1,1,-1,-1,-1,1,1,1,1,-1,-1,1,1,-1,1,1,-1,-1,1,1,1,1,1,-1,-1,-1,1,1,1,1,-1,-1,1,1,1,1,1,1,-1,-1,1,1,-1,1,1,-1,1,1,1,1,1,1,-1,1,1,1,1,1,1,-1,1,1,1,1,1,1,-1,-1,-1,1,1,1,1,-1,1,1,1,1,-1,1,-1,1,-1,1,1,1,-1,-1,1,1,1,1,1,-1,1,-1,-1,1,-1,1,-1,1,1,1,1,1,1,1,1,1,1,1,-1,1,-1,1,1,-1,1,-1,1,1,-1,1,-1,1,-1,1,-1,1,1,-1,1,-1,1,1,1,1,-1,-1,1,1,-1,-1,1,-1,1,-1,-1,1,-1,1,-1,1,-1,1,-1,1,1,-1,1,-1,1,1,-1,1,-1,1,1,1,-1,1,1,-1,-1,-1,1,-1,1,-1,1,-1,1,1,-1,1,-1,-1,-1,1,1,-1,1,-1,-1,-1,1,1,-1,-1,1,1,-1,-1,1,1,-1,1,1,-1,1,1,1,1,-1,1,-1,1,1,-1,1,-1,1,1,-1,1,1,1,1,1,-1,-1,1,-1,-1,-1,1,1,-1,1,1,1,-1,1,-1,-1,1,1,1,-1,1,-1,1,1,1,-1,-1,1,-1,1,1,1,-1,1,1,-1,-1,1,1,1,-1,1,-1,1,1,1,-1,1,1,-1,1,1,1,-1,1,-1,-1,1,1,1,-1,1,-1,-1,-1,1,1,-1,1,-1,-1,1,-1,1,-1,1,1,-1,-1,1,1,1,-1,1,-1,-1,1,1,-1,1,-1,-1,-1,-1,-1,-1,1,1,-1,-1,1,1,-1,1,-1,-1,-1,1,1,1,1,1,-1,1,1,1,-1,1,-1,-1,-1,-1,1,1,1,1,-1,-1,1,1,1,1,-1,-1,1,-1,-1,1,-1,1,-1,-1,1,-1,1,-1,-1,-1,1,1,-1,1,-1,1,-1,-1,1,-1,1,1,-1,-1,-1,1,-1,-1,1,1,-1,-1,1,-1,1,1,-1,1,-1,1,-1,-1,1,1,-1,-1,1,-1,1,1,-1,-1,1,1,-1,1,-1,1,-1,1,-1,-1,1,-1,1,-1,1,-1,-1,1,-1,-1,-1,1,-1,-1,1,1,1,-1,1,-1,-1,1,-1,-1,1,-1,1,-1,1,-1,1,-1,1,1,-1,-1,-1,1,-1,1,-1,-1,1,-1,1,1,1,1,-1,-1,1,1,-1,1,1,-1,-1,1,1,1,-1,1,1,-1,1,1,1,1,-1,1,1,-1,-1,-1,1,-1,-1,1,1,1,-1,1,-1,1,-1,-1,-1,1,1,-1,1,1,-1,-1,-1,1,-1,1,1,-1,1,-1,1,-1,-1,-1,-1,-1,-1,1,-1,-1,-1,-1,-1,-1,1,-1,1,1,1,1,-1,1,-1,1,1,-1,-1,-1,1,-1,-1,1,-1,1,-1,-1,1,1,1,1,-1,-1,1,1,1,1,-1,1,-1,-1,1,1,1,-1,-1,-1,-1,1,1,1,-1,-1,-1,1,-1,1,-1,1,-1,-1,-1,1,1,1,-1,-1,-1,1,1,1,1,1,-1,-1,-1,1,1,1,1,-1,-1,-1,1,1,1,-1,-1,-1,1,1,1,1,1,-1,-1,-1,1,1,1,1,-1,-1,-1,1,1,-1,1,-1,-1,-1,1,1,1,1,-1,-1,1,1,1,1,-1,-1,1,1,-1,1,1,-1,-1,-1,1,1,1,1,1,-1,1,1,1,1,1,-1,-1,-1,1,-1,1,-1,-1,-1,-1,1,-1,1,1,-1,-1,-1,1,-1,1,1,-1,1,-1,1,1,1,1,-1,1,-1,1,-1,1,1,-1,-1,-1,1,1,-1,-1,-1,-1,-1,1,-1,1,-1,-1,-1,-1,-1,-1,-1,1,-1,-1,-1,1,-1,-1,1,-1,-1,-1,-1,-1,1,1,-1,-1,-1,-1,-1,1,-1,-1,-1,1,-1,-1,1,-1,1,-1,-1,-1,-1,-1,-1,-1,1,-1,-1,-1,1,1,-1,-1,-1,1,-1,-1,-1,-1,-1,1,-1,-1,1,1,1,-1,-1,-1,-1,1,-1,1,1,-1,1,-1,-1,1,1,-1,-1,-1,-1,-1,-1,1,1,-1,-1,1,-1,1,1,-1,-1,-1,1,-1,1,1,-1,-1,1,-1,-1,1,1,1,-1,1,-1,1,1,1,-1,-1,1,-1,-1,1,1,1,-1,1,-1,-1,1,1,-1,1,1,-1,-1,1,1,1,1,1,-1,-1,1,1,-1,1,1,-1,-1,1,1,1,1,1,1,-1,-1,1,1,-1,1,-1,-1,1,-1,1,1,1,1,-1,-1,1,-1,1,1,1,-1,1,1,1,1,-1,1,-1,1,1,1,1,1,1,1,-1,1,1,1,1,-1,1,-1,1,1,1,1,1,-1,1,1,1,1,-1,1,1,-1,1,1,-1,1,1,-1,-1,1,1,1,1,-1,1,-1,1,1,1,-1,-1,1,-1,1,1,1,-1,1,-1,-1,-1,1,1,-1,-1,1,-1,-1,1,1,-1,-1,1,-1,-1,1,1,1,-1,1,-1,-1,1,1,-1,-1,-1,1,-1,-1,1,-1,1,1,-1,1,1,-1,-1,1,1,-1,-1,1,1,-1,1,1,-1,1,1,-1,-1,1,-1,1,-1,-1,-1,-1,1,-1,-1,1,1,-1,1,1,-1,1,1,1,1,-1,1,-1,1,1,1,-1,-1,1,-1,-1,1,1,-1,-1,1,-1,1,1,1,-1,-1,1,-1,1,1,1,1,-1,1,-1,-1,1,1,-1,-1,-1,1,-1,1,-1,1,-1,1,-1,-1,1,-2670.0,1,2000,445,1500,False
1397,1,1,-1,-1,1,-1,-1,-1,1,1,1,-1,1,1,1,1,-1,1,-1,-1,-1,-1,1,1,1,-1,-1,-1,1,1,1,1,-1,-1,-1,-1,1,1,1,-1,-1,-1,-1,1,1,1,1,-1,1,1,1,1,-1,1,-1,-1,1,-1,1,1,1,-1,-1,-1,1,1,1,1,-1,-1,-1,1,1,1,1,-1,-1,-1,1,1,1,-1,-1,-1,1,1,1,1,-1,-1,-1,1,1,1,1,-1,-1,1,1,-1,1,1,-1,-1,1,1,1,1,1,-1,-1,1,1,-1,1,1,-1,-1,1,1,1,1,1,1,-1,-1,1,1,-1,1,1,-1,1,1,1,1,1,1,-1,-1,1,1,1,1,1,-1,1,1,1,1,1,1,-1,-1,-1,1,1,1,1,-1,1,1,1,1,-1,1,-1,1,-1,1,1,1,-1,-1,1,1,1,1,1,-1,1,-1,-1,1,-1,1,-1,1,1,1,1,1,1,1,1,1,-1,1,-1,1,-1,1,1,-1,1,-1,1,1,-1,1,-1,1,-1,1,-1,1,1,-1,1,-1,1,1,1,1,-1,-1,1,1,-1,-1,1,-1,1,-1,-1,1,-1,1,-1,1,-1,1,-1,-1,1,-1,-1,-1,1,1,-1,1,-1,1,1,1,-1,1,1,-1,-1,-1,1,-1,1,-1,1,-1,1,1,-1,1,-1,-1,-1,1,1,-1,1,-1,-1,-1,1,1,-1,-1,1,1,-1,-1,1,1,-1,1,1,-1,1,1,1,1,-1,1,-1,1,1,-1,1,-1,1,-1,1,1,1,1,1,1,-1,-1,1,-1,-1,1,1,1,-1,1,1,1,-1,1,1,1,1,1,1,1,1,-1,1,1,1,-1,1,1,-1,1,1,1,-1,1,1,-1,-1,1,1,1,-1,1,-1,1,1,1,-1,1,1,-1,1,1,1,-1,1,1,-1,1,1,1,-1,1,1,-1,-1,1,1,-1,1,1,-1,1,-1,1,-1,1,1,1,-1,1,1,1,-1,1,1,-1,1,1,-1,1,1,1,-1,-1,-1,-1,1,1,1,-1,1,1,-1,1,1,-1,-1,1,1,1,1,1,-1,1,1,1,-1,1,1,1,1,-1,1,1,1,-1,1,-1,1,1,1,1,1,1,-1,-1,-1,1,-1,-1,1,-1,1,-1,1,1,1,1,1,-1,-1,1,-1,-1,1,-1,1,-1,1,1,1,1,-1,1,-1,-1,1,-1,1,1,-1,-1,1,1,1,-1,1,-1,-1,-1,1,-1,1,1,-1,-1,1,1,1,1,-1,1,-1,1,-1,-1,1,-1,-1,-1,1,-1,1,1,-1,-1,-1,1,-1,1,1,1,-1,-1,1,-1,-1,1,-1,-1,-1,1,-1,1,1,1,-1,-1,1,1,-1,1,-1,-1,-1,-1,-1,-1,1,-1,-1,-1,1,-1,-1,1,-1,-1,-1,-1,1,-1,1,-1,-1,-1,-1,1,-1,-1,1,1,1,-1,1,-1,1,-1,1,1,1,-1,-1,-1,1,-1,-1,1,1,1,-1,1,-1,1,1,1,-1,1,1,-1,-1,-1,1,-1,-1,1,-1,-1,1,1,1,-1,1,-1,-1,1,1,-1,-1,1,-1,-1,1,1,-1,-1,1,-1,-1,-1,1,1,-1,1,1,-1,-1,1,-1,-1,1,-1,1,-1,1,1,-1,-1,1,-1,-1,-1,-1,-1,1,1,1,-1,-1,1,-1,-1,1,-1,-1,1,-1,-1,1,1,-1,-1,1,1,-1,1,1,-1,1,-1,1,-1,-1,1,1,-1,-1,-1,-1,1,1,-1,-1,1,-1,-1,-1,1,1,-1,-1,-1,-1,-1,1,-1,-1,-1,-1,-1,1,1,1,-1,-1,-1,-1,-1,1,1,-1,-1,-1,-1,-1,1,1,1,-1,-1,-1,-1,1,1,1,-1,-1,-1,1,1,1,1,1,-1,1,1,1,1,1,1,-1,-1,1,1,1,-1,1,-1,1,1,1,1,-1,1,-1,-1,1,-1,1,-1,1,-1,-1,1,-1,1,1,1,-1,-1,1,-1,1,-1,1,-1,-1,1,-1,1,1,1,-1,-1,1,-1,1,1,1,-1,-1,1,1,-1,1,1,-1,-1,1,-1,1,-1,1,-1,-1,-1,-1,-1,1,1,-1,-1,1,-1,-1,1,1,-1,-1,-1,-1,-1,-1,1,-1,-1,-1,-1,-1,1,-1,-1,1,-1,-1,1,-1,1,-1,-1,-1,-1,-1,1,1,1,-1,-1,-1,1,1,1,-1,-1,1,-1,-1,-1,1,-1,1,-1,-1,1,1,1,-1,-1,-1,-1,1,-1,1,1,-1,1,-1,-1,1,1,-1,-1,-1,-1,-1,-1,1,1,-1,-1,1,-1,1,1,1,-1,-1,1,-1,1,1,-1,-1,1,-1,-1,1,1,1,-1,1,-1,1,1,1,-1,-1,1,-1,-1,1,1,1,-1,1,-1,-1,1,1,-1,1,1,-1,-1,1,1,1,1,1,-1,-1,1,1,-1,1,1,-1,-1,1,1,1,1,-1,1,-1,-1,1,1,-1,1,-1,-1,1,-1,1,1,1,1,-1,-1,1,-1,1,1,1,-1,1,1,1,1,-1,1,-1,1,1,1,1,1,1,1,-1,1,1,1,1,-1,1,-1,1,1,1,1,1,-1,1,1,1,1,-1,1,1,-1,1,1,-1,1,1,-1,-1,1,1,1,1,-1,1,-1,1,1,1,-1,-1,1,-1,1,1,1,-1,1,-1,-1,-1,1,1,-1,-1,1,-1,-1,1,1,1,-1,1,-1,-1,1,1,1,-1,-1,-1,-1,1,1,-1,-1,-1,1,-1,-1,1,-1,1,1,-1,1,1,-1,-1,1,-1,-1,-1,1,1,-1,1,1,-1,1,1,-1,-1,-1,-1,1,-1,-1,-1,-1,-1,-1,-1,1,1,-1,1,1,-1,1,1,1,1,-1,1,-1,1,1,1,1,-1,1,-1,-1,1,1,1,-1,1,-1,1,1,1,1,-1,1,-1,1,1,1,-1,-1,1,-1,-1,1,1,-1,-1,-1,1,-1,1,-1,1,-1,1,-1,-1,1,-2670.0,1,2000,445,1500,False
1398,1,1,-1,-1,1,-1,-1,-1,1,1,1,-1,1,1,1,1,-1,1,-1,-1,-1,-1,1,1,1,-1,-1,-1,1,1,1,1,-1,-1,-1,-1,1,1,1,1,-1,-1,-1,1,1,1,1,-1,1,1,1,1,-1,1,-1,-1,1,-1,1,1,1,-1,-1,-1,1,1,1,1,-1,-1,-1,1,1,1,1,-1,-1,-1,1,1,1,-1,-1,-1,1,1,1,1,-1,-1,1,1,1,1,1,-1,-1,-1,1,-1,1,1,-1,-1,1,1,1,1,1,-1,-1,-1,1,-1,1,1,-1,-1,1,1,1,1,1,1,-1,-1,1,1,-1,1,1,-1,1,1,1,1,1,1,-1,1,1,1,1,1,1,-1,1,1,1,1,1,1,-1,-1,-1,1,1,1,1,-1,1,1,1,1,-1,1,-1,1,-1,1,1,1,-1,-1,1,1,1,1,1,-1,1,-1,-1,1,-1,1,-1,1,1,1,1,1,1,1,1,1,-1,1,-1,1,-1,1,1,-1,1,-1,1,1,-1,1,-1,1,-1,1,-1,1,1,-1,-1,-1,1,1,1,1,-1,-1,1,1,-1,-1,1,-1,1,-1,-1,1,-1,1,-1,1,-1,1,-1,1,1,-1,-1,-1,1,1,-1,1,-1,1,1,1,-1,1,1,-1,1,-1,1,-1,1,-1,1,-1,1,1,-1,1,-1,-1,-1,1,1,-1,1,-1,-1,-1,1,1,-1,-1,1,1,-1,-1,1,1,-1,1,1,-1,1,1,1,1,-1,1,-1,1,1,-1,1,-1,1,-1,1,1,1,1,1,1,-1,-1,1,-1,-1,-1,1,1,-1,1,1,1,-1,1,1,1,1,1,1,1,1,-1,1,1,1,-1,1,1,-1,1,1,1,-1,1,1,-1,-1,1,1,1,-1,1,-1,1,1,1,-1,1,1,-1,1,1,1,-1,1,1,-1,1,1,1,-1,1,1,-1,-1,1,1,-1,1,1,-1,1,-1,1,-1,1,1,1,-1,1,1,1,-1,1,1,-1,1,1,-1,1,1,1,-1,-1,-1,-1,1,1,1,-1,1,1,-1,1,1,-1,-1,1,1,1,1,1,-1,1,1,1,-1,1,1,1,-1,-1,1,1,1,-1,1,-1,1,1,1,-1,1,1,-1,-1,-1,1,-1,-1,1,1,-1,1,1,-1,1,1,1,1,-1,1,-1,-1,1,-1,1,-1,1,1,-1,1,1,1,-1,-1,1,-1,1,1,1,-1,1,1,1,-1,1,1,-1,-1,1,-1,1,1,1,-1,1,1,1,1,1,1,-1,1,-1,1,1,1,-1,-1,1,-1,1,1,1,-1,-1,1,-1,1,1,1,-1,-1,1,-1,-1,1,1,-1,-1,1,-1,1,1,1,1,-1,1,1,-1,1,1,1,-1,-1,-1,-1,1,1,-1,-1,1,-1,-1,1,-1,1,-1,-1,1,-1,1,-1,1,1,-1,1,-1,-1,1,1,1,-1,1,-1,1,-1,-1,1,1,-1,-1,-1,1,-1,-1,1,1,1,-1,1,-1,1,1,1,-1,1,1,-1,-1,-1,1,-1,-1,1,-1,-1,1,1,1,-1,1,-1,-1,1,1,-1,-1,1,-1,-1,1,1,-1,-1,1,-1,-1,-1,1,1,-1,1,1,-1,-1,1,-1,-1,1,-1,1,-1,1,1,-1,-1,1,-1,-1,-1,-1,-1,1,1,1,-1,-1,1,-1,-1,1,-1,-1,1,-1,-1,1,1,-1,-1,1,1,-1,1,1,-1,1,-1,1,-1,-1,1,1,-1,-1,-1,-1,1,1,-1,-1,1,-1,-1,-1,1,1,-1,-1,-1,-1,-1,1,-1,-1,-1,-1,-1,-1,1,1,-1,-1,-1,-1,1,1,1,-1,-1,-1,-1,-1,1,1,1,-1,-1,-1,-1,1,1,-1,-1,-1,-1,1,1,1,1,-1,-1,1,1,1,1,1,-1,-1,-1,1,1,1,1,1,-1,1,1,1,1,-1,1,-1,-1,1,-1,1,-1,1,-1,-1,1,-1,1,-1,-1,-1,-1,1,-1,1,-1,1,-1,-1,1,-1,1,-1,1,-1,-1,1,-1,1,-1,-1,-1,-1,1,1,-1,-1,-1,-1,-1,1,-1,1,-1,-1,-1,-1,-1,-1,-1,1,-1,-1,-1,1,-1,-1,1,-1,-1,-1,-1,-1,-1,1,-1,-1,-1,-1,-1,1,-1,-1,-1,1,-1,-1,1,-1,1,-1,-1,-1,-1,-1,-1,-1,1,-1,-1,-1,1,1,-1,-1,-1,1,1,-1,-1,-1,-1,1,-1,-1,1,1,1,-1,-1,-1,-1,1,-1,1,1,-1,1,-1,-1,1,1,-1,-1,-1,-1,-1,-1,1,1,-1,-1,1,-1,1,1,-1,-1,-1,1,-1,-1,1,-1,-1,1,-1,-1,1,1,1,-1,1,-1,1,1,1,-1,-1,1,-1,-1,1,1,1,-1,1,-1,-1,1,1,-1,1,1,-1,-1,1,1,-1,1,1,-1,-1,1,1,-1,1,1,-1,-1,1,1,1,1,1,1,-1,-1,1,1,-1,1,-1,-1,1,-1,1,1,1,1,-1,-1,1,-1,1,1,1,-1,1,1,1,1,-1,1,-1,1,1,1,1,1,1,1,-1,1,1,1,1,-1,1,-1,1,1,1,1,1,-1,1,1,1,1,-1,1,1,-1,1,1,-1,1,1,-1,-1,1,1,1,1,-1,1,-1,1,1,1,-1,-1,1,-1,1,1,1,-1,1,-1,-1,-1,1,1,-1,-1,1,-1,-1,1,1,1,-1,1,-1,-1,1,1,1,-1,-1,-1,-1,1,1,-1,-1,-1,1,-1,-1,1,-1,1,1,-1,1,1,-1,-1,1,1,-1,-1,1,1,-1,1,1,-1,1,1,-1,-1,-1,-1,1,-1,-1,-1,-1,-1,1,-1,1,1,-1,1,1,-1,1,1,1,1,-1,1,-1,1,1,1,-1,-1,1,-1,-1,1,1,-1,-1,1,-1,1,1,1,-1,-1,1,-1,1,1,1,1,-1,1,-1,-1,1,1,1,-1,-1,1,-1,1,1,1,-1,1,-1,-1,1,-2670.0,1,2000,445,1500,False
1399,1,1,-1,-1,1,1,-1,-1,1,1,1,-1,-1,1,1,1,-1,1,-1,-1,-1,-1,1,1,1,-1,-1,-1,1,1,1,1,-1,-1,-1,-1,1,-1,1,1,-1,-1,-1,1,1,1,1,-1,1,1,1,1,-1,1,-1,-1,1,-1,1,1,1,-1,-1,-1,1,1,1,1,-1,-1,-1,1,1,1,1,-1,-1,-1,1,1,1,-1,-1,-1,1,1,1,1,-1,-1,-1,1,1,1,1,-1,-1,1,1,-1,1,1,-1,-1,1,1,1,1,1,-1,-1,-1,1,1,1,1,-1,-1,1,1,1,1,1,1,-1,-1,1,1,-1,1,1,-1,1,1,1,1,1,1,-1,1,1,1,1,1,1,-1,1,1,1,1,1,1,-1,-1,-1,1,1,1,1,-1,1,1,1,1,-1,1,-1,1,-1,1,1,1,-1,-1,1,1,1,1,1,-1,1,-1,-1,1,-1,1,-1,1,1,1,1,1,1,1,1,1,-1,1,-1,1,-1,1,1,-1,1,-1,1,1,-1,1,-1,1,-1,1,-1,1,1,-1,1,-1,1,1,1,1,-1,-1,1,1,-1,-1,1,-1,1,-1,-1,1,-1,1,-1,1,-1,1,-1,1,1,-1,-1,-1,1,1,-1,1,-1,1,1,1,-1,1,1,-1,1,-1,1,-1,1,-1,1,-1,1,1,-1,1,-1,-1,-1,1,1,-1,1,-1,-1,-1,1,1,-1,-1,1,1,-1,-1,1,1,-1,1,1,-1,1,1,1,1,-1,1,-1,1,1,-1,1,-1,1,1,1,1,1,1,1,1,-1,-1,1,-1,-1,1,1,1,-1,1,1,1,-1,1,1,1,1,1,1,1,1,-1,1,1,1,-1,-1,1,-1,1,1,1,-1,1,1,-1,-1,1,1,1,-1,1,-1,1,1,1,-1,1,1,-1,1,1,1,-1,1,1,-1,1,1,1,-1,1,1,-1,-1,1,1,-1,1,1,-1,1,-1,1,-1,1,1,1,-1,1,1,1,1,1,1,-1,1,1,-1,1,1,1,-1,-1,-1,-1,1,1,1,-1,1,1,-1,1,1,-1,-1,1,1,1,1,1,-1,1,1,1,-1,1,1,1,-1,-1,1,1,1,-1,1,-1,1,1,1,1,1,1,-1,-1,-1,1,-1,-1,1,1,-1,1,1,1,1,1,1,1,-1,1,-1,-1,1,-1,1,-1,1,1,1,1,1,1,-1,-1,1,-1,1,1,1,-1,1,1,1,-1,1,1,-1,-1,1,-1,1,1,1,-1,1,1,1,1,1,1,-1,1,-1,-1,1,1,-1,-1,1,-1,-1,1,1,-1,-1,1,-1,1,1,1,-1,-1,1,-1,-1,1,1,-1,-1,1,-1,1,1,1,1,-1,1,1,-1,-1,1,1,-1,-1,1,1,-1,1,-1,-1,1,-1,-1,1,-1,1,-1,-1,1,-1,1,-1,1,-1,-1,1,-1,-1,1,1,1,-1,1,-1,1,-1,1,-1,1,-1,-1,-1,1,-1,-1,1,1,1,-1,1,-1,1,1,1,-1,1,1,-1,1,-1,1,-1,-1,1,-1,-1,1,1,1,-1,1,-1,-1,1,1,-1,-1,1,-1,-1,1,1,-1,-1,1,-1,-1,-1,1,1,-1,1,-1,-1,-1,1,-1,-1,1,-1,1,-1,1,1,-1,-1,1,-1,-1,-1,-1,-1,1,1,1,-1,1,1,-1,-1,1,-1,1,-1,-1,-1,1,1,-1,-1,-1,-1,-1,1,1,-1,1,1,1,-1,-1,1,1,-1,-1,-1,-1,-1,1,-1,-1,1,-1,-1,-1,1,1,-1,-1,-1,-1,-1,1,-1,-1,1,-1,-1,1,1,1,-1,1,-1,-1,-1,1,1,-1,-1,-1,-1,-1,1,1,1,-1,-1,-1,-1,1,1,-1,-1,-1,-1,1,1,1,1,-1,-1,1,1,1,1,1,-1,-1,-1,1,1,1,1,1,-1,1,1,1,1,-1,1,-1,-1,1,-1,1,-1,1,-1,-1,1,-1,1,-1,-1,-1,-1,1,-1,1,-1,1,1,-1,1,-1,1,-1,1,1,-1,1,-1,1,-1,-1,-1,-1,1,1,-1,-1,-1,-1,-1,1,-1,1,-1,-1,-1,-1,-1,-1,-1,1,-1,-1,-1,1,-1,-1,1,-1,-1,-1,-1,-1,-1,1,-1,-1,-1,-1,-1,1,-1,-1,-1,1,-1,-1,1,-1,1,-1,-1,-1,-1,-1,-1,-1,1,-1,-1,-1,1,1,1,-1,-1,1,1,-1,-1,-1,-1,1,-1,-1,1,-1,1,-1,-1,-1,-1,1,-1,1,1,-1,1,-1,-1,1,1,-1,-1,-1,-1,-1,-1,1,1,-1,-1,1,-1,1,1,-1,-1,-1,1,-1,-1,1,-1,-1,1,-1,-1,1,1,1,-1,1,-1,1,1,1,-1,-1,1,-1,-1,1,1,1,-1,1,-1,-1,1,1,-1,1,1,-1,-1,1,1,-1,1,1,-1,-1,1,1,-1,1,1,-1,-1,1,1,1,1,1,1,-1,-1,1,1,1,1,-1,-1,1,-1,1,1,1,1,-1,-1,1,-1,1,1,1,-1,1,1,1,1,-1,1,-1,1,1,1,1,1,1,1,-1,1,1,1,1,-1,1,-1,1,1,1,1,1,-1,1,1,1,1,-1,1,1,-1,1,1,-1,1,1,-1,-1,1,1,1,1,-1,1,-1,1,1,1,-1,-1,1,-1,1,1,1,-1,1,-1,-1,-1,1,1,-1,-1,1,-1,-1,1,1,1,-1,1,-1,-1,1,1,1,-1,1,-1,-1,1,1,-1,-1,-1,1,-1,1,1,-1,1,1,-1,1,1,-1,-1,1,-1,-1,-1,1,1,-1,1,1,-1,1,1,-1,-1,1,-1,1,-1,-1,-1,-1,1,-1,-1,1,1,-1,1,1,-1,1,1,1,1,-1,1,-1,1,1,1,-1,-1,1,-1,-1,-1,1,-1,-1,1,-1,1,1,1,-1,-1,1,-1,1,1,1,1,-1,1,-1,-1,1,1,-1,-1,-1,1,-1,1,-1,1,-1,1,-1,-1,1,-2670.0,1,2000,445,1000,False
1400,1,1,-1,-1,1,1,-1,-1,1,1,1,-1,-1,1,1,1,-1,1,-1,-1,-1,1,1,1,1,-1,-1,-1,1,1,1,1,-1,-1,-1,-1,1,1,1,1,-1,-1,-1,1,1,1,1,-1,1,1,1,1,-1,1,-1,-1,1,-1,1,1,1,-1,-1,1,1,1,1,1,-1,-1,1,1,1,1,1,-1,-1,-1,1,1,1,-1,-1,-1,1,1,1,1,-1,-1,-1,1,1,1,1,-1,-1,1,1,-1,1,1,-1,-1,1,1,1,1,1,-1,-1,1,1,-1,1,1,-1,-1,1,1,1,1,1,1,-1,-1,1,1,-1,1,1,-1,1,1,1,1,1,1,-1,-1,1,1,1,1,1,-1,1,1,1,1,1,1,-1,-1,-1,1,1,1,1,-1,1,1,1,1,-1,1,-1,1,-1,1,1,1,-1,-1,1,1,1,1,1,-1,1,-1,-1,1,-1,1,-1,1,1,1,1,1,1,1,1,1,-1,1,-1,1,-1,1,1,-1,1,-1,1,1,-1,1,-1,1,-1,1,-1,1,1,-1,-1,-1,1,1,1,1,-1,-1,1,1,-1,-1,1,-1,1,-1,1,1,-1,1,-1,1,-1,1,-1,-1,1,-1,-1,-1,1,1,-1,1,-1,1,1,1,-1,1,1,-1,1,-1,1,-1,1,-1,1,-1,1,1,-1,1,-1,-1,-1,1,1,-1,1,-1,-1,-1,1,1,-1,-1,1,1,-1,-1,1,1,-1,1,1,-1,1,1,1,1,-1,1,-1,1,1,-1,1,-1,1,-1,1,1,1,1,1,1,-1,-1,1,-1,-1,-1,1,1,-1,1,1,1,-1,1,1,1,1,1,1,-1,1,-1,1,1,1,-1,1,1,-1,1,1,1,-1,1,1,-1,-1,1,1,1,-1,1,-1,1,1,1,-1,1,1,-1,1,1,1,-1,1,1,-1,1,1,1,-1,1,1,-1,-1,1,1,-1,1,1,-1,1,-1,1,-1,1,1,1,-1,1,1,1,1,1,1,-1,1,1,-1,1,1,1,-1,-1,-1,-1,1,1,1,-1,1,1,-1,1,1,-1,-1,1,1,1,1,1,-1,1,1,1,-1,1,1,1,-1,-1,1,1,1,-1,1,-1,1,1,1,1,1,1,-1,-1,-1,1,-1,-1,1,1,-1,1,1,1,1,1,1,1,-1,1,-1,-1,1,-1,1,-1,1,1,-1,1,1,1,-1,-1,1,-1,1,1,1,-1,1,1,1,-1,1,1,-1,-1,1,-1,1,1,1,-1,1,1,1,1,1,1,-1,1,-1,-1,1,1,-1,-1,1,-1,1,1,1,-1,-1,1,-1,1,1,1,-1,-1,1,-1,-1,1,1,-1,-1,1,-1,1,1,1,1,-1,1,1,-1,1,1,1,-1,-1,1,1,1,1,-1,-1,1,1,-1,1,-1,1,-1,-1,1,-1,1,-1,1,-1,-1,1,-1,-1,1,1,1,-1,1,-1,1,-1,-1,-1,1,-1,-1,-1,1,-1,-1,1,1,-1,1,1,-1,1,1,1,-1,1,1,-1,1,-1,1,-1,-1,1,-1,-1,1,1,-1,-1,1,-1,-1,1,1,1,-1,1,-1,-1,1,1,-1,-1,1,-1,-1,-1,1,1,-1,1,1,-1,-1,1,-1,-1,1,-1,1,-1,1,1,-1,-1,1,-1,-1,-1,-1,-1,1,1,1,-1,-1,1,-1,-1,1,-1,-1,1,-1,-1,1,1,-1,-1,1,1,-1,1,1,-1,1,-1,1,-1,-1,1,1,-1,-1,-1,-1,1,1,-1,-1,1,-1,-1,-1,1,1,-1,-1,-1,-1,-1,1,-1,-1,-1,-1,-1,-1,1,1,-1,-1,-1,-1,1,1,1,-1,-1,-1,-1,-1,1,1,1,-1,-1,-1,-1,1,1,-1,-1,-1,-1,1,1,1,1,-1,-1,1,1,1,1,1,-1,-1,-1,1,1,1,-1,1,-1,1,1,1,1,-1,1,-1,-1,1,-1,1,-1,1,-1,-1,1,-1,1,-1,-1,-1,-1,1,-1,1,-1,1,-1,-1,1,-1,1,-1,1,-1,-1,1,-1,1,-1,-1,-1,-1,1,1,-1,-1,-1,-1,-1,1,-1,1,-1,-1,-1,-1,-1,-1,-1,1,-1,-1,-1,1,-1,-1,1,-1,-1,-1,-1,-1,-1,1,-1,-1,-1,-1,-1,1,-1,-1,-1,1,-1,-1,1,-1,1,-1,-1,-1,-1,-1,-1,-1,1,-1,-1,-1,1,1,-1,-1,-1,-1,1,-1,-1,-1,-1,1,-1,-1,1,-1,1,-1,-1,-1,-1,1,-1,1,1,-1,1,-1,-1,1,1,-1,-1,-1,-1,-1,-1,1,1,-1,-1,1,-1,1,1,-1,-1,-1,1,-1,1,1,-1,-1,1,-1,-1,1,1,1,-1,1,-1,1,1,1,-1,-1,1,-1,-1,1,1,1,-1,1,-1,-1,1,1,-1,1,1,-1,-1,1,1,-1,1,1,-1,-1,1,1,-1,1,1,-1,-1,1,1,1,1,-1,1,-1,-1,1,1,1,1,-1,-1,1,-1,1,1,1,1,-1,-1,1,-1,1,1,1,-1,1,1,1,1,-1,1,-1,1,1,1,1,1,1,1,-1,1,1,1,1,-1,1,-1,1,1,1,1,1,-1,1,1,1,1,-1,1,1,-1,1,1,-1,1,1,-1,-1,1,1,1,1,-1,1,-1,1,1,1,-1,-1,1,-1,1,1,1,-1,1,-1,-1,-1,1,1,-1,-1,1,-1,-1,1,1,1,-1,1,-1,-1,1,1,1,-1,1,-1,-1,1,1,-1,-1,1,1,-1,1,1,-1,1,1,-1,1,1,-1,-1,1,-1,-1,-1,1,1,-1,1,1,-1,1,1,-1,-1,-1,-1,1,-1,-1,-1,-1,1,-1,-1,1,1,-1,1,1,-1,1,1,1,1,-1,1,-1,1,1,1,1,-1,1,-1,-1,-1,1,1,-1,1,-1,1,1,1,1,-1,1,-1,1,1,1,-1,-1,1,-1,-1,1,1,-1,-1,-1,1,-1,1,-1,1,-1,1,-1,-1,1,-2668.0,1,2000,445,500,False
1401,1,1,-1,-1,1,1,-1,-1,1,1,1,-1,-1,1,-1,1,-1,1,-1,-1,1,1,1,1,1,-1,-1,-1,1,1,1,1,1,-1,-1,-1,1,1,1,1,-1,-1,-1,1,1,1,1,-1,1,1,1,1,-1,1,-1,-1,1,-1,1,1,1,-1,-1,1,1,1,1,1,-1,-1,1,1,1,1,1,-1,-1,-1,1,1,1,-1,-1,-1,1,1,1,1,-1,-1,-1,1,1,1,1,-1,-1,1,1,-1,1,1,-1,-1,1,1,1,1,1,-1,-1,1,1,-1,1,1,-1,-1,1,1,1,1,1,1,-1,-1,1,1,-1,1,1,-1,1,1,1,1,1,1,-1,-1,1,1,1,1,1,-1,1,1,1,1,1,1,-1,-1,-1,1,1,1,1,-1,1,-1,1,1,-1,1,-1,1,-1,1,1,1,-1,-1,1,1,1,1,1,-1,1,-1,-1,1,-1,1,-1,1,1,1,1,1,1,1,1,1,-1,1,-1,1,-1,1,1,-1,1,-1,1,1,-1,1,-1,1,-1,1,-1,1,1,-1,1,-1,1,1,1,1,-1,-1,1,1,-1,-1,1,-1,1,-1,1,1,-1,1,-1,1,-1,1,-1,1,1,-1,-1,-1,1,1,-1,1,-1,1,1,1,-1,1,1,-1,1,-1,1,-1,1,-1,1,-1,1,1,-1,1,-1,-1,-1,1,1,-1,1,-1,-1,-1,1,1,-1,-1,1,1,-1,-1,1,1,-1,1,1,-1,1,1,1,1,-1,1,-1,1,1,-1,1,-1,1,-1,1,1,1,1,1,1,-1,-1,1,-1,-1,1,1,1,-1,1,1,1,-1,1,1,1,1,1,1,1,1,-1,1,1,1,-1,-1,1,-1,1,1,1,-1,1,1,-1,-1,1,1,1,-1,1,-1,1,1,1,-1,1,1,-1,1,1,1,-1,1,1,-1,1,1,1,-1,1,1,-1,-1,1,1,-1,1,1,-1,1,-1,1,-1,1,1,1,-1,1,1,1,1,1,1,-1,1,1,-1,1,1,1,-1,-1,-1,-1,1,1,1,-1,1,1,-1,1,1,-1,-1,1,1,1,1,1,-1,1,1,1,-1,1,1,1,1,-1,1,1,1,-1,1,-1,1,1,1,1,1,1,-1,-1,-1,1,-1,-1,1,-1,1,-1,1,1,1,1,1,-1,-1,1,-1,-1,1,-1,1,-1,1,1,1,1,1,1,-1,-1,1,-1,1,1,-1,-1,1,1,1,-1,1,-1,-1,-1,1,-1,1,1,-1,-1,1,1,1,1,-1,1,-1,1,-1,-1,1,-1,1,-1,1,-1,1,1,-1,-1,-1,1,-1,1,1,1,-1,-1,1,-1,-1,1,-1,-1,-1,1,-1,1,1,1,-1,-1,1,1,-1,1,-1,-1,-1,-1,1,1,1,-1,-1,-1,1,1,-1,1,-1,-1,-1,-1,1,-1,1,-1,-1,-1,-1,1,-1,-1,1,1,1,-1,1,-1,1,-1,1,-1,1,-1,-1,1,1,-1,-1,-1,1,-1,1,1,-1,1,1,1,-1,1,1,-1,1,-1,1,-1,-1,1,-1,-1,1,1,-1,-1,1,-1,-1,1,1,1,-1,1,-1,-1,1,1,-1,-1,1,-1,-1,-1,1,1,-1,1,1,-1,-1,1,1,-1,1,-1,1,-1,1,1,-1,-1,1,-1,-1,-1,-1,-1,1,1,1,-1,-1,1,-1,-1,1,-1,-1,1,-1,-1,1,1,-1,-1,1,1,-1,1,1,-1,1,-1,1,-1,-1,1,1,-1,-1,-1,-1,-1,1,-1,-1,1,-1,-1,-1,1,1,-1,-1,-1,-1,-1,1,-1,-1,-1,-1,-1,1,1,1,-1,-1,-1,-1,-1,1,1,-1,-1,-1,-1,-1,1,1,1,-1,-1,-1,-1,1,1,-1,-1,-1,-1,1,1,1,1,1,-1,1,1,1,1,1,1,-1,-1,1,1,1,-1,1,-1,1,1,1,1,-1,1,-1,-1,1,-1,1,-1,1,-1,-1,1,-1,1,-1,1,-1,-1,1,-1,1,-1,1,-1,-1,1,-1,1,1,1,-1,-1,1,-1,1,1,1,-1,-1,1,1,-1,1,1,-1,-1,1,-1,1,-1,1,-1,-1,-1,-1,-1,1,1,-1,-1,1,-1,-1,1,1,-1,-1,-1,-1,1,-1,1,-1,-1,-1,-1,1,1,-1,-1,1,-1,-1,1,-1,1,-1,-1,-1,-1,-1,1,1,1,-1,-1,-1,1,1,1,-1,-1,-1,1,-1,-1,1,-1,1,-1,-1,1,1,1,-1,-1,-1,-1,1,-1,1,1,-1,1,-1,-1,1,1,-1,-1,-1,-1,-1,-1,1,1,-1,-1,1,-1,1,1,-1,-1,-1,1,-1,1,1,-1,-1,1,-1,-1,1,1,1,-1,1,-1,1,1,1,-1,-1,1,-1,-1,1,1,1,-1,1,-1,-1,1,1,-1,1,1,-1,-1,1,1,-1,1,1,-1,-1,1,1,1,1,1,-1,-1,1,1,1,1,1,1,-1,-1,1,1,1,1,-1,-1,1,-1,1,1,1,1,-1,-1,1,-1,1,1,1,-1,1,1,1,1,-1,1,-1,1,1,1,1,1,1,1,-1,1,1,1,1,-1,1,-1,1,1,1,1,1,-1,1,1,1,1,-1,1,1,-1,1,1,-1,1,1,-1,-1,1,1,1,1,-1,1,-1,1,1,1,-1,-1,1,-1,1,1,1,-1,1,-1,-1,-1,1,1,-1,-1,1,-1,-1,1,1,1,-1,1,-1,-1,1,1,1,-1,1,-1,-1,1,1,-1,-1,-1,1,-1,1,1,-1,1,1,-1,1,1,-1,-1,1,-1,-1,-1,1,1,-1,1,1,-1,1,1,-1,-1,-1,-1,1,-1,-1,-1,-1,1,-1,-1,1,1,-1,1,1,-1,1,1,1,1,-1,1,-1,1,1,1,1,-1,1,-1,-1,-1,1,1,-1,1,-1,1,1,1,1,-1,1,-1,1,1,-1,-1,-1,1,-1,-1,1,1,-1,-1,-1,1,-1,1,-1,1,-1,1,-1,-1,1,-2668.0,1,2000,445,1000,False
1402,1,1,-1,-1,1,-1,-1,-1,1,1,1,-1,1,1,-1,1,-1,1,-1,-1,1,1,1,1,1,-1,-1,-1,1,1,1,1,1,-1,-1,-1,1,1,1,1,-1,-1,1,1,1,1,1,-1,1,1,1,1,-1,1,-1,-1,1,-1,1,1,1,-1,-1,1,1,1,1,1,-1,-1,1,1,1,1,1,-1,-1,-1,1,1,1,-1,-1,-1,1,1,1,1,-1,1,-1,1,1,1,1,-1,-1,1,1,-1,1,1,-1,-1,1,1,1,1,1,-1,-1,1,1,1,1,1,-1,-1,1,1,1,1,1,1,-1,1,1,1,-1,1,1,-1,1,1,1,1,1,1,-1,-1,1,1,1,1,1,-1,1,1,1,1,1,1,-1,-1,-1,1,1,1,1,-1,1,1,1,1,-1,1,-1,1,-1,1,1,1,-1,-1,1,1,1,1,1,-1,1,-1,-1,1,-1,1,-1,1,1,1,1,1,1,1,1,1,-1,1,-1,1,-1,1,1,-1,1,-1,1,1,-1,1,-1,1,-1,1,-1,1,1,-1,-1,-1,1,1,1,1,-1,-1,1,1,-1,-1,1,-1,1,-1,-1,1,-1,1,-1,1,-1,1,-1,1,1,-1,-1,-1,1,1,-1,1,-1,1,1,1,-1,1,1,-1,-1,-1,1,-1,1,-1,1,-1,1,1,-1,1,-1,-1,-1,1,1,-1,1,-1,-1,-1,1,1,-1,-1,1,1,-1,-1,1,1,-1,1,1,-1,1,1,1,1,-1,1,-1,1,1,-1,1,-1,1,1,-1,1,1,1,1,1,-1,-1,1,-1,-1,1,1,1,-1,1,1,1,-1,1,-1,-1,1,1,1,-1,1,-1,1,1,1,-1,-1,1,-1,1,1,1,-1,1,1,-1,-1,1,1,1,-1,1,-1,1,1,1,-1,1,1,-1,1,1,1,-1,1,-1,-1,1,1,1,-1,1,-1,-1,-1,1,1,-1,1,-1,-1,1,-1,1,-1,1,1,-1,-1,1,1,1,1,1,-1,-1,1,1,-1,1,-1,1,-1,-1,-1,-1,1,1,-1,-1,1,1,-1,1,1,-1,-1,1,1,1,1,1,-1,1,1,1,-1,1,-1,-1,-1,-1,1,1,1,1,-1,-1,1,1,1,1,-1,-1,1,-1,-1,1,-1,-1,-1,-1,1,-1,1,1,1,-1,1,1,-1,1,-1,1,-1,-1,1,-1,1,1,1,-1,-1,1,-1,-1,1,1,-1,-1,1,-1,1,1,-1,1,-1,1,-1,-1,1,1,-1,-1,1,-1,1,1,1,-1,1,1,-1,1,-1,1,-1,1,-1,1,1,-1,1,-1,1,-1,-1,1,-1,-1,-1,1,-1,-1,1,1,1,-1,1,-1,-1,1,-1,-1,1,-1,1,-1,1,-1,1,-1,1,1,-1,1,-1,1,-1,1,-1,-1,1,-1,-1,1,1,1,-1,-1,1,1,-1,1,1,-1,1,1,1,1,-1,1,1,-1,1,1,1,1,-1,-1,1,-1,-1,-1,1,-1,-1,-1,1,-1,1,1,-1,1,-1,-1,-1,1,1,-1,1,1,-1,1,-1,1,-1,1,-1,-1,-1,-1,1,-1,-1,1,1,1,-1,1,-1,-1,-1,-1,-1,-1,1,-1,1,1,1,1,-1,1,-1,-1,1,-1,-1,-1,1,-1,-1,-1,-1,1,-1,-1,1,1,-1,1,-1,-1,1,1,1,1,-1,1,-1,-1,1,1,1,-1,-1,-1,1,1,1,1,-1,-1,-1,1,-1,1,-1,1,-1,-1,-1,1,1,1,-1,-1,-1,1,1,1,1,1,-1,-1,-1,1,1,1,1,-1,-1,-1,1,1,1,-1,-1,-1,-1,1,1,1,1,-1,-1,1,1,1,1,1,-1,-1,-1,1,1,-1,1,-1,-1,-1,1,1,1,1,-1,-1,1,1,1,1,-1,-1,1,1,-1,1,1,-1,-1,-1,1,1,1,1,1,-1,1,1,1,1,1,-1,-1,-1,1,-1,1,-1,-1,-1,-1,1,-1,1,1,1,-1,-1,1,-1,1,1,-1,-1,-1,1,1,1,1,-1,-1,-1,1,-1,1,1,-1,-1,-1,1,1,-1,-1,-1,-1,-1,1,-1,1,-1,-1,-1,-1,-1,-1,-1,1,-1,-1,-1,1,-1,-1,1,-1,-1,-1,-1,-1,1,1,-1,-1,-1,-1,-1,1,-1,-1,-1,1,-1,-1,1,-1,1,-1,-1,-1,-1,-1,-1,-1,1,-1,-1,-1,1,1,-1,-1,-1,1,1,-1,-1,-1,-1,1,-1,-1,1,1,1,-1,-1,-1,-1,1,-1,1,1,-1,1,-1,-1,1,1,-1,-1,-1,-1,-1,-1,1,1,-1,-1,1,-1,1,1,-1,-1,-1,1,-1,1,1,-1,-1,1,-1,-1,1,1,1,-1,1,-1,1,1,1,-1,-1,1,-1,-1,1,1,1,-1,1,-1,-1,1,1,-1,1,1,-1,-1,1,1,-1,1,1,-1,-1,1,1,1,1,1,-1,-1,1,1,1,1,1,1,-1,-1,1,1,-1,1,-1,-1,1,-1,1,1,1,1,-1,-1,1,-1,1,1,1,-1,1,-1,1,1,-1,1,-1,1,1,1,1,1,1,1,-1,-1,1,1,1,-1,1,-1,1,1,1,1,1,-1,1,-1,1,1,-1,1,1,-1,-1,1,-1,1,1,-1,-1,1,1,1,1,-1,1,-1,-1,1,1,-1,-1,1,-1,1,1,1,-1,1,-1,-1,-1,1,1,-1,-1,1,-1,-1,1,1,-1,-1,1,-1,-1,1,1,1,-1,1,-1,-1,1,1,-1,-1,-1,1,-1,-1,1,-1,1,1,-1,1,1,-1,-1,1,-1,-1,-1,-1,1,-1,1,1,-1,1,1,-1,-1,-1,-1,1,-1,-1,-1,-1,1,-1,-1,1,1,-1,1,1,-1,1,1,1,1,-1,1,-1,1,1,1,1,-1,1,-1,-1,1,1,1,-1,1,-1,1,1,1,1,-1,1,-1,1,1,-1,-1,-1,1,-1,-1,1,1,-1,-1,-1,1,-1,1,-1,1,-1,1,-1,-1,1,-2668.0,1,2000,445,500,False
1403,1,1,-1,-1,1,1,-1,-1,1,1,1,-1,-1,1,1,1,-1,1,-1,-1,-1,-1,1,1,1,1,-1,-1,1,1,1,1,-1,-1,-1,-1,1,1,1,1,-1,-1,-1,1,1,1,1,-1,1,1,1,1,-1,1,-1,-1,1,-1,1,1,1,-1,-1,-1,1,1,1,1,-1,-1,-1,1,1,1,1,-1,-1,-1,1,1,1,-1,-1,-1,1,1,1,1,-1,-1,1,1,1,1,1,-1,-1,-1,1,-1,1,1,-1,-1,1,1,1,1,1,-1,-1,-1,1,1,1,1,-1,-1,1,1,1,1,1,1,-1,-1,1,1,-1,1,1,-1,1,1,1,1,1,1,-1,1,1,1,1,1,1,-1,1,1,1,1,1,1,-1,-1,-1,1,1,1,1,-1,1,1,1,1,-1,1,-1,1,-1,1,1,1,-1,-1,1,1,1,1,1,-1,1,-1,-1,1,-1,1,-1,1,1,1,1,1,1,1,1,1,-1,1,-1,1,-1,1,1,-1,1,-1,1,1,-1,1,-1,1,-1,1,-1,1,1,-1,1,-1,1,1,1,1,-1,-1,1,1,-1,-1,1,-1,1,-1,-1,1,-1,1,-1,1,-1,1,-1,-1,1,-1,-1,-1,1,1,-1,1,-1,1,1,1,-1,1,1,-1,1,-1,1,-1,1,-1,1,-1,1,1,-1,1,-1,-1,-1,1,1,-1,1,-1,-1,-1,1,1,-1,-1,1,1,-1,-1,1,1,-1,1,1,-1,1,1,1,1,-1,1,-1,1,1,-1,1,-1,1,1,-1,1,1,1,1,1,-1,-1,1,-1,-1,-1,1,1,-1,1,1,1,-1,1,-1,-1,1,1,1,1,1,-1,1,1,1,-1,1,1,-1,1,1,1,-1,1,1,-1,-1,1,1,1,-1,1,-1,1,1,1,-1,1,1,-1,1,1,1,-1,1,-1,-1,1,1,1,-1,1,-1,-1,-1,1,1,-1,1,-1,-1,1,-1,1,-1,1,1,-1,-1,1,1,1,1,1,-1,-1,1,1,-1,1,-1,1,-1,-1,-1,-1,1,1,-1,-1,1,1,-1,1,1,-1,-1,1,1,1,1,1,-1,1,1,1,-1,1,-1,-1,-1,-1,1,1,1,1,-1,-1,1,1,1,1,-1,-1,1,-1,-1,1,-1,-1,-1,-1,1,-1,1,1,1,-1,1,1,-1,1,-1,1,-1,-1,1,-1,1,1,1,-1,-1,1,-1,-1,1,1,-1,-1,1,-1,1,1,-1,1,-1,1,-1,-1,1,1,-1,-1,1,-1,1,1,-1,-1,1,1,-1,1,-1,1,-1,1,-1,-1,1,-1,1,-1,1,-1,-1,1,-1,-1,-1,1,-1,-1,1,-1,1,-1,1,-1,-1,1,-1,-1,1,-1,1,-1,1,-1,1,-1,1,1,-1,-1,-1,1,-1,1,-1,-1,1,-1,1,1,1,1,-1,-1,1,1,-1,1,1,1,-1,1,1,1,-1,1,1,-1,1,1,1,1,-1,-1,1,-1,-1,-1,1,-1,-1,-1,1,1,-1,1,-1,1,-1,-1,-1,1,1,-1,1,1,-1,-1,-1,1,-1,1,-1,-1,1,-1,1,-1,-1,-1,-1,-1,-1,1,-1,-1,-1,-1,-1,-1,1,-1,1,1,1,1,-1,1,-1,-1,1,-1,-1,-1,1,-1,-1,-1,-1,1,-1,-1,1,1,-1,1,-1,-1,1,1,1,1,-1,1,-1,-1,1,1,1,-1,-1,-1,1,1,1,1,-1,-1,-1,1,-1,1,-1,1,1,-1,-1,1,1,1,-1,-1,-1,1,1,1,1,1,-1,-1,-1,1,1,1,1,-1,-1,-1,1,1,1,-1,-1,-1,1,1,1,1,1,-1,-1,-1,1,1,1,1,-1,-1,-1,1,1,-1,1,-1,-1,-1,1,1,1,1,-1,-1,1,1,1,1,-1,-1,1,1,-1,1,1,-1,-1,-1,1,1,1,1,1,-1,1,1,1,1,1,-1,-1,-1,1,-1,1,-1,-1,-1,-1,1,-1,1,1,1,-1,-1,1,-1,1,1,-1,-1,-1,1,1,1,1,-1,-1,-1,1,-1,1,1,-1,-1,-1,1,1,-1,-1,-1,-1,-1,1,-1,1,-1,-1,-1,-1,-1,-1,-1,1,-1,-1,-1,1,-1,-1,1,-1,-1,-1,-1,-1,-1,1,-1,-1,-1,-1,-1,1,-1,-1,-1,1,-1,-1,1,-1,1,-1,-1,-1,-1,-1,-1,-1,1,-1,-1,-1,1,1,-1,-1,-1,1,-1,-1,-1,-1,-1,1,-1,-1,1,1,1,-1,-1,-1,-1,1,-1,1,1,-1,1,-1,-1,1,1,-1,-1,-1,-1,-1,-1,1,1,-1,-1,1,-1,1,1,-1,-1,-1,1,-1,1,1,-1,-1,1,-1,-1,1,1,1,-1,1,-1,1,1,1,-1,-1,1,-1,-1,1,1,1,-1,1,-1,-1,1,1,-1,1,1,-1,-1,1,1,-1,1,1,-1,-1,1,1,-1,1,1,-1,-1,1,1,1,1,-1,1,-1,-1,1,1,-1,1,-1,-1,1,-1,1,1,1,1,-1,-1,1,-1,1,1,1,-1,1,1,1,1,-1,1,-1,1,1,1,1,1,1,1,-1,1,1,1,1,-1,1,-1,1,1,1,1,1,-1,1,1,1,1,-1,1,1,-1,1,1,-1,1,1,-1,-1,1,1,1,1,-1,1,-1,1,1,1,-1,-1,1,-1,1,1,1,-1,1,-1,-1,-1,1,1,-1,-1,1,-1,-1,1,1,1,-1,1,-1,-1,1,1,1,-1,1,-1,-1,1,1,-1,-1,-1,1,-1,1,1,-1,1,1,-1,1,1,-1,-1,1,-1,-1,-1,1,1,-1,1,1,-1,1,1,-1,-1,-1,-1,1,-1,-1,-1,-1,-1,-1,-1,1,1,-1,1,1,-1,1,1,1,1,-1,1,-1,1,1,1,-1,-1,1,-1,-1,1,1,-1,-1,1,-1,1,1,1,-1,-1,1,-1,1,1,1,1,-1,1,-1,-1,1,1,1,-1,-1,1,-1,1,1,1,-1,1,-1,-1,1,-2668.0,1,2000,445,500,False
1404,1,1,-1,-1,1,1,-1,-1,1,1,1,-1,1,1,1,1,-1,1,-1,-1,1,-1,1,1,1,-1,1,-1,1,1,1,1,1,-1,-1,-1,1,1,1,1,-1,-1,-1,1,1,1,1,-1,1,1,1,1,-1,1,-1,-1,1,-1,1,1,1,-1,-1,-1,1,1,1,1,-1,-1,-1,1,1,1,1,-1,-1,-1,1,1,1,-1,-1,-1,1,1,1,1,-1,-1,-1,1,1,1,1,-1,-1,1,1,-1,1,1,-1,-1,1,1,1,1,1,-1,-1,1,1,-1,1,1,-1,-1,1,1,1,1,1,1,-1,-1,1,1,-1,1,1,-1,1,1,1,1,1,1,-1,-1,1,1,1,1,1,-1,1,1,1,1,1,1,-1,-1,-1,1,1,1,1,-1,1,1,1,1,-1,1,-1,1,-1,1,1,1,-1,-1,1,1,1,1,1,-1,1,-1,-1,1,-1,1,-1,1,1,1,1,1,1,1,1,1,-1,1,-1,1,-1,1,1,-1,1,-1,1,1,-1,1,-1,1,-1,1,-1,1,1,-1,1,-1,1,1,1,1,-1,-1,1,1,-1,-1,1,-1,1,-1,1,1,-1,1,-1,1,-1,1,-1,1,1,-1,-1,-1,1,1,-1,1,-1,1,1,1,-1,1,1,-1,1,-1,1,-1,1,-1,1,-1,1,1,-1,1,-1,-1,-1,1,1,-1,1,-1,-1,-1,1,1,-1,-1,1,1,-1,-1,1,1,-1,1,1,-1,1,1,1,1,-1,1,-1,1,1,-1,1,-1,1,1,1,1,1,1,1,1,-1,-1,1,-1,-1,-1,1,1,-1,1,1,1,-1,1,1,1,1,1,1,1,1,-1,1,1,1,-1,1,1,-1,1,1,1,-1,1,1,-1,-1,1,1,1,-1,1,-1,1,1,1,-1,1,1,-1,1,1,1,-1,1,1,-1,1,1,1,-1,1,1,1,-1,1,1,-1,1,1,-1,1,-1,1,-1,1,1,1,-1,1,1,1,-1,1,1,-1,1,1,-1,1,1,1,-1,-1,-1,-1,1,1,1,-1,1,1,-1,1,1,-1,-1,1,1,1,1,1,-1,1,1,1,-1,1,1,1,-1,-1,1,1,-1,-1,1,-1,1,1,1,-1,1,1,-1,-1,-1,1,-1,-1,1,1,-1,1,1,-1,1,1,1,1,-1,1,-1,-1,1,-1,1,-1,1,-1,1,1,1,1,-1,-1,1,-1,1,1,1,-1,1,1,1,-1,1,1,-1,-1,1,-1,1,1,1,-1,1,1,1,1,1,1,-1,1,-1,-1,1,1,-1,-1,1,-1,-1,1,1,-1,-1,1,1,1,1,1,-1,-1,1,-1,-1,1,1,-1,-1,1,1,1,1,1,1,-1,1,1,-1,-1,1,1,-1,-1,1,1,-1,1,-1,-1,-1,1,-1,1,-1,1,-1,-1,-1,-1,1,-1,1,-1,-1,1,-1,-1,1,1,1,-1,1,-1,1,-1,1,-1,1,1,-1,-1,1,-1,-1,-1,1,1,-1,1,-1,1,1,1,-1,1,1,-1,-1,-1,1,-1,-1,1,-1,-1,1,1,1,-1,1,-1,-1,1,1,-1,-1,1,-1,-1,1,1,-1,-1,1,-1,-1,-1,1,1,-1,1,-1,-1,-1,1,-1,-1,1,-1,1,-1,1,1,-1,-1,1,-1,-1,-1,-1,-1,1,1,1,-1,1,1,-1,-1,1,-1,1,-1,-1,-1,1,1,-1,-1,-1,1,-1,1,1,-1,1,1,1,-1,-1,1,1,-1,-1,-1,-1,1,1,-1,-1,1,-1,-1,-1,1,1,-1,-1,-1,-1,-1,1,-1,-1,1,-1,-1,1,1,1,-1,1,-1,-1,-1,1,1,-1,-1,-1,-1,-1,1,1,1,-1,-1,-1,-1,1,1,-1,-1,-1,-1,1,1,1,1,-1,-1,1,1,1,1,1,-1,-1,-1,1,1,1,-1,1,-1,1,1,1,1,-1,1,-1,-1,1,-1,1,-1,1,-1,-1,1,-1,1,-1,-1,-1,-1,1,-1,1,-1,1,-1,-1,1,-1,1,-1,1,-1,-1,1,-1,1,-1,-1,-1,-1,1,1,-1,-1,-1,-1,-1,1,-1,1,-1,-1,-1,-1,-1,-1,-1,1,-1,-1,-1,1,-1,-1,1,-1,-1,-1,-1,-1,1,1,-1,-1,-1,-1,-1,1,-1,-1,-1,1,-1,-1,1,-1,1,-1,-1,-1,-1,-1,-1,-1,1,-1,-1,-1,1,1,-1,-1,-1,-1,1,-1,-1,-1,-1,1,-1,-1,1,-1,1,-1,-1,-1,-1,1,-1,1,1,-1,1,-1,-1,1,1,-1,-1,-1,-1,-1,-1,1,1,-1,-1,1,-1,1,1,-1,-1,-1,1,-1,1,1,-1,-1,1,-1,-1,1,1,1,-1,1,-1,1,1,1,-1,-1,1,-1,-1,1,1,1,-1,1,-1,-1,1,1,-1,1,1,-1,-1,1,1,-1,1,1,-1,-1,1,1,1,1,1,-1,-1,1,1,1,1,1,1,-1,-1,1,1,-1,1,-1,-1,1,-1,1,1,1,1,-1,-1,1,-1,1,1,1,-1,1,1,1,1,-1,1,-1,1,1,1,1,1,1,1,-1,1,1,1,1,-1,1,-1,1,1,1,1,1,-1,1,1,1,1,-1,1,1,-1,1,1,-1,1,1,-1,-1,1,1,1,1,-1,1,-1,1,1,1,-1,-1,1,-1,1,1,1,-1,1,-1,-1,1,1,1,-1,-1,1,-1,-1,1,1,-1,-1,1,-1,-1,-1,1,1,-1,-1,-1,-1,1,1,-1,-1,-1,1,-1,-1,1,-1,1,1,-1,-1,1,-1,-1,1,1,1,-1,1,1,-1,1,1,-1,1,1,-1,-1,-1,-1,1,-1,-1,-1,-1,-1,1,-1,1,1,-1,1,1,-1,1,-1,1,1,-1,1,-1,1,1,1,1,-1,1,-1,1,-1,1,1,-1,1,-1,1,-1,1,1,-1,1,-1,1,1,-1,-1,-1,1,-1,1,1,1,-1,-1,-1,1,-1,1,-1,1,-1,1,-1,1,1,-2668.0,1,2000,445,500,False
1405,1,1,-1,-1,1,1,-1,-1,1,1,1,-1,-1,1,1,1,-1,1,1,-1,-1,-1,1,1,1,1,-1,-1,1,1,1,1,-1,-1,-1,-1,1,-1,1,1,-1,-1,-1,1,1,1,1,-1,1,1,1,1,-1,1,-1,-1,1,-1,1,1,1,-1,-1,-1,1,1,1,1,-1,-1,-1,1,1,1,1,-1,-1,-1,1,1,1,-1,-1,-1,1,1,1,1,-1,-1,1,1,1,1,1,-1,-1,-1,1,-1,1,1,-1,-1,1,1,1,1,1,-1,-1,-1,1,1,1,1,-1,-1,1,1,1,1,1,1,-1,-1,1,1,-1,1,1,-1,1,1,1,1,1,1,-1,1,1,1,1,1,1,-1,1,1,1,1,1,1,-1,-1,-1,1,1,1,1,-1,1,1,1,1,-1,1,-1,1,-1,1,1,1,-1,-1,1,1,1,1,1,-1,1,-1,-1,1,-1,1,-1,1,1,1,1,1,1,1,1,1,-1,1,-1,1,-1,1,1,-1,1,-1,1,1,-1,1,-1,1,-1,1,-1,1,1,-1,1,-1,1,1,1,1,-1,-1,1,1,-1,-1,1,-1,1,-1,1,1,-1,1,-1,1,-1,1,-1,-1,1,-1,-1,-1,1,1,-1,1,-1,1,1,1,-1,1,1,-1,1,-1,1,-1,1,-1,1,-1,1,1,-1,1,-1,-1,-1,1,1,-1,1,-1,-1,-1,1,1,-1,-1,1,1,-1,-1,1,1,-1,1,1,-1,1,1,1,1,-1,1,-1,1,1,-1,1,-1,1,1,1,1,1,1,1,1,-1,-1,1,-1,-1,-1,1,1,-1,1,1,1,-1,1,1,1,1,1,1,1,1,-1,1,1,1,-1,1,1,-1,1,1,1,-1,1,1,-1,-1,1,1,1,-1,1,-1,1,1,1,-1,1,1,-1,1,1,1,-1,1,1,-1,1,1,1,-1,1,1,-1,-1,1,1,-1,1,1,-1,1,-1,1,-1,1,1,1,-1,1,1,1,-1,1,1,-1,1,1,-1,1,1,1,-1,-1,-1,-1,1,1,1,-1,1,1,-1,1,1,-1,-1,1,1,1,1,1,-1,1,1,1,-1,1,1,1,1,-1,1,1,-1,-1,1,-1,1,1,1,-1,1,1,-1,-1,-1,1,-1,-1,1,1,-1,1,1,-1,1,1,1,1,-1,1,-1,-1,1,-1,1,-1,1,1,-1,1,1,1,-1,-1,1,-1,1,1,1,-1,1,1,1,-1,1,1,-1,-1,1,-1,1,1,1,-1,1,1,1,1,1,1,-1,1,-1,-1,1,1,-1,-1,1,-1,-1,1,1,-1,-1,1,-1,1,1,1,-1,-1,1,-1,-1,1,1,-1,-1,1,-1,1,1,1,1,-1,1,1,-1,-1,1,1,-1,-1,1,1,-1,1,-1,-1,1,1,-1,1,-1,1,-1,-1,1,-1,1,-1,1,-1,-1,1,-1,-1,1,1,1,-1,1,-1,1,-1,-1,-1,1,-1,-1,-1,1,-1,-1,1,1,1,-1,1,-1,1,1,1,-1,1,1,-1,-1,-1,1,-1,-1,1,-1,-1,1,1,1,-1,1,-1,-1,1,1,-1,-1,1,-1,-1,1,1,-1,-1,1,-1,-1,-1,1,1,-1,1,-1,-1,-1,1,-1,-1,1,-1,1,-1,1,1,-1,-1,1,-1,-1,-1,-1,-1,1,1,1,-1,1,1,-1,-1,1,-1,1,-1,-1,-1,1,1,-1,-1,-1,-1,-1,1,1,-1,1,1,-1,-1,-1,1,1,-1,-1,-1,-1,-1,1,-1,-1,1,-1,-1,-1,1,1,-1,-1,-1,-1,-1,1,-1,-1,1,-1,-1,1,1,1,-1,1,-1,-1,-1,1,1,-1,-1,-1,-1,-1,1,1,1,-1,-1,-1,-1,1,1,-1,-1,-1,-1,1,-1,1,1,-1,-1,1,1,-1,1,1,-1,-1,-1,1,1,1,-1,1,-1,1,1,1,1,-1,1,-1,-1,1,-1,1,-1,1,-1,-1,1,-1,1,-1,-1,-1,-1,1,-1,1,-1,1,1,-1,1,-1,1,-1,1,1,-1,1,-1,1,-1,-1,-1,-1,1,1,-1,-1,-1,-1,-1,1,-1,1,-1,-1,-1,-1,-1,-1,-1,1,-1,-1,-1,1,-1,-1,1,-1,-1,-1,-1,-1,-1,1,-1,-1,-1,-1,-1,1,-1,-1,-1,1,-1,-1,1,-1,1,-1,-1,-1,-1,-1,-1,-1,1,-1,-1,-1,1,1,-1,-1,-1,-1,1,-1,-1,-1,-1,1,-1,-1,1,-1,1,-1,-1,-1,-1,1,-1,1,1,-1,1,-1,-1,1,1,-1,-1,-1,-1,-1,-1,1,1,-1,-1,1,-1,1,1,-1,-1,-1,1,-1,1,1,-1,-1,1,-1,-1,1,1,1,-1,1,-1,1,1,1,-1,-1,1,-1,-1,1,1,1,-1,1,-1,-1,1,1,-1,1,1,-1,-1,1,1,-1,1,1,-1,-1,1,1,-1,1,1,-1,-1,1,1,1,1,-1,1,-1,-1,1,-1,1,1,-1,-1,1,-1,1,1,1,1,-1,-1,1,-1,1,1,1,-1,1,1,1,1,-1,1,-1,1,1,1,1,1,1,1,-1,1,1,1,1,-1,1,-1,1,1,1,1,1,-1,1,1,1,1,-1,1,1,-1,1,1,-1,1,1,-1,-1,1,1,1,1,-1,1,-1,1,1,1,-1,-1,1,-1,1,1,1,-1,1,-1,-1,-1,1,1,-1,-1,1,-1,-1,1,1,1,-1,1,-1,-1,1,1,1,-1,1,-1,-1,1,1,-1,-1,-1,1,-1,1,1,-1,1,1,-1,1,1,-1,-1,1,1,-1,-1,1,1,-1,1,1,-1,1,1,-1,-1,-1,-1,1,-1,-1,-1,-1,-1,1,-1,1,1,-1,1,1,-1,1,1,1,1,-1,1,-1,1,1,1,-1,-1,1,-1,-1,-1,1,-1,-1,1,-1,1,1,1,-1,-1,1,-1,1,1,1,1,-1,1,-1,-1,1,1,1,-1,-1,1,-1,1,-1,1,-1,1,-1,1,1,-2668.0,1,2000,445,500,False
1406,1,1,-1,-1,1,1,-1,-1,1,1,1,-1,1,1,1,1,-1,1,-1,-1,-1,-1,1,1,1,-1,1,-1,1,1,1,1,-1,-1,-1,-1,1,1,1,1,-1,-1,-1,1,1,1,1,-1,1,1,1,1,-1,1,-1,-1,1,-1,1,1,1,-1,-1,-1,1,1,1,1,-1,-1,-1,1,1,1,1,-1,-1,-1,1,1,1,-1,-1,-1,1,1,1,1,-1,-1,-1,1,1,1,1,-1,-1,1,1,-1,1,1,-1,-1,1,1,1,1,1,-1,-1,1,1,1,1,1,-1,-1,1,1,1,1,1,1,-1,-1,1,1,-1,1,1,-1,1,1,1,1,1,1,-1,-1,1,1,1,1,1,-1,1,1,1,1,1,1,-1,-1,-1,1,1,1,1,-1,1,1,1,1,-1,1,-1,1,-1,1,1,1,-1,-1,1,1,1,1,1,-1,1,-1,-1,1,-1,1,-1,1,1,1,1,1,1,1,1,1,1,1,-1,1,-1,1,1,-1,1,-1,1,1,-1,1,-1,1,-1,1,-1,1,1,-1,1,-1,1,1,1,1,-1,-1,1,1,-1,-1,1,-1,1,-1,-1,1,-1,1,-1,1,-1,1,-1,1,1,-1,-1,-1,1,1,-1,1,-1,1,1,1,-1,1,1,-1,1,-1,1,-1,1,-1,1,-1,1,1,-1,1,-1,-1,-1,1,1,-1,1,-1,-1,-1,1,1,-1,-1,1,1,-1,-1,1,1,-1,1,1,-1,1,1,1,1,-1,1,-1,1,1,-1,1,-1,1,1,1,1,1,1,1,1,-1,-1,1,-1,-1,-1,1,1,-1,1,1,1,-1,1,1,1,1,1,1,-1,1,-1,1,1,1,-1,-1,1,-1,1,1,1,-1,1,1,-1,-1,1,1,1,-1,1,-1,1,1,1,-1,1,1,-1,1,1,1,-1,1,1,-1,1,1,1,-1,1,1,-1,-1,1,1,-1,1,1,-1,1,-1,1,-1,1,-1,1,-1,1,1,1,1,-1,1,-1,1,1,-1,1,1,1,-1,-1,-1,-1,1,-1,1,-1,1,1,-1,1,1,-1,-1,1,1,1,1,1,-1,1,1,1,-1,1,1,1,-1,-1,1,1,1,-1,1,-1,1,1,1,1,1,1,-1,-1,-1,1,-1,1,1,-1,1,-1,1,1,1,1,1,-1,-1,1,-1,-1,1,-1,1,-1,1,1,1,1,1,1,-1,-1,1,-1,1,1,-1,-1,1,1,1,-1,1,-1,-1,-1,1,-1,1,1,-1,-1,1,1,1,1,-1,1,-1,1,-1,1,1,-1,-1,1,1,-1,1,1,-1,-1,-1,1,-1,1,1,1,-1,-1,1,1,-1,1,-1,-1,-1,1,-1,1,1,-1,-1,-1,1,1,-1,1,-1,-1,-1,1,-1,-1,1,-1,-1,-1,1,-1,-1,1,-1,-1,-1,-1,1,-1,1,-1,-1,-1,1,1,-1,-1,1,1,1,-1,1,-1,1,-1,1,-1,1,-1,-1,-1,1,-1,1,1,1,1,-1,1,-1,-1,1,1,-1,1,1,-1,-1,-1,1,-1,-1,1,-1,-1,1,1,1,-1,1,-1,-1,1,1,-1,-1,1,-1,1,1,1,-1,-1,1,-1,-1,-1,1,1,-1,1,-1,-1,-1,1,-1,-1,1,-1,1,1,1,1,-1,-1,1,-1,-1,-1,-1,-1,1,1,1,-1,-1,1,-1,-1,1,-1,-1,1,-1,-1,1,1,-1,-1,1,-1,-1,1,1,-1,1,-1,1,-1,-1,1,1,-1,-1,-1,-1,1,1,-1,-1,1,-1,-1,-1,1,1,-1,-1,-1,-1,-1,1,-1,-1,-1,-1,-1,1,1,1,-1,-1,-1,-1,-1,1,1,-1,-1,-1,-1,-1,1,1,1,-1,-1,-1,-1,1,1,-1,-1,-1,-1,1,1,1,1,1,-1,1,1,1,1,1,1,-1,-1,1,1,1,1,1,-1,1,1,1,1,-1,1,-1,-1,1,-1,1,-1,1,-1,-1,1,-1,1,1,1,-1,-1,1,-1,1,-1,1,-1,-1,1,-1,1,1,1,-1,-1,1,-1,1,1,1,-1,-1,1,1,-1,1,1,-1,-1,1,-1,1,-1,1,-1,-1,-1,-1,-1,1,1,-1,-1,1,-1,-1,1,1,-1,-1,-1,-1,1,-1,1,-1,-1,-1,-1,1,1,-1,-1,1,-1,-1,1,-1,1,-1,-1,-1,-1,-1,1,1,1,-1,-1,-1,1,1,1,-1,-1,1,-1,-1,-1,1,-1,1,-1,-1,1,1,1,-1,-1,-1,-1,1,-1,1,1,-1,1,-1,-1,1,1,-1,-1,-1,-1,-1,-1,1,1,-1,-1,1,-1,1,1,-1,-1,-1,1,-1,1,1,-1,-1,1,-1,-1,1,1,1,-1,1,-1,1,1,1,-1,-1,1,-1,-1,1,1,1,-1,1,-1,-1,1,1,-1,1,1,-1,-1,1,1,1,1,1,-1,-1,1,1,-1,1,1,-1,-1,1,1,1,1,1,1,-1,-1,1,1,-1,1,-1,-1,1,-1,1,1,1,1,-1,-1,1,-1,1,1,1,-1,1,-1,1,1,-1,1,-1,1,1,1,1,1,1,1,-1,-1,1,1,1,-1,1,-1,1,1,1,1,1,-1,1,-1,1,1,-1,1,1,-1,-1,1,-1,1,1,-1,-1,1,1,1,1,-1,1,-1,-1,1,1,-1,-1,1,-1,1,1,1,-1,1,-1,-1,-1,1,1,-1,-1,1,-1,-1,1,1,-1,-1,1,-1,-1,-1,1,1,-1,1,-1,-1,1,1,-1,-1,-1,1,-1,-1,1,-1,1,1,-1,1,1,-1,-1,1,-1,-1,-1,1,1,-1,1,1,-1,1,1,-1,-1,-1,-1,1,-1,-1,-1,-1,1,-1,-1,1,1,-1,1,1,-1,1,1,1,1,-1,1,-1,1,1,1,1,-1,1,-1,-1,1,1,1,-1,1,-1,1,1,1,1,-1,1,-1,1,1,1,-1,-1,1,-1,-1,1,1,-1,-1,-1,1,-1,1,1,1,-1,1,-1,-1,1,-2668.0,1,2000,445,500,False
1407,1,1,-1,-1,1,1,-1,-1,1,1,1,-1,-1,1,-1,1,-1,1,-1,-1,-1,1,1,1,1,-1,-1,-1,1,1,1,1,1,-1,-1,-1,1,1,1,-1,-1,-1,1,1,1,1,1,-1,1,1,1,1,-1,1,-1,-1,1,-1,1,1,1,-1,-1,1,1,1,1,1,-1,-1,1,1,1,1,1,-1,-1,-1,1,1,1,-1,-1,-1,1,1,1,1,-1,-1,1,1,1,1,1,-1,-1,-1,1,-1,1,1,-1,-1,1,1,1,1,1,-1,-1,-1,1,1,1,1,-1,-1,1,1,1,1,1,1,-1,-1,1,1,-1,1,1,-1,1,1,1,1,1,1,-1,1,1,1,1,1,1,-1,1,1,1,1,1,1,-1,-1,-1,1,1,1,1,-1,1,-1,1,1,-1,1,-1,1,-1,1,1,1,-1,-1,1,1,1,1,1,-1,1,-1,-1,1,-1,1,-1,1,1,1,1,1,1,1,1,1,-1,1,-1,1,-1,1,1,-1,1,-1,1,1,-1,1,-1,1,-1,1,-1,1,1,-1,-1,-1,1,1,1,1,-1,-1,1,1,-1,-1,1,-1,1,-1,1,1,-1,1,-1,1,-1,1,-1,1,1,-1,-1,-1,1,1,-1,1,-1,1,1,1,-1,1,1,-1,-1,-1,1,-1,1,-1,1,-1,1,1,-1,1,-1,-1,-1,1,1,-1,1,-1,-1,-1,1,1,-1,-1,1,1,-1,-1,1,1,-1,1,1,-1,1,1,1,1,-1,1,-1,1,1,-1,1,-1,1,1,-1,1,1,1,1,1,-1,-1,1,-1,-1,-1,1,1,-1,1,1,1,-1,1,-1,-1,1,1,1,-1,1,-1,1,1,1,-1,-1,1,-1,1,1,1,-1,1,1,-1,-1,1,1,1,-1,1,-1,1,1,1,-1,1,1,-1,1,1,1,-1,1,-1,-1,1,1,1,-1,1,-1,-1,-1,1,1,-1,1,-1,-1,1,-1,1,-1,1,1,-1,-1,1,1,1,-1,1,-1,-1,1,1,-1,1,-1,-1,-1,-1,-1,-1,1,-1,-1,-1,1,1,-1,1,-1,1,-1,1,1,1,1,-1,-1,1,1,1,-1,1,-1,-1,-1,-1,1,1,1,1,-1,-1,1,1,1,1,-1,-1,1,-1,-1,1,-1,1,-1,-1,1,-1,1,1,-1,-1,1,1,-1,1,-1,1,-1,-1,1,-1,1,1,-1,-1,-1,1,-1,-1,1,1,-1,-1,1,-1,1,1,-1,1,-1,1,-1,-1,1,1,-1,-1,1,-1,1,1,-1,-1,1,1,-1,1,-1,1,-1,1,-1,-1,1,-1,1,-1,1,-1,-1,1,-1,-1,-1,1,-1,-1,1,-1,1,-1,1,-1,-1,1,-1,-1,1,-1,1,-1,1,1,1,-1,1,1,-1,-1,-1,1,-1,1,-1,-1,1,-1,1,1,1,1,-1,-1,1,1,-1,1,1,-1,-1,1,1,1,-1,1,1,-1,1,1,1,1,1,1,1,-1,-1,-1,1,-1,1,1,1,-1,1,1,-1,1,-1,-1,-1,1,1,-1,1,1,-1,1,-1,1,-1,1,1,-1,-1,-1,1,-1,-1,-1,-1,1,-1,1,-1,-1,-1,-1,-1,-1,1,-1,1,1,1,1,-1,1,-1,1,1,-1,-1,-1,1,-1,-1,1,-1,1,-1,-1,1,1,1,1,-1,-1,1,1,1,1,-1,1,-1,-1,1,1,1,-1,-1,-1,1,1,1,1,-1,-1,-1,1,-1,1,-1,1,-1,-1,-1,1,1,1,-1,-1,-1,1,1,1,1,1,-1,-1,-1,1,1,1,1,-1,-1,-1,1,-1,1,-1,-1,-1,-1,1,1,1,1,-1,-1,1,1,1,1,1,-1,-1,-1,1,1,-1,1,-1,-1,-1,1,1,1,1,-1,-1,1,1,1,1,-1,-1,1,1,-1,1,1,-1,-1,-1,1,1,1,1,1,-1,1,1,1,1,1,-1,-1,-1,1,-1,1,-1,-1,-1,-1,1,-1,1,1,-1,-1,-1,1,-1,1,1,-1,-1,-1,1,1,1,1,-1,-1,-1,1,-1,1,1,-1,-1,-1,1,1,-1,-1,-1,-1,-1,1,-1,1,-1,-1,-1,-1,-1,-1,-1,1,-1,-1,-1,1,-1,-1,1,-1,-1,-1,-1,-1,-1,1,-1,-1,-1,-1,-1,1,-1,-1,-1,1,-1,-1,1,-1,1,-1,-1,-1,-1,-1,-1,-1,1,-1,-1,-1,1,1,1,-1,-1,-1,1,-1,-1,-1,-1,1,-1,-1,1,1,1,-1,-1,-1,-1,1,-1,1,1,-1,1,-1,-1,1,1,-1,-1,-1,-1,-1,-1,1,1,-1,-1,1,-1,1,1,-1,-1,-1,1,-1,1,1,-1,-1,1,-1,-1,1,1,1,-1,1,-1,1,1,1,-1,-1,1,-1,-1,1,1,1,-1,1,-1,-1,1,1,-1,1,1,-1,-1,1,1,1,1,1,-1,-1,1,1,-1,1,1,-1,-1,1,1,1,1,1,1,-1,-1,1,1,1,1,-1,-1,1,-1,1,1,1,1,-1,-1,1,-1,1,1,1,-1,1,1,1,1,-1,1,-1,1,1,1,1,1,1,1,-1,1,1,1,1,-1,1,-1,1,1,1,1,1,-1,1,1,1,1,-1,1,1,-1,1,1,-1,1,1,-1,-1,1,1,1,1,-1,1,-1,1,1,1,-1,-1,1,-1,1,1,1,-1,1,-1,-1,-1,1,1,-1,-1,1,-1,-1,1,1,1,-1,1,-1,-1,1,1,1,-1,1,-1,-1,1,1,-1,-1,-1,1,-1,1,1,-1,1,1,-1,1,1,-1,-1,1,-1,-1,-1,1,1,-1,1,1,-1,1,1,-1,-1,1,-1,1,-1,-1,-1,-1,1,-1,-1,1,1,-1,1,1,-1,1,1,1,1,-1,1,-1,1,1,1,-1,-1,1,-1,-1,1,1,-1,-1,1,-1,1,1,1,-1,-1,1,-1,1,1,1,1,-1,1,-1,-1,1,1,1,-1,-1,1,-1,1,1,1,-1,1,-1,-1,1,-2668.0,1,2000,445,500,False
1408,1,1,-1,-1,1,1,-1,-1,1,1,1,-1,1,1,-1,1,-1,1,-1,-1,-1,1,1,1,1,-1,-1,-1,1,1,1,1,-1,-1,-1,-1,1,-1,1,1,-1,-1,-1,1,1,1,1,-1,1,1,1,1,-1,1,-1,-1,1,-1,1,1,1,-1,-1,1,1,1,1,1,-1,-1,1,1,1,1,1,-1,-1,-1,1,1,1,-1,-1,-1,1,1,1,1,-1,-1,1,1,1,1,1,-1,-1,-1,1,-1,1,1,-1,-1,1,1,1,1,1,-1,-1,-1,1,-1,1,1,-1,-1,1,1,1,1,1,1,-1,-1,1,1,-1,1,1,-1,1,1,1,1,1,1,-1,1,1,1,1,1,1,-1,1,1,1,1,1,1,-1,-1,-1,1,1,1,1,-1,1,-1,1,1,-1,1,-1,1,-1,1,1,1,-1,-1,1,1,1,1,1,-1,1,-1,-1,1,-1,1,-1,1,1,1,1,1,1,1,1,1,-1,1,-1,1,-1,1,1,-1,1,-1,1,1,-1,1,-1,1,-1,1,-1,1,1,-1,-1,-1,1,1,1,1,-1,-1,1,1,-1,-1,1,-1,1,-1,1,1,-1,1,-1,1,-1,1,-1,-1,1,-1,-1,-1,1,1,-1,1,-1,1,1,1,-1,1,1,-1,1,-1,1,-1,1,-1,1,-1,1,1,-1,1,-1,-1,-1,1,1,-1,1,-1,-1,-1,1,1,-1,-1,1,1,-1,-1,1,1,-1,1,1,-1,1,1,1,1,-1,1,-1,1,1,-1,1,-1,1,1,1,1,1,1,1,1,-1,-1,1,-1,-1,-1,1,1,-1,1,1,1,-1,1,-1,-1,1,1,1,1,1,-1,1,1,1,-1,1,1,-1,1,1,1,-1,1,1,-1,-1,1,1,1,-1,1,-1,1,1,1,-1,1,1,-1,1,1,1,-1,1,-1,-1,1,1,1,-1,1,-1,-1,-1,1,1,-1,1,-1,-1,1,-1,1,-1,1,1,-1,-1,1,1,1,-1,1,-1,-1,1,1,-1,1,-1,-1,-1,-1,-1,-1,1,1,-1,-1,1,1,-1,1,-1,1,-1,1,1,1,1,-1,-1,1,1,1,-1,1,-1,-1,-1,-1,1,1,-1,1,-1,-1,1,-1,1,-1,-1,-1,1,-1,-1,1,-1,1,-1,-1,1,-1,1,-1,-1,-1,1,1,-1,1,-1,1,-1,-1,1,-1,1,-1,-1,-1,-1,1,-1,-1,1,1,-1,-1,1,-1,1,1,-1,1,-1,1,-1,1,-1,1,-1,-1,1,-1,-1,-1,-1,-1,1,1,-1,1,-1,1,-1,1,-1,1,1,-1,1,-1,1,-1,-1,1,-1,-1,-1,1,-1,1,-1,-1,1,-1,1,-1,-1,1,-1,-1,1,-1,1,-1,1,-1,1,-1,1,1,-1,-1,-1,1,-1,1,-1,-1,1,-1,1,1,1,1,-1,-1,1,1,-1,1,1,-1,-1,1,1,1,-1,1,1,-1,1,1,1,1,-1,-1,1,-1,-1,-1,1,-1,1,1,-1,-1,1,1,-1,1,-1,-1,-1,1,1,-1,1,1,-1,-1,-1,1,-1,1,1,-1,-1,-1,1,-1,-1,-1,-1,1,-1,1,-1,-1,-1,-1,-1,-1,1,-1,1,1,1,1,-1,1,-1,1,1,-1,-1,-1,1,-1,-1,1,-1,1,-1,-1,1,1,1,1,-1,-1,1,1,1,1,-1,1,-1,-1,1,1,1,-1,-1,-1,1,1,1,1,-1,1,-1,1,-1,1,-1,1,1,-1,-1,1,1,1,-1,-1,-1,-1,1,1,1,1,-1,-1,-1,1,1,1,1,-1,-1,-1,1,-1,1,-1,-1,-1,-1,1,1,1,1,-1,-1,1,1,1,1,1,-1,-1,-1,1,1,-1,1,-1,-1,-1,1,1,1,1,-1,-1,1,1,1,1,-1,-1,1,1,1,1,1,-1,-1,-1,1,1,1,1,1,-1,1,1,1,1,1,-1,-1,-1,1,-1,1,-1,-1,-1,-1,1,-1,1,1,-1,-1,-1,1,-1,1,1,-1,1,-1,1,1,1,1,-1,1,-1,1,-1,1,1,-1,-1,-1,1,1,-1,-1,-1,-1,-1,1,-1,1,-1,-1,-1,-1,-1,-1,-1,1,-1,-1,-1,1,-1,-1,1,-1,-1,-1,-1,-1,-1,1,-1,-1,-1,-1,-1,1,-1,-1,-1,1,-1,-1,1,-1,1,-1,-1,-1,-1,-1,-1,-1,1,-1,-1,-1,1,1,1,-1,-1,-1,1,-1,-1,-1,-1,1,-1,-1,1,1,1,-1,-1,-1,-1,1,-1,1,1,-1,1,-1,-1,1,1,-1,-1,-1,-1,-1,-1,1,1,-1,-1,1,-1,1,1,-1,-1,-1,1,-1,1,1,-1,-1,1,-1,-1,1,1,1,-1,1,-1,1,1,1,-1,-1,1,-1,-1,1,1,1,-1,1,-1,-1,1,1,-1,1,1,-1,-1,1,1,-1,1,1,-1,-1,1,1,-1,1,1,-1,-1,1,1,1,1,-1,1,-1,1,1,1,1,1,-1,-1,1,-1,1,1,1,1,-1,-1,1,-1,1,1,1,-1,1,1,1,1,-1,1,-1,1,1,1,1,1,1,1,-1,1,1,1,1,-1,1,-1,1,1,1,1,1,-1,1,1,1,1,-1,1,1,-1,1,1,-1,1,1,-1,-1,1,1,1,1,-1,1,-1,1,1,1,-1,-1,1,-1,1,1,1,-1,1,-1,-1,-1,1,1,-1,-1,1,-1,-1,1,1,-1,-1,1,-1,1,1,1,1,-1,1,-1,-1,1,1,-1,-1,-1,1,1,1,1,-1,1,1,-1,1,1,-1,-1,1,1,-1,-1,1,1,-1,1,1,1,1,1,-1,-1,-1,-1,1,-1,-1,-1,-1,-1,1,1,1,1,-1,1,1,-1,1,1,1,1,-1,1,-1,1,1,1,-1,-1,1,-1,1,1,1,-1,-1,1,-1,1,1,1,-1,-1,1,-1,1,1,1,1,-1,1,-1,1,1,1,1,-1,-1,1,-1,1,-1,1,-1,1,-1,1,1,-2668.0,1,2000,445,500,False
1409,1,1,-1,-1,1,1,-1,-1,1,1,1,-1,1,1,1,1,-1,1,-1,-1,-1,-1,1,1,1,-1,-1,-1,1,1,1,1,-1,-1,-1,-1,1,1,1,1,-1,-1,-1,1,1,1,1,-1,1,1,1,1,-1,1,-1,-1,1,-1,1,1,1,-1,-1,-1,1,1,1,1,-1,-1,-1,1,1,1,1,-1,-1,-1,1,1,1,-1,-1,-1,1,1,1,1,-1,-1,1,1,1,1,1,-1,-1,-1,1,-1,1,1,-1,-1,1,1,1,1,1,-1,-1,-1,1,-1,1,1,-1,-1,1,1,1,1,1,1,-1,-1,1,1,-1,1,1,-1,1,1,1,1,1,1,-1,1,1,1,1,1,1,-1,1,1,1,1,1,1,-1,-1,-1,1,1,1,1,-1,1,1,1,1,-1,1,-1,1,-1,1,1,1,-1,-1,1,1,1,1,1,-1,1,-1,-1,1,-1,1,-1,1,1,1,1,1,1,1,1,1,1,1,-1,1,-1,1,1,-1,1,-1,1,1,-1,1,-1,1,-1,1,1,1,1,-1,1,-1,1,-1,1,1,-1,-1,1,1,-1,-1,1,-1,1,-1,1,-1,-1,1,-1,1,-1,1,-1,1,1,-1,1,-1,1,-1,-1,1,-1,1,1,1,-1,1,1,-1,1,-1,1,-1,1,-1,1,-1,1,1,-1,1,-1,-1,-1,1,1,-1,1,-1,-1,-1,1,1,1,-1,1,1,-1,-1,1,1,-1,1,1,-1,1,1,1,1,-1,1,-1,1,1,1,-1,-1,1,-1,1,1,-1,1,1,1,-1,-1,1,-1,-1,-1,1,1,-1,1,1,1,-1,1,1,1,1,1,1,1,1,-1,1,1,1,-1,1,1,-1,1,1,1,-1,1,1,-1,-1,1,1,1,-1,1,-1,1,1,1,-1,1,1,-1,1,1,1,-1,1,1,-1,1,1,1,-1,1,1,-1,-1,1,1,-1,1,1,-1,1,-1,1,-1,1,1,1,-1,1,1,1,-1,1,1,-1,1,1,-1,1,1,1,-1,-1,-1,-1,1,1,1,-1,1,1,-1,1,1,-1,-1,1,1,1,1,1,-1,1,1,1,-1,1,1,1,-1,-1,1,1,1,-1,1,-1,1,1,1,1,1,1,-1,-1,-1,1,-1,-1,1,1,-1,1,1,-1,1,1,1,1,-1,1,-1,-1,1,-1,1,-1,1,1,1,1,1,1,-1,-1,1,-1,1,1,1,-1,1,1,1,-1,1,1,-1,-1,1,-1,1,1,1,-1,1,1,1,1,1,1,-1,1,-1,1,1,1,-1,-1,1,-1,1,1,1,-1,-1,1,-1,1,1,1,-1,-1,1,-1,-1,1,1,-1,-1,1,-1,1,1,1,1,-1,1,1,-1,1,1,1,-1,-1,1,1,1,1,-1,-1,1,-1,-1,1,-1,1,-1,-1,1,-1,1,-1,1,1,-1,1,-1,-1,1,1,1,-1,1,-1,1,-1,1,-1,1,-1,-1,-1,1,-1,-1,-1,1,1,-1,1,-1,1,1,1,-1,1,1,-1,-1,-1,1,-1,-1,1,-1,-1,1,1,1,-1,1,-1,-1,1,1,-1,-1,1,-1,-1,1,1,-1,-1,1,-1,-1,-1,1,1,-1,1,1,-1,-1,1,-1,-1,1,-1,1,-1,1,1,-1,-1,1,-1,-1,-1,-1,-1,1,1,1,-1,-1,1,-1,-1,1,-1,-1,1,-1,-1,-1,1,-1,-1,1,1,-1,1,1,-1,1,-1,1,-1,-1,1,1,-1,-1,-1,-1,1,1,-1,-1,1,-1,-1,-1,1,1,-1,-1,-1,-1,-1,1,-1,-1,-1,-1,-1,1,1,1,-1,-1,-1,-1,-1,1,1,-1,-1,-1,-1,-1,1,1,1,-1,-1,-1,-1,1,1,-1,-1,-1,-1,1,1,1,1,-1,-1,1,1,1,1,1,-1,-1,-1,1,1,1,1,1,-1,1,1,1,1,-1,1,-1,-1,1,-1,1,-1,1,-1,-1,1,-1,1,-1,-1,-1,-1,1,-1,1,-1,1,-1,-1,1,-1,1,-1,1,-1,-1,1,-1,1,-1,-1,-1,-1,1,1,-1,-1,-1,-1,-1,1,-1,1,-1,-1,-1,-1,-1,-1,-1,1,-1,-1,-1,1,-1,-1,1,-1,-1,-1,-1,-1,-1,1,-1,-1,-1,-1,-1,1,-1,-1,-1,1,-1,-1,1,-1,1,-1,-1,-1,-1,-1,-1,-1,1,-1,-1,-1,1,1,1,-1,-1,-1,1,-1,-1,-1,-1,1,-1,-1,1,-1,1,-1,-1,1,-1,1,-1,1,1,-1,1,-1,-1,1,1,-1,-1,-1,-1,-1,-1,1,1,-1,-1,1,-1,1,1,-1,-1,-1,-1,-1,-1,1,-1,-1,-1,1,-1,1,1,1,-1,-1,-1,1,1,1,-1,-1,1,-1,-1,1,1,1,-1,1,-1,-1,1,1,-1,1,-1,-1,-1,1,1,-1,1,1,1,-1,1,1,-1,1,1,1,-1,1,1,1,1,1,1,-1,-1,1,1,1,1,-1,-1,1,-1,1,1,1,1,-1,-1,1,-1,1,-1,1,-1,1,1,1,1,-1,1,-1,1,1,1,1,1,1,1,-1,1,1,1,1,-1,1,-1,1,1,1,1,1,-1,1,1,1,1,-1,1,1,-1,1,1,-1,1,1,-1,-1,1,1,1,1,-1,1,-1,1,1,1,-1,-1,1,-1,1,1,1,-1,1,-1,-1,-1,1,1,-1,-1,1,-1,-1,1,1,1,-1,1,-1,-1,1,1,1,-1,1,-1,-1,1,1,-1,-1,-1,1,-1,1,1,-1,1,1,-1,1,1,-1,-1,1,1,-1,-1,1,1,-1,1,1,-1,1,1,-1,-1,-1,-1,1,-1,-1,-1,-1,-1,1,-1,1,1,-1,1,1,-1,1,1,1,1,-1,1,-1,1,1,1,-1,-1,1,-1,-1,-1,1,-1,-1,1,-1,1,1,1,-1,-1,1,-1,1,1,1,1,-1,1,-1,-1,1,1,1,-1,-1,1,-1,1,1,1,-1,1,-1,-1,1,-2668.0,1,2000,445,500,False
1410,1,1,-1,-1,1,-1,-1,-1,1,1,1,-1,1,1,1,1,-1,1,-1,-1,1,1,1,1,1,-1,-1,-1,1,1,1,1,-1,-1,-1,-1,1,-1,1,1,-1,-1,-1,1,1,1,1,-1,1,1,1,1,-1,1,-1,-1,1,-1,1,1,1,-1,-1,1,1,1,1,1,-1,-1,1,1,1,1,1,-1,-1,-1,1,1,1,-1,-1,-1,1,1,1,1,-1,-1,-1,1,1,1,1,-1,-1,1,1,-1,1,1,-1,-1,1,1,1,1,1,-1,-1,1,1,1,1,1,-1,-1,1,1,1,1,1,1,-1,-1,1,1,-1,1,1,-1,1,1,1,1,1,1,-1,-1,1,1,1,1,1,-1,1,1,1,1,1,1,-1,-1,-1,1,1,1,1,-1,1,1,1,1,-1,1,-1,1,-1,1,1,1,-1,-1,1,1,1,1,1,-1,1,-1,-1,1,-1,1,-1,1,1,1,1,1,1,1,1,1,-1,1,-1,1,-1,1,1,-1,1,-1,1,1,-1,1,-1,1,-1,1,-1,1,1,-1,1,-1,1,1,1,1,-1,-1,1,1,-1,-1,1,-1,1,-1,-1,1,-1,1,-1,1,-1,1,-1,1,1,-1,-1,-1,1,1,-1,1,-1,1,1,1,-1,1,1,-1,1,-1,1,-1,1,-1,1,-1,1,1,-1,1,-1,-1,-1,1,1,-1,1,-1,-1,-1,1,1,-1,-1,1,1,-1,-1,1,1,-1,1,1,-1,1,1,1,1,-1,1,-1,1,1,-1,1,-1,1,1,1,1,1,1,1,1,-1,-1,1,-1,-1,1,1,1,-1,1,1,1,-1,1,1,1,1,1,1,1,1,-1,1,1,1,-1,-1,1,-1,1,1,1,-1,1,1,-1,-1,1,1,1,-1,1,-1,1,1,1,-1,1,1,-1,1,1,1,-1,1,1,-1,1,1,1,-1,1,1,1,-1,1,1,-1,1,1,-1,1,-1,1,-1,1,1,1,-1,1,1,1,1,1,1,-1,1,1,-1,1,1,1,-1,-1,-1,-1,1,1,1,-1,1,1,-1,1,1,-1,-1,1,1,1,1,1,-1,1,1,1,-1,1,1,1,1,-1,1,1,1,-1,1,-1,1,1,1,1,1,1,-1,-1,-1,1,-1,-1,1,-1,1,-1,1,1,1,1,1,-1,-1,1,-1,-1,1,-1,1,-1,1,1,1,1,1,1,-1,-1,1,-1,1,1,-1,-1,1,1,1,-1,1,-1,-1,-1,1,-1,1,1,-1,-1,1,1,1,1,-1,1,-1,1,-1,-1,1,-1,-1,-1,1,-1,1,1,-1,-1,-1,1,-1,1,1,1,-1,-1,1,-1,-1,1,-1,-1,-1,1,-1,1,1,1,-1,-1,1,1,-1,1,-1,-1,-1,-1,-1,1,1,-1,-1,-1,1,-1,-1,1,-1,-1,-1,-1,1,-1,1,-1,-1,-1,-1,1,-1,-1,1,1,1,-1,1,-1,1,-1,1,-1,1,-1,-1,-1,1,-1,-1,1,1,-1,1,1,-1,1,1,1,-1,1,1,-1,1,-1,1,-1,-1,1,-1,-1,1,1,-1,-1,1,-1,-1,1,1,1,-1,1,-1,-1,1,1,-1,-1,1,-1,-1,-1,1,1,-1,1,-1,-1,-1,1,-1,-1,1,-1,1,-1,1,1,-1,-1,1,-1,-1,-1,-1,-1,1,1,1,-1,-1,1,-1,-1,1,-1,-1,1,-1,-1,1,1,-1,-1,1,-1,-1,1,1,-1,1,-1,1,-1,-1,1,1,-1,-1,-1,-1,-1,1,-1,-1,1,-1,-1,-1,1,1,-1,-1,-1,-1,-1,1,-1,-1,-1,-1,-1,1,1,1,-1,-1,-1,-1,-1,1,1,-1,-1,-1,-1,-1,1,1,1,-1,-1,-1,-1,1,1,-1,-1,-1,-1,1,1,1,1,1,-1,1,1,1,1,1,1,-1,-1,1,1,1,-1,-1,-1,1,1,1,1,-1,1,-1,-1,1,-1,1,-1,1,-1,-1,1,-1,1,1,1,-1,-1,1,-1,1,-1,1,1,-1,1,-1,1,1,1,1,-1,1,-1,1,1,1,-1,-1,1,1,-1,1,1,-1,-1,1,-1,1,-1,1,-1,-1,-1,-1,-1,1,1,-1,-1,1,-1,-1,1,1,-1,-1,-1,-1,1,-1,1,-1,-1,-1,-1,-1,1,-1,-1,1,-1,-1,1,-1,1,-1,-1,-1,-1,-1,1,1,1,-1,-1,-1,1,1,1,-1,-1,1,-1,-1,-1,1,-1,1,-1,-1,1,1,1,-1,-1,-1,-1,1,-1,1,1,-1,1,-1,-1,1,1,-1,-1,-1,-1,-1,-1,1,1,-1,-1,1,-1,1,1,-1,-1,-1,1,-1,1,1,-1,-1,1,-1,-1,1,1,1,-1,1,-1,1,1,1,-1,-1,1,-1,-1,1,1,1,-1,1,-1,-1,1,1,-1,1,1,-1,-1,1,1,-1,1,1,-1,-1,1,1,-1,1,1,-1,-1,1,1,1,1,1,1,-1,-1,1,1,1,1,-1,-1,1,-1,1,1,1,1,-1,-1,1,-1,1,1,1,-1,1,1,1,1,-1,1,-1,1,1,1,1,1,1,1,-1,1,1,1,1,-1,1,-1,1,1,1,1,1,-1,1,1,1,1,-1,1,1,-1,1,1,-1,1,1,-1,-1,1,1,1,1,-1,1,-1,1,1,1,-1,-1,1,-1,1,1,1,-1,1,-1,-1,-1,1,1,-1,-1,1,-1,-1,1,1,-1,-1,1,-1,-1,1,1,1,-1,1,-1,-1,1,1,-1,-1,-1,1,-1,-1,1,-1,1,1,-1,1,1,-1,-1,1,-1,-1,-1,1,1,-1,1,1,-1,1,1,-1,-1,-1,-1,1,-1,-1,-1,-1,1,-1,-1,1,1,-1,1,1,-1,1,1,1,1,-1,1,-1,1,1,1,1,-1,1,-1,-1,1,1,1,-1,1,-1,1,1,1,1,-1,1,-1,1,1,-1,-1,-1,1,-1,-1,1,1,-1,-1,-1,1,-1,1,-1,1,-1,1,-1,-1,1,-2668.0,1,2000,445,500,False
1411,1,1,-1,-1,1,1,-1,-1,1,1,1,-1,1,1,1,1,-1,1,-1,-1,1,-1,1,1,1,-1,-1,-1,1,1,1,1,1,-1,-1,-1,1,-1,1,1,-1,-1,-1,1,1,1,1,-1,1,1,1,1,-1,1,-1,-1,1,-1,1,1,1,-1,-1,-1,1,1,1,1,-1,-1,-1,1,1,1,1,-1,-1,-1,1,1,1,-1,-1,-1,1,1,1,1,-1,-1,-1,1,1,1,1,-1,-1,1,1,-1,1,1,-1,-1,1,1,1,1,1,-1,-1,1,1,-1,1,1,-1,-1,1,1,1,1,1,1,-1,1,1,1,-1,1,1,-1,1,1,1,1,1,1,-1,-1,1,1,1,1,1,-1,1,1,1,1,1,1,-1,-1,-1,1,1,1,1,-1,1,1,1,1,-1,1,-1,1,1,1,1,1,-1,-1,1,1,1,1,1,-1,1,-1,-1,1,-1,1,-1,1,1,1,1,1,1,1,1,1,-1,1,-1,1,-1,1,1,-1,1,-1,1,1,-1,1,-1,1,-1,1,-1,1,1,-1,1,-1,1,1,1,1,-1,-1,1,1,-1,-1,1,-1,1,-1,-1,1,-1,1,-1,1,-1,1,-1,1,1,-1,-1,-1,1,-1,-1,1,-1,1,1,1,-1,1,1,-1,1,-1,1,-1,1,-1,1,-1,1,1,-1,1,-1,-1,-1,1,1,-1,1,-1,-1,-1,1,1,-1,-1,1,1,-1,-1,1,-1,-1,1,1,-1,1,1,1,-1,-1,1,-1,1,1,-1,1,-1,1,1,-1,1,-1,-1,-1,1,-1,-1,1,-1,-1,-1,1,1,-1,1,1,1,-1,1,-1,-1,1,1,1,-1,1,-1,1,1,-1,1,-1,1,-1,1,1,1,-1,1,1,-1,-1,1,1,-1,-1,1,-1,1,1,1,1,1,1,-1,1,1,1,1,1,-1,-1,1,1,1,1,1,-1,-1,-1,1,1,1,1,-1,-1,1,-1,1,-1,1,1,-1,-1,1,1,1,1,1,-1,-1,1,1,1,-1,-1,-1,-1,-1,-1,-1,1,1,-1,-1,1,1,-1,1,-1,-1,-1,1,1,1,1,-1,-1,1,1,1,-1,1,-1,-1,-1,-1,1,1,1,1,-1,-1,1,-1,1,1,-1,-1,1,-1,-1,1,-1,1,-1,-1,1,-1,1,1,-1,-1,1,1,-1,1,-1,1,-1,-1,1,-1,1,1,-1,-1,-1,1,-1,-1,1,1,-1,-1,1,-1,1,1,-1,1,-1,1,-1,1,1,1,-1,-1,1,-1,1,1,-1,-1,1,1,-1,1,-1,1,-1,1,-1,1,1,-1,1,-1,1,-1,-1,1,-1,-1,-1,1,-1,-1,1,1,1,-1,1,-1,-1,1,-1,-1,1,-1,1,-1,-1,1,1,-1,1,1,-1,-1,1,1,-1,1,-1,-1,-1,1,1,1,1,1,-1,-1,1,1,-1,1,1,1,-1,1,1,1,-1,1,1,-1,1,1,1,1,1,1,1,-1,-1,-1,1,-1,1,1,1,1,-1,1,-1,1,-1,-1,-1,1,1,-1,1,1,-1,-1,1,1,-1,1,1,-1,1,-1,1,-1,-1,-1,-1,-1,-1,1,-1,-1,-1,-1,-1,-1,1,-1,1,1,1,1,-1,1,-1,1,1,-1,-1,-1,1,-1,-1,1,-1,1,-1,-1,1,1,1,1,-1,-1,-1,1,1,1,-1,1,-1,1,1,1,1,-1,-1,-1,1,1,1,1,-1,1,-1,1,-1,1,-1,1,1,-1,-1,1,1,1,-1,-1,-1,1,1,1,1,1,-1,-1,-1,1,1,1,1,-1,-1,-1,1,1,1,-1,-1,-1,1,1,1,1,1,-1,-1,-1,1,1,1,1,-1,-1,-1,1,1,-1,1,-1,-1,-1,1,1,1,1,-1,-1,1,1,1,1,-1,-1,1,1,-1,1,1,-1,-1,-1,1,1,1,1,1,-1,1,1,1,1,1,-1,-1,-1,1,-1,1,-1,-1,-1,-1,1,-1,1,1,1,-1,-1,1,-1,1,1,-1,1,-1,1,1,1,1,-1,1,-1,1,-1,1,1,-1,-1,-1,1,1,-1,-1,-1,-1,-1,1,-1,1,-1,-1,-1,-1,-1,-1,-1,1,-1,-1,-1,1,-1,-1,1,-1,-1,-1,-1,-1,-1,1,-1,-1,-1,-1,-1,1,-1,-1,-1,1,-1,-1,1,-1,1,-1,-1,-1,-1,-1,-1,-1,1,-1,-1,-1,1,1,1,-1,-1,1,1,-1,-1,-1,-1,1,-1,-1,1,1,1,-1,-1,-1,-1,1,-1,1,1,-1,1,-1,-1,1,1,-1,-1,-1,-1,-1,-1,1,1,-1,-1,1,-1,1,1,-1,-1,-1,-1,-1,1,1,-1,-1,1,1,-1,1,1,1,-1,1,-1,1,1,1,-1,-1,1,-1,-1,1,1,1,-1,1,-1,-1,1,1,-1,1,1,1,-1,1,1,-1,1,1,1,-1,1,1,1,1,1,1,-1,1,1,1,1,1,1,-1,1,1,1,1,1,1,-1,1,-1,1,1,1,1,-1,-1,1,-1,1,1,1,-1,1,1,1,1,-1,1,-1,1,1,1,1,1,1,-1,-1,1,1,1,1,1,1,-1,1,1,1,1,-1,1,-1,1,1,1,-1,-1,1,-1,1,1,-1,1,-1,-1,-1,1,1,1,-1,1,-1,-1,1,1,1,-1,-1,-1,-1,1,1,1,-1,-1,-1,-1,-1,1,1,-1,1,-1,-1,1,1,1,-1,1,-1,1,-1,1,1,1,1,1,-1,-1,1,1,-1,-1,1,1,-1,1,1,-1,1,-1,-1,1,1,-1,-1,1,-1,-1,-1,1,1,-1,1,1,-1,1,1,-1,-1,1,-1,1,-1,-1,-1,-1,1,-1,-1,1,1,-1,1,1,-1,1,1,1,1,-1,1,-1,1,1,1,1,-1,1,-1,-1,1,1,1,-1,1,-1,1,-1,1,1,-1,1,-1,1,1,-1,-1,-1,1,-1,-1,1,1,-1,-1,-1,1,-1,1,-1,1,-1,1,-1,-1,1,-2668.0,1,2000,445,0,False
1412,1,1,-1,-1,1,-1,-1,-1,1,1,1,-1,1,1,1,1,-1,1,-1,-1,-1,-1,1,1,1,-1,-1,-1,1,1,1,1,1,-1,-1,-1,1,1,1,-1,-1,-1,-1,1,1,1,1,-1,1,1,1,1,-1,1,-1,-1,1,-1,1,1,1,-1,-1,-1,1,1,1,1,-1,-1,-1,1,1,1,1,-1,-1,-1,1,1,1,-1,-1,-1,1,1,1,1,-1,-1,-1,1,1,1,1,-1,-1,1,1,-1,1,1,-1,-1,1,1,1,1,1,-1,-1,1,1,1,1,1,-1,-1,1,1,1,1,1,1,-1,-1,1,1,-1,1,1,-1,1,1,1,1,1,1,-1,-1,1,1,1,1,1,-1,1,1,1,1,1,1,-1,-1,-1,1,1,1,1,-1,1,1,1,1,-1,1,-1,1,-1,1,1,1,-1,-1,1,1,1,1,1,-1,1,-1,-1,1,-1,1,-1,1,1,1,1,1,1,1,1,1,-1,1,-1,1,-1,1,1,-1,1,-1,1,1,-1,1,-1,1,-1,1,-1,1,1,-1,1,-1,1,1,1,1,-1,-1,1,1,-1,-1,1,-1,1,-1,-1,1,-1,1,-1,1,-1,1,-1,1,1,-1,1,-1,1,-1,-1,1,-1,1,1,1,-1,1,1,-1,1,-1,1,-1,1,-1,1,-1,1,1,-1,1,-1,-1,-1,1,1,-1,1,-1,-1,-1,1,1,-1,-1,1,1,-1,-1,1,-1,-1,1,1,-1,1,1,1,-1,-1,1,-1,1,1,-1,1,-1,1,1,-1,1,-1,-1,-1,1,-1,-1,1,-1,1,-1,1,1,-1,1,1,1,-1,1,-1,-1,1,1,-1,-1,1,-1,1,1,-1,1,-1,1,-1,1,1,1,-1,1,1,-1,-1,1,1,-1,-1,1,-1,1,1,1,1,1,1,-1,1,1,1,1,1,-1,-1,1,1,1,1,1,-1,-1,-1,1,1,1,1,-1,-1,1,-1,1,-1,1,1,-1,-1,1,1,1,1,1,-1,-1,1,1,1,1,-1,-1,-1,-1,-1,-1,1,1,-1,-1,1,1,-1,1,-1,-1,-1,1,1,1,1,1,-1,1,1,1,-1,1,-1,-1,-1,-1,1,1,1,1,-1,-1,1,-1,1,1,-1,-1,1,-1,-1,1,-1,1,-1,-1,1,-1,-1,1,-1,-1,1,1,-1,1,-1,1,-1,-1,1,-1,1,-1,-1,-1,-1,1,-1,-1,1,1,-1,-1,1,-1,1,1,-1,1,-1,1,-1,1,-1,1,-1,-1,1,-1,1,-1,-1,-1,1,1,-1,1,-1,1,-1,1,-1,1,1,-1,1,-1,1,-1,1,1,-1,-1,-1,1,-1,1,-1,-1,1,-1,1,-1,-1,1,-1,-1,1,-1,1,-1,1,-1,1,-1,1,1,-1,1,-1,1,-1,1,-1,-1,1,-1,1,1,1,1,-1,-1,1,1,-1,1,1,1,-1,1,1,1,-1,1,1,-1,1,1,1,1,-1,-1,1,-1,-1,-1,1,-1,1,1,1,1,-1,1,-1,1,-1,-1,-1,1,1,-1,1,1,-1,-1,-1,1,-1,1,1,-1,1,-1,1,-1,-1,-1,-1,-1,-1,1,-1,-1,-1,-1,-1,-1,1,-1,1,1,1,1,-1,1,-1,1,1,-1,-1,-1,1,-1,-1,1,-1,1,-1,-1,1,1,1,1,-1,-1,1,1,1,1,-1,1,-1,-1,1,1,1,-1,-1,-1,-1,1,1,1,-1,-1,-1,1,-1,1,-1,1,1,-1,-1,1,1,1,-1,-1,-1,-1,1,1,1,1,-1,-1,-1,1,1,1,1,-1,-1,-1,1,1,1,-1,-1,-1,1,1,1,1,1,-1,-1,-1,1,1,1,1,-1,-1,-1,1,1,-1,1,-1,-1,-1,1,1,1,1,-1,-1,1,1,1,1,-1,-1,1,1,-1,1,1,-1,-1,-1,1,1,1,1,1,-1,1,1,1,1,1,-1,-1,-1,1,-1,1,-1,-1,-1,-1,1,-1,1,1,-1,-1,-1,1,-1,1,1,-1,-1,-1,1,1,1,1,-1,-1,-1,1,-1,1,1,-1,-1,-1,1,1,-1,-1,-1,-1,-1,1,-1,1,-1,-1,-1,-1,-1,-1,-1,1,-1,-1,-1,1,-1,-1,1,-1,-1,-1,-1,-1,1,1,-1,-1,-1,-1,-1,1,-1,-1,-1,1,-1,-1,1,-1,1,-1,-1,-1,-1,-1,-1,-1,1,-1,-1,-1,1,1,1,-1,-1,1,-1,-1,-1,-1,-1,1,-1,-1,1,1,1,-1,-1,-1,-1,1,-1,1,1,-1,1,-1,-1,1,1,-1,-1,-1,-1,-1,-1,1,1,-1,-1,1,-1,1,1,-1,-1,-1,1,-1,1,1,-1,-1,1,1,-1,1,1,1,-1,1,-1,1,1,1,-1,-1,1,-1,-1,1,1,1,-1,1,-1,-1,1,1,-1,1,1,1,-1,1,1,1,1,1,1,-1,1,-1,-1,1,1,1,-1,1,1,1,1,1,1,-1,1,1,1,1,1,1,-1,1,-1,1,1,1,1,-1,-1,1,-1,1,1,1,-1,1,1,1,1,-1,1,-1,1,1,1,1,1,1,-1,-1,-1,1,1,1,-1,1,-1,1,1,1,1,-1,1,-1,1,1,1,-1,-1,1,-1,-1,1,-1,1,-1,-1,-1,1,1,1,-1,1,-1,-1,1,1,1,-1,-1,-1,-1,1,1,1,-1,-1,-1,-1,-1,1,1,-1,1,-1,-1,-1,1,1,-1,1,-1,-1,1,1,1,1,1,1,-1,-1,1,1,-1,-1,1,1,1,-1,1,-1,1,-1,-1,1,1,-1,-1,1,-1,-1,-1,1,1,-1,1,-1,1,1,1,-1,-1,-1,-1,1,-1,-1,-1,-1,1,-1,1,1,1,-1,1,1,-1,1,1,1,1,-1,1,-1,1,1,1,1,-1,1,-1,1,1,1,1,-1,1,-1,1,1,1,1,-1,1,-1,1,1,1,-1,-1,1,-1,-1,1,1,-1,-1,-1,1,-1,1,-1,1,-1,1,-1,-1,1,-2668.0,1,2000,445,500,False
1413,1,1,-1,-1,1,1,-1,-1,1,1,1,-1,1,1,1,1,-1,1,-1,-1,1,-1,1,1,1,-1,-1,-1,1,1,1,1,-1,-1,-1,-1,1,-1,1,1,-1,-1,-1,1,1,1,1,-1,1,1,1,1,-1,1,-1,-1,1,-1,1,1,1,-1,-1,-1,1,1,1,1,-1,-1,-1,1,1,1,1,-1,-1,-1,1,1,1,-1,-1,-1,1,1,1,1,-1,-1,-1,1,1,1,1,-1,-1,1,1,-1,1,1,-1,-1,1,1,1,1,1,-1,-1,1,1,1,1,1,-1,-1,1,1,1,1,1,1,-1,-1,1,1,-1,1,1,-1,1,1,1,1,1,1,-1,-1,1,1,1,1,1,-1,1,1,1,1,1,1,-1,-1,-1,1,1,1,1,-1,1,1,1,1,-1,1,-1,1,-1,1,1,1,-1,-1,1,1,1,1,1,-1,1,-1,-1,1,-1,1,-1,1,1,1,1,1,1,1,1,1,-1,1,-1,1,-1,1,1,-1,1,-1,1,1,-1,1,-1,1,-1,1,-1,1,1,-1,1,-1,1,1,1,1,-1,-1,1,1,-1,-1,1,-1,1,-1,-1,1,-1,1,-1,1,-1,1,-1,1,1,-1,-1,-1,1,1,-1,1,-1,1,1,1,-1,1,1,-1,1,-1,1,-1,1,-1,1,-1,1,1,-1,1,-1,-1,-1,1,1,-1,1,-1,-1,-1,1,1,-1,-1,1,1,-1,-1,1,1,-1,1,1,-1,1,1,1,1,-1,1,-1,1,1,-1,1,-1,1,1,1,1,1,1,1,1,-1,-1,1,-1,-1,1,1,1,-1,1,1,1,-1,1,1,1,1,1,1,1,1,-1,1,1,1,-1,-1,1,-1,1,1,1,-1,1,1,-1,-1,1,1,1,-1,1,-1,1,1,1,-1,1,1,-1,1,1,1,-1,1,1,-1,1,1,1,-1,1,1,1,-1,1,1,-1,1,1,-1,1,-1,1,-1,1,1,1,-1,1,1,1,-1,1,1,-1,1,1,-1,1,1,1,-1,-1,-1,-1,1,1,1,-1,1,1,-1,1,1,1,-1,1,1,1,1,1,-1,1,1,1,-1,1,1,1,1,-1,1,1,1,-1,1,-1,1,1,1,1,1,1,-1,-1,-1,1,-1,-1,1,1,-1,1,1,1,1,1,1,1,-1,1,-1,-1,1,-1,1,-1,1,1,1,1,1,1,-1,-1,1,-1,1,1,1,-1,1,1,1,-1,1,1,-1,-1,1,-1,1,1,1,-1,1,1,1,1,1,1,-1,1,-1,-1,1,1,1,-1,1,-1,1,1,1,-1,-1,1,-1,1,1,1,-1,-1,1,-1,-1,1,1,-1,-1,1,-1,1,1,1,1,-1,1,1,-1,1,1,1,-1,-1,1,-1,1,1,-1,-1,1,1,-1,1,-1,1,-1,-1,1,-1,1,-1,1,-1,-1,1,-1,-1,1,1,1,-1,1,-1,1,-1,-1,-1,1,-1,-1,-1,1,-1,-1,-1,1,1,-1,1,-1,1,1,1,-1,1,1,-1,-1,-1,1,-1,-1,1,-1,-1,1,1,1,-1,1,-1,-1,1,1,-1,-1,1,-1,-1,1,1,-1,-1,1,-1,-1,-1,1,1,-1,1,-1,-1,-1,1,-1,-1,1,-1,1,-1,1,1,-1,-1,1,-1,-1,-1,-1,-1,1,1,1,-1,-1,1,-1,-1,1,-1,-1,1,-1,-1,1,1,-1,-1,1,-1,-1,1,1,-1,1,-1,1,-1,-1,1,1,-1,-1,-1,-1,-1,1,-1,-1,1,-1,-1,-1,1,1,-1,-1,-1,-1,-1,1,-1,-1,-1,-1,-1,1,1,1,-1,-1,-1,-1,-1,1,1,-1,-1,-1,-1,-1,1,1,1,-1,-1,-1,-1,1,1,-1,-1,-1,-1,1,1,1,1,-1,-1,1,1,1,1,-1,-1,-1,-1,1,1,-1,1,1,-1,1,1,1,1,-1,1,-1,-1,1,-1,1,-1,1,-1,-1,1,-1,1,-1,-1,-1,-1,1,-1,1,-1,1,1,-1,1,-1,1,-1,1,1,-1,1,-1,1,-1,-1,-1,-1,1,1,-1,-1,-1,-1,-1,1,-1,1,-1,-1,-1,-1,-1,-1,-1,1,-1,-1,-1,1,-1,-1,1,-1,-1,-1,-1,-1,1,1,-1,-1,-1,-1,-1,1,-1,-1,-1,1,-1,-1,1,-1,1,-1,-1,-1,-1,-1,-1,-1,1,-1,-1,-1,1,1,-1,-1,-1,1,-1,-1,-1,-1,-1,1,-1,-1,1,-1,1,-1,-1,-1,-1,1,-1,1,1,-1,1,-1,-1,1,1,-1,-1,-1,-1,-1,-1,1,1,-1,-1,1,-1,1,1,-1,-1,-1,1,-1,-1,1,-1,-1,1,-1,-1,1,1,1,-1,1,-1,1,1,1,-1,-1,1,-1,-1,1,1,1,-1,1,-1,-1,1,1,-1,1,1,-1,-1,1,1,-1,1,1,-1,-1,1,1,-1,1,1,-1,-1,1,1,1,1,1,1,-1,-1,1,1,-1,1,-1,-1,1,-1,1,1,1,1,-1,-1,1,-1,1,1,1,-1,1,1,1,1,-1,1,-1,1,1,1,1,1,1,1,-1,1,1,1,1,-1,1,-1,1,1,1,1,1,-1,1,1,1,1,-1,1,1,-1,1,1,-1,1,1,-1,-1,1,1,1,1,-1,1,-1,1,1,1,-1,-1,1,-1,1,1,1,-1,1,-1,-1,-1,1,1,-1,-1,1,-1,-1,1,1,-1,-1,1,-1,-1,1,1,1,1,-1,-1,-1,1,1,-1,-1,-1,1,-1,1,1,-1,1,1,-1,1,1,-1,-1,1,-1,-1,-1,1,1,-1,1,1,-1,1,1,-1,-1,1,-1,1,-1,-1,-1,-1,1,-1,-1,1,1,-1,1,1,-1,1,1,1,1,-1,1,-1,1,1,1,1,-1,1,-1,-1,-1,1,1,-1,1,-1,1,1,1,1,-1,1,-1,1,1,-1,-1,-1,1,-1,-1,1,1,-1,-1,-1,1,-1,1,-1,1,-1,1,-1,-1,1,-2668.0,1,2000,445,500,False
1414,1,1,-1,-1,1,1,-1,-1,1,1,1,-1,1,1,1,1,-1,1,-1,-1,-1,-1,1,1,1,-1,1,-1,1,1,1,1,-1,-1,-1,-1,1,-1,1,1,-1,-1,-1,1,1,1,1,-1,1,1,1,1,-1,1,-1,-1,1,-1,1,1,1,-1,-1,-1,1,1,1,1,-1,-1,-1,1,1,1,1,-1,-1,-1,1,1,1,-1,-1,-1,1,1,1,1,-1,-1,-1,1,1,1,1,-1,-1,1,1,-1,1,1,-1,-1,1,1,1,1,1,-1,-1,-1,1,1,1,1,-1,-1,1,1,1,1,1,1,-1,-1,1,1,-1,1,1,-1,1,1,1,1,1,1,-1,1,1,1,1,1,1,-1,1,1,1,1,1,1,-1,-1,-1,1,1,1,1,-1,1,1,1,1,-1,1,-1,1,-1,1,1,1,-1,-1,1,1,1,1,1,-1,1,-1,-1,1,1,1,-1,1,1,1,1,-1,1,1,1,1,-1,1,-1,1,-1,1,1,-1,1,-1,1,1,-1,1,-1,1,-1,1,-1,1,1,-1,1,-1,1,1,1,1,-1,-1,1,1,-1,-1,1,-1,1,-1,1,1,-1,1,-1,1,-1,1,-1,-1,1,-1,1,-1,1,1,-1,1,-1,1,1,1,-1,1,-1,-1,1,-1,1,-1,1,1,1,-1,1,1,-1,1,-1,-1,-1,-1,1,-1,1,-1,-1,-1,-1,1,-1,-1,1,1,-1,1,1,1,-1,1,1,-1,1,1,1,1,-1,1,-1,1,1,-1,1,-1,1,-1,1,-1,1,1,1,1,-1,-1,1,-1,-1,-1,1,1,-1,1,1,1,-1,1,1,1,1,1,1,1,1,-1,1,1,1,-1,1,1,-1,1,1,1,-1,1,1,-1,-1,1,1,1,-1,1,-1,1,1,1,-1,1,1,-1,1,1,1,-1,1,1,-1,1,1,1,-1,1,1,-1,-1,1,1,-1,1,1,-1,1,-1,1,-1,1,1,1,-1,1,1,1,-1,1,1,-1,1,1,-1,1,1,1,-1,-1,-1,-1,1,1,1,-1,1,1,-1,1,1,-1,-1,1,1,1,1,1,-1,1,1,1,-1,1,1,1,-1,-1,1,1,-1,-1,1,-1,1,-1,1,-1,1,1,-1,-1,-1,1,-1,-1,1,1,-1,1,1,-1,1,1,1,1,-1,1,-1,-1,1,-1,1,-1,1,-1,-1,1,1,1,-1,-1,1,-1,1,1,1,-1,1,1,1,-1,1,1,-1,1,-1,-1,1,1,1,-1,1,-1,1,1,1,1,-1,1,-1,-1,1,1,-1,1,1,1,-1,1,1,-1,-1,1,-1,1,1,1,-1,1,-1,1,-1,1,1,-1,-1,1,-1,1,1,1,1,-1,1,-1,-1,-1,1,1,-1,-1,-1,1,-1,1,-1,-1,1,-1,-1,1,-1,1,-1,-1,1,-1,1,-1,1,1,-1,1,-1,-1,1,1,1,-1,1,-1,1,-1,-1,-1,1,-1,-1,-1,1,-1,-1,1,1,1,-1,1,-1,1,1,1,-1,1,1,-1,-1,-1,1,-1,-1,1,-1,-1,1,1,1,-1,1,-1,-1,1,1,-1,-1,1,-1,-1,1,1,-1,-1,1,-1,-1,-1,1,1,-1,1,1,-1,-1,1,-1,-1,1,-1,1,-1,1,1,-1,-1,1,-1,-1,-1,-1,-1,1,1,1,-1,1,1,-1,-1,1,-1,-1,-1,-1,-1,-1,1,-1,-1,-1,-1,-1,1,1,-1,1,1,-1,-1,-1,1,1,-1,-1,-1,-1,-1,1,-1,-1,1,-1,-1,-1,1,1,-1,-1,-1,-1,-1,1,-1,-1,1,-1,-1,1,1,1,-1,1,-1,-1,-1,1,1,-1,-1,-1,-1,-1,1,1,1,-1,-1,-1,-1,1,1,-1,-1,-1,-1,1,-1,1,1,-1,-1,1,1,-1,1,1,-1,-1,-1,1,1,1,-1,1,-1,1,1,1,1,-1,1,-1,-1,1,-1,1,-1,1,-1,-1,1,-1,1,-1,-1,-1,-1,1,-1,1,-1,1,1,-1,1,-1,1,-1,1,1,1,-1,-1,1,-1,-1,-1,-1,1,-1,-1,-1,-1,-1,-1,1,-1,1,-1,-1,-1,-1,1,1,-1,1,-1,-1,-1,1,1,-1,1,-1,-1,-1,-1,-1,1,1,-1,-1,-1,-1,-1,1,-1,-1,-1,1,-1,-1,1,-1,1,-1,-1,-1,-1,-1,-1,-1,1,-1,-1,-1,1,1,-1,-1,-1,-1,1,-1,-1,-1,-1,1,-1,-1,1,-1,1,-1,-1,-1,-1,1,-1,1,1,-1,1,-1,-1,1,1,-1,-1,-1,-1,-1,-1,1,1,-1,-1,1,-1,1,1,-1,-1,-1,1,-1,1,1,-1,-1,1,-1,-1,1,1,1,-1,1,-1,1,1,1,-1,-1,1,-1,-1,1,1,1,-1,1,-1,-1,1,1,-1,1,1,-1,-1,1,1,1,1,1,-1,-1,1,1,-1,1,1,-1,-1,1,1,1,1,-1,1,-1,1,1,1,-1,1,-1,-1,1,-1,1,1,1,1,-1,-1,1,-1,1,1,1,-1,1,1,1,1,-1,1,-1,1,1,1,1,1,1,1,-1,-1,1,1,1,-1,1,-1,1,1,1,1,1,-1,1,1,1,1,-1,1,1,-1,1,1,-1,1,1,-1,-1,1,1,1,1,-1,1,-1,1,1,1,-1,-1,1,-1,1,1,1,-1,1,-1,-1,-1,1,1,-1,-1,1,-1,-1,1,1,-1,-1,1,-1,1,-1,1,1,-1,1,-1,-1,1,1,-1,-1,-1,1,1,-1,1,-1,1,1,-1,1,1,-1,-1,1,1,-1,-1,1,1,-1,1,1,1,1,1,-1,-1,-1,-1,-1,-1,-1,-1,-1,-1,1,1,1,1,-1,1,1,-1,1,1,1,1,-1,1,-1,1,1,1,-1,-1,1,-1,1,1,1,-1,1,1,-1,1,1,1,-1,-1,1,-1,1,-1,1,1,-1,1,-1,1,1,1,-1,-1,1,1,-1,1,1,1,-1,1,-1,1,1,-2668.0,1,2000,445,500,False
1415,1,1,-1,-1,1,-1,-1,-1,1,1,1,-1,1,1,1,1,-1,1,-1,-1,-1,-1,1,1,1,-1,1,-1,1,1,1,1,-1,-1,-1,-1,1,-1,1,1,-1,-1,-1,1,1,1,1,-1,1,1,1,1,-1,1,-1,-1,1,-1,1,1,1,-1,-1,-1,1,1,1,1,-1,-1,-1,1,1,1,1,-1,-1,-1,1,1,1,-1,-1,-1,1,1,1,1,-1,-1,1,1,1,1,1,-1,-1,-1,1,-1,1,1,-1,-1,1,1,1,1,1,-1,-1,-1,1,1,1,1,-1,-1,1,1,1,1,1,1,-1,-1,1,1,-1,1,1,-1,1,1,1,1,1,1,-1,1,1,1,1,1,1,-1,1,1,1,1,1,1,-1,-1,-1,1,1,1,1,-1,1,1,1,1,-1,1,-1,1,-1,1,1,1,-1,-1,1,1,1,1,1,-1,1,-1,-1,1,-1,1,-1,1,1,1,1,1,1,1,1,1,-1,1,-1,1,-1,1,1,-1,1,-1,1,1,-1,1,-1,1,-1,1,-1,1,1,-1,-1,-1,1,1,1,1,-1,-1,1,1,-1,-1,1,-1,1,-1,-1,1,-1,1,-1,1,-1,1,-1,1,1,-1,-1,-1,1,1,-1,1,-1,1,1,1,-1,1,1,-1,1,-1,1,-1,1,-1,1,-1,1,1,-1,1,-1,-1,-1,1,1,-1,1,-1,-1,-1,1,1,-1,-1,1,1,-1,-1,1,1,-1,1,1,-1,1,1,1,1,-1,1,-1,1,1,-1,1,-1,1,1,-1,1,1,1,1,1,-1,-1,1,-1,-1,-1,1,1,-1,1,1,1,-1,1,-1,-1,1,1,1,-1,1,-1,1,1,1,-1,-1,1,-1,1,1,1,-1,1,1,-1,-1,1,1,1,-1,1,-1,1,1,1,-1,1,1,-1,1,1,1,-1,1,-1,-1,1,1,1,-1,1,-1,-1,-1,1,1,-1,1,-1,-1,1,-1,1,-1,1,1,-1,-1,1,1,1,-1,1,-1,-1,1,1,-1,1,-1,-1,-1,-1,-1,-1,1,-1,-1,-1,1,1,-1,1,-1,-1,-1,1,1,1,1,-1,-1,1,1,1,-1,1,-1,-1,-1,-1,1,1,1,1,-1,-1,1,1,1,1,-1,-1,-1,-1,-1,1,-1,1,-1,1,-1,1,1,-1,-1,-1,1,1,-1,1,-1,1,-1,-1,1,-1,1,1,-1,-1,-1,1,-1,-1,1,1,-1,-1,1,-1,1,1,-1,1,-1,1,-1,-1,1,1,-1,1,1,-1,1,1,-1,-1,1,1,-1,1,-1,1,-1,1,-1,-1,1,-1,1,-1,1,-1,-1,1,-1,-1,-1,1,-1,-1,1,1,1,-1,1,-1,-1,1,-1,-1,1,-1,1,-1,1,-1,1,-1,1,1,-1,-1,-1,1,-1,1,-1,-1,1,-1,1,1,1,1,-1,-1,1,1,-1,1,1,-1,-1,1,1,1,1,1,1,-1,1,1,1,-1,-1,1,1,-1,-1,-1,1,-1,1,1,-1,1,-1,1,-1,1,-1,-1,-1,1,1,-1,1,1,-1,-1,-1,1,-1,1,1,-1,1,-1,1,-1,-1,-1,-1,-1,-1,1,-1,-1,-1,-1,-1,-1,1,-1,1,1,1,1,-1,1,-1,1,1,-1,-1,-1,1,-1,-1,1,-1,1,-1,-1,1,1,1,1,-1,-1,1,1,1,1,-1,1,-1,-1,1,1,1,-1,-1,-1,1,1,1,1,-1,-1,-1,1,-1,1,-1,1,-1,-1,-1,1,1,1,-1,-1,-1,1,1,1,1,1,-1,-1,-1,1,1,1,1,-1,-1,-1,1,1,1,-1,-1,-1,-1,1,1,1,1,-1,-1,1,1,1,1,1,-1,-1,-1,1,1,-1,1,-1,-1,-1,1,1,1,1,-1,-1,1,1,1,1,1,-1,1,1,-1,1,1,-1,-1,-1,1,1,1,1,1,-1,1,1,1,1,1,1,-1,-1,1,-1,1,-1,-1,-1,-1,1,-1,1,1,-1,-1,-1,1,-1,1,1,-1,1,-1,1,1,1,-1,1,1,-1,1,-1,1,-1,-1,-1,-1,1,1,-1,-1,-1,-1,-1,1,-1,1,-1,-1,-1,-1,-1,-1,-1,1,-1,-1,-1,1,-1,-1,1,-1,-1,-1,-1,-1,-1,1,-1,-1,-1,-1,-1,1,-1,-1,-1,1,-1,-1,1,-1,1,-1,-1,-1,-1,-1,-1,-1,1,-1,-1,-1,1,1,1,-1,-1,1,-1,-1,-1,-1,-1,1,-1,-1,1,-1,1,-1,-1,-1,-1,1,-1,1,1,-1,1,-1,-1,1,1,-1,-1,-1,-1,-1,-1,1,1,-1,-1,1,-1,1,1,-1,-1,-1,1,-1,1,1,-1,-1,1,-1,-1,1,1,1,-1,1,-1,1,1,1,-1,-1,1,-1,-1,1,1,1,-1,1,-1,-1,1,1,-1,1,1,-1,-1,1,1,-1,1,1,-1,-1,1,1,-1,1,1,-1,-1,1,1,1,1,1,1,-1,-1,1,1,-1,1,-1,-1,1,-1,1,1,1,1,-1,-1,1,-1,1,1,1,-1,1,1,1,1,-1,1,-1,1,1,1,1,1,1,1,-1,1,1,1,1,-1,1,-1,1,1,1,1,1,-1,1,1,1,1,-1,1,1,-1,1,1,-1,1,1,-1,-1,1,1,1,1,-1,1,-1,1,1,1,-1,-1,1,-1,1,1,1,-1,1,-1,-1,-1,1,1,-1,-1,1,-1,-1,1,1,1,-1,1,-1,-1,1,1,1,-1,1,-1,-1,1,1,-1,-1,-1,1,-1,-1,1,-1,1,1,-1,1,1,-1,-1,1,1,-1,-1,1,1,-1,1,1,-1,1,1,-1,-1,-1,-1,1,-1,-1,-1,-1,1,-1,-1,1,1,-1,1,1,-1,1,1,1,1,-1,1,-1,1,1,1,-1,-1,1,-1,-1,1,1,-1,-1,1,-1,1,1,1,-1,-1,1,-1,1,1,1,1,-1,1,-1,-1,1,1,1,-1,-1,1,-1,1,1,1,-1,1,-1,-1,1,-2668.0,1,2000,445,500,False
1416,1,1,-1,-1,1,1,-1,-1,1,1,1,-1,1,1,1,1,-1,1,-1,-1,-1,-1,1,1,1,-1,1,-1,1,1,1,1,-1,-1,-1,-1,1,-1,1,1,-1,-1,-1,1,1,1,1,-1,1,1,1,1,-1,1,-1,-1,1,-1,1,1,1,-1,-1,-1,1,1,1,1,-1,-1,-1,1,1,1,1,-1,-1,-1,1,1,1,-1,-1,-1,1,1,1,1,-1,-1,-1,1,1,1,1,-1,-1,1,1,-1,1,1,-1,-1,1,1,1,1,1,-1,-1,-1,1,1,1,1,-1,-1,1,1,1,1,1,1,-1,-1,1,1,-1,1,1,-1,1,1,1,1,1,1,-1,1,1,1,1,1,1,-1,1,1,1,1,1,1,-1,-1,-1,1,1,1,1,-1,1,1,1,1,-1,1,-1,1,-1,1,1,1,-1,-1,1,1,1,1,1,-1,1,-1,-1,1,-1,1,-1,1,1,1,1,1,1,1,1,1,1,1,-1,1,-1,1,1,-1,1,-1,1,1,-1,1,-1,1,-1,1,-1,1,1,-1,-1,-1,1,1,1,1,-1,-1,1,1,-1,-1,1,-1,1,-1,-1,1,-1,1,-1,1,-1,1,-1,1,1,-1,-1,-1,1,1,-1,1,-1,1,1,1,-1,1,1,-1,1,-1,1,-1,1,-1,1,-1,1,1,-1,1,-1,-1,-1,1,1,-1,1,-1,-1,-1,1,1,-1,-1,1,1,-1,-1,1,1,-1,1,1,-1,1,1,1,-1,-1,1,-1,1,1,-1,1,-1,1,1,-1,1,1,-1,-1,1,-1,-1,1,-1,1,-1,1,1,-1,1,1,1,-1,1,-1,-1,1,1,-1,-1,1,-1,1,1,1,1,-1,1,-1,1,1,1,-1,1,1,-1,-1,1,1,-1,1,1,-1,1,1,1,1,1,1,-1,1,1,1,1,1,-1,-1,1,1,1,1,1,-1,-1,-1,1,1,1,1,-1,-1,1,-1,1,-1,1,1,-1,-1,1,1,1,1,1,-1,-1,1,1,1,-1,-1,-1,-1,-1,-1,-1,1,1,-1,-1,1,1,-1,1,-1,-1,-1,1,1,1,1,-1,-1,1,1,1,-1,1,-1,-1,-1,-1,1,1,1,1,-1,-1,1,-1,1,1,-1,-1,-1,-1,-1,1,-1,1,-1,1,-1,1,-1,1,-1,-1,1,1,-1,1,-1,1,-1,-1,1,-1,1,-1,-1,-1,-1,1,-1,-1,1,1,-1,-1,1,-1,1,1,-1,1,-1,1,-1,1,-1,1,-1,1,1,-1,1,-1,-1,-1,1,1,-1,1,-1,1,-1,1,-1,1,1,1,1,-1,1,-1,-1,1,-1,-1,-1,1,-1,1,-1,-1,1,-1,1,-1,-1,1,-1,-1,1,-1,1,-1,1,-1,1,-1,1,1,-1,-1,-1,1,-1,1,-1,-1,1,-1,1,1,-1,1,-1,-1,1,1,-1,-1,1,-1,-1,1,1,1,1,1,1,-1,1,1,1,-1,-1,-1,1,-1,-1,-1,1,-1,-1,1,1,1,-1,1,-1,1,-1,-1,-1,1,1,-1,1,1,-1,-1,-1,1,-1,1,1,-1,1,-1,1,-1,-1,-1,-1,-1,-1,1,-1,-1,-1,-1,-1,-1,1,-1,1,1,1,1,-1,1,-1,1,1,-1,-1,-1,1,-1,-1,1,-1,1,-1,-1,1,1,1,1,-1,-1,1,1,1,1,-1,1,-1,-1,1,1,1,-1,-1,-1,1,1,1,1,-1,-1,-1,1,-1,1,-1,1,1,-1,-1,1,1,1,-1,-1,-1,-1,1,1,1,1,-1,-1,-1,1,1,1,1,-1,-1,-1,1,1,1,-1,-1,-1,-1,1,1,1,1,-1,-1,1,1,1,1,1,-1,-1,-1,1,1,-1,1,-1,-1,-1,1,1,1,1,-1,-1,1,1,1,1,1,-1,1,1,-1,1,1,-1,-1,-1,1,1,1,1,1,-1,1,1,1,1,1,1,-1,-1,1,-1,1,-1,1,-1,-1,1,-1,1,1,-1,-1,-1,1,-1,1,1,-1,1,-1,1,1,1,-1,1,1,-1,1,-1,1,-1,-1,-1,-1,1,1,-1,-1,-1,-1,-1,1,-1,1,-1,-1,-1,-1,-1,-1,-1,1,-1,-1,-1,1,-1,-1,1,-1,-1,-1,-1,-1,1,1,-1,-1,-1,-1,-1,1,-1,-1,-1,1,-1,-1,1,-1,1,-1,-1,-1,-1,-1,-1,-1,1,-1,-1,-1,1,1,1,-1,-1,1,-1,-1,-1,-1,-1,1,-1,-1,1,1,1,-1,-1,-1,-1,1,-1,1,1,-1,1,-1,-1,1,1,-1,-1,-1,-1,-1,-1,1,1,-1,-1,1,-1,1,1,-1,-1,-1,1,-1,1,1,-1,-1,1,-1,-1,1,1,1,-1,1,-1,1,1,1,-1,-1,1,-1,-1,1,1,1,-1,1,-1,-1,1,1,-1,1,1,-1,-1,1,1,-1,1,1,-1,-1,1,1,-1,1,1,-1,-1,1,1,1,1,1,1,-1,1,1,1,1,1,-1,-1,1,-1,1,1,1,1,-1,-1,1,-1,1,1,1,-1,1,1,1,1,-1,1,-1,1,1,1,1,1,1,-1,-1,-1,1,1,1,-1,1,-1,1,1,1,1,-1,1,-1,1,1,1,-1,-1,1,-1,1,1,-1,1,-1,-1,-1,1,1,1,-1,1,-1,-1,1,1,1,-1,-1,-1,-1,1,1,1,-1,-1,-1,-1,-1,1,1,-1,1,-1,-1,-1,1,1,-1,1,-1,-1,1,-1,1,1,1,1,-1,-1,1,1,-1,-1,1,1,1,-1,1,-1,1,-1,-1,1,1,-1,-1,1,-1,-1,-1,1,1,-1,1,1,1,1,1,-1,-1,-1,-1,-1,-1,-1,-1,-1,1,-1,1,1,1,-1,1,1,-1,1,1,1,1,-1,1,-1,1,1,1,-1,-1,1,-1,1,1,1,-1,-1,1,-1,1,1,1,-1,-1,1,-1,1,1,1,1,-1,1,-1,-1,1,1,-1,-1,-1,1,-1,1,1,1,-1,1,-1,-1,1,-2668.0,1,2000,445,500,False
1417,1,1,-1,-1,1,1,-1,-1,1,1,1,-1,1,1,1,1,-1,1,-1,-1,1,-1,1,1,1,-1,1,-1,1,1,1,1,1,-1,-1,-1,1,-1,1,-1,1,-1,-1,1,1,1,-1,-1,1,1,1,1,-1,1,-1,-1,1,-1,1,1,-1,-1,1,-1,1,1,1,-1,-1,-1,-1,1,1,1,1,-1,1,-1,1,1,1,-1,-1,1,1,1,1,1,-1,-1,-1,1,1,1,1,-1,1,1,1,-1,1,1,-1,-1,1,1,1,1,1,-1,-1,1,1,-1,1,1,-1,-1,1,1,1,1,1,1,-1,1,1,1,-1,1,1,-1,1,1,1,1,1,1,-1,1,1,1,1,1,1,-1,-1,1,1,1,1,1,-1,1,-1,1,1,1,1,-1,1,1,1,1,-1,1,-1,1,-1,1,1,1,-1,-1,1,1,1,1,1,-1,1,-1,-1,1,-1,1,-1,1,1,1,1,1,1,1,1,1,-1,1,-1,1,-1,1,1,-1,1,-1,1,1,-1,1,-1,1,-1,1,-1,1,1,-1,1,-1,1,1,1,1,-1,-1,1,1,-1,-1,1,-1,1,-1,-1,1,-1,1,-1,1,-1,1,-1,-1,1,-1,-1,-1,1,1,-1,1,-1,1,1,1,-1,1,-1,-1,1,-1,1,-1,1,1,1,-1,1,1,-1,1,-1,-1,-1,1,1,-1,1,-1,-1,-1,1,1,-1,-1,1,1,-1,-1,1,1,-1,1,1,-1,1,1,1,1,-1,1,-1,1,1,-1,1,-1,1,1,-1,1,1,1,1,1,-1,-1,1,-1,-1,1,1,1,-1,1,1,1,-1,1,-1,-1,1,1,1,-1,1,-1,1,1,1,-1,1,1,-1,1,1,1,-1,1,1,-1,-1,1,1,1,-1,1,-1,1,1,1,-1,1,1,-1,1,1,1,-1,1,-1,-1,1,1,1,-1,1,-1,-1,-1,1,1,-1,1,-1,-1,1,-1,1,-1,1,1,-1,-1,1,1,1,1,1,-1,-1,1,1,-1,1,-1,-1,-1,-1,-1,-1,1,-1,-1,-1,1,1,-1,1,-1,1,-1,1,1,1,1,-1,-1,1,1,1,-1,1,-1,-1,-1,-1,1,1,1,1,-1,-1,1,1,1,1,-1,-1,1,-1,-1,1,-1,1,-1,-1,1,-1,1,1,-1,-1,1,1,-1,1,-1,1,-1,-1,1,-1,1,1,-1,-1,-1,1,-1,-1,1,1,-1,-1,1,-1,1,1,-1,1,-1,1,-1,-1,1,1,-1,-1,1,-1,1,1,-1,-1,1,1,-1,1,-1,1,-1,1,-1,-1,1,-1,1,-1,1,-1,-1,1,-1,-1,-1,1,-1,-1,1,-1,1,-1,1,-1,-1,1,-1,-1,1,-1,1,-1,1,1,1,-1,1,1,-1,-1,1,1,-1,1,-1,-1,1,-1,1,1,1,1,-1,-1,1,1,-1,1,1,-1,-1,1,1,1,-1,1,1,-1,1,1,1,1,1,-1,1,-1,-1,-1,1,-1,1,1,1,1,-1,1,-1,1,-1,-1,-1,1,1,-1,1,1,-1,-1,-1,1,-1,1,1,-1,1,-1,1,-1,-1,-1,-1,-1,-1,1,-1,-1,-1,-1,-1,-1,1,-1,1,1,1,1,-1,1,-1,1,1,-1,-1,-1,1,-1,-1,1,-1,1,-1,-1,1,1,1,1,-1,-1,1,1,1,1,-1,1,-1,-1,1,1,1,-1,-1,-1,1,1,1,1,-1,1,-1,1,-1,1,-1,1,1,-1,-1,1,1,1,-1,-1,-1,1,1,1,1,1,-1,-1,-1,1,1,1,1,-1,-1,-1,1,-1,1,-1,-1,-1,1,1,1,1,1,-1,-1,-1,1,1,1,1,-1,-1,-1,1,1,-1,1,-1,-1,-1,1,1,1,1,-1,-1,1,1,1,1,-1,-1,1,1,-1,1,1,-1,-1,-1,1,1,1,1,1,-1,1,1,1,1,1,-1,-1,-1,1,-1,1,-1,-1,-1,-1,1,-1,1,1,-1,-1,-1,1,-1,1,1,-1,1,-1,1,1,1,1,-1,1,-1,1,-1,1,1,-1,-1,-1,1,1,-1,-1,-1,-1,-1,1,-1,1,-1,-1,-1,-1,-1,-1,-1,1,-1,-1,-1,1,-1,-1,1,-1,-1,-1,-1,-1,-1,1,-1,-1,-1,-1,-1,1,-1,-1,-1,1,-1,-1,1,-1,1,-1,-1,-1,-1,-1,-1,-1,1,-1,-1,-1,1,1,-1,-1,-1,1,-1,-1,-1,-1,-1,1,-1,-1,1,1,1,-1,-1,-1,-1,1,-1,1,1,-1,1,-1,-1,1,1,-1,-1,-1,-1,-1,-1,1,1,-1,-1,1,-1,1,1,-1,-1,-1,1,-1,1,1,1,-1,1,-1,-1,1,1,1,-1,1,-1,1,1,1,-1,-1,1,-1,-1,1,1,1,-1,1,-1,-1,1,1,1,1,1,-1,-1,1,1,1,1,1,-1,-1,1,1,1,1,1,-1,-1,1,1,1,1,-1,1,-1,-1,1,1,-1,1,-1,-1,1,-1,1,1,1,1,-1,-1,1,-1,1,1,1,-1,1,1,1,1,-1,1,-1,1,1,1,1,1,1,1,-1,1,1,1,1,-1,1,-1,1,1,1,1,1,-1,1,1,1,1,-1,1,1,-1,1,1,-1,1,1,-1,-1,1,1,1,1,-1,1,-1,1,1,1,-1,-1,1,-1,1,1,1,-1,1,-1,-1,-1,-1,1,-1,-1,1,-1,-1,1,-1,1,-1,1,-1,-1,-1,1,1,-1,1,-1,-1,1,1,-1,-1,-1,1,-1,1,-1,-1,1,1,-1,1,1,-1,-1,1,-1,-1,-1,-1,1,-1,1,1,-1,1,-1,1,-1,-1,-1,1,-1,-1,-1,-1,1,-1,-1,1,1,-1,1,1,-1,1,1,-1,-1,-1,1,-1,1,1,1,1,-1,1,-1,-1,-1,1,-1,1,1,-1,1,1,1,-1,-1,1,-1,1,1,-1,-1,-1,1,-1,-1,1,1,-1,-1,1,1,-1,1,-1,1,-1,1,-1,-1,1,-2668.0,1,2000,445,500,False
1418,1,1,-1,-1,1,1,-1,-1,1,1,1,-1,1,1,1,1,-1,1,-1,-1,1,-1,1,1,1,-1,-1,-1,1,1,1,1,1,-1,-1,-1,1,-1,1,-1,-1,-1,-1,1,1,1,1,-1,1,1,1,1,-1,1,-1,-1,1,-1,1,1,1,-1,-1,-1,1,1,1,1,-1,-1,-1,1,1,1,1,-1,-1,-1,1,1,1,-1,-1,-1,1,1,1,1,-1,1,-1,1,1,1,1,-1,-1,1,1,-1,1,1,-1,-1,1,1,1,1,1,-1,-1,1,1,-1,1,1,-1,-1,1,1,1,1,1,1,-1,1,1,1,-1,1,1,-1,1,1,1,1,1,1,-1,-1,1,1,1,1,1,-1,1,1,1,1,1,1,-1,-1,-1,1,1,1,1,-1,1,1,1,1,-1,1,-1,1,-1,1,1,1,-1,-1,1,1,1,1,1,-1,1,-1,-1,1,1,1,-1,1,1,1,1,-1,1,1,1,1,-1,1,-1,1,-1,1,1,-1,1,-1,1,1,-1,1,-1,1,-1,1,-1,1,1,-1,-1,-1,1,1,1,1,-1,-1,1,1,-1,-1,1,-1,1,-1,-1,1,-1,1,-1,1,-1,1,-1,-1,1,-1,1,-1,1,1,-1,1,-1,1,1,1,-1,1,1,-1,1,-1,1,-1,1,-1,1,-1,1,1,-1,1,-1,-1,-1,1,1,-1,1,-1,-1,-1,1,1,-1,-1,1,1,-1,-1,1,1,-1,1,1,-1,1,1,1,1,-1,1,-1,1,1,-1,1,-1,1,1,-1,1,1,1,1,1,-1,-1,1,-1,-1,-1,1,1,-1,1,1,1,-1,1,-1,-1,1,1,1,1,1,-1,1,1,1,-1,1,1,-1,1,1,1,-1,1,1,-1,1,-1,1,1,-1,1,-1,1,1,1,-1,1,1,-1,1,1,1,-1,1,-1,-1,1,1,1,-1,1,-1,-1,1,1,1,-1,1,-1,-1,-1,-1,1,-1,1,1,-1,1,1,1,1,-1,1,-1,-1,-1,1,-1,1,-1,-1,1,-1,-1,-1,1,1,-1,1,-1,1,-1,1,-1,1,-1,1,1,1,1,-1,1,-1,1,1,-1,1,-1,-1,-1,-1,1,1,1,1,-1,-1,1,1,1,1,-1,-1,1,-1,-1,1,-1,1,-1,1,-1,1,1,1,-1,-1,1,1,-1,1,-1,1,-1,-1,1,-1,1,1,-1,-1,-1,1,-1,-1,1,1,-1,-1,1,-1,1,1,-1,1,-1,1,-1,-1,1,1,-1,-1,1,-1,1,1,-1,-1,1,1,-1,1,-1,1,-1,1,-1,-1,1,-1,1,-1,1,-1,-1,1,-1,-1,-1,1,-1,-1,1,-1,1,-1,1,-1,-1,1,-1,-1,1,-1,1,-1,1,-1,1,-1,1,1,-1,-1,-1,1,-1,1,-1,-1,1,-1,1,1,1,1,-1,-1,1,1,-1,1,1,-1,-1,1,1,1,-1,1,1,-1,1,1,1,1,1,-1,1,-1,-1,-1,1,-1,-1,1,-1,1,-1,1,-1,1,-1,-1,-1,1,1,-1,1,1,-1,-1,-1,1,-1,1,1,-1,1,-1,1,-1,-1,-1,-1,-1,-1,1,-1,-1,-1,-1,-1,-1,1,-1,1,1,1,1,-1,1,-1,1,1,-1,-1,-1,1,-1,-1,1,-1,1,-1,-1,1,1,1,1,-1,-1,1,1,1,1,-1,1,-1,-1,1,1,1,-1,-1,-1,-1,1,1,1,-1,1,-1,1,-1,1,-1,1,1,-1,-1,1,1,1,-1,-1,-1,-1,1,1,1,1,-1,-1,-1,1,1,1,1,-1,-1,-1,1,-1,1,-1,-1,-1,-1,1,1,1,1,-1,-1,1,1,-1,1,1,-1,-1,-1,1,1,-1,1,-1,-1,-1,1,1,1,1,-1,-1,1,1,1,-1,1,-1,1,1,-1,1,1,-1,-1,-1,1,1,-1,1,1,-1,1,1,1,-1,1,-1,-1,-1,1,-1,1,-1,-1,-1,-1,1,1,-1,1,-1,-1,-1,1,-1,-1,1,-1,1,-1,1,1,-1,1,-1,1,1,-1,-1,-1,-1,-1,-1,-1,1,1,1,-1,-1,-1,-1,1,-1,1,-1,-1,-1,-1,-1,-1,-1,1,-1,-1,-1,1,-1,-1,1,-1,-1,-1,-1,-1,1,1,-1,-1,-1,-1,-1,1,-1,-1,-1,1,-1,-1,1,-1,1,-1,-1,-1,-1,-1,-1,-1,1,-1,-1,-1,1,1,-1,-1,-1,1,-1,1,-1,-1,-1,1,-1,-1,1,1,1,-1,-1,-1,-1,1,-1,1,1,-1,1,-1,-1,1,1,-1,-1,-1,-1,-1,-1,1,1,-1,-1,1,-1,1,1,-1,-1,-1,1,-1,1,1,-1,-1,1,-1,-1,1,1,1,-1,1,-1,1,1,1,-1,-1,1,-1,-1,1,1,1,-1,1,-1,-1,1,1,-1,1,1,-1,-1,1,1,1,1,1,-1,-1,1,1,-1,1,1,-1,-1,1,1,1,1,-1,1,-1,-1,1,1,1,1,-1,-1,1,-1,1,1,1,1,-1,-1,1,-1,1,1,1,-1,1,1,1,1,-1,1,-1,1,1,1,1,1,1,1,-1,1,1,1,1,-1,1,-1,1,1,1,1,1,-1,1,1,1,1,-1,1,1,-1,1,1,-1,1,1,-1,-1,1,1,1,1,-1,1,-1,1,1,1,-1,-1,1,-1,1,1,1,-1,1,-1,-1,-1,1,1,-1,-1,1,-1,-1,1,1,-1,-1,1,-1,-1,1,1,1,-1,1,-1,-1,1,1,-1,-1,-1,1,-1,1,1,-1,1,1,-1,1,1,-1,-1,1,-1,-1,-1,-1,1,-1,1,1,-1,1,1,-1,-1,-1,-1,1,-1,-1,-1,-1,-1,-1,-1,1,1,-1,1,1,-1,1,1,1,1,-1,1,-1,1,1,1,1,-1,1,-1,-1,1,1,1,-1,1,-1,1,1,1,1,-1,1,-1,1,1,-1,-1,-1,1,-1,-1,1,1,-1,-1,-1,1,-1,1,-1,1,-1,1,-1,-1,1,-2668.0,1,2000,445,500,False
1419,1,1,-1,-1,1,1,-1,-1,1,1,1,-1,-1,1,1,1,-1,1,-1,-1,1,-1,1,1,1,-1,-1,-1,1,1,1,1,1,-1,-1,-1,1,1,1,1,-1,-1,-1,1,1,1,1,-1,1,1,1,1,-1,1,-1,-1,1,-1,1,1,1,-1,-1,-1,1,1,1,1,-1,-1,-1,1,1,1,1,-1,-1,-1,1,1,1,-1,-1,-1,1,1,1,1,-1,-1,-1,1,1,1,1,-1,-1,1,1,-1,1,1,-1,-1,1,1,1,1,1,-1,-1,1,1,1,1,1,-1,-1,1,1,1,1,1,1,-1,-1,1,1,-1,1,1,-1,1,1,1,1,1,1,-1,-1,1,1,-1,1,1,-1,1,1,1,1,1,1,-1,-1,-1,1,-1,1,1,-1,1,1,1,1,-1,1,-1,1,-1,1,1,1,-1,-1,1,1,1,-1,1,-1,1,-1,-1,1,1,1,-1,1,1,1,1,-1,1,1,1,1,-1,1,-1,1,-1,1,1,-1,1,-1,1,1,-1,1,-1,1,-1,1,-1,1,1,-1,1,-1,1,1,1,1,-1,-1,1,1,-1,-1,1,-1,1,1,-1,1,1,1,-1,1,-1,1,-1,1,1,-1,-1,1,1,1,-1,1,-1,1,1,1,-1,1,1,-1,1,-1,1,-1,1,-1,1,-1,1,1,-1,1,-1,-1,-1,1,1,-1,1,-1,-1,-1,-1,1,-1,-1,1,1,-1,-1,1,1,-1,1,1,-1,1,1,1,1,-1,1,-1,1,1,-1,1,-1,1,1,-1,1,1,-1,-1,1,-1,-1,1,-1,-1,-1,1,1,-1,1,1,1,-1,1,-1,-1,1,1,1,-1,1,-1,1,1,1,1,-1,1,-1,1,1,1,-1,1,1,-1,1,-1,1,1,-1,1,-1,1,1,1,-1,1,1,-1,1,1,1,-1,1,-1,-1,1,1,1,1,1,-1,-1,1,1,1,-1,1,-1,-1,-1,-1,1,-1,1,1,-1,1,1,1,1,1,1,-1,-1,-1,1,-1,1,-1,-1,1,-1,-1,-1,1,-1,-1,1,-1,1,-1,1,-1,1,-1,1,1,1,1,-1,1,-1,1,1,-1,1,-1,-1,-1,-1,1,1,1,1,-1,-1,1,-1,1,1,-1,-1,1,-1,-1,1,-1,1,-1,1,-1,1,1,1,-1,-1,1,1,-1,1,-1,1,-1,-1,1,-1,1,1,-1,-1,-1,1,-1,-1,1,1,-1,-1,-1,-1,1,1,-1,1,-1,1,-1,-1,1,1,-1,1,1,-1,1,1,-1,-1,1,1,-1,1,-1,1,-1,1,-1,1,1,-1,1,-1,1,-1,-1,1,-1,-1,-1,1,-1,-1,1,1,1,-1,1,-1,-1,1,-1,-1,1,-1,1,-1,1,-1,1,-1,1,1,-1,1,-1,1,-1,1,-1,-1,1,-1,1,1,1,1,-1,-1,1,1,-1,1,1,-1,1,1,1,1,1,1,1,-1,1,1,1,-1,1,1,1,-1,-1,-1,1,-1,1,1,1,1,-1,1,-1,1,-1,-1,-1,1,1,-1,1,1,-1,-1,-1,1,-1,1,1,-1,1,-1,1,-1,-1,-1,-1,-1,-1,1,-1,-1,-1,-1,-1,-1,1,-1,1,1,1,1,-1,1,-1,1,1,-1,-1,-1,1,-1,-1,1,-1,1,-1,-1,1,1,1,1,-1,-1,1,1,1,1,-1,1,-1,-1,1,1,1,-1,-1,-1,1,1,1,1,-1,-1,-1,1,-1,1,-1,1,1,-1,-1,1,1,1,-1,-1,-1,1,1,1,1,1,-1,-1,-1,1,1,1,1,-1,-1,-1,1,-1,1,-1,-1,-1,-1,1,1,1,1,-1,1,-1,1,-1,1,1,-1,-1,-1,1,1,-1,1,-1,-1,-1,1,1,1,1,-1,-1,1,-1,1,-1,1,-1,1,1,-1,1,1,-1,-1,-1,1,1,-1,1,1,-1,1,1,1,-1,1,1,-1,-1,1,-1,1,-1,-1,-1,1,-1,1,-1,1,-1,-1,-1,-1,1,-1,1,-1,-1,1,1,1,-1,-1,1,-1,1,-1,-1,-1,1,-1,-1,-1,1,1,1,-1,-1,-1,-1,1,-1,-1,1,-1,-1,-1,-1,-1,-1,1,-1,-1,-1,1,-1,-1,1,-1,-1,-1,-1,-1,1,1,-1,-1,-1,-1,-1,1,-1,-1,-1,1,-1,-1,1,-1,1,-1,-1,-1,-1,-1,-1,-1,1,-1,-1,-1,1,1,1,-1,-1,1,-1,1,-1,-1,-1,1,-1,-1,1,1,1,-1,-1,-1,-1,1,-1,1,1,-1,1,-1,-1,1,1,-1,-1,-1,-1,-1,-1,1,1,-1,-1,1,-1,1,1,-1,-1,-1,1,-1,-1,1,-1,-1,1,-1,-1,1,1,1,-1,1,-1,1,1,1,-1,-1,1,-1,-1,1,-1,1,-1,1,-1,-1,1,1,-1,1,1,-1,-1,1,1,-1,1,1,-1,-1,1,1,1,1,1,-1,-1,1,1,1,1,-1,1,-1,1,1,1,-1,1,-1,-1,1,-1,1,1,1,1,-1,-1,1,-1,1,-1,1,-1,1,-1,1,1,-1,1,-1,1,1,1,1,1,1,1,-1,-1,1,1,1,-1,1,-1,1,1,1,1,1,-1,1,-1,1,1,-1,-1,1,-1,-1,1,-1,1,1,-1,-1,1,1,1,-1,1,1,-1,-1,1,1,-1,-1,1,-1,1,1,1,-1,1,-1,-1,-1,1,1,-1,-1,1,-1,-1,1,1,1,-1,1,-1,-1,1,1,1,1,-1,-1,-1,1,1,-1,-1,1,1,-1,1,1,-1,1,1,-1,1,1,-1,-1,1,-1,-1,-1,1,1,-1,1,1,-1,1,1,-1,-1,-1,-1,1,-1,-1,-1,-1,1,-1,-1,1,1,-1,1,1,-1,1,1,1,1,-1,1,-1,1,1,1,1,-1,1,-1,-1,1,1,1,-1,1,-1,1,1,1,1,-1,1,-1,1,1,-1,-1,-1,1,-1,-1,1,1,-1,-1,-1,1,-1,1,-1,1,-1,1,-1,-1,1,-2668.0,1,2000,445,500,False
1420,1,1,-1,-1,1,-1,-1,-1,1,1,1,-1,1,1,1,1,-1,1,-1,-1,-1,-1,1,1,1,-1,1,-1,1,1,1,1,-1,-1,-1,-1,1,1,1,1,-1,-1,-1,1,1,1,1,-1,1,1,1,1,-1,1,-1,-1,1,-1,1,1,1,-1,-1,-1,1,1,1,1,-1,-1,-1,1,1,1,1,-1,-1,-1,1,1,1,-1,-1,-1,1,1,1,1,-1,-1,1,1,1,1,1,-1,-1,-1,1,-1,1,1,-1,-1,1,1,1,1,1,-1,-1,-1,1,1,1,1,-1,-1,1,1,1,1,1,1,-1,-1,1,1,-1,1,1,-1,1,1,1,1,1,1,-1,1,1,1,1,1,1,-1,1,1,1,1,1,1,-1,-1,-1,1,1,1,1,-1,1,1,1,1,-1,1,-1,1,-1,1,1,1,-1,-1,1,1,1,1,1,-1,1,-1,-1,1,-1,1,-1,1,1,1,1,1,1,1,1,1,1,1,-1,1,-1,1,1,-1,1,-1,1,1,-1,1,-1,1,-1,1,-1,1,1,-1,-1,-1,1,1,1,1,-1,-1,1,1,-1,-1,1,-1,1,-1,-1,1,-1,1,-1,1,-1,1,-1,1,1,-1,-1,-1,1,1,-1,1,-1,1,1,1,-1,1,1,-1,1,-1,1,-1,1,-1,1,-1,1,1,-1,1,-1,-1,-1,1,1,-1,1,-1,-1,-1,1,1,-1,-1,1,1,-1,-1,1,1,-1,1,1,-1,1,1,1,1,-1,1,-1,1,1,-1,1,-1,1,1,-1,1,1,-1,-1,1,-1,-1,1,-1,-1,1,1,1,-1,1,1,1,-1,1,-1,-1,1,1,1,-1,1,-1,1,1,1,1,-1,1,-1,1,1,1,-1,1,1,-1,-1,1,1,1,-1,1,-1,1,1,1,-1,1,1,-1,1,1,1,-1,1,-1,-1,1,1,1,1,1,-1,-1,-1,1,1,-1,1,-1,-1,1,-1,1,-1,1,1,-1,-1,1,1,1,1,1,-1,-1,1,1,-1,1,-1,-1,-1,-1,-1,-1,1,1,-1,-1,1,1,-1,1,-1,-1,-1,1,1,1,1,1,-1,1,1,1,-1,1,-1,-1,-1,-1,1,1,1,1,-1,-1,1,1,1,1,-1,-1,-1,-1,-1,1,-1,1,-1,1,-1,1,1,1,-1,-1,1,1,-1,1,-1,1,-1,-1,1,-1,1,1,-1,-1,-1,1,-1,-1,1,1,-1,-1,1,-1,1,1,-1,1,-1,1,-1,-1,1,1,-1,1,1,-1,1,1,-1,-1,1,1,-1,1,-1,1,-1,1,-1,-1,1,-1,1,-1,1,-1,-1,1,-1,-1,-1,1,-1,-1,1,-1,1,-1,1,-1,-1,1,-1,-1,1,-1,1,-1,1,-1,1,-1,1,1,-1,-1,-1,1,-1,1,-1,-1,1,-1,1,1,-1,1,-1,-1,1,1,-1,-1,1,-1,-1,1,1,1,1,1,1,-1,1,1,1,-1,-1,-1,1,-1,-1,-1,1,-1,-1,1,1,1,-1,1,-1,1,-1,-1,-1,1,1,-1,1,1,-1,-1,-1,1,-1,1,1,-1,1,-1,1,-1,-1,-1,-1,-1,-1,1,-1,-1,-1,-1,-1,-1,1,-1,1,1,1,1,-1,1,-1,1,1,-1,-1,-1,1,-1,-1,1,-1,1,-1,-1,1,1,1,1,-1,-1,1,1,1,1,-1,1,-1,-1,1,1,1,-1,-1,-1,1,1,1,1,-1,-1,-1,1,-1,1,-1,1,1,-1,-1,1,1,1,-1,-1,-1,-1,1,1,1,1,-1,-1,-1,1,1,1,1,-1,-1,-1,1,1,1,-1,-1,-1,-1,1,1,1,1,-1,-1,1,1,1,1,-1,-1,-1,-1,1,1,-1,1,-1,-1,-1,1,1,1,1,-1,-1,1,1,1,1,1,-1,1,1,-1,1,1,-1,-1,-1,1,1,1,1,1,-1,1,1,1,1,1,1,-1,-1,1,-1,1,-1,1,-1,-1,1,-1,1,1,-1,-1,-1,1,-1,1,1,-1,-1,-1,1,1,1,-1,1,-1,-1,1,-1,1,-1,-1,-1,-1,1,1,-1,-1,-1,-1,-1,1,-1,1,-1,-1,-1,-1,-1,-1,-1,1,-1,-1,-1,1,-1,-1,1,-1,-1,-1,-1,-1,1,1,-1,-1,-1,-1,-1,1,-1,-1,-1,1,-1,-1,1,-1,1,-1,-1,-1,-1,-1,-1,-1,1,-1,-1,-1,1,1,-1,-1,-1,1,1,-1,-1,-1,-1,1,-1,-1,1,-1,1,-1,-1,-1,-1,1,-1,1,1,-1,1,-1,-1,1,1,-1,-1,-1,-1,-1,-1,1,1,-1,-1,1,-1,1,1,-1,-1,-1,1,-1,1,1,-1,-1,1,-1,-1,1,1,1,-1,1,-1,1,1,1,-1,-1,1,-1,-1,1,1,1,-1,1,-1,-1,1,1,-1,1,1,-1,-1,1,1,1,1,1,-1,-1,1,1,-1,1,1,-1,-1,1,1,1,1,1,1,-1,-1,1,1,-1,1,-1,-1,1,-1,1,1,1,1,-1,-1,1,-1,1,1,1,-1,1,1,1,1,-1,1,-1,1,1,1,1,1,1,1,-1,1,1,1,1,-1,1,-1,1,1,1,1,1,-1,1,1,1,1,-1,-1,1,-1,1,1,-1,1,1,-1,-1,1,1,1,-1,1,1,-1,1,1,1,-1,-1,1,-1,1,1,1,-1,1,-1,-1,-1,1,1,-1,-1,1,-1,-1,1,1,1,-1,1,-1,-1,1,1,1,1,-1,-1,-1,1,1,-1,-1,1,1,-1,-1,1,-1,1,1,-1,1,1,-1,-1,1,-1,-1,-1,1,1,-1,1,1,-1,1,1,-1,-1,1,-1,1,-1,-1,-1,-1,1,-1,-1,1,1,-1,1,1,-1,1,1,1,1,-1,1,-1,1,1,1,-1,-1,1,-1,-1,1,1,-1,-1,1,-1,1,1,1,-1,-1,1,-1,1,1,1,1,-1,1,-1,-1,1,1,1,-1,-1,1,-1,1,1,1,-1,1,-1,-1,1,-2668.0,1,2000,445,500,False
1421,1,1,-1,-1,1,1,-1,-1,1,1,1,-1,-1,1,1,1,-1,1,-1,-1,-1,-1,1,1,1,-1,-1,-1,1,1,1,1,-1,-1,-1,-1,1,-1,1,1,-1,-1,-1,1,1,1,1,-1,1,1,1,1,-1,1,-1,-1,1,-1,1,1,1,-1,-1,-1,1,1,1,1,-1,-1,-1,1,1,1,1,-1,-1,-1,1,1,1,-1,-1,-1,1,1,1,1,-1,-1,-1,1,1,1,1,-1,-1,1,1,-1,1,1,-1,-1,1,1,1,1,1,-1,-1,1,1,1,1,1,-1,-1,1,1,1,1,1,1,-1,-1,1,1,-1,1,1,-1,1,1,1,1,1,1,-1,-1,1,1,1,1,1,-1,1,1,1,1,1,1,-1,-1,-1,1,1,1,1,-1,1,1,1,1,-1,1,-1,1,-1,1,1,1,-1,-1,1,1,1,1,1,-1,1,-1,-1,1,1,1,-1,1,1,1,1,-1,1,1,1,1,-1,1,-1,1,-1,1,1,-1,1,-1,1,1,-1,1,-1,1,-1,1,-1,1,1,-1,1,-1,1,1,1,1,-1,-1,1,1,-1,-1,1,-1,1,-1,1,1,-1,1,-1,1,-1,1,-1,1,1,-1,-1,-1,1,1,-1,1,-1,1,1,1,-1,1,1,-1,1,-1,1,-1,1,-1,1,-1,1,1,-1,1,-1,-1,-1,1,1,-1,1,-1,-1,-1,1,1,-1,-1,1,1,-1,-1,1,1,-1,1,1,-1,1,1,1,1,-1,1,-1,1,1,-1,1,-1,1,1,1,1,1,1,1,1,-1,-1,1,-1,-1,1,1,1,-1,1,1,1,-1,1,1,1,1,1,1,1,1,-1,1,1,1,-1,-1,1,-1,1,1,1,-1,1,1,-1,-1,1,1,1,-1,1,-1,1,1,1,-1,1,1,-1,1,1,1,-1,1,1,-1,1,1,1,-1,1,1,-1,-1,1,1,-1,1,1,-1,1,-1,1,-1,1,1,1,-1,1,1,1,-1,1,1,-1,1,1,-1,1,-1,1,-1,-1,-1,-1,1,1,1,-1,1,1,-1,1,1,-1,-1,1,1,1,1,1,-1,1,1,1,-1,1,1,1,-1,-1,1,1,1,-1,1,-1,1,1,1,1,1,1,-1,-1,-1,1,-1,-1,1,-1,1,-1,1,1,1,1,1,-1,-1,1,-1,-1,1,-1,1,-1,1,1,-1,1,-1,1,-1,-1,1,-1,1,1,-1,-1,1,1,1,-1,1,-1,-1,-1,1,-1,1,1,-1,-1,1,1,1,1,-1,1,-1,1,-1,-1,1,-1,1,-1,1,-1,1,1,-1,-1,-1,1,-1,1,1,1,-1,-1,1,1,-1,1,-1,-1,-1,1,-1,1,1,1,-1,-1,1,-1,-1,1,-1,-1,-1,-1,-1,-1,1,-1,-1,-1,1,-1,-1,1,-1,-1,-1,-1,1,-1,1,-1,-1,-1,-1,1,-1,-1,1,1,1,-1,1,-1,1,-1,1,1,1,-1,-1,-1,1,-1,-1,1,1,1,-1,1,-1,1,1,1,-1,1,1,-1,1,-1,1,-1,-1,1,-1,-1,1,1,1,-1,1,-1,-1,1,1,-1,-1,1,-1,-1,1,1,-1,-1,1,-1,-1,-1,1,1,-1,1,-1,-1,-1,1,-1,-1,1,-1,1,-1,1,1,-1,-1,1,-1,-1,-1,-1,-1,1,1,1,-1,-1,1,-1,-1,1,-1,-1,1,-1,-1,1,1,-1,-1,1,-1,-1,1,1,-1,1,-1,-1,-1,-1,1,1,-1,-1,-1,-1,1,1,-1,-1,1,-1,-1,-1,1,1,-1,-1,-1,-1,-1,1,-1,-1,-1,-1,-1,1,1,1,-1,-1,-1,-1,-1,1,1,-1,-1,-1,-1,-1,1,1,1,-1,-1,-1,-1,1,1,1,-1,-1,-1,1,1,1,1,1,-1,1,1,1,1,1,1,-1,-1,1,1,1,-1,1,-1,1,1,1,1,-1,1,-1,-1,1,-1,1,-1,1,-1,-1,1,-1,1,1,1,-1,-1,1,-1,1,-1,1,1,-1,1,-1,1,1,1,1,1,-1,-1,1,1,1,-1,-1,1,1,-1,1,1,-1,-1,1,-1,1,-1,1,-1,-1,1,-1,-1,1,1,-1,-1,1,-1,-1,1,1,-1,-1,-1,-1,1,-1,1,-1,-1,-1,-1,1,1,-1,-1,1,-1,-1,1,-1,1,-1,-1,-1,-1,-1,1,1,1,-1,-1,-1,1,1,1,-1,-1,-1,1,-1,-1,1,-1,1,-1,-1,1,1,1,-1,-1,-1,-1,1,-1,1,1,-1,1,-1,-1,1,1,-1,-1,-1,-1,-1,-1,1,1,-1,-1,1,-1,1,1,-1,-1,-1,1,-1,1,1,-1,-1,1,-1,-1,1,1,1,-1,1,-1,1,1,1,-1,-1,1,-1,-1,1,1,1,-1,1,-1,-1,1,1,-1,1,1,-1,-1,1,1,-1,1,1,-1,-1,1,1,-1,1,1,-1,-1,1,1,1,1,1,1,-1,-1,1,1,-1,1,-1,-1,1,-1,1,1,1,1,-1,-1,1,-1,1,1,1,-1,1,1,1,1,-1,1,-1,1,1,1,1,1,1,1,-1,1,1,1,1,-1,1,-1,1,1,1,1,1,-1,1,1,1,1,-1,1,1,-1,1,1,-1,1,1,-1,-1,1,1,1,1,-1,1,-1,1,1,1,-1,-1,1,-1,1,1,1,-1,1,-1,-1,-1,1,1,-1,-1,1,-1,-1,1,1,-1,-1,1,-1,-1,1,1,1,-1,1,-1,-1,1,1,-1,-1,-1,1,-1,1,1,-1,1,1,-1,1,1,-1,-1,1,1,-1,-1,1,1,-1,1,1,-1,1,1,-1,-1,-1,-1,1,-1,-1,-1,-1,1,-1,-1,1,1,-1,1,1,-1,1,1,1,1,-1,1,-1,1,1,1,1,-1,1,-1,-1,1,1,1,-1,1,-1,1,1,1,1,-1,1,-1,1,1,1,-1,-1,1,-1,-1,1,1,-1,-1,-1,1,-1,1,-1,1,-1,1,-1,-1,1,-2668.0,1,2000,445,500,False
1422,1,1,-1,-1,1,-1,-1,-1,1,1,1,-1,1,1,1,1,-1,1,-1,-1,-1,1,1,1,1,-1,-1,-1,1,1,1,1,1,-1,-1,-1,1,-1,1,1,-1,-1,1,1,1,1,1,-1,1,1,1,1,-1,1,-1,-1,1,-1,1,1,-1,-1,-1,1,1,1,1,1,-1,-1,1,1,1,1,1,-1,-1,-1,1,1,1,-1,-1,-1,1,1,1,1,-1,-1,1,1,1,1,1,-1,-1,-1,1,-1,1,1,-1,-1,1,1,1,1,1,-1,-1,-1,1,1,1,1,-1,-1,1,1,1,1,1,1,-1,-1,1,1,-1,1,1,-1,1,1,1,1,1,1,-1,1,1,1,1,1,1,-1,1,1,1,1,1,1,-1,-1,-1,1,1,1,1,-1,1,-1,1,1,-1,1,-1,1,-1,1,1,1,-1,-1,1,1,1,1,1,-1,1,-1,-1,1,-1,1,-1,1,1,1,1,1,1,1,1,1,-1,1,-1,1,-1,1,1,-1,1,-1,1,1,-1,1,-1,1,-1,1,-1,1,1,-1,1,-1,1,1,1,1,-1,-1,1,1,-1,-1,1,-1,1,-1,1,1,-1,1,-1,1,-1,1,-1,-1,1,-1,-1,-1,1,1,-1,1,-1,1,1,1,-1,1,1,-1,1,-1,1,-1,1,-1,1,-1,1,1,-1,1,-1,-1,-1,1,1,-1,1,-1,-1,-1,1,1,-1,-1,1,1,-1,-1,1,1,-1,1,1,-1,1,1,1,1,-1,1,-1,1,1,-1,1,-1,1,-1,1,1,1,1,1,1,-1,-1,1,-1,-1,-1,1,1,-1,1,1,1,-1,1,1,1,1,1,1,1,1,-1,1,1,1,-1,-1,1,-1,1,1,1,-1,1,1,-1,-1,1,1,1,-1,1,-1,1,1,1,-1,1,1,-1,1,1,1,-1,1,1,-1,1,1,1,-1,1,1,1,-1,1,1,-1,1,1,-1,1,-1,1,-1,1,1,1,-1,1,1,1,1,1,1,-1,1,1,-1,1,-1,1,-1,-1,-1,-1,1,1,1,-1,1,1,-1,1,1,-1,-1,1,1,1,1,1,-1,1,1,1,-1,1,1,1,-1,-1,1,1,1,-1,1,-1,1,1,1,1,1,1,-1,-1,-1,1,-1,-1,1,1,-1,1,1,1,1,1,1,1,-1,1,-1,-1,1,-1,1,-1,1,1,-1,1,1,1,-1,-1,1,-1,1,1,1,-1,1,1,1,-1,1,1,-1,-1,1,-1,1,1,1,-1,1,1,1,1,1,1,-1,1,-1,1,1,1,-1,-1,1,-1,-1,1,1,-1,-1,1,-1,1,1,1,-1,-1,1,-1,-1,1,1,-1,-1,1,-1,1,1,1,1,-1,1,-1,-1,-1,1,1,-1,-1,-1,1,-1,1,-1,-1,1,-1,-1,1,-1,1,-1,-1,1,-1,1,-1,1,-1,-1,1,-1,-1,1,1,1,-1,1,-1,1,-1,-1,-1,1,-1,-1,-1,1,-1,-1,1,1,-1,1,1,-1,1,1,1,-1,1,1,-1,1,-1,1,1,-1,1,-1,-1,1,1,-1,-1,1,-1,-1,1,1,1,-1,1,-1,-1,1,1,-1,-1,1,-1,-1,-1,1,1,-1,1,1,-1,-1,1,-1,-1,1,-1,1,-1,1,1,-1,-1,1,-1,-1,-1,-1,-1,1,1,1,-1,1,1,-1,-1,1,-1,-1,-1,-1,-1,1,1,-1,-1,-1,-1,-1,1,1,-1,1,1,-1,-1,-1,1,1,-1,-1,-1,-1,-1,1,-1,-1,1,-1,-1,-1,1,1,-1,-1,-1,-1,-1,1,-1,-1,1,-1,-1,1,1,1,-1,1,-1,-1,-1,1,1,-1,-1,-1,-1,-1,1,1,1,-1,-1,-1,-1,1,1,-1,-1,-1,-1,1,1,1,1,-1,-1,1,1,1,1,1,-1,-1,-1,1,1,1,-1,1,-1,1,1,1,1,-1,1,-1,-1,1,-1,1,-1,1,-1,-1,1,-1,1,-1,-1,-1,-1,1,-1,1,-1,1,1,-1,1,-1,1,-1,1,1,-1,1,-1,1,-1,-1,-1,-1,1,1,-1,-1,-1,-1,-1,1,-1,1,-1,-1,-1,-1,-1,-1,-1,1,-1,-1,-1,1,-1,-1,1,-1,-1,-1,-1,-1,-1,1,-1,-1,-1,-1,-1,1,-1,-1,-1,1,-1,-1,1,-1,1,-1,-1,-1,-1,-1,-1,-1,1,-1,-1,-1,1,1,1,-1,-1,-1,1,-1,-1,-1,-1,1,-1,-1,1,-1,1,-1,-1,-1,-1,1,-1,1,1,-1,1,-1,-1,1,1,-1,-1,-1,-1,-1,-1,1,1,-1,-1,1,-1,1,1,-1,-1,-1,1,-1,-1,1,-1,-1,1,-1,-1,1,1,1,-1,1,-1,1,1,1,-1,-1,1,-1,-1,1,1,1,-1,1,-1,-1,1,1,-1,1,1,-1,-1,1,1,1,1,1,-1,-1,1,1,1,1,1,-1,-1,1,1,1,1,-1,1,-1,-1,1,1,-1,1,-1,-1,1,-1,1,1,1,1,-1,-1,1,-1,1,1,1,-1,1,1,1,1,-1,1,-1,1,1,1,1,1,1,1,-1,1,1,1,1,-1,1,-1,1,1,1,1,1,-1,1,1,1,1,-1,1,1,-1,1,1,-1,1,1,-1,-1,1,1,1,1,-1,1,-1,1,1,1,-1,-1,1,-1,1,1,1,-1,1,-1,-1,-1,1,1,-1,-1,1,-1,-1,1,1,-1,-1,1,-1,-1,1,1,1,-1,1,-1,-1,1,1,-1,-1,-1,1,-1,-1,1,-1,1,1,-1,1,1,-1,-1,1,-1,-1,-1,1,1,-1,1,1,-1,1,1,-1,-1,1,-1,1,-1,-1,-1,-1,1,-1,-1,1,1,-1,1,1,-1,1,1,1,1,-1,1,-1,1,1,1,-1,-1,1,-1,-1,1,1,-1,-1,1,-1,1,1,1,-1,-1,1,-1,1,1,1,1,-1,1,-1,-1,1,1,1,-1,-1,1,-1,1,-1,1,-1,1,-1,-1,1,-2668.0,1,2000,445,500,False
1423,1,1,-1,-1,1,1,-1,-1,1,1,1,-1,1,1,1,1,-1,1,-1,-1,1,-1,1,1,1,-1,1,-1,1,1,1,1,-1,-1,-1,-1,1,1,1,-1,-1,-1,-1,1,1,1,1,-1,1,1,1,1,-1,1,-1,-1,1,-1,1,1,1,-1,-1,-1,1,1,1,1,-1,-1,-1,1,1,1,1,-1,-1,-1,1,1,1,-1,-1,-1,1,1,1,1,-1,1,-1,1,1,1,1,-1,-1,1,1,-1,1,1,-1,-1,1,1,1,1,1,-1,-1,1,1,-1,1,1,-1,-1,1,1,1,1,1,1,-1,1,1,1,-1,1,1,-1,1,1,1,1,1,1,-1,-1,1,1,1,1,1,-1,1,1,1,1,1,1,-1,-1,-1,1,1,1,1,-1,1,1,1,1,-1,1,-1,1,-1,1,1,1,-1,-1,1,1,1,1,1,-1,1,-1,-1,1,-1,1,-1,1,1,1,1,1,1,1,1,1,-1,1,-1,1,-1,1,1,-1,1,-1,1,1,-1,1,-1,1,-1,1,-1,1,1,-1,-1,-1,1,1,1,1,-1,-1,1,1,-1,-1,1,-1,1,-1,-1,1,-1,1,-1,1,-1,1,-1,1,1,-1,1,-1,1,1,-1,1,-1,1,1,1,-1,1,1,-1,1,-1,1,-1,1,-1,1,-1,1,1,-1,1,-1,-1,-1,1,1,-1,1,-1,-1,-1,1,1,-1,-1,1,1,-1,-1,1,1,-1,1,1,-1,1,1,1,1,-1,1,-1,1,1,-1,1,-1,1,1,-1,1,1,1,1,1,-1,-1,1,-1,-1,-1,1,1,-1,1,1,1,-1,1,-1,-1,1,1,1,-1,1,-1,1,1,1,-1,-1,1,-1,1,1,1,-1,1,1,-1,-1,1,1,1,-1,1,-1,1,1,1,-1,1,1,-1,1,1,1,-1,1,-1,-1,1,1,1,-1,1,-1,-1,-1,1,1,-1,1,-1,-1,1,-1,1,-1,1,1,-1,-1,1,1,1,1,1,-1,-1,1,1,-1,1,-1,-1,-1,-1,-1,-1,1,-1,-1,-1,1,1,-1,1,-1,1,-1,1,1,1,1,-1,-1,1,1,1,-1,1,-1,-1,-1,-1,1,1,1,1,-1,-1,1,1,1,1,-1,-1,-1,-1,-1,1,-1,1,-1,1,-1,1,1,1,-1,-1,1,1,-1,1,-1,1,-1,-1,1,-1,1,1,-1,-1,-1,1,-1,-1,1,1,-1,-1,1,-1,1,1,-1,1,-1,1,-1,-1,1,1,-1,1,1,-1,1,1,-1,-1,1,1,-1,1,-1,1,-1,1,-1,1,1,-1,1,-1,1,-1,-1,1,-1,-1,-1,1,-1,-1,1,-1,1,-1,1,-1,-1,1,-1,-1,1,-1,1,-1,1,-1,1,-1,1,1,-1,1,-1,1,-1,1,-1,-1,1,-1,1,1,-1,1,-1,-1,1,1,-1,-1,1,-1,1,1,1,1,1,1,1,-1,1,1,1,-1,1,-1,1,-1,-1,-1,1,-1,1,1,-1,1,-1,1,-1,1,-1,-1,-1,1,1,-1,1,1,-1,-1,-1,1,-1,1,1,-1,1,-1,1,-1,-1,-1,-1,-1,-1,1,-1,-1,-1,-1,-1,-1,1,-1,1,1,1,1,-1,1,-1,1,1,-1,-1,-1,1,-1,-1,1,-1,1,-1,-1,1,1,1,1,-1,-1,1,1,1,1,-1,1,-1,-1,1,1,1,-1,-1,-1,-1,1,1,1,-1,1,-1,1,-1,1,-1,1,1,-1,-1,1,1,1,-1,-1,-1,1,1,1,1,1,-1,-1,-1,1,1,1,1,-1,-1,-1,1,-1,1,-1,-1,-1,-1,1,1,1,1,-1,-1,1,1,1,1,1,-1,-1,-1,1,1,-1,1,-1,-1,-1,1,1,1,1,-1,-1,1,1,1,1,1,-1,1,1,-1,1,1,-1,-1,-1,1,1,1,1,1,-1,1,1,1,1,1,1,-1,-1,1,-1,1,-1,1,-1,-1,1,-1,1,1,-1,-1,-1,1,-1,1,1,-1,-1,-1,1,1,1,-1,1,-1,-1,1,-1,1,-1,-1,-1,-1,1,1,-1,-1,-1,-1,-1,1,-1,1,-1,-1,-1,-1,-1,-1,-1,1,-1,-1,-1,1,-1,-1,1,-1,-1,-1,-1,-1,-1,1,-1,-1,-1,-1,-1,1,-1,-1,-1,1,-1,-1,1,-1,1,-1,-1,-1,-1,-1,-1,-1,1,-1,-1,-1,1,1,-1,-1,-1,1,1,-1,-1,-1,-1,1,-1,-1,1,1,1,-1,-1,-1,-1,1,-1,1,1,-1,1,-1,-1,1,1,-1,-1,-1,-1,-1,-1,1,1,-1,-1,1,-1,1,1,1,-1,-1,1,-1,1,1,-1,-1,1,-1,-1,1,1,1,-1,1,-1,1,1,1,-1,-1,1,-1,-1,1,1,1,-1,1,-1,-1,1,1,-1,1,1,-1,-1,1,1,1,1,1,-1,-1,1,1,-1,1,1,-1,-1,1,1,1,1,1,1,-1,-1,1,1,1,1,-1,-1,1,-1,1,1,1,1,-1,-1,1,-1,1,1,1,-1,1,-1,1,1,-1,1,-1,1,1,1,1,1,1,1,-1,-1,1,1,1,-1,1,-1,1,1,1,1,1,-1,1,-1,1,1,-1,1,1,-1,-1,1,-1,1,1,-1,-1,1,1,1,1,-1,1,-1,-1,1,1,-1,-1,1,-1,1,1,1,-1,1,-1,-1,-1,1,1,-1,-1,1,-1,-1,1,1,-1,-1,1,-1,-1,-1,1,1,-1,1,-1,-1,1,1,-1,-1,-1,1,-1,-1,1,-1,1,1,-1,1,1,-1,-1,1,-1,-1,-1,-1,1,-1,1,1,-1,1,1,-1,-1,1,-1,1,-1,-1,-1,-1,1,-1,-1,1,1,-1,1,1,-1,1,1,1,1,-1,1,-1,1,1,1,1,-1,1,-1,-1,1,1,1,-1,1,-1,1,1,1,1,-1,1,-1,1,1,-1,-1,-1,1,-1,-1,1,1,-1,-1,-1,1,-1,1,-1,1,-1,1,-1,-1,1,-2668.0,1,2000,445,500,False
1424,1,1,-1,-1,1,1,-1,-1,1,1,1,-1,-1,1,1,1,-1,1,-1,-1,-1,-1,1,1,1,-1,-1,-1,1,1,1,1,1,-1,-1,-1,1,1,1,1,-1,-1,-1,1,1,1,1,-1,1,1,1,1,-1,1,-1,-1,1,-1,1,1,1,-1,-1,-1,1,1,1,1,-1,-1,-1,1,1,1,1,-1,-1,-1,1,1,1,-1,-1,-1,1,1,1,1,-1,-1,-1,1,1,1,1,-1,-1,1,1,-1,1,1,-1,-1,1,1,1,1,1,-1,-1,1,1,1,1,1,-1,-1,1,1,1,1,1,1,-1,-1,1,1,-1,1,1,-1,1,1,1,1,1,1,-1,-1,1,1,1,1,1,-1,1,1,1,1,1,1,-1,-1,-1,1,1,1,1,-1,1,1,1,1,-1,1,-1,1,-1,1,1,1,-1,-1,1,1,1,1,1,-1,1,-1,-1,1,1,1,-1,1,1,1,1,-1,1,1,1,1,-1,1,-1,1,-1,1,1,-1,1,-1,1,1,-1,1,-1,1,-1,1,-1,1,1,-1,1,-1,1,1,1,1,-1,-1,1,1,-1,-1,1,-1,1,-1,1,1,-1,1,-1,1,-1,1,-1,1,1,-1,1,1,-1,1,-1,1,-1,1,1,1,-1,1,1,-1,-1,-1,1,-1,1,-1,1,-1,1,1,-1,1,-1,-1,-1,-1,1,-1,1,-1,-1,-1,-1,1,-1,-1,1,1,-1,1,1,1,-1,1,1,-1,1,1,1,1,-1,1,-1,1,1,-1,1,-1,1,-1,1,-1,1,1,1,1,-1,-1,1,-1,-1,-1,1,1,-1,1,1,1,-1,1,1,1,1,1,1,-1,1,-1,1,1,1,-1,-1,1,-1,1,1,1,-1,1,1,-1,-1,1,1,1,-1,1,-1,1,1,1,-1,1,1,-1,1,1,1,-1,1,1,-1,1,1,1,-1,1,1,1,-1,1,1,-1,1,1,-1,1,-1,1,-1,1,1,1,-1,1,1,1,-1,1,1,-1,1,1,-1,1,1,1,-1,-1,-1,-1,1,1,1,-1,1,1,-1,1,1,-1,-1,1,1,1,1,1,-1,1,1,1,-1,1,1,1,1,-1,1,1,1,-1,1,-1,1,1,1,1,1,1,-1,-1,-1,1,-1,-1,1,-1,1,-1,1,-1,1,1,1,1,-1,1,-1,-1,1,-1,1,-1,1,1,-1,1,1,1,-1,-1,1,-1,1,1,-1,-1,1,1,1,-1,1,1,-1,-1,1,-1,1,1,-1,-1,1,1,1,1,-1,1,-1,1,-1,1,1,-1,-1,-1,1,-1,1,1,-1,-1,-1,1,-1,1,1,1,-1,-1,1,-1,-1,1,-1,-1,-1,1,-1,1,1,-1,1,-1,1,1,-1,1,-1,-1,-1,-1,1,-1,1,-1,-1,-1,1,-1,-1,1,-1,-1,-1,-1,1,-1,1,-1,-1,1,-1,1,-1,-1,1,1,1,-1,1,-1,1,-1,1,-1,1,-1,-1,-1,1,-1,-1,1,1,1,-1,1,-1,1,1,1,-1,1,1,-1,-1,-1,1,-1,-1,1,-1,-1,1,1,1,-1,1,-1,-1,1,1,-1,-1,1,-1,-1,1,1,-1,-1,1,-1,-1,-1,1,1,-1,1,1,-1,-1,1,-1,-1,1,-1,1,-1,1,1,-1,-1,1,-1,-1,-1,-1,-1,1,1,1,-1,-1,1,-1,-1,1,-1,-1,1,-1,-1,-1,1,-1,-1,1,-1,-1,1,1,-1,1,-1,1,-1,-1,1,1,-1,-1,-1,-1,1,1,-1,-1,1,-1,-1,-1,1,1,-1,-1,-1,-1,-1,1,-1,-1,-1,-1,-1,1,1,1,-1,-1,-1,-1,-1,1,1,-1,-1,-1,-1,-1,1,1,1,-1,-1,-1,-1,1,1,-1,-1,-1,-1,1,-1,1,1,1,-1,1,1,-1,1,1,1,-1,-1,1,1,1,1,1,-1,1,1,1,1,-1,1,-1,-1,1,-1,1,-1,1,-1,-1,1,-1,1,1,1,-1,-1,1,-1,1,-1,1,-1,-1,1,-1,1,1,1,-1,1,-1,-1,1,1,1,-1,-1,1,-1,-1,1,1,-1,-1,1,-1,1,-1,1,-1,-1,1,1,-1,1,1,-1,-1,1,-1,-1,1,1,-1,-1,-1,1,-1,-1,1,-1,-1,-1,-1,1,-1,-1,-1,1,-1,-1,1,-1,1,-1,-1,-1,-1,-1,-1,1,1,-1,-1,-1,1,1,1,-1,-1,-1,1,-1,-1,1,-1,1,-1,-1,1,1,1,-1,-1,-1,-1,1,-1,1,1,-1,1,-1,-1,1,1,-1,-1,-1,-1,-1,-1,1,1,-1,-1,1,-1,1,1,-1,-1,-1,1,-1,1,1,-1,-1,1,-1,-1,1,1,1,-1,1,-1,1,1,1,-1,-1,1,-1,-1,1,1,1,-1,1,-1,-1,1,1,-1,1,1,-1,-1,1,1,-1,1,1,-1,-1,1,1,1,1,1,-1,-1,1,1,1,1,1,1,-1,-1,1,1,1,1,-1,-1,1,-1,1,1,1,1,-1,-1,1,-1,1,1,1,-1,1,1,1,1,-1,1,-1,1,1,1,1,1,1,1,-1,1,1,1,1,-1,1,-1,1,1,1,1,1,-1,1,1,1,1,-1,1,1,-1,1,1,-1,1,1,-1,-1,1,1,1,1,-1,1,-1,1,1,1,-1,-1,1,-1,1,1,1,-1,1,-1,-1,-1,1,1,-1,-1,1,-1,-1,1,1,-1,-1,1,-1,-1,1,1,1,-1,1,-1,-1,1,1,-1,-1,-1,1,-1,1,1,-1,1,1,-1,1,1,-1,-1,1,1,-1,-1,1,1,-1,1,1,-1,1,1,-1,-1,1,-1,1,-1,-1,-1,-1,1,-1,-1,1,1,-1,1,1,-1,1,1,1,1,-1,1,-1,1,1,1,1,-1,1,-1,1,-1,1,1,-1,1,-1,-1,1,1,1,-1,1,-1,1,1,1,-1,-1,1,-1,-1,1,1,-1,-1,-1,1,-1,1,-1,1,-1,1,-1,-1,1,-2668.0,1,2000,445,1000,False
1425,1,1,-1,-1,1,1,-1,-1,1,1,1,-1,-1,1,1,1,-1,1,-1,-1,-1,-1,1,1,1,-1,-1,-1,1,1,1,1,1,-1,-1,-1,1,-1,1,1,-1,-1,-1,1,1,1,1,-1,1,1,1,1,-1,1,-1,-1,1,-1,1,1,1,-1,-1,-1,1,1,1,1,-1,-1,-1,1,1,1,1,-1,-1,-1,1,1,1,-1,-1,-1,1,1,1,1,-1,-1,-1,1,1,1,1,-1,-1,1,1,-1,1,1,-1,-1,1,1,1,1,1,-1,-1,-1,1,-1,1,1,-1,-1,1,1,1,1,1,1,-1,-1,1,1,-1,1,1,-1,1,1,1,1,1,1,-1,1,1,1,1,1,1,-1,1,1,1,1,1,1,-1,-1,-1,1,1,1,1,-1,1,1,1,1,-1,1,-1,1,-1,1,1,1,-1,-1,1,1,1,1,1,-1,1,-1,-1,1,-1,1,-1,1,1,1,1,1,1,1,1,1,1,1,-1,1,-1,1,1,-1,1,-1,1,1,-1,1,-1,1,-1,1,-1,1,1,-1,1,-1,1,1,1,1,-1,-1,1,1,-1,-1,1,-1,1,-1,1,1,-1,1,-1,1,-1,1,-1,-1,1,-1,-1,-1,1,1,-1,1,-1,1,1,1,-1,1,1,-1,1,-1,1,-1,1,-1,1,-1,1,1,-1,1,-1,-1,-1,1,1,-1,1,-1,-1,-1,1,1,-1,-1,1,1,-1,-1,1,1,-1,1,1,-1,1,1,1,1,-1,1,-1,1,1,-1,1,-1,1,-1,1,1,1,1,1,1,-1,-1,1,-1,-1,-1,1,1,-1,1,1,1,-1,1,1,1,1,1,1,1,1,-1,1,1,1,-1,1,1,-1,1,1,1,-1,1,1,-1,-1,1,1,1,-1,1,-1,1,1,1,-1,1,1,-1,1,1,1,-1,1,1,-1,1,1,1,-1,1,1,-1,-1,1,1,-1,1,1,-1,1,-1,1,-1,1,-1,1,-1,1,1,1,-1,-1,1,-1,1,1,-1,1,1,1,-1,-1,-1,-1,1,1,1,-1,1,1,-1,1,1,-1,-1,1,1,1,1,1,-1,1,1,1,-1,1,1,1,-1,-1,1,1,1,-1,1,-1,1,1,1,-1,1,1,-1,-1,-1,1,-1,1,1,-1,1,-1,1,-1,1,1,1,-1,-1,1,-1,-1,1,-1,1,-1,1,1,1,1,1,1,-1,-1,1,-1,1,1,-1,-1,1,1,1,-1,1,-1,-1,-1,1,-1,1,1,-1,-1,1,1,1,1,-1,1,-1,1,-1,1,1,-1,-1,-1,1,-1,1,1,-1,-1,-1,1,-1,1,1,1,-1,-1,1,-1,-1,1,-1,-1,-1,1,-1,1,1,1,-1,-1,1,1,-1,1,-1,-1,-1,-1,1,-1,1,-1,-1,-1,1,-1,-1,1,-1,-1,-1,-1,1,-1,1,-1,-1,-1,-1,1,-1,-1,1,1,1,-1,1,-1,1,1,1,-1,1,-1,-1,-1,1,-1,1,-1,1,1,-1,1,-1,-1,1,1,-1,1,1,-1,-1,-1,1,-1,-1,1,-1,-1,1,1,1,-1,1,-1,-1,1,1,-1,-1,1,-1,1,1,1,-1,-1,1,-1,-1,-1,1,1,-1,1,1,-1,-1,1,-1,-1,1,-1,1,-1,1,1,-1,-1,1,-1,-1,-1,-1,-1,1,1,1,-1,-1,1,-1,-1,1,-1,-1,1,-1,-1,1,1,-1,-1,1,1,-1,1,1,-1,1,-1,1,-1,-1,1,1,-1,-1,-1,-1,-1,1,-1,-1,1,-1,-1,-1,1,1,-1,-1,-1,-1,-1,1,-1,-1,-1,-1,-1,1,1,1,-1,-1,-1,-1,-1,1,1,-1,-1,-1,-1,-1,1,1,1,-1,-1,-1,-1,1,1,-1,-1,-1,-1,1,1,1,1,1,-1,1,1,1,1,1,1,-1,-1,1,1,1,-1,-1,-1,1,1,1,1,-1,1,-1,-1,1,-1,1,-1,1,-1,-1,1,-1,1,-1,1,-1,-1,1,-1,1,-1,1,1,-1,1,-1,1,1,1,1,-1,1,-1,1,1,1,-1,-1,1,1,-1,1,1,-1,-1,1,-1,1,-1,1,-1,-1,-1,-1,-1,1,1,-1,-1,1,-1,-1,1,1,-1,-1,-1,-1,1,-1,1,-1,-1,-1,-1,1,1,-1,-1,1,-1,-1,1,-1,1,-1,-1,-1,-1,-1,1,1,1,-1,-1,-1,1,1,1,-1,-1,-1,1,-1,-1,1,-1,1,-1,-1,1,1,1,-1,-1,-1,-1,1,-1,1,1,-1,1,-1,-1,1,1,-1,-1,-1,-1,-1,-1,1,1,-1,-1,1,-1,1,1,-1,-1,-1,1,-1,1,1,-1,-1,1,-1,-1,1,1,1,-1,1,-1,1,1,1,-1,-1,1,-1,-1,1,1,1,-1,1,-1,-1,1,1,-1,1,1,-1,-1,1,1,-1,1,1,-1,-1,1,1,1,1,1,-1,-1,1,1,1,1,-1,1,-1,-1,1,1,-1,1,-1,-1,1,-1,1,1,1,1,-1,-1,1,-1,1,1,1,-1,1,1,1,1,-1,1,-1,1,1,1,1,1,1,1,-1,1,1,1,1,-1,1,-1,1,1,1,1,1,-1,1,1,1,1,-1,1,1,-1,1,1,-1,1,1,-1,-1,1,1,1,1,-1,1,-1,1,1,1,-1,-1,1,-1,1,1,1,-1,1,-1,-1,-1,1,1,-1,-1,1,-1,-1,1,1,-1,-1,1,-1,-1,1,1,1,-1,-1,-1,-1,1,1,-1,-1,-1,1,-1,1,1,-1,1,1,-1,1,1,-1,-1,1,1,-1,-1,1,1,-1,1,1,-1,1,1,-1,-1,-1,-1,1,-1,-1,-1,-1,-1,1,-1,1,1,-1,1,1,-1,1,1,1,1,-1,1,-1,1,1,1,-1,-1,1,-1,-1,-1,1,-1,-1,1,-1,1,1,1,-1,-1,1,-1,1,1,1,1,-1,1,-1,-1,1,1,-1,-1,-1,1,-1,1,1,1,-1,1,-1,1,1,-2668.0,1,2000,445,500,False
1426,1,1,-1,-1,1,1,-1,-1,1,1,1,-1,-1,1,1,1,-1,1,-1,-1,-1,-1,1,1,1,-1,-1,-1,1,1,1,1,1,-1,-1,-1,1,1,1,1,-1,-1,-1,1,1,1,1,-1,1,1,1,1,-1,1,-1,-1,1,-1,1,1,1,-1,-1,-1,1,1,1,1,-1,-1,-1,1,1,1,1,-1,-1,-1,1,1,1,-1,-1,-1,1,1,1,1,-1,-1,1,1,1,1,1,-1,-1,-1,1,-1,1,1,-1,-1,1,1,1,1,1,-1,-1,-1,1,1,1,1,-1,-1,1,1,1,1,1,1,-1,-1,1,1,-1,1,1,-1,1,1,1,1,1,1,-1,1,1,1,-1,1,1,-1,1,1,1,1,1,1,-1,-1,-1,1,-1,1,1,-1,1,1,1,1,-1,1,-1,1,-1,1,1,1,-1,-1,1,1,1,-1,1,-1,1,-1,-1,1,1,1,-1,1,1,1,1,-1,1,1,1,1,-1,1,-1,1,-1,1,1,-1,1,-1,1,1,-1,1,-1,1,-1,1,-1,1,1,-1,1,-1,1,1,1,1,-1,-1,1,1,-1,-1,1,-1,1,1,-1,1,-1,1,-1,1,-1,1,-1,-1,1,-1,-1,1,1,1,-1,1,-1,1,1,1,-1,1,1,-1,1,-1,1,-1,1,-1,1,-1,1,1,-1,1,-1,-1,1,1,1,-1,1,-1,-1,-1,-1,1,-1,-1,1,1,-1,-1,1,1,-1,1,1,-1,1,1,1,1,-1,1,-1,1,1,-1,1,-1,1,1,-1,1,1,1,1,1,-1,-1,1,-1,-1,-1,1,1,-1,1,1,1,-1,1,-1,-1,1,1,1,1,1,-1,1,1,1,-1,1,1,-1,1,1,1,-1,1,1,-1,1,-1,1,1,-1,1,-1,1,1,1,-1,1,1,-1,1,1,1,-1,1,-1,-1,1,1,1,-1,1,-1,-1,1,1,1,-1,1,-1,-1,-1,-1,1,-1,1,1,-1,1,1,1,1,-1,1,-1,-1,-1,1,-1,1,-1,-1,1,-1,-1,-1,1,1,-1,1,-1,1,-1,1,-1,1,-1,1,1,1,1,-1,1,-1,1,1,-1,1,-1,-1,-1,-1,1,1,1,1,-1,-1,1,1,1,-1,-1,-1,1,-1,-1,1,-1,1,-1,1,-1,1,1,-1,-1,-1,1,1,-1,1,-1,1,-1,-1,1,-1,1,1,-1,-1,-1,1,-1,-1,1,1,-1,-1,1,-1,1,1,-1,1,-1,1,-1,-1,1,1,-1,1,1,-1,1,1,-1,-1,1,1,-1,1,-1,1,-1,1,-1,-1,1,-1,1,-1,1,-1,-1,1,-1,-1,-1,1,-1,-1,1,-1,1,-1,1,-1,-1,1,-1,-1,1,-1,1,-1,1,1,1,-1,1,1,-1,-1,-1,1,-1,1,-1,-1,1,-1,1,1,-1,1,-1,-1,1,1,-1,-1,1,1,-1,1,1,1,1,1,1,-1,1,1,1,-1,1,-1,1,-1,-1,-1,1,-1,-1,1,1,1,-1,1,-1,1,-1,-1,-1,1,1,-1,1,1,-1,-1,-1,1,-1,1,1,-1,1,-1,1,-1,-1,-1,-1,-1,-1,1,-1,-1,-1,-1,-1,-1,1,-1,1,1,1,1,-1,1,-1,1,1,-1,-1,-1,1,-1,-1,1,-1,1,-1,-1,1,1,1,1,-1,-1,1,1,1,1,-1,1,-1,-1,1,1,1,-1,-1,-1,1,1,1,1,-1,-1,-1,1,-1,1,-1,1,1,-1,-1,1,1,1,-1,-1,-1,-1,1,1,1,1,-1,-1,-1,1,1,1,1,-1,-1,-1,1,-1,1,-1,-1,-1,-1,1,1,1,1,-1,1,-1,1,-1,1,1,-1,-1,-1,1,1,-1,1,-1,-1,-1,1,1,1,1,-1,-1,1,-1,1,-1,1,-1,1,1,-1,1,1,-1,-1,-1,1,1,-1,1,1,-1,1,-1,1,-1,1,1,-1,-1,1,-1,1,-1,1,-1,1,-1,1,-1,1,-1,-1,-1,-1,-1,-1,1,-1,-1,-1,1,1,-1,-1,1,-1,1,-1,-1,-1,-1,-1,-1,-1,1,1,1,-1,-1,-1,-1,1,-1,1,-1,-1,-1,-1,-1,-1,-1,1,-1,-1,-1,1,-1,-1,1,-1,-1,-1,-1,-1,1,1,-1,-1,-1,-1,-1,1,-1,-1,-1,1,-1,-1,1,-1,1,-1,-1,-1,-1,-1,-1,-1,1,-1,-1,-1,1,1,1,-1,-1,1,-1,1,-1,-1,-1,1,-1,-1,1,1,1,-1,-1,-1,-1,1,-1,1,1,-1,1,-1,-1,1,1,-1,-1,-1,-1,-1,-1,1,1,-1,-1,1,-1,1,1,-1,-1,-1,1,-1,-1,1,-1,-1,1,-1,-1,1,1,1,-1,1,-1,1,1,1,-1,-1,1,-1,-1,1,1,1,-1,1,-1,-1,1,1,-1,1,1,-1,-1,1,1,-1,1,1,-1,-1,1,1,1,1,1,-1,-1,1,1,1,1,-1,1,-1,-1,1,1,-1,1,-1,-1,1,-1,1,1,1,1,-1,-1,1,-1,1,1,1,-1,1,1,1,1,-1,1,-1,1,1,1,1,1,1,1,-1,1,1,1,1,-1,1,-1,1,1,1,1,1,-1,1,1,1,1,-1,1,1,-1,1,1,-1,1,1,-1,-1,1,1,1,1,-1,1,-1,1,1,1,-1,-1,1,-1,1,1,1,-1,1,-1,-1,-1,1,1,-1,-1,1,-1,-1,1,1,-1,-1,1,-1,-1,1,1,1,-1,1,-1,-1,1,1,-1,-1,-1,1,-1,1,1,-1,1,1,-1,1,1,-1,-1,1,1,-1,-1,1,1,-1,1,1,-1,1,1,-1,-1,-1,-1,1,-1,-1,-1,-1,-1,1,-1,1,1,-1,1,1,-1,1,1,1,1,-1,1,-1,1,1,1,-1,-1,1,-1,-1,1,1,-1,-1,1,-1,1,1,1,-1,-1,1,-1,1,1,1,1,-1,1,-1,-1,1,1,1,-1,-1,1,-1,1,-1,1,-1,1,-1,-1,1,-2668.0,1,2000,445,500,False
1427,1,1,-1,-1,1,-1,1,-1,1,1,1,-1,1,1,1,1,-1,1,-1,-1,1,1,1,1,1,-1,1,-1,1,1,1,1,-1,-1,-1,1,1,1,1,1,-1,-1,1,1,1,1,1,-1,1,1,1,1,-1,1,-1,-1,1,-1,1,1,1,-1,-1,1,1,1,1,1,-1,-1,1,1,1,1,1,-1,-1,-1,1,1,1,-1,-1,-1,1,1,1,1,-1,-1,-1,1,1,1,1,-1,-1,1,1,-1,1,1,-1,-1,1,1,1,1,1,-1,-1,1,1,1,1,1,-1,-1,1,1,1,1,1,1,-1,-1,1,1,-1,1,1,-1,1,1,1,1,1,1,-1,-1,1,1,1,1,1,-1,1,1,1,1,1,1,-1,-1,-1,1,1,1,1,-1,1,-1,1,1,-1,1,-1,1,-1,1,1,1,-1,-1,1,1,1,1,1,-1,1,-1,-1,1,-1,1,-1,1,1,1,1,1,1,1,1,1,-1,1,-1,1,-1,1,1,-1,1,-1,1,1,-1,1,-1,1,-1,1,-1,1,1,-1,1,-1,1,1,1,1,-1,-1,1,1,-1,-1,1,-1,1,-1,-1,1,-1,1,-1,1,-1,1,-1,1,1,-1,1,-1,1,1,-1,1,-1,1,1,1,-1,1,1,-1,-1,-1,1,-1,1,-1,1,-1,1,1,-1,1,-1,-1,-1,1,1,-1,1,-1,-1,-1,1,1,-1,-1,1,1,-1,-1,1,1,-1,1,1,-1,1,1,1,1,-1,1,-1,1,1,-1,1,-1,1,1,-1,1,1,1,1,1,-1,-1,1,-1,-1,-1,1,1,-1,1,1,1,-1,1,-1,-1,1,1,1,1,1,-1,1,1,1,-1,-1,1,-1,1,1,1,-1,1,1,-1,-1,1,1,1,-1,1,-1,1,1,1,-1,1,1,-1,1,1,1,-1,1,-1,-1,1,1,1,-1,1,-1,-1,-1,1,1,-1,1,-1,-1,1,-1,1,-1,1,1,-1,-1,1,1,1,1,1,-1,-1,1,1,-1,1,-1,-1,-1,-1,-1,-1,1,1,-1,-1,1,1,-1,1,-1,1,-1,1,1,1,1,1,-1,1,1,1,-1,1,-1,-1,-1,-1,1,1,1,1,-1,-1,1,1,1,1,-1,-1,1,-1,-1,1,-1,1,-1,-1,1,-1,1,1,-1,-1,1,1,-1,1,-1,1,-1,-1,1,-1,1,1,-1,-1,-1,1,-1,-1,1,1,-1,-1,1,-1,1,1,-1,1,-1,1,-1,-1,1,1,-1,-1,1,-1,1,1,-1,-1,1,1,-1,1,-1,1,-1,1,-1,-1,1,-1,1,-1,1,-1,-1,1,-1,-1,-1,1,-1,-1,1,-1,1,-1,1,-1,-1,1,-1,-1,1,-1,1,-1,1,1,1,-1,1,1,-1,-1,-1,1,-1,1,-1,-1,1,-1,1,1,1,1,-1,-1,1,1,-1,1,1,-1,-1,1,1,1,-1,1,1,-1,1,1,1,1,1,1,1,-1,-1,1,1,-1,1,1,1,-1,1,1,-1,1,-1,-1,-1,1,1,-1,1,1,-1,1,-1,1,-1,1,1,-1,-1,-1,1,-1,-1,-1,-1,1,-1,1,-1,-1,-1,-1,-1,-1,1,-1,1,1,1,1,-1,1,-1,1,1,-1,-1,-1,1,-1,-1,1,-1,-1,-1,-1,1,1,1,1,-1,-1,1,1,1,1,-1,1,-1,-1,1,1,1,-1,-1,-1,-1,1,1,1,-1,-1,-1,1,-1,1,-1,1,-1,-1,-1,1,1,1,-1,-1,-1,1,1,1,1,1,-1,-1,-1,1,1,1,1,-1,-1,-1,1,-1,1,-1,-1,-1,1,1,1,1,1,-1,-1,-1,1,1,1,1,-1,-1,-1,1,1,-1,1,-1,-1,-1,1,1,1,1,-1,-1,1,1,1,1,-1,-1,1,1,-1,1,1,-1,-1,-1,1,1,1,1,1,-1,1,1,1,1,1,-1,-1,-1,1,-1,1,-1,-1,-1,-1,1,-1,1,1,-1,-1,-1,1,-1,1,1,-1,-1,-1,1,1,1,1,-1,-1,-1,1,-1,1,1,-1,-1,-1,1,1,-1,-1,-1,-1,-1,1,-1,1,-1,-1,-1,-1,-1,-1,-1,1,-1,-1,-1,1,-1,-1,1,-1,-1,-1,-1,-1,1,1,-1,-1,-1,-1,-1,1,-1,-1,-1,1,-1,-1,1,-1,1,-1,-1,-1,-1,-1,-1,-1,1,-1,-1,-1,1,1,-1,-1,-1,1,-1,-1,-1,-1,-1,1,-1,-1,1,1,1,-1,-1,-1,-1,1,-1,1,1,-1,1,-1,-1,1,1,-1,-1,-1,-1,-1,-1,1,1,-1,-1,1,-1,1,1,-1,-1,-1,1,-1,1,1,-1,-1,1,-1,-1,1,1,1,-1,1,-1,1,1,1,-1,-1,1,-1,-1,1,1,1,-1,1,-1,-1,1,1,-1,1,1,-1,-1,1,1,-1,1,1,-1,-1,1,1,-1,1,1,-1,-1,1,1,1,1,1,1,-1,-1,1,1,1,1,-1,-1,1,-1,1,1,1,1,-1,-1,1,-1,1,1,1,-1,1,1,1,1,-1,1,-1,1,1,1,1,1,1,1,-1,1,1,1,1,-1,1,-1,1,1,1,1,1,-1,1,1,1,1,-1,1,1,-1,1,1,-1,1,1,-1,-1,1,1,1,1,-1,1,-1,1,1,1,-1,-1,1,-1,1,1,1,-1,1,-1,-1,-1,1,1,-1,-1,1,-1,-1,1,1,1,-1,1,-1,-1,1,1,1,-1,1,-1,-1,1,1,-1,-1,-1,1,-1,-1,1,-1,1,1,-1,1,1,-1,-1,1,-1,-1,-1,1,1,-1,1,1,-1,1,1,-1,-1,1,-1,1,-1,-1,-1,-1,1,-1,-1,1,1,-1,1,1,-1,1,1,1,1,-1,1,-1,1,1,1,1,-1,1,-1,-1,1,1,1,-1,1,-1,1,1,1,1,-1,1,-1,1,1,-1,-1,-1,1,-1,-1,1,1,-1,-1,-1,1,-1,1,-1,1,-1,1,-1,-1,1,-2668.0,1,2000,445,0,False
1428,1,1,-1,-1,1,-1,-1,-1,1,1,1,-1,1,1,1,1,-1,1,-1,-1,-1,-1,1,1,1,-1,-1,-1,1,1,1,1,-1,-1,-1,-1,1,-1,1,1,-1,-1,-1,1,1,1,1,-1,1,1,1,1,-1,1,-1,-1,1,-1,1,1,1,-1,-1,-1,1,1,1,1,-1,1,-1,1,1,1,1,-1,-1,-1,1,1,1,-1,-1,-1,1,1,1,1,-1,1,-1,1,1,1,1,-1,-1,1,1,-1,1,1,-1,-1,1,1,1,1,1,-1,-1,1,1,1,1,1,-1,-1,1,1,1,1,1,1,-1,1,1,1,-1,1,1,-1,1,1,1,1,1,1,-1,-1,1,1,1,1,1,-1,1,1,1,1,1,1,-1,-1,-1,1,1,1,1,-1,1,1,1,1,-1,1,-1,1,1,1,1,1,-1,-1,1,1,1,1,1,-1,1,-1,-1,1,1,1,-1,1,1,1,1,-1,1,1,1,1,-1,1,-1,1,-1,1,1,-1,1,-1,1,1,-1,1,-1,1,-1,1,-1,1,1,-1,1,-1,1,1,1,1,-1,-1,1,1,-1,-1,1,-1,1,-1,1,1,-1,1,-1,1,-1,1,-1,1,1,-1,-1,-1,1,1,-1,1,-1,1,1,1,-1,1,1,-1,-1,-1,1,-1,1,-1,1,-1,1,1,-1,1,-1,-1,-1,1,1,-1,1,-1,-1,-1,1,1,-1,-1,1,1,-1,-1,1,1,-1,1,1,-1,1,1,1,1,-1,1,-1,1,1,-1,1,-1,1,1,-1,1,1,1,1,1,-1,-1,1,-1,-1,1,1,1,-1,1,1,1,-1,1,-1,-1,1,1,1,1,1,-1,1,1,1,-1,-1,1,-1,1,1,1,-1,1,1,-1,-1,1,1,1,-1,1,-1,1,1,1,-1,1,1,-1,1,1,1,-1,1,-1,-1,1,1,1,-1,1,-1,-1,-1,1,1,-1,1,-1,-1,1,-1,1,-1,1,1,-1,-1,1,1,1,-1,1,-1,-1,1,1,-1,1,-1,-1,-1,-1,-1,-1,1,-1,-1,-1,1,1,-1,1,-1,1,-1,1,1,1,1,-1,-1,1,1,1,-1,1,-1,-1,-1,-1,1,1,1,1,-1,-1,1,1,1,1,-1,-1,1,-1,-1,1,-1,1,-1,-1,1,-1,1,1,-1,-1,1,1,-1,1,-1,1,-1,-1,1,-1,1,1,-1,-1,-1,1,-1,-1,1,1,-1,-1,1,-1,1,1,-1,1,-1,1,-1,-1,1,1,-1,-1,1,-1,1,1,-1,-1,1,1,-1,1,-1,1,-1,1,-1,-1,1,-1,1,-1,1,-1,-1,1,-1,-1,-1,1,-1,-1,1,-1,1,-1,1,-1,-1,1,-1,-1,1,-1,1,-1,1,1,1,-1,1,1,-1,-1,1,1,-1,1,-1,-1,1,-1,1,1,1,1,-1,-1,1,1,-1,1,1,-1,-1,1,1,1,-1,1,1,-1,1,1,1,1,-1,-1,1,-1,-1,-1,1,-1,1,1,1,1,-1,1,-1,1,-1,-1,-1,1,1,-1,1,1,-1,-1,1,1,-1,1,1,-1,1,-1,1,-1,-1,-1,-1,-1,-1,1,-1,-1,-1,-1,-1,-1,1,-1,1,1,1,1,-1,1,-1,1,1,-1,-1,-1,1,-1,-1,1,-1,1,-1,-1,1,1,1,1,-1,-1,-1,1,1,1,-1,1,-1,1,1,1,1,-1,-1,-1,1,1,1,1,-1,-1,-1,1,-1,1,-1,1,-1,-1,-1,1,1,1,-1,-1,-1,1,1,1,1,1,-1,-1,-1,1,1,1,1,-1,-1,-1,1,-1,1,-1,-1,-1,1,1,1,1,1,-1,-1,-1,1,1,1,1,-1,-1,-1,1,1,-1,1,-1,-1,-1,1,1,1,1,-1,-1,1,1,1,1,-1,-1,1,1,-1,1,1,-1,-1,-1,1,1,1,1,1,-1,1,1,1,1,1,-1,-1,-1,1,-1,1,-1,-1,-1,-1,1,-1,1,1,-1,-1,-1,1,-1,1,1,-1,1,-1,1,1,1,1,-1,1,1,-1,-1,1,1,-1,-1,-1,1,1,-1,-1,-1,-1,-1,1,-1,1,-1,-1,-1,-1,-1,-1,-1,1,-1,-1,-1,1,-1,-1,1,-1,-1,-1,-1,-1,1,1,-1,-1,-1,-1,-1,1,-1,-1,-1,1,-1,-1,1,-1,1,-1,-1,-1,-1,-1,-1,-1,1,-1,-1,-1,1,1,-1,-1,-1,-1,1,-1,-1,-1,-1,1,-1,-1,1,1,1,-1,-1,-1,-1,1,-1,1,1,-1,1,-1,-1,1,1,-1,-1,-1,-1,-1,-1,1,1,-1,-1,1,-1,1,1,-1,-1,-1,1,-1,1,1,-1,-1,1,-1,-1,1,1,1,-1,1,-1,1,1,1,-1,-1,1,-1,-1,1,1,1,-1,1,-1,-1,1,1,-1,1,1,-1,-1,1,1,1,1,1,-1,-1,1,1,-1,1,1,-1,-1,1,1,1,1,1,1,-1,-1,1,1,-1,1,-1,-1,1,-1,1,1,1,1,-1,-1,1,-1,1,1,1,-1,1,1,1,1,-1,1,-1,1,1,1,1,1,1,1,-1,1,1,1,1,-1,1,-1,1,1,1,1,1,-1,1,1,1,1,-1,1,1,-1,1,1,-1,1,1,-1,-1,1,1,1,1,-1,1,-1,1,1,1,-1,-1,1,-1,1,1,1,-1,1,-1,-1,-1,1,1,-1,-1,1,-1,-1,1,1,-1,-1,1,-1,-1,1,1,1,-1,1,-1,-1,1,1,-1,-1,-1,1,-1,-1,1,-1,1,1,-1,1,1,-1,-1,1,-1,-1,-1,-1,1,-1,1,1,-1,1,1,-1,-1,-1,-1,1,-1,-1,-1,-1,1,-1,-1,1,1,-1,1,1,-1,1,1,1,1,-1,1,-1,1,1,1,1,-1,1,-1,-1,-1,1,1,-1,1,-1,1,1,1,1,-1,1,-1,1,1,1,-1,-1,1,-1,-1,1,1,-1,-1,-1,1,-1,1,-1,1,-1,1,-1,-1,1,-2668.0,1,2000,445,0,False
1429,1,1,-1,-1,1,1,-1,1,1,1,1,-1,1,1,1,1,-1,1,-1,-1,-1,1,1,1,1,-1,-1,-1,1,1,1,1,-1,-1,-1,1,-1,1,1,1,-1,-1,1,1,1,1,1,-1,1,1,1,1,-1,1,-1,-1,1,-1,1,1,1,-1,-1,1,1,1,1,1,-1,-1,1,1,1,1,1,-1,-1,-1,1,1,1,-1,-1,-1,1,1,1,1,-1,-1,1,1,1,1,1,-1,-1,-1,1,-1,1,1,-1,-1,1,1,1,1,1,-1,-1,-1,1,-1,1,1,-1,-1,1,1,1,1,1,1,-1,-1,1,1,-1,1,1,-1,1,1,1,1,1,1,-1,1,1,1,1,1,1,-1,1,1,1,1,1,1,-1,-1,-1,1,1,1,1,-1,1,1,1,1,-1,1,-1,1,-1,1,1,1,-1,-1,1,1,1,1,1,-1,1,-1,-1,1,-1,1,-1,1,1,1,1,1,1,1,1,1,-1,1,-1,1,-1,1,1,-1,1,-1,1,1,-1,1,-1,1,-1,1,-1,1,1,-1,-1,-1,1,1,1,1,-1,-1,1,1,-1,-1,1,-1,1,-1,-1,1,-1,1,-1,1,-1,1,-1,-1,1,-1,-1,-1,1,1,-1,1,-1,1,1,1,-1,1,1,-1,1,-1,1,-1,1,-1,1,-1,1,1,-1,1,-1,-1,-1,1,1,-1,1,-1,-1,-1,1,1,-1,-1,1,1,-1,-1,1,1,-1,1,1,-1,1,1,1,1,-1,1,-1,1,1,-1,1,-1,1,-1,1,1,1,1,1,1,-1,-1,1,-1,-1,-1,1,1,-1,1,1,1,-1,1,1,1,1,1,1,-1,1,-1,1,1,1,-1,-1,1,-1,1,1,1,-1,1,1,-1,-1,1,1,1,-1,1,-1,1,1,1,-1,1,1,-1,1,1,1,-1,1,1,-1,1,1,1,-1,1,1,-1,-1,1,1,-1,1,1,-1,1,-1,1,-1,1,1,1,-1,1,1,1,1,1,1,-1,1,1,-1,1,1,1,-1,-1,-1,-1,1,1,1,-1,1,1,-1,1,1,-1,-1,1,1,1,1,1,-1,1,1,1,-1,1,1,1,1,-1,1,1,1,-1,1,-1,1,1,1,1,1,1,-1,-1,-1,1,-1,-1,1,-1,1,-1,1,1,1,1,1,-1,-1,1,-1,-1,1,-1,1,-1,1,1,1,1,1,1,-1,-1,1,-1,1,1,-1,-1,1,1,1,-1,1,-1,-1,-1,1,-1,1,1,-1,-1,1,1,1,1,-1,1,-1,1,-1,1,1,-1,-1,1,1,-1,1,1,-1,-1,-1,1,-1,1,1,1,-1,-1,1,1,-1,1,-1,-1,-1,1,-1,1,1,1,-1,-1,1,-1,-1,1,-1,-1,-1,1,-1,-1,1,-1,-1,-1,1,-1,-1,1,-1,-1,-1,-1,1,-1,1,-1,-1,-1,1,1,-1,-1,1,1,1,-1,1,-1,1,-1,1,-1,1,-1,-1,-1,1,-1,-1,1,1,-1,1,1,-1,1,1,1,-1,1,1,-1,-1,-1,1,1,-1,1,-1,-1,1,1,-1,-1,1,-1,-1,1,1,-1,-1,1,-1,-1,1,1,-1,-1,1,-1,-1,-1,1,1,-1,1,1,-1,-1,1,-1,-1,1,-1,1,-1,1,-1,-1,-1,1,-1,-1,-1,-1,-1,1,1,1,-1,-1,-1,-1,-1,1,-1,-1,1,-1,-1,1,1,-1,-1,1,1,-1,1,1,-1,1,-1,1,-1,-1,1,1,-1,-1,-1,-1,1,1,-1,-1,1,-1,-1,-1,1,1,-1,-1,1,-1,-1,1,-1,-1,-1,-1,-1,-1,1,1,-1,-1,-1,-1,1,1,1,-1,-1,-1,-1,-1,1,1,1,-1,-1,-1,-1,1,1,-1,-1,-1,-1,1,1,1,1,1,-1,1,1,1,1,1,1,-1,-1,1,1,1,-1,-1,-1,1,1,1,1,-1,1,-1,-1,1,-1,1,-1,1,-1,-1,1,-1,1,-1,1,-1,-1,1,-1,1,-1,1,-1,-1,1,-1,1,1,1,-1,-1,1,-1,1,1,1,-1,-1,1,1,-1,1,1,-1,-1,1,-1,1,-1,1,-1,-1,-1,-1,-1,1,1,-1,-1,1,-1,-1,1,1,-1,-1,-1,-1,-1,-1,1,-1,-1,-1,-1,1,1,-1,-1,1,-1,-1,1,-1,1,-1,-1,-1,-1,-1,1,1,1,-1,-1,-1,1,1,1,-1,-1,1,1,-1,-1,1,-1,1,-1,-1,1,1,1,-1,-1,-1,-1,1,-1,1,1,-1,1,-1,-1,1,1,-1,-1,-1,-1,-1,-1,1,1,-1,-1,1,-1,1,1,-1,-1,-1,1,-1,1,1,-1,-1,1,-1,-1,1,1,1,-1,1,-1,1,1,1,-1,-1,1,-1,-1,1,1,1,-1,1,-1,-1,1,1,-1,1,1,-1,-1,1,1,-1,1,1,-1,-1,1,1,-1,1,1,-1,-1,1,1,1,1,-1,1,-1,-1,1,1,-1,1,-1,-1,1,-1,1,1,1,1,-1,-1,1,-1,1,1,1,-1,1,-1,1,1,-1,1,-1,1,1,1,1,1,1,1,-1,-1,1,1,1,-1,1,-1,1,1,1,1,1,-1,1,-1,1,1,-1,1,1,-1,-1,1,-1,1,1,-1,-1,1,1,1,1,-1,1,-1,-1,1,1,-1,-1,1,-1,1,1,1,-1,1,-1,-1,-1,1,1,-1,-1,1,-1,-1,1,1,-1,-1,1,-1,-1,1,1,1,-1,1,-1,-1,1,1,-1,-1,1,1,-1,1,1,-1,1,1,-1,1,1,-1,-1,1,-1,-1,-1,1,1,-1,1,1,-1,1,1,-1,-1,-1,-1,1,-1,-1,-1,-1,1,-1,-1,1,1,-1,1,1,-1,1,1,1,1,-1,1,-1,1,1,1,-1,-1,1,-1,-1,1,1,-1,-1,1,-1,1,1,1,-1,-1,1,-1,1,1,1,1,-1,1,-1,-1,1,1,1,-1,-1,1,-1,1,-1,1,-1,1,-1,-1,1,-2668.0,1,2000,445,500,False
1430,1,1,-1,-1,1,1,-1,-1,1,1,1,-1,1,1,1,1,-1,1,-1,-1,-1,-1,1,1,1,-1,1,-1,1,1,1,1,1,-1,-1,-1,1,-1,1,1,-1,-1,-1,1,1,1,1,-1,1,1,1,1,-1,1,-1,-1,1,-1,1,1,1,-1,-1,-1,1,1,1,1,-1,-1,-1,1,1,1,1,-1,-1,-1,1,1,1,-1,-1,-1,1,1,1,1,-1,-1,-1,1,1,1,1,-1,-1,1,1,-1,1,1,-1,-1,1,1,1,1,1,-1,-1,1,1,-1,1,1,-1,-1,1,1,1,1,1,1,-1,-1,1,1,-1,1,1,-1,1,1,1,1,1,1,-1,-1,1,1,1,1,1,-1,1,1,1,1,1,1,-1,-1,-1,1,1,1,1,-1,1,1,1,1,-1,1,-1,1,-1,1,1,1,-1,-1,1,1,1,1,1,-1,1,-1,-1,1,-1,1,-1,1,1,1,1,1,1,1,1,1,-1,1,-1,1,-1,1,1,-1,1,-1,1,1,-1,1,-1,1,-1,1,-1,1,1,-1,1,-1,1,1,1,1,-1,-1,1,1,-1,-1,1,-1,1,-1,1,1,-1,1,-1,1,-1,1,-1,1,1,-1,-1,-1,1,1,-1,1,-1,1,1,1,-1,1,1,-1,1,-1,1,-1,1,-1,1,-1,1,1,-1,1,-1,-1,-1,1,1,-1,1,-1,-1,-1,1,1,-1,-1,1,1,-1,-1,1,1,-1,1,1,-1,1,1,1,1,-1,1,-1,1,1,-1,1,-1,1,1,-1,1,1,1,1,1,-1,-1,1,-1,-1,-1,1,1,-1,1,1,1,-1,1,-1,-1,1,1,1,-1,1,-1,1,1,1,-1,-1,1,-1,1,1,1,-1,1,1,-1,-1,1,1,1,-1,1,-1,1,1,1,-1,1,1,-1,1,1,1,-1,1,-1,-1,1,1,1,-1,1,-1,-1,-1,1,1,-1,1,-1,-1,1,-1,1,-1,1,1,-1,-1,1,1,1,1,1,-1,-1,1,1,-1,1,-1,-1,-1,-1,-1,-1,1,1,-1,-1,1,1,-1,1,-1,-1,-1,1,1,1,1,-1,-1,1,1,1,-1,1,-1,-1,-1,-1,1,1,1,1,-1,-1,1,1,1,1,-1,-1,-1,-1,-1,1,-1,1,-1,1,-1,1,1,1,-1,-1,1,1,-1,1,-1,1,-1,-1,1,-1,1,1,-1,-1,-1,1,-1,-1,1,1,-1,-1,1,-1,1,1,-1,1,-1,1,-1,-1,1,1,-1,1,1,-1,1,1,-1,-1,1,1,-1,1,-1,1,-1,1,-1,-1,1,-1,1,-1,1,-1,-1,1,-1,-1,-1,1,-1,-1,1,-1,1,-1,1,-1,-1,1,-1,-1,1,-1,1,-1,1,1,1,-1,1,1,-1,-1,-1,1,-1,1,-1,-1,1,-1,1,1,-1,1,-1,-1,1,1,-1,-1,1,-1,-1,1,1,1,1,1,1,-1,1,1,1,-1,-1,1,1,-1,-1,-1,1,-1,1,1,-1,1,-1,1,-1,1,-1,-1,-1,1,1,-1,1,1,-1,-1,-1,1,-1,1,1,-1,1,-1,1,-1,-1,-1,-1,-1,-1,1,-1,-1,-1,-1,-1,-1,1,-1,1,1,1,1,-1,1,-1,1,1,-1,-1,-1,1,-1,-1,1,-1,1,-1,-1,1,1,1,1,-1,-1,1,1,1,1,-1,1,-1,-1,1,1,1,-1,-1,-1,1,1,1,1,-1,1,-1,1,-1,1,-1,1,1,-1,-1,1,1,1,-1,-1,-1,-1,1,1,1,1,-1,-1,-1,1,1,1,1,-1,-1,-1,1,1,1,-1,-1,-1,1,1,1,1,1,-1,-1,-1,1,1,1,-1,-1,-1,-1,1,1,-1,1,-1,-1,-1,1,1,1,1,-1,-1,1,1,1,1,1,-1,1,1,-1,1,1,-1,-1,-1,1,1,1,1,1,-1,1,1,1,1,1,1,-1,-1,1,-1,1,-1,1,-1,-1,1,-1,1,1,-1,-1,-1,1,-1,1,1,-1,1,-1,1,1,1,-1,1,1,-1,1,-1,1,-1,-1,-1,-1,1,1,-1,-1,-1,-1,-1,1,-1,1,-1,-1,-1,-1,-1,-1,-1,1,-1,-1,-1,1,-1,-1,1,-1,-1,-1,-1,-1,-1,1,-1,-1,-1,-1,-1,1,-1,-1,-1,1,-1,-1,1,-1,1,-1,-1,-1,-1,-1,-1,-1,1,-1,-1,-1,1,1,1,-1,-1,-1,1,-1,-1,-1,-1,1,-1,-1,1,1,1,-1,-1,-1,-1,1,-1,1,1,-1,1,-1,-1,1,1,-1,-1,-1,-1,-1,-1,1,1,-1,-1,1,-1,1,1,-1,-1,-1,1,-1,-1,1,-1,-1,1,-1,-1,1,1,1,-1,1,-1,1,1,1,-1,-1,1,-1,-1,1,1,1,-1,1,-1,-1,1,1,-1,1,1,-1,-1,1,1,1,1,1,-1,-1,1,1,1,1,1,-1,-1,1,1,1,1,1,1,-1,-1,1,1,1,1,-1,-1,1,-1,1,1,1,1,-1,-1,1,-1,1,1,1,-1,1,1,1,1,-1,1,-1,1,1,1,1,1,1,1,-1,1,1,1,1,-1,1,-1,1,1,1,1,1,-1,1,1,1,1,-1,1,1,-1,1,1,-1,1,1,-1,-1,1,1,1,1,-1,1,-1,1,1,1,-1,-1,1,-1,1,1,1,-1,1,-1,-1,-1,1,1,-1,-1,1,-1,-1,1,1,-1,-1,1,-1,-1,-1,1,1,-1,1,-1,-1,1,1,-1,-1,1,1,-1,-1,1,-1,1,1,-1,1,1,-1,-1,1,-1,-1,-1,1,1,-1,1,1,-1,1,1,-1,-1,1,-1,1,-1,-1,-1,-1,1,-1,-1,1,1,-1,1,1,-1,1,1,1,1,-1,1,-1,1,1,1,1,-1,1,-1,-1,1,1,1,-1,1,-1,1,1,1,1,-1,1,-1,1,1,1,-1,-1,1,-1,-1,1,1,-1,-1,-1,1,-1,1,-1,1,-1,1,-1,-1,1,-2668.0,1,2000,445,1000,False
1431,-1,-1,1,1,1,1,-1,1,-1,-1,-1,1,-1,1,-1,-1,1,-1,1,1,1,-1,-1,-1,-1,1,-1,-1,-1,-1,-1,-1,1,1,-1,-1,1,-1,-1,-1,1,-1,-1,-1,-1,-1,-1,-1,1,1,-1,-1,1,-1,1,-1,-1,1,-1,-1,-1,1,1,1,-1,-1,-1,-1,-1,-1,-1,1,-1,-1,-1,-1,1,-1,1,-1,-1,1,1,-1,1,-1,-1,-1,-1,1,-1,-1,-1,-1,-1,-1,-1,1,1,-1,-1,-1,-1,-1,1,1,1,-1,-1,-1,-1,1,1,1,-1,-1,-1,-1,1,1,1,-1,-1,-1,-1,-1,1,1,-1,-1,-1,-1,1,1,1,-1,-1,-1,-1,1,1,1,-1,-1,-1,-1,1,1,1,1,-1,-1,-1,1,-1,1,1,-1,-1,-1,1,1,1,1,-1,-1,-1,1,-1,1,-1,-1,-1,-1,1,1,1,-1,-1,-1,1,-1,-1,1,-1,-1,-1,1,1,1,1,1,-1,1,1,1,-1,1,-1,-1,-1,1,1,-1,1,1,-1,-1,-1,1,-1,1,-1,-1,-1,1,1,-1,1,-1,-1,1,1,1,-1,-1,1,-1,-1,-1,1,-1,1,1,-1,1,-1,1,-1,1,1,-1,-1,1,1,-1,-1,1,1,-1,-1,1,-1,1,1,1,-1,1,1,-1,1,1,-1,-1,1,-1,1,-1,1,-1,-1,1,-1,-1,1,-1,1,-1,1,-1,-1,-1,-1,1,-1,-1,1,1,-1,-1,-1,-1,-1,1,1,-1,1,-1,1,1,-1,1,-1,1,1,-1,1,-1,1,1,-1,1,-1,-1,-1,1,-1,-1,1,-1,-1,-1,1,1,-1,1,1,1,-1,1,-1,-1,1,1,-1,1,1,-1,1,1,-1,1,-1,1,-1,1,1,-1,-1,1,1,-1,1,-1,1,1,-1,1,-1,1,1,1,-1,1,1,-1,1,1,1,-1,1,-1,-1,1,1,1,-1,1,-1,-1,1,1,1,-1,1,-1,-1,-1,-1,1,-1,1,1,-1,1,1,1,1,1,1,-1,-1,-1,1,-1,1,-1,-1,1,-1,-1,-1,1,1,-1,1,-1,1,-1,1,-1,1,-1,1,1,1,1,-1,1,-1,1,1,-1,1,-1,-1,-1,-1,1,1,1,1,-1,-1,1,1,1,1,-1,-1,1,-1,-1,1,-1,1,-1,1,-1,1,1,1,-1,-1,1,1,-1,1,-1,1,-1,-1,1,-1,1,1,-1,-1,-1,1,-1,-1,1,1,-1,-1,1,-1,1,1,-1,1,-1,1,-1,-1,1,1,-1,1,1,-1,1,1,-1,-1,1,1,-1,1,-1,1,-1,1,-1,-1,1,-1,1,-1,1,-1,-1,1,-1,-1,-1,1,-1,-1,1,-1,1,-1,1,-1,-1,1,-1,-1,1,-1,1,-1,1,1,1,-1,1,1,-1,-1,1,1,-1,1,-1,-1,1,1,1,1,-1,1,-1,-1,1,1,-1,-1,1,-1,-1,1,1,1,1,1,1,-1,1,1,1,-1,-1,-1,1,-1,-1,-1,1,-1,-1,1,-1,1,-1,1,-1,1,-1,-1,-1,1,1,-1,1,1,-1,1,-1,1,-1,1,1,-1,1,-1,1,-1,-1,-1,-1,1,-1,1,-1,-1,-1,-1,1,-1,1,-1,1,1,1,-1,-1,1,-1,1,1,-1,1,-1,1,-1,-1,1,-1,1,-1,-1,1,1,1,1,1,-1,1,1,1,1,-1,1,-1,-1,1,1,1,-1,-1,-1,1,1,1,1,-1,-1,-1,1,-1,1,-1,1,1,-1,-1,1,1,1,-1,-1,-1,-1,1,1,1,1,1,-1,-1,1,1,1,1,1,-1,-1,1,-1,1,-1,1,-1,1,1,1,1,1,1,-1,-1,1,-1,1,-1,1,-1,-1,1,1,-1,1,1,-1,-1,1,1,1,1,1,1,-1,1,1,-1,1,1,1,1,-1,1,1,-1,1,-1,1,1,-1,1,1,1,1,-1,1,-1,1,1,1,-1,1,-1,1,-1,1,1,1,-1,1,-1,1,-1,1,1,-1,1,-1,1,-1,1,1,-1,1,-1,-1,1,1,1,1,-1,-1,-1,-1,1,1,-1,-1,1,-1,-1,1,1,1,-1,1,-1,-1,1,1,-1,-1,-1,1,-1,1,1,-1,-1,-1,1,-1,1,1,1,1,1,1,-1,1,1,-1,-1,1,-1,-1,1,1,1,-1,1,-1,1,1,1,1,-1,-1,-1,-1,1,1,1,-1,1,1,-1,1,1,1,-1,1,-1,-1,1,1,1,-1,1,1,1,1,1,-1,-1,1,-1,1,1,1,1,1,-1,1,1,1,1,1,1,-1,-1,1,-1,1,1,1,-1,1,1,1,1,1,1,-1,-1,1,1,1,1,1,-1,1,1,-1,1,1,-1,1,1,1,1,1,1,-1,-1,1,1,1,1,1,-1,-1,1,1,1,1,1,1,-1,1,1,1,1,1,1,-1,1,1,1,1,1,1,-1,1,1,-1,1,1,1,-1,-1,1,-1,1,1,1,-1,1,-1,1,1,1,1,-1,-1,1,-1,1,1,1,-1,1,1,-1,1,-1,1,1,1,1,-1,1,1,1,1,-1,1,1,1,1,-1,1,-1,1,1,1,1,1,-1,1,1,1,1,-1,-1,1,-1,1,1,-1,1,1,-1,-1,1,-1,1,-1,1,1,-1,1,-1,1,-1,-1,1,-1,1,-1,1,-1,1,-1,-1,-1,1,1,-1,-1,1,-1,-1,-1,1,-1,-1,1,-1,-1,-1,1,1,1,-1,-1,-1,1,-1,-1,-1,-1,1,-1,1,1,-1,1,1,-1,1,1,-1,-1,1,-1,-1,-1,-1,-1,-1,1,1,-1,1,1,-1,-1,-1,-1,1,-1,-1,-1,-1,1,-1,-1,1,1,-1,1,1,-1,1,1,-1,-1,-1,1,-1,1,1,1,-1,-1,1,-1,-1,-1,1,-1,-1,1,-1,1,1,1,-1,-1,1,-1,1,1,-1,-1,-1,1,-1,-1,1,1,-1,-1,-1,1,-1,1,-1,1,-1,1,-1,-1,1,-2668.0,1,2000,445,500,False
1432,1,1,-1,-1,1,1,-1,-1,1,1,1,-1,1,1,1,1,-1,1,-1,-1,1,-1,1,1,1,-1,-1,-1,1,1,1,1,-1,-1,-1,-1,1,-1,1,1,-1,-1,-1,1,1,1,1,-1,1,1,1,1,-1,1,-1,-1,1,-1,1,1,1,-1,-1,-1,1,1,1,1,-1,-1,-1,1,1,1,1,-1,-1,-1,1,1,1,-1,-1,-1,1,1,1,1,-1,-1,-1,1,1,1,1,-1,-1,1,1,-1,1,1,-1,-1,1,1,1,1,1,-1,-1,1,1,-1,1,1,-1,-1,1,1,1,1,1,1,-1,-1,1,1,-1,1,1,-1,1,1,1,1,1,1,-1,-1,1,1,1,1,1,-1,1,1,1,1,1,1,-1,-1,-1,1,1,1,1,-1,1,1,1,1,-1,1,-1,1,-1,1,1,1,-1,-1,1,1,1,1,1,-1,1,-1,-1,1,-1,1,-1,1,1,1,1,1,1,1,1,1,-1,1,-1,1,-1,1,1,-1,1,-1,1,1,-1,1,-1,1,-1,1,-1,1,1,-1,1,-1,1,1,1,1,-1,-1,1,1,-1,-1,1,-1,1,-1,-1,1,-1,1,-1,1,-1,1,-1,1,1,-1,-1,-1,1,1,-1,1,-1,1,1,1,-1,1,1,-1,-1,-1,1,-1,1,-1,-1,-1,1,1,-1,1,-1,-1,-1,1,1,-1,1,-1,-1,-1,1,1,-1,-1,1,-1,-1,-1,1,1,-1,1,1,-1,1,1,1,1,-1,1,-1,1,1,-1,1,-1,1,-1,1,1,1,1,1,1,-1,-1,1,-1,-1,-1,1,1,-1,1,1,1,-1,1,1,1,1,1,1,-1,1,-1,1,1,1,-1,1,-1,-1,1,1,1,-1,1,1,-1,-1,1,1,1,-1,1,-1,1,1,1,-1,1,1,-1,1,1,1,-1,1,1,-1,1,1,1,-1,1,1,-1,-1,1,1,-1,1,1,-1,1,-1,1,-1,1,1,1,-1,1,1,1,-1,1,1,-1,1,1,-1,1,1,1,-1,-1,-1,-1,1,1,1,-1,1,1,-1,1,1,-1,-1,1,1,1,1,1,-1,1,1,1,-1,1,1,1,-1,-1,1,1,1,-1,1,-1,1,-1,1,1,1,1,-1,-1,-1,1,-1,-1,1,1,-1,1,1,1,1,1,1,1,-1,1,-1,-1,1,-1,1,-1,1,1,1,1,1,1,-1,-1,1,-1,1,1,1,-1,1,1,1,-1,1,1,-1,-1,1,-1,1,1,1,-1,1,1,1,1,1,1,-1,1,-1,-1,1,1,-1,1,1,-1,-1,1,1,-1,-1,1,-1,1,1,1,-1,-1,1,-1,-1,1,1,-1,-1,1,-1,1,1,1,1,-1,1,1,-1,-1,1,1,-1,1,-1,1,-1,1,-1,-1,1,-1,-1,1,-1,1,-1,-1,1,-1,1,-1,1,-1,1,1,-1,-1,1,1,1,-1,1,-1,1,-1,1,-1,1,-1,-1,-1,1,-1,-1,1,1,1,-1,1,-1,1,1,1,-1,1,1,-1,1,-1,1,-1,-1,1,-1,-1,1,1,1,-1,1,1,-1,1,1,-1,-1,1,-1,-1,1,1,-1,-1,1,1,-1,-1,1,1,-1,1,-1,-1,-1,1,-1,-1,1,-1,1,-1,1,1,-1,-1,1,-1,-1,-1,-1,-1,1,1,1,-1,1,1,-1,-1,1,-1,-1,-1,-1,-1,1,1,-1,-1,-1,1,-1,1,1,-1,1,1,1,-1,-1,1,1,-1,-1,-1,-1,1,1,-1,-1,1,-1,-1,-1,1,1,-1,-1,-1,-1,-1,1,-1,-1,1,-1,-1,1,1,1,-1,1,-1,-1,-1,1,1,-1,-1,-1,-1,-1,1,1,1,-1,-1,-1,-1,1,1,-1,-1,-1,-1,1,1,1,1,-1,-1,1,1,1,1,1,-1,-1,-1,1,1,1,-1,1,-1,1,1,1,1,-1,1,-1,-1,1,-1,1,-1,1,-1,-1,1,-1,1,-1,-1,-1,-1,1,-1,1,-1,1,1,-1,1,-1,1,-1,1,1,-1,1,-1,1,-1,-1,-1,-1,1,1,-1,-1,-1,-1,-1,1,-1,1,-1,-1,-1,-1,-1,-1,-1,1,-1,-1,-1,1,-1,-1,1,-1,-1,-1,-1,-1,1,1,-1,-1,-1,-1,-1,1,-1,-1,-1,1,-1,-1,1,-1,1,-1,-1,-1,-1,-1,-1,-1,1,-1,-1,-1,1,1,-1,-1,-1,1,1,-1,-1,-1,-1,1,-1,-1,1,-1,1,-1,-1,-1,-1,1,-1,1,1,-1,1,-1,-1,1,1,-1,-1,-1,-1,-1,-1,1,1,-1,-1,1,-1,1,1,-1,-1,-1,1,-1,-1,1,-1,-1,1,-1,-1,1,1,1,-1,1,-1,1,1,1,-1,-1,1,-1,-1,1,1,1,-1,1,-1,-1,1,1,-1,1,1,-1,-1,1,1,-1,1,1,-1,-1,1,1,-1,1,1,-1,-1,1,1,1,1,1,1,-1,1,1,1,1,1,-1,-1,1,-1,1,1,1,1,-1,-1,1,-1,1,1,1,-1,1,-1,1,1,-1,1,-1,1,1,1,1,1,1,1,-1,-1,1,1,1,-1,1,-1,1,1,1,1,1,-1,1,-1,1,1,-1,1,1,-1,-1,1,-1,1,1,-1,-1,1,1,1,1,-1,1,-1,-1,1,1,-1,-1,1,-1,1,1,1,-1,1,-1,-1,-1,1,1,-1,-1,1,-1,-1,1,1,1,-1,1,-1,-1,1,1,1,-1,1,-1,-1,1,1,-1,-1,-1,1,-1,1,1,-1,1,1,-1,1,1,-1,-1,1,1,-1,-1,1,1,-1,1,1,-1,1,1,-1,-1,-1,-1,1,-1,-1,-1,-1,1,-1,-1,1,1,-1,1,1,-1,1,1,1,1,-1,1,-1,1,1,1,1,-1,1,-1,-1,1,1,1,-1,1,-1,1,1,1,1,-1,1,-1,1,1,-1,-1,-1,1,-1,-1,1,1,-1,-1,-1,1,-1,1,-1,1,-1,1,-1,-1,1,-2668.0,1,2000,445,500,False
1433,1,1,-1,-1,1,1,-1,-1,1,1,1,-1,1,1,1,1,-1,1,-1,-1,-1,-1,1,1,1,-1,-1,-1,1,1,1,1,-1,-1,-1,-1,1,-1,1,1,-1,-1,-1,1,1,1,1,-1,1,1,1,1,-1,1,-1,-1,1,-1,1,1,1,-1,-1,-1,1,1,1,1,-1,-1,-1,1,1,1,1,-1,-1,-1,1,1,1,-1,-1,-1,1,1,1,1,-1,-1,1,1,1,1,1,-1,-1,-1,1,-1,1,1,-1,-1,1,1,1,1,1,-1,-1,-1,1,-1,1,1,-1,-1,1,1,1,1,1,1,-1,-1,1,1,-1,1,1,-1,1,1,1,1,1,1,-1,1,1,1,1,1,1,-1,1,1,1,1,1,1,-1,-1,-1,1,1,1,1,-1,1,1,1,1,-1,1,-1,1,-1,1,1,1,-1,-1,1,1,1,1,1,-1,1,-1,-1,1,-1,1,-1,1,1,1,1,1,1,1,1,1,-1,1,-1,1,-1,1,1,-1,1,-1,1,1,-1,1,-1,1,-1,1,-1,1,1,-1,1,-1,1,1,1,1,-1,-1,1,1,-1,-1,1,-1,1,-1,-1,1,-1,1,-1,1,-1,1,-1,1,1,-1,-1,-1,1,1,-1,1,-1,1,1,1,-1,1,1,-1,1,-1,1,-1,1,-1,1,-1,1,1,-1,1,-1,-1,-1,1,1,-1,1,-1,-1,-1,1,1,-1,-1,1,1,-1,-1,1,1,-1,1,1,-1,1,1,1,1,-1,1,-1,1,1,-1,1,-1,1,1,1,1,1,1,1,1,-1,-1,1,-1,-1,1,1,1,-1,1,1,1,-1,1,-1,-1,1,1,1,-1,1,-1,1,1,1,-1,-1,1,-1,1,1,1,-1,1,1,-1,-1,1,1,1,-1,1,-1,1,1,1,-1,1,1,-1,1,1,1,-1,1,-1,-1,1,1,1,-1,1,-1,-1,-1,1,1,-1,1,-1,-1,1,-1,1,-1,1,1,-1,-1,1,1,1,1,1,-1,-1,1,1,-1,1,-1,-1,-1,-1,-1,-1,1,1,-1,-1,1,1,-1,1,-1,-1,-1,1,1,1,1,-1,-1,1,1,1,-1,1,-1,-1,-1,-1,1,1,1,1,-1,-1,1,-1,1,1,-1,-1,1,-1,-1,1,-1,1,-1,-1,1,-1,1,1,-1,-1,1,1,-1,1,-1,1,-1,-1,1,-1,1,1,-1,-1,-1,1,-1,-1,1,1,-1,-1,1,-1,1,1,-1,1,-1,1,-1,-1,1,1,-1,-1,1,-1,1,1,-1,-1,1,1,-1,1,-1,1,-1,1,-1,1,1,-1,1,-1,1,-1,-1,1,-1,-1,-1,1,-1,-1,1,-1,1,-1,1,-1,-1,1,-1,-1,1,-1,1,-1,1,-1,1,-1,1,1,-1,1,-1,1,-1,1,-1,-1,1,-1,1,1,1,1,-1,-1,1,1,-1,1,1,-1,1,1,1,1,-1,1,1,-1,1,1,1,1,-1,-1,1,-1,-1,-1,1,-1,1,1,-1,1,-1,1,-1,1,-1,-1,-1,1,1,-1,1,1,-1,-1,-1,1,-1,1,1,-1,1,-1,1,-1,-1,-1,-1,-1,-1,1,-1,-1,-1,-1,-1,-1,1,-1,1,1,1,1,-1,1,-1,1,1,-1,-1,-1,1,-1,-1,1,-1,1,-1,-1,1,1,1,1,-1,-1,1,1,1,1,-1,1,-1,-1,1,1,1,-1,-1,-1,1,1,1,1,-1,1,-1,1,-1,1,-1,1,1,-1,-1,1,1,1,-1,-1,-1,1,1,1,1,1,-1,-1,-1,1,1,1,1,-1,-1,-1,1,1,1,-1,-1,-1,1,1,1,1,1,-1,-1,-1,1,1,1,1,-1,-1,-1,1,1,-1,1,-1,-1,-1,1,1,1,1,-1,-1,1,1,1,1,-1,-1,1,1,1,1,1,-1,-1,-1,1,1,1,1,1,-1,1,1,1,1,1,-1,-1,-1,1,-1,1,-1,-1,-1,-1,1,-1,1,1,-1,-1,-1,1,-1,1,1,-1,1,-1,1,-1,1,1,-1,1,-1,1,-1,1,1,-1,-1,-1,1,1,-1,-1,-1,-1,-1,1,-1,1,-1,-1,-1,-1,-1,-1,-1,1,-1,-1,-1,1,-1,-1,1,-1,-1,-1,-1,-1,-1,1,-1,-1,-1,-1,-1,1,-1,-1,-1,1,-1,-1,1,-1,1,-1,-1,-1,-1,-1,-1,-1,1,-1,-1,-1,1,1,-1,-1,-1,1,1,-1,-1,-1,-1,1,-1,-1,1,1,1,-1,-1,-1,-1,1,-1,1,1,-1,1,-1,-1,1,1,-1,-1,-1,-1,-1,-1,1,1,-1,-1,1,-1,1,1,-1,-1,-1,1,-1,1,1,-1,-1,1,-1,-1,1,1,1,-1,1,-1,1,1,1,-1,-1,1,-1,-1,1,1,1,-1,1,-1,-1,1,1,-1,1,1,-1,-1,1,1,-1,1,1,-1,-1,1,1,-1,1,1,-1,-1,1,1,1,1,1,1,-1,1,1,1,1,1,-1,-1,1,-1,1,1,1,1,-1,-1,1,-1,1,1,1,-1,1,-1,1,1,-1,1,-1,1,1,1,1,1,1,1,-1,-1,1,1,1,-1,1,-1,1,1,1,1,1,-1,1,-1,1,1,-1,1,1,-1,1,1,-1,1,1,-1,-1,1,1,1,1,-1,1,-1,-1,1,1,-1,-1,1,-1,1,1,1,-1,1,-1,-1,-1,1,1,-1,-1,1,-1,-1,1,1,1,-1,1,-1,-1,1,1,1,-1,1,-1,-1,1,1,-1,-1,1,1,-1,1,1,-1,1,1,-1,1,1,-1,-1,1,-1,-1,-1,1,1,-1,1,1,-1,1,1,-1,-1,1,-1,1,-1,-1,-1,-1,1,-1,-1,1,1,-1,1,1,-1,1,1,1,1,-1,1,-1,1,1,1,-1,-1,1,-1,-1,1,1,-1,-1,1,-1,1,1,1,-1,-1,1,-1,1,1,1,1,-1,1,-1,-1,1,1,1,-1,-1,1,-1,1,-1,1,-1,1,-1,-1,1,-2668.0,1,2000,445,500,False
1434,-1,-1,1,1,1,1,-1,1,-1,-1,-1,1,-1,1,-1,-1,1,-1,1,1,-1,1,-1,-1,-1,1,-1,-1,-1,-1,-1,-1,1,1,-1,1,1,-1,-1,-1,1,-1,1,-1,-1,-1,1,1,-1,-1,-1,-1,1,1,1,-1,-1,1,-1,-1,1,1,1,1,-1,1,-1,1,1,-1,1,-1,-1,-1,1,-1,-1,1,-1,-1,-1,1,1,-1,-1,-1,-1,1,1,1,-1,-1,-1,1,-1,1,-1,1,-1,1,1,1,1,-1,1,-1,-1,1,1,1,-1,1,-1,-1,1,1,1,-1,1,-1,-1,1,1,1,-1,1,-1,-1,1,1,-1,-1,1,-1,-1,1,1,1,-1,-1,-1,-1,1,1,1,-1,1,-1,-1,-1,1,1,-1,-1,1,-1,1,1,1,-1,1,1,-1,-1,1,1,-1,1,1,-1,1,1,1,-1,1,-1,-1,1,1,-1,1,-1,1,-1,1,1,-1,1,1,-1,-1,-1,1,1,1,1,1,-1,1,1,-1,1,1,1,-1,1,1,1,-1,1,1,-1,1,1,1,1,1,1,-1,1,1,-1,1,1,1,1,-1,1,-1,-1,1,1,-1,-1,1,-1,-1,1,1,-1,-1,1,-1,1,1,1,1,-1,1,1,-1,1,1,-1,1,1,-1,1,1,1,-1,-1,1,-1,1,-1,1,1,1,1,-1,1,-1,1,1,1,1,1,1,-1,1,1,1,1,1,-1,1,1,1,1,1,1,-1,1,1,-1,-1,1,1,-1,-1,1,1,1,1,-1,1,-1,1,1,1,-1,1,-1,-1,1,1,1,1,-1,1,-1,1,-1,1,1,1,1,-1,1,1,1,1,1,-1,-1,1,1,1,1,1,1,-1,1,1,1,1,1,-1,1,1,1,-1,1,1,-1,-1,1,1,1,1,1,1,1,1,-1,1,1,1,1,1,1,1,1,1,1,1,1,1,1,-1,1,1,1,1,1,1,1,-1,1,-1,1,-1,1,-1,1,1,1,1,1,1,1,-1,1,1,-1,1,1,-1,-1,-1,-1,1,1,1,-1,1,1,-1,1,1,-1,-1,1,1,1,1,1,-1,1,1,1,-1,1,1,1,-1,-1,1,-1,-1,-1,1,-1,1,-1,-1,1,1,1,-1,-1,-1,1,-1,1,1,1,-1,1,-1,1,1,1,1,1,-1,1,-1,-1,1,-1,1,-1,-1,-1,-1,1,1,1,-1,-1,1,-1,1,1,1,-1,1,-1,1,-1,1,1,-1,-1,1,-1,1,1,1,-1,-1,-1,1,1,1,1,-1,-1,1,1,1,1,-1,1,-1,1,1,1,1,-1,-1,1,-1,1,1,1,-1,1,-1,1,-1,1,1,-1,-1,1,-1,1,1,1,1,-1,1,-1,-1,1,1,1,-1,1,-1,-1,1,1,-1,-1,1,-1,-1,1,-1,1,-1,-1,1,-1,1,-1,1,1,-1,1,-1,-1,1,1,1,-1,1,-1,1,-1,1,1,1,-1,1,1,-1,-1,1,1,1,1,-1,-1,1,-1,1,1,1,-1,-1,-1,1,-1,1,1,1,-1,-1,-1,1,1,-1,1,-1,-1,-1,1,1,1,1,-1,-1,-1,1,1,1,1,-1,-1,-1,-1,1,-1,1,-1,1,-1,-1,1,1,1,-1,-1,1,-1,1,-1,1,1,-1,-1,-1,-1,1,1,1,-1,-1,-1,-1,1,1,1,-1,-1,-1,1,1,1,-1,-1,-1,-1,1,1,1,-1,1,-1,1,-1,1,1,1,-1,-1,-1,-1,1,1,-1,1,-1,-1,1,1,1,1,-1,1,-1,-1,1,1,1,-1,1,-1,-1,1,1,1,-1,1,-1,-1,1,-1,1,-1,1,-1,-1,1,1,1,1,-1,1,-1,1,1,1,-1,-1,-1,-1,1,1,-1,1,-1,1,-1,1,-1,-1,1,-1,1,-1,1,1,-1,-1,1,-1,1,1,-1,1,-1,1,-1,1,-1,1,-1,-1,1,-1,1,1,-1,1,-1,1,-1,-1,1,-1,1,-1,1,-1,1,1,-1,1,-1,1,-1,1,1,-1,-1,1,1,-1,-1,1,-1,1,-1,-1,-1,-1,1,1,-1,-1,1,-1,-1,1,-1,1,1,-1,1,-1,1,-1,1,-1,-1,1,-1,1,1,-1,-1,1,1,-1,1,-1,-1,-1,1,-1,-1,-1,1,-1,-1,1,-1,1,1,-1,-1,-1,-1,-1,-1,1,-1,-1,-1,1,1,-1,1,-1,-1,1,-1,-1,-1,1,-1,-1,-1,1,1,1,1,-1,-1,-1,1,-1,1,1,-1,1,-1,-1,1,1,1,-1,-1,-1,-1,-1,1,-1,-1,-1,1,-1,1,1,-1,-1,-1,1,-1,1,1,1,-1,-1,-1,-1,1,1,-1,1,-1,-1,1,1,1,-1,-1,1,-1,-1,1,1,-1,-1,1,-1,-1,1,1,-1,1,-1,-1,-1,1,1,-1,-1,1,-1,-1,1,1,-1,-1,1,-1,-1,1,1,-1,1,1,-1,-1,1,1,-1,-1,1,-1,-1,1,-1,1,-1,1,1,-1,-1,1,-1,1,-1,1,-1,1,1,-1,1,-1,1,-1,1,1,-1,1,1,1,-1,1,-1,-1,1,1,-1,1,-1,1,-1,1,1,-1,1,1,1,1,1,-1,-1,1,1,1,1,-1,1,-1,1,1,-1,-1,1,-1,1,-1,1,-1,-1,1,-1,-1,-1,-1,1,-1,1,-1,1,-1,1,-1,1,1,-1,1,-1,1,-1,-1,1,-1,1,-1,1,-1,-1,1,1,1,1,-1,1,1,1,-1,-1,1,-1,1,1,1,-1,1,-1,1,1,1,-1,-1,1,-1,1,-1,-1,1,-1,1,-1,1,1,1,-1,-1,1,-1,-1,-1,-1,-1,-1,1,-1,1,1,1,-1,1,1,-1,-1,1,1,1,-1,1,-1,1,1,1,1,-1,1,-1,1,1,1,1,-1,1,-1,1,1,1,1,-1,1,-1,1,-1,1,-1,-1,1,-1,-1,1,1,-1,-1,-1,1,-1,1,-1,1,-1,1,-1,-1,1,-2668.0,1,2000,445,1000,True
1435,1,1,-1,-1,1,1,-1,-1,1,1,1,-1,-1,1,1,1,-1,1,-1,-1,-1,-1,1,1,1,-1,-1,-1,1,1,1,1,-1,-1,-1,-1,1,-1,1,1,-1,-1,-1,1,1,1,1,-1,1,1,1,1,-1,1,-1,-1,1,-1,1,1,1,-1,-1,-1,1,1,1,1,-1,-1,-1,1,1,1,1,-1,-1,-1,1,1,1,-1,-1,-1,1,1,1,1,-1,-1,1,1,1,1,1,-1,-1,-1,1,-1,1,1,-1,-1,1,1,1,1,1,-1,-1,-1,1,-1,1,1,-1,-1,1,1,1,1,1,1,-1,-1,1,1,-1,1,1,-1,1,1,1,1,1,1,-1,1,1,1,1,1,1,-1,1,1,1,1,1,1,-1,-1,-1,1,1,1,1,-1,1,1,1,1,-1,1,-1,1,-1,1,1,1,-1,-1,1,1,1,1,1,-1,1,-1,-1,1,-1,1,-1,1,1,1,1,1,1,1,1,1,1,1,-1,1,-1,1,1,-1,1,-1,1,1,-1,1,-1,1,-1,1,-1,1,1,-1,-1,-1,1,1,1,1,-1,-1,1,1,-1,-1,1,-1,1,-1,1,1,-1,1,-1,1,-1,1,-1,1,1,-1,-1,-1,1,1,-1,1,-1,1,1,1,-1,1,1,-1,-1,-1,1,-1,1,-1,1,-1,1,1,-1,1,-1,-1,-1,1,1,-1,1,-1,-1,-1,1,1,-1,-1,1,1,-1,-1,1,1,-1,1,1,-1,1,1,1,1,-1,1,-1,1,1,-1,1,-1,1,1,-1,1,1,1,1,1,-1,-1,1,-1,-1,-1,1,1,-1,1,1,1,-1,1,-1,-1,1,1,1,1,1,-1,1,1,1,-1,1,1,-1,1,1,1,-1,1,1,-1,-1,1,1,1,-1,1,-1,1,1,1,-1,1,1,-1,1,1,1,-1,1,-1,-1,1,1,1,-1,1,-1,-1,-1,1,1,-1,1,-1,-1,1,-1,1,-1,1,1,-1,-1,1,1,1,-1,1,-1,-1,1,1,-1,1,-1,-1,-1,-1,-1,-1,1,1,-1,-1,1,1,-1,1,-1,-1,-1,1,1,1,1,-1,-1,1,1,1,-1,1,-1,-1,-1,-1,1,1,1,1,-1,-1,1,1,1,1,-1,-1,-1,-1,-1,1,-1,1,-1,1,-1,1,1,1,-1,-1,1,1,-1,1,-1,1,-1,-1,1,-1,1,1,-1,-1,-1,1,-1,-1,1,1,-1,-1,1,-1,1,1,-1,1,-1,1,-1,-1,1,1,-1,-1,1,-1,1,1,-1,-1,1,1,-1,1,-1,1,-1,1,-1,-1,1,-1,1,-1,1,-1,-1,1,-1,-1,-1,1,-1,-1,1,-1,1,-1,1,-1,-1,1,-1,-1,1,-1,1,-1,1,1,1,-1,1,1,-1,-1,-1,1,-1,1,-1,-1,1,-1,1,1,1,1,-1,-1,1,1,-1,1,1,-1,-1,1,1,1,1,1,1,-1,1,1,1,-1,-1,-1,1,-1,-1,-1,1,-1,-1,1,-1,1,-1,1,-1,1,-1,-1,-1,1,1,-1,1,1,-1,-1,-1,1,-1,1,1,-1,1,-1,1,-1,-1,-1,-1,-1,-1,1,-1,-1,-1,-1,-1,-1,1,-1,1,1,1,1,-1,1,-1,1,1,-1,-1,-1,1,-1,-1,1,-1,1,-1,-1,1,1,1,1,-1,-1,1,1,1,1,-1,1,-1,-1,1,1,1,-1,-1,-1,1,1,1,1,-1,1,-1,1,-1,1,-1,1,1,-1,-1,1,1,1,-1,-1,-1,1,1,1,1,1,-1,-1,-1,1,1,1,1,-1,-1,-1,1,1,1,-1,-1,-1,-1,1,1,1,1,-1,-1,1,1,1,1,1,-1,-1,-1,1,1,-1,1,-1,-1,-1,1,1,1,1,-1,-1,1,1,1,1,-1,-1,1,1,-1,1,1,-1,-1,-1,1,1,1,1,1,-1,1,1,1,1,1,1,-1,-1,1,-1,1,-1,-1,-1,-1,1,-1,1,1,-1,-1,-1,1,-1,1,1,-1,1,-1,1,1,1,-1,1,1,-1,1,-1,1,-1,-1,-1,-1,1,1,-1,-1,-1,-1,-1,1,-1,1,-1,-1,-1,-1,-1,-1,-1,1,-1,-1,-1,1,-1,-1,1,-1,-1,-1,-1,-1,1,1,-1,-1,-1,-1,-1,1,-1,-1,-1,1,-1,-1,1,-1,1,-1,-1,-1,-1,-1,-1,-1,1,-1,-1,-1,1,1,1,-1,-1,-1,1,-1,-1,-1,-1,1,-1,-1,1,-1,1,-1,-1,-1,-1,1,-1,1,1,-1,1,-1,-1,1,1,-1,-1,-1,-1,-1,-1,1,1,-1,-1,1,-1,1,1,-1,-1,-1,1,-1,1,1,-1,-1,1,-1,-1,1,1,1,-1,1,-1,1,1,1,-1,-1,1,-1,-1,1,1,1,-1,1,-1,-1,1,1,-1,1,1,-1,-1,1,1,-1,1,1,-1,-1,1,1,-1,1,1,-1,-1,1,1,1,1,1,1,-1,-1,1,1,1,1,-1,-1,1,-1,1,1,1,1,-1,-1,1,-1,1,1,1,-1,1,1,1,1,-1,1,-1,1,1,1,1,1,1,1,-1,1,1,1,1,-1,1,-1,1,1,1,1,1,-1,1,1,1,1,-1,1,1,-1,1,1,-1,1,1,-1,-1,1,1,1,1,-1,1,-1,1,1,1,-1,-1,1,-1,1,1,1,-1,1,-1,-1,-1,1,1,-1,-1,1,-1,-1,1,1,-1,-1,1,-1,-1,1,1,1,-1,1,-1,-1,1,1,-1,-1,-1,1,-1,1,1,-1,1,1,-1,1,1,-1,-1,1,-1,-1,-1,1,1,-1,1,1,-1,1,1,-1,-1,-1,-1,1,-1,-1,-1,-1,1,-1,-1,1,1,-1,1,1,-1,1,1,1,1,-1,1,-1,1,1,1,-1,-1,1,-1,-1,1,1,-1,-1,1,-1,1,1,1,-1,-1,1,-1,1,1,1,1,-1,1,-1,-1,1,1,1,-1,-1,1,-1,1,-1,1,-1,1,-1,-1,1,-2668.0,1,2000,445,500,False
1436,1,1,-1,-1,1,-1,-1,-1,1,1,1,-1,1,1,1,1,-1,1,-1,-1,1,-1,1,1,1,-1,1,-1,1,1,1,1,1,-1,-1,-1,1,-1,1,1,-1,-1,-1,1,1,1,1,-1,1,1,1,1,-1,1,-1,-1,1,-1,1,1,-1,-1,-1,-1,1,1,1,1,-1,-1,-1,1,1,1,1,-1,-1,-1,1,1,1,-1,-1,-1,1,1,1,1,-1,-1,-1,1,1,1,1,-1,-1,1,1,-1,1,1,-1,-1,1,1,1,1,1,-1,-1,1,1,1,1,1,-1,-1,1,1,1,1,1,1,-1,-1,1,1,-1,1,1,-1,1,1,1,1,1,1,-1,-1,1,1,1,1,1,-1,1,1,1,1,1,1,-1,-1,-1,1,1,1,1,-1,1,1,1,1,-1,1,-1,1,-1,1,1,1,-1,-1,1,1,1,1,1,-1,1,-1,-1,1,-1,1,-1,1,1,1,1,1,1,1,1,1,1,1,-1,1,-1,1,1,-1,1,-1,1,1,-1,1,-1,1,-1,1,-1,1,1,-1,-1,-1,1,1,1,1,-1,-1,1,1,-1,-1,1,-1,1,-1,-1,1,-1,1,-1,1,-1,1,-1,1,1,-1,-1,-1,1,1,-1,1,-1,1,1,1,-1,1,1,-1,1,-1,1,-1,1,-1,1,-1,1,1,-1,1,-1,-1,-1,1,1,-1,1,-1,-1,-1,1,1,-1,-1,1,1,-1,-1,1,1,-1,1,1,-1,1,1,1,1,-1,1,-1,1,1,-1,1,-1,1,-1,1,1,1,1,1,1,-1,-1,1,-1,-1,1,1,1,-1,1,1,1,-1,1,1,1,1,1,1,1,1,-1,1,1,1,-1,1,1,-1,1,1,1,-1,1,1,-1,-1,1,1,1,-1,1,-1,1,1,1,-1,1,1,-1,1,1,1,-1,1,1,-1,1,1,1,-1,1,1,-1,-1,1,1,-1,1,1,-1,1,-1,1,-1,1,1,1,-1,1,1,1,-1,1,1,-1,1,1,-1,1,1,1,-1,-1,-1,-1,1,1,1,-1,1,1,-1,1,1,-1,-1,1,1,1,1,1,-1,1,1,1,-1,1,1,1,-1,-1,1,1,-1,-1,1,-1,1,1,1,-1,1,1,-1,-1,-1,1,-1,-1,1,1,-1,1,1,-1,1,1,1,1,-1,1,-1,-1,1,-1,1,-1,1,-1,-1,1,1,1,-1,-1,1,-1,1,1,1,-1,1,1,1,-1,1,1,-1,-1,1,-1,1,1,1,-1,1,1,1,1,1,1,-1,1,-1,-1,1,1,-1,-1,1,-1,1,1,1,-1,-1,1,1,1,1,1,-1,-1,1,-1,-1,1,1,-1,-1,1,1,1,1,1,1,-1,1,1,-1,1,1,1,-1,-1,1,-1,1,1,-1,-1,-1,1,-1,1,-1,1,-1,-1,1,-1,1,-1,1,-1,-1,1,-1,-1,1,1,1,-1,1,-1,1,-1,-1,1,1,1,-1,-1,1,-1,-1,1,1,1,-1,1,-1,1,1,1,-1,1,1,-1,1,-1,1,-1,-1,1,-1,-1,1,1,1,-1,1,-1,-1,1,1,-1,-1,1,-1,-1,1,1,-1,-1,1,-1,-1,-1,1,1,-1,1,1,-1,-1,1,-1,-1,1,-1,1,-1,1,1,-1,-1,1,-1,-1,-1,-1,-1,1,1,1,-1,-1,1,-1,-1,1,-1,-1,1,-1,-1,1,1,-1,-1,1,-1,-1,1,1,-1,1,-1,1,-1,-1,1,1,-1,-1,-1,-1,-1,1,-1,-1,1,-1,-1,-1,1,1,-1,-1,-1,-1,-1,1,-1,-1,-1,-1,-1,-1,1,1,-1,-1,-1,-1,1,1,1,-1,-1,-1,-1,-1,1,1,1,-1,-1,-1,-1,1,1,-1,-1,-1,-1,1,1,1,1,-1,-1,1,1,1,1,1,-1,-1,-1,1,1,1,-1,1,-1,1,1,1,1,-1,1,-1,-1,1,-1,1,-1,1,-1,-1,1,-1,1,-1,-1,-1,-1,1,-1,1,-1,1,1,-1,1,-1,1,-1,1,1,-1,1,-1,1,-1,-1,-1,-1,1,1,-1,-1,-1,-1,-1,1,-1,1,-1,-1,-1,-1,-1,-1,-1,1,-1,-1,-1,1,-1,-1,1,-1,-1,-1,-1,-1,1,1,-1,-1,-1,-1,-1,1,-1,-1,-1,1,-1,-1,1,-1,1,-1,-1,-1,-1,-1,-1,-1,1,-1,-1,-1,1,1,1,-1,-1,1,1,-1,-1,-1,-1,1,-1,-1,1,-1,1,-1,-1,-1,-1,1,-1,1,1,-1,1,-1,-1,1,1,-1,-1,-1,-1,-1,-1,1,1,-1,-1,1,-1,1,1,-1,-1,-1,1,-1,1,1,-1,-1,1,-1,-1,1,1,1,-1,1,-1,1,1,1,-1,-1,1,-1,-1,1,1,1,-1,1,-1,-1,1,1,-1,1,1,-1,-1,1,1,1,1,1,-1,-1,1,1,1,1,1,-1,-1,1,1,1,1,1,1,-1,-1,1,1,-1,1,-1,-1,1,-1,1,1,1,1,-1,-1,1,-1,1,1,1,-1,1,1,1,1,-1,1,-1,1,1,1,1,1,1,1,-1,1,1,1,1,-1,1,-1,1,1,1,1,1,-1,1,1,1,1,-1,1,1,-1,1,1,-1,1,1,-1,-1,1,1,1,1,-1,1,-1,1,1,1,-1,-1,1,-1,1,1,1,-1,1,-1,-1,1,1,1,-1,-1,1,-1,-1,1,1,-1,-1,1,-1,-1,1,1,1,-1,-1,-1,-1,1,1,-1,-1,-1,1,-1,-1,1,-1,1,1,-1,-1,1,-1,-1,1,1,1,-1,1,1,-1,1,1,-1,1,1,-1,-1,-1,-1,1,-1,-1,-1,-1,-1,1,-1,1,1,-1,1,1,-1,1,-1,1,1,-1,1,-1,1,1,1,1,-1,1,-1,1,-1,1,1,-1,1,-1,1,-1,1,1,-1,1,-1,1,1,-1,-1,-1,1,-1,1,-1,1,-1,-1,-1,1,-1,1,-1,1,-1,1,-1,1,1,-2668.0,1,2000,445,500,False
1437,1,1,-1,-1,1,1,-1,-1,1,1,1,-1,1,1,1,1,-1,1,1,-1,-1,-1,1,1,1,1,-1,-1,1,1,1,1,-1,-1,-1,-1,1,1,1,1,-1,-1,-1,1,1,1,1,-1,1,1,1,1,-1,1,-1,-1,1,-1,1,1,1,-1,-1,-1,1,1,1,1,-1,-1,-1,1,1,1,1,-1,-1,-1,1,1,1,-1,-1,-1,1,1,1,1,-1,-1,-1,1,1,1,1,-1,-1,1,1,-1,1,1,-1,-1,1,1,1,1,1,-1,-1,1,1,1,1,1,-1,-1,1,1,1,1,1,1,-1,1,1,1,-1,1,1,-1,1,1,1,1,1,1,-1,-1,1,1,1,1,1,-1,1,1,1,1,1,1,-1,-1,-1,1,1,1,1,-1,1,1,1,1,-1,1,-1,1,-1,1,1,1,-1,-1,1,1,1,1,1,-1,1,-1,-1,1,-1,1,-1,1,1,1,1,1,1,1,1,1,-1,1,-1,1,-1,1,1,-1,1,-1,1,1,-1,1,-1,1,-1,1,1,1,1,-1,-1,-1,1,-1,-1,1,-1,-1,1,1,-1,-1,1,-1,1,-1,1,-1,-1,1,-1,1,-1,1,-1,1,1,-1,-1,-1,1,-1,-1,1,-1,1,1,1,-1,1,1,-1,1,-1,1,-1,1,-1,1,-1,1,1,-1,1,-1,-1,-1,1,1,-1,1,-1,-1,-1,1,1,1,-1,1,1,-1,-1,1,1,-1,1,1,-1,1,1,1,1,-1,1,-1,1,1,1,-1,-1,1,-1,1,1,-1,1,1,1,-1,-1,1,-1,-1,1,1,1,-1,1,1,1,-1,1,1,1,1,1,1,-1,1,-1,1,1,1,-1,-1,1,-1,1,1,1,-1,1,1,-1,-1,1,1,1,-1,1,-1,1,1,1,-1,1,1,-1,1,1,1,-1,1,1,-1,1,1,1,-1,1,1,-1,-1,1,1,-1,1,1,-1,1,-1,1,-1,1,1,1,-1,1,1,1,1,1,1,-1,1,1,-1,1,1,1,-1,-1,-1,-1,1,1,1,-1,1,1,-1,1,1,-1,-1,1,1,1,1,1,-1,1,1,1,-1,1,1,1,-1,-1,1,1,1,-1,1,-1,1,1,1,1,1,1,-1,-1,-1,1,-1,-1,1,1,-1,1,1,1,1,1,1,1,-1,1,-1,-1,1,-1,1,-1,1,1,-1,1,1,1,-1,-1,1,-1,1,1,1,-1,1,1,1,-1,1,1,-1,-1,1,-1,1,1,1,-1,1,1,1,1,1,1,-1,1,-1,1,1,1,1,-1,1,-1,-1,1,1,-1,-1,1,-1,1,1,1,-1,-1,1,-1,-1,1,1,-1,-1,1,-1,1,1,1,1,-1,1,1,-1,-1,1,1,-1,-1,-1,1,-1,1,-1,-1,1,-1,-1,1,-1,1,-1,-1,1,-1,1,-1,1,1,-1,1,-1,-1,1,1,1,-1,1,-1,1,-1,1,-1,1,-1,-1,-1,1,-1,-1,1,1,1,-1,1,-1,1,1,1,-1,1,1,-1,1,-1,1,-1,-1,1,-1,-1,1,1,1,-1,1,-1,-1,1,1,-1,-1,1,-1,-1,1,1,-1,-1,1,-1,-1,-1,1,1,-1,1,1,-1,-1,1,-1,-1,1,-1,1,-1,1,1,-1,-1,1,-1,-1,-1,-1,-1,1,1,1,-1,1,1,-1,-1,1,-1,1,-1,-1,-1,1,1,-1,-1,-1,-1,-1,1,1,-1,1,1,1,-1,-1,1,1,-1,-1,-1,-1,-1,1,-1,-1,1,-1,-1,-1,1,1,-1,-1,-1,-1,-1,1,-1,-1,1,-1,-1,-1,1,1,-1,1,-1,-1,1,1,1,-1,-1,-1,-1,-1,1,1,1,-1,-1,-1,-1,1,1,-1,-1,-1,-1,1,1,1,1,-1,-1,1,1,1,1,1,-1,-1,-1,1,1,1,-1,1,-1,1,1,1,1,-1,1,-1,-1,1,-1,1,-1,1,-1,-1,1,-1,1,-1,-1,-1,-1,1,-1,1,-1,1,-1,-1,1,-1,1,-1,1,-1,-1,1,-1,1,-1,-1,-1,-1,1,1,-1,-1,-1,-1,-1,1,-1,1,-1,-1,-1,-1,-1,-1,-1,1,-1,-1,-1,1,-1,-1,1,-1,-1,-1,-1,-1,1,1,-1,-1,-1,-1,-1,1,-1,-1,-1,1,-1,-1,1,-1,1,-1,-1,-1,-1,-1,-1,-1,1,-1,-1,-1,1,1,1,-1,-1,-1,1,-1,-1,-1,-1,1,-1,-1,1,-1,1,-1,-1,1,-1,1,-1,1,1,-1,1,-1,-1,1,1,-1,-1,-1,-1,-1,-1,1,1,-1,-1,1,-1,1,1,-1,-1,-1,-1,-1,-1,1,-1,-1,-1,1,-1,1,1,1,-1,-1,-1,1,1,1,-1,-1,1,-1,-1,1,1,1,-1,1,-1,-1,1,1,-1,1,-1,-1,-1,1,1,-1,1,1,1,-1,1,1,-1,1,1,1,-1,1,1,1,1,1,1,-1,-1,1,-1,1,1,-1,-1,1,-1,1,1,1,1,-1,-1,1,-1,1,-1,1,-1,1,1,1,1,-1,1,-1,1,1,1,1,1,1,1,-1,1,1,1,1,-1,1,-1,1,1,1,1,1,-1,1,1,1,1,-1,1,1,-1,1,1,-1,1,1,-1,-1,1,1,1,1,-1,1,-1,1,1,1,-1,-1,1,-1,1,1,1,-1,1,-1,-1,-1,1,1,-1,-1,1,-1,-1,1,1,-1,-1,1,-1,-1,1,1,1,-1,1,-1,-1,1,1,-1,-1,1,1,-1,1,1,-1,1,1,-1,1,1,-1,-1,1,-1,-1,-1,1,1,-1,1,1,-1,1,1,-1,-1,-1,-1,1,-1,-1,-1,-1,1,-1,-1,1,1,-1,1,1,-1,1,1,1,1,-1,1,-1,1,1,1,1,-1,1,-1,-1,1,1,1,-1,1,-1,1,1,1,1,-1,1,-1,1,1,1,-1,-1,1,-1,-1,1,1,-1,-1,-1,1,-1,1,1,1,-1,1,-1,-1,1,-2668.0,1,2000,445,500,False
1438,1,1,-1,-1,1,-1,-1,-1,1,1,1,-1,1,1,1,1,-1,1,-1,-1,-1,-1,1,1,1,-1,-1,-1,1,1,1,1,1,-1,-1,-1,1,-1,1,1,-1,-1,-1,1,1,1,1,-1,1,1,1,1,-1,1,-1,-1,1,-1,1,1,1,-1,-1,-1,1,1,1,1,-1,-1,-1,1,1,1,1,-1,-1,-1,1,1,1,-1,-1,-1,1,1,1,1,-1,-1,-1,1,1,1,1,-1,-1,1,1,-1,1,1,-1,-1,1,1,1,1,1,-1,-1,-1,1,1,1,1,-1,-1,1,1,1,1,1,1,-1,-1,1,1,-1,1,1,-1,1,1,1,1,1,1,-1,1,1,1,1,1,1,-1,1,1,1,1,1,1,-1,-1,-1,1,1,1,1,-1,1,1,1,1,-1,1,-1,1,-1,1,1,1,-1,-1,1,1,1,1,1,-1,1,-1,-1,1,-1,1,-1,1,1,1,1,1,1,1,1,1,-1,1,-1,1,-1,1,1,-1,1,-1,1,1,-1,1,-1,1,-1,1,-1,1,1,-1,-1,-1,1,1,1,1,-1,-1,1,1,-1,-1,1,-1,1,-1,-1,1,-1,1,-1,1,-1,1,-1,-1,1,-1,-1,-1,1,1,-1,1,-1,1,1,1,-1,1,1,-1,1,-1,1,-1,1,-1,1,-1,1,1,-1,1,-1,-1,-1,1,1,-1,1,-1,-1,-1,1,1,-1,-1,1,1,-1,-1,1,1,-1,1,1,-1,1,1,1,1,-1,1,-1,1,1,-1,1,-1,1,1,-1,1,1,1,1,1,-1,-1,1,-1,-1,-1,1,1,-1,1,1,1,-1,1,-1,-1,1,1,1,1,1,-1,1,1,1,-1,-1,1,-1,1,1,1,-1,1,1,-1,-1,1,1,1,-1,1,-1,1,1,1,-1,1,1,-1,1,1,1,-1,1,-1,-1,1,1,1,-1,1,-1,-1,-1,1,1,-1,1,-1,-1,1,-1,1,-1,1,1,-1,-1,1,1,1,-1,1,-1,-1,1,1,-1,1,-1,-1,-1,-1,-1,-1,1,1,-1,-1,1,1,-1,1,-1,1,-1,1,1,1,1,-1,-1,1,1,1,-1,1,-1,-1,-1,-1,1,1,1,1,-1,-1,1,1,1,1,-1,-1,-1,-1,-1,1,-1,1,-1,1,-1,1,1,1,-1,-1,1,1,-1,1,-1,1,-1,-1,1,-1,1,1,-1,-1,-1,1,-1,-1,1,1,-1,-1,1,-1,1,1,-1,1,-1,1,-1,-1,1,1,-1,1,1,-1,1,1,-1,-1,1,1,-1,1,-1,1,-1,1,-1,-1,1,-1,1,-1,1,-1,-1,1,-1,-1,-1,1,-1,-1,1,-1,1,-1,1,-1,-1,1,-1,-1,1,-1,1,-1,1,-1,1,-1,1,1,-1,-1,-1,1,-1,1,-1,-1,1,-1,1,1,-1,1,-1,-1,1,1,-1,-1,1,-1,-1,1,1,1,1,1,1,-1,1,1,1,-1,-1,-1,1,-1,-1,-1,1,-1,-1,1,-1,1,-1,1,-1,1,-1,-1,-1,1,1,-1,1,1,-1,-1,-1,1,-1,1,1,-1,1,-1,1,-1,-1,-1,-1,-1,-1,1,-1,-1,-1,-1,-1,-1,1,-1,1,1,1,1,-1,1,-1,1,1,-1,-1,-1,1,-1,-1,1,-1,1,-1,-1,1,1,1,1,-1,-1,1,1,1,1,-1,1,-1,-1,1,1,1,-1,-1,-1,1,1,1,1,-1,-1,-1,1,-1,1,-1,1,1,-1,-1,1,1,1,-1,-1,-1,-1,1,1,1,1,-1,-1,-1,1,1,1,1,-1,-1,-1,1,-1,1,-1,-1,-1,-1,1,1,1,1,-1,-1,1,1,1,1,-1,-1,-1,-1,1,1,-1,1,-1,-1,-1,1,1,1,1,-1,-1,1,1,1,1,1,-1,1,1,-1,1,1,-1,-1,-1,1,1,1,1,1,-1,1,1,1,1,1,1,-1,-1,1,-1,1,-1,1,-1,-1,1,-1,1,1,-1,-1,-1,1,-1,1,1,-1,1,-1,1,1,1,-1,1,1,-1,1,-1,1,-1,-1,-1,-1,1,1,-1,-1,-1,-1,-1,1,-1,1,-1,-1,-1,-1,-1,-1,-1,1,-1,-1,-1,1,-1,-1,1,-1,-1,-1,-1,-1,1,1,-1,-1,-1,-1,-1,1,-1,-1,-1,1,-1,-1,1,-1,1,-1,-1,-1,-1,-1,-1,-1,1,-1,-1,-1,1,1,1,-1,-1,1,1,-1,-1,-1,-1,1,-1,-1,1,-1,1,-1,-1,-1,-1,1,-1,1,1,-1,1,-1,-1,1,1,-1,-1,-1,-1,-1,-1,1,1,-1,-1,1,-1,1,1,-1,-1,-1,1,-1,-1,1,-1,-1,1,-1,-1,1,1,1,-1,1,-1,1,1,1,-1,-1,1,-1,-1,1,1,1,-1,1,-1,-1,1,1,-1,1,1,-1,-1,1,1,-1,1,1,-1,-1,1,1,1,1,1,-1,-1,1,1,1,1,-1,1,-1,-1,1,1,-1,1,-1,-1,1,-1,1,1,1,1,-1,-1,1,-1,1,1,1,-1,1,1,1,1,-1,1,-1,1,1,1,1,1,1,1,-1,1,1,1,1,-1,1,-1,1,1,1,1,1,-1,1,1,1,1,-1,1,1,-1,1,1,-1,1,1,-1,-1,1,1,1,1,-1,1,-1,1,1,1,-1,-1,1,-1,1,1,1,-1,1,-1,-1,-1,1,1,-1,-1,1,-1,-1,1,1,-1,-1,1,-1,-1,1,1,1,-1,1,-1,-1,1,1,-1,-1,-1,1,-1,-1,1,-1,1,1,-1,1,1,-1,-1,1,-1,-1,-1,1,1,-1,1,1,-1,1,1,-1,-1,-1,-1,1,-1,-1,-1,-1,1,-1,-1,1,1,-1,1,1,-1,1,1,1,1,-1,1,-1,1,1,1,-1,-1,1,-1,-1,1,1,-1,-1,1,-1,1,1,1,-1,-1,1,-1,1,1,1,1,-1,1,-1,-1,1,1,-1,-1,-1,1,-1,1,-1,1,-1,1,-1,-1,1,-2668.0,1,2000,445,500,False
1439,1,1,-1,-1,1,-1,-1,-1,1,1,1,-1,1,1,1,1,-1,1,-1,-1,1,-1,1,1,1,-1,1,-1,1,1,1,1,-1,-1,-1,-1,1,1,1,1,-1,-1,-1,1,1,1,1,-1,1,1,1,1,-1,1,-1,-1,1,-1,1,1,1,-1,-1,-1,1,1,1,1,-1,-1,-1,1,1,1,1,-1,-1,-1,1,1,1,-1,-1,-1,1,1,1,1,-1,-1,-1,1,1,1,1,-1,-1,1,1,-1,1,1,-1,-1,1,1,1,1,1,-1,-1,1,1,-1,1,1,-1,-1,1,1,1,1,1,1,-1,-1,1,1,-1,1,1,-1,1,1,1,1,1,1,-1,-1,1,1,1,1,1,-1,1,1,1,1,1,1,-1,-1,-1,1,1,1,1,-1,1,1,1,1,-1,1,-1,1,-1,1,1,1,-1,-1,1,1,1,1,1,-1,1,-1,-1,1,-1,1,-1,1,1,1,1,1,1,1,1,1,-1,1,-1,1,-1,1,1,-1,1,-1,1,1,-1,1,-1,1,-1,1,-1,1,1,-1,1,-1,1,1,1,1,-1,-1,1,1,-1,-1,1,-1,1,-1,1,1,-1,1,-1,1,-1,1,-1,1,1,-1,-1,-1,1,1,-1,1,-1,1,1,1,-1,1,1,-1,1,-1,1,-1,1,-1,1,-1,1,1,-1,1,-1,-1,-1,1,1,-1,1,-1,-1,-1,1,1,-1,-1,1,1,-1,-1,1,1,-1,1,1,-1,1,1,1,1,-1,1,-1,1,1,-1,1,-1,1,-1,1,1,1,1,1,1,-1,-1,1,-1,-1,1,1,1,-1,1,1,1,-1,1,1,1,1,1,1,1,1,-1,1,1,1,-1,1,1,-1,1,1,1,-1,1,1,-1,-1,1,1,1,-1,1,-1,1,1,1,-1,1,1,-1,1,1,1,-1,1,1,-1,1,1,1,-1,1,1,-1,-1,1,1,-1,1,1,-1,1,-1,1,-1,1,-1,1,-1,1,1,1,-1,-1,1,-1,1,1,-1,1,1,1,-1,-1,-1,-1,1,1,1,-1,1,1,-1,1,1,-1,-1,1,1,1,1,1,-1,1,1,1,-1,1,1,1,-1,-1,1,1,1,-1,1,-1,1,-1,1,1,1,1,-1,-1,-1,1,-1,1,1,1,-1,1,1,1,1,1,1,1,-1,1,-1,-1,1,-1,1,-1,1,1,1,1,1,1,-1,-1,1,-1,1,1,1,-1,1,1,1,-1,1,1,-1,-1,1,-1,1,1,1,-1,1,1,1,1,1,1,-1,1,-1,1,1,1,-1,1,1,-1,1,1,1,-1,-1,1,-1,1,1,1,-1,-1,1,-1,-1,1,1,-1,-1,1,-1,1,1,1,1,-1,1,1,-1,1,1,1,-1,1,-1,1,1,1,-1,-1,1,-1,-1,1,-1,1,-1,-1,1,-1,1,-1,1,-1,1,1,-1,-1,1,1,1,-1,1,-1,1,-1,-1,1,1,-1,-1,-1,1,-1,1,1,1,1,-1,1,-1,-1,1,1,-1,1,1,-1,-1,-1,1,-1,-1,1,-1,-1,1,1,1,-1,1,-1,-1,1,1,-1,-1,1,-1,1,1,1,-1,-1,1,-1,-1,-1,1,1,-1,1,1,-1,-1,1,-1,-1,1,-1,1,1,1,1,-1,-1,1,-1,-1,-1,-1,-1,1,1,1,-1,-1,1,-1,-1,1,-1,-1,1,-1,-1,1,1,-1,-1,1,1,-1,1,1,-1,1,-1,1,-1,-1,1,1,-1,-1,-1,-1,-1,1,-1,-1,1,-1,-1,-1,1,1,-1,-1,-1,-1,-1,1,-1,-1,-1,-1,-1,1,1,1,-1,-1,-1,-1,-1,1,1,-1,-1,-1,-1,-1,1,1,1,-1,-1,-1,-1,1,1,-1,-1,-1,-1,1,1,1,1,-1,-1,1,1,1,1,1,-1,-1,-1,1,1,1,-1,1,-1,1,1,1,1,-1,1,-1,-1,1,-1,1,-1,1,-1,-1,1,-1,1,-1,-1,-1,-1,1,-1,1,-1,1,-1,-1,1,-1,1,-1,1,-1,-1,1,-1,1,-1,-1,-1,-1,1,1,-1,-1,-1,-1,-1,1,-1,1,-1,-1,-1,-1,-1,-1,-1,1,-1,-1,-1,1,-1,-1,1,-1,-1,-1,-1,-1,-1,1,-1,-1,-1,-1,-1,1,-1,-1,-1,1,-1,-1,1,-1,1,-1,-1,-1,-1,-1,-1,-1,1,-1,-1,-1,1,1,-1,-1,-1,-1,1,-1,-1,-1,-1,1,-1,-1,1,-1,1,-1,-1,-1,-1,1,-1,1,1,-1,1,-1,-1,1,1,-1,-1,-1,-1,-1,-1,1,1,-1,-1,1,-1,1,1,-1,-1,-1,1,-1,-1,1,-1,-1,1,-1,-1,1,1,1,-1,1,-1,1,1,1,-1,-1,1,-1,-1,1,-1,1,-1,1,-1,-1,1,1,-1,1,1,-1,-1,1,1,1,1,1,-1,-1,1,1,-1,1,1,-1,-1,1,1,1,1,1,1,-1,1,1,1,1,1,-1,-1,1,-1,1,1,1,1,-1,-1,1,-1,1,1,1,-1,1,-1,1,1,-1,1,-1,1,1,1,1,1,1,1,-1,-1,1,1,1,-1,1,-1,1,1,1,1,1,-1,1,-1,1,1,-1,1,1,-1,1,1,-1,1,1,-1,-1,1,1,1,1,-1,1,-1,-1,1,1,-1,-1,1,-1,1,1,1,-1,1,-1,-1,-1,1,1,-1,-1,1,-1,-1,1,1,1,-1,1,-1,-1,1,1,1,-1,1,-1,-1,1,1,-1,-1,-1,1,-1,-1,1,-1,1,1,-1,1,1,-1,-1,1,-1,-1,-1,1,1,-1,1,1,-1,1,1,-1,-1,-1,-1,1,-1,-1,-1,-1,-1,-1,-1,1,1,-1,1,1,-1,1,1,1,1,-1,1,-1,1,1,1,1,-1,1,-1,-1,1,1,1,-1,1,-1,1,1,1,1,-1,1,-1,1,1,-1,-1,-1,1,-1,-1,1,1,-1,-1,-1,1,-1,1,-1,1,-1,1,-1,-1,1,-2668.0,1,2000,445,500,False
1440,1,1,-1,-1,1,1,-1,-1,1,1,1,-1,1,1,1,1,-1,1,-1,-1,-1,1,1,1,1,-1,-1,-1,1,1,1,1,1,-1,-1,-1,1,-1,1,-1,-1,-1,-1,1,1,1,1,-1,1,1,1,1,-1,1,-1,-1,1,-1,1,1,1,-1,-1,1,1,1,1,1,-1,-1,1,1,1,1,1,-1,-1,-1,1,1,1,-1,-1,-1,1,1,1,1,-1,-1,-1,1,1,1,1,-1,-1,1,1,-1,1,1,-1,-1,1,1,1,1,1,-1,-1,1,1,1,1,1,-1,-1,1,1,1,1,1,1,-1,-1,1,1,-1,1,1,-1,1,1,1,1,1,1,-1,-1,1,1,1,1,1,-1,1,1,1,1,1,1,-1,-1,-1,1,1,1,1,-1,1,-1,1,1,-1,1,-1,1,-1,1,1,1,-1,-1,1,1,1,1,1,-1,1,-1,-1,1,-1,1,-1,1,1,1,1,1,1,1,1,1,-1,1,-1,1,-1,1,1,-1,1,-1,1,1,-1,1,-1,1,-1,1,-1,1,1,-1,-1,-1,1,1,1,1,-1,-1,1,1,-1,-1,1,-1,1,-1,1,1,-1,1,-1,1,-1,1,-1,1,1,-1,1,-1,1,1,-1,1,-1,1,1,1,-1,1,1,-1,1,-1,1,-1,1,-1,1,-1,1,1,-1,1,-1,-1,-1,1,1,-1,1,-1,-1,-1,1,1,-1,-1,1,1,-1,-1,1,1,-1,1,1,-1,1,1,1,1,-1,1,-1,1,1,-1,1,-1,1,1,-1,1,1,1,1,1,-1,-1,1,-1,-1,-1,1,1,-1,1,1,1,-1,1,-1,-1,1,1,1,1,1,-1,1,1,1,-1,-1,1,-1,1,1,1,-1,1,1,-1,-1,1,1,1,-1,1,-1,1,1,1,-1,1,1,-1,1,1,1,-1,1,-1,-1,1,1,1,-1,1,-1,-1,-1,1,1,-1,1,-1,-1,1,-1,1,-1,1,1,-1,-1,1,1,1,-1,1,-1,-1,1,1,-1,1,-1,-1,-1,-1,-1,-1,1,1,-1,-1,1,1,-1,1,-1,1,-1,1,1,1,1,1,-1,1,1,1,-1,1,-1,-1,-1,-1,1,1,1,1,-1,-1,1,-1,1,1,-1,-1,1,-1,-1,1,-1,1,-1,-1,1,-1,1,1,-1,-1,1,1,-1,1,-1,1,-1,-1,1,-1,1,1,-1,-1,-1,1,-1,-1,1,1,-1,-1,1,-1,1,1,-1,1,-1,1,-1,-1,1,1,-1,-1,1,-1,1,1,-1,-1,1,1,-1,1,-1,1,-1,1,-1,1,1,-1,1,-1,1,-1,-1,1,-1,-1,-1,1,-1,-1,1,1,1,-1,1,-1,-1,1,-1,-1,1,-1,1,-1,1,-1,1,-1,1,1,-1,1,-1,1,-1,1,-1,-1,1,-1,1,1,1,1,-1,-1,1,1,-1,1,1,-1,1,1,1,1,-1,1,1,-1,1,1,1,1,1,-1,1,-1,-1,1,1,-1,-1,1,-1,-1,1,1,-1,1,-1,-1,-1,1,1,-1,1,1,-1,-1,-1,1,-1,1,1,-1,-1,-1,1,-1,-1,-1,-1,1,-1,1,-1,-1,-1,-1,-1,-1,1,-1,1,1,1,1,-1,1,-1,1,1,-1,-1,-1,1,-1,-1,1,-1,1,-1,-1,1,1,1,1,-1,-1,1,1,1,1,-1,1,-1,-1,1,1,1,-1,-1,-1,-1,1,1,1,-1,-1,-1,1,-1,1,-1,1,1,-1,-1,1,1,1,-1,-1,-1,-1,1,1,1,1,-1,-1,-1,1,1,1,1,-1,-1,-1,1,-1,1,-1,-1,-1,-1,1,1,1,1,-1,-1,1,1,1,1,1,-1,-1,-1,1,1,-1,1,-1,-1,-1,1,1,1,1,-1,-1,1,1,1,1,-1,-1,1,1,-1,1,1,-1,-1,-1,1,1,1,1,1,-1,1,1,1,1,1,-1,-1,-1,1,-1,1,-1,-1,-1,-1,1,-1,1,1,1,-1,-1,1,-1,1,1,-1,1,-1,1,1,1,1,-1,1,-1,1,-1,1,1,-1,-1,-1,1,1,-1,-1,-1,-1,-1,1,-1,1,-1,-1,-1,-1,-1,-1,-1,1,-1,-1,-1,1,-1,-1,1,-1,-1,-1,-1,-1,1,1,-1,-1,-1,-1,-1,1,-1,-1,-1,1,-1,-1,1,-1,1,-1,-1,-1,-1,-1,-1,-1,1,-1,-1,-1,1,1,-1,-1,-1,-1,1,-1,-1,-1,-1,1,-1,-1,1,1,1,-1,-1,-1,-1,1,-1,1,1,-1,1,-1,-1,1,1,-1,-1,-1,-1,-1,-1,1,1,-1,-1,1,-1,1,1,-1,-1,-1,1,-1,1,1,-1,-1,1,-1,-1,1,1,1,-1,1,-1,1,1,1,-1,-1,1,-1,-1,1,1,1,-1,1,-1,-1,1,1,-1,1,1,-1,-1,1,1,1,1,1,-1,-1,1,1,-1,1,1,-1,-1,1,1,1,1,1,1,-1,1,1,1,1,1,-1,-1,1,-1,1,1,1,1,-1,-1,1,-1,1,1,1,-1,1,-1,1,1,-1,1,-1,1,1,1,1,1,1,1,-1,-1,1,1,1,-1,1,-1,1,1,1,1,1,-1,1,-1,1,1,-1,1,1,-1,1,1,-1,1,1,-1,-1,1,1,1,1,-1,1,-1,-1,1,1,-1,-1,1,-1,1,1,1,-1,1,-1,-1,-1,1,1,-1,-1,1,-1,-1,1,1,-1,-1,1,-1,-1,1,1,1,-1,1,-1,-1,1,1,-1,-1,-1,1,-1,1,1,-1,1,1,-1,1,1,-1,-1,1,-1,-1,-1,1,1,-1,1,1,-1,1,1,-1,-1,-1,-1,1,-1,-1,-1,-1,1,-1,-1,1,1,-1,1,1,-1,1,1,1,1,-1,1,-1,1,1,1,1,-1,1,-1,-1,1,1,1,-1,1,-1,1,1,1,1,-1,1,-1,1,1,1,-1,-1,1,-1,-1,1,1,-1,-1,-1,1,-1,1,1,1,-1,1,-1,-1,1,-2668.0,1,2000,445,500,False
1441,1,1,-1,-1,1,-1,-1,-1,1,1,1,-1,1,1,1,1,-1,1,-1,-1,-1,1,1,1,1,1,-1,-1,1,1,1,1,-1,-1,-1,-1,1,-1,1,1,-1,-1,-1,1,1,1,1,-1,1,1,1,1,-1,1,-1,-1,1,-1,1,1,1,-1,-1,1,1,1,1,1,-1,-1,1,1,1,1,1,-1,-1,-1,1,1,1,-1,-1,-1,1,1,1,1,-1,-1,-1,1,1,1,1,-1,-1,1,1,-1,1,1,-1,-1,1,1,1,1,1,-1,-1,1,1,1,1,1,-1,-1,1,1,1,1,1,1,-1,-1,1,1,-1,1,1,-1,1,1,1,1,1,1,-1,-1,1,1,1,1,1,-1,1,1,1,1,1,1,-1,-1,-1,1,1,1,1,-1,1,1,1,1,-1,1,-1,1,-1,1,1,1,-1,-1,1,1,1,1,1,-1,1,-1,-1,1,-1,1,-1,1,1,1,1,1,1,1,1,1,-1,1,-1,1,-1,1,1,-1,1,-1,1,1,-1,1,-1,1,-1,1,-1,1,1,-1,-1,-1,1,1,1,1,-1,-1,1,1,-1,-1,1,-1,1,-1,-1,1,-1,1,-1,1,-1,1,-1,-1,1,-1,-1,-1,1,1,-1,1,-1,1,1,1,-1,1,1,-1,-1,-1,1,-1,1,-1,1,-1,1,1,-1,1,-1,-1,-1,1,1,-1,1,-1,-1,-1,1,1,-1,-1,1,1,-1,-1,1,1,-1,1,1,-1,1,1,1,1,-1,1,-1,1,1,-1,1,-1,1,1,1,1,1,1,1,1,-1,-1,1,-1,-1,1,1,1,-1,1,1,1,-1,1,1,1,1,1,1,1,1,-1,1,1,1,-1,1,1,-1,1,1,1,-1,1,1,-1,-1,1,1,1,-1,1,-1,1,1,1,-1,1,1,-1,1,1,1,-1,1,1,-1,1,1,1,-1,1,1,-1,-1,1,1,-1,1,1,-1,1,-1,1,-1,1,1,1,-1,1,1,1,1,1,1,-1,1,1,-1,1,1,1,-1,-1,-1,-1,1,1,1,-1,1,1,-1,1,1,-1,-1,1,1,1,1,1,-1,1,1,1,-1,1,1,1,-1,-1,1,1,1,-1,1,-1,1,1,1,1,1,1,-1,-1,-1,1,-1,-1,1,1,-1,1,1,1,1,1,1,1,-1,1,-1,-1,1,-1,1,-1,1,1,1,1,1,1,-1,-1,1,-1,1,1,1,-1,1,1,1,-1,1,1,-1,-1,1,-1,1,1,1,-1,1,1,1,1,1,1,-1,1,-1,-1,1,1,1,-1,1,-1,-1,1,1,-1,-1,1,-1,1,1,1,-1,-1,1,-1,-1,1,1,-1,-1,1,-1,1,1,1,1,-1,1,1,-1,-1,1,1,-1,-1,1,1,-1,1,-1,-1,1,1,-1,1,-1,1,-1,-1,1,-1,1,-1,1,1,-1,1,-1,-1,1,1,1,-1,1,-1,1,-1,-1,-1,1,-1,-1,-1,1,-1,-1,-1,1,-1,1,1,-1,1,1,1,-1,1,1,-1,1,-1,1,-1,-1,1,-1,-1,1,1,-1,-1,1,-1,-1,1,1,1,-1,1,-1,-1,1,1,-1,-1,1,-1,-1,-1,1,1,-1,1,-1,-1,-1,1,-1,-1,1,-1,1,-1,1,1,-1,-1,1,-1,-1,-1,-1,-1,1,1,1,-1,1,1,-1,-1,1,-1,1,-1,-1,-1,1,1,-1,-1,-1,-1,-1,1,1,-1,1,1,1,-1,-1,1,1,-1,-1,-1,-1,1,1,-1,-1,1,-1,-1,-1,1,1,-1,-1,-1,-1,-1,1,-1,-1,1,-1,-1,-1,1,1,-1,1,-1,-1,1,1,1,-1,-1,-1,-1,-1,1,1,1,-1,-1,-1,-1,1,1,-1,-1,-1,-1,1,1,1,1,-1,-1,1,1,1,1,1,-1,-1,-1,1,1,1,1,1,-1,1,1,1,1,-1,1,-1,-1,1,-1,1,-1,1,-1,-1,1,-1,1,-1,-1,-1,-1,1,-1,1,-1,1,1,-1,1,-1,1,-1,1,1,-1,1,-1,1,-1,-1,-1,-1,1,1,-1,-1,-1,-1,-1,1,-1,1,-1,-1,-1,-1,-1,-1,-1,1,-1,-1,-1,1,-1,-1,1,-1,-1,-1,-1,-1,1,1,-1,-1,-1,-1,-1,1,-1,-1,-1,1,-1,-1,1,-1,1,-1,-1,-1,-1,-1,-1,-1,1,-1,-1,-1,1,1,1,-1,-1,1,1,-1,-1,-1,-1,1,-1,-1,1,-1,1,-1,-1,-1,-1,1,-1,1,1,-1,1,-1,-1,1,1,-1,-1,-1,-1,-1,-1,1,1,-1,-1,1,-1,1,1,-1,-1,-1,1,-1,1,1,-1,-1,1,-1,-1,1,1,1,-1,1,-1,1,1,1,-1,-1,1,-1,-1,1,1,1,-1,1,-1,-1,1,1,-1,1,1,-1,-1,1,1,-1,1,1,-1,-1,1,1,-1,1,1,-1,-1,1,1,1,1,-1,1,-1,-1,1,1,1,1,-1,-1,1,-1,1,1,1,1,-1,-1,1,-1,1,1,1,-1,1,1,1,1,-1,1,-1,1,1,1,1,1,1,1,-1,1,1,1,1,-1,1,-1,1,1,1,1,1,-1,1,1,1,1,-1,1,1,-1,1,1,-1,1,1,-1,-1,1,1,1,1,-1,1,-1,1,1,1,-1,-1,1,-1,1,1,1,-1,1,-1,-1,-1,1,1,-1,-1,1,-1,-1,1,1,1,-1,1,-1,-1,1,1,1,-1,1,-1,-1,1,1,-1,-1,-1,1,-1,-1,1,-1,1,1,-1,1,1,-1,-1,1,-1,-1,-1,1,1,-1,1,1,-1,1,1,-1,-1,-1,-1,1,-1,-1,-1,-1,1,-1,-1,1,1,-1,1,1,-1,1,1,1,1,-1,1,-1,1,1,1,1,-1,1,-1,-1,-1,1,1,-1,1,-1,1,1,1,1,-1,1,-1,1,1,1,-1,-1,1,-1,-1,1,1,-1,-1,-1,1,-1,1,-1,1,-1,1,-1,-1,1,-2668.0,1,2000,445,500,False
1442,1,1,-1,-1,1,-1,-1,-1,1,1,1,-1,1,1,1,1,-1,1,-1,-1,-1,-1,1,1,1,-1,-1,-1,1,1,1,1,-1,-1,-1,-1,1,-1,1,1,-1,-1,-1,1,1,1,1,-1,1,1,1,1,-1,1,-1,-1,1,-1,1,1,1,-1,-1,-1,1,1,1,1,-1,-1,-1,1,1,1,1,-1,-1,-1,1,1,1,-1,-1,-1,1,1,1,1,-1,-1,-1,1,1,1,1,-1,-1,1,1,-1,1,1,-1,-1,1,1,1,1,1,-1,-1,-1,1,1,1,1,-1,-1,1,1,1,1,1,1,-1,-1,1,1,-1,1,1,-1,1,1,1,1,1,1,-1,1,1,1,1,1,1,-1,1,1,1,1,1,1,-1,-1,-1,1,1,1,1,-1,1,1,1,1,-1,1,-1,1,-1,1,1,1,-1,-1,1,1,1,1,1,-1,1,-1,-1,1,-1,1,-1,1,1,1,1,1,1,1,1,1,-1,1,-1,1,-1,1,1,-1,1,-1,1,1,-1,1,-1,1,-1,1,-1,1,1,-1,1,-1,1,1,1,1,-1,-1,1,1,-1,-1,1,-1,1,-1,-1,1,-1,1,-1,1,-1,1,-1,-1,1,-1,-1,-1,1,1,-1,1,-1,1,1,1,-1,1,1,-1,1,-1,1,-1,1,-1,1,-1,1,1,-1,1,-1,-1,-1,1,1,-1,1,-1,-1,-1,1,1,-1,-1,1,1,-1,-1,1,1,-1,1,1,-1,1,1,1,1,-1,1,-1,1,1,-1,1,-1,1,-1,1,1,1,1,1,1,-1,-1,1,-1,-1,1,1,1,-1,1,1,1,-1,1,1,1,1,1,1,1,1,-1,1,1,1,-1,1,1,-1,1,1,1,-1,1,1,-1,-1,1,1,1,-1,1,-1,1,1,1,-1,1,1,-1,1,1,1,-1,1,1,-1,1,1,1,-1,1,1,-1,-1,1,1,-1,1,1,-1,1,-1,1,-1,1,-1,1,-1,1,1,1,-1,-1,1,-1,1,1,-1,1,1,1,-1,-1,-1,-1,1,1,1,-1,1,1,-1,1,1,-1,-1,1,1,1,1,1,-1,1,1,1,-1,1,1,1,-1,-1,1,1,1,-1,1,-1,1,1,1,1,1,1,-1,-1,-1,1,-1,1,1,1,-1,1,1,1,1,1,1,1,-1,1,-1,-1,1,-1,1,-1,1,1,-1,1,1,1,-1,-1,1,-1,1,1,1,-1,1,1,1,-1,1,1,-1,-1,1,-1,1,1,1,-1,1,1,1,1,1,1,-1,1,-1,1,1,1,-1,-1,1,-1,1,1,1,-1,-1,1,-1,1,1,1,-1,-1,1,-1,-1,1,1,-1,-1,1,-1,1,1,1,1,-1,1,1,-1,1,1,1,-1,-1,1,-1,1,1,-1,-1,1,-1,-1,1,-1,1,-1,-1,1,-1,1,-1,1,-1,-1,1,-1,-1,1,1,1,-1,1,-1,1,-1,1,1,1,-1,-1,-1,1,-1,1,1,1,1,-1,1,-1,-1,1,1,-1,1,1,-1,-1,-1,1,-1,-1,1,-1,-1,1,1,1,-1,1,-1,-1,1,1,-1,-1,1,-1,-1,1,1,-1,-1,1,-1,-1,-1,1,1,-1,1,1,-1,-1,1,-1,-1,1,-1,1,-1,1,1,-1,-1,1,-1,-1,-1,-1,-1,1,1,1,-1,-1,1,-1,-1,1,-1,-1,1,-1,-1,1,1,-1,-1,1,-1,-1,1,1,-1,1,-1,1,-1,-1,1,1,-1,-1,-1,-1,-1,1,-1,-1,1,-1,-1,-1,1,1,-1,-1,-1,-1,-1,1,-1,-1,-1,-1,-1,1,1,1,-1,-1,-1,-1,-1,1,1,-1,-1,-1,-1,-1,1,1,1,-1,-1,-1,-1,1,1,-1,-1,-1,-1,1,1,1,1,-1,-1,1,1,1,1,1,-1,-1,-1,1,1,1,1,1,-1,1,1,1,1,-1,1,-1,-1,1,-1,1,-1,1,-1,-1,1,-1,1,-1,-1,-1,-1,1,-1,1,-1,1,1,-1,1,-1,1,-1,1,1,-1,1,-1,1,-1,-1,-1,-1,1,1,-1,-1,-1,-1,-1,1,-1,1,-1,-1,-1,-1,-1,-1,-1,1,-1,-1,-1,1,-1,-1,1,-1,-1,-1,-1,-1,-1,1,-1,-1,-1,-1,-1,1,-1,-1,-1,1,-1,-1,1,-1,1,-1,-1,-1,-1,-1,-1,-1,1,-1,-1,-1,1,1,1,-1,-1,1,-1,-1,-1,-1,-1,1,-1,-1,1,1,1,-1,-1,-1,-1,1,-1,1,1,-1,1,-1,-1,1,1,-1,-1,-1,-1,-1,-1,1,1,-1,-1,1,-1,1,1,-1,-1,-1,1,-1,-1,1,-1,-1,1,-1,-1,1,1,1,-1,1,-1,1,1,1,-1,-1,1,-1,-1,1,1,1,-1,1,-1,-1,1,1,-1,1,1,-1,-1,1,1,-1,1,1,-1,-1,1,1,-1,1,1,-1,-1,1,1,1,1,-1,1,-1,-1,1,1,1,1,-1,-1,1,-1,1,1,1,1,-1,-1,1,-1,1,1,1,-1,1,1,1,1,-1,1,-1,1,1,1,1,1,1,1,-1,1,1,1,1,-1,1,-1,1,1,1,1,1,-1,1,1,1,1,-1,1,1,-1,1,1,-1,1,1,-1,-1,1,1,1,1,-1,1,-1,1,1,1,-1,-1,1,-1,1,1,1,-1,1,-1,-1,-1,1,1,-1,-1,1,-1,-1,1,1,-1,-1,1,-1,-1,1,1,1,-1,-1,-1,-1,1,1,-1,-1,-1,1,-1,-1,1,-1,1,1,-1,1,1,-1,-1,1,-1,-1,-1,1,1,-1,1,1,-1,1,1,-1,-1,-1,-1,1,-1,-1,-1,-1,-1,-1,-1,1,1,-1,1,1,-1,1,1,1,1,-1,1,-1,1,1,1,-1,-1,1,-1,-1,-1,1,-1,-1,1,-1,1,1,1,-1,-1,1,-1,1,1,1,1,-1,1,-1,-1,1,1,-1,-1,-1,1,-1,1,-1,1,-1,1,-1,-1,1,-2668.0,1,2000,445,500,False
1443,1,1,-1,-1,1,1,-1,-1,1,1,1,-1,1,1,-1,1,-1,1,-1,-1,-1,1,1,1,1,-1,1,-1,1,1,1,1,1,-1,-1,-1,1,-1,1,1,-1,-1,-1,1,1,1,1,-1,1,1,1,1,-1,1,-1,-1,1,-1,1,1,-1,-1,-1,1,1,1,1,1,-1,-1,1,1,1,1,1,-1,-1,-1,1,1,1,-1,-1,-1,1,1,1,1,-1,-1,1,1,1,1,1,-1,-1,-1,1,-1,1,1,-1,-1,1,1,1,1,1,-1,-1,-1,1,-1,1,1,-1,-1,1,1,1,1,1,1,-1,-1,1,1,-1,1,1,-1,1,1,1,1,1,1,-1,1,1,1,1,1,1,-1,1,1,1,1,1,1,-1,-1,-1,1,1,1,1,-1,1,1,1,1,-1,1,-1,1,-1,1,1,1,-1,-1,1,1,1,1,1,-1,1,-1,-1,1,-1,1,-1,1,1,1,1,1,1,1,1,1,-1,1,-1,1,-1,1,1,-1,1,-1,1,1,-1,1,-1,1,-1,1,-1,1,1,-1,-1,-1,1,1,1,1,-1,-1,1,1,-1,-1,1,-1,1,-1,1,1,-1,1,-1,1,-1,1,-1,-1,1,-1,-1,-1,1,1,-1,1,-1,1,1,1,-1,1,1,-1,1,-1,1,-1,1,-1,1,-1,1,1,-1,1,-1,-1,-1,1,1,-1,1,-1,-1,-1,1,1,-1,-1,1,1,-1,-1,1,1,-1,1,1,-1,1,1,1,1,-1,1,-1,1,1,-1,1,-1,1,1,1,1,1,1,1,1,-1,-1,1,-1,-1,-1,1,1,-1,1,1,1,-1,1,1,1,1,1,1,1,1,-1,1,1,1,-1,1,1,-1,1,1,1,-1,1,1,-1,-1,1,1,1,-1,1,-1,1,1,1,-1,1,1,-1,1,1,1,-1,1,1,-1,1,1,1,-1,1,1,-1,-1,1,1,-1,1,1,-1,1,-1,1,-1,1,1,1,-1,1,1,1,-1,1,1,-1,1,1,-1,1,1,1,-1,-1,-1,-1,1,1,1,-1,1,1,-1,1,1,-1,-1,1,1,1,1,1,-1,1,1,1,-1,1,1,1,-1,-1,1,1,1,-1,1,-1,1,1,1,1,1,1,-1,-1,-1,1,-1,-1,1,1,-1,1,1,-1,1,1,1,1,-1,1,-1,-1,1,-1,1,-1,1,1,1,1,1,1,-1,-1,1,-1,1,1,1,-1,1,1,1,-1,1,1,-1,-1,1,-1,1,1,1,-1,1,1,1,1,1,1,-1,1,-1,1,1,1,-1,-1,1,-1,1,1,1,-1,-1,1,-1,1,1,1,-1,-1,1,-1,-1,1,1,-1,-1,1,-1,1,1,1,1,-1,1,-1,-1,1,1,1,-1,-1,-1,1,1,1,-1,-1,1,-1,-1,1,-1,1,-1,-1,1,-1,1,-1,1,-1,-1,1,-1,-1,1,1,1,-1,1,-1,1,-1,1,1,1,-1,-1,-1,1,-1,-1,1,1,-1,1,1,-1,1,1,1,-1,1,1,-1,-1,-1,1,-1,-1,1,-1,-1,1,1,-1,-1,1,-1,-1,1,1,1,-1,1,-1,-1,1,1,-1,-1,1,-1,-1,-1,1,1,-1,1,-1,-1,-1,1,-1,-1,1,-1,1,-1,1,1,-1,-1,1,-1,-1,-1,-1,-1,1,1,1,-1,-1,1,-1,-1,1,-1,-1,1,-1,-1,1,1,-1,-1,1,1,-1,1,1,-1,1,-1,1,-1,-1,1,1,-1,-1,-1,-1,-1,1,-1,-1,1,-1,-1,-1,1,1,-1,-1,-1,-1,-1,1,-1,-1,-1,-1,-1,-1,1,1,-1,-1,-1,-1,1,1,1,-1,-1,-1,-1,-1,1,1,1,-1,-1,-1,-1,1,1,-1,-1,-1,-1,1,1,1,1,-1,-1,1,1,1,1,1,-1,-1,-1,1,1,1,-1,1,-1,1,1,1,1,-1,1,-1,-1,1,-1,1,-1,1,-1,-1,1,-1,1,-1,-1,-1,-1,1,-1,1,-1,1,1,-1,1,-1,1,-1,1,1,-1,1,-1,1,-1,-1,-1,-1,1,1,-1,-1,-1,-1,-1,1,-1,1,-1,-1,-1,-1,-1,-1,-1,1,-1,-1,-1,1,-1,-1,1,-1,-1,-1,-1,-1,-1,1,-1,-1,-1,-1,-1,1,-1,-1,-1,1,-1,-1,1,-1,1,-1,-1,-1,-1,-1,-1,-1,1,-1,-1,-1,1,1,-1,-1,-1,-1,1,-1,-1,-1,-1,1,-1,-1,1,1,1,-1,-1,-1,-1,1,-1,1,1,-1,1,-1,-1,1,1,-1,-1,-1,-1,-1,-1,1,1,-1,-1,1,-1,1,1,-1,-1,-1,1,-1,-1,1,-1,-1,1,-1,-1,1,1,1,-1,1,-1,1,1,1,-1,-1,1,-1,-1,1,-1,1,-1,1,-1,-1,1,1,-1,1,1,-1,-1,1,1,1,1,1,-1,-1,1,1,1,1,1,-1,-1,1,1,1,1,-1,1,-1,-1,1,1,1,1,-1,-1,1,-1,1,1,1,1,-1,-1,1,-1,1,1,1,-1,1,1,1,1,-1,1,-1,1,1,1,1,1,1,1,-1,1,1,1,1,-1,1,-1,1,1,1,1,1,-1,1,1,1,1,-1,1,1,-1,1,1,-1,1,1,-1,-1,1,1,1,1,-1,1,-1,1,1,1,-1,-1,1,-1,1,1,1,-1,1,-1,-1,-1,1,1,-1,-1,1,-1,-1,1,1,-1,-1,1,-1,-1,-1,1,1,-1,1,-1,-1,1,1,-1,-1,-1,1,-1,-1,1,-1,1,1,-1,1,1,-1,-1,1,1,-1,-1,1,1,-1,1,1,-1,1,1,-1,-1,-1,-1,1,-1,-1,-1,-1,-1,-1,-1,1,1,-1,1,1,-1,1,1,1,1,-1,1,-1,1,1,1,-1,-1,1,-1,-1,1,1,-1,-1,1,-1,1,1,1,-1,-1,1,-1,1,1,1,1,-1,1,-1,-1,1,1,1,-1,-1,1,-1,1,-1,1,-1,1,-1,-1,1,-2668.0,1,2000,445,500,False
1444,1,1,-1,-1,1,1,-1,-1,1,1,1,-1,1,1,1,1,-1,1,-1,-1,1,-1,1,1,1,1,-1,-1,1,1,1,1,-1,-1,-1,-1,1,1,1,1,-1,-1,-1,1,1,1,1,-1,1,1,1,1,-1,1,-1,-1,1,-1,1,1,1,-1,-1,-1,1,1,1,1,-1,-1,-1,1,1,1,1,-1,-1,-1,1,1,1,-1,-1,-1,1,1,1,1,-1,1,-1,1,1,1,1,-1,-1,1,1,-1,1,1,-1,-1,1,1,1,1,1,-1,-1,1,1,-1,1,1,-1,-1,1,1,1,1,1,1,-1,1,1,1,-1,1,1,-1,1,1,1,1,1,1,-1,-1,1,1,1,1,1,-1,1,1,1,1,1,1,-1,-1,-1,1,1,1,1,-1,1,1,1,1,-1,1,-1,1,-1,1,1,1,-1,-1,1,1,1,1,1,-1,1,-1,-1,1,-1,1,-1,1,1,1,1,1,1,1,1,1,-1,1,-1,1,-1,1,1,-1,1,-1,1,1,-1,1,-1,1,-1,1,1,1,1,-1,-1,-1,1,-1,1,1,-1,-1,1,1,-1,-1,1,-1,1,-1,1,-1,1,1,-1,1,-1,1,-1,1,1,-1,-1,-1,1,-1,-1,1,-1,1,1,1,-1,1,1,-1,1,-1,1,-1,1,-1,1,-1,1,1,-1,1,-1,-1,-1,1,1,-1,1,-1,-1,-1,1,1,1,-1,1,1,-1,-1,1,1,-1,1,1,-1,1,1,1,-1,-1,1,-1,1,1,-1,1,-1,1,-1,1,1,-1,-1,-1,1,-1,-1,1,-1,1,-1,1,1,-1,1,1,1,-1,1,1,1,1,1,-1,-1,1,-1,1,1,-1,1,-1,1,-1,1,1,1,-1,1,1,-1,-1,1,1,-1,-1,1,-1,1,1,1,1,1,1,-1,1,1,1,1,1,1,-1,1,1,1,1,1,1,-1,-1,1,1,1,1,1,-1,1,-1,1,-1,1,1,1,-1,1,1,1,1,1,1,-1,1,1,1,-1,1,1,-1,-1,-1,-1,1,1,1,-1,1,1,-1,1,1,-1,-1,1,1,1,1,1,-1,1,1,1,-1,1,1,1,-1,-1,1,1,1,-1,1,-1,1,-1,1,1,1,1,-1,-1,-1,1,-1,-1,1,1,-1,1,1,1,1,1,1,1,-1,1,-1,-1,1,-1,1,-1,1,-1,-1,1,1,1,-1,-1,1,-1,1,1,1,-1,1,1,1,-1,1,1,-1,1,-1,-1,1,1,1,-1,-1,-1,1,1,1,1,-1,1,-1,-1,1,1,-1,1,1,1,1,1,1,-1,-1,1,-1,1,1,1,-1,1,-1,-1,-1,1,1,-1,-1,1,-1,1,1,1,1,-1,-1,-1,-1,1,1,1,-1,-1,-1,1,1,1,-1,-1,1,-1,-1,1,-1,1,-1,-1,1,-1,1,-1,1,-1,-1,1,-1,-1,1,1,1,-1,1,-1,1,-1,1,1,1,-1,-1,-1,1,-1,-1,1,1,1,-1,1,-1,1,1,1,-1,1,1,-1,1,-1,1,-1,-1,1,-1,-1,1,1,1,-1,1,-1,-1,1,1,-1,-1,1,-1,-1,1,1,-1,-1,1,-1,-1,-1,1,1,-1,1,1,-1,-1,1,-1,-1,1,-1,1,-1,1,1,-1,-1,1,-1,-1,-1,-1,-1,1,1,1,-1,-1,1,-1,-1,1,-1,-1,1,-1,-1,1,1,-1,-1,1,1,-1,1,1,-1,1,-1,1,-1,-1,1,1,-1,-1,-1,-1,1,1,-1,-1,1,-1,-1,-1,1,1,-1,-1,-1,-1,-1,1,-1,-1,-1,-1,-1,-1,1,1,-1,-1,-1,-1,1,1,1,-1,-1,-1,-1,-1,1,1,1,-1,-1,-1,-1,1,1,-1,-1,-1,-1,1,1,1,1,-1,-1,1,1,1,1,1,-1,-1,-1,1,1,1,1,1,-1,1,1,1,1,-1,1,-1,-1,1,-1,1,-1,1,-1,-1,1,-1,1,-1,-1,-1,-1,1,-1,1,-1,1,-1,-1,1,-1,1,-1,1,-1,-1,1,-1,1,-1,-1,-1,-1,1,1,-1,-1,-1,-1,-1,1,-1,1,-1,-1,-1,-1,-1,-1,-1,1,-1,-1,-1,1,-1,-1,1,-1,-1,-1,-1,-1,1,1,-1,-1,-1,-1,-1,1,-1,-1,-1,1,-1,-1,1,-1,1,-1,-1,-1,-1,-1,-1,-1,1,-1,-1,-1,1,1,-1,-1,-1,-1,1,-1,-1,-1,-1,1,-1,-1,1,1,1,-1,-1,-1,-1,1,-1,1,1,-1,1,-1,-1,1,1,-1,-1,-1,-1,-1,-1,1,1,-1,-1,1,-1,1,1,-1,-1,-1,-1,-1,1,1,-1,-1,-1,1,-1,1,1,1,-1,-1,-1,1,1,1,-1,-1,1,-1,-1,1,1,1,-1,1,-1,-1,1,1,-1,1,-1,1,-1,1,1,-1,1,1,1,-1,1,1,-1,1,1,1,-1,1,1,1,1,1,-1,-1,1,1,1,-1,1,1,-1,1,-1,1,1,1,1,-1,-1,1,-1,1,-1,1,-1,1,1,1,1,-1,1,-1,1,1,1,1,1,1,-1,-1,1,1,1,1,-1,1,-1,1,1,1,1,-1,1,-1,1,1,1,-1,-1,1,-1,1,1,-1,1,-1,-1,-1,1,1,1,-1,1,-1,-1,1,1,1,-1,-1,-1,-1,1,1,1,-1,-1,-1,-1,-1,1,1,-1,1,-1,-1,-1,1,1,-1,1,-1,-1,1,1,1,1,1,1,-1,-1,1,1,-1,-1,1,1,1,1,1,-1,1,-1,-1,1,1,-1,-1,1,-1,-1,-1,-1,1,-1,1,1,1,1,1,-1,-1,1,-1,-1,-1,-1,-1,-1,1,-1,1,1,1,-1,1,1,-1,1,1,1,1,-1,1,-1,1,1,1,1,-1,1,-1,1,1,1,1,-1,1,-1,1,1,1,1,-1,1,-1,1,1,-1,-1,-1,1,-1,-1,1,1,-1,-1,-1,1,-1,1,-1,1,-1,1,-1,-1,1,-2668.0,1,2000,445,500,False
1445,1,1,-1,-1,1,1,-1,-1,1,1,1,-1,-1,1,1,1,-1,1,-1,-1,1,-1,1,1,1,-1,-1,-1,1,1,1,1,1,-1,-1,-1,1,-1,1,1,-1,-1,-1,1,1,1,1,-1,1,1,1,1,-1,1,-1,-1,1,-1,1,1,-1,-1,-1,-1,1,1,1,1,-1,-1,-1,1,1,1,1,-1,-1,-1,1,1,1,-1,-1,-1,1,1,1,1,-1,-1,-1,1,1,1,1,-1,-1,1,1,-1,1,1,-1,-1,1,1,1,1,1,-1,-1,1,1,1,1,1,-1,-1,1,1,1,1,1,1,-1,-1,1,1,-1,1,1,-1,1,1,1,1,1,1,-1,-1,1,1,1,1,1,-1,1,1,1,1,1,1,-1,-1,-1,1,1,1,1,-1,1,1,1,1,-1,1,-1,1,-1,1,1,1,-1,-1,1,1,1,1,1,-1,1,-1,-1,1,1,1,-1,1,1,1,1,-1,1,1,1,1,-1,1,-1,1,-1,1,1,-1,1,-1,1,1,-1,1,-1,1,-1,1,-1,1,1,-1,1,-1,1,1,1,1,-1,-1,1,1,-1,-1,1,-1,1,-1,-1,1,-1,1,-1,1,-1,1,-1,1,1,-1,-1,-1,1,1,-1,1,-1,1,1,1,-1,1,1,-1,1,-1,1,-1,1,-1,1,-1,1,1,-1,1,-1,-1,-1,1,1,-1,1,-1,-1,-1,1,1,-1,-1,1,1,-1,-1,1,1,-1,1,1,-1,1,1,1,1,-1,1,-1,1,1,-1,1,-1,1,-1,1,1,1,-1,-1,1,-1,-1,1,-1,-1,-1,1,1,-1,1,1,1,-1,1,1,1,1,1,1,1,1,-1,1,1,1,1,-1,1,-1,1,1,1,-1,1,1,-1,-1,1,1,1,-1,1,-1,1,1,1,-1,1,1,-1,1,1,1,-1,1,1,-1,1,1,1,1,1,1,-1,-1,1,1,-1,1,1,-1,1,-1,1,-1,1,1,1,-1,1,1,1,-1,1,1,-1,1,1,-1,1,-1,1,-1,-1,-1,-1,1,1,1,-1,1,1,-1,1,1,-1,-1,1,1,1,1,1,-1,1,1,1,-1,1,1,1,-1,-1,1,1,1,-1,1,-1,1,1,1,1,1,1,-1,-1,-1,1,-1,-1,1,1,-1,1,1,1,1,1,1,1,-1,1,-1,-1,1,-1,1,-1,1,1,1,1,1,1,-1,-1,1,-1,1,1,1,-1,1,1,1,-1,1,1,-1,-1,1,-1,1,1,1,-1,1,1,1,1,1,1,-1,1,-1,1,1,1,-1,-1,1,-1,-1,1,1,-1,-1,1,-1,1,1,1,-1,-1,1,1,-1,1,1,-1,-1,1,-1,1,1,1,1,-1,1,-1,-1,-1,1,1,-1,-1,-1,1,-1,1,-1,-1,1,-1,-1,1,-1,1,-1,-1,1,-1,1,-1,1,1,-1,1,-1,-1,1,1,1,-1,1,-1,1,-1,-1,1,1,-1,-1,-1,1,-1,-1,1,1,1,-1,1,-1,1,1,1,-1,1,1,-1,1,-1,1,-1,-1,1,-1,-1,1,1,1,-1,1,-1,-1,1,1,-1,-1,1,-1,-1,1,1,-1,-1,1,-1,-1,-1,1,1,-1,1,1,-1,-1,1,-1,-1,1,-1,1,-1,1,1,-1,-1,1,-1,-1,-1,-1,-1,1,1,1,-1,1,1,-1,-1,1,-1,-1,-1,-1,-1,1,1,-1,-1,-1,-1,-1,1,1,-1,1,1,1,-1,-1,1,1,-1,-1,-1,-1,-1,1,-1,-1,1,-1,-1,-1,1,1,-1,-1,-1,-1,-1,1,-1,-1,1,-1,-1,1,1,1,-1,1,-1,-1,-1,1,1,-1,-1,-1,-1,-1,1,1,1,-1,-1,-1,-1,1,1,-1,-1,-1,-1,1,1,1,1,-1,-1,1,1,1,1,1,-1,-1,-1,1,1,1,1,1,-1,1,1,1,1,-1,1,-1,-1,1,-1,1,-1,1,-1,-1,1,-1,1,-1,-1,-1,-1,1,-1,1,-1,1,1,-1,1,-1,1,-1,1,1,1,-1,-1,1,-1,-1,-1,-1,1,1,-1,-1,-1,-1,-1,1,-1,1,-1,-1,-1,-1,-1,-1,-1,1,-1,-1,-1,1,-1,-1,1,-1,-1,-1,-1,-1,1,1,-1,-1,-1,-1,-1,1,-1,-1,-1,1,-1,-1,1,-1,1,-1,-1,-1,-1,-1,-1,-1,1,-1,-1,-1,1,1,-1,-1,-1,1,1,-1,-1,-1,-1,1,-1,-1,1,-1,1,-1,-1,-1,-1,1,-1,1,1,-1,1,-1,-1,1,1,-1,-1,-1,-1,-1,-1,1,1,-1,-1,1,-1,1,1,-1,-1,-1,1,-1,1,1,-1,-1,1,-1,-1,1,1,1,-1,1,-1,1,1,1,-1,-1,1,-1,-1,1,1,1,-1,1,-1,-1,1,1,-1,1,1,-1,-1,1,1,1,1,1,-1,-1,1,1,1,1,1,-1,-1,1,1,1,1,1,1,-1,-1,1,1,-1,1,-1,-1,1,-1,1,1,1,1,-1,-1,1,-1,1,1,1,-1,1,1,1,1,-1,1,-1,1,1,1,1,1,1,1,-1,1,1,1,1,-1,1,-1,1,1,1,1,1,-1,1,1,1,1,-1,-1,1,-1,1,1,-1,1,1,-1,-1,1,1,1,-1,1,1,-1,1,1,1,-1,-1,1,-1,1,1,1,-1,1,-1,-1,-1,1,1,-1,-1,1,-1,-1,1,1,-1,-1,1,-1,-1,1,1,1,1,-1,-1,-1,1,1,-1,-1,-1,1,-1,1,1,-1,1,1,-1,1,1,-1,-1,1,1,-1,-1,1,1,-1,1,1,-1,1,1,-1,-1,-1,-1,1,-1,-1,-1,-1,1,-1,-1,1,1,-1,1,1,-1,1,1,1,1,-1,1,-1,1,1,1,1,-1,1,-1,-1,1,1,1,-1,1,-1,1,1,1,1,-1,1,-1,1,1,-1,-1,-1,1,-1,-1,1,1,-1,-1,-1,1,-1,1,-1,1,-1,1,-1,-1,1,-2668.0,1,2000,445,500,False
1446,1,1,-1,-1,1,-1,-1,-1,1,1,1,-1,1,1,1,1,-1,1,-1,-1,-1,-1,1,1,1,-1,1,-1,1,1,1,1,-1,-1,-1,-1,1,1,1,1,-1,-1,-1,1,1,1,1,-1,1,1,1,1,-1,1,-1,-1,1,-1,1,1,1,-1,-1,-1,1,1,1,1,-1,-1,-1,1,1,1,1,-1,-1,-1,1,1,1,-1,-1,-1,1,1,1,1,-1,-1,-1,1,1,1,1,-1,-1,1,1,-1,1,1,-1,-1,1,1,1,1,1,-1,-1,1,1,1,1,1,-1,-1,1,1,1,1,1,1,-1,-1,1,1,-1,1,1,-1,1,1,1,1,1,1,-1,-1,1,1,1,1,1,-1,1,1,1,1,1,1,-1,-1,-1,1,1,1,1,-1,1,1,1,1,-1,1,-1,1,-1,1,1,1,-1,-1,1,1,1,1,1,-1,1,-1,-1,1,-1,1,-1,1,1,1,1,1,1,1,1,1,1,1,-1,1,-1,1,1,-1,1,-1,1,1,-1,1,-1,1,-1,1,1,1,1,-1,1,-1,1,-1,-1,1,-1,-1,1,1,-1,-1,1,-1,1,-1,1,-1,-1,1,-1,1,-1,1,-1,1,1,-1,-1,-1,1,-1,-1,1,-1,1,1,1,-1,1,1,-1,1,-1,1,-1,1,-1,1,-1,1,1,-1,1,-1,-1,-1,1,1,-1,1,-1,-1,-1,1,1,1,-1,1,1,-1,-1,1,1,-1,1,1,-1,1,1,1,-1,-1,1,-1,1,1,1,1,-1,1,1,1,1,-1,-1,-1,1,-1,-1,1,-1,1,-1,1,1,-1,1,1,1,-1,1,1,1,1,1,-1,-1,1,-1,1,1,1,1,-1,1,-1,1,1,1,-1,1,1,-1,-1,1,1,-1,1,1,-1,1,1,1,1,1,1,-1,1,1,1,1,1,1,-1,1,1,1,1,1,1,-1,-1,1,1,1,1,1,-1,1,-1,1,-1,1,1,1,-1,1,1,1,1,1,1,-1,1,1,1,-1,1,1,-1,-1,-1,-1,1,1,1,-1,1,1,-1,1,1,-1,-1,1,1,1,1,1,-1,1,1,1,-1,1,1,1,1,-1,1,1,1,-1,1,-1,1,-1,1,1,1,1,-1,-1,-1,1,-1,-1,1,-1,1,-1,-1,1,1,1,1,-1,-1,1,-1,-1,1,-1,1,-1,1,-1,1,1,1,1,-1,-1,1,-1,1,1,-1,-1,1,1,1,-1,1,-1,-1,1,-1,-1,1,1,-1,-1,-1,-1,1,1,-1,1,-1,1,-1,-1,1,-1,-1,1,1,-1,1,1,-1,-1,-1,1,-1,1,1,1,-1,1,-1,1,-1,1,-1,-1,-1,1,-1,1,1,1,-1,-1,1,-1,-1,1,-1,-1,-1,-1,-1,-1,1,-1,-1,-1,1,-1,-1,1,-1,-1,-1,-1,1,-1,1,-1,-1,-1,-1,1,-1,-1,1,1,1,-1,1,-1,1,-1,1,1,1,-1,-1,-1,1,-1,-1,1,1,1,-1,1,-1,1,1,1,-1,1,1,-1,-1,-1,1,-1,-1,1,-1,-1,1,1,1,-1,1,-1,-1,1,1,-1,-1,1,-1,-1,1,1,-1,-1,1,-1,-1,-1,1,1,-1,1,-1,-1,-1,1,-1,-1,1,-1,1,-1,1,1,-1,-1,1,-1,-1,-1,-1,-1,1,1,1,-1,-1,1,-1,-1,1,-1,-1,1,-1,-1,1,1,-1,-1,1,-1,-1,1,1,-1,1,-1,-1,-1,-1,1,1,-1,-1,-1,-1,1,1,-1,-1,1,-1,-1,-1,1,1,-1,-1,-1,-1,-1,1,-1,-1,-1,-1,-1,1,1,1,-1,-1,-1,-1,-1,1,1,-1,-1,-1,-1,-1,1,1,1,-1,-1,-1,-1,1,1,-1,-1,-1,-1,1,1,1,1,1,-1,1,1,1,1,1,1,-1,-1,1,1,1,-1,1,-1,1,1,1,1,-1,1,-1,-1,1,-1,1,-1,1,-1,-1,1,-1,1,-1,1,-1,-1,1,-1,1,-1,1,-1,-1,1,-1,1,1,1,-1,-1,1,-1,1,1,1,-1,-1,1,1,-1,1,1,-1,-1,1,-1,1,-1,1,-1,-1,-1,-1,-1,1,1,-1,-1,1,-1,-1,1,1,-1,-1,-1,-1,1,-1,1,-1,-1,-1,-1,1,1,-1,-1,1,-1,-1,1,-1,1,-1,-1,-1,-1,-1,1,1,1,-1,-1,-1,1,1,1,-1,-1,-1,1,-1,-1,1,-1,1,-1,-1,1,1,1,-1,-1,-1,-1,1,-1,1,1,-1,1,-1,-1,1,1,-1,-1,-1,-1,-1,-1,1,1,-1,-1,1,-1,1,1,-1,-1,-1,-1,-1,1,1,-1,-1,-1,1,-1,1,1,1,-1,-1,-1,1,1,1,-1,-1,1,-1,-1,1,-1,1,-1,1,-1,-1,1,1,-1,1,-1,-1,-1,1,1,-1,1,1,1,-1,1,1,-1,1,1,1,-1,1,1,1,1,1,-1,-1,1,1,1,1,1,-1,-1,1,-1,1,1,1,1,-1,-1,1,-1,1,-1,1,-1,1,1,1,1,-1,1,-1,1,1,1,1,1,1,-1,-1,1,1,1,1,-1,1,-1,1,1,1,1,-1,1,-1,1,1,1,-1,-1,1,-1,1,1,-1,1,-1,-1,-1,1,1,1,-1,1,-1,-1,1,1,1,-1,-1,-1,-1,1,1,1,-1,-1,-1,-1,-1,1,1,-1,1,-1,-1,-1,1,1,-1,-1,1,-1,1,1,1,1,1,1,-1,-1,1,1,-1,-1,1,1,1,-1,1,-1,1,-1,-1,1,1,-1,-1,1,-1,-1,-1,1,1,-1,1,-1,1,1,1,-1,-1,-1,-1,1,-1,-1,-1,-1,1,-1,1,1,1,-1,1,1,-1,1,1,1,1,-1,1,-1,1,1,1,1,-1,1,-1,1,1,1,1,-1,1,-1,1,1,1,1,-1,1,-1,1,1,1,-1,-1,1,-1,-1,1,1,-1,-1,-1,1,-1,1,1,1,-1,1,-1,-1,1,-2668.0,1,2000,445,500,False
1447,1,1,-1,-1,1,-1,-1,-1,1,1,1,-1,1,1,1,1,-1,1,-1,-1,-1,-1,1,1,1,-1,-1,-1,1,1,1,1,1,-1,-1,-1,1,-1,1,-1,-1,-1,-1,1,1,1,1,-1,1,1,1,1,-1,1,-1,-1,1,-1,1,1,1,-1,-1,-1,1,1,1,1,-1,-1,-1,1,1,1,1,-1,-1,-1,1,1,1,-1,-1,-1,1,1,1,1,-1,-1,1,1,1,1,1,-1,-1,-1,1,-1,1,1,-1,-1,1,1,1,1,1,-1,-1,-1,1,-1,1,1,-1,-1,1,1,1,1,1,1,-1,-1,1,1,-1,1,1,-1,1,1,1,1,1,1,-1,1,1,1,1,1,1,-1,1,1,1,1,1,1,-1,-1,-1,1,1,1,1,-1,1,1,1,1,-1,1,-1,1,-1,1,1,1,-1,-1,1,1,1,1,1,-1,1,-1,-1,1,-1,1,-1,1,1,1,1,1,1,1,1,1,-1,1,-1,1,-1,1,1,-1,1,-1,1,1,-1,1,-1,1,-1,1,-1,1,1,-1,1,-1,1,1,1,1,-1,-1,1,1,-1,-1,1,-1,1,-1,1,1,-1,1,-1,1,-1,1,-1,1,1,-1,-1,-1,1,1,-1,1,-1,1,1,1,-1,1,1,-1,1,-1,1,-1,1,-1,1,-1,1,1,-1,1,-1,-1,-1,1,1,-1,1,-1,-1,-1,1,1,-1,-1,1,1,-1,-1,1,1,-1,1,1,-1,1,1,1,1,-1,1,-1,1,1,-1,1,-1,1,1,-1,1,1,1,1,1,-1,-1,1,-1,-1,-1,1,1,-1,1,1,1,-1,1,-1,-1,1,1,1,1,1,-1,1,1,1,-1,-1,1,-1,1,1,1,-1,1,1,-1,-1,1,1,1,-1,1,-1,1,1,1,-1,1,1,-1,1,1,1,-1,1,-1,-1,1,1,1,-1,1,-1,-1,-1,1,1,-1,1,-1,-1,1,-1,1,-1,1,1,-1,-1,1,1,1,1,1,-1,-1,1,1,-1,1,-1,-1,-1,-1,-1,-1,1,-1,-1,-1,1,1,-1,1,-1,1,-1,1,1,1,1,-1,-1,1,1,1,-1,1,-1,-1,-1,-1,1,1,1,1,-1,-1,1,1,1,1,-1,-1,-1,-1,-1,1,-1,1,-1,1,-1,1,1,1,-1,-1,1,1,-1,1,-1,1,-1,-1,1,-1,1,1,-1,-1,-1,1,-1,-1,1,1,-1,-1,1,-1,1,1,-1,1,-1,1,-1,-1,1,1,-1,1,1,-1,1,1,-1,-1,1,1,-1,1,-1,1,-1,1,-1,-1,1,-1,1,-1,1,-1,-1,1,-1,-1,-1,1,-1,-1,1,-1,1,-1,1,-1,-1,1,-1,-1,1,-1,1,-1,1,1,1,-1,1,1,-1,-1,-1,1,-1,1,-1,-1,1,-1,1,1,-1,1,-1,-1,1,1,-1,-1,1,1,-1,1,1,1,1,1,1,-1,1,1,1,-1,1,1,1,-1,-1,-1,1,-1,1,1,1,1,-1,1,-1,1,-1,-1,-1,1,1,-1,1,1,-1,-1,-1,1,-1,1,1,-1,1,-1,1,-1,-1,-1,-1,-1,-1,1,-1,-1,-1,-1,-1,-1,1,-1,1,1,1,1,-1,1,-1,1,1,-1,-1,-1,1,-1,-1,1,-1,1,-1,-1,1,1,1,1,-1,-1,1,1,1,1,-1,1,-1,-1,1,1,1,-1,-1,-1,1,1,1,1,-1,1,-1,1,-1,1,-1,1,1,-1,-1,1,1,1,-1,-1,-1,1,1,1,1,1,-1,-1,-1,1,1,1,1,-1,-1,-1,1,-1,1,-1,-1,-1,1,1,1,1,1,-1,-1,-1,1,1,1,1,-1,-1,-1,1,1,-1,1,-1,-1,-1,1,1,1,1,-1,-1,1,1,1,1,1,-1,1,1,-1,1,1,-1,-1,-1,1,1,1,1,1,-1,1,1,1,1,1,1,-1,-1,1,-1,1,-1,1,-1,-1,1,-1,1,1,-1,-1,-1,1,-1,1,1,-1,1,-1,1,1,1,-1,1,1,-1,1,-1,1,-1,-1,-1,-1,1,1,-1,-1,-1,-1,-1,1,-1,1,-1,-1,-1,-1,-1,-1,-1,1,-1,-1,-1,1,-1,-1,1,-1,-1,-1,-1,-1,-1,1,-1,-1,-1,-1,-1,1,-1,-1,-1,1,-1,-1,1,-1,1,-1,-1,-1,-1,-1,-1,-1,1,-1,-1,-1,1,1,-1,-1,-1,-1,1,-1,-1,-1,-1,1,-1,-1,1,-1,1,-1,-1,-1,-1,1,-1,1,1,-1,1,-1,-1,1,1,-1,-1,-1,-1,-1,-1,1,1,-1,-1,1,-1,1,1,-1,-1,-1,1,-1,1,1,-1,-1,1,-1,-1,1,1,1,-1,1,-1,1,1,1,-1,-1,1,-1,-1,1,1,1,-1,1,-1,-1,1,1,-1,1,1,-1,-1,1,1,1,1,1,-1,-1,1,1,-1,1,1,-1,-1,1,1,1,1,1,1,-1,-1,1,1,-1,1,-1,-1,1,-1,1,1,1,1,-1,-1,1,-1,1,1,1,-1,1,1,1,1,-1,1,-1,1,1,1,1,1,1,1,-1,1,1,1,1,-1,1,-1,1,1,1,1,1,-1,1,1,1,1,-1,1,1,-1,1,1,-1,1,1,-1,-1,1,1,1,1,-1,1,-1,1,1,1,-1,-1,1,-1,1,1,1,-1,1,-1,-1,-1,1,1,-1,-1,1,-1,-1,1,1,1,-1,1,-1,-1,1,1,1,-1,1,-1,-1,1,1,-1,-1,-1,1,-1,-1,1,-1,1,1,-1,1,1,-1,-1,1,-1,-1,-1,1,1,-1,1,1,-1,1,1,-1,-1,1,-1,1,-1,-1,-1,-1,1,-1,-1,1,1,-1,1,1,-1,1,1,1,1,-1,1,-1,1,1,1,-1,-1,1,-1,-1,1,1,-1,-1,1,-1,1,1,1,-1,-1,1,-1,1,1,1,1,-1,1,-1,-1,1,1,1,-1,-1,1,-1,1,1,1,-1,1,-1,-1,1,-2668.0,1,2000,445,500,False
1448,1,1,-1,-1,1,-1,-1,-1,1,1,1,-1,1,1,1,1,-1,1,-1,-1,-1,-1,1,1,1,-1,1,-1,1,1,1,1,1,-1,-1,-1,1,1,1,1,-1,-1,-1,1,1,1,1,-1,1,1,1,1,-1,1,-1,-1,1,-1,1,1,1,-1,-1,-1,1,1,1,1,-1,-1,-1,1,1,1,1,-1,-1,-1,1,1,1,-1,-1,-1,1,1,1,1,-1,-1,-1,1,1,1,1,-1,-1,1,1,-1,1,1,-1,-1,1,1,1,1,1,-1,-1,-1,1,-1,1,1,-1,-1,1,1,1,1,1,1,-1,-1,1,1,-1,1,1,-1,1,1,1,1,1,1,-1,1,1,1,1,1,1,-1,1,1,1,1,1,1,-1,-1,-1,1,1,1,1,-1,1,1,1,1,-1,1,-1,1,-1,1,1,1,-1,-1,1,1,1,1,1,-1,1,-1,-1,1,-1,1,-1,1,1,1,1,1,1,1,1,1,-1,1,-1,1,-1,1,1,-1,1,-1,1,1,-1,1,-1,1,-1,1,-1,1,1,-1,1,-1,1,1,1,1,-1,-1,1,1,-1,-1,1,-1,1,-1,1,1,-1,1,-1,1,-1,1,-1,1,1,-1,1,-1,1,1,-1,1,-1,1,1,1,-1,1,1,-1,-1,-1,1,-1,1,-1,1,-1,1,1,-1,1,-1,-1,-1,1,1,-1,1,-1,-1,-1,1,1,-1,-1,1,1,-1,-1,1,1,-1,1,1,-1,1,1,1,1,-1,1,-1,1,1,-1,1,-1,1,1,1,1,1,1,1,1,-1,-1,1,-1,-1,1,1,1,-1,1,1,1,-1,1,-1,-1,1,1,1,-1,1,-1,1,1,1,-1,-1,1,-1,1,1,1,-1,1,1,-1,-1,1,1,1,-1,1,-1,1,1,1,-1,1,1,-1,1,1,1,-1,1,-1,-1,1,1,1,-1,1,-1,-1,-1,1,1,-1,1,-1,-1,1,-1,1,-1,1,1,-1,-1,1,1,1,-1,1,-1,-1,1,1,-1,1,-1,-1,-1,-1,-1,-1,1,-1,-1,-1,1,1,-1,1,-1,1,-1,1,1,1,1,-1,-1,1,1,1,-1,1,-1,-1,-1,-1,1,1,1,1,-1,-1,1,1,1,1,-1,-1,1,-1,-1,1,-1,1,-1,-1,1,-1,1,1,-1,-1,1,1,-1,1,-1,1,-1,-1,1,-1,1,1,-1,-1,-1,1,-1,-1,1,1,-1,-1,1,-1,1,1,-1,1,-1,1,-1,-1,1,1,-1,-1,1,-1,1,1,-1,-1,1,1,-1,1,-1,1,-1,1,-1,-1,1,-1,1,-1,1,-1,-1,1,-1,-1,-1,1,-1,-1,1,-1,1,-1,1,-1,-1,1,-1,-1,1,-1,1,-1,1,1,1,-1,1,1,-1,-1,1,1,-1,1,-1,-1,1,-1,1,1,1,1,-1,-1,1,1,-1,1,1,-1,-1,1,1,1,-1,1,1,-1,1,1,1,1,-1,-1,1,-1,-1,-1,1,-1,1,1,-1,1,-1,1,-1,1,-1,-1,-1,1,1,-1,1,1,-1,-1,-1,1,-1,1,1,-1,1,-1,1,-1,-1,-1,-1,-1,-1,1,-1,-1,-1,-1,-1,-1,1,-1,1,1,1,1,-1,1,-1,1,1,-1,-1,-1,1,-1,-1,1,-1,1,-1,-1,1,1,1,1,-1,-1,1,1,1,1,-1,1,-1,-1,1,1,1,-1,-1,-1,-1,1,1,1,-1,1,-1,1,-1,1,-1,1,1,-1,-1,1,1,1,-1,-1,-1,1,1,1,1,1,-1,-1,-1,1,1,1,1,-1,-1,-1,1,-1,1,-1,-1,-1,1,1,1,1,1,-1,-1,-1,1,1,1,1,-1,-1,-1,1,1,-1,1,-1,-1,-1,1,1,1,1,-1,-1,1,1,1,1,-1,-1,1,1,1,1,1,-1,-1,-1,1,1,1,1,1,-1,1,1,1,1,1,-1,-1,-1,1,-1,1,-1,-1,-1,-1,1,-1,1,1,-1,-1,-1,1,-1,1,1,-1,-1,-1,1,-1,1,1,-1,-1,-1,1,-1,1,1,-1,-1,-1,1,1,-1,-1,-1,-1,-1,1,-1,1,-1,-1,-1,-1,-1,-1,-1,1,-1,-1,-1,1,-1,-1,1,-1,-1,-1,-1,-1,-1,1,-1,-1,-1,-1,-1,1,-1,-1,-1,1,-1,-1,1,-1,1,-1,-1,-1,-1,-1,-1,-1,1,-1,-1,-1,1,1,-1,-1,-1,-1,1,-1,-1,-1,-1,1,-1,-1,1,1,1,-1,-1,-1,-1,1,-1,1,1,-1,1,-1,-1,1,1,-1,-1,-1,-1,-1,-1,1,1,-1,-1,1,-1,1,1,-1,-1,-1,1,-1,1,1,-1,-1,1,-1,-1,1,1,1,-1,1,-1,1,1,1,-1,-1,1,-1,-1,1,1,1,-1,1,-1,-1,1,1,-1,1,1,-1,-1,1,1,-1,1,1,-1,-1,1,1,1,1,1,-1,-1,1,1,1,1,1,1,-1,-1,1,1,-1,1,-1,-1,1,-1,1,1,1,1,-1,-1,1,-1,1,1,1,-1,1,1,1,1,-1,1,-1,1,1,1,1,1,1,1,-1,1,1,1,1,-1,1,-1,1,1,1,1,1,-1,1,1,1,1,-1,1,1,-1,1,1,-1,1,1,-1,-1,1,1,1,1,-1,1,-1,1,1,1,-1,-1,1,-1,1,1,1,-1,1,-1,-1,-1,1,1,-1,-1,1,-1,-1,1,1,-1,-1,1,-1,-1,1,1,1,-1,1,-1,-1,1,1,-1,-1,-1,1,-1,-1,1,-1,1,1,-1,1,1,-1,-1,1,-1,-1,-1,1,1,-1,1,1,-1,1,1,-1,-1,1,-1,1,-1,-1,-1,-1,1,-1,-1,1,1,-1,1,1,-1,1,1,1,1,-1,1,-1,1,1,1,-1,-1,1,-1,-1,-1,1,-1,-1,1,-1,1,1,1,-1,-1,1,-1,1,1,1,1,-1,1,-1,-1,1,1,-1,-1,-1,1,-1,1,1,1,-1,1,-1,-1,1,-2668.0,1,2000,445,500,False
1449,1,1,-1,-1,1,1,-1,-1,1,1,1,-1,-1,1,1,1,-1,1,-1,-1,-1,-1,1,1,1,-1,-1,-1,1,1,1,1,-1,-1,-1,-1,1,1,1,-1,-1,-1,-1,1,1,1,1,-1,1,1,1,1,-1,1,-1,-1,1,-1,1,1,1,-1,-1,-1,1,1,1,1,-1,-1,-1,1,1,1,1,-1,-1,-1,1,1,1,-1,-1,-1,1,1,1,1,-1,-1,-1,1,1,1,1,-1,-1,1,1,-1,1,1,-1,-1,1,1,1,1,1,-1,-1,1,1,1,1,1,-1,-1,1,1,1,1,1,1,-1,1,1,1,-1,1,1,-1,1,1,1,1,1,1,-1,-1,1,1,-1,1,1,-1,1,1,1,1,1,1,-1,-1,-1,1,1,1,1,-1,1,1,1,1,-1,1,-1,1,-1,1,1,1,-1,-1,1,1,1,-1,1,-1,1,-1,-1,1,1,1,-1,1,1,1,1,-1,1,1,1,1,-1,1,-1,1,-1,1,1,-1,1,-1,1,1,-1,1,-1,1,-1,1,-1,1,1,-1,-1,-1,1,1,1,1,-1,-1,1,1,-1,-1,1,-1,1,1,-1,1,-1,1,-1,1,-1,1,-1,-1,1,-1,-1,1,1,1,-1,1,-1,1,1,1,-1,1,1,-1,1,-1,1,-1,1,-1,1,-1,1,1,-1,1,-1,-1,-1,1,1,-1,1,-1,-1,-1,-1,1,-1,-1,1,1,-1,-1,1,1,-1,1,1,-1,1,1,1,1,-1,1,-1,1,1,-1,1,-1,1,1,-1,1,1,1,1,1,-1,-1,1,-1,-1,-1,1,1,-1,1,1,1,-1,1,-1,-1,1,1,1,1,1,-1,1,1,1,-1,1,1,-1,-1,1,1,-1,1,1,-1,1,-1,1,1,-1,1,-1,1,1,1,-1,1,1,-1,1,1,1,-1,1,-1,-1,1,1,1,-1,1,-1,-1,1,1,1,-1,1,-1,-1,-1,-1,1,-1,1,1,-1,1,1,1,1,1,1,-1,-1,-1,1,-1,1,-1,-1,1,-1,-1,-1,1,-1,-1,1,-1,1,-1,1,-1,1,-1,1,1,1,1,-1,1,-1,1,1,-1,1,-1,-1,-1,-1,1,1,1,1,-1,-1,1,1,1,1,-1,-1,1,-1,-1,1,-1,1,-1,1,-1,1,1,1,-1,-1,1,1,-1,1,-1,1,-1,-1,1,-1,1,1,-1,-1,-1,1,-1,-1,1,1,-1,-1,1,-1,1,1,-1,1,-1,1,-1,-1,1,1,-1,1,1,-1,1,1,-1,-1,1,1,-1,1,-1,1,-1,1,-1,-1,1,-1,1,-1,1,-1,-1,1,-1,-1,-1,1,-1,-1,1,1,1,-1,1,-1,-1,1,-1,-1,1,-1,1,-1,1,-1,1,-1,1,1,-1,-1,-1,1,-1,1,-1,-1,1,-1,1,1,1,1,-1,-1,1,1,-1,1,1,1,-1,1,1,1,-1,1,1,-1,1,1,1,1,1,-1,1,-1,-1,-1,1,-1,1,1,-1,1,-1,1,-1,1,-1,-1,-1,1,1,-1,1,1,-1,-1,-1,1,-1,1,1,-1,1,-1,1,-1,-1,-1,-1,-1,-1,1,-1,-1,-1,-1,-1,-1,1,-1,1,1,1,1,-1,1,-1,1,1,-1,-1,-1,1,-1,-1,1,-1,1,-1,-1,1,1,1,1,-1,-1,1,1,1,1,-1,1,-1,-1,1,1,1,-1,-1,-1,1,1,1,1,-1,-1,-1,1,-1,1,-1,1,-1,-1,-1,1,1,1,-1,-1,-1,-1,1,1,1,1,-1,-1,-1,1,1,1,1,-1,-1,-1,1,-1,1,-1,-1,-1,-1,1,1,1,1,-1,1,-1,1,-1,1,1,-1,-1,-1,1,1,-1,1,-1,-1,-1,1,1,1,1,-1,-1,1,-1,1,-1,1,-1,1,1,-1,1,1,-1,-1,-1,1,1,-1,1,1,-1,1,1,1,-1,1,-1,-1,-1,1,-1,1,-1,-1,-1,1,-1,1,-1,1,1,-1,-1,-1,1,-1,1,-1,-1,-1,1,1,-1,1,-1,-1,1,-1,-1,-1,1,-1,-1,-1,1,1,1,-1,-1,-1,-1,1,-1,1,-1,-1,-1,-1,-1,-1,-1,1,-1,-1,-1,1,-1,-1,1,-1,-1,-1,-1,-1,1,1,-1,-1,-1,-1,-1,1,-1,-1,-1,1,-1,-1,1,-1,1,-1,-1,-1,-1,-1,-1,-1,1,-1,-1,-1,1,1,-1,-1,-1,1,-1,1,-1,-1,-1,1,-1,-1,1,-1,1,-1,-1,-1,-1,1,-1,1,1,-1,1,-1,-1,1,1,-1,-1,-1,-1,-1,-1,1,1,-1,-1,1,-1,1,1,1,-1,-1,1,-1,1,1,-1,-1,1,-1,-1,1,1,1,-1,1,-1,1,1,1,-1,-1,1,-1,-1,1,1,1,-1,1,-1,-1,1,1,-1,1,1,-1,-1,1,1,1,1,1,-1,-1,1,1,-1,1,1,-1,-1,1,1,1,1,-1,1,-1,-1,1,1,-1,1,-1,-1,1,-1,1,1,1,1,-1,-1,1,-1,1,1,1,-1,1,1,1,1,-1,1,-1,1,1,1,1,1,1,1,-1,1,1,1,1,-1,1,-1,1,1,1,1,1,-1,1,1,1,1,-1,1,1,-1,1,1,-1,1,1,-1,-1,1,1,1,1,-1,1,-1,1,1,1,-1,-1,1,-1,1,1,1,-1,1,-1,-1,-1,1,1,-1,-1,1,-1,-1,1,1,-1,-1,1,-1,-1,1,1,1,-1,1,-1,-1,1,1,-1,-1,-1,1,-1,1,1,-1,1,1,-1,1,1,-1,-1,1,-1,-1,-1,1,1,-1,1,1,-1,1,1,-1,-1,-1,-1,1,-1,-1,-1,-1,1,-1,-1,1,1,-1,1,1,-1,1,1,1,1,-1,1,-1,1,1,1,1,-1,1,-1,-1,1,1,1,-1,1,-1,1,1,1,1,-1,1,-1,1,1,1,-1,-1,1,-1,-1,1,1,-1,-1,-1,1,-1,1,1,1,-1,1,-1,-1,1,-2668.0,1,2000,445,500,False
1450,1,1,-1,-1,1,1,-1,-1,1,1,1,-1,-1,1,1,1,-1,1,-1,-1,-1,-1,1,1,1,-1,-1,-1,1,1,1,1,-1,-1,-1,-1,1,-1,1,1,-1,-1,-1,1,1,1,1,-1,1,1,1,1,-1,1,-1,-1,1,-1,1,1,1,-1,-1,-1,1,1,1,1,-1,-1,-1,1,1,1,1,-1,-1,-1,1,1,1,-1,-1,-1,1,1,1,1,-1,-1,1,1,1,1,1,-1,-1,-1,1,-1,1,1,-1,-1,1,1,1,1,1,-1,-1,-1,1,1,1,1,-1,-1,1,1,1,1,1,1,-1,-1,1,1,-1,1,1,-1,1,1,1,1,1,1,-1,1,1,1,1,1,1,-1,1,1,1,1,1,1,-1,-1,-1,1,1,1,1,-1,1,1,1,1,-1,1,-1,1,-1,1,1,1,-1,-1,1,1,1,1,1,-1,1,-1,-1,1,1,1,-1,1,1,1,1,-1,1,1,1,1,-1,1,-1,1,-1,1,1,-1,1,-1,1,1,-1,1,-1,1,-1,1,-1,1,1,-1,-1,-1,1,1,1,1,-1,-1,1,1,-1,-1,1,-1,1,1,-1,1,-1,1,-1,1,-1,1,-1,1,1,-1,1,1,-1,1,-1,1,-1,1,1,1,-1,1,1,-1,1,-1,1,-1,1,-1,1,-1,1,1,-1,1,-1,-1,1,-1,1,-1,1,-1,-1,-1,-1,1,-1,-1,1,1,-1,1,1,1,-1,1,1,-1,1,1,1,1,-1,1,-1,1,1,-1,1,-1,1,1,1,-1,1,1,1,1,-1,-1,1,-1,-1,1,1,1,-1,1,1,1,-1,1,1,1,1,1,1,1,1,-1,1,1,1,-1,1,1,-1,1,1,1,-1,1,1,-1,-1,1,1,1,-1,1,-1,1,1,1,-1,1,1,-1,1,1,1,-1,1,1,-1,1,1,1,-1,1,1,-1,-1,1,1,-1,1,1,-1,1,-1,1,-1,1,1,1,-1,1,1,1,-1,1,1,-1,1,1,-1,1,-1,1,-1,-1,-1,-1,1,1,1,-1,1,1,-1,1,1,-1,-1,1,1,1,1,1,-1,1,1,1,-1,1,1,1,-1,-1,1,1,-1,-1,1,-1,1,-1,1,-1,1,1,-1,-1,-1,1,-1,-1,1,1,-1,1,1,-1,1,1,1,1,-1,1,-1,-1,1,-1,1,-1,1,-1,1,1,1,1,-1,-1,1,-1,1,1,1,-1,1,1,1,-1,1,1,-1,1,-1,-1,1,1,1,-1,1,-1,1,1,1,1,-1,1,-1,1,1,1,-1,1,1,-1,1,1,1,-1,-1,1,-1,1,1,1,-1,1,-1,1,-1,1,1,-1,-1,1,-1,1,1,1,1,-1,1,-1,-1,1,1,1,-1,1,-1,-1,1,1,-1,-1,1,-1,-1,1,-1,1,-1,-1,1,-1,1,-1,1,-1,-1,1,-1,-1,1,1,1,-1,1,-1,1,-1,1,1,1,-1,-1,-1,1,-1,-1,1,1,1,-1,1,-1,1,1,1,-1,1,1,-1,1,-1,1,-1,-1,1,-1,-1,1,1,1,-1,1,-1,-1,1,1,-1,-1,1,-1,-1,1,1,-1,-1,1,-1,-1,-1,1,1,-1,1,1,-1,-1,1,-1,-1,1,-1,1,-1,1,1,-1,-1,1,-1,-1,-1,-1,-1,1,1,1,-1,-1,1,-1,-1,1,-1,-1,1,-1,-1,-1,1,-1,-1,1,-1,-1,1,1,-1,1,-1,1,-1,-1,1,1,-1,-1,-1,-1,-1,1,-1,-1,1,-1,-1,-1,1,1,-1,-1,-1,-1,-1,1,-1,-1,-1,-1,-1,-1,1,1,-1,-1,-1,-1,-1,1,1,-1,-1,-1,-1,-1,1,1,1,-1,-1,-1,-1,1,1,-1,-1,-1,-1,1,-1,1,1,-1,-1,1,1,-1,1,1,-1,-1,-1,1,1,1,-1,1,-1,1,-1,1,1,-1,1,-1,-1,1,-1,1,-1,1,-1,-1,1,-1,1,-1,-1,-1,-1,-1,-1,1,-1,1,1,-1,1,-1,1,-1,1,1,1,-1,-1,1,-1,-1,-1,-1,1,-1,-1,-1,-1,-1,-1,1,-1,1,-1,-1,-1,-1,1,1,-1,1,-1,-1,-1,1,-1,-1,1,-1,-1,-1,-1,1,1,1,-1,-1,-1,-1,-1,1,-1,-1,-1,1,-1,-1,1,-1,1,-1,-1,-1,-1,-1,-1,-1,1,-1,-1,-1,1,1,1,-1,-1,1,1,-1,-1,-1,-1,1,-1,-1,1,-1,1,-1,-1,-1,-1,1,-1,1,1,-1,1,-1,-1,1,1,-1,-1,-1,-1,-1,-1,1,1,-1,-1,1,-1,1,1,-1,-1,-1,1,-1,1,1,-1,-1,1,-1,-1,1,1,1,-1,1,-1,1,1,1,-1,-1,1,-1,-1,1,1,1,-1,1,-1,-1,1,1,-1,1,1,-1,-1,1,1,-1,1,1,-1,-1,1,1,-1,1,1,-1,-1,1,1,1,1,1,1,-1,1,1,1,1,1,-1,-1,1,-1,1,1,1,1,-1,-1,1,-1,1,1,1,-1,1,1,1,1,-1,1,-1,1,1,1,1,1,1,1,-1,-1,1,1,1,-1,1,-1,1,1,1,1,1,-1,1,1,1,1,-1,1,1,-1,1,1,-1,1,1,-1,-1,1,1,1,1,-1,1,-1,1,1,1,-1,-1,1,-1,1,1,1,-1,1,-1,-1,-1,1,1,-1,-1,1,-1,-1,1,1,1,-1,1,-1,1,1,1,1,-1,1,-1,-1,1,1,-1,-1,-1,1,1,1,1,-1,1,1,-1,1,1,-1,-1,1,1,-1,-1,1,1,-1,1,1,1,1,1,-1,-1,-1,-1,1,-1,-1,-1,-1,-1,1,1,1,1,-1,1,1,-1,1,1,1,1,-1,1,-1,1,1,1,-1,-1,1,-1,1,1,1,-1,-1,1,-1,1,1,1,-1,-1,1,-1,1,1,1,1,-1,1,-1,1,1,1,1,-1,-1,1,-1,1,1,1,-1,1,-1,1,1,-2668.0,1,2000,445,500,False
1451,-1,-1,1,1,1,-1,-1,1,-1,-1,1,-1,1,1,-1,-1,1,1,-1,-1,-1,-1,-1,-1,1,-1,-1,-1,-1,-1,-1,-1,1,-1,-1,-1,1,-1,-1,1,-1,-1,-1,-1,-1,-1,1,-1,1,1,-1,-1,1,1,-1,-1,-1,1,-1,1,-1,-1,-1,1,-1,1,-1,-1,-1,-1,-1,1,1,1,1,-1,-1,-1,1,-1,1,-1,-1,-1,1,-1,-1,1,-1,-1,-1,-1,1,1,1,-1,-1,1,1,1,1,1,-1,-1,1,1,1,1,1,-1,-1,1,1,1,1,1,-1,-1,1,1,1,-1,1,1,-1,-1,1,1,1,1,1,-1,1,1,1,1,1,1,-1,-1,1,1,1,1,1,-1,1,1,1,1,1,1,-1,-1,-1,1,1,1,1,-1,1,1,1,1,-1,1,-1,1,-1,1,1,1,-1,-1,1,1,1,1,1,-1,1,-1,-1,1,1,1,-1,1,1,1,1,-1,1,1,1,1,1,1,-1,1,-1,1,1,-1,1,-1,1,1,-1,1,-1,1,-1,1,-1,1,1,-1,-1,-1,1,1,1,1,-1,-1,1,1,-1,-1,1,-1,1,1,-1,1,-1,1,-1,1,-1,1,-1,1,1,-1,-1,1,1,1,-1,1,-1,1,1,1,-1,1,1,-1,1,-1,1,-1,1,-1,1,-1,1,1,-1,1,-1,-1,1,1,1,-1,1,-1,-1,-1,-1,1,-1,-1,1,1,-1,-1,1,1,-1,1,1,-1,1,1,1,-1,-1,1,-1,1,1,-1,1,-1,1,1,-1,1,1,-1,-1,1,-1,-1,1,-1,1,-1,1,1,-1,1,1,1,-1,1,-1,-1,1,1,-1,-1,1,-1,-1,1,1,1,-1,1,-1,-1,1,1,-1,1,1,-1,1,-1,1,-1,-1,1,-1,1,1,1,1,1,1,-1,1,1,1,1,1,-1,-1,1,1,1,1,1,-1,-1,1,-1,1,1,1,-1,-1,1,-1,1,1,1,1,-1,1,-1,1,1,1,1,-1,-1,1,1,1,-1,-1,-1,1,1,-1,-1,1,1,-1,1,-1,1,-1,1,-1,1,1,-1,1,1,1,-1,1,1,-1,1,-1,1,-1,-1,1,-1,1,1,1,1,-1,1,1,-1,1,1,-1,-1,1,-1,-1,1,-1,1,-1,-1,1,-1,-1,1,-1,-1,-1,1,-1,1,-1,1,-1,1,1,-1,1,1,-1,-1,-1,1,-1,-1,1,1,-1,-1,1,-1,1,1,-1,1,-1,1,-1,1,1,1,-1,-1,-1,-1,1,1,-1,-1,-1,1,-1,1,-1,1,-1,-1,-1,1,1,-1,1,-1,-1,-1,-1,1,-1,-1,-1,-1,-1,-1,1,-1,1,-1,-1,-1,-1,1,-1,-1,1,-1,-1,-1,-1,1,1,-1,-1,-1,-1,-1,1,1,-1,1,-1,-1,-1,1,1,1,1,-1,-1,-1,1,1,-1,1,-1,-1,-1,1,1,1,-1,1,1,-1,1,1,1,1,1,-1,1,-1,-1,-1,1,-1,-1,1,-1,1,-1,1,-1,1,-1,-1,-1,1,1,-1,1,1,-1,1,-1,1,-1,1,1,-1,1,-1,1,-1,-1,-1,-1,1,-1,1,-1,-1,-1,-1,1,-1,1,-1,1,1,1,-1,-1,1,-1,1,1,-1,1,-1,1,-1,-1,1,-1,1,-1,-1,1,1,1,1,1,-1,1,1,1,1,-1,1,-1,-1,1,1,1,-1,-1,-1,1,1,1,1,-1,-1,-1,1,-1,1,-1,1,1,-1,-1,1,1,1,-1,-1,-1,-1,1,1,1,1,1,-1,-1,1,1,1,1,-1,-1,-1,1,-1,1,-1,1,-1,-1,1,1,1,1,1,-1,-1,1,-1,1,1,1,-1,-1,1,1,-1,1,1,-1,-1,1,1,1,1,1,-1,1,-1,1,-1,1,1,-1,1,-1,1,1,1,1,-1,1,1,-1,1,1,1,-1,-1,1,-1,1,-1,-1,1,1,-1,-1,1,-1,1,-1,-1,1,-1,1,1,1,-1,-1,1,-1,1,1,1,-1,1,1,-1,1,-1,1,1,-1,-1,-1,1,1,1,-1,1,1,-1,1,1,1,1,1,-1,1,-1,1,1,-1,-1,-1,-1,-1,1,1,-1,1,-1,1,-1,1,1,-1,-1,-1,-1,-1,1,-1,-1,-1,-1,-1,1,-1,-1,1,-1,-1,1,-1,1,-1,-1,-1,-1,1,-1,1,1,-1,-1,-1,1,1,1,-1,-1,1,-1,1,-1,1,-1,1,-1,-1,1,1,1,1,-1,-1,-1,1,-1,1,-1,-1,1,-1,-1,1,1,1,-1,-1,-1,-1,-1,1,-1,-1,-1,1,-1,1,1,-1,-1,-1,1,-1,1,1,-1,-1,1,-1,-1,1,1,1,-1,1,-1,1,1,1,-1,-1,1,-1,-1,1,1,1,-1,1,-1,-1,1,1,-1,1,1,-1,-1,1,1,1,1,1,-1,-1,1,1,1,1,1,-1,-1,1,1,1,1,1,1,-1,1,1,1,1,1,-1,-1,1,-1,1,1,1,1,-1,-1,1,-1,1,1,1,-1,1,1,1,1,-1,1,-1,1,1,1,1,1,1,-1,-1,1,1,1,1,-1,1,-1,1,1,1,1,-1,1,-1,1,1,1,-1,-1,1,-1,1,1,-1,1,-1,-1,-1,1,1,1,-1,1,-1,-1,1,1,1,-1,-1,-1,-1,1,1,1,-1,-1,1,-1,-1,1,1,-1,1,-1,-1,1,1,1,-1,1,-1,1,-1,1,1,1,1,1,-1,-1,1,1,-1,-1,1,1,-1,-1,1,-1,1,-1,-1,1,1,-1,-1,1,-1,-1,-1,1,1,-1,1,1,-1,1,1,-1,-1,1,-1,1,-1,-1,-1,-1,1,-1,-1,1,1,-1,1,1,-1,1,1,1,1,-1,1,-1,1,1,1,1,-1,1,-1,-1,-1,1,1,-1,1,-1,1,1,1,1,-1,1,-1,1,1,1,-1,-1,1,-1,-1,1,1,-1,-1,-1,1,-1,1,-1,1,-1,1,-1,-1,1,-2668.0,1,2000,445,1500,True
1452,1,1,-1,-1,1,-1,-1,-1,1,1,1,-1,1,1,1,1,-1,1,-1,-1,1,-1,1,1,1,-1,1,-1,1,1,1,1,1,-1,-1,-1,1,1,1,-1,-1,-1,-1,1,1,1,1,-1,1,1,1,1,-1,1,-1,-1,1,-1,1,1,1,-1,-1,-1,1,1,1,1,-1,-1,-1,1,1,1,1,-1,-1,-1,1,1,1,-1,-1,-1,1,1,1,1,-1,-1,-1,1,1,1,1,-1,-1,1,1,-1,1,1,-1,-1,1,1,1,1,1,-1,-1,1,1,-1,1,1,-1,-1,1,1,1,1,1,1,-1,1,1,1,-1,1,1,-1,1,1,1,1,1,1,-1,-1,1,1,1,1,1,-1,1,1,1,1,1,1,-1,-1,-1,1,1,1,1,-1,1,1,1,1,-1,1,-1,1,-1,1,1,1,-1,-1,1,1,1,1,1,-1,1,-1,-1,1,1,1,-1,1,1,1,1,-1,1,1,1,1,-1,1,-1,1,-1,1,1,-1,1,-1,1,1,-1,1,-1,1,-1,1,-1,1,1,-1,-1,-1,1,1,1,1,-1,-1,1,1,-1,-1,1,-1,1,-1,-1,1,-1,1,-1,1,-1,1,-1,1,1,-1,-1,-1,1,1,-1,1,-1,1,1,1,-1,1,1,-1,1,-1,1,-1,1,-1,1,-1,1,1,-1,1,-1,-1,-1,1,1,-1,1,-1,-1,-1,1,1,-1,-1,1,1,-1,-1,1,1,-1,1,1,-1,1,1,1,1,-1,1,-1,1,1,-1,1,-1,1,1,-1,1,1,1,1,1,-1,-1,1,-1,-1,1,1,1,-1,1,1,1,-1,1,-1,-1,1,1,1,1,1,-1,1,1,1,-1,1,1,-1,1,1,1,-1,1,1,-1,-1,1,1,1,-1,1,-1,1,1,1,-1,1,1,-1,1,1,1,-1,1,-1,-1,1,1,1,-1,1,-1,-1,-1,1,1,-1,1,-1,-1,1,-1,1,-1,1,1,-1,-1,1,1,1,-1,1,-1,-1,1,1,-1,1,-1,-1,-1,-1,-1,-1,1,1,-1,-1,1,1,-1,1,-1,1,-1,1,1,1,1,-1,-1,1,1,1,-1,1,-1,-1,-1,-1,1,1,1,1,-1,-1,1,1,1,1,-1,-1,1,-1,-1,1,-1,1,-1,-1,1,-1,1,-1,-1,-1,1,1,-1,1,-1,1,-1,-1,1,-1,1,1,-1,-1,-1,1,-1,-1,1,1,-1,-1,1,-1,1,1,-1,1,-1,1,-1,-1,1,1,-1,-1,1,-1,1,1,-1,-1,1,1,-1,1,-1,1,-1,1,-1,-1,1,-1,1,-1,1,-1,-1,1,-1,-1,-1,1,-1,-1,1,-1,1,-1,1,-1,-1,1,-1,-1,1,-1,1,-1,1,-1,1,-1,1,1,-1,-1,-1,1,-1,1,-1,-1,1,-1,1,1,1,1,-1,-1,1,1,-1,1,1,1,-1,1,1,1,-1,1,1,-1,1,1,1,1,1,1,1,-1,-1,-1,1,-1,-1,1,1,1,-1,1,-1,1,-1,-1,-1,1,1,-1,1,1,-1,-1,-1,1,-1,1,1,-1,1,-1,1,-1,-1,-1,-1,-1,-1,1,-1,-1,-1,-1,-1,-1,1,-1,1,1,1,1,-1,1,-1,1,1,-1,-1,-1,1,-1,-1,1,-1,1,-1,-1,1,1,1,1,-1,-1,1,1,1,1,-1,1,-1,-1,1,1,1,-1,-1,-1,1,1,1,1,-1,1,-1,1,-1,1,-1,1,1,-1,-1,1,1,1,-1,-1,-1,-1,1,1,1,1,-1,-1,-1,1,1,1,1,-1,-1,-1,1,-1,1,-1,-1,-1,-1,1,1,1,1,-1,-1,1,1,1,1,1,-1,-1,-1,1,1,-1,1,-1,-1,-1,1,1,1,1,-1,-1,1,1,1,1,-1,-1,1,1,-1,1,1,-1,-1,-1,1,1,1,1,1,-1,1,1,1,1,1,-1,-1,-1,1,-1,1,-1,-1,-1,-1,1,-1,1,1,-1,-1,-1,1,-1,1,1,-1,-1,-1,1,1,1,1,-1,-1,1,-1,-1,1,1,-1,-1,-1,1,1,-1,-1,-1,-1,-1,1,-1,1,-1,-1,-1,-1,-1,-1,-1,1,-1,-1,-1,1,-1,-1,1,-1,-1,-1,-1,-1,-1,1,-1,-1,-1,-1,-1,1,-1,-1,-1,1,-1,-1,1,-1,1,-1,-1,-1,-1,-1,-1,-1,1,-1,-1,-1,1,1,-1,-1,-1,1,-1,-1,-1,-1,-1,1,-1,-1,1,1,1,-1,-1,-1,-1,1,-1,1,1,-1,1,-1,-1,1,1,-1,-1,-1,-1,-1,-1,1,1,-1,-1,1,-1,1,1,-1,-1,-1,1,-1,1,1,-1,-1,1,-1,-1,1,1,1,-1,1,-1,1,1,1,-1,-1,1,-1,-1,1,1,1,-1,1,-1,-1,1,1,-1,1,1,-1,-1,1,1,1,1,1,-1,-1,1,1,-1,1,1,-1,-1,1,1,1,1,1,1,-1,-1,1,1,1,1,-1,-1,1,-1,1,1,1,1,-1,-1,1,-1,1,1,1,-1,1,1,1,1,-1,1,-1,1,1,1,1,1,1,1,-1,1,1,1,1,-1,1,-1,1,1,1,1,1,-1,1,1,1,1,-1,1,1,-1,1,1,-1,1,1,-1,-1,1,1,1,1,-1,1,-1,1,1,1,-1,-1,1,-1,1,1,1,-1,1,-1,-1,-1,1,1,-1,-1,1,-1,-1,1,1,-1,-1,1,-1,-1,1,1,1,-1,1,-1,-1,1,1,-1,-1,-1,1,-1,-1,1,-1,1,1,-1,1,1,-1,-1,1,1,-1,-1,1,1,-1,1,1,-1,1,1,-1,-1,-1,-1,1,-1,-1,-1,-1,-1,-1,-1,1,1,-1,1,1,-1,1,1,1,1,-1,1,-1,1,1,1,1,-1,1,-1,-1,1,1,1,-1,1,-1,1,1,1,1,-1,1,-1,1,1,-1,-1,-1,1,-1,-1,1,1,-1,-1,-1,1,-1,1,-1,1,-1,1,-1,-1,1,-2668.0,1,2000,445,0,False
1453,-1,-1,1,1,1,1,-1,1,-1,-1,-1,1,-1,1,-1,-1,1,-1,1,1,-1,-1,-1,-1,-1,1,-1,-1,-1,-1,-1,-1,1,1,-1,-1,1,-1,-1,-1,1,-1,-1,-1,-1,-1,1,1,-1,1,-1,-1,1,1,1,-1,-1,1,-1,-1,1,1,1,1,-1,1,-1,1,1,-1,-1,1,-1,-1,1,-1,-1,-1,1,-1,-1,1,1,-1,1,-1,-1,1,1,1,-1,-1,1,1,-1,1,-1,1,1,1,1,1,1,-1,1,1,1,1,1,1,-1,1,1,1,1,1,1,-1,1,1,1,-1,1,1,-1,1,1,1,1,1,-1,-1,1,1,1,1,1,1,-1,-1,1,1,1,1,1,-1,1,1,1,1,1,1,-1,-1,-1,1,1,1,1,-1,1,1,1,1,1,1,-1,1,-1,1,1,1,-1,-1,1,1,1,1,1,-1,1,-1,-1,1,1,1,-1,1,1,1,1,-1,1,1,1,1,-1,1,-1,1,-1,1,1,-1,1,-1,1,-1,-1,1,-1,1,-1,1,-1,1,1,-1,-1,-1,1,1,1,1,-1,-1,1,1,-1,-1,1,-1,1,1,-1,1,-1,1,-1,1,-1,1,-1,1,1,-1,-1,1,1,-1,-1,1,-1,1,1,1,-1,1,1,-1,1,-1,1,-1,1,-1,1,-1,1,1,-1,1,-1,-1,1,1,1,-1,1,-1,-1,-1,-1,1,1,-1,1,1,-1,-1,1,-1,-1,1,1,-1,1,1,1,-1,-1,1,-1,1,1,-1,1,-1,1,1,-1,1,-1,-1,-1,1,-1,-1,1,-1,1,-1,1,1,-1,1,1,1,-1,1,-1,-1,1,1,-1,-1,1,-1,-1,1,-1,1,-1,1,-1,-1,1,1,-1,1,1,-1,1,-1,1,-1,1,1,-1,1,1,1,1,1,1,-1,1,1,1,1,1,-1,-1,1,1,1,1,1,-1,-1,1,-1,1,1,1,-1,-1,1,-1,1,-1,1,1,-1,1,-1,1,1,1,1,-1,-1,1,1,1,-1,-1,-1,1,1,-1,-1,1,-1,-1,1,-1,1,-1,1,-1,1,1,-1,1,1,1,-1,1,1,-1,1,-1,1,-1,-1,1,-1,1,1,1,1,-1,1,1,-1,1,1,-1,-1,1,-1,-1,1,-1,1,-1,-1,1,-1,1,1,-1,-1,-1,1,-1,1,-1,1,-1,1,-1,-1,1,-1,-1,-1,-1,1,-1,-1,1,1,-1,-1,1,-1,1,1,-1,1,-1,1,-1,1,-1,1,-1,-1,-1,-1,-1,-1,-1,-1,-1,1,-1,1,-1,1,-1,-1,-1,1,1,-1,1,-1,-1,-1,-1,1,-1,-1,-1,-1,-1,1,-1,1,1,-1,-1,-1,-1,1,-1,-1,1,-1,-1,-1,1,-1,1,-1,-1,-1,-1,-1,-1,1,-1,1,-1,-1,1,-1,1,1,1,-1,-1,-1,1,1,-1,1,-1,-1,-1,1,1,1,-1,1,1,-1,1,1,1,1,1,1,1,-1,-1,-1,1,-1,1,1,-1,1,-1,1,-1,1,-1,-1,-1,1,1,-1,1,1,-1,1,-1,1,-1,1,1,-1,1,-1,1,-1,-1,-1,-1,1,-1,1,-1,-1,-1,-1,1,-1,1,-1,1,1,1,1,-1,1,-1,1,1,-1,1,-1,1,-1,-1,1,-1,1,-1,-1,1,1,1,1,1,-1,1,1,1,1,-1,1,-1,-1,1,1,1,-1,-1,-1,1,1,1,1,-1,-1,-1,1,-1,1,-1,1,1,-1,-1,1,1,1,-1,-1,-1,-1,1,1,1,1,1,-1,-1,1,1,1,1,-1,-1,-1,1,-1,1,-1,1,-1,-1,1,1,1,1,1,-1,-1,1,-1,1,1,1,-1,-1,1,1,-1,1,1,-1,-1,1,1,1,1,1,-1,1,-1,1,-1,1,1,-1,1,-1,1,-1,1,1,-1,1,1,-1,1,1,1,-1,-1,1,-1,1,-1,-1,-1,1,-1,-1,1,-1,1,-1,-1,1,-1,1,1,1,-1,-1,1,-1,1,1,1,-1,1,1,-1,1,-1,1,-1,-1,-1,-1,1,1,1,-1,1,1,-1,1,1,1,1,1,-1,1,-1,1,1,-1,-1,-1,-1,-1,1,1,-1,1,-1,1,-1,1,1,1,-1,-1,-1,-1,1,1,-1,-1,-1,-1,1,-1,-1,1,-1,-1,1,-1,1,1,-1,-1,-1,1,-1,1,1,-1,-1,-1,1,1,1,1,-1,1,-1,1,-1,1,1,-1,-1,-1,-1,1,1,1,-1,-1,-1,1,-1,1,1,-1,1,-1,-1,1,1,1,-1,-1,-1,-1,-1,1,-1,-1,-1,1,-1,1,1,-1,-1,-1,-1,-1,1,1,1,-1,1,1,-1,1,1,-1,1,-1,-1,1,1,1,-1,-1,1,-1,-1,1,1,-1,-1,-1,-1,-1,1,1,-1,1,1,1,-1,1,1,-1,-1,1,1,-1,1,1,-1,-1,1,1,-1,1,1,-1,1,1,-1,-1,1,1,-1,1,1,1,-1,1,-1,-1,-1,1,1,-1,-1,1,-1,1,1,1,-1,1,1,-1,1,-1,1,-1,1,1,-1,1,1,1,-1,-1,1,-1,1,1,-1,1,-1,1,-1,1,1,-1,1,-1,1,1,1,-1,-1,1,-1,1,1,-1,1,-1,-1,-1,1,-1,1,-1,1,-1,-1,1,-1,1,-1,-1,-1,-1,1,-1,1,-1,1,-1,-1,-1,1,1,-1,1,-1,-1,-1,-1,1,-1,1,-1,-1,1,-1,1,1,1,1,-1,-1,1,1,-1,-1,1,1,1,1,1,-1,1,-1,-1,1,1,-1,-1,1,-1,-1,-1,-1,1,-1,1,1,1,1,1,-1,-1,-1,-1,1,-1,-1,-1,-1,1,-1,1,1,1,-1,1,1,-1,1,1,1,1,-1,1,-1,1,1,1,1,-1,1,-1,1,1,1,1,-1,1,-1,1,1,1,1,-1,1,-1,1,1,1,-1,-1,1,-1,-1,1,1,-1,-1,-1,1,-1,1,1,1,-1,1,-1,-1,1,-2668.0,1,2000,445,1500,True
1454,-1,-1,1,1,1,1,-1,1,-1,-1,-1,1,-1,1,-1,-1,1,-1,1,1,1,1,-1,-1,-1,1,-1,-1,1,-1,-1,-1,1,1,-1,-1,1,-1,-1,-1,1,-1,-1,-1,-1,-1,1,1,1,1,-1,-1,1,1,1,-1,1,-1,-1,-1,1,1,1,1,-1,1,-1,1,1,-1,1,-1,-1,-1,1,-1,1,-1,1,-1,-1,1,1,-1,1,-1,-1,1,1,1,-1,1,-1,1,-1,1,-1,1,1,1,1,1,1,-1,1,1,-1,1,1,1,-1,1,1,-1,1,1,1,-1,1,1,-1,1,1,1,-1,1,1,-1,1,1,1,-1,1,1,-1,1,1,1,-1,1,1,-1,1,1,1,-1,-1,1,1,-1,1,1,-1,1,-1,1,-1,1,1,-1,1,-1,1,1,1,1,-1,1,1,-1,1,1,1,-1,1,1,-1,1,1,-1,1,-1,-1,1,1,1,-1,1,1,1,1,1,1,1,1,1,-1,1,1,1,-1,1,1,-1,1,1,1,1,-1,1,1,-1,1,1,-1,1,1,-1,1,1,1,1,1,1,-1,-1,1,1,-1,-1,1,-1,1,1,-1,1,1,1,-1,1,1,1,-1,1,1,-1,-1,1,-1,1,-1,1,-1,1,1,1,-1,1,1,-1,1,-1,1,-1,1,-1,1,-1,-1,1,-1,1,-1,-1,1,1,1,-1,1,-1,1,-1,1,1,-1,-1,1,1,-1,1,1,1,-1,1,1,-1,-1,-1,1,-1,-1,1,-1,-1,-1,-1,1,-1,1,1,-1,-1,1,-1,-1,1,-1,-1,-1,-1,1,-1,-1,1,-1,-1,1,1,-1,1,-1,-1,-1,1,-1,-1,1,-1,-1,1,1,1,-1,1,-1,-1,1,1,-1,1,1,-1,1,-1,1,-1,1,1,-1,1,1,1,1,1,1,-1,-1,1,1,1,1,-1,-1,-1,1,1,1,1,-1,-1,1,-1,1,1,1,-1,-1,1,-1,1,-1,1,1,-1,1,-1,1,1,1,1,-1,-1,1,1,1,-1,-1,-1,1,1,-1,-1,1,1,-1,1,-1,1,-1,1,-1,1,1,-1,1,1,1,-1,1,1,-1,1,-1,1,-1,-1,1,-1,1,1,1,1,-1,1,1,-1,1,1,-1,-1,1,-1,-1,1,-1,1,-1,-1,1,-1,-1,1,-1,-1,-1,1,-1,1,-1,1,-1,1,1,-1,1,1,-1,-1,-1,1,-1,-1,1,1,-1,-1,1,-1,1,1,-1,1,-1,1,-1,1,1,1,-1,-1,-1,-1,1,1,-1,1,-1,1,-1,1,-1,1,-1,-1,-1,1,1,-1,1,-1,-1,-1,-1,1,-1,-1,-1,-1,-1,-1,1,-1,1,-1,1,-1,-1,1,-1,-1,1,-1,-1,-1,-1,1,1,-1,1,-1,-1,-1,1,1,-1,1,-1,-1,-1,1,1,1,1,-1,-1,-1,1,1,-1,1,-1,1,-1,1,1,1,-1,1,1,-1,1,1,1,1,1,-1,1,-1,-1,1,-1,1,-1,1,-1,-1,1,1,-1,1,-1,-1,-1,1,1,-1,1,1,-1,-1,-1,1,-1,1,1,-1,-1,-1,1,-1,-1,-1,-1,1,-1,1,-1,-1,-1,-1,-1,-1,1,-1,1,1,1,1,-1,1,-1,1,1,-1,1,-1,1,-1,-1,1,-1,1,-1,-1,1,1,1,1,1,1,-1,1,1,1,-1,1,-1,1,1,1,1,-1,-1,-1,1,1,1,1,-1,1,-1,1,-1,1,-1,1,1,-1,-1,1,1,1,-1,1,-1,-1,1,1,1,1,1,1,-1,1,1,1,1,1,1,-1,1,-1,1,-1,1,1,-1,1,1,1,1,1,1,-1,1,-1,1,1,1,1,-1,1,1,-1,1,1,1,1,1,1,1,1,1,1,-1,1,1,-1,-1,1,-1,-1,1,1,1,-1,1,-1,-1,1,-1,-1,1,1,-1,-1,1,-1,1,-1,-1,1,-1,1,-1,1,-1,1,-1,-1,1,-1,1,1,1,-1,-1,1,-1,1,-1,1,-1,-1,1,-1,1,-1,1,-1,-1,1,1,1,1,1,-1,1,1,-1,1,1,1,1,-1,1,-1,1,-1,1,-1,-1,1,1,-1,1,1,-1,1,1,1,-1,1,1,1,-1,1,-1,-1,1,1,-1,1,1,-1,1,-1,-1,-1,-1,1,1,-1,1,1,-1,-1,1,1,-1,1,1,-1,-1,-1,1,1,1,1,-1,1,1,1,-1,1,1,-1,-1,1,-1,1,1,1,-1,-1,-1,1,-1,1,1,-1,1,-1,-1,1,1,1,-1,-1,-1,-1,-1,1,-1,-1,-1,1,-1,1,1,-1,-1,-1,1,-1,1,1,1,-1,1,-1,-1,1,1,-1,-1,1,-1,1,1,1,-1,-1,1,-1,-1,1,1,-1,-1,1,-1,-1,1,1,-1,1,1,-1,-1,1,1,-1,-1,1,-1,-1,1,1,-1,-1,1,-1,-1,1,1,-1,1,-1,1,-1,1,1,-1,-1,1,-1,-1,1,-1,-1,-1,1,1,-1,-1,1,-1,1,-1,1,-1,1,1,-1,1,-1,1,-1,1,1,-1,1,1,1,-1,-1,1,-1,1,1,-1,1,-1,1,-1,1,1,-1,1,-1,1,1,1,-1,-1,1,-1,1,1,-1,1,-1,-1,-1,1,-1,1,-1,1,-1,-1,1,-1,1,-1,-1,-1,-1,1,-1,1,-1,1,-1,-1,-1,1,1,-1,1,-1,-1,1,-1,1,-1,1,-1,1,-1,-1,1,1,1,1,-1,-1,1,1,-1,-1,1,1,-1,1,-1,-1,1,-1,-1,1,1,-1,-1,1,-1,-1,-1,-1,1,-1,1,1,-1,1,-1,1,-1,-1,-1,1,-1,-1,-1,-1,1,-1,-1,1,1,-1,1,1,-1,1,1,-1,-1,-1,1,-1,1,1,1,1,-1,1,-1,-1,-1,1,-1,-1,1,-1,1,1,1,1,-1,1,-1,1,1,-1,-1,-1,1,-1,-1,1,1,-1,-1,-1,1,-1,1,-1,1,-1,1,-1,-1,1,-2668.0,1,2000,445,1500,True
1455,-1,-1,1,1,1,1,-1,1,-1,-1,-1,1,-1,1,-1,-1,1,-1,1,1,1,-1,-1,-1,-1,1,-1,-1,-1,-1,-1,-1,1,1,-1,-1,1,-1,-1,-1,1,-1,-1,-1,-1,-1,-1,-1,1,1,-1,-1,1,-1,1,-1,-1,1,-1,-1,-1,1,1,1,-1,-1,-1,-1,-1,-1,-1,1,-1,-1,-1,-1,1,-1,1,-1,-1,1,1,-1,1,-1,-1,-1,-1,1,-1,-1,-1,-1,-1,-1,-1,1,1,1,-1,-1,-1,-1,1,1,-1,-1,-1,-1,-1,1,1,1,-1,-1,-1,-1,1,1,-1,-1,-1,-1,-1,1,1,-1,1,-1,-1,-1,1,1,-1,1,-1,-1,-1,1,1,-1,1,-1,-1,-1,-1,1,1,-1,-1,-1,-1,1,-1,1,-1,1,-1,-1,1,1,1,1,-1,-1,-1,1,-1,1,-1,-1,-1,-1,1,1,-1,1,-1,-1,1,-1,-1,1,-1,-1,-1,1,1,1,1,1,-1,-1,1,1,-1,1,1,-1,1,-1,1,-1,1,1,-1,-1,-1,1,-1,1,1,-1,-1,1,1,-1,1,1,-1,1,1,1,-1,-1,1,1,-1,-1,1,-1,1,1,-1,1,-1,1,-1,1,1,-1,1,1,1,-1,-1,1,-1,-1,1,1,-1,1,-1,1,1,1,-1,-1,1,1,-1,1,1,1,1,-1,-1,-1,1,1,-1,-1,1,-1,-1,1,1,-1,-1,-1,1,-1,1,-1,1,1,-1,1,-1,1,1,1,1,-1,-1,-1,1,1,-1,1,-1,-1,-1,1,1,-1,1,1,-1,-1,-1,1,1,1,-1,-1,-1,1,1,-1,1,1,-1,-1,1,1,-1,1,-1,1,-1,1,1,-1,1,-1,-1,-1,1,1,-1,1,-1,-1,1,1,-1,1,1,-1,1,1,1,-1,-1,1,-1,1,1,1,1,1,1,-1,-1,1,1,1,1,-1,-1,-1,1,1,1,1,-1,-1,1,-1,1,1,1,-1,-1,1,1,1,-1,1,1,-1,1,-1,1,1,1,1,-1,-1,1,1,1,-1,-1,-1,1,1,-1,-1,1,1,-1,1,-1,1,-1,1,-1,1,1,-1,1,1,1,-1,1,1,-1,1,-1,1,-1,-1,1,-1,1,1,1,1,-1,1,1,-1,1,1,-1,-1,1,1,-1,1,-1,1,-1,-1,1,-1,-1,1,-1,-1,-1,1,-1,1,-1,1,-1,-1,1,-1,1,-1,-1,-1,-1,1,-1,-1,1,1,-1,-1,1,-1,1,1,-1,1,-1,1,-1,1,-1,1,-1,-1,-1,1,-1,-1,-1,1,-1,1,-1,1,-1,1,-1,-1,-1,1,1,1,1,-1,-1,-1,-1,1,-1,-1,-1,-1,-1,1,-1,-1,1,-1,1,-1,-1,1,-1,-1,1,-1,-1,-1,-1,-1,1,-1,1,-1,-1,-1,-1,1,-1,1,-1,-1,1,-1,1,1,1,-1,-1,-1,1,1,-1,1,-1,1,-1,1,1,1,-1,1,1,-1,1,1,1,1,1,1,1,-1,-1,-1,1,-1,1,1,-1,1,-1,1,-1,1,-1,-1,-1,1,1,-1,1,1,-1,1,-1,1,-1,1,1,-1,1,-1,1,-1,-1,-1,-1,1,-1,1,-1,-1,-1,-1,1,-1,1,-1,1,1,1,-1,-1,1,-1,1,1,-1,1,-1,1,-1,-1,1,-1,1,-1,-1,1,1,1,1,1,-1,1,1,1,1,-1,1,-1,-1,1,1,1,-1,-1,-1,1,1,1,1,-1,-1,-1,1,-1,1,-1,1,1,-1,-1,1,1,1,-1,1,-1,-1,1,1,1,1,1,1,-1,1,1,1,1,-1,1,-1,1,-1,1,-1,1,1,-1,1,1,1,1,1,1,-1,1,-1,1,1,1,1,-1,1,1,-1,1,1,1,-1,1,1,1,1,1,1,-1,1,1,-1,-1,1,-1,-1,1,1,1,-1,1,-1,-1,1,-1,1,1,1,-1,-1,1,-1,1,-1,1,1,-1,1,-1,1,-1,1,-1,-1,1,-1,1,-1,1,1,-1,1,-1,1,-1,1,1,-1,1,-1,1,-1,1,1,-1,1,1,1,1,1,-1,1,1,-1,1,1,1,1,-1,1,-1,1,-1,1,1,-1,1,1,-1,1,1,1,-1,1,1,-1,1,1,1,1,1,-1,-1,1,1,1,1,1,-1,1,-1,1,1,1,1,1,-1,1,1,1,1,1,1,-1,1,1,1,1,1,-1,1,1,1,1,1,1,1,-1,1,1,1,1,1,-1,1,1,1,1,1,1,-1,1,1,1,1,1,1,1,-1,1,1,1,1,1,-1,-1,1,-1,1,1,1,-1,1,1,1,1,1,-1,-1,1,1,1,1,1,1,-1,1,1,-1,1,1,-1,1,1,1,1,1,1,-1,-1,1,1,1,1,-1,-1,-1,1,1,1,1,-1,-1,-1,1,1,1,1,-1,1,-1,1,1,1,1,1,-1,-1,1,1,-1,1,1,-1,-1,1,1,-1,1,-1,-1,-1,1,-1,1,1,1,-1,-1,-1,1,-1,1,1,-1,-1,1,1,-1,1,1,-1,-1,1,1,-1,1,1,-1,-1,-1,1,1,1,1,-1,1,-1,1,1,1,-1,-1,1,-1,1,1,1,-1,-1,1,-1,1,1,-1,1,-1,-1,-1,1,-1,1,1,-1,-1,-1,1,-1,1,-1,-1,-1,-1,1,-1,1,-1,1,-1,-1,-1,1,1,-1,1,-1,-1,1,-1,1,1,-1,1,-1,1,-1,1,1,-1,1,-1,-1,1,-1,-1,-1,1,1,1,1,-1,-1,1,-1,-1,1,1,-1,-1,1,-1,-1,-1,-1,1,-1,1,-1,1,1,-1,1,-1,-1,-1,-1,-1,-1,-1,-1,1,-1,1,1,1,-1,1,1,-1,1,1,-1,-1,-1,1,-1,1,1,1,1,-1,1,-1,1,1,1,-1,1,1,-1,1,1,1,1,-1,1,-1,1,1,-1,-1,-1,1,-1,-1,1,1,-1,-1,1,1,-1,1,-1,1,-1,1,-1,-1,1,-2668.0,1,2000,445,1500,True
1456,1,1,-1,-1,1,1,-1,-1,1,1,1,-1,-1,1,1,1,-1,1,-1,-1,-1,-1,1,1,1,-1,-1,-1,1,1,1,1,1,-1,-1,-1,1,1,1,1,-1,-1,-1,1,1,1,1,-1,1,1,1,1,-1,1,-1,-1,1,-1,1,1,1,-1,-1,-1,1,1,1,1,-1,-1,-1,1,1,1,1,-1,-1,-1,1,1,1,-1,-1,-1,1,1,1,1,-1,-1,-1,1,1,1,1,-1,-1,1,1,-1,1,1,-1,-1,1,1,1,1,1,-1,-1,-1,1,1,1,1,-1,-1,1,1,1,1,1,1,-1,-1,1,1,-1,1,1,-1,1,1,1,1,1,1,-1,1,1,1,1,1,1,-1,1,1,1,1,1,1,-1,-1,-1,1,1,1,1,-1,1,1,1,1,-1,1,-1,1,-1,1,1,1,-1,-1,1,1,1,1,1,-1,1,-1,-1,1,1,1,-1,1,1,1,1,-1,1,1,1,1,1,1,-1,1,-1,1,1,-1,1,-1,1,1,-1,1,-1,1,-1,1,-1,1,1,-1,1,-1,1,1,1,1,-1,-1,1,1,-1,-1,1,-1,1,-1,1,1,-1,1,-1,1,-1,1,-1,-1,1,-1,-1,-1,1,1,-1,1,-1,1,1,1,-1,1,1,-1,1,-1,1,-1,1,-1,1,-1,1,1,-1,1,-1,-1,-1,1,1,-1,1,-1,-1,-1,1,1,-1,-1,1,1,-1,-1,1,1,-1,1,1,-1,1,1,1,1,-1,1,-1,1,1,-1,1,-1,1,1,1,1,1,1,1,1,-1,-1,1,-1,-1,1,1,1,-1,1,1,1,-1,1,1,1,1,1,1,1,1,-1,1,1,1,-1,1,1,-1,1,1,1,-1,1,1,-1,-1,1,1,1,-1,1,-1,1,1,1,-1,1,1,-1,1,1,1,-1,1,1,-1,1,1,1,-1,1,1,-1,-1,1,1,-1,1,1,-1,1,-1,1,-1,1,1,1,-1,1,1,1,-1,1,1,-1,1,1,-1,1,1,1,-1,-1,-1,-1,1,1,1,-1,1,1,-1,1,1,-1,-1,1,1,1,1,1,-1,1,1,1,-1,1,1,1,-1,-1,1,1,1,-1,1,-1,1,1,1,1,1,1,-1,-1,-1,1,-1,-1,1,1,-1,1,1,-1,1,1,1,1,-1,1,-1,-1,1,-1,1,-1,1,1,1,1,1,1,-1,-1,1,-1,1,1,1,-1,1,1,1,-1,1,1,-1,-1,1,-1,1,1,1,-1,1,1,1,1,1,1,-1,1,-1,-1,1,1,-1,-1,1,-1,-1,1,1,-1,-1,1,-1,1,1,1,-1,-1,1,-1,-1,1,1,-1,-1,1,-1,1,1,1,1,-1,1,1,-1,-1,1,1,-1,-1,-1,1,-1,1,-1,-1,1,-1,-1,1,-1,1,-1,-1,1,-1,1,-1,1,1,-1,1,-1,-1,1,1,1,-1,1,-1,1,-1,-1,1,1,-1,-1,-1,1,-1,-1,1,1,1,-1,1,-1,1,1,1,-1,1,1,-1,-1,-1,1,-1,-1,1,-1,-1,1,1,1,-1,1,-1,-1,1,1,-1,-1,1,-1,-1,1,1,-1,-1,1,-1,-1,-1,1,1,-1,1,-1,-1,-1,1,-1,-1,1,-1,1,-1,1,1,-1,-1,1,-1,-1,-1,-1,-1,1,1,1,-1,1,1,-1,-1,1,-1,-1,-1,-1,-1,1,1,-1,-1,-1,-1,-1,1,1,-1,1,1,-1,-1,-1,1,1,-1,-1,-1,-1,-1,1,-1,-1,1,-1,-1,-1,1,1,-1,-1,-1,-1,-1,1,-1,-1,1,-1,-1,1,1,1,-1,1,-1,-1,-1,1,1,-1,-1,-1,-1,-1,1,1,1,-1,-1,-1,-1,1,1,-1,-1,-1,-1,1,1,1,1,-1,-1,1,1,1,1,1,-1,-1,-1,1,1,1,-1,1,-1,1,1,1,1,-1,1,-1,-1,1,-1,1,-1,1,-1,-1,1,-1,1,-1,-1,-1,-1,1,-1,1,-1,1,-1,-1,1,-1,1,-1,1,-1,1,-1,-1,1,-1,-1,-1,-1,1,1,-1,-1,-1,-1,-1,1,-1,1,-1,-1,-1,-1,-1,-1,-1,1,-1,-1,-1,1,-1,-1,1,-1,-1,-1,-1,-1,-1,1,-1,-1,-1,-1,-1,1,-1,-1,-1,1,-1,-1,1,-1,1,-1,-1,-1,-1,-1,-1,-1,1,-1,-1,-1,1,1,-1,-1,-1,-1,1,-1,-1,-1,-1,1,-1,-1,1,-1,1,-1,-1,-1,-1,1,-1,1,1,-1,1,-1,-1,1,1,-1,-1,-1,-1,-1,-1,1,1,-1,-1,1,-1,1,1,-1,-1,-1,1,-1,1,1,-1,-1,1,-1,-1,1,1,1,-1,1,-1,1,1,1,-1,-1,1,-1,-1,1,1,1,-1,1,-1,-1,1,1,-1,1,1,-1,-1,1,1,1,1,1,-1,-1,1,1,1,1,1,-1,-1,1,1,1,1,-1,1,-1,-1,1,1,-1,1,-1,-1,1,-1,1,1,1,1,-1,-1,1,-1,1,1,1,-1,1,1,1,1,-1,1,-1,1,1,1,1,1,1,1,-1,1,1,1,1,-1,1,-1,1,1,1,1,1,-1,1,1,1,1,-1,1,1,-1,1,1,-1,1,1,-1,-1,1,1,1,1,-1,1,-1,1,1,1,-1,-1,1,-1,1,1,1,-1,1,-1,-1,-1,1,1,-1,-1,1,-1,-1,1,1,1,-1,1,-1,-1,1,1,1,-1,1,-1,-1,1,1,-1,-1,-1,1,-1,1,1,-1,1,1,-1,1,1,-1,-1,1,1,-1,-1,1,1,-1,1,1,-1,1,1,-1,-1,-1,-1,1,-1,-1,-1,-1,-1,-1,-1,1,1,-1,1,1,-1,1,1,1,1,-1,1,-1,1,1,1,-1,-1,1,-1,-1,1,1,-1,-1,1,-1,1,1,1,-1,-1,1,-1,1,1,1,1,-1,1,-1,-1,1,1,-1,-1,-1,1,-1,1,-1,1,-1,1,-1,-1,1,-2668.0,1,2000,445,1000,False
1457,1,1,-1,-1,1,1,-1,-1,1,1,1,-1,1,1,1,1,-1,1,-1,-1,-1,1,1,1,1,-1,-1,-1,1,1,1,1,-1,-1,-1,-1,1,1,1,1,-1,-1,-1,1,1,1,1,-1,1,1,1,1,-1,1,-1,-1,1,-1,1,1,1,-1,-1,1,1,1,1,1,-1,-1,1,1,1,1,1,-1,-1,-1,1,1,1,-1,-1,-1,1,1,1,1,-1,-1,1,1,1,1,1,-1,-1,-1,1,-1,1,1,-1,-1,1,1,1,1,1,-1,-1,-1,1,1,1,1,-1,-1,1,1,1,1,1,1,-1,-1,1,1,-1,1,1,-1,1,1,1,1,1,1,-1,1,1,1,1,1,1,-1,1,1,1,1,1,1,-1,-1,-1,1,1,1,1,-1,1,-1,1,1,-1,1,-1,1,-1,1,1,1,-1,-1,1,1,1,1,1,-1,1,-1,-1,1,-1,1,-1,1,1,1,1,1,1,1,1,1,-1,1,-1,1,-1,1,1,-1,1,-1,1,1,-1,1,-1,1,-1,1,-1,1,1,-1,1,-1,1,1,1,1,-1,-1,1,1,-1,-1,1,-1,1,-1,1,1,-1,1,-1,1,-1,1,-1,-1,1,-1,-1,-1,1,1,-1,1,-1,1,1,1,-1,1,1,-1,1,-1,1,-1,1,-1,1,-1,1,1,-1,1,-1,-1,-1,1,1,-1,1,-1,-1,-1,1,1,-1,-1,1,1,-1,-1,1,1,-1,1,1,-1,1,1,1,1,-1,1,-1,1,1,-1,1,-1,1,1,-1,1,1,1,1,1,-1,-1,1,-1,-1,1,1,1,-1,1,1,1,-1,1,-1,-1,1,1,1,-1,1,-1,1,1,1,-1,1,1,-1,1,1,1,-1,1,1,-1,-1,1,1,1,-1,1,-1,1,1,1,-1,1,1,-1,1,1,1,-1,1,-1,-1,1,1,1,-1,1,-1,-1,-1,1,1,-1,1,-1,-1,1,-1,1,-1,1,1,-1,-1,1,1,1,1,1,-1,-1,1,1,-1,1,-1,-1,-1,-1,-1,-1,1,1,-1,-1,1,1,-1,1,-1,1,-1,1,1,1,1,1,-1,1,1,1,-1,1,-1,-1,-1,-1,1,1,1,1,-1,-1,1,-1,1,1,-1,-1,1,-1,-1,1,-1,1,-1,-1,1,-1,1,1,-1,-1,1,1,-1,1,-1,1,-1,-1,1,-1,1,-1,-1,-1,-1,1,-1,-1,1,1,-1,-1,1,-1,1,1,-1,1,-1,1,-1,1,-1,1,-1,-1,1,-1,1,-1,-1,-1,1,1,-1,1,-1,1,-1,1,-1,1,1,-1,1,-1,1,-1,-1,1,-1,-1,-1,1,-1,1,-1,1,1,-1,1,-1,-1,1,-1,-1,1,-1,1,-1,1,-1,1,-1,1,1,-1,-1,-1,1,-1,1,-1,-1,1,-1,1,1,1,1,-1,-1,1,1,-1,1,1,-1,-1,1,1,1,-1,1,1,-1,1,1,1,1,1,1,1,-1,-1,-1,1,-1,1,1,1,-1,1,1,-1,1,-1,-1,-1,1,1,-1,1,1,-1,-1,-1,1,-1,1,1,-1,-1,-1,1,-1,-1,-1,-1,1,-1,1,-1,-1,-1,-1,-1,-1,1,-1,1,1,1,1,-1,1,-1,1,1,-1,-1,-1,1,-1,-1,1,-1,1,-1,-1,1,1,1,1,-1,-1,1,1,1,1,-1,1,-1,-1,1,1,1,-1,-1,-1,1,1,1,1,-1,-1,-1,1,-1,1,-1,1,-1,-1,-1,1,1,1,-1,-1,-1,-1,1,1,1,1,-1,-1,-1,1,1,1,1,-1,-1,-1,1,-1,1,-1,-1,-1,1,1,1,1,1,-1,-1,-1,1,1,1,1,-1,-1,-1,1,1,-1,1,-1,-1,-1,1,1,1,1,-1,-1,1,1,1,1,-1,-1,1,1,-1,1,1,-1,-1,-1,1,1,1,1,1,-1,1,1,1,1,1,-1,-1,-1,1,-1,1,-1,-1,-1,-1,1,-1,1,1,-1,-1,-1,1,-1,1,1,-1,-1,-1,1,1,1,1,-1,-1,-1,1,-1,1,1,-1,-1,-1,1,1,-1,-1,-1,-1,-1,1,-1,1,-1,-1,-1,-1,-1,-1,-1,1,-1,-1,-1,1,-1,-1,1,-1,-1,-1,-1,-1,1,1,-1,-1,-1,-1,-1,1,-1,-1,-1,1,-1,-1,1,-1,1,-1,-1,-1,-1,-1,-1,-1,1,-1,-1,-1,1,1,-1,-1,-1,-1,1,-1,-1,-1,-1,1,-1,-1,1,1,1,-1,-1,-1,-1,1,-1,1,1,-1,1,-1,-1,1,1,-1,-1,-1,-1,-1,-1,1,1,-1,-1,1,-1,1,1,-1,-1,-1,1,-1,1,1,-1,-1,1,-1,-1,1,1,1,-1,1,-1,1,1,1,-1,-1,1,-1,-1,1,1,1,-1,1,-1,-1,1,1,-1,1,1,-1,-1,1,1,-1,1,1,-1,-1,1,1,-1,1,1,-1,-1,1,1,1,1,-1,1,-1,1,1,1,1,1,-1,-1,1,-1,1,1,1,1,-1,-1,1,-1,1,1,1,-1,1,1,1,1,-1,1,-1,1,1,1,1,1,1,1,-1,-1,1,1,1,-1,1,-1,1,1,1,1,1,-1,1,1,1,1,-1,1,1,-1,1,1,-1,1,1,-1,-1,1,1,1,1,-1,1,-1,1,1,1,-1,-1,1,-1,1,1,1,-1,1,-1,-1,-1,1,1,-1,-1,1,-1,-1,1,1,1,-1,1,-1,1,1,1,1,-1,1,-1,-1,1,1,-1,-1,-1,1,1,1,1,-1,1,1,-1,1,1,-1,-1,1,-1,-1,-1,1,1,-1,1,1,1,1,1,-1,-1,-1,-1,-1,-1,-1,-1,-1,1,-1,1,1,1,-1,1,1,-1,1,1,1,1,-1,1,-1,1,1,1,-1,-1,1,-1,1,1,1,-1,-1,1,-1,1,1,1,-1,-1,1,-1,1,1,1,1,-1,1,-1,-1,1,1,1,-1,-1,1,-1,1,1,1,-1,1,-1,-1,1,-2668.0,1,2000,445,1000,False
1458,-1,-1,1,1,1,1,-1,1,-1,-1,-1,1,-1,1,-1,-1,1,-1,1,1,-1,-1,-1,-1,-1,1,-1,-1,-1,-1,-1,-1,1,1,-1,-1,1,-1,-1,-1,1,-1,-1,-1,-1,-1,1,1,-1,1,-1,-1,1,1,1,-1,-1,1,-1,-1,1,1,1,1,-1,-1,-1,1,1,-1,-1,1,-1,-1,1,-1,-1,-1,1,-1,-1,1,1,-1,1,-1,-1,1,1,1,-1,-1,1,1,-1,1,-1,1,1,1,-1,1,1,-1,1,1,1,-1,1,1,-1,1,1,1,-1,1,1,-1,1,1,1,-1,1,1,-1,1,1,1,-1,1,-1,-1,1,1,1,-1,1,1,-1,-1,1,1,-1,1,1,-1,1,1,1,1,1,1,-1,-1,-1,1,1,1,1,-1,1,1,1,-1,1,1,-1,1,-1,1,1,1,-1,-1,1,1,1,-1,1,-1,1,-1,-1,1,1,1,-1,1,1,1,1,-1,1,1,1,1,-1,1,-1,1,-1,1,1,-1,1,-1,1,-1,-1,1,-1,1,-1,1,-1,1,1,-1,1,-1,1,1,1,1,-1,-1,1,1,-1,-1,1,-1,1,1,-1,1,-1,1,-1,1,-1,1,-1,1,1,-1,-1,1,1,-1,-1,1,-1,1,1,1,-1,1,1,-1,1,-1,1,-1,1,-1,1,-1,1,1,-1,1,-1,-1,-1,1,1,-1,1,-1,-1,-1,-1,1,1,-1,1,1,-1,-1,1,-1,-1,1,1,-1,1,1,1,-1,-1,1,-1,1,1,-1,1,-1,1,-1,-1,1,-1,-1,-1,1,-1,-1,1,-1,1,-1,1,1,-1,1,1,1,-1,1,1,-1,1,1,-1,-1,1,-1,-1,1,-1,1,-1,1,-1,-1,1,1,-1,1,1,-1,1,-1,1,-1,-1,1,-1,1,1,1,1,1,1,-1,1,1,1,1,1,1,-1,1,1,1,1,1,1,-1,1,-1,1,1,1,1,-1,1,-1,1,-1,1,1,1,1,-1,1,1,1,1,1,-1,1,1,1,-1,1,1,1,1,-1,-1,1,1,1,1,-1,1,-1,1,1,1,1,-1,1,1,1,1,-1,1,-1,1,-1,1,1,1,1,-1,1,1,1,-1,1,1,1,-1,1,1,1,1,1,-1,-1,1,-1,-1,1,-1,1,-1,-1,1,1,1,1,1,-1,1,-1,-1,1,-1,1,-1,1,-1,-1,1,-1,1,-1,-1,1,-1,1,-1,1,-1,1,1,1,1,-1,1,-1,1,-1,-1,1,-1,-1,-1,-1,-1,1,1,-1,1,-1,1,-1,-1,1,-1,-1,1,1,1,1,-1,-1,-1,-1,-1,-1,1,1,-1,-1,1,-1,1,-1,1,1,-1,-1,1,-1,1,-1,-1,-1,-1,-1,-1,-1,-1,1,-1,-1,-1,1,1,-1,1,-1,-1,1,-1,-1,1,1,-1,-1,-1,-1,-1,1,1,-1,1,-1,-1,-1,-1,-1,1,1,-1,1,-1,1,1,1,-1,1,-1,-1,-1,1,-1,-1,1,1,1,-1,1,-1,1,1,1,-1,1,1,-1,1,-1,1,1,-1,1,-1,-1,1,1,1,-1,1,-1,-1,1,1,1,-1,1,-1,-1,1,1,1,-1,1,-1,-1,-1,1,1,-1,1,1,-1,-1,1,1,-1,1,-1,1,-1,1,1,-1,-1,1,-1,-1,-1,1,-1,1,1,1,-1,1,1,-1,-1,1,-1,-1,-1,-1,-1,1,1,-1,-1,-1,-1,-1,1,1,-1,-1,1,1,-1,-1,1,1,-1,-1,-1,-1,1,1,-1,-1,1,1,-1,-1,1,1,-1,-1,-1,-1,-1,1,-1,-1,1,1,-1,-1,1,1,-1,1,1,-1,-1,1,1,-1,1,1,-1,-1,1,1,-1,1,1,-1,-1,1,1,-1,1,1,-1,1,-1,1,1,-1,1,1,1,-1,1,1,-1,1,-1,1,1,-1,1,1,1,1,1,1,-1,1,-1,1,-1,1,-1,-1,1,-1,1,1,-1,1,-1,1,-1,1,1,-1,1,-1,1,-1,1,1,1,1,-1,1,-1,1,1,-1,-1,-1,1,1,1,1,1,1,-1,1,1,1,1,1,-1,1,-1,-1,1,1,-1,-1,-1,-1,1,1,-1,1,-1,1,-1,1,1,-1,-1,-1,-1,-1,1,1,-1,-1,-1,-1,1,-1,1,-1,-1,-1,1,-1,1,1,-1,-1,-1,1,-1,1,1,-1,-1,-1,1,1,1,1,-1,1,-1,1,-1,1,1,-1,-1,-1,1,1,1,1,-1,-1,-1,1,-1,1,1,-1,1,-1,-1,1,1,1,-1,-1,-1,-1,-1,1,-1,-1,-1,1,-1,1,1,-1,-1,1,-1,-1,1,1,1,-1,1,1,-1,1,1,-1,1,-1,-1,1,1,1,-1,-1,1,-1,-1,1,1,-1,-1,-1,-1,-1,1,1,-1,1,1,1,-1,1,1,-1,-1,1,1,-1,1,1,-1,-1,1,1,-1,1,1,-1,1,1,-1,-1,1,1,-1,-1,1,1,-1,1,-1,-1,-1,1,1,-1,-1,1,-1,1,1,1,-1,1,1,-1,1,-1,1,-1,1,1,-1,1,1,1,-1,-1,1,-1,1,1,-1,1,-1,1,-1,1,1,-1,1,-1,1,1,1,-1,-1,1,-1,1,1,-1,1,-1,-1,-1,1,-1,1,-1,1,-1,-1,1,-1,1,-1,-1,-1,-1,1,-1,1,-1,-1,-1,-1,-1,1,1,-1,1,-1,-1,1,-1,1,-1,1,-1,-1,1,-1,1,1,1,1,-1,1,1,1,-1,-1,1,1,1,1,1,-1,1,-1,-1,1,1,-1,-1,1,-1,-1,1,-1,1,-1,1,-1,1,1,1,-1,-1,-1,-1,-1,1,-1,-1,-1,1,-1,1,-1,1,-1,1,1,-1,1,1,1,1,-1,1,-1,1,1,1,1,-1,1,-1,1,1,1,1,-1,1,-1,1,1,1,1,-1,1,-1,1,1,1,-1,-1,1,-1,-1,1,1,-1,-1,-1,1,-1,1,1,1,-1,1,-1,-1,1,-2668.0,1,2000,445,1500,True
1459,-1,-1,1,1,1,1,-1,1,-1,-1,-1,1,-1,1,-1,-1,1,-1,1,1,-1,1,-1,-1,-1,1,-1,-1,1,-1,-1,-1,1,1,-1,-1,1,-1,-1,-1,1,-1,-1,-1,-1,-1,1,1,-1,1,-1,-1,1,1,1,-1,1,-1,-1,-1,1,1,1,1,-1,1,-1,1,1,-1,1,-1,-1,-1,1,-1,-1,-1,1,-1,-1,1,1,-1,1,-1,-1,1,1,1,-1,1,-1,1,-1,1,-1,1,1,1,1,1,1,-1,1,1,-1,1,1,1,-1,1,1,-1,1,1,1,-1,1,1,-1,1,1,1,-1,1,1,-1,1,1,-1,-1,1,1,-1,1,1,1,-1,-1,1,-1,1,1,1,-1,1,1,1,-1,1,1,-1,-1,-1,1,-1,1,1,-1,1,-1,1,1,1,1,-1,1,1,-1,1,1,-1,-1,1,1,-1,1,1,-1,1,-1,-1,1,1,1,-1,1,1,1,1,1,1,1,1,1,-1,1,1,1,-1,1,1,-1,1,1,1,-1,-1,1,1,-1,1,1,-1,1,1,-1,1,1,1,1,1,1,-1,-1,1,1,-1,-1,1,-1,1,1,-1,1,-1,1,-1,1,1,1,-1,1,1,-1,-1,1,1,-1,-1,1,-1,1,1,1,-1,1,1,-1,1,-1,1,-1,1,-1,1,-1,1,1,-1,1,-1,-1,1,1,1,-1,1,-1,1,-1,1,1,1,-1,1,1,-1,1,1,-1,-1,1,1,-1,1,1,1,-1,-1,1,-1,1,1,-1,1,-1,1,1,-1,1,-1,-1,-1,1,-1,-1,1,-1,1,-1,-1,1,-1,1,1,1,-1,1,-1,-1,1,1,-1,-1,1,-1,-1,1,-1,1,-1,1,-1,-1,1,1,-1,1,1,-1,1,-1,1,-1,1,1,-1,1,1,1,1,1,1,-1,1,1,1,1,1,-1,-1,1,1,1,1,1,-1,-1,1,-1,1,1,1,-1,-1,1,-1,1,-1,1,1,-1,1,-1,1,1,1,1,-1,-1,1,1,1,-1,-1,-1,1,1,-1,-1,1,1,-1,1,-1,1,-1,1,-1,1,1,-1,1,1,1,-1,1,1,-1,1,-1,1,-1,-1,1,-1,1,1,1,1,-1,1,1,-1,1,1,-1,-1,1,-1,-1,1,-1,1,-1,-1,1,-1,1,1,-1,-1,-1,1,-1,1,-1,1,-1,1,1,-1,1,1,-1,-1,-1,1,-1,-1,1,1,-1,-1,1,-1,1,1,-1,1,-1,1,-1,1,1,1,-1,-1,-1,-1,1,1,-1,-1,-1,1,-1,1,-1,1,-1,-1,-1,1,1,-1,1,-1,-1,-1,-1,1,-1,-1,-1,-1,-1,-1,1,1,1,-1,-1,-1,-1,1,-1,-1,1,-1,-1,-1,1,-1,1,-1,-1,-1,-1,1,-1,1,-1,1,-1,-1,1,-1,1,1,1,-1,-1,-1,1,1,-1,1,-1,1,-1,1,1,1,-1,1,1,-1,1,1,1,1,1,1,1,-1,-1,1,-1,1,-1,1,1,-1,1,1,-1,1,-1,-1,-1,1,1,-1,1,1,-1,-1,-1,1,-1,1,1,-1,-1,-1,1,-1,-1,-1,-1,1,-1,1,-1,-1,-1,-1,-1,-1,1,-1,1,1,1,1,-1,1,-1,1,1,-1,1,-1,1,-1,-1,1,-1,1,-1,-1,1,1,1,1,1,1,-1,1,1,1,-1,1,-1,1,1,1,1,-1,-1,-1,1,1,1,1,-1,1,-1,1,-1,1,-1,1,1,-1,-1,1,1,1,-1,1,-1,-1,1,1,1,1,1,1,-1,1,1,1,1,1,1,-1,1,-1,1,-1,1,1,-1,1,1,1,1,1,1,-1,1,-1,1,1,1,1,-1,1,1,-1,1,1,1,1,1,1,1,1,1,1,-1,1,1,-1,1,1,-1,-1,-1,1,1,1,1,-1,-1,1,-1,1,1,1,-1,-1,1,-1,1,-1,-1,1,-1,-1,-1,1,-1,1,-1,-1,1,-1,1,1,1,-1,-1,1,-1,1,1,1,-1,-1,1,-1,1,-1,1,-1,-1,-1,-1,1,1,1,-1,1,1,-1,1,1,1,1,-1,-1,1,-1,1,1,-1,-1,-1,-1,-1,1,1,-1,1,-1,1,-1,1,1,1,-1,-1,-1,-1,1,1,-1,-1,-1,-1,1,-1,-1,1,-1,-1,1,-1,1,1,-1,-1,-1,1,-1,1,1,-1,-1,-1,1,1,1,1,-1,1,-1,1,-1,1,1,-1,-1,-1,1,1,1,1,-1,-1,-1,1,-1,1,1,-1,1,-1,-1,1,1,1,-1,-1,-1,-1,-1,1,-1,-1,-1,1,-1,1,1,-1,-1,-1,-1,-1,1,1,1,-1,1,1,-1,1,1,-1,1,-1,-1,1,1,1,-1,-1,1,-1,-1,1,1,-1,-1,1,-1,-1,1,1,-1,1,1,1,-1,1,1,-1,-1,1,1,-1,1,1,-1,-1,1,1,-1,1,1,-1,1,1,-1,-1,1,1,-1,-1,1,1,-1,1,-1,1,-1,1,1,-1,-1,1,-1,1,1,1,-1,1,1,-1,1,-1,1,-1,1,1,-1,1,1,1,-1,-1,-1,-1,1,1,-1,1,-1,1,-1,1,1,-1,1,-1,1,1,1,-1,-1,1,-1,1,1,-1,1,-1,-1,-1,1,-1,1,-1,1,-1,-1,1,-1,1,-1,-1,-1,-1,1,-1,1,-1,-1,-1,-1,-1,1,1,-1,1,-1,-1,-1,-1,1,-1,1,-1,1,-1,-1,1,1,1,1,-1,-1,1,1,-1,-1,1,1,-1,1,1,-1,1,-1,-1,1,1,-1,-1,1,-1,-1,-1,-1,1,-1,1,1,-1,1,1,-1,-1,-1,-1,1,-1,-1,-1,-1,1,-1,-1,1,1,-1,1,1,-1,1,1,1,1,-1,1,-1,1,1,1,1,-1,1,-1,-1,1,1,1,-1,1,-1,1,1,1,1,-1,1,-1,1,1,1,-1,-1,1,-1,-1,1,1,-1,-1,-1,1,-1,1,1,1,-1,1,-1,-1,1,-2668.0,1,2000,445,1500,True
1460,-1,-1,1,1,1,1,-1,1,-1,-1,-1,1,-1,1,-1,-1,1,-1,1,1,-1,-1,-1,-1,-1,1,-1,-1,-1,-1,-1,-1,1,1,-1,-1,1,-1,-1,-1,1,-1,-1,-1,-1,-1,-1,-1,1,1,-1,-1,1,-1,1,-1,-1,1,-1,-1,-1,1,1,1,-1,-1,-1,-1,-1,-1,-1,1,-1,-1,-1,-1,-1,-1,1,-1,-1,1,1,-1,1,-1,-1,-1,-1,1,-1,-1,-1,-1,-1,-1,-1,1,1,1,-1,-1,-1,-1,1,1,1,-1,-1,-1,-1,1,1,1,-1,-1,-1,-1,1,1,1,-1,-1,-1,-1,1,1,1,1,-1,-1,-1,1,1,1,-1,-1,-1,-1,-1,1,1,1,-1,-1,-1,1,1,1,-1,-1,-1,-1,-1,-1,1,1,-1,-1,-1,1,1,1,-1,-1,-1,-1,1,-1,1,-1,-1,-1,-1,1,1,1,-1,-1,-1,1,-1,-1,1,-1,-1,-1,1,1,1,1,1,-1,1,1,1,-1,1,-1,-1,-1,1,1,-1,1,1,-1,-1,-1,1,-1,1,-1,-1,-1,1,1,-1,1,-1,-1,1,1,1,-1,-1,1,-1,-1,-1,1,-1,1,1,-1,1,-1,1,-1,1,1,-1,-1,1,1,-1,1,1,1,-1,-1,1,-1,1,1,1,-1,1,1,-1,1,1,-1,-1,1,-1,1,-1,1,1,-1,1,-1,-1,1,-1,-1,-1,1,-1,-1,-1,-1,1,1,-1,1,1,-1,-1,-1,-1,-1,1,1,-1,1,-1,1,-1,-1,1,-1,1,1,-1,1,-1,1,1,-1,1,-1,-1,-1,1,-1,-1,1,-1,1,-1,1,1,-1,1,1,1,-1,1,-1,-1,1,1,-1,-1,1,-1,-1,1,-1,1,-1,1,-1,-1,1,1,-1,1,1,-1,1,-1,1,-1,-1,1,-1,1,1,1,1,1,1,-1,1,1,1,1,1,-1,-1,1,1,1,1,1,-1,-1,1,-1,1,1,1,-1,-1,1,-1,1,-1,1,1,-1,1,-1,1,1,1,1,-1,-1,1,1,1,-1,-1,-1,1,1,-1,-1,1,1,-1,1,-1,1,-1,1,-1,1,1,-1,1,1,1,-1,1,1,-1,1,-1,1,-1,-1,1,-1,1,1,1,1,-1,1,1,-1,1,1,-1,-1,1,-1,-1,1,-1,1,-1,-1,1,-1,1,1,-1,-1,-1,1,-1,1,-1,1,-1,1,1,-1,1,-1,-1,-1,-1,1,-1,-1,1,1,-1,-1,1,-1,1,1,-1,1,-1,1,-1,1,-1,1,-1,-1,-1,-1,-1,-1,-1,1,-1,1,-1,1,-1,1,-1,-1,-1,1,-1,1,1,-1,-1,-1,-1,-1,-1,-1,-1,-1,-1,1,-1,1,1,-1,1,-1,-1,1,-1,-1,1,-1,-1,-1,-1,-1,1,-1,1,-1,-1,-1,-1,1,-1,1,-1,-1,1,-1,1,1,1,-1,-1,-1,-1,1,-1,1,-1,-1,-1,-1,1,1,-1,1,1,-1,1,1,1,1,1,-1,1,-1,-1,-1,1,-1,-1,1,-1,1,-1,1,-1,1,-1,-1,-1,1,1,-1,1,1,-1,1,-1,1,-1,1,1,-1,1,-1,1,-1,-1,-1,-1,1,-1,1,-1,-1,-1,-1,1,-1,1,-1,1,1,1,-1,-1,1,-1,1,1,-1,1,-1,1,-1,-1,1,-1,1,-1,-1,1,1,1,1,1,-1,1,1,1,1,-1,1,-1,-1,1,1,1,-1,-1,-1,-1,1,1,1,-1,-1,-1,1,-1,1,-1,1,1,-1,-1,1,1,1,-1,-1,-1,-1,1,1,1,1,1,-1,-1,1,1,1,1,1,-1,-1,1,-1,1,-1,1,-1,1,1,1,1,1,1,-1,-1,1,-1,1,1,1,-1,-1,1,1,-1,1,1,-1,-1,1,1,1,1,1,1,-1,1,1,-1,-1,1,-1,1,-1,1,1,-1,1,-1,1,1,-1,-1,1,1,-1,-1,1,-1,1,-1,1,1,1,-1,-1,1,-1,1,1,-1,1,-1,1,-1,1,1,-1,1,-1,1,-1,1,1,-1,1,-1,1,-1,1,1,1,-1,-1,1,1,1,1,-1,1,-1,1,1,1,1,1,-1,1,-1,-1,1,1,-1,-1,-1,-1,1,1,1,-1,-1,1,-1,1,1,1,1,1,-1,-1,1,1,1,-1,-1,-1,1,-1,1,-1,1,-1,1,-1,1,1,1,1,-1,1,-1,1,1,1,1,-1,1,1,1,1,1,1,-1,1,-1,1,1,1,1,1,-1,1,1,1,1,-1,-1,1,-1,1,1,1,1,1,-1,1,1,1,1,1,1,-1,-1,1,-1,1,1,-1,-1,1,1,1,1,1,-1,-1,1,1,1,1,1,1,-1,1,1,-1,1,1,-1,1,1,1,1,1,1,-1,-1,1,1,1,1,-1,-1,-1,1,1,1,1,1,1,-1,1,1,1,1,1,1,-1,1,1,1,1,1,1,-1,1,1,-1,1,1,-1,-1,1,1,-1,1,1,1,-1,1,-1,1,1,1,1,-1,-1,1,-1,1,1,1,-1,1,1,-1,1,-1,1,-1,1,1,-1,1,1,1,-1,-1,1,1,1,1,-1,1,-1,1,1,1,1,-1,1,-1,1,1,1,-1,-1,1,-1,1,1,-1,1,-1,-1,1,1,-1,1,-1,1,-1,-1,1,-1,1,-1,-1,-1,1,1,-1,1,-1,1,-1,-1,-1,1,1,-1,1,-1,-1,1,-1,1,1,-1,1,-1,1,-1,1,1,1,1,-1,1,1,1,-1,-1,1,1,1,1,1,-1,1,-1,-1,1,1,-1,-1,1,-1,-1,1,-1,1,-1,1,-1,1,1,1,-1,-1,1,-1,-1,1,-1,-1,-1,1,-1,1,1,1,-1,1,1,-1,1,1,1,1,-1,1,-1,1,1,1,1,-1,1,-1,1,1,1,1,-1,1,-1,1,1,1,1,-1,1,-1,1,-1,1,-1,-1,1,-1,-1,1,1,-1,-1,-1,1,-1,1,-1,1,-1,1,-1,-1,1,-2668.0,1,2000,445,1500,True
1461,1,1,-1,-1,1,-1,-1,-1,1,1,1,-1,1,1,1,1,-1,1,-1,-1,-1,-1,1,1,1,-1,-1,-1,1,1,1,1,-1,-1,-1,-1,1,-1,1,1,-1,-1,-1,1,1,1,1,-1,1,1,1,1,-1,1,-1,-1,1,-1,1,1,1,-1,-1,-1,1,1,1,1,-1,-1,-1,1,1,1,1,-1,-1,-1,1,1,1,-1,-1,-1,1,1,1,1,-1,-1,-1,1,1,1,1,-1,-1,1,1,-1,1,1,-1,-1,1,1,1,1,1,-1,-1,1,1,1,1,1,-1,-1,1,1,1,1,1,1,-1,-1,1,1,-1,1,1,-1,1,1,1,1,1,1,-1,-1,1,1,1,1,1,-1,1,1,1,1,1,1,-1,-1,-1,1,1,1,1,-1,1,1,1,1,-1,1,-1,1,-1,1,1,1,-1,-1,1,1,1,1,1,-1,1,-1,-1,1,1,1,-1,1,1,1,1,-1,1,1,1,1,-1,1,-1,1,-1,1,1,-1,1,-1,1,1,-1,1,-1,1,-1,1,-1,1,1,-1,-1,-1,1,1,1,1,-1,-1,1,1,-1,-1,1,-1,1,-1,1,1,-1,1,-1,1,-1,1,-1,1,1,-1,1,-1,1,1,-1,1,-1,1,1,1,-1,1,1,-1,1,-1,1,-1,1,-1,1,-1,1,1,-1,1,-1,-1,-1,1,1,-1,1,-1,-1,-1,1,1,-1,-1,1,1,-1,-1,1,1,-1,1,1,-1,1,1,1,1,-1,1,-1,1,1,-1,1,-1,1,1,1,1,1,1,1,1,-1,-1,1,-1,-1,-1,1,1,-1,1,1,1,-1,1,1,1,1,1,1,1,1,-1,1,1,1,-1,-1,1,-1,1,1,1,-1,1,1,-1,-1,1,1,1,-1,1,-1,1,1,1,-1,1,1,-1,1,1,1,-1,1,1,-1,1,1,1,-1,1,1,1,-1,1,1,-1,1,1,-1,1,-1,1,-1,1,1,1,-1,1,1,1,-1,1,1,-1,1,1,-1,1,-1,1,-1,-1,-1,-1,1,1,1,-1,1,1,-1,1,1,-1,-1,1,1,1,1,1,-1,1,1,1,-1,1,1,1,1,-1,1,1,1,-1,1,-1,1,1,1,1,1,1,-1,-1,-1,1,-1,-1,1,1,-1,1,1,1,1,1,1,1,-1,1,-1,-1,1,-1,1,-1,1,1,-1,1,1,1,-1,-1,1,-1,1,1,1,-1,1,1,1,-1,1,1,-1,-1,1,-1,1,1,1,-1,1,1,1,1,1,1,-1,1,-1,1,1,1,-1,-1,1,-1,1,1,1,-1,-1,1,-1,1,1,1,-1,-1,1,-1,-1,1,1,-1,-1,1,-1,1,1,1,1,-1,1,1,-1,1,1,1,-1,-1,-1,1,1,1,-1,-1,1,-1,-1,1,-1,1,-1,-1,1,-1,1,-1,1,-1,-1,1,-1,-1,1,1,1,-1,1,-1,1,-1,-1,1,1,-1,-1,-1,1,-1,-1,1,1,1,-1,1,-1,1,1,1,-1,1,1,-1,1,-1,1,-1,-1,1,-1,-1,1,1,1,-1,1,-1,-1,1,1,-1,-1,1,-1,-1,1,1,-1,-1,1,-1,-1,-1,1,1,-1,1,-1,-1,-1,1,-1,-1,1,-1,1,-1,1,1,-1,-1,1,-1,-1,-1,-1,-1,1,1,1,-1,-1,1,-1,-1,1,-1,-1,1,-1,-1,-1,1,-1,-1,1,-1,-1,1,1,-1,1,-1,1,-1,-1,1,1,-1,-1,-1,-1,1,1,-1,-1,1,-1,-1,-1,1,1,-1,-1,-1,-1,-1,1,-1,-1,-1,-1,-1,-1,1,1,-1,-1,-1,-1,1,1,1,-1,-1,-1,-1,-1,1,1,1,-1,-1,-1,-1,1,1,-1,-1,-1,-1,1,1,1,1,-1,-1,1,1,1,1,1,-1,-1,-1,1,1,1,1,1,-1,1,1,1,1,-1,1,-1,-1,1,-1,1,-1,1,-1,-1,1,-1,1,-1,-1,-1,-1,1,-1,1,-1,1,1,-1,1,-1,1,-1,1,1,1,-1,-1,1,-1,-1,-1,-1,1,1,-1,-1,-1,-1,-1,1,-1,1,-1,-1,-1,-1,1,-1,-1,1,-1,-1,-1,1,-1,-1,1,-1,-1,-1,-1,-1,-1,1,-1,-1,-1,-1,-1,1,-1,-1,-1,1,-1,-1,1,-1,1,-1,-1,-1,-1,-1,-1,-1,1,-1,-1,-1,1,1,1,-1,-1,-1,1,-1,-1,-1,-1,1,-1,-1,1,-1,1,-1,-1,-1,-1,1,-1,1,1,-1,1,-1,-1,1,1,-1,-1,-1,-1,-1,-1,1,1,-1,-1,1,-1,1,1,-1,-1,-1,1,-1,-1,1,-1,-1,1,-1,-1,1,1,1,-1,1,-1,1,1,1,-1,-1,1,-1,-1,1,1,1,-1,1,-1,-1,1,1,-1,1,1,-1,-1,1,1,1,1,1,-1,-1,1,1,-1,1,1,-1,-1,1,1,1,1,1,1,-1,-1,1,1,1,1,-1,-1,1,-1,1,1,1,1,-1,-1,1,-1,1,1,1,-1,1,1,1,1,-1,1,-1,1,1,1,1,1,1,1,-1,1,1,1,1,-1,1,-1,1,1,1,1,1,-1,1,1,1,1,-1,1,1,-1,1,1,-1,1,1,-1,-1,1,1,1,1,-1,1,-1,1,1,1,-1,-1,1,-1,1,1,1,-1,1,-1,-1,-1,1,1,-1,-1,1,-1,-1,1,1,1,-1,1,-1,-1,1,1,1,-1,1,-1,-1,1,1,-1,-1,-1,1,-1,-1,1,-1,1,1,-1,1,1,-1,-1,1,1,-1,-1,1,1,-1,1,1,-1,1,1,-1,-1,1,-1,1,-1,-1,-1,-1,1,-1,-1,1,1,-1,1,1,-1,1,1,1,1,-1,1,-1,1,1,1,1,-1,1,-1,-1,1,1,1,-1,1,-1,1,1,1,1,-1,1,-1,1,1,1,-1,-1,1,-1,-1,1,1,-1,-1,-1,1,-1,1,-1,1,-1,1,-1,-1,1,-2668.0,1,2000,445,500,False
1462,1,1,-1,-1,1,-1,-1,-1,1,1,1,-1,1,1,1,1,-1,1,-1,-1,-1,-1,1,1,1,-1,1,-1,1,1,1,1,1,-1,-1,-1,1,1,1,-1,-1,-1,-1,1,1,1,1,-1,1,1,1,1,-1,1,-1,-1,1,-1,1,1,1,-1,-1,-1,1,1,1,1,-1,-1,-1,1,1,1,1,-1,-1,-1,1,1,1,-1,-1,-1,1,1,1,1,-1,1,-1,1,1,1,1,-1,-1,1,1,-1,1,1,-1,-1,1,1,1,1,1,-1,-1,1,1,-1,1,1,-1,-1,1,1,1,1,1,1,-1,1,1,1,-1,1,1,-1,1,1,1,1,1,1,-1,-1,1,1,1,1,1,-1,1,1,1,1,1,1,-1,-1,-1,1,1,1,1,-1,1,1,1,1,-1,1,-1,1,-1,1,1,1,-1,-1,1,1,1,1,1,-1,1,-1,-1,1,1,1,-1,1,1,1,1,-1,1,1,1,1,-1,1,-1,1,-1,1,1,-1,1,-1,1,1,-1,1,-1,1,-1,1,-1,1,1,-1,1,-1,1,1,1,1,-1,-1,1,1,-1,-1,1,-1,1,1,-1,1,-1,1,-1,1,-1,1,-1,1,1,-1,-1,1,1,1,-1,1,-1,1,1,1,-1,1,1,-1,1,-1,1,-1,1,-1,1,-1,1,1,-1,1,-1,-1,-1,1,1,-1,1,-1,-1,-1,-1,1,-1,-1,1,1,-1,-1,1,1,-1,1,1,-1,1,1,1,1,-1,1,-1,1,1,-1,1,-1,1,1,-1,1,1,1,1,1,-1,-1,1,-1,-1,-1,1,1,-1,1,1,1,-1,1,-1,-1,1,1,1,1,1,-1,1,1,1,-1,1,1,-1,-1,1,1,-1,1,1,-1,1,-1,1,1,-1,1,-1,1,1,1,-1,1,1,-1,1,1,1,-1,1,-1,-1,1,1,1,-1,1,-1,-1,1,1,1,-1,1,-1,-1,-1,-1,1,-1,1,1,-1,1,1,1,1,1,1,-1,-1,-1,1,-1,1,-1,-1,1,-1,-1,-1,1,1,-1,1,-1,1,-1,1,-1,1,-1,1,1,1,1,-1,1,-1,1,1,-1,1,-1,-1,-1,-1,1,1,1,1,-1,-1,1,1,1,1,-1,-1,1,-1,-1,1,-1,1,-1,1,-1,1,1,1,-1,-1,1,1,-1,1,-1,1,-1,-1,1,-1,1,1,-1,-1,-1,1,-1,-1,1,1,-1,-1,1,-1,1,1,-1,1,-1,1,-1,-1,1,1,-1,1,1,-1,1,1,-1,-1,1,1,-1,1,-1,1,-1,1,-1,-1,1,-1,1,-1,1,-1,-1,1,-1,-1,-1,1,-1,-1,1,-1,1,-1,1,-1,-1,1,-1,-1,1,-1,1,-1,1,1,1,-1,1,1,-1,-1,1,1,-1,1,-1,-1,1,1,1,1,-1,1,-1,-1,1,1,-1,-1,1,-1,-1,1,1,1,1,1,1,-1,1,1,1,-1,1,1,1,-1,-1,-1,1,-1,-1,1,-1,1,-1,1,-1,1,-1,-1,-1,1,1,-1,1,1,-1,-1,-1,1,-1,1,1,-1,1,-1,1,-1,-1,-1,-1,-1,-1,1,-1,-1,-1,-1,-1,-1,1,-1,1,1,1,1,-1,1,-1,1,1,-1,-1,-1,1,-1,-1,1,-1,1,-1,-1,1,1,1,1,-1,-1,1,1,1,1,-1,1,-1,-1,1,1,1,-1,-1,-1,1,1,1,1,-1,1,-1,1,-1,1,-1,1,1,-1,-1,1,1,1,-1,-1,-1,-1,1,1,1,1,-1,-1,-1,1,1,1,1,-1,-1,-1,1,-1,1,-1,-1,-1,-1,1,1,1,1,-1,-1,-1,1,-1,1,-1,-1,-1,-1,1,1,-1,1,-1,-1,-1,1,1,1,1,-1,-1,1,-1,1,-1,1,-1,1,1,-1,1,1,-1,-1,-1,1,1,-1,1,1,-1,1,1,1,-1,1,1,-1,-1,1,-1,1,-1,1,-1,-1,-1,1,-1,1,-1,-1,-1,-1,1,-1,1,-1,-1,-1,1,1,-1,-1,1,-1,1,-1,-1,-1,-1,-1,-1,-1,1,1,1,-1,-1,-1,-1,1,-1,1,-1,-1,-1,-1,-1,-1,-1,1,-1,-1,-1,1,-1,-1,1,-1,-1,-1,-1,-1,1,1,-1,-1,-1,-1,-1,1,-1,-1,-1,1,-1,-1,1,-1,1,-1,-1,-1,-1,-1,-1,-1,1,-1,-1,-1,1,1,1,-1,-1,1,-1,1,-1,-1,-1,1,-1,-1,1,-1,1,-1,-1,-1,-1,1,-1,1,1,-1,1,-1,-1,1,1,-1,-1,-1,-1,-1,-1,1,1,-1,-1,1,-1,1,1,-1,-1,-1,1,-1,1,1,-1,-1,1,-1,-1,1,1,1,-1,1,-1,1,1,1,-1,-1,1,-1,-1,1,-1,1,-1,1,-1,-1,1,1,-1,1,1,-1,-1,1,1,1,1,1,-1,-1,1,1,-1,1,1,-1,-1,1,1,1,1,1,1,-1,-1,1,1,1,1,-1,-1,1,-1,1,1,1,1,-1,-1,1,-1,1,1,1,-1,1,1,1,1,-1,1,-1,1,1,1,1,1,1,1,-1,1,1,1,1,-1,1,-1,1,1,1,1,1,-1,1,1,1,1,-1,1,1,-1,1,1,-1,1,1,-1,-1,1,1,1,1,-1,1,-1,1,1,1,-1,-1,1,-1,1,1,1,-1,1,-1,-1,-1,1,1,-1,-1,1,-1,-1,1,1,-1,-1,1,-1,-1,1,1,1,-1,1,-1,-1,1,1,-1,-1,-1,1,-1,-1,1,-1,1,1,-1,1,1,-1,-1,1,-1,-1,-1,-1,1,-1,1,1,-1,1,1,-1,-1,-1,-1,1,-1,-1,-1,-1,1,-1,-1,1,1,-1,1,1,-1,1,1,1,1,-1,1,-1,1,1,1,1,-1,1,-1,-1,-1,1,1,-1,1,-1,1,1,1,1,-1,1,-1,1,1,1,-1,-1,1,-1,-1,1,1,-1,-1,-1,1,-1,1,1,1,-1,1,-1,-1,1,-2668.0,1,2000,445,500,False
1463,1,1,-1,-1,1,1,-1,-1,1,1,1,-1,1,1,-1,1,-1,1,-1,-1,-1,1,1,1,1,-1,-1,-1,1,1,1,1,-1,-1,-1,-1,1,1,1,1,-1,-1,-1,1,1,1,1,-1,1,1,1,1,-1,1,-1,-1,1,-1,1,1,1,-1,-1,1,1,1,1,1,-1,-1,1,1,1,1,1,-1,-1,-1,1,1,1,-1,-1,-1,1,1,1,1,-1,-1,-1,1,1,1,1,-1,-1,1,1,-1,1,1,-1,-1,1,1,1,1,1,-1,-1,1,1,-1,1,1,-1,-1,1,1,1,1,1,1,-1,-1,1,1,-1,1,1,-1,1,1,1,1,1,1,-1,-1,1,1,1,1,1,-1,1,1,1,1,1,1,-1,-1,-1,1,1,1,1,-1,1,1,1,1,-1,1,-1,1,-1,1,1,1,-1,-1,1,1,1,1,1,-1,1,-1,-1,1,-1,1,-1,1,1,1,1,1,1,1,1,1,-1,1,-1,1,-1,1,1,-1,1,-1,1,1,-1,1,-1,1,-1,1,-1,1,1,-1,1,-1,1,1,1,1,-1,-1,1,1,-1,-1,1,-1,1,-1,1,1,-1,1,-1,1,-1,1,-1,1,1,-1,1,-1,1,1,-1,1,-1,1,1,1,-1,1,1,-1,1,-1,1,-1,1,-1,1,-1,1,1,-1,1,-1,-1,-1,1,1,-1,1,-1,-1,-1,1,1,-1,-1,1,1,-1,-1,1,1,-1,1,1,-1,1,1,1,1,-1,1,-1,1,1,-1,1,-1,1,-1,1,1,1,1,1,1,-1,-1,1,-1,-1,1,1,1,-1,1,1,1,-1,1,1,1,1,1,1,1,1,-1,1,1,1,-1,1,1,-1,1,1,1,-1,1,1,-1,-1,1,1,1,-1,1,-1,1,1,1,-1,1,1,-1,1,1,1,-1,1,1,-1,1,1,1,-1,1,1,-1,-1,1,1,-1,1,1,-1,1,-1,1,-1,1,1,1,-1,1,1,1,1,1,1,-1,1,1,-1,1,1,1,-1,-1,-1,-1,1,1,1,-1,1,1,-1,1,1,-1,-1,1,1,1,1,1,-1,1,1,1,-1,1,1,1,1,-1,1,1,1,-1,1,-1,1,1,1,1,1,1,-1,-1,-1,1,-1,-1,1,1,-1,1,1,1,1,1,1,1,-1,1,-1,-1,1,-1,1,-1,1,1,-1,1,1,1,-1,-1,1,-1,1,1,1,-1,1,1,1,-1,1,1,-1,-1,1,-1,1,1,1,-1,1,1,1,1,1,1,-1,1,-1,1,1,1,-1,-1,1,-1,1,1,1,-1,-1,1,-1,1,1,1,-1,-1,1,-1,-1,1,1,-1,-1,1,-1,1,1,1,1,-1,1,1,-1,1,1,1,-1,-1,-1,-1,1,1,-1,-1,1,-1,-1,1,-1,1,-1,-1,1,-1,1,-1,1,-1,-1,1,-1,-1,1,1,1,-1,1,-1,1,-1,-1,-1,1,-1,-1,-1,1,-1,-1,1,1,-1,1,1,-1,1,1,1,-1,1,1,-1,-1,-1,1,-1,-1,1,-1,-1,1,1,-1,-1,1,-1,-1,1,1,1,-1,1,-1,-1,1,1,-1,-1,1,-1,-1,-1,1,1,-1,1,1,-1,-1,1,-1,-1,1,-1,1,-1,1,1,-1,-1,1,-1,-1,-1,-1,-1,1,1,1,-1,-1,1,-1,-1,1,-1,-1,1,-1,-1,-1,1,-1,-1,1,1,-1,1,1,-1,1,-1,1,-1,-1,1,1,-1,-1,-1,-1,1,1,-1,-1,1,-1,-1,-1,1,1,-1,-1,-1,-1,-1,1,-1,-1,-1,-1,-1,1,1,1,-1,-1,-1,-1,-1,1,1,-1,-1,-1,-1,-1,1,1,1,-1,-1,-1,-1,1,1,-1,-1,-1,-1,1,1,1,1,-1,-1,1,1,1,1,1,-1,-1,-1,1,1,1,1,1,-1,1,1,1,1,-1,1,-1,-1,1,-1,1,-1,1,-1,-1,1,-1,1,-1,-1,-1,-1,1,-1,1,-1,1,-1,-1,1,-1,1,-1,1,-1,-1,1,-1,1,-1,-1,-1,-1,1,1,-1,-1,-1,-1,-1,1,-1,1,-1,-1,-1,-1,-1,-1,-1,1,-1,-1,-1,1,-1,-1,1,-1,-1,-1,-1,-1,1,1,-1,-1,-1,-1,-1,1,-1,-1,-1,1,-1,-1,1,-1,1,-1,-1,-1,-1,-1,-1,-1,1,-1,-1,-1,1,1,1,-1,-1,-1,1,-1,-1,-1,-1,1,-1,-1,1,-1,1,-1,-1,-1,-1,1,-1,1,1,-1,1,-1,-1,1,1,-1,-1,-1,-1,-1,-1,1,1,-1,-1,1,-1,1,1,-1,-1,-1,1,-1,-1,1,-1,-1,1,-1,-1,1,1,1,-1,1,-1,1,1,1,-1,-1,1,-1,-1,1,1,1,-1,1,-1,-1,1,1,-1,1,1,-1,-1,1,1,-1,1,1,-1,-1,1,1,-1,1,1,-1,-1,1,1,1,1,1,1,-1,-1,1,1,1,1,-1,-1,1,-1,1,1,1,1,-1,-1,1,-1,1,1,1,-1,1,1,1,1,-1,1,-1,1,1,1,1,1,1,1,-1,1,1,1,1,-1,1,-1,1,1,1,1,1,-1,1,1,1,1,-1,1,1,-1,1,1,-1,1,1,-1,-1,1,1,1,1,-1,1,-1,1,1,1,-1,-1,1,-1,1,1,1,-1,1,-1,-1,-1,1,1,-1,-1,1,-1,-1,1,1,1,-1,1,-1,-1,1,1,1,-1,1,-1,-1,1,1,-1,-1,-1,1,-1,1,1,-1,1,1,-1,1,1,-1,-1,1,-1,-1,-1,1,1,-1,1,1,-1,1,1,-1,-1,-1,-1,1,-1,-1,-1,-1,1,-1,-1,1,1,-1,1,1,-1,1,1,1,1,-1,1,-1,1,1,1,1,-1,1,-1,-1,1,1,1,-1,1,-1,1,1,1,1,-1,1,-1,1,1,1,-1,-1,1,-1,-1,1,1,-1,-1,-1,1,-1,1,-1,1,-1,1,-1,-1,1,-2668.0,1,2000,445,500,False
1464,1,1,-1,-1,1,-1,1,-1,1,1,1,-1,1,1,1,1,-1,1,-1,-1,1,-1,1,1,1,-1,1,-1,1,1,1,1,-1,-1,-1,-1,1,-1,1,-1,-1,-1,-1,1,1,1,1,-1,1,1,1,1,-1,1,-1,-1,1,-1,1,1,1,-1,-1,-1,1,1,1,1,-1,-1,-1,1,1,1,1,-1,-1,-1,1,1,1,-1,-1,-1,1,1,1,1,-1,-1,-1,1,1,1,1,-1,-1,1,1,-1,1,1,-1,-1,1,1,1,1,1,-1,-1,1,1,1,1,1,-1,-1,1,1,1,1,1,1,-1,-1,1,1,-1,1,1,-1,1,1,1,1,1,1,-1,-1,1,1,1,1,1,-1,1,1,1,1,1,1,-1,-1,-1,1,1,1,1,-1,1,1,1,1,-1,1,-1,1,-1,1,1,1,-1,-1,1,1,1,1,1,-1,1,-1,-1,1,1,1,-1,1,1,1,1,-1,1,1,1,1,-1,1,-1,1,-1,1,1,-1,1,-1,1,1,-1,1,-1,1,-1,1,-1,1,1,-1,-1,-1,1,1,1,1,-1,-1,1,1,-1,-1,1,-1,1,-1,-1,1,-1,1,-1,1,-1,1,-1,-1,1,-1,-1,-1,1,1,-1,1,-1,1,1,1,-1,1,1,-1,1,-1,1,-1,1,-1,1,-1,1,1,-1,1,-1,-1,-1,1,1,-1,1,-1,-1,-1,1,1,-1,-1,1,1,-1,-1,1,1,-1,1,1,-1,1,1,1,1,-1,1,-1,1,1,-1,1,-1,1,1,-1,1,1,1,1,1,-1,-1,1,-1,-1,1,1,1,-1,1,1,1,-1,1,-1,-1,1,1,1,1,1,-1,1,1,1,-1,-1,1,-1,1,1,1,-1,1,1,-1,-1,1,1,1,-1,1,-1,1,1,1,-1,1,1,-1,1,1,1,-1,1,-1,-1,1,1,1,-1,1,-1,-1,-1,1,1,-1,1,-1,-1,1,-1,1,-1,1,1,-1,-1,1,1,1,-1,1,-1,-1,1,1,-1,1,-1,-1,-1,-1,-1,-1,1,1,-1,-1,1,1,-1,1,-1,-1,-1,1,1,1,1,-1,-1,1,1,1,-1,1,-1,-1,-1,-1,1,1,1,1,-1,-1,1,1,1,1,-1,-1,1,-1,-1,1,-1,1,-1,-1,1,-1,1,1,-1,-1,1,1,-1,1,-1,1,-1,-1,1,-1,1,1,-1,-1,-1,1,-1,-1,1,1,-1,-1,1,-1,1,1,-1,1,-1,1,-1,-1,1,1,-1,-1,1,-1,1,1,-1,-1,1,1,-1,1,-1,1,-1,1,-1,-1,1,-1,1,-1,1,-1,-1,1,-1,-1,-1,1,-1,-1,1,-1,1,-1,1,-1,-1,1,-1,-1,1,-1,1,-1,1,1,1,-1,1,1,-1,-1,-1,1,-1,1,-1,-1,1,-1,1,1,1,1,-1,-1,1,1,-1,1,1,-1,-1,1,1,1,-1,1,1,-1,1,1,1,1,-1,-1,1,-1,-1,-1,1,-1,-1,1,-1,1,-1,1,-1,1,-1,-1,-1,1,1,-1,1,1,-1,-1,-1,1,-1,1,1,-1,1,-1,1,-1,-1,-1,-1,-1,-1,1,-1,-1,-1,-1,-1,-1,1,-1,1,1,1,1,-1,1,-1,1,1,-1,-1,-1,1,-1,-1,1,-1,1,-1,-1,1,1,1,1,-1,-1,1,1,1,1,-1,1,-1,-1,1,1,1,-1,-1,-1,1,1,1,1,-1,-1,-1,1,-1,1,-1,1,1,-1,-1,1,1,1,-1,-1,-1,1,1,1,1,1,-1,-1,-1,1,1,1,1,-1,-1,-1,1,1,1,-1,-1,-1,-1,1,1,1,1,-1,-1,1,1,1,1,1,-1,-1,-1,1,1,-1,1,-1,-1,-1,1,1,1,1,-1,-1,1,1,1,1,-1,-1,1,1,-1,1,1,-1,-1,-1,1,1,1,1,1,-1,1,1,1,1,1,-1,-1,-1,1,-1,1,-1,-1,-1,-1,1,-1,1,1,-1,-1,-1,1,-1,1,1,-1,1,-1,1,1,1,1,-1,1,1,-1,-1,1,1,-1,-1,-1,1,1,-1,-1,-1,-1,-1,1,-1,1,-1,-1,-1,-1,-1,-1,-1,1,-1,-1,-1,1,-1,-1,1,-1,-1,-1,-1,-1,1,1,-1,-1,-1,-1,-1,1,-1,-1,-1,1,-1,-1,1,-1,1,-1,-1,-1,-1,-1,-1,-1,1,-1,-1,-1,1,1,-1,-1,-1,1,-1,-1,-1,-1,-1,1,-1,-1,1,1,1,-1,-1,-1,-1,1,-1,1,1,-1,1,-1,-1,1,1,-1,-1,-1,-1,-1,-1,1,1,-1,-1,1,-1,1,1,1,-1,-1,1,-1,1,1,-1,-1,1,-1,-1,1,1,1,-1,1,-1,1,1,1,-1,-1,1,-1,-1,1,1,1,-1,1,-1,-1,1,1,-1,1,1,-1,-1,1,1,1,1,1,-1,-1,1,1,-1,1,1,-1,-1,1,1,1,1,-1,1,-1,-1,1,1,-1,1,-1,-1,1,-1,1,1,1,1,-1,-1,1,-1,1,1,1,-1,1,1,1,1,-1,1,-1,1,1,1,1,1,1,1,-1,1,1,1,1,-1,1,-1,1,1,1,1,1,-1,1,1,1,1,-1,1,1,-1,1,1,-1,1,1,-1,-1,1,1,1,1,-1,1,-1,1,1,1,-1,-1,1,-1,1,1,1,-1,1,-1,-1,-1,1,1,-1,-1,1,-1,-1,1,1,1,-1,1,-1,-1,1,1,1,-1,1,-1,-1,1,1,-1,-1,-1,1,-1,-1,1,-1,1,1,-1,1,1,-1,-1,1,-1,-1,-1,1,1,-1,1,1,-1,1,1,-1,-1,1,-1,1,-1,-1,-1,-1,1,-1,-1,1,1,-1,1,1,-1,1,1,1,1,-1,1,-1,1,1,1,1,-1,1,-1,-1,1,1,1,-1,1,-1,1,1,1,1,-1,1,-1,1,1,-1,-1,-1,1,-1,-1,1,1,-1,-1,-1,1,-1,1,-1,1,-1,1,-1,-1,1,-2668.0,1,2000,445,500,False
1465,1,1,-1,-1,1,1,-1,-1,1,1,1,-1,-1,1,1,1,-1,1,-1,-1,-1,-1,1,1,1,-1,-1,-1,1,1,1,1,1,-1,-1,-1,1,1,1,-1,-1,-1,-1,1,1,1,1,-1,1,1,1,1,-1,1,-1,-1,1,-1,1,1,1,-1,-1,-1,1,1,1,1,-1,-1,-1,1,1,1,1,-1,-1,-1,1,1,1,-1,-1,-1,1,1,1,1,-1,-1,-1,1,1,1,1,-1,-1,1,1,-1,1,1,-1,-1,1,1,1,1,1,-1,-1,-1,1,1,1,1,-1,-1,1,1,1,1,1,1,-1,-1,1,1,-1,1,1,-1,1,1,1,1,1,1,-1,1,1,1,1,1,1,-1,1,1,1,1,1,1,-1,-1,-1,1,1,1,1,-1,1,1,1,1,-1,1,-1,1,-1,1,1,1,-1,-1,1,1,1,1,1,-1,1,-1,-1,1,-1,1,-1,1,1,1,1,1,1,1,1,1,1,1,-1,1,-1,1,1,-1,1,-1,1,1,-1,1,-1,1,-1,1,-1,1,1,-1,1,-1,1,1,1,1,-1,-1,1,1,-1,-1,1,-1,1,-1,-1,1,-1,1,-1,1,-1,1,-1,1,1,-1,-1,-1,1,1,-1,1,-1,1,1,1,-1,1,-1,-1,1,-1,1,-1,1,1,1,-1,1,1,-1,1,-1,-1,-1,1,1,-1,1,-1,-1,-1,1,1,-1,-1,1,1,-1,-1,1,1,-1,1,1,-1,1,1,1,1,-1,1,-1,1,1,-1,1,-1,1,1,-1,1,1,1,1,1,-1,-1,1,-1,-1,1,1,1,-1,1,1,1,-1,1,-1,-1,1,1,1,1,1,-1,1,1,1,-1,1,1,-1,1,1,1,-1,1,1,-1,-1,1,1,1,-1,1,-1,1,1,1,-1,1,1,-1,1,1,1,-1,1,-1,-1,1,1,1,-1,1,-1,-1,-1,1,1,-1,1,-1,-1,1,-1,1,-1,1,1,-1,-1,1,1,1,-1,1,-1,-1,1,1,-1,1,-1,-1,-1,-1,-1,-1,1,1,-1,-1,1,1,-1,1,-1,1,-1,1,1,1,1,-1,-1,1,1,1,-1,1,-1,-1,-1,-1,1,1,1,1,-1,-1,1,1,1,1,-1,-1,-1,-1,-1,1,-1,1,-1,1,-1,1,1,-1,-1,-1,1,1,-1,1,-1,1,-1,-1,1,-1,1,1,-1,-1,-1,1,-1,-1,1,1,-1,-1,1,-1,1,1,-1,1,-1,1,-1,-1,1,1,-1,1,1,-1,1,1,-1,-1,1,1,-1,1,-1,1,-1,1,1,-1,1,-1,1,-1,1,-1,-1,1,-1,-1,-1,1,-1,-1,1,-1,1,1,1,-1,-1,1,-1,-1,1,-1,1,-1,1,1,1,-1,1,1,-1,-1,-1,1,-1,1,-1,-1,1,-1,1,1,-1,1,-1,-1,1,1,-1,-1,1,1,-1,1,1,1,1,1,1,-1,1,1,1,-1,-1,-1,1,-1,-1,-1,1,-1,1,1,-1,1,-1,1,-1,1,-1,-1,-1,1,1,-1,1,1,-1,-1,-1,1,-1,1,1,-1,1,-1,1,-1,-1,-1,-1,-1,-1,1,-1,-1,-1,-1,-1,-1,1,-1,1,1,1,1,-1,1,-1,1,1,-1,-1,-1,1,-1,-1,1,-1,1,-1,-1,1,1,1,1,-1,-1,1,1,1,1,-1,1,-1,-1,1,1,1,-1,-1,-1,1,1,1,1,-1,-1,-1,1,-1,1,-1,1,-1,-1,-1,1,1,1,-1,-1,-1,-1,1,1,1,1,-1,-1,-1,1,1,1,1,-1,-1,-1,1,-1,1,-1,-1,-1,1,1,1,1,1,-1,-1,-1,1,1,1,-1,-1,-1,-1,1,1,-1,1,-1,-1,-1,1,1,1,1,-1,-1,1,1,1,1,1,-1,1,1,-1,1,1,-1,-1,-1,1,1,1,1,1,-1,1,1,1,1,1,1,-1,-1,1,-1,1,-1,1,-1,-1,1,-1,1,1,-1,-1,-1,1,-1,1,1,-1,-1,-1,1,1,1,-1,1,-1,-1,1,-1,1,-1,-1,-1,-1,1,1,-1,-1,-1,-1,-1,1,-1,1,-1,-1,-1,-1,-1,-1,-1,1,-1,-1,-1,1,-1,-1,1,-1,-1,-1,-1,-1,-1,1,-1,-1,-1,-1,-1,1,-1,-1,-1,1,-1,-1,1,-1,1,-1,-1,-1,-1,-1,-1,-1,1,-1,-1,-1,1,1,1,-1,-1,1,-1,-1,-1,-1,-1,1,-1,-1,1,-1,1,-1,-1,-1,-1,1,-1,1,1,-1,1,-1,-1,1,1,-1,-1,-1,-1,-1,-1,1,1,-1,-1,1,-1,1,1,-1,-1,-1,1,-1,-1,1,-1,-1,1,-1,-1,1,1,1,-1,1,-1,1,1,1,-1,-1,1,-1,-1,1,1,1,-1,1,-1,-1,1,1,-1,1,1,-1,-1,1,1,1,1,1,-1,-1,1,1,-1,1,1,-1,-1,1,1,1,1,1,1,-1,-1,1,1,1,1,-1,-1,1,-1,1,1,1,1,-1,-1,1,-1,1,1,1,-1,1,1,1,1,-1,1,-1,1,1,1,1,1,1,1,-1,1,1,1,1,-1,1,-1,1,1,1,1,1,-1,1,1,1,1,-1,1,1,-1,1,1,-1,1,1,-1,-1,1,1,1,1,-1,1,-1,1,1,1,-1,-1,1,-1,1,1,1,-1,1,-1,-1,-1,1,1,-1,-1,1,-1,-1,1,1,1,-1,1,-1,-1,1,1,1,-1,1,-1,-1,1,1,-1,-1,-1,1,-1,1,1,-1,1,1,-1,1,1,-1,-1,1,1,-1,-1,1,1,-1,1,1,-1,1,1,-1,-1,-1,-1,1,-1,-1,-1,-1,-1,-1,-1,1,1,-1,1,1,-1,1,1,1,1,-1,1,-1,1,1,1,-1,-1,1,-1,-1,1,1,-1,1,1,-1,1,1,1,-1,-1,1,-1,1,1,1,1,-1,1,-1,-1,1,1,-1,-1,1,1,-1,1,-1,1,-1,1,-1,-1,1,-2668.0,1,2000,445,500,False
1466,1,1,-1,-1,1,1,-1,-1,1,1,1,-1,1,1,1,1,-1,1,-1,-1,-1,-1,1,1,1,-1,1,-1,1,1,1,1,1,-1,-1,-1,1,-1,1,1,-1,-1,-1,1,1,1,1,-1,1,1,1,1,-1,1,-1,-1,1,-1,1,1,1,-1,-1,-1,1,1,1,1,-1,-1,-1,1,1,1,1,-1,-1,-1,1,1,1,-1,-1,-1,1,1,1,1,-1,-1,1,1,1,1,1,-1,-1,-1,1,-1,1,1,-1,-1,1,1,1,1,1,-1,-1,-1,1,1,1,1,-1,-1,1,1,1,1,1,1,-1,-1,1,1,-1,1,1,-1,1,1,1,1,1,1,-1,1,1,1,1,1,1,-1,1,1,1,1,1,1,-1,-1,-1,1,1,1,1,-1,1,1,1,1,-1,1,-1,1,-1,1,1,1,-1,-1,1,1,1,1,1,-1,1,-1,-1,1,-1,1,-1,1,1,1,1,1,1,1,1,1,-1,1,-1,1,-1,1,1,-1,1,-1,1,1,-1,1,-1,1,-1,1,-1,1,1,-1,1,-1,1,1,1,1,-1,-1,1,1,-1,-1,1,-1,1,-1,-1,1,-1,1,-1,1,-1,1,-1,1,1,-1,-1,-1,1,1,-1,1,-1,1,1,1,-1,1,1,-1,-1,-1,1,-1,1,-1,1,-1,1,1,-1,1,-1,-1,-1,1,1,-1,1,-1,-1,-1,1,1,-1,-1,1,1,-1,-1,1,1,-1,1,1,-1,1,1,1,1,-1,1,-1,1,1,-1,1,-1,1,1,-1,1,1,1,1,1,-1,-1,1,-1,-1,-1,1,1,-1,1,1,1,-1,1,-1,-1,1,1,1,-1,1,-1,1,1,1,-1,-1,1,-1,1,1,1,-1,1,1,-1,-1,1,1,1,-1,1,-1,1,1,1,-1,1,1,-1,1,1,1,-1,1,-1,-1,1,1,1,-1,1,-1,-1,-1,1,1,-1,1,-1,-1,1,-1,1,-1,1,1,-1,-1,1,1,1,-1,1,-1,-1,1,1,-1,1,-1,-1,-1,-1,-1,-1,1,1,-1,-1,1,1,-1,1,-1,-1,-1,1,1,1,1,-1,-1,1,1,1,-1,1,-1,-1,-1,-1,1,1,1,1,-1,-1,1,1,1,1,-1,-1,-1,-1,-1,1,-1,1,-1,1,-1,1,1,-1,-1,-1,1,1,-1,1,-1,1,-1,-1,1,-1,1,1,-1,-1,-1,1,-1,-1,1,1,-1,-1,1,-1,1,1,-1,1,-1,1,-1,-1,1,1,-1,-1,1,-1,1,1,-1,-1,1,1,-1,1,-1,1,-1,1,-1,-1,1,-1,1,-1,1,-1,-1,1,-1,-1,-1,1,-1,-1,1,-1,1,-1,1,-1,-1,1,-1,-1,1,-1,1,-1,1,1,1,-1,1,1,-1,-1,-1,1,-1,1,-1,-1,1,-1,1,1,1,1,-1,-1,1,1,-1,1,1,-1,-1,1,1,1,-1,1,1,-1,1,1,1,1,1,-1,1,-1,-1,-1,1,-1,-1,1,-1,1,-1,1,-1,1,-1,-1,-1,1,1,-1,1,1,-1,-1,-1,1,-1,1,1,-1,1,-1,1,-1,-1,-1,-1,-1,-1,1,-1,-1,-1,-1,-1,-1,1,-1,1,1,1,1,-1,1,-1,1,1,-1,-1,-1,1,-1,-1,1,-1,1,-1,-1,1,1,1,1,-1,-1,1,1,1,1,-1,1,-1,-1,1,1,1,-1,-1,-1,1,1,1,1,-1,-1,-1,1,-1,1,-1,1,-1,-1,-1,1,1,1,-1,-1,-1,1,1,1,1,1,-1,-1,-1,1,1,1,1,-1,-1,-1,1,1,1,-1,-1,-1,1,1,1,1,1,-1,-1,-1,1,1,1,1,-1,-1,-1,1,1,-1,1,-1,-1,-1,1,1,1,1,-1,-1,1,1,1,1,-1,-1,1,1,-1,1,1,-1,-1,-1,1,1,1,1,1,-1,1,1,1,1,1,-1,-1,-1,1,-1,1,-1,-1,-1,-1,1,-1,1,1,-1,-1,-1,1,-1,1,1,-1,1,-1,1,1,1,1,-1,1,-1,1,-1,1,-1,-1,-1,-1,1,1,-1,-1,-1,-1,-1,1,-1,1,-1,-1,-1,-1,-1,-1,-1,1,-1,-1,-1,1,-1,-1,1,-1,-1,-1,-1,-1,1,1,-1,-1,-1,-1,-1,1,-1,-1,-1,1,-1,-1,1,-1,1,-1,-1,-1,-1,-1,-1,-1,1,-1,-1,-1,1,1,1,-1,-1,1,1,-1,-1,-1,-1,1,-1,-1,1,-1,1,-1,-1,-1,-1,1,-1,1,1,-1,1,-1,-1,1,1,-1,-1,-1,-1,-1,-1,1,1,-1,-1,1,-1,1,1,-1,-1,-1,1,-1,-1,1,-1,-1,1,-1,-1,1,1,1,-1,1,-1,1,1,1,-1,-1,1,-1,-1,1,1,1,-1,1,-1,-1,1,1,-1,1,1,-1,-1,1,1,-1,1,1,-1,-1,1,1,1,1,1,-1,-1,1,1,1,1,1,1,-1,-1,1,1,1,1,-1,-1,1,-1,1,1,1,1,-1,-1,1,-1,1,1,1,-1,1,1,1,1,-1,1,-1,1,1,1,1,1,1,1,-1,1,1,1,1,-1,1,-1,1,1,1,1,1,-1,1,1,1,1,-1,1,1,-1,1,1,-1,1,1,-1,-1,1,1,1,1,-1,1,-1,1,1,1,-1,-1,1,-1,1,1,1,-1,1,-1,-1,-1,1,1,-1,-1,1,-1,-1,1,1,-1,-1,1,-1,-1,-1,1,1,-1,1,-1,-1,1,1,-1,-1,-1,1,-1,-1,1,-1,1,1,-1,1,1,-1,-1,1,1,-1,-1,1,1,-1,1,1,-1,1,1,-1,-1,-1,-1,1,-1,-1,-1,-1,1,-1,-1,1,1,-1,1,1,-1,1,1,1,1,-1,1,-1,1,1,1,-1,-1,1,-1,-1,1,1,-1,-1,1,-1,1,1,1,-1,-1,1,-1,1,1,1,1,-1,1,-1,-1,1,1,1,-1,-1,1,-1,1,-1,1,-1,1,-1,-1,1,-2668.0,1,2000,445,500,False
1467,1,1,-1,-1,1,1,-1,-1,1,1,1,-1,-1,1,1,1,-1,1,1,-1,-1,-1,1,1,1,1,-1,-1,1,1,1,1,-1,-1,-1,-1,1,1,1,1,-1,-1,-1,1,1,1,1,-1,1,1,1,1,-1,1,-1,-1,1,-1,1,1,1,-1,-1,-1,1,1,1,1,-1,-1,-1,1,1,1,1,-1,-1,-1,1,1,1,-1,-1,-1,1,1,1,1,-1,-1,-1,1,1,1,1,-1,-1,1,1,-1,1,1,-1,-1,1,1,1,1,1,-1,-1,1,1,1,1,1,-1,-1,1,1,1,1,1,1,-1,-1,1,1,-1,1,1,-1,1,1,1,1,1,1,-1,-1,1,1,1,1,1,-1,1,1,1,1,1,1,-1,-1,-1,1,1,1,1,-1,1,1,1,1,-1,1,-1,1,-1,1,1,1,-1,-1,1,1,1,1,1,-1,1,-1,-1,1,-1,1,-1,1,1,1,1,1,1,1,1,1,1,1,-1,1,-1,1,1,-1,1,-1,1,1,-1,1,-1,1,-1,1,-1,1,1,-1,-1,-1,1,1,1,1,-1,-1,1,1,-1,-1,1,-1,1,-1,1,1,-1,1,-1,1,-1,1,-1,1,1,-1,-1,-1,1,1,-1,1,-1,1,1,1,-1,1,1,-1,1,-1,1,-1,1,-1,1,-1,1,1,-1,1,-1,-1,-1,1,1,-1,1,-1,-1,-1,1,1,-1,-1,1,1,-1,-1,1,1,-1,1,1,-1,1,1,1,1,-1,1,-1,1,1,-1,1,-1,1,1,-1,1,1,-1,-1,1,-1,-1,1,-1,-1,-1,1,1,-1,1,1,1,-1,1,-1,-1,1,1,1,1,1,-1,1,1,1,1,-1,1,-1,1,1,1,-1,1,1,-1,-1,1,1,1,-1,1,-1,1,1,1,-1,1,1,-1,1,1,1,-1,1,-1,-1,1,1,1,1,1,-1,-1,-1,1,1,-1,1,-1,-1,1,-1,1,-1,1,1,-1,-1,1,1,1,-1,1,-1,-1,1,1,-1,1,-1,1,-1,-1,-1,-1,1,1,-1,-1,1,1,-1,1,1,-1,-1,1,1,1,1,1,-1,1,1,1,-1,1,-1,-1,-1,-1,1,1,1,1,-1,-1,1,1,1,1,-1,-1,1,-1,-1,1,-1,-1,-1,-1,1,-1,1,1,1,-1,1,1,-1,1,-1,1,-1,-1,1,-1,1,1,1,-1,-1,1,-1,-1,1,1,-1,-1,1,-1,1,1,-1,1,-1,1,-1,-1,1,1,-1,-1,1,-1,1,1,-1,-1,1,1,-1,1,-1,1,-1,1,-1,-1,1,-1,1,-1,1,-1,-1,1,-1,-1,-1,1,-1,-1,1,-1,1,-1,1,-1,-1,1,-1,-1,1,-1,1,-1,1,1,1,-1,1,1,-1,-1,1,1,-1,1,-1,-1,1,-1,1,1,1,1,-1,-1,1,1,-1,1,1,-1,-1,1,1,1,-1,1,1,-1,1,1,1,1,-1,1,1,-1,-1,-1,1,-1,-1,-1,-1,1,-1,1,-1,1,-1,-1,-1,1,1,-1,1,1,-1,-1,-1,1,-1,1,-1,-1,1,-1,1,-1,-1,-1,-1,-1,-1,1,-1,-1,-1,-1,-1,-1,1,-1,1,1,1,1,-1,1,-1,-1,1,-1,-1,-1,1,-1,-1,-1,-1,1,-1,-1,1,1,-1,1,-1,-1,1,1,1,1,-1,1,-1,-1,1,1,1,-1,-1,-1,1,1,1,1,-1,-1,-1,1,-1,1,-1,1,-1,-1,-1,1,1,1,-1,-1,-1,-1,1,1,1,1,-1,-1,-1,1,1,1,1,-1,-1,-1,1,1,1,-1,-1,-1,-1,1,1,1,1,-1,-1,1,1,1,1,1,-1,-1,-1,1,1,-1,1,-1,-1,-1,1,1,1,1,-1,-1,1,1,1,1,-1,-1,1,1,-1,1,1,-1,-1,-1,1,1,1,1,1,-1,1,1,1,1,1,-1,-1,-1,1,-1,1,-1,-1,-1,-1,1,-1,1,1,-1,-1,-1,1,-1,1,1,-1,-1,-1,1,1,1,1,-1,-1,-1,1,-1,1,1,-1,-1,-1,1,1,-1,-1,-1,-1,-1,1,-1,1,-1,-1,-1,-1,-1,-1,-1,1,-1,-1,-1,1,-1,-1,1,-1,-1,-1,-1,-1,-1,1,-1,-1,-1,-1,-1,1,-1,-1,-1,1,-1,-1,1,-1,1,-1,-1,-1,-1,-1,-1,-1,1,-1,-1,-1,1,1,1,-1,-1,-1,1,-1,-1,-1,-1,1,-1,-1,1,1,1,-1,-1,-1,-1,1,-1,1,1,-1,1,-1,-1,1,1,-1,-1,-1,-1,-1,-1,1,1,-1,-1,1,-1,1,1,-1,-1,-1,1,-1,1,1,-1,-1,1,-1,-1,1,1,1,-1,1,-1,1,1,1,-1,-1,1,-1,-1,1,1,1,-1,1,-1,-1,1,1,-1,1,1,-1,-1,1,1,-1,1,1,-1,-1,1,1,-1,1,1,-1,-1,1,1,1,1,1,1,-1,-1,1,-1,1,1,-1,-1,1,-1,1,1,1,1,-1,-1,1,-1,1,1,1,-1,1,1,1,1,-1,1,-1,1,1,1,1,1,1,1,-1,1,1,1,1,-1,1,-1,1,1,1,1,1,-1,1,1,1,1,-1,-1,1,-1,1,1,-1,1,1,-1,-1,1,1,1,-1,1,1,-1,1,1,1,-1,-1,1,-1,1,1,1,-1,1,-1,-1,-1,1,1,-1,-1,1,-1,-1,1,1,-1,-1,1,-1,-1,1,1,1,1,-1,-1,-1,1,1,-1,-1,-1,1,-1,1,1,-1,1,1,-1,1,1,-1,-1,1,1,-1,-1,1,1,-1,1,1,-1,1,1,-1,-1,1,-1,1,-1,-1,-1,-1,1,-1,-1,1,1,-1,1,1,-1,1,1,1,1,-1,1,-1,1,1,1,1,-1,1,-1,-1,-1,1,1,-1,1,-1,1,1,1,1,-1,1,-1,1,1,1,-1,-1,1,-1,-1,1,1,-1,-1,-1,1,-1,1,1,1,-1,1,-1,-1,1,-2668.0,1,2000,445,500,False
1468,1,1,-1,-1,1,1,-1,-1,1,1,1,-1,-1,1,1,1,-1,1,-1,-1,-1,-1,1,1,1,-1,-1,-1,1,1,1,1,-1,-1,-1,-1,1,-1,1,1,-1,-1,-1,1,1,1,1,-1,1,1,1,1,-1,1,-1,-1,1,-1,1,1,1,-1,-1,-1,1,1,1,1,-1,-1,-1,1,1,1,1,-1,-1,-1,1,1,1,-1,-1,-1,1,1,1,1,-1,-1,1,1,1,1,1,-1,-1,-1,1,-1,1,1,-1,-1,1,1,1,1,1,-1,-1,-1,1,1,1,1,-1,-1,1,1,1,1,1,1,-1,-1,1,1,-1,1,1,-1,1,1,1,1,1,1,-1,1,1,1,-1,1,1,-1,1,1,1,1,1,1,-1,-1,-1,1,-1,1,1,-1,1,1,1,1,-1,1,-1,1,-1,1,1,1,-1,-1,1,1,1,1,1,-1,1,-1,-1,1,1,1,-1,1,1,1,1,-1,1,1,1,1,1,1,-1,1,-1,1,1,-1,1,-1,1,1,-1,1,-1,1,-1,1,-1,1,1,-1,1,-1,1,1,1,1,-1,-1,1,1,-1,-1,1,-1,1,1,-1,1,-1,1,-1,1,-1,1,-1,-1,1,-1,-1,1,1,1,-1,1,-1,1,1,1,-1,1,1,-1,1,-1,1,-1,1,-1,1,-1,1,1,-1,1,-1,-1,1,1,1,-1,1,-1,-1,-1,-1,1,-1,-1,1,1,-1,-1,1,1,-1,1,1,-1,1,1,1,1,-1,1,-1,1,1,-1,1,-1,1,1,-1,1,1,1,1,1,-1,-1,1,-1,-1,1,1,1,-1,1,1,1,-1,1,-1,-1,1,1,1,-1,1,-1,1,1,1,-1,-1,1,-1,-1,1,1,-1,1,1,-1,1,-1,1,1,-1,1,-1,1,1,1,-1,1,1,-1,1,1,1,-1,1,-1,-1,1,1,1,-1,1,-1,-1,1,1,1,-1,1,-1,-1,-1,-1,1,-1,1,1,-1,1,1,1,1,1,1,-1,-1,-1,1,-1,1,-1,-1,1,-1,-1,-1,1,1,-1,1,-1,1,-1,1,-1,1,-1,1,1,1,1,-1,1,-1,1,1,-1,1,-1,-1,-1,-1,1,1,1,1,-1,-1,1,1,1,1,-1,-1,1,-1,-1,1,-1,1,-1,1,-1,1,1,1,-1,-1,1,1,-1,1,-1,1,-1,-1,1,-1,1,1,-1,-1,-1,1,-1,-1,1,1,-1,-1,-1,-1,1,1,-1,1,-1,1,-1,-1,1,1,-1,1,1,-1,1,1,-1,-1,1,1,-1,1,-1,1,-1,1,-1,-1,1,-1,1,-1,1,-1,-1,1,-1,-1,-1,1,-1,-1,1,-1,1,-1,1,-1,-1,1,-1,-1,1,-1,1,-1,1,-1,1,-1,1,1,-1,-1,-1,1,-1,1,-1,-1,1,-1,1,1,-1,1,-1,-1,1,1,-1,-1,1,1,-1,1,1,1,1,1,1,-1,1,1,1,-1,1,1,1,-1,-1,-1,1,-1,1,1,-1,1,-1,1,-1,1,-1,-1,-1,1,1,-1,1,1,-1,-1,-1,1,-1,1,1,-1,1,-1,1,-1,-1,-1,-1,-1,-1,1,-1,-1,-1,-1,-1,-1,1,-1,1,1,1,1,-1,1,-1,1,1,-1,-1,-1,1,-1,-1,1,-1,1,-1,-1,1,1,1,1,-1,-1,1,1,1,1,-1,1,-1,-1,1,1,1,-1,-1,-1,1,1,1,1,-1,-1,-1,1,-1,1,-1,1,-1,-1,-1,1,1,1,-1,-1,-1,-1,1,1,1,1,-1,-1,-1,1,1,1,1,-1,-1,-1,1,-1,1,-1,-1,-1,-1,1,1,1,1,-1,1,-1,1,-1,1,-1,-1,-1,-1,1,1,-1,1,-1,-1,-1,1,1,1,1,-1,-1,1,-1,1,-1,1,-1,1,1,-1,1,1,-1,-1,-1,1,1,-1,1,1,-1,1,-1,1,-1,1,1,-1,-1,1,-1,1,-1,1,-1,1,-1,1,-1,1,-1,-1,-1,-1,1,-1,1,-1,1,-1,1,1,-1,-1,1,1,1,-1,-1,-1,1,-1,-1,-1,1,1,1,-1,-1,-1,-1,1,-1,-1,1,-1,-1,-1,-1,-1,-1,1,-1,-1,-1,1,-1,-1,1,-1,-1,-1,-1,-1,1,1,-1,-1,-1,-1,-1,1,-1,-1,-1,1,-1,-1,1,-1,1,-1,-1,-1,-1,-1,-1,-1,1,-1,-1,-1,1,1,-1,-1,-1,1,-1,1,-1,-1,-1,1,-1,-1,1,-1,1,-1,-1,-1,-1,1,-1,1,1,-1,1,-1,-1,1,1,-1,-1,-1,-1,-1,-1,1,1,-1,-1,1,-1,1,1,-1,-1,-1,1,-1,1,1,-1,-1,1,-1,-1,1,1,1,-1,1,-1,1,1,1,-1,-1,1,-1,-1,1,1,1,-1,1,-1,-1,1,1,-1,1,1,-1,-1,1,1,-1,1,1,-1,-1,1,1,-1,1,1,-1,-1,1,1,1,1,-1,1,-1,-1,1,1,1,1,-1,-1,1,-1,1,1,1,1,-1,-1,1,-1,1,1,1,-1,1,1,1,1,-1,1,-1,1,1,1,1,1,1,1,-1,1,1,1,1,-1,1,-1,1,1,1,1,1,-1,1,1,1,1,-1,1,1,-1,1,1,-1,1,1,-1,-1,1,1,1,1,-1,1,-1,1,1,1,-1,-1,1,-1,1,1,1,-1,1,-1,-1,-1,1,1,-1,-1,1,-1,-1,1,1,-1,-1,1,-1,-1,1,1,1,-1,1,-1,-1,1,1,-1,-1,-1,1,-1,1,1,-1,1,1,-1,1,1,-1,-1,1,-1,-1,-1,1,1,-1,1,1,-1,1,1,-1,-1,-1,-1,1,-1,-1,-1,-1,1,-1,-1,1,1,-1,1,1,-1,1,1,1,1,-1,1,-1,1,1,1,-1,-1,1,-1,-1,1,1,-1,-1,1,-1,1,1,1,-1,-1,1,-1,1,1,1,1,-1,1,-1,-1,1,1,1,-1,-1,1,-1,1,1,1,-1,1,-1,-1,1,-2668.0,1,2000,445,500,False
1469,1,1,-1,-1,1,1,-1,-1,1,1,1,-1,1,1,1,1,-1,1,-1,-1,-1,1,1,1,1,-1,-1,-1,1,1,1,1,-1,-1,-1,-1,1,-1,1,1,-1,-1,-1,1,1,1,1,-1,1,1,1,1,-1,1,-1,-1,1,-1,1,1,1,-1,-1,1,1,1,1,1,-1,-1,1,1,1,1,1,-1,-1,-1,1,1,1,-1,-1,-1,1,1,1,1,-1,-1,1,1,1,1,1,-1,-1,-1,1,-1,1,1,-1,-1,1,1,1,1,1,-1,-1,-1,1,1,1,1,-1,-1,1,1,1,1,1,1,-1,-1,1,1,-1,1,1,-1,1,1,1,1,1,1,-1,1,1,1,1,1,1,-1,1,1,1,1,1,1,-1,-1,-1,1,1,1,1,-1,1,-1,1,1,-1,1,-1,1,-1,1,1,1,-1,-1,1,1,1,1,1,-1,1,-1,-1,1,-1,1,-1,1,1,1,1,1,1,1,1,1,-1,1,-1,1,-1,1,1,-1,1,-1,1,1,-1,1,-1,1,-1,1,-1,1,1,-1,1,-1,1,1,1,1,-1,-1,1,1,-1,-1,1,-1,1,-1,-1,1,-1,1,-1,1,-1,1,-1,1,1,-1,-1,-1,1,1,-1,1,-1,1,1,1,-1,1,1,-1,1,-1,1,-1,1,-1,1,-1,1,1,-1,1,-1,-1,-1,1,1,-1,1,-1,-1,-1,1,1,-1,-1,1,1,-1,-1,1,1,-1,1,1,-1,1,1,1,1,-1,1,-1,1,1,-1,1,-1,1,1,1,1,1,1,1,1,-1,-1,1,-1,-1,-1,1,1,-1,1,1,1,-1,1,1,1,1,1,1,-1,1,-1,1,1,1,-1,-1,1,-1,1,1,1,-1,1,1,-1,-1,1,1,1,-1,1,-1,1,1,1,-1,1,1,-1,1,1,1,-1,1,1,-1,1,1,1,-1,1,1,-1,-1,1,1,-1,1,1,-1,1,-1,1,-1,1,1,1,-1,1,1,1,-1,1,1,-1,1,1,-1,1,1,1,-1,-1,-1,-1,1,1,1,-1,1,1,-1,1,1,-1,-1,1,1,1,1,1,-1,1,1,1,-1,1,1,1,1,-1,1,1,1,-1,1,-1,1,1,1,1,1,1,-1,-1,-1,1,-1,-1,1,-1,1,-1,1,1,1,1,1,-1,-1,1,-1,-1,1,-1,1,-1,1,1,1,1,1,1,-1,-1,1,-1,1,1,-1,-1,1,1,1,-1,1,-1,-1,-1,1,-1,1,1,-1,-1,1,1,1,1,-1,1,-1,1,-1,-1,1,-1,-1,1,1,-1,1,1,-1,-1,-1,1,-1,1,1,1,-1,-1,1,1,-1,1,-1,-1,-1,1,-1,1,1,1,-1,-1,1,1,-1,1,-1,-1,-1,1,-1,-1,1,-1,-1,-1,1,-1,-1,1,-1,-1,-1,-1,1,-1,1,-1,-1,-1,1,1,-1,-1,1,1,1,-1,1,-1,1,-1,1,-1,1,-1,-1,1,1,-1,-1,-1,1,-1,1,1,-1,1,1,1,-1,1,1,-1,-1,-1,1,-1,-1,1,-1,-1,1,1,-1,-1,1,-1,-1,1,1,1,-1,1,-1,-1,1,1,-1,-1,1,-1,-1,-1,1,1,-1,1,1,-1,-1,1,-1,-1,1,-1,1,-1,1,1,-1,-1,1,-1,-1,-1,-1,-1,1,1,1,-1,-1,1,-1,-1,1,-1,-1,1,-1,-1,1,1,-1,-1,1,-1,-1,1,1,-1,1,-1,1,-1,-1,1,1,-1,-1,-1,-1,-1,1,-1,-1,1,-1,-1,-1,1,1,-1,-1,-1,-1,-1,1,-1,-1,-1,-1,-1,1,1,1,-1,-1,-1,-1,-1,1,1,-1,-1,-1,-1,-1,1,1,1,-1,-1,-1,-1,1,1,-1,-1,-1,-1,1,1,1,1,1,-1,1,1,1,1,1,1,-1,-1,1,1,1,-1,1,-1,1,1,1,1,-1,1,-1,-1,1,-1,1,-1,1,-1,-1,1,-1,1,1,1,-1,-1,1,-1,1,-1,1,1,-1,1,-1,1,1,1,1,-1,1,-1,1,1,1,-1,-1,1,1,-1,1,1,-1,-1,1,-1,1,-1,1,-1,-1,-1,-1,-1,1,1,-1,-1,1,-1,-1,1,1,-1,-1,-1,-1,1,-1,1,-1,-1,-1,-1,-1,1,-1,-1,1,-1,-1,1,-1,1,-1,-1,-1,-1,-1,1,1,1,-1,-1,-1,1,1,1,-1,-1,1,1,-1,-1,1,-1,1,-1,-1,1,1,1,-1,-1,-1,-1,1,-1,1,1,-1,1,-1,-1,1,1,-1,-1,-1,-1,-1,-1,1,1,-1,-1,1,-1,1,1,-1,-1,-1,1,-1,1,1,-1,-1,1,-1,-1,1,1,1,-1,1,-1,1,1,1,-1,-1,1,-1,-1,1,1,1,-1,1,-1,-1,1,1,-1,1,1,-1,-1,1,1,-1,1,1,-1,-1,1,1,-1,1,1,-1,-1,1,1,1,1,1,1,-1,-1,1,1,1,1,-1,-1,1,-1,1,1,1,1,-1,-1,1,-1,1,1,1,-1,1,-1,1,1,-1,1,-1,1,1,1,1,1,1,1,-1,-1,1,1,1,-1,1,-1,1,1,1,1,1,-1,1,-1,1,1,-1,1,1,-1,-1,1,-1,1,1,-1,-1,1,1,1,1,-1,1,-1,-1,1,1,-1,-1,1,-1,1,1,1,-1,1,-1,-1,-1,1,1,-1,-1,1,-1,-1,1,1,1,-1,1,-1,-1,1,1,1,-1,1,-1,-1,1,1,-1,-1,-1,1,-1,1,1,-1,1,1,-1,1,1,-1,-1,1,1,-1,-1,1,1,-1,1,1,-1,1,1,-1,-1,-1,-1,1,-1,-1,-1,-1,1,-1,-1,1,1,-1,1,1,-1,1,1,1,1,-1,1,-1,1,1,1,-1,-1,1,-1,-1,1,1,-1,-1,1,-1,1,1,1,-1,-1,1,-1,1,1,1,1,-1,1,-1,-1,1,1,1,-1,-1,1,-1,1,-1,1,-1,1,-1,-1,1,-2668.0,1,2000,445,500,False
1470,1,1,-1,-1,1,1,-1,-1,1,1,1,-1,-1,1,1,1,-1,1,1,-1,-1,-1,1,1,1,1,-1,-1,1,1,1,1,-1,-1,-1,-1,1,-1,1,1,-1,-1,-1,1,1,1,1,-1,1,1,1,1,-1,1,-1,-1,1,-1,1,1,1,-1,-1,-1,1,1,1,1,-1,-1,-1,1,1,1,1,-1,-1,-1,1,1,1,-1,-1,-1,1,1,1,1,-1,-1,-1,1,1,1,1,-1,-1,1,1,-1,1,1,-1,-1,1,1,1,1,1,-1,-1,1,1,1,1,1,-1,-1,1,1,1,1,1,1,-1,-1,1,1,-1,1,1,-1,1,1,1,1,1,1,-1,-1,1,1,1,1,1,-1,1,1,1,1,1,1,-1,-1,-1,1,1,1,1,-1,1,1,1,1,-1,1,-1,1,-1,1,1,1,-1,-1,1,1,1,1,1,-1,1,-1,-1,1,-1,1,-1,1,1,1,1,1,1,1,1,1,-1,1,-1,1,-1,1,1,-1,1,-1,1,1,-1,1,-1,1,-1,1,-1,1,1,-1,1,-1,1,1,1,1,-1,-1,1,1,-1,-1,1,-1,1,-1,-1,1,-1,1,-1,1,-1,1,-1,-1,1,-1,-1,-1,1,1,-1,1,-1,1,1,1,-1,1,1,-1,1,-1,1,-1,1,-1,1,-1,1,1,-1,1,-1,-1,-1,1,1,-1,1,-1,-1,-1,1,1,-1,-1,1,1,-1,-1,1,1,-1,1,1,-1,1,1,1,1,-1,1,-1,1,1,-1,1,-1,1,1,1,1,1,1,1,1,-1,-1,1,-1,-1,1,1,1,-1,1,1,1,-1,1,1,1,1,1,1,-1,1,-1,1,1,1,-1,-1,1,-1,1,1,1,-1,1,1,-1,-1,1,1,1,-1,1,-1,1,1,1,-1,1,1,-1,1,1,1,-1,1,1,-1,1,1,1,-1,1,1,-1,-1,1,1,-1,1,1,-1,1,-1,1,-1,1,1,1,-1,1,1,1,1,1,1,-1,1,1,-1,1,1,1,-1,-1,-1,-1,1,1,1,-1,1,1,-1,1,1,-1,-1,1,1,1,1,1,-1,1,1,1,-1,1,1,1,-1,-1,1,1,1,-1,1,-1,1,-1,1,1,1,1,-1,-1,-1,1,-1,-1,1,1,-1,1,1,1,1,1,1,1,-1,1,-1,-1,1,-1,1,-1,1,1,-1,1,1,1,-1,-1,1,-1,1,1,1,-1,1,1,1,-1,1,1,-1,-1,1,-1,1,1,1,-1,1,1,1,1,1,1,-1,1,-1,1,1,1,-1,1,1,-1,1,1,1,-1,-1,1,-1,1,1,1,-1,-1,1,-1,-1,1,1,-1,-1,1,-1,1,1,1,1,-1,1,1,-1,1,1,1,-1,-1,-1,-1,1,1,-1,-1,1,-1,-1,1,-1,1,-1,-1,1,-1,1,-1,1,-1,-1,1,-1,-1,1,1,1,-1,1,-1,1,-1,-1,-1,1,-1,-1,-1,1,-1,-1,1,1,1,-1,1,-1,1,1,1,-1,1,1,-1,1,-1,1,-1,-1,1,-1,-1,1,1,1,-1,1,-1,-1,1,1,-1,-1,1,-1,-1,1,1,-1,-1,1,-1,-1,-1,1,1,-1,1,-1,-1,-1,1,-1,-1,1,-1,1,-1,1,1,-1,-1,1,-1,-1,-1,-1,-1,1,1,1,-1,-1,1,-1,-1,1,-1,-1,1,-1,-1,1,1,-1,-1,1,-1,-1,1,1,-1,1,-1,-1,-1,-1,1,1,-1,-1,-1,-1,-1,1,-1,-1,1,-1,-1,-1,1,1,-1,-1,-1,-1,-1,1,-1,-1,-1,-1,-1,1,1,1,-1,-1,-1,-1,-1,1,1,-1,-1,-1,-1,-1,1,1,1,-1,-1,-1,-1,1,1,-1,-1,-1,-1,1,1,1,1,-1,-1,1,1,1,1,1,-1,-1,-1,1,1,1,-1,1,-1,1,1,1,1,-1,1,-1,-1,1,-1,1,-1,1,-1,-1,1,-1,1,-1,-1,-1,-1,1,-1,1,-1,1,1,-1,1,-1,1,-1,1,1,-1,1,-1,1,-1,-1,-1,-1,1,1,-1,-1,-1,-1,-1,1,-1,1,-1,-1,-1,-1,-1,-1,-1,1,-1,-1,-1,1,-1,-1,1,-1,-1,-1,-1,-1,-1,1,-1,-1,-1,-1,-1,1,-1,-1,-1,1,-1,-1,1,-1,1,-1,-1,-1,-1,-1,-1,-1,1,-1,-1,-1,1,1,-1,-1,-1,1,-1,-1,-1,-1,-1,1,-1,-1,1,1,1,-1,-1,-1,-1,1,-1,1,1,-1,1,-1,-1,1,1,-1,-1,-1,-1,-1,-1,1,1,-1,-1,1,-1,1,1,-1,-1,-1,1,-1,1,1,-1,-1,1,-1,-1,1,1,1,-1,1,-1,1,1,1,-1,-1,1,-1,-1,1,1,1,-1,1,-1,-1,1,1,-1,1,1,-1,-1,1,1,-1,1,1,-1,-1,1,1,-1,1,1,-1,-1,1,1,1,1,-1,1,-1,1,1,-1,1,1,-1,-1,1,-1,1,1,1,1,-1,-1,1,-1,1,1,1,-1,1,1,1,1,-1,1,-1,1,1,1,1,1,1,1,-1,-1,1,1,1,-1,1,-1,1,1,1,1,1,-1,1,1,1,1,-1,1,1,-1,1,1,-1,1,1,-1,-1,1,1,1,1,-1,1,-1,1,1,1,-1,-1,1,-1,1,1,1,-1,1,-1,-1,-1,1,1,-1,-1,1,-1,-1,1,1,-1,-1,1,-1,-1,1,1,1,-1,1,-1,-1,1,1,-1,-1,-1,1,-1,1,1,-1,1,1,-1,1,1,-1,-1,1,-1,-1,-1,1,1,-1,1,1,-1,1,1,-1,-1,-1,-1,1,-1,-1,-1,-1,1,-1,-1,1,1,-1,1,1,-1,1,1,1,1,-1,1,-1,1,1,1,1,-1,1,-1,-1,1,1,1,-1,1,-1,1,1,1,1,-1,1,-1,1,1,1,-1,-1,1,-1,-1,1,1,-1,-1,-1,1,-1,1,-1,1,-1,1,-1,-1,1,-2668.0,1,2000,445,500,False
1471,1,1,-1,-1,1,1,-1,-1,1,1,1,-1,1,1,1,1,-1,1,-1,-1,-1,-1,1,1,1,-1,1,-1,1,1,1,1,1,-1,-1,-1,1,-1,1,1,-1,-1,-1,1,1,1,1,-1,1,1,1,1,-1,1,-1,-1,1,-1,1,1,1,-1,-1,-1,1,1,1,1,-1,-1,-1,1,1,1,1,-1,-1,-1,1,1,1,-1,-1,-1,1,1,1,1,-1,-1,1,1,1,1,1,-1,-1,-1,1,-1,1,1,-1,-1,1,1,1,1,1,-1,-1,-1,1,1,1,1,-1,-1,1,1,1,1,1,1,-1,-1,1,1,-1,1,1,-1,1,1,1,1,1,1,-1,1,1,1,1,1,1,-1,1,1,1,1,1,1,-1,-1,-1,1,1,1,1,-1,1,1,1,1,-1,1,-1,1,-1,1,1,1,-1,-1,1,1,1,1,1,-1,1,-1,-1,1,1,1,-1,1,1,1,1,-1,1,1,1,1,1,1,-1,1,-1,1,1,-1,1,-1,1,1,-1,1,-1,1,-1,1,-1,1,1,-1,-1,-1,1,1,1,1,-1,-1,1,1,-1,-1,1,-1,1,1,-1,1,-1,1,-1,1,-1,1,-1,1,1,-1,-1,1,-1,1,-1,1,-1,1,1,1,-1,1,1,-1,1,-1,1,-1,1,-1,1,-1,1,1,-1,1,-1,-1,1,-1,1,-1,1,-1,-1,-1,1,1,-1,-1,1,1,-1,1,1,1,-1,1,1,-1,1,1,1,1,-1,1,-1,1,1,-1,1,-1,1,1,1,-1,1,1,1,1,-1,-1,1,-1,-1,-1,1,1,-1,1,1,1,-1,1,-1,-1,1,1,1,1,1,-1,1,1,1,-1,1,1,-1,1,1,1,-1,1,1,-1,-1,1,1,1,-1,1,-1,1,1,1,-1,1,1,-1,1,1,1,-1,1,-1,-1,1,1,1,-1,1,-1,-1,-1,1,1,-1,1,-1,-1,1,-1,1,-1,1,1,-1,-1,1,1,1,-1,1,-1,-1,1,1,-1,1,-1,1,-1,-1,-1,-1,1,1,-1,-1,1,1,-1,1,1,-1,-1,1,1,1,1,1,-1,1,1,1,-1,1,-1,-1,-1,-1,1,1,1,1,-1,-1,1,-1,1,1,-1,-1,-1,-1,-1,1,-1,-1,-1,1,-1,1,1,1,1,1,1,1,-1,1,-1,1,-1,-1,1,-1,1,-1,1,1,-1,1,-1,-1,1,1,-1,-1,1,-1,1,1,1,-1,-1,1,-1,1,-1,1,-1,1,1,-1,1,-1,-1,-1,1,1,-1,1,-1,-1,-1,1,-1,1,1,-1,-1,-1,1,-1,-1,1,-1,-1,-1,1,-1,1,-1,-1,-1,-1,1,-1,-1,1,-1,-1,-1,1,1,-1,1,-1,-1,-1,1,1,-1,1,-1,1,-1,1,-1,-1,1,-1,-1,1,1,1,-1,-1,1,-1,1,-1,1,1,-1,1,-1,-1,1,1,1,-1,1,-1,1,-1,1,1,1,-1,-1,-1,1,-1,-1,-1,1,1,-1,1,-1,1,-1,1,-1,1,1,-1,1,1,1,-1,-1,1,-1,1,-1,1,1,-1,1,-1,-1,1,1,-1,-1,1,-1,-1,-1,1,-1,-1,1,-1,1,1,1,1,-1,1,-1,-1,1,1,-1,-1,1,-1,-1,-1,1,1,-1,-1,1,1,-1,-1,-1,-1,1,1,1,-1,1,1,-1,-1,1,1,-1,1,-1,-1,1,1,1,1,-1,-1,-1,1,-1,1,1,1,1,-1,-1,1,1,1,-1,-1,-1,-1,1,1,1,1,-1,-1,-1,1,1,1,-1,-1,-1,-1,1,1,1,1,-1,-1,-1,1,1,1,1,-1,-1,-1,1,1,1,1,-1,-1,-1,1,1,-1,1,-1,-1,-1,1,1,1,1,-1,-1,1,-1,1,1,1,-1,1,1,-1,1,1,-1,-1,-1,1,1,1,1,1,-1,1,-1,1,1,1,1,-1,-1,1,-1,1,-1,1,-1,-1,1,-1,1,-1,-1,-1,-1,-1,-1,1,1,-1,1,-1,1,-1,1,-1,1,1,1,-1,-1,1,-1,-1,-1,-1,1,-1,-1,-1,-1,-1,-1,1,-1,1,-1,-1,-1,-1,-1,1,-1,1,-1,-1,-1,1,-1,-1,1,-1,-1,-1,-1,1,-1,1,-1,-1,-1,-1,-1,1,-1,-1,-1,1,-1,-1,1,-1,1,-1,-1,-1,-1,-1,-1,-1,1,-1,-1,-1,1,1,-1,-1,-1,1,1,-1,-1,-1,-1,1,-1,-1,1,-1,1,-1,-1,-1,-1,1,-1,1,1,-1,1,-1,-1,1,1,-1,-1,-1,-1,-1,-1,1,1,-1,-1,1,-1,1,1,-1,-1,-1,1,-1,1,1,-1,-1,1,-1,-1,1,1,1,-1,1,-1,1,1,1,-1,-1,1,-1,-1,1,1,1,-1,1,-1,-1,1,1,-1,1,1,-1,-1,1,1,1,1,1,-1,-1,1,1,1,1,1,-1,-1,1,1,1,1,1,1,-1,1,1,1,1,1,-1,-1,1,-1,1,1,1,1,-1,-1,1,-1,1,1,1,-1,1,1,1,1,-1,1,-1,1,1,1,1,1,1,1,-1,-1,1,1,1,-1,1,-1,1,1,1,1,1,-1,1,1,1,1,-1,1,1,-1,1,1,-1,1,1,-1,-1,1,1,1,1,-1,1,-1,1,1,1,-1,-1,1,-1,1,1,1,-1,1,-1,-1,-1,1,1,-1,-1,1,-1,-1,1,1,-1,-1,1,-1,1,-1,1,1,-1,1,-1,-1,1,1,-1,-1,-1,1,1,-1,1,-1,1,1,-1,1,1,-1,-1,1,-1,-1,-1,1,1,-1,1,1,1,1,1,-1,-1,-1,-1,1,-1,-1,-1,-1,1,-1,1,1,1,-1,1,1,-1,1,1,1,1,-1,1,-1,1,1,1,-1,-1,1,-1,1,1,1,-1,-1,1,-1,1,1,1,-1,-1,1,-1,1,1,1,1,-1,1,-1,-1,1,1,1,-1,-1,1,-1,1,-1,1,-1,1,-1,-1,1,-2668.0,1,2000,445,1000,False
1472,-1,-1,1,1,1,1,-1,1,-1,-1,-1,1,-1,1,-1,-1,1,-1,1,1,1,-1,-1,-1,-1,1,-1,-1,-1,-1,-1,-1,1,1,-1,-1,1,-1,-1,-1,1,-1,-1,-1,-1,-1,-1,-1,1,1,-1,-1,1,-1,1,-1,-1,1,-1,-1,-1,1,1,1,-1,-1,-1,-1,-1,-1,-1,1,-1,-1,-1,-1,1,-1,1,-1,-1,1,1,-1,1,-1,-1,1,-1,1,-1,-1,-1,-1,-1,-1,-1,1,1,-1,-1,-1,-1,-1,1,1,1,-1,-1,-1,-1,1,1,1,-1,-1,-1,-1,1,1,1,-1,-1,-1,-1,1,1,1,-1,-1,-1,-1,1,1,1,-1,-1,-1,-1,1,1,1,-1,-1,-1,-1,-1,1,1,1,-1,-1,-1,1,-1,1,1,-1,-1,-1,1,1,1,1,-1,-1,1,1,-1,1,-1,-1,-1,-1,1,1,1,-1,-1,-1,1,-1,-1,1,-1,-1,-1,1,1,1,1,1,-1,1,1,1,-1,1,-1,-1,-1,1,1,-1,1,1,-1,-1,-1,1,-1,1,-1,-1,-1,1,1,-1,1,-1,-1,1,1,1,-1,-1,1,-1,-1,-1,1,-1,1,1,-1,1,-1,1,-1,1,1,-1,-1,1,1,-1,-1,1,1,-1,-1,1,-1,1,1,1,-1,1,1,-1,1,1,-1,-1,1,-1,1,-1,1,-1,-1,1,-1,-1,1,1,1,-1,1,-1,-1,-1,-1,1,-1,-1,1,1,-1,-1,-1,-1,-1,1,1,-1,1,-1,1,-1,-1,1,-1,1,1,-1,1,-1,1,1,-1,1,-1,-1,-1,1,-1,-1,1,-1,1,-1,1,1,-1,1,1,1,-1,1,1,-1,1,1,-1,-1,1,-1,-1,1,-1,1,-1,1,-1,-1,1,1,-1,1,1,-1,1,-1,1,-1,1,1,-1,1,1,1,1,1,1,-1,1,1,1,1,1,1,-1,1,1,1,1,1,1,-1,1,-1,1,1,1,1,-1,1,-1,1,-1,1,-1,1,1,-1,1,1,1,-1,1,-1,1,1,1,-1,1,1,1,1,-1,-1,1,-1,1,1,-1,1,-1,1,1,1,1,-1,1,1,1,1,-1,1,-1,1,-1,1,1,1,1,-1,1,1,1,-1,1,1,1,-1,1,1,1,1,1,-1,-1,1,-1,1,1,-1,1,-1,1,1,1,1,1,1,-1,1,-1,-1,1,-1,1,-1,1,1,-1,1,-1,1,-1,-1,1,-1,1,-1,1,-1,1,1,1,1,-1,1,-1,1,1,-1,1,-1,-1,-1,1,1,1,1,-1,1,-1,1,-1,1,1,-1,-1,1,1,-1,1,-1,-1,-1,-1,1,-1,1,1,-1,-1,-1,1,-1,-1,1,1,-1,-1,1,-1,1,-1,-1,-1,-1,-1,1,-1,-1,1,-1,-1,-1,1,1,-1,1,-1,-1,-1,1,-1,1,1,-1,-1,-1,1,-1,1,1,-1,1,-1,1,-1,-1,-1,1,1,-1,1,-1,1,1,1,-1,1,-1,-1,-1,1,-1,1,1,1,1,-1,1,-1,-1,1,1,-1,1,1,-1,-1,-1,1,1,-1,1,-1,-1,1,1,1,-1,1,-1,-1,1,1,1,-1,1,-1,1,1,1,1,-1,1,-1,-1,-1,1,-1,-1,1,-1,-1,-1,1,1,-1,1,-1,1,1,-1,1,-1,-1,1,-1,-1,-1,1,-1,1,1,1,-1,1,1,-1,-1,1,-1,1,-1,-1,-1,1,1,-1,-1,-1,-1,-1,1,1,-1,-1,1,1,-1,-1,1,1,-1,-1,-1,-1,-1,1,-1,-1,1,1,-1,-1,1,1,-1,-1,1,-1,-1,1,-1,-1,1,1,-1,1,1,1,-1,1,1,-1,-1,1,1,-1,1,1,-1,-1,1,1,-1,1,1,-1,-1,1,1,-1,1,1,1,-1,1,1,1,-1,1,1,1,-1,1,1,-1,1,-1,1,1,-1,1,1,1,1,-1,1,-1,1,-1,1,-1,1,-1,-1,1,-1,1,1,-1,1,-1,1,-1,1,1,-1,1,-1,1,-1,1,1,-1,1,-1,1,-1,1,1,1,-1,-1,1,1,1,1,-1,1,-1,1,1,1,1,1,-1,1,-1,-1,1,1,-1,-1,-1,-1,1,1,1,-1,-1,1,-1,1,1,1,1,1,-1,-1,1,1,1,-1,-1,-1,1,-1,1,1,1,-1,1,-1,1,1,1,1,-1,1,-1,1,1,1,1,-1,1,1,1,1,1,1,-1,1,-1,1,1,1,1,-1,-1,1,1,1,1,1,-1,1,-1,1,1,1,1,1,-1,1,1,1,1,1,1,-1,-1,1,-1,1,1,1,-1,1,1,1,1,1,1,-1,1,1,1,1,1,1,-1,1,1,-1,1,1,-1,1,1,1,1,1,1,-1,-1,1,1,1,1,1,-1,-1,1,1,1,1,1,1,-1,1,1,1,1,1,1,-1,1,1,1,1,1,1,-1,1,1,-1,1,1,1,-1,1,1,-1,1,1,1,-1,1,-1,1,1,1,1,-1,-1,1,-1,1,1,1,-1,1,1,-1,1,-1,1,-1,1,1,-1,1,1,1,-1,-1,1,1,1,1,-1,1,-1,1,1,1,1,-1,1,-1,1,1,1,-1,-1,1,-1,1,1,-1,1,-1,-1,-1,1,-1,1,-1,1,-1,-1,1,-1,1,-1,-1,-1,-1,1,-1,1,-1,1,-1,-1,-1,1,1,-1,1,-1,-1,1,-1,1,-1,1,-1,1,-1,-1,1,1,1,1,-1,-1,1,-1,-1,-1,1,1,-1,1,-1,-1,1,-1,-1,1,1,-1,-1,1,-1,-1,-1,-1,1,-1,1,1,-1,1,-1,1,-1,-1,-1,1,-1,-1,-1,-1,1,-1,-1,1,1,-1,1,1,-1,1,1,-1,-1,-1,1,-1,1,1,1,1,-1,1,-1,-1,-1,1,-1,-1,1,-1,1,1,1,1,-1,1,-1,1,1,-1,-1,-1,1,-1,-1,1,1,-1,-1,-1,1,-1,1,-1,1,-1,1,-1,-1,1,-2668.0,1,2000,445,1500,True
1473,1,-1,1,1,1,-1,-1,-1,-1,-1,-1,-1,1,1,-1,-1,1,-1,1,-1,-1,1,-1,-1,-1,1,-1,-1,1,-1,-1,-1,1,-1,-1,-1,1,-1,-1,1,-1,-1,1,-1,-1,-1,-1,-1,1,1,1,-1,1,1,-1,-1,1,-1,1,-1,1,-1,-1,1,1,1,-1,-1,-1,-1,1,1,1,1,1,-1,-1,-1,1,-1,1,-1,-1,-1,1,1,1,1,-1,1,-1,1,-1,1,1,-1,-1,1,1,1,1,1,-1,-1,1,1,1,1,1,-1,-1,1,1,1,1,1,-1,-1,1,1,1,1,1,1,-1,1,1,1,1,1,1,-1,1,1,1,1,1,1,-1,-1,1,1,1,1,1,-1,1,1,1,1,1,1,-1,-1,-1,1,1,1,1,-1,1,-1,1,1,-1,1,-1,1,-1,1,1,1,-1,-1,1,1,1,1,1,-1,1,-1,-1,1,1,1,-1,1,1,1,1,-1,1,1,1,1,-1,1,-1,1,-1,1,1,-1,1,-1,1,1,-1,1,-1,1,-1,1,-1,1,1,-1,-1,-1,1,1,1,1,-1,-1,1,1,-1,-1,1,-1,1,1,-1,1,-1,1,-1,1,-1,1,-1,1,1,-1,-1,1,1,1,-1,1,-1,1,1,1,-1,1,1,-1,1,-1,1,-1,1,-1,1,-1,1,1,-1,1,-1,-1,1,1,1,-1,1,-1,1,-1,-1,1,-1,-1,1,1,-1,-1,1,1,-1,1,1,-1,1,1,1,-1,-1,1,-1,1,1,-1,1,-1,1,1,-1,1,1,-1,-1,1,-1,-1,1,-1,1,-1,-1,1,-1,1,1,1,-1,1,-1,-1,1,1,-1,-1,1,-1,-1,1,1,1,-1,1,-1,-1,1,1,-1,1,1,-1,1,-1,1,-1,1,1,-1,1,1,1,1,1,1,-1,1,1,1,1,1,-1,-1,1,1,1,1,1,-1,-1,1,-1,1,1,1,-1,-1,1,-1,1,-1,1,1,-1,1,-1,1,1,1,1,-1,-1,1,1,1,-1,-1,-1,1,1,-1,-1,1,1,-1,1,-1,1,-1,1,-1,1,1,-1,1,1,1,-1,1,1,-1,1,-1,1,-1,-1,1,-1,1,1,1,1,-1,1,1,-1,1,1,-1,-1,1,-1,-1,1,-1,1,-1,-1,1,-1,1,1,-1,-1,-1,1,-1,1,-1,1,-1,1,-1,-1,1,-1,-1,-1,-1,1,-1,-1,1,1,-1,-1,1,-1,1,1,-1,1,-1,1,-1,1,-1,1,-1,-1,-1,-1,-1,-1,-1,-1,-1,1,-1,1,-1,1,-1,-1,-1,1,1,-1,1,-1,-1,-1,-1,1,-1,-1,-1,-1,-1,1,-1,-1,1,-1,-1,-1,-1,1,-1,-1,1,-1,-1,-1,-1,-1,1,-1,-1,-1,-1,-1,-1,1,-1,1,-1,-1,1,-1,1,1,1,-1,-1,-1,1,1,-1,1,-1,-1,-1,1,1,1,-1,1,1,-1,1,1,1,1,1,-1,1,-1,-1,1,-1,1,-1,1,-1,-1,1,1,-1,1,-1,-1,-1,1,1,-1,1,1,-1,1,-1,1,-1,1,1,-1,-1,-1,1,-1,-1,-1,-1,1,-1,1,-1,-1,-1,-1,-1,-1,1,-1,1,1,1,1,-1,1,-1,1,1,-1,-1,-1,1,-1,-1,1,-1,1,-1,-1,1,1,1,1,-1,-1,1,1,1,1,-1,1,-1,-1,1,1,1,-1,-1,-1,1,1,1,1,-1,-1,-1,1,-1,1,-1,1,1,-1,-1,1,1,1,-1,-1,-1,-1,1,1,1,1,-1,-1,-1,1,1,1,1,1,-1,-1,1,-1,1,-1,1,-1,-1,1,1,1,1,1,-1,-1,1,-1,1,1,1,-1,-1,1,1,-1,1,1,-1,-1,1,1,1,1,1,-1,1,-1,1,-1,1,1,-1,1,-1,1,1,1,1,-1,1,1,-1,1,-1,-1,1,-1,1,-1,1,-1,-1,-1,1,-1,-1,1,-1,-1,1,-1,1,-1,1,1,1,-1,-1,1,-1,1,1,1,-1,1,1,-1,1,-1,-1,-1,-1,-1,-1,1,1,1,-1,1,1,-1,1,1,1,-1,1,-1,1,-1,1,1,-1,-1,-1,-1,-1,1,1,-1,1,-1,1,-1,1,1,-1,-1,-1,-1,-1,1,-1,-1,-1,-1,-1,1,-1,-1,1,-1,-1,1,-1,1,1,-1,-1,-1,1,-1,1,1,-1,-1,-1,1,1,1,1,-1,1,-1,1,-1,1,-1,1,-1,-1,-1,1,1,1,-1,-1,-1,1,-1,1,1,-1,1,-1,-1,1,1,1,-1,-1,-1,-1,-1,1,-1,-1,-1,1,-1,1,1,-1,-1,-1,1,-1,1,1,1,-1,1,-1,-1,1,1,1,-1,1,-1,1,1,1,-1,-1,1,-1,-1,1,1,1,-1,1,-1,-1,1,1,1,1,1,-1,-1,1,1,-1,1,1,-1,-1,1,1,1,1,1,-1,-1,1,1,1,1,1,1,-1,1,1,-1,1,1,-1,-1,1,-1,1,1,1,1,-1,-1,1,-1,1,1,1,-1,1,1,1,1,-1,1,-1,1,1,1,1,1,1,-1,-1,1,1,1,1,-1,1,-1,1,1,1,1,-1,1,-1,1,1,1,-1,-1,1,-1,1,1,-1,1,-1,-1,-1,1,1,1,-1,1,-1,-1,1,1,1,-1,-1,-1,-1,1,1,1,-1,1,-1,-1,-1,1,1,-1,1,-1,-1,-1,1,1,-1,1,-1,-1,1,1,1,1,1,1,-1,-1,1,1,-1,-1,1,1,1,-1,1,-1,1,-1,-1,1,1,-1,-1,1,-1,-1,-1,-1,1,-1,1,-1,1,1,1,-1,-1,-1,-1,-1,-1,-1,-1,-1,1,-1,1,1,1,-1,1,1,-1,1,1,1,1,-1,1,-1,1,1,1,1,-1,1,-1,1,1,1,1,-1,1,-1,1,1,1,1,-1,1,-1,1,1,1,-1,-1,1,-1,-1,1,1,-1,-1,-1,1,-1,1,-1,1,-1,1,-1,-1,1,-2668.0,1,2000,445,1500,True
1474,-1,-1,1,1,1,1,-1,1,-1,-1,-1,1,-1,1,-1,-1,1,-1,1,1,1,-1,-1,-1,-1,1,-1,-1,-1,-1,-1,-1,1,1,-1,-1,1,-1,-1,-1,1,-1,-1,-1,-1,-1,-1,-1,1,1,-1,-1,1,-1,1,-1,-1,1,-1,-1,-1,1,1,1,-1,-1,-1,-1,-1,-1,-1,1,-1,-1,-1,-1,1,-1,1,-1,-1,1,1,-1,1,-1,-1,-1,-1,1,-1,-1,-1,-1,-1,-1,-1,1,1,1,-1,-1,-1,-1,1,1,-1,-1,-1,-1,-1,1,1,1,-1,-1,-1,-1,1,1,-1,-1,-1,-1,-1,1,1,-1,1,-1,-1,-1,1,1,-1,1,-1,-1,-1,1,1,-1,1,-1,-1,-1,-1,1,1,-1,-1,-1,-1,1,-1,1,-1,1,-1,-1,1,1,1,1,-1,-1,-1,1,-1,1,-1,-1,-1,-1,1,1,-1,1,-1,-1,1,-1,-1,1,-1,-1,-1,1,1,1,1,1,-1,-1,1,1,-1,1,1,-1,1,-1,1,-1,1,1,-1,-1,-1,1,-1,1,1,-1,-1,1,1,-1,1,1,-1,1,1,1,-1,-1,1,1,-1,-1,1,-1,1,1,-1,1,-1,1,-1,1,1,-1,1,1,1,-1,-1,1,-1,-1,1,1,-1,1,-1,1,1,1,1,-1,1,1,-1,1,1,-1,1,-1,-1,-1,1,1,-1,-1,1,-1,-1,1,1,-1,-1,-1,1,-1,1,-1,1,1,-1,1,-1,1,1,1,1,-1,-1,-1,-1,1,-1,1,-1,-1,-1,1,1,-1,1,1,-1,-1,-1,1,1,1,-1,-1,-1,1,1,-1,1,1,-1,-1,1,1,-1,1,-1,1,-1,1,1,1,1,-1,-1,-1,1,-1,-1,1,-1,-1,1,-1,-1,1,1,-1,1,1,1,1,-1,1,-1,1,1,1,-1,1,1,-1,-1,1,1,-1,1,-1,-1,-1,1,1,-1,1,-1,-1,1,-1,1,-1,1,-1,-1,1,-1,1,-1,1,1,-1,1,-1,1,1,1,1,-1,-1,1,1,-1,1,-1,-1,1,1,-1,-1,1,1,-1,1,-1,1,-1,1,-1,1,1,-1,1,1,1,-1,1,1,-1,1,-1,1,-1,-1,1,-1,1,1,1,1,-1,1,1,1,1,1,-1,-1,1,-1,-1,1,-1,1,-1,-1,1,-1,1,1,-1,-1,-1,1,-1,1,-1,1,-1,-1,1,-1,1,1,-1,-1,-1,1,-1,-1,1,1,-1,-1,1,-1,1,1,-1,1,-1,1,-1,-1,1,1,-1,-1,-1,-1,1,1,-1,1,-1,1,-1,1,-1,1,-1,-1,1,-1,1,-1,1,-1,-1,-1,-1,1,-1,-1,-1,-1,-1,-1,1,-1,1,-1,1,-1,-1,1,-1,-1,1,-1,-1,-1,1,1,1,-1,1,-1,-1,-1,1,1,-1,1,-1,-1,1,-1,1,1,1,-1,-1,-1,1,1,-1,1,-1,1,-1,1,1,1,-1,1,1,-1,1,1,1,1,1,1,1,-1,-1,-1,1,-1,-1,1,-1,1,-1,1,-1,1,-1,-1,-1,1,1,-1,1,1,-1,1,-1,1,-1,1,1,-1,1,-1,1,-1,-1,-1,-1,1,-1,1,-1,-1,-1,-1,1,-1,1,-1,1,1,1,-1,-1,1,-1,1,1,-1,1,-1,1,-1,-1,1,-1,1,-1,-1,1,1,1,1,1,-1,1,1,1,1,-1,1,-1,-1,1,1,1,-1,-1,-1,1,1,1,1,-1,-1,-1,1,-1,1,-1,1,1,-1,-1,1,1,1,-1,1,-1,-1,1,1,1,1,1,1,-1,1,1,1,1,-1,1,-1,1,-1,1,-1,1,1,-1,1,1,1,1,1,1,-1,1,-1,1,1,1,1,-1,1,1,-1,1,1,1,-1,1,1,1,1,1,1,-1,1,1,-1,-1,1,-1,-1,1,1,1,-1,1,-1,-1,1,-1,1,1,1,-1,-1,1,-1,1,-1,1,1,-1,1,-1,1,-1,1,-1,-1,1,-1,1,-1,1,1,-1,1,-1,1,-1,1,1,-1,1,-1,1,-1,1,1,-1,1,1,1,1,1,-1,1,1,-1,1,1,1,1,-1,1,-1,1,-1,1,1,-1,1,1,-1,1,1,1,-1,1,1,-1,1,1,1,1,1,-1,-1,1,1,1,1,1,-1,1,-1,1,1,1,1,1,-1,1,1,1,1,1,1,-1,1,-1,1,1,1,1,1,1,1,1,1,1,1,-1,1,1,1,1,1,-1,1,1,1,1,1,1,1,-1,1,1,1,1,1,-1,1,1,1,1,1,1,-1,-1,1,-1,1,1,1,-1,1,1,1,1,1,-1,-1,1,1,1,1,1,1,-1,1,1,-1,1,1,-1,1,1,1,1,1,1,-1,-1,1,1,1,1,-1,1,-1,1,1,1,-1,-1,-1,-1,1,1,1,1,-1,1,-1,1,1,1,1,1,-1,-1,1,1,-1,1,1,-1,-1,-1,1,-1,1,-1,-1,-1,1,-1,1,1,1,-1,-1,-1,1,-1,1,1,-1,-1,1,1,-1,1,1,-1,1,1,1,-1,1,1,-1,1,-1,1,1,1,1,-1,1,-1,1,1,1,-1,1,-1,1,1,1,1,-1,-1,1,-1,1,1,-1,1,1,-1,-1,1,-1,1,1,-1,1,-1,1,-1,1,-1,-1,1,-1,1,-1,1,-1,1,-1,-1,-1,1,1,-1,-1,1,-1,-1,-1,1,1,-1,1,-1,-1,-1,1,1,-1,1,-1,-1,1,1,-1,-1,-1,1,-1,1,-1,-1,1,1,-1,1,1,-1,-1,1,-1,-1,-1,-1,1,-1,1,1,-1,1,-1,1,-1,1,-1,1,-1,-1,-1,-1,1,-1,-1,1,1,-1,1,1,-1,1,1,-1,-1,-1,1,-1,1,1,1,1,-1,1,-1,-1,-1,1,-1,-1,1,-1,1,1,1,1,-1,1,-1,1,1,-1,-1,-1,1,-1,-1,1,1,-1,-1,-1,1,-1,1,-1,1,-1,1,-1,-1,1,-2668.0,1,2000,445,1500,True
1475,-1,-1,1,1,1,1,-1,1,-1,-1,-1,1,-1,1,-1,-1,1,-1,1,1,1,1,-1,-1,-1,1,-1,-1,-1,-1,-1,-1,1,1,-1,1,1,-1,-1,-1,1,-1,1,-1,-1,-1,-1,-1,1,-1,-1,-1,1,-1,1,-1,-1,1,-1,-1,-1,1,1,1,-1,1,-1,-1,-1,-1,1,-1,-1,-1,-1,-1,1,1,-1,-1,-1,1,1,-1,-1,-1,-1,1,-1,1,-1,-1,-1,1,-1,-1,-1,1,-1,1,1,1,-1,-1,1,-1,-1,1,1,-1,-1,1,-1,-1,1,1,-1,-1,1,-1,-1,1,1,-1,-1,1,-1,-1,1,1,-1,-1,1,-1,-1,1,1,1,-1,1,-1,-1,1,1,-1,-1,-1,-1,-1,-1,1,1,-1,1,1,-1,1,1,1,-1,1,-1,-1,-1,1,1,-1,1,1,-1,1,1,-1,-1,1,-1,-1,1,1,-1,1,-1,1,-1,-1,1,-1,1,-1,-1,-1,1,1,1,1,1,1,-1,1,1,-1,1,1,1,-1,1,1,-1,-1,1,1,-1,1,1,-1,1,1,1,1,1,1,1,1,1,1,1,-1,1,-1,-1,1,1,-1,-1,1,1,-1,1,1,1,-1,1,-1,1,1,1,1,-1,1,-1,-1,1,1,1,1,1,-1,1,-1,1,1,-1,1,-1,1,1,1,-1,1,1,-1,1,-1,1,-1,1,1,-1,1,-1,1,-1,1,1,1,-1,1,1,1,-1,1,-1,-1,1,1,1,1,1,1,-1,-1,1,-1,1,1,-1,1,-1,1,1,1,1,-1,-1,-1,1,-1,-1,1,-1,1,-1,1,1,-1,1,1,1,-1,1,-1,-1,1,1,-1,-1,1,-1,1,1,-1,1,-1,1,-1,1,1,1,-1,1,1,-1,-1,1,1,-1,-1,1,-1,1,1,1,1,1,1,-1,1,1,1,1,1,-1,-1,1,1,1,1,1,-1,-1,-1,1,1,1,1,-1,-1,1,-1,1,-1,1,1,-1,-1,1,1,1,1,1,-1,-1,1,1,1,-1,-1,1,-1,-1,-1,-1,1,1,-1,-1,1,1,-1,1,1,-1,-1,1,1,1,1,1,-1,1,1,1,-1,1,-1,-1,-1,-1,1,1,1,1,-1,-1,1,-1,1,1,-1,-1,1,-1,-1,1,-1,-1,-1,-1,1,-1,-1,1,1,1,1,1,-1,1,-1,1,-1,-1,1,-1,1,-1,1,1,-1,1,-1,-1,1,1,-1,-1,1,-1,1,1,1,-1,-1,1,-1,1,-1,1,-1,-1,1,-1,1,-1,-1,1,1,1,-1,1,-1,-1,-1,1,-1,1,1,-1,-1,1,1,-1,-1,1,-1,-1,-1,1,-1,1,-1,1,-1,-1,1,-1,-1,1,-1,-1,-1,1,1,-1,1,-1,-1,-1,1,1,-1,1,-1,1,-1,1,-1,-1,1,-1,-1,1,1,1,-1,-1,1,-1,1,1,1,-1,-1,1,-1,-1,-1,1,1,-1,1,-1,1,1,1,-1,1,-1,1,1,-1,1,-1,-1,1,-1,1,-1,-1,1,-1,1,1,-1,-1,-1,1,1,1,1,1,-1,-1,1,-1,1,-1,1,-1,-1,-1,1,1,1,1,-1,-1,-1,-1,1,1,1,-1,-1,1,1,1,-1,1,-1,-1,-1,1,1,1,1,-1,-1,-1,-1,1,-1,1,1,-1,1,-1,1,1,1,-1,1,1,-1,1,1,1,1,-1,1,-1,1,1,1,-1,1,1,1,-1,1,1,-1,-1,1,1,1,1,1,-1,1,1,1,-1,1,1,-1,1,1,1,1,1,1,1,1,1,1,-1,1,1,-1,1,1,1,1,1,1,1,1,1,1,1,1,-1,1,1,1,1,1,1,1,1,-1,1,-1,1,1,1,1,1,1,1,1,1,1,-1,1,1,1,-1,1,-1,-1,1,1,1,-1,1,1,-1,1,1,-1,1,1,-1,1,1,1,1,-1,-1,1,-1,-1,1,-1,-1,1,-1,1,-1,1,1,1,1,-1,1,-1,1,1,-1,1,-1,1,-1,1,1,-1,1,-1,1,-1,1,1,-1,1,-1,1,1,-1,-1,-1,1,1,-1,-1,1,-1,-1,1,-1,-1,-1,-1,1,-1,1,-1,1,-1,-1,1,-1,1,1,-1,-1,1,1,-1,1,-1,-1,-1,1,-1,-1,-1,-1,-1,-1,1,-1,1,1,-1,-1,-1,-1,-1,-1,1,-1,-1,-1,1,1,-1,1,-1,-1,1,-1,-1,-1,1,-1,-1,-1,1,1,1,1,1,-1,-1,1,-1,1,1,-1,1,-1,-1,1,1,1,-1,-1,-1,-1,-1,1,-1,-1,-1,1,-1,1,1,1,1,-1,-1,-1,1,1,1,-1,1,1,-1,1,1,-1,1,-1,-1,1,1,1,1,-1,1,-1,-1,1,1,1,-1,-1,-1,-1,1,1,1,1,1,1,-1,1,1,1,1,1,1,-1,1,1,1,1,1,1,-1,1,1,-1,1,1,-1,-1,1,1,-1,1,1,1,-1,1,-1,-1,1,1,1,-1,-1,1,-1,1,1,1,-1,1,1,-1,1,-1,1,-1,1,1,-1,1,1,1,-1,-1,-1,1,1,1,-1,1,-1,1,1,1,1,-1,1,-1,1,1,1,-1,-1,1,-1,-1,1,-1,1,-1,-1,-1,1,-1,1,-1,1,-1,-1,1,-1,1,-1,-1,-1,-1,1,-1,1,-1,-1,-1,-1,-1,1,1,-1,1,-1,-1,-1,-1,1,1,-1,1,-1,1,-1,1,1,1,1,-1,-1,1,1,-1,-1,1,1,1,1,-1,-1,1,-1,-1,1,1,-1,-1,1,-1,-1,-1,-1,1,-1,1,-1,1,1,-1,1,-1,1,-1,-1,-1,-1,-1,-1,1,-1,1,1,1,-1,1,1,-1,1,1,-1,-1,-1,1,-1,1,1,1,1,-1,1,-1,1,1,1,-1,1,1,-1,1,1,1,-1,-1,1,-1,1,1,-1,-1,-1,1,-1,-1,1,1,-1,1,1,1,-1,1,-1,1,-1,1,-1,-1,1,-2668.0,1,2000,445,1500,True
1476,1,1,-1,-1,1,1,-1,-1,1,1,1,-1,-1,1,1,1,-1,1,-1,-1,-1,-1,1,1,1,-1,-1,-1,1,1,1,1,1,-1,-1,-1,1,-1,1,1,-1,-1,-1,1,1,1,1,-1,1,1,1,1,-1,1,-1,-1,1,-1,1,1,-1,-1,-1,-1,1,1,1,1,-1,-1,-1,1,1,1,1,-1,-1,-1,1,1,1,-1,-1,-1,1,1,1,1,-1,-1,-1,1,1,1,1,-1,-1,1,1,-1,1,1,-1,-1,1,1,1,1,1,-1,-1,-1,1,1,1,1,-1,-1,1,1,1,1,1,1,-1,-1,1,1,-1,1,1,-1,1,1,1,1,1,1,-1,1,1,1,1,1,1,-1,1,1,1,1,1,1,-1,-1,-1,1,1,1,1,-1,1,1,1,1,-1,1,-1,1,-1,1,1,1,-1,-1,1,1,1,1,1,-1,1,-1,-1,1,-1,1,-1,1,1,1,1,1,1,1,1,1,1,1,-1,1,-1,1,1,-1,1,-1,1,1,-1,1,-1,1,-1,1,-1,1,1,-1,1,-1,1,1,1,1,-1,-1,1,1,-1,-1,1,-1,1,-1,1,1,-1,1,-1,1,-1,1,-1,1,1,-1,-1,-1,1,1,-1,1,-1,1,1,1,-1,1,1,-1,1,-1,1,-1,1,-1,1,-1,1,1,-1,1,-1,-1,-1,1,1,-1,1,-1,-1,-1,1,1,-1,-1,1,1,-1,-1,1,1,-1,1,1,-1,1,1,1,1,-1,1,-1,1,1,-1,1,-1,1,1,1,1,1,1,1,1,-1,-1,1,-1,-1,1,1,1,-1,1,1,1,-1,1,1,1,1,1,1,-1,1,-1,1,1,1,-1,-1,1,-1,1,1,1,-1,1,1,-1,-1,1,1,1,-1,1,-1,1,1,1,-1,1,1,-1,1,1,1,-1,1,1,-1,1,1,1,-1,1,1,-1,-1,1,1,-1,1,1,-1,1,-1,1,-1,1,-1,1,-1,1,1,1,-1,-1,1,-1,1,1,-1,1,1,1,-1,-1,-1,-1,1,1,1,-1,1,1,-1,1,1,-1,-1,1,1,1,1,1,-1,1,1,1,-1,1,1,1,-1,-1,1,1,1,-1,1,-1,1,1,1,1,1,1,-1,-1,-1,1,-1,1,1,1,-1,1,1,1,1,1,1,1,-1,1,-1,-1,1,-1,1,-1,1,1,1,1,1,1,-1,-1,1,-1,1,1,1,-1,1,1,1,-1,1,1,-1,-1,1,-1,1,1,1,-1,1,1,1,1,1,1,-1,1,-1,-1,1,1,-1,-1,1,-1,1,1,1,-1,-1,1,-1,1,1,1,-1,-1,1,1,-1,1,1,-1,-1,1,-1,1,1,1,1,-1,1,-1,-1,1,1,1,-1,-1,-1,-1,1,1,-1,-1,1,-1,-1,1,-1,1,-1,-1,1,-1,1,-1,1,1,-1,1,-1,-1,1,1,1,-1,1,-1,1,-1,-1,-1,1,-1,-1,-1,1,-1,1,-1,1,1,-1,1,-1,-1,1,1,-1,1,1,-1,1,-1,1,-1,-1,1,-1,-1,1,1,1,-1,1,-1,-1,1,1,-1,-1,1,-1,-1,1,1,-1,-1,1,-1,-1,-1,1,1,-1,1,1,-1,-1,1,-1,-1,1,-1,1,1,1,1,-1,-1,1,-1,-1,-1,-1,-1,1,1,1,-1,-1,1,-1,-1,1,-1,-1,1,-1,-1,1,1,-1,-1,1,-1,-1,1,1,-1,1,-1,-1,-1,-1,1,1,-1,-1,-1,-1,-1,1,-1,-1,1,-1,-1,-1,1,1,-1,-1,-1,-1,-1,1,-1,-1,-1,-1,-1,1,1,1,-1,-1,-1,-1,-1,1,1,-1,-1,-1,-1,-1,1,1,1,-1,-1,-1,-1,1,1,-1,-1,-1,-1,1,1,1,1,-1,-1,1,1,1,1,1,-1,-1,-1,1,1,1,-1,1,-1,1,1,1,1,-1,1,-1,-1,1,-1,1,-1,1,-1,-1,1,-1,1,-1,-1,-1,-1,1,-1,1,-1,1,1,-1,1,-1,1,-1,1,1,-1,1,-1,1,-1,-1,-1,-1,1,1,-1,-1,-1,-1,-1,1,-1,1,-1,-1,-1,-1,-1,-1,-1,1,-1,-1,-1,1,-1,-1,1,-1,-1,-1,-1,-1,1,1,-1,-1,-1,-1,-1,1,-1,-1,-1,1,-1,-1,1,-1,1,-1,-1,-1,-1,-1,-1,-1,1,-1,-1,-1,1,1,-1,-1,-1,-1,1,-1,-1,-1,-1,1,-1,-1,1,-1,1,-1,-1,-1,-1,1,-1,1,1,-1,1,-1,-1,1,1,-1,-1,-1,-1,-1,-1,1,1,-1,-1,1,-1,1,1,-1,-1,-1,1,-1,1,1,-1,-1,1,-1,-1,1,1,1,-1,1,-1,1,1,1,-1,-1,1,-1,-1,1,1,1,-1,1,-1,-1,1,1,-1,1,1,-1,-1,1,1,1,1,1,-1,-1,1,1,1,1,1,-1,-1,1,1,1,1,1,1,-1,-1,1,1,-1,1,-1,-1,1,-1,1,1,1,1,-1,-1,1,-1,1,1,1,-1,1,1,1,1,-1,1,-1,1,1,1,1,1,1,1,-1,1,1,1,1,-1,1,-1,1,1,1,1,1,-1,1,1,1,1,-1,1,1,-1,1,1,-1,1,1,-1,-1,1,1,1,1,-1,1,-1,1,1,1,-1,-1,1,-1,1,1,1,-1,1,-1,-1,-1,1,1,-1,-1,1,-1,-1,1,1,-1,-1,1,-1,-1,1,1,1,-1,1,-1,-1,1,1,-1,-1,-1,1,-1,1,1,-1,1,1,-1,1,1,-1,-1,1,-1,-1,-1,1,1,-1,1,1,-1,1,1,-1,-1,-1,-1,1,-1,-1,-1,-1,1,-1,-1,1,1,-1,1,1,-1,1,1,1,1,-1,1,-1,1,1,1,-1,-1,1,-1,-1,1,1,-1,-1,1,-1,1,1,1,-1,-1,1,-1,1,1,1,1,-1,1,-1,-1,1,1,-1,-1,-1,1,-1,1,1,1,-1,1,-1,-1,1,-2668.0,1,2000,445,500,False
1477,1,1,-1,-1,1,-1,-1,-1,1,1,1,-1,1,1,1,1,-1,1,-1,-1,-1,-1,1,1,1,-1,-1,-1,1,1,1,1,1,-1,-1,-1,1,-1,1,1,-1,-1,-1,1,1,1,1,-1,1,1,1,1,-1,1,-1,-1,1,-1,1,1,1,-1,-1,-1,1,1,1,1,-1,-1,-1,1,1,1,1,-1,-1,-1,1,1,1,-1,-1,-1,1,1,1,1,-1,-1,-1,1,1,1,1,-1,-1,1,1,-1,1,1,-1,-1,1,1,1,1,1,-1,-1,1,1,1,1,1,-1,-1,1,1,1,1,1,1,-1,1,1,1,-1,1,1,-1,1,1,1,1,1,1,-1,-1,1,1,1,1,1,-1,1,1,1,1,1,1,-1,-1,-1,1,1,1,1,-1,1,1,1,1,-1,1,-1,1,-1,1,1,1,-1,-1,1,1,1,1,1,-1,1,-1,-1,1,-1,1,-1,1,1,1,1,1,1,1,1,1,-1,1,-1,1,-1,1,1,-1,1,-1,1,1,-1,1,-1,1,-1,1,-1,1,1,-1,1,-1,1,1,1,1,-1,-1,1,1,-1,-1,1,-1,1,-1,-1,1,-1,1,-1,1,-1,1,-1,-1,1,-1,-1,-1,1,1,-1,1,-1,1,1,1,-1,1,1,-1,1,-1,1,-1,1,-1,1,-1,1,1,-1,1,-1,-1,-1,1,1,-1,1,-1,-1,-1,1,1,-1,-1,1,1,-1,-1,1,1,-1,1,1,-1,1,1,1,1,-1,1,-1,1,1,-1,1,-1,1,1,-1,1,1,1,1,1,-1,-1,1,-1,-1,-1,1,1,-1,1,1,1,-1,1,-1,-1,1,1,1,1,1,-1,1,1,1,-1,1,1,-1,1,1,1,-1,1,1,-1,-1,1,1,1,-1,1,-1,1,1,1,-1,1,1,-1,1,1,1,-1,1,-1,-1,1,1,1,-1,1,-1,-1,-1,1,1,-1,1,-1,-1,1,-1,1,-1,1,1,-1,-1,1,1,1,-1,1,-1,-1,1,1,-1,1,-1,-1,-1,-1,-1,-1,1,1,-1,-1,1,1,-1,1,-1,1,-1,1,1,1,1,1,-1,1,1,1,-1,1,-1,-1,-1,-1,1,1,1,1,-1,-1,1,1,1,1,-1,-1,-1,-1,-1,1,-1,1,-1,1,-1,1,1,1,-1,-1,1,1,-1,1,-1,1,-1,-1,1,-1,1,1,-1,-1,-1,1,-1,-1,1,1,-1,-1,1,-1,1,1,-1,1,-1,1,-1,-1,1,1,-1,-1,1,-1,1,1,-1,-1,1,1,-1,1,-1,1,-1,1,-1,-1,1,-1,1,-1,1,-1,-1,1,-1,-1,-1,1,-1,-1,1,1,1,-1,1,-1,-1,1,-1,-1,1,-1,1,-1,1,-1,1,-1,1,1,-1,-1,-1,1,-1,1,-1,-1,1,-1,1,1,1,1,-1,-1,1,1,-1,1,1,1,-1,1,1,1,1,1,1,-1,1,1,1,-1,1,-1,1,-1,-1,-1,1,-1,-1,1,1,1,-1,1,-1,1,-1,-1,-1,1,1,-1,1,1,-1,-1,-1,1,-1,1,1,-1,1,-1,1,-1,-1,-1,-1,-1,-1,1,-1,-1,-1,-1,-1,-1,1,-1,1,1,1,1,-1,1,-1,1,1,-1,-1,-1,1,-1,-1,1,-1,1,-1,-1,1,1,1,1,-1,-1,1,1,1,1,-1,1,-1,-1,1,1,1,-1,-1,-1,1,1,1,1,-1,-1,-1,1,-1,1,-1,1,-1,-1,-1,1,1,1,-1,-1,-1,-1,1,1,1,1,-1,-1,-1,1,1,1,1,-1,-1,-1,1,-1,1,-1,-1,-1,1,1,1,1,1,-1,-1,-1,1,1,1,1,-1,-1,-1,1,1,-1,1,-1,-1,-1,1,1,1,1,-1,-1,1,1,1,1,-1,-1,1,1,-1,1,1,-1,-1,-1,1,1,1,1,1,-1,1,1,1,1,1,1,-1,-1,1,-1,1,-1,-1,-1,-1,1,-1,1,1,-1,-1,-1,1,-1,1,1,-1,1,-1,1,1,1,-1,1,1,-1,1,-1,1,-1,-1,-1,-1,1,1,-1,-1,-1,-1,-1,1,-1,1,-1,-1,-1,-1,-1,-1,-1,1,-1,-1,-1,1,-1,-1,1,-1,-1,-1,-1,-1,-1,1,-1,-1,-1,-1,-1,1,-1,-1,-1,1,-1,-1,1,-1,1,-1,-1,-1,-1,-1,-1,-1,1,-1,-1,-1,1,1,-1,-1,-1,1,1,-1,-1,-1,-1,1,-1,-1,1,-1,1,-1,-1,-1,-1,1,-1,1,1,-1,1,-1,-1,1,1,-1,-1,-1,-1,-1,-1,1,1,-1,-1,1,-1,1,1,-1,-1,-1,1,-1,1,1,-1,-1,1,-1,-1,1,1,1,-1,1,-1,1,1,1,-1,-1,1,-1,-1,1,1,1,-1,1,-1,-1,1,1,-1,1,1,-1,-1,1,1,-1,1,1,-1,-1,1,1,1,1,1,-1,-1,1,1,1,1,-1,1,-1,-1,1,1,-1,1,-1,-1,1,-1,1,1,1,1,-1,-1,1,-1,1,1,1,-1,1,1,1,1,-1,1,-1,1,1,1,1,1,1,1,-1,1,1,1,1,-1,1,-1,1,1,1,1,1,-1,1,1,1,1,-1,1,1,-1,1,1,-1,1,1,-1,-1,1,1,1,1,-1,1,-1,1,1,1,-1,-1,1,-1,1,1,1,-1,1,-1,-1,-1,1,1,-1,-1,1,-1,-1,1,1,1,-1,1,-1,-1,1,1,1,-1,1,-1,-1,1,1,-1,-1,-1,1,-1,-1,1,-1,1,1,-1,1,1,-1,-1,1,1,-1,-1,1,1,-1,1,1,-1,1,1,-1,-1,-1,-1,1,-1,-1,-1,-1,-1,-1,-1,1,1,-1,1,1,-1,1,1,1,1,-1,1,-1,1,1,1,1,-1,1,-1,-1,1,1,1,-1,1,-1,1,1,1,1,-1,1,-1,1,1,1,-1,-1,1,-1,-1,1,1,-1,-1,-1,1,-1,1,-1,1,-1,1,-1,-1,1,-2668.0,1,2000,445,500,False
1478,1,1,-1,-1,1,1,-1,-1,1,1,1,-1,-1,1,1,1,-1,1,-1,-1,-1,1,1,1,1,1,-1,-1,1,1,1,1,-1,-1,-1,-1,1,-1,1,1,-1,-1,-1,1,1,1,1,-1,1,1,1,1,-1,1,-1,-1,1,-1,1,1,1,-1,-1,1,1,1,1,1,-1,-1,1,1,1,1,1,-1,-1,-1,1,1,1,-1,-1,-1,1,1,1,1,-1,-1,1,1,1,1,1,-1,-1,-1,1,-1,1,1,-1,-1,1,1,1,1,1,-1,-1,-1,1,-1,1,1,-1,-1,1,1,1,1,1,1,-1,-1,1,1,-1,1,1,-1,1,1,1,1,1,1,-1,1,1,1,1,1,1,-1,1,1,1,1,1,1,-1,-1,-1,1,1,1,1,-1,1,-1,1,1,-1,1,-1,1,-1,1,1,1,-1,-1,1,1,1,1,1,-1,1,-1,-1,1,-1,1,-1,1,1,1,1,1,1,1,1,1,-1,1,-1,1,-1,1,1,-1,1,-1,1,1,-1,1,-1,1,-1,1,-1,1,1,-1,-1,-1,1,1,1,1,-1,-1,1,1,-1,-1,1,-1,1,-1,1,1,-1,1,-1,1,-1,1,-1,-1,1,-1,-1,-1,1,1,-1,1,-1,1,1,1,-1,1,1,-1,1,-1,1,-1,1,-1,1,-1,1,1,-1,1,-1,-1,-1,1,1,-1,1,-1,-1,-1,1,1,-1,-1,1,1,-1,-1,1,1,-1,1,1,-1,1,1,1,1,-1,1,-1,1,1,-1,1,-1,1,-1,1,1,1,1,1,1,-1,-1,1,-1,-1,-1,1,1,-1,1,1,1,-1,1,1,1,1,1,1,-1,1,-1,1,1,1,-1,1,1,-1,1,1,1,-1,1,1,-1,-1,1,1,1,-1,1,-1,1,1,1,-1,1,1,-1,1,1,1,-1,1,1,-1,1,1,1,-1,1,1,-1,-1,1,1,-1,1,1,-1,1,-1,1,-1,1,1,1,-1,1,1,1,-1,1,1,-1,1,1,-1,1,1,1,-1,-1,-1,-1,1,1,1,-1,1,1,-1,1,1,-1,-1,1,1,1,1,1,-1,1,1,1,-1,1,1,1,1,-1,1,1,1,-1,1,-1,1,1,1,1,1,1,-1,-1,-1,1,-1,-1,1,1,-1,1,1,1,1,1,1,1,-1,1,-1,-1,1,-1,1,-1,1,1,1,1,1,1,-1,-1,1,-1,1,1,1,-1,1,1,1,-1,1,1,-1,-1,1,-1,1,1,1,-1,1,1,1,1,1,1,-1,1,-1,1,1,1,-1,-1,1,-1,1,1,1,-1,-1,1,-1,1,1,1,-1,-1,1,-1,-1,1,1,-1,-1,1,-1,1,1,1,1,-1,1,1,-1,1,1,1,-1,-1,1,-1,1,1,-1,-1,1,1,-1,1,-1,1,-1,-1,1,-1,1,-1,1,-1,-1,1,-1,-1,1,1,1,-1,1,-1,1,-1,-1,-1,1,-1,-1,-1,1,-1,-1,-1,1,-1,1,1,-1,1,1,1,-1,1,1,-1,1,-1,1,-1,-1,1,-1,-1,1,1,-1,-1,1,-1,-1,1,1,1,-1,1,-1,-1,1,1,-1,-1,1,-1,-1,-1,1,1,-1,1,1,-1,-1,1,-1,-1,1,-1,1,-1,1,1,-1,-1,1,-1,-1,-1,-1,-1,1,1,1,-1,-1,1,-1,-1,1,-1,-1,1,-1,-1,1,1,-1,-1,1,1,-1,1,1,-1,1,-1,1,-1,-1,1,1,-1,-1,-1,-1,-1,1,-1,-1,1,-1,-1,-1,1,1,-1,-1,-1,-1,-1,1,-1,-1,-1,-1,-1,-1,1,1,-1,-1,-1,-1,1,1,1,-1,-1,-1,-1,-1,1,1,1,-1,-1,-1,-1,1,1,-1,-1,-1,-1,1,1,1,1,-1,-1,1,1,1,1,1,-1,-1,-1,1,1,1,1,1,-1,1,1,1,1,-1,1,-1,-1,1,-1,1,-1,1,-1,-1,1,-1,1,-1,-1,-1,-1,1,-1,1,-1,1,1,-1,1,-1,1,-1,1,1,-1,1,-1,1,-1,-1,-1,-1,1,1,-1,-1,-1,-1,-1,1,-1,1,-1,-1,-1,-1,-1,-1,-1,1,-1,-1,-1,1,-1,-1,1,-1,-1,-1,-1,-1,1,1,-1,-1,-1,-1,-1,1,-1,-1,-1,1,-1,-1,1,-1,1,-1,-1,-1,-1,-1,-1,-1,1,-1,-1,-1,1,1,1,-1,-1,-1,1,-1,-1,-1,-1,1,-1,-1,1,-1,1,-1,-1,-1,-1,1,-1,1,1,-1,1,-1,-1,1,1,-1,-1,-1,-1,-1,-1,1,1,-1,-1,1,-1,1,1,-1,-1,-1,1,-1,-1,1,-1,-1,1,-1,-1,1,1,1,-1,1,-1,1,1,1,-1,-1,1,-1,-1,1,1,1,-1,1,-1,-1,1,1,-1,1,1,-1,-1,1,1,-1,1,1,-1,-1,1,1,-1,1,1,-1,-1,1,1,1,1,-1,1,-1,-1,1,1,1,1,-1,-1,1,-1,1,1,1,1,-1,-1,1,-1,1,1,1,-1,1,1,1,1,-1,1,-1,1,1,1,1,1,1,1,-1,1,1,1,1,-1,1,-1,1,1,1,1,1,-1,1,1,1,1,-1,1,1,-1,1,1,-1,1,1,-1,-1,1,1,1,1,-1,1,-1,1,1,1,-1,-1,1,-1,1,1,1,-1,1,-1,-1,-1,1,1,-1,-1,1,-1,-1,1,1,1,-1,1,-1,-1,1,1,1,-1,1,-1,-1,1,1,-1,-1,-1,1,-1,1,1,-1,1,1,-1,1,1,-1,-1,1,-1,-1,-1,1,1,-1,1,1,-1,1,1,-1,-1,-1,-1,1,-1,-1,-1,-1,1,-1,-1,1,1,-1,1,1,-1,1,1,1,1,-1,1,-1,1,1,1,-1,-1,1,-1,-1,-1,1,-1,-1,1,-1,1,1,1,-1,-1,1,-1,1,1,1,1,-1,1,-1,-1,1,1,1,-1,-1,1,-1,1,-1,1,-1,1,-1,-1,1,-2668.0,1,2000,445,500,False
1479,1,1,-1,-1,1,1,-1,-1,1,1,1,-1,1,1,1,1,-1,1,-1,-1,1,-1,1,1,1,-1,-1,-1,1,1,1,1,1,-1,-1,-1,1,1,1,1,-1,-1,-1,1,1,1,1,-1,1,1,1,1,-1,1,-1,-1,1,-1,1,1,1,-1,-1,-1,1,1,1,1,-1,-1,-1,1,1,1,1,-1,-1,-1,1,1,1,-1,-1,-1,1,1,1,1,-1,-1,-1,1,1,1,1,-1,-1,1,1,-1,1,1,-1,-1,1,1,1,1,1,-1,-1,1,1,-1,1,1,-1,-1,1,1,1,1,1,1,-1,-1,1,1,-1,1,1,-1,1,1,1,1,1,1,-1,-1,1,1,1,1,1,-1,1,1,1,1,1,1,-1,-1,-1,1,1,1,1,-1,1,1,1,1,-1,1,-1,1,-1,1,1,1,-1,-1,1,1,1,1,1,-1,1,-1,-1,1,-1,1,-1,1,1,1,1,1,1,1,1,1,-1,1,-1,1,-1,1,1,-1,1,-1,1,1,-1,1,-1,1,-1,1,-1,1,1,-1,-1,-1,1,1,1,1,-1,-1,1,1,-1,-1,1,-1,1,-1,-1,1,-1,1,-1,1,-1,1,-1,1,1,-1,-1,-1,1,1,-1,1,-1,1,1,1,-1,1,1,-1,1,-1,1,-1,1,-1,1,-1,1,1,-1,1,-1,-1,-1,1,1,-1,1,-1,-1,-1,1,1,-1,-1,1,1,-1,-1,1,1,-1,1,1,-1,1,1,1,1,-1,1,-1,1,1,-1,1,-1,1,1,-1,1,1,1,1,1,-1,-1,1,-1,-1,-1,1,1,-1,1,1,1,-1,1,-1,-1,1,1,1,1,1,-1,1,1,1,-1,-1,1,-1,1,1,1,-1,1,1,-1,-1,1,1,1,-1,1,-1,1,1,1,-1,1,1,-1,1,1,1,-1,1,-1,-1,1,1,1,-1,1,-1,-1,-1,1,1,-1,1,-1,-1,1,-1,1,-1,1,1,-1,-1,1,1,1,-1,1,-1,-1,1,1,-1,1,-1,-1,-1,-1,-1,-1,1,-1,-1,-1,1,1,-1,1,-1,-1,-1,1,1,1,1,-1,-1,1,1,1,-1,1,-1,-1,-1,-1,1,1,1,1,-1,-1,1,1,1,1,-1,-1,-1,-1,-1,1,-1,1,-1,1,-1,1,1,1,-1,-1,1,1,-1,1,-1,1,-1,-1,1,-1,1,1,-1,-1,-1,1,-1,-1,1,1,-1,-1,1,-1,1,1,-1,1,-1,1,-1,-1,1,1,-1,1,1,-1,1,1,-1,-1,1,1,-1,1,-1,1,-1,1,-1,-1,1,-1,1,-1,1,-1,-1,1,-1,-1,-1,1,-1,-1,1,1,1,-1,1,-1,-1,1,-1,-1,1,-1,1,-1,1,1,1,-1,1,1,-1,-1,-1,1,-1,1,-1,-1,1,-1,1,1,-1,1,-1,-1,1,1,-1,-1,1,-1,-1,1,1,1,1,1,1,-1,1,1,1,-1,-1,-1,1,-1,-1,-1,1,-1,1,1,1,1,-1,1,-1,1,-1,-1,-1,1,1,-1,1,1,-1,-1,-1,1,-1,1,1,-1,1,-1,1,-1,-1,-1,-1,-1,-1,1,-1,-1,-1,-1,-1,-1,1,-1,1,1,1,1,-1,1,-1,1,1,-1,-1,-1,1,-1,-1,1,-1,1,-1,-1,1,1,1,1,-1,-1,1,1,1,1,-1,1,-1,-1,1,1,1,-1,-1,-1,1,1,1,1,-1,1,-1,1,-1,1,-1,1,1,-1,-1,1,1,1,-1,-1,-1,1,1,1,1,1,-1,-1,-1,1,1,1,1,-1,-1,-1,1,1,1,-1,-1,-1,-1,1,1,1,1,-1,-1,1,1,1,1,-1,-1,-1,-1,1,1,-1,1,-1,-1,-1,1,1,1,1,-1,-1,1,1,1,1,1,-1,1,1,-1,1,1,-1,-1,-1,1,1,1,1,1,-1,1,1,1,1,1,1,-1,-1,1,-1,1,-1,1,-1,-1,1,-1,1,1,-1,-1,-1,1,-1,1,1,-1,-1,-1,1,1,1,-1,1,-1,-1,1,-1,1,-1,-1,-1,-1,1,1,-1,-1,-1,-1,-1,1,-1,1,-1,-1,-1,-1,-1,-1,-1,1,-1,-1,-1,1,-1,-1,1,-1,-1,-1,-1,-1,1,1,-1,-1,-1,-1,-1,1,-1,-1,-1,1,-1,-1,1,-1,1,-1,-1,-1,-1,-1,-1,-1,1,-1,-1,-1,1,1,-1,-1,-1,1,-1,-1,-1,-1,-1,1,-1,-1,1,-1,1,-1,-1,-1,-1,1,-1,1,1,-1,1,-1,-1,1,1,-1,-1,-1,-1,-1,-1,1,1,-1,-1,1,-1,1,1,-1,-1,-1,1,-1,-1,1,-1,-1,1,-1,-1,1,1,1,-1,1,-1,1,1,1,-1,-1,1,-1,-1,1,1,1,-1,1,-1,-1,1,1,-1,1,1,-1,-1,1,1,1,1,1,-1,-1,1,1,1,1,1,-1,-1,1,1,1,1,1,1,-1,-1,1,1,1,1,-1,-1,1,-1,1,1,1,1,-1,-1,1,-1,1,1,1,-1,1,1,1,1,-1,1,-1,1,1,1,1,1,1,1,-1,1,1,1,1,-1,1,-1,1,1,1,1,1,-1,1,1,1,1,-1,1,1,-1,1,1,-1,1,1,-1,-1,1,1,1,1,-1,1,-1,1,1,1,-1,-1,1,-1,1,1,1,-1,1,-1,-1,-1,1,1,-1,-1,1,-1,-1,1,1,-1,-1,1,-1,-1,1,1,1,-1,1,-1,-1,1,1,-1,-1,-1,1,-1,1,1,-1,1,1,-1,1,1,-1,-1,1,-1,-1,-1,1,1,-1,1,1,-1,1,1,-1,-1,1,-1,1,-1,-1,-1,-1,1,-1,-1,1,1,-1,1,1,-1,1,1,1,1,-1,1,-1,1,1,1,1,-1,1,-1,-1,1,1,1,-1,1,-1,1,1,1,1,-1,1,-1,1,1,-1,-1,-1,1,-1,-1,1,1,-1,-1,-1,1,-1,1,-1,1,-1,1,-1,-1,1,-2668.0,1,2000,445,500,False
1480,1,1,-1,-1,1,1,-1,-1,1,1,1,-1,-1,1,1,1,-1,1,-1,-1,-1,-1,1,1,1,-1,-1,-1,1,1,1,1,1,-1,-1,-1,1,1,1,-1,-1,-1,-1,1,1,1,1,-1,1,1,1,1,-1,1,-1,-1,1,-1,1,1,1,-1,-1,-1,1,1,1,1,-1,-1,-1,1,1,1,1,-1,-1,-1,1,1,1,-1,-1,-1,1,1,1,1,-1,-1,1,1,1,1,1,-1,-1,-1,1,-1,1,1,-1,-1,1,1,1,1,1,-1,-1,-1,1,-1,1,1,-1,-1,1,1,1,1,1,1,-1,-1,1,1,-1,1,1,-1,1,1,1,1,1,1,-1,1,1,1,1,1,1,-1,1,1,1,1,1,1,-1,-1,-1,1,1,1,1,-1,1,1,1,1,-1,1,-1,1,-1,1,1,1,-1,-1,1,1,1,1,1,-1,1,-1,-1,1,-1,1,-1,1,1,1,1,1,1,1,1,1,1,1,-1,1,-1,1,1,-1,1,-1,1,1,-1,1,-1,1,-1,1,-1,1,1,-1,-1,-1,1,1,1,1,-1,-1,1,1,-1,-1,1,-1,1,-1,1,1,-1,1,-1,1,-1,1,-1,1,1,-1,1,-1,1,1,-1,1,-1,1,1,1,-1,1,1,-1,-1,-1,1,-1,1,-1,1,-1,1,1,-1,1,-1,-1,-1,1,1,-1,1,-1,-1,-1,1,1,-1,-1,1,1,-1,-1,1,1,-1,1,1,-1,1,1,1,1,-1,1,-1,1,1,-1,1,-1,1,1,-1,1,1,1,1,1,-1,-1,1,-1,-1,-1,1,1,-1,1,1,1,-1,1,-1,-1,1,1,1,1,1,-1,1,1,1,-1,-1,1,-1,1,1,1,-1,1,1,-1,-1,1,1,1,-1,1,-1,1,1,1,-1,1,1,-1,1,1,1,-1,1,-1,-1,1,1,1,-1,1,-1,-1,-1,1,1,-1,1,-1,-1,1,-1,1,-1,1,1,-1,-1,1,1,1,-1,1,-1,-1,1,1,-1,1,-1,-1,-1,-1,-1,-1,1,-1,-1,-1,1,1,-1,1,-1,-1,-1,1,1,1,1,-1,-1,1,1,1,-1,1,-1,-1,-1,-1,1,1,1,1,-1,-1,1,1,1,1,-1,-1,-1,-1,-1,1,-1,1,-1,1,-1,1,1,1,-1,-1,1,1,-1,1,-1,1,-1,-1,1,-1,1,1,-1,-1,-1,1,-1,-1,1,1,-1,-1,1,-1,1,1,-1,1,-1,1,-1,-1,1,1,-1,1,1,-1,1,1,-1,-1,1,1,-1,1,-1,1,-1,1,-1,-1,1,-1,1,-1,1,-1,-1,1,-1,-1,-1,1,-1,-1,1,-1,1,-1,1,-1,-1,1,-1,-1,1,-1,1,-1,1,1,1,-1,1,1,-1,-1,1,1,-1,1,-1,-1,1,1,1,1,-1,1,-1,-1,1,1,-1,-1,1,-1,-1,1,1,1,1,1,1,-1,1,1,1,-1,-1,1,1,-1,-1,-1,1,-1,1,1,-1,1,-1,1,-1,1,-1,-1,-1,1,1,-1,1,1,-1,-1,-1,1,-1,1,1,-1,1,-1,1,-1,-1,-1,-1,-1,-1,1,-1,-1,-1,-1,-1,-1,1,-1,1,1,1,1,-1,1,-1,1,1,-1,-1,-1,1,-1,-1,1,-1,1,-1,-1,1,1,1,1,-1,-1,1,1,1,1,-1,1,-1,-1,1,1,1,-1,-1,-1,-1,1,1,1,-1,1,-1,1,-1,1,-1,1,1,-1,-1,1,1,1,-1,-1,-1,1,1,1,1,1,-1,-1,-1,1,1,1,1,-1,-1,-1,1,1,1,-1,-1,-1,-1,1,1,1,1,-1,-1,1,1,1,1,1,-1,-1,-1,1,1,-1,1,-1,-1,-1,1,1,1,1,-1,-1,1,1,1,1,1,-1,1,1,-1,1,1,-1,-1,-1,1,1,1,1,1,-1,1,1,1,1,1,1,-1,-1,1,-1,1,-1,1,-1,-1,1,-1,1,1,-1,-1,-1,1,-1,1,1,-1,-1,-1,1,1,1,-1,1,-1,-1,1,-1,1,-1,-1,-1,-1,1,1,-1,-1,-1,-1,-1,1,-1,1,-1,-1,-1,-1,-1,-1,-1,1,-1,-1,-1,1,-1,-1,1,-1,-1,-1,-1,-1,1,1,-1,-1,-1,-1,-1,1,-1,-1,-1,1,-1,-1,1,-1,1,-1,-1,-1,-1,-1,-1,-1,1,-1,-1,-1,1,1,-1,-1,-1,-1,1,-1,-1,-1,-1,1,-1,-1,1,-1,1,-1,-1,-1,-1,1,-1,1,1,-1,1,-1,-1,1,1,-1,-1,-1,-1,-1,-1,1,1,-1,-1,1,-1,1,1,-1,-1,-1,1,-1,1,1,-1,-1,1,-1,-1,1,1,1,-1,1,-1,1,1,1,-1,-1,1,-1,-1,1,-1,1,-1,1,-1,-1,1,1,-1,1,1,-1,-1,1,1,1,1,1,-1,-1,1,1,-1,1,1,-1,-1,1,1,1,1,1,1,-1,-1,1,1,1,1,-1,-1,1,-1,1,1,1,1,-1,-1,1,-1,1,1,1,-1,1,1,1,1,-1,1,-1,1,1,1,1,1,1,1,-1,1,1,1,1,-1,1,-1,1,1,1,1,1,-1,1,1,1,1,-1,1,1,-1,1,1,-1,1,1,-1,-1,1,1,1,1,-1,1,-1,1,1,1,-1,-1,1,-1,1,1,1,-1,1,-1,-1,-1,1,1,-1,-1,1,-1,-1,1,1,-1,-1,1,-1,-1,1,1,1,-1,1,-1,-1,1,1,-1,-1,-1,1,-1,1,1,-1,1,1,-1,1,1,-1,-1,1,-1,-1,-1,1,1,-1,1,1,-1,1,1,-1,-1,-1,-1,1,-1,-1,-1,-1,1,-1,-1,1,1,-1,1,1,-1,1,1,1,1,-1,1,-1,1,1,1,-1,-1,1,-1,-1,-1,1,-1,-1,1,-1,1,1,1,-1,-1,1,-1,1,1,1,1,-1,1,-1,-1,1,1,1,-1,-1,1,-1,1,1,1,-1,1,-1,-1,1,-2668.0,1,2000,445,500,False
1481,1,1,-1,-1,1,1,-1,-1,1,1,1,-1,-1,1,1,1,-1,1,-1,-1,-1,-1,1,1,1,-1,-1,-1,1,1,1,1,1,-1,-1,-1,1,-1,1,1,-1,-1,-1,1,1,1,1,-1,1,1,1,1,-1,1,-1,-1,1,-1,1,1,1,-1,-1,-1,1,1,1,1,-1,-1,-1,1,1,1,1,-1,-1,-1,1,1,1,-1,-1,-1,1,1,1,1,-1,-1,-1,1,1,1,1,-1,-1,1,1,-1,1,1,-1,-1,1,1,1,1,1,-1,-1,1,1,-1,1,1,-1,-1,1,1,1,1,1,1,-1,-1,1,1,-1,1,1,-1,1,1,1,1,1,1,-1,-1,1,1,1,1,1,-1,1,1,1,1,1,1,-1,-1,-1,1,1,1,1,-1,1,1,1,1,-1,1,-1,1,-1,1,1,1,-1,-1,1,1,1,1,1,-1,1,-1,-1,1,-1,1,-1,1,1,1,1,1,1,1,1,1,-1,1,-1,1,-1,1,1,-1,1,-1,1,1,-1,1,-1,1,-1,1,-1,1,1,-1,1,-1,1,1,1,1,-1,-1,1,1,-1,-1,1,-1,1,-1,-1,1,1,1,-1,1,-1,1,-1,1,1,-1,-1,-1,1,-1,-1,1,-1,1,1,1,-1,1,1,-1,1,-1,1,-1,1,-1,1,-1,1,1,-1,1,-1,-1,-1,1,1,-1,1,-1,-1,-1,1,1,-1,-1,1,1,-1,-1,1,-1,-1,1,1,-1,1,1,1,-1,-1,1,-1,1,1,-1,1,-1,1,1,-1,1,-1,-1,-1,1,-1,-1,1,-1,-1,-1,1,1,-1,1,1,1,-1,1,-1,-1,1,1,1,-1,1,-1,1,1,-1,1,1,1,-1,1,1,1,-1,1,1,-1,-1,1,1,-1,1,1,-1,1,1,1,1,-1,1,-1,1,1,1,1,-1,-1,-1,1,1,1,1,-1,-1,-1,-1,-1,1,-1,-1,-1,-1,1,1,1,1,-1,1,-1,-1,1,1,1,1,1,-1,-1,1,-1,1,-1,-1,1,-1,-1,1,1,-1,1,-1,-1,1,-1,1,-1,1,-1,-1,-1,1,1,-1,1,-1,1,-1,1,-1,-1,-1,-1,-1,-1,1,1,1,1,-1,-1,1,1,1,-1,-1,-1,-1,1,-1,1,1,-1,-1,1,-1,1,1,-1,1,-1,1,1,-1,1,1,1,-1,-1,1,-1,1,-1,1,1,-1,1,-1,-1,1,1,-1,-1,1,-1,1,1,1,-1,-1,1,-1,-1,1,1,-1,1,1,-1,1,1,-1,-1,1,1,-1,1,1,-1,-1,1,-1,-1,1,1,-1,1,1,-1,-1,1,-1,-1,-1,1,-1,-1,1,-1,-1,-1,1,-1,-1,1,-1,-1,-1,1,1,-1,1,-1,-1,-1,1,1,-1,-1,-1,1,-1,1,-1,-1,1,-1,-1,1,-1,1,-1,-1,1,-1,1,-1,1,1,-1,1,-1,-1,1,1,1,-1,1,-1,1,-1,-1,-1,1,-1,-1,-1,1,-1,-1,-1,1,1,-1,1,-1,1,-1,1,-1,1,1,-1,1,1,1,-1,-1,1,-1,1,-1,1,1,-1,1,-1,-1,1,1,-1,-1,1,-1,-1,-1,1,-1,-1,1,-1,1,1,1,1,-1,1,-1,-1,1,1,-1,-1,1,-1,-1,-1,1,1,-1,-1,1,1,-1,1,-1,-1,1,1,1,1,1,1,-1,-1,1,1,-1,1,-1,-1,1,1,1,1,-1,1,-1,1,-1,1,1,1,1,-1,-1,1,1,1,-1,-1,-1,-1,1,1,1,1,-1,-1,-1,1,1,1,-1,-1,-1,-1,1,1,1,1,-1,-1,1,1,1,1,1,-1,-1,-1,1,1,1,1,-1,-1,-1,1,1,-1,1,-1,-1,-1,1,1,1,1,-1,-1,1,1,1,1,1,-1,1,1,-1,1,1,-1,-1,-1,1,1,1,-1,1,-1,1,1,1,1,1,1,-1,-1,1,-1,1,-1,1,-1,-1,1,-1,1,-1,-1,-1,-1,1,-1,1,1,-1,1,-1,1,1,1,-1,1,1,-1,1,-1,1,-1,-1,-1,-1,1,1,-1,-1,-1,-1,-1,1,-1,1,-1,-1,-1,-1,-1,-1,-1,1,-1,-1,-1,1,-1,-1,1,-1,-1,-1,-1,-1,-1,1,-1,-1,-1,-1,-1,1,-1,-1,-1,1,-1,-1,1,-1,1,-1,-1,-1,-1,1,-1,-1,1,-1,-1,-1,-1,1,1,-1,-1,1,-1,1,-1,-1,-1,1,-1,-1,-1,1,1,-1,-1,-1,-1,-1,1,1,1,-1,1,-1,1,-1,1,-1,-1,-1,-1,-1,-1,1,1,-1,-1,1,-1,1,1,-1,-1,-1,-1,-1,1,1,-1,-1,1,1,-1,1,1,1,-1,1,-1,1,1,1,-1,-1,1,-1,-1,1,1,1,-1,1,-1,-1,1,1,-1,1,1,1,-1,1,1,-1,1,1,1,-1,1,1,1,1,1,1,-1,1,1,1,1,-1,1,-1,-1,1,1,1,1,1,-1,1,-1,1,1,1,1,-1,-1,1,-1,1,-1,1,-1,-1,1,1,1,-1,1,-1,1,1,1,1,1,1,-1,-1,1,1,1,1,1,-1,-1,1,1,1,1,-1,-1,1,1,1,1,-1,-1,1,-1,1,1,-1,1,-1,-1,-1,1,1,1,-1,1,-1,-1,1,1,1,-1,-1,1,-1,1,1,1,-1,-1,1,-1,-1,1,1,-1,1,-1,-1,-1,1,1,-1,1,-1,1,-1,1,1,1,1,1,-1,-1,1,1,-1,-1,1,1,-1,1,1,-1,1,-1,-1,1,1,-1,-1,1,-1,-1,-1,1,1,-1,1,1,-1,1,1,-1,-1,-1,1,-1,-1,-1,-1,-1,1,-1,1,1,1,-1,1,1,1,-1,1,1,1,-1,1,1,-1,1,1,1,-1,1,1,1,1,1,1,-1,-1,1,-1,1,1,1,-1,1,1,-1,1,1,-1,-1,1,1,1,1,1,-1,-1,-1,1,-1,1,-1,1,-1,1,-1,1,1,-2668.0,1,2000,445,500,False
1482,1,1,-1,-1,1,1,-1,-1,1,1,1,-1,-1,1,1,1,-1,1,-1,-1,1,-1,1,1,1,-1,1,-1,1,1,1,1,1,1,-1,-1,1,1,1,1,-1,-1,-1,1,1,1,1,-1,1,1,1,1,-1,1,-1,-1,1,-1,1,1,1,-1,1,-1,1,1,1,1,-1,-1,-1,1,1,1,1,-1,1,-1,1,1,1,-1,-1,1,1,1,1,1,-1,-1,-1,1,1,1,1,-1,1,1,1,-1,1,1,-1,-1,1,1,1,1,1,-1,-1,1,1,-1,1,1,-1,-1,1,1,1,1,1,1,-1,1,1,1,-1,1,1,-1,1,1,1,1,1,1,-1,1,1,1,1,1,1,-1,-1,1,1,1,1,1,-1,1,-1,1,1,1,1,-1,1,1,1,1,-1,1,-1,1,-1,1,1,1,-1,-1,1,1,1,1,1,-1,1,-1,-1,1,-1,1,-1,1,-1,1,1,1,1,1,1,1,-1,1,-1,1,-1,1,1,-1,1,-1,1,1,-1,1,-1,1,-1,1,-1,1,1,-1,1,-1,1,1,1,1,-1,-1,1,1,-1,-1,1,-1,1,-1,1,1,1,1,-1,1,-1,1,-1,1,1,-1,-1,-1,1,-1,-1,1,-1,1,1,1,-1,1,-1,-1,1,-1,1,-1,1,1,1,-1,1,1,-1,1,-1,-1,-1,1,1,-1,1,-1,-1,-1,1,1,-1,-1,1,1,-1,-1,1,-1,-1,1,1,-1,1,1,1,1,-1,1,-1,1,1,-1,1,-1,1,-1,1,1,-1,-1,-1,1,-1,-1,1,-1,-1,-1,1,1,-1,1,1,1,-1,1,1,1,1,1,-1,1,1,-1,1,1,-1,1,-1,1,-1,1,1,-1,-1,1,1,-1,-1,1,1,1,-1,1,-1,1,1,1,-1,1,1,-1,1,1,1,-1,1,1,-1,1,1,1,-1,1,1,-1,-1,1,1,-1,1,1,-1,1,-1,1,-1,1,1,1,-1,1,1,1,1,1,1,-1,1,1,-1,1,1,1,-1,-1,-1,-1,1,1,1,-1,1,1,-1,1,1,-1,-1,1,1,1,1,1,-1,1,1,1,-1,1,1,1,-1,-1,1,1,1,-1,1,-1,1,1,1,1,1,1,-1,-1,-1,1,-1,-1,1,1,-1,1,1,1,1,1,1,1,-1,1,-1,-1,1,-1,1,-1,1,1,1,1,1,1,-1,-1,1,-1,1,1,1,-1,1,1,1,-1,1,1,-1,-1,1,-1,1,1,1,-1,1,1,1,1,1,1,-1,1,-1,-1,1,1,-1,-1,1,-1,-1,1,1,-1,-1,1,-1,1,1,1,-1,-1,1,1,-1,1,1,-1,-1,1,-1,1,1,1,1,-1,1,1,-1,-1,1,1,-1,-1,-1,1,-1,1,-1,-1,1,-1,-1,1,-1,1,-1,-1,1,-1,1,-1,1,-1,-1,1,-1,-1,1,1,1,-1,1,-1,1,-1,-1,-1,1,-1,-1,-1,1,-1,-1,1,1,1,-1,1,-1,1,1,1,-1,1,1,-1,1,-1,1,-1,-1,1,-1,-1,1,1,1,-1,1,-1,-1,1,1,-1,-1,1,-1,-1,1,1,-1,-1,1,-1,-1,-1,1,1,-1,1,1,-1,-1,1,-1,-1,1,-1,1,-1,1,1,-1,-1,1,-1,-1,-1,-1,-1,1,1,1,-1,1,1,-1,-1,1,-1,1,-1,-1,-1,1,1,-1,-1,-1,1,-1,1,1,-1,1,1,1,-1,-1,1,1,-1,-1,-1,-1,-1,1,-1,-1,1,-1,-1,-1,1,1,-1,-1,-1,-1,-1,1,-1,-1,1,-1,-1,1,1,1,-1,1,-1,-1,-1,1,1,-1,-1,-1,-1,-1,1,1,1,-1,-1,-1,-1,1,1,-1,-1,-1,-1,1,1,1,1,-1,-1,1,1,1,1,1,-1,-1,-1,1,1,1,1,1,-1,1,1,1,1,-1,1,-1,-1,1,-1,1,-1,1,-1,-1,1,-1,1,-1,-1,-1,-1,1,-1,1,-1,1,-1,-1,1,-1,1,-1,1,-1,-1,1,-1,1,-1,-1,-1,-1,1,1,-1,-1,-1,-1,-1,1,-1,1,-1,-1,-1,-1,-1,-1,-1,1,-1,-1,-1,1,-1,-1,1,-1,-1,-1,-1,-1,-1,1,-1,-1,-1,-1,-1,1,-1,-1,-1,1,-1,-1,1,-1,1,-1,-1,-1,-1,-1,-1,-1,1,-1,-1,-1,1,1,1,-1,-1,-1,1,-1,-1,-1,-1,1,-1,-1,1,-1,1,-1,-1,-1,-1,1,-1,1,1,-1,1,-1,-1,1,1,-1,-1,-1,-1,-1,-1,1,1,-1,-1,1,-1,1,1,-1,-1,-1,1,-1,-1,1,-1,-1,1,1,-1,1,1,1,-1,1,-1,1,1,1,-1,-1,1,-1,-1,1,1,1,-1,1,-1,-1,1,1,-1,1,1,1,-1,1,1,-1,1,1,1,-1,1,1,1,1,1,1,-1,1,1,1,1,-1,1,-1,-1,1,1,1,1,1,-1,1,-1,1,1,1,1,-1,-1,1,-1,1,-1,1,-1,1,1,1,1,-1,1,1,1,1,1,1,1,1,1,-1,1,1,1,1,-1,1,-1,1,1,1,1,1,-1,1,1,1,1,-1,-1,1,-1,1,1,-1,1,1,-1,-1,1,1,1,-1,1,1,-1,1,1,1,-1,-1,1,-1,1,-1,1,-1,1,-1,-1,-1,1,1,-1,-1,1,-1,-1,1,-1,1,-1,1,-1,-1,-1,1,1,1,-1,-1,-1,1,1,-1,-1,-1,1,-1,1,-1,-1,1,1,-1,1,1,-1,-1,1,-1,-1,-1,-1,1,-1,1,1,-1,1,-1,1,-1,1,-1,1,-1,-1,-1,-1,1,-1,-1,1,1,-1,1,1,-1,1,1,-1,-1,-1,1,-1,1,1,1,1,-1,1,-1,-1,1,1,-1,1,1,-1,1,1,1,1,-1,1,-1,1,1,-1,-1,-1,1,-1,-1,1,1,-1,1,1,1,-1,1,-1,1,-1,1,-1,-1,1,-2668.0,1,2000,445,500,False
1483,1,1,-1,-1,1,1,-1,-1,1,1,1,-1,1,1,1,1,-1,1,-1,-1,-1,-1,1,1,1,1,-1,-1,1,1,1,1,-1,-1,-1,-1,1,-1,1,1,-1,-1,-1,1,1,1,1,-1,1,1,1,1,-1,1,-1,-1,1,-1,1,1,1,-1,-1,-1,1,1,1,1,-1,-1,-1,1,1,1,1,-1,-1,-1,1,1,1,-1,-1,-1,1,1,1,1,-1,-1,1,1,1,1,1,-1,-1,-1,1,-1,1,1,-1,-1,1,1,1,1,1,-1,-1,-1,1,-1,1,1,-1,-1,1,1,1,1,1,1,-1,-1,1,1,-1,1,1,-1,1,1,1,1,1,1,-1,1,1,1,-1,1,1,-1,1,1,1,1,1,1,-1,-1,-1,1,-1,1,1,-1,1,1,1,1,-1,1,-1,1,-1,1,1,1,-1,-1,1,1,1,-1,1,-1,1,-1,-1,1,1,1,-1,1,1,1,1,-1,1,1,1,1,-1,1,-1,1,-1,1,1,-1,1,-1,1,1,-1,1,-1,1,-1,1,-1,1,1,-1,-1,-1,1,1,1,1,-1,-1,1,1,-1,-1,1,-1,1,1,-1,1,1,1,-1,1,-1,1,-1,1,1,-1,1,1,1,1,-1,1,-1,1,1,1,-1,1,1,-1,1,-1,1,-1,1,-1,1,-1,1,1,-1,1,-1,-1,1,1,1,-1,1,-1,-1,-1,-1,1,-1,-1,1,1,-1,-1,1,1,-1,1,1,-1,1,1,1,-1,-1,1,-1,1,1,-1,1,-1,1,1,-1,1,1,-1,-1,1,-1,-1,1,-1,1,-1,1,1,-1,1,1,1,-1,1,-1,-1,1,1,-1,-1,1,-1,1,1,1,1,-1,1,-1,1,1,1,-1,1,1,-1,1,-1,1,-1,1,1,-1,1,1,1,1,1,1,-1,1,1,1,1,1,-1,-1,1,1,1,1,1,-1,-1,1,1,1,1,1,-1,-1,-1,-1,1,-1,1,1,-1,1,1,1,1,1,1,-1,-1,-1,1,1,1,-1,-1,1,-1,-1,-1,1,1,-1,1,-1,1,-1,1,-1,1,-1,1,1,1,1,-1,1,-1,1,1,-1,1,-1,-1,-1,-1,1,1,1,1,-1,-1,1,-1,1,1,-1,-1,1,-1,-1,1,-1,1,-1,1,-1,1,1,1,-1,-1,1,1,-1,1,-1,1,-1,-1,1,-1,1,-1,-1,-1,-1,1,-1,-1,1,1,-1,-1,1,-1,1,1,-1,1,-1,1,-1,1,-1,1,-1,1,1,-1,-1,-1,-1,-1,1,1,-1,1,-1,1,-1,1,-1,1,1,-1,1,-1,1,-1,-1,1,-1,-1,-1,1,-1,1,-1,-1,1,-1,1,-1,-1,1,-1,-1,1,-1,1,-1,1,-1,1,-1,1,1,-1,-1,-1,1,-1,1,-1,-1,1,-1,1,1,-1,1,-1,-1,1,1,-1,-1,1,-1,-1,1,1,1,1,1,1,-1,1,1,1,-1,-1,1,1,-1,-1,-1,1,-1,1,1,-1,1,-1,1,-1,1,-1,-1,-1,1,1,-1,1,1,-1,-1,-1,1,-1,1,1,-1,1,-1,1,-1,-1,-1,-1,-1,-1,1,-1,-1,-1,-1,-1,-1,1,-1,1,1,1,1,-1,1,-1,1,1,-1,-1,-1,1,-1,-1,1,-1,1,-1,-1,1,1,1,1,-1,-1,1,1,1,1,-1,1,-1,-1,1,1,1,-1,-1,-1,-1,1,1,1,-1,1,-1,1,-1,1,-1,1,1,-1,-1,1,1,1,-1,-1,-1,-1,1,1,1,1,-1,-1,-1,1,1,1,1,-1,-1,-1,1,-1,1,-1,-1,1,-1,1,1,1,1,-1,1,-1,1,-1,1,1,-1,-1,-1,1,1,-1,1,-1,-1,-1,1,1,1,1,-1,-1,1,-1,1,-1,1,-1,1,1,-1,1,1,-1,-1,-1,1,1,-1,1,1,-1,1,-1,1,-1,1,1,-1,-1,1,-1,1,-1,1,-1,1,-1,1,-1,1,-1,-1,-1,-1,1,-1,1,-1,1,-1,1,1,-1,-1,1,1,1,-1,-1,-1,-1,-1,-1,-1,1,1,1,-1,-1,-1,-1,1,-1,1,-1,-1,-1,-1,-1,-1,-1,1,-1,-1,-1,1,-1,-1,1,-1,-1,-1,-1,-1,1,1,-1,-1,-1,-1,-1,1,-1,-1,-1,1,-1,-1,1,-1,1,-1,-1,-1,-1,-1,-1,-1,1,-1,-1,-1,1,1,-1,-1,-1,1,-1,1,-1,-1,-1,1,-1,-1,1,-1,1,-1,-1,-1,-1,1,-1,1,1,-1,1,-1,-1,1,1,-1,-1,-1,-1,-1,-1,1,1,-1,-1,1,-1,1,1,-1,-1,-1,1,-1,-1,1,-1,-1,1,-1,-1,1,1,1,-1,1,-1,1,1,1,-1,-1,1,-1,-1,1,-1,1,-1,1,-1,-1,1,1,-1,1,1,-1,-1,1,1,-1,1,1,-1,-1,1,1,-1,1,1,-1,-1,1,1,1,1,-1,1,-1,1,1,1,1,1,-1,-1,1,-1,1,1,1,1,-1,-1,1,-1,1,-1,1,-1,1,1,1,1,-1,1,-1,1,1,1,1,1,1,-1,-1,1,1,1,1,-1,1,-1,1,1,1,1,-1,1,-1,1,1,1,-1,-1,1,-1,1,1,-1,1,-1,-1,-1,1,1,1,-1,1,-1,-1,1,1,1,-1,-1,-1,-1,1,1,1,-1,1,-1,-1,-1,1,1,-1,1,-1,-1,-1,1,1,-1,1,-1,-1,1,1,1,1,1,1,-1,-1,1,1,-1,-1,1,1,1,1,1,-1,1,-1,-1,1,1,-1,-1,1,-1,-1,-1,1,1,-1,1,1,1,1,1,-1,-1,-1,-1,-1,-1,-1,-1,-1,1,-1,1,1,1,-1,1,1,-1,1,1,1,1,-1,1,-1,1,1,1,-1,-1,1,-1,1,1,1,-1,-1,1,-1,1,1,1,-1,-1,1,-1,1,1,1,1,-1,1,-1,-1,1,1,1,-1,-1,1,-1,1,1,1,-1,1,-1,-1,1,-2668.0,1,2000,445,500,False
1484,1,1,-1,-1,1,1,-1,-1,1,1,1,-1,-1,1,1,1,-1,1,-1,-1,-1,-1,1,1,1,-1,-1,-1,1,1,1,1,-1,-1,-1,-1,1,1,1,1,-1,-1,-1,1,1,1,1,-1,1,1,1,1,-1,1,-1,-1,1,-1,1,1,1,-1,-1,-1,1,1,1,1,-1,-1,-1,1,1,1,1,-1,-1,-1,1,1,1,-1,-1,-1,1,1,1,1,-1,-1,-1,1,1,1,1,-1,-1,1,1,-1,1,1,-1,-1,1,1,1,1,1,-1,-1,-1,1,-1,1,1,-1,-1,1,1,1,1,1,1,-1,-1,1,1,-1,1,1,-1,1,1,1,1,1,1,-1,1,1,1,1,1,1,-1,1,1,1,1,1,1,-1,-1,-1,1,1,1,1,-1,1,1,1,1,-1,1,-1,1,-1,1,1,1,-1,-1,1,1,1,1,1,-1,1,-1,-1,1,1,1,-1,1,1,1,1,-1,1,1,1,1,-1,1,-1,1,-1,1,1,-1,1,-1,1,1,-1,1,-1,1,-1,1,-1,1,1,-1,-1,-1,1,1,1,1,-1,-1,1,1,-1,-1,1,-1,1,-1,1,1,-1,1,-1,1,-1,1,-1,-1,1,-1,-1,-1,1,1,-1,1,-1,1,1,1,-1,1,1,-1,1,-1,1,-1,1,-1,1,-1,1,1,-1,1,-1,-1,-1,-1,1,-1,1,-1,-1,-1,1,1,-1,-1,1,1,-1,1,1,1,-1,1,1,-1,1,1,1,1,-1,1,-1,1,1,-1,1,-1,1,1,1,-1,1,1,1,1,-1,-1,1,-1,-1,-1,1,1,-1,1,1,1,-1,1,1,1,1,1,1,1,1,-1,1,1,1,-1,1,1,-1,1,1,1,-1,1,1,-1,-1,1,1,1,-1,1,-1,1,1,1,-1,1,1,-1,1,1,1,-1,1,1,-1,1,1,1,-1,1,1,-1,-1,1,1,1,1,1,-1,1,-1,1,-1,1,1,1,-1,1,1,1,-1,1,1,-1,1,1,-1,1,1,1,-1,-1,-1,-1,1,1,1,-1,1,1,-1,1,1,-1,-1,1,1,-1,1,1,-1,1,1,1,1,1,1,1,1,-1,1,-1,-1,-1,1,-1,1,-1,-1,1,1,1,-1,-1,-1,1,-1,-1,1,-1,1,-1,-1,1,1,1,1,-1,-1,1,-1,-1,1,-1,1,-1,-1,-1,-1,1,1,1,-1,-1,1,-1,1,1,-1,-1,1,-1,1,-1,1,-1,-1,-1,1,-1,1,1,-1,-1,-1,-1,1,1,-1,1,-1,-1,1,1,1,-1,-1,1,-1,1,1,1,-1,-1,-1,-1,-1,1,1,1,-1,1,-1,1,-1,1,-1,-1,-1,1,-1,1,1,1,-1,-1,1,-1,-1,1,-1,-1,-1,-1,-1,1,1,-1,-1,-1,1,-1,-1,1,-1,-1,-1,-1,-1,-1,1,-1,-1,-1,-1,1,-1,-1,1,1,1,-1,1,-1,1,-1,1,1,1,-1,-1,-1,1,-1,-1,1,1,1,-1,1,-1,1,1,1,-1,1,1,-1,-1,-1,1,-1,-1,1,-1,-1,1,1,1,-1,1,-1,-1,1,1,-1,-1,1,-1,-1,1,1,-1,-1,1,-1,-1,-1,1,1,-1,1,1,-1,-1,1,-1,-1,1,-1,1,-1,1,1,-1,-1,1,-1,-1,-1,-1,-1,1,1,1,-1,-1,1,-1,-1,1,-1,-1,1,-1,-1,1,1,-1,-1,1,1,-1,1,1,-1,1,-1,1,-1,-1,1,1,-1,-1,-1,-1,-1,1,-1,-1,1,-1,-1,-1,1,1,-1,-1,-1,-1,-1,1,-1,-1,-1,-1,-1,-1,1,1,-1,-1,-1,-1,1,1,1,-1,-1,-1,-1,-1,1,1,1,-1,-1,-1,-1,1,1,-1,-1,-1,-1,1,-1,1,1,1,-1,1,1,-1,1,1,1,-1,-1,1,1,1,-1,1,-1,1,1,1,1,-1,1,-1,-1,1,-1,1,-1,1,-1,-1,1,-1,1,-1,1,-1,-1,1,-1,1,-1,1,-1,-1,1,-1,1,1,1,-1,1,-1,-1,1,1,1,-1,-1,1,-1,-1,1,1,-1,-1,1,-1,1,-1,1,-1,-1,1,1,-1,1,1,-1,-1,1,1,-1,1,1,-1,-1,-1,-1,1,-1,1,-1,-1,-1,-1,1,1,-1,-1,1,-1,-1,1,-1,1,-1,-1,-1,-1,-1,1,1,1,-1,-1,-1,1,1,1,-1,-1,-1,1,-1,-1,1,-1,1,-1,-1,1,1,1,-1,-1,-1,-1,1,-1,1,1,-1,1,-1,-1,1,1,-1,-1,-1,-1,-1,-1,1,1,-1,-1,1,-1,1,1,-1,-1,-1,1,-1,1,1,-1,-1,1,-1,-1,1,1,1,-1,1,-1,1,1,1,-1,-1,1,-1,-1,1,1,1,-1,1,-1,-1,1,1,-1,1,1,-1,-1,1,1,-1,1,1,-1,-1,1,1,-1,1,1,-1,-1,1,1,1,1,-1,1,-1,1,1,1,-1,1,-1,-1,1,-1,1,1,1,1,-1,-1,1,-1,1,1,1,-1,1,1,1,1,-1,1,-1,1,1,1,1,1,1,1,-1,1,1,1,1,-1,1,-1,1,1,1,1,1,1,1,1,1,1,-1,1,-1,1,1,1,-1,1,1,1,1,-1,1,1,1,-1,1,1,1,1,1,-1,-1,1,-1,1,1,1,-1,1,-1,1,1,1,1,-1,-1,1,1,-1,1,1,-1,-1,1,1,-1,1,1,1,-1,1,-1,1,1,1,-1,-1,-1,-1,1,1,1,-1,1,1,1,1,1,-1,-1,1,1,1,1,1,1,-1,1,-1,1,1,1,-1,-1,-1,-1,-1,-1,-1,-1,-1,-1,1,1,1,1,-1,1,1,-1,-1,1,1,1,-1,1,-1,1,1,1,-1,-1,1,-1,1,1,1,-1,-1,1,-1,1,1,1,-1,-1,1,-1,1,-1,1,1,-1,1,-1,-1,1,1,-1,-1,-1,-1,1,1,1,1,-1,1,-1,-1,1,-2668.0,1,2000,445,500,False
1485,1,1,-1,-1,1,1,-1,-1,1,1,1,-1,-1,1,-1,1,-1,1,1,-1,-1,1,1,1,1,1,-1,-1,1,1,1,1,-1,-1,-1,-1,1,-1,1,1,-1,-1,1,1,1,1,1,-1,1,1,1,1,-1,1,-1,-1,1,-1,1,1,1,-1,-1,1,1,1,1,1,-1,-1,1,1,1,1,1,-1,-1,-1,1,1,1,-1,-1,-1,1,1,1,1,-1,-1,-1,1,1,1,1,-1,-1,1,1,-1,1,1,-1,-1,1,1,1,1,1,-1,-1,-1,1,1,1,1,-1,-1,1,1,1,1,1,1,-1,-1,1,1,-1,1,1,-1,1,1,1,1,1,1,-1,1,1,1,1,1,1,-1,1,1,1,1,1,1,-1,-1,-1,1,1,1,1,-1,1,-1,1,1,-1,1,-1,1,-1,1,1,1,-1,-1,1,1,1,1,1,-1,1,-1,-1,1,-1,1,-1,1,1,1,1,1,1,1,1,1,-1,1,-1,1,-1,1,1,-1,1,-1,1,1,-1,1,-1,1,-1,1,-1,1,1,-1,1,-1,1,1,1,1,-1,-1,1,1,-1,-1,1,-1,1,-1,-1,1,-1,1,-1,1,-1,1,-1,-1,1,-1,-1,-1,1,1,-1,1,-1,1,1,1,-1,1,1,-1,1,-1,1,-1,1,-1,1,-1,1,1,-1,1,-1,-1,-1,1,1,-1,1,-1,-1,-1,1,1,-1,-1,1,1,-1,-1,1,1,-1,1,1,-1,1,1,1,1,-1,1,-1,1,1,-1,1,-1,1,-1,1,1,1,1,1,1,-1,-1,1,-1,-1,-1,1,1,-1,1,1,1,-1,1,1,1,1,1,1,-1,1,-1,1,1,1,-1,1,1,-1,1,1,1,-1,1,1,-1,-1,1,1,1,-1,1,-1,1,1,1,-1,1,1,-1,1,1,1,-1,1,1,-1,1,1,1,-1,1,1,-1,-1,1,1,-1,1,1,-1,1,-1,1,-1,1,1,1,-1,1,1,1,1,1,1,-1,1,1,-1,1,1,1,-1,-1,-1,-1,1,1,1,-1,1,1,-1,1,1,-1,-1,1,1,1,1,1,-1,1,1,1,-1,1,1,1,-1,-1,1,1,1,-1,1,-1,1,-1,1,1,1,1,-1,-1,-1,1,-1,-1,1,1,-1,1,1,1,1,1,1,1,-1,1,-1,-1,1,-1,1,-1,1,-1,1,1,1,1,-1,-1,1,-1,1,1,1,-1,1,1,1,-1,1,1,-1,1,-1,-1,1,1,1,-1,1,-1,1,1,1,1,-1,1,-1,1,1,1,-1,1,1,-1,-1,1,1,-1,-1,1,-1,1,1,1,-1,1,-1,-1,-1,1,1,-1,-1,1,-1,1,1,1,1,-1,1,-1,-1,-1,1,1,-1,-1,-1,1,-1,1,-1,-1,1,-1,-1,1,-1,1,-1,-1,1,-1,1,-1,1,1,-1,1,-1,-1,1,1,1,-1,1,-1,1,-1,-1,-1,1,-1,-1,1,1,-1,-1,-1,1,-1,1,1,-1,1,1,1,-1,1,1,-1,1,-1,1,1,-1,1,-1,-1,1,1,-1,-1,1,-1,-1,1,1,1,-1,1,-1,-1,1,1,-1,-1,1,-1,-1,-1,1,1,-1,1,1,-1,-1,1,-1,-1,1,-1,1,-1,1,1,-1,-1,1,-1,-1,-1,-1,-1,1,1,1,-1,1,1,-1,-1,1,-1,1,-1,-1,-1,1,1,-1,-1,-1,-1,-1,1,1,-1,1,1,1,-1,-1,1,1,-1,-1,-1,-1,-1,1,-1,-1,1,-1,-1,-1,1,1,-1,-1,-1,-1,-1,1,-1,-1,1,-1,-1,1,1,1,-1,1,-1,-1,-1,1,1,-1,-1,-1,-1,-1,1,1,1,-1,-1,-1,-1,1,1,-1,-1,-1,-1,1,1,1,1,-1,-1,1,1,1,1,1,-1,-1,-1,1,1,1,1,1,-1,1,1,1,1,-1,1,-1,-1,1,-1,1,-1,1,-1,-1,1,-1,1,-1,-1,-1,-1,1,-1,1,-1,1,1,-1,1,-1,1,-1,1,1,-1,1,-1,1,-1,-1,-1,-1,1,1,-1,-1,-1,-1,-1,1,-1,1,-1,-1,-1,-1,-1,-1,-1,1,-1,-1,-1,1,-1,-1,1,-1,-1,-1,-1,-1,-1,1,-1,-1,-1,-1,-1,1,-1,-1,-1,1,-1,-1,1,-1,1,-1,-1,-1,-1,-1,-1,-1,1,-1,-1,-1,1,1,-1,-1,-1,1,-1,-1,-1,-1,-1,1,-1,-1,1,-1,1,-1,-1,-1,-1,1,-1,1,1,-1,1,-1,-1,1,1,-1,-1,-1,-1,-1,-1,1,1,-1,-1,1,-1,1,1,-1,-1,-1,1,-1,1,1,-1,-1,1,-1,-1,1,1,1,-1,1,-1,1,1,1,-1,-1,1,-1,-1,1,1,1,-1,1,-1,-1,1,1,-1,1,1,-1,-1,1,1,-1,1,1,-1,-1,1,1,-1,1,1,-1,-1,1,1,1,1,-1,1,-1,1,1,-1,1,1,-1,-1,1,-1,1,1,1,1,-1,-1,1,-1,1,1,1,-1,1,1,1,1,-1,1,-1,1,1,1,1,1,1,1,-1,-1,1,1,1,-1,1,-1,1,1,1,1,1,-1,1,1,1,1,-1,1,1,-1,1,1,-1,1,1,-1,-1,1,1,1,1,-1,1,-1,1,1,1,-1,-1,1,-1,1,1,1,-1,1,-1,-1,-1,1,1,-1,-1,1,-1,-1,1,1,-1,-1,1,-1,1,1,1,1,-1,1,-1,-1,1,1,-1,-1,1,1,1,1,1,-1,1,1,-1,1,1,-1,-1,1,-1,-1,-1,1,1,-1,1,1,1,1,1,-1,-1,-1,-1,1,-1,-1,-1,-1,1,-1,1,1,1,-1,1,1,-1,1,1,1,1,-1,1,-1,1,1,1,-1,-1,1,-1,1,1,1,-1,-1,1,-1,1,1,1,-1,-1,1,-1,1,1,1,1,-1,1,-1,-1,1,1,-1,-1,-1,1,-1,1,-1,1,-1,1,-1,-1,1,-2668.0,1,2000,445,500,False
1486,1,1,-1,-1,1,1,-1,-1,1,1,1,-1,1,1,1,1,-1,1,-1,-1,-1,-1,1,1,1,-1,-1,-1,1,1,1,1,1,-1,-1,-1,1,-1,1,1,-1,-1,-1,1,1,1,-1,-1,1,1,1,1,-1,1,-1,-1,1,-1,1,1,1,-1,-1,-1,1,1,1,-1,-1,-1,-1,1,1,1,1,-1,-1,-1,1,1,1,-1,-1,-1,1,1,1,1,-1,-1,-1,1,1,1,1,-1,-1,1,1,-1,1,1,-1,-1,1,1,1,1,1,-1,-1,1,1,1,1,1,-1,-1,1,1,1,1,1,1,-1,-1,1,1,-1,1,1,-1,1,1,1,1,1,1,-1,-1,1,1,1,1,1,-1,1,1,1,1,1,1,-1,-1,-1,1,1,1,1,-1,1,1,1,1,-1,1,-1,1,-1,1,1,1,-1,-1,1,1,1,1,1,-1,1,-1,-1,1,-1,1,-1,1,1,1,1,1,1,-1,1,1,-1,1,-1,1,1,-1,1,-1,1,-1,1,-1,-1,1,-1,1,-1,1,-1,1,1,-1,-1,-1,1,1,1,1,-1,-1,1,1,-1,-1,1,-1,1,-1,-1,1,-1,1,-1,1,-1,1,-1,1,1,-1,-1,-1,1,-1,1,1,-1,1,1,1,1,1,1,-1,1,-1,-1,1,1,-1,1,-1,1,-1,1,1,-1,-1,-1,1,1,1,1,-1,-1,-1,1,1,-1,1,1,1,-1,-1,1,1,1,1,1,-1,1,1,-1,1,-1,1,-1,1,1,1,1,-1,1,1,1,1,1,1,1,1,-1,-1,1,-1,1,-1,1,1,-1,1,1,1,-1,1,1,1,1,1,1,1,1,-1,1,1,1,-1,-1,1,-1,1,1,-1,-1,1,1,-1,-1,1,1,1,-1,1,-1,1,1,1,-1,1,1,-1,1,1,1,-1,1,1,-1,1,1,1,-1,1,1,1,-1,1,1,-1,1,1,-1,1,-1,1,-1,1,1,1,-1,1,1,1,1,1,1,-1,1,1,-1,1,1,1,-1,-1,-1,-1,1,1,1,-1,1,1,-1,1,1,-1,-1,1,1,1,1,1,-1,1,1,1,-1,1,1,1,1,-1,1,1,1,-1,1,-1,1,1,1,1,1,1,-1,-1,-1,1,-1,-1,1,-1,1,-1,1,1,1,1,1,1,-1,1,-1,-1,1,-1,1,-1,1,1,1,1,1,1,-1,-1,1,-1,1,1,-1,-1,1,1,1,-1,1,1,-1,-1,1,-1,1,1,-1,-1,1,1,1,1,-1,1,-1,1,-1,1,1,-1,-1,-1,1,-1,1,1,-1,-1,-1,1,-1,1,1,1,-1,-1,1,1,-1,1,-1,-1,-1,1,-1,1,1,-1,1,-1,1,1,-1,1,-1,-1,-1,-1,-1,1,1,-1,-1,-1,1,-1,-1,1,-1,-1,-1,-1,1,-1,1,-1,-1,-1,-1,1,-1,-1,1,1,1,-1,1,-1,1,-1,1,-1,1,-1,-1,-1,1,-1,-1,-1,1,1,-1,1,-1,1,1,1,-1,1,1,-1,-1,-1,1,-1,-1,1,-1,-1,1,1,1,-1,1,-1,-1,1,1,-1,-1,1,-1,-1,1,1,-1,-1,1,-1,-1,-1,1,1,-1,1,-1,-1,-1,1,-1,-1,1,-1,1,-1,1,1,-1,-1,1,-1,-1,-1,-1,-1,1,1,1,-1,-1,1,-1,-1,1,-1,-1,1,-1,-1,1,1,-1,-1,1,-1,-1,1,1,-1,1,-1,1,-1,-1,1,1,-1,-1,-1,-1,-1,1,-1,-1,1,-1,-1,-1,1,1,-1,-1,-1,-1,-1,1,-1,-1,-1,-1,-1,-1,1,1,-1,-1,-1,-1,1,1,1,-1,-1,-1,-1,-1,1,1,1,-1,-1,-1,-1,1,1,-1,-1,-1,-1,1,1,1,1,1,-1,1,1,1,1,1,1,-1,-1,1,1,1,1,1,-1,1,1,1,1,-1,1,-1,-1,1,-1,1,-1,1,-1,-1,1,-1,1,1,1,-1,-1,1,-1,1,-1,1,1,-1,1,-1,1,1,1,1,-1,1,-1,1,1,1,-1,-1,1,1,-1,1,1,-1,-1,1,-1,1,-1,1,-1,-1,-1,-1,-1,1,1,-1,-1,1,-1,-1,1,1,-1,-1,-1,-1,1,-1,1,-1,-1,-1,-1,1,-1,-1,-1,1,-1,-1,1,-1,1,-1,-1,-1,-1,-1,-1,1,1,-1,-1,-1,1,1,1,-1,-1,1,-1,-1,-1,1,-1,1,-1,-1,1,1,1,-1,-1,-1,-1,1,-1,1,1,-1,1,-1,-1,1,1,-1,-1,-1,-1,-1,-1,1,1,-1,-1,1,-1,1,1,-1,-1,-1,1,-1,1,1,-1,-1,1,1,-1,1,1,1,-1,1,-1,1,1,1,-1,-1,1,-1,-1,1,1,1,1,-1,1,-1,1,1,1,-1,1,-1,-1,1,1,-1,1,-1,1,-1,1,1,1,1,1,-1,-1,1,1,1,1,1,-1,-1,-1,1,1,1,-1,-1,-1,1,-1,1,1,1,-1,-1,-1,1,-1,1,1,-1,-1,1,1,1,1,1,-1,1,1,1,1,1,1,-1,1,-1,1,1,1,1,-1,1,-1,1,1,1,-1,1,-1,1,1,1,1,-1,1,1,-1,1,1,-1,1,1,-1,-1,1,1,1,1,-1,1,-1,1,1,1,-1,-1,1,-1,1,1,1,-1,1,-1,-1,-1,1,1,-1,-1,1,-1,-1,1,1,1,-1,1,-1,-1,1,1,1,-1,1,-1,-1,1,1,-1,-1,-1,1,-1,1,1,-1,1,1,-1,1,1,-1,-1,1,-1,-1,-1,1,1,-1,1,1,-1,1,1,-1,-1,-1,-1,1,-1,-1,-1,-1,1,-1,-1,1,1,-1,1,1,-1,1,1,1,1,-1,1,-1,1,1,1,1,-1,1,-1,-1,1,1,1,-1,1,-1,1,1,1,1,-1,1,-1,1,1,1,-1,-1,1,-1,-1,1,1,-1,-1,-1,1,-1,1,-1,1,-1,1,-1,-1,1,-2668.0,1,2000,445,500,False
1487,1,1,-1,-1,1,-1,-1,-1,1,1,1,-1,1,1,1,1,-1,1,-1,-1,-1,-1,1,1,1,-1,1,-1,1,1,1,1,-1,-1,-1,-1,1,1,1,1,-1,-1,-1,1,1,1,1,-1,1,1,1,1,-1,1,-1,-1,1,-1,1,1,1,-1,-1,-1,1,1,1,1,-1,-1,-1,1,1,1,1,-1,-1,-1,1,1,1,-1,-1,-1,1,1,1,1,-1,-1,-1,1,1,1,1,-1,-1,1,1,-1,1,1,-1,-1,1,1,1,1,1,-1,-1,-1,1,-1,1,1,-1,-1,1,1,1,1,1,1,-1,-1,1,1,-1,1,1,-1,1,1,1,1,1,1,-1,1,1,1,1,1,1,-1,1,1,1,1,1,1,-1,-1,-1,1,1,1,1,-1,1,1,1,1,-1,1,-1,1,-1,1,1,1,-1,-1,1,1,1,1,1,-1,1,-1,-1,1,-1,1,-1,1,1,1,1,1,1,1,1,1,-1,1,-1,1,-1,1,1,-1,1,-1,1,1,-1,1,-1,1,-1,1,-1,1,1,-1,1,-1,1,1,1,1,-1,-1,1,1,-1,-1,1,-1,1,-1,-1,1,-1,1,-1,1,-1,1,-1,1,1,-1,-1,-1,1,-1,-1,1,-1,1,1,1,-1,1,-1,-1,1,-1,1,-1,1,1,1,-1,1,1,-1,1,-1,-1,-1,1,1,-1,1,-1,-1,-1,1,1,-1,-1,1,1,-1,-1,1,-1,-1,1,1,-1,1,1,1,1,-1,1,-1,1,1,-1,-1,-1,1,1,-1,1,-1,-1,1,1,-1,-1,1,-1,-1,1,1,1,-1,1,1,-1,1,1,-1,-1,1,1,-1,1,1,-1,1,1,1,-1,1,1,-1,1,1,-1,-1,1,1,-1,-1,1,1,1,-1,1,-1,1,1,1,-1,1,1,-1,1,1,1,-1,1,-1,-1,1,1,1,-1,1,-1,-1,-1,1,1,1,1,-1,-1,1,-1,1,-1,1,1,-1,-1,1,1,-1,-1,1,-1,-1,1,1,-1,1,-1,-1,-1,-1,-1,-1,1,-1,-1,-1,1,1,-1,1,-1,1,-1,1,1,-1,1,-1,-1,1,1,-1,1,1,-1,-1,-1,-1,1,-1,-1,1,-1,-1,1,-1,-1,1,-1,-1,1,-1,-1,1,-1,1,-1,-1,1,-1,-1,1,-1,-1,1,1,-1,1,-1,1,-1,-1,1,-1,-1,-1,-1,-1,-1,1,-1,-1,1,1,-1,-1,1,-1,1,-1,-1,1,-1,1,-1,-1,1,1,-1,-1,1,-1,-1,-1,-1,-1,1,1,-1,-1,1,1,-1,1,-1,1,-1,1,1,-1,1,-1,-1,-1,-1,-1,-1,1,-1,1,-1,1,1,-1,1,-1,-1,1,-1,-1,1,-1,1,-1,1,-1,1,-1,1,1,-1,-1,-1,1,-1,1,-1,-1,1,-1,1,1,1,1,-1,-1,-1,1,-1,1,1,1,-1,1,1,1,-1,1,1,-1,1,1,1,1,1,-1,1,-1,-1,-1,1,-1,1,1,-1,1,-1,1,-1,1,-1,-1,-1,1,1,-1,1,1,-1,-1,-1,1,-1,1,1,-1,1,-1,1,-1,-1,-1,-1,-1,-1,1,-1,-1,-1,-1,-1,-1,1,-1,1,1,1,1,-1,1,-1,1,1,-1,-1,-1,1,-1,-1,1,-1,1,-1,-1,1,1,1,1,-1,-1,1,1,1,1,-1,1,-1,-1,1,1,1,-1,-1,-1,1,1,1,1,-1,1,-1,1,-1,1,-1,1,1,-1,-1,1,1,1,-1,-1,-1,-1,1,1,1,1,-1,-1,-1,1,1,1,1,-1,-1,-1,1,-1,1,-1,-1,-1,1,1,1,1,1,-1,-1,-1,1,1,1,1,-1,-1,-1,1,1,-1,1,-1,-1,-1,1,1,1,1,-1,-1,1,1,1,1,-1,-1,1,1,-1,1,1,-1,-1,-1,1,1,1,1,1,-1,1,1,1,1,1,-1,-1,-1,1,-1,1,-1,-1,-1,-1,1,-1,1,1,-1,-1,-1,1,-1,1,1,-1,-1,-1,1,1,1,1,-1,-1,-1,1,-1,1,1,-1,-1,-1,1,1,-1,-1,-1,-1,-1,1,-1,1,-1,-1,-1,-1,-1,-1,-1,1,-1,-1,-1,1,-1,-1,1,-1,-1,-1,-1,-1,1,1,-1,-1,-1,-1,-1,1,-1,-1,-1,1,-1,-1,1,-1,1,-1,-1,-1,-1,-1,-1,-1,1,-1,-1,-1,1,1,1,-1,-1,1,-1,-1,-1,-1,-1,1,-1,-1,1,1,1,-1,-1,-1,-1,1,-1,1,1,-1,1,-1,-1,1,1,-1,-1,-1,-1,-1,-1,1,1,-1,-1,1,-1,1,1,-1,-1,-1,1,-1,1,1,-1,-1,1,1,-1,1,1,1,-1,1,-1,1,1,1,-1,-1,1,-1,-1,1,1,1,-1,1,-1,-1,1,1,-1,1,1,1,-1,1,1,1,1,1,1,-1,1,1,-1,1,1,1,-1,1,1,1,1,1,1,-1,1,1,1,1,1,1,-1,1,-1,1,1,1,1,1,1,1,-1,1,1,1,-1,1,1,1,1,-1,1,1,1,1,1,1,1,1,1,-1,1,1,1,1,-1,1,-1,1,1,1,1,1,1,1,1,1,1,-1,1,-1,1,1,1,-1,1,1,1,1,-1,1,1,-1,1,1,1,1,1,1,-1,1,1,-1,1,1,1,-1,1,-1,1,1,1,1,-1,-1,1,1,-1,1,1,1,-1,1,1,-1,1,1,1,-1,-1,-1,1,1,1,-1,-1,-1,-1,1,-1,1,-1,1,1,1,1,1,-1,-1,1,1,1,1,1,1,-1,1,-1,1,1,1,-1,-1,-1,-1,-1,-1,-1,-1,-1,-1,-1,1,1,1,-1,1,1,-1,-1,1,1,1,-1,1,-1,1,1,1,-1,-1,1,-1,1,1,1,-1,1,1,-1,1,1,1,-1,-1,1,-1,1,-1,1,1,-1,1,-1,-1,1,1,-1,-1,1,-1,1,1,-1,1,-1,1,-1,-1,1,-2668.0,1,2000,445,0,False
1488,1,1,-1,-1,1,-1,-1,-1,1,1,1,-1,1,1,1,1,-1,1,-1,-1,1,-1,1,1,1,1,-1,-1,1,1,1,1,-1,-1,-1,-1,1,1,1,1,-1,-1,-1,1,1,1,1,-1,1,1,1,1,-1,1,-1,-1,1,-1,1,1,1,-1,-1,-1,1,1,1,1,-1,-1,-1,1,1,1,1,-1,-1,-1,1,1,1,-1,-1,-1,1,1,1,1,-1,-1,-1,1,1,1,1,-1,-1,1,1,-1,1,1,-1,-1,1,1,1,1,1,-1,-1,1,1,1,1,1,-1,-1,1,1,1,1,1,1,-1,1,1,1,-1,1,1,-1,1,1,1,1,1,1,-1,-1,1,1,1,1,1,-1,1,1,1,1,1,1,-1,-1,-1,1,1,1,1,-1,1,1,1,1,-1,1,-1,1,-1,1,1,1,-1,-1,1,1,1,1,1,-1,1,-1,-1,1,-1,1,-1,1,1,1,1,1,1,1,1,1,1,1,-1,1,-1,1,1,-1,1,-1,1,1,-1,1,-1,1,-1,1,-1,1,1,-1,1,-1,1,1,1,1,-1,-1,1,1,-1,-1,1,-1,1,-1,-1,1,-1,1,-1,1,-1,1,-1,1,1,-1,-1,-1,1,1,-1,1,-1,1,1,1,-1,1,1,-1,1,-1,1,-1,1,-1,1,-1,1,1,-1,1,-1,-1,-1,1,1,-1,1,-1,-1,-1,1,1,-1,-1,1,1,-1,-1,1,1,-1,1,1,-1,1,1,1,1,-1,1,-1,1,1,-1,1,-1,1,1,1,1,1,1,1,1,-1,-1,1,-1,-1,1,1,1,-1,1,1,1,-1,1,1,1,1,1,1,1,1,-1,1,1,1,-1,-1,1,-1,1,1,1,-1,1,1,-1,-1,1,1,1,-1,1,-1,1,1,1,-1,1,1,-1,1,1,1,-1,1,1,-1,1,1,1,-1,1,1,1,-1,1,1,-1,1,1,-1,1,-1,1,-1,1,-1,1,-1,1,1,1,1,-1,1,-1,1,1,-1,1,1,1,-1,-1,-1,-1,1,1,1,-1,1,1,-1,1,1,-1,-1,1,1,1,1,1,-1,1,1,1,-1,1,1,1,-1,-1,1,1,1,-1,1,-1,1,-1,1,1,1,1,-1,-1,-1,1,-1,1,1,1,-1,1,1,1,1,1,1,1,-1,1,-1,-1,1,-1,1,-1,1,1,-1,1,1,1,-1,-1,1,-1,1,1,1,-1,1,1,1,-1,1,1,-1,-1,1,-1,1,1,1,-1,1,1,1,1,1,1,-1,1,-1,1,1,1,-1,1,1,-1,-1,1,1,-1,-1,1,-1,1,1,1,-1,-1,1,-1,-1,1,1,-1,-1,1,-1,1,1,1,1,-1,1,-1,-1,-1,1,1,-1,1,-1,1,-1,1,-1,-1,1,-1,-1,1,-1,1,-1,-1,1,-1,1,-1,1,-1,1,1,-1,-1,1,1,1,-1,1,-1,1,-1,-1,1,1,-1,-1,-1,1,-1,1,1,1,1,-1,1,-1,-1,1,1,-1,1,1,-1,1,-1,1,-1,-1,1,-1,-1,1,1,1,-1,1,-1,-1,1,1,-1,-1,1,-1,1,1,1,-1,-1,1,-1,-1,-1,1,1,-1,1,1,-1,-1,1,-1,-1,1,-1,1,-1,1,1,-1,-1,1,-1,-1,-1,-1,-1,1,1,1,-1,1,1,-1,-1,1,-1,1,-1,-1,-1,1,1,-1,-1,-1,-1,-1,1,1,-1,1,1,1,-1,-1,1,1,-1,-1,-1,-1,-1,1,-1,-1,1,-1,-1,-1,1,1,-1,-1,-1,-1,-1,1,-1,-1,1,-1,-1,1,1,1,-1,1,-1,-1,-1,1,1,-1,-1,-1,-1,-1,1,1,1,-1,-1,-1,-1,1,1,-1,-1,-1,-1,1,1,1,1,-1,-1,1,1,1,1,1,-1,-1,-1,1,1,1,-1,1,-1,1,1,1,1,-1,1,-1,-1,1,-1,1,-1,1,-1,-1,1,-1,1,-1,-1,-1,-1,1,-1,1,-1,1,-1,-1,1,-1,1,-1,1,-1,-1,1,-1,1,-1,-1,-1,-1,1,1,-1,-1,-1,-1,-1,1,-1,1,-1,-1,-1,-1,-1,-1,-1,1,-1,-1,-1,1,-1,-1,1,-1,-1,-1,-1,-1,1,1,-1,-1,-1,-1,-1,1,-1,-1,-1,1,-1,-1,1,-1,1,-1,-1,-1,-1,-1,-1,-1,1,-1,-1,-1,1,1,-1,-1,-1,1,1,-1,-1,-1,-1,1,-1,-1,1,1,1,-1,-1,-1,-1,1,-1,1,1,-1,1,-1,-1,1,1,-1,-1,-1,-1,-1,-1,1,1,-1,-1,1,-1,1,1,-1,-1,-1,1,-1,1,1,-1,-1,1,-1,-1,1,1,1,-1,1,-1,1,1,1,-1,-1,1,-1,-1,1,-1,1,-1,1,-1,-1,1,1,-1,1,1,-1,-1,1,1,-1,1,1,-1,-1,1,1,-1,1,1,-1,-1,1,1,1,1,1,1,-1,1,1,1,-1,1,-1,-1,1,-1,1,1,1,1,-1,-1,1,-1,1,1,1,-1,1,-1,1,1,-1,1,-1,1,1,1,1,1,1,1,-1,-1,1,1,1,-1,1,-1,1,1,1,1,1,-1,1,-1,1,1,-1,1,1,-1,1,1,-1,1,1,-1,-1,1,1,1,1,-1,1,-1,-1,1,1,-1,-1,1,-1,1,1,1,-1,1,-1,-1,-1,1,1,-1,-1,1,-1,-1,1,1,1,-1,1,-1,-1,1,1,1,-1,-1,-1,-1,1,1,-1,-1,-1,1,-1,-1,1,-1,1,1,-1,1,1,-1,-1,1,-1,-1,-1,1,1,-1,1,1,-1,1,1,-1,-1,1,-1,1,-1,-1,-1,-1,1,-1,-1,1,1,-1,1,1,-1,1,1,1,1,-1,1,-1,1,1,1,1,-1,1,-1,-1,1,1,1,-1,1,-1,1,1,1,1,-1,1,-1,1,1,-1,-1,-1,1,-1,-1,1,1,-1,-1,-1,1,-1,1,-1,1,-1,1,-1,-1,1,-2668.0,1,2000,445,0,False
1489,-1,-1,1,1,1,1,-1,1,-1,-1,-1,1,-1,1,-1,-1,1,-1,1,1,1,-1,-1,-1,-1,1,-1,-1,-1,-1,-1,-1,1,1,-1,-1,1,-1,-1,-1,1,-1,-1,-1,-1,-1,-1,-1,1,1,-1,-1,1,-1,1,-1,-1,1,-1,-1,-1,1,1,1,-1,-1,-1,-1,-1,-1,-1,1,-1,-1,-1,-1,1,-1,1,-1,-1,1,1,-1,1,-1,-1,-1,-1,1,-1,-1,-1,-1,-1,-1,-1,1,1,1,-1,-1,-1,-1,1,1,1,-1,-1,-1,-1,1,1,1,-1,-1,-1,-1,1,1,1,-1,-1,-1,-1,1,1,1,1,-1,-1,-1,1,1,1,-1,-1,-1,-1,1,1,1,1,-1,-1,-1,-1,1,1,1,-1,-1,-1,1,-1,1,1,1,-1,-1,1,1,1,1,-1,-1,1,1,-1,1,-1,-1,-1,-1,1,1,1,1,-1,-1,1,-1,-1,1,-1,-1,-1,1,-1,1,1,1,-1,-1,1,1,-1,1,1,-1,-1,-1,1,-1,1,1,-1,-1,-1,1,-1,1,1,-1,-1,1,1,-1,1,1,-1,1,1,1,-1,-1,1,1,-1,-1,1,-1,1,1,-1,1,-1,1,-1,1,1,-1,1,1,1,-1,-1,1,-1,-1,1,1,-1,1,-1,-1,1,1,-1,-1,1,1,-1,1,1,1,1,-1,-1,-1,1,1,-1,-1,1,-1,-1,1,1,-1,-1,-1,1,-1,1,1,1,1,-1,1,-1,1,1,1,1,-1,-1,-1,-1,1,-1,1,-1,-1,-1,1,1,-1,1,1,-1,-1,-1,1,1,1,-1,-1,-1,1,1,-1,1,1,-1,-1,1,1,-1,1,-1,-1,-1,1,-1,1,1,-1,-1,-1,1,-1,1,1,-1,-1,1,-1,-1,1,1,-1,1,1,-1,1,-1,1,-1,1,1,1,-1,1,1,-1,-1,1,1,-1,1,-1,-1,-1,1,1,-1,1,-1,-1,1,-1,1,1,1,-1,-1,1,-1,1,-1,1,1,-1,1,-1,1,-1,-1,1,-1,-1,1,1,-1,1,-1,-1,1,1,-1,-1,1,1,-1,1,-1,1,-1,1,-1,1,1,-1,1,-1,1,-1,1,1,-1,-1,1,1,-1,-1,1,-1,1,-1,-1,1,-1,1,1,-1,-1,1,-1,-1,1,-1,-1,1,-1,1,-1,-1,1,-1,-1,1,-1,-1,-1,1,-1,-1,-1,1,-1,-1,1,-1,-1,-1,-1,-1,-1,1,-1,-1,1,1,-1,-1,1,-1,1,-1,-1,1,-1,1,-1,-1,1,1,-1,-1,-1,-1,-1,-1,-1,1,-1,1,-1,-1,1,1,-1,-1,-1,1,-1,1,1,-1,-1,-1,1,-1,-1,-1,1,-1,-1,1,-1,1,1,1,1,-1,-1,1,-1,-1,1,-1,-1,-1,1,-1,1,-1,1,-1,-1,1,-1,1,-1,1,-1,-1,1,-1,1,1,1,-1,-1,-1,1,1,-1,1,-1,1,-1,1,1,1,-1,1,1,-1,1,1,1,1,1,-1,1,-1,-1,-1,1,-1,-1,1,-1,1,-1,1,-1,1,-1,-1,-1,1,1,-1,1,1,-1,1,-1,1,-1,1,1,-1,1,-1,1,-1,-1,-1,-1,1,-1,1,-1,-1,-1,-1,1,-1,1,-1,1,1,1,1,-1,1,-1,1,1,-1,1,-1,1,-1,-1,1,-1,1,-1,-1,1,1,1,1,1,-1,1,1,1,1,-1,1,-1,-1,1,1,1,-1,-1,-1,1,1,1,1,-1,-1,-1,1,-1,1,-1,1,1,-1,-1,1,1,-1,-1,-1,-1,-1,1,1,-1,1,1,-1,-1,1,1,1,1,1,-1,-1,1,-1,1,-1,1,-1,1,1,1,1,1,1,-1,-1,1,-1,1,-1,1,-1,-1,1,1,-1,1,1,-1,-1,1,1,1,1,1,1,-1,1,1,-1,-1,1,-1,-1,1,1,1,-1,1,-1,-1,1,-1,1,1,1,-1,-1,1,-1,1,-1,1,1,-1,1,-1,1,-1,1,-1,-1,1,-1,1,-1,1,1,-1,1,-1,1,-1,1,-1,-1,1,-1,1,-1,1,1,-1,1,1,1,1,1,-1,1,1,-1,1,1,1,1,-1,1,-1,1,-1,1,1,-1,1,1,-1,1,1,1,-1,1,1,-1,1,1,1,1,1,-1,-1,1,1,1,1,1,-1,1,-1,1,1,1,1,1,-1,1,1,1,1,1,1,-1,1,1,1,1,1,1,1,1,1,1,1,1,1,-1,1,1,1,1,1,-1,1,1,1,1,1,1,1,-1,1,1,1,1,1,-1,1,1,1,1,1,1,-1,-1,1,-1,1,1,1,-1,1,1,1,1,1,-1,-1,1,1,1,1,1,1,-1,1,1,-1,1,1,-1,1,1,1,1,1,1,-1,-1,1,1,1,1,-1,1,-1,1,1,1,1,-1,-1,-1,1,1,1,1,-1,1,-1,1,-1,1,1,1,-1,-1,1,1,-1,1,1,-1,-1,1,1,-1,1,-1,-1,-1,1,-1,-1,1,1,-1,1,1,1,-1,1,1,-1,-1,1,1,-1,1,1,-1,1,1,1,-1,1,1,-1,1,1,-1,1,1,1,-1,1,1,1,1,1,-1,1,1,-1,1,1,1,-1,1,-1,1,1,1,-1,1,1,1,1,-1,-1,1,1,-1,1,1,1,-1,1,-1,-1,1,-1,1,-1,1,-1,1,-1,1,-1,1,1,-1,-1,1,1,-1,-1,1,1,-1,1,1,-1,-1,1,1,-1,-1,-1,1,1,-1,-1,-1,-1,-1,1,1,-1,-1,1,1,1,1,1,-1,-1,1,1,1,-1,-1,1,-1,1,-1,1,1,-1,1,-1,-1,-1,-1,-1,-1,-1,-1,1,-1,1,1,1,-1,1,1,-1,-1,1,-1,-1,-1,1,-1,1,1,1,1,-1,1,-1,1,1,1,-1,1,1,-1,1,1,1,-1,-1,1,-1,1,-1,-1,-1,-1,1,-1,-1,1,1,-1,1,1,-1,1,1,-1,1,-1,1,-1,-1,1,-2668.0,1,2000,445,1500,True
1490,-1,-1,1,1,1,1,-1,1,-1,-1,-1,1,-1,1,-1,-1,1,-1,1,1,-1,-1,-1,-1,-1,1,-1,-1,-1,-1,-1,-1,1,1,-1,-1,1,-1,-1,-1,1,-1,-1,-1,-1,-1,1,1,-1,1,-1,-1,1,1,1,-1,-1,1,-1,-1,1,1,1,1,-1,-1,-1,1,1,-1,-1,1,-1,-1,1,-1,-1,-1,1,-1,-1,-1,1,-1,1,-1,-1,1,1,1,-1,-1,-1,-1,1,1,-1,1,1,1,-1,1,1,-1,1,1,-1,-1,1,1,-1,1,1,1,-1,1,1,-1,1,1,-1,-1,1,1,-1,1,1,-1,1,1,1,-1,1,1,-1,1,1,1,-1,-1,1,-1,1,1,1,-1,1,1,1,-1,1,1,-1,-1,-1,1,-1,1,1,-1,1,1,1,1,1,1,-1,1,1,-1,1,1,-1,-1,1,1,-1,-1,1,-1,1,-1,-1,1,1,1,-1,1,1,1,1,1,1,1,1,1,-1,1,1,1,-1,1,1,-1,1,1,1,1,-1,1,-1,-1,1,1,-1,1,1,-1,1,1,1,1,1,1,-1,-1,1,1,-1,-1,1,-1,1,1,-1,1,-1,1,-1,1,1,1,-1,-1,1,-1,-1,1,-1,1,-1,1,-1,1,1,1,-1,1,1,-1,1,-1,1,-1,1,-1,1,-1,-1,1,-1,1,-1,-1,1,1,1,-1,1,-1,-1,-1,1,1,-1,-1,1,1,-1,1,1,1,-1,1,1,-1,-1,-1,1,1,-1,1,-1,-1,-1,1,-1,-1,1,1,-1,-1,1,1,1,1,-1,-1,-1,1,-1,1,1,1,-1,-1,1,1,-1,1,-1,1,-1,1,1,1,1,-1,-1,1,1,-1,-1,1,-1,-1,1,1,-1,1,1,-1,1,-1,1,1,-1,1,-1,1,1,1,-1,1,1,-1,-1,1,1,-1,1,-1,-1,-1,1,1,-1,1,-1,-1,1,-1,1,-1,1,-1,-1,1,-1,1,-1,1,1,-1,1,-1,1,1,-1,1,-1,-1,1,1,-1,1,-1,-1,1,1,-1,-1,1,1,-1,1,-1,1,-1,1,-1,1,1,-1,1,1,1,-1,1,1,-1,1,-1,1,-1,-1,1,-1,1,1,1,1,-1,1,1,1,1,1,-1,-1,1,-1,-1,1,-1,1,-1,-1,1,-1,1,-1,-1,-1,-1,1,-1,1,-1,1,-1,-1,1,-1,1,1,-1,-1,-1,1,-1,-1,1,1,-1,-1,1,-1,1,1,-1,1,-1,1,-1,-1,1,1,-1,-1,-1,-1,1,1,-1,1,-1,1,-1,1,-1,1,-1,-1,-1,-1,1,-1,1,-1,-1,-1,-1,1,-1,-1,-1,-1,-1,-1,1,-1,1,-1,1,-1,-1,1,-1,-1,1,-1,-1,-1,1,1,1,-1,1,-1,-1,-1,1,1,-1,1,-1,-1,1,1,1,1,1,-1,-1,-1,1,1,-1,1,-1,-1,-1,1,1,1,-1,1,1,-1,1,1,1,1,1,1,1,-1,-1,-1,1,-1,-1,1,-1,1,-1,1,-1,1,-1,-1,-1,1,1,-1,1,1,-1,1,-1,1,-1,1,1,-1,1,-1,1,-1,-1,-1,-1,1,-1,1,-1,-1,-1,-1,1,-1,1,-1,1,1,1,1,-1,1,-1,1,1,-1,1,-1,1,-1,-1,1,-1,1,-1,-1,1,1,1,1,1,-1,-1,1,1,1,-1,1,-1,1,1,1,1,-1,-1,-1,1,1,1,1,-1,-1,-1,1,-1,1,-1,1,1,-1,-1,1,1,1,-1,1,-1,-1,1,1,1,1,1,1,-1,1,1,1,1,-1,1,-1,1,-1,1,-1,1,1,-1,1,1,1,1,1,1,-1,1,-1,1,1,1,1,-1,1,1,-1,1,1,1,1,1,1,1,1,1,1,-1,1,1,-1,-1,1,-1,-1,1,1,1,-1,1,-1,-1,1,-1,1,1,1,-1,-1,1,-1,1,-1,1,1,-1,1,-1,1,-1,1,-1,-1,1,-1,1,-1,1,-1,-1,1,-1,1,-1,1,1,-1,1,-1,1,-1,1,1,-1,1,1,1,1,1,-1,1,1,-1,1,1,1,1,-1,1,-1,1,-1,1,1,-1,1,1,-1,1,1,-1,1,1,1,-1,1,1,1,-1,1,-1,-1,1,1,-1,1,1,-1,1,-1,1,-1,-1,1,1,-1,1,1,-1,-1,1,1,-1,1,1,-1,-1,-1,1,1,1,1,-1,1,1,1,-1,1,1,-1,-1,1,-1,1,1,1,-1,-1,-1,1,-1,1,1,-1,1,-1,-1,1,1,1,-1,-1,-1,-1,-1,1,-1,-1,-1,1,-1,1,1,-1,-1,-1,1,-1,1,1,1,-1,1,-1,-1,1,1,1,-1,1,-1,1,1,1,-1,-1,1,-1,-1,1,1,-1,-1,1,-1,-1,1,1,-1,1,1,-1,-1,1,1,-1,-1,1,-1,-1,1,1,-1,-1,1,-1,-1,1,1,-1,1,-1,1,-1,-1,1,-1,-1,1,-1,-1,1,-1,1,-1,1,1,-1,-1,1,-1,1,1,1,-1,1,1,-1,1,-1,1,-1,1,1,-1,1,1,1,1,-1,1,-1,1,1,-1,1,-1,1,-1,1,1,1,-1,1,1,1,1,-1,1,1,-1,1,1,-1,1,1,-1,-1,1,-1,1,1,-1,1,-1,1,-1,1,-1,-1,1,-1,1,-1,1,-1,1,-1,-1,-1,1,1,-1,-1,1,-1,-1,-1,1,1,-1,1,-1,-1,-1,1,1,-1,1,-1,-1,1,1,-1,-1,-1,1,-1,1,1,-1,1,1,-1,1,1,-1,-1,1,1,-1,-1,-1,1,-1,1,1,-1,1,1,-1,-1,1,-1,1,-1,-1,-1,-1,1,-1,-1,1,1,-1,1,1,-1,1,1,1,1,-1,1,-1,1,1,1,1,-1,1,-1,-1,-1,1,1,-1,1,-1,1,1,1,1,-1,1,-1,1,1,1,-1,-1,1,-1,-1,1,1,-1,-1,-1,1,-1,1,1,1,-1,1,-1,-1,1,-2668.0,1,2000,445,1500,True
1491,-1,-1,1,1,1,1,-1,1,-1,-1,-1,1,-1,1,-1,-1,1,-1,1,1,1,-1,-1,-1,-1,1,-1,-1,-1,-1,-1,-1,1,1,-1,-1,1,-1,-1,-1,1,-1,-1,-1,-1,-1,-1,-1,1,1,-1,-1,1,-1,1,-1,-1,1,-1,-1,-1,1,1,1,-1,-1,-1,-1,-1,-1,-1,1,-1,-1,-1,-1,1,-1,1,-1,-1,1,1,-1,1,-1,-1,1,-1,1,-1,-1,1,-1,-1,-1,-1,1,1,1,-1,-1,-1,-1,1,1,1,-1,-1,-1,-1,1,1,1,-1,-1,-1,-1,1,1,1,-1,-1,-1,-1,1,1,1,-1,-1,-1,-1,1,1,1,-1,-1,-1,-1,1,1,1,-1,-1,-1,-1,-1,1,1,1,-1,-1,-1,1,-1,1,1,-1,-1,-1,1,1,1,1,-1,1,-1,1,-1,1,1,1,-1,-1,1,1,1,-1,-1,-1,1,-1,-1,1,1,1,-1,1,1,1,1,-1,1,-1,1,1,-1,1,-1,1,-1,1,1,-1,1,-1,-1,-1,-1,1,-1,1,-1,1,-1,1,1,-1,-1,-1,1,-1,-1,1,-1,-1,1,1,-1,-1,1,-1,1,1,-1,1,-1,1,-1,1,-1,1,-1,1,1,-1,-1,1,1,1,-1,1,-1,1,1,1,-1,1,1,-1,1,-1,1,-1,1,-1,1,-1,1,1,-1,1,-1,-1,-1,1,1,-1,1,-1,-1,-1,-1,1,1,-1,1,1,-1,-1,1,-1,-1,1,1,-1,1,1,1,-1,-1,1,-1,1,1,-1,1,-1,1,1,-1,1,-1,-1,-1,1,-1,-1,1,-1,1,-1,1,1,-1,1,1,1,-1,1,-1,-1,1,1,-1,-1,1,-1,-1,1,-1,1,-1,1,-1,-1,1,1,-1,1,1,-1,1,-1,1,-1,-1,1,-1,1,1,1,1,1,1,-1,1,1,1,1,1,-1,-1,1,1,1,1,1,-1,-1,1,-1,1,1,1,-1,-1,1,-1,1,-1,1,1,-1,1,-1,1,1,1,1,-1,-1,1,1,1,-1,-1,-1,1,1,-1,-1,1,1,-1,1,-1,1,-1,1,-1,1,1,-1,1,1,1,-1,1,1,-1,1,-1,1,-1,-1,1,-1,1,1,1,1,-1,1,1,-1,1,1,-1,-1,1,-1,-1,1,-1,1,-1,-1,1,-1,-1,1,-1,-1,-1,1,-1,1,-1,1,-1,-1,1,-1,1,1,-1,-1,-1,1,-1,-1,1,1,-1,-1,1,-1,1,1,-1,1,-1,1,-1,1,1,1,-1,-1,-1,-1,1,1,-1,-1,-1,1,-1,1,-1,1,-1,-1,-1,1,1,-1,1,-1,-1,-1,-1,1,-1,-1,-1,-1,-1,-1,1,-1,1,-1,-1,-1,-1,1,-1,-1,1,-1,-1,-1,-1,1,1,-1,-1,-1,-1,-1,1,1,-1,1,-1,-1,-1,1,1,1,1,-1,-1,-1,1,1,-1,1,-1,-1,-1,1,1,1,-1,1,1,-1,1,1,1,1,1,1,1,-1,-1,-1,1,-1,-1,1,-1,1,-1,1,-1,1,-1,-1,-1,1,1,-1,1,1,-1,1,-1,1,-1,1,1,-1,1,-1,1,-1,-1,-1,-1,1,-1,1,-1,-1,-1,-1,1,-1,1,-1,1,1,1,1,-1,1,-1,1,1,-1,1,-1,1,-1,-1,1,-1,1,-1,-1,1,1,1,1,1,-1,1,1,1,1,-1,1,-1,-1,1,1,1,-1,-1,-1,1,1,1,1,-1,-1,-1,1,-1,1,-1,1,1,-1,-1,1,1,1,-1,-1,-1,-1,1,1,1,1,1,-1,-1,1,1,1,1,-1,-1,-1,1,-1,1,-1,1,-1,-1,1,1,1,1,1,-1,-1,1,-1,1,1,1,-1,-1,1,1,-1,1,1,-1,-1,1,1,1,1,1,-1,1,-1,1,-1,1,1,1,1,-1,1,1,1,1,-1,1,1,-1,1,1,1,1,1,1,-1,1,-1,1,-1,1,-1,-1,1,-1,1,1,-1,1,-1,1,1,1,1,-1,1,-1,1,1,1,1,1,1,-1,1,-1,1,1,-1,-1,-1,1,1,1,1,1,1,-1,1,1,1,1,1,-1,1,-1,1,1,1,-1,-1,-1,-1,1,1,1,1,-1,1,-1,1,1,1,-1,-1,-1,-1,1,1,1,-1,-1,-1,1,-1,1,1,-1,-1,1,-1,1,1,-1,-1,-1,1,-1,1,1,1,-1,-1,1,1,1,1,1,1,-1,1,-1,1,1,1,-1,-1,-1,1,1,1,1,-1,-1,1,-1,1,1,1,-1,-1,-1,1,1,1,1,-1,-1,-1,-1,1,-1,1,-1,1,-1,1,1,1,1,1,-1,-1,1,1,1,1,-1,1,-1,1,1,-1,1,-1,-1,1,1,1,1,-1,1,-1,-1,1,1,1,1,1,-1,-1,1,1,1,-1,1,1,-1,1,1,1,1,1,1,-1,1,1,1,1,1,1,-1,1,1,-1,1,1,-1,-1,1,1,-1,1,1,1,-1,1,-1,-1,1,1,1,-1,-1,1,-1,1,1,1,-1,1,1,-1,1,1,1,-1,1,1,-1,1,1,1,-1,-1,1,1,1,1,-1,1,-1,1,1,1,1,-1,1,-1,1,1,1,-1,-1,1,-1,1,1,-1,1,-1,-1,-1,1,-1,1,-1,1,-1,-1,1,-1,1,-1,-1,-1,-1,1,-1,1,-1,-1,-1,-1,-1,1,1,-1,1,-1,-1,1,-1,1,-1,1,-1,1,-1,-1,1,1,1,1,-1,-1,1,-1,-1,-1,1,1,-1,1,-1,-1,1,-1,-1,1,1,-1,-1,1,-1,-1,-1,-1,1,-1,1,1,-1,1,-1,1,-1,-1,-1,1,-1,-1,-1,-1,1,-1,-1,1,1,-1,1,1,-1,1,1,-1,-1,-1,1,-1,1,1,1,1,-1,1,-1,-1,-1,1,-1,-1,1,-1,1,1,1,1,-1,1,-1,1,1,-1,-1,-1,1,-1,-1,1,1,-1,-1,-1,1,-1,1,-1,1,-1,1,-1,-1,1,-2668.0,1,2000,445,1500,True
1492,-1,-1,1,1,1,1,-1,1,-1,-1,-1,1,-1,1,-1,-1,1,-1,1,1,1,-1,-1,-1,-1,1,-1,-1,-1,-1,-1,-1,1,1,-1,-1,1,-1,-1,-1,1,-1,-1,-1,-1,-1,-1,-1,1,1,-1,-1,1,-1,1,-1,-1,1,-1,-1,-1,1,1,1,-1,-1,-1,-1,-1,-1,-1,1,-1,-1,-1,-1,1,-1,1,-1,-1,1,1,-1,1,-1,-1,-1,-1,1,-1,-1,-1,-1,-1,-1,-1,1,1,1,-1,-1,-1,-1,1,1,1,-1,-1,-1,-1,1,1,1,-1,-1,-1,-1,1,1,1,-1,-1,-1,-1,1,1,1,1,-1,-1,-1,1,1,1,1,-1,-1,-1,1,1,1,1,-1,-1,-1,-1,1,1,1,-1,-1,-1,1,-1,1,1,1,-1,-1,1,1,1,1,-1,-1,1,1,-1,1,-1,-1,-1,-1,1,1,1,1,-1,-1,1,-1,-1,1,-1,-1,-1,1,1,1,1,1,-1,-1,1,1,-1,1,1,-1,-1,1,1,-1,1,1,-1,-1,-1,1,-1,1,1,-1,1,1,1,-1,1,1,-1,1,1,1,-1,-1,1,1,-1,-1,1,-1,1,1,-1,1,-1,1,-1,1,1,-1,1,1,1,-1,-1,1,-1,-1,1,1,-1,1,-1,-1,1,1,1,-1,1,1,-1,1,1,-1,1,-1,-1,-1,1,1,-1,-1,1,-1,-1,1,1,-1,-1,-1,1,-1,1,1,1,1,-1,1,-1,1,1,1,1,-1,-1,-1,-1,1,-1,1,-1,-1,-1,1,1,-1,1,1,1,-1,-1,1,1,1,-1,-1,-1,1,1,-1,1,1,-1,-1,1,1,-1,1,-1,-1,-1,1,1,1,1,-1,-1,-1,1,-1,1,1,-1,-1,1,-1,-1,1,1,-1,1,1,1,1,-1,1,-1,1,1,1,-1,1,1,-1,-1,1,1,-1,1,-1,-1,-1,1,1,-1,1,-1,-1,1,-1,1,-1,1,-1,-1,1,-1,1,-1,1,1,-1,1,-1,1,1,-1,1,-1,-1,1,1,-1,1,-1,-1,1,1,-1,-1,1,1,-1,1,-1,1,-1,1,-1,1,1,-1,1,1,1,-1,1,1,-1,1,-1,1,-1,-1,1,-1,1,1,1,1,-1,1,1,1,1,1,-1,-1,1,-1,-1,1,-1,1,-1,-1,1,-1,1,-1,-1,-1,-1,1,-1,1,-1,1,1,-1,1,-1,1,1,-1,-1,-1,1,-1,-1,1,1,-1,-1,1,-1,1,1,-1,1,-1,1,-1,-1,1,1,-1,-1,-1,-1,1,1,-1,1,-1,1,-1,1,-1,1,-1,-1,-1,-1,1,-1,1,-1,-1,-1,-1,1,-1,-1,1,-1,-1,-1,1,-1,1,1,1,-1,-1,1,-1,-1,1,-1,-1,-1,1,1,1,-1,1,-1,-1,-1,1,1,-1,1,-1,-1,1,-1,1,1,1,-1,-1,-1,1,1,-1,1,-1,-1,-1,1,1,1,-1,1,1,-1,1,1,1,1,1,-1,1,-1,-1,-1,1,-1,-1,1,1,1,-1,1,-1,1,-1,-1,-1,1,1,-1,1,1,-1,1,-1,1,-1,1,1,-1,1,-1,1,-1,-1,-1,-1,1,-1,1,-1,-1,-1,-1,1,-1,1,-1,1,1,1,1,-1,1,-1,1,1,-1,1,-1,1,-1,-1,1,-1,1,-1,-1,1,1,1,1,1,-1,1,1,1,1,-1,1,-1,-1,1,1,1,-1,-1,-1,1,1,1,1,-1,-1,-1,1,-1,1,1,1,1,-1,-1,1,1,-1,-1,-1,-1,-1,1,1,-1,1,1,-1,-1,1,1,1,1,1,-1,-1,1,-1,1,-1,1,-1,1,1,1,1,1,1,-1,-1,1,-1,1,-1,1,-1,-1,1,1,-1,1,1,-1,-1,1,1,1,1,1,1,-1,1,1,-1,-1,1,-1,-1,1,1,1,-1,1,-1,-1,1,-1,-1,1,1,-1,-1,1,-1,1,-1,1,1,-1,1,-1,1,-1,1,-1,-1,1,-1,1,-1,1,1,-1,1,-1,1,-1,1,1,-1,1,-1,1,-1,1,1,-1,1,1,1,1,1,-1,1,1,-1,1,1,1,1,-1,1,-1,1,-1,1,1,-1,1,1,-1,1,1,1,-1,1,1,-1,1,1,1,1,1,-1,-1,1,1,1,1,1,-1,1,-1,1,1,1,1,1,-1,1,1,1,1,1,1,-1,1,-1,1,1,1,1,1,1,1,1,1,1,1,-1,1,1,-1,1,1,-1,1,1,1,1,1,1,1,-1,1,1,1,1,1,-1,1,1,1,1,1,1,-1,-1,1,-1,1,1,1,-1,1,1,1,1,1,-1,-1,1,1,1,1,1,1,-1,1,1,-1,1,1,-1,1,1,1,1,1,1,-1,-1,1,1,1,1,-1,1,-1,1,1,1,1,-1,-1,-1,1,1,1,1,-1,1,-1,1,1,1,1,1,-1,-1,1,1,-1,1,1,-1,-1,-1,1,-1,1,-1,-1,-1,1,-1,-1,1,1,-1,-1,-1,1,-1,1,1,-1,-1,1,1,-1,1,1,-1,1,1,1,-1,1,1,-1,1,-1,1,1,1,1,-1,1,-1,1,1,1,-1,1,-1,1,1,1,1,-1,-1,1,-1,1,1,-1,1,1,-1,-1,1,-1,1,1,-1,1,-1,1,-1,1,-1,-1,1,-1,1,-1,1,-1,1,-1,-1,-1,1,1,-1,-1,1,-1,-1,-1,1,-1,-1,1,-1,-1,-1,1,1,-1,-1,-1,-1,1,-1,-1,-1,-1,1,-1,1,-1,-1,1,1,-1,1,1,-1,-1,1,1,-1,-1,-1,1,-1,1,1,-1,1,-1,1,-1,-1,-1,1,-1,-1,-1,-1,1,-1,-1,1,1,-1,1,1,-1,1,1,-1,-1,-1,1,-1,1,1,1,1,-1,1,-1,-1,-1,1,-1,-1,1,-1,1,1,1,1,-1,1,-1,1,1,-1,-1,-1,1,-1,-1,1,1,-1,-1,-1,1,-1,1,-1,1,-1,1,-1,-1,1,-2668.0,1,2000,445,1500,True
1493,-1,-1,1,1,1,1,-1,1,-1,-1,-1,1,-1,1,-1,-1,1,-1,1,1,1,1,-1,-1,-1,1,-1,-1,1,-1,-1,-1,1,1,-1,-1,1,-1,-1,-1,1,-1,-1,-1,-1,-1,-1,-1,1,1,-1,-1,1,1,1,-1,1,-1,1,-1,-1,1,1,1,-1,1,-1,-1,-1,-1,1,-1,-1,-1,1,-1,1,-1,1,-1,-1,-1,1,-1,1,-1,-1,1,-1,1,-1,1,-1,1,1,-1,-1,1,1,1,1,1,-1,-1,1,1,-1,1,1,-1,-1,1,1,-1,1,1,-1,-1,1,1,-1,1,1,1,-1,1,1,-1,1,1,1,-1,1,1,-1,1,1,1,-1,1,1,-1,1,1,1,-1,-1,1,1,-1,1,1,-1,1,-1,1,-1,1,1,-1,1,-1,1,1,1,1,-1,1,1,-1,1,1,-1,-1,1,1,-1,1,1,-1,1,-1,-1,1,1,1,-1,1,1,1,1,1,1,-1,1,1,-1,1,1,1,1,-1,1,-1,1,1,1,-1,-1,1,1,-1,1,1,-1,1,1,-1,1,1,1,1,1,1,-1,-1,1,1,-1,-1,1,-1,1,1,-1,1,-1,1,-1,1,1,1,-1,1,1,-1,-1,1,-1,-1,1,1,-1,1,1,1,1,1,1,-1,1,1,-1,1,1,-1,1,-1,-1,-1,1,1,-1,-1,1,1,1,1,1,-1,1,-1,1,1,-1,1,1,1,-1,1,1,1,1,1,1,-1,-1,-1,1,1,-1,1,-1,-1,-1,1,1,-1,1,1,-1,-1,1,1,1,1,-1,-1,-1,-1,1,-1,-1,1,-1,-1,1,1,-1,1,-1,1,-1,1,1,-1,1,-1,-1,1,1,1,-1,1,-1,-1,1,1,-1,1,1,-1,1,-1,1,-1,-1,1,-1,1,1,1,1,1,1,-1,-1,1,1,1,1,-1,-1,-1,1,1,1,1,-1,-1,1,-1,1,1,1,-1,-1,1,-1,1,-1,1,1,-1,1,-1,1,1,1,1,-1,-1,1,1,1,-1,-1,-1,1,1,-1,-1,1,1,-1,1,-1,1,-1,1,-1,1,1,-1,1,1,1,-1,1,1,-1,1,-1,1,-1,-1,1,-1,1,1,1,1,-1,1,1,-1,1,1,-1,-1,1,-1,-1,1,-1,1,-1,-1,1,-1,-1,1,-1,-1,-1,1,-1,1,-1,1,-1,-1,1,-1,1,-1,-1,-1,-1,1,-1,-1,1,1,-1,-1,1,-1,1,1,-1,1,-1,1,-1,1,-1,1,-1,-1,-1,-1,1,-1,-1,1,-1,1,-1,1,-1,1,-1,-1,-1,1,1,1,1,-1,-1,-1,-1,1,-1,-1,1,-1,-1,1,-1,1,1,1,1,-1,-1,1,-1,-1,1,-1,-1,-1,-1,-1,1,-1,1,-1,-1,-1,-1,1,-1,1,-1,-1,1,-1,1,1,1,-1,-1,-1,1,1,-1,1,-1,-1,-1,1,1,1,-1,1,1,-1,1,1,1,1,1,-1,1,-1,-1,1,-1,1,-1,1,1,-1,1,1,-1,1,-1,-1,-1,1,1,-1,1,1,-1,-1,-1,1,-1,1,1,-1,-1,-1,1,-1,-1,-1,-1,1,-1,1,-1,-1,-1,-1,-1,-1,1,-1,1,1,1,1,-1,1,-1,1,1,-1,1,-1,1,-1,-1,1,-1,1,-1,-1,1,1,1,1,1,1,-1,1,1,1,-1,1,-1,1,1,1,1,-1,-1,-1,1,1,1,1,-1,1,-1,1,-1,1,-1,1,1,-1,-1,1,1,-1,-1,1,-1,-1,1,1,-1,1,1,1,-1,1,1,1,1,1,1,-1,1,-1,1,-1,1,1,-1,1,1,1,1,1,1,-1,1,-1,1,-1,1,1,-1,1,1,-1,1,1,1,1,1,1,1,1,1,1,-1,1,1,-1,-1,1,-1,-1,1,1,1,-1,1,-1,-1,1,-1,-1,1,1,-1,-1,1,-1,1,-1,-1,1,-1,1,-1,1,-1,1,-1,-1,1,-1,1,-1,1,-1,-1,1,-1,1,-1,1,-1,-1,1,-1,1,-1,1,-1,-1,1,1,1,1,1,-1,1,1,-1,1,1,1,1,-1,1,-1,1,-1,1,-1,-1,1,1,-1,1,1,-1,1,1,1,-1,1,1,1,-1,1,-1,-1,1,1,-1,1,1,-1,1,-1,-1,1,-1,1,1,-1,1,1,-1,-1,1,1,-1,1,1,-1,-1,-1,1,1,1,1,-1,1,1,1,-1,1,1,-1,-1,1,-1,1,1,1,-1,1,-1,1,-1,1,1,-1,1,-1,-1,1,1,1,-1,-1,-1,-1,-1,1,-1,-1,-1,1,-1,1,1,-1,-1,-1,1,-1,1,1,1,-1,1,1,-1,1,1,1,-1,1,-1,1,1,1,-1,-1,1,-1,-1,1,1,1,1,-1,-1,-1,1,1,1,-1,1,-1,-1,1,1,1,1,-1,-1,-1,1,1,1,1,1,-1,-1,1,1,-1,1,1,-1,-1,1,1,-1,1,-1,-1,-1,1,-1,1,1,1,-1,-1,-1,1,-1,1,1,-1,-1,1,1,-1,1,1,-1,-1,1,1,-1,1,1,-1,-1,-1,1,1,1,1,-1,1,-1,1,1,1,-1,-1,1,-1,1,1,1,-1,-1,1,-1,1,1,-1,1,-1,-1,-1,1,-1,1,1,-1,-1,-1,1,-1,1,-1,-1,-1,-1,1,-1,1,-1,1,-1,-1,-1,1,1,-1,1,-1,-1,-1,-1,1,1,-1,1,-1,1,-1,1,1,-1,1,-1,-1,1,-1,-1,-1,1,1,1,1,-1,-1,1,-1,-1,1,1,-1,-1,1,-1,-1,-1,-1,1,-1,1,-1,1,1,-1,1,-1,-1,-1,-1,-1,-1,-1,-1,1,-1,1,1,1,-1,1,1,-1,1,1,-1,-1,-1,1,-1,1,1,1,1,-1,1,-1,1,1,1,-1,-1,1,-1,1,1,1,-1,-1,1,-1,1,1,-1,-1,-1,1,-1,-1,1,1,-1,-1,-1,1,-1,1,-1,1,-1,1,-1,-1,1,-2668.0,1,2000,445,1500,True
1494,1,1,-1,-1,1,1,-1,-1,1,1,1,-1,1,1,-1,1,-1,1,-1,-1,-1,1,1,1,1,-1,-1,-1,1,1,1,1,1,-1,-1,-1,1,1,1,1,-1,-1,-1,1,1,1,1,-1,1,1,1,1,-1,1,-1,-1,1,-1,1,1,-1,-1,-1,1,1,1,1,1,-1,-1,1,1,1,1,1,-1,-1,-1,1,1,1,-1,-1,-1,1,1,1,1,-1,-1,1,1,1,1,1,-1,-1,-1,1,-1,1,1,-1,-1,1,1,1,1,1,-1,-1,-1,1,1,1,1,-1,-1,1,1,1,1,1,1,-1,-1,1,1,-1,1,1,-1,1,1,1,1,1,1,-1,1,1,1,1,1,1,-1,1,1,1,1,1,1,-1,-1,-1,1,1,1,1,-1,1,1,1,1,-1,1,-1,1,-1,1,1,1,-1,-1,1,1,1,1,1,-1,1,-1,-1,1,1,1,-1,1,1,1,1,-1,1,1,1,1,-1,1,-1,1,-1,1,1,-1,1,-1,1,1,-1,1,-1,1,-1,1,-1,1,1,-1,1,-1,1,1,1,1,-1,-1,1,1,-1,-1,1,-1,1,-1,-1,1,-1,1,-1,1,-1,1,-1,-1,1,-1,-1,-1,1,1,-1,1,-1,1,1,1,-1,1,1,-1,-1,-1,1,-1,1,-1,1,-1,1,1,-1,1,-1,-1,-1,1,1,-1,1,-1,-1,-1,1,1,-1,-1,1,1,-1,-1,1,1,-1,1,1,-1,1,1,1,1,-1,1,-1,1,1,-1,1,-1,1,1,-1,1,1,1,1,1,-1,-1,1,-1,-1,-1,1,1,-1,1,1,1,-1,1,-1,-1,1,1,1,1,1,-1,1,1,1,-1,1,1,-1,1,1,1,-1,1,1,-1,-1,1,1,1,-1,1,-1,1,1,1,-1,1,1,-1,1,1,1,-1,1,-1,-1,1,1,1,-1,1,-1,-1,-1,1,1,-1,1,-1,-1,1,-1,1,-1,1,1,-1,-1,1,1,1,-1,1,-1,-1,1,1,-1,1,-1,-1,-1,-1,-1,-1,1,1,-1,-1,1,1,-1,1,-1,1,-1,1,1,1,1,1,-1,1,1,1,-1,1,-1,-1,-1,-1,1,1,-1,1,-1,-1,1,-1,1,-1,-1,-1,1,-1,-1,1,-1,1,-1,-1,1,-1,1,-1,-1,-1,1,1,-1,1,-1,1,-1,-1,1,-1,1,-1,-1,-1,-1,1,-1,-1,1,1,-1,-1,1,-1,1,1,-1,1,-1,1,-1,1,-1,1,-1,-1,1,-1,-1,-1,-1,-1,1,1,-1,1,-1,1,-1,1,-1,1,1,-1,1,-1,1,-1,-1,1,-1,-1,-1,1,-1,1,-1,1,1,-1,1,-1,-1,1,-1,-1,1,-1,1,-1,1,-1,1,-1,1,1,-1,-1,-1,1,-1,1,-1,-1,1,-1,1,1,1,1,-1,-1,1,1,-1,1,1,-1,-1,1,1,1,-1,1,1,-1,1,1,1,1,-1,1,1,-1,-1,-1,1,-1,-1,1,-1,-1,1,1,-1,1,-1,-1,-1,1,1,-1,1,1,-1,-1,-1,1,-1,1,1,-1,-1,-1,1,-1,-1,-1,-1,1,-1,1,-1,-1,-1,-1,-1,-1,1,-1,1,1,1,1,-1,1,-1,1,1,-1,-1,-1,1,-1,-1,1,-1,1,-1,-1,1,1,1,1,-1,-1,1,1,1,1,-1,1,-1,-1,1,1,1,-1,-1,-1,1,1,1,1,-1,-1,-1,1,-1,1,-1,1,-1,-1,-1,1,1,1,-1,-1,-1,1,1,1,1,1,-1,-1,-1,1,1,1,1,-1,-1,-1,1,-1,1,-1,-1,-1,1,1,1,1,1,-1,-1,-1,1,1,1,1,-1,-1,-1,1,1,-1,1,-1,-1,-1,1,1,1,1,-1,-1,1,1,1,1,-1,-1,1,1,-1,1,1,-1,-1,-1,1,1,1,1,1,-1,1,1,1,1,1,-1,-1,-1,1,-1,1,-1,-1,-1,-1,1,-1,1,1,-1,-1,-1,1,-1,1,1,-1,-1,-1,1,1,1,1,-1,-1,1,-1,-1,1,1,-1,-1,-1,1,1,-1,-1,-1,-1,-1,1,-1,1,-1,-1,-1,-1,-1,-1,-1,1,-1,-1,-1,1,-1,-1,1,-1,-1,-1,-1,-1,-1,1,-1,-1,-1,-1,-1,1,-1,-1,-1,1,-1,-1,1,-1,1,-1,-1,-1,-1,-1,-1,-1,1,-1,-1,-1,1,1,-1,-1,-1,1,-1,-1,-1,-1,-1,1,-1,-1,1,1,1,-1,-1,-1,-1,1,-1,1,1,-1,1,-1,-1,1,1,-1,-1,-1,-1,-1,-1,1,1,-1,-1,1,-1,1,1,-1,-1,-1,1,-1,1,1,-1,-1,1,-1,-1,1,1,1,-1,1,-1,1,1,1,-1,-1,1,-1,-1,1,1,1,-1,1,-1,-1,1,1,-1,1,1,-1,-1,1,1,1,1,1,-1,-1,1,1,1,1,1,-1,-1,1,1,1,1,-1,1,-1,1,1,1,-1,1,-1,-1,1,-1,1,1,1,1,-1,-1,1,-1,1,1,1,-1,1,1,1,1,-1,1,-1,1,1,1,1,1,1,1,-1,1,1,1,1,-1,1,-1,1,1,1,1,1,-1,1,1,1,1,-1,1,1,-1,1,1,-1,1,1,-1,-1,1,1,1,1,-1,1,-1,1,1,1,-1,-1,1,-1,1,1,1,-1,1,-1,-1,-1,1,1,-1,-1,1,-1,-1,1,1,-1,-1,1,-1,1,1,1,1,-1,1,-1,-1,1,1,-1,-1,-1,1,1,1,1,-1,1,1,-1,1,1,-1,-1,1,1,-1,-1,1,1,-1,1,1,1,1,1,-1,-1,-1,-1,-1,-1,-1,-1,-1,-1,1,1,1,1,-1,1,1,-1,1,1,1,1,-1,1,-1,1,1,1,-1,-1,1,-1,1,1,1,-1,-1,1,-1,1,1,1,-1,-1,1,-1,1,1,1,1,-1,1,-1,1,1,1,1,-1,-1,1,-1,1,-1,1,-1,1,-1,1,1,-2668.0,1,2000,445,0,False
1495,1,1,-1,-1,1,-1,1,-1,1,1,1,-1,1,1,1,1,-1,1,-1,-1,1,-1,1,1,1,-1,-1,-1,1,1,1,1,-1,-1,-1,-1,1,1,1,1,-1,-1,-1,1,1,1,1,-1,1,1,1,1,-1,1,-1,-1,1,-1,1,1,1,-1,-1,-1,1,1,1,1,-1,-1,-1,1,1,1,1,-1,-1,-1,1,1,1,-1,-1,-1,1,1,1,1,-1,1,-1,1,1,1,1,-1,-1,1,1,-1,1,1,-1,-1,1,1,1,1,1,-1,-1,1,1,1,1,1,-1,-1,1,1,1,1,1,1,-1,1,1,1,-1,1,1,-1,1,1,1,1,1,1,-1,-1,1,1,1,1,1,-1,1,1,1,1,1,1,-1,-1,-1,1,1,1,1,-1,1,1,1,1,-1,1,-1,1,-1,1,1,1,-1,-1,1,1,1,1,1,-1,1,-1,-1,1,-1,1,-1,1,1,1,1,1,1,1,1,1,-1,1,-1,1,-1,1,1,-1,1,-1,1,1,-1,1,-1,1,-1,1,-1,1,1,-1,1,-1,1,1,1,1,-1,-1,1,1,-1,-1,1,-1,1,-1,-1,1,-1,1,-1,1,-1,1,-1,-1,1,-1,-1,-1,1,1,-1,1,-1,1,1,1,-1,1,1,-1,1,-1,1,-1,1,-1,1,-1,1,1,-1,1,-1,-1,-1,1,1,-1,1,-1,-1,-1,1,1,-1,-1,1,1,-1,-1,1,1,-1,1,1,-1,1,1,1,1,-1,1,-1,1,1,-1,1,-1,1,1,1,1,1,1,1,1,-1,-1,1,-1,-1,-1,1,1,-1,1,1,1,-1,1,1,1,1,1,1,1,1,-1,1,1,1,-1,1,1,-1,1,1,1,-1,1,1,-1,-1,1,1,1,-1,1,-1,1,1,1,-1,1,1,-1,1,1,1,-1,1,1,-1,1,1,1,-1,1,1,-1,-1,1,1,-1,1,1,-1,1,-1,1,-1,1,-1,1,-1,1,1,1,-1,-1,1,-1,1,1,-1,1,1,1,-1,-1,-1,-1,1,-1,1,-1,1,1,-1,1,1,-1,-1,1,1,1,1,1,-1,1,1,1,-1,1,1,1,-1,-1,1,1,1,-1,1,-1,1,1,1,1,1,1,-1,-1,-1,1,-1,1,1,1,-1,1,1,1,1,1,1,1,-1,1,-1,-1,1,-1,1,-1,1,1,-1,1,1,1,-1,-1,1,-1,1,1,1,-1,1,1,1,-1,1,1,-1,-1,1,-1,1,1,1,-1,1,1,1,1,1,1,-1,1,-1,1,1,1,-1,-1,1,-1,-1,1,1,-1,-1,1,-1,1,1,1,-1,-1,1,-1,-1,1,1,-1,-1,1,-1,1,1,1,1,-1,1,1,-1,-1,1,1,-1,-1,-1,1,-1,1,-1,-1,1,-1,-1,1,-1,1,-1,-1,1,-1,1,-1,1,1,-1,1,-1,-1,1,1,1,-1,1,-1,1,-1,-1,-1,1,-1,-1,-1,1,-1,1,1,1,1,-1,1,-1,-1,1,1,-1,1,1,-1,-1,-1,1,-1,-1,1,-1,-1,1,1,1,-1,1,-1,-1,1,1,-1,-1,1,-1,1,1,1,-1,-1,1,-1,-1,-1,1,1,-1,1,1,-1,-1,1,-1,-1,1,-1,1,-1,1,1,-1,-1,1,-1,-1,-1,-1,-1,1,1,1,-1,1,1,-1,-1,1,-1,-1,-1,-1,-1,1,1,-1,-1,-1,-1,-1,1,1,-1,1,1,-1,-1,-1,1,1,-1,-1,-1,-1,-1,1,-1,-1,1,-1,-1,-1,1,1,-1,-1,-1,-1,-1,1,-1,-1,1,-1,-1,1,1,1,-1,1,-1,-1,-1,1,1,-1,-1,-1,-1,-1,1,1,1,-1,-1,-1,-1,1,1,-1,-1,-1,-1,1,1,1,1,-1,-1,1,1,1,1,1,-1,-1,-1,1,1,1,-1,1,-1,1,1,1,1,-1,1,-1,-1,1,-1,1,-1,1,-1,-1,1,-1,1,-1,-1,-1,-1,1,-1,1,-1,1,-1,-1,1,-1,1,-1,1,-1,-1,1,-1,1,-1,-1,-1,-1,1,1,-1,-1,-1,-1,-1,1,-1,1,-1,-1,-1,-1,-1,-1,-1,1,-1,-1,-1,1,-1,-1,1,-1,-1,-1,-1,-1,-1,1,-1,-1,-1,-1,-1,1,-1,-1,-1,1,-1,-1,1,-1,1,-1,-1,-1,-1,-1,-1,-1,1,-1,-1,-1,1,1,-1,-1,-1,1,-1,-1,-1,-1,-1,1,-1,-1,1,1,1,-1,-1,-1,-1,1,-1,1,1,-1,1,-1,-1,1,1,-1,-1,-1,-1,-1,-1,1,1,-1,-1,1,-1,1,1,-1,-1,-1,1,-1,-1,1,-1,-1,1,-1,-1,1,1,1,-1,1,-1,1,1,1,-1,-1,1,-1,-1,1,1,1,-1,1,-1,-1,1,1,-1,1,1,-1,-1,1,1,-1,1,1,-1,-1,1,1,-1,1,1,-1,-1,1,1,1,1,-1,1,-1,-1,1,1,-1,1,-1,-1,1,-1,1,1,1,1,-1,-1,1,-1,1,1,1,-1,1,1,1,1,-1,1,-1,1,1,1,1,1,1,1,-1,1,1,1,1,-1,1,-1,1,1,1,1,1,-1,1,1,1,1,-1,1,1,-1,1,1,-1,1,1,-1,-1,1,1,1,1,-1,1,-1,1,1,1,-1,-1,1,-1,1,1,1,-1,1,-1,-1,-1,1,1,-1,-1,1,-1,-1,1,1,-1,-1,1,-1,-1,1,1,1,-1,-1,-1,-1,1,1,-1,-1,-1,1,-1,-1,1,-1,1,1,-1,1,1,-1,-1,1,-1,-1,-1,-1,1,-1,1,1,-1,1,1,-1,-1,-1,-1,1,-1,-1,-1,-1,1,-1,-1,1,1,-1,1,1,-1,1,1,1,1,-1,1,-1,1,1,1,1,-1,1,-1,-1,1,1,1,-1,1,-1,1,1,1,1,-1,1,-1,1,1,-1,-1,-1,1,-1,-1,1,1,-1,-1,-1,1,-1,1,-1,1,-1,1,-1,-1,1,-2668.0,1,2000,445,0,False
1496,1,1,-1,-1,1,1,-1,-1,1,1,1,-1,1,1,1,1,-1,1,-1,-1,-1,-1,1,1,1,-1,1,-1,1,1,1,1,-1,-1,-1,-1,1,-1,1,1,-1,-1,-1,1,1,1,1,-1,1,1,1,1,-1,1,-1,-1,1,-1,1,1,1,-1,-1,-1,1,1,1,1,-1,-1,-1,1,1,1,1,-1,-1,-1,1,1,1,-1,-1,-1,1,1,1,1,-1,-1,1,1,1,1,1,-1,-1,-1,1,-1,1,1,-1,-1,1,1,1,1,1,-1,-1,-1,1,1,1,1,-1,-1,1,1,1,1,1,1,-1,-1,1,1,-1,1,1,-1,1,1,1,1,1,1,-1,1,1,1,1,1,1,-1,1,1,1,1,1,1,-1,-1,-1,1,1,1,1,-1,1,1,1,1,-1,1,-1,1,-1,1,1,1,-1,-1,1,1,1,1,1,-1,1,-1,-1,1,-1,1,-1,1,1,1,1,1,1,1,1,1,-1,1,-1,1,-1,1,1,-1,1,-1,1,1,-1,1,-1,1,-1,1,-1,1,1,-1,-1,-1,1,1,1,1,-1,-1,1,1,-1,-1,1,-1,1,-1,-1,1,-1,1,-1,1,-1,1,-1,1,1,-1,-1,-1,1,-1,-1,1,-1,1,1,1,-1,1,1,-1,1,-1,1,-1,1,-1,1,-1,1,1,-1,1,-1,-1,-1,1,1,-1,1,-1,-1,-1,1,1,-1,-1,1,1,-1,-1,1,-1,-1,1,1,-1,1,1,1,-1,-1,1,-1,1,1,-1,1,-1,1,1,-1,1,-1,-1,-1,1,-1,-1,1,-1,1,-1,1,1,-1,1,1,1,-1,1,-1,-1,1,1,-1,-1,1,-1,1,1,-1,1,-1,1,-1,1,1,1,-1,1,1,-1,-1,1,1,-1,-1,1,-1,1,1,1,1,1,1,-1,1,1,1,1,1,-1,-1,1,1,1,1,1,-1,-1,-1,1,1,1,1,-1,-1,1,-1,1,-1,1,1,-1,-1,1,1,1,1,1,-1,-1,1,1,1,-1,-1,-1,-1,-1,-1,-1,1,-1,-1,-1,1,1,-1,1,-1,1,-1,1,1,1,1,-1,-1,1,1,1,-1,1,-1,-1,-1,-1,1,1,1,1,-1,-1,1,-1,1,1,-1,-1,1,-1,-1,1,-1,1,-1,-1,1,-1,1,1,-1,-1,1,1,-1,1,-1,1,-1,-1,1,-1,1,-1,-1,-1,-1,1,-1,-1,1,1,-1,-1,1,-1,1,1,-1,1,-1,1,-1,1,-1,1,-1,-1,1,-1,1,-1,-1,-1,1,1,-1,1,-1,1,-1,1,-1,1,1,1,1,-1,1,-1,-1,1,-1,-1,-1,1,-1,1,-1,1,1,-1,1,-1,-1,1,-1,-1,1,-1,1,-1,1,-1,1,-1,1,1,-1,1,-1,1,-1,1,-1,-1,1,-1,1,1,1,1,-1,-1,1,1,-1,1,1,-1,-1,1,1,1,-1,1,1,-1,1,1,1,1,-1,-1,1,-1,-1,-1,1,-1,1,1,-1,1,-1,1,-1,1,-1,-1,-1,1,1,-1,1,1,-1,-1,-1,1,-1,1,1,-1,1,-1,1,-1,-1,-1,-1,-1,-1,1,-1,-1,-1,-1,-1,-1,1,-1,1,1,1,1,-1,1,-1,1,1,-1,-1,-1,1,-1,-1,1,-1,1,-1,-1,1,1,1,1,-1,-1,1,1,1,1,-1,1,-1,-1,1,1,1,-1,-1,-1,1,1,1,1,-1,-1,-1,1,-1,1,-1,1,-1,-1,-1,1,1,1,-1,-1,-1,-1,1,1,1,1,-1,-1,-1,1,1,1,1,-1,-1,-1,1,-1,1,-1,-1,-1,-1,1,1,1,1,-1,-1,1,1,1,1,1,-1,-1,-1,1,1,-1,1,-1,-1,-1,1,1,1,1,-1,-1,1,1,1,1,-1,-1,1,1,-1,1,1,-1,-1,-1,1,1,1,1,1,-1,1,1,1,1,1,-1,-1,-1,1,-1,1,-1,-1,-1,-1,1,-1,1,1,-1,-1,-1,1,-1,1,1,-1,1,-1,1,1,1,1,-1,1,-1,1,-1,1,1,-1,-1,-1,1,1,-1,-1,-1,-1,-1,1,-1,1,-1,-1,-1,-1,-1,-1,-1,1,-1,-1,-1,1,-1,-1,1,-1,-1,-1,-1,-1,-1,1,-1,-1,-1,-1,-1,1,-1,-1,-1,1,-1,-1,1,-1,1,-1,-1,-1,-1,-1,-1,-1,1,-1,-1,-1,1,1,1,-1,-1,1,1,-1,-1,-1,-1,1,-1,-1,1,1,1,-1,-1,-1,-1,1,-1,1,1,-1,1,-1,-1,1,1,-1,-1,-1,-1,-1,-1,1,1,-1,-1,1,-1,1,1,-1,-1,-1,-1,-1,1,1,-1,-1,1,1,-1,1,1,1,-1,1,-1,1,1,1,-1,-1,1,-1,-1,1,1,1,-1,1,-1,-1,1,1,-1,1,1,1,-1,1,1,-1,1,1,1,-1,1,1,-1,1,1,1,-1,1,1,1,1,1,1,-1,1,1,1,-1,1,1,-1,1,-1,1,1,1,1,-1,-1,1,-1,1,1,1,-1,1,1,1,1,-1,1,-1,1,1,1,1,1,1,-1,-1,-1,1,1,1,-1,1,-1,1,1,1,1,-1,1,-1,1,1,1,-1,-1,1,-1,1,1,-1,1,-1,-1,-1,-1,1,1,-1,1,-1,-1,1,1,1,-1,-1,-1,-1,1,1,1,-1,-1,-1,-1,-1,1,1,-1,1,-1,-1,-1,1,1,-1,1,-1,-1,1,-1,1,1,1,1,-1,-1,1,1,-1,-1,1,1,1,-1,1,-1,1,-1,-1,1,1,-1,-1,1,-1,-1,-1,1,1,-1,1,-1,1,1,1,-1,-1,1,-1,-1,-1,-1,-1,-1,1,-1,1,1,1,-1,1,1,-1,1,1,1,1,-1,1,-1,1,1,1,-1,-1,1,-1,1,1,1,-1,-1,1,-1,1,1,1,-1,-1,1,-1,1,-1,1,1,-1,1,-1,-1,1,1,1,-1,-1,1,-1,1,-1,1,-1,1,-1,-1,1,-2668.0,1,2000,445,0,False
1497,-1,-1,1,1,1,1,-1,1,-1,-1,-1,1,-1,1,-1,-1,1,-1,1,1,1,1,-1,-1,-1,1,-1,-1,-1,-1,-1,-1,1,1,-1,1,1,-1,-1,-1,1,-1,1,-1,-1,-1,-1,-1,1,-1,1,-1,1,-1,1,-1,-1,1,-1,-1,-1,1,1,1,-1,-1,-1,-1,-1,-1,1,-1,-1,-1,-1,-1,1,1,-1,-1,-1,1,1,-1,-1,-1,-1,-1,-1,1,-1,-1,-1,-1,-1,-1,1,1,-1,1,-1,-1,-1,-1,1,-1,-1,-1,-1,-1,-1,1,-1,1,-1,-1,-1,-1,1,-1,-1,1,-1,-1,-1,1,-1,-1,1,-1,-1,-1,1,-1,-1,1,-1,-1,-1,1,-1,-1,1,-1,-1,-1,-1,-1,-1,-1,-1,-1,-1,1,1,-1,1,1,-1,-1,1,-1,-1,-1,-1,-1,-1,1,1,-1,-1,-1,-1,-1,1,-1,-1,1,-1,-1,1,-1,1,-1,-1,-1,-1,1,-1,-1,-1,1,-1,1,1,1,1,-1,1,-1,-1,1,1,1,-1,1,-1,-1,-1,1,1,-1,1,-1,-1,1,1,1,-1,1,-1,1,1,1,1,1,-1,1,-1,-1,1,1,1,-1,1,1,-1,1,1,-1,-1,1,-1,1,1,1,1,-1,1,-1,-1,1,1,-1,1,1,-1,1,-1,1,-1,-1,1,-1,1,1,1,1,1,1,-1,1,-1,1,1,1,1,-1,1,-1,1,1,1,1,1,-1,1,1,1,1,1,-1,-1,1,1,-1,1,1,1,-1,-1,1,1,1,1,-1,1,-1,1,1,-1,1,-1,-1,-1,1,1,1,1,-1,1,-1,1,-1,1,1,1,1,-1,1,1,1,1,1,-1,-1,1,1,1,1,-1,1,-1,1,1,1,1,1,-1,1,1,1,1,-1,1,-1,-1,1,1,1,1,1,1,1,1,1,1,1,1,1,1,-1,1,1,1,1,1,1,-1,1,1,1,1,1,1,-1,1,-1,-1,1,-1,1,1,-1,1,1,1,1,1,1,-1,1,-1,1,1,-1,-1,-1,1,-1,-1,-1,1,1,-1,1,-1,1,-1,1,-1,1,-1,1,1,1,1,-1,1,-1,1,1,-1,1,-1,-1,-1,-1,1,1,1,1,-1,-1,1,-1,1,1,-1,-1,1,-1,-1,1,-1,1,-1,1,-1,1,1,1,-1,-1,1,1,-1,1,-1,1,-1,-1,1,-1,1,-1,-1,-1,-1,1,-1,-1,1,1,-1,-1,-1,-1,1,1,-1,1,-1,1,-1,1,-1,1,-1,-1,1,-1,1,-1,-1,-1,1,1,-1,1,-1,1,-1,1,-1,1,1,-1,1,-1,1,-1,-1,1,-1,-1,-1,1,-1,1,-1,-1,1,-1,1,-1,-1,1,-1,-1,1,-1,1,-1,1,-1,1,-1,1,1,-1,-1,-1,1,-1,1,-1,-1,1,-1,1,1,1,1,-1,-1,1,1,-1,1,1,-1,-1,1,1,1,-1,1,1,-1,1,1,1,1,-1,-1,1,-1,1,1,-1,1,-1,1,-1,-1,1,-1,-1,1,-1,-1,1,-1,-1,-1,1,1,-1,1,1,-1,-1,1,1,-1,-1,1,-1,-1,-1,-1,-1,1,1,-1,-1,-1,-1,-1,1,1,-1,-1,1,1,1,-1,1,-1,-1,1,1,-1,1,1,-1,-1,-1,1,-1,-1,1,1,-1,1,1,1,1,1,1,-1,-1,1,-1,1,1,1,-1,-1,1,-1,1,1,-1,-1,1,1,-1,1,1,-1,1,1,-1,1,-1,1,1,-1,1,1,-1,1,1,1,-1,1,1,1,1,1,1,-1,-1,1,1,1,1,1,-1,1,1,-1,1,1,1,-1,-1,1,1,1,-1,1,-1,-1,1,1,1,1,1,1,-1,-1,1,1,1,1,-1,-1,1,1,1,1,-1,1,-1,1,-1,1,-1,-1,1,-1,1,-1,1,1,-1,-1,-1,1,1,1,-1,1,-1,-1,1,-1,1,1,-1,-1,1,-1,-1,1,-1,1,-1,-1,1,-1,1,1,1,-1,-1,1,-1,1,-1,1,-1,-1,1,-1,1,1,-1,-1,-1,1,-1,1,-1,1,-1,1,-1,-1,1,1,-1,-1,-1,1,-1,1,1,-1,-1,-1,1,-1,1,1,-1,-1,-1,1,-1,1,1,1,-1,1,1,-1,1,1,-1,-1,1,-1,-1,1,1,-1,-1,1,-1,1,1,1,-1,-1,-1,-1,-1,1,1,-1,-1,1,1,-1,1,1,1,-1,1,-1,-1,1,1,1,-1,1,-1,1,1,1,-1,-1,1,-1,1,1,1,1,-1,-1,1,1,1,1,1,-1,-1,-1,1,-1,1,1,1,-1,1,1,1,1,1,-1,-1,1,1,1,1,1,1,-1,1,1,-1,1,-1,-1,1,1,1,1,1,1,-1,-1,1,1,1,1,1,-1,-1,1,1,1,1,1,1,-1,1,1,1,1,1,1,-1,1,1,1,1,1,1,-1,1,1,-1,1,1,-1,-1,1,1,-1,1,1,1,-1,1,-1,-1,1,1,1,-1,-1,1,-1,1,1,1,-1,1,1,-1,1,-1,1,-1,1,1,-1,1,1,1,-1,-1,1,1,1,1,-1,1,-1,1,1,1,1,-1,1,-1,1,1,1,-1,-1,1,-1,1,1,-1,1,-1,-1,-1,1,-1,1,-1,1,-1,-1,1,-1,1,-1,-1,-1,-1,1,-1,1,-1,1,-1,-1,-1,1,1,-1,1,-1,-1,-1,-1,1,-1,1,-1,-1,1,-1,1,1,1,1,-1,-1,1,-1,-1,-1,1,1,1,1,-1,-1,1,-1,-1,1,1,-1,-1,1,-1,-1,-1,-1,1,-1,1,-1,1,1,-1,1,-1,-1,-1,1,-1,-1,-1,-1,1,-1,1,1,1,-1,1,1,-1,1,1,-1,-1,-1,1,-1,1,1,1,1,-1,1,-1,1,1,1,-1,1,1,-1,1,1,1,-1,-1,1,-1,1,1,-1,-1,-1,1,-1,-1,1,1,-1,1,1,1,-1,1,-1,1,-1,1,-1,-1,1,-2668.0,1,2000,445,1500,True
1498,-1,-1,1,1,1,1,-1,1,-1,-1,-1,1,-1,1,-1,-1,1,-1,1,1,1,1,-1,-1,-1,1,-1,-1,1,-1,-1,-1,1,1,-1,1,1,-1,-1,-1,1,-1,1,-1,-1,-1,-1,-1,1,-1,-1,-1,1,-1,1,-1,-1,1,-1,-1,-1,1,1,1,-1,-1,-1,-1,-1,-1,1,-1,-1,-1,-1,-1,1,1,-1,-1,-1,1,1,-1,-1,-1,-1,-1,-1,1,-1,-1,-1,-1,-1,-1,-1,1,-1,1,-1,-1,-1,-1,1,-1,-1,-1,-1,-1,-1,1,-1,-1,-1,-1,-1,-1,1,-1,-1,1,-1,-1,-1,1,-1,-1,1,-1,-1,-1,1,-1,-1,1,-1,-1,-1,1,-1,-1,1,-1,-1,-1,-1,-1,-1,-1,-1,-1,-1,1,1,-1,1,1,-1,-1,1,-1,-1,-1,-1,-1,-1,1,1,-1,-1,-1,-1,-1,1,-1,-1,1,-1,-1,1,-1,1,-1,-1,-1,-1,1,1,-1,-1,1,-1,1,1,1,1,-1,1,-1,-1,1,1,1,-1,1,-1,-1,-1,1,1,-1,1,-1,-1,1,1,1,-1,1,-1,1,1,1,1,1,-1,1,-1,-1,1,1,1,-1,1,1,-1,1,1,-1,-1,1,-1,1,1,1,1,-1,1,-1,-1,1,1,-1,1,1,-1,1,1,1,-1,-1,1,-1,1,-1,1,1,1,1,-1,1,-1,1,1,1,1,-1,1,-1,1,1,1,1,1,-1,1,1,1,1,1,-1,-1,1,1,1,1,1,1,-1,-1,1,1,1,1,-1,1,-1,1,-1,1,1,-1,-1,-1,1,1,1,1,-1,1,-1,1,-1,1,1,1,1,-1,1,1,1,1,1,-1,-1,1,1,1,1,-1,1,-1,1,1,1,1,1,-1,1,1,1,1,-1,1,-1,1,1,1,1,1,1,1,1,1,1,1,1,1,1,1,-1,1,1,1,1,1,1,-1,1,1,1,1,1,1,-1,1,-1,-1,1,-1,1,1,-1,1,1,1,1,1,1,-1,1,-1,1,1,-1,-1,-1,1,-1,-1,-1,1,1,-1,1,-1,1,-1,1,-1,1,-1,1,1,1,1,-1,1,-1,1,1,-1,1,-1,-1,-1,-1,1,1,1,1,-1,-1,1,-1,1,1,-1,-1,1,-1,-1,1,-1,1,-1,1,-1,1,1,1,-1,-1,1,1,-1,1,-1,1,-1,-1,1,-1,1,-1,-1,-1,-1,1,-1,-1,1,1,-1,-1,-1,-1,1,1,-1,1,-1,1,-1,1,-1,1,-1,1,1,-1,1,-1,-1,-1,1,1,-1,1,-1,1,-1,1,-1,1,1,1,1,-1,1,-1,-1,1,-1,-1,-1,1,-1,1,-1,-1,1,-1,1,-1,-1,1,-1,-1,1,-1,1,-1,1,-1,1,-1,1,1,-1,-1,-1,1,-1,1,-1,-1,1,-1,1,1,-1,1,-1,-1,1,1,-1,-1,1,-1,-1,1,1,1,1,1,1,-1,1,1,1,-1,-1,1,1,-1,1,1,-1,1,-1,1,-1,-1,1,-1,-1,1,-1,-1,1,-1,-1,-1,1,1,-1,1,1,-1,-1,1,1,-1,-1,1,-1,-1,-1,-1,-1,1,1,-1,-1,-1,-1,-1,1,1,-1,-1,1,1,1,-1,1,-1,1,1,1,-1,1,1,-1,1,-1,1,-1,-1,1,1,-1,1,1,1,1,1,1,-1,-1,1,-1,1,1,1,-1,-1,1,-1,1,1,-1,-1,1,1,-1,1,1,-1,-1,1,-1,1,1,1,1,-1,1,1,-1,1,1,1,-1,1,1,1,1,1,1,-1,-1,1,1,1,1,1,-1,1,1,-1,1,1,1,-1,-1,1,1,1,-1,1,-1,-1,1,1,1,1,1,-1,-1,-1,1,1,1,1,-1,-1,1,1,1,1,-1,1,-1,1,1,1,-1,-1,1,-1,1,-1,1,1,-1,-1,-1,1,1,1,-1,1,-1,-1,1,1,1,1,-1,-1,1,-1,1,1,-1,1,-1,-1,1,-1,1,1,1,-1,-1,1,-1,1,-1,1,-1,1,-1,1,1,1,-1,-1,-1,1,-1,1,-1,1,-1,1,-1,-1,1,1,-1,-1,-1,1,-1,1,1,-1,-1,-1,1,-1,1,1,-1,-1,-1,1,-1,1,1,1,-1,1,1,-1,1,1,-1,-1,1,-1,-1,1,1,-1,-1,1,-1,1,1,1,-1,-1,-1,-1,-1,1,1,-1,-1,1,1,1,1,1,1,-1,1,-1,-1,1,1,1,-1,1,-1,1,1,1,-1,-1,1,-1,1,1,1,1,-1,-1,1,1,1,1,1,-1,-1,-1,1,-1,1,1,1,-1,1,1,1,1,1,-1,-1,-1,1,1,1,1,1,-1,1,1,-1,1,-1,-1,1,1,1,1,1,1,-1,-1,1,1,1,1,1,-1,-1,1,1,1,1,1,1,-1,1,1,1,1,1,1,-1,1,1,1,1,1,1,-1,1,1,-1,1,1,-1,-1,1,1,-1,1,1,1,-1,1,-1,1,1,1,1,-1,-1,1,-1,1,1,1,-1,1,1,-1,1,-1,1,-1,1,1,-1,1,1,1,-1,-1,-1,1,1,1,-1,1,-1,1,1,1,1,-1,1,-1,1,1,1,-1,-1,1,-1,1,1,-1,1,-1,-1,-1,1,-1,1,-1,1,-1,-1,1,-1,1,-1,-1,-1,-1,1,-1,1,-1,1,-1,-1,-1,1,1,-1,1,-1,-1,-1,-1,1,-1,1,-1,-1,1,-1,1,1,1,1,-1,-1,1,-1,-1,-1,1,1,1,1,-1,-1,1,-1,-1,1,1,-1,-1,1,-1,-1,-1,-1,1,-1,1,-1,1,1,-1,1,-1,-1,-1,-1,-1,-1,-1,-1,1,-1,1,1,1,-1,1,1,-1,1,1,-1,-1,-1,1,-1,1,1,1,1,-1,1,-1,1,1,1,-1,-1,1,-1,1,1,1,-1,-1,1,-1,1,1,-1,-1,-1,1,-1,-1,1,1,-1,-1,-1,1,-1,1,-1,1,-1,1,-1,-1,1,-2668.0,1,2000,445,1500,True
1499,1,1,-1,-1,1,1,-1,-1,1,1,1,-1,1,1,1,1,-1,1,-1,-1,1,1,1,1,1,-1,1,-1,1,1,1,1,1,-1,-1,-1,1,-1,1,-1,1,-1,1,1,1,1,1,-1,1,1,1,1,-1,1,-1,-1,1,-1,1,1,1,-1,1,1,1,1,1,1,-1,1,1,1,1,1,1,-1,1,-1,1,1,1,-1,-1,1,1,1,1,1,-1,-1,-1,1,1,1,1,-1,1,1,1,-1,1,1,-1,-1,1,1,1,1,1,-1,-1,1,1,-1,1,1,-1,-1,1,1,1,1,1,1,-1,1,1,1,-1,1,1,-1,1,1,1,1,1,1,-1,1,1,1,1,1,1,-1,-1,1,1,1,1,1,-1,1,-1,1,1,1,1,-1,1,-1,1,1,-1,1,-1,1,-1,1,1,1,-1,-1,1,1,1,1,1,-1,1,-1,-1,1,-1,1,-1,1,1,1,1,1,1,1,1,1,-1,1,-1,1,-1,1,1,-1,1,-1,1,1,-1,1,-1,1,-1,1,-1,1,1,-1,1,-1,1,1,1,1,-1,-1,1,1,-1,-1,1,-1,1,-1,1,1,-1,1,-1,1,-1,1,-1,1,1,-1,1,-1,1,1,-1,1,-1,1,1,1,-1,1,1,-1,1,-1,1,-1,1,-1,1,-1,1,1,-1,1,-1,-1,-1,1,1,-1,1,-1,-1,-1,1,1,-1,-1,1,1,-1,-1,1,1,-1,1,1,-1,1,1,1,1,-1,1,-1,1,1,-1,1,-1,1,-1,1,1,1,1,1,1,-1,-1,1,-1,-1,1,1,1,-1,1,1,1,-1,1,1,1,1,1,1,-1,1,-1,1,1,1,-1,-1,1,-1,1,1,1,-1,1,1,-1,-1,1,1,1,-1,1,-1,1,1,1,-1,1,1,-1,1,1,1,-1,1,1,-1,1,1,1,-1,1,1,-1,-1,1,1,-1,1,1,-1,1,-1,1,-1,1,1,1,-1,1,1,1,1,1,1,-1,1,1,-1,1,1,1,-1,-1,-1,-1,1,1,1,-1,1,1,-1,1,1,-1,-1,1,1,1,1,1,-1,1,1,1,-1,1,1,1,-1,-1,1,1,1,-1,1,-1,1,1,1,1,1,1,-1,-1,-1,1,-1,-1,1,1,-1,1,1,1,1,1,1,1,-1,1,-1,-1,1,-1,1,-1,1,1,1,1,1,1,-1,-1,1,-1,1,1,1,-1,1,1,1,-1,1,1,-1,-1,1,-1,1,1,1,-1,1,1,1,1,1,1,-1,1,-1,-1,1,1,-1,-1,1,-1,1,1,1,-1,-1,1,-1,1,1,1,-1,-1,1,1,-1,1,1,-1,-1,1,-1,1,1,1,1,-1,1,-1,-1,1,1,1,-1,-1,-1,1,1,1,-1,-1,1,-1,-1,1,-1,1,-1,-1,1,-1,1,-1,1,-1,-1,1,-1,-1,1,1,1,-1,1,-1,1,-1,1,-1,1,-1,-1,-1,1,-1,-1,1,1,-1,1,1,-1,1,1,1,-1,1,1,-1,-1,-1,1,1,-1,1,-1,-1,1,1,-1,-1,1,-1,-1,1,1,1,-1,1,-1,-1,1,1,-1,-1,1,-1,-1,-1,1,1,-1,1,1,-1,-1,1,-1,-1,1,-1,1,-1,1,1,-1,-1,1,-1,-1,-1,-1,-1,1,1,1,-1,-1,1,-1,-1,1,-1,-1,1,-1,-1,-1,1,-1,-1,1,1,-1,1,1,-1,1,-1,1,-1,-1,1,1,-1,-1,-1,-1,-1,1,-1,-1,1,-1,-1,-1,1,1,-1,-1,-1,-1,-1,1,-1,-1,-1,-1,-1,1,1,1,-1,-1,-1,-1,-1,1,1,-1,-1,-1,-1,-1,1,1,1,-1,-1,-1,-1,1,1,-1,-1,-1,-1,1,1,1,1,-1,-1,1,1,1,1,1,-1,-1,-1,1,1,1,-1,1,-1,1,1,1,1,-1,1,-1,-1,1,-1,1,-1,1,-1,-1,1,-1,1,-1,-1,-1,-1,1,-1,1,-1,1,1,-1,1,-1,1,-1,1,1,-1,1,-1,1,-1,-1,-1,-1,1,1,-1,-1,-1,-1,-1,1,-1,1,-1,-1,-1,-1,-1,-1,-1,1,-1,-1,-1,1,-1,-1,1,-1,-1,-1,-1,-1,-1,1,-1,-1,-1,-1,-1,1,-1,-1,-1,1,-1,-1,1,-1,1,-1,-1,-1,-1,-1,-1,-1,1,-1,-1,-1,1,1,1,-1,-1,-1,1,-1,-1,-1,-1,1,-1,-1,1,-1,1,-1,-1,-1,-1,1,-1,1,1,-1,1,-1,-1,1,1,-1,-1,-1,-1,-1,-1,1,1,-1,-1,1,-1,1,1,-1,-1,-1,1,-1,-1,1,-1,-1,1,-1,-1,1,1,1,-1,1,-1,1,1,1,-1,-1,1,-1,-1,1,1,1,-1,1,-1,-1,1,1,-1,1,1,-1,-1,1,1,1,1,1,-1,-1,1,1,-1,1,1,-1,-1,1,1,1,1,1,1,-1,-1,1,1,1,1,-1,-1,1,-1,1,1,1,1,-1,-1,1,-1,1,1,1,-1,1,1,1,1,-1,1,-1,1,1,1,1,1,1,1,-1,1,1,1,1,-1,1,-1,1,1,1,1,1,-1,1,1,1,1,-1,1,1,-1,1,1,-1,1,1,-1,-1,1,1,1,1,-1,1,-1,1,1,1,-1,-1,1,-1,1,1,1,-1,1,-1,-1,-1,-1,1,-1,-1,1,-1,-1,1,-1,1,-1,1,-1,-1,-1,1,1,-1,1,-1,-1,1,1,-1,-1,-1,1,-1,1,-1,-1,1,1,-1,1,1,-1,-1,1,-1,-1,-1,-1,1,-1,1,1,-1,1,-1,1,-1,-1,-1,1,-1,-1,-1,-1,1,-1,-1,1,1,-1,1,1,-1,1,1,-1,-1,-1,1,-1,1,1,1,1,-1,1,-1,-1,1,1,-1,-1,1,-1,1,1,1,-1,-1,1,-1,1,1,-1,-1,-1,1,-1,-1,1,1,-1,-1,-1,1,-1,1,-1,1,-1,1,-1,-1,1,-2668.0,1,2000,445,500,False
1500,1,1,-1,-1,1,-1,-1,-1,1,1,1,-1,1,1,1,1,-1,1,-1,-1,-1,-1,1,1,1,-1,-1,-1,1,1,1,1,1,-1,-1,-1,1,1,1,1,-1,-1,-1,1,1,1,1,-1,1,1,1,1,-1,1,-1,-1,1,-1,1,1,1,-1,-1,-1,1,1,1,1,-1,-1,-1,1,1,1,1,-1,-1,-1,1,1,1,-1,-1,-1,1,1,1,1,-1,-1,1,1,1,1,1,-1,-1,-1,1,-1,1,1,-1,-1,1,1,1,1,1,-1,-1,-1,1,1,1,1,-1,-1,1,1,1,1,1,1,-1,-1,1,1,-1,1,1,-1,1,1,1,1,1,1,-1,1,1,1,1,1,1,-1,1,1,1,1,1,1,-1,-1,-1,1,1,1,1,-1,1,1,1,1,-1,1,-1,1,-1,1,1,1,-1,-1,1,1,1,1,1,-1,1,-1,-1,1,-1,1,-1,1,1,1,1,1,1,1,1,1,-1,1,-1,1,-1,1,1,-1,1,-1,1,1,-1,1,-1,1,-1,1,1,1,1,-1,1,-1,1,-1,-1,1,-1,-1,1,1,-1,-1,1,-1,1,-1,1,-1,-1,1,-1,1,-1,1,-1,1,1,-1,-1,-1,1,1,-1,1,-1,1,1,1,-1,1,-1,-1,1,-1,1,-1,1,1,1,-1,1,1,-1,1,-1,-1,-1,1,1,1,1,-1,-1,-1,1,1,1,-1,1,1,-1,-1,1,1,-1,1,1,-1,1,1,1,-1,-1,1,-1,1,1,-1,1,-1,1,-1,1,1,1,-1,-1,1,-1,-1,1,-1,1,-1,1,1,-1,1,1,1,-1,1,1,1,1,1,-1,-1,1,-1,1,1,1,1,-1,1,-1,1,1,1,-1,1,1,-1,-1,1,1,-1,1,1,-1,1,1,1,1,1,1,-1,1,1,1,1,1,1,-1,1,1,1,1,1,1,-1,-1,1,1,1,1,1,-1,1,-1,1,-1,1,1,1,-1,1,1,1,1,1,1,-1,1,1,1,-1,1,1,-1,-1,-1,-1,1,1,1,-1,1,1,-1,1,1,-1,-1,1,1,1,1,1,-1,1,1,1,-1,1,1,1,1,-1,1,1,1,-1,1,-1,1,-1,1,1,1,1,-1,-1,-1,1,-1,-1,1,-1,1,-1,-1,1,1,1,1,-1,-1,1,-1,-1,1,-1,1,-1,1,1,1,1,1,1,-1,-1,1,-1,1,1,-1,-1,1,1,1,-1,1,-1,-1,1,1,-1,1,1,-1,-1,1,1,1,1,-1,1,-1,1,-1,1,1,-1,-1,1,1,-1,1,1,-1,-1,-1,1,-1,1,1,1,-1,-1,1,-1,-1,1,-1,-1,-1,1,-1,1,1,1,-1,-1,-1,1,-1,1,-1,-1,-1,-1,1,-1,1,-1,-1,-1,-1,1,-1,1,-1,-1,-1,-1,1,-1,1,-1,-1,-1,-1,1,-1,-1,1,1,1,-1,1,-1,1,-1,1,-1,1,-1,-1,-1,1,-1,-1,1,1,1,-1,1,-1,1,1,1,-1,1,1,-1,1,-1,1,-1,-1,1,-1,-1,1,1,1,-1,1,-1,-1,1,1,-1,-1,1,-1,-1,1,1,-1,-1,1,-1,-1,-1,1,1,-1,1,1,-1,-1,1,-1,-1,1,-1,1,-1,1,1,-1,-1,1,-1,-1,-1,-1,-1,1,1,1,-1,-1,1,-1,-1,1,-1,-1,1,-1,-1,1,1,-1,-1,1,-1,-1,1,1,-1,1,-1,1,-1,-1,1,1,-1,-1,-1,-1,1,1,-1,-1,1,-1,-1,-1,1,1,-1,-1,-1,-1,-1,1,-1,-1,-1,-1,-1,1,1,1,-1,-1,-1,-1,-1,1,1,-1,-1,-1,-1,-1,1,1,1,-1,-1,-1,-1,1,1,-1,-1,-1,-1,1,1,1,1,1,-1,1,1,1,1,1,1,-1,-1,1,1,1,1,-1,-1,1,1,1,1,-1,1,-1,-1,1,-1,1,-1,1,-1,-1,1,-1,1,-1,1,-1,-1,1,-1,1,-1,1,-1,-1,1,-1,1,1,1,-1,-1,1,-1,1,1,1,-1,-1,1,1,-1,1,1,-1,-1,1,-1,1,-1,1,-1,-1,-1,-1,-1,1,1,-1,-1,1,-1,-1,1,1,-1,-1,-1,-1,1,-1,1,-1,-1,-1,-1,-1,1,-1,-1,1,-1,-1,1,-1,1,-1,-1,-1,-1,-1,1,1,1,-1,-1,-1,1,1,1,-1,-1,-1,1,-1,-1,1,-1,1,-1,-1,1,1,1,-1,-1,-1,-1,1,-1,1,1,-1,1,-1,-1,1,1,-1,-1,-1,-1,-1,-1,1,1,-1,-1,1,-1,1,1,-1,-1,-1,1,-1,1,1,-1,-1,-1,-1,-1,1,1,1,-1,-1,-1,1,1,1,-1,-1,1,-1,-1,1,1,1,-1,1,-1,-1,1,1,-1,1,-1,-1,-1,1,1,-1,1,1,-1,-1,1,1,1,1,1,-1,-1,1,1,1,1,1,-1,-1,1,1,1,1,1,-1,-1,1,-1,1,1,1,1,-1,-1,1,-1,1,-1,1,-1,1,1,1,1,-1,1,-1,1,1,1,1,1,1,-1,-1,1,1,1,1,-1,1,-1,1,1,1,1,-1,1,-1,1,1,1,-1,-1,1,-1,1,1,-1,1,-1,-1,-1,1,1,1,-1,1,-1,-1,1,1,1,-1,-1,-1,-1,1,1,1,-1,1,-1,-1,-1,1,1,-1,1,-1,-1,1,1,1,-1,1,-1,1,-1,1,1,1,1,1,-1,-1,1,1,-1,-1,1,1,-1,-1,1,-1,1,-1,-1,1,1,-1,-1,1,-1,-1,-1,1,1,-1,1,1,-1,1,1,-1,-1,-1,-1,1,-1,-1,-1,-1,1,-1,-1,1,1,-1,1,1,-1,1,1,1,1,-1,1,-1,1,1,1,-1,-1,1,-1,-1,-1,1,-1,1,1,-1,1,1,1,-1,-1,1,-1,1,1,1,1,-1,1,-1,-1,1,1,1,-1,1,1,-1,1,-1,1,-1,1,-1,-1,1,-2668.0,1,2000,445,0,False
1501,1,1,-1,-1,1,1,-1,-1,1,1,1,-1,-1,1,1,1,-1,1,-1,-1,-1,1,1,1,1,-1,-1,-1,1,1,1,1,1,-1,-1,1,1,-1,1,1,-1,-1,1,1,1,1,1,-1,1,1,1,1,-1,1,-1,-1,1,-1,1,1,-1,-1,-1,1,1,1,1,1,-1,-1,1,1,1,1,1,-1,-1,-1,1,1,1,-1,-1,-1,1,1,1,1,-1,-1,-1,1,1,1,1,-1,-1,1,1,-1,1,1,-1,-1,1,1,1,1,1,-1,-1,1,1,1,1,1,-1,-1,1,1,1,1,1,1,-1,-1,1,1,-1,1,1,-1,1,1,1,1,1,1,-1,-1,1,1,1,1,1,-1,1,1,1,1,1,1,-1,-1,-1,1,1,1,1,-1,1,-1,1,1,-1,1,-1,1,-1,1,1,1,-1,-1,1,1,1,1,1,-1,1,-1,-1,1,-1,1,-1,1,1,1,1,1,1,1,1,1,-1,1,-1,1,-1,1,1,-1,1,-1,1,1,-1,1,-1,1,-1,1,-1,1,1,-1,1,-1,1,1,1,1,-1,-1,1,1,-1,-1,1,-1,1,-1,-1,1,-1,1,-1,1,-1,1,-1,-1,1,-1,-1,-1,1,1,-1,1,-1,1,1,1,-1,1,1,-1,1,-1,1,-1,1,-1,1,-1,1,1,-1,1,-1,-1,-1,1,1,-1,1,-1,-1,-1,1,1,-1,-1,1,1,-1,-1,1,1,-1,1,1,-1,1,1,1,1,-1,1,-1,1,1,-1,1,-1,1,1,-1,1,1,1,1,1,-1,-1,1,-1,-1,1,1,1,-1,1,1,1,-1,1,-1,-1,1,1,1,1,1,-1,1,1,1,-1,1,1,-1,1,1,1,-1,1,1,-1,-1,1,1,1,-1,1,-1,1,1,1,-1,1,1,-1,1,1,1,-1,1,-1,-1,1,1,1,-1,1,-1,-1,-1,1,1,-1,1,-1,-1,1,-1,1,-1,1,1,-1,-1,1,1,1,-1,1,-1,-1,1,1,-1,1,-1,-1,-1,-1,-1,-1,1,1,-1,-1,1,1,-1,1,-1,1,-1,1,1,1,1,-1,-1,1,1,1,-1,1,-1,-1,-1,-1,1,1,1,1,-1,-1,1,1,1,1,-1,-1,1,-1,-1,1,-1,1,-1,-1,1,-1,1,1,-1,-1,1,1,-1,1,-1,1,-1,-1,1,-1,1,1,-1,-1,-1,1,-1,-1,1,1,-1,-1,1,-1,1,1,-1,1,-1,1,-1,-1,1,1,-1,-1,1,-1,1,1,-1,-1,1,1,-1,1,-1,1,-1,1,-1,-1,1,-1,1,-1,1,-1,-1,1,-1,-1,-1,1,-1,-1,1,-1,1,-1,1,-1,-1,1,-1,-1,1,-1,1,-1,1,1,1,-1,1,1,-1,-1,-1,1,-1,1,-1,-1,1,-1,1,1,1,1,-1,-1,1,1,-1,1,1,-1,-1,1,1,1,-1,1,1,-1,1,1,1,1,1,1,1,-1,-1,1,1,-1,1,1,1,-1,1,1,-1,1,-1,-1,-1,1,1,-1,1,1,-1,1,-1,1,-1,1,1,-1,-1,-1,1,-1,-1,-1,-1,1,-1,1,-1,-1,-1,-1,-1,-1,1,-1,1,1,1,1,-1,1,-1,1,1,-1,-1,-1,1,-1,-1,1,-1,-1,-1,-1,1,1,1,1,-1,-1,1,1,1,1,-1,1,-1,-1,1,1,1,-1,-1,-1,1,1,1,1,-1,-1,-1,1,-1,1,-1,1,1,-1,-1,1,1,1,-1,-1,-1,1,1,1,1,1,-1,-1,-1,1,1,1,1,-1,-1,-1,1,-1,1,-1,-1,-1,1,1,1,1,1,-1,-1,-1,1,1,1,1,-1,-1,-1,1,1,-1,1,-1,-1,-1,1,1,1,1,-1,-1,1,1,1,1,-1,-1,1,1,-1,1,1,-1,-1,-1,1,1,1,1,1,-1,1,1,1,1,1,-1,-1,-1,1,-1,1,-1,-1,-1,-1,1,-1,1,1,1,-1,-1,1,-1,1,1,-1,1,-1,1,1,1,1,-1,1,-1,1,-1,1,1,-1,-1,-1,1,1,-1,-1,-1,-1,-1,1,-1,1,-1,-1,-1,-1,-1,-1,-1,1,-1,-1,-1,1,-1,-1,1,-1,-1,-1,-1,-1,1,1,-1,-1,-1,-1,-1,1,-1,-1,-1,1,-1,-1,1,-1,1,-1,-1,-1,-1,-1,-1,-1,1,-1,-1,-1,1,1,1,-1,-1,1,1,-1,-1,-1,-1,1,-1,-1,1,1,1,-1,-1,-1,-1,1,-1,1,1,-1,1,-1,-1,1,1,-1,-1,-1,-1,-1,-1,1,1,-1,-1,1,-1,1,1,-1,-1,-1,1,-1,1,1,-1,-1,1,-1,-1,1,1,1,-1,1,-1,1,1,1,-1,-1,1,-1,-1,1,1,1,-1,1,-1,-1,1,1,-1,1,1,-1,-1,1,1,1,1,1,-1,-1,1,1,1,1,1,-1,-1,1,1,1,1,-1,1,-1,-1,1,1,1,1,-1,-1,1,-1,1,1,1,1,-1,-1,1,-1,1,1,1,-1,1,1,1,1,-1,1,-1,1,1,1,1,1,1,1,-1,1,1,1,1,-1,1,-1,1,1,1,1,1,-1,1,1,1,1,-1,1,1,-1,1,1,-1,1,1,-1,-1,1,1,1,1,-1,1,-1,1,1,1,-1,-1,1,-1,1,1,1,-1,1,-1,-1,-1,1,1,-1,-1,1,-1,-1,1,1,-1,-1,1,-1,-1,1,1,1,-1,1,-1,-1,1,1,-1,-1,-1,1,-1,1,1,-1,1,1,-1,1,1,-1,-1,1,1,-1,-1,1,1,-1,1,1,-1,1,1,-1,-1,-1,-1,1,-1,-1,-1,-1,-1,-1,-1,1,1,-1,1,1,-1,1,1,1,1,-1,1,-1,1,1,1,1,-1,1,-1,-1,1,1,1,-1,1,-1,1,1,1,1,-1,1,-1,1,1,1,-1,-1,1,-1,-1,1,1,-1,-1,-1,1,-1,1,-1,1,-1,1,-1,-1,1,-2668.0,1,2000,445,0,False
1502,-1,-1,1,1,1,1,-1,1,-1,-1,-1,1,-1,1,-1,-1,1,-1,1,1,1,1,-1,-1,-1,1,-1,-1,1,-1,-1,-1,1,1,-1,1,1,-1,-1,-1,1,-1,1,-1,-1,-1,1,-1,1,-1,-1,-1,1,-1,1,-1,-1,1,-1,-1,-1,1,1,1,-1,-1,-1,-1,-1,-1,1,-1,-1,-1,-1,-1,1,1,-1,-1,-1,1,1,-1,-1,-1,-1,1,-1,1,-1,-1,-1,-1,-1,-1,-1,1,-1,1,-1,-1,-1,-1,1,-1,-1,-1,-1,-1,-1,1,-1,-1,-1,-1,-1,-1,1,-1,-1,1,-1,-1,-1,1,-1,-1,1,-1,-1,-1,1,-1,-1,1,-1,-1,-1,1,-1,-1,1,-1,-1,-1,-1,-1,-1,-1,-1,-1,-1,1,1,-1,-1,1,-1,-1,1,1,-1,-1,-1,-1,-1,1,1,-1,-1,-1,-1,-1,1,-1,-1,1,-1,-1,1,-1,1,-1,-1,-1,-1,1,-1,-1,-1,1,-1,1,1,1,1,-1,1,-1,-1,1,1,1,-1,1,-1,-1,-1,1,1,-1,1,-1,-1,1,1,1,-1,1,-1,1,1,1,1,1,-1,1,-1,-1,1,1,-1,-1,1,1,-1,1,1,-1,-1,1,-1,1,1,1,1,-1,1,-1,-1,1,1,-1,1,1,-1,1,-1,1,-1,-1,1,-1,1,1,1,1,1,1,-1,1,-1,1,1,1,1,-1,1,-1,1,1,1,1,1,-1,1,1,1,-1,1,-1,-1,1,1,-1,1,1,1,-1,-1,1,1,-1,1,-1,1,-1,1,1,1,1,-1,-1,-1,1,1,1,1,-1,1,-1,1,-1,1,1,1,1,-1,1,1,1,1,1,1,-1,1,1,1,1,-1,1,-1,1,1,1,1,1,-1,1,1,1,-1,1,1,-1,-1,1,1,-1,1,1,1,1,1,1,1,1,1,1,1,1,1,-1,1,1,1,1,1,1,1,-1,1,-1,1,1,1,1,-1,1,1,1,-1,1,1,-1,1,1,1,-1,1,1,1,1,1,-1,1,1,1,1,-1,-1,1,-1,1,1,-1,1,-1,1,1,-1,1,-1,1,1,1,1,1,1,-1,1,-1,1,1,1,1,-1,1,1,1,-1,1,1,1,1,1,1,1,1,1,-1,-1,1,-1,1,1,-1,1,-1,1,1,1,1,1,1,-1,1,-1,-1,1,-1,1,-1,1,1,1,1,-1,1,-1,-1,1,-1,1,-1,1,-1,1,1,1,1,-1,1,-1,-1,1,-1,1,-1,-1,-1,1,1,1,1,-1,1,-1,1,-1,1,1,-1,1,-1,1,-1,1,-1,-1,-1,-1,1,-1,1,1,-1,-1,-1,1,-1,-1,1,-1,-1,-1,1,-1,1,-1,-1,-1,-1,1,1,-1,-1,-1,-1,-1,-1,1,1,-1,1,-1,-1,1,-1,-1,1,1,-1,-1,-1,1,-1,1,1,-1,1,-1,1,-1,-1,-1,1,1,-1,1,-1,1,1,1,1,1,-1,1,1,-1,-1,1,1,1,1,-1,-1,1,-1,1,1,1,-1,-1,-1,1,-1,1,1,1,-1,-1,-1,1,1,-1,1,-1,-1,-1,1,1,1,1,-1,-1,1,1,1,1,1,-1,-1,-1,-1,1,-1,1,-1,1,-1,-1,1,1,1,-1,-1,1,1,-1,-1,1,1,-1,-1,-1,-1,1,1,1,-1,-1,-1,1,1,1,1,-1,-1,-1,-1,1,1,-1,-1,-1,-1,-1,1,1,-1,1,-1,-1,1,1,1,1,-1,-1,-1,-1,1,1,-1,1,-1,-1,1,1,1,1,-1,-1,-1,-1,1,1,1,-1,1,-1,1,1,1,1,-1,-1,1,1,1,1,1,-1,-1,-1,1,1,1,1,-1,-1,1,1,1,1,1,-1,-1,-1,1,1,1,1,1,-1,1,-1,1,-1,-1,1,-1,1,1,1,1,-1,1,-1,1,1,1,-1,1,-1,-1,1,-1,1,1,-1,1,-1,1,-1,1,-1,1,-1,-1,1,1,1,1,1,-1,-1,1,1,1,-1,1,-1,-1,1,-1,1,1,-1,-1,1,1,1,1,-1,1,1,-1,1,1,1,1,-1,-1,1,-1,1,1,1,-1,-1,1,-1,1,1,1,-1,-1,-1,-1,1,1,1,1,-1,1,-1,1,1,1,-1,-1,-1,1,-1,1,1,-1,-1,1,-1,1,1,1,-1,-1,1,-1,1,1,1,-1,-1,1,1,1,1,1,1,-1,1,-1,1,1,1,1,-1,-1,1,1,1,1,-1,-1,1,-1,1,1,1,1,-1,-1,1,1,1,1,1,-1,-1,-1,1,-1,1,1,1,-1,1,1,1,1,1,-1,-1,1,1,1,1,1,1,-1,1,1,-1,1,-1,-1,1,1,1,1,1,1,-1,-1,1,1,1,1,1,-1,-1,1,1,1,1,1,1,-1,1,1,1,1,1,1,-1,1,1,1,1,1,1,-1,1,1,-1,1,1,-1,-1,-1,1,1,1,1,1,-1,1,-1,-1,1,1,1,-1,-1,1,-1,1,1,1,-1,1,1,-1,1,-1,1,-1,1,1,-1,1,1,1,-1,-1,1,1,1,1,-1,1,-1,1,1,1,1,1,-1,1,1,1,1,-1,-1,1,-1,1,1,-1,1,-1,-1,-1,1,-1,1,-1,1,-1,-1,1,-1,1,-1,-1,1,-1,1,-1,1,-1,-1,1,-1,-1,1,1,-1,1,-1,-1,-1,-1,1,-1,1,-1,1,-1,-1,1,1,1,1,-1,-1,1,1,-1,-1,1,1,-1,1,-1,-1,1,-1,-1,1,1,-1,-1,1,-1,-1,-1,-1,1,-1,1,1,-1,1,-1,1,-1,-1,-1,1,-1,-1,-1,-1,1,-1,-1,1,1,-1,1,1,-1,1,1,-1,-1,-1,1,-1,1,1,1,1,-1,1,-1,-1,-1,1,-1,1,1,-1,1,1,1,1,-1,1,-1,1,1,-1,-1,-1,1,-1,-1,1,1,-1,1,1,1,-1,1,-1,1,-1,1,-1,-1,1,-2668.0,1,2000,445,1500,True
1503,1,1,-1,-1,1,1,-1,-1,1,1,1,-1,-1,1,1,1,-1,1,-1,-1,-1,-1,1,1,1,-1,-1,-1,1,1,1,1,1,-1,-1,-1,1,1,1,1,-1,-1,-1,1,1,1,1,-1,1,1,1,1,-1,1,-1,-1,1,-1,1,1,-1,-1,-1,-1,1,1,1,1,-1,-1,-1,1,1,1,1,-1,-1,-1,1,1,1,-1,-1,-1,1,1,1,1,-1,1,-1,1,1,1,1,-1,-1,1,1,-1,1,1,-1,-1,1,1,1,1,1,-1,-1,1,1,-1,1,1,-1,-1,1,1,1,1,1,1,-1,1,1,1,-1,1,1,-1,1,1,1,1,1,1,-1,-1,1,1,1,1,1,-1,1,1,1,1,1,1,-1,-1,-1,1,1,1,1,-1,1,1,1,1,-1,1,-1,1,-1,1,1,1,-1,-1,1,1,1,1,1,-1,1,-1,-1,1,-1,1,-1,1,1,1,1,1,1,1,1,1,-1,1,-1,1,-1,1,1,-1,1,-1,1,1,-1,1,-1,1,-1,1,-1,1,1,-1,1,-1,1,1,1,1,-1,-1,1,1,-1,-1,1,-1,1,-1,-1,1,-1,1,-1,1,-1,1,-1,1,1,-1,-1,-1,1,1,-1,1,-1,1,1,1,-1,1,1,-1,1,-1,1,-1,1,-1,1,-1,1,1,-1,1,-1,-1,-1,1,1,-1,1,-1,-1,-1,1,1,-1,-1,1,1,-1,-1,1,1,-1,1,1,-1,1,1,1,1,-1,1,-1,1,1,-1,1,-1,1,1,-1,1,1,1,1,1,-1,-1,1,-1,-1,1,1,1,-1,1,1,1,-1,1,-1,-1,1,1,1,1,1,-1,1,1,1,-1,1,1,-1,1,1,1,-1,1,1,-1,-1,1,1,1,-1,1,-1,1,1,1,-1,1,1,-1,1,1,1,-1,1,-1,-1,1,1,1,-1,1,-1,-1,-1,1,1,-1,1,-1,-1,1,-1,1,-1,1,1,-1,-1,1,1,1,-1,1,-1,-1,1,1,-1,1,-1,-1,-1,-1,-1,-1,1,-1,-1,-1,1,1,-1,1,-1,1,-1,1,1,1,1,-1,-1,1,1,1,-1,1,-1,-1,-1,-1,1,1,-1,1,-1,-1,1,1,1,-1,-1,-1,1,-1,-1,1,-1,1,-1,-1,1,-1,1,-1,-1,-1,1,1,-1,1,-1,1,-1,-1,1,-1,1,-1,-1,-1,-1,1,-1,-1,1,1,-1,-1,1,-1,1,1,-1,1,-1,1,-1,-1,1,1,-1,-1,1,-1,1,1,-1,-1,1,1,-1,1,-1,1,-1,1,-1,-1,1,-1,1,-1,1,-1,-1,1,1,-1,-1,1,-1,-1,1,-1,1,-1,1,-1,-1,1,1,-1,1,-1,1,-1,1,1,1,-1,1,1,-1,-1,1,1,-1,1,-1,-1,-1,1,1,1,1,1,-1,-1,-1,1,-1,1,1,1,-1,1,1,1,-1,1,1,-1,1,1,1,1,1,-1,1,1,-1,-1,1,-1,1,1,-1,1,-1,1,-1,1,-1,-1,-1,1,1,-1,1,1,-1,-1,-1,1,-1,1,1,-1,1,-1,1,-1,-1,-1,-1,-1,-1,1,-1,-1,-1,-1,-1,-1,1,-1,1,1,1,1,-1,1,-1,1,1,-1,-1,-1,1,-1,-1,1,-1,1,-1,-1,1,1,1,1,-1,-1,1,1,1,1,-1,1,-1,-1,1,1,1,-1,-1,-1,1,1,1,1,-1,1,-1,1,-1,1,-1,1,1,-1,-1,1,1,1,-1,-1,-1,-1,1,1,1,1,-1,-1,-1,1,1,1,1,-1,-1,-1,1,-1,1,-1,-1,-1,1,1,1,1,1,-1,-1,-1,1,1,1,1,-1,-1,-1,1,1,-1,1,-1,-1,-1,1,1,1,1,-1,-1,1,1,1,1,-1,-1,1,1,-1,1,1,-1,-1,-1,1,1,1,1,1,-1,1,1,1,1,1,-1,-1,-1,1,-1,1,-1,-1,-1,-1,1,-1,1,1,-1,-1,-1,1,-1,1,1,-1,-1,-1,1,1,1,1,-1,-1,-1,1,-1,1,1,-1,-1,-1,1,1,-1,-1,-1,-1,-1,1,-1,1,-1,-1,-1,-1,-1,-1,-1,1,-1,-1,-1,1,-1,-1,1,-1,-1,-1,-1,-1,1,1,-1,-1,-1,-1,-1,1,-1,-1,-1,1,-1,-1,1,-1,1,-1,-1,-1,-1,-1,-1,-1,1,-1,-1,-1,1,1,1,-1,-1,1,-1,-1,-1,-1,-1,1,-1,-1,1,1,1,-1,-1,-1,-1,1,-1,1,1,-1,1,-1,-1,1,1,-1,-1,-1,-1,-1,-1,1,1,-1,-1,1,-1,1,1,-1,-1,-1,1,-1,1,1,-1,-1,1,-1,-1,1,1,1,-1,1,-1,1,1,1,-1,-1,1,-1,-1,1,1,1,-1,1,-1,-1,1,1,-1,1,1,-1,-1,1,1,1,1,1,-1,-1,1,1,1,1,1,-1,-1,1,1,1,1,1,1,-1,-1,1,1,-1,1,-1,-1,1,-1,1,1,1,1,-1,-1,1,-1,1,1,1,-1,1,1,1,1,-1,1,-1,1,1,1,1,1,1,1,-1,1,1,1,1,-1,1,-1,1,1,1,1,1,-1,1,1,1,1,-1,1,1,-1,1,1,-1,1,1,-1,-1,1,1,1,1,-1,1,-1,1,1,1,-1,-1,1,-1,1,1,1,-1,1,-1,-1,1,1,1,-1,-1,1,-1,-1,1,1,-1,-1,1,-1,-1,1,1,1,-1,1,-1,-1,1,1,-1,-1,-1,1,-1,1,1,-1,1,1,-1,-1,1,-1,-1,1,1,1,-1,-1,1,-1,1,1,-1,1,1,-1,-1,-1,-1,1,-1,-1,-1,-1,-1,1,-1,1,1,-1,1,1,-1,1,-1,1,1,-1,1,-1,1,1,1,1,-1,1,-1,1,-1,1,1,-1,1,-1,1,-1,1,1,-1,1,-1,1,1,1,-1,-1,1,-1,1,-1,1,-1,-1,-1,-1,1,-1,1,1,-1,1,-1,1,-1,-2668.0,1,2000,445,0,False
1504,1,1,-1,-1,1,-1,-1,1,1,1,1,-1,1,1,1,1,-1,1,-1,-1,-1,1,1,1,1,-1,-1,-1,1,1,1,1,1,-1,-1,1,-1,1,1,1,-1,-1,1,1,1,1,1,-1,1,1,1,1,-1,1,-1,-1,1,-1,1,1,1,-1,-1,1,1,1,1,1,-1,-1,1,-1,1,1,1,-1,-1,1,-1,1,1,-1,-1,-1,-1,1,1,1,-1,-1,1,1,-1,1,1,-1,-1,-1,-1,-1,1,1,-1,-1,1,-1,-1,1,1,-1,-1,-1,-1,-1,1,1,-1,-1,1,-1,-1,1,1,1,-1,-1,-1,-1,1,1,1,-1,1,-1,-1,1,1,1,-1,1,-1,-1,-1,1,1,-1,1,-1,-1,-1,1,1,-1,-1,1,-1,-1,1,1,-1,1,-1,-1,-1,1,1,-1,1,1,-1,1,1,-1,-1,1,-1,-1,1,1,-1,1,-1,1,-1,1,1,-1,1,1,-1,-1,-1,1,1,1,1,1,-1,-1,1,-1,1,1,1,-1,-1,1,1,-1,1,1,-1,1,1,-1,1,1,1,-1,1,1,1,1,1,1,1,-1,1,-1,-1,1,1,-1,-1,1,1,-1,1,1,-1,-1,1,-1,1,1,1,1,-1,1,1,-1,1,1,-1,1,1,-1,1,1,1,-1,-1,1,-1,1,-1,1,1,1,1,-1,1,-1,1,1,1,1,-1,1,-1,1,1,1,1,-1,-1,1,1,1,1,1,1,-1,1,1,-1,-1,1,1,1,-1,1,1,1,1,-1,1,-1,-1,1,1,-1,1,1,1,-1,1,1,1,-1,-1,1,1,-1,1,1,1,1,-1,1,1,1,1,1,1,1,1,1,1,1,1,-1,1,1,1,1,1,1,-1,1,1,1,-1,1,1,1,-1,1,1,1,1,1,-1,1,1,-1,1,1,1,-1,1,1,1,1,1,1,-1,1,1,1,-1,1,1,1,1,1,1,1,-1,1,-1,1,1,1,-1,1,1,1,-1,1,1,1,-1,1,-1,1,1,1,-1,-1,-1,-1,1,1,1,-1,1,1,-1,1,1,-1,-1,1,1,-1,1,1,-1,1,1,1,1,1,1,1,-1,-1,1,-1,-1,-1,1,-1,1,-1,-1,1,1,1,-1,-1,-1,1,-1,-1,1,1,-1,1,-1,1,1,1,1,1,-1,1,-1,-1,1,-1,1,-1,-1,-1,1,1,1,1,-1,-1,1,-1,1,1,1,-1,1,-1,1,-1,1,1,-1,-1,1,-1,1,1,1,-1,-1,-1,1,1,1,1,-1,-1,1,-1,1,1,-1,1,-1,1,1,1,1,-1,-1,-1,-1,1,1,1,-1,1,-1,1,-1,1,1,-1,-1,1,-1,1,1,1,1,-1,1,-1,-1,1,1,1,-1,-1,-1,-1,1,1,-1,-1,1,-1,-1,1,-1,1,-1,-1,-1,-1,1,-1,1,-1,-1,1,-1,-1,1,1,1,-1,1,-1,1,-1,-1,-1,1,-1,1,1,-1,1,-1,1,1,-1,1,-1,1,-1,1,1,1,-1,-1,-1,1,-1,1,1,1,-1,-1,-1,1,1,-1,1,-1,-1,-1,1,1,-1,1,-1,-1,-1,1,1,-1,1,-1,-1,-1,-1,1,1,1,-1,1,-1,-1,1,-1,1,-1,-1,1,-1,1,-1,1,1,-1,-1,-1,-1,-1,1,1,-1,-1,-1,-1,-1,1,1,-1,-1,-1,1,1,1,-1,-1,-1,-1,1,1,1,-1,1,-1,1,-1,1,1,1,-1,-1,-1,-1,-1,1,-1,1,-1,-1,1,-1,1,1,-1,1,-1,-1,1,1,1,-1,1,-1,-1,-1,1,1,-1,1,-1,-1,-1,1,1,-1,1,-1,-1,-1,1,1,1,-1,1,-1,-1,1,1,-1,-1,-1,-1,-1,1,1,-1,-1,1,-1,-1,1,-1,1,-1,1,-1,-1,1,-1,-1,1,1,1,-1,1,1,-1,1,-1,1,-1,1,-1,-1,1,-1,1,-1,1,1,-1,1,-1,-1,-1,-1,1,-1,1,-1,1,-1,-1,1,-1,1,-1,1,-1,-1,-1,1,1,-1,-1,-1,-1,1,-1,-1,-1,-1,-1,-1,-1,-1,1,-1,-1,-1,-1,1,1,-1,1,-1,-1,-1,1,-1,-1,1,-1,-1,-1,-1,-1,1,1,-1,-1,-1,-1,-1,1,-1,-1,-1,1,-1,-1,1,-1,1,-1,-1,-1,-1,-1,-1,-1,1,-1,-1,-1,1,1,-1,-1,-1,-1,1,-1,-1,-1,-1,-1,-1,-1,1,1,1,-1,-1,-1,-1,1,-1,1,1,-1,1,-1,-1,1,1,-1,-1,-1,-1,-1,-1,1,1,-1,-1,1,-1,1,1,-1,-1,-1,1,-1,1,1,-1,-1,1,-1,-1,1,1,1,-1,1,-1,1,1,1,-1,-1,1,-1,-1,1,1,1,-1,1,-1,-1,1,1,-1,1,1,-1,-1,1,1,1,1,1,-1,-1,1,1,1,1,1,-1,-1,1,1,1,1,1,1,-1,1,1,1,1,1,-1,-1,1,-1,1,1,1,1,-1,-1,1,-1,1,1,1,-1,1,1,1,1,-1,1,-1,1,1,1,1,1,1,1,-1,1,1,1,1,-1,1,-1,1,1,1,1,1,1,1,1,1,1,-1,1,-1,1,1,1,-1,1,1,1,1,-1,1,1,1,-1,1,1,1,1,1,-1,-1,1,-1,1,1,1,-1,1,-1,1,1,1,1,-1,-1,1,1,-1,1,1,-1,-1,1,1,-1,1,1,1,-1,-1,-1,1,1,1,-1,-1,-1,-1,1,-1,1,-1,1,1,1,1,1,-1,-1,1,1,1,1,1,1,-1,1,-1,1,1,1,-1,-1,-1,-1,-1,-1,-1,-1,-1,-1,-1,1,1,1,-1,1,1,-1,-1,1,1,1,-1,1,-1,1,1,1,-1,-1,1,-1,1,1,1,-1,-1,1,-1,1,1,1,-1,-1,1,-1,1,-1,1,1,-1,1,-1,-1,1,1,1,-1,-1,-1,1,1,1,1,-1,1,-1,-1,1,-2668.0,1,2000,445,1000,True
1505,1,1,-1,-1,1,1,-1,-1,1,1,1,-1,-1,1,1,1,-1,1,1,-1,-1,-1,1,1,1,1,-1,-1,1,1,1,1,-1,-1,-1,-1,1,1,1,1,-1,-1,-1,1,1,1,1,-1,1,1,1,1,-1,1,-1,-1,1,-1,1,1,1,-1,-1,-1,1,1,1,1,-1,-1,-1,1,1,1,1,-1,-1,-1,1,1,1,-1,-1,-1,1,1,1,1,-1,-1,-1,1,1,1,1,-1,-1,1,1,-1,1,1,-1,-1,1,1,1,1,1,-1,-1,1,1,-1,1,1,-1,-1,1,1,1,1,1,1,-1,1,1,1,-1,1,1,-1,1,1,1,1,1,1,-1,-1,1,1,-1,1,1,-1,1,1,1,1,1,1,-1,-1,-1,1,-1,1,1,-1,1,1,1,1,-1,1,-1,1,-1,1,1,1,-1,-1,1,1,1,-1,1,-1,1,-1,-1,1,1,1,-1,1,1,1,1,-1,1,1,1,1,-1,1,-1,1,-1,1,1,-1,1,-1,1,1,-1,1,-1,1,-1,1,-1,1,1,-1,1,-1,1,1,1,1,-1,-1,1,1,-1,-1,1,-1,1,1,-1,1,-1,1,-1,1,-1,1,-1,1,1,-1,1,1,1,1,-1,1,-1,1,1,1,-1,1,1,-1,1,-1,1,-1,1,-1,1,-1,1,1,-1,1,-1,-1,-1,1,1,-1,1,-1,-1,-1,-1,1,-1,-1,1,1,-1,-1,1,1,-1,1,1,-1,1,1,1,1,-1,1,-1,1,1,-1,1,-1,1,1,-1,1,1,1,1,1,-1,-1,1,-1,-1,1,1,1,-1,1,1,1,-1,1,-1,-1,1,1,1,1,1,-1,1,1,1,-1,-1,1,-1,1,1,1,-1,1,1,-1,1,-1,1,1,-1,1,-1,1,1,1,-1,1,1,-1,1,1,1,-1,1,-1,-1,1,1,1,-1,1,-1,-1,1,1,1,-1,1,-1,-1,-1,-1,1,-1,1,1,-1,1,1,1,1,-1,1,-1,-1,-1,1,-1,1,-1,-1,1,-1,-1,-1,1,-1,-1,1,-1,1,-1,1,-1,1,-1,1,1,1,1,-1,1,-1,1,1,-1,1,-1,-1,-1,-1,1,1,1,1,-1,-1,1,1,1,1,-1,-1,1,-1,-1,1,-1,1,-1,1,-1,1,1,1,-1,-1,1,1,-1,1,-1,1,-1,-1,1,-1,1,1,-1,-1,-1,1,-1,-1,1,1,-1,-1,-1,-1,1,1,-1,1,-1,1,-1,-1,1,1,-1,1,1,-1,1,1,-1,-1,1,1,-1,1,-1,1,-1,1,-1,-1,1,-1,1,-1,1,-1,-1,1,-1,-1,-1,1,-1,-1,1,1,1,-1,1,-1,-1,1,-1,-1,1,-1,1,-1,1,-1,1,-1,1,1,-1,-1,-1,1,-1,1,-1,-1,1,-1,1,1,-1,1,-1,-1,1,1,-1,-1,1,-1,-1,1,1,1,1,1,1,-1,1,1,1,-1,1,-1,1,-1,-1,-1,1,-1,1,1,-1,1,-1,1,-1,1,-1,-1,-1,1,1,-1,1,1,-1,-1,-1,1,-1,1,1,-1,1,-1,1,-1,-1,-1,-1,-1,-1,1,-1,-1,-1,-1,-1,-1,1,-1,1,1,1,1,-1,1,-1,1,1,-1,-1,-1,1,-1,-1,1,-1,1,-1,-1,1,1,1,1,-1,-1,1,1,1,1,-1,1,-1,-1,1,1,1,-1,-1,-1,-1,1,1,1,-1,1,-1,1,-1,1,-1,1,1,-1,-1,1,1,1,-1,-1,-1,-1,1,1,1,1,-1,-1,-1,1,1,1,1,-1,-1,-1,1,-1,1,-1,-1,1,-1,1,1,1,1,-1,1,-1,1,-1,1,-1,-1,-1,-1,1,1,-1,1,-1,-1,-1,1,1,1,1,-1,-1,1,-1,1,-1,1,-1,1,1,-1,1,1,-1,-1,-1,1,1,-1,1,1,-1,1,1,1,-1,1,1,-1,-1,1,-1,1,-1,1,-1,1,-1,1,-1,1,-1,-1,-1,-1,-1,-1,1,-1,-1,-1,1,1,-1,-1,1,-1,1,-1,-1,-1,1,-1,-1,-1,1,1,1,-1,-1,-1,-1,1,-1,-1,1,-1,-1,-1,-1,-1,-1,1,-1,-1,-1,1,-1,-1,1,-1,-1,-1,-1,-1,1,1,-1,-1,-1,-1,-1,1,-1,-1,-1,1,-1,-1,1,-1,1,-1,-1,-1,-1,-1,-1,-1,1,-1,-1,-1,1,1,1,-1,-1,1,-1,1,-1,-1,-1,1,-1,-1,1,-1,1,-1,-1,-1,-1,1,-1,1,1,-1,1,-1,-1,1,1,-1,-1,-1,-1,-1,-1,1,1,-1,-1,1,-1,1,1,-1,-1,-1,1,-1,1,1,-1,-1,1,-1,-1,1,1,1,-1,1,-1,1,1,1,-1,-1,1,-1,-1,1,1,1,-1,1,-1,-1,1,1,-1,1,1,-1,-1,1,1,-1,1,1,-1,-1,1,1,-1,1,1,-1,-1,1,1,1,1,1,1,-1,-1,1,-1,1,1,-1,-1,1,-1,1,1,1,1,-1,-1,1,-1,1,1,1,-1,1,1,1,1,-1,1,-1,1,1,1,1,1,1,1,-1,1,1,1,1,-1,1,-1,1,1,1,1,1,-1,1,1,1,1,-1,1,1,-1,1,1,-1,1,1,-1,-1,1,1,1,1,-1,1,-1,1,1,1,-1,-1,1,-1,1,1,1,-1,1,-1,-1,-1,1,1,-1,-1,1,-1,-1,1,1,-1,-1,1,-1,-1,1,1,1,-1,-1,-1,-1,1,1,-1,-1,-1,1,-1,1,1,-1,1,1,-1,1,1,-1,-1,1,1,-1,-1,1,1,-1,1,1,-1,1,1,-1,-1,-1,-1,1,-1,-1,-1,-1,1,-1,-1,1,1,-1,1,1,-1,1,1,1,1,-1,1,-1,1,1,1,1,-1,1,-1,-1,1,1,1,-1,1,-1,1,1,1,1,-1,1,-1,1,1,1,-1,-1,1,-1,-1,1,1,-1,-1,-1,1,-1,1,1,1,-1,1,-1,-1,1,-2668.0,1,2000,445,1000,False
1506,1,1,-1,-1,1,1,-1,-1,1,1,1,-1,-1,1,1,1,-1,1,1,-1,-1,1,1,1,1,1,-1,-1,1,1,1,1,-1,-1,-1,-1,1,1,1,1,-1,-1,-1,1,1,1,1,-1,1,1,1,1,-1,1,-1,-1,1,-1,1,1,1,-1,-1,1,1,1,1,1,-1,-1,1,1,1,1,1,-1,-1,-1,1,1,1,-1,-1,-1,1,1,1,1,-1,-1,-1,1,1,1,1,-1,-1,1,1,-1,1,1,-1,-1,1,1,1,1,1,-1,-1,1,1,1,1,1,-1,-1,1,1,1,1,1,1,-1,1,1,1,-1,1,1,-1,1,1,1,1,1,1,-1,-1,1,1,1,1,1,-1,1,1,1,1,1,1,-1,-1,-1,1,1,1,1,-1,1,-1,1,1,-1,1,-1,1,-1,1,1,1,-1,-1,1,1,1,1,1,-1,1,-1,-1,1,-1,1,-1,1,1,1,1,1,1,1,1,1,-1,1,-1,1,-1,1,1,-1,1,-1,1,1,-1,1,-1,1,-1,1,-1,1,1,-1,-1,-1,1,1,1,1,-1,-1,1,1,-1,-1,1,-1,1,-1,-1,1,-1,1,-1,1,-1,1,-1,1,1,-1,-1,-1,1,1,-1,1,-1,1,1,1,-1,1,1,-1,1,-1,1,-1,1,-1,1,-1,1,1,-1,1,-1,-1,-1,1,1,-1,1,-1,-1,-1,1,1,-1,-1,1,1,-1,-1,1,1,-1,1,1,-1,1,1,1,1,-1,1,-1,1,1,-1,1,-1,1,-1,1,1,1,1,1,1,-1,-1,1,-1,-1,1,1,1,-1,1,1,1,-1,1,1,1,1,1,1,1,1,-1,1,1,1,-1,1,1,-1,1,1,1,-1,1,1,-1,-1,1,1,1,-1,1,-1,1,1,1,-1,1,1,-1,1,1,1,-1,1,1,-1,1,1,1,-1,1,1,-1,-1,1,1,-1,1,1,-1,1,-1,1,-1,1,1,1,-1,1,1,1,-1,1,1,-1,1,1,-1,1,1,1,-1,-1,-1,-1,1,1,1,-1,1,1,-1,1,1,-1,-1,1,1,1,1,1,-1,1,1,1,-1,1,1,1,1,-1,1,1,1,-1,1,-1,1,1,1,-1,1,1,-1,-1,-1,1,-1,-1,1,-1,1,-1,1,-1,1,1,1,-1,-1,1,-1,-1,1,-1,1,-1,1,1,1,1,-1,1,-1,-1,1,-1,1,1,-1,-1,1,1,1,-1,1,-1,-1,-1,1,-1,1,1,-1,-1,1,1,1,1,-1,1,-1,1,-1,1,1,-1,-1,-1,1,-1,1,1,-1,-1,-1,1,-1,1,1,1,-1,-1,1,-1,-1,1,-1,-1,-1,1,-1,1,1,1,-1,-1,1,-1,-1,1,-1,-1,-1,-1,-1,-1,1,-1,-1,-1,1,-1,-1,1,-1,-1,-1,-1,1,-1,1,-1,-1,-1,-1,1,-1,-1,1,1,1,-1,1,-1,1,-1,1,1,1,-1,-1,1,1,-1,-1,-1,1,-1,1,1,-1,1,1,1,-1,1,1,-1,-1,-1,1,-1,-1,1,-1,-1,1,1,-1,-1,1,-1,-1,1,1,1,-1,1,-1,-1,1,1,-1,-1,1,-1,-1,-1,1,1,-1,1,1,-1,-1,1,-1,-1,1,-1,1,-1,1,1,-1,-1,1,-1,-1,-1,-1,-1,1,1,1,-1,-1,1,-1,-1,1,-1,-1,1,-1,-1,1,1,-1,-1,1,-1,-1,1,1,-1,1,-1,-1,-1,-1,1,1,-1,-1,-1,-1,-1,1,-1,-1,1,-1,-1,-1,1,1,-1,-1,-1,-1,-1,1,-1,-1,-1,-1,-1,-1,1,1,-1,-1,-1,-1,1,1,1,-1,-1,-1,-1,-1,1,1,1,-1,-1,-1,-1,1,1,1,-1,-1,-1,1,1,1,1,1,-1,1,1,1,1,1,1,-1,-1,1,1,1,-1,1,-1,1,1,1,1,-1,1,-1,-1,1,-1,1,-1,1,-1,-1,1,-1,1,1,1,-1,-1,1,-1,1,-1,1,-1,-1,1,-1,1,1,1,-1,-1,1,-1,1,1,1,-1,-1,1,1,-1,1,1,-1,-1,1,-1,1,-1,1,-1,-1,-1,-1,-1,1,1,-1,-1,1,-1,-1,1,1,-1,-1,-1,-1,-1,-1,1,-1,-1,-1,-1,1,1,-1,-1,1,-1,-1,1,-1,1,-1,-1,-1,-1,-1,1,1,1,-1,-1,-1,1,1,1,-1,-1,1,-1,-1,-1,1,-1,1,-1,-1,1,1,1,-1,-1,-1,-1,1,-1,1,1,-1,1,-1,-1,1,1,-1,-1,-1,-1,-1,-1,1,1,-1,-1,1,-1,1,1,-1,-1,-1,1,-1,1,1,-1,-1,1,-1,-1,1,1,1,-1,1,-1,1,1,1,-1,-1,1,-1,-1,1,1,1,-1,1,-1,-1,1,1,-1,1,1,-1,-1,1,1,-1,1,1,-1,-1,1,1,-1,1,1,-1,-1,1,1,1,1,1,1,-1,-1,1,-1,1,1,-1,-1,1,-1,1,1,1,1,-1,-1,1,-1,1,1,1,-1,1,1,1,1,-1,1,-1,1,1,1,1,1,1,1,-1,1,1,1,1,-1,1,-1,1,1,1,1,1,-1,1,1,1,1,-1,1,1,-1,1,1,-1,1,1,-1,-1,1,1,1,1,-1,1,-1,1,1,1,-1,-1,1,-1,1,1,1,-1,1,-1,-1,-1,1,1,-1,-1,1,-1,-1,1,1,-1,-1,1,-1,-1,1,1,1,-1,1,-1,-1,1,1,-1,-1,-1,1,-1,1,1,-1,1,1,-1,1,1,-1,-1,1,1,-1,-1,1,1,-1,1,1,-1,1,1,-1,-1,-1,-1,1,-1,-1,-1,-1,-1,1,-1,1,1,-1,1,1,-1,1,1,1,1,-1,1,-1,1,1,1,1,-1,1,-1,-1,1,1,1,-1,1,-1,1,1,1,1,-1,1,-1,1,1,1,-1,-1,1,-1,-1,1,1,-1,-1,-1,1,-1,1,1,1,-1,1,-1,1,1,-2668.0,1,2000,445,1000,False
1507,-1,-1,1,1,1,1,-1,1,-1,-1,-1,1,-1,1,-1,-1,1,-1,1,1,-1,1,-1,-1,-1,1,-1,-1,1,-1,-1,-1,1,1,-1,1,1,-1,-1,-1,1,-1,1,-1,-1,-1,1,1,-1,-1,-1,-1,1,1,1,-1,-1,1,-1,-1,1,1,1,1,-1,1,-1,1,1,-1,1,-1,-1,-1,1,-1,-1,1,-1,-1,-1,1,1,-1,-1,-1,-1,1,1,1,-1,-1,-1,1,-1,1,-1,1,-1,1,1,1,1,-1,1,-1,-1,1,1,1,-1,1,-1,-1,1,1,1,-1,1,-1,-1,1,1,1,-1,1,-1,-1,1,1,-1,-1,1,-1,-1,1,1,1,-1,-1,-1,-1,1,1,1,-1,1,-1,-1,-1,1,1,-1,-1,1,-1,1,1,1,-1,1,1,-1,-1,1,1,-1,1,1,-1,1,1,-1,-1,1,-1,-1,1,1,-1,1,-1,1,-1,1,1,-1,1,1,-1,-1,-1,1,1,1,1,1,-1,1,1,-1,1,1,1,-1,1,1,-1,-1,1,1,-1,1,1,-1,1,1,1,1,1,1,1,1,1,1,1,-1,1,-1,-1,1,1,-1,-1,1,1,-1,1,1,1,-1,1,-1,1,1,1,1,-1,1,-1,-1,1,1,-1,1,1,-1,1,1,1,1,-1,1,-1,1,-1,1,-1,1,1,-1,1,-1,1,-1,1,1,-1,1,-1,1,-1,1,1,1,-1,1,1,1,-1,1,-1,-1,1,1,1,1,1,1,-1,-1,1,-1,1,1,-1,1,-1,1,1,1,1,-1,-1,-1,1,-1,-1,1,-1,1,-1,1,1,-1,1,1,1,-1,1,-1,-1,1,1,-1,-1,1,-1,1,1,-1,1,-1,1,-1,1,1,1,-1,1,1,-1,-1,1,1,-1,-1,1,-1,1,1,1,1,1,1,-1,1,1,1,1,1,-1,-1,1,1,1,1,1,-1,-1,-1,1,1,1,1,-1,-1,1,-1,1,-1,1,1,-1,-1,1,1,1,1,1,-1,-1,1,1,1,-1,-1,1,-1,-1,-1,-1,1,1,-1,-1,1,1,-1,1,1,-1,-1,1,1,1,1,1,-1,1,1,1,-1,1,-1,-1,-1,-1,1,1,1,1,-1,-1,1,-1,1,1,-1,-1,-1,1,-1,1,-1,-1,-1,1,-1,1,-1,1,1,-1,1,1,-1,1,-1,1,-1,-1,1,-1,1,-1,1,1,-1,1,-1,-1,1,1,-1,-1,1,-1,1,1,1,-1,-1,1,-1,1,-1,1,-1,1,1,1,-1,-1,-1,-1,1,1,-1,1,-1,-1,-1,1,-1,1,1,-1,-1,1,1,-1,-1,-1,-1,-1,-1,1,-1,1,-1,-1,-1,-1,1,-1,-1,1,-1,-1,-1,1,1,-1,-1,-1,-1,-1,1,1,-1,-1,-1,1,-1,1,-1,-1,1,-1,-1,1,-1,1,-1,-1,-1,-1,1,-1,1,1,-1,-1,-1,-1,1,1,1,-1,1,-1,1,-1,-1,-1,1,-1,1,1,-1,1,-1,-1,1,-1,1,-1,-1,1,-1,1,1,-1,-1,-1,1,1,1,1,1,-1,-1,1,-1,1,-1,1,-1,-1,-1,1,1,1,1,-1,-1,-1,-1,1,1,1,-1,-1,1,1,1,-1,1,-1,-1,-1,1,1,1,1,-1,-1,-1,-1,1,-1,1,1,-1,1,-1,1,1,1,-1,1,1,1,1,1,1,1,-1,1,-1,1,1,1,-1,1,1,1,-1,1,1,-1,-1,1,1,1,1,1,-1,1,1,1,-1,1,1,-1,1,1,1,1,1,1,1,1,1,1,-1,1,1,-1,1,1,1,1,1,1,1,1,1,1,1,1,-1,1,1,1,1,-1,1,1,1,-1,1,-1,1,1,1,1,1,1,1,1,1,1,-1,1,1,1,1,1,-1,-1,1,1,1,-1,1,1,-1,1,1,-1,1,1,-1,1,1,1,1,1,-1,1,-1,-1,1,-1,1,1,-1,1,-1,1,1,-1,1,-1,1,-1,1,1,-1,1,-1,1,-1,1,-1,1,1,-1,-1,-1,1,-1,-1,1,-1,1,1,-1,-1,-1,1,1,-1,-1,1,-1,-1,1,-1,1,-1,-1,1,-1,1,-1,1,-1,-1,1,-1,1,1,-1,-1,1,1,-1,1,-1,-1,-1,1,-1,-1,-1,1,-1,-1,1,-1,1,1,-1,-1,-1,-1,-1,-1,1,-1,-1,-1,-1,1,-1,1,-1,-1,1,-1,-1,-1,1,-1,-1,-1,1,-1,1,1,-1,-1,-1,1,1,1,1,-1,1,-1,-1,-1,1,1,-1,-1,-1,-1,-1,1,-1,-1,-1,1,-1,1,1,-1,-1,-1,-1,-1,1,1,1,-1,1,1,-1,1,1,-1,1,-1,-1,1,1,1,-1,-1,1,-1,-1,1,1,-1,-1,-1,-1,-1,1,1,-1,1,1,1,-1,1,1,-1,-1,1,1,-1,1,1,-1,-1,1,1,-1,1,1,-1,1,1,-1,-1,1,1,-1,-1,1,1,-1,1,-1,-1,-1,1,1,-1,-1,1,-1,1,1,1,-1,1,1,-1,1,-1,1,-1,1,1,-1,1,1,1,-1,-1,1,-1,1,1,-1,1,-1,1,-1,1,1,-1,1,-1,1,1,1,-1,-1,1,-1,1,1,-1,1,-1,-1,-1,1,-1,1,-1,1,-1,-1,1,-1,1,-1,-1,-1,-1,1,-1,1,-1,1,-1,-1,-1,1,1,-1,1,-1,-1,1,-1,1,-1,1,-1,-1,1,-1,1,1,1,1,-1,1,1,1,-1,-1,1,1,1,1,1,-1,1,-1,-1,1,1,-1,-1,1,-1,-1,1,-1,1,-1,1,-1,1,1,1,-1,-1,-1,-1,-1,1,-1,-1,-1,1,-1,1,1,1,-1,1,1,-1,1,1,1,1,-1,1,-1,1,1,1,1,-1,1,-1,1,1,1,1,-1,1,-1,1,1,1,1,-1,1,-1,1,1,1,-1,-1,1,-1,-1,1,1,-1,-1,-1,1,-1,1,1,1,-1,1,-1,-1,1,-2668.0,1,2000,445,1500,True
1508,1,1,-1,-1,1,-1,-1,-1,1,1,1,-1,1,1,1,1,-1,1,-1,-1,1,1,1,1,1,-1,1,-1,1,1,1,1,-1,-1,-1,-1,1,1,1,-1,-1,-1,-1,1,1,1,1,-1,1,1,1,1,-1,1,-1,-1,1,-1,1,1,1,-1,-1,1,1,1,1,1,-1,1,1,1,1,1,1,-1,-1,-1,1,1,1,-1,-1,-1,1,1,1,1,-1,1,-1,1,1,1,1,-1,-1,1,1,-1,1,1,-1,-1,1,1,1,1,1,-1,-1,1,1,1,1,1,-1,-1,1,1,1,1,1,1,-1,1,1,1,-1,1,1,-1,1,1,1,1,1,1,-1,-1,1,1,1,1,1,-1,1,1,1,1,1,1,-1,-1,-1,1,1,1,1,-1,1,-1,1,1,-1,1,-1,1,-1,1,1,1,-1,-1,1,1,1,1,1,-1,1,-1,-1,1,-1,1,-1,1,1,1,1,1,1,1,1,1,-1,1,-1,1,-1,1,1,-1,1,-1,1,1,-1,1,-1,1,-1,1,-1,1,1,-1,1,-1,1,1,1,1,-1,-1,1,1,-1,-1,1,-1,1,-1,-1,1,-1,1,-1,1,-1,1,-1,1,1,-1,-1,-1,1,1,-1,1,-1,1,1,1,-1,1,1,-1,-1,-1,1,-1,1,-1,1,-1,1,1,-1,1,-1,-1,-1,1,1,-1,1,-1,-1,-1,1,1,-1,-1,1,1,-1,-1,1,1,-1,1,1,-1,1,1,1,1,-1,1,-1,1,1,-1,1,-1,1,1,1,1,1,1,1,1,-1,-1,1,-1,-1,-1,1,1,-1,1,1,1,-1,1,1,1,1,1,1,-1,1,-1,1,1,1,-1,1,1,-1,1,1,1,-1,1,1,-1,-1,1,1,1,-1,1,-1,1,1,1,-1,1,1,-1,1,1,1,-1,1,1,-1,1,1,1,-1,1,1,-1,-1,1,1,-1,1,1,-1,1,-1,1,-1,1,1,1,-1,1,1,1,-1,1,1,-1,1,1,-1,1,1,1,-1,-1,-1,-1,1,1,1,-1,1,1,-1,1,1,-1,-1,1,1,1,1,1,-1,1,1,1,-1,1,1,1,-1,-1,1,1,1,-1,1,-1,1,1,1,1,1,1,-1,-1,-1,1,-1,-1,1,1,-1,1,1,1,1,1,1,1,-1,1,-1,-1,1,-1,1,-1,1,1,1,1,1,1,-1,-1,1,-1,1,1,1,-1,1,1,1,-1,1,1,-1,-1,1,-1,1,1,1,-1,1,1,1,1,1,1,-1,1,-1,-1,1,1,-1,-1,1,-1,1,1,1,-1,-1,1,-1,1,1,1,-1,-1,1,1,-1,1,1,-1,-1,1,-1,1,1,1,1,-1,1,-1,-1,1,1,1,-1,-1,-1,-1,1,1,-1,-1,1,-1,-1,1,-1,1,-1,-1,1,-1,1,-1,1,-1,-1,1,-1,-1,1,1,1,-1,1,-1,1,-1,1,-1,1,-1,-1,1,1,-1,-1,1,1,-1,1,1,-1,1,1,1,-1,1,1,-1,1,-1,1,-1,-1,1,-1,-1,1,1,-1,-1,1,-1,-1,1,1,1,-1,1,-1,-1,1,1,-1,-1,1,-1,-1,-1,1,1,-1,1,1,-1,-1,1,-1,-1,1,-1,1,-1,1,1,-1,-1,1,-1,-1,-1,-1,-1,1,1,1,-1,-1,1,-1,-1,1,-1,-1,1,-1,-1,1,1,-1,-1,1,-1,-1,1,1,-1,1,-1,-1,-1,-1,1,1,-1,-1,-1,-1,1,1,-1,-1,1,-1,-1,-1,1,1,-1,-1,-1,-1,-1,1,-1,-1,-1,-1,-1,1,1,1,-1,-1,-1,-1,-1,1,1,-1,-1,-1,-1,-1,1,1,1,-1,-1,-1,-1,1,1,-1,-1,-1,-1,1,1,1,1,-1,-1,1,1,1,1,1,-1,-1,-1,1,1,1,-1,1,-1,1,1,1,1,-1,1,-1,-1,1,-1,1,-1,1,-1,-1,1,-1,1,-1,-1,-1,-1,1,-1,1,-1,1,-1,-1,1,-1,1,-1,1,-1,-1,1,-1,1,-1,-1,-1,-1,1,1,-1,-1,-1,-1,-1,1,-1,1,-1,-1,-1,-1,-1,-1,-1,1,-1,-1,-1,1,-1,-1,1,-1,-1,-1,-1,-1,1,1,-1,-1,-1,-1,-1,1,-1,-1,-1,1,-1,-1,1,-1,1,-1,-1,-1,-1,-1,-1,-1,1,-1,-1,-1,1,1,1,-1,-1,1,-1,-1,-1,-1,-1,1,-1,-1,1,1,1,-1,-1,-1,-1,1,-1,1,1,-1,1,-1,-1,1,1,-1,-1,-1,-1,-1,-1,1,1,-1,-1,1,-1,1,1,1,-1,-1,1,-1,1,1,-1,-1,1,-1,-1,1,1,1,-1,1,-1,1,1,1,-1,-1,1,-1,-1,1,1,1,-1,1,-1,-1,1,1,-1,1,1,-1,-1,1,1,1,1,1,-1,-1,1,1,-1,1,1,-1,-1,1,1,1,1,1,1,-1,-1,1,1,1,1,-1,-1,1,-1,1,1,1,1,-1,-1,1,-1,1,1,1,-1,1,1,1,1,-1,1,-1,1,1,1,1,1,1,1,-1,1,1,1,1,-1,1,-1,1,1,1,1,1,-1,1,1,1,1,-1,1,1,-1,1,1,-1,1,1,-1,-1,1,1,1,1,-1,1,-1,1,1,1,-1,-1,1,-1,1,1,1,-1,1,-1,-1,-1,1,1,-1,-1,1,-1,-1,1,1,-1,-1,1,-1,-1,1,1,1,-1,1,-1,-1,1,1,-1,-1,-1,1,-1,-1,1,-1,1,1,-1,1,1,-1,-1,1,-1,-1,-1,-1,1,-1,1,1,-1,1,1,-1,-1,-1,-1,1,-1,-1,-1,-1,1,-1,-1,1,1,-1,1,1,-1,1,1,1,1,-1,1,-1,1,1,1,1,-1,1,-1,-1,1,1,1,-1,1,-1,1,1,1,1,-1,1,-1,1,1,-1,-1,-1,1,-1,-1,1,1,-1,-1,-1,1,-1,1,-1,1,-1,1,-1,-1,1,-2668.0,1,2000,445,1000,False
1509,1,1,-1,-1,1,1,-1,-1,1,1,1,-1,-1,1,1,1,-1,1,1,-1,-1,1,1,1,1,1,-1,-1,1,1,1,1,-1,-1,-1,1,1,1,1,1,-1,-1,1,1,1,1,1,-1,1,1,1,1,-1,1,-1,-1,1,-1,1,1,1,-1,-1,1,1,1,1,1,-1,-1,1,1,1,1,1,-1,-1,-1,1,1,1,-1,-1,-1,1,1,1,1,-1,-1,1,1,1,1,1,-1,-1,-1,1,-1,1,1,-1,-1,1,1,1,1,1,-1,-1,-1,1,1,1,1,-1,-1,1,1,1,1,1,1,-1,-1,1,1,-1,1,1,-1,1,1,1,1,1,1,-1,1,1,1,1,1,1,-1,1,1,1,1,1,1,-1,-1,-1,1,1,1,1,-1,1,1,1,1,-1,1,-1,1,-1,1,1,1,-1,-1,1,1,1,1,1,-1,1,-1,-1,1,1,1,-1,1,1,1,1,-1,1,1,1,1,-1,1,-1,1,-1,1,1,-1,1,-1,1,1,-1,1,-1,1,-1,1,-1,1,1,-1,1,-1,1,1,1,1,-1,-1,1,1,-1,-1,1,-1,1,-1,1,1,-1,1,-1,1,-1,1,-1,-1,1,-1,-1,-1,1,1,-1,1,-1,1,1,1,-1,1,1,-1,1,-1,1,-1,1,-1,1,-1,1,1,-1,1,-1,-1,-1,1,1,-1,1,-1,-1,-1,1,1,-1,-1,1,1,-1,-1,1,1,-1,1,1,-1,1,1,1,1,-1,1,-1,1,1,-1,1,-1,1,-1,1,1,1,1,1,1,-1,-1,1,-1,-1,-1,1,1,-1,1,1,1,-1,1,1,1,1,1,1,-1,1,-1,1,1,1,-1,1,1,-1,1,1,1,-1,1,1,-1,-1,1,1,1,-1,1,-1,1,1,1,-1,1,1,-1,1,1,1,-1,1,1,-1,1,1,1,-1,1,1,-1,-1,1,1,1,1,1,-1,1,-1,1,-1,1,1,1,-1,1,1,1,-1,1,1,-1,1,1,-1,1,1,1,-1,-1,-1,-1,1,1,1,-1,1,1,-1,1,1,-1,-1,1,1,-1,1,1,-1,1,1,1,1,1,1,1,-1,-1,1,-1,-1,-1,1,-1,1,-1,-1,1,1,1,-1,-1,-1,1,-1,-1,1,1,-1,1,-1,1,1,1,1,1,-1,1,-1,-1,1,-1,1,-1,-1,-1,1,1,1,1,-1,-1,1,-1,1,1,1,-1,1,-1,1,-1,1,1,-1,-1,1,-1,1,1,1,-1,-1,-1,1,1,1,1,-1,-1,1,-1,1,1,-1,1,-1,1,-1,1,1,-1,-1,-1,-1,1,1,1,-1,1,-1,1,-1,1,1,-1,-1,1,-1,1,1,1,1,-1,1,-1,-1,-1,1,1,-1,-1,-1,1,-1,1,-1,-1,1,-1,-1,1,-1,1,-1,-1,-1,-1,1,-1,1,1,-1,1,-1,-1,1,1,1,-1,1,-1,1,-1,1,-1,1,-1,-1,-1,1,-1,-1,1,1,-1,1,1,-1,1,1,1,-1,1,1,-1,-1,-1,1,1,-1,1,-1,-1,1,1,-1,-1,1,-1,-1,1,1,1,-1,1,-1,-1,1,1,-1,-1,1,-1,-1,-1,1,1,-1,1,1,-1,-1,1,-1,-1,1,-1,1,-1,1,-1,-1,-1,1,-1,-1,-1,-1,-1,1,1,1,-1,1,1,-1,-1,1,-1,-1,-1,-1,-1,1,1,-1,-1,-1,-1,-1,1,1,-1,1,1,1,-1,-1,1,1,-1,-1,-1,-1,1,1,-1,-1,1,-1,-1,-1,1,1,-1,-1,-1,-1,-1,1,-1,-1,1,-1,-1,1,1,1,-1,1,-1,-1,-1,1,1,-1,-1,-1,-1,-1,1,1,1,-1,-1,-1,-1,1,1,-1,-1,-1,-1,1,1,1,1,-1,-1,1,1,1,1,1,-1,-1,-1,1,1,1,-1,1,-1,1,1,1,1,-1,1,-1,-1,1,-1,1,-1,1,-1,-1,1,-1,1,-1,-1,-1,-1,1,-1,1,-1,1,-1,-1,1,-1,1,-1,1,-1,1,-1,-1,1,-1,-1,-1,-1,1,1,-1,-1,-1,-1,-1,1,-1,1,-1,-1,-1,-1,-1,-1,-1,1,-1,-1,-1,1,-1,-1,1,-1,-1,-1,-1,-1,-1,1,-1,-1,-1,-1,-1,1,-1,-1,-1,1,-1,-1,1,-1,1,-1,-1,-1,-1,-1,-1,-1,1,-1,-1,-1,1,1,1,-1,-1,-1,1,-1,-1,-1,-1,1,-1,-1,1,-1,1,-1,-1,-1,-1,1,-1,1,1,-1,1,-1,-1,1,1,-1,-1,-1,-1,-1,-1,1,1,-1,-1,1,-1,1,1,-1,-1,-1,1,-1,-1,1,-1,-1,1,-1,-1,1,1,1,-1,1,-1,1,1,1,-1,-1,1,-1,-1,1,1,1,-1,1,-1,-1,1,1,-1,1,1,-1,-1,1,1,-1,1,1,-1,-1,1,1,-1,1,1,-1,-1,1,1,1,1,-1,1,-1,1,1,-1,1,1,-1,-1,1,-1,1,1,1,1,-1,-1,1,-1,1,1,1,-1,1,1,1,1,-1,1,-1,1,1,1,1,1,1,1,-1,1,1,1,1,-1,1,-1,1,1,1,1,1,1,1,1,1,1,-1,1,-1,1,1,1,-1,1,1,1,1,-1,1,1,1,-1,1,1,1,1,1,-1,-1,1,-1,1,1,1,-1,1,-1,1,1,1,1,-1,-1,1,1,-1,1,1,-1,-1,1,1,-1,1,1,1,-1,1,-1,1,1,1,-1,-1,-1,-1,1,1,1,-1,1,1,1,1,1,-1,-1,1,1,1,1,1,1,-1,1,-1,1,1,1,-1,-1,-1,-1,-1,-1,-1,-1,-1,1,-1,1,1,1,-1,1,1,-1,-1,1,1,1,-1,1,-1,1,1,1,-1,-1,1,-1,1,1,1,-1,-1,1,-1,1,1,1,-1,-1,1,-1,1,-1,1,1,-1,1,-1,-1,1,1,1,-1,-1,-1,1,1,-1,1,-1,1,-1,-1,1,-2668.0,1,2000,445,1000,False
1510,1,1,-1,-1,1,-1,-1,-1,1,1,1,-1,1,1,1,1,-1,1,-1,-1,-1,-1,1,1,1,-1,-1,-1,1,1,1,1,1,-1,-1,-1,1,1,1,1,-1,-1,-1,1,1,1,1,-1,1,1,1,1,-1,1,-1,-1,1,-1,1,1,-1,-1,-1,-1,1,1,1,1,-1,-1,-1,1,1,1,1,-1,-1,-1,1,1,1,-1,-1,-1,1,1,1,1,-1,-1,-1,1,1,1,1,-1,-1,1,1,-1,1,1,-1,-1,1,1,1,1,1,-1,-1,1,1,1,1,1,-1,-1,1,1,1,1,1,1,-1,1,1,1,-1,1,1,-1,1,1,1,1,1,1,-1,-1,1,1,1,1,1,-1,1,1,1,1,1,1,-1,-1,-1,1,1,1,1,-1,1,1,1,1,-1,1,-1,1,-1,1,1,1,-1,-1,1,1,1,1,1,-1,1,-1,-1,1,-1,1,-1,1,1,1,1,1,1,1,1,1,-1,1,-1,1,-1,1,1,-1,1,-1,1,1,-1,1,-1,1,-1,1,-1,1,1,-1,1,-1,1,1,1,1,-1,-1,1,1,-1,-1,1,-1,1,-1,-1,1,-1,1,-1,1,-1,1,-1,1,1,-1,-1,-1,1,1,-1,1,-1,1,1,1,-1,1,1,-1,-1,-1,1,-1,1,-1,1,-1,1,1,-1,1,-1,-1,-1,1,1,-1,1,-1,-1,-1,1,1,-1,-1,1,1,-1,-1,1,1,-1,1,1,-1,1,1,1,1,-1,1,-1,1,1,-1,1,-1,1,1,1,1,1,1,1,1,-1,-1,1,-1,-1,-1,1,1,-1,1,1,1,-1,1,1,1,1,1,1,1,1,-1,1,1,1,-1,1,1,-1,1,1,1,-1,1,1,-1,-1,1,1,1,-1,1,-1,1,1,1,-1,1,1,-1,1,1,1,-1,1,1,-1,1,1,1,-1,1,1,-1,-1,1,1,-1,1,1,-1,1,-1,1,-1,1,1,1,-1,1,1,1,-1,1,1,-1,1,1,-1,1,1,1,-1,-1,-1,-1,1,1,1,-1,1,1,-1,1,1,-1,-1,1,1,1,1,1,-1,1,1,1,-1,1,1,1,1,-1,1,1,1,-1,1,-1,1,1,1,1,1,1,-1,-1,-1,1,-1,-1,1,1,-1,1,1,-1,1,1,1,1,-1,1,-1,-1,1,-1,1,-1,1,1,1,1,1,1,-1,-1,1,-1,1,1,1,-1,1,1,1,-1,1,1,-1,-1,1,-1,1,1,1,-1,1,1,1,1,1,1,-1,1,-1,-1,1,1,-1,-1,1,-1,1,1,1,-1,-1,1,-1,1,1,1,-1,-1,1,1,-1,1,1,-1,-1,1,-1,1,-1,1,1,-1,1,1,-1,-1,1,1,-1,-1,-1,1,-1,1,-1,-1,1,-1,-1,1,-1,1,-1,-1,1,-1,1,-1,1,-1,-1,1,-1,-1,1,1,1,-1,1,-1,1,-1,-1,-1,1,-1,-1,-1,1,-1,-1,1,1,1,-1,1,-1,1,1,1,-1,1,1,-1,-1,-1,1,-1,-1,1,-1,-1,1,1,1,-1,1,-1,-1,1,1,-1,-1,1,-1,-1,1,1,-1,-1,1,-1,-1,-1,1,1,-1,1,1,-1,-1,1,-1,-1,1,-1,1,-1,1,1,-1,-1,1,-1,-1,-1,-1,-1,1,1,1,-1,1,1,-1,-1,1,-1,-1,1,-1,-1,1,1,-1,-1,-1,-1,-1,1,1,-1,-1,1,-1,-1,-1,1,1,-1,-1,-1,-1,1,1,-1,-1,1,-1,-1,-1,1,1,-1,-1,-1,-1,-1,1,-1,-1,1,-1,-1,1,1,1,-1,1,-1,-1,-1,1,1,-1,-1,-1,-1,-1,1,1,1,-1,-1,-1,-1,1,1,-1,-1,-1,-1,1,1,1,1,-1,-1,1,1,1,1,1,-1,-1,-1,1,1,1,1,1,-1,1,1,1,1,-1,1,-1,-1,1,-1,1,-1,1,-1,-1,1,-1,1,-1,-1,-1,-1,1,-1,1,-1,1,-1,-1,1,-1,1,-1,1,-1,-1,1,-1,1,-1,-1,-1,-1,1,1,-1,-1,-1,-1,-1,1,-1,1,-1,-1,-1,-1,-1,-1,-1,1,-1,-1,-1,1,-1,-1,1,-1,-1,-1,-1,-1,-1,1,-1,-1,-1,-1,-1,1,-1,-1,-1,1,-1,-1,1,-1,1,-1,-1,-1,-1,-1,-1,-1,1,-1,-1,-1,1,1,1,-1,-1,1,-1,-1,-1,-1,-1,1,-1,-1,1,1,1,-1,-1,-1,-1,1,-1,1,1,-1,1,-1,-1,1,1,-1,-1,-1,-1,-1,-1,1,1,-1,-1,1,-1,1,1,-1,-1,-1,1,-1,1,1,-1,-1,1,-1,-1,1,1,1,-1,1,-1,1,1,1,-1,-1,1,-1,-1,1,1,1,-1,1,-1,-1,1,1,-1,1,1,-1,-1,1,1,1,1,1,-1,-1,1,1,1,1,1,-1,-1,1,1,1,1,1,1,-1,-1,1,1,1,1,-1,-1,1,-1,1,1,1,1,-1,-1,1,-1,1,1,1,-1,1,1,1,1,-1,1,-1,1,1,1,1,1,1,1,-1,1,1,1,1,-1,1,-1,1,1,1,1,1,-1,1,1,1,1,-1,1,1,-1,1,1,-1,1,1,-1,-1,1,1,1,1,-1,1,-1,1,1,1,-1,-1,1,-1,1,1,1,-1,1,-1,-1,-1,1,1,-1,-1,1,-1,-1,1,1,1,-1,1,-1,-1,1,1,1,-1,-1,-1,-1,1,1,-1,-1,-1,1,-1,-1,1,-1,1,1,-1,1,1,-1,-1,1,1,-1,-1,1,1,-1,1,1,-1,1,1,-1,-1,-1,-1,1,-1,-1,-1,-1,-1,-1,-1,1,1,-1,1,1,-1,1,1,1,1,-1,1,-1,1,1,1,1,-1,1,-1,-1,1,1,1,-1,1,-1,1,1,1,1,-1,1,-1,1,1,1,-1,-1,1,-1,-1,1,1,-1,-1,-1,1,-1,1,-1,1,-1,1,-1,-1,1,-2668.0,1,2000,445,0,False
1511,1,1,-1,-1,1,1,-1,-1,1,1,1,-1,-1,1,1,1,-1,1,1,-1,-1,-1,1,1,1,1,-1,-1,1,1,1,1,-1,-1,-1,-1,1,1,1,1,-1,-1,-1,1,1,1,1,-1,1,1,1,1,-1,1,-1,-1,1,-1,1,1,1,-1,-1,-1,1,1,1,1,-1,-1,-1,1,1,1,1,-1,-1,-1,1,1,1,-1,-1,-1,-1,1,1,1,-1,-1,-1,1,1,1,1,-1,-1,1,1,-1,1,1,-1,-1,1,1,1,1,1,-1,-1,-1,1,-1,1,1,-1,-1,1,1,1,1,1,1,-1,-1,1,1,-1,1,1,-1,1,1,1,1,1,1,-1,1,1,1,1,1,1,-1,1,1,1,1,1,1,-1,-1,-1,1,1,1,1,-1,1,1,1,1,-1,1,-1,1,-1,1,1,1,-1,-1,1,1,1,1,1,-1,1,-1,-1,1,-1,1,-1,1,1,1,1,1,1,1,1,1,-1,1,-1,1,-1,1,1,-1,1,-1,1,1,-1,1,-1,1,-1,1,-1,1,1,-1,-1,-1,1,1,1,1,-1,-1,1,1,-1,-1,1,-1,1,-1,-1,1,-1,1,-1,1,-1,1,-1,1,1,-1,-1,-1,1,1,-1,1,-1,1,1,1,-1,1,1,-1,1,-1,1,-1,1,-1,1,-1,1,1,-1,1,-1,-1,-1,1,1,-1,1,-1,-1,-1,1,1,-1,-1,1,1,-1,-1,1,1,-1,1,1,-1,1,1,1,1,-1,1,-1,1,1,-1,1,-1,1,1,-1,1,1,1,1,1,-1,-1,1,-1,-1,-1,1,1,-1,1,1,1,-1,1,-1,-1,1,1,1,-1,1,-1,1,1,1,-1,1,1,-1,1,1,1,-1,1,1,-1,-1,1,1,1,-1,1,-1,1,1,1,-1,1,1,-1,1,1,1,-1,1,-1,-1,1,1,1,-1,1,-1,-1,-1,1,1,-1,1,-1,-1,1,-1,1,-1,1,1,-1,-1,1,1,1,1,1,-1,-1,1,1,-1,1,-1,-1,-1,-1,-1,-1,1,1,-1,-1,1,1,-1,1,-1,1,-1,1,1,1,1,-1,-1,1,1,1,-1,1,-1,-1,-1,-1,1,1,1,1,-1,-1,1,1,1,1,-1,-1,1,-1,-1,1,-1,1,-1,-1,1,-1,1,1,-1,-1,1,1,-1,1,-1,1,-1,-1,1,-1,1,1,-1,-1,-1,1,-1,-1,1,1,-1,-1,1,-1,1,1,-1,1,-1,1,-1,-1,1,1,-1,-1,1,-1,1,1,-1,-1,1,1,-1,1,-1,1,-1,1,-1,-1,1,-1,1,-1,1,-1,-1,1,-1,-1,-1,1,-1,-1,1,-1,1,-1,1,-1,-1,1,-1,-1,1,-1,1,-1,1,1,1,-1,1,1,-1,-1,-1,1,-1,1,-1,-1,1,-1,1,1,1,1,-1,-1,1,1,-1,1,1,1,-1,1,1,1,-1,1,1,-1,1,1,1,1,-1,1,1,-1,-1,-1,1,-1,-1,1,-1,1,-1,1,-1,1,-1,-1,-1,1,1,-1,1,1,-1,-1,-1,1,-1,1,1,-1,1,-1,1,-1,-1,-1,-1,-1,-1,1,-1,-1,-1,-1,-1,-1,1,-1,1,1,1,1,-1,1,-1,1,1,-1,-1,-1,1,-1,-1,1,-1,1,-1,-1,1,1,1,1,-1,-1,1,1,1,1,-1,1,-1,-1,1,1,1,-1,-1,-1,1,1,1,1,-1,1,-1,1,-1,1,-1,1,1,-1,-1,1,1,1,-1,-1,-1,-1,1,1,1,1,-1,-1,-1,1,1,1,1,-1,-1,-1,1,-1,1,-1,-1,-1,-1,1,1,1,1,-1,-1,1,1,1,1,1,-1,-1,-1,1,1,-1,1,-1,-1,-1,1,1,1,1,-1,-1,1,1,1,1,-1,-1,1,1,-1,1,1,-1,-1,-1,1,1,1,1,1,-1,1,1,1,1,1,-1,-1,-1,1,-1,1,-1,-1,-1,-1,1,-1,1,1,1,-1,-1,1,-1,1,1,-1,-1,-1,1,1,1,1,-1,-1,-1,1,-1,1,1,-1,-1,-1,1,1,-1,-1,-1,-1,-1,1,-1,1,-1,-1,-1,-1,-1,-1,-1,1,-1,-1,-1,1,-1,-1,1,-1,-1,-1,-1,-1,1,1,-1,-1,-1,-1,-1,1,-1,-1,-1,1,-1,-1,1,-1,1,-1,-1,-1,-1,-1,-1,-1,1,-1,-1,-1,1,1,-1,-1,-1,1,-1,-1,-1,-1,-1,1,-1,-1,1,1,1,-1,-1,-1,-1,1,-1,1,1,-1,1,-1,-1,1,1,-1,-1,-1,-1,-1,-1,1,1,-1,-1,1,-1,1,1,-1,-1,-1,1,-1,1,1,-1,-1,1,-1,-1,1,1,1,-1,1,-1,1,1,1,-1,-1,1,-1,-1,1,1,1,-1,1,-1,-1,1,1,-1,1,1,-1,-1,1,1,-1,1,1,-1,-1,1,1,-1,1,1,-1,-1,1,1,1,1,1,1,-1,-1,1,-1,1,1,-1,-1,1,-1,1,1,1,1,-1,-1,1,-1,1,1,1,-1,1,1,1,1,-1,1,-1,1,1,1,1,1,1,1,-1,1,1,1,1,-1,1,-1,1,1,1,1,1,-1,1,1,1,1,-1,1,1,-1,1,1,-1,1,1,-1,-1,1,1,1,1,-1,1,-1,1,1,1,-1,-1,1,-1,1,1,1,-1,1,-1,-1,-1,1,1,-1,-1,1,-1,-1,1,1,-1,-1,1,-1,-1,1,1,1,-1,1,-1,-1,1,1,-1,-1,-1,1,-1,1,1,-1,1,1,-1,1,1,-1,-1,1,-1,-1,-1,1,1,-1,1,1,-1,1,1,-1,-1,-1,-1,1,-1,-1,-1,-1,1,-1,-1,1,1,-1,1,1,-1,1,1,1,1,-1,1,-1,1,1,1,-1,-1,1,-1,-1,1,1,-1,-1,1,-1,1,1,1,-1,-1,1,-1,1,1,1,1,-1,1,-1,-1,1,1,-1,-1,-1,1,-1,1,-1,1,-1,1,-1,-1,1,-2668.0,1,2000,445,1500,False
1512,1,1,-1,-1,1,-1,-1,-1,1,1,1,-1,1,1,-1,1,-1,1,1,-1,-1,1,1,1,1,1,-1,-1,1,1,1,1,-1,-1,-1,-1,1,1,1,1,-1,-1,-1,1,1,1,1,-1,1,1,1,1,-1,1,-1,-1,1,-1,1,1,1,-1,-1,1,1,1,1,1,-1,-1,1,1,1,1,1,-1,-1,-1,1,1,1,-1,-1,-1,1,1,1,1,-1,-1,-1,1,1,1,1,-1,-1,1,1,-1,1,1,-1,-1,1,1,1,1,1,-1,-1,-1,1,1,1,1,-1,-1,1,1,1,1,1,1,-1,-1,1,1,-1,1,1,-1,1,1,1,1,1,1,-1,1,1,1,1,1,1,-1,1,1,1,1,1,1,-1,-1,-1,1,1,1,1,-1,1,-1,1,1,-1,1,-1,1,-1,1,1,1,-1,-1,1,1,1,1,1,-1,1,-1,-1,1,-1,1,-1,1,1,1,1,1,1,1,1,1,-1,1,-1,1,-1,1,1,-1,1,-1,1,1,-1,1,-1,1,-1,1,-1,1,1,-1,-1,-1,1,1,1,1,-1,-1,1,1,-1,-1,1,-1,1,-1,-1,1,-1,1,-1,1,-1,1,-1,1,1,-1,-1,-1,1,1,-1,1,-1,1,1,1,-1,1,1,-1,1,-1,1,-1,1,-1,1,-1,1,1,-1,1,-1,-1,-1,1,1,-1,1,-1,1,-1,1,1,-1,-1,1,1,-1,-1,1,1,-1,1,1,-1,1,1,1,1,-1,1,-1,1,1,-1,1,-1,1,1,-1,1,1,1,1,1,-1,-1,1,-1,-1,1,1,1,-1,1,1,1,-1,1,-1,-1,1,1,1,-1,1,-1,1,1,1,-1,-1,1,-1,1,1,1,-1,1,1,-1,-1,1,1,1,-1,1,-1,1,1,1,-1,1,1,-1,1,1,1,-1,1,-1,-1,1,1,1,-1,1,-1,-1,-1,1,1,1,1,-1,-1,1,-1,1,-1,1,1,-1,-1,1,1,1,-1,1,-1,-1,1,1,-1,1,-1,-1,-1,-1,-1,-1,1,1,-1,-1,1,1,-1,1,-1,-1,-1,1,1,-1,1,1,-1,1,1,-1,1,1,-1,-1,-1,-1,1,1,1,1,-1,-1,1,-1,-1,1,-1,-1,1,-1,-1,1,-1,1,-1,-1,1,-1,-1,1,-1,-1,1,1,-1,-1,-1,1,-1,-1,1,-1,-1,-1,-1,-1,-1,1,-1,-1,1,1,-1,-1,1,-1,1,-1,-1,1,-1,1,-1,-1,1,1,-1,-1,1,-1,-1,-1,-1,-1,1,1,-1,-1,1,1,-1,1,-1,1,-1,1,1,-1,1,-1,1,1,-1,-1,-1,1,-1,1,-1,1,1,-1,1,-1,-1,1,-1,-1,1,-1,1,-1,1,-1,1,-1,1,1,-1,1,-1,1,-1,1,-1,-1,1,-1,1,1,1,1,-1,-1,1,1,-1,1,1,1,-1,1,1,1,-1,1,1,-1,1,1,1,1,-1,-1,1,-1,-1,1,-1,1,-1,1,-1,-1,1,1,-1,1,-1,-1,-1,1,1,-1,1,1,-1,-1,-1,1,-1,1,1,-1,-1,-1,1,-1,-1,-1,-1,1,-1,1,-1,-1,-1,-1,-1,-1,1,-1,1,1,1,1,-1,1,-1,1,1,-1,-1,-1,1,-1,-1,1,-1,1,-1,-1,1,1,1,1,-1,-1,1,1,1,1,-1,1,-1,-1,1,1,1,-1,-1,-1,1,1,1,1,-1,-1,-1,1,-1,1,-1,1,-1,-1,-1,1,1,1,-1,-1,-1,-1,1,1,1,1,-1,-1,-1,1,1,1,1,-1,-1,-1,1,1,1,-1,-1,-1,-1,1,1,1,1,-1,-1,1,1,1,1,1,-1,-1,-1,1,1,-1,1,-1,-1,-1,1,1,1,1,-1,-1,1,1,1,1,-1,-1,1,1,-1,1,1,-1,-1,-1,1,1,1,1,1,-1,1,1,1,1,1,-1,-1,-1,1,-1,1,-1,-1,-1,-1,1,-1,1,1,1,-1,-1,1,-1,1,1,-1,-1,-1,1,1,1,1,-1,-1,-1,1,-1,1,1,-1,-1,-1,1,1,-1,-1,-1,-1,-1,1,-1,1,-1,-1,-1,-1,-1,-1,-1,1,-1,-1,-1,1,-1,-1,1,-1,-1,-1,-1,-1,-1,1,-1,-1,-1,-1,-1,1,-1,-1,-1,1,-1,-1,1,-1,1,-1,-1,-1,-1,-1,-1,-1,1,-1,-1,-1,1,1,1,-1,-1,1,1,-1,-1,-1,-1,1,-1,-1,1,1,1,-1,-1,-1,-1,1,-1,1,1,-1,1,-1,-1,1,1,-1,-1,-1,-1,-1,-1,1,1,-1,-1,1,-1,1,1,-1,-1,-1,1,-1,1,1,-1,-1,1,-1,-1,1,1,1,-1,1,-1,1,1,1,-1,-1,1,-1,-1,1,1,1,-1,1,-1,-1,1,1,-1,1,1,-1,-1,1,1,-1,1,1,-1,-1,1,-1,-1,1,1,-1,-1,1,1,1,1,1,1,-1,1,1,-1,1,1,-1,-1,1,-1,1,1,1,1,-1,1,1,-1,1,1,1,-1,1,1,1,1,-1,1,-1,1,1,1,1,1,1,-1,1,-1,1,1,1,-1,1,1,1,1,1,1,1,1,-1,1,1,1,-1,1,-1,1,1,1,-1,1,1,1,1,-1,1,1,1,-1,1,1,-1,1,1,-1,-1,1,-1,1,1,1,-1,1,-1,1,-1,1,1,-1,-1,1,1,-1,1,1,1,-1,1,-1,-1,1,1,1,-1,1,-1,1,1,1,-1,-1,-1,-1,1,-1,1,-1,1,1,1,1,1,-1,-1,1,1,1,-1,1,1,-1,1,-1,1,1,1,-1,-1,1,-1,-1,-1,-1,-1,-1,1,-1,1,1,1,-1,1,1,-1,-1,1,1,1,-1,1,-1,1,1,1,-1,-1,1,-1,1,1,1,-1,-1,1,-1,1,1,1,-1,-1,1,-1,1,-1,1,1,-1,1,-1,-1,1,1,-1,-1,-1,1,-1,1,-1,1,-1,1,-1,-1,1,-2668.0,1,2000,445,0,False
1513,-1,-1,1,1,1,1,-1,1,-1,-1,-1,1,-1,1,-1,-1,1,-1,1,1,-1,1,-1,-1,-1,1,-1,-1,-1,-1,-1,-1,1,1,-1,1,1,-1,-1,-1,1,-1,1,-1,-1,-1,1,-1,1,-1,1,-1,1,-1,1,-1,-1,1,-1,-1,-1,1,1,1,-1,-1,-1,-1,-1,-1,1,-1,-1,-1,-1,-1,-1,1,-1,-1,-1,1,1,-1,-1,-1,-1,-1,-1,1,-1,-1,1,-1,-1,-1,-1,1,-1,1,-1,-1,-1,-1,1,-1,-1,-1,-1,-1,-1,1,-1,1,-1,-1,-1,-1,1,-1,-1,1,-1,-1,-1,1,-1,-1,1,-1,-1,-1,-1,-1,1,-1,-1,-1,-1,-1,-1,-1,1,-1,-1,-1,1,-1,-1,1,-1,-1,-1,-1,1,-1,1,1,-1,-1,-1,1,-1,1,-1,-1,1,-1,-1,1,-1,-1,-1,-1,-1,-1,1,1,-1,-1,-1,1,1,1,-1,-1,-1,-1,-1,-1,1,1,-1,-1,1,-1,-1,1,1,-1,-1,1,-1,-1,-1,1,-1,-1,-1,1,-1,1,1,-1,-1,-1,1,-1,1,1,-1,1,-1,-1,-1,-1,1,1,-1,-1,1,-1,1,1,-1,1,-1,-1,-1,1,1,-1,1,1,-1,-1,1,1,-1,-1,1,-1,-1,1,-1,1,1,1,-1,-1,1,1,-1,1,-1,-1,1,-1,-1,-1,1,-1,-1,-1,-1,-1,-1,1,-1,-1,1,-1,1,-1,1,-1,-1,1,-1,1,-1,1,1,-1,1,-1,-1,-1,1,-1,-1,1,-1,-1,-1,1,1,-1,1,1,-1,-1,-1,1,-1,1,-1,-1,-1,1,1,-1,-1,1,-1,-1,1,1,-1,1,-1,-1,-1,1,-1,-1,1,-1,-1,-1,1,1,-1,1,-1,-1,1,1,-1,1,1,-1,1,1,1,-1,-1,1,-1,1,1,1,1,1,1,-1,-1,1,1,1,1,-1,-1,-1,1,1,1,1,-1,-1,1,-1,1,1,1,-1,-1,1,-1,1,-1,1,1,-1,1,-1,1,1,1,1,-1,-1,1,1,1,-1,-1,-1,1,1,-1,-1,1,1,-1,1,-1,1,-1,1,-1,1,1,-1,1,1,1,-1,1,1,-1,1,-1,1,-1,-1,1,-1,1,1,1,1,-1,1,1,-1,1,1,-1,-1,1,-1,-1,1,-1,1,-1,-1,1,-1,1,1,-1,-1,-1,1,-1,1,-1,1,-1,-1,1,-1,1,1,-1,-1,-1,1,-1,-1,1,1,-1,-1,1,-1,1,1,-1,1,-1,1,-1,1,1,1,-1,-1,-1,-1,1,1,-1,1,-1,1,-1,1,-1,1,-1,-1,-1,1,1,-1,1,-1,-1,-1,-1,1,-1,-1,1,-1,-1,-1,1,-1,1,1,1,-1,-1,1,-1,-1,1,-1,-1,-1,-1,1,1,-1,1,-1,-1,-1,1,1,-1,1,-1,-1,-1,1,1,1,1,-1,-1,-1,1,1,-1,1,-1,-1,-1,1,1,1,-1,1,1,-1,1,1,1,1,1,1,1,-1,1,1,-1,1,-1,1,1,-1,1,1,-1,1,-1,-1,1,-1,1,-1,1,1,-1,1,1,1,-1,1,1,-1,-1,1,1,-1,-1,-1,-1,1,1,1,-1,-1,-1,-1,1,1,1,-1,1,1,1,-1,1,1,-1,1,1,-1,1,1,1,-1,-1,1,-1,-1,1,1,-1,1,1,1,1,1,1,1,1,1,-1,1,1,-1,1,1,1,-1,1,1,-1,1,1,1,-1,1,1,1,-1,1,-1,1,-1,1,-1,1,1,-1,-1,1,1,1,1,1,-1,1,1,1,-1,1,1,1,1,-1,1,-1,1,-1,1,-1,1,-1,1,1,1,1,1,1,1,-1,1,-1,1,-1,1,-1,-1,1,1,-1,1,1,-1,-1,1,1,1,1,1,1,-1,1,1,-1,-1,1,-1,-1,1,1,1,-1,1,-1,-1,1,-1,1,1,1,-1,-1,1,-1,1,-1,1,1,-1,1,-1,1,-1,1,-1,-1,1,-1,1,-1,1,1,-1,1,-1,1,-1,1,-1,-1,1,-1,1,-1,1,1,-1,1,1,1,1,1,-1,1,1,-1,1,1,1,1,-1,1,-1,1,-1,1,1,-1,1,1,-1,1,1,1,-1,1,1,-1,1,1,1,1,1,-1,-1,1,1,1,1,1,-1,1,-1,1,1,1,1,1,-1,1,1,1,1,1,1,-1,1,1,1,1,1,1,1,1,1,1,1,1,1,-1,1,1,-1,1,1,-1,1,1,1,1,1,1,1,-1,1,1,1,1,1,-1,1,1,1,1,1,1,-1,-1,1,-1,1,1,1,-1,1,1,1,1,1,-1,-1,1,1,1,1,1,1,-1,1,1,-1,1,1,-1,1,1,1,1,1,1,-1,-1,1,1,1,1,-1,-1,-1,1,1,1,1,-1,-1,-1,1,1,1,1,-1,1,-1,1,1,1,1,1,-1,-1,1,1,-1,1,1,-1,-1,1,1,1,1,-1,-1,-1,1,-1,-1,1,1,-1,-1,-1,1,-1,1,1,-1,-1,1,1,-1,1,1,-1,-1,1,1,-1,1,1,-1,-1,-1,1,1,1,1,-1,1,-1,1,1,1,-1,-1,1,-1,1,1,1,1,-1,1,-1,1,1,-1,1,-1,-1,-1,1,-1,1,-1,1,-1,-1,1,-1,1,1,-1,-1,-1,1,-1,1,1,-1,-1,-1,-1,1,1,-1,1,-1,-1,1,-1,1,-1,1,-1,1,-1,-1,1,1,1,1,-1,-1,1,1,1,1,1,1,-1,1,1,-1,1,-1,-1,1,1,1,1,1,-1,-1,-1,-1,1,1,1,1,-1,1,1,-1,1,1,-1,1,-1,-1,1,1,1,-1,-1,1,1,-1,1,1,-1,1,1,1,1,1,1,-1,1,1,1,1,1,1,-1,-1,-1,1,1,-1,1,-1,1,1,1,1,-1,1,-1,1,1,1,-1,1,1,-1,-1,1,1,-1,1,1,1,-1,1,1,-1,1,1,-1,-1,1,-2668.0,1,2000,445,1500,True
1514,-1,-1,1,1,1,-1,-1,1,-1,-1,-1,-1,1,1,-1,-1,1,-1,1,-1,-1,-1,-1,-1,-1,1,-1,-1,-1,-1,-1,-1,1,-1,-1,-1,1,-1,-1,1,-1,-1,-1,-1,-1,-1,-1,-1,1,1,-1,-1,1,1,-1,-1,-1,1,-1,-1,1,-1,-1,1,-1,-1,-1,-1,-1,-1,-1,1,-1,-1,1,-1,-1,-1,1,-1,-1,-1,-1,-1,1,-1,-1,1,-1,-1,1,-1,1,-1,1,-1,-1,-1,1,1,-1,1,-1,-1,-1,1,1,-1,1,-1,-1,1,1,1,-1,1,-1,-1,1,1,1,-1,-1,1,-1,-1,1,1,-1,1,-1,-1,-1,1,1,-1,1,1,-1,-1,1,1,-1,1,-1,-1,1,1,1,1,1,1,-1,-1,-1,1,1,1,1,-1,-1,1,1,1,1,-1,1,-1,-1,1,1,1,-1,-1,-1,1,1,-1,1,-1,-1,1,-1,1,1,1,-1,-1,-1,1,1,-1,1,1,-1,-1,-1,1,-1,1,-1,1,-1,-1,1,-1,1,-1,-1,-1,-1,1,-1,1,-1,1,-1,-1,1,-1,1,1,1,-1,-1,-1,1,1,-1,-1,-1,-1,1,1,-1,1,-1,-1,-1,1,-1,1,-1,1,-1,-1,-1,1,1,-1,-1,-1,-1,1,1,1,-1,1,-1,-1,1,-1,1,-1,1,-1,1,-1,1,1,-1,1,-1,-1,1,1,1,-1,-1,-1,-1,-1,-1,1,1,-1,-1,1,-1,-1,1,-1,-1,-1,1,-1,1,1,1,1,1,1,-1,1,1,-1,1,-1,1,1,-1,1,-1,1,1,1,-1,-1,1,-1,-1,1,1,1,-1,1,1,-1,1,1,-1,-1,1,1,1,1,1,-1,-1,1,-1,1,-1,1,-1,-1,1,-1,-1,1,1,-1,1,-1,1,1,-1,1,-1,1,1,1,-1,1,1,-1,1,1,1,-1,1,-1,-1,1,1,1,-1,1,-1,-1,1,-1,1,-1,1,-1,-1,1,-1,1,-1,1,1,-1,1,-1,1,1,-1,1,-1,-1,1,1,-1,1,-1,-1,1,1,-1,-1,1,1,-1,1,-1,1,-1,1,-1,1,1,-1,1,1,1,-1,1,1,-1,1,-1,1,-1,-1,1,-1,1,1,-1,1,-1,1,1,-1,1,-1,-1,-1,1,-1,-1,1,-1,1,-1,-1,1,-1,1,-1,-1,-1,-1,1,-1,1,-1,1,-1,-1,1,-1,1,-1,-1,-1,-1,1,-1,-1,1,1,-1,-1,1,-1,1,1,-1,1,-1,1,-1,1,-1,1,-1,-1,-1,-1,1,-1,-1,-1,-1,1,-1,1,-1,1,-1,-1,-1,1,1,-1,1,-1,-1,-1,-1,1,-1,-1,-1,-1,-1,1,-1,1,1,-1,-1,-1,-1,1,-1,-1,1,-1,-1,-1,1,-1,1,-1,1,-1,-1,1,-1,1,-1,-1,-1,-1,1,-1,1,1,1,-1,-1,-1,1,1,-1,1,-1,1,-1,1,1,1,-1,1,1,-1,1,1,1,1,1,-1,1,-1,-1,-1,1,-1,-1,1,1,1,-1,1,-1,1,-1,-1,-1,1,1,-1,1,1,-1,1,-1,1,-1,1,1,-1,1,-1,1,-1,-1,-1,-1,1,-1,1,-1,-1,-1,-1,1,-1,1,-1,1,1,1,1,-1,1,-1,1,1,-1,1,-1,1,-1,-1,1,-1,1,-1,-1,1,1,1,1,1,-1,1,1,1,1,-1,1,-1,-1,1,1,1,-1,-1,-1,1,1,1,1,-1,-1,-1,1,-1,1,-1,1,1,-1,-1,1,1,1,-1,-1,-1,-1,1,1,1,1,1,-1,-1,1,1,1,1,-1,-1,-1,1,-1,1,-1,1,-1,-1,1,1,1,1,1,-1,-1,1,-1,1,1,1,-1,-1,1,1,-1,1,1,-1,-1,1,1,1,1,1,-1,1,-1,1,-1,1,1,1,1,-1,1,1,1,1,-1,1,1,-1,1,1,1,1,-1,1,-1,1,-1,1,-1,1,-1,-1,1,-1,1,1,-1,1,-1,1,1,1,1,-1,1,-1,1,1,1,1,1,1,-1,1,-1,1,1,-1,-1,-1,1,1,1,1,1,1,-1,1,1,1,1,1,-1,1,-1,1,1,1,-1,-1,-1,-1,1,1,-1,1,-1,1,-1,1,1,1,-1,-1,-1,-1,1,1,-1,-1,-1,-1,1,-1,1,-1,-1,-1,1,-1,1,1,-1,-1,-1,1,-1,1,1,-1,-1,-1,1,1,1,1,-1,1,-1,1,-1,1,1,-1,-1,-1,-1,1,1,1,1,-1,-1,1,-1,1,1,-1,1,-1,-1,1,1,1,-1,-1,-1,-1,-1,1,-1,-1,-1,1,-1,1,1,-1,-1,1,-1,-1,1,1,1,-1,1,1,-1,1,1,1,1,-1,-1,1,1,1,-1,-1,1,-1,-1,1,1,1,-1,1,-1,-1,1,1,1,1,1,1,-1,1,1,-1,-1,1,1,-1,1,1,1,1,1,1,-1,1,1,1,1,1,1,-1,1,1,-1,1,1,1,-1,1,-1,1,1,1,1,-1,-1,1,-1,1,1,1,-1,1,1,1,1,-1,1,1,1,1,1,1,1,1,1,-1,-1,1,1,1,-1,1,-1,1,1,1,1,1,-1,1,1,1,1,1,1,1,-1,1,1,-1,1,1,-1,-1,-1,1,1,-1,1,1,-1,1,1,1,-1,-1,1,-1,1,1,1,1,1,-1,-1,-1,1,1,1,-1,1,-1,-1,1,1,1,-1,1,-1,1,1,1,-1,1,-1,-1,-1,1,1,1,1,-1,1,1,-1,1,1,-1,1,-1,1,1,1,1,-1,1,-1,-1,1,1,1,-1,1,1,1,1,-1,1,1,-1,1,-1,1,1,1,-1,1,1,1,1,1,1,-1,-1,1,1,1,1,1,-1,-1,1,1,1,1,1,1,-1,1,1,1,1,1,1,-1,1,1,1,1,1,1,-1,1,1,1,1,1,1,-1,1,1,1,1,1,1,1,-1,1,1,-1,1,1,-1,1,1,-2668.0,1,2000,445,1500,True
1515,1,1,-1,-1,1,-1,-1,1,1,1,1,-1,1,1,1,1,-1,1,-1,-1,-1,1,1,1,1,-1,1,-1,1,1,1,1,1,-1,-1,1,-1,1,1,1,-1,-1,1,1,1,1,1,-1,1,1,1,1,-1,1,-1,-1,1,-1,1,1,-1,-1,-1,1,1,1,1,1,-1,-1,1,1,1,1,1,-1,-1,-1,1,1,1,-1,-1,-1,1,1,1,1,-1,-1,-1,1,1,1,1,-1,-1,1,1,-1,1,1,-1,-1,1,1,1,1,1,-1,-1,1,1,1,1,1,-1,-1,1,1,1,1,1,1,-1,1,1,1,-1,1,1,-1,1,1,1,1,1,1,-1,-1,1,1,1,1,1,-1,1,1,1,1,1,1,-1,-1,-1,1,1,1,1,-1,1,-1,1,1,-1,1,-1,1,-1,1,1,1,-1,-1,1,1,1,1,1,-1,1,-1,-1,1,-1,1,-1,1,1,1,1,1,1,1,1,1,-1,1,-1,1,-1,1,1,-1,1,-1,1,1,-1,1,-1,1,-1,1,-1,1,1,-1,-1,-1,1,1,1,1,-1,-1,1,1,-1,-1,1,-1,1,-1,-1,1,-1,1,-1,1,-1,1,-1,1,1,-1,1,-1,1,1,-1,1,-1,1,1,1,-1,1,1,-1,-1,-1,1,-1,1,-1,1,-1,1,1,-1,1,-1,-1,-1,1,1,-1,1,-1,1,-1,1,1,-1,-1,1,1,-1,-1,1,1,-1,1,1,-1,1,1,1,1,-1,1,-1,1,1,-1,1,-1,1,1,-1,1,1,1,1,1,-1,-1,1,-1,-1,1,1,1,-1,1,1,1,-1,1,-1,-1,1,1,1,1,1,-1,1,1,1,-1,1,1,-1,1,1,1,-1,1,1,-1,-1,1,1,1,-1,1,-1,1,1,1,-1,1,1,-1,1,1,1,-1,1,-1,-1,1,1,1,-1,1,-1,-1,-1,1,1,-1,1,-1,-1,1,-1,1,-1,1,1,-1,-1,1,1,1,-1,1,-1,-1,1,1,-1,1,-1,-1,-1,-1,-1,-1,1,1,-1,-1,1,1,-1,1,-1,-1,-1,1,1,1,1,1,-1,1,1,1,-1,1,-1,-1,-1,-1,1,1,1,1,-1,-1,1,1,1,1,-1,-1,1,-1,-1,1,-1,1,-1,-1,1,-1,1,-1,-1,-1,1,1,-1,1,-1,1,-1,-1,1,-1,1,1,-1,-1,-1,1,-1,-1,1,1,-1,-1,1,-1,1,1,-1,1,-1,1,-1,-1,1,1,-1,-1,1,-1,1,1,-1,-1,1,1,-1,1,-1,1,-1,1,-1,-1,1,-1,1,-1,1,-1,-1,1,-1,-1,-1,1,-1,-1,1,-1,1,-1,1,-1,-1,1,-1,-1,1,-1,1,-1,1,1,1,-1,1,1,-1,-1,1,1,-1,1,-1,-1,1,-1,1,1,1,1,-1,-1,1,1,-1,1,1,1,-1,1,1,1,-1,1,1,-1,1,1,1,1,1,-1,1,-1,-1,1,-1,1,-1,1,-1,-1,1,1,-1,1,-1,-1,-1,1,1,-1,1,1,-1,1,-1,1,-1,1,1,-1,-1,-1,1,-1,-1,-1,-1,1,-1,1,-1,-1,-1,-1,-1,-1,1,-1,1,1,1,1,-1,1,-1,1,1,-1,-1,-1,1,-1,-1,1,-1,-1,-1,-1,1,1,1,1,-1,-1,1,1,1,1,-1,-1,-1,-1,1,1,1,-1,-1,-1,-1,1,1,1,-1,-1,-1,1,-1,1,-1,1,-1,-1,-1,1,1,1,-1,-1,-1,1,1,1,1,1,-1,-1,-1,1,1,1,1,1,-1,-1,1,1,1,-1,-1,-1,-1,1,1,1,1,-1,-1,1,1,1,1,1,-1,-1,-1,1,1,-1,1,-1,-1,-1,1,1,1,1,-1,-1,1,1,1,1,-1,-1,1,1,-1,1,1,-1,-1,-1,1,1,1,1,1,-1,1,1,1,1,1,-1,-1,-1,1,-1,1,-1,-1,-1,-1,1,-1,1,1,-1,-1,-1,1,-1,1,1,-1,-1,-1,1,1,1,1,-1,-1,-1,1,-1,1,1,-1,-1,-1,1,1,-1,-1,-1,-1,-1,1,-1,1,-1,-1,-1,-1,-1,-1,-1,1,-1,-1,-1,1,-1,-1,1,-1,-1,-1,-1,-1,-1,1,-1,-1,-1,-1,-1,1,-1,-1,-1,1,-1,-1,1,-1,1,-1,-1,-1,-1,-1,-1,-1,1,-1,-1,-1,1,1,-1,-1,-1,1,-1,-1,-1,-1,-1,1,-1,-1,1,1,1,-1,-1,-1,-1,1,-1,1,1,-1,1,-1,-1,1,1,-1,-1,-1,-1,-1,-1,1,1,-1,-1,1,-1,1,1,-1,-1,-1,1,-1,1,1,-1,-1,1,-1,-1,1,1,1,-1,1,-1,1,1,1,-1,-1,1,-1,-1,1,1,1,-1,1,-1,-1,1,1,-1,1,1,-1,-1,1,1,1,1,1,-1,-1,1,1,1,1,1,-1,-1,1,1,1,1,1,1,-1,-1,1,1,-1,1,-1,-1,1,-1,1,1,1,1,-1,-1,1,-1,1,1,1,-1,1,1,1,1,-1,1,-1,1,1,1,1,1,1,1,-1,1,1,1,1,-1,1,-1,1,1,1,1,1,-1,1,1,1,1,-1,1,1,-1,1,1,-1,1,1,-1,-1,1,1,1,1,-1,1,-1,1,1,1,-1,-1,1,-1,1,1,1,-1,1,-1,-1,-1,1,1,-1,-1,1,-1,-1,1,1,-1,-1,1,-1,-1,1,1,1,-1,1,-1,-1,1,1,-1,-1,-1,1,-1,-1,1,-1,1,1,-1,1,1,-1,-1,1,1,-1,-1,1,1,-1,1,1,-1,1,1,-1,-1,-1,-1,1,-1,-1,-1,-1,-1,1,-1,1,1,-1,1,1,-1,1,1,1,1,-1,1,-1,1,1,1,1,-1,1,-1,-1,-1,1,1,-1,1,-1,1,1,1,1,-1,1,-1,1,1,1,-1,-1,1,-1,-1,1,1,-1,-1,-1,1,-1,1,1,1,-1,1,-1,-1,1,-2668.0,1,2000,445,0,False
1516,-1,-1,1,1,1,1,-1,1,-1,-1,-1,1,-1,1,-1,-1,1,-1,1,1,-1,-1,-1,-1,-1,1,-1,-1,-1,-1,-1,-1,1,1,-1,-1,1,-1,-1,-1,1,-1,-1,-1,-1,-1,-1,-1,1,1,-1,-1,1,-1,1,-1,-1,1,-1,-1,-1,1,1,1,-1,-1,-1,-1,-1,-1,-1,1,-1,-1,-1,-1,-1,-1,1,-1,-1,1,1,-1,1,-1,-1,-1,-1,1,-1,-1,-1,-1,-1,-1,-1,1,1,1,-1,-1,-1,-1,1,1,1,-1,-1,-1,-1,1,1,1,-1,-1,-1,-1,1,1,1,-1,-1,-1,-1,1,1,1,1,-1,-1,-1,1,1,1,-1,-1,-1,-1,-1,1,1,1,-1,-1,-1,1,1,1,1,-1,-1,-1,-1,-1,1,1,1,-1,-1,1,1,1,1,-1,-1,-1,1,-1,1,-1,-1,-1,-1,1,1,1,1,-1,-1,1,-1,-1,1,-1,-1,-1,1,1,1,1,1,-1,-1,1,1,-1,1,1,-1,-1,1,1,-1,1,1,-1,-1,-1,1,-1,1,1,-1,1,1,1,-1,1,1,-1,1,1,1,-1,-1,1,1,-1,-1,1,-1,1,1,-1,1,-1,1,-1,1,1,-1,1,1,1,-1,-1,1,-1,-1,1,1,-1,1,-1,1,1,1,1,-1,1,1,-1,1,-1,-1,1,-1,-1,-1,1,1,-1,-1,1,1,-1,1,1,-1,-1,-1,1,1,1,-1,1,1,-1,1,-1,1,1,1,1,-1,1,-1,-1,1,-1,1,-1,-1,-1,1,1,-1,1,1,-1,1,-1,1,-1,1,-1,-1,-1,1,1,-1,1,1,-1,-1,-1,1,-1,1,-1,-1,-1,-1,-1,-1,1,-1,-1,-1,1,1,-1,1,-1,-1,-1,-1,1,-1,1,-1,1,-1,1,-1,-1,1,-1,-1,-1,-1,1,1,1,-1,-1,-1,-1,-1,1,-1,-1,-1,-1,-1,1,1,-1,-1,-1,1,-1,1,1,-1,-1,1,1,-1,-1,1,1,-1,-1,1,-1,-1,1,1,-1,-1,-1,1,-1,1,-1,1,-1,-1,-1,-1,1,1,-1,-1,1,-1,-1,1,1,-1,1,1,-1,1,1,1,-1,1,-1,-1,1,1,-1,-1,-1,-1,-1,-1,-1,1,-1,-1,1,-1,-1,1,-1,-1,1,-1,1,-1,-1,-1,-1,-1,1,-1,-1,1,1,-1,1,-1,-1,-1,-1,1,-1,-1,1,-1,-1,-1,1,1,-1,1,-1,-1,1,1,-1,-1,1,-1,-1,-1,1,-1,-1,1,-1,1,1,1,-1,-1,-1,1,-1,-1,-1,1,-1,1,1,-1,1,-1,-1,1,-1,1,-1,1,-1,-1,1,-1,1,1,-1,-1,-1,1,-1,1,-1,1,-1,-1,1,-1,-1,1,-1,-1,-1,1,1,1,1,-1,-1,-1,1,1,1,1,-1,1,-1,1,-1,1,1,-1,-1,1,1,-1,1,1,1,-1,1,1,-1,-1,1,1,-1,-1,-1,-1,-1,1,1,-1,1,1,-1,1,1,-1,-1,-1,1,-1,-1,-1,1,1,-1,1,-1,1,-1,1,-1,1,1,-1,1,1,1,1,-1,1,-1,1,-1,1,1,-1,1,-1,-1,1,1,1,-1,1,-1,-1,-1,1,1,-1,1,-1,1,1,1,-1,-1,1,-1,-1,1,1,1,-1,1,-1,-1,-1,1,1,-1,-1,1,1,-1,1,1,-1,1,1,1,1,1,1,-1,-1,1,1,-1,1,-1,-1,1,1,1,1,-1,-1,-1,1,-1,1,1,1,1,-1,-1,1,1,1,-1,-1,-1,-1,1,1,1,1,1,-1,-1,1,1,1,-1,1,-1,-1,1,1,1,1,1,-1,1,1,1,1,1,1,-1,-1,1,1,1,1,1,-1,-1,1,1,-1,1,1,-1,-1,1,1,1,1,1,1,-1,1,1,1,-1,1,-1,-1,1,1,1,-1,1,-1,-1,1,1,-1,1,1,-1,-1,1,1,1,-1,1,1,-1,1,1,-1,-1,1,-1,-1,1,1,1,-1,1,1,-1,1,1,1,-1,1,-1,-1,1,-1,1,-1,1,1,-1,1,1,1,1,1,-1,1,1,-1,-1,-1,1,1,-1,1,-1,-1,1,1,1,-1,-1,1,-1,1,1,1,-1,1,1,1,-1,1,1,1,1,1,-1,1,1,1,1,1,1,-1,1,1,1,1,1,-1,1,-1,1,1,1,1,-1,-1,1,1,1,1,1,-1,1,1,1,1,1,-1,1,-1,1,1,-1,1,1,1,1,1,1,1,1,1,1,-1,1,1,1,1,1,-1,1,1,1,1,1,1,1,1,-1,-1,1,1,1,1,1,1,1,1,1,-1,1,1,-1,1,1,1,1,1,1,1,-1,1,1,1,1,1,-1,1,1,1,1,1,1,-1,1,1,-1,1,1,1,-1,1,1,-1,1,1,1,-1,1,1,-1,1,1,-1,-1,1,1,1,-1,1,1,1,-1,1,1,-1,1,1,-1,-1,1,-1,-1,1,-1,1,-1,1,1,-1,1,1,-1,-1,1,1,-1,1,1,1,-1,1,1,-1,1,1,-1,-1,1,1,-1,1,1,-1,1,1,1,-1,1,1,-1,1,1,-1,1,1,-1,-1,1,1,-1,-1,1,1,-1,1,-1,1,-1,1,1,-1,-1,1,1,-1,-1,1,-1,-1,1,-1,-1,-1,1,1,-1,1,-1,1,-1,1,-1,1,1,-1,1,1,1,-1,-1,1,-1,1,-1,1,-1,-1,1,1,-1,1,-1,1,1,1,-1,-1,1,-1,1,1,1,-1,1,-1,1,1,1,-1,-1,1,-1,1,-1,-1,1,-1,1,-1,1,1,1,-1,-1,1,-1,-1,-1,-1,-1,-1,1,-1,1,1,1,-1,1,1,-1,-1,1,1,1,-1,1,-1,1,1,1,1,-1,1,-1,1,1,1,1,-1,1,-1,1,1,1,1,-1,1,-1,1,-1,1,-1,-1,1,-1,-1,1,1,-1,-1,-1,-1,1,1,-1,1,-1,1,1,-1,1,-2668.0,1,2000,445,1500,True
1517,1,1,-1,-1,1,1,-1,-1,1,1,1,-1,1,1,-1,1,-1,1,-1,-1,-1,1,1,1,1,-1,1,-1,1,1,1,1,-1,-1,-1,-1,1,-1,1,1,-1,-1,-1,1,1,1,1,-1,1,1,1,1,-1,1,-1,-1,1,-1,1,1,1,-1,-1,1,1,1,1,1,-1,-1,1,1,1,1,1,-1,-1,-1,1,1,1,-1,-1,-1,1,1,1,1,-1,-1,-1,1,1,1,1,-1,-1,1,1,-1,1,1,-1,-1,1,1,1,1,1,-1,-1,-1,1,1,1,1,-1,-1,1,1,1,1,1,1,-1,-1,1,1,-1,1,1,-1,1,1,1,1,1,1,-1,1,1,1,1,1,1,-1,1,1,1,1,1,1,-1,-1,-1,1,1,1,1,-1,1,-1,1,1,-1,1,-1,1,-1,1,1,1,-1,-1,1,1,1,1,1,-1,1,-1,-1,1,-1,1,-1,1,1,1,1,1,1,1,1,1,-1,1,-1,1,-1,1,1,-1,1,-1,1,1,-1,1,-1,1,-1,1,-1,1,1,-1,1,-1,1,1,1,1,-1,-1,1,1,-1,-1,1,-1,1,-1,1,1,-1,1,-1,1,-1,1,-1,1,1,-1,-1,-1,1,1,-1,1,-1,1,1,1,-1,1,1,-1,1,-1,1,-1,1,-1,1,-1,1,1,-1,1,-1,-1,-1,1,1,-1,1,-1,-1,-1,1,1,-1,-1,1,1,-1,-1,1,1,-1,1,1,-1,1,1,1,1,-1,1,-1,1,1,-1,1,-1,1,1,1,1,1,1,1,1,-1,-1,1,-1,-1,-1,1,1,-1,1,1,1,-1,1,1,1,1,1,1,-1,1,-1,1,1,1,-1,-1,1,-1,1,1,1,-1,1,1,-1,-1,1,1,1,-1,1,-1,1,1,1,-1,1,1,-1,1,1,1,-1,1,1,-1,1,1,1,-1,1,1,-1,-1,1,1,-1,1,1,-1,1,-1,1,-1,1,1,1,-1,1,1,1,-1,1,1,-1,1,1,-1,1,1,1,-1,-1,-1,-1,1,1,1,-1,1,1,-1,1,1,-1,-1,1,1,1,1,1,-1,1,1,1,-1,1,1,1,1,-1,1,1,1,-1,1,-1,1,1,1,1,1,1,-1,-1,-1,1,-1,-1,1,-1,1,-1,1,-1,1,1,1,-1,-1,1,-1,-1,1,-1,1,-1,1,1,1,1,1,1,-1,-1,1,-1,1,1,-1,-1,1,1,1,-1,1,-1,-1,-1,1,-1,1,1,-1,-1,1,1,1,1,-1,1,-1,1,-1,-1,1,-1,-1,-1,1,-1,1,1,-1,-1,-1,1,-1,1,1,1,-1,-1,1,-1,-1,1,-1,-1,-1,1,-1,1,1,1,-1,-1,1,1,-1,1,-1,-1,-1,-1,1,-1,1,-1,-1,-1,1,-1,-1,1,-1,-1,-1,-1,1,-1,1,-1,-1,1,-1,1,-1,-1,1,1,1,-1,1,-1,1,-1,1,-1,1,-1,-1,1,1,-1,-1,-1,1,-1,1,1,-1,1,1,1,-1,1,1,-1,-1,-1,1,-1,-1,1,-1,-1,1,1,-1,-1,1,-1,-1,1,1,1,-1,1,-1,-1,1,1,-1,-1,1,-1,-1,-1,1,1,-1,1,-1,-1,-1,1,-1,-1,1,-1,1,-1,1,1,-1,-1,1,-1,-1,-1,-1,-1,1,1,1,-1,-1,1,-1,-1,1,-1,-1,1,-1,-1,1,1,-1,-1,1,-1,-1,1,1,-1,1,-1,1,-1,-1,1,1,-1,-1,-1,-1,-1,1,-1,-1,1,-1,-1,-1,1,1,-1,-1,-1,-1,-1,1,-1,-1,-1,-1,-1,1,1,1,-1,-1,-1,-1,-1,1,1,-1,-1,-1,-1,-1,1,1,1,-1,-1,-1,-1,1,1,-1,-1,-1,-1,1,1,1,1,1,-1,1,1,1,1,1,1,-1,-1,1,1,1,-1,-1,-1,1,1,1,1,-1,1,-1,-1,1,-1,1,-1,1,-1,-1,1,-1,1,-1,1,-1,-1,1,-1,1,-1,1,1,-1,1,-1,1,1,1,1,-1,1,-1,1,1,1,-1,-1,1,1,-1,1,1,-1,-1,1,-1,1,-1,1,-1,-1,-1,-1,-1,1,1,-1,-1,1,-1,-1,1,1,-1,-1,-1,-1,-1,-1,1,-1,-1,-1,-1,-1,1,-1,-1,1,-1,-1,1,-1,1,-1,-1,-1,-1,-1,1,1,1,-1,-1,-1,1,1,1,-1,-1,-1,1,-1,-1,1,-1,1,-1,-1,1,1,1,-1,-1,-1,-1,1,-1,1,1,-1,1,-1,-1,1,1,-1,-1,-1,-1,-1,-1,1,1,-1,-1,1,-1,1,1,-1,-1,-1,1,-1,1,1,-1,-1,1,-1,-1,1,1,1,-1,1,-1,1,1,1,-1,-1,1,-1,-1,1,1,1,-1,1,-1,-1,1,1,-1,1,1,-1,-1,1,1,1,1,1,-1,-1,1,1,-1,1,1,-1,-1,1,1,1,1,1,1,-1,-1,1,1,1,1,-1,-1,1,-1,1,1,1,1,-1,-1,1,-1,1,1,1,-1,1,1,1,1,-1,1,-1,1,1,1,1,1,1,1,-1,1,1,1,1,-1,1,-1,1,1,1,1,1,-1,1,1,1,1,-1,1,1,-1,1,1,-1,1,1,-1,-1,1,1,1,1,-1,1,-1,1,1,1,-1,-1,1,-1,1,1,1,-1,1,-1,-1,-1,1,1,-1,-1,1,-1,-1,1,1,-1,-1,1,-1,-1,-1,1,1,-1,1,-1,-1,1,1,-1,-1,-1,1,-1,-1,1,-1,1,1,-1,1,1,-1,-1,1,1,-1,-1,1,1,-1,1,1,-1,1,1,-1,-1,1,-1,1,-1,-1,-1,-1,1,-1,-1,1,1,-1,1,1,-1,1,1,1,1,-1,1,-1,1,1,1,-1,-1,1,-1,1,-1,1,-1,-1,1,-1,-1,1,1,-1,-1,1,-1,1,1,1,1,-1,1,-1,-1,1,1,-1,-1,-1,1,-1,1,-1,1,-1,1,-1,-1,1,-2668.0,1,2000,445,1000,False
1518,1,1,-1,-1,1,1,-1,-1,1,1,1,-1,-1,1,1,1,-1,1,-1,-1,-1,1,1,1,1,-1,-1,-1,1,1,1,1,-1,-1,-1,1,1,-1,1,1,-1,-1,1,1,1,1,1,-1,1,1,1,1,-1,1,-1,-1,1,-1,1,1,1,-1,-1,1,1,1,1,1,-1,-1,1,1,1,1,1,-1,-1,-1,1,1,1,-1,-1,-1,1,1,1,1,-1,-1,-1,1,1,1,1,-1,-1,1,1,-1,1,1,-1,-1,1,1,1,1,1,-1,-1,1,1,1,1,1,-1,-1,1,1,1,1,1,1,-1,1,1,1,-1,1,1,-1,1,1,1,1,1,1,-1,-1,1,1,1,1,1,-1,1,1,1,1,1,1,-1,-1,-1,1,1,1,1,-1,1,-1,1,1,-1,1,-1,1,-1,1,1,1,-1,-1,1,1,1,1,1,-1,1,-1,-1,1,-1,1,-1,1,1,1,1,1,1,1,1,1,-1,1,-1,1,-1,1,1,-1,1,-1,1,1,-1,1,-1,1,-1,1,-1,1,1,-1,1,-1,1,1,1,1,-1,-1,1,1,-1,-1,1,-1,1,-1,1,1,-1,1,-1,1,-1,1,-1,1,1,-1,-1,-1,1,1,-1,1,-1,1,1,1,-1,1,1,-1,1,-1,1,-1,1,-1,1,-1,1,1,-1,1,-1,-1,-1,1,1,-1,1,-1,-1,-1,1,1,-1,-1,1,1,-1,-1,1,1,-1,1,1,-1,1,1,1,1,-1,1,-1,1,1,-1,1,-1,1,1,-1,1,1,1,1,1,-1,-1,1,-1,-1,-1,1,1,-1,1,1,1,-1,1,-1,-1,1,1,1,1,1,-1,1,1,1,-1,1,1,-1,1,1,1,-1,1,1,-1,-1,1,1,1,-1,1,-1,1,1,1,-1,1,1,-1,1,1,1,-1,1,-1,-1,1,1,1,-1,1,-1,-1,-1,1,1,-1,1,-1,-1,1,-1,1,-1,1,1,-1,-1,1,1,1,-1,1,-1,-1,1,1,-1,1,-1,-1,-1,-1,-1,-1,1,1,-1,-1,1,1,-1,1,-1,-1,-1,1,1,1,1,-1,-1,1,1,1,-1,1,-1,-1,-1,-1,1,1,1,1,-1,-1,1,1,1,1,-1,-1,1,-1,-1,1,-1,1,-1,-1,1,-1,1,1,-1,-1,1,1,-1,1,-1,1,-1,-1,1,-1,1,1,-1,-1,-1,1,-1,-1,1,1,-1,-1,1,-1,1,1,-1,1,-1,1,-1,-1,1,1,-1,-1,1,-1,1,1,-1,-1,1,1,-1,1,-1,1,-1,1,-1,1,1,-1,1,-1,1,-1,-1,1,-1,-1,-1,1,-1,-1,1,-1,1,-1,1,-1,-1,1,-1,-1,1,-1,1,-1,1,-1,1,-1,1,1,-1,1,-1,1,-1,1,-1,-1,1,-1,1,1,1,1,-1,-1,1,1,-1,1,1,-1,1,1,1,1,-1,1,1,-1,1,1,1,1,-1,-1,1,-1,-1,-1,1,-1,1,1,1,-1,1,1,-1,1,-1,-1,-1,1,1,-1,1,1,-1,1,-1,1,-1,1,1,-1,-1,-1,1,-1,-1,-1,-1,1,-1,1,-1,-1,-1,-1,-1,-1,1,-1,1,1,1,1,-1,1,-1,1,1,-1,-1,-1,1,-1,-1,1,-1,-1,-1,-1,1,1,1,1,-1,-1,1,1,1,1,-1,1,-1,-1,1,1,1,-1,-1,-1,1,1,1,1,-1,-1,-1,1,-1,1,-1,1,-1,-1,-1,1,1,1,-1,-1,-1,1,1,1,1,1,-1,-1,-1,1,1,1,1,-1,-1,-1,1,1,1,-1,-1,-1,1,1,1,1,1,-1,-1,-1,1,1,1,1,-1,-1,-1,1,1,-1,1,-1,-1,-1,1,1,1,1,-1,-1,1,1,1,1,-1,-1,1,1,-1,1,1,-1,-1,-1,1,1,1,1,1,-1,1,1,1,1,1,-1,-1,-1,1,-1,1,-1,-1,-1,-1,1,-1,1,1,-1,-1,-1,1,-1,1,1,-1,1,-1,1,1,1,1,-1,1,-1,1,-1,1,1,-1,-1,-1,1,1,-1,-1,-1,-1,-1,1,-1,1,-1,-1,-1,-1,-1,-1,-1,1,-1,-1,-1,1,-1,-1,1,-1,-1,-1,-1,-1,-1,1,-1,-1,-1,-1,-1,1,-1,-1,-1,1,-1,-1,1,-1,1,-1,-1,-1,-1,-1,-1,-1,1,-1,-1,-1,1,1,1,-1,-1,-1,1,-1,-1,-1,-1,1,-1,-1,1,1,1,-1,-1,-1,-1,1,-1,1,1,-1,1,-1,-1,1,1,-1,-1,-1,-1,-1,-1,1,1,-1,-1,1,-1,1,1,-1,-1,-1,1,-1,1,1,-1,-1,1,-1,-1,1,1,1,-1,1,-1,1,1,1,-1,-1,1,-1,-1,1,1,1,-1,1,-1,-1,1,1,-1,1,1,-1,-1,1,1,-1,1,1,-1,-1,1,1,-1,1,1,-1,-1,1,1,1,1,1,1,-1,-1,1,1,1,1,-1,-1,1,-1,1,1,1,1,-1,-1,1,-1,1,1,1,-1,1,-1,1,1,-1,1,-1,1,1,1,1,1,1,1,-1,-1,1,1,1,-1,1,-1,1,1,1,1,1,-1,1,-1,1,1,-1,1,1,-1,1,1,-1,1,1,-1,-1,1,1,1,1,-1,1,-1,-1,1,1,-1,-1,1,-1,1,1,1,-1,1,-1,-1,-1,1,1,-1,-1,1,-1,-1,1,1,-1,-1,1,-1,-1,1,1,1,-1,-1,-1,-1,1,1,-1,-1,-1,1,-1,1,1,-1,1,1,-1,1,1,-1,-1,1,-1,-1,-1,1,1,-1,1,1,-1,1,1,-1,-1,-1,-1,1,-1,-1,-1,-1,-1,-1,-1,1,1,-1,1,1,-1,1,1,1,1,-1,1,-1,1,1,1,1,-1,1,-1,-1,1,1,1,-1,1,-1,1,1,1,1,-1,1,-1,1,1,1,-1,-1,1,-1,-1,1,1,-1,-1,-1,1,-1,1,-1,1,-1,1,-1,-1,1,-2668.0,1,2000,445,1000,False
1519,-1,-1,1,1,1,1,-1,1,-1,-1,-1,1,-1,1,-1,-1,1,-1,1,1,1,1,-1,-1,-1,1,-1,-1,-1,-1,-1,-1,1,1,-1,1,1,-1,-1,-1,1,-1,1,-1,-1,-1,-1,-1,1,-1,-1,-1,1,-1,1,-1,-1,1,-1,-1,-1,1,1,1,-1,-1,-1,-1,-1,-1,1,-1,-1,-1,-1,-1,1,1,-1,-1,-1,1,1,-1,-1,-1,-1,1,-1,1,-1,-1,-1,-1,-1,-1,-1,1,-1,1,-1,-1,-1,-1,1,-1,-1,-1,-1,-1,-1,1,-1,-1,-1,-1,-1,-1,1,-1,-1,-1,-1,-1,-1,1,-1,-1,1,-1,-1,-1,1,-1,-1,1,-1,-1,-1,1,-1,-1,1,-1,-1,-1,-1,-1,-1,-1,-1,-1,-1,1,1,-1,1,1,-1,-1,1,1,-1,-1,-1,-1,1,1,1,-1,-1,-1,-1,-1,1,-1,-1,1,-1,-1,1,-1,1,-1,-1,-1,-1,1,1,-1,-1,1,-1,-1,1,1,1,-1,1,-1,-1,1,1,1,-1,1,-1,-1,-1,1,1,-1,1,-1,-1,1,1,1,-1,1,-1,1,1,1,1,1,-1,1,-1,-1,1,1,1,1,-1,1,-1,1,1,-1,1,-1,1,1,1,1,1,1,-1,-1,1,1,1,-1,-1,-1,1,1,-1,1,-1,1,-1,1,-1,1,1,1,-1,-1,1,1,-1,1,1,-1,-1,1,1,-1,1,1,1,-1,1,-1,1,1,1,1,-1,1,1,1,1,1,-1,-1,-1,1,-1,1,1,-1,-1,1,-1,-1,1,1,1,-1,-1,1,-1,1,1,1,-1,1,1,-1,1,-1,1,-1,1,1,-1,1,1,1,-1,1,1,-1,1,1,-1,-1,1,-1,-1,1,1,-1,1,-1,-1,1,1,1,-1,1,-1,1,-1,1,1,1,1,1,-1,1,1,1,1,1,1,-1,1,-1,1,-1,1,1,-1,1,-1,1,1,-1,1,-1,1,-1,1,1,-1,1,-1,1,1,-1,1,-1,1,1,1,1,-1,1,-1,1,-1,1,-1,-1,1,1,-1,-1,1,1,1,1,-1,1,-1,1,-1,1,1,-1,1,1,1,-1,1,1,-1,1,-1,1,-1,-1,1,-1,1,1,1,1,-1,1,1,-1,1,1,-1,-1,1,-1,-1,1,-1,1,-1,-1,1,-1,1,1,-1,-1,-1,1,-1,1,-1,1,-1,-1,1,-1,1,1,-1,-1,-1,1,-1,-1,1,1,-1,-1,1,-1,1,1,-1,1,-1,1,-1,-1,1,1,-1,-1,-1,-1,1,1,-1,1,-1,1,-1,1,-1,1,-1,-1,-1,1,1,-1,1,-1,-1,-1,-1,1,-1,-1,-1,-1,-1,-1,1,-1,1,-1,1,-1,-1,1,-1,-1,1,-1,-1,-1,1,1,1,-1,1,-1,-1,1,-1,1,-1,1,-1,-1,1,-1,1,1,1,-1,-1,-1,1,1,-1,1,-1,-1,1,1,1,1,-1,1,1,-1,1,1,1,1,1,-1,1,-1,1,1,-1,1,-1,1,-1,-1,1,-1,-1,1,-1,-1,1,-1,-1,-1,1,1,-1,1,1,-1,-1,1,1,-1,-1,1,-1,-1,-1,-1,-1,1,1,-1,-1,-1,-1,-1,1,1,-1,-1,1,1,1,-1,1,-1,1,1,1,-1,1,1,-1,1,-1,1,-1,-1,1,1,-1,1,1,1,1,1,1,-1,-1,1,-1,1,1,1,-1,-1,1,-1,1,1,-1,-1,1,1,-1,1,1,-1,1,1,-1,1,1,1,1,-1,1,1,-1,1,1,1,-1,1,1,1,1,1,1,-1,-1,1,1,1,1,1,-1,1,1,-1,1,1,1,-1,-1,1,1,1,-1,1,-1,-1,1,1,1,1,1,-1,-1,-1,1,1,1,1,-1,-1,1,1,1,1,-1,1,-1,1,-1,1,-1,-1,1,-1,1,-1,1,1,-1,1,-1,-1,1,1,-1,-1,-1,-1,1,-1,1,1,-1,1,-1,1,-1,1,-1,1,-1,-1,1,-1,1,1,-1,1,-1,1,-1,1,1,-1,-1,-1,1,-1,1,1,-1,1,1,1,1,1,-1,1,1,-1,1,1,1,1,-1,1,-1,1,-1,1,1,-1,1,1,-1,1,1,1,-1,1,1,-1,1,1,1,1,1,-1,-1,1,1,1,1,1,-1,1,-1,1,1,1,1,1,-1,1,1,1,1,1,1,-1,1,-1,1,1,1,1,1,1,1,1,1,1,1,-1,1,1,-1,1,1,-1,1,1,1,1,1,1,1,-1,1,1,1,1,1,-1,1,1,1,1,1,1,-1,-1,1,-1,1,1,1,-1,1,1,1,1,1,-1,-1,1,1,1,1,1,1,-1,1,1,-1,1,1,-1,1,1,1,1,1,1,-1,-1,1,1,1,1,-1,1,-1,1,1,1,1,-1,-1,-1,1,1,1,1,-1,1,-1,1,1,1,1,1,-1,-1,1,1,-1,1,1,-1,-1,1,1,-1,1,-1,-1,-1,1,-1,1,1,1,-1,-1,-1,1,-1,1,1,-1,-1,1,-1,-1,1,1,-1,1,1,1,-1,1,1,-1,1,-1,-1,1,1,1,-1,1,-1,1,1,1,-1,1,-1,1,-1,1,1,-1,1,1,-1,-1,1,-1,1,1,-1,-1,1,-1,1,1,-1,1,-1,-1,-1,1,-1,-1,1,-1,1,-1,1,-1,1,-1,-1,-1,1,1,-1,1,1,-1,-1,-1,1,-1,1,-1,1,-1,-1,1,1,-1,1,-1,-1,1,1,-1,-1,-1,1,-1,1,-1,-1,1,1,-1,1,1,-1,-1,1,-1,-1,-1,-1,1,-1,1,1,-1,1,-1,1,-1,1,-1,1,-1,-1,-1,-1,1,-1,-1,1,1,-1,1,1,-1,1,1,-1,-1,-1,1,-1,1,1,1,1,-1,1,-1,-1,1,1,-1,1,1,-1,1,1,1,1,-1,1,-1,1,1,-1,-1,-1,1,-1,-1,1,1,-1,-1,1,1,-1,1,-1,1,-1,1,-1,-1,1,-2668.0,1,2000,445,1500,True
1520,-1,-1,1,1,1,1,-1,1,-1,-1,-1,1,-1,1,-1,-1,1,-1,1,1,-1,1,-1,-1,-1,1,-1,-1,-1,-1,-1,-1,1,1,-1,1,1,-1,-1,-1,1,-1,1,-1,-1,-1,1,1,-1,-1,-1,-1,1,1,1,-1,-1,1,-1,-1,1,1,1,1,-1,1,-1,1,1,-1,1,-1,-1,-1,1,-1,-1,1,-1,-1,-1,1,1,-1,-1,-1,-1,1,1,1,-1,-1,-1,1,-1,1,-1,1,-1,1,1,1,1,-1,1,-1,-1,1,1,1,-1,1,-1,-1,1,1,1,-1,1,-1,-1,1,1,1,-1,1,-1,-1,1,1,-1,-1,1,-1,-1,1,1,1,-1,-1,-1,-1,1,1,1,-1,1,-1,-1,-1,1,1,-1,-1,1,-1,1,1,1,-1,1,-1,-1,-1,1,1,-1,1,1,-1,1,1,1,-1,1,-1,-1,1,1,-1,1,-1,1,-1,1,1,-1,1,1,-1,-1,-1,1,1,1,1,1,-1,1,1,-1,1,1,1,-1,1,1,1,-1,1,1,-1,1,1,1,1,1,1,-1,1,1,-1,-1,1,1,1,-1,1,-1,-1,1,1,-1,-1,1,-1,-1,1,1,-1,-1,1,-1,1,1,1,1,-1,1,-1,-1,1,1,-1,1,1,-1,1,1,1,-1,-1,1,-1,1,-1,1,1,1,1,-1,1,-1,1,1,1,1,-1,1,-1,1,1,1,1,1,-1,1,1,1,-1,1,-1,-1,1,1,-1,1,1,1,-1,-1,1,1,-1,1,-1,1,-1,1,1,1,1,-1,-1,-1,1,1,1,1,-1,1,-1,1,-1,1,1,1,1,-1,1,1,1,1,1,-1,-1,1,1,1,1,-1,1,-1,1,1,-1,1,1,-1,1,1,1,1,-1,1,-1,-1,1,1,-1,1,1,1,1,1,1,1,1,1,1,1,-1,1,1,1,1,1,1,-1,1,1,-1,1,1,1,-1,1,-1,-1,1,-1,1,1,-1,1,-1,1,1,1,1,-1,1,-1,1,1,-1,-1,-1,1,1,-1,-1,1,1,-1,1,-1,1,-1,1,-1,1,1,-1,1,1,1,-1,1,1,-1,1,-1,1,-1,-1,1,-1,1,1,1,1,-1,1,1,-1,1,1,-1,-1,1,-1,-1,1,-1,1,-1,-1,1,-1,1,1,-1,-1,1,1,-1,1,-1,1,-1,-1,1,-1,1,-1,-1,-1,-1,1,-1,-1,1,1,-1,-1,1,-1,1,1,-1,1,-1,1,-1,1,-1,1,-1,-1,-1,-1,1,-1,-1,1,-1,1,-1,1,-1,1,-1,-1,-1,1,1,-1,1,-1,-1,-1,-1,1,-1,-1,-1,-1,-1,1,-1,1,1,-1,1,-1,-1,1,-1,-1,1,-1,-1,-1,1,-1,1,-1,1,-1,-1,1,-1,1,-1,1,-1,-1,1,-1,1,1,1,-1,-1,-1,1,1,-1,1,-1,1,-1,1,1,1,-1,1,1,-1,1,1,1,1,1,1,1,-1,1,1,-1,1,-1,1,1,-1,1,-1,-1,1,-1,-1,1,-1,-1,-1,1,1,-1,1,1,-1,-1,1,1,-1,-1,1,-1,-1,-1,-1,-1,1,1,-1,-1,-1,-1,-1,1,1,-1,-1,1,1,1,-1,1,-1,1,1,1,-1,1,1,-1,1,-1,1,-1,-1,1,1,-1,1,1,1,1,1,1,-1,-1,1,-1,1,1,1,-1,-1,1,-1,1,1,-1,-1,1,1,-1,1,1,-1,1,1,-1,1,1,1,1,-1,1,1,-1,1,1,-1,1,1,1,1,1,1,1,-1,-1,1,1,1,1,1,-1,1,1,-1,1,1,1,-1,-1,1,1,1,-1,1,-1,-1,1,1,1,1,1,1,-1,-1,1,1,1,1,-1,-1,1,1,1,1,-1,1,-1,1,-1,1,-1,-1,1,-1,1,-1,1,1,-1,1,-1,1,1,1,-1,1,-1,-1,1,-1,-1,1,-1,1,-1,1,-1,1,-1,1,-1,-1,1,-1,1,-1,1,-1,-1,1,-1,1,-1,1,-1,-1,1,-1,1,-1,-1,-1,-1,1,1,1,-1,1,1,-1,1,1,1,1,-1,-1,1,-1,1,1,-1,-1,-1,-1,-1,1,1,-1,1,-1,1,-1,1,1,1,-1,-1,1,-1,1,1,-1,-1,-1,-1,1,-1,-1,1,-1,-1,1,-1,1,1,-1,-1,-1,1,-1,1,1,-1,-1,-1,1,1,1,1,-1,1,-1,1,-1,1,1,-1,-1,-1,1,1,1,1,-1,-1,-1,1,-1,1,1,-1,1,-1,-1,1,1,1,-1,-1,-1,-1,-1,1,-1,-1,-1,1,-1,1,1,-1,-1,-1,-1,-1,1,1,1,-1,-1,1,-1,1,1,-1,1,-1,-1,1,1,1,-1,-1,1,-1,-1,1,1,-1,-1,1,-1,-1,1,1,-1,1,-1,1,-1,1,1,-1,-1,1,1,-1,1,1,-1,-1,1,1,-1,1,1,-1,1,1,-1,-1,1,1,-1,-1,1,1,-1,1,-1,-1,-1,1,1,-1,-1,1,-1,1,-1,1,-1,1,1,-1,1,-1,1,-1,1,1,-1,1,1,1,-1,-1,-1,-1,1,1,-1,1,-1,1,-1,1,1,-1,1,-1,1,1,1,-1,-1,1,-1,1,1,-1,1,-1,-1,-1,-1,-1,1,-1,1,-1,-1,1,-1,1,-1,-1,-1,-1,1,-1,1,-1,-1,-1,-1,-1,1,1,-1,1,-1,-1,-1,-1,1,-1,1,-1,-1,1,-1,1,1,1,1,-1,-1,1,1,-1,-1,1,1,1,1,1,-1,1,-1,-1,1,1,-1,-1,1,-1,-1,-1,-1,1,-1,1,-1,1,1,1,-1,-1,1,-1,1,-1,-1,-1,-1,1,-1,1,1,1,-1,1,1,-1,1,1,1,1,-1,1,-1,1,1,1,1,-1,1,-1,1,1,1,1,-1,1,-1,1,1,1,1,-1,1,-1,1,1,1,-1,-1,1,-1,-1,1,1,-1,-1,-1,1,-1,1,-1,1,-1,1,-1,-1,1,-2668.0,1,2000,445,1500,True
1521,1,1,-1,-1,1,-1,-1,1,1,1,1,-1,1,1,1,1,-1,1,-1,-1,-1,1,1,1,1,-1,-1,-1,1,1,1,1,1,-1,-1,1,-1,1,1,-1,-1,-1,1,1,1,1,1,-1,1,1,1,1,-1,1,-1,-1,1,-1,1,1,1,-1,-1,1,1,1,1,1,-1,-1,1,1,1,1,1,-1,-1,-1,1,1,1,-1,-1,-1,1,1,1,1,-1,-1,-1,1,1,1,1,-1,-1,1,1,-1,1,1,-1,-1,1,1,1,1,1,-1,-1,-1,1,1,1,1,-1,-1,1,1,1,1,1,1,-1,-1,1,1,-1,1,1,-1,1,1,1,1,1,1,-1,1,1,1,1,1,1,-1,1,1,1,1,1,1,-1,-1,-1,1,1,1,1,-1,1,-1,1,1,-1,1,-1,1,-1,1,1,1,-1,-1,1,1,1,1,1,-1,1,-1,-1,1,-1,1,-1,1,1,1,1,1,1,1,1,1,-1,1,-1,1,-1,1,1,-1,1,-1,1,1,-1,1,-1,1,-1,1,-1,1,1,-1,1,-1,1,1,1,1,-1,-1,1,1,-1,-1,1,-1,1,-1,-1,1,-1,1,-1,1,-1,1,-1,1,1,-1,-1,-1,1,1,-1,1,-1,1,1,1,-1,1,-1,-1,1,-1,1,-1,1,1,1,-1,1,1,-1,1,-1,-1,-1,1,1,-1,1,-1,-1,-1,1,1,-1,-1,1,1,-1,-1,1,1,-1,1,1,-1,1,1,1,1,-1,1,-1,1,1,-1,1,-1,1,1,-1,1,1,1,1,1,-1,-1,1,-1,-1,-1,1,1,-1,1,1,1,-1,1,-1,-1,1,1,1,-1,1,-1,1,1,1,-1,1,1,-1,1,1,1,-1,1,1,-1,-1,1,1,1,-1,1,-1,1,1,1,-1,1,1,-1,1,1,1,-1,1,-1,-1,1,1,1,-1,1,-1,-1,-1,1,1,-1,1,-1,-1,1,-1,1,-1,1,1,-1,-1,1,1,1,-1,1,-1,-1,1,1,-1,1,-1,-1,-1,-1,-1,-1,1,1,-1,-1,1,1,-1,1,-1,1,-1,1,1,1,1,-1,-1,1,1,1,-1,1,-1,-1,-1,-1,1,1,1,1,-1,-1,1,1,1,1,-1,-1,1,-1,-1,1,-1,1,-1,-1,1,-1,1,1,-1,-1,1,1,-1,1,-1,1,-1,-1,1,-1,1,1,-1,-1,-1,1,-1,-1,1,1,-1,-1,1,-1,1,1,-1,1,-1,1,-1,-1,1,1,-1,-1,1,-1,1,1,-1,-1,1,1,-1,1,-1,1,-1,1,-1,-1,1,-1,1,-1,1,-1,-1,1,-1,-1,-1,1,-1,-1,1,1,1,-1,1,-1,-1,1,-1,-1,1,-1,1,-1,1,-1,1,-1,1,1,-1,-1,-1,1,-1,1,-1,-1,1,-1,1,1,1,1,-1,-1,1,1,-1,1,1,-1,-1,1,1,1,-1,1,1,-1,1,1,1,1,1,-1,1,-1,-1,1,1,-1,-1,1,-1,-1,1,1,-1,1,-1,-1,-1,1,1,-1,1,1,-1,1,-1,1,-1,1,1,-1,-1,-1,1,-1,-1,-1,-1,-1,-1,1,-1,-1,-1,-1,-1,-1,1,-1,1,1,1,1,-1,1,-1,1,1,-1,-1,-1,1,-1,-1,1,-1,-1,-1,-1,1,1,1,1,-1,-1,1,1,1,1,-1,-1,-1,-1,1,1,1,-1,-1,-1,1,1,1,1,-1,-1,-1,1,-1,1,-1,1,1,-1,-1,1,1,1,-1,-1,-1,-1,1,1,1,1,-1,-1,-1,1,1,1,1,1,-1,-1,1,-1,1,-1,-1,-1,1,1,1,1,1,-1,-1,-1,1,1,1,1,-1,-1,-1,1,1,-1,1,-1,-1,-1,1,1,1,1,-1,-1,1,1,1,1,-1,-1,1,1,-1,1,1,-1,-1,-1,1,1,1,1,1,-1,1,1,1,1,1,-1,-1,-1,1,-1,1,-1,-1,-1,-1,1,-1,1,1,-1,-1,-1,1,-1,1,1,-1,-1,-1,1,1,1,1,-1,-1,-1,1,-1,1,1,-1,-1,-1,1,1,-1,-1,-1,-1,-1,1,-1,1,-1,-1,-1,-1,-1,-1,-1,1,-1,-1,-1,1,-1,-1,1,-1,-1,-1,-1,-1,-1,1,-1,-1,-1,-1,-1,1,-1,-1,-1,1,-1,-1,1,-1,1,-1,-1,-1,-1,-1,-1,-1,1,-1,-1,-1,1,1,1,-1,-1,1,-1,-1,-1,-1,-1,1,-1,-1,1,1,1,-1,-1,-1,-1,1,-1,1,1,-1,1,-1,-1,1,1,-1,-1,-1,-1,-1,-1,1,1,-1,-1,1,-1,1,1,-1,-1,-1,1,-1,1,1,-1,-1,1,-1,-1,1,1,1,-1,1,-1,1,1,1,-1,-1,1,-1,-1,1,1,1,-1,1,-1,-1,1,1,-1,1,1,-1,-1,1,1,1,1,1,-1,-1,1,1,-1,1,1,-1,-1,1,1,1,1,1,1,-1,-1,1,1,-1,1,-1,-1,1,-1,1,1,1,1,-1,-1,1,-1,1,1,1,-1,1,1,1,1,-1,1,-1,1,1,1,1,1,1,1,-1,1,1,1,1,-1,1,-1,1,1,1,1,1,-1,1,1,1,1,-1,1,1,-1,1,1,-1,1,1,-1,-1,1,1,1,1,-1,1,-1,1,1,1,-1,-1,1,-1,1,1,1,-1,1,-1,-1,-1,1,1,-1,-1,1,-1,-1,1,1,1,-1,1,-1,-1,1,1,1,-1,1,-1,-1,1,1,-1,-1,-1,1,-1,-1,1,-1,1,1,-1,1,1,-1,-1,1,1,-1,-1,1,1,-1,1,1,-1,1,1,-1,-1,-1,-1,1,-1,-1,-1,-1,1,-1,-1,1,1,-1,1,1,-1,1,1,1,1,-1,1,-1,1,1,1,-1,-1,1,-1,-1,1,1,-1,1,1,-1,1,1,1,-1,-1,1,-1,1,1,1,1,-1,1,-1,-1,1,1,-1,-1,1,1,-1,1,-1,1,-1,1,-1,-1,1,-2668.0,1,2000,445,0,False
1522,1,1,-1,-1,1,1,-1,-1,1,1,1,-1,1,1,1,1,-1,1,-1,-1,-1,-1,1,1,1,-1,1,-1,1,1,1,1,1,-1,-1,-1,1,1,1,1,-1,-1,-1,1,1,1,1,-1,1,1,1,1,-1,1,-1,-1,1,-1,1,1,1,-1,-1,-1,1,1,1,1,-1,-1,-1,1,1,1,1,-1,-1,-1,1,1,1,-1,-1,-1,1,1,1,1,-1,-1,-1,1,1,1,1,-1,-1,1,1,-1,1,1,-1,-1,1,1,1,1,1,-1,-1,-1,1,1,1,1,-1,-1,1,1,1,1,1,1,-1,-1,1,1,-1,1,1,-1,1,1,1,1,1,1,-1,1,1,1,-1,1,1,-1,1,1,1,1,1,1,-1,-1,-1,1,-1,1,1,-1,1,1,1,1,-1,1,-1,1,-1,1,1,1,-1,-1,1,1,1,-1,1,-1,1,-1,-1,1,1,1,-1,1,1,1,1,-1,1,1,1,1,-1,1,-1,1,-1,1,1,-1,1,-1,1,1,-1,1,-1,1,-1,1,-1,1,1,-1,1,-1,1,1,1,1,-1,-1,1,1,-1,-1,1,-1,1,1,-1,1,-1,1,-1,1,-1,1,-1,1,1,-1,1,1,1,1,-1,1,-1,1,1,1,-1,1,1,-1,1,-1,1,-1,1,-1,1,-1,1,1,-1,1,-1,-1,-1,1,1,-1,1,-1,-1,-1,-1,1,-1,-1,1,1,-1,-1,1,1,-1,1,1,-1,1,1,1,1,-1,1,-1,1,1,-1,1,-1,1,1,-1,1,1,1,1,1,-1,-1,1,-1,-1,-1,1,1,-1,1,1,1,-1,1,-1,-1,1,1,1,1,1,-1,1,1,1,-1,-1,1,-1,1,1,1,-1,1,1,-1,1,-1,1,1,-1,1,-1,1,1,1,-1,1,1,-1,1,1,1,-1,1,-1,-1,1,1,1,-1,1,-1,-1,1,1,1,-1,1,-1,-1,-1,-1,1,-1,1,1,-1,1,1,1,1,-1,1,-1,-1,-1,1,-1,1,-1,-1,1,-1,-1,-1,1,1,-1,1,-1,1,-1,1,-1,1,-1,1,1,1,1,-1,1,-1,1,1,-1,1,-1,-1,-1,-1,1,1,1,1,-1,-1,1,1,1,1,-1,-1,1,-1,-1,1,-1,1,-1,1,-1,1,1,1,-1,-1,1,1,-1,1,-1,1,-1,-1,1,-1,1,1,-1,-1,-1,1,-1,-1,1,1,-1,-1,1,-1,1,1,-1,1,-1,1,-1,-1,1,1,-1,1,1,-1,1,1,-1,-1,1,1,-1,1,-1,1,-1,1,-1,-1,1,-1,1,-1,1,-1,-1,1,-1,-1,-1,1,-1,-1,1,-1,1,-1,1,-1,-1,1,-1,-1,1,-1,1,-1,1,1,1,-1,1,1,-1,-1,1,1,-1,1,-1,-1,1,-1,1,1,1,1,-1,-1,1,1,-1,1,1,-1,-1,1,1,1,1,1,1,-1,1,1,1,-1,-1,1,1,-1,-1,-1,1,-1,-1,1,-1,1,-1,1,-1,1,-1,-1,-1,1,1,-1,1,1,-1,-1,-1,1,-1,1,1,-1,1,-1,1,-1,-1,-1,-1,-1,-1,1,-1,-1,-1,-1,-1,-1,1,-1,1,1,1,1,-1,1,-1,1,1,-1,-1,-1,1,-1,-1,1,-1,1,-1,-1,1,1,1,1,-1,-1,1,1,1,1,-1,1,-1,-1,1,1,1,-1,-1,-1,-1,1,1,1,-1,-1,-1,1,-1,1,-1,1,-1,-1,-1,1,1,1,-1,-1,-1,-1,1,1,1,1,-1,-1,-1,1,1,1,1,-1,-1,-1,1,-1,1,-1,-1,-1,-1,1,1,1,1,-1,1,-1,1,-1,1,1,-1,-1,-1,1,1,-1,1,-1,-1,-1,1,1,1,1,-1,-1,1,-1,1,-1,1,-1,1,1,-1,1,1,-1,-1,-1,1,1,-1,1,1,-1,1,1,1,-1,1,1,-1,-1,1,-1,1,-1,-1,-1,1,-1,1,-1,1,-1,-1,-1,-1,-1,-1,1,-1,-1,1,1,1,-1,-1,1,-1,1,-1,-1,-1,-1,-1,-1,-1,1,1,1,-1,-1,-1,-1,1,-1,1,-1,-1,-1,-1,-1,-1,-1,1,-1,-1,-1,1,-1,-1,1,-1,-1,-1,-1,-1,1,1,-1,-1,-1,-1,-1,1,-1,-1,-1,1,-1,-1,1,-1,1,-1,-1,-1,-1,-1,-1,-1,1,-1,-1,-1,1,1,1,-1,-1,1,-1,1,-1,-1,-1,1,-1,-1,1,-1,1,-1,-1,-1,-1,1,-1,1,1,-1,1,-1,-1,1,1,-1,-1,-1,-1,-1,-1,1,1,-1,-1,1,-1,1,1,-1,-1,-1,1,-1,1,1,-1,-1,1,-1,-1,1,1,1,-1,1,-1,1,1,1,-1,-1,1,-1,-1,1,1,1,-1,1,-1,-1,1,1,-1,1,1,-1,-1,1,1,-1,1,1,-1,-1,1,1,1,1,1,-1,-1,1,1,1,1,1,1,-1,-1,1,1,1,1,-1,-1,1,-1,1,1,1,1,-1,-1,1,-1,1,1,1,-1,1,1,1,1,-1,1,-1,1,1,1,1,1,1,1,-1,1,1,1,1,-1,1,-1,1,1,1,1,1,-1,1,1,1,1,-1,1,1,-1,1,1,-1,1,1,-1,-1,1,1,1,1,-1,1,-1,1,1,1,-1,-1,1,-1,1,1,1,-1,1,-1,-1,-1,1,1,-1,-1,1,-1,-1,1,1,-1,-1,1,-1,-1,-1,1,1,-1,1,-1,-1,1,1,-1,-1,-1,1,-1,-1,1,-1,1,1,-1,1,1,-1,-1,1,1,-1,-1,1,1,-1,1,1,-1,1,1,-1,-1,-1,-1,1,-1,-1,-1,-1,1,-1,-1,1,1,-1,1,1,-1,1,1,1,1,-1,1,-1,1,1,1,-1,-1,1,-1,-1,-1,1,-1,-1,1,-1,1,1,1,-1,-1,1,-1,1,1,1,1,-1,1,-1,-1,1,1,-1,-1,-1,1,-1,1,1,1,-1,1,-1,-1,1,-2668.0,1,2000,445,0,False
1523,1,1,-1,-1,1,-1,-1,-1,1,1,1,-1,1,1,1,1,-1,1,-1,-1,1,1,1,1,1,-1,-1,-1,1,1,1,1,-1,-1,-1,-1,1,1,1,1,-1,-1,-1,1,1,1,1,-1,1,1,1,1,-1,1,-1,-1,1,-1,1,1,1,-1,-1,1,1,1,1,1,-1,1,1,1,1,1,1,-1,-1,-1,1,1,1,-1,-1,-1,1,1,1,1,-1,1,-1,1,1,1,1,-1,-1,1,1,-1,1,1,-1,-1,1,1,1,1,1,-1,-1,1,1,1,1,1,-1,-1,1,1,1,1,1,1,-1,1,1,1,-1,1,1,-1,1,1,1,1,1,1,-1,-1,1,1,1,1,1,-1,1,1,1,1,1,1,-1,-1,-1,1,1,1,1,-1,1,-1,1,1,-1,1,-1,1,-1,1,1,1,-1,-1,1,1,1,1,1,-1,1,-1,-1,1,-1,1,-1,1,1,1,1,1,1,1,1,1,-1,1,-1,1,-1,1,1,-1,1,-1,1,1,-1,1,-1,1,-1,1,-1,1,1,-1,1,-1,1,1,1,1,-1,-1,1,1,-1,-1,1,-1,1,-1,-1,1,-1,1,-1,1,-1,1,-1,1,1,-1,-1,-1,1,1,-1,1,-1,1,1,1,-1,1,1,-1,1,-1,1,-1,1,-1,1,-1,1,1,-1,1,-1,-1,-1,1,1,-1,1,-1,-1,-1,1,1,-1,-1,1,1,-1,-1,1,1,-1,1,1,-1,1,1,1,1,-1,1,-1,1,1,-1,1,-1,1,1,-1,1,1,1,1,1,-1,-1,1,-1,-1,-1,1,1,-1,1,1,1,-1,1,-1,-1,1,1,1,1,1,-1,1,1,1,-1,-1,1,-1,1,1,1,-1,1,1,-1,-1,1,1,1,-1,1,-1,1,1,1,-1,1,1,-1,1,1,1,-1,1,-1,-1,1,1,1,-1,1,-1,-1,-1,1,1,-1,1,-1,-1,1,-1,1,-1,1,1,-1,-1,1,1,1,-1,1,-1,-1,1,1,-1,1,-1,-1,-1,-1,-1,-1,1,1,-1,-1,1,1,-1,1,-1,1,-1,1,1,1,1,1,-1,1,1,1,-1,1,-1,-1,-1,-1,1,1,1,1,-1,-1,1,1,1,1,-1,-1,1,-1,-1,1,-1,1,-1,-1,1,-1,1,1,-1,-1,1,1,-1,1,-1,1,-1,-1,1,-1,1,1,-1,-1,-1,1,-1,-1,1,1,-1,-1,1,-1,1,1,-1,1,-1,1,-1,-1,1,1,-1,-1,1,-1,1,1,-1,-1,1,1,-1,1,-1,1,-1,1,-1,-1,1,-1,1,-1,1,-1,-1,1,-1,-1,-1,1,-1,-1,1,-1,1,-1,1,-1,-1,1,-1,-1,1,-1,1,-1,1,1,1,-1,1,1,-1,-1,1,1,-1,1,-1,-1,1,-1,1,1,1,1,-1,-1,1,1,-1,1,1,-1,-1,1,1,1,-1,1,1,-1,1,1,1,1,-1,1,1,-1,-1,-1,1,-1,-1,1,-1,-1,1,1,-1,1,-1,-1,-1,1,1,-1,1,1,-1,-1,-1,1,-1,1,1,-1,-1,-1,1,-1,-1,-1,-1,1,-1,1,-1,-1,-1,-1,-1,-1,1,-1,1,1,1,1,-1,1,-1,1,1,-1,-1,-1,1,-1,-1,1,-1,1,-1,-1,1,1,1,1,-1,-1,1,1,1,1,-1,1,-1,-1,1,1,1,-1,-1,-1,1,1,1,1,-1,-1,-1,1,-1,1,-1,1,-1,-1,-1,1,1,1,-1,-1,-1,-1,1,1,1,1,-1,-1,-1,1,1,1,1,-1,-1,-1,1,-1,1,-1,-1,-1,1,1,1,1,1,-1,-1,-1,1,1,1,1,-1,-1,-1,1,1,-1,1,-1,-1,-1,1,1,1,1,-1,-1,1,1,1,1,-1,-1,1,1,-1,1,1,-1,-1,-1,1,1,1,1,1,-1,1,1,1,1,1,-1,-1,-1,1,-1,1,-1,-1,-1,-1,1,-1,1,1,-1,-1,-1,1,-1,1,1,-1,-1,-1,1,1,1,1,-1,-1,-1,1,-1,1,1,-1,-1,-1,1,1,-1,-1,-1,-1,-1,1,-1,1,-1,-1,-1,-1,-1,-1,-1,1,-1,-1,-1,1,-1,-1,1,-1,-1,-1,-1,-1,-1,1,-1,-1,-1,-1,-1,1,-1,-1,-1,1,-1,-1,1,-1,1,-1,-1,-1,-1,-1,-1,-1,1,-1,-1,-1,1,1,1,-1,-1,1,1,-1,-1,-1,-1,1,-1,-1,1,1,1,-1,-1,-1,-1,1,-1,1,1,-1,1,-1,-1,1,1,-1,-1,-1,-1,-1,-1,1,1,-1,-1,1,-1,1,1,-1,-1,-1,1,-1,1,1,-1,-1,1,-1,-1,1,1,1,-1,1,-1,1,1,1,-1,-1,1,-1,-1,1,1,1,-1,1,-1,-1,1,1,-1,1,1,-1,-1,1,1,-1,1,1,-1,-1,1,1,-1,1,1,-1,-1,1,1,1,1,1,1,-1,-1,1,1,1,1,-1,-1,1,-1,1,1,1,1,-1,-1,1,-1,1,1,1,-1,1,1,1,1,-1,1,-1,1,1,1,1,1,1,1,-1,1,1,1,1,-1,1,-1,1,1,1,1,1,-1,1,1,1,1,-1,1,1,-1,1,1,-1,1,1,-1,-1,1,1,1,1,-1,1,-1,1,1,1,-1,-1,1,-1,1,1,1,-1,1,-1,-1,-1,1,1,-1,-1,1,-1,-1,1,1,-1,-1,1,-1,-1,1,1,1,-1,-1,-1,-1,1,1,-1,-1,-1,1,-1,-1,1,-1,1,1,-1,1,1,-1,-1,1,-1,-1,-1,-1,1,-1,1,1,-1,1,1,-1,-1,1,-1,1,-1,-1,-1,-1,1,-1,-1,1,1,-1,1,1,-1,1,1,1,1,-1,1,-1,1,1,1,1,-1,1,-1,-1,-1,1,1,-1,1,-1,1,1,1,1,-1,1,-1,1,1,-1,-1,-1,1,-1,-1,1,1,-1,-1,-1,1,-1,1,-1,1,-1,1,-1,-1,1,-2668.0,1,2000,445,0,False
1524,-1,-1,1,1,1,1,-1,1,-1,-1,-1,1,-1,1,-1,-1,1,-1,1,1,1,-1,-1,-1,-1,1,-1,-1,-1,-1,-1,-1,1,1,-1,-1,1,-1,-1,-1,1,-1,-1,-1,-1,-1,-1,-1,1,1,-1,-1,1,-1,1,-1,-1,1,-1,-1,-1,1,1,1,-1,-1,-1,-1,-1,-1,-1,1,-1,-1,-1,-1,1,-1,1,-1,-1,1,1,-1,1,-1,-1,1,-1,1,-1,-1,-1,-1,-1,-1,1,1,1,1,-1,-1,-1,-1,1,1,-1,-1,-1,-1,-1,1,1,1,-1,-1,-1,-1,1,1,-1,-1,-1,-1,-1,1,1,-1,1,-1,-1,-1,1,1,-1,1,-1,-1,-1,1,1,-1,1,-1,-1,-1,-1,1,1,-1,-1,-1,-1,1,-1,1,-1,1,-1,-1,1,1,1,1,-1,-1,1,1,-1,1,-1,-1,-1,-1,1,1,-1,1,-1,-1,1,-1,-1,1,-1,-1,-1,1,1,1,1,1,-1,-1,1,1,-1,1,1,-1,-1,1,1,-1,1,1,-1,-1,-1,1,-1,1,1,-1,-1,1,1,-1,1,1,-1,1,1,1,-1,-1,1,1,-1,-1,1,-1,1,1,-1,1,-1,1,-1,1,1,-1,1,1,1,-1,-1,1,-1,-1,1,1,-1,1,-1,1,1,1,1,-1,1,1,-1,1,1,-1,1,-1,-1,-1,1,1,-1,-1,1,-1,-1,1,1,-1,-1,-1,1,-1,1,1,1,1,-1,1,-1,1,1,1,1,-1,-1,-1,-1,1,-1,1,-1,-1,-1,1,-1,-1,1,1,1,-1,-1,1,1,1,-1,-1,-1,1,1,-1,1,1,-1,-1,1,1,-1,1,-1,-1,-1,1,1,-1,1,-1,-1,-1,1,-1,-1,1,-1,-1,1,-1,-1,1,1,-1,1,1,-1,1,-1,1,-1,1,1,1,-1,1,1,-1,-1,1,1,-1,1,-1,-1,-1,1,1,-1,1,-1,-1,1,-1,1,-1,1,-1,-1,1,-1,1,-1,1,1,-1,1,-1,1,1,1,1,-1,-1,1,1,-1,1,-1,-1,1,1,-1,-1,1,1,-1,1,-1,1,-1,1,-1,1,1,-1,1,1,1,-1,1,1,-1,1,-1,1,-1,-1,1,-1,1,1,1,1,-1,1,1,1,1,1,-1,-1,1,-1,-1,1,-1,1,-1,-1,1,-1,1,1,-1,-1,-1,1,-1,1,-1,1,-1,-1,1,-1,1,1,-1,-1,-1,1,-1,-1,1,1,-1,-1,1,-1,1,1,-1,1,-1,1,-1,-1,1,1,-1,-1,-1,-1,1,1,-1,1,-1,1,-1,1,-1,1,-1,-1,-1,-1,1,-1,1,-1,-1,-1,-1,1,-1,-1,-1,-1,-1,-1,1,-1,1,-1,1,-1,-1,1,-1,-1,1,-1,-1,-1,1,1,1,-1,1,-1,-1,-1,-1,1,-1,1,-1,-1,1,-1,1,1,1,-1,-1,-1,1,1,-1,1,-1,1,-1,1,1,1,-1,1,1,-1,1,1,1,1,1,-1,1,-1,-1,-1,1,-1,-1,1,1,1,-1,1,-1,1,-1,-1,-1,1,1,-1,1,1,-1,1,-1,1,-1,1,1,-1,1,-1,1,-1,-1,-1,-1,1,-1,1,-1,-1,-1,-1,1,-1,1,-1,1,1,1,1,-1,1,-1,1,1,-1,1,-1,1,-1,-1,1,-1,1,-1,-1,1,1,1,1,1,-1,1,1,1,1,-1,1,-1,-1,1,1,1,-1,-1,-1,1,1,1,1,-1,-1,-1,1,-1,1,-1,1,1,-1,-1,1,1,1,-1,1,-1,-1,1,1,1,1,1,1,-1,1,1,1,1,-1,1,-1,1,-1,1,-1,1,1,-1,1,1,1,1,1,1,-1,1,-1,1,1,1,1,-1,1,1,-1,1,1,1,-1,1,1,1,1,1,1,-1,1,1,-1,-1,1,-1,-1,1,1,1,-1,1,-1,-1,1,-1,-1,1,1,-1,-1,1,-1,1,-1,1,1,-1,1,-1,1,-1,1,-1,-1,1,-1,1,1,1,1,-1,1,-1,1,-1,1,1,-1,1,-1,1,-1,1,1,-1,1,1,1,1,1,-1,1,1,-1,1,1,1,1,-1,1,-1,1,-1,1,1,-1,1,1,-1,1,1,1,-1,1,1,-1,1,1,1,1,1,-1,-1,1,1,1,1,1,-1,1,-1,1,1,1,1,1,-1,1,1,1,1,1,1,-1,1,-1,1,1,1,1,1,1,1,1,1,1,1,-1,1,1,-1,1,1,-1,1,1,1,1,1,1,1,-1,1,1,1,1,1,-1,1,1,1,1,1,1,-1,-1,1,-1,1,1,1,-1,1,1,1,1,1,-1,-1,1,1,1,1,1,1,-1,1,1,-1,1,1,-1,1,1,1,1,1,1,-1,-1,1,1,1,1,-1,1,-1,1,1,1,1,-1,-1,-1,1,1,1,1,-1,1,-1,1,1,1,1,1,-1,-1,1,1,-1,1,1,-1,-1,-1,1,-1,1,-1,-1,-1,1,-1,-1,1,1,-1,-1,-1,1,-1,1,1,-1,-1,1,1,-1,1,1,-1,1,1,1,-1,1,1,-1,1,-1,1,1,1,1,-1,1,-1,1,1,1,-1,1,-1,1,1,1,1,-1,1,1,-1,1,1,-1,1,1,-1,-1,1,-1,1,1,-1,1,-1,1,-1,1,-1,-1,1,-1,1,-1,1,-1,1,-1,-1,-1,1,1,-1,1,1,-1,-1,-1,1,-1,-1,1,-1,-1,-1,1,1,-1,1,-1,-1,1,-1,-1,-1,-1,1,-1,1,-1,-1,1,1,-1,1,1,-1,-1,1,-1,-1,-1,-1,1,-1,1,1,-1,1,-1,1,-1,-1,-1,1,-1,-1,-1,-1,1,-1,-1,1,1,-1,1,1,-1,1,1,-1,-1,-1,1,-1,1,1,1,1,-1,1,-1,-1,1,1,-1,-1,1,-1,1,1,1,1,-1,1,-1,1,1,-1,-1,-1,1,-1,-1,1,1,-1,-1,-1,1,-1,1,-1,1,-1,1,-1,-1,1,-2668.0,1,2000,445,1500,True
1525,-1,-1,1,1,1,1,-1,1,-1,-1,1,-1,-1,1,-1,-1,1,-1,1,-1,1,-1,-1,-1,-1,1,-1,-1,-1,-1,-1,-1,1,-1,-1,-1,1,-1,-1,1,-1,-1,-1,-1,-1,-1,-1,-1,1,1,-1,-1,1,1,-1,-1,-1,1,-1,-1,1,-1,-1,1,-1,-1,-1,-1,-1,-1,-1,1,-1,-1,1,-1,-1,-1,1,-1,-1,-1,-1,-1,1,-1,-1,1,-1,-1,-1,-1,1,-1,1,-1,-1,1,1,1,-1,1,-1,-1,1,1,1,-1,1,-1,-1,1,1,1,-1,1,-1,-1,1,1,1,-1,1,1,-1,-1,1,1,-1,1,-1,-1,1,1,1,-1,1,1,-1,-1,1,1,-1,1,1,-1,1,1,1,1,1,1,-1,-1,-1,1,1,1,1,-1,1,1,1,-1,1,1,-1,1,-1,1,1,1,-1,-1,1,1,1,-1,1,-1,1,-1,-1,1,1,1,-1,1,1,1,1,-1,1,1,1,1,1,1,-1,1,-1,1,1,-1,1,-1,1,-1,-1,1,-1,1,-1,1,-1,1,1,-1,1,-1,1,1,1,1,-1,-1,1,1,-1,-1,1,-1,1,1,-1,1,-1,1,-1,1,-1,1,-1,1,1,-1,-1,1,1,-1,-1,1,-1,1,1,1,-1,1,1,-1,1,-1,1,-1,1,-1,1,-1,1,1,-1,1,-1,-1,-1,1,1,-1,1,-1,-1,-1,-1,1,1,-1,1,1,-1,-1,1,-1,-1,1,1,-1,1,1,1,-1,-1,1,-1,1,1,-1,1,-1,1,1,-1,1,-1,-1,-1,1,-1,-1,1,-1,1,-1,1,1,-1,1,1,1,-1,1,-1,-1,1,1,-1,-1,1,-1,-1,1,-1,1,-1,1,-1,-1,1,1,-1,1,1,-1,1,-1,1,-1,-1,1,-1,1,1,1,1,1,1,-1,1,1,1,1,1,-1,-1,1,1,1,1,1,-1,-1,1,-1,1,1,1,-1,-1,1,-1,1,-1,1,1,-1,1,-1,1,1,1,1,-1,-1,1,1,1,-1,-1,-1,1,1,-1,-1,1,-1,-1,1,-1,1,-1,1,-1,1,1,-1,1,1,1,-1,1,1,-1,1,-1,1,-1,-1,1,-1,1,1,1,1,-1,1,1,-1,1,1,-1,-1,1,-1,-1,1,-1,1,-1,-1,1,-1,-1,1,-1,-1,-1,1,-1,1,-1,1,-1,-1,1,-1,1,-1,-1,-1,-1,1,-1,-1,1,1,-1,-1,1,-1,1,1,-1,1,-1,1,-1,1,-1,1,-1,-1,-1,-1,-1,-1,-1,-1,-1,1,-1,1,-1,1,-1,-1,-1,1,1,-1,1,-1,-1,-1,-1,1,-1,-1,-1,-1,-1,1,-1,1,1,-1,-1,-1,-1,1,-1,-1,1,-1,-1,-1,-1,-1,1,-1,1,-1,-1,-1,-1,1,-1,-1,-1,-1,1,-1,1,1,1,-1,-1,-1,1,1,-1,1,-1,-1,-1,1,1,1,-1,1,1,-1,1,1,1,1,1,-1,1,-1,-1,-1,1,-1,1,1,-1,1,-1,1,-1,1,-1,-1,-1,1,1,-1,1,1,-1,1,-1,1,-1,1,1,-1,1,-1,1,-1,-1,-1,-1,1,-1,1,-1,-1,-1,-1,1,-1,1,-1,1,1,1,-1,-1,1,-1,1,1,-1,1,-1,1,-1,-1,1,-1,1,-1,-1,1,1,1,1,1,-1,1,1,1,1,-1,1,-1,-1,1,1,1,-1,-1,-1,1,1,1,1,-1,-1,-1,1,-1,1,-1,1,1,-1,-1,1,1,1,-1,-1,-1,-1,1,1,1,1,1,-1,-1,1,1,1,1,-1,-1,-1,1,-1,1,-1,1,-1,-1,1,1,1,1,1,-1,-1,1,-1,1,1,1,-1,-1,1,1,-1,1,1,-1,-1,1,1,1,1,1,-1,1,-1,1,-1,1,1,1,1,-1,1,1,1,1,-1,1,1,-1,1,1,1,1,1,1,-1,1,-1,1,-1,1,-1,-1,1,-1,1,1,-1,1,-1,1,1,1,1,-1,1,-1,1,1,1,1,1,1,-1,1,-1,1,1,-1,-1,-1,1,1,1,1,1,1,-1,1,1,1,1,1,-1,1,-1,1,1,1,-1,-1,-1,-1,1,1,-1,1,-1,1,-1,1,1,1,-1,-1,-1,-1,1,1,-1,-1,-1,-1,1,-1,1,-1,-1,-1,1,-1,1,1,-1,-1,-1,1,-1,1,1,-1,-1,-1,1,1,1,1,-1,1,-1,1,-1,1,1,-1,-1,-1,-1,1,1,1,-1,-1,-1,1,-1,1,1,-1,1,-1,-1,1,1,1,-1,-1,-1,-1,-1,1,-1,-1,-1,1,-1,1,1,-1,-1,-1,-1,-1,1,1,1,-1,1,1,-1,1,1,1,1,-1,-1,1,1,1,-1,-1,1,-1,-1,1,1,1,-1,1,-1,-1,1,1,1,1,1,1,-1,1,1,-1,1,1,1,-1,1,1,1,1,1,1,-1,1,1,1,1,1,-1,-1,1,1,-1,1,1,1,-1,1,-1,1,1,1,1,-1,-1,1,-1,1,1,1,-1,1,1,1,1,-1,1,-1,1,1,1,1,1,1,-1,-1,1,1,1,1,-1,1,-1,1,1,1,1,-1,1,-1,1,1,1,-1,-1,1,-1,1,1,-1,1,-1,-1,-1,1,1,1,-1,1,-1,-1,1,1,1,-1,-1,-1,-1,1,1,1,-1,-1,-1,-1,-1,1,1,-1,1,-1,-1,1,1,1,1,-1,1,-1,1,1,1,1,1,1,-1,-1,1,1,-1,-1,1,1,1,1,1,-1,1,-1,-1,1,1,-1,-1,1,-1,-1,-1,1,1,-1,1,1,1,1,1,-1,-1,1,-1,1,-1,-1,-1,-1,1,-1,1,1,1,-1,1,1,-1,1,1,1,1,-1,1,-1,1,1,1,1,-1,1,-1,1,1,1,1,-1,1,-1,1,1,1,1,-1,1,-1,1,1,-1,-1,-1,1,-1,-1,1,1,-1,-1,-1,1,-1,1,-1,1,-1,1,-1,-1,1,-2668.0,1,2000,445,1500,True
1526,-1,-1,1,1,1,1,-1,1,-1,-1,-1,-1,1,1,-1,-1,1,-1,1,-1,-1,-1,-1,-1,-1,1,-1,-1,-1,-1,-1,-1,1,-1,-1,-1,1,-1,-1,1,-1,-1,-1,-1,-1,-1,-1,-1,1,1,-1,-1,1,1,-1,-1,-1,1,-1,-1,1,-1,-1,1,-1,-1,-1,-1,-1,-1,-1,1,-1,-1,1,-1,-1,-1,1,-1,-1,-1,-1,-1,1,-1,-1,1,-1,-1,-1,-1,1,-1,1,-1,-1,1,1,1,-1,1,-1,-1,1,1,1,-1,1,-1,-1,1,1,1,-1,1,-1,-1,1,1,1,-1,1,1,-1,1,1,1,-1,1,1,-1,1,1,1,-1,1,1,-1,-1,1,1,-1,1,1,-1,1,1,1,1,1,1,-1,-1,-1,1,1,1,1,-1,1,1,1,-1,1,1,-1,1,-1,1,1,1,-1,-1,1,1,1,-1,1,-1,1,-1,-1,1,1,1,-1,1,1,1,1,-1,1,1,1,1,-1,1,-1,1,-1,1,1,-1,1,-1,1,1,-1,1,-1,1,-1,1,-1,1,1,-1,1,-1,1,1,1,1,-1,-1,1,1,-1,-1,1,-1,1,1,-1,1,-1,1,-1,1,-1,1,-1,1,1,-1,-1,1,1,1,-1,1,-1,1,1,1,-1,1,1,-1,1,-1,1,-1,1,-1,1,-1,1,1,-1,1,-1,-1,-1,1,1,-1,1,-1,-1,-1,-1,1,-1,-1,1,1,-1,-1,1,1,-1,1,1,-1,1,1,1,-1,-1,1,-1,1,1,-1,1,-1,1,1,-1,1,1,-1,-1,1,-1,-1,1,-1,1,-1,1,1,-1,1,1,1,-1,1,-1,-1,1,1,-1,-1,1,-1,1,1,1,1,-1,1,-1,-1,1,1,-1,1,1,-1,1,-1,1,-1,-1,1,-1,1,1,1,1,1,1,-1,1,1,1,1,1,-1,-1,1,1,1,1,1,-1,-1,1,1,1,1,1,-1,-1,-1,-1,1,-1,1,1,-1,1,1,1,1,1,1,-1,-1,-1,1,1,-1,-1,-1,1,-1,-1,-1,1,1,-1,1,-1,1,-1,1,-1,1,-1,1,1,1,1,-1,1,-1,1,1,-1,1,-1,-1,-1,-1,1,1,1,1,-1,-1,1,-1,1,1,-1,-1,1,-1,-1,1,-1,1,-1,1,-1,1,-1,1,-1,-1,1,1,-1,1,-1,1,-1,-1,1,-1,1,1,-1,-1,-1,1,-1,-1,1,1,-1,-1,1,-1,1,1,-1,1,-1,1,-1,1,1,1,-1,1,1,-1,1,1,-1,-1,1,1,-1,1,-1,1,-1,1,-1,1,1,-1,1,-1,1,-1,-1,1,-1,-1,-1,1,-1,-1,1,-1,1,-1,1,-1,-1,1,-1,-1,1,-1,1,-1,-1,1,1,-1,1,1,-1,-1,1,1,-1,1,-1,-1,-1,1,1,1,-1,1,-1,-1,1,1,-1,-1,1,-1,-1,1,1,1,1,1,1,-1,1,1,1,-1,-1,-1,1,-1,-1,-1,1,-1,-1,1,-1,1,-1,1,-1,1,-1,-1,-1,1,1,-1,1,1,-1,1,-1,1,-1,1,1,-1,1,-1,1,-1,-1,-1,-1,1,-1,1,-1,-1,-1,-1,1,-1,1,-1,1,1,1,-1,-1,1,-1,1,1,-1,1,-1,1,-1,-1,1,-1,1,-1,-1,1,1,1,1,1,-1,1,1,1,1,-1,1,-1,-1,1,1,1,-1,-1,-1,1,1,1,1,-1,-1,-1,1,-1,1,-1,1,1,-1,-1,1,1,1,-1,-1,-1,-1,1,1,1,1,1,-1,-1,1,1,1,1,-1,-1,-1,1,-1,1,-1,1,-1,-1,1,1,1,1,1,-1,-1,1,-1,1,-1,1,-1,-1,1,1,-1,1,1,-1,-1,1,1,1,1,1,-1,1,-1,1,-1,1,1,1,1,-1,1,1,-1,1,-1,1,1,-1,1,1,1,1,1,1,-1,1,1,1,-1,1,-1,1,-1,1,1,1,-1,1,-1,1,-1,1,1,-1,1,-1,1,-1,1,1,1,1,-1,-1,1,1,1,-1,-1,-1,-1,-1,1,1,1,1,1,-1,-1,1,1,1,-1,1,-1,-1,1,1,-1,-1,-1,1,-1,1,-1,1,-1,-1,1,-1,1,1,-1,-1,1,1,-1,1,-1,-1,-1,1,-1,-1,1,-1,-1,-1,1,-1,1,1,-1,-1,-1,-1,-1,-1,1,-1,-1,-1,1,1,-1,1,-1,1,-1,1,-1,-1,1,-1,-1,-1,1,-1,1,1,-1,-1,-1,1,-1,1,1,-1,1,-1,-1,1,1,1,-1,-1,-1,-1,-1,1,-1,-1,-1,1,-1,1,1,-1,-1,-1,1,-1,1,1,1,-1,1,-1,-1,1,1,1,-1,1,-1,1,1,1,-1,-1,1,-1,-1,1,1,1,-1,1,-1,-1,1,1,1,1,1,-1,-1,1,1,-1,1,1,-1,-1,1,1,1,1,1,-1,-1,1,1,1,1,1,1,-1,1,1,-1,1,1,-1,-1,1,-1,1,1,1,1,-1,-1,1,-1,1,1,1,-1,1,1,1,1,-1,1,-1,1,1,1,1,1,1,-1,-1,1,1,1,1,-1,1,-1,1,1,1,1,-1,1,-1,1,1,1,-1,-1,1,-1,1,1,-1,1,-1,-1,-1,1,1,1,-1,1,-1,-1,1,1,1,-1,-1,-1,-1,1,1,1,-1,-1,-1,-1,-1,1,1,-1,1,-1,-1,1,1,1,-1,1,-1,1,-1,1,1,1,1,1,-1,-1,1,1,-1,-1,1,1,-1,1,1,-1,1,-1,-1,1,1,-1,-1,1,-1,-1,-1,1,1,-1,1,1,-1,1,1,-1,-1,1,-1,1,-1,-1,-1,-1,1,-1,-1,1,1,-1,1,1,-1,1,1,1,1,-1,1,-1,1,1,1,1,-1,1,-1,-1,-1,1,1,-1,1,-1,1,1,1,1,-1,1,-1,1,1,1,-1,-1,1,-1,-1,1,1,-1,-1,-1,1,-1,1,-1,1,-1,1,-1,-1,1,-2668.0,1,2000,445,1500,True
1527,1,1,-1,-1,1,1,-1,-1,1,1,1,-1,1,1,-1,1,-1,1,1,-1,-1,1,1,1,1,1,-1,-1,1,1,1,1,-1,-1,-1,-1,1,1,1,1,-1,-1,-1,1,1,1,1,-1,1,1,1,1,-1,1,-1,-1,1,-1,1,1,1,-1,-1,1,1,1,1,1,-1,-1,1,1,1,1,1,-1,-1,-1,1,1,1,-1,-1,-1,1,1,1,1,-1,-1,1,1,1,1,1,-1,-1,-1,1,-1,1,1,-1,-1,1,1,1,1,1,-1,-1,-1,1,-1,1,1,-1,-1,1,1,1,1,1,1,-1,-1,1,1,-1,1,1,-1,1,1,1,1,1,1,-1,1,1,1,1,1,1,-1,1,1,1,1,1,1,-1,-1,-1,1,1,1,1,-1,1,-1,1,1,-1,1,-1,1,-1,1,1,1,-1,-1,1,1,1,1,1,-1,1,-1,-1,1,-1,1,-1,1,1,1,1,1,1,1,1,1,-1,1,-1,1,-1,1,1,-1,1,-1,1,1,-1,1,-1,1,-1,1,-1,1,1,-1,1,-1,1,1,1,1,-1,-1,1,1,-1,-1,1,-1,1,-1,-1,1,-1,1,-1,1,-1,1,-1,1,1,-1,-1,-1,1,1,-1,1,-1,1,1,1,-1,1,1,-1,-1,-1,1,-1,1,-1,1,-1,1,1,-1,1,-1,-1,-1,1,1,-1,1,-1,-1,-1,1,1,-1,-1,1,1,-1,-1,1,1,-1,1,1,-1,1,1,1,1,-1,1,-1,1,1,-1,1,-1,1,-1,1,1,1,1,1,1,-1,-1,1,-1,-1,1,1,1,-1,1,1,1,-1,1,1,1,1,1,1,1,1,-1,1,1,1,-1,-1,1,-1,1,1,1,-1,1,1,-1,-1,1,1,1,-1,1,-1,1,1,1,-1,1,1,-1,1,1,1,-1,1,1,-1,1,1,1,-1,1,1,-1,-1,1,1,-1,1,1,-1,1,-1,1,-1,1,1,1,-1,1,1,1,-1,1,1,-1,1,1,-1,1,1,1,-1,-1,-1,-1,1,1,1,-1,1,1,-1,1,1,-1,-1,1,1,1,1,1,-1,1,1,1,-1,1,1,1,-1,-1,1,1,1,-1,1,-1,1,1,1,1,1,1,-1,-1,-1,1,-1,-1,1,-1,1,-1,1,-1,1,1,1,-1,-1,1,-1,-1,1,-1,1,-1,1,1,1,1,1,1,-1,-1,1,-1,1,1,-1,-1,1,1,1,-1,1,-1,-1,-1,1,-1,1,1,-1,-1,1,1,1,1,-1,1,-1,1,-1,-1,1,-1,-1,-1,1,-1,1,1,-1,-1,-1,1,-1,1,1,1,-1,-1,1,1,-1,1,-1,-1,-1,1,-1,1,1,1,-1,-1,1,-1,-1,1,-1,-1,-1,-1,-1,-1,1,-1,-1,-1,1,-1,-1,1,-1,-1,-1,-1,1,-1,1,-1,-1,-1,-1,1,-1,-1,1,1,1,-1,1,-1,1,-1,1,1,1,-1,-1,1,1,-1,-1,1,1,-1,1,1,-1,1,1,1,-1,1,1,-1,-1,-1,1,-1,-1,1,-1,-1,1,1,-1,-1,1,-1,-1,1,1,1,-1,1,-1,-1,1,1,-1,-1,1,-1,-1,-1,1,1,-1,1,1,-1,-1,1,-1,-1,1,-1,1,-1,1,1,-1,-1,1,-1,-1,-1,-1,-1,1,1,1,-1,-1,1,-1,-1,1,-1,-1,1,-1,-1,1,1,-1,-1,1,1,-1,1,1,-1,1,-1,1,-1,-1,1,1,-1,-1,-1,-1,1,1,-1,-1,1,-1,-1,-1,1,1,-1,-1,-1,-1,-1,1,-1,-1,-1,-1,-1,1,1,1,-1,-1,-1,-1,-1,1,1,-1,-1,-1,-1,-1,1,1,1,-1,-1,-1,-1,1,1,-1,-1,-1,-1,1,1,1,1,1,-1,1,1,1,1,1,1,-1,-1,1,1,1,-1,-1,-1,1,1,1,1,-1,1,-1,-1,1,-1,1,-1,1,-1,-1,1,-1,1,-1,1,-1,-1,1,-1,1,-1,1,-1,-1,1,-1,1,1,1,-1,-1,1,-1,1,1,1,-1,-1,1,1,-1,1,1,-1,-1,1,-1,1,-1,1,-1,-1,-1,-1,-1,1,1,-1,-1,1,-1,-1,1,1,-1,-1,-1,-1,1,-1,1,-1,-1,-1,-1,1,1,-1,-1,1,-1,-1,1,-1,1,-1,-1,-1,-1,-1,1,1,1,-1,-1,-1,1,1,1,-1,-1,1,-1,-1,-1,1,-1,1,-1,-1,1,1,1,-1,-1,-1,-1,1,-1,1,1,-1,1,-1,-1,1,1,-1,-1,-1,-1,-1,-1,1,1,-1,-1,1,-1,1,1,-1,-1,-1,1,-1,1,1,-1,-1,1,-1,-1,1,1,1,-1,1,-1,1,1,1,-1,-1,1,-1,-1,1,-1,1,-1,1,-1,-1,1,1,-1,1,1,-1,-1,1,1,-1,1,1,-1,-1,1,1,-1,1,1,-1,-1,1,1,1,1,1,1,-1,-1,1,-1,1,1,-1,-1,1,-1,1,1,1,1,-1,-1,1,-1,1,1,1,-1,1,1,1,1,-1,1,-1,1,1,1,1,1,1,1,-1,1,1,1,1,-1,1,-1,1,1,1,1,1,-1,1,1,1,1,-1,1,1,-1,1,1,-1,1,1,-1,-1,1,1,1,1,-1,1,-1,1,1,1,-1,-1,1,-1,1,1,1,-1,1,-1,-1,-1,1,1,-1,-1,1,-1,-1,1,1,-1,-1,1,-1,-1,1,1,1,-1,-1,-1,-1,1,1,-1,-1,-1,1,-1,1,1,-1,1,1,-1,1,1,-1,-1,1,1,-1,-1,1,1,-1,1,1,-1,1,1,-1,-1,-1,-1,1,-1,-1,-1,-1,1,-1,-1,1,1,-1,1,1,-1,1,1,1,1,-1,1,-1,1,1,1,-1,-1,1,-1,-1,1,1,-1,-1,1,-1,1,1,1,-1,-1,1,-1,1,1,1,1,-1,1,-1,-1,1,1,1,-1,-1,1,-1,1,-1,1,-1,1,-1,-1,1,-2668.0,1,2000,445,500,False
1528,1,1,-1,-1,1,-1,-1,-1,1,1,1,-1,1,1,1,1,-1,1,-1,-1,-1,-1,1,1,1,-1,1,-1,1,1,1,1,1,-1,-1,-1,1,1,1,1,-1,-1,-1,1,1,1,1,-1,1,1,1,1,-1,1,-1,-1,1,-1,1,1,-1,-1,-1,-1,1,1,1,1,-1,1,-1,1,1,1,1,-1,-1,-1,1,1,1,-1,-1,-1,1,1,1,1,-1,1,-1,1,1,1,1,-1,-1,1,1,-1,1,1,-1,-1,1,1,1,1,1,-1,-1,1,1,1,1,1,-1,-1,1,1,1,1,1,1,-1,1,1,1,-1,1,1,-1,1,1,1,1,1,1,-1,-1,1,1,1,1,1,-1,1,1,1,1,1,1,-1,-1,-1,1,1,1,1,-1,1,1,1,1,-1,1,-1,1,-1,1,1,1,-1,-1,1,1,1,1,1,-1,1,-1,-1,1,1,1,-1,1,1,1,1,-1,1,1,1,1,-1,1,-1,1,-1,1,1,-1,1,-1,1,1,-1,1,-1,1,-1,1,-1,1,1,-1,1,-1,1,1,1,1,-1,-1,1,1,-1,-1,1,-1,1,-1,-1,1,-1,1,-1,1,-1,1,-1,1,1,-1,1,-1,1,1,-1,1,-1,1,1,1,-1,1,1,-1,1,-1,1,-1,1,-1,1,-1,1,1,-1,1,-1,-1,-1,1,1,-1,1,-1,-1,-1,1,1,-1,-1,1,1,-1,-1,1,1,-1,1,1,-1,1,1,1,1,-1,1,-1,1,1,-1,1,-1,1,1,-1,1,1,1,1,1,-1,-1,1,-1,-1,-1,1,1,-1,1,1,1,-1,1,-1,-1,1,1,1,-1,1,-1,1,1,1,-1,-1,1,-1,1,1,1,-1,1,1,-1,1,-1,1,1,-1,1,-1,1,1,1,-1,1,1,-1,1,1,1,-1,1,-1,-1,1,1,1,-1,1,-1,-1,1,1,1,-1,1,-1,-1,-1,-1,1,-1,1,1,-1,1,1,1,1,1,1,-1,-1,-1,1,-1,1,-1,-1,1,-1,-1,-1,1,1,-1,1,-1,1,-1,1,-1,1,-1,1,1,1,1,-1,1,-1,1,1,-1,1,-1,-1,-1,-1,1,1,1,1,-1,-1,1,1,1,1,-1,-1,1,-1,-1,1,-1,1,-1,-1,1,-1,1,1,-1,-1,1,1,-1,1,-1,1,-1,-1,1,-1,1,1,-1,-1,-1,1,-1,-1,1,1,-1,-1,1,-1,1,1,-1,1,-1,1,-1,-1,1,1,-1,-1,1,-1,1,1,-1,-1,1,1,-1,1,-1,1,-1,1,-1,-1,1,-1,1,-1,1,-1,-1,1,-1,-1,-1,1,-1,-1,1,1,1,-1,1,-1,-1,1,-1,-1,1,-1,1,-1,1,-1,1,-1,1,1,-1,-1,-1,1,-1,1,-1,-1,1,-1,1,1,1,1,-1,-1,1,1,-1,1,1,-1,-1,1,1,1,-1,1,1,-1,1,1,1,1,1,-1,1,-1,-1,-1,1,-1,1,1,1,1,-1,1,-1,1,-1,-1,-1,1,1,-1,1,1,-1,-1,-1,1,-1,1,1,-1,1,-1,1,-1,-1,-1,-1,-1,-1,1,-1,-1,-1,-1,-1,-1,1,-1,1,1,1,1,-1,1,-1,1,1,-1,-1,-1,1,-1,-1,1,-1,1,-1,-1,1,1,1,1,-1,-1,1,1,1,1,-1,1,-1,-1,1,1,1,-1,-1,-1,-1,1,1,1,-1,-1,-1,1,-1,1,-1,1,-1,-1,-1,1,1,1,-1,-1,-1,-1,1,1,1,1,-1,-1,-1,1,1,1,1,-1,-1,-1,1,-1,1,-1,-1,-1,1,1,1,1,1,-1,-1,-1,1,-1,1,1,-1,-1,-1,1,1,-1,1,-1,-1,-1,1,1,1,1,-1,-1,1,1,1,-1,-1,-1,1,1,-1,1,1,-1,-1,-1,1,1,-1,1,1,-1,1,1,1,-1,1,-1,-1,-1,1,-1,1,-1,-1,-1,-1,1,1,-1,1,-1,-1,-1,1,-1,-1,1,-1,-1,-1,1,1,-1,1,-1,-1,1,-1,-1,-1,1,-1,-1,-1,1,1,1,-1,-1,-1,-1,1,-1,1,-1,-1,-1,-1,-1,-1,-1,1,-1,-1,-1,1,-1,-1,1,-1,-1,-1,-1,-1,1,1,-1,-1,-1,-1,-1,1,-1,-1,-1,1,-1,-1,1,-1,1,-1,-1,-1,-1,-1,-1,-1,1,-1,-1,-1,1,1,1,-1,-1,1,-1,1,-1,-1,-1,1,-1,-1,1,1,1,-1,-1,-1,-1,1,-1,1,1,-1,1,-1,-1,1,1,-1,-1,-1,-1,-1,-1,1,1,-1,-1,1,-1,1,1,-1,-1,-1,1,-1,1,1,-1,-1,1,-1,-1,1,1,1,-1,1,-1,1,1,1,-1,-1,1,-1,-1,1,1,1,-1,1,-1,-1,1,1,-1,1,1,-1,-1,1,1,1,1,1,-1,-1,1,1,1,1,1,-1,-1,1,1,1,1,1,1,-1,-1,1,1,-1,1,-1,-1,1,-1,1,1,1,1,-1,-1,1,-1,1,1,1,-1,1,1,1,1,-1,1,-1,1,1,1,1,1,1,1,-1,1,1,1,1,-1,1,-1,1,1,1,1,1,-1,1,1,1,1,-1,1,1,-1,1,1,-1,1,1,-1,-1,1,1,1,1,-1,1,-1,1,1,1,-1,-1,1,-1,1,1,1,-1,1,-1,-1,-1,1,1,-1,-1,1,-1,-1,1,1,1,-1,1,-1,-1,1,1,1,-1,1,-1,-1,1,1,-1,-1,-1,1,-1,-1,1,-1,1,1,-1,1,1,-1,-1,1,-1,-1,-1,-1,1,-1,1,1,-1,1,1,-1,-1,-1,-1,1,-1,-1,-1,-1,1,-1,-1,1,1,-1,1,1,-1,1,1,1,1,-1,1,-1,1,1,1,1,-1,1,-1,-1,1,1,1,-1,1,-1,1,1,1,1,-1,1,-1,1,1,1,-1,-1,1,-1,-1,1,1,-1,-1,-1,1,-1,1,-1,1,-1,1,-1,-1,1,-2668.0,1,2000,445,0,False
1529,1,1,-1,-1,1,-1,-1,-1,1,1,1,-1,1,1,1,1,-1,1,-1,-1,1,-1,1,1,1,-1,-1,-1,1,1,1,1,-1,-1,-1,-1,1,1,1,1,-1,-1,-1,1,1,1,1,-1,1,1,1,1,-1,1,-1,-1,1,-1,1,1,1,-1,-1,-1,1,1,1,1,-1,-1,-1,1,1,1,1,-1,-1,-1,1,1,1,-1,-1,-1,1,1,1,1,-1,-1,-1,1,1,1,1,-1,-1,1,1,-1,1,1,-1,-1,1,1,1,1,1,-1,-1,1,1,-1,1,1,-1,-1,1,1,1,1,1,1,-1,1,1,1,-1,1,1,-1,1,1,1,1,1,1,-1,-1,1,1,1,1,1,-1,1,1,1,1,1,1,-1,-1,-1,1,1,1,1,-1,1,1,1,1,-1,1,-1,1,-1,1,1,1,-1,-1,1,1,1,1,1,-1,1,-1,-1,1,1,1,-1,1,1,1,1,-1,1,1,1,1,-1,1,-1,1,-1,1,1,-1,1,-1,1,1,-1,1,-1,1,-1,1,-1,1,1,-1,1,-1,1,1,1,1,-1,-1,1,1,-1,-1,1,-1,1,-1,-1,1,-1,1,-1,1,-1,1,-1,-1,1,-1,-1,-1,1,1,-1,1,-1,1,1,1,-1,1,1,-1,1,-1,1,-1,1,-1,1,-1,1,1,-1,1,-1,-1,-1,1,1,-1,1,-1,-1,-1,1,1,-1,-1,1,1,-1,-1,1,1,-1,1,1,-1,1,1,1,1,-1,1,-1,1,1,-1,1,-1,1,1,-1,1,1,1,1,1,-1,-1,1,-1,-1,1,1,1,-1,1,1,1,-1,1,-1,-1,1,1,1,-1,1,-1,1,1,1,-1,1,1,-1,1,1,1,-1,1,1,-1,-1,1,1,1,-1,1,-1,1,1,1,-1,1,1,-1,1,1,1,-1,1,-1,-1,1,1,1,-1,1,-1,-1,-1,1,1,-1,1,-1,-1,1,-1,1,-1,1,1,-1,-1,1,1,1,1,1,-1,-1,1,1,-1,1,-1,-1,-1,-1,-1,-1,1,-1,-1,-1,1,1,-1,1,-1,1,-1,1,1,1,1,-1,-1,1,1,1,-1,1,-1,-1,-1,-1,1,1,1,1,-1,-1,1,1,1,1,-1,-1,1,-1,-1,1,-1,1,-1,-1,1,-1,1,1,-1,-1,1,1,-1,1,-1,1,-1,-1,1,-1,1,1,-1,-1,-1,1,-1,-1,1,1,-1,-1,1,-1,1,1,-1,1,-1,1,-1,-1,1,1,-1,-1,1,-1,1,1,-1,-1,1,1,-1,1,-1,1,-1,1,-1,-1,1,-1,1,-1,1,-1,-1,1,-1,-1,-1,1,-1,-1,1,-1,1,-1,1,-1,-1,1,-1,-1,1,-1,1,-1,1,1,1,-1,1,1,-1,-1,1,1,-1,1,-1,-1,1,-1,1,1,1,1,-1,-1,1,1,-1,1,1,-1,-1,1,1,1,-1,1,1,-1,1,1,1,1,-1,1,1,-1,-1,-1,1,-1,1,1,-1,1,-1,1,-1,1,-1,-1,-1,1,1,-1,1,1,-1,-1,-1,1,-1,1,1,-1,1,-1,1,-1,-1,-1,-1,-1,-1,1,-1,-1,-1,-1,-1,-1,1,-1,1,1,1,1,-1,1,-1,1,1,-1,-1,-1,1,-1,-1,1,-1,1,-1,-1,1,1,1,1,-1,-1,1,1,1,1,-1,1,-1,-1,1,1,1,-1,-1,-1,1,1,1,1,-1,1,-1,1,-1,1,-1,1,1,-1,-1,1,1,1,-1,-1,-1,-1,1,1,1,1,-1,-1,-1,1,1,1,1,-1,-1,-1,1,-1,1,-1,-1,-1,1,1,1,1,1,-1,-1,-1,1,1,1,1,-1,-1,-1,1,1,-1,1,-1,-1,-1,1,1,1,1,-1,-1,1,1,1,1,-1,-1,1,1,-1,1,1,-1,-1,-1,1,1,1,1,1,-1,1,1,1,1,1,-1,-1,-1,1,-1,1,-1,-1,-1,-1,1,-1,1,1,1,-1,-1,1,-1,1,1,-1,-1,-1,1,1,1,1,-1,-1,1,-1,-1,1,1,-1,-1,-1,1,1,-1,-1,-1,-1,-1,1,-1,1,-1,-1,-1,-1,-1,-1,-1,1,-1,-1,-1,1,-1,-1,1,-1,-1,-1,-1,-1,1,1,-1,-1,-1,-1,-1,1,-1,-1,-1,1,-1,-1,1,-1,1,-1,-1,-1,-1,-1,-1,-1,1,-1,-1,-1,1,1,1,-1,-1,1,-1,-1,-1,-1,-1,1,-1,-1,1,1,1,-1,-1,-1,-1,1,-1,1,1,-1,1,-1,-1,1,1,-1,-1,-1,-1,-1,-1,1,1,-1,-1,1,-1,1,1,-1,-1,-1,1,-1,1,1,-1,-1,1,-1,-1,1,1,1,-1,1,-1,1,1,1,-1,-1,1,-1,-1,1,-1,1,-1,1,-1,-1,1,1,-1,1,1,-1,-1,1,1,-1,1,1,-1,-1,1,1,-1,1,1,-1,-1,1,1,1,1,-1,1,-1,-1,1,1,1,1,-1,-1,1,-1,1,1,1,1,-1,-1,1,-1,1,1,1,-1,1,1,1,1,-1,1,-1,1,1,1,1,1,1,1,-1,1,1,1,1,-1,1,-1,1,1,1,1,1,-1,1,1,1,1,-1,1,1,-1,1,1,-1,1,1,-1,-1,1,1,1,1,-1,1,-1,1,1,1,-1,-1,1,-1,1,1,1,-1,1,-1,-1,-1,1,1,-1,-1,1,-1,-1,1,1,1,-1,1,-1,-1,1,1,1,-1,1,-1,-1,1,1,-1,-1,1,1,-1,-1,1,-1,1,1,-1,1,1,-1,-1,1,-1,-1,-1,1,1,-1,1,1,-1,1,1,-1,-1,-1,-1,1,-1,-1,-1,-1,1,-1,-1,1,1,-1,1,1,-1,1,1,1,1,-1,1,-1,1,1,1,1,-1,1,-1,-1,-1,1,1,-1,1,-1,1,1,1,1,-1,1,-1,1,1,-1,-1,-1,1,-1,-1,1,1,-1,-1,-1,1,-1,1,-1,1,-1,1,-1,-1,1,-2668.0,1,2000,445,0,False
1530,1,1,-1,-1,1,-1,-1,-1,1,1,1,-1,1,1,1,1,-1,1,-1,-1,-1,-1,1,1,1,-1,1,-1,1,1,1,1,1,-1,-1,-1,1,1,1,1,-1,-1,-1,1,1,1,1,-1,1,1,1,1,-1,1,-1,-1,1,-1,1,1,-1,-1,-1,-1,1,1,1,1,-1,-1,-1,1,1,1,1,-1,-1,-1,1,1,1,-1,-1,-1,1,1,1,1,-1,-1,-1,1,1,1,1,-1,-1,1,1,-1,1,1,-1,-1,1,1,1,1,1,-1,-1,-1,1,1,1,1,-1,-1,1,1,1,1,1,1,-1,-1,1,1,-1,1,1,-1,1,1,1,1,1,1,-1,1,1,1,1,1,1,-1,1,1,1,1,1,1,-1,-1,-1,1,1,1,1,-1,1,1,1,1,-1,1,-1,1,1,1,1,1,-1,-1,1,1,1,1,1,-1,1,-1,-1,1,-1,1,-1,1,1,1,1,1,1,1,1,1,-1,1,-1,1,-1,1,1,-1,1,-1,1,1,-1,1,-1,1,-1,1,-1,1,1,-1,1,-1,1,1,1,1,-1,-1,1,1,-1,-1,1,-1,1,-1,-1,1,-1,1,-1,1,-1,1,-1,1,1,-1,-1,-1,1,1,-1,1,-1,1,1,1,-1,1,1,-1,1,-1,1,-1,1,-1,1,-1,1,1,-1,1,-1,-1,-1,1,1,-1,1,-1,-1,-1,1,1,-1,-1,1,1,-1,-1,1,1,-1,1,1,-1,1,1,1,1,-1,1,-1,1,1,-1,1,-1,1,1,-1,1,1,1,1,1,-1,-1,1,-1,-1,-1,1,1,-1,1,1,1,-1,1,-1,-1,1,1,1,1,1,-1,1,1,1,-1,1,1,-1,1,1,1,-1,1,1,-1,-1,1,1,1,-1,1,-1,1,1,1,-1,1,1,-1,1,1,1,-1,1,-1,-1,1,1,1,-1,1,-1,-1,-1,1,1,-1,1,-1,-1,1,-1,1,-1,1,1,-1,-1,1,1,1,-1,1,-1,-1,1,1,-1,1,-1,-1,-1,-1,-1,-1,1,1,-1,-1,1,1,-1,1,-1,-1,-1,1,1,1,1,1,-1,1,1,1,-1,1,-1,-1,-1,-1,1,1,-1,1,-1,-1,1,1,1,-1,-1,-1,1,-1,-1,1,-1,1,-1,-1,1,-1,1,-1,-1,-1,1,1,-1,1,-1,1,-1,-1,1,-1,1,-1,-1,-1,-1,1,-1,-1,1,1,-1,-1,1,-1,1,1,-1,1,-1,1,-1,-1,1,1,-1,-1,1,-1,1,1,-1,-1,1,1,-1,1,-1,1,-1,1,-1,-1,1,-1,1,-1,1,-1,-1,1,1,-1,-1,1,-1,-1,1,1,1,-1,1,-1,-1,1,1,-1,1,-1,1,-1,1,1,1,-1,1,1,-1,-1,1,1,-1,1,-1,-1,-1,1,1,1,1,1,-1,-1,-1,1,-1,1,1,-1,-1,1,1,1,-1,1,1,-1,1,1,1,1,-1,1,1,1,-1,-1,1,-1,1,1,1,1,-1,1,-1,1,-1,-1,-1,1,1,-1,1,1,-1,-1,1,1,-1,1,1,-1,1,-1,1,-1,-1,-1,-1,-1,-1,1,-1,-1,-1,-1,-1,-1,1,-1,1,1,1,1,-1,1,-1,1,1,-1,-1,-1,1,-1,-1,1,-1,1,-1,-1,1,1,1,1,-1,-1,-1,1,1,1,-1,1,-1,1,1,1,1,-1,-1,-1,1,1,1,1,-1,-1,-1,1,-1,1,-1,1,-1,-1,-1,1,1,1,-1,-1,-1,-1,1,1,1,1,-1,-1,-1,1,1,1,1,-1,-1,-1,1,1,1,-1,-1,-1,1,1,1,1,1,-1,-1,-1,1,1,1,1,-1,-1,-1,1,1,-1,1,-1,-1,-1,1,1,1,1,-1,-1,1,1,1,1,-1,-1,1,1,-1,1,1,-1,-1,-1,1,1,1,1,1,-1,1,1,1,1,1,-1,-1,-1,1,-1,1,-1,-1,-1,-1,1,-1,1,1,-1,-1,-1,1,-1,1,1,-1,-1,-1,1,1,1,1,-1,-1,-1,1,-1,1,1,-1,-1,-1,1,1,-1,-1,-1,-1,-1,1,-1,1,-1,-1,-1,-1,-1,-1,-1,1,-1,-1,-1,1,-1,-1,1,-1,-1,-1,-1,-1,1,1,-1,-1,-1,-1,-1,1,-1,-1,-1,1,-1,-1,1,-1,1,-1,-1,-1,-1,-1,-1,-1,1,-1,-1,-1,1,1,1,-1,-1,1,-1,-1,-1,-1,-1,1,-1,-1,1,1,1,-1,-1,-1,-1,1,-1,1,1,-1,1,-1,-1,1,1,-1,-1,-1,-1,-1,-1,1,1,-1,-1,1,-1,1,1,-1,-1,-1,1,-1,1,1,-1,-1,1,-1,-1,1,1,1,-1,1,-1,1,1,1,-1,-1,1,-1,-1,1,1,1,-1,1,-1,-1,1,1,-1,1,1,-1,-1,1,1,1,1,1,-1,-1,1,1,1,1,1,-1,-1,1,1,1,1,1,1,-1,-1,1,1,1,1,-1,-1,1,-1,1,1,1,1,-1,-1,1,-1,1,1,1,-1,1,1,1,1,-1,1,-1,1,1,1,1,1,1,1,-1,1,1,1,1,-1,1,-1,1,1,1,1,1,-1,1,1,1,1,-1,1,1,-1,1,1,-1,1,1,-1,-1,1,1,1,1,-1,1,-1,1,1,1,-1,-1,1,-1,1,1,1,-1,1,-1,-1,1,1,1,-1,-1,1,-1,-1,1,1,-1,-1,1,-1,-1,1,1,1,-1,-1,-1,-1,1,1,-1,-1,-1,1,-1,-1,1,-1,1,1,-1,-1,1,-1,-1,1,1,1,-1,1,1,-1,1,1,-1,1,1,-1,-1,-1,-1,1,-1,-1,-1,-1,-1,1,-1,1,1,-1,1,1,-1,1,-1,1,1,-1,1,-1,1,1,1,-1,-1,1,-1,1,-1,1,-1,-1,1,-1,1,-1,1,-1,-1,1,-1,1,1,1,1,-1,1,-1,1,1,1,-1,-1,-1,-1,1,-1,-1,1,-1,1,-1,1,-1,-2668.0,1,2000,445,0,False
1531,1,1,-1,-1,1,1,-1,-1,1,1,1,1,-1,1,1,1,-1,1,1,1,-1,-1,1,1,1,1,-1,-1,1,1,1,1,1,1,-1,-1,1,1,1,-1,1,-1,-1,1,1,1,1,1,-1,1,1,1,-1,1,1,-1,1,-1,1,1,1,1,1,-1,1,1,1,1,1,-1,-1,1,1,1,1,-1,-1,-1,1,1,1,1,1,-1,1,1,1,1,1,1,-1,1,1,1,1,1,-1,1,1,-1,1,1,1,-1,1,1,1,1,1,1,-1,1,1,1,1,1,1,-1,1,1,1,1,1,1,-1,1,1,1,-1,1,1,-1,1,1,1,1,1,1,-1,-1,1,1,1,1,1,-1,1,1,1,1,1,1,-1,-1,-1,1,1,1,1,-1,1,1,1,1,-1,1,-1,1,-1,1,1,1,1,-1,1,1,1,1,1,-1,1,-1,-1,1,1,1,-1,1,1,1,1,-1,1,1,1,1,-1,1,-1,1,-1,1,1,-1,1,-1,1,1,-1,1,-1,1,-1,1,-1,1,1,-1,-1,-1,1,1,1,1,-1,-1,1,1,-1,-1,1,-1,1,-1,1,1,1,1,-1,1,-1,1,-1,1,1,-1,-1,-1,1,-1,-1,1,-1,1,1,1,-1,1,1,-1,-1,-1,1,-1,1,-1,1,-1,1,1,-1,1,-1,-1,-1,1,1,-1,1,-1,-1,-1,1,1,-1,-1,1,1,-1,-1,1,-1,-1,1,1,-1,1,1,1,-1,-1,1,-1,1,1,-1,1,-1,1,-1,1,1,-1,-1,-1,1,-1,-1,1,-1,1,-1,1,1,-1,1,1,1,-1,1,1,1,1,1,-1,-1,1,-1,1,1,-1,1,-1,1,-1,1,1,1,-1,1,1,-1,-1,1,1,-1,-1,1,-1,1,1,1,1,1,1,-1,1,1,1,1,1,1,-1,1,1,1,1,1,1,1,-1,1,1,1,1,1,-1,1,-1,1,-1,1,1,1,-1,1,1,1,1,1,1,-1,1,1,1,1,-1,1,-1,-1,-1,-1,1,1,1,-1,1,1,-1,1,1,-1,-1,1,1,1,1,1,-1,1,1,1,-1,1,1,1,1,-1,1,-1,-1,-1,1,-1,1,-1,-1,1,1,1,-1,-1,-1,1,-1,-1,1,-1,1,-1,-1,1,1,1,1,1,-1,-1,-1,-1,1,-1,1,-1,-1,-1,1,1,1,1,-1,-1,1,-1,1,1,-1,-1,1,-1,1,-1,1,1,-1,-1,1,-1,1,1,-1,-1,-1,-1,1,1,-1,1,-1,-1,1,-1,1,-1,-1,1,-1,1,1,1,-1,-1,1,-1,-1,1,1,1,-1,1,-1,1,-1,1,-1,-1,-1,1,-1,1,1,-1,1,-1,1,-1,-1,1,-1,-1,-1,1,-1,-1,1,-1,-1,-1,1,-1,-1,1,-1,-1,-1,-1,1,-1,1,-1,-1,1,-1,1,-1,-1,1,1,1,-1,1,-1,1,-1,1,-1,1,-1,-1,-1,1,-1,-1,1,1,1,-1,1,-1,1,1,1,-1,1,1,-1,1,-1,1,-1,-1,1,-1,-1,1,1,1,-1,1,-1,-1,1,1,-1,-1,1,-1,-1,1,1,-1,-1,1,-1,-1,-1,1,1,-1,1,1,-1,-1,1,-1,-1,1,-1,1,-1,1,1,-1,-1,1,-1,-1,-1,-1,-1,1,1,1,-1,-1,1,-1,-1,1,-1,-1,1,-1,-1,1,1,-1,-1,1,-1,-1,1,1,-1,1,-1,1,-1,-1,1,1,-1,-1,-1,-1,1,1,-1,-1,1,-1,-1,-1,1,1,-1,-1,-1,-1,-1,1,-1,-1,-1,-1,-1,-1,1,1,-1,-1,-1,-1,1,1,1,-1,-1,-1,-1,-1,1,1,1,-1,-1,-1,-1,1,1,-1,-1,-1,-1,1,1,1,1,1,-1,1,1,1,1,1,1,-1,-1,1,1,1,1,1,-1,1,1,1,1,-1,1,-1,-1,1,-1,1,-1,1,-1,-1,1,-1,1,1,1,-1,-1,1,-1,1,-1,1,-1,-1,1,-1,1,1,1,-1,1,-1,-1,1,1,1,-1,-1,1,1,-1,1,1,-1,-1,1,-1,1,-1,1,-1,-1,1,-1,-1,1,1,-1,-1,1,-1,-1,1,1,-1,-1,-1,-1,-1,-1,1,-1,-1,-1,-1,1,-1,-1,-1,1,-1,-1,1,-1,1,-1,-1,-1,-1,-1,-1,1,1,-1,-1,-1,1,1,1,-1,-1,-1,1,-1,-1,1,-1,1,-1,-1,1,1,1,-1,-1,-1,-1,1,-1,1,1,-1,1,-1,-1,1,1,-1,-1,-1,-1,-1,-1,1,1,-1,-1,1,-1,1,1,-1,-1,-1,1,-1,1,1,-1,-1,1,1,-1,1,1,1,-1,1,-1,1,1,1,-1,-1,1,-1,-1,1,1,-1,-1,1,-1,-1,1,1,-1,1,1,1,-1,1,1,-1,-1,1,1,-1,1,-1,-1,-1,1,1,-1,1,1,-1,1,-1,1,-1,1,1,-1,-1,1,1,-1,1,-1,-1,-1,1,1,-1,-1,1,-1,1,-1,1,-1,1,1,-1,1,-1,1,-1,1,1,-1,1,1,1,-1,1,-1,-1,1,1,-1,1,1,1,-1,1,1,-1,1,-1,1,1,1,-1,-1,1,1,1,1,-1,1,-1,1,1,-1,-1,1,-1,1,-1,1,1,-1,1,-1,-1,-1,1,1,-1,1,-1,1,-1,1,-1,1,1,-1,1,-1,1,-1,-1,1,-1,1,-1,1,-1,-1,1,1,1,1,-1,1,1,1,-1,-1,1,-1,1,1,1,-1,1,-1,1,1,1,-1,-1,1,-1,1,-1,-1,1,-1,1,-1,1,1,1,-1,-1,-1,-1,-1,-1,-1,-1,-1,1,-1,1,1,1,-1,1,1,-1,-1,1,1,1,-1,1,-1,1,1,1,1,-1,1,-1,1,1,1,1,-1,1,-1,1,1,1,1,-1,1,-1,1,-1,1,-1,-1,1,-1,-1,1,1,-1,-1,-1,-1,1,1,1,1,-1,1,1,-1,1,-2668.0,1,2000,445,0,False
1532,1,1,-1,-1,1,1,-1,-1,1,1,1,-1,1,1,1,1,-1,1,1,-1,-1,-1,1,1,1,1,-1,-1,1,1,1,1,-1,-1,-1,-1,1,1,1,1,-1,-1,-1,1,1,1,1,-1,1,1,1,1,-1,1,-1,-1,1,-1,1,1,1,-1,-1,-1,1,1,1,1,-1,-1,-1,1,1,1,1,-1,-1,-1,1,1,1,-1,-1,-1,1,1,1,1,-1,-1,-1,1,1,1,1,-1,-1,1,1,-1,1,1,-1,-1,1,1,1,1,1,-1,-1,-1,1,1,1,1,-1,-1,1,1,1,1,1,1,-1,-1,1,1,-1,1,1,-1,1,1,1,1,1,1,-1,1,1,1,1,1,1,-1,1,1,1,1,1,1,-1,-1,-1,1,1,1,1,-1,1,1,1,1,-1,1,-1,1,-1,1,1,1,-1,-1,1,1,1,1,1,-1,1,-1,-1,1,1,1,-1,1,1,1,1,-1,1,1,1,1,-1,1,-1,1,-1,1,1,-1,1,-1,1,1,-1,1,-1,1,-1,1,-1,1,1,-1,1,-1,1,1,1,1,-1,-1,1,1,-1,-1,1,-1,1,-1,-1,1,-1,1,-1,1,-1,1,-1,-1,1,-1,-1,-1,1,1,-1,1,-1,1,1,1,-1,1,1,-1,1,-1,1,-1,1,-1,1,-1,1,1,-1,1,-1,-1,-1,1,1,-1,1,-1,-1,-1,1,1,-1,-1,1,1,-1,-1,1,1,-1,1,1,-1,1,1,1,1,-1,1,-1,1,1,-1,1,-1,1,1,1,1,1,1,1,1,-1,-1,1,-1,-1,1,1,1,-1,1,1,1,-1,1,1,1,1,1,1,-1,1,-1,1,1,1,-1,1,1,-1,1,1,1,-1,1,1,-1,-1,1,1,1,-1,1,-1,1,1,1,-1,1,1,-1,1,1,1,-1,1,1,-1,1,1,1,-1,1,1,-1,-1,-1,1,-1,1,1,-1,1,1,1,-1,1,-1,1,-1,1,1,1,-1,-1,1,-1,1,1,-1,1,1,1,-1,-1,1,1,1,-1,1,-1,1,-1,-1,1,1,-1,-1,-1,1,-1,1,1,-1,1,-1,1,1,1,1,1,-1,-1,1,-1,-1,-1,1,-1,1,-1,-1,1,1,1,-1,1,-1,1,-1,1,1,1,-1,1,-1,1,1,1,1,1,-1,1,-1,-1,1,-1,1,-1,-1,-1,-1,1,1,1,-1,-1,1,-1,1,1,1,-1,1,-1,1,-1,1,1,-1,-1,1,-1,1,1,1,1,-1,-1,1,1,1,1,-1,-1,1,1,1,1,-1,1,-1,1,1,1,1,-1,-1,-1,-1,1,1,1,-1,1,-1,1,-1,1,1,-1,-1,1,-1,1,1,1,1,-1,1,-1,-1,1,1,1,-1,-1,-1,-1,1,1,-1,-1,1,-1,-1,1,-1,1,-1,-1,-1,-1,1,-1,1,-1,-1,1,-1,-1,1,1,1,-1,1,-1,1,-1,1,-1,1,-1,-1,-1,1,-1,1,1,1,1,-1,1,-1,-1,1,1,-1,1,1,-1,1,-1,1,-1,-1,1,-1,-1,1,1,1,-1,1,-1,-1,1,1,-1,-1,1,-1,1,1,1,-1,-1,1,-1,-1,-1,1,1,-1,1,-1,-1,-1,1,-1,-1,1,-1,1,-1,1,1,-1,-1,1,-1,-1,-1,-1,-1,1,1,1,-1,-1,1,-1,-1,1,-1,-1,1,-1,-1,1,1,-1,-1,1,-1,-1,1,1,-1,1,-1,-1,-1,-1,1,1,-1,-1,-1,-1,-1,1,-1,-1,1,-1,-1,-1,1,1,-1,-1,-1,-1,-1,1,-1,-1,-1,-1,-1,1,1,1,-1,-1,-1,-1,-1,1,1,-1,-1,-1,-1,-1,1,1,1,-1,-1,-1,-1,1,1,-1,-1,-1,-1,1,1,1,1,-1,-1,1,1,1,1,1,-1,-1,-1,1,1,1,-1,1,-1,1,1,1,1,-1,1,-1,-1,1,-1,1,-1,1,-1,-1,1,-1,1,-1,-1,-1,-1,1,-1,1,-1,1,-1,-1,1,-1,1,-1,1,-1,1,-1,-1,1,-1,-1,-1,-1,1,1,-1,-1,-1,-1,-1,1,-1,1,-1,-1,-1,-1,-1,-1,-1,1,-1,-1,-1,1,-1,-1,1,-1,-1,-1,-1,-1,1,1,-1,-1,-1,-1,-1,1,-1,-1,-1,1,-1,-1,1,-1,1,-1,-1,-1,-1,1,-1,-1,1,-1,-1,-1,-1,1,-1,-1,-1,1,-1,1,-1,-1,-1,1,-1,-1,-1,1,1,-1,-1,-1,-1,-1,1,1,1,-1,1,-1,1,-1,1,-1,-1,-1,-1,-1,-1,1,1,-1,-1,1,-1,1,1,-1,-1,-1,1,-1,1,1,-1,-1,1,-1,-1,1,1,1,-1,1,-1,1,1,1,-1,-1,1,-1,-1,1,1,1,-1,1,-1,-1,1,1,-1,1,1,-1,-1,1,1,-1,1,1,-1,-1,1,1,-1,1,1,-1,-1,1,1,1,1,-1,1,-1,1,1,-1,1,1,-1,-1,1,-1,1,1,1,1,-1,-1,1,-1,1,1,1,-1,1,1,1,1,-1,1,-1,1,1,1,1,1,1,1,-1,1,1,1,1,-1,1,-1,1,1,1,1,1,-1,1,1,1,1,-1,1,-1,1,1,1,-1,1,1,1,1,1,1,1,1,-1,1,1,1,1,1,-1,-1,1,-1,1,1,1,-1,1,-1,1,1,1,1,-1,-1,1,1,-1,1,1,1,-1,1,1,-1,1,1,1,-1,1,-1,1,1,1,-1,-1,-1,-1,1,1,1,-1,1,1,1,1,1,-1,-1,1,1,1,1,1,1,-1,1,-1,1,1,1,-1,-1,-1,-1,-1,-1,-1,-1,-1,1,-1,1,1,1,-1,1,1,-1,-1,1,1,1,-1,1,-1,1,1,1,-1,-1,1,-1,1,1,1,-1,-1,1,-1,1,1,1,-1,-1,1,-1,1,-1,1,1,-1,1,-1,-1,1,1,-1,-1,-1,-1,1,1,1,1,-1,1,-1,-1,1,-2668.0,1,2000,445,0,False
1533,1,1,-1,-1,1,-1,-1,-1,1,1,1,-1,1,1,1,1,-1,1,-1,-1,1,1,1,1,1,-1,1,-1,1,1,1,1,1,-1,-1,-1,1,-1,1,1,-1,-1,-1,1,1,1,1,-1,1,1,1,1,-1,1,-1,-1,1,-1,1,1,1,-1,-1,1,1,1,1,1,-1,-1,1,1,1,1,1,-1,-1,-1,1,1,1,-1,-1,-1,1,1,1,1,-1,-1,-1,1,1,1,1,-1,-1,1,1,-1,1,1,-1,-1,1,1,1,1,1,-1,-1,1,1,1,1,1,-1,-1,1,1,1,1,1,1,-1,1,1,1,-1,1,1,-1,1,1,1,1,1,1,-1,-1,1,1,1,1,1,-1,1,1,1,1,1,1,-1,-1,-1,1,1,1,1,-1,1,-1,1,1,-1,1,-1,1,-1,1,1,1,-1,-1,1,1,1,1,1,-1,1,-1,-1,1,-1,1,-1,1,1,1,1,1,1,1,1,1,-1,1,-1,1,-1,1,1,-1,1,-1,1,1,-1,1,-1,1,-1,1,-1,1,1,-1,-1,-1,1,1,1,1,-1,-1,1,1,-1,-1,1,-1,1,-1,1,1,-1,1,-1,1,-1,1,-1,-1,1,-1,-1,-1,1,1,-1,1,-1,1,1,1,-1,1,1,-1,-1,-1,1,-1,1,-1,1,-1,1,1,-1,1,-1,-1,-1,1,1,-1,1,-1,-1,-1,1,1,-1,-1,1,1,-1,-1,1,1,-1,1,1,-1,1,1,1,1,-1,1,-1,1,1,-1,1,-1,1,-1,1,1,1,1,1,1,-1,-1,1,-1,-1,-1,1,1,-1,1,1,1,-1,1,1,1,1,1,1,1,1,-1,1,1,1,-1,1,1,-1,1,1,1,-1,1,1,-1,-1,1,1,1,-1,1,-1,1,1,1,-1,1,1,-1,1,1,1,-1,1,1,-1,1,1,1,-1,1,1,-1,-1,1,1,-1,1,1,-1,1,-1,1,-1,1,1,1,-1,1,1,1,-1,1,1,-1,1,1,-1,1,-1,1,-1,-1,-1,-1,1,1,1,-1,1,1,-1,1,1,-1,-1,1,1,1,1,1,-1,1,1,1,-1,1,1,1,-1,-1,1,1,1,-1,1,-1,1,-1,1,1,1,1,-1,-1,-1,1,-1,-1,1,1,-1,1,1,-1,1,1,1,1,-1,1,-1,-1,1,-1,1,-1,1,1,-1,1,1,1,-1,-1,1,-1,1,1,1,-1,1,1,1,-1,1,1,-1,-1,1,-1,1,1,1,-1,1,1,1,1,1,1,-1,1,-1,1,1,1,-1,1,1,-1,-1,1,1,-1,-1,1,-1,1,1,1,-1,-1,1,-1,-1,1,1,-1,-1,1,-1,1,1,1,1,-1,1,-1,-1,-1,1,1,-1,1,-1,1,-1,1,-1,-1,1,-1,-1,1,-1,1,-1,-1,1,-1,1,-1,1,-1,1,1,-1,-1,1,1,1,-1,1,-1,1,-1,-1,-1,1,-1,-1,-1,1,-1,-1,1,1,-1,1,1,-1,1,1,1,-1,1,1,-1,1,-1,1,-1,-1,1,-1,-1,1,1,-1,-1,1,-1,-1,1,1,1,-1,1,-1,-1,1,1,-1,-1,1,-1,-1,-1,1,1,-1,1,1,-1,-1,1,-1,-1,1,-1,1,-1,1,1,-1,-1,1,-1,-1,-1,-1,-1,1,1,1,-1,1,1,-1,-1,1,-1,-1,-1,-1,-1,1,1,-1,-1,-1,-1,-1,1,1,-1,1,1,-1,-1,-1,1,1,-1,-1,-1,-1,1,1,-1,-1,1,-1,-1,-1,1,1,-1,-1,-1,-1,-1,1,-1,-1,1,-1,-1,-1,1,1,-1,1,-1,-1,1,1,1,-1,-1,-1,-1,-1,1,1,1,-1,-1,-1,-1,1,1,-1,-1,-1,-1,1,1,1,1,-1,-1,1,1,1,1,1,-1,-1,-1,1,1,1,1,1,-1,1,1,1,1,-1,1,-1,-1,1,-1,1,-1,1,-1,-1,1,-1,1,-1,-1,-1,-1,1,-1,1,-1,1,1,-1,1,-1,1,-1,1,1,-1,1,-1,1,-1,-1,-1,-1,1,1,-1,-1,-1,-1,-1,1,-1,1,-1,-1,-1,-1,-1,-1,-1,1,-1,-1,-1,1,-1,-1,1,-1,-1,-1,-1,-1,-1,1,-1,-1,-1,-1,-1,1,-1,-1,-1,1,-1,-1,1,-1,1,-1,-1,-1,-1,-1,-1,-1,1,-1,-1,-1,1,1,-1,-1,-1,-1,1,-1,-1,-1,-1,1,-1,-1,1,-1,1,-1,-1,-1,-1,1,-1,1,1,-1,1,-1,-1,1,1,-1,-1,-1,-1,-1,-1,1,1,-1,-1,1,-1,1,1,-1,-1,-1,1,-1,-1,1,-1,-1,1,-1,-1,1,1,1,-1,1,-1,1,1,1,-1,-1,1,-1,-1,1,1,1,-1,1,-1,-1,1,1,-1,1,1,-1,-1,1,1,-1,1,1,-1,-1,1,1,1,1,1,-1,-1,1,1,1,1,-1,1,-1,1,1,1,-1,1,-1,-1,1,-1,1,1,1,1,-1,-1,1,-1,1,1,1,-1,1,-1,1,1,-1,1,-1,1,1,1,1,1,1,1,-1,-1,1,1,1,-1,1,-1,1,1,1,1,1,-1,1,-1,1,1,-1,1,1,-1,-1,1,-1,1,1,-1,-1,1,1,1,1,-1,1,-1,-1,1,1,-1,-1,1,-1,1,1,1,-1,1,-1,-1,-1,1,1,-1,-1,1,-1,-1,1,1,1,-1,1,-1,-1,1,1,1,-1,-1,-1,-1,1,1,-1,-1,-1,1,-1,-1,1,-1,1,1,-1,1,1,-1,-1,1,1,-1,-1,1,1,-1,1,1,-1,1,1,-1,-1,-1,-1,1,-1,-1,-1,-1,-1,1,-1,1,1,-1,1,1,-1,1,1,1,1,-1,1,-1,1,1,1,1,-1,1,-1,-1,1,1,1,-1,1,-1,1,1,1,1,-1,1,-1,1,1,-1,-1,-1,1,-1,-1,1,1,-1,-1,-1,1,-1,1,-1,1,-1,1,-1,-1,1,-2668.0,1,2000,445,0,False
1534,1,1,-1,-1,1,1,-1,-1,1,1,1,-1,1,1,1,1,-1,1,-1,-1,1,-1,1,1,1,-1,-1,-1,1,1,1,1,-1,-1,-1,-1,1,1,1,1,-1,-1,-1,1,1,1,1,-1,1,1,1,1,-1,1,-1,-1,1,-1,1,1,1,-1,-1,-1,1,1,1,1,-1,-1,-1,1,1,1,1,-1,-1,-1,1,1,1,-1,-1,-1,1,1,1,1,-1,-1,-1,1,1,1,1,-1,-1,1,1,-1,1,1,-1,-1,1,1,1,1,1,-1,-1,1,1,1,1,1,-1,-1,1,1,1,1,1,1,-1,1,1,1,-1,1,1,-1,1,1,1,1,1,1,-1,-1,1,1,1,1,1,-1,1,1,1,1,1,1,-1,-1,-1,1,1,1,1,-1,1,1,1,1,-1,1,-1,1,-1,1,1,1,-1,-1,1,1,1,1,1,-1,1,-1,-1,1,-1,1,-1,1,1,1,1,1,1,1,1,1,-1,1,-1,1,-1,1,1,-1,1,-1,1,1,-1,1,-1,1,-1,1,-1,1,1,-1,-1,-1,1,1,1,1,-1,-1,1,1,-1,-1,1,-1,1,-1,1,1,-1,1,-1,1,-1,1,-1,1,1,-1,-1,-1,1,1,-1,1,-1,1,1,1,-1,1,1,-1,1,-1,1,-1,1,-1,1,-1,1,1,-1,1,-1,-1,-1,1,1,-1,1,-1,-1,-1,1,1,-1,-1,1,1,-1,-1,1,1,-1,1,1,-1,1,1,1,-1,-1,1,-1,1,1,-1,1,-1,1,-1,1,1,1,-1,-1,1,-1,-1,1,-1,1,-1,1,1,-1,1,1,1,-1,1,1,1,1,1,-1,-1,1,-1,1,1,1,1,-1,1,-1,1,1,1,-1,1,1,-1,-1,1,1,-1,-1,1,-1,1,1,1,1,1,1,-1,1,1,1,1,1,1,-1,1,1,1,1,1,1,1,-1,1,1,1,1,1,-1,1,-1,1,-1,1,-1,1,-1,1,1,1,1,-1,1,-1,1,1,1,1,1,1,-1,-1,-1,-1,1,1,1,-1,1,1,-1,1,1,-1,-1,1,1,1,1,1,-1,1,1,1,-1,1,1,1,-1,-1,1,1,1,-1,1,-1,1,-1,1,1,1,1,-1,-1,-1,1,-1,1,1,1,-1,1,-1,1,1,1,1,1,-1,1,-1,-1,1,-1,1,-1,1,-1,-1,1,1,1,-1,-1,1,-1,1,1,1,-1,1,1,1,-1,1,1,-1,1,-1,-1,1,1,1,-1,1,-1,1,1,1,1,-1,1,-1,1,1,1,-1,1,1,-1,-1,1,1,-1,-1,1,-1,1,1,1,-1,1,-1,-1,-1,1,1,-1,-1,1,-1,1,1,1,1,-1,1,-1,-1,-1,1,1,-1,1,-1,1,-1,1,-1,-1,1,-1,-1,1,-1,1,-1,-1,1,-1,1,-1,1,1,-1,1,-1,-1,1,1,1,-1,1,-1,1,-1,-1,-1,1,-1,-1,-1,1,-1,1,1,1,1,-1,1,-1,-1,1,1,-1,1,1,-1,-1,-1,1,-1,-1,1,-1,-1,1,1,1,-1,1,-1,-1,1,1,-1,-1,1,-1,-1,1,1,-1,-1,1,-1,-1,-1,1,1,-1,1,1,-1,-1,1,-1,-1,1,-1,1,-1,1,1,-1,-1,1,-1,-1,-1,-1,-1,1,1,1,-1,1,1,-1,-1,1,-1,1,-1,-1,-1,1,1,-1,-1,-1,-1,-1,1,1,-1,1,1,-1,-1,-1,1,1,-1,-1,-1,-1,-1,1,-1,-1,1,-1,-1,-1,1,1,-1,-1,-1,-1,-1,1,-1,-1,1,-1,-1,-1,1,1,-1,1,-1,-1,1,1,1,-1,-1,-1,-1,-1,1,1,1,-1,-1,-1,-1,1,1,-1,-1,-1,-1,1,1,1,1,-1,-1,1,1,1,1,1,-1,-1,-1,1,1,1,-1,1,-1,1,1,1,1,-1,1,-1,-1,1,-1,1,-1,1,-1,-1,1,-1,1,-1,-1,-1,-1,1,-1,1,-1,1,-1,-1,1,-1,1,-1,1,-1,-1,1,-1,1,-1,-1,-1,-1,1,1,-1,-1,-1,-1,-1,1,-1,1,-1,-1,-1,-1,-1,-1,-1,1,-1,-1,-1,1,-1,-1,1,-1,-1,-1,-1,-1,-1,1,-1,-1,-1,-1,-1,1,-1,-1,-1,1,-1,-1,1,-1,1,-1,-1,-1,-1,-1,-1,-1,1,-1,-1,-1,1,1,-1,-1,-1,-1,1,-1,-1,-1,-1,1,-1,-1,1,-1,1,-1,-1,-1,-1,1,-1,1,1,-1,1,-1,-1,1,1,-1,-1,-1,-1,-1,-1,1,1,-1,-1,1,-1,1,1,-1,-1,-1,1,-1,-1,1,-1,-1,1,-1,-1,1,1,1,-1,1,-1,1,1,1,-1,-1,1,-1,-1,1,1,1,-1,1,-1,-1,1,1,-1,1,1,-1,-1,1,1,-1,1,1,-1,-1,1,1,-1,1,1,-1,-1,1,1,1,1,1,1,-1,1,1,1,-1,1,-1,-1,1,-1,1,1,1,1,-1,-1,1,-1,1,1,1,-1,1,1,1,1,-1,1,-1,1,1,1,1,1,1,-1,-1,-1,1,1,1,-1,1,-1,1,1,1,1,-1,1,-1,1,1,1,-1,-1,1,-1,-1,1,-1,1,-1,-1,-1,1,1,1,-1,1,-1,-1,1,1,1,-1,-1,-1,-1,1,1,1,-1,1,-1,-1,-1,1,1,-1,1,-1,-1,-1,1,1,-1,1,-1,-1,1,1,1,1,1,1,-1,-1,1,1,-1,-1,1,1,1,1,1,-1,1,-1,-1,1,1,-1,-1,1,-1,-1,-1,1,1,-1,1,1,1,1,1,-1,-1,-1,-1,-1,-1,-1,-1,-1,1,-1,1,1,1,-1,1,1,-1,1,1,1,1,-1,1,-1,1,1,1,1,-1,1,-1,1,1,1,1,-1,1,-1,1,1,1,1,-1,1,-1,1,1,-1,-1,-1,1,-1,-1,1,1,-1,-1,-1,1,-1,1,-1,1,-1,1,-1,-1,1,-2668.0,1,2000,445,0,False
1535,-1,-1,1,1,1,1,-1,1,-1,-1,-1,1,-1,1,-1,-1,1,-1,1,1,1,-1,-1,-1,-1,1,-1,-1,-1,-1,-1,-1,1,1,-1,-1,1,-1,-1,-1,1,-1,-1,-1,-1,-1,-1,-1,1,1,-1,-1,1,-1,1,-1,-1,1,-1,-1,-1,1,1,1,-1,-1,-1,-1,-1,-1,-1,1,-1,-1,-1,-1,1,-1,1,-1,-1,1,1,-1,1,-1,-1,-1,-1,1,-1,-1,1,-1,-1,-1,-1,1,1,1,-1,1,-1,-1,1,1,1,-1,-1,-1,-1,1,1,1,-1,1,-1,-1,1,1,1,-1,-1,-1,-1,1,1,1,-1,1,-1,-1,1,1,1,-1,-1,-1,-1,1,1,1,-1,1,1,-1,-1,1,1,1,1,-1,-1,1,-1,1,1,1,-1,-1,1,1,1,1,-1,1,-1,1,-1,1,1,1,-1,-1,1,1,1,-1,1,-1,1,-1,-1,1,1,1,-1,1,-1,1,1,-1,1,-1,1,1,-1,1,-1,1,-1,1,1,-1,1,-1,1,-1,-1,1,-1,1,-1,1,-1,1,1,-1,-1,-1,1,-1,-1,1,-1,-1,1,1,-1,-1,1,-1,1,1,-1,1,-1,1,-1,1,-1,1,-1,1,1,-1,-1,1,1,-1,-1,1,-1,1,1,1,-1,1,-1,-1,1,-1,1,-1,1,1,1,-1,1,1,-1,1,-1,-1,-1,1,1,-1,1,-1,-1,-1,-1,1,1,-1,1,1,-1,-1,1,-1,-1,1,1,-1,1,1,1,-1,-1,1,-1,1,1,-1,1,-1,1,-1,-1,1,-1,-1,-1,1,-1,-1,1,-1,1,-1,1,1,-1,1,1,1,-1,1,1,-1,1,1,-1,-1,1,-1,-1,1,-1,1,-1,1,-1,-1,1,1,-1,1,1,-1,1,-1,1,-1,-1,1,-1,1,1,1,1,1,1,-1,1,1,1,1,1,1,-1,1,1,1,1,1,1,-1,1,-1,1,1,1,1,-1,1,-1,1,-1,1,1,1,1,-1,1,1,1,1,1,-1,1,1,1,-1,-1,1,1,1,-1,-1,1,1,1,1,-1,1,-1,1,1,1,1,-1,1,1,1,1,-1,1,-1,1,-1,1,1,1,1,-1,1,1,1,-1,1,1,1,-1,1,1,1,1,1,-1,-1,1,-1,-1,1,-1,1,-1,1,1,1,1,1,1,-1,1,-1,-1,1,-1,1,-1,1,-1,1,1,-1,1,-1,-1,1,-1,1,-1,1,-1,1,1,-1,1,-1,1,-1,1,-1,-1,1,-1,-1,-1,-1,-1,1,1,-1,1,-1,1,-1,1,1,-1,-1,1,1,-1,1,-1,-1,-1,-1,1,-1,1,1,-1,-1,1,-1,-1,-1,1,-1,-1,-1,1,-1,1,-1,-1,-1,-1,-1,-1,-1,-1,-1,-1,-1,-1,-1,1,-1,1,-1,-1,1,-1,-1,1,1,-1,-1,-1,1,-1,1,1,-1,-1,-1,1,-1,-1,-1,1,1,-1,1,-1,1,1,1,1,1,-1,-1,-1,1,-1,-1,1,1,1,-1,1,-1,1,1,1,-1,1,1,-1,1,-1,1,1,-1,1,-1,-1,1,1,1,-1,1,-1,-1,1,1,1,-1,1,-1,-1,1,1,1,-1,1,-1,-1,-1,1,-1,-1,1,1,-1,-1,1,1,-1,1,-1,1,-1,1,1,-1,-1,1,-1,-1,-1,1,-1,1,1,1,-1,1,1,-1,-1,1,-1,1,-1,-1,-1,1,1,-1,-1,-1,-1,-1,1,1,-1,-1,1,1,-1,-1,1,1,-1,-1,-1,-1,-1,1,-1,-1,1,1,-1,-1,1,1,-1,-1,-1,-1,-1,1,-1,-1,1,1,-1,-1,1,1,-1,1,1,-1,-1,1,1,-1,1,1,-1,-1,1,1,1,1,1,-1,-1,1,1,-1,1,1,-1,1,-1,1,1,-1,1,1,1,-1,1,1,1,1,-1,1,1,-1,1,-1,1,1,1,1,-1,1,-1,1,-1,1,-1,-1,1,-1,1,1,-1,1,-1,1,1,1,1,-1,1,-1,1,1,1,1,1,1,-1,1,-1,1,1,-1,-1,-1,1,1,1,1,1,1,-1,1,1,1,1,1,-1,1,-1,1,1,1,-1,-1,-1,-1,1,1,-1,1,-1,1,-1,1,1,1,-1,-1,-1,-1,1,1,-1,-1,-1,-1,1,-1,1,-1,-1,-1,1,-1,1,1,-1,-1,-1,1,-1,1,1,-1,-1,-1,1,1,1,1,-1,1,-1,1,-1,1,1,1,-1,-1,-1,1,1,1,1,-1,-1,1,-1,1,1,-1,1,-1,-1,1,1,1,1,-1,-1,-1,-1,1,-1,1,-1,1,-1,1,1,1,1,1,-1,-1,1,1,1,1,-1,1,-1,1,1,-1,1,-1,-1,1,1,1,1,-1,1,-1,-1,1,-1,1,1,1,-1,-1,1,1,1,-1,1,1,-1,1,1,1,1,1,1,-1,1,1,1,1,1,1,-1,1,1,-1,1,1,-1,-1,1,1,-1,1,1,1,-1,1,-1,-1,1,1,1,-1,-1,1,-1,1,1,1,-1,1,1,-1,1,1,1,-1,1,1,-1,1,1,1,-1,-1,1,1,1,1,-1,1,-1,1,1,1,1,-1,1,-1,1,1,1,-1,-1,1,-1,1,1,-1,1,-1,-1,-1,1,-1,1,-1,1,-1,-1,1,-1,1,-1,-1,-1,-1,1,-1,1,-1,-1,-1,-1,-1,1,1,-1,1,-1,-1,1,-1,1,-1,1,-1,-1,1,-1,1,1,1,1,-1,-1,1,-1,-1,-1,1,1,1,1,-1,-1,1,-1,-1,1,1,-1,-1,1,-1,-1,-1,-1,1,-1,1,1,1,1,-1,1,-1,-1,-1,1,-1,-1,-1,-1,1,-1,1,1,1,-1,1,1,-1,1,1,-1,-1,-1,1,-1,1,1,1,1,-1,1,-1,1,1,1,-1,1,1,-1,1,1,1,1,-1,1,-1,1,1,-1,-1,-1,1,-1,-1,1,1,-1,1,1,1,-1,1,-1,1,-1,1,-1,-1,1,-2668.0,1,2000,445,1500,True
1536,1,1,-1,-1,1,-1,-1,-1,1,1,1,-1,1,1,1,1,-1,1,-1,-1,-1,-1,1,1,1,-1,1,-1,1,1,1,1,-1,-1,-1,-1,1,1,1,1,-1,-1,-1,1,1,1,1,-1,1,1,1,1,-1,1,-1,-1,1,-1,1,1,1,-1,-1,-1,1,1,1,1,-1,-1,-1,1,1,1,1,-1,-1,-1,1,1,1,-1,-1,-1,1,1,1,1,-1,-1,1,1,1,1,1,-1,-1,-1,1,-1,1,1,-1,-1,1,1,1,1,1,-1,-1,-1,1,-1,1,1,-1,-1,1,1,1,1,1,1,-1,-1,1,1,-1,1,1,-1,1,1,1,1,1,1,-1,1,1,1,1,1,1,-1,1,1,1,1,1,1,-1,-1,-1,1,1,1,1,-1,1,1,1,1,-1,1,-1,1,-1,1,1,1,-1,-1,1,1,1,1,1,-1,1,-1,-1,1,-1,1,-1,1,1,1,1,1,1,1,1,1,-1,1,-1,1,-1,1,1,-1,1,-1,1,1,-1,1,-1,1,-1,1,-1,1,1,-1,-1,-1,1,1,1,1,-1,-1,1,1,-1,-1,1,-1,1,-1,1,1,-1,1,-1,1,-1,1,-1,1,1,-1,-1,-1,1,1,-1,1,-1,1,1,1,-1,1,1,-1,-1,-1,1,-1,1,-1,1,-1,1,1,-1,1,-1,-1,-1,1,1,-1,1,-1,-1,-1,1,1,-1,-1,1,1,-1,-1,1,1,-1,1,1,-1,1,1,1,1,-1,1,-1,1,1,-1,1,-1,1,1,1,1,1,1,1,1,-1,-1,1,-1,-1,-1,1,1,-1,1,1,1,-1,1,1,1,1,1,1,-1,1,-1,1,1,1,-1,1,1,-1,1,1,1,-1,1,1,-1,-1,1,1,1,-1,1,-1,1,1,1,-1,1,1,-1,1,1,1,-1,1,1,-1,1,1,1,-1,1,1,-1,-1,1,1,-1,1,1,-1,1,-1,1,-1,1,-1,1,-1,1,1,1,-1,-1,1,-1,1,1,-1,1,1,1,-1,-1,-1,-1,1,1,1,-1,1,1,-1,1,1,-1,-1,1,1,1,1,1,-1,1,1,1,-1,1,1,1,1,-1,1,1,1,-1,1,-1,1,1,1,1,1,1,-1,-1,-1,1,-1,1,1,1,-1,1,1,-1,1,1,1,1,-1,1,-1,-1,1,-1,1,-1,1,1,-1,1,1,1,-1,-1,1,-1,1,1,1,-1,1,1,1,-1,1,1,-1,-1,1,-1,1,1,1,-1,1,1,1,1,1,1,-1,1,-1,1,1,1,-1,-1,1,-1,1,1,1,-1,-1,1,-1,1,1,1,-1,-1,1,1,-1,1,1,-1,-1,1,-1,1,1,1,1,-1,1,1,-1,1,1,1,-1,-1,-1,1,1,1,-1,-1,1,-1,-1,1,-1,1,-1,-1,1,-1,1,-1,1,-1,-1,1,-1,-1,1,1,1,-1,1,-1,1,-1,-1,1,1,-1,-1,-1,1,-1,1,1,1,1,-1,1,-1,-1,1,1,-1,1,1,-1,1,-1,1,-1,-1,1,-1,-1,1,1,1,-1,1,-1,-1,1,1,-1,-1,1,-1,1,1,1,-1,-1,1,-1,-1,-1,1,1,-1,1,-1,-1,-1,1,-1,-1,1,-1,1,1,1,1,-1,-1,1,-1,-1,-1,-1,-1,1,1,1,-1,-1,1,-1,-1,1,-1,-1,1,-1,-1,1,1,-1,-1,1,1,-1,1,1,-1,1,-1,1,-1,-1,1,1,-1,-1,-1,-1,1,1,-1,-1,1,-1,-1,-1,1,1,-1,-1,-1,-1,-1,1,-1,-1,-1,-1,-1,-1,1,1,-1,-1,-1,-1,1,1,1,-1,-1,-1,-1,-1,1,1,1,-1,-1,-1,-1,1,1,-1,-1,-1,-1,1,1,1,1,-1,-1,1,1,1,1,1,-1,-1,-1,1,1,1,-1,1,-1,1,1,1,1,-1,1,-1,-1,1,-1,1,-1,1,-1,-1,1,-1,1,-1,-1,-1,-1,1,-1,1,-1,1,-1,-1,1,-1,1,-1,1,-1,-1,1,-1,1,-1,-1,-1,-1,1,1,-1,-1,-1,-1,-1,1,-1,1,-1,-1,-1,-1,-1,-1,-1,1,-1,-1,-1,1,-1,-1,1,-1,-1,-1,-1,-1,1,1,-1,-1,-1,-1,-1,1,-1,-1,-1,1,-1,-1,1,-1,1,-1,-1,-1,-1,-1,-1,-1,1,-1,-1,-1,1,1,-1,-1,-1,-1,1,-1,-1,-1,-1,1,-1,-1,1,-1,1,-1,-1,-1,-1,1,-1,1,1,-1,1,-1,-1,1,1,-1,-1,-1,-1,-1,-1,1,1,-1,-1,1,-1,1,1,-1,-1,-1,1,-1,1,1,-1,-1,1,-1,-1,1,1,1,-1,1,-1,1,1,1,-1,-1,1,-1,-1,1,-1,1,-1,1,-1,-1,1,1,-1,1,1,-1,-1,1,1,-1,1,1,-1,-1,1,1,-1,1,1,-1,-1,1,1,1,1,1,1,-1,-1,1,1,-1,1,-1,-1,1,-1,1,1,1,1,-1,-1,1,-1,1,1,1,-1,1,1,1,1,-1,1,-1,1,1,1,1,1,1,1,-1,1,1,1,1,-1,1,-1,1,1,1,1,1,-1,1,1,1,1,-1,1,1,-1,1,1,-1,1,1,-1,-1,1,1,1,1,-1,1,-1,1,1,1,-1,-1,1,-1,1,1,1,-1,1,-1,-1,-1,1,1,-1,-1,1,-1,-1,1,1,1,-1,1,-1,-1,1,1,1,-1,1,-1,-1,1,1,-1,-1,-1,1,-1,-1,1,-1,1,1,-1,1,1,-1,-1,1,1,-1,-1,1,1,-1,1,1,-1,1,1,-1,-1,-1,-1,1,-1,-1,-1,-1,1,-1,-1,1,1,-1,1,1,-1,1,1,1,1,-1,1,-1,1,1,1,-1,-1,1,-1,-1,1,1,-1,-1,1,-1,1,1,1,-1,-1,1,-1,1,1,1,1,-1,1,-1,-1,1,1,1,-1,-1,1,-1,1,-1,1,-1,1,-1,-1,1,-2668.0,1,2000,445,0,False
1537,1,1,-1,-1,1,-1,-1,-1,1,1,1,-1,1,1,1,1,-1,1,-1,-1,1,-1,1,1,1,-1,1,-1,1,1,1,1,-1,-1,-1,-1,1,1,1,1,-1,-1,-1,1,1,1,1,-1,1,1,1,1,-1,1,-1,-1,1,-1,1,1,1,-1,-1,-1,1,1,1,1,-1,-1,-1,1,1,1,1,-1,-1,-1,1,1,1,-1,-1,-1,1,1,1,1,-1,1,-1,1,1,1,1,-1,-1,1,1,-1,1,1,-1,-1,1,1,1,1,1,-1,-1,1,1,1,1,1,-1,-1,1,1,1,1,1,1,-1,1,1,1,-1,1,1,-1,1,1,1,1,1,1,-1,-1,1,1,1,1,1,-1,1,1,1,1,1,1,-1,-1,-1,1,1,1,1,-1,1,1,1,1,-1,1,-1,1,-1,1,1,1,-1,-1,1,1,1,1,1,-1,1,-1,-1,1,1,1,-1,1,1,1,1,-1,1,1,1,1,-1,1,-1,1,-1,1,1,-1,1,-1,1,1,-1,1,-1,1,-1,1,-1,1,1,-1,1,-1,1,1,1,1,-1,-1,1,1,-1,-1,1,-1,1,-1,-1,1,-1,1,-1,1,-1,1,-1,1,1,-1,-1,-1,1,1,-1,1,-1,1,1,1,-1,1,1,-1,1,-1,1,-1,1,-1,1,-1,1,1,-1,1,-1,-1,-1,1,1,-1,1,-1,-1,-1,1,1,-1,-1,1,1,-1,-1,1,1,-1,1,1,-1,1,1,1,1,-1,1,-1,1,1,-1,1,-1,1,-1,1,1,1,1,1,1,-1,-1,1,-1,-1,-1,1,1,-1,1,1,1,-1,1,1,1,1,1,1,1,1,-1,1,1,1,-1,1,1,-1,1,1,1,-1,1,1,-1,-1,1,1,1,-1,1,-1,1,1,1,-1,1,1,-1,1,1,1,-1,1,1,-1,1,1,1,-1,1,1,1,-1,1,1,-1,1,1,-1,1,-1,1,-1,1,1,1,-1,1,1,1,-1,1,1,-1,1,1,-1,1,1,1,-1,-1,-1,-1,1,1,1,-1,1,1,-1,1,1,-1,-1,1,1,1,1,1,-1,1,1,1,-1,1,1,1,1,-1,1,1,1,-1,1,-1,1,1,1,1,1,1,-1,-1,-1,1,-1,-1,1,1,-1,1,1,1,1,1,1,1,-1,1,-1,-1,1,-1,1,-1,1,1,1,1,1,1,-1,-1,1,-1,1,1,1,-1,1,1,1,-1,1,1,-1,-1,1,-1,1,1,1,-1,1,1,1,1,1,1,-1,1,-1,1,1,1,-1,1,1,-1,-1,1,1,-1,-1,1,-1,1,1,1,-1,-1,1,-1,-1,1,1,-1,-1,1,-1,1,1,1,1,-1,1,-1,-1,-1,1,1,-1,1,-1,1,-1,1,-1,-1,1,-1,-1,1,-1,1,-1,-1,1,-1,1,-1,1,-1,1,1,-1,-1,1,1,1,-1,1,-1,1,-1,-1,1,1,-1,-1,-1,1,-1,-1,1,1,1,-1,1,-1,1,1,1,-1,1,1,-1,1,-1,1,-1,-1,1,-1,-1,1,1,1,-1,1,-1,-1,1,1,-1,-1,1,-1,-1,1,1,-1,-1,1,-1,-1,-1,1,1,-1,1,1,-1,-1,1,-1,-1,1,-1,1,-1,1,1,-1,-1,1,-1,-1,-1,-1,-1,1,1,1,-1,1,1,-1,-1,1,-1,-1,-1,-1,-1,1,1,-1,-1,-1,-1,-1,1,1,-1,1,1,1,-1,-1,1,1,-1,-1,-1,-1,-1,1,-1,-1,1,-1,-1,-1,1,1,-1,-1,-1,-1,-1,1,-1,-1,1,-1,-1,1,1,1,-1,1,-1,-1,-1,1,1,-1,-1,-1,-1,-1,1,1,1,-1,-1,-1,-1,1,1,-1,-1,-1,-1,1,1,1,1,-1,-1,1,1,1,1,1,-1,-1,-1,1,1,1,1,1,-1,1,1,1,1,-1,1,-1,-1,1,-1,1,-1,1,-1,-1,1,-1,1,-1,-1,-1,-1,1,-1,1,-1,1,-1,-1,1,-1,1,-1,1,-1,1,-1,-1,1,-1,-1,-1,-1,1,1,-1,-1,-1,-1,-1,1,-1,1,-1,-1,-1,-1,-1,-1,-1,1,-1,-1,-1,1,-1,-1,1,-1,-1,-1,-1,-1,-1,1,-1,-1,-1,-1,-1,1,-1,-1,-1,1,-1,-1,1,-1,1,-1,-1,-1,-1,-1,-1,-1,1,-1,-1,-1,1,1,-1,-1,-1,1,-1,-1,-1,-1,-1,1,-1,-1,1,-1,1,-1,-1,-1,-1,1,-1,1,1,-1,1,-1,-1,1,1,-1,-1,-1,-1,-1,-1,1,1,-1,-1,1,-1,1,1,-1,-1,-1,1,-1,-1,1,-1,-1,1,-1,-1,1,1,1,-1,1,-1,1,1,1,-1,-1,1,-1,-1,1,1,1,-1,1,-1,-1,1,1,-1,1,1,-1,-1,1,1,-1,1,1,-1,-1,1,1,-1,1,1,-1,-1,1,1,1,1,1,1,-1,-1,1,1,-1,1,-1,-1,1,-1,1,1,1,1,-1,-1,1,-1,1,1,1,-1,1,-1,1,1,-1,1,-1,1,1,1,1,1,1,1,-1,-1,1,1,1,-1,1,-1,1,1,1,1,1,-1,1,-1,1,1,-1,1,1,-1,-1,1,-1,1,1,-1,-1,1,1,1,1,-1,1,-1,-1,1,1,-1,-1,1,-1,1,1,1,-1,1,-1,-1,-1,1,1,-1,-1,1,-1,-1,1,1,1,-1,1,-1,-1,1,1,1,-1,1,-1,-1,1,1,-1,-1,-1,1,-1,-1,1,-1,1,1,-1,1,1,-1,-1,1,-1,-1,-1,-1,1,-1,1,1,-1,1,1,-1,-1,-1,-1,1,-1,-1,-1,-1,1,-1,-1,1,1,-1,1,1,-1,1,1,1,1,-1,1,-1,1,1,1,1,-1,1,-1,-1,1,1,1,-1,1,-1,1,1,1,1,-1,1,-1,1,1,-1,-1,-1,1,-1,-1,1,1,-1,-1,-1,1,-1,1,-1,1,-1,1,-1,-1,1,-2668.0,1,2000,445,0,False
1538,1,1,-1,-1,1,-1,1,-1,1,1,1,-1,1,1,1,1,-1,1,-1,-1,1,-1,1,1,1,1,-1,-1,1,1,1,1,-1,-1,-1,-1,1,1,1,1,-1,-1,-1,1,1,1,1,-1,1,1,1,1,-1,1,-1,-1,1,-1,1,1,1,-1,-1,-1,1,1,1,1,-1,-1,-1,1,1,1,1,-1,-1,-1,1,1,1,-1,-1,-1,1,1,1,1,-1,-1,-1,1,1,1,1,-1,-1,1,1,-1,1,1,-1,-1,1,1,1,1,1,-1,-1,1,1,1,1,1,-1,-1,1,1,1,1,1,1,-1,1,1,1,-1,1,1,-1,1,1,1,1,1,1,-1,-1,1,1,1,1,1,-1,1,1,1,1,1,1,-1,-1,-1,1,1,1,1,-1,1,1,1,1,-1,1,-1,1,-1,1,1,1,-1,-1,1,1,1,1,1,-1,1,-1,-1,1,1,1,-1,1,1,1,1,-1,1,1,1,1,1,1,-1,1,-1,1,1,-1,1,-1,1,1,-1,1,-1,1,-1,1,-1,1,1,-1,-1,-1,1,1,1,1,-1,-1,1,1,-1,-1,1,-1,1,-1,1,1,1,1,-1,1,-1,1,-1,1,1,-1,1,-1,1,1,-1,1,-1,1,1,1,-1,1,1,-1,1,-1,1,-1,1,-1,1,-1,1,1,-1,1,-1,-1,-1,1,1,-1,1,-1,-1,-1,1,1,-1,-1,1,1,-1,-1,1,1,-1,1,1,-1,1,1,1,1,-1,1,-1,1,1,-1,1,-1,1,1,-1,1,1,-1,-1,1,-1,-1,1,-1,-1,-1,1,1,-1,1,1,1,-1,1,-1,-1,1,1,1,-1,1,-1,1,1,1,1,-1,1,-1,1,1,1,-1,1,1,-1,-1,1,1,1,-1,1,-1,1,1,1,-1,1,1,-1,1,1,1,-1,1,-1,-1,1,1,1,1,1,-1,-1,-1,1,1,-1,1,-1,-1,1,-1,1,-1,1,1,-1,-1,1,1,1,1,1,-1,-1,1,1,-1,1,-1,-1,-1,-1,-1,-1,1,1,-1,-1,1,1,-1,1,-1,-1,-1,1,1,1,1,1,-1,1,1,1,-1,1,-1,-1,-1,-1,1,1,1,1,-1,-1,1,-1,1,1,-1,-1,1,-1,-1,1,-1,1,-1,-1,1,-1,1,1,-1,-1,1,1,-1,1,-1,1,-1,-1,1,-1,1,1,-1,-1,-1,1,-1,-1,1,1,-1,-1,1,-1,1,1,-1,1,-1,1,-1,-1,1,1,-1,-1,1,-1,1,1,-1,-1,1,1,-1,1,-1,1,-1,1,-1,1,1,-1,1,-1,1,-1,-1,1,-1,-1,-1,1,-1,-1,1,1,1,-1,1,-1,-1,1,-1,-1,1,-1,1,-1,1,-1,1,-1,1,1,-1,1,-1,1,-1,1,-1,-1,1,-1,1,1,1,1,-1,-1,1,1,-1,1,1,-1,1,1,1,1,-1,1,1,-1,1,1,1,1,-1,-1,1,-1,-1,-1,1,-1,-1,1,1,1,-1,1,-1,1,-1,-1,-1,1,1,-1,1,1,-1,-1,-1,1,-1,1,1,-1,1,-1,1,-1,-1,-1,-1,-1,-1,1,-1,-1,-1,-1,-1,-1,1,-1,1,1,1,1,-1,1,-1,1,1,-1,-1,-1,1,-1,-1,1,-1,1,-1,-1,1,1,1,1,-1,-1,1,1,1,1,-1,1,-1,-1,1,1,1,-1,-1,-1,-1,1,1,1,-1,-1,-1,1,-1,1,-1,1,1,-1,-1,1,1,1,-1,-1,-1,-1,1,1,1,1,-1,-1,-1,1,1,1,1,-1,-1,-1,1,1,1,-1,-1,-1,-1,1,1,1,1,-1,-1,1,1,1,1,1,-1,-1,-1,1,1,-1,1,-1,-1,-1,1,1,1,1,-1,-1,1,1,1,1,-1,-1,1,1,-1,1,1,-1,-1,-1,1,1,1,1,1,-1,1,1,1,1,1,-1,-1,-1,1,-1,1,-1,-1,-1,-1,1,-1,1,1,-1,-1,-1,1,-1,1,1,-1,-1,-1,1,1,1,1,-1,-1,1,-1,-1,1,1,-1,-1,-1,1,1,-1,-1,-1,-1,-1,1,-1,1,-1,-1,-1,-1,-1,-1,-1,1,-1,-1,-1,1,-1,-1,1,-1,-1,-1,-1,-1,-1,1,-1,-1,-1,-1,-1,1,-1,-1,-1,1,-1,-1,1,-1,1,-1,-1,-1,-1,-1,-1,-1,1,-1,-1,-1,1,1,-1,-1,-1,-1,1,-1,-1,-1,-1,1,-1,-1,1,1,1,-1,-1,-1,-1,1,-1,1,1,-1,1,-1,-1,1,1,-1,-1,-1,-1,-1,-1,1,1,-1,-1,1,-1,1,1,-1,-1,-1,1,-1,1,1,-1,-1,1,-1,-1,1,1,1,-1,1,-1,1,1,1,-1,-1,1,-1,-1,1,1,1,-1,1,-1,-1,1,1,-1,1,1,-1,-1,1,1,-1,1,1,-1,-1,1,1,-1,1,1,-1,-1,1,1,1,1,-1,1,-1,1,1,1,-1,1,-1,-1,1,-1,1,1,1,1,-1,-1,1,-1,1,-1,1,-1,1,-1,1,1,-1,1,-1,1,1,1,1,1,1,1,-1,-1,1,1,1,-1,1,-1,1,1,1,1,1,-1,1,-1,1,1,-1,-1,1,-1,-1,1,-1,1,1,-1,-1,1,1,1,-1,1,1,-1,-1,1,1,-1,-1,1,-1,1,1,1,-1,1,-1,-1,-1,1,1,-1,-1,1,-1,-1,1,1,-1,-1,1,-1,-1,1,1,1,1,-1,-1,-1,1,1,-1,-1,1,1,-1,-1,1,-1,1,1,-1,1,1,-1,-1,1,-1,-1,-1,1,1,-1,1,1,-1,1,1,-1,-1,-1,-1,1,-1,-1,-1,-1,1,-1,-1,1,1,-1,1,1,-1,1,1,1,1,-1,1,-1,1,1,1,1,-1,1,-1,-1,1,1,1,-1,1,-1,1,1,1,1,-1,1,-1,1,1,-1,-1,-1,1,-1,-1,1,1,-1,-1,-1,1,-1,1,-1,1,-1,1,-1,-1,1,-2668.0,1,2000,445,0,False
1539,1,1,-1,-1,1,1,-1,-1,1,1,1,-1,-1,1,1,1,-1,1,-1,-1,-1,-1,1,1,1,-1,-1,-1,1,1,1,1,-1,-1,-1,-1,1,-1,1,1,-1,-1,-1,1,1,1,1,-1,1,1,1,1,-1,1,-1,-1,1,-1,1,1,1,-1,-1,-1,1,1,1,1,-1,-1,-1,1,1,1,1,-1,-1,-1,1,1,1,-1,-1,-1,1,1,1,1,-1,-1,1,1,1,1,1,-1,-1,-1,1,-1,1,1,-1,-1,1,1,1,1,1,-1,-1,-1,1,-1,1,1,-1,-1,1,1,1,1,1,1,-1,-1,1,1,-1,1,1,-1,1,1,1,1,1,1,-1,1,1,1,1,1,1,-1,1,1,1,1,1,1,-1,-1,-1,1,1,1,1,-1,1,1,1,1,-1,1,-1,1,-1,1,1,1,-1,-1,1,1,1,1,1,-1,1,-1,-1,1,-1,1,-1,1,1,1,1,1,1,1,1,1,-1,1,-1,1,-1,1,1,-1,1,-1,1,1,-1,1,-1,1,-1,1,-1,1,1,-1,1,-1,1,1,1,1,-1,-1,1,1,-1,-1,1,-1,1,-1,-1,1,-1,1,-1,1,-1,1,-1,-1,1,-1,1,-1,1,1,-1,1,-1,1,1,1,-1,1,1,-1,1,-1,1,-1,1,-1,1,-1,1,1,-1,1,-1,-1,-1,1,1,-1,1,-1,-1,-1,1,1,-1,-1,1,1,-1,-1,1,1,-1,1,1,-1,1,1,1,1,-1,1,-1,1,1,-1,1,-1,1,1,1,1,1,1,1,1,-1,-1,1,-1,-1,-1,1,1,-1,1,1,1,-1,1,1,1,1,1,1,1,1,-1,1,1,1,-1,1,1,-1,1,1,1,-1,1,1,-1,-1,1,1,1,-1,1,-1,1,1,1,-1,1,1,-1,1,1,1,-1,1,1,-1,1,1,1,-1,1,1,-1,-1,1,1,-1,1,1,-1,1,-1,1,-1,1,1,1,-1,1,1,1,-1,1,1,-1,1,1,-1,1,1,1,-1,-1,-1,-1,1,1,1,-1,1,1,-1,1,1,-1,-1,1,1,1,1,1,-1,1,1,1,-1,1,1,1,1,-1,1,1,-1,-1,1,-1,1,1,1,-1,1,1,-1,-1,-1,1,-1,-1,1,-1,1,-1,1,-1,1,1,1,-1,-1,1,-1,-1,1,-1,1,-1,1,-1,-1,1,1,1,-1,-1,1,-1,1,1,-1,-1,1,1,1,-1,1,-1,-1,-1,1,-1,1,1,-1,-1,1,1,1,1,-1,1,-1,1,-1,1,1,-1,1,-1,1,-1,1,1,-1,-1,-1,1,1,1,1,1,-1,-1,1,-1,-1,1,-1,-1,-1,1,1,1,1,1,-1,-1,1,1,-1,1,-1,-1,-1,-1,1,-1,1,-1,-1,-1,1,1,-1,1,-1,-1,-1,-1,1,-1,1,-1,-1,-1,-1,1,-1,-1,1,1,1,-1,1,-1,1,-1,1,1,1,-1,-1,-1,1,-1,-1,1,1,1,-1,1,-1,1,1,1,-1,1,1,-1,1,-1,1,-1,-1,1,-1,-1,1,1,1,-1,1,-1,-1,1,1,-1,-1,1,-1,-1,1,1,-1,-1,1,-1,-1,-1,1,1,-1,1,-1,-1,-1,1,-1,-1,1,-1,1,-1,1,1,-1,-1,1,-1,-1,-1,-1,-1,1,1,1,-1,-1,1,-1,-1,1,-1,-1,1,-1,-1,-1,1,-1,-1,1,1,-1,1,1,-1,1,-1,1,-1,-1,1,1,-1,-1,-1,-1,-1,1,-1,-1,1,-1,-1,-1,1,1,-1,-1,-1,-1,-1,1,-1,-1,-1,-1,-1,1,1,1,-1,-1,-1,-1,-1,1,1,-1,-1,-1,-1,-1,1,1,1,-1,-1,-1,-1,1,1,-1,-1,-1,-1,1,1,1,1,1,-1,1,1,1,1,1,1,-1,-1,1,1,1,-1,-1,-1,1,1,1,1,-1,1,-1,-1,1,-1,1,-1,1,-1,-1,1,-1,1,-1,1,-1,-1,1,-1,1,-1,1,1,-1,1,-1,1,1,1,1,-1,1,-1,1,1,1,-1,-1,1,1,-1,1,1,-1,-1,1,-1,1,-1,1,-1,-1,-1,-1,-1,1,1,-1,-1,1,-1,-1,1,1,-1,-1,-1,-1,-1,-1,1,-1,-1,-1,-1,1,1,-1,-1,1,-1,-1,1,-1,1,-1,-1,-1,-1,-1,1,1,1,-1,-1,-1,1,1,1,-1,-1,1,-1,-1,-1,1,-1,1,-1,-1,1,1,1,-1,-1,-1,-1,1,-1,1,1,-1,1,-1,-1,1,1,-1,-1,-1,-1,-1,-1,1,1,-1,-1,1,-1,1,1,-1,-1,-1,1,-1,1,1,-1,-1,1,-1,-1,1,1,1,-1,1,-1,1,1,1,-1,-1,1,-1,-1,1,1,1,-1,1,-1,-1,1,1,-1,1,1,-1,-1,1,1,-1,1,1,-1,-1,1,1,-1,1,1,-1,-1,1,1,1,1,-1,1,-1,-1,1,1,-1,1,-1,-1,1,-1,1,1,1,1,-1,-1,1,-1,1,1,1,-1,1,1,1,1,-1,1,-1,1,1,1,1,1,1,1,-1,1,1,1,1,-1,1,-1,1,1,1,1,1,-1,1,1,1,1,-1,1,1,-1,1,1,-1,1,1,-1,-1,1,1,1,1,-1,1,-1,1,1,1,-1,-1,1,-1,1,1,1,-1,1,-1,-1,-1,1,1,-1,-1,1,-1,-1,1,1,-1,-1,1,-1,-1,1,1,1,-1,1,-1,-1,1,1,-1,-1,-1,1,-1,1,1,-1,1,1,-1,-1,1,-1,-1,1,1,1,-1,1,1,-1,1,1,-1,1,1,-1,-1,-1,-1,1,-1,-1,-1,-1,-1,1,-1,1,1,-1,1,1,-1,1,-1,1,1,-1,1,-1,1,1,1,-1,-1,1,-1,1,-1,1,-1,-1,1,-1,1,-1,1,-1,-1,1,-1,1,1,1,1,-1,1,-1,1,-1,1,1,-1,-1,-1,1,-1,-1,1,-1,1,-1,1,-1,-2668.0,1,2000,445,0,False
1540,1,1,-1,-1,1,-1,-1,-1,1,1,1,-1,1,1,1,1,-1,1,-1,-1,-1,-1,1,1,1,-1,-1,-1,1,1,1,1,-1,-1,-1,-1,1,1,1,1,-1,-1,-1,1,1,1,1,-1,1,1,1,1,-1,1,-1,-1,1,-1,1,1,1,-1,-1,-1,1,1,1,1,-1,-1,-1,1,1,1,1,-1,-1,-1,1,1,1,-1,-1,-1,1,1,1,1,-1,-1,1,1,1,1,1,-1,-1,-1,1,-1,1,1,-1,-1,1,1,1,1,1,-1,-1,-1,1,1,1,1,-1,-1,1,1,1,1,1,1,-1,-1,1,1,-1,1,1,-1,1,1,1,1,1,1,-1,1,1,1,1,1,1,-1,1,1,1,1,1,1,-1,-1,-1,1,1,1,1,-1,1,1,1,1,-1,1,-1,1,-1,1,1,1,-1,-1,1,1,1,1,1,-1,1,-1,-1,1,1,1,-1,1,1,1,1,-1,1,1,1,1,-1,1,-1,1,-1,1,1,-1,1,-1,1,1,-1,1,-1,1,-1,1,-1,1,1,-1,1,-1,1,1,1,1,-1,-1,1,1,-1,-1,1,-1,1,-1,-1,1,-1,1,-1,1,-1,1,-1,-1,1,-1,-1,-1,1,1,-1,1,-1,1,1,1,-1,1,1,-1,-1,-1,1,-1,1,-1,1,-1,1,1,-1,1,-1,-1,-1,1,1,-1,1,-1,-1,-1,1,1,-1,-1,1,1,-1,-1,1,1,-1,1,1,-1,1,1,1,1,-1,1,-1,1,1,-1,1,-1,1,1,1,1,1,1,1,1,-1,-1,1,-1,-1,-1,1,1,-1,1,1,1,-1,1,1,1,1,1,1,1,1,-1,1,1,1,-1,-1,1,-1,1,1,1,-1,1,1,-1,-1,1,1,1,-1,1,-1,1,1,1,-1,1,1,-1,1,1,1,-1,1,1,-1,1,1,1,-1,1,1,-1,-1,1,1,-1,1,1,-1,1,-1,1,-1,1,1,1,-1,1,1,1,-1,1,1,-1,1,1,-1,1,1,1,-1,-1,-1,-1,1,1,1,-1,1,1,-1,1,1,-1,-1,1,1,1,1,1,-1,1,1,1,-1,1,1,1,-1,-1,1,1,1,-1,1,-1,1,1,1,1,1,1,-1,-1,-1,1,-1,-1,1,-1,1,-1,1,1,1,1,1,-1,-1,1,-1,-1,1,-1,1,-1,1,1,1,1,1,1,-1,-1,1,-1,1,1,-1,-1,1,1,1,-1,1,-1,-1,-1,1,-1,1,1,-1,-1,1,1,1,1,-1,1,-1,1,-1,1,1,-1,-1,-1,1,-1,1,1,-1,-1,-1,1,-1,1,1,1,-1,-1,1,-1,-1,1,-1,-1,-1,1,-1,1,1,1,-1,-1,1,1,-1,1,-1,-1,-1,-1,1,-1,1,-1,-1,-1,1,1,-1,1,-1,-1,-1,-1,1,-1,1,-1,-1,1,-1,1,-1,-1,1,1,1,-1,1,-1,1,-1,1,-1,1,-1,-1,-1,1,-1,-1,-1,1,1,-1,1,-1,1,1,1,-1,1,1,-1,-1,-1,1,-1,-1,1,-1,-1,1,1,1,-1,1,-1,-1,1,1,-1,-1,1,-1,-1,1,1,-1,-1,1,-1,-1,-1,1,1,-1,1,-1,-1,-1,1,-1,-1,1,-1,1,-1,1,1,-1,-1,1,-1,-1,-1,-1,-1,1,1,1,-1,-1,1,-1,-1,1,-1,-1,1,-1,-1,1,1,-1,-1,1,-1,-1,1,1,-1,1,-1,-1,-1,-1,1,1,-1,-1,-1,-1,1,1,-1,-1,1,-1,-1,-1,1,1,-1,-1,-1,-1,-1,1,-1,-1,-1,-1,-1,1,1,1,-1,-1,-1,-1,-1,1,1,-1,-1,-1,-1,-1,1,1,1,-1,-1,-1,-1,1,1,-1,-1,-1,-1,1,1,1,1,1,-1,1,1,1,1,1,1,-1,-1,1,1,1,1,-1,-1,1,1,1,1,-1,1,-1,-1,1,-1,1,-1,1,-1,-1,1,-1,1,-1,1,-1,-1,1,-1,1,-1,1,-1,-1,1,-1,1,1,1,-1,1,-1,-1,1,1,1,-1,-1,1,1,-1,1,1,-1,-1,1,-1,1,-1,1,-1,-1,-1,-1,-1,1,1,-1,-1,1,-1,-1,1,1,-1,-1,-1,-1,1,-1,1,-1,-1,-1,-1,1,1,-1,-1,1,-1,-1,1,-1,1,-1,-1,-1,-1,-1,1,1,1,-1,-1,-1,1,1,1,-1,-1,1,-1,-1,-1,1,-1,1,-1,-1,1,1,1,-1,-1,-1,-1,1,-1,1,1,-1,1,-1,-1,1,1,-1,-1,-1,-1,-1,-1,1,1,-1,-1,1,-1,1,1,-1,-1,-1,1,-1,1,1,-1,-1,1,-1,-1,1,1,1,-1,1,-1,1,1,1,-1,-1,1,-1,-1,1,1,1,-1,1,-1,-1,1,1,-1,1,1,-1,-1,1,1,-1,1,1,-1,-1,1,1,-1,1,1,-1,-1,1,1,1,1,-1,1,-1,-1,1,1,-1,1,-1,-1,1,-1,1,1,1,1,-1,-1,1,-1,1,1,1,-1,1,1,1,1,-1,1,-1,1,1,1,1,1,1,1,-1,1,1,1,1,-1,1,-1,1,1,1,1,1,-1,1,1,1,1,-1,1,1,-1,1,1,-1,1,1,-1,-1,1,1,1,1,-1,1,-1,1,1,1,-1,-1,1,-1,1,1,1,-1,1,-1,-1,-1,1,1,-1,-1,1,-1,-1,1,1,1,-1,1,-1,-1,1,1,1,-1,1,-1,-1,1,1,-1,-1,-1,1,-1,-1,1,-1,1,1,-1,1,1,-1,-1,1,-1,-1,-1,1,1,-1,1,1,-1,1,1,-1,-1,-1,-1,1,-1,-1,-1,-1,1,-1,-1,1,1,-1,1,1,-1,1,1,1,1,-1,1,-1,1,1,1,-1,-1,1,-1,-1,-1,1,-1,-1,1,-1,1,1,1,-1,-1,1,-1,1,1,1,1,-1,1,-1,-1,1,1,1,-1,-1,1,-1,1,-1,1,-1,1,-1,-1,1,-2668.0,1,2000,445,0,False
1541,1,1,-1,-1,1,1,-1,-1,1,1,1,-1,-1,1,1,1,-1,1,-1,-1,-1,1,1,1,1,-1,-1,-1,1,1,1,1,-1,-1,-1,-1,1,-1,1,1,-1,-1,1,1,1,1,1,-1,1,1,1,1,-1,1,-1,-1,1,-1,1,1,1,-1,-1,1,1,1,1,1,-1,-1,1,1,1,1,1,-1,-1,-1,1,1,1,-1,-1,-1,1,1,1,1,-1,-1,-1,1,1,1,1,-1,-1,1,1,-1,1,1,-1,-1,1,1,1,1,1,-1,-1,-1,1,-1,1,1,-1,-1,1,1,1,1,1,1,-1,-1,1,1,-1,1,1,-1,1,1,1,1,1,1,-1,1,1,1,1,1,1,-1,1,1,1,1,1,1,-1,-1,-1,1,1,1,1,-1,1,-1,1,1,-1,1,-1,1,-1,1,1,1,-1,-1,1,1,1,1,1,-1,1,-1,-1,1,-1,1,-1,1,1,1,1,1,1,1,1,1,-1,1,-1,1,-1,1,1,-1,1,-1,1,1,-1,1,-1,1,-1,1,-1,1,1,-1,1,-1,1,1,1,1,-1,-1,1,1,-1,-1,1,-1,1,-1,1,1,-1,1,-1,1,-1,1,-1,-1,1,-1,-1,-1,1,1,-1,1,-1,1,1,1,-1,1,1,-1,1,-1,1,-1,1,-1,1,-1,1,1,-1,1,-1,-1,-1,1,1,-1,1,-1,-1,-1,1,1,-1,-1,1,1,-1,-1,1,1,-1,1,1,-1,1,1,1,1,-1,1,-1,1,1,-1,1,-1,1,1,1,1,1,1,1,1,-1,-1,1,-1,-1,1,1,1,-1,1,1,1,-1,1,1,1,1,1,1,-1,1,-1,1,1,1,-1,-1,1,-1,1,1,1,-1,1,1,-1,-1,1,1,1,-1,1,-1,1,1,1,-1,1,1,-1,1,1,1,-1,1,1,-1,1,1,1,-1,1,1,-1,-1,1,1,-1,1,1,-1,1,-1,1,-1,1,1,1,-1,1,1,1,-1,1,1,-1,1,1,-1,1,1,1,-1,-1,-1,-1,1,1,1,-1,1,1,-1,1,1,-1,-1,1,1,1,1,1,-1,1,1,1,-1,1,1,1,-1,-1,1,1,1,-1,1,-1,1,1,1,1,1,1,-1,-1,-1,1,-1,-1,1,-1,1,-1,1,-1,1,1,1,-1,-1,1,-1,-1,1,-1,1,-1,1,1,1,1,1,1,-1,-1,1,-1,1,1,-1,-1,1,1,1,-1,1,-1,-1,-1,1,-1,1,1,-1,-1,1,1,1,1,-1,1,-1,1,-1,-1,1,-1,-1,-1,1,-1,1,1,-1,-1,-1,1,-1,1,1,1,-1,-1,1,1,-1,1,-1,-1,-1,1,-1,1,1,1,-1,-1,1,-1,-1,1,-1,-1,-1,-1,-1,-1,1,-1,-1,-1,1,-1,-1,1,-1,-1,-1,-1,1,-1,1,-1,-1,1,-1,1,-1,-1,1,1,1,-1,1,-1,1,-1,1,-1,1,-1,-1,-1,1,-1,-1,1,1,-1,1,1,-1,1,1,1,-1,1,1,-1,1,-1,1,1,-1,1,-1,-1,1,1,-1,-1,1,-1,-1,1,1,1,-1,1,-1,-1,1,1,-1,-1,1,-1,-1,-1,1,1,-1,1,-1,-1,-1,1,-1,-1,1,-1,1,-1,1,1,-1,-1,1,-1,-1,-1,-1,-1,1,1,1,-1,-1,1,-1,-1,1,-1,-1,1,-1,-1,1,1,-1,-1,1,1,-1,1,1,-1,1,-1,1,-1,-1,1,1,-1,-1,-1,-1,-1,1,-1,-1,1,-1,-1,-1,1,1,-1,-1,-1,-1,-1,1,-1,-1,-1,-1,-1,1,1,1,-1,-1,-1,-1,-1,1,1,-1,-1,-1,-1,-1,1,1,1,-1,-1,-1,-1,1,1,-1,-1,-1,-1,1,1,1,1,1,-1,1,1,1,1,1,1,-1,-1,1,1,1,1,-1,-1,1,1,1,1,-1,1,-1,-1,1,-1,1,-1,1,-1,-1,1,-1,1,-1,1,-1,-1,1,-1,1,-1,1,1,-1,1,-1,1,1,1,1,-1,1,-1,1,1,1,-1,-1,1,1,-1,1,1,-1,-1,1,-1,1,-1,1,-1,-1,-1,-1,-1,1,1,-1,-1,1,-1,-1,1,1,-1,-1,-1,-1,1,-1,1,-1,-1,-1,-1,1,1,-1,-1,1,-1,-1,1,-1,1,-1,-1,-1,-1,-1,1,1,1,-1,-1,-1,1,1,1,-1,-1,-1,1,-1,-1,1,-1,1,-1,-1,1,1,1,-1,-1,-1,-1,1,-1,1,1,-1,1,-1,-1,1,1,-1,-1,-1,-1,-1,-1,1,1,-1,-1,1,-1,1,1,-1,-1,-1,1,-1,1,1,-1,-1,1,-1,-1,1,1,1,-1,1,-1,1,1,1,-1,-1,1,-1,-1,1,1,1,-1,1,-1,-1,1,1,-1,1,1,-1,-1,1,1,-1,1,1,-1,-1,1,1,-1,1,1,-1,-1,1,1,1,1,-1,1,-1,-1,1,1,-1,1,-1,-1,1,-1,1,1,1,1,-1,-1,1,-1,1,1,1,-1,1,1,1,1,-1,1,-1,1,1,1,1,1,1,1,-1,1,1,1,1,-1,1,-1,1,1,1,1,1,-1,1,1,1,1,-1,1,1,-1,1,1,-1,1,1,-1,-1,1,1,1,1,-1,1,-1,1,1,1,-1,-1,1,-1,1,1,1,-1,1,-1,-1,-1,1,1,-1,-1,1,-1,-1,1,1,-1,-1,1,-1,-1,1,1,1,-1,1,-1,-1,1,1,-1,-1,-1,1,-1,1,1,-1,1,1,-1,1,1,-1,-1,1,1,-1,-1,1,1,-1,1,1,-1,1,1,-1,-1,-1,-1,1,-1,-1,-1,-1,1,-1,-1,1,1,-1,1,1,-1,1,1,1,1,-1,1,-1,1,1,1,-1,-1,1,-1,1,1,1,-1,-1,1,-1,-1,1,1,-1,-1,1,-1,1,1,1,1,-1,1,-1,-1,1,1,-1,-1,-1,1,-1,1,-1,1,-1,1,-1,-1,1,-2668.0,1,2000,445,1000,False
1542,1,1,-1,-1,1,1,-1,-1,1,1,1,-1,1,1,1,1,-1,1,-1,-1,1,1,1,1,1,-1,1,-1,1,1,1,1,-1,-1,-1,-1,1,-1,1,1,-1,-1,-1,1,1,1,1,-1,1,1,1,1,-1,1,-1,-1,1,-1,1,1,1,-1,-1,1,1,1,1,1,-1,-1,1,1,1,1,1,-1,-1,-1,1,1,1,-1,-1,-1,1,1,1,1,-1,-1,-1,1,1,1,1,-1,-1,1,1,-1,1,1,-1,-1,1,1,1,1,1,-1,-1,1,1,1,1,1,-1,-1,1,1,1,1,1,1,-1,1,1,1,-1,1,1,-1,1,1,1,1,1,1,-1,-1,1,1,1,1,1,-1,1,1,1,1,1,1,-1,-1,-1,1,1,1,1,-1,1,-1,1,1,-1,1,-1,1,-1,1,1,1,-1,-1,1,1,1,1,1,-1,1,-1,-1,1,-1,1,-1,1,1,1,1,1,1,1,1,1,-1,1,-1,1,-1,1,1,-1,1,-1,1,1,-1,1,-1,1,-1,1,-1,1,1,-1,1,-1,1,1,1,1,-1,-1,1,1,-1,-1,1,-1,1,-1,-1,1,-1,1,-1,1,-1,1,-1,1,1,-1,1,-1,1,1,-1,1,-1,1,1,1,-1,1,1,-1,1,-1,1,-1,1,-1,1,-1,1,1,-1,1,-1,-1,-1,1,1,-1,1,-1,1,-1,1,1,-1,-1,1,1,-1,-1,1,1,-1,1,1,-1,1,1,1,1,-1,1,-1,1,1,-1,1,-1,1,1,-1,1,1,1,1,1,-1,-1,1,-1,-1,-1,-1,1,-1,1,1,1,-1,1,-1,-1,1,1,1,1,1,-1,1,1,1,-1,-1,1,-1,1,1,1,-1,1,1,-1,-1,1,1,1,-1,1,-1,1,1,1,-1,1,1,-1,1,1,1,-1,1,-1,-1,1,1,1,-1,1,-1,-1,-1,1,1,-1,1,-1,-1,1,-1,1,-1,1,1,-1,-1,1,1,1,-1,1,-1,-1,1,1,-1,1,-1,-1,-1,-1,-1,-1,1,1,-1,-1,1,1,-1,1,-1,-1,-1,1,1,1,1,-1,-1,1,1,1,-1,1,-1,-1,-1,-1,1,1,1,1,-1,-1,1,-1,1,1,-1,-1,1,-1,-1,1,-1,1,-1,-1,1,-1,1,1,-1,-1,1,1,-1,1,-1,1,-1,-1,1,-1,1,1,-1,-1,-1,1,-1,-1,1,1,-1,-1,1,-1,1,1,-1,1,-1,1,-1,-1,1,1,-1,-1,1,-1,1,1,-1,-1,1,1,-1,1,-1,1,-1,1,-1,1,1,-1,1,-1,1,-1,-1,1,-1,-1,-1,1,-1,-1,1,-1,1,-1,1,-1,-1,1,-1,-1,1,-1,1,-1,1,-1,1,-1,1,1,-1,1,-1,1,-1,1,-1,-1,1,-1,1,1,1,1,-1,-1,1,1,-1,1,1,-1,1,1,1,1,-1,1,1,-1,1,1,1,1,1,1,1,-1,-1,1,-1,1,-1,1,1,-1,1,1,-1,1,-1,-1,-1,1,1,-1,1,1,-1,-1,-1,1,-1,1,1,-1,-1,-1,1,-1,-1,-1,-1,1,-1,1,-1,-1,-1,-1,-1,-1,1,-1,1,1,1,1,-1,1,-1,1,1,-1,-1,-1,1,-1,-1,1,-1,1,-1,-1,1,1,1,1,-1,-1,1,1,1,1,-1,1,-1,-1,1,1,1,-1,-1,-1,-1,1,1,1,-1,-1,-1,1,-1,1,-1,1,-1,-1,-1,1,1,1,-1,-1,-1,-1,1,1,1,1,-1,-1,-1,1,1,1,1,-1,-1,-1,1,1,1,-1,-1,-1,1,1,1,1,1,-1,-1,-1,1,1,1,1,-1,-1,-1,1,1,-1,1,-1,-1,-1,1,1,1,1,-1,-1,1,1,1,1,-1,-1,1,1,-1,1,1,-1,-1,-1,1,1,1,1,1,-1,1,1,1,1,1,-1,-1,-1,1,-1,1,-1,-1,-1,-1,1,-1,1,1,1,-1,-1,1,-1,1,1,-1,1,-1,1,1,1,1,-1,1,-1,1,-1,1,1,-1,-1,-1,1,1,-1,-1,-1,-1,-1,1,-1,1,-1,-1,-1,-1,-1,-1,-1,1,-1,-1,-1,1,-1,-1,1,-1,-1,-1,-1,-1,1,1,-1,-1,-1,-1,-1,1,-1,-1,-1,1,-1,-1,1,-1,1,-1,-1,-1,-1,-1,-1,-1,1,-1,-1,-1,1,1,-1,-1,-1,1,-1,-1,-1,-1,-1,1,-1,-1,1,1,1,-1,-1,-1,-1,1,-1,1,1,-1,1,-1,-1,1,1,-1,-1,-1,-1,-1,-1,1,1,-1,-1,1,-1,1,1,-1,-1,-1,1,-1,1,1,-1,-1,1,-1,-1,1,1,1,-1,1,-1,1,1,1,-1,-1,1,-1,-1,1,-1,1,-1,1,-1,-1,1,1,-1,1,1,-1,-1,1,1,1,1,1,-1,-1,1,1,-1,1,1,-1,-1,1,1,1,1,1,1,-1,1,1,1,1,1,-1,-1,1,-1,1,1,1,1,-1,-1,1,-1,1,1,1,-1,1,-1,1,1,-1,1,-1,1,1,1,1,1,1,1,-1,-1,1,1,1,-1,1,-1,1,1,1,1,1,-1,1,-1,1,1,-1,1,1,-1,-1,1,-1,1,1,-1,-1,1,1,1,1,-1,1,-1,-1,1,1,-1,-1,1,-1,1,1,1,-1,1,-1,-1,-1,1,1,-1,-1,1,-1,-1,1,1,-1,-1,1,-1,-1,-1,1,1,-1,1,-1,-1,1,1,-1,-1,-1,1,-1,-1,1,-1,1,1,-1,1,1,-1,-1,1,-1,-1,-1,1,1,-1,1,1,-1,1,1,-1,-1,-1,-1,1,-1,-1,-1,-1,1,-1,-1,1,1,-1,1,1,-1,1,1,1,1,-1,1,-1,1,1,1,1,-1,1,-1,-1,1,1,1,-1,1,-1,1,1,1,1,-1,1,-1,1,1,-1,-1,-1,1,-1,-1,1,1,-1,-1,-1,1,-1,1,-1,1,-1,1,-1,-1,1,-2668.0,1,2000,445,0,False
1543,-1,-1,1,1,1,1,-1,1,-1,-1,-1,1,-1,1,-1,-1,1,-1,1,1,1,-1,-1,-1,-1,1,-1,-1,-1,-1,-1,-1,1,1,-1,-1,1,-1,-1,-1,1,-1,-1,-1,-1,-1,1,-1,1,1,-1,-1,1,-1,1,-1,-1,1,-1,-1,-1,1,1,1,-1,-1,-1,-1,-1,-1,-1,1,-1,-1,1,-1,1,-1,1,-1,-1,-1,-1,1,1,-1,-1,1,-1,1,-1,-1,-1,-1,1,-1,-1,1,1,1,-1,1,-1,-1,1,1,-1,-1,1,-1,-1,1,1,1,-1,1,-1,-1,1,1,-1,-1,1,1,-1,1,1,-1,1,1,1,-1,1,1,-1,1,1,1,-1,1,1,-1,1,1,1,-1,-1,1,1,-1,1,1,-1,1,-1,1,-1,1,1,-1,1,1,1,1,1,1,-1,1,1,-1,1,1,-1,-1,1,1,-1,-1,1,-1,1,-1,-1,1,1,1,-1,1,1,1,1,1,1,-1,1,1,-1,1,1,1,1,-1,1,-1,1,1,1,-1,-1,1,-1,-1,1,1,-1,1,1,-1,1,1,1,1,1,1,-1,-1,1,1,-1,-1,1,-1,1,1,-1,1,-1,1,-1,1,1,1,-1,1,1,-1,-1,1,-1,-1,1,1,-1,1,1,1,1,1,1,-1,1,1,-1,1,1,-1,1,-1,-1,-1,1,1,-1,-1,1,1,1,1,1,-1,-1,-1,1,1,-1,1,1,1,-1,1,1,1,1,1,1,-1,-1,-1,-1,1,-1,1,-1,-1,-1,1,1,-1,1,1,-1,-1,1,1,1,1,-1,-1,-1,-1,1,-1,1,1,-1,-1,1,1,-1,1,-1,-1,-1,1,-1,1,1,-1,-1,1,1,-1,1,1,-1,-1,1,-1,-1,1,1,-1,1,-1,1,1,-1,1,-1,1,1,1,-1,1,1,-1,-1,1,1,-1,1,-1,-1,-1,1,1,-1,1,-1,-1,1,-1,1,1,1,-1,-1,1,-1,1,-1,1,1,-1,1,-1,1,-1,-1,1,-1,-1,1,1,-1,1,-1,-1,1,1,-1,-1,1,1,-1,1,-1,1,-1,1,-1,1,1,-1,1,-1,1,-1,1,1,-1,-1,1,1,-1,-1,1,-1,1,-1,-1,1,-1,1,1,-1,-1,1,-1,-1,1,-1,-1,1,-1,1,-1,-1,1,-1,-1,1,-1,-1,-1,1,-1,1,-1,1,-1,1,-1,-1,-1,-1,-1,-1,-1,1,-1,-1,1,1,-1,-1,1,-1,1,-1,-1,1,-1,1,-1,-1,1,1,-1,-1,-1,-1,-1,-1,-1,-1,-1,1,-1,-1,1,1,-1,-1,-1,1,-1,1,1,-1,-1,-1,-1,-1,-1,-1,-1,-1,-1,1,-1,1,1,-1,-1,-1,-1,1,-1,-1,1,-1,-1,-1,1,-1,1,-1,-1,-1,-1,-1,-1,1,-1,1,-1,-1,1,-1,1,1,1,-1,-1,-1,-1,1,-1,1,-1,-1,-1,1,1,1,-1,1,1,-1,1,1,1,1,1,-1,1,-1,-1,-1,1,-1,1,1,-1,1,-1,1,-1,1,-1,-1,-1,1,1,-1,1,1,-1,1,-1,1,-1,1,1,-1,1,-1,1,-1,-1,-1,-1,1,-1,1,-1,-1,-1,-1,1,-1,1,-1,1,1,1,-1,-1,1,-1,1,1,-1,1,-1,1,-1,-1,1,-1,1,-1,-1,1,1,1,1,1,-1,-1,1,1,1,-1,1,-1,1,1,1,1,-1,-1,-1,1,1,1,1,-1,-1,-1,1,-1,1,-1,1,1,-1,-1,1,1,1,-1,1,-1,-1,1,1,1,1,1,1,-1,1,1,1,1,-1,1,-1,1,-1,1,-1,1,1,-1,1,1,1,1,1,1,-1,1,-1,1,1,1,1,-1,1,1,-1,1,1,1,1,1,1,1,1,1,1,-1,1,1,-1,1,1,-1,-1,1,1,-1,1,1,-1,-1,1,-1,1,-1,1,-1,-1,1,-1,1,-1,1,1,-1,1,-1,1,-1,1,-1,-1,1,-1,1,1,1,-1,-1,1,-1,1,1,1,1,-1,1,-1,1,-1,1,1,-1,1,1,1,1,1,-1,1,1,-1,1,1,1,1,-1,1,-1,1,-1,1,1,-1,1,1,-1,1,1,-1,1,1,1,-1,1,1,1,-1,1,-1,-1,1,1,-1,1,1,-1,1,-1,1,-1,-1,1,1,-1,1,1,-1,-1,1,1,-1,1,1,-1,-1,-1,1,1,1,1,-1,1,1,1,-1,1,1,-1,-1,1,-1,1,1,1,-1,1,-1,1,-1,1,1,-1,1,-1,-1,1,1,1,-1,-1,-1,-1,-1,1,-1,-1,-1,1,-1,1,1,1,-1,-1,1,-1,1,1,1,-1,1,1,-1,1,1,1,-1,1,-1,1,1,1,-1,-1,1,-1,-1,1,1,1,1,-1,1,-1,1,1,1,-1,1,-1,-1,1,1,1,1,-1,1,-1,1,1,-1,1,1,-1,-1,1,1,-1,1,1,-1,-1,1,1,1,1,-1,-1,-1,1,-1,-1,1,1,-1,1,1,1,-1,1,1,-1,-1,1,1,-1,1,1,-1,1,1,1,-1,1,1,-1,1,-1,1,1,1,1,-1,1,-1,1,1,1,-1,-1,1,1,1,1,1,-1,1,-1,1,1,1,-1,1,1,1,1,-1,-1,1,1,-1,1,1,1,-1,1,-1,-1,1,-1,1,-1,1,-1,1,-1,1,1,1,1,-1,-1,1,1,-1,-1,1,1,-1,1,1,-1,-1,1,1,-1,1,-1,1,1,1,-1,-1,-1,-1,1,1,-1,-1,1,1,1,1,1,-1,-1,1,1,1,1,-1,1,-1,1,-1,1,1,-1,1,-1,-1,-1,-1,-1,-1,-1,-1,-1,-1,1,1,1,-1,1,1,-1,-1,1,-1,-1,-1,1,-1,1,1,1,1,-1,1,-1,1,1,1,-1,-1,1,-1,1,1,1,-1,-1,1,-1,1,-1,-1,-1,-1,1,-1,-1,1,1,-1,-1,-1,-1,1,1,-1,1,-1,1,-1,-1,1,-2668.0,1,2000,445,1500,True
1544,-1,-1,1,1,1,1,-1,1,-1,-1,-1,1,-1,1,-1,-1,1,-1,1,1,1,1,-1,-1,-1,1,-1,-1,1,-1,-1,-1,1,1,-1,1,1,-1,-1,-1,1,-1,1,-1,-1,-1,-1,-1,1,-1,1,-1,1,-1,1,-1,-1,1,-1,-1,-1,1,1,1,-1,-1,-1,-1,-1,-1,1,-1,-1,-1,-1,-1,1,1,-1,-1,-1,1,1,-1,-1,-1,-1,-1,-1,1,-1,-1,-1,-1,-1,-1,1,1,-1,1,-1,-1,-1,-1,1,-1,-1,-1,-1,-1,-1,1,-1,1,-1,-1,-1,-1,1,-1,-1,-1,-1,-1,-1,1,-1,-1,1,-1,-1,-1,1,-1,-1,1,-1,-1,-1,1,-1,-1,1,-1,-1,-1,-1,-1,-1,-1,-1,-1,-1,1,1,-1,1,1,-1,-1,1,-1,-1,-1,-1,-1,-1,1,1,-1,-1,-1,-1,-1,1,-1,-1,1,-1,-1,1,-1,1,-1,-1,-1,-1,1,1,-1,-1,1,-1,1,1,1,1,-1,1,-1,-1,1,1,1,-1,1,-1,-1,-1,1,1,-1,1,-1,-1,1,1,1,1,1,-1,1,1,1,1,1,-1,1,-1,-1,1,1,-1,-1,1,1,-1,1,1,1,-1,1,-1,1,1,1,1,-1,1,-1,-1,1,1,-1,1,1,-1,1,1,1,1,-1,1,-1,1,-1,1,-1,1,1,-1,1,-1,1,-1,1,1,-1,1,-1,1,-1,1,1,1,-1,1,1,1,-1,1,-1,-1,1,1,1,1,1,1,-1,-1,1,-1,1,1,-1,1,-1,1,1,1,1,-1,-1,-1,1,-1,-1,1,-1,1,-1,-1,1,-1,1,1,1,-1,1,-1,-1,1,1,-1,-1,1,-1,1,1,-1,1,-1,1,-1,1,1,1,-1,1,1,-1,-1,1,1,-1,-1,1,-1,1,1,1,1,1,1,-1,1,1,1,1,1,-1,-1,1,1,1,1,1,-1,-1,-1,1,1,1,1,-1,-1,1,-1,1,-1,1,1,-1,-1,1,1,1,1,1,-1,-1,1,1,1,1,-1,1,-1,-1,-1,-1,1,1,-1,-1,1,1,-1,1,1,-1,-1,1,1,1,1,1,-1,1,1,1,-1,1,-1,-1,-1,-1,1,1,1,1,-1,-1,1,-1,1,1,-1,-1,-1,-1,-1,1,-1,-1,-1,1,-1,1,-1,1,1,1,1,1,-1,1,-1,1,-1,-1,1,-1,1,-1,1,1,-1,1,-1,-1,1,1,-1,-1,1,-1,1,1,1,-1,-1,1,-1,1,-1,1,-1,1,1,-1,-1,-1,-1,-1,1,1,-1,1,-1,-1,-1,1,-1,1,1,-1,-1,-1,1,-1,-1,1,-1,-1,-1,1,-1,1,-1,-1,-1,-1,1,-1,-1,1,-1,-1,-1,1,1,-1,1,-1,-1,-1,1,1,-1,-1,-1,1,-1,1,-1,-1,1,-1,-1,1,1,1,-1,-1,1,-1,1,-1,1,1,-1,1,-1,-1,1,1,1,-1,1,-1,1,-1,1,-1,1,-1,1,1,-1,1,-1,-1,1,-1,1,-1,-1,1,-1,1,1,-1,-1,-1,1,1,1,1,1,-1,-1,1,-1,1,-1,1,-1,-1,-1,1,1,1,1,-1,-1,-1,-1,1,1,1,-1,-1,1,1,1,-1,1,-1,-1,-1,1,1,1,1,-1,-1,-1,-1,1,-1,1,1,-1,1,-1,1,1,1,-1,1,1,-1,1,1,1,1,-1,1,-1,1,1,1,-1,1,1,1,-1,1,1,-1,-1,1,1,1,-1,1,-1,1,1,1,-1,1,1,-1,1,1,1,1,1,1,1,1,1,1,-1,1,1,-1,1,1,1,1,1,1,1,1,1,1,1,1,-1,1,1,1,1,1,1,1,1,-1,1,-1,1,1,1,1,1,1,1,1,1,1,-1,1,1,1,1,1,-1,-1,1,1,1,-1,1,1,-1,1,1,1,1,1,-1,1,1,1,1,1,1,1,-1,-1,1,-1,1,1,-1,1,-1,1,-1,-1,1,1,1,-1,1,1,-1,1,1,-1,1,1,-1,1,1,1,-1,-1,1,-1,-1,1,-1,1,1,-1,-1,-1,1,1,-1,-1,1,-1,-1,1,1,-1,-1,-1,1,-1,1,1,-1,-1,-1,1,-1,1,1,1,-1,1,1,-1,1,1,-1,-1,1,-1,-1,1,1,-1,-1,1,-1,1,1,1,-1,-1,-1,-1,-1,1,1,-1,-1,1,1,-1,1,1,1,1,-1,-1,-1,1,-1,1,-1,1,1,1,1,1,-1,-1,1,-1,1,1,1,1,-1,-1,1,1,1,1,1,-1,-1,-1,1,-1,1,1,1,-1,1,1,1,1,1,-1,-1,1,1,1,1,1,1,-1,1,1,-1,1,-1,-1,1,1,1,1,1,1,-1,-1,1,1,1,1,1,-1,-1,1,1,1,1,1,1,-1,1,1,1,1,1,1,-1,1,1,1,1,1,1,-1,1,1,-1,1,1,-1,-1,1,1,-1,1,1,1,-1,1,-1,-1,1,1,1,-1,-1,1,-1,1,1,1,-1,1,1,-1,1,-1,1,-1,1,1,-1,1,1,1,-1,-1,1,1,1,1,-1,1,-1,1,1,1,1,-1,1,-1,1,1,1,-1,-1,1,-1,1,1,-1,1,-1,-1,-1,1,-1,1,-1,1,-1,-1,1,-1,1,-1,-1,-1,-1,1,-1,1,-1,-1,-1,-1,-1,1,1,-1,1,-1,-1,-1,-1,1,-1,1,-1,-1,1,-1,1,1,1,1,-1,-1,1,-1,-1,-1,1,1,1,1,-1,-1,1,-1,-1,1,1,-1,-1,1,-1,-1,-1,-1,1,-1,1,1,1,1,-1,1,-1,-1,-1,1,-1,-1,-1,-1,1,-1,1,1,1,-1,1,1,-1,1,1,-1,-1,-1,1,-1,1,1,1,1,-1,1,-1,1,1,1,-1,-1,1,-1,1,1,1,1,-1,1,-1,1,1,-1,-1,-1,1,-1,-1,1,1,-1,-1,-1,1,-1,1,-1,1,-1,1,-1,-1,1,-2668.0,1,2000,445,1500,True
1545,-1,-1,1,1,1,1,-1,1,-1,-1,-1,1,-1,1,-1,-1,1,-1,1,1,1,-1,-1,-1,-1,1,-1,-1,-1,-1,-1,-1,1,1,-1,-1,1,-1,-1,-1,1,-1,-1,-1,-1,-1,-1,-1,1,1,-1,-1,1,-1,1,-1,-1,1,-1,-1,-1,1,1,1,-1,-1,-1,-1,-1,-1,-1,1,-1,-1,-1,-1,1,-1,1,-1,-1,1,1,-1,1,-1,-1,1,-1,1,-1,-1,-1,-1,-1,-1,1,1,1,1,-1,-1,-1,-1,1,1,-1,-1,-1,-1,-1,1,1,1,-1,-1,-1,-1,1,1,-1,-1,-1,-1,-1,1,1,-1,1,-1,-1,-1,1,1,-1,1,-1,-1,-1,1,1,-1,1,-1,-1,-1,-1,1,1,-1,-1,-1,-1,1,-1,1,-1,1,-1,-1,1,1,1,1,-1,-1,-1,1,-1,1,-1,-1,-1,-1,1,1,-1,1,-1,-1,1,-1,-1,1,-1,-1,-1,1,1,1,1,1,-1,-1,1,1,-1,1,1,-1,-1,1,1,-1,1,1,-1,-1,-1,1,-1,1,1,-1,1,1,1,-1,1,1,-1,1,1,1,-1,-1,1,1,-1,-1,1,-1,1,1,-1,1,-1,1,-1,1,1,-1,1,1,1,-1,-1,1,-1,-1,1,1,-1,1,1,1,1,1,1,-1,1,1,-1,1,1,-1,1,-1,-1,-1,1,1,-1,-1,1,1,-1,1,1,-1,-1,-1,1,-1,1,1,1,1,-1,1,-1,1,1,1,1,-1,-1,-1,-1,1,-1,1,-1,-1,-1,1,-1,-1,1,1,-1,-1,-1,1,1,1,-1,-1,-1,1,1,-1,1,1,-1,-1,1,1,-1,1,-1,1,-1,1,1,1,1,-1,-1,-1,1,-1,-1,1,-1,-1,1,-1,-1,1,1,-1,1,1,1,1,-1,1,-1,1,1,1,-1,1,1,-1,-1,1,1,-1,1,-1,-1,-1,1,1,-1,1,-1,-1,1,-1,1,-1,1,-1,-1,1,-1,1,-1,1,1,-1,1,-1,1,1,-1,1,-1,-1,1,1,-1,1,-1,-1,1,1,-1,-1,1,-1,-1,1,-1,1,-1,1,-1,1,1,-1,1,1,1,-1,1,1,-1,1,-1,1,-1,-1,1,-1,1,1,1,1,-1,1,1,1,1,1,-1,-1,1,-1,-1,1,-1,1,-1,-1,1,-1,1,1,-1,-1,-1,1,-1,1,-1,1,-1,-1,1,-1,1,1,-1,-1,-1,1,-1,-1,1,1,-1,-1,1,-1,1,1,-1,1,-1,1,-1,-1,1,1,-1,-1,-1,-1,1,1,-1,1,-1,1,-1,1,-1,1,-1,-1,-1,-1,1,-1,1,-1,-1,-1,-1,1,-1,-1,-1,-1,-1,-1,1,-1,1,-1,1,-1,-1,1,-1,-1,1,-1,-1,-1,1,1,1,-1,1,-1,-1,-1,-1,1,-1,1,-1,-1,1,-1,1,1,1,-1,-1,-1,1,1,-1,1,-1,1,-1,1,1,1,-1,1,1,-1,1,1,1,1,1,-1,1,-1,-1,-1,1,-1,1,1,-1,1,-1,1,-1,1,-1,-1,-1,1,1,-1,1,1,-1,1,-1,1,-1,1,1,-1,1,-1,1,-1,-1,-1,-1,1,-1,1,-1,-1,-1,-1,1,-1,1,-1,1,1,1,-1,-1,1,-1,1,1,-1,1,-1,1,-1,-1,1,-1,1,-1,-1,1,1,1,1,1,-1,1,1,1,1,-1,1,-1,-1,1,1,1,-1,-1,-1,1,1,1,1,-1,-1,-1,1,-1,1,-1,1,1,-1,-1,1,1,1,-1,1,-1,-1,1,1,1,1,1,1,-1,1,1,1,1,-1,1,-1,1,-1,1,-1,1,1,-1,1,1,1,1,1,1,-1,1,-1,1,1,1,1,-1,1,1,-1,1,1,1,-1,1,1,1,1,1,1,-1,1,1,-1,-1,1,-1,-1,1,1,1,-1,1,-1,-1,1,-1,-1,1,1,-1,-1,1,-1,1,-1,1,1,-1,1,-1,1,-1,1,-1,-1,1,-1,1,1,1,1,-1,1,-1,1,-1,1,1,-1,1,-1,1,-1,1,1,-1,1,1,1,1,1,-1,1,1,-1,1,1,1,1,-1,1,-1,1,-1,1,1,-1,1,1,-1,1,1,1,-1,1,1,-1,1,1,1,1,1,-1,-1,1,1,1,1,1,-1,1,-1,1,1,1,1,1,-1,1,1,1,1,1,1,-1,1,1,1,1,1,1,1,1,1,1,1,1,1,-1,1,1,1,1,1,-1,1,1,1,1,1,1,1,-1,1,1,1,1,1,-1,1,1,1,1,1,1,-1,-1,1,-1,1,1,1,-1,1,1,1,1,1,-1,-1,1,1,1,1,1,1,-1,1,1,-1,1,1,-1,1,1,1,1,1,1,-1,-1,1,1,1,1,-1,1,-1,1,1,1,1,-1,-1,-1,1,1,1,1,-1,1,-1,1,1,1,1,1,-1,-1,1,1,-1,1,1,-1,-1,-1,1,-1,1,-1,-1,-1,1,-1,1,1,1,-1,-1,-1,1,-1,1,1,-1,-1,1,1,-1,1,1,-1,1,1,1,-1,1,1,-1,1,-1,1,1,1,1,-1,1,-1,1,1,1,-1,1,-1,1,1,1,1,-1,1,1,-1,1,1,-1,1,1,-1,-1,1,-1,1,1,-1,1,-1,1,-1,1,-1,-1,1,-1,1,-1,1,-1,1,-1,-1,-1,1,1,-1,1,1,-1,-1,-1,1,1,-1,1,-1,-1,-1,1,1,-1,1,-1,-1,1,-1,-1,-1,-1,1,-1,1,-1,-1,1,1,-1,1,1,-1,-1,1,1,-1,-1,-1,1,-1,1,1,-1,1,-1,1,-1,1,-1,1,-1,-1,-1,-1,1,-1,-1,1,1,-1,1,1,-1,1,1,-1,-1,-1,1,-1,1,1,1,1,-1,1,-1,-1,1,1,-1,-1,1,-1,1,1,1,1,-1,1,-1,1,1,-1,-1,-1,1,-1,-1,1,1,-1,-1,-1,1,-1,1,-1,1,-1,1,-1,-1,1,-2668.0,1,2000,445,1500,True
1546,-1,-1,1,1,1,1,-1,1,-1,-1,-1,1,-1,1,-1,-1,1,-1,1,1,1,-1,-1,-1,-1,1,-1,-1,-1,-1,-1,-1,1,1,-1,-1,1,-1,-1,-1,1,-1,-1,-1,-1,-1,-1,-1,1,1,-1,-1,1,-1,1,-1,-1,1,-1,-1,-1,1,1,1,-1,1,-1,-1,-1,-1,-1,1,1,1,-1,-1,1,-1,1,-1,-1,1,1,-1,1,-1,-1,1,-1,1,-1,-1,-1,1,-1,-1,-1,1,1,1,1,1,-1,-1,1,1,1,1,1,-1,-1,1,1,1,1,1,-1,-1,1,1,1,-1,1,-1,-1,1,1,1,1,1,-1,-1,1,1,1,1,1,1,-1,1,1,1,1,1,-1,-1,-1,1,1,1,1,1,-1,1,-1,1,1,1,1,-1,1,1,1,1,1,1,-1,1,-1,1,1,1,-1,-1,1,1,1,1,1,-1,1,-1,-1,1,1,1,-1,1,-1,1,1,1,1,1,1,1,-1,1,1,1,-1,1,1,-1,1,1,1,-1,-1,1,-1,1,-1,1,-1,1,1,-1,1,1,1,1,1,1,-1,-1,1,1,-1,-1,1,-1,1,1,-1,1,-1,1,-1,1,1,1,-1,1,1,-1,-1,1,1,-1,-1,1,-1,1,1,1,-1,1,-1,-1,1,-1,1,-1,1,1,1,-1,1,1,-1,1,-1,-1,1,1,1,-1,1,-1,-1,-1,-1,1,1,-1,1,1,-1,-1,1,-1,-1,1,1,-1,1,1,1,-1,-1,1,-1,1,1,-1,1,-1,1,1,-1,1,-1,-1,-1,1,-1,-1,1,-1,1,-1,1,1,-1,1,1,1,-1,1,-1,-1,1,1,-1,-1,1,-1,-1,1,-1,1,-1,1,-1,-1,1,1,-1,1,1,-1,1,-1,1,-1,1,1,-1,1,1,1,1,1,1,-1,1,1,1,1,1,-1,-1,1,1,1,1,1,-1,-1,1,-1,1,1,1,-1,-1,1,-1,1,-1,1,1,-1,1,-1,1,1,1,1,-1,-1,1,1,1,-1,-1,-1,1,1,-1,-1,1,1,-1,1,-1,1,-1,1,-1,1,1,-1,1,1,1,-1,-1,1,-1,1,-1,1,-1,-1,1,-1,1,1,1,1,-1,1,1,-1,1,1,-1,-1,1,-1,-1,1,-1,1,-1,-1,1,-1,-1,1,-1,-1,1,1,-1,1,-1,1,1,-1,1,-1,1,-1,-1,-1,-1,1,-1,-1,1,1,-1,-1,1,-1,1,1,-1,1,-1,1,-1,1,-1,1,-1,-1,-1,-1,1,-1,-1,1,-1,1,-1,1,-1,1,-1,-1,-1,1,1,-1,1,-1,-1,-1,-1,1,-1,-1,1,-1,-1,1,-1,1,1,1,1,-1,-1,1,-1,-1,1,-1,-1,-1,-1,-1,1,-1,1,-1,-1,-1,-1,1,-1,1,-1,-1,1,-1,1,1,1,-1,-1,-1,1,1,-1,1,-1,1,-1,1,1,1,-1,1,1,-1,1,1,1,1,1,-1,1,-1,-1,-1,1,-1,-1,1,-1,1,-1,1,-1,1,-1,-1,-1,1,1,-1,1,1,-1,1,-1,1,-1,1,1,-1,1,-1,1,-1,-1,-1,-1,1,-1,1,-1,-1,-1,-1,1,-1,1,-1,1,1,1,-1,-1,1,-1,1,1,-1,1,-1,1,-1,-1,1,-1,1,-1,-1,1,1,1,1,1,-1,1,1,1,1,-1,1,-1,-1,1,1,1,-1,-1,-1,1,1,1,1,-1,-1,-1,1,-1,1,1,1,1,-1,-1,1,1,-1,-1,-1,-1,-1,1,1,-1,1,1,-1,-1,1,1,1,1,1,-1,-1,1,-1,1,-1,1,-1,1,1,1,1,1,1,-1,-1,1,1,1,-1,1,-1,-1,1,1,-1,1,1,-1,-1,1,1,1,1,1,1,-1,1,1,1,-1,1,-1,1,-1,1,1,-1,1,-1,1,1,-1,1,1,1,-1,-1,1,-1,1,-1,-1,-1,1,-1,-1,1,-1,1,-1,-1,1,-1,1,-1,1,-1,-1,1,-1,1,-1,1,-1,-1,1,-1,1,-1,1,-1,-1,-1,-1,1,1,1,-1,1,1,-1,1,1,1,1,-1,-1,1,-1,-1,1,-1,-1,-1,-1,-1,1,1,-1,1,-1,1,-1,1,1,1,-1,-1,-1,-1,1,-1,-1,-1,-1,-1,1,-1,-1,-1,-1,-1,1,-1,1,1,-1,-1,-1,1,-1,1,1,-1,-1,-1,1,1,1,1,-1,1,-1,1,-1,1,1,-1,-1,-1,-1,1,1,1,1,-1,-1,1,-1,1,1,-1,1,-1,-1,1,1,1,-1,-1,-1,-1,-1,1,-1,-1,-1,1,-1,1,1,1,1,-1,-1,-1,1,1,1,-1,1,1,-1,1,1,-1,1,-1,-1,1,1,1,1,-1,1,-1,-1,1,1,1,-1,1,-1,-1,1,1,1,1,1,1,-1,1,1,1,1,1,1,-1,1,1,1,1,1,1,-1,1,1,-1,1,1,-1,-1,1,1,-1,1,1,1,-1,1,-1,-1,1,1,1,-1,-1,1,-1,1,1,1,-1,1,1,-1,1,-1,1,-1,1,1,-1,1,1,1,-1,-1,1,1,1,1,-1,1,-1,1,1,1,1,-1,1,-1,1,1,1,-1,-1,1,-1,1,1,-1,1,-1,-1,-1,1,-1,1,-1,1,-1,-1,1,-1,1,-1,-1,-1,-1,1,-1,1,-1,-1,-1,-1,-1,1,1,-1,1,-1,-1,1,-1,1,-1,1,1,-1,1,-1,1,1,1,1,-1,-1,1,1,-1,-1,1,1,1,1,-1,-1,1,-1,-1,1,1,-1,-1,1,-1,-1,-1,-1,1,-1,1,-1,1,1,-1,1,-1,-1,-1,-1,-1,-1,-1,-1,1,-1,1,1,1,-1,1,1,-1,1,1,-1,-1,-1,1,-1,1,1,1,1,-1,1,-1,1,1,1,-1,1,1,-1,1,1,1,-1,-1,1,-1,1,1,-1,-1,-1,1,-1,-1,1,1,-1,1,1,1,-1,1,-1,1,-1,1,-1,-1,1,-2668.0,1,2000,445,1500,True
1547,-1,-1,-1,-1,1,-1,-1,1,-1,1,1,-1,1,1,-1,-1,1,1,-1,-1,-1,1,-1,1,1,-1,-1,-1,1,-1,1,1,-1,-1,-1,-1,1,-1,1,1,-1,-1,-1,-1,-1,1,1,-1,1,1,-1,1,-1,1,-1,-1,1,-1,-1,1,1,-1,-1,1,-1,-1,1,1,-1,-1,1,-1,1,1,1,-1,-1,-1,1,-1,1,-1,-1,-1,1,-1,1,1,-1,-1,-1,1,-1,1,1,-1,-1,1,1,1,1,1,-1,-1,1,1,-1,1,1,-1,-1,-1,1,-1,1,1,-1,-1,1,1,-1,1,1,1,-1,-1,1,-1,1,1,1,-1,1,1,-1,1,1,1,-1,1,1,-1,1,1,1,-1,1,1,1,-1,1,1,-1,-1,-1,1,-1,1,1,-1,1,1,1,1,-1,1,-1,1,1,1,1,1,-1,-1,1,1,1,-1,1,-1,1,-1,-1,1,1,1,-1,1,1,1,1,-1,1,1,1,1,-1,1,-1,1,-1,1,1,-1,1,-1,1,1,-1,1,-1,1,-1,1,-1,1,1,-1,1,-1,1,1,1,1,-1,-1,1,1,-1,-1,1,-1,1,1,-1,1,-1,1,-1,1,-1,1,-1,1,1,-1,-1,1,1,1,-1,1,-1,1,1,1,-1,1,1,-1,1,-1,1,-1,1,-1,1,-1,1,1,-1,1,-1,-1,1,1,1,-1,1,-1,-1,-1,-1,1,-1,-1,1,1,-1,-1,1,1,-1,1,1,-1,1,1,1,-1,-1,1,-1,1,1,-1,1,-1,1,1,-1,1,1,-1,-1,1,-1,-1,1,-1,1,-1,1,1,-1,1,1,1,-1,1,-1,-1,1,1,-1,-1,1,-1,-1,1,1,1,-1,1,-1,-1,1,1,-1,1,1,-1,1,-1,1,-1,-1,1,-1,1,1,1,1,1,1,-1,1,1,1,1,1,-1,-1,1,1,1,1,1,-1,-1,1,-1,1,1,1,-1,-1,1,-1,1,-1,1,1,-1,1,-1,1,1,1,1,-1,-1,1,1,1,1,-1,-1,1,1,-1,-1,1,1,-1,1,-1,1,-1,1,-1,1,1,-1,1,1,1,-1,1,1,-1,1,-1,1,-1,-1,1,-1,1,1,1,1,-1,1,1,-1,1,1,-1,-1,1,-1,-1,1,-1,1,-1,-1,1,-1,1,1,-1,-1,-1,1,-1,1,-1,1,-1,-1,1,-1,1,1,-1,-1,-1,1,-1,-1,1,1,-1,-1,1,-1,1,1,-1,1,-1,1,-1,1,1,1,-1,-1,-1,-1,1,1,-1,-1,-1,1,-1,1,-1,1,-1,-1,-1,1,1,-1,1,-1,-1,-1,-1,1,-1,-1,-1,-1,-1,-1,1,-1,1,-1,-1,-1,-1,1,-1,-1,1,-1,-1,-1,-1,1,1,-1,-1,-1,-1,-1,1,1,-1,1,-1,-1,-1,1,1,1,1,-1,-1,-1,1,1,-1,1,-1,-1,-1,1,1,1,-1,1,1,-1,1,1,1,1,1,-1,1,-1,-1,-1,1,-1,-1,1,-1,-1,1,1,-1,1,-1,-1,-1,1,1,-1,1,1,-1,-1,1,1,-1,1,1,-1,-1,-1,1,-1,-1,-1,-1,1,-1,1,-1,-1,-1,-1,-1,-1,1,-1,1,1,1,1,-1,1,-1,1,1,-1,1,-1,1,-1,-1,1,-1,1,-1,-1,1,1,1,1,1,1,-1,1,1,1,-1,1,-1,1,1,1,1,-1,-1,-1,1,1,1,1,-1,1,-1,1,-1,1,-1,1,1,-1,-1,1,1,1,-1,1,-1,-1,1,1,1,1,1,1,-1,1,1,1,1,1,1,-1,1,-1,1,-1,1,1,-1,1,1,1,1,1,1,-1,1,-1,1,1,1,1,-1,1,1,-1,1,1,-1,-1,1,1,1,1,1,1,1,-1,1,-1,1,1,-1,1,-1,1,1,1,1,-1,1,1,-1,1,1,1,-1,-1,1,-1,1,-1,1,1,1,-1,-1,1,-1,-1,1,-1,1,-1,1,1,1,-1,-1,1,-1,1,1,1,-1,1,1,-1,1,-1,1,1,-1,-1,-1,1,1,-1,-1,1,1,-1,1,1,-1,-1,1,-1,1,-1,1,-1,-1,-1,-1,-1,-1,1,-1,-1,1,-1,1,-1,1,-1,-1,-1,-1,-1,-1,1,-1,-1,-1,-1,-1,1,-1,-1,1,-1,-1,1,-1,1,-1,-1,-1,-1,1,-1,1,1,-1,-1,-1,1,1,1,-1,-1,1,-1,1,-1,1,-1,1,-1,-1,1,1,1,-1,-1,-1,-1,1,-1,1,1,-1,1,-1,-1,1,1,-1,-1,-1,-1,-1,-1,1,1,-1,-1,1,-1,1,1,-1,-1,-1,1,-1,1,1,-1,-1,1,-1,-1,1,1,1,-1,1,-1,1,1,1,-1,-1,1,-1,-1,1,1,1,-1,1,-1,-1,1,1,-1,1,1,-1,-1,1,1,-1,1,1,-1,-1,1,1,-1,1,1,-1,-1,1,1,1,1,1,1,-1,1,1,1,-1,1,-1,-1,1,-1,1,1,1,1,-1,-1,1,-1,1,1,1,-1,1,1,1,1,-1,1,-1,1,1,1,1,1,1,-1,-1,1,1,1,1,-1,1,-1,1,1,1,1,-1,1,-1,1,1,1,-1,-1,1,-1,1,1,-1,1,-1,-1,-1,1,1,1,-1,1,-1,-1,1,1,1,-1,-1,-1,-1,1,1,1,-1,1,-1,-1,-1,1,1,-1,1,-1,-1,1,1,1,-1,1,-1,1,-1,1,1,1,1,1,-1,-1,1,1,-1,-1,1,1,-1,-1,1,-1,1,-1,-1,1,1,-1,-1,1,-1,-1,-1,1,1,-1,1,1,-1,1,1,-1,-1,-1,-1,1,-1,-1,-1,-1,1,-1,-1,1,1,-1,1,1,-1,1,1,1,1,-1,1,-1,1,1,1,-1,-1,1,-1,-1,-1,1,-1,-1,1,-1,1,1,1,-1,-1,1,-1,1,1,1,1,-1,1,-1,-1,1,1,-1,-1,-1,1,-1,1,1,1,-1,1,-1,-1,1,-2668.0,1,2000,445,1500,True
1548,-1,-1,1,1,1,-1,-1,1,-1,-1,1,-1,1,1,-1,-1,1,1,-1,-1,-1,1,-1,-1,1,-1,-1,-1,1,-1,-1,-1,1,-1,-1,1,1,-1,-1,1,-1,-1,1,-1,-1,-1,1,-1,1,-1,-1,-1,1,1,-1,-1,-1,1,-1,1,1,-1,-1,1,-1,1,-1,-1,-1,-1,1,-1,-1,1,1,-1,-1,1,-1,-1,1,-1,-1,-1,-1,-1,-1,1,-1,-1,-1,-1,-1,1,1,-1,-1,1,-1,1,1,1,-1,-1,1,-1,-1,1,1,-1,-1,-1,-1,-1,1,1,-1,-1,1,-1,-1,1,1,1,-1,-1,-1,-1,1,1,1,-1,1,-1,-1,1,1,1,-1,1,-1,-1,1,1,1,-1,1,-1,-1,-1,1,1,-1,-1,1,-1,1,1,1,-1,1,-1,-1,-1,1,1,-1,1,1,-1,1,1,-1,-1,1,-1,-1,1,1,-1,1,-1,1,-1,1,1,-1,1,1,-1,-1,-1,1,1,1,1,1,-1,1,1,-1,1,1,1,-1,1,1,1,-1,1,1,-1,1,1,-1,1,1,1,-1,1,1,1,1,1,1,1,-1,1,-1,-1,1,1,-1,-1,1,1,-1,1,1,-1,-1,1,-1,1,1,1,1,-1,-1,1,-1,1,1,-1,1,1,-1,1,-1,1,-1,-1,1,-1,1,1,1,1,1,1,-1,1,-1,1,1,-1,1,-1,1,-1,1,1,1,1,-1,-1,1,1,1,1,1,1,-1,1,1,-1,-1,-1,1,-1,-1,1,1,-1,-1,-1,1,-1,1,1,1,-1,1,-1,-1,1,1,1,-1,-1,1,-1,1,-1,1,-1,1,1,-1,1,1,1,-1,1,-1,-1,1,1,-1,1,1,1,-1,1,1,-1,1,1,-1,1,1,1,-1,1,1,-1,-1,1,1,1,1,1,1,1,1,1,1,1,1,1,1,-1,1,-1,1,1,1,1,-1,1,1,-1,1,1,1,-1,1,1,-1,1,-1,1,1,-1,1,-1,1,1,1,1,-1,1,-1,1,1,-1,-1,-1,1,1,-1,-1,1,1,-1,1,-1,1,-1,1,-1,1,1,-1,1,1,1,1,-1,1,-1,1,-1,1,-1,-1,1,-1,1,1,1,1,-1,1,1,-1,1,1,-1,-1,1,-1,-1,1,-1,1,-1,-1,1,-1,1,1,-1,-1,-1,1,-1,1,-1,1,-1,-1,1,-1,1,-1,-1,-1,-1,1,-1,-1,1,1,-1,-1,1,-1,1,1,-1,1,-1,1,-1,1,-1,1,-1,-1,-1,-1,-1,-1,-1,1,-1,1,-1,1,-1,1,-1,-1,-1,1,-1,1,1,-1,-1,-1,-1,-1,-1,-1,-1,-1,-1,1,-1,1,1,-1,1,-1,-1,1,-1,-1,1,-1,-1,-1,-1,-1,1,-1,1,-1,-1,-1,1,1,-1,1,-1,-1,1,-1,1,1,1,-1,-1,-1,-1,1,-1,1,-1,-1,-1,-1,1,1,-1,1,1,-1,1,1,1,1,1,-1,1,-1,1,1,-1,1,-1,1,-1,-1,1,-1,-1,1,-1,-1,1,-1,-1,-1,1,1,-1,1,1,-1,-1,1,1,-1,-1,1,-1,-1,-1,-1,-1,1,1,-1,-1,-1,-1,-1,1,1,-1,-1,1,1,1,-1,1,-1,1,-1,1,-1,1,1,-1,-1,-1,1,-1,-1,1,1,-1,1,1,1,1,1,1,-1,-1,1,-1,1,1,1,-1,-1,1,-1,1,1,-1,-1,1,1,-1,1,1,-1,1,1,-1,1,1,1,1,-1,1,1,-1,1,1,-1,1,1,1,1,1,1,1,-1,-1,1,1,1,1,1,-1,1,1,-1,1,1,1,-1,-1,1,1,1,-1,1,-1,-1,1,1,1,1,1,1,-1,-1,1,1,1,1,-1,-1,1,1,1,1,-1,1,-1,1,-1,1,-1,-1,1,-1,1,-1,1,1,-1,-1,1,-1,1,1,-1,1,-1,-1,1,-1,-1,1,-1,1,-1,1,-1,1,-1,1,-1,-1,1,1,1,-1,1,1,-1,1,-1,1,-1,1,-1,-1,1,-1,1,-1,-1,1,1,1,1,1,-1,1,1,-1,1,1,1,-1,-1,1,-1,1,-1,1,-1,1,1,1,-1,1,1,-1,1,1,1,-1,1,1,-1,-1,1,-1,-1,1,-1,-1,-1,1,-1,1,-1,-1,1,-1,1,1,-1,1,-1,-1,-1,1,1,-1,1,1,-1,-1,-1,1,1,1,-1,-1,-1,1,1,-1,1,-1,-1,-1,1,-1,1,1,1,-1,-1,-1,1,-1,1,-1,-1,1,-1,-1,1,1,1,-1,-1,-1,-1,-1,1,-1,-1,-1,1,-1,1,1,-1,-1,-1,1,-1,1,1,-1,-1,1,-1,-1,1,1,1,-1,1,-1,1,1,1,-1,-1,1,-1,-1,1,1,1,-1,1,-1,-1,1,1,-1,1,1,-1,-1,1,1,-1,1,1,-1,-1,1,1,1,1,1,-1,-1,1,1,1,1,1,1,-1,1,1,1,-1,1,-1,-1,1,-1,1,1,1,1,-1,-1,1,-1,1,1,1,-1,1,1,1,1,-1,1,-1,1,1,1,1,1,1,-1,-1,1,1,1,1,-1,1,-1,1,1,1,1,-1,1,-1,1,1,1,-1,-1,1,-1,1,1,-1,1,-1,-1,1,-1,1,1,-1,1,-1,-1,1,1,1,-1,-1,-1,1,1,1,1,-1,-1,-1,-1,-1,1,1,-1,1,-1,-1,1,1,1,-1,-1,1,-1,1,1,1,1,1,1,-1,1,1,1,-1,-1,1,1,1,-1,1,-1,1,-1,-1,1,1,-1,-1,1,-1,-1,1,1,1,-1,1,1,1,1,1,-1,-1,-1,-1,-1,1,-1,-1,-1,1,-1,1,-1,1,-1,1,1,-1,1,1,1,1,-1,1,-1,1,1,1,-1,-1,1,-1,1,1,1,-1,1,1,-1,1,1,1,-1,-1,1,-1,1,1,1,1,-1,1,-1,-1,1,1,-1,-1,1,1,-1,1,1,1,-1,1,-1,-1,1,-2668.0,1,2000,445,1500,True
1549,1,1,-1,-1,1,-1,-1,-1,1,1,1,-1,1,1,-1,1,-1,1,-1,-1,-1,1,1,1,1,-1,-1,-1,1,1,1,1,1,-1,-1,-1,1,-1,1,1,-1,-1,-1,1,1,1,1,-1,1,1,1,1,-1,1,-1,-1,1,-1,1,1,1,-1,-1,1,1,1,1,1,-1,-1,1,1,1,1,1,-1,-1,-1,1,1,1,-1,-1,-1,1,1,1,1,-1,1,-1,1,1,1,1,-1,-1,1,1,-1,1,1,-1,-1,1,1,1,1,1,-1,-1,1,1,1,1,1,-1,-1,1,1,1,1,1,1,-1,1,1,1,-1,1,1,-1,1,1,1,1,1,1,-1,-1,1,1,1,1,1,-1,1,1,1,1,1,1,-1,-1,-1,1,1,1,1,-1,1,1,1,1,-1,1,-1,1,-1,1,1,1,-1,-1,1,1,1,1,1,-1,1,-1,-1,1,-1,1,-1,1,1,1,1,1,1,1,1,1,-1,1,-1,1,-1,1,1,-1,1,-1,1,1,-1,1,-1,1,-1,1,-1,1,1,-1,1,-1,1,1,1,1,-1,-1,1,1,-1,-1,1,-1,1,-1,-1,1,-1,1,-1,1,-1,1,-1,1,1,-1,-1,-1,1,1,-1,1,-1,1,1,1,-1,1,1,-1,1,-1,1,-1,1,-1,1,-1,1,1,-1,1,-1,-1,-1,1,1,-1,1,-1,-1,-1,1,1,-1,-1,1,1,-1,-1,1,1,-1,1,1,-1,1,1,1,1,-1,1,-1,1,1,-1,1,-1,1,-1,1,1,1,1,1,1,-1,-1,1,-1,-1,-1,1,1,-1,1,1,1,-1,1,1,1,1,1,1,1,1,-1,1,1,1,-1,1,1,-1,1,1,1,-1,1,1,-1,-1,1,1,1,-1,1,-1,1,1,1,-1,1,1,-1,1,1,1,-1,1,1,-1,1,1,1,-1,1,1,-1,-1,1,1,-1,1,1,-1,1,-1,1,-1,1,1,1,-1,1,1,1,-1,1,1,-1,1,1,-1,1,1,1,-1,-1,-1,-1,1,1,1,-1,1,1,-1,1,1,-1,-1,1,1,1,1,1,-1,1,1,1,-1,1,1,1,1,-1,1,1,1,-1,1,-1,1,1,1,1,1,1,-1,-1,-1,1,-1,-1,1,-1,1,-1,1,-1,1,1,1,-1,-1,1,-1,-1,1,-1,1,-1,1,1,1,1,1,1,-1,-1,1,-1,1,1,-1,-1,1,1,1,-1,1,-1,-1,-1,1,-1,1,1,-1,-1,1,1,1,1,-1,1,-1,1,-1,1,1,-1,-1,-1,1,-1,1,1,-1,-1,-1,1,-1,1,1,1,-1,-1,1,-1,-1,1,-1,-1,-1,1,-1,1,1,1,-1,-1,1,-1,-1,1,-1,-1,-1,-1,-1,-1,1,-1,-1,-1,1,-1,-1,1,-1,-1,-1,-1,1,-1,1,-1,-1,-1,-1,1,-1,-1,1,1,1,-1,1,-1,1,1,1,1,1,-1,-1,-1,1,-1,-1,1,1,-1,1,1,-1,1,1,1,-1,1,1,-1,-1,-1,1,-1,-1,1,-1,-1,1,1,-1,-1,1,-1,-1,1,1,1,-1,1,-1,-1,1,1,-1,-1,1,-1,-1,-1,1,1,-1,1,1,-1,-1,1,-1,-1,1,-1,1,-1,1,1,-1,-1,1,-1,-1,-1,-1,-1,1,1,1,-1,-1,1,-1,-1,1,-1,-1,1,-1,-1,1,1,-1,-1,1,-1,-1,1,1,-1,1,-1,-1,-1,-1,1,1,-1,-1,-1,-1,-1,1,-1,-1,1,-1,-1,-1,1,1,-1,-1,-1,-1,-1,1,-1,-1,-1,-1,-1,1,1,1,-1,-1,-1,-1,-1,1,1,-1,-1,-1,-1,-1,1,1,1,-1,-1,-1,-1,1,1,-1,-1,-1,-1,1,1,1,1,1,-1,1,1,1,1,1,1,-1,-1,1,1,1,-1,-1,-1,1,1,1,1,-1,1,-1,-1,1,-1,1,-1,1,-1,-1,1,-1,1,1,1,-1,-1,1,-1,1,-1,1,1,-1,1,-1,1,1,1,1,-1,1,-1,1,1,1,-1,-1,1,1,-1,1,1,-1,-1,1,-1,1,-1,1,-1,-1,-1,-1,-1,1,1,-1,-1,1,-1,-1,1,1,-1,-1,-1,-1,1,-1,1,-1,-1,-1,-1,-1,1,-1,-1,1,-1,-1,1,-1,1,-1,-1,-1,-1,-1,1,1,1,-1,-1,-1,1,1,1,-1,-1,1,1,-1,-1,1,-1,1,-1,-1,1,1,1,-1,-1,-1,-1,1,-1,1,1,-1,1,-1,-1,1,1,-1,-1,-1,-1,-1,-1,1,1,-1,-1,1,-1,1,1,-1,-1,-1,1,-1,1,1,-1,-1,1,-1,-1,1,1,1,-1,1,-1,1,1,1,-1,-1,1,-1,-1,1,1,1,-1,1,-1,-1,1,1,-1,1,1,-1,-1,1,1,-1,1,1,-1,-1,1,1,1,1,1,-1,-1,1,1,1,1,1,1,-1,-1,1,1,1,1,-1,-1,1,-1,1,1,1,1,-1,-1,1,-1,1,1,1,-1,1,1,1,1,-1,1,-1,1,1,1,1,1,1,1,-1,1,1,1,1,-1,1,-1,1,1,1,1,1,-1,1,1,1,1,-1,1,1,-1,1,1,-1,1,1,-1,-1,1,1,1,1,-1,1,-1,1,1,1,-1,-1,1,-1,1,1,1,-1,1,-1,-1,-1,1,1,-1,-1,1,-1,-1,1,1,-1,-1,1,-1,-1,1,1,1,-1,1,-1,-1,1,1,-1,-1,-1,1,-1,-1,1,-1,1,1,-1,1,1,-1,-1,1,1,-1,-1,-1,1,-1,1,1,-1,1,1,-1,-1,-1,-1,1,-1,-1,-1,-1,-1,1,-1,1,1,-1,1,1,-1,1,1,1,1,-1,1,-1,1,1,1,1,-1,1,-1,1,1,1,1,-1,1,-1,-1,1,1,1,-1,1,-1,1,1,1,-1,-1,1,-1,-1,1,1,-1,-1,-1,1,-1,1,-1,1,-1,1,-1,-1,1,-2668.0,1,2000,445,0,False
1550,1,1,-1,-1,1,-1,1,-1,1,1,1,-1,1,1,1,1,-1,1,-1,-1,1,-1,1,1,1,-1,1,-1,1,1,1,1,1,-1,-1,-1,1,1,1,1,-1,-1,-1,1,1,1,-1,-1,1,1,1,1,-1,1,-1,-1,1,-1,1,1,1,-1,-1,-1,1,1,1,-1,-1,-1,-1,1,1,1,1,-1,-1,-1,1,1,1,-1,-1,-1,1,1,1,1,-1,-1,-1,1,1,1,1,-1,-1,1,1,-1,1,1,-1,-1,1,1,1,1,1,-1,-1,1,1,1,1,1,-1,-1,1,1,1,1,1,1,-1,-1,1,1,-1,1,1,-1,1,1,1,1,1,1,-1,-1,1,1,1,1,1,-1,1,1,1,1,1,1,-1,-1,-1,1,1,1,1,-1,1,1,1,1,-1,1,-1,1,1,1,1,1,-1,-1,1,1,1,1,1,-1,1,-1,-1,1,-1,1,-1,1,1,1,1,1,1,-1,1,1,-1,1,-1,1,1,-1,1,-1,1,-1,1,-1,-1,1,-1,1,-1,1,-1,1,1,-1,1,-1,1,1,1,1,-1,-1,1,1,-1,-1,1,-1,1,-1,-1,1,-1,1,-1,1,-1,1,-1,1,1,-1,-1,-1,1,-1,1,1,-1,1,1,1,1,1,1,-1,1,-1,-1,1,1,-1,1,-1,1,-1,1,1,-1,-1,-1,1,1,1,1,-1,-1,-1,1,1,-1,1,1,1,-1,-1,1,1,1,1,1,-1,1,1,-1,1,-1,1,-1,1,1,1,1,-1,1,1,-1,1,1,1,1,1,-1,-1,1,-1,1,-1,1,1,-1,1,1,1,-1,1,-1,-1,1,1,1,1,1,-1,1,1,1,-1,1,1,-1,1,1,-1,-1,1,1,-1,-1,1,-1,1,-1,1,-1,1,1,1,-1,1,1,-1,1,1,1,-1,1,-1,-1,1,1,1,-1,1,-1,-1,-1,1,1,-1,1,-1,-1,1,-1,1,-1,1,1,-1,-1,1,1,1,-1,1,-1,-1,1,1,-1,1,-1,-1,-1,-1,-1,-1,1,-1,-1,-1,1,1,-1,1,-1,1,-1,1,1,1,1,1,-1,1,1,1,-1,1,-1,-1,-1,-1,1,1,-1,1,-1,-1,1,-1,1,-1,-1,-1,1,-1,-1,1,-1,1,-1,-1,1,-1,1,-1,-1,-1,1,1,-1,1,-1,1,-1,-1,1,-1,1,-1,-1,-1,-1,1,-1,-1,1,1,-1,-1,1,-1,1,1,-1,1,-1,1,-1,1,-1,1,-1,-1,1,-1,1,-1,-1,-1,1,1,-1,1,-1,1,-1,1,-1,1,1,-1,1,-1,1,-1,-1,1,-1,-1,-1,1,-1,1,-1,-1,1,-1,1,-1,-1,1,-1,-1,1,-1,1,-1,1,-1,1,-1,1,1,-1,1,-1,1,-1,1,-1,-1,1,-1,1,1,1,1,-1,-1,1,1,-1,1,1,-1,-1,1,1,1,-1,1,1,-1,1,1,1,1,1,-1,1,-1,-1,-1,1,-1,1,1,-1,1,-1,1,-1,1,-1,-1,-1,1,1,-1,1,1,-1,-1,1,1,-1,1,1,-1,1,-1,1,-1,-1,-1,-1,-1,-1,1,-1,-1,-1,-1,-1,-1,1,-1,1,1,1,1,-1,1,-1,1,1,-1,-1,-1,1,-1,-1,1,-1,1,-1,-1,1,1,1,1,-1,-1,-1,1,1,1,-1,1,-1,1,1,1,1,-1,-1,-1,1,1,1,1,-1,-1,-1,1,-1,1,-1,1,-1,-1,-1,1,1,1,-1,-1,-1,-1,1,1,1,1,-1,-1,-1,1,1,1,1,-1,-1,-1,1,-1,1,-1,-1,-1,1,1,1,1,1,-1,-1,-1,1,1,1,1,-1,-1,-1,1,1,-1,1,-1,-1,-1,1,1,1,1,-1,-1,1,1,1,1,-1,-1,1,1,-1,1,1,-1,-1,-1,1,1,1,1,1,-1,1,1,1,1,1,-1,-1,-1,1,-1,1,-1,-1,-1,-1,1,-1,1,1,-1,-1,-1,1,-1,1,1,-1,-1,-1,1,1,1,1,-1,-1,-1,1,-1,1,1,-1,-1,-1,1,1,-1,-1,-1,-1,-1,1,-1,1,-1,-1,-1,-1,-1,-1,-1,1,-1,-1,-1,1,-1,-1,1,-1,-1,-1,-1,-1,1,1,-1,-1,-1,-1,-1,1,-1,-1,-1,1,-1,-1,1,-1,1,-1,-1,-1,-1,-1,-1,-1,1,-1,-1,-1,1,1,1,-1,-1,1,1,-1,-1,-1,-1,1,-1,-1,1,1,1,-1,-1,-1,-1,1,-1,1,1,-1,1,-1,-1,1,1,-1,-1,-1,-1,-1,-1,1,1,-1,-1,1,-1,1,1,-1,-1,-1,1,-1,1,1,-1,-1,1,1,-1,1,1,1,-1,1,-1,1,1,1,-1,-1,1,-1,-1,1,1,1,1,-1,1,-1,1,1,1,-1,1,-1,-1,1,1,1,1,-1,1,-1,1,1,1,1,1,-1,-1,1,1,1,1,1,-1,-1,1,1,1,1,-1,-1,-1,1,-1,1,1,1,-1,-1,-1,1,-1,1,1,-1,-1,1,1,1,1,1,-1,1,1,1,1,1,1,-1,1,-1,-1,1,1,1,-1,1,-1,1,1,1,-1,1,-1,1,1,1,1,-1,1,1,-1,1,1,-1,1,1,-1,-1,1,1,1,1,-1,1,-1,1,1,1,-1,-1,1,-1,1,1,1,-1,1,-1,-1,-1,1,1,-1,-1,1,-1,-1,1,1,1,-1,1,-1,1,1,1,1,-1,1,-1,-1,1,1,-1,-1,-1,1,1,-1,1,-1,1,1,-1,1,1,-1,-1,1,1,-1,-1,1,1,-1,1,1,1,1,1,-1,-1,-1,-1,-1,-1,-1,-1,-1,-1,1,1,1,1,-1,1,1,-1,1,1,1,1,-1,1,-1,1,1,1,1,-1,1,-1,1,1,1,1,-1,1,-1,1,1,1,1,-1,1,-1,1,1,-1,-1,-1,1,-1,1,1,1,-1,-1,-1,1,-1,1,-1,1,-1,1,-1,1,1,-2668.0,1,2000,445,0,False
1551,1,1,-1,-1,1,-1,-1,-1,1,1,1,-1,1,1,-1,1,-1,1,1,-1,-1,1,1,1,1,1,-1,-1,1,1,1,1,-1,-1,-1,-1,1,1,1,1,-1,-1,-1,1,1,1,1,-1,1,1,1,1,-1,1,-1,-1,1,-1,1,1,1,-1,-1,1,1,1,1,1,-1,-1,1,1,1,1,1,-1,-1,-1,1,1,1,-1,-1,-1,1,1,1,1,-1,-1,-1,1,1,1,1,-1,-1,1,1,-1,1,1,-1,-1,1,1,1,1,1,-1,-1,1,1,1,1,1,-1,-1,1,1,1,1,1,1,-1,-1,1,1,-1,1,1,-1,1,1,1,1,1,1,-1,-1,1,1,1,1,1,-1,1,1,1,1,1,1,-1,-1,-1,1,1,1,1,-1,1,1,1,1,-1,1,-1,1,-1,1,1,1,-1,-1,1,1,1,1,1,-1,1,-1,-1,1,-1,1,-1,1,1,1,1,1,1,1,1,1,-1,1,-1,1,-1,1,1,-1,1,-1,1,1,-1,1,-1,1,-1,1,-1,1,1,-1,1,-1,1,1,1,1,-1,-1,1,1,-1,-1,1,-1,1,-1,-1,1,-1,1,-1,1,-1,1,-1,1,1,-1,-1,-1,1,1,-1,1,-1,1,1,1,-1,1,1,-1,1,-1,1,-1,1,-1,1,-1,1,1,-1,1,-1,-1,-1,1,1,-1,1,-1,-1,-1,1,1,-1,-1,1,1,-1,-1,1,1,-1,1,1,-1,1,1,1,1,-1,1,-1,1,1,-1,1,-1,1,1,-1,1,1,1,1,1,-1,-1,1,-1,-1,-1,1,1,-1,1,1,1,-1,1,-1,-1,1,1,1,1,1,-1,1,1,1,-1,1,1,-1,1,1,1,-1,1,1,-1,-1,1,1,1,-1,1,-1,1,1,1,-1,1,1,-1,1,1,1,-1,1,-1,-1,1,1,1,-1,1,-1,-1,-1,1,1,-1,1,-1,-1,1,-1,1,-1,1,1,-1,-1,1,1,1,-1,1,-1,-1,1,1,-1,1,-1,-1,-1,-1,-1,-1,1,-1,-1,-1,1,1,-1,1,-1,1,-1,1,1,1,1,-1,-1,1,1,1,-1,1,-1,-1,-1,-1,1,1,1,1,-1,-1,1,1,1,1,-1,-1,1,-1,-1,1,-1,1,-1,-1,1,-1,1,1,-1,-1,1,1,-1,1,-1,1,-1,-1,1,-1,1,1,-1,-1,-1,1,-1,-1,1,1,-1,-1,1,-1,1,1,-1,1,-1,1,-1,-1,1,1,-1,-1,1,-1,1,1,-1,-1,1,1,-1,1,-1,1,-1,1,-1,-1,1,-1,1,-1,1,-1,-1,1,-1,-1,-1,1,-1,-1,1,-1,1,-1,1,-1,-1,1,-1,-1,1,-1,1,-1,1,-1,1,-1,1,1,-1,-1,-1,1,-1,1,-1,-1,1,-1,1,1,1,1,-1,-1,1,1,-1,1,1,-1,-1,1,1,1,-1,1,1,-1,1,1,1,1,1,1,1,-1,-1,-1,1,-1,1,1,1,-1,1,1,-1,1,-1,-1,-1,1,1,-1,1,1,-1,-1,-1,1,-1,1,1,-1,-1,-1,1,-1,-1,-1,-1,1,-1,1,-1,-1,-1,-1,-1,-1,1,-1,1,1,1,1,-1,1,-1,1,1,-1,1,-1,1,-1,-1,1,-1,1,-1,-1,1,1,1,1,-1,-1,1,1,1,1,-1,1,-1,-1,1,1,1,-1,-1,-1,1,1,1,1,-1,-1,-1,1,-1,1,-1,1,1,-1,-1,1,1,1,-1,-1,-1,-1,1,1,1,1,-1,-1,-1,1,1,1,1,-1,-1,-1,1,-1,1,-1,-1,-1,1,1,1,1,1,-1,-1,-1,1,1,1,1,-1,-1,-1,1,1,-1,1,-1,-1,-1,1,1,1,1,-1,-1,1,1,1,1,-1,-1,1,1,-1,1,1,-1,-1,-1,1,1,1,1,1,-1,1,1,1,1,1,-1,-1,-1,1,-1,1,-1,-1,-1,-1,1,-1,1,1,1,-1,-1,1,-1,1,1,-1,-1,-1,1,1,1,1,-1,-1,-1,1,-1,1,1,-1,-1,-1,1,1,-1,-1,-1,-1,-1,1,-1,1,-1,-1,-1,-1,-1,-1,-1,1,-1,-1,-1,1,-1,-1,1,-1,-1,-1,-1,-1,-1,1,-1,-1,-1,-1,-1,1,-1,-1,-1,1,-1,-1,1,-1,1,-1,-1,-1,-1,-1,-1,-1,1,-1,-1,-1,1,1,-1,-1,-1,1,-1,-1,-1,-1,-1,1,-1,-1,1,1,1,-1,-1,-1,-1,1,-1,1,1,-1,1,-1,-1,1,1,-1,-1,-1,-1,-1,-1,1,1,-1,-1,1,-1,1,1,-1,-1,-1,1,-1,1,1,-1,-1,1,-1,-1,1,1,1,-1,1,-1,1,1,1,-1,-1,1,-1,-1,1,1,1,-1,1,-1,-1,1,1,-1,1,1,-1,-1,1,1,-1,1,1,-1,-1,1,1,-1,1,1,-1,-1,1,1,1,1,1,1,-1,-1,1,-1,1,1,-1,-1,1,-1,1,1,1,1,-1,-1,1,-1,1,1,1,-1,1,1,1,1,-1,1,-1,1,1,1,1,1,1,1,-1,1,1,1,1,-1,1,-1,1,1,1,1,1,-1,1,1,1,1,-1,1,1,-1,1,1,-1,1,1,-1,-1,1,1,1,1,-1,1,-1,1,1,1,-1,-1,1,-1,1,1,1,-1,1,-1,-1,-1,1,1,-1,-1,1,-1,-1,1,1,-1,-1,1,-1,-1,1,1,1,-1,1,-1,-1,1,1,-1,-1,-1,1,-1,-1,1,-1,1,1,-1,1,1,-1,-1,1,-1,-1,-1,1,1,-1,1,1,-1,1,1,-1,-1,-1,-1,1,-1,-1,-1,-1,1,-1,-1,1,1,-1,1,1,-1,1,1,1,1,-1,1,-1,1,1,1,1,-1,1,-1,-1,1,1,1,-1,1,-1,1,1,1,1,-1,1,-1,1,1,1,-1,-1,1,-1,-1,1,1,-1,-1,-1,1,-1,1,1,1,-1,1,-1,-1,1,-2668.0,1,2000,445,0,False
1552,1,1,-1,-1,1,-1,-1,-1,1,1,1,-1,1,1,1,1,-1,1,-1,-1,1,-1,1,1,1,-1,-1,-1,1,1,1,1,-1,-1,-1,-1,1,1,1,1,-1,-1,-1,1,1,1,1,-1,1,1,1,1,-1,1,-1,-1,1,-1,1,1,1,-1,-1,-1,1,1,1,1,-1,-1,-1,1,1,1,1,-1,-1,-1,1,1,1,-1,-1,-1,1,1,1,1,-1,-1,-1,1,1,1,1,-1,-1,1,1,-1,1,1,-1,-1,1,1,1,1,1,-1,-1,1,1,-1,1,1,-1,-1,1,1,1,1,1,1,-1,1,1,1,-1,1,1,-1,1,1,1,1,1,1,-1,-1,1,1,-1,1,1,-1,1,1,1,1,1,1,-1,-1,-1,1,-1,1,1,-1,1,1,1,1,-1,1,-1,1,1,1,1,1,-1,-1,1,1,1,-1,1,-1,1,-1,-1,1,1,1,-1,1,1,1,1,-1,1,1,1,1,-1,1,-1,1,-1,1,1,-1,1,-1,1,1,-1,1,-1,1,-1,1,-1,1,1,-1,1,-1,1,1,1,1,-1,-1,1,1,-1,-1,1,-1,1,1,-1,1,-1,1,-1,1,-1,1,-1,-1,1,-1,1,1,1,1,-1,1,-1,1,1,1,-1,1,1,-1,1,-1,1,-1,1,-1,1,-1,1,1,-1,1,-1,-1,-1,1,1,-1,1,-1,-1,-1,-1,1,-1,-1,1,1,-1,-1,1,1,-1,1,1,-1,1,1,1,1,-1,1,-1,1,1,-1,1,-1,1,1,-1,1,1,1,1,1,-1,-1,1,-1,-1,-1,1,1,-1,1,1,1,-1,1,-1,-1,1,1,1,1,1,-1,1,1,1,-1,1,1,-1,1,1,1,-1,1,1,-1,1,-1,1,1,-1,1,-1,1,1,1,-1,1,1,-1,1,1,1,-1,1,-1,-1,1,1,1,-1,1,-1,-1,1,1,1,-1,1,-1,-1,-1,-1,1,-1,1,1,-1,1,1,1,1,-1,1,-1,-1,-1,1,-1,1,-1,-1,1,-1,-1,-1,1,1,-1,1,-1,1,-1,1,-1,1,-1,1,1,1,1,-1,1,-1,1,1,-1,1,-1,-1,-1,-1,1,1,1,1,-1,-1,1,1,1,1,-1,-1,1,-1,-1,1,-1,1,-1,1,-1,1,1,1,-1,-1,1,1,-1,1,-1,1,-1,-1,1,-1,1,1,-1,-1,-1,1,-1,-1,1,1,-1,-1,1,-1,1,1,-1,1,-1,1,-1,-1,1,1,-1,-1,1,-1,1,1,-1,-1,1,1,-1,1,-1,1,-1,1,-1,-1,1,-1,1,-1,1,-1,-1,1,-1,-1,-1,1,-1,-1,1,-1,1,-1,1,-1,-1,1,-1,-1,1,-1,1,-1,1,-1,1,-1,1,1,-1,-1,-1,1,-1,1,-1,-1,1,-1,1,1,1,1,-1,-1,1,1,-1,1,1,1,-1,1,1,1,-1,1,1,-1,1,1,1,1,1,-1,1,-1,-1,-1,1,-1,-1,1,-1,1,-1,1,-1,1,-1,-1,-1,1,1,-1,1,1,-1,-1,1,1,-1,1,1,-1,1,-1,1,-1,-1,-1,-1,-1,-1,1,-1,-1,-1,-1,-1,-1,1,-1,1,1,1,1,-1,1,-1,1,1,-1,-1,-1,1,-1,-1,1,-1,1,-1,-1,1,1,1,1,-1,-1,-1,1,1,1,-1,1,-1,1,1,1,1,-1,-1,-1,-1,1,1,1,-1,1,-1,1,-1,1,-1,1,1,-1,-1,1,1,1,-1,-1,-1,-1,1,1,1,1,-1,-1,-1,1,1,1,1,-1,-1,-1,1,-1,1,-1,-1,1,-1,1,1,1,1,-1,1,-1,1,-1,1,1,-1,-1,-1,1,1,-1,1,-1,-1,-1,1,1,1,1,-1,-1,1,-1,1,-1,1,-1,1,1,-1,1,1,-1,-1,-1,1,1,-1,1,1,-1,1,1,1,-1,1,-1,-1,-1,1,-1,1,-1,-1,-1,1,-1,1,-1,1,-1,-1,-1,-1,-1,-1,1,-1,-1,-1,1,1,-1,1,-1,-1,1,-1,-1,-1,1,-1,-1,-1,1,1,1,-1,-1,-1,-1,1,-1,1,-1,-1,-1,-1,-1,-1,-1,1,-1,-1,-1,1,-1,-1,1,-1,-1,-1,-1,-1,1,1,-1,-1,-1,-1,-1,1,-1,-1,-1,1,-1,-1,1,-1,1,-1,-1,-1,-1,-1,-1,-1,1,-1,-1,-1,1,1,-1,-1,-1,1,-1,1,-1,-1,-1,1,-1,-1,1,-1,1,-1,-1,-1,-1,1,-1,1,1,-1,1,-1,-1,1,1,-1,-1,-1,-1,-1,-1,1,1,-1,-1,1,-1,1,1,-1,-1,-1,1,-1,-1,1,-1,-1,1,-1,-1,1,1,1,-1,1,-1,1,1,1,-1,-1,1,-1,-1,1,1,1,-1,1,-1,-1,1,1,-1,1,1,-1,-1,1,1,-1,1,1,-1,-1,1,1,-1,1,1,-1,-1,1,1,1,1,-1,1,-1,-1,1,1,1,1,-1,-1,1,-1,1,1,1,1,-1,-1,1,-1,1,1,1,-1,1,1,1,1,-1,1,-1,1,1,1,1,1,1,1,-1,1,1,1,1,-1,1,-1,1,1,1,1,1,-1,1,1,1,1,-1,1,1,-1,1,1,-1,1,1,-1,-1,1,1,1,1,-1,1,-1,1,1,1,-1,-1,1,-1,1,1,1,-1,1,-1,-1,-1,1,1,-1,-1,1,-1,-1,1,1,-1,-1,1,-1,-1,1,1,1,-1,1,-1,-1,1,1,-1,-1,-1,1,-1,-1,1,-1,1,1,-1,1,1,-1,-1,1,-1,-1,-1,1,1,-1,1,1,-1,1,1,-1,-1,-1,-1,1,-1,-1,-1,-1,-1,-1,-1,1,1,-1,1,1,-1,1,1,1,1,-1,1,-1,1,1,1,1,-1,1,-1,-1,1,1,1,-1,1,-1,1,1,1,1,-1,1,-1,1,1,-1,-1,-1,1,-1,-1,1,1,-1,-1,-1,1,-1,1,-1,1,-1,1,-1,-1,1,-2668.0,1,2000,445,0,False
1553,1,1,-1,-1,1,1,-1,1,1,1,1,-1,-1,1,1,1,-1,1,-1,-1,1,1,1,1,1,-1,-1,-1,1,1,1,1,1,-1,-1,1,-1,1,1,-1,-1,-1,1,1,1,1,-1,-1,1,-1,1,1,-1,1,-1,-1,-1,-1,1,1,-1,-1,-1,-1,1,1,1,-1,-1,-1,1,-1,1,1,1,-1,-1,1,-1,1,1,-1,-1,-1,-1,1,1,1,-1,-1,-1,1,-1,1,1,-1,-1,1,-1,1,1,1,-1,-1,1,-1,-1,1,1,-1,-1,1,-1,-1,1,1,-1,-1,1,-1,-1,1,1,1,-1,-1,-1,-1,1,1,1,-1,1,-1,-1,1,1,1,-1,-1,-1,-1,-1,1,1,-1,1,-1,-1,-1,1,1,-1,-1,1,-1,-1,1,-1,-1,1,1,-1,-1,1,1,-1,1,1,-1,1,1,-1,-1,1,-1,-1,1,1,-1,1,-1,1,-1,1,1,-1,1,1,-1,-1,-1,1,-1,1,1,1,-1,-1,-1,1,-1,1,1,-1,-1,1,-1,-1,1,1,-1,1,1,-1,1,1,1,-1,1,1,1,1,1,1,1,-1,1,-1,-1,1,1,-1,-1,1,1,-1,1,1,-1,-1,1,-1,1,1,1,1,-1,1,-1,1,1,1,-1,1,1,1,1,1,1,-1,-1,-1,1,1,-1,1,1,1,-1,1,1,-1,1,1,1,1,1,1,-1,1,1,1,1,-1,1,1,1,1,1,1,1,1,1,1,-1,-1,1,-1,1,-1,1,1,1,1,1,1,-1,1,1,1,-1,1,1,1,1,1,1,1,-1,1,-1,1,-1,1,1,1,1,-1,1,1,1,1,1,-1,1,1,1,1,1,1,-1,-1,1,1,1,1,-1,1,-1,1,1,-1,1,-1,1,-1,1,1,1,1,1,-1,1,1,-1,1,1,1,-1,1,1,1,1,1,1,1,1,1,1,-1,1,1,1,1,1,1,1,-1,1,-1,1,-1,1,-1,1,1,-1,-1,-1,1,1,-1,1,-1,1,1,1,-1,-1,-1,-1,1,-1,1,-1,1,1,-1,1,1,-1,-1,1,1,-1,1,1,-1,1,1,-1,1,1,1,1,1,-1,1,-1,-1,-1,1,-1,1,-1,-1,1,1,1,-1,-1,-1,1,-1,1,1,-1,1,-1,-1,1,1,1,1,-1,-1,1,-1,-1,1,-1,1,-1,-1,-1,1,1,1,1,-1,-1,1,-1,1,1,-1,-1,1,-1,1,-1,1,-1,-1,-1,1,-1,1,1,-1,-1,-1,-1,1,1,-1,1,-1,-1,1,1,1,-1,-1,1,-1,1,1,1,-1,-1,-1,-1,-1,1,1,1,-1,1,-1,1,-1,1,-1,-1,-1,1,-1,1,1,-1,-1,-1,1,-1,-1,1,-1,-1,-1,-1,-1,-1,1,-1,-1,-1,1,-1,-1,1,-1,-1,-1,-1,-1,-1,1,-1,-1,1,-1,1,-1,-1,1,1,1,-1,1,-1,1,1,1,-1,1,-1,1,1,-1,-1,1,1,1,1,-1,-1,1,-1,1,1,1,-1,-1,-1,-1,-1,1,1,1,-1,-1,-1,1,1,-1,1,-1,-1,-1,1,1,-1,1,-1,-1,1,1,1,-1,1,-1,-1,-1,-1,1,1,1,-1,1,-1,-1,1,-1,1,-1,-1,1,-1,1,-1,1,1,-1,-1,-1,-1,-1,1,1,-1,-1,-1,-1,-1,1,1,-1,-1,-1,1,1,1,-1,-1,-1,-1,1,1,1,-1,1,-1,1,-1,1,1,1,-1,-1,-1,-1,-1,1,-1,1,-1,-1,1,-1,1,1,-1,1,-1,-1,1,1,1,-1,1,-1,-1,-1,1,1,-1,1,-1,-1,-1,1,1,-1,1,-1,-1,-1,1,1,1,-1,1,-1,-1,1,1,-1,-1,-1,-1,-1,1,1,-1,-1,1,1,-1,-1,-1,1,-1,1,1,-1,1,-1,-1,1,1,-1,-1,1,1,-1,1,-1,1,-1,1,-1,-1,1,-1,1,-1,1,1,-1,1,1,1,-1,-1,1,-1,1,-1,1,-1,-1,1,-1,1,1,1,-1,-1,-1,1,1,1,1,-1,-1,1,-1,-1,1,1,-1,-1,-1,-1,1,-1,1,-1,-1,1,1,-1,1,1,-1,-1,1,-1,-1,1,1,-1,-1,-1,-1,1,-1,1,-1,-1,-1,-1,-1,1,-1,-1,1,-1,-1,1,-1,1,-1,-1,-1,-1,-1,1,1,1,-1,-1,-1,1,1,1,-1,-1,-1,1,-1,-1,1,-1,-1,1,-1,1,1,1,-1,1,-1,-1,1,-1,1,1,-1,1,-1,-1,1,1,1,-1,-1,-1,-1,-1,1,1,-1,-1,1,-1,1,1,-1,-1,-1,1,-1,1,1,1,-1,1,1,-1,1,1,1,-1,1,-1,1,1,1,-1,-1,1,-1,-1,1,1,1,1,-1,1,-1,1,1,1,-1,1,-1,-1,1,1,1,1,-1,1,-1,1,1,1,1,1,-1,-1,1,1,1,1,1,-1,-1,1,1,1,1,-1,-1,-1,1,-1,1,1,1,-1,1,1,1,-1,1,1,-1,-1,1,1,1,1,1,-1,1,1,1,1,1,1,-1,1,-1,1,1,1,1,-1,1,-1,1,1,1,-1,-1,1,1,1,1,1,-1,-1,1,1,1,1,-1,1,-1,1,1,1,1,1,1,-1,1,1,1,1,1,-1,-1,1,-1,1,1,1,-1,1,-1,1,1,1,1,-1,1,1,1,-1,1,1,1,-1,1,1,-1,1,1,1,-1,-1,-1,1,1,1,-1,-1,-1,-1,1,1,1,-1,1,1,1,1,1,-1,-1,1,1,1,1,1,1,-1,1,-1,1,1,1,-1,-1,1,-1,-1,-1,-1,-1,-1,1,-1,1,1,1,-1,1,1,-1,-1,1,1,1,-1,1,-1,1,1,1,1,-1,1,-1,1,1,1,1,-1,1,-1,1,1,1,1,-1,1,-1,1,-1,-1,-1,-1,1,-1,-1,1,1,-1,-1,-1,-1,1,1,-1,1,-1,1,1,-1,1,-2668.0,1,2000,445,1000,True
1554,1,1,-1,-1,1,-1,-1,-1,1,1,1,-1,1,1,1,1,-1,1,-1,-1,-1,-1,1,1,1,-1,-1,-1,1,1,1,1,-1,-1,-1,-1,1,1,1,1,-1,-1,-1,1,1,1,1,-1,1,1,1,1,-1,1,-1,-1,1,-1,1,1,1,-1,-1,-1,1,1,1,1,-1,-1,-1,1,1,1,1,-1,-1,-1,1,1,1,-1,-1,-1,1,1,1,1,-1,-1,1,1,1,1,1,-1,-1,-1,1,-1,1,1,-1,-1,1,1,1,1,1,-1,-1,-1,1,-1,1,1,-1,-1,1,1,1,1,1,1,-1,-1,1,1,-1,1,1,-1,1,1,1,1,1,1,-1,1,1,1,-1,1,1,-1,1,1,1,1,1,1,-1,-1,-1,1,-1,1,1,-1,1,1,1,1,-1,1,-1,1,-1,1,1,1,-1,-1,1,1,1,1,1,-1,1,-1,-1,1,1,1,-1,1,1,1,1,-1,1,1,1,1,-1,1,-1,1,-1,1,1,-1,1,-1,1,1,-1,1,-1,1,-1,1,-1,1,1,-1,-1,-1,1,1,1,1,-1,-1,1,1,-1,-1,1,-1,1,1,-1,1,-1,1,-1,1,-1,1,-1,1,1,-1,-1,1,1,1,-1,1,-1,1,1,1,-1,1,1,-1,1,-1,1,-1,1,-1,1,-1,1,1,-1,1,-1,-1,-1,1,1,-1,1,-1,-1,-1,-1,1,-1,-1,1,1,-1,-1,1,1,-1,1,1,-1,1,1,1,1,-1,1,-1,1,1,-1,1,-1,1,1,-1,1,1,-1,-1,1,-1,-1,1,-1,-1,1,1,1,-1,1,1,1,-1,1,-1,-1,1,1,1,1,1,-1,1,1,1,1,-1,1,-1,-1,1,1,-1,1,1,-1,1,-1,1,1,-1,1,-1,1,1,1,-1,1,1,-1,1,1,1,-1,1,-1,-1,1,1,1,1,1,-1,-1,1,1,1,-1,1,-1,-1,-1,-1,1,-1,1,1,-1,1,1,1,1,-1,1,-1,-1,-1,1,-1,1,-1,-1,1,-1,-1,-1,1,1,-1,1,-1,1,-1,1,-1,1,-1,1,1,1,1,-1,1,-1,1,1,-1,1,-1,-1,-1,-1,1,1,1,1,-1,-1,1,1,1,1,-1,-1,1,-1,-1,1,-1,1,-1,1,-1,1,1,1,-1,-1,1,1,-1,1,-1,1,-1,-1,1,-1,1,1,-1,-1,-1,1,-1,-1,1,1,-1,-1,1,-1,1,1,-1,1,-1,1,-1,-1,1,1,-1,1,1,-1,1,1,-1,-1,1,1,-1,1,-1,1,-1,1,-1,-1,1,-1,1,-1,1,-1,-1,1,-1,-1,-1,1,-1,-1,1,1,1,-1,1,-1,-1,1,-1,-1,1,-1,1,-1,1,1,1,-1,1,1,-1,-1,-1,1,-1,1,-1,-1,1,-1,1,1,1,1,-1,-1,1,1,-1,1,1,-1,-1,1,1,1,-1,1,1,-1,1,1,1,1,-1,-1,1,-1,-1,-1,1,-1,1,1,-1,1,-1,1,-1,1,-1,-1,-1,1,1,-1,1,1,-1,-1,-1,1,-1,1,1,-1,1,-1,1,-1,-1,-1,-1,-1,-1,1,-1,-1,-1,-1,-1,-1,1,-1,1,1,1,1,-1,1,-1,1,1,-1,-1,-1,1,-1,-1,1,-1,1,-1,-1,1,1,1,1,-1,-1,1,1,1,1,-1,1,-1,-1,1,1,1,-1,-1,-1,1,1,1,1,-1,1,-1,1,-1,1,-1,1,1,-1,-1,1,1,1,-1,-1,-1,-1,1,1,1,1,-1,-1,-1,1,1,1,1,-1,-1,-1,1,-1,1,-1,-1,1,-1,1,1,1,1,-1,1,-1,1,-1,1,1,-1,-1,-1,1,1,-1,1,-1,-1,-1,1,1,1,1,-1,-1,1,-1,1,-1,1,-1,1,1,-1,1,1,-1,-1,-1,1,1,-1,1,1,-1,1,1,1,-1,1,-1,-1,-1,1,-1,1,-1,-1,-1,1,-1,1,-1,1,1,-1,-1,-1,1,-1,1,-1,-1,-1,1,1,-1,1,-1,-1,1,-1,-1,-1,1,-1,-1,-1,1,1,1,-1,-1,-1,-1,1,-1,1,-1,-1,-1,-1,-1,-1,-1,1,-1,-1,-1,1,-1,-1,1,-1,-1,-1,-1,-1,1,1,-1,-1,-1,-1,-1,1,-1,-1,-1,1,-1,-1,1,-1,1,-1,-1,-1,-1,-1,-1,-1,1,-1,-1,-1,1,1,-1,-1,-1,1,-1,1,-1,-1,-1,1,-1,-1,1,1,1,-1,-1,-1,-1,1,-1,1,1,-1,1,-1,-1,1,1,-1,-1,-1,-1,-1,-1,1,1,-1,-1,1,-1,1,1,-1,-1,-1,1,-1,1,1,-1,-1,1,-1,-1,1,1,1,-1,1,-1,1,1,1,-1,-1,1,-1,-1,1,1,1,-1,1,-1,-1,1,1,-1,1,1,-1,-1,1,1,-1,1,1,-1,-1,1,1,-1,1,1,-1,-1,1,1,1,1,1,1,-1,-1,1,1,1,1,-1,-1,1,-1,1,1,1,1,-1,-1,1,-1,1,1,1,-1,1,1,1,1,-1,1,-1,1,1,1,1,1,1,1,-1,1,1,1,1,-1,1,-1,1,1,1,1,1,-1,1,1,1,1,-1,-1,1,-1,1,1,-1,1,1,-1,-1,1,1,1,-1,1,1,-1,1,1,1,-1,-1,1,-1,1,1,1,-1,1,-1,-1,-1,1,1,-1,-1,1,-1,-1,1,1,1,-1,1,-1,-1,1,1,1,1,-1,-1,-1,1,1,-1,-1,-1,1,-1,-1,1,-1,1,1,-1,1,1,-1,-1,1,-1,-1,-1,1,1,-1,1,1,-1,1,1,-1,-1,-1,-1,1,-1,-1,-1,-1,1,-1,-1,1,1,-1,1,1,-1,1,1,1,1,-1,1,-1,1,1,1,-1,-1,1,-1,-1,1,1,-1,-1,1,-1,1,1,1,-1,-1,1,-1,1,1,1,1,-1,1,-1,-1,1,1,1,-1,-1,1,-1,1,-1,1,-1,1,-1,-1,1,-2668.0,1,2000,445,0,False
1555,1,1,-1,1,1,1,-1,-1,1,1,-1,1,-1,1,1,1,-1,1,-1,1,1,-1,1,1,1,-1,1,-1,1,1,1,1,1,1,-1,-1,1,1,1,-1,1,-1,-1,1,1,1,-1,-1,1,1,1,1,-1,1,1,-1,1,-1,1,1,-1,1,1,-1,1,1,1,-1,-1,1,-1,1,1,1,1,-1,1,-1,1,1,1,-1,-1,1,1,1,1,1,-1,-1,-1,1,1,1,1,-1,1,1,1,-1,1,1,-1,-1,1,1,1,1,1,-1,-1,1,1,1,1,1,-1,-1,1,1,1,1,1,1,-1,1,1,1,-1,1,1,-1,1,1,1,1,1,1,-1,1,1,1,1,1,1,-1,-1,1,1,1,1,1,-1,1,-1,1,1,1,1,-1,1,1,1,1,-1,1,-1,1,1,1,1,1,-1,-1,1,1,1,1,1,-1,1,-1,-1,1,-1,1,-1,1,1,1,1,1,1,1,1,1,-1,1,-1,1,-1,1,1,-1,1,-1,1,1,-1,1,-1,1,-1,1,-1,1,1,-1,1,-1,1,1,1,1,-1,-1,1,1,-1,-1,1,-1,1,-1,-1,1,-1,1,-1,1,-1,1,-1,-1,1,-1,1,-1,1,1,-1,1,-1,1,1,1,-1,1,-1,-1,1,-1,1,-1,1,1,1,-1,1,1,-1,1,-1,-1,-1,1,1,-1,1,-1,-1,-1,1,1,-1,-1,1,1,-1,-1,1,1,-1,1,1,-1,1,1,1,1,-1,1,-1,1,1,-1,1,-1,1,1,-1,1,1,1,1,1,-1,-1,1,-1,-1,-1,1,1,-1,1,1,1,-1,1,-1,-1,1,1,1,1,1,-1,1,1,1,-1,1,1,-1,1,1,1,-1,1,1,-1,-1,1,1,1,-1,1,-1,1,1,1,-1,1,1,-1,1,1,1,-1,1,-1,-1,1,1,1,-1,1,-1,-1,-1,1,1,-1,1,-1,-1,1,-1,1,-1,1,1,-1,-1,1,1,1,-1,1,-1,-1,1,1,-1,1,-1,-1,-1,-1,-1,-1,1,1,-1,-1,1,1,-1,1,-1,1,-1,1,1,1,1,-1,-1,1,1,1,-1,1,-1,-1,-1,-1,1,1,-1,1,-1,-1,1,-1,1,-1,-1,-1,1,-1,-1,1,-1,1,-1,-1,1,-1,1,-1,-1,-1,1,1,-1,1,-1,1,-1,-1,1,-1,1,-1,-1,-1,-1,1,-1,-1,1,1,-1,-1,1,-1,1,1,-1,1,-1,1,-1,1,-1,1,-1,-1,1,-1,1,-1,-1,-1,1,1,-1,1,-1,1,-1,1,-1,1,1,1,1,-1,1,-1,-1,1,-1,-1,-1,1,-1,1,-1,1,1,-1,1,-1,-1,1,-1,-1,1,-1,1,-1,1,-1,1,-1,1,1,-1,1,-1,1,-1,1,-1,-1,1,-1,1,1,1,1,-1,-1,1,1,-1,1,1,-1,-1,1,1,1,-1,1,1,-1,1,1,1,1,1,1,1,-1,-1,-1,1,-1,-1,1,1,1,-1,1,-1,1,-1,-1,-1,1,1,-1,1,1,-1,-1,1,1,-1,1,1,-1,1,-1,1,-1,-1,-1,-1,-1,-1,1,-1,-1,-1,-1,-1,-1,1,-1,1,1,1,1,-1,1,-1,1,1,-1,-1,-1,1,-1,-1,1,-1,1,-1,-1,1,1,1,1,-1,-1,-1,1,1,1,-1,1,-1,1,1,1,1,-1,-1,-1,-1,1,1,1,-1,-1,-1,1,-1,1,-1,1,-1,-1,-1,1,1,1,-1,-1,-1,-1,1,1,1,1,-1,-1,-1,1,1,1,1,-1,-1,-1,1,-1,1,-1,-1,-1,1,1,1,1,1,-1,-1,-1,1,1,1,1,-1,-1,-1,1,1,-1,1,-1,-1,-1,1,1,1,1,-1,-1,1,1,1,1,-1,-1,1,1,-1,1,1,-1,-1,-1,1,1,1,1,1,-1,1,1,1,1,1,-1,-1,-1,1,-1,1,-1,-1,-1,-1,1,-1,1,1,1,-1,-1,1,-1,1,1,-1,-1,-1,1,1,1,1,-1,-1,-1,1,-1,1,1,-1,-1,-1,1,1,-1,-1,-1,-1,-1,1,-1,1,-1,-1,-1,-1,-1,-1,-1,1,-1,-1,-1,1,-1,-1,1,-1,-1,-1,-1,-1,1,1,-1,-1,-1,-1,-1,1,-1,-1,-1,1,-1,-1,1,-1,1,-1,-1,-1,-1,-1,-1,-1,1,-1,-1,-1,1,1,1,-1,-1,1,-1,-1,-1,-1,-1,1,-1,-1,1,1,1,-1,-1,-1,-1,1,-1,1,1,-1,1,-1,-1,1,1,1,-1,-1,-1,-1,-1,1,1,-1,-1,1,-1,1,1,-1,-1,-1,1,-1,1,1,1,-1,1,-1,-1,1,1,1,-1,1,-1,1,1,1,-1,-1,1,-1,-1,1,1,1,-1,1,-1,-1,1,1,1,1,1,-1,-1,1,1,1,1,1,-1,-1,1,1,1,1,1,-1,-1,1,1,1,1,-1,1,-1,1,1,1,1,1,-1,-1,1,-1,1,1,1,1,-1,-1,1,-1,1,1,1,-1,1,1,-1,1,-1,1,-1,1,1,-1,1,1,1,1,-1,-1,1,1,1,-1,1,-1,1,1,1,1,1,-1,1,1,1,1,-1,1,1,-1,1,1,-1,1,1,-1,-1,1,-1,1,1,-1,1,-1,1,-1,1,-1,-1,1,-1,1,-1,1,-1,1,-1,-1,-1,-1,1,-1,-1,1,-1,-1,-1,-1,1,-1,1,-1,1,-1,1,1,-1,-1,-1,-1,1,1,-1,-1,-1,1,1,1,-1,-1,1,1,-1,1,1,-1,-1,1,1,-1,-1,-1,1,-1,1,1,1,1,-1,1,-1,-1,-1,-1,-1,-1,-1,-1,-1,1,1,1,1,-1,1,1,-1,1,1,-1,-1,-1,1,-1,1,1,1,1,-1,1,-1,1,1,1,-1,1,1,-1,1,1,1,-1,-1,1,-1,1,-1,-1,-1,-1,1,-1,1,1,1,-1,-1,1,1,-1,1,-1,1,-1,1,-1,1,1,-2668.0,1,2000,445,0,False
1556,1,1,-1,-1,1,-1,-1,1,1,1,1,-1,1,1,1,1,-1,1,-1,-1,1,1,1,1,1,-1,-1,-1,1,1,1,1,-1,-1,-1,1,-1,1,1,1,-1,-1,1,1,1,1,1,-1,1,-1,1,1,-1,1,-1,-1,1,-1,1,1,1,-1,-1,-1,1,1,1,1,-1,-1,1,-1,1,1,1,-1,-1,1,-1,1,1,-1,-1,-1,-1,1,1,1,-1,-1,-1,1,-1,1,1,-1,-1,1,-1,1,1,1,-1,-1,1,-1,-1,1,1,-1,-1,1,-1,-1,1,1,-1,-1,1,-1,-1,1,1,1,-1,-1,-1,-1,1,1,1,-1,1,-1,-1,1,1,1,-1,-1,-1,-1,1,1,1,-1,1,-1,-1,-1,1,1,-1,-1,1,-1,-1,1,1,-1,1,1,-1,-1,1,1,-1,1,1,-1,1,1,-1,-1,1,-1,-1,1,1,-1,1,-1,1,-1,1,1,-1,1,1,-1,-1,-1,1,1,1,1,1,-1,1,1,-1,1,1,1,-1,-1,1,1,-1,1,1,-1,1,1,-1,1,1,1,-1,1,1,1,1,1,1,1,-1,1,-1,-1,1,1,1,-1,1,1,-1,1,1,-1,-1,1,-1,1,1,1,1,-1,-1,1,-1,1,1,-1,1,1,-1,1,1,1,-1,-1,1,-1,1,-1,1,1,1,1,-1,1,-1,1,1,-1,1,-1,1,-1,1,1,1,1,-1,-1,1,1,1,1,1,1,-1,1,1,-1,-1,-1,1,-1,-1,1,1,-1,-1,-1,1,-1,1,1,1,-1,1,-1,-1,1,1,1,-1,-1,1,-1,1,-1,1,-1,1,1,-1,1,1,1,-1,1,-1,-1,1,1,-1,1,1,1,-1,1,1,-1,1,1,-1,1,1,1,-1,1,1,-1,-1,1,1,1,1,1,1,1,1,1,1,1,1,1,1,-1,1,-1,1,1,1,1,-1,1,1,-1,1,1,1,-1,1,1,-1,1,-1,1,1,-1,1,-1,1,1,1,1,-1,1,-1,1,1,-1,-1,-1,1,1,-1,-1,1,1,-1,1,-1,1,-1,1,-1,1,1,-1,1,1,1,-1,1,1,-1,1,-1,1,-1,-1,1,-1,1,1,1,1,-1,1,1,-1,1,1,-1,-1,1,-1,-1,1,-1,1,-1,-1,1,-1,-1,1,-1,-1,-1,1,-1,1,-1,1,-1,1,-1,-1,1,1,-1,-1,-1,1,-1,-1,1,1,-1,-1,1,-1,1,1,-1,1,-1,1,-1,1,1,1,-1,-1,-1,-1,1,1,-1,-1,-1,1,-1,1,-1,1,-1,-1,-1,1,1,-1,1,-1,-1,-1,-1,1,-1,-1,-1,-1,-1,-1,1,-1,1,-1,-1,-1,-1,1,-1,-1,1,-1,-1,-1,-1,1,1,-1,1,-1,-1,-1,1,1,-1,-1,-1,-1,-1,1,1,1,1,-1,-1,-1,1,1,-1,1,-1,-1,-1,1,1,1,-1,1,1,-1,1,1,1,1,1,1,1,-1,1,1,-1,1,-1,1,-1,-1,1,-1,-1,1,-1,-1,1,-1,-1,-1,1,1,-1,-1,1,-1,-1,1,1,-1,-1,1,-1,-1,-1,-1,-1,-1,1,-1,-1,-1,-1,-1,-1,1,-1,-1,1,1,1,1,1,-1,1,1,1,-1,-1,1,-1,-1,-1,1,-1,-1,1,1,-1,1,1,1,-1,1,1,-1,-1,1,-1,-1,1,1,-1,-1,1,-1,1,1,-1,-1,1,1,-1,1,1,-1,1,1,-1,1,1,1,1,-1,1,1,-1,-1,1,1,-1,1,1,1,-1,1,1,-1,-1,1,1,1,1,1,-1,1,1,-1,-1,1,1,-1,-1,1,1,-1,1,1,-1,-1,1,1,-1,1,1,-1,-1,-1,1,-1,1,1,-1,-1,1,1,-1,1,1,1,-1,-1,1,-1,-1,-1,1,-1,-1,1,-1,1,-1,1,-1,1,1,-1,-1,1,-1,-1,1,-1,-1,1,-1,1,-1,1,-1,-1,-1,1,-1,-1,1,1,-1,-1,1,1,-1,1,1,-1,-1,1,-1,-1,1,-1,-1,-1,-1,1,1,1,1,-1,-1,1,1,-1,1,1,-1,-1,-1,1,-1,1,1,-1,-1,1,1,1,-1,1,-1,-1,1,1,1,-1,1,-1,-1,-1,1,-1,-1,1,-1,-1,-1,1,-1,1,-1,-1,1,-1,1,1,-1,1,-1,-1,-1,1,1,-1,1,1,-1,-1,-1,1,1,1,-1,-1,-1,1,1,-1,1,-1,-1,-1,1,-1,1,1,-1,-1,-1,-1,1,-1,1,1,-1,1,-1,-1,1,1,-1,-1,-1,-1,-1,-1,1,1,-1,-1,1,-1,1,1,-1,-1,-1,1,-1,1,1,-1,-1,1,-1,-1,1,1,1,-1,1,-1,1,1,1,-1,-1,1,-1,-1,1,-1,1,-1,1,-1,-1,1,1,-1,1,1,-1,-1,1,1,-1,1,1,-1,-1,1,1,-1,1,1,-1,-1,1,1,1,1,1,1,-1,1,1,1,-1,1,-1,-1,1,-1,1,1,1,1,-1,-1,1,-1,1,1,1,-1,1,1,1,1,-1,1,-1,1,1,1,1,1,1,-1,-1,1,1,1,1,-1,1,-1,1,1,1,1,-1,1,-1,1,1,1,-1,-1,1,-1,1,1,-1,1,-1,-1,-1,1,1,1,-1,1,-1,-1,1,1,1,-1,-1,-1,-1,1,1,1,-1,1,-1,-1,-1,1,1,-1,1,-1,-1,1,1,1,-1,1,-1,1,-1,1,1,1,1,1,-1,-1,1,1,-1,-1,1,1,-1,-1,1,-1,1,-1,-1,1,1,-1,-1,1,-1,-1,-1,1,1,-1,1,1,-1,1,1,-1,-1,-1,-1,1,-1,-1,-1,-1,1,-1,-1,1,1,-1,1,1,-1,1,1,1,1,-1,1,-1,1,1,1,1,-1,1,-1,-1,-1,1,1,-1,1,-1,1,1,1,1,-1,1,-1,1,1,-1,-1,-1,1,-1,-1,1,1,-1,-1,-1,1,-1,1,-1,1,-1,1,-1,-1,1,-2668.0,1,2000,445,1500,True
1557,1,1,-1,-1,1,1,-1,-1,1,1,1,-1,1,1,1,1,-1,1,-1,-1,-1,-1,1,1,1,-1,1,-1,1,1,1,1,1,-1,-1,-1,1,1,1,1,-1,-1,-1,1,1,1,1,-1,1,1,1,1,-1,1,-1,-1,1,-1,1,1,1,-1,-1,-1,1,1,1,1,-1,-1,-1,1,1,1,1,-1,-1,-1,1,1,1,-1,-1,-1,1,1,1,1,-1,-1,-1,1,1,1,1,-1,-1,1,1,-1,1,1,-1,-1,1,1,1,1,1,-1,-1,-1,1,-1,1,1,-1,-1,1,1,1,1,1,1,-1,-1,1,1,-1,1,1,-1,1,1,1,1,1,1,-1,1,1,1,1,1,1,-1,1,1,1,1,1,1,-1,-1,-1,1,1,1,1,-1,1,1,1,1,-1,1,-1,1,-1,1,1,1,-1,-1,1,1,1,1,1,-1,1,-1,-1,1,1,1,-1,1,1,1,1,-1,1,1,1,1,-1,1,-1,1,-1,1,1,-1,1,-1,1,1,-1,1,-1,1,-1,1,-1,1,1,-1,-1,-1,1,1,1,1,-1,-1,1,1,-1,-1,1,-1,1,-1,1,1,-1,1,-1,1,-1,1,-1,-1,1,-1,1,-1,1,1,-1,1,-1,1,1,1,-1,1,1,-1,1,-1,1,-1,1,-1,1,-1,1,1,-1,1,-1,-1,-1,1,1,-1,1,-1,-1,-1,1,1,-1,-1,1,1,-1,-1,1,1,-1,1,1,-1,1,1,1,1,-1,1,-1,1,1,-1,1,-1,1,1,1,1,1,1,1,1,-1,-1,1,-1,-1,-1,1,1,-1,1,1,1,-1,1,1,1,1,1,1,1,1,-1,1,1,1,-1,-1,1,-1,1,1,1,-1,1,1,-1,-1,1,1,1,-1,1,-1,1,1,1,-1,1,1,-1,1,1,1,-1,1,1,-1,1,1,1,-1,1,1,1,-1,1,1,-1,1,1,-1,1,-1,1,-1,1,1,1,-1,1,1,1,-1,1,1,-1,1,1,-1,1,1,1,-1,-1,-1,-1,1,1,1,-1,1,1,-1,1,1,-1,-1,1,1,1,1,1,-1,1,1,1,-1,1,1,1,-1,-1,1,1,1,-1,1,-1,1,1,1,1,1,1,-1,-1,-1,1,-1,-1,1,1,-1,1,1,-1,1,1,1,1,-1,1,-1,-1,1,-1,1,-1,1,1,-1,1,1,1,-1,-1,1,-1,1,1,1,-1,1,1,1,-1,1,1,-1,-1,1,-1,1,1,1,-1,1,1,1,1,1,1,-1,1,-1,-1,1,1,-1,-1,1,-1,-1,1,1,-1,-1,1,-1,1,1,1,-1,-1,1,-1,-1,1,1,-1,-1,1,-1,1,1,1,1,-1,1,1,-1,-1,1,1,-1,-1,-1,1,-1,1,-1,-1,1,-1,-1,1,-1,1,-1,-1,1,-1,1,-1,1,-1,-1,1,-1,-1,1,1,1,-1,1,-1,1,-1,-1,1,1,-1,-1,-1,1,-1,-1,1,1,1,-1,1,-1,1,1,1,-1,1,1,-1,1,-1,1,-1,-1,1,-1,-1,1,1,1,-1,1,-1,-1,1,1,-1,-1,1,-1,-1,1,1,-1,-1,1,-1,-1,-1,1,1,-1,1,-1,-1,-1,1,-1,-1,1,-1,1,-1,1,1,-1,-1,1,-1,-1,-1,-1,-1,1,1,1,-1,1,1,-1,-1,1,-1,-1,-1,-1,-1,-1,1,-1,-1,-1,1,-1,1,1,-1,1,1,1,-1,-1,1,1,-1,-1,-1,-1,1,1,-1,-1,1,-1,-1,-1,1,1,-1,-1,-1,-1,-1,1,-1,-1,1,-1,-1,-1,1,1,-1,1,-1,-1,1,1,1,-1,-1,-1,-1,-1,1,1,1,-1,-1,-1,-1,1,1,-1,-1,-1,-1,1,1,1,1,-1,-1,1,1,1,1,1,-1,-1,-1,1,1,1,-1,1,-1,1,1,1,1,-1,1,-1,-1,1,-1,1,-1,1,-1,-1,1,-1,1,-1,-1,-1,-1,1,-1,1,-1,1,-1,-1,1,-1,1,-1,1,-1,1,-1,-1,1,-1,-1,-1,-1,1,1,-1,-1,-1,-1,-1,1,-1,1,-1,-1,-1,-1,1,-1,-1,1,-1,-1,-1,1,-1,-1,1,-1,-1,-1,-1,-1,-1,1,-1,-1,-1,-1,-1,1,-1,-1,-1,1,-1,-1,1,-1,1,-1,-1,-1,-1,-1,-1,-1,1,-1,-1,-1,1,1,-1,-1,-1,-1,1,-1,-1,-1,-1,1,-1,-1,1,1,1,-1,-1,-1,-1,1,-1,1,1,-1,1,-1,-1,1,1,-1,-1,-1,-1,-1,-1,1,1,-1,-1,1,-1,1,1,-1,-1,-1,1,-1,1,1,-1,-1,1,-1,-1,1,1,1,-1,1,-1,1,1,1,-1,-1,1,-1,-1,1,1,1,-1,1,-1,-1,1,1,-1,1,1,-1,-1,1,1,-1,1,1,-1,-1,1,1,1,1,1,-1,-1,1,1,1,1,-1,1,-1,-1,1,1,1,1,-1,-1,1,-1,1,1,1,1,-1,-1,1,-1,1,1,1,-1,1,1,1,1,-1,1,-1,1,1,1,1,1,1,1,-1,1,1,1,1,-1,1,-1,1,1,1,1,1,-1,1,1,1,1,-1,1,1,-1,1,1,-1,1,1,-1,-1,1,1,1,1,-1,1,-1,1,1,1,-1,-1,1,-1,1,1,1,-1,1,-1,-1,-1,1,1,-1,-1,1,-1,-1,1,1,-1,-1,1,-1,-1,-1,1,1,-1,1,-1,-1,1,1,-1,-1,-1,1,-1,-1,1,-1,1,1,-1,1,1,-1,-1,1,1,-1,-1,1,1,-1,1,1,-1,1,1,-1,-1,-1,-1,1,-1,-1,-1,-1,1,-1,-1,1,1,-1,1,1,-1,1,1,1,1,-1,1,-1,1,1,1,-1,-1,1,-1,1,1,1,-1,-1,1,-1,-1,1,1,-1,-1,1,-1,1,1,1,1,-1,1,-1,-1,1,1,-1,-1,-1,1,-1,1,-1,1,-1,1,-1,-1,1,-2668.0,1,2000,445,0,False
1558,-1,-1,1,1,1,-1,-1,1,-1,-1,1,-1,1,1,-1,-1,1,-1,1,-1,-1,-1,-1,-1,-1,1,-1,-1,-1,-1,-1,-1,1,-1,-1,-1,1,-1,-1,1,-1,-1,-1,-1,-1,-1,-1,-1,1,1,-1,-1,1,1,-1,-1,-1,1,-1,-1,1,-1,-1,1,-1,-1,-1,-1,-1,-1,-1,1,-1,-1,1,-1,-1,-1,1,-1,-1,-1,-1,-1,1,-1,-1,1,-1,-1,-1,-1,1,-1,1,-1,-1,1,1,1,-1,1,-1,-1,1,1,1,-1,1,-1,-1,1,1,1,-1,1,-1,-1,1,1,1,-1,1,1,-1,-1,1,1,-1,1,-1,-1,1,1,1,-1,1,1,-1,-1,1,1,-1,1,-1,-1,1,1,1,1,1,1,-1,-1,-1,1,1,1,1,-1,1,1,1,-1,1,1,-1,1,-1,1,1,1,-1,-1,1,1,1,-1,1,-1,1,-1,-1,1,1,1,-1,1,1,1,1,-1,1,1,1,1,-1,1,-1,1,-1,1,1,-1,1,-1,1,-1,-1,1,-1,1,-1,1,-1,1,1,-1,-1,-1,1,1,1,1,-1,-1,1,1,-1,-1,1,-1,1,1,-1,1,-1,1,-1,1,-1,1,-1,1,1,-1,1,1,1,-1,-1,1,-1,1,1,1,-1,1,1,-1,1,-1,1,-1,1,-1,1,-1,1,1,-1,1,-1,-1,1,1,1,-1,1,-1,-1,-1,-1,1,1,-1,1,1,-1,-1,1,-1,-1,1,1,-1,1,1,1,-1,-1,1,-1,1,1,-1,1,-1,1,1,-1,1,-1,-1,-1,1,-1,-1,1,-1,1,-1,1,1,-1,1,1,1,-1,1,-1,-1,1,1,-1,-1,1,-1,-1,1,-1,1,-1,1,-1,-1,1,1,-1,1,1,-1,1,-1,1,-1,1,1,-1,1,1,1,1,1,1,-1,1,1,1,1,1,-1,-1,1,1,1,1,1,-1,-1,1,-1,1,1,1,-1,-1,1,-1,1,-1,1,1,-1,1,-1,1,1,1,1,-1,-1,1,1,1,1,-1,-1,1,1,-1,-1,1,-1,-1,1,-1,1,-1,1,-1,1,1,-1,1,1,1,-1,1,1,-1,1,-1,1,-1,-1,1,-1,1,1,1,1,-1,1,1,-1,1,1,-1,-1,1,-1,-1,1,-1,1,-1,-1,1,-1,1,1,-1,-1,1,1,-1,1,-1,1,-1,-1,1,-1,1,1,-1,-1,-1,1,-1,-1,1,1,-1,-1,1,-1,1,1,-1,1,-1,1,-1,1,1,1,-1,-1,-1,-1,1,1,-1,-1,-1,1,-1,1,-1,1,-1,-1,-1,1,1,-1,1,-1,-1,-1,-1,1,-1,-1,-1,-1,-1,-1,1,-1,1,-1,-1,-1,-1,1,-1,-1,1,-1,-1,-1,-1,1,1,-1,-1,-1,-1,-1,1,1,-1,1,-1,-1,1,-1,1,1,1,-1,-1,-1,1,1,-1,1,-1,-1,-1,1,1,1,-1,1,1,-1,1,1,1,1,1,-1,1,-1,-1,-1,1,-1,1,1,-1,1,-1,1,-1,1,-1,-1,-1,1,1,-1,1,1,-1,1,-1,1,-1,1,1,-1,1,-1,1,-1,-1,-1,-1,1,-1,1,-1,-1,-1,-1,1,-1,1,-1,1,1,1,-1,-1,1,-1,1,1,-1,1,-1,1,-1,-1,1,-1,1,-1,-1,1,1,1,1,1,-1,1,1,1,1,-1,1,-1,-1,1,1,1,-1,-1,-1,-1,1,1,1,-1,-1,-1,1,-1,1,-1,1,1,-1,-1,1,1,1,-1,-1,-1,-1,1,1,1,1,1,-1,-1,1,1,1,1,-1,-1,-1,1,-1,1,-1,1,-1,-1,1,1,1,1,1,-1,-1,1,-1,1,1,1,-1,-1,1,1,-1,1,1,-1,-1,1,1,1,1,1,-1,1,-1,1,-1,1,1,1,1,-1,1,1,1,1,-1,1,1,-1,1,1,1,1,-1,1,-1,1,-1,1,-1,1,-1,-1,1,-1,1,1,-1,1,-1,1,1,1,1,-1,1,-1,1,1,1,1,1,1,-1,1,-1,1,1,-1,-1,-1,1,1,1,1,1,1,-1,1,1,1,1,1,-1,1,-1,1,1,1,-1,-1,-1,-1,1,1,-1,1,-1,1,-1,1,1,1,-1,-1,-1,-1,1,1,-1,-1,-1,-1,1,-1,1,-1,-1,-1,1,-1,1,1,-1,-1,-1,1,-1,1,1,-1,-1,-1,1,1,1,1,-1,1,-1,1,-1,1,1,-1,-1,-1,-1,1,1,1,1,-1,-1,1,-1,1,1,-1,1,-1,-1,1,1,1,-1,-1,-1,-1,-1,1,-1,-1,-1,1,-1,1,1,-1,-1,-1,-1,-1,1,1,1,-1,1,1,-1,1,1,1,1,-1,-1,1,1,1,-1,-1,1,-1,-1,1,1,1,-1,-1,-1,-1,1,1,1,1,1,1,-1,1,1,-1,1,1,1,-1,1,1,1,1,1,1,-1,1,1,1,1,1,-1,-1,1,1,-1,1,1,1,-1,1,-1,1,1,1,1,-1,-1,1,-1,1,1,1,-1,1,1,1,1,-1,1,-1,1,1,1,1,1,1,-1,-1,1,1,1,1,-1,1,-1,1,1,1,1,-1,1,-1,1,1,1,-1,-1,1,-1,1,1,-1,1,-1,-1,-1,1,1,1,-1,1,-1,-1,1,1,1,-1,-1,-1,-1,1,1,1,-1,1,-1,-1,-1,1,1,-1,1,-1,-1,1,1,1,-1,1,-1,1,-1,1,1,1,1,1,-1,-1,1,1,-1,-1,1,1,-1,-1,1,-1,1,-1,-1,1,1,-1,-1,1,-1,-1,-1,1,1,-1,1,1,-1,1,1,-1,-1,-1,-1,1,-1,-1,-1,-1,1,-1,-1,1,1,-1,1,1,-1,1,1,1,1,-1,1,-1,1,1,1,1,-1,1,-1,-1,-1,1,1,-1,1,-1,1,1,1,1,-1,1,-1,1,1,1,-1,-1,1,-1,-1,1,1,-1,-1,-1,1,-1,1,1,1,-1,1,-1,-1,1,-2668.0,1,2000,445,1500,True
1559,-1,-1,1,1,1,1,-1,1,-1,-1,-1,1,-1,1,-1,-1,1,-1,1,1,1,1,-1,-1,-1,1,-1,-1,-1,-1,-1,-1,1,1,-1,1,1,-1,-1,-1,1,-1,1,-1,-1,-1,1,-1,1,-1,1,-1,1,-1,1,-1,-1,1,-1,-1,-1,1,1,1,-1,-1,-1,-1,-1,-1,1,-1,-1,-1,-1,-1,1,1,-1,-1,-1,1,1,-1,-1,-1,-1,-1,-1,1,-1,-1,-1,-1,-1,-1,-1,1,-1,1,-1,-1,-1,-1,1,-1,-1,-1,-1,-1,-1,1,-1,1,-1,-1,-1,-1,1,-1,-1,-1,-1,-1,-1,1,-1,-1,1,-1,-1,-1,1,-1,-1,1,-1,-1,-1,1,-1,-1,1,-1,-1,-1,-1,-1,-1,-1,-1,-1,-1,1,1,-1,1,1,-1,-1,1,1,-1,-1,-1,-1,-1,1,1,-1,-1,-1,-1,-1,1,-1,-1,1,-1,-1,1,-1,1,-1,-1,-1,-1,1,1,-1,-1,1,-1,1,1,1,1,-1,1,-1,-1,1,1,1,-1,1,-1,-1,-1,1,1,-1,1,-1,-1,1,1,1,1,1,1,1,1,1,1,1,-1,1,-1,-1,1,1,-1,-1,1,1,-1,1,1,1,-1,1,-1,1,1,1,1,-1,1,-1,-1,1,1,-1,1,1,-1,1,1,1,1,-1,1,-1,1,-1,1,-1,1,1,-1,1,-1,1,-1,1,1,-1,1,-1,1,-1,1,1,1,-1,1,1,1,-1,1,-1,-1,1,1,1,1,1,1,-1,-1,1,-1,1,1,-1,1,-1,1,1,1,1,-1,-1,-1,1,-1,-1,1,-1,1,-1,-1,1,-1,1,1,1,-1,1,-1,-1,1,1,-1,-1,1,-1,1,1,-1,1,-1,1,-1,1,1,1,-1,1,1,-1,-1,1,1,-1,-1,1,-1,1,1,1,1,1,1,-1,1,1,1,1,1,-1,-1,1,1,1,1,1,-1,-1,-1,1,1,1,1,-1,-1,1,-1,1,-1,1,1,-1,-1,1,1,1,1,1,-1,-1,1,1,1,1,-1,1,-1,-1,-1,-1,1,1,-1,-1,1,1,-1,1,1,-1,-1,1,1,1,1,1,-1,1,1,1,-1,1,-1,-1,-1,-1,1,1,1,1,-1,-1,1,-1,1,1,-1,-1,-1,-1,-1,1,-1,-1,-1,1,-1,1,1,1,1,-1,1,1,-1,1,-1,1,-1,-1,1,-1,1,-1,1,1,-1,1,-1,-1,1,1,-1,-1,1,-1,1,1,1,-1,-1,1,-1,1,-1,1,-1,1,1,-1,1,-1,-1,-1,1,1,-1,1,-1,-1,-1,1,-1,1,1,1,-1,1,1,-1,-1,1,-1,-1,-1,1,-1,1,-1,-1,-1,-1,1,-1,-1,1,-1,-1,-1,1,1,-1,-1,-1,-1,-1,1,1,-1,-1,-1,1,-1,1,-1,-1,1,-1,-1,1,1,1,-1,-1,1,-1,1,-1,1,-1,-1,1,-1,-1,1,1,1,-1,1,-1,1,-1,-1,-1,1,-1,1,1,-1,1,-1,-1,1,1,-1,-1,-1,1,-1,1,1,-1,-1,-1,1,1,1,1,1,-1,-1,1,-1,1,-1,1,-1,-1,-1,1,1,1,1,-1,-1,-1,-1,1,1,1,-1,-1,1,1,1,-1,1,-1,-1,-1,1,1,1,1,-1,-1,-1,-1,1,-1,1,1,-1,1,-1,-1,1,1,-1,1,1,1,1,1,1,1,-1,1,-1,1,1,1,-1,1,1,1,-1,1,1,-1,-1,1,1,1,-1,1,-1,1,1,1,-1,1,1,-1,1,1,1,1,1,1,1,1,1,1,-1,1,1,-1,1,1,1,1,1,1,1,1,1,1,1,1,-1,1,1,1,1,1,1,1,1,-1,1,-1,1,1,1,1,1,1,1,1,1,1,-1,1,1,1,1,1,-1,-1,1,1,1,-1,1,1,-1,1,1,-1,1,1,-1,1,1,1,1,1,1,1,-1,-1,1,-1,1,1,-1,1,-1,1,-1,-1,1,1,1,-1,1,1,-1,1,1,-1,1,1,-1,1,1,1,-1,-1,1,-1,-1,1,-1,1,1,-1,-1,-1,1,1,-1,-1,1,-1,-1,1,1,-1,-1,-1,1,-1,1,1,-1,-1,-1,1,-1,1,1,1,-1,-1,1,-1,1,1,-1,-1,1,-1,-1,1,1,-1,-1,1,-1,1,1,1,-1,-1,-1,-1,-1,1,1,-1,-1,1,1,-1,1,1,1,-1,-1,-1,-1,1,1,-1,-1,1,-1,1,1,1,-1,-1,1,-1,1,1,1,1,-1,-1,1,1,1,1,1,-1,-1,-1,1,-1,1,1,1,-1,1,1,1,1,1,-1,-1,-1,1,1,1,1,1,-1,1,1,-1,1,-1,-1,1,1,1,1,1,1,-1,-1,1,1,1,1,1,-1,-1,1,1,1,1,1,1,-1,1,1,1,1,1,1,-1,1,1,1,1,1,1,-1,1,1,-1,1,1,-1,-1,1,1,1,1,1,1,-1,1,-1,-1,1,1,1,-1,-1,1,-1,1,1,1,-1,1,1,-1,1,-1,1,-1,1,1,-1,1,1,1,-1,-1,1,1,1,1,-1,1,-1,1,1,1,1,-1,1,-1,1,1,1,-1,-1,1,-1,1,1,-1,1,-1,-1,-1,1,-1,1,-1,1,-1,-1,1,-1,1,-1,-1,-1,-1,1,-1,1,-1,-1,-1,-1,-1,1,1,-1,1,-1,-1,-1,-1,1,-1,1,-1,-1,1,-1,1,1,1,1,-1,-1,1,-1,-1,-1,1,1,1,1,-1,-1,1,-1,-1,1,1,-1,-1,1,-1,-1,-1,-1,1,-1,1,-1,1,1,-1,1,-1,-1,-1,-1,-1,-1,-1,-1,1,-1,1,1,1,-1,1,1,-1,1,1,-1,-1,-1,1,-1,1,1,1,1,-1,1,-1,1,1,1,-1,-1,1,-1,1,1,1,1,-1,1,-1,1,1,-1,-1,-1,1,-1,-1,1,1,-1,-1,-1,1,-1,1,-1,1,-1,1,-1,-1,1,-2668.0,1,2000,445,1500,True
1560,-1,-1,1,1,1,1,-1,1,-1,-1,-1,1,-1,1,-1,-1,1,-1,1,1,1,-1,-1,-1,-1,1,-1,-1,-1,-1,-1,-1,1,1,-1,-1,1,-1,-1,-1,1,-1,-1,-1,-1,-1,1,-1,1,1,-1,-1,1,-1,1,-1,-1,1,-1,-1,-1,1,1,1,-1,-1,-1,-1,-1,-1,-1,1,-1,-1,-1,-1,1,-1,1,-1,-1,1,-1,1,1,-1,-1,-1,-1,1,-1,-1,-1,-1,-1,-1,-1,1,1,1,-1,-1,-1,-1,1,1,1,-1,-1,-1,-1,1,1,1,-1,-1,-1,-1,1,1,1,-1,-1,-1,-1,1,1,1,1,-1,-1,-1,1,1,1,-1,-1,-1,-1,1,1,1,1,-1,-1,-1,-1,1,1,1,-1,-1,-1,1,-1,1,1,1,-1,-1,1,1,1,1,-1,-1,1,1,-1,1,-1,-1,-1,-1,1,1,1,1,-1,-1,1,-1,-1,1,-1,-1,-1,1,-1,1,1,1,-1,-1,1,1,-1,1,1,-1,-1,-1,1,-1,1,1,-1,-1,-1,1,-1,1,1,-1,1,1,1,-1,1,1,-1,1,1,1,-1,-1,1,1,-1,-1,1,-1,1,1,-1,1,-1,1,-1,1,1,-1,1,1,1,-1,-1,1,-1,-1,1,1,-1,1,1,1,1,1,-1,-1,1,1,-1,1,1,1,1,-1,-1,-1,1,1,-1,-1,1,-1,-1,1,1,-1,-1,-1,1,-1,1,1,1,1,-1,1,-1,1,1,1,1,-1,-1,-1,-1,1,-1,1,-1,-1,-1,1,1,-1,1,1,1,-1,-1,1,1,1,-1,-1,-1,1,1,-1,1,1,-1,-1,1,1,-1,1,-1,-1,-1,1,1,1,1,-1,-1,-1,1,-1,1,1,-1,-1,1,-1,-1,1,1,-1,1,1,-1,1,-1,1,-1,1,1,1,-1,1,1,-1,-1,1,1,-1,1,-1,-1,-1,1,1,-1,1,-1,-1,1,-1,1,-1,1,-1,-1,1,1,1,-1,1,1,-1,1,-1,1,1,-1,1,-1,-1,1,1,-1,1,-1,-1,1,1,1,-1,1,1,-1,1,-1,1,-1,1,-1,1,1,-1,1,1,1,-1,1,1,-1,1,-1,1,-1,-1,1,-1,1,1,-1,1,-1,1,1,-1,1,-1,-1,-1,1,1,-1,1,-1,1,-1,-1,1,-1,1,-1,-1,-1,-1,1,-1,1,-1,1,-1,-1,1,-1,1,-1,-1,-1,-1,1,-1,-1,1,1,-1,-1,1,-1,1,1,-1,1,-1,1,-1,1,-1,1,-1,-1,-1,1,-1,-1,-1,1,-1,1,-1,1,-1,1,-1,-1,-1,1,1,1,1,-1,-1,-1,-1,1,-1,-1,-1,-1,-1,1,-1,-1,1,-1,1,-1,-1,1,-1,-1,1,-1,-1,-1,1,-1,1,-1,1,-1,-1,-1,-1,1,-1,1,-1,-1,1,-1,1,1,1,-1,-1,-1,1,1,-1,1,-1,1,-1,1,1,1,-1,1,1,-1,1,1,1,1,1,1,1,-1,-1,-1,1,-1,1,1,-1,1,-1,1,-1,1,-1,-1,-1,1,1,-1,1,1,-1,1,-1,1,-1,1,1,-1,1,-1,1,-1,-1,-1,-1,1,-1,1,-1,-1,-1,-1,1,-1,1,-1,1,1,1,-1,-1,1,-1,1,1,-1,1,-1,1,-1,-1,1,-1,1,-1,-1,1,1,1,1,1,-1,1,1,1,1,-1,1,-1,-1,1,1,1,-1,-1,-1,1,1,1,1,-1,-1,-1,1,-1,1,-1,1,1,-1,-1,1,1,1,-1,-1,-1,-1,1,1,1,1,1,-1,-1,1,1,1,1,1,-1,-1,1,-1,1,-1,1,-1,1,1,1,1,1,1,-1,-1,1,-1,1,1,1,-1,-1,1,1,-1,1,1,-1,-1,1,1,1,1,1,1,-1,1,1,-1,-1,1,-1,-1,1,1,1,-1,1,-1,-1,1,-1,1,1,1,-1,-1,1,-1,1,-1,1,1,-1,1,-1,1,-1,1,-1,-1,1,-1,1,1,1,1,-1,1,-1,1,-1,1,1,-1,1,-1,1,-1,1,1,-1,1,1,1,1,1,-1,1,1,-1,1,1,1,1,-1,1,-1,1,-1,1,1,-1,1,1,-1,1,1,1,-1,1,1,-1,1,1,1,1,1,-1,-1,1,1,1,1,1,-1,1,-1,1,1,1,1,-1,-1,1,1,1,1,1,1,-1,1,1,1,1,1,-1,1,1,1,1,1,1,1,-1,1,1,1,1,1,-1,1,1,1,1,1,1,-1,1,1,1,1,1,1,1,-1,1,1,1,1,1,-1,-1,1,-1,1,1,1,-1,1,1,1,1,1,-1,-1,1,1,1,1,1,1,-1,1,1,-1,1,1,-1,1,1,1,1,1,1,-1,1,1,1,1,1,-1,1,-1,1,1,1,1,-1,-1,-1,1,1,1,1,-1,1,-1,1,1,1,1,1,-1,-1,1,1,-1,1,1,-1,-1,1,1,1,1,-1,-1,-1,1,-1,-1,1,1,-1,-1,-1,1,-1,1,1,-1,-1,1,1,-1,1,1,-1,1,1,1,-1,1,1,-1,1,-1,1,1,1,1,-1,1,-1,1,1,1,-1,1,-1,1,1,1,1,-1,1,1,-1,1,1,-1,1,1,-1,-1,1,-1,1,1,-1,1,-1,1,-1,1,-1,-1,1,-1,1,-1,1,-1,1,-1,-1,-1,1,1,-1,-1,1,-1,-1,-1,1,1,-1,1,-1,1,-1,1,1,-1,-1,-1,-1,1,1,-1,-1,-1,1,1,1,-1,-1,1,1,-1,1,1,-1,-1,1,1,-1,-1,-1,1,-1,1,1,1,1,-1,1,-1,-1,-1,-1,-1,-1,-1,-1,-1,1,1,1,1,-1,1,1,-1,1,1,-1,-1,-1,1,-1,1,1,1,1,-1,1,-1,1,1,1,-1,1,1,-1,1,1,1,1,-1,1,-1,1,1,-1,-1,-1,1,-1,1,1,1,-1,1,1,1,-1,1,-1,1,-1,1,-1,1,1,-2668.0,1,2000,445,1500,True
1561,1,1,-1,-1,1,-1,-1,-1,1,1,1,-1,1,1,1,1,-1,1,-1,-1,1,1,1,1,1,-1,-1,-1,1,1,1,1,-1,-1,-1,-1,1,1,1,1,-1,-1,1,1,1,1,1,-1,1,1,1,1,-1,1,-1,-1,1,-1,1,1,1,-1,-1,1,1,1,1,1,-1,-1,1,1,1,1,1,-1,-1,-1,1,1,1,-1,-1,-1,1,1,1,1,-1,-1,-1,1,1,1,1,-1,-1,1,1,-1,1,1,-1,-1,1,1,1,1,1,-1,-1,1,1,1,1,1,-1,-1,1,1,1,1,1,1,-1,1,1,1,-1,1,1,-1,1,1,1,1,1,1,-1,-1,1,1,1,1,1,-1,1,1,1,1,1,1,-1,-1,-1,1,1,1,1,-1,1,-1,1,1,-1,1,-1,1,-1,1,1,1,-1,-1,1,1,1,1,1,-1,1,-1,-1,1,-1,1,-1,1,1,1,1,1,1,1,1,1,-1,1,-1,1,-1,1,1,-1,1,-1,1,1,-1,1,-1,1,-1,1,-1,1,1,-1,-1,-1,1,1,1,1,-1,-1,1,1,-1,-1,1,-1,1,-1,-1,1,-1,1,-1,1,-1,1,-1,1,1,-1,-1,-1,1,1,-1,1,-1,1,1,1,-1,1,1,-1,1,-1,1,-1,1,-1,1,-1,1,1,-1,1,-1,-1,-1,1,1,-1,1,-1,-1,-1,1,1,-1,-1,1,1,-1,-1,1,1,-1,1,1,-1,1,1,1,1,-1,1,-1,1,1,-1,1,-1,1,1,-1,1,1,1,1,1,-1,-1,1,-1,-1,1,1,1,-1,1,1,1,-1,1,-1,-1,1,1,1,1,1,-1,1,1,1,-1,1,1,-1,1,1,1,-1,1,1,-1,-1,1,1,1,-1,1,-1,1,1,1,-1,1,1,-1,1,1,1,-1,1,-1,-1,1,1,1,-1,1,-1,-1,-1,1,1,-1,1,-1,-1,1,-1,1,-1,1,1,-1,-1,1,1,1,-1,1,-1,-1,1,1,-1,1,-1,-1,-1,-1,-1,-1,1,-1,-1,-1,1,1,-1,1,-1,1,-1,1,1,1,1,1,-1,1,1,1,-1,1,-1,-1,-1,-1,1,1,1,1,-1,-1,1,1,1,-1,-1,-1,1,-1,-1,1,-1,1,-1,-1,1,-1,1,-1,-1,-1,1,1,-1,1,-1,1,-1,-1,1,-1,1,1,-1,-1,-1,1,-1,-1,1,1,-1,-1,1,-1,1,1,-1,1,-1,1,-1,-1,1,1,-1,-1,1,-1,1,1,-1,-1,1,1,-1,1,-1,1,-1,1,-1,-1,1,-1,1,-1,1,-1,-1,1,-1,-1,-1,1,-1,-1,1,1,1,-1,1,-1,-1,1,-1,-1,1,-1,1,-1,1,1,1,-1,1,1,-1,-1,-1,1,-1,1,-1,-1,1,-1,1,1,1,1,-1,-1,1,1,-1,1,1,1,-1,1,1,1,-1,1,1,-1,1,1,1,1,1,-1,1,-1,-1,-1,1,-1,1,1,-1,-1,1,1,-1,1,-1,-1,-1,1,1,-1,1,1,-1,1,-1,1,-1,1,1,-1,-1,-1,1,-1,-1,-1,-1,1,-1,1,-1,-1,-1,-1,-1,-1,1,-1,1,1,1,1,-1,1,-1,1,1,-1,-1,-1,1,-1,-1,1,-1,1,-1,-1,1,1,1,1,-1,-1,1,1,1,1,-1,1,-1,-1,1,1,1,-1,-1,-1,1,1,1,1,-1,-1,-1,1,-1,1,-1,1,-1,-1,-1,1,1,1,-1,-1,-1,1,1,1,1,1,-1,-1,-1,1,1,1,1,-1,-1,-1,1,-1,1,-1,-1,-1,-1,1,1,1,1,-1,-1,1,1,1,1,1,-1,-1,-1,1,1,-1,1,-1,-1,-1,1,1,1,1,-1,-1,1,1,1,1,-1,-1,1,1,-1,1,1,-1,-1,-1,1,1,1,1,1,-1,1,1,1,1,1,-1,-1,-1,1,-1,1,-1,-1,-1,-1,1,-1,1,1,1,-1,-1,1,-1,1,1,-1,-1,-1,1,1,1,1,-1,-1,-1,1,-1,1,1,-1,-1,-1,1,1,-1,-1,-1,-1,-1,1,-1,1,-1,-1,-1,-1,-1,-1,-1,1,-1,-1,-1,1,-1,-1,1,-1,-1,-1,-1,-1,-1,1,-1,-1,-1,-1,-1,1,-1,-1,-1,1,-1,-1,1,-1,1,-1,-1,-1,-1,-1,-1,-1,1,-1,-1,-1,1,1,1,-1,-1,1,-1,-1,-1,-1,-1,1,-1,-1,1,1,1,-1,-1,-1,-1,1,-1,1,1,-1,1,-1,-1,1,1,-1,-1,-1,-1,-1,-1,1,1,-1,-1,1,-1,1,1,-1,-1,-1,1,-1,1,1,-1,-1,1,-1,-1,1,1,1,-1,1,-1,1,1,1,-1,-1,1,-1,-1,1,1,1,-1,1,-1,-1,1,1,-1,1,1,-1,-1,1,1,-1,1,1,-1,-1,1,1,-1,1,1,-1,-1,1,1,1,1,1,1,-1,-1,1,1,1,1,-1,-1,1,-1,1,1,1,1,-1,-1,1,-1,1,1,1,-1,1,1,1,1,-1,1,-1,1,1,1,1,1,1,1,-1,1,1,1,1,-1,1,-1,1,1,1,1,1,-1,1,1,1,1,-1,1,1,-1,1,1,-1,1,1,-1,-1,1,1,1,1,-1,1,-1,1,1,1,-1,-1,1,-1,1,1,1,-1,1,-1,-1,-1,1,1,-1,-1,1,-1,-1,1,1,1,-1,1,-1,-1,1,1,1,-1,-1,-1,-1,1,1,-1,-1,-1,1,-1,-1,1,-1,1,1,-1,1,1,-1,-1,1,1,-1,-1,1,1,-1,1,1,-1,1,1,-1,-1,-1,-1,1,-1,-1,-1,-1,-1,1,-1,1,1,-1,1,1,-1,1,1,1,1,-1,1,-1,1,1,1,1,-1,1,-1,-1,1,1,1,-1,1,-1,1,1,1,1,-1,1,-1,1,1,-1,-1,-1,1,-1,-1,1,1,-1,-1,-1,1,-1,1,-1,1,-1,1,-1,-1,1,-2668.0,1,2000,445,0,False
1562,1,1,-1,-1,1,1,-1,-1,1,1,1,-1,-1,1,1,1,-1,1,-1,-1,-1,-1,1,1,1,-1,-1,-1,1,1,1,1,1,-1,-1,-1,1,1,1,1,-1,-1,-1,1,1,1,1,-1,1,1,1,1,-1,1,-1,-1,1,-1,1,1,-1,-1,-1,-1,1,1,1,1,-1,-1,-1,1,1,1,1,-1,-1,-1,1,1,1,-1,-1,-1,1,1,1,1,-1,-1,-1,1,1,1,1,-1,-1,1,1,-1,1,1,-1,-1,1,1,1,1,1,-1,-1,1,1,1,1,1,-1,-1,1,1,1,1,1,1,-1,-1,1,1,-1,1,1,-1,1,1,1,1,1,1,-1,-1,1,1,1,1,1,-1,1,1,1,1,1,1,-1,-1,-1,1,1,1,1,-1,1,1,1,1,-1,1,-1,1,-1,1,1,1,-1,-1,1,1,1,1,1,-1,1,-1,-1,1,1,1,-1,1,1,1,1,-1,1,1,1,1,-1,1,-1,1,-1,1,1,-1,1,-1,1,1,-1,1,-1,1,-1,1,-1,1,1,-1,-1,-1,1,1,1,1,-1,-1,1,1,-1,-1,1,-1,1,-1,-1,1,-1,1,-1,1,-1,1,-1,-1,1,-1,1,-1,1,1,-1,1,-1,1,1,1,-1,1,1,-1,-1,-1,1,-1,1,-1,1,-1,1,1,-1,1,-1,-1,-1,1,1,-1,1,-1,-1,-1,1,1,-1,-1,1,1,-1,-1,1,1,-1,1,1,-1,1,1,1,1,-1,1,-1,1,1,-1,1,-1,1,1,-1,1,1,1,1,1,-1,-1,1,-1,-1,1,1,1,-1,1,1,1,-1,1,-1,-1,1,1,1,1,1,-1,1,1,1,-1,1,1,-1,1,1,1,-1,1,1,-1,-1,1,1,1,-1,1,-1,1,1,1,-1,1,1,-1,1,1,1,-1,1,-1,-1,1,1,1,-1,1,-1,-1,-1,1,1,-1,1,-1,-1,1,-1,1,-1,1,1,-1,-1,1,1,1,-1,1,-1,-1,1,1,-1,1,-1,-1,-1,-1,-1,-1,1,1,-1,-1,1,1,-1,1,-1,-1,-1,1,1,1,1,-1,-1,1,1,1,-1,1,-1,-1,-1,-1,1,1,1,1,-1,-1,1,1,1,1,-1,-1,1,-1,-1,1,-1,1,-1,-1,1,-1,1,-1,-1,-1,1,1,-1,1,-1,1,-1,-1,1,-1,1,1,-1,-1,-1,1,-1,-1,1,1,-1,-1,1,-1,1,1,-1,1,-1,1,-1,-1,1,1,-1,-1,1,-1,1,1,-1,-1,1,1,-1,1,-1,1,-1,1,-1,-1,1,-1,1,-1,1,-1,-1,1,-1,-1,-1,1,-1,-1,1,-1,1,-1,1,-1,-1,1,-1,-1,1,-1,1,-1,1,1,1,-1,1,1,-1,-1,1,1,-1,1,-1,-1,1,1,1,1,1,1,-1,-1,1,1,-1,1,1,1,-1,1,1,1,-1,1,1,-1,1,1,1,1,-1,-1,1,-1,-1,-1,1,-1,1,1,-1,1,-1,1,-1,1,-1,-1,-1,1,1,-1,1,1,-1,-1,-1,1,-1,1,1,-1,1,-1,1,-1,-1,-1,-1,-1,-1,1,-1,-1,-1,-1,-1,-1,1,-1,1,1,1,1,-1,1,-1,1,1,-1,-1,-1,1,-1,-1,1,-1,1,-1,-1,1,1,1,1,-1,-1,1,1,1,1,-1,1,-1,-1,1,1,1,-1,-1,-1,-1,1,1,1,-1,-1,-1,1,-1,1,-1,1,-1,-1,-1,1,1,1,-1,-1,-1,1,1,1,1,1,-1,-1,-1,1,1,1,1,-1,-1,-1,1,1,1,-1,-1,-1,-1,1,1,1,1,-1,-1,1,1,1,1,1,-1,-1,-1,1,1,-1,1,-1,-1,-1,1,1,1,1,-1,-1,1,1,1,1,-1,-1,1,1,-1,1,1,-1,-1,-1,1,1,1,1,1,-1,1,1,1,1,1,-1,-1,-1,1,-1,1,-1,-1,-1,-1,1,-1,1,1,-1,-1,-1,1,-1,1,1,-1,-1,-1,1,1,1,1,-1,-1,1,-1,-1,1,1,-1,-1,-1,1,1,-1,-1,-1,-1,-1,1,-1,1,-1,-1,-1,-1,-1,-1,-1,1,-1,-1,-1,1,-1,-1,1,-1,-1,-1,-1,-1,1,1,-1,-1,-1,-1,-1,1,-1,-1,-1,1,-1,-1,1,-1,1,-1,-1,-1,-1,-1,-1,-1,1,-1,-1,-1,1,1,-1,-1,-1,1,-1,-1,-1,-1,-1,1,-1,-1,1,1,1,-1,-1,-1,-1,1,-1,1,1,-1,1,-1,-1,1,1,-1,-1,-1,-1,-1,-1,1,1,-1,-1,1,-1,1,1,-1,-1,-1,1,-1,1,1,-1,-1,1,-1,-1,1,1,1,-1,1,-1,1,1,1,-1,-1,1,-1,-1,1,1,1,-1,1,-1,-1,1,1,-1,1,1,-1,-1,1,1,1,1,1,-1,-1,1,1,1,1,1,-1,-1,1,1,1,1,-1,1,-1,-1,1,1,-1,1,-1,-1,1,-1,1,1,1,1,-1,-1,1,-1,1,1,1,-1,1,1,1,1,-1,1,-1,1,1,1,1,1,1,1,-1,1,1,1,1,-1,1,-1,1,1,1,1,1,-1,1,1,1,1,-1,1,1,-1,1,1,-1,1,1,-1,-1,1,1,1,1,-1,1,-1,1,1,1,-1,-1,1,-1,1,1,1,-1,1,-1,-1,-1,1,1,-1,-1,1,-1,-1,1,1,-1,-1,1,-1,-1,1,1,1,-1,1,-1,-1,1,1,-1,-1,-1,1,-1,1,1,-1,1,1,-1,1,1,-1,-1,1,1,-1,-1,1,1,-1,1,1,-1,1,1,-1,-1,-1,-1,1,-1,-1,-1,-1,1,-1,-1,1,1,-1,1,1,-1,1,1,1,1,-1,1,-1,1,1,1,1,-1,1,-1,1,-1,1,1,-1,1,-1,-1,1,1,1,-1,1,-1,1,1,1,-1,-1,1,-1,-1,1,1,-1,-1,-1,1,-1,1,-1,1,-1,1,-1,-1,1,-2668.0,1,2000,445,0,False
1563,1,1,-1,-1,1,-1,-1,-1,1,1,1,-1,1,1,1,1,-1,1,-1,-1,1,-1,1,1,1,-1,-1,-1,1,1,1,1,-1,-1,-1,-1,1,-1,1,-1,-1,-1,-1,1,1,1,1,-1,1,1,1,1,-1,1,-1,-1,1,-1,1,1,1,-1,-1,-1,1,1,1,1,-1,-1,-1,1,1,1,1,-1,-1,-1,1,1,1,-1,-1,-1,1,1,1,1,-1,-1,-1,1,1,1,1,-1,-1,1,1,-1,1,1,-1,-1,1,1,1,1,1,-1,-1,1,1,-1,1,1,-1,-1,1,1,1,1,1,1,-1,1,1,1,-1,1,1,-1,1,1,1,1,1,1,-1,-1,1,1,1,1,1,-1,1,1,1,1,1,1,-1,-1,-1,1,1,1,1,-1,1,1,1,1,-1,1,-1,1,-1,1,1,1,-1,-1,1,1,1,1,1,-1,1,-1,-1,1,1,1,-1,1,1,1,1,-1,1,1,1,1,-1,1,-1,1,-1,1,1,-1,1,-1,1,1,-1,1,-1,1,-1,1,-1,1,1,-1,1,-1,1,1,1,1,-1,-1,1,1,-1,-1,1,-1,1,-1,-1,1,-1,1,-1,1,-1,1,-1,1,1,-1,-1,-1,1,1,-1,1,-1,1,1,1,-1,1,1,-1,-1,-1,1,-1,1,-1,1,-1,1,1,-1,1,-1,-1,-1,1,1,-1,1,-1,-1,-1,1,1,-1,-1,1,1,-1,-1,1,1,-1,1,1,-1,1,1,1,1,-1,1,-1,1,1,-1,1,-1,1,1,1,1,1,-1,-1,1,-1,-1,1,-1,-1,-1,1,1,-1,1,1,1,-1,1,1,1,1,1,1,1,1,-1,1,1,1,1,-1,1,-1,1,1,1,-1,1,1,-1,-1,1,1,1,-1,1,-1,1,1,1,-1,1,1,-1,1,1,1,-1,1,1,-1,1,1,1,1,1,1,-1,-1,1,1,-1,1,1,-1,1,-1,1,-1,1,1,1,-1,1,1,1,1,1,1,-1,1,1,-1,1,1,1,-1,-1,-1,-1,1,1,1,-1,1,1,-1,1,1,-1,-1,1,1,1,1,1,-1,1,1,1,-1,1,1,1,-1,-1,1,1,1,-1,1,-1,1,1,1,1,1,1,-1,-1,-1,1,-1,-1,1,-1,1,-1,1,1,1,1,1,-1,-1,1,-1,-1,1,-1,1,-1,1,1,1,1,1,1,-1,-1,1,-1,1,1,-1,-1,1,1,1,-1,1,-1,-1,-1,1,-1,1,1,-1,-1,1,1,1,1,-1,1,-1,1,-1,-1,1,-1,-1,1,1,-1,1,1,-1,-1,-1,1,-1,1,1,1,-1,-1,1,1,-1,1,-1,-1,-1,1,-1,1,1,1,-1,-1,1,1,-1,1,-1,-1,-1,1,-1,1,1,-1,-1,-1,1,-1,-1,1,-1,-1,-1,-1,1,-1,1,-1,-1,-1,1,1,-1,-1,1,1,1,-1,1,-1,1,-1,1,-1,1,-1,-1,-1,1,-1,-1,-1,1,1,-1,1,-1,1,1,1,-1,1,1,-1,1,-1,1,-1,-1,1,-1,-1,1,1,1,-1,1,-1,-1,1,1,-1,-1,1,-1,-1,1,1,-1,-1,1,-1,-1,-1,1,1,-1,1,-1,-1,-1,1,-1,-1,1,-1,1,-1,1,1,-1,-1,1,-1,-1,-1,-1,-1,1,1,1,-1,-1,1,-1,-1,1,-1,-1,1,-1,-1,1,1,-1,-1,1,1,-1,1,1,-1,1,-1,1,-1,-1,1,1,-1,-1,-1,-1,1,1,-1,-1,1,-1,-1,-1,1,1,-1,-1,-1,-1,-1,1,-1,-1,-1,-1,-1,1,1,1,-1,-1,-1,-1,-1,1,1,-1,-1,-1,-1,-1,1,1,1,-1,-1,-1,-1,1,1,-1,-1,-1,-1,1,1,1,1,1,-1,1,1,1,1,1,1,-1,-1,1,1,1,1,1,-1,1,1,1,1,-1,1,-1,-1,1,-1,1,-1,1,-1,-1,1,-1,1,1,1,-1,-1,1,-1,1,-1,1,1,-1,1,-1,1,1,1,1,1,-1,-1,1,1,1,-1,-1,1,1,-1,1,1,-1,-1,1,-1,1,-1,1,-1,-1,-1,-1,-1,1,1,-1,-1,1,-1,-1,1,1,-1,-1,-1,-1,-1,-1,1,-1,-1,-1,-1,1,1,-1,-1,1,-1,-1,1,-1,1,-1,-1,-1,-1,-1,1,1,1,-1,-1,-1,1,1,1,-1,-1,1,-1,-1,-1,1,-1,1,-1,-1,1,1,1,-1,-1,-1,-1,1,-1,1,1,-1,1,-1,-1,1,1,-1,-1,-1,-1,-1,-1,1,1,-1,-1,1,-1,1,1,1,-1,-1,1,-1,1,1,-1,-1,1,-1,-1,1,1,1,-1,1,-1,1,1,1,-1,-1,1,-1,-1,1,1,1,-1,1,-1,-1,1,1,-1,1,1,-1,-1,1,1,1,1,1,-1,-1,1,1,-1,1,1,-1,-1,1,1,1,1,1,1,-1,-1,1,1,-1,1,-1,-1,1,-1,1,1,1,1,-1,-1,1,-1,1,1,1,-1,1,-1,1,1,-1,1,-1,1,1,1,1,1,1,1,-1,-1,1,1,1,-1,1,-1,1,1,1,1,1,-1,1,-1,1,1,-1,-1,1,-1,-1,1,-1,1,1,-1,-1,1,1,1,-1,1,1,-1,-1,1,1,-1,-1,1,-1,1,1,1,-1,1,-1,-1,-1,1,1,-1,-1,1,-1,-1,1,1,-1,-1,1,-1,-1,1,1,1,1,-1,-1,-1,1,1,-1,-1,1,1,-1,-1,1,-1,1,1,-1,1,1,-1,-1,1,-1,-1,-1,1,1,-1,1,1,-1,1,1,-1,-1,-1,-1,1,-1,-1,-1,-1,1,-1,-1,1,1,-1,1,1,-1,1,1,1,1,-1,1,-1,1,1,1,1,-1,1,-1,-1,1,1,1,-1,1,-1,1,1,1,1,-1,1,-1,1,1,-1,-1,-1,1,-1,-1,1,1,-1,-1,-1,1,-1,1,-1,1,-1,1,-1,-1,1,-2668.0,1,2000,445,0,False
1564,1,1,-1,1,1,1,-1,-1,1,1,-1,1,-1,1,1,1,-1,1,-1,1,1,-1,1,1,1,-1,1,-1,1,1,1,1,1,1,-1,-1,1,1,1,-1,1,-1,-1,1,1,1,-1,-1,1,1,1,1,-1,1,1,-1,1,-1,1,1,-1,1,1,-1,1,1,1,-1,-1,-1,-1,1,1,1,1,-1,1,-1,1,1,1,-1,-1,1,1,1,1,1,-1,1,-1,1,1,1,1,-1,-1,1,1,-1,1,1,-1,-1,1,1,1,1,1,-1,-1,1,1,1,1,1,-1,-1,1,1,1,1,1,1,-1,1,1,1,-1,1,1,-1,1,1,1,1,1,1,-1,1,1,1,1,1,1,-1,-1,1,1,1,1,1,-1,1,-1,1,1,1,1,-1,1,1,1,1,-1,1,-1,1,-1,1,1,1,-1,-1,1,1,1,1,1,-1,1,-1,-1,1,-1,1,-1,1,1,1,1,1,1,1,1,1,-1,1,-1,1,-1,1,1,-1,1,-1,1,1,-1,1,-1,1,-1,1,-1,1,1,-1,-1,-1,1,1,1,1,-1,-1,1,1,-1,-1,1,-1,1,-1,1,1,1,1,-1,1,-1,1,-1,1,1,-1,-1,-1,1,1,-1,1,-1,1,1,1,-1,1,1,-1,-1,-1,1,-1,1,-1,1,-1,1,1,-1,1,-1,-1,-1,1,1,-1,1,-1,-1,-1,1,1,-1,-1,1,1,-1,-1,1,1,-1,1,1,-1,1,1,1,-1,-1,1,-1,1,1,-1,1,-1,1,1,-1,1,1,-1,-1,1,-1,-1,1,-1,1,-1,1,1,-1,1,1,1,-1,1,-1,-1,1,1,-1,-1,1,-1,1,1,1,1,-1,1,-1,1,1,1,-1,1,1,-1,-1,1,1,-1,-1,1,-1,1,1,1,1,1,1,-1,1,1,1,1,1,-1,-1,1,1,1,1,1,-1,-1,-1,1,1,1,1,-1,-1,1,-1,1,-1,1,1,-1,-1,1,1,1,1,1,-1,-1,1,1,1,-1,-1,-1,-1,-1,-1,-1,1,1,-1,-1,1,1,-1,1,-1,1,-1,1,1,1,1,1,-1,1,1,1,-1,1,-1,-1,-1,-1,1,1,1,1,-1,-1,1,-1,1,1,-1,-1,1,-1,-1,1,-1,1,-1,-1,1,-1,1,1,-1,-1,1,1,-1,1,-1,1,-1,-1,1,-1,1,-1,-1,-1,-1,1,-1,-1,1,1,-1,-1,1,-1,1,1,-1,1,-1,1,-1,1,-1,1,-1,-1,1,-1,1,-1,-1,-1,1,1,-1,1,-1,1,-1,1,-1,1,1,1,1,-1,1,-1,-1,1,-1,-1,-1,1,-1,1,-1,1,1,-1,1,-1,-1,1,-1,-1,1,-1,1,-1,-1,-1,1,-1,1,1,-1,-1,-1,1,-1,1,-1,-1,1,-1,1,1,1,1,-1,-1,1,1,-1,1,1,-1,-1,1,1,1,-1,1,1,-1,1,1,1,1,1,-1,1,-1,-1,-1,1,-1,-1,1,-1,1,-1,1,-1,1,-1,-1,-1,1,1,-1,1,1,-1,-1,-1,1,-1,1,1,-1,1,-1,1,-1,-1,-1,-1,-1,-1,1,-1,-1,-1,-1,-1,-1,1,-1,1,1,1,1,-1,1,-1,1,1,-1,-1,-1,1,-1,-1,1,-1,1,-1,-1,1,1,1,1,-1,-1,1,1,1,1,-1,1,-1,-1,1,1,1,-1,-1,-1,1,1,1,1,-1,-1,-1,1,-1,1,-1,1,1,-1,-1,1,1,1,-1,-1,-1,1,1,1,1,1,-1,-1,-1,1,1,1,1,-1,-1,-1,1,-1,1,-1,-1,-1,-1,1,1,1,1,-1,-1,1,1,1,1,1,-1,-1,-1,1,1,-1,1,-1,-1,-1,1,1,1,1,-1,-1,1,1,1,1,-1,-1,1,1,-1,1,1,-1,-1,-1,1,1,1,1,1,-1,1,1,1,1,1,-1,-1,-1,1,-1,1,-1,-1,-1,-1,1,-1,1,1,-1,-1,-1,1,-1,1,1,-1,-1,-1,1,1,1,1,-1,-1,-1,1,-1,1,1,-1,-1,-1,1,1,-1,-1,-1,-1,-1,1,-1,1,-1,-1,-1,-1,-1,-1,-1,1,-1,-1,-1,1,-1,-1,1,-1,-1,-1,-1,-1,-1,1,-1,-1,-1,-1,-1,1,-1,-1,-1,1,-1,-1,1,-1,1,-1,-1,-1,-1,-1,-1,-1,1,-1,-1,-1,1,1,-1,-1,-1,-1,1,-1,-1,-1,-1,1,-1,-1,1,1,1,-1,-1,-1,-1,1,-1,1,1,-1,1,-1,-1,1,1,1,-1,-1,-1,-1,-1,1,1,-1,-1,1,-1,1,1,-1,-1,-1,1,-1,1,1,1,-1,1,-1,-1,1,1,1,-1,1,-1,1,1,1,-1,-1,1,-1,-1,1,1,1,-1,1,-1,-1,1,1,1,1,1,-1,-1,1,1,1,1,1,-1,-1,1,1,1,1,1,-1,-1,1,1,-1,1,-1,1,-1,1,1,1,-1,1,-1,-1,1,-1,1,1,1,1,-1,-1,1,-1,1,-1,1,-1,1,1,-1,1,-1,1,-1,1,1,-1,1,1,1,-1,-1,1,1,1,1,-1,1,-1,1,1,1,1,-1,1,-1,1,1,1,-1,-1,1,-1,1,1,-1,1,-1,-1,-1,1,-1,1,-1,1,-1,-1,1,-1,1,-1,-1,-1,-1,1,-1,1,-1,1,-1,-1,-1,1,1,-1,1,-1,-1,1,-1,1,-1,-1,1,-1,1,-1,1,1,1,1,-1,-1,1,1,-1,-1,1,1,1,1,-1,-1,1,-1,-1,1,1,-1,-1,1,-1,-1,-1,-1,1,-1,1,-1,1,1,-1,1,-1,-1,-1,-1,-1,-1,-1,-1,1,-1,1,1,1,-1,1,1,-1,1,1,-1,-1,-1,1,-1,1,1,1,1,-1,1,-1,1,1,1,-1,-1,1,-1,1,1,1,1,-1,1,-1,1,1,-1,-1,-1,1,-1,-1,1,1,-1,-1,-1,1,-1,1,-1,1,-1,1,-1,-1,1,-2668.0,1,2000,445,0,False
1565,1,1,-1,-1,1,-1,-1,-1,1,1,1,-1,1,1,1,1,-1,1,-1,-1,-1,-1,1,1,1,-1,-1,-1,1,1,1,1,-1,-1,-1,-1,1,1,1,1,-1,-1,-1,1,1,1,1,-1,1,1,1,1,-1,1,-1,-1,1,-1,1,1,1,-1,-1,-1,1,1,1,1,-1,-1,-1,1,1,1,1,-1,-1,-1,1,1,1,-1,-1,-1,1,1,1,1,-1,-1,-1,1,1,1,1,-1,-1,1,1,1,1,1,-1,-1,1,1,1,1,1,-1,-1,1,1,-1,1,1,-1,-1,1,1,1,-1,1,1,-1,1,1,1,-1,1,1,-1,1,1,1,1,1,1,-1,-1,1,1,-1,1,1,-1,1,1,1,1,1,1,-1,-1,-1,1,-1,1,1,-1,1,1,1,1,-1,1,-1,1,-1,1,1,1,-1,-1,1,1,1,-1,1,-1,1,-1,-1,1,1,1,-1,1,1,1,1,-1,1,1,1,1,-1,1,-1,1,-1,1,1,-1,1,-1,1,1,-1,1,-1,1,-1,1,-1,1,1,-1,1,-1,1,1,1,1,-1,-1,1,1,-1,-1,1,-1,1,1,-1,1,-1,1,-1,1,-1,1,-1,1,1,-1,-1,1,1,1,-1,1,-1,1,1,1,-1,1,1,-1,1,-1,1,-1,1,-1,1,-1,1,1,-1,1,-1,-1,-1,1,1,-1,1,-1,-1,-1,-1,1,-1,-1,1,1,-1,-1,1,1,-1,1,1,-1,1,1,1,1,-1,1,-1,1,1,-1,1,-1,1,1,-1,1,1,1,1,1,-1,-1,1,-1,-1,-1,1,1,-1,1,1,1,-1,1,-1,-1,1,1,1,1,1,-1,1,1,1,-1,-1,1,-1,-1,1,1,-1,1,1,-1,1,-1,1,1,-1,1,-1,1,1,1,-1,1,1,-1,1,1,1,-1,1,-1,-1,1,1,1,-1,1,-1,-1,1,1,1,-1,1,-1,-1,-1,-1,1,-1,1,1,-1,1,1,1,1,-1,1,-1,-1,-1,1,-1,1,-1,-1,1,-1,-1,-1,1,1,-1,1,-1,1,-1,1,-1,1,-1,1,1,1,1,-1,1,-1,1,1,-1,1,-1,-1,-1,-1,1,1,1,1,-1,-1,1,1,1,1,-1,-1,1,-1,-1,1,-1,1,-1,1,-1,1,1,-1,-1,-1,1,1,-1,1,-1,1,-1,-1,1,-1,1,1,-1,-1,-1,1,-1,-1,1,1,-1,-1,1,-1,1,1,-1,1,-1,1,-1,-1,1,1,-1,1,1,-1,1,1,-1,-1,1,1,-1,1,-1,1,-1,1,1,-1,1,-1,1,-1,1,-1,-1,1,-1,-1,-1,1,-1,-1,1,-1,1,-1,1,-1,-1,1,-1,-1,1,-1,1,-1,1,1,1,-1,1,1,-1,-1,-1,1,-1,1,-1,-1,1,-1,1,1,-1,1,-1,-1,1,1,-1,-1,1,1,-1,1,1,1,1,1,1,-1,1,1,1,-1,-1,1,1,-1,-1,-1,1,-1,-1,1,-1,1,-1,1,-1,1,-1,-1,-1,1,1,-1,1,1,-1,-1,-1,1,-1,1,1,-1,1,-1,1,-1,-1,-1,-1,-1,-1,1,-1,-1,-1,-1,-1,-1,1,-1,1,1,1,1,-1,1,-1,1,1,-1,-1,-1,1,-1,-1,1,-1,1,-1,-1,1,1,1,1,-1,-1,1,1,1,1,-1,1,-1,-1,1,1,1,-1,-1,-1,1,1,1,1,-1,1,-1,1,-1,1,-1,1,1,-1,-1,1,1,1,-1,-1,-1,-1,1,1,1,1,-1,-1,-1,1,1,1,1,-1,-1,-1,1,-1,1,-1,-1,-1,-1,1,1,1,1,-1,1,-1,1,-1,1,1,-1,-1,-1,1,1,-1,1,-1,-1,-1,1,1,1,1,-1,-1,1,-1,1,-1,1,-1,1,1,-1,1,1,-1,1,-1,1,1,-1,1,1,-1,1,1,1,-1,1,1,-1,-1,1,-1,1,-1,1,-1,1,-1,1,-1,1,-1,-1,-1,-1,1,-1,1,-1,-1,1,1,1,-1,-1,1,-1,1,-1,-1,-1,-1,-1,-1,1,1,1,1,-1,-1,-1,-1,1,-1,1,-1,-1,-1,-1,-1,-1,-1,1,-1,-1,-1,1,-1,-1,1,-1,-1,-1,-1,-1,1,1,-1,-1,-1,-1,-1,1,-1,-1,-1,1,-1,-1,1,-1,1,-1,-1,-1,-1,-1,-1,-1,1,-1,-1,-1,1,1,1,-1,-1,1,-1,1,-1,-1,-1,1,-1,-1,1,-1,1,-1,-1,-1,-1,1,-1,1,1,-1,1,-1,-1,1,1,-1,-1,-1,-1,-1,-1,1,1,-1,-1,1,-1,1,1,-1,-1,-1,1,-1,1,1,-1,-1,1,-1,-1,1,1,1,-1,1,-1,1,1,1,-1,-1,1,-1,-1,1,1,1,-1,1,-1,-1,1,1,-1,1,1,-1,-1,1,1,1,1,1,-1,-1,1,1,-1,1,1,-1,-1,1,1,1,1,1,1,-1,-1,1,1,1,1,-1,-1,1,-1,1,1,1,1,-1,-1,1,-1,1,1,1,-1,1,1,1,1,-1,1,-1,1,1,1,1,1,1,1,-1,1,1,1,1,-1,1,-1,1,1,1,1,1,-1,1,1,1,1,-1,1,1,-1,1,1,-1,1,1,-1,-1,1,1,1,1,-1,1,-1,1,1,1,-1,-1,1,-1,1,1,1,-1,1,-1,-1,-1,1,1,-1,-1,1,-1,-1,1,1,-1,-1,1,-1,-1,1,1,1,-1,1,-1,-1,1,1,-1,-1,-1,1,-1,-1,1,-1,1,1,-1,1,1,-1,-1,1,1,-1,-1,1,1,-1,1,1,-1,1,1,-1,-1,1,-1,1,-1,-1,-1,-1,1,-1,-1,1,1,-1,1,1,-1,1,1,1,1,-1,1,-1,1,1,1,1,-1,1,-1,-1,1,1,1,-1,1,-1,1,1,1,1,-1,1,-1,1,1,1,-1,-1,1,-1,-1,1,1,-1,-1,-1,1,-1,1,-1,1,-1,1,-1,-1,1,-2668.0,1,2000,445,1000,False
1566,-1,-1,1,1,1,1,-1,1,-1,-1,-1,1,-1,1,-1,-1,1,-1,1,1,-1,-1,-1,-1,-1,1,-1,-1,-1,-1,-1,-1,1,1,-1,-1,1,-1,-1,-1,1,-1,-1,-1,-1,-1,1,1,-1,1,-1,-1,1,1,1,-1,-1,1,-1,-1,1,1,1,1,-1,-1,-1,1,1,-1,-1,1,-1,-1,1,-1,-1,-1,1,-1,-1,1,1,-1,1,-1,-1,1,1,1,-1,-1,-1,-1,1,1,-1,1,1,1,-1,1,1,-1,1,1,-1,-1,1,1,-1,1,1,1,-1,1,1,-1,1,1,-1,-1,1,1,-1,1,1,-1,1,1,1,-1,1,1,-1,1,1,1,-1,-1,1,-1,1,1,1,-1,1,1,1,-1,1,1,-1,-1,-1,1,-1,1,1,-1,1,1,1,1,1,1,-1,1,1,-1,1,1,-1,-1,1,1,-1,-1,1,-1,1,-1,-1,1,1,1,-1,1,1,1,1,1,1,1,1,1,-1,1,1,1,-1,1,1,-1,1,1,1,1,-1,1,-1,-1,1,1,-1,1,1,-1,1,1,1,1,1,1,-1,-1,1,1,-1,-1,1,-1,1,1,-1,1,-1,1,-1,1,1,1,-1,-1,1,-1,-1,1,-1,1,-1,1,-1,1,1,1,-1,1,1,-1,1,-1,1,-1,1,-1,1,-1,-1,1,-1,1,-1,-1,1,1,1,-1,1,-1,-1,-1,1,1,-1,-1,1,1,-1,1,1,1,-1,1,1,-1,-1,-1,1,1,-1,1,-1,-1,-1,1,-1,-1,1,1,-1,-1,1,1,1,1,-1,-1,-1,1,-1,-1,1,1,-1,-1,1,1,-1,1,-1,-1,-1,1,1,1,1,-1,-1,1,1,-1,1,1,-1,-1,1,1,-1,1,1,-1,1,-1,1,1,-1,1,-1,1,1,1,-1,1,1,-1,-1,1,1,-1,1,-1,-1,-1,1,1,-1,1,-1,-1,1,-1,1,-1,1,-1,-1,1,-1,1,-1,1,1,-1,1,-1,1,1,-1,1,-1,-1,1,1,-1,1,-1,-1,1,1,-1,-1,1,1,-1,1,-1,1,-1,1,-1,1,1,-1,1,1,1,-1,1,1,-1,1,-1,1,-1,-1,1,-1,1,1,1,1,-1,1,1,1,1,-1,-1,-1,1,-1,-1,1,-1,1,-1,-1,1,-1,1,-1,-1,-1,-1,1,-1,1,-1,1,-1,-1,1,-1,1,1,-1,-1,-1,1,-1,-1,1,1,-1,-1,1,-1,1,1,-1,1,-1,1,-1,-1,1,1,-1,-1,-1,-1,1,1,-1,1,-1,1,-1,1,-1,1,-1,-1,-1,1,1,-1,1,-1,-1,-1,-1,1,-1,-1,-1,-1,-1,-1,1,-1,1,-1,1,-1,-1,1,-1,-1,1,-1,-1,-1,1,1,1,-1,1,-1,-1,1,-1,1,-1,1,-1,-1,1,-1,1,1,1,-1,-1,-1,1,1,-1,1,-1,-1,1,1,1,1,-1,1,1,-1,1,1,1,1,1,-1,1,-1,-1,-1,1,-1,1,1,1,1,-1,1,-1,1,-1,-1,-1,1,1,-1,1,1,-1,1,-1,1,-1,1,1,-1,1,-1,1,-1,-1,-1,-1,1,-1,1,-1,-1,-1,-1,1,-1,1,-1,1,1,1,1,-1,1,-1,1,1,-1,1,-1,1,-1,-1,1,-1,1,-1,-1,1,1,1,1,1,-1,-1,1,1,1,-1,1,-1,1,1,1,1,-1,-1,-1,1,1,1,1,-1,-1,-1,1,-1,1,-1,1,1,-1,-1,1,1,1,-1,1,-1,-1,1,1,1,1,1,1,-1,1,1,1,1,-1,1,-1,1,-1,1,-1,1,1,-1,1,1,1,1,1,1,-1,1,-1,1,1,1,1,-1,1,1,-1,1,1,1,1,1,1,1,1,1,1,-1,1,1,-1,-1,1,-1,-1,1,1,1,-1,1,-1,-1,1,-1,1,1,1,-1,-1,1,-1,1,-1,1,1,-1,1,-1,1,-1,1,-1,-1,1,-1,1,-1,1,-1,-1,1,-1,1,-1,1,1,-1,1,-1,1,-1,1,1,-1,1,1,1,1,1,-1,1,1,-1,1,1,1,1,-1,1,-1,1,-1,1,1,-1,1,1,-1,1,1,-1,1,1,1,-1,1,1,1,-1,1,-1,-1,1,1,-1,1,1,-1,1,-1,1,-1,-1,1,1,-1,1,1,-1,-1,1,1,-1,1,1,-1,-1,-1,1,1,1,1,-1,1,1,1,-1,1,1,-1,-1,1,-1,1,1,1,-1,-1,-1,1,-1,1,1,-1,1,-1,-1,1,1,1,-1,-1,-1,-1,-1,1,-1,-1,-1,1,-1,1,1,-1,-1,-1,1,-1,1,1,1,-1,1,-1,-1,1,1,1,-1,1,-1,1,1,1,-1,-1,1,-1,-1,1,1,-1,-1,1,-1,-1,1,1,-1,1,1,-1,-1,1,1,-1,-1,1,-1,-1,1,1,-1,-1,1,-1,-1,1,1,-1,1,-1,1,-1,-1,1,-1,-1,1,-1,-1,1,-1,1,-1,1,1,-1,-1,1,-1,1,1,1,-1,1,-1,-1,1,-1,1,-1,1,1,-1,1,1,1,1,-1,-1,-1,1,1,-1,1,-1,1,-1,1,1,1,-1,1,-1,1,1,-1,1,1,-1,1,1,-1,1,1,-1,-1,1,-1,1,1,-1,1,-1,-1,-1,1,-1,-1,1,-1,1,-1,1,-1,1,-1,-1,-1,1,1,-1,-1,1,-1,-1,-1,1,-1,-1,1,-1,-1,-1,1,1,-1,1,-1,-1,1,1,-1,-1,-1,1,-1,1,1,-1,1,1,-1,1,1,-1,-1,1,1,-1,-1,-1,1,-1,1,1,-1,1,1,-1,-1,-1,-1,1,-1,-1,-1,-1,-1,1,-1,1,1,-1,1,1,-1,1,1,1,1,-1,1,-1,1,1,1,1,-1,1,-1,-1,1,1,1,-1,1,-1,1,1,1,1,-1,1,-1,1,1,1,-1,-1,1,-1,-1,1,1,-1,-1,-1,1,-1,1,1,1,-1,1,-1,1,1,-2668.0,1,2000,445,1500,True
1567,1,1,-1,-1,1,1,-1,-1,1,1,1,-1,1,1,1,1,-1,1,-1,-1,-1,-1,1,1,1,-1,-1,-1,1,1,1,1,-1,-1,-1,-1,1,-1,1,1,-1,-1,-1,1,1,1,1,-1,1,1,1,1,-1,1,-1,-1,1,-1,1,1,1,-1,-1,-1,1,1,1,1,-1,-1,-1,1,1,1,1,-1,-1,-1,1,1,1,-1,-1,-1,1,1,1,1,-1,-1,-1,1,1,1,1,-1,-1,1,1,-1,1,1,-1,-1,1,1,1,1,1,-1,-1,1,1,-1,1,1,-1,-1,1,1,1,1,1,1,-1,1,1,1,-1,1,1,-1,1,1,1,1,1,1,-1,-1,1,1,1,1,1,-1,1,1,1,1,1,1,-1,-1,-1,1,1,1,1,-1,1,1,1,1,-1,1,-1,1,-1,1,1,1,-1,-1,1,1,1,1,1,-1,1,-1,-1,1,-1,1,-1,1,1,1,1,1,1,1,1,1,-1,1,-1,1,-1,1,1,-1,1,-1,1,1,-1,1,-1,1,-1,1,-1,1,1,-1,1,-1,1,1,1,1,-1,-1,1,1,-1,-1,1,-1,1,-1,-1,1,-1,1,-1,1,-1,1,-1,1,1,-1,-1,-1,1,1,-1,1,-1,1,1,1,-1,1,1,-1,-1,-1,1,-1,1,-1,1,-1,1,1,-1,1,-1,-1,-1,1,1,-1,1,-1,-1,-1,1,1,-1,-1,1,1,-1,-1,1,1,-1,1,1,-1,1,1,1,1,-1,1,-1,1,1,-1,1,-1,1,1,1,1,1,1,1,1,-1,-1,1,-1,-1,-1,1,1,-1,1,1,1,-1,1,1,1,1,1,1,1,1,-1,1,1,1,-1,1,1,-1,1,1,1,-1,1,1,-1,-1,1,1,1,-1,1,-1,1,1,1,-1,1,1,-1,1,1,1,-1,1,1,-1,1,1,1,-1,1,1,-1,-1,1,1,-1,1,1,-1,1,-1,1,-1,1,-1,1,-1,1,1,1,-1,-1,1,-1,1,1,-1,1,1,1,-1,-1,-1,-1,1,1,1,-1,1,1,-1,1,1,-1,-1,1,1,1,1,1,-1,1,1,1,-1,1,1,1,1,-1,1,1,1,-1,1,-1,1,1,1,1,1,1,-1,-1,-1,1,-1,1,1,-1,1,-1,1,-1,1,1,1,-1,-1,1,-1,-1,1,-1,1,-1,1,1,1,1,1,1,-1,-1,1,-1,1,1,-1,-1,1,1,1,-1,1,-1,-1,-1,1,-1,1,1,-1,-1,1,1,1,1,-1,1,-1,1,-1,-1,1,-1,-1,-1,1,-1,1,1,-1,-1,-1,1,-1,1,1,1,-1,-1,1,1,-1,1,-1,-1,-1,1,-1,1,1,-1,-1,-1,1,-1,-1,1,-1,-1,-1,-1,-1,1,1,-1,-1,-1,1,-1,-1,1,-1,-1,-1,-1,1,-1,1,-1,-1,-1,-1,1,-1,-1,1,1,1,-1,1,-1,1,-1,1,1,1,-1,-1,-1,1,-1,1,-1,1,1,-1,1,-1,-1,1,1,-1,1,1,-1,1,-1,1,-1,-1,1,-1,-1,1,1,1,-1,1,-1,-1,1,1,-1,-1,1,-1,1,1,1,-1,-1,1,-1,-1,-1,1,1,-1,1,-1,-1,-1,1,-1,-1,1,-1,1,-1,1,1,-1,-1,1,-1,-1,-1,-1,-1,1,1,1,-1,-1,1,-1,-1,1,-1,-1,1,-1,-1,1,1,-1,-1,1,1,-1,1,1,-1,1,-1,1,-1,-1,1,1,-1,-1,-1,-1,1,1,-1,-1,1,-1,-1,-1,1,1,-1,-1,-1,-1,-1,1,-1,-1,-1,-1,-1,1,1,1,-1,-1,-1,-1,-1,1,1,-1,-1,-1,-1,-1,1,1,1,-1,-1,-1,-1,1,1,-1,-1,-1,-1,1,1,1,1,1,-1,1,1,1,1,1,1,-1,-1,1,1,1,1,1,-1,1,1,1,1,-1,1,-1,-1,1,-1,1,-1,1,-1,-1,1,-1,1,1,1,-1,-1,1,-1,1,-1,1,1,-1,1,-1,1,1,1,1,-1,1,-1,1,1,1,-1,-1,1,1,-1,1,1,-1,-1,1,-1,1,-1,1,-1,-1,-1,-1,-1,1,1,-1,-1,1,-1,-1,1,1,-1,-1,-1,-1,-1,-1,1,-1,-1,-1,-1,1,1,-1,-1,1,-1,-1,1,-1,1,-1,-1,-1,-1,-1,1,1,1,-1,-1,-1,1,1,1,-1,-1,1,1,-1,-1,1,-1,1,-1,-1,1,1,1,-1,-1,-1,-1,1,-1,1,1,-1,1,-1,-1,1,1,-1,-1,-1,-1,-1,-1,1,1,-1,-1,1,-1,1,1,-1,-1,-1,1,-1,1,1,-1,-1,1,-1,-1,1,1,1,-1,1,-1,1,1,1,-1,-1,1,-1,-1,1,1,1,-1,1,-1,-1,1,1,-1,1,1,-1,-1,1,1,-1,1,1,-1,-1,1,1,-1,1,1,-1,-1,1,1,1,1,1,1,-1,-1,1,1,1,1,-1,-1,1,-1,1,1,1,1,-1,-1,1,-1,1,1,1,-1,1,1,1,1,-1,1,-1,1,1,1,1,1,1,1,-1,1,1,1,1,-1,1,-1,1,1,1,1,1,-1,1,1,1,1,-1,1,1,-1,1,1,-1,1,1,-1,-1,1,1,1,1,-1,1,-1,1,1,1,-1,-1,1,-1,1,1,1,-1,1,-1,-1,-1,1,1,-1,-1,1,-1,-1,1,1,1,-1,1,-1,-1,1,1,1,-1,1,-1,-1,1,1,-1,-1,-1,1,-1,1,1,-1,1,1,-1,1,1,-1,-1,1,1,-1,-1,1,1,-1,1,1,-1,1,1,-1,-1,-1,-1,1,-1,-1,-1,-1,-1,1,-1,1,1,-1,1,1,-1,1,1,1,1,-1,1,-1,1,1,1,1,-1,1,-1,1,1,1,1,-1,1,-1,-1,1,1,1,-1,1,-1,1,1,1,-1,-1,1,-1,-1,1,1,-1,-1,-1,1,-1,1,-1,1,-1,1,-1,-1,1,-2668.0,1,2000,445,1000,False
1568,1,1,-1,-1,1,-1,-1,-1,1,1,1,-1,1,1,1,1,-1,1,-1,-1,-1,-1,1,1,1,-1,1,-1,1,1,1,1,1,-1,-1,-1,1,1,1,1,-1,-1,-1,1,1,1,1,-1,1,1,1,1,-1,1,-1,-1,1,-1,1,1,-1,-1,-1,-1,1,1,1,1,-1,-1,-1,1,1,1,1,-1,-1,-1,1,1,1,-1,-1,-1,1,1,1,1,-1,-1,-1,1,1,1,1,-1,-1,1,1,-1,1,1,-1,-1,1,1,1,1,1,-1,-1,-1,1,-1,1,1,-1,-1,1,1,1,1,1,1,-1,-1,1,1,-1,1,1,-1,1,1,1,1,1,1,-1,1,1,1,-1,1,1,-1,1,1,1,1,1,1,-1,-1,-1,1,-1,1,1,-1,1,1,1,1,-1,1,-1,1,-1,1,1,1,-1,-1,1,1,1,1,1,-1,1,-1,-1,1,1,1,-1,1,1,1,1,-1,1,1,1,1,-1,1,-1,1,-1,1,1,-1,1,-1,1,1,-1,1,-1,1,-1,1,-1,1,1,-1,-1,-1,1,1,1,1,-1,-1,1,1,-1,-1,1,-1,1,1,-1,1,-1,1,-1,1,-1,1,-1,1,1,-1,-1,1,1,1,-1,1,-1,1,1,1,-1,1,-1,-1,1,-1,1,-1,1,1,1,-1,1,1,-1,1,-1,-1,-1,1,1,-1,1,-1,-1,-1,-1,1,-1,-1,1,1,-1,-1,1,1,-1,1,1,-1,1,1,1,1,-1,1,-1,1,1,-1,1,-1,1,1,-1,1,1,-1,-1,1,-1,-1,1,-1,-1,-1,1,1,-1,1,1,1,-1,1,-1,-1,1,1,1,-1,1,-1,1,1,1,1,-1,1,-1,-1,1,1,-1,1,1,-1,1,-1,1,1,-1,1,-1,1,1,1,-1,1,1,-1,1,1,1,-1,1,-1,-1,1,1,1,1,1,-1,-1,1,1,1,-1,1,-1,-1,-1,-1,1,-1,1,1,-1,1,1,1,1,1,1,-1,-1,-1,1,-1,1,-1,-1,1,-1,-1,-1,1,1,-1,1,-1,1,-1,1,-1,1,-1,1,1,1,1,-1,1,-1,1,1,-1,1,-1,-1,-1,-1,1,1,1,1,-1,-1,1,-1,1,1,-1,-1,1,-1,-1,1,-1,1,-1,1,-1,1,1,1,-1,-1,1,1,-1,1,-1,1,-1,-1,1,-1,1,-1,-1,-1,-1,1,-1,-1,1,1,-1,-1,1,-1,1,1,-1,1,-1,1,-1,1,-1,1,-1,-1,1,-1,1,-1,-1,-1,1,1,-1,1,-1,1,-1,1,-1,1,1,1,1,-1,1,-1,-1,1,-1,-1,-1,1,-1,1,-1,1,1,-1,1,-1,-1,1,-1,-1,1,-1,1,-1,1,-1,1,-1,1,1,-1,-1,-1,1,-1,1,-1,-1,1,-1,1,1,1,1,-1,-1,1,1,-1,1,1,-1,-1,1,1,1,-1,1,1,-1,1,1,1,1,1,-1,1,-1,-1,-1,1,-1,-1,1,-1,1,-1,1,-1,1,-1,-1,-1,1,1,-1,1,1,-1,-1,-1,1,-1,1,1,-1,1,-1,1,-1,-1,-1,-1,-1,-1,1,-1,-1,-1,-1,-1,-1,1,-1,1,1,1,1,-1,1,-1,1,1,-1,-1,-1,1,-1,-1,1,-1,1,-1,-1,1,1,1,1,-1,-1,1,1,1,1,-1,1,-1,-1,1,1,1,-1,-1,-1,1,1,1,1,-1,1,-1,1,-1,1,-1,1,1,-1,-1,1,1,1,-1,-1,-1,1,1,1,1,1,-1,-1,-1,1,1,1,1,-1,-1,-1,1,-1,1,-1,-1,-1,-1,1,1,1,1,-1,1,-1,1,-1,1,1,-1,-1,-1,1,1,-1,1,-1,-1,-1,1,1,1,1,-1,-1,1,-1,1,-1,1,-1,1,1,-1,1,1,-1,-1,-1,1,1,-1,1,1,-1,1,1,1,-1,1,-1,-1,-1,1,-1,1,-1,-1,-1,1,-1,1,-1,1,-1,-1,-1,-1,1,-1,1,-1,-1,-1,1,1,-1,1,-1,-1,1,-1,-1,-1,1,-1,-1,-1,1,1,1,-1,-1,-1,-1,1,-1,1,-1,-1,-1,-1,-1,-1,-1,1,-1,-1,-1,1,-1,-1,1,-1,-1,-1,-1,-1,1,1,-1,-1,-1,-1,-1,1,-1,-1,-1,1,-1,-1,1,-1,1,-1,-1,-1,-1,-1,-1,-1,1,-1,-1,-1,1,1,-1,-1,-1,1,-1,1,-1,-1,-1,1,-1,-1,1,1,1,-1,-1,-1,-1,1,-1,1,1,-1,1,-1,-1,1,1,-1,-1,-1,-1,-1,-1,1,1,-1,-1,1,-1,1,1,-1,-1,-1,1,-1,1,1,-1,-1,1,-1,-1,1,1,1,-1,1,-1,1,1,1,-1,-1,1,-1,-1,1,1,1,-1,1,-1,-1,1,1,-1,1,1,-1,-1,1,1,1,1,1,-1,-1,1,1,1,1,1,-1,-1,1,1,1,1,1,1,-1,1,1,1,1,1,-1,-1,1,-1,1,1,1,1,-1,-1,1,-1,1,1,1,-1,1,1,1,1,-1,1,-1,1,1,1,1,1,1,1,-1,-1,1,1,1,-1,1,-1,1,1,1,1,1,-1,1,1,1,1,-1,-1,1,-1,1,1,-1,1,1,-1,-1,1,1,1,-1,1,1,-1,1,1,1,-1,-1,1,-1,1,1,1,-1,1,-1,-1,-1,1,1,-1,-1,1,-1,-1,1,1,1,-1,1,-1,1,1,1,1,1,-1,-1,-1,1,1,-1,-1,1,1,1,-1,1,-1,1,1,-1,1,1,-1,-1,1,-1,-1,-1,1,1,-1,1,1,1,1,1,-1,-1,1,-1,-1,-1,-1,-1,-1,1,-1,1,1,1,-1,1,1,-1,1,1,1,1,-1,1,-1,1,1,1,-1,-1,1,-1,1,1,1,-1,1,1,-1,1,1,1,-1,-1,1,-1,1,-1,1,1,-1,1,-1,-1,1,1,-1,-1,1,1,-1,1,-1,1,-1,1,-1,-1,1,-2668.0,1,2000,445,0,False
1569,1,1,-1,-1,1,-1,-1,-1,1,1,1,-1,1,1,-1,1,-1,1,-1,-1,1,1,1,1,1,-1,-1,-1,1,1,1,1,-1,-1,-1,-1,1,-1,1,1,-1,-1,-1,1,1,1,1,-1,1,1,1,1,-1,1,-1,-1,1,-1,1,1,1,-1,-1,1,1,1,1,1,-1,-1,1,1,1,1,1,-1,-1,-1,1,1,1,-1,-1,-1,1,1,1,1,-1,-1,-1,1,1,1,1,-1,-1,1,1,-1,1,1,-1,-1,1,1,1,1,1,-1,-1,1,1,-1,1,1,-1,-1,1,1,1,1,1,1,-1,-1,1,1,-1,1,1,-1,1,1,1,1,1,1,-1,-1,1,1,1,1,1,-1,1,1,1,1,1,1,-1,-1,-1,1,1,1,1,-1,1,-1,1,1,-1,1,-1,1,-1,1,1,1,-1,-1,1,1,1,1,1,-1,1,-1,-1,1,-1,1,-1,1,1,1,1,1,1,1,1,1,-1,1,-1,1,-1,1,1,-1,1,-1,1,1,-1,1,-1,1,-1,1,-1,1,1,-1,1,-1,1,1,1,1,-1,-1,1,1,-1,-1,1,-1,1,-1,-1,1,-1,1,-1,1,-1,1,-1,-1,1,-1,-1,-1,1,1,-1,1,-1,1,1,1,-1,1,1,-1,1,-1,1,-1,1,-1,1,-1,1,1,-1,1,-1,-1,-1,1,1,-1,1,-1,-1,-1,1,1,-1,-1,1,1,-1,-1,1,1,-1,1,1,-1,1,1,1,1,-1,1,-1,1,1,-1,1,-1,1,1,-1,1,1,1,1,1,-1,-1,1,-1,-1,1,1,1,-1,1,1,1,-1,1,-1,-1,1,1,1,1,1,-1,1,1,1,-1,1,1,-1,1,1,1,-1,1,1,-1,-1,1,1,1,-1,1,-1,1,1,1,-1,1,1,-1,1,1,1,-1,1,-1,-1,1,1,1,-1,1,-1,-1,-1,1,1,-1,1,-1,-1,1,-1,1,-1,1,1,-1,-1,1,1,1,1,1,-1,-1,1,1,-1,1,-1,-1,-1,-1,-1,-1,1,1,-1,-1,1,1,-1,1,-1,1,-1,1,1,1,1,-1,-1,1,1,1,-1,1,-1,-1,-1,-1,1,1,1,1,-1,-1,1,1,1,1,-1,-1,1,-1,-1,1,-1,1,-1,-1,1,-1,1,1,-1,-1,1,1,-1,1,-1,1,-1,-1,1,-1,1,1,-1,-1,-1,1,-1,-1,1,1,-1,-1,1,-1,1,1,-1,1,-1,1,-1,-1,1,1,-1,-1,1,-1,1,1,-1,-1,1,1,-1,1,-1,1,-1,1,-1,-1,1,-1,1,-1,1,-1,-1,1,-1,-1,-1,1,-1,-1,1,-1,1,-1,1,-1,-1,1,-1,-1,1,-1,1,-1,1,1,1,-1,1,1,-1,-1,1,1,-1,1,-1,-1,1,-1,1,1,1,1,-1,-1,1,1,-1,1,1,-1,-1,1,1,1,-1,1,1,-1,1,1,1,1,1,-1,1,-1,-1,-1,1,-1,-1,1,1,-1,1,1,-1,1,-1,-1,-1,1,1,-1,1,1,-1,-1,-1,1,-1,1,1,-1,-1,-1,1,-1,-1,-1,-1,1,-1,1,-1,-1,-1,-1,-1,-1,1,-1,1,1,1,1,-1,1,-1,1,1,-1,-1,-1,1,-1,-1,1,-1,1,-1,-1,1,1,1,1,-1,-1,1,1,1,1,-1,1,-1,-1,1,1,1,-1,-1,-1,1,1,1,1,-1,1,-1,1,-1,1,-1,1,1,-1,-1,1,1,1,-1,-1,-1,1,1,1,1,1,-1,-1,-1,1,1,1,1,-1,-1,-1,1,-1,1,-1,-1,-1,1,1,1,1,1,-1,-1,-1,1,1,1,1,-1,-1,-1,1,1,-1,1,-1,-1,-1,1,1,1,1,-1,-1,1,1,1,1,-1,-1,1,1,-1,1,1,-1,-1,-1,1,1,1,1,1,-1,1,1,1,1,1,-1,-1,-1,1,-1,1,-1,-1,-1,-1,1,-1,1,1,1,-1,-1,1,-1,1,1,-1,1,-1,1,1,1,1,-1,1,-1,1,-1,1,1,-1,-1,-1,1,1,-1,-1,-1,-1,-1,1,-1,1,-1,-1,-1,-1,-1,-1,-1,1,-1,-1,-1,1,-1,-1,1,-1,-1,-1,-1,-1,1,1,-1,-1,-1,-1,-1,1,-1,-1,-1,1,-1,-1,1,-1,1,-1,-1,-1,-1,-1,-1,-1,1,-1,-1,-1,1,1,-1,-1,-1,1,-1,-1,-1,-1,-1,1,-1,-1,1,1,1,-1,-1,-1,-1,1,-1,1,1,-1,1,-1,-1,1,1,-1,-1,-1,-1,-1,-1,1,1,-1,-1,1,-1,1,1,-1,-1,-1,1,-1,1,1,-1,-1,1,-1,-1,1,1,1,-1,1,-1,1,1,1,-1,-1,1,-1,-1,1,1,1,-1,1,-1,-1,1,1,-1,1,1,-1,-1,1,1,-1,1,1,-1,-1,1,1,-1,1,1,-1,-1,1,1,1,1,-1,1,-1,-1,1,1,-1,1,-1,-1,1,-1,1,1,1,1,-1,-1,1,-1,1,1,1,-1,1,1,1,1,-1,1,-1,1,1,1,1,1,1,1,-1,1,1,1,1,-1,1,-1,1,1,1,1,1,-1,1,1,1,1,-1,1,1,-1,1,1,-1,1,1,-1,-1,1,1,1,1,-1,1,-1,1,1,1,-1,-1,1,-1,1,1,1,-1,1,-1,-1,-1,1,1,-1,-1,1,-1,-1,1,1,-1,-1,1,-1,-1,1,1,1,-1,-1,-1,-1,1,1,-1,-1,-1,1,-1,-1,1,-1,1,1,-1,1,1,-1,-1,1,-1,-1,-1,1,1,-1,1,1,-1,1,1,-1,-1,-1,-1,1,-1,-1,-1,-1,1,-1,-1,1,1,-1,1,1,-1,1,1,1,1,-1,1,-1,1,1,1,1,-1,1,-1,-1,-1,1,1,-1,1,-1,1,1,1,1,-1,1,-1,1,1,-1,-1,-1,1,-1,-1,1,1,-1,-1,-1,1,-1,1,-1,1,-1,1,-1,-1,1,-2668.0,1,2000,445,1000,False
1570,1,1,-1,-1,1,1,-1,1,1,1,1,-1,1,1,1,1,-1,1,-1,-1,-1,1,1,1,1,-1,-1,-1,1,1,1,1,1,-1,-1,1,-1,1,1,1,-1,-1,1,1,1,1,-1,-1,1,1,1,1,-1,1,-1,-1,1,-1,1,1,-1,-1,-1,1,1,1,1,-1,-1,-1,1,-1,1,1,1,-1,-1,-1,1,1,1,-1,-1,-1,-1,1,1,1,-1,-1,-1,1,-1,1,1,-1,-1,1,-1,-1,1,1,-1,-1,1,-1,-1,1,1,-1,-1,-1,-1,-1,1,1,-1,-1,1,-1,-1,1,1,1,-1,-1,-1,-1,1,1,1,-1,1,-1,-1,1,1,1,-1,1,-1,-1,-1,1,1,-1,1,-1,-1,-1,1,1,-1,-1,1,-1,-1,1,1,-1,1,-1,-1,-1,1,1,-1,1,1,-1,1,1,-1,-1,1,-1,-1,1,1,-1,1,-1,1,-1,1,1,-1,1,1,-1,-1,-1,1,-1,1,1,1,-1,-1,1,1,-1,1,1,-1,-1,1,-1,-1,1,1,-1,1,1,-1,1,1,1,-1,1,1,1,1,1,1,1,-1,1,-1,-1,1,1,-1,-1,1,1,-1,1,1,-1,-1,1,-1,1,1,1,1,-1,1,-1,1,1,1,-1,1,1,1,1,1,1,-1,-1,-1,1,1,-1,1,1,1,-1,1,1,-1,1,1,1,1,1,1,-1,1,1,1,1,-1,1,1,1,1,1,1,1,1,1,1,-1,-1,1,-1,1,-1,1,1,1,1,1,1,-1,1,1,1,-1,1,1,1,1,1,1,1,-1,1,-1,1,-1,1,1,1,1,-1,1,1,1,1,1,-1,1,1,1,1,1,1,-1,1,1,1,1,1,-1,-1,1,1,1,-1,1,-1,1,-1,1,1,-1,1,1,-1,1,1,-1,1,1,1,-1,1,1,1,1,1,1,-1,1,1,1,-1,1,1,1,1,1,1,1,-1,1,-1,1,-1,1,-1,1,1,-1,-1,-1,1,1,-1,1,-1,1,1,1,-1,-1,-1,-1,1,-1,1,-1,1,1,-1,1,1,-1,1,1,1,-1,1,1,-1,1,1,-1,1,1,1,1,1,-1,1,-1,-1,-1,1,-1,1,-1,-1,1,1,1,-1,-1,-1,1,-1,1,1,-1,1,-1,-1,1,1,1,1,-1,-1,1,-1,-1,1,-1,1,-1,-1,-1,-1,1,1,1,-1,-1,1,-1,1,1,-1,-1,1,-1,1,-1,1,-1,-1,-1,1,-1,1,-1,-1,-1,-1,-1,1,1,-1,1,-1,-1,1,-1,1,-1,-1,1,-1,1,1,1,-1,-1,-1,-1,-1,1,1,-1,-1,1,-1,1,-1,1,1,-1,-1,1,-1,1,-1,1,-1,-1,1,-1,-1,-1,1,-1,-1,-1,-1,1,-1,1,-1,-1,1,-1,-1,1,1,-1,-1,-1,-1,-1,1,1,-1,-1,-1,1,-1,-1,1,1,1,-1,1,-1,1,-1,1,1,1,-1,1,1,-1,-1,1,1,1,-1,1,-1,1,-1,1,1,1,-1,-1,-1,1,-1,1,1,1,-1,-1,-1,1,1,-1,1,-1,-1,-1,1,1,-1,1,-1,-1,1,1,1,-1,1,-1,-1,-1,-1,1,1,1,-1,1,-1,-1,1,-1,1,-1,-1,1,1,1,-1,1,1,-1,-1,-1,-1,-1,1,1,-1,-1,-1,1,-1,-1,1,-1,-1,-1,1,1,1,-1,-1,-1,-1,-1,1,1,-1,1,-1,-1,1,1,1,1,-1,-1,-1,-1,-1,1,-1,1,-1,-1,1,-1,1,1,-1,1,-1,-1,1,1,1,-1,1,-1,1,-1,1,1,-1,-1,-1,-1,-1,1,1,-1,1,-1,1,-1,1,1,1,-1,1,-1,-1,1,1,-1,-1,-1,1,-1,1,1,-1,-1,1,-1,-1,1,-1,1,-1,1,-1,-1,1,-1,-1,1,1,1,-1,1,1,-1,1,-1,1,-1,1,-1,1,-1,1,-1,-1,1,1,-1,1,-1,-1,-1,-1,1,-1,1,-1,1,-1,-1,1,-1,1,1,-1,-1,-1,-1,1,1,1,1,-1,-1,1,-1,-1,1,1,-1,-1,-1,-1,1,-1,1,-1,-1,1,1,-1,1,1,-1,-1,1,-1,-1,1,1,-1,-1,-1,-1,1,-1,1,-1,-1,-1,-1,-1,1,-1,-1,1,-1,-1,1,-1,1,-1,-1,-1,-1,-1,1,1,1,-1,-1,-1,1,1,1,-1,-1,-1,1,-1,-1,1,-1,-1,-1,-1,1,1,1,-1,-1,1,-1,1,-1,1,1,-1,1,-1,-1,1,1,-1,-1,-1,-1,-1,-1,1,1,-1,-1,1,-1,1,1,-1,-1,-1,1,-1,1,1,-1,-1,1,1,-1,1,1,1,-1,1,-1,1,1,1,-1,-1,1,-1,-1,1,1,1,1,-1,1,-1,1,1,1,-1,1,-1,-1,1,1,1,1,-1,1,-1,1,1,1,1,1,-1,-1,1,1,1,1,1,-1,-1,1,1,1,1,-1,-1,-1,1,-1,1,1,1,-1,1,1,1,-1,1,1,-1,-1,1,1,1,1,1,-1,1,1,1,1,1,1,-1,1,-1,1,1,1,1,-1,1,-1,1,1,1,-1,-1,1,1,1,1,1,-1,1,-1,1,1,1,-1,1,1,1,1,-1,1,1,1,-1,1,1,1,1,1,-1,-1,1,-1,1,1,1,-1,1,-1,1,1,1,1,-1,-1,1,1,-1,1,1,1,-1,1,1,-1,1,1,1,-1,1,-1,1,1,1,-1,-1,-1,-1,1,1,1,-1,1,1,1,1,1,-1,-1,1,1,1,1,1,1,-1,1,-1,1,1,1,-1,-1,-1,-1,-1,-1,-1,-1,-1,-1,-1,1,1,1,-1,1,1,-1,-1,1,1,1,-1,1,-1,1,1,1,-1,-1,1,-1,1,1,1,-1,-1,1,-1,1,1,1,-1,-1,1,-1,1,-1,1,1,-1,1,-1,-1,1,1,-1,-1,-1,-1,1,1,-1,1,-1,1,-1,-1,1,-2668.0,1,2000,445,1000,True
1571,-1,-1,1,1,1,1,-1,1,-1,-1,-1,1,-1,1,-1,-1,1,-1,1,1,-1,1,-1,-1,-1,1,-1,-1,1,-1,-1,-1,1,1,-1,1,1,-1,-1,-1,1,-1,1,-1,-1,-1,1,1,-1,-1,-1,-1,1,1,1,-1,-1,1,-1,-1,1,1,1,1,-1,1,-1,1,1,-1,1,-1,-1,-1,1,-1,-1,1,-1,-1,-1,1,1,-1,-1,-1,-1,1,1,1,-1,-1,-1,1,-1,1,-1,1,-1,1,1,1,1,-1,1,-1,-1,1,1,1,-1,1,-1,-1,1,1,1,-1,1,-1,-1,1,1,1,-1,1,-1,-1,1,1,-1,-1,1,-1,-1,1,1,1,-1,-1,-1,-1,1,1,1,-1,1,-1,-1,-1,1,1,-1,-1,1,-1,1,1,1,-1,1,1,-1,-1,1,1,-1,1,1,-1,1,1,1,-1,1,-1,-1,1,1,-1,1,-1,1,-1,1,1,-1,1,1,-1,-1,-1,1,1,1,1,1,-1,1,1,-1,1,1,1,-1,1,1,1,-1,1,1,-1,1,1,1,1,1,1,-1,1,1,-1,-1,1,1,1,-1,1,-1,-1,1,1,-1,-1,1,-1,-1,1,1,-1,-1,1,-1,1,1,1,1,-1,-1,1,-1,1,1,-1,1,1,-1,1,1,1,-1,-1,1,-1,1,-1,1,1,1,1,-1,1,-1,1,1,-1,1,-1,1,-1,1,1,1,1,1,-1,1,1,1,1,1,1,-1,1,1,-1,-1,-1,1,-1,-1,1,1,-1,-1,1,1,-1,1,1,1,-1,1,-1,-1,-1,1,1,-1,-1,1,-1,1,-1,1,-1,1,1,-1,1,1,1,-1,1,1,-1,1,1,-1,1,1,1,1,1,1,-1,1,1,-1,1,1,1,-1,1,1,-1,1,1,1,1,1,1,1,-1,1,-1,1,1,1,1,-1,1,1,-1,1,1,1,-1,1,1,-1,1,1,-1,-1,1,1,1,-1,1,1,-1,1,1,-1,1,1,1,1,1,1,1,-1,1,1,-1,1,1,-1,1,-1,-1,-1,1,1,-1,1,1,-1,-1,1,-1,1,1,1,1,-1,1,-1,1,1,1,-1,-1,1,1,1,-1,1,1,1,-1,1,1,1,-1,1,-1,1,1,-1,1,-1,1,1,-1,1,-1,1,-1,1,-1,1,1,-1,1,-1,1,1,-1,1,1,-1,-1,1,-1,1,1,1,1,-1,-1,1,-1,1,1,-1,-1,1,1,1,-1,1,1,-1,-1,1,-1,1,-1,-1,-1,1,1,1,1,-1,1,-1,1,-1,1,1,-1,-1,1,1,1,-1,1,-1,-1,-1,1,-1,1,1,-1,-1,-1,1,-1,-1,1,1,-1,-1,1,-1,1,-1,1,-1,-1,1,-1,-1,-1,1,-1,-1,1,-1,1,-1,1,-1,-1,1,-1,-1,1,1,-1,-1,-1,1,-1,1,1,-1,-1,1,1,-1,-1,1,1,1,-1,1,-1,1,-1,1,-1,1,-1,1,1,-1,1,-1,-1,1,-1,1,-1,1,-1,1,1,1,-1,-1,-1,-1,-1,1,1,1,-1,-1,-1,1,1,-1,1,-1,-1,-1,1,1,1,1,-1,-1,-1,1,1,1,1,-1,-1,-1,-1,1,-1,1,-1,1,-1,-1,1,1,1,-1,-1,1,-1,1,-1,1,1,-1,-1,-1,-1,1,1,1,-1,-1,-1,1,1,1,1,-1,-1,-1,-1,1,1,-1,-1,-1,-1,-1,1,1,-1,1,-1,1,1,1,1,1,-1,-1,-1,-1,1,1,-1,1,-1,-1,1,1,1,1,-1,1,-1,-1,1,1,1,-1,1,-1,1,1,1,1,-1,-1,-1,-1,1,-1,1,-1,1,-1,1,1,1,1,-1,-1,1,-1,1,1,1,-1,-1,-1,1,1,1,-1,1,-1,1,-1,1,-1,-1,1,-1,1,-1,1,1,-1,-1,1,-1,1,1,-1,1,-1,1,-1,1,-1,1,-1,1,-1,1,-1,1,-1,1,-1,1,-1,-1,1,-1,1,1,1,-1,1,1,-1,1,-1,1,1,-1,1,-1,-1,1,1,1,1,1,-1,1,1,-1,1,1,1,1,-1,1,-1,1,-1,1,-1,1,1,1,-1,1,1,-1,1,1,1,-1,1,1,1,-1,1,-1,-1,1,1,-1,-1,1,-1,1,-1,-1,1,-1,1,-1,-1,1,1,-1,-1,1,-1,1,1,1,-1,-1,-1,1,1,1,1,-1,-1,1,-1,-1,1,1,-1,-1,1,-1,1,1,1,-1,-1,-1,1,-1,1,1,-1,1,-1,-1,1,1,1,-1,-1,-1,-1,-1,1,-1,-1,-1,1,-1,1,1,-1,-1,-1,-1,-1,1,1,1,-1,-1,-1,-1,1,1,-1,1,-1,-1,1,1,1,-1,-1,1,-1,-1,1,1,-1,-1,1,-1,-1,1,1,-1,1,-1,-1,-1,1,1,-1,-1,1,-1,-1,1,1,-1,-1,1,1,-1,1,1,-1,1,1,-1,-1,1,1,-1,-1,1,-1,-1,1,-1,1,-1,1,1,-1,-1,1,-1,1,-1,1,-1,1,-1,-1,1,-1,1,-1,1,1,-1,1,1,1,-1,-1,-1,-1,1,1,-1,1,-1,1,-1,1,1,1,-1,1,-1,1,1,-1,-1,1,-1,1,1,-1,1,-1,-1,-1,1,-1,1,-1,1,-1,-1,-1,-1,1,-1,-1,-1,-1,1,-1,1,-1,-1,1,-1,-1,1,1,-1,1,-1,-1,-1,-1,1,-1,1,-1,1,-1,-1,1,1,1,1,-1,-1,1,1,-1,-1,1,1,-1,1,1,-1,1,-1,-1,1,1,-1,-1,1,1,-1,-1,-1,1,-1,1,1,-1,1,1,-1,-1,-1,1,-1,-1,-1,-1,-1,1,1,1,1,1,-1,1,1,1,-1,1,1,1,-1,1,1,-1,1,1,1,-1,1,1,1,1,1,1,-1,-1,1,-1,1,1,1,-1,1,1,-1,1,1,-1,-1,1,1,1,1,1,-1,-1,-1,1,-1,1,1,1,-1,1,-1,1,1,-2668.0,1,2000,445,1000,True
1572,1,1,-1,-1,1,-1,-1,-1,1,1,1,-1,1,1,1,1,-1,1,-1,-1,-1,-1,1,1,1,-1,-1,-1,1,1,1,1,1,-1,-1,-1,1,1,1,-1,-1,-1,-1,1,1,1,1,-1,1,1,1,1,-1,1,-1,-1,1,-1,1,1,1,-1,-1,-1,1,1,1,1,-1,-1,-1,1,1,1,1,-1,-1,-1,1,1,1,-1,-1,-1,1,1,1,1,-1,-1,1,1,1,1,1,-1,-1,-1,1,-1,1,1,-1,-1,1,1,1,1,1,-1,-1,-1,1,-1,1,1,-1,-1,1,1,1,1,1,1,-1,-1,1,1,-1,1,1,-1,1,1,1,1,1,1,-1,1,1,1,-1,1,1,-1,1,1,1,1,1,1,-1,-1,-1,1,1,1,1,-1,1,1,1,1,-1,1,-1,1,1,1,1,1,-1,-1,1,1,1,1,1,-1,1,-1,-1,1,1,1,-1,1,1,1,1,-1,1,1,1,1,-1,1,-1,1,-1,1,1,-1,1,-1,1,1,-1,1,-1,1,-1,1,-1,1,1,-1,1,-1,1,1,1,1,-1,-1,1,1,-1,-1,1,-1,1,1,-1,1,-1,1,-1,1,1,1,-1,1,1,-1,-1,1,1,1,-1,1,-1,1,1,1,-1,1,1,-1,1,-1,1,-1,1,-1,1,-1,1,1,-1,1,-1,-1,1,1,1,-1,1,-1,-1,-1,-1,1,-1,-1,1,1,-1,-1,1,1,-1,1,1,-1,1,1,1,-1,-1,1,-1,1,1,-1,1,-1,1,1,-1,1,1,-1,-1,1,-1,-1,1,-1,1,-1,1,1,-1,1,1,1,-1,1,-1,-1,1,1,-1,-1,1,-1,1,1,1,1,-1,1,-1,1,1,1,-1,1,1,-1,1,-1,1,-1,-1,1,-1,1,1,1,1,1,1,-1,1,1,1,1,1,-1,-1,1,1,1,1,1,-1,-1,1,1,1,1,1,-1,-1,-1,-1,1,-1,1,1,-1,1,1,1,1,1,1,-1,-1,-1,1,1,1,-1,-1,1,-1,-1,-1,1,1,-1,1,-1,1,-1,1,-1,1,-1,1,1,1,1,-1,1,-1,1,1,-1,1,-1,-1,-1,-1,1,1,1,1,-1,-1,1,-1,1,1,-1,-1,1,-1,-1,1,-1,1,-1,1,-1,1,1,1,-1,-1,1,1,-1,1,-1,1,-1,-1,1,-1,1,-1,-1,-1,-1,1,-1,-1,1,1,-1,-1,1,-1,1,1,-1,1,-1,1,-1,1,-1,1,-1,-1,1,-1,1,-1,-1,-1,1,1,-1,1,-1,1,-1,1,-1,1,1,1,1,-1,1,-1,-1,1,-1,-1,-1,1,-1,1,-1,1,1,-1,1,-1,-1,1,-1,-1,1,-1,1,-1,1,-1,1,-1,1,1,-1,1,-1,1,-1,1,-1,-1,1,-1,1,1,1,1,-1,-1,1,1,-1,1,1,-1,-1,1,1,1,-1,1,1,-1,1,1,1,1,-1,-1,1,-1,-1,-1,1,-1,-1,1,1,1,-1,1,-1,1,-1,-1,-1,1,1,-1,1,1,-1,-1,1,1,-1,1,1,-1,1,-1,1,-1,-1,-1,-1,-1,-1,1,-1,-1,-1,-1,-1,-1,1,-1,1,1,1,1,-1,1,-1,1,1,-1,-1,-1,1,-1,-1,1,-1,1,-1,-1,1,1,1,1,-1,-1,-1,1,1,1,-1,1,-1,1,1,1,1,-1,-1,-1,1,1,1,1,-1,1,-1,1,-1,1,-1,1,1,-1,-1,1,1,1,-1,-1,-1,-1,1,1,1,1,-1,-1,-1,1,1,1,1,-1,-1,-1,1,-1,1,-1,-1,-1,1,1,1,1,1,-1,1,-1,1,-1,1,1,-1,-1,-1,1,1,-1,1,-1,-1,-1,1,1,1,1,-1,-1,1,-1,1,-1,1,-1,1,1,-1,1,1,-1,-1,-1,1,1,-1,1,1,-1,1,-1,1,-1,1,-1,-1,-1,1,-1,1,-1,-1,-1,1,-1,1,-1,1,-1,-1,-1,-1,-1,-1,1,-1,-1,-1,1,1,-1,1,-1,-1,1,-1,-1,-1,1,-1,-1,-1,1,1,1,-1,-1,-1,-1,1,-1,1,-1,-1,-1,-1,-1,-1,-1,1,-1,-1,-1,1,-1,-1,1,-1,-1,-1,-1,-1,1,1,-1,-1,-1,-1,-1,1,-1,-1,-1,1,-1,-1,1,-1,1,-1,-1,-1,-1,-1,-1,-1,1,-1,-1,-1,1,1,1,-1,-1,1,-1,1,-1,-1,-1,1,-1,-1,1,-1,1,-1,-1,-1,-1,1,-1,1,1,-1,1,-1,-1,1,1,-1,-1,-1,-1,-1,-1,1,1,-1,-1,1,-1,1,1,-1,-1,-1,1,-1,-1,1,-1,-1,1,-1,-1,1,1,1,-1,1,-1,1,1,1,-1,-1,1,-1,-1,1,1,1,-1,1,-1,-1,1,1,-1,1,1,-1,-1,1,1,1,1,1,-1,-1,1,1,-1,1,1,-1,-1,1,1,1,1,1,1,-1,1,1,1,-1,1,-1,-1,1,-1,1,1,1,1,-1,-1,1,-1,1,1,1,-1,1,1,1,1,-1,1,-1,1,1,1,1,1,1,-1,-1,-1,1,1,1,-1,1,-1,1,1,1,1,-1,1,-1,1,1,1,-1,-1,1,-1,1,1,-1,1,-1,-1,-1,1,1,1,-1,1,-1,-1,1,1,1,-1,-1,-1,-1,1,1,1,-1,-1,-1,-1,-1,1,1,-1,1,-1,-1,-1,1,1,-1,1,-1,-1,1,1,1,1,1,1,-1,-1,1,1,-1,-1,1,1,1,-1,1,-1,1,-1,-1,1,1,-1,-1,1,-1,-1,-1,1,1,-1,1,1,1,1,1,-1,-1,1,-1,-1,-1,-1,-1,-1,1,-1,1,1,1,-1,1,1,-1,1,1,1,1,-1,1,-1,1,1,1,-1,-1,1,-1,1,1,1,-1,-1,1,-1,1,1,1,-1,-1,1,-1,1,-1,1,1,-1,1,-1,-1,1,1,1,-1,-1,1,-1,1,1,1,-1,1,-1,-1,1,-2668.0,1,2000,445,0,False
1573,1,1,-1,-1,1,-1,1,-1,1,1,1,-1,1,1,1,1,-1,1,-1,-1,1,-1,1,1,1,-1,-1,-1,1,1,1,1,-1,-1,-1,-1,1,1,1,1,-1,-1,-1,1,1,1,1,-1,1,1,1,1,-1,1,-1,-1,1,-1,1,1,1,-1,-1,-1,1,1,1,1,-1,1,-1,1,1,1,1,-1,-1,-1,1,1,1,-1,-1,-1,1,1,1,1,-1,1,-1,1,1,1,1,-1,-1,1,1,-1,1,1,-1,-1,1,1,1,1,1,-1,-1,1,1,1,1,1,-1,-1,1,1,1,1,1,1,-1,1,1,1,-1,1,1,-1,1,1,1,1,1,1,-1,-1,1,1,1,1,1,-1,1,1,1,1,1,1,-1,-1,-1,1,1,1,1,-1,1,1,1,1,-1,1,-1,1,-1,1,1,1,-1,-1,1,1,1,1,1,-1,1,-1,-1,1,1,1,-1,1,1,1,1,-1,1,1,1,1,-1,1,-1,1,-1,1,1,-1,1,-1,1,1,-1,1,-1,1,-1,1,-1,1,1,-1,1,-1,1,1,1,1,-1,-1,1,1,-1,-1,1,-1,1,-1,1,1,-1,1,-1,1,-1,1,-1,-1,1,-1,-1,-1,1,1,-1,1,-1,1,1,1,-1,1,1,-1,1,-1,1,-1,1,-1,1,-1,1,1,-1,1,-1,-1,-1,1,1,-1,1,-1,-1,-1,1,1,-1,-1,1,1,-1,-1,1,1,-1,1,1,-1,1,1,1,1,-1,1,-1,1,1,-1,1,-1,1,1,1,1,1,1,1,1,-1,-1,1,-1,-1,-1,1,1,-1,1,1,1,-1,1,1,1,1,1,1,1,1,-1,1,1,1,-1,1,1,-1,1,1,1,-1,1,1,-1,-1,1,1,1,-1,1,-1,1,1,1,-1,1,1,-1,1,1,1,-1,1,1,-1,1,1,1,-1,1,1,1,-1,1,1,-1,1,1,-1,1,-1,1,-1,1,1,1,-1,1,1,1,-1,1,1,-1,1,1,-1,1,1,1,-1,-1,-1,-1,1,1,1,-1,1,1,-1,1,1,-1,-1,1,1,1,1,1,-1,1,1,1,-1,1,1,1,-1,-1,1,1,1,-1,1,-1,1,1,1,1,1,1,-1,-1,-1,1,-1,-1,1,1,-1,1,1,1,1,1,1,1,-1,1,-1,-1,1,-1,1,-1,1,1,1,1,1,1,-1,-1,1,-1,1,1,1,-1,1,1,1,-1,1,1,-1,-1,1,-1,1,1,1,-1,1,1,1,1,1,1,-1,1,-1,1,1,1,-1,-1,1,-1,1,1,1,-1,-1,1,-1,1,1,1,-1,-1,1,-1,-1,1,1,-1,-1,1,-1,1,1,1,1,-1,1,1,-1,1,1,1,-1,-1,1,1,1,1,-1,-1,1,-1,-1,1,-1,1,-1,-1,1,-1,1,-1,1,1,-1,1,-1,-1,1,1,1,-1,1,-1,1,-1,-1,-1,1,-1,-1,-1,1,-1,-1,-1,1,1,-1,1,-1,1,1,1,-1,1,1,-1,-1,-1,1,-1,-1,1,-1,-1,1,1,1,-1,1,-1,-1,1,1,-1,-1,1,-1,-1,1,1,-1,-1,1,-1,-1,-1,1,1,-1,1,1,-1,-1,1,-1,-1,1,-1,1,-1,1,1,-1,-1,1,-1,-1,-1,-1,-1,1,1,1,-1,-1,1,-1,-1,1,-1,-1,1,-1,-1,1,1,-1,-1,1,-1,-1,1,1,-1,1,-1,1,-1,-1,1,1,-1,-1,-1,-1,1,1,-1,-1,1,-1,-1,-1,1,1,-1,-1,-1,-1,-1,1,-1,-1,-1,-1,-1,1,1,1,-1,-1,-1,-1,-1,1,1,-1,-1,-1,-1,-1,1,1,1,-1,-1,-1,-1,1,1,-1,-1,-1,-1,1,1,1,1,-1,-1,1,1,1,1,1,-1,-1,-1,1,1,1,1,1,-1,1,1,1,1,-1,1,-1,-1,1,-1,1,-1,1,-1,-1,1,-1,1,-1,-1,-1,-1,1,-1,1,-1,1,-1,-1,1,-1,1,-1,1,-1,1,-1,-1,1,-1,-1,-1,-1,1,1,-1,-1,-1,-1,-1,1,-1,1,-1,-1,-1,-1,-1,-1,-1,1,-1,-1,-1,1,-1,-1,1,-1,-1,-1,-1,-1,-1,1,-1,-1,-1,-1,-1,1,-1,-1,-1,1,-1,-1,1,-1,1,-1,-1,-1,-1,-1,-1,-1,1,-1,-1,-1,1,1,1,-1,-1,-1,1,-1,-1,-1,-1,1,-1,-1,1,1,1,-1,-1,-1,-1,1,-1,1,1,-1,1,-1,-1,1,1,-1,-1,-1,-1,-1,-1,1,1,-1,-1,1,-1,1,1,-1,-1,-1,1,-1,1,1,-1,-1,1,-1,-1,1,1,1,-1,1,-1,1,1,1,-1,-1,1,-1,-1,1,1,1,-1,1,-1,-1,1,1,-1,1,1,-1,-1,1,1,-1,1,1,-1,-1,1,1,-1,1,1,-1,-1,1,1,1,1,-1,1,-1,-1,1,1,-1,1,-1,-1,1,-1,1,1,1,1,-1,-1,1,-1,1,1,1,-1,1,1,1,1,-1,1,-1,1,1,1,1,1,1,1,-1,1,1,1,1,-1,1,-1,1,1,1,1,1,-1,1,1,1,1,-1,1,1,-1,1,1,-1,1,1,-1,-1,1,1,1,1,-1,1,-1,1,1,1,-1,-1,1,-1,1,1,1,-1,1,-1,-1,-1,1,1,-1,-1,1,-1,-1,1,1,-1,-1,1,-1,-1,1,1,1,-1,1,-1,-1,1,1,-1,-1,-1,1,-1,-1,1,-1,1,1,-1,1,1,-1,-1,1,-1,-1,-1,-1,1,-1,1,1,-1,1,1,-1,-1,-1,-1,1,-1,-1,-1,-1,1,-1,-1,1,1,-1,1,1,-1,1,1,1,1,-1,1,-1,1,1,1,1,-1,1,-1,-1,-1,1,1,-1,1,-1,1,1,1,1,-1,1,-1,1,1,-1,-1,-1,1,-1,-1,1,1,-1,-1,-1,1,-1,1,-1,1,-1,1,-1,-1,1,-2668.0,1,2000,445,0,False
1574,1,1,-1,-1,1,-1,-1,-1,1,1,1,-1,1,1,1,1,-1,1,-1,-1,-1,1,1,1,1,-1,-1,-1,1,1,1,1,1,-1,-1,-1,1,1,1,1,-1,-1,1,1,1,1,1,-1,1,1,1,1,-1,1,-1,-1,1,-1,1,1,1,-1,-1,1,1,1,1,1,-1,-1,1,1,1,1,1,-1,-1,-1,1,1,1,-1,-1,-1,1,1,1,1,-1,-1,-1,1,1,1,1,-1,-1,1,1,-1,1,1,-1,-1,1,1,1,1,1,-1,-1,1,1,1,1,1,-1,-1,1,1,1,1,1,1,-1,1,1,1,-1,1,1,-1,1,1,1,1,1,1,-1,-1,1,1,1,1,1,-1,1,1,1,1,1,1,-1,-1,-1,1,1,1,1,-1,1,-1,1,1,-1,1,-1,1,-1,1,1,1,-1,-1,1,1,1,1,1,-1,1,-1,-1,1,-1,1,-1,1,1,1,1,1,1,1,1,1,-1,1,-1,1,-1,1,1,-1,1,-1,1,1,-1,1,-1,1,-1,1,-1,1,1,-1,1,-1,1,1,1,1,-1,-1,1,1,-1,-1,1,-1,1,-1,-1,1,-1,1,-1,1,-1,1,-1,1,1,-1,-1,-1,1,1,-1,1,-1,1,1,1,-1,1,1,-1,-1,-1,1,-1,1,-1,1,-1,1,1,-1,1,-1,-1,-1,1,1,-1,1,-1,-1,-1,1,1,-1,-1,1,1,-1,-1,1,1,-1,1,1,-1,1,1,1,1,-1,1,-1,1,1,-1,1,-1,1,1,-1,1,1,1,1,1,-1,-1,1,-1,-1,1,1,1,-1,1,1,1,-1,1,-1,-1,1,1,1,1,1,-1,1,1,1,-1,1,1,-1,1,1,1,-1,1,1,-1,1,-1,1,1,-1,1,-1,1,1,1,-1,1,1,-1,1,1,1,-1,1,-1,-1,1,1,1,-1,1,-1,-1,1,1,1,-1,1,-1,-1,-1,-1,1,-1,1,1,-1,1,1,1,1,-1,1,-1,-1,-1,1,-1,1,-1,-1,1,-1,-1,-1,1,1,-1,1,-1,1,-1,1,-1,1,-1,1,1,1,1,-1,1,-1,1,1,-1,1,-1,-1,-1,-1,1,1,1,1,-1,-1,1,1,1,1,-1,-1,1,-1,-1,1,-1,1,-1,1,-1,1,1,1,-1,-1,1,1,-1,1,-1,1,-1,-1,1,-1,1,1,-1,-1,-1,1,-1,-1,1,1,-1,-1,-1,-1,1,1,-1,1,-1,1,-1,-1,1,1,-1,1,1,-1,1,1,-1,-1,1,1,-1,1,-1,1,-1,1,-1,-1,1,-1,1,-1,1,-1,-1,1,-1,-1,-1,1,-1,-1,1,1,1,-1,1,-1,-1,1,-1,-1,1,-1,1,-1,1,1,1,-1,1,1,-1,-1,-1,1,-1,1,-1,-1,1,-1,1,1,1,1,-1,-1,1,1,-1,1,1,-1,-1,1,1,1,-1,1,1,-1,1,1,1,1,-1,-1,1,-1,-1,1,1,-1,1,1,-1,-1,1,1,-1,1,-1,-1,-1,1,1,-1,1,1,-1,1,-1,1,-1,1,1,-1,-1,-1,1,-1,-1,-1,-1,1,-1,1,-1,-1,-1,-1,-1,-1,1,-1,1,1,1,1,-1,1,-1,1,1,-1,-1,-1,1,-1,-1,1,-1,1,-1,-1,1,1,1,1,-1,-1,1,1,1,1,-1,1,-1,-1,1,1,1,-1,-1,-1,1,1,1,1,-1,-1,-1,1,-1,1,-1,1,-1,-1,-1,1,1,1,-1,-1,-1,1,1,1,1,1,-1,-1,-1,1,1,1,1,-1,-1,-1,1,-1,1,-1,-1,-1,1,1,1,1,1,-1,-1,-1,1,-1,1,1,-1,-1,-1,1,1,-1,1,-1,-1,-1,1,1,1,1,-1,-1,1,1,1,-1,1,-1,1,1,-1,1,1,-1,-1,-1,1,1,-1,1,1,-1,1,1,1,-1,1,-1,-1,-1,1,-1,1,-1,-1,-1,-1,1,1,-1,1,-1,-1,-1,1,-1,-1,1,-1,-1,-1,1,1,-1,1,-1,-1,-1,1,-1,-1,1,-1,-1,-1,1,1,1,-1,-1,-1,-1,1,-1,-1,1,-1,-1,-1,-1,-1,-1,1,-1,-1,-1,1,-1,-1,1,-1,-1,-1,-1,-1,1,1,-1,-1,-1,-1,-1,1,-1,-1,-1,1,-1,-1,1,-1,1,-1,-1,-1,-1,-1,-1,-1,1,-1,-1,-1,1,1,1,-1,-1,1,-1,1,-1,-1,-1,1,-1,-1,1,1,1,-1,-1,-1,-1,1,-1,1,1,-1,1,-1,-1,1,1,-1,-1,-1,-1,-1,-1,1,1,-1,-1,1,-1,1,1,-1,-1,-1,1,-1,-1,1,-1,-1,1,-1,-1,1,1,1,-1,1,-1,1,1,1,-1,-1,1,-1,-1,1,1,1,-1,1,-1,-1,1,1,-1,1,1,-1,-1,1,1,-1,1,1,-1,-1,1,1,1,1,1,-1,-1,1,1,1,1,1,1,-1,-1,1,1,-1,1,-1,-1,1,-1,1,1,1,1,-1,-1,1,-1,1,1,1,-1,1,1,1,1,-1,1,-1,1,1,1,1,1,1,1,-1,1,1,1,1,-1,1,-1,1,1,1,1,1,-1,1,1,1,1,-1,1,1,-1,1,1,-1,1,1,-1,-1,1,1,1,1,-1,1,-1,1,1,1,-1,-1,1,-1,1,1,1,-1,1,-1,-1,-1,1,1,-1,-1,1,-1,-1,1,1,-1,-1,1,-1,-1,1,1,1,-1,1,-1,-1,1,1,-1,-1,-1,1,-1,-1,1,-1,1,1,-1,1,1,-1,-1,1,-1,-1,-1,1,1,-1,1,1,-1,1,1,-1,-1,-1,-1,1,-1,-1,-1,-1,-1,-1,-1,1,1,-1,1,1,-1,1,1,1,1,-1,1,-1,1,1,1,1,-1,1,-1,-1,1,1,1,-1,1,-1,1,1,1,1,-1,1,-1,1,1,1,-1,-1,1,-1,-1,1,1,-1,-1,-1,1,-1,1,1,1,-1,1,-1,-1,1,-2668.0,1,2000,445,0,False
1575,1,1,-1,-1,1,1,-1,1,1,1,1,-1,1,1,1,1,-1,1,-1,-1,-1,1,1,1,1,-1,1,-1,1,1,1,1,-1,-1,-1,1,-1,1,1,1,-1,-1,1,1,1,1,1,-1,1,-1,1,1,1,1,-1,-1,1,-1,1,1,1,-1,-1,-1,1,1,1,1,-1,-1,1,-1,1,1,1,-1,-1,-1,1,1,1,-1,-1,-1,-1,1,1,1,-1,-1,-1,1,-1,1,1,-1,-1,1,-1,1,1,1,-1,-1,1,-1,-1,1,1,-1,-1,-1,-1,-1,1,1,-1,-1,1,-1,-1,1,1,1,-1,-1,-1,-1,1,1,1,-1,1,-1,-1,1,1,1,-1,1,-1,-1,1,1,1,-1,1,-1,-1,-1,1,1,-1,-1,1,-1,-1,1,1,-1,1,1,-1,-1,1,1,-1,1,1,-1,1,1,-1,-1,1,-1,-1,1,1,-1,1,-1,1,-1,1,1,-1,1,1,-1,-1,-1,1,1,1,1,1,-1,-1,1,-1,1,1,1,-1,-1,1,1,-1,1,1,-1,1,1,-1,1,1,1,-1,1,1,1,1,1,1,1,-1,1,-1,-1,1,1,-1,-1,1,1,-1,1,1,-1,-1,1,-1,1,1,1,1,-1,1,1,-1,1,1,-1,1,1,-1,1,1,1,-1,-1,1,-1,1,-1,1,1,1,1,-1,1,-1,1,1,1,1,-1,1,-1,1,1,1,1,-1,-1,1,1,1,1,1,1,-1,1,1,-1,-1,1,1,1,-1,1,1,1,1,-1,1,-1,-1,1,1,-1,1,1,1,-1,1,1,1,-1,-1,-1,1,-1,1,1,1,1,-1,1,1,1,1,1,1,-1,1,1,1,1,1,-1,1,1,1,1,1,1,-1,1,1,1,-1,1,1,1,-1,1,1,1,1,1,-1,1,1,-1,1,1,1,-1,1,1,1,1,1,1,-1,1,1,1,-1,1,1,1,1,1,1,1,-1,1,-1,1,1,1,-1,1,1,1,-1,1,1,1,-1,1,-1,1,1,1,-1,-1,-1,-1,1,1,1,-1,1,1,-1,1,1,-1,-1,1,1,-1,1,1,-1,1,1,1,1,1,1,1,-1,-1,1,-1,-1,-1,1,-1,1,-1,-1,1,1,1,-1,-1,-1,1,-1,-1,1,1,-1,1,-1,1,1,1,1,1,-1,1,-1,-1,1,-1,1,-1,-1,-1,1,1,1,1,-1,-1,1,-1,1,1,1,-1,1,-1,1,-1,1,1,-1,-1,1,-1,1,1,1,-1,-1,-1,1,1,1,1,-1,-1,1,-1,1,1,-1,1,-1,1,1,1,1,-1,-1,-1,-1,1,1,1,-1,1,-1,1,-1,1,1,-1,-1,1,-1,1,1,1,1,-1,1,-1,-1,1,1,1,-1,-1,-1,-1,1,1,-1,-1,1,-1,-1,1,-1,1,-1,-1,-1,-1,1,-1,1,1,-1,1,-1,-1,1,1,1,-1,1,-1,1,-1,-1,1,1,-1,1,1,-1,1,-1,1,1,1,-1,-1,1,-1,1,1,1,-1,-1,-1,-1,-1,1,-1,1,-1,-1,-1,1,1,-1,1,-1,-1,-1,1,1,-1,1,-1,-1,-1,1,1,-1,1,-1,-1,-1,-1,1,1,1,-1,1,-1,-1,1,-1,1,-1,-1,1,-1,1,-1,1,1,-1,-1,-1,-1,-1,1,1,-1,-1,-1,-1,-1,-1,1,-1,-1,-1,1,1,1,-1,-1,-1,-1,1,1,1,-1,1,-1,1,-1,1,1,1,-1,-1,-1,-1,-1,1,-1,1,-1,-1,1,-1,1,1,-1,1,-1,-1,1,1,1,-1,1,-1,-1,-1,1,1,-1,1,-1,-1,-1,1,1,-1,1,-1,-1,-1,1,1,-1,-1,1,-1,-1,1,1,-1,-1,-1,-1,-1,1,1,1,-1,1,-1,-1,-1,-1,1,-1,1,-1,-1,1,-1,-1,1,-1,1,-1,1,1,-1,1,-1,1,-1,1,-1,-1,1,-1,1,-1,1,1,-1,1,-1,-1,-1,-1,1,-1,1,-1,1,-1,-1,1,-1,1,-1,1,-1,-1,-1,1,1,-1,-1,-1,-1,1,-1,-1,-1,-1,-1,-1,-1,-1,1,-1,-1,-1,-1,1,1,-1,1,-1,-1,-1,1,-1,-1,1,-1,-1,-1,-1,-1,1,1,-1,-1,-1,-1,-1,1,-1,-1,-1,1,-1,-1,1,-1,1,-1,-1,-1,-1,-1,-1,-1,1,-1,-1,-1,1,1,-1,-1,-1,-1,1,-1,-1,-1,1,-1,-1,-1,1,1,1,-1,-1,-1,-1,1,-1,1,-1,-1,1,-1,-1,1,1,-1,-1,-1,-1,-1,-1,1,1,-1,-1,1,-1,1,1,-1,-1,-1,1,-1,1,1,-1,-1,1,-1,-1,1,1,1,-1,1,-1,1,1,1,-1,-1,1,-1,-1,1,1,1,-1,1,-1,-1,1,1,-1,1,1,-1,-1,1,1,-1,1,1,-1,-1,1,1,-1,1,1,-1,-1,1,1,1,1,1,1,-1,1,1,1,-1,1,-1,-1,1,-1,1,1,1,1,-1,-1,1,-1,1,1,1,-1,1,1,1,1,-1,1,-1,1,1,1,1,1,1,1,-1,1,1,1,1,-1,1,-1,1,1,1,1,1,1,1,1,1,1,-1,1,-1,1,1,1,-1,1,1,1,1,1,1,1,1,-1,1,1,1,1,1,-1,-1,1,-1,1,1,1,-1,1,-1,1,1,1,1,-1,-1,1,1,-1,1,1,1,-1,1,1,-1,-1,1,1,-1,1,-1,1,1,1,-1,-1,-1,-1,1,-1,1,-1,1,1,1,1,1,-1,-1,1,1,1,1,1,1,-1,1,-1,1,1,1,-1,-1,-1,-1,-1,-1,-1,-1,-1,1,-1,1,1,1,-1,1,1,-1,-1,1,1,1,-1,1,-1,1,1,1,-1,-1,1,-1,1,1,1,-1,-1,1,-1,1,1,1,-1,-1,1,-1,1,-1,1,1,-1,1,-1,-1,1,1,-1,-1,-1,-1,1,1,-1,1,-1,1,-1,-1,1,-2668.0,1,2000,445,1000,True
1576,1,1,-1,-1,1,-1,-1,-1,1,1,1,-1,1,1,1,1,-1,1,-1,-1,1,-1,1,1,1,-1,1,-1,1,1,1,1,-1,-1,-1,-1,1,1,1,1,-1,-1,-1,1,1,1,1,-1,1,1,1,1,-1,1,-1,-1,1,-1,1,1,1,-1,-1,-1,1,1,1,1,-1,-1,-1,1,1,1,1,-1,-1,-1,1,1,1,-1,-1,-1,1,1,1,1,-1,-1,-1,1,1,1,1,-1,-1,1,1,-1,1,1,-1,-1,1,1,1,1,1,-1,-1,1,1,-1,1,1,-1,-1,1,1,1,1,1,1,-1,1,1,1,-1,1,1,-1,1,1,1,1,1,1,-1,-1,1,1,1,1,1,-1,1,1,1,1,1,1,-1,-1,-1,1,1,1,1,-1,1,1,1,1,-1,1,-1,1,-1,1,1,1,-1,-1,1,1,1,1,1,-1,1,-1,-1,1,-1,1,-1,1,1,1,1,1,1,1,1,1,-1,1,-1,1,-1,1,1,-1,1,-1,1,1,-1,1,-1,1,-1,1,-1,1,1,-1,1,-1,1,1,1,1,-1,-1,1,1,-1,-1,1,-1,1,-1,-1,1,-1,1,-1,1,-1,1,-1,1,1,-1,1,-1,1,1,-1,1,-1,1,1,1,-1,1,1,-1,1,-1,1,-1,1,-1,1,-1,1,1,-1,1,-1,-1,-1,1,1,-1,1,-1,-1,-1,1,1,-1,-1,1,1,-1,-1,1,1,-1,1,1,-1,1,1,1,-1,-1,1,-1,1,1,-1,1,-1,1,1,-1,1,1,-1,-1,1,-1,-1,1,-1,1,-1,1,1,-1,1,1,1,-1,1,-1,-1,1,1,-1,-1,1,-1,1,1,1,1,-1,1,-1,1,1,1,-1,1,1,-1,-1,1,1,-1,-1,1,-1,1,1,1,1,1,1,-1,1,1,1,1,1,-1,-1,1,1,1,1,1,-1,-1,-1,1,1,1,1,-1,-1,1,-1,1,-1,1,1,-1,-1,1,1,1,1,1,-1,-1,1,1,1,-1,-1,-1,-1,-1,-1,-1,1,1,-1,-1,1,1,-1,1,-1,-1,-1,1,1,1,1,-1,-1,1,1,1,-1,1,-1,-1,-1,-1,1,1,1,1,-1,-1,1,-1,1,1,-1,-1,-1,-1,-1,1,-1,1,-1,1,-1,1,-1,1,-1,-1,1,1,-1,1,-1,1,-1,-1,1,-1,1,-1,-1,-1,-1,1,-1,-1,1,1,-1,-1,1,-1,1,1,-1,1,-1,1,-1,1,-1,1,-1,1,1,-1,1,-1,-1,-1,1,1,-1,1,-1,1,-1,1,-1,1,1,-1,1,-1,1,-1,-1,1,-1,-1,-1,1,-1,1,-1,1,1,-1,1,-1,-1,1,-1,-1,1,-1,1,-1,1,-1,1,-1,1,1,-1,1,-1,1,-1,1,-1,-1,1,-1,1,1,1,1,-1,-1,1,1,-1,1,1,-1,-1,1,1,1,1,1,1,-1,1,1,1,-1,1,-1,1,-1,-1,-1,1,-1,1,1,-1,1,-1,1,-1,1,-1,-1,-1,1,1,-1,1,1,-1,-1,-1,1,-1,1,1,-1,1,-1,1,-1,-1,-1,-1,-1,-1,1,-1,-1,-1,-1,-1,-1,1,-1,1,1,1,1,-1,1,-1,1,1,-1,-1,-1,1,-1,-1,1,-1,1,-1,-1,1,1,1,1,-1,-1,1,1,1,1,-1,1,-1,-1,1,1,1,-1,-1,-1,-1,1,1,1,-1,1,-1,1,-1,1,-1,1,1,-1,-1,1,1,1,-1,-1,-1,-1,1,1,1,1,-1,-1,-1,1,1,1,1,-1,-1,-1,1,1,1,-1,-1,-1,1,1,1,1,1,-1,-1,-1,1,1,1,1,-1,-1,-1,1,1,-1,1,-1,-1,-1,1,1,1,1,-1,-1,1,1,1,1,1,-1,1,1,-1,1,1,-1,-1,-1,1,1,1,1,1,-1,1,1,1,1,1,1,-1,-1,1,-1,1,-1,-1,-1,-1,1,-1,1,1,-1,-1,-1,1,-1,1,1,-1,-1,-1,1,1,1,-1,1,-1,-1,1,-1,1,-1,-1,-1,-1,1,1,-1,-1,-1,-1,-1,1,-1,1,-1,-1,-1,-1,-1,-1,-1,1,-1,-1,-1,1,-1,-1,1,-1,-1,-1,-1,-1,1,1,-1,-1,-1,-1,-1,1,-1,-1,-1,1,-1,-1,1,-1,1,-1,-1,-1,-1,-1,-1,-1,1,-1,-1,-1,1,1,-1,-1,-1,1,-1,-1,-1,-1,-1,1,-1,-1,1,-1,1,-1,-1,-1,-1,1,-1,1,1,-1,1,-1,-1,1,1,-1,-1,-1,-1,-1,-1,1,1,-1,-1,1,-1,1,1,-1,-1,-1,1,-1,1,1,-1,-1,1,-1,-1,1,1,1,-1,1,-1,1,1,1,-1,-1,1,-1,-1,1,1,1,-1,1,-1,-1,1,1,-1,1,1,-1,-1,1,1,-1,1,1,-1,-1,1,1,-1,1,1,-1,-1,1,1,1,1,1,1,-1,1,1,1,1,1,-1,-1,1,-1,1,1,1,1,-1,-1,1,-1,1,1,1,-1,1,1,1,1,-1,1,-1,1,1,1,1,1,1,-1,-1,-1,1,1,1,-1,1,-1,1,1,1,1,-1,1,-1,1,1,1,-1,-1,1,-1,1,1,-1,1,-1,-1,-1,1,1,1,-1,1,-1,-1,1,1,1,-1,-1,-1,-1,1,1,1,-1,1,-1,-1,-1,1,1,-1,1,-1,-1,-1,1,1,1,-1,1,-1,1,1,1,1,1,1,-1,-1,1,1,-1,-1,1,1,1,-1,1,-1,1,-1,-1,1,1,-1,-1,1,-1,-1,-1,1,1,-1,1,-1,1,1,1,-1,-1,-1,-1,1,-1,-1,-1,-1,1,-1,1,1,1,-1,1,1,-1,1,1,1,1,-1,1,-1,1,1,1,1,-1,1,-1,1,1,1,1,-1,1,-1,1,1,1,1,-1,1,-1,1,1,-1,-1,-1,1,-1,-1,1,1,-1,-1,-1,1,-1,1,-1,1,-1,1,-1,-1,1,-2668.0,1,2000,445,0,False
1577,1,1,-1,-1,1,1,-1,-1,1,1,1,-1,1,1,1,1,-1,1,-1,-1,-1,-1,1,1,1,-1,-1,-1,1,1,1,1,-1,-1,-1,-1,1,-1,1,1,-1,-1,-1,1,1,1,1,-1,1,1,1,1,-1,1,-1,-1,1,-1,1,1,1,-1,-1,-1,1,1,1,1,-1,-1,-1,1,1,1,1,-1,-1,-1,1,1,1,-1,-1,-1,1,1,1,1,-1,-1,-1,1,1,1,1,-1,-1,1,1,-1,1,1,-1,-1,1,1,1,1,1,-1,-1,1,1,1,1,1,-1,-1,1,1,1,1,1,1,-1,-1,1,1,-1,1,1,-1,1,1,1,1,1,1,-1,-1,1,1,1,1,1,-1,1,1,1,1,1,1,-1,-1,-1,1,1,1,1,-1,1,1,1,1,-1,1,-1,1,-1,1,1,1,-1,-1,1,1,1,1,1,-1,1,-1,-1,1,1,1,-1,1,1,1,1,-1,1,1,1,1,-1,1,-1,1,-1,1,1,-1,1,-1,1,1,-1,1,-1,1,-1,1,-1,1,1,-1,1,-1,1,1,1,1,-1,-1,1,1,-1,-1,1,-1,1,-1,1,1,-1,1,-1,1,-1,1,-1,1,1,-1,-1,1,-1,1,-1,1,-1,1,1,1,-1,1,1,-1,1,-1,1,-1,1,-1,1,-1,1,1,-1,1,-1,-1,-1,-1,1,-1,1,-1,-1,-1,1,1,-1,-1,1,1,-1,1,1,1,-1,1,1,-1,1,1,1,1,-1,1,-1,1,1,-1,1,-1,1,-1,1,-1,1,1,1,1,-1,-1,1,-1,-1,1,1,1,-1,1,1,1,-1,1,1,1,1,1,1,1,1,-1,1,1,1,-1,1,1,-1,1,1,1,-1,1,1,-1,-1,1,1,1,-1,1,-1,1,1,1,-1,1,1,-1,1,1,1,-1,1,1,-1,1,1,1,-1,1,1,-1,-1,1,1,-1,1,1,-1,1,-1,1,-1,1,1,1,-1,1,1,1,-1,1,1,-1,1,1,-1,1,1,1,-1,-1,-1,-1,1,1,1,-1,1,1,-1,1,1,-1,-1,1,1,1,1,1,-1,1,1,1,-1,1,1,1,1,-1,1,1,-1,-1,1,-1,1,-1,1,-1,1,1,-1,-1,-1,1,-1,-1,1,-1,1,-1,1,-1,1,1,1,-1,-1,1,-1,-1,1,-1,1,-1,1,-1,1,1,1,1,-1,-1,1,-1,1,1,-1,-1,1,1,1,-1,1,-1,-1,1,-1,-1,1,1,-1,-1,1,-1,1,1,-1,1,-1,1,-1,-1,1,-1,-1,1,1,-1,1,1,-1,-1,-1,1,-1,1,1,1,-1,1,-1,-1,-1,1,-1,-1,-1,1,-1,1,1,1,-1,-1,1,-1,-1,1,-1,-1,-1,1,-1,-1,1,-1,-1,-1,1,-1,-1,1,-1,-1,-1,-1,1,-1,1,-1,-1,-1,-1,1,-1,-1,1,1,1,-1,1,-1,1,-1,1,-1,1,-1,-1,-1,1,-1,-1,1,1,1,-1,1,-1,1,1,1,-1,1,1,-1,-1,-1,1,-1,-1,1,-1,-1,1,1,1,-1,1,-1,-1,1,1,-1,-1,1,-1,-1,1,1,-1,-1,1,-1,-1,-1,1,1,-1,1,1,-1,-1,1,-1,-1,1,-1,1,-1,1,1,-1,-1,1,-1,-1,-1,-1,-1,1,1,1,-1,-1,1,-1,-1,1,-1,-1,1,-1,-1,1,1,-1,-1,1,-1,-1,1,1,-1,1,-1,-1,-1,-1,1,1,-1,-1,-1,-1,1,1,-1,-1,1,-1,-1,-1,1,1,-1,-1,-1,-1,-1,1,-1,-1,-1,-1,-1,1,1,1,-1,-1,-1,-1,-1,1,1,-1,-1,-1,-1,-1,1,1,1,-1,-1,-1,-1,1,1,-1,-1,-1,-1,1,-1,1,1,1,-1,1,1,-1,1,1,1,-1,-1,1,1,1,-1,-1,-1,1,1,1,1,-1,1,-1,-1,1,-1,1,-1,1,-1,-1,1,-1,1,-1,1,-1,-1,1,-1,1,-1,1,1,-1,1,-1,1,1,1,1,1,-1,1,1,1,1,-1,-1,1,-1,-1,1,1,-1,-1,1,-1,1,-1,1,-1,-1,1,1,-1,1,1,-1,-1,1,-1,-1,1,1,-1,-1,-1,1,1,-1,1,-1,-1,-1,-1,-1,1,-1,-1,1,-1,-1,1,-1,1,-1,-1,-1,-1,-1,1,1,1,-1,-1,-1,1,1,1,-1,-1,-1,1,-1,-1,1,-1,1,-1,-1,1,1,1,-1,-1,-1,-1,1,-1,1,1,-1,1,-1,-1,1,1,-1,-1,-1,-1,-1,-1,1,1,-1,-1,1,-1,1,1,-1,-1,-1,1,-1,1,1,-1,-1,1,-1,-1,1,1,1,-1,1,-1,1,1,1,-1,-1,1,-1,-1,1,1,1,-1,1,-1,-1,1,1,-1,1,1,-1,-1,1,1,1,1,1,-1,-1,1,1,-1,1,1,-1,-1,1,1,1,1,1,1,-1,1,1,1,1,1,-1,-1,1,-1,1,1,1,1,-1,-1,1,-1,1,1,1,-1,1,1,1,1,-1,1,-1,1,1,1,1,1,1,1,-1,-1,1,1,1,-1,1,-1,1,1,1,1,1,-1,1,1,1,1,-1,1,1,-1,1,1,-1,1,1,-1,-1,-1,1,1,1,-1,1,-1,1,1,1,-1,-1,1,-1,1,1,1,-1,1,-1,-1,-1,1,1,-1,-1,1,-1,-1,1,1,1,-1,1,-1,1,1,1,1,-1,1,-1,-1,1,1,-1,-1,-1,1,1,1,1,-1,1,1,-1,1,1,-1,-1,1,1,-1,-1,1,1,-1,1,1,1,1,1,-1,-1,-1,-1,1,-1,-1,-1,-1,-1,1,1,1,1,-1,1,1,-1,1,1,1,1,-1,1,-1,1,1,1,1,-1,1,-1,1,1,1,1,-1,1,-1,1,1,1,1,-1,1,-1,1,1,1,-1,-1,1,-1,1,1,1,-1,-1,-1,1,-1,1,-1,1,-1,1,-1,1,1,-2668.0,1,2000,445,1000,False
1578,-1,-1,1,1,1,1,-1,1,-1,-1,-1,1,-1,1,-1,-1,1,-1,1,1,-1,1,-1,-1,-1,1,-1,-1,-1,-1,-1,-1,1,1,-1,1,1,-1,-1,-1,1,-1,1,-1,-1,-1,-1,-1,1,-1,-1,-1,1,-1,1,-1,-1,1,-1,-1,-1,1,1,1,-1,-1,-1,-1,-1,-1,1,-1,-1,-1,-1,-1,-1,1,-1,-1,-1,1,1,-1,-1,-1,-1,-1,-1,1,-1,-1,-1,-1,-1,-1,-1,1,-1,1,-1,-1,-1,-1,1,-1,-1,-1,-1,-1,-1,1,-1,-1,-1,-1,-1,-1,1,-1,-1,-1,-1,-1,-1,1,-1,-1,1,-1,-1,-1,1,-1,-1,1,-1,-1,-1,-1,-1,-1,1,-1,-1,-1,1,-1,-1,-1,-1,-1,-1,-1,1,-1,-1,1,-1,-1,1,-1,-1,-1,-1,-1,1,1,1,-1,-1,-1,-1,-1,1,-1,-1,1,-1,-1,1,-1,1,-1,-1,-1,-1,1,1,-1,-1,1,-1,-1,1,1,1,-1,1,-1,-1,-1,1,1,-1,1,-1,-1,-1,1,1,-1,1,-1,-1,1,1,1,1,1,-1,1,1,1,1,1,-1,1,-1,-1,1,1,-1,1,-1,1,-1,1,1,1,1,-1,1,1,1,1,1,1,-1,-1,1,1,1,1,-1,-1,1,1,1,1,1,1,-1,1,1,-1,1,-1,-1,-1,1,1,-1,1,1,-1,-1,1,1,-1,-1,-1,1,-1,1,-1,1,1,1,1,-1,1,1,1,-1,1,1,-1,-1,1,-1,-1,-1,-1,-1,1,1,-1,-1,1,1,-1,-1,1,1,-1,-1,-1,-1,1,1,-1,-1,1,-1,-1,1,1,-1,1,1,1,-1,1,1,-1,-1,-1,-1,-1,1,-1,1,-1,-1,-1,1,-1,-1,1,1,-1,-1,1,1,1,-1,-1,-1,1,1,1,-1,1,1,-1,-1,1,1,-1,1,1,-1,-1,1,1,-1,1,1,-1,-1,-1,1,-1,1,1,-1,1,1,1,-1,1,1,1,1,-1,1,1,-1,1,1,-1,1,1,-1,1,1,1,-1,1,1,1,1,1,1,-1,1,-1,-1,1,1,-1,1,-1,1,-1,1,1,-1,1,-1,1,1,1,1,1,1,-1,1,-1,-1,-1,1,1,1,-1,-1,1,1,1,-1,1,-1,1,-1,-1,1,-1,1,-1,-1,1,1,1,-1,1,-1,1,-1,-1,1,1,1,-1,-1,-1,1,1,1,1,-1,-1,1,-1,1,1,-1,-1,1,-1,1,-1,1,1,-1,-1,1,-1,1,-1,-1,1,-1,-1,1,1,-1,1,-1,-1,1,1,1,-1,-1,1,-1,1,-1,1,-1,-1,-1,-1,-1,1,1,-1,-1,1,-1,1,-1,1,1,-1,-1,1,-1,1,-1,1,-1,-1,1,-1,-1,-1,1,-1,-1,-1,-1,1,-1,1,-1,-1,1,-1,-1,1,1,-1,-1,-1,-1,-1,1,1,-1,1,-1,1,-1,-1,1,1,1,-1,1,-1,1,-1,1,1,1,-1,1,1,-1,1,-1,1,1,-1,1,-1,1,-1,1,1,1,-1,-1,1,-1,-1,1,1,1,-1,1,-1,1,1,-1,1,-1,1,-1,1,1,1,1,-1,1,1,1,1,1,1,-1,-1,-1,-1,1,-1,1,-1,1,-1,-1,1,1,1,-1,-1,1,-1,1,-1,1,1,-1,-1,-1,-1,1,1,-1,1,1,-1,1,1,1,1,-1,1,-1,-1,1,1,-1,1,-1,-1,-1,1,1,-1,1,-1,1,1,1,1,-1,1,1,-1,-1,1,1,-1,1,-1,-1,1,1,1,1,1,1,-1,-1,1,1,-1,1,-1,-1,1,1,1,1,1,1,-1,-1,1,1,-1,1,1,-1,1,1,1,1,-1,1,1,-1,1,1,1,1,1,-1,1,1,1,-1,1,1,1,-1,1,-1,-1,1,1,1,-1,1,1,-1,1,1,-1,1,1,-1,-1,1,1,-1,1,1,1,-1,1,-1,1,-1,1,-1,1,-1,1,-1,-1,1,1,-1,1,1,-1,1,1,1,-1,1,-1,1,-1,1,1,-1,1,1,1,1,1,-1,1,1,-1,1,1,1,1,-1,1,-1,1,-1,1,1,-1,1,1,-1,1,1,1,-1,1,1,-1,1,1,1,1,1,-1,-1,1,1,1,1,1,-1,1,-1,1,1,1,1,-1,-1,1,1,1,1,1,1,-1,1,1,1,1,1,-1,1,1,1,1,1,1,1,-1,1,1,-1,1,1,-1,1,1,1,1,1,1,-1,1,1,1,1,1,1,1,-1,1,1,1,1,1,-1,-1,1,-1,1,1,1,-1,1,1,1,1,1,-1,-1,1,1,1,1,1,1,-1,1,1,-1,1,1,-1,1,1,1,1,1,1,-1,-1,1,1,1,1,-1,1,-1,1,1,1,1,-1,-1,-1,1,1,1,1,-1,1,-1,1,1,1,1,1,-1,-1,1,1,-1,1,1,-1,-1,1,1,-1,1,-1,-1,-1,1,-1,1,1,1,-1,-1,-1,1,-1,1,1,-1,-1,1,1,-1,1,1,-1,1,1,1,-1,1,1,-1,1,-1,1,1,1,1,-1,1,-1,1,1,1,-1,1,-1,1,1,1,1,-1,1,-1,1,1,1,-1,1,1,1,1,-1,-1,1,1,-1,1,1,1,-1,1,-1,-1,1,-1,1,-1,1,-1,1,-1,1,1,1,1,-1,-1,1,1,-1,-1,1,1,-1,1,1,-1,-1,1,1,-1,1,-1,1,1,1,-1,-1,-1,-1,1,1,1,-1,1,1,1,1,1,-1,-1,1,1,1,1,-1,1,-1,1,-1,1,1,1,-1,-1,-1,-1,-1,-1,-1,-1,-1,1,-1,1,1,1,-1,1,1,-1,-1,1,1,1,-1,1,-1,1,1,1,1,-1,1,-1,1,1,1,1,-1,1,-1,1,1,1,1,-1,1,-1,1,-1,1,-1,-1,1,-1,-1,1,1,-1,-1,-1,-1,1,1,-1,1,-1,1,-1,-1,1,-2668.0,1,2000,445,1500,True
1579,1,1,-1,-1,1,-1,-1,-1,1,1,1,-1,1,1,-1,1,-1,1,-1,-1,-1,1,1,1,1,-1,-1,-1,1,1,1,1,1,-1,-1,-1,1,-1,1,1,-1,-1,-1,1,1,1,1,-1,1,1,1,1,-1,1,-1,-1,1,-1,1,1,-1,-1,-1,1,1,1,1,1,-1,-1,1,1,1,1,1,-1,-1,-1,1,1,1,-1,-1,-1,1,1,1,1,-1,-1,-1,1,1,1,1,-1,-1,1,1,-1,1,1,-1,-1,1,1,1,1,1,-1,-1,-1,1,-1,1,1,-1,-1,1,1,1,1,1,1,-1,-1,1,1,-1,1,1,-1,1,1,1,1,1,1,-1,1,1,1,1,1,1,-1,1,1,1,1,1,1,-1,-1,-1,1,1,1,1,-1,1,-1,1,1,-1,1,-1,1,-1,1,1,1,-1,-1,1,1,1,1,1,-1,1,-1,-1,1,-1,1,-1,1,1,1,1,1,1,1,1,1,-1,1,-1,1,-1,1,1,-1,1,-1,1,1,-1,1,-1,1,-1,1,-1,1,1,-1,1,-1,1,1,1,1,-1,-1,1,1,-1,-1,1,-1,1,-1,-1,1,-1,1,-1,1,-1,1,-1,1,1,-1,-1,-1,1,1,-1,1,-1,1,1,1,-1,1,1,-1,1,-1,1,-1,1,-1,1,-1,1,1,-1,1,-1,-1,-1,1,1,-1,1,-1,-1,-1,1,1,-1,-1,1,1,-1,-1,1,1,-1,1,1,-1,1,1,1,-1,-1,1,-1,1,1,-1,1,-1,1,1,-1,1,1,-1,-1,1,-1,-1,1,-1,1,-1,1,1,-1,1,1,1,-1,1,-1,-1,1,1,-1,-1,1,-1,1,1,1,1,-1,1,-1,1,1,1,-1,1,1,-1,-1,1,1,-1,-1,1,-1,1,1,1,1,1,1,-1,1,1,1,1,1,-1,-1,1,1,1,1,1,-1,-1,-1,1,1,1,1,-1,-1,1,-1,1,-1,1,1,-1,-1,1,1,1,1,1,-1,-1,1,1,1,-1,-1,-1,-1,-1,-1,-1,1,1,-1,-1,1,1,-1,1,-1,-1,-1,1,1,1,1,-1,-1,1,1,1,-1,1,-1,-1,-1,-1,1,1,1,1,-1,-1,1,-1,1,1,-1,-1,1,-1,-1,1,-1,1,-1,-1,1,-1,-1,1,-1,-1,1,1,-1,1,-1,1,-1,-1,1,-1,1,-1,-1,-1,-1,1,-1,-1,1,1,-1,-1,1,-1,1,1,-1,1,-1,1,-1,1,-1,1,-1,-1,1,-1,-1,-1,-1,-1,1,1,-1,1,-1,1,-1,1,-1,1,1,-1,1,-1,1,-1,-1,1,-1,-1,-1,1,-1,1,-1,1,1,-1,1,-1,-1,1,-1,-1,1,-1,1,-1,-1,-1,1,-1,1,1,-1,-1,-1,1,-1,1,-1,-1,1,-1,1,1,1,1,-1,-1,1,1,-1,1,1,-1,-1,1,1,1,-1,1,1,-1,1,1,1,1,-1,-1,1,-1,-1,1,1,-1,-1,1,1,-1,1,1,-1,1,-1,-1,-1,1,1,-1,1,1,-1,-1,-1,1,-1,1,1,-1,-1,-1,1,-1,-1,-1,-1,1,-1,1,-1,-1,-1,-1,-1,-1,1,-1,1,1,1,1,-1,1,-1,1,1,-1,-1,-1,1,-1,-1,1,-1,1,-1,-1,1,1,1,1,-1,-1,1,1,1,1,-1,1,-1,-1,1,1,1,-1,-1,-1,1,1,1,1,-1,1,-1,1,-1,1,-1,1,1,-1,-1,1,1,1,-1,-1,-1,-1,1,1,1,1,-1,-1,-1,1,1,1,1,-1,-1,-1,1,1,1,-1,-1,-1,1,1,1,1,1,-1,-1,-1,1,1,1,1,-1,-1,-1,1,1,-1,1,-1,-1,-1,1,1,1,1,-1,-1,1,1,1,1,-1,-1,1,1,-1,1,1,-1,-1,-1,1,1,1,1,1,-1,1,1,1,1,1,-1,-1,-1,1,-1,1,-1,-1,-1,-1,1,-1,1,1,1,-1,-1,1,-1,1,1,-1,1,-1,1,1,1,1,-1,1,-1,1,-1,1,1,-1,-1,-1,1,1,-1,-1,-1,-1,-1,1,-1,1,-1,-1,-1,-1,-1,-1,-1,1,-1,-1,-1,1,-1,-1,1,-1,-1,-1,-1,-1,-1,1,-1,-1,-1,-1,-1,1,-1,-1,-1,1,-1,-1,1,-1,1,-1,-1,-1,-1,-1,-1,-1,1,-1,-1,-1,1,1,1,-1,-1,1,-1,-1,-1,-1,-1,1,-1,-1,1,1,1,-1,-1,-1,-1,1,-1,1,1,-1,1,-1,-1,1,1,-1,-1,-1,-1,-1,-1,1,1,-1,-1,1,-1,1,1,-1,-1,-1,1,-1,1,1,-1,-1,1,-1,-1,1,1,1,-1,1,-1,1,1,1,-1,-1,1,-1,-1,1,1,1,-1,1,-1,-1,1,1,-1,1,1,-1,-1,1,1,1,1,1,-1,-1,1,1,1,1,1,-1,-1,1,1,1,1,1,1,-1,1,1,1,1,1,-1,-1,1,-1,1,1,1,1,-1,-1,1,-1,1,1,1,-1,1,1,1,1,-1,1,-1,1,1,1,1,1,1,-1,-1,1,1,1,1,-1,1,-1,1,1,1,1,-1,1,-1,1,1,1,-1,-1,1,-1,1,1,-1,1,-1,-1,-1,1,1,1,-1,1,-1,-1,1,1,1,-1,-1,-1,-1,1,1,1,-1,1,-1,-1,-1,1,1,-1,1,-1,-1,1,1,1,-1,1,-1,-1,1,1,1,1,1,1,-1,-1,1,1,-1,-1,1,1,1,-1,1,-1,1,-1,-1,1,1,-1,-1,1,-1,-1,-1,1,1,-1,1,1,1,1,1,-1,-1,1,-1,-1,-1,-1,-1,-1,1,-1,1,1,1,-1,1,1,-1,1,1,1,1,-1,1,-1,1,1,1,-1,-1,1,-1,1,1,1,-1,-1,1,-1,1,1,1,-1,-1,1,-1,1,1,1,1,-1,1,-1,-1,1,1,-1,-1,-1,1,-1,1,-1,1,-1,1,-1,-1,1,-2668.0,1,2000,445,0,False
1580,-1,-1,1,1,1,1,-1,1,-1,-1,-1,1,-1,1,-1,-1,1,-1,1,1,1,1,-1,-1,-1,1,-1,-1,1,-1,-1,-1,1,1,-1,-1,1,-1,-1,-1,1,-1,-1,-1,-1,-1,1,-1,1,1,-1,-1,1,-1,1,-1,1,-1,-1,1,-1,1,1,1,-1,1,-1,-1,-1,-1,1,-1,-1,1,1,-1,1,-1,1,-1,1,-1,-1,1,1,-1,-1,1,-1,1,-1,1,-1,1,1,-1,-1,1,1,1,1,1,-1,-1,1,1,-1,1,1,-1,-1,1,1,-1,1,1,-1,-1,1,1,-1,1,1,1,-1,1,1,-1,1,1,1,-1,1,1,-1,1,1,1,-1,1,1,-1,1,1,1,-1,-1,1,1,-1,1,1,-1,1,-1,1,-1,1,1,-1,1,1,1,1,1,1,-1,1,1,-1,1,1,-1,-1,1,1,-1,1,1,-1,1,-1,-1,1,1,1,-1,1,-1,1,1,1,1,-1,1,1,-1,1,1,1,1,-1,1,-1,1,1,1,-1,-1,1,-1,-1,1,1,-1,1,1,-1,1,1,1,1,1,1,-1,-1,1,1,-1,-1,1,-1,1,1,-1,1,-1,1,-1,1,1,1,-1,1,1,-1,-1,1,-1,-1,1,1,-1,1,1,1,1,1,-1,-1,1,1,-1,1,1,1,1,-1,-1,-1,1,1,-1,-1,1,1,1,1,1,-1,-1,-1,1,1,-1,1,1,1,-1,1,1,1,1,1,1,-1,-1,-1,-1,1,-1,1,-1,-1,-1,1,1,-1,1,-1,-1,-1,1,1,1,1,-1,-1,-1,-1,1,-1,1,1,-1,-1,1,1,-1,1,1,1,-1,1,1,-1,1,-1,-1,1,1,1,-1,1,-1,-1,1,1,-1,1,1,-1,1,-1,1,-1,-1,1,-1,1,1,1,1,1,1,-1,-1,1,1,1,1,1,-1,-1,1,1,1,1,1,-1,1,-1,1,1,1,1,-1,1,-1,1,-1,1,-1,1,1,-1,1,1,1,1,1,-1,1,1,1,-1,1,1,1,1,-1,-1,1,1,1,1,-1,1,-1,1,1,1,1,-1,1,1,1,1,-1,1,-1,1,-1,1,1,1,1,-1,1,1,1,-1,1,1,1,-1,1,1,1,1,1,-1,-1,1,-1,1,1,-1,1,-1,-1,1,1,1,1,1,-1,1,-1,-1,1,-1,1,-1,1,-1,-1,1,-1,1,-1,-1,1,-1,1,-1,1,-1,1,1,-1,1,-1,1,-1,1,-1,-1,1,-1,-1,-1,1,-1,1,1,-1,1,-1,1,-1,1,1,-1,-1,1,1,-1,1,-1,-1,-1,-1,1,-1,1,1,-1,-1,1,-1,-1,-1,1,1,-1,-1,1,-1,1,-1,-1,-1,-1,1,-1,-1,-1,1,-1,-1,-1,-1,1,-1,1,-1,-1,1,-1,-1,1,1,-1,-1,-1,1,-1,1,1,-1,-1,-1,1,-1,-1,-1,1,1,-1,1,-1,1,1,1,-1,1,-1,-1,-1,1,-1,1,1,1,-1,1,1,-1,-1,1,1,-1,1,1,-1,1,-1,1,-1,1,1,-1,-1,1,1,-1,-1,1,-1,-1,1,1,1,-1,1,-1,-1,1,1,-1,-1,1,-1,-1,-1,1,1,-1,1,1,-1,-1,1,1,-1,1,-1,1,1,-1,1,-1,-1,1,-1,-1,-1,1,1,-1,1,1,-1,1,1,-1,1,1,-1,-1,-1,-1,-1,1,1,-1,-1,-1,1,-1,1,1,-1,-1,1,1,-1,-1,1,1,-1,-1,1,-1,-1,1,-1,-1,1,1,1,-1,1,1,-1,-1,1,1,-1,1,-1,-1,1,1,1,-1,1,1,-1,1,1,1,-1,1,1,-1,1,1,1,-1,1,1,-1,1,1,1,1,1,1,-1,1,1,1,-1,1,1,1,-1,1,-1,-1,1,1,1,-1,1,-1,-1,1,-1,1,1,1,-1,-1,1,-1,1,-1,-1,1,-1,1,-1,1,-1,1,-1,-1,1,-1,1,-1,1,-1,-1,1,-1,1,-1,1,-1,-1,1,-1,1,-1,1,-1,-1,1,1,1,1,1,-1,1,1,-1,1,1,1,-1,-1,1,-1,-1,-1,1,-1,-1,1,1,-1,1,1,-1,1,1,1,-1,1,1,-1,-1,1,-1,-1,1,-1,-1,1,1,-1,1,-1,-1,1,-1,1,1,-1,1,-1,-1,-1,1,1,-1,1,1,-1,-1,-1,1,1,1,1,-1,1,1,1,-1,1,-1,-1,-1,1,-1,1,1,1,-1,-1,-1,1,-1,1,1,-1,1,-1,-1,1,1,1,-1,-1,-1,-1,-1,1,-1,-1,-1,1,-1,1,1,1,-1,-1,1,-1,1,1,1,-1,1,1,-1,1,1,1,-1,1,-1,1,1,1,-1,-1,1,-1,-1,1,1,1,1,-1,-1,-1,1,1,1,-1,1,-1,-1,1,1,1,1,-1,1,-1,1,1,-1,1,1,-1,-1,1,1,-1,1,1,-1,-1,1,1,1,1,-1,-1,-1,1,-1,-1,1,1,-1,-1,-1,1,-1,1,1,-1,-1,1,1,-1,1,1,-1,-1,1,1,-1,1,1,-1,-1,-1,1,1,1,1,-1,1,-1,1,1,1,-1,-1,1,-1,1,1,1,-1,-1,1,-1,1,1,-1,1,-1,-1,-1,1,-1,1,1,-1,-1,-1,1,-1,1,-1,-1,-1,-1,1,-1,1,-1,1,-1,-1,-1,1,1,-1,1,-1,-1,-1,-1,1,1,-1,1,-1,1,-1,1,1,-1,1,-1,-1,1,1,-1,-1,1,1,1,1,-1,-1,1,-1,-1,1,1,-1,-1,1,-1,-1,-1,-1,1,-1,1,-1,1,1,-1,1,-1,-1,-1,1,-1,-1,-1,-1,1,-1,1,1,1,-1,1,1,-1,1,1,-1,-1,-1,1,-1,1,1,1,1,-1,1,-1,1,1,1,-1,1,1,-1,1,1,1,1,-1,1,-1,1,1,-1,-1,-1,1,-1,-1,1,1,-1,1,1,1,-1,1,-1,1,-1,1,-1,-1,1,-2668.0,1,2000,445,1500,True
1581,1,1,-1,-1,1,1,-1,-1,1,1,1,-1,1,1,1,1,-1,1,-1,-1,1,-1,1,1,1,-1,1,-1,1,1,1,1,1,-1,-1,-1,1,1,1,1,-1,-1,-1,1,1,1,1,-1,1,1,1,1,-1,1,-1,-1,1,-1,1,1,1,-1,-1,-1,1,1,1,1,-1,-1,-1,1,1,1,1,-1,-1,-1,1,1,1,-1,-1,-1,1,1,1,1,-1,-1,-1,1,1,1,1,-1,-1,1,1,-1,1,1,-1,-1,1,1,1,1,1,-1,-1,1,1,1,1,1,-1,-1,1,1,1,1,1,1,-1,1,1,1,-1,1,1,-1,1,1,1,1,1,1,-1,-1,1,1,1,1,1,-1,1,1,1,1,1,1,-1,-1,-1,1,1,1,1,-1,1,1,1,1,-1,1,-1,1,-1,1,1,1,-1,-1,1,1,1,1,1,-1,1,-1,-1,1,-1,1,-1,1,1,1,1,1,1,1,1,1,-1,1,-1,1,-1,1,1,-1,1,-1,1,1,-1,1,-1,1,-1,1,-1,1,1,-1,-1,-1,1,1,1,1,-1,-1,1,1,-1,-1,1,-1,1,-1,-1,1,-1,1,-1,1,-1,1,-1,-1,1,-1,-1,-1,1,1,-1,1,-1,1,1,1,-1,1,1,-1,-1,-1,1,-1,1,-1,-1,-1,1,1,-1,1,-1,-1,-1,1,1,-1,1,-1,-1,-1,1,1,-1,-1,1,-1,-1,-1,1,1,-1,1,1,-1,1,1,1,1,-1,1,-1,1,1,-1,1,-1,1,-1,-1,1,1,1,1,1,-1,-1,1,-1,-1,-1,1,1,-1,1,1,1,-1,1,-1,-1,1,1,1,-1,1,-1,1,1,1,-1,-1,1,-1,1,1,1,-1,1,1,-1,-1,1,1,1,-1,1,-1,1,1,1,-1,1,1,-1,1,1,1,-1,1,-1,-1,1,1,1,-1,1,-1,-1,-1,1,1,-1,1,-1,-1,1,-1,1,-1,1,1,-1,-1,1,1,1,-1,1,-1,-1,1,1,-1,1,-1,-1,-1,-1,-1,-1,1,1,-1,-1,1,1,-1,1,-1,-1,-1,1,1,1,1,-1,-1,1,1,1,-1,1,-1,-1,-1,-1,1,1,1,1,-1,-1,1,1,1,1,-1,-1,1,-1,-1,1,-1,1,-1,-1,1,-1,1,1,-1,-1,1,1,-1,1,-1,1,-1,-1,1,-1,1,1,-1,-1,-1,1,-1,-1,1,1,-1,-1,1,-1,1,1,-1,1,-1,1,-1,-1,1,1,-1,-1,1,-1,1,1,-1,-1,1,1,-1,1,-1,1,-1,1,-1,-1,1,-1,1,-1,1,-1,-1,1,-1,-1,-1,1,-1,-1,1,-1,1,-1,1,-1,-1,1,-1,-1,1,-1,1,-1,1,1,1,-1,1,1,-1,-1,-1,1,-1,1,-1,-1,1,-1,1,1,1,1,-1,-1,1,1,-1,1,1,-1,-1,1,1,1,-1,1,1,-1,1,1,1,1,-1,-1,1,-1,-1,-1,1,-1,-1,1,1,1,-1,1,-1,1,-1,-1,-1,1,1,-1,1,1,-1,-1,-1,1,-1,1,1,-1,1,-1,1,-1,-1,-1,-1,-1,-1,1,-1,-1,-1,-1,-1,-1,1,1,1,1,1,1,-1,1,-1,1,1,-1,-1,-1,1,1,-1,1,-1,1,-1,-1,1,1,1,1,-1,-1,1,1,1,1,-1,1,-1,-1,1,1,1,-1,-1,-1,1,1,1,1,-1,-1,-1,1,-1,1,-1,1,-1,-1,-1,1,1,1,-1,-1,-1,1,1,1,1,1,-1,-1,-1,1,1,1,1,-1,-1,-1,1,1,1,-1,-1,-1,-1,1,1,1,1,-1,-1,1,1,1,1,1,-1,-1,-1,1,1,-1,1,-1,-1,-1,1,1,1,1,-1,-1,1,1,1,1,-1,-1,1,1,-1,1,1,-1,-1,-1,1,1,1,1,1,-1,1,1,1,1,1,-1,-1,-1,1,-1,1,-1,-1,-1,-1,1,-1,1,1,1,-1,-1,1,-1,1,1,-1,-1,-1,1,1,1,1,-1,-1,-1,1,-1,1,1,-1,-1,-1,1,1,-1,-1,-1,-1,-1,1,-1,1,-1,-1,-1,-1,-1,-1,-1,1,-1,-1,-1,1,-1,-1,1,-1,-1,-1,-1,-1,1,1,-1,-1,-1,-1,-1,1,-1,-1,-1,1,-1,-1,1,-1,1,-1,-1,-1,-1,-1,-1,-1,1,-1,-1,-1,1,1,1,-1,-1,1,-1,-1,-1,-1,-1,1,-1,-1,1,1,1,-1,-1,-1,-1,1,-1,1,1,-1,1,-1,-1,1,1,-1,-1,-1,-1,-1,-1,1,1,-1,-1,1,-1,1,1,-1,-1,-1,1,-1,1,1,-1,-1,1,-1,-1,1,1,1,-1,1,-1,1,1,1,-1,-1,1,-1,-1,1,1,1,-1,1,-1,-1,1,1,-1,1,1,-1,-1,1,1,1,1,1,-1,-1,1,1,1,1,1,-1,-1,1,1,1,1,-1,1,-1,-1,1,1,-1,1,-1,-1,1,-1,1,1,1,1,-1,-1,1,-1,1,1,1,-1,1,1,1,1,-1,1,-1,1,1,1,1,1,1,1,-1,1,1,1,1,-1,1,-1,1,1,1,1,1,-1,1,1,1,1,-1,1,1,-1,1,1,-1,1,1,-1,-1,1,1,1,1,-1,1,-1,1,1,1,-1,-1,1,-1,1,1,1,-1,1,-1,-1,-1,1,1,-1,-1,1,-1,-1,1,1,-1,-1,1,-1,-1,-1,1,1,-1,1,-1,-1,1,1,-1,-1,-1,1,-1,-1,1,-1,1,1,-1,1,1,-1,-1,1,1,-1,-1,1,1,-1,1,1,-1,1,1,-1,-1,1,-1,1,-1,-1,-1,-1,1,-1,-1,1,1,-1,1,1,-1,1,1,1,1,-1,1,-1,1,1,1,1,-1,1,-1,-1,1,1,1,-1,1,-1,1,1,1,1,-1,1,-1,1,1,-1,-1,-1,1,-1,-1,1,1,-1,-1,-1,1,-1,1,-1,1,-1,1,-1,-1,1,-2668.0,1,2000,445,0,False
1582,1,1,-1,-1,1,-1,-1,-1,1,1,1,-1,1,1,-1,1,-1,1,-1,-1,-1,1,1,1,1,-1,-1,-1,1,1,1,1,-1,-1,-1,-1,1,1,1,1,-1,-1,-1,1,1,1,1,-1,1,1,1,1,-1,1,-1,-1,1,-1,1,1,1,-1,-1,1,1,1,1,1,-1,-1,1,1,1,1,1,-1,-1,-1,1,1,1,-1,-1,-1,1,1,1,1,-1,-1,-1,1,1,1,1,-1,-1,1,1,-1,1,1,-1,-1,1,1,1,1,1,-1,-1,-1,1,1,1,1,-1,-1,1,1,1,1,1,1,-1,-1,1,1,-1,1,1,-1,1,1,1,1,1,1,-1,1,1,1,1,1,1,-1,1,1,1,1,1,1,-1,-1,-1,1,1,1,1,-1,1,-1,1,1,-1,1,-1,1,-1,1,1,1,-1,-1,1,1,1,1,1,-1,1,-1,-1,1,-1,1,-1,1,1,1,1,1,1,1,1,1,-1,1,-1,1,-1,1,1,-1,1,-1,1,1,-1,1,-1,1,-1,1,-1,1,1,-1,1,-1,1,1,1,1,-1,-1,1,1,-1,-1,1,-1,1,-1,1,1,-1,1,-1,1,-1,1,-1,-1,1,-1,-1,-1,1,1,-1,1,-1,1,1,1,-1,1,1,-1,-1,-1,1,-1,1,-1,1,-1,1,1,-1,1,-1,-1,-1,1,1,-1,1,-1,-1,-1,1,1,-1,-1,1,1,-1,-1,1,1,-1,1,1,-1,1,1,1,1,-1,1,-1,1,1,-1,1,-1,1,-1,1,1,1,1,1,1,-1,-1,1,-1,-1,1,1,1,-1,1,1,1,-1,1,1,1,1,1,1,-1,1,-1,1,1,1,-1,-1,1,-1,1,1,1,-1,1,1,-1,-1,1,1,1,-1,1,-1,1,1,1,-1,1,1,-1,1,1,1,-1,1,1,-1,1,1,1,-1,1,1,1,-1,1,1,-1,1,1,-1,1,-1,1,-1,1,1,1,-1,1,1,1,-1,1,1,-1,1,1,-1,1,1,1,-1,-1,-1,-1,1,1,1,-1,1,1,-1,1,1,-1,-1,1,1,1,1,1,-1,1,1,1,-1,1,1,1,1,-1,1,1,1,-1,1,-1,1,1,1,1,1,1,-1,-1,-1,1,-1,-1,1,1,-1,1,1,-1,1,1,1,1,-1,1,-1,-1,1,-1,1,-1,1,1,-1,1,1,1,-1,-1,1,-1,1,1,1,-1,1,1,1,-1,1,1,-1,-1,1,-1,1,1,1,-1,1,1,1,1,1,1,-1,1,-1,-1,1,1,-1,-1,1,-1,-1,1,1,-1,-1,1,-1,1,1,1,-1,-1,1,-1,-1,1,1,-1,-1,1,-1,1,1,1,1,-1,1,-1,-1,-1,1,1,-1,-1,-1,1,-1,1,-1,-1,1,-1,-1,1,-1,1,-1,-1,1,-1,1,-1,1,-1,-1,1,-1,-1,1,1,1,-1,1,-1,1,-1,1,1,1,-1,-1,-1,1,-1,-1,1,1,-1,1,1,-1,1,1,1,-1,1,1,-1,-1,-1,1,-1,-1,1,-1,-1,1,1,-1,-1,1,-1,-1,1,1,1,-1,1,-1,-1,1,1,-1,-1,1,-1,-1,-1,1,1,-1,1,1,-1,-1,1,1,-1,1,-1,1,-1,1,1,-1,-1,1,-1,-1,-1,-1,-1,1,1,1,-1,1,1,-1,-1,1,-1,-1,-1,-1,-1,1,1,-1,-1,-1,-1,-1,1,1,-1,1,1,-1,-1,-1,1,1,-1,-1,-1,-1,1,1,-1,-1,1,-1,-1,-1,1,1,-1,-1,-1,-1,-1,1,-1,-1,1,-1,-1,1,1,1,-1,1,-1,-1,-1,1,1,-1,-1,-1,-1,-1,1,1,1,-1,-1,-1,-1,1,1,-1,-1,-1,-1,1,1,1,1,-1,-1,1,1,1,1,1,-1,-1,-1,1,1,1,-1,1,-1,1,1,1,1,-1,1,-1,-1,1,-1,1,-1,1,-1,-1,1,-1,1,-1,-1,-1,-1,1,-1,1,-1,1,-1,-1,1,-1,1,-1,1,-1,-1,1,-1,1,-1,-1,-1,-1,1,1,-1,-1,-1,-1,-1,1,-1,1,-1,-1,-1,-1,-1,-1,-1,1,-1,-1,-1,1,-1,-1,1,-1,-1,-1,-1,-1,1,1,-1,-1,-1,-1,-1,1,-1,-1,-1,1,-1,-1,1,-1,1,-1,-1,-1,-1,-1,-1,-1,1,-1,-1,-1,1,1,1,-1,-1,-1,1,-1,-1,-1,-1,1,-1,-1,1,-1,1,-1,-1,-1,-1,1,-1,1,1,-1,1,-1,-1,1,1,-1,-1,-1,-1,-1,-1,1,1,-1,-1,1,-1,1,1,-1,-1,-1,1,-1,1,1,-1,-1,1,-1,-1,1,1,1,-1,1,-1,1,1,1,-1,-1,1,-1,-1,1,1,1,-1,1,-1,-1,1,1,-1,1,1,-1,-1,1,1,1,1,1,-1,-1,1,1,-1,1,1,-1,-1,1,1,1,1,-1,1,-1,-1,1,1,1,1,-1,-1,1,-1,1,1,1,1,-1,-1,1,-1,1,1,1,-1,1,1,1,1,-1,1,-1,1,1,1,1,1,1,1,-1,1,1,1,1,-1,1,-1,1,1,1,1,1,-1,1,1,1,1,-1,1,1,-1,1,1,-1,1,1,-1,-1,1,1,1,1,-1,1,-1,1,1,1,-1,-1,1,-1,1,1,1,-1,1,-1,-1,-1,1,1,-1,-1,1,-1,-1,1,1,1,-1,1,-1,-1,1,1,1,-1,1,-1,-1,1,1,-1,-1,-1,1,-1,-1,1,-1,1,1,-1,1,1,-1,-1,1,1,-1,-1,1,1,-1,1,1,-1,1,1,-1,-1,1,-1,1,-1,-1,-1,-1,1,-1,-1,1,1,-1,1,1,-1,1,1,1,1,-1,1,-1,1,1,1,-1,-1,1,-1,1,1,1,-1,-1,1,-1,-1,1,1,-1,-1,1,-1,1,1,1,1,-1,1,-1,-1,1,1,-1,-1,-1,1,-1,1,-1,1,-1,1,-1,-1,1,-2668.0,1,2000,445,0,False
1583,1,1,-1,-1,1,-1,-1,-1,1,1,1,-1,1,1,1,1,-1,1,-1,-1,-1,-1,1,1,1,-1,-1,-1,1,1,1,1,1,-1,-1,-1,1,-1,1,1,-1,-1,-1,1,1,1,-1,-1,1,1,1,1,-1,1,-1,-1,1,-1,1,1,-1,-1,-1,-1,1,1,1,-1,-1,-1,-1,1,1,1,1,-1,-1,-1,1,1,1,-1,-1,-1,1,1,1,1,-1,-1,-1,1,1,1,1,-1,-1,1,1,-1,1,1,-1,-1,1,1,1,1,1,-1,-1,-1,1,1,1,1,-1,-1,1,1,1,1,1,1,-1,-1,1,1,-1,1,1,-1,1,1,1,1,1,1,-1,1,1,1,1,1,1,-1,1,1,1,1,1,1,-1,-1,-1,1,1,1,1,-1,1,1,1,1,-1,1,-1,1,-1,1,1,1,-1,-1,1,1,1,1,1,-1,1,-1,-1,1,-1,1,-1,1,1,1,1,1,1,-1,1,1,-1,1,-1,1,1,-1,1,-1,1,-1,1,-1,-1,1,-1,1,-1,1,-1,1,1,-1,1,-1,1,1,1,1,-1,-1,1,1,-1,-1,1,-1,1,-1,1,1,-1,1,-1,1,-1,1,-1,1,1,-1,-1,-1,1,-1,1,1,-1,1,1,1,1,1,1,-1,-1,-1,-1,1,1,-1,1,-1,1,-1,1,1,-1,-1,-1,1,1,1,1,-1,-1,-1,1,1,-1,1,1,1,-1,-1,1,1,1,1,1,-1,1,1,-1,1,-1,1,-1,1,1,1,-1,-1,1,1,-1,1,1,1,1,1,-1,-1,1,-1,1,-1,1,1,-1,1,1,1,-1,1,-1,-1,1,1,-1,1,1,-1,1,1,1,-1,-1,1,-1,1,1,-1,-1,1,1,-1,-1,1,-1,1,-1,1,-1,1,1,1,-1,1,1,-1,1,1,1,-1,1,-1,-1,1,1,1,-1,1,-1,-1,-1,1,1,1,1,-1,-1,1,-1,1,-1,1,1,-1,-1,1,1,-1,-1,1,-1,-1,1,1,-1,1,-1,-1,-1,-1,-1,-1,1,-1,-1,-1,1,1,-1,1,-1,1,-1,1,1,-1,1,1,-1,1,1,-1,1,1,-1,-1,-1,-1,1,1,1,1,-1,-1,1,-1,-1,1,-1,-1,1,-1,-1,1,-1,1,-1,-1,1,-1,-1,1,-1,-1,1,1,-1,1,-1,1,-1,-1,1,-1,1,-1,-1,-1,-1,1,-1,-1,1,1,-1,-1,1,-1,1,1,-1,1,-1,1,-1,1,-1,1,-1,-1,1,-1,-1,-1,-1,-1,1,1,-1,1,-1,1,-1,1,-1,1,1,-1,1,-1,1,-1,-1,-1,-1,-1,-1,1,-1,1,-1,-1,1,-1,1,-1,-1,1,-1,-1,1,-1,1,-1,-1,1,1,-1,1,1,-1,-1,1,1,-1,1,-1,-1,1,-1,1,1,1,1,-1,-1,-1,1,-1,1,1,-1,-1,-1,1,1,-1,1,1,-1,1,1,1,1,-1,1,1,-1,-1,-1,1,-1,1,1,-1,1,-1,1,-1,1,-1,-1,-1,1,1,-1,1,1,-1,-1,-1,1,-1,1,1,-1,1,-1,1,-1,-1,-1,-1,-1,-1,1,-1,-1,-1,-1,-1,-1,1,-1,1,1,1,1,-1,1,-1,1,1,-1,-1,-1,1,-1,-1,1,-1,1,-1,-1,1,1,1,1,-1,-1,1,1,1,1,-1,1,-1,-1,1,1,1,-1,-1,-1,1,1,1,1,-1,-1,-1,1,-1,1,-1,1,-1,-1,-1,1,1,1,-1,-1,-1,1,1,1,1,1,-1,-1,-1,1,1,1,1,-1,-1,-1,1,-1,1,-1,-1,-1,1,1,1,1,1,-1,-1,-1,1,1,1,1,-1,-1,-1,1,1,-1,1,-1,-1,-1,1,1,1,1,-1,-1,1,1,1,1,-1,-1,1,1,-1,1,1,-1,-1,-1,1,1,1,1,1,-1,1,1,1,1,1,-1,-1,-1,1,-1,1,-1,-1,-1,-1,1,-1,1,1,-1,-1,-1,1,-1,1,1,-1,1,-1,1,1,1,1,-1,1,-1,1,-1,1,1,-1,-1,-1,1,1,-1,-1,-1,-1,-1,1,-1,1,-1,-1,-1,-1,-1,-1,-1,1,-1,-1,-1,1,-1,-1,1,-1,-1,-1,-1,-1,1,1,-1,-1,-1,-1,-1,1,-1,-1,-1,1,-1,-1,1,-1,1,-1,-1,-1,-1,-1,-1,-1,1,-1,-1,-1,1,1,-1,-1,-1,-1,1,-1,-1,-1,-1,1,-1,-1,1,1,1,-1,-1,-1,-1,1,-1,1,1,-1,1,-1,-1,1,1,-1,-1,-1,-1,-1,-1,1,1,-1,-1,1,-1,1,1,-1,-1,-1,1,-1,1,1,-1,-1,1,1,-1,1,1,1,-1,1,-1,1,1,1,-1,-1,1,-1,-1,1,1,1,1,-1,1,-1,1,1,1,-1,1,-1,-1,1,1,1,1,-1,1,-1,1,1,1,1,1,-1,-1,1,1,1,1,1,-1,-1,1,1,1,1,-1,-1,-1,1,-1,1,1,1,-1,1,1,1,-1,1,1,-1,-1,1,1,1,1,1,-1,1,1,1,1,1,1,-1,1,-1,1,1,1,1,-1,1,-1,1,1,1,-1,1,1,-1,1,1,1,-1,1,-1,-1,1,1,-1,1,1,1,1,-1,1,1,1,-1,1,-1,1,1,1,-1,1,1,-1,1,1,1,-1,1,-1,-1,-1,1,1,-1,1,1,-1,1,1,1,1,-1,1,-1,1,1,1,1,-1,1,-1,1,1,1,-1,-1,-1,-1,1,-1,1,-1,1,1,1,-1,1,-1,-1,1,1,-1,1,1,1,-1,1,-1,1,1,1,-1,-1,-1,-1,1,1,-1,-1,-1,1,-1,1,-1,1,-1,1,1,-1,1,1,1,1,-1,1,-1,1,1,1,-1,-1,1,-1,1,-1,1,-1,-1,1,-1,1,1,1,-1,-1,1,-1,1,1,1,1,-1,1,-1,-1,1,1,-1,-1,-1,1,-1,1,-1,1,-1,1,-1,-1,1,-2668.0,1,2000,445,0,False
1584,1,1,-1,-1,1,-1,-1,-1,1,1,1,-1,1,1,1,1,-1,1,-1,-1,-1,1,1,1,1,-1,-1,-1,1,1,1,1,1,-1,-1,-1,1,1,1,1,-1,-1,-1,1,1,1,1,-1,1,1,1,1,-1,1,-1,-1,1,-1,1,1,1,-1,-1,1,1,1,1,1,-1,-1,1,1,1,1,1,-1,-1,-1,1,1,1,-1,-1,-1,1,1,1,1,-1,-1,-1,1,1,1,1,-1,-1,1,1,-1,1,1,-1,-1,1,1,1,1,1,-1,-1,-1,1,-1,1,1,-1,-1,1,1,1,1,1,1,-1,-1,1,1,-1,1,1,-1,1,1,1,1,1,1,-1,1,1,1,1,1,1,-1,1,1,1,1,1,1,-1,-1,-1,1,1,1,1,-1,1,-1,1,1,-1,1,-1,1,-1,1,1,1,-1,-1,1,1,1,1,1,-1,1,-1,-1,1,-1,1,-1,1,1,1,1,1,1,1,1,1,-1,1,-1,1,-1,1,1,-1,1,-1,1,1,-1,1,-1,1,-1,1,-1,1,1,-1,1,-1,1,1,1,1,-1,-1,1,1,-1,-1,1,-1,1,-1,-1,1,-1,1,-1,1,-1,1,-1,1,1,-1,-1,-1,1,1,-1,1,-1,1,1,1,-1,1,1,-1,1,-1,1,-1,1,-1,1,-1,1,1,-1,1,-1,-1,-1,1,1,-1,1,-1,-1,-1,1,1,-1,-1,1,1,-1,-1,1,1,-1,1,1,-1,1,1,1,1,-1,1,-1,1,1,-1,1,-1,1,1,1,1,1,1,1,1,-1,-1,1,-1,-1,1,1,1,-1,1,1,1,-1,1,1,1,1,1,1,1,1,-1,1,1,1,-1,-1,1,-1,1,1,1,-1,1,1,-1,-1,1,1,1,-1,1,-1,1,1,1,-1,1,1,-1,1,1,1,-1,1,1,-1,1,1,1,-1,1,1,-1,-1,1,1,-1,1,1,-1,1,-1,1,-1,1,1,1,-1,1,1,1,-1,1,1,-1,1,1,-1,1,-1,1,-1,-1,-1,-1,1,1,1,-1,1,1,-1,1,1,-1,-1,1,1,1,1,1,-1,1,1,1,-1,1,1,1,-1,-1,1,1,1,-1,1,-1,1,1,1,1,1,1,-1,-1,-1,1,-1,-1,1,1,-1,1,1,-1,1,1,1,1,-1,1,-1,-1,1,-1,1,-1,1,1,-1,1,1,1,-1,-1,1,-1,1,1,1,-1,1,1,1,-1,1,1,-1,-1,1,-1,1,1,1,-1,1,1,1,1,1,1,-1,1,-1,-1,1,1,-1,-1,1,-1,-1,1,1,-1,-1,1,-1,1,1,1,-1,-1,1,-1,-1,1,1,-1,-1,1,-1,1,1,1,1,-1,1,1,-1,-1,1,1,-1,-1,-1,1,-1,1,-1,-1,1,-1,-1,1,-1,1,-1,-1,1,-1,1,-1,1,-1,-1,1,-1,-1,1,1,1,-1,1,-1,1,-1,-1,1,1,-1,-1,-1,1,-1,-1,1,1,-1,1,1,-1,1,1,1,-1,1,1,-1,1,-1,1,-1,-1,1,-1,-1,1,1,-1,-1,1,-1,-1,1,1,1,-1,1,-1,-1,1,1,-1,-1,1,-1,-1,-1,1,1,-1,1,-1,-1,-1,1,-1,-1,1,-1,1,-1,1,1,-1,-1,1,-1,-1,-1,-1,-1,1,1,1,-1,1,1,-1,-1,1,-1,-1,-1,-1,-1,1,1,-1,-1,-1,1,-1,1,1,-1,1,1,1,-1,-1,1,1,-1,-1,-1,-1,-1,1,-1,-1,1,-1,-1,-1,1,1,-1,-1,-1,-1,-1,1,-1,-1,1,-1,-1,1,1,1,-1,1,-1,-1,-1,1,1,-1,-1,-1,-1,-1,1,1,1,-1,-1,-1,-1,1,1,-1,-1,-1,-1,1,1,1,1,-1,-1,1,1,1,1,1,-1,-1,-1,1,1,1,1,1,-1,1,1,1,1,-1,1,-1,-1,1,-1,1,-1,1,-1,-1,1,-1,1,-1,-1,-1,-1,1,-1,1,-1,1,-1,-1,1,-1,1,-1,1,-1,-1,1,-1,1,-1,-1,-1,-1,1,1,-1,-1,-1,-1,-1,1,-1,1,-1,-1,-1,-1,-1,-1,-1,1,-1,-1,-1,1,-1,-1,1,-1,-1,-1,-1,-1,-1,1,-1,-1,-1,-1,-1,1,-1,-1,-1,1,-1,-1,1,-1,1,-1,-1,-1,-1,-1,-1,-1,1,-1,-1,-1,1,1,1,-1,-1,1,-1,-1,-1,-1,-1,1,-1,-1,1,-1,1,-1,-1,-1,-1,1,-1,1,1,-1,1,-1,-1,1,1,-1,-1,-1,-1,-1,-1,1,1,-1,-1,1,-1,1,1,-1,-1,-1,1,-1,1,1,-1,-1,1,-1,-1,1,1,1,-1,1,-1,1,1,1,-1,-1,1,-1,-1,1,1,1,-1,1,-1,-1,1,1,-1,1,1,-1,-1,1,1,-1,1,1,-1,-1,1,1,1,1,1,-1,-1,1,1,1,1,1,1,-1,-1,1,1,1,1,-1,-1,1,-1,1,1,1,1,-1,-1,1,-1,1,1,1,-1,1,1,1,1,-1,1,-1,1,1,1,1,1,1,1,-1,1,1,1,1,-1,1,-1,1,1,1,1,1,-1,1,1,1,1,-1,1,1,-1,1,1,-1,1,1,-1,-1,1,1,1,1,-1,1,-1,1,1,1,-1,-1,1,-1,1,1,1,-1,1,-1,-1,-1,1,1,-1,-1,1,-1,-1,1,1,-1,-1,1,-1,-1,1,1,1,-1,1,-1,-1,1,1,-1,-1,-1,1,-1,-1,1,-1,1,1,-1,1,1,-1,-1,1,1,-1,-1,1,1,-1,1,1,-1,1,1,-1,-1,-1,-1,1,-1,-1,-1,-1,1,-1,-1,1,1,-1,1,1,-1,1,1,1,1,-1,1,-1,1,1,1,-1,-1,1,-1,1,1,1,-1,-1,1,-1,-1,1,1,-1,-1,1,-1,1,1,1,1,-1,1,-1,-1,1,1,-1,-1,-1,1,-1,1,1,1,-1,1,-1,-1,1,-2668.0,1,2000,445,0,False
1585,1,1,-1,-1,1,1,-1,-1,1,1,1,-1,-1,1,1,1,-1,1,-1,-1,-1,-1,1,1,1,-1,-1,-1,1,1,1,1,-1,-1,-1,-1,1,-1,1,1,-1,-1,-1,1,1,1,1,-1,1,1,1,1,-1,1,-1,-1,1,-1,1,1,1,-1,-1,-1,1,1,1,1,-1,-1,-1,1,1,1,1,-1,-1,-1,1,1,1,-1,-1,-1,1,1,1,1,-1,-1,-1,1,1,1,1,-1,-1,1,1,-1,1,1,-1,-1,1,1,1,1,1,-1,-1,-1,1,-1,1,1,-1,-1,1,1,1,1,1,1,-1,-1,1,1,-1,1,1,-1,1,1,1,1,1,1,-1,1,1,1,1,1,1,-1,1,1,1,1,1,1,-1,-1,-1,1,1,1,1,-1,1,1,1,1,-1,1,-1,1,-1,1,1,1,-1,-1,1,1,1,1,1,-1,1,-1,-1,1,1,1,-1,1,1,1,1,-1,1,1,1,1,1,1,-1,1,-1,1,1,-1,1,-1,1,1,-1,1,-1,1,-1,1,-1,1,1,-1,1,-1,1,1,1,1,-1,-1,1,1,-1,-1,1,-1,1,-1,1,1,-1,1,-1,1,-1,1,-1,-1,1,-1,-1,1,-1,1,-1,1,-1,1,1,1,-1,1,1,-1,1,-1,1,-1,1,-1,1,-1,1,1,-1,1,-1,-1,-1,-1,1,-1,1,-1,-1,-1,1,1,-1,-1,1,1,-1,1,1,1,-1,1,1,-1,1,1,1,1,-1,1,-1,1,1,-1,1,-1,1,-1,1,-1,1,1,1,1,-1,-1,1,-1,-1,-1,1,1,-1,1,1,1,-1,1,1,1,1,1,1,1,1,-1,1,1,1,-1,1,1,-1,1,1,1,-1,1,1,-1,-1,1,1,1,-1,1,-1,1,1,1,-1,1,1,-1,1,1,1,-1,1,1,-1,1,1,1,-1,1,1,-1,-1,1,1,1,1,1,-1,1,-1,1,-1,1,1,1,-1,1,1,1,-1,1,1,-1,1,1,-1,1,1,1,-1,-1,-1,-1,1,1,1,-1,1,1,-1,1,1,-1,-1,1,1,-1,1,1,-1,1,1,1,1,1,1,1,1,-1,1,-1,-1,-1,1,-1,1,-1,-1,1,1,1,-1,-1,-1,1,-1,-1,1,1,-1,1,-1,1,1,1,1,1,-1,1,-1,-1,1,-1,1,-1,-1,-1,1,1,1,1,-1,-1,1,-1,1,1,1,-1,1,-1,1,-1,1,1,-1,-1,1,-1,1,1,1,-1,-1,-1,1,1,1,1,-1,-1,1,-1,1,1,-1,1,-1,1,-1,1,1,-1,-1,-1,-1,1,1,1,-1,1,-1,1,-1,1,1,-1,-1,1,-1,1,1,1,1,-1,1,-1,-1,-1,1,1,-1,-1,-1,1,-1,1,-1,-1,1,-1,-1,1,-1,1,-1,-1,-1,-1,1,-1,1,1,-1,1,-1,-1,1,1,1,-1,1,-1,1,-1,1,-1,1,-1,-1,-1,1,-1,-1,1,1,1,-1,1,-1,1,1,1,-1,1,1,-1,-1,-1,1,-1,-1,1,-1,-1,1,1,1,-1,1,-1,-1,1,1,-1,-1,1,-1,-1,1,1,-1,-1,1,-1,-1,-1,1,1,-1,1,1,-1,-1,1,-1,-1,1,-1,1,-1,1,1,-1,-1,1,-1,-1,-1,-1,-1,1,1,1,-1,1,1,-1,-1,1,-1,-1,-1,-1,-1,1,1,-1,-1,-1,1,-1,1,1,-1,1,1,1,-1,-1,1,1,-1,-1,-1,-1,-1,1,-1,-1,1,-1,-1,-1,1,1,-1,-1,-1,-1,-1,1,-1,-1,1,-1,-1,1,1,1,-1,1,-1,-1,-1,1,1,-1,-1,-1,-1,-1,1,1,1,-1,-1,-1,-1,1,1,-1,-1,-1,-1,1,-1,1,1,-1,-1,1,1,-1,1,1,-1,-1,-1,1,1,1,1,1,-1,1,1,1,1,-1,1,-1,-1,1,-1,1,-1,1,-1,-1,1,-1,1,-1,-1,-1,-1,1,-1,1,-1,1,1,-1,1,-1,1,-1,1,1,1,-1,1,1,-1,-1,-1,-1,1,-1,-1,-1,-1,-1,-1,1,-1,1,-1,-1,-1,-1,1,1,-1,1,-1,-1,-1,1,-1,-1,1,-1,-1,-1,-1,1,-1,1,-1,-1,-1,-1,-1,1,-1,-1,-1,1,-1,-1,1,-1,1,-1,-1,-1,-1,-1,-1,-1,1,-1,-1,-1,1,1,-1,-1,-1,-1,1,-1,-1,-1,-1,1,-1,-1,1,1,1,-1,-1,-1,-1,1,-1,1,1,-1,1,-1,-1,1,1,-1,-1,-1,-1,-1,-1,1,1,-1,-1,1,-1,1,1,-1,-1,-1,1,-1,1,1,-1,-1,1,-1,-1,1,1,1,-1,1,-1,1,1,1,-1,-1,1,-1,-1,1,1,1,-1,1,-1,-1,1,1,-1,1,1,-1,-1,1,1,-1,1,1,-1,-1,1,1,-1,1,1,-1,-1,1,1,1,1,-1,1,-1,1,1,1,-1,1,-1,-1,1,-1,1,1,1,1,-1,-1,1,-1,1,1,1,-1,1,1,1,1,-1,1,-1,1,1,1,1,1,1,1,-1,1,1,1,1,-1,1,-1,1,1,1,1,1,1,1,1,1,1,-1,1,-1,1,1,1,-1,1,1,1,1,-1,1,1,1,-1,1,1,1,1,1,-1,-1,1,-1,1,1,1,-1,1,-1,1,1,1,1,-1,-1,1,1,-1,1,1,-1,-1,1,1,-1,1,1,1,-1,1,-1,1,1,1,-1,-1,-1,-1,1,1,1,-1,1,1,1,1,1,-1,-1,1,1,1,1,1,1,-1,1,-1,1,1,1,-1,-1,-1,-1,-1,-1,-1,-1,-1,-1,1,1,1,1,-1,1,1,-1,-1,1,1,1,-1,1,-1,1,1,1,-1,-1,1,-1,1,1,1,-1,-1,1,-1,1,1,1,-1,-1,1,-1,1,-1,1,1,-1,1,-1,-1,1,1,-1,-1,-1,-1,1,1,-1,1,-1,1,-1,-1,1,-2668.0,1,2000,445,0,False
1586,1,1,-1,-1,1,1,-1,-1,1,1,1,-1,1,1,1,1,-1,1,-1,-1,1,-1,1,1,1,-1,1,-1,1,1,1,1,1,-1,-1,-1,1,1,1,1,-1,-1,-1,1,1,1,1,-1,1,1,1,1,-1,1,-1,-1,1,-1,1,1,-1,-1,-1,-1,1,1,1,1,-1,-1,-1,1,1,1,1,-1,-1,-1,1,1,1,-1,-1,-1,1,1,1,1,-1,1,-1,1,1,1,1,-1,-1,1,1,-1,1,1,-1,-1,1,1,1,1,1,-1,-1,1,1,-1,1,1,-1,-1,1,1,1,1,1,1,-1,1,1,1,-1,1,1,-1,1,1,1,1,1,1,-1,-1,1,1,1,1,1,-1,1,1,1,1,1,1,-1,-1,-1,1,1,1,1,-1,1,1,1,1,-1,1,-1,1,-1,1,1,1,-1,-1,1,1,1,1,1,-1,1,-1,-1,1,-1,1,-1,1,1,1,1,1,1,1,1,1,-1,1,-1,1,-1,1,1,-1,1,-1,1,1,-1,1,-1,1,-1,1,-1,1,1,-1,1,-1,1,1,1,1,-1,-1,1,1,-1,-1,1,-1,1,-1,-1,1,-1,1,-1,1,-1,1,-1,1,1,-1,-1,-1,1,1,-1,1,-1,1,1,1,-1,1,1,-1,1,-1,1,-1,1,-1,1,-1,1,1,-1,1,-1,-1,-1,1,1,-1,1,-1,-1,-1,1,1,-1,-1,1,1,-1,-1,1,1,-1,1,1,-1,1,1,1,1,-1,1,-1,1,1,-1,1,-1,1,-1,1,1,1,1,1,1,-1,-1,1,-1,-1,-1,1,1,-1,1,1,1,-1,1,1,1,1,1,1,-1,1,-1,1,1,1,-1,1,1,-1,1,1,1,-1,1,1,-1,-1,1,1,1,-1,1,-1,1,1,1,-1,1,1,-1,1,1,1,-1,1,1,-1,1,1,1,-1,1,1,1,-1,1,1,-1,1,1,-1,1,-1,1,-1,1,1,1,-1,1,1,1,-1,1,1,-1,1,1,-1,1,1,1,-1,-1,1,1,1,1,1,-1,1,1,-1,1,1,-1,-1,1,1,-1,1,1,-1,1,1,1,1,1,1,1,1,-1,1,-1,-1,-1,1,-1,1,-1,-1,1,1,1,-1,1,-1,1,-1,-1,1,1,-1,1,-1,1,1,1,1,1,-1,1,-1,-1,1,-1,1,-1,-1,-1,1,1,1,1,-1,-1,1,-1,1,1,1,-1,1,-1,1,-1,1,1,-1,-1,1,-1,1,1,1,1,-1,-1,1,1,1,1,-1,-1,1,1,1,1,-1,1,-1,1,-1,1,1,-1,-1,-1,-1,1,1,1,-1,1,-1,1,-1,1,1,-1,-1,1,-1,1,1,1,1,-1,1,-1,-1,-1,1,1,-1,-1,-1,1,-1,1,-1,-1,1,-1,-1,1,-1,1,-1,-1,-1,-1,1,-1,1,-1,-1,1,-1,-1,1,1,1,-1,1,-1,1,-1,-1,-1,1,-1,-1,-1,1,-1,-1,1,1,1,-1,1,-1,1,1,1,-1,1,1,-1,1,-1,1,-1,-1,1,-1,-1,1,1,1,-1,1,-1,-1,1,1,-1,-1,1,-1,-1,1,1,-1,-1,1,-1,-1,-1,1,1,-1,1,1,-1,-1,1,-1,-1,1,-1,1,-1,1,1,-1,-1,1,-1,-1,-1,-1,-1,1,1,1,-1,1,1,-1,-1,1,-1,1,-1,-1,-1,1,1,-1,-1,-1,1,-1,1,1,-1,1,1,1,-1,-1,1,1,-1,-1,-1,-1,1,1,-1,-1,1,-1,-1,-1,1,1,-1,-1,-1,-1,-1,1,-1,-1,1,-1,-1,1,1,1,-1,1,-1,-1,-1,1,1,-1,-1,-1,-1,-1,1,1,1,-1,-1,-1,-1,1,1,-1,-1,-1,-1,1,1,1,1,-1,-1,1,1,1,1,1,-1,-1,-1,1,1,1,1,1,-1,1,1,1,1,-1,1,-1,-1,1,-1,1,-1,1,-1,-1,1,-1,1,-1,-1,-1,-1,1,-1,1,-1,1,-1,-1,1,-1,1,-1,1,-1,-1,1,-1,1,-1,-1,-1,-1,1,1,-1,-1,-1,-1,-1,1,-1,1,-1,-1,-1,-1,-1,-1,-1,1,-1,-1,-1,1,-1,-1,1,-1,-1,-1,-1,-1,-1,1,-1,-1,-1,-1,-1,1,-1,-1,-1,1,-1,-1,1,-1,1,-1,-1,-1,-1,-1,-1,-1,1,-1,-1,-1,1,1,-1,-1,-1,1,1,-1,-1,-1,-1,1,-1,-1,1,-1,1,-1,-1,-1,-1,1,1,1,1,-1,1,-1,-1,-1,1,-1,-1,-1,-1,-1,-1,1,1,-1,-1,1,-1,1,1,-1,-1,-1,1,-1,1,1,-1,-1,1,-1,-1,1,1,1,-1,1,-1,-1,1,1,-1,-1,1,-1,1,1,1,1,-1,1,-1,-1,1,1,-1,1,1,-1,-1,1,1,1,1,1,-1,-1,1,1,1,1,1,-1,-1,1,1,1,1,1,1,-1,1,1,1,1,1,-1,-1,1,-1,1,1,1,1,-1,-1,1,-1,1,1,1,-1,1,1,1,1,-1,1,-1,1,1,1,1,1,1,1,-1,1,1,1,1,-1,1,-1,1,1,1,1,1,-1,1,1,1,1,-1,1,-1,1,1,1,-1,1,1,1,1,1,1,1,1,-1,1,1,1,1,1,-1,-1,1,-1,1,1,1,-1,1,-1,1,1,1,1,-1,-1,1,1,-1,1,1,-1,-1,1,1,-1,-1,1,1,-1,1,-1,1,1,1,-1,-1,-1,-1,1,-1,1,-1,1,1,1,1,1,-1,-1,1,1,1,1,-1,1,-1,1,-1,1,1,1,-1,-1,-1,-1,-1,-1,-1,-1,-1,1,-1,1,1,1,-1,1,1,-1,-1,1,1,1,-1,1,-1,1,1,1,1,-1,1,-1,1,1,1,1,-1,1,-1,1,1,1,1,-1,1,-1,1,-1,-1,-1,-1,1,-1,-1,1,1,-1,-1,-1,-1,1,1,-1,1,-1,1,-1,-1,1,-2668.0,1,2000,445,0,False
1587,1,1,-1,-1,1,1,-1,-1,1,1,1,-1,1,1,1,1,-1,1,-1,-1,-1,-1,1,1,1,-1,1,-1,1,1,1,1,1,-1,-1,-1,1,-1,1,-1,1,-1,-1,1,1,1,1,-1,1,1,1,1,-1,1,-1,-1,1,-1,1,1,1,-1,-1,-1,1,1,1,1,-1,-1,-1,1,1,1,1,-1,-1,-1,1,1,1,-1,-1,-1,1,1,1,1,-1,-1,-1,1,1,1,1,-1,-1,1,1,-1,1,1,-1,-1,1,1,1,1,1,-1,-1,-1,1,-1,1,1,-1,-1,1,1,1,1,1,1,-1,-1,1,1,-1,1,1,-1,1,1,1,1,1,1,-1,1,1,1,1,1,1,-1,1,1,1,1,1,1,-1,-1,-1,1,1,1,1,-1,1,1,1,1,-1,1,-1,1,-1,1,1,1,-1,-1,1,1,1,1,1,-1,1,-1,-1,1,-1,1,-1,1,1,1,1,1,1,1,1,1,-1,1,-1,1,-1,1,1,-1,1,-1,1,1,-1,1,-1,1,-1,1,-1,1,1,-1,1,-1,1,1,1,1,-1,-1,1,1,-1,-1,1,-1,1,-1,-1,1,-1,1,-1,1,-1,1,-1,1,1,-1,-1,-1,1,-1,-1,1,-1,1,1,1,-1,1,1,-1,1,-1,1,-1,1,-1,1,-1,1,1,-1,1,-1,-1,-1,1,1,-1,1,-1,-1,-1,1,1,-1,-1,1,1,-1,-1,1,-1,-1,1,1,-1,1,1,1,1,-1,1,-1,1,1,-1,1,-1,1,-1,1,1,-1,-1,-1,1,-1,-1,1,-1,-1,1,1,1,-1,1,1,1,-1,1,1,1,1,1,-1,1,1,-1,1,1,-1,1,-1,1,-1,1,1,-1,-1,1,1,-1,-1,1,1,1,-1,1,-1,1,1,1,-1,1,1,-1,1,1,1,-1,1,1,-1,1,1,1,-1,1,1,-1,-1,1,1,-1,1,1,-1,1,-1,1,-1,1,1,1,-1,1,1,1,-1,1,1,-1,1,1,-1,1,1,1,-1,-1,-1,-1,1,1,1,-1,1,1,-1,1,1,-1,-1,1,1,1,1,1,-1,1,1,1,-1,1,1,1,-1,-1,1,1,1,-1,1,-1,1,1,1,1,1,1,-1,-1,-1,1,-1,-1,1,-1,1,-1,1,-1,1,1,1,-1,-1,1,-1,-1,1,-1,1,-1,1,1,-1,1,1,1,-1,-1,1,-1,1,1,-1,-1,1,1,1,-1,1,-1,-1,-1,1,-1,1,1,-1,-1,1,1,1,1,-1,1,-1,1,-1,1,1,-1,-1,-1,1,-1,1,1,-1,-1,-1,1,-1,1,1,1,-1,-1,1,1,-1,1,-1,-1,-1,1,-1,1,1,1,-1,-1,1,-1,-1,1,-1,-1,-1,-1,-1,-1,1,-1,-1,-1,1,-1,-1,1,-1,-1,-1,-1,1,-1,1,-1,-1,-1,-1,1,-1,-1,1,1,1,-1,1,-1,1,-1,1,-1,1,-1,-1,-1,1,-1,-1,1,1,1,-1,1,-1,1,1,1,-1,1,1,-1,1,-1,1,-1,-1,1,-1,-1,1,1,1,-1,1,-1,-1,1,1,-1,-1,1,-1,-1,1,1,-1,-1,1,-1,-1,-1,1,1,-1,1,1,-1,-1,1,-1,-1,1,-1,1,-1,1,1,-1,-1,1,-1,-1,-1,-1,-1,1,1,1,-1,-1,1,-1,-1,1,-1,-1,1,-1,-1,1,1,-1,-1,1,1,-1,1,1,-1,1,-1,1,-1,-1,1,1,-1,-1,-1,-1,-1,1,-1,-1,1,-1,-1,-1,1,1,-1,-1,-1,-1,-1,1,-1,-1,-1,-1,-1,1,1,1,-1,-1,-1,-1,-1,1,1,-1,-1,-1,-1,-1,1,1,1,-1,-1,-1,-1,1,1,-1,-1,-1,-1,1,1,1,1,1,-1,1,1,1,1,1,1,-1,-1,1,1,1,-1,1,-1,1,1,1,1,-1,1,-1,-1,1,-1,1,-1,1,-1,-1,1,-1,1,-1,1,-1,-1,1,-1,1,-1,1,1,-1,1,-1,1,1,1,1,-1,1,-1,1,1,1,-1,-1,1,1,-1,1,1,-1,-1,1,-1,1,-1,1,-1,-1,-1,-1,-1,1,1,-1,-1,1,-1,-1,1,1,-1,-1,-1,-1,1,-1,1,-1,-1,-1,-1,1,1,-1,-1,1,-1,-1,1,-1,1,-1,-1,-1,-1,-1,1,1,1,-1,-1,-1,1,1,1,-1,-1,1,-1,-1,-1,1,-1,1,-1,-1,1,1,1,-1,-1,-1,-1,1,-1,1,1,-1,1,-1,-1,1,1,-1,-1,-1,-1,-1,-1,1,1,-1,-1,1,-1,1,1,-1,-1,-1,1,-1,1,1,-1,-1,1,1,-1,1,1,1,-1,1,-1,1,1,1,-1,-1,1,-1,-1,1,1,1,-1,1,-1,-1,1,1,-1,1,1,1,-1,1,1,1,1,1,1,-1,1,1,-1,1,1,1,-1,1,1,1,1,1,1,-1,-1,1,1,-1,1,1,-1,1,-1,1,1,1,1,-1,-1,1,-1,1,1,1,-1,1,1,1,1,-1,1,1,1,1,1,1,1,1,1,-1,1,1,1,1,-1,1,-1,1,1,1,1,1,-1,1,1,1,1,-1,-1,1,-1,1,1,-1,1,1,-1,-1,1,1,1,-1,1,1,-1,1,1,1,-1,-1,1,-1,1,1,1,-1,1,-1,-1,-1,1,1,-1,-1,1,-1,-1,1,1,1,-1,1,-1,-1,-1,1,1,1,-1,-1,-1,1,1,-1,-1,-1,1,-1,-1,1,-1,1,1,-1,1,1,-1,-1,1,1,-1,-1,1,1,-1,1,1,-1,1,1,-1,-1,1,-1,1,-1,-1,-1,-1,1,-1,-1,1,1,-1,1,1,-1,1,1,1,1,-1,1,-1,1,1,1,-1,-1,1,-1,-1,1,1,-1,-1,1,-1,1,1,1,-1,-1,1,-1,1,1,1,1,-1,1,-1,-1,1,1,-1,-1,-1,1,-1,1,-1,1,-1,1,-1,-1,1,-2668.0,1,2000,445,0,False
1588,1,1,-1,-1,1,-1,1,-1,1,1,1,-1,1,1,1,1,-1,1,-1,-1,1,-1,1,1,1,-1,1,-1,1,1,1,1,-1,-1,-1,-1,1,1,1,-1,-1,-1,-1,1,1,1,1,-1,1,1,1,1,-1,1,-1,-1,1,-1,1,1,1,-1,-1,-1,1,1,1,1,-1,-1,-1,1,1,1,1,-1,-1,-1,1,1,1,-1,-1,-1,1,1,1,1,-1,-1,-1,1,1,1,1,-1,-1,1,1,-1,1,1,-1,-1,1,1,1,1,1,-1,-1,1,1,-1,1,1,-1,-1,1,1,1,1,1,1,-1,1,1,1,-1,1,1,-1,1,1,1,1,1,1,-1,-1,1,1,-1,1,1,-1,1,1,1,1,1,1,-1,-1,-1,1,-1,1,1,-1,1,1,1,1,-1,1,-1,1,-1,1,1,1,-1,-1,1,1,1,1,1,-1,1,-1,-1,1,1,1,-1,1,1,1,1,-1,1,1,1,1,-1,1,-1,1,-1,1,1,-1,1,-1,1,1,-1,1,-1,1,-1,1,-1,1,1,-1,1,-1,1,1,1,1,-1,-1,1,1,-1,-1,1,-1,1,1,-1,1,-1,1,-1,1,-1,1,-1,-1,1,-1,-1,1,1,1,-1,1,-1,1,1,1,-1,1,1,-1,1,-1,1,-1,1,-1,1,-1,1,1,-1,1,-1,-1,-1,1,1,-1,1,-1,-1,-1,-1,1,-1,-1,1,1,-1,-1,1,1,-1,1,1,-1,1,1,1,1,-1,1,-1,1,1,-1,1,-1,1,1,-1,1,1,1,1,1,-1,-1,1,-1,-1,1,1,1,-1,1,1,1,-1,1,-1,-1,1,1,1,1,1,-1,1,1,1,-1,-1,1,-1,-1,1,1,-1,1,1,-1,1,-1,1,1,-1,1,-1,1,1,1,-1,1,1,-1,1,1,1,-1,1,-1,-1,1,1,1,-1,1,-1,-1,1,1,1,-1,1,-1,-1,-1,-1,1,-1,1,1,-1,1,1,1,1,-1,1,-1,-1,-1,1,-1,1,-1,-1,1,-1,-1,-1,1,-1,-1,1,-1,1,-1,1,-1,1,-1,1,1,1,1,-1,1,-1,1,1,-1,1,-1,-1,-1,-1,1,1,1,1,-1,-1,1,1,1,1,-1,-1,1,-1,-1,1,-1,1,-1,1,-1,1,1,1,-1,-1,1,1,-1,1,-1,1,-1,-1,1,-1,1,1,-1,-1,-1,1,-1,-1,1,1,-1,-1,1,-1,1,1,-1,1,-1,1,-1,-1,1,1,-1,1,1,-1,1,1,-1,-1,1,1,-1,1,-1,1,-1,1,-1,-1,1,-1,1,-1,1,-1,-1,1,-1,-1,-1,1,-1,-1,1,-1,1,-1,1,-1,-1,1,-1,-1,1,-1,1,-1,1,1,1,-1,1,1,-1,-1,-1,1,-1,1,-1,-1,1,-1,1,1,-1,1,-1,-1,1,1,-1,-1,1,-1,-1,1,1,1,1,1,1,-1,1,1,1,-1,-1,1,1,-1,-1,-1,1,-1,1,1,-1,1,-1,1,-1,1,-1,-1,-1,1,1,-1,1,1,-1,-1,-1,1,-1,1,1,-1,1,-1,1,-1,-1,-1,-1,-1,-1,1,-1,-1,-1,-1,-1,-1,1,-1,1,1,1,1,-1,1,-1,1,1,-1,-1,-1,1,-1,-1,1,-1,1,-1,-1,1,1,1,1,-1,-1,1,1,1,1,-1,1,-1,-1,1,1,1,-1,-1,-1,1,1,1,1,-1,1,-1,1,-1,1,-1,1,1,-1,-1,1,1,1,-1,-1,-1,1,1,1,1,1,-1,-1,-1,1,1,1,1,-1,-1,-1,1,-1,1,-1,-1,-1,-1,1,1,1,1,-1,1,-1,1,-1,1,1,-1,-1,-1,1,1,-1,1,-1,-1,-1,1,1,1,1,-1,-1,1,-1,1,-1,1,-1,1,1,-1,1,1,-1,-1,-1,1,1,-1,1,1,-1,1,1,1,-1,1,1,-1,-1,1,-1,1,-1,1,-1,1,-1,1,-1,1,-1,-1,-1,-1,1,-1,1,-1,-1,-1,1,1,-1,-1,1,-1,1,-1,-1,-1,1,-1,-1,-1,1,1,1,-1,-1,-1,-1,1,-1,1,-1,-1,-1,-1,-1,-1,-1,1,-1,-1,-1,1,-1,-1,1,-1,-1,-1,-1,-1,1,1,-1,-1,-1,-1,-1,1,-1,-1,-1,1,-1,-1,1,-1,1,-1,-1,-1,-1,-1,-1,-1,1,-1,-1,-1,1,1,-1,-1,-1,1,-1,1,-1,-1,-1,1,-1,-1,1,1,1,-1,-1,-1,-1,1,-1,1,1,-1,1,-1,-1,1,1,-1,-1,-1,-1,-1,-1,1,1,-1,-1,1,-1,1,1,1,-1,-1,1,-1,1,1,-1,-1,1,-1,-1,1,1,1,-1,1,-1,1,1,1,-1,-1,1,-1,-1,1,-1,1,-1,1,-1,-1,1,1,-1,1,1,-1,-1,1,1,1,1,1,-1,-1,1,1,-1,1,1,-1,-1,1,1,1,1,-1,1,-1,-1,1,1,1,1,-1,-1,1,-1,1,1,1,1,-1,-1,1,-1,1,1,1,-1,1,1,1,1,-1,1,-1,1,1,1,1,1,1,1,-1,1,1,1,1,-1,1,-1,1,1,1,1,1,-1,1,1,1,1,-1,1,1,-1,1,1,-1,1,1,-1,-1,1,1,1,1,-1,1,-1,1,1,1,-1,-1,1,-1,1,1,1,-1,1,-1,-1,-1,1,1,-1,-1,1,-1,-1,1,1,-1,-1,1,-1,-1,1,1,1,-1,1,-1,-1,1,1,-1,-1,-1,1,-1,-1,1,-1,1,1,-1,1,1,-1,-1,1,-1,-1,-1,1,1,-1,1,1,-1,1,1,-1,-1,-1,-1,1,-1,-1,-1,-1,1,-1,-1,1,1,-1,1,1,-1,1,1,1,1,-1,1,-1,1,1,1,1,-1,1,-1,-1,1,1,1,-1,1,-1,1,1,1,1,-1,1,-1,1,1,-1,-1,-1,1,-1,-1,1,1,-1,-1,-1,1,-1,1,-1,1,-1,1,-1,-1,1,-2668.0,1,2000,445,0,False
1589,1,1,-1,-1,1,-1,-1,-1,1,1,1,-1,1,1,1,1,-1,1,-1,-1,1,1,1,1,1,-1,1,-1,1,1,1,1,1,-1,-1,-1,1,1,1,1,-1,-1,-1,1,1,1,1,-1,1,1,1,1,-1,1,-1,-1,1,-1,1,1,-1,-1,-1,1,1,1,1,1,-1,-1,1,1,1,1,1,-1,-1,-1,1,1,1,-1,-1,-1,1,1,1,1,-1,-1,-1,1,1,1,1,-1,-1,1,1,-1,1,1,-1,-1,1,1,1,1,1,-1,-1,1,1,-1,1,1,-1,-1,1,1,1,1,1,1,-1,-1,1,1,-1,1,1,-1,1,1,1,1,1,1,-1,-1,1,1,1,1,1,-1,1,1,1,1,1,1,-1,-1,-1,1,1,1,1,-1,1,1,1,1,-1,1,-1,1,-1,1,1,1,-1,-1,1,1,1,1,1,-1,1,-1,-1,1,-1,1,-1,1,1,1,1,1,1,1,1,1,-1,1,-1,1,-1,1,1,-1,1,-1,1,1,-1,1,-1,1,-1,1,-1,1,1,-1,-1,-1,1,1,1,1,-1,-1,1,1,-1,-1,1,-1,1,-1,-1,1,-1,1,-1,1,-1,1,-1,1,1,-1,-1,-1,1,1,-1,1,-1,1,1,1,-1,1,1,-1,-1,-1,1,-1,1,-1,1,-1,1,1,-1,1,-1,-1,-1,1,1,-1,1,-1,-1,-1,1,1,-1,-1,1,1,-1,-1,1,1,-1,1,1,-1,1,1,1,1,-1,1,-1,1,1,-1,1,-1,1,-1,1,1,1,1,1,1,-1,-1,1,-1,-1,-1,1,1,-1,1,1,1,-1,1,1,1,1,1,1,-1,1,-1,1,1,1,-1,-1,1,-1,1,1,1,-1,1,1,-1,-1,1,1,1,-1,1,-1,1,1,1,-1,1,1,-1,1,1,1,-1,1,1,-1,1,1,1,-1,1,1,-1,-1,1,1,-1,1,1,-1,1,-1,1,-1,1,1,1,-1,1,1,1,-1,1,1,-1,1,1,-1,1,1,1,-1,-1,-1,-1,1,1,1,-1,1,1,-1,1,1,-1,-1,1,1,1,1,1,-1,1,1,1,-1,1,1,1,-1,-1,1,1,1,-1,1,-1,1,1,1,1,1,1,-1,-1,-1,1,-1,-1,1,1,-1,1,1,-1,1,1,1,1,-1,1,-1,-1,1,-1,1,-1,1,1,1,1,1,1,-1,-1,1,-1,1,1,1,-1,1,1,1,-1,1,1,-1,-1,1,-1,1,1,1,-1,1,1,1,1,1,1,-1,1,-1,1,1,1,-1,-1,1,-1,-1,1,1,-1,-1,1,-1,1,1,1,-1,-1,1,-1,-1,1,1,-1,-1,1,-1,1,1,1,1,-1,1,-1,-1,-1,1,1,-1,-1,-1,1,-1,1,-1,-1,1,-1,-1,1,-1,1,-1,-1,1,-1,1,-1,1,1,-1,1,-1,-1,1,1,1,-1,1,-1,1,-1,1,-1,1,-1,-1,-1,1,-1,-1,-1,1,-1,1,1,-1,1,1,1,-1,1,1,-1,1,-1,1,-1,-1,1,-1,-1,1,1,-1,-1,1,-1,-1,1,1,1,-1,1,-1,-1,1,1,-1,-1,1,-1,-1,-1,1,1,-1,1,1,-1,-1,1,-1,-1,1,-1,1,-1,1,1,-1,-1,1,-1,-1,-1,-1,-1,1,1,1,-1,1,1,-1,-1,1,-1,-1,-1,-1,-1,1,1,-1,-1,-1,1,-1,1,1,-1,1,1,1,-1,-1,1,1,-1,-1,-1,-1,1,1,-1,-1,1,-1,-1,-1,1,1,-1,-1,-1,-1,-1,1,-1,-1,1,-1,-1,-1,1,1,-1,1,-1,-1,1,1,1,-1,-1,-1,-1,-1,1,1,1,-1,-1,-1,-1,1,1,-1,-1,-1,-1,1,1,1,1,-1,-1,1,1,1,1,1,-1,-1,-1,1,1,1,1,1,-1,1,1,1,1,-1,1,-1,-1,1,-1,1,-1,1,-1,-1,1,-1,1,-1,-1,-1,-1,1,-1,1,-1,1,-1,-1,1,-1,1,-1,1,-1,-1,1,-1,1,-1,-1,-1,-1,1,1,-1,-1,-1,-1,-1,1,-1,1,-1,-1,-1,-1,-1,-1,-1,1,-1,-1,-1,1,-1,-1,1,-1,-1,-1,-1,-1,-1,1,-1,-1,-1,-1,-1,1,-1,-1,-1,1,-1,-1,1,-1,1,-1,-1,-1,-1,-1,-1,-1,1,-1,-1,-1,1,1,1,-1,-1,1,1,-1,-1,-1,-1,1,-1,-1,1,1,1,-1,-1,-1,-1,1,-1,1,1,-1,1,-1,-1,1,1,-1,-1,-1,-1,-1,-1,1,1,-1,-1,1,-1,1,1,-1,-1,-1,1,-1,-1,1,-1,-1,1,-1,-1,1,1,1,-1,1,-1,1,1,1,-1,-1,1,-1,-1,1,1,1,-1,1,-1,-1,1,1,-1,1,1,-1,-1,1,1,1,1,1,-1,-1,1,1,1,1,1,-1,-1,1,1,1,1,1,1,-1,-1,1,1,-1,1,-1,-1,1,-1,1,1,1,1,-1,-1,1,-1,1,1,1,-1,1,1,1,1,-1,1,-1,1,1,1,1,1,1,1,-1,1,1,1,1,-1,1,-1,1,1,1,1,1,-1,1,1,1,1,-1,1,1,-1,1,1,-1,1,1,-1,-1,1,1,1,1,-1,1,-1,1,1,1,-1,-1,1,-1,1,1,1,-1,1,-1,-1,-1,1,1,-1,-1,1,-1,-1,1,1,-1,-1,1,-1,-1,1,1,1,-1,1,-1,-1,1,1,-1,-1,-1,1,-1,-1,1,-1,1,1,-1,1,1,-1,-1,1,1,-1,-1,1,1,-1,1,1,-1,1,1,-1,-1,-1,-1,1,-1,-1,-1,-1,1,-1,-1,1,1,-1,1,1,-1,1,1,1,1,-1,1,-1,1,1,1,1,-1,1,-1,1,1,1,1,-1,1,-1,-1,1,1,1,-1,1,-1,1,1,-1,-1,-1,1,-1,-1,1,1,-1,-1,-1,1,-1,1,-1,1,-1,1,-1,-1,1,-2668.0,1,2000,445,0,False
1590,1,1,-1,-1,1,-1,-1,-1,1,1,1,-1,1,1,1,1,-1,1,-1,-1,1,-1,1,1,1,-1,-1,-1,1,1,1,1,1,-1,-1,-1,1,-1,1,1,-1,-1,-1,1,1,1,1,-1,1,1,1,1,-1,1,-1,-1,1,-1,1,1,1,-1,-1,-1,1,1,1,1,-1,-1,-1,1,1,1,1,-1,-1,-1,1,1,1,-1,-1,-1,1,1,1,1,-1,-1,-1,1,1,1,1,-1,-1,1,1,-1,1,1,-1,-1,1,1,1,1,1,-1,-1,1,1,1,1,1,-1,-1,1,1,1,1,1,1,-1,1,1,1,-1,1,1,-1,1,1,1,1,1,1,-1,-1,1,1,1,1,1,-1,1,1,1,1,1,1,-1,-1,-1,1,1,1,1,-1,1,1,1,1,-1,1,-1,1,-1,1,1,1,-1,-1,1,1,1,1,1,-1,1,-1,-1,1,1,1,-1,1,1,1,1,-1,1,1,1,1,-1,1,-1,1,-1,1,1,-1,1,-1,1,1,-1,1,-1,1,-1,1,-1,1,1,-1,1,-1,1,1,1,1,-1,-1,1,1,-1,-1,1,-1,1,-1,-1,1,-1,1,-1,1,-1,1,-1,1,1,-1,1,-1,1,1,-1,1,-1,1,1,1,-1,1,1,-1,1,-1,1,-1,1,-1,1,-1,1,1,-1,1,-1,-1,-1,1,1,-1,1,-1,-1,-1,1,1,-1,-1,1,1,-1,-1,1,1,-1,1,1,-1,1,1,1,-1,-1,1,-1,1,1,-1,1,-1,1,1,-1,1,1,-1,-1,1,-1,-1,1,-1,1,-1,1,1,-1,1,1,1,-1,1,-1,-1,1,1,-1,-1,1,-1,1,1,1,1,-1,1,-1,1,1,1,-1,1,1,-1,-1,1,1,-1,-1,1,-1,1,1,1,1,1,1,-1,1,1,1,1,1,-1,-1,1,1,1,1,1,-1,-1,-1,1,1,1,1,-1,-1,1,-1,1,-1,1,1,-1,-1,1,1,1,1,1,-1,-1,1,1,1,-1,-1,-1,-1,-1,-1,-1,1,-1,-1,-1,1,1,-1,1,-1,-1,-1,1,1,1,1,-1,-1,1,1,1,-1,1,-1,-1,-1,-1,1,1,1,1,-1,-1,1,-1,1,1,-1,-1,1,-1,-1,1,-1,1,-1,-1,1,-1,1,1,-1,-1,1,1,-1,1,-1,1,-1,-1,1,-1,1,-1,-1,-1,-1,1,-1,-1,1,1,-1,-1,1,-1,1,1,-1,1,-1,1,-1,1,-1,1,-1,-1,1,-1,-1,-1,-1,-1,1,1,-1,1,-1,1,-1,1,-1,1,1,-1,1,-1,1,-1,-1,1,-1,-1,-1,1,-1,1,-1,-1,1,-1,1,-1,-1,1,-1,-1,1,-1,1,-1,-1,-1,1,-1,1,1,-1,-1,-1,1,-1,1,-1,-1,1,-1,1,1,1,1,-1,-1,1,1,-1,1,1,-1,-1,1,1,1,-1,1,1,-1,1,1,1,1,-1,1,1,-1,-1,-1,1,-1,1,1,1,1,-1,1,-1,1,-1,-1,-1,1,1,-1,1,1,-1,-1,-1,1,-1,1,1,-1,1,-1,1,-1,-1,-1,-1,-1,-1,1,-1,-1,-1,-1,-1,-1,1,-1,1,1,1,1,-1,1,-1,1,1,-1,-1,-1,1,-1,-1,1,-1,1,-1,-1,1,1,1,1,-1,-1,1,1,1,1,-1,1,-1,-1,1,1,1,-1,-1,-1,-1,1,1,1,-1,-1,-1,1,-1,1,-1,1,-1,-1,-1,1,1,1,-1,-1,-1,-1,1,1,1,1,-1,-1,-1,1,1,1,1,-1,-1,-1,1,1,1,-1,-1,-1,1,1,1,1,1,-1,-1,-1,1,1,1,1,-1,-1,-1,1,1,-1,1,-1,-1,-1,1,1,1,1,-1,-1,1,1,1,1,-1,-1,1,1,-1,1,1,-1,-1,-1,1,1,1,1,1,-1,1,1,1,1,1,-1,-1,-1,1,-1,1,-1,-1,-1,-1,1,-1,1,1,-1,-1,-1,1,-1,1,1,-1,1,-1,1,1,1,1,-1,1,1,-1,-1,1,1,-1,-1,-1,1,1,-1,-1,-1,-1,-1,1,-1,1,-1,-1,-1,-1,-1,-1,-1,1,-1,-1,-1,1,-1,-1,1,-1,-1,-1,-1,-1,1,1,-1,-1,-1,-1,-1,1,-1,-1,-1,1,-1,-1,1,-1,1,-1,-1,-1,-1,-1,-1,-1,1,-1,-1,-1,1,1,1,-1,-1,1,-1,-1,-1,-1,-1,1,-1,-1,1,1,1,-1,-1,-1,-1,1,-1,1,1,-1,1,-1,-1,1,1,-1,-1,-1,-1,-1,-1,1,1,-1,-1,1,-1,1,1,-1,-1,-1,1,-1,1,1,-1,-1,1,-1,-1,1,1,1,-1,1,-1,1,1,1,-1,-1,1,-1,-1,1,1,1,-1,1,-1,-1,1,1,-1,1,1,-1,-1,1,1,-1,1,1,-1,-1,1,1,1,1,1,-1,-1,1,1,1,1,1,1,-1,1,1,1,1,1,-1,-1,1,-1,1,1,1,1,-1,-1,1,-1,1,1,1,-1,1,1,1,1,-1,1,-1,1,1,1,1,1,1,-1,-1,1,1,1,1,-1,1,-1,1,1,1,1,-1,1,-1,1,1,1,-1,-1,1,-1,1,1,-1,1,-1,-1,-1,1,1,1,-1,1,-1,-1,1,1,1,-1,-1,-1,-1,1,1,1,-1,-1,-1,-1,-1,1,1,-1,1,-1,-1,1,1,1,1,-1,1,-1,1,1,1,1,1,1,-1,-1,1,1,-1,-1,1,1,1,-1,1,-1,1,-1,-1,1,1,-1,-1,1,-1,-1,-1,1,1,-1,1,-1,1,1,1,-1,-1,-1,-1,-1,-1,-1,-1,-1,1,-1,1,1,1,-1,1,1,-1,1,1,1,1,-1,1,-1,1,1,1,1,-1,1,-1,1,1,1,1,-1,1,-1,1,1,1,1,-1,1,-1,1,1,-1,-1,-1,1,-1,-1,1,1,-1,-1,-1,1,-1,1,-1,1,-1,1,-1,-1,1,-2668.0,1,2000,445,0,False
1591,1,1,-1,-1,1,1,-1,1,1,1,1,-1,-1,1,1,1,-1,1,1,-1,-1,1,1,1,1,1,-1,-1,1,1,1,1,-1,-1,-1,1,-1,1,1,1,-1,-1,1,1,1,1,1,-1,1,1,1,1,-1,1,-1,-1,1,-1,1,1,1,-1,-1,1,1,1,1,1,-1,-1,1,-1,1,1,1,-1,-1,-1,1,1,1,-1,-1,-1,-1,1,1,1,-1,-1,1,1,-1,1,1,-1,-1,-1,-1,1,1,1,-1,-1,1,-1,-1,1,1,-1,-1,-1,-1,-1,1,1,-1,-1,1,1,-1,1,1,1,-1,-1,-1,-1,1,1,1,-1,1,-1,-1,1,1,1,-1,1,-1,-1,-1,1,1,-1,1,-1,-1,-1,1,1,-1,-1,1,-1,-1,1,1,-1,1,-1,-1,-1,1,1,-1,1,1,-1,1,1,-1,-1,1,-1,-1,1,1,-1,1,-1,1,-1,1,1,-1,1,1,-1,-1,-1,1,1,1,1,1,-1,-1,1,-1,1,1,1,-1,-1,1,1,-1,1,1,-1,1,1,-1,1,1,1,-1,1,1,1,1,1,1,1,-1,1,-1,-1,1,1,-1,-1,1,1,-1,1,1,-1,-1,1,-1,1,1,1,1,-1,1,1,-1,1,1,-1,1,1,-1,1,-1,1,-1,-1,1,-1,1,1,1,1,1,1,-1,1,-1,1,1,1,1,-1,1,-1,1,1,1,1,-1,-1,1,1,1,1,1,1,-1,1,1,-1,-1,1,1,-1,-1,1,1,1,1,-1,1,-1,-1,1,1,-1,1,-1,-1,-1,1,1,1,-1,1,-1,1,-1,1,1,1,1,-1,1,1,1,1,1,-1,-1,1,1,1,1,1,1,-1,1,1,1,1,1,-1,1,1,1,-1,1,1,-1,-1,1,1,1,1,1,1,1,1,-1,1,1,1,1,1,1,1,1,1,1,1,1,1,1,-1,1,1,1,1,1,1,1,-1,1,-1,1,1,1,-1,1,1,1,1,1,1,1,-1,1,1,1,1,1,-1,-1,-1,-1,1,1,1,-1,1,1,-1,1,1,-1,-1,1,1,1,1,1,-1,1,1,1,-1,1,1,1,1,-1,1,1,1,-1,1,-1,1,-1,1,1,1,1,-1,-1,-1,1,-1,-1,1,-1,1,-1,-1,1,1,1,1,-1,-1,1,-1,-1,1,-1,1,-1,1,1,1,1,1,1,-1,-1,1,-1,1,1,-1,-1,1,1,1,-1,1,-1,-1,1,1,-1,1,1,-1,-1,1,1,1,1,-1,1,-1,1,-1,1,1,-1,-1,1,1,-1,1,1,-1,-1,-1,1,-1,1,1,1,-1,-1,1,-1,-1,1,-1,-1,-1,1,-1,1,1,1,-1,-1,-1,1,-1,1,-1,-1,-1,-1,1,1,1,-1,-1,-1,-1,1,-1,1,-1,-1,-1,-1,1,-1,1,-1,-1,-1,-1,1,-1,-1,1,1,1,-1,1,-1,1,-1,1,1,1,-1,-1,1,-1,1,-1,-1,1,-1,1,-1,1,-1,1,1,-1,-1,-1,-1,-1,-1,1,1,1,-1,-1,-1,1,1,-1,1,-1,-1,-1,1,1,-1,1,-1,-1,-1,1,1,-1,1,-1,-1,-1,-1,1,1,1,-1,1,-1,-1,1,-1,1,-1,-1,1,-1,1,-1,1,1,-1,-1,-1,-1,-1,1,1,-1,1,-1,-1,-1,-1,1,-1,-1,-1,1,1,1,-1,-1,-1,-1,1,1,1,-1,1,-1,1,-1,1,1,1,-1,-1,-1,-1,-1,1,-1,1,-1,-1,1,-1,1,1,-1,1,-1,-1,1,1,1,-1,1,-1,-1,-1,1,1,-1,1,-1,-1,-1,1,1,-1,1,-1,-1,-1,1,1,-1,-1,1,-1,-1,1,1,-1,-1,-1,-1,-1,1,1,-1,-1,1,1,-1,-1,-1,1,-1,1,1,-1,1,-1,-1,1,1,1,-1,1,1,-1,1,-1,1,-1,1,-1,-1,1,-1,1,-1,1,1,-1,1,-1,1,-1,-1,1,-1,1,-1,1,-1,-1,1,-1,1,1,1,-1,-1,-1,1,1,1,1,-1,-1,1,-1,-1,1,1,-1,-1,-1,-1,1,-1,1,-1,-1,1,1,-1,1,1,-1,-1,1,-1,-1,1,1,-1,-1,-1,-1,1,-1,1,-1,-1,-1,-1,1,1,-1,-1,1,-1,-1,1,-1,1,-1,-1,-1,-1,-1,1,1,1,-1,-1,-1,1,1,1,-1,-1,-1,1,-1,-1,1,-1,-1,-1,-1,1,1,1,-1,-1,-1,-1,1,-1,1,1,-1,1,-1,-1,1,1,-1,-1,-1,-1,-1,-1,1,1,-1,-1,1,-1,1,1,-1,-1,-1,1,-1,1,1,-1,-1,1,-1,-1,1,1,1,-1,1,-1,1,1,1,-1,-1,1,-1,-1,1,1,1,-1,1,-1,-1,1,1,-1,1,1,-1,-1,1,1,-1,1,1,-1,-1,1,1,-1,1,1,-1,-1,1,1,1,1,1,1,-1,1,1,-1,1,1,-1,-1,1,-1,1,1,1,1,-1,-1,1,-1,1,1,1,-1,1,1,1,1,-1,1,-1,1,1,1,1,1,1,-1,-1,1,1,1,1,-1,1,-1,1,1,1,1,-1,1,-1,1,1,1,-1,-1,1,-1,1,1,-1,1,-1,-1,-1,1,1,1,-1,1,-1,-1,1,1,1,-1,-1,-1,-1,1,1,1,-1,-1,-1,-1,-1,1,1,-1,1,-1,-1,1,1,1,-1,1,-1,1,-1,1,1,1,1,1,-1,-1,1,1,-1,-1,1,1,-1,1,1,-1,1,-1,-1,1,1,-1,-1,1,-1,-1,-1,1,1,-1,1,1,-1,1,1,-1,-1,-1,-1,1,-1,-1,-1,-1,1,-1,-1,1,1,-1,1,1,-1,1,1,1,1,-1,1,-1,1,1,1,-1,-1,1,-1,-1,-1,1,-1,1,1,-1,1,1,1,-1,-1,1,-1,1,1,1,1,-1,1,-1,-1,1,1,1,-1,1,1,-1,1,-1,1,-1,1,-1,-1,1,-2668.0,1,2000,445,1000,True
1592,1,1,-1,-1,1,-1,-1,-1,1,1,1,-1,1,1,1,1,-1,1,-1,-1,1,-1,1,1,1,-1,1,-1,1,1,1,1,-1,-1,-1,-1,1,-1,1,1,-1,-1,-1,1,1,1,1,-1,1,1,1,1,-1,1,-1,-1,1,-1,1,1,1,-1,-1,-1,1,1,1,1,-1,-1,-1,1,1,1,1,-1,-1,-1,1,1,1,-1,-1,-1,1,1,1,1,-1,-1,-1,1,1,1,1,-1,-1,1,1,-1,1,1,-1,-1,1,1,1,1,1,-1,-1,1,1,-1,1,1,-1,-1,1,1,1,1,1,1,-1,-1,1,1,-1,1,1,-1,1,1,1,1,1,1,-1,-1,1,1,1,1,1,-1,1,1,1,1,1,1,-1,-1,-1,1,1,1,1,-1,1,1,1,1,-1,1,-1,1,-1,1,1,1,-1,-1,1,1,1,1,1,-1,1,-1,-1,1,1,1,-1,1,1,1,1,-1,1,1,1,1,-1,1,-1,1,-1,1,1,-1,1,-1,1,1,-1,1,-1,1,-1,1,-1,1,1,-1,1,-1,1,1,1,1,-1,-1,1,1,-1,-1,1,-1,1,-1,1,1,-1,1,-1,1,-1,1,-1,-1,1,-1,-1,1,-1,1,-1,1,-1,1,1,1,-1,1,1,-1,1,-1,1,-1,1,-1,1,-1,1,1,-1,1,-1,-1,-1,-1,1,-1,1,-1,-1,-1,-1,1,-1,-1,1,1,-1,1,1,1,-1,1,1,-1,1,1,1,1,-1,1,-1,1,1,-1,1,-1,1,-1,1,-1,1,1,1,1,-1,-1,1,-1,-1,1,1,1,-1,1,1,1,-1,1,1,1,1,1,1,1,1,-1,1,1,1,-1,1,1,-1,1,1,1,-1,1,1,-1,-1,1,1,1,-1,1,-1,1,1,1,-1,1,1,-1,1,1,1,-1,1,1,-1,1,1,1,-1,1,1,-1,-1,1,1,-1,1,1,-1,1,-1,1,-1,1,1,1,-1,1,1,1,-1,1,1,-1,1,1,-1,1,1,1,-1,-1,-1,-1,1,1,1,-1,1,1,-1,1,1,-1,-1,1,1,1,1,1,-1,1,1,1,-1,1,1,1,-1,-1,1,1,1,-1,1,-1,1,1,1,1,1,1,-1,-1,-1,1,-1,-1,1,-1,1,-1,1,-1,1,1,1,1,-1,1,-1,-1,1,-1,1,-1,1,1,1,1,1,1,-1,-1,1,-1,1,1,-1,-1,1,1,1,-1,1,1,-1,-1,1,-1,1,1,-1,-1,1,1,1,1,-1,1,-1,1,-1,1,1,-1,-1,-1,1,-1,1,1,-1,-1,-1,1,-1,1,1,1,-1,-1,1,-1,-1,1,-1,-1,-1,1,-1,1,1,-1,1,-1,1,1,-1,1,-1,-1,-1,-1,-1,-1,1,-1,-1,-1,1,-1,-1,1,-1,-1,-1,-1,1,-1,1,-1,-1,-1,-1,1,-1,-1,1,1,1,-1,1,-1,1,-1,1,-1,1,-1,-1,-1,1,-1,-1,-1,1,1,-1,1,-1,1,1,1,-1,1,1,-1,1,-1,1,-1,-1,1,-1,-1,1,1,1,-1,1,-1,-1,1,1,-1,-1,1,-1,-1,1,1,-1,-1,1,-1,-1,-1,1,1,-1,1,1,-1,-1,1,-1,-1,1,-1,1,-1,1,1,-1,-1,1,-1,-1,-1,-1,-1,1,1,1,-1,-1,1,-1,-1,1,-1,-1,1,-1,-1,1,1,-1,-1,1,1,-1,1,1,-1,1,-1,1,-1,-1,1,1,-1,-1,-1,-1,-1,1,-1,-1,1,-1,-1,-1,1,1,-1,-1,-1,-1,-1,1,-1,-1,-1,-1,-1,1,1,1,-1,-1,-1,-1,-1,1,1,-1,-1,-1,-1,-1,1,1,1,-1,-1,-1,-1,1,1,-1,-1,-1,-1,1,-1,1,1,1,-1,1,1,-1,1,1,1,-1,-1,1,1,1,1,1,-1,1,1,1,1,-1,1,-1,-1,1,-1,1,-1,1,-1,-1,1,-1,1,1,1,-1,-1,1,-1,1,-1,1,1,-1,1,-1,1,1,1,1,1,-1,1,1,1,1,-1,-1,1,-1,-1,1,1,-1,-1,1,-1,1,-1,1,-1,-1,1,1,-1,1,1,-1,-1,1,-1,-1,1,1,-1,-1,-1,1,-1,-1,1,-1,-1,-1,-1,1,-1,-1,-1,1,-1,-1,1,-1,1,-1,-1,-1,-1,-1,-1,1,1,-1,-1,-1,1,1,1,-1,-1,-1,1,-1,-1,1,-1,1,-1,-1,1,1,1,-1,-1,-1,-1,1,-1,1,1,-1,1,-1,-1,1,1,-1,-1,-1,-1,-1,-1,1,1,-1,-1,1,-1,1,1,-1,-1,-1,1,-1,1,1,-1,-1,1,-1,-1,1,1,1,-1,1,-1,1,1,1,-1,-1,1,-1,-1,1,1,1,-1,1,-1,-1,1,1,-1,1,1,-1,-1,1,1,-1,1,1,-1,-1,1,1,-1,1,1,-1,-1,1,1,1,1,-1,1,-1,-1,1,1,1,1,-1,-1,1,-1,1,1,1,1,-1,-1,1,-1,1,1,1,-1,1,1,1,1,-1,1,-1,1,1,1,1,1,1,1,-1,1,1,1,1,-1,1,-1,1,1,1,1,1,-1,1,1,1,1,-1,1,1,-1,1,1,-1,1,1,-1,-1,1,1,1,1,-1,1,-1,1,1,1,-1,-1,1,-1,1,1,1,-1,1,-1,-1,-1,1,1,-1,-1,1,-1,-1,1,1,-1,-1,1,-1,-1,1,1,1,-1,1,-1,-1,1,1,-1,-1,-1,1,-1,-1,1,-1,1,1,-1,1,1,-1,-1,1,1,-1,-1,1,1,-1,1,1,-1,1,1,-1,-1,-1,-1,1,-1,-1,-1,-1,-1,-1,-1,1,1,-1,1,1,-1,1,1,1,1,-1,1,-1,1,1,1,1,-1,1,-1,-1,1,1,1,-1,1,-1,1,1,1,1,-1,1,-1,1,1,-1,-1,-1,1,-1,-1,1,1,-1,-1,-1,1,-1,1,-1,1,-1,1,-1,-1,1,-2668.0,1,2000,445,1000,False
1593,1,1,-1,-1,1,-1,-1,-1,1,1,1,-1,1,1,1,1,-1,1,-1,-1,1,-1,1,1,1,1,-1,-1,1,1,1,1,-1,-1,-1,-1,1,1,1,1,-1,-1,-1,1,1,1,1,-1,1,1,1,1,-1,1,-1,-1,1,-1,1,1,1,-1,-1,-1,1,1,1,1,-1,-1,-1,1,1,1,1,-1,-1,-1,1,1,1,-1,-1,-1,1,1,1,1,-1,-1,-1,1,1,1,1,-1,-1,1,1,-1,1,1,-1,-1,1,1,1,1,1,-1,-1,1,1,1,1,1,-1,-1,1,1,1,1,1,1,-1,-1,1,1,-1,1,1,-1,1,1,1,1,1,1,-1,-1,1,1,1,1,1,-1,1,1,1,1,1,1,-1,-1,-1,1,1,1,1,-1,1,1,1,1,-1,1,-1,1,-1,1,1,1,-1,-1,1,1,1,1,1,-1,1,-1,-1,1,-1,1,-1,1,1,1,1,1,1,1,1,1,-1,1,-1,1,-1,1,1,-1,1,-1,1,1,-1,1,-1,1,-1,1,-1,1,1,-1,1,-1,1,1,1,1,-1,-1,1,1,-1,-1,1,-1,1,-1,-1,1,-1,1,-1,1,-1,1,-1,1,1,-1,-1,-1,1,1,-1,1,-1,1,1,1,-1,1,1,-1,-1,-1,1,-1,1,-1,1,-1,1,1,-1,1,-1,-1,-1,1,1,-1,1,-1,-1,-1,1,1,-1,-1,1,1,-1,-1,1,1,-1,1,1,-1,1,1,1,1,-1,1,-1,1,1,-1,1,-1,1,1,-1,1,1,1,1,1,-1,-1,1,-1,-1,-1,1,1,-1,1,1,1,-1,1,-1,-1,1,1,1,1,1,-1,1,1,1,-1,1,1,-1,1,1,1,-1,1,1,-1,-1,1,1,1,-1,1,-1,1,1,1,-1,1,1,-1,1,1,1,-1,1,-1,-1,1,1,1,-1,1,-1,-1,-1,1,1,-1,1,-1,-1,1,-1,1,-1,1,1,-1,-1,1,1,1,-1,1,-1,-1,1,1,-1,1,-1,-1,-1,-1,-1,-1,1,-1,-1,-1,1,1,-1,1,-1,-1,-1,1,1,1,1,-1,-1,1,1,1,-1,1,-1,-1,-1,-1,1,1,1,1,-1,-1,1,1,1,1,-1,-1,-1,-1,-1,1,-1,1,-1,1,-1,1,1,-1,-1,-1,1,1,-1,1,-1,1,-1,-1,1,-1,1,1,-1,-1,-1,1,-1,-1,1,1,-1,-1,1,-1,1,1,-1,1,-1,1,-1,-1,1,1,-1,1,1,-1,1,1,-1,-1,1,1,-1,1,-1,1,-1,1,-1,-1,1,-1,1,-1,1,-1,-1,1,-1,-1,-1,1,-1,-1,1,1,1,-1,1,-1,-1,1,-1,-1,1,-1,1,-1,1,1,1,-1,1,1,-1,-1,-1,1,-1,1,-1,-1,1,-1,1,1,1,1,-1,-1,1,1,-1,1,1,-1,-1,1,1,1,1,1,1,-1,1,1,1,-1,1,-1,1,-1,-1,-1,1,-1,1,1,-1,1,-1,1,-1,1,-1,-1,-1,1,1,-1,1,1,-1,-1,-1,1,-1,1,1,-1,1,-1,1,-1,-1,-1,-1,-1,-1,1,-1,-1,-1,-1,-1,-1,1,-1,1,1,1,1,-1,1,-1,1,1,-1,-1,-1,1,-1,-1,1,-1,1,-1,-1,1,1,1,1,-1,-1,1,1,1,1,-1,1,-1,-1,1,1,1,-1,-1,-1,1,1,1,1,-1,-1,-1,1,-1,1,-1,1,1,-1,-1,1,1,1,-1,-1,-1,1,1,1,1,1,-1,-1,-1,1,1,1,1,-1,-1,-1,1,1,1,-1,-1,-1,1,1,1,1,1,-1,-1,-1,1,1,1,1,-1,-1,-1,1,1,-1,1,-1,-1,-1,1,1,1,1,-1,-1,1,1,1,1,1,-1,1,1,-1,1,1,-1,-1,-1,1,1,1,1,1,-1,1,1,1,1,1,1,-1,-1,1,-1,1,-1,-1,-1,-1,1,-1,1,1,-1,-1,-1,1,-1,1,1,-1,-1,-1,1,1,1,-1,1,-1,-1,1,-1,1,-1,-1,-1,-1,1,1,-1,-1,-1,-1,-1,1,-1,1,-1,-1,-1,-1,-1,-1,-1,1,-1,-1,-1,1,-1,-1,1,-1,-1,-1,-1,-1,1,1,-1,-1,-1,-1,-1,1,-1,-1,-1,1,-1,-1,1,-1,1,-1,-1,-1,-1,-1,-1,-1,1,-1,-1,-1,1,1,-1,-1,-1,1,1,-1,-1,-1,-1,1,-1,-1,1,-1,1,-1,-1,-1,-1,1,-1,1,1,-1,1,-1,-1,1,1,-1,-1,-1,-1,-1,-1,1,1,-1,-1,1,-1,1,1,-1,-1,-1,1,-1,-1,1,-1,-1,1,-1,-1,1,1,1,-1,1,-1,1,1,1,-1,-1,1,-1,-1,1,1,1,-1,1,-1,-1,1,1,-1,1,1,-1,-1,1,1,-1,1,1,-1,-1,1,1,-1,1,1,-1,-1,1,1,1,1,1,1,-1,-1,1,1,1,1,-1,-1,1,-1,1,1,1,1,-1,-1,1,-1,1,1,1,-1,1,1,1,1,-1,1,-1,1,1,1,1,1,1,1,-1,1,1,1,1,-1,1,-1,1,1,1,1,1,-1,1,1,1,1,-1,1,1,-1,1,1,-1,1,1,-1,-1,1,1,1,1,-1,1,-1,1,1,1,-1,-1,1,-1,1,1,1,-1,1,-1,-1,-1,1,1,-1,-1,1,-1,-1,1,1,-1,-1,1,-1,-1,1,1,1,-1,-1,-1,-1,1,1,-1,-1,-1,1,-1,-1,1,-1,1,1,-1,1,1,-1,-1,1,1,-1,-1,1,1,-1,1,1,-1,1,1,-1,-1,-1,-1,1,-1,-1,-1,-1,1,-1,-1,1,1,-1,1,1,-1,1,1,1,1,-1,1,-1,1,1,1,1,-1,1,-1,-1,1,1,1,-1,1,-1,1,1,1,1,-1,1,-1,1,1,-1,-1,-1,1,-1,-1,1,1,-1,-1,-1,1,-1,1,-1,1,-1,1,-1,-1,1,-2668.0,1,2000,445,1500,False
1594,1,1,-1,-1,1,1,-1,1,1,1,1,-1,1,1,1,1,-1,1,-1,-1,-1,1,1,1,1,-1,-1,-1,1,1,1,1,1,-1,-1,1,-1,1,1,-1,-1,-1,1,1,1,1,-1,-1,1,1,1,1,1,1,-1,-1,1,-1,1,1,-1,-1,-1,1,1,1,1,-1,-1,-1,1,-1,1,1,1,-1,-1,-1,1,1,1,-1,-1,-1,-1,1,1,1,-1,-1,-1,1,-1,1,1,-1,-1,1,-1,-1,1,1,-1,-1,1,-1,-1,1,1,-1,-1,1,-1,-1,1,1,-1,-1,1,-1,-1,1,1,1,-1,-1,-1,-1,1,1,1,-1,-1,-1,-1,1,1,1,-1,-1,-1,-1,-1,1,1,-1,1,-1,-1,-1,1,1,-1,-1,1,-1,-1,1,1,-1,1,-1,-1,-1,1,1,-1,1,1,-1,1,1,-1,-1,-1,-1,-1,1,1,-1,-1,1,1,-1,1,1,-1,-1,-1,-1,-1,-1,1,-1,1,-1,1,-1,-1,1,1,-1,-1,1,-1,-1,1,-1,-1,1,1,-1,1,1,-1,-1,1,1,-1,1,1,1,-1,-1,1,1,-1,1,-1,-1,1,1,1,-1,1,1,-1,-1,1,-1,-1,1,-1,1,-1,1,1,-1,1,-1,1,-1,1,-1,1,1,1,1,-1,1,-1,-1,-1,1,-1,-1,1,1,-1,-1,1,-1,-1,1,1,1,1,1,-1,-1,1,1,1,1,-1,1,-1,1,1,1,1,1,1,-1,1,1,-1,1,-1,1,-1,1,1,-1,-1,1,-1,-1,-1,1,1,-1,1,1,1,-1,1,1,-1,-1,1,-1,1,-1,1,-1,1,1,-1,1,1,1,-1,1,-1,1,1,1,-1,-1,1,-1,1,1,1,-1,1,-1,1,-1,1,1,-1,1,-1,1,-1,1,1,1,1,1,-1,1,1,1,1,1,1,-1,1,1,1,-1,1,1,-1,1,1,1,1,-1,1,1,1,1,1,1,1,1,-1,1,1,1,1,-1,1,-1,1,1,1,1,-1,1,-1,1,1,1,1,1,1,1,1,1,1,1,-1,1,-1,1,1,-1,1,-1,1,-1,1,1,1,1,-1,-1,1,1,1,1,1,-1,1,-1,-1,-1,1,1,1,-1,-1,1,1,1,1,1,-1,1,-1,-1,1,-1,1,-1,-1,1,1,-1,-1,1,-1,1,-1,-1,1,-1,1,-1,-1,-1,1,1,-1,1,-1,-1,1,-1,1,-1,1,-1,1,-1,-1,1,-1,1,-1,-1,1,-1,1,-1,-1,1,-1,-1,1,1,-1,1,-1,-1,1,-1,1,-1,-1,1,-1,1,-1,1,-1,-1,-1,-1,-1,-1,1,-1,-1,1,-1,1,-1,1,1,-1,-1,1,-1,1,1,-1,-1,-1,1,-1,-1,-1,1,-1,-1,-1,-1,1,-1,1,-1,-1,1,-1,-1,1,1,-1,-1,-1,-1,-1,1,1,-1,-1,-1,1,-1,-1,1,1,1,-1,1,-1,1,1,1,1,1,-1,1,1,-1,1,-1,1,1,-1,1,-1,1,-1,1,1,1,-1,-1,-1,-1,1,1,1,1,-1,-1,-1,1,1,-1,1,-1,-1,-1,1,1,-1,1,-1,-1,-1,1,1,-1,1,-1,-1,-1,-1,1,1,1,-1,1,-1,-1,1,-1,1,-1,-1,1,-1,1,-1,1,1,-1,-1,-1,-1,-1,1,1,-1,-1,-1,1,-1,-1,1,-1,-1,1,-1,1,1,-1,-1,-1,-1,-1,1,1,-1,1,-1,1,1,1,1,1,-1,-1,-1,-1,-1,1,1,-1,-1,-1,1,-1,1,1,-1,-1,-1,-1,1,1,1,-1,1,-1,1,-1,1,1,-1,-1,1,-1,-1,1,1,-1,-1,1,-1,-1,1,1,-1,-1,1,1,-1,1,1,-1,-1,-1,1,-1,1,1,1,-1,1,-1,-1,1,-1,1,-1,1,-1,-1,1,-1,1,-1,-1,1,-1,1,1,-1,-1,1,-1,-1,1,-1,1,-1,1,-1,-1,1,1,-1,-1,1,-1,-1,-1,1,1,-1,1,-1,-1,-1,1,-1,-1,1,-1,-1,-1,-1,1,1,1,1,-1,-1,1,1,-1,1,1,-1,-1,-1,1,-1,1,-1,-1,-1,1,1,1,-1,1,-1,-1,1,1,1,-1,1,-1,-1,-1,-1,-1,-1,1,-1,-1,-1,1,-1,1,-1,-1,1,-1,1,1,-1,1,-1,-1,-1,1,1,-1,1,1,-1,-1,1,-1,1,1,-1,-1,-1,1,1,-1,1,1,-1,-1,1,-1,1,1,-1,-1,1,-1,-1,1,1,-1,-1,1,-1,1,-1,1,-1,-1,-1,-1,-1,-1,1,1,-1,-1,1,-1,1,1,-1,-1,-1,1,-1,1,1,1,-1,1,1,-1,1,1,1,-1,1,-1,1,1,1,-1,-1,1,-1,1,1,-1,1,1,-1,1,-1,1,1,1,-1,1,-1,-1,1,1,1,1,-1,1,-1,1,1,1,1,1,-1,-1,1,1,1,1,1,-1,-1,1,1,1,1,-1,-1,-1,1,-1,1,1,1,-1,1,1,1,-1,1,1,-1,-1,1,1,1,1,1,-1,1,1,1,1,1,1,-1,1,-1,1,1,1,1,-1,1,-1,1,1,1,-1,1,1,1,1,1,1,1,1,-1,1,1,1,-1,1,1,1,1,-1,1,1,1,-1,1,1,1,1,1,1,1,1,-1,1,1,1,1,1,-1,1,1,1,1,-1,1,1,1,-1,1,1,-1,1,-1,1,-1,1,1,1,-1,1,-1,1,1,1,1,1,-1,-1,1,1,1,-1,1,1,1,1,1,1,1,1,-1,1,1,1,1,1,-1,-1,1,1,1,-1,1,1,-1,-1,-1,-1,1,1,-1,-1,1,1,1,-1,1,1,-1,-1,1,1,1,1,1,-1,1,1,1,1,1,1,-1,1,1,1,1,1,1,-1,1,1,1,1,-1,1,-1,1,-1,1,-1,1,1,-1,-1,1,1,-1,1,1,-1,1,1,1,-1,1,1,1,-1,1,-2668.0,1,2000,445,1000,True
1595,1,1,-1,-1,1,1,-1,-1,1,1,1,-1,1,1,1,1,-1,1,-1,-1,1,1,1,1,1,-1,-1,-1,1,1,1,1,1,-1,-1,-1,1,-1,1,-1,-1,-1,-1,1,1,1,1,-1,1,1,1,1,-1,1,-1,-1,1,-1,1,1,1,-1,-1,1,1,1,1,1,-1,-1,1,1,1,1,1,-1,-1,-1,1,1,1,-1,-1,-1,1,1,1,1,-1,-1,-1,1,1,1,1,-1,-1,1,1,-1,1,1,-1,-1,1,1,1,1,1,-1,-1,1,1,-1,1,1,-1,-1,1,1,1,1,1,1,-1,-1,1,1,-1,1,1,-1,1,1,1,1,1,1,-1,-1,1,1,1,1,1,-1,1,1,1,1,1,1,-1,-1,-1,1,1,1,1,-1,1,1,1,1,-1,1,-1,1,-1,1,1,1,-1,-1,1,1,1,1,1,-1,1,-1,-1,1,-1,1,-1,1,1,1,1,1,1,1,1,1,-1,1,-1,1,-1,1,1,-1,1,-1,1,1,-1,1,-1,1,-1,1,-1,1,1,-1,-1,-1,1,1,1,1,-1,-1,1,1,-1,-1,1,-1,1,-1,1,1,-1,1,-1,1,-1,1,-1,1,1,-1,-1,-1,1,1,-1,1,-1,1,1,1,-1,1,1,-1,-1,-1,1,-1,1,-1,1,-1,1,1,-1,1,-1,-1,-1,1,1,-1,1,-1,-1,-1,1,1,-1,-1,1,1,-1,-1,1,1,-1,1,1,-1,1,1,1,1,-1,1,-1,1,1,-1,1,-1,1,-1,1,1,1,1,1,1,-1,-1,1,-1,-1,-1,1,1,-1,1,1,1,-1,1,1,1,1,1,1,-1,1,-1,1,1,1,-1,1,1,-1,1,1,1,-1,1,1,-1,-1,1,1,1,-1,1,-1,1,1,1,-1,1,1,-1,1,1,1,-1,1,1,-1,1,1,1,-1,1,1,-1,-1,1,1,-1,1,1,-1,1,-1,1,-1,1,1,1,-1,1,1,1,1,1,1,-1,1,1,-1,1,1,1,-1,-1,-1,-1,1,1,1,-1,1,1,-1,1,1,-1,-1,1,1,1,1,1,-1,1,1,1,-1,1,1,1,-1,-1,1,1,1,-1,1,-1,1,1,1,1,1,1,-1,-1,-1,1,-1,-1,1,1,-1,1,1,1,1,1,1,1,-1,1,-1,-1,1,-1,1,-1,1,1,-1,1,1,1,-1,-1,1,-1,1,1,1,-1,1,1,1,-1,1,1,-1,-1,1,-1,1,1,1,-1,1,1,1,1,1,1,-1,1,-1,1,1,1,-1,-1,1,-1,-1,1,1,-1,-1,1,-1,1,1,1,-1,-1,1,-1,-1,1,1,-1,-1,1,-1,1,1,1,1,-1,1,-1,-1,-1,1,1,-1,-1,-1,1,-1,1,-1,-1,1,-1,-1,1,-1,1,-1,-1,1,-1,1,-1,1,-1,-1,1,-1,-1,1,1,1,-1,1,-1,1,-1,1,1,1,-1,-1,-1,1,-1,-1,1,1,-1,1,1,-1,1,1,1,-1,1,1,-1,1,-1,1,-1,-1,1,-1,-1,1,1,-1,-1,1,-1,-1,1,1,1,-1,1,-1,-1,1,1,-1,-1,1,-1,-1,-1,1,1,-1,1,1,-1,-1,1,-1,-1,1,-1,1,-1,1,1,-1,-1,1,-1,-1,-1,-1,-1,1,1,1,-1,1,1,-1,-1,1,-1,1,-1,-1,-1,1,1,-1,-1,-1,1,-1,1,1,-1,1,1,1,-1,-1,1,1,-1,-1,-1,-1,1,1,-1,-1,1,-1,-1,-1,1,1,-1,-1,-1,-1,-1,1,-1,-1,1,-1,-1,-1,1,1,-1,1,-1,-1,1,1,1,-1,-1,-1,-1,-1,1,1,1,-1,-1,-1,-1,1,1,-1,-1,-1,-1,1,1,1,1,-1,-1,1,1,1,1,1,-1,-1,-1,1,1,1,1,1,-1,1,1,1,1,-1,1,-1,-1,1,-1,1,-1,1,-1,-1,1,-1,1,-1,-1,-1,-1,1,-1,1,-1,1,1,-1,1,-1,1,-1,1,1,-1,1,-1,1,-1,-1,-1,-1,1,1,-1,-1,-1,-1,-1,1,-1,1,-1,-1,-1,-1,-1,-1,-1,1,-1,-1,-1,1,-1,-1,1,-1,-1,-1,-1,-1,-1,1,-1,-1,-1,-1,-1,1,-1,-1,-1,1,-1,-1,1,-1,1,-1,-1,-1,-1,-1,-1,-1,1,-1,-1,-1,1,1,-1,-1,-1,-1,1,-1,-1,-1,-1,1,-1,-1,1,-1,1,-1,-1,-1,-1,1,-1,1,1,-1,1,-1,-1,1,1,-1,-1,-1,-1,-1,-1,1,1,-1,-1,1,-1,1,1,-1,-1,-1,1,-1,1,1,-1,-1,1,-1,-1,1,1,1,-1,1,-1,1,1,1,-1,-1,1,-1,-1,1,1,1,-1,1,-1,-1,1,1,-1,1,1,-1,-1,1,1,1,1,1,-1,-1,1,1,-1,1,1,-1,-1,1,1,1,1,1,1,-1,-1,1,1,-1,1,-1,-1,1,-1,1,1,1,1,-1,-1,1,-1,1,1,1,-1,1,1,1,1,-1,1,-1,1,1,1,1,1,1,1,-1,1,1,1,1,-1,1,-1,1,1,1,1,1,-1,1,1,1,1,-1,1,1,-1,1,1,-1,1,1,-1,-1,1,1,1,1,-1,1,-1,1,1,1,-1,-1,1,-1,1,1,1,-1,1,-1,-1,-1,1,1,-1,-1,1,-1,-1,1,1,-1,-1,1,-1,-1,1,1,1,-1,1,-1,-1,1,1,-1,-1,-1,1,-1,1,1,-1,1,1,-1,1,1,-1,-1,1,-1,-1,-1,1,1,-1,1,1,-1,1,1,-1,-1,-1,-1,1,-1,-1,-1,-1,1,-1,-1,1,1,-1,1,1,-1,1,1,1,1,-1,1,-1,1,1,1,1,-1,1,-1,-1,1,1,1,-1,1,-1,1,1,1,1,-1,1,-1,1,1,-1,-1,-1,1,-1,-1,1,1,-1,-1,-1,1,-1,1,-1,1,-1,1,-1,-1,1,-2668.0,1,2000,445,1500,False
1596,1,1,-1,-1,1,-1,-1,-1,1,1,1,-1,1,1,1,1,-1,1,-1,-1,-1,-1,1,1,1,-1,-1,-1,1,1,1,1,-1,-1,-1,-1,1,1,1,1,-1,-1,-1,1,1,1,1,-1,1,1,1,1,-1,1,-1,-1,1,-1,1,1,1,-1,-1,-1,1,1,1,1,-1,-1,-1,1,1,1,1,-1,-1,-1,1,1,1,-1,-1,-1,1,1,1,1,-1,-1,1,1,1,1,1,-1,-1,-1,1,-1,1,1,-1,-1,1,1,1,1,1,-1,-1,-1,1,1,1,1,-1,-1,1,1,1,1,1,1,-1,-1,1,1,-1,1,1,-1,1,1,1,1,1,1,-1,1,1,1,1,1,1,-1,1,1,1,1,1,1,-1,-1,-1,1,1,1,1,-1,1,1,1,1,-1,1,-1,1,-1,1,1,1,-1,-1,1,1,1,1,1,-1,1,-1,-1,1,-1,1,-1,1,1,1,1,1,1,1,1,1,-1,1,-1,1,-1,1,1,-1,1,-1,1,1,-1,1,-1,1,-1,1,-1,1,1,-1,1,-1,1,1,1,1,-1,-1,1,1,-1,-1,1,-1,1,-1,-1,1,-1,1,-1,1,-1,1,-1,-1,1,-1,-1,-1,1,1,-1,1,-1,1,1,1,-1,1,1,-1,1,-1,1,-1,1,-1,1,-1,1,1,-1,1,-1,-1,-1,1,1,-1,1,-1,-1,-1,1,1,-1,-1,1,1,-1,-1,1,1,-1,1,1,-1,1,1,1,1,-1,1,-1,1,1,-1,1,-1,1,1,-1,1,1,1,1,1,-1,-1,1,-1,-1,-1,1,1,-1,1,1,1,-1,1,-1,-1,1,1,1,1,1,-1,1,1,1,-1,1,1,-1,1,1,1,-1,1,1,-1,-1,1,1,1,-1,1,-1,1,1,1,-1,1,1,-1,1,1,1,-1,1,-1,-1,1,1,1,-1,1,-1,-1,-1,1,1,-1,1,-1,-1,1,-1,1,-1,1,1,-1,-1,1,1,1,-1,1,-1,-1,1,1,-1,1,-1,-1,-1,-1,-1,-1,1,1,-1,-1,1,1,-1,1,-1,-1,-1,1,1,1,1,-1,-1,1,1,1,-1,1,-1,-1,-1,-1,1,1,1,1,-1,-1,1,1,1,1,-1,-1,-1,-1,-1,1,-1,1,-1,1,-1,1,1,1,-1,-1,1,1,-1,1,-1,1,-1,-1,1,-1,1,1,-1,-1,-1,1,-1,-1,1,1,-1,-1,1,-1,1,1,-1,1,-1,1,-1,-1,1,1,-1,1,1,-1,1,1,-1,-1,1,1,-1,1,-1,1,-1,1,-1,-1,1,-1,1,-1,1,-1,-1,1,-1,-1,-1,1,-1,-1,1,-1,1,-1,1,-1,-1,1,-1,-1,1,-1,1,-1,1,1,1,-1,1,1,-1,-1,-1,1,-1,1,-1,-1,1,-1,1,1,1,1,-1,-1,1,1,-1,1,1,-1,-1,1,1,1,1,1,1,-1,1,1,1,-1,-1,-1,1,-1,-1,-1,1,-1,-1,1,1,1,-1,1,-1,1,-1,-1,-1,1,1,-1,1,1,-1,-1,-1,1,-1,1,1,-1,1,-1,1,-1,-1,-1,-1,-1,-1,1,-1,-1,-1,-1,-1,-1,1,-1,1,1,1,1,-1,1,-1,1,1,-1,-1,-1,1,-1,-1,1,-1,1,-1,-1,1,1,1,1,-1,-1,1,1,1,1,-1,1,-1,-1,1,1,1,-1,-1,-1,1,1,1,1,-1,-1,-1,1,-1,1,-1,1,-1,-1,-1,1,1,1,-1,-1,-1,-1,1,1,1,1,-1,-1,-1,1,1,1,1,-1,-1,-1,1,1,1,-1,-1,-1,1,1,1,1,1,-1,-1,-1,1,1,1,1,-1,-1,-1,1,1,-1,1,-1,-1,-1,1,1,1,1,-1,-1,1,1,1,1,-1,-1,1,1,-1,1,1,-1,-1,-1,1,1,1,1,1,-1,1,1,1,1,1,1,-1,-1,1,-1,1,-1,-1,-1,-1,1,-1,1,1,-1,-1,-1,1,-1,1,1,-1,-1,-1,1,1,1,-1,1,-1,-1,1,-1,1,-1,-1,-1,-1,1,1,-1,-1,-1,-1,-1,1,-1,1,-1,-1,-1,-1,-1,-1,-1,1,-1,-1,-1,1,-1,-1,1,-1,-1,-1,-1,-1,-1,1,-1,-1,-1,-1,-1,1,-1,-1,-1,1,-1,-1,1,-1,1,-1,-1,-1,-1,-1,-1,-1,1,-1,-1,-1,1,1,1,-1,-1,1,-1,-1,-1,-1,-1,1,-1,-1,1,-1,1,-1,-1,-1,-1,1,-1,1,1,-1,1,-1,-1,1,1,-1,-1,-1,-1,-1,-1,1,1,-1,-1,1,-1,1,1,-1,-1,-1,1,-1,-1,1,-1,-1,1,-1,-1,1,1,1,-1,1,-1,1,1,1,-1,-1,1,-1,-1,1,1,1,-1,1,-1,-1,1,1,-1,1,1,-1,-1,1,1,-1,1,1,-1,-1,1,1,-1,1,1,-1,-1,1,1,1,1,-1,1,-1,-1,1,1,-1,1,-1,-1,1,-1,1,1,1,1,-1,-1,1,-1,1,1,1,-1,1,1,1,1,-1,1,-1,1,1,1,1,1,1,1,-1,1,1,1,1,-1,1,-1,1,1,1,1,1,-1,1,1,1,1,-1,1,1,-1,1,1,-1,1,1,-1,-1,1,1,1,1,-1,1,-1,1,1,1,-1,-1,1,-1,1,1,1,-1,1,-1,-1,-1,1,1,-1,-1,1,-1,-1,1,1,-1,-1,1,-1,-1,1,1,1,-1,1,-1,-1,1,1,-1,-1,-1,1,-1,-1,1,-1,1,1,-1,1,1,-1,-1,1,1,-1,-1,1,1,-1,1,1,-1,1,1,-1,-1,-1,-1,1,-1,-1,-1,-1,1,-1,-1,1,1,-1,1,1,-1,1,1,1,1,-1,1,-1,1,1,1,-1,-1,1,-1,-1,1,1,-1,-1,1,-1,1,1,1,-1,-1,1,-1,1,1,1,1,-1,1,-1,-1,1,1,1,-1,-1,1,-1,1,1,1,-1,1,-1,-1,1,-2668.0,1,2000,445,1500,False
1597,1,1,-1,-1,1,1,-1,-1,1,1,1,-1,1,1,1,1,-1,1,-1,-1,-1,-1,1,1,1,-1,-1,-1,1,1,1,1,1,-1,-1,-1,1,1,1,1,-1,-1,-1,1,1,1,1,-1,1,1,1,1,-1,1,-1,-1,1,-1,1,1,1,-1,-1,-1,1,1,1,1,-1,-1,-1,1,1,1,1,-1,-1,-1,1,1,1,-1,-1,-1,1,1,1,1,-1,-1,-1,1,1,1,1,-1,-1,1,1,-1,1,1,-1,-1,1,1,1,1,1,-1,-1,1,1,1,1,1,-1,-1,1,1,1,1,1,1,-1,-1,1,1,-1,1,1,-1,1,1,1,1,1,1,-1,-1,1,1,1,1,1,-1,1,1,1,1,1,1,-1,-1,-1,1,1,1,1,-1,1,1,1,1,-1,1,-1,1,-1,1,1,1,-1,-1,1,1,1,1,1,-1,1,-1,-1,1,1,1,-1,1,1,1,1,-1,1,1,1,1,-1,1,-1,1,-1,1,1,-1,1,-1,1,1,-1,1,-1,1,-1,1,-1,1,1,-1,1,-1,1,1,1,1,-1,-1,1,1,-1,-1,1,-1,1,-1,1,1,-1,1,-1,1,-1,1,-1,-1,1,-1,-1,-1,1,1,-1,1,-1,1,1,1,-1,1,1,-1,1,-1,1,-1,1,-1,1,-1,1,1,-1,1,-1,-1,-1,1,1,-1,1,-1,-1,-1,1,1,-1,-1,1,1,-1,-1,1,1,-1,1,1,-1,1,1,1,1,-1,1,-1,1,1,-1,1,-1,1,-1,1,1,1,1,1,1,-1,-1,1,-1,-1,1,1,1,-1,1,1,1,-1,1,1,1,1,1,1,1,1,-1,1,1,1,-1,-1,1,-1,1,1,1,-1,1,1,-1,-1,1,1,1,-1,1,-1,1,1,1,-1,1,1,-1,1,1,1,-1,1,1,-1,1,1,1,-1,1,1,1,-1,1,1,-1,1,1,-1,1,-1,1,-1,1,1,1,-1,1,1,1,1,1,1,-1,1,1,-1,1,1,1,-1,-1,-1,-1,1,1,1,-1,1,1,-1,1,1,-1,-1,1,1,1,1,1,-1,1,1,1,-1,1,1,1,-1,-1,1,1,1,-1,1,-1,1,1,1,1,1,1,-1,-1,-1,1,-1,-1,1,1,-1,1,1,1,1,1,1,1,-1,1,-1,-1,1,-1,1,-1,1,1,1,1,1,1,-1,-1,1,-1,1,1,1,-1,1,1,1,-1,1,1,-1,-1,1,-1,1,1,1,-1,1,1,1,1,1,1,-1,1,-1,1,1,1,1,-1,1,-1,1,1,1,-1,-1,1,-1,1,1,1,-1,-1,1,-1,-1,1,1,-1,-1,1,-1,1,1,1,1,-1,1,1,-1,1,1,1,-1,-1,1,-1,1,1,-1,-1,1,1,-1,1,-1,1,-1,-1,1,-1,1,-1,1,-1,-1,1,-1,-1,1,1,1,-1,1,-1,1,-1,1,1,1,-1,-1,-1,1,-1,-1,-1,1,1,-1,1,-1,1,1,1,-1,1,1,-1,1,-1,1,-1,-1,1,-1,-1,1,1,1,-1,1,-1,-1,1,1,-1,-1,1,-1,-1,1,1,-1,-1,1,-1,-1,-1,1,1,-1,1,1,-1,-1,1,-1,-1,1,-1,1,-1,1,1,-1,-1,1,-1,-1,-1,-1,-1,1,1,1,-1,-1,1,-1,-1,1,-1,-1,1,-1,-1,1,1,-1,-1,1,-1,-1,1,1,-1,1,-1,-1,-1,-1,1,1,-1,-1,-1,-1,-1,1,-1,-1,1,-1,-1,-1,1,1,-1,-1,-1,-1,-1,1,-1,-1,-1,-1,-1,1,1,1,-1,-1,-1,-1,-1,1,1,-1,-1,-1,-1,-1,1,1,1,-1,-1,-1,-1,1,1,-1,-1,-1,-1,1,1,1,1,-1,-1,1,1,1,1,1,-1,-1,-1,1,1,1,-1,1,-1,1,1,1,1,-1,1,-1,-1,1,-1,1,-1,1,-1,-1,1,-1,1,-1,-1,-1,-1,1,-1,1,-1,1,-1,-1,1,-1,1,-1,1,-1,1,-1,-1,1,-1,-1,-1,-1,1,1,-1,-1,-1,-1,-1,1,-1,1,-1,-1,-1,-1,1,-1,-1,1,-1,-1,-1,1,-1,-1,1,-1,-1,-1,-1,-1,-1,1,-1,-1,-1,-1,-1,1,-1,-1,-1,1,-1,-1,1,-1,1,-1,-1,-1,-1,-1,-1,-1,1,-1,-1,-1,1,1,1,-1,-1,-1,1,-1,-1,-1,-1,1,-1,-1,1,-1,1,-1,-1,-1,-1,1,-1,1,1,-1,1,-1,-1,1,1,-1,-1,-1,-1,-1,-1,1,1,-1,-1,1,-1,1,1,-1,-1,-1,1,-1,1,1,-1,-1,1,-1,-1,1,1,1,-1,1,-1,1,1,1,-1,-1,1,-1,-1,1,1,1,-1,1,-1,-1,1,1,-1,1,1,-1,-1,1,1,-1,1,1,-1,-1,1,1,1,1,1,-1,-1,1,1,1,1,-1,1,-1,-1,1,1,1,1,-1,-1,1,-1,1,1,1,1,-1,-1,1,-1,1,1,1,-1,1,1,1,1,-1,1,-1,1,1,1,1,1,1,1,-1,1,1,1,1,-1,1,-1,1,1,1,1,1,-1,1,1,1,1,-1,1,1,-1,1,1,-1,1,1,-1,-1,1,1,1,1,-1,1,-1,1,1,1,-1,-1,1,-1,1,1,1,-1,1,-1,-1,-1,1,1,-1,-1,1,-1,-1,1,1,1,-1,1,-1,-1,1,1,1,-1,-1,-1,-1,1,1,-1,-1,-1,1,-1,1,1,-1,1,1,-1,1,1,-1,-1,1,-1,-1,-1,1,1,-1,1,1,-1,1,1,-1,-1,-1,-1,1,-1,-1,-1,-1,1,-1,-1,1,1,-1,1,1,-1,1,1,1,1,-1,1,-1,1,1,1,1,-1,1,-1,-1,-1,1,1,-1,1,-1,1,1,1,1,-1,1,-1,1,1,1,-1,-1,1,-1,-1,1,1,-1,-1,-1,1,-1,1,-1,1,-1,1,-1,-1,1,-2668.0,1,2000,445,1000,False
1598,1,1,-1,-1,1,-1,-1,-1,1,1,1,-1,1,1,1,1,-1,1,-1,-1,1,-1,1,1,1,-1,1,-1,1,1,1,1,1,-1,-1,-1,1,1,1,1,-1,-1,-1,1,1,1,1,-1,1,1,1,1,-1,1,-1,-1,1,-1,1,1,1,-1,-1,-1,1,1,1,1,-1,-1,-1,1,1,1,1,-1,-1,-1,1,1,1,-1,-1,-1,1,1,1,1,-1,-1,-1,1,1,1,1,-1,-1,1,1,-1,1,1,-1,-1,1,1,1,1,1,-1,-1,1,1,1,1,1,-1,-1,1,1,1,1,1,1,-1,-1,1,1,-1,1,1,-1,1,1,1,1,1,1,-1,-1,1,1,-1,1,1,-1,1,1,1,1,1,1,-1,-1,-1,1,1,1,1,-1,1,1,1,1,-1,1,-1,1,-1,1,1,1,-1,-1,1,1,1,-1,1,-1,1,-1,-1,1,1,1,-1,1,1,1,1,-1,1,1,1,1,-1,1,-1,1,-1,1,1,-1,1,-1,1,1,-1,1,-1,1,-1,1,-1,1,1,-1,1,-1,1,1,1,1,-1,-1,1,1,-1,-1,1,-1,1,1,-1,1,-1,1,-1,1,-1,1,-1,1,1,-1,-1,1,1,1,-1,1,-1,1,1,1,-1,1,1,-1,1,-1,1,-1,1,-1,1,-1,1,1,-1,1,-1,-1,1,1,1,-1,1,-1,-1,-1,-1,1,-1,-1,1,1,-1,-1,1,1,-1,1,1,-1,1,1,1,1,-1,1,-1,1,1,-1,1,-1,1,1,-1,1,1,1,1,1,-1,-1,1,-1,-1,1,1,1,-1,1,1,1,-1,1,-1,-1,1,1,1,-1,1,-1,1,1,1,-1,-1,1,-1,1,1,1,-1,1,1,-1,1,-1,1,1,-1,1,-1,1,1,1,-1,1,1,-1,1,1,1,-1,1,-1,-1,1,1,1,-1,1,-1,-1,1,1,1,-1,1,-1,-1,-1,-1,1,-1,1,1,-1,1,1,1,1,-1,1,-1,-1,-1,1,-1,1,-1,-1,1,-1,-1,-1,1,1,-1,1,-1,1,-1,1,-1,1,-1,1,1,1,1,-1,1,-1,1,1,-1,1,-1,-1,-1,-1,1,1,1,1,-1,-1,1,1,1,1,-1,-1,1,-1,-1,1,-1,1,-1,1,-1,1,1,-1,-1,-1,1,1,-1,1,-1,1,-1,-1,1,-1,1,1,-1,-1,-1,1,-1,-1,1,1,-1,-1,1,-1,1,1,-1,1,-1,1,-1,-1,1,1,-1,-1,1,-1,1,1,-1,-1,1,1,-1,1,-1,1,-1,1,-1,-1,1,-1,1,-1,1,-1,-1,1,-1,-1,-1,1,-1,-1,1,1,1,-1,1,-1,-1,1,-1,-1,1,-1,1,-1,1,1,1,-1,1,1,-1,-1,-1,1,-1,1,-1,-1,1,-1,1,1,1,1,-1,-1,1,1,-1,1,1,-1,-1,1,1,1,-1,1,1,-1,1,1,1,1,-1,-1,1,-1,-1,-1,1,-1,-1,1,-1,1,-1,1,-1,1,-1,-1,-1,1,1,-1,1,1,-1,-1,-1,1,-1,1,1,-1,1,-1,1,-1,-1,-1,-1,-1,-1,1,-1,-1,-1,-1,-1,-1,1,-1,1,1,1,1,-1,1,-1,1,1,-1,-1,-1,1,-1,-1,1,-1,1,-1,-1,1,1,1,1,-1,-1,1,1,1,1,-1,1,-1,-1,1,1,1,-1,-1,-1,1,1,1,1,-1,-1,-1,1,-1,1,-1,1,-1,-1,-1,1,1,1,-1,-1,-1,-1,1,1,1,1,-1,-1,-1,1,1,1,1,-1,-1,-1,1,-1,1,-1,-1,-1,-1,1,1,1,1,-1,1,-1,1,-1,1,1,-1,-1,-1,1,1,-1,1,-1,-1,-1,1,1,1,1,-1,-1,1,-1,1,-1,1,-1,1,1,-1,1,1,-1,-1,-1,1,1,-1,1,1,-1,1,-1,1,-1,1,-1,-1,-1,1,-1,1,-1,-1,-1,1,-1,1,-1,1,1,-1,-1,-1,-1,-1,1,-1,-1,-1,1,1,-1,1,-1,-1,1,-1,-1,-1,1,-1,-1,-1,1,1,1,-1,-1,-1,-1,1,-1,1,-1,-1,-1,-1,-1,-1,-1,1,-1,-1,-1,1,-1,-1,1,-1,-1,-1,-1,-1,1,1,-1,-1,-1,-1,-1,1,-1,-1,-1,1,-1,-1,1,-1,1,-1,-1,-1,-1,-1,-1,-1,1,-1,-1,-1,1,1,-1,-1,-1,1,-1,1,-1,-1,-1,1,-1,-1,1,-1,1,-1,-1,-1,-1,1,-1,1,1,-1,1,-1,-1,1,1,-1,-1,-1,-1,-1,-1,1,1,-1,-1,1,-1,1,1,-1,-1,-1,1,-1,-1,1,-1,-1,1,-1,-1,1,1,1,-1,1,-1,1,1,1,-1,-1,1,-1,-1,1,1,1,-1,1,-1,-1,1,1,-1,1,1,-1,-1,1,1,1,1,1,-1,-1,1,1,1,1,1,-1,-1,1,1,1,1,1,1,-1,-1,1,1,1,1,-1,-1,1,-1,1,1,1,1,-1,-1,1,-1,1,1,1,-1,1,1,1,1,-1,1,-1,1,1,1,1,1,1,1,-1,1,1,1,1,-1,1,-1,1,1,1,1,1,-1,1,1,1,1,-1,1,1,-1,1,1,-1,1,1,-1,-1,1,1,1,1,-1,1,-1,1,1,1,-1,-1,1,-1,1,1,1,-1,1,-1,-1,-1,1,1,-1,-1,1,-1,-1,1,1,-1,-1,1,-1,-1,1,1,1,-1,1,-1,-1,1,1,-1,-1,-1,1,-1,-1,1,-1,1,1,-1,1,1,-1,-1,1,1,-1,-1,1,1,-1,1,1,-1,1,1,-1,-1,-1,-1,1,-1,-1,-1,-1,1,-1,-1,1,1,-1,1,1,-1,1,1,1,1,-1,1,-1,1,1,1,1,-1,1,-1,1,1,1,1,-1,1,-1,-1,1,1,1,-1,1,-1,1,1,-1,-1,-1,1,-1,-1,1,1,-1,-1,-1,1,-1,1,-1,1,-1,1,-1,-1,1,-2668.0,1,2000,445,1000,False
1599,1,1,-1,-1,1,1,-1,-1,1,1,1,-1,-1,1,1,1,-1,1,-1,-1,-1,-1,1,1,1,1,-1,-1,1,1,1,1,-1,-1,-1,-1,1,1,1,1,-1,-1,-1,1,1,1,1,-1,1,1,1,1,-1,1,-1,-1,1,-1,1,1,1,-1,-1,-1,1,1,1,1,-1,-1,-1,1,1,1,1,-1,-1,-1,1,1,1,-1,-1,-1,1,1,1,1,-1,-1,-1,1,1,1,1,-1,-1,1,1,-1,1,1,-1,-1,1,1,1,1,1,-1,-1,1,1,1,1,1,-1,-1,1,1,1,1,1,1,-1,1,1,1,-1,1,1,-1,1,1,1,1,1,1,-1,-1,1,1,1,1,1,-1,1,1,1,1,1,1,-1,-1,-1,1,1,1,1,-1,1,1,1,1,-1,1,-1,1,-1,1,1,1,-1,-1,1,1,1,1,1,-1,1,-1,-1,1,-1,1,-1,1,1,1,1,1,1,1,1,1,1,1,-1,1,-1,1,1,-1,1,-1,1,1,-1,1,-1,1,-1,1,-1,1,1,-1,-1,-1,1,1,1,1,-1,-1,1,1,-1,-1,1,-1,1,-1,-1,1,-1,1,-1,1,-1,1,-1,1,1,-1,-1,-1,1,1,-1,1,-1,1,1,1,-1,1,1,-1,-1,-1,1,-1,1,-1,1,-1,1,1,-1,1,-1,-1,-1,1,1,-1,1,-1,-1,-1,1,1,-1,-1,1,1,-1,-1,1,1,-1,1,1,-1,1,1,1,1,-1,1,-1,1,1,-1,1,-1,1,1,-1,1,1,1,1,1,-1,-1,1,-1,-1,-1,1,1,-1,1,1,1,-1,1,-1,-1,1,1,1,1,1,-1,1,1,1,-1,-1,1,-1,1,1,1,-1,1,1,-1,-1,1,1,1,-1,1,-1,1,1,1,-1,1,1,-1,1,1,1,-1,1,-1,-1,1,1,1,-1,1,-1,-1,-1,1,1,-1,1,-1,-1,1,-1,1,-1,1,1,-1,-1,1,1,1,-1,1,-1,-1,1,1,-1,1,-1,1,-1,-1,-1,-1,1,1,-1,-1,1,1,-1,1,1,-1,-1,1,1,1,1,1,-1,1,1,1,-1,1,-1,-1,-1,-1,1,1,1,1,-1,-1,1,1,1,1,-1,-1,1,-1,-1,1,-1,-1,-1,-1,1,-1,1,1,1,-1,1,1,-1,1,-1,1,-1,-1,1,-1,1,1,1,1,-1,1,-1,-1,1,1,-1,-1,1,-1,1,1,-1,1,-1,1,-1,-1,1,1,-1,-1,1,-1,1,1,-1,-1,1,1,-1,1,-1,1,-1,1,-1,-1,1,-1,1,-1,1,-1,-1,1,-1,-1,-1,1,-1,-1,1,-1,1,-1,1,-1,-1,1,-1,-1,1,-1,1,-1,1,1,1,-1,1,1,-1,-1,1,1,-1,1,-1,-1,1,1,1,1,1,1,-1,-1,1,1,-1,1,1,-1,-1,1,1,1,-1,1,1,-1,1,1,1,1,-1,1,1,-1,-1,-1,1,-1,-1,-1,-1,1,-1,1,-1,1,-1,-1,-1,1,1,-1,1,1,-1,-1,-1,1,-1,1,-1,-1,1,-1,1,-1,-1,-1,-1,-1,-1,1,-1,-1,-1,-1,-1,-1,1,-1,1,1,1,1,-1,1,-1,-1,1,-1,-1,-1,1,-1,-1,-1,-1,1,-1,-1,1,1,-1,1,-1,-1,1,1,1,1,-1,1,-1,-1,1,1,-1,-1,-1,-1,1,1,1,1,-1,-1,-1,1,-1,1,1,1,1,-1,-1,1,1,1,-1,-1,-1,1,1,1,1,1,-1,-1,-1,1,1,1,1,-1,-1,-1,1,1,1,-1,-1,-1,-1,1,1,1,1,-1,-1,1,1,1,1,1,-1,-1,-1,1,1,-1,1,-1,-1,-1,1,1,1,1,-1,-1,1,1,1,1,-1,-1,1,1,-1,1,1,-1,-1,-1,1,1,1,1,1,-1,1,1,1,1,1,-1,-1,-1,1,-1,1,-1,-1,-1,-1,1,-1,1,1,-1,-1,-1,1,-1,1,1,-1,-1,-1,1,1,1,1,-1,-1,-1,1,-1,1,1,-1,-1,-1,1,1,-1,-1,-1,-1,-1,1,-1,1,-1,-1,-1,-1,-1,-1,-1,1,-1,-1,-1,1,-1,-1,1,-1,-1,-1,-1,-1,1,1,-1,-1,-1,-1,-1,1,-1,-1,-1,1,-1,-1,1,-1,1,-1,-1,-1,-1,-1,-1,-1,1,-1,-1,-1,1,1,1,-1,-1,1,1,-1,-1,-1,-1,1,-1,-1,1,1,1,-1,-1,-1,-1,1,-1,1,1,-1,1,-1,-1,1,1,-1,-1,-1,-1,-1,-1,1,1,-1,-1,1,-1,1,1,-1,-1,-1,1,-1,1,1,-1,-1,1,-1,-1,1,1,1,-1,1,-1,1,1,1,-1,-1,1,-1,-1,1,-1,1,-1,1,-1,-1,1,1,-1,1,1,-1,-1,1,1,-1,1,1,-1,-1,1,1,-1,1,1,-1,-1,1,1,1,1,1,1,-1,-1,1,1,1,1,-1,-1,1,-1,1,1,1,1,-1,-1,1,-1,1,1,1,-1,1,1,1,1,-1,1,-1,1,1,1,1,1,1,1,-1,1,1,1,1,-1,1,-1,1,1,1,1,1,-1,1,1,1,1,-1,1,1,-1,1,1,-1,1,1,-1,-1,1,1,1,1,-1,1,-1,1,1,1,-1,-1,1,-1,1,1,1,-1,1,-1,-1,-1,1,1,-1,-1,1,-1,-1,1,1,-1,-1,1,-1,-1,1,1,1,-1,-1,-1,-1,1,1,-1,-1,-1,1,-1,1,1,-1,1,1,-1,1,1,-1,-1,1,1,-1,-1,1,1,-1,1,1,-1,1,1,-1,-1,-1,-1,1,-1,-1,-1,-1,1,-1,-1,1,1,-1,1,1,-1,1,1,1,1,-1,1,-1,1,1,1,1,-1,1,-1,-1,-1,1,1,-1,1,-1,1,1,1,1,-1,1,-1,1,1,1,-1,-1,1,-1,-1,1,1,-1,-1,-1,1,-1,1,-1,1,-1,1,-1,-1,1,-2668.0,1,2000,445,1000,False
1600,1,1,-1,-1,1,1,-1,1,1,1,1,-1,-1,1,1,1,-1,1,1,-1,-1,1,1,1,1,1,-1,-1,1,1,1,1,-1,-1,-1,1,-1,1,1,1,-1,-1,1,1,1,1,1,-1,1,-1,1,1,-1,1,-1,-1,-1,-1,1,1,1,-1,-1,1,1,1,1,1,-1,-1,1,-1,1,1,1,-1,-1,1,-1,1,1,-1,-1,-1,-1,1,1,1,-1,-1,1,-1,-1,1,1,-1,-1,-1,-1,-1,1,1,-1,-1,1,-1,-1,1,1,-1,-1,-1,-1,-1,1,1,-1,-1,1,-1,-1,1,1,1,-1,-1,-1,-1,1,1,1,-1,1,-1,-1,1,1,1,-1,1,-1,-1,-1,1,1,-1,1,-1,-1,-1,1,1,-1,-1,1,-1,-1,1,1,-1,1,1,-1,-1,1,1,-1,1,1,-1,1,1,-1,-1,1,-1,-1,1,1,-1,1,-1,1,-1,1,1,-1,1,1,-1,-1,-1,1,1,1,1,1,-1,-1,1,-1,1,1,1,-1,-1,1,1,-1,1,1,-1,1,1,-1,1,1,1,-1,1,1,1,1,1,1,1,-1,1,-1,-1,1,1,-1,-1,1,1,-1,1,1,-1,-1,1,-1,1,1,1,1,-1,1,1,-1,1,1,-1,1,1,-1,1,1,1,-1,-1,1,-1,1,-1,1,1,1,1,-1,1,-1,1,1,1,1,-1,1,-1,1,1,1,1,-1,-1,1,1,1,1,1,1,-1,1,1,-1,-1,1,1,1,-1,1,1,1,1,-1,1,-1,-1,1,1,-1,1,1,1,-1,1,1,1,-1,-1,1,1,-1,1,1,1,1,-1,1,1,1,1,1,1,1,1,1,1,1,1,-1,1,1,1,1,1,1,-1,1,1,1,-1,1,1,1,-1,1,1,-1,1,1,-1,1,1,-1,1,1,1,-1,1,1,1,-1,1,1,-1,1,1,1,-1,1,1,1,1,1,1,1,-1,1,-1,1,1,1,-1,1,1,1,-1,1,1,1,-1,1,-1,1,1,1,-1,-1,-1,-1,1,1,1,-1,1,1,-1,1,1,-1,1,1,1,-1,1,1,-1,-1,1,1,1,1,1,1,1,-1,1,1,1,-1,1,-1,1,-1,-1,1,1,1,-1,-1,-1,1,-1,-1,1,-1,1,-1,-1,1,1,1,1,-1,-1,-1,-1,-1,1,-1,1,-1,-1,-1,-1,1,1,1,-1,-1,1,-1,1,1,-1,-1,1,-1,1,-1,1,-1,-1,-1,1,-1,1,-1,-1,-1,-1,-1,1,1,-1,1,-1,-1,1,-1,1,-1,-1,1,-1,1,-1,1,-1,-1,1,-1,-1,1,1,-1,-1,1,-1,1,-1,1,1,-1,-1,1,-1,1,-1,1,-1,1,1,-1,-1,-1,1,-1,-1,1,-1,1,-1,1,-1,-1,1,-1,-1,1,1,-1,-1,-1,1,-1,1,1,-1,1,-1,1,-1,-1,1,1,1,-1,1,-1,1,-1,1,-1,-1,-1,1,1,-1,1,-1,1,1,-1,1,-1,1,-1,1,1,1,-1,-1,-1,-1,-1,1,1,1,-1,-1,-1,1,1,-1,1,-1,-1,-1,1,1,1,1,-1,-1,-1,1,1,-1,1,-1,-1,-1,-1,1,1,1,-1,1,-1,-1,1,-1,1,-1,1,1,-1,1,-1,1,1,-1,-1,-1,-1,-1,1,1,-1,1,-1,1,-1,1,1,-1,-1,-1,-1,1,1,-1,-1,-1,-1,-1,1,1,-1,1,-1,1,1,1,1,1,-1,-1,-1,-1,-1,1,-1,1,-1,-1,1,-1,1,1,-1,1,-1,-1,1,1,1,-1,1,-1,1,-1,1,1,-1,-1,-1,-1,-1,1,1,-1,1,-1,1,-1,1,1,1,-1,1,-1,-1,1,1,-1,-1,-1,1,-1,1,1,1,-1,1,-1,-1,1,-1,1,-1,1,-1,-1,1,-1,-1,1,-1,1,-1,1,1,-1,1,-1,1,-1,1,-1,1,-1,1,-1,-1,1,1,-1,1,-1,-1,-1,-1,1,-1,1,-1,1,-1,-1,1,-1,1,1,-1,-1,-1,-1,1,1,1,1,-1,-1,1,-1,-1,1,1,-1,-1,-1,-1,1,-1,1,-1,-1,1,1,-1,1,1,-1,-1,1,-1,-1,1,1,-1,-1,-1,-1,1,-1,1,-1,-1,-1,-1,-1,1,-1,-1,1,-1,-1,1,-1,1,-1,-1,-1,-1,-1,1,1,1,-1,-1,-1,1,1,1,-1,-1,-1,1,-1,-1,1,-1,-1,-1,-1,1,1,1,-1,-1,-1,-1,1,-1,1,1,-1,1,-1,-1,1,1,-1,-1,-1,-1,-1,-1,1,1,-1,-1,1,-1,1,1,-1,-1,-1,1,-1,1,1,-1,-1,1,-1,-1,1,1,1,-1,1,-1,1,1,1,-1,-1,1,-1,-1,1,1,1,-1,1,-1,-1,-1,1,-1,1,1,-1,-1,1,1,-1,1,1,-1,-1,1,-1,-1,1,1,-1,-1,1,1,1,1,1,1,-1,1,1,-1,1,1,-1,-1,1,1,1,1,1,1,-1,-1,1,-1,1,1,1,-1,1,1,1,1,-1,1,-1,1,1,1,1,1,1,-1,1,-1,1,1,1,-1,1,1,1,1,1,1,1,1,-1,1,1,1,-1,1,-1,1,1,1,-1,1,1,1,1,-1,1,1,1,-1,1,1,1,1,1,-1,-1,1,-1,1,1,1,-1,1,-1,1,-1,1,1,-1,-1,1,1,-1,1,1,-1,-1,1,-1,-1,1,1,1,-1,1,-1,1,1,1,-1,-1,-1,-1,1,1,1,-1,1,1,1,1,1,-1,-1,1,1,1,-1,1,1,-1,1,-1,1,1,1,-1,-1,-1,-1,-1,-1,-1,-1,-1,1,-1,1,1,1,-1,1,1,-1,-1,1,1,1,-1,1,-1,1,1,1,-1,-1,1,-1,1,1,1,-1,-1,1,-1,1,1,1,-1,-1,1,-1,1,-1,1,1,-1,1,-1,-1,1,1,1,-1,-1,1,-1,1,-1,1,-1,1,-1,-1,1,-2668.0,1,2000,445,1000,True
1601,1,1,-1,-1,1,1,-1,-1,1,1,1,-1,1,1,1,1,-1,1,-1,-1,-1,-1,1,1,1,-1,-1,-1,1,1,1,1,1,-1,-1,-1,1,1,1,-1,-1,-1,-1,1,1,1,1,-1,1,1,1,1,-1,1,-1,-1,1,-1,1,1,1,-1,-1,-1,1,1,1,1,-1,-1,-1,1,1,1,1,-1,-1,-1,1,1,1,-1,-1,-1,1,1,1,1,-1,-1,-1,1,1,1,1,-1,-1,1,1,-1,1,1,-1,-1,1,1,1,1,1,-1,-1,1,1,1,1,1,-1,-1,1,1,1,1,1,1,-1,1,1,1,-1,1,1,-1,1,1,1,1,1,1,-1,-1,1,1,1,1,1,-1,1,1,1,1,1,1,-1,-1,-1,1,1,1,1,-1,1,1,1,1,-1,1,-1,1,-1,1,1,1,-1,-1,1,1,1,1,1,-1,1,-1,-1,1,1,1,-1,1,1,1,1,-1,1,1,1,1,1,1,-1,1,-1,1,1,-1,1,-1,1,1,-1,1,-1,1,-1,1,-1,1,1,-1,1,-1,1,1,1,1,-1,-1,1,1,-1,-1,1,-1,1,-1,1,1,-1,1,-1,1,-1,1,-1,1,1,-1,-1,1,-1,1,-1,1,-1,1,1,1,-1,1,1,-1,1,-1,1,-1,1,-1,1,-1,1,1,-1,1,-1,-1,-1,-1,1,-1,1,-1,-1,-1,1,1,-1,-1,1,1,-1,1,1,1,-1,1,1,-1,1,1,1,1,-1,1,-1,1,1,-1,1,-1,1,-1,1,-1,1,1,1,1,-1,-1,1,-1,-1,-1,1,1,-1,1,1,1,-1,1,1,1,1,1,1,1,1,-1,1,1,1,-1,1,1,-1,1,1,1,-1,1,1,-1,-1,1,1,1,-1,1,-1,1,1,1,-1,1,1,-1,1,1,1,-1,1,1,-1,1,1,1,-1,1,1,-1,-1,1,1,-1,1,1,-1,1,-1,1,-1,1,1,1,-1,1,1,1,-1,1,1,-1,1,1,-1,1,1,1,-1,-1,-1,-1,1,1,1,-1,1,1,-1,1,1,-1,-1,1,1,1,1,1,-1,1,1,1,-1,1,1,1,-1,-1,1,1,1,-1,1,-1,1,1,1,-1,1,1,-1,-1,-1,1,-1,-1,1,-1,1,-1,1,-1,1,1,1,1,-1,1,-1,-1,1,-1,1,-1,1,1,1,1,1,1,-1,-1,1,-1,1,1,-1,-1,1,1,1,-1,1,1,-1,-1,1,-1,1,1,-1,-1,1,1,1,1,-1,1,-1,1,-1,-1,1,-1,-1,-1,1,-1,1,1,-1,-1,-1,1,-1,1,1,1,-1,-1,1,-1,-1,1,-1,-1,-1,1,-1,1,1,-1,1,-1,1,1,-1,1,-1,-1,-1,-1,1,-1,1,-1,-1,-1,1,1,-1,1,-1,-1,-1,-1,1,-1,1,-1,-1,1,-1,1,-1,-1,1,1,1,-1,1,-1,1,-1,1,1,1,-1,-1,-1,1,-1,-1,1,1,1,-1,1,-1,1,1,1,-1,1,1,-1,1,-1,1,-1,-1,1,-1,-1,1,1,1,-1,1,-1,-1,1,1,-1,-1,1,-1,-1,1,1,-1,-1,1,-1,-1,-1,1,1,-1,1,1,-1,-1,1,-1,-1,1,-1,1,-1,1,1,-1,-1,1,-1,-1,-1,-1,-1,1,1,1,-1,-1,1,-1,-1,1,-1,-1,1,-1,-1,1,1,-1,-1,1,-1,-1,1,1,-1,1,-1,-1,-1,-1,1,1,-1,-1,-1,-1,-1,1,-1,-1,1,-1,-1,-1,1,1,-1,-1,-1,-1,-1,1,-1,-1,-1,-1,-1,1,1,1,-1,-1,-1,-1,-1,1,1,-1,-1,-1,-1,-1,1,1,1,-1,-1,-1,-1,1,1,-1,-1,-1,-1,1,-1,1,1,1,-1,1,1,-1,1,1,1,-1,-1,1,1,1,1,-1,-1,1,1,1,1,-1,1,-1,-1,1,-1,1,-1,1,-1,-1,1,-1,1,1,1,-1,-1,1,-1,1,-1,1,-1,-1,1,-1,1,1,1,-1,1,-1,-1,1,1,1,-1,-1,1,-1,-1,1,1,-1,-1,1,-1,1,-1,1,-1,-1,1,1,-1,1,1,-1,-1,1,-1,-1,1,1,-1,-1,-1,1,-1,-1,1,-1,-1,-1,-1,1,-1,-1,-1,1,-1,-1,1,-1,1,-1,-1,-1,-1,-1,-1,1,1,-1,-1,-1,1,1,1,-1,-1,-1,1,-1,-1,1,-1,1,-1,-1,1,1,1,-1,-1,-1,-1,1,-1,1,1,-1,1,-1,-1,1,1,-1,-1,-1,-1,-1,-1,1,1,-1,-1,1,-1,1,1,-1,-1,-1,1,-1,1,1,-1,-1,1,-1,-1,1,1,1,-1,1,-1,1,1,1,-1,-1,1,-1,-1,1,1,1,-1,1,-1,-1,1,1,-1,1,1,-1,-1,1,1,1,1,1,-1,-1,1,1,-1,1,1,-1,-1,1,1,1,1,1,1,-1,-1,1,1,-1,1,-1,-1,1,-1,1,1,1,1,-1,-1,1,-1,1,1,1,-1,1,1,1,1,-1,1,-1,1,1,1,1,1,1,1,-1,1,1,1,1,-1,1,-1,1,1,1,1,1,-1,1,1,1,1,-1,1,1,-1,1,1,-1,1,1,-1,-1,1,1,1,1,-1,1,-1,1,1,1,-1,-1,1,-1,1,1,1,-1,1,-1,-1,-1,1,1,-1,-1,1,-1,-1,1,1,1,-1,1,-1,-1,1,1,1,-1,1,-1,-1,1,1,-1,-1,-1,1,-1,1,1,-1,1,1,-1,1,1,-1,-1,1,1,-1,-1,1,1,-1,1,1,-1,1,1,-1,-1,-1,-1,1,-1,-1,-1,-1,-1,1,-1,1,1,-1,1,1,-1,1,1,1,1,-1,1,-1,1,1,1,1,-1,1,-1,-1,-1,1,1,-1,1,-1,1,1,1,1,-1,1,-1,1,1,1,-1,-1,1,-1,-1,1,1,-1,-1,-1,1,-1,1,1,1,-1,1,-1,1,1,-2668.0,1,2000,445,1000,False
1602,1,1,-1,-1,1,1,-1,-1,1,1,1,-1,1,1,1,1,-1,1,1,-1,-1,-1,1,1,1,1,-1,-1,1,1,1,1,-1,-1,-1,-1,1,-1,1,1,-1,-1,-1,1,1,1,1,-1,1,1,1,1,-1,1,-1,-1,1,-1,1,1,1,-1,-1,-1,1,1,1,1,-1,-1,-1,1,1,1,1,-1,-1,-1,1,1,1,-1,-1,-1,1,1,1,1,-1,-1,-1,1,1,1,1,-1,-1,1,1,-1,1,1,-1,-1,1,1,1,1,1,-1,-1,-1,1,1,1,1,-1,-1,1,1,1,1,1,1,-1,-1,1,1,-1,1,1,-1,1,1,1,1,1,1,-1,1,1,1,1,1,1,-1,1,1,1,1,1,1,-1,-1,-1,1,1,1,1,-1,1,1,1,1,-1,1,-1,1,-1,1,1,1,-1,-1,1,1,1,1,1,-1,1,-1,-1,1,-1,1,-1,1,1,1,1,1,1,1,1,1,-1,1,-1,1,-1,1,1,-1,1,-1,1,1,-1,1,-1,1,-1,1,-1,1,1,-1,1,-1,1,1,1,1,-1,-1,1,1,-1,-1,1,-1,1,-1,-1,1,-1,1,-1,1,-1,1,-1,1,1,-1,-1,-1,1,1,-1,1,-1,1,1,1,-1,1,1,-1,-1,-1,1,-1,1,-1,1,-1,1,1,-1,1,-1,-1,-1,1,1,-1,1,-1,-1,-1,1,1,-1,-1,1,1,-1,-1,1,1,-1,1,1,-1,1,1,1,1,-1,1,-1,1,1,-1,1,-1,1,1,-1,1,1,1,1,1,-1,-1,1,-1,-1,-1,1,1,-1,1,1,1,-1,1,-1,-1,1,1,1,-1,1,-1,1,1,1,-1,1,1,-1,1,1,1,-1,1,1,-1,-1,1,1,1,-1,1,-1,1,1,1,-1,1,1,-1,1,1,1,-1,1,-1,-1,1,1,1,-1,1,-1,-1,-1,1,1,-1,1,-1,-1,1,-1,1,-1,1,1,-1,-1,1,1,1,1,1,-1,-1,1,1,-1,1,-1,-1,-1,-1,-1,-1,1,1,-1,-1,1,1,-1,1,-1,-1,-1,1,1,1,1,1,-1,1,1,1,-1,1,-1,-1,-1,-1,1,1,1,1,-1,-1,1,1,1,1,-1,-1,-1,-1,-1,1,-1,1,-1,1,-1,1,1,1,-1,-1,1,1,-1,1,-1,1,-1,-1,1,-1,1,1,-1,-1,-1,1,-1,-1,1,1,-1,-1,1,-1,1,1,-1,1,-1,1,-1,-1,1,1,-1,1,1,-1,1,1,-1,-1,1,1,-1,1,-1,1,-1,1,-1,-1,1,-1,1,-1,1,-1,-1,1,-1,-1,-1,1,-1,-1,1,1,1,-1,1,-1,-1,1,-1,-1,1,-1,1,-1,1,1,1,-1,1,1,-1,-1,-1,1,-1,1,-1,-1,1,-1,1,1,1,1,-1,-1,1,1,-1,1,1,1,-1,1,1,1,1,1,1,-1,1,1,1,-1,-1,-1,1,-1,-1,-1,1,-1,-1,1,-1,1,-1,1,-1,1,-1,-1,-1,1,1,-1,1,1,-1,-1,-1,1,-1,1,1,-1,1,-1,1,-1,-1,-1,-1,-1,-1,1,-1,-1,-1,-1,-1,-1,1,-1,1,1,1,1,-1,1,-1,1,1,-1,-1,-1,1,-1,-1,1,-1,1,-1,-1,1,1,1,1,-1,-1,1,1,1,1,-1,1,-1,-1,1,1,1,-1,-1,-1,1,1,1,1,-1,-1,-1,1,-1,1,-1,1,-1,-1,-1,1,1,1,-1,-1,-1,1,1,1,1,1,-1,-1,-1,1,1,1,1,-1,-1,-1,1,1,1,-1,-1,-1,1,1,1,1,1,-1,-1,-1,1,1,1,1,-1,-1,-1,1,1,-1,1,-1,-1,-1,1,1,1,1,-1,-1,1,1,1,1,-1,-1,1,1,-1,1,1,-1,-1,-1,1,1,1,1,1,-1,1,1,1,1,1,1,-1,-1,1,-1,1,-1,-1,-1,-1,1,-1,1,1,-1,-1,-1,1,-1,1,1,-1,1,-1,1,1,1,-1,1,1,-1,1,-1,1,-1,-1,-1,-1,1,1,-1,-1,-1,-1,-1,1,-1,1,-1,-1,-1,-1,-1,-1,-1,1,-1,-1,-1,1,-1,-1,1,-1,-1,-1,-1,-1,1,1,-1,-1,-1,-1,-1,1,-1,-1,-1,1,-1,-1,1,-1,1,-1,-1,-1,-1,-1,-1,-1,1,-1,-1,-1,1,1,1,-1,-1,1,-1,-1,-1,-1,-1,1,-1,-1,1,1,1,-1,-1,-1,-1,1,-1,1,1,-1,1,-1,-1,1,1,-1,-1,-1,-1,-1,-1,1,1,-1,-1,1,-1,1,1,-1,-1,-1,1,-1,1,1,-1,-1,1,-1,-1,1,1,1,-1,1,-1,1,1,1,-1,-1,1,-1,-1,1,1,1,-1,1,-1,-1,1,1,-1,1,1,-1,-1,1,1,-1,1,1,-1,-1,1,1,-1,1,1,-1,-1,1,1,1,1,1,1,-1,-1,1,-1,1,1,-1,-1,1,-1,1,1,1,1,-1,-1,1,-1,1,1,1,-1,1,1,1,1,-1,1,-1,1,1,1,1,1,1,1,-1,1,1,1,1,-1,1,-1,1,1,1,1,1,-1,1,1,1,1,-1,1,1,-1,1,1,-1,1,1,-1,-1,1,1,1,1,-1,1,-1,1,1,1,-1,-1,1,-1,1,1,1,-1,1,-1,-1,-1,1,1,-1,-1,1,-1,-1,1,1,1,-1,1,-1,-1,1,1,1,-1,1,-1,-1,1,1,-1,-1,-1,1,-1,1,1,-1,1,1,-1,1,1,-1,-1,1,-1,-1,-1,1,1,-1,1,1,-1,1,1,-1,-1,-1,-1,1,-1,-1,-1,-1,1,-1,-1,1,1,-1,1,1,-1,1,1,1,1,-1,1,-1,1,1,1,-1,-1,1,-1,-1,1,1,-1,-1,1,-1,1,1,1,-1,-1,1,-1,1,1,1,1,-1,1,-1,-1,1,1,-1,-1,-1,1,-1,1,-1,1,-1,1,-1,-1,1,-2668.0,1,2000,445,0,False
1603,1,1,-1,-1,1,1,-1,-1,1,1,1,-1,-1,1,-1,1,-1,1,-1,-1,-1,1,1,1,1,-1,-1,-1,1,1,1,1,1,-1,-1,-1,1,-1,1,-1,-1,-1,-1,1,1,1,1,-1,1,1,1,1,-1,1,-1,-1,1,-1,1,1,1,-1,-1,1,1,1,1,1,-1,-1,1,1,1,1,1,-1,-1,-1,1,1,1,-1,-1,-1,1,1,1,1,-1,-1,-1,1,1,1,1,-1,-1,1,1,-1,1,1,-1,-1,1,1,1,1,1,-1,-1,1,1,-1,1,1,-1,-1,1,1,1,1,1,1,-1,-1,1,1,-1,1,1,-1,1,1,1,1,1,1,-1,-1,1,1,1,1,1,-1,1,1,1,1,1,1,-1,-1,-1,1,1,1,1,-1,1,1,1,1,-1,1,-1,1,-1,1,1,1,-1,-1,1,1,1,1,1,-1,1,-1,-1,1,-1,1,-1,1,1,1,1,1,1,1,1,1,-1,1,-1,1,-1,1,1,-1,1,-1,1,1,-1,1,-1,1,-1,1,-1,1,1,-1,-1,-1,1,1,1,1,-1,-1,1,1,-1,-1,1,-1,1,-1,-1,1,-1,1,-1,1,-1,1,-1,1,1,-1,-1,-1,1,1,-1,1,-1,1,1,1,-1,1,1,-1,1,-1,1,-1,1,-1,1,-1,1,1,-1,1,-1,-1,-1,1,1,-1,1,-1,-1,-1,1,1,-1,-1,1,1,-1,-1,1,1,-1,1,1,-1,1,1,1,1,-1,1,-1,1,1,-1,1,-1,1,1,1,1,1,1,1,1,-1,-1,1,-1,-1,-1,1,1,-1,1,1,1,-1,1,1,1,1,1,1,-1,1,-1,1,1,1,-1,-1,1,-1,1,1,1,-1,1,1,-1,-1,1,1,1,-1,1,-1,1,1,1,-1,1,1,-1,1,1,1,-1,1,1,-1,1,1,1,-1,1,1,-1,-1,1,1,-1,1,1,-1,1,-1,1,-1,1,1,1,-1,1,1,1,1,1,1,-1,1,1,-1,1,1,1,-1,-1,-1,-1,1,1,1,-1,1,1,-1,1,1,-1,-1,1,1,1,1,1,-1,1,1,1,-1,1,1,1,1,-1,1,1,1,-1,1,-1,1,1,1,1,1,1,-1,-1,-1,1,-1,-1,1,-1,1,-1,1,1,1,1,1,-1,-1,1,-1,-1,1,-1,1,-1,1,1,1,1,1,1,-1,-1,1,-1,1,1,-1,-1,1,1,1,-1,1,-1,-1,-1,1,-1,1,1,-1,-1,1,1,1,1,-1,1,-1,1,-1,-1,1,-1,1,-1,1,-1,1,1,-1,-1,-1,1,-1,1,1,1,-1,-1,1,1,-1,1,-1,-1,-1,1,-1,1,1,1,-1,-1,1,-1,-1,1,-1,-1,-1,-1,-1,-1,1,-1,-1,-1,1,-1,-1,1,-1,-1,-1,-1,1,-1,1,-1,-1,1,-1,1,-1,-1,1,1,1,-1,1,-1,1,-1,1,1,1,-1,-1,-1,1,-1,-1,1,1,-1,1,1,-1,1,1,1,-1,1,1,-1,1,-1,1,-1,-1,1,-1,-1,1,1,-1,-1,1,-1,-1,1,1,1,-1,1,-1,-1,1,1,-1,-1,1,-1,-1,-1,1,1,-1,1,-1,-1,-1,1,-1,-1,1,-1,1,-1,1,1,-1,-1,1,-1,-1,-1,-1,-1,1,1,1,-1,-1,1,-1,-1,1,-1,-1,1,-1,-1,1,1,-1,-1,1,1,-1,1,1,-1,1,-1,1,-1,-1,1,1,-1,-1,-1,-1,1,1,-1,-1,1,-1,-1,-1,1,1,-1,-1,-1,-1,-1,1,-1,-1,-1,-1,-1,-1,1,1,-1,-1,-1,-1,1,1,1,-1,-1,-1,-1,-1,1,1,1,-1,-1,-1,-1,1,1,-1,-1,-1,-1,1,1,1,1,1,-1,1,1,1,1,1,1,-1,-1,1,1,1,-1,1,-1,1,1,1,1,-1,1,-1,-1,1,-1,1,-1,1,-1,-1,1,-1,1,-1,1,-1,-1,1,-1,1,-1,1,1,-1,1,-1,1,1,1,1,-1,1,-1,1,1,1,-1,-1,1,1,-1,1,1,-1,-1,1,-1,1,-1,1,-1,-1,-1,-1,-1,1,1,-1,-1,1,-1,-1,1,1,-1,-1,-1,-1,-1,-1,1,-1,-1,-1,-1,-1,1,-1,-1,1,-1,-1,1,-1,1,-1,-1,-1,-1,-1,1,1,1,-1,-1,-1,1,1,1,-1,-1,1,-1,-1,-1,1,-1,1,-1,-1,1,1,1,-1,-1,-1,-1,1,-1,1,1,-1,1,-1,-1,1,1,-1,-1,-1,-1,-1,-1,1,1,-1,-1,1,-1,1,1,-1,-1,-1,1,-1,1,1,-1,-1,1,-1,-1,1,1,1,-1,1,-1,1,1,1,-1,-1,1,-1,-1,1,1,1,-1,1,-1,-1,1,1,-1,1,1,-1,-1,1,1,1,1,1,-1,-1,1,1,-1,1,1,-1,-1,1,1,1,1,1,1,-1,-1,1,1,1,1,-1,-1,1,-1,1,1,1,1,-1,-1,1,-1,1,1,1,-1,1,1,1,1,-1,1,-1,1,1,1,1,1,1,1,-1,1,1,1,1,-1,1,-1,1,1,1,1,1,-1,1,1,1,1,-1,1,1,-1,1,1,-1,1,1,-1,-1,1,1,1,1,-1,1,-1,1,1,1,-1,-1,1,-1,1,1,1,-1,1,-1,-1,-1,1,1,-1,-1,1,-1,-1,1,1,-1,-1,1,-1,-1,1,1,1,-1,1,-1,-1,1,1,-1,-1,-1,1,-1,1,1,-1,1,1,-1,1,1,-1,-1,1,-1,-1,-1,1,1,-1,1,1,-1,1,1,-1,-1,1,-1,1,-1,-1,-1,-1,1,-1,-1,1,1,-1,1,1,-1,1,1,1,1,-1,1,-1,1,1,1,1,-1,1,-1,-1,1,1,1,-1,1,-1,1,1,1,1,-1,1,-1,1,1,1,-1,-1,1,-1,-1,1,1,-1,-1,-1,1,-1,1,-1,1,-1,1,-1,-1,1,-2668.0,1,2000,445,500,False
1604,1,1,-1,-1,1,1,-1,-1,1,1,1,-1,1,1,1,1,-1,1,-1,-1,1,-1,1,1,1,-1,-1,-1,1,1,1,1,-1,-1,-1,-1,1,1,1,1,-1,-1,-1,1,1,1,1,-1,1,1,1,1,-1,1,-1,-1,1,-1,1,1,1,-1,-1,-1,1,1,1,1,-1,-1,-1,1,1,1,1,-1,-1,-1,1,1,1,-1,-1,-1,1,1,1,1,-1,-1,-1,1,1,1,1,-1,-1,1,1,-1,1,1,-1,-1,1,1,1,1,1,-1,-1,1,1,1,1,1,-1,-1,1,1,1,1,1,1,-1,1,1,1,-1,1,1,-1,1,1,1,1,1,1,-1,-1,1,1,1,1,1,-1,1,1,1,1,1,1,-1,-1,-1,1,1,1,1,-1,1,1,1,1,-1,1,-1,1,-1,1,1,1,-1,-1,1,1,1,1,1,-1,1,-1,-1,1,1,1,-1,1,1,1,1,-1,1,1,1,1,-1,1,-1,1,-1,1,1,-1,1,-1,1,1,-1,1,-1,1,-1,1,-1,1,1,-1,1,-1,1,1,1,1,-1,-1,1,1,-1,-1,1,-1,1,1,-1,1,-1,1,-1,1,-1,1,-1,1,1,-1,-1,1,-1,1,-1,1,-1,1,1,1,-1,1,1,-1,1,-1,1,-1,1,-1,1,-1,1,1,-1,1,-1,-1,1,-1,1,-1,1,-1,-1,-1,1,1,-1,-1,1,1,-1,1,1,1,-1,1,1,-1,1,1,1,1,-1,1,-1,1,1,-1,1,-1,1,1,1,-1,1,1,1,1,-1,-1,1,-1,-1,-1,1,1,-1,1,1,1,-1,1,-1,-1,1,1,1,1,1,-1,1,1,1,-1,-1,1,-1,1,1,1,-1,1,1,-1,-1,1,1,1,-1,1,-1,1,1,1,-1,1,1,-1,1,1,1,-1,1,-1,-1,1,1,1,-1,1,-1,-1,-1,1,1,-1,1,-1,-1,1,-1,1,-1,1,1,-1,-1,1,1,1,1,1,-1,-1,1,1,-1,1,-1,1,-1,-1,-1,-1,1,1,-1,-1,1,1,-1,1,1,-1,-1,1,1,1,1,1,-1,1,1,1,-1,1,-1,-1,-1,-1,1,1,1,1,-1,-1,1,1,1,1,-1,-1,-1,-1,-1,1,-1,-1,-1,1,-1,1,1,1,1,1,1,1,-1,1,-1,1,-1,-1,1,-1,1,1,1,1,-1,1,-1,-1,1,1,-1,-1,1,-1,1,1,1,-1,-1,1,-1,-1,1,1,-1,1,1,-1,1,1,-1,-1,1,1,-1,1,-1,-1,-1,1,-1,-1,1,-1,-1,1,1,-1,-1,1,-1,-1,-1,1,-1,-1,1,-1,-1,-1,1,-1,-1,1,-1,-1,-1,1,1,-1,1,1,-1,-1,1,1,-1,-1,-1,1,-1,1,-1,-1,1,-1,-1,1,1,1,-1,-1,1,-1,1,-1,1,-1,-1,1,-1,-1,1,1,1,-1,1,-1,1,-1,-1,-1,1,-1,-1,-1,1,-1,-1,-1,1,1,-1,1,-1,1,-1,1,-1,1,1,-1,1,1,1,-1,-1,1,-1,1,-1,1,1,-1,1,-1,-1,1,1,-1,-1,1,-1,-1,-1,1,-1,-1,1,-1,1,1,1,1,-1,1,-1,-1,1,1,-1,-1,1,-1,-1,-1,1,1,-1,-1,1,1,-1,-1,-1,-1,1,1,1,-1,1,1,-1,-1,1,1,-1,1,-1,-1,1,1,1,1,-1,-1,-1,1,-1,1,1,1,1,-1,-1,1,1,1,-1,-1,-1,-1,1,1,1,1,-1,-1,-1,1,1,1,-1,-1,-1,-1,1,1,1,1,-1,-1,-1,1,1,1,1,-1,-1,-1,1,1,1,1,-1,-1,-1,1,1,-1,1,-1,-1,-1,1,1,1,1,-1,-1,1,-1,1,1,1,-1,1,1,-1,1,1,-1,-1,-1,1,1,1,-1,1,-1,1,-1,1,1,1,1,-1,-1,1,-1,1,-1,1,-1,-1,1,-1,1,-1,-1,-1,-1,-1,-1,1,1,-1,-1,-1,1,-1,1,-1,1,-1,1,-1,-1,1,-1,-1,-1,-1,1,-1,-1,-1,-1,-1,-1,1,-1,1,-1,-1,-1,-1,-1,1,-1,1,-1,-1,-1,1,-1,-1,1,-1,-1,-1,-1,1,1,1,-1,-1,-1,-1,-1,1,-1,-1,-1,1,-1,-1,1,-1,1,-1,-1,-1,-1,-1,-1,-1,1,-1,-1,-1,1,1,-1,-1,-1,1,1,-1,-1,-1,-1,1,-1,-1,1,-1,1,-1,-1,-1,-1,1,-1,1,1,-1,1,-1,-1,1,1,-1,-1,-1,-1,-1,-1,1,1,-1,-1,1,-1,1,1,-1,-1,-1,1,-1,-1,1,-1,-1,1,-1,-1,1,1,1,-1,1,-1,1,1,1,-1,-1,1,-1,-1,1,1,1,-1,1,-1,-1,1,1,-1,1,1,-1,-1,1,1,1,1,1,-1,-1,1,1,-1,1,1,-1,-1,1,1,1,1,1,1,-1,-1,1,1,1,1,-1,-1,1,-1,1,1,1,1,-1,-1,1,-1,1,1,1,-1,1,1,1,1,-1,1,-1,1,1,1,1,1,1,1,-1,1,1,1,1,-1,1,-1,1,1,1,1,1,-1,1,1,1,1,-1,1,1,-1,1,1,-1,1,1,-1,-1,1,1,1,1,-1,1,-1,1,1,1,-1,-1,1,-1,1,1,1,-1,1,-1,-1,-1,1,1,-1,-1,1,-1,-1,1,1,-1,-1,1,-1,-1,1,1,1,-1,1,-1,-1,1,1,-1,-1,-1,1,-1,1,1,-1,1,1,-1,1,1,-1,-1,1,-1,-1,-1,1,1,-1,1,1,-1,1,1,-1,-1,1,-1,1,-1,-1,-1,-1,1,-1,-1,1,1,-1,1,1,-1,1,1,1,1,-1,1,-1,1,1,1,1,-1,1,-1,-1,1,1,1,-1,1,-1,1,1,1,1,-1,1,-1,1,1,-1,-1,-1,1,-1,-1,1,1,-1,-1,-1,1,-1,1,-1,1,-1,1,-1,-1,1,-2668.0,1,2000,445,1000,False
1605,1,1,-1,-1,1,1,-1,-1,1,1,1,-1,1,1,1,1,-1,1,-1,-1,1,1,1,1,1,-1,1,-1,1,1,1,1,1,-1,-1,-1,1,1,1,-1,1,-1,-1,1,1,1,1,-1,1,1,1,1,-1,1,-1,-1,1,-1,1,1,1,-1,1,1,1,1,1,1,-1,1,1,1,1,1,1,-1,1,-1,1,1,1,-1,-1,1,1,1,1,1,-1,-1,-1,1,1,1,1,-1,1,1,1,-1,1,1,-1,-1,1,1,1,1,1,-1,-1,1,1,-1,1,1,-1,-1,1,1,1,1,1,1,-1,1,1,1,-1,1,1,-1,1,1,1,1,1,1,-1,1,1,1,1,1,1,-1,-1,1,1,1,1,1,-1,1,-1,1,1,1,1,-1,1,-1,1,1,-1,1,-1,1,-1,1,1,1,-1,-1,1,1,1,1,1,-1,1,-1,-1,1,-1,1,-1,1,1,1,1,1,1,1,1,1,-1,1,-1,1,-1,1,1,-1,1,-1,1,1,-1,1,-1,1,-1,1,-1,1,1,-1,1,-1,1,1,1,1,-1,-1,1,1,-1,-1,1,-1,1,-1,-1,1,-1,1,-1,1,-1,1,-1,1,1,-1,1,-1,1,1,-1,1,-1,1,1,1,-1,1,1,-1,-1,-1,1,-1,1,-1,1,-1,1,1,-1,1,-1,-1,-1,1,1,-1,1,-1,-1,-1,1,1,-1,-1,1,1,-1,-1,1,1,-1,1,1,-1,1,1,1,1,-1,1,-1,1,1,-1,1,-1,1,1,1,1,1,1,1,1,-1,-1,1,-1,-1,-1,1,1,-1,1,1,1,-1,1,1,1,1,1,1,1,1,-1,1,1,1,-1,-1,1,-1,1,1,1,-1,1,1,-1,-1,1,1,1,-1,1,-1,1,1,1,-1,1,1,-1,1,1,1,-1,1,1,-1,1,1,1,-1,1,1,1,-1,1,1,-1,1,1,-1,1,-1,1,-1,1,1,1,-1,1,1,1,-1,1,1,-1,1,1,-1,1,1,1,-1,-1,-1,-1,1,1,1,-1,1,1,-1,1,1,-1,-1,1,1,1,1,1,-1,1,1,1,-1,1,1,1,1,-1,1,1,1,-1,1,-1,1,-1,1,1,1,1,-1,-1,-1,1,-1,-1,1,-1,1,-1,1,1,1,1,1,-1,-1,1,-1,-1,1,-1,1,-1,1,1,1,1,1,1,-1,-1,1,-1,1,1,-1,-1,1,1,1,-1,1,-1,-1,-1,1,-1,1,1,-1,-1,1,1,1,1,-1,1,-1,1,-1,-1,1,-1,-1,1,1,-1,1,1,-1,-1,-1,1,-1,1,1,1,-1,-1,1,1,-1,1,-1,-1,-1,1,-1,1,1,1,-1,-1,1,-1,-1,1,-1,-1,-1,1,-1,-1,1,-1,-1,-1,1,-1,-1,1,-1,-1,-1,-1,1,-1,1,-1,-1,-1,1,1,-1,-1,1,1,1,-1,1,-1,1,-1,1,1,1,-1,-1,1,1,-1,-1,-1,1,-1,1,1,-1,1,1,1,-1,1,1,-1,-1,-1,1,-1,-1,1,-1,-1,1,1,-1,-1,1,-1,-1,1,1,1,-1,1,-1,-1,1,1,-1,-1,1,-1,-1,-1,1,1,-1,1,1,-1,-1,1,-1,-1,1,-1,1,-1,1,1,-1,-1,1,-1,-1,-1,-1,-1,1,1,1,-1,-1,1,-1,-1,1,-1,-1,1,-1,-1,-1,1,-1,-1,1,1,-1,1,1,-1,1,-1,1,-1,-1,1,1,-1,-1,-1,-1,1,1,-1,-1,1,-1,-1,-1,1,1,-1,-1,-1,-1,-1,1,-1,-1,-1,-1,-1,1,1,1,-1,-1,-1,-1,-1,1,1,-1,-1,-1,-1,-1,1,1,1,-1,-1,-1,-1,1,1,-1,-1,-1,-1,1,1,1,1,1,-1,1,1,1,1,1,1,-1,-1,1,1,1,-1,-1,-1,1,1,1,1,-1,1,-1,-1,1,-1,1,-1,1,-1,-1,1,-1,1,-1,1,-1,-1,1,-1,1,-1,1,-1,-1,1,-1,1,1,1,-1,-1,1,-1,1,1,1,-1,-1,1,1,-1,1,1,-1,-1,1,-1,1,-1,1,-1,-1,-1,-1,-1,1,1,-1,-1,1,-1,-1,1,1,-1,-1,-1,-1,-1,-1,1,-1,-1,-1,-1,-1,1,-1,-1,1,-1,-1,1,-1,1,-1,-1,-1,-1,-1,1,1,1,-1,-1,-1,1,1,1,-1,-1,1,1,-1,-1,1,-1,1,-1,-1,1,1,1,-1,-1,-1,-1,1,-1,1,1,-1,1,-1,-1,1,1,-1,-1,-1,-1,-1,-1,1,1,-1,-1,1,-1,1,1,-1,-1,-1,1,-1,1,1,-1,-1,1,-1,-1,1,1,1,-1,1,-1,1,1,1,-1,-1,1,-1,-1,1,1,1,-1,1,-1,-1,1,1,-1,1,1,-1,-1,1,1,1,1,1,-1,-1,1,1,-1,1,1,-1,-1,1,1,1,1,1,1,-1,1,1,1,-1,1,-1,-1,1,-1,1,1,1,1,-1,-1,1,-1,1,1,1,-1,1,-1,1,1,-1,1,-1,1,1,1,1,1,1,1,-1,-1,1,1,1,-1,1,-1,1,1,1,1,1,-1,1,-1,1,1,-1,1,1,-1,1,1,-1,1,1,-1,-1,1,1,1,1,-1,1,-1,-1,1,1,-1,-1,1,-1,1,1,1,-1,1,-1,-1,-1,-1,1,-1,-1,1,-1,-1,1,-1,1,-1,1,-1,-1,-1,1,1,-1,1,-1,-1,1,1,-1,-1,-1,1,-1,1,-1,-1,1,1,-1,1,1,-1,-1,1,1,-1,-1,-1,1,-1,1,1,-1,1,-1,1,-1,-1,-1,1,-1,-1,-1,-1,1,-1,-1,1,1,-1,1,1,-1,1,1,-1,-1,-1,1,-1,1,1,1,1,-1,1,-1,-1,1,1,-1,-1,1,-1,1,1,1,-1,-1,1,-1,1,1,-1,-1,-1,1,-1,-1,1,1,-1,-1,-1,1,-1,1,-1,1,-1,1,-1,-1,1,-2668.0,1,2000,445,1000,False
1606,1,1,-1,-1,1,-1,-1,-1,1,1,1,-1,1,1,1,1,-1,1,-1,-1,-1,-1,1,1,1,-1,-1,-1,1,1,1,1,-1,-1,-1,-1,1,1,1,1,-1,-1,-1,1,1,1,1,-1,1,1,1,1,-1,1,-1,-1,1,-1,1,1,1,-1,-1,-1,1,1,1,1,-1,-1,-1,1,1,1,1,-1,-1,-1,1,1,1,-1,-1,-1,1,1,1,1,-1,-1,-1,1,1,1,1,-1,-1,1,1,-1,1,1,-1,-1,1,1,1,1,1,-1,-1,1,1,-1,1,1,-1,-1,1,1,1,1,1,1,-1,-1,1,1,-1,1,1,-1,1,1,1,1,1,1,-1,-1,1,1,1,1,1,-1,1,1,1,1,1,1,-1,-1,-1,1,1,1,1,-1,1,1,1,1,-1,1,-1,1,-1,1,1,1,-1,-1,1,1,1,1,1,-1,1,-1,-1,1,-1,1,-1,1,1,1,1,1,1,1,1,1,-1,1,-1,1,-1,1,1,-1,1,-1,1,1,-1,1,-1,1,-1,1,-1,1,1,-1,1,-1,1,1,1,1,-1,-1,1,1,-1,-1,1,-1,1,-1,-1,1,-1,1,-1,1,-1,1,-1,1,1,-1,-1,-1,1,1,-1,1,-1,1,1,1,-1,1,1,-1,1,-1,1,-1,1,-1,1,-1,1,1,-1,1,-1,-1,-1,1,1,-1,1,-1,-1,-1,1,1,-1,-1,1,1,-1,-1,1,1,-1,1,1,-1,1,1,1,1,-1,1,-1,1,1,-1,1,-1,1,-1,1,1,1,1,1,1,-1,-1,1,-1,-1,1,1,1,-1,1,1,1,-1,1,1,1,1,1,1,-1,1,-1,1,1,1,-1,-1,1,-1,1,1,1,-1,1,1,-1,-1,1,1,1,-1,1,-1,1,1,1,-1,1,1,-1,1,1,1,-1,1,1,-1,1,1,1,-1,1,1,-1,-1,1,1,-1,1,1,-1,1,-1,1,-1,1,-1,1,-1,1,1,1,1,-1,1,-1,1,1,-1,1,1,1,-1,-1,-1,-1,1,-1,1,-1,1,1,-1,1,1,-1,-1,1,1,1,1,1,-1,1,1,1,-1,1,1,1,1,-1,1,1,1,-1,1,-1,1,1,1,1,1,1,-1,-1,-1,1,-1,1,1,-1,1,-1,1,1,1,1,1,-1,-1,1,-1,-1,1,-1,1,-1,1,1,1,1,1,1,-1,-1,1,-1,1,1,-1,-1,1,1,1,-1,1,-1,-1,-1,1,-1,1,1,-1,-1,1,1,1,1,-1,1,-1,1,-1,1,1,-1,-1,-1,1,-1,1,1,-1,-1,-1,1,-1,1,1,1,-1,-1,1,1,-1,1,-1,-1,-1,1,-1,1,1,1,-1,-1,1,1,-1,1,-1,-1,-1,-1,-1,-1,1,-1,-1,-1,1,-1,-1,1,-1,-1,-1,-1,1,-1,1,-1,-1,-1,-1,1,-1,-1,1,1,1,-1,1,-1,1,-1,1,1,1,-1,-1,-1,1,-1,1,1,1,1,-1,1,-1,-1,1,1,-1,1,1,-1,1,-1,1,-1,-1,1,-1,-1,1,1,1,-1,1,-1,-1,1,1,-1,-1,1,-1,1,1,1,-1,-1,1,-1,-1,-1,1,1,-1,1,1,-1,-1,1,-1,-1,1,-1,1,-1,1,1,-1,-1,1,-1,-1,-1,-1,-1,1,1,1,-1,-1,1,-1,-1,1,-1,-1,1,-1,-1,1,1,-1,-1,1,1,-1,1,1,-1,1,-1,1,-1,-1,1,1,-1,-1,-1,-1,1,1,-1,-1,1,-1,-1,-1,1,1,-1,-1,-1,-1,-1,1,-1,-1,-1,-1,-1,1,1,1,-1,-1,-1,-1,-1,1,1,-1,-1,-1,-1,-1,1,1,1,-1,-1,-1,-1,1,1,-1,-1,-1,-1,1,1,1,1,1,-1,1,1,1,1,1,1,-1,-1,1,1,1,-1,-1,-1,1,1,1,1,-1,1,-1,-1,1,-1,1,-1,1,-1,-1,1,-1,1,-1,1,-1,-1,1,-1,1,-1,1,-1,-1,1,-1,1,1,1,-1,-1,1,-1,1,1,1,-1,-1,1,1,-1,1,1,-1,-1,1,-1,1,-1,1,-1,-1,-1,-1,-1,1,1,-1,-1,1,-1,-1,1,1,-1,-1,-1,-1,-1,-1,1,-1,-1,-1,-1,1,1,-1,-1,1,-1,-1,1,-1,1,-1,-1,-1,-1,-1,1,1,1,-1,-1,-1,1,1,1,-1,-1,1,1,-1,-1,1,-1,1,-1,-1,1,1,1,-1,-1,-1,-1,1,-1,1,1,-1,1,-1,-1,1,1,-1,-1,-1,-1,-1,-1,1,1,-1,-1,1,-1,1,1,-1,-1,-1,1,-1,1,1,-1,-1,1,-1,-1,1,1,1,-1,1,-1,1,1,1,-1,-1,1,-1,-1,1,1,1,-1,1,-1,-1,1,1,-1,1,1,-1,-1,1,1,-1,1,1,-1,-1,1,1,-1,1,1,-1,-1,1,1,1,1,1,1,-1,-1,1,1,-1,1,-1,-1,1,-1,1,1,1,1,-1,-1,1,-1,1,1,1,-1,1,1,1,1,-1,1,-1,1,1,1,1,1,1,1,-1,1,1,1,1,-1,1,-1,1,1,1,1,1,-1,1,1,1,1,-1,1,1,-1,1,1,-1,1,1,-1,-1,1,1,1,1,-1,1,-1,1,1,1,-1,-1,1,-1,1,1,1,-1,1,-1,-1,-1,1,1,-1,-1,1,-1,-1,1,1,-1,-1,1,-1,-1,1,1,1,-1,1,-1,-1,1,1,-1,-1,-1,1,-1,-1,1,-1,1,1,-1,1,1,-1,-1,1,-1,-1,-1,1,1,-1,1,1,-1,1,1,-1,-1,-1,-1,1,-1,-1,-1,-1,1,-1,-1,1,1,-1,1,1,-1,1,1,1,1,-1,1,-1,1,1,1,1,-1,1,-1,-1,1,1,1,-1,1,-1,1,1,1,1,-1,1,-1,1,1,1,-1,-1,1,-1,-1,1,1,-1,-1,-1,1,-1,1,1,1,-1,1,-1,-1,1,-2668.0,1,2000,445,1000,False
1607,1,1,-1,-1,1,-1,-1,-1,1,1,1,-1,1,1,-1,1,-1,1,-1,-1,-1,1,1,1,1,-1,-1,-1,1,1,1,1,-1,-1,-1,-1,1,1,1,1,-1,-1,-1,1,1,1,1,-1,1,1,1,1,-1,1,-1,-1,1,-1,1,1,1,-1,-1,1,1,1,1,1,-1,-1,1,1,1,1,1,-1,-1,-1,1,1,1,-1,-1,-1,1,1,1,1,-1,-1,-1,1,1,1,1,-1,-1,1,1,-1,1,1,-1,-1,1,1,1,1,1,-1,-1,1,1,-1,1,1,-1,-1,1,1,1,1,1,1,-1,-1,1,1,-1,1,1,-1,1,1,1,1,1,1,-1,-1,1,1,1,1,1,-1,1,1,1,1,1,1,-1,-1,-1,1,1,1,1,-1,1,-1,1,1,-1,1,-1,1,-1,1,1,1,-1,-1,1,1,1,1,1,-1,1,-1,-1,1,-1,1,-1,1,1,1,1,1,1,1,1,1,-1,1,-1,1,-1,1,1,-1,1,-1,1,1,-1,1,-1,1,-1,1,-1,1,1,-1,1,-1,1,1,1,1,-1,-1,1,1,-1,-1,1,-1,1,-1,-1,1,-1,1,-1,1,-1,1,-1,1,1,-1,-1,-1,1,1,-1,1,-1,1,1,1,-1,1,1,-1,1,-1,1,-1,1,-1,1,-1,1,1,-1,1,-1,-1,-1,1,1,-1,1,-1,-1,-1,1,1,-1,-1,1,1,-1,-1,1,1,-1,1,1,-1,1,1,1,1,-1,1,-1,1,1,-1,1,-1,1,1,1,1,1,1,1,1,-1,-1,1,-1,-1,-1,1,1,-1,1,1,1,-1,1,1,1,1,1,1,-1,1,-1,1,1,1,-1,1,1,-1,1,1,1,-1,1,1,-1,-1,1,1,1,-1,1,-1,1,1,1,-1,1,1,-1,1,1,1,-1,1,1,-1,1,1,1,-1,1,1,-1,-1,1,1,1,1,1,-1,1,-1,1,-1,1,-1,1,-1,1,1,1,-1,-1,1,-1,1,1,-1,1,1,1,-1,-1,-1,-1,1,1,1,-1,1,1,-1,1,1,-1,-1,1,1,-1,1,1,-1,1,1,1,1,1,1,1,1,-1,1,-1,-1,-1,1,-1,1,-1,-1,1,1,1,-1,-1,-1,1,-1,1,1,1,-1,1,-1,1,1,1,1,1,-1,1,-1,-1,1,-1,1,-1,-1,-1,-1,1,1,1,-1,-1,1,-1,1,1,1,-1,1,-1,1,-1,1,1,-1,-1,1,-1,1,1,1,-1,-1,-1,1,1,1,1,-1,-1,1,1,1,1,-1,1,-1,1,-1,1,1,-1,-1,-1,-1,1,1,1,-1,1,-1,1,-1,1,1,-1,-1,1,-1,1,1,1,1,-1,1,-1,-1,-1,1,1,-1,-1,-1,1,-1,1,-1,-1,1,-1,-1,1,-1,1,-1,-1,-1,-1,1,-1,1,-1,-1,1,-1,-1,1,1,1,-1,1,-1,1,-1,-1,-1,1,-1,-1,1,1,-1,1,1,1,-1,1,1,-1,-1,1,1,-1,1,1,-1,1,-1,1,-1,-1,1,-1,-1,1,1,-1,-1,1,-1,-1,1,1,1,-1,1,-1,1,1,1,-1,-1,1,-1,-1,-1,1,1,-1,1,1,-1,-1,1,-1,-1,1,-1,1,1,1,1,-1,-1,1,-1,-1,-1,-1,-1,1,1,1,-1,1,1,-1,-1,1,-1,1,-1,-1,-1,1,1,-1,-1,-1,1,-1,1,1,-1,1,1,1,-1,-1,1,1,-1,-1,-1,-1,1,1,-1,-1,1,-1,-1,-1,1,1,-1,-1,-1,-1,-1,1,-1,-1,1,-1,-1,1,1,1,-1,1,-1,-1,-1,1,1,-1,-1,-1,-1,-1,1,1,1,-1,-1,-1,-1,1,1,-1,-1,-1,-1,1,1,1,1,-1,-1,1,1,1,1,1,-1,-1,-1,1,1,1,1,1,-1,1,1,1,1,-1,1,-1,-1,1,-1,1,-1,1,-1,-1,1,-1,1,-1,-1,-1,-1,1,-1,1,-1,1,-1,-1,1,-1,1,-1,1,-1,-1,1,-1,1,-1,-1,-1,-1,1,1,-1,-1,-1,-1,-1,1,-1,1,-1,-1,-1,-1,-1,-1,-1,1,-1,-1,-1,1,-1,-1,1,-1,-1,-1,-1,-1,-1,1,-1,-1,-1,-1,-1,1,-1,-1,-1,1,-1,-1,1,-1,1,-1,-1,-1,-1,-1,-1,-1,1,-1,-1,-1,1,1,1,-1,-1,1,-1,-1,-1,-1,-1,1,-1,-1,1,1,1,-1,-1,-1,-1,1,-1,1,1,-1,1,-1,-1,1,1,-1,-1,-1,-1,-1,-1,1,1,-1,-1,1,-1,1,1,-1,-1,-1,1,-1,1,1,-1,-1,1,-1,-1,1,1,1,-1,1,-1,1,1,1,-1,-1,1,-1,-1,1,1,1,-1,1,-1,-1,1,1,-1,1,1,-1,-1,1,1,1,1,1,-1,-1,1,1,-1,1,1,-1,-1,1,1,1,1,1,1,-1,1,1,1,-1,1,-1,-1,1,-1,1,1,1,1,-1,-1,1,-1,1,1,1,-1,1,1,1,1,-1,1,-1,1,1,1,1,1,1,1,-1,1,1,1,1,-1,1,-1,1,1,1,1,1,1,1,1,1,1,-1,1,-1,1,1,1,-1,1,1,1,1,-1,1,1,1,-1,1,1,1,1,1,-1,-1,1,-1,1,1,1,-1,1,-1,1,1,1,1,-1,-1,1,1,-1,1,1,1,-1,1,1,-1,1,1,1,-1,1,-1,1,1,1,-1,-1,-1,-1,1,-1,1,-1,1,1,1,1,1,-1,-1,1,1,1,1,1,1,-1,1,-1,1,1,1,-1,-1,-1,-1,-1,-1,-1,-1,-1,1,-1,1,1,1,-1,1,1,-1,-1,1,1,1,-1,1,-1,1,1,1,1,-1,1,-1,1,1,1,1,-1,1,-1,1,1,1,1,-1,1,-1,1,-1,1,-1,-1,1,-1,-1,1,1,-1,-1,-1,-1,1,1,-1,1,-1,1,-1,-1,1,-2668.0,1,2000,445,0,False
1608,1,1,-1,-1,1,1,-1,-1,1,1,1,-1,1,1,1,1,-1,1,-1,-1,1,1,1,1,1,-1,1,-1,1,1,1,1,1,-1,-1,-1,1,1,1,1,-1,-1,1,1,1,1,1,-1,1,1,1,1,-1,1,-1,-1,1,-1,1,1,1,-1,-1,1,1,1,1,1,-1,-1,1,1,1,1,1,-1,-1,-1,1,1,1,-1,-1,-1,1,1,1,1,-1,-1,-1,1,1,1,1,-1,-1,1,1,-1,1,1,-1,-1,1,1,1,1,1,-1,-1,1,1,1,1,1,-1,-1,1,1,1,1,1,1,-1,-1,1,1,-1,1,1,-1,1,1,1,1,1,1,-1,-1,1,1,1,1,1,-1,1,1,1,1,1,1,-1,-1,-1,1,1,1,1,-1,1,-1,1,1,-1,1,-1,1,-1,1,1,1,-1,-1,1,1,1,1,1,-1,1,-1,-1,1,-1,1,-1,1,1,1,1,1,1,1,1,1,-1,1,-1,1,-1,1,1,-1,1,-1,1,1,-1,1,-1,1,-1,1,-1,1,1,-1,1,-1,1,1,1,1,-1,-1,1,1,-1,-1,1,-1,1,-1,-1,1,-1,1,-1,1,-1,1,-1,1,1,-1,-1,-1,1,1,-1,1,-1,1,1,1,-1,1,1,-1,1,-1,1,-1,1,-1,1,-1,1,1,-1,1,-1,-1,-1,1,1,-1,1,-1,1,-1,1,1,-1,-1,1,1,-1,-1,1,1,-1,1,1,-1,1,1,1,1,-1,1,-1,1,1,-1,1,-1,1,1,-1,1,1,-1,-1,1,-1,-1,1,-1,-1,-1,-1,1,-1,1,1,1,-1,1,-1,-1,1,1,1,1,1,-1,1,1,1,1,-1,1,-1,1,1,1,-1,1,1,-1,-1,1,1,1,-1,1,-1,1,1,1,-1,1,1,-1,1,1,1,-1,1,-1,-1,1,1,1,1,1,-1,-1,-1,1,1,-1,1,-1,-1,1,-1,1,-1,1,1,-1,-1,1,1,1,-1,1,-1,-1,1,1,-1,1,-1,-1,-1,-1,-1,-1,1,1,-1,-1,1,1,-1,1,-1,1,-1,1,1,1,1,-1,-1,1,1,1,-1,1,-1,-1,-1,-1,1,1,1,1,-1,-1,1,1,1,1,-1,-1,1,-1,-1,1,-1,1,-1,-1,1,-1,1,1,-1,-1,1,1,-1,1,-1,1,-1,-1,1,-1,1,1,-1,-1,-1,1,-1,-1,1,1,-1,-1,1,-1,1,1,-1,1,-1,1,-1,-1,1,1,-1,-1,1,-1,1,1,-1,-1,1,1,-1,1,-1,1,-1,1,-1,-1,1,-1,1,-1,1,-1,-1,1,-1,-1,-1,1,-1,-1,1,1,1,-1,1,-1,-1,1,-1,-1,1,-1,1,-1,1,1,1,-1,1,1,-1,-1,-1,1,-1,1,-1,-1,1,-1,1,1,1,1,-1,-1,1,1,-1,1,1,-1,-1,1,1,1,-1,1,1,-1,1,1,1,1,-1,1,1,-1,-1,1,-1,1,-1,1,1,-1,1,1,-1,1,-1,-1,-1,1,1,-1,1,1,-1,1,-1,1,-1,1,1,-1,-1,-1,1,-1,-1,-1,-1,1,-1,1,-1,-1,-1,-1,-1,-1,1,-1,1,1,1,1,-1,1,-1,1,1,-1,-1,-1,1,-1,-1,1,-1,1,-1,-1,1,1,1,1,-1,-1,1,1,1,1,-1,1,-1,-1,1,1,1,-1,-1,-1,1,1,1,1,-1,-1,-1,1,-1,1,-1,1,1,-1,-1,1,1,1,-1,-1,-1,-1,1,1,1,1,-1,-1,-1,1,1,1,1,-1,-1,-1,1,-1,1,-1,-1,-1,1,1,1,1,1,-1,-1,-1,1,1,1,1,-1,-1,-1,1,1,-1,1,-1,-1,-1,1,1,1,1,-1,-1,1,1,1,1,-1,-1,1,1,-1,1,1,-1,-1,-1,1,1,1,1,1,-1,1,1,1,1,1,-1,-1,-1,1,-1,1,-1,-1,-1,-1,1,-1,1,1,1,-1,-1,1,-1,1,1,-1,-1,-1,1,1,1,1,-1,-1,-1,1,-1,1,1,-1,-1,-1,1,1,-1,-1,-1,-1,-1,1,-1,1,-1,-1,-1,-1,-1,-1,-1,1,-1,-1,-1,1,-1,-1,1,-1,-1,-1,-1,-1,-1,1,-1,-1,-1,-1,-1,1,-1,-1,-1,1,-1,-1,1,-1,1,-1,-1,-1,-1,-1,-1,-1,1,-1,-1,-1,1,1,1,-1,-1,1,-1,-1,-1,-1,-1,1,-1,-1,1,1,1,-1,-1,-1,-1,1,-1,1,1,-1,1,-1,-1,1,1,-1,-1,-1,-1,-1,-1,1,1,-1,-1,1,-1,1,1,-1,-1,-1,1,-1,1,1,-1,-1,1,-1,-1,1,1,1,-1,1,-1,1,1,1,-1,-1,1,-1,-1,1,-1,1,-1,1,-1,-1,1,1,-1,1,1,-1,-1,1,1,1,1,1,-1,-1,1,1,1,1,1,-1,-1,1,1,1,1,1,1,-1,-1,1,1,-1,1,-1,-1,1,-1,1,1,1,1,-1,-1,1,-1,1,1,1,-1,1,1,1,1,-1,1,-1,1,1,1,1,1,1,1,-1,1,1,1,1,-1,1,-1,1,1,1,1,1,-1,1,1,1,1,-1,-1,1,-1,1,1,-1,1,1,-1,-1,1,1,1,-1,1,1,-1,1,1,1,-1,-1,1,-1,1,1,1,-1,1,-1,-1,-1,1,1,-1,-1,1,-1,-1,1,1,-1,-1,1,-1,-1,-1,1,1,1,-1,-1,-1,1,1,-1,-1,-1,1,-1,-1,1,-1,1,1,-1,1,1,-1,-1,1,-1,-1,-1,1,1,-1,1,1,-1,1,1,-1,-1,-1,-1,1,-1,-1,-1,-1,1,-1,-1,1,1,-1,1,1,-1,1,1,1,1,-1,1,-1,1,1,1,1,-1,1,-1,-1,1,1,1,-1,1,-1,1,1,1,1,-1,1,-1,1,1,-1,-1,-1,1,-1,-1,1,1,-1,-1,-1,1,-1,1,-1,1,-1,1,-1,-1,1,-2668.0,1,2000,445,0,False
1609,1,1,-1,-1,1,1,-1,-1,1,1,1,-1,1,1,1,1,-1,1,-1,-1,-1,-1,1,1,1,-1,-1,-1,1,1,1,1,-1,-1,-1,-1,1,1,1,1,-1,-1,-1,1,1,1,1,-1,1,1,1,1,-1,1,-1,-1,1,-1,1,1,1,-1,-1,-1,1,1,1,1,-1,-1,-1,1,1,1,1,-1,-1,-1,1,1,1,-1,-1,-1,1,1,1,1,-1,-1,1,1,1,1,1,-1,-1,-1,1,-1,1,1,-1,-1,1,1,1,1,1,-1,-1,-1,1,-1,1,1,-1,-1,1,1,1,1,1,1,-1,-1,1,1,-1,1,1,-1,1,1,1,1,1,1,-1,1,1,1,1,1,1,-1,1,1,1,1,1,1,-1,-1,-1,1,1,1,1,-1,1,1,1,1,-1,1,-1,1,-1,1,1,1,-1,-1,1,1,1,1,1,-1,1,-1,-1,1,-1,1,-1,1,1,1,1,1,1,1,1,1,-1,1,-1,1,-1,1,1,-1,1,-1,1,1,-1,1,-1,1,-1,1,-1,1,1,-1,1,-1,1,1,1,1,-1,-1,1,1,-1,-1,1,-1,1,-1,1,1,-1,1,-1,1,-1,1,-1,1,1,-1,-1,-1,1,-1,-1,1,-1,1,1,1,-1,1,-1,-1,-1,-1,1,-1,1,1,1,-1,1,1,-1,1,-1,-1,-1,1,1,-1,1,-1,-1,-1,1,1,1,-1,1,1,-1,-1,1,-1,-1,1,1,-1,1,1,1,-1,-1,1,-1,1,1,-1,1,-1,1,1,1,1,-1,-1,-1,1,-1,-1,1,-1,1,-1,1,1,-1,1,1,1,-1,1,1,1,1,1,-1,-1,1,-1,1,1,-1,1,-1,1,-1,1,1,1,-1,1,1,-1,-1,1,1,-1,1,1,-1,1,1,1,1,1,1,-1,1,1,1,1,1,1,-1,1,1,1,1,1,1,1,-1,1,1,1,1,1,-1,1,-1,1,-1,1,1,1,-1,1,1,1,1,1,1,-1,1,1,1,1,-1,1,-1,-1,-1,-1,1,1,1,-1,1,1,-1,1,1,-1,-1,1,1,1,1,1,-1,1,1,1,-1,1,1,1,-1,-1,1,1,1,-1,1,-1,1,-1,1,1,1,1,-1,-1,-1,1,-1,-1,1,1,-1,1,1,1,1,1,1,1,-1,1,-1,-1,1,-1,1,-1,1,1,1,1,1,1,-1,-1,1,-1,1,1,1,-1,1,1,1,-1,1,1,-1,1,1,-1,1,1,1,-1,1,1,1,1,1,1,-1,1,-1,-1,1,1,-1,1,1,-1,1,1,1,-1,-1,1,-1,1,1,1,-1,-1,1,-1,-1,1,1,-1,-1,1,-1,1,1,1,1,-1,1,1,-1,1,1,1,-1,-1,1,-1,1,1,-1,-1,1,-1,-1,1,-1,1,-1,-1,1,-1,1,-1,1,-1,-1,1,-1,-1,1,1,1,-1,1,-1,1,-1,1,-1,1,-1,-1,-1,1,-1,-1,1,1,1,-1,1,-1,1,1,1,-1,1,1,-1,1,-1,1,-1,-1,1,-1,-1,1,1,1,-1,1,-1,-1,1,1,-1,-1,1,-1,-1,1,1,-1,-1,1,-1,-1,-1,1,1,-1,1,1,-1,-1,1,-1,-1,1,-1,1,-1,1,1,-1,-1,1,-1,-1,-1,-1,-1,1,1,1,-1,-1,1,-1,-1,1,-1,-1,1,-1,-1,1,1,-1,-1,1,1,-1,1,1,-1,1,-1,1,-1,-1,1,1,-1,-1,-1,-1,1,1,-1,-1,1,-1,-1,-1,1,1,-1,-1,-1,-1,-1,1,-1,-1,-1,-1,-1,1,1,1,-1,-1,-1,-1,-1,1,1,-1,-1,-1,-1,-1,1,1,1,-1,-1,-1,-1,1,1,-1,-1,-1,-1,1,1,1,1,-1,-1,1,1,1,1,1,-1,-1,-1,1,1,1,-1,1,-1,1,1,1,1,-1,1,-1,-1,1,-1,1,-1,1,-1,-1,1,-1,1,-1,-1,-1,-1,1,-1,1,-1,1,-1,-1,1,-1,1,-1,1,-1,-1,1,-1,1,-1,-1,-1,-1,1,1,-1,-1,-1,-1,-1,1,-1,1,-1,-1,-1,-1,-1,-1,-1,1,-1,-1,-1,1,-1,-1,1,-1,-1,-1,-1,-1,1,1,-1,-1,-1,-1,-1,1,-1,-1,-1,1,-1,-1,1,-1,1,-1,-1,-1,-1,-1,-1,-1,1,-1,-1,-1,1,1,-1,-1,-1,-1,1,-1,-1,-1,-1,1,-1,-1,1,-1,1,-1,-1,-1,-1,1,-1,1,1,-1,1,-1,-1,1,1,-1,-1,-1,-1,-1,-1,1,1,-1,-1,1,-1,1,1,-1,-1,-1,-1,-1,1,1,-1,-1,1,1,-1,1,1,1,-1,1,-1,1,1,1,-1,-1,1,-1,-1,1,1,1,-1,1,-1,-1,1,1,-1,1,1,1,-1,1,1,1,1,1,1,-1,1,1,-1,1,1,1,-1,1,1,1,1,1,-1,-1,1,1,1,1,1,1,-1,1,-1,1,1,1,1,-1,-1,1,-1,1,1,1,-1,1,1,1,1,-1,1,-1,1,1,1,1,1,1,-1,-1,-1,1,1,1,-1,1,-1,1,1,1,1,-1,1,-1,1,1,1,-1,-1,1,-1,1,1,-1,1,-1,-1,-1,1,1,1,-1,1,-1,-1,1,1,1,-1,-1,-1,-1,1,1,1,-1,1,-1,-1,-1,1,1,-1,1,-1,-1,-1,1,1,-1,1,-1,1,-1,1,1,1,1,1,-1,-1,1,1,-1,-1,1,1,-1,1,1,-1,1,-1,-1,1,1,-1,-1,1,-1,-1,-1,1,1,-1,1,1,-1,1,1,-1,-1,-1,-1,1,-1,-1,-1,-1,1,-1,-1,1,1,-1,1,1,-1,1,1,1,1,-1,1,-1,1,1,1,-1,-1,1,-1,-1,-1,1,-1,1,1,-1,1,1,1,-1,-1,1,-1,1,1,1,1,-1,1,-1,-1,1,1,1,-1,1,1,-1,1,-1,1,-1,1,-1,-1,1,-2668.0,1,2000,445,1000,False
1610,1,1,-1,-1,1,1,-1,1,1,1,1,-1,1,1,1,1,-1,1,-1,-1,-1,1,1,1,1,-1,1,-1,1,1,1,1,-1,-1,-1,1,-1,1,1,1,-1,-1,1,1,1,1,1,-1,1,1,1,1,-1,1,-1,-1,1,-1,1,1,1,-1,-1,-1,1,1,1,1,-1,-1,1,-1,1,1,1,-1,-1,1,-1,1,1,-1,-1,-1,-1,1,1,1,-1,-1,-1,1,-1,1,1,-1,-1,1,-1,1,1,1,-1,-1,1,-1,-1,1,1,-1,-1,1,-1,-1,1,1,-1,-1,1,-1,-1,1,1,1,-1,-1,-1,-1,-1,1,1,-1,1,-1,-1,1,1,1,-1,-1,-1,-1,-1,1,1,-1,1,-1,-1,1,1,1,-1,-1,1,-1,-1,1,1,-1,1,1,-1,1,1,1,-1,1,1,-1,1,1,-1,-1,1,-1,-1,1,1,-1,1,-1,1,-1,1,1,-1,1,1,-1,-1,-1,1,1,1,1,1,-1,1,1,-1,1,1,1,-1,-1,1,1,-1,1,1,-1,1,1,-1,1,1,1,-1,1,1,1,1,1,1,1,-1,1,-1,-1,1,1,-1,-1,1,1,1,1,1,-1,-1,1,-1,1,1,1,1,-1,1,1,-1,1,1,-1,1,1,-1,1,1,1,-1,-1,1,-1,1,-1,1,1,1,1,-1,1,-1,1,1,1,1,-1,1,-1,1,1,1,1,-1,-1,1,1,1,1,1,1,-1,1,1,-1,-1,1,1,-1,-1,1,1,1,1,-1,1,-1,1,1,1,-1,1,-1,-1,1,1,1,1,-1,1,-1,1,-1,1,1,1,1,-1,1,1,1,1,1,-1,-1,1,1,1,1,1,1,-1,1,1,1,1,1,-1,1,1,1,-1,1,1,-1,1,1,1,-1,1,1,1,1,1,-1,1,1,1,1,1,1,1,-1,1,1,1,1,1,1,-1,1,1,1,1,1,1,1,-1,1,-1,1,-1,1,-1,1,1,1,1,-1,1,1,-1,1,1,-1,1,1,-1,-1,-1,-1,1,1,1,-1,1,1,-1,1,1,-1,1,-1,1,1,1,1,-1,-1,1,1,-1,1,1,1,1,-1,1,-1,-1,-1,1,-1,1,-1,-1,1,1,1,-1,-1,-1,1,-1,1,1,-1,1,-1,-1,1,1,1,1,-1,-1,-1,-1,-1,1,-1,1,-1,-1,-1,-1,-1,1,1,-1,-1,1,-1,1,1,-1,-1,1,-1,1,1,1,-1,-1,-1,1,-1,1,-1,-1,-1,-1,-1,1,1,-1,1,-1,-1,1,1,1,-1,-1,1,-1,1,1,1,-1,-1,1,-1,-1,1,1,-1,-1,1,-1,1,-1,1,1,-1,-1,1,-1,1,-1,1,-1,-1,1,-1,-1,-1,1,-1,-1,1,-1,1,-1,1,-1,-1,1,-1,-1,1,1,-1,-1,-1,1,-1,1,1,-1,1,-1,1,-1,-1,1,1,1,-1,1,-1,1,-1,1,-1,1,-1,-1,1,-1,-1,1,1,1,1,-1,-1,1,-1,1,1,1,-1,-1,-1,-1,-1,1,1,1,-1,-1,-1,1,1,-1,1,-1,-1,-1,1,1,-1,1,-1,-1,-1,1,1,-1,1,-1,-1,-1,-1,1,1,1,-1,1,-1,-1,1,-1,1,-1,-1,1,1,-1,-1,1,1,-1,-1,-1,-1,-1,1,1,-1,1,-1,1,-1,1,1,-1,-1,1,-1,1,1,-1,-1,-1,-1,-1,1,1,-1,1,-1,-1,1,1,1,1,-1,-1,-1,-1,-1,1,-1,1,-1,-1,1,-1,1,1,-1,1,-1,-1,1,1,1,-1,1,-1,1,-1,1,1,-1,-1,-1,-1,-1,1,1,-1,1,-1,1,-1,1,1,1,-1,1,-1,-1,1,1,-1,-1,-1,1,-1,-1,1,1,-1,1,-1,-1,1,-1,1,-1,1,-1,-1,1,-1,-1,1,1,1,-1,1,1,-1,1,-1,1,-1,-1,-1,1,-1,1,-1,-1,-1,1,-1,1,-1,-1,-1,-1,1,-1,1,-1,1,-1,-1,1,-1,1,1,-1,-1,-1,-1,1,1,1,1,-1,-1,1,-1,-1,1,1,-1,-1,-1,-1,1,-1,1,-1,-1,1,1,-1,1,1,-1,-1,1,-1,-1,1,1,-1,-1,-1,-1,1,-1,1,-1,-1,-1,-1,-1,1,-1,-1,1,-1,-1,1,-1,1,-1,-1,-1,-1,-1,1,1,1,-1,-1,-1,1,1,1,-1,-1,-1,1,-1,-1,1,-1,-1,-1,-1,1,1,1,-1,-1,-1,-1,1,-1,1,1,-1,1,-1,-1,1,1,-1,-1,-1,-1,-1,-1,1,1,-1,-1,1,-1,1,1,-1,-1,-1,1,-1,1,1,-1,-1,1,-1,-1,1,1,1,-1,1,-1,1,1,1,-1,-1,1,-1,-1,1,1,1,-1,1,-1,-1,1,1,-1,1,1,-1,-1,1,1,-1,1,1,-1,-1,1,-1,-1,1,1,-1,-1,1,1,1,1,-1,1,-1,1,1,1,-1,1,-1,-1,1,-1,1,1,1,1,-1,-1,1,-1,1,-1,1,-1,1,1,1,1,-1,1,-1,1,1,1,1,1,1,-1,1,-1,1,1,1,-1,1,1,1,1,1,1,-1,1,-1,1,1,1,-1,-1,1,1,1,1,-1,1,-1,1,1,-1,1,1,-1,1,-1,1,1,1,1,-1,-1,-1,-1,1,1,1,-1,1,-1,1,-1,1,1,-1,1,-1,1,-1,1,1,-1,1,-1,1,-1,-1,1,1,1,1,-1,1,1,1,-1,-1,1,-1,1,-1,1,-1,1,-1,1,1,1,-1,-1,1,-1,1,-1,1,1,-1,1,-1,1,1,1,-1,-1,-1,-1,-1,-1,-1,-1,-1,1,-1,1,1,1,-1,1,1,-1,-1,1,1,1,-1,1,-1,1,1,1,1,-1,1,-1,1,1,1,1,-1,1,-1,1,1,1,1,-1,1,-1,1,-1,1,-1,-1,1,-1,-1,1,1,-1,-1,-1,-1,1,1,-1,1,-1,1,1,-1,1,-2668.0,1,2000,445,1000,True
1611,1,1,-1,-1,1,1,-1,1,1,1,1,-1,-1,1,1,1,-1,1,-1,-1,-1,1,1,1,1,-1,-1,-1,1,1,1,1,-1,-1,-1,1,-1,1,1,1,-1,-1,1,1,1,1,1,-1,1,1,1,1,-1,1,-1,-1,1,-1,1,1,1,-1,-1,1,1,1,1,1,-1,-1,1,-1,1,1,1,-1,-1,1,-1,1,1,-1,-1,-1,-1,1,1,1,-1,-1,-1,1,-1,1,1,-1,-1,1,-1,1,1,1,-1,-1,1,-1,-1,1,1,-1,-1,1,-1,-1,1,1,-1,-1,1,-1,-1,1,1,1,-1,-1,-1,-1,1,1,1,-1,1,-1,-1,1,1,1,-1,-1,-1,-1,1,1,1,-1,1,-1,-1,-1,1,1,-1,-1,1,-1,-1,1,1,-1,1,1,-1,-1,1,1,-1,1,1,-1,1,1,-1,-1,1,-1,-1,1,1,-1,1,-1,1,-1,1,1,-1,1,1,-1,-1,-1,1,1,1,1,1,-1,1,1,-1,1,1,1,-1,1,1,1,-1,1,1,-1,1,1,-1,1,1,1,-1,1,1,1,1,1,1,1,-1,1,-1,-1,1,1,1,-1,1,1,-1,1,1,-1,-1,1,-1,1,1,1,1,-1,-1,1,-1,1,1,-1,1,1,-1,1,1,1,-1,-1,1,-1,1,-1,1,1,1,1,-1,1,-1,1,1,-1,1,-1,1,-1,1,1,1,1,-1,-1,1,1,1,1,1,1,-1,1,1,1,-1,-1,1,-1,-1,1,1,-1,-1,-1,1,-1,1,1,1,-1,1,-1,-1,1,1,1,-1,-1,1,-1,1,-1,1,-1,1,1,-1,1,1,1,-1,1,1,-1,1,1,-1,1,1,1,1,1,1,-1,1,1,-1,1,1,1,-1,1,1,-1,1,1,1,1,1,1,1,-1,1,1,1,1,1,1,-1,1,1,-1,1,1,1,-1,1,1,1,-1,1,-1,-1,1,1,1,-1,1,1,-1,-1,1,1,-1,1,1,1,-1,1,1,-1,1,1,-1,1,1,1,1,-1,-1,-1,1,1,1,-1,1,-1,-1,1,-1,1,-1,1,1,-1,1,1,1,-1,1,-1,-1,1,1,1,-1,1,1,1,-1,1,1,1,1,1,-1,1,1,1,-1,-1,1,1,1,1,-1,1,-1,1,-1,1,1,1,1,-1,1,1,-1,1,-1,1,-1,1,-1,1,1,-1,1,-1,-1,1,-1,1,-1,1,-1,1,1,1,1,-1,1,-1,-1,1,-1,1,-1,-1,-1,1,1,1,1,-1,1,-1,1,-1,1,1,-1,-1,1,1,1,1,-1,-1,-1,-1,1,-1,1,1,-1,-1,-1,1,1,-1,1,1,-1,-1,1,-1,1,-1,-1,-1,-1,1,-1,-1,-1,1,-1,-1,1,-1,1,-1,1,-1,-1,1,-1,-1,1,1,-1,-1,-1,1,-1,1,1,-1,-1,1,1,-1,-1,1,1,1,-1,1,-1,1,1,1,-1,1,-1,1,1,-1,-1,1,1,1,-1,1,-1,1,-1,1,1,1,-1,-1,-1,1,-1,1,1,1,-1,-1,-1,1,1,-1,1,-1,-1,-1,1,1,-1,1,-1,-1,-1,1,1,-1,1,-1,-1,-1,-1,1,1,1,-1,1,-1,-1,1,-1,1,-1,-1,1,1,-1,-1,1,1,-1,-1,-1,-1,-1,1,1,-1,-1,-1,1,-1,1,1,-1,-1,-1,-1,1,1,-1,-1,-1,-1,-1,1,1,-1,1,-1,-1,1,1,1,1,-1,-1,-1,-1,-1,1,1,-1,-1,-1,1,-1,1,1,-1,-1,-1,-1,1,1,1,-1,1,-1,1,-1,1,1,-1,-1,1,-1,-1,1,1,-1,-1,-1,1,-1,1,1,-1,-1,1,1,-1,1,1,-1,-1,-1,1,-1,1,-1,1,-1,1,-1,-1,-1,-1,1,-1,1,-1,-1,1,-1,1,-1,1,1,-1,-1,1,-1,-1,1,-1,-1,1,-1,1,-1,1,-1,-1,-1,1,-1,-1,1,-1,-1,-1,1,1,-1,1,-1,-1,-1,1,-1,-1,1,-1,-1,-1,-1,1,1,1,1,-1,-1,1,1,-1,1,1,-1,-1,-1,1,-1,-1,-1,-1,-1,1,1,1,-1,1,-1,-1,1,1,1,-1,1,-1,-1,-1,1,-1,-1,1,-1,-1,-1,1,-1,1,-1,-1,1,-1,1,1,-1,1,-1,-1,-1,1,1,-1,1,1,-1,-1,-1,1,1,1,-1,-1,-1,1,1,-1,1,-1,-1,-1,1,-1,1,1,-1,-1,-1,-1,1,-1,1,1,-1,1,-1,-1,1,1,-1,-1,-1,-1,-1,-1,1,1,-1,-1,1,-1,1,1,-1,-1,-1,1,-1,1,1,-1,-1,1,-1,-1,1,1,1,-1,1,-1,1,1,1,-1,-1,1,-1,-1,1,1,1,-1,1,-1,-1,1,1,-1,1,1,-1,-1,1,1,-1,1,1,-1,-1,1,1,-1,1,1,-1,-1,1,1,1,1,1,1,-1,-1,1,1,-1,1,-1,-1,1,-1,1,1,1,1,-1,-1,1,-1,1,1,1,-1,1,-1,1,1,-1,1,-1,1,1,1,1,1,1,-1,-1,-1,1,1,1,-1,1,-1,1,1,1,1,1,-1,1,-1,1,1,-1,-1,1,-1,1,1,-1,1,-1,-1,-1,1,1,1,-1,1,-1,-1,-1,1,1,-1,-1,1,-1,1,1,1,-1,-1,1,-1,-1,1,1,-1,1,-1,-1,-1,1,1,-1,1,-1,1,-1,1,1,1,1,1,-1,-1,1,1,-1,-1,1,1,-1,1,1,-1,1,-1,-1,1,1,-1,-1,1,-1,-1,-1,1,1,-1,1,1,-1,1,1,-1,-1,-1,1,-1,-1,-1,-1,-1,1,-1,1,1,1,-1,1,1,1,-1,1,1,1,-1,1,1,-1,1,1,1,-1,1,1,1,1,1,1,-1,-1,1,-1,1,1,1,-1,1,1,-1,1,1,-1,-1,1,1,1,1,1,-1,-1,-1,1,-1,1,-1,1,-1,1,-1,1,1,-2668.0,1,2000,445,1000,True
1612,1,1,-1,-1,1,-1,-1,-1,1,1,1,-1,1,1,1,1,-1,1,-1,-1,-1,-1,1,1,1,-1,1,-1,1,1,1,1,-1,-1,-1,-1,1,-1,1,1,-1,-1,-1,1,1,1,1,-1,1,1,1,1,-1,1,-1,-1,1,-1,1,1,1,-1,-1,-1,1,1,1,1,-1,-1,-1,1,1,1,1,-1,-1,-1,1,1,1,-1,-1,-1,1,1,1,1,-1,-1,1,1,1,1,1,-1,-1,-1,1,-1,1,1,-1,-1,1,1,1,1,1,-1,-1,-1,1,-1,1,1,-1,-1,1,1,1,1,1,1,-1,-1,1,1,-1,1,1,-1,1,1,1,1,1,1,-1,1,1,1,1,1,1,-1,1,1,1,1,1,1,-1,-1,-1,1,1,1,1,-1,1,1,1,1,-1,1,-1,1,-1,1,1,1,-1,-1,1,1,1,1,1,-1,1,-1,-1,1,-1,1,-1,1,1,1,1,1,1,1,1,1,1,1,-1,1,-1,1,1,-1,1,-1,1,1,-1,1,-1,1,-1,1,-1,1,1,-1,1,-1,1,1,1,1,-1,-1,1,1,-1,-1,1,-1,1,-1,-1,1,-1,1,-1,1,-1,1,-1,1,1,-1,-1,-1,1,1,-1,1,-1,1,1,1,-1,1,1,-1,1,-1,1,-1,1,-1,1,-1,1,1,-1,1,-1,-1,-1,1,1,-1,1,-1,-1,-1,1,1,-1,-1,1,1,-1,-1,1,1,-1,1,1,-1,1,1,1,1,-1,1,-1,1,1,-1,1,-1,1,-1,1,1,1,1,1,1,-1,-1,1,-1,-1,-1,1,1,-1,1,1,1,-1,1,1,1,1,1,1,1,1,-1,1,1,1,-1,-1,1,-1,1,1,1,-1,1,1,-1,-1,1,1,1,-1,1,-1,1,1,1,-1,1,1,-1,1,1,1,-1,1,1,-1,1,1,1,-1,1,1,-1,-1,1,1,-1,1,1,-1,1,-1,1,-1,1,-1,1,-1,1,1,1,-1,-1,1,-1,1,1,-1,1,1,1,-1,-1,-1,-1,1,1,1,-1,1,1,-1,1,1,-1,-1,1,1,1,1,1,-1,1,1,1,-1,1,1,1,-1,-1,1,1,1,-1,1,-1,1,1,1,1,1,1,-1,-1,-1,1,-1,1,1,-1,1,-1,1,-1,1,1,1,-1,-1,1,-1,-1,1,-1,1,-1,1,1,-1,1,1,1,-1,-1,1,-1,1,1,-1,-1,1,1,1,-1,1,-1,-1,-1,1,-1,1,1,-1,-1,1,1,1,1,-1,1,-1,1,-1,-1,1,-1,-1,-1,1,-1,1,1,-1,-1,-1,1,-1,1,1,1,-1,-1,1,-1,-1,1,-1,-1,-1,1,-1,1,1,1,-1,-1,1,-1,-1,1,-1,-1,-1,-1,-1,-1,1,-1,-1,-1,1,-1,-1,1,-1,-1,-1,-1,1,-1,1,-1,-1,-1,-1,1,-1,-1,1,1,1,-1,1,-1,1,-1,1,-1,1,-1,-1,-1,1,-1,1,1,1,1,-1,1,-1,-1,1,1,-1,1,1,-1,1,-1,1,-1,-1,1,-1,-1,1,1,1,-1,1,-1,-1,1,1,-1,-1,1,-1,-1,1,1,-1,-1,1,-1,-1,-1,1,1,-1,1,1,-1,-1,1,-1,-1,1,-1,1,-1,1,1,-1,-1,1,-1,-1,-1,-1,-1,1,1,1,-1,-1,1,-1,-1,1,-1,-1,1,-1,-1,1,1,-1,-1,1,1,-1,1,1,-1,1,-1,1,-1,-1,1,1,-1,-1,-1,-1,-1,1,-1,-1,1,-1,-1,-1,1,1,-1,-1,-1,-1,-1,1,-1,-1,-1,-1,-1,1,1,1,-1,-1,-1,-1,-1,1,1,-1,-1,-1,-1,-1,1,1,1,-1,-1,-1,-1,1,1,-1,-1,-1,-1,1,1,1,1,1,-1,1,1,1,1,1,1,-1,-1,1,1,1,-1,1,-1,1,1,1,1,-1,1,-1,-1,1,-1,1,-1,1,-1,-1,1,-1,1,-1,1,-1,-1,1,-1,1,-1,1,1,-1,1,-1,1,1,1,1,-1,1,-1,1,1,1,-1,-1,1,1,-1,1,1,-1,-1,1,-1,1,-1,1,-1,-1,-1,-1,-1,1,1,-1,-1,1,-1,-1,1,1,-1,-1,-1,-1,1,-1,1,-1,-1,-1,-1,1,1,-1,-1,1,-1,-1,1,-1,1,-1,-1,-1,-1,-1,1,1,1,-1,-1,-1,1,1,1,-1,-1,1,1,-1,-1,1,-1,1,-1,-1,1,1,1,-1,-1,-1,-1,1,-1,1,1,-1,1,-1,-1,1,1,-1,-1,-1,-1,-1,-1,1,1,-1,-1,1,-1,1,1,-1,-1,-1,1,-1,1,1,-1,-1,1,-1,-1,1,1,1,-1,1,-1,1,1,1,-1,-1,1,-1,-1,1,1,1,-1,1,-1,-1,1,1,-1,1,1,-1,-1,1,1,1,1,1,-1,-1,1,1,-1,1,1,-1,-1,1,1,1,1,1,1,-1,-1,1,1,1,1,-1,-1,1,-1,1,1,1,1,-1,-1,1,-1,1,1,1,-1,1,1,1,1,-1,1,-1,1,1,1,1,1,1,1,-1,1,1,1,1,-1,1,-1,1,1,1,1,1,-1,1,1,1,1,-1,1,1,-1,1,1,-1,1,1,-1,-1,1,1,1,1,-1,1,-1,1,1,1,-1,-1,1,-1,1,1,1,-1,1,-1,-1,-1,1,1,-1,-1,1,-1,-1,1,1,1,-1,1,-1,-1,1,1,1,-1,1,-1,-1,1,1,-1,-1,-1,1,-1,-1,1,-1,1,1,-1,1,1,-1,-1,1,1,-1,-1,1,1,-1,1,1,-1,1,1,-1,-1,-1,-1,1,-1,-1,-1,-1,1,-1,-1,1,1,-1,1,1,-1,1,1,1,1,-1,1,-1,1,1,1,-1,-1,1,-1,1,1,1,-1,-1,1,-1,-1,1,1,-1,-1,1,-1,1,1,1,1,-1,1,-1,-1,1,1,1,-1,-1,1,-1,1,1,1,-1,1,-1,-1,1,-2668.0,1,2000,445,1000,False
1613,1,1,-1,-1,1,-1,-1,-1,1,1,1,-1,1,1,1,1,-1,1,-1,-1,-1,-1,1,1,1,-1,-1,-1,1,1,1,1,-1,-1,-1,-1,1,1,1,1,-1,-1,-1,1,1,1,1,-1,1,1,1,1,-1,1,-1,-1,1,-1,1,1,1,-1,-1,-1,1,1,1,1,-1,-1,-1,1,1,1,1,-1,-1,-1,1,1,1,-1,-1,-1,1,1,1,1,-1,-1,-1,1,1,1,1,-1,-1,1,1,1,1,1,-1,-1,1,1,1,1,1,-1,-1,1,1,-1,1,1,-1,-1,1,1,1,-1,1,1,-1,-1,1,1,-1,1,1,-1,1,1,1,-1,1,1,-1,-1,1,1,-1,1,1,-1,1,1,1,1,1,1,-1,-1,-1,1,-1,1,1,-1,1,1,1,1,-1,1,-1,1,-1,1,1,1,-1,-1,1,1,1,-1,1,-1,1,-1,-1,1,1,1,-1,1,1,1,1,-1,1,1,1,1,-1,1,-1,1,-1,1,1,-1,1,-1,1,1,-1,1,-1,1,-1,1,-1,1,1,-1,-1,-1,1,1,1,1,-1,-1,1,1,-1,-1,1,-1,1,1,-1,1,-1,1,-1,1,-1,1,-1,1,1,-1,-1,1,1,1,-1,1,-1,1,1,1,-1,1,1,-1,1,-1,1,-1,1,-1,1,-1,1,1,-1,1,-1,-1,-1,1,1,-1,1,-1,-1,-1,-1,1,-1,-1,1,1,-1,-1,1,1,-1,1,1,-1,1,1,1,1,-1,1,-1,1,1,-1,1,-1,1,1,-1,1,1,1,1,1,-1,-1,1,-1,-1,1,1,1,-1,1,1,1,-1,1,-1,-1,1,1,1,-1,1,-1,1,1,1,-1,1,1,-1,-1,1,1,-1,1,1,-1,1,-1,1,1,-1,1,-1,1,1,1,-1,1,1,-1,1,1,1,-1,1,-1,-1,1,1,1,-1,1,-1,-1,1,1,1,-1,1,-1,-1,-1,-1,1,-1,1,1,-1,1,1,1,1,1,1,-1,-1,-1,1,-1,1,-1,-1,1,-1,-1,-1,1,1,-1,1,-1,1,-1,1,-1,1,-1,1,1,1,1,-1,1,-1,1,1,-1,1,-1,-1,-1,-1,1,1,1,1,-1,-1,1,1,1,1,-1,-1,1,-1,-1,1,-1,1,-1,1,-1,1,1,1,-1,-1,1,1,-1,1,-1,1,-1,-1,1,-1,1,1,-1,-1,-1,1,-1,-1,1,1,-1,-1,1,-1,1,1,-1,1,-1,1,-1,-1,1,1,-1,-1,1,-1,1,1,-1,-1,1,1,-1,1,-1,1,-1,1,-1,-1,1,-1,1,-1,1,-1,-1,1,-1,-1,-1,1,-1,-1,1,1,1,-1,1,-1,-1,1,-1,-1,1,-1,1,-1,1,1,1,-1,1,1,-1,-1,-1,1,-1,1,-1,-1,1,-1,1,1,1,1,-1,-1,1,1,-1,1,1,-1,-1,1,1,1,-1,1,1,-1,1,1,1,1,-1,-1,1,-1,-1,-1,1,-1,-1,1,1,1,-1,1,-1,1,-1,-1,-1,1,1,-1,1,1,-1,-1,-1,1,-1,1,1,-1,1,-1,1,-1,-1,-1,-1,-1,-1,1,-1,-1,-1,-1,-1,-1,1,-1,1,1,1,1,-1,1,-1,1,1,-1,-1,-1,1,-1,-1,1,-1,1,-1,-1,1,1,1,1,-1,-1,1,1,1,1,-1,1,-1,-1,1,1,1,-1,-1,-1,1,1,1,1,-1,1,-1,1,-1,1,-1,1,1,-1,-1,1,1,1,-1,-1,-1,1,1,1,1,1,-1,-1,-1,1,1,1,1,-1,-1,-1,1,-1,1,-1,-1,-1,-1,1,1,1,1,-1,1,-1,1,-1,1,1,-1,-1,-1,1,1,-1,1,-1,-1,-1,1,1,1,1,-1,-1,1,-1,1,-1,1,-1,1,1,-1,1,1,-1,1,-1,1,1,-1,1,1,-1,1,1,1,-1,1,-1,-1,-1,1,-1,1,-1,-1,-1,1,-1,1,-1,1,1,-1,-1,-1,1,-1,1,-1,-1,1,1,1,-1,1,-1,-1,1,-1,-1,-1,-1,-1,-1,1,1,1,1,-1,-1,-1,-1,1,-1,1,-1,-1,-1,-1,-1,-1,-1,1,-1,-1,-1,1,-1,-1,1,-1,-1,-1,-1,-1,1,1,-1,-1,-1,-1,-1,1,-1,-1,-1,1,-1,-1,1,-1,1,-1,-1,-1,-1,-1,-1,-1,1,-1,-1,-1,1,1,1,-1,-1,1,-1,1,-1,-1,-1,1,-1,-1,1,1,1,-1,-1,-1,-1,1,-1,1,1,-1,1,-1,-1,1,1,-1,-1,-1,-1,-1,-1,1,1,-1,-1,1,-1,1,1,-1,-1,-1,1,-1,1,1,-1,-1,1,-1,-1,1,1,1,-1,1,-1,1,1,1,-1,-1,1,-1,-1,1,1,1,-1,1,-1,-1,1,1,-1,1,1,-1,-1,1,1,-1,1,1,-1,-1,1,1,-1,1,1,-1,-1,1,1,1,1,1,1,-1,-1,1,1,1,1,-1,-1,1,-1,1,1,1,1,-1,-1,1,-1,1,1,1,-1,1,1,1,1,-1,1,-1,1,1,1,1,1,1,1,-1,1,1,1,1,-1,1,-1,1,1,1,1,1,-1,1,1,1,1,-1,1,1,-1,1,1,-1,1,1,-1,-1,1,1,1,1,-1,1,-1,1,1,1,-1,-1,1,-1,1,1,1,-1,1,-1,-1,-1,1,1,-1,-1,1,-1,-1,1,1,-1,-1,1,-1,-1,1,1,1,-1,1,-1,-1,1,1,-1,-1,-1,1,-1,-1,1,-1,1,1,-1,1,1,-1,-1,1,-1,-1,-1,1,1,-1,1,1,-1,1,1,-1,-1,-1,-1,1,-1,-1,-1,-1,1,-1,-1,1,1,-1,1,1,-1,1,1,1,1,-1,1,-1,1,1,1,1,-1,1,-1,-1,1,1,1,-1,1,-1,1,1,1,1,-1,1,-1,1,1,1,-1,-1,1,-1,-1,1,1,-1,-1,-1,1,-1,1,-1,1,-1,1,-1,-1,1,-2668.0,1,2000,445,0,False
1614,1,1,-1,-1,1,1,-1,-1,1,1,1,-1,1,1,1,1,-1,1,-1,-1,-1,-1,1,1,1,-1,1,-1,1,1,1,1,1,-1,-1,-1,1,-1,1,1,-1,-1,-1,1,1,1,1,-1,1,1,1,1,-1,1,-1,-1,1,-1,1,1,1,-1,-1,-1,1,1,1,1,-1,-1,-1,1,1,1,1,-1,-1,-1,1,1,1,-1,-1,-1,1,1,1,1,-1,-1,1,1,1,1,1,-1,-1,-1,1,-1,1,1,-1,-1,1,1,1,1,1,-1,-1,-1,1,-1,1,1,-1,-1,1,1,1,1,1,1,-1,-1,1,1,-1,1,1,-1,1,1,1,1,1,1,-1,1,1,1,1,1,1,-1,1,1,1,1,1,1,-1,-1,-1,1,1,1,1,-1,1,1,1,1,-1,1,-1,1,-1,1,1,1,-1,-1,1,1,1,1,1,-1,1,-1,-1,1,1,1,-1,1,1,1,1,-1,1,1,1,1,1,1,-1,1,-1,1,1,-1,1,-1,1,1,-1,1,-1,1,-1,1,-1,1,1,-1,1,-1,1,1,1,1,-1,-1,1,1,-1,-1,1,-1,1,-1,-1,1,-1,1,-1,1,-1,1,-1,-1,1,-1,-1,-1,1,1,-1,1,-1,1,1,1,-1,1,1,-1,1,-1,1,-1,1,-1,1,-1,1,1,-1,1,-1,-1,-1,1,1,-1,1,-1,-1,-1,1,1,-1,-1,1,1,-1,-1,1,1,-1,1,1,-1,1,1,1,1,-1,1,-1,1,1,-1,1,-1,1,1,-1,1,1,1,1,1,-1,-1,1,-1,-1,-1,1,1,-1,1,1,1,-1,1,-1,-1,1,1,1,1,1,-1,1,1,1,-1,1,1,-1,1,1,1,-1,1,1,-1,-1,1,1,1,-1,1,-1,1,1,1,-1,1,1,-1,1,1,1,-1,1,-1,-1,1,1,1,-1,1,-1,-1,-1,-1,1,-1,1,-1,-1,1,1,1,-1,1,1,-1,-1,-1,1,1,-1,1,-1,-1,1,1,-1,1,-1,-1,-1,-1,1,1,1,-1,-1,-1,1,-1,-1,1,-1,-1,-1,-1,1,-1,1,1,-1,1,-1,1,1,1,-1,-1,-1,-1,1,-1,-1,1,-1,-1,1,-1,-1,1,-1,-1,-1,1,-1,1,-1,1,-1,1,-1,1,-1,1,-1,-1,1,1,-1,1,-1,1,-1,-1,1,-1,-1,-1,-1,-1,-1,1,-1,-1,1,1,-1,-1,1,-1,1,-1,-1,1,-1,1,-1,-1,1,1,-1,1,1,1,-1,-1,-1,-1,1,1,-1,-1,1,1,-1,1,-1,1,-1,1,1,-1,1,-1,-1,-1,-1,-1,-1,1,-1,1,-1,1,1,-1,1,-1,-1,1,-1,-1,1,-1,1,-1,1,-1,1,-1,1,1,-1,-1,-1,1,-1,1,-1,-1,1,-1,1,1,1,1,-1,-1,-1,1,-1,1,1,-1,-1,1,1,1,1,1,1,-1,1,1,1,-1,-1,1,1,-1,-1,-1,1,-1,1,1,1,1,-1,1,-1,1,-1,-1,-1,1,1,-1,1,1,-1,-1,-1,1,-1,1,1,-1,1,-1,1,-1,-1,-1,-1,-1,-1,1,-1,-1,-1,-1,-1,-1,1,-1,1,1,1,1,-1,1,-1,1,1,-1,-1,-1,1,-1,-1,1,-1,1,-1,-1,1,1,1,1,-1,-1,1,1,1,1,-1,1,-1,-1,1,1,1,-1,-1,-1,1,1,1,1,-1,1,-1,1,-1,1,-1,1,1,-1,-1,1,1,1,-1,-1,-1,-1,1,1,1,1,-1,-1,-1,1,1,1,1,-1,-1,-1,1,1,1,-1,-1,-1,1,1,1,1,1,-1,-1,-1,1,1,1,1,-1,-1,-1,1,1,-1,1,-1,-1,-1,1,1,1,1,-1,-1,1,1,1,1,-1,-1,1,1,-1,1,1,-1,-1,-1,1,1,1,1,1,-1,1,1,1,1,1,1,-1,-1,1,-1,1,-1,-1,-1,-1,1,-1,1,1,-1,-1,-1,1,-1,1,1,-1,1,-1,1,1,1,-1,1,1,1,-1,-1,1,-1,-1,-1,-1,1,1,-1,-1,-1,-1,-1,1,-1,1,-1,-1,-1,-1,-1,-1,-1,1,-1,-1,-1,1,-1,-1,1,-1,-1,-1,-1,-1,1,1,-1,-1,-1,-1,-1,1,-1,-1,-1,1,-1,-1,1,-1,1,-1,-1,-1,-1,1,-1,-1,1,-1,-1,-1,-1,1,1,-1,-1,1,-1,1,-1,-1,-1,1,-1,-1,-1,1,1,-1,-1,-1,-1,-1,1,1,1,-1,1,-1,1,-1,1,-1,-1,-1,-1,-1,-1,1,1,-1,-1,1,-1,1,1,-1,-1,-1,1,-1,1,1,-1,-1,1,-1,-1,1,1,1,-1,1,-1,1,1,1,-1,-1,1,-1,-1,1,1,1,-1,1,-1,-1,1,1,-1,1,1,-1,-1,1,1,-1,1,1,-1,-1,1,1,1,1,1,-1,-1,1,1,1,1,-1,1,-1,1,1,1,1,1,-1,-1,1,-1,1,1,1,1,-1,-1,1,-1,1,1,1,-1,1,1,1,1,-1,1,-1,1,1,1,1,1,1,1,-1,1,1,1,1,-1,1,-1,1,1,1,1,1,-1,1,1,1,1,-1,1,-1,1,1,1,-1,1,1,1,1,-1,1,1,1,-1,1,1,1,1,1,-1,-1,1,-1,1,1,1,-1,1,-1,1,1,1,1,-1,-1,1,1,-1,1,1,-1,-1,1,1,-1,-1,1,1,-1,-1,-1,1,1,1,-1,-1,-1,-1,1,-1,1,-1,1,1,1,1,1,-1,-1,1,1,1,1,1,1,-1,1,-1,1,1,1,-1,-1,-1,-1,-1,-1,-1,-1,-1,1,-1,1,1,1,-1,1,1,-1,-1,1,1,1,-1,1,-1,1,1,1,-1,-1,1,-1,1,1,1,-1,-1,1,-1,1,1,1,-1,-1,1,-1,1,-1,1,1,-1,1,-1,-1,1,1,1,-1,-1,-1,1,1,1,1,-1,1,-1,-1,1,-2668.0,1,2000,445,0,False
1615,1,1,-1,-1,1,-1,-1,-1,1,1,1,-1,1,1,1,1,-1,1,-1,-1,-1,-1,1,1,1,-1,-1,-1,1,1,1,1,1,-1,-1,-1,1,1,1,1,-1,-1,-1,1,1,1,1,-1,1,1,1,1,-1,1,-1,-1,1,-1,1,1,-1,-1,-1,-1,1,1,1,1,-1,1,-1,1,1,1,1,-1,-1,-1,1,1,1,-1,-1,-1,1,1,1,1,-1,1,-1,1,1,1,1,-1,-1,1,1,-1,1,1,-1,-1,1,1,1,1,1,-1,-1,1,1,-1,1,1,-1,-1,1,1,1,1,1,1,-1,1,1,1,-1,1,1,-1,1,1,1,1,1,1,-1,-1,1,1,-1,1,1,-1,1,1,1,1,1,1,-1,-1,-1,1,-1,1,1,-1,1,1,1,1,-1,1,-1,1,-1,1,1,1,-1,-1,1,1,1,-1,1,-1,1,-1,-1,1,1,1,-1,1,1,1,1,-1,1,1,1,1,-1,1,-1,1,-1,1,1,-1,1,-1,1,1,-1,1,-1,1,-1,1,-1,1,1,-1,1,-1,1,1,1,1,-1,-1,1,1,-1,-1,1,-1,1,1,-1,1,-1,1,-1,1,-1,1,-1,1,1,-1,-1,1,1,1,-1,1,-1,1,1,1,-1,1,1,-1,1,-1,1,-1,1,-1,1,-1,1,1,-1,1,-1,-1,-1,1,1,-1,1,-1,-1,-1,-1,1,-1,-1,1,1,-1,-1,1,1,-1,1,1,-1,1,1,1,1,-1,1,-1,1,1,-1,1,-1,1,1,-1,1,1,1,1,1,-1,-1,1,-1,-1,-1,1,1,-1,1,1,1,-1,1,-1,-1,1,1,1,1,1,-1,1,1,1,-1,-1,1,-1,1,1,1,-1,1,1,-1,1,-1,1,1,-1,1,-1,1,1,1,-1,1,1,-1,1,1,1,-1,1,-1,-1,1,1,1,-1,1,-1,-1,1,1,1,-1,1,-1,-1,-1,-1,1,-1,1,1,-1,1,1,1,1,1,1,-1,-1,-1,1,-1,1,-1,-1,1,-1,-1,-1,1,1,-1,1,-1,1,-1,1,-1,1,-1,1,1,1,1,-1,1,-1,1,1,-1,1,-1,-1,-1,-1,1,1,1,1,-1,-1,1,1,1,1,-1,-1,1,-1,-1,1,-1,1,-1,1,-1,1,1,1,-1,-1,1,1,-1,1,-1,1,-1,-1,1,-1,1,1,-1,-1,-1,1,-1,-1,1,1,-1,-1,1,-1,1,1,-1,1,-1,1,-1,-1,1,1,-1,1,1,-1,1,1,-1,-1,1,1,-1,1,-1,1,-1,1,-1,-1,1,-1,1,-1,1,-1,-1,1,-1,-1,-1,1,-1,-1,1,-1,1,-1,1,-1,-1,1,-1,-1,1,-1,1,-1,1,1,1,-1,1,1,-1,-1,1,1,-1,1,-1,-1,1,1,1,1,1,1,-1,-1,1,1,-1,1,1,-1,-1,1,1,1,-1,1,1,-1,1,1,1,1,1,1,1,-1,-1,-1,1,-1,-1,1,1,1,-1,1,-1,1,-1,-1,-1,1,1,-1,1,1,-1,-1,-1,1,-1,1,1,-1,1,-1,1,-1,-1,-1,-1,-1,-1,1,-1,-1,-1,-1,-1,-1,1,-1,1,1,1,1,-1,1,-1,1,1,-1,-1,-1,1,-1,-1,1,-1,1,-1,-1,1,1,1,1,-1,-1,1,1,1,1,-1,1,-1,-1,1,1,1,-1,-1,-1,1,1,1,1,-1,1,-1,1,-1,1,-1,1,1,-1,-1,1,1,1,-1,-1,-1,1,1,1,1,1,-1,-1,-1,1,1,1,1,-1,-1,-1,1,-1,1,-1,-1,1,-1,1,1,1,1,-1,1,-1,1,-1,1,1,-1,-1,-1,1,1,-1,1,-1,-1,-1,1,1,1,1,-1,-1,1,-1,1,-1,1,-1,1,1,-1,1,1,-1,-1,-1,1,1,-1,1,1,-1,1,1,1,-1,1,-1,-1,-1,1,-1,1,-1,-1,-1,1,-1,1,-1,1,-1,-1,-1,-1,-1,-1,1,-1,-1,1,1,1,-1,1,-1,-1,1,-1,-1,-1,-1,-1,-1,-1,1,1,1,-1,-1,-1,-1,1,-1,1,-1,-1,-1,-1,-1,-1,-1,1,-1,-1,-1,1,-1,-1,1,-1,-1,-1,-1,-1,1,1,-1,-1,-1,-1,-1,1,-1,-1,-1,1,-1,-1,1,-1,1,-1,-1,-1,-1,-1,-1,-1,1,-1,-1,-1,1,1,-1,-1,-1,1,-1,1,-1,-1,-1,1,-1,-1,1,-1,1,-1,-1,-1,-1,1,-1,1,1,-1,1,-1,-1,1,1,-1,-1,-1,-1,-1,-1,1,1,-1,-1,1,-1,1,1,-1,-1,-1,1,-1,-1,1,-1,-1,1,-1,-1,1,1,1,-1,1,-1,1,1,1,-1,-1,1,-1,-1,1,-1,1,-1,1,-1,-1,1,1,-1,1,1,-1,-1,1,1,1,1,1,-1,-1,1,1,1,1,1,-1,-1,1,1,1,1,1,1,-1,-1,1,1,1,1,-1,-1,1,-1,1,1,1,1,-1,-1,1,-1,1,1,1,-1,1,1,1,1,-1,1,-1,1,1,1,1,1,1,1,-1,1,1,1,1,-1,1,-1,1,1,1,1,1,-1,1,1,1,1,-1,1,1,-1,1,1,-1,1,1,-1,-1,1,1,1,1,-1,1,-1,1,1,1,-1,-1,1,-1,1,1,1,-1,1,-1,-1,-1,1,1,-1,-1,1,-1,-1,1,1,-1,-1,1,-1,-1,1,1,1,-1,-1,-1,-1,1,1,-1,-1,-1,1,-1,-1,1,-1,1,1,-1,1,1,-1,-1,1,-1,-1,-1,-1,1,-1,1,1,-1,1,1,-1,-1,-1,-1,1,-1,-1,-1,-1,1,-1,-1,1,1,-1,1,1,-1,1,1,1,1,-1,1,-1,1,1,1,1,-1,1,-1,-1,-1,1,1,-1,1,-1,1,1,1,1,-1,1,-1,1,1,1,-1,-1,1,-1,-1,1,1,-1,-1,-1,1,-1,1,1,1,-1,1,-1,-1,1,-2668.0,1,2000,445,0,False
1616,1,1,-1,-1,1,-1,-1,-1,1,1,1,-1,1,1,1,1,-1,1,-1,-1,-1,-1,1,1,1,-1,-1,-1,1,1,1,1,1,-1,-1,-1,1,1,1,1,-1,-1,-1,1,1,1,1,-1,1,1,1,1,-1,1,-1,-1,1,-1,1,1,1,-1,-1,-1,1,1,1,1,-1,-1,-1,1,1,1,1,-1,-1,-1,1,1,1,-1,-1,-1,1,1,1,1,-1,-1,-1,1,1,1,1,-1,-1,1,1,-1,1,1,-1,-1,1,1,1,1,1,-1,-1,1,1,-1,1,1,-1,-1,1,1,1,1,1,1,-1,1,1,1,-1,1,1,-1,1,1,1,1,1,1,-1,-1,1,1,1,1,1,-1,1,1,1,1,1,1,-1,-1,-1,1,1,1,1,-1,1,1,1,1,-1,1,-1,1,1,1,1,1,-1,-1,1,1,1,1,1,-1,1,-1,-1,1,-1,1,-1,1,1,1,1,1,1,1,1,1,-1,1,-1,1,-1,1,1,-1,1,-1,1,1,-1,1,-1,1,-1,1,1,1,1,-1,1,-1,1,-1,1,1,-1,-1,1,1,-1,-1,1,-1,1,-1,1,-1,1,1,-1,1,-1,1,-1,1,1,-1,-1,-1,1,-1,-1,1,-1,1,1,1,-1,1,1,-1,-1,-1,1,-1,1,-1,1,-1,1,1,-1,1,-1,-1,-1,1,1,-1,1,-1,-1,-1,1,1,1,-1,1,1,-1,-1,1,1,-1,1,1,-1,1,1,1,-1,-1,1,-1,1,1,-1,1,-1,1,-1,1,1,-1,-1,-1,1,-1,-1,1,-1,1,-1,1,1,-1,1,1,1,-1,1,1,1,1,1,-1,-1,1,-1,1,1,-1,1,-1,1,-1,1,1,1,-1,1,1,-1,-1,1,1,-1,1,1,-1,1,1,1,1,1,1,-1,1,1,1,1,1,1,-1,1,1,1,1,1,1,-1,-1,1,1,1,1,1,-1,1,-1,1,-1,1,1,1,-1,1,1,1,1,1,1,-1,1,1,1,-1,-1,1,-1,-1,-1,-1,1,1,1,-1,1,1,-1,1,1,-1,-1,1,1,1,1,1,-1,1,1,1,-1,1,1,1,1,-1,1,1,1,-1,1,-1,1,-1,1,1,1,1,-1,1,-1,1,-1,-1,1,1,-1,1,-1,1,1,1,1,1,-1,1,-1,-1,1,-1,1,-1,1,-1,-1,1,1,1,-1,-1,1,-1,1,1,1,-1,1,1,1,-1,1,1,-1,1,-1,-1,1,1,1,1,-1,-1,1,1,1,1,-1,1,-1,1,1,1,-1,1,1,-1,1,1,1,-1,-1,1,-1,1,1,1,-1,1,-1,-1,-1,1,1,-1,-1,1,-1,1,1,1,1,-1,1,-1,-1,1,1,1,-1,-1,-1,-1,1,1,-1,-1,1,-1,-1,1,-1,1,-1,-1,1,-1,1,-1,1,1,-1,1,-1,-1,1,1,1,-1,1,-1,1,-1,-1,-1,1,-1,-1,-1,1,-1,-1,1,1,1,-1,1,-1,1,1,1,-1,1,1,-1,1,-1,1,-1,1,1,-1,-1,1,1,1,-1,1,-1,-1,1,1,-1,-1,1,-1,-1,1,1,-1,-1,1,-1,-1,-1,1,1,-1,1,1,-1,-1,1,-1,-1,1,-1,1,-1,1,1,-1,-1,1,-1,-1,-1,-1,-1,-1,1,1,-1,-1,1,-1,1,1,-1,-1,1,-1,-1,1,1,-1,-1,1,1,-1,1,1,-1,1,-1,1,-1,-1,1,1,-1,-1,-1,-1,1,1,-1,-1,1,-1,-1,-1,1,1,-1,-1,-1,-1,-1,1,-1,-1,-1,-1,-1,1,1,1,-1,-1,-1,-1,-1,1,1,-1,-1,-1,-1,-1,1,1,1,-1,-1,-1,-1,1,1,-1,-1,-1,-1,1,1,1,1,-1,-1,1,1,1,1,1,-1,-1,-1,1,1,1,1,1,-1,1,1,1,1,-1,1,-1,-1,1,-1,1,-1,1,-1,-1,1,-1,1,-1,-1,-1,-1,1,-1,1,-1,1,-1,-1,1,-1,1,-1,1,-1,-1,1,-1,1,-1,-1,-1,-1,1,1,-1,-1,-1,-1,-1,1,-1,1,-1,-1,-1,-1,-1,-1,-1,1,-1,-1,-1,1,-1,-1,1,-1,-1,-1,-1,-1,1,1,-1,-1,-1,-1,-1,1,-1,-1,-1,1,-1,-1,1,-1,1,-1,-1,-1,-1,-1,-1,-1,1,-1,-1,-1,-1,1,1,-1,-1,-1,1,-1,-1,-1,-1,1,-1,-1,1,-1,1,-1,-1,-1,-1,1,1,1,1,-1,1,-1,-1,-1,1,-1,-1,-1,-1,-1,-1,1,1,-1,-1,1,-1,1,1,-1,-1,-1,-1,-1,1,1,-1,-1,-1,1,-1,1,1,1,-1,-1,-1,1,1,1,-1,-1,1,-1,-1,1,1,1,-1,1,-1,-1,1,1,-1,1,-1,1,-1,1,1,-1,1,1,1,-1,1,1,1,1,1,1,-1,1,1,1,1,1,-1,-1,1,1,1,1,1,1,-1,1,-1,1,1,1,1,-1,-1,1,-1,1,-1,1,-1,1,1,1,1,-1,1,-1,1,1,1,1,1,1,-1,-1,1,1,1,1,-1,1,-1,1,1,1,1,-1,1,-1,1,1,1,-1,-1,1,-1,1,1,-1,1,-1,-1,-1,1,1,1,-1,1,-1,-1,1,1,1,-1,-1,-1,-1,1,1,1,-1,-1,-1,-1,-1,1,1,-1,1,-1,-1,-1,1,1,-1,-1,1,-1,1,1,1,1,1,1,-1,-1,1,1,-1,-1,1,1,1,-1,1,-1,1,-1,-1,1,1,-1,-1,1,-1,-1,-1,1,1,-1,1,1,1,1,1,-1,-1,-1,-1,-1,-1,-1,-1,-1,1,-1,1,1,1,-1,1,1,-1,1,1,1,1,-1,1,-1,1,1,1,1,-1,1,-1,1,1,1,1,-1,1,-1,1,1,1,1,-1,1,-1,1,1,1,-1,-1,1,-1,-1,1,1,-1,-1,-1,1,-1,1,-1,1,-1,1,-1,-1,1,-2668.0,1,2000,445,1000,False
1617,1,1,-1,-1,1,1,-1,-1,1,1,1,-1,1,1,1,1,-1,1,-1,-1,-1,-1,1,1,1,-1,-1,-1,1,1,1,1,1,-1,-1,-1,1,-1,1,1,-1,-1,-1,1,1,1,1,-1,1,1,1,1,-1,1,-1,-1,1,-1,1,1,1,-1,-1,-1,1,1,1,1,-1,-1,-1,1,1,1,1,-1,-1,-1,1,1,1,-1,-1,-1,1,1,1,1,-1,-1,1,1,1,1,1,-1,-1,-1,1,-1,1,1,-1,-1,1,1,1,1,1,-1,-1,-1,1,1,1,1,-1,-1,1,1,1,1,1,1,-1,-1,1,1,-1,1,1,-1,1,1,1,1,1,1,-1,1,1,1,1,1,1,-1,1,1,1,1,1,1,-1,-1,-1,1,1,1,1,-1,1,1,1,1,-1,1,-1,1,-1,1,1,1,-1,-1,1,1,1,1,1,-1,1,-1,-1,1,-1,1,-1,1,1,1,1,1,1,1,1,1,1,1,-1,1,-1,1,1,-1,1,-1,1,1,-1,1,-1,1,-1,1,-1,1,1,-1,1,-1,1,1,1,1,-1,-1,1,1,-1,-1,1,-1,1,-1,-1,1,1,1,-1,1,-1,1,-1,1,1,-1,-1,-1,1,1,-1,1,-1,1,1,1,-1,1,1,-1,-1,-1,1,-1,1,-1,1,-1,1,1,-1,1,-1,-1,-1,1,1,-1,1,-1,-1,-1,1,1,-1,-1,1,1,-1,-1,1,1,-1,1,1,-1,1,1,1,-1,-1,1,-1,1,1,-1,1,-1,1,-1,1,1,1,-1,-1,1,-1,-1,1,-1,1,-1,1,1,-1,1,1,1,-1,1,1,1,1,1,-1,-1,1,-1,1,1,1,1,-1,1,-1,1,1,1,-1,1,1,-1,-1,1,1,-1,-1,1,-1,1,1,1,1,1,1,-1,1,1,1,1,1,1,-1,1,1,1,1,1,1,-1,-1,1,1,1,1,1,-1,1,-1,1,-1,1,1,1,-1,1,1,1,1,1,1,-1,1,1,1,-1,1,1,-1,-1,-1,-1,1,1,1,-1,1,1,-1,1,1,-1,-1,1,1,1,1,1,-1,1,1,1,-1,1,1,1,1,-1,1,1,1,-1,1,-1,1,-1,1,1,1,1,-1,-1,-1,1,-1,-1,1,1,-1,1,1,1,1,1,1,1,-1,1,-1,-1,1,-1,1,-1,1,-1,-1,1,1,1,-1,-1,1,-1,1,1,1,-1,1,1,1,-1,1,1,-1,1,-1,-1,1,1,1,-1,1,-1,1,1,1,1,-1,1,-1,-1,1,1,-1,1,1,-1,1,1,1,-1,-1,1,-1,1,1,1,-1,1,-1,-1,-1,1,1,-1,-1,1,-1,1,1,1,1,-1,1,-1,-1,1,1,1,-1,1,-1,-1,1,1,-1,-1,1,-1,-1,1,-1,1,-1,-1,1,-1,1,-1,1,-1,-1,1,-1,-1,1,1,1,-1,1,-1,1,-1,-1,1,1,-1,-1,-1,1,-1,-1,1,1,1,-1,1,-1,1,1,1,-1,1,1,-1,-1,-1,1,-1,-1,1,-1,-1,1,1,1,-1,1,-1,-1,1,1,-1,-1,1,-1,-1,1,1,-1,-1,1,-1,-1,-1,1,1,-1,1,1,-1,-1,1,-1,-1,1,-1,1,-1,1,1,-1,-1,1,-1,-1,-1,-1,-1,1,1,1,-1,-1,1,-1,-1,1,-1,-1,1,-1,-1,1,1,-1,-1,1,-1,-1,1,1,-1,1,-1,-1,-1,-1,1,1,-1,-1,-1,-1,1,1,-1,-1,1,-1,-1,-1,1,1,-1,-1,-1,-1,-1,1,-1,-1,-1,-1,-1,1,1,1,-1,-1,-1,-1,-1,1,1,-1,-1,-1,-1,-1,1,1,1,-1,-1,-1,-1,1,1,-1,-1,-1,-1,1,-1,1,1,-1,-1,1,1,-1,1,1,-1,-1,-1,1,1,1,-1,1,-1,1,1,1,1,-1,1,-1,-1,1,-1,1,-1,1,-1,-1,1,-1,1,-1,-1,-1,-1,1,-1,1,-1,1,1,-1,1,-1,1,-1,1,1,-1,1,-1,1,-1,-1,-1,-1,1,1,-1,-1,-1,-1,-1,1,-1,1,-1,-1,-1,-1,-1,-1,-1,1,-1,-1,-1,1,-1,-1,1,-1,-1,-1,-1,-1,1,1,-1,-1,-1,-1,-1,1,-1,-1,-1,1,-1,-1,1,-1,1,-1,-1,-1,-1,-1,-1,-1,1,-1,-1,-1,1,1,-1,-1,-1,1,-1,-1,-1,-1,-1,1,-1,-1,1,-1,1,-1,-1,-1,-1,1,-1,1,1,-1,1,-1,-1,1,1,-1,-1,-1,-1,-1,-1,1,1,-1,-1,1,-1,1,1,-1,-1,-1,1,-1,1,1,-1,-1,1,-1,-1,1,1,1,-1,1,-1,1,1,1,-1,-1,1,-1,-1,1,1,1,-1,1,-1,-1,1,1,-1,1,1,-1,-1,1,1,-1,1,1,-1,-1,1,1,1,1,1,-1,-1,1,1,1,1,-1,1,-1,1,1,1,1,1,-1,-1,1,-1,1,1,1,1,-1,-1,1,-1,1,-1,1,-1,1,1,1,1,-1,1,-1,1,1,1,1,1,1,-1,-1,-1,1,1,1,-1,1,-1,1,1,1,1,-1,1,-1,1,1,1,-1,-1,1,-1,1,1,-1,1,-1,-1,-1,1,1,1,-1,1,-1,-1,1,1,1,-1,-1,-1,-1,1,1,1,-1,1,-1,-1,-1,1,1,-1,1,-1,-1,-1,1,1,1,-1,1,-1,1,1,1,1,1,1,-1,-1,1,1,-1,-1,1,1,1,1,1,-1,1,-1,-1,1,1,-1,-1,1,-1,-1,-1,1,1,-1,1,-1,1,1,1,-1,-1,-1,-1,-1,-1,-1,-1,-1,1,-1,1,1,1,-1,1,1,-1,1,1,1,1,-1,1,-1,1,1,1,-1,-1,1,-1,1,1,1,-1,-1,1,-1,1,1,1,-1,-1,1,-1,1,1,1,1,-1,1,-1,-1,1,1,1,-1,-1,1,-1,1,-1,1,-1,1,-1,-1,1,-2668.0,1,2000,445,1500,False
1618,1,1,-1,-1,1,1,-1,-1,1,1,1,-1,-1,1,1,1,-1,1,-1,-1,1,-1,1,1,1,-1,1,-1,1,1,1,1,1,-1,-1,-1,1,-1,1,-1,1,-1,-1,1,1,1,-1,-1,1,1,1,1,-1,1,-1,-1,1,-1,1,1,-1,-1,1,-1,1,1,1,-1,-1,1,-1,1,1,1,1,-1,1,-1,1,1,1,-1,-1,1,1,1,1,1,-1,-1,-1,1,1,1,1,-1,1,1,1,-1,1,1,-1,-1,1,1,1,1,1,-1,-1,1,1,1,1,1,-1,-1,1,1,1,1,1,1,-1,1,1,1,-1,1,1,-1,1,1,1,1,1,1,-1,1,1,1,1,1,1,-1,-1,1,1,1,1,1,-1,1,-1,1,1,1,1,-1,1,1,1,1,-1,1,-1,1,-1,1,1,1,-1,-1,1,1,1,1,1,-1,1,-1,-1,1,-1,1,-1,1,1,1,1,1,1,1,1,1,-1,1,-1,1,-1,1,1,-1,1,-1,1,1,-1,1,-1,1,-1,1,-1,1,1,-1,-1,-1,1,1,1,1,-1,-1,1,1,-1,-1,1,-1,1,-1,-1,1,-1,1,-1,1,-1,1,-1,-1,1,-1,-1,-1,1,1,-1,1,-1,1,1,1,-1,1,-1,-1,1,-1,1,-1,1,1,1,-1,1,1,-1,1,-1,-1,-1,1,1,-1,1,-1,-1,-1,1,1,-1,-1,1,1,-1,-1,1,1,-1,1,1,-1,1,1,1,1,-1,1,-1,1,1,-1,1,-1,1,1,-1,1,1,1,1,1,-1,-1,1,-1,-1,-1,1,1,-1,1,1,1,-1,1,-1,-1,1,1,1,1,1,-1,1,1,1,-1,1,1,-1,1,1,1,-1,1,1,-1,-1,1,1,1,-1,1,-1,1,1,1,-1,1,1,-1,1,1,1,-1,1,-1,-1,1,1,1,-1,1,-1,-1,-1,1,1,-1,1,-1,-1,1,-1,1,-1,1,1,-1,-1,1,1,1,-1,1,-1,-1,1,1,-1,1,-1,-1,-1,-1,-1,-1,1,1,-1,-1,1,1,-1,1,-1,1,-1,1,1,1,1,-1,-1,1,1,1,-1,1,-1,-1,-1,-1,1,1,-1,1,-1,-1,1,-1,1,-1,-1,-1,-1,-1,-1,1,-1,1,-1,1,-1,1,1,-1,-1,-1,1,1,-1,1,-1,1,-1,-1,1,-1,1,-1,-1,-1,-1,1,-1,-1,1,1,-1,-1,1,-1,1,1,-1,1,-1,1,-1,1,-1,1,-1,1,1,-1,1,-1,-1,-1,1,1,-1,1,-1,1,-1,1,-1,1,1,1,1,-1,1,-1,-1,1,-1,-1,-1,1,-1,1,-1,-1,1,-1,1,-1,-1,1,-1,-1,1,-1,1,-1,1,-1,1,-1,1,1,-1,1,-1,1,-1,1,-1,-1,1,-1,1,1,1,1,-1,-1,1,1,-1,1,1,-1,-1,1,1,1,1,1,1,-1,1,1,1,-1,1,1,1,-1,-1,-1,1,-1,-1,1,-1,1,-1,1,-1,1,-1,-1,-1,1,1,-1,1,1,-1,-1,-1,1,-1,1,1,-1,1,-1,1,-1,-1,-1,-1,-1,-1,1,-1,-1,-1,-1,-1,-1,1,-1,1,1,1,1,-1,1,-1,1,1,-1,-1,-1,1,-1,-1,1,-1,1,-1,-1,1,1,1,1,-1,-1,1,1,1,1,-1,1,-1,-1,1,1,1,-1,-1,-1,1,1,1,1,-1,-1,-1,1,-1,1,-1,1,-1,-1,-1,1,1,1,-1,-1,-1,-1,1,1,1,1,-1,-1,-1,1,1,1,1,-1,-1,-1,1,-1,1,-1,-1,-1,-1,1,1,1,1,-1,-1,1,1,1,1,1,-1,-1,-1,1,1,-1,1,-1,-1,-1,1,1,1,1,-1,-1,1,1,1,1,-1,-1,1,1,-1,1,1,-1,-1,-1,1,1,1,1,1,-1,1,1,1,1,1,1,-1,-1,1,-1,1,-1,-1,-1,-1,1,-1,1,1,-1,-1,-1,1,-1,1,1,-1,1,-1,1,1,1,-1,1,1,-1,1,-1,1,-1,-1,-1,-1,1,1,-1,-1,-1,-1,-1,1,-1,1,-1,-1,-1,-1,-1,-1,-1,1,-1,-1,-1,1,-1,-1,1,-1,-1,-1,-1,-1,1,1,-1,-1,-1,-1,-1,1,-1,-1,-1,1,-1,-1,1,-1,1,-1,-1,-1,-1,-1,-1,-1,1,-1,-1,-1,1,1,-1,-1,-1,1,-1,-1,-1,-1,-1,1,-1,-1,1,1,1,-1,-1,-1,-1,1,-1,1,1,-1,1,-1,-1,1,1,1,-1,-1,-1,-1,-1,1,1,-1,-1,1,-1,1,1,-1,-1,-1,1,-1,1,1,1,-1,1,-1,-1,1,1,1,-1,1,-1,1,1,1,-1,-1,1,-1,-1,1,1,1,-1,1,-1,-1,1,1,1,1,1,-1,-1,1,1,1,1,1,-1,-1,1,1,1,1,1,-1,-1,1,1,1,1,-1,1,-1,1,1,1,-1,1,-1,-1,1,-1,1,1,1,1,-1,-1,1,-1,1,1,1,-1,1,1,1,1,-1,1,-1,1,1,1,1,1,1,1,-1,-1,1,1,1,-1,1,-1,1,1,1,1,1,-1,1,1,1,1,-1,1,1,-1,1,1,-1,1,1,-1,-1,1,1,1,1,-1,1,-1,1,1,1,-1,-1,1,-1,1,1,1,-1,1,-1,-1,-1,-1,1,-1,-1,1,-1,-1,1,-1,1,-1,1,-1,1,-1,1,1,-1,1,-1,-1,1,1,-1,-1,-1,1,1,1,-1,-1,1,1,-1,1,1,-1,-1,1,1,-1,-1,-1,1,-1,1,1,1,1,-1,1,-1,-1,-1,-1,-1,-1,-1,-1,-1,1,1,1,1,-1,1,1,-1,1,1,-1,-1,-1,1,-1,1,1,1,1,-1,1,-1,1,1,1,-1,1,1,-1,1,1,1,-1,-1,1,-1,1,1,-1,-1,-1,1,-1,1,1,1,-1,-1,1,1,-1,1,-1,1,-1,1,-1,1,1,-2668.0,1,2000,445,1000,False
1619,1,1,-1,-1,1,1,-1,-1,1,1,1,-1,-1,1,1,1,-1,1,-1,-1,-1,-1,1,1,1,-1,-1,-1,1,1,1,1,-1,-1,-1,-1,1,1,1,1,-1,-1,-1,1,1,1,1,-1,1,1,1,1,-1,1,-1,-1,1,-1,1,1,1,-1,-1,-1,1,1,1,1,-1,-1,-1,1,1,1,1,-1,-1,-1,1,1,1,-1,-1,-1,1,1,1,1,-1,-1,-1,1,1,1,1,-1,-1,1,1,-1,1,1,-1,-1,1,1,1,1,1,-1,-1,1,1,1,1,1,-1,-1,1,1,1,1,1,1,-1,1,1,1,-1,1,1,-1,1,1,1,1,1,1,-1,-1,1,1,1,1,1,-1,1,1,1,1,1,1,-1,-1,-1,1,1,1,1,-1,1,1,1,1,-1,1,-1,1,-1,1,1,1,-1,-1,1,1,1,1,1,-1,1,-1,-1,1,1,1,-1,1,1,1,1,-1,1,1,1,1,-1,1,-1,1,-1,1,1,-1,1,-1,1,1,-1,1,-1,1,-1,1,-1,1,1,-1,1,-1,1,1,1,1,-1,-1,1,1,-1,-1,1,-1,1,-1,1,1,-1,1,-1,1,-1,1,-1,-1,1,-1,-1,-1,1,1,-1,1,-1,1,1,1,-1,1,1,-1,1,-1,1,-1,1,-1,1,-1,1,1,-1,1,-1,-1,-1,-1,1,-1,1,-1,-1,-1,1,1,-1,-1,1,1,-1,1,1,1,-1,1,1,-1,1,1,1,1,-1,1,-1,1,1,-1,1,-1,1,-1,1,-1,1,1,1,1,-1,-1,1,-1,-1,-1,1,1,-1,1,1,1,-1,1,1,1,1,1,1,1,1,-1,1,1,1,-1,1,1,-1,1,1,1,-1,1,1,-1,-1,1,1,1,-1,1,-1,1,1,1,-1,1,1,-1,1,1,1,-1,1,1,-1,1,1,1,-1,1,1,-1,-1,1,1,-1,1,1,-1,1,-1,1,-1,1,1,1,-1,1,1,1,-1,1,1,-1,1,1,-1,1,1,1,-1,-1,-1,-1,1,1,1,-1,1,1,-1,1,1,-1,-1,1,1,1,1,1,-1,1,1,1,-1,1,1,1,-1,-1,1,1,-1,-1,1,-1,1,-1,1,-1,1,1,-1,-1,-1,1,-1,-1,1,1,-1,1,1,-1,1,1,1,1,-1,1,-1,-1,1,-1,1,-1,1,-1,1,1,1,1,-1,-1,1,-1,1,1,1,-1,1,1,1,-1,1,1,-1,1,-1,-1,1,1,1,-1,-1,-1,1,1,1,1,-1,1,-1,-1,1,1,-1,1,1,-1,1,1,1,-1,-1,1,-1,1,1,1,-1,1,-1,1,-1,1,1,-1,-1,1,-1,1,1,1,1,-1,1,-1,-1,1,1,1,-1,-1,-1,-1,1,1,-1,-1,1,-1,-1,1,-1,1,-1,-1,1,-1,1,-1,1,-1,-1,1,-1,-1,1,1,1,-1,1,-1,1,-1,1,1,1,-1,-1,-1,1,-1,-1,1,1,1,-1,1,-1,1,1,1,-1,1,1,-1,1,-1,1,-1,-1,1,-1,-1,1,1,1,-1,1,-1,-1,1,1,-1,-1,1,-1,-1,1,1,-1,-1,1,-1,-1,-1,1,1,-1,1,1,-1,-1,1,-1,-1,1,-1,1,-1,1,1,-1,-1,1,-1,-1,-1,-1,-1,1,1,1,-1,-1,1,-1,-1,1,-1,-1,1,-1,-1,1,1,-1,-1,1,-1,-1,1,1,-1,1,-1,-1,-1,-1,1,1,-1,-1,-1,-1,1,1,-1,-1,1,-1,-1,-1,1,1,-1,-1,-1,-1,-1,1,-1,-1,-1,-1,-1,1,1,1,-1,-1,-1,-1,-1,1,1,-1,-1,-1,-1,-1,1,1,1,-1,-1,-1,-1,1,1,-1,-1,-1,-1,1,-1,1,1,-1,-1,1,1,-1,1,1,-1,-1,-1,1,1,1,1,1,-1,1,1,1,1,-1,1,-1,-1,1,-1,1,-1,1,-1,-1,1,-1,1,-1,-1,-1,-1,1,-1,1,-1,1,-1,-1,1,-1,1,-1,1,-1,1,-1,1,1,-1,-1,-1,-1,1,-1,-1,-1,-1,-1,-1,1,-1,1,-1,-1,-1,-1,1,1,-1,1,-1,-1,-1,1,1,-1,1,-1,-1,-1,-1,-1,-1,1,-1,-1,-1,-1,-1,1,-1,-1,-1,1,-1,-1,1,-1,1,-1,-1,-1,-1,-1,-1,-1,1,-1,-1,-1,1,1,1,-1,-1,-1,1,-1,-1,-1,-1,1,-1,-1,1,-1,1,-1,-1,-1,-1,1,-1,1,1,-1,1,-1,-1,1,1,-1,-1,-1,-1,-1,-1,1,1,-1,-1,1,-1,1,1,-1,-1,-1,1,-1,1,1,-1,-1,1,-1,-1,1,1,1,-1,1,-1,1,1,1,-1,-1,1,-1,-1,1,1,1,-1,1,-1,-1,1,1,-1,1,1,-1,-1,1,1,-1,1,1,-1,-1,1,1,-1,1,1,-1,-1,1,1,1,1,-1,1,-1,1,1,1,-1,1,-1,-1,1,-1,1,1,1,1,-1,-1,1,-1,1,1,1,-1,1,1,1,1,-1,1,-1,1,1,1,1,1,1,1,-1,1,1,1,1,-1,1,-1,1,1,1,1,1,-1,1,1,1,1,-1,1,1,-1,1,1,-1,1,1,-1,-1,1,1,1,1,-1,1,-1,1,1,1,-1,-1,1,-1,1,1,1,-1,1,-1,-1,-1,1,1,-1,-1,1,-1,-1,1,1,1,-1,1,-1,1,1,1,1,-1,1,-1,-1,1,1,-1,-1,-1,1,1,1,1,-1,1,1,-1,1,1,-1,-1,1,1,-1,-1,1,1,-1,1,1,1,1,1,-1,-1,-1,-1,1,-1,-1,-1,-1,-1,1,1,1,1,-1,1,1,-1,1,1,1,1,-1,1,-1,1,1,1,1,-1,1,-1,1,1,1,1,-1,1,-1,1,1,1,1,-1,1,-1,1,1,1,-1,-1,1,-1,1,1,1,-1,-1,-1,1,-1,1,1,1,-1,1,-1,1,1,-2668.0,1,2000,445,1000,False
1620,1,1,-1,-1,1,1,-1,-1,1,1,1,-1,1,1,1,1,-1,1,-1,-1,-1,-1,1,1,1,-1,1,-1,1,1,1,1,1,-1,-1,-1,1,-1,1,-1,1,-1,-1,1,1,1,1,-1,1,1,1,1,-1,1,-1,-1,1,-1,1,1,1,-1,-1,-1,1,1,1,1,-1,-1,-1,1,1,1,1,-1,-1,-1,1,1,1,-1,-1,-1,1,1,1,1,-1,-1,-1,1,1,1,1,-1,-1,1,1,-1,1,1,-1,-1,1,1,1,1,1,-1,-1,1,1,1,1,1,-1,-1,1,1,1,1,1,1,-1,-1,1,1,-1,1,1,-1,1,1,1,1,1,1,-1,-1,1,1,1,1,1,-1,1,1,1,1,1,1,-1,-1,-1,1,1,1,1,-1,1,1,1,1,-1,1,-1,1,-1,1,1,1,-1,-1,1,1,1,1,1,-1,1,-1,-1,1,-1,1,-1,1,1,1,1,1,1,1,1,1,-1,1,-1,1,-1,1,1,-1,1,-1,1,1,-1,1,-1,1,-1,1,-1,1,1,-1,1,-1,1,1,1,1,-1,-1,1,1,-1,-1,1,-1,1,-1,-1,1,-1,1,-1,1,-1,1,-1,-1,1,-1,-1,-1,1,1,-1,1,-1,1,1,1,-1,1,1,-1,1,-1,1,-1,1,-1,1,-1,1,1,-1,1,-1,-1,-1,1,1,-1,1,-1,-1,-1,1,1,-1,-1,1,1,-1,-1,1,1,-1,1,1,-1,1,1,1,1,-1,1,-1,1,1,-1,1,-1,1,1,-1,1,1,1,1,1,-1,-1,1,-1,-1,1,1,1,-1,1,1,1,-1,1,-1,-1,1,1,1,-1,1,-1,1,1,1,-1,-1,1,-1,1,1,1,-1,1,1,-1,-1,1,1,1,-1,1,-1,1,1,1,-1,1,1,-1,1,1,1,-1,1,-1,-1,1,1,1,-1,1,-1,-1,-1,1,1,-1,1,-1,-1,1,-1,1,-1,1,1,-1,-1,1,1,1,1,1,-1,-1,1,1,-1,1,-1,-1,-1,-1,-1,-1,1,1,-1,-1,1,1,-1,1,-1,-1,-1,1,1,1,1,1,-1,1,1,1,-1,1,-1,-1,-1,-1,1,1,1,1,-1,-1,1,1,1,1,-1,-1,-1,-1,-1,1,-1,1,-1,1,-1,1,1,1,-1,-1,1,1,-1,1,-1,1,-1,-1,1,-1,1,1,-1,-1,-1,1,-1,-1,1,1,-1,-1,1,-1,1,1,-1,1,-1,1,-1,-1,1,1,-1,1,1,-1,1,1,-1,-1,1,1,-1,1,-1,1,-1,1,-1,-1,1,-1,1,-1,1,-1,-1,1,-1,-1,-1,1,-1,-1,1,-1,1,-1,1,-1,-1,1,-1,-1,1,-1,1,-1,1,1,1,-1,1,1,-1,-1,1,1,-1,1,-1,-1,1,-1,1,1,-1,1,-1,-1,1,1,-1,-1,1,-1,-1,1,1,1,1,1,1,-1,1,1,1,-1,-1,-1,1,-1,-1,-1,1,-1,-1,1,-1,1,-1,1,-1,1,-1,-1,-1,1,1,-1,1,1,-1,-1,-1,1,-1,1,1,-1,1,-1,1,-1,-1,-1,-1,-1,-1,1,-1,-1,-1,-1,-1,-1,1,-1,1,1,1,1,-1,1,-1,1,1,-1,-1,-1,1,-1,-1,1,-1,1,-1,-1,1,1,1,1,-1,-1,1,1,1,1,-1,1,-1,-1,1,1,1,-1,-1,-1,1,1,1,1,-1,-1,-1,1,-1,1,-1,1,-1,-1,-1,1,1,1,-1,-1,-1,-1,1,1,1,1,-1,-1,-1,1,1,1,1,-1,-1,-1,1,1,1,-1,-1,-1,1,1,1,1,1,-1,-1,-1,1,1,1,1,-1,-1,-1,1,1,-1,1,-1,-1,-1,1,1,1,1,-1,-1,1,1,1,1,1,-1,1,1,-1,1,1,-1,-1,-1,1,1,1,1,1,-1,1,1,1,1,1,1,-1,-1,1,-1,1,-1,1,-1,-1,1,-1,1,1,-1,-1,-1,1,-1,1,1,-1,1,-1,1,1,1,-1,1,1,-1,1,-1,1,-1,-1,-1,-1,1,1,-1,-1,-1,-1,-1,1,-1,1,-1,-1,-1,-1,-1,-1,-1,1,-1,-1,-1,1,-1,-1,1,-1,-1,-1,-1,-1,1,1,-1,-1,-1,-1,-1,1,-1,-1,-1,1,-1,-1,1,-1,1,-1,-1,-1,-1,-1,-1,-1,1,-1,-1,-1,1,1,-1,-1,-1,1,-1,-1,-1,-1,-1,1,-1,-1,1,-1,1,-1,-1,-1,-1,1,-1,1,1,-1,1,-1,-1,1,1,-1,-1,-1,-1,-1,-1,1,1,-1,-1,1,-1,1,1,-1,-1,-1,1,-1,1,1,-1,-1,1,-1,-1,1,1,1,-1,1,-1,1,1,1,-1,-1,1,-1,-1,1,1,1,-1,1,-1,-1,1,1,-1,1,1,-1,-1,1,1,1,1,1,-1,-1,1,1,-1,1,1,-1,-1,1,1,1,1,-1,1,-1,-1,1,1,-1,1,-1,-1,1,-1,1,1,1,1,-1,-1,1,-1,1,1,1,-1,1,1,1,1,-1,1,-1,1,1,1,1,1,1,1,-1,1,1,1,1,-1,1,-1,1,1,1,1,1,-1,1,1,1,1,-1,1,1,-1,1,1,-1,1,1,-1,-1,1,1,1,1,-1,1,-1,1,1,1,-1,-1,1,-1,1,1,1,-1,1,-1,-1,-1,1,1,-1,-1,1,-1,-1,1,1,1,-1,1,-1,-1,-1,1,1,-1,1,-1,-1,1,1,-1,-1,-1,1,-1,-1,1,-1,1,1,-1,1,1,-1,-1,1,-1,-1,-1,1,1,-1,1,1,-1,1,1,-1,-1,-1,-1,1,-1,-1,-1,-1,1,-1,-1,1,1,-1,1,1,-1,1,1,1,1,-1,1,-1,1,1,1,1,-1,1,-1,-1,-1,1,1,-1,1,-1,1,1,1,1,-1,1,-1,1,1,1,-1,-1,1,-1,-1,1,1,-1,-1,-1,1,-1,1,-1,1,-1,1,-1,-1,1,-2668.0,1,2000,445,1000,False
1621,1,1,-1,-1,1,-1,-1,-1,1,1,1,-1,1,1,-1,1,-1,1,-1,-1,-1,1,1,1,1,-1,1,-1,1,1,1,1,1,-1,-1,-1,1,-1,1,1,-1,-1,-1,1,1,1,1,-1,1,1,1,1,-1,1,-1,-1,1,-1,1,1,1,-1,-1,1,1,1,1,1,-1,-1,1,1,1,1,1,-1,-1,-1,1,1,1,-1,-1,-1,1,1,1,1,-1,-1,-1,1,1,1,1,-1,-1,1,1,-1,1,1,-1,-1,1,1,1,1,1,-1,-1,-1,1,1,1,1,-1,-1,1,1,1,1,1,1,-1,-1,1,1,-1,1,1,-1,1,1,1,1,1,1,-1,1,1,1,1,1,1,-1,1,1,1,1,1,1,-1,-1,-1,1,1,1,1,-1,1,1,1,1,-1,1,-1,1,1,1,1,1,-1,-1,1,1,1,1,1,-1,1,-1,-1,1,-1,1,-1,1,1,1,1,1,1,1,1,1,-1,1,-1,1,-1,1,1,-1,1,-1,1,1,-1,1,-1,1,-1,1,-1,1,1,-1,1,-1,1,1,1,1,-1,-1,1,1,-1,-1,1,-1,1,-1,-1,1,-1,1,-1,1,-1,1,-1,1,1,-1,-1,-1,1,1,-1,1,-1,1,1,1,-1,1,1,-1,1,-1,1,-1,1,-1,1,-1,1,1,-1,1,-1,-1,-1,1,1,-1,1,-1,-1,-1,1,1,-1,-1,1,1,-1,-1,1,1,-1,1,1,-1,1,1,1,-1,-1,1,-1,1,1,-1,1,-1,1,-1,1,1,1,-1,-1,1,-1,-1,1,-1,1,-1,1,1,-1,1,1,1,-1,1,1,1,1,1,-1,-1,1,-1,1,1,1,1,-1,1,-1,1,1,1,-1,1,1,-1,-1,1,1,-1,-1,1,-1,1,1,1,1,1,1,-1,1,1,1,1,1,1,-1,1,1,1,1,1,1,-1,-1,1,1,1,1,1,-1,1,-1,1,-1,1,1,1,-1,1,1,1,1,1,1,-1,1,1,1,-1,1,1,-1,-1,-1,-1,1,1,1,-1,1,1,-1,1,1,-1,-1,1,1,1,1,1,-1,1,1,1,-1,1,1,1,-1,-1,1,1,1,-1,1,-1,1,-1,1,1,1,1,-1,1,-1,1,-1,-1,1,1,-1,1,1,1,1,1,1,1,-1,1,-1,-1,1,-1,1,-1,1,-1,1,1,1,1,-1,-1,1,-1,1,1,1,-1,1,1,1,-1,1,1,-1,1,-1,-1,1,1,1,1,-1,-1,1,1,1,1,-1,1,-1,1,1,1,-1,1,-1,1,-1,1,1,-1,-1,-1,-1,1,1,1,-1,1,-1,-1,-1,1,1,-1,-1,1,-1,1,1,1,1,-1,-1,-1,-1,-1,1,1,-1,-1,1,1,-1,1,-1,-1,1,-1,-1,1,-1,1,-1,-1,-1,-1,1,-1,1,-1,-1,-1,-1,-1,1,1,1,-1,1,-1,1,-1,-1,1,1,-1,-1,-1,1,-1,-1,1,1,-1,1,1,-1,1,1,1,-1,1,1,-1,1,-1,1,-1,1,1,-1,-1,1,1,-1,-1,1,-1,-1,1,1,1,-1,1,-1,-1,1,1,-1,-1,1,-1,-1,-1,1,1,-1,1,1,-1,-1,1,1,-1,1,-1,1,-1,1,1,-1,-1,1,-1,-1,-1,-1,-1,-1,1,1,-1,1,1,-1,1,1,-1,-1,-1,-1,-1,1,1,-1,-1,-1,-1,-1,1,1,-1,1,1,1,-1,-1,1,1,-1,-1,-1,-1,-1,1,-1,-1,1,-1,-1,-1,1,1,-1,-1,-1,-1,-1,1,-1,-1,1,-1,-1,1,1,1,-1,1,-1,-1,-1,1,1,-1,-1,-1,-1,-1,1,1,1,-1,-1,-1,-1,1,1,-1,-1,-1,-1,1,1,1,1,-1,-1,1,1,1,1,1,-1,-1,-1,1,1,1,-1,1,-1,1,1,1,1,-1,1,-1,-1,1,-1,1,-1,1,-1,-1,1,-1,1,-1,-1,-1,-1,1,-1,1,-1,1,1,-1,1,-1,1,-1,1,1,-1,1,-1,1,-1,-1,-1,-1,1,1,-1,-1,-1,-1,-1,1,-1,1,-1,-1,-1,-1,-1,-1,-1,1,-1,-1,-1,1,-1,-1,1,-1,-1,-1,-1,-1,1,1,-1,-1,-1,-1,-1,1,-1,-1,-1,1,-1,-1,1,-1,1,-1,-1,-1,-1,-1,-1,-1,1,-1,-1,-1,1,1,1,-1,-1,1,1,-1,-1,-1,-1,1,-1,-1,1,-1,1,-1,-1,-1,-1,1,1,1,1,-1,1,-1,-1,-1,1,-1,-1,-1,-1,-1,-1,1,1,-1,-1,1,-1,1,1,-1,-1,-1,1,-1,1,1,-1,-1,1,-1,-1,1,1,1,-1,1,-1,1,1,1,-1,-1,1,-1,-1,1,1,1,-1,1,-1,-1,1,1,-1,1,1,-1,-1,1,1,-1,1,1,-1,-1,1,1,1,1,1,-1,-1,1,1,1,1,1,1,-1,1,1,1,-1,1,-1,-1,1,-1,1,1,1,1,-1,-1,1,-1,1,1,1,-1,1,1,1,1,-1,1,-1,1,1,1,1,1,1,-1,-1,1,1,1,1,-1,1,-1,1,1,1,1,-1,1,-1,1,1,1,-1,-1,1,-1,1,1,-1,1,-1,-1,1,-1,1,1,-1,1,-1,-1,1,1,1,-1,-1,-1,1,1,1,1,-1,-1,-1,-1,-1,1,1,-1,1,-1,-1,1,1,1,-1,1,1,-1,1,1,1,1,1,1,-1,1,1,1,-1,-1,1,1,1,-1,1,-1,1,-1,-1,1,1,-1,-1,1,-1,-1,1,1,1,-1,1,1,1,1,1,-1,-1,-1,-1,-1,1,-1,-1,-1,1,-1,1,-1,1,-1,1,1,-1,1,1,1,1,-1,1,-1,1,1,1,-1,-1,1,-1,1,1,1,-1,-1,1,-1,1,1,1,-1,-1,1,-1,1,1,1,1,-1,1,-1,-1,1,1,-1,-1,-1,1,-1,1,-1,1,-1,1,-1,-1,1,-2668.0,1,2000,445,0,False
1622,1,1,-1,-1,1,-1,-1,-1,1,1,1,-1,1,1,1,1,-1,1,-1,-1,-1,-1,1,1,1,-1,1,-1,1,1,1,1,1,-1,-1,-1,1,1,1,1,-1,-1,-1,1,1,1,1,-1,1,1,1,1,-1,1,-1,-1,1,-1,1,1,1,-1,-1,-1,1,1,1,1,-1,-1,-1,1,1,1,1,-1,-1,-1,1,1,1,-1,-1,-1,1,1,1,1,-1,-1,-1,1,1,1,1,-1,-1,1,1,-1,1,1,-1,-1,1,1,1,1,1,-1,-1,1,1,-1,1,1,-1,-1,1,1,1,1,1,1,-1,1,1,1,-1,1,1,-1,1,1,1,1,1,1,-1,-1,1,1,1,1,1,-1,1,1,1,1,1,1,-1,-1,-1,1,1,1,1,-1,1,1,1,1,-1,1,-1,1,-1,1,1,1,-1,-1,1,1,1,1,1,-1,1,-1,-1,1,-1,1,-1,1,1,1,1,1,1,1,1,1,-1,1,-1,1,-1,1,1,-1,1,-1,1,1,-1,1,-1,1,-1,1,-1,1,1,-1,-1,-1,1,1,1,1,-1,-1,1,1,-1,-1,1,-1,1,-1,-1,1,-1,1,-1,1,-1,1,-1,1,1,-1,-1,-1,1,1,-1,1,-1,1,1,1,-1,1,1,-1,1,-1,1,-1,1,-1,1,-1,1,1,-1,1,-1,-1,-1,1,1,-1,1,-1,-1,-1,1,1,-1,-1,1,1,-1,-1,1,1,-1,1,1,-1,1,1,1,1,-1,1,-1,1,1,-1,1,-1,1,1,1,1,1,1,1,1,-1,-1,1,-1,-1,-1,1,1,-1,1,1,1,-1,1,1,1,1,1,1,1,1,-1,1,1,1,-1,-1,1,-1,1,1,1,-1,1,1,-1,-1,1,1,1,-1,1,-1,1,1,1,-1,1,1,-1,1,1,1,-1,1,1,-1,1,1,1,-1,1,1,-1,-1,1,1,-1,1,1,-1,1,-1,1,-1,1,-1,1,-1,1,1,1,1,-1,1,-1,1,1,-1,1,1,1,-1,-1,-1,-1,1,1,1,-1,1,1,-1,1,1,-1,-1,1,1,1,1,1,-1,1,1,1,-1,1,1,1,1,-1,1,1,1,-1,1,-1,1,1,1,1,1,1,-1,-1,-1,1,-1,1,1,1,-1,1,1,1,1,1,1,1,-1,1,-1,-1,1,-1,1,-1,1,1,-1,1,1,1,-1,-1,1,-1,1,1,1,-1,1,1,1,-1,1,1,-1,-1,1,-1,1,1,1,-1,1,1,1,1,1,1,-1,1,-1,-1,1,1,-1,-1,1,-1,-1,1,1,-1,-1,1,-1,1,1,1,-1,-1,1,1,-1,1,1,-1,-1,1,-1,1,1,1,1,-1,1,1,-1,-1,1,1,-1,-1,-1,1,-1,1,-1,-1,1,-1,-1,1,-1,1,-1,-1,1,-1,1,-1,1,1,-1,1,-1,-1,1,1,1,-1,1,-1,1,-1,-1,-1,1,-1,-1,-1,1,-1,1,1,1,1,-1,1,-1,-1,1,1,-1,1,1,-1,1,-1,1,-1,-1,1,-1,-1,1,1,1,-1,1,-1,-1,1,1,-1,-1,1,-1,-1,1,1,-1,-1,1,-1,-1,-1,1,1,-1,1,1,-1,-1,1,-1,-1,1,-1,1,-1,1,1,-1,-1,1,-1,-1,-1,-1,-1,1,1,1,-1,1,1,-1,-1,1,-1,1,-1,-1,-1,1,1,-1,-1,-1,1,-1,1,1,-1,1,1,1,-1,-1,1,1,-1,-1,-1,-1,-1,1,-1,-1,1,-1,-1,-1,1,1,-1,-1,-1,-1,-1,1,-1,-1,1,-1,-1,-1,1,1,-1,1,-1,-1,1,1,1,-1,-1,-1,-1,-1,1,1,1,-1,-1,-1,-1,1,1,-1,-1,-1,-1,1,1,1,1,-1,-1,1,1,1,1,1,-1,-1,-1,1,1,1,1,1,-1,1,1,1,1,-1,1,-1,-1,1,-1,1,-1,1,-1,-1,1,-1,1,-1,-1,-1,-1,1,-1,1,-1,1,-1,-1,1,-1,1,-1,1,-1,-1,1,-1,1,-1,-1,-1,-1,1,1,-1,-1,-1,-1,-1,1,-1,1,-1,-1,-1,-1,-1,-1,-1,1,-1,-1,-1,1,-1,-1,1,-1,-1,-1,-1,-1,1,1,-1,-1,-1,-1,-1,1,-1,-1,-1,1,-1,-1,1,-1,1,-1,-1,-1,-1,-1,-1,-1,1,-1,-1,-1,1,1,1,-1,-1,1,1,-1,-1,-1,-1,1,-1,-1,1,-1,1,-1,-1,-1,-1,1,-1,1,1,-1,1,-1,-1,1,1,-1,-1,-1,-1,-1,-1,1,1,-1,-1,1,-1,1,1,-1,-1,-1,1,-1,1,1,-1,-1,1,-1,-1,1,1,1,-1,1,-1,1,1,1,-1,-1,1,-1,-1,1,1,1,-1,1,-1,-1,1,1,-1,1,1,-1,-1,1,1,1,1,1,-1,-1,1,1,1,1,1,-1,-1,1,1,1,1,1,1,-1,-1,1,1,-1,1,-1,-1,1,-1,1,1,1,1,-1,-1,1,-1,1,1,1,-1,1,1,1,1,-1,1,-1,1,1,1,1,1,1,1,-1,1,1,1,1,-1,1,-1,1,1,1,1,1,-1,1,1,1,1,-1,1,1,-1,1,1,-1,1,1,-1,-1,1,1,1,1,-1,1,-1,1,1,1,-1,-1,1,-1,1,1,1,-1,1,-1,-1,-1,1,1,-1,-1,1,-1,-1,1,1,-1,-1,1,-1,-1,1,1,1,-1,-1,-1,-1,1,1,-1,-1,-1,1,-1,-1,1,-1,1,1,-1,1,1,-1,-1,1,-1,-1,-1,1,1,-1,1,1,-1,1,1,-1,-1,1,-1,1,-1,-1,-1,-1,1,-1,-1,1,1,-1,1,1,-1,1,1,1,1,-1,1,-1,1,1,1,1,-1,1,-1,-1,1,1,1,-1,1,-1,1,1,1,1,-1,1,-1,1,1,1,-1,-1,1,-1,-1,1,1,-1,-1,-1,1,-1,1,-1,1,-1,1,-1,-1,1,-2668.0,1,2000,445,1000,False
1623,1,1,-1,-1,1,1,-1,-1,1,1,1,-1,-1,1,1,1,-1,1,1,-1,1,-1,1,1,1,1,-1,-1,1,1,1,1,-1,-1,-1,-1,1,-1,1,1,-1,-1,-1,1,1,1,1,-1,1,1,1,1,-1,1,-1,-1,1,-1,1,1,1,-1,-1,-1,1,1,1,1,-1,-1,-1,1,1,1,1,-1,-1,-1,1,1,1,-1,-1,-1,1,1,1,1,-1,-1,-1,1,1,1,1,-1,-1,1,1,-1,1,1,-1,-1,1,1,1,1,1,-1,-1,1,1,1,1,1,-1,-1,1,1,1,1,1,1,-1,1,1,1,-1,1,1,-1,1,1,1,1,1,1,-1,-1,1,1,1,1,1,-1,1,1,1,1,1,1,-1,-1,-1,1,1,1,1,-1,1,1,1,1,-1,1,-1,1,-1,1,1,1,-1,-1,1,1,1,1,1,-1,1,-1,-1,1,-1,1,-1,1,1,1,1,1,1,1,1,1,1,1,-1,1,-1,1,1,-1,1,-1,1,1,-1,1,-1,1,-1,1,-1,1,1,-1,1,-1,1,1,1,1,-1,-1,1,1,-1,-1,1,-1,1,-1,-1,1,-1,1,-1,1,-1,1,-1,-1,1,-1,-1,-1,1,1,-1,1,-1,1,1,1,-1,1,1,-1,-1,-1,1,-1,1,-1,1,-1,1,1,-1,1,-1,-1,-1,1,1,-1,1,-1,-1,-1,1,1,-1,-1,1,1,-1,-1,1,1,-1,1,1,-1,1,1,1,1,-1,1,-1,1,1,-1,1,-1,1,-1,1,1,1,1,1,1,-1,-1,1,-1,-1,-1,1,1,-1,1,1,1,-1,1,1,1,1,1,1,1,1,-1,1,1,1,-1,1,1,-1,1,1,1,-1,1,1,-1,-1,1,1,1,-1,1,-1,1,1,1,-1,1,1,-1,1,1,1,-1,1,1,-1,1,1,1,-1,1,1,-1,-1,1,1,-1,1,1,-1,1,-1,1,-1,1,1,1,-1,1,1,1,-1,1,1,-1,1,1,-1,1,1,1,-1,-1,-1,-1,1,1,1,-1,1,1,-1,1,1,-1,-1,1,1,1,1,1,-1,1,1,1,-1,1,1,1,-1,-1,1,1,1,-1,1,-1,1,1,1,1,1,1,-1,-1,-1,1,-1,-1,1,-1,1,-1,1,-1,1,1,1,-1,-1,1,-1,-1,1,-1,1,-1,1,1,1,1,1,1,-1,-1,1,-1,1,1,-1,-1,1,1,1,-1,1,-1,-1,-1,1,-1,1,1,-1,-1,1,1,1,1,-1,1,-1,1,-1,-1,1,-1,1,-1,1,-1,1,1,-1,-1,-1,1,-1,1,1,1,-1,-1,1,-1,-1,1,-1,-1,-1,1,-1,1,1,1,-1,-1,1,1,-1,1,-1,-1,-1,-1,1,-1,1,-1,-1,-1,1,-1,-1,1,-1,-1,-1,-1,1,-1,1,-1,-1,-1,-1,1,-1,-1,1,1,1,-1,1,-1,1,1,1,1,1,-1,-1,-1,1,-1,-1,1,1,1,-1,1,-1,1,1,1,-1,1,1,-1,-1,-1,1,-1,-1,1,-1,-1,1,1,1,-1,1,-1,-1,1,1,-1,-1,1,-1,-1,1,1,-1,-1,1,-1,-1,-1,1,1,-1,1,1,-1,-1,1,-1,-1,1,-1,1,-1,1,1,-1,-1,1,-1,-1,-1,-1,-1,1,1,1,-1,-1,1,-1,-1,1,-1,-1,1,-1,-1,1,1,-1,-1,1,-1,-1,1,1,-1,1,-1,1,-1,-1,1,1,-1,-1,-1,-1,1,1,-1,-1,1,-1,-1,-1,1,1,-1,-1,-1,-1,-1,1,-1,-1,-1,-1,-1,1,1,1,-1,-1,-1,-1,-1,1,1,-1,-1,-1,-1,-1,1,1,1,-1,-1,-1,-1,1,1,-1,-1,-1,-1,1,1,1,1,1,-1,1,1,1,1,1,1,-1,-1,1,1,1,1,-1,-1,1,1,1,1,-1,1,-1,-1,1,-1,1,-1,1,-1,-1,1,-1,1,1,1,-1,-1,1,-1,1,-1,1,1,-1,1,-1,1,1,1,1,-1,1,-1,1,1,1,-1,-1,1,1,-1,1,1,-1,-1,1,-1,1,-1,1,-1,-1,-1,-1,-1,1,1,-1,-1,1,-1,-1,1,1,-1,-1,-1,-1,-1,-1,1,-1,-1,-1,-1,1,1,-1,-1,1,-1,-1,1,-1,1,-1,-1,-1,-1,-1,1,1,1,-1,-1,-1,1,1,1,-1,-1,1,-1,-1,-1,1,-1,1,-1,-1,1,1,1,-1,-1,-1,-1,1,-1,1,1,-1,1,-1,-1,1,1,-1,-1,-1,-1,-1,-1,1,1,-1,-1,1,-1,1,1,-1,-1,-1,1,-1,1,1,-1,-1,1,-1,-1,1,1,1,-1,1,-1,1,1,1,-1,-1,1,-1,-1,1,1,1,-1,1,-1,-1,1,1,-1,1,1,-1,-1,1,1,-1,1,1,-1,-1,1,1,-1,-1,1,-1,-1,1,1,1,1,-1,1,-1,-1,1,-1,1,1,-1,-1,1,-1,1,1,1,1,-1,-1,1,-1,1,1,1,-1,1,1,1,1,-1,1,-1,1,1,1,1,1,1,1,-1,1,1,1,1,-1,1,-1,1,1,1,1,1,-1,1,1,1,1,-1,1,1,-1,1,1,-1,1,1,-1,-1,1,1,1,1,-1,1,-1,1,1,1,-1,-1,1,-1,1,1,1,-1,1,-1,-1,-1,1,1,-1,-1,1,-1,-1,1,1,1,-1,1,-1,-1,1,1,1,-1,1,-1,-1,1,1,-1,-1,-1,1,-1,1,1,-1,1,1,-1,1,1,-1,-1,1,1,-1,-1,1,1,-1,1,1,-1,1,1,-1,-1,-1,-1,1,-1,-1,-1,-1,1,-1,-1,1,1,-1,1,1,-1,1,1,1,1,-1,1,-1,1,1,1,1,-1,1,-1,-1,-1,1,1,-1,1,-1,1,1,1,1,-1,1,-1,1,1,-1,-1,-1,1,-1,-1,1,1,-1,-1,-1,1,-1,1,-1,1,-1,1,-1,-1,1,-2668.0,1,2000,445,1000,False
1624,1,1,-1,-1,1,1,-1,-1,1,1,1,-1,1,1,1,1,-1,1,-1,-1,-1,-1,1,1,1,-1,-1,-1,1,1,1,1,1,-1,-1,-1,1,-1,1,1,-1,-1,-1,1,1,1,1,-1,1,1,1,1,-1,1,-1,-1,1,-1,1,1,1,-1,-1,-1,1,1,1,1,-1,-1,-1,1,1,1,1,-1,-1,-1,1,1,1,-1,-1,-1,1,1,1,1,-1,-1,-1,1,1,1,1,-1,-1,1,1,-1,1,1,-1,-1,1,1,1,1,1,-1,-1,-1,1,1,1,1,-1,-1,1,1,1,1,1,1,-1,-1,1,1,-1,1,1,-1,1,1,1,1,1,1,-1,1,1,1,1,1,1,-1,1,1,1,1,1,1,-1,-1,-1,1,1,1,1,-1,1,1,1,1,-1,1,-1,1,-1,1,1,1,-1,-1,1,1,1,1,1,-1,1,-1,-1,1,1,1,-1,1,1,1,1,-1,1,1,1,1,-1,1,-1,1,-1,1,1,-1,1,-1,1,1,-1,1,-1,1,-1,1,-1,1,1,-1,1,-1,1,1,1,1,-1,-1,1,1,-1,-1,1,-1,1,-1,-1,1,-1,1,-1,1,-1,1,-1,-1,1,-1,-1,-1,1,1,-1,1,-1,1,1,1,-1,1,1,-1,1,-1,1,-1,1,-1,1,-1,1,1,-1,1,-1,-1,-1,1,1,-1,1,-1,-1,-1,1,1,-1,-1,1,1,-1,-1,1,1,-1,1,1,-1,1,1,1,1,-1,1,-1,1,1,-1,1,-1,1,1,1,1,1,1,1,1,-1,-1,1,-1,-1,1,1,1,-1,1,1,1,-1,1,1,1,1,1,1,-1,1,-1,1,1,1,-1,1,1,-1,1,1,1,-1,1,1,-1,-1,1,1,1,-1,1,-1,1,1,1,-1,1,1,-1,1,1,1,-1,1,1,-1,1,1,1,-1,1,1,-1,-1,1,1,1,1,1,-1,1,-1,1,-1,1,-1,1,-1,1,1,1,-1,-1,1,-1,1,1,-1,1,1,1,-1,-1,-1,-1,1,1,1,-1,1,1,-1,1,1,-1,-1,1,1,-1,1,1,-1,1,1,-1,1,1,1,1,1,-1,1,1,1,-1,1,-1,1,-1,-1,1,1,1,-1,-1,-1,1,-1,1,1,-1,1,-1,-1,1,1,1,1,1,-1,-1,-1,-1,1,-1,1,-1,-1,-1,1,1,1,1,-1,-1,1,-1,1,1,-1,-1,1,-1,1,-1,1,1,-1,-1,1,-1,1,1,-1,-1,-1,-1,1,1,-1,1,-1,-1,1,-1,1,-1,-1,1,-1,1,1,1,-1,-1,1,-1,-1,1,1,1,-1,1,-1,1,-1,1,-1,-1,-1,1,-1,1,1,-1,1,-1,1,-1,-1,1,-1,-1,-1,1,-1,-1,1,-1,-1,-1,1,-1,-1,1,-1,-1,-1,-1,1,-1,1,-1,-1,1,-1,1,-1,-1,1,1,1,-1,1,-1,1,-1,1,-1,1,-1,-1,-1,1,-1,1,1,1,1,-1,1,-1,-1,1,1,-1,1,1,-1,-1,-1,1,-1,-1,1,-1,-1,1,1,1,-1,1,-1,-1,1,1,-1,-1,1,-1,1,1,1,-1,-1,1,-1,-1,-1,1,1,-1,1,-1,-1,-1,1,-1,-1,1,-1,1,-1,1,1,-1,-1,1,-1,-1,-1,-1,-1,1,1,1,-1,-1,1,-1,-1,1,-1,-1,1,-1,-1,1,1,-1,-1,1,-1,-1,1,1,-1,1,-1,-1,-1,-1,1,1,-1,-1,-1,-1,-1,1,-1,-1,1,-1,-1,-1,1,1,-1,-1,-1,-1,-1,1,-1,-1,-1,-1,-1,1,1,1,-1,-1,-1,-1,-1,1,1,-1,-1,-1,-1,-1,1,1,1,-1,-1,-1,-1,1,1,-1,-1,-1,-1,1,1,1,1,1,-1,1,1,1,1,1,1,-1,-1,1,1,1,1,-1,-1,1,1,1,1,-1,1,-1,-1,1,-1,1,-1,1,-1,-1,1,-1,1,1,1,-1,-1,1,-1,1,-1,1,1,-1,1,-1,1,1,1,1,1,-1,-1,1,1,1,-1,-1,1,1,-1,1,1,-1,-1,1,-1,1,-1,1,-1,-1,-1,-1,-1,1,1,-1,-1,1,-1,-1,1,1,-1,-1,-1,-1,1,-1,1,-1,-1,-1,-1,1,-1,-1,-1,1,-1,-1,1,-1,1,-1,-1,-1,-1,-1,-1,1,1,-1,-1,-1,1,1,1,-1,-1,1,1,-1,-1,1,-1,1,-1,-1,1,1,1,-1,-1,-1,-1,1,-1,1,1,-1,1,-1,-1,1,1,-1,-1,-1,-1,-1,-1,1,1,-1,-1,1,-1,1,1,-1,-1,-1,1,-1,1,1,-1,-1,1,-1,-1,1,1,1,-1,1,-1,1,1,1,-1,-1,1,-1,-1,1,1,1,-1,1,-1,-1,1,1,-1,1,1,-1,-1,1,1,-1,1,1,-1,-1,1,-1,1,1,1,-1,-1,1,1,1,1,-1,1,-1,1,1,1,1,1,-1,-1,1,-1,1,1,1,1,-1,1,1,-1,1,1,1,-1,1,1,1,1,-1,1,-1,1,1,1,1,1,1,-1,1,-1,1,1,1,-1,1,1,1,1,1,1,1,1,-1,1,1,1,-1,1,-1,1,1,1,-1,1,1,1,1,-1,1,1,1,-1,1,1,1,1,1,-1,-1,1,-1,1,1,1,-1,1,-1,1,-1,1,1,-1,-1,1,1,-1,1,1,1,-1,1,-1,-1,1,1,1,-1,1,-1,1,1,1,-1,-1,-1,-1,1,1,1,-1,1,1,1,1,1,-1,-1,1,1,1,-1,1,1,-1,1,-1,1,1,1,-1,-1,-1,-1,-1,-1,-1,-1,-1,1,-1,1,1,1,-1,1,1,-1,-1,1,1,1,-1,1,-1,1,1,1,-1,-1,1,-1,1,1,1,-1,-1,1,-1,1,1,1,-1,-1,1,-1,1,-1,1,1,-1,1,-1,-1,1,1,-1,-1,-1,1,-1,1,1,1,-1,1,-1,-1,1,-2668.0,1,2000,445,1000,False
1625,1,1,-1,-1,1,-1,1,-1,1,1,1,-1,1,1,1,1,-1,1,1,-1,1,-1,1,1,1,1,-1,-1,1,1,1,1,-1,-1,-1,-1,1,-1,1,1,-1,-1,-1,1,1,1,1,-1,1,1,1,1,-1,1,-1,-1,1,-1,1,1,1,-1,-1,-1,1,1,1,1,-1,-1,-1,1,1,1,1,-1,-1,-1,1,1,1,-1,-1,-1,1,1,1,1,-1,-1,-1,1,1,1,1,-1,-1,1,1,-1,1,1,-1,-1,1,1,1,1,1,-1,-1,1,1,1,1,1,-1,-1,1,1,1,1,1,1,-1,-1,1,1,-1,1,1,-1,1,1,1,1,1,1,-1,-1,1,1,1,1,1,-1,1,1,1,1,1,1,-1,-1,-1,1,1,1,1,-1,1,1,1,1,-1,1,-1,1,-1,1,1,1,-1,-1,1,1,1,1,1,-1,1,-1,-1,1,1,1,-1,1,1,1,1,-1,1,1,1,1,-1,1,-1,1,-1,1,1,-1,1,-1,1,1,-1,1,-1,1,-1,1,-1,1,1,-1,1,-1,1,1,1,1,-1,-1,1,1,-1,-1,1,-1,1,1,-1,1,-1,1,-1,1,-1,1,-1,1,1,-1,-1,1,-1,1,-1,1,-1,1,1,1,-1,1,1,-1,1,-1,1,-1,1,-1,1,-1,1,1,-1,1,-1,-1,1,-1,1,-1,1,-1,-1,-1,1,1,-1,-1,1,1,-1,1,1,1,-1,1,1,-1,1,1,1,1,-1,1,-1,1,1,-1,1,-1,1,-1,1,-1,1,1,1,1,-1,-1,1,-1,-1,-1,1,1,-1,1,1,1,-1,1,1,1,1,1,1,1,1,-1,1,1,1,-1,1,1,-1,1,1,1,-1,1,1,-1,-1,1,1,1,-1,1,-1,1,1,1,-1,1,1,-1,1,1,1,-1,1,1,-1,1,1,1,-1,1,1,1,-1,1,1,-1,1,1,-1,1,-1,1,-1,1,1,1,-1,1,1,1,-1,1,1,-1,1,1,-1,1,1,1,-1,-1,-1,-1,1,1,1,-1,1,1,-1,1,1,-1,-1,1,1,1,1,1,-1,1,1,1,-1,1,1,1,-1,-1,1,1,-1,-1,1,-1,1,-1,1,-1,1,1,-1,-1,-1,1,-1,-1,1,-1,1,-1,1,-1,1,1,1,-1,-1,1,-1,-1,1,-1,1,-1,1,-1,-1,1,1,1,-1,-1,1,-1,1,1,-1,-1,1,1,1,-1,1,-1,-1,1,-1,-1,1,1,-1,-1,-1,-1,1,1,-1,1,-1,1,-1,1,1,-1,-1,1,1,-1,1,1,-1,-1,-1,1,-1,1,1,1,-1,1,-1,-1,-1,1,-1,-1,-1,1,-1,1,1,1,-1,-1,1,-1,-1,1,-1,-1,-1,-1,-1,-1,1,-1,-1,-1,1,-1,-1,1,-1,-1,-1,-1,1,-1,1,-1,-1,1,-1,1,-1,-1,1,1,1,-1,1,-1,1,-1,1,-1,1,-1,-1,-1,1,-1,-1,1,1,1,-1,1,-1,1,1,1,-1,1,1,-1,1,-1,1,-1,-1,1,-1,-1,1,1,1,-1,1,-1,-1,1,1,-1,-1,1,-1,-1,1,1,-1,-1,1,-1,-1,-1,1,1,-1,1,1,-1,-1,1,-1,-1,1,-1,1,-1,1,1,-1,-1,1,-1,-1,-1,-1,-1,1,1,1,-1,-1,1,-1,-1,1,-1,-1,1,-1,-1,1,1,-1,-1,1,-1,-1,1,1,-1,1,-1,-1,-1,-1,1,1,-1,-1,-1,-1,-1,1,-1,-1,1,-1,-1,-1,1,1,-1,-1,-1,-1,-1,1,-1,-1,-1,-1,-1,-1,1,1,-1,-1,-1,-1,-1,1,1,-1,-1,-1,-1,-1,1,1,1,-1,-1,-1,-1,1,1,-1,-1,-1,-1,1,-1,1,1,1,-1,1,1,-1,1,1,1,-1,-1,1,1,1,-1,-1,-1,1,-1,1,1,-1,1,-1,-1,1,-1,1,-1,1,-1,-1,1,-1,1,-1,1,-1,-1,-1,-1,1,-1,1,1,-1,1,-1,1,1,1,1,1,-1,1,1,1,1,-1,-1,1,-1,-1,1,1,-1,-1,1,-1,1,-1,1,-1,-1,1,1,-1,1,1,-1,-1,1,-1,-1,1,1,-1,-1,-1,1,1,-1,1,-1,-1,-1,-1,1,1,-1,-1,1,-1,-1,1,-1,1,-1,-1,-1,-1,-1,1,1,1,-1,-1,-1,1,1,1,-1,-1,1,1,-1,-1,1,-1,1,-1,-1,1,1,1,-1,-1,-1,-1,1,-1,1,1,-1,1,-1,-1,1,1,-1,-1,-1,-1,-1,-1,1,1,-1,-1,1,-1,1,1,-1,-1,-1,1,-1,1,1,-1,-1,1,-1,-1,1,1,1,-1,1,-1,1,1,1,-1,-1,1,-1,-1,1,1,1,-1,1,-1,-1,1,1,-1,1,1,-1,-1,1,1,-1,1,1,-1,-1,1,1,-1,1,1,-1,-1,1,1,1,1,1,1,-1,1,1,-1,1,1,-1,-1,1,-1,1,1,1,1,-1,-1,1,-1,1,1,1,-1,1,1,1,1,-1,1,-1,1,1,1,1,1,1,1,-1,1,1,1,1,-1,1,-1,1,1,1,1,1,-1,1,1,1,1,-1,1,1,-1,1,1,-1,1,1,-1,-1,1,1,1,1,-1,1,-1,1,1,1,-1,-1,1,-1,1,1,1,-1,1,-1,-1,-1,1,1,-1,-1,1,-1,-1,1,1,-1,-1,1,-1,1,1,1,1,-1,1,-1,-1,1,1,-1,-1,-1,1,1,-1,1,-1,1,1,-1,1,1,-1,-1,1,1,-1,-1,1,1,-1,1,1,1,1,1,-1,-1,-1,-1,1,-1,-1,-1,-1,-1,1,1,1,1,-1,1,1,-1,1,1,1,1,-1,1,-1,1,1,1,1,-1,1,-1,1,1,1,1,-1,1,-1,1,1,1,1,-1,1,-1,1,1,-1,-1,-1,1,-1,1,1,1,-1,-1,-1,1,-1,1,-1,1,-1,1,-1,1,1,-2668.0,1,2000,445,1000,False
1626,1,1,-1,-1,1,1,-1,-1,1,1,1,-1,-1,1,1,1,-1,1,-1,-1,-1,1,1,1,1,-1,-1,-1,1,1,1,1,-1,-1,-1,1,1,1,1,1,-1,-1,1,1,1,1,1,-1,1,1,1,1,-1,1,-1,-1,1,-1,1,1,1,-1,-1,1,1,1,1,1,-1,-1,1,1,1,1,1,-1,-1,-1,1,1,1,-1,-1,-1,1,1,1,1,-1,-1,-1,1,1,1,1,-1,-1,1,1,-1,1,1,-1,-1,1,1,1,1,1,-1,-1,1,1,1,1,1,-1,-1,1,1,1,1,1,1,-1,-1,1,1,-1,1,1,-1,1,1,1,1,1,1,-1,-1,1,1,1,1,1,-1,1,1,1,1,1,1,-1,-1,-1,1,1,1,1,-1,1,-1,1,1,-1,1,-1,1,-1,1,1,1,-1,-1,1,1,1,1,1,-1,1,-1,-1,1,-1,1,-1,1,1,1,1,1,1,1,1,1,-1,1,-1,1,-1,1,1,-1,1,-1,1,1,-1,1,-1,1,-1,1,-1,1,1,-1,1,-1,1,1,1,1,-1,-1,1,1,-1,-1,1,-1,1,-1,-1,1,-1,1,-1,1,-1,1,-1,1,1,-1,-1,-1,1,1,-1,1,-1,1,1,1,-1,1,1,-1,1,-1,1,-1,1,-1,1,-1,1,1,-1,1,-1,-1,-1,1,1,-1,1,-1,-1,-1,1,1,-1,-1,1,1,-1,-1,1,1,-1,1,1,-1,1,1,1,1,-1,1,-1,1,1,-1,1,-1,1,-1,1,1,1,1,1,1,-1,-1,1,-1,-1,-1,1,1,-1,1,1,1,-1,1,1,1,1,1,1,1,1,-1,1,1,1,-1,1,1,-1,1,1,1,-1,1,1,-1,-1,1,1,1,-1,1,-1,1,1,1,-1,1,1,-1,1,1,1,-1,1,1,-1,1,1,1,-1,1,1,-1,-1,1,1,-1,1,1,-1,1,-1,1,-1,1,1,1,-1,1,1,1,-1,1,1,-1,1,1,-1,1,1,1,-1,-1,-1,-1,1,1,1,-1,1,1,-1,1,1,-1,-1,1,1,1,1,1,-1,1,1,1,-1,1,1,1,-1,-1,1,1,1,-1,1,-1,1,1,1,1,1,1,-1,-1,-1,1,-1,-1,1,1,-1,1,1,1,1,1,1,1,-1,1,-1,-1,1,-1,1,-1,1,1,1,1,1,1,-1,-1,1,-1,1,1,1,-1,1,1,1,-1,1,1,-1,-1,1,-1,1,1,1,-1,1,1,1,1,1,1,-1,1,-1,1,1,1,1,-1,1,-1,1,1,1,-1,-1,1,-1,1,1,1,-1,-1,1,1,-1,1,1,-1,-1,1,-1,1,1,1,1,-1,1,-1,-1,1,1,1,-1,-1,-1,-1,1,1,-1,-1,1,-1,-1,1,-1,1,-1,-1,1,-1,1,-1,1,1,-1,1,-1,-1,1,1,1,-1,1,-1,1,-1,1,-1,1,-1,-1,-1,1,-1,-1,1,1,-1,1,1,-1,1,1,1,-1,1,1,-1,1,-1,1,1,-1,1,-1,-1,1,1,-1,-1,1,-1,-1,1,1,-1,-1,1,-1,-1,1,1,-1,-1,1,-1,-1,-1,1,1,-1,1,1,-1,-1,1,-1,-1,1,-1,1,-1,1,-1,-1,-1,1,-1,-1,-1,-1,-1,1,1,1,-1,-1,1,-1,-1,1,-1,-1,1,-1,-1,1,1,-1,-1,1,-1,-1,1,1,-1,1,-1,-1,-1,-1,1,1,-1,-1,-1,-1,-1,1,-1,-1,1,-1,-1,-1,1,1,-1,-1,-1,-1,-1,1,-1,-1,-1,-1,-1,1,1,1,-1,-1,-1,-1,-1,1,1,-1,-1,-1,-1,-1,1,1,1,-1,-1,-1,-1,1,1,-1,-1,-1,-1,1,1,1,1,-1,-1,1,1,1,1,1,-1,-1,-1,1,1,1,1,1,-1,1,1,1,1,-1,1,-1,-1,1,-1,1,-1,1,-1,-1,1,-1,1,-1,-1,-1,-1,1,-1,1,-1,1,-1,-1,1,-1,1,-1,1,-1,-1,1,-1,1,-1,-1,-1,-1,1,1,-1,-1,-1,-1,-1,1,-1,1,-1,-1,-1,-1,-1,-1,-1,1,-1,-1,-1,1,-1,-1,1,-1,-1,-1,-1,-1,1,1,-1,-1,-1,-1,-1,1,-1,-1,-1,1,-1,-1,1,-1,1,-1,-1,-1,-1,-1,-1,-1,1,-1,-1,-1,1,1,-1,-1,-1,1,1,-1,-1,-1,-1,1,-1,-1,1,-1,1,-1,-1,-1,-1,1,-1,1,1,-1,1,-1,-1,1,1,-1,-1,-1,-1,-1,-1,1,1,-1,-1,1,-1,1,1,-1,-1,-1,1,-1,1,1,-1,-1,1,-1,-1,1,1,1,-1,1,-1,1,1,1,-1,-1,1,-1,-1,1,1,1,-1,1,-1,-1,1,1,-1,1,1,-1,-1,1,1,-1,1,1,-1,-1,1,1,-1,1,1,-1,-1,1,1,1,1,1,1,-1,-1,1,1,-1,1,-1,-1,1,-1,1,1,1,1,-1,-1,1,-1,1,1,1,-1,1,1,1,1,-1,1,-1,1,1,1,1,1,1,1,-1,1,1,1,1,-1,1,-1,1,1,1,1,1,-1,1,1,1,1,-1,1,1,-1,1,1,-1,1,1,-1,-1,1,1,1,1,-1,1,-1,1,1,1,-1,-1,1,-1,1,1,1,-1,1,-1,-1,-1,1,1,-1,-1,1,-1,-1,1,1,1,-1,1,-1,-1,1,1,1,-1,-1,-1,-1,1,1,-1,-1,-1,1,-1,1,1,-1,1,1,-1,1,1,-1,-1,1,1,-1,-1,1,1,-1,1,1,-1,1,1,-1,-1,-1,-1,1,-1,-1,-1,-1,1,-1,-1,1,1,-1,1,1,-1,1,1,1,1,-1,1,-1,1,1,1,1,-1,1,-1,-1,1,1,1,-1,1,-1,1,1,1,1,-1,1,-1,1,1,1,-1,-1,1,-1,-1,1,1,-1,-1,-1,1,-1,1,1,1,-1,1,-1,-1,1,-2668.0,1,2000,445,1000,False
1627,1,1,-1,-1,1,-1,-1,-1,1,1,1,-1,1,1,-1,1,-1,1,-1,-1,1,1,1,1,1,-1,1,-1,1,1,1,1,-1,-1,-1,-1,1,-1,1,1,-1,-1,1,1,1,1,1,-1,1,1,1,1,-1,1,-1,-1,1,-1,1,1,1,-1,-1,1,1,1,1,1,-1,-1,1,1,1,1,1,-1,-1,-1,1,1,1,-1,-1,-1,1,1,1,1,-1,-1,-1,1,1,1,1,-1,-1,1,1,-1,1,1,-1,-1,1,1,1,1,1,-1,-1,1,1,1,1,1,-1,-1,1,1,1,1,1,1,-1,1,1,1,-1,1,1,-1,1,1,1,1,1,1,-1,-1,1,1,1,1,1,-1,1,1,1,1,1,1,-1,-1,-1,1,1,1,1,-1,1,-1,1,1,-1,1,-1,1,-1,1,1,1,-1,-1,1,1,1,1,1,-1,1,-1,-1,1,-1,1,-1,1,1,1,1,1,1,1,1,1,-1,1,-1,1,-1,1,1,-1,1,-1,1,1,-1,1,-1,1,-1,1,-1,1,1,-1,1,-1,1,1,1,1,-1,-1,1,1,-1,-1,1,-1,1,-1,-1,1,-1,1,-1,1,-1,1,-1,1,1,-1,1,-1,1,1,-1,1,-1,1,1,1,-1,1,1,-1,-1,-1,1,-1,1,-1,1,-1,1,1,-1,1,-1,-1,-1,1,1,-1,1,-1,-1,-1,1,1,-1,-1,1,1,-1,-1,1,1,-1,1,1,-1,1,1,1,1,-1,1,-1,1,1,-1,1,-1,1,1,1,1,1,1,1,1,-1,-1,1,-1,-1,-1,1,1,-1,1,1,1,-1,1,1,1,1,1,1,1,1,-1,1,1,1,-1,-1,1,-1,1,1,1,-1,1,1,-1,-1,1,1,1,-1,1,-1,1,1,1,-1,1,1,-1,1,1,1,-1,1,1,-1,1,1,1,-1,1,1,-1,-1,1,1,-1,1,1,-1,1,-1,1,-1,1,1,1,-1,1,1,1,1,1,1,-1,1,1,-1,1,1,1,-1,-1,-1,-1,1,1,1,-1,1,1,-1,1,1,-1,-1,1,1,1,1,1,-1,1,1,1,-1,1,1,1,-1,-1,1,1,1,-1,1,-1,1,1,1,1,1,1,-1,-1,-1,1,-1,-1,1,1,-1,1,1,1,1,1,1,1,-1,1,-1,-1,1,-1,1,-1,1,1,-1,1,1,1,-1,-1,1,-1,1,1,1,-1,1,1,1,-1,1,1,-1,-1,1,-1,1,1,1,-1,1,1,1,1,1,1,-1,1,-1,-1,1,1,-1,-1,1,-1,1,1,1,-1,-1,1,-1,1,1,1,-1,-1,1,-1,-1,1,1,-1,-1,1,-1,1,1,1,1,-1,1,1,-1,1,1,1,-1,-1,-1,-1,1,1,-1,-1,1,-1,-1,1,-1,1,-1,-1,1,-1,1,-1,1,-1,-1,1,-1,-1,1,1,1,-1,1,-1,1,-1,-1,1,1,-1,-1,-1,1,-1,-1,1,1,-1,1,1,-1,1,1,1,-1,1,1,-1,1,-1,1,1,-1,1,-1,-1,1,1,-1,-1,1,-1,-1,1,1,1,-1,1,-1,-1,1,1,-1,-1,1,-1,-1,-1,1,1,-1,1,1,-1,-1,1,-1,-1,1,-1,1,-1,1,1,-1,-1,1,-1,-1,-1,-1,-1,1,1,1,-1,-1,1,-1,-1,1,-1,-1,1,-1,-1,-1,1,-1,-1,1,-1,-1,1,1,-1,1,-1,1,-1,-1,1,1,-1,-1,-1,-1,1,1,-1,-1,1,-1,-1,-1,1,1,-1,-1,-1,-1,-1,1,-1,-1,-1,-1,-1,1,1,1,-1,-1,-1,-1,-1,1,1,-1,-1,-1,-1,-1,1,1,1,-1,-1,-1,-1,1,1,-1,-1,-1,-1,1,1,1,1,-1,-1,1,1,1,1,1,-1,-1,-1,1,1,1,1,1,-1,1,1,1,1,-1,1,-1,-1,1,-1,1,-1,1,-1,-1,1,-1,1,-1,-1,-1,-1,1,-1,1,-1,1,1,-1,1,-1,1,-1,1,1,-1,1,-1,1,-1,-1,-1,-1,1,1,-1,-1,-1,-1,-1,1,-1,1,-1,-1,-1,-1,-1,-1,-1,1,-1,-1,-1,1,-1,-1,1,-1,-1,-1,-1,-1,-1,1,-1,-1,-1,-1,-1,1,-1,-1,-1,1,-1,-1,1,-1,1,-1,-1,-1,-1,-1,-1,-1,1,-1,-1,-1,1,1,-1,-1,-1,1,-1,-1,-1,-1,-1,1,-1,-1,1,1,1,-1,-1,-1,-1,1,-1,1,1,-1,1,-1,-1,1,1,-1,-1,-1,-1,-1,-1,1,1,-1,-1,1,-1,1,1,-1,-1,-1,1,-1,1,1,-1,-1,1,-1,-1,1,1,1,-1,1,-1,1,1,1,-1,-1,1,-1,-1,1,1,1,-1,1,-1,-1,1,1,-1,1,1,-1,-1,1,1,-1,1,1,-1,-1,1,1,-1,1,1,-1,-1,1,1,1,1,1,1,-1,-1,1,1,1,1,-1,-1,1,-1,1,1,1,1,-1,-1,1,-1,1,1,1,-1,1,1,1,1,-1,1,-1,1,1,1,1,1,1,1,-1,1,1,1,1,-1,1,-1,1,1,1,1,1,-1,1,1,1,1,-1,1,1,-1,1,1,-1,1,1,-1,-1,1,1,1,1,-1,1,-1,1,1,1,-1,-1,1,-1,1,1,1,-1,1,-1,-1,-1,1,1,-1,-1,1,-1,-1,1,1,1,-1,1,-1,-1,1,1,1,-1,-1,-1,-1,1,1,-1,-1,-1,1,-1,-1,1,-1,1,1,-1,1,1,-1,-1,1,-1,-1,-1,1,1,-1,1,1,-1,1,1,-1,-1,1,-1,1,-1,-1,-1,-1,1,-1,-1,1,1,-1,1,1,-1,1,1,1,1,-1,1,-1,1,1,1,1,-1,1,-1,-1,1,1,1,-1,1,-1,1,1,1,1,-1,1,-1,1,1,-1,-1,-1,1,-1,-1,1,1,-1,-1,-1,1,-1,1,-1,1,-1,1,-1,-1,1,-2668.0,1,2000,445,1000,False
1628,1,1,-1,-1,1,1,-1,-1,1,1,1,-1,-1,1,1,1,-1,1,-1,-1,-1,-1,1,1,1,1,-1,-1,1,1,1,1,-1,-1,-1,-1,1,-1,1,1,-1,-1,-1,1,1,1,1,-1,1,1,1,1,-1,1,-1,-1,1,-1,1,1,1,-1,-1,-1,1,1,1,1,-1,-1,-1,1,1,1,1,-1,-1,-1,1,1,1,-1,-1,-1,1,1,1,1,-1,-1,-1,1,1,1,1,-1,-1,1,1,-1,1,1,-1,-1,1,1,1,1,1,-1,-1,1,1,1,1,1,-1,-1,1,1,1,1,1,1,-1,1,1,1,-1,1,1,-1,1,1,1,1,1,1,-1,-1,1,1,1,1,1,-1,1,1,1,1,1,1,-1,-1,-1,1,1,1,1,-1,1,1,1,1,-1,1,-1,1,-1,1,1,1,-1,-1,1,1,1,1,1,-1,1,-1,-1,1,-1,1,-1,1,1,1,1,1,1,1,1,1,-1,1,-1,1,-1,1,1,-1,1,-1,1,1,-1,1,-1,1,-1,1,-1,1,1,-1,-1,-1,1,1,1,1,-1,-1,1,1,-1,-1,1,-1,1,-1,-1,1,-1,1,-1,1,-1,1,-1,1,1,-1,-1,-1,1,1,-1,1,-1,1,1,1,-1,1,1,-1,-1,-1,1,-1,1,-1,1,-1,1,1,-1,1,-1,-1,-1,1,1,-1,1,-1,-1,-1,1,1,-1,-1,1,1,-1,-1,1,1,-1,1,1,-1,1,1,1,1,-1,1,-1,1,1,-1,1,-1,1,1,-1,1,1,1,1,1,-1,-1,1,-1,-1,-1,1,1,-1,1,1,1,-1,1,-1,-1,1,1,1,-1,1,-1,1,1,1,-1,-1,1,-1,1,1,1,-1,1,1,-1,-1,1,1,1,-1,1,-1,1,1,1,-1,1,1,-1,1,1,1,-1,1,-1,-1,1,1,1,-1,1,-1,-1,-1,1,1,-1,1,-1,-1,1,-1,1,-1,1,1,-1,-1,1,1,1,-1,1,-1,-1,1,1,-1,1,-1,-1,-1,-1,-1,-1,1,1,-1,-1,1,1,-1,1,-1,-1,-1,1,1,1,1,1,-1,1,1,1,-1,1,-1,-1,-1,-1,1,1,1,1,-1,-1,1,1,1,1,-1,-1,-1,-1,-1,1,-1,1,-1,1,-1,1,1,-1,-1,-1,1,1,-1,1,-1,1,-1,-1,1,-1,1,1,-1,-1,-1,1,-1,-1,1,1,-1,-1,1,-1,1,1,-1,1,-1,1,-1,-1,1,1,-1,-1,1,-1,1,1,-1,-1,1,1,-1,1,-1,1,-1,1,1,-1,1,-1,1,-1,1,-1,-1,1,-1,-1,-1,1,-1,-1,1,-1,1,-1,1,-1,-1,1,-1,-1,1,-1,1,-1,1,1,1,-1,1,1,-1,-1,1,1,-1,1,-1,-1,1,-1,1,1,1,1,-1,-1,1,1,-1,1,1,1,-1,1,1,1,1,1,1,-1,1,1,1,-1,-1,1,1,-1,-1,-1,1,-1,1,1,-1,1,-1,1,-1,1,-1,-1,-1,1,1,-1,1,1,-1,-1,-1,1,-1,1,1,-1,1,-1,1,-1,-1,-1,-1,-1,-1,1,-1,-1,-1,-1,-1,-1,1,-1,1,1,1,1,-1,1,-1,1,1,-1,-1,-1,1,-1,-1,1,-1,1,-1,-1,1,1,1,1,-1,-1,1,1,1,1,-1,1,-1,-1,1,1,1,-1,-1,-1,1,1,1,1,-1,-1,-1,1,-1,1,-1,1,-1,-1,-1,1,1,1,-1,-1,-1,1,1,1,1,1,-1,-1,-1,1,1,1,1,-1,-1,-1,1,1,1,-1,-1,-1,-1,1,1,1,1,-1,-1,1,1,1,1,1,-1,-1,-1,1,1,-1,1,-1,-1,-1,1,1,1,1,-1,-1,1,1,1,1,-1,-1,1,1,-1,1,1,-1,-1,-1,1,1,1,1,1,-1,1,1,1,1,1,1,-1,-1,1,-1,1,-1,-1,-1,-1,1,-1,1,1,-1,-1,-1,1,-1,1,1,-1,1,-1,1,1,1,-1,1,1,-1,1,-1,1,-1,-1,-1,-1,1,1,-1,-1,-1,-1,-1,1,-1,1,-1,-1,-1,-1,-1,-1,-1,1,-1,-1,-1,1,-1,-1,1,-1,-1,-1,-1,-1,-1,1,-1,-1,-1,-1,-1,1,-1,-1,-1,1,-1,-1,1,-1,1,-1,-1,-1,-1,-1,-1,-1,1,-1,-1,-1,1,1,1,-1,-1,1,-1,-1,-1,-1,-1,1,-1,-1,1,-1,1,-1,-1,-1,-1,1,-1,1,1,-1,1,-1,-1,1,1,-1,-1,-1,-1,-1,-1,1,1,-1,-1,1,-1,1,1,-1,-1,-1,1,-1,1,1,-1,-1,1,-1,-1,1,1,1,-1,1,-1,1,1,1,-1,-1,1,-1,-1,1,1,1,-1,1,-1,-1,1,1,-1,1,1,-1,-1,1,1,-1,1,1,-1,-1,1,1,-1,1,1,-1,-1,1,1,1,1,1,1,-1,-1,1,1,1,1,-1,-1,1,-1,1,1,1,1,-1,-1,1,-1,1,1,1,-1,1,1,1,1,-1,1,-1,1,1,1,1,1,1,1,-1,1,1,1,1,-1,1,-1,1,1,1,1,1,-1,1,1,1,1,-1,1,1,-1,1,1,-1,1,1,-1,-1,1,1,1,1,-1,1,-1,1,1,1,-1,-1,1,-1,1,1,1,-1,1,-1,-1,-1,1,1,-1,-1,1,-1,-1,1,1,-1,-1,1,-1,-1,1,1,1,-1,1,-1,-1,1,1,-1,-1,-1,1,-1,1,1,-1,1,1,-1,1,1,-1,-1,1,1,-1,-1,1,1,-1,1,1,-1,1,1,-1,-1,-1,-1,1,-1,-1,-1,-1,1,-1,-1,1,1,-1,1,1,-1,1,1,1,1,-1,1,-1,1,1,1,1,-1,1,-1,1,-1,1,1,-1,1,-1,-1,1,1,1,-1,1,-1,1,1,1,-1,-1,1,-1,-1,1,1,-1,-1,-1,1,-1,1,-1,1,-1,1,-1,-1,1,-2668.0,1,2000,445,1500,False
1629,1,1,-1,-1,1,1,-1,-1,1,1,1,-1,-1,1,1,1,-1,1,-1,-1,-1,-1,1,1,1,-1,-1,-1,1,1,1,1,1,-1,-1,-1,1,1,1,1,-1,-1,-1,1,1,1,1,-1,1,1,1,1,-1,1,-1,-1,1,-1,1,1,1,-1,-1,-1,1,1,1,1,-1,-1,-1,1,1,1,1,-1,-1,-1,1,1,1,-1,-1,-1,1,1,1,1,-1,-1,-1,1,1,1,1,-1,-1,1,1,-1,1,1,-1,-1,1,1,1,1,1,-1,-1,-1,1,1,1,1,-1,-1,1,1,1,1,1,1,-1,-1,1,1,-1,1,1,-1,1,1,1,1,1,1,-1,1,1,1,1,1,1,-1,1,1,1,1,1,1,-1,-1,-1,1,1,1,1,-1,1,1,1,1,-1,1,-1,1,-1,1,1,1,-1,-1,1,1,1,1,1,-1,1,-1,-1,1,-1,1,-1,1,1,1,1,1,1,1,1,1,1,1,-1,1,-1,1,1,-1,1,-1,1,1,-1,1,-1,1,-1,1,-1,1,1,-1,1,-1,1,1,1,1,-1,-1,1,1,-1,-1,1,-1,1,-1,-1,1,-1,1,-1,1,-1,1,-1,1,1,-1,1,-1,1,-1,-1,1,-1,1,1,1,-1,1,1,-1,1,-1,1,-1,1,-1,1,-1,1,1,-1,1,-1,-1,-1,1,1,-1,1,-1,-1,-1,1,1,-1,-1,1,1,-1,-1,1,-1,-1,1,1,-1,1,1,1,1,-1,1,-1,1,1,-1,1,-1,1,1,-1,1,-1,-1,-1,1,-1,-1,1,-1,-1,-1,1,1,-1,1,1,1,-1,1,-1,-1,1,1,-1,1,1,-1,1,1,-1,1,-1,1,-1,1,1,-1,-1,1,1,-1,-1,1,1,1,-1,1,-1,1,1,1,-1,1,1,-1,1,1,1,-1,1,-1,-1,1,1,1,-1,1,-1,-1,-1,1,1,-1,1,-1,-1,1,-1,1,-1,1,1,-1,-1,1,1,1,-1,1,-1,-1,1,1,-1,1,-1,-1,-1,-1,-1,-1,1,1,-1,-1,1,1,-1,1,-1,1,-1,1,1,1,1,-1,-1,1,1,1,-1,1,-1,-1,-1,-1,1,1,1,1,-1,-1,1,1,1,1,-1,-1,1,-1,-1,1,-1,1,-1,-1,1,-1,1,1,-1,-1,1,1,-1,1,-1,1,-1,-1,1,-1,1,1,-1,-1,-1,1,-1,-1,1,1,-1,-1,1,-1,1,1,-1,1,-1,1,-1,-1,1,1,-1,-1,1,-1,1,1,-1,-1,1,1,-1,1,-1,1,-1,1,-1,-1,1,-1,1,-1,1,-1,-1,1,-1,-1,-1,1,-1,-1,1,-1,1,-1,1,-1,-1,1,-1,-1,1,-1,1,-1,1,1,1,-1,1,1,-1,-1,-1,1,-1,1,-1,-1,1,-1,1,1,1,1,-1,-1,1,1,-1,1,1,-1,-1,1,1,1,-1,1,1,-1,1,1,1,1,1,-1,1,-1,-1,-1,1,-1,-1,1,1,1,-1,1,-1,1,-1,-1,-1,1,1,-1,1,1,-1,-1,-1,1,-1,1,1,-1,1,-1,1,-1,-1,-1,-1,-1,-1,1,-1,-1,-1,-1,-1,-1,1,-1,1,1,1,1,-1,1,-1,1,1,-1,-1,-1,1,-1,-1,1,-1,1,-1,-1,1,1,1,1,-1,-1,1,1,1,1,-1,1,-1,-1,1,1,1,-1,-1,-1,-1,1,1,1,-1,-1,-1,1,-1,1,-1,1,1,-1,-1,1,1,1,-1,-1,-1,-1,1,1,1,1,-1,-1,-1,1,1,1,1,-1,-1,-1,1,-1,1,-1,-1,-1,1,1,1,1,1,-1,-1,-1,1,1,1,1,-1,-1,-1,1,1,-1,1,-1,-1,-1,1,1,1,1,-1,-1,1,1,1,1,-1,-1,1,1,-1,1,1,-1,-1,-1,1,1,1,1,1,-1,1,1,1,1,1,-1,-1,-1,1,-1,1,-1,-1,-1,-1,1,-1,1,1,-1,-1,-1,1,-1,1,1,-1,-1,-1,1,1,1,1,-1,-1,-1,1,-1,1,1,-1,-1,-1,1,1,-1,-1,-1,-1,-1,1,-1,1,-1,-1,-1,-1,-1,-1,-1,1,-1,-1,-1,1,-1,-1,1,-1,-1,-1,-1,-1,1,1,-1,-1,-1,-1,-1,1,-1,-1,-1,1,-1,-1,1,-1,1,-1,-1,-1,-1,-1,-1,-1,1,-1,-1,-1,1,1,-1,-1,-1,1,1,-1,-1,-1,-1,1,-1,-1,1,1,1,-1,-1,-1,-1,1,-1,1,1,-1,1,-1,-1,1,1,-1,-1,-1,-1,-1,-1,1,1,-1,-1,1,-1,1,1,-1,-1,-1,-1,-1,1,1,-1,-1,1,1,-1,1,1,1,-1,1,-1,1,1,1,-1,-1,1,-1,-1,1,1,1,-1,1,-1,-1,1,1,-1,1,1,1,-1,1,1,-1,1,1,1,-1,1,1,1,1,1,1,-1,1,1,1,1,1,1,-1,-1,1,1,1,1,1,-1,1,-1,1,1,1,1,-1,-1,1,-1,1,1,1,-1,1,1,1,1,-1,1,1,1,1,1,1,1,1,1,-1,1,1,1,1,-1,1,-1,1,1,1,1,1,-1,1,1,1,1,-1,-1,1,-1,1,1,-1,1,1,-1,-1,1,1,1,-1,1,1,-1,1,1,1,-1,-1,1,-1,1,1,1,-1,1,-1,-1,-1,1,1,-1,-1,1,-1,-1,1,1,1,-1,1,-1,-1,1,1,1,1,-1,-1,-1,1,1,-1,-1,-1,1,-1,1,1,-1,1,1,-1,1,1,-1,-1,1,-1,-1,-1,1,1,-1,1,1,-1,1,1,-1,-1,1,-1,1,-1,-1,-1,-1,1,-1,-1,1,1,-1,1,1,-1,1,1,1,1,-1,1,-1,1,1,1,-1,-1,1,-1,-1,1,1,-1,-1,1,-1,1,1,1,-1,-1,1,-1,1,1,1,1,-1,1,-1,-1,1,1,-1,-1,-1,1,-1,1,-1,1,-1,1,-1,-1,1,-2668.0,1,2000,445,1000,False
1630,1,1,-1,-1,1,-1,-1,-1,1,1,1,-1,1,1,1,1,-1,1,-1,-1,-1,-1,1,1,1,-1,1,-1,1,1,1,1,1,-1,-1,-1,1,-1,1,1,-1,-1,-1,1,1,1,1,-1,1,1,1,1,-1,1,-1,-1,1,-1,1,1,-1,-1,-1,-1,1,1,1,1,-1,-1,-1,1,1,1,1,-1,-1,-1,1,1,1,-1,-1,-1,1,1,1,1,-1,-1,1,1,1,1,1,-1,-1,-1,1,-1,1,1,-1,-1,1,1,1,1,1,-1,-1,-1,1,1,1,1,-1,-1,1,1,1,1,1,1,-1,-1,1,1,-1,1,1,-1,1,1,1,1,1,1,-1,1,1,1,1,1,1,-1,1,1,1,1,1,1,-1,-1,-1,1,1,1,1,-1,1,1,1,1,-1,1,-1,1,-1,1,1,1,-1,-1,1,1,1,1,1,-1,1,-1,-1,1,-1,1,-1,1,1,1,1,1,1,1,1,1,-1,1,-1,1,-1,1,1,-1,1,-1,1,1,-1,1,-1,1,-1,1,-1,1,1,-1,1,-1,1,1,1,1,-1,-1,1,1,-1,-1,1,-1,1,-1,-1,1,-1,1,-1,1,-1,1,-1,-1,1,-1,1,-1,1,1,-1,1,-1,1,1,1,-1,1,1,-1,1,-1,1,-1,1,-1,1,-1,1,1,-1,1,-1,-1,-1,1,1,-1,1,-1,-1,-1,1,1,-1,-1,1,1,-1,-1,1,1,-1,1,1,-1,1,1,1,1,-1,1,-1,1,1,-1,1,-1,1,1,-1,1,1,1,1,1,-1,-1,1,-1,-1,1,1,1,-1,1,1,1,-1,1,-1,-1,1,1,1,1,1,-1,1,1,1,-1,-1,1,-1,1,1,1,-1,1,1,-1,-1,1,1,1,-1,1,-1,1,1,1,-1,1,1,-1,1,1,1,-1,1,-1,-1,1,1,1,-1,1,-1,-1,-1,1,1,-1,1,-1,-1,1,-1,1,-1,1,1,-1,-1,1,1,1,-1,1,-1,-1,1,1,-1,1,-1,-1,-1,-1,-1,-1,1,1,-1,-1,1,1,-1,1,-1,1,-1,1,1,1,1,-1,-1,1,1,1,-1,1,-1,-1,-1,-1,1,1,1,1,-1,-1,1,1,1,1,-1,-1,-1,-1,-1,1,-1,1,-1,1,-1,1,1,1,-1,-1,1,1,-1,1,-1,1,-1,-1,1,-1,1,1,-1,-1,-1,1,-1,-1,1,1,-1,-1,1,-1,1,1,-1,1,-1,1,-1,-1,1,1,-1,1,1,-1,1,1,-1,-1,1,1,-1,1,-1,1,-1,1,-1,-1,1,-1,1,-1,1,-1,-1,1,-1,-1,-1,1,-1,-1,1,1,1,-1,1,-1,-1,1,-1,-1,1,-1,1,-1,1,-1,1,-1,1,1,-1,-1,-1,1,-1,1,-1,-1,1,-1,1,1,-1,1,-1,-1,1,1,-1,-1,1,-1,-1,1,1,1,1,1,1,-1,1,1,1,-1,-1,-1,1,-1,-1,-1,1,-1,-1,1,-1,1,-1,1,-1,1,-1,-1,-1,1,1,-1,1,1,-1,-1,-1,1,-1,1,1,-1,1,-1,1,-1,-1,-1,-1,-1,-1,1,-1,-1,-1,-1,-1,-1,1,-1,1,1,1,1,-1,1,-1,1,1,-1,-1,-1,1,-1,-1,1,-1,1,-1,-1,1,1,1,1,-1,-1,1,1,1,1,-1,1,-1,-1,1,1,1,-1,-1,-1,-1,1,1,1,-1,-1,-1,1,-1,1,-1,1,-1,-1,-1,1,1,1,-1,-1,-1,1,1,1,1,1,-1,-1,-1,1,1,1,1,-1,-1,-1,1,-1,1,-1,-1,-1,1,1,1,1,1,-1,-1,-1,1,1,1,1,-1,-1,-1,1,1,-1,1,-1,-1,-1,1,1,1,1,-1,-1,1,1,1,1,1,-1,1,1,-1,1,1,-1,-1,-1,1,1,1,1,1,-1,1,1,1,1,1,1,-1,-1,1,-1,1,-1,1,-1,-1,1,-1,1,1,-1,-1,-1,1,-1,1,1,-1,1,-1,1,1,1,-1,1,1,-1,1,-1,1,-1,-1,-1,-1,1,1,-1,-1,-1,-1,-1,1,-1,1,-1,-1,-1,-1,-1,-1,-1,1,-1,-1,-1,1,-1,-1,1,-1,-1,-1,-1,-1,1,1,-1,-1,-1,-1,-1,1,-1,-1,-1,1,-1,-1,1,-1,1,-1,-1,-1,-1,-1,-1,-1,1,-1,-1,-1,1,1,1,-1,-1,1,-1,-1,-1,-1,-1,1,-1,-1,1,1,1,-1,-1,-1,-1,1,-1,1,1,-1,1,-1,-1,1,1,-1,-1,-1,-1,-1,-1,1,1,-1,-1,1,-1,1,1,-1,-1,-1,1,-1,-1,1,-1,-1,1,-1,-1,1,1,1,-1,1,-1,1,1,1,-1,-1,1,-1,-1,1,1,1,-1,1,-1,-1,1,1,-1,1,1,-1,-1,1,1,1,1,1,-1,-1,1,1,1,1,1,-1,-1,1,1,1,1,-1,1,-1,-1,1,1,1,1,-1,-1,1,-1,1,1,1,1,-1,-1,1,-1,1,1,1,-1,1,1,1,1,-1,1,-1,1,1,1,1,1,1,1,-1,1,1,1,1,-1,1,-1,1,1,1,1,1,-1,1,1,1,1,-1,1,1,-1,1,1,-1,1,1,-1,-1,1,1,1,1,-1,1,-1,1,1,1,-1,-1,1,-1,1,1,1,-1,1,-1,-1,-1,1,1,-1,-1,1,-1,-1,1,1,1,-1,1,-1,-1,1,1,1,-1,-1,-1,-1,1,1,-1,-1,-1,1,-1,-1,1,-1,1,1,-1,1,1,-1,-1,1,-1,-1,-1,1,1,-1,1,1,-1,1,1,-1,-1,1,-1,1,-1,-1,-1,-1,1,-1,-1,1,1,-1,1,1,-1,1,1,1,1,-1,1,-1,1,1,1,-1,-1,1,-1,-1,1,1,-1,-1,1,-1,1,1,1,-1,-1,1,-1,1,1,1,1,-1,1,-1,-1,1,1,1,-1,-1,1,-1,1,1,1,-1,1,-1,-1,1,-2668.0,1,2000,445,0,False
1631,1,1,-1,-1,1,-1,1,-1,1,1,1,-1,1,1,1,1,-1,1,-1,-1,1,-1,1,1,1,1,-1,-1,1,1,1,1,-1,-1,-1,-1,1,-1,1,1,-1,-1,-1,1,1,1,1,-1,1,1,1,1,-1,1,-1,-1,1,-1,1,1,1,-1,-1,-1,1,1,1,1,-1,-1,-1,1,1,1,1,-1,-1,-1,1,1,1,-1,-1,-1,1,1,1,1,-1,1,-1,1,1,1,1,-1,-1,1,1,-1,1,1,-1,-1,1,1,1,1,1,-1,-1,1,1,1,1,1,-1,-1,1,1,1,1,1,1,-1,1,1,1,-1,1,1,-1,1,1,1,1,1,1,-1,-1,1,1,1,1,1,-1,1,1,1,1,1,1,-1,-1,-1,1,1,1,1,-1,1,1,1,1,-1,1,-1,1,-1,1,1,1,-1,-1,1,1,1,1,1,-1,1,-1,-1,1,1,1,-1,1,1,1,1,-1,1,1,1,1,-1,1,-1,1,-1,1,1,-1,1,-1,1,1,-1,1,-1,1,-1,1,-1,1,1,-1,1,-1,1,1,1,1,-1,-1,1,1,-1,-1,1,-1,1,-1,1,1,-1,1,-1,1,-1,1,-1,1,1,-1,1,-1,1,1,-1,1,-1,1,1,1,-1,1,1,-1,-1,-1,1,-1,1,-1,1,-1,1,1,-1,1,-1,-1,-1,1,1,-1,1,-1,-1,-1,1,1,-1,-1,1,1,-1,-1,1,1,-1,1,1,-1,1,1,1,1,-1,1,-1,1,1,-1,1,-1,1,1,-1,1,1,1,1,1,-1,-1,1,-1,-1,1,1,1,-1,1,1,1,-1,1,-1,-1,1,1,1,1,1,-1,1,1,1,-1,1,1,-1,1,1,1,-1,1,1,-1,-1,1,1,1,-1,1,-1,1,1,1,-1,1,1,-1,1,1,1,-1,1,-1,-1,1,1,1,-1,1,-1,-1,-1,1,1,-1,1,-1,-1,1,-1,1,-1,1,1,-1,-1,1,1,1,1,1,-1,-1,1,1,-1,1,-1,-1,-1,-1,-1,-1,1,1,-1,-1,1,1,-1,1,-1,-1,-1,1,1,1,1,-1,-1,1,1,1,-1,1,-1,-1,-1,-1,1,1,1,1,-1,-1,1,1,1,1,-1,-1,1,-1,-1,1,-1,1,-1,-1,1,-1,1,1,-1,-1,1,1,-1,1,-1,1,-1,-1,1,-1,1,1,-1,-1,-1,1,-1,-1,1,1,-1,-1,1,-1,1,1,-1,1,-1,1,-1,-1,1,1,-1,-1,1,-1,1,1,-1,-1,1,1,-1,1,-1,1,-1,1,-1,-1,1,-1,1,-1,1,-1,-1,1,-1,-1,-1,1,-1,-1,1,-1,1,-1,1,-1,-1,1,-1,-1,1,-1,1,-1,1,1,1,-1,1,1,-1,-1,1,1,-1,1,-1,-1,1,1,1,1,1,1,-1,-1,1,1,-1,1,1,-1,-1,1,1,1,-1,1,1,-1,1,1,1,1,1,-1,1,-1,-1,-1,1,-1,-1,1,1,1,-1,1,-1,1,-1,-1,-1,1,1,-1,1,1,-1,-1,-1,1,-1,1,1,-1,1,-1,1,-1,-1,-1,-1,-1,-1,1,-1,-1,-1,-1,-1,-1,1,-1,1,1,1,1,-1,1,-1,1,1,-1,-1,-1,1,-1,-1,1,-1,1,-1,-1,1,1,1,1,-1,-1,1,1,1,1,-1,1,-1,-1,1,1,1,-1,-1,-1,-1,1,1,1,-1,-1,-1,1,-1,1,-1,1,-1,-1,-1,1,1,1,-1,-1,-1,1,1,1,1,1,-1,-1,-1,1,1,1,1,-1,-1,-1,1,1,1,-1,-1,-1,1,1,1,1,1,-1,-1,-1,1,1,1,1,-1,-1,-1,1,1,-1,1,-1,-1,-1,1,1,1,1,-1,-1,1,1,1,1,-1,-1,1,1,-1,1,1,-1,-1,-1,1,1,1,1,1,-1,1,1,1,1,1,-1,-1,-1,1,-1,1,-1,-1,-1,-1,1,-1,1,1,-1,-1,-1,1,-1,1,1,-1,1,-1,1,1,1,1,-1,1,1,-1,-1,1,1,-1,-1,-1,1,1,-1,-1,-1,-1,-1,1,-1,1,-1,-1,-1,-1,1,-1,-1,1,-1,-1,-1,1,-1,-1,1,-1,-1,-1,-1,-1,1,1,-1,-1,-1,-1,-1,1,-1,-1,-1,1,-1,-1,1,-1,1,-1,-1,-1,-1,-1,-1,-1,1,-1,-1,-1,1,1,1,-1,-1,-1,1,-1,-1,-1,-1,1,-1,-1,1,1,1,-1,-1,-1,-1,1,-1,1,1,-1,1,-1,-1,1,1,-1,-1,-1,-1,-1,-1,1,1,-1,-1,1,-1,1,1,-1,-1,-1,1,-1,1,1,-1,-1,1,-1,-1,1,1,1,-1,1,-1,1,1,1,-1,-1,1,-1,-1,1,1,1,-1,1,-1,-1,1,1,-1,1,1,-1,-1,1,1,-1,1,1,-1,-1,1,1,-1,1,1,-1,-1,1,1,1,1,1,1,-1,-1,1,1,1,1,-1,-1,1,-1,1,1,1,1,-1,-1,1,-1,1,1,1,-1,1,1,1,1,-1,1,-1,1,1,1,1,1,1,1,-1,1,1,1,1,-1,1,-1,1,1,1,1,1,-1,1,1,1,1,-1,1,1,-1,1,1,-1,1,1,-1,-1,1,1,1,1,-1,1,-1,1,1,1,-1,-1,1,-1,1,1,1,-1,1,-1,-1,-1,1,1,-1,-1,1,-1,-1,1,1,-1,-1,1,-1,-1,1,1,1,-1,1,-1,-1,1,1,-1,-1,-1,1,-1,-1,1,-1,1,1,-1,1,1,-1,-1,1,-1,-1,-1,-1,1,-1,1,1,-1,1,1,-1,-1,-1,-1,1,-1,-1,-1,-1,-1,-1,-1,1,1,-1,1,1,-1,1,1,1,1,-1,1,-1,1,1,1,1,-1,1,-1,-1,-1,1,1,-1,1,-1,1,1,1,1,-1,1,-1,1,1,-1,-1,-1,1,-1,-1,1,1,-1,-1,-1,1,-1,1,-1,1,-1,1,-1,-1,1,-2668.0,1,2000,445,0,False
1632,1,1,-1,-1,1,-1,-1,-1,1,1,1,-1,1,1,1,1,-1,1,-1,-1,-1,-1,1,1,1,-1,-1,-1,1,1,1,1,1,-1,-1,-1,1,-1,1,1,-1,-1,-1,1,1,1,1,-1,1,1,1,1,-1,1,-1,-1,1,-1,1,1,1,-1,-1,-1,1,1,1,1,-1,-1,-1,1,1,1,1,-1,-1,-1,1,1,1,-1,-1,-1,1,1,1,1,-1,-1,-1,1,1,1,1,-1,-1,-1,1,-1,1,1,-1,-1,-1,1,1,1,1,-1,-1,1,1,-1,1,1,-1,-1,1,1,1,1,1,1,-1,1,1,1,-1,1,1,-1,1,1,1,1,1,1,-1,-1,1,1,1,1,1,-1,1,1,1,1,1,1,-1,-1,-1,1,1,1,1,-1,1,1,1,1,-1,1,-1,1,-1,1,1,1,-1,-1,1,1,1,1,1,-1,1,-1,-1,1,-1,1,-1,1,1,1,1,1,1,1,1,1,-1,1,-1,1,-1,1,1,-1,1,-1,1,1,-1,1,-1,1,-1,1,-1,1,1,-1,-1,-1,1,1,1,1,-1,-1,1,1,-1,-1,1,-1,1,-1,-1,1,-1,1,-1,1,-1,1,-1,-1,1,-1,-1,-1,1,1,-1,1,-1,1,1,1,-1,1,1,-1,1,-1,1,-1,1,-1,1,-1,1,1,-1,1,-1,-1,-1,1,1,-1,1,-1,-1,-1,1,1,-1,-1,1,1,-1,-1,1,1,-1,1,1,-1,1,1,1,1,-1,1,-1,1,1,-1,1,-1,1,1,1,1,1,1,1,1,-1,-1,1,-1,-1,1,1,1,-1,1,1,1,-1,1,1,1,1,1,1,-1,1,-1,1,1,1,-1,-1,1,-1,1,1,1,-1,1,1,-1,-1,1,1,1,-1,1,-1,1,1,1,-1,1,1,-1,1,1,1,-1,1,1,-1,1,1,1,-1,1,1,-1,-1,1,1,-1,1,1,-1,1,-1,1,-1,1,1,1,-1,1,1,1,1,1,1,-1,1,1,-1,1,1,1,-1,-1,-1,-1,1,1,1,-1,1,1,-1,1,1,-1,-1,1,1,1,1,1,-1,1,1,1,-1,1,1,1,1,-1,1,1,1,-1,1,-1,1,-1,1,1,1,1,-1,-1,-1,1,-1,-1,1,1,-1,1,1,1,1,1,1,1,-1,1,-1,-1,1,-1,1,-1,1,-1,1,1,1,1,-1,-1,1,-1,1,1,1,-1,1,1,1,-1,1,1,-1,1,-1,-1,1,1,1,-1,1,-1,1,1,1,1,-1,1,-1,1,1,1,-1,1,1,-1,-1,1,1,-1,-1,1,-1,1,1,1,-1,1,-1,-1,-1,1,1,-1,-1,1,-1,1,1,1,1,-1,1,-1,-1,-1,1,1,-1,1,-1,1,-1,1,-1,-1,1,-1,-1,1,-1,1,-1,-1,1,-1,1,-1,1,-1,-1,1,-1,-1,1,1,1,-1,1,-1,1,-1,-1,1,1,-1,-1,-1,1,-1,-1,1,1,1,-1,1,-1,1,1,1,-1,1,1,-1,1,-1,1,-1,-1,1,-1,-1,1,1,1,-1,1,-1,-1,1,1,-1,-1,1,-1,-1,1,1,-1,-1,1,-1,-1,-1,1,1,-1,1,1,-1,-1,1,-1,-1,1,-1,1,-1,1,1,-1,-1,1,-1,-1,-1,-1,-1,1,1,1,-1,1,1,-1,-1,1,-1,-1,-1,-1,-1,1,1,-1,-1,-1,1,-1,1,1,-1,1,1,1,-1,-1,1,1,-1,-1,-1,-1,-1,1,-1,-1,1,-1,-1,-1,1,1,-1,-1,-1,-1,-1,1,-1,-1,1,-1,-1,-1,1,1,-1,1,-1,-1,1,1,1,-1,-1,-1,-1,-1,1,1,1,-1,-1,-1,-1,1,1,-1,-1,-1,-1,1,1,1,1,-1,-1,1,1,1,1,1,-1,-1,-1,1,1,1,1,1,-1,1,1,1,1,-1,1,-1,-1,1,-1,1,-1,1,-1,-1,1,-1,1,-1,-1,-1,-1,1,-1,1,-1,1,1,-1,1,-1,1,-1,1,1,-1,1,-1,1,-1,-1,-1,-1,1,1,-1,-1,-1,-1,-1,1,-1,1,-1,-1,-1,-1,-1,-1,-1,1,-1,-1,-1,1,-1,-1,1,-1,-1,-1,-1,-1,1,1,-1,-1,-1,-1,-1,1,-1,-1,-1,1,-1,-1,1,-1,1,-1,-1,-1,-1,-1,-1,-1,1,-1,-1,-1,1,1,-1,-1,-1,1,1,-1,-1,-1,-1,1,-1,-1,1,1,1,-1,-1,-1,-1,1,-1,1,1,-1,1,-1,-1,1,1,-1,-1,-1,-1,-1,-1,1,1,-1,-1,1,-1,1,1,-1,-1,-1,1,-1,-1,1,-1,-1,1,-1,-1,1,1,1,-1,1,-1,1,1,1,-1,-1,1,-1,-1,1,1,1,-1,1,-1,-1,1,1,-1,1,1,-1,-1,1,1,-1,1,1,-1,-1,1,1,1,1,1,-1,-1,1,1,1,1,-1,1,-1,1,1,1,1,1,-1,-1,1,-1,1,1,1,1,-1,-1,1,-1,1,1,1,-1,1,1,1,1,-1,1,-1,1,1,1,1,1,1,1,-1,-1,1,1,1,-1,1,-1,1,1,1,1,1,-1,1,1,1,1,-1,1,1,-1,1,1,-1,1,1,-1,-1,-1,1,1,1,-1,1,-1,1,1,1,-1,-1,1,-1,1,1,1,-1,1,-1,-1,-1,1,1,-1,-1,1,-1,-1,1,1,-1,-1,1,-1,1,1,1,1,-1,1,-1,-1,1,1,-1,-1,1,1,1,-1,1,-1,1,1,-1,1,1,-1,-1,1,-1,-1,-1,1,1,-1,1,1,1,1,1,-1,-1,-1,-1,1,-1,-1,-1,-1,1,-1,1,1,1,-1,1,1,-1,1,1,1,1,-1,1,-1,1,1,1,1,-1,1,-1,1,1,1,1,-1,1,-1,1,1,1,1,-1,1,-1,1,1,1,1,-1,1,-1,-1,1,1,-1,-1,-1,1,-1,1,1,1,-1,1,-1,-1,1,-2668.0,1,2000,445,1500,False
1633,1,1,-1,-1,1,-1,-1,-1,1,1,1,-1,1,1,1,1,-1,1,-1,-1,1,-1,1,1,1,-1,1,-1,1,1,1,1,1,-1,-1,-1,1,1,1,1,-1,-1,-1,1,1,1,1,-1,1,1,1,1,-1,1,-1,-1,1,-1,1,1,1,-1,-1,-1,1,1,1,1,-1,-1,-1,1,1,1,1,-1,-1,-1,1,1,1,-1,-1,-1,1,1,1,1,-1,-1,-1,1,1,1,1,-1,-1,1,1,-1,1,1,-1,-1,1,1,1,1,1,-1,-1,1,1,-1,1,1,-1,-1,1,1,1,1,1,1,-1,1,1,1,-1,1,1,-1,1,1,1,1,1,1,-1,-1,1,1,-1,1,1,-1,1,1,1,1,1,1,-1,-1,-1,1,-1,1,1,-1,1,1,1,1,-1,1,-1,1,-1,1,1,1,-1,-1,1,1,1,-1,1,-1,1,-1,-1,1,1,1,-1,1,1,1,1,-1,1,1,1,1,-1,1,-1,1,-1,1,1,-1,1,-1,1,1,-1,1,-1,1,-1,1,-1,1,1,-1,1,-1,1,1,1,1,-1,-1,1,1,-1,-1,1,-1,1,1,-1,1,-1,1,-1,1,-1,1,-1,1,1,-1,-1,1,1,1,-1,1,-1,1,1,1,-1,1,1,-1,1,-1,1,-1,1,-1,1,-1,1,1,-1,1,-1,-1,-1,1,1,-1,1,-1,-1,-1,-1,1,-1,-1,1,1,-1,-1,1,1,-1,1,1,-1,1,1,1,-1,-1,1,-1,1,1,-1,1,-1,1,1,-1,1,1,-1,-1,1,-1,-1,1,-1,1,-1,1,1,-1,1,1,1,-1,1,-1,-1,1,1,-1,-1,1,-1,1,1,1,1,-1,1,-1,-1,1,1,-1,1,1,-1,1,-1,1,-1,-1,1,-1,1,1,1,1,1,1,-1,1,1,1,1,1,-1,-1,1,1,1,1,1,-1,-1,1,1,1,1,1,-1,-1,-1,-1,1,-1,1,1,-1,1,1,1,1,1,1,-1,-1,-1,1,1,1,-1,-1,1,-1,-1,-1,1,1,-1,1,-1,1,-1,1,-1,1,-1,1,1,1,1,-1,1,-1,1,1,-1,1,-1,-1,-1,-1,1,1,1,1,-1,-1,1,-1,1,1,-1,-1,1,-1,-1,1,-1,1,-1,1,-1,1,-1,1,-1,-1,1,1,-1,1,-1,1,-1,-1,1,-1,1,1,-1,-1,-1,1,-1,-1,1,1,-1,-1,1,-1,1,1,-1,1,-1,1,-1,1,1,1,-1,-1,1,-1,1,1,-1,-1,1,1,-1,1,-1,1,-1,1,-1,1,1,-1,1,-1,1,-1,-1,1,-1,-1,-1,1,-1,-1,1,1,1,-1,1,-1,-1,1,-1,-1,1,-1,1,-1,1,1,1,-1,1,1,-1,1,-1,1,-1,1,-1,-1,1,-1,1,1,1,1,-1,-1,1,1,-1,1,1,-1,-1,1,1,1,-1,1,1,-1,1,1,1,1,1,-1,1,-1,-1,-1,1,-1,-1,1,-1,1,-1,1,-1,1,-1,-1,-1,1,1,-1,1,1,-1,-1,-1,1,-1,1,1,-1,1,-1,1,-1,-1,-1,-1,-1,-1,1,-1,-1,-1,-1,-1,-1,1,-1,1,1,1,1,-1,1,-1,1,1,-1,-1,-1,1,-1,-1,1,-1,1,-1,-1,1,1,1,1,-1,-1,1,1,1,1,-1,1,-1,-1,1,1,1,-1,-1,-1,1,1,1,1,-1,1,-1,1,-1,1,-1,1,1,-1,-1,1,1,1,-1,-1,-1,1,1,1,1,1,-1,-1,-1,1,1,1,1,-1,-1,-1,1,-1,1,-1,-1,-1,-1,1,1,1,1,-1,1,-1,1,-1,1,1,-1,-1,-1,1,1,-1,1,-1,-1,-1,1,1,1,1,-1,-1,1,-1,1,-1,1,-1,1,1,-1,1,1,-1,-1,-1,1,1,-1,1,1,-1,1,1,1,-1,1,-1,-1,-1,1,-1,1,-1,-1,-1,1,-1,1,-1,1,-1,-1,-1,-1,1,-1,1,-1,-1,-1,1,1,-1,1,-1,-1,1,-1,-1,-1,-1,-1,-1,-1,1,1,1,-1,-1,-1,-1,1,-1,1,-1,-1,-1,-1,-1,-1,-1,1,-1,-1,-1,1,-1,-1,1,-1,-1,-1,-1,-1,1,1,-1,-1,-1,-1,-1,1,-1,-1,-1,1,-1,-1,1,-1,1,-1,-1,-1,-1,-1,-1,-1,1,-1,-1,-1,1,1,1,-1,-1,1,-1,1,-1,-1,-1,1,-1,-1,1,-1,1,-1,-1,-1,-1,1,-1,1,1,-1,1,-1,-1,1,1,-1,-1,-1,-1,-1,-1,1,1,-1,-1,1,-1,1,1,-1,-1,-1,1,-1,1,1,-1,-1,1,-1,-1,1,1,1,-1,1,-1,1,1,1,-1,-1,1,-1,-1,1,1,1,-1,1,-1,-1,1,1,-1,1,1,-1,-1,1,1,-1,1,1,-1,-1,1,1,1,1,1,-1,-1,1,1,1,1,1,1,-1,1,1,1,-1,1,-1,-1,1,-1,1,1,1,1,-1,-1,1,-1,1,1,1,-1,1,1,1,1,-1,1,-1,1,1,1,1,1,1,-1,-1,-1,1,1,1,-1,1,-1,1,1,1,1,-1,1,-1,1,1,1,-1,-1,1,-1,1,1,-1,1,-1,-1,-1,1,1,1,-1,1,-1,-1,1,1,1,-1,-1,-1,-1,1,1,1,-1,1,-1,-1,-1,1,1,-1,1,-1,-1,-1,1,1,-1,1,-1,1,-1,1,1,1,1,1,-1,-1,1,1,-1,-1,1,1,-1,-1,1,-1,1,-1,-1,1,1,-1,-1,1,-1,-1,-1,1,1,-1,1,1,-1,1,1,-1,-1,-1,-1,1,-1,-1,-1,-1,1,-1,-1,1,1,-1,1,1,-1,1,1,1,1,-1,1,-1,1,1,1,1,-1,1,-1,-1,1,1,1,-1,1,-1,1,1,1,1,-1,1,-1,1,1,-1,-1,-1,1,-1,-1,1,1,-1,-1,-1,1,-1,1,-1,1,-1,1,-1,-1,1,-2668.0,1,2000,445,0,False
1634,1,1,-1,-1,1,-1,-1,-1,1,1,1,-1,1,1,1,1,-1,1,-1,-1,-1,1,1,1,1,-1,-1,-1,1,1,1,1,-1,-1,-1,1,1,1,1,1,-1,-1,1,1,1,1,1,-1,1,1,1,1,-1,1,-1,-1,1,-1,1,1,1,-1,-1,1,1,1,1,1,-1,-1,1,1,1,1,1,-1,-1,-1,1,1,1,-1,-1,-1,1,1,1,1,-1,-1,-1,1,1,1,1,-1,-1,1,1,-1,1,1,-1,-1,1,1,1,1,1,-1,-1,1,1,1,1,1,-1,-1,1,1,1,1,1,1,-1,-1,1,1,-1,1,1,-1,1,1,1,1,1,1,-1,-1,1,1,1,1,1,-1,1,1,1,1,1,1,-1,-1,-1,1,1,1,1,-1,1,-1,1,1,-1,1,-1,1,-1,1,1,1,-1,-1,1,1,1,1,1,-1,1,-1,-1,1,-1,1,-1,1,1,1,1,1,1,1,1,1,-1,1,-1,1,-1,1,1,-1,1,-1,1,1,-1,1,-1,1,-1,1,-1,1,1,-1,1,-1,1,1,1,1,-1,-1,1,1,-1,-1,1,-1,1,-1,-1,1,-1,1,-1,1,-1,1,-1,-1,1,-1,1,-1,1,1,-1,1,-1,1,1,1,-1,1,1,-1,1,-1,1,-1,1,-1,1,-1,1,1,-1,1,-1,-1,-1,1,1,-1,1,-1,-1,-1,1,1,-1,-1,1,1,-1,-1,1,1,-1,1,1,-1,1,1,1,1,-1,1,-1,1,1,-1,1,-1,1,1,1,1,1,1,1,1,-1,-1,1,-1,-1,1,1,1,-1,1,1,1,-1,1,1,1,1,1,1,1,1,-1,1,1,1,-1,1,1,-1,1,1,1,-1,1,1,-1,-1,1,1,1,-1,1,-1,1,1,1,-1,1,1,-1,1,1,1,-1,1,1,-1,1,1,1,-1,1,1,-1,-1,1,1,-1,1,1,-1,1,-1,1,-1,1,1,1,-1,1,1,1,-1,1,1,-1,1,1,-1,1,-1,1,-1,-1,-1,-1,1,1,1,-1,1,1,-1,1,1,-1,-1,1,1,1,1,1,-1,1,1,1,-1,1,1,1,-1,-1,1,1,1,-1,1,-1,1,1,1,1,1,1,-1,-1,-1,1,-1,-1,1,-1,1,-1,1,-1,1,1,1,-1,-1,1,-1,-1,1,-1,1,-1,1,1,-1,1,1,1,-1,-1,1,-1,1,1,-1,-1,1,1,1,-1,1,-1,-1,-1,1,-1,1,1,-1,-1,1,1,1,1,-1,1,-1,1,-1,1,1,-1,1,-1,1,-1,1,1,-1,-1,-1,1,-1,1,1,1,-1,-1,1,-1,-1,1,-1,-1,-1,1,-1,1,1,1,-1,-1,1,1,-1,1,-1,-1,-1,-1,1,-1,1,-1,-1,-1,1,-1,-1,1,-1,-1,-1,-1,1,-1,1,-1,-1,-1,-1,1,-1,-1,1,1,1,-1,1,-1,1,1,1,-1,1,-1,-1,1,1,-1,-1,1,1,-1,1,1,-1,1,1,1,-1,1,1,-1,1,-1,1,1,-1,1,-1,-1,1,1,-1,-1,1,-1,-1,1,1,-1,-1,1,-1,-1,1,1,-1,-1,1,-1,-1,-1,1,1,-1,1,-1,-1,-1,1,-1,-1,1,-1,1,-1,1,-1,-1,-1,1,-1,-1,-1,-1,-1,1,1,1,-1,-1,1,-1,-1,1,-1,-1,1,-1,-1,-1,1,-1,-1,1,-1,-1,1,1,-1,1,-1,-1,-1,-1,1,1,-1,-1,-1,-1,-1,1,-1,-1,1,-1,-1,-1,1,1,-1,-1,-1,-1,-1,1,-1,-1,-1,-1,-1,1,1,1,-1,-1,-1,-1,-1,1,1,-1,-1,-1,-1,-1,1,1,1,-1,-1,-1,-1,1,1,-1,-1,-1,-1,1,1,1,1,1,-1,1,1,1,1,1,1,-1,-1,1,1,1,-1,-1,-1,1,1,1,1,-1,1,-1,-1,1,-1,1,-1,1,-1,-1,1,-1,1,-1,1,-1,-1,1,-1,1,-1,1,-1,-1,1,-1,1,1,1,-1,-1,1,-1,1,1,1,-1,-1,1,1,-1,1,1,-1,-1,1,-1,1,-1,1,-1,-1,-1,-1,-1,1,1,-1,-1,1,-1,-1,1,1,-1,-1,-1,-1,1,-1,1,-1,-1,-1,-1,1,1,-1,-1,1,-1,-1,1,-1,1,-1,-1,-1,-1,-1,1,1,1,-1,-1,-1,1,1,1,-1,-1,1,1,-1,-1,1,-1,1,-1,-1,1,1,1,-1,-1,-1,-1,1,-1,1,1,-1,1,-1,-1,1,1,-1,-1,-1,-1,-1,-1,1,1,-1,-1,1,-1,1,1,-1,-1,-1,1,-1,1,1,-1,-1,1,-1,-1,1,1,1,-1,1,-1,1,1,1,-1,-1,1,-1,-1,1,1,1,-1,1,-1,-1,1,1,-1,1,1,-1,-1,1,1,-1,1,1,-1,-1,1,1,-1,1,1,-1,-1,1,1,1,1,-1,1,-1,-1,1,1,-1,1,-1,-1,1,-1,1,1,1,1,-1,-1,1,-1,1,1,1,-1,1,1,1,1,-1,1,-1,1,1,1,1,1,1,1,-1,1,1,1,1,-1,1,-1,1,1,1,1,1,-1,1,1,1,1,-1,1,1,-1,1,1,-1,1,1,-1,-1,1,1,1,1,-1,1,-1,1,1,1,-1,-1,1,-1,1,1,1,-1,1,-1,-1,-1,1,1,-1,-1,1,-1,-1,1,1,-1,-1,1,-1,-1,1,1,1,-1,1,-1,-1,1,1,-1,-1,-1,1,-1,-1,1,-1,1,1,-1,1,1,-1,-1,1,1,-1,-1,1,1,-1,1,1,-1,1,1,-1,-1,-1,-1,1,-1,-1,-1,-1,1,-1,-1,1,1,-1,1,1,-1,1,1,1,1,-1,1,-1,1,1,1,1,-1,1,-1,-1,-1,1,1,-1,1,-1,1,1,1,1,-1,1,-1,1,1,1,-1,-1,1,-1,-1,1,1,-1,-1,-1,1,-1,1,-1,1,-1,1,-1,-1,1,-2668.0,1,2000,445,1500,False
1635,1,1,-1,-1,1,1,-1,-1,1,1,1,-1,-1,1,1,1,-1,1,-1,-1,-1,-1,1,1,1,-1,-1,-1,1,1,1,1,-1,-1,-1,-1,1,1,1,1,-1,-1,-1,1,1,1,1,-1,1,1,1,1,-1,1,-1,-1,1,-1,1,1,1,-1,-1,-1,1,1,1,1,-1,-1,-1,1,1,1,1,-1,-1,-1,1,1,1,-1,-1,-1,1,1,1,1,-1,-1,-1,1,1,1,1,-1,-1,1,1,-1,1,1,-1,-1,1,1,1,1,1,-1,-1,1,1,1,1,1,-1,-1,1,1,1,1,1,1,-1,-1,1,1,-1,1,1,-1,1,1,1,1,1,1,-1,-1,1,1,1,1,1,-1,1,1,1,1,1,1,-1,-1,-1,1,1,1,1,-1,1,1,1,1,-1,1,-1,1,-1,1,1,1,-1,-1,1,1,1,1,1,-1,1,-1,-1,1,-1,1,-1,1,1,1,1,1,1,1,1,1,-1,1,-1,1,-1,1,1,-1,1,-1,1,1,-1,1,-1,1,-1,1,-1,1,1,-1,1,-1,1,1,1,1,-1,-1,1,1,-1,-1,1,-1,1,-1,-1,1,-1,1,-1,1,-1,1,-1,1,1,-1,-1,-1,1,1,-1,1,-1,1,1,1,-1,1,1,-1,1,-1,1,-1,1,-1,1,-1,1,1,-1,1,-1,-1,-1,1,1,-1,1,-1,-1,-1,1,1,-1,-1,1,1,-1,-1,1,1,-1,1,1,-1,1,1,1,1,-1,1,-1,1,1,-1,1,-1,1,1,-1,1,1,1,1,1,-1,-1,1,-1,-1,-1,1,1,-1,1,1,1,-1,1,-1,-1,1,1,1,1,1,-1,1,1,1,-1,-1,1,-1,1,1,1,-1,1,1,-1,-1,1,1,1,-1,1,-1,1,1,1,-1,1,1,-1,1,1,1,-1,1,-1,-1,1,1,1,-1,1,-1,-1,-1,1,1,-1,1,-1,-1,1,-1,1,-1,1,1,-1,-1,1,1,1,-1,1,-1,-1,1,1,-1,1,-1,-1,-1,-1,-1,-1,1,-1,-1,-1,1,1,-1,1,-1,1,-1,1,1,1,1,1,-1,1,1,1,-1,1,-1,-1,-1,-1,1,1,1,1,-1,-1,1,1,1,1,-1,-1,-1,-1,-1,1,-1,1,-1,1,-1,1,1,-1,-1,-1,1,1,-1,1,-1,1,-1,-1,1,-1,1,1,-1,-1,-1,1,-1,-1,1,1,-1,-1,1,-1,1,1,-1,1,-1,1,-1,-1,1,1,-1,1,1,-1,1,1,-1,-1,1,1,-1,1,-1,1,-1,1,-1,-1,1,-1,1,-1,1,-1,-1,1,-1,-1,-1,1,-1,-1,1,1,1,-1,1,-1,-1,1,-1,-1,1,-1,1,-1,1,-1,1,-1,1,1,-1,-1,-1,1,-1,1,-1,-1,1,-1,1,1,-1,1,-1,-1,1,1,-1,-1,1,1,-1,1,1,1,1,1,1,-1,1,1,1,-1,-1,1,1,-1,-1,-1,1,-1,1,1,-1,1,-1,1,-1,1,-1,-1,-1,1,1,-1,1,1,-1,-1,-1,1,-1,1,1,-1,1,-1,1,-1,-1,-1,-1,-1,-1,1,-1,-1,-1,-1,-1,-1,1,-1,1,1,1,1,-1,1,-1,1,1,-1,-1,-1,1,-1,-1,1,-1,1,-1,-1,1,1,1,1,-1,-1,1,1,1,1,-1,1,-1,-1,1,1,1,-1,-1,-1,1,1,1,1,-1,-1,-1,1,-1,1,-1,1,1,-1,-1,1,1,1,-1,-1,-1,1,1,1,1,1,-1,-1,-1,1,1,1,1,-1,-1,-1,1,-1,1,-1,-1,-1,1,1,1,1,1,-1,-1,-1,1,1,1,-1,-1,-1,-1,1,1,-1,1,-1,-1,-1,1,1,1,1,-1,-1,1,1,1,1,1,-1,1,1,-1,1,1,-1,-1,-1,1,1,1,1,1,-1,1,1,1,1,1,1,-1,-1,1,-1,1,-1,1,-1,-1,1,-1,1,1,-1,-1,-1,1,-1,1,1,-1,-1,-1,1,1,1,-1,1,-1,-1,1,-1,1,-1,-1,-1,-1,1,1,-1,-1,-1,-1,-1,1,-1,1,-1,-1,-1,-1,-1,-1,-1,1,-1,-1,-1,1,-1,-1,1,-1,-1,-1,-1,-1,1,1,-1,-1,-1,-1,-1,1,-1,-1,-1,1,-1,-1,1,-1,1,-1,-1,-1,-1,-1,-1,-1,1,-1,-1,-1,1,1,1,-1,-1,1,-1,-1,-1,-1,-1,1,-1,-1,1,-1,1,-1,-1,-1,-1,1,-1,1,1,-1,1,-1,-1,1,1,-1,-1,-1,-1,-1,-1,1,1,-1,-1,1,-1,1,1,-1,-1,-1,1,-1,1,1,-1,-1,1,-1,-1,1,1,1,-1,1,-1,1,1,1,-1,-1,1,-1,-1,1,1,1,-1,1,-1,-1,1,1,-1,1,1,-1,-1,1,1,-1,1,1,-1,-1,1,1,-1,1,1,-1,-1,1,1,1,1,1,1,-1,-1,1,1,1,1,-1,-1,1,-1,1,1,1,1,-1,-1,1,-1,1,1,1,-1,1,1,1,1,-1,1,-1,1,1,1,1,1,1,1,-1,1,1,1,1,-1,1,-1,1,1,1,1,1,-1,1,1,1,1,-1,1,1,-1,1,1,-1,1,1,-1,-1,1,1,1,1,-1,1,-1,1,1,1,-1,-1,1,-1,1,1,1,-1,1,-1,-1,-1,1,1,-1,-1,1,-1,-1,1,1,1,-1,1,-1,-1,1,1,1,-1,1,-1,-1,1,1,-1,-1,-1,1,-1,1,1,-1,1,1,-1,1,1,-1,-1,1,1,-1,-1,1,1,-1,1,1,-1,1,1,-1,-1,-1,-1,1,-1,-1,-1,-1,1,-1,-1,1,1,-1,1,1,-1,1,1,1,1,-1,1,-1,1,1,1,1,-1,1,-1,1,1,1,1,-1,1,-1,-1,1,1,1,-1,1,-1,1,1,1,-1,-1,1,-1,-1,1,1,-1,-1,-1,1,-1,1,1,1,-1,1,-1,-1,1,-2668.0,1,2000,445,1000,False
1636,1,1,-1,-1,1,1,-1,-1,1,1,1,-1,-1,1,1,1,-1,1,-1,-1,1,-1,1,1,1,-1,-1,-1,1,1,1,1,-1,-1,-1,-1,1,-1,1,1,-1,-1,-1,1,1,1,1,-1,1,1,1,1,-1,1,-1,-1,1,-1,1,1,1,-1,-1,-1,1,1,1,1,-1,-1,-1,1,1,1,1,-1,-1,-1,1,1,1,-1,-1,-1,1,1,1,1,-1,1,-1,1,1,1,1,-1,-1,1,1,-1,1,1,-1,-1,1,1,1,1,1,-1,-1,1,1,1,1,1,-1,-1,1,1,1,1,1,1,-1,1,1,1,-1,1,1,-1,1,1,1,1,1,1,-1,-1,1,1,1,1,1,-1,1,1,1,1,1,1,-1,-1,-1,1,1,1,1,-1,1,1,1,1,-1,1,-1,1,-1,1,1,1,-1,-1,1,1,1,1,1,-1,1,-1,-1,1,1,1,-1,1,1,1,1,-1,1,1,1,1,-1,1,-1,1,-1,1,1,-1,1,-1,1,1,-1,1,-1,1,-1,1,-1,1,1,-1,1,-1,1,1,1,1,-1,-1,1,1,-1,-1,1,-1,1,1,-1,1,-1,1,-1,1,-1,1,-1,1,1,-1,1,1,-1,1,-1,1,-1,1,1,1,-1,1,1,-1,1,-1,1,-1,1,-1,1,-1,1,1,-1,1,-1,-1,1,-1,1,-1,1,-1,-1,-1,1,1,-1,-1,1,1,-1,1,1,1,-1,1,1,-1,1,1,1,1,-1,1,-1,1,1,-1,1,-1,1,1,1,-1,1,1,1,1,-1,-1,1,-1,-1,1,1,1,-1,1,1,1,-1,1,-1,-1,1,1,1,1,1,-1,1,1,1,-1,1,1,-1,1,1,1,-1,1,1,-1,-1,1,1,1,-1,1,-1,1,1,1,-1,1,1,-1,1,1,1,-1,1,-1,-1,1,1,1,-1,1,-1,-1,-1,1,1,-1,1,-1,-1,1,-1,1,-1,1,1,-1,-1,1,1,1,-1,1,-1,-1,1,1,-1,1,-1,1,-1,-1,-1,-1,1,1,-1,-1,1,1,-1,1,1,-1,-1,1,1,1,1,1,-1,1,1,1,-1,1,-1,-1,-1,-1,1,1,1,1,-1,-1,1,1,1,1,-1,-1,-1,-1,-1,1,-1,-1,-1,1,-1,1,1,1,1,-1,1,1,-1,1,-1,1,-1,-1,1,-1,1,1,1,-1,1,1,-1,-1,1,1,-1,-1,1,-1,1,1,1,1,-1,1,-1,-1,1,1,-1,1,1,-1,1,1,1,-1,1,1,-1,1,-1,-1,-1,1,-1,-1,1,-1,-1,-1,1,-1,-1,1,-1,1,-1,1,-1,-1,1,1,-1,-1,1,-1,-1,1,-1,-1,-1,1,1,-1,1,1,-1,-1,1,1,-1,-1,-1,1,-1,1,-1,-1,1,-1,-1,1,-1,1,-1,-1,1,-1,1,-1,1,-1,-1,1,-1,-1,1,1,1,-1,1,-1,1,-1,1,1,1,-1,-1,-1,1,-1,-1,-1,1,1,-1,1,-1,1,-1,1,-1,1,1,-1,1,1,1,-1,-1,1,-1,1,-1,1,1,-1,1,-1,-1,1,1,-1,-1,1,-1,-1,-1,1,-1,-1,1,-1,1,1,1,1,-1,1,-1,-1,1,1,-1,-1,1,-1,-1,-1,1,1,-1,-1,1,1,-1,-1,-1,-1,1,1,1,1,1,1,-1,-1,1,1,1,-1,-1,-1,-1,1,1,1,-1,-1,-1,1,-1,1,-1,1,-1,-1,-1,1,1,1,-1,-1,-1,-1,1,1,1,1,-1,-1,-1,1,1,1,-1,-1,-1,-1,1,1,1,1,-1,-1,-1,1,1,1,1,-1,-1,-1,1,1,1,1,-1,-1,-1,1,1,-1,1,-1,-1,-1,1,1,1,1,-1,-1,1,-1,1,1,1,-1,1,1,-1,1,1,-1,-1,-1,1,1,1,1,1,-1,1,-1,1,1,1,1,-1,-1,1,-1,1,-1,1,-1,-1,1,-1,1,-1,-1,-1,-1,-1,-1,1,1,-1,1,-1,1,-1,1,-1,1,1,1,-1,-1,1,-1,-1,-1,-1,1,-1,-1,-1,-1,-1,-1,1,-1,1,-1,-1,-1,-1,1,1,-1,1,-1,-1,-1,1,-1,-1,1,-1,-1,-1,-1,1,1,1,-1,-1,-1,-1,-1,1,-1,-1,-1,1,-1,-1,1,-1,1,-1,-1,-1,-1,-1,-1,-1,1,-1,-1,-1,1,1,-1,-1,-1,1,1,-1,-1,-1,-1,1,-1,-1,1,-1,1,-1,-1,-1,-1,1,-1,1,1,-1,1,-1,-1,1,1,-1,-1,-1,-1,-1,-1,1,1,-1,-1,1,-1,1,1,-1,-1,-1,1,-1,1,1,-1,-1,1,-1,-1,1,1,1,-1,1,-1,1,1,1,-1,-1,1,-1,-1,1,1,1,-1,1,-1,-1,1,1,-1,1,1,-1,-1,1,1,1,1,1,-1,-1,1,1,-1,1,1,-1,-1,1,1,1,1,1,1,-1,-1,1,1,1,1,-1,-1,1,-1,1,1,1,1,-1,-1,1,-1,1,1,1,-1,1,1,1,1,-1,1,-1,1,1,1,1,1,1,1,-1,1,1,1,1,-1,1,-1,1,1,1,1,1,-1,1,1,1,1,-1,1,1,-1,1,1,-1,1,1,-1,-1,1,1,1,1,-1,1,-1,1,1,1,-1,-1,1,-1,1,1,1,-1,1,-1,-1,-1,1,1,-1,-1,1,-1,-1,1,1,1,-1,1,-1,-1,1,1,1,-1,1,-1,-1,1,1,-1,-1,-1,1,-1,1,1,-1,1,1,-1,1,1,-1,-1,1,-1,-1,-1,-1,1,-1,1,1,-1,1,1,-1,-1,-1,-1,1,-1,-1,-1,-1,1,-1,-1,1,1,-1,1,1,-1,1,1,1,1,-1,1,-1,1,1,1,1,-1,1,-1,-1,1,1,1,-1,1,-1,1,1,1,1,-1,1,-1,1,1,-1,-1,-1,1,-1,-1,1,1,-1,-1,-1,1,-1,1,-1,1,-1,1,-1,-1,1,-2668.0,1,2000,445,1000,False
1637,1,1,-1,-1,1,1,-1,-1,1,1,1,-1,1,1,1,1,-1,1,-1,-1,-1,-1,1,1,1,-1,1,-1,1,1,1,1,1,-1,-1,-1,1,-1,1,1,-1,-1,-1,1,1,1,1,-1,1,1,1,1,-1,1,-1,-1,1,-1,1,1,1,-1,-1,-1,1,1,1,1,-1,-1,-1,1,1,1,1,-1,-1,-1,1,1,1,-1,-1,-1,1,1,1,1,-1,1,-1,1,1,1,1,-1,-1,1,1,-1,1,1,-1,-1,1,1,1,1,1,-1,-1,1,1,1,1,1,-1,-1,1,1,1,1,1,1,-1,1,1,1,-1,1,1,-1,1,1,1,1,1,1,-1,-1,1,1,1,1,1,-1,1,1,1,1,1,1,-1,-1,-1,1,1,1,1,-1,1,1,1,1,-1,1,-1,1,-1,1,1,1,-1,-1,1,1,1,1,1,-1,1,-1,-1,1,-1,1,-1,1,1,1,1,1,1,1,1,1,-1,1,-1,1,-1,1,1,-1,1,-1,1,1,-1,1,-1,1,-1,1,-1,1,1,-1,1,-1,1,1,1,1,-1,-1,1,1,-1,-1,1,-1,1,-1,1,1,-1,1,-1,1,-1,1,-1,1,1,-1,1,-1,1,1,-1,1,-1,1,1,1,-1,1,1,-1,-1,-1,1,-1,1,-1,1,-1,1,1,-1,1,-1,-1,-1,1,1,-1,1,-1,-1,-1,1,1,-1,-1,1,1,-1,-1,1,1,-1,1,1,-1,1,1,1,1,-1,1,-1,1,1,-1,1,-1,1,-1,1,1,1,1,1,1,-1,-1,1,-1,-1,1,1,1,-1,1,1,1,-1,1,1,1,1,1,1,-1,1,-1,1,1,1,-1,1,1,-1,1,1,1,-1,1,1,-1,-1,1,1,1,-1,1,-1,1,1,1,-1,1,1,-1,1,1,1,-1,1,1,-1,1,1,1,-1,1,1,-1,-1,1,1,-1,1,1,-1,1,-1,1,-1,1,-1,1,-1,1,1,1,-1,1,1,-1,1,1,-1,1,1,1,-1,-1,-1,-1,1,1,1,-1,1,1,-1,1,1,-1,-1,1,1,1,1,1,-1,1,1,1,-1,1,1,1,-1,-1,1,1,1,-1,1,-1,1,1,1,1,1,1,-1,-1,-1,1,-1,1,1,-1,1,-1,1,1,1,1,1,-1,-1,1,-1,-1,1,-1,1,-1,1,1,1,1,1,1,-1,-1,1,-1,1,1,-1,-1,1,1,1,-1,1,-1,-1,-1,1,-1,1,1,-1,-1,1,1,1,1,-1,1,-1,1,-1,-1,1,-1,-1,-1,1,-1,1,1,-1,-1,-1,1,-1,1,1,1,-1,-1,1,1,-1,1,-1,-1,-1,1,-1,1,1,1,-1,-1,1,-1,-1,1,-1,-1,-1,-1,-1,-1,1,-1,-1,-1,1,-1,-1,1,-1,-1,-1,-1,1,-1,1,-1,-1,1,-1,1,-1,-1,1,1,1,-1,1,-1,1,-1,1,-1,1,-1,-1,-1,1,-1,1,-1,1,1,-1,1,-1,-1,1,1,-1,1,1,-1,1,-1,1,-1,-1,1,-1,-1,1,1,1,-1,1,-1,-1,1,1,-1,-1,1,-1,-1,1,1,-1,-1,1,-1,-1,-1,1,1,-1,1,1,-1,-1,1,-1,-1,1,-1,1,-1,1,1,-1,-1,1,-1,-1,-1,-1,-1,1,1,1,-1,-1,1,-1,-1,1,-1,-1,1,-1,-1,-1,1,-1,-1,1,-1,-1,1,1,-1,1,-1,1,-1,-1,1,1,-1,-1,-1,-1,1,1,-1,-1,1,-1,-1,-1,1,1,-1,-1,-1,-1,-1,1,-1,-1,-1,-1,-1,1,1,1,-1,-1,-1,-1,-1,1,1,-1,-1,-1,-1,-1,1,1,1,-1,-1,-1,-1,1,1,-1,-1,-1,-1,1,1,1,1,1,-1,1,1,1,1,1,1,-1,-1,1,1,1,-1,-1,-1,1,1,1,1,-1,1,-1,-1,1,-1,1,-1,1,-1,-1,1,-1,1,1,1,-1,-1,1,-1,1,-1,1,1,-1,1,-1,1,1,1,1,-1,1,-1,1,1,1,-1,-1,1,1,-1,1,1,-1,-1,1,-1,1,-1,1,-1,-1,-1,-1,-1,1,1,-1,-1,1,-1,-1,1,1,-1,-1,-1,-1,1,-1,1,-1,-1,-1,-1,1,1,-1,-1,1,-1,-1,1,-1,1,-1,-1,-1,-1,-1,1,1,1,-1,-1,-1,1,1,1,-1,-1,-1,1,-1,-1,1,-1,1,-1,-1,1,1,1,-1,-1,-1,-1,1,-1,1,1,-1,1,-1,-1,1,1,-1,-1,-1,-1,-1,-1,1,1,-1,-1,1,-1,1,1,-1,-1,-1,1,-1,1,1,-1,-1,1,-1,-1,1,1,1,-1,1,-1,1,1,1,-1,-1,1,-1,-1,1,1,1,-1,1,-1,-1,1,1,-1,1,1,-1,-1,1,1,1,1,1,-1,-1,1,1,1,1,1,-1,-1,1,1,1,1,1,1,-1,-1,1,1,-1,1,-1,-1,1,-1,1,1,1,1,-1,-1,1,-1,1,1,1,-1,1,1,1,1,-1,1,-1,1,1,1,1,1,1,1,-1,1,1,1,1,-1,1,-1,1,1,1,1,1,-1,1,1,1,1,-1,1,1,-1,1,1,-1,1,1,-1,-1,1,1,1,1,-1,1,-1,1,1,1,-1,-1,1,-1,1,1,1,-1,1,-1,-1,-1,1,1,-1,-1,1,-1,-1,1,1,-1,-1,1,-1,-1,-1,1,1,-1,1,-1,-1,1,1,-1,-1,-1,1,-1,-1,1,-1,1,1,-1,1,1,-1,-1,1,-1,-1,-1,-1,1,-1,1,1,-1,1,1,-1,-1,-1,-1,1,-1,-1,-1,-1,1,-1,-1,1,1,-1,1,1,-1,1,1,1,1,-1,1,-1,1,1,1,1,-1,1,-1,-1,1,1,1,-1,1,-1,1,1,1,1,-1,1,-1,1,1,1,-1,-1,1,-1,-1,1,1,-1,-1,-1,1,-1,1,-1,1,-1,1,-1,-1,1,-2668.0,1,2000,445,1000,False
1638,1,1,-1,-1,1,-1,-1,-1,1,1,1,-1,1,1,1,1,-1,1,-1,-1,-1,-1,1,1,1,-1,1,-1,1,1,1,1,-1,-1,-1,-1,1,-1,1,1,-1,-1,-1,1,1,1,1,-1,1,1,1,1,-1,1,-1,-1,1,-1,1,1,1,-1,-1,-1,1,1,1,1,-1,-1,-1,1,1,1,1,-1,-1,-1,1,1,1,-1,-1,-1,1,1,1,1,-1,-1,-1,1,1,1,1,-1,-1,1,1,-1,1,1,-1,-1,1,1,1,1,1,-1,-1,1,1,1,1,1,-1,-1,1,1,1,1,1,1,-1,-1,1,1,-1,1,1,-1,1,1,1,1,1,1,-1,-1,1,1,1,1,1,-1,1,1,1,1,1,1,-1,-1,-1,1,1,1,1,-1,1,1,1,1,-1,1,-1,1,-1,1,1,1,-1,-1,1,1,1,1,1,-1,1,-1,-1,1,-1,1,-1,1,1,1,1,1,1,1,1,1,-1,1,-1,1,-1,1,1,-1,1,-1,1,1,-1,1,-1,1,-1,1,-1,1,1,-1,1,-1,1,1,1,1,-1,-1,1,1,-1,-1,1,-1,1,-1,1,1,-1,1,-1,1,-1,1,-1,-1,1,-1,-1,-1,1,1,-1,1,-1,1,1,1,-1,1,1,-1,1,-1,1,-1,1,-1,1,-1,1,1,-1,1,-1,-1,-1,1,1,-1,1,-1,-1,-1,1,1,-1,-1,1,1,-1,-1,1,1,-1,1,1,-1,1,1,1,1,-1,1,-1,1,1,-1,1,-1,1,-1,1,1,1,1,1,1,-1,-1,1,-1,-1,1,1,1,-1,1,1,1,-1,1,1,1,1,1,1,1,1,-1,1,1,1,-1,-1,1,-1,1,1,1,-1,1,1,-1,-1,1,1,1,-1,1,-1,1,1,1,-1,1,1,-1,1,1,1,-1,1,1,-1,1,1,1,-1,1,1,-1,-1,1,1,-1,1,1,-1,1,-1,1,-1,1,1,1,-1,1,1,1,-1,1,1,-1,1,1,-1,1,1,1,-1,-1,-1,-1,1,1,1,-1,1,1,-1,1,1,-1,-1,1,1,1,1,1,-1,1,1,1,-1,1,1,1,-1,-1,1,1,1,-1,1,-1,1,1,1,1,1,1,-1,-1,-1,1,1,-1,1,1,-1,1,1,-1,1,1,1,1,-1,1,1,-1,1,-1,1,-1,1,1,1,1,1,1,-1,-1,1,-1,1,1,1,-1,1,1,1,-1,1,1,-1,-1,1,-1,1,1,1,-1,1,1,1,1,1,1,-1,1,-1,1,1,1,-1,-1,1,-1,1,1,1,-1,-1,1,-1,1,1,1,-1,-1,1,-1,-1,1,1,-1,-1,1,-1,1,1,1,1,-1,1,1,-1,1,1,1,-1,-1,1,-1,1,1,-1,-1,1,-1,-1,1,-1,1,-1,-1,-1,-1,1,-1,1,1,-1,1,-1,-1,1,1,1,-1,-1,-1,1,-1,-1,-1,1,1,-1,-1,1,-1,-1,1,1,1,-1,1,-1,1,1,1,-1,1,1,-1,-1,-1,1,-1,-1,1,-1,-1,1,1,1,-1,1,-1,-1,1,1,-1,-1,1,-1,-1,1,1,-1,-1,1,-1,-1,-1,1,1,-1,1,1,-1,-1,1,-1,-1,1,-1,1,-1,1,1,-1,-1,1,-1,-1,-1,-1,-1,1,1,1,-1,-1,1,-1,-1,1,-1,-1,1,-1,-1,1,1,-1,-1,1,-1,-1,1,1,-1,1,-1,-1,-1,-1,1,1,-1,-1,-1,-1,-1,1,-1,-1,1,-1,-1,-1,1,1,-1,-1,-1,-1,-1,1,-1,-1,-1,-1,-1,1,1,1,-1,-1,-1,-1,-1,1,1,-1,-1,-1,-1,-1,1,1,1,-1,-1,-1,-1,1,1,-1,-1,-1,-1,1,1,1,1,-1,-1,1,1,1,1,1,-1,-1,-1,1,1,1,1,1,-1,1,1,1,1,-1,1,-1,-1,1,-1,1,-1,1,-1,-1,1,-1,1,-1,-1,-1,-1,1,-1,1,-1,1,1,-1,1,-1,1,-1,1,1,-1,1,-1,1,-1,-1,-1,-1,1,1,-1,-1,-1,-1,-1,1,-1,1,-1,-1,-1,-1,-1,-1,-1,1,-1,-1,-1,1,-1,-1,1,-1,-1,-1,-1,-1,1,1,-1,-1,-1,-1,-1,1,-1,-1,-1,1,-1,-1,1,-1,1,-1,-1,-1,-1,-1,-1,-1,1,-1,-1,-1,1,1,-1,-1,-1,-1,1,-1,-1,-1,-1,1,-1,-1,1,-1,1,-1,-1,-1,-1,1,-1,1,1,-1,1,-1,-1,1,1,-1,-1,-1,-1,-1,-1,1,1,-1,-1,1,-1,1,1,-1,-1,-1,1,-1,-1,1,-1,-1,1,-1,-1,1,1,1,-1,1,-1,1,1,1,-1,-1,1,-1,-1,1,1,1,-1,1,-1,-1,1,1,-1,1,1,-1,-1,1,1,1,1,1,-1,-1,1,1,-1,1,1,-1,-1,1,1,1,1,-1,1,-1,-1,1,1,-1,1,-1,-1,1,-1,1,1,1,1,-1,-1,1,-1,1,1,1,-1,1,1,1,1,-1,1,-1,1,1,1,1,1,1,1,-1,1,1,1,1,-1,1,-1,1,1,1,1,1,-1,1,1,1,1,-1,1,1,-1,1,1,-1,1,1,-1,-1,1,1,1,1,-1,1,-1,1,1,1,-1,-1,1,-1,1,1,1,-1,1,-1,-1,1,1,1,-1,-1,1,-1,-1,1,1,1,-1,1,-1,-1,1,1,1,-1,-1,-1,-1,1,1,-1,-1,-1,1,-1,-1,1,-1,1,1,-1,1,1,-1,-1,1,1,-1,1,1,1,-1,1,1,-1,-1,1,-1,-1,-1,-1,1,1,-1,-1,-1,1,-1,-1,1,1,-1,1,1,-1,1,-1,1,1,-1,1,-1,-1,-1,1,1,-1,1,-1,1,-1,1,1,-1,1,-1,-1,1,1,1,-1,1,-1,-1,1,1,-1,-1,1,-1,1,1,1,-1,-1,-1,1,-1,1,1,1,-1,1,-1,-1,1,-2668.0,1,2000,445,1000,False
1639,1,1,-1,-1,1,-1,1,-1,1,1,1,-1,1,1,1,1,-1,1,-1,-1,1,1,1,1,1,-1,-1,-1,1,1,1,1,-1,-1,-1,-1,1,-1,1,1,-1,-1,-1,1,1,1,1,-1,1,1,1,1,-1,1,-1,-1,1,-1,1,1,1,-1,-1,1,1,1,1,1,-1,-1,1,1,1,1,1,-1,-1,-1,1,1,1,-1,-1,-1,1,1,1,1,-1,-1,-1,1,1,1,1,-1,-1,1,1,-1,1,1,-1,-1,1,1,1,1,1,-1,-1,1,1,1,1,1,-1,-1,1,1,1,1,1,1,-1,-1,1,1,-1,1,1,-1,1,1,1,1,1,1,-1,-1,1,1,1,1,1,-1,1,1,1,1,1,1,-1,-1,-1,1,1,1,1,-1,1,-1,1,1,-1,1,-1,1,-1,1,1,1,-1,-1,1,1,1,1,1,-1,1,-1,-1,1,-1,1,-1,1,1,1,1,1,1,1,1,1,-1,1,-1,1,-1,1,1,-1,1,-1,1,1,-1,1,-1,1,-1,1,-1,1,1,-1,1,-1,1,1,1,1,-1,-1,1,1,-1,-1,1,-1,1,-1,-1,1,-1,1,-1,1,-1,1,-1,-1,1,-1,-1,-1,1,1,-1,1,-1,1,1,1,-1,1,1,-1,1,-1,1,-1,1,-1,1,-1,1,1,-1,1,-1,-1,-1,1,1,-1,1,-1,-1,-1,1,1,-1,-1,1,1,-1,-1,1,1,-1,1,1,-1,1,1,1,1,-1,1,-1,1,1,-1,1,-1,1,-1,1,1,1,1,1,1,-1,-1,1,-1,-1,-1,1,1,-1,1,1,1,-1,1,1,1,1,1,1,1,1,-1,1,1,1,-1,1,1,-1,1,1,1,-1,1,1,-1,-1,1,1,1,-1,1,-1,1,1,1,-1,1,1,-1,1,1,1,-1,1,1,-1,1,1,1,-1,1,1,-1,-1,1,1,-1,1,1,-1,1,-1,1,-1,1,1,1,-1,1,1,1,-1,1,1,-1,1,1,-1,1,1,1,-1,-1,-1,-1,1,1,1,-1,1,1,-1,1,1,-1,-1,1,1,1,1,1,-1,1,1,1,-1,1,1,1,-1,-1,1,1,-1,-1,1,-1,1,1,1,-1,1,1,-1,-1,-1,1,-1,-1,1,1,-1,1,1,-1,1,1,1,1,-1,1,-1,-1,1,-1,1,-1,1,1,1,1,1,1,-1,-1,1,-1,1,1,1,-1,1,1,1,-1,1,1,-1,-1,1,-1,1,1,1,-1,1,1,1,1,1,1,-1,1,-1,-1,1,1,1,-1,1,-1,1,1,1,-1,-1,1,-1,1,1,1,-1,-1,1,-1,-1,1,1,-1,-1,1,-1,1,1,1,1,-1,1,1,-1,1,1,1,-1,-1,1,-1,1,1,-1,-1,1,1,-1,1,-1,1,-1,-1,1,-1,1,-1,1,-1,-1,1,-1,-1,1,1,1,-1,1,-1,1,-1,1,1,1,-1,-1,-1,1,-1,-1,-1,1,-1,1,1,-1,1,1,1,-1,1,1,-1,1,-1,1,-1,-1,1,-1,-1,1,1,-1,-1,1,-1,-1,1,1,1,-1,1,-1,-1,1,1,-1,-1,1,-1,-1,-1,1,1,-1,1,1,-1,-1,1,-1,-1,1,-1,1,-1,1,1,-1,-1,1,-1,-1,-1,-1,-1,1,1,1,-1,-1,1,-1,-1,1,-1,-1,1,-1,-1,1,1,-1,-1,1,-1,-1,1,1,-1,1,-1,-1,-1,-1,1,1,-1,-1,-1,-1,-1,1,-1,-1,1,-1,-1,-1,1,1,-1,-1,-1,-1,-1,1,-1,-1,-1,-1,-1,1,1,1,-1,-1,-1,-1,-1,1,1,-1,-1,-1,-1,-1,1,1,1,-1,-1,-1,-1,1,1,-1,-1,-1,-1,1,1,1,1,-1,-1,1,1,1,1,1,-1,-1,-1,1,1,1,-1,1,-1,1,1,1,1,-1,1,-1,-1,1,-1,1,-1,1,-1,-1,1,-1,1,-1,-1,-1,-1,1,-1,1,-1,1,1,-1,1,-1,1,-1,1,1,-1,1,-1,1,-1,-1,-1,-1,1,1,-1,-1,-1,-1,-1,1,-1,1,-1,-1,-1,-1,-1,-1,-1,1,-1,-1,-1,1,-1,-1,1,-1,-1,-1,-1,-1,-1,1,-1,-1,-1,-1,-1,1,-1,-1,-1,1,-1,-1,1,-1,1,-1,-1,-1,-1,-1,-1,-1,1,-1,-1,-1,1,1,-1,-1,-1,1,1,-1,-1,-1,-1,1,-1,-1,1,-1,1,-1,-1,-1,-1,1,-1,1,1,-1,1,-1,-1,1,1,-1,-1,-1,-1,-1,-1,1,1,-1,-1,1,-1,1,1,-1,-1,-1,1,-1,1,1,-1,-1,1,-1,-1,1,1,1,-1,1,-1,1,1,1,-1,-1,1,-1,-1,1,1,1,-1,1,-1,-1,1,1,-1,1,1,-1,-1,1,1,-1,1,1,-1,-1,1,1,-1,1,1,-1,-1,1,1,1,1,-1,1,-1,-1,1,1,-1,1,-1,-1,1,-1,1,1,1,1,-1,-1,1,-1,1,1,1,-1,1,1,1,1,-1,1,-1,1,1,1,1,1,1,1,-1,1,1,1,1,-1,1,-1,1,1,1,1,1,-1,1,1,1,1,-1,1,1,-1,1,1,-1,1,1,-1,-1,1,1,1,1,-1,1,-1,1,1,1,-1,-1,1,-1,1,1,1,-1,1,-1,-1,-1,1,1,-1,-1,1,-1,-1,1,1,1,-1,1,-1,-1,1,1,1,-1,1,-1,-1,1,1,-1,-1,-1,1,-1,-1,1,-1,1,1,-1,1,1,-1,-1,1,1,-1,-1,1,1,-1,1,1,-1,1,1,-1,-1,-1,-1,1,-1,-1,-1,-1,-1,1,-1,1,1,-1,1,1,-1,1,1,1,1,-1,1,-1,1,1,1,1,-1,1,-1,-1,-1,1,1,-1,1,-1,1,1,1,1,-1,1,-1,1,1,-1,-1,-1,1,-1,-1,1,1,-1,-1,-1,1,-1,1,-1,1,-1,1,-1,1,1,-2668.0,1,2000,445,1000,False
1640,1,1,-1,-1,1,-1,-1,-1,1,1,1,-1,1,1,-1,1,-1,1,-1,-1,-1,1,1,1,1,-1,-1,-1,1,1,1,1,-1,-1,-1,-1,1,-1,1,1,-1,-1,-1,1,1,1,1,-1,1,1,1,1,-1,1,-1,-1,1,-1,1,1,1,-1,-1,1,1,1,1,1,-1,-1,1,1,1,1,1,-1,-1,-1,1,1,1,-1,-1,-1,1,1,1,1,-1,-1,-1,1,1,1,1,-1,-1,1,1,-1,1,1,-1,-1,1,1,1,1,1,-1,-1,1,1,1,1,1,-1,-1,1,1,1,1,1,1,-1,-1,1,1,-1,1,1,-1,1,1,1,1,1,1,-1,-1,1,1,1,1,1,-1,1,1,1,1,1,1,-1,-1,-1,1,1,1,1,-1,1,-1,1,1,-1,1,-1,1,-1,1,1,1,-1,-1,1,1,1,1,1,-1,1,-1,-1,1,-1,1,-1,1,1,1,1,1,1,1,1,1,-1,1,-1,1,-1,1,1,-1,1,-1,1,1,-1,1,-1,1,-1,1,-1,1,1,-1,1,-1,1,1,1,1,-1,-1,1,1,-1,-1,1,-1,1,-1,-1,1,-1,1,-1,1,-1,1,-1,1,1,-1,-1,-1,1,1,-1,1,-1,1,1,1,-1,1,1,-1,-1,-1,1,-1,1,-1,1,-1,1,1,-1,1,-1,-1,-1,1,1,-1,1,-1,-1,-1,1,1,-1,-1,1,1,-1,-1,1,1,-1,1,1,-1,1,1,1,1,-1,1,-1,1,1,-1,1,-1,1,1,1,1,1,1,1,1,-1,-1,1,-1,-1,-1,1,1,-1,1,1,1,-1,1,1,1,1,1,1,-1,1,-1,1,1,1,-1,-1,1,-1,1,1,1,-1,1,1,-1,-1,1,1,1,-1,1,-1,1,1,1,-1,1,1,-1,1,1,1,-1,1,1,-1,1,1,1,-1,1,1,-1,-1,1,1,-1,1,1,-1,1,-1,1,-1,1,1,1,-1,1,1,1,-1,1,1,-1,1,1,-1,1,1,1,-1,-1,-1,-1,1,1,1,-1,1,1,-1,1,1,-1,-1,1,1,1,1,1,-1,1,1,1,-1,1,1,1,-1,-1,1,1,1,-1,1,-1,1,1,1,1,1,1,-1,-1,-1,1,-1,-1,1,1,-1,1,1,1,1,1,1,1,-1,1,-1,-1,1,-1,1,-1,1,1,1,1,1,1,-1,-1,1,-1,1,1,1,-1,1,1,1,-1,1,1,-1,-1,1,-1,1,1,1,-1,1,1,1,1,1,1,-1,1,-1,-1,1,1,-1,-1,1,-1,-1,1,1,-1,-1,1,-1,1,1,1,-1,-1,1,-1,-1,1,1,-1,-1,1,-1,1,1,1,1,-1,1,1,-1,-1,1,1,-1,-1,-1,1,-1,1,-1,-1,1,-1,-1,1,-1,1,-1,-1,1,-1,1,-1,1,-1,-1,1,-1,-1,1,1,1,-1,1,-1,1,-1,1,-1,1,-1,-1,1,1,-1,-1,1,1,-1,1,1,-1,1,1,1,-1,1,1,-1,-1,-1,1,-1,-1,1,-1,-1,1,1,-1,-1,1,-1,-1,1,1,1,-1,1,-1,-1,1,1,-1,-1,1,-1,-1,-1,1,1,-1,1,-1,-1,-1,1,-1,-1,1,-1,1,-1,1,1,-1,-1,1,-1,-1,-1,-1,-1,1,1,1,-1,1,1,-1,-1,1,-1,-1,-1,-1,-1,1,1,-1,-1,-1,-1,-1,1,1,-1,1,1,-1,-1,-1,1,1,-1,-1,-1,-1,1,1,-1,-1,1,-1,-1,-1,1,1,-1,-1,-1,-1,-1,1,-1,-1,1,-1,-1,1,1,1,-1,1,-1,-1,-1,1,1,-1,-1,-1,-1,-1,1,1,1,-1,-1,-1,-1,1,1,-1,-1,-1,-1,1,1,1,1,-1,-1,1,1,1,1,1,-1,-1,-1,1,1,1,-1,1,-1,1,1,1,1,-1,1,-1,-1,1,-1,1,-1,1,-1,-1,1,-1,1,-1,-1,-1,-1,1,-1,1,-1,1,1,-1,1,-1,1,-1,1,1,-1,1,-1,1,-1,-1,-1,-1,1,1,-1,-1,-1,-1,-1,1,-1,1,-1,-1,-1,-1,-1,-1,-1,1,-1,-1,-1,1,-1,-1,1,-1,-1,-1,-1,-1,1,1,-1,-1,-1,-1,-1,1,-1,-1,-1,1,-1,-1,1,-1,1,-1,-1,-1,-1,-1,-1,-1,1,-1,-1,-1,1,1,-1,-1,-1,1,1,-1,-1,-1,-1,1,-1,-1,1,-1,1,-1,-1,-1,-1,1,-1,1,1,-1,1,-1,-1,1,1,-1,-1,-1,-1,-1,-1,1,1,-1,-1,1,-1,1,1,-1,-1,-1,1,-1,1,1,-1,-1,1,-1,-1,1,1,1,-1,1,-1,1,1,1,-1,-1,1,-1,-1,1,1,1,-1,1,-1,-1,1,1,-1,1,1,-1,-1,1,1,1,1,1,-1,-1,1,1,-1,1,1,-1,-1,1,1,1,1,1,1,-1,-1,1,1,-1,1,-1,-1,1,-1,1,1,1,1,-1,-1,1,-1,1,1,1,-1,1,1,1,1,-1,1,-1,1,1,1,1,1,1,1,-1,1,1,1,1,-1,1,-1,1,1,1,1,1,-1,1,1,1,1,-1,1,1,-1,1,1,-1,1,1,-1,-1,1,1,1,1,-1,1,-1,1,1,1,-1,-1,1,-1,1,1,1,-1,1,-1,-1,-1,1,1,-1,-1,1,-1,-1,1,1,1,-1,1,-1,-1,1,1,1,-1,1,-1,-1,1,1,-1,-1,-1,1,-1,-1,1,-1,1,1,-1,1,1,-1,-1,1,-1,-1,-1,1,1,-1,1,1,-1,1,1,-1,-1,-1,-1,1,-1,-1,-1,-1,1,-1,-1,1,1,-1,1,1,-1,1,1,1,1,-1,1,-1,1,1,1,1,-1,1,-1,-1,1,1,1,-1,1,-1,1,1,1,1,-1,1,-1,1,1,1,-1,-1,1,-1,-1,1,1,-1,-1,-1,1,-1,1,-1,1,-1,1,-1,-1,1,-2668.0,1,2000,445,1000,False
1641,1,1,-1,-1,1,1,-1,-1,1,1,1,-1,-1,1,1,1,-1,1,-1,-1,-1,-1,1,1,1,-1,-1,-1,1,1,1,1,1,-1,-1,-1,1,-1,1,-1,-1,-1,-1,1,1,1,1,-1,1,1,1,1,-1,1,-1,-1,1,-1,1,1,1,-1,-1,-1,1,1,1,1,-1,-1,-1,1,1,1,1,-1,-1,-1,1,1,1,-1,-1,-1,1,1,1,1,-1,-1,1,1,1,1,1,-1,-1,-1,1,-1,1,1,-1,-1,1,1,1,1,1,-1,-1,-1,1,1,1,1,-1,-1,1,1,1,1,1,1,-1,-1,1,1,-1,1,1,-1,1,1,1,1,1,1,-1,1,1,1,1,1,1,-1,1,1,1,1,1,1,-1,-1,-1,1,1,1,1,-1,1,1,1,1,-1,1,-1,1,1,1,1,1,-1,-1,1,1,1,1,1,-1,1,-1,-1,1,-1,1,-1,1,1,1,1,1,1,1,1,1,-1,1,-1,1,-1,1,1,-1,1,-1,1,1,-1,1,-1,1,-1,1,-1,1,1,-1,1,-1,1,1,1,1,-1,-1,1,1,-1,-1,1,-1,1,-1,-1,1,-1,1,-1,1,-1,1,-1,1,1,-1,-1,-1,1,1,-1,1,-1,1,1,1,-1,1,1,-1,-1,-1,1,-1,1,-1,1,-1,1,1,-1,1,-1,-1,-1,1,1,-1,1,-1,-1,-1,1,1,-1,-1,1,1,-1,-1,1,1,-1,1,1,-1,1,1,1,-1,-1,1,-1,1,1,-1,1,-1,1,-1,1,1,1,-1,-1,1,-1,-1,1,-1,1,-1,1,1,-1,1,1,1,-1,1,1,1,1,1,-1,-1,1,-1,1,1,1,1,-1,1,-1,1,1,1,-1,1,1,-1,-1,1,1,-1,1,1,-1,1,1,1,1,1,1,-1,1,1,1,1,1,1,-1,1,1,1,1,1,1,-1,-1,1,1,1,1,1,-1,1,-1,1,-1,1,1,1,-1,1,1,1,1,1,1,-1,1,1,1,1,1,1,-1,-1,-1,-1,1,1,1,-1,1,1,-1,1,1,-1,-1,-1,1,1,1,1,-1,1,1,1,-1,1,1,1,-1,-1,1,1,1,-1,1,-1,1,-1,1,1,1,1,-1,-1,-1,1,-1,-1,1,1,-1,1,1,1,1,1,1,1,-1,1,-1,-1,1,-1,1,-1,1,1,1,1,1,1,-1,-1,1,-1,1,1,1,-1,1,1,1,-1,1,1,-1,1,1,-1,1,1,1,-1,1,1,1,1,1,1,-1,1,-1,-1,1,1,-1,1,1,-1,-1,1,1,-1,-1,1,-1,1,1,1,-1,-1,1,-1,-1,1,1,-1,-1,1,-1,1,1,1,1,-1,-1,1,-1,-1,1,1,-1,-1,1,1,-1,1,-1,-1,-1,1,-1,1,-1,1,-1,-1,1,-1,1,-1,1,-1,-1,1,-1,-1,1,1,1,-1,1,-1,1,-1,-1,-1,1,-1,-1,-1,1,-1,-1,-1,1,1,-1,1,-1,1,1,1,-1,1,1,-1,1,-1,1,-1,1,1,-1,-1,1,1,1,-1,1,-1,-1,1,1,-1,-1,1,-1,-1,1,1,-1,-1,1,-1,-1,-1,1,1,-1,1,1,-1,-1,1,-1,-1,1,-1,1,-1,1,1,-1,-1,1,-1,-1,-1,-1,-1,-1,1,1,-1,1,1,-1,1,1,-1,-1,-1,-1,-1,1,1,-1,-1,-1,-1,-1,1,1,-1,1,1,-1,-1,-1,1,1,-1,-1,-1,-1,1,1,-1,-1,1,-1,-1,-1,1,1,-1,-1,-1,-1,-1,1,-1,-1,1,-1,-1,1,1,1,-1,1,-1,-1,-1,1,1,-1,-1,-1,-1,-1,1,1,1,-1,-1,-1,-1,1,1,-1,-1,-1,-1,1,1,1,1,-1,-1,1,1,1,1,1,-1,-1,-1,1,1,1,1,1,-1,1,1,1,1,-1,1,-1,-1,1,-1,1,-1,1,-1,-1,1,-1,1,-1,-1,-1,-1,1,-1,1,-1,1,1,-1,1,-1,1,-1,1,1,-1,1,-1,1,-1,-1,-1,-1,1,1,-1,-1,-1,-1,-1,1,-1,1,-1,-1,-1,-1,-1,-1,-1,1,-1,-1,-1,1,-1,-1,1,-1,-1,-1,-1,-1,-1,1,-1,-1,-1,-1,-1,1,-1,-1,-1,1,-1,-1,1,-1,1,-1,-1,-1,-1,-1,-1,-1,1,-1,-1,-1,1,1,-1,-1,-1,1,1,-1,-1,-1,-1,1,-1,-1,1,1,1,-1,-1,-1,-1,1,-1,1,1,-1,1,-1,-1,1,1,-1,-1,-1,-1,-1,-1,1,1,-1,-1,1,-1,1,1,-1,-1,-1,1,-1,1,1,-1,-1,1,-1,-1,1,1,1,-1,1,-1,1,1,1,-1,-1,1,-1,-1,1,1,1,-1,1,-1,-1,1,1,-1,1,1,-1,-1,1,1,1,1,1,-1,-1,1,1,-1,1,1,-1,-1,1,1,1,1,1,1,-1,1,1,1,1,1,-1,-1,1,-1,1,1,1,1,-1,-1,1,-1,1,1,1,-1,1,1,1,1,-1,1,-1,1,1,1,1,1,1,-1,-1,1,1,1,1,-1,1,-1,1,1,1,1,-1,1,-1,1,1,1,-1,-1,1,-1,1,1,-1,1,-1,-1,-1,1,1,1,-1,1,-1,-1,1,1,1,-1,-1,-1,-1,1,1,1,-1,-1,-1,-1,-1,1,1,-1,1,-1,-1,1,1,1,-1,1,-1,1,-1,1,1,1,1,1,-1,-1,1,1,-1,-1,1,1,-1,1,1,-1,1,-1,-1,1,1,-1,-1,1,-1,-1,-1,1,1,-1,1,1,-1,1,1,-1,-1,-1,-1,1,-1,-1,-1,-1,1,-1,-1,1,1,-1,1,1,-1,1,1,1,1,-1,1,-1,1,1,1,-1,-1,1,-1,-1,-1,1,-1,-1,1,-1,1,1,1,-1,-1,1,-1,1,1,1,1,-1,1,-1,-1,1,1,1,-1,-1,1,-1,1,-1,1,-1,1,-1,-1,1,-2668.0,1,2000,445,1000,False
1642,1,1,-1,-1,1,1,-1,-1,1,1,1,-1,1,1,-1,1,-1,1,-1,-1,-1,1,1,1,1,-1,-1,-1,1,1,1,1,1,-1,-1,-1,1,-1,1,1,-1,-1,-1,1,1,1,1,-1,1,1,1,1,-1,1,-1,-1,1,-1,1,1,-1,-1,-1,1,1,1,1,1,-1,-1,1,1,1,1,1,-1,-1,-1,1,1,1,-1,-1,-1,1,1,1,1,-1,-1,-1,1,1,1,1,-1,-1,1,1,-1,1,1,-1,-1,1,1,1,1,1,-1,-1,-1,1,1,1,1,-1,-1,1,1,1,1,1,1,-1,-1,1,1,-1,1,1,-1,1,1,1,1,1,1,-1,1,1,1,1,1,1,-1,1,1,1,1,1,1,-1,-1,-1,1,1,1,1,-1,1,-1,1,1,-1,1,-1,1,-1,1,1,1,-1,-1,1,1,1,1,1,-1,1,-1,-1,1,1,1,-1,1,1,1,1,-1,1,1,1,1,-1,1,-1,1,-1,1,1,-1,1,-1,1,1,-1,1,-1,1,-1,1,-1,1,1,-1,1,-1,1,1,1,1,-1,-1,1,1,-1,-1,1,-1,1,-1,-1,1,-1,1,-1,1,-1,1,-1,1,1,-1,-1,-1,1,1,-1,1,-1,1,1,1,-1,1,1,-1,-1,-1,1,-1,1,-1,1,-1,1,1,-1,1,-1,-1,-1,1,1,-1,1,-1,-1,-1,1,1,-1,-1,1,1,-1,-1,1,1,-1,1,1,-1,1,1,1,1,-1,1,-1,1,1,-1,1,-1,1,1,1,1,1,1,1,1,-1,-1,1,-1,-1,-1,1,1,-1,1,1,1,-1,1,1,1,1,1,1,1,1,-1,1,1,1,-1,1,1,-1,1,1,1,-1,1,1,-1,-1,1,1,1,-1,1,-1,1,1,1,-1,1,1,-1,1,1,1,-1,1,1,-1,1,1,1,-1,1,1,1,-1,1,1,-1,1,1,-1,1,-1,1,-1,1,1,1,-1,1,1,1,-1,1,1,-1,1,1,-1,1,1,1,-1,-1,-1,-1,1,1,1,-1,1,1,-1,1,1,-1,-1,1,1,1,1,1,-1,1,1,1,-1,1,1,1,-1,-1,1,1,1,-1,1,-1,1,1,1,1,1,1,-1,-1,-1,1,-1,-1,1,-1,1,-1,1,-1,1,1,1,1,-1,1,-1,-1,1,-1,1,-1,1,1,1,1,1,1,-1,-1,1,-1,1,1,-1,-1,1,1,1,-1,1,1,-1,-1,1,-1,1,1,-1,-1,1,1,1,1,-1,1,-1,1,-1,-1,1,-1,1,-1,1,-1,1,1,-1,-1,-1,1,-1,1,1,1,-1,-1,1,-1,-1,1,-1,-1,-1,1,-1,1,1,-1,1,-1,1,1,-1,1,-1,-1,-1,-1,1,1,1,-1,-1,-1,1,1,-1,1,-1,-1,-1,-1,1,-1,1,-1,-1,1,-1,1,-1,-1,1,1,1,-1,1,-1,1,-1,1,-1,1,-1,-1,-1,1,-1,-1,1,1,-1,1,1,-1,1,1,1,-1,1,1,-1,-1,-1,1,-1,-1,1,-1,-1,1,1,-1,-1,1,-1,-1,1,1,1,-1,1,-1,-1,1,1,-1,-1,1,-1,-1,-1,1,1,-1,1,-1,-1,-1,1,1,-1,1,-1,1,-1,1,1,-1,-1,1,-1,-1,-1,-1,-1,1,1,1,-1,-1,1,-1,-1,1,-1,-1,1,-1,-1,1,1,-1,-1,1,-1,-1,1,1,-1,1,-1,-1,-1,-1,1,1,-1,-1,-1,-1,1,1,-1,-1,1,-1,-1,-1,1,1,-1,-1,-1,-1,-1,1,-1,-1,-1,-1,-1,1,1,1,-1,-1,-1,-1,-1,1,1,-1,-1,-1,-1,-1,1,1,1,-1,-1,-1,-1,1,1,-1,-1,-1,-1,1,1,1,1,1,-1,1,1,1,1,1,1,-1,-1,1,1,1,1,-1,-1,1,1,1,1,-1,1,-1,-1,1,-1,1,-1,1,-1,-1,1,-1,1,1,1,-1,-1,1,-1,1,-1,1,1,-1,1,-1,1,1,1,1,1,-1,-1,1,1,1,-1,-1,1,1,-1,1,1,-1,-1,1,-1,1,-1,1,-1,-1,-1,-1,-1,1,1,-1,-1,1,-1,-1,1,1,-1,-1,-1,-1,1,-1,1,-1,-1,-1,-1,1,-1,-1,-1,1,-1,-1,1,-1,1,-1,-1,-1,-1,-1,-1,1,1,-1,-1,-1,1,1,1,-1,-1,1,-1,-1,-1,1,-1,1,-1,-1,1,1,1,-1,-1,-1,-1,1,-1,1,1,-1,1,-1,-1,1,1,-1,-1,-1,-1,-1,-1,1,1,-1,-1,1,-1,1,1,-1,-1,-1,1,-1,1,1,-1,-1,1,-1,-1,1,1,1,-1,1,-1,1,1,1,-1,-1,1,-1,-1,1,1,1,-1,1,-1,-1,1,1,-1,1,1,-1,-1,1,1,1,1,1,-1,-1,1,1,1,1,1,-1,-1,1,1,1,1,1,1,-1,-1,1,1,-1,1,-1,-1,1,-1,1,1,1,1,-1,-1,1,-1,1,1,1,-1,1,1,1,1,-1,1,-1,1,1,1,1,1,1,1,-1,1,1,1,1,-1,1,-1,1,1,1,1,1,-1,1,1,1,1,-1,1,1,-1,1,1,-1,1,1,-1,-1,1,1,1,1,-1,1,-1,1,1,1,-1,-1,1,-1,1,1,1,-1,1,-1,-1,-1,1,1,-1,-1,1,-1,-1,1,1,-1,-1,1,-1,-1,1,1,1,-1,-1,-1,-1,1,1,-1,-1,-1,1,-1,1,1,-1,1,1,-1,1,1,-1,-1,1,1,-1,-1,1,1,-1,1,1,-1,1,1,-1,-1,-1,-1,1,-1,-1,-1,-1,-1,1,-1,1,1,-1,1,1,-1,1,1,1,1,-1,1,-1,1,1,1,-1,-1,1,-1,1,-1,1,-1,-1,1,-1,-1,1,1,-1,-1,1,-1,1,1,1,1,-1,1,-1,-1,1,1,-1,-1,-1,1,-1,1,-1,1,-1,1,-1,-1,1,-2668.0,1,2000,445,0,False
1643,1,1,-1,-1,1,-1,1,-1,1,1,1,-1,1,1,1,1,-1,1,-1,-1,1,-1,1,1,1,-1,1,-1,1,1,1,1,-1,-1,-1,-1,1,-1,1,-1,-1,-1,-1,1,1,1,1,-1,1,1,1,1,-1,1,-1,-1,1,-1,1,1,1,-1,-1,-1,1,1,1,1,-1,-1,-1,1,1,1,1,-1,-1,-1,1,1,1,-1,-1,-1,1,1,1,1,-1,-1,-1,1,1,1,1,-1,-1,1,1,-1,1,1,-1,-1,1,1,1,1,1,-1,-1,1,1,-1,1,1,-1,-1,1,1,1,1,1,1,-1,1,1,1,-1,1,1,-1,1,1,1,1,1,1,-1,-1,1,1,1,1,1,-1,1,1,1,1,1,1,-1,-1,-1,1,1,1,1,-1,1,1,1,1,-1,1,-1,1,-1,1,1,1,-1,-1,1,1,1,1,1,-1,1,-1,-1,1,1,1,-1,1,1,1,1,-1,1,1,1,1,-1,1,-1,1,-1,1,1,-1,1,-1,1,1,-1,1,-1,1,-1,1,-1,1,1,-1,1,-1,1,1,1,1,-1,-1,1,1,-1,-1,1,-1,1,-1,-1,1,-1,1,-1,1,-1,1,-1,-1,1,-1,-1,-1,1,1,-1,1,-1,1,1,1,-1,1,1,-1,1,-1,1,-1,1,-1,1,-1,1,1,-1,1,-1,-1,-1,1,1,-1,1,-1,-1,-1,1,1,-1,-1,1,1,-1,-1,1,1,-1,1,1,-1,1,1,1,1,-1,1,-1,1,1,-1,1,-1,1,1,-1,1,1,1,1,1,-1,-1,1,-1,-1,-1,1,1,-1,1,1,1,-1,1,-1,-1,1,1,1,1,1,-1,1,1,1,-1,1,1,-1,1,1,1,-1,1,1,-1,-1,1,1,1,-1,1,-1,1,1,1,-1,1,1,-1,1,1,1,-1,1,-1,-1,1,1,1,-1,1,-1,-1,-1,1,1,-1,1,-1,-1,1,-1,1,-1,1,1,-1,-1,1,1,1,-1,1,-1,-1,1,1,-1,1,-1,-1,-1,-1,-1,-1,1,-1,-1,-1,1,1,-1,1,-1,1,-1,1,1,1,1,-1,-1,1,1,1,-1,1,-1,-1,-1,-1,1,1,1,1,-1,-1,1,1,1,1,-1,-1,1,-1,-1,1,-1,1,-1,-1,1,-1,1,-1,-1,-1,1,1,-1,1,-1,1,-1,-1,1,-1,1,1,-1,-1,-1,1,-1,-1,1,1,-1,-1,1,-1,1,1,-1,1,-1,1,-1,-1,1,1,-1,-1,1,-1,1,1,-1,-1,1,1,-1,1,-1,1,-1,1,-1,-1,1,-1,1,-1,1,-1,-1,1,-1,-1,-1,1,-1,-1,1,-1,1,-1,1,-1,-1,1,-1,-1,1,-1,1,-1,1,1,1,-1,1,1,-1,-1,-1,1,-1,1,-1,-1,1,-1,1,1,1,1,-1,-1,1,1,-1,1,1,1,-1,1,1,1,-1,1,1,-1,1,1,1,1,1,-1,1,-1,-1,-1,1,-1,1,1,1,1,-1,1,-1,1,-1,-1,-1,1,1,-1,1,1,-1,-1,-1,1,-1,1,1,-1,1,-1,1,-1,-1,-1,-1,-1,-1,1,-1,-1,-1,-1,-1,-1,1,-1,1,1,1,1,-1,1,-1,1,1,-1,-1,-1,1,-1,-1,1,-1,1,-1,-1,1,1,1,1,-1,-1,1,1,1,1,-1,1,-1,-1,1,1,1,-1,-1,-1,1,1,1,1,-1,1,-1,1,-1,1,-1,1,1,-1,-1,1,1,1,-1,-1,-1,1,1,1,1,1,-1,-1,-1,1,1,1,1,-1,-1,-1,1,-1,1,-1,-1,-1,1,1,1,1,1,-1,-1,-1,1,1,1,1,-1,-1,-1,1,1,-1,1,-1,-1,-1,1,1,1,1,-1,-1,1,1,1,1,-1,-1,1,1,-1,1,1,-1,-1,-1,1,1,1,1,1,-1,1,1,1,1,1,-1,-1,-1,1,-1,1,-1,-1,-1,-1,1,-1,1,1,-1,-1,-1,1,-1,1,1,-1,1,-1,1,1,1,1,-1,1,1,-1,-1,1,1,-1,-1,-1,1,1,-1,-1,-1,-1,-1,1,-1,1,-1,-1,-1,-1,-1,-1,-1,1,-1,-1,-1,1,-1,-1,1,-1,-1,-1,-1,-1,1,1,-1,-1,-1,-1,-1,1,-1,-1,-1,1,-1,-1,1,-1,1,-1,-1,-1,-1,-1,-1,-1,1,-1,-1,-1,1,1,1,-1,-1,1,1,-1,-1,-1,-1,1,-1,-1,1,1,1,-1,-1,-1,-1,1,-1,1,1,-1,1,-1,-1,1,1,-1,-1,-1,-1,-1,-1,1,1,-1,-1,1,-1,1,1,1,-1,-1,1,-1,1,1,-1,-1,1,-1,-1,1,1,1,-1,1,-1,1,1,1,-1,-1,1,-1,-1,1,1,1,-1,1,-1,-1,1,1,-1,1,1,-1,-1,1,1,1,1,1,-1,-1,1,1,-1,1,1,-1,-1,1,1,1,1,-1,1,-1,-1,1,1,-1,1,-1,-1,1,-1,1,1,1,1,-1,-1,1,-1,1,1,1,-1,1,1,1,1,-1,1,-1,1,1,1,1,1,1,1,-1,1,1,1,1,-1,1,-1,1,1,1,1,1,-1,1,1,1,1,-1,1,1,-1,1,1,-1,1,1,-1,-1,1,1,1,1,-1,1,-1,1,1,1,-1,-1,1,-1,1,1,1,-1,1,-1,-1,-1,1,1,-1,-1,1,-1,-1,1,1,-1,-1,1,-1,-1,1,1,1,-1,1,-1,-1,1,1,-1,-1,-1,1,-1,-1,1,-1,1,1,-1,1,1,-1,-1,1,1,-1,-1,1,1,-1,1,1,-1,1,1,-1,-1,-1,-1,1,-1,-1,-1,-1,1,-1,-1,1,1,-1,1,1,-1,1,1,1,1,-1,1,-1,1,1,1,1,-1,1,-1,1,1,1,1,-1,1,-1,-1,1,1,1,-1,1,-1,1,1,-1,-1,-1,1,-1,-1,1,1,-1,-1,-1,1,-1,1,-1,1,-1,1,-1,-1,1,-2668.0,1,2000,445,0,False
1644,1,1,-1,-1,1,1,-1,-1,1,1,1,-1,1,1,1,1,-1,1,-1,-1,1,1,1,1,1,-1,1,-1,1,1,1,1,1,1,-1,-1,1,-1,1,-1,-1,-1,-1,1,1,1,-1,-1,1,1,1,1,-1,1,-1,-1,1,-1,1,1,-1,-1,1,1,1,1,1,-1,-1,-1,1,1,1,1,1,-1,1,-1,1,1,1,-1,-1,1,1,1,1,1,-1,-1,-1,1,1,1,1,-1,1,1,1,-1,1,1,-1,-1,1,1,1,1,1,-1,-1,1,1,1,1,1,-1,-1,1,1,1,1,1,1,-1,1,1,1,-1,1,1,-1,1,1,1,1,1,1,-1,1,1,1,1,1,1,-1,-1,1,1,1,1,1,-1,1,-1,1,1,1,1,-1,1,-1,1,1,-1,1,-1,1,-1,1,1,1,-1,-1,1,1,1,1,1,-1,1,-1,-1,1,-1,1,-1,1,1,1,1,1,1,-1,1,1,-1,1,-1,1,1,-1,1,-1,1,-1,1,-1,-1,1,-1,1,-1,1,-1,1,1,-1,1,-1,1,1,1,1,-1,-1,1,1,-1,-1,1,-1,1,-1,-1,1,-1,1,-1,1,-1,1,-1,1,1,-1,-1,-1,1,-1,1,1,-1,1,1,1,1,1,1,-1,1,-1,-1,1,1,-1,1,-1,1,-1,1,1,-1,-1,-1,1,1,1,1,-1,-1,-1,1,1,-1,1,1,1,-1,-1,1,1,1,1,1,-1,1,1,-1,1,-1,1,-1,1,1,1,1,-1,1,1,-1,1,1,1,1,1,-1,-1,1,-1,1,-1,1,1,-1,1,1,1,-1,1,-1,-1,1,1,-1,1,1,-1,1,1,1,-1,1,1,-1,1,1,-1,-1,1,1,-1,-1,1,-1,1,-1,1,-1,1,1,1,-1,1,1,-1,1,1,1,-1,1,-1,-1,1,1,1,-1,1,-1,-1,-1,1,1,1,1,-1,-1,1,-1,1,-1,1,1,-1,-1,1,1,-1,-1,1,-1,-1,1,1,-1,1,-1,-1,-1,-1,-1,-1,1,1,-1,-1,1,1,-1,1,-1,-1,-1,1,1,-1,1,-1,-1,1,1,-1,1,1,-1,-1,-1,-1,1,-1,-1,1,-1,-1,1,-1,-1,1,-1,-1,1,-1,-1,1,-1,1,-1,-1,1,-1,-1,1,-1,-1,1,1,-1,1,-1,1,-1,-1,1,-1,-1,-1,-1,-1,-1,1,-1,-1,1,1,-1,-1,1,-1,1,-1,-1,1,-1,1,-1,-1,1,1,-1,-1,1,-1,-1,-1,-1,-1,1,1,-1,-1,1,1,-1,1,-1,1,-1,1,1,-1,1,-1,-1,-1,-1,-1,-1,1,-1,1,-1,1,1,-1,1,-1,-1,1,-1,-1,1,-1,1,-1,1,-1,1,-1,1,1,-1,-1,-1,1,-1,1,-1,-1,1,-1,1,1,1,1,-1,-1,-1,1,-1,1,1,-1,-1,1,1,1,-1,1,1,-1,1,1,1,1,1,-1,1,-1,-1,-1,1,-1,-1,1,-1,-1,1,1,-1,1,-1,-1,-1,1,1,-1,1,1,-1,-1,-1,1,-1,1,1,-1,-1,-1,1,-1,-1,-1,-1,1,-1,1,-1,-1,-1,-1,-1,-1,1,-1,1,1,1,1,-1,1,-1,1,1,-1,-1,-1,1,-1,-1,1,-1,1,-1,-1,1,1,1,1,-1,-1,1,1,1,1,-1,1,-1,-1,1,1,1,-1,-1,-1,1,1,1,1,-1,-1,-1,1,-1,1,-1,1,1,-1,-1,1,1,1,-1,-1,-1,-1,1,1,1,1,-1,-1,-1,1,1,1,1,-1,-1,-1,1,1,1,-1,-1,-1,1,1,1,1,1,-1,-1,-1,1,1,1,1,-1,-1,-1,1,1,-1,1,-1,-1,-1,1,1,1,1,-1,-1,1,1,1,1,-1,-1,1,1,-1,1,1,-1,-1,-1,1,1,1,1,1,-1,1,1,1,1,1,-1,-1,-1,1,-1,1,-1,-1,-1,-1,1,-1,1,1,-1,-1,-1,1,-1,1,1,-1,1,-1,1,1,1,1,-1,1,-1,1,-1,1,1,-1,-1,-1,1,1,-1,-1,-1,-1,-1,1,-1,1,-1,-1,-1,-1,-1,-1,-1,1,-1,-1,-1,1,-1,-1,1,-1,-1,-1,-1,-1,-1,1,-1,-1,-1,-1,-1,1,-1,-1,-1,1,-1,-1,1,-1,1,-1,-1,-1,-1,-1,-1,-1,1,-1,-1,-1,1,1,-1,-1,-1,1,-1,-1,-1,-1,-1,1,-1,-1,1,1,1,-1,-1,-1,-1,1,-1,1,1,-1,1,-1,-1,1,1,1,-1,-1,-1,-1,-1,1,1,-1,-1,1,-1,1,1,-1,-1,-1,1,-1,1,1,1,-1,1,1,-1,1,1,1,-1,1,-1,1,1,1,-1,-1,1,-1,-1,1,1,1,1,-1,1,-1,1,1,1,-1,1,-1,-1,1,1,1,1,-1,1,-1,1,1,1,1,1,-1,-1,1,1,1,1,1,-1,-1,1,1,1,1,-1,-1,-1,1,-1,1,1,1,-1,1,1,1,-1,1,1,-1,-1,1,1,1,1,1,-1,1,1,1,1,1,1,-1,1,-1,1,1,1,1,-1,1,-1,1,1,1,-1,1,1,1,1,1,1,-1,1,-1,1,1,1,-1,1,1,1,1,-1,1,1,1,-1,1,1,1,1,1,-1,-1,1,-1,1,-1,1,-1,1,-1,1,1,1,1,-1,-1,1,1,-1,1,-1,1,-1,1,1,-1,-1,1,1,-1,-1,-1,1,1,1,-1,-1,-1,-1,1,1,-1,-1,1,1,1,1,1,-1,-1,1,1,1,1,-1,1,-1,1,-1,1,1,-1,1,-1,-1,-1,-1,-1,-1,-1,-1,-1,-1,1,1,1,-1,1,1,-1,-1,1,-1,-1,-1,1,-1,1,1,1,1,-1,1,-1,1,1,1,-1,-1,1,-1,1,1,1,-1,-1,1,-1,1,-1,-1,-1,-1,1,-1,-1,1,1,-1,-1,-1,-1,1,1,-1,1,-1,1,-1,-1,1,-2668.0,1,2000,445,0,False
1645,1,1,-1,-1,1,1,-1,-1,1,1,1,-1,-1,1,1,1,-1,1,-1,-1,-1,-1,1,1,1,-1,-1,-1,1,1,1,1,1,-1,-1,-1,1,-1,1,1,-1,-1,-1,1,1,1,1,-1,1,1,1,1,-1,1,-1,-1,1,-1,1,1,1,-1,-1,-1,1,1,1,1,-1,-1,-1,1,1,1,1,-1,-1,-1,1,1,1,-1,-1,-1,1,1,1,1,-1,-1,1,1,1,1,1,-1,-1,-1,1,-1,1,1,-1,-1,1,1,1,1,1,-1,-1,-1,1,-1,1,1,-1,-1,1,1,1,1,1,1,-1,-1,1,1,-1,1,1,-1,1,1,1,1,1,1,-1,1,1,1,1,1,1,-1,1,1,1,1,1,1,-1,-1,-1,1,1,1,1,-1,1,1,1,1,-1,1,-1,1,-1,1,1,1,-1,-1,1,1,1,1,1,-1,1,-1,-1,1,-1,1,-1,1,1,1,1,1,1,1,1,1,-1,1,-1,1,-1,1,1,-1,1,-1,1,1,-1,1,-1,1,-1,1,-1,1,1,-1,-1,-1,1,1,1,1,-1,-1,1,1,-1,-1,1,-1,1,-1,-1,1,-1,1,-1,1,-1,1,-1,1,1,-1,-1,-1,1,1,-1,1,-1,1,1,1,-1,1,1,-1,1,-1,1,-1,1,-1,1,-1,1,1,-1,1,-1,-1,-1,1,1,-1,1,-1,-1,-1,1,1,-1,-1,1,1,-1,-1,1,1,-1,1,1,-1,1,1,1,1,-1,1,-1,1,1,-1,1,-1,1,1,-1,1,1,-1,-1,1,-1,-1,1,-1,-1,1,1,1,-1,1,1,1,-1,1,-1,-1,1,1,1,1,1,-1,1,1,1,1,-1,1,-1,1,1,1,-1,1,1,-1,-1,1,1,1,-1,1,-1,1,1,1,-1,1,1,-1,1,1,1,-1,1,-1,-1,1,1,1,1,1,-1,-1,-1,1,1,-1,1,-1,-1,1,-1,1,-1,1,1,-1,-1,1,1,1,-1,1,-1,-1,1,1,-1,1,-1,-1,-1,-1,-1,-1,1,1,-1,-1,1,1,-1,1,-1,-1,-1,1,1,1,1,1,-1,1,1,1,-1,1,-1,-1,-1,-1,1,1,1,1,-1,-1,1,1,1,1,-1,-1,-1,-1,-1,1,-1,1,-1,1,-1,1,1,-1,-1,-1,1,1,-1,1,-1,1,-1,-1,1,-1,1,1,-1,-1,-1,1,-1,-1,1,1,-1,-1,1,-1,1,1,-1,1,-1,1,-1,-1,1,1,-1,1,1,-1,1,1,-1,-1,1,1,-1,1,-1,1,-1,1,-1,-1,1,-1,1,-1,1,-1,-1,1,-1,-1,-1,1,-1,-1,1,-1,1,-1,1,-1,-1,1,-1,-1,1,-1,1,-1,1,-1,1,-1,1,1,-1,-1,-1,1,-1,1,-1,-1,1,-1,1,1,1,1,-1,-1,1,1,-1,1,1,-1,-1,1,1,1,1,1,1,-1,1,1,1,-1,-1,-1,1,-1,-1,-1,1,-1,-1,1,-1,1,-1,1,-1,1,-1,-1,-1,1,1,-1,1,1,-1,-1,-1,1,-1,1,1,-1,1,-1,1,-1,-1,-1,-1,-1,-1,1,-1,-1,-1,-1,-1,-1,1,-1,1,1,1,1,-1,1,-1,1,1,-1,-1,-1,1,-1,-1,1,-1,1,-1,-1,1,1,1,1,-1,-1,1,1,1,1,-1,1,-1,-1,1,1,1,-1,-1,-1,1,1,1,1,-1,1,-1,1,-1,1,-1,1,1,-1,-1,1,1,1,-1,-1,-1,-1,1,1,1,1,-1,-1,-1,1,1,1,1,-1,-1,-1,1,1,1,-1,-1,-1,-1,1,1,1,1,-1,-1,1,1,1,1,1,-1,-1,-1,1,1,-1,1,-1,-1,-1,1,1,1,1,-1,-1,1,1,1,1,-1,-1,1,1,-1,1,1,-1,-1,-1,1,1,1,1,1,-1,1,1,1,1,1,1,-1,-1,1,-1,1,-1,-1,-1,-1,1,-1,1,1,-1,-1,-1,1,-1,1,1,-1,1,-1,1,1,1,-1,1,1,-1,1,-1,1,-1,-1,-1,-1,1,1,-1,-1,-1,-1,-1,1,-1,1,-1,-1,-1,-1,-1,-1,-1,1,-1,-1,-1,1,-1,-1,1,-1,-1,-1,-1,-1,-1,1,-1,-1,-1,-1,-1,1,-1,-1,-1,1,-1,-1,1,-1,1,-1,-1,-1,-1,-1,-1,-1,1,-1,-1,-1,1,1,-1,-1,-1,1,-1,-1,-1,-1,-1,1,-1,-1,1,-1,1,-1,-1,-1,-1,1,-1,1,1,-1,1,-1,-1,1,1,-1,-1,-1,-1,-1,-1,1,1,-1,-1,1,-1,1,1,-1,-1,-1,1,-1,-1,1,-1,-1,1,-1,-1,1,1,1,-1,1,-1,1,1,1,-1,-1,1,-1,-1,1,1,1,-1,1,-1,-1,1,1,-1,1,1,-1,-1,1,1,-1,1,1,-1,-1,1,1,1,1,1,-1,-1,1,1,1,1,1,1,-1,-1,1,1,1,1,-1,-1,1,-1,1,1,1,1,-1,-1,1,-1,1,1,1,-1,1,1,1,1,-1,1,-1,1,1,1,1,1,1,1,-1,1,1,1,1,-1,1,-1,1,1,1,1,1,-1,1,1,1,1,-1,-1,1,-1,1,1,-1,1,1,-1,-1,1,1,1,-1,1,1,-1,1,1,1,-1,-1,1,-1,1,1,1,-1,1,-1,-1,-1,1,1,-1,-1,1,-1,-1,1,1,-1,-1,1,-1,-1,1,1,1,1,-1,-1,-1,1,1,-1,-1,-1,1,-1,1,1,-1,1,1,-1,1,1,-1,-1,1,1,-1,-1,1,1,-1,1,1,-1,1,1,-1,-1,-1,-1,1,-1,-1,-1,-1,1,-1,-1,1,1,-1,1,1,-1,1,1,1,1,-1,1,-1,1,1,1,-1,-1,1,-1,1,1,1,-1,-1,1,-1,-1,1,1,-1,-1,1,-1,1,1,1,1,-1,1,-1,-1,1,1,1,-1,-1,1,-1,1,-1,1,-1,1,-1,-1,1,-2668.0,1,2000,445,1000,False
1646,1,1,-1,-1,1,1,-1,1,1,1,1,-1,1,1,1,1,-1,1,-1,-1,-1,1,1,1,1,-1,1,-1,1,1,1,1,-1,-1,-1,1,-1,1,1,1,-1,-1,1,1,1,1,1,-1,1,-1,1,1,-1,1,-1,-1,1,-1,1,1,1,-1,-1,-1,1,1,1,1,-1,-1,1,-1,1,1,1,-1,-1,1,-1,1,1,-1,-1,-1,-1,1,1,1,-1,-1,-1,1,-1,1,1,-1,-1,1,-1,-1,1,1,-1,-1,1,-1,-1,1,1,-1,-1,1,-1,-1,1,1,-1,-1,1,-1,-1,1,1,1,-1,-1,-1,-1,1,1,1,-1,1,-1,-1,1,1,1,-1,-1,-1,-1,-1,1,1,-1,1,-1,-1,-1,1,1,-1,-1,1,-1,1,1,1,-1,1,-1,-1,-1,1,1,-1,1,1,-1,1,1,-1,-1,1,-1,-1,1,1,-1,1,-1,1,-1,1,1,-1,1,1,-1,-1,-1,1,1,1,1,1,-1,-1,1,-1,1,1,1,-1,-1,1,1,-1,1,1,-1,1,1,-1,1,1,1,-1,1,1,1,1,1,1,1,-1,1,-1,-1,1,1,-1,-1,1,1,-1,1,1,-1,-1,1,-1,-1,1,1,1,-1,1,1,-1,1,1,-1,1,1,-1,1,1,1,-1,-1,1,-1,1,-1,1,1,1,1,-1,1,-1,1,1,1,1,-1,1,-1,1,1,1,1,-1,-1,1,1,1,1,1,1,-1,1,1,-1,-1,1,1,1,-1,1,1,1,1,-1,1,-1,1,1,1,-1,1,1,1,1,1,1,1,-1,-1,-1,1,-1,1,1,1,1,-1,1,1,1,1,1,1,1,1,1,1,1,1,-1,-1,1,1,1,1,1,-1,1,1,1,-1,1,1,1,-1,1,1,1,1,1,-1,1,1,-1,1,1,1,-1,1,1,1,1,1,1,-1,1,1,1,-1,1,1,-1,1,1,1,1,-1,1,-1,1,-1,1,-1,1,1,1,-1,-1,1,1,-1,1,-1,1,1,1,-1,-1,-1,-1,1,1,1,-1,1,1,-1,1,1,-1,-1,1,1,1,1,1,-1,1,1,1,-1,1,1,1,1,-1,1,1,1,-1,1,-1,1,1,1,1,1,1,-1,-1,-1,1,-1,1,1,-1,1,-1,1,-1,1,1,1,1,-1,1,-1,-1,1,-1,1,-1,1,1,-1,1,1,1,-1,-1,1,-1,1,1,-1,-1,1,1,1,-1,1,1,-1,-1,1,-1,1,1,-1,-1,1,1,1,1,-1,1,-1,1,-1,1,1,-1,1,-1,1,-1,1,1,-1,-1,-1,1,-1,1,1,1,-1,-1,1,1,-1,1,-1,-1,-1,1,-1,1,1,-1,1,-1,1,-1,-1,1,-1,-1,-1,-1,-1,1,1,-1,-1,-1,1,-1,-1,1,-1,-1,-1,-1,1,-1,1,-1,-1,-1,-1,1,-1,-1,1,1,1,-1,1,-1,1,1,1,1,1,-1,1,1,-1,-1,1,1,1,-1,1,-1,1,-1,1,1,1,-1,-1,-1,1,-1,1,-1,1,-1,-1,-1,1,1,-1,1,-1,-1,-1,1,1,-1,1,-1,-1,-1,1,1,-1,1,-1,-1,-1,-1,1,1,1,-1,1,-1,-1,1,-1,1,-1,-1,1,1,1,-1,1,1,-1,-1,-1,-1,-1,1,1,-1,1,-1,-1,-1,1,1,-1,-1,-1,1,1,1,-1,-1,-1,-1,1,1,1,-1,1,-1,1,-1,1,1,1,-1,-1,-1,-1,-1,1,-1,1,-1,-1,1,-1,1,1,-1,1,-1,-1,1,1,1,-1,1,-1,-1,-1,1,1,-1,1,-1,-1,-1,1,1,-1,1,-1,-1,-1,1,1,1,-1,1,-1,-1,1,1,-1,-1,-1,-1,-1,1,1,-1,-1,1,1,-1,1,-1,1,-1,1,1,-1,1,-1,-1,1,1,-1,-1,1,1,-1,1,-1,1,-1,1,-1,-1,1,-1,1,-1,1,1,-1,1,1,1,-1,-1,1,-1,1,-1,1,-1,-1,1,-1,1,1,1,-1,-1,-1,1,1,1,1,-1,-1,1,-1,-1,1,1,-1,-1,-1,-1,1,-1,1,-1,-1,1,1,-1,1,1,-1,-1,1,-1,-1,1,1,-1,-1,-1,-1,1,-1,1,-1,-1,-1,-1,1,-1,-1,-1,1,-1,-1,1,-1,1,-1,-1,-1,-1,-1,-1,1,1,-1,-1,-1,1,1,1,-1,-1,-1,1,-1,-1,1,-1,-1,-1,-1,1,1,1,-1,-1,-1,-1,1,-1,1,1,-1,1,-1,-1,1,1,-1,-1,-1,-1,-1,-1,1,1,-1,-1,1,-1,1,1,-1,-1,-1,1,-1,1,1,-1,-1,1,-1,-1,1,1,1,-1,1,-1,1,1,1,-1,-1,1,-1,-1,1,1,1,-1,1,-1,-1,1,1,-1,1,1,-1,-1,1,1,1,1,1,-1,-1,1,1,-1,1,1,-1,-1,1,1,1,1,-1,1,-1,-1,1,1,-1,1,-1,-1,1,-1,1,1,1,1,-1,-1,1,-1,1,1,1,-1,1,1,1,1,-1,1,-1,1,1,1,1,1,1,1,-1,1,1,1,1,-1,1,-1,1,1,1,1,1,-1,1,1,1,1,-1,1,1,-1,1,1,-1,1,1,-1,-1,1,1,1,1,-1,1,-1,1,1,1,-1,-1,1,-1,1,1,1,-1,1,-1,-1,-1,1,1,-1,-1,1,-1,-1,1,1,1,-1,1,-1,-1,-1,1,1,-1,1,-1,-1,1,1,-1,-1,-1,1,-1,-1,1,-1,1,1,-1,1,1,-1,-1,1,1,-1,-1,1,1,-1,1,1,-1,1,1,-1,-1,1,-1,1,-1,-1,-1,-1,1,-1,-1,1,1,-1,1,1,-1,1,1,1,1,-1,1,-1,1,1,1,1,-1,1,-1,-1,1,1,1,-1,1,-1,1,1,1,1,-1,1,-1,1,1,1,-1,-1,1,-1,-1,1,1,-1,-1,-1,1,-1,1,-1,1,-1,1,-1,-1,1,-2668.0,1,2000,445,1000,False
1647,1,1,-1,-1,1,1,-1,-1,1,1,1,-1,1,1,1,1,-1,1,-1,-1,-1,-1,1,1,1,-1,-1,-1,1,1,1,1,1,-1,-1,-1,1,1,1,1,-1,-1,-1,1,1,1,1,-1,1,1,1,1,-1,1,-1,-1,1,-1,1,1,1,-1,-1,-1,1,1,1,1,-1,-1,-1,1,1,1,1,-1,-1,-1,1,1,1,-1,-1,-1,1,1,1,1,-1,-1,-1,1,1,1,1,-1,-1,1,1,-1,1,1,-1,-1,1,1,1,1,1,-1,-1,1,1,1,1,1,-1,-1,1,1,1,1,1,1,-1,-1,1,1,-1,1,-1,-1,1,1,1,1,1,1,-1,-1,1,1,1,1,-1,-1,1,1,1,1,1,1,-1,-1,-1,1,1,1,1,-1,1,1,1,1,-1,1,-1,1,-1,1,1,1,-1,-1,1,1,1,1,1,-1,1,-1,-1,1,-1,1,-1,1,1,1,1,1,1,1,1,1,-1,1,-1,1,-1,1,1,-1,1,-1,1,-1,-1,1,-1,1,-1,1,-1,1,1,-1,-1,-1,1,1,1,1,-1,-1,1,1,-1,-1,1,-1,1,-1,1,1,-1,1,-1,1,-1,1,-1,1,1,-1,-1,-1,1,-1,-1,1,-1,1,1,1,-1,1,1,-1,1,-1,1,-1,1,-1,1,-1,1,1,-1,1,-1,-1,-1,1,1,-1,1,-1,-1,-1,1,1,1,-1,1,1,-1,-1,1,-1,-1,1,1,-1,1,1,1,-1,-1,1,-1,1,1,-1,1,-1,1,1,-1,1,-1,-1,-1,1,-1,-1,1,-1,1,-1,1,1,-1,1,1,1,-1,1,-1,-1,1,1,-1,-1,1,-1,1,1,-1,1,-1,1,-1,1,1,1,-1,1,1,-1,-1,1,1,-1,-1,1,-1,1,1,1,1,1,1,-1,1,1,1,1,1,-1,-1,1,1,1,1,1,-1,-1,-1,1,1,1,1,-1,-1,1,-1,1,1,1,1,-1,-1,1,1,1,1,1,-1,-1,1,1,1,-1,-1,-1,-1,-1,-1,-1,1,1,-1,-1,1,1,-1,1,-1,1,-1,1,1,1,1,-1,-1,1,1,1,-1,1,-1,-1,-1,-1,1,1,1,1,-1,-1,1,-1,1,1,-1,-1,1,-1,-1,1,-1,1,-1,-1,1,-1,-1,1,-1,-1,1,1,-1,1,-1,1,-1,-1,1,-1,1,-1,-1,-1,-1,1,-1,-1,1,1,-1,-1,1,-1,1,1,-1,1,-1,1,-1,1,-1,1,-1,-1,1,-1,1,-1,-1,-1,1,1,-1,1,-1,1,-1,1,-1,1,1,1,1,-1,1,-1,-1,1,-1,-1,-1,1,-1,1,-1,1,1,-1,1,-1,-1,1,-1,-1,1,-1,1,-1,1,-1,1,-1,1,1,-1,1,-1,1,-1,1,-1,-1,1,-1,1,1,1,1,-1,-1,1,1,-1,1,1,-1,-1,1,1,1,-1,1,1,-1,1,1,1,1,-1,-1,1,-1,-1,-1,1,-1,1,1,-1,1,-1,1,-1,1,-1,-1,-1,1,1,-1,1,1,-1,-1,-1,1,-1,1,1,-1,1,-1,1,-1,-1,-1,-1,-1,-1,1,-1,-1,-1,-1,-1,-1,1,-1,1,1,1,1,-1,1,-1,1,1,-1,-1,-1,1,-1,-1,1,-1,1,-1,-1,1,1,1,1,-1,-1,1,1,1,1,-1,1,-1,-1,1,1,1,-1,-1,-1,1,1,1,1,-1,-1,-1,1,-1,1,-1,1,-1,-1,-1,1,1,1,-1,-1,-1,-1,1,1,1,1,-1,-1,-1,1,1,1,1,-1,-1,-1,1,-1,1,-1,-1,-1,-1,1,1,1,1,-1,-1,1,1,1,1,1,-1,-1,-1,1,1,-1,1,-1,-1,-1,1,1,1,1,-1,-1,1,1,1,1,-1,-1,1,1,-1,1,1,-1,-1,-1,1,1,1,1,1,-1,1,1,1,1,1,-1,-1,-1,1,-1,1,-1,-1,-1,-1,1,-1,1,1,-1,-1,-1,1,-1,1,1,-1,-1,-1,1,1,1,1,-1,-1,-1,1,-1,1,1,-1,-1,-1,1,1,-1,-1,-1,-1,-1,1,-1,1,-1,-1,-1,-1,-1,-1,-1,1,-1,-1,-1,1,-1,-1,1,-1,-1,-1,-1,-1,1,1,-1,-1,-1,-1,-1,1,-1,-1,-1,1,-1,-1,1,-1,1,-1,-1,-1,-1,-1,-1,-1,1,-1,-1,-1,1,1,1,-1,-1,-1,1,-1,-1,-1,-1,1,-1,-1,1,1,1,-1,1,-1,-1,1,-1,1,1,-1,1,-1,-1,1,1,-1,-1,-1,-1,-1,-1,1,1,-1,-1,1,-1,1,1,-1,-1,-1,-1,-1,1,1,-1,-1,1,1,-1,1,1,1,1,-1,-1,1,1,1,-1,-1,1,-1,-1,1,1,1,-1,1,-1,-1,1,1,-1,1,1,1,-1,1,1,-1,1,1,1,-1,1,1,1,1,1,1,-1,1,1,1,1,1,-1,-1,1,1,1,1,1,1,-1,1,-1,1,1,1,1,-1,-1,1,-1,1,1,1,-1,1,1,1,1,-1,1,-1,1,1,1,1,1,1,-1,-1,-1,1,1,1,-1,1,-1,1,1,1,1,-1,1,-1,1,1,1,-1,-1,1,-1,1,1,-1,1,-1,-1,-1,1,1,1,-1,1,-1,-1,1,1,1,-1,-1,-1,-1,1,1,1,-1,-1,1,-1,-1,1,1,-1,1,-1,-1,-1,1,1,-1,1,-1,-1,1,1,1,1,1,1,-1,-1,1,1,-1,-1,1,1,1,1,1,-1,1,-1,-1,1,1,-1,-1,1,-1,-1,-1,1,1,-1,1,1,1,1,1,-1,-1,1,-1,-1,-1,-1,-1,-1,1,-1,1,1,1,-1,1,1,-1,1,1,1,1,-1,1,-1,1,1,1,1,-1,1,-1,1,1,1,1,-1,1,-1,1,1,1,1,-1,1,-1,1,1,1,-1,-1,1,-1,-1,1,1,-1,-1,-1,1,-1,1,-1,1,-1,1,-1,-1,1,-2668.0,1,2000,445,0,False
1648,1,1,-1,-1,1,1,-1,-1,1,1,1,-1,1,1,1,1,-1,1,-1,-1,-1,-1,1,1,1,1,-1,-1,1,1,1,1,-1,-1,-1,-1,1,1,1,1,-1,-1,-1,1,1,1,1,-1,1,1,1,1,-1,1,-1,-1,1,-1,1,1,1,-1,-1,-1,1,1,1,1,-1,-1,-1,1,1,1,1,-1,-1,-1,1,1,1,-1,-1,-1,1,1,1,1,-1,-1,1,1,1,1,1,-1,-1,-1,1,-1,1,1,-1,-1,1,1,1,1,1,-1,-1,-1,1,-1,1,1,-1,-1,1,1,1,1,1,1,-1,-1,1,1,-1,1,1,-1,1,1,1,1,1,1,-1,1,1,1,1,1,1,-1,1,1,1,1,1,1,-1,-1,-1,1,1,1,1,-1,1,1,1,1,-1,1,-1,1,-1,1,1,1,-1,-1,1,1,1,1,1,-1,1,-1,-1,1,1,1,-1,1,1,1,1,-1,1,1,1,1,-1,1,-1,1,-1,1,1,-1,1,-1,1,1,-1,1,-1,1,-1,1,-1,1,1,-1,1,-1,1,1,1,1,-1,-1,1,1,-1,-1,1,-1,1,-1,1,1,-1,1,-1,1,-1,1,-1,1,1,-1,1,-1,1,1,-1,1,-1,1,1,1,-1,1,1,-1,-1,-1,1,-1,1,-1,1,-1,1,1,-1,1,-1,-1,-1,-1,1,-1,1,-1,-1,-1,1,1,-1,-1,1,1,-1,1,1,1,-1,1,1,-1,1,1,1,1,-1,1,-1,1,1,-1,1,-1,1,1,1,-1,1,1,1,1,-1,-1,1,-1,-1,-1,1,1,-1,1,1,1,-1,1,1,1,1,1,1,1,1,-1,1,1,1,-1,1,1,-1,1,1,1,-1,1,1,-1,-1,1,1,1,-1,1,-1,1,1,1,-1,1,1,-1,1,1,1,-1,1,1,-1,1,1,1,-1,1,1,1,-1,1,1,-1,1,1,-1,1,-1,1,-1,1,1,1,-1,1,1,1,-1,1,1,-1,1,1,-1,1,1,1,-1,-1,-1,-1,1,1,1,-1,1,1,-1,1,1,-1,-1,1,1,1,1,1,-1,1,1,1,-1,1,1,1,-1,-1,1,1,-1,-1,1,-1,1,-1,1,-1,1,1,-1,-1,-1,1,-1,-1,1,-1,1,-1,1,-1,1,1,1,-1,-1,1,-1,-1,1,-1,1,-1,1,-1,1,1,1,1,-1,-1,1,-1,1,1,-1,-1,1,1,1,-1,1,-1,-1,1,-1,-1,1,1,-1,-1,1,-1,1,1,-1,1,-1,1,-1,-1,1,-1,-1,1,1,-1,1,1,-1,-1,-1,1,-1,1,1,1,-1,1,-1,1,-1,1,-1,-1,-1,1,-1,1,1,1,-1,-1,1,-1,-1,1,-1,-1,-1,1,-1,-1,1,-1,-1,-1,1,-1,-1,1,-1,-1,-1,-1,1,-1,1,-1,-1,1,-1,1,-1,-1,1,1,1,-1,1,-1,1,-1,1,-1,1,-1,-1,-1,1,-1,-1,1,1,1,-1,1,-1,1,1,1,-1,1,1,-1,-1,-1,1,-1,-1,1,-1,-1,1,1,1,-1,1,-1,-1,1,1,-1,-1,1,-1,-1,1,1,-1,-1,1,-1,-1,-1,1,1,-1,1,-1,-1,-1,1,-1,-1,1,-1,1,-1,1,1,-1,-1,1,-1,-1,-1,-1,-1,1,1,1,-1,-1,1,-1,-1,1,-1,-1,1,-1,-1,-1,1,-1,-1,1,1,-1,1,1,-1,1,-1,1,-1,-1,1,1,-1,-1,-1,-1,1,1,-1,-1,1,-1,-1,-1,1,1,-1,-1,-1,-1,-1,1,-1,-1,-1,-1,-1,1,1,1,-1,-1,-1,-1,-1,1,1,-1,-1,-1,-1,-1,1,1,1,-1,-1,-1,-1,1,1,-1,-1,-1,-1,1,-1,1,1,1,-1,1,1,-1,1,1,1,-1,-1,1,1,1,-1,1,-1,1,1,1,1,-1,1,-1,-1,1,-1,1,-1,1,-1,-1,1,-1,1,-1,1,-1,-1,1,-1,1,-1,1,-1,-1,1,-1,1,1,1,-1,1,-1,-1,1,1,1,-1,-1,1,-1,-1,1,1,-1,-1,1,-1,1,-1,1,-1,-1,1,1,-1,1,1,-1,-1,1,1,-1,1,1,-1,-1,-1,-1,-1,-1,1,-1,-1,-1,-1,1,1,-1,-1,1,-1,-1,1,-1,1,-1,-1,-1,-1,-1,1,1,1,-1,-1,-1,1,1,1,-1,-1,-1,1,-1,-1,1,-1,1,-1,-1,1,1,1,-1,-1,-1,-1,1,-1,1,1,-1,1,-1,-1,1,1,-1,-1,-1,-1,-1,-1,1,1,-1,-1,1,-1,1,1,-1,-1,-1,1,-1,1,1,-1,-1,1,-1,-1,1,1,1,-1,1,-1,1,1,1,-1,-1,1,-1,-1,1,1,1,-1,1,-1,-1,1,1,-1,1,1,-1,-1,1,1,-1,1,1,-1,-1,1,1,-1,1,1,-1,-1,1,1,1,1,1,1,-1,1,1,1,1,1,-1,-1,1,-1,1,1,1,1,-1,-1,1,-1,1,1,1,-1,1,1,1,1,-1,1,-1,1,1,1,1,1,1,1,-1,-1,1,1,1,-1,1,-1,1,1,1,1,1,-1,1,1,1,1,-1,1,1,-1,1,1,-1,1,1,-1,-1,1,1,1,1,-1,1,-1,1,1,1,-1,-1,1,-1,1,1,1,-1,1,-1,-1,-1,1,1,-1,-1,1,-1,-1,1,1,-1,-1,1,-1,1,1,1,1,-1,1,-1,-1,1,1,-1,-1,-1,1,1,1,1,-1,1,1,-1,1,1,-1,-1,1,1,-1,-1,1,1,-1,1,1,1,1,1,-1,-1,-1,-1,-1,-1,-1,-1,-1,-1,1,1,1,1,-1,1,1,-1,1,1,1,1,-1,1,-1,1,1,1,-1,-1,1,-1,1,1,1,-1,-1,1,-1,1,1,1,-1,-1,1,-1,1,1,1,1,-1,1,-1,1,1,1,1,-1,-1,1,-1,1,1,1,-1,1,-1,1,1,-2668.0,1,2000,445,1000,False
1649,1,1,-1,-1,1,-1,-1,-1,1,1,1,-1,1,1,1,1,-1,1,-1,-1,1,-1,1,1,1,1,-1,-1,1,1,1,1,-1,-1,-1,-1,1,1,1,1,-1,-1,-1,1,1,1,1,-1,1,1,1,1,-1,1,-1,-1,1,-1,1,1,1,-1,-1,-1,1,1,1,1,-1,-1,-1,1,1,1,1,-1,-1,-1,1,1,1,-1,-1,-1,1,1,1,1,-1,-1,-1,1,1,1,1,-1,-1,1,1,-1,1,1,-1,-1,1,1,1,1,1,-1,-1,1,1,1,1,1,-1,-1,1,1,1,1,1,1,-1,1,1,1,-1,1,1,-1,1,1,1,1,1,1,-1,-1,1,1,1,1,1,-1,1,1,1,1,1,1,-1,-1,-1,1,1,1,1,-1,1,1,1,1,-1,1,-1,1,-1,1,1,1,-1,-1,1,1,1,1,1,-1,1,-1,-1,1,-1,1,-1,1,1,1,1,1,1,1,1,1,-1,1,-1,1,-1,1,1,-1,1,-1,1,1,-1,1,-1,1,-1,1,-1,1,1,-1,1,-1,1,1,1,1,-1,-1,1,1,-1,-1,1,-1,1,-1,-1,1,-1,1,-1,1,-1,1,-1,1,1,-1,-1,-1,1,1,-1,1,-1,1,1,1,-1,1,1,-1,1,-1,1,-1,1,-1,1,-1,1,1,-1,1,-1,-1,-1,1,1,-1,1,-1,-1,-1,1,1,-1,-1,1,1,-1,-1,1,1,-1,1,1,-1,1,1,1,1,-1,1,-1,1,1,-1,1,-1,1,1,-1,1,1,1,1,1,-1,-1,1,-1,-1,-1,1,1,-1,1,1,1,-1,1,-1,-1,1,1,1,-1,1,-1,1,1,1,-1,-1,1,-1,1,1,1,-1,1,1,-1,-1,1,1,1,-1,1,-1,1,1,1,-1,1,1,-1,1,1,1,-1,1,-1,-1,1,1,1,-1,1,-1,-1,-1,1,1,-1,1,-1,-1,1,-1,1,-1,1,1,-1,-1,1,1,1,-1,1,-1,-1,1,1,-1,1,-1,-1,-1,-1,-1,-1,1,1,-1,-1,1,1,-1,1,-1,-1,-1,1,1,1,1,-1,-1,1,1,1,-1,1,-1,-1,-1,-1,1,1,1,1,-1,-1,1,1,1,1,-1,-1,-1,-1,-1,1,-1,1,-1,1,-1,1,1,-1,-1,-1,1,1,-1,1,-1,1,-1,-1,1,-1,1,1,-1,-1,-1,1,-1,-1,1,1,-1,-1,1,-1,1,1,-1,1,-1,1,-1,-1,1,1,-1,1,1,-1,1,1,-1,-1,1,1,-1,1,-1,1,-1,1,-1,-1,1,-1,1,-1,1,-1,-1,1,-1,-1,-1,1,-1,-1,1,-1,1,-1,1,-1,-1,1,-1,-1,1,-1,1,-1,1,1,1,-1,1,1,-1,-1,1,1,-1,1,-1,-1,1,-1,1,1,1,1,-1,-1,1,1,-1,1,1,-1,-1,1,1,1,1,1,1,-1,1,1,1,-1,1,1,1,-1,-1,-1,1,-1,-1,1,1,1,-1,1,-1,1,-1,-1,-1,1,1,-1,1,1,-1,-1,-1,1,-1,1,1,-1,1,-1,1,-1,-1,-1,-1,-1,-1,1,-1,-1,-1,-1,-1,-1,1,-1,1,1,1,1,-1,1,-1,1,1,-1,-1,-1,1,-1,-1,1,-1,1,-1,-1,1,1,1,1,-1,-1,1,1,1,1,-1,1,-1,-1,1,1,1,-1,-1,-1,1,1,1,1,-1,-1,-1,1,-1,1,-1,1,-1,-1,-1,1,1,1,-1,-1,-1,-1,1,1,1,1,-1,-1,-1,1,1,1,1,-1,-1,-1,1,1,1,-1,-1,-1,1,1,1,1,1,-1,-1,-1,1,1,1,1,-1,-1,-1,1,1,-1,1,-1,-1,-1,1,1,1,1,-1,-1,1,1,1,1,1,-1,1,1,-1,1,1,-1,-1,-1,1,1,1,1,1,-1,1,1,1,1,1,1,-1,-1,1,-1,1,-1,-1,-1,-1,1,-1,1,1,-1,-1,-1,1,-1,1,1,-1,-1,-1,1,1,1,-1,1,-1,-1,1,-1,1,-1,-1,-1,-1,1,1,-1,-1,-1,-1,-1,1,-1,1,-1,-1,-1,-1,-1,-1,-1,1,-1,-1,-1,1,-1,-1,1,-1,-1,-1,-1,-1,-1,1,-1,-1,-1,-1,-1,1,-1,-1,-1,1,-1,-1,1,-1,1,-1,-1,-1,-1,-1,-1,-1,1,-1,-1,-1,1,1,-1,-1,-1,1,1,-1,-1,-1,-1,1,-1,-1,1,1,1,-1,-1,-1,-1,1,-1,1,1,-1,1,-1,-1,1,1,-1,-1,-1,-1,-1,-1,1,1,-1,-1,1,-1,1,1,-1,-1,-1,1,-1,-1,1,-1,-1,1,-1,-1,1,1,1,-1,1,-1,1,1,1,-1,-1,1,-1,-1,1,-1,1,-1,1,-1,-1,1,1,-1,1,1,-1,-1,1,1,-1,1,1,-1,-1,1,1,-1,1,1,-1,-1,1,1,1,1,1,1,-1,-1,1,1,1,1,-1,-1,1,-1,1,1,1,1,-1,-1,1,-1,1,1,1,-1,1,1,1,1,-1,1,-1,1,1,1,1,1,1,1,-1,1,1,1,1,-1,1,-1,1,1,1,1,1,-1,1,1,1,1,-1,1,1,-1,1,1,-1,1,1,-1,-1,1,1,1,1,-1,1,-1,1,1,1,-1,-1,1,-1,1,1,1,-1,1,-1,-1,-1,1,1,-1,-1,1,-1,-1,1,1,1,-1,1,-1,-1,1,1,1,-1,1,-1,-1,1,1,-1,-1,-1,1,-1,-1,1,-1,1,1,-1,1,1,-1,-1,1,1,-1,-1,1,1,-1,1,1,-1,1,1,-1,-1,-1,-1,1,-1,-1,-1,-1,1,-1,-1,1,1,-1,1,1,-1,1,1,1,1,-1,1,-1,1,1,1,1,-1,1,-1,-1,-1,1,1,-1,1,-1,1,1,1,1,-1,1,-1,1,1,-1,-1,-1,1,-1,-1,1,1,-1,-1,-1,1,-1,1,-1,1,-1,1,-1,-1,1,-2668.0,1,2000,445,1000,False
1650,1,1,-1,-1,1,-1,-1,-1,1,1,1,-1,1,1,1,1,-1,1,-1,-1,-1,-1,1,1,1,-1,-1,-1,1,1,1,1,-1,-1,-1,-1,1,-1,1,1,-1,-1,-1,1,1,1,1,-1,1,1,1,1,-1,1,-1,-1,1,-1,1,1,1,-1,-1,-1,1,1,1,1,-1,-1,-1,1,1,1,1,-1,-1,-1,1,1,1,-1,-1,-1,1,1,1,1,-1,-1,-1,1,1,1,1,-1,-1,1,1,-1,1,1,-1,-1,1,1,1,1,1,-1,-1,1,1,1,1,1,-1,-1,1,1,1,1,1,1,-1,-1,1,1,-1,1,1,-1,1,1,1,1,1,1,-1,-1,1,1,-1,1,1,-1,1,1,1,1,1,1,-1,-1,-1,1,1,1,1,-1,1,1,1,1,-1,1,-1,1,-1,1,1,1,-1,-1,1,1,1,1,1,-1,1,-1,-1,1,-1,1,-1,1,1,1,1,1,1,1,1,1,-1,1,-1,1,-1,1,1,-1,1,-1,1,1,-1,1,-1,1,-1,1,-1,1,1,-1,1,-1,1,1,1,1,-1,-1,1,1,-1,-1,1,-1,1,-1,-1,1,-1,1,-1,1,-1,1,-1,-1,1,-1,-1,-1,1,1,-1,1,-1,1,1,1,-1,1,1,-1,1,-1,1,-1,1,-1,1,-1,1,1,-1,1,-1,-1,-1,1,1,-1,1,-1,-1,-1,1,1,-1,-1,1,1,-1,-1,1,1,-1,1,1,-1,1,1,1,1,-1,1,-1,1,1,-1,1,-1,1,-1,1,1,1,1,1,1,-1,-1,1,-1,-1,-1,1,1,-1,1,1,1,-1,1,1,1,1,1,1,1,1,-1,1,1,1,-1,-1,1,-1,1,1,1,-1,1,1,-1,-1,1,1,1,-1,1,-1,1,1,1,-1,1,1,-1,1,1,1,-1,1,1,-1,1,1,1,-1,1,1,-1,-1,1,1,-1,1,1,-1,1,-1,1,-1,1,1,1,-1,1,1,1,1,1,1,-1,1,1,-1,1,1,1,-1,-1,-1,-1,1,1,1,-1,1,1,-1,1,1,-1,-1,1,1,1,1,1,-1,1,1,1,-1,1,1,1,1,-1,1,1,1,-1,1,-1,1,1,1,1,1,1,-1,-1,-1,1,-1,-1,1,1,-1,1,1,1,1,1,1,1,-1,1,-1,-1,1,-1,1,-1,1,1,1,1,1,1,-1,-1,1,-1,1,1,1,-1,1,1,1,-1,1,1,-1,-1,1,-1,1,1,1,-1,1,1,1,1,1,1,-1,1,-1,-1,1,1,1,-1,1,-1,1,1,1,-1,-1,1,-1,1,1,1,-1,-1,1,-1,-1,1,1,-1,-1,1,-1,1,1,1,1,-1,1,1,-1,1,1,1,-1,-1,1,-1,1,1,-1,-1,1,-1,-1,1,-1,1,-1,-1,1,-1,1,-1,1,-1,-1,1,-1,-1,1,1,1,-1,1,-1,1,-1,1,-1,1,-1,-1,-1,1,-1,-1,-1,1,1,-1,1,-1,1,1,1,-1,1,1,-1,-1,-1,1,-1,-1,1,-1,-1,1,1,1,-1,1,-1,-1,1,1,-1,-1,1,-1,-1,1,1,-1,-1,1,-1,-1,-1,1,1,-1,1,1,-1,-1,1,-1,-1,1,-1,1,-1,1,1,-1,-1,1,-1,-1,-1,-1,-1,1,1,1,-1,-1,1,-1,-1,1,-1,-1,1,-1,-1,1,1,-1,-1,1,-1,-1,1,1,-1,1,-1,-1,-1,-1,1,1,-1,-1,-1,-1,1,1,-1,-1,1,-1,-1,-1,1,1,-1,-1,-1,-1,-1,1,-1,-1,-1,-1,-1,1,1,1,-1,-1,-1,1,-1,1,1,-1,-1,-1,-1,-1,1,1,1,-1,-1,-1,-1,1,1,-1,-1,-1,-1,1,1,1,1,-1,-1,1,1,1,1,1,-1,-1,-1,1,1,1,1,1,-1,1,1,1,1,-1,1,-1,-1,1,-1,1,-1,1,-1,-1,1,-1,1,-1,-1,-1,-1,1,-1,1,-1,1,1,-1,1,-1,1,-1,1,1,-1,1,-1,1,-1,-1,-1,-1,1,1,-1,-1,-1,-1,-1,1,-1,1,-1,-1,-1,-1,-1,-1,-1,1,-1,-1,-1,1,-1,-1,1,-1,-1,-1,-1,-1,1,1,-1,-1,-1,-1,-1,1,-1,-1,-1,1,-1,-1,1,-1,1,-1,-1,-1,-1,-1,-1,-1,1,-1,-1,-1,1,1,-1,-1,-1,1,1,-1,-1,-1,-1,1,-1,-1,1,-1,1,-1,-1,-1,-1,1,-1,1,1,-1,1,-1,-1,1,1,-1,-1,-1,-1,-1,-1,1,1,-1,-1,1,-1,1,1,-1,-1,-1,1,-1,-1,1,-1,-1,1,-1,-1,1,1,1,-1,1,-1,1,1,1,-1,-1,1,-1,-1,1,1,1,-1,1,-1,-1,1,1,-1,1,1,-1,-1,1,1,1,1,1,-1,-1,1,1,-1,1,1,-1,-1,1,1,1,1,-1,1,-1,-1,1,1,1,1,-1,-1,1,-1,1,1,1,1,-1,-1,1,-1,1,1,1,-1,1,1,1,1,-1,1,-1,1,1,1,1,1,1,1,-1,1,1,1,1,-1,1,-1,1,1,1,1,1,-1,1,1,1,1,-1,1,1,-1,1,1,-1,1,1,-1,-1,1,1,1,1,-1,1,-1,1,1,1,-1,-1,1,-1,1,1,1,-1,1,-1,-1,-1,1,1,-1,-1,1,-1,-1,1,1,-1,-1,1,-1,-1,1,1,1,-1,1,-1,-1,1,1,-1,-1,-1,1,-1,-1,1,-1,1,1,-1,1,1,-1,-1,1,-1,-1,-1,1,1,-1,1,1,-1,1,1,-1,-1,1,-1,1,-1,-1,-1,-1,1,-1,-1,1,1,-1,1,1,-1,1,1,1,1,-1,1,-1,1,1,1,1,-1,1,-1,-1,-1,1,1,-1,1,-1,1,1,1,1,-1,1,-1,1,1,1,-1,-1,1,-1,-1,1,1,-1,-1,-1,1,-1,1,-1,1,-1,1,-1,-1,1,-2668.0,1,2000,445,1000,False
1651,1,1,-1,-1,1,-1,-1,-1,1,1,1,-1,1,1,-1,1,-1,1,-1,-1,-1,1,1,1,1,-1,-1,-1,1,1,1,1,-1,-1,-1,-1,1,-1,1,1,-1,-1,-1,1,1,1,1,-1,1,1,1,1,-1,1,-1,-1,1,-1,1,1,1,-1,-1,1,1,1,1,1,-1,-1,1,1,1,1,1,-1,-1,-1,1,1,1,-1,-1,-1,1,1,1,1,-1,-1,-1,1,1,1,1,-1,-1,1,1,-1,1,1,-1,-1,1,1,1,1,1,-1,-1,1,1,1,1,1,-1,-1,1,1,1,1,1,1,-1,-1,1,1,-1,1,1,-1,1,1,1,1,1,1,-1,-1,1,1,1,1,1,-1,1,1,1,1,1,1,-1,-1,-1,1,1,1,1,-1,1,-1,1,1,-1,1,-1,1,-1,1,1,1,-1,-1,1,1,1,1,1,-1,1,-1,-1,1,-1,1,-1,1,1,1,1,1,1,1,1,1,-1,1,-1,1,-1,1,1,-1,1,-1,1,1,-1,1,-1,1,-1,1,-1,1,1,-1,1,-1,1,1,1,1,-1,-1,1,1,-1,-1,1,-1,1,-1,-1,1,-1,1,-1,1,-1,1,-1,-1,1,-1,-1,-1,1,1,-1,1,-1,1,1,1,-1,1,1,-1,1,-1,1,-1,1,-1,1,-1,1,1,-1,1,-1,-1,-1,1,1,-1,1,-1,-1,-1,1,1,-1,-1,1,1,-1,-1,1,1,-1,1,1,-1,1,1,1,1,-1,1,-1,1,1,-1,1,-1,1,1,1,1,1,1,1,1,-1,-1,1,-1,-1,1,1,1,-1,1,1,1,-1,1,1,1,1,1,1,1,1,-1,1,1,1,-1,1,1,-1,1,1,1,-1,1,1,-1,-1,1,1,1,-1,1,-1,1,1,1,-1,1,1,-1,1,1,1,-1,1,1,-1,1,1,1,-1,1,1,-1,-1,1,1,-1,1,1,-1,1,-1,1,-1,1,-1,1,-1,1,1,1,-1,-1,1,-1,1,1,-1,1,1,1,-1,-1,-1,-1,1,1,1,-1,1,1,-1,1,1,-1,-1,1,1,1,1,1,-1,1,1,1,-1,1,1,1,1,-1,1,1,-1,-1,1,-1,1,-1,1,-1,1,1,-1,-1,-1,1,-1,1,1,-1,1,-1,1,-1,1,1,1,-1,-1,1,-1,-1,1,-1,1,-1,1,-1,-1,1,1,1,-1,-1,1,-1,1,1,-1,-1,1,1,1,-1,1,-1,-1,1,-1,-1,1,1,-1,-1,1,-1,1,1,-1,1,-1,1,-1,1,1,-1,-1,1,1,1,1,1,-1,-1,-1,1,-1,1,1,1,-1,1,-1,-1,-1,1,-1,-1,-1,1,-1,1,1,1,-1,-1,1,-1,-1,1,-1,-1,-1,-1,-1,-1,1,-1,-1,-1,1,-1,-1,1,-1,-1,-1,-1,1,-1,1,-1,-1,-1,-1,1,-1,-1,1,1,1,-1,1,-1,1,-1,1,1,1,-1,-1,1,1,-1,1,1,1,-1,1,1,-1,-1,1,1,-1,1,1,-1,1,-1,1,-1,-1,1,-1,-1,1,1,-1,-1,1,-1,-1,1,1,1,-1,1,-1,-1,1,1,-1,-1,1,-1,-1,-1,1,1,-1,1,1,-1,-1,1,1,-1,1,-1,1,-1,1,1,-1,-1,1,-1,-1,-1,-1,-1,1,1,1,-1,-1,1,-1,-1,1,-1,-1,1,-1,-1,1,1,-1,-1,1,-1,-1,1,1,-1,1,-1,-1,-1,-1,1,1,-1,-1,-1,-1,-1,1,-1,-1,1,-1,-1,-1,1,1,-1,-1,-1,-1,-1,1,-1,-1,-1,-1,-1,1,1,1,-1,-1,-1,-1,-1,1,1,-1,-1,-1,-1,-1,1,1,1,-1,-1,-1,-1,1,1,-1,-1,-1,-1,1,1,1,1,1,-1,1,1,1,1,1,1,-1,-1,1,1,1,-1,-1,-1,1,1,1,1,-1,1,-1,-1,1,-1,1,-1,1,-1,-1,1,-1,1,1,1,-1,-1,1,-1,1,-1,1,1,-1,1,-1,1,1,1,1,-1,1,-1,1,1,1,-1,-1,1,1,-1,1,1,-1,-1,1,-1,1,-1,1,-1,-1,-1,-1,-1,1,1,-1,-1,1,-1,-1,1,1,-1,-1,-1,-1,1,-1,1,-1,-1,-1,-1,1,1,-1,-1,1,-1,-1,1,-1,1,-1,-1,-1,-1,-1,1,1,1,-1,-1,-1,1,1,1,-1,-1,1,1,-1,-1,1,-1,1,-1,-1,1,1,1,-1,-1,-1,-1,1,-1,1,1,-1,1,-1,-1,1,1,-1,-1,-1,-1,-1,-1,1,1,-1,-1,1,-1,1,1,-1,-1,-1,1,-1,1,1,-1,-1,1,-1,-1,1,1,1,-1,1,-1,1,1,1,-1,-1,1,-1,-1,1,1,1,-1,1,-1,-1,1,1,-1,1,1,-1,-1,1,1,-1,1,1,-1,-1,1,1,-1,1,1,-1,-1,1,1,1,1,-1,1,-1,1,1,1,1,1,-1,-1,1,-1,1,1,1,1,-1,-1,1,-1,1,1,1,-1,1,1,1,1,-1,1,-1,1,1,1,1,1,1,1,-1,-1,1,1,1,-1,1,-1,1,1,1,1,1,-1,1,1,1,1,-1,1,1,-1,1,1,-1,1,1,-1,-1,1,1,1,1,-1,1,-1,1,1,1,-1,-1,1,-1,1,1,1,-1,1,-1,-1,-1,1,1,-1,-1,1,-1,-1,1,1,-1,-1,1,-1,1,1,1,1,-1,1,-1,-1,1,1,-1,-1,-1,1,1,-1,1,-1,1,1,-1,1,1,-1,-1,1,1,-1,-1,1,1,-1,1,1,1,1,1,-1,-1,-1,-1,-1,-1,-1,-1,-1,-1,1,1,1,1,-1,1,1,-1,1,1,1,1,-1,1,-1,1,1,1,1,-1,1,-1,1,1,1,1,-1,1,-1,1,1,1,1,-1,1,-1,1,1,1,-1,-1,1,-1,1,1,1,-1,-1,-1,1,-1,1,-1,1,-1,1,-1,1,1,-2668.0,1,2000,445,1000,False
1652,1,1,-1,-1,1,-1,-1,-1,1,1,1,-1,1,1,1,1,-1,1,-1,-1,1,-1,1,1,1,-1,-1,-1,1,1,1,1,-1,-1,-1,-1,1,1,1,1,-1,-1,-1,1,1,1,1,-1,1,1,1,1,-1,1,-1,-1,1,-1,1,1,1,-1,-1,-1,1,1,1,1,-1,-1,-1,1,1,1,1,-1,-1,-1,1,1,1,-1,-1,-1,1,1,1,1,-1,-1,-1,1,1,1,1,-1,-1,1,1,-1,1,1,-1,-1,1,1,1,1,1,-1,-1,1,1,1,1,1,-1,-1,1,1,1,1,1,1,-1,-1,1,1,-1,1,1,-1,1,1,1,1,1,1,-1,-1,1,1,1,1,1,-1,1,1,1,1,1,1,-1,-1,-1,1,1,1,1,-1,1,1,1,1,-1,1,-1,1,-1,1,1,1,-1,-1,1,1,1,1,1,-1,1,-1,-1,1,-1,1,-1,1,1,1,1,1,1,1,1,1,-1,1,-1,1,-1,1,1,-1,1,-1,1,1,-1,1,-1,1,-1,1,-1,1,1,-1,1,-1,1,1,1,1,-1,-1,1,1,-1,-1,1,-1,1,-1,-1,1,-1,1,-1,1,-1,1,-1,1,1,-1,1,-1,1,1,-1,1,-1,1,1,1,-1,1,1,-1,1,-1,1,-1,1,-1,1,-1,1,1,-1,1,-1,-1,-1,1,1,-1,1,-1,-1,-1,1,1,-1,-1,1,1,-1,-1,1,1,-1,1,1,-1,1,1,1,1,-1,1,-1,1,1,-1,1,-1,1,1,-1,1,1,1,1,1,-1,-1,1,-1,-1,1,1,1,-1,1,1,1,-1,1,-1,-1,1,1,1,-1,1,-1,1,1,1,-1,1,1,-1,1,1,1,-1,1,1,-1,-1,1,1,1,-1,1,-1,1,1,1,-1,1,1,-1,1,1,1,-1,1,-1,-1,1,1,1,-1,1,-1,-1,-1,1,1,-1,1,-1,-1,1,-1,1,-1,1,1,-1,-1,1,1,1,1,1,-1,-1,1,1,-1,1,-1,-1,-1,-1,-1,-1,1,1,-1,-1,1,1,-1,1,-1,-1,-1,1,1,1,1,1,-1,1,1,1,-1,1,-1,-1,-1,-1,1,1,1,1,-1,-1,1,1,1,1,-1,-1,-1,-1,-1,1,-1,1,-1,1,-1,1,1,1,-1,-1,1,1,-1,1,-1,1,-1,-1,1,-1,1,1,-1,-1,-1,1,-1,-1,1,1,-1,-1,1,-1,1,1,-1,1,-1,1,-1,-1,1,1,-1,-1,1,-1,1,1,-1,-1,1,1,-1,1,-1,1,-1,1,-1,-1,1,-1,1,-1,1,-1,-1,1,-1,-1,-1,1,-1,-1,1,-1,1,-1,1,-1,-1,1,-1,-1,1,-1,1,-1,1,-1,1,-1,1,1,-1,-1,-1,1,-1,1,-1,-1,1,-1,1,1,1,1,-1,-1,1,1,-1,1,1,1,-1,1,1,1,-1,1,1,-1,1,1,1,1,-1,1,1,-1,-1,-1,1,-1,-1,1,-1,1,-1,1,-1,1,-1,-1,-1,1,1,-1,1,1,-1,-1,-1,1,-1,1,1,-1,1,-1,1,-1,-1,-1,-1,-1,-1,1,-1,-1,-1,-1,-1,-1,1,-1,1,1,1,1,-1,1,-1,1,1,-1,-1,-1,1,-1,-1,1,-1,1,-1,-1,1,1,1,1,-1,-1,1,1,1,1,-1,1,-1,-1,1,1,1,-1,-1,-1,-1,1,1,1,-1,-1,-1,1,-1,1,-1,1,-1,-1,-1,1,1,1,-1,-1,-1,1,1,1,1,1,-1,-1,-1,1,1,1,1,-1,-1,-1,1,1,1,-1,-1,-1,1,1,1,1,1,-1,-1,-1,1,1,1,1,-1,-1,-1,1,1,-1,1,-1,-1,-1,1,1,1,1,-1,-1,1,1,1,1,-1,-1,1,1,-1,1,1,-1,-1,-1,1,1,1,1,1,-1,1,1,1,1,1,-1,-1,-1,1,-1,1,-1,-1,-1,-1,1,-1,1,1,-1,-1,-1,1,-1,1,1,-1,-1,-1,1,1,1,1,-1,-1,-1,1,-1,1,-1,-1,-1,-1,1,1,-1,-1,-1,-1,-1,1,-1,1,-1,-1,-1,-1,-1,-1,-1,1,-1,-1,-1,1,-1,-1,1,-1,-1,-1,-1,-1,-1,1,-1,-1,-1,-1,-1,1,-1,-1,-1,1,-1,-1,1,-1,1,-1,-1,-1,-1,-1,-1,-1,1,-1,-1,-1,1,1,1,-1,-1,1,1,-1,-1,-1,-1,1,-1,-1,1,-1,1,-1,-1,-1,-1,1,-1,1,1,-1,1,-1,-1,1,1,-1,-1,-1,-1,-1,-1,1,1,-1,-1,1,-1,1,1,-1,-1,-1,1,-1,-1,1,-1,-1,1,-1,-1,1,1,1,-1,1,-1,1,1,1,-1,-1,1,-1,-1,1,1,1,-1,1,-1,-1,1,1,-1,1,1,-1,-1,1,1,-1,1,1,-1,-1,1,1,-1,1,1,-1,-1,1,1,1,1,1,1,-1,-1,1,1,1,1,-1,-1,1,-1,1,1,1,1,-1,-1,1,-1,1,1,1,-1,1,1,1,1,-1,1,-1,1,1,1,1,1,1,1,-1,1,1,1,1,-1,1,-1,1,1,1,1,1,-1,1,1,1,1,-1,1,1,-1,1,1,-1,1,1,-1,-1,1,1,1,1,-1,1,-1,1,1,1,-1,-1,1,-1,1,1,1,-1,1,-1,-1,-1,1,1,-1,-1,1,-1,-1,1,1,-1,-1,1,-1,-1,1,1,1,-1,1,-1,-1,1,1,-1,-1,-1,1,-1,-1,1,-1,1,1,-1,1,1,-1,-1,1,-1,-1,-1,1,1,-1,1,1,-1,1,1,-1,-1,-1,-1,1,-1,-1,-1,-1,1,-1,-1,1,1,-1,1,1,-1,1,1,1,1,-1,1,-1,1,1,1,1,-1,1,-1,-1,1,1,1,-1,1,-1,1,1,1,1,-1,1,-1,1,1,-1,-1,-1,1,-1,-1,1,1,-1,-1,-1,1,-1,1,-1,1,-1,1,-1,-1,1,-2668.0,1,2000,445,1000,False
1653,1,1,-1,-1,1,1,-1,-1,1,1,1,-1,-1,1,1,1,-1,1,-1,-1,1,-1,1,1,1,-1,1,-1,1,1,1,1,-1,1,-1,-1,1,-1,1,1,-1,-1,-1,1,1,1,1,-1,1,1,1,1,-1,1,-1,-1,1,-1,1,1,1,-1,1,-1,1,1,1,1,-1,-1,-1,1,1,1,1,-1,1,-1,1,1,1,-1,-1,1,1,1,1,1,-1,-1,-1,1,1,1,1,-1,1,1,1,-1,1,1,-1,-1,1,1,1,1,1,-1,-1,1,1,1,1,1,-1,-1,1,1,1,1,1,1,-1,1,1,1,-1,1,1,-1,1,1,1,1,1,1,-1,1,1,1,1,1,1,-1,-1,1,1,1,1,1,-1,1,-1,1,1,1,1,-1,1,1,1,1,-1,1,-1,1,-1,1,1,1,-1,-1,1,1,1,1,1,-1,1,-1,-1,1,-1,1,-1,1,1,1,1,1,1,1,1,1,-1,1,-1,1,-1,1,1,-1,1,-1,1,1,-1,1,-1,1,-1,1,-1,1,1,-1,-1,-1,1,1,1,1,-1,-1,1,1,-1,-1,1,-1,1,-1,-1,1,-1,1,-1,1,-1,1,-1,1,1,-1,-1,-1,1,1,-1,1,-1,1,1,1,-1,1,1,-1,1,-1,1,-1,1,-1,1,-1,1,1,-1,1,-1,-1,-1,1,1,-1,1,-1,-1,-1,1,1,-1,-1,1,1,-1,-1,1,1,-1,1,1,-1,1,1,1,1,-1,1,-1,1,1,-1,1,-1,1,1,1,1,1,1,1,1,-1,-1,1,-1,-1,1,1,1,-1,1,1,1,-1,1,1,1,1,1,1,-1,1,-1,1,1,1,-1,-1,1,-1,1,1,1,-1,1,1,-1,-1,1,1,1,-1,1,-1,1,1,1,-1,1,1,-1,1,1,1,-1,1,1,-1,1,1,1,-1,1,1,-1,-1,1,1,-1,1,1,-1,1,-1,1,-1,1,-1,1,-1,1,1,1,1,-1,1,-1,1,1,-1,1,1,1,-1,-1,-1,-1,1,1,1,-1,1,1,-1,1,1,-1,-1,1,1,1,1,1,-1,1,1,1,-1,1,1,1,-1,-1,1,1,1,-1,1,-1,1,1,1,1,1,1,-1,-1,-1,1,-1,1,1,1,-1,1,1,1,1,1,1,1,-1,1,-1,-1,1,-1,1,-1,1,1,1,1,1,1,-1,-1,1,-1,1,1,1,-1,1,1,1,-1,1,1,-1,-1,1,-1,1,1,1,-1,1,1,1,1,1,1,-1,1,-1,-1,1,1,1,-1,1,-1,1,1,1,-1,-1,1,-1,1,1,1,-1,-1,1,-1,-1,1,1,-1,-1,1,-1,1,1,1,1,-1,1,1,-1,1,1,1,-1,-1,-1,-1,1,1,-1,-1,1,-1,-1,1,-1,1,-1,-1,1,-1,1,-1,1,-1,-1,1,-1,-1,1,1,1,-1,1,-1,1,-1,1,1,1,-1,-1,-1,1,-1,1,1,1,1,-1,1,-1,-1,1,1,-1,1,1,-1,-1,-1,1,-1,-1,1,-1,-1,1,1,1,-1,1,-1,-1,1,1,-1,-1,1,-1,-1,1,1,-1,-1,1,-1,-1,-1,1,1,-1,1,-1,-1,-1,1,-1,-1,1,-1,1,-1,1,1,-1,-1,1,-1,-1,-1,-1,-1,1,1,1,-1,-1,1,-1,-1,1,-1,-1,1,-1,-1,1,1,-1,-1,1,-1,-1,1,1,-1,1,-1,1,-1,-1,1,1,-1,-1,-1,-1,-1,1,-1,-1,1,-1,-1,-1,1,1,-1,-1,-1,-1,-1,1,-1,-1,-1,-1,-1,-1,1,1,-1,-1,-1,-1,1,1,1,-1,-1,-1,-1,-1,1,1,1,-1,-1,-1,-1,1,1,-1,-1,-1,-1,1,1,1,1,-1,-1,1,1,1,1,1,-1,-1,-1,1,1,1,1,1,-1,1,1,1,1,-1,1,-1,-1,1,-1,1,-1,1,-1,-1,1,-1,1,-1,-1,-1,-1,1,-1,1,-1,1,1,-1,1,-1,1,-1,1,1,-1,1,-1,1,-1,-1,-1,-1,1,1,-1,-1,-1,-1,-1,1,-1,1,-1,-1,-1,-1,-1,-1,-1,1,-1,-1,-1,1,-1,-1,1,-1,-1,-1,-1,-1,1,1,-1,-1,-1,-1,-1,1,-1,-1,-1,1,-1,-1,1,-1,1,-1,-1,-1,-1,-1,-1,-1,1,-1,-1,-1,1,1,-1,-1,-1,1,1,-1,-1,-1,-1,1,-1,-1,1,-1,1,-1,-1,-1,-1,1,-1,1,1,-1,1,-1,-1,1,1,-1,-1,-1,-1,-1,-1,1,1,-1,-1,1,-1,1,1,-1,-1,-1,1,-1,1,1,-1,-1,1,-1,-1,1,1,1,-1,1,-1,1,1,1,-1,-1,1,-1,-1,1,1,1,-1,1,-1,-1,1,1,-1,1,1,-1,-1,1,1,-1,1,1,-1,-1,1,1,-1,1,1,-1,-1,1,1,1,1,1,1,-1,-1,1,1,-1,1,-1,-1,1,-1,1,1,1,1,-1,-1,1,-1,1,1,1,-1,1,1,1,1,-1,1,-1,1,1,1,1,1,1,1,-1,1,1,1,1,-1,1,-1,1,1,1,1,1,-1,1,1,1,1,-1,1,1,-1,1,1,-1,1,1,-1,-1,1,1,1,1,-1,1,-1,1,1,1,-1,-1,1,-1,1,-1,1,-1,1,-1,-1,-1,1,1,-1,-1,1,-1,-1,1,-1,1,-1,1,-1,-1,-1,1,1,-1,1,-1,-1,1,1,-1,-1,-1,1,-1,1,-1,-1,1,1,-1,1,1,-1,-1,1,-1,-1,-1,-1,1,-1,1,1,-1,1,-1,1,-1,-1,-1,1,-1,-1,-1,-1,1,-1,-1,1,1,-1,1,1,-1,1,1,-1,-1,-1,1,-1,1,1,1,1,-1,1,-1,-1,1,1,-1,-1,1,-1,1,1,1,-1,-1,1,-1,1,1,-1,-1,-1,1,-1,-1,1,1,-1,-1,-1,1,-1,1,-1,1,-1,1,-1,-1,1,-2668.0,1,2000,445,1000,False
1654,1,1,-1,-1,1,1,-1,-1,1,1,1,-1,-1,1,1,1,-1,1,1,-1,-1,-1,1,1,1,1,-1,-1,1,1,1,1,-1,-1,-1,-1,1,-1,1,1,-1,-1,-1,1,1,1,1,-1,1,1,1,1,-1,1,-1,-1,1,-1,1,1,1,-1,-1,-1,1,1,1,1,-1,-1,-1,1,1,1,1,-1,-1,-1,1,1,1,-1,-1,-1,1,1,1,1,-1,-1,-1,1,1,1,1,-1,-1,1,1,-1,1,1,-1,-1,1,1,1,1,1,-1,-1,-1,1,1,1,1,-1,-1,1,1,1,1,1,1,-1,-1,1,1,-1,1,1,-1,1,1,1,1,1,1,-1,1,1,1,1,1,1,-1,1,1,1,1,1,1,-1,-1,-1,1,1,1,1,-1,1,1,1,1,-1,1,-1,1,-1,1,1,1,-1,-1,1,1,1,1,1,-1,1,-1,-1,1,-1,1,-1,1,1,1,1,1,1,1,1,1,-1,1,-1,1,-1,1,1,-1,1,-1,1,1,-1,1,-1,1,-1,1,-1,1,1,-1,1,-1,1,1,1,1,-1,-1,1,1,-1,-1,1,-1,1,-1,-1,1,-1,1,-1,1,-1,1,-1,1,1,-1,-1,-1,1,1,-1,1,-1,1,1,1,-1,1,1,-1,1,-1,1,-1,1,-1,1,-1,1,1,-1,1,-1,-1,-1,1,1,-1,1,-1,-1,-1,1,1,-1,-1,1,1,-1,-1,1,1,-1,1,1,-1,1,1,1,1,-1,1,-1,1,1,-1,1,-1,1,1,1,1,1,1,1,1,-1,-1,1,-1,-1,-1,1,1,-1,1,1,1,-1,1,1,1,1,1,1,-1,1,-1,1,1,1,-1,-1,1,-1,1,1,1,-1,1,1,-1,-1,1,1,1,-1,1,-1,1,1,1,-1,1,1,-1,1,1,1,-1,1,1,-1,1,1,1,-1,1,1,-1,-1,1,1,-1,1,1,-1,1,-1,1,-1,1,-1,1,-1,1,1,1,1,-1,1,-1,1,1,-1,1,1,1,-1,-1,-1,-1,1,1,1,-1,1,1,-1,1,1,-1,-1,1,1,1,1,1,-1,1,1,1,-1,1,1,1,1,-1,1,1,1,-1,1,-1,1,1,1,1,1,1,-1,-1,-1,1,-1,1,1,1,-1,1,1,1,1,1,1,1,-1,1,-1,-1,1,-1,1,-1,1,1,1,1,1,1,-1,-1,1,-1,1,1,1,-1,1,1,1,-1,1,1,-1,-1,1,-1,1,1,1,-1,1,1,1,1,1,1,-1,1,-1,1,1,1,-1,-1,1,-1,1,1,1,-1,-1,1,-1,1,1,1,-1,-1,1,-1,-1,1,1,-1,-1,1,-1,1,1,1,1,-1,1,-1,-1,1,1,1,-1,-1,-1,-1,1,1,-1,-1,1,-1,-1,1,-1,1,-1,-1,1,-1,1,-1,1,1,-1,1,-1,-1,1,1,1,-1,1,-1,1,-1,-1,1,1,-1,-1,-1,1,-1,1,-1,1,1,-1,1,-1,-1,1,1,-1,1,1,-1,-1,-1,1,-1,-1,1,-1,-1,1,1,1,-1,1,-1,-1,1,1,-1,-1,1,-1,1,1,1,-1,-1,1,-1,-1,-1,1,1,-1,1,-1,-1,-1,1,-1,-1,1,-1,1,-1,1,1,-1,-1,1,-1,-1,-1,-1,-1,1,1,1,-1,-1,1,-1,-1,1,-1,-1,1,-1,-1,1,1,-1,-1,1,-1,-1,1,1,-1,1,-1,-1,-1,-1,1,1,-1,-1,-1,-1,-1,1,-1,-1,1,-1,-1,-1,1,1,-1,-1,-1,-1,-1,1,-1,-1,-1,-1,-1,1,1,1,-1,-1,-1,-1,-1,1,1,-1,-1,-1,-1,-1,1,1,1,-1,-1,-1,-1,1,1,-1,-1,-1,-1,1,1,1,1,-1,-1,1,1,1,1,1,-1,-1,-1,1,1,1,-1,1,-1,1,1,1,1,-1,1,-1,-1,1,-1,1,-1,1,-1,-1,1,-1,1,-1,-1,-1,-1,1,-1,1,-1,1,1,-1,1,-1,1,-1,1,1,-1,1,-1,1,-1,-1,-1,-1,1,1,-1,-1,-1,-1,-1,1,-1,1,-1,-1,-1,-1,-1,-1,-1,1,-1,-1,-1,1,-1,-1,1,-1,-1,-1,-1,-1,-1,1,-1,-1,-1,-1,-1,1,-1,-1,-1,1,-1,-1,1,-1,1,-1,-1,-1,-1,-1,-1,-1,1,-1,-1,-1,1,1,1,-1,-1,1,1,-1,-1,-1,-1,1,-1,-1,1,-1,1,-1,-1,-1,-1,1,-1,1,1,-1,1,-1,-1,1,1,-1,-1,-1,-1,-1,-1,1,1,-1,-1,1,-1,1,1,-1,-1,-1,1,-1,1,1,-1,-1,1,-1,-1,1,1,1,-1,1,-1,1,1,1,-1,-1,1,-1,-1,1,1,1,-1,1,-1,-1,1,1,-1,1,1,-1,-1,1,1,-1,1,1,-1,-1,1,1,-1,1,1,-1,-1,1,1,1,1,1,1,-1,-1,1,-1,1,1,-1,-1,1,-1,1,1,1,1,-1,-1,1,-1,1,1,1,-1,1,1,1,1,-1,1,-1,1,1,1,1,1,1,1,-1,1,1,1,1,-1,1,-1,1,1,1,1,1,-1,1,1,1,1,-1,1,1,-1,1,1,-1,1,1,-1,-1,1,1,1,1,-1,1,-1,1,1,1,-1,-1,1,-1,1,1,1,-1,1,-1,-1,-1,1,1,-1,-1,1,-1,-1,1,1,-1,-1,1,-1,-1,1,1,1,-1,1,-1,-1,1,1,-1,-1,1,1,-1,1,1,-1,1,1,-1,1,1,-1,-1,1,-1,-1,-1,1,1,-1,1,1,-1,1,1,-1,-1,1,-1,1,-1,-1,-1,-1,1,-1,-1,1,1,-1,1,1,-1,1,1,1,1,-1,1,-1,1,1,1,-1,-1,1,-1,-1,1,1,-1,-1,1,-1,1,1,1,-1,-1,1,-1,1,1,1,1,-1,1,-1,-1,1,1,-1,-1,-1,1,-1,1,-1,1,-1,1,-1,-1,1,-2668.0,1,2000,445,1000,False
1655,1,1,-1,-1,1,-1,-1,-1,1,1,1,-1,1,1,1,1,-1,1,-1,-1,-1,-1,1,1,1,1,-1,-1,1,1,1,1,-1,-1,-1,-1,1,-1,1,1,-1,-1,-1,1,1,1,1,-1,1,1,1,1,-1,1,-1,-1,1,-1,1,1,1,-1,-1,-1,1,1,1,1,-1,1,-1,1,1,1,1,-1,-1,-1,1,1,1,-1,-1,-1,1,1,1,1,-1,1,-1,1,1,1,1,-1,-1,1,1,-1,1,1,-1,-1,1,1,1,1,1,-1,-1,1,1,-1,1,1,-1,-1,1,1,1,1,1,1,-1,1,1,1,-1,1,1,-1,1,1,1,1,1,1,-1,-1,1,1,1,1,1,-1,1,1,1,1,1,1,-1,-1,-1,1,1,1,1,-1,1,1,1,1,-1,1,-1,1,-1,1,1,1,-1,-1,1,1,1,1,1,-1,1,-1,-1,1,-1,1,-1,1,1,1,1,1,1,1,1,1,1,1,-1,1,-1,1,1,-1,1,-1,1,1,-1,1,-1,1,-1,1,-1,1,1,-1,1,-1,1,1,1,1,-1,-1,1,1,-1,-1,1,-1,1,-1,1,1,-1,1,-1,1,-1,1,-1,1,1,-1,-1,-1,1,1,-1,1,-1,1,1,1,-1,1,1,-1,1,-1,1,-1,1,-1,1,-1,1,1,-1,1,-1,-1,-1,1,1,-1,1,-1,-1,-1,1,1,-1,-1,1,1,-1,-1,1,1,-1,1,1,-1,1,1,1,1,-1,1,-1,1,1,-1,1,-1,1,1,-1,1,1,1,1,1,-1,-1,1,-1,-1,-1,1,1,-1,1,1,1,-1,1,-1,-1,1,1,1,-1,1,-1,1,1,1,-1,-1,1,-1,1,1,1,-1,1,1,-1,-1,1,1,1,-1,1,-1,1,1,1,-1,1,1,-1,1,1,1,-1,1,-1,-1,1,1,1,-1,1,-1,-1,-1,1,1,-1,1,-1,-1,1,-1,1,-1,1,1,-1,-1,1,1,1,-1,1,-1,-1,1,1,-1,1,-1,-1,-1,-1,-1,-1,1,1,-1,-1,1,1,-1,1,-1,-1,-1,1,1,1,1,-1,-1,1,1,1,-1,1,-1,-1,-1,-1,1,1,1,1,-1,-1,1,1,1,1,-1,-1,-1,-1,-1,1,-1,1,-1,1,-1,1,1,1,-1,-1,1,1,-1,1,-1,1,-1,-1,1,-1,1,1,-1,-1,-1,1,-1,-1,1,1,-1,-1,1,-1,1,1,-1,1,-1,1,-1,-1,1,1,-1,1,1,-1,1,1,-1,-1,1,1,-1,1,-1,1,-1,1,-1,-1,1,-1,1,-1,1,-1,-1,1,-1,-1,-1,1,-1,-1,1,-1,1,-1,1,-1,-1,1,-1,-1,1,-1,1,-1,1,1,1,-1,1,1,-1,-1,1,1,-1,1,-1,-1,1,-1,1,1,-1,1,-1,-1,1,1,-1,-1,1,-1,-1,1,1,1,1,1,1,-1,1,1,1,-1,1,1,1,-1,-1,-1,1,-1,-1,1,-1,1,-1,1,-1,1,-1,-1,-1,1,1,-1,1,1,-1,-1,-1,1,-1,1,1,-1,1,-1,1,-1,-1,-1,-1,-1,-1,1,-1,-1,-1,-1,-1,-1,1,-1,1,1,1,1,-1,1,-1,1,1,-1,-1,-1,1,-1,-1,1,-1,1,-1,-1,1,1,1,1,-1,-1,1,1,1,1,-1,1,-1,-1,1,1,1,-1,-1,-1,1,1,1,1,-1,1,-1,1,-1,1,-1,1,1,-1,-1,1,1,1,-1,-1,-1,-1,1,1,1,1,-1,-1,-1,1,1,1,1,-1,-1,-1,1,1,1,-1,-1,-1,1,1,1,1,1,-1,-1,-1,1,1,1,1,-1,-1,-1,1,1,-1,1,-1,-1,-1,1,1,1,1,-1,-1,1,1,1,1,1,-1,1,1,-1,1,1,-1,-1,-1,1,1,1,1,1,-1,1,1,1,1,1,1,-1,-1,1,-1,1,-1,1,-1,-1,1,-1,1,1,-1,-1,-1,1,-1,1,1,-1,1,-1,1,1,1,-1,1,1,-1,1,-1,1,-1,-1,-1,-1,1,1,-1,-1,-1,-1,-1,1,-1,1,-1,-1,-1,-1,-1,-1,-1,1,-1,-1,-1,1,-1,-1,1,-1,-1,-1,-1,-1,-1,1,-1,-1,-1,-1,-1,1,-1,-1,-1,1,-1,-1,1,-1,1,-1,-1,-1,-1,-1,-1,-1,1,-1,-1,-1,1,1,-1,-1,-1,-1,1,-1,-1,-1,-1,1,-1,-1,1,1,1,-1,-1,-1,-1,1,-1,1,1,-1,1,-1,-1,1,1,-1,-1,-1,-1,-1,-1,1,1,-1,-1,1,-1,1,1,-1,-1,-1,1,-1,1,1,-1,-1,1,-1,-1,1,1,1,-1,1,-1,1,1,1,-1,-1,1,-1,-1,1,1,1,-1,1,-1,-1,1,1,-1,1,1,-1,-1,1,1,-1,1,1,-1,-1,1,1,-1,1,1,-1,-1,1,1,1,1,1,1,-1,-1,1,1,1,1,-1,-1,1,-1,1,1,1,1,-1,-1,1,-1,1,1,1,-1,1,1,1,1,-1,1,-1,1,1,1,1,1,1,1,-1,1,1,1,1,-1,1,-1,1,1,1,1,1,-1,1,1,1,1,-1,1,1,-1,1,1,-1,1,1,-1,-1,1,1,1,1,-1,1,-1,1,1,1,-1,-1,1,-1,1,1,1,-1,1,-1,-1,-1,1,1,-1,-1,1,-1,-1,1,1,1,-1,1,-1,-1,1,1,1,-1,1,-1,-1,1,1,-1,-1,-1,1,-1,-1,1,-1,1,1,-1,1,1,-1,-1,1,-1,-1,-1,-1,1,-1,1,1,-1,1,1,-1,-1,-1,-1,1,-1,-1,-1,-1,1,-1,-1,1,1,-1,1,1,-1,1,1,1,1,-1,1,-1,1,1,1,1,-1,1,-1,-1,-1,1,1,-1,1,-1,1,1,1,1,-1,1,-1,1,1,1,-1,-1,1,-1,-1,1,1,-1,-1,-1,1,-1,1,-1,1,-1,1,-1,-1,1,-2668.0,1,2000,445,1500,False
1656,1,1,-1,-1,1,1,-1,-1,1,1,1,-1,-1,1,1,1,-1,1,-1,-1,-1,-1,1,1,1,1,-1,-1,1,1,1,1,-1,-1,-1,-1,1,1,1,1,-1,-1,-1,1,1,1,1,-1,1,1,1,1,-1,1,-1,-1,1,-1,1,1,1,-1,-1,-1,1,1,1,1,-1,-1,-1,1,1,1,1,-1,-1,-1,1,1,1,-1,-1,-1,1,1,1,1,-1,-1,-1,1,1,1,1,-1,-1,1,1,-1,1,1,-1,-1,1,1,1,1,1,-1,-1,1,1,1,1,1,-1,-1,1,1,1,1,1,1,-1,1,1,1,-1,1,1,-1,1,1,1,1,1,1,-1,-1,1,1,1,1,1,-1,1,1,1,1,1,1,-1,-1,-1,1,1,1,1,-1,1,1,1,1,-1,1,-1,1,1,1,1,1,-1,-1,1,1,1,1,1,-1,1,-1,-1,1,-1,1,-1,1,1,1,1,1,1,1,1,1,-1,1,-1,1,-1,1,1,-1,1,-1,1,1,-1,1,-1,1,-1,1,-1,1,1,-1,1,-1,1,1,1,1,-1,-1,1,1,-1,-1,1,-1,1,-1,-1,1,-1,1,-1,1,-1,1,-1,-1,1,-1,-1,-1,1,1,-1,1,-1,1,1,1,-1,1,1,-1,1,-1,1,-1,1,-1,1,-1,1,1,-1,1,-1,-1,-1,1,1,-1,1,-1,-1,-1,1,1,-1,-1,1,1,-1,-1,1,1,-1,1,1,-1,1,1,1,1,-1,1,-1,1,1,-1,1,-1,1,-1,1,1,1,1,1,1,-1,-1,1,-1,-1,-1,1,1,-1,1,1,1,-1,1,1,1,1,1,1,-1,1,-1,1,1,1,-1,-1,1,-1,1,1,1,-1,1,1,-1,-1,1,1,1,-1,1,-1,1,1,1,-1,1,1,-1,1,1,1,-1,1,1,-1,1,1,1,-1,1,1,-1,-1,1,1,-1,1,1,-1,1,-1,1,-1,1,-1,1,-1,1,1,1,-1,-1,1,-1,1,1,-1,1,1,1,-1,-1,-1,-1,1,1,1,-1,1,1,-1,1,1,-1,-1,1,1,1,1,1,-1,1,1,1,-1,1,1,1,-1,-1,1,1,1,-1,1,-1,1,1,1,1,1,1,-1,-1,-1,1,-1,1,1,1,-1,1,1,-1,1,1,1,1,-1,1,-1,-1,1,-1,1,-1,1,1,1,1,1,1,-1,-1,1,-1,1,1,1,-1,1,1,1,-1,1,1,-1,-1,1,-1,1,1,1,-1,1,1,1,1,1,1,-1,1,-1,1,1,1,-1,-1,1,-1,1,1,1,-1,-1,1,-1,1,1,1,-1,-1,1,-1,-1,1,1,-1,-1,1,-1,1,1,1,1,-1,1,1,-1,1,1,1,-1,-1,1,1,1,1,-1,-1,1,-1,-1,1,-1,1,-1,-1,1,-1,1,-1,1,-1,-1,1,-1,-1,1,1,1,-1,1,-1,1,-1,-1,-1,1,-1,-1,-1,1,-1,1,1,1,1,-1,1,-1,-1,1,1,-1,1,1,-1,-1,-1,1,-1,1,1,-1,-1,1,1,1,-1,1,-1,-1,1,1,-1,-1,1,-1,1,1,1,-1,-1,1,-1,-1,-1,1,1,-1,1,1,-1,-1,1,-1,-1,1,-1,1,-1,1,1,-1,-1,1,-1,-1,-1,-1,-1,-1,1,1,-1,-1,1,-1,1,1,-1,-1,1,-1,-1,1,1,-1,-1,1,-1,-1,1,1,-1,1,-1,-1,-1,-1,1,1,-1,-1,-1,-1,-1,1,-1,-1,1,-1,-1,-1,1,1,-1,-1,-1,-1,-1,1,-1,-1,-1,-1,-1,1,1,1,-1,-1,-1,-1,-1,1,1,-1,-1,-1,-1,-1,1,1,1,-1,-1,-1,-1,1,1,-1,-1,-1,-1,1,1,1,1,-1,-1,1,1,1,1,1,-1,-1,-1,1,1,1,-1,1,-1,1,1,1,1,-1,1,-1,-1,1,-1,1,-1,1,-1,-1,1,-1,1,-1,-1,-1,-1,1,-1,1,-1,1,-1,-1,1,-1,1,-1,1,-1,-1,1,-1,1,-1,-1,-1,-1,1,1,-1,-1,-1,-1,-1,1,-1,1,-1,-1,-1,-1,-1,-1,-1,1,-1,-1,-1,1,-1,-1,1,-1,-1,-1,-1,-1,1,1,-1,-1,-1,-1,-1,1,-1,-1,-1,1,-1,-1,1,-1,1,-1,-1,-1,-1,-1,-1,-1,1,-1,-1,-1,1,1,-1,-1,-1,1,-1,-1,-1,-1,-1,1,-1,-1,1,1,1,-1,-1,-1,-1,1,-1,1,1,-1,1,-1,-1,1,1,-1,-1,-1,-1,-1,-1,1,1,-1,-1,1,-1,1,1,-1,-1,-1,1,-1,1,1,-1,-1,1,-1,-1,1,1,1,-1,1,-1,1,1,1,-1,-1,1,-1,-1,1,1,1,-1,1,-1,-1,1,1,-1,1,1,-1,-1,1,1,-1,1,1,-1,-1,1,1,-1,1,1,-1,-1,1,1,1,1,-1,1,-1,-1,1,1,1,1,-1,-1,1,-1,1,1,1,1,-1,-1,1,-1,1,1,1,-1,1,1,1,1,-1,1,-1,1,1,1,1,1,1,1,-1,1,1,1,1,-1,1,-1,1,1,1,1,1,-1,1,1,1,1,-1,1,1,-1,1,1,-1,1,1,-1,-1,1,1,1,1,-1,1,-1,1,1,1,-1,-1,1,-1,1,1,1,-1,1,-1,-1,-1,1,1,-1,-1,1,-1,-1,1,1,-1,-1,1,-1,-1,1,1,1,-1,1,-1,-1,1,1,-1,-1,-1,1,-1,1,1,-1,1,1,-1,1,1,-1,-1,1,1,-1,-1,1,1,-1,1,1,-1,1,1,-1,-1,1,-1,1,-1,-1,-1,-1,1,-1,-1,1,1,-1,1,1,-1,1,1,1,1,-1,1,-1,1,1,1,1,-1,1,-1,1,-1,1,1,-1,1,-1,-1,1,1,1,-1,1,-1,1,1,1,-1,-1,1,-1,-1,1,1,-1,-1,-1,1,-1,1,1,1,-1,1,-1,-1,1,-2668.0,1,2000,445,1500,False
1657,1,1,-1,-1,1,1,-1,-1,1,1,1,-1,1,1,1,1,-1,1,-1,-1,-1,-1,1,1,1,-1,-1,-1,1,1,1,1,-1,-1,-1,-1,1,-1,1,1,-1,-1,-1,1,1,1,1,-1,1,1,1,1,-1,1,-1,-1,1,-1,1,1,1,-1,-1,-1,1,1,1,1,-1,-1,-1,1,1,1,1,-1,-1,-1,1,1,1,-1,-1,-1,1,1,1,1,-1,-1,-1,1,1,1,1,-1,-1,1,1,-1,1,1,-1,-1,1,1,1,1,1,-1,-1,1,1,-1,1,1,-1,-1,1,1,1,1,1,1,-1,-1,1,1,-1,1,1,-1,1,1,1,1,1,1,-1,-1,1,1,1,1,1,-1,1,1,1,1,1,1,-1,-1,-1,1,1,1,1,-1,1,1,1,1,-1,1,-1,1,-1,1,1,1,-1,-1,1,1,1,1,1,-1,1,-1,-1,1,-1,1,-1,1,1,1,1,1,1,1,1,1,1,1,-1,1,-1,1,1,-1,1,-1,1,1,-1,1,-1,1,-1,1,-1,1,1,-1,1,-1,1,1,1,1,-1,-1,1,1,-1,-1,1,-1,1,-1,-1,1,-1,1,-1,1,-1,1,-1,1,1,-1,-1,-1,1,1,-1,1,-1,1,1,1,-1,1,1,-1,1,-1,1,-1,1,-1,1,-1,1,1,-1,1,-1,-1,-1,1,1,-1,1,-1,-1,-1,1,1,-1,-1,1,1,-1,-1,1,1,-1,1,1,-1,1,1,1,1,-1,1,-1,1,1,-1,1,-1,1,1,-1,1,1,1,1,1,-1,-1,1,-1,-1,1,1,1,-1,1,1,1,-1,1,-1,-1,1,1,1,-1,1,-1,1,1,1,-1,1,1,-1,1,1,1,-1,1,1,-1,-1,1,1,1,-1,1,-1,1,1,1,-1,1,1,-1,1,1,1,-1,1,-1,-1,1,1,1,-1,1,-1,-1,-1,1,1,-1,1,-1,-1,1,-1,1,-1,1,1,-1,-1,1,1,1,-1,1,-1,-1,1,1,-1,1,-1,-1,-1,-1,-1,-1,1,1,-1,-1,1,1,-1,1,-1,1,-1,1,1,1,1,-1,-1,1,1,1,-1,1,-1,-1,-1,-1,1,1,1,1,-1,-1,1,1,1,1,-1,-1,-1,-1,-1,1,-1,1,-1,1,-1,1,1,1,-1,-1,1,1,-1,1,-1,1,-1,-1,1,-1,1,1,-1,-1,-1,1,-1,-1,1,1,-1,-1,1,-1,1,1,-1,1,-1,1,-1,-1,1,1,-1,1,1,-1,1,1,-1,-1,1,1,-1,1,-1,1,-1,1,-1,-1,1,-1,1,-1,1,-1,-1,1,-1,-1,-1,1,-1,-1,1,-1,1,-1,1,-1,-1,1,-1,-1,1,-1,1,-1,1,1,1,-1,1,1,-1,-1,-1,1,-1,1,-1,-1,1,-1,1,1,-1,1,-1,-1,1,1,-1,-1,1,-1,-1,1,1,1,1,1,1,-1,1,1,1,-1,-1,-1,1,-1,-1,-1,1,-1,-1,1,-1,1,-1,1,-1,1,-1,-1,-1,1,1,-1,1,1,-1,-1,-1,1,-1,1,1,-1,1,-1,1,-1,-1,-1,-1,-1,-1,1,-1,-1,-1,-1,-1,-1,1,-1,1,1,1,1,-1,1,-1,1,1,-1,-1,-1,1,-1,-1,1,-1,1,-1,-1,1,1,1,1,-1,-1,1,1,1,1,-1,1,-1,-1,1,1,1,-1,-1,-1,1,1,1,1,-1,1,-1,1,-1,1,-1,1,1,-1,-1,1,1,1,-1,-1,-1,-1,1,1,1,1,-1,-1,-1,1,1,1,1,-1,-1,-1,1,-1,1,-1,-1,-1,1,1,1,1,1,-1,-1,-1,1,1,1,-1,-1,-1,-1,1,1,-1,1,-1,-1,-1,1,1,1,1,-1,-1,1,1,1,1,1,-1,1,1,-1,1,1,-1,-1,-1,1,1,1,1,1,-1,1,1,1,1,1,1,-1,-1,1,-1,1,-1,1,-1,-1,1,-1,1,1,-1,-1,-1,1,-1,1,1,-1,1,-1,1,1,1,-1,1,1,-1,1,-1,1,-1,-1,-1,-1,1,1,-1,-1,-1,-1,-1,1,-1,1,-1,-1,-1,-1,-1,-1,-1,1,-1,-1,-1,1,-1,-1,1,-1,-1,-1,-1,-1,1,1,-1,-1,-1,-1,-1,1,-1,-1,-1,1,-1,-1,1,-1,1,-1,-1,-1,-1,-1,-1,-1,1,-1,-1,-1,1,1,-1,-1,-1,1,-1,-1,-1,-1,-1,1,-1,-1,1,-1,1,-1,-1,-1,-1,1,-1,1,1,-1,1,-1,-1,1,1,-1,-1,-1,-1,-1,-1,1,1,-1,-1,1,-1,1,1,-1,-1,-1,1,-1,1,1,-1,-1,1,-1,-1,1,1,1,-1,1,-1,1,1,1,-1,-1,1,-1,-1,1,1,1,-1,1,-1,-1,1,1,-1,1,1,-1,-1,1,1,-1,1,1,-1,-1,1,1,-1,1,1,-1,-1,1,1,1,1,1,1,-1,-1,1,1,1,1,-1,-1,1,-1,1,1,1,1,-1,-1,1,-1,1,1,1,-1,1,1,1,1,-1,1,-1,1,1,1,1,1,1,1,-1,1,1,1,1,-1,1,-1,1,1,1,1,1,-1,1,1,1,1,-1,1,1,-1,1,1,-1,1,1,-1,-1,1,1,1,1,-1,1,-1,1,1,1,-1,-1,1,-1,1,1,1,-1,1,-1,-1,-1,1,1,-1,-1,1,-1,-1,1,1,1,-1,1,-1,-1,1,1,1,-1,1,-1,-1,1,1,-1,-1,-1,1,-1,1,1,-1,1,1,-1,1,1,-1,-1,1,1,-1,-1,1,1,-1,1,1,-1,1,1,-1,-1,-1,-1,1,-1,-1,-1,-1,1,-1,-1,1,1,-1,1,1,-1,1,1,1,1,-1,1,-1,1,1,1,1,-1,1,-1,-1,1,1,1,-1,1,-1,1,1,1,1,-1,1,-1,1,1,1,-1,-1,1,-1,-1,1,1,-1,-1,-1,1,-1,1,-1,1,-1,1,-1,-1,1,-2668.0,1,2000,445,1000,False
1658,1,1,-1,-1,1,1,-1,-1,1,1,1,-1,-1,1,1,1,-1,1,-1,-1,1,-1,1,1,1,-1,-1,-1,1,1,1,1,1,-1,-1,-1,1,-1,1,1,-1,-1,-1,1,1,1,1,-1,1,1,1,1,-1,1,-1,-1,1,-1,1,1,1,-1,-1,-1,1,1,1,1,-1,-1,-1,1,1,1,1,-1,-1,-1,1,1,1,-1,-1,-1,1,1,1,1,-1,-1,-1,1,1,1,1,-1,-1,1,1,-1,1,1,-1,-1,1,1,1,1,1,-1,-1,1,1,1,1,1,-1,-1,1,1,1,1,1,1,-1,1,1,1,-1,1,1,-1,1,1,1,1,1,1,-1,-1,1,1,1,1,1,-1,1,1,1,1,1,1,-1,-1,-1,1,1,1,1,-1,1,1,1,1,-1,1,-1,1,-1,1,1,1,-1,-1,1,1,1,1,1,-1,1,-1,-1,1,1,1,-1,1,1,1,1,-1,1,1,1,1,-1,1,-1,1,-1,1,1,-1,1,-1,1,1,-1,1,-1,1,-1,1,-1,1,1,-1,1,-1,1,1,1,1,-1,-1,1,1,-1,-1,1,-1,1,-1,1,1,-1,1,-1,1,-1,1,-1,1,1,-1,-1,-1,1,1,-1,1,-1,1,1,1,-1,1,1,-1,-1,-1,1,-1,1,-1,1,-1,1,1,-1,1,-1,-1,-1,-1,1,-1,1,-1,-1,-1,-1,1,-1,-1,1,1,-1,1,1,1,-1,1,1,-1,1,1,1,1,-1,1,-1,1,1,-1,1,-1,1,-1,1,-1,1,1,1,1,-1,-1,1,-1,-1,-1,1,1,-1,1,1,1,-1,1,1,1,1,1,1,1,1,-1,1,1,1,-1,-1,1,-1,1,1,1,-1,1,1,-1,-1,1,1,1,-1,1,-1,1,1,1,-1,1,1,-1,1,1,1,-1,1,1,-1,1,1,1,-1,1,1,-1,-1,1,1,-1,1,1,-1,1,-1,1,-1,1,1,1,-1,1,1,1,1,1,1,-1,1,1,-1,1,1,1,-1,-1,-1,-1,1,1,1,-1,1,1,-1,1,1,-1,-1,1,1,1,1,1,-1,1,1,1,-1,1,1,1,-1,-1,1,1,1,-1,1,-1,1,1,1,1,1,1,-1,-1,-1,1,-1,-1,1,-1,1,-1,1,1,1,1,1,1,-1,1,-1,-1,1,-1,1,-1,1,1,1,1,1,1,-1,-1,1,-1,1,1,-1,-1,1,1,1,-1,1,1,-1,-1,1,-1,1,1,-1,-1,1,1,1,1,-1,1,-1,1,-1,-1,1,-1,-1,-1,1,-1,1,1,-1,-1,-1,1,-1,1,1,1,-1,-1,1,-1,-1,1,-1,-1,-1,1,-1,1,1,-1,1,-1,1,1,-1,1,-1,-1,-1,-1,1,-1,1,-1,-1,-1,1,1,-1,1,-1,-1,-1,-1,1,-1,1,-1,-1,-1,-1,1,-1,-1,1,1,1,-1,1,-1,1,1,1,-1,1,-1,-1,-1,1,-1,-1,-1,1,1,-1,1,-1,1,1,1,-1,1,1,-1,-1,-1,1,-1,-1,1,-1,-1,1,1,1,-1,1,-1,-1,1,1,-1,-1,1,-1,-1,1,1,-1,-1,1,-1,-1,-1,1,1,-1,1,1,-1,-1,1,-1,-1,1,-1,1,-1,1,1,-1,-1,1,-1,-1,-1,-1,-1,1,1,1,-1,-1,1,-1,-1,1,-1,-1,1,-1,-1,1,1,-1,-1,1,-1,-1,1,1,-1,1,-1,-1,-1,-1,1,1,-1,-1,-1,-1,1,1,-1,-1,1,-1,-1,-1,1,1,-1,-1,-1,-1,-1,1,-1,-1,-1,-1,-1,1,1,1,-1,-1,-1,-1,-1,1,1,-1,-1,-1,-1,-1,1,1,1,-1,-1,-1,-1,1,1,-1,-1,-1,-1,1,-1,1,1,1,-1,1,1,-1,1,1,1,-1,-1,1,1,1,1,-1,-1,1,1,1,1,-1,1,-1,-1,1,-1,1,-1,1,-1,-1,1,-1,1,1,1,-1,-1,1,-1,1,-1,1,1,-1,1,-1,1,1,1,1,1,-1,-1,1,1,1,-1,-1,1,-1,-1,1,1,-1,-1,1,-1,1,-1,1,-1,-1,1,1,-1,1,1,-1,-1,1,1,-1,1,1,-1,-1,-1,-1,1,-1,1,-1,-1,-1,-1,1,-1,-1,-1,1,-1,-1,1,-1,1,-1,-1,-1,-1,-1,-1,1,1,-1,-1,-1,1,1,1,-1,-1,-1,1,-1,-1,1,-1,1,-1,-1,1,1,1,-1,-1,-1,-1,1,-1,1,1,-1,1,-1,-1,1,1,-1,-1,-1,-1,-1,-1,1,1,-1,-1,1,-1,1,1,-1,-1,-1,1,-1,1,1,-1,-1,1,-1,-1,1,1,1,-1,1,-1,1,1,1,-1,-1,1,-1,-1,1,1,1,-1,1,-1,-1,1,1,-1,1,1,-1,-1,1,1,-1,1,1,-1,-1,1,1,1,1,1,-1,-1,1,1,1,1,1,1,-1,-1,1,1,-1,1,-1,-1,1,-1,1,1,1,1,-1,-1,1,-1,1,1,1,-1,1,1,1,1,-1,1,-1,1,1,1,1,1,1,1,-1,1,1,1,1,-1,1,-1,1,1,1,1,1,-1,1,1,1,1,-1,1,1,-1,1,1,-1,1,1,-1,-1,1,1,1,1,-1,1,-1,1,1,1,-1,-1,1,-1,1,1,1,-1,1,-1,-1,-1,1,1,-1,-1,1,-1,-1,1,1,1,-1,1,-1,-1,1,1,1,-1,1,-1,-1,1,1,-1,-1,-1,1,-1,1,1,-1,1,1,-1,1,1,-1,-1,1,-1,-1,-1,1,1,-1,1,1,-1,1,1,-1,-1,-1,-1,1,-1,-1,-1,-1,1,-1,-1,1,1,-1,1,1,-1,1,1,1,1,-1,1,-1,1,1,1,1,-1,1,-1,-1,-1,1,1,-1,1,-1,1,1,1,1,-1,1,-1,1,1,-1,-1,-1,1,-1,-1,1,1,-1,-1,-1,1,-1,1,-1,1,-1,1,-1,-1,1,-2668.0,1,2000,445,1000,False
1659,1,1,-1,-1,1,-1,-1,-1,1,1,1,-1,1,1,1,1,-1,1,-1,-1,-1,-1,1,1,1,-1,1,-1,1,1,1,1,1,-1,-1,-1,1,1,1,1,-1,-1,-1,1,1,1,1,-1,1,1,1,1,-1,1,-1,-1,1,-1,1,1,1,-1,-1,-1,1,1,1,1,-1,-1,-1,1,1,1,1,-1,-1,-1,1,1,1,-1,-1,-1,1,1,1,1,-1,-1,1,1,1,1,1,-1,-1,-1,1,-1,1,1,-1,-1,1,1,1,1,1,-1,-1,-1,1,1,1,1,-1,-1,1,1,1,1,1,1,-1,-1,1,1,-1,1,1,-1,1,1,1,1,1,1,-1,1,1,1,1,1,1,-1,1,1,1,1,1,1,-1,-1,-1,1,1,1,1,-1,1,1,1,1,-1,1,-1,1,-1,1,1,1,-1,-1,1,1,1,1,1,-1,1,-1,-1,1,-1,1,-1,1,1,1,1,1,1,1,1,1,1,1,-1,1,-1,1,1,-1,1,-1,1,1,-1,1,-1,1,-1,1,-1,1,1,-1,1,-1,1,1,1,1,-1,-1,1,1,-1,-1,1,-1,1,-1,-1,1,-1,1,-1,1,-1,1,-1,1,1,-1,-1,-1,1,1,-1,1,-1,1,1,1,-1,1,1,-1,-1,-1,1,-1,1,-1,1,-1,1,1,-1,1,-1,-1,-1,1,1,-1,1,-1,-1,-1,1,1,-1,-1,1,1,-1,-1,1,1,-1,1,1,-1,1,1,1,1,-1,1,-1,1,1,-1,1,-1,1,-1,1,1,1,-1,-1,1,-1,-1,1,-1,-1,-1,1,1,-1,1,1,1,-1,1,1,1,1,1,1,1,1,-1,1,1,1,1,-1,1,-1,1,1,1,-1,1,1,-1,-1,1,1,1,-1,1,-1,1,1,1,-1,1,1,-1,1,1,1,-1,1,1,-1,1,1,1,1,1,1,-1,-1,1,1,-1,1,1,-1,1,-1,1,-1,1,-1,1,-1,1,1,1,1,-1,1,-1,1,1,-1,1,1,1,-1,-1,-1,-1,1,-1,1,-1,1,1,-1,1,1,-1,-1,1,1,1,1,1,-1,1,1,1,-1,1,1,1,1,-1,1,1,1,-1,1,-1,1,1,1,1,1,1,-1,-1,-1,1,-1,1,1,-1,1,-1,1,1,1,1,1,-1,-1,1,-1,-1,1,-1,1,-1,1,1,1,1,1,1,-1,-1,1,-1,1,1,-1,-1,1,1,1,-1,1,-1,-1,-1,1,-1,1,-1,-1,-1,1,1,1,1,-1,1,-1,1,-1,1,1,-1,-1,1,1,-1,-1,1,-1,-1,-1,1,-1,1,1,-1,-1,-1,1,-1,-1,1,1,-1,-1,1,-1,1,-1,1,-1,-1,1,-1,-1,-1,1,-1,-1,1,-1,1,-1,1,-1,-1,1,-1,-1,1,1,-1,-1,-1,1,-1,1,1,-1,-1,1,1,-1,-1,1,1,1,-1,1,-1,1,-1,1,-1,1,-1,-1,-1,1,-1,1,1,1,1,-1,1,-1,-1,1,1,-1,1,1,-1,-1,-1,1,-1,-1,1,-1,-1,1,1,1,-1,1,-1,-1,1,1,-1,-1,1,-1,1,1,1,-1,-1,1,-1,-1,-1,1,1,-1,1,1,-1,-1,1,-1,-1,1,-1,1,-1,1,1,-1,-1,1,-1,-1,-1,-1,-1,1,1,1,-1,1,1,-1,-1,1,-1,1,-1,-1,-1,1,1,-1,-1,-1,-1,-1,1,1,-1,1,1,-1,-1,-1,1,1,-1,-1,-1,-1,1,1,-1,-1,1,-1,-1,-1,1,1,-1,-1,-1,-1,-1,1,-1,-1,1,-1,-1,1,1,1,-1,-1,-1,-1,-1,1,1,-1,1,-1,-1,-1,1,1,1,-1,-1,-1,-1,1,1,-1,1,-1,-1,1,1,1,1,-1,-1,1,1,1,1,1,-1,-1,-1,1,1,1,-1,1,-1,1,1,1,1,-1,1,-1,-1,1,-1,1,1,-1,-1,-1,1,-1,1,-1,-1,-1,-1,1,-1,1,-1,1,-1,-1,1,-1,1,1,-1,-1,-1,1,-1,1,1,1,-1,-1,1,1,-1,1,1,-1,-1,1,-1,1,-1,1,-1,-1,-1,-1,-1,1,1,-1,-1,1,-1,-1,1,1,-1,-1,-1,-1,-1,-1,1,-1,-1,-1,-1,-1,1,-1,-1,1,-1,-1,1,-1,1,-1,-1,-1,-1,-1,1,1,1,-1,-1,-1,1,1,1,-1,-1,1,-1,-1,-1,1,-1,1,-1,-1,1,1,1,-1,-1,-1,-1,1,-1,1,1,-1,1,-1,-1,1,1,-1,-1,-1,-1,-1,-1,1,1,-1,-1,1,-1,1,1,-1,-1,-1,1,-1,1,1,-1,-1,1,-1,-1,1,1,1,-1,1,-1,1,1,1,-1,-1,1,-1,-1,1,1,1,-1,1,-1,-1,1,1,-1,1,1,-1,-1,1,1,-1,1,1,-1,-1,1,1,1,1,1,-1,-1,1,1,1,1,1,1,-1,-1,1,1,1,1,-1,-1,1,-1,1,1,1,1,-1,-1,1,-1,1,1,1,-1,1,-1,1,1,-1,1,-1,1,1,1,1,1,1,1,-1,-1,1,1,1,-1,1,-1,1,1,1,1,1,-1,1,-1,1,1,-1,-1,1,-1,-1,1,-1,1,1,-1,-1,1,1,1,-1,1,1,-1,-1,1,1,-1,-1,1,-1,1,1,1,-1,1,-1,-1,-1,1,1,-1,-1,1,-1,-1,1,1,-1,-1,1,-1,-1,1,1,1,1,-1,-1,-1,1,1,-1,-1,-1,1,-1,-1,1,-1,1,1,-1,1,1,-1,-1,1,-1,-1,-1,1,1,-1,1,1,-1,1,1,-1,-1,-1,-1,1,-1,-1,-1,-1,1,-1,-1,1,1,-1,1,1,-1,1,1,1,1,-1,1,-1,1,1,1,-1,-1,1,-1,-1,1,1,-1,-1,1,-1,1,1,1,-1,-1,1,-1,1,1,1,1,-1,1,-1,-1,1,1,1,-1,-1,1,-1,1,1,1,-1,1,-1,-1,1,-2668.0,1,2000,445,1500,False
1660,1,1,-1,-1,1,1,-1,-1,1,1,1,-1,1,1,1,1,-1,1,-1,-1,-1,1,1,1,1,-1,1,-1,1,1,1,1,-1,-1,-1,-1,1,1,1,-1,-1,-1,-1,1,1,1,1,-1,1,1,1,1,-1,1,-1,-1,1,-1,1,1,1,-1,-1,1,1,1,1,1,-1,-1,1,1,1,1,1,-1,-1,-1,1,1,1,-1,-1,-1,1,1,1,1,-1,-1,-1,1,1,1,1,-1,-1,1,1,-1,1,1,-1,-1,1,1,1,1,1,-1,-1,-1,1,1,1,1,-1,-1,1,1,1,1,1,1,-1,-1,1,1,-1,1,1,-1,1,1,1,1,1,1,-1,1,1,1,1,1,1,-1,1,1,1,1,1,1,-1,-1,-1,1,1,1,1,-1,1,1,1,1,-1,1,-1,1,-1,1,1,1,-1,-1,1,1,1,1,1,-1,1,-1,-1,1,-1,1,-1,1,1,1,1,1,1,1,1,1,-1,1,-1,1,-1,1,1,-1,1,-1,1,1,-1,1,-1,1,-1,1,-1,1,1,-1,1,-1,1,1,1,1,-1,-1,1,1,-1,-1,1,-1,1,-1,1,1,-1,1,-1,1,-1,1,-1,1,1,-1,-1,-1,1,1,-1,1,-1,1,1,1,-1,1,1,-1,1,-1,1,-1,1,-1,1,-1,1,1,-1,1,-1,-1,-1,1,1,-1,1,-1,-1,-1,1,1,-1,-1,1,1,-1,-1,1,1,-1,1,1,-1,1,1,1,1,-1,1,-1,1,1,-1,1,-1,1,1,1,1,1,1,1,1,-1,-1,1,-1,-1,1,1,1,-1,1,1,1,-1,1,1,1,1,1,1,1,1,-1,1,1,1,-1,1,1,-1,1,1,1,-1,1,1,-1,-1,1,1,1,-1,1,-1,1,1,1,-1,1,1,-1,1,1,1,-1,1,1,-1,1,1,1,-1,1,1,-1,-1,1,1,-1,1,1,-1,1,-1,1,-1,1,1,1,-1,1,1,1,-1,1,1,-1,1,1,-1,1,1,1,-1,-1,-1,-1,1,1,1,-1,1,1,-1,1,1,-1,-1,1,1,1,1,1,-1,1,1,1,-1,1,1,1,1,-1,1,1,1,-1,1,-1,1,1,1,1,1,1,-1,-1,-1,1,-1,-1,1,1,-1,1,1,-1,1,1,1,1,-1,1,-1,-1,1,-1,1,-1,1,1,1,1,1,1,-1,-1,1,-1,1,1,1,-1,1,1,1,-1,1,1,-1,-1,1,-1,1,1,1,-1,1,1,1,1,1,1,-1,1,-1,-1,1,1,-1,-1,1,-1,-1,1,1,-1,-1,1,-1,1,1,1,-1,-1,1,-1,-1,1,1,-1,-1,1,-1,1,1,1,1,-1,1,1,-1,-1,1,1,-1,-1,1,1,-1,1,-1,-1,1,-1,-1,1,-1,1,-1,-1,1,-1,1,-1,1,1,-1,1,-1,-1,1,1,1,-1,1,-1,1,-1,-1,-1,1,-1,-1,-1,1,-1,-1,-1,1,-1,1,1,-1,1,1,1,-1,1,1,-1,-1,-1,1,-1,-1,1,-1,-1,1,1,-1,-1,1,-1,-1,1,1,1,-1,1,-1,-1,1,1,-1,-1,1,-1,-1,-1,1,1,-1,1,-1,-1,-1,1,-1,-1,1,-1,1,-1,1,1,-1,-1,1,-1,-1,-1,-1,-1,1,1,1,-1,1,1,-1,-1,1,-1,-1,-1,-1,-1,1,1,-1,-1,-1,-1,-1,1,1,-1,1,1,-1,-1,-1,1,1,-1,-1,-1,-1,-1,1,-1,-1,1,-1,-1,-1,1,1,-1,-1,-1,-1,-1,1,-1,-1,1,-1,-1,1,1,1,-1,1,-1,-1,-1,1,1,-1,-1,-1,-1,-1,1,1,1,-1,-1,-1,-1,1,1,-1,-1,-1,-1,1,1,1,1,-1,-1,1,1,1,1,1,-1,-1,-1,1,1,1,-1,1,-1,1,1,1,1,-1,1,-1,-1,1,-1,1,-1,1,-1,-1,1,-1,1,-1,-1,-1,-1,1,-1,1,-1,1,-1,-1,1,-1,1,-1,1,-1,-1,1,-1,1,-1,-1,-1,-1,1,1,-1,-1,-1,-1,-1,1,-1,1,-1,-1,-1,-1,-1,-1,-1,1,-1,-1,-1,1,-1,-1,1,-1,-1,-1,-1,-1,-1,1,-1,-1,-1,-1,-1,1,-1,-1,-1,1,-1,-1,1,-1,1,-1,-1,-1,-1,-1,-1,-1,1,-1,-1,-1,1,1,1,-1,-1,-1,1,-1,-1,-1,-1,1,-1,-1,1,-1,1,-1,-1,-1,-1,1,-1,1,1,-1,1,-1,-1,1,1,-1,-1,-1,-1,-1,-1,1,1,-1,-1,1,-1,1,1,1,-1,-1,1,-1,1,1,-1,-1,1,-1,-1,1,1,1,-1,1,-1,1,1,1,-1,-1,1,-1,-1,1,1,1,-1,1,-1,-1,1,1,-1,1,1,-1,-1,1,1,1,1,1,-1,-1,1,1,-1,1,1,-1,-1,1,1,1,1,1,1,-1,-1,1,1,1,1,-1,-1,1,-1,1,1,1,1,-1,-1,1,-1,1,1,1,-1,1,1,1,1,-1,1,-1,1,1,1,1,1,1,1,-1,1,1,1,1,-1,1,-1,1,1,1,1,1,-1,1,1,1,1,-1,1,1,-1,1,1,-1,1,1,-1,-1,1,1,1,1,-1,1,-1,1,1,1,-1,-1,1,-1,1,1,1,-1,1,-1,-1,-1,1,1,-1,-1,1,-1,-1,1,1,1,-1,1,-1,-1,-1,1,1,-1,1,-1,-1,1,1,-1,-1,-1,1,-1,-1,1,-1,1,1,-1,1,1,-1,-1,1,1,-1,-1,1,1,-1,1,1,-1,1,1,-1,-1,-1,-1,1,-1,-1,-1,-1,-1,-1,-1,1,1,-1,1,1,-1,1,1,1,1,-1,1,-1,1,1,1,-1,-1,1,-1,1,-1,1,-1,-1,1,-1,-1,1,1,-1,-1,1,-1,1,1,1,1,-1,1,-1,-1,1,1,-1,-1,-1,1,-1,1,-1,1,-1,1,-1,-1,1,-2668.0,1,2000,445,1000,False
1661,1,1,-1,-1,1,1,-1,1,1,1,1,-1,1,1,1,1,-1,1,-1,-1,-1,1,1,1,1,-1,-1,-1,1,1,1,1,-1,-1,-1,1,-1,1,1,1,-1,-1,1,1,1,1,1,-1,1,-1,1,1,-1,1,-1,-1,-1,-1,1,1,1,-1,-1,-1,1,1,1,1,-1,-1,1,-1,1,1,1,-1,-1,1,1,1,1,-1,-1,-1,-1,1,1,1,-1,-1,-1,1,-1,1,1,-1,-1,1,-1,1,1,1,-1,-1,1,-1,-1,1,1,-1,-1,1,-1,-1,1,1,-1,-1,1,-1,-1,1,1,1,-1,1,-1,-1,1,1,1,-1,1,-1,-1,1,1,1,-1,-1,-1,-1,1,1,1,-1,1,-1,-1,-1,1,1,-1,-1,1,-1,-1,1,1,-1,1,1,-1,-1,1,1,-1,1,1,-1,1,1,-1,-1,1,-1,-1,1,1,-1,1,-1,1,-1,1,1,-1,1,1,-1,-1,-1,1,1,1,1,1,-1,1,1,-1,1,1,1,-1,1,1,1,-1,1,1,-1,1,1,-1,1,1,1,-1,1,1,1,1,1,1,1,-1,1,-1,-1,1,1,-1,-1,1,1,-1,1,1,-1,-1,1,-1,1,1,1,1,-1,1,1,-1,1,1,-1,1,1,-1,1,1,1,-1,-1,1,-1,1,-1,1,1,1,1,-1,1,-1,1,1,1,1,-1,1,-1,1,1,1,1,-1,-1,1,1,1,1,1,1,-1,1,1,-1,-1,1,1,-1,-1,1,1,1,1,-1,1,-1,1,1,1,-1,1,-1,-1,1,1,1,1,-1,1,-1,1,-1,1,1,1,1,-1,1,1,1,1,1,-1,-1,1,1,1,1,1,1,-1,1,1,1,1,1,-1,1,1,1,-1,1,1,-1,-1,1,1,-1,1,1,1,1,1,-1,1,1,1,1,1,1,1,-1,1,1,1,1,1,1,-1,1,1,1,1,1,1,1,-1,1,-1,1,-1,1,-1,1,1,1,1,-1,1,1,-1,1,-1,1,1,1,-1,-1,-1,-1,1,1,1,-1,1,1,-1,1,1,-1,1,-1,1,1,1,1,-1,1,1,1,-1,1,1,1,1,-1,1,-1,-1,-1,1,-1,1,-1,-1,1,1,1,-1,-1,-1,1,-1,1,1,-1,1,-1,-1,1,1,1,1,-1,-1,-1,-1,-1,1,-1,1,-1,-1,-1,-1,-1,1,1,-1,-1,1,-1,1,1,-1,-1,1,-1,1,1,1,-1,-1,-1,1,-1,1,-1,-1,-1,1,-1,1,1,-1,1,-1,-1,1,1,1,-1,-1,1,-1,1,1,1,-1,-1,1,1,-1,1,1,-1,-1,1,-1,1,-1,1,1,-1,-1,1,-1,1,-1,1,-1,-1,1,-1,-1,-1,1,-1,-1,1,-1,1,-1,1,-1,-1,1,-1,-1,1,1,-1,-1,-1,1,-1,1,1,-1,1,-1,1,-1,-1,1,1,1,-1,1,-1,1,-1,1,-1,1,-1,1,1,-1,-1,1,1,1,1,-1,-1,1,-1,1,1,1,-1,-1,-1,1,-1,1,1,1,-1,-1,-1,1,1,-1,1,-1,-1,-1,1,1,-1,1,-1,-1,1,1,1,-1,1,-1,-1,-1,-1,1,1,1,-1,1,-1,-1,1,-1,1,-1,-1,1,1,-1,-1,1,1,-1,-1,-1,-1,-1,1,1,-1,1,-1,1,-1,-1,1,-1,-1,1,-1,1,1,-1,-1,-1,-1,-1,1,1,-1,1,-1,-1,1,1,1,1,-1,-1,-1,-1,-1,1,-1,1,-1,-1,1,-1,1,1,-1,1,-1,-1,1,1,1,-1,1,-1,1,-1,1,1,-1,1,-1,-1,-1,1,1,-1,1,-1,1,-1,1,1,-1,-1,1,-1,-1,1,1,-1,-1,-1,1,-1,1,1,1,-1,1,-1,-1,-1,-1,1,-1,1,-1,-1,1,-1,-1,1,-1,1,-1,-1,1,-1,1,-1,1,-1,1,-1,1,-1,1,-1,-1,-1,1,-1,1,-1,-1,-1,-1,1,-1,1,-1,1,-1,-1,1,-1,1,1,-1,-1,-1,-1,1,1,1,1,-1,-1,1,-1,-1,1,1,-1,-1,-1,-1,1,-1,1,-1,-1,1,1,-1,1,1,-1,-1,1,-1,-1,1,1,-1,-1,-1,-1,1,-1,1,-1,-1,-1,-1,-1,1,-1,-1,1,-1,-1,1,-1,1,-1,-1,-1,-1,-1,1,1,1,-1,-1,-1,1,1,1,-1,-1,-1,1,-1,-1,1,-1,1,-1,-1,1,1,1,-1,-1,-1,-1,1,-1,1,1,-1,1,-1,-1,1,1,-1,-1,-1,-1,-1,-1,1,1,-1,-1,1,-1,1,1,-1,-1,-1,1,-1,1,1,-1,-1,1,-1,-1,1,1,1,-1,1,-1,1,1,1,-1,-1,1,-1,-1,1,1,1,-1,1,-1,-1,1,1,-1,1,1,-1,-1,1,1,-1,1,1,-1,-1,1,-1,-1,1,1,-1,-1,1,1,1,1,1,1,-1,1,1,1,-1,1,-1,-1,1,-1,1,1,1,1,-1,-1,1,-1,1,1,1,-1,1,1,1,1,-1,1,-1,1,1,1,1,1,1,-1,1,-1,1,1,1,-1,1,1,1,1,1,1,-1,1,-1,1,1,1,-1,-1,1,1,1,1,-1,1,-1,1,1,-1,1,1,-1,1,-1,1,-1,1,1,-1,-1,-1,-1,1,1,1,-1,1,-1,1,-1,1,1,-1,1,-1,1,-1,1,1,-1,1,-1,1,-1,1,1,1,1,1,-1,1,1,1,-1,-1,1,-1,1,1,1,-1,1,-1,1,1,1,-1,-1,1,-1,1,-1,1,1,-1,1,-1,1,1,1,-1,-1,-1,-1,-1,-1,-1,-1,-1,1,-1,1,1,1,-1,1,1,-1,-1,1,1,1,-1,1,-1,1,1,1,1,-1,1,-1,1,1,1,1,-1,1,-1,1,1,1,1,-1,1,-1,1,-1,1,-1,-1,1,-1,-1,1,1,-1,-1,-1,1,-1,1,1,1,-1,1,-1,-1,1,-2668.0,1,2000,445,1000,True
1662,1,1,-1,-1,1,1,-1,-1,1,1,1,-1,1,1,1,1,-1,1,-1,-1,-1,-1,1,1,1,-1,1,-1,1,1,1,1,-1,-1,-1,-1,1,1,1,1,-1,-1,-1,1,1,1,1,-1,1,1,1,1,-1,1,-1,-1,1,-1,1,1,1,-1,-1,-1,1,1,1,1,-1,-1,-1,1,1,1,1,-1,-1,-1,1,1,1,-1,-1,-1,1,1,1,1,-1,-1,-1,1,1,1,1,-1,-1,1,1,-1,1,1,-1,-1,1,1,1,1,1,-1,-1,1,1,1,1,1,-1,-1,1,1,1,1,1,1,-1,1,1,1,-1,1,1,-1,1,1,1,1,1,1,-1,-1,1,1,1,1,1,-1,1,1,1,1,1,1,-1,-1,-1,1,1,1,1,-1,1,1,1,1,-1,1,-1,1,-1,1,1,1,-1,-1,1,1,1,1,1,-1,1,-1,-1,1,-1,1,-1,1,1,1,1,1,1,1,1,1,-1,1,-1,1,-1,1,1,-1,1,-1,1,1,-1,1,-1,1,-1,1,-1,1,1,-1,-1,-1,1,1,1,1,-1,-1,1,1,-1,-1,1,-1,1,1,-1,1,-1,1,-1,1,-1,1,-1,-1,1,-1,-1,-1,1,1,-1,1,-1,1,1,1,-1,1,1,-1,1,-1,1,-1,1,-1,1,-1,1,1,-1,1,-1,-1,-1,1,1,-1,1,-1,-1,-1,1,1,-1,-1,1,1,-1,-1,1,1,-1,1,1,-1,1,1,1,1,-1,1,-1,1,1,-1,1,-1,1,1,-1,1,1,1,1,1,-1,-1,1,-1,-1,-1,1,1,-1,1,1,1,-1,1,-1,-1,1,1,1,1,1,-1,1,1,1,-1,1,1,-1,1,1,1,-1,1,1,-1,-1,1,1,1,-1,1,-1,1,1,1,-1,1,1,-1,1,1,1,-1,1,-1,-1,1,1,1,-1,1,-1,-1,-1,1,1,-1,1,-1,-1,1,-1,1,-1,1,1,-1,-1,1,1,1,-1,1,-1,-1,1,1,-1,1,-1,-1,-1,-1,-1,-1,1,-1,-1,-1,1,1,-1,1,-1,1,-1,1,1,1,1,-1,-1,1,1,1,-1,1,-1,-1,-1,-1,1,1,-1,1,-1,-1,1,1,1,-1,-1,-1,1,-1,-1,1,-1,1,-1,-1,1,-1,1,-1,-1,-1,1,1,-1,1,-1,1,-1,-1,1,-1,1,1,-1,-1,-1,1,-1,-1,1,1,-1,-1,1,-1,1,1,-1,1,-1,1,-1,-1,1,1,-1,-1,1,-1,1,1,-1,-1,1,1,-1,1,-1,1,-1,1,-1,-1,1,-1,1,-1,1,-1,-1,1,-1,-1,-1,1,-1,-1,1,-1,1,-1,1,-1,-1,1,-1,-1,1,-1,1,-1,1,-1,1,-1,1,1,-1,-1,-1,1,-1,1,-1,-1,1,-1,1,1,1,1,-1,-1,1,1,-1,1,1,-1,-1,1,1,1,-1,1,1,-1,1,1,1,1,1,-1,1,-1,-1,-1,1,-1,1,1,1,1,-1,1,-1,1,-1,-1,-1,1,1,-1,1,1,-1,-1,-1,1,-1,1,1,-1,1,-1,1,-1,-1,-1,-1,-1,-1,1,-1,-1,-1,-1,-1,-1,1,-1,1,1,1,1,-1,1,-1,1,1,-1,-1,-1,1,-1,-1,1,-1,1,-1,-1,1,1,1,1,-1,-1,1,1,1,1,-1,1,-1,-1,1,1,1,-1,-1,-1,1,1,1,1,-1,-1,-1,1,-1,1,-1,1,-1,-1,-1,1,1,1,-1,-1,-1,-1,1,1,1,1,-1,-1,-1,1,1,1,1,-1,-1,-1,1,-1,1,-1,-1,-1,-1,1,1,1,1,-1,-1,-1,1,1,1,1,-1,-1,-1,1,1,-1,1,-1,-1,-1,1,1,1,1,-1,-1,1,1,1,1,-1,-1,1,1,-1,1,1,-1,-1,-1,1,1,1,1,1,-1,1,1,1,1,1,-1,-1,-1,1,-1,1,-1,-1,-1,-1,1,-1,1,1,-1,-1,-1,1,-1,1,1,-1,-1,-1,1,1,1,1,-1,-1,-1,1,-1,1,1,-1,-1,-1,1,1,-1,-1,-1,-1,-1,1,-1,1,-1,-1,-1,-1,-1,-1,-1,1,-1,-1,-1,1,-1,-1,1,-1,-1,-1,-1,-1,-1,1,-1,-1,-1,-1,-1,1,-1,-1,-1,1,-1,-1,1,-1,1,-1,-1,-1,-1,-1,-1,-1,1,-1,-1,-1,1,1,1,-1,-1,1,-1,-1,-1,-1,-1,1,-1,-1,1,1,1,-1,-1,-1,-1,1,-1,1,1,-1,1,-1,-1,1,1,-1,-1,-1,-1,-1,-1,1,1,-1,-1,1,-1,1,1,-1,-1,-1,1,-1,1,1,-1,-1,1,-1,-1,1,1,1,-1,1,-1,1,1,1,-1,-1,1,-1,-1,1,1,1,-1,1,-1,-1,1,1,-1,1,1,-1,-1,1,1,-1,1,1,-1,-1,1,1,-1,1,1,-1,-1,1,1,1,1,-1,1,-1,-1,1,1,-1,1,-1,-1,1,-1,1,1,1,1,-1,-1,1,-1,1,1,1,-1,1,1,1,1,-1,1,-1,1,1,1,1,1,1,1,-1,1,1,1,1,-1,1,-1,1,1,1,1,1,-1,1,1,1,1,-1,1,1,-1,1,1,-1,1,1,-1,-1,1,1,1,1,-1,1,-1,1,1,1,-1,-1,1,-1,1,1,1,-1,1,-1,-1,-1,1,1,-1,-1,1,-1,-1,1,1,-1,-1,1,-1,-1,-1,1,1,-1,1,-1,-1,1,1,-1,-1,-1,1,-1,-1,1,-1,1,1,-1,1,1,-1,-1,1,1,-1,-1,1,1,-1,1,1,-1,1,1,-1,-1,-1,-1,1,-1,-1,-1,-1,-1,1,-1,1,1,-1,1,1,-1,1,1,1,1,-1,1,-1,1,1,1,1,-1,1,-1,-1,1,1,1,-1,1,-1,1,1,1,1,-1,1,-1,1,1,1,-1,-1,1,-1,-1,1,1,-1,-1,-1,1,-1,1,1,1,-1,1,-1,1,1,-2668.0,1,2000,445,0,False
1663,1,1,-1,-1,1,1,-1,-1,1,1,1,-1,-1,1,1,1,-1,1,1,-1,-1,-1,1,1,1,1,-1,-1,1,1,1,1,-1,-1,-1,-1,1,1,1,1,-1,-1,-1,1,1,1,1,-1,1,1,1,1,-1,1,-1,-1,1,-1,1,1,1,-1,-1,-1,1,1,1,1,-1,-1,-1,1,1,1,1,-1,-1,-1,1,1,1,-1,-1,-1,1,1,1,1,-1,-1,-1,1,1,1,1,-1,-1,1,1,-1,1,1,-1,-1,1,1,1,1,1,-1,-1,-1,1,-1,1,1,-1,-1,1,1,1,1,1,1,-1,-1,1,1,-1,1,1,-1,1,1,1,1,1,1,-1,1,1,1,1,1,1,-1,1,1,1,1,1,1,-1,-1,-1,1,1,1,1,-1,1,1,1,1,-1,1,-1,1,-1,1,1,1,-1,-1,1,1,1,1,1,-1,1,-1,-1,1,-1,1,-1,1,1,1,1,1,1,1,1,1,-1,1,-1,1,-1,1,1,-1,1,-1,1,1,-1,1,-1,1,-1,1,-1,1,1,-1,1,-1,1,1,1,1,-1,-1,1,1,-1,-1,1,-1,1,-1,-1,1,-1,1,-1,1,-1,1,-1,1,1,-1,-1,-1,1,1,-1,1,-1,1,1,1,-1,1,1,-1,1,-1,1,-1,1,-1,1,-1,1,1,-1,1,-1,-1,-1,1,1,-1,1,-1,-1,-1,1,1,-1,-1,1,1,-1,-1,1,1,-1,1,1,-1,1,1,1,1,-1,1,-1,1,1,-1,1,-1,1,1,1,1,1,1,1,1,-1,-1,1,-1,-1,-1,1,1,-1,1,1,1,-1,1,1,1,1,1,1,1,1,-1,1,1,1,-1,-1,1,-1,1,1,1,-1,1,1,-1,-1,1,1,1,-1,1,-1,1,1,1,-1,1,1,-1,1,1,1,-1,1,1,-1,1,1,1,-1,1,1,-1,-1,1,1,-1,1,1,-1,1,-1,1,-1,1,-1,1,-1,1,1,1,-1,-1,1,-1,1,1,-1,1,1,1,-1,-1,-1,-1,1,1,1,-1,1,1,-1,1,1,-1,-1,1,1,1,1,1,-1,1,1,1,-1,1,1,1,-1,-1,1,1,1,-1,1,-1,1,1,1,1,1,1,-1,-1,-1,1,-1,1,1,-1,1,-1,1,1,1,1,1,-1,-1,1,-1,-1,1,-1,1,-1,1,1,1,1,1,1,-1,-1,1,-1,1,1,-1,-1,1,1,1,-1,1,-1,-1,-1,1,-1,1,1,-1,-1,1,1,1,1,-1,1,-1,1,-1,1,1,-1,-1,-1,1,-1,1,1,-1,-1,-1,1,-1,1,1,1,-1,-1,1,-1,-1,1,-1,-1,-1,1,-1,1,1,1,-1,-1,1,-1,-1,1,-1,-1,-1,-1,-1,1,1,-1,-1,-1,1,-1,-1,1,-1,-1,-1,-1,1,-1,1,-1,-1,-1,-1,1,-1,-1,1,1,1,-1,1,-1,1,-1,1,-1,1,-1,-1,-1,1,-1,1,-1,1,1,-1,1,-1,-1,1,1,-1,1,1,-1,1,-1,1,-1,-1,1,-1,-1,1,1,1,-1,1,-1,-1,1,1,-1,-1,1,-1,-1,1,1,-1,-1,1,-1,-1,-1,1,1,-1,1,-1,-1,-1,1,-1,-1,1,-1,1,-1,1,1,-1,-1,1,-1,-1,-1,-1,-1,1,1,1,-1,-1,1,-1,-1,1,-1,-1,1,-1,-1,1,1,-1,-1,1,1,-1,1,1,-1,1,-1,1,-1,-1,1,1,-1,-1,-1,-1,-1,1,-1,-1,1,-1,-1,-1,1,1,-1,-1,-1,-1,-1,1,-1,-1,-1,-1,-1,1,1,1,-1,-1,-1,-1,-1,1,1,-1,-1,-1,-1,-1,1,1,1,-1,-1,-1,-1,1,1,-1,-1,-1,-1,1,1,1,1,1,-1,1,1,1,1,1,1,-1,-1,1,1,1,-1,1,-1,1,1,1,1,-1,1,-1,-1,1,-1,1,-1,1,-1,-1,1,-1,1,-1,1,-1,-1,1,-1,1,-1,1,-1,-1,1,-1,1,1,1,-1,-1,1,-1,1,1,1,-1,-1,1,1,-1,1,1,-1,-1,1,-1,1,-1,1,-1,-1,-1,-1,-1,1,1,-1,-1,1,-1,-1,1,1,-1,-1,-1,-1,1,-1,1,-1,-1,-1,-1,1,1,-1,-1,1,-1,-1,1,-1,1,-1,-1,-1,-1,-1,1,1,1,-1,-1,-1,1,1,1,-1,-1,1,1,-1,-1,1,-1,1,-1,-1,1,1,1,-1,-1,-1,-1,1,-1,1,1,-1,1,-1,-1,1,1,-1,-1,-1,-1,-1,-1,1,1,-1,-1,1,-1,1,1,-1,-1,-1,1,-1,1,1,-1,-1,1,-1,-1,1,1,1,-1,1,-1,1,1,1,-1,-1,1,-1,-1,1,1,1,-1,1,-1,-1,1,1,-1,1,1,-1,-1,1,1,-1,1,1,-1,-1,1,1,-1,1,1,-1,-1,1,1,1,1,1,1,-1,-1,1,-1,1,1,-1,-1,1,-1,1,1,1,1,-1,-1,1,-1,1,1,1,-1,1,1,1,1,-1,1,-1,1,1,1,1,1,1,1,-1,1,1,1,1,-1,1,-1,1,1,1,1,1,-1,1,1,1,1,-1,1,1,-1,1,1,-1,1,1,-1,-1,1,1,1,1,-1,1,-1,1,1,1,-1,-1,1,-1,1,1,1,-1,1,-1,-1,-1,1,1,-1,-1,1,-1,-1,1,1,1,-1,1,-1,-1,1,1,1,-1,1,-1,-1,1,1,-1,-1,-1,1,-1,1,1,-1,1,1,-1,1,1,-1,-1,1,-1,-1,-1,1,1,-1,1,1,-1,1,1,-1,-1,-1,-1,1,-1,-1,-1,-1,1,-1,-1,1,1,-1,1,1,-1,1,1,1,1,-1,1,-1,1,1,1,-1,-1,1,-1,-1,1,1,-1,-1,1,-1,1,1,1,-1,-1,1,-1,1,1,1,1,-1,1,-1,-1,1,1,-1,-1,-1,1,-1,1,1,1,-1,1,-1,-1,1,-2668.0,1,2000,445,0,False
1664,1,1,-1,-1,1,-1,-1,-1,1,1,1,-1,1,1,-1,1,-1,1,-1,-1,-1,1,1,1,1,-1,-1,-1,1,1,1,1,1,-1,-1,-1,1,-1,1,1,-1,-1,-1,1,1,1,1,-1,1,1,1,1,-1,1,-1,-1,1,-1,1,1,1,-1,-1,1,1,1,1,1,-1,-1,1,1,1,1,1,-1,-1,-1,1,1,1,-1,-1,-1,1,1,1,1,-1,-1,-1,1,1,1,1,-1,-1,1,1,-1,1,1,-1,-1,1,1,1,1,1,-1,-1,-1,1,-1,1,1,-1,-1,1,1,1,1,1,1,-1,-1,1,1,-1,1,1,-1,1,1,1,1,1,1,-1,1,1,1,1,1,1,-1,1,1,1,1,1,1,-1,-1,-1,1,1,1,1,-1,1,1,1,1,-1,1,-1,1,-1,1,1,1,-1,-1,1,1,1,1,1,-1,1,-1,-1,1,-1,1,-1,1,1,1,1,1,1,1,1,1,-1,1,-1,1,-1,1,1,-1,1,-1,1,1,-1,1,-1,1,-1,1,-1,1,1,-1,1,-1,1,1,1,1,-1,-1,1,1,-1,-1,1,-1,1,-1,1,1,-1,1,-1,1,-1,1,-1,1,1,-1,-1,-1,1,1,-1,1,-1,1,1,1,-1,1,1,-1,1,-1,1,-1,1,-1,1,-1,1,1,-1,1,-1,-1,-1,1,1,-1,1,-1,-1,-1,1,1,-1,-1,1,1,-1,-1,1,1,-1,1,1,-1,1,1,1,1,-1,1,-1,1,1,-1,1,-1,1,1,-1,1,1,1,1,1,-1,-1,1,-1,-1,-1,1,1,-1,1,1,1,-1,1,-1,-1,1,1,1,1,1,-1,1,1,1,-1,1,1,-1,1,1,1,-1,1,1,-1,-1,1,1,1,-1,1,-1,1,1,1,-1,1,1,-1,1,1,1,-1,1,-1,-1,1,1,1,-1,1,-1,-1,-1,1,1,-1,1,-1,-1,1,-1,1,-1,1,1,-1,-1,1,1,1,-1,1,-1,-1,1,1,-1,1,-1,-1,-1,-1,-1,-1,1,1,-1,-1,1,1,-1,1,-1,1,-1,1,1,1,1,-1,-1,1,1,1,-1,1,-1,-1,-1,-1,1,1,1,1,-1,-1,1,1,1,1,-1,-1,1,-1,-1,1,-1,1,-1,-1,1,-1,1,-1,-1,-1,1,1,-1,1,-1,1,-1,-1,1,-1,1,1,-1,-1,-1,1,-1,-1,1,1,-1,-1,1,-1,1,1,-1,1,-1,1,-1,-1,1,1,-1,-1,1,-1,1,1,-1,-1,1,1,-1,1,-1,1,-1,1,-1,-1,1,-1,1,-1,1,-1,-1,1,-1,-1,-1,1,-1,-1,1,-1,1,-1,1,-1,-1,1,-1,-1,1,-1,1,-1,1,1,1,-1,1,1,-1,-1,1,1,-1,1,-1,-1,1,-1,1,1,1,1,-1,-1,1,1,-1,1,1,-1,-1,1,1,1,-1,1,1,-1,1,1,1,1,-1,-1,1,-1,-1,-1,1,-1,1,1,1,-1,1,1,-1,1,-1,-1,-1,1,1,-1,1,1,-1,-1,-1,1,-1,1,1,-1,-1,-1,1,-1,-1,-1,-1,1,-1,1,-1,-1,-1,-1,-1,-1,1,-1,1,1,1,1,-1,1,-1,1,1,-1,-1,-1,1,-1,-1,1,-1,1,-1,-1,1,1,1,1,-1,-1,1,1,1,1,-1,1,-1,-1,1,1,1,-1,-1,-1,1,1,1,1,-1,1,-1,1,-1,1,-1,1,1,-1,-1,1,1,1,-1,-1,-1,-1,1,1,1,1,-1,-1,-1,1,1,1,1,-1,-1,-1,1,-1,1,-1,-1,-1,1,1,1,1,1,-1,-1,-1,1,1,1,1,-1,-1,-1,1,1,-1,1,-1,-1,-1,1,1,1,1,-1,-1,1,1,1,1,-1,-1,1,1,-1,1,1,-1,-1,-1,1,1,1,1,1,-1,1,1,1,1,1,-1,-1,-1,1,-1,1,-1,-1,-1,-1,1,-1,1,1,-1,-1,-1,1,-1,1,1,-1,1,-1,1,1,1,1,-1,1,-1,1,-1,1,1,-1,-1,-1,1,1,-1,-1,-1,-1,-1,1,-1,1,-1,-1,-1,-1,-1,-1,-1,1,-1,-1,-1,1,-1,-1,1,-1,-1,-1,-1,-1,-1,1,-1,-1,-1,-1,-1,1,-1,-1,-1,1,-1,-1,1,-1,1,-1,-1,-1,-1,-1,-1,-1,1,-1,-1,-1,1,1,1,-1,-1,-1,1,-1,-1,-1,-1,1,-1,-1,1,1,1,-1,-1,-1,-1,1,-1,1,1,-1,1,-1,-1,1,1,-1,-1,-1,-1,-1,-1,1,1,-1,-1,1,-1,1,1,-1,-1,-1,1,-1,1,1,-1,-1,1,-1,-1,1,1,1,-1,1,-1,1,1,1,-1,-1,1,-1,-1,1,1,1,-1,1,-1,-1,1,1,-1,1,1,-1,-1,1,1,-1,1,1,-1,-1,1,1,1,1,1,-1,-1,1,1,1,1,1,1,-1,-1,1,1,-1,1,-1,-1,1,-1,1,1,1,1,-1,-1,1,-1,1,1,1,-1,1,1,1,1,-1,1,-1,1,1,1,1,1,1,1,-1,1,1,1,1,-1,1,-1,1,1,1,1,1,-1,1,1,1,1,-1,1,1,-1,1,1,-1,1,1,-1,-1,1,1,1,1,-1,1,-1,1,1,1,-1,-1,1,-1,1,1,1,-1,1,-1,-1,-1,1,1,-1,-1,1,-1,-1,1,1,1,-1,1,-1,-1,1,1,1,-1,-1,-1,-1,1,1,-1,-1,-1,1,-1,-1,1,-1,1,1,-1,1,1,-1,-1,1,1,-1,-1,1,1,-1,1,1,-1,1,1,-1,-1,-1,-1,1,-1,-1,-1,-1,-1,-1,-1,1,1,-1,1,1,-1,1,1,1,1,-1,1,-1,1,1,1,-1,-1,1,-1,1,-1,1,-1,-1,1,-1,-1,1,1,-1,-1,1,-1,1,1,1,1,-1,1,-1,-1,1,1,-1,-1,-1,1,-1,1,-1,1,-1,1,-1,-1,1,-2668.0,1,2000,445,1500,False
1665,1,1,-1,-1,1,-1,-1,-1,1,1,1,-1,1,1,1,1,-1,1,-1,-1,-1,-1,1,1,1,-1,-1,-1,1,1,1,1,1,-1,-1,-1,1,-1,1,-1,-1,-1,-1,1,1,1,1,-1,1,1,1,1,-1,1,-1,-1,1,-1,1,1,1,-1,-1,-1,1,1,1,1,-1,-1,-1,1,1,1,1,-1,-1,-1,1,1,1,-1,-1,-1,1,1,1,1,-1,-1,1,1,1,1,1,-1,-1,-1,1,-1,1,1,-1,-1,1,1,1,1,1,-1,-1,-1,1,1,1,1,-1,-1,1,1,1,1,1,1,-1,-1,1,1,-1,1,1,-1,1,1,1,1,1,1,-1,1,1,1,1,1,1,-1,1,1,1,1,1,1,-1,-1,-1,1,1,1,1,-1,1,1,1,1,-1,1,-1,1,-1,1,1,1,-1,-1,1,1,1,1,1,-1,1,-1,-1,1,-1,1,-1,1,1,1,1,1,1,1,1,1,-1,1,-1,1,-1,1,1,-1,1,-1,1,1,-1,1,-1,1,-1,1,-1,1,1,-1,-1,-1,1,1,1,1,-1,-1,1,1,-1,-1,1,-1,1,-1,-1,1,-1,1,-1,1,-1,1,-1,1,1,-1,-1,-1,1,1,-1,1,-1,1,1,1,-1,1,1,-1,1,-1,1,-1,1,-1,1,-1,1,1,-1,1,-1,-1,-1,1,1,-1,1,-1,-1,-1,1,1,-1,-1,1,1,-1,-1,1,1,-1,1,1,-1,1,1,1,-1,-1,1,-1,1,1,-1,1,-1,1,1,-1,1,1,-1,-1,1,-1,-1,1,-1,1,-1,1,1,-1,1,1,1,-1,1,-1,-1,1,1,-1,-1,1,-1,1,1,1,1,-1,1,-1,1,1,1,-1,1,1,-1,-1,1,1,-1,-1,1,-1,1,1,1,1,1,1,-1,1,1,1,1,1,-1,-1,1,1,1,1,1,-1,-1,-1,1,1,1,1,-1,-1,1,-1,1,-1,1,1,-1,-1,1,1,1,1,1,-1,-1,1,1,1,-1,-1,-1,-1,-1,-1,-1,1,-1,-1,-1,1,1,-1,1,-1,1,-1,1,1,1,1,1,-1,1,1,1,-1,1,-1,-1,-1,-1,1,1,1,1,-1,-1,1,-1,1,1,-1,-1,-1,-1,-1,1,-1,1,-1,1,-1,1,1,1,-1,-1,1,1,-1,1,-1,1,-1,-1,1,-1,1,-1,-1,-1,-1,1,-1,-1,1,1,-1,-1,1,-1,1,1,-1,1,-1,1,-1,1,-1,1,-1,1,1,-1,1,-1,-1,-1,1,1,-1,1,-1,1,-1,1,-1,1,1,-1,1,-1,1,-1,-1,1,-1,-1,-1,1,-1,1,-1,1,1,-1,1,-1,-1,1,-1,-1,1,-1,1,-1,1,-1,1,-1,1,1,-1,-1,-1,1,-1,1,-1,-1,1,-1,1,1,-1,1,-1,-1,1,1,-1,-1,1,-1,-1,1,1,1,1,1,1,-1,1,1,1,-1,-1,-1,1,-1,-1,-1,1,-1,1,1,1,1,-1,1,-1,1,-1,-1,-1,1,1,-1,1,1,-1,-1,-1,1,-1,1,1,-1,1,-1,1,-1,-1,-1,-1,-1,-1,1,-1,-1,-1,-1,-1,-1,1,-1,1,1,1,1,-1,1,-1,1,1,-1,-1,-1,1,-1,-1,1,-1,1,-1,-1,1,1,1,1,-1,-1,1,1,1,1,-1,1,-1,-1,1,1,1,-1,-1,-1,1,1,1,1,-1,-1,-1,1,-1,1,-1,1,-1,-1,-1,1,1,1,-1,-1,-1,-1,1,1,1,1,-1,-1,-1,1,1,1,1,-1,-1,-1,1,-1,1,-1,-1,-1,-1,1,1,1,1,-1,-1,1,1,1,1,1,-1,-1,-1,1,1,-1,1,-1,-1,-1,1,1,1,1,-1,-1,1,1,1,1,1,-1,1,1,-1,1,1,-1,-1,-1,1,1,1,1,1,-1,1,1,1,1,1,1,-1,-1,1,-1,1,-1,1,-1,-1,1,-1,1,1,-1,-1,-1,1,-1,1,1,-1,1,-1,1,1,1,-1,1,1,-1,1,-1,1,-1,-1,-1,-1,1,1,-1,-1,-1,-1,-1,1,-1,1,-1,-1,-1,-1,-1,-1,-1,1,-1,-1,-1,1,-1,-1,1,-1,-1,-1,-1,-1,1,1,-1,-1,-1,-1,-1,1,-1,-1,-1,1,-1,-1,1,-1,1,-1,-1,-1,-1,-1,-1,-1,1,-1,-1,-1,1,1,-1,-1,-1,1,1,-1,-1,-1,-1,1,-1,-1,1,-1,1,-1,-1,-1,-1,1,-1,1,1,-1,1,-1,-1,1,1,-1,-1,-1,-1,-1,-1,1,1,-1,-1,1,-1,1,1,-1,-1,-1,1,-1,-1,1,-1,-1,1,-1,-1,1,1,1,-1,1,-1,1,1,1,-1,-1,1,-1,-1,1,1,1,-1,1,-1,-1,1,1,-1,1,1,-1,-1,1,1,1,1,1,-1,-1,1,1,-1,1,1,-1,-1,1,1,1,1,1,1,-1,1,1,1,-1,1,-1,-1,1,-1,1,1,1,1,-1,-1,1,-1,1,1,1,-1,1,1,1,1,-1,1,-1,1,1,1,1,1,1,-1,-1,1,1,1,1,-1,1,-1,1,1,1,1,-1,1,-1,1,1,1,-1,-1,1,-1,1,1,-1,1,-1,-1,-1,1,1,1,-1,1,-1,-1,1,1,1,-1,-1,-1,-1,1,1,1,-1,-1,-1,-1,-1,1,1,-1,1,-1,-1,-1,1,1,-1,1,-1,-1,1,1,1,1,1,1,-1,-1,1,1,-1,-1,1,1,1,-1,1,-1,1,-1,-1,1,1,-1,-1,1,-1,-1,-1,1,1,-1,1,-1,1,1,1,-1,-1,-1,-1,1,-1,-1,-1,-1,1,-1,1,1,1,-1,1,1,-1,1,1,1,1,-1,1,-1,1,1,1,-1,-1,1,-1,1,1,1,-1,-1,1,-1,1,1,1,-1,-1,1,-1,1,1,1,1,-1,1,-1,-1,1,1,1,-1,-1,1,-1,1,-1,1,-1,1,-1,-1,1,-2668.0,1,2000,445,1500,False
1666,1,1,-1,-1,1,1,-1,-1,1,1,1,-1,1,1,1,1,-1,1,-1,-1,1,1,1,1,1,-1,-1,-1,1,1,1,1,-1,-1,-1,-1,1,-1,1,1,-1,-1,-1,1,1,1,1,-1,1,1,1,1,-1,1,-1,-1,1,-1,1,1,1,-1,-1,1,1,1,1,1,-1,-1,1,1,1,1,1,-1,-1,-1,1,1,1,-1,-1,-1,1,1,1,1,-1,-1,-1,1,1,1,1,-1,-1,1,1,-1,1,1,-1,-1,1,1,1,1,1,-1,-1,1,1,1,1,1,-1,-1,1,1,1,1,1,1,-1,-1,1,1,-1,1,1,-1,1,1,1,1,1,1,-1,-1,1,1,1,1,1,-1,1,1,1,1,1,1,-1,-1,-1,1,1,1,1,-1,1,1,1,1,-1,1,-1,1,-1,1,1,1,-1,-1,1,1,1,1,1,-1,1,-1,-1,1,-1,1,-1,1,1,1,1,1,1,1,1,1,-1,1,-1,1,-1,1,1,-1,1,-1,1,1,-1,1,-1,1,-1,1,-1,1,1,-1,-1,-1,1,1,1,1,-1,-1,1,1,-1,-1,1,-1,1,-1,-1,1,-1,1,-1,1,-1,1,-1,1,1,-1,-1,-1,1,1,-1,1,-1,1,1,1,-1,1,1,-1,1,-1,1,-1,1,-1,1,-1,1,1,-1,1,-1,-1,-1,1,1,-1,1,-1,-1,-1,1,1,-1,-1,1,1,-1,-1,1,1,-1,1,1,-1,1,1,1,1,-1,1,-1,1,1,-1,1,-1,1,1,1,1,1,1,1,1,-1,-1,1,-1,-1,-1,1,1,-1,1,1,1,-1,1,1,1,1,1,1,-1,1,-1,1,1,1,-1,-1,1,-1,1,1,1,-1,1,1,-1,-1,1,1,1,-1,1,-1,1,1,1,-1,1,1,-1,1,1,1,-1,1,1,-1,1,1,1,-1,1,1,-1,-1,1,1,-1,1,1,-1,1,-1,1,-1,1,1,1,-1,1,1,1,1,1,1,-1,1,1,-1,1,1,1,-1,-1,-1,-1,1,1,1,-1,1,1,-1,1,1,-1,-1,1,1,1,1,1,-1,1,1,1,-1,1,1,1,1,-1,1,1,1,-1,1,-1,1,1,1,1,1,1,-1,-1,-1,1,-1,-1,1,1,-1,1,1,1,1,1,1,1,-1,1,-1,-1,1,-1,1,-1,1,1,-1,1,1,1,-1,-1,1,-1,1,1,1,-1,1,1,1,-1,1,1,-1,-1,1,-1,1,1,1,-1,1,1,1,1,1,1,-1,1,-1,-1,1,1,-1,-1,1,-1,-1,1,1,-1,-1,1,-1,1,1,1,-1,-1,1,1,-1,1,1,-1,-1,1,-1,1,1,1,1,-1,1,-1,-1,-1,1,1,-1,-1,-1,1,-1,1,-1,-1,1,-1,-1,1,-1,1,-1,-1,1,-1,1,-1,1,-1,-1,1,-1,-1,1,1,1,-1,1,-1,1,-1,1,-1,1,-1,-1,-1,1,-1,-1,1,1,-1,1,1,-1,1,1,1,-1,1,1,-1,1,-1,1,-1,-1,1,-1,-1,1,1,-1,-1,1,-1,-1,1,1,1,-1,1,-1,-1,1,1,-1,-1,1,-1,-1,-1,1,1,-1,1,-1,-1,-1,1,-1,-1,1,-1,1,-1,1,1,-1,-1,1,-1,-1,-1,-1,-1,1,1,1,-1,1,1,-1,-1,1,-1,-1,-1,-1,-1,1,1,-1,-1,-1,-1,-1,1,1,-1,1,1,-1,-1,-1,1,1,-1,-1,-1,-1,-1,1,-1,-1,1,-1,-1,-1,1,1,-1,-1,-1,-1,-1,1,-1,-1,1,-1,-1,-1,1,1,-1,1,-1,-1,1,1,1,-1,-1,-1,-1,-1,1,1,1,-1,-1,-1,-1,1,1,-1,-1,-1,-1,1,1,1,1,-1,-1,1,1,1,1,1,-1,-1,-1,1,1,1,-1,1,-1,1,1,1,1,-1,1,-1,-1,1,-1,1,-1,1,-1,-1,1,-1,1,-1,-1,-1,-1,1,-1,1,-1,1,1,-1,1,-1,1,-1,1,1,-1,1,-1,1,-1,-1,-1,-1,1,1,-1,-1,-1,-1,-1,1,-1,1,-1,-1,-1,-1,-1,-1,-1,1,-1,-1,-1,1,-1,-1,1,-1,-1,-1,-1,-1,1,1,-1,-1,-1,-1,-1,1,-1,-1,-1,1,-1,-1,1,-1,1,-1,-1,-1,-1,-1,-1,-1,1,-1,-1,-1,1,1,-1,-1,-1,1,-1,-1,-1,-1,-1,1,-1,-1,1,-1,1,-1,-1,-1,-1,1,-1,1,1,-1,1,-1,-1,1,1,-1,-1,-1,-1,-1,-1,1,1,-1,-1,1,-1,1,1,-1,-1,-1,1,-1,1,1,-1,-1,1,-1,-1,1,1,1,-1,1,-1,1,1,1,-1,-1,1,-1,-1,1,1,1,-1,1,-1,-1,1,1,-1,1,1,-1,-1,1,1,-1,1,1,-1,-1,1,1,-1,1,1,-1,-1,1,1,1,1,1,1,-1,-1,1,1,1,1,-1,-1,1,-1,1,1,1,1,-1,-1,1,-1,1,1,1,-1,1,1,1,1,-1,1,-1,1,1,1,1,1,1,1,-1,1,1,1,1,-1,1,-1,1,1,1,1,1,-1,1,1,1,1,-1,1,1,-1,1,1,-1,1,1,-1,-1,1,1,1,1,-1,1,-1,1,1,1,-1,-1,1,-1,1,1,1,-1,1,-1,-1,-1,1,1,-1,-1,1,-1,-1,1,1,1,-1,1,-1,-1,1,1,1,-1,1,-1,-1,1,1,-1,-1,1,1,-1,1,1,-1,1,1,-1,1,1,-1,-1,1,-1,-1,-1,1,1,-1,1,1,-1,1,1,-1,-1,-1,-1,1,-1,-1,-1,-1,1,-1,-1,1,1,-1,1,1,-1,1,1,1,1,-1,1,-1,1,1,1,1,-1,1,-1,-1,1,1,1,-1,1,-1,1,1,1,1,-1,1,-1,1,1,-1,-1,-1,1,-1,-1,1,1,-1,-1,-1,1,-1,1,-1,1,-1,1,-1,-1,1,-2668.0,1,2000,445,1500,False
1667,1,1,-1,-1,1,1,-1,-1,1,1,1,-1,1,1,-1,1,-1,1,-1,-1,-1,1,1,1,1,-1,-1,-1,1,1,1,1,-1,-1,-1,-1,1,1,1,1,-1,-1,1,1,1,1,1,-1,1,1,1,1,-1,1,-1,-1,1,-1,1,1,1,-1,-1,1,1,1,1,1,-1,-1,1,1,1,1,1,-1,-1,-1,1,1,1,-1,-1,-1,1,1,1,1,-1,1,-1,1,1,1,1,-1,-1,1,1,-1,1,1,-1,-1,1,1,1,1,1,-1,-1,1,1,1,1,1,-1,-1,1,1,1,1,1,1,-1,1,1,1,-1,1,1,-1,1,1,1,1,1,1,-1,-1,1,1,1,1,1,-1,1,1,1,1,1,1,-1,-1,-1,1,1,1,1,-1,1,-1,1,1,-1,1,-1,1,-1,1,1,1,-1,-1,1,1,1,1,1,-1,1,-1,-1,1,-1,1,-1,1,1,1,1,1,1,1,1,1,-1,1,-1,1,-1,1,1,-1,1,-1,1,1,-1,1,-1,1,-1,1,-1,1,1,-1,1,-1,1,1,1,1,-1,-1,1,1,-1,-1,1,-1,1,-1,-1,1,-1,1,-1,1,-1,1,-1,1,1,-1,-1,-1,1,1,-1,1,-1,1,1,1,-1,1,1,-1,1,-1,1,-1,1,-1,1,-1,1,1,-1,1,-1,-1,-1,1,1,-1,1,-1,1,-1,1,1,-1,-1,1,1,-1,-1,1,1,-1,1,1,-1,1,1,1,1,-1,1,-1,1,1,-1,1,-1,1,1,-1,1,1,1,1,1,-1,-1,1,-1,-1,-1,-1,1,-1,1,1,1,-1,1,-1,-1,1,1,1,-1,1,-1,1,1,1,-1,1,1,-1,1,1,1,-1,1,1,-1,1,-1,1,1,-1,1,-1,1,1,1,-1,1,1,-1,1,1,1,-1,1,-1,-1,1,1,1,-1,1,-1,-1,1,1,1,-1,1,-1,-1,-1,-1,1,-1,1,1,-1,1,1,1,1,1,1,-1,-1,-1,1,-1,1,-1,-1,1,-1,-1,-1,1,1,-1,1,-1,1,-1,1,-1,1,-1,1,1,1,1,-1,1,-1,1,1,-1,1,-1,-1,-1,-1,1,1,1,1,-1,-1,1,1,1,1,-1,-1,1,-1,-1,1,-1,1,-1,1,-1,1,1,1,-1,-1,1,1,-1,1,-1,1,-1,-1,1,-1,1,1,-1,-1,-1,1,-1,-1,1,1,-1,-1,1,-1,1,1,-1,1,-1,1,-1,-1,1,1,-1,1,1,-1,1,1,-1,-1,1,1,-1,1,-1,1,-1,1,1,-1,1,-1,1,-1,1,-1,-1,1,-1,-1,-1,1,-1,-1,1,-1,1,-1,1,-1,-1,1,-1,-1,1,-1,1,-1,1,1,1,-1,1,1,-1,-1,1,1,-1,1,-1,-1,1,1,1,1,1,1,-1,-1,1,1,-1,1,1,-1,-1,1,1,1,-1,1,1,-1,1,1,1,1,1,1,1,-1,-1,1,-1,1,-1,1,1,-1,1,1,-1,1,-1,-1,-1,1,1,-1,1,1,-1,1,-1,1,-1,1,1,-1,-1,-1,1,-1,-1,-1,-1,1,-1,1,-1,-1,-1,-1,-1,-1,1,-1,1,1,1,1,-1,1,-1,1,1,-1,-1,-1,1,-1,-1,1,-1,1,-1,-1,1,1,1,1,-1,-1,1,1,1,1,-1,1,-1,-1,1,1,1,-1,-1,-1,1,1,1,1,-1,-1,-1,1,-1,1,-1,1,-1,-1,-1,1,1,1,-1,-1,-1,-1,1,1,1,1,-1,-1,-1,1,1,1,1,-1,-1,-1,1,-1,1,-1,-1,-1,1,1,1,1,1,-1,-1,-1,1,-1,1,1,-1,-1,-1,1,1,-1,1,-1,-1,-1,1,1,1,1,-1,-1,1,1,1,-1,1,-1,1,1,-1,1,1,-1,-1,-1,1,1,-1,1,1,-1,1,1,1,-1,1,-1,-1,-1,1,-1,1,-1,-1,-1,-1,1,1,-1,1,-1,-1,-1,1,-1,-1,1,-1,-1,-1,1,1,-1,1,-1,-1,-1,1,-1,-1,1,-1,-1,-1,1,1,1,-1,-1,-1,-1,1,-1,1,-1,-1,-1,-1,-1,-1,-1,1,-1,-1,-1,1,-1,-1,1,-1,-1,-1,-1,-1,1,1,-1,-1,-1,-1,-1,1,-1,-1,-1,1,-1,-1,1,-1,1,-1,-1,-1,-1,-1,-1,-1,1,-1,-1,-1,1,1,-1,-1,-1,1,-1,1,-1,-1,-1,1,-1,-1,1,-1,1,-1,-1,-1,-1,1,-1,1,1,-1,1,-1,-1,1,1,-1,-1,-1,-1,-1,-1,1,1,-1,-1,1,-1,1,1,-1,-1,-1,1,-1,-1,1,-1,-1,1,-1,-1,1,1,1,-1,1,-1,1,1,1,-1,-1,1,-1,-1,1,1,1,-1,1,-1,-1,1,1,-1,1,1,-1,-1,1,1,-1,1,1,-1,-1,1,1,-1,1,1,-1,-1,1,1,1,1,1,1,-1,-1,1,1,1,1,-1,-1,1,-1,1,1,1,1,-1,-1,1,-1,1,1,1,-1,1,1,1,1,-1,1,-1,1,1,1,1,1,1,1,-1,1,1,1,1,-1,1,-1,1,1,1,1,1,-1,1,1,1,1,-1,1,1,-1,1,1,-1,1,1,-1,-1,1,1,1,1,-1,1,-1,1,1,1,-1,-1,1,-1,1,1,1,-1,1,-1,-1,-1,1,1,-1,-1,1,-1,-1,1,1,1,-1,1,-1,-1,1,1,1,-1,1,-1,-1,1,1,-1,-1,1,1,-1,1,1,-1,1,1,-1,1,1,-1,-1,1,-1,-1,-1,-1,1,-1,1,1,-1,1,1,-1,-1,-1,-1,1,-1,-1,-1,-1,1,-1,-1,1,1,-1,1,1,-1,1,1,1,1,-1,1,-1,1,1,1,1,-1,1,-1,-1,-1,1,1,-1,1,-1,1,1,1,1,-1,1,-1,1,1,1,-1,-1,1,-1,-1,1,1,-1,-1,-1,1,-1,1,-1,1,-1,1,-1,-1,1,-2668.0,1,2000,445,0,False
1668,1,1,-1,-1,1,1,-1,-1,1,1,1,-1,1,1,1,1,-1,1,-1,-1,-1,-1,1,1,1,-1,-1,-1,1,1,1,1,1,-1,-1,-1,1,-1,1,-1,-1,-1,-1,1,1,1,-1,-1,1,1,1,1,-1,1,-1,-1,1,-1,1,1,-1,-1,-1,-1,1,1,1,-1,-1,-1,-1,1,1,1,1,-1,-1,-1,1,1,1,-1,-1,-1,1,1,1,1,-1,-1,1,1,1,1,1,-1,-1,-1,1,-1,1,1,-1,-1,1,1,1,1,1,-1,-1,-1,1,1,1,1,-1,-1,1,1,1,1,1,1,-1,-1,1,1,-1,1,1,-1,1,1,1,1,1,1,-1,1,1,1,1,1,1,-1,1,1,1,1,1,1,-1,-1,-1,1,1,1,1,-1,1,1,1,1,-1,1,-1,1,-1,1,1,1,-1,-1,1,1,1,1,1,-1,1,-1,-1,1,-1,1,-1,1,1,1,1,1,1,-1,1,1,1,1,-1,1,1,-1,1,-1,1,-1,1,-1,-1,1,-1,1,-1,1,-1,1,1,-1,-1,-1,1,1,1,1,-1,-1,1,1,-1,-1,1,-1,1,-1,1,1,-1,1,-1,1,-1,1,-1,1,1,-1,1,-1,1,-1,1,1,-1,1,1,1,1,1,1,-1,-1,-1,-1,1,1,-1,1,-1,1,-1,1,1,-1,-1,-1,1,1,1,1,-1,-1,-1,1,1,-1,1,1,1,-1,-1,1,1,1,1,1,-1,1,1,-1,1,-1,1,-1,1,1,1,1,-1,1,-1,1,1,1,1,1,1,-1,-1,1,-1,1,-1,1,1,-1,1,1,1,-1,1,1,1,1,1,1,1,1,-1,1,1,1,-1,1,1,-1,1,1,-1,-1,1,1,-1,-1,1,1,1,-1,1,-1,1,1,1,-1,1,1,-1,1,1,1,-1,1,1,-1,1,1,1,-1,1,1,-1,-1,1,1,-1,1,1,-1,1,-1,1,-1,1,1,1,-1,1,1,1,-1,1,1,-1,1,1,-1,1,1,1,-1,-1,-1,-1,1,1,1,-1,1,1,-1,1,1,-1,-1,1,1,1,1,1,-1,1,1,1,-1,1,1,1,-1,-1,1,1,-1,-1,1,-1,1,-1,1,-1,1,1,-1,-1,-1,1,-1,-1,1,1,-1,1,1,-1,1,1,1,1,-1,1,-1,-1,1,-1,1,-1,1,-1,-1,1,1,1,-1,-1,1,-1,1,1,1,-1,1,1,1,-1,1,1,-1,1,-1,-1,1,1,1,-1,1,-1,1,1,1,1,-1,1,-1,-1,1,1,-1,1,1,-1,-1,1,1,-1,-1,1,-1,1,1,1,-1,1,-1,1,-1,1,1,-1,-1,1,-1,1,1,1,1,-1,1,-1,-1,-1,1,1,-1,1,-1,1,-1,1,-1,-1,1,-1,-1,1,-1,1,-1,-1,1,-1,1,-1,1,-1,-1,1,-1,-1,1,1,1,-1,1,-1,1,-1,1,-1,1,-1,-1,-1,1,-1,-1,1,1,1,-1,1,-1,1,1,1,-1,1,1,-1,1,-1,1,-1,-1,1,-1,-1,1,1,1,-1,1,-1,-1,1,1,-1,-1,1,-1,-1,1,1,-1,-1,1,-1,-1,-1,1,1,-1,1,1,-1,-1,1,-1,-1,1,-1,1,-1,1,1,-1,-1,1,-1,-1,-1,-1,-1,1,1,1,-1,1,1,-1,-1,1,-1,-1,-1,-1,-1,-1,1,-1,-1,-1,-1,-1,1,1,-1,1,1,1,-1,-1,1,1,-1,-1,-1,-1,1,1,-1,-1,1,-1,-1,-1,1,1,-1,-1,-1,-1,-1,1,-1,-1,1,-1,-1,-1,1,1,-1,1,-1,-1,1,1,1,-1,-1,-1,-1,-1,1,1,1,-1,-1,-1,-1,1,1,-1,-1,-1,-1,1,1,1,1,-1,-1,1,1,1,1,1,-1,-1,-1,1,1,1,1,1,-1,1,1,1,1,-1,1,-1,-1,1,-1,1,-1,1,-1,-1,1,-1,1,-1,-1,-1,-1,1,-1,1,-1,1,1,-1,1,-1,1,-1,1,1,-1,1,-1,1,-1,-1,-1,-1,1,1,-1,-1,-1,-1,-1,1,-1,1,-1,-1,-1,-1,-1,-1,-1,1,-1,-1,-1,1,-1,-1,1,-1,-1,-1,-1,-1,-1,1,-1,-1,-1,-1,-1,1,-1,-1,-1,1,-1,-1,1,-1,1,-1,-1,-1,-1,-1,-1,-1,1,-1,-1,-1,1,1,-1,-1,-1,-1,1,-1,-1,-1,-1,1,-1,-1,1,1,1,-1,-1,-1,-1,1,-1,1,1,-1,1,-1,-1,1,1,-1,-1,-1,-1,-1,-1,1,1,-1,-1,1,-1,1,1,-1,-1,-1,1,-1,-1,1,1,-1,1,1,-1,1,1,1,-1,1,-1,1,1,1,-1,-1,1,-1,-1,1,1,1,1,-1,1,-1,1,1,1,-1,1,-1,-1,1,1,1,1,-1,1,-1,1,1,1,1,1,-1,-1,1,1,1,1,1,-1,-1,1,1,1,1,-1,-1,-1,1,-1,1,1,1,-1,-1,-1,1,-1,1,1,-1,-1,1,1,1,1,1,-1,1,1,1,1,1,1,-1,1,-1,-1,1,1,1,-1,1,-1,1,1,1,-1,1,-1,1,1,1,1,-1,1,1,-1,-1,1,-1,1,1,-1,-1,1,1,1,1,-1,1,-1,1,1,1,-1,-1,1,-1,1,1,1,-1,1,-1,-1,-1,1,1,-1,-1,1,-1,-1,1,1,1,-1,1,-1,1,1,1,1,-1,-1,-1,-1,1,1,-1,-1,-1,1,1,1,1,-1,1,1,-1,1,1,-1,-1,1,1,-1,-1,1,1,-1,1,1,1,1,1,-1,-1,-1,-1,-1,-1,-1,-1,-1,-1,1,1,1,1,-1,1,1,-1,1,1,1,1,-1,1,-1,1,1,1,-1,-1,1,-1,1,1,1,-1,-1,1,-1,1,1,1,-1,-1,1,-1,1,1,1,1,-1,1,-1,1,1,1,1,-1,-1,1,-1,1,1,1,-1,1,-1,1,1,-2668.0,1,2000,445,1500,False
1669,1,1,-1,-1,1,1,-1,-1,1,1,1,-1,-1,1,1,1,-1,1,-1,-1,-1,-1,1,1,1,-1,-1,-1,1,1,1,1,-1,-1,-1,-1,1,-1,1,1,-1,-1,-1,1,1,1,1,-1,1,1,1,1,-1,1,-1,-1,1,-1,1,1,1,-1,-1,-1,1,1,1,1,-1,-1,-1,1,1,1,1,-1,-1,-1,1,1,1,-1,-1,-1,1,1,1,1,-1,-1,-1,1,1,1,1,-1,-1,1,1,-1,1,1,-1,-1,1,1,1,1,1,-1,-1,-1,1,-1,1,1,-1,-1,1,1,1,1,1,1,-1,-1,1,1,-1,1,1,-1,1,1,1,1,1,1,-1,1,1,1,1,1,1,-1,1,1,1,1,1,1,-1,-1,-1,1,1,1,1,-1,1,1,1,1,-1,1,-1,1,-1,1,1,1,-1,-1,1,1,1,1,1,-1,1,-1,-1,1,1,1,-1,1,1,1,1,-1,1,1,1,1,-1,1,-1,1,-1,1,1,-1,1,-1,1,1,-1,1,-1,1,-1,1,-1,1,1,-1,1,-1,1,1,1,1,-1,-1,1,1,-1,-1,1,-1,1,-1,1,1,-1,1,-1,1,-1,1,-1,-1,1,-1,-1,-1,1,1,-1,1,-1,1,1,1,-1,1,1,-1,1,-1,1,-1,1,-1,1,-1,1,1,-1,1,-1,-1,-1,1,1,-1,1,-1,-1,-1,1,1,-1,-1,1,1,-1,-1,1,1,-1,1,1,-1,1,1,1,1,-1,1,-1,1,1,-1,1,-1,1,1,-1,1,1,1,1,1,-1,-1,1,-1,-1,-1,1,1,-1,1,1,1,-1,1,-1,-1,1,1,1,1,1,-1,1,1,1,-1,1,1,-1,1,1,1,-1,1,1,-1,-1,1,1,1,-1,1,-1,1,1,1,-1,1,1,-1,1,1,1,-1,1,-1,-1,1,1,1,-1,1,-1,-1,-1,1,1,1,1,-1,-1,1,-1,1,-1,1,1,-1,-1,1,1,1,-1,1,-1,-1,1,1,-1,1,-1,-1,-1,-1,-1,-1,1,1,-1,-1,1,1,-1,1,-1,-1,-1,1,1,-1,1,1,-1,1,1,1,1,1,-1,-1,-1,-1,1,-1,-1,1,-1,-1,1,-1,-1,1,-1,-1,1,-1,-1,1,-1,1,-1,-1,1,-1,-1,1,-1,-1,1,1,-1,-1,-1,1,-1,-1,1,-1,-1,-1,-1,-1,-1,1,-1,-1,1,1,-1,-1,1,-1,1,-1,-1,1,-1,1,-1,-1,1,1,-1,-1,1,-1,-1,-1,-1,-1,1,1,-1,-1,1,1,-1,1,-1,1,-1,1,1,-1,1,-1,1,1,-1,-1,-1,1,-1,1,-1,1,1,-1,1,-1,-1,1,-1,-1,1,-1,1,-1,1,-1,1,-1,1,1,-1,1,-1,1,-1,1,-1,-1,1,-1,1,1,1,1,-1,-1,1,1,-1,1,1,1,-1,1,1,1,-1,1,1,-1,1,1,1,1,-1,-1,1,-1,-1,-1,1,-1,-1,1,1,1,-1,1,-1,1,-1,-1,-1,1,1,-1,1,1,-1,-1,-1,1,-1,1,1,-1,1,-1,1,-1,-1,-1,-1,-1,-1,1,-1,-1,-1,-1,-1,-1,1,-1,1,1,1,1,-1,1,-1,1,1,-1,-1,-1,1,-1,-1,1,-1,1,-1,-1,1,1,1,1,-1,-1,1,1,1,1,-1,1,-1,-1,1,1,1,-1,-1,-1,1,1,1,1,-1,1,-1,1,-1,1,-1,1,1,-1,-1,1,1,1,-1,-1,-1,-1,1,1,1,1,-1,-1,-1,1,1,1,1,-1,-1,-1,1,1,1,-1,-1,-1,1,1,1,1,1,-1,-1,-1,1,1,1,1,-1,-1,-1,1,1,-1,1,-1,-1,-1,1,1,1,1,-1,-1,1,1,1,1,-1,-1,1,1,-1,1,1,-1,-1,-1,1,1,1,1,1,-1,1,1,1,1,1,-1,-1,-1,1,-1,1,-1,-1,-1,-1,1,-1,1,1,-1,-1,-1,1,-1,1,1,-1,1,-1,1,1,1,1,-1,1,1,-1,-1,1,1,-1,-1,-1,1,1,-1,-1,-1,-1,-1,1,-1,1,-1,-1,-1,-1,-1,-1,-1,1,-1,-1,-1,1,-1,-1,1,-1,-1,-1,-1,-1,-1,1,-1,-1,-1,-1,-1,1,-1,-1,-1,1,-1,-1,1,-1,1,-1,-1,-1,-1,-1,-1,-1,1,-1,-1,-1,1,1,-1,-1,-1,-1,1,-1,-1,-1,-1,1,-1,-1,1,1,1,-1,-1,-1,-1,1,-1,1,1,-1,1,-1,-1,1,1,-1,-1,-1,-1,-1,-1,1,1,-1,-1,1,-1,1,1,-1,-1,-1,1,-1,1,1,-1,-1,1,-1,-1,1,1,1,-1,1,-1,1,1,1,-1,-1,1,-1,-1,1,1,1,-1,1,-1,-1,1,1,-1,1,1,-1,-1,1,1,-1,1,1,-1,-1,1,-1,-1,1,1,-1,-1,1,1,1,1,-1,1,-1,1,1,1,-1,1,-1,-1,1,-1,1,1,1,1,-1,-1,1,-1,1,1,1,-1,1,1,1,1,-1,1,-1,1,1,1,1,1,1,-1,1,-1,1,1,1,-1,1,1,1,1,1,1,1,1,-1,1,1,1,-1,1,-1,1,1,1,-1,1,1,1,1,-1,1,1,1,-1,1,1,-1,1,1,-1,-1,1,-1,1,1,1,-1,1,-1,1,-1,1,1,-1,-1,1,1,-1,1,1,1,-1,1,1,-1,1,1,1,-1,1,-1,1,1,1,-1,-1,-1,-1,1,1,1,-1,1,1,1,1,1,-1,-1,1,1,1,-1,1,1,-1,1,-1,1,1,1,-1,-1,-1,-1,-1,-1,-1,-1,-1,-1,-1,1,1,1,-1,1,1,-1,-1,1,1,1,-1,1,-1,1,1,1,-1,-1,1,-1,1,1,1,-1,-1,1,-1,1,1,1,-1,-1,1,-1,1,-1,1,1,-1,1,-1,-1,1,1,-1,-1,-1,-1,1,1,-1,1,-1,1,-1,-1,1,-2668.0,1,2000,445,1500,False
1670,1,1,-1,-1,1,-1,1,-1,1,1,1,-1,1,1,1,1,-1,1,-1,-1,1,-1,1,1,1,-1,-1,-1,1,1,1,1,-1,-1,-1,-1,1,-1,1,-1,-1,-1,-1,1,1,1,1,-1,1,1,1,1,-1,1,-1,-1,1,-1,1,1,1,-1,-1,-1,1,1,1,1,-1,-1,-1,1,1,1,1,-1,-1,-1,1,1,1,-1,-1,-1,1,1,1,1,-1,-1,-1,1,1,1,1,-1,-1,1,1,-1,1,1,-1,-1,1,1,1,1,1,-1,-1,1,1,-1,1,1,-1,-1,1,1,1,1,1,1,-1,-1,1,1,-1,1,1,-1,1,1,1,1,1,1,-1,-1,1,1,1,1,1,-1,1,1,1,1,1,1,-1,-1,-1,1,1,1,1,-1,1,1,1,1,-1,1,-1,1,-1,1,1,1,-1,-1,1,1,1,1,1,-1,1,-1,-1,1,-1,1,-1,1,1,1,1,1,1,1,1,1,-1,1,-1,1,-1,1,1,-1,1,-1,1,1,-1,1,-1,1,-1,1,1,1,1,-1,-1,-1,1,-1,-1,1,-1,-1,1,1,-1,-1,1,-1,1,-1,1,-1,-1,1,-1,1,-1,1,-1,1,1,-1,-1,-1,1,-1,-1,1,-1,1,1,1,-1,1,1,-1,1,-1,1,-1,1,-1,1,-1,1,1,-1,1,-1,-1,-1,1,1,-1,1,-1,-1,-1,1,1,1,-1,1,1,-1,-1,1,1,-1,1,1,-1,1,1,1,-1,-1,1,-1,1,1,1,1,-1,1,-1,1,1,-1,-1,-1,1,-1,-1,1,-1,1,-1,1,1,-1,1,1,1,-1,1,1,1,1,1,-1,-1,1,-1,1,1,1,1,-1,1,-1,1,1,1,-1,1,1,-1,-1,1,1,-1,1,1,-1,1,1,1,1,1,1,-1,1,1,1,1,1,1,-1,1,1,1,1,1,1,-1,-1,1,1,1,1,1,-1,1,-1,1,-1,1,1,1,-1,1,1,1,1,1,1,-1,1,1,1,-1,1,1,-1,-1,-1,-1,1,1,1,-1,1,1,-1,1,1,-1,-1,1,1,1,1,1,-1,1,1,1,-1,1,1,1,-1,-1,1,1,1,-1,1,-1,1,-1,1,1,1,1,-1,-1,-1,1,-1,-1,1,1,-1,1,-1,1,1,1,1,1,-1,1,-1,-1,1,-1,1,-1,1,-1,-1,1,1,1,-1,-1,1,-1,1,1,1,-1,1,1,1,-1,1,1,-1,1,-1,-1,1,1,1,-1,-1,-1,1,1,1,1,-1,1,-1,-1,1,1,-1,1,1,-1,-1,1,1,-1,-1,1,-1,1,1,1,-1,1,-1,-1,-1,1,1,-1,-1,1,-1,1,1,1,1,-1,1,-1,-1,-1,1,1,-1,-1,-1,1,-1,1,-1,-1,1,-1,-1,1,-1,1,-1,-1,1,-1,1,-1,1,-1,-1,1,-1,-1,1,1,1,-1,1,-1,1,-1,-1,-1,1,-1,-1,-1,1,-1,-1,1,1,1,-1,1,-1,1,1,1,-1,1,1,-1,1,-1,1,-1,-1,1,-1,-1,1,1,1,-1,1,-1,-1,1,1,-1,-1,1,-1,-1,1,1,-1,-1,1,-1,-1,-1,1,1,-1,1,1,-1,-1,1,-1,-1,1,-1,1,-1,1,1,-1,-1,1,-1,-1,-1,-1,-1,1,1,1,-1,1,1,-1,-1,1,-1,-1,-1,-1,-1,1,1,-1,-1,-1,1,-1,1,1,-1,1,1,1,-1,-1,1,1,-1,-1,-1,-1,1,1,-1,-1,1,-1,-1,-1,1,1,-1,-1,-1,-1,-1,1,-1,-1,1,-1,-1,-1,1,1,-1,1,-1,-1,1,1,1,-1,-1,-1,-1,-1,1,1,1,-1,-1,-1,-1,1,1,-1,-1,-1,-1,1,1,1,1,-1,-1,1,1,1,1,1,-1,-1,-1,1,1,1,-1,1,-1,1,1,1,1,-1,1,-1,-1,1,-1,1,-1,1,-1,-1,1,-1,1,-1,-1,-1,-1,1,-1,1,-1,1,1,-1,1,-1,1,-1,1,1,-1,1,-1,1,-1,-1,-1,-1,1,1,-1,-1,-1,-1,-1,1,-1,1,-1,-1,-1,-1,-1,-1,-1,1,-1,-1,-1,1,-1,-1,1,-1,-1,-1,-1,-1,1,1,-1,-1,-1,-1,-1,1,-1,-1,-1,1,-1,-1,1,-1,1,-1,-1,-1,-1,-1,-1,-1,1,-1,-1,-1,1,1,-1,-1,-1,-1,1,-1,-1,-1,-1,1,-1,-1,1,1,1,-1,-1,-1,-1,1,-1,1,1,-1,1,-1,-1,1,1,-1,-1,-1,-1,-1,-1,1,1,-1,-1,1,-1,1,1,1,-1,-1,-1,-1,-1,1,-1,-1,-1,1,-1,1,1,1,-1,-1,-1,1,1,1,-1,-1,1,-1,-1,1,1,1,-1,1,-1,-1,1,1,-1,1,-1,-1,-1,1,1,1,1,1,1,-1,1,1,-1,1,1,1,-1,1,1,1,1,1,-1,-1,1,1,1,-1,1,-1,-1,1,-1,1,1,1,1,-1,-1,1,-1,1,-1,1,-1,1,1,1,1,-1,1,-1,1,1,1,1,1,1,-1,-1,1,1,1,1,-1,1,-1,1,1,1,1,-1,1,-1,1,1,1,-1,-1,1,-1,1,1,-1,1,-1,-1,-1,1,1,1,-1,1,-1,-1,1,1,1,-1,-1,-1,-1,1,1,1,-1,-1,-1,-1,-1,1,1,-1,1,-1,-1,-1,1,1,-1,1,-1,-1,1,1,1,1,1,1,-1,-1,1,1,-1,-1,1,1,1,-1,1,-1,1,-1,-1,1,1,-1,-1,1,-1,-1,-1,1,1,-1,1,-1,1,1,1,-1,-1,-1,-1,1,-1,-1,-1,-1,1,-1,1,1,1,-1,1,1,-1,1,1,1,1,-1,1,-1,1,1,1,1,-1,1,-1,1,1,1,1,-1,1,-1,1,1,1,1,-1,1,-1,1,1,-1,-1,-1,1,-1,-1,1,1,-1,-1,-1,1,-1,1,-1,1,-1,1,-1,-1,1,-2668.0,1,2000,445,1500,False
1671,1,1,-1,-1,1,1,-1,-1,1,1,1,-1,1,1,1,1,-1,1,-1,-1,1,-1,1,1,1,-1,-1,-1,1,1,1,1,-1,-1,-1,-1,1,-1,1,1,-1,-1,-1,1,1,1,1,-1,1,1,1,1,-1,1,-1,-1,1,-1,1,1,1,-1,-1,-1,1,1,1,1,-1,-1,-1,1,1,1,1,-1,-1,-1,1,1,1,-1,-1,-1,1,1,1,1,-1,-1,-1,1,1,1,1,-1,-1,1,1,-1,1,1,-1,-1,1,1,1,1,1,-1,-1,1,1,1,1,1,-1,-1,1,1,1,1,1,1,-1,-1,1,1,-1,1,1,-1,1,1,1,1,1,1,-1,-1,1,1,1,1,1,-1,1,1,1,1,1,1,-1,-1,-1,1,1,1,1,-1,1,1,1,1,-1,1,-1,1,-1,1,1,1,-1,-1,1,1,1,1,1,-1,1,-1,-1,1,1,1,-1,1,1,1,1,-1,1,1,1,1,-1,1,-1,1,-1,1,1,-1,1,-1,1,1,-1,1,-1,1,-1,1,-1,1,1,-1,1,-1,1,1,1,1,-1,-1,1,1,-1,-1,1,-1,1,-1,1,1,-1,1,-1,1,-1,1,-1,1,1,-1,-1,-1,1,1,-1,1,-1,1,1,1,-1,1,1,-1,1,-1,1,-1,1,-1,1,-1,1,1,-1,1,-1,-1,-1,-1,1,-1,1,-1,-1,-1,1,1,-1,-1,1,1,-1,1,1,1,-1,1,1,-1,1,1,1,1,-1,1,-1,1,1,-1,1,-1,1,1,1,-1,1,1,1,1,-1,-1,1,-1,-1,1,1,1,-1,1,1,1,-1,1,1,1,1,1,1,1,1,-1,1,1,1,-1,1,1,-1,1,1,1,-1,1,1,-1,-1,1,1,1,-1,1,-1,1,1,1,-1,1,1,-1,1,1,1,-1,1,1,-1,1,1,1,-1,1,1,-1,-1,1,1,-1,1,1,-1,1,-1,1,-1,1,1,1,-1,1,1,1,-1,1,1,-1,1,1,-1,1,1,1,-1,-1,-1,-1,1,1,1,-1,1,1,-1,1,1,-1,-1,1,1,1,1,1,-1,1,1,1,-1,1,1,1,-1,-1,1,1,-1,-1,1,-1,1,-1,1,-1,1,1,-1,-1,-1,1,-1,-1,1,1,-1,1,1,-1,1,1,1,1,-1,1,-1,-1,1,-1,1,-1,1,-1,1,1,1,1,-1,-1,1,-1,1,1,1,-1,1,1,1,-1,1,1,-1,1,-1,-1,1,1,1,-1,1,-1,1,1,1,1,-1,1,-1,1,1,1,-1,1,1,-1,1,1,1,-1,-1,1,-1,1,1,1,-1,1,-1,-1,-1,1,1,-1,-1,1,-1,1,1,1,1,-1,1,-1,-1,1,1,1,-1,-1,-1,1,1,1,-1,-1,1,-1,-1,1,-1,1,-1,-1,1,-1,1,-1,1,-1,-1,1,-1,-1,1,1,1,-1,1,-1,1,-1,-1,1,1,-1,-1,-1,1,-1,-1,-1,1,1,-1,1,-1,1,1,1,-1,1,1,-1,1,-1,1,-1,-1,1,-1,-1,1,1,1,-1,1,-1,-1,1,1,-1,-1,1,-1,-1,1,1,-1,-1,1,-1,-1,-1,1,1,-1,1,1,-1,-1,1,-1,-1,1,-1,1,-1,1,1,-1,-1,1,-1,-1,-1,-1,-1,1,1,1,-1,-1,1,-1,-1,1,-1,-1,1,-1,-1,1,1,-1,-1,1,-1,-1,1,1,-1,1,-1,-1,-1,-1,1,1,-1,-1,-1,-1,-1,1,-1,-1,1,-1,-1,-1,1,1,-1,-1,-1,-1,-1,1,-1,-1,-1,-1,-1,1,1,1,-1,-1,-1,-1,-1,1,1,-1,-1,-1,-1,-1,1,1,1,-1,-1,-1,-1,1,1,-1,-1,-1,-1,1,-1,1,1,-1,-1,1,1,-1,1,1,-1,-1,-1,1,1,1,1,1,-1,1,1,1,1,-1,1,-1,-1,1,-1,1,-1,1,-1,-1,1,-1,1,-1,-1,-1,-1,1,-1,1,-1,1,1,-1,1,-1,1,-1,1,1,1,-1,-1,1,-1,-1,-1,-1,1,-1,-1,-1,-1,-1,-1,1,-1,1,-1,-1,-1,-1,1,1,-1,1,-1,-1,-1,1,1,-1,1,-1,-1,-1,-1,-1,-1,1,-1,-1,-1,-1,-1,1,-1,-1,-1,1,-1,-1,1,-1,1,-1,-1,-1,-1,-1,-1,-1,1,-1,-1,-1,1,1,-1,-1,-1,-1,1,-1,-1,-1,-1,1,-1,-1,1,1,1,-1,-1,-1,-1,1,-1,1,1,-1,1,-1,-1,1,1,-1,-1,-1,-1,-1,-1,1,1,-1,-1,1,-1,1,1,-1,-1,-1,1,-1,-1,1,-1,-1,1,-1,-1,1,1,1,-1,1,-1,1,1,1,-1,-1,1,-1,-1,1,1,1,-1,1,-1,-1,1,1,-1,1,1,-1,-1,1,1,-1,1,1,-1,-1,1,1,-1,1,1,-1,-1,1,1,1,1,1,1,-1,1,1,1,1,1,-1,-1,1,-1,1,1,1,1,-1,-1,1,-1,1,1,1,-1,1,1,1,1,-1,1,-1,1,1,1,1,1,1,1,-1,1,1,1,1,-1,1,-1,1,1,1,1,1,-1,1,1,1,1,-1,1,1,-1,1,1,-1,1,1,-1,-1,1,1,1,1,-1,1,-1,1,1,1,-1,-1,1,-1,1,1,1,-1,1,-1,-1,-1,1,1,-1,-1,1,-1,-1,1,1,-1,-1,1,-1,1,1,1,1,-1,1,-1,-1,1,1,-1,-1,-1,1,1,1,1,-1,1,1,-1,1,1,-1,-1,1,1,-1,-1,1,1,-1,1,1,1,1,1,-1,-1,-1,-1,1,-1,-1,-1,-1,-1,1,1,1,1,-1,1,1,-1,1,1,1,1,-1,1,-1,1,1,1,1,-1,1,-1,1,1,1,1,-1,1,-1,1,1,1,1,-1,1,-1,1,1,-1,-1,-1,1,-1,1,1,1,-1,-1,-1,1,-1,1,-1,1,-1,1,-1,1,1,-2668.0,1,2000,445,1500,False
1672,1,1,-1,-1,1,1,-1,-1,1,1,1,-1,-1,1,1,1,-1,1,-1,-1,-1,-1,1,1,1,-1,-1,-1,1,1,1,1,-1,-1,-1,-1,1,1,1,1,-1,-1,-1,1,1,1,1,-1,1,1,1,1,-1,1,-1,-1,1,-1,1,1,1,-1,-1,-1,1,1,1,1,-1,-1,-1,1,1,1,1,-1,-1,-1,1,1,1,-1,-1,-1,1,1,1,1,-1,-1,-1,1,1,1,1,-1,-1,1,1,-1,1,1,-1,-1,1,1,1,1,1,-1,-1,-1,1,1,1,1,-1,-1,1,1,1,1,1,1,-1,-1,1,1,-1,1,1,-1,1,1,1,1,1,1,-1,1,1,1,1,1,1,-1,1,1,1,1,1,1,-1,-1,-1,1,1,1,1,-1,1,1,1,1,-1,1,-1,1,-1,1,1,1,-1,-1,1,1,1,1,1,-1,1,-1,-1,1,-1,1,-1,1,1,1,1,1,1,1,1,1,-1,1,-1,1,-1,1,1,-1,1,-1,1,1,-1,1,-1,1,-1,1,-1,1,1,-1,1,-1,1,1,1,1,-1,-1,1,1,-1,-1,1,-1,1,-1,1,1,-1,1,-1,1,-1,1,-1,-1,1,-1,-1,-1,1,1,-1,1,-1,1,1,1,-1,1,1,-1,1,-1,1,-1,1,-1,1,-1,1,1,-1,1,-1,-1,-1,1,1,-1,1,-1,-1,-1,1,1,-1,-1,1,1,-1,-1,1,1,-1,1,1,-1,1,1,1,1,-1,1,-1,1,1,-1,1,-1,1,1,1,1,1,1,1,1,-1,-1,1,-1,-1,-1,1,1,-1,1,1,1,-1,1,1,1,1,1,1,-1,1,-1,1,1,1,-1,-1,1,-1,1,1,1,-1,1,1,-1,-1,1,1,1,-1,1,-1,1,1,1,-1,1,1,-1,1,1,1,-1,1,1,-1,1,1,1,-1,1,1,-1,-1,1,1,-1,1,1,-1,1,-1,1,-1,1,-1,1,-1,1,1,1,-1,-1,1,-1,1,1,-1,1,1,1,-1,-1,-1,-1,1,1,1,-1,1,1,-1,1,1,-1,-1,1,1,1,1,1,-1,1,1,1,-1,1,1,1,1,-1,1,1,1,-1,1,-1,1,1,1,1,1,1,-1,-1,-1,1,-1,1,1,1,-1,1,1,-1,1,1,1,1,-1,1,-1,-1,1,-1,1,-1,1,1,-1,-1,1,1,-1,-1,1,-1,1,1,1,-1,1,1,1,1,1,1,-1,-1,1,-1,1,1,1,-1,1,1,1,1,1,1,-1,1,-1,1,1,1,-1,-1,1,-1,1,1,1,-1,-1,1,-1,1,1,1,-1,-1,1,-1,-1,1,1,-1,-1,1,-1,1,-1,1,1,-1,1,-1,-1,-1,1,1,-1,-1,-1,1,-1,1,-1,-1,1,-1,-1,1,-1,1,-1,-1,1,-1,1,-1,1,1,-1,1,-1,-1,1,1,1,-1,1,-1,1,-1,-1,-1,1,-1,-1,-1,1,-1,1,1,1,1,-1,1,-1,-1,1,1,-1,1,1,-1,-1,-1,1,-1,-1,1,-1,-1,1,1,1,-1,1,-1,-1,1,1,-1,-1,1,-1,-1,1,1,-1,-1,1,-1,-1,-1,1,1,-1,1,1,-1,-1,1,-1,-1,1,-1,1,1,-1,1,-1,-1,1,-1,-1,-1,-1,-1,1,1,1,-1,1,1,-1,-1,1,-1,1,-1,-1,-1,1,1,-1,-1,-1,-1,-1,1,1,-1,-1,1,-1,-1,-1,1,1,-1,-1,-1,-1,-1,1,-1,-1,1,-1,-1,-1,1,1,-1,-1,-1,-1,-1,1,-1,-1,1,-1,-1,1,1,1,-1,1,-1,-1,-1,1,1,-1,-1,-1,-1,-1,1,1,1,-1,-1,-1,-1,1,1,-1,-1,-1,-1,1,1,1,1,-1,-1,1,1,1,1,1,-1,-1,-1,1,1,1,-1,1,-1,1,1,1,1,-1,1,-1,-1,1,-1,1,-1,1,-1,-1,1,-1,1,-1,-1,-1,-1,1,-1,1,-1,1,-1,-1,1,-1,1,-1,1,-1,-1,1,-1,1,-1,-1,-1,-1,1,1,-1,-1,-1,-1,-1,1,-1,1,-1,-1,-1,-1,-1,-1,-1,1,-1,-1,-1,1,-1,-1,1,-1,-1,-1,-1,-1,1,1,-1,-1,-1,-1,-1,1,-1,-1,-1,1,-1,-1,1,-1,1,-1,-1,-1,-1,-1,-1,-1,1,-1,-1,-1,1,1,-1,-1,-1,-1,1,-1,-1,-1,-1,1,-1,-1,1,1,1,-1,-1,-1,-1,1,-1,1,1,-1,1,-1,-1,1,1,-1,-1,-1,-1,-1,-1,1,1,-1,-1,1,-1,1,1,-1,-1,-1,1,-1,1,1,-1,-1,1,-1,-1,1,1,1,-1,1,-1,1,1,1,-1,-1,1,-1,-1,1,1,1,-1,1,-1,-1,1,1,-1,1,1,-1,-1,1,1,-1,1,1,-1,-1,1,1,-1,1,1,-1,-1,1,1,1,1,-1,1,-1,-1,1,1,-1,1,-1,-1,1,-1,1,1,1,1,-1,-1,1,-1,1,1,1,-1,1,1,1,1,-1,1,-1,1,1,1,1,1,1,1,-1,1,1,1,1,-1,1,-1,1,1,1,1,1,-1,1,1,1,1,-1,1,1,-1,1,1,-1,1,1,-1,-1,1,1,1,1,-1,1,-1,1,1,1,-1,-1,1,-1,1,1,1,-1,1,-1,-1,-1,1,1,-1,-1,1,-1,-1,1,1,1,-1,1,-1,-1,1,1,1,-1,1,-1,-1,1,1,-1,-1,-1,1,-1,1,1,-1,1,1,-1,1,1,-1,-1,1,1,-1,-1,1,1,-1,1,1,-1,1,1,-1,-1,1,-1,1,-1,-1,-1,-1,1,-1,-1,1,1,-1,1,1,-1,1,1,1,1,-1,1,-1,1,1,1,-1,-1,1,-1,-1,1,1,-1,-1,1,-1,1,1,1,-1,-1,1,-1,1,1,1,1,-1,1,-1,-1,1,1,-1,-1,-1,1,-1,1,-1,1,-1,1,-1,-1,1,-2668.0,1,2000,445,1500,False
1673,1,1,-1,-1,1,1,-1,-1,1,1,1,-1,1,1,1,1,-1,1,-1,-1,-1,-1,1,1,1,-1,1,-1,1,1,1,1,-1,-1,-1,-1,1,-1,1,1,-1,-1,-1,1,1,1,1,-1,1,1,1,1,-1,1,-1,-1,1,-1,1,1,1,-1,-1,-1,1,1,1,1,-1,-1,-1,1,1,1,1,-1,-1,-1,1,1,1,-1,-1,-1,1,1,1,1,-1,-1,-1,1,1,1,1,-1,-1,1,1,-1,1,1,-1,-1,1,1,1,1,1,-1,-1,1,1,1,1,1,-1,-1,1,1,1,1,1,1,-1,-1,1,1,-1,1,1,-1,1,1,1,1,1,1,-1,-1,1,1,1,1,1,-1,1,1,1,1,1,1,-1,-1,-1,1,1,1,1,-1,1,1,1,1,-1,1,-1,1,-1,1,1,1,-1,-1,1,1,1,1,1,-1,1,-1,-1,1,-1,1,-1,1,1,1,1,1,1,1,1,1,-1,1,-1,1,-1,1,1,-1,1,-1,1,1,-1,1,-1,1,-1,1,-1,1,1,-1,-1,-1,1,1,1,1,-1,-1,1,1,-1,-1,1,-1,1,-1,1,1,-1,1,-1,1,-1,1,-1,1,1,-1,-1,-1,1,1,-1,1,-1,1,1,1,-1,1,1,-1,-1,-1,1,-1,1,-1,1,-1,1,1,-1,1,-1,-1,-1,1,1,-1,1,-1,-1,-1,1,1,-1,-1,1,1,-1,-1,1,1,-1,1,1,-1,1,1,1,1,-1,1,-1,1,1,-1,1,-1,1,1,-1,1,1,1,1,1,-1,-1,1,-1,-1,-1,1,1,-1,1,1,1,-1,1,-1,-1,1,1,1,1,1,-1,1,1,1,-1,1,1,-1,1,1,1,-1,1,1,-1,-1,1,1,1,-1,1,-1,1,1,1,-1,1,1,-1,1,1,1,-1,1,-1,-1,1,1,1,-1,1,-1,-1,-1,1,1,-1,1,-1,-1,1,-1,1,-1,1,1,-1,-1,1,1,1,-1,1,-1,-1,1,1,-1,1,-1,-1,-1,-1,-1,-1,1,1,-1,-1,1,1,-1,1,-1,1,-1,1,1,1,1,-1,-1,1,1,1,-1,1,-1,-1,-1,-1,1,1,1,1,-1,-1,1,1,1,1,-1,-1,-1,-1,-1,1,-1,1,-1,1,-1,1,1,-1,-1,-1,1,1,-1,1,-1,1,-1,-1,1,-1,1,1,-1,-1,-1,1,-1,-1,1,1,-1,-1,1,-1,1,1,-1,1,-1,1,-1,-1,1,1,-1,1,1,-1,1,1,-1,-1,1,1,-1,1,-1,1,-1,1,-1,-1,1,-1,1,-1,1,-1,-1,1,-1,-1,-1,1,-1,-1,1,-1,1,-1,1,-1,-1,1,-1,-1,1,-1,1,-1,1,1,1,-1,1,1,-1,-1,1,1,-1,1,-1,-1,1,-1,1,1,1,1,-1,-1,1,1,-1,1,1,-1,-1,1,1,1,1,1,1,-1,1,1,1,-1,1,-1,1,-1,-1,-1,1,-1,-1,1,-1,1,-1,1,-1,1,-1,-1,-1,1,1,-1,1,1,-1,-1,-1,1,-1,1,1,-1,1,-1,1,-1,-1,-1,-1,-1,-1,1,-1,-1,-1,-1,-1,-1,1,-1,1,1,1,1,-1,1,-1,1,1,-1,-1,-1,1,-1,-1,1,-1,1,-1,-1,1,1,1,1,-1,-1,1,1,1,1,-1,1,-1,-1,1,1,1,-1,-1,-1,1,1,1,1,-1,-1,-1,1,-1,1,-1,1,1,-1,-1,1,1,1,-1,-1,-1,1,1,1,1,1,-1,-1,-1,1,1,1,1,-1,-1,-1,1,-1,1,-1,-1,-1,-1,1,1,1,1,-1,-1,1,1,1,1,1,-1,-1,-1,1,1,-1,1,-1,-1,-1,1,1,1,1,-1,-1,1,1,1,1,1,-1,1,1,-1,1,1,-1,-1,-1,1,1,1,1,1,-1,1,1,1,1,1,1,-1,-1,1,-1,1,-1,-1,-1,-1,1,-1,1,1,-1,-1,-1,1,-1,1,1,-1,1,-1,1,1,1,-1,1,1,-1,1,-1,1,-1,-1,-1,-1,1,1,-1,-1,-1,-1,-1,1,-1,1,-1,-1,-1,-1,-1,-1,-1,1,-1,-1,-1,1,-1,-1,1,-1,-1,-1,-1,-1,1,1,-1,-1,-1,-1,-1,1,-1,-1,-1,1,-1,-1,1,-1,1,-1,-1,-1,-1,-1,-1,-1,1,-1,-1,-1,1,1,-1,-1,-1,-1,1,-1,-1,-1,-1,1,-1,-1,1,-1,1,-1,-1,-1,-1,1,-1,1,1,-1,1,-1,-1,1,1,-1,-1,-1,-1,-1,-1,1,1,-1,-1,1,-1,1,1,-1,-1,-1,1,-1,-1,1,-1,-1,1,-1,-1,1,1,1,-1,1,-1,1,1,1,-1,-1,1,-1,-1,1,1,1,-1,1,-1,-1,1,1,-1,1,1,-1,-1,1,1,-1,1,1,-1,-1,1,1,-1,1,1,-1,-1,1,1,1,1,1,1,-1,-1,1,1,1,1,-1,-1,1,-1,1,1,1,1,-1,-1,1,-1,1,1,1,-1,1,1,1,1,-1,1,-1,1,1,1,1,1,1,1,-1,1,1,1,1,-1,1,-1,1,1,1,1,1,-1,1,1,1,1,-1,1,1,-1,1,1,-1,1,1,-1,-1,1,1,1,1,-1,1,-1,1,1,1,-1,-1,1,-1,1,1,1,-1,1,-1,-1,-1,1,1,-1,-1,1,-1,-1,1,1,-1,-1,1,-1,-1,-1,1,1,1,-1,-1,-1,1,1,-1,-1,-1,1,-1,-1,1,-1,1,1,-1,1,1,-1,-1,1,1,-1,-1,1,1,-1,1,1,-1,1,1,-1,-1,-1,-1,1,-1,-1,-1,-1,-1,-1,-1,1,1,-1,1,1,-1,1,1,1,1,-1,1,-1,1,1,1,1,-1,1,-1,1,-1,1,1,-1,1,-1,-1,1,1,1,-1,1,-1,1,1,1,-1,-1,1,-1,-1,1,1,-1,-1,-1,1,-1,1,-1,1,-1,1,-1,-1,1,-2668.0,1,2000,445,1500,False
1674,1,1,-1,-1,1,-1,-1,-1,1,1,1,-1,1,1,1,1,-1,1,-1,-1,-1,-1,1,1,1,-1,1,-1,1,1,1,1,-1,-1,-1,-1,1,-1,1,1,-1,-1,-1,1,1,1,1,-1,1,1,1,1,-1,1,-1,-1,1,-1,1,1,1,-1,-1,-1,1,1,1,1,-1,-1,-1,1,1,1,1,-1,-1,-1,1,1,1,-1,-1,-1,1,1,1,1,-1,-1,-1,1,1,1,1,-1,-1,1,1,-1,1,1,-1,-1,1,1,1,1,1,-1,-1,-1,1,-1,1,1,-1,-1,1,1,1,1,1,1,-1,-1,1,1,-1,1,1,-1,1,1,1,1,1,1,-1,1,1,1,1,1,1,-1,1,1,1,1,1,1,-1,-1,-1,1,1,1,1,-1,1,1,1,1,-1,1,-1,1,1,1,1,1,-1,-1,1,1,1,1,1,-1,1,-1,-1,1,-1,1,-1,1,1,1,1,1,1,1,1,1,-1,1,-1,1,-1,1,1,-1,1,-1,1,1,-1,1,-1,1,-1,1,-1,1,1,-1,1,-1,1,1,1,1,-1,-1,1,1,-1,-1,1,-1,1,-1,-1,1,-1,1,-1,1,-1,1,-1,-1,1,-1,1,-1,1,1,-1,1,-1,1,1,1,-1,1,1,-1,1,-1,1,-1,1,-1,1,-1,1,1,-1,1,-1,-1,-1,1,1,-1,1,-1,-1,-1,1,1,-1,-1,1,1,-1,-1,1,1,-1,1,1,-1,1,1,1,1,-1,1,-1,1,1,-1,1,-1,1,1,-1,1,1,1,1,1,-1,-1,1,-1,-1,1,1,1,-1,1,1,1,-1,1,-1,-1,1,1,1,1,1,-1,1,1,1,-1,1,1,-1,1,1,1,-1,1,1,-1,-1,1,1,1,-1,1,-1,1,1,1,-1,1,1,-1,1,1,1,-1,1,-1,-1,1,1,1,-1,1,-1,-1,-1,1,1,-1,1,-1,-1,1,-1,1,-1,1,1,-1,-1,1,1,1,-1,1,-1,-1,1,1,-1,1,-1,-1,-1,-1,-1,-1,1,-1,-1,-1,1,1,-1,1,-1,-1,-1,1,1,1,1,1,-1,1,1,1,-1,1,-1,-1,-1,-1,1,1,-1,1,-1,-1,1,-1,1,-1,-1,-1,1,-1,-1,1,-1,1,-1,-1,1,-1,1,-1,-1,-1,1,1,-1,1,-1,1,-1,-1,1,-1,1,-1,1,-1,-1,1,-1,-1,1,1,-1,-1,1,-1,1,1,1,1,-1,1,-1,1,-1,1,-1,-1,1,-1,-1,-1,-1,1,1,1,-1,1,-1,1,-1,1,-1,1,1,-1,1,-1,1,-1,-1,1,-1,1,-1,1,-1,1,-1,1,1,-1,1,-1,-1,1,-1,1,-1,1,1,-1,1,-1,1,-1,1,1,-1,-1,-1,1,-1,1,-1,-1,1,-1,1,-1,1,1,-1,-1,1,1,-1,1,1,-1,-1,1,1,1,-1,1,1,-1,1,1,-1,1,-1,-1,1,-1,-1,-1,1,-1,1,-1,-1,1,-1,1,-1,1,-1,-1,-1,1,1,-1,1,-1,-1,-1,1,1,-1,1,-1,-1,1,-1,1,-1,-1,-1,-1,-1,-1,1,-1,-1,-1,-1,-1,-1,1,-1,1,1,-1,1,-1,1,-1,1,1,-1,-1,-1,1,-1,-1,1,-1,1,-1,-1,1,1,1,1,-1,-1,-1,1,1,1,1,1,-1,1,1,1,1,-1,-1,-1,-1,1,1,1,-1,1,-1,1,-1,1,-1,1,1,-1,-1,1,1,1,1,-1,-1,1,1,1,1,-1,-1,-1,-1,1,1,1,1,-1,-1,-1,1,1,1,1,-1,-1,1,1,1,1,1,-1,-1,-1,1,1,1,1,-1,-1,-1,1,1,-1,1,-1,-1,-1,1,1,1,1,-1,-1,1,1,1,1,-1,-1,1,1,-1,1,1,-1,-1,-1,1,1,1,-1,1,-1,1,1,1,1,1,-1,-1,-1,1,-1,1,-1,-1,-1,-1,1,-1,1,1,1,-1,-1,1,-1,1,1,-1,1,-1,1,1,1,1,-1,1,-1,1,-1,1,1,-1,-1,-1,1,1,-1,-1,-1,-1,-1,1,-1,1,-1,-1,-1,-1,-1,-1,-1,1,-1,-1,-1,1,-1,-1,1,-1,-1,-1,-1,-1,1,1,-1,-1,-1,-1,-1,1,-1,-1,-1,1,-1,-1,1,-1,1,-1,-1,-1,-1,-1,-1,-1,1,-1,-1,-1,1,1,1,-1,-1,1,-1,-1,-1,-1,-1,1,-1,-1,1,1,1,-1,-1,-1,-1,1,-1,1,1,-1,1,-1,-1,1,1,-1,-1,-1,-1,-1,-1,1,1,-1,-1,1,-1,1,1,-1,-1,-1,1,-1,1,1,-1,-1,1,-1,-1,1,1,1,-1,1,-1,1,1,1,-1,-1,1,-1,-1,1,1,1,-1,1,-1,-1,1,1,-1,1,1,-1,-1,1,1,-1,1,1,-1,-1,1,1,-1,1,1,-1,-1,1,1,1,1,-1,1,-1,1,1,1,-1,1,-1,-1,1,-1,1,1,1,1,-1,-1,1,-1,1,1,1,-1,1,1,1,1,-1,1,-1,1,1,1,1,1,1,1,-1,1,1,1,1,-1,1,-1,1,1,1,1,1,-1,1,1,1,1,-1,1,1,-1,1,1,-1,1,1,-1,-1,1,1,1,1,-1,1,-1,1,1,1,-1,-1,1,-1,1,1,1,-1,1,-1,-1,-1,1,1,-1,-1,1,-1,-1,1,1,-1,-1,1,-1,1,1,1,1,-1,1,-1,-1,1,1,-1,-1,-1,1,1,-1,1,-1,1,1,-1,1,1,-1,-1,1,1,-1,-1,1,1,-1,1,1,1,1,1,-1,-1,-1,-1,-1,-1,-1,-1,-1,-1,1,1,1,1,-1,1,1,-1,1,1,1,1,-1,1,-1,1,1,1,-1,-1,1,-1,1,1,1,-1,-1,1,-1,1,1,1,-1,-1,1,-1,1,1,1,1,-1,1,-1,1,1,1,-1,-1,-1,1,-1,1,-1,1,-1,1,-1,1,1,-2668.0,1,2000,445,1500,False
1675,1,1,-1,-1,1,1,-1,-1,1,1,1,-1,1,1,1,1,-1,1,-1,-1,-1,-1,1,1,1,-1,-1,-1,1,1,1,1,1,-1,-1,-1,1,1,1,-1,-1,-1,-1,1,1,1,1,-1,1,1,1,1,-1,1,-1,-1,1,-1,1,1,1,-1,-1,-1,1,1,1,1,-1,-1,-1,1,1,1,1,-1,-1,-1,1,1,1,-1,-1,-1,1,1,1,1,-1,1,-1,1,1,1,1,-1,-1,1,1,-1,1,1,-1,-1,1,1,1,1,1,-1,-1,1,1,-1,1,1,-1,-1,1,1,1,1,1,1,-1,1,1,1,-1,1,1,-1,1,1,1,1,1,1,-1,-1,1,1,1,1,1,-1,1,1,1,1,1,1,-1,-1,-1,1,1,1,1,-1,1,1,1,1,-1,1,-1,1,1,1,1,1,-1,-1,1,1,1,1,1,-1,1,-1,-1,1,-1,1,-1,1,1,1,1,1,1,1,1,1,-1,1,-1,1,-1,1,1,-1,1,-1,1,1,-1,1,-1,1,-1,1,-1,1,1,-1,1,-1,1,1,1,1,-1,-1,1,1,-1,-1,1,-1,1,-1,-1,1,-1,1,-1,1,-1,1,-1,1,1,-1,-1,-1,1,1,-1,1,-1,1,1,1,-1,1,1,-1,1,-1,1,-1,1,-1,1,-1,1,1,-1,1,-1,-1,-1,1,1,-1,1,-1,-1,-1,1,1,-1,-1,1,1,-1,-1,1,1,-1,1,1,-1,1,1,1,1,-1,1,-1,1,1,-1,1,-1,1,1,-1,1,1,1,1,1,-1,-1,1,-1,-1,1,1,1,-1,1,1,1,-1,1,-1,-1,1,1,1,-1,1,-1,1,1,1,-1,-1,1,-1,1,1,1,-1,1,1,-1,-1,1,1,1,-1,1,-1,1,1,1,-1,1,1,-1,1,1,1,-1,1,-1,-1,1,1,1,-1,1,-1,-1,-1,-1,1,-1,1,-1,-1,1,1,1,-1,1,1,-1,-1,1,1,1,1,1,-1,-1,1,1,-1,1,-1,1,-1,-1,1,-1,1,1,-1,-1,1,-1,-1,1,1,-1,-1,-1,1,1,1,1,-1,1,-1,1,-1,1,-1,-1,-1,-1,1,1,1,1,-1,-1,1,-1,1,1,-1,-1,-1,1,-1,1,-1,-1,-1,1,-1,1,1,1,1,1,1,1,-1,1,-1,1,-1,-1,1,-1,1,1,1,1,-1,1,-1,-1,1,1,-1,-1,1,-1,1,1,1,-1,-1,1,-1,-1,1,1,-1,1,1,-1,1,1,-1,-1,1,1,-1,1,-1,-1,-1,1,-1,1,1,-1,-1,-1,1,-1,-1,1,-1,-1,-1,1,-1,-1,1,1,-1,-1,1,-1,-1,1,-1,-1,-1,1,1,-1,1,-1,-1,-1,1,1,-1,1,-1,1,-1,1,-1,-1,1,-1,-1,1,-1,1,-1,-1,1,-1,1,-1,1,-1,1,1,-1,-1,1,1,1,-1,1,-1,1,-1,-1,1,1,-1,-1,-1,1,-1,-1,-1,1,1,-1,1,-1,1,-1,1,-1,1,1,-1,1,1,1,-1,1,1,-1,1,-1,1,1,-1,1,-1,-1,1,1,-1,-1,1,-1,-1,-1,1,-1,-1,1,-1,1,1,1,1,-1,1,-1,-1,1,1,-1,-1,1,-1,-1,-1,1,1,-1,-1,1,1,-1,1,-1,-1,-1,1,1,-1,1,1,-1,1,1,1,-1,1,-1,-1,1,1,1,1,-1,1,-1,1,-1,1,1,1,1,-1,-1,1,1,1,-1,-1,-1,1,1,1,1,1,-1,-1,-1,1,1,1,-1,-1,-1,-1,1,1,1,1,-1,-1,1,1,1,1,1,-1,-1,-1,1,1,1,1,-1,-1,-1,1,1,-1,1,-1,-1,-1,1,1,1,1,-1,-1,1,1,1,1,1,-1,1,1,-1,1,1,-1,-1,-1,1,1,1,1,1,-1,1,1,1,1,1,1,-1,-1,1,-1,1,-1,1,-1,-1,1,-1,1,-1,-1,-1,-1,1,-1,1,1,-1,-1,-1,1,1,1,-1,1,-1,-1,1,-1,1,-1,-1,-1,-1,1,1,-1,-1,-1,-1,-1,1,-1,1,-1,-1,-1,-1,-1,-1,-1,1,-1,-1,-1,1,-1,-1,1,-1,-1,-1,-1,-1,1,1,-1,-1,-1,-1,-1,1,-1,-1,-1,1,-1,-1,1,-1,1,-1,-1,-1,-1,1,-1,-1,1,-1,-1,-1,-1,1,-1,-1,-1,1,-1,1,-1,-1,-1,1,-1,-1,-1,-1,1,-1,-1,-1,-1,-1,1,1,1,-1,1,-1,1,-1,1,-1,-1,-1,-1,-1,-1,1,1,-1,-1,1,-1,1,1,-1,-1,-1,1,-1,1,1,-1,-1,1,-1,-1,1,1,1,-1,1,-1,1,1,1,-1,-1,1,-1,-1,1,1,1,-1,1,-1,-1,1,1,-1,1,1,-1,-1,1,1,1,1,1,-1,-1,1,1,-1,1,1,-1,-1,1,1,1,1,1,1,-1,1,1,1,-1,1,-1,-1,1,-1,1,1,1,1,-1,-1,1,-1,1,1,1,-1,1,-1,1,1,-1,1,-1,1,1,1,1,1,1,1,-1,-1,1,1,1,-1,1,-1,1,1,1,1,1,-1,1,-1,1,1,-1,1,1,-1,-1,1,-1,1,1,-1,-1,1,1,1,1,-1,1,-1,-1,1,1,-1,-1,1,-1,1,1,1,-1,1,-1,-1,-1,1,1,-1,-1,1,-1,-1,1,1,-1,-1,1,-1,-1,1,1,1,-1,1,-1,-1,1,1,-1,-1,1,1,-1,1,1,-1,1,1,-1,1,1,-1,-1,1,-1,-1,-1,-1,1,-1,1,1,-1,1,1,-1,-1,-1,-1,1,-1,-1,-1,-1,1,-1,-1,1,1,-1,1,1,-1,1,1,1,1,-1,1,-1,1,1,1,1,-1,1,-1,-1,1,1,1,-1,1,-1,1,1,1,1,-1,1,-1,1,1,1,-1,-1,1,-1,-1,1,1,-1,-1,-1,1,-1,1,1,1,-1,1,-1,-1,1,-2668.0,1,2000,445,1500,False
1676,1,1,-1,-1,1,-1,-1,-1,1,1,1,-1,1,1,1,1,-1,1,-1,-1,1,-1,1,1,1,1,-1,-1,1,1,1,1,-1,-1,-1,-1,1,-1,1,1,-1,-1,-1,1,1,1,1,-1,1,1,1,1,-1,1,-1,-1,1,-1,1,1,1,-1,-1,-1,1,1,1,1,-1,-1,-1,1,1,1,1,-1,-1,-1,1,1,1,-1,-1,-1,1,1,1,1,-1,-1,-1,1,1,1,1,-1,-1,1,1,-1,1,1,-1,-1,1,1,1,1,1,-1,-1,1,1,-1,1,1,-1,-1,1,1,1,1,1,1,-1,-1,1,1,-1,1,1,-1,1,1,1,1,1,1,-1,-1,1,1,1,1,1,-1,1,1,1,1,1,1,-1,-1,-1,1,1,1,1,-1,1,1,1,1,-1,1,-1,1,-1,1,1,1,-1,-1,1,1,1,1,1,-1,1,-1,-1,1,-1,1,-1,1,1,1,1,1,1,1,1,1,-1,1,-1,1,-1,1,1,-1,1,-1,1,1,-1,1,-1,1,-1,1,-1,1,1,-1,1,-1,1,1,1,1,-1,-1,1,1,-1,-1,1,-1,1,-1,-1,1,-1,1,-1,1,-1,1,-1,1,1,-1,-1,-1,1,1,-1,1,-1,1,1,1,-1,1,1,-1,1,-1,1,-1,1,-1,1,-1,1,1,-1,1,-1,-1,-1,1,1,-1,1,-1,-1,-1,1,1,-1,-1,1,1,-1,-1,1,1,-1,1,1,-1,1,1,1,1,-1,1,-1,1,1,-1,1,-1,1,1,-1,1,1,1,1,1,-1,-1,1,-1,-1,1,1,1,-1,1,1,1,-1,1,-1,-1,1,1,1,1,1,-1,1,1,1,-1,1,1,-1,1,1,1,-1,1,1,-1,-1,1,1,1,-1,1,-1,1,1,1,-1,1,1,-1,1,1,1,-1,1,-1,-1,1,1,1,-1,1,-1,-1,-1,1,1,-1,1,-1,-1,1,-1,1,-1,1,1,-1,-1,1,1,1,-1,1,-1,-1,1,1,-1,1,-1,-1,-1,-1,-1,-1,1,-1,-1,-1,1,1,-1,1,-1,1,-1,1,1,1,1,-1,-1,1,1,1,-1,1,-1,-1,-1,-1,1,1,1,1,-1,-1,1,-1,1,1,-1,-1,-1,-1,-1,1,-1,1,-1,1,-1,1,1,-1,-1,-1,1,1,-1,1,-1,1,-1,-1,1,-1,1,1,-1,-1,-1,1,-1,-1,1,1,-1,-1,1,-1,1,1,-1,1,-1,1,-1,-1,1,1,-1,1,1,-1,1,1,-1,-1,1,1,-1,1,-1,1,-1,1,-1,1,1,-1,1,-1,1,-1,-1,1,-1,-1,-1,1,-1,-1,1,-1,1,-1,1,-1,-1,1,-1,-1,1,-1,1,-1,1,1,1,-1,1,1,-1,1,-1,1,-1,1,-1,-1,1,-1,1,1,-1,1,-1,-1,1,1,-1,-1,1,-1,1,1,1,1,1,1,1,-1,1,1,1,-1,1,1,1,-1,-1,-1,1,-1,1,1,1,1,-1,1,-1,1,-1,-1,-1,1,1,-1,1,1,-1,-1,-1,1,-1,1,1,-1,1,-1,1,-1,-1,-1,-1,-1,-1,1,-1,-1,-1,-1,-1,-1,1,-1,1,1,1,1,-1,1,-1,1,1,-1,-1,-1,1,-1,-1,1,-1,1,-1,-1,1,1,1,1,-1,-1,1,1,1,1,-1,1,-1,-1,1,1,1,-1,-1,-1,1,1,1,1,-1,1,-1,1,-1,1,-1,1,1,-1,-1,1,1,1,-1,-1,-1,-1,1,1,1,1,-1,-1,-1,1,1,1,1,-1,-1,-1,1,-1,1,-1,-1,-1,1,1,1,1,1,-1,-1,-1,1,1,1,1,-1,-1,-1,1,1,-1,1,-1,-1,-1,1,1,1,1,-1,-1,1,1,1,1,1,-1,1,1,-1,1,1,-1,-1,-1,1,1,1,1,1,-1,1,1,1,1,1,1,-1,-1,1,-1,1,-1,1,-1,-1,1,-1,1,1,-1,-1,-1,1,-1,1,1,-1,1,-1,1,1,1,-1,1,1,-1,1,-1,1,-1,-1,-1,-1,1,1,-1,-1,-1,-1,-1,1,-1,1,-1,-1,-1,-1,-1,-1,-1,1,-1,-1,-1,1,-1,-1,1,-1,-1,-1,-1,-1,1,1,-1,-1,-1,-1,-1,1,-1,-1,-1,1,-1,-1,1,-1,1,-1,-1,-1,-1,-1,-1,-1,1,-1,-1,-1,1,1,-1,-1,-1,1,-1,-1,-1,-1,-1,1,-1,-1,1,-1,1,-1,-1,-1,-1,1,-1,1,1,-1,1,-1,-1,1,1,-1,-1,-1,-1,-1,-1,1,1,-1,-1,1,-1,1,1,-1,-1,-1,1,-1,-1,1,-1,-1,1,-1,-1,1,1,1,-1,1,-1,1,1,1,-1,-1,1,-1,-1,1,1,1,-1,1,-1,-1,1,1,-1,1,1,-1,-1,1,1,-1,1,1,-1,-1,1,1,-1,1,1,-1,-1,1,1,1,1,1,1,-1,1,1,1,1,1,-1,-1,1,-1,1,1,1,1,-1,-1,1,-1,1,1,1,-1,1,-1,1,1,-1,1,-1,1,1,1,1,1,1,1,-1,-1,1,1,1,-1,1,-1,1,1,1,1,1,-1,1,-1,1,1,-1,1,1,-1,-1,1,-1,1,1,-1,-1,1,1,1,1,-1,1,-1,-1,1,1,-1,-1,1,-1,1,1,1,-1,1,-1,-1,-1,1,1,-1,-1,1,-1,-1,1,1,-1,-1,1,-1,-1,1,1,1,-1,-1,-1,-1,1,1,-1,-1,-1,1,-1,-1,1,-1,1,1,-1,1,1,-1,-1,1,1,-1,-1,1,1,-1,1,1,-1,1,1,-1,-1,-1,-1,1,-1,-1,-1,-1,-1,-1,-1,1,1,-1,1,1,-1,1,1,1,1,-1,1,-1,1,1,1,1,-1,1,-1,-1,1,1,1,-1,1,-1,1,1,1,1,-1,1,-1,1,1,-1,-1,-1,1,-1,-1,1,1,-1,-1,-1,1,-1,1,-1,1,-1,1,-1,-1,1,-2668.0,1,2000,445,1500,False
1677,1,1,-1,-1,1,-1,-1,-1,1,1,1,-1,1,1,-1,1,-1,1,-1,-1,-1,1,1,1,1,-1,-1,-1,1,1,1,1,-1,-1,-1,-1,1,1,1,1,-1,-1,-1,1,1,1,1,-1,1,1,1,1,-1,1,-1,-1,1,-1,1,1,1,-1,-1,1,1,1,1,1,-1,-1,1,1,1,1,1,-1,-1,-1,1,1,1,-1,-1,-1,1,1,1,1,-1,-1,1,1,1,1,1,-1,-1,-1,1,-1,1,1,-1,-1,1,1,1,1,1,-1,-1,-1,1,-1,1,1,-1,-1,1,1,1,1,1,1,-1,-1,1,1,-1,1,1,-1,1,1,1,1,1,1,-1,1,1,1,1,1,1,-1,1,1,1,1,1,1,-1,-1,-1,1,1,1,1,-1,1,-1,1,1,-1,1,-1,1,-1,1,1,1,-1,-1,1,1,1,1,1,-1,1,-1,-1,1,-1,1,-1,1,1,1,1,1,1,1,1,1,-1,1,-1,1,-1,1,1,-1,1,-1,1,1,-1,1,-1,1,-1,1,-1,1,1,-1,1,-1,1,1,1,1,-1,-1,1,1,-1,-1,1,-1,1,-1,-1,1,-1,1,-1,1,-1,1,-1,1,1,-1,-1,-1,1,1,-1,1,-1,1,1,1,-1,1,1,-1,1,-1,1,-1,1,-1,1,-1,1,1,-1,1,-1,-1,-1,1,1,-1,1,-1,1,-1,1,1,-1,-1,1,1,-1,-1,1,1,-1,1,1,-1,1,1,1,1,-1,1,-1,1,1,-1,1,-1,1,1,-1,1,1,1,1,1,-1,-1,1,-1,-1,-1,-1,1,-1,1,1,1,-1,1,-1,-1,1,1,1,-1,1,-1,1,1,1,-1,-1,1,-1,1,1,1,-1,1,1,-1,-1,1,1,1,-1,1,-1,1,1,1,-1,1,1,-1,1,1,1,-1,1,-1,-1,1,1,1,-1,1,-1,-1,-1,1,1,-1,1,-1,-1,1,-1,1,-1,1,1,-1,-1,1,1,1,-1,1,-1,-1,1,1,-1,1,-1,-1,-1,-1,-1,-1,1,1,-1,-1,1,1,-1,1,-1,-1,-1,1,1,1,1,1,-1,1,1,1,-1,1,-1,-1,-1,-1,1,1,1,1,-1,-1,1,1,1,1,-1,-1,1,-1,-1,1,-1,1,-1,-1,1,-1,1,-1,-1,-1,1,1,-1,1,-1,1,-1,-1,1,-1,1,1,-1,-1,-1,1,-1,-1,1,1,-1,-1,1,-1,1,1,-1,1,-1,1,-1,-1,1,1,-1,-1,1,-1,1,1,-1,-1,1,1,-1,1,-1,1,-1,1,-1,-1,1,-1,1,-1,1,-1,-1,1,-1,-1,-1,1,-1,-1,1,1,1,-1,1,-1,-1,1,-1,-1,1,-1,1,-1,1,1,1,-1,1,1,-1,-1,-1,1,-1,1,-1,-1,1,-1,1,1,1,1,-1,-1,1,1,-1,1,1,-1,-1,1,1,1,-1,1,1,-1,1,1,1,1,1,1,1,-1,-1,1,-1,1,-1,1,1,-1,1,1,-1,1,-1,-1,-1,1,1,-1,1,1,-1,-1,-1,1,-1,1,1,-1,-1,-1,1,-1,-1,-1,-1,1,-1,1,-1,-1,-1,-1,-1,-1,1,-1,1,1,1,1,-1,1,-1,1,1,-1,-1,-1,1,-1,-1,1,-1,1,-1,-1,1,1,1,1,-1,-1,1,1,1,1,-1,1,-1,-1,1,1,1,-1,-1,-1,1,1,1,1,-1,1,-1,1,-1,1,-1,1,1,-1,-1,1,1,1,-1,-1,-1,-1,1,1,1,1,-1,-1,-1,1,1,1,1,-1,-1,-1,1,1,1,-1,-1,-1,1,1,1,1,1,-1,-1,-1,1,1,1,1,-1,-1,-1,1,1,-1,1,-1,-1,-1,1,1,1,1,-1,-1,1,1,1,1,-1,-1,1,1,-1,1,1,-1,-1,-1,1,1,1,1,1,-1,1,1,1,1,1,-1,-1,-1,1,-1,1,-1,-1,-1,-1,1,-1,1,1,-1,-1,-1,1,-1,1,1,-1,-1,-1,1,1,1,1,-1,-1,-1,1,-1,1,1,-1,-1,-1,1,1,-1,-1,-1,-1,-1,1,-1,1,-1,-1,-1,-1,-1,-1,-1,1,-1,-1,-1,1,-1,-1,1,-1,-1,-1,-1,-1,1,1,-1,-1,-1,-1,-1,1,-1,-1,-1,1,-1,-1,1,-1,1,-1,-1,-1,-1,-1,-1,-1,1,-1,-1,-1,1,1,-1,-1,-1,1,-1,-1,-1,-1,-1,1,-1,-1,1,1,1,-1,-1,-1,-1,1,-1,1,1,-1,1,-1,-1,1,1,-1,-1,-1,-1,-1,-1,1,1,-1,-1,1,-1,1,1,-1,-1,-1,1,-1,1,1,-1,-1,1,-1,-1,1,1,1,-1,1,-1,1,1,1,-1,-1,1,-1,-1,1,-1,1,-1,1,-1,-1,1,1,-1,1,1,-1,-1,1,1,1,1,1,-1,-1,1,1,-1,1,1,-1,-1,1,1,1,1,1,1,-1,-1,1,1,1,1,-1,-1,1,-1,1,1,1,1,-1,-1,1,-1,1,1,1,-1,1,1,1,1,-1,1,-1,1,1,1,1,1,1,1,-1,1,1,1,1,-1,1,-1,1,1,1,1,1,-1,1,1,1,1,-1,1,1,-1,1,1,-1,1,1,-1,-1,1,1,1,1,-1,1,-1,1,1,1,-1,-1,1,-1,1,1,1,-1,1,-1,-1,-1,1,1,-1,-1,1,-1,-1,1,1,-1,-1,1,-1,-1,1,1,1,-1,1,-1,-1,1,1,-1,-1,-1,1,-1,-1,1,-1,1,1,-1,1,1,-1,-1,1,1,-1,-1,1,1,-1,1,1,-1,1,1,-1,-1,-1,-1,1,-1,-1,-1,-1,1,-1,-1,1,1,-1,1,1,-1,1,1,1,1,-1,1,-1,1,1,1,-1,-1,1,-1,-1,1,1,-1,-1,1,-1,1,1,1,-1,-1,1,-1,1,1,1,1,-1,1,-1,-1,1,1,1,-1,-1,1,-1,1,-1,1,-1,1,-1,-1,1,-2668.0,1,2000,445,0,False
1678,1,1,-1,-1,1,-1,-1,-1,1,1,1,-1,1,1,1,1,-1,1,1,-1,-1,-1,1,1,1,1,-1,-1,1,1,1,1,-1,-1,-1,-1,1,-1,1,1,-1,-1,-1,1,1,1,1,-1,1,1,1,1,-1,1,-1,-1,1,-1,1,1,1,-1,-1,-1,1,1,1,1,-1,-1,-1,1,1,1,1,-1,-1,-1,1,1,1,-1,-1,-1,1,1,1,1,-1,-1,-1,1,1,1,1,-1,-1,1,1,-1,1,1,-1,-1,1,1,1,1,1,-1,-1,1,1,-1,1,1,-1,-1,1,1,1,1,1,1,-1,1,1,1,-1,1,1,-1,1,1,1,1,1,1,-1,-1,1,1,1,1,1,-1,1,1,1,1,1,1,-1,-1,-1,1,1,1,1,-1,1,1,1,1,-1,1,-1,1,-1,1,1,1,-1,-1,1,1,1,1,1,-1,1,-1,-1,1,-1,1,-1,1,1,1,1,1,1,1,1,1,-1,1,-1,1,-1,1,1,-1,1,-1,1,1,-1,1,-1,1,-1,1,-1,1,1,-1,1,-1,1,1,1,1,-1,-1,1,1,-1,-1,1,-1,1,-1,1,1,-1,1,-1,1,-1,1,-1,-1,1,-1,-1,-1,1,1,-1,1,-1,1,1,1,-1,1,1,-1,-1,-1,1,-1,1,-1,1,-1,1,1,-1,1,-1,-1,-1,1,1,-1,1,-1,-1,-1,1,1,-1,-1,1,1,-1,-1,1,1,-1,1,1,-1,1,1,1,1,-1,1,-1,1,1,-1,1,-1,1,1,-1,1,1,1,1,1,-1,-1,1,-1,-1,-1,1,1,-1,1,1,1,-1,1,-1,-1,1,1,1,1,1,-1,1,1,1,-1,1,1,-1,1,1,1,-1,1,1,-1,-1,1,1,1,-1,1,-1,1,1,1,-1,1,1,-1,1,1,1,-1,1,-1,-1,1,1,1,-1,1,-1,-1,-1,1,1,-1,1,-1,-1,1,-1,1,-1,1,1,-1,-1,1,1,1,-1,1,-1,-1,1,1,-1,1,-1,-1,-1,-1,-1,-1,1,1,-1,-1,1,1,-1,1,-1,-1,-1,1,1,1,1,-1,-1,1,1,1,-1,1,-1,-1,-1,-1,1,1,1,1,-1,-1,1,1,1,1,-1,-1,-1,-1,-1,1,-1,1,-1,1,-1,1,1,1,-1,-1,1,1,-1,1,-1,1,-1,-1,1,-1,1,1,-1,-1,-1,1,-1,-1,1,1,-1,-1,1,-1,1,1,-1,1,-1,1,-1,-1,1,1,-1,1,1,-1,1,1,-1,-1,1,1,-1,1,-1,1,-1,1,-1,1,1,-1,1,-1,1,-1,-1,1,-1,-1,-1,1,-1,-1,1,-1,1,-1,1,-1,-1,1,-1,-1,1,-1,1,-1,1,1,1,-1,1,1,-1,1,-1,1,-1,1,-1,-1,1,-1,1,1,-1,1,-1,-1,1,1,-1,-1,1,-1,1,1,1,1,1,1,1,-1,1,1,1,-1,1,1,1,-1,-1,-1,1,-1,-1,1,-1,1,-1,1,-1,1,-1,-1,-1,1,1,-1,1,1,-1,-1,-1,1,-1,1,1,-1,1,-1,1,-1,-1,-1,-1,-1,-1,1,-1,-1,-1,-1,-1,-1,1,-1,1,1,1,1,-1,1,-1,1,1,-1,-1,-1,1,-1,-1,1,-1,1,-1,-1,1,1,1,1,-1,-1,1,1,1,1,-1,1,-1,-1,1,1,1,-1,-1,-1,1,1,1,1,-1,1,-1,1,-1,1,-1,1,1,-1,-1,1,1,1,-1,-1,-1,1,1,1,1,1,-1,-1,-1,1,1,1,1,-1,-1,-1,1,1,1,-1,-1,-1,1,1,1,1,1,-1,-1,-1,1,1,1,-1,-1,-1,-1,1,1,-1,1,-1,-1,-1,1,1,1,1,-1,-1,1,1,1,1,1,-1,1,1,-1,1,1,-1,-1,-1,1,1,1,1,1,-1,1,1,1,1,1,1,-1,-1,1,-1,1,-1,1,-1,-1,1,-1,1,1,-1,-1,-1,1,-1,1,1,-1,1,-1,1,1,1,-1,1,1,-1,1,-1,1,-1,-1,-1,-1,1,1,-1,-1,-1,-1,-1,1,-1,1,-1,-1,-1,-1,-1,-1,-1,1,-1,-1,-1,1,-1,-1,1,-1,-1,-1,-1,-1,-1,1,-1,-1,-1,-1,-1,1,-1,-1,-1,1,-1,-1,1,-1,1,-1,-1,-1,-1,-1,-1,-1,1,-1,-1,-1,1,1,1,-1,-1,-1,1,-1,-1,-1,-1,1,-1,-1,1,1,1,-1,-1,-1,-1,1,-1,1,1,-1,1,-1,-1,1,1,-1,-1,-1,-1,-1,-1,1,1,-1,-1,1,-1,1,1,-1,-1,-1,1,-1,-1,1,-1,-1,1,-1,-1,1,1,1,-1,1,-1,1,1,1,-1,-1,1,-1,-1,1,1,1,-1,1,-1,-1,1,1,-1,1,1,-1,-1,1,1,-1,1,1,-1,-1,1,1,-1,1,1,-1,-1,1,1,1,1,-1,1,-1,-1,1,-1,1,1,-1,-1,1,-1,1,1,1,1,-1,-1,1,-1,1,1,1,-1,1,-1,1,1,-1,1,-1,1,1,1,1,1,1,1,-1,-1,1,1,1,-1,1,-1,1,1,1,1,1,-1,1,-1,1,1,-1,1,1,-1,1,1,-1,1,1,-1,-1,1,1,1,1,-1,1,-1,-1,1,1,-1,-1,1,-1,1,1,1,-1,1,-1,-1,-1,1,1,-1,-1,1,-1,-1,1,1,-1,-1,1,-1,-1,1,1,1,-1,1,-1,-1,1,1,-1,-1,-1,1,-1,-1,1,-1,1,1,-1,1,1,-1,-1,1,-1,-1,-1,1,1,-1,1,1,-1,1,1,-1,-1,-1,-1,1,-1,-1,-1,-1,1,-1,-1,1,1,-1,1,1,-1,1,1,1,1,-1,1,-1,1,1,1,1,-1,1,-1,-1,1,1,1,-1,1,-1,1,1,1,1,-1,1,-1,1,1,1,-1,-1,1,-1,-1,1,1,-1,-1,-1,1,-1,1,-1,1,-1,1,-1,-1,1,-2668.0,1,2000,445,1500,False
1679,1,1,-1,-1,1,1,-1,-1,1,1,1,-1,1,1,1,1,-1,1,-1,-1,-1,-1,1,1,1,-1,1,-1,1,1,1,1,-1,-1,-1,-1,1,-1,1,1,-1,-1,-1,1,1,1,1,-1,1,1,1,1,-1,1,-1,-1,1,-1,1,1,1,-1,-1,-1,1,1,1,1,-1,-1,-1,1,1,1,1,-1,-1,-1,1,1,1,-1,-1,-1,1,1,1,1,-1,-1,-1,1,1,1,1,-1,-1,1,1,-1,1,1,-1,-1,1,1,1,1,1,-1,-1,-1,1,-1,1,1,-1,-1,1,1,1,1,1,1,-1,-1,1,1,-1,1,1,-1,1,1,1,1,1,1,-1,1,1,1,1,1,1,-1,1,1,1,1,1,1,-1,-1,-1,1,1,1,1,-1,1,1,1,1,-1,1,-1,1,-1,1,1,1,-1,-1,1,1,1,1,1,-1,1,-1,-1,1,-1,1,-1,1,1,1,1,1,1,1,1,1,-1,1,-1,1,-1,1,1,-1,1,-1,1,1,-1,1,-1,1,-1,1,-1,1,1,-1,1,-1,1,1,1,1,-1,-1,1,1,-1,-1,1,-1,1,-1,-1,1,-1,1,-1,1,-1,1,-1,1,1,-1,-1,-1,1,-1,-1,1,-1,1,1,1,-1,1,1,-1,1,-1,1,-1,1,-1,1,-1,1,1,-1,1,-1,-1,-1,1,1,-1,1,-1,-1,-1,1,1,-1,-1,1,1,-1,-1,1,-1,-1,1,1,-1,1,1,1,-1,-1,1,-1,1,1,-1,1,-1,1,1,-1,1,-1,-1,-1,1,-1,-1,1,-1,-1,-1,1,1,-1,1,1,1,-1,1,-1,-1,1,1,1,-1,1,-1,1,1,-1,1,-1,1,-1,1,1,1,-1,1,1,-1,-1,1,1,-1,1,1,-1,1,1,1,1,1,1,-1,1,1,1,1,1,-1,-1,1,1,1,1,1,-1,-1,-1,1,1,1,1,-1,-1,1,-1,1,-1,1,1,-1,-1,1,1,1,1,1,-1,-1,1,1,1,-1,-1,-1,-1,-1,-1,-1,1,-1,-1,-1,1,1,-1,1,-1,1,-1,1,1,1,1,1,-1,1,1,1,-1,1,-1,-1,-1,-1,1,1,1,1,-1,-1,1,-1,1,1,-1,-1,1,-1,-1,1,-1,1,-1,-1,1,-1,-1,1,-1,-1,1,1,-1,1,-1,1,-1,-1,1,-1,1,-1,-1,-1,-1,1,-1,-1,1,1,-1,-1,1,-1,1,1,-1,1,-1,1,-1,1,-1,1,-1,-1,1,-1,-1,-1,-1,-1,1,1,-1,1,-1,1,-1,1,-1,1,1,-1,1,-1,1,-1,-1,1,-1,-1,-1,1,-1,1,-1,-1,1,-1,1,-1,-1,1,-1,-1,1,-1,1,-1,-1,-1,1,-1,1,1,-1,-1,-1,1,-1,1,-1,-1,1,-1,1,1,1,1,-1,-1,1,1,-1,1,1,-1,-1,1,1,1,-1,1,1,-1,1,1,1,1,1,-1,1,-1,-1,-1,1,-1,1,1,1,1,-1,1,-1,1,-1,-1,-1,1,1,-1,1,1,-1,-1,-1,1,-1,1,1,-1,1,-1,1,-1,-1,-1,-1,-1,-1,1,-1,-1,-1,-1,-1,-1,1,-1,1,1,1,1,-1,1,-1,1,1,-1,-1,-1,1,-1,-1,1,-1,1,-1,-1,1,1,1,1,-1,-1,1,1,1,1,-1,1,-1,-1,1,1,1,-1,-1,-1,1,1,1,1,-1,1,-1,1,-1,1,-1,1,1,-1,-1,1,1,1,-1,-1,-1,-1,1,1,1,1,-1,-1,-1,1,1,1,1,-1,-1,-1,1,-1,1,-1,-1,-1,1,1,1,1,1,-1,-1,-1,1,1,1,1,-1,-1,-1,1,1,-1,1,-1,-1,-1,1,1,1,1,-1,-1,1,1,1,1,-1,-1,1,1,-1,1,1,-1,-1,-1,1,1,1,1,1,-1,1,1,1,1,1,-1,-1,-1,1,-1,1,-1,-1,-1,-1,1,-1,1,1,1,-1,-1,1,-1,1,1,-1,1,-1,1,1,1,1,-1,1,-1,1,-1,1,1,-1,-1,-1,1,1,-1,-1,-1,-1,-1,1,-1,1,-1,-1,-1,-1,-1,-1,-1,1,-1,-1,-1,1,-1,-1,1,-1,-1,-1,-1,-1,1,1,-1,-1,-1,-1,-1,1,-1,-1,-1,1,-1,-1,1,-1,1,-1,-1,-1,-1,-1,-1,-1,1,-1,-1,-1,1,1,1,-1,-1,1,1,-1,-1,-1,-1,1,-1,-1,1,1,1,-1,-1,-1,-1,1,-1,1,1,-1,1,-1,-1,1,1,-1,-1,-1,-1,-1,-1,1,1,-1,-1,1,-1,1,1,-1,-1,-1,1,-1,1,1,-1,-1,1,1,-1,1,1,1,-1,1,-1,1,1,1,-1,-1,1,-1,-1,1,1,1,-1,1,-1,-1,1,1,-1,1,1,1,-1,1,1,-1,1,1,1,-1,1,1,-1,1,1,1,-1,1,1,1,1,1,1,-1,1,1,1,1,1,1,-1,1,-1,1,1,1,1,-1,-1,1,-1,1,1,1,-1,1,1,1,1,-1,1,-1,1,1,1,1,1,1,-1,-1,1,1,1,1,1,1,-1,1,1,1,1,-1,1,-1,1,1,1,-1,-1,1,-1,1,1,-1,1,-1,-1,-1,1,1,1,-1,1,-1,-1,1,1,1,-1,-1,-1,-1,1,1,1,-1,1,-1,-1,-1,1,1,-1,1,-1,-1,-1,1,1,-1,1,-1,-1,1,-1,1,1,1,1,-1,-1,1,1,-1,-1,1,1,1,-1,1,-1,1,-1,-1,1,1,-1,-1,1,-1,-1,-1,1,1,-1,1,1,1,1,1,-1,-1,-1,-1,1,-1,-1,-1,-1,1,-1,1,1,1,-1,1,1,-1,1,1,1,1,-1,1,-1,1,1,1,-1,-1,1,-1,1,1,1,-1,-1,1,-1,1,1,1,-1,-1,1,-1,1,1,1,1,-1,1,-1,-1,1,1,-1,-1,-1,1,-1,1,1,1,-1,1,-1,-1,1,-2668.0,1,2000,445,1500,False
1680,1,1,-1,-1,1,1,-1,-1,1,1,1,-1,1,1,1,1,-1,1,-1,-1,-1,-1,1,1,1,-1,1,-1,1,1,1,1,-1,-1,-1,-1,1,1,1,1,-1,-1,-1,1,1,1,1,-1,1,1,1,1,-1,1,-1,-1,1,-1,1,1,1,-1,-1,-1,1,1,1,1,-1,-1,-1,1,1,1,1,-1,-1,-1,1,1,1,-1,-1,-1,1,1,1,1,-1,-1,-1,1,1,1,1,-1,-1,1,1,-1,1,1,-1,-1,1,1,1,1,1,-1,-1,1,1,-1,1,1,-1,-1,1,1,1,1,1,1,-1,1,1,1,-1,1,1,-1,1,1,1,1,1,1,-1,-1,1,1,-1,1,1,-1,1,1,1,1,1,1,-1,-1,-1,1,-1,1,1,-1,1,1,1,1,-1,1,-1,1,-1,1,1,1,-1,-1,1,1,1,-1,1,-1,1,-1,-1,1,1,1,-1,1,1,1,1,-1,1,1,1,1,-1,1,-1,1,-1,1,1,-1,1,-1,1,1,-1,1,-1,1,-1,1,-1,1,1,-1,1,-1,1,1,1,1,-1,-1,1,1,-1,-1,1,-1,1,1,-1,1,-1,1,-1,1,-1,1,-1,-1,1,-1,-1,1,1,1,-1,1,-1,1,1,1,-1,1,1,-1,1,-1,1,-1,1,-1,1,-1,1,1,-1,1,-1,-1,-1,1,1,-1,1,-1,-1,-1,-1,1,-1,-1,1,1,-1,-1,1,1,-1,1,1,-1,1,1,1,1,-1,1,-1,1,1,-1,1,-1,1,1,-1,1,1,1,1,1,-1,-1,1,-1,-1,-1,1,1,-1,1,1,1,-1,1,-1,-1,1,1,1,1,1,-1,1,1,1,-1,1,1,-1,1,1,1,-1,1,1,-1,1,-1,1,1,-1,1,-1,1,1,1,-1,1,1,-1,1,1,1,-1,1,-1,-1,1,1,1,-1,1,-1,-1,1,1,1,-1,1,-1,-1,-1,-1,1,-1,1,1,-1,1,1,1,1,1,1,-1,-1,-1,1,-1,1,-1,-1,1,-1,-1,-1,1,1,-1,1,-1,1,-1,1,-1,1,-1,1,1,1,1,-1,1,-1,1,1,-1,1,-1,-1,-1,-1,1,1,1,1,-1,-1,1,1,1,1,-1,-1,1,-1,-1,1,-1,1,-1,1,-1,1,1,1,-1,-1,1,1,-1,1,-1,1,-1,-1,1,-1,1,1,-1,-1,-1,1,-1,-1,1,1,-1,-1,1,-1,1,1,-1,1,-1,1,-1,-1,1,1,-1,-1,1,-1,1,1,-1,-1,1,1,-1,1,-1,1,-1,1,-1,-1,1,-1,1,-1,1,-1,-1,1,-1,-1,-1,1,-1,-1,1,-1,1,-1,1,-1,-1,1,-1,-1,1,-1,1,-1,1,-1,1,-1,1,1,-1,-1,-1,1,-1,1,-1,-1,1,-1,1,1,1,1,-1,-1,1,1,-1,1,1,-1,-1,1,1,1,-1,1,1,-1,1,1,1,1,-1,1,1,-1,-1,-1,1,-1,1,1,-1,1,-1,1,-1,1,-1,-1,-1,1,1,-1,1,1,-1,-1,-1,1,-1,1,1,-1,1,-1,1,-1,-1,-1,-1,-1,-1,1,-1,-1,-1,-1,-1,-1,1,-1,1,1,1,1,-1,1,-1,1,1,-1,-1,-1,1,-1,-1,1,-1,1,-1,-1,1,1,1,1,-1,-1,1,1,1,1,-1,1,-1,-1,1,1,1,-1,-1,-1,1,1,1,1,-1,1,-1,1,-1,1,-1,1,1,-1,-1,1,1,1,-1,-1,-1,-1,1,1,1,1,-1,-1,-1,1,1,1,1,-1,-1,-1,1,-1,1,-1,-1,-1,-1,1,1,1,1,-1,1,-1,1,-1,1,1,-1,-1,-1,1,1,-1,1,-1,-1,-1,1,1,1,1,-1,-1,1,-1,1,1,-1,-1,1,1,-1,1,1,-1,-1,-1,1,1,-1,1,1,-1,1,1,1,-1,1,-1,-1,-1,1,-1,1,-1,-1,-1,1,-1,1,-1,1,-1,-1,-1,-1,-1,-1,1,-1,-1,-1,1,1,-1,1,-1,-1,1,-1,-1,-1,-1,-1,-1,-1,1,1,1,-1,-1,-1,-1,1,-1,1,-1,-1,-1,-1,-1,-1,-1,1,-1,-1,-1,1,-1,-1,1,-1,-1,-1,-1,-1,1,1,-1,-1,-1,-1,-1,1,-1,-1,-1,1,-1,-1,1,-1,1,-1,-1,-1,-1,-1,-1,-1,1,-1,-1,-1,1,1,1,-1,-1,1,-1,1,-1,-1,-1,1,-1,-1,1,1,1,-1,-1,-1,-1,1,-1,1,1,-1,1,-1,-1,1,1,-1,-1,-1,-1,-1,-1,1,1,-1,-1,1,-1,1,1,-1,-1,-1,1,-1,-1,1,-1,-1,1,-1,-1,1,1,1,-1,1,-1,1,1,1,-1,-1,1,-1,-1,1,-1,1,-1,1,-1,-1,1,1,-1,1,1,-1,-1,1,1,-1,1,1,-1,-1,1,1,-1,1,1,-1,-1,1,1,1,1,-1,1,-1,-1,1,1,1,1,-1,-1,1,-1,1,1,1,1,-1,-1,1,-1,1,1,1,-1,1,1,1,1,-1,1,-1,1,1,1,1,1,1,1,-1,1,1,1,1,-1,1,-1,1,1,1,1,1,-1,1,1,1,1,-1,1,1,-1,1,1,-1,1,1,-1,-1,1,1,1,1,-1,1,-1,1,1,1,-1,-1,1,-1,1,1,1,-1,1,-1,-1,-1,1,1,-1,-1,1,-1,-1,1,1,-1,-1,1,-1,-1,-1,1,1,-1,1,-1,-1,1,1,-1,-1,-1,1,-1,-1,1,-1,1,1,-1,1,1,-1,-1,1,-1,-1,-1,1,1,-1,1,1,-1,1,1,-1,-1,-1,-1,1,-1,-1,-1,-1,1,-1,-1,1,1,-1,1,1,-1,1,1,1,1,-1,1,-1,1,1,1,1,-1,1,-1,-1,1,1,1,-1,1,-1,1,1,1,1,-1,1,-1,1,1,1,-1,-1,1,-1,-1,1,1,-1,-1,-1,1,-1,1,-1,1,-1,1,-1,-1,1,-2668.0,1,2000,445,1000,False
1681,1,1,-1,-1,1,1,-1,-1,1,1,1,-1,-1,1,1,1,-1,1,-1,-1,-1,-1,1,1,1,-1,-1,-1,1,1,1,1,-1,-1,-1,-1,1,1,1,1,-1,-1,-1,1,1,1,1,-1,1,1,1,1,-1,1,-1,-1,1,-1,1,1,1,-1,-1,-1,1,1,1,1,-1,-1,-1,1,1,1,1,-1,-1,-1,1,1,1,-1,-1,-1,1,1,1,1,-1,-1,-1,1,1,1,1,-1,-1,1,1,-1,1,1,-1,-1,1,1,1,1,1,-1,-1,1,1,1,1,1,-1,-1,1,1,1,1,1,1,-1,-1,1,1,-1,1,1,-1,1,1,1,1,1,1,-1,-1,1,1,1,1,1,-1,1,1,1,1,1,1,-1,-1,-1,1,1,1,1,-1,1,1,1,1,-1,1,-1,1,-1,1,1,1,-1,-1,1,1,1,1,1,-1,1,-1,-1,1,-1,1,-1,1,1,1,1,1,1,1,1,1,-1,1,-1,1,-1,1,1,-1,1,-1,1,1,-1,1,-1,1,-1,1,-1,1,1,-1,1,-1,1,1,1,1,-1,-1,1,1,-1,-1,1,-1,1,-1,-1,1,-1,1,-1,1,-1,1,-1,-1,1,-1,-1,-1,1,1,-1,1,-1,1,1,1,-1,1,1,-1,1,-1,1,-1,1,-1,1,-1,1,1,-1,1,-1,-1,-1,1,1,-1,1,-1,-1,-1,1,1,-1,-1,1,1,-1,-1,1,1,-1,1,1,-1,1,1,1,1,-1,1,-1,1,1,-1,1,-1,1,1,1,1,1,1,1,1,-1,-1,1,-1,-1,1,1,1,-1,1,1,1,-1,1,1,1,1,1,1,-1,1,-1,1,1,1,-1,1,1,-1,1,1,1,-1,1,1,-1,-1,1,1,1,-1,1,-1,1,1,1,-1,1,1,-1,1,1,1,-1,1,1,-1,1,1,1,-1,1,1,-1,-1,1,1,-1,1,1,-1,1,-1,1,-1,1,1,1,-1,1,1,1,1,1,1,-1,1,1,-1,1,1,1,-1,-1,-1,-1,1,1,1,-1,1,1,-1,1,1,-1,-1,1,1,1,1,1,-1,1,1,1,-1,1,1,1,1,-1,1,1,1,-1,1,-1,1,1,1,1,1,1,-1,-1,-1,1,-1,-1,1,-1,1,-1,1,1,1,1,1,-1,-1,1,-1,-1,1,-1,1,-1,1,1,1,1,1,1,-1,-1,1,-1,1,1,-1,-1,1,1,1,-1,1,-1,-1,-1,1,-1,1,1,-1,-1,1,1,1,1,-1,1,-1,1,-1,1,1,-1,1,-1,1,-1,1,1,-1,-1,-1,1,-1,1,1,1,-1,-1,1,1,-1,1,-1,-1,-1,1,-1,1,1,1,-1,-1,1,1,-1,1,-1,-1,-1,-1,-1,-1,1,-1,-1,-1,1,-1,-1,1,-1,-1,-1,-1,1,-1,1,-1,-1,-1,-1,1,-1,-1,1,1,1,-1,1,-1,1,-1,1,1,1,-1,-1,-1,1,-1,-1,1,1,1,-1,1,-1,1,1,1,-1,1,1,-1,1,-1,1,-1,-1,1,-1,-1,1,1,1,-1,1,-1,-1,1,1,-1,-1,1,-1,-1,1,1,-1,-1,1,-1,-1,-1,1,1,-1,1,-1,-1,-1,1,-1,-1,1,-1,1,-1,1,1,-1,-1,1,-1,-1,-1,-1,-1,1,1,1,-1,-1,1,-1,-1,1,-1,-1,1,-1,-1,1,1,-1,-1,1,-1,-1,1,1,-1,1,-1,1,-1,-1,1,1,-1,-1,-1,-1,-1,1,-1,-1,1,-1,-1,-1,1,1,-1,-1,-1,-1,-1,1,-1,-1,-1,-1,-1,1,1,1,-1,-1,-1,-1,-1,1,1,-1,-1,-1,-1,-1,1,1,1,-1,-1,-1,-1,1,1,-1,-1,-1,-1,1,1,1,1,1,-1,1,1,1,1,1,1,-1,-1,1,1,1,-1,1,-1,1,1,1,1,-1,1,-1,-1,1,-1,1,-1,1,-1,-1,1,-1,1,1,1,-1,-1,1,-1,1,-1,1,-1,-1,1,-1,1,1,1,-1,-1,1,-1,1,1,1,-1,-1,1,1,-1,1,1,-1,-1,1,-1,1,-1,1,-1,-1,-1,-1,-1,1,1,-1,-1,1,-1,-1,1,1,-1,-1,-1,-1,1,-1,1,-1,-1,-1,-1,-1,1,-1,-1,1,-1,-1,1,-1,1,-1,-1,-1,-1,-1,1,1,1,-1,-1,-1,1,1,1,-1,-1,1,-1,-1,-1,1,-1,1,-1,-1,1,1,1,-1,-1,-1,-1,1,-1,1,1,-1,1,-1,-1,1,1,-1,-1,-1,-1,-1,-1,1,1,-1,-1,1,-1,1,1,-1,-1,-1,1,-1,1,1,-1,-1,1,-1,-1,1,1,1,-1,1,-1,1,1,1,-1,-1,1,-1,-1,1,1,1,-1,1,-1,-1,1,1,-1,1,1,-1,-1,1,1,-1,1,1,-1,-1,1,1,-1,1,1,-1,-1,1,1,1,1,-1,1,-1,-1,1,1,-1,1,-1,-1,1,-1,1,1,1,1,-1,-1,1,-1,1,1,1,-1,1,1,1,1,-1,1,-1,1,1,1,1,1,1,-1,-1,1,1,1,1,-1,1,-1,1,1,1,1,1,-1,1,1,1,1,-1,1,1,-1,1,1,-1,1,1,-1,-1,1,1,1,1,-1,1,-1,1,1,1,-1,-1,1,-1,1,1,1,-1,1,-1,-1,-1,1,1,-1,-1,1,-1,-1,1,1,1,-1,1,-1,-1,1,1,1,-1,1,-1,-1,1,1,-1,-1,-1,1,-1,1,1,-1,1,1,-1,1,1,-1,-1,1,-1,-1,-1,1,1,-1,1,1,-1,1,1,-1,-1,-1,-1,1,-1,-1,-1,-1,1,-1,-1,1,1,-1,1,1,-1,1,1,1,1,-1,1,-1,1,1,1,1,-1,1,-1,-1,1,1,1,-1,1,-1,1,1,1,1,-1,1,-1,1,1,1,-1,-1,1,-1,-1,1,1,-1,-1,-1,1,-1,1,-1,1,-1,1,-1,-1,1,-2668.0,1,2000,445,1000,False
1682,1,1,-1,-1,1,-1,-1,-1,1,1,1,-1,1,1,1,1,-1,1,-1,-1,-1,-1,1,1,1,-1,-1,-1,1,1,1,1,1,-1,-1,-1,1,-1,1,1,-1,-1,-1,1,1,1,1,-1,1,1,1,1,-1,1,-1,-1,1,-1,1,1,-1,-1,-1,-1,1,1,1,1,-1,-1,-1,1,1,1,1,-1,-1,-1,1,1,1,-1,-1,-1,1,1,1,1,-1,-1,-1,1,1,1,1,-1,-1,1,1,-1,1,1,-1,-1,1,1,1,1,1,-1,-1,1,1,-1,1,1,-1,-1,1,1,1,1,1,1,-1,-1,1,1,-1,1,1,-1,1,1,1,1,1,1,-1,-1,1,1,1,1,1,-1,1,1,1,1,1,1,-1,-1,-1,1,1,1,1,-1,1,1,1,1,-1,1,-1,1,-1,1,1,1,-1,-1,1,1,1,1,1,-1,1,-1,-1,1,-1,1,-1,1,1,1,1,1,1,1,1,1,-1,1,-1,1,-1,1,1,-1,1,-1,1,1,-1,1,-1,1,-1,1,-1,1,1,-1,1,-1,1,1,1,1,-1,-1,1,1,-1,-1,1,-1,1,-1,1,1,-1,1,-1,1,-1,1,-1,1,1,-1,-1,-1,1,1,-1,1,-1,1,1,1,-1,1,1,-1,1,-1,1,-1,1,-1,1,-1,1,1,-1,1,-1,-1,-1,1,1,-1,1,-1,-1,-1,1,1,-1,-1,1,1,-1,-1,1,1,-1,1,1,-1,1,1,1,1,-1,1,-1,1,1,-1,1,-1,1,1,-1,1,1,1,1,1,-1,-1,1,-1,-1,1,1,1,-1,1,1,1,-1,1,1,1,1,1,1,1,1,-1,1,1,1,-1,1,1,-1,1,1,1,-1,1,1,-1,-1,1,1,1,-1,1,-1,1,1,1,-1,1,1,-1,1,1,1,-1,1,1,-1,1,1,1,-1,1,1,1,-1,1,1,-1,1,1,-1,1,-1,1,-1,1,1,1,-1,1,1,1,-1,1,1,-1,1,1,-1,1,-1,1,-1,-1,-1,-1,1,1,1,-1,1,1,-1,1,1,-1,-1,1,1,1,1,1,-1,1,1,1,-1,1,1,1,-1,-1,1,1,1,-1,1,-1,1,1,1,1,1,1,-1,-1,-1,1,-1,-1,1,1,-1,1,1,-1,1,1,1,1,-1,1,-1,-1,1,-1,1,-1,1,1,1,1,1,1,-1,-1,1,-1,1,1,1,-1,1,1,1,-1,1,1,-1,-1,1,-1,1,1,1,-1,1,1,1,1,1,1,-1,1,-1,1,1,1,-1,-1,1,-1,-1,1,1,-1,-1,1,-1,1,1,1,-1,-1,1,-1,-1,1,1,-1,-1,1,-1,1,1,1,1,-1,1,1,-1,-1,1,1,-1,-1,1,1,-1,1,-1,-1,1,-1,-1,1,-1,1,-1,-1,1,-1,1,-1,1,-1,-1,1,-1,-1,1,1,1,-1,1,-1,1,-1,1,-1,1,-1,-1,-1,1,-1,-1,1,1,1,-1,1,-1,1,1,1,-1,1,1,-1,1,-1,1,-1,-1,1,-1,-1,1,1,1,-1,1,-1,-1,1,1,-1,-1,1,-1,-1,1,1,-1,-1,1,-1,-1,-1,1,1,-1,1,-1,-1,-1,1,-1,-1,1,-1,1,-1,1,1,-1,-1,1,-1,-1,-1,-1,-1,1,1,1,-1,1,1,-1,-1,1,-1,-1,-1,-1,-1,1,1,-1,-1,-1,1,-1,1,1,-1,1,1,1,-1,-1,1,1,-1,-1,-1,-1,-1,1,-1,-1,1,-1,-1,-1,1,1,-1,-1,-1,-1,-1,1,-1,-1,1,-1,-1,1,1,1,-1,1,-1,-1,-1,1,1,-1,-1,-1,-1,-1,1,1,1,-1,-1,-1,-1,1,1,-1,-1,-1,-1,1,1,1,1,-1,-1,1,1,-1,1,1,-1,-1,-1,1,1,1,1,1,-1,1,1,1,1,-1,1,-1,-1,1,-1,1,-1,1,-1,-1,1,-1,1,-1,-1,-1,-1,1,-1,1,-1,1,1,-1,1,-1,1,-1,1,1,-1,1,-1,1,-1,-1,-1,-1,1,1,-1,-1,-1,-1,-1,1,-1,1,-1,-1,-1,-1,-1,-1,-1,1,-1,-1,-1,1,-1,-1,1,-1,-1,-1,-1,-1,1,1,-1,-1,-1,-1,-1,1,-1,-1,-1,1,-1,-1,1,-1,1,-1,-1,-1,-1,-1,-1,-1,1,-1,-1,-1,1,1,-1,-1,-1,-1,1,-1,-1,-1,-1,1,-1,-1,1,-1,1,-1,-1,-1,-1,1,-1,1,1,-1,1,-1,-1,1,1,-1,-1,-1,-1,-1,-1,1,1,-1,-1,1,-1,1,1,-1,-1,-1,1,-1,1,1,-1,-1,1,-1,-1,1,1,1,-1,1,-1,1,1,1,-1,-1,1,-1,-1,1,1,1,-1,1,-1,-1,1,1,-1,1,1,-1,-1,1,1,1,1,1,-1,-1,1,1,1,1,1,-1,-1,1,1,1,1,1,1,-1,-1,1,1,1,1,-1,-1,1,-1,1,1,1,1,-1,-1,1,-1,1,1,1,-1,1,1,1,1,-1,1,-1,1,1,1,1,1,1,1,-1,1,1,1,1,-1,1,-1,1,1,1,1,1,-1,1,1,1,1,-1,1,1,-1,1,1,-1,1,1,-1,-1,1,1,1,1,-1,1,-1,1,1,1,-1,-1,1,-1,1,1,1,-1,1,-1,-1,-1,1,1,-1,-1,1,-1,-1,1,1,1,-1,1,-1,-1,1,1,1,-1,-1,-1,-1,1,1,-1,-1,-1,1,-1,-1,1,-1,1,1,-1,1,1,-1,-1,1,1,-1,-1,1,1,-1,1,1,-1,1,1,-1,-1,-1,-1,1,-1,-1,-1,-1,-1,-1,-1,1,1,-1,1,1,-1,1,1,1,1,-1,1,-1,1,1,1,1,-1,1,-1,1,-1,1,1,-1,1,-1,-1,1,1,1,-1,1,-1,1,1,1,-1,-1,1,-1,-1,1,1,-1,-1,-1,1,-1,1,-1,1,-1,1,-1,-1,1,-2668.0,1,2000,445,1000,False
1683,1,1,-1,-1,1,1,-1,-1,1,1,1,-1,1,1,1,1,-1,1,-1,-1,-1,-1,1,1,1,-1,-1,-1,1,1,1,1,-1,-1,-1,-1,1,-1,1,1,-1,-1,-1,1,1,1,1,-1,1,1,1,1,-1,1,-1,-1,1,-1,1,1,1,-1,-1,-1,1,1,1,1,-1,-1,-1,1,1,1,1,-1,-1,-1,1,1,1,-1,-1,-1,1,1,1,1,-1,-1,-1,1,1,1,1,-1,-1,1,1,-1,1,1,-1,-1,1,1,1,1,1,-1,-1,-1,1,1,1,1,-1,-1,1,1,1,1,1,1,-1,-1,1,1,-1,1,1,-1,1,1,1,1,1,1,-1,1,1,1,1,1,1,-1,1,1,1,1,1,1,-1,-1,-1,1,1,1,1,-1,1,1,1,1,-1,1,-1,1,-1,1,1,1,-1,-1,1,1,1,1,1,-1,1,-1,-1,1,-1,1,-1,1,1,1,1,1,1,1,1,1,-1,1,-1,1,-1,1,1,-1,1,-1,1,1,-1,1,-1,1,-1,1,-1,1,1,-1,1,-1,1,1,1,1,-1,-1,1,1,-1,-1,1,-1,1,-1,1,1,-1,1,-1,1,-1,1,-1,1,1,-1,-1,-1,1,1,-1,1,-1,1,1,1,-1,1,1,-1,1,-1,1,-1,1,-1,1,-1,1,1,-1,1,-1,-1,-1,1,1,-1,1,-1,-1,-1,1,1,-1,-1,1,1,-1,-1,1,1,-1,1,1,-1,1,1,1,1,-1,1,-1,1,1,-1,1,-1,1,1,1,1,1,1,1,1,-1,-1,1,-1,-1,1,1,1,-1,1,1,1,-1,1,1,1,1,1,1,1,1,-1,1,1,1,-1,1,1,-1,1,1,1,-1,1,1,-1,-1,1,1,1,-1,1,-1,1,1,1,-1,1,1,-1,1,1,1,-1,1,1,-1,1,1,1,-1,1,1,1,-1,1,1,-1,1,1,-1,1,-1,1,-1,1,1,1,-1,1,1,1,-1,1,1,-1,1,1,-1,1,1,1,-1,-1,-1,-1,1,1,1,-1,1,1,-1,1,1,-1,-1,1,1,1,1,1,-1,1,1,1,-1,1,1,1,-1,-1,1,1,-1,-1,1,-1,1,1,1,-1,1,1,-1,-1,-1,1,-1,-1,1,1,-1,1,1,-1,1,1,1,1,-1,1,-1,-1,1,-1,1,-1,1,-1,1,1,1,1,-1,-1,1,-1,1,1,1,-1,1,1,1,-1,1,1,-1,-1,1,-1,1,1,1,-1,1,1,1,1,1,1,-1,1,-1,1,1,1,-1,-1,1,-1,1,1,1,-1,-1,1,1,1,1,1,-1,-1,1,-1,-1,1,1,-1,-1,1,1,1,1,1,1,-1,1,1,-1,1,1,1,-1,-1,1,-1,1,1,-1,-1,-1,1,-1,1,-1,1,-1,-1,1,-1,1,-1,1,-1,-1,1,-1,-1,1,1,1,-1,1,-1,1,-1,-1,1,1,1,-1,-1,1,-1,-1,1,1,1,-1,1,-1,1,1,1,-1,1,1,-1,1,-1,1,-1,-1,1,-1,-1,1,1,1,-1,1,-1,-1,1,1,-1,-1,1,-1,-1,1,1,-1,-1,1,-1,-1,-1,1,1,-1,1,-1,-1,-1,1,-1,-1,1,-1,1,-1,1,1,-1,-1,1,-1,-1,-1,-1,-1,1,1,1,-1,-1,1,-1,-1,1,-1,-1,1,-1,-1,1,1,-1,-1,1,-1,-1,1,1,-1,1,-1,-1,-1,-1,1,1,-1,-1,-1,-1,1,1,-1,-1,1,-1,-1,-1,1,1,-1,-1,-1,-1,-1,1,-1,-1,-1,-1,-1,1,1,1,-1,-1,-1,-1,-1,1,1,-1,-1,-1,-1,-1,1,1,1,-1,-1,-1,-1,1,1,-1,-1,-1,-1,1,1,1,1,-1,-1,1,1,1,1,1,-1,-1,-1,1,1,1,-1,1,-1,1,1,1,1,-1,1,-1,-1,1,-1,1,-1,1,-1,-1,1,-1,1,-1,-1,-1,-1,1,-1,1,-1,1,1,-1,1,-1,1,-1,1,1,-1,1,-1,1,-1,-1,-1,-1,1,1,-1,-1,-1,-1,-1,1,-1,1,-1,-1,-1,-1,-1,-1,-1,1,-1,-1,-1,1,-1,-1,1,-1,-1,-1,-1,-1,1,1,-1,-1,-1,-1,-1,1,-1,-1,-1,1,-1,-1,1,-1,1,-1,-1,-1,-1,-1,-1,-1,1,-1,-1,-1,1,1,-1,-1,-1,-1,1,-1,-1,-1,-1,1,-1,-1,1,1,1,-1,-1,-1,-1,1,-1,1,1,-1,1,-1,-1,1,1,-1,-1,-1,-1,-1,-1,1,1,-1,-1,1,-1,1,1,-1,-1,-1,1,-1,1,1,-1,-1,1,-1,-1,1,1,1,-1,1,-1,1,1,1,-1,-1,1,-1,-1,1,1,1,-1,1,-1,-1,1,1,-1,1,1,-1,-1,1,1,-1,1,1,-1,-1,1,1,-1,1,1,-1,-1,1,1,1,1,1,1,-1,-1,1,1,1,1,-1,-1,1,-1,1,1,1,1,-1,-1,1,-1,1,1,1,-1,1,1,1,1,-1,1,-1,1,1,1,1,1,1,1,-1,1,1,1,1,-1,1,-1,1,1,1,1,1,-1,1,1,1,1,-1,1,1,-1,1,1,-1,1,1,-1,-1,1,1,1,1,-1,1,-1,1,1,1,-1,-1,1,-1,1,1,1,-1,1,-1,-1,1,1,1,-1,-1,1,-1,-1,1,1,1,-1,1,-1,-1,1,1,1,-1,1,-1,-1,1,1,-1,-1,-1,1,-1,1,1,-1,1,1,-1,-1,1,-1,-1,1,1,1,-1,1,1,-1,1,1,-1,1,1,-1,-1,-1,-1,1,-1,-1,-1,-1,-1,1,-1,1,1,-1,1,1,-1,1,-1,1,1,-1,1,-1,1,1,1,-1,-1,1,-1,1,-1,1,-1,-1,1,-1,1,-1,1,-1,-1,1,-1,1,1,1,1,-1,1,-1,1,1,1,-1,-1,-1,1,-1,1,-1,1,-1,1,-1,1,1,-2668.0,1,2000,445,1000,False
1684,1,1,-1,-1,1,-1,-1,-1,1,1,1,-1,1,1,1,1,-1,1,-1,-1,-1,-1,1,1,1,-1,-1,-1,1,1,1,1,1,-1,-1,-1,1,1,1,1,-1,-1,-1,1,1,1,1,-1,1,1,1,1,-1,1,-1,-1,1,-1,1,1,1,-1,-1,-1,1,1,1,1,-1,-1,-1,1,1,1,1,-1,-1,-1,1,1,1,-1,-1,-1,1,1,1,1,-1,-1,-1,1,1,1,1,-1,-1,1,1,-1,1,1,-1,-1,1,1,1,1,1,-1,-1,1,1,1,1,1,-1,-1,1,1,1,1,1,1,-1,-1,1,1,-1,1,1,-1,1,1,1,1,1,1,-1,-1,1,1,-1,1,1,-1,1,1,1,1,1,1,-1,-1,-1,1,-1,1,1,-1,1,1,1,1,-1,1,-1,1,-1,1,1,1,-1,-1,1,1,1,1,1,-1,1,-1,-1,1,1,1,-1,1,1,1,1,-1,1,1,1,1,-1,1,-1,1,-1,1,1,-1,1,-1,1,1,-1,1,-1,1,-1,1,-1,1,1,-1,1,-1,1,1,1,1,-1,-1,1,1,-1,-1,1,-1,1,1,-1,1,-1,1,-1,1,-1,1,-1,-1,1,-1,-1,1,1,1,-1,1,-1,1,1,1,-1,1,1,-1,1,-1,1,-1,1,-1,1,-1,1,1,-1,1,-1,-1,-1,1,1,-1,1,-1,-1,-1,-1,1,-1,-1,1,1,-1,-1,1,1,-1,1,1,-1,1,1,1,1,-1,1,-1,1,1,-1,1,-1,1,1,-1,1,1,1,1,1,-1,-1,1,-1,-1,-1,1,1,-1,1,1,1,-1,1,-1,-1,1,1,1,1,1,-1,1,1,1,-1,1,1,-1,1,1,1,-1,1,1,-1,1,-1,1,1,-1,1,-1,1,1,1,-1,1,1,-1,1,1,1,-1,1,-1,-1,1,1,1,-1,1,-1,-1,1,1,1,-1,1,-1,-1,-1,-1,1,-1,1,1,-1,1,1,1,1,-1,1,-1,-1,-1,1,-1,1,-1,-1,1,-1,-1,-1,1,-1,-1,1,-1,1,-1,1,-1,1,-1,1,1,1,1,-1,1,-1,1,1,-1,1,-1,-1,-1,-1,1,1,-1,1,-1,-1,1,1,1,-1,-1,-1,1,-1,-1,1,-1,1,-1,1,-1,1,1,-1,-1,-1,1,1,-1,1,-1,1,-1,-1,1,-1,1,1,-1,-1,-1,1,-1,-1,1,1,-1,-1,1,-1,1,1,-1,1,-1,1,-1,-1,1,1,-1,1,1,-1,1,1,-1,-1,1,1,-1,1,-1,1,-1,1,-1,-1,1,-1,1,-1,1,-1,-1,1,-1,-1,-1,1,-1,-1,1,-1,1,-1,1,-1,-1,1,-1,-1,1,-1,1,-1,1,1,1,-1,1,1,-1,-1,1,1,-1,1,-1,-1,1,1,1,1,-1,1,-1,-1,1,1,-1,-1,1,-1,-1,1,1,1,1,1,1,-1,1,1,1,-1,-1,1,1,-1,-1,-1,1,-1,1,1,-1,1,-1,1,-1,1,-1,-1,-1,1,1,-1,1,1,-1,-1,-1,1,-1,1,1,-1,1,-1,1,-1,-1,-1,-1,-1,-1,1,-1,-1,-1,-1,-1,-1,1,-1,1,1,1,1,-1,1,-1,1,1,-1,-1,-1,1,-1,-1,1,-1,1,-1,-1,1,1,1,1,-1,-1,1,1,1,1,-1,1,-1,-1,1,1,1,-1,-1,-1,1,1,1,1,-1,-1,-1,1,-1,1,-1,1,-1,-1,-1,1,1,1,-1,-1,-1,1,1,1,1,1,-1,-1,-1,1,1,1,1,-1,-1,-1,1,-1,1,-1,-1,-1,-1,1,1,1,1,-1,1,-1,1,-1,1,1,-1,-1,-1,1,1,-1,1,-1,-1,-1,1,1,1,1,-1,-1,1,-1,1,-1,1,-1,1,1,-1,1,1,-1,-1,-1,1,1,-1,1,1,-1,1,1,1,-1,1,1,-1,-1,1,-1,1,-1,1,-1,1,-1,1,-1,1,-1,-1,-1,-1,1,-1,1,-1,-1,-1,1,1,-1,-1,1,-1,1,-1,-1,-1,1,-1,-1,-1,1,1,1,-1,-1,-1,-1,1,-1,1,-1,-1,-1,-1,-1,-1,-1,1,-1,-1,-1,1,-1,-1,1,-1,-1,-1,-1,-1,1,1,-1,-1,-1,-1,-1,1,-1,-1,-1,1,-1,-1,1,-1,1,-1,-1,-1,-1,-1,-1,-1,1,-1,-1,-1,1,1,1,-1,-1,1,-1,1,-1,-1,-1,1,-1,-1,1,1,1,-1,-1,-1,-1,1,-1,1,1,-1,1,-1,-1,1,1,-1,-1,-1,-1,-1,-1,1,1,-1,-1,1,-1,1,1,-1,-1,-1,1,-1,1,1,-1,-1,1,-1,-1,1,1,1,-1,1,-1,1,1,1,-1,-1,1,-1,-1,1,1,1,-1,1,-1,-1,1,1,-1,1,1,-1,-1,1,1,-1,1,1,-1,-1,1,1,1,1,1,-1,-1,1,1,1,1,-1,1,-1,-1,1,1,1,1,-1,-1,1,-1,1,1,1,1,-1,-1,1,-1,1,1,1,-1,1,1,1,1,-1,1,-1,1,1,1,1,1,1,1,-1,1,1,1,1,-1,1,-1,1,1,1,1,1,-1,1,1,1,1,-1,1,1,-1,1,1,-1,1,1,-1,-1,1,1,1,1,-1,1,-1,1,1,1,-1,-1,1,-1,1,1,1,-1,1,-1,-1,-1,1,1,-1,-1,1,-1,-1,1,1,1,-1,1,-1,-1,1,1,1,-1,1,-1,-1,1,1,-1,-1,-1,1,-1,-1,1,-1,1,1,-1,1,1,-1,-1,1,1,-1,-1,1,1,-1,1,1,-1,1,1,-1,-1,-1,-1,1,-1,-1,-1,-1,-1,1,-1,1,1,-1,1,1,-1,1,1,1,1,-1,1,-1,1,1,1,1,-1,1,-1,-1,-1,1,1,-1,1,-1,1,1,1,1,-1,1,-1,1,1,1,-1,-1,1,-1,-1,1,1,-1,-1,-1,1,-1,1,1,1,-1,1,-1,1,1,-2668.0,1,2000,445,1500,False
1685,1,1,-1,-1,1,-1,-1,-1,1,1,1,-1,1,1,1,1,-1,1,-1,-1,-1,-1,1,1,1,-1,1,-1,1,1,1,1,1,-1,-1,-1,1,-1,1,-1,-1,-1,-1,1,1,1,1,-1,1,1,1,1,-1,1,-1,-1,1,-1,1,1,1,-1,-1,-1,1,1,1,1,-1,-1,-1,1,1,1,1,-1,-1,-1,1,1,1,-1,-1,-1,1,1,1,1,-1,-1,-1,1,1,1,1,-1,-1,1,1,-1,1,1,-1,-1,1,1,1,1,1,-1,-1,-1,1,-1,1,1,-1,-1,1,1,1,1,1,1,-1,-1,1,1,-1,1,1,-1,1,1,1,1,1,1,-1,1,1,1,1,1,1,-1,1,1,1,1,1,1,-1,-1,-1,1,1,1,1,-1,1,1,1,1,-1,1,-1,1,-1,1,1,1,-1,-1,1,1,1,1,1,-1,1,-1,-1,1,1,1,-1,1,1,1,1,-1,1,1,1,1,-1,1,-1,1,-1,1,1,-1,1,-1,1,1,-1,1,-1,1,-1,1,-1,1,1,-1,1,-1,1,1,1,1,-1,-1,1,1,-1,-1,1,-1,1,-1,-1,1,-1,1,-1,1,-1,1,-1,-1,1,-1,-1,-1,1,1,-1,1,-1,1,1,1,-1,1,1,-1,1,-1,1,-1,1,-1,1,-1,1,1,-1,1,-1,-1,-1,1,1,-1,1,-1,-1,-1,1,1,-1,-1,1,1,-1,-1,1,1,-1,1,1,-1,1,1,1,1,-1,1,-1,1,1,-1,1,-1,1,-1,1,1,1,1,1,1,-1,-1,1,-1,-1,-1,1,1,-1,1,1,1,-1,1,1,1,1,1,1,-1,1,-1,1,1,1,-1,-1,1,-1,1,1,1,-1,1,1,-1,-1,1,1,1,-1,1,-1,1,1,1,-1,1,1,-1,1,1,1,-1,1,1,-1,1,1,1,-1,1,1,-1,-1,1,1,-1,1,1,-1,1,-1,1,-1,1,1,1,-1,1,1,1,-1,1,1,-1,1,1,-1,1,1,1,-1,-1,-1,-1,1,1,1,-1,1,1,-1,1,1,-1,-1,1,1,1,1,1,-1,1,1,1,-1,1,1,1,1,-1,1,1,1,-1,1,-1,1,1,1,1,1,1,-1,-1,-1,1,-1,-1,1,1,-1,1,1,-1,1,1,1,1,-1,1,-1,-1,1,-1,1,-1,1,1,1,1,1,1,-1,-1,1,-1,1,1,1,-1,1,1,1,-1,1,1,-1,-1,1,-1,1,1,1,-1,1,1,1,1,1,1,-1,1,-1,1,1,1,1,-1,1,-1,1,1,1,-1,-1,1,-1,1,1,1,-1,-1,1,-1,-1,1,1,-1,-1,1,-1,1,1,1,1,-1,1,1,-1,1,1,1,-1,-1,1,1,1,1,-1,-1,1,-1,-1,1,-1,1,-1,-1,1,-1,1,-1,1,1,-1,1,-1,-1,1,1,1,-1,1,-1,1,-1,-1,-1,1,-1,-1,-1,1,-1,-1,1,1,1,-1,1,-1,1,1,1,-1,1,1,-1,-1,-1,1,-1,-1,1,-1,-1,1,1,1,-1,1,-1,-1,1,1,-1,-1,1,-1,-1,1,1,-1,-1,1,-1,-1,-1,1,1,-1,1,1,-1,-1,1,-1,-1,1,-1,1,-1,1,1,-1,-1,1,-1,-1,-1,-1,-1,1,1,1,-1,-1,1,-1,-1,1,-1,-1,1,-1,-1,1,1,-1,-1,1,1,-1,1,1,-1,1,-1,1,-1,-1,1,1,-1,-1,-1,-1,1,1,-1,-1,1,-1,-1,-1,1,1,-1,-1,-1,-1,-1,1,-1,-1,-1,-1,-1,1,1,1,-1,-1,-1,-1,-1,1,1,-1,-1,-1,-1,-1,1,1,1,-1,-1,-1,-1,1,1,-1,-1,-1,-1,1,1,1,1,-1,-1,1,1,1,1,1,-1,-1,-1,1,1,1,1,1,-1,1,1,1,1,-1,1,-1,-1,1,-1,1,-1,1,-1,-1,1,-1,1,-1,-1,-1,-1,1,-1,1,-1,1,1,-1,1,-1,1,-1,1,1,1,-1,-1,1,-1,-1,-1,-1,1,1,-1,-1,-1,-1,-1,1,-1,1,-1,-1,-1,-1,-1,-1,-1,1,-1,-1,-1,1,-1,-1,1,-1,-1,-1,-1,-1,-1,1,-1,-1,-1,-1,-1,1,-1,-1,-1,1,-1,-1,1,-1,1,-1,-1,-1,-1,-1,-1,-1,1,-1,-1,-1,1,1,1,-1,-1,1,-1,-1,-1,-1,-1,1,-1,-1,1,-1,1,-1,-1,-1,-1,1,-1,1,1,-1,1,-1,-1,1,1,-1,-1,-1,-1,-1,-1,1,1,-1,-1,1,-1,1,1,-1,-1,-1,1,-1,-1,1,-1,-1,1,-1,-1,1,1,1,-1,1,-1,1,1,1,-1,-1,1,-1,-1,1,1,1,-1,1,-1,-1,1,1,-1,1,1,-1,-1,1,1,1,1,1,-1,-1,1,1,-1,1,1,-1,-1,1,1,1,1,-1,1,-1,-1,1,1,1,1,-1,-1,1,-1,1,1,1,1,-1,-1,1,-1,1,1,1,-1,1,1,1,1,-1,1,-1,1,1,1,1,1,1,1,-1,1,1,1,1,-1,1,-1,1,1,1,1,1,-1,1,1,1,1,-1,1,1,-1,1,1,-1,1,1,-1,-1,1,1,1,1,-1,1,-1,1,1,1,-1,-1,1,-1,1,1,1,-1,1,-1,-1,-1,1,1,-1,-1,1,-1,-1,1,1,-1,-1,1,-1,-1,1,1,1,-1,1,-1,-1,1,1,-1,-1,-1,1,-1,-1,1,-1,1,1,-1,1,1,-1,-1,1,1,-1,-1,1,1,-1,1,1,-1,1,1,-1,-1,1,-1,1,-1,-1,-1,-1,1,-1,-1,1,1,-1,1,1,-1,1,1,1,1,-1,1,-1,1,1,1,-1,-1,1,-1,-1,-1,1,-1,-1,1,-1,1,1,1,-1,-1,1,-1,1,1,1,1,-1,1,-1,-1,1,1,-1,-1,-1,1,-1,1,-1,1,-1,1,-1,-1,1,-2668.0,1,2000,445,1500,False
1686,1,1,-1,-1,1,-1,1,-1,1,1,1,-1,1,1,1,1,-1,1,-1,-1,1,-1,1,1,1,-1,-1,-1,1,1,1,1,1,-1,-1,-1,1,-1,1,1,-1,-1,-1,1,1,1,1,-1,1,1,1,1,-1,1,-1,-1,1,-1,1,1,1,-1,-1,-1,1,1,1,1,-1,-1,-1,1,1,1,1,-1,-1,-1,1,1,1,-1,-1,-1,1,1,1,1,-1,1,-1,1,1,1,1,-1,-1,1,1,-1,1,1,-1,-1,1,1,1,1,1,-1,-1,1,1,1,1,1,-1,-1,1,1,1,1,1,1,-1,1,1,1,-1,1,1,-1,1,1,1,1,1,1,-1,-1,1,1,1,1,1,-1,1,1,1,1,1,1,-1,-1,-1,1,1,1,1,-1,1,1,1,1,-1,1,-1,1,-1,1,1,1,-1,-1,1,1,1,1,1,-1,1,-1,-1,1,-1,1,-1,1,1,1,1,1,1,1,1,1,-1,1,-1,1,-1,1,1,-1,1,-1,1,1,-1,1,-1,1,-1,1,-1,1,1,-1,1,-1,1,1,1,1,-1,-1,1,1,-1,-1,1,-1,1,-1,-1,1,1,1,-1,1,-1,1,-1,1,1,-1,-1,-1,1,-1,-1,1,-1,1,1,1,-1,1,1,-1,-1,-1,1,-1,1,-1,1,-1,1,1,-1,1,-1,-1,-1,1,1,-1,1,-1,-1,-1,1,1,-1,-1,1,1,-1,-1,1,-1,-1,1,1,-1,1,1,1,-1,-1,1,-1,1,1,-1,1,-1,1,1,-1,1,-1,-1,-1,1,-1,-1,1,-1,-1,-1,1,1,-1,1,1,1,-1,1,-1,-1,1,1,1,-1,1,-1,1,1,-1,1,-1,1,-1,1,1,1,-1,1,1,-1,1,-1,1,-1,1,1,-1,1,1,1,1,1,1,-1,1,1,1,1,1,-1,-1,1,1,1,1,1,-1,-1,1,1,1,1,1,-1,-1,-1,-1,1,1,1,1,-1,1,1,1,1,1,1,-1,-1,-1,1,1,-1,-1,-1,1,-1,-1,-1,1,-1,-1,1,-1,1,-1,1,-1,1,-1,1,1,1,1,-1,1,-1,1,1,-1,1,-1,-1,-1,-1,1,1,1,1,-1,-1,1,-1,1,1,-1,-1,1,-1,-1,1,-1,1,-1,1,-1,1,-1,1,-1,-1,1,1,-1,1,-1,1,-1,-1,1,-1,1,-1,-1,-1,-1,1,-1,-1,1,1,-1,-1,-1,-1,1,1,-1,1,-1,1,-1,1,-1,1,-1,1,1,-1,1,-1,-1,-1,1,1,-1,1,-1,1,-1,1,-1,1,1,1,1,-1,1,-1,-1,1,-1,-1,-1,1,-1,1,-1,-1,1,-1,1,-1,-1,1,-1,-1,1,-1,1,-1,1,-1,1,-1,1,1,-1,-1,-1,1,-1,1,-1,-1,1,-1,1,1,-1,1,-1,-1,1,1,-1,-1,1,-1,-1,1,1,1,1,1,1,-1,1,1,1,-1,-1,-1,1,-1,-1,-1,1,-1,1,1,-1,1,-1,1,-1,1,-1,-1,-1,1,1,-1,1,1,-1,-1,-1,1,-1,1,1,-1,1,-1,1,-1,-1,-1,-1,-1,-1,1,-1,-1,-1,-1,-1,-1,1,-1,1,1,1,1,-1,1,-1,1,1,-1,-1,-1,1,-1,-1,1,-1,1,-1,-1,1,1,1,1,-1,-1,1,1,1,1,-1,1,-1,-1,1,1,1,-1,-1,-1,1,1,1,1,-1,-1,-1,1,-1,1,-1,1,-1,-1,-1,1,1,1,-1,-1,-1,1,1,1,1,1,-1,-1,-1,1,1,1,1,-1,-1,-1,1,-1,1,-1,-1,-1,1,1,1,1,1,-1,-1,-1,1,-1,1,1,-1,-1,-1,1,1,-1,1,-1,-1,-1,1,1,1,1,-1,-1,1,1,1,-1,1,-1,1,1,-1,1,1,-1,-1,-1,1,1,-1,1,1,-1,1,1,1,-1,1,1,-1,-1,1,-1,1,-1,1,-1,-1,1,1,-1,1,-1,-1,-1,1,-1,-1,1,-1,1,-1,1,1,-1,-1,1,1,-1,1,-1,-1,1,-1,-1,-1,1,1,1,-1,-1,-1,-1,1,-1,-1,1,-1,-1,-1,-1,-1,-1,1,-1,-1,-1,1,-1,-1,1,-1,-1,-1,-1,-1,1,1,-1,-1,-1,-1,-1,1,-1,-1,-1,1,-1,-1,1,-1,1,-1,-1,-1,-1,-1,-1,-1,1,-1,-1,-1,1,1,1,-1,-1,1,-1,1,-1,-1,-1,1,-1,-1,1,1,1,-1,-1,-1,-1,1,-1,1,1,-1,1,-1,-1,1,1,-1,-1,-1,-1,-1,-1,1,1,-1,-1,1,-1,1,1,-1,-1,-1,1,-1,1,1,-1,-1,1,1,-1,1,1,1,-1,1,-1,1,1,1,-1,-1,1,-1,-1,1,1,1,-1,1,-1,-1,1,1,-1,1,1,1,-1,1,1,1,1,1,1,-1,1,1,1,1,1,1,-1,1,1,1,1,-1,1,-1,1,1,1,1,1,1,-1,1,-1,1,1,1,1,-1,-1,1,-1,1,-1,1,-1,1,1,1,1,-1,1,-1,1,1,1,1,1,1,-1,-1,-1,1,1,1,1,1,-1,1,1,1,1,-1,1,-1,1,1,1,-1,-1,1,-1,1,1,-1,1,-1,-1,-1,1,1,1,-1,1,-1,-1,1,1,1,-1,-1,-1,-1,1,1,1,-1,-1,1,-1,-1,1,1,-1,1,-1,-1,-1,1,1,-1,1,-1,-1,1,1,1,1,1,1,-1,-1,1,1,-1,-1,1,1,1,-1,1,-1,1,-1,-1,1,1,-1,-1,1,-1,-1,-1,-1,1,-1,1,-1,1,1,1,-1,-1,-1,-1,-1,-1,-1,-1,-1,1,-1,1,1,1,-1,1,1,-1,1,1,1,1,-1,1,-1,1,1,1,1,-1,1,-1,1,1,1,1,-1,1,-1,1,1,1,1,-1,1,-1,1,1,-1,-1,-1,1,-1,-1,1,1,-1,-1,-1,1,-1,1,-1,1,-1,1,-1,-1,1,-2668.0,1,2000,445,1500,False
1687,1,1,-1,-1,1,1,-1,-1,1,1,1,-1,-1,1,1,1,-1,1,-1,-1,-1,-1,1,1,1,-1,-1,-1,1,1,1,1,-1,-1,-1,-1,1,-1,1,1,-1,-1,-1,1,1,1,1,-1,1,1,1,1,-1,1,-1,-1,1,-1,1,1,1,-1,-1,-1,1,1,1,1,-1,-1,-1,1,1,1,1,-1,-1,-1,1,1,1,-1,-1,-1,1,1,1,1,-1,-1,1,1,1,1,1,-1,-1,-1,1,-1,1,1,-1,-1,1,1,1,1,1,-1,-1,-1,1,1,1,1,-1,-1,1,1,1,1,1,1,-1,-1,1,1,-1,1,1,-1,1,1,1,1,1,1,-1,1,1,1,1,1,1,-1,1,1,1,1,1,1,-1,-1,-1,1,1,1,1,-1,1,1,1,1,-1,1,-1,1,-1,1,1,1,-1,-1,1,1,1,1,1,-1,1,-1,-1,1,-1,1,-1,1,1,1,1,1,1,1,1,1,-1,1,-1,1,-1,1,1,-1,1,-1,1,1,-1,1,-1,1,-1,1,-1,1,1,-1,1,-1,1,1,1,1,-1,-1,1,1,-1,-1,1,-1,1,-1,-1,1,-1,1,-1,1,-1,1,-1,-1,1,-1,-1,-1,1,1,-1,1,-1,1,1,1,-1,1,1,-1,-1,-1,1,-1,1,-1,1,-1,1,1,-1,1,-1,-1,-1,1,1,-1,1,-1,-1,-1,1,1,-1,-1,1,1,-1,-1,1,1,-1,1,1,-1,1,1,1,1,-1,1,-1,1,1,-1,1,-1,1,-1,1,1,1,1,1,1,-1,-1,1,-1,-1,-1,1,1,-1,1,1,1,-1,1,1,1,1,1,1,1,1,-1,1,1,1,-1,-1,1,-1,1,1,1,-1,1,1,-1,-1,1,1,1,-1,1,-1,1,1,1,-1,1,1,-1,1,1,1,-1,1,1,-1,1,1,1,-1,1,1,-1,-1,1,1,-1,1,1,-1,1,-1,1,-1,1,-1,1,-1,1,1,1,-1,-1,1,-1,1,1,-1,1,1,1,-1,-1,-1,-1,1,1,1,-1,1,1,-1,1,1,-1,-1,1,1,1,1,1,-1,1,1,1,-1,1,1,1,-1,-1,1,1,1,-1,1,-1,1,1,1,1,1,1,-1,-1,-1,1,-1,1,1,1,-1,1,1,1,1,1,1,1,-1,1,-1,-1,1,-1,1,-1,1,1,-1,1,1,1,-1,-1,1,-1,1,1,1,-1,1,1,1,-1,1,1,-1,-1,1,-1,1,1,1,-1,1,1,1,1,1,1,-1,1,-1,1,1,1,-1,-1,1,-1,-1,1,1,-1,-1,1,-1,1,1,1,-1,-1,1,-1,-1,1,1,-1,-1,1,-1,1,1,1,1,-1,1,1,-1,-1,1,1,-1,-1,1,1,-1,1,-1,-1,1,1,-1,1,-1,1,-1,-1,1,-1,1,-1,1,-1,-1,1,-1,-1,1,1,1,-1,1,-1,1,-1,-1,-1,1,-1,-1,-1,1,-1,1,1,1,1,-1,1,-1,-1,1,1,-1,1,1,-1,-1,-1,1,-1,-1,1,-1,-1,1,1,1,-1,1,-1,-1,1,1,-1,-1,1,-1,-1,1,1,-1,-1,1,-1,-1,-1,1,1,-1,1,1,-1,-1,1,-1,-1,1,-1,1,-1,1,1,-1,-1,1,-1,-1,-1,-1,-1,1,1,1,-1,1,1,-1,-1,1,-1,-1,-1,-1,-1,1,1,-1,-1,-1,-1,-1,1,1,-1,1,1,1,-1,-1,1,1,-1,-1,-1,-1,1,1,-1,-1,1,-1,-1,-1,1,1,-1,-1,-1,-1,-1,1,-1,-1,1,-1,-1,1,1,1,-1,1,-1,-1,-1,1,1,-1,-1,-1,-1,-1,1,1,1,-1,-1,-1,-1,1,1,-1,-1,-1,-1,1,1,1,1,-1,-1,1,1,1,1,1,-1,-1,-1,1,1,1,1,1,-1,1,1,1,1,-1,1,-1,-1,1,-1,1,-1,1,-1,-1,1,-1,1,-1,-1,-1,-1,1,-1,1,-1,1,1,-1,1,-1,1,-1,1,1,-1,1,-1,1,-1,-1,-1,-1,1,1,-1,-1,-1,-1,-1,1,-1,1,-1,-1,-1,-1,-1,-1,-1,1,-1,-1,-1,1,-1,-1,1,-1,-1,-1,-1,-1,1,1,-1,-1,-1,-1,-1,1,-1,-1,-1,1,-1,-1,1,-1,1,-1,-1,-1,-1,-1,-1,-1,1,-1,-1,-1,1,1,-1,-1,-1,1,-1,-1,-1,-1,-1,1,-1,-1,1,-1,1,-1,-1,-1,-1,1,-1,1,1,-1,1,-1,-1,1,1,-1,-1,-1,-1,-1,-1,1,1,-1,-1,1,-1,1,1,-1,-1,-1,1,-1,1,1,-1,-1,1,-1,-1,1,1,1,-1,1,-1,1,1,1,-1,-1,1,-1,-1,1,1,1,-1,1,-1,-1,1,1,-1,1,1,-1,-1,1,1,-1,1,1,-1,-1,1,1,-1,1,1,-1,-1,1,1,1,1,-1,1,-1,-1,1,1,-1,1,-1,-1,1,-1,1,1,1,1,-1,-1,1,-1,1,1,1,-1,1,1,1,1,-1,1,-1,1,1,1,1,1,1,1,-1,1,1,1,1,-1,1,-1,1,1,1,1,1,-1,1,1,1,1,-1,1,1,-1,1,1,-1,1,1,-1,-1,1,1,1,1,-1,1,-1,1,1,1,-1,-1,1,-1,1,1,1,-1,1,-1,-1,-1,1,1,-1,-1,1,-1,-1,1,1,-1,-1,1,-1,-1,1,1,1,-1,1,-1,-1,1,1,-1,-1,-1,1,-1,1,1,-1,1,1,-1,1,1,-1,-1,1,1,-1,-1,1,1,-1,1,1,-1,1,1,-1,-1,-1,-1,1,-1,-1,-1,-1,1,-1,-1,1,1,-1,1,1,-1,1,1,1,1,-1,1,-1,1,1,1,-1,-1,1,-1,-1,-1,1,-1,-1,1,-1,1,1,1,-1,-1,1,-1,1,1,1,1,-1,1,-1,-1,1,1,1,-1,-1,1,-1,1,1,1,-1,1,-1,-1,1,-2668.0,1,2000,445,1500,False
1688,1,1,-1,-1,1,1,-1,-1,1,1,1,-1,-1,1,1,1,-1,1,-1,-1,-1,-1,1,1,1,-1,-1,-1,1,1,1,1,-1,-1,-1,-1,1,1,1,1,-1,-1,-1,1,1,1,1,-1,1,1,1,1,-1,1,-1,-1,1,-1,1,1,1,-1,-1,-1,1,1,1,1,-1,-1,-1,1,1,1,1,-1,-1,-1,1,1,1,-1,-1,-1,1,1,1,1,-1,-1,-1,1,1,1,1,-1,-1,1,1,-1,1,1,-1,-1,1,1,1,1,1,-1,-1,-1,1,-1,1,1,-1,-1,1,1,1,1,1,1,-1,-1,1,1,-1,1,1,-1,1,1,1,1,1,1,-1,1,1,1,-1,1,1,-1,1,1,1,1,1,1,-1,-1,-1,1,-1,1,1,-1,1,1,1,1,-1,1,-1,1,-1,1,1,1,-1,-1,1,1,1,-1,1,-1,1,-1,-1,1,1,1,-1,1,1,1,1,-1,1,1,1,1,-1,1,-1,1,-1,1,1,-1,1,-1,1,1,-1,1,-1,1,-1,1,-1,1,1,-1,1,-1,1,1,1,1,-1,-1,1,1,-1,-1,1,-1,1,1,-1,1,-1,1,-1,1,-1,1,-1,-1,1,-1,-1,1,1,1,-1,1,-1,1,1,1,-1,1,1,-1,1,-1,1,-1,1,-1,1,-1,1,1,-1,1,-1,-1,-1,1,1,-1,1,-1,-1,-1,-1,1,-1,-1,1,1,-1,-1,1,1,-1,1,1,-1,1,1,1,1,-1,1,-1,1,1,-1,1,-1,1,1,-1,1,1,1,1,1,-1,-1,1,-1,-1,1,1,1,-1,1,1,1,-1,1,-1,-1,1,1,1,1,1,-1,1,1,1,-1,-1,1,-1,1,1,1,-1,1,1,-1,1,-1,1,1,-1,1,-1,1,1,1,-1,1,1,-1,1,1,1,-1,1,-1,-1,1,1,1,-1,1,-1,-1,1,1,1,-1,1,-1,-1,-1,-1,1,-1,1,1,-1,1,1,1,1,-1,1,-1,-1,-1,1,-1,1,-1,-1,1,-1,-1,-1,1,1,-1,1,-1,1,-1,1,-1,1,-1,1,1,1,1,-1,1,-1,1,1,-1,1,-1,-1,-1,-1,1,1,1,1,-1,-1,1,1,1,1,-1,-1,1,-1,-1,1,-1,1,-1,1,-1,1,1,1,-1,-1,1,1,-1,1,-1,1,-1,-1,1,-1,1,1,-1,-1,-1,1,-1,-1,1,1,-1,-1,1,-1,1,1,-1,1,-1,1,-1,-1,1,1,-1,1,1,-1,1,1,-1,-1,1,1,-1,1,-1,1,-1,1,-1,-1,1,-1,1,-1,1,-1,-1,1,-1,-1,-1,1,-1,-1,1,-1,1,-1,1,-1,-1,1,-1,-1,1,-1,1,-1,1,-1,1,-1,1,1,-1,-1,-1,1,-1,1,-1,-1,1,-1,1,1,-1,1,-1,-1,1,1,-1,-1,1,1,-1,1,1,1,1,1,1,-1,1,1,1,-1,-1,1,1,-1,-1,-1,1,-1,1,1,-1,1,-1,1,-1,1,-1,-1,-1,1,1,-1,1,1,-1,-1,-1,1,-1,1,1,-1,1,-1,1,-1,-1,-1,-1,-1,-1,1,-1,-1,-1,-1,-1,-1,1,-1,1,1,1,1,-1,1,-1,1,1,-1,-1,-1,1,-1,-1,1,-1,1,-1,-1,1,1,1,1,-1,-1,1,1,1,1,-1,1,-1,-1,1,1,1,-1,-1,-1,1,1,1,1,-1,1,-1,1,-1,1,-1,1,1,-1,-1,1,1,1,-1,-1,-1,-1,1,1,1,1,-1,-1,-1,1,1,1,1,-1,-1,-1,1,-1,1,-1,-1,-1,-1,1,1,1,1,-1,1,-1,1,-1,1,1,-1,-1,-1,1,1,-1,1,-1,-1,-1,1,1,1,1,-1,-1,1,-1,1,-1,1,-1,1,1,-1,1,1,-1,-1,-1,1,1,-1,1,1,-1,1,1,1,-1,1,1,-1,-1,1,-1,1,-1,1,-1,1,-1,1,-1,1,-1,-1,-1,-1,1,-1,1,-1,-1,1,1,1,-1,-1,1,-1,1,-1,-1,-1,-1,-1,-1,-1,1,1,1,-1,-1,-1,-1,1,-1,1,-1,-1,-1,-1,-1,-1,-1,1,-1,-1,-1,1,-1,-1,1,-1,-1,-1,-1,-1,1,1,-1,-1,-1,-1,-1,1,-1,-1,-1,1,-1,-1,1,-1,1,-1,-1,-1,-1,-1,-1,-1,1,-1,-1,-1,1,1,1,-1,-1,1,-1,1,-1,-1,-1,1,-1,-1,1,-1,1,-1,-1,-1,-1,1,-1,1,1,-1,1,-1,-1,1,1,-1,-1,-1,-1,-1,-1,1,1,-1,-1,1,-1,1,1,-1,-1,-1,1,-1,-1,1,-1,-1,1,-1,-1,1,1,1,-1,1,-1,1,1,1,-1,-1,1,-1,-1,1,1,1,-1,1,-1,-1,1,1,-1,1,1,-1,-1,1,1,-1,1,1,-1,-1,1,1,-1,1,1,-1,-1,1,1,1,1,-1,1,-1,-1,1,1,-1,1,-1,-1,1,-1,1,1,1,1,-1,-1,1,-1,1,1,1,-1,1,1,1,1,-1,1,-1,1,1,1,1,1,1,1,-1,1,1,1,1,-1,1,-1,1,1,1,1,1,-1,1,1,1,1,-1,1,1,-1,1,1,-1,1,1,-1,-1,1,1,1,1,-1,1,-1,1,1,1,-1,-1,1,-1,1,1,1,-1,1,-1,-1,-1,1,1,-1,-1,1,-1,-1,1,1,-1,-1,1,-1,-1,1,1,1,-1,-1,-1,-1,1,1,-1,-1,-1,1,-1,1,1,-1,1,1,-1,1,1,-1,-1,1,1,-1,-1,1,1,-1,1,1,-1,1,1,-1,-1,1,-1,1,-1,-1,-1,-1,1,-1,-1,1,1,-1,1,1,-1,1,1,1,1,-1,1,-1,1,1,1,-1,-1,1,-1,-1,1,1,-1,-1,1,-1,1,1,1,-1,-1,1,-1,1,1,1,1,-1,1,-1,-1,1,1,-1,-1,-1,1,-1,1,-1,1,-1,1,-1,-1,1,-2668.0,1,2000,445,1500,False
1689,1,1,-1,-1,1,-1,-1,-1,1,1,1,-1,1,1,1,1,-1,1,-1,-1,1,1,1,1,1,-1,1,-1,1,1,1,1,1,-1,-1,-1,1,-1,1,1,-1,-1,1,1,1,1,1,-1,1,1,1,1,-1,1,-1,-1,1,-1,1,1,1,-1,-1,1,1,1,1,1,-1,-1,1,1,1,1,1,-1,-1,-1,1,1,1,-1,-1,-1,1,1,1,1,-1,-1,-1,1,1,1,1,-1,-1,1,1,-1,1,1,-1,-1,1,1,1,1,1,-1,-1,1,1,1,1,1,-1,-1,1,1,1,1,1,1,-1,-1,1,1,-1,1,1,-1,1,1,1,1,1,1,-1,-1,1,1,1,1,1,-1,1,1,1,1,1,1,-1,-1,-1,1,1,1,1,-1,1,-1,1,1,-1,1,-1,1,-1,1,1,1,-1,-1,1,1,1,1,1,-1,1,-1,-1,1,-1,1,-1,1,1,1,1,1,1,1,1,1,-1,1,-1,1,-1,1,1,-1,1,-1,1,1,-1,1,-1,1,-1,1,-1,1,1,-1,1,-1,1,1,1,1,-1,-1,1,1,-1,-1,1,-1,1,-1,-1,1,-1,1,-1,1,-1,1,-1,1,1,-1,-1,-1,1,1,-1,1,-1,1,1,1,-1,1,1,-1,1,-1,1,-1,1,-1,1,-1,1,1,-1,1,-1,-1,-1,1,1,-1,1,-1,-1,-1,1,1,-1,-1,1,1,-1,-1,1,1,-1,1,1,-1,1,1,1,1,-1,1,-1,1,1,-1,1,-1,1,1,-1,1,1,1,1,1,-1,-1,1,-1,-1,-1,1,1,-1,1,1,1,-1,1,-1,-1,1,1,1,1,1,-1,1,1,1,-1,1,1,-1,1,1,1,-1,1,1,-1,-1,1,1,1,-1,1,-1,1,1,1,-1,1,1,-1,1,1,1,-1,1,-1,-1,1,1,1,-1,1,-1,-1,-1,1,1,-1,1,-1,-1,1,-1,1,-1,1,1,-1,-1,1,1,1,-1,1,-1,-1,1,1,-1,1,-1,-1,-1,-1,-1,-1,1,1,-1,-1,1,1,-1,1,-1,1,-1,1,1,1,1,-1,-1,1,1,1,-1,1,-1,-1,-1,-1,1,1,-1,1,-1,-1,1,-1,1,-1,-1,-1,-1,-1,-1,1,-1,1,-1,1,-1,1,1,-1,-1,-1,1,1,-1,1,-1,1,-1,-1,1,-1,1,-1,-1,-1,-1,1,-1,-1,1,1,-1,-1,1,-1,1,1,-1,1,-1,1,-1,1,-1,1,-1,-1,1,-1,1,-1,-1,-1,1,1,-1,1,-1,1,-1,1,-1,1,1,-1,1,-1,1,-1,-1,1,-1,-1,-1,1,-1,1,-1,-1,1,-1,1,-1,-1,1,-1,-1,1,-1,1,-1,1,-1,1,-1,1,1,-1,1,-1,1,-1,1,-1,-1,1,-1,1,1,1,1,-1,-1,1,1,-1,1,1,-1,-1,1,1,1,1,1,1,-1,1,1,1,-1,-1,1,1,-1,-1,-1,1,-1,1,1,1,-1,1,1,-1,1,-1,-1,-1,1,1,-1,1,1,-1,1,-1,1,-1,1,1,-1,-1,-1,1,-1,-1,-1,-1,1,-1,1,-1,-1,-1,-1,-1,-1,1,-1,1,1,1,1,-1,1,-1,1,1,-1,-1,-1,1,-1,-1,1,-1,1,-1,-1,1,1,1,1,-1,-1,1,1,1,1,-1,1,-1,-1,1,1,1,-1,-1,-1,1,1,1,1,-1,-1,-1,1,-1,1,-1,1,1,-1,-1,1,1,1,-1,-1,-1,1,1,1,1,1,-1,-1,-1,1,1,1,1,-1,-1,-1,1,-1,1,-1,-1,-1,1,1,1,1,1,-1,-1,-1,1,1,1,1,-1,-1,-1,1,1,-1,1,-1,-1,-1,1,1,1,1,-1,-1,1,1,1,1,-1,-1,1,1,-1,1,1,-1,-1,-1,1,1,1,1,1,-1,1,1,1,1,1,1,-1,-1,1,-1,1,-1,-1,-1,-1,1,-1,1,1,-1,-1,-1,1,-1,1,1,-1,1,-1,1,1,1,-1,1,1,-1,1,-1,1,-1,-1,-1,-1,1,1,-1,-1,-1,-1,-1,1,-1,1,-1,-1,-1,-1,-1,-1,-1,1,-1,-1,-1,1,-1,-1,1,-1,-1,-1,-1,-1,-1,1,-1,-1,-1,-1,-1,1,-1,-1,-1,1,-1,-1,1,-1,1,-1,-1,-1,-1,-1,-1,-1,1,-1,-1,-1,1,1,1,-1,-1,1,-1,-1,-1,-1,-1,1,-1,-1,1,-1,1,-1,-1,-1,-1,1,-1,1,1,-1,1,-1,-1,1,1,-1,-1,-1,-1,-1,-1,1,1,-1,-1,1,-1,1,1,-1,-1,-1,1,-1,-1,1,-1,-1,1,-1,-1,1,1,1,-1,1,-1,1,1,1,-1,-1,1,-1,-1,1,-1,1,-1,1,-1,-1,1,1,-1,1,1,-1,-1,1,1,-1,1,1,-1,-1,1,1,1,1,1,-1,-1,1,1,1,1,1,1,-1,1,1,1,1,1,-1,-1,1,-1,1,1,1,1,-1,-1,1,-1,1,1,1,-1,1,1,1,1,-1,1,-1,1,1,1,1,1,1,1,-1,-1,1,1,1,-1,1,-1,1,1,1,1,1,-1,1,1,1,1,-1,1,1,-1,1,1,-1,1,1,-1,-1,-1,1,1,1,-1,1,-1,1,1,1,-1,-1,1,-1,1,1,1,-1,1,-1,-1,-1,1,1,-1,-1,1,-1,-1,1,1,-1,-1,1,-1,1,1,1,1,-1,1,-1,-1,1,1,-1,-1,-1,1,1,-1,1,-1,1,1,-1,1,1,-1,-1,1,1,-1,-1,1,1,-1,1,1,1,1,1,-1,-1,-1,-1,1,-1,-1,-1,-1,-1,1,1,1,1,-1,1,1,-1,1,1,1,1,-1,1,-1,1,1,1,1,-1,1,-1,1,1,1,1,-1,1,-1,1,1,1,1,-1,1,-1,1,1,-1,-1,-1,1,-1,1,1,1,-1,-1,-1,1,-1,1,-1,1,-1,1,-1,1,1,-2668.0,1,2000,445,1500,False
1690,1,1,-1,-1,1,1,-1,-1,1,1,1,-1,1,1,-1,1,-1,1,-1,-1,1,1,1,1,1,-1,1,-1,1,1,1,1,1,-1,-1,-1,1,-1,1,1,-1,-1,1,1,1,1,-1,-1,1,1,1,1,-1,1,-1,-1,1,-1,1,1,1,-1,-1,1,1,1,1,-1,-1,-1,1,1,1,1,1,-1,-1,-1,1,1,1,-1,-1,-1,1,1,1,1,-1,-1,-1,1,1,1,1,-1,-1,1,1,-1,1,1,-1,-1,1,1,1,1,1,-1,-1,1,1,-1,1,1,-1,-1,1,1,1,1,1,1,-1,1,1,1,-1,1,1,-1,1,1,1,1,1,1,-1,-1,1,1,1,1,1,-1,1,1,1,1,1,1,-1,-1,-1,1,1,1,1,-1,1,-1,1,1,-1,1,-1,1,-1,1,1,1,-1,-1,1,1,1,1,1,-1,1,-1,-1,1,-1,1,-1,1,1,1,1,1,1,-1,1,1,-1,1,-1,1,1,-1,1,-1,1,-1,1,-1,-1,1,-1,1,-1,1,-1,1,1,-1,1,-1,1,1,1,1,-1,-1,1,1,-1,-1,1,-1,1,-1,-1,1,-1,1,-1,1,-1,1,-1,1,1,-1,-1,-1,1,-1,1,1,-1,1,1,1,1,1,1,-1,1,-1,-1,1,1,-1,1,-1,1,-1,1,1,-1,-1,-1,1,1,1,1,-1,1,-1,1,1,-1,1,1,1,-1,-1,1,1,1,1,1,-1,1,1,-1,1,-1,1,-1,1,1,1,1,-1,1,1,-1,1,1,1,1,1,-1,-1,1,-1,1,-1,-1,1,-1,1,1,1,-1,1,-1,-1,1,1,1,-1,1,-1,1,1,1,-1,-1,1,-1,1,1,-1,-1,1,1,-1,-1,1,1,1,-1,1,-1,1,1,1,-1,1,1,-1,1,1,1,-1,1,-1,-1,1,1,1,-1,1,-1,-1,-1,1,1,-1,1,-1,-1,1,-1,1,-1,1,1,-1,-1,1,1,1,1,1,-1,-1,1,1,-1,1,-1,1,-1,-1,-1,-1,1,1,-1,-1,1,1,-1,1,1,-1,-1,1,1,1,1,1,-1,1,1,1,-1,1,-1,-1,-1,-1,1,1,1,1,-1,-1,1,-1,1,1,-1,-1,-1,-1,-1,1,-1,-1,-1,1,-1,1,1,1,1,-1,1,1,-1,1,-1,1,-1,-1,1,-1,1,1,1,1,-1,1,-1,-1,1,1,-1,-1,1,-1,1,1,1,-1,-1,1,-1,-1,1,1,-1,1,1,-1,1,1,-1,-1,1,1,-1,1,-1,-1,-1,1,-1,1,1,-1,-1,1,1,-1,-1,1,-1,-1,-1,1,-1,-1,1,1,-1,-1,1,-1,-1,1,-1,-1,-1,1,1,-1,1,-1,-1,-1,1,1,-1,1,-1,1,-1,1,-1,-1,1,-1,-1,1,-1,1,-1,-1,1,-1,1,-1,1,-1,1,1,-1,-1,1,1,1,-1,1,-1,1,-1,-1,-1,1,-1,-1,1,-1,1,-1,-1,1,-1,1,1,-1,1,-1,1,-1,1,1,-1,1,1,1,1,-1,1,-1,1,-1,1,-1,-1,1,-1,-1,1,1,1,-1,1,-1,-1,-1,1,-1,-1,1,-1,1,1,1,1,-1,1,-1,-1,1,1,-1,-1,1,-1,-1,-1,1,1,-1,-1,1,1,-1,1,-1,-1,1,1,1,1,1,1,-1,-1,1,1,-1,1,-1,-1,1,1,1,1,-1,1,-1,1,-1,1,1,1,1,-1,-1,1,1,1,-1,-1,-1,-1,1,1,1,1,-1,-1,-1,1,1,1,-1,-1,-1,-1,1,1,1,1,-1,-1,1,1,1,1,1,-1,-1,-1,1,1,1,-1,-1,-1,-1,1,1,-1,1,-1,-1,-1,1,1,1,1,-1,-1,1,1,1,1,1,-1,1,1,-1,1,1,-1,-1,-1,1,1,1,-1,1,-1,1,1,1,1,1,1,-1,-1,1,-1,1,-1,1,-1,-1,1,-1,1,-1,-1,-1,-1,1,-1,1,1,-1,1,-1,1,1,1,-1,1,1,-1,1,-1,1,-1,-1,-1,-1,1,1,-1,-1,-1,-1,-1,1,-1,1,-1,-1,-1,-1,-1,-1,-1,1,-1,-1,-1,1,-1,-1,1,-1,-1,-1,-1,-1,1,1,-1,-1,-1,-1,-1,1,-1,-1,-1,1,-1,-1,1,-1,1,-1,-1,-1,-1,-1,-1,-1,1,-1,-1,-1,1,1,-1,-1,-1,1,-1,-1,-1,-1,-1,1,-1,-1,1,-1,1,-1,-1,1,-1,1,-1,1,1,-1,1,-1,-1,1,1,-1,-1,-1,-1,-1,-1,1,1,-1,-1,1,-1,1,1,-1,-1,-1,1,-1,1,1,-1,-1,1,1,-1,1,1,1,-1,1,-1,1,1,1,-1,-1,1,-1,-1,1,1,1,1,-1,1,-1,1,1,1,-1,1,-1,-1,1,1,-1,1,-1,1,-1,1,1,1,1,1,-1,-1,1,1,1,1,1,-1,-1,1,1,1,1,-1,-1,-1,1,-1,1,1,1,-1,-1,-1,1,-1,1,1,-1,-1,1,-1,1,1,1,-1,1,1,1,1,1,1,-1,1,-1,-1,1,1,1,-1,1,-1,1,1,1,-1,1,-1,1,-1,1,1,-1,-1,1,-1,1,1,-1,1,1,-1,-1,1,1,1,1,-1,1,-1,-1,1,1,-1,-1,1,-1,1,1,1,-1,1,-1,-1,-1,1,1,-1,-1,1,-1,-1,1,1,1,-1,1,-1,-1,-1,1,1,-1,1,-1,-1,1,1,-1,-1,-1,1,-1,-1,1,-1,1,1,-1,1,1,-1,-1,1,-1,-1,-1,1,1,-1,1,1,-1,1,1,-1,-1,-1,-1,1,-1,-1,-1,-1,1,-1,-1,1,1,-1,1,1,-1,1,1,1,1,-1,1,-1,1,1,1,1,-1,1,-1,-1,1,1,1,-1,1,-1,1,1,1,1,-1,1,-1,1,1,-1,-1,-1,1,-1,-1,1,1,-1,-1,-1,1,-1,1,-1,1,-1,1,-1,-1,1,-2668.0,1,2000,445,1000,False
1691,1,1,-1,-1,1,-1,-1,-1,1,1,1,-1,1,1,-1,1,-1,1,1,-1,1,1,1,1,1,1,-1,-1,1,1,1,1,-1,-1,-1,-1,1,-1,1,1,-1,-1,-1,1,1,1,1,-1,1,1,1,1,-1,1,-1,-1,1,-1,1,1,1,-1,-1,1,1,1,1,1,-1,-1,1,1,1,1,1,-1,-1,-1,1,1,1,-1,-1,-1,1,1,1,1,-1,-1,-1,1,1,1,1,-1,-1,1,1,-1,1,1,-1,-1,1,1,1,1,1,-1,-1,1,1,1,1,1,-1,-1,1,1,1,1,1,1,-1,1,1,1,-1,1,1,-1,1,1,1,1,1,1,-1,-1,1,1,1,1,1,-1,1,1,1,1,1,1,-1,-1,-1,1,1,1,1,-1,1,1,1,1,-1,1,-1,1,-1,1,1,1,-1,-1,1,1,1,1,1,-1,1,-1,-1,1,-1,1,-1,1,1,1,1,1,1,1,1,1,-1,1,-1,1,-1,1,1,-1,1,-1,1,1,-1,1,-1,1,-1,1,-1,1,1,-1,1,-1,1,1,1,1,-1,-1,1,1,-1,-1,1,-1,1,-1,-1,1,-1,1,-1,1,-1,1,-1,1,1,-1,1,-1,1,1,-1,1,-1,1,1,1,-1,1,1,-1,1,-1,1,-1,1,-1,1,-1,1,1,-1,1,-1,-1,-1,1,1,-1,1,-1,-1,-1,1,1,-1,-1,1,1,-1,-1,1,1,-1,1,1,-1,1,1,1,1,-1,1,-1,1,1,-1,1,-1,1,1,-1,1,1,1,1,1,-1,-1,1,-1,-1,-1,1,1,-1,1,1,1,-1,1,-1,-1,1,1,1,-1,1,-1,1,1,1,-1,1,1,-1,1,1,1,-1,1,1,-1,1,-1,1,1,-1,1,-1,1,1,1,-1,1,1,-1,1,1,1,-1,1,-1,-1,1,1,1,-1,1,-1,-1,1,1,1,-1,1,-1,-1,-1,-1,1,-1,1,1,-1,1,1,1,1,-1,1,-1,-1,-1,1,-1,1,-1,-1,1,-1,-1,-1,1,-1,-1,1,-1,1,-1,1,-1,1,-1,1,1,1,1,-1,1,-1,1,1,-1,1,-1,-1,-1,-1,1,1,1,1,-1,-1,1,1,1,1,-1,-1,1,-1,-1,1,-1,1,-1,1,-1,1,1,1,-1,-1,1,1,-1,1,-1,1,-1,-1,1,-1,1,1,-1,-1,-1,1,-1,-1,1,1,-1,-1,1,-1,1,1,-1,1,-1,1,-1,-1,1,1,-1,1,1,-1,1,1,-1,-1,1,1,-1,1,-1,1,-1,1,-1,-1,1,-1,1,-1,1,-1,-1,1,-1,-1,-1,1,-1,-1,1,1,1,-1,1,-1,-1,1,-1,-1,1,-1,1,-1,1,-1,1,-1,1,1,-1,-1,-1,1,-1,1,-1,-1,1,-1,1,1,1,1,-1,-1,1,1,-1,-1,1,-1,-1,1,1,1,1,1,1,-1,1,1,1,-1,-1,-1,1,-1,-1,-1,1,-1,1,1,-1,-1,1,1,-1,1,-1,-1,-1,1,1,-1,1,1,-1,-1,-1,1,-1,1,1,-1,-1,-1,1,-1,-1,-1,-1,1,-1,1,-1,-1,-1,-1,-1,-1,1,-1,1,1,1,1,-1,1,-1,1,1,-1,1,-1,1,-1,-1,1,-1,1,-1,-1,1,1,1,1,-1,-1,1,1,1,1,-1,1,-1,-1,1,1,1,-1,-1,-1,-1,1,1,1,-1,-1,-1,1,-1,1,-1,1,1,-1,-1,1,1,1,-1,-1,-1,-1,1,1,1,1,-1,-1,-1,1,1,1,1,-1,-1,-1,1,-1,1,-1,-1,-1,1,1,1,1,1,-1,-1,-1,1,-1,1,1,-1,-1,-1,1,1,-1,1,-1,-1,-1,1,1,1,1,-1,-1,1,1,1,-1,1,-1,1,1,-1,1,1,-1,-1,-1,1,1,-1,1,1,-1,1,1,1,-1,1,1,-1,-1,1,-1,1,-1,1,-1,-1,1,1,-1,1,-1,-1,-1,1,-1,-1,1,-1,1,-1,1,1,-1,-1,1,1,-1,1,-1,-1,-1,-1,-1,-1,1,1,1,-1,-1,-1,-1,1,-1,1,-1,-1,-1,-1,-1,-1,-1,1,-1,-1,-1,1,-1,-1,1,-1,-1,-1,-1,-1,1,1,-1,-1,-1,-1,-1,1,-1,-1,-1,1,-1,-1,1,-1,1,-1,-1,-1,-1,-1,-1,-1,1,-1,-1,-1,1,1,-1,-1,-1,1,-1,1,-1,-1,-1,1,-1,-1,1,-1,1,-1,-1,-1,-1,1,-1,1,1,-1,1,-1,-1,1,1,-1,-1,-1,-1,-1,-1,1,1,-1,-1,1,-1,1,1,-1,-1,-1,1,-1,-1,1,-1,-1,1,-1,-1,1,1,1,-1,1,-1,1,1,1,-1,-1,1,-1,-1,1,1,1,-1,1,-1,-1,1,1,-1,1,1,-1,-1,1,1,-1,1,1,-1,-1,1,1,-1,1,1,-1,-1,1,1,1,1,1,1,-1,-1,1,-1,1,1,-1,-1,1,-1,1,1,1,1,-1,-1,1,-1,1,1,1,-1,1,1,1,1,-1,1,-1,1,1,1,1,1,1,1,-1,1,1,1,1,-1,1,-1,1,1,1,1,1,-1,1,1,1,1,-1,1,1,-1,1,1,-1,1,1,-1,-1,1,1,1,1,-1,1,-1,1,1,1,-1,-1,1,-1,1,1,1,-1,1,-1,-1,-1,1,1,-1,-1,1,-1,-1,1,1,-1,-1,1,-1,-1,1,1,1,-1,1,-1,-1,1,1,-1,-1,-1,1,-1,-1,1,-1,1,1,-1,1,1,-1,-1,1,-1,-1,-1,1,1,-1,1,1,-1,1,1,-1,-1,-1,-1,1,-1,-1,-1,-1,1,-1,-1,1,1,-1,1,1,-1,1,1,1,1,-1,1,-1,1,1,1,1,-1,1,-1,-1,1,1,1,-1,1,-1,1,1,1,1,-1,1,-1,1,1,-1,-1,-1,1,-1,-1,1,1,-1,-1,-1,1,-1,1,-1,1,-1,1,-1,-1,1,-2668.0,1,2000,445,1500,False
1692,1,1,-1,-1,1,-1,-1,-1,1,1,1,-1,1,1,1,1,-1,1,-1,-1,-1,1,1,1,1,-1,1,-1,1,1,1,1,-1,-1,-1,1,1,-1,1,1,-1,-1,1,1,1,1,1,-1,1,1,1,1,-1,1,-1,-1,1,-1,1,1,1,-1,-1,1,1,1,1,1,-1,-1,1,1,1,1,1,-1,-1,-1,1,1,1,-1,-1,-1,1,1,1,1,-1,-1,-1,1,1,1,1,-1,-1,1,1,-1,1,1,-1,-1,1,1,1,1,1,-1,-1,-1,1,1,1,1,-1,-1,1,1,1,1,1,1,-1,-1,1,1,-1,1,1,-1,1,1,1,1,1,1,-1,1,1,1,1,1,1,-1,1,1,1,1,1,1,-1,-1,-1,1,1,1,1,-1,1,-1,1,1,-1,1,-1,1,-1,1,1,1,-1,-1,1,1,1,1,1,-1,1,-1,-1,1,-1,1,-1,1,1,1,1,1,1,1,1,1,-1,1,-1,1,-1,1,1,-1,1,-1,1,1,-1,1,-1,1,-1,1,-1,1,1,-1,1,-1,1,1,1,1,-1,-1,1,1,-1,-1,1,-1,1,-1,-1,1,-1,1,-1,1,-1,1,-1,-1,1,-1,-1,-1,1,1,-1,1,-1,1,1,1,-1,1,-1,-1,-1,-1,1,-1,1,1,1,-1,1,1,-1,1,-1,-1,-1,1,1,-1,1,-1,-1,-1,1,1,-1,-1,1,1,-1,-1,1,1,-1,1,1,-1,1,1,1,1,-1,1,-1,1,1,-1,1,-1,1,1,-1,1,1,1,1,1,-1,-1,1,-1,-1,-1,1,1,-1,1,1,1,-1,1,-1,-1,1,1,1,-1,1,-1,1,1,1,-1,-1,1,-1,1,1,1,-1,1,1,-1,-1,1,1,1,-1,1,-1,1,1,1,-1,1,1,-1,1,1,1,-1,1,-1,-1,1,1,1,-1,1,-1,-1,-1,1,1,-1,1,-1,-1,1,-1,1,-1,1,1,-1,-1,1,1,1,-1,1,-1,-1,1,1,-1,1,-1,-1,-1,-1,-1,-1,1,1,-1,-1,1,1,-1,1,-1,1,-1,1,1,1,1,1,-1,1,1,1,-1,1,-1,-1,-1,-1,1,1,1,1,-1,-1,1,1,1,1,-1,-1,1,-1,-1,1,-1,1,-1,-1,1,-1,1,1,-1,-1,1,1,-1,1,-1,1,-1,-1,1,-1,1,1,-1,-1,-1,1,-1,-1,1,1,-1,-1,1,-1,1,1,-1,1,-1,1,-1,-1,1,1,-1,-1,1,-1,1,1,-1,-1,1,1,-1,1,-1,1,-1,1,-1,-1,1,-1,1,-1,1,-1,-1,1,-1,-1,-1,1,-1,-1,1,-1,1,-1,1,-1,-1,1,-1,-1,1,-1,1,-1,1,1,1,-1,1,1,-1,-1,-1,1,-1,1,-1,-1,1,-1,1,1,1,1,-1,-1,1,1,-1,1,1,-1,-1,1,1,1,-1,1,1,-1,1,1,1,1,-1,-1,1,-1,-1,-1,1,-1,1,1,-1,-1,1,1,-1,1,-1,-1,-1,1,1,-1,1,1,-1,1,-1,1,-1,1,1,-1,-1,-1,1,-1,-1,-1,-1,1,-1,1,-1,-1,-1,-1,-1,-1,1,-1,1,1,1,1,-1,1,-1,1,1,-1,-1,-1,1,-1,-1,1,-1,-1,-1,-1,1,1,1,1,-1,-1,1,1,1,1,-1,1,-1,-1,1,1,1,-1,-1,-1,1,1,1,1,-1,-1,-1,1,-1,1,-1,1,-1,-1,-1,1,1,1,-1,-1,-1,1,1,1,1,1,-1,-1,-1,1,1,1,1,-1,-1,-1,1,-1,1,-1,-1,-1,1,1,1,1,1,-1,-1,-1,1,1,1,1,-1,-1,-1,1,1,-1,1,-1,-1,-1,1,1,1,1,-1,-1,1,1,1,1,-1,-1,1,1,-1,1,1,-1,-1,-1,1,1,1,1,1,-1,1,1,1,1,1,-1,-1,-1,1,-1,1,-1,-1,-1,-1,1,-1,1,1,1,-1,-1,1,-1,1,1,-1,1,-1,1,1,1,1,-1,1,-1,1,-1,1,1,-1,-1,-1,1,1,-1,-1,-1,-1,-1,1,-1,1,-1,-1,-1,-1,-1,-1,-1,1,-1,-1,-1,1,-1,-1,1,-1,-1,-1,-1,-1,-1,1,-1,-1,-1,-1,-1,1,-1,-1,-1,1,-1,-1,1,-1,1,-1,-1,-1,-1,-1,-1,-1,1,-1,-1,-1,1,1,-1,-1,-1,1,-1,-1,-1,-1,-1,1,-1,-1,1,1,1,-1,-1,-1,-1,1,-1,1,1,-1,1,-1,-1,1,1,-1,-1,-1,-1,-1,-1,1,1,-1,-1,1,-1,1,1,-1,-1,-1,1,-1,1,1,-1,-1,1,-1,-1,1,1,1,-1,1,-1,1,1,1,-1,-1,1,-1,-1,1,1,1,-1,1,-1,-1,1,1,-1,1,1,-1,-1,1,1,-1,1,1,-1,-1,1,1,-1,1,1,-1,-1,1,1,1,1,-1,1,-1,-1,1,1,-1,1,-1,-1,1,-1,1,1,1,1,-1,-1,1,-1,1,1,1,-1,1,1,1,1,-1,1,-1,1,1,1,1,1,1,1,-1,1,1,1,1,-1,1,-1,1,1,1,1,1,-1,1,1,1,1,-1,1,1,-1,1,1,-1,1,1,-1,-1,1,1,1,1,-1,1,-1,1,1,1,-1,-1,1,-1,1,1,1,-1,1,-1,-1,-1,1,1,-1,-1,1,-1,-1,1,1,1,-1,1,-1,-1,1,1,1,-1,1,-1,-1,1,1,-1,-1,-1,1,-1,-1,1,-1,1,1,-1,1,1,-1,-1,1,-1,-1,-1,1,1,-1,1,1,-1,1,1,-1,-1,-1,-1,1,-1,-1,-1,-1,1,-1,-1,1,1,-1,1,1,-1,1,1,1,1,-1,1,-1,1,1,1,-1,-1,1,-1,-1,1,1,-1,1,1,-1,1,1,1,-1,-1,1,-1,1,1,1,1,-1,1,-1,-1,1,1,-1,-1,1,1,-1,1,-1,1,-1,1,-1,-1,1,-2668.0,1,2000,445,0,False
1693,1,1,-1,-1,1,1,-1,-1,1,1,1,-1,1,1,1,1,-1,1,-1,-1,1,-1,1,1,1,-1,1,-1,1,1,1,1,1,-1,-1,-1,1,1,1,1,-1,-1,-1,1,1,1,1,-1,1,1,1,1,-1,1,-1,-1,1,-1,1,1,1,-1,-1,-1,1,1,1,1,-1,-1,-1,1,1,1,1,-1,-1,-1,1,1,1,-1,-1,-1,1,1,1,1,-1,-1,-1,1,1,1,1,-1,-1,1,1,-1,1,1,-1,-1,1,1,1,1,1,-1,-1,1,1,1,1,1,-1,-1,1,1,1,1,1,1,-1,-1,1,1,-1,1,1,-1,1,1,1,1,1,1,-1,-1,1,1,1,1,1,-1,1,1,1,1,1,1,-1,-1,-1,1,1,1,1,-1,1,1,1,1,-1,1,-1,1,-1,1,1,1,-1,-1,1,1,1,1,1,-1,1,-1,-1,1,-1,1,-1,1,1,1,1,1,1,1,1,1,1,1,-1,1,-1,1,1,-1,1,-1,1,1,-1,1,-1,1,-1,1,-1,1,1,-1,1,-1,1,1,1,1,-1,-1,1,1,-1,-1,1,-1,1,1,-1,1,-1,1,-1,1,-1,1,-1,1,1,-1,-1,1,1,1,-1,1,-1,1,1,1,-1,1,1,-1,1,-1,1,-1,1,-1,1,-1,1,1,-1,1,-1,-1,-1,1,1,-1,1,-1,-1,-1,-1,1,-1,-1,1,1,-1,-1,1,1,-1,1,1,-1,1,1,1,1,-1,1,-1,1,1,-1,1,-1,1,1,-1,1,1,1,1,1,-1,-1,1,-1,-1,-1,1,1,-1,1,1,1,-1,1,-1,-1,1,1,1,1,1,-1,1,1,1,-1,-1,1,-1,1,1,1,-1,1,1,-1,1,-1,1,1,-1,1,-1,1,1,1,-1,1,1,-1,1,1,1,-1,1,-1,-1,1,1,1,-1,1,-1,-1,1,1,1,-1,1,-1,-1,-1,-1,1,-1,1,1,-1,1,1,1,1,-1,1,-1,-1,-1,1,-1,1,-1,-1,1,-1,-1,-1,1,1,-1,1,-1,1,-1,1,-1,1,-1,1,1,1,1,-1,1,-1,1,1,-1,1,-1,-1,-1,-1,1,1,1,1,-1,-1,1,1,1,1,-1,-1,1,-1,-1,1,-1,1,-1,1,-1,1,1,1,-1,-1,1,1,-1,1,-1,1,-1,-1,1,-1,1,1,-1,-1,-1,1,-1,-1,1,1,-1,-1,1,-1,1,1,-1,1,-1,1,-1,-1,1,1,-1,1,1,-1,1,1,-1,-1,1,1,-1,1,-1,1,-1,1,-1,-1,1,-1,1,-1,1,-1,-1,1,-1,-1,-1,1,-1,-1,1,-1,1,-1,1,-1,-1,1,-1,-1,1,-1,1,-1,1,1,1,-1,1,1,-1,-1,1,1,-1,1,-1,-1,1,-1,1,1,-1,1,-1,-1,1,1,-1,-1,1,1,-1,1,1,1,1,1,1,-1,1,1,1,-1,-1,-1,1,-1,-1,-1,1,-1,-1,1,-1,1,-1,1,-1,1,-1,-1,-1,1,1,-1,1,1,-1,-1,-1,1,-1,1,1,-1,1,-1,1,-1,-1,-1,-1,-1,-1,1,-1,-1,-1,-1,-1,-1,1,-1,1,1,1,1,-1,1,-1,1,1,-1,-1,-1,1,-1,-1,1,-1,1,-1,-1,1,1,1,1,-1,-1,1,1,1,1,-1,1,-1,-1,1,1,1,-1,-1,-1,1,1,1,1,-1,-1,-1,1,-1,1,-1,1,-1,-1,-1,1,1,1,-1,-1,-1,1,1,1,1,1,-1,-1,-1,1,1,1,1,-1,-1,-1,1,-1,1,-1,-1,-1,-1,1,1,1,1,-1,-1,-1,1,-1,1,-1,-1,-1,-1,1,1,-1,1,-1,-1,-1,1,1,1,1,-1,-1,1,-1,1,-1,1,-1,1,1,-1,1,1,-1,-1,-1,1,1,-1,1,1,-1,1,1,1,-1,1,1,-1,-1,1,-1,1,-1,1,-1,-1,-1,1,-1,1,-1,-1,-1,1,-1,-1,1,-1,-1,-1,1,1,-1,-1,1,-1,-1,1,-1,-1,-1,-1,-1,-1,1,1,1,-1,-1,-1,-1,1,-1,1,-1,-1,-1,-1,-1,-1,-1,1,-1,-1,-1,1,-1,-1,1,-1,-1,-1,-1,-1,1,1,-1,-1,-1,-1,-1,1,-1,-1,-1,1,-1,-1,1,-1,1,-1,-1,-1,-1,-1,-1,-1,1,-1,-1,-1,1,1,-1,-1,-1,1,-1,1,-1,-1,-1,1,-1,-1,1,1,1,-1,-1,-1,-1,1,-1,1,1,-1,1,-1,-1,1,1,-1,-1,-1,-1,-1,-1,1,1,-1,-1,1,-1,1,1,-1,-1,-1,1,-1,-1,1,-1,-1,1,-1,-1,1,1,1,-1,1,-1,1,1,1,-1,-1,1,-1,-1,1,1,1,-1,1,-1,-1,1,1,-1,1,1,-1,-1,1,1,1,1,1,-1,-1,1,1,1,1,1,-1,-1,1,1,1,1,1,1,-1,-1,1,1,-1,1,-1,-1,1,-1,1,1,1,1,-1,-1,1,-1,1,1,1,-1,1,1,1,1,-1,1,-1,1,1,1,1,1,1,1,-1,1,1,1,1,-1,1,-1,1,1,1,1,1,-1,1,1,1,1,-1,1,1,-1,1,1,-1,1,1,-1,-1,1,1,1,1,-1,1,-1,1,1,1,-1,-1,1,-1,1,1,1,-1,1,-1,-1,-1,1,1,-1,-1,1,-1,-1,1,1,1,-1,1,-1,-1,-1,1,1,-1,1,-1,-1,1,1,-1,-1,-1,1,-1,-1,1,-1,1,1,-1,1,1,-1,-1,1,1,-1,-1,1,1,-1,1,1,-1,1,1,-1,-1,-1,-1,1,-1,-1,-1,-1,1,-1,-1,1,1,-1,1,1,-1,1,1,1,1,-1,1,-1,1,1,1,1,-1,1,-1,-1,-1,1,1,-1,1,-1,1,1,1,1,-1,1,-1,1,1,-1,-1,-1,1,-1,-1,1,1,-1,-1,-1,1,-1,1,-1,1,-1,1,-1,-1,1,-2668.0,1,2000,445,1000,False
1694,1,1,-1,-1,1,1,-1,-1,1,1,1,-1,1,1,1,1,-1,1,-1,-1,1,1,1,1,1,-1,1,-1,1,1,1,1,-1,1,-1,-1,1,-1,1,1,-1,-1,1,1,1,1,1,-1,1,1,1,1,-1,1,-1,-1,1,-1,1,1,1,-1,1,1,1,1,1,1,-1,-1,1,1,1,1,1,-1,1,-1,1,1,1,-1,-1,1,1,1,1,1,-1,-1,-1,1,1,1,1,-1,1,1,1,-1,1,1,-1,-1,1,1,1,1,1,-1,-1,1,1,1,1,1,-1,-1,1,1,1,1,1,1,-1,1,1,1,-1,1,1,-1,1,1,1,1,1,1,-1,1,1,1,1,1,1,-1,-1,1,1,1,1,1,-1,1,-1,1,1,1,1,-1,1,-1,1,1,-1,1,-1,1,-1,1,1,1,-1,-1,1,1,1,1,1,-1,1,-1,-1,1,-1,1,-1,1,1,1,1,1,1,1,1,1,-1,1,-1,1,-1,1,1,-1,1,-1,1,1,-1,1,-1,1,-1,1,-1,1,1,-1,1,-1,1,1,1,1,-1,-1,1,1,-1,-1,1,-1,1,-1,-1,1,-1,1,-1,1,-1,1,-1,1,1,-1,-1,-1,1,1,-1,1,-1,1,1,1,-1,1,1,-1,1,-1,1,-1,1,-1,1,-1,1,1,-1,1,-1,-1,-1,1,1,-1,1,-1,-1,-1,1,1,-1,-1,1,1,-1,-1,1,1,-1,1,1,-1,1,1,1,1,-1,1,-1,1,1,-1,1,-1,1,1,-1,1,1,1,1,1,-1,-1,1,-1,-1,-1,1,1,-1,1,1,1,-1,1,-1,-1,1,1,1,1,1,-1,1,1,1,-1,-1,1,-1,1,1,1,-1,1,1,-1,-1,1,1,1,-1,1,-1,1,1,1,-1,1,1,-1,1,1,1,-1,1,-1,-1,1,1,1,-1,1,-1,-1,-1,1,1,-1,1,-1,-1,1,-1,1,-1,1,1,-1,-1,1,1,1,1,1,-1,-1,1,1,-1,1,-1,-1,-1,-1,-1,-1,1,1,-1,-1,1,1,-1,1,-1,1,-1,1,1,1,1,1,-1,1,1,1,-1,1,-1,-1,-1,-1,1,1,1,1,-1,-1,1,-1,1,1,-1,-1,1,-1,-1,1,-1,1,-1,-1,1,-1,1,1,-1,-1,1,1,-1,1,-1,1,-1,-1,1,-1,1,1,-1,-1,-1,1,-1,-1,1,1,-1,-1,1,-1,1,1,-1,1,-1,1,-1,-1,1,1,-1,-1,1,-1,1,1,-1,-1,1,1,-1,1,-1,1,-1,1,-1,1,1,-1,1,-1,1,-1,-1,1,-1,-1,-1,1,-1,-1,1,-1,1,-1,1,-1,-1,1,-1,-1,1,-1,1,-1,1,-1,1,-1,1,1,-1,1,-1,1,-1,1,-1,-1,1,-1,1,1,1,1,-1,-1,1,1,-1,1,1,-1,1,1,1,1,-1,1,1,-1,1,1,1,1,-1,1,1,-1,-1,1,1,-1,1,1,1,-1,1,1,-1,1,-1,-1,-1,1,1,-1,1,1,-1,1,-1,1,-1,1,1,-1,-1,-1,1,-1,-1,-1,-1,1,-1,1,-1,-1,-1,-1,-1,-1,1,-1,1,1,1,1,-1,1,-1,1,1,-1,-1,-1,1,-1,-1,1,-1,1,-1,-1,1,1,1,1,-1,-1,1,1,1,1,-1,1,-1,-1,1,1,1,-1,-1,-1,1,1,1,1,-1,-1,-1,1,-1,1,-1,1,-1,-1,-1,1,1,1,-1,-1,-1,-1,1,1,1,1,-1,-1,-1,1,1,1,1,-1,-1,-1,1,-1,1,-1,-1,-1,1,1,1,1,1,-1,-1,-1,1,1,1,1,-1,-1,-1,1,1,-1,1,-1,-1,-1,1,1,1,1,-1,-1,1,1,1,1,-1,-1,1,1,-1,1,1,-1,-1,-1,1,1,1,1,1,-1,1,1,1,1,1,-1,-1,-1,1,-1,1,-1,-1,-1,-1,1,-1,1,1,1,-1,-1,1,-1,1,1,-1,1,-1,1,1,1,1,-1,1,-1,1,-1,1,1,-1,-1,-1,1,1,-1,-1,-1,-1,-1,1,-1,1,-1,-1,-1,-1,-1,-1,-1,1,-1,-1,-1,1,-1,-1,1,-1,-1,-1,-1,-1,1,1,-1,-1,-1,-1,-1,1,-1,-1,-1,1,-1,-1,1,-1,1,-1,-1,-1,-1,-1,-1,-1,1,-1,-1,-1,1,1,-1,-1,-1,1,1,-1,-1,-1,-1,1,-1,-1,1,1,1,-1,-1,-1,-1,1,-1,1,1,-1,1,-1,-1,1,1,-1,-1,-1,-1,-1,-1,1,1,-1,-1,1,-1,1,1,-1,-1,-1,1,-1,1,1,-1,-1,1,-1,-1,1,1,1,-1,1,-1,1,1,1,-1,-1,1,-1,-1,1,1,1,-1,1,-1,-1,1,1,-1,1,1,-1,-1,1,1,-1,1,1,-1,-1,1,1,-1,1,1,-1,-1,1,1,1,1,1,1,-1,1,1,1,1,1,-1,-1,1,-1,1,1,1,1,-1,-1,1,-1,1,1,1,-1,1,-1,1,1,-1,1,-1,1,1,1,1,1,1,1,-1,-1,1,1,1,-1,1,-1,1,1,1,1,1,-1,1,-1,1,1,-1,1,1,-1,-1,1,-1,1,1,-1,-1,1,1,1,1,-1,1,-1,-1,1,1,-1,-1,1,-1,1,-1,1,-1,1,-1,-1,-1,1,1,-1,-1,1,-1,-1,1,-1,1,-1,1,-1,-1,-1,1,1,1,-1,-1,-1,1,1,-1,-1,-1,1,-1,1,-1,-1,1,1,-1,1,1,-1,-1,1,-1,-1,-1,-1,1,-1,1,1,-1,1,-1,1,-1,-1,-1,1,-1,-1,-1,-1,1,-1,-1,1,1,-1,1,1,-1,1,1,-1,-1,-1,1,-1,1,1,1,1,-1,1,-1,-1,1,1,-1,-1,1,-1,1,1,1,1,-1,1,-1,1,1,-1,-1,-1,1,-1,-1,1,1,-1,-1,-1,1,-1,1,-1,1,-1,1,-1,-1,1,-2668.0,1,2000,445,1500,False
1695,1,1,-1,-1,1,-1,-1,-1,1,1,1,-1,1,1,1,1,-1,1,-1,-1,-1,-1,1,1,1,-1,1,-1,1,1,1,1,-1,-1,-1,-1,1,1,1,1,-1,-1,-1,1,1,1,1,-1,1,1,1,1,-1,1,-1,-1,1,-1,1,1,1,-1,-1,-1,1,1,1,1,-1,-1,-1,1,1,1,1,-1,-1,-1,1,1,1,-1,-1,-1,1,1,1,1,-1,-1,1,1,1,1,1,-1,-1,-1,1,-1,1,1,-1,-1,1,1,1,1,1,-1,-1,-1,1,1,1,1,-1,-1,1,1,1,1,1,1,-1,-1,1,1,-1,1,1,-1,1,1,1,1,1,1,-1,1,1,1,1,1,1,-1,1,1,1,1,1,1,-1,-1,-1,1,1,1,1,-1,1,1,1,1,-1,1,-1,1,-1,1,1,1,-1,-1,1,1,1,1,1,-1,1,-1,-1,1,-1,1,-1,1,1,1,1,1,1,1,1,1,-1,1,-1,1,-1,1,1,-1,1,-1,1,1,-1,1,-1,1,-1,1,-1,1,1,-1,1,-1,1,1,1,1,-1,-1,1,1,-1,-1,1,-1,1,-1,-1,1,-1,1,-1,1,-1,1,-1,1,1,-1,-1,-1,1,1,-1,1,-1,1,1,1,-1,1,1,-1,1,-1,1,-1,1,-1,1,-1,1,1,-1,1,-1,-1,-1,1,1,-1,1,-1,-1,-1,1,1,-1,-1,1,1,-1,-1,1,1,-1,1,1,-1,1,1,1,1,-1,1,-1,1,1,-1,1,-1,1,-1,1,1,1,-1,-1,1,-1,-1,1,-1,-1,-1,1,1,-1,1,1,1,-1,1,1,1,1,1,1,-1,1,-1,1,1,1,1,-1,1,-1,1,1,1,-1,1,1,-1,-1,1,1,1,-1,1,-1,1,1,1,-1,1,1,-1,1,1,1,-1,1,1,-1,1,1,1,1,1,1,-1,-1,1,1,-1,1,1,-1,1,-1,1,-1,1,-1,1,-1,1,1,1,1,-1,1,-1,1,1,-1,1,1,1,-1,-1,-1,-1,1,1,1,-1,1,1,-1,1,1,-1,-1,1,1,1,1,1,-1,1,1,1,-1,1,1,1,-1,-1,1,1,1,-1,1,-1,1,1,1,1,1,1,-1,-1,-1,1,-1,1,1,1,-1,1,1,1,1,1,1,1,-1,1,-1,-1,1,-1,1,-1,1,1,-1,1,1,1,-1,-1,1,-1,1,1,1,-1,1,1,1,-1,1,1,-1,-1,1,-1,1,1,1,-1,1,1,1,1,1,1,-1,1,-1,-1,1,1,-1,-1,1,-1,-1,1,1,-1,-1,1,-1,1,1,1,-1,-1,1,-1,-1,1,1,-1,-1,1,-1,1,1,1,1,-1,1,1,-1,-1,1,1,-1,-1,1,1,-1,1,-1,-1,1,-1,-1,1,-1,1,-1,-1,1,-1,1,-1,1,-1,-1,1,-1,-1,1,1,1,-1,1,-1,1,-1,1,-1,1,-1,-1,-1,1,-1,1,1,1,1,-1,1,-1,-1,1,1,-1,1,1,-1,-1,-1,1,-1,-1,1,-1,-1,1,1,1,-1,1,-1,-1,1,1,-1,-1,1,-1,1,1,1,-1,-1,1,-1,-1,-1,1,1,-1,1,1,-1,-1,1,-1,-1,1,-1,1,1,1,1,-1,-1,1,-1,-1,-1,-1,-1,1,1,1,-1,1,1,-1,-1,1,-1,-1,-1,-1,-1,1,1,-1,-1,-1,-1,-1,1,1,-1,1,1,1,-1,-1,1,1,-1,-1,-1,-1,-1,1,-1,-1,1,-1,-1,-1,1,1,-1,-1,-1,-1,-1,1,-1,-1,1,-1,-1,1,1,1,-1,1,-1,-1,-1,1,1,-1,-1,-1,-1,-1,1,1,1,-1,-1,-1,-1,1,1,-1,-1,-1,-1,1,1,1,1,-1,-1,1,1,1,1,1,-1,-1,-1,1,1,1,-1,1,-1,1,1,1,1,-1,1,-1,-1,1,-1,1,-1,1,-1,-1,1,-1,1,-1,-1,-1,-1,1,-1,1,-1,1,-1,-1,1,-1,1,-1,1,-1,-1,1,-1,1,-1,-1,-1,-1,1,1,-1,-1,-1,-1,-1,1,-1,1,-1,-1,-1,-1,-1,-1,-1,1,-1,-1,-1,1,-1,-1,1,-1,-1,-1,-1,-1,1,1,-1,-1,-1,-1,-1,1,-1,-1,-1,1,-1,-1,1,-1,1,-1,-1,-1,-1,-1,-1,-1,1,-1,-1,-1,1,1,-1,-1,-1,1,1,-1,-1,-1,-1,1,-1,-1,1,-1,1,-1,-1,-1,-1,1,-1,1,1,-1,1,-1,-1,1,1,-1,-1,-1,-1,-1,-1,1,1,-1,-1,1,-1,1,1,-1,-1,-1,1,-1,1,1,-1,-1,1,-1,-1,1,1,1,-1,1,-1,1,1,1,-1,-1,1,-1,-1,1,1,1,-1,1,-1,-1,1,1,-1,1,1,-1,-1,1,1,-1,1,1,-1,-1,1,1,-1,1,1,-1,-1,1,1,1,1,1,1,-1,-1,1,1,-1,1,-1,-1,1,-1,1,1,1,1,-1,-1,1,-1,1,1,1,-1,1,1,1,1,-1,1,-1,1,1,1,1,1,1,1,-1,1,1,1,1,-1,1,-1,1,1,1,1,1,-1,1,1,1,1,-1,-1,1,-1,1,1,-1,1,1,-1,-1,1,1,1,-1,1,1,-1,1,1,1,-1,-1,1,-1,1,1,1,-1,1,-1,-1,-1,1,1,-1,-1,1,-1,-1,1,1,-1,-1,1,-1,-1,1,1,1,1,-1,-1,-1,1,1,-1,-1,1,1,-1,-1,1,-1,1,1,-1,1,1,-1,-1,1,-1,-1,-1,1,1,-1,1,1,-1,1,1,-1,-1,-1,-1,1,-1,-1,-1,-1,1,-1,-1,1,1,-1,1,1,-1,1,1,1,1,-1,1,-1,1,1,1,-1,-1,1,-1,-1,-1,1,-1,-1,1,-1,1,1,1,-1,-1,1,-1,1,1,1,1,-1,1,-1,-1,1,1,1,-1,-1,1,-1,1,-1,1,-1,1,-1,-1,1,-2668.0,1,2000,445,1500,False
1696,-1,-1,1,1,1,1,-1,1,-1,-1,-1,1,-1,1,-1,-1,1,-1,1,1,1,-1,-1,-1,-1,1,-1,-1,-1,-1,-1,-1,1,1,-1,-1,1,-1,-1,-1,1,-1,-1,-1,-1,-1,1,-1,1,1,-1,-1,1,-1,1,-1,-1,1,-1,-1,-1,1,1,1,-1,-1,-1,-1,-1,-1,-1,1,-1,-1,-1,-1,1,-1,1,-1,-1,1,-1,1,1,-1,-1,-1,-1,1,-1,-1,-1,-1,-1,-1,-1,1,1,1,-1,-1,-1,-1,1,1,-1,-1,-1,-1,-1,1,1,1,-1,-1,-1,-1,1,1,-1,-1,-1,-1,-1,1,1,-1,1,-1,-1,-1,1,1,-1,1,-1,-1,-1,1,1,-1,1,-1,-1,-1,-1,1,1,-1,-1,-1,-1,1,-1,1,-1,1,-1,-1,1,1,1,1,-1,-1,-1,1,-1,1,-1,-1,-1,-1,1,1,-1,1,-1,-1,1,-1,-1,1,-1,-1,-1,1,1,1,1,1,-1,-1,1,1,-1,1,1,-1,-1,1,1,-1,1,1,-1,-1,-1,1,-1,1,1,-1,1,1,1,-1,1,1,-1,1,1,1,-1,-1,1,1,-1,-1,1,-1,1,1,-1,1,-1,1,-1,1,1,-1,1,1,1,-1,-1,1,-1,-1,1,1,-1,1,-1,-1,1,1,1,-1,1,1,-1,1,-1,-1,1,-1,-1,-1,1,1,-1,-1,1,-1,-1,1,1,-1,-1,-1,1,-1,1,-1,1,1,-1,1,-1,1,1,1,1,-1,-1,-1,1,1,-1,1,-1,-1,-1,1,1,-1,1,1,1,-1,-1,1,-1,1,-1,-1,-1,1,1,-1,1,1,-1,-1,1,1,-1,1,-1,-1,-1,1,1,-1,1,-1,-1,-1,1,1,-1,1,-1,-1,1,1,-1,1,1,-1,1,1,1,-1,-1,1,-1,1,1,1,1,1,1,-1,-1,1,1,1,1,-1,-1,-1,1,1,1,1,-1,-1,1,-1,1,1,1,-1,-1,1,1,1,-1,1,1,-1,1,-1,1,1,1,1,-1,-1,1,-1,1,-1,-1,-1,1,1,1,-1,1,1,-1,1,-1,1,-1,1,-1,1,1,-1,1,1,1,-1,1,1,-1,1,-1,1,-1,-1,1,-1,1,1,1,1,-1,1,1,-1,1,1,-1,-1,1,1,-1,1,-1,1,-1,-1,1,-1,1,1,-1,-1,-1,1,-1,1,-1,1,-1,-1,1,-1,1,-1,-1,-1,-1,1,-1,-1,1,1,-1,-1,1,-1,1,1,-1,1,-1,1,-1,1,-1,1,-1,-1,-1,1,-1,-1,-1,1,-1,1,-1,1,-1,1,-1,-1,-1,1,1,1,1,-1,-1,-1,-1,1,-1,-1,1,-1,-1,1,-1,-1,1,1,1,-1,-1,1,-1,-1,1,-1,-1,-1,-1,-1,1,-1,1,-1,-1,-1,-1,1,-1,1,-1,-1,1,-1,1,1,1,-1,-1,-1,1,1,-1,1,-1,-1,-1,1,1,1,-1,1,1,-1,1,1,1,1,1,1,1,-1,-1,-1,1,-1,-1,1,-1,1,-1,1,-1,1,-1,-1,-1,1,1,-1,1,1,-1,1,-1,1,-1,1,1,-1,1,-1,1,-1,-1,-1,-1,1,-1,1,-1,-1,-1,-1,1,-1,1,-1,1,1,1,1,-1,1,-1,1,1,-1,1,-1,1,-1,-1,1,-1,1,-1,-1,1,1,1,1,1,-1,1,1,1,1,-1,1,-1,-1,1,1,1,-1,-1,-1,1,1,1,1,-1,-1,-1,1,-1,1,-1,1,1,-1,-1,1,1,-1,-1,1,-1,-1,1,1,-1,1,1,1,-1,1,1,1,1,-1,1,-1,1,-1,1,-1,1,1,-1,1,1,1,1,1,1,-1,1,-1,1,-1,1,1,-1,1,1,-1,1,1,1,-1,1,1,1,1,1,1,-1,1,1,-1,-1,1,-1,-1,1,1,1,-1,1,-1,-1,1,-1,1,1,1,-1,-1,1,-1,1,-1,1,1,-1,1,-1,1,-1,1,-1,-1,1,-1,1,1,1,1,-1,1,-1,1,-1,1,1,-1,1,-1,1,-1,1,1,-1,1,1,1,1,1,-1,1,1,-1,1,1,1,1,-1,1,-1,1,-1,1,1,-1,1,1,-1,1,1,1,-1,1,1,-1,1,1,1,1,1,-1,-1,1,1,1,1,1,-1,1,-1,1,1,1,1,1,-1,1,1,1,1,1,1,-1,1,-1,1,1,1,-1,1,1,1,1,1,1,1,-1,1,1,-1,1,1,-1,1,1,1,1,1,1,-1,1,1,1,1,1,1,1,-1,1,1,1,1,1,-1,-1,1,-1,1,1,1,-1,1,1,1,1,1,-1,-1,1,1,1,1,1,1,-1,1,1,-1,1,1,-1,1,1,1,1,1,1,-1,1,1,-1,1,1,-1,-1,-1,1,1,1,1,-1,-1,-1,1,1,1,1,-1,1,-1,1,1,1,1,1,-1,-1,1,1,-1,1,1,-1,-1,1,1,1,1,-1,-1,-1,1,-1,-1,1,1,-1,-1,-1,1,-1,1,1,-1,-1,1,1,-1,1,1,-1,-1,1,1,-1,1,1,-1,-1,-1,1,1,1,1,-1,1,-1,1,1,1,-1,-1,1,-1,1,1,1,-1,-1,1,-1,1,1,-1,1,-1,-1,-1,1,-1,1,1,-1,-1,-1,1,-1,1,-1,-1,-1,1,1,-1,1,-1,1,-1,-1,-1,1,1,-1,1,-1,-1,-1,-1,1,-1,1,-1,-1,1,-1,1,1,-1,1,-1,-1,1,1,-1,-1,1,1,1,1,-1,-1,1,-1,-1,1,1,-1,-1,1,-1,-1,-1,-1,1,-1,1,-1,1,1,-1,1,-1,-1,-1,-1,-1,-1,-1,-1,1,-1,1,1,1,-1,1,1,-1,1,1,-1,-1,-1,1,-1,1,1,1,1,-1,1,-1,1,1,1,-1,-1,1,-1,1,1,1,1,-1,1,-1,1,1,-1,-1,-1,1,-1,-1,1,1,-1,-1,-1,1,-1,1,-1,1,-1,1,-1,-1,1,-2668.0,1,2000,445,1500,True
1697,1,1,-1,-1,1,-1,-1,-1,1,1,1,-1,1,1,1,1,-1,1,-1,-1,1,-1,1,1,1,-1,-1,-1,1,1,1,1,-1,-1,-1,-1,1,-1,1,1,-1,-1,-1,1,1,1,1,-1,1,1,1,1,-1,1,-1,-1,1,-1,1,1,1,-1,-1,-1,1,1,1,1,-1,-1,-1,1,1,1,1,-1,-1,-1,1,1,1,-1,-1,-1,1,1,1,1,-1,-1,-1,1,1,1,1,-1,-1,1,1,-1,1,1,-1,-1,1,1,1,1,1,-1,-1,1,1,1,1,1,-1,-1,1,1,1,1,1,1,-1,1,1,1,-1,1,1,-1,1,1,1,1,1,1,-1,-1,1,1,1,1,1,-1,1,1,1,1,1,1,-1,-1,-1,1,1,1,1,-1,1,1,1,1,-1,1,-1,1,-1,1,1,1,-1,-1,1,1,1,1,1,-1,1,-1,-1,1,1,1,-1,1,1,1,1,-1,1,1,1,1,-1,1,-1,1,-1,1,1,-1,1,-1,1,1,-1,1,-1,1,-1,1,-1,1,1,-1,1,-1,1,1,1,1,-1,-1,1,1,-1,-1,1,-1,1,1,-1,1,-1,1,-1,1,-1,1,-1,1,1,-1,-1,1,-1,1,-1,1,-1,1,1,1,-1,1,1,-1,1,-1,1,-1,1,-1,1,-1,1,1,-1,1,-1,-1,1,-1,1,-1,1,-1,-1,-1,-1,1,-1,-1,1,1,-1,1,1,1,-1,1,1,-1,1,1,1,1,-1,1,-1,1,1,-1,1,-1,1,1,1,-1,1,1,1,1,-1,-1,1,-1,-1,1,1,1,-1,1,1,1,-1,1,1,1,1,1,1,1,1,-1,1,1,1,-1,1,1,-1,1,1,1,-1,1,1,-1,-1,1,1,1,-1,1,-1,1,1,1,-1,1,1,-1,1,1,1,-1,1,1,-1,1,1,1,-1,1,1,-1,-1,1,1,-1,1,1,-1,1,-1,1,-1,1,1,1,-1,1,1,1,-1,1,1,-1,1,1,-1,1,1,1,-1,-1,-1,-1,1,1,1,-1,1,1,-1,1,1,-1,-1,1,1,1,1,1,-1,1,1,1,-1,1,1,1,1,-1,1,1,-1,-1,1,-1,1,-1,1,-1,1,1,-1,-1,-1,1,-1,-1,1,-1,1,-1,1,-1,1,1,1,-1,-1,1,-1,-1,1,-1,1,-1,1,-1,1,1,-1,1,-1,-1,1,-1,1,1,-1,-1,1,1,1,-1,1,-1,-1,1,-1,-1,1,1,-1,-1,1,-1,1,1,-1,1,-1,1,-1,-1,1,-1,-1,1,1,-1,1,1,-1,-1,-1,1,-1,1,1,1,-1,1,-1,1,-1,1,-1,-1,-1,1,-1,1,1,1,-1,-1,1,-1,-1,1,-1,-1,-1,1,-1,-1,1,-1,-1,-1,1,-1,-1,1,-1,-1,-1,-1,1,-1,1,-1,-1,-1,-1,1,-1,-1,1,1,1,-1,1,-1,1,-1,1,-1,1,-1,-1,-1,1,-1,-1,1,1,1,-1,1,-1,1,1,1,-1,1,1,-1,1,-1,1,-1,-1,1,-1,-1,1,1,1,-1,1,-1,-1,1,1,-1,-1,1,-1,-1,1,1,-1,-1,1,-1,-1,-1,1,1,-1,1,1,-1,-1,1,-1,-1,1,-1,1,-1,1,1,-1,-1,1,-1,-1,-1,-1,-1,1,1,1,-1,-1,1,-1,-1,1,-1,-1,1,-1,-1,1,1,-1,-1,1,-1,-1,1,1,-1,1,-1,-1,-1,-1,1,1,-1,-1,-1,-1,-1,1,-1,-1,1,-1,-1,-1,1,1,-1,-1,-1,-1,-1,1,-1,-1,-1,-1,-1,-1,1,1,-1,-1,-1,-1,-1,1,1,-1,-1,-1,-1,-1,1,1,1,-1,-1,-1,-1,1,1,1,-1,-1,-1,1,-1,1,1,1,-1,1,1,-1,1,1,1,-1,-1,1,1,1,-1,-1,-1,1,-1,1,1,-1,1,-1,-1,1,-1,1,-1,1,-1,-1,1,-1,1,1,1,-1,-1,-1,-1,1,-1,1,1,-1,1,-1,1,1,1,1,1,-1,1,1,1,1,-1,-1,1,-1,-1,1,1,-1,-1,1,-1,1,-1,1,-1,-1,-1,1,-1,1,1,-1,-1,1,-1,-1,1,1,-1,-1,-1,1,-1,-1,1,-1,-1,-1,-1,-1,1,-1,-1,1,-1,-1,1,-1,1,-1,-1,-1,-1,-1,1,1,1,-1,-1,-1,1,1,1,-1,-1,1,1,-1,-1,1,-1,1,-1,-1,1,1,1,-1,-1,-1,-1,1,-1,1,1,-1,1,-1,-1,1,1,-1,-1,-1,-1,-1,-1,1,1,-1,-1,1,-1,1,1,-1,-1,-1,1,-1,1,1,-1,-1,1,-1,-1,1,1,1,-1,1,-1,1,1,1,-1,-1,1,-1,-1,1,1,1,-1,1,-1,-1,1,1,-1,1,1,-1,-1,1,1,-1,1,1,-1,-1,1,1,-1,1,1,-1,-1,1,1,1,1,1,1,-1,1,1,1,-1,1,-1,-1,1,-1,1,1,1,1,-1,-1,1,-1,1,1,1,-1,1,1,1,1,-1,1,-1,1,1,1,1,1,1,1,-1,-1,1,1,1,-1,1,-1,1,1,1,1,1,-1,1,1,1,1,-1,1,1,-1,1,1,-1,1,1,-1,-1,-1,1,1,1,-1,1,-1,1,1,1,-1,-1,1,-1,1,1,1,-1,1,-1,-1,-1,1,1,-1,-1,1,-1,-1,1,1,-1,-1,1,-1,1,1,1,1,-1,-1,-1,-1,1,1,-1,-1,-1,1,1,-1,1,-1,1,1,-1,1,1,-1,-1,1,1,-1,-1,1,1,-1,1,1,1,1,1,-1,-1,-1,-1,-1,-1,-1,-1,-1,-1,1,1,1,1,-1,1,1,-1,1,1,1,1,-1,1,-1,1,1,1,1,-1,1,-1,1,1,1,1,-1,1,-1,1,1,1,1,-1,1,-1,1,1,-1,-1,-1,1,-1,1,1,1,-1,-1,-1,1,-1,1,-1,1,-1,1,-1,1,1,-2668.0,1,2000,445,1500,False
1698,1,1,-1,-1,1,1,-1,-1,1,1,1,-1,1,1,1,1,-1,1,-1,-1,1,-1,1,1,1,-1,1,-1,1,1,1,1,1,-1,-1,-1,1,1,1,1,-1,-1,-1,1,1,1,1,-1,1,1,1,1,-1,1,-1,-1,1,-1,1,1,1,-1,-1,-1,1,1,1,1,-1,-1,-1,1,1,1,1,-1,-1,-1,1,1,1,-1,-1,-1,1,1,1,1,-1,-1,-1,1,1,1,1,-1,-1,1,1,-1,1,1,-1,-1,1,1,1,1,1,-1,-1,1,1,1,1,1,-1,-1,1,1,1,1,1,1,-1,-1,1,1,-1,1,1,-1,1,1,1,1,1,1,-1,-1,1,1,1,1,1,-1,1,1,1,1,1,1,-1,-1,-1,1,1,1,1,-1,1,1,1,1,-1,1,-1,1,-1,1,1,1,-1,-1,1,1,1,1,1,-1,1,-1,-1,1,-1,1,-1,1,1,1,1,1,1,1,1,1,1,1,-1,1,-1,1,1,-1,1,-1,1,1,-1,1,-1,1,-1,1,-1,1,1,-1,1,-1,1,1,1,1,-1,-1,1,1,-1,-1,1,-1,1,-1,-1,1,-1,1,-1,1,-1,1,-1,-1,1,-1,-1,-1,1,1,-1,1,-1,1,1,1,-1,1,1,-1,1,-1,1,-1,1,-1,1,-1,1,1,-1,1,-1,-1,-1,1,1,-1,1,-1,-1,-1,1,1,-1,-1,1,1,-1,-1,1,1,-1,1,1,-1,1,1,1,1,-1,1,-1,1,1,-1,1,-1,1,-1,1,1,1,1,1,1,-1,-1,1,-1,-1,-1,1,1,-1,1,1,1,-1,1,1,1,1,1,1,1,1,-1,1,1,1,-1,1,1,-1,1,1,1,-1,1,1,-1,-1,1,1,1,-1,1,-1,1,1,1,-1,1,1,-1,1,1,1,-1,1,1,-1,1,1,1,-1,1,1,1,-1,1,1,-1,1,1,-1,1,-1,1,-1,1,1,1,-1,1,1,1,1,1,1,-1,1,1,-1,1,1,1,-1,-1,-1,-1,1,1,1,-1,1,1,-1,1,1,-1,-1,1,1,1,1,1,-1,1,1,1,-1,1,1,1,-1,-1,1,1,1,-1,1,-1,1,1,1,1,1,1,-1,-1,-1,1,-1,-1,1,-1,1,-1,1,1,1,1,1,-1,-1,1,-1,-1,1,-1,1,-1,1,1,-1,1,1,1,-1,-1,1,-1,1,1,-1,-1,1,1,1,-1,1,-1,-1,-1,1,-1,1,1,-1,-1,1,1,1,1,-1,1,-1,1,-1,-1,1,-1,-1,-1,1,-1,1,1,-1,-1,-1,1,-1,1,1,1,-1,-1,1,-1,-1,1,-1,-1,-1,1,-1,1,1,1,-1,-1,1,-1,-1,1,-1,-1,-1,-1,-1,-1,1,-1,-1,-1,1,-1,-1,1,-1,-1,-1,-1,1,-1,1,-1,-1,-1,-1,1,-1,-1,1,1,1,-1,1,-1,1,-1,1,-1,1,-1,-1,-1,1,-1,-1,1,1,1,-1,1,-1,1,1,1,-1,1,1,-1,-1,-1,1,-1,-1,1,-1,-1,1,1,1,-1,1,-1,-1,1,1,-1,-1,1,-1,-1,1,1,-1,-1,1,-1,-1,-1,1,1,-1,1,1,-1,-1,1,-1,-1,1,-1,1,-1,1,1,-1,-1,1,-1,-1,-1,-1,-1,1,1,1,-1,-1,1,-1,-1,1,-1,-1,1,-1,-1,1,1,-1,-1,1,-1,-1,1,1,-1,1,-1,-1,-1,-1,1,1,-1,-1,-1,-1,-1,1,-1,-1,1,-1,-1,-1,1,1,-1,-1,-1,-1,-1,1,-1,-1,-1,-1,-1,1,1,1,-1,-1,-1,-1,-1,1,1,-1,-1,-1,-1,-1,1,1,1,-1,-1,-1,-1,1,1,-1,-1,-1,-1,1,1,1,1,1,-1,1,1,-1,1,1,1,-1,-1,1,1,1,-1,1,-1,1,1,1,1,-1,1,-1,-1,1,-1,1,-1,1,-1,-1,1,-1,1,-1,1,-1,-1,1,-1,1,-1,1,-1,-1,1,-1,1,1,1,-1,-1,1,-1,1,1,1,-1,-1,1,1,-1,1,1,-1,-1,1,-1,1,-1,1,-1,-1,-1,-1,-1,1,1,-1,-1,1,-1,-1,1,1,-1,-1,-1,-1,1,-1,1,-1,-1,-1,-1,1,1,-1,-1,1,-1,-1,1,-1,1,-1,-1,-1,-1,-1,1,1,1,-1,-1,-1,1,1,1,-1,-1,1,1,-1,-1,1,-1,1,-1,-1,1,1,1,-1,-1,-1,-1,1,-1,1,1,-1,1,-1,-1,1,1,-1,-1,-1,-1,-1,-1,1,1,-1,-1,1,-1,1,1,-1,-1,-1,1,-1,1,1,-1,-1,1,-1,-1,1,1,1,-1,1,-1,1,1,1,-1,-1,1,-1,-1,1,1,1,-1,1,-1,-1,1,1,-1,1,1,-1,-1,1,1,1,1,1,-1,-1,1,1,1,1,1,-1,-1,1,1,1,1,-1,1,-1,-1,1,1,-1,1,-1,-1,1,-1,1,1,1,1,-1,-1,1,-1,1,1,1,-1,1,1,1,1,-1,1,-1,1,1,1,1,1,1,1,-1,1,1,1,1,-1,1,-1,1,1,1,1,1,-1,1,1,1,1,-1,1,1,-1,1,1,-1,1,1,-1,-1,1,1,1,1,-1,1,-1,1,1,1,-1,-1,1,-1,1,1,1,-1,1,-1,-1,-1,1,1,-1,-1,1,-1,-1,1,1,-1,-1,1,-1,-1,-1,1,1,-1,1,-1,-1,1,1,-1,-1,-1,1,-1,-1,1,-1,1,1,-1,1,1,-1,-1,1,-1,-1,-1,1,1,-1,1,1,-1,1,1,-1,-1,-1,-1,1,-1,-1,-1,-1,1,-1,-1,1,1,-1,1,1,-1,1,1,1,1,-1,1,-1,1,1,1,1,-1,1,-1,-1,1,1,1,-1,1,-1,1,1,1,1,-1,1,-1,1,1,-1,-1,-1,1,-1,-1,1,1,-1,-1,-1,1,-1,1,-1,1,-1,1,-1,-1,1,-2668.0,1,2000,445,1500,False
1699,1,1,-1,-1,1,1,-1,-1,1,1,1,-1,-1,1,1,1,-1,1,-1,-1,-1,-1,1,1,1,-1,-1,-1,1,1,1,1,-1,-1,-1,-1,1,-1,1,1,-1,-1,-1,1,1,1,1,-1,1,1,1,1,-1,1,-1,-1,1,-1,1,1,1,-1,-1,-1,1,1,1,1,-1,-1,-1,1,1,1,1,-1,-1,-1,1,1,1,-1,-1,-1,1,1,1,1,-1,-1,-1,1,1,1,1,-1,-1,1,1,1,1,1,-1,-1,1,1,1,1,1,-1,-1,1,1,-1,1,1,-1,-1,1,1,1,1,1,1,-1,-1,1,1,-1,1,1,-1,1,1,1,1,1,1,-1,-1,1,1,1,1,1,-1,1,1,1,1,1,1,-1,-1,-1,1,1,1,1,-1,1,1,1,1,-1,1,-1,1,-1,1,1,1,-1,-1,1,1,1,1,1,-1,1,-1,-1,1,-1,1,-1,1,1,1,1,1,1,1,1,1,-1,1,-1,1,-1,1,1,-1,1,-1,1,1,-1,1,-1,1,-1,1,-1,1,1,-1,-1,-1,1,1,1,1,-1,-1,1,1,-1,-1,1,-1,1,-1,1,1,-1,1,-1,1,-1,1,-1,-1,1,-1,-1,-1,1,1,-1,1,-1,1,1,1,-1,1,1,-1,-1,-1,1,-1,1,-1,1,-1,1,1,-1,1,-1,-1,-1,1,1,-1,1,-1,-1,-1,1,1,-1,-1,1,1,-1,-1,1,1,-1,1,1,-1,1,1,1,1,-1,1,-1,1,1,-1,1,-1,1,1,1,1,1,1,1,1,-1,-1,1,-1,-1,-1,1,1,-1,1,1,1,-1,1,1,1,1,1,1,-1,1,-1,1,1,1,-1,-1,1,-1,1,1,1,-1,1,1,-1,-1,1,1,1,-1,1,-1,1,1,1,-1,1,1,-1,1,1,1,-1,1,1,-1,1,1,1,-1,1,1,-1,-1,1,1,-1,1,1,-1,1,-1,1,-1,1,1,1,-1,1,1,1,1,1,1,-1,1,1,-1,1,1,1,-1,-1,-1,-1,1,1,1,-1,1,1,-1,1,1,-1,-1,1,1,1,1,1,-1,1,1,1,-1,1,1,1,-1,-1,1,1,1,-1,1,-1,1,1,1,1,1,1,-1,-1,-1,1,-1,-1,1,-1,1,-1,1,1,1,1,1,-1,-1,1,-1,-1,1,-1,1,-1,1,1,1,1,1,1,-1,-1,1,-1,1,1,-1,-1,1,1,1,-1,1,-1,-1,-1,1,-1,1,1,-1,-1,1,1,1,1,-1,1,-1,1,-1,1,1,-1,-1,-1,1,-1,1,1,-1,-1,-1,1,-1,1,1,1,-1,-1,1,1,-1,1,-1,-1,-1,1,-1,1,1,1,-1,-1,1,1,-1,1,-1,-1,-1,-1,-1,-1,1,-1,-1,-1,1,-1,-1,1,-1,-1,-1,-1,1,-1,1,-1,-1,1,-1,1,-1,-1,1,1,1,-1,1,-1,1,1,1,1,1,-1,-1,-1,1,-1,-1,1,1,1,-1,1,-1,1,1,1,-1,1,1,-1,-1,-1,1,-1,-1,1,-1,-1,1,1,1,-1,1,-1,-1,1,1,-1,-1,1,-1,-1,1,1,-1,-1,1,-1,-1,-1,1,1,-1,1,-1,-1,-1,1,-1,-1,1,-1,1,-1,1,1,-1,-1,1,-1,-1,-1,-1,-1,1,1,1,-1,-1,1,-1,-1,1,-1,-1,1,-1,-1,1,1,-1,-1,1,1,-1,1,1,-1,1,-1,1,-1,-1,1,1,-1,-1,-1,-1,1,1,-1,-1,1,-1,-1,-1,1,1,-1,-1,-1,-1,-1,1,-1,-1,-1,-1,-1,-1,1,1,-1,-1,-1,-1,1,1,1,-1,-1,-1,-1,-1,1,1,1,-1,-1,-1,-1,1,1,-1,-1,-1,-1,1,1,1,1,1,-1,1,1,1,1,1,1,-1,-1,1,1,1,-1,-1,-1,1,1,1,1,-1,1,-1,-1,1,-1,1,-1,1,-1,-1,1,-1,1,-1,1,-1,-1,1,-1,1,-1,1,1,-1,1,-1,1,1,1,1,-1,1,-1,1,1,1,-1,-1,1,1,-1,1,1,-1,-1,1,-1,1,-1,1,-1,-1,-1,-1,-1,1,1,-1,-1,1,-1,-1,1,1,-1,-1,-1,-1,1,-1,1,-1,-1,-1,-1,1,1,-1,-1,1,-1,-1,1,-1,1,-1,-1,-1,-1,-1,1,1,1,-1,-1,-1,1,1,1,-1,-1,-1,1,-1,-1,1,-1,1,-1,-1,1,1,1,-1,-1,-1,-1,1,-1,1,1,-1,1,-1,-1,1,1,-1,-1,-1,-1,-1,-1,1,1,-1,-1,1,-1,1,1,-1,-1,-1,1,-1,1,1,-1,-1,1,-1,-1,1,1,1,-1,1,-1,1,1,1,-1,-1,1,-1,-1,1,1,1,-1,1,-1,-1,1,1,-1,1,1,-1,-1,1,1,1,1,1,-1,-1,1,1,-1,1,1,-1,-1,1,1,1,1,-1,1,-1,-1,1,1,-1,1,-1,-1,1,-1,1,1,1,1,-1,-1,1,-1,1,1,1,-1,1,1,1,1,-1,1,-1,1,1,1,1,1,1,1,-1,1,1,1,1,-1,1,-1,1,1,1,1,1,-1,1,1,1,1,-1,1,1,-1,1,1,-1,1,1,-1,-1,1,1,1,1,-1,1,-1,1,1,1,-1,-1,1,-1,1,1,1,-1,1,-1,-1,-1,1,1,-1,-1,1,-1,-1,1,1,1,-1,1,-1,-1,1,1,1,-1,1,-1,-1,1,1,-1,-1,1,1,-1,1,1,-1,1,1,-1,1,1,-1,-1,1,-1,-1,-1,1,1,-1,1,1,-1,1,1,-1,-1,1,-1,1,-1,-1,-1,-1,1,-1,-1,1,1,-1,1,1,-1,1,1,1,1,-1,1,-1,1,1,1,1,-1,1,-1,-1,1,1,1,-1,1,-1,1,1,1,1,-1,1,-1,1,1,1,-1,-1,1,-1,-1,1,1,-1,-1,-1,1,-1,1,-1,1,-1,1,-1,-1,1,-2668.0,1,2000,445,1500,False
1700,1,1,-1,-1,1,-1,-1,-1,1,1,1,-1,1,1,1,1,-1,1,-1,-1,1,-1,1,1,1,-1,-1,-1,1,1,1,1,-1,-1,-1,-1,1,1,1,1,-1,-1,-1,1,1,1,1,-1,1,1,1,1,-1,1,-1,-1,1,-1,1,1,1,-1,-1,-1,1,1,1,1,-1,-1,-1,1,1,1,1,-1,-1,-1,1,1,1,-1,-1,-1,1,1,1,1,-1,-1,-1,1,1,1,1,-1,-1,1,1,-1,1,1,-1,-1,1,1,1,1,1,-1,-1,1,1,-1,1,1,-1,-1,1,1,1,1,1,1,-1,-1,1,1,-1,1,1,-1,1,1,1,1,1,1,-1,-1,1,1,-1,1,1,-1,1,1,1,1,1,1,-1,-1,-1,1,-1,1,1,-1,1,1,1,1,-1,1,-1,1,-1,1,1,1,-1,-1,1,1,1,-1,1,-1,1,-1,-1,1,1,1,-1,1,1,1,1,-1,1,1,1,1,-1,1,-1,1,-1,1,1,-1,1,-1,1,1,-1,1,-1,1,-1,1,-1,1,1,-1,1,-1,1,1,1,1,-1,-1,1,1,-1,-1,1,-1,1,1,-1,1,-1,1,-1,1,-1,1,-1,1,1,-1,-1,1,1,1,-1,1,-1,1,1,1,-1,1,1,-1,1,-1,1,-1,1,-1,1,-1,1,1,-1,1,-1,-1,1,1,1,-1,1,-1,-1,-1,-1,1,-1,-1,1,1,-1,-1,1,1,-1,1,1,-1,1,1,1,1,-1,1,-1,1,1,-1,1,-1,1,1,-1,1,1,1,1,1,-1,-1,1,-1,-1,1,1,1,-1,1,1,1,-1,1,-1,-1,1,1,1,1,1,-1,1,1,1,-1,1,1,-1,1,1,1,-1,1,1,-1,1,-1,1,1,-1,1,-1,1,1,1,-1,1,1,-1,1,1,1,-1,1,-1,-1,1,1,1,-1,1,-1,-1,1,1,1,-1,1,-1,-1,-1,-1,1,-1,1,1,-1,1,1,1,1,-1,1,-1,-1,-1,1,-1,1,-1,-1,1,-1,-1,-1,1,1,-1,1,-1,1,-1,1,-1,1,-1,1,1,1,1,-1,1,-1,1,1,-1,1,-1,-1,-1,-1,1,1,1,1,-1,-1,1,1,1,1,-1,-1,1,-1,-1,1,-1,1,-1,1,-1,1,1,1,-1,-1,1,1,-1,1,-1,1,-1,-1,1,-1,1,1,-1,-1,-1,1,-1,-1,1,1,-1,-1,-1,-1,1,1,-1,1,-1,1,-1,-1,1,1,-1,1,1,-1,1,1,-1,-1,1,1,-1,1,-1,1,-1,1,-1,-1,1,-1,1,-1,1,-1,-1,1,-1,-1,-1,1,-1,-1,1,1,1,-1,1,-1,-1,1,-1,-1,1,-1,1,-1,1,-1,1,-1,1,1,-1,-1,-1,1,-1,1,-1,-1,1,-1,1,1,1,1,-1,-1,1,1,-1,1,1,-1,-1,1,1,1,-1,1,1,-1,1,1,1,1,-1,1,1,-1,-1,-1,1,-1,-1,1,-1,1,-1,1,-1,1,-1,-1,-1,1,1,-1,1,1,-1,-1,-1,1,-1,1,1,-1,1,-1,1,-1,-1,-1,-1,-1,-1,1,-1,-1,-1,-1,-1,-1,1,-1,1,1,1,1,-1,1,-1,1,1,-1,-1,-1,1,-1,-1,1,-1,1,-1,-1,1,1,1,1,-1,-1,1,1,1,1,-1,1,-1,-1,1,1,1,-1,-1,-1,1,1,1,1,-1,1,-1,1,-1,1,-1,1,1,-1,-1,1,1,1,-1,-1,-1,-1,1,1,1,1,-1,-1,-1,1,1,1,1,-1,-1,-1,1,-1,1,-1,-1,-1,-1,1,1,1,1,-1,1,-1,1,-1,1,1,-1,-1,-1,1,1,-1,1,-1,-1,-1,1,1,1,1,-1,-1,1,-1,1,-1,1,-1,1,1,-1,1,1,-1,-1,-1,1,1,-1,1,1,-1,1,-1,1,-1,1,-1,-1,-1,1,-1,1,-1,-1,-1,1,-1,1,-1,1,1,-1,-1,-1,-1,-1,1,-1,-1,-1,1,1,-1,1,-1,-1,1,-1,-1,-1,1,-1,-1,-1,1,1,1,-1,-1,-1,-1,1,-1,-1,1,-1,-1,-1,-1,-1,-1,1,-1,-1,-1,1,-1,-1,1,-1,-1,-1,-1,-1,1,1,-1,-1,-1,-1,-1,1,-1,-1,-1,1,-1,-1,1,-1,1,-1,-1,-1,-1,-1,-1,-1,1,-1,-1,-1,1,1,-1,-1,-1,1,-1,1,-1,-1,-1,1,-1,-1,1,-1,1,-1,-1,-1,-1,1,-1,1,1,-1,1,-1,-1,1,1,-1,-1,-1,-1,-1,-1,1,1,-1,-1,1,-1,1,1,-1,-1,-1,1,-1,1,1,-1,-1,1,-1,-1,1,1,1,-1,1,-1,1,1,1,-1,-1,1,-1,-1,1,-1,1,-1,1,-1,-1,1,1,-1,1,1,-1,-1,1,1,-1,1,1,-1,-1,1,1,-1,1,1,-1,-1,1,1,1,1,1,1,-1,-1,1,1,1,1,-1,-1,1,-1,1,1,1,1,-1,-1,1,-1,1,1,1,-1,1,1,1,1,-1,1,-1,1,1,1,1,1,1,1,-1,1,1,1,1,-1,1,-1,1,1,1,1,1,-1,1,1,1,1,-1,1,1,-1,1,1,-1,1,1,-1,-1,1,1,1,1,-1,1,-1,1,1,1,-1,-1,1,-1,1,1,1,-1,1,-1,-1,-1,1,1,-1,-1,1,-1,-1,1,1,1,-1,1,-1,-1,1,1,1,-1,-1,-1,-1,1,1,-1,-1,-1,1,-1,-1,1,-1,1,1,-1,1,1,-1,-1,1,-1,-1,-1,1,1,-1,1,1,-1,1,1,-1,-1,-1,-1,1,-1,-1,-1,-1,-1,-1,-1,1,1,-1,1,1,-1,1,1,1,1,-1,1,-1,1,1,1,1,-1,1,-1,-1,1,1,1,-1,1,-1,1,1,1,1,-1,1,-1,1,1,-1,-1,-1,1,-1,-1,1,1,-1,-1,-1,1,-1,1,-1,1,-1,1,-1,-1,1,-2668.0,1,2000,445,1500,False
1701,1,1,-1,-1,1,1,-1,-1,1,1,1,-1,1,1,1,1,-1,1,-1,-1,-1,-1,1,1,1,-1,-1,-1,1,1,1,1,-1,-1,-1,-1,1,1,1,1,-1,-1,-1,1,1,1,1,-1,1,1,1,1,-1,1,-1,-1,1,-1,1,1,1,-1,-1,-1,1,1,1,1,-1,-1,-1,1,1,1,1,-1,-1,-1,1,1,1,-1,-1,-1,1,1,1,1,-1,-1,1,1,1,1,1,-1,-1,-1,1,-1,1,1,-1,-1,1,1,1,1,1,-1,-1,-1,1,1,1,1,-1,-1,1,1,1,1,1,1,-1,-1,1,1,-1,1,1,-1,1,1,1,1,1,1,-1,1,1,1,1,1,1,-1,1,1,1,1,1,1,-1,-1,-1,1,1,1,1,-1,1,1,1,1,-1,1,-1,1,-1,1,1,1,-1,-1,1,1,1,1,1,-1,1,-1,-1,1,-1,1,-1,1,1,1,1,1,1,1,1,1,-1,1,-1,1,-1,1,1,-1,1,-1,1,1,-1,1,-1,1,-1,1,-1,1,1,-1,1,-1,1,1,1,1,-1,-1,1,1,-1,-1,1,-1,1,-1,1,1,-1,1,-1,1,-1,1,-1,-1,1,-1,-1,-1,1,1,-1,1,-1,1,1,1,-1,1,1,-1,1,-1,1,-1,1,-1,1,-1,1,1,-1,1,-1,-1,-1,1,1,-1,1,-1,-1,-1,1,1,-1,-1,1,1,-1,-1,1,1,-1,1,1,-1,1,1,1,1,-1,1,-1,1,1,-1,1,-1,1,1,-1,1,1,1,1,1,-1,-1,1,-1,-1,-1,1,1,-1,1,1,1,-1,1,-1,-1,1,1,1,1,1,-1,1,1,1,-1,1,1,-1,1,1,1,-1,1,1,-1,-1,1,1,1,-1,1,-1,1,1,1,-1,1,1,-1,1,1,1,-1,1,-1,-1,1,1,1,-1,1,-1,-1,-1,1,1,-1,1,-1,-1,1,-1,1,-1,1,1,-1,-1,1,1,1,-1,1,-1,-1,1,1,-1,1,-1,-1,-1,-1,-1,-1,1,-1,-1,-1,1,1,-1,1,-1,1,-1,1,1,1,1,-1,-1,1,1,1,-1,1,-1,-1,-1,-1,1,1,1,1,-1,-1,1,1,1,-1,-1,-1,-1,-1,-1,1,-1,1,-1,1,-1,1,1,-1,-1,-1,1,1,-1,1,-1,1,-1,-1,1,-1,1,1,-1,-1,-1,1,-1,-1,1,1,-1,-1,1,-1,1,1,-1,1,-1,1,-1,-1,1,1,-1,1,1,-1,1,1,-1,-1,1,1,-1,1,-1,1,-1,1,-1,-1,1,-1,1,-1,1,-1,-1,1,-1,-1,-1,1,-1,-1,1,-1,1,-1,1,-1,-1,1,-1,-1,1,-1,1,-1,1,1,1,-1,1,1,-1,-1,-1,1,-1,1,-1,-1,1,-1,1,1,1,1,-1,-1,1,1,-1,-1,1,-1,-1,1,1,1,1,1,1,-1,1,1,1,-1,-1,-1,1,-1,-1,-1,1,-1,1,1,1,1,-1,1,-1,1,-1,-1,-1,1,1,-1,1,1,-1,-1,-1,1,-1,1,1,-1,1,-1,1,-1,-1,-1,-1,-1,-1,1,-1,-1,-1,-1,-1,-1,1,-1,1,1,1,1,-1,1,-1,1,1,-1,-1,-1,1,-1,-1,1,-1,1,-1,-1,1,1,1,1,-1,-1,1,1,1,1,-1,1,-1,-1,1,1,1,-1,-1,-1,1,1,1,1,-1,-1,-1,1,-1,1,-1,1,-1,-1,-1,1,1,1,-1,-1,-1,-1,1,1,1,1,-1,-1,-1,1,1,1,1,-1,-1,-1,1,-1,1,-1,-1,-1,1,1,1,1,1,-1,-1,-1,1,1,1,1,-1,-1,-1,1,1,-1,1,-1,-1,-1,1,1,1,1,-1,-1,1,1,1,1,1,-1,1,1,-1,1,1,-1,-1,-1,1,1,1,1,1,-1,1,1,1,1,1,1,-1,-1,1,-1,1,-1,1,-1,-1,1,-1,1,1,-1,-1,-1,1,-1,1,1,-1,-1,-1,1,1,1,-1,1,-1,-1,1,-1,1,-1,-1,-1,-1,1,1,-1,-1,-1,-1,-1,1,-1,1,-1,-1,-1,-1,-1,-1,-1,1,-1,-1,-1,1,-1,-1,1,-1,-1,-1,-1,-1,1,1,-1,-1,-1,-1,-1,1,-1,-1,-1,1,-1,-1,1,-1,1,-1,-1,-1,-1,-1,-1,-1,1,-1,-1,-1,1,1,-1,-1,-1,-1,1,-1,-1,-1,-1,1,-1,-1,1,1,1,-1,-1,-1,-1,1,-1,1,1,-1,1,-1,-1,1,1,-1,-1,-1,-1,-1,-1,1,1,-1,-1,1,-1,1,1,-1,-1,-1,1,-1,1,1,-1,-1,1,-1,-1,1,1,1,-1,1,-1,1,1,1,-1,-1,1,-1,-1,1,1,1,-1,1,-1,-1,1,1,-1,1,1,-1,-1,1,1,1,1,1,-1,-1,1,1,-1,1,1,-1,-1,1,1,1,1,-1,1,-1,-1,1,1,-1,1,-1,-1,1,-1,1,1,1,1,-1,-1,1,-1,1,1,1,-1,1,1,1,1,-1,1,-1,1,1,1,1,1,1,1,-1,1,1,1,1,-1,1,-1,1,1,1,1,1,-1,1,1,1,1,-1,1,1,-1,1,1,-1,1,1,-1,-1,1,1,1,1,-1,1,-1,1,1,1,-1,-1,1,-1,1,1,1,-1,1,-1,-1,-1,1,1,-1,-1,1,-1,-1,1,1,-1,-1,1,-1,-1,1,1,1,-1,1,-1,-1,1,1,-1,-1,-1,1,-1,1,1,-1,1,1,-1,1,1,-1,-1,1,1,-1,-1,1,1,-1,1,1,-1,1,1,-1,-1,-1,-1,1,-1,-1,-1,-1,-1,1,-1,1,1,-1,1,1,-1,1,1,1,1,-1,1,-1,1,1,1,-1,-1,1,-1,-1,1,1,-1,-1,1,-1,1,1,1,-1,-1,1,-1,1,1,1,1,-1,1,-1,-1,1,1,1,-1,-1,1,-1,1,-1,1,-1,1,-1,1,1,-2668.0,1,2000,445,1500,False
1702,1,1,-1,-1,1,1,-1,-1,1,1,1,-1,-1,1,1,1,-1,1,-1,-1,-1,-1,1,1,1,-1,-1,-1,1,1,1,1,1,-1,-1,-1,1,-1,1,-1,-1,-1,-1,1,1,1,1,-1,1,1,1,1,-1,1,-1,-1,1,-1,1,1,1,-1,-1,-1,1,1,1,1,-1,-1,-1,1,1,1,1,-1,-1,-1,1,1,1,-1,-1,-1,1,1,1,1,-1,-1,-1,1,1,1,1,-1,-1,1,1,-1,1,1,-1,-1,1,1,1,1,1,-1,-1,-1,1,1,1,1,-1,-1,1,1,1,1,1,1,-1,-1,1,1,-1,1,1,-1,1,1,1,1,1,1,-1,1,1,1,1,1,1,-1,1,1,1,1,1,1,-1,-1,-1,1,1,1,1,-1,1,1,1,1,-1,1,-1,1,-1,1,1,1,-1,-1,1,1,1,1,1,-1,1,-1,-1,1,-1,1,-1,1,1,1,1,1,1,1,1,1,-1,1,-1,1,-1,1,1,-1,1,-1,1,1,-1,1,-1,1,-1,1,-1,1,1,-1,1,-1,1,1,1,1,-1,-1,1,1,-1,-1,1,-1,1,-1,-1,1,-1,1,-1,1,-1,1,-1,1,1,-1,-1,-1,1,-1,-1,1,-1,1,1,1,-1,1,-1,-1,1,-1,1,-1,1,1,1,-1,1,1,-1,1,-1,-1,-1,1,1,-1,1,-1,-1,-1,1,1,1,-1,1,1,-1,-1,1,-1,-1,1,1,-1,1,1,1,-1,-1,1,-1,1,1,-1,1,-1,1,1,1,1,-1,-1,-1,1,-1,-1,1,-1,1,-1,1,1,-1,1,1,1,-1,1,1,1,1,1,-1,-1,1,-1,1,1,-1,1,-1,1,-1,1,1,1,-1,1,1,-1,-1,1,1,-1,-1,1,-1,1,1,1,1,1,1,-1,1,1,1,1,1,1,-1,1,1,1,1,1,1,-1,-1,1,1,1,1,1,-1,1,-1,1,-1,1,1,1,-1,1,1,1,1,1,1,-1,1,1,1,-1,-1,1,-1,-1,-1,-1,1,1,1,-1,1,1,-1,1,1,-1,-1,1,1,1,1,1,-1,1,1,1,-1,1,1,1,1,-1,1,1,1,-1,1,-1,1,-1,1,1,1,1,-1,-1,-1,1,-1,-1,1,-1,1,-1,-1,1,1,1,1,1,-1,1,-1,-1,1,-1,1,-1,1,1,1,1,1,1,-1,-1,1,-1,1,1,-1,-1,1,1,1,-1,1,1,-1,1,1,-1,1,1,-1,-1,1,1,1,1,-1,1,-1,1,-1,1,1,-1,-1,1,1,-1,1,1,1,-1,-1,1,-1,1,1,1,-1,-1,1,-1,-1,1,-1,-1,-1,1,-1,1,1,-1,1,-1,-1,1,-1,1,1,1,-1,-1,1,1,1,-1,-1,-1,-1,1,-1,1,-1,1,-1,-1,1,-1,1,-1,-1,-1,-1,1,-1,-1,1,1,1,-1,1,-1,1,-1,1,-1,1,-1,-1,-1,1,-1,-1,1,1,1,-1,1,-1,1,1,1,-1,1,1,-1,1,-1,1,-1,-1,1,-1,-1,1,1,1,-1,1,-1,-1,1,1,-1,-1,1,-1,-1,1,1,-1,-1,1,-1,-1,-1,1,1,-1,1,-1,-1,-1,1,-1,-1,1,-1,1,-1,1,1,-1,-1,1,-1,-1,-1,-1,-1,1,1,1,-1,-1,1,-1,-1,1,-1,-1,1,-1,-1,1,1,-1,-1,1,-1,-1,1,1,-1,1,-1,-1,-1,-1,1,1,-1,-1,-1,-1,1,1,-1,-1,1,-1,-1,-1,1,1,-1,-1,-1,-1,-1,1,-1,-1,-1,-1,-1,1,1,1,-1,-1,-1,-1,-1,1,1,-1,-1,-1,-1,-1,1,1,1,-1,-1,-1,-1,1,1,-1,-1,-1,-1,1,1,1,1,1,-1,1,1,1,1,1,1,-1,-1,1,1,1,1,1,-1,1,1,1,1,-1,1,-1,-1,1,-1,1,-1,1,-1,-1,1,-1,1,1,-1,-1,-1,1,-1,1,-1,1,1,-1,1,-1,1,1,1,1,-1,1,-1,1,1,-1,-1,-1,1,1,-1,1,1,-1,-1,1,-1,1,-1,1,-1,-1,-1,-1,-1,1,1,-1,-1,1,-1,-1,1,-1,-1,-1,-1,-1,-1,-1,1,-1,-1,-1,-1,1,-1,-1,-1,1,-1,-1,1,-1,1,-1,-1,-1,-1,-1,-1,-1,1,-1,-1,-1,1,1,1,-1,-1,1,-1,-1,-1,-1,-1,1,-1,-1,1,1,1,-1,-1,-1,-1,1,-1,1,1,-1,1,-1,-1,1,1,-1,-1,-1,-1,-1,-1,1,1,-1,-1,1,-1,1,1,-1,-1,-1,-1,-1,1,1,-1,-1,1,1,-1,1,1,1,-1,1,-1,1,1,1,-1,-1,1,-1,-1,1,1,1,-1,1,-1,-1,1,1,-1,1,1,1,-1,1,1,1,1,1,1,-1,1,1,-1,1,1,1,-1,1,1,1,1,1,-1,-1,1,1,1,1,1,1,-1,1,-1,1,1,1,1,-1,-1,1,-1,1,1,1,-1,1,1,1,1,-1,1,-1,1,1,1,1,1,1,-1,-1,1,1,1,1,-1,1,-1,1,1,1,1,-1,1,-1,1,1,1,-1,-1,1,-1,1,1,-1,1,-1,-1,-1,1,1,1,-1,1,-1,-1,1,1,1,-1,-1,-1,-1,1,1,1,-1,1,-1,-1,-1,1,1,-1,1,-1,-1,1,1,1,-1,1,-1,1,-1,1,1,1,1,1,-1,-1,1,1,-1,-1,1,1,-1,1,1,-1,1,-1,-1,1,1,-1,-1,1,-1,-1,-1,1,1,-1,1,1,-1,1,1,-1,-1,1,-1,1,-1,-1,-1,-1,1,-1,-1,1,1,-1,1,1,-1,1,1,1,1,-1,1,-1,1,1,1,-1,-1,1,-1,-1,-1,1,-1,1,1,-1,1,1,1,-1,-1,1,-1,1,1,1,1,-1,1,-1,-1,1,1,-1,-1,1,1,-1,1,-1,1,-1,1,-1,-1,1,-2668.0,1,2000,445,1000,False
1703,1,1,-1,-1,1,-1,-1,1,1,1,1,-1,1,1,1,1,-1,1,-1,-1,-1,1,1,1,1,-1,-1,-1,1,1,1,1,1,-1,-1,1,-1,1,1,-1,-1,-1,1,1,1,1,-1,-1,1,1,1,1,-1,1,-1,-1,1,-1,1,1,-1,-1,-1,1,1,1,1,-1,-1,-1,1,-1,1,1,1,-1,-1,1,-1,1,1,-1,-1,-1,-1,1,1,1,-1,-1,1,1,-1,1,1,-1,-1,-1,-1,1,1,1,-1,-1,1,-1,-1,1,1,-1,-1,-1,-1,-1,1,1,-1,-1,1,-1,-1,1,1,1,-1,-1,-1,-1,1,1,1,-1,1,-1,-1,1,1,1,-1,1,-1,-1,-1,1,1,-1,1,-1,-1,-1,1,1,-1,-1,1,-1,-1,1,1,-1,1,-1,-1,-1,1,1,-1,1,1,-1,1,1,-1,-1,1,-1,-1,1,1,-1,1,-1,1,-1,1,1,-1,1,1,-1,-1,-1,1,-1,1,1,1,-1,-1,1,1,-1,1,1,-1,-1,1,-1,-1,1,1,-1,1,1,-1,1,1,1,-1,1,1,1,1,1,1,1,-1,1,-1,-1,1,1,-1,-1,1,1,-1,1,1,-1,-1,1,-1,1,1,1,1,-1,1,-1,1,1,1,-1,1,1,1,1,1,1,-1,-1,-1,1,1,-1,1,1,1,-1,1,1,-1,1,1,1,1,1,1,-1,1,1,1,1,-1,1,1,1,1,1,1,1,1,1,1,-1,-1,1,-1,1,-1,1,1,1,1,1,1,-1,1,1,1,-1,1,1,1,1,1,1,1,-1,1,-1,1,-1,1,1,1,1,-1,1,1,1,1,1,-1,-1,1,1,1,1,1,-1,-1,1,1,1,1,-1,-1,1,1,1,-1,1,-1,1,-1,1,1,-1,1,1,-1,1,1,-1,1,1,1,-1,1,1,1,-1,1,1,-1,1,1,1,-1,1,1,1,1,1,1,1,-1,1,-1,1,-1,1,-1,1,1,-1,-1,-1,1,1,-1,1,-1,1,1,1,-1,-1,-1,-1,1,1,1,-1,1,1,-1,1,1,-1,1,-1,1,-1,1,1,-1,-1,1,-1,1,1,1,1,1,-1,1,1,1,-1,1,-1,1,-1,-1,1,1,1,-1,-1,-1,1,-1,1,1,-1,1,-1,-1,1,1,1,1,-1,-1,1,-1,-1,1,-1,1,-1,-1,-1,-1,-1,1,1,-1,-1,1,-1,1,1,-1,-1,1,-1,1,1,1,-1,-1,-1,1,-1,1,-1,-1,-1,-1,-1,1,1,-1,1,-1,-1,1,1,1,-1,-1,1,-1,1,1,1,-1,-1,-1,-1,-1,1,1,-1,-1,1,-1,1,-1,1,1,-1,-1,1,-1,1,-1,1,-1,-1,-1,-1,-1,-1,1,-1,-1,-1,-1,1,-1,1,-1,-1,-1,-1,-1,1,1,-1,-1,-1,-1,-1,1,1,-1,-1,-1,-1,-1,-1,1,1,1,-1,-1,-1,1,-1,1,-1,1,1,1,1,-1,-1,1,1,1,-1,1,-1,1,-1,1,1,1,-1,-1,-1,-1,-1,1,1,1,-1,-1,-1,1,1,-1,1,-1,-1,-1,1,1,-1,1,-1,-1,1,1,1,-1,1,-1,-1,-1,-1,1,1,1,-1,1,-1,-1,1,-1,1,-1,-1,1,1,-1,-1,1,1,-1,-1,-1,-1,-1,1,1,-1,-1,-1,1,-1,1,1,-1,-1,1,-1,1,1,-1,-1,-1,-1,-1,1,1,-1,1,-1,-1,1,1,1,1,-1,-1,-1,-1,-1,1,-1,1,-1,-1,1,-1,1,1,-1,1,-1,-1,1,1,1,-1,1,-1,1,-1,1,1,-1,1,-1,-1,-1,1,1,-1,1,-1,1,-1,1,1,-1,-1,1,-1,-1,1,1,-1,-1,-1,1,-1,1,1,1,-1,1,-1,-1,-1,-1,1,-1,1,-1,-1,1,-1,-1,1,-1,1,-1,1,1,-1,1,-1,1,-1,1,-1,1,-1,1,-1,-1,1,1,-1,1,-1,-1,-1,-1,1,-1,1,-1,1,-1,-1,1,-1,1,1,-1,-1,-1,-1,1,1,1,1,-1,-1,1,-1,-1,1,1,-1,-1,-1,-1,1,-1,1,-1,-1,1,1,-1,1,1,-1,-1,1,-1,-1,1,1,-1,-1,-1,-1,1,-1,1,-1,-1,-1,-1,-1,1,-1,-1,1,-1,-1,1,-1,1,-1,-1,-1,-1,-1,1,1,1,-1,-1,-1,1,1,1,-1,-1,-1,1,-1,-1,1,-1,-1,-1,-1,1,1,1,-1,-1,-1,-1,1,-1,1,1,-1,1,-1,-1,1,1,-1,-1,-1,-1,-1,-1,1,1,-1,-1,1,-1,1,1,-1,-1,-1,1,-1,1,1,1,-1,1,1,-1,1,1,1,-1,1,-1,1,1,1,-1,-1,1,-1,-1,1,1,1,1,-1,1,-1,1,1,1,-1,1,-1,-1,1,1,1,1,-1,1,-1,1,1,1,1,1,-1,-1,1,1,1,1,1,-1,-1,1,1,1,1,-1,-1,-1,1,-1,1,1,1,-1,1,1,1,-1,1,1,-1,-1,1,1,1,1,1,-1,1,1,1,1,1,1,-1,1,-1,1,1,1,1,-1,1,-1,1,1,1,-1,-1,1,1,1,1,1,-1,1,-1,1,1,1,-1,1,1,1,1,1,1,1,1,-1,1,1,1,1,1,-1,-1,1,-1,1,1,1,-1,1,-1,1,1,1,1,-1,-1,1,1,1,1,1,1,-1,1,-1,1,1,1,1,-1,1,-1,1,1,1,-1,-1,-1,-1,1,-1,1,-1,1,1,1,1,1,-1,-1,1,1,1,1,1,1,-1,1,-1,1,-1,1,-1,-1,-1,-1,-1,1,-1,-1,-1,1,-1,1,1,1,-1,1,1,-1,-1,1,1,1,-1,1,-1,1,1,1,-1,-1,1,-1,1,1,1,-1,-1,1,-1,1,1,1,-1,-1,1,-1,1,-1,1,1,-1,1,-1,-1,1,1,1,-1,-1,1,-1,1,1,1,-1,1,-1,-1,1,-2668.0,1,2000,445,1000,True
1704,1,1,-1,-1,1,-1,-1,-1,1,1,1,-1,1,1,1,1,-1,1,-1,-1,-1,-1,1,1,1,1,-1,-1,1,1,1,1,-1,-1,-1,-1,1,1,1,1,-1,-1,-1,1,1,1,1,-1,1,1,1,1,-1,1,-1,-1,1,-1,1,1,1,-1,-1,-1,1,1,1,1,-1,-1,-1,1,1,1,1,-1,-1,-1,1,1,1,-1,-1,-1,1,1,1,1,-1,-1,-1,1,1,1,1,-1,-1,1,1,-1,1,1,-1,-1,1,1,1,1,1,-1,-1,-1,1,-1,1,1,-1,-1,1,1,1,1,1,1,-1,-1,1,1,-1,1,1,-1,1,1,1,1,1,1,-1,1,1,1,1,1,1,-1,1,1,1,1,1,1,-1,-1,-1,1,1,1,1,-1,1,1,1,1,-1,1,-1,1,-1,1,1,1,-1,-1,1,1,1,1,1,-1,1,-1,-1,1,1,1,-1,1,1,1,1,-1,1,1,1,1,-1,1,-1,1,-1,1,1,-1,1,-1,1,1,-1,1,-1,1,-1,1,-1,1,1,-1,1,-1,1,1,1,1,-1,-1,1,1,-1,-1,1,-1,1,-1,1,1,-1,1,-1,1,-1,1,-1,-1,1,-1,-1,-1,1,1,-1,1,-1,1,1,1,-1,1,-1,-1,1,-1,1,-1,1,1,1,-1,1,1,-1,1,-1,-1,-1,-1,1,-1,1,-1,-1,-1,-1,1,-1,-1,1,1,-1,1,1,1,-1,1,1,-1,1,1,1,1,-1,1,-1,1,1,-1,1,-1,1,-1,1,-1,1,1,1,1,-1,-1,1,-1,-1,-1,1,1,-1,1,1,1,-1,1,1,1,1,1,1,1,1,-1,1,1,1,-1,-1,1,-1,1,1,1,-1,1,1,-1,-1,1,1,1,-1,1,-1,1,1,1,-1,1,1,-1,1,1,1,-1,1,1,-1,1,1,1,-1,1,1,1,-1,1,1,-1,1,1,-1,1,-1,1,-1,1,1,1,-1,1,1,1,1,1,1,-1,1,1,-1,1,1,1,-1,-1,-1,-1,1,1,1,-1,1,1,-1,1,1,-1,-1,1,1,1,1,1,-1,1,1,1,-1,1,1,1,-1,-1,1,1,1,-1,1,-1,1,-1,1,1,1,1,-1,-1,-1,1,-1,-1,1,-1,1,-1,1,1,1,1,1,1,-1,1,-1,-1,1,-1,1,-1,1,1,1,1,1,1,-1,-1,1,-1,1,1,-1,-1,1,1,1,-1,1,1,-1,-1,1,-1,1,1,-1,-1,1,1,1,1,-1,1,-1,1,-1,-1,1,-1,-1,1,1,-1,1,1,-1,-1,-1,1,-1,1,1,1,-1,-1,1,-1,-1,1,-1,-1,-1,1,-1,1,1,-1,1,-1,1,-1,-1,1,-1,-1,-1,1,-1,-1,1,-1,-1,-1,1,-1,-1,1,-1,-1,-1,-1,1,-1,1,-1,-1,-1,1,1,-1,-1,1,1,1,-1,1,-1,1,1,1,1,1,-1,-1,-1,1,-1,-1,1,1,1,-1,1,-1,1,1,1,-1,1,1,-1,-1,-1,1,-1,-1,1,-1,-1,1,1,1,-1,1,-1,-1,1,1,-1,-1,1,-1,-1,1,1,-1,-1,1,-1,-1,-1,1,1,-1,1,1,-1,-1,1,-1,-1,1,-1,1,-1,1,1,-1,-1,1,-1,-1,-1,-1,-1,1,1,1,-1,-1,1,-1,-1,1,-1,-1,1,-1,-1,1,1,-1,-1,1,1,-1,1,1,-1,1,-1,1,-1,-1,1,1,-1,-1,-1,-1,-1,1,-1,-1,1,-1,-1,-1,1,1,-1,-1,-1,-1,-1,1,-1,-1,-1,-1,-1,1,1,1,-1,-1,-1,-1,-1,1,1,-1,-1,-1,-1,-1,1,1,1,-1,-1,-1,-1,1,1,-1,-1,-1,-1,1,-1,1,1,1,-1,1,1,-1,1,1,1,-1,-1,1,1,1,1,-1,-1,1,1,1,1,-1,1,-1,-1,1,-1,1,-1,1,-1,-1,1,-1,1,1,1,-1,-1,1,-1,1,-1,1,-1,-1,1,-1,1,1,1,-1,1,-1,1,1,1,1,-1,-1,1,-1,-1,1,1,-1,-1,1,-1,1,-1,1,-1,-1,1,1,-1,1,1,-1,-1,1,1,-1,1,1,-1,-1,-1,-1,1,-1,1,-1,-1,-1,-1,1,-1,-1,-1,1,-1,-1,1,-1,1,-1,-1,-1,-1,-1,-1,1,1,-1,-1,-1,1,1,1,-1,-1,-1,1,-1,-1,1,-1,1,-1,-1,1,1,1,-1,-1,-1,-1,1,-1,1,1,-1,1,-1,-1,1,1,-1,-1,-1,-1,-1,-1,1,1,-1,-1,1,-1,1,1,-1,-1,-1,1,-1,1,1,-1,-1,1,-1,-1,1,1,1,-1,1,-1,1,1,1,-1,-1,1,-1,-1,1,-1,1,-1,1,-1,-1,1,1,-1,1,1,-1,-1,1,1,-1,1,1,-1,-1,1,1,-1,1,1,-1,-1,1,1,1,1,-1,1,-1,1,1,1,-1,1,-1,-1,1,-1,1,1,1,1,-1,-1,1,-1,1,1,1,-1,1,-1,1,1,-1,1,-1,1,1,1,1,1,1,1,-1,-1,1,1,1,-1,1,-1,1,1,1,1,1,-1,1,-1,1,1,-1,1,1,-1,1,1,-1,1,1,-1,-1,1,1,1,1,-1,1,-1,-1,1,1,-1,-1,1,-1,1,1,1,-1,1,-1,-1,-1,1,1,-1,-1,1,-1,-1,1,1,1,-1,1,-1,-1,1,1,1,-1,1,-1,-1,1,1,-1,-1,-1,1,-1,-1,1,-1,1,1,-1,1,1,-1,-1,1,-1,-1,-1,1,1,-1,1,1,-1,1,1,-1,-1,-1,-1,1,-1,-1,-1,-1,1,-1,-1,1,1,-1,1,1,-1,1,1,1,1,-1,1,-1,1,1,1,-1,-1,1,-1,-1,1,1,-1,1,1,-1,1,1,1,-1,-1,1,-1,1,1,1,1,-1,1,-1,-1,1,1,-1,-1,1,1,-1,1,-1,1,-1,1,-1,-1,1,-2668.0,1,2000,445,0,False
1705,1,1,-1,-1,1,-1,-1,-1,1,1,1,-1,1,1,1,1,-1,1,-1,-1,-1,-1,1,1,1,-1,-1,-1,1,1,1,1,1,-1,-1,-1,1,-1,1,1,-1,-1,-1,1,1,1,1,-1,1,1,1,1,-1,1,-1,-1,1,-1,1,1,-1,-1,-1,-1,1,1,1,1,-1,-1,-1,1,1,1,1,-1,-1,-1,1,1,1,-1,-1,-1,1,1,1,1,-1,1,-1,1,1,1,1,-1,-1,1,1,-1,1,1,-1,-1,1,1,1,1,1,-1,-1,1,1,1,1,1,-1,-1,1,1,1,1,1,1,-1,1,1,1,-1,1,1,-1,1,1,1,1,1,1,-1,-1,1,1,1,1,1,-1,1,1,1,1,1,1,-1,-1,-1,1,1,1,1,-1,1,1,1,1,-1,1,-1,1,-1,1,1,1,-1,-1,1,1,1,1,1,-1,1,-1,-1,1,1,1,-1,1,1,1,1,-1,1,1,1,1,-1,1,-1,1,-1,1,1,-1,1,-1,1,1,-1,1,-1,1,-1,1,-1,1,1,-1,1,-1,1,1,1,1,-1,-1,1,1,-1,-1,1,-1,1,-1,1,1,-1,1,-1,1,-1,1,-1,1,1,-1,-1,-1,1,1,-1,1,-1,1,1,1,-1,1,1,-1,1,-1,1,-1,1,-1,1,-1,1,1,-1,1,-1,-1,-1,-1,1,-1,1,-1,-1,-1,-1,1,-1,-1,1,1,-1,1,1,1,-1,1,1,-1,1,1,1,1,-1,1,-1,1,1,-1,1,-1,1,-1,1,-1,1,1,1,1,-1,-1,1,-1,-1,-1,1,1,-1,1,1,1,-1,1,1,1,1,1,1,1,1,-1,1,1,1,-1,-1,1,-1,1,1,1,-1,1,1,-1,-1,1,1,1,-1,1,-1,1,1,1,-1,1,1,-1,1,1,1,-1,1,1,-1,1,1,1,-1,1,1,1,-1,1,1,-1,1,1,-1,1,-1,1,-1,1,1,1,-1,1,1,1,-1,1,1,-1,1,1,-1,1,1,1,-1,-1,-1,-1,1,1,1,-1,1,1,-1,1,1,-1,-1,1,1,1,1,1,-1,1,1,1,-1,1,1,1,-1,-1,1,1,1,-1,1,-1,1,1,1,1,1,1,-1,-1,-1,1,-1,-1,1,-1,1,-1,1,-1,1,1,1,1,-1,1,-1,-1,1,-1,1,-1,1,1,1,1,1,1,-1,-1,1,-1,1,1,-1,-1,1,1,1,-1,1,1,-1,-1,1,-1,1,1,-1,-1,1,1,1,1,-1,1,-1,1,-1,-1,1,-1,1,-1,1,-1,1,1,-1,-1,-1,1,-1,1,1,1,-1,-1,1,-1,-1,1,-1,-1,-1,1,-1,1,1,-1,1,-1,1,1,-1,1,-1,-1,-1,-1,1,-1,1,-1,-1,-1,1,1,-1,1,-1,-1,-1,-1,1,-1,1,-1,-1,-1,-1,1,-1,-1,1,1,1,-1,1,-1,1,-1,1,1,1,-1,-1,-1,1,-1,-1,-1,1,1,-1,1,-1,1,1,1,-1,1,1,-1,-1,-1,1,-1,-1,1,-1,-1,1,1,1,-1,1,-1,-1,1,1,-1,-1,1,-1,-1,1,1,-1,-1,1,-1,-1,-1,1,1,-1,1,1,-1,-1,1,-1,-1,1,-1,1,-1,1,1,-1,-1,1,-1,-1,-1,-1,-1,1,1,1,-1,-1,1,-1,-1,1,-1,-1,1,-1,-1,1,1,-1,-1,1,-1,-1,1,1,-1,1,-1,-1,-1,-1,1,1,-1,-1,-1,-1,-1,1,-1,-1,1,-1,-1,-1,1,1,-1,-1,-1,-1,-1,1,-1,-1,-1,-1,-1,1,1,1,-1,-1,-1,-1,-1,1,1,-1,-1,-1,-1,-1,1,1,1,-1,-1,-1,-1,1,1,-1,-1,-1,-1,1,-1,1,1,1,-1,1,1,-1,1,1,1,-1,-1,1,1,1,1,1,-1,1,1,1,1,-1,1,-1,-1,1,-1,1,-1,1,-1,-1,1,-1,1,1,1,-1,-1,1,-1,1,-1,1,1,-1,1,-1,1,1,1,1,1,-1,-1,1,1,1,-1,-1,1,-1,-1,1,1,-1,-1,1,-1,1,-1,1,-1,-1,1,1,-1,1,1,-1,-1,1,1,-1,1,1,-1,-1,-1,-1,1,-1,1,-1,-1,-1,-1,1,-1,-1,-1,1,-1,-1,1,-1,1,-1,-1,-1,-1,-1,-1,1,1,-1,-1,-1,1,1,1,-1,-1,-1,1,-1,-1,1,-1,1,-1,-1,1,1,1,-1,-1,-1,-1,1,-1,1,1,-1,1,-1,-1,1,1,-1,-1,-1,-1,-1,-1,1,1,-1,-1,1,-1,1,1,-1,-1,-1,1,-1,1,1,-1,-1,1,-1,-1,1,1,1,-1,1,-1,1,1,1,-1,-1,1,-1,-1,1,-1,1,-1,1,-1,-1,1,1,-1,1,1,-1,-1,1,1,1,1,1,-1,-1,1,1,1,1,1,-1,-1,1,1,1,1,1,1,-1,-1,1,1,1,1,-1,-1,1,-1,1,1,1,1,-1,-1,1,-1,1,1,1,-1,1,1,1,1,-1,1,-1,1,1,1,1,1,1,1,-1,1,1,1,1,-1,1,-1,1,1,1,1,1,-1,1,1,1,1,-1,1,1,-1,1,1,-1,1,1,-1,-1,1,1,1,1,-1,1,-1,1,1,1,-1,-1,1,-1,1,1,1,-1,1,-1,-1,-1,1,1,-1,-1,1,-1,-1,1,1,-1,-1,1,-1,-1,1,1,1,-1,1,-1,-1,1,1,-1,-1,-1,1,-1,-1,1,-1,1,1,-1,1,1,-1,-1,1,1,-1,-1,-1,1,-1,1,1,-1,1,1,-1,-1,-1,-1,1,-1,-1,-1,-1,1,-1,-1,1,1,-1,1,1,-1,1,1,1,1,-1,1,-1,1,1,1,1,-1,1,-1,1,-1,1,1,-1,1,-1,-1,1,1,1,-1,1,-1,1,1,1,-1,-1,1,-1,-1,1,1,-1,-1,-1,1,-1,1,-1,1,-1,1,-1,-1,1,-2668.0,1,2000,445,0,False
1706,1,1,-1,-1,1,-1,1,-1,1,1,1,-1,1,1,-1,1,-1,1,-1,-1,1,1,1,1,1,-1,-1,-1,1,1,1,1,1,-1,-1,-1,1,1,1,1,-1,-1,-1,1,1,1,1,-1,1,1,1,1,-1,1,-1,-1,1,-1,1,1,1,-1,-1,1,1,1,1,1,-1,-1,1,1,1,1,1,-1,-1,-1,1,1,1,-1,-1,-1,1,1,1,1,-1,-1,-1,1,1,1,1,-1,-1,1,1,-1,1,1,-1,-1,1,1,1,1,1,-1,-1,1,1,-1,1,1,-1,-1,1,1,1,1,1,1,-1,1,1,1,-1,1,1,-1,1,1,1,1,1,1,-1,-1,1,1,1,1,1,-1,1,1,1,1,1,1,-1,-1,-1,1,1,1,1,-1,1,-1,1,1,-1,1,-1,1,-1,1,1,1,-1,-1,1,1,1,1,1,-1,1,-1,-1,1,-1,1,-1,1,1,1,1,1,1,1,1,1,-1,1,-1,1,-1,1,1,-1,1,-1,1,1,-1,1,-1,1,-1,1,-1,1,1,-1,1,-1,1,1,1,1,-1,-1,1,1,-1,-1,1,-1,1,-1,1,1,-1,1,-1,1,-1,1,-1,-1,1,-1,-1,-1,1,1,-1,1,-1,1,1,1,-1,1,1,-1,-1,-1,1,-1,1,-1,1,-1,1,1,-1,1,-1,-1,-1,1,1,-1,1,-1,-1,-1,1,1,-1,-1,1,1,-1,-1,1,1,-1,1,1,-1,1,1,1,1,-1,1,-1,1,1,-1,1,-1,1,-1,1,1,1,1,1,1,-1,-1,1,-1,-1,-1,1,1,-1,1,1,1,-1,1,1,1,1,1,1,-1,1,-1,1,1,1,-1,-1,1,-1,1,1,1,-1,1,1,-1,-1,1,1,1,-1,1,-1,1,1,1,-1,1,1,-1,1,1,1,-1,1,1,-1,1,1,1,-1,1,1,-1,-1,1,1,-1,1,1,-1,1,-1,1,-1,1,1,1,-1,1,1,1,-1,1,1,-1,1,1,-1,1,1,1,-1,-1,-1,-1,1,1,1,-1,1,1,-1,1,1,-1,-1,1,1,1,1,1,-1,1,1,1,-1,1,1,1,-1,-1,1,1,1,-1,1,-1,1,1,1,1,1,1,-1,-1,-1,1,-1,-1,1,-1,1,-1,1,-1,1,1,1,-1,-1,1,-1,-1,1,-1,1,-1,1,1,1,1,1,1,-1,-1,1,-1,1,1,-1,-1,1,1,1,-1,1,-1,-1,-1,1,-1,1,1,-1,-1,1,1,1,1,-1,1,-1,1,-1,1,1,-1,-1,-1,1,-1,1,1,-1,-1,-1,1,-1,1,1,1,-1,-1,1,-1,-1,1,-1,-1,-1,1,-1,1,1,1,-1,-1,1,1,-1,1,-1,-1,-1,-1,1,-1,1,-1,-1,-1,1,-1,-1,1,-1,-1,-1,-1,1,-1,1,-1,-1,1,-1,1,-1,-1,1,1,1,-1,1,-1,1,1,1,-1,1,-1,-1,-1,1,-1,-1,1,1,-1,1,1,-1,1,1,1,-1,1,1,-1,1,-1,1,-1,-1,1,-1,-1,1,1,-1,-1,1,-1,-1,1,1,1,-1,1,-1,-1,1,1,-1,-1,1,-1,-1,-1,1,1,-1,1,1,-1,-1,1,1,-1,1,-1,1,-1,1,1,-1,-1,1,-1,-1,-1,-1,-1,1,1,1,-1,-1,1,-1,-1,1,-1,-1,1,-1,-1,1,1,-1,-1,1,1,-1,1,1,-1,1,-1,1,-1,-1,1,1,-1,-1,-1,-1,1,1,-1,-1,1,-1,-1,-1,1,1,-1,-1,-1,-1,-1,1,-1,-1,-1,-1,-1,1,1,1,-1,-1,-1,-1,-1,1,1,-1,-1,-1,-1,-1,1,1,1,-1,-1,-1,-1,1,1,-1,-1,-1,-1,1,1,1,1,1,-1,1,1,1,1,1,1,-1,-1,1,1,1,-1,-1,-1,1,1,1,1,-1,1,-1,-1,1,-1,1,-1,1,-1,-1,1,-1,1,-1,1,-1,-1,1,-1,1,-1,1,-1,-1,1,-1,1,1,1,-1,-1,1,-1,1,1,1,-1,-1,1,1,-1,1,1,-1,-1,1,-1,1,-1,1,-1,-1,-1,-1,-1,1,1,-1,-1,1,-1,-1,1,1,-1,-1,-1,-1,-1,-1,1,-1,-1,-1,-1,1,1,-1,-1,1,-1,-1,1,-1,1,-1,-1,-1,-1,-1,1,1,1,-1,-1,-1,1,1,1,-1,-1,-1,1,-1,-1,1,-1,1,-1,-1,1,1,1,-1,-1,-1,-1,1,-1,1,1,-1,1,-1,-1,1,1,-1,-1,-1,-1,-1,-1,1,1,-1,-1,1,-1,1,1,-1,-1,-1,1,-1,1,1,-1,-1,1,-1,-1,1,1,1,-1,1,-1,1,1,1,-1,-1,1,-1,-1,1,1,1,-1,1,-1,-1,1,1,-1,1,1,-1,-1,1,1,-1,1,1,-1,-1,1,1,1,1,1,-1,-1,1,1,1,1,-1,1,-1,-1,1,1,1,1,-1,-1,1,-1,1,1,1,1,-1,-1,1,-1,1,1,1,-1,1,1,1,1,-1,1,-1,1,1,1,1,1,1,1,-1,1,1,1,1,-1,1,-1,1,1,1,1,1,-1,1,1,1,1,-1,1,1,-1,1,1,-1,1,1,-1,-1,1,1,1,1,-1,1,-1,1,1,1,-1,-1,1,-1,1,1,1,-1,1,-1,-1,-1,1,1,-1,-1,1,-1,-1,1,1,1,-1,1,-1,-1,1,1,1,-1,1,-1,-1,1,1,-1,-1,-1,1,-1,-1,1,-1,1,1,-1,1,1,-1,-1,1,1,-1,-1,1,1,-1,1,1,-1,1,1,-1,-1,1,-1,1,-1,-1,-1,-1,1,-1,-1,1,1,-1,1,1,-1,1,1,1,1,-1,1,-1,1,1,1,1,-1,1,-1,1,-1,1,1,-1,1,-1,-1,1,1,1,-1,1,-1,1,1,-1,-1,-1,1,-1,-1,1,1,-1,-1,-1,1,-1,1,-1,1,-1,1,-1,-1,1,-2668.0,1,2000,445,0,False
1707,1,1,-1,-1,1,-1,-1,-1,1,1,1,-1,1,1,1,1,-1,1,-1,-1,1,-1,1,1,1,-1,1,-1,1,1,1,1,-1,-1,-1,-1,1,1,1,-1,-1,-1,-1,1,1,1,1,-1,1,1,1,1,-1,1,-1,-1,1,-1,1,1,1,-1,-1,-1,1,1,1,1,-1,-1,-1,1,1,1,1,-1,-1,-1,1,1,1,-1,-1,-1,1,1,1,1,-1,-1,-1,1,1,1,1,-1,-1,1,1,-1,1,1,-1,-1,1,1,1,1,1,-1,-1,1,1,1,1,1,-1,-1,1,1,1,1,1,1,-1,1,1,1,-1,1,1,-1,1,1,1,1,1,1,-1,-1,1,1,1,1,1,-1,1,1,1,1,1,1,-1,-1,-1,1,1,1,1,-1,1,1,1,1,-1,1,-1,1,1,1,1,1,-1,-1,1,1,1,1,1,-1,1,-1,-1,1,1,1,-1,1,1,1,1,-1,1,1,1,1,-1,1,-1,1,-1,1,1,-1,1,-1,1,1,-1,1,-1,1,-1,1,-1,1,1,-1,1,-1,1,1,1,1,-1,-1,1,1,-1,-1,1,-1,1,-1,-1,1,-1,1,-1,1,-1,1,-1,1,1,-1,-1,-1,1,1,-1,1,-1,1,1,1,-1,1,1,-1,1,-1,1,-1,1,-1,1,-1,1,1,-1,1,-1,-1,-1,1,1,-1,1,-1,-1,-1,1,1,-1,-1,1,1,-1,-1,1,1,-1,1,1,-1,1,1,1,1,-1,1,-1,1,1,-1,1,-1,1,1,-1,1,1,1,1,1,-1,-1,1,-1,-1,1,1,1,-1,1,1,1,-1,1,-1,-1,1,1,1,1,1,-1,1,1,1,-1,1,1,-1,1,1,1,-1,1,1,-1,-1,1,1,1,-1,1,-1,1,1,1,-1,1,1,-1,1,1,1,-1,1,-1,-1,1,1,1,-1,1,-1,-1,-1,1,1,-1,1,-1,-1,1,-1,1,-1,1,1,-1,-1,1,1,1,-1,1,-1,-1,1,1,-1,1,-1,-1,-1,-1,-1,-1,1,-1,-1,-1,1,1,-1,1,-1,1,-1,1,1,1,1,-1,-1,1,1,1,-1,1,-1,-1,-1,-1,1,1,1,1,-1,-1,1,1,1,1,-1,-1,1,-1,-1,1,-1,1,-1,-1,1,-1,1,1,-1,-1,1,1,-1,1,-1,1,-1,-1,1,-1,1,1,-1,-1,-1,1,-1,-1,1,1,-1,-1,1,-1,1,1,-1,1,-1,1,-1,-1,1,1,-1,-1,1,-1,1,1,-1,-1,1,1,-1,1,-1,1,-1,1,-1,1,1,-1,1,-1,1,-1,-1,1,-1,-1,-1,1,-1,-1,1,1,1,-1,1,-1,-1,1,-1,-1,1,-1,1,-1,1,-1,1,-1,1,1,-1,1,-1,1,-1,1,-1,-1,1,-1,1,1,1,1,-1,-1,1,1,-1,1,1,-1,1,1,1,1,-1,1,1,-1,1,1,1,1,1,1,1,-1,-1,-1,1,-1,1,1,-1,1,-1,1,-1,1,-1,-1,-1,1,1,-1,1,1,-1,-1,1,1,-1,1,1,-1,1,-1,1,-1,-1,-1,-1,-1,-1,1,-1,-1,-1,-1,-1,-1,1,-1,1,1,1,1,-1,1,-1,1,1,-1,-1,-1,1,-1,-1,1,-1,1,-1,-1,1,1,1,1,-1,-1,-1,1,1,1,-1,1,-1,1,1,1,1,-1,-1,-1,1,1,1,1,-1,-1,-1,1,-1,1,-1,1,1,-1,-1,1,1,1,-1,-1,-1,1,1,1,1,1,-1,-1,-1,1,1,1,1,-1,-1,-1,1,-1,1,-1,-1,-1,1,1,1,1,1,-1,-1,-1,1,1,1,1,-1,-1,-1,1,1,-1,1,-1,-1,-1,1,1,1,1,-1,-1,1,1,1,1,-1,-1,1,1,-1,1,1,-1,-1,-1,1,1,1,1,1,-1,1,1,1,1,1,-1,-1,-1,1,-1,1,-1,-1,-1,-1,1,-1,1,1,-1,-1,-1,1,-1,1,1,-1,-1,-1,1,1,1,1,-1,-1,1,-1,-1,1,1,-1,-1,-1,1,1,-1,-1,-1,-1,-1,1,-1,1,-1,-1,-1,-1,-1,-1,-1,1,-1,-1,-1,1,-1,-1,1,-1,-1,-1,-1,-1,1,1,-1,-1,-1,-1,-1,1,-1,-1,-1,1,-1,-1,1,-1,1,-1,-1,-1,-1,-1,-1,-1,1,-1,-1,-1,1,1,-1,-1,-1,1,-1,-1,-1,-1,-1,1,-1,-1,1,1,1,-1,-1,-1,-1,1,-1,1,1,-1,1,-1,-1,1,1,-1,-1,-1,-1,-1,-1,1,1,-1,-1,1,-1,1,1,1,-1,-1,1,-1,1,1,-1,-1,1,-1,-1,1,1,1,-1,1,-1,1,1,1,-1,-1,1,-1,-1,1,-1,1,-1,1,-1,-1,1,1,-1,1,1,-1,-1,1,1,1,1,1,-1,-1,1,1,-1,1,1,-1,-1,1,1,1,1,1,1,-1,-1,1,1,-1,1,-1,-1,1,-1,1,1,1,1,-1,-1,1,-1,1,1,1,-1,1,-1,1,1,-1,1,-1,1,1,1,1,1,1,1,-1,-1,1,1,1,-1,1,-1,1,1,1,1,1,-1,1,-1,1,1,-1,1,1,-1,1,1,-1,1,1,-1,-1,1,1,1,1,-1,1,-1,-1,1,1,-1,-1,1,-1,1,1,1,-1,1,-1,-1,-1,1,1,-1,-1,1,-1,-1,1,1,-1,-1,1,-1,-1,1,1,1,1,-1,-1,-1,1,1,-1,-1,-1,1,-1,-1,1,-1,1,1,-1,1,1,-1,-1,1,-1,-1,-1,1,1,-1,1,1,-1,1,1,-1,-1,-1,-1,1,-1,-1,-1,-1,-1,-1,-1,1,1,-1,1,1,-1,1,1,1,1,-1,1,-1,1,1,1,1,-1,1,-1,-1,1,1,1,-1,1,-1,1,1,1,1,-1,1,-1,1,1,-1,-1,-1,1,-1,-1,1,1,-1,-1,-1,1,-1,1,-1,1,-1,1,-1,-1,1,-2668.0,1,2000,445,0,False
1708,-1,-1,1,1,1,1,-1,1,-1,-1,-1,1,-1,1,-1,-1,1,-1,1,1,1,-1,-1,-1,-1,1,-1,-1,-1,-1,-1,-1,1,1,-1,-1,1,-1,-1,-1,1,-1,-1,-1,-1,-1,-1,-1,1,1,-1,-1,1,-1,1,-1,-1,1,-1,-1,-1,1,1,1,-1,-1,-1,-1,-1,-1,-1,1,-1,-1,-1,-1,1,-1,1,-1,-1,1,1,-1,1,-1,-1,-1,-1,1,-1,-1,-1,-1,-1,-1,-1,1,1,1,-1,-1,-1,-1,1,1,-1,-1,-1,-1,-1,1,1,1,-1,-1,-1,-1,1,1,-1,-1,-1,-1,-1,1,1,-1,1,-1,-1,-1,1,1,-1,1,-1,-1,-1,1,1,-1,1,-1,-1,-1,-1,1,1,-1,-1,-1,-1,1,-1,1,-1,1,-1,-1,1,1,1,1,-1,-1,-1,1,-1,1,-1,-1,-1,-1,1,1,-1,1,-1,-1,1,-1,-1,1,-1,-1,-1,1,1,1,1,1,-1,-1,1,1,-1,1,1,-1,-1,1,1,-1,1,1,-1,-1,-1,1,-1,1,1,-1,-1,1,1,-1,1,1,-1,1,1,1,-1,-1,1,1,-1,-1,1,-1,1,1,-1,1,-1,1,-1,1,1,-1,1,1,1,-1,-1,1,-1,-1,1,1,-1,1,-1,-1,1,1,1,-1,1,1,-1,1,1,-1,1,-1,-1,-1,1,1,-1,-1,1,-1,-1,1,1,-1,-1,-1,1,-1,1,-1,1,1,-1,1,-1,1,1,1,1,-1,-1,-1,-1,1,-1,1,-1,-1,-1,1,1,-1,1,1,-1,-1,-1,1,1,1,-1,-1,-1,1,1,-1,1,1,-1,-1,1,1,-1,1,-1,1,-1,1,1,1,1,-1,-1,-1,1,-1,1,1,-1,-1,1,-1,-1,1,1,-1,1,1,1,1,-1,1,-1,1,1,1,-1,1,1,-1,-1,1,1,-1,1,-1,-1,-1,1,1,-1,1,-1,-1,1,-1,1,-1,1,-1,-1,1,-1,1,-1,1,1,-1,1,-1,1,1,-1,1,-1,-1,1,1,-1,1,-1,-1,1,1,-1,-1,1,-1,-1,1,-1,1,-1,1,-1,1,1,-1,1,1,1,-1,1,1,-1,1,-1,1,-1,-1,1,-1,1,1,1,1,-1,1,1,1,1,1,-1,-1,1,-1,-1,1,-1,1,-1,-1,1,-1,1,-1,-1,-1,-1,1,-1,1,-1,1,-1,1,-1,-1,1,1,-1,-1,-1,1,-1,-1,1,1,-1,-1,1,-1,1,1,-1,1,-1,1,-1,-1,1,1,-1,-1,-1,-1,1,1,-1,1,-1,1,-1,1,-1,1,-1,-1,1,-1,1,-1,1,-1,-1,-1,-1,1,-1,-1,-1,-1,-1,-1,1,-1,1,-1,1,-1,-1,1,-1,-1,1,-1,-1,-1,1,-1,1,-1,1,-1,-1,-1,-1,1,-1,1,-1,-1,1,-1,1,1,1,-1,-1,-1,1,1,-1,1,-1,-1,-1,1,1,1,-1,1,1,-1,1,1,1,1,1,-1,1,-1,-1,-1,1,-1,1,1,-1,1,-1,1,-1,1,-1,-1,-1,1,1,-1,1,1,-1,1,-1,1,-1,1,1,-1,1,-1,1,-1,-1,-1,-1,1,-1,1,-1,-1,-1,-1,1,-1,1,-1,1,1,1,1,-1,1,-1,1,1,-1,1,-1,1,-1,-1,1,-1,1,-1,-1,1,1,1,1,1,-1,1,1,1,1,-1,1,-1,-1,1,1,1,-1,-1,-1,1,1,1,1,-1,-1,-1,1,-1,1,-1,1,1,-1,-1,1,1,1,-1,1,-1,-1,1,1,1,1,1,1,-1,1,1,1,1,-1,1,-1,1,-1,1,-1,1,1,-1,1,1,1,1,1,1,-1,1,-1,1,1,1,1,-1,1,1,-1,1,1,1,-1,1,1,1,1,1,1,-1,1,1,-1,-1,1,-1,-1,1,1,1,-1,1,-1,-1,1,-1,-1,1,1,-1,-1,1,-1,1,-1,1,1,-1,1,-1,1,-1,1,-1,-1,1,-1,1,-1,1,1,-1,1,-1,1,-1,1,1,-1,1,-1,1,-1,1,1,-1,1,1,1,1,1,-1,1,1,-1,1,1,1,1,-1,1,-1,1,-1,1,1,-1,1,1,-1,1,1,1,-1,1,1,-1,1,1,1,1,1,-1,-1,1,1,1,1,1,-1,1,-1,1,1,1,1,1,-1,1,1,1,1,1,1,-1,1,1,1,1,1,1,1,1,1,1,1,1,1,-1,1,1,-1,1,1,-1,1,1,1,1,1,1,1,-1,1,1,1,1,1,-1,1,1,1,1,1,1,-1,-1,1,-1,1,1,1,-1,1,1,1,1,1,-1,-1,1,1,1,1,1,1,-1,1,1,-1,1,1,-1,1,1,1,1,1,1,-1,-1,1,1,1,1,-1,1,-1,1,1,1,1,-1,-1,-1,1,1,1,1,-1,1,-1,1,1,1,1,1,-1,-1,1,1,-1,1,1,-1,-1,-1,1,-1,1,-1,-1,-1,1,-1,-1,1,1,-1,-1,-1,1,-1,1,1,-1,-1,1,1,-1,1,1,-1,1,1,1,-1,1,1,-1,1,-1,1,1,1,1,-1,1,-1,1,1,1,-1,1,-1,1,1,1,1,-1,-1,1,-1,1,1,-1,1,1,-1,-1,1,-1,1,1,-1,1,-1,1,-1,1,-1,-1,1,-1,1,-1,1,-1,1,-1,-1,-1,1,1,-1,-1,1,-1,-1,-1,1,-1,-1,1,-1,-1,-1,1,1,-1,-1,-1,-1,1,-1,-1,-1,-1,1,-1,1,-1,-1,1,1,-1,1,1,-1,-1,1,1,-1,-1,-1,1,-1,1,1,-1,1,-1,1,-1,-1,-1,1,-1,-1,-1,-1,-1,1,-1,1,1,-1,1,1,-1,1,1,-1,-1,-1,1,-1,1,1,1,1,-1,1,-1,1,1,1,-1,-1,1,-1,-1,1,1,-1,-1,1,-1,1,1,-1,-1,-1,1,-1,-1,1,1,-1,-1,-1,1,-1,1,-1,1,-1,1,-1,-1,1,-2668.0,1,2000,445,1500,True
1709,1,1,-1,-1,1,1,-1,-1,1,1,1,-1,1,1,1,1,-1,1,-1,-1,-1,1,1,1,1,-1,-1,-1,1,1,1,1,1,-1,-1,-1,1,1,1,1,-1,-1,-1,1,1,1,1,-1,1,1,1,1,-1,1,-1,-1,1,-1,1,1,1,-1,-1,1,1,1,1,1,-1,-1,1,1,1,1,1,-1,-1,-1,1,1,1,-1,-1,-1,1,1,1,1,-1,-1,-1,1,1,1,1,-1,-1,1,1,-1,1,1,-1,-1,1,1,1,1,1,-1,-1,-1,1,1,1,1,-1,-1,1,1,1,1,1,1,-1,-1,1,1,-1,1,1,-1,1,1,1,1,1,1,-1,1,1,1,1,1,1,-1,1,1,1,1,1,1,-1,-1,-1,1,1,1,1,-1,1,1,1,1,-1,1,-1,1,-1,1,1,1,-1,-1,1,1,1,1,1,-1,1,-1,-1,1,-1,1,-1,1,1,1,1,1,1,1,1,1,-1,1,-1,1,-1,1,1,-1,1,-1,1,1,-1,1,-1,1,-1,1,-1,1,1,-1,1,-1,1,1,1,1,-1,-1,1,1,-1,-1,1,-1,1,-1,-1,1,1,1,-1,1,-1,1,-1,1,1,-1,1,-1,1,1,-1,1,-1,1,1,1,-1,1,1,-1,-1,-1,1,-1,1,-1,1,-1,1,1,-1,1,-1,-1,-1,1,1,-1,1,-1,-1,-1,1,1,-1,-1,1,1,-1,-1,1,1,-1,1,1,-1,1,1,1,1,-1,1,-1,1,1,-1,1,-1,1,-1,1,1,1,-1,-1,1,-1,-1,1,-1,-1,-1,1,1,-1,1,1,1,-1,1,1,1,1,1,1,1,1,-1,1,1,1,1,-1,1,-1,1,1,1,-1,1,1,-1,-1,1,1,1,-1,1,-1,1,1,1,-1,1,1,-1,1,1,1,-1,1,1,-1,1,1,1,1,1,1,-1,-1,1,1,-1,1,1,-1,1,-1,1,-1,1,1,1,-1,1,1,1,-1,1,1,-1,1,1,-1,1,1,1,-1,-1,-1,-1,1,1,1,-1,1,1,-1,1,1,-1,-1,1,1,1,1,1,-1,1,1,1,-1,1,1,1,1,-1,1,1,1,-1,1,-1,1,1,1,1,1,1,-1,-1,-1,1,-1,-1,1,1,-1,1,1,1,1,1,1,1,-1,1,-1,-1,1,-1,1,-1,1,1,-1,1,1,1,-1,-1,1,-1,1,1,1,-1,1,1,1,-1,1,1,-1,-1,1,-1,1,1,1,-1,1,1,1,1,1,1,-1,1,-1,1,1,1,-1,1,1,-1,1,1,1,-1,-1,1,-1,1,1,1,-1,-1,1,-1,-1,1,1,-1,-1,1,-1,1,1,1,1,-1,1,-1,-1,1,1,1,-1,1,-1,-1,1,1,-1,-1,1,-1,-1,1,-1,1,-1,-1,1,-1,1,-1,1,-1,1,1,-1,-1,1,1,1,-1,1,-1,1,-1,-1,-1,1,-1,-1,-1,1,-1,-1,1,1,-1,1,1,-1,1,1,1,-1,1,1,-1,-1,-1,1,-1,-1,1,-1,-1,1,1,-1,-1,1,-1,-1,1,1,1,-1,1,-1,-1,1,1,-1,-1,1,-1,-1,-1,1,1,-1,1,1,-1,-1,1,-1,-1,1,-1,1,-1,1,1,-1,-1,1,-1,-1,-1,-1,-1,1,1,1,-1,-1,1,-1,-1,1,-1,-1,1,-1,-1,-1,1,-1,-1,1,-1,-1,1,1,-1,1,-1,-1,-1,-1,1,1,-1,-1,-1,-1,1,1,-1,-1,1,-1,-1,-1,1,1,-1,-1,-1,-1,-1,1,-1,-1,-1,-1,-1,1,1,1,-1,-1,-1,-1,-1,1,1,-1,-1,-1,-1,-1,1,1,1,-1,-1,-1,-1,1,1,-1,-1,-1,-1,1,1,1,1,-1,-1,1,1,1,1,1,-1,-1,-1,1,1,1,-1,1,-1,1,1,1,1,-1,1,-1,-1,1,-1,1,-1,1,-1,-1,1,-1,1,-1,-1,-1,-1,1,-1,1,-1,1,-1,-1,1,-1,1,-1,1,-1,-1,1,-1,1,-1,-1,-1,-1,1,1,-1,-1,-1,-1,-1,1,-1,1,-1,-1,-1,-1,-1,-1,-1,1,-1,-1,-1,1,-1,-1,1,-1,-1,-1,-1,-1,1,1,-1,-1,-1,-1,-1,1,-1,-1,-1,1,-1,-1,1,-1,1,-1,-1,-1,-1,-1,-1,-1,1,-1,-1,-1,1,1,-1,-1,-1,1,-1,-1,-1,-1,-1,1,-1,-1,1,-1,1,-1,-1,-1,-1,1,-1,1,1,-1,1,-1,-1,1,1,-1,-1,-1,-1,-1,-1,1,1,-1,-1,1,-1,1,1,-1,-1,-1,1,-1,1,1,-1,-1,1,-1,-1,1,1,1,-1,1,-1,1,1,1,-1,-1,1,-1,-1,1,1,1,-1,1,-1,-1,1,1,-1,1,1,-1,-1,1,1,1,1,1,-1,-1,1,1,1,1,1,-1,-1,1,1,1,1,-1,1,-1,-1,1,1,-1,1,-1,-1,1,-1,1,1,1,1,-1,-1,1,-1,1,-1,1,-1,1,-1,1,1,-1,1,-1,1,1,1,1,1,1,1,-1,-1,1,1,1,-1,1,-1,1,1,1,1,1,-1,1,-1,1,1,-1,-1,1,-1,1,1,-1,1,1,-1,-1,1,1,1,-1,1,1,-1,-1,1,1,-1,-1,1,-1,1,1,1,-1,1,-1,-1,-1,1,1,-1,-1,1,-1,-1,1,1,-1,-1,1,-1,-1,1,1,1,1,-1,-1,-1,1,1,-1,-1,-1,1,-1,1,1,-1,1,1,-1,1,1,-1,-1,1,-1,-1,-1,1,1,-1,1,1,-1,1,1,-1,-1,-1,-1,1,-1,-1,-1,-1,1,-1,-1,1,1,-1,1,1,-1,1,1,1,1,-1,1,-1,1,1,1,-1,-1,1,-1,-1,1,1,-1,-1,1,-1,1,1,1,-1,-1,1,-1,1,1,1,1,-1,1,-1,-1,1,1,-1,-1,-1,1,-1,1,-1,1,-1,1,-1,-1,1,-2668.0,1,2000,445,0,False
1710,1,1,-1,-1,1,-1,-1,-1,1,1,1,-1,1,1,1,1,-1,1,-1,-1,-1,1,1,1,1,-1,-1,-1,1,1,1,1,-1,-1,-1,-1,1,1,1,1,-1,-1,-1,1,1,1,1,-1,1,1,1,1,-1,1,-1,-1,1,-1,1,1,1,-1,-1,1,1,1,1,1,-1,-1,1,1,1,1,1,-1,-1,-1,1,1,1,-1,-1,-1,1,1,1,1,-1,-1,1,1,1,1,1,-1,-1,-1,1,-1,1,1,-1,-1,1,1,1,1,1,-1,-1,-1,1,-1,1,1,-1,-1,1,1,1,1,1,1,-1,-1,1,1,-1,1,1,-1,1,1,1,1,1,1,-1,1,1,1,1,1,1,-1,1,1,1,1,1,1,-1,-1,-1,1,1,1,1,-1,1,-1,1,1,-1,1,-1,1,-1,1,1,1,-1,-1,1,1,1,1,1,-1,1,-1,-1,1,-1,1,-1,1,1,1,1,1,1,1,1,1,-1,1,-1,1,-1,1,1,-1,1,-1,1,1,-1,1,-1,1,-1,1,-1,1,1,-1,1,-1,1,1,1,1,-1,-1,1,1,-1,-1,1,-1,1,-1,-1,1,-1,1,-1,1,-1,1,-1,1,1,-1,-1,-1,1,1,-1,1,-1,1,1,1,-1,1,1,-1,1,-1,1,-1,1,-1,1,-1,1,1,-1,1,-1,-1,-1,1,1,-1,1,-1,1,-1,1,1,-1,-1,1,1,-1,-1,1,1,-1,1,1,-1,1,1,1,1,-1,1,-1,1,1,-1,1,-1,1,1,-1,1,1,1,1,1,-1,-1,1,-1,-1,-1,-1,1,-1,1,1,1,-1,1,-1,-1,1,1,1,-1,1,-1,1,1,1,-1,1,1,-1,1,1,1,-1,1,1,-1,-1,1,1,1,-1,1,-1,1,1,1,-1,1,1,-1,1,1,1,-1,1,-1,-1,1,1,1,-1,1,-1,-1,-1,1,1,-1,1,-1,-1,1,-1,1,-1,1,1,-1,-1,1,1,1,-1,1,-1,-1,1,1,-1,1,-1,-1,-1,-1,-1,-1,1,1,-1,-1,1,1,-1,1,-1,1,-1,1,1,1,1,-1,-1,1,1,1,-1,1,-1,-1,-1,-1,1,1,1,1,-1,-1,1,1,1,1,-1,-1,1,-1,-1,1,-1,1,-1,-1,1,-1,1,1,-1,-1,1,1,-1,1,-1,1,-1,-1,1,-1,1,1,-1,-1,-1,1,-1,-1,1,1,-1,-1,1,-1,1,1,-1,1,-1,1,-1,-1,1,1,-1,-1,1,-1,1,1,-1,-1,1,1,-1,1,-1,1,-1,1,-1,-1,1,-1,1,-1,1,-1,-1,1,-1,-1,-1,1,-1,-1,1,-1,1,-1,1,-1,-1,1,-1,-1,1,-1,1,-1,1,-1,1,-1,1,1,-1,-1,-1,1,-1,1,-1,-1,1,-1,1,1,1,1,-1,-1,1,1,-1,1,1,-1,-1,1,1,1,-1,1,1,-1,1,1,1,1,1,-1,1,-1,-1,1,-1,1,-1,1,1,-1,1,1,-1,1,-1,-1,-1,1,1,-1,1,1,-1,-1,-1,1,-1,1,1,-1,-1,-1,1,-1,-1,-1,-1,1,-1,1,-1,-1,-1,-1,-1,-1,1,-1,1,1,1,1,-1,1,-1,1,1,-1,-1,-1,1,-1,-1,1,-1,1,-1,-1,1,1,1,1,-1,-1,1,1,1,1,-1,1,-1,-1,1,1,1,-1,-1,-1,1,1,1,1,-1,1,-1,1,-1,1,-1,1,1,-1,-1,1,1,1,-1,-1,-1,-1,1,1,1,1,-1,-1,-1,1,1,1,1,-1,-1,-1,1,-1,1,-1,-1,-1,1,1,1,1,1,-1,-1,-1,1,1,1,1,-1,-1,-1,1,1,-1,1,-1,-1,-1,1,1,1,1,-1,-1,1,1,1,1,-1,-1,1,1,-1,1,1,-1,-1,-1,1,1,1,1,1,-1,1,1,1,1,1,-1,-1,-1,1,-1,1,-1,-1,-1,-1,1,-1,1,1,-1,-1,-1,1,-1,1,1,-1,-1,-1,1,1,1,1,-1,-1,-1,1,-1,1,1,-1,-1,-1,1,1,-1,-1,-1,-1,-1,1,-1,1,-1,-1,-1,-1,-1,-1,-1,1,-1,-1,-1,1,-1,-1,1,-1,-1,-1,-1,-1,-1,1,-1,-1,-1,-1,-1,1,-1,-1,-1,1,-1,-1,1,-1,1,-1,-1,-1,-1,-1,-1,-1,1,-1,-1,-1,1,1,1,-1,-1,1,-1,-1,-1,-1,-1,1,-1,-1,1,1,1,-1,-1,-1,-1,1,-1,1,1,-1,1,-1,-1,1,1,-1,-1,-1,-1,-1,-1,1,1,-1,-1,1,-1,1,1,-1,-1,-1,1,-1,1,1,-1,-1,1,-1,-1,1,1,1,-1,1,-1,1,1,1,-1,-1,1,-1,-1,1,1,1,-1,1,-1,-1,1,1,-1,1,1,-1,-1,1,1,-1,1,1,-1,-1,1,1,-1,1,1,-1,-1,1,1,1,1,1,1,-1,-1,1,1,1,1,-1,-1,1,-1,1,1,1,1,-1,-1,1,-1,1,1,1,-1,1,1,1,1,-1,1,-1,1,1,1,1,1,1,1,-1,1,1,1,1,-1,1,-1,1,1,1,1,1,-1,1,1,1,1,-1,1,1,-1,1,1,-1,1,1,-1,-1,1,1,1,1,-1,1,-1,1,1,1,-1,-1,1,-1,1,1,1,-1,1,-1,-1,-1,1,1,-1,-1,1,-1,-1,1,1,-1,-1,1,-1,-1,1,1,1,-1,1,-1,-1,1,1,-1,-1,-1,1,-1,-1,1,-1,1,1,-1,1,1,-1,-1,1,-1,-1,-1,1,1,-1,1,1,-1,1,1,-1,-1,-1,-1,1,-1,-1,-1,-1,1,-1,-1,1,1,-1,1,1,-1,1,1,1,1,-1,1,-1,1,1,1,-1,-1,1,-1,-1,1,1,-1,-1,1,-1,1,1,1,-1,-1,1,-1,1,1,1,1,-1,1,-1,-1,1,1,1,-1,-1,1,-1,1,-1,1,-1,1,-1,-1,1,-2668.0,1,2000,445,0,False
1711,1,1,-1,-1,1,-1,-1,-1,1,1,1,-1,1,1,1,1,-1,1,-1,-1,-1,1,1,1,1,-1,-1,-1,1,1,1,1,1,-1,-1,-1,1,1,1,1,-1,-1,-1,1,1,1,1,-1,1,1,1,1,-1,1,-1,-1,1,-1,1,1,-1,-1,-1,1,1,1,1,1,-1,-1,1,1,1,1,1,-1,-1,-1,1,1,1,-1,-1,-1,1,1,1,1,-1,-1,-1,1,1,1,1,-1,-1,1,1,-1,1,1,-1,-1,1,1,1,1,1,-1,-1,-1,1,1,1,1,-1,-1,1,1,1,1,1,1,-1,-1,1,1,-1,1,1,-1,1,1,1,1,1,1,-1,1,1,1,1,1,1,-1,1,1,1,1,1,1,-1,-1,-1,1,1,1,1,-1,1,1,1,1,-1,1,-1,1,-1,1,1,1,-1,-1,1,1,1,1,1,-1,1,-1,-1,1,-1,1,-1,1,1,1,1,1,1,1,1,1,-1,1,-1,1,-1,1,1,-1,1,-1,1,1,-1,1,-1,1,-1,1,-1,1,1,-1,1,-1,1,1,1,1,-1,-1,1,1,-1,-1,1,-1,1,-1,-1,1,-1,1,-1,1,-1,1,-1,1,1,-1,-1,-1,1,1,-1,1,-1,1,1,1,-1,1,1,-1,1,-1,1,-1,1,-1,1,-1,1,1,-1,1,-1,-1,-1,1,1,-1,1,-1,-1,-1,1,1,-1,-1,1,1,-1,-1,1,1,-1,1,1,-1,1,1,1,1,-1,1,-1,1,1,-1,1,-1,1,-1,1,1,1,1,1,1,-1,-1,1,-1,-1,-1,1,1,-1,1,1,1,-1,1,1,1,1,1,1,-1,1,-1,1,1,1,-1,1,1,-1,1,1,1,-1,1,1,-1,-1,1,1,1,-1,1,-1,1,1,1,-1,1,1,-1,1,1,1,-1,1,1,-1,1,1,1,-1,1,1,-1,-1,1,1,-1,1,1,-1,1,-1,1,-1,1,1,1,-1,1,1,1,-1,1,1,-1,1,1,-1,1,1,1,-1,-1,-1,-1,1,1,1,-1,1,1,-1,1,1,-1,-1,1,1,1,1,1,-1,1,1,1,-1,1,1,1,1,-1,1,1,1,-1,1,-1,1,1,1,1,1,1,-1,-1,-1,1,-1,-1,1,-1,1,-1,1,-1,1,1,1,-1,-1,1,-1,-1,1,-1,1,-1,1,1,-1,1,1,1,-1,-1,1,-1,1,1,-1,-1,1,1,1,-1,1,-1,-1,-1,1,-1,1,1,-1,-1,1,1,1,1,-1,1,-1,1,-1,-1,1,-1,-1,-1,1,-1,1,1,-1,-1,-1,1,-1,1,1,1,-1,-1,1,-1,-1,1,-1,-1,-1,1,-1,1,1,1,-1,-1,1,1,-1,1,-1,-1,-1,-1,1,-1,1,-1,-1,-1,1,-1,-1,1,-1,-1,-1,-1,1,-1,1,-1,-1,-1,-1,1,-1,-1,1,1,1,-1,1,-1,1,-1,1,1,1,-1,-1,-1,1,-1,-1,1,1,-1,1,1,-1,1,1,1,-1,1,1,-1,-1,-1,1,-1,-1,1,-1,-1,1,1,-1,-1,1,-1,-1,1,1,1,-1,1,-1,-1,1,1,-1,-1,1,-1,-1,-1,1,1,-1,1,1,-1,-1,1,-1,-1,1,-1,1,-1,1,1,-1,-1,1,-1,-1,-1,-1,-1,1,1,1,-1,-1,1,-1,-1,1,-1,-1,1,-1,-1,1,1,-1,-1,1,-1,-1,1,1,-1,1,-1,-1,-1,-1,1,1,-1,-1,-1,-1,-1,1,-1,-1,1,-1,-1,-1,1,1,-1,-1,-1,-1,-1,1,-1,-1,-1,-1,-1,1,1,1,-1,-1,-1,-1,-1,1,1,-1,-1,-1,-1,-1,1,1,1,-1,-1,-1,-1,1,1,-1,-1,-1,-1,1,1,1,1,1,-1,1,1,1,1,1,1,-1,-1,1,1,1,-1,-1,-1,1,1,1,1,-1,1,-1,-1,1,-1,1,-1,1,-1,-1,1,-1,1,-1,1,-1,-1,1,-1,1,-1,1,-1,-1,1,-1,1,1,1,-1,-1,1,-1,1,1,1,-1,-1,1,1,-1,1,1,-1,-1,1,-1,1,-1,1,-1,-1,-1,-1,-1,1,1,-1,-1,1,-1,-1,1,1,-1,-1,-1,-1,1,-1,1,-1,-1,-1,-1,-1,1,-1,-1,1,-1,-1,1,-1,1,-1,-1,-1,-1,-1,1,1,1,-1,-1,-1,1,1,1,-1,-1,1,-1,-1,-1,1,-1,1,-1,-1,1,1,1,-1,-1,-1,-1,1,-1,1,1,-1,1,-1,-1,1,1,-1,-1,-1,-1,-1,-1,1,1,-1,-1,1,-1,1,1,-1,-1,-1,1,-1,1,1,-1,-1,1,-1,-1,1,1,1,-1,1,-1,1,1,1,-1,-1,1,-1,-1,1,-1,1,-1,1,-1,-1,1,1,-1,1,1,-1,-1,1,1,1,1,1,-1,-1,1,1,1,1,1,-1,-1,1,1,1,1,1,1,-1,-1,1,1,1,1,-1,-1,1,-1,1,1,1,1,-1,-1,1,-1,1,1,1,-1,1,1,1,1,-1,1,-1,1,1,1,1,1,1,1,-1,1,1,1,1,-1,1,-1,1,1,1,1,1,-1,1,1,1,1,-1,1,1,-1,1,1,-1,1,1,-1,-1,1,1,1,1,-1,1,-1,1,1,1,-1,-1,1,-1,1,1,1,-1,1,-1,-1,-1,1,1,-1,-1,1,-1,-1,1,1,-1,-1,1,-1,-1,1,1,1,-1,1,-1,-1,1,1,-1,-1,-1,1,-1,-1,1,-1,1,1,-1,1,1,-1,-1,1,1,-1,-1,1,1,-1,1,1,-1,1,1,-1,-1,-1,-1,1,-1,-1,-1,-1,1,-1,-1,1,1,-1,1,1,-1,1,1,1,1,-1,1,-1,1,1,1,-1,-1,1,-1,-1,-1,1,-1,-1,1,-1,1,1,1,-1,-1,1,-1,1,1,1,1,-1,1,-1,-1,1,1,-1,-1,-1,1,-1,1,-1,1,-1,1,-1,-1,1,-2668.0,1,2000,445,0,False
1712,1,1,-1,-1,1,-1,-1,-1,1,1,1,-1,1,1,1,1,-1,1,-1,-1,-1,1,1,1,1,-1,-1,-1,1,1,1,1,1,-1,-1,1,1,1,1,-1,-1,-1,1,1,1,1,1,-1,1,1,1,1,-1,1,-1,-1,1,-1,1,1,1,-1,-1,1,1,1,1,1,-1,1,1,1,1,1,1,-1,-1,-1,1,1,1,-1,-1,-1,1,1,1,1,-1,1,-1,1,1,1,1,-1,-1,1,1,-1,1,1,-1,-1,1,1,1,1,1,-1,-1,1,1,-1,1,1,-1,-1,1,1,1,1,1,1,-1,1,1,1,-1,1,1,-1,1,1,1,1,1,1,-1,-1,1,1,1,1,1,-1,1,1,1,1,1,1,-1,-1,-1,1,1,1,1,-1,1,1,1,1,-1,1,-1,1,-1,1,1,1,-1,-1,1,1,1,1,1,-1,1,-1,-1,1,-1,1,-1,1,1,1,1,1,1,1,1,1,-1,1,-1,1,-1,1,1,-1,1,-1,1,1,-1,1,-1,1,-1,1,-1,1,1,-1,1,-1,1,1,1,1,-1,-1,1,1,-1,-1,1,-1,1,-1,-1,1,-1,1,-1,1,-1,1,-1,1,1,-1,-1,-1,1,1,-1,1,-1,1,1,1,-1,1,1,-1,1,-1,1,-1,1,-1,1,-1,1,1,-1,1,-1,-1,-1,1,1,-1,1,-1,-1,-1,1,1,-1,-1,1,1,-1,-1,1,1,-1,1,1,-1,1,1,1,1,-1,1,-1,1,1,-1,1,-1,1,1,1,1,1,1,1,1,-1,-1,1,-1,-1,1,1,1,-1,1,1,1,-1,1,1,1,1,1,1,1,1,-1,1,1,1,-1,1,1,-1,1,1,1,-1,1,1,-1,-1,1,1,1,-1,1,-1,1,1,1,-1,1,1,-1,1,1,1,-1,1,1,-1,1,1,1,-1,1,1,-1,-1,1,1,-1,1,1,-1,1,-1,1,-1,1,1,1,-1,1,1,1,-1,1,1,-1,1,1,-1,1,-1,1,-1,-1,-1,-1,1,1,1,-1,1,1,-1,1,1,-1,-1,1,1,1,1,1,-1,1,1,1,-1,1,1,1,-1,-1,1,1,1,-1,1,-1,1,1,1,-1,1,1,-1,-1,-1,1,-1,-1,1,1,-1,1,1,-1,1,1,1,1,-1,1,-1,-1,1,-1,1,-1,1,1,1,1,1,1,-1,-1,1,-1,1,1,1,-1,1,1,1,-1,1,1,-1,-1,1,-1,1,1,1,-1,1,1,1,1,1,1,-1,1,-1,1,1,1,-1,1,1,-1,1,1,1,-1,-1,1,-1,1,1,1,-1,-1,1,1,-1,1,1,-1,-1,1,-1,1,1,1,1,-1,1,-1,-1,1,1,1,-1,1,-1,-1,1,1,-1,-1,1,-1,-1,1,-1,1,-1,-1,1,-1,1,-1,1,-1,1,1,-1,-1,1,1,1,-1,1,-1,1,-1,-1,-1,1,-1,-1,-1,1,-1,-1,1,1,-1,1,1,-1,1,1,1,-1,1,1,-1,1,-1,1,1,-1,1,-1,-1,1,1,-1,-1,1,-1,-1,1,1,1,-1,1,-1,-1,1,1,-1,-1,1,-1,-1,-1,1,1,-1,1,-1,-1,-1,1,-1,-1,1,-1,1,-1,1,-1,-1,-1,1,-1,-1,-1,-1,-1,1,1,1,-1,-1,1,-1,-1,1,-1,-1,1,-1,-1,1,1,-1,-1,1,1,-1,1,1,-1,1,-1,1,-1,-1,1,1,-1,-1,-1,-1,-1,1,-1,-1,1,-1,-1,-1,1,1,-1,-1,-1,-1,-1,1,-1,-1,-1,-1,-1,1,1,1,-1,-1,-1,-1,-1,1,1,-1,-1,-1,-1,-1,1,1,1,-1,-1,-1,-1,1,1,-1,-1,-1,-1,1,1,1,1,-1,-1,1,1,1,1,1,-1,-1,-1,1,1,1,-1,1,-1,1,1,1,1,-1,1,-1,-1,1,-1,1,-1,1,-1,-1,1,-1,1,-1,-1,-1,-1,1,-1,1,-1,1,-1,-1,1,-1,1,-1,1,-1,-1,1,-1,1,-1,-1,-1,-1,1,1,-1,-1,-1,-1,-1,1,-1,1,-1,-1,-1,-1,-1,-1,-1,1,-1,-1,-1,1,-1,-1,1,-1,-1,-1,-1,-1,1,1,-1,-1,-1,-1,-1,1,-1,-1,-1,1,-1,-1,1,-1,1,-1,-1,-1,-1,-1,-1,-1,1,-1,-1,-1,1,1,-1,-1,-1,1,-1,-1,-1,-1,-1,1,-1,-1,1,1,1,-1,-1,-1,-1,1,-1,1,1,-1,1,-1,-1,1,1,-1,-1,-1,-1,-1,-1,1,1,-1,-1,1,-1,1,1,-1,-1,-1,1,-1,-1,1,-1,-1,1,-1,-1,1,1,1,-1,1,-1,1,1,1,-1,-1,1,-1,-1,1,1,1,-1,1,-1,-1,1,1,-1,1,1,-1,-1,1,1,1,1,1,-1,-1,1,1,-1,1,1,-1,-1,1,1,1,1,1,1,-1,-1,1,1,1,1,-1,-1,1,-1,1,1,1,1,-1,-1,1,-1,1,1,1,-1,1,-1,1,1,-1,1,-1,1,1,1,1,1,1,1,-1,-1,1,1,1,-1,1,-1,1,1,1,1,1,-1,1,-1,1,1,-1,1,1,-1,-1,1,-1,1,1,-1,-1,1,1,1,1,-1,1,-1,-1,1,1,-1,-1,1,-1,1,1,1,-1,1,-1,-1,-1,1,1,-1,-1,1,-1,-1,1,1,-1,-1,1,-1,-1,1,1,1,-1,1,-1,-1,1,1,-1,-1,-1,1,-1,-1,1,-1,1,1,-1,1,1,-1,-1,1,1,-1,-1,-1,1,-1,1,1,-1,1,1,-1,-1,-1,-1,1,-1,-1,-1,-1,-1,1,-1,1,1,-1,1,1,-1,1,1,1,1,-1,1,-1,1,1,1,1,-1,1,-1,-1,1,1,1,-1,1,-1,1,1,1,1,-1,1,-1,1,1,1,-1,-1,1,-1,-1,1,1,-1,-1,-1,1,-1,1,1,1,-1,1,-1,-1,1,-2668.0,1,2000,445,0,False
1713,1,1,-1,-1,1,1,-1,1,1,1,1,-1,-1,1,1,1,-1,1,-1,-1,-1,1,1,1,1,-1,-1,-1,1,1,1,1,-1,-1,-1,1,-1,1,1,1,-1,-1,1,1,1,1,1,-1,1,-1,1,1,-1,1,-1,-1,-1,-1,1,1,1,-1,-1,1,1,1,1,1,-1,-1,1,-1,1,1,1,-1,-1,1,-1,1,1,-1,-1,-1,-1,1,1,1,-1,-1,-1,-1,-1,1,1,-1,-1,1,-1,1,1,1,-1,-1,1,-1,-1,1,1,-1,-1,1,-1,-1,1,1,-1,-1,1,-1,-1,1,1,1,-1,-1,-1,-1,1,1,1,-1,1,-1,-1,1,1,1,-1,-1,-1,-1,-1,1,1,-1,1,-1,-1,-1,1,1,-1,-1,1,-1,-1,1,1,-1,1,-1,-1,-1,1,1,-1,1,1,-1,1,1,-1,-1,1,-1,-1,1,1,-1,1,-1,1,-1,1,1,-1,1,1,-1,-1,-1,1,1,1,1,1,-1,-1,1,-1,1,1,1,-1,-1,1,1,-1,1,1,-1,1,1,-1,1,1,1,-1,1,1,1,1,1,1,1,-1,1,-1,-1,1,1,-1,-1,1,1,-1,1,1,-1,-1,1,-1,-1,1,1,1,-1,1,1,-1,1,1,-1,1,1,-1,1,1,1,-1,-1,1,-1,1,-1,1,1,1,1,-1,1,-1,1,1,1,1,-1,1,-1,1,1,1,1,-1,-1,1,1,1,1,1,1,-1,1,1,-1,-1,1,1,1,-1,1,1,1,1,-1,1,-1,1,1,1,-1,1,1,1,1,1,1,1,-1,-1,-1,1,-1,1,1,1,1,-1,1,1,1,1,1,1,1,1,1,1,1,1,-1,1,1,1,1,1,1,-1,1,1,1,-1,1,1,1,-1,1,1,-1,1,1,-1,1,1,-1,1,1,1,-1,1,1,1,-1,1,1,-1,1,1,1,-1,1,1,1,1,1,1,1,-1,1,-1,1,-1,1,-1,1,1,1,-1,-1,1,1,-1,1,-1,1,1,1,-1,-1,-1,-1,1,-1,1,-1,1,1,-1,1,1,-1,1,-1,1,-1,1,1,-1,1,1,1,1,1,1,1,1,-1,1,-1,-1,-1,1,-1,1,-1,-1,1,1,1,-1,-1,-1,1,-1,1,1,-1,1,-1,-1,1,1,1,1,-1,-1,-1,-1,-1,1,-1,1,-1,-1,-1,1,1,1,1,-1,-1,1,-1,1,1,-1,-1,1,-1,1,-1,1,-1,-1,-1,1,-1,1,-1,-1,-1,-1,-1,1,1,-1,1,-1,-1,1,1,1,-1,-1,1,-1,1,-1,1,-1,-1,1,1,-1,1,1,-1,-1,1,-1,1,-1,1,1,-1,-1,1,-1,1,-1,1,-1,-1,1,-1,-1,-1,1,-1,-1,1,-1,1,-1,1,-1,-1,1,-1,-1,1,1,-1,-1,-1,1,-1,1,1,-1,1,-1,1,-1,-1,1,1,1,-1,1,-1,1,-1,1,-1,1,-1,1,1,-1,-1,1,-1,1,-1,1,-1,1,-1,1,1,1,-1,-1,-1,1,-1,1,1,1,-1,-1,-1,1,1,-1,1,-1,-1,-1,1,1,1,1,-1,-1,1,1,1,1,1,-1,-1,-1,-1,1,1,1,-1,1,-1,-1,1,-1,1,-1,-1,1,1,1,-1,1,1,-1,-1,-1,-1,-1,1,1,-1,-1,-1,1,-1,1,1,-1,-1,-1,-1,1,1,-1,-1,-1,-1,-1,1,1,-1,1,-1,1,1,1,1,1,-1,-1,-1,-1,-1,1,-1,1,-1,-1,1,-1,1,1,-1,1,-1,-1,1,1,1,-1,1,-1,1,-1,1,1,-1,-1,-1,-1,-1,1,1,-1,1,-1,1,-1,1,1,-1,-1,1,-1,-1,1,1,-1,-1,-1,1,-1,1,1,-1,-1,1,-1,-1,-1,-1,1,-1,1,-1,-1,1,-1,-1,1,-1,1,-1,1,1,-1,1,-1,1,-1,1,-1,1,-1,1,-1,-1,1,1,-1,1,-1,-1,-1,-1,1,-1,1,-1,1,-1,-1,1,-1,1,1,-1,-1,-1,-1,1,1,1,1,-1,-1,1,-1,-1,1,1,-1,-1,-1,-1,1,-1,1,-1,-1,1,1,-1,1,1,-1,-1,1,-1,-1,1,1,-1,-1,-1,-1,1,-1,1,-1,-1,-1,-1,-1,1,-1,-1,1,-1,-1,1,-1,1,-1,-1,-1,-1,-1,1,1,1,-1,-1,-1,1,1,1,-1,-1,-1,1,-1,-1,1,-1,-1,-1,-1,1,1,1,-1,-1,-1,-1,1,-1,1,1,-1,1,-1,-1,1,1,-1,-1,-1,-1,-1,-1,1,1,-1,-1,1,-1,1,1,-1,-1,-1,1,-1,1,1,-1,-1,1,-1,-1,1,1,1,-1,1,-1,1,1,1,-1,-1,1,-1,-1,1,1,1,-1,1,-1,-1,1,1,-1,1,1,-1,-1,1,1,-1,1,1,-1,-1,1,-1,-1,1,1,-1,-1,1,1,1,1,-1,1,-1,1,1,1,-1,1,-1,-1,1,-1,1,1,1,1,-1,-1,1,-1,1,1,1,-1,1,1,1,1,-1,1,-1,1,1,1,1,1,1,-1,1,-1,1,1,1,-1,1,1,1,1,1,1,1,1,-1,1,1,1,-1,1,-1,1,1,1,-1,1,1,1,1,-1,1,1,1,-1,1,1,-1,1,1,-1,-1,1,-1,1,1,1,-1,1,-1,1,-1,1,1,-1,-1,1,1,-1,1,1,-1,-1,1,1,-1,1,1,1,-1,1,-1,1,1,1,-1,-1,-1,-1,1,1,1,-1,1,1,1,1,1,-1,-1,1,1,1,-1,1,1,-1,1,-1,1,1,1,-1,-1,-1,-1,-1,-1,-1,-1,-1,-1,-1,1,1,1,-1,1,1,-1,-1,1,1,1,-1,1,-1,1,1,1,1,-1,1,-1,1,1,1,1,-1,1,-1,1,1,1,1,-1,1,-1,1,-1,1,-1,-1,1,-1,-1,1,1,-1,-1,-1,-1,1,1,1,1,-1,1,-1,-1,1,-2668.0,1,2000,445,1000,True
1714,-1,-1,1,1,1,1,-1,1,-1,-1,-1,1,-1,1,-1,-1,1,-1,1,-1,-1,1,-1,-1,-1,1,-1,-1,-1,-1,-1,-1,1,-1,-1,1,1,-1,-1,1,-1,-1,1,-1,-1,-1,1,1,-1,-1,1,-1,1,1,-1,-1,-1,1,-1,-1,1,1,-1,1,-1,-1,-1,1,1,-1,1,-1,-1,-1,1,1,-1,1,-1,-1,-1,1,1,-1,-1,-1,-1,1,1,-1,1,-1,-1,-1,1,1,1,-1,-1,1,-1,1,1,1,1,-1,-1,-1,1,1,1,-1,-1,1,-1,1,1,1,1,-1,-1,-1,-1,1,1,-1,-1,-1,-1,1,1,1,1,-1,-1,1,1,1,1,1,-1,-1,1,-1,1,1,1,-1,-1,-1,-1,1,1,1,1,-1,1,1,1,1,1,1,-1,-1,1,-1,1,1,1,-1,1,-1,1,1,1,-1,-1,-1,1,1,1,-1,1,-1,1,-1,1,1,1,-1,-1,1,-1,1,1,1,1,-1,1,-1,1,-1,1,1,-1,1,1,1,1,1,1,-1,1,-1,1,-1,1,1,-1,1,-1,1,1,1,1,1,-1,1,-1,1,1,1,-1,1,-1,1,1,1,1,-1,1,-1,1,-1,1,1,1,1,-1,-1,1,1,1,-1,-1,-1,1,1,1,1,-1,1,-1,1,1,-1,1,1,-1,-1,1,1,-1,1,1,-1,-1,1,1,-1,1,1,1,-1,1,1,1,1,1,1,-1,1,1,1,1,-1,-1,-1,-1,1,-1,1,1,-1,-1,1,1,-1,1,1,1,-1,-1,1,1,1,1,1,-1,1,1,-1,1,-1,1,-1,1,1,-1,1,1,1,-1,1,1,1,1,1,-1,-1,1,-1,1,1,1,-1,1,-1,-1,1,1,1,-1,1,1,1,-1,1,1,1,1,1,-1,1,1,-1,1,1,1,-1,1,1,1,-1,1,1,-1,1,1,1,1,-1,1,-1,1,1,1,1,1,1,-1,1,-1,1,-1,1,1,1,-1,-1,1,1,-1,1,-1,1,1,1,-1,1,1,1,1,-1,1,-1,1,-1,-1,1,1,-1,1,-1,1,-1,1,1,-1,1,-1,1,1,1,1,1,1,-1,1,-1,-1,-1,1,1,1,-1,-1,1,1,1,-1,1,-1,1,-1,1,1,-1,1,-1,-1,1,1,1,-1,1,-1,1,-1,-1,1,1,1,-1,-1,-1,1,1,1,1,-1,-1,1,-1,1,1,-1,-1,1,-1,1,-1,1,1,-1,-1,1,-1,1,-1,-1,1,-1,-1,1,1,-1,1,-1,-1,1,1,1,-1,-1,1,-1,1,-1,1,-1,-1,-1,-1,-1,1,1,-1,-1,1,-1,1,-1,1,1,-1,-1,1,-1,1,-1,1,-1,-1,1,-1,-1,-1,1,-1,-1,-1,-1,1,-1,1,-1,-1,1,-1,-1,1,1,-1,-1,-1,-1,-1,1,1,-1,-1,-1,1,-1,-1,1,1,1,-1,1,-1,1,-1,1,-1,1,-1,1,1,-1,-1,1,-1,1,-1,1,-1,1,-1,1,1,1,-1,-1,-1,1,-1,1,1,1,-1,-1,-1,1,1,-1,1,-1,-1,-1,1,1,1,1,-1,-1,1,1,1,1,1,-1,-1,-1,-1,1,-1,1,-1,1,-1,-1,1,1,1,-1,-1,1,-1,1,-1,1,1,-1,-1,-1,-1,1,1,1,-1,-1,-1,1,1,1,1,-1,-1,1,-1,1,1,-1,-1,-1,-1,-1,1,1,-1,1,-1,1,1,-1,1,1,-1,-1,-1,-1,1,1,-1,1,-1,-1,1,1,1,1,-1,1,-1,-1,1,1,1,-1,1,-1,1,1,1,1,-1,-1,-1,-1,1,-1,1,-1,1,-1,1,1,1,1,-1,-1,1,-1,1,1,1,-1,-1,-1,1,1,1,-1,1,-1,1,-1,1,-1,-1,1,-1,1,-1,1,1,-1,-1,1,-1,1,1,-1,-1,-1,1,-1,1,1,1,-1,1,-1,1,-1,1,-1,1,-1,1,-1,-1,1,1,-1,1,1,-1,1,1,1,-1,-1,1,1,-1,1,1,-1,1,1,1,1,1,-1,1,1,-1,1,1,1,1,-1,1,-1,1,-1,1,1,-1,1,1,-1,1,1,1,-1,1,1,-1,1,1,1,-1,1,-1,-1,1,1,-1,1,1,-1,1,-1,1,-1,1,1,-1,-1,1,1,1,1,1,1,-1,1,1,-1,1,1,-1,1,1,1,-1,1,1,-1,-1,1,1,-1,1,1,-1,1,1,1,1,1,1,-1,1,1,1,-1,1,1,1,-1,1,1,-1,1,1,-1,-1,1,-1,-1,1,1,-1,1,1,-1,-1,-1,-1,-1,1,1,1,-1,1,1,-1,1,1,1,-1,1,-1,1,1,1,-1,1,1,-1,1,1,1,-1,-1,-1,1,-1,1,1,-1,1,-1,-1,-1,1,1,-1,-1,-1,1,-1,1,1,-1,-1,1,-1,-1,1,1,-1,-1,-1,-1,-1,1,1,-1,-1,1,-1,-1,1,-1,1,-1,-1,-1,-1,-1,1,-1,-1,-1,-1,-1,1,1,-1,-1,1,-1,1,1,1,1,-1,-1,-1,1,-1,1,-1,-1,-1,-1,1,-1,1,-1,-1,-1,1,-1,1,1,-1,-1,-1,1,-1,1,1,-1,1,-1,1,1,1,1,1,-1,1,-1,1,1,1,1,-1,1,-1,1,-1,1,1,-1,-1,1,-1,1,1,1,-1,1,-1,1,1,-1,1,-1,1,-1,1,1,-1,1,-1,1,-1,-1,-1,1,1,-1,-1,-1,-1,-1,1,1,1,-1,1,1,1,1,1,-1,-1,1,1,1,1,1,-1,-1,1,-1,1,1,1,-1,-1,-1,-1,-1,-1,-1,-1,-1,-1,1,1,1,1,-1,1,1,-1,-1,1,1,1,-1,1,-1,1,1,1,-1,-1,1,-1,1,1,1,-1,-1,1,-1,1,1,1,-1,-1,1,-1,1,-1,1,1,-1,1,-1,-1,1,1,1,-1,-1,-1,1,1,-1,1,-1,1,-1,-1,1,-2668.0,1,2000,445,1000,True
1715,1,1,-1,-1,1,1,-1,-1,1,1,1,-1,-1,1,-1,1,-1,1,-1,-1,-1,1,1,1,1,-1,-1,-1,1,1,1,1,1,-1,-1,-1,1,1,1,-1,-1,-1,-1,1,1,1,1,-1,1,1,1,1,-1,1,-1,-1,1,-1,1,1,1,-1,-1,1,1,1,1,1,-1,-1,1,1,1,1,1,-1,-1,-1,1,1,1,-1,-1,-1,1,1,1,1,-1,-1,-1,1,1,1,1,-1,-1,1,1,-1,1,1,-1,-1,1,1,1,1,1,-1,-1,-1,1,-1,1,1,-1,-1,1,1,1,1,1,1,-1,-1,1,1,-1,1,1,-1,1,1,1,1,1,1,-1,1,1,1,1,1,1,-1,1,1,1,1,1,1,-1,-1,-1,1,1,1,1,-1,1,1,1,1,-1,1,-1,1,-1,1,1,1,-1,-1,1,1,1,1,1,-1,1,-1,-1,1,-1,1,-1,1,1,1,1,1,1,1,1,1,-1,1,-1,1,-1,1,1,-1,1,-1,1,1,-1,1,-1,1,-1,1,1,1,1,-1,1,-1,1,-1,-1,1,-1,-1,1,1,-1,-1,1,-1,1,-1,1,-1,1,1,-1,1,-1,1,-1,1,1,-1,-1,-1,1,-1,-1,1,-1,1,1,1,-1,1,1,-1,1,-1,1,-1,1,-1,1,-1,1,1,-1,1,-1,-1,-1,1,1,-1,1,-1,-1,-1,1,1,1,-1,1,1,-1,-1,1,-1,-1,1,1,-1,1,1,1,-1,-1,1,-1,1,1,-1,1,-1,1,1,1,1,-1,-1,-1,1,-1,-1,1,-1,1,-1,1,1,-1,1,1,1,-1,1,1,1,1,1,-1,-1,1,-1,1,1,-1,1,-1,1,-1,1,1,1,-1,1,1,-1,-1,1,1,-1,1,1,-1,1,1,1,1,1,1,-1,1,1,1,1,1,1,-1,1,1,1,1,1,1,-1,-1,1,1,1,1,1,-1,1,-1,1,-1,1,1,1,-1,1,1,1,1,1,1,-1,1,1,1,1,1,1,-1,-1,-1,-1,1,1,1,-1,1,1,-1,1,1,-1,-1,1,1,1,1,1,-1,1,1,1,-1,1,1,1,-1,-1,1,1,1,-1,1,-1,1,-1,1,1,1,1,-1,-1,-1,1,-1,-1,1,1,-1,1,-1,1,1,1,1,1,-1,1,-1,-1,1,-1,1,-1,1,1,1,1,1,1,-1,-1,1,-1,1,1,1,-1,1,1,1,-1,1,1,-1,1,1,-1,1,1,1,-1,1,1,1,1,1,1,-1,1,-1,-1,1,1,-1,1,1,-1,1,1,1,-1,-1,1,-1,1,1,1,-1,-1,1,-1,-1,1,1,-1,-1,1,-1,1,1,1,1,-1,-1,1,-1,1,1,1,-1,-1,1,1,1,1,-1,-1,-1,1,-1,1,-1,1,-1,-1,1,-1,1,-1,1,-1,-1,1,-1,-1,1,1,1,-1,1,-1,1,-1,-1,1,1,-1,-1,-1,1,-1,-1,1,1,-1,1,1,-1,1,1,1,-1,1,1,-1,1,-1,1,-1,-1,1,-1,-1,1,1,-1,-1,1,-1,-1,1,1,1,-1,1,-1,-1,1,1,-1,-1,1,-1,-1,-1,1,1,-1,1,1,-1,-1,1,-1,-1,1,-1,1,-1,1,1,-1,-1,1,-1,-1,-1,-1,-1,1,1,1,-1,-1,1,-1,-1,1,-1,-1,1,-1,-1,1,1,-1,-1,1,1,-1,1,1,-1,1,-1,1,-1,-1,1,1,-1,-1,-1,-1,-1,1,-1,-1,1,-1,-1,-1,1,1,-1,-1,-1,-1,-1,1,-1,-1,-1,-1,-1,1,1,1,-1,-1,-1,-1,-1,1,1,-1,-1,-1,-1,-1,1,1,1,-1,-1,-1,-1,1,1,-1,-1,-1,-1,1,1,1,1,-1,-1,1,1,1,1,1,-1,-1,-1,1,1,1,1,1,-1,1,1,1,1,-1,1,-1,-1,1,-1,1,-1,1,-1,-1,1,-1,1,-1,-1,-1,-1,1,-1,1,-1,1,-1,-1,1,-1,1,-1,1,-1,-1,1,-1,1,-1,-1,-1,-1,1,1,-1,-1,-1,-1,-1,1,-1,1,-1,-1,-1,-1,-1,-1,-1,1,-1,-1,-1,1,-1,-1,1,-1,-1,-1,-1,-1,-1,1,-1,-1,-1,-1,-1,1,-1,-1,-1,1,-1,-1,1,-1,1,-1,-1,-1,-1,-1,-1,-1,1,-1,-1,-1,1,1,-1,-1,-1,-1,1,-1,-1,-1,-1,1,-1,-1,1,-1,1,-1,-1,-1,-1,1,-1,1,1,-1,1,-1,-1,1,1,-1,-1,-1,-1,-1,-1,1,1,-1,-1,1,-1,1,1,-1,-1,-1,-1,-1,1,1,-1,-1,-1,1,-1,1,1,1,-1,-1,-1,1,1,1,-1,-1,1,-1,-1,1,1,1,-1,1,-1,-1,1,1,-1,1,-1,1,-1,1,1,1,1,1,1,-1,1,1,-1,1,1,1,-1,1,1,1,1,1,-1,-1,1,1,1,-1,1,1,-1,1,-1,1,1,1,1,-1,-1,1,-1,1,-1,1,-1,1,1,1,1,-1,1,-1,1,1,1,1,1,1,-1,-1,1,1,1,1,-1,1,-1,1,1,1,1,-1,1,-1,1,1,1,-1,-1,1,-1,1,1,-1,1,-1,-1,-1,1,1,1,-1,1,-1,-1,1,1,1,-1,-1,-1,-1,1,1,1,-1,1,-1,-1,-1,1,1,-1,1,-1,-1,1,1,1,-1,1,-1,1,-1,1,1,1,1,1,-1,-1,1,1,-1,-1,1,1,-1,1,1,-1,1,-1,-1,1,1,-1,-1,1,-1,-1,-1,1,1,-1,1,1,-1,1,1,-1,-1,-1,-1,1,-1,-1,-1,-1,1,-1,-1,1,1,-1,1,1,-1,1,1,1,1,-1,1,-1,1,1,1,-1,-1,1,-1,-1,-1,1,-1,-1,1,-1,1,1,1,-1,-1,1,-1,1,1,1,1,-1,1,-1,-1,1,1,-1,-1,-1,1,-1,1,-1,1,-1,1,-1,-1,1,-2668.0,1,2000,445,1000,False
1716,1,1,-1,-1,1,-1,-1,1,1,1,1,-1,1,1,1,1,-1,1,-1,-1,-1,1,1,1,1,-1,-1,-1,1,1,1,1,1,-1,-1,1,-1,1,1,1,-1,-1,1,1,1,1,1,-1,1,1,1,1,-1,1,-1,-1,1,-1,1,1,1,-1,-1,1,1,1,1,1,-1,-1,1,1,1,1,1,-1,-1,-1,1,1,1,-1,-1,-1,1,1,1,1,-1,-1,-1,1,-1,1,1,-1,-1,1,1,-1,1,1,-1,-1,1,1,1,1,1,-1,-1,1,1,-1,1,1,-1,-1,1,1,1,1,1,1,-1,-1,1,1,-1,1,1,-1,1,1,1,1,1,1,-1,-1,1,1,1,1,1,-1,1,1,1,1,1,1,-1,-1,-1,1,1,1,1,-1,1,1,1,1,-1,1,-1,1,-1,1,1,1,-1,-1,1,1,1,1,1,-1,1,-1,-1,1,-1,1,-1,1,1,1,1,1,1,1,1,1,-1,1,-1,1,-1,1,1,-1,1,-1,1,1,-1,1,-1,1,-1,1,-1,1,1,-1,1,-1,1,1,1,1,-1,-1,1,1,-1,-1,1,-1,1,-1,-1,1,-1,1,-1,1,-1,1,-1,1,1,-1,-1,-1,1,1,-1,1,-1,1,1,1,-1,1,1,-1,1,-1,1,-1,1,-1,1,-1,1,1,-1,1,-1,-1,-1,1,1,-1,1,-1,-1,-1,1,1,-1,-1,1,1,-1,-1,1,1,-1,1,1,-1,1,1,1,1,-1,1,-1,1,1,-1,1,-1,1,1,1,1,1,1,1,1,-1,-1,1,-1,-1,-1,1,1,-1,1,1,1,-1,1,1,1,1,1,1,1,1,-1,1,1,1,-1,1,1,-1,1,1,1,-1,1,1,-1,-1,1,1,1,-1,1,-1,1,1,1,-1,1,1,-1,1,1,1,-1,1,1,-1,1,1,1,-1,1,1,-1,-1,1,1,-1,1,1,-1,1,-1,1,-1,1,1,1,-1,1,1,1,-1,1,1,-1,1,1,-1,1,1,1,-1,-1,-1,-1,1,1,1,-1,1,1,-1,1,1,-1,-1,1,1,1,1,1,-1,1,1,1,-1,1,1,1,-1,-1,1,1,-1,-1,1,-1,1,1,1,-1,1,1,-1,-1,-1,1,-1,-1,1,1,-1,1,1,-1,1,1,1,1,-1,1,-1,-1,1,-1,1,-1,1,1,-1,1,1,1,-1,-1,1,-1,1,1,1,-1,1,1,1,-1,1,1,-1,-1,1,-1,1,1,1,-1,1,1,1,1,1,1,-1,1,-1,-1,1,1,-1,-1,1,-1,1,1,1,-1,-1,1,-1,1,1,1,-1,-1,1,1,-1,1,1,-1,-1,1,-1,1,1,1,1,-1,1,1,-1,1,1,1,-1,-1,-1,-1,1,1,-1,-1,1,-1,-1,1,-1,1,-1,-1,1,-1,1,-1,1,1,-1,1,-1,-1,1,1,1,-1,1,-1,1,-1,-1,1,1,-1,-1,-1,1,-1,-1,1,1,-1,1,1,-1,1,1,1,-1,1,1,-1,1,-1,1,1,-1,1,-1,-1,1,1,-1,-1,1,-1,-1,1,1,1,-1,1,-1,-1,1,1,-1,-1,1,-1,-1,-1,1,1,-1,1,1,-1,-1,1,-1,-1,1,-1,1,-1,1,-1,-1,-1,1,-1,-1,-1,-1,-1,1,1,1,-1,-1,-1,-1,-1,1,-1,-1,1,-1,-1,1,1,-1,-1,1,1,-1,1,1,-1,1,-1,1,-1,-1,1,1,-1,-1,-1,-1,-1,1,-1,-1,1,-1,-1,-1,1,1,-1,-1,1,-1,-1,1,-1,-1,-1,-1,-1,1,1,1,-1,-1,-1,-1,-1,1,1,-1,-1,-1,-1,-1,1,1,1,-1,-1,-1,-1,1,1,-1,-1,-1,-1,1,1,1,1,-1,-1,1,1,1,1,1,-1,-1,-1,1,1,1,-1,1,-1,1,1,1,1,-1,1,-1,-1,1,-1,1,-1,1,-1,-1,1,-1,1,-1,-1,-1,-1,1,-1,1,-1,1,-1,-1,1,-1,1,-1,1,-1,-1,1,-1,1,-1,-1,-1,-1,1,1,-1,-1,-1,-1,-1,1,-1,1,-1,-1,-1,-1,-1,-1,-1,1,-1,-1,-1,1,-1,-1,1,-1,-1,-1,-1,-1,-1,1,-1,-1,-1,-1,-1,1,-1,-1,-1,1,-1,-1,1,-1,1,-1,-1,-1,-1,-1,-1,-1,1,-1,-1,-1,1,1,-1,-1,-1,1,1,-1,-1,-1,-1,1,-1,-1,1,-1,1,-1,-1,-1,-1,1,-1,1,1,-1,1,-1,-1,1,1,-1,-1,-1,-1,-1,-1,1,1,-1,-1,1,-1,1,1,-1,-1,-1,1,-1,1,1,-1,-1,1,-1,-1,1,1,1,-1,1,-1,1,1,1,-1,-1,1,-1,-1,1,1,1,-1,1,-1,-1,1,1,-1,1,1,-1,-1,1,1,-1,1,1,-1,-1,1,1,1,1,1,-1,-1,1,1,1,1,1,1,-1,-1,1,1,-1,1,-1,-1,1,-1,1,1,1,1,-1,-1,1,-1,1,1,1,-1,1,1,1,1,-1,1,-1,1,1,1,1,1,1,1,-1,1,1,1,1,-1,1,-1,1,1,1,1,1,-1,1,1,1,1,-1,1,1,-1,1,1,-1,1,1,-1,-1,1,1,1,1,-1,1,-1,1,1,1,-1,-1,1,-1,1,1,1,-1,1,-1,-1,-1,1,1,-1,-1,1,-1,-1,1,1,-1,-1,1,-1,-1,1,1,1,-1,1,-1,-1,1,1,-1,-1,-1,1,-1,-1,1,-1,1,1,-1,1,1,-1,-1,1,1,-1,-1,1,1,-1,1,1,-1,1,1,-1,-1,-1,-1,1,-1,-1,-1,-1,-1,1,-1,1,1,-1,1,1,-1,1,1,1,1,-1,1,-1,1,1,1,1,-1,1,-1,-1,1,1,1,-1,1,-1,1,1,1,1,-1,1,-1,1,1,1,-1,-1,1,-1,-1,1,1,-1,-1,-1,1,-1,1,1,1,-1,1,-1,1,1,-2668.0,1,2000,445,1500,False
1717,1,1,-1,-1,1,-1,1,-1,1,1,1,-1,1,1,1,1,-1,1,-1,-1,1,-1,1,1,1,-1,1,-1,1,1,1,1,-1,-1,-1,-1,1,-1,1,1,-1,-1,-1,1,1,1,1,-1,1,1,1,1,-1,1,-1,-1,1,-1,1,1,1,-1,-1,-1,1,1,1,1,-1,-1,-1,1,1,1,1,-1,-1,-1,1,1,1,-1,-1,-1,1,1,1,1,-1,-1,-1,1,1,1,1,-1,-1,1,1,-1,1,1,-1,-1,1,1,1,1,1,-1,-1,1,1,-1,1,1,-1,-1,1,1,1,1,1,1,-1,-1,1,1,-1,1,1,-1,1,1,1,1,1,1,-1,-1,1,1,-1,1,1,-1,1,1,1,1,1,1,-1,-1,-1,1,-1,1,1,-1,1,1,1,1,-1,1,-1,1,-1,1,1,1,-1,-1,1,1,1,-1,1,-1,1,-1,-1,1,1,1,-1,1,1,1,1,-1,1,1,1,1,1,1,-1,1,-1,1,1,-1,1,-1,1,1,-1,1,-1,1,-1,1,-1,1,1,-1,1,-1,1,1,1,1,-1,-1,1,1,-1,-1,1,-1,1,1,-1,1,-1,1,-1,1,-1,1,-1,-1,1,-1,-1,1,1,1,-1,1,-1,1,1,1,-1,1,1,-1,1,-1,1,-1,1,-1,1,-1,1,1,-1,1,-1,-1,-1,1,1,-1,1,-1,-1,-1,-1,1,-1,-1,1,1,-1,-1,1,1,-1,1,1,-1,1,1,1,1,-1,1,-1,1,1,-1,1,-1,1,1,-1,1,1,1,1,1,-1,-1,1,-1,-1,1,1,1,-1,1,1,1,-1,1,-1,-1,1,1,1,1,1,-1,1,1,1,-1,1,1,-1,-1,1,1,-1,1,1,-1,1,-1,1,1,-1,1,-1,1,1,1,-1,1,1,-1,1,1,1,-1,1,-1,-1,1,1,1,-1,1,-1,-1,1,1,1,-1,1,-1,-1,-1,-1,1,-1,1,1,-1,1,1,1,1,-1,1,-1,-1,-1,1,-1,1,-1,-1,1,-1,-1,-1,1,1,-1,1,-1,1,-1,1,-1,1,-1,1,1,1,1,-1,1,-1,1,1,-1,1,-1,-1,-1,-1,1,1,1,1,-1,-1,1,1,1,1,-1,-1,1,-1,-1,1,-1,1,-1,1,-1,1,1,-1,-1,-1,1,1,-1,1,-1,1,-1,-1,1,-1,1,1,-1,-1,-1,1,-1,-1,1,1,-1,-1,1,-1,1,1,-1,1,-1,1,-1,-1,1,1,-1,-1,1,-1,1,1,-1,-1,1,1,-1,1,-1,1,-1,1,-1,-1,1,-1,1,-1,1,-1,-1,1,-1,-1,-1,1,-1,-1,1,-1,1,-1,1,-1,-1,1,-1,-1,1,-1,1,-1,1,1,1,-1,1,1,-1,-1,-1,1,-1,1,-1,-1,1,-1,1,1,1,1,-1,-1,1,1,-1,1,1,-1,-1,1,1,1,-1,1,1,-1,1,1,1,1,-1,-1,1,-1,-1,-1,1,-1,-1,1,-1,1,-1,1,-1,1,-1,-1,-1,1,1,-1,1,1,-1,-1,-1,1,-1,1,1,-1,1,-1,1,-1,-1,-1,-1,-1,-1,1,-1,-1,-1,-1,-1,-1,1,-1,1,1,1,1,-1,1,-1,1,1,-1,-1,-1,1,-1,-1,1,-1,1,-1,-1,1,1,1,1,-1,-1,1,1,1,1,-1,1,-1,-1,1,1,1,-1,-1,-1,1,1,1,1,-1,1,-1,1,-1,1,-1,1,1,-1,-1,1,1,1,-1,-1,-1,-1,1,1,1,1,-1,-1,-1,1,1,1,1,-1,-1,-1,1,-1,1,-1,-1,-1,-1,1,1,1,1,-1,1,-1,1,-1,1,1,-1,-1,-1,1,1,-1,1,-1,-1,-1,1,1,1,1,-1,-1,1,-1,1,-1,1,-1,1,1,-1,1,1,-1,-1,-1,1,1,-1,1,1,-1,1,1,1,-1,1,-1,-1,-1,1,-1,1,-1,-1,-1,1,-1,1,-1,1,-1,-1,-1,-1,1,-1,1,-1,1,-1,1,1,-1,1,-1,1,1,-1,-1,-1,-1,-1,-1,-1,1,1,1,-1,-1,-1,-1,1,-1,1,-1,-1,-1,-1,-1,-1,-1,1,-1,-1,-1,1,-1,-1,1,-1,-1,-1,-1,-1,1,1,-1,-1,-1,-1,-1,1,-1,-1,-1,1,-1,-1,1,-1,1,-1,-1,-1,-1,-1,-1,-1,1,-1,-1,-1,1,1,1,-1,-1,1,-1,1,-1,-1,-1,1,-1,-1,1,-1,1,-1,-1,-1,-1,1,-1,1,1,-1,1,-1,-1,1,1,-1,-1,-1,-1,-1,-1,1,1,-1,-1,1,-1,1,1,-1,-1,-1,1,-1,1,1,-1,-1,1,-1,-1,1,1,1,-1,1,-1,1,1,1,-1,-1,1,-1,-1,1,1,1,-1,1,-1,-1,1,1,-1,1,1,-1,-1,1,1,-1,1,1,-1,-1,1,1,-1,1,1,-1,-1,1,1,1,1,-1,1,-1,-1,1,1,-1,1,-1,-1,1,-1,1,1,1,1,-1,-1,1,-1,1,1,1,-1,1,1,1,1,-1,1,-1,1,1,1,1,1,1,1,-1,1,1,1,1,-1,1,-1,1,1,1,1,1,-1,1,1,1,1,-1,1,1,-1,1,1,-1,1,1,-1,-1,1,1,1,1,-1,1,-1,1,1,1,-1,-1,1,-1,1,1,1,-1,1,-1,-1,-1,1,1,-1,-1,1,-1,-1,1,1,-1,-1,1,-1,-1,1,1,1,-1,1,-1,-1,1,1,-1,-1,-1,1,-1,-1,1,-1,1,1,-1,1,1,-1,-1,1,1,-1,-1,1,1,-1,1,1,-1,1,1,-1,-1,-1,-1,1,-1,-1,-1,-1,-1,-1,-1,1,1,-1,1,1,-1,1,1,1,1,-1,1,-1,1,1,1,1,-1,1,-1,1,1,1,1,-1,1,-1,-1,1,1,1,-1,1,-1,1,1,-1,-1,-1,1,-1,-1,1,1,-1,-1,-1,1,-1,1,-1,1,-1,1,-1,-1,1,-2668.0,1,2000,445,1500,False
1718,1,1,-1,-1,1,-1,-1,-1,1,1,1,-1,1,1,1,1,-1,1,-1,-1,1,-1,1,1,1,-1,1,-1,1,1,1,1,-1,-1,-1,-1,1,1,1,1,-1,-1,-1,1,1,1,1,-1,1,1,1,1,-1,1,-1,-1,1,-1,1,1,1,-1,-1,-1,1,1,1,1,-1,-1,-1,1,1,1,1,-1,-1,-1,1,1,1,-1,-1,-1,1,1,1,1,-1,-1,-1,1,1,1,1,-1,-1,1,1,-1,1,1,-1,-1,1,1,1,1,1,-1,-1,1,1,1,1,1,-1,-1,1,1,1,1,1,1,-1,1,1,1,-1,1,1,-1,1,1,1,1,1,1,-1,-1,1,1,1,1,1,-1,1,1,1,1,1,1,-1,-1,-1,1,1,1,1,-1,1,1,1,1,-1,1,-1,1,-1,1,1,1,-1,-1,1,1,1,1,1,-1,1,-1,-1,1,-1,1,-1,1,1,1,1,1,1,1,1,1,-1,1,-1,1,-1,1,1,-1,1,-1,1,1,-1,1,-1,1,-1,1,-1,1,1,-1,1,-1,1,1,1,1,-1,-1,1,1,-1,-1,1,-1,1,-1,-1,1,-1,1,-1,1,-1,1,-1,1,1,-1,-1,-1,1,1,-1,1,-1,1,1,1,-1,1,1,-1,1,-1,1,-1,1,-1,1,-1,1,1,-1,1,-1,-1,-1,1,1,-1,1,-1,-1,-1,1,1,-1,-1,1,1,-1,-1,1,1,-1,1,1,-1,1,1,1,1,-1,1,-1,1,1,-1,1,-1,1,1,-1,1,1,1,1,1,-1,-1,1,-1,-1,-1,1,1,-1,1,1,1,-1,1,-1,-1,1,1,1,-1,1,-1,1,1,1,-1,-1,1,-1,1,1,1,-1,1,1,-1,-1,1,1,1,-1,1,-1,1,1,1,-1,1,1,-1,1,1,1,-1,1,-1,-1,1,1,1,-1,1,-1,-1,-1,1,1,-1,1,-1,-1,1,-1,1,-1,1,1,-1,-1,1,1,1,1,1,-1,-1,1,1,-1,1,-1,-1,-1,-1,-1,-1,1,1,-1,-1,1,1,-1,1,-1,-1,-1,1,1,1,1,-1,-1,1,1,1,-1,1,-1,-1,-1,-1,1,1,1,1,-1,-1,1,1,1,1,-1,-1,-1,-1,-1,1,-1,1,-1,1,-1,1,1,1,-1,-1,1,1,-1,1,-1,1,-1,-1,1,-1,1,1,-1,-1,-1,1,-1,-1,1,1,-1,-1,1,-1,1,1,-1,1,-1,1,-1,-1,1,1,-1,-1,1,-1,1,1,-1,-1,1,1,-1,1,-1,1,-1,1,-1,-1,1,-1,1,-1,1,-1,-1,1,-1,-1,-1,1,-1,-1,1,-1,1,-1,1,-1,-1,1,-1,-1,1,-1,1,-1,1,1,1,-1,1,1,-1,-1,1,1,-1,1,-1,-1,1,-1,1,1,1,1,-1,-1,1,1,-1,1,1,-1,-1,1,1,1,-1,1,1,-1,1,1,1,1,1,1,1,-1,-1,-1,1,-1,-1,1,1,1,-1,1,-1,1,-1,-1,-1,1,1,-1,1,1,-1,-1,-1,1,-1,1,1,-1,1,-1,1,-1,-1,-1,-1,-1,-1,1,-1,-1,-1,-1,-1,-1,1,-1,1,1,1,1,-1,1,-1,1,1,-1,-1,-1,1,-1,-1,1,-1,1,-1,-1,1,1,1,1,-1,-1,1,1,1,1,-1,1,-1,-1,1,1,1,-1,-1,-1,1,1,1,1,-1,-1,-1,1,-1,1,-1,1,-1,-1,-1,1,1,1,-1,-1,-1,-1,1,1,1,1,-1,-1,-1,1,1,1,1,-1,-1,-1,1,1,1,-1,-1,-1,1,1,1,1,1,-1,-1,-1,1,1,1,1,-1,-1,-1,1,1,-1,1,-1,-1,-1,1,1,1,1,-1,-1,1,1,1,1,-1,-1,1,1,-1,1,1,-1,-1,-1,1,1,1,1,1,-1,1,1,1,1,1,-1,-1,-1,1,-1,1,-1,-1,-1,-1,1,-1,1,1,-1,-1,-1,1,-1,1,1,-1,-1,-1,1,1,1,1,-1,-1,-1,1,-1,1,-1,-1,-1,-1,1,1,-1,-1,-1,-1,-1,1,-1,1,-1,-1,-1,-1,-1,-1,-1,1,-1,-1,-1,1,-1,-1,1,-1,-1,-1,-1,-1,-1,1,-1,-1,-1,-1,-1,1,-1,-1,-1,1,-1,-1,1,-1,1,-1,-1,-1,-1,-1,-1,-1,1,-1,-1,-1,1,1,-1,-1,-1,1,-1,-1,-1,-1,-1,1,-1,-1,1,1,1,-1,-1,-1,-1,1,-1,1,1,-1,1,-1,-1,1,1,-1,-1,-1,-1,-1,-1,1,1,-1,-1,1,-1,1,1,-1,-1,-1,1,-1,1,1,-1,-1,1,-1,-1,1,1,1,-1,1,-1,1,1,1,-1,-1,1,-1,-1,1,-1,1,-1,1,-1,-1,1,1,-1,1,1,-1,-1,1,1,1,1,1,-1,-1,1,1,-1,1,1,-1,-1,1,1,1,1,1,1,-1,-1,1,1,1,1,-1,-1,1,-1,1,1,1,1,-1,-1,1,-1,1,1,1,-1,1,1,1,1,-1,1,-1,1,1,1,1,1,1,1,-1,1,1,1,1,-1,1,-1,1,1,1,1,1,-1,1,1,1,1,-1,1,1,-1,1,1,-1,1,1,-1,-1,1,1,1,1,-1,1,-1,1,1,1,-1,-1,1,-1,1,1,1,-1,1,-1,-1,-1,1,1,-1,-1,1,-1,-1,1,1,-1,-1,1,-1,-1,1,1,1,-1,1,-1,-1,1,1,-1,-1,-1,1,-1,-1,1,-1,1,1,-1,1,1,-1,-1,1,-1,-1,-1,1,1,-1,1,1,-1,1,1,-1,-1,-1,-1,1,-1,-1,-1,-1,1,-1,-1,1,1,-1,1,1,-1,1,1,1,1,-1,1,-1,1,1,1,1,-1,1,-1,-1,-1,1,1,-1,1,-1,1,1,1,1,-1,1,-1,1,1,-1,-1,-1,1,-1,-1,1,1,-1,-1,-1,1,-1,1,-1,1,-1,1,-1,-1,1,-2668.0,1,2000,445,1500,False
1719,1,1,-1,-1,1,-1,-1,-1,1,1,1,-1,1,1,1,1,-1,1,1,-1,1,-1,1,1,1,1,-1,-1,1,1,1,1,-1,-1,-1,-1,1,1,1,1,-1,-1,-1,1,1,1,1,-1,1,1,1,1,-1,1,-1,-1,1,-1,1,1,1,-1,-1,-1,1,1,1,1,-1,-1,-1,1,1,1,1,-1,-1,-1,1,1,1,-1,-1,-1,1,1,1,1,-1,-1,-1,1,1,1,1,-1,-1,1,1,-1,1,1,-1,-1,1,1,1,1,1,-1,-1,1,1,-1,1,1,-1,-1,1,1,1,1,1,1,-1,-1,1,1,-1,1,1,-1,1,1,1,1,1,1,-1,-1,1,1,1,1,1,-1,1,1,1,1,1,1,-1,-1,-1,1,1,1,1,-1,1,1,1,1,-1,1,-1,1,-1,1,1,1,-1,-1,1,1,1,1,1,-1,1,-1,-1,1,1,1,-1,1,1,1,1,-1,1,1,1,1,-1,1,-1,1,-1,1,1,-1,1,-1,1,1,-1,1,-1,1,-1,1,-1,1,1,-1,1,-1,1,1,1,1,-1,-1,1,1,-1,-1,1,-1,1,-1,1,1,-1,1,-1,1,-1,1,-1,1,1,-1,-1,1,-1,1,-1,1,-1,1,1,1,-1,1,1,-1,1,-1,1,-1,1,-1,1,-1,1,1,-1,1,-1,-1,-1,-1,1,-1,1,-1,-1,-1,-1,1,-1,-1,1,1,-1,1,1,1,-1,1,1,-1,1,1,1,1,-1,1,-1,1,1,-1,1,-1,1,1,1,-1,1,1,1,1,-1,-1,1,-1,-1,-1,1,1,-1,1,1,1,-1,1,-1,-1,1,1,1,-1,1,-1,1,1,1,-1,-1,1,-1,1,1,1,-1,1,1,-1,-1,1,1,1,-1,1,-1,1,1,1,-1,1,1,-1,1,1,1,-1,1,-1,-1,1,1,1,-1,1,-1,-1,-1,1,1,-1,1,-1,-1,1,-1,1,-1,1,1,-1,-1,1,1,1,1,1,-1,-1,1,1,-1,1,-1,1,-1,-1,-1,-1,1,1,-1,-1,1,1,-1,1,1,-1,-1,1,1,1,1,1,-1,1,1,1,-1,1,-1,-1,-1,-1,1,1,1,1,-1,-1,1,1,1,1,-1,-1,-1,-1,-1,1,-1,-1,-1,1,-1,1,1,1,1,1,1,1,-1,1,-1,1,-1,-1,1,-1,1,1,1,1,-1,1,-1,-1,1,1,-1,-1,1,-1,1,1,1,-1,-1,1,-1,-1,1,1,-1,1,1,-1,1,1,-1,-1,1,1,-1,1,-1,-1,-1,1,-1,-1,1,-1,-1,1,1,-1,-1,1,-1,-1,-1,1,-1,-1,1,-1,-1,-1,1,-1,-1,1,-1,-1,-1,1,1,-1,1,1,-1,-1,1,1,-1,-1,1,1,-1,1,-1,-1,1,-1,-1,1,-1,1,-1,-1,1,-1,1,-1,1,1,-1,1,-1,-1,1,1,1,-1,1,-1,1,-1,-1,-1,1,-1,-1,-1,1,-1,-1,-1,1,1,-1,1,-1,1,-1,1,-1,1,1,-1,1,1,1,-1,-1,1,-1,1,-1,1,1,-1,1,-1,-1,1,1,-1,-1,1,-1,-1,-1,1,-1,-1,1,-1,1,1,1,1,-1,1,-1,-1,1,1,-1,-1,1,-1,-1,-1,1,1,-1,-1,1,1,-1,-1,-1,-1,1,1,1,-1,1,1,-1,-1,1,1,-1,1,-1,-1,1,1,1,1,-1,1,-1,1,-1,1,1,1,1,-1,-1,1,1,1,-1,-1,-1,-1,1,1,1,1,-1,-1,-1,1,1,1,-1,-1,-1,-1,1,1,1,1,-1,-1,1,1,1,1,1,-1,-1,-1,1,1,1,1,-1,-1,-1,1,1,-1,1,-1,-1,-1,1,1,1,1,-1,-1,1,-1,1,1,1,-1,1,1,-1,1,1,-1,-1,-1,1,1,1,-1,1,-1,1,1,1,1,1,1,-1,-1,1,-1,1,-1,1,-1,-1,1,-1,1,-1,-1,-1,-1,1,-1,1,1,-1,-1,-1,1,-1,1,-1,1,-1,1,-1,-1,1,-1,-1,-1,-1,1,-1,-1,-1,-1,-1,-1,1,-1,1,-1,-1,-1,-1,1,1,-1,1,-1,-1,-1,1,-1,-1,1,-1,-1,-1,-1,1,1,1,-1,-1,-1,-1,-1,1,-1,-1,-1,1,-1,-1,1,-1,1,-1,-1,-1,-1,-1,-1,-1,1,-1,-1,-1,1,1,1,-1,-1,-1,1,-1,-1,-1,-1,1,-1,-1,1,1,1,-1,-1,-1,-1,1,-1,1,1,-1,1,-1,-1,1,1,-1,-1,-1,-1,-1,-1,1,1,-1,-1,1,-1,1,1,-1,-1,-1,1,-1,-1,1,-1,-1,1,-1,-1,1,1,1,-1,1,-1,1,1,1,-1,-1,1,-1,-1,1,1,1,-1,1,-1,-1,1,1,-1,1,1,-1,-1,1,1,-1,1,1,-1,-1,1,1,-1,1,1,-1,-1,1,1,1,1,1,1,-1,-1,1,-1,1,1,-1,-1,1,-1,1,1,1,1,-1,-1,1,-1,1,1,1,-1,1,1,1,1,-1,1,-1,1,1,1,1,1,1,1,-1,1,1,1,1,-1,1,-1,1,1,1,1,1,-1,1,1,1,1,-1,1,1,-1,1,1,-1,1,1,-1,-1,1,1,1,1,-1,1,-1,1,1,1,-1,-1,1,-1,1,1,1,-1,1,-1,-1,-1,1,1,-1,-1,1,-1,-1,1,1,1,-1,1,-1,-1,1,1,1,-1,1,-1,-1,1,1,-1,-1,1,1,-1,-1,1,-1,1,1,-1,1,1,-1,-1,1,-1,-1,-1,1,1,-1,1,1,-1,1,1,-1,-1,1,-1,1,-1,-1,-1,-1,1,-1,-1,1,1,-1,1,1,-1,1,1,1,1,-1,1,-1,1,1,1,1,-1,1,-1,-1,-1,1,1,-1,1,-1,1,1,1,1,-1,1,-1,1,1,-1,-1,-1,1,-1,-1,1,1,-1,-1,-1,1,-1,1,-1,1,-1,1,-1,-1,1,-2668.0,1,2000,445,1500,False
1720,1,1,-1,-1,1,-1,-1,-1,1,1,1,-1,1,1,1,1,-1,1,-1,-1,1,-1,1,1,1,-1,-1,-1,1,1,1,1,1,-1,-1,-1,1,-1,1,1,-1,-1,-1,1,1,1,1,-1,1,1,1,1,-1,1,-1,-1,1,-1,1,1,1,-1,-1,-1,1,1,1,1,-1,-1,-1,1,1,1,1,-1,-1,-1,1,1,1,-1,-1,-1,1,1,1,1,-1,-1,-1,1,1,1,1,-1,-1,1,1,-1,1,1,-1,-1,1,1,1,1,1,-1,-1,1,1,1,1,1,-1,-1,1,1,1,1,1,1,-1,1,1,1,-1,1,1,-1,1,1,1,1,1,1,-1,-1,1,1,1,1,1,-1,1,1,1,1,1,1,-1,-1,-1,1,1,1,1,-1,1,1,1,1,-1,1,-1,1,-1,1,1,1,-1,-1,1,1,1,1,1,-1,1,-1,-1,1,-1,1,-1,1,1,1,1,1,1,1,1,1,-1,1,-1,1,-1,1,1,-1,1,-1,1,1,-1,1,-1,1,-1,1,-1,1,1,-1,1,-1,1,1,1,1,-1,-1,1,1,-1,-1,1,-1,1,-1,1,1,-1,1,-1,1,-1,1,-1,1,1,-1,-1,-1,1,-1,-1,1,-1,1,1,1,-1,1,1,-1,1,-1,1,-1,1,-1,1,-1,1,1,-1,1,-1,-1,-1,1,1,-1,1,-1,-1,-1,1,1,-1,-1,1,1,-1,-1,1,-1,-1,1,1,-1,1,1,1,1,-1,1,-1,1,1,-1,1,-1,1,-1,1,1,-1,-1,-1,1,-1,-1,1,-1,-1,-1,1,1,-1,1,1,1,-1,1,1,1,1,1,-1,1,1,-1,1,1,-1,1,-1,1,-1,1,1,-1,-1,1,1,-1,-1,1,1,1,-1,1,-1,1,1,1,-1,1,1,-1,1,1,1,-1,1,1,-1,1,1,1,-1,1,1,-1,-1,1,1,-1,1,1,-1,1,-1,1,-1,1,1,1,-1,1,1,1,1,1,1,-1,1,1,-1,1,1,1,-1,-1,-1,-1,1,1,1,-1,1,1,-1,1,1,-1,-1,1,1,1,1,1,-1,1,1,1,-1,1,1,1,-1,-1,1,1,1,-1,1,-1,1,-1,1,1,1,1,-1,-1,-1,1,-1,-1,1,1,-1,1,1,1,1,1,1,1,-1,1,-1,-1,1,-1,1,-1,1,-1,-1,1,1,1,-1,-1,1,-1,1,1,1,-1,1,1,1,-1,1,1,-1,1,-1,-1,1,1,1,-1,1,-1,1,1,1,1,-1,1,-1,1,1,1,-1,1,1,-1,1,1,1,-1,-1,1,-1,1,1,1,-1,1,-1,1,-1,1,1,-1,-1,1,-1,1,1,1,1,-1,1,-1,-1,1,1,1,-1,1,-1,-1,1,1,-1,-1,1,-1,-1,1,-1,1,-1,-1,1,-1,1,-1,1,-1,-1,1,-1,-1,1,1,1,-1,1,-1,1,-1,-1,1,1,-1,-1,-1,1,-1,-1,1,1,1,-1,1,-1,1,1,1,-1,1,1,-1,-1,-1,1,-1,-1,1,-1,-1,1,1,1,-1,1,-1,-1,1,1,-1,-1,1,-1,-1,1,1,-1,-1,1,-1,-1,-1,1,1,-1,1,1,-1,-1,1,-1,-1,1,-1,1,-1,1,1,-1,-1,1,-1,-1,-1,-1,-1,1,1,1,-1,-1,1,-1,-1,1,-1,-1,1,-1,-1,1,1,-1,-1,1,-1,-1,1,1,-1,1,-1,1,-1,-1,1,1,-1,-1,-1,-1,-1,1,-1,-1,1,-1,-1,-1,1,1,-1,-1,-1,-1,-1,1,-1,-1,-1,-1,-1,1,1,1,-1,-1,-1,-1,-1,1,1,-1,-1,-1,-1,-1,1,1,1,-1,-1,-1,-1,1,1,-1,-1,-1,-1,1,1,1,1,-1,-1,1,1,1,1,1,-1,-1,-1,1,1,1,1,1,-1,1,1,1,1,-1,1,-1,-1,1,-1,1,-1,1,-1,-1,1,-1,1,-1,-1,-1,-1,1,-1,1,-1,1,1,-1,1,-1,1,-1,1,1,-1,1,-1,1,-1,-1,-1,-1,1,1,-1,-1,-1,-1,-1,1,-1,1,-1,-1,-1,-1,-1,-1,-1,1,-1,-1,-1,1,-1,-1,1,-1,-1,-1,-1,-1,-1,1,-1,-1,-1,-1,-1,1,-1,-1,-1,1,-1,-1,1,-1,1,-1,-1,-1,-1,-1,-1,-1,1,-1,-1,-1,1,1,1,-1,-1,-1,1,-1,-1,-1,-1,1,-1,-1,1,1,1,-1,-1,-1,-1,1,-1,1,1,-1,1,-1,-1,1,1,-1,-1,-1,-1,-1,-1,1,1,-1,-1,1,-1,1,1,-1,-1,-1,1,-1,1,1,-1,-1,1,1,-1,1,1,1,-1,1,-1,1,1,1,-1,-1,1,-1,-1,1,-1,1,-1,1,-1,-1,1,1,-1,1,1,1,-1,1,1,1,1,1,1,-1,1,1,1,1,1,1,-1,1,1,1,1,1,1,-1,1,1,1,-1,1,1,-1,1,-1,1,1,1,1,-1,-1,1,-1,1,1,1,-1,1,1,1,1,-1,1,1,1,1,1,1,1,1,1,-1,-1,1,1,1,-1,1,-1,1,1,1,1,1,-1,1,1,1,1,-1,-1,1,-1,1,1,-1,1,1,-1,-1,1,1,1,-1,1,1,-1,1,1,1,-1,-1,1,-1,1,1,1,-1,1,-1,-1,-1,1,1,-1,-1,1,-1,-1,1,1,1,-1,1,-1,1,1,1,1,1,-1,-1,-1,1,1,-1,-1,-1,1,1,-1,1,-1,1,1,-1,1,1,-1,-1,1,-1,-1,-1,1,1,-1,1,1,1,1,1,-1,-1,-1,-1,1,-1,-1,-1,-1,1,-1,1,1,1,-1,1,1,-1,1,1,1,1,-1,1,-1,1,1,1,1,-1,1,-1,1,1,1,1,-1,1,-1,1,1,1,1,-1,1,-1,1,1,-1,-1,-1,1,-1,-1,1,1,-1,-1,-1,1,-1,1,-1,1,-1,1,-1,-1,1,-2668.0,1,2000,445,1000,False
1721,1,1,-1,-1,1,1,-1,-1,1,1,1,-1,1,1,1,1,-1,1,-1,-1,-1,-1,1,1,1,-1,1,-1,1,1,1,1,-1,-1,-1,-1,1,1,1,1,-1,-1,-1,1,1,1,1,-1,1,1,1,1,-1,1,-1,-1,1,-1,1,1,1,-1,-1,-1,1,1,1,1,-1,-1,-1,1,1,1,1,-1,-1,-1,1,1,1,-1,-1,-1,1,1,1,1,-1,-1,-1,1,1,1,1,-1,-1,1,1,-1,1,1,-1,-1,1,1,1,1,1,-1,-1,1,1,1,1,1,-1,-1,1,1,1,1,1,1,-1,1,1,1,-1,1,1,-1,1,1,1,1,1,1,-1,-1,1,1,1,1,1,-1,1,1,1,1,1,1,-1,-1,-1,1,1,1,1,-1,1,1,1,1,-1,1,-1,1,-1,1,1,1,-1,-1,1,1,1,1,1,-1,1,-1,-1,1,-1,1,-1,1,1,1,1,1,1,1,1,1,-1,1,-1,1,-1,1,1,-1,1,-1,1,1,-1,1,-1,1,-1,1,-1,1,1,-1,1,-1,1,1,1,1,-1,-1,1,1,-1,-1,1,-1,1,-1,-1,1,-1,1,-1,1,-1,1,-1,1,1,-1,-1,-1,1,1,-1,1,-1,1,1,1,-1,1,1,-1,-1,-1,1,-1,1,-1,1,-1,1,1,-1,1,-1,-1,-1,1,1,-1,1,-1,-1,-1,1,1,-1,-1,1,1,-1,-1,1,1,-1,1,1,-1,1,1,1,1,-1,1,-1,1,1,-1,1,-1,1,1,1,1,1,1,1,1,-1,-1,1,-1,-1,-1,1,1,-1,1,1,1,-1,1,1,1,1,1,1,-1,1,-1,1,1,1,-1,-1,1,-1,1,1,1,-1,1,1,-1,-1,1,1,1,-1,1,-1,1,1,1,-1,1,1,-1,1,1,1,-1,1,1,-1,1,1,1,-1,1,1,-1,-1,1,1,-1,1,1,-1,1,-1,1,-1,1,-1,1,-1,1,1,1,1,-1,1,-1,1,1,-1,1,1,1,-1,-1,-1,-1,1,1,1,-1,1,1,-1,1,1,-1,-1,1,1,1,1,1,-1,1,1,1,-1,1,1,1,-1,-1,1,1,1,-1,1,-1,1,1,1,1,1,1,-1,-1,-1,1,-1,1,1,1,-1,1,1,1,1,1,1,1,-1,1,-1,-1,1,-1,1,-1,1,1,1,1,1,1,-1,-1,1,-1,1,1,1,-1,1,1,1,-1,1,1,-1,-1,1,-1,1,1,1,-1,1,1,1,1,1,1,-1,1,-1,-1,1,1,-1,-1,1,-1,-1,1,1,-1,-1,1,-1,1,1,1,-1,-1,1,-1,-1,1,1,-1,-1,1,-1,1,1,1,1,-1,1,1,-1,-1,1,1,-1,-1,1,1,-1,1,-1,-1,1,-1,-1,1,-1,1,-1,-1,1,-1,1,-1,1,-1,-1,1,-1,-1,1,1,1,-1,1,-1,1,-1,1,-1,1,-1,-1,-1,1,-1,1,1,1,1,-1,1,-1,-1,1,1,-1,1,1,-1,-1,-1,1,-1,-1,1,-1,-1,1,1,1,-1,1,-1,-1,1,1,-1,-1,1,-1,-1,1,1,-1,-1,1,-1,-1,-1,1,1,-1,1,-1,-1,-1,1,-1,-1,1,-1,1,1,1,1,-1,-1,1,-1,-1,-1,-1,-1,1,1,1,-1,1,1,-1,-1,1,-1,-1,-1,-1,-1,1,1,-1,-1,-1,-1,-1,1,1,-1,1,1,-1,-1,-1,1,1,-1,-1,-1,-1,1,1,-1,-1,1,-1,-1,-1,1,1,-1,-1,-1,-1,-1,1,-1,-1,1,-1,-1,1,1,1,-1,1,-1,-1,-1,1,1,-1,-1,-1,-1,-1,1,1,1,-1,-1,-1,-1,1,1,-1,-1,-1,-1,1,1,1,1,-1,-1,1,1,1,1,1,-1,-1,-1,1,1,1,1,1,-1,1,1,1,1,-1,1,-1,-1,1,-1,1,-1,1,-1,-1,1,-1,1,-1,-1,-1,-1,1,-1,1,-1,1,-1,-1,1,-1,1,-1,1,-1,-1,1,-1,1,-1,-1,-1,-1,1,1,-1,-1,-1,-1,-1,1,-1,1,-1,-1,-1,-1,-1,-1,-1,1,-1,-1,-1,1,-1,-1,1,-1,-1,-1,-1,-1,1,1,-1,-1,-1,-1,-1,1,-1,-1,-1,1,-1,-1,1,-1,1,-1,-1,-1,-1,-1,-1,-1,1,-1,-1,-1,1,1,-1,-1,-1,1,1,-1,-1,-1,-1,1,-1,-1,1,-1,1,-1,-1,-1,-1,1,-1,1,1,-1,1,-1,-1,1,1,-1,-1,-1,-1,-1,-1,1,1,-1,-1,1,-1,1,1,-1,-1,-1,1,-1,1,1,-1,-1,1,-1,-1,1,1,1,-1,1,-1,1,1,1,-1,-1,1,-1,-1,1,1,1,-1,1,-1,-1,1,1,-1,1,1,-1,-1,1,1,-1,1,1,-1,-1,1,1,-1,1,1,-1,-1,1,1,1,1,1,1,-1,-1,1,1,1,1,-1,-1,1,-1,1,1,1,1,-1,-1,1,-1,1,1,1,-1,1,1,1,1,-1,1,-1,1,1,1,1,1,1,1,-1,1,1,1,1,-1,1,-1,1,1,1,1,1,-1,1,1,1,1,-1,1,1,-1,1,1,-1,1,1,-1,-1,1,1,1,1,-1,1,-1,1,1,1,-1,-1,1,-1,1,1,1,-1,1,-1,-1,-1,1,1,-1,-1,1,-1,-1,1,1,-1,-1,1,-1,-1,-1,1,1,-1,1,-1,-1,1,1,-1,-1,1,1,-1,-1,1,-1,1,1,-1,1,1,-1,-1,1,-1,-1,-1,1,1,-1,1,1,-1,1,1,-1,-1,-1,-1,1,-1,-1,-1,-1,1,-1,-1,1,1,-1,1,1,-1,1,1,1,1,-1,1,-1,1,1,1,1,-1,1,-1,-1,-1,1,1,-1,1,-1,1,1,1,1,-1,1,-1,1,1,1,-1,-1,1,-1,-1,1,1,-1,-1,-1,1,-1,1,-1,1,-1,1,-1,-1,1,-2668.0,1,2000,445,1500,False
1722,1,1,-1,-1,1,-1,-1,-1,1,1,1,-1,1,1,1,1,-1,1,-1,-1,-1,-1,1,1,1,-1,-1,-1,1,1,1,1,-1,-1,-1,-1,1,-1,1,1,-1,-1,-1,1,1,1,1,-1,1,1,1,1,-1,1,-1,-1,1,-1,1,1,1,-1,-1,-1,1,1,1,1,-1,1,-1,1,1,1,1,-1,-1,-1,1,1,1,-1,-1,-1,1,1,1,1,-1,1,-1,1,1,1,1,-1,-1,1,1,-1,1,1,-1,-1,1,1,1,1,1,-1,-1,1,1,1,1,1,-1,-1,1,1,1,1,1,1,-1,1,1,1,-1,1,1,-1,-1,1,1,1,1,1,-1,1,1,1,1,1,1,-1,-1,1,1,1,1,1,-1,1,-1,1,1,1,1,-1,1,1,1,1,-1,1,-1,1,-1,1,1,1,-1,-1,1,1,1,1,1,-1,1,-1,-1,1,-1,1,-1,1,1,1,1,1,1,1,1,1,-1,1,-1,1,-1,1,1,-1,1,-1,1,1,-1,1,-1,1,-1,1,-1,1,1,-1,1,-1,1,1,1,1,-1,-1,1,1,-1,-1,1,-1,1,-1,-1,1,-1,1,-1,1,-1,1,-1,1,1,-1,1,-1,1,1,-1,1,-1,1,1,1,-1,1,1,-1,1,-1,1,-1,1,-1,1,-1,1,1,-1,1,-1,-1,-1,1,1,-1,1,-1,-1,-1,1,1,-1,-1,1,1,-1,-1,1,1,-1,1,1,-1,1,1,1,1,-1,1,-1,1,1,-1,1,-1,1,1,-1,1,1,1,1,1,-1,-1,1,-1,-1,-1,1,1,-1,1,1,1,-1,1,-1,-1,1,1,1,1,1,-1,1,1,1,-1,1,1,-1,1,1,1,-1,1,1,-1,-1,1,1,1,-1,1,-1,1,1,1,-1,1,1,-1,1,1,1,-1,1,-1,-1,1,1,1,-1,1,-1,-1,-1,1,1,-1,1,-1,-1,1,-1,1,-1,1,1,-1,-1,1,1,1,-1,1,-1,-1,1,1,-1,1,-1,1,-1,-1,-1,-1,1,1,-1,-1,1,1,-1,1,1,-1,-1,1,1,1,1,1,-1,1,1,1,-1,1,-1,-1,-1,-1,1,1,1,1,-1,-1,1,1,1,1,-1,-1,-1,-1,-1,1,-1,-1,-1,1,-1,1,1,-1,1,-1,1,1,-1,1,-1,1,-1,-1,1,-1,1,1,1,1,-1,1,-1,-1,1,1,-1,-1,1,-1,1,1,1,-1,-1,1,-1,-1,1,1,-1,1,1,-1,1,1,-1,-1,1,1,-1,1,-1,-1,-1,1,-1,-1,1,-1,-1,1,1,-1,-1,1,-1,-1,-1,1,-1,-1,1,-1,-1,-1,1,-1,-1,1,-1,-1,-1,1,1,-1,1,-1,-1,-1,1,1,-1,-1,-1,1,-1,1,-1,-1,1,-1,-1,1,1,1,-1,-1,1,-1,1,-1,1,1,-1,1,-1,-1,1,1,1,-1,1,-1,1,-1,1,-1,1,-1,-1,-1,1,-1,-1,-1,1,1,-1,1,-1,1,-1,1,-1,1,1,-1,1,1,1,-1,-1,1,-1,1,-1,1,1,-1,1,-1,-1,1,1,-1,-1,1,-1,-1,-1,1,-1,-1,1,-1,1,1,1,1,-1,1,-1,-1,1,1,-1,-1,1,-1,-1,-1,1,1,-1,-1,1,1,-1,-1,-1,-1,1,1,1,1,1,1,-1,-1,1,1,-1,1,-1,-1,-1,1,1,1,-1,-1,-1,1,-1,1,1,1,1,-1,-1,1,1,1,-1,-1,-1,-1,1,1,1,1,-1,-1,-1,1,1,1,-1,-1,-1,-1,1,1,1,1,-1,-1,1,1,1,1,1,-1,-1,-1,1,1,1,1,-1,-1,-1,1,1,-1,1,-1,-1,-1,1,1,1,1,-1,-1,1,1,1,1,1,-1,1,1,-1,1,1,-1,-1,-1,1,1,1,-1,1,-1,1,1,1,1,1,1,-1,-1,1,-1,1,-1,1,-1,-1,1,-1,1,1,-1,-1,-1,1,-1,1,1,-1,1,-1,1,1,1,-1,1,1,-1,1,-1,1,-1,-1,-1,-1,1,1,-1,-1,-1,-1,-1,1,-1,1,-1,-1,-1,-1,-1,-1,-1,1,-1,-1,-1,1,-1,-1,1,-1,-1,-1,-1,-1,-1,1,-1,-1,-1,-1,-1,1,-1,-1,-1,1,-1,-1,1,-1,1,-1,-1,-1,-1,-1,-1,-1,1,-1,-1,-1,1,1,-1,-1,-1,1,1,-1,-1,-1,-1,1,-1,-1,1,-1,1,-1,-1,-1,-1,1,-1,1,1,-1,1,-1,-1,1,1,-1,-1,-1,-1,-1,-1,1,1,-1,-1,1,-1,1,1,-1,-1,-1,1,-1,1,1,-1,-1,1,-1,-1,1,1,1,-1,1,-1,1,1,1,-1,-1,1,-1,-1,1,1,1,-1,1,-1,-1,1,1,-1,1,1,-1,-1,1,1,-1,1,1,-1,-1,1,1,-1,1,1,-1,-1,1,1,1,1,1,1,-1,-1,1,1,1,1,-1,-1,1,-1,1,1,1,1,-1,-1,1,-1,1,1,1,-1,1,1,1,1,-1,1,-1,1,1,1,1,1,1,1,-1,1,1,1,1,-1,1,-1,1,1,1,1,1,-1,1,1,1,1,-1,1,1,-1,1,1,-1,1,1,-1,-1,1,1,1,1,-1,1,-1,1,1,1,-1,-1,1,-1,1,1,1,-1,1,-1,-1,-1,1,1,-1,-1,1,-1,-1,1,1,-1,-1,1,-1,-1,1,1,1,-1,1,-1,-1,1,1,-1,-1,-1,1,-1,-1,1,-1,1,1,-1,1,1,-1,-1,1,1,-1,-1,-1,1,-1,1,1,-1,1,-1,1,-1,-1,-1,1,-1,-1,-1,-1,1,-1,-1,1,1,-1,1,1,-1,1,1,1,1,-1,1,-1,1,1,1,1,-1,1,-1,-1,1,1,-1,-1,1,-1,1,1,1,1,-1,1,-1,1,1,1,-1,-1,1,-1,-1,1,1,-1,-1,-1,1,-1,1,-1,1,-1,1,-1,-1,1,-2668.0,1,2000,445,1500,False
1723,1,1,-1,-1,1,1,-1,-1,1,1,1,-1,-1,1,1,1,-1,1,-1,-1,-1,-1,1,1,1,-1,-1,-1,1,1,1,1,-1,-1,-1,-1,1,-1,1,1,-1,-1,-1,1,1,1,1,-1,1,1,1,1,-1,1,-1,-1,1,-1,1,1,1,-1,-1,-1,1,1,1,1,-1,-1,-1,1,1,1,1,-1,-1,-1,1,1,1,-1,-1,-1,1,1,1,1,-1,-1,-1,1,1,1,1,-1,-1,1,1,-1,1,1,-1,-1,1,1,1,1,1,-1,-1,-1,1,1,1,1,-1,-1,1,1,1,1,1,1,-1,-1,1,1,-1,1,1,-1,1,1,1,1,1,1,-1,1,1,1,1,1,1,-1,1,1,1,1,1,1,-1,-1,-1,1,1,1,1,-1,1,1,1,1,-1,1,-1,1,-1,1,1,1,-1,-1,1,1,1,1,1,-1,1,-1,-1,1,-1,1,-1,1,1,1,1,1,1,1,1,1,-1,1,-1,1,-1,1,1,-1,1,-1,1,1,-1,1,-1,1,-1,1,-1,1,1,-1,-1,-1,1,1,1,1,-1,-1,1,1,-1,-1,1,-1,1,-1,-1,1,-1,1,-1,1,-1,1,-1,1,1,-1,-1,-1,1,1,-1,1,-1,1,1,1,-1,1,1,-1,1,-1,1,-1,1,-1,1,-1,1,1,-1,1,-1,-1,-1,1,1,-1,1,-1,-1,-1,1,1,-1,-1,1,1,-1,-1,1,1,-1,1,1,-1,1,1,1,1,-1,1,-1,1,1,-1,1,-1,1,1,1,1,1,-1,-1,1,-1,-1,1,-1,-1,1,1,1,-1,1,1,1,-1,1,1,1,1,1,1,-1,1,-1,1,1,1,1,-1,1,-1,1,1,1,-1,1,1,-1,-1,1,1,1,-1,1,-1,1,1,1,-1,1,1,-1,1,1,1,-1,1,1,-1,1,1,1,1,1,1,-1,-1,1,1,-1,1,1,-1,1,-1,1,-1,1,-1,1,-1,1,1,1,1,-1,1,-1,1,1,-1,1,1,1,-1,-1,-1,-1,1,1,1,-1,1,1,-1,1,1,-1,-1,1,1,1,1,1,-1,1,1,1,-1,1,1,1,1,-1,1,1,1,-1,1,-1,1,1,1,1,1,1,-1,-1,-1,1,-1,1,1,1,-1,1,1,1,1,1,1,1,-1,1,-1,-1,1,-1,1,-1,1,1,1,1,1,1,-1,-1,1,-1,1,1,1,-1,1,1,1,-1,1,1,-1,-1,1,-1,1,1,1,-1,1,1,1,1,1,1,-1,1,-1,1,1,1,-1,1,1,-1,-1,1,1,-1,-1,1,-1,1,1,1,-1,-1,1,1,-1,1,1,-1,-1,1,-1,1,1,1,1,-1,1,-1,-1,-1,1,1,-1,1,-1,1,-1,1,-1,-1,1,-1,-1,1,-1,1,-1,-1,1,-1,1,-1,1,-1,1,1,-1,-1,1,1,1,-1,1,-1,1,-1,1,-1,1,-1,-1,-1,1,-1,1,1,1,1,-1,1,-1,-1,1,1,-1,1,1,-1,1,-1,1,-1,-1,1,-1,-1,1,1,1,-1,1,-1,-1,1,1,-1,-1,1,-1,1,1,1,-1,-1,1,-1,-1,-1,1,1,-1,1,-1,-1,-1,1,-1,-1,1,-1,1,-1,1,1,-1,-1,1,-1,-1,-1,-1,-1,1,1,1,-1,1,1,-1,-1,1,-1,-1,-1,-1,-1,1,1,-1,-1,-1,-1,-1,1,1,-1,1,1,-1,-1,-1,1,1,-1,-1,-1,-1,-1,1,-1,-1,1,-1,-1,-1,1,1,-1,-1,-1,-1,-1,1,-1,-1,1,-1,-1,-1,1,1,-1,1,-1,-1,1,1,1,-1,-1,-1,-1,-1,1,1,1,-1,-1,-1,-1,1,1,-1,-1,-1,-1,1,1,1,1,-1,-1,1,1,1,1,1,-1,-1,-1,1,1,1,-1,1,-1,1,1,1,1,-1,1,-1,-1,1,-1,1,-1,1,-1,-1,1,-1,1,-1,-1,-1,-1,1,-1,1,-1,1,1,-1,1,-1,1,-1,1,1,-1,1,-1,1,-1,-1,-1,-1,1,1,-1,-1,-1,-1,-1,1,-1,1,-1,-1,-1,-1,-1,-1,-1,1,-1,-1,-1,1,-1,-1,1,-1,-1,-1,-1,-1,-1,1,-1,-1,-1,-1,-1,1,-1,-1,-1,1,-1,-1,1,-1,1,-1,-1,-1,-1,-1,-1,-1,1,-1,-1,-1,1,1,-1,-1,-1,1,-1,-1,-1,-1,-1,1,-1,-1,1,1,1,-1,-1,-1,-1,1,-1,1,1,-1,1,-1,-1,1,1,-1,-1,-1,-1,-1,-1,1,1,-1,-1,1,-1,1,1,-1,-1,-1,1,-1,1,1,-1,-1,1,-1,-1,1,1,1,-1,1,-1,1,1,1,-1,-1,1,-1,-1,1,1,1,-1,1,-1,-1,1,1,-1,1,1,-1,-1,1,1,-1,1,1,-1,-1,1,1,-1,1,1,-1,-1,1,1,1,1,1,1,-1,-1,1,1,-1,1,-1,-1,1,-1,1,1,1,1,-1,-1,1,-1,1,1,1,-1,1,-1,1,1,-1,1,-1,1,1,1,1,1,1,1,-1,-1,1,1,1,-1,1,-1,1,1,1,1,1,-1,1,-1,1,1,-1,-1,1,-1,1,1,-1,1,1,-1,-1,1,1,1,-1,1,1,-1,-1,1,1,-1,-1,1,-1,1,1,1,-1,1,-1,-1,-1,1,1,-1,-1,1,-1,-1,1,1,-1,-1,1,-1,-1,1,1,1,1,-1,-1,-1,1,1,-1,-1,1,1,-1,1,1,-1,1,1,-1,1,1,-1,-1,1,-1,-1,-1,1,1,-1,1,1,-1,1,1,-1,-1,1,-1,1,-1,-1,-1,-1,1,-1,-1,1,1,-1,1,1,-1,1,1,1,1,-1,1,-1,1,1,1,-1,-1,1,-1,-1,1,1,-1,-1,1,-1,1,1,1,-1,-1,1,-1,1,1,1,1,-1,1,-1,-1,1,1,-1,-1,-1,1,-1,1,-1,1,-1,1,-1,-1,1,-2668.0,1,2000,445,500,False
1724,1,1,-1,-1,1,1,-1,-1,1,1,1,-1,1,1,1,1,-1,1,-1,-1,-1,-1,1,1,1,-1,-1,-1,1,1,1,1,1,-1,-1,-1,1,-1,1,1,-1,-1,-1,1,1,1,1,-1,1,1,1,1,-1,1,-1,-1,1,-1,1,1,1,-1,-1,-1,1,1,1,1,-1,-1,-1,1,1,1,1,-1,-1,-1,1,1,1,-1,-1,-1,1,1,1,1,-1,-1,1,1,1,1,1,-1,-1,-1,1,-1,1,1,-1,-1,1,1,1,1,1,-1,-1,-1,1,1,1,1,-1,-1,1,1,1,1,1,1,-1,-1,1,1,-1,1,1,-1,1,1,1,1,1,1,-1,1,1,1,1,1,1,-1,1,1,1,1,1,1,-1,-1,-1,1,1,1,1,-1,1,1,1,1,-1,1,-1,1,-1,1,1,1,-1,-1,1,1,1,1,1,-1,1,-1,-1,1,-1,1,-1,1,1,1,1,1,1,1,1,1,-1,1,-1,1,-1,1,1,-1,1,-1,1,1,-1,1,-1,1,-1,1,-1,1,1,-1,1,-1,1,1,1,1,-1,-1,1,1,-1,-1,1,-1,1,-1,-1,1,-1,1,-1,1,-1,1,-1,1,1,-1,-1,-1,1,1,-1,1,-1,1,1,1,-1,1,1,-1,1,-1,1,-1,1,-1,1,-1,1,1,-1,1,-1,-1,-1,1,1,-1,1,-1,-1,-1,1,1,-1,-1,1,1,-1,-1,1,1,-1,1,1,-1,1,1,1,-1,-1,1,-1,1,1,-1,1,-1,1,-1,1,1,1,-1,-1,1,-1,-1,1,-1,1,-1,1,1,-1,1,1,1,-1,1,1,1,1,1,-1,-1,1,-1,1,1,1,1,-1,1,-1,1,1,1,-1,1,1,-1,-1,1,1,-1,-1,1,-1,1,1,1,1,1,1,-1,1,1,1,1,1,1,-1,1,1,1,1,1,1,-1,-1,-1,1,1,1,1,-1,1,1,1,1,1,1,1,-1,1,1,1,1,1,1,-1,1,-1,1,-1,1,1,-1,-1,1,-1,1,1,1,-1,1,-1,-1,1,1,-1,-1,-1,1,1,1,1,-1,1,-1,1,-1,1,1,1,-1,-1,1,1,1,-1,1,-1,1,-1,1,1,1,1,-1,1,-1,1,-1,-1,1,1,-1,1,1,1,1,1,1,1,-1,1,-1,-1,1,-1,1,-1,1,-1,1,1,1,1,-1,-1,1,-1,1,1,1,-1,1,1,1,-1,1,1,-1,1,-1,-1,1,1,1,1,-1,-1,1,1,1,1,-1,1,-1,1,1,1,-1,1,1,-1,-1,1,1,-1,-1,1,-1,1,1,1,-1,1,-1,-1,-1,1,1,-1,-1,1,-1,1,1,1,1,-1,-1,-1,-1,-1,1,1,-1,-1,-1,1,-1,1,-1,-1,1,-1,-1,1,-1,1,-1,-1,1,-1,1,-1,1,1,-1,1,-1,-1,1,1,1,-1,1,-1,1,-1,1,-1,1,-1,-1,-1,1,-1,-1,-1,1,1,-1,1,-1,1,1,1,-1,1,1,-1,-1,-1,1,-1,-1,1,-1,-1,1,1,1,-1,1,-1,-1,1,1,-1,-1,1,-1,-1,1,1,-1,-1,1,-1,-1,-1,1,1,-1,1,1,-1,-1,1,-1,-1,1,-1,1,-1,1,1,-1,-1,1,-1,-1,-1,-1,-1,1,1,1,-1,1,1,-1,-1,1,-1,1,-1,-1,-1,1,1,-1,-1,-1,-1,-1,1,1,-1,1,1,1,-1,-1,1,1,-1,-1,-1,-1,1,1,-1,-1,1,-1,-1,-1,1,1,-1,-1,-1,-1,-1,1,-1,-1,1,-1,-1,1,1,1,-1,1,-1,-1,-1,1,1,-1,-1,-1,-1,-1,1,1,1,-1,-1,-1,-1,1,1,-1,-1,-1,-1,1,1,1,1,-1,-1,1,1,1,1,1,-1,-1,-1,1,1,1,-1,1,-1,1,1,1,1,-1,1,-1,-1,1,-1,1,-1,1,-1,-1,1,-1,1,-1,-1,-1,-1,1,-1,1,-1,1,1,-1,1,-1,1,-1,1,1,-1,1,-1,1,-1,-1,-1,-1,1,1,-1,-1,-1,-1,-1,1,-1,1,-1,-1,-1,-1,-1,-1,-1,1,-1,-1,-1,1,-1,-1,1,-1,-1,-1,-1,-1,-1,1,-1,-1,-1,-1,-1,1,-1,-1,-1,1,-1,-1,1,-1,1,-1,-1,-1,-1,1,-1,-1,1,-1,-1,-1,-1,1,-1,-1,-1,1,-1,1,-1,-1,-1,1,-1,-1,-1,-1,1,-1,-1,-1,-1,-1,1,1,1,-1,1,-1,1,-1,1,-1,-1,-1,-1,-1,-1,1,1,-1,-1,1,-1,1,1,-1,-1,-1,1,-1,1,1,-1,-1,1,-1,-1,1,1,1,-1,1,-1,1,1,1,-1,-1,1,-1,-1,1,1,1,-1,1,-1,-1,1,1,-1,1,1,-1,-1,1,1,-1,1,1,-1,-1,1,1,1,1,1,-1,-1,1,1,1,1,1,1,-1,1,1,1,1,1,-1,-1,1,-1,1,1,1,1,-1,-1,1,-1,1,1,1,-1,1,1,1,1,-1,1,-1,1,1,1,1,1,1,-1,-1,1,1,1,1,-1,1,-1,1,1,1,1,-1,1,-1,1,1,1,-1,-1,1,-1,1,1,-1,1,-1,-1,-1,1,1,1,-1,1,-1,-1,1,1,1,-1,-1,-1,-1,1,1,1,-1,-1,1,-1,-1,1,1,-1,1,-1,-1,-1,1,1,-1,1,-1,-1,1,1,1,1,1,1,-1,-1,1,1,-1,-1,1,1,1,1,1,-1,1,-1,-1,1,1,-1,-1,1,-1,-1,-1,1,1,-1,1,1,1,1,1,-1,-1,-1,-1,1,-1,-1,-1,-1,1,-1,1,1,1,-1,1,1,-1,1,1,1,1,-1,1,-1,1,1,1,-1,-1,1,-1,1,1,1,-1,-1,1,-1,1,1,1,-1,-1,1,-1,1,1,1,1,-1,1,-1,-1,1,1,1,-1,-1,1,-1,1,-1,1,-1,1,-1,-1,1,-2668.0,1,2000,445,1500,False
1725,1,1,-1,-1,1,1,-1,-1,1,1,1,-1,1,1,1,1,-1,1,-1,-1,-1,1,1,1,1,-1,1,-1,1,1,1,1,-1,-1,-1,1,1,1,1,1,-1,-1,1,1,1,1,1,-1,1,1,1,1,-1,1,-1,-1,1,-1,1,1,1,-1,-1,1,1,1,1,1,-1,-1,1,1,1,1,1,-1,-1,-1,1,1,1,-1,-1,-1,1,1,1,1,-1,-1,-1,1,1,1,1,-1,-1,1,1,-1,1,1,-1,-1,1,1,1,1,1,-1,-1,-1,1,1,1,1,-1,-1,1,1,1,1,1,1,-1,-1,1,1,-1,1,1,-1,1,1,1,1,1,1,-1,1,1,1,1,1,1,-1,1,1,1,1,1,1,-1,-1,-1,1,1,1,1,-1,1,-1,1,1,-1,1,-1,1,-1,1,1,1,-1,-1,1,1,1,1,1,-1,1,-1,-1,1,-1,1,-1,1,1,1,1,1,1,1,1,1,-1,1,-1,1,-1,1,1,-1,1,-1,1,1,-1,1,-1,1,-1,1,-1,1,1,-1,1,-1,1,1,1,1,-1,-1,1,1,-1,-1,1,-1,1,-1,-1,1,-1,1,-1,1,-1,1,-1,1,1,-1,-1,-1,1,1,-1,1,-1,1,1,1,-1,1,1,-1,1,-1,1,-1,1,-1,1,-1,1,1,-1,1,-1,-1,-1,1,1,-1,1,-1,-1,-1,1,1,-1,-1,1,1,-1,-1,1,1,-1,1,1,-1,1,1,1,1,-1,1,-1,1,1,-1,1,-1,1,1,-1,1,1,1,1,1,-1,-1,1,-1,-1,1,1,1,-1,1,1,1,-1,1,-1,-1,1,1,1,1,1,-1,1,1,1,-1,1,1,-1,1,1,1,-1,1,1,-1,-1,1,1,1,-1,1,-1,1,1,1,-1,1,1,-1,1,1,1,-1,1,-1,-1,1,1,1,-1,1,-1,-1,-1,1,1,-1,1,-1,-1,1,-1,1,-1,1,1,-1,-1,1,1,1,-1,1,-1,-1,1,1,-1,1,-1,-1,-1,-1,-1,-1,1,1,-1,-1,1,1,-1,1,-1,1,-1,1,1,1,1,-1,-1,1,1,1,-1,1,-1,-1,-1,-1,1,1,1,1,-1,-1,1,1,1,1,-1,-1,1,-1,-1,1,-1,1,-1,-1,1,-1,1,-1,-1,-1,1,1,-1,1,-1,1,-1,-1,1,-1,1,1,-1,-1,-1,1,-1,-1,1,1,-1,-1,1,-1,1,1,-1,1,-1,1,-1,-1,1,1,-1,-1,1,-1,1,1,-1,-1,1,1,-1,1,-1,1,-1,1,-1,-1,1,-1,1,-1,1,-1,-1,1,-1,-1,-1,1,-1,-1,1,-1,1,-1,1,-1,-1,1,-1,-1,1,-1,1,-1,1,-1,1,-1,1,1,-1,-1,-1,1,-1,1,-1,-1,1,-1,1,1,1,1,-1,-1,1,1,-1,1,1,-1,-1,1,1,1,-1,1,1,-1,1,1,1,1,1,1,1,-1,-1,1,1,-1,1,1,-1,-1,1,1,-1,1,-1,-1,-1,1,1,-1,1,1,-1,1,-1,1,-1,1,1,-1,-1,-1,1,-1,-1,-1,-1,1,-1,1,-1,-1,-1,-1,-1,-1,1,-1,1,1,1,1,-1,1,-1,1,1,-1,-1,-1,1,-1,-1,1,-1,-1,-1,-1,1,1,1,1,-1,-1,1,1,1,1,-1,1,-1,-1,1,1,1,-1,-1,-1,1,1,1,1,-1,-1,-1,1,-1,1,-1,1,1,-1,-1,1,1,1,-1,-1,-1,-1,1,1,1,1,-1,-1,-1,1,1,1,1,-1,-1,-1,1,-1,1,-1,-1,-1,1,1,1,1,1,-1,-1,-1,1,1,1,1,-1,-1,-1,1,1,-1,1,-1,-1,-1,1,1,1,1,-1,-1,1,1,1,1,-1,-1,1,1,-1,1,1,-1,-1,-1,1,1,1,1,1,-1,1,1,1,1,1,-1,-1,-1,1,-1,1,-1,-1,-1,-1,1,-1,1,1,-1,-1,-1,1,-1,1,1,-1,-1,-1,1,1,1,1,-1,-1,-1,1,-1,1,1,-1,-1,-1,1,1,-1,-1,-1,-1,-1,1,-1,1,-1,-1,-1,-1,-1,-1,-1,1,-1,-1,-1,1,-1,-1,1,-1,-1,-1,-1,-1,1,1,-1,-1,-1,-1,-1,1,-1,-1,-1,1,-1,-1,1,-1,1,-1,-1,-1,-1,-1,-1,-1,1,-1,-1,-1,1,1,1,-1,-1,1,-1,-1,-1,-1,-1,1,-1,-1,1,1,1,-1,-1,-1,-1,1,-1,1,1,-1,1,-1,-1,1,1,-1,-1,-1,-1,-1,-1,1,1,-1,-1,1,-1,1,1,-1,-1,-1,1,-1,1,1,-1,-1,1,-1,-1,1,1,1,-1,1,-1,1,1,1,-1,-1,1,-1,-1,1,-1,1,-1,1,-1,-1,1,1,-1,1,1,-1,-1,1,1,1,1,1,-1,-1,1,1,-1,1,1,-1,-1,1,1,1,1,1,1,-1,-1,1,1,1,1,-1,-1,1,-1,1,1,1,1,-1,-1,1,-1,1,1,1,-1,1,1,1,1,-1,1,-1,1,1,1,1,1,1,1,-1,1,1,1,1,-1,1,-1,1,1,1,1,1,-1,1,1,1,1,-1,1,1,-1,1,1,-1,1,1,-1,-1,1,1,1,1,-1,1,-1,1,1,1,-1,-1,1,-1,1,1,1,-1,1,-1,-1,-1,1,1,-1,-1,1,-1,-1,1,1,1,-1,1,-1,-1,-1,1,1,-1,1,-1,-1,1,1,-1,-1,-1,1,-1,-1,1,-1,1,1,-1,1,1,-1,-1,1,1,-1,-1,1,1,-1,1,1,-1,1,1,-1,-1,-1,-1,1,-1,-1,-1,-1,-1,1,-1,1,1,-1,1,1,-1,1,1,1,1,-1,1,-1,1,1,1,-1,-1,1,-1,-1,1,1,-1,-1,1,-1,1,1,1,-1,-1,1,-1,1,1,1,1,-1,1,-1,-1,1,1,-1,-1,-1,1,-1,1,1,1,-1,1,-1,-1,1,-2668.0,1,2000,445,1500,False
1726,1,1,-1,-1,1,1,-1,-1,1,1,1,-1,1,1,1,1,-1,1,-1,-1,-1,1,1,1,1,-1,1,-1,1,1,1,1,1,-1,-1,-1,1,-1,1,1,-1,-1,-1,1,1,1,1,-1,1,1,1,1,-1,1,-1,-1,1,-1,1,1,-1,-1,-1,1,1,1,1,1,-1,-1,1,1,1,1,1,-1,-1,-1,1,1,1,-1,-1,-1,1,1,1,1,-1,-1,1,1,1,1,1,-1,-1,-1,1,-1,1,1,-1,-1,1,1,1,1,1,-1,-1,-1,1,1,1,1,-1,-1,1,1,1,1,1,1,-1,-1,1,1,-1,1,1,-1,1,1,1,1,1,1,-1,1,1,1,1,1,1,-1,1,1,1,1,1,1,-1,-1,-1,1,1,1,1,-1,1,-1,1,1,-1,1,-1,1,-1,1,1,1,-1,-1,1,1,1,1,1,-1,1,-1,-1,1,-1,1,-1,1,1,1,1,1,1,1,1,1,-1,1,-1,1,-1,1,1,-1,1,-1,1,1,-1,1,-1,1,-1,1,-1,1,1,-1,1,-1,1,1,1,1,-1,-1,1,1,-1,-1,1,-1,1,-1,-1,1,-1,1,-1,1,-1,1,-1,1,1,-1,-1,-1,1,1,-1,1,-1,1,1,1,-1,1,1,-1,1,-1,1,-1,1,-1,1,-1,1,1,-1,1,-1,-1,-1,1,1,-1,1,-1,-1,-1,1,1,-1,-1,1,1,-1,-1,1,1,-1,1,1,-1,1,1,1,1,-1,1,-1,1,1,-1,1,-1,1,1,-1,1,1,1,1,1,-1,-1,1,-1,-1,1,1,1,-1,1,1,1,-1,1,-1,-1,1,1,1,1,1,-1,1,1,1,-1,1,1,-1,1,1,1,-1,1,1,-1,1,-1,1,1,-1,1,-1,1,1,1,-1,1,1,-1,1,1,1,-1,1,-1,-1,1,1,1,-1,1,-1,-1,1,1,1,-1,1,-1,-1,-1,-1,1,-1,1,1,-1,1,1,1,1,-1,1,-1,-1,-1,1,-1,1,-1,-1,1,-1,-1,-1,1,1,-1,1,-1,1,-1,1,-1,1,-1,1,1,1,1,-1,1,-1,1,1,-1,1,-1,-1,-1,-1,1,1,1,1,-1,-1,1,1,1,1,-1,-1,1,-1,-1,1,-1,1,-1,1,-1,1,1,-1,-1,-1,1,1,-1,1,-1,1,-1,-1,1,-1,1,1,-1,-1,-1,1,-1,-1,1,1,-1,-1,1,-1,1,1,-1,1,-1,1,-1,-1,1,1,-1,-1,1,-1,1,1,-1,-1,1,1,-1,1,-1,1,-1,1,1,-1,1,-1,1,-1,1,-1,-1,1,-1,-1,-1,1,-1,-1,1,-1,1,-1,1,-1,-1,1,-1,-1,1,-1,1,-1,1,1,1,-1,1,1,-1,-1,-1,1,-1,1,-1,-1,1,-1,1,1,1,1,-1,-1,1,1,-1,1,1,1,-1,1,1,1,-1,1,1,-1,1,1,1,1,-1,1,1,-1,-1,1,1,-1,-1,1,-1,-1,1,1,-1,1,-1,-1,-1,1,1,-1,1,1,-1,-1,-1,1,-1,1,1,-1,-1,-1,1,-1,-1,-1,-1,1,-1,1,-1,-1,-1,-1,-1,-1,1,-1,1,1,1,1,-1,1,-1,1,1,-1,-1,-1,1,-1,-1,1,-1,1,-1,-1,1,1,1,1,-1,-1,1,1,1,1,-1,1,-1,-1,1,1,1,-1,-1,-1,1,1,1,1,-1,-1,-1,1,-1,1,-1,1,-1,-1,-1,1,1,1,-1,-1,-1,-1,1,1,1,1,-1,-1,-1,1,1,1,1,-1,-1,-1,1,-1,1,-1,-1,-1,1,1,1,1,1,-1,-1,-1,1,-1,1,1,-1,-1,-1,1,1,-1,1,-1,-1,-1,1,1,1,1,-1,-1,1,1,1,-1,1,-1,1,1,-1,1,1,-1,-1,-1,1,1,-1,1,1,-1,1,1,1,-1,1,-1,-1,-1,1,-1,1,-1,-1,-1,-1,1,1,-1,1,-1,-1,-1,1,-1,-1,1,-1,1,-1,1,1,-1,1,-1,1,-1,1,-1,-1,-1,-1,-1,-1,1,1,1,-1,-1,-1,-1,1,-1,1,-1,-1,-1,-1,-1,-1,-1,1,-1,-1,-1,1,-1,-1,1,-1,-1,-1,-1,-1,1,1,-1,-1,-1,-1,-1,1,-1,-1,-1,1,-1,-1,1,-1,1,-1,-1,-1,-1,-1,-1,-1,1,-1,-1,-1,1,1,-1,-1,-1,1,-1,1,-1,-1,-1,1,-1,-1,1,-1,1,-1,-1,-1,-1,1,-1,1,1,-1,1,-1,-1,1,1,-1,-1,-1,-1,-1,-1,1,1,-1,-1,1,-1,1,1,-1,-1,-1,1,-1,1,1,-1,-1,1,-1,-1,1,1,1,-1,1,-1,1,1,1,-1,-1,1,-1,-1,1,1,1,-1,1,-1,-1,1,1,-1,1,1,-1,-1,1,1,1,1,1,-1,-1,1,1,1,1,1,-1,-1,1,1,1,1,1,1,-1,-1,1,1,1,1,-1,-1,1,-1,1,1,1,1,-1,-1,1,-1,1,1,1,-1,1,1,1,1,-1,1,-1,1,1,1,1,1,1,1,-1,1,1,1,1,-1,1,-1,1,1,1,1,1,-1,1,1,1,1,-1,1,1,-1,1,1,-1,1,1,-1,-1,1,1,1,1,-1,1,-1,1,1,1,-1,-1,1,-1,1,1,1,-1,1,-1,-1,-1,1,1,-1,-1,1,-1,-1,1,1,-1,-1,1,-1,-1,-1,1,1,1,-1,-1,-1,1,1,-1,-1,-1,1,-1,-1,1,-1,1,1,-1,1,1,-1,-1,1,1,-1,-1,1,1,-1,1,1,-1,1,1,-1,-1,-1,-1,1,-1,-1,-1,-1,1,-1,-1,1,1,-1,1,1,-1,1,1,1,1,-1,1,-1,1,1,1,-1,-1,1,-1,1,1,1,-1,-1,1,-1,-1,1,1,-1,-1,1,-1,1,1,1,1,-1,1,-1,-1,1,1,1,-1,-1,1,-1,1,-1,1,-1,1,-1,-1,1,-2668.0,1,2000,445,0,False
1727,1,1,-1,-1,1,-1,-1,-1,1,1,1,-1,1,1,1,1,-1,1,-1,-1,-1,-1,1,1,1,-1,-1,-1,1,1,1,1,1,-1,-1,-1,1,1,1,1,-1,-1,-1,1,1,1,1,-1,1,1,1,1,-1,1,-1,-1,1,-1,1,1,-1,-1,-1,-1,1,1,1,1,-1,-1,-1,1,1,1,1,-1,-1,-1,1,1,1,-1,-1,-1,1,1,1,1,-1,-1,-1,1,1,1,1,-1,-1,1,1,-1,1,1,-1,-1,1,1,1,1,1,-1,-1,-1,1,1,1,1,-1,-1,1,1,1,1,1,1,-1,-1,1,1,-1,1,1,-1,1,1,1,1,1,1,-1,1,1,1,1,1,1,-1,1,1,1,1,1,1,-1,-1,-1,1,1,1,1,-1,1,1,1,1,-1,1,-1,1,-1,1,1,1,-1,-1,1,1,1,1,1,-1,1,-1,-1,1,1,1,-1,1,1,1,1,-1,1,1,1,1,-1,1,-1,1,-1,1,1,-1,1,-1,1,1,-1,1,-1,1,-1,1,-1,1,1,-1,1,-1,1,1,1,1,-1,-1,1,1,-1,-1,1,-1,1,-1,-1,1,-1,1,-1,1,-1,1,-1,1,1,-1,-1,-1,1,1,-1,1,-1,1,1,1,-1,1,-1,-1,1,-1,1,-1,1,1,1,-1,1,1,-1,1,-1,-1,-1,1,1,-1,1,-1,-1,-1,1,1,-1,-1,1,1,-1,-1,1,1,-1,1,1,-1,1,1,1,1,-1,1,-1,1,1,-1,1,-1,1,1,-1,1,1,1,1,1,-1,-1,1,-1,-1,-1,1,1,-1,1,1,1,-1,1,-1,-1,1,1,1,1,1,-1,1,1,1,-1,-1,1,-1,1,1,1,-1,1,1,-1,-1,1,1,1,-1,1,-1,1,1,1,-1,1,1,-1,1,1,1,-1,1,-1,-1,1,1,1,-1,1,-1,-1,-1,1,1,-1,1,-1,-1,1,-1,1,-1,1,1,-1,-1,1,1,1,-1,1,-1,-1,1,1,-1,1,-1,-1,-1,-1,-1,-1,1,-1,-1,-1,1,1,-1,1,-1,1,-1,1,1,1,1,-1,-1,1,1,1,-1,1,-1,-1,-1,-1,1,1,1,1,-1,-1,1,1,1,1,-1,-1,1,-1,-1,1,-1,1,-1,-1,1,-1,1,1,-1,-1,1,1,-1,1,-1,1,-1,-1,1,-1,1,1,-1,-1,-1,1,-1,-1,1,1,-1,-1,1,-1,1,1,-1,1,-1,1,-1,-1,1,1,-1,-1,1,-1,1,1,-1,-1,1,1,-1,1,-1,1,-1,1,-1,-1,1,-1,1,-1,1,-1,-1,1,-1,-1,-1,1,-1,-1,1,1,1,-1,1,-1,-1,1,-1,-1,1,-1,1,-1,1,-1,1,-1,1,1,-1,-1,-1,1,-1,1,-1,-1,1,-1,1,1,1,1,-1,-1,1,1,-1,1,1,1,-1,1,1,1,-1,1,1,-1,1,1,1,1,1,1,1,-1,-1,-1,1,-1,1,1,-1,1,-1,1,-1,1,-1,-1,-1,1,1,-1,1,1,-1,-1,-1,1,-1,1,1,-1,1,-1,1,-1,-1,-1,-1,-1,-1,1,-1,-1,-1,-1,-1,-1,1,-1,1,1,1,1,-1,1,-1,1,1,-1,-1,-1,1,-1,-1,1,-1,1,-1,-1,1,1,1,1,-1,-1,1,1,1,1,-1,1,-1,-1,1,1,1,-1,-1,-1,1,1,1,1,-1,-1,-1,1,-1,1,-1,1,-1,-1,-1,1,1,1,-1,-1,-1,-1,1,1,1,1,-1,-1,-1,1,1,1,1,-1,-1,-1,1,-1,1,-1,-1,-1,1,1,1,1,1,-1,-1,-1,1,1,1,1,-1,-1,-1,1,1,-1,1,-1,-1,-1,1,1,1,1,-1,-1,1,1,1,1,-1,-1,1,1,-1,1,1,-1,-1,-1,1,1,1,1,1,-1,1,1,1,1,1,-1,-1,-1,1,-1,1,-1,-1,-1,-1,1,-1,1,1,-1,-1,-1,1,-1,1,1,-1,-1,-1,1,1,1,1,-1,-1,1,-1,-1,1,1,-1,-1,-1,1,1,-1,-1,-1,-1,-1,1,-1,1,-1,-1,-1,-1,-1,-1,-1,1,-1,-1,-1,1,-1,-1,1,-1,-1,-1,-1,-1,1,1,-1,-1,-1,-1,-1,1,-1,-1,-1,1,-1,-1,1,-1,1,-1,-1,-1,-1,-1,-1,-1,1,-1,-1,-1,1,1,-1,-1,-1,1,-1,-1,-1,-1,-1,1,-1,-1,1,1,1,-1,-1,-1,-1,1,-1,1,1,-1,1,-1,-1,1,1,-1,-1,-1,-1,-1,-1,1,1,-1,-1,1,-1,1,1,-1,-1,-1,1,-1,1,1,-1,-1,1,-1,-1,1,1,1,-1,1,-1,1,1,1,-1,-1,1,-1,-1,1,1,1,-1,1,-1,-1,1,1,-1,1,1,-1,-1,1,1,1,1,1,-1,-1,1,1,1,1,1,-1,-1,1,1,1,1,1,1,-1,-1,1,1,-1,1,-1,-1,1,-1,1,1,1,1,-1,-1,1,-1,1,1,1,-1,1,1,1,1,-1,1,-1,1,1,1,1,1,1,1,-1,1,1,1,1,-1,1,-1,1,1,1,1,1,-1,1,1,1,1,-1,1,1,-1,1,1,-1,1,1,-1,-1,1,1,1,1,-1,1,-1,1,1,1,-1,-1,1,-1,1,1,1,-1,1,-1,-1,-1,1,1,-1,-1,1,-1,-1,1,1,-1,-1,1,-1,-1,1,1,1,-1,-1,-1,-1,1,1,-1,-1,-1,1,-1,-1,1,-1,1,1,-1,1,1,-1,-1,1,1,-1,-1,1,1,-1,1,1,-1,1,1,-1,-1,-1,-1,1,-1,-1,-1,-1,1,-1,-1,1,1,-1,1,1,-1,1,1,1,1,-1,1,-1,1,1,1,-1,-1,1,-1,-1,1,1,-1,1,1,-1,1,1,1,-1,-1,1,-1,1,1,1,1,-1,1,-1,-1,1,1,-1,-1,1,1,-1,1,-1,1,-1,1,-1,-1,1,-2668.0,1,2000,445,0,False
1728,1,1,-1,-1,1,-1,1,-1,1,1,1,-1,1,1,-1,1,-1,1,-1,-1,1,1,1,1,1,1,-1,-1,1,1,1,1,-1,-1,-1,-1,1,1,1,1,-1,-1,-1,1,1,1,1,-1,1,1,1,1,-1,1,-1,-1,1,-1,1,1,1,-1,-1,1,1,1,1,1,-1,1,1,1,1,1,1,-1,-1,-1,1,1,1,-1,-1,-1,1,1,1,1,-1,1,-1,1,1,1,1,-1,-1,1,1,-1,1,1,-1,-1,1,1,1,1,1,-1,-1,1,1,1,1,1,-1,-1,1,1,1,1,1,1,-1,1,1,1,-1,1,1,-1,1,1,1,1,1,1,-1,-1,1,1,1,1,1,-1,1,1,1,1,1,1,-1,-1,-1,1,1,1,1,-1,1,-1,1,1,-1,1,-1,1,-1,1,1,1,-1,-1,1,1,1,1,1,-1,1,-1,-1,1,1,1,-1,1,1,1,1,-1,1,1,1,1,-1,1,-1,1,-1,1,1,-1,1,-1,1,1,-1,1,-1,1,-1,1,-1,1,1,-1,1,-1,1,1,1,1,-1,-1,1,1,-1,-1,1,-1,1,-1,-1,1,1,1,-1,1,-1,1,-1,1,1,-1,-1,-1,1,-1,-1,1,-1,1,1,1,-1,1,1,-1,-1,-1,1,-1,1,-1,1,-1,1,1,-1,1,-1,-1,-1,1,1,-1,1,-1,-1,-1,1,1,-1,-1,1,1,-1,-1,1,-1,-1,1,1,-1,1,1,1,-1,-1,1,-1,1,1,-1,1,-1,1,1,-1,1,-1,-1,-1,1,-1,-1,1,-1,1,-1,1,1,-1,1,1,1,-1,1,-1,-1,1,1,-1,-1,1,-1,1,1,-1,1,-1,1,-1,1,1,1,-1,1,1,-1,-1,1,1,-1,-1,1,-1,1,1,1,1,1,1,-1,1,1,1,1,1,-1,-1,1,1,1,1,1,-1,-1,-1,1,1,1,1,-1,-1,1,-1,1,-1,1,1,-1,-1,1,1,1,1,1,-1,-1,1,1,1,-1,-1,1,-1,-1,-1,-1,1,1,-1,-1,1,1,-1,1,1,-1,-1,1,1,1,1,1,-1,1,1,1,-1,1,-1,-1,-1,-1,1,1,1,1,-1,-1,1,-1,1,1,-1,-1,1,-1,-1,1,-1,-1,-1,-1,1,-1,1,1,1,-1,1,1,-1,1,-1,1,-1,-1,1,-1,1,1,1,1,-1,1,-1,-1,1,1,-1,-1,1,-1,1,1,1,-1,-1,1,-1,1,1,1,-1,-1,1,-1,1,1,-1,1,1,1,-1,1,-1,-1,-1,1,-1,1,1,-1,-1,1,1,-1,-1,1,-1,-1,-1,1,-1,-1,1,-1,-1,-1,1,-1,-1,1,-1,-1,-1,1,1,-1,1,-1,-1,-1,1,1,-1,1,-1,1,-1,1,-1,-1,1,-1,-1,1,1,1,-1,-1,1,-1,1,1,1,1,-1,1,-1,-1,-1,1,1,-1,1,-1,1,1,1,-1,1,-1,-1,-1,1,-1,-1,-1,1,-1,1,1,-1,1,-1,1,-1,1,1,-1,1,1,1,-1,-1,1,-1,1,-1,1,-1,-1,1,-1,-1,1,1,1,-1,1,-1,-1,-1,1,-1,-1,1,-1,1,1,1,1,-1,1,-1,-1,1,1,-1,-1,1,-1,-1,-1,1,1,-1,-1,1,1,-1,1,-1,-1,1,1,1,1,1,1,-1,-1,1,1,-1,1,-1,-1,1,1,1,1,-1,-1,-1,1,-1,1,1,1,1,-1,-1,1,1,1,-1,-1,-1,1,1,1,1,1,-1,-1,-1,1,1,1,-1,-1,-1,-1,1,1,1,1,-1,-1,1,1,1,1,1,-1,-1,-1,1,1,1,1,-1,-1,-1,1,1,-1,1,-1,-1,-1,1,1,1,1,-1,-1,1,1,1,1,-1,-1,1,1,-1,1,1,-1,-1,-1,1,1,1,-1,1,-1,1,1,1,1,1,-1,-1,-1,1,-1,1,-1,-1,-1,-1,1,-1,1,1,-1,-1,-1,1,-1,1,1,-1,-1,-1,1,1,1,1,-1,-1,1,-1,-1,1,1,-1,-1,-1,1,1,-1,-1,-1,-1,-1,1,-1,1,-1,-1,-1,-1,-1,-1,-1,1,-1,-1,-1,1,-1,-1,1,-1,-1,-1,-1,-1,1,1,-1,-1,-1,-1,-1,1,-1,-1,-1,1,-1,-1,1,-1,1,-1,-1,-1,-1,-1,-1,-1,1,-1,-1,-1,1,1,1,-1,-1,1,-1,-1,-1,-1,-1,1,-1,-1,1,1,1,-1,-1,-1,-1,1,-1,1,1,-1,1,-1,-1,1,1,-1,-1,-1,-1,-1,-1,1,1,-1,-1,1,-1,1,1,-1,-1,-1,1,-1,1,1,-1,-1,1,1,-1,1,1,1,-1,1,-1,1,1,1,-1,-1,1,-1,-1,1,1,1,-1,1,-1,-1,1,1,-1,1,1,1,-1,1,1,-1,1,1,1,-1,1,1,-1,1,1,1,-1,1,1,1,1,-1,1,-1,1,1,1,-1,1,1,-1,1,-1,1,1,1,1,-1,-1,1,-1,1,-1,1,-1,1,1,1,1,-1,1,-1,1,1,1,1,1,1,-1,-1,-1,1,1,1,-1,1,-1,1,1,1,1,-1,1,-1,1,1,1,-1,-1,1,-1,1,1,-1,1,-1,-1,-1,1,1,1,-1,1,-1,-1,1,1,1,-1,-1,-1,-1,1,1,1,-1,-1,-1,-1,-1,1,1,-1,1,-1,-1,-1,1,1,-1,1,-1,1,-1,1,1,1,1,1,-1,-1,1,1,-1,-1,1,1,-1,-1,1,-1,1,-1,-1,1,1,-1,-1,1,-1,-1,-1,-1,1,-1,1,1,-1,1,1,-1,-1,1,-1,1,-1,-1,-1,-1,1,-1,-1,1,1,-1,1,1,-1,1,1,1,1,-1,1,-1,1,1,1,1,-1,1,-1,-1,1,1,1,-1,1,-1,1,1,1,1,-1,1,-1,1,1,-1,-1,-1,1,-1,-1,1,1,-1,-1,-1,1,-1,1,-1,1,-1,1,-1,-1,1,-2668.0,1,2000,445,0,False
1729,1,1,-1,-1,1,-1,-1,-1,1,1,1,-1,1,1,1,1,-1,1,1,-1,1,-1,1,1,1,1,-1,-1,1,1,1,1,-1,-1,-1,-1,1,1,1,1,-1,-1,-1,1,1,1,1,-1,1,1,1,1,-1,1,-1,-1,1,-1,1,1,1,-1,-1,-1,1,1,1,1,-1,-1,-1,1,1,1,1,-1,-1,-1,1,1,1,-1,-1,-1,1,1,1,1,-1,-1,-1,1,1,1,1,-1,-1,1,1,-1,1,1,-1,-1,1,1,1,1,1,-1,-1,1,1,1,1,1,-1,-1,1,1,1,1,1,1,-1,1,1,1,-1,1,1,-1,1,1,1,1,1,1,-1,-1,1,1,1,1,1,-1,1,1,1,1,1,1,-1,-1,-1,1,1,1,1,-1,1,1,1,1,-1,1,-1,1,-1,1,1,1,-1,-1,1,1,1,1,1,-1,1,-1,-1,1,1,1,-1,1,1,1,1,-1,1,1,1,1,-1,1,-1,1,-1,1,1,-1,1,-1,1,1,-1,1,-1,1,-1,1,-1,1,1,-1,1,-1,1,1,1,1,-1,-1,1,1,-1,-1,1,-1,1,-1,1,1,-1,1,-1,1,-1,1,-1,1,1,-1,-1,-1,1,1,-1,1,-1,1,1,1,-1,1,1,-1,1,-1,1,-1,1,-1,1,-1,1,1,-1,1,-1,-1,-1,-1,1,-1,1,-1,-1,-1,-1,1,-1,-1,1,1,-1,1,1,1,-1,1,1,-1,1,1,1,-1,-1,1,-1,1,1,-1,1,-1,1,-1,1,-1,1,-1,-1,1,-1,-1,1,-1,1,-1,1,1,-1,1,1,1,-1,1,1,1,1,1,-1,-1,1,-1,1,1,1,1,-1,1,-1,1,1,1,-1,1,1,-1,-1,1,1,-1,-1,1,-1,1,1,1,1,1,1,-1,1,1,1,1,1,1,-1,1,1,1,1,1,1,-1,-1,1,1,1,1,1,-1,1,-1,1,1,1,1,1,-1,1,1,1,1,1,1,-1,1,1,1,-1,1,1,-1,-1,-1,-1,1,1,1,-1,1,1,-1,1,1,-1,-1,1,1,1,1,1,-1,1,1,1,-1,1,1,1,1,-1,1,1,1,-1,1,-1,1,-1,1,1,1,1,-1,-1,-1,1,-1,-1,1,1,-1,1,1,1,1,1,1,1,-1,1,-1,-1,1,-1,1,-1,1,1,1,1,1,1,-1,-1,1,-1,1,1,1,-1,1,1,1,-1,1,1,-1,1,1,-1,1,1,1,-1,1,1,1,1,1,1,-1,1,-1,1,1,1,-1,1,1,-1,-1,1,1,-1,-1,1,-1,1,1,1,-1,-1,1,-1,-1,1,1,-1,-1,1,-1,1,1,1,1,-1,-1,1,-1,-1,1,1,-1,-1,1,1,-1,1,-1,-1,-1,1,-1,1,-1,1,-1,-1,1,-1,1,-1,1,-1,-1,1,-1,-1,1,1,1,-1,1,-1,1,-1,1,1,1,-1,-1,-1,1,-1,-1,-1,1,1,-1,1,-1,1,1,1,-1,1,1,-1,1,-1,1,-1,-1,1,-1,-1,1,1,1,-1,1,-1,-1,1,1,-1,-1,1,-1,-1,1,1,-1,-1,1,-1,-1,-1,1,1,-1,1,1,-1,-1,1,-1,-1,1,-1,1,-1,1,1,-1,-1,1,-1,-1,-1,-1,-1,1,1,1,-1,1,1,-1,-1,1,-1,-1,-1,-1,-1,1,1,-1,-1,-1,-1,-1,1,1,-1,1,1,1,-1,-1,1,1,-1,-1,-1,-1,-1,1,-1,-1,1,-1,-1,-1,1,1,-1,-1,-1,-1,-1,1,-1,-1,1,-1,-1,1,1,1,-1,1,-1,-1,-1,1,1,-1,-1,-1,-1,-1,1,1,1,-1,-1,-1,-1,1,1,-1,-1,-1,-1,1,-1,1,1,-1,-1,1,1,-1,1,1,-1,-1,-1,1,1,1,-1,1,-1,1,1,1,1,-1,1,-1,-1,1,-1,1,-1,1,-1,-1,1,-1,1,-1,-1,-1,-1,1,-1,1,-1,1,-1,-1,1,-1,1,-1,1,-1,1,-1,-1,1,-1,-1,-1,-1,1,-1,-1,-1,-1,-1,-1,1,-1,1,-1,-1,-1,-1,1,1,-1,1,-1,-1,-1,1,1,-1,1,-1,-1,-1,-1,-1,-1,1,-1,-1,-1,-1,-1,1,-1,-1,-1,1,-1,-1,1,-1,1,-1,-1,-1,-1,-1,-1,-1,1,-1,-1,-1,1,1,-1,-1,-1,-1,1,-1,-1,-1,-1,1,-1,-1,1,1,1,-1,-1,-1,-1,1,-1,1,1,-1,1,-1,-1,1,1,-1,-1,-1,-1,-1,-1,1,1,-1,-1,1,-1,1,1,-1,-1,-1,1,-1,1,1,-1,-1,1,-1,-1,1,1,1,-1,1,-1,1,1,1,-1,-1,1,-1,-1,1,-1,1,-1,1,-1,-1,1,1,-1,1,1,-1,-1,1,1,-1,1,1,-1,-1,1,1,-1,1,1,-1,-1,1,1,1,1,1,1,-1,1,1,-1,1,1,-1,-1,1,-1,1,1,1,1,-1,-1,1,-1,1,1,1,-1,1,1,1,1,-1,1,-1,1,1,1,1,1,1,-1,-1,1,1,1,1,-1,1,-1,1,1,1,1,-1,1,-1,1,1,1,-1,-1,1,-1,1,1,-1,1,-1,-1,-1,1,1,1,-1,1,-1,-1,1,1,1,-1,-1,-1,-1,1,1,1,-1,-1,1,-1,-1,1,1,-1,1,-1,-1,1,1,1,-1,1,-1,1,-1,1,1,1,1,1,-1,-1,1,1,-1,-1,1,1,-1,-1,1,-1,1,-1,-1,1,1,-1,-1,1,-1,-1,-1,1,1,-1,1,1,-1,1,1,-1,-1,-1,-1,1,-1,-1,-1,-1,1,-1,-1,1,1,-1,1,1,-1,1,1,1,1,-1,1,-1,1,1,1,1,-1,1,-1,-1,-1,1,1,-1,1,-1,1,1,1,1,-1,1,-1,1,1,-1,-1,-1,1,-1,-1,1,1,-1,-1,-1,1,-1,1,-1,1,-1,1,-1,-1,1,-2668.0,1,2000,445,1000,False
1730,1,1,-1,-1,1,-1,-1,-1,1,1,1,-1,1,1,1,1,-1,1,-1,-1,-1,-1,1,1,1,1,-1,-1,1,1,1,1,-1,-1,-1,-1,1,-1,1,1,-1,-1,-1,1,1,1,1,-1,1,1,1,1,-1,1,-1,-1,1,-1,1,1,1,-1,-1,-1,1,1,1,1,-1,-1,-1,1,1,1,1,-1,-1,-1,1,1,1,-1,-1,-1,1,1,1,1,-1,-1,-1,1,1,1,1,-1,-1,1,1,-1,1,1,-1,-1,1,1,1,1,1,-1,-1,-1,1,1,1,1,-1,-1,1,1,1,1,1,1,-1,-1,1,1,-1,1,1,-1,1,1,1,1,1,1,-1,1,1,1,1,1,1,-1,1,1,1,1,1,1,-1,-1,-1,1,1,1,1,-1,1,1,1,1,-1,1,-1,1,-1,1,1,1,-1,-1,1,1,1,1,1,-1,1,-1,-1,1,-1,1,-1,1,1,1,1,1,1,1,1,1,-1,1,-1,1,-1,1,1,-1,1,-1,1,1,-1,1,-1,1,-1,1,-1,1,1,-1,1,-1,1,1,1,1,-1,-1,1,1,-1,-1,1,-1,1,-1,-1,1,-1,1,-1,1,-1,1,-1,1,1,-1,-1,-1,1,-1,-1,1,-1,1,1,1,-1,1,1,-1,1,-1,1,-1,1,-1,1,-1,1,1,-1,1,-1,-1,-1,1,1,-1,1,-1,-1,-1,1,1,-1,-1,1,1,-1,-1,1,-1,-1,1,1,-1,1,1,1,-1,-1,1,-1,1,1,-1,1,-1,1,1,-1,1,-1,-1,-1,1,-1,-1,1,-1,1,-1,1,1,-1,1,1,1,-1,1,-1,-1,1,1,-1,-1,1,-1,1,1,-1,1,-1,1,-1,1,1,1,-1,1,1,-1,-1,1,1,-1,-1,1,-1,1,1,1,1,1,1,-1,1,1,1,1,1,-1,-1,1,1,1,1,1,-1,-1,-1,1,1,1,1,-1,-1,1,-1,1,-1,1,1,-1,-1,1,1,1,1,1,-1,-1,1,1,1,-1,-1,-1,-1,-1,-1,-1,1,-1,-1,-1,1,1,-1,1,-1,1,-1,1,1,1,1,-1,-1,1,1,1,-1,1,-1,-1,-1,-1,1,1,1,1,-1,-1,1,-1,1,1,-1,-1,1,-1,-1,1,-1,1,-1,-1,1,-1,-1,1,-1,-1,1,1,-1,1,-1,1,-1,-1,1,-1,1,-1,-1,-1,-1,1,-1,-1,1,1,-1,-1,1,-1,1,1,-1,1,-1,1,-1,1,-1,1,-1,-1,1,-1,1,-1,-1,-1,1,1,-1,1,-1,1,-1,1,-1,1,1,-1,1,-1,1,-1,-1,1,-1,-1,-1,1,-1,1,-1,-1,1,-1,1,-1,-1,1,-1,-1,1,-1,1,-1,1,-1,1,-1,1,1,-1,1,-1,1,-1,1,-1,-1,1,-1,1,1,1,1,-1,-1,1,1,-1,1,1,-1,-1,1,1,1,-1,1,1,-1,1,1,1,1,-1,1,1,-1,-1,-1,1,-1,1,1,1,1,-1,1,-1,1,-1,-1,-1,1,1,-1,1,1,-1,-1,-1,1,-1,1,1,-1,1,-1,1,-1,-1,-1,-1,-1,-1,1,-1,-1,-1,-1,-1,-1,1,-1,1,1,1,1,-1,1,-1,1,1,-1,-1,-1,1,-1,-1,1,-1,1,-1,-1,1,1,1,1,-1,-1,1,1,1,1,-1,1,-1,-1,1,1,1,-1,-1,-1,1,1,1,1,-1,-1,-1,1,-1,1,-1,1,1,-1,-1,1,1,1,-1,-1,-1,-1,1,1,1,1,-1,-1,-1,1,1,1,1,-1,-1,-1,1,-1,1,-1,-1,-1,1,1,1,1,1,-1,-1,-1,1,1,1,1,-1,-1,-1,1,1,-1,1,-1,-1,-1,1,1,1,1,-1,-1,1,1,1,1,-1,-1,1,1,-1,1,1,-1,-1,-1,1,1,1,1,1,-1,1,1,1,1,1,-1,-1,-1,1,-1,1,-1,-1,-1,-1,1,-1,1,1,1,-1,-1,1,-1,1,1,-1,1,-1,1,1,1,1,-1,1,-1,1,-1,1,1,-1,-1,-1,1,1,-1,-1,-1,-1,-1,1,-1,1,-1,-1,-1,-1,-1,-1,-1,1,-1,-1,-1,1,-1,-1,1,-1,-1,-1,-1,-1,-1,1,-1,-1,-1,-1,-1,1,-1,-1,-1,1,-1,-1,1,-1,1,-1,-1,-1,-1,-1,-1,-1,1,-1,-1,-1,1,1,1,-1,-1,1,1,-1,-1,-1,-1,1,-1,-1,1,1,1,-1,-1,-1,-1,1,-1,1,1,-1,1,-1,-1,1,1,-1,-1,-1,-1,-1,-1,1,1,-1,-1,1,-1,1,1,-1,-1,-1,-1,-1,1,1,-1,-1,1,1,-1,1,1,1,-1,1,-1,1,1,1,-1,-1,1,-1,-1,1,-1,1,-1,1,-1,-1,1,1,-1,1,1,1,-1,1,1,-1,1,1,1,-1,1,1,-1,1,1,1,-1,1,1,1,1,1,1,-1,1,1,1,-1,1,1,-1,1,-1,1,1,1,1,-1,-1,1,-1,1,1,1,-1,1,1,1,1,-1,1,-1,1,1,1,1,1,1,-1,-1,-1,1,1,1,-1,1,-1,1,1,1,1,-1,1,-1,1,1,1,-1,-1,1,-1,1,1,-1,1,-1,-1,-1,-1,1,1,-1,1,-1,-1,1,1,1,-1,-1,-1,-1,1,1,1,-1,1,-1,-1,-1,1,1,-1,1,-1,-1,-1,1,1,-1,-1,1,-1,1,1,1,1,1,1,-1,-1,1,1,-1,-1,1,1,1,-1,1,-1,1,-1,-1,1,1,-1,-1,1,-1,-1,-1,1,1,-1,1,1,1,1,1,-1,-1,1,-1,1,-1,-1,-1,-1,1,-1,1,1,1,-1,1,1,-1,1,1,1,1,-1,1,-1,1,1,1,-1,-1,1,-1,1,1,1,-1,-1,1,-1,1,1,1,-1,-1,1,-1,1,1,1,1,-1,1,-1,-1,1,1,-1,-1,-1,1,-1,1,1,1,-1,1,-1,-1,1,-2668.0,1,2000,445,0,False
1731,-1,-1,1,1,1,1,-1,1,-1,-1,-1,1,-1,1,-1,-1,1,-1,1,-1,-1,1,-1,-1,-1,1,-1,-1,1,-1,-1,-1,1,-1,-1,1,1,-1,-1,1,-1,-1,1,-1,-1,-1,-1,1,-1,-1,-1,-1,1,1,-1,-1,-1,1,-1,-1,-1,1,-1,1,-1,-1,1,-1,1,-1,1,-1,-1,-1,1,1,-1,1,-1,-1,-1,1,1,-1,-1,-1,-1,1,1,-1,1,-1,-1,-1,1,1,1,-1,-1,1,-1,1,1,1,1,-1,-1,-1,1,1,1,-1,-1,-1,-1,1,1,1,1,-1,-1,-1,-1,1,1,-1,-1,-1,1,1,1,1,1,-1,-1,1,1,1,1,1,-1,-1,1,-1,1,1,1,-1,-1,-1,-1,1,1,1,1,-1,1,1,1,1,1,-1,-1,-1,1,-1,1,1,1,-1,1,-1,1,1,1,-1,-1,-1,1,1,1,-1,1,-1,1,-1,1,1,1,-1,-1,1,-1,1,1,1,1,-1,1,-1,1,-1,1,1,-1,1,1,1,1,1,1,-1,1,-1,1,-1,1,1,-1,1,-1,1,1,1,1,1,-1,1,-1,1,1,1,-1,1,-1,1,1,1,1,-1,1,-1,1,-1,1,1,1,1,-1,-1,1,1,1,-1,-1,-1,1,1,-1,1,-1,1,-1,1,1,1,1,1,-1,-1,1,1,-1,1,1,-1,-1,1,1,-1,1,1,1,-1,1,1,1,1,1,1,-1,1,1,1,1,-1,-1,-1,-1,1,-1,1,1,-1,-1,1,1,-1,1,1,1,-1,-1,1,1,-1,1,1,-1,1,1,-1,1,-1,1,-1,1,1,-1,1,1,1,-1,1,1,1,1,1,-1,-1,1,-1,1,1,1,-1,1,-1,-1,1,1,1,-1,1,-1,1,-1,1,1,1,1,1,-1,1,1,-1,1,1,1,-1,1,1,1,-1,1,1,-1,1,1,1,-1,-1,1,-1,1,1,1,1,1,1,-1,1,1,1,-1,1,1,1,-1,1,1,1,-1,1,-1,1,1,1,-1,1,1,1,1,1,1,-1,1,-1,-1,1,1,-1,1,-1,1,-1,1,1,-1,1,-1,1,1,1,1,1,1,-1,1,-1,-1,-1,1,1,1,-1,-1,1,1,1,-1,1,-1,1,-1,-1,1,-1,1,-1,-1,1,1,1,-1,1,-1,1,-1,-1,1,1,1,-1,-1,-1,1,1,1,1,-1,-1,1,-1,1,1,-1,-1,1,-1,1,-1,1,1,-1,-1,1,-1,1,-1,-1,1,-1,-1,1,1,-1,1,-1,-1,1,-1,1,-1,-1,1,-1,1,-1,1,-1,-1,-1,-1,-1,1,1,-1,-1,1,-1,1,-1,1,1,-1,-1,1,-1,1,-1,1,-1,-1,1,-1,-1,-1,1,-1,-1,-1,-1,1,-1,1,-1,-1,1,-1,-1,1,1,-1,-1,-1,-1,-1,1,1,-1,-1,-1,1,-1,-1,1,1,1,-1,1,-1,1,-1,1,1,1,-1,1,1,-1,1,-1,1,1,-1,1,-1,1,-1,1,1,1,-1,-1,-1,-1,-1,1,1,1,-1,-1,-1,1,1,-1,1,-1,-1,-1,1,1,1,1,-1,-1,-1,1,1,1,1,-1,-1,-1,-1,1,-1,1,-1,1,-1,-1,1,1,1,-1,-1,1,-1,1,-1,1,1,-1,-1,-1,-1,1,1,1,-1,-1,-1,1,1,1,1,-1,-1,1,-1,1,1,-1,-1,-1,-1,-1,1,1,-1,1,-1,1,1,1,1,1,-1,-1,-1,-1,1,1,-1,1,-1,-1,1,1,1,1,-1,1,-1,-1,1,1,1,-1,1,-1,1,1,1,1,-1,-1,-1,-1,1,-1,1,-1,1,-1,1,1,1,1,-1,-1,1,-1,1,1,1,-1,-1,-1,1,1,1,-1,1,-1,1,-1,1,-1,-1,1,-1,1,-1,1,1,-1,-1,1,-1,1,1,-1,-1,-1,1,-1,1,1,1,-1,1,-1,1,-1,1,-1,1,-1,1,-1,-1,1,1,-1,1,1,-1,1,1,1,-1,-1,1,1,-1,1,1,-1,1,1,1,1,1,-1,1,1,-1,1,1,1,1,-1,1,-1,1,-1,1,1,-1,1,1,-1,1,1,1,-1,1,1,-1,1,1,1,-1,1,-1,-1,1,1,-1,1,1,-1,1,-1,1,-1,1,1,-1,-1,1,-1,1,1,1,1,-1,1,1,-1,1,1,-1,1,1,1,-1,1,1,1,-1,1,1,-1,1,1,-1,1,1,1,1,1,1,-1,1,1,1,-1,1,1,1,-1,1,1,-1,1,1,-1,-1,1,-1,-1,1,1,-1,1,1,-1,-1,-1,-1,-1,1,1,1,-1,1,1,-1,1,1,1,-1,1,-1,1,1,1,-1,1,1,-1,1,1,1,1,-1,-1,1,-1,1,1,-1,1,-1,-1,-1,1,1,-1,-1,-1,1,-1,1,1,1,-1,-1,-1,-1,1,1,-1,-1,-1,-1,-1,1,1,-1,-1,-1,-1,-1,1,-1,1,-1,-1,-1,-1,-1,1,-1,-1,-1,-1,-1,1,1,-1,-1,1,-1,1,1,1,1,-1,-1,-1,1,-1,1,-1,-1,-1,-1,1,-1,1,-1,-1,-1,1,-1,1,1,-1,-1,-1,1,-1,1,1,-1,1,-1,1,1,1,-1,1,-1,1,-1,1,1,1,1,-1,1,-1,1,-1,1,1,-1,-1,1,-1,1,1,1,-1,1,-1,1,1,-1,1,-1,1,-1,1,1,-1,1,-1,1,-1,1,-1,1,1,-1,-1,-1,-1,-1,1,1,1,-1,1,1,1,1,1,-1,-1,1,1,1,1,1,-1,-1,1,-1,1,1,1,-1,-1,-1,-1,-1,-1,-1,-1,-1,1,-1,1,1,1,-1,1,1,-1,-1,1,1,-1,-1,1,-1,1,1,1,-1,-1,1,-1,1,1,1,-1,1,1,-1,1,1,1,-1,-1,1,-1,1,-1,1,1,-1,1,-1,-1,1,1,1,-1,1,-1,1,1,1,1,-1,1,-1,-1,1,-2668.0,1,2000,445,1000,True
1732,1,1,-1,-1,1,1,-1,-1,1,1,1,-1,1,1,1,1,-1,1,-1,-1,-1,-1,1,1,1,-1,-1,-1,1,1,1,1,-1,-1,-1,-1,1,1,1,1,-1,-1,-1,1,1,1,1,-1,1,1,1,1,-1,1,-1,-1,1,-1,1,1,1,-1,-1,-1,1,1,1,1,-1,-1,-1,1,1,1,1,-1,-1,-1,1,1,1,-1,-1,-1,1,1,1,1,-1,-1,-1,1,1,1,1,-1,-1,1,1,-1,1,1,-1,-1,1,1,1,1,1,-1,-1,-1,1,1,1,1,-1,-1,1,1,1,1,1,1,-1,-1,1,1,-1,1,1,-1,1,1,1,1,1,1,-1,1,1,1,1,1,1,-1,1,1,1,1,1,1,-1,-1,-1,1,1,1,1,-1,1,1,1,1,-1,1,-1,1,-1,1,1,1,-1,-1,1,1,1,1,1,-1,1,-1,-1,1,1,1,-1,1,1,1,1,-1,1,1,1,1,-1,1,-1,1,-1,1,1,-1,1,-1,1,1,-1,1,-1,1,-1,1,-1,1,1,-1,1,-1,1,1,1,1,-1,-1,1,1,-1,-1,1,-1,1,-1,1,1,-1,1,-1,1,-1,1,-1,1,1,-1,-1,-1,1,1,-1,1,-1,1,1,1,-1,1,-1,-1,1,-1,1,-1,1,1,1,-1,1,1,-1,1,-1,-1,-1,1,1,-1,1,-1,-1,-1,1,1,-1,-1,1,1,-1,-1,1,1,-1,1,1,-1,1,1,1,1,-1,1,-1,1,1,-1,1,-1,1,-1,1,1,1,1,1,1,-1,-1,1,-1,-1,1,1,1,-1,1,1,1,-1,1,1,1,1,1,1,-1,1,-1,1,1,1,-1,1,1,-1,1,1,1,-1,1,1,-1,-1,1,1,1,-1,1,-1,1,1,1,-1,1,1,-1,1,1,1,-1,1,1,-1,1,1,1,-1,1,1,1,-1,1,1,-1,1,1,-1,1,-1,1,-1,1,1,1,-1,1,1,1,-1,1,1,-1,1,1,-1,1,1,1,-1,-1,-1,-1,1,1,1,-1,1,1,-1,1,1,-1,-1,1,1,1,1,1,-1,1,1,1,-1,1,1,1,1,-1,1,1,1,-1,1,-1,1,1,1,1,1,1,-1,-1,-1,1,-1,-1,1,1,-1,1,1,1,1,1,1,1,-1,1,-1,-1,1,-1,1,-1,1,1,-1,1,1,1,-1,-1,1,-1,1,1,1,-1,1,1,1,-1,1,1,-1,-1,1,-1,1,1,1,-1,1,1,1,1,1,1,-1,1,-1,1,1,1,1,-1,1,-1,-1,1,1,-1,-1,1,-1,1,1,1,-1,-1,1,-1,-1,1,1,-1,-1,1,-1,1,1,1,1,-1,1,-1,-1,-1,1,1,-1,-1,-1,1,-1,1,-1,-1,1,-1,-1,1,-1,1,-1,-1,1,-1,1,-1,1,1,-1,1,-1,-1,1,1,1,-1,1,-1,1,-1,-1,-1,1,-1,-1,-1,1,-1,-1,1,1,1,-1,1,-1,1,1,1,-1,1,1,-1,1,-1,1,-1,-1,1,-1,-1,1,1,1,-1,1,-1,-1,1,1,-1,-1,1,-1,-1,1,1,-1,-1,1,-1,-1,-1,1,1,-1,1,1,-1,-1,1,-1,-1,1,-1,1,-1,1,1,-1,-1,1,-1,-1,-1,-1,-1,1,1,1,-1,1,1,-1,-1,1,-1,1,-1,-1,-1,1,1,-1,-1,-1,-1,-1,1,1,-1,1,1,-1,-1,-1,1,1,-1,-1,-1,-1,-1,1,-1,-1,1,-1,-1,-1,1,1,-1,-1,-1,-1,-1,1,-1,-1,1,-1,-1,1,1,1,-1,1,-1,-1,-1,1,1,-1,-1,-1,-1,-1,1,1,1,-1,-1,-1,-1,1,1,-1,-1,-1,-1,1,1,1,1,-1,-1,1,1,1,1,1,-1,-1,-1,1,1,1,-1,1,-1,1,1,1,1,-1,1,-1,-1,1,-1,1,-1,1,-1,-1,1,-1,1,-1,-1,-1,-1,1,-1,1,-1,1,-1,-1,1,-1,1,-1,1,-1,1,-1,-1,1,-1,-1,-1,-1,1,1,-1,-1,-1,-1,-1,1,-1,1,-1,-1,-1,-1,-1,-1,-1,1,-1,-1,-1,1,-1,-1,1,-1,-1,-1,-1,-1,1,1,-1,-1,-1,-1,-1,1,-1,-1,-1,1,-1,-1,1,-1,1,-1,-1,-1,-1,-1,-1,-1,1,-1,-1,-1,1,1,-1,-1,-1,-1,1,-1,-1,-1,-1,1,-1,-1,1,-1,1,-1,-1,-1,-1,1,-1,1,1,-1,1,-1,-1,1,1,-1,-1,-1,-1,-1,-1,1,1,-1,-1,1,-1,1,1,-1,-1,-1,1,-1,-1,1,-1,-1,1,-1,-1,1,1,1,-1,1,-1,1,1,1,-1,-1,1,-1,-1,1,1,1,-1,1,-1,-1,1,1,-1,1,1,-1,-1,1,1,-1,1,1,-1,-1,1,1,-1,1,1,-1,-1,1,1,1,1,1,1,-1,-1,1,1,-1,1,-1,-1,1,-1,1,1,1,1,-1,-1,1,-1,1,1,1,-1,1,1,1,1,-1,1,-1,1,1,1,1,1,1,1,-1,1,1,1,1,-1,1,-1,1,1,1,1,1,-1,1,1,1,1,-1,1,1,-1,1,1,-1,1,1,-1,-1,1,1,1,1,-1,1,-1,1,1,1,-1,-1,1,-1,1,1,1,-1,1,-1,-1,-1,1,1,-1,-1,1,-1,-1,1,1,-1,-1,1,-1,-1,1,1,1,-1,1,-1,-1,1,1,-1,-1,-1,1,-1,1,1,-1,1,1,-1,1,1,-1,-1,1,1,-1,-1,1,1,-1,1,1,-1,1,1,-1,-1,-1,-1,1,-1,-1,-1,-1,1,-1,-1,1,1,-1,1,1,-1,1,1,1,1,-1,1,-1,1,1,1,-1,-1,1,-1,-1,1,1,-1,1,1,-1,1,1,1,-1,-1,1,-1,1,1,1,1,-1,1,-1,-1,1,1,-1,-1,1,1,-1,1,-1,1,-1,1,-1,-1,1,-2668.0,1,2000,445,500,False
1733,1,1,-1,-1,1,1,-1,-1,1,1,1,-1,1,1,1,1,-1,1,-1,-1,-1,-1,1,1,1,-1,-1,-1,1,1,1,1,1,-1,-1,-1,1,-1,1,1,-1,-1,-1,1,1,1,1,-1,1,1,1,1,-1,1,-1,-1,1,-1,1,1,1,-1,-1,-1,1,1,1,1,-1,-1,-1,1,1,1,1,-1,-1,-1,1,1,1,-1,-1,-1,1,1,1,1,-1,-1,-1,1,1,1,1,-1,-1,1,1,-1,1,1,-1,-1,1,1,1,1,1,-1,-1,1,1,1,1,1,-1,-1,1,1,1,1,1,1,-1,1,1,1,-1,1,1,-1,1,1,1,1,1,1,-1,-1,1,1,1,1,1,-1,1,1,1,1,1,1,-1,-1,-1,1,1,1,1,-1,1,1,1,1,-1,1,-1,1,-1,1,1,1,-1,-1,1,1,1,1,1,-1,1,-1,-1,1,-1,1,-1,1,1,1,1,1,1,1,1,1,1,1,-1,1,-1,1,1,-1,1,-1,1,1,-1,1,-1,1,-1,1,-1,1,1,-1,1,-1,1,1,1,1,-1,-1,1,1,-1,-1,1,-1,1,-1,-1,1,-1,1,-1,1,-1,1,-1,1,1,-1,-1,-1,1,1,-1,1,-1,1,1,1,-1,1,1,-1,-1,-1,1,-1,1,-1,1,-1,1,1,-1,1,-1,-1,-1,1,1,-1,1,-1,-1,-1,1,1,-1,-1,1,1,-1,-1,1,1,-1,1,1,-1,1,1,1,1,-1,1,-1,1,1,-1,1,-1,1,1,-1,1,1,1,1,1,-1,-1,1,-1,-1,-1,1,1,-1,1,1,1,-1,1,-1,-1,1,1,1,-1,1,-1,1,1,1,-1,-1,1,-1,1,1,1,-1,1,1,-1,-1,1,1,1,-1,1,-1,1,1,1,-1,1,1,-1,1,1,1,-1,1,-1,-1,1,1,1,-1,1,-1,-1,-1,1,1,-1,1,-1,-1,1,-1,1,-1,1,1,-1,-1,1,1,1,-1,1,-1,-1,1,1,-1,1,-1,-1,-1,-1,-1,-1,1,1,-1,-1,1,1,-1,1,-1,-1,-1,1,1,1,1,-1,-1,1,1,1,-1,1,-1,-1,-1,-1,1,1,1,1,-1,-1,1,1,1,1,-1,-1,-1,-1,-1,1,-1,1,-1,1,-1,1,1,1,-1,-1,1,1,-1,1,-1,1,-1,-1,1,-1,1,1,-1,-1,-1,1,-1,-1,1,1,-1,-1,1,-1,1,1,-1,1,-1,1,-1,-1,1,1,-1,1,1,-1,1,1,-1,-1,1,1,-1,1,-1,1,-1,1,-1,-1,1,-1,1,-1,1,-1,-1,1,-1,-1,-1,1,-1,-1,1,1,1,-1,1,-1,-1,1,-1,-1,1,-1,1,-1,1,1,1,-1,1,1,-1,-1,-1,1,-1,1,-1,-1,1,-1,1,1,-1,1,-1,-1,1,1,-1,-1,1,-1,-1,1,1,1,1,1,1,-1,1,1,1,-1,1,1,1,-1,-1,-1,1,-1,-1,1,-1,1,-1,1,-1,1,-1,-1,-1,1,1,-1,1,1,-1,-1,-1,1,-1,1,1,-1,1,-1,1,-1,-1,-1,-1,-1,-1,1,-1,-1,-1,-1,-1,-1,1,-1,1,1,1,1,-1,1,-1,1,1,-1,-1,-1,1,-1,-1,1,-1,1,-1,-1,1,1,1,1,-1,-1,1,1,1,1,-1,1,-1,-1,1,1,1,-1,-1,-1,1,1,1,1,-1,-1,-1,1,-1,1,-1,1,1,-1,-1,1,1,1,-1,-1,-1,1,1,1,1,1,-1,-1,-1,1,1,1,1,-1,-1,-1,1,1,1,-1,-1,-1,1,1,1,1,1,-1,-1,-1,1,1,1,-1,-1,-1,-1,1,1,-1,1,-1,-1,-1,1,1,1,1,-1,-1,1,1,1,1,1,-1,1,1,-1,1,1,-1,-1,-1,1,1,1,1,1,-1,1,1,1,1,1,1,-1,-1,1,-1,1,-1,1,-1,-1,1,-1,1,1,-1,-1,-1,1,-1,1,1,-1,1,-1,1,1,1,-1,1,1,-1,1,-1,1,-1,-1,-1,-1,1,1,-1,-1,-1,-1,-1,1,-1,1,-1,-1,-1,-1,-1,-1,-1,1,-1,-1,-1,1,-1,-1,1,-1,-1,-1,-1,-1,-1,1,-1,-1,-1,-1,-1,1,-1,-1,-1,1,-1,-1,1,-1,1,-1,-1,-1,-1,-1,-1,-1,1,-1,-1,-1,1,1,-1,-1,-1,1,-1,-1,-1,-1,-1,1,-1,-1,1,-1,1,-1,-1,-1,-1,1,-1,1,1,-1,1,-1,-1,1,1,-1,-1,-1,-1,-1,-1,1,1,-1,-1,1,-1,1,1,-1,-1,-1,1,-1,-1,1,-1,-1,1,-1,-1,1,1,1,-1,1,-1,1,1,1,-1,-1,1,-1,-1,1,-1,1,-1,1,-1,-1,1,1,-1,1,1,-1,-1,1,1,1,1,1,-1,-1,1,1,1,1,1,-1,-1,1,1,1,1,1,1,-1,-1,1,1,1,1,-1,-1,1,-1,1,1,1,1,-1,-1,1,-1,1,1,1,-1,1,1,1,1,-1,1,-1,1,1,1,1,1,1,1,-1,1,1,1,1,-1,1,-1,1,1,1,1,1,-1,1,1,1,1,-1,1,1,-1,1,1,-1,1,1,-1,-1,1,1,1,1,-1,1,-1,1,1,1,-1,-1,1,-1,1,1,1,-1,1,-1,-1,-1,1,1,-1,-1,1,-1,-1,1,1,-1,-1,1,-1,-1,1,1,1,-1,1,-1,-1,1,1,-1,-1,-1,1,-1,1,1,-1,1,1,-1,1,1,-1,-1,1,-1,-1,-1,1,1,-1,1,1,-1,1,1,-1,-1,-1,-1,1,-1,-1,-1,-1,1,-1,-1,1,1,-1,1,1,-1,1,1,1,1,-1,1,-1,1,1,1,1,-1,1,-1,-1,1,1,1,-1,1,-1,1,1,1,1,-1,1,-1,1,1,1,-1,-1,1,-1,-1,1,1,-1,-1,-1,1,-1,1,-1,1,-1,1,-1,-1,1,-2668.0,1,2000,445,500,False
1734,1,1,-1,-1,1,1,-1,-1,1,1,1,-1,1,1,1,1,-1,1,-1,-1,-1,-1,1,1,1,-1,-1,-1,1,1,1,1,-1,-1,-1,-1,1,1,1,1,-1,-1,-1,1,1,1,1,-1,1,1,1,1,-1,1,-1,-1,1,-1,1,1,1,-1,-1,-1,1,1,1,1,-1,-1,-1,1,1,1,1,-1,-1,-1,1,1,1,-1,-1,-1,1,1,1,1,-1,-1,-1,1,1,1,1,-1,-1,1,1,-1,1,1,-1,-1,1,1,1,1,1,-1,-1,1,1,-1,1,1,-1,-1,1,1,1,1,1,1,-1,1,1,1,-1,1,1,-1,1,1,1,1,1,1,-1,-1,1,1,-1,1,1,-1,1,1,1,1,1,1,-1,-1,-1,1,1,1,1,-1,1,1,1,1,-1,1,-1,1,-1,1,1,1,-1,-1,1,1,1,-1,1,-1,1,-1,-1,1,1,1,-1,1,1,1,1,-1,1,1,1,1,1,1,-1,1,-1,1,1,-1,1,-1,1,1,-1,1,-1,1,-1,1,-1,1,1,-1,-1,-1,1,1,1,1,-1,-1,1,1,-1,-1,1,-1,1,1,-1,1,-1,1,-1,1,-1,1,-1,-1,1,-1,-1,1,1,1,-1,1,-1,1,1,1,-1,1,1,-1,1,-1,1,-1,1,-1,1,-1,1,1,-1,1,-1,-1,-1,1,1,-1,1,-1,-1,-1,-1,1,-1,-1,1,1,-1,-1,1,1,-1,1,1,-1,1,1,1,1,-1,1,-1,1,1,-1,1,-1,1,1,-1,1,1,1,1,1,-1,-1,1,-1,-1,-1,1,1,-1,1,1,1,-1,1,-1,-1,1,1,1,1,1,-1,1,1,1,-1,1,1,-1,1,1,1,-1,1,1,-1,1,-1,1,1,-1,1,-1,1,1,1,-1,1,1,-1,1,1,1,-1,1,-1,-1,1,1,1,-1,1,-1,-1,1,1,1,-1,1,-1,-1,-1,-1,1,-1,1,1,-1,1,1,1,1,1,1,-1,-1,-1,1,-1,1,-1,-1,1,-1,-1,-1,1,-1,-1,1,-1,1,-1,1,-1,1,-1,1,1,1,1,-1,1,-1,1,1,-1,1,-1,-1,-1,-1,1,1,1,1,-1,-1,1,1,1,1,-1,-1,1,-1,-1,1,-1,1,-1,1,-1,1,1,1,-1,-1,1,1,-1,1,-1,1,-1,-1,1,-1,1,1,-1,-1,-1,1,-1,-1,1,1,-1,-1,1,-1,1,1,-1,1,-1,1,-1,-1,1,1,-1,-1,1,-1,1,1,-1,-1,1,1,-1,1,-1,1,-1,1,-1,-1,1,-1,1,-1,1,-1,-1,1,-1,-1,-1,1,-1,-1,1,1,1,-1,1,-1,-1,1,-1,-1,1,-1,1,-1,1,1,1,-1,1,1,-1,-1,-1,1,-1,1,-1,-1,1,-1,1,1,1,1,-1,-1,1,1,-1,1,1,1,-1,1,1,1,-1,1,1,-1,1,1,1,1,1,1,1,-1,-1,-1,1,-1,1,1,1,1,-1,1,-1,1,-1,-1,-1,1,1,-1,1,1,-1,-1,-1,1,-1,1,1,-1,1,-1,1,-1,-1,-1,-1,-1,-1,1,-1,-1,-1,-1,-1,-1,1,-1,1,1,1,1,-1,1,-1,1,1,-1,-1,-1,1,-1,-1,1,-1,1,-1,-1,1,1,1,1,-1,-1,1,1,1,1,-1,1,-1,-1,1,1,1,-1,-1,-1,1,1,1,1,-1,1,-1,1,-1,1,-1,1,1,-1,-1,1,1,1,-1,-1,-1,-1,1,1,1,1,-1,-1,-1,1,1,1,1,-1,-1,-1,1,-1,1,-1,-1,-1,-1,1,1,1,1,-1,1,-1,1,-1,1,1,-1,-1,-1,1,1,-1,1,-1,-1,-1,1,1,1,1,-1,-1,1,-1,1,-1,-1,-1,1,1,-1,1,1,-1,-1,-1,1,1,-1,1,1,-1,1,1,1,-1,1,-1,-1,-1,1,-1,1,-1,-1,-1,1,-1,1,-1,1,-1,-1,-1,-1,-1,-1,1,-1,-1,-1,1,1,-1,1,-1,-1,1,-1,-1,-1,1,-1,-1,-1,1,1,1,-1,-1,-1,-1,1,-1,1,-1,-1,-1,-1,-1,-1,-1,1,-1,-1,-1,1,-1,-1,1,-1,-1,-1,-1,-1,1,1,-1,-1,-1,-1,-1,1,-1,-1,-1,1,-1,-1,1,-1,1,-1,-1,-1,-1,-1,-1,-1,1,-1,-1,-1,1,1,1,-1,-1,1,-1,1,-1,-1,-1,1,-1,-1,1,-1,1,-1,-1,-1,-1,1,-1,1,1,-1,1,-1,-1,1,1,-1,-1,-1,-1,-1,-1,1,1,-1,-1,1,-1,1,1,-1,-1,-1,1,-1,1,1,-1,-1,1,-1,-1,1,1,1,-1,1,-1,1,1,1,-1,-1,1,-1,-1,1,1,1,-1,1,-1,-1,1,1,-1,1,1,-1,-1,1,1,-1,1,1,-1,-1,1,1,-1,1,1,-1,-1,1,1,1,1,-1,1,-1,-1,1,1,-1,1,-1,-1,1,-1,1,1,1,1,-1,-1,1,-1,1,1,1,-1,1,1,1,1,-1,1,-1,1,1,1,1,1,1,1,-1,1,1,1,1,-1,1,-1,1,1,1,1,1,-1,1,1,1,1,-1,1,1,-1,1,1,-1,1,1,-1,-1,1,1,1,1,-1,1,-1,1,1,1,-1,-1,1,-1,1,1,1,-1,1,-1,-1,-1,1,1,-1,-1,1,-1,-1,1,1,-1,-1,1,-1,-1,1,1,1,-1,1,-1,-1,1,1,-1,-1,-1,1,-1,1,1,-1,1,1,-1,1,1,-1,-1,1,-1,-1,-1,1,1,-1,1,1,-1,1,1,-1,-1,-1,-1,1,-1,-1,-1,-1,-1,-1,-1,1,1,-1,1,1,-1,1,1,1,1,-1,1,-1,1,1,1,1,-1,1,-1,-1,1,1,1,-1,1,-1,1,1,1,1,-1,1,-1,1,1,1,-1,-1,1,-1,-1,1,1,-1,-1,-1,1,-1,1,-1,1,-1,1,-1,-1,1,-2668.0,1,2000,445,500,False
1735,1,1,-1,-1,1,-1,-1,-1,1,1,1,-1,1,1,1,1,-1,1,-1,-1,-1,-1,1,1,1,-1,-1,-1,1,1,1,1,1,-1,-1,-1,1,1,1,1,-1,-1,-1,1,1,1,1,-1,1,1,1,1,-1,1,-1,-1,1,-1,1,1,-1,-1,-1,-1,1,1,1,1,-1,-1,-1,1,1,1,1,-1,-1,-1,1,1,1,-1,-1,-1,1,1,1,1,-1,-1,-1,1,1,1,1,-1,-1,1,1,-1,1,1,-1,-1,1,1,1,1,1,-1,-1,1,1,1,1,1,-1,-1,1,1,1,1,1,1,-1,-1,1,1,-1,1,1,-1,1,1,1,1,1,1,-1,1,1,1,1,1,1,-1,1,1,1,1,1,1,-1,-1,-1,1,1,1,1,-1,1,1,1,1,-1,1,-1,1,-1,1,1,1,-1,-1,1,1,1,1,1,-1,1,-1,-1,1,-1,1,-1,1,1,1,1,1,1,1,1,1,-1,1,-1,1,-1,1,1,-1,1,-1,1,1,-1,1,-1,1,-1,1,-1,1,1,-1,-1,-1,1,1,1,1,-1,-1,1,1,-1,-1,1,-1,1,-1,1,1,-1,1,-1,1,-1,1,-1,1,1,-1,1,-1,1,1,-1,1,-1,1,1,1,-1,1,1,-1,1,-1,1,-1,1,-1,1,-1,1,1,-1,1,-1,-1,-1,1,1,-1,1,-1,-1,-1,1,1,-1,-1,1,1,-1,-1,1,1,-1,1,1,-1,1,1,1,1,-1,1,-1,1,1,-1,1,-1,1,1,-1,1,1,1,1,1,-1,-1,1,-1,-1,-1,1,1,-1,1,1,1,-1,1,-1,-1,1,1,1,1,1,-1,1,1,1,-1,-1,1,-1,1,1,1,-1,1,1,-1,-1,1,1,1,-1,1,-1,1,1,1,-1,1,1,-1,1,1,1,-1,1,-1,-1,1,1,1,-1,1,-1,-1,-1,1,1,-1,1,-1,-1,1,-1,1,-1,1,1,-1,-1,1,1,1,-1,1,-1,-1,1,1,-1,1,-1,-1,-1,-1,-1,-1,1,-1,-1,-1,1,1,-1,1,-1,-1,-1,1,1,1,1,-1,-1,1,1,1,-1,1,-1,-1,-1,-1,1,1,1,1,-1,-1,1,1,1,1,-1,-1,1,-1,-1,1,-1,1,-1,-1,1,-1,1,-1,-1,-1,1,1,-1,1,-1,1,-1,-1,1,-1,1,1,-1,-1,-1,1,-1,-1,1,1,-1,-1,1,-1,1,1,-1,1,-1,1,-1,-1,1,1,-1,-1,1,-1,1,1,-1,-1,1,1,-1,1,-1,1,-1,1,-1,1,1,-1,1,-1,1,-1,-1,1,-1,-1,-1,1,-1,-1,1,-1,1,-1,1,-1,-1,1,-1,-1,1,-1,1,-1,1,-1,1,-1,1,1,-1,1,-1,1,-1,1,-1,-1,1,-1,1,1,1,1,-1,-1,1,1,-1,1,1,-1,1,1,1,1,-1,1,1,-1,1,1,1,1,-1,1,1,-1,-1,-1,1,-1,1,1,-1,1,-1,1,-1,1,-1,-1,-1,1,1,-1,1,1,-1,-1,-1,1,-1,1,1,-1,1,-1,1,-1,-1,-1,-1,-1,-1,1,-1,-1,-1,-1,-1,-1,1,-1,1,1,1,1,-1,1,-1,1,1,-1,-1,-1,1,-1,-1,1,-1,1,-1,-1,1,1,1,1,-1,-1,1,1,1,1,-1,1,-1,-1,1,1,1,-1,-1,-1,-1,1,1,1,-1,-1,-1,1,-1,1,-1,1,1,-1,-1,1,1,1,-1,-1,-1,1,1,1,1,1,-1,-1,-1,1,1,1,1,-1,-1,-1,1,1,1,-1,-1,-1,-1,1,1,1,1,-1,-1,1,1,1,1,1,-1,-1,-1,1,1,-1,1,-1,-1,-1,1,1,1,1,-1,-1,1,1,1,1,-1,-1,1,1,-1,1,1,-1,-1,-1,1,1,1,1,1,-1,1,1,1,1,1,-1,-1,-1,1,-1,1,-1,-1,-1,-1,1,-1,1,1,-1,-1,-1,1,-1,1,1,-1,-1,-1,1,1,1,1,-1,-1,-1,1,-1,1,1,-1,-1,-1,1,1,-1,-1,-1,-1,-1,1,-1,1,-1,-1,-1,-1,-1,-1,-1,1,-1,-1,-1,1,-1,-1,1,-1,-1,-1,-1,-1,-1,1,-1,-1,-1,-1,-1,1,-1,-1,-1,1,-1,-1,1,-1,1,-1,-1,-1,-1,-1,-1,-1,1,-1,-1,-1,1,1,-1,-1,-1,-1,1,-1,-1,-1,-1,1,-1,-1,1,1,1,-1,-1,-1,-1,1,-1,1,1,-1,1,-1,-1,1,1,-1,-1,-1,-1,-1,-1,1,1,-1,-1,1,-1,1,1,-1,-1,-1,1,-1,1,1,-1,-1,1,-1,-1,1,1,1,-1,1,-1,1,1,1,-1,-1,1,-1,-1,1,1,1,-1,1,-1,-1,1,1,-1,1,1,-1,-1,1,1,1,1,1,-1,-1,1,1,1,1,1,-1,-1,1,1,1,1,1,1,-1,-1,1,1,-1,1,-1,-1,1,-1,1,1,1,1,-1,-1,1,-1,1,1,1,-1,1,-1,1,1,-1,1,-1,1,1,1,1,1,1,1,-1,-1,1,1,1,-1,1,-1,1,1,1,1,1,-1,1,-1,1,1,-1,1,1,-1,-1,1,-1,1,1,-1,-1,1,1,1,1,-1,1,-1,-1,1,1,-1,-1,1,-1,1,1,1,-1,1,-1,-1,-1,1,1,-1,-1,1,-1,-1,1,1,1,-1,1,-1,-1,1,1,1,-1,1,-1,-1,1,1,-1,-1,-1,1,-1,-1,1,-1,1,1,-1,1,1,-1,-1,1,1,-1,-1,1,1,-1,1,1,-1,1,1,-1,-1,-1,-1,1,-1,-1,-1,-1,1,-1,-1,1,1,-1,1,1,-1,1,1,1,1,-1,1,-1,1,1,1,-1,-1,1,-1,-1,1,1,-1,-1,1,-1,1,1,1,-1,-1,1,-1,1,1,1,-1,-1,1,-1,-1,1,1,-1,-1,-1,1,-1,1,1,1,-1,1,-1,-1,1,-2668.0,1,2000,445,500,False
1736,-1,-1,1,1,1,1,-1,1,-1,-1,-1,1,-1,1,-1,-1,1,-1,1,1,1,1,-1,-1,-1,1,-1,-1,-1,-1,-1,-1,1,1,-1,1,1,-1,-1,-1,1,-1,1,-1,-1,1,-1,-1,1,-1,-1,-1,1,-1,1,-1,-1,1,-1,-1,-1,1,1,1,-1,1,-1,-1,-1,-1,1,-1,-1,-1,-1,-1,1,1,-1,-1,-1,1,1,-1,-1,-1,-1,1,-1,1,-1,-1,-1,1,-1,-1,-1,1,-1,1,1,1,-1,-1,1,-1,-1,1,1,-1,-1,1,-1,-1,1,1,-1,-1,1,-1,-1,1,1,-1,-1,-1,-1,-1,1,1,-1,-1,1,-1,-1,1,1,1,-1,1,-1,-1,1,1,-1,-1,1,-1,-1,-1,1,1,-1,1,1,-1,1,1,1,-1,1,1,-1,-1,1,1,-1,1,1,-1,1,1,-1,1,1,-1,-1,1,1,-1,1,-1,1,-1,1,1,-1,1,1,-1,-1,-1,1,1,1,1,1,-1,1,1,-1,1,1,1,-1,1,1,-1,-1,1,1,-1,1,1,-1,1,1,1,-1,1,1,1,1,1,1,1,-1,1,-1,-1,1,1,-1,-1,1,1,-1,1,1,-1,-1,1,-1,1,1,1,1,-1,1,1,-1,1,1,-1,1,1,-1,1,1,1,-1,-1,1,-1,1,-1,1,1,1,1,-1,1,-1,1,1,1,1,-1,1,-1,1,1,1,1,-1,-1,1,1,1,1,1,1,-1,1,1,-1,-1,1,1,1,-1,1,1,1,1,-1,1,-1,1,1,1,-1,1,-1,-1,1,1,1,1,-1,-1,-1,1,-1,1,1,1,1,-1,1,1,1,1,1,1,-1,1,1,1,1,1,1,-1,1,1,1,1,1,-1,1,1,1,-1,1,1,1,-1,1,1,1,1,1,-1,1,1,-1,1,1,1,-1,1,1,1,1,1,1,1,1,1,1,-1,1,1,-1,1,1,1,1,-1,1,-1,1,-1,1,-1,1,1,1,1,-1,1,1,-1,1,-1,1,1,1,-1,-1,-1,-1,1,-1,1,-1,1,1,-1,1,1,-1,-1,1,1,1,1,1,-1,1,1,1,-1,1,1,1,1,-1,1,1,1,-1,1,-1,1,1,1,1,1,1,-1,-1,-1,1,-1,1,1,1,-1,1,1,1,1,1,1,1,-1,1,-1,-1,1,-1,1,-1,1,1,-1,1,1,1,-1,-1,1,-1,1,1,1,-1,1,1,1,-1,1,1,-1,-1,1,-1,1,1,1,-1,1,1,1,1,1,1,-1,1,-1,-1,1,1,-1,-1,1,-1,-1,1,1,-1,-1,1,-1,1,1,1,-1,-1,1,1,-1,1,1,-1,-1,1,-1,1,1,1,1,-1,1,-1,-1,-1,1,1,-1,-1,-1,1,-1,1,-1,-1,1,-1,-1,1,-1,1,-1,-1,1,-1,1,-1,1,1,-1,1,-1,-1,1,1,1,-1,1,-1,1,-1,-1,1,1,-1,1,1,-1,-1,1,1,1,-1,1,-1,1,-1,1,1,1,-1,-1,-1,1,-1,1,1,1,-1,-1,-1,1,1,-1,1,-1,-1,-1,1,1,1,1,-1,-1,1,1,1,1,1,-1,-1,-1,-1,1,-1,1,-1,1,-1,-1,1,1,1,-1,1,1,-1,1,-1,1,1,-1,-1,-1,-1,1,1,1,-1,1,-1,1,1,1,1,-1,-1,1,-1,1,1,-1,-1,-1,-1,-1,1,1,-1,1,-1,1,1,1,1,1,-1,-1,-1,-1,1,1,-1,1,-1,-1,1,1,1,1,-1,1,-1,-1,1,1,1,-1,1,-1,1,1,1,1,-1,-1,-1,1,1,-1,1,-1,1,-1,-1,1,1,1,-1,-1,1,-1,1,1,1,-1,-1,-1,-1,1,1,-1,1,-1,1,-1,1,-1,-1,1,-1,1,-1,1,1,-1,-1,1,-1,1,1,-1,1,-1,1,-1,1,-1,1,-1,-1,1,-1,1,1,-1,1,-1,1,-1,-1,1,-1,1,-1,1,-1,1,1,-1,1,-1,1,-1,1,1,-1,-1,1,1,-1,-1,1,-1,1,-1,-1,-1,-1,1,1,-1,-1,1,-1,-1,1,-1,1,1,-1,1,-1,1,-1,1,-1,-1,1,-1,1,1,-1,-1,1,1,-1,1,-1,-1,-1,1,-1,-1,-1,1,-1,-1,1,-1,1,1,-1,-1,-1,-1,-1,-1,1,-1,-1,-1,1,1,-1,1,-1,-1,1,-1,-1,-1,1,-1,-1,-1,1,-1,1,1,1,-1,-1,1,-1,1,1,-1,1,-1,-1,1,1,1,-1,-1,-1,-1,-1,1,-1,-1,-1,1,-1,1,1,1,1,-1,1,-1,1,1,1,-1,1,-1,-1,1,1,-1,1,1,-1,1,1,1,1,-1,1,-1,-1,1,1,1,-1,1,-1,-1,1,1,1,1,1,-1,-1,1,1,1,1,1,-1,-1,1,1,1,1,1,-1,-1,1,1,-1,1,1,1,-1,-1,1,-1,1,1,-1,-1,1,-1,-1,1,1,1,-1,-1,1,-1,1,1,1,-1,1,1,-1,1,-1,1,-1,1,1,-1,1,1,1,1,-1,1,1,1,1,-1,1,-1,1,1,1,1,1,-1,1,1,1,1,-1,-1,1,-1,1,1,-1,1,1,-1,-1,1,-1,1,-1,1,1,-1,1,-1,1,-1,-1,1,-1,1,-1,1,-1,1,-1,-1,-1,1,1,-1,-1,1,-1,-1,-1,1,1,-1,1,-1,-1,-1,1,-1,1,-1,-1,-1,1,-1,-1,-1,1,1,-1,1,1,-1,1,1,-1,1,1,-1,-1,1,-1,-1,-1,-1,-1,-1,1,1,-1,1,1,-1,-1,-1,-1,1,-1,-1,-1,-1,1,-1,-1,1,1,-1,1,1,-1,1,1,-1,-1,-1,1,-1,1,1,1,-1,-1,1,-1,-1,1,1,-1,-1,1,-1,1,1,1,1,-1,1,-1,1,1,-1,-1,-1,1,-1,-1,1,1,-1,-1,-1,1,-1,1,-1,1,-1,1,-1,-1,1,-2668.0,1,2000,445,500,False
1737,1,1,-1,-1,1,-1,-1,-1,1,1,1,-1,1,1,1,1,-1,1,-1,-1,-1,1,1,1,1,-1,-1,-1,1,1,1,1,-1,-1,-1,-1,1,-1,1,1,-1,-1,-1,1,1,1,1,-1,1,1,1,1,-1,1,-1,-1,1,-1,1,1,1,-1,-1,1,1,1,1,1,-1,-1,1,1,1,1,1,-1,-1,-1,1,1,1,-1,-1,-1,1,1,1,1,-1,-1,-1,1,1,1,1,-1,-1,1,1,-1,1,1,-1,-1,1,1,1,1,1,-1,-1,-1,1,1,1,1,-1,-1,1,1,1,1,1,1,-1,-1,1,1,-1,1,1,-1,1,1,1,1,1,1,-1,1,1,1,1,1,1,-1,1,1,1,1,1,1,-1,-1,-1,1,1,1,1,-1,1,-1,1,1,-1,1,-1,1,-1,1,1,1,-1,-1,1,1,1,1,1,-1,1,-1,-1,1,-1,1,-1,1,1,1,1,1,1,1,1,1,-1,1,-1,1,-1,1,1,-1,1,-1,1,1,-1,1,-1,1,-1,1,-1,1,1,-1,-1,-1,1,1,1,1,-1,-1,1,1,-1,-1,1,-1,1,-1,-1,1,-1,1,-1,1,-1,1,-1,1,1,-1,1,-1,1,1,-1,1,-1,1,1,1,-1,1,1,-1,1,-1,1,-1,1,-1,1,-1,1,1,-1,1,-1,-1,-1,1,1,-1,1,-1,-1,-1,1,1,-1,-1,1,1,-1,-1,1,1,-1,1,1,-1,1,1,1,1,-1,1,-1,1,1,-1,1,-1,1,-1,1,1,1,1,1,1,-1,-1,1,-1,-1,-1,1,1,-1,1,1,1,-1,1,1,1,1,1,1,-1,1,-1,1,1,1,-1,-1,1,-1,1,1,1,-1,1,1,-1,-1,1,1,1,-1,1,-1,1,1,1,-1,1,1,-1,1,1,1,-1,1,1,-1,1,1,1,-1,1,1,-1,-1,1,1,-1,1,1,-1,1,-1,1,-1,1,1,1,-1,1,1,1,1,1,1,-1,1,1,-1,1,1,1,-1,-1,-1,-1,1,1,1,-1,1,1,-1,1,1,-1,-1,1,1,1,1,1,-1,1,1,1,-1,1,1,1,-1,-1,1,1,1,-1,1,-1,1,1,1,1,1,1,-1,-1,-1,1,-1,-1,1,1,-1,1,1,1,1,1,1,1,-1,1,-1,-1,1,-1,1,-1,1,1,-1,1,1,1,-1,-1,1,-1,1,1,1,-1,1,1,1,-1,1,1,-1,-1,1,-1,1,1,1,-1,1,1,1,1,1,1,-1,1,-1,-1,1,1,-1,-1,1,-1,1,1,1,-1,-1,1,-1,1,1,1,-1,-1,1,-1,-1,1,1,-1,-1,1,-1,1,1,1,1,-1,1,1,-1,1,1,1,-1,-1,-1,-1,1,1,-1,-1,1,-1,-1,1,-1,1,-1,-1,1,-1,1,-1,1,-1,-1,1,-1,-1,1,1,1,-1,1,-1,1,-1,1,1,1,-1,-1,1,1,-1,-1,1,1,-1,1,1,-1,1,1,1,-1,1,1,-1,-1,-1,1,-1,-1,1,-1,-1,1,1,-1,-1,1,-1,-1,1,1,1,-1,1,-1,-1,1,1,-1,-1,1,-1,-1,-1,1,1,-1,1,1,-1,-1,1,-1,-1,1,-1,1,-1,1,1,-1,-1,1,-1,-1,-1,-1,-1,1,1,1,-1,-1,1,-1,-1,1,-1,-1,1,-1,-1,-1,1,-1,-1,1,-1,-1,1,1,-1,1,-1,-1,-1,-1,1,1,-1,-1,-1,-1,-1,1,-1,-1,1,-1,-1,-1,1,1,-1,-1,-1,-1,-1,1,-1,-1,-1,-1,-1,-1,1,1,-1,-1,-1,-1,1,1,1,-1,-1,-1,-1,-1,1,1,1,-1,-1,-1,-1,1,1,-1,-1,-1,-1,1,1,1,1,-1,-1,1,1,1,1,1,-1,-1,-1,1,1,1,-1,1,-1,1,1,1,1,-1,1,-1,-1,1,-1,1,-1,1,-1,-1,1,-1,1,-1,-1,-1,-1,1,-1,1,-1,1,1,-1,1,-1,1,-1,1,1,-1,1,-1,1,-1,-1,-1,-1,1,1,-1,-1,-1,-1,-1,1,-1,1,-1,-1,-1,-1,-1,-1,-1,1,-1,-1,-1,1,-1,-1,1,-1,-1,-1,-1,-1,-1,1,-1,-1,-1,-1,-1,1,-1,-1,-1,1,-1,-1,1,-1,1,-1,-1,-1,-1,-1,-1,-1,1,-1,-1,-1,1,1,1,-1,-1,1,1,-1,-1,-1,-1,1,-1,-1,1,-1,1,-1,-1,-1,-1,1,-1,1,1,-1,1,-1,-1,1,1,-1,-1,-1,-1,-1,-1,1,1,-1,-1,1,-1,1,1,-1,-1,-1,1,-1,1,1,-1,-1,1,-1,-1,1,1,1,-1,1,-1,1,1,1,-1,-1,1,-1,-1,1,1,1,-1,1,-1,-1,1,1,-1,1,1,-1,-1,1,1,1,1,1,-1,-1,1,1,-1,1,1,-1,-1,1,1,1,1,1,1,-1,-1,1,1,-1,1,-1,-1,1,-1,1,1,1,1,-1,-1,1,-1,1,1,1,-1,1,1,1,1,-1,1,-1,1,1,1,1,1,1,1,-1,1,1,1,1,-1,1,-1,1,1,1,1,1,-1,1,1,1,1,-1,1,1,-1,1,1,-1,1,1,-1,-1,1,1,1,1,-1,1,-1,1,1,1,-1,-1,1,-1,1,1,1,-1,1,-1,-1,-1,1,1,-1,-1,1,-1,-1,1,1,-1,-1,1,-1,-1,1,1,1,-1,1,-1,-1,1,1,-1,-1,-1,1,-1,-1,1,-1,1,1,-1,1,1,-1,-1,1,-1,-1,-1,1,1,-1,1,1,-1,1,1,-1,-1,-1,-1,1,-1,-1,-1,-1,1,-1,-1,1,1,-1,1,1,-1,1,1,1,1,-1,1,-1,1,1,1,-1,-1,1,-1,-1,1,1,-1,-1,1,-1,1,1,1,-1,-1,1,-1,1,1,1,1,-1,1,-1,-1,1,1,-1,-1,-1,1,-1,1,1,1,-1,1,-1,-1,1,-2668.0,1,2000,445,500,False
1738,1,1,-1,-1,1,1,-1,-1,1,1,1,-1,1,1,1,1,-1,1,1,-1,-1,-1,1,1,1,1,-1,-1,1,1,1,1,-1,-1,-1,-1,1,-1,1,1,-1,-1,-1,1,1,1,1,-1,1,1,1,1,-1,1,-1,-1,1,-1,1,1,1,-1,-1,-1,1,1,1,1,-1,-1,-1,1,1,1,1,-1,-1,-1,1,1,1,-1,-1,-1,1,1,1,1,-1,-1,1,1,1,1,1,-1,-1,-1,1,-1,1,1,-1,-1,1,1,1,1,1,-1,-1,-1,1,-1,1,1,-1,-1,1,1,1,1,1,1,-1,-1,1,1,-1,1,1,-1,1,1,1,1,1,1,-1,1,1,1,1,1,1,-1,1,1,1,1,1,1,-1,-1,-1,1,1,1,1,-1,1,1,1,1,-1,1,-1,1,-1,1,1,1,-1,-1,1,1,1,1,1,-1,1,-1,-1,1,-1,1,-1,1,1,1,1,1,1,1,1,1,1,1,-1,1,-1,1,1,-1,1,-1,1,1,-1,1,-1,1,-1,1,-1,1,1,-1,1,-1,1,1,1,1,-1,-1,1,1,-1,-1,1,-1,1,-1,-1,1,-1,1,-1,1,-1,1,-1,-1,1,-1,-1,-1,1,1,-1,1,-1,1,1,1,-1,1,1,-1,1,-1,1,-1,1,-1,1,-1,1,1,-1,1,-1,-1,-1,1,1,-1,1,-1,-1,-1,1,1,-1,-1,1,1,-1,-1,1,1,-1,1,1,-1,1,1,1,1,-1,1,-1,1,1,-1,1,-1,1,1,-1,1,1,1,1,1,-1,-1,1,-1,-1,-1,1,1,-1,1,1,1,-1,1,-1,-1,1,1,1,1,1,-1,1,1,1,-1,-1,1,-1,1,1,1,-1,1,1,-1,-1,1,1,1,-1,1,-1,1,1,1,-1,1,1,-1,1,1,1,-1,1,-1,-1,1,1,1,-1,1,-1,-1,-1,1,1,-1,1,-1,-1,1,-1,1,-1,1,1,-1,-1,1,1,1,1,1,-1,-1,1,1,-1,1,-1,-1,-1,-1,-1,-1,1,1,-1,-1,1,1,-1,1,-1,-1,-1,1,1,1,1,1,-1,1,1,1,-1,1,-1,-1,-1,-1,1,1,1,1,-1,-1,1,1,1,1,-1,-1,-1,-1,-1,1,-1,1,-1,1,-1,1,1,1,-1,-1,1,1,-1,1,-1,1,-1,-1,1,-1,1,1,-1,-1,-1,1,-1,-1,1,1,-1,-1,1,-1,1,1,-1,1,-1,1,-1,-1,1,1,-1,1,1,-1,1,1,-1,-1,1,1,-1,1,-1,1,-1,1,-1,-1,1,-1,1,-1,1,-1,-1,1,-1,-1,-1,1,-1,-1,1,-1,1,-1,1,-1,-1,1,-1,-1,1,-1,1,-1,1,1,1,-1,1,1,-1,-1,1,1,-1,1,-1,-1,1,-1,1,1,-1,1,-1,-1,1,1,-1,-1,1,-1,-1,1,1,1,1,1,1,-1,1,1,1,-1,-1,-1,1,-1,-1,-1,1,-1,-1,1,1,1,-1,1,-1,1,-1,-1,-1,1,1,-1,1,1,-1,-1,-1,1,-1,1,1,-1,1,-1,1,-1,-1,-1,-1,-1,-1,1,-1,-1,-1,-1,-1,-1,1,-1,1,1,1,1,-1,1,-1,1,1,-1,-1,-1,1,-1,-1,1,-1,1,-1,-1,1,1,1,1,-1,-1,1,1,1,1,-1,1,-1,-1,1,1,1,-1,-1,-1,1,1,1,1,-1,1,-1,1,-1,1,-1,1,1,-1,-1,1,1,1,-1,-1,-1,-1,1,1,1,1,-1,-1,-1,1,1,1,1,-1,-1,-1,1,1,1,-1,-1,-1,1,1,1,1,1,-1,-1,-1,1,1,1,1,-1,-1,-1,1,1,-1,1,-1,-1,-1,1,1,1,1,-1,-1,1,1,1,1,1,-1,1,1,-1,1,1,-1,-1,-1,1,1,1,1,1,-1,1,1,1,1,1,1,-1,-1,1,-1,1,-1,1,-1,-1,1,-1,1,1,-1,-1,-1,1,-1,1,1,-1,1,-1,1,1,1,-1,1,1,-1,1,-1,1,-1,-1,-1,-1,1,1,-1,-1,-1,-1,-1,1,-1,1,-1,-1,-1,-1,-1,-1,-1,1,-1,-1,-1,1,-1,-1,1,-1,-1,-1,-1,-1,1,1,-1,-1,-1,-1,-1,1,-1,-1,-1,1,-1,-1,1,-1,1,-1,-1,-1,-1,-1,-1,-1,1,-1,-1,-1,1,1,-1,-1,-1,1,-1,-1,-1,-1,-1,1,-1,-1,1,-1,1,-1,-1,-1,-1,1,-1,1,1,-1,1,-1,-1,1,1,-1,-1,-1,-1,-1,-1,1,1,-1,-1,1,-1,1,1,-1,-1,-1,1,-1,1,1,-1,-1,1,-1,-1,1,1,1,-1,1,-1,1,1,1,-1,-1,1,-1,-1,1,1,1,-1,1,-1,-1,1,1,-1,1,1,-1,-1,1,1,-1,1,1,-1,-1,1,1,-1,1,1,-1,-1,1,1,1,1,-1,1,-1,-1,1,-1,1,1,-1,-1,1,-1,1,1,1,1,-1,-1,1,-1,1,1,1,-1,1,1,1,1,-1,1,-1,1,1,1,1,1,1,1,-1,1,1,1,1,-1,1,-1,1,1,1,1,1,-1,1,1,1,1,-1,1,1,-1,1,1,-1,1,1,-1,-1,1,1,1,1,-1,1,-1,1,1,1,-1,-1,1,-1,1,1,1,-1,1,-1,-1,-1,1,1,-1,-1,1,-1,-1,1,1,1,-1,1,-1,-1,1,1,1,-1,1,-1,-1,1,1,-1,-1,-1,1,-1,1,1,-1,1,1,-1,1,1,-1,-1,1,-1,-1,-1,1,1,-1,1,1,-1,1,1,-1,-1,1,-1,1,-1,-1,-1,-1,1,-1,-1,1,1,-1,1,1,-1,1,1,1,1,-1,1,-1,1,1,1,-1,-1,1,-1,-1,-1,1,-1,-1,1,-1,1,1,1,-1,-1,1,-1,1,1,1,1,-1,1,-1,-1,1,1,1,-1,-1,1,-1,1,-1,1,-1,1,-1,-1,1,-2668.0,1,2000,445,500,False
1739,1,1,-1,-1,1,-1,1,-1,1,1,1,-1,1,1,1,1,-1,1,-1,-1,1,-1,1,1,1,-1,-1,-1,1,1,1,1,1,-1,-1,-1,1,-1,1,1,-1,-1,-1,1,1,1,1,-1,1,1,1,1,-1,1,-1,-1,1,-1,1,1,1,-1,-1,-1,1,1,1,1,-1,-1,-1,1,1,1,1,-1,-1,-1,1,1,1,-1,-1,-1,1,1,1,1,-1,-1,-1,1,1,1,1,-1,-1,1,1,-1,1,1,-1,-1,1,1,1,1,1,-1,-1,1,1,-1,1,1,-1,-1,1,1,1,1,1,1,-1,-1,1,1,-1,1,1,-1,1,1,1,1,1,1,-1,-1,1,1,1,1,1,-1,1,1,1,1,1,1,-1,-1,-1,1,1,1,1,-1,1,1,1,1,-1,1,-1,1,-1,1,1,1,-1,-1,1,1,1,1,1,-1,1,-1,-1,1,-1,1,-1,1,1,1,1,1,1,1,1,1,-1,1,-1,1,-1,1,1,-1,1,-1,1,1,-1,1,-1,1,-1,1,-1,1,1,-1,-1,-1,1,1,1,1,-1,-1,1,1,-1,-1,1,-1,1,-1,-1,1,-1,1,-1,1,-1,1,-1,1,1,-1,-1,-1,1,1,-1,1,-1,1,1,1,-1,1,1,-1,-1,-1,1,-1,1,-1,1,-1,1,1,-1,1,-1,-1,-1,1,1,-1,1,-1,-1,-1,1,1,-1,-1,1,1,-1,-1,1,1,-1,1,1,-1,1,1,1,1,-1,1,-1,1,1,-1,1,-1,1,-1,1,1,1,1,1,1,-1,-1,1,-1,-1,-1,1,1,-1,1,1,1,-1,1,1,1,1,1,1,1,1,-1,1,1,1,-1,-1,1,-1,1,1,1,-1,1,1,-1,-1,1,1,1,-1,1,-1,1,1,1,-1,1,1,-1,1,1,1,-1,1,1,-1,1,1,1,-1,1,1,-1,-1,1,1,-1,1,1,-1,1,-1,1,-1,1,-1,1,-1,1,1,1,-1,-1,1,-1,1,1,-1,1,1,1,-1,-1,-1,-1,1,-1,1,-1,1,1,-1,1,1,-1,-1,1,1,1,1,1,-1,1,1,1,-1,1,1,1,-1,-1,1,1,1,-1,1,-1,1,1,1,1,1,1,-1,-1,-1,1,-1,1,1,1,-1,1,1,1,1,1,1,1,-1,1,-1,-1,1,-1,1,-1,1,1,-1,1,1,1,-1,-1,1,-1,1,1,1,-1,1,1,1,-1,1,1,-1,-1,1,-1,1,1,1,-1,1,1,1,1,1,1,-1,1,-1,-1,1,1,-1,-1,1,-1,1,1,1,-1,-1,1,-1,1,1,1,-1,-1,1,1,-1,1,1,-1,-1,1,-1,1,1,1,1,-1,1,-1,-1,1,1,1,-1,-1,-1,-1,1,1,-1,-1,1,-1,-1,1,-1,1,-1,-1,1,-1,1,-1,1,-1,-1,1,-1,-1,1,1,1,-1,1,-1,1,-1,-1,1,1,-1,-1,-1,1,-1,1,1,1,1,-1,1,-1,-1,1,1,-1,1,1,-1,1,-1,1,-1,-1,1,-1,-1,1,1,1,-1,1,-1,-1,1,1,-1,-1,1,-1,1,1,1,-1,-1,1,-1,-1,-1,1,1,-1,1,1,-1,-1,1,-1,-1,1,-1,1,1,1,1,-1,-1,1,-1,-1,-1,-1,-1,1,1,1,-1,-1,1,-1,-1,1,-1,-1,1,-1,-1,1,1,-1,-1,1,1,-1,1,1,-1,1,-1,1,-1,-1,1,1,-1,-1,-1,-1,1,1,-1,-1,1,-1,-1,-1,1,1,-1,-1,-1,-1,-1,1,-1,-1,-1,-1,-1,-1,1,1,-1,-1,-1,-1,1,1,1,-1,-1,-1,-1,-1,1,1,1,-1,-1,-1,-1,1,1,-1,-1,-1,-1,1,1,1,1,-1,-1,1,1,1,1,1,-1,-1,-1,1,1,1,1,1,-1,1,1,1,1,-1,1,-1,-1,1,-1,1,-1,1,-1,-1,1,-1,1,-1,-1,-1,-1,1,-1,1,-1,1,1,-1,1,-1,1,-1,1,1,-1,1,-1,1,-1,-1,-1,-1,1,1,-1,-1,-1,-1,-1,1,-1,1,-1,-1,-1,-1,-1,-1,-1,1,-1,-1,-1,1,-1,-1,1,-1,-1,-1,-1,-1,1,1,-1,-1,-1,-1,-1,1,-1,-1,-1,1,-1,-1,1,-1,1,-1,-1,-1,-1,-1,-1,-1,1,-1,-1,-1,1,1,1,-1,-1,1,-1,-1,-1,-1,-1,1,-1,-1,1,-1,1,-1,-1,-1,-1,1,-1,1,1,-1,1,-1,-1,1,1,-1,-1,-1,-1,-1,-1,1,1,-1,-1,1,-1,1,1,-1,-1,-1,1,-1,-1,1,-1,-1,1,-1,-1,1,1,1,-1,1,-1,1,1,1,-1,-1,1,-1,-1,1,1,1,-1,1,-1,-1,1,1,-1,1,1,-1,-1,1,1,-1,1,1,-1,-1,1,1,1,1,1,-1,-1,1,1,1,1,1,1,-1,-1,1,1,1,1,-1,-1,1,-1,1,1,1,1,-1,-1,1,-1,1,1,1,-1,1,1,1,1,-1,1,-1,1,1,1,1,1,1,1,-1,1,1,1,1,-1,1,-1,1,1,1,1,1,-1,1,1,1,1,-1,1,1,-1,1,1,-1,1,1,-1,-1,1,1,1,1,-1,1,-1,1,1,1,-1,-1,1,-1,1,1,1,-1,1,-1,-1,-1,1,1,-1,-1,1,-1,-1,1,1,1,-1,1,-1,-1,1,1,1,-1,-1,-1,-1,1,1,-1,-1,-1,1,-1,-1,1,-1,1,1,-1,1,1,-1,-1,1,-1,-1,-1,1,1,-1,1,1,-1,1,1,-1,-1,-1,-1,1,-1,-1,-1,-1,1,-1,-1,1,1,-1,1,1,-1,1,1,1,1,-1,1,-1,1,1,1,1,-1,1,-1,-1,1,1,1,-1,1,-1,1,1,1,1,-1,1,-1,1,1,-1,-1,-1,1,-1,-1,1,1,-1,-1,-1,1,-1,1,-1,1,-1,1,-1,-1,1,-2668.0,1,2000,445,1500,False
1740,1,1,-1,-1,1,-1,-1,1,1,1,1,-1,1,1,1,1,-1,1,-1,-1,-1,1,1,1,1,-1,1,-1,1,1,1,1,-1,-1,-1,1,-1,1,1,-1,-1,-1,1,1,1,1,1,-1,1,-1,1,1,-1,1,-1,-1,1,-1,1,1,1,-1,-1,-1,1,1,1,1,-1,-1,1,-1,1,1,1,-1,-1,-1,1,1,1,-1,-1,-1,-1,1,1,1,-1,-1,-1,1,-1,1,1,-1,-1,1,-1,1,1,1,-1,-1,1,-1,-1,1,1,-1,-1,-1,-1,-1,1,1,-1,-1,1,-1,-1,1,1,1,-1,-1,-1,-1,1,1,1,-1,1,-1,-1,1,1,1,-1,1,-1,-1,-1,1,1,-1,1,-1,-1,-1,1,1,-1,-1,1,-1,-1,1,1,-1,1,-1,-1,-1,1,1,-1,1,1,-1,1,1,-1,-1,1,-1,-1,1,1,-1,1,-1,1,-1,1,1,-1,1,1,-1,-1,-1,1,1,1,1,1,-1,-1,1,-1,1,1,1,-1,-1,1,1,-1,1,1,-1,1,1,-1,1,1,1,-1,1,1,1,1,1,1,1,-1,1,-1,-1,1,1,-1,-1,1,1,-1,1,1,-1,-1,1,-1,1,1,1,1,-1,1,1,-1,1,1,-1,1,1,-1,1,1,1,-1,-1,1,-1,1,-1,1,1,1,1,-1,1,-1,1,1,1,1,-1,1,-1,1,1,1,1,-1,-1,1,1,1,1,1,1,-1,1,1,-1,-1,1,1,-1,-1,1,1,1,1,-1,1,-1,1,1,1,-1,1,-1,-1,1,1,1,1,-1,1,-1,1,-1,1,1,1,1,-1,1,1,1,1,1,-1,-1,1,1,1,1,1,1,-1,1,1,1,1,1,-1,1,1,1,-1,1,1,-1,-1,1,1,-1,1,1,1,1,1,-1,1,1,1,1,1,1,1,-1,1,1,1,1,1,1,-1,1,1,1,1,1,1,1,-1,1,-1,1,-1,1,-1,1,1,1,1,-1,1,1,-1,1,-1,1,1,1,-1,-1,-1,-1,1,1,1,-1,1,1,-1,1,1,-1,1,1,1,1,1,1,-1,1,1,1,-1,1,1,1,1,-1,1,1,1,-1,1,-1,1,-1,1,1,1,1,-1,-1,-1,1,-1,1,1,-1,1,-1,-1,1,1,1,1,-1,-1,1,-1,-1,1,-1,1,-1,1,-1,1,1,1,1,-1,-1,1,-1,1,1,-1,-1,1,1,1,-1,1,-1,-1,1,-1,-1,1,-1,-1,-1,1,-1,1,1,-1,1,-1,1,-1,-1,1,-1,-1,1,1,-1,-1,1,-1,-1,-1,1,-1,1,1,-1,-1,1,-1,1,-1,1,1,-1,-1,1,-1,1,-1,1,-1,-1,1,-1,-1,-1,1,-1,-1,-1,-1,1,-1,1,-1,-1,1,-1,-1,1,1,-1,-1,-1,1,-1,1,1,-1,-1,-1,1,-1,-1,1,1,1,-1,1,-1,1,-1,1,-1,1,-1,1,1,-1,-1,1,1,1,-1,1,-1,1,-1,1,1,1,-1,-1,-1,1,-1,1,-1,1,-1,-1,-1,1,1,-1,1,-1,-1,-1,1,1,-1,1,-1,-1,-1,1,1,-1,1,-1,-1,-1,-1,1,1,1,-1,1,-1,-1,1,-1,1,-1,-1,1,-1,1,-1,1,1,-1,-1,-1,-1,-1,1,1,-1,-1,-1,1,-1,-1,1,-1,-1,-1,-1,1,1,-1,-1,-1,-1,-1,1,1,-1,1,-1,1,1,1,1,1,-1,-1,-1,-1,-1,1,-1,1,-1,-1,1,-1,1,1,-1,1,-1,-1,1,1,1,-1,1,-1,1,-1,1,1,-1,1,-1,-1,-1,1,1,-1,1,-1,1,-1,1,1,-1,-1,1,-1,-1,1,1,-1,-1,-1,1,-1,1,1,-1,-1,1,-1,-1,-1,-1,1,-1,1,-1,-1,1,-1,-1,1,-1,1,-1,1,1,-1,1,-1,1,-1,1,-1,1,-1,1,-1,-1,1,1,-1,1,-1,-1,-1,-1,1,-1,1,-1,1,-1,-1,1,-1,1,1,-1,-1,-1,-1,1,1,1,1,-1,-1,1,-1,-1,1,1,-1,-1,-1,-1,1,-1,1,-1,-1,1,1,-1,1,1,-1,-1,1,-1,-1,1,1,-1,-1,-1,-1,1,-1,1,-1,-1,-1,-1,-1,1,-1,-1,1,-1,-1,1,-1,1,-1,-1,-1,-1,-1,1,1,1,-1,-1,-1,1,1,1,-1,-1,-1,1,-1,-1,1,-1,-1,-1,-1,1,1,1,-1,-1,-1,-1,1,-1,1,1,-1,1,-1,-1,1,1,-1,-1,-1,-1,-1,-1,1,1,-1,-1,1,-1,1,1,1,-1,-1,1,-1,1,1,-1,-1,1,-1,-1,1,1,1,-1,1,-1,1,1,1,-1,-1,1,-1,-1,1,1,1,-1,1,-1,-1,1,1,-1,1,1,-1,-1,1,1,1,1,1,-1,-1,1,1,-1,1,1,-1,-1,1,1,1,1,1,1,-1,1,1,1,-1,1,-1,-1,1,-1,1,1,1,1,-1,-1,1,-1,1,1,1,-1,1,1,1,1,-1,1,-1,1,1,1,1,1,1,1,-1,1,1,1,1,-1,1,-1,1,1,1,1,-1,1,-1,1,1,1,-1,-1,1,-1,1,1,-1,1,-1,-1,-1,1,1,1,-1,1,1,-1,1,1,1,-1,-1,-1,-1,1,1,1,-1,-1,-1,-1,-1,1,1,-1,1,-1,-1,-1,1,1,-1,1,-1,-1,1,1,1,1,1,1,-1,-1,1,1,-1,-1,1,1,1,-1,1,-1,1,-1,-1,1,1,-1,-1,1,-1,-1,-1,1,1,-1,1,-1,1,1,1,-1,-1,-1,-1,1,-1,-1,-1,-1,1,-1,1,1,1,-1,1,1,-1,1,1,1,1,-1,1,-1,1,1,1,-1,-1,1,-1,1,1,1,-1,-1,1,-1,1,1,1,-1,-1,1,-1,1,1,1,1,-1,1,-1,-1,1,1,-1,-1,-1,1,-1,1,-1,1,-1,1,-1,-1,1,-2668.0,1,2000,445,1000,True
1741,1,1,-1,-1,1,-1,-1,-1,1,1,1,-1,1,1,1,1,-1,1,-1,-1,-1,-1,1,1,1,-1,1,-1,1,1,1,1,-1,-1,-1,-1,1,-1,1,1,-1,-1,-1,1,1,1,1,-1,1,1,1,1,-1,1,-1,-1,1,-1,1,1,1,-1,-1,-1,1,1,1,1,-1,-1,-1,1,1,1,1,-1,-1,-1,1,1,1,-1,-1,-1,1,1,1,1,-1,-1,-1,1,1,1,1,-1,-1,1,1,-1,1,1,-1,-1,1,1,1,1,1,-1,-1,1,1,1,1,1,-1,-1,1,1,1,1,1,1,-1,-1,1,1,-1,1,1,-1,1,1,1,1,1,1,-1,-1,1,1,1,1,1,-1,1,1,1,1,1,1,-1,-1,-1,1,1,1,1,-1,1,1,1,1,-1,1,-1,1,-1,1,1,1,-1,-1,1,1,1,1,1,-1,1,-1,-1,1,1,1,-1,1,1,1,1,-1,1,1,1,1,-1,1,-1,1,-1,1,1,-1,1,-1,1,1,-1,1,-1,1,-1,1,-1,1,1,-1,1,-1,1,1,1,1,-1,-1,1,1,-1,-1,1,-1,1,1,-1,1,-1,1,-1,1,-1,1,-1,-1,1,-1,-1,1,1,1,-1,1,-1,1,1,1,-1,1,1,-1,1,-1,1,-1,1,-1,1,-1,1,1,-1,1,-1,-1,-1,1,1,-1,1,-1,-1,-1,-1,1,-1,-1,1,1,-1,-1,1,1,-1,1,1,-1,1,1,1,1,-1,1,-1,1,1,-1,1,-1,1,1,-1,1,1,1,1,1,-1,-1,1,-1,-1,1,1,1,-1,1,1,1,-1,1,-1,-1,1,1,1,1,1,-1,1,1,1,-1,1,1,-1,-1,1,1,-1,1,1,-1,1,-1,1,1,-1,1,-1,1,1,1,-1,1,1,-1,1,1,1,-1,1,-1,-1,1,1,1,-1,1,-1,-1,1,1,1,-1,1,-1,-1,-1,-1,1,-1,1,1,-1,1,1,1,1,1,1,-1,-1,-1,1,-1,1,-1,-1,1,-1,-1,-1,1,1,-1,1,-1,1,-1,1,-1,1,-1,1,1,1,1,-1,1,-1,1,1,-1,1,-1,-1,-1,-1,1,1,1,1,-1,-1,1,1,1,1,-1,-1,1,-1,-1,1,-1,1,-1,1,-1,1,1,1,-1,-1,1,1,-1,1,-1,1,-1,-1,1,-1,1,1,-1,-1,-1,1,-1,-1,1,1,-1,-1,-1,-1,1,1,-1,1,-1,1,-1,-1,1,1,-1,-1,1,-1,1,1,-1,-1,1,1,-1,1,-1,1,-1,1,-1,-1,1,-1,1,-1,1,-1,-1,1,-1,-1,-1,1,-1,-1,1,-1,1,-1,1,-1,-1,1,-1,-1,1,-1,1,-1,1,1,1,-1,1,1,-1,-1,1,1,-1,1,-1,-1,1,-1,1,1,1,1,-1,-1,1,1,-1,1,1,-1,-1,1,1,1,-1,1,1,-1,1,1,1,1,-1,1,1,-1,-1,-1,1,-1,-1,1,-1,1,-1,1,-1,1,-1,-1,-1,1,1,-1,1,1,-1,-1,-1,1,-1,1,1,-1,1,-1,1,-1,-1,-1,-1,-1,-1,1,-1,-1,-1,-1,-1,-1,1,-1,1,1,1,1,-1,1,-1,1,1,-1,-1,-1,1,-1,-1,1,-1,1,-1,-1,1,1,1,1,-1,-1,1,1,1,1,-1,1,-1,-1,1,1,1,-1,-1,-1,1,1,1,1,-1,-1,-1,1,-1,1,-1,1,1,-1,-1,1,1,1,-1,-1,-1,1,1,1,1,1,-1,-1,-1,1,1,1,1,-1,-1,-1,1,-1,1,-1,-1,-1,-1,1,1,1,1,-1,-1,-1,1,-1,1,1,-1,-1,-1,1,1,-1,1,-1,-1,-1,1,1,1,1,-1,-1,1,-1,1,1,-1,-1,1,1,-1,1,1,-1,-1,-1,1,1,-1,1,1,-1,1,1,1,-1,1,-1,-1,-1,1,-1,1,-1,-1,-1,-1,-1,1,-1,1,1,-1,-1,-1,1,-1,1,-1,1,-1,1,1,-1,1,-1,1,1,-1,-1,-1,1,-1,-1,-1,1,1,1,-1,-1,-1,-1,1,-1,-1,1,-1,-1,-1,-1,-1,-1,1,-1,-1,-1,1,-1,-1,1,-1,-1,-1,-1,-1,1,1,-1,-1,-1,-1,-1,1,-1,-1,-1,1,-1,-1,1,-1,1,-1,-1,-1,-1,-1,-1,-1,1,-1,-1,-1,1,1,-1,-1,-1,1,-1,1,-1,-1,-1,1,-1,-1,1,-1,1,-1,-1,-1,-1,1,-1,1,1,-1,1,-1,-1,1,1,-1,-1,-1,-1,-1,-1,1,1,-1,-1,1,-1,1,1,-1,-1,-1,1,-1,-1,1,-1,-1,1,-1,-1,1,1,1,-1,1,-1,1,1,1,-1,-1,1,-1,-1,1,-1,1,-1,1,-1,-1,1,1,-1,1,1,-1,-1,1,1,-1,1,1,-1,-1,1,1,-1,1,1,-1,-1,1,1,1,1,-1,1,-1,-1,1,1,-1,1,-1,-1,1,-1,1,1,1,1,-1,-1,1,-1,1,1,1,-1,1,1,1,1,-1,1,-1,1,1,1,1,1,1,1,-1,1,1,1,1,-1,1,-1,1,1,1,1,1,-1,1,1,1,1,-1,1,1,-1,1,1,-1,1,1,-1,-1,1,1,1,1,-1,1,-1,1,1,1,-1,-1,1,-1,1,1,1,-1,1,-1,-1,-1,1,1,-1,-1,1,-1,-1,1,1,-1,-1,1,-1,-1,1,1,1,-1,1,-1,-1,1,1,-1,-1,-1,1,-1,-1,1,-1,1,1,-1,1,1,-1,-1,1,-1,-1,-1,1,1,-1,1,1,-1,1,1,-1,-1,-1,-1,1,-1,-1,-1,-1,1,-1,-1,1,1,-1,1,1,-1,1,1,1,1,-1,1,-1,1,1,1,1,-1,1,-1,-1,-1,1,1,-1,1,-1,1,1,1,1,-1,1,-1,1,1,1,-1,-1,1,-1,-1,1,1,-1,-1,-1,1,-1,1,-1,1,-1,1,-1,-1,1,-2668.0,1,2000,445,1500,False
1742,1,1,-1,-1,1,1,-1,-1,1,1,1,-1,1,1,1,1,-1,1,-1,-1,-1,-1,1,1,1,-1,-1,-1,1,1,1,1,-1,-1,-1,-1,1,-1,1,1,-1,-1,-1,1,1,1,1,-1,1,1,1,1,-1,1,-1,-1,1,-1,1,1,1,-1,-1,-1,1,1,1,1,-1,-1,-1,1,1,1,1,-1,-1,-1,1,1,1,-1,-1,-1,1,1,1,1,-1,-1,-1,1,1,1,1,-1,-1,1,1,-1,1,1,-1,-1,1,1,1,1,1,-1,-1,1,1,-1,1,1,-1,-1,1,1,1,1,1,1,-1,1,1,1,-1,1,1,-1,1,1,1,1,1,1,-1,-1,1,1,1,1,1,-1,1,1,1,1,1,1,-1,-1,-1,1,1,1,1,-1,1,1,1,1,-1,1,-1,1,-1,1,1,1,-1,-1,1,1,1,1,1,-1,1,-1,-1,1,1,1,-1,1,1,1,1,-1,1,1,1,1,-1,1,-1,1,-1,1,1,-1,1,-1,1,1,-1,1,-1,1,-1,1,-1,1,1,-1,1,-1,1,1,1,1,-1,-1,1,1,-1,-1,1,-1,1,-1,1,1,-1,1,-1,1,-1,1,-1,1,1,-1,-1,-1,1,1,-1,1,-1,1,1,1,-1,1,1,-1,1,-1,1,-1,1,-1,1,-1,1,1,-1,1,-1,-1,-1,-1,1,-1,1,-1,-1,-1,1,1,-1,-1,1,1,-1,1,1,1,-1,1,1,-1,1,1,1,1,-1,1,-1,1,1,-1,1,-1,1,1,1,-1,1,1,1,1,-1,-1,1,-1,-1,-1,1,1,-1,1,1,1,-1,1,-1,-1,1,1,1,1,1,-1,1,1,1,-1,1,1,-1,1,1,1,-1,1,1,-1,-1,1,1,1,-1,1,-1,1,1,1,-1,1,1,-1,1,1,1,-1,1,-1,-1,1,1,1,-1,1,-1,-1,-1,1,1,-1,1,-1,-1,1,-1,1,-1,1,1,-1,-1,1,1,1,-1,1,-1,-1,1,1,-1,1,-1,1,-1,-1,-1,-1,1,1,-1,-1,1,1,-1,1,1,-1,-1,1,1,1,1,1,-1,1,1,1,-1,1,-1,-1,-1,-1,1,1,1,1,-1,-1,1,1,1,1,-1,-1,-1,-1,-1,1,-1,-1,-1,1,-1,1,1,1,1,-1,1,1,-1,1,-1,1,-1,-1,1,-1,1,1,1,1,-1,1,-1,-1,1,1,-1,-1,1,-1,1,1,1,-1,-1,1,-1,-1,1,1,-1,1,1,-1,1,1,-1,-1,1,1,-1,1,-1,-1,-1,1,-1,-1,1,-1,-1,-1,1,-1,-1,1,-1,-1,-1,1,-1,-1,1,-1,-1,-1,1,-1,-1,1,-1,-1,-1,1,1,-1,1,-1,-1,-1,1,1,-1,-1,-1,1,-1,1,-1,-1,1,-1,-1,1,1,1,-1,-1,1,-1,1,-1,1,1,-1,1,-1,-1,1,1,1,-1,1,-1,1,-1,-1,1,1,-1,-1,-1,1,-1,-1,-1,1,1,-1,1,-1,1,-1,1,-1,1,1,-1,1,1,1,-1,-1,1,-1,1,-1,1,1,-1,1,-1,-1,1,1,-1,-1,1,-1,-1,-1,1,-1,-1,1,-1,1,1,1,1,-1,1,-1,-1,1,1,-1,-1,1,-1,-1,-1,1,1,-1,-1,1,1,-1,-1,-1,-1,1,1,1,1,1,1,-1,-1,1,1,-1,1,-1,-1,1,1,1,1,-1,1,-1,1,-1,1,1,1,1,-1,-1,1,1,1,-1,-1,-1,-1,1,1,1,1,-1,-1,-1,1,1,1,-1,-1,-1,-1,1,1,1,1,-1,-1,1,1,1,1,1,-1,-1,-1,1,1,1,1,-1,-1,-1,1,1,-1,1,-1,-1,-1,1,1,1,1,-1,-1,1,-1,1,1,1,-1,1,1,-1,1,1,-1,-1,-1,1,1,1,-1,1,-1,1,1,1,1,1,1,-1,-1,1,-1,1,-1,1,-1,-1,1,-1,1,-1,-1,-1,-1,1,-1,1,1,-1,1,-1,1,-1,1,-1,1,1,1,-1,-1,1,-1,-1,-1,-1,1,-1,-1,-1,-1,-1,-1,1,-1,1,-1,-1,-1,-1,1,1,-1,1,-1,-1,-1,1,1,-1,1,-1,-1,-1,-1,-1,-1,1,-1,-1,-1,-1,-1,1,-1,-1,-1,1,-1,-1,1,-1,1,-1,-1,-1,-1,-1,-1,-1,1,-1,-1,-1,1,1,1,-1,-1,-1,1,-1,-1,-1,-1,1,-1,-1,1,-1,1,-1,-1,-1,-1,1,-1,1,1,-1,1,-1,-1,1,1,-1,-1,-1,-1,-1,-1,1,1,-1,-1,1,-1,1,1,-1,-1,-1,1,-1,-1,1,-1,-1,1,-1,-1,1,1,1,-1,1,-1,1,1,1,-1,-1,1,-1,-1,1,1,1,-1,1,-1,-1,1,1,-1,1,1,-1,-1,1,1,-1,1,1,-1,-1,1,1,-1,1,1,-1,-1,1,1,1,1,1,1,-1,-1,1,1,1,1,-1,-1,1,-1,1,1,1,1,-1,-1,1,-1,1,1,1,-1,1,1,1,1,-1,1,-1,1,1,1,1,1,1,1,-1,1,1,1,1,-1,1,-1,1,1,1,1,1,-1,1,1,1,1,-1,1,1,-1,1,1,-1,1,1,-1,-1,1,1,1,1,-1,1,-1,1,1,1,-1,-1,1,-1,1,1,1,-1,1,-1,-1,-1,1,1,-1,-1,1,-1,-1,1,1,-1,-1,1,-1,-1,1,1,1,-1,1,-1,-1,1,1,-1,-1,-1,1,-1,1,1,-1,1,1,-1,1,1,-1,-1,1,-1,-1,-1,1,1,-1,1,1,-1,1,1,-1,-1,-1,-1,1,-1,-1,-1,-1,-1,-1,-1,1,1,-1,1,1,-1,1,1,1,1,-1,1,-1,1,1,1,1,-1,1,-1,-1,1,1,1,-1,1,-1,1,1,1,1,-1,1,-1,1,1,1,-1,-1,1,-1,-1,1,1,-1,-1,-1,1,-1,1,-1,1,-1,1,-1,-1,1,-2668.0,1,2000,445,1000,False
1743,1,1,-1,-1,1,-1,-1,-1,1,1,1,-1,1,1,1,1,-1,1,-1,-1,-1,-1,1,1,1,-1,-1,-1,1,1,1,1,1,-1,-1,-1,1,-1,1,1,-1,-1,-1,1,1,1,1,-1,1,1,1,1,-1,1,-1,-1,1,-1,1,1,-1,-1,-1,-1,1,1,1,1,-1,-1,-1,1,1,1,1,-1,-1,-1,1,1,1,-1,-1,-1,1,1,1,1,-1,-1,-1,1,1,1,1,-1,-1,1,1,-1,1,1,-1,-1,1,1,1,1,1,-1,-1,1,1,1,1,1,-1,-1,1,1,1,1,1,1,-1,1,1,1,-1,1,1,-1,1,1,1,1,1,1,-1,-1,1,1,1,1,1,-1,1,1,1,1,1,1,-1,-1,-1,1,1,1,1,-1,1,1,1,1,-1,1,-1,1,-1,1,1,1,-1,-1,1,1,1,1,1,-1,1,-1,-1,1,-1,1,-1,1,1,1,1,1,1,1,1,1,-1,1,-1,1,-1,1,1,-1,1,-1,1,1,-1,1,-1,1,-1,1,-1,1,1,-1,1,-1,1,1,1,1,-1,-1,1,1,-1,-1,1,-1,1,-1,-1,1,-1,1,-1,1,-1,1,-1,1,1,-1,-1,-1,1,1,-1,1,-1,1,1,1,-1,1,1,-1,1,-1,1,-1,1,-1,1,-1,1,1,-1,1,-1,-1,-1,1,1,-1,1,-1,-1,-1,1,1,-1,-1,1,1,-1,-1,1,1,-1,1,1,-1,1,1,1,1,-1,1,-1,1,1,-1,1,-1,1,-1,1,1,1,1,1,1,-1,-1,1,-1,-1,-1,1,1,-1,1,1,1,-1,1,1,1,1,1,1,1,1,-1,1,1,1,-1,1,1,-1,1,1,1,-1,1,1,-1,-1,1,1,1,-1,1,-1,1,1,1,-1,1,1,-1,1,1,1,-1,1,1,-1,1,1,1,-1,1,1,1,-1,1,1,-1,1,1,-1,1,-1,1,-1,1,-1,1,-1,1,1,1,-1,-1,1,-1,1,1,-1,1,1,1,-1,-1,-1,-1,1,-1,1,-1,1,1,-1,1,1,-1,-1,1,1,1,1,1,-1,1,1,1,-1,1,1,1,-1,-1,1,1,1,-1,1,-1,1,1,1,1,1,1,-1,-1,-1,1,-1,1,1,1,-1,1,1,1,1,1,1,1,-1,1,-1,-1,1,-1,1,-1,1,1,1,1,1,1,-1,-1,1,-1,1,1,1,-1,1,1,1,-1,1,1,-1,-1,1,-1,1,1,1,-1,1,1,1,1,1,1,-1,1,-1,1,1,1,-1,-1,1,-1,-1,1,1,-1,-1,1,-1,1,1,1,-1,-1,1,-1,-1,1,1,-1,-1,1,-1,1,1,1,1,-1,1,1,-1,-1,1,1,-1,-1,1,1,-1,1,-1,-1,1,-1,-1,1,-1,1,-1,-1,1,-1,1,-1,1,-1,-1,1,-1,-1,1,1,1,-1,1,-1,1,-1,1,1,1,-1,-1,-1,1,-1,1,-1,1,1,-1,1,-1,-1,1,1,-1,1,1,-1,-1,-1,1,-1,-1,1,-1,-1,1,1,1,-1,1,-1,-1,1,1,-1,-1,1,-1,1,1,1,-1,-1,1,-1,-1,-1,1,1,-1,1,1,-1,-1,1,-1,-1,1,-1,1,-1,1,1,-1,-1,1,-1,-1,-1,-1,-1,1,1,1,-1,1,1,-1,-1,1,-1,-1,-1,-1,-1,1,1,-1,-1,-1,-1,-1,1,1,-1,1,1,-1,-1,-1,1,1,-1,-1,-1,-1,1,1,-1,-1,1,-1,-1,-1,1,1,-1,-1,-1,-1,-1,1,-1,-1,1,-1,-1,1,1,1,-1,1,-1,-1,-1,1,1,-1,-1,-1,-1,-1,1,1,1,-1,-1,-1,-1,1,1,-1,-1,-1,-1,1,1,1,1,-1,-1,1,1,1,1,1,-1,-1,-1,1,1,1,-1,1,-1,1,1,1,1,-1,1,-1,-1,1,-1,1,-1,1,-1,-1,1,-1,1,-1,-1,-1,-1,1,-1,1,-1,1,1,-1,1,-1,1,-1,1,1,-1,1,-1,1,-1,-1,-1,-1,1,1,-1,-1,-1,-1,-1,1,-1,1,-1,-1,-1,-1,-1,-1,-1,1,-1,-1,-1,1,-1,-1,1,-1,-1,-1,-1,-1,1,1,-1,-1,-1,-1,-1,1,-1,-1,-1,1,-1,-1,1,-1,1,-1,-1,-1,-1,-1,-1,-1,1,-1,-1,-1,1,1,1,-1,-1,1,-1,-1,-1,-1,-1,1,-1,-1,1,-1,1,-1,-1,-1,-1,1,-1,1,1,-1,1,-1,-1,1,1,-1,-1,-1,-1,-1,-1,1,1,-1,-1,1,-1,1,1,-1,-1,-1,1,-1,1,1,-1,-1,1,-1,-1,1,1,1,-1,1,-1,1,1,1,-1,-1,1,-1,-1,1,1,1,-1,1,-1,-1,1,1,-1,1,1,-1,-1,1,1,1,1,1,-1,-1,1,1,1,1,1,-1,-1,1,1,1,1,1,1,-1,-1,1,1,1,1,-1,-1,1,-1,1,1,1,1,-1,-1,1,-1,1,1,1,-1,1,1,1,1,-1,1,-1,1,1,1,1,1,1,1,-1,1,1,1,1,-1,1,-1,1,1,1,1,1,-1,1,1,1,1,-1,1,1,-1,1,1,-1,1,1,-1,-1,1,1,1,1,-1,1,-1,1,1,1,-1,-1,1,-1,1,1,1,-1,1,-1,-1,-1,1,1,-1,-1,1,-1,-1,1,1,1,-1,1,-1,-1,1,1,1,-1,1,-1,-1,1,1,-1,-1,-1,1,-1,-1,1,-1,1,1,-1,1,1,-1,-1,1,-1,-1,-1,1,1,-1,1,1,-1,1,1,-1,-1,-1,-1,1,-1,-1,-1,-1,-1,-1,-1,1,1,-1,1,1,-1,1,1,1,1,-1,1,-1,1,1,1,1,-1,1,-1,-1,-1,1,1,-1,1,-1,1,1,1,1,-1,1,-1,1,1,1,-1,-1,1,-1,-1,1,1,-1,-1,-1,1,-1,1,-1,1,-1,1,-1,-1,1,-2668.0,1,2000,445,1500,False
1744,1,1,-1,-1,1,-1,-1,1,1,1,1,-1,1,1,1,1,-1,1,-1,-1,-1,1,1,1,1,-1,-1,-1,1,1,1,1,1,-1,-1,1,-1,1,1,1,-1,-1,1,1,1,1,1,-1,1,-1,1,1,-1,1,-1,-1,1,-1,1,1,1,-1,-1,-1,1,1,1,1,-1,-1,1,-1,1,1,1,-1,-1,1,-1,1,1,-1,-1,-1,-1,1,1,1,-1,-1,-1,1,-1,1,1,-1,-1,1,-1,-1,1,1,-1,-1,1,-1,-1,1,1,-1,-1,-1,-1,-1,1,1,-1,-1,1,-1,-1,1,1,1,-1,-1,-1,-1,1,1,1,-1,1,-1,-1,1,1,1,-1,1,-1,-1,-1,1,1,-1,1,-1,-1,-1,1,1,-1,-1,1,-1,-1,1,1,-1,1,1,-1,-1,1,1,-1,1,1,-1,1,1,-1,-1,1,-1,-1,1,1,-1,1,-1,1,-1,1,1,-1,1,1,-1,-1,-1,1,1,1,1,1,-1,-1,1,-1,1,1,1,-1,-1,1,1,-1,1,1,-1,1,1,-1,1,1,1,-1,1,1,1,1,1,1,1,-1,1,-1,-1,1,1,-1,-1,1,1,-1,1,1,-1,-1,1,-1,1,1,1,1,-1,1,1,-1,1,1,-1,1,1,-1,1,1,1,-1,-1,1,-1,1,-1,1,1,1,1,-1,1,-1,1,1,1,1,-1,1,-1,1,1,1,1,-1,-1,1,1,1,1,1,1,-1,1,1,-1,-1,1,1,1,-1,1,1,1,1,-1,1,-1,1,1,1,-1,1,1,1,1,1,1,1,-1,-1,1,1,-1,1,1,1,1,-1,1,1,1,1,1,1,1,1,1,1,1,1,-1,1,1,1,1,1,1,-1,1,1,1,-1,1,1,1,-1,1,1,1,1,1,-1,1,1,-1,1,1,1,-1,1,1,1,1,1,1,-1,1,1,1,-1,1,1,-1,1,1,1,1,-1,1,-1,1,-1,1,-1,1,1,1,-1,-1,1,1,-1,1,-1,1,1,1,-1,-1,-1,-1,1,1,1,-1,1,1,-1,1,1,-1,-1,1,1,1,1,1,-1,1,1,1,-1,1,1,1,1,-1,1,1,-1,-1,1,-1,1,-1,1,-1,1,1,-1,-1,-1,1,-1,1,1,-1,1,-1,1,-1,1,1,1,-1,-1,1,-1,-1,1,-1,1,-1,1,-1,1,1,1,1,-1,-1,1,-1,1,1,-1,-1,1,1,1,-1,1,-1,-1,1,-1,-1,1,1,-1,-1,1,-1,1,1,-1,1,-1,1,-1,1,1,-1,-1,1,1,-1,1,1,-1,-1,-1,1,-1,1,1,1,-1,1,-1,1,-1,1,-1,-1,-1,1,-1,1,1,1,-1,-1,1,-1,-1,1,-1,-1,-1,1,-1,-1,1,-1,-1,-1,1,-1,-1,1,-1,-1,-1,-1,1,-1,1,-1,-1,-1,-1,1,-1,-1,1,1,1,-1,1,-1,1,1,1,-1,1,-1,1,1,-1,-1,1,1,1,-1,1,-1,1,-1,1,1,1,-1,-1,-1,1,-1,1,-1,1,-1,-1,-1,1,1,-1,1,-1,-1,-1,1,1,-1,1,-1,-1,-1,1,1,-1,1,-1,-1,-1,-1,1,1,1,-1,1,-1,-1,1,-1,1,-1,-1,1,-1,1,-1,1,1,-1,-1,-1,-1,-1,1,1,-1,-1,-1,-1,-1,1,1,-1,-1,-1,1,1,1,-1,-1,-1,-1,1,1,1,-1,1,-1,1,-1,1,1,1,-1,-1,-1,-1,-1,1,-1,1,-1,-1,1,-1,1,1,-1,1,-1,-1,1,1,1,-1,1,-1,-1,-1,1,1,-1,1,-1,-1,-1,1,1,-1,1,-1,-1,-1,1,1,1,-1,1,-1,-1,1,1,-1,-1,-1,-1,-1,1,1,-1,-1,1,1,-1,1,-1,1,-1,1,1,-1,1,-1,-1,1,1,-1,-1,1,1,-1,1,-1,1,-1,1,-1,-1,1,-1,1,-1,1,1,-1,1,1,1,-1,-1,1,-1,1,-1,1,-1,-1,1,-1,1,1,1,-1,-1,-1,1,1,1,1,-1,-1,1,-1,-1,1,1,-1,-1,-1,-1,1,-1,1,-1,-1,1,1,-1,1,1,-1,-1,1,-1,-1,1,1,-1,-1,-1,-1,1,-1,1,-1,-1,-1,-1,-1,1,-1,-1,1,-1,-1,1,-1,1,-1,-1,-1,-1,-1,1,1,1,-1,-1,-1,1,1,1,-1,-1,-1,1,-1,-1,1,-1,-1,-1,-1,1,1,1,-1,-1,-1,-1,1,-1,1,1,-1,1,-1,-1,1,1,-1,-1,-1,-1,-1,-1,1,1,-1,-1,1,-1,1,1,-1,-1,-1,1,-1,1,1,-1,-1,1,-1,-1,1,1,1,-1,1,-1,1,1,1,-1,-1,1,-1,-1,1,1,1,-1,1,-1,-1,1,1,-1,1,1,-1,-1,1,1,1,1,1,-1,-1,1,1,1,1,1,-1,-1,1,1,1,1,1,1,-1,1,1,1,-1,1,-1,-1,1,-1,1,1,1,1,-1,-1,1,-1,1,1,1,-1,1,1,1,1,-1,1,-1,1,1,1,1,1,1,1,-1,-1,1,1,1,-1,1,-1,1,1,1,1,1,-1,1,1,1,1,-1,1,1,-1,1,1,-1,1,1,-1,-1,1,1,1,1,-1,1,-1,1,1,1,-1,-1,1,-1,1,1,1,-1,1,-1,-1,-1,1,1,-1,-1,1,-1,-1,1,1,-1,-1,1,-1,1,1,1,1,-1,1,-1,-1,1,1,-1,-1,-1,1,1,-1,1,-1,1,1,-1,1,1,-1,-1,1,1,-1,-1,1,1,-1,1,1,1,1,1,-1,-1,-1,-1,-1,-1,-1,-1,-1,-1,1,1,1,1,-1,1,1,-1,1,1,1,1,-1,1,-1,1,1,1,-1,-1,1,-1,1,1,1,-1,-1,1,-1,1,1,1,-1,-1,1,-1,1,1,1,1,-1,1,-1,1,1,1,-1,-1,-1,1,-1,1,-1,1,-1,1,-1,1,1,-2668.0,1,2000,445,1000,True
1745,1,1,-1,-1,1,-1,1,-1,1,1,1,-1,1,1,1,1,-1,1,-1,-1,1,-1,1,1,1,-1,1,-1,1,1,1,1,-1,-1,-1,-1,1,-1,1,1,-1,-1,-1,1,1,1,1,-1,1,1,1,1,-1,1,-1,-1,1,-1,1,1,1,-1,-1,-1,1,1,1,1,-1,-1,-1,1,1,1,1,-1,-1,-1,1,1,1,-1,-1,-1,1,1,1,1,-1,-1,-1,1,1,1,1,-1,-1,1,1,-1,1,1,-1,-1,1,1,1,1,1,-1,-1,1,1,1,1,1,-1,-1,1,1,1,1,1,1,-1,1,1,1,-1,1,1,-1,1,1,1,1,1,1,-1,-1,1,1,1,1,1,-1,1,1,1,1,1,1,-1,-1,-1,1,1,1,1,-1,1,1,1,1,-1,1,-1,1,-1,1,1,1,-1,-1,1,1,1,1,1,-1,1,-1,-1,1,-1,1,-1,1,1,1,1,1,1,1,1,1,-1,1,-1,1,-1,1,1,-1,1,-1,1,1,-1,1,-1,1,-1,1,-1,1,1,-1,1,-1,1,1,1,1,-1,-1,1,1,-1,-1,1,-1,1,-1,1,1,-1,1,-1,1,-1,1,-1,-1,1,-1,-1,-1,1,1,-1,1,-1,1,1,1,-1,1,1,-1,1,-1,1,-1,1,-1,1,-1,1,1,-1,1,-1,-1,-1,1,1,-1,1,-1,-1,-1,1,1,-1,-1,1,1,-1,-1,1,1,-1,1,1,-1,1,1,1,1,-1,1,-1,1,1,-1,1,-1,1,1,-1,1,1,1,1,1,-1,-1,1,-1,-1,-1,1,1,-1,1,1,1,-1,1,-1,-1,1,1,1,1,1,-1,1,1,1,-1,1,1,-1,1,1,1,-1,1,1,-1,-1,1,1,1,-1,1,-1,1,1,1,-1,1,1,-1,1,1,1,-1,1,-1,-1,1,1,1,-1,1,-1,-1,-1,1,1,-1,1,-1,-1,1,-1,1,-1,1,1,-1,-1,1,1,1,-1,1,-1,-1,1,1,-1,1,-1,-1,-1,-1,-1,-1,1,1,-1,-1,1,1,-1,1,-1,-1,-1,1,1,1,1,-1,-1,1,1,1,-1,1,-1,-1,-1,-1,1,1,1,1,-1,-1,1,1,1,1,-1,-1,-1,-1,-1,1,-1,1,-1,1,-1,1,1,-1,-1,-1,1,1,-1,1,-1,1,-1,-1,1,-1,1,1,-1,-1,-1,1,-1,-1,1,1,-1,-1,1,-1,1,1,-1,1,-1,1,-1,-1,1,1,-1,1,1,-1,1,1,-1,-1,1,1,-1,1,-1,1,-1,1,-1,-1,1,-1,1,-1,1,-1,-1,1,-1,-1,-1,1,-1,-1,1,1,1,-1,1,-1,-1,1,-1,-1,1,-1,1,-1,1,-1,1,-1,1,1,-1,-1,-1,1,-1,1,-1,-1,1,-1,1,1,1,1,-1,-1,1,1,-1,-1,1,-1,-1,1,1,1,1,1,1,-1,1,1,1,-1,1,-1,1,-1,-1,-1,1,-1,1,1,1,1,-1,1,-1,1,-1,-1,-1,1,1,-1,1,1,-1,-1,-1,1,-1,1,1,-1,1,-1,1,-1,-1,-1,-1,-1,-1,1,-1,-1,-1,-1,-1,-1,1,-1,1,1,1,1,-1,1,-1,1,1,-1,-1,-1,1,-1,-1,1,-1,1,-1,-1,1,1,1,1,-1,-1,1,1,1,1,-1,1,-1,-1,1,1,1,-1,-1,-1,1,1,1,1,-1,-1,-1,1,-1,1,-1,1,1,-1,-1,1,1,1,-1,-1,-1,-1,1,1,1,1,-1,-1,-1,1,1,1,1,-1,-1,-1,1,1,1,-1,-1,-1,1,1,1,1,1,-1,-1,-1,1,1,1,1,-1,-1,-1,1,1,-1,1,-1,-1,-1,1,1,1,1,-1,-1,1,1,1,1,1,-1,1,1,-1,1,1,-1,-1,-1,1,1,1,1,1,-1,1,1,1,1,1,1,-1,-1,1,-1,1,-1,1,-1,-1,1,-1,1,1,-1,-1,-1,1,-1,1,1,-1,1,-1,1,1,1,-1,1,1,-1,1,-1,1,-1,-1,-1,-1,1,1,-1,-1,-1,-1,-1,1,-1,1,-1,-1,-1,-1,-1,-1,-1,1,-1,-1,-1,1,-1,-1,1,-1,-1,-1,-1,-1,-1,1,-1,-1,-1,-1,-1,1,-1,-1,-1,1,-1,-1,1,-1,1,-1,-1,-1,-1,-1,-1,-1,1,-1,-1,-1,1,1,-1,-1,-1,-1,1,-1,-1,-1,-1,1,-1,-1,1,-1,1,-1,-1,-1,-1,1,-1,1,1,-1,1,-1,-1,1,1,-1,-1,-1,-1,-1,-1,1,1,-1,-1,1,-1,1,1,-1,-1,-1,1,-1,1,1,-1,-1,1,-1,-1,1,1,1,-1,1,-1,1,1,1,-1,-1,1,-1,-1,1,1,1,-1,1,-1,-1,1,1,-1,1,1,-1,-1,1,1,-1,1,1,-1,-1,1,1,-1,1,1,-1,-1,1,1,1,1,-1,1,-1,-1,1,1,-1,1,-1,-1,1,-1,1,1,1,1,-1,-1,1,-1,1,1,1,-1,1,1,1,1,-1,1,-1,1,1,1,1,1,1,1,-1,1,1,1,1,-1,1,-1,1,1,1,1,1,-1,1,1,1,1,-1,1,1,-1,1,1,-1,1,1,-1,-1,1,1,1,1,-1,1,-1,1,1,1,-1,-1,1,-1,1,1,1,-1,1,-1,-1,-1,1,1,-1,-1,1,-1,-1,1,1,-1,-1,1,-1,-1,1,1,1,-1,1,-1,-1,1,1,-1,-1,-1,1,-1,-1,1,-1,1,1,-1,1,1,-1,-1,1,1,-1,-1,1,1,-1,1,1,-1,1,1,-1,-1,-1,-1,1,-1,-1,-1,-1,1,-1,-1,1,1,-1,1,1,-1,1,1,1,1,-1,1,-1,1,1,1,1,-1,1,-1,-1,1,1,1,-1,1,-1,1,1,1,1,-1,1,-1,1,1,-1,-1,-1,1,-1,-1,1,1,-1,-1,-1,1,-1,1,-1,1,-1,1,-1,-1,1,-2668.0,1,2000,445,1500,False
1746,1,1,-1,-1,1,-1,-1,1,1,1,1,-1,1,1,1,1,-1,1,-1,-1,1,1,1,1,1,-1,-1,-1,1,1,1,1,-1,-1,-1,1,-1,1,1,1,-1,-1,1,1,1,1,1,-1,1,-1,1,1,-1,1,-1,-1,-1,-1,1,1,1,-1,-1,-1,1,1,1,1,-1,-1,1,-1,1,1,1,-1,-1,1,-1,1,1,-1,-1,-1,-1,1,1,1,-1,-1,-1,1,-1,1,1,-1,-1,1,-1,1,1,1,-1,-1,1,-1,-1,1,1,-1,-1,1,-1,-1,1,1,-1,-1,1,-1,-1,1,1,1,-1,1,-1,-1,1,1,1,-1,1,-1,-1,1,1,1,-1,-1,-1,-1,-1,1,1,-1,1,-1,-1,-1,1,1,-1,-1,1,-1,-1,1,1,-1,1,1,-1,-1,1,1,-1,1,1,-1,1,1,-1,-1,1,-1,-1,1,1,-1,1,-1,1,-1,1,1,-1,1,1,-1,-1,-1,1,1,1,1,1,-1,-1,1,-1,1,1,1,-1,-1,1,1,-1,1,1,-1,1,1,-1,1,1,1,-1,1,1,1,1,1,1,1,-1,1,-1,-1,1,1,-1,-1,1,1,-1,1,1,-1,-1,1,-1,1,1,1,1,-1,1,1,-1,1,1,-1,1,1,-1,1,1,1,-1,-1,1,-1,1,-1,1,1,1,1,-1,1,-1,1,1,1,1,-1,1,-1,1,1,1,1,-1,-1,1,1,1,1,1,1,-1,1,1,-1,-1,1,1,-1,-1,1,1,1,1,-1,1,-1,1,1,1,-1,1,-1,-1,1,1,1,1,-1,1,-1,1,-1,1,1,1,1,-1,1,1,1,1,1,-1,-1,1,1,1,1,1,1,-1,1,1,1,1,1,-1,1,1,1,-1,1,1,-1,1,1,1,-1,1,1,1,1,1,-1,1,1,1,1,1,1,1,1,1,1,1,1,1,1,-1,1,1,1,1,1,1,1,-1,1,-1,1,-1,1,-1,1,1,1,1,-1,1,1,-1,1,1,-1,1,1,-1,-1,-1,-1,1,1,1,-1,1,1,-1,1,1,-1,1,-1,1,1,1,1,-1,1,1,1,-1,1,1,1,1,-1,1,1,1,-1,1,-1,1,-1,1,1,1,1,-1,-1,-1,1,-1,1,1,-1,1,-1,1,1,1,1,1,-1,-1,1,-1,-1,1,-1,1,-1,1,-1,1,1,1,1,-1,-1,1,-1,1,1,-1,-1,1,1,1,-1,1,-1,-1,1,-1,-1,1,-1,-1,-1,-1,-1,1,1,-1,1,-1,1,-1,1,1,-1,-1,1,-1,1,-1,1,-1,-1,-1,-1,-1,1,1,-1,-1,1,-1,1,-1,1,1,-1,-1,1,-1,1,-1,1,-1,-1,-1,-1,-1,-1,1,-1,-1,-1,1,1,-1,1,-1,-1,1,-1,-1,1,1,-1,-1,-1,-1,-1,1,1,-1,-1,-1,-1,-1,-1,1,1,1,-1,1,-1,1,-1,1,-1,1,-1,1,1,-1,-1,1,-1,1,1,-1,-1,1,-1,1,1,1,-1,-1,-1,-1,-1,1,1,1,-1,-1,-1,1,1,-1,1,-1,-1,-1,1,1,-1,1,-1,-1,-1,1,1,-1,1,-1,-1,-1,-1,1,1,1,-1,1,-1,-1,1,-1,1,-1,-1,1,-1,1,-1,1,1,-1,-1,-1,-1,-1,1,1,-1,-1,-1,1,-1,1,1,-1,-1,-1,-1,1,1,-1,-1,-1,-1,-1,1,1,-1,1,-1,1,1,1,1,1,-1,-1,-1,-1,-1,1,-1,1,-1,-1,1,-1,1,1,-1,1,-1,-1,1,1,1,-1,1,-1,1,-1,1,1,-1,1,-1,-1,-1,1,1,-1,1,-1,1,-1,1,1,1,-1,1,-1,-1,1,1,-1,-1,-1,1,-1,1,1,-1,-1,1,-1,-1,-1,-1,1,-1,1,-1,-1,1,-1,-1,1,-1,1,-1,1,1,-1,1,-1,1,-1,1,-1,1,-1,1,-1,-1,1,1,-1,1,-1,-1,-1,-1,1,-1,1,-1,1,-1,-1,1,-1,1,1,-1,-1,-1,-1,1,1,1,1,-1,-1,1,-1,-1,1,1,-1,-1,-1,-1,1,-1,1,-1,-1,1,1,-1,1,1,-1,-1,1,-1,-1,1,1,-1,-1,-1,-1,1,-1,1,-1,-1,-1,-1,-1,1,-1,-1,1,-1,-1,1,-1,1,-1,-1,-1,-1,-1,1,1,1,-1,-1,-1,1,1,1,-1,-1,-1,1,-1,-1,1,-1,1,-1,-1,1,1,1,-1,-1,-1,-1,1,-1,1,1,-1,1,-1,-1,1,1,-1,-1,-1,-1,-1,-1,1,1,-1,-1,1,-1,1,1,-1,-1,-1,1,-1,1,1,-1,-1,1,-1,-1,1,1,1,-1,1,-1,1,1,1,-1,-1,1,-1,-1,1,1,1,-1,1,-1,-1,1,1,-1,1,1,-1,-1,1,1,1,1,1,-1,-1,1,1,-1,1,1,-1,-1,1,1,1,1,1,1,-1,1,1,1,1,1,-1,-1,1,-1,1,1,1,1,-1,-1,1,-1,1,1,1,-1,1,1,1,1,-1,1,-1,1,1,1,1,1,1,-1,-1,1,1,1,1,-1,1,-1,1,1,1,1,-1,1,-1,1,1,1,-1,-1,1,-1,1,1,-1,1,-1,-1,1,-1,1,1,-1,1,-1,-1,1,1,1,-1,-1,-1,1,1,1,1,-1,-1,-1,-1,-1,1,1,-1,1,-1,-1,1,1,1,-1,1,-1,-1,1,1,1,1,1,1,-1,1,1,1,-1,-1,1,1,1,-1,1,-1,1,-1,-1,1,1,-1,-1,1,-1,-1,1,1,1,-1,1,-1,1,1,1,-1,-1,-1,-1,-1,1,-1,-1,-1,1,-1,1,-1,1,-1,1,1,-1,1,1,1,1,-1,1,-1,1,1,1,1,-1,1,-1,1,1,1,1,-1,1,-1,1,1,1,1,-1,1,-1,1,1,-1,-1,-1,1,-1,-1,1,1,-1,-1,-1,1,-1,1,-1,1,-1,1,-1,-1,1,-2668.0,1,2000,445,1000,True
1747,1,1,-1,-1,1,-1,-1,-1,1,1,1,-1,1,1,1,1,-1,1,-1,-1,-1,-1,1,1,1,-1,-1,-1,1,1,1,1,1,-1,-1,-1,1,-1,1,1,-1,-1,-1,1,1,1,-1,-1,1,1,1,1,-1,1,-1,-1,1,-1,1,1,-1,-1,-1,-1,1,1,1,-1,-1,-1,-1,1,1,1,1,-1,-1,-1,1,1,1,-1,-1,-1,1,1,1,1,-1,-1,-1,1,1,1,1,-1,-1,1,1,-1,1,1,-1,-1,1,1,1,1,1,-1,-1,1,1,-1,1,1,-1,-1,1,1,1,1,1,1,-1,1,1,1,-1,1,1,-1,1,1,1,1,1,1,-1,-1,1,1,1,1,1,-1,1,1,1,1,1,1,-1,-1,-1,1,1,1,1,-1,1,1,1,1,-1,1,-1,1,-1,1,1,1,-1,-1,1,1,1,1,1,-1,1,-1,-1,1,-1,1,-1,1,1,1,1,1,1,-1,1,1,1,1,-1,1,1,-1,1,-1,1,-1,1,-1,-1,1,-1,1,-1,1,-1,1,1,-1,1,-1,1,1,1,1,-1,-1,1,1,-1,-1,1,-1,1,-1,-1,1,-1,1,-1,1,-1,1,-1,1,1,-1,-1,-1,1,-1,1,1,-1,1,1,1,1,1,1,-1,1,-1,-1,1,1,-1,1,-1,1,-1,1,1,-1,-1,-1,1,1,1,1,-1,-1,-1,1,1,-1,1,1,1,-1,-1,1,1,1,1,1,-1,1,1,-1,1,-1,1,-1,1,1,1,1,-1,1,1,-1,1,1,1,1,1,-1,-1,1,-1,1,-1,1,1,-1,1,1,1,-1,1,-1,-1,1,1,-1,1,1,-1,1,1,1,-1,1,1,-1,1,1,-1,-1,1,1,-1,-1,1,-1,1,-1,1,-1,1,1,1,-1,1,1,-1,1,1,1,-1,1,-1,-1,1,1,1,-1,1,-1,-1,-1,1,1,1,1,-1,-1,1,-1,1,-1,1,1,-1,-1,1,1,-1,-1,1,-1,-1,1,1,-1,1,-1,-1,-1,-1,-1,-1,1,1,-1,-1,1,1,-1,1,-1,1,-1,1,1,-1,1,-1,-1,1,1,-1,1,1,-1,-1,-1,-1,1,1,1,1,-1,-1,1,-1,-1,1,-1,-1,1,-1,-1,1,-1,1,-1,-1,1,-1,-1,1,-1,-1,1,1,-1,1,-1,1,-1,-1,1,-1,1,-1,-1,-1,-1,1,-1,-1,1,1,-1,-1,1,-1,1,1,-1,1,-1,1,-1,1,-1,1,-1,-1,1,-1,-1,-1,-1,-1,1,1,-1,1,-1,1,-1,1,-1,1,1,-1,1,-1,1,-1,-1,-1,-1,-1,-1,1,-1,1,-1,-1,1,-1,1,-1,-1,1,-1,-1,1,-1,1,-1,-1,1,1,-1,1,1,-1,-1,1,1,-1,1,-1,-1,1,-1,1,1,1,1,-1,-1,-1,1,-1,1,1,-1,-1,-1,1,1,-1,1,1,-1,1,1,1,1,-1,-1,1,-1,-1,-1,1,-1,1,1,-1,1,-1,1,-1,1,-1,-1,-1,1,1,-1,1,1,-1,-1,-1,1,-1,1,1,-1,1,-1,1,-1,-1,-1,-1,-1,-1,1,-1,-1,-1,-1,-1,-1,1,-1,1,1,1,1,-1,1,-1,1,1,-1,-1,-1,1,-1,-1,1,-1,1,-1,-1,1,1,1,1,-1,-1,1,1,1,1,-1,1,-1,-1,1,1,1,-1,-1,-1,1,1,1,1,-1,1,-1,1,-1,1,-1,1,1,-1,-1,1,1,1,-1,-1,-1,-1,1,1,1,1,-1,-1,-1,1,1,1,1,-1,-1,-1,1,-1,1,-1,-1,-1,1,1,1,1,1,-1,-1,-1,1,1,1,1,-1,-1,-1,1,1,-1,1,-1,-1,-1,1,1,1,1,-1,-1,1,1,1,1,-1,-1,1,1,-1,1,1,-1,-1,-1,1,1,1,1,1,-1,1,1,1,1,1,-1,-1,-1,1,-1,1,-1,-1,-1,-1,1,-1,1,1,-1,-1,-1,1,-1,1,1,-1,1,-1,1,1,1,1,-1,1,-1,1,-1,1,1,-1,-1,-1,1,1,-1,-1,-1,-1,-1,1,-1,1,-1,-1,-1,-1,-1,-1,-1,1,-1,-1,-1,1,-1,-1,1,-1,-1,-1,-1,-1,1,1,-1,-1,-1,-1,-1,1,-1,-1,-1,1,-1,-1,1,-1,1,-1,-1,-1,-1,-1,-1,-1,1,-1,-1,-1,1,1,1,-1,-1,1,-1,-1,-1,-1,-1,1,-1,-1,1,1,1,-1,-1,1,-1,1,-1,1,1,-1,1,-1,-1,1,1,1,-1,-1,-1,-1,-1,1,1,-1,-1,1,-1,1,1,-1,-1,-1,1,-1,1,1,-1,-1,1,1,-1,1,1,1,-1,1,-1,1,1,1,-1,-1,1,-1,-1,1,1,1,1,-1,1,-1,1,1,1,-1,1,-1,-1,1,1,1,1,-1,1,-1,1,1,1,1,1,-1,-1,1,1,1,1,1,-1,-1,1,1,1,1,-1,-1,-1,1,-1,1,1,1,-1,1,1,1,-1,1,1,-1,-1,1,1,1,1,1,-1,1,1,1,1,1,1,-1,1,-1,1,1,1,1,-1,1,-1,1,1,1,-1,-1,1,-1,1,1,1,-1,1,-1,-1,1,1,-1,1,1,1,1,-1,1,1,1,-1,1,-1,1,1,1,-1,-1,1,-1,1,1,1,-1,1,-1,-1,-1,1,1,-1,-1,1,-1,1,1,1,1,-1,1,-1,1,1,1,1,-1,1,-1,1,1,1,-1,-1,-1,-1,1,-1,1,-1,1,1,1,-1,1,-1,-1,1,1,-1,1,1,1,-1,1,-1,1,1,1,-1,-1,-1,-1,1,1,-1,-1,-1,1,-1,1,-1,1,-1,1,1,-1,1,1,1,1,-1,1,-1,1,1,1,1,-1,1,-1,1,-1,1,1,-1,1,-1,1,1,1,1,-1,1,-1,1,1,1,-1,-1,1,-1,-1,1,1,-1,-1,-1,1,-1,1,1,1,-1,1,-1,-1,1,-2668.0,1,2000,445,0,False
1748,1,1,-1,-1,1,-1,-1,1,1,1,1,-1,1,1,1,1,-1,1,-1,-1,-1,1,1,1,1,-1,-1,-1,1,1,1,1,1,-1,-1,1,-1,1,1,1,-1,-1,1,1,1,1,1,-1,1,-1,1,1,-1,1,-1,-1,-1,-1,1,1,1,-1,-1,-1,1,1,1,1,-1,-1,1,-1,1,1,1,-1,-1,1,-1,1,1,-1,-1,-1,-1,1,1,1,-1,-1,-1,1,-1,1,1,-1,-1,1,-1,1,1,1,-1,-1,1,-1,-1,1,1,-1,-1,-1,-1,-1,1,1,-1,-1,1,-1,-1,1,1,1,-1,-1,-1,-1,1,1,1,-1,1,-1,-1,1,1,1,-1,1,-1,-1,1,1,1,-1,1,-1,-1,-1,1,1,-1,-1,1,-1,-1,1,1,-1,1,1,-1,-1,1,1,-1,1,1,-1,1,1,-1,-1,1,-1,-1,1,1,-1,1,-1,1,-1,1,1,-1,1,1,-1,-1,-1,1,1,1,1,1,-1,1,1,-1,1,1,1,-1,-1,1,1,-1,1,1,-1,1,1,-1,1,1,1,-1,1,1,1,1,1,1,1,-1,1,-1,-1,1,1,-1,-1,1,1,-1,1,1,-1,-1,1,-1,1,1,1,1,-1,1,1,-1,1,1,-1,1,1,-1,1,1,1,-1,-1,1,-1,1,-1,1,1,1,1,-1,1,-1,1,1,1,1,-1,1,-1,1,1,1,1,-1,-1,1,1,1,1,1,1,-1,1,1,-1,-1,1,1,-1,-1,1,1,1,1,-1,1,-1,1,1,1,-1,1,-1,-1,1,1,1,1,-1,1,-1,1,-1,1,1,1,1,-1,1,1,1,1,1,-1,-1,1,1,1,1,1,1,-1,1,1,1,1,1,-1,1,1,1,-1,1,1,-1,-1,1,1,-1,1,1,1,1,1,-1,1,1,1,1,1,1,1,-1,1,1,1,1,1,1,-1,1,1,1,1,1,1,1,-1,1,-1,1,-1,1,-1,1,1,1,1,-1,1,1,-1,1,-1,1,1,1,-1,-1,-1,-1,1,1,1,-1,1,1,-1,1,1,-1,1,-1,1,1,1,1,-1,1,1,1,1,1,1,1,1,-1,1,-1,-1,-1,1,-1,1,-1,-1,1,1,1,-1,-1,-1,1,-1,1,1,-1,1,-1,-1,1,1,1,1,-1,-1,1,-1,-1,1,-1,1,-1,-1,-1,1,1,1,1,-1,-1,1,-1,1,1,-1,-1,1,-1,1,-1,1,-1,-1,-1,1,-1,1,-1,-1,-1,-1,-1,1,1,-1,1,-1,-1,1,1,1,-1,-1,1,-1,1,-1,1,-1,-1,-1,-1,-1,1,1,-1,-1,1,-1,1,-1,1,1,-1,-1,1,-1,1,-1,1,-1,-1,1,-1,-1,-1,1,-1,-1,-1,-1,1,-1,1,-1,-1,1,-1,-1,1,1,-1,-1,-1,-1,-1,1,1,-1,-1,-1,1,-1,-1,1,1,1,-1,1,-1,1,-1,1,-1,1,-1,1,1,-1,-1,1,-1,1,1,-1,-1,1,-1,1,1,1,-1,-1,-1,1,-1,1,1,1,-1,-1,-1,1,1,-1,1,-1,-1,-1,1,1,-1,1,-1,-1,1,1,1,-1,1,-1,-1,-1,-1,1,1,1,-1,1,-1,-1,1,-1,1,-1,-1,1,-1,1,-1,1,1,-1,-1,-1,-1,-1,1,1,-1,-1,-1,1,-1,1,1,-1,-1,-1,-1,1,1,-1,-1,-1,-1,-1,1,1,-1,1,-1,1,1,1,1,1,-1,-1,-1,-1,-1,1,-1,1,-1,-1,1,-1,1,1,-1,1,-1,-1,1,1,1,-1,1,-1,1,-1,1,1,-1,1,-1,-1,-1,1,1,-1,1,-1,1,-1,1,1,-1,-1,1,-1,-1,1,1,-1,-1,-1,1,-1,1,1,1,-1,1,-1,-1,-1,-1,1,-1,1,-1,-1,1,-1,-1,1,-1,1,-1,-1,1,-1,1,-1,1,-1,1,-1,1,-1,1,-1,-1,-1,1,-1,1,-1,-1,-1,-1,1,-1,1,-1,1,-1,-1,1,-1,1,1,-1,-1,-1,-1,1,1,1,1,-1,-1,1,-1,-1,1,1,-1,-1,-1,-1,1,-1,1,-1,-1,1,1,-1,1,1,-1,-1,1,-1,-1,1,1,-1,-1,-1,-1,1,-1,1,-1,-1,-1,-1,-1,1,-1,-1,1,-1,-1,1,-1,1,-1,-1,-1,-1,-1,1,1,1,-1,-1,-1,1,1,1,-1,-1,-1,1,-1,-1,1,-1,-1,-1,-1,1,1,1,-1,-1,-1,-1,1,-1,1,1,-1,1,-1,-1,1,1,-1,-1,-1,-1,-1,-1,1,1,-1,-1,1,-1,1,1,-1,-1,-1,1,-1,1,1,-1,-1,1,-1,-1,1,1,1,-1,1,-1,1,1,1,-1,-1,1,-1,-1,1,1,1,-1,1,-1,-1,1,1,-1,1,1,-1,-1,1,1,1,1,1,-1,-1,1,1,1,1,1,-1,-1,1,1,1,1,1,1,-1,1,1,1,1,1,-1,-1,1,-1,1,1,1,1,-1,-1,1,-1,1,1,1,-1,1,1,1,1,-1,1,-1,1,1,1,1,1,1,1,-1,1,1,1,1,-1,1,-1,1,1,1,1,-1,1,1,1,1,1,-1,-1,1,1,1,1,-1,1,-1,1,1,-1,1,1,-1,1,-1,1,1,1,1,-1,-1,-1,-1,1,1,1,-1,-1,-1,1,1,1,1,-1,1,-1,1,-1,1,1,-1,1,-1,1,-1,1,1,1,1,1,-1,1,1,1,-1,-1,1,-1,1,-1,1,-1,1,-1,1,1,1,-1,-1,1,-1,1,1,1,1,-1,1,-1,1,1,1,-1,-1,-1,-1,-1,-1,-1,-1,-1,1,-1,1,1,1,-1,1,1,-1,-1,1,1,1,-1,1,-1,1,1,1,-1,-1,1,-1,1,1,1,-1,-1,1,-1,1,1,1,-1,-1,1,-1,1,-1,1,1,-1,1,-1,-1,1,1,-1,-1,-1,1,-1,1,1,1,-1,1,-1,-1,1,-2668.0,1,2000,445,1000,True
1749,1,1,-1,-1,1,-1,-1,1,1,1,1,-1,1,1,1,1,-1,1,-1,-1,-1,1,1,1,1,-1,-1,-1,1,1,1,1,-1,-1,-1,1,-1,1,1,1,-1,-1,1,1,1,1,1,-1,1,-1,1,1,-1,1,-1,-1,-1,-1,1,1,1,-1,-1,1,1,1,1,1,-1,-1,1,-1,1,1,1,-1,-1,1,-1,1,1,-1,-1,-1,-1,1,1,1,-1,-1,-1,-1,-1,1,1,-1,-1,1,-1,1,1,1,-1,-1,1,-1,-1,1,1,-1,-1,-1,-1,-1,1,1,-1,-1,1,-1,-1,1,1,1,-1,-1,-1,-1,1,1,1,-1,1,-1,-1,1,1,1,-1,1,-1,-1,1,1,1,-1,1,-1,-1,-1,1,1,-1,-1,1,-1,-1,1,1,-1,1,-1,-1,1,1,1,-1,1,1,-1,1,1,-1,-1,1,-1,-1,1,1,-1,1,-1,1,-1,1,1,-1,1,1,-1,-1,-1,1,1,1,1,1,-1,1,1,-1,1,1,1,-1,-1,1,1,-1,1,1,-1,1,1,-1,1,1,1,-1,1,1,1,1,1,1,1,-1,1,-1,-1,1,1,-1,-1,1,1,-1,1,1,-1,-1,1,-1,1,1,1,1,-1,1,1,-1,1,1,-1,1,1,-1,1,-1,1,-1,-1,1,-1,1,1,1,1,1,1,-1,1,-1,1,1,1,1,-1,1,-1,1,1,1,1,-1,-1,1,1,1,1,1,1,-1,1,1,-1,-1,1,1,-1,-1,1,1,1,1,-1,1,-1,1,1,1,-1,1,-1,-1,-1,1,1,1,-1,1,-1,1,-1,1,1,1,1,-1,1,1,1,1,1,-1,-1,1,1,1,1,1,1,-1,1,1,1,1,1,-1,1,1,1,-1,1,1,-1,-1,1,1,1,1,1,1,1,1,-1,1,1,1,1,1,1,1,1,1,1,1,1,1,1,-1,1,1,1,1,1,1,1,-1,1,-1,1,1,1,-1,1,1,1,1,1,1,1,-1,1,1,1,1,1,-1,-1,-1,-1,1,1,1,-1,1,1,-1,1,1,-1,-1,1,1,1,1,1,-1,1,1,1,-1,1,1,1,-1,-1,1,1,1,-1,1,-1,1,-1,1,1,1,1,-1,-1,-1,1,-1,-1,1,-1,1,-1,-1,1,1,1,1,1,-1,1,-1,-1,1,-1,1,-1,1,-1,1,1,1,1,-1,-1,1,-1,1,1,-1,-1,1,1,1,-1,1,1,-1,1,-1,-1,1,1,-1,-1,-1,-1,1,1,-1,1,-1,1,-1,1,1,-1,-1,1,1,-1,1,1,-1,-1,-1,1,-1,1,1,1,-1,1,-1,-1,-1,1,-1,-1,-1,1,-1,1,1,-1,1,-1,-1,-1,-1,1,-1,-1,-1,-1,-1,1,1,-1,-1,-1,1,-1,-1,1,-1,-1,-1,-1,1,-1,1,-1,-1,1,-1,1,-1,-1,1,1,1,-1,1,-1,1,1,1,-1,1,-1,1,1,-1,1,-1,-1,1,-1,1,-1,1,-1,1,1,1,-1,-1,-1,1,-1,1,1,1,-1,-1,-1,1,1,-1,1,-1,-1,-1,1,1,1,1,-1,-1,-1,1,1,1,1,-1,-1,-1,-1,1,1,1,-1,1,-1,-1,1,-1,1,-1,-1,1,-1,1,-1,1,1,-1,-1,-1,-1,-1,1,1,-1,1,-1,-1,-1,1,1,-1,-1,-1,1,1,1,-1,-1,-1,-1,1,1,1,-1,1,-1,1,-1,1,1,1,-1,-1,-1,-1,-1,1,-1,1,-1,-1,1,-1,1,1,-1,1,-1,-1,1,1,1,-1,1,-1,-1,-1,1,1,-1,1,-1,-1,-1,1,1,-1,1,-1,-1,-1,1,1,1,-1,1,-1,-1,1,1,-1,-1,-1,-1,-1,1,1,-1,-1,1,1,-1,-1,-1,1,-1,1,1,-1,1,-1,-1,1,1,-1,-1,-1,1,-1,1,-1,1,-1,1,-1,-1,1,-1,1,-1,-1,1,-1,1,1,1,-1,-1,1,-1,1,-1,1,-1,-1,1,-1,1,1,1,-1,-1,-1,1,1,1,1,-1,-1,1,-1,-1,1,1,-1,-1,-1,-1,1,-1,1,-1,-1,1,1,-1,1,1,-1,-1,1,-1,-1,1,1,-1,-1,-1,-1,1,-1,1,-1,-1,-1,-1,1,-1,-1,-1,1,-1,-1,1,-1,1,-1,-1,-1,-1,-1,-1,1,1,-1,-1,-1,1,1,1,-1,-1,-1,1,-1,-1,1,-1,1,-1,-1,1,1,1,-1,-1,-1,-1,1,-1,1,1,-1,1,-1,-1,1,1,-1,-1,-1,-1,-1,-1,1,1,-1,-1,1,-1,1,1,-1,-1,-1,1,-1,1,1,-1,-1,1,-1,-1,1,1,1,-1,1,-1,1,1,1,-1,-1,1,-1,-1,1,1,1,-1,1,-1,-1,1,1,-1,1,1,-1,-1,1,1,1,1,1,-1,-1,1,1,-1,1,1,-1,-1,1,1,1,1,1,1,-1,1,1,1,1,1,-1,-1,1,-1,1,1,1,1,-1,-1,1,-1,1,1,1,-1,1,1,1,1,-1,1,-1,1,1,1,1,1,1,-1,-1,1,1,1,1,-1,1,-1,1,1,1,1,-1,1,-1,1,1,1,-1,-1,1,-1,1,1,-1,1,-1,-1,-1,1,1,1,-1,1,-1,-1,1,1,1,-1,-1,-1,-1,1,1,1,-1,-1,-1,-1,-1,1,1,-1,1,-1,-1,-1,1,1,-1,1,-1,-1,1,1,1,1,1,1,-1,-1,1,1,-1,-1,1,1,1,-1,1,-1,1,-1,-1,1,1,-1,-1,1,-1,-1,-1,1,1,-1,1,-1,1,1,1,-1,-1,1,-1,1,-1,-1,-1,-1,1,-1,1,1,1,-1,1,1,-1,1,1,1,1,-1,1,-1,1,1,1,-1,-1,1,-1,1,1,1,-1,1,1,-1,1,1,1,-1,-1,1,-1,1,1,1,1,-1,1,-1,-1,1,1,-1,-1,1,1,-1,1,1,1,-1,1,-1,-1,1,-2668.0,1,2000,445,1000,True
1750,1,1,-1,-1,1,1,-1,1,1,1,1,-1,1,1,1,1,-1,1,-1,-1,1,1,1,1,1,-1,1,-1,1,1,1,1,1,-1,-1,1,-1,1,1,1,-1,-1,1,1,1,1,1,-1,1,1,1,1,-1,1,-1,-1,1,-1,1,1,-1,-1,-1,1,1,1,1,1,-1,-1,1,1,1,1,1,-1,-1,-1,1,1,1,-1,-1,-1,1,1,1,1,-1,-1,-1,1,1,1,1,-1,-1,1,1,-1,1,1,-1,-1,1,1,1,1,1,-1,-1,1,1,1,1,1,-1,-1,1,1,1,1,1,1,-1,1,1,1,-1,1,1,-1,1,1,1,1,1,1,-1,-1,1,1,1,1,1,-1,1,1,1,1,1,1,-1,-1,-1,1,1,1,1,-1,1,-1,1,1,-1,1,-1,1,-1,1,1,1,-1,-1,1,1,1,1,1,-1,1,-1,-1,1,-1,1,-1,1,1,1,1,1,1,1,1,1,-1,1,-1,1,-1,1,1,-1,1,-1,1,1,-1,1,-1,1,-1,1,-1,1,1,-1,1,-1,1,1,1,1,-1,-1,1,1,-1,-1,1,-1,1,-1,-1,1,-1,1,-1,1,-1,1,-1,1,1,-1,1,-1,1,1,-1,1,-1,1,1,1,-1,1,1,-1,1,-1,1,-1,1,-1,1,-1,1,1,-1,1,-1,-1,-1,1,1,-1,1,-1,-1,-1,1,1,-1,-1,1,1,-1,-1,1,1,-1,1,1,-1,1,1,1,1,-1,1,-1,1,1,-1,1,-1,1,1,-1,1,1,1,1,1,-1,-1,1,-1,-1,-1,1,1,-1,1,1,1,-1,1,-1,-1,1,1,1,1,1,-1,1,1,1,-1,1,1,-1,1,1,1,-1,1,1,-1,-1,1,1,1,-1,1,-1,1,1,1,-1,1,1,-1,1,1,1,-1,1,-1,-1,1,1,1,-1,1,-1,-1,-1,1,1,-1,1,-1,-1,1,-1,1,-1,1,1,-1,-1,1,1,1,-1,1,-1,-1,1,1,-1,1,-1,-1,-1,-1,-1,-1,1,-1,-1,-1,1,1,-1,1,-1,1,-1,1,1,1,1,-1,-1,1,1,1,-1,1,-1,-1,-1,-1,1,1,1,1,-1,-1,1,1,1,1,-1,-1,1,-1,-1,1,-1,1,-1,-1,1,-1,1,-1,-1,-1,1,1,-1,1,-1,1,-1,-1,1,-1,1,1,-1,-1,-1,1,-1,-1,1,1,-1,-1,1,-1,1,1,-1,1,-1,1,-1,-1,1,1,-1,-1,1,-1,1,1,-1,-1,1,1,-1,1,-1,1,-1,1,-1,-1,1,-1,1,-1,1,-1,-1,1,-1,-1,-1,1,-1,-1,1,-1,1,-1,1,-1,-1,1,-1,-1,1,-1,1,-1,1,1,1,-1,1,1,-1,-1,1,1,-1,1,-1,-1,1,-1,1,1,1,1,-1,-1,1,1,-1,1,1,-1,-1,1,1,1,-1,1,1,-1,1,1,1,1,1,-1,1,-1,-1,1,1,-1,1,1,-1,-1,1,1,-1,1,-1,-1,-1,1,1,-1,1,1,-1,1,-1,1,-1,1,1,-1,-1,-1,1,-1,-1,-1,-1,1,-1,1,-1,-1,-1,-1,-1,-1,1,-1,1,1,1,1,-1,1,-1,1,1,-1,-1,-1,1,-1,-1,1,-1,-1,-1,-1,1,1,1,1,-1,-1,1,1,1,1,-1,-1,-1,-1,1,1,1,-1,-1,-1,-1,1,1,1,-1,-1,-1,1,-1,1,-1,1,-1,-1,-1,1,1,1,-1,-1,-1,-1,1,1,1,1,-1,-1,-1,1,1,1,1,1,-1,-1,1,-1,1,-1,-1,-1,1,1,1,1,1,-1,-1,-1,1,1,1,1,-1,-1,-1,1,1,-1,1,-1,-1,-1,1,1,1,1,-1,-1,1,1,1,1,-1,-1,1,1,-1,1,1,-1,-1,-1,1,1,1,1,1,-1,1,1,1,1,1,-1,-1,-1,1,-1,1,-1,-1,-1,-1,1,-1,1,1,-1,-1,-1,1,-1,1,1,-1,-1,-1,1,1,1,1,-1,-1,-1,1,-1,1,1,-1,-1,-1,1,1,-1,-1,-1,-1,-1,1,-1,1,-1,-1,-1,-1,-1,-1,-1,1,-1,-1,-1,1,-1,-1,1,-1,-1,-1,-1,-1,1,1,-1,-1,-1,-1,-1,1,-1,-1,-1,1,-1,-1,1,-1,1,-1,-1,-1,-1,-1,-1,-1,1,-1,-1,-1,1,1,1,-1,-1,1,-1,-1,-1,-1,-1,1,-1,-1,1,1,1,-1,-1,-1,-1,1,-1,1,1,-1,1,-1,-1,1,1,-1,-1,-1,-1,-1,-1,1,1,-1,-1,1,-1,1,1,-1,-1,-1,1,-1,1,1,-1,-1,1,-1,-1,1,1,1,-1,1,-1,1,1,1,-1,-1,1,-1,-1,1,1,1,-1,1,-1,-1,1,1,-1,1,1,-1,-1,1,1,1,1,1,-1,-1,1,1,1,1,1,-1,-1,1,1,1,1,1,1,-1,-1,1,1,-1,1,-1,-1,1,-1,1,1,1,1,-1,-1,1,-1,1,1,1,-1,1,1,1,1,-1,1,-1,1,1,1,1,1,1,1,-1,1,1,1,1,-1,1,-1,1,1,1,1,1,-1,1,1,1,1,-1,1,1,-1,1,1,-1,1,1,-1,-1,1,1,1,1,-1,1,-1,1,1,1,-1,-1,1,-1,1,1,1,-1,1,-1,-1,-1,1,1,-1,-1,1,-1,-1,1,1,-1,-1,1,-1,-1,-1,1,1,1,-1,-1,-1,1,1,-1,-1,-1,1,-1,-1,1,-1,1,1,-1,1,1,-1,-1,1,1,-1,-1,1,1,-1,1,1,-1,1,1,-1,-1,-1,-1,1,-1,-1,-1,-1,1,-1,-1,1,1,-1,1,1,-1,1,1,1,1,-1,1,-1,1,1,1,1,-1,1,-1,-1,-1,1,1,-1,1,-1,1,1,1,1,-1,1,-1,1,1,-1,-1,-1,1,-1,-1,1,1,-1,-1,-1,1,-1,1,-1,1,-1,1,-1,-1,1,-2668.0,1,2000,445,0,False
1751,1,1,-1,-1,1,-1,-1,-1,1,1,1,-1,1,1,1,1,-1,1,-1,-1,-1,-1,1,1,1,-1,1,-1,1,1,1,1,1,-1,-1,-1,1,1,1,1,-1,-1,-1,1,1,1,1,-1,1,1,1,1,-1,1,-1,-1,1,-1,1,1,-1,-1,-1,-1,1,1,1,1,-1,-1,-1,1,1,1,1,-1,-1,-1,1,1,1,-1,-1,-1,1,1,1,1,-1,-1,1,1,1,1,1,-1,-1,-1,1,-1,1,1,-1,-1,1,1,1,1,1,-1,-1,-1,1,1,1,1,-1,-1,1,1,1,1,1,1,-1,-1,1,1,-1,1,1,-1,1,1,1,1,1,1,-1,1,1,1,1,1,1,-1,1,1,1,1,1,1,-1,-1,-1,1,1,1,1,-1,1,1,1,1,-1,1,-1,1,-1,1,1,1,-1,-1,1,1,1,1,1,-1,1,-1,-1,1,1,1,-1,1,1,1,1,-1,1,1,1,1,-1,1,-1,1,-1,1,1,-1,1,-1,1,1,-1,1,-1,1,-1,1,-1,1,1,-1,-1,-1,1,1,1,1,-1,-1,1,1,-1,-1,1,-1,1,-1,-1,1,-1,1,-1,1,-1,1,-1,-1,1,-1,-1,-1,1,1,-1,1,-1,1,1,1,-1,1,1,-1,1,-1,1,-1,1,-1,1,-1,1,1,-1,1,-1,-1,-1,1,1,-1,1,-1,-1,-1,1,1,-1,-1,1,1,-1,-1,1,1,-1,1,1,-1,1,1,1,1,-1,1,-1,1,1,-1,1,-1,1,1,-1,1,1,1,1,1,-1,-1,1,-1,-1,-1,1,1,-1,1,1,1,-1,1,-1,-1,1,1,1,-1,1,-1,1,1,1,-1,1,1,-1,1,1,1,-1,1,1,-1,-1,1,1,1,-1,1,-1,1,1,1,-1,1,1,-1,1,1,1,-1,1,-1,-1,1,1,1,-1,1,-1,-1,-1,1,1,-1,1,-1,-1,1,-1,1,-1,1,1,-1,-1,1,1,1,1,1,-1,-1,1,1,-1,1,-1,-1,-1,-1,-1,-1,1,1,-1,-1,1,1,-1,1,-1,-1,-1,1,1,1,1,-1,-1,1,1,1,-1,1,-1,-1,-1,-1,1,1,1,1,-1,-1,1,1,1,1,-1,-1,1,-1,-1,1,-1,1,-1,-1,1,-1,1,1,-1,-1,1,1,-1,1,-1,1,-1,-1,1,-1,1,1,-1,-1,-1,1,-1,-1,1,1,-1,-1,1,-1,1,1,-1,1,-1,1,-1,-1,1,1,-1,-1,1,-1,1,1,-1,-1,1,1,-1,1,-1,1,-1,1,-1,-1,1,-1,1,-1,1,-1,-1,1,-1,-1,-1,1,-1,-1,1,-1,1,-1,1,-1,-1,1,-1,-1,1,-1,1,-1,1,1,1,-1,1,1,-1,-1,1,1,-1,1,-1,-1,1,-1,1,1,1,1,-1,-1,1,1,-1,1,1,-1,-1,1,1,1,-1,1,1,-1,1,1,1,1,-1,1,1,-1,-1,-1,1,-1,-1,1,1,1,-1,1,-1,1,-1,-1,-1,1,1,-1,1,1,-1,-1,-1,1,-1,1,1,-1,1,-1,1,-1,-1,-1,-1,-1,-1,1,-1,-1,-1,-1,-1,-1,1,-1,1,1,1,1,-1,1,-1,1,1,-1,-1,-1,1,-1,-1,1,-1,1,-1,-1,1,1,1,1,-1,-1,1,1,1,1,-1,1,-1,-1,1,1,1,-1,-1,-1,1,1,1,1,-1,-1,-1,1,-1,1,-1,1,1,-1,-1,1,1,1,-1,-1,-1,-1,1,1,1,1,-1,-1,-1,1,1,1,1,-1,-1,-1,1,1,1,-1,-1,-1,-1,1,1,1,1,-1,-1,1,1,1,1,1,-1,-1,-1,1,1,-1,1,-1,-1,-1,1,1,1,1,-1,-1,1,1,1,1,-1,-1,1,1,-1,1,1,-1,-1,-1,1,1,1,1,1,-1,1,1,1,1,1,-1,-1,-1,1,-1,1,-1,-1,-1,-1,1,-1,1,1,-1,-1,-1,1,-1,1,1,-1,-1,-1,1,1,1,1,-1,-1,1,-1,-1,1,1,-1,-1,-1,1,1,-1,-1,-1,-1,-1,1,-1,1,-1,-1,-1,-1,-1,-1,-1,1,-1,-1,-1,1,-1,-1,1,-1,-1,-1,-1,-1,1,1,-1,-1,-1,-1,-1,1,-1,-1,-1,1,-1,-1,1,-1,1,-1,-1,-1,-1,-1,-1,-1,1,-1,-1,-1,1,1,1,-1,-1,1,-1,-1,-1,-1,-1,1,-1,-1,1,1,1,-1,-1,-1,-1,1,-1,1,1,-1,1,-1,-1,1,1,-1,-1,-1,-1,-1,-1,1,1,-1,-1,1,-1,1,1,-1,-1,-1,1,-1,1,1,-1,-1,1,-1,-1,1,1,1,-1,1,-1,1,1,1,-1,-1,1,-1,-1,1,-1,1,-1,1,-1,-1,1,1,-1,1,1,-1,-1,1,1,1,1,1,-1,-1,1,1,1,1,1,-1,-1,1,1,1,1,-1,1,-1,-1,1,1,-1,1,-1,-1,1,-1,1,1,1,1,-1,-1,1,-1,1,1,1,-1,1,1,1,1,-1,1,-1,1,1,1,1,1,1,1,-1,1,1,1,1,-1,1,-1,1,1,1,1,1,-1,1,1,1,1,-1,1,1,-1,1,1,-1,1,1,-1,-1,1,1,1,1,-1,1,-1,1,1,1,-1,-1,1,-1,1,1,1,-1,1,-1,-1,-1,1,1,-1,-1,1,-1,-1,1,1,-1,-1,1,-1,-1,1,1,1,-1,1,-1,-1,1,1,-1,-1,1,1,-1,-1,1,-1,1,1,-1,1,1,-1,-1,1,-1,-1,-1,1,1,-1,1,1,-1,1,1,-1,-1,-1,-1,1,-1,-1,-1,-1,1,-1,-1,1,1,-1,1,1,-1,1,1,1,1,-1,1,-1,1,1,1,-1,-1,1,-1,-1,-1,1,-1,-1,1,-1,1,1,1,-1,-1,1,-1,1,1,1,1,-1,1,-1,-1,1,1,1,-1,-1,1,-1,1,1,1,-1,1,-1,-1,1,-2668.0,1,2000,445,0,False
1752,1,1,-1,-1,1,-1,1,-1,1,1,1,-1,1,1,1,1,-1,1,-1,-1,1,-1,1,1,1,-1,1,-1,1,1,1,1,1,-1,-1,-1,1,1,1,1,-1,-1,-1,1,1,1,1,-1,1,1,1,1,-1,1,-1,-1,1,-1,1,1,1,-1,-1,-1,1,1,1,1,-1,-1,-1,1,1,1,1,-1,-1,-1,1,1,1,-1,-1,-1,1,1,1,1,-1,-1,-1,1,1,1,1,-1,-1,1,1,-1,1,1,-1,-1,1,1,1,1,1,-1,-1,1,1,1,1,1,-1,-1,1,1,1,1,1,1,-1,1,1,1,-1,1,1,-1,1,1,1,1,1,1,-1,-1,1,1,-1,1,1,-1,1,1,1,1,1,1,-1,-1,-1,1,-1,1,1,-1,1,1,1,1,-1,1,-1,1,-1,1,1,1,-1,-1,1,1,1,-1,1,-1,1,-1,-1,1,1,1,-1,1,1,1,1,-1,1,1,1,1,-1,1,-1,1,-1,1,1,-1,1,-1,1,1,-1,1,-1,1,-1,1,-1,1,1,-1,1,-1,1,1,1,1,-1,-1,1,1,-1,-1,1,-1,1,1,-1,1,-1,1,-1,1,-1,1,-1,-1,1,-1,1,1,1,1,-1,1,-1,1,1,1,-1,1,1,-1,1,-1,1,-1,1,-1,1,-1,1,1,-1,1,-1,-1,1,1,1,-1,1,-1,-1,-1,-1,1,-1,-1,1,1,-1,-1,1,1,-1,1,1,-1,1,1,1,1,-1,1,-1,1,1,-1,1,-1,1,1,-1,1,1,1,1,1,-1,-1,1,-1,-1,-1,1,1,-1,1,1,1,-1,1,-1,-1,1,1,1,-1,1,-1,1,1,1,-1,-1,1,-1,-1,1,1,-1,1,1,-1,1,-1,1,1,-1,1,-1,1,1,1,-1,1,1,-1,1,1,1,-1,1,-1,-1,1,1,1,-1,1,-1,-1,1,1,1,-1,1,-1,-1,-1,-1,1,-1,1,1,-1,1,1,1,1,-1,1,-1,-1,-1,1,-1,1,-1,-1,1,-1,-1,-1,1,-1,-1,1,-1,1,-1,1,-1,1,-1,1,1,1,1,-1,1,-1,1,1,-1,1,-1,-1,-1,-1,1,1,1,1,-1,-1,1,1,1,1,-1,-1,1,-1,-1,1,-1,1,-1,1,-1,1,1,1,-1,-1,1,1,-1,1,-1,1,-1,-1,1,-1,1,1,-1,-1,-1,1,-1,-1,1,1,-1,-1,1,-1,1,1,-1,1,-1,1,-1,-1,1,1,-1,-1,1,-1,1,1,-1,-1,1,1,-1,1,-1,1,-1,1,-1,-1,1,-1,1,-1,1,-1,-1,1,-1,-1,-1,1,-1,-1,1,-1,1,-1,1,-1,-1,1,-1,-1,1,-1,1,-1,1,-1,1,-1,1,1,-1,-1,-1,1,-1,1,-1,-1,1,-1,1,1,1,1,-1,-1,1,1,-1,1,1,1,-1,1,1,1,-1,1,1,-1,1,1,1,1,-1,1,1,-1,-1,-1,1,-1,1,1,-1,1,-1,1,-1,1,-1,-1,-1,1,1,-1,1,1,-1,-1,-1,1,-1,1,1,-1,1,-1,1,-1,-1,-1,-1,-1,-1,1,-1,-1,-1,-1,-1,-1,1,-1,1,1,1,1,-1,1,-1,1,1,-1,-1,-1,1,-1,-1,1,-1,1,-1,-1,1,1,1,1,-1,-1,1,1,1,1,-1,1,-1,-1,1,1,1,-1,-1,-1,-1,1,1,1,-1,-1,-1,1,-1,1,-1,1,1,-1,-1,1,1,1,-1,-1,-1,-1,1,1,1,1,-1,-1,-1,1,1,1,1,-1,-1,-1,1,-1,1,-1,-1,-1,-1,1,1,1,1,-1,1,-1,1,-1,1,1,-1,-1,-1,1,1,-1,1,-1,-1,-1,1,1,1,1,-1,-1,1,-1,1,-1,-1,-1,1,1,-1,1,1,-1,-1,-1,1,1,-1,1,1,-1,1,-1,1,-1,1,-1,-1,-1,1,-1,1,-1,-1,-1,1,-1,1,-1,1,1,-1,-1,-1,1,-1,1,-1,-1,-1,1,1,-1,1,-1,-1,1,-1,-1,-1,-1,-1,-1,-1,1,1,1,-1,-1,-1,-1,1,-1,1,-1,-1,-1,-1,-1,-1,-1,1,-1,-1,-1,1,-1,-1,1,-1,-1,-1,-1,-1,1,1,-1,-1,-1,-1,-1,1,-1,-1,-1,1,-1,-1,1,-1,1,-1,-1,-1,-1,-1,-1,-1,1,-1,-1,-1,1,1,-1,-1,-1,1,-1,1,-1,-1,-1,1,-1,-1,1,-1,1,-1,-1,-1,-1,1,-1,1,1,-1,1,-1,-1,1,1,-1,-1,-1,-1,-1,-1,1,1,-1,-1,1,-1,1,1,-1,-1,-1,1,-1,1,1,-1,-1,1,-1,-1,1,1,1,-1,1,-1,1,1,1,-1,-1,1,-1,-1,1,1,1,-1,1,-1,-1,1,1,-1,1,1,-1,-1,1,1,1,1,1,-1,-1,1,1,1,1,1,-1,-1,1,1,1,1,-1,1,-1,-1,1,1,-1,1,-1,-1,1,-1,1,1,1,1,-1,-1,1,-1,1,1,1,-1,1,1,1,1,-1,1,-1,1,1,1,1,1,1,1,-1,1,1,1,1,-1,1,-1,1,1,1,1,1,-1,1,1,1,1,-1,1,1,-1,1,1,-1,1,1,-1,-1,1,1,1,1,-1,1,-1,1,1,1,-1,-1,1,-1,1,1,1,-1,1,-1,-1,-1,1,1,-1,-1,1,-1,-1,1,1,-1,-1,1,-1,-1,1,1,1,-1,1,-1,-1,1,1,-1,-1,-1,1,-1,-1,1,-1,1,1,-1,1,1,-1,-1,1,1,-1,-1,1,1,-1,1,1,-1,1,1,-1,-1,1,-1,1,-1,-1,-1,-1,1,-1,-1,1,1,-1,1,1,-1,1,1,1,1,-1,1,-1,1,1,1,1,-1,1,-1,-1,1,1,1,-1,1,-1,1,1,1,1,-1,1,-1,1,1,-1,-1,-1,1,-1,-1,1,1,-1,-1,-1,1,-1,1,-1,1,-1,1,-1,-1,1,-2668.0,1,2000,445,0,False
1753,1,1,-1,-1,1,-1,-1,-1,1,1,1,-1,1,1,1,1,-1,1,-1,-1,-1,-1,1,1,1,-1,1,-1,1,1,1,1,1,-1,-1,-1,1,-1,1,1,-1,-1,-1,1,1,1,1,-1,1,1,1,1,-1,1,-1,-1,1,-1,1,1,-1,-1,-1,-1,1,1,1,1,-1,-1,-1,1,1,1,1,-1,-1,-1,1,1,1,-1,-1,-1,1,1,1,1,-1,-1,-1,1,1,1,1,-1,-1,1,1,-1,1,1,-1,-1,1,1,1,1,1,-1,-1,1,1,1,1,1,-1,-1,1,1,1,1,1,1,-1,-1,1,1,-1,1,1,-1,1,1,1,1,1,1,-1,-1,1,1,1,1,1,-1,1,1,1,1,1,1,-1,-1,-1,1,1,1,1,-1,1,1,1,1,-1,1,-1,1,-1,1,1,1,-1,-1,1,1,1,1,1,-1,1,-1,-1,1,1,1,-1,1,1,1,1,-1,1,1,1,1,-1,1,-1,1,-1,1,1,-1,1,-1,1,1,-1,1,-1,1,-1,1,-1,1,1,-1,1,-1,1,1,1,1,-1,-1,1,1,-1,-1,1,-1,1,-1,1,1,-1,1,-1,1,-1,1,-1,-1,1,-1,-1,-1,1,1,-1,1,-1,1,1,1,-1,1,1,-1,1,-1,1,-1,1,-1,1,-1,1,1,-1,1,-1,-1,-1,1,1,-1,1,-1,-1,-1,1,1,-1,-1,1,1,-1,-1,1,1,-1,1,1,-1,1,1,1,1,-1,1,-1,1,1,-1,1,-1,1,1,-1,1,1,1,1,1,-1,-1,1,-1,-1,-1,1,1,-1,1,1,1,-1,1,-1,-1,1,1,1,-1,1,-1,1,1,1,-1,1,1,-1,1,1,1,-1,1,1,-1,-1,1,1,1,-1,1,-1,1,1,1,-1,1,1,-1,1,1,1,-1,1,-1,-1,1,1,1,-1,1,-1,-1,-1,1,1,-1,1,-1,-1,1,-1,1,-1,1,1,-1,-1,1,1,1,-1,1,-1,-1,1,1,-1,1,-1,-1,-1,-1,-1,-1,1,-1,-1,-1,1,1,-1,1,-1,-1,-1,1,1,1,1,1,-1,1,1,1,-1,1,-1,-1,-1,-1,1,1,1,1,-1,-1,1,1,1,1,-1,-1,1,-1,-1,1,-1,1,-1,-1,1,-1,1,-1,-1,-1,1,1,-1,1,-1,1,-1,-1,1,-1,1,1,-1,-1,-1,1,-1,-1,1,1,-1,-1,1,-1,1,1,-1,1,-1,1,-1,-1,1,1,-1,-1,1,-1,1,1,-1,-1,1,1,-1,1,-1,1,-1,1,-1,-1,1,-1,1,-1,1,-1,-1,1,-1,-1,-1,1,-1,-1,1,1,1,-1,1,-1,-1,1,-1,-1,1,-1,1,-1,1,1,1,-1,1,1,-1,-1,-1,1,-1,1,-1,-1,1,-1,1,1,1,1,-1,-1,1,1,-1,1,1,-1,-1,1,1,1,-1,1,1,-1,1,1,1,1,-1,1,1,-1,-1,-1,1,-1,1,1,-1,1,-1,1,-1,1,-1,-1,-1,1,1,-1,1,1,-1,-1,-1,1,-1,1,1,-1,1,-1,1,-1,-1,-1,-1,-1,-1,1,-1,-1,-1,-1,-1,-1,1,-1,1,1,1,1,-1,1,-1,1,1,-1,-1,-1,1,-1,-1,1,-1,1,-1,-1,1,1,1,1,-1,-1,1,1,1,1,-1,1,-1,-1,1,1,1,-1,-1,-1,1,1,1,1,-1,-1,-1,1,-1,1,-1,1,1,-1,-1,1,1,1,-1,-1,-1,-1,1,1,1,1,-1,-1,-1,1,1,1,1,-1,-1,-1,1,1,1,-1,-1,-1,1,1,1,1,1,-1,-1,-1,1,1,1,1,-1,-1,-1,1,1,-1,1,-1,-1,-1,1,1,1,1,-1,-1,1,1,1,1,-1,-1,1,1,-1,1,1,-1,-1,-1,1,1,1,1,1,-1,1,1,1,1,1,-1,-1,-1,1,-1,1,-1,-1,-1,-1,1,-1,1,1,1,-1,-1,1,-1,1,1,-1,1,-1,1,1,1,1,-1,1,1,-1,-1,1,1,-1,-1,-1,1,1,-1,-1,-1,-1,-1,1,-1,1,-1,-1,-1,-1,1,-1,-1,1,-1,-1,-1,1,-1,-1,1,-1,-1,-1,-1,-1,-1,1,-1,-1,-1,-1,-1,1,-1,-1,-1,1,-1,-1,1,-1,1,-1,-1,-1,-1,-1,-1,-1,1,-1,-1,-1,1,1,1,-1,-1,-1,1,-1,-1,-1,-1,1,-1,-1,1,1,1,-1,-1,-1,-1,1,-1,1,1,-1,1,-1,-1,1,1,-1,-1,-1,-1,-1,-1,1,1,-1,-1,1,-1,1,1,-1,-1,-1,1,-1,1,1,-1,-1,1,-1,-1,1,1,1,-1,1,-1,1,1,1,-1,-1,1,-1,-1,1,1,1,-1,1,-1,-1,1,1,-1,1,1,-1,-1,1,1,1,1,1,-1,-1,1,1,1,1,1,-1,-1,1,1,1,1,-1,1,-1,-1,1,1,-1,1,-1,-1,1,-1,1,1,1,1,-1,-1,1,-1,1,1,1,-1,1,1,1,1,-1,1,-1,1,1,1,1,1,1,1,-1,1,1,1,1,-1,1,-1,1,1,1,1,1,-1,1,1,1,1,-1,1,1,-1,1,1,-1,1,1,-1,-1,1,1,1,1,-1,1,-1,1,1,1,-1,-1,1,-1,1,1,1,-1,1,-1,-1,-1,1,1,-1,-1,1,-1,-1,1,1,1,-1,1,-1,-1,1,1,1,-1,1,-1,-1,1,1,-1,-1,-1,1,-1,-1,1,-1,1,1,-1,1,1,-1,-1,1,1,-1,-1,1,1,-1,1,1,-1,1,1,-1,-1,-1,-1,1,-1,-1,-1,-1,1,-1,-1,1,1,-1,1,1,-1,1,1,1,1,-1,1,-1,1,1,1,1,-1,1,-1,1,1,1,1,-1,1,-1,-1,1,1,1,-1,1,-1,1,1,1,-1,-1,1,-1,-1,1,1,-1,-1,-1,1,-1,1,-1,1,-1,1,-1,-1,1,-2668.0,1,2000,445,0,False
1754,1,1,-1,-1,1,1,-1,-1,1,1,1,-1,1,1,1,1,-1,1,-1,-1,-1,-1,1,1,1,-1,-1,-1,1,1,1,1,-1,-1,-1,-1,1,1,1,1,-1,-1,-1,1,1,1,1,-1,1,1,1,1,-1,1,-1,-1,1,-1,1,1,1,-1,-1,-1,1,1,1,1,-1,-1,-1,1,1,1,1,-1,-1,-1,1,1,1,-1,-1,-1,1,1,1,1,-1,-1,-1,1,1,1,1,-1,-1,1,1,-1,1,1,-1,-1,1,1,1,1,1,-1,-1,-1,1,1,1,1,-1,-1,1,1,1,1,1,1,-1,-1,1,1,-1,1,1,-1,1,1,1,1,1,1,-1,1,1,1,1,1,1,-1,1,1,1,1,1,1,-1,-1,-1,1,1,1,1,-1,1,1,1,1,-1,1,-1,1,-1,1,1,1,-1,-1,1,1,1,1,1,-1,1,-1,-1,1,-1,1,-1,1,1,1,1,1,1,1,1,1,-1,1,-1,1,-1,1,1,-1,1,-1,1,1,-1,1,-1,1,-1,1,-1,1,1,-1,1,-1,1,1,1,1,-1,-1,1,1,-1,-1,1,-1,1,-1,-1,1,-1,1,-1,1,-1,1,-1,-1,1,-1,-1,-1,1,1,-1,1,-1,1,1,1,-1,1,1,-1,1,-1,1,-1,1,-1,1,-1,1,1,-1,1,-1,-1,-1,1,1,-1,1,-1,-1,-1,1,1,-1,-1,1,1,-1,-1,1,1,-1,1,1,-1,1,1,1,1,-1,1,-1,1,1,-1,1,-1,1,1,-1,1,1,1,1,1,-1,-1,1,-1,-1,1,1,1,-1,1,1,1,-1,1,-1,-1,1,1,1,1,1,-1,1,1,1,-1,1,1,-1,1,1,1,-1,1,1,-1,-1,1,1,1,-1,1,-1,1,1,1,-1,1,1,-1,1,1,1,-1,1,-1,-1,1,1,1,-1,1,-1,-1,-1,1,1,-1,1,-1,-1,1,-1,1,-1,1,1,-1,-1,1,1,1,1,1,-1,-1,1,1,-1,1,-1,-1,-1,-1,-1,-1,1,1,-1,-1,1,1,-1,1,-1,-1,-1,1,1,1,1,-1,-1,1,1,1,-1,1,-1,-1,-1,-1,1,1,1,1,-1,-1,1,1,1,1,-1,-1,-1,-1,-1,1,-1,1,-1,1,-1,1,1,1,-1,-1,1,1,-1,1,-1,1,-1,-1,1,-1,1,1,-1,-1,-1,1,-1,-1,1,1,-1,-1,1,-1,1,1,-1,1,-1,1,-1,-1,1,1,-1,-1,1,-1,1,1,-1,-1,1,1,-1,1,-1,1,-1,1,-1,-1,1,-1,1,-1,1,-1,-1,1,-1,-1,-1,1,-1,-1,1,-1,1,-1,1,-1,-1,1,-1,-1,1,-1,1,-1,1,1,1,-1,1,1,-1,-1,-1,1,-1,1,-1,-1,1,-1,1,1,1,1,-1,-1,1,1,-1,1,1,1,-1,1,1,1,1,1,1,-1,1,1,1,-1,-1,-1,1,-1,-1,-1,1,-1,-1,1,-1,1,-1,1,-1,1,-1,-1,-1,1,1,-1,1,1,-1,-1,-1,1,-1,1,1,-1,1,-1,1,-1,-1,-1,-1,-1,-1,1,-1,-1,-1,-1,-1,-1,1,-1,1,1,1,1,-1,1,-1,1,1,-1,-1,-1,1,-1,-1,1,-1,1,-1,-1,1,1,1,1,-1,-1,1,1,1,1,-1,1,-1,-1,1,1,1,-1,-1,-1,1,1,1,1,-1,-1,-1,1,-1,1,-1,1,1,-1,-1,1,1,1,-1,-1,-1,-1,1,1,1,1,-1,-1,-1,1,1,1,1,-1,-1,-1,1,1,1,-1,-1,-1,1,1,1,1,1,-1,-1,-1,1,1,1,1,-1,-1,-1,1,1,-1,1,-1,-1,-1,1,1,1,1,-1,-1,1,1,1,1,-1,-1,1,1,-1,1,1,-1,-1,-1,1,1,1,1,1,-1,1,1,1,1,1,1,-1,-1,1,-1,1,-1,-1,-1,-1,1,-1,1,1,-1,-1,-1,1,-1,1,1,-1,-1,-1,1,1,1,-1,1,-1,-1,1,-1,1,-1,-1,-1,-1,1,1,-1,-1,-1,-1,-1,1,-1,1,-1,-1,-1,-1,-1,-1,-1,1,-1,-1,-1,1,-1,-1,1,-1,-1,-1,-1,-1,1,1,-1,-1,-1,-1,-1,1,-1,-1,-1,1,-1,-1,1,-1,1,-1,-1,-1,-1,-1,-1,-1,1,-1,-1,-1,1,1,1,-1,-1,1,-1,-1,-1,-1,-1,1,-1,-1,1,1,1,-1,-1,-1,-1,1,-1,1,1,-1,1,-1,-1,1,1,-1,-1,-1,-1,-1,-1,1,1,-1,-1,1,-1,1,1,-1,-1,-1,1,-1,1,1,-1,-1,1,-1,-1,1,1,1,-1,1,-1,1,1,1,-1,-1,1,-1,-1,1,1,1,-1,1,-1,-1,1,1,-1,1,1,-1,-1,1,1,-1,1,1,-1,-1,1,1,-1,1,1,-1,-1,1,1,1,1,-1,1,-1,-1,1,1,-1,1,-1,-1,1,-1,1,1,1,1,-1,-1,1,-1,1,1,1,-1,1,1,1,1,-1,1,-1,1,1,1,1,1,1,1,-1,1,1,1,1,-1,1,-1,1,1,1,1,1,-1,1,1,1,1,-1,1,1,-1,1,1,-1,1,1,-1,-1,1,1,1,1,-1,1,-1,1,1,1,-1,-1,1,-1,1,1,1,-1,1,-1,-1,-1,1,1,-1,-1,1,-1,-1,1,1,-1,-1,1,-1,-1,1,1,1,-1,1,-1,-1,1,1,-1,-1,-1,1,-1,1,1,-1,1,1,-1,1,1,-1,-1,1,-1,-1,-1,1,1,-1,1,1,-1,1,1,-1,-1,-1,-1,1,-1,-1,-1,-1,1,-1,-1,1,1,-1,1,1,-1,1,1,1,1,-1,1,-1,1,1,1,-1,-1,1,-1,-1,1,1,-1,-1,1,-1,1,1,1,-1,-1,1,-1,1,1,1,1,-1,1,-1,-1,1,1,-1,-1,-1,1,-1,1,-1,1,-1,1,-1,-1,1,-2668.0,1,2000,445,1500,False
1755,1,1,-1,-1,1,1,-1,-1,1,1,1,-1,1,1,1,1,-1,1,-1,-1,-1,-1,1,1,1,1,-1,-1,1,1,1,1,-1,-1,-1,-1,1,1,1,1,-1,-1,-1,1,1,1,1,-1,1,1,1,1,-1,1,-1,-1,1,-1,1,1,1,-1,-1,-1,1,1,1,1,-1,-1,-1,1,1,1,1,-1,-1,-1,1,1,1,-1,-1,-1,1,1,1,1,-1,-1,-1,1,1,1,1,-1,-1,1,1,-1,1,1,-1,-1,1,1,1,1,1,-1,-1,1,1,1,1,1,-1,-1,1,1,1,1,1,1,-1,-1,1,1,-1,1,1,-1,1,1,1,1,1,1,-1,-1,1,1,1,1,1,-1,1,1,1,1,1,1,-1,-1,-1,1,1,1,1,-1,1,1,1,1,-1,1,-1,1,-1,1,1,1,-1,-1,1,1,1,1,1,-1,1,-1,-1,1,-1,1,-1,1,1,1,1,1,1,1,1,1,-1,1,-1,1,-1,1,1,-1,1,-1,1,1,-1,1,-1,1,-1,1,-1,1,1,-1,1,-1,1,1,1,1,-1,-1,1,1,-1,-1,1,-1,1,-1,-1,1,-1,1,-1,1,-1,1,-1,-1,1,-1,-1,-1,1,1,-1,1,-1,1,1,1,-1,1,1,-1,1,-1,1,-1,1,-1,1,-1,1,1,-1,1,-1,-1,-1,1,1,-1,1,-1,-1,-1,1,1,-1,-1,1,1,-1,-1,1,1,-1,1,1,-1,1,1,1,1,-1,1,-1,1,1,-1,1,-1,1,-1,1,1,1,1,1,1,-1,-1,1,-1,-1,-1,1,1,-1,1,1,1,-1,1,1,1,1,1,1,1,1,-1,1,1,1,-1,-1,1,-1,1,1,1,-1,1,1,-1,-1,1,1,1,-1,1,-1,1,1,1,-1,1,1,-1,1,1,1,-1,1,1,-1,1,1,1,-1,1,1,1,-1,1,1,-1,1,1,-1,1,-1,1,-1,1,1,1,-1,1,1,1,-1,1,1,-1,1,1,-1,1,1,1,-1,-1,-1,-1,1,1,1,-1,1,1,-1,1,1,-1,-1,1,1,1,1,1,-1,1,1,1,-1,1,1,1,1,-1,1,1,1,-1,1,-1,1,1,1,1,1,1,-1,-1,-1,1,-1,-1,1,-1,1,-1,1,1,1,1,1,1,-1,1,-1,-1,1,-1,1,-1,1,1,1,1,1,1,-1,-1,1,-1,1,1,-1,-1,1,1,1,-1,1,1,-1,-1,1,-1,1,1,-1,-1,1,1,1,1,-1,1,-1,1,-1,1,1,-1,1,-1,1,-1,1,1,-1,-1,-1,1,1,1,1,1,-1,-1,1,-1,-1,1,-1,-1,-1,1,1,1,1,-1,1,-1,1,1,-1,1,-1,-1,-1,-1,1,-1,1,-1,-1,-1,1,1,-1,1,-1,-1,-1,-1,1,-1,1,-1,-1,-1,-1,1,-1,-1,1,1,1,-1,1,-1,1,-1,1,-1,1,-1,-1,-1,1,-1,-1,-1,1,1,-1,1,-1,1,1,1,-1,1,1,-1,-1,-1,1,-1,-1,1,-1,-1,1,1,1,-1,1,-1,-1,1,1,-1,-1,1,-1,-1,1,1,-1,-1,1,-1,-1,-1,1,1,-1,1,1,-1,-1,1,-1,-1,1,-1,1,-1,1,1,-1,-1,1,-1,-1,-1,-1,-1,1,1,1,-1,-1,1,-1,-1,1,-1,-1,1,-1,-1,1,1,-1,-1,1,-1,-1,1,1,-1,1,-1,1,-1,-1,1,1,-1,-1,-1,-1,1,1,-1,-1,1,-1,-1,-1,1,1,-1,-1,-1,-1,-1,1,-1,-1,-1,-1,-1,1,1,1,-1,-1,-1,-1,-1,1,1,-1,-1,-1,-1,-1,1,1,1,-1,-1,-1,-1,1,1,-1,-1,-1,-1,1,1,1,1,1,-1,1,1,1,1,1,1,-1,-1,1,1,1,1,-1,-1,1,1,1,1,-1,1,-1,-1,1,-1,1,-1,1,-1,-1,1,-1,1,1,1,-1,-1,1,-1,1,-1,1,-1,-1,1,-1,1,1,1,-1,-1,1,-1,1,1,1,-1,-1,1,1,-1,1,1,-1,-1,1,-1,1,-1,1,-1,-1,-1,-1,-1,1,1,-1,-1,1,-1,-1,1,1,-1,-1,-1,-1,-1,-1,1,-1,-1,-1,-1,1,-1,-1,-1,1,-1,-1,1,-1,1,-1,-1,-1,-1,-1,-1,1,1,-1,-1,-1,1,1,1,-1,-1,1,-1,-1,-1,1,-1,1,-1,-1,1,1,1,-1,-1,-1,-1,1,-1,1,1,-1,1,-1,-1,1,1,-1,-1,-1,-1,-1,-1,1,1,-1,-1,1,-1,1,1,-1,-1,-1,1,-1,1,1,-1,-1,1,-1,-1,1,1,1,-1,1,-1,1,1,1,-1,-1,1,-1,-1,1,1,1,-1,1,-1,-1,1,1,-1,1,1,-1,-1,1,1,-1,1,1,-1,-1,1,1,-1,1,1,-1,-1,1,1,1,1,-1,1,-1,-1,1,1,-1,1,-1,-1,1,-1,1,1,1,1,-1,-1,1,-1,1,1,1,-1,1,1,1,1,-1,1,-1,1,1,1,1,1,1,1,-1,1,1,1,1,-1,1,-1,1,1,1,1,1,-1,1,1,1,1,-1,1,1,-1,1,1,-1,1,1,-1,-1,1,1,1,1,-1,1,-1,1,1,1,-1,-1,1,-1,1,1,1,-1,1,-1,-1,-1,1,1,-1,-1,1,-1,-1,1,1,-1,-1,1,-1,-1,1,1,1,-1,1,-1,-1,1,1,-1,-1,-1,1,-1,1,1,-1,1,1,-1,-1,1,-1,-1,1,-1,-1,-1,1,1,-1,1,1,-1,1,1,-1,-1,-1,-1,1,-1,-1,-1,-1,1,-1,-1,1,1,-1,1,1,-1,1,-1,1,1,-1,1,-1,1,1,1,1,-1,1,-1,-1,-1,1,1,-1,1,-1,1,-1,1,1,-1,1,-1,1,1,1,-1,-1,1,-1,-1,-1,1,-1,-1,-1,1,-1,1,-1,1,-1,1,-1,-1,1,-2668.0,1,2000,445,0,False
1756,1,1,-1,-1,1,1,-1,-1,1,1,1,-1,1,1,-1,1,-1,1,-1,-1,-1,1,1,1,1,-1,-1,-1,1,1,1,1,-1,-1,-1,-1,1,-1,1,-1,-1,-1,-1,1,1,1,1,-1,1,1,1,1,-1,1,-1,-1,1,-1,1,1,1,-1,-1,1,1,1,1,1,-1,-1,1,1,1,1,1,-1,-1,-1,1,1,1,-1,-1,-1,1,1,1,1,-1,-1,1,1,1,1,1,-1,-1,-1,1,-1,1,1,-1,-1,1,1,1,1,1,-1,-1,-1,1,1,1,1,-1,-1,1,1,1,1,1,1,-1,-1,1,1,-1,1,1,-1,1,1,1,1,1,1,-1,1,1,1,1,1,1,-1,1,1,1,1,1,1,-1,-1,-1,1,1,1,1,-1,1,-1,1,1,-1,1,-1,1,-1,1,1,1,-1,-1,1,1,1,1,1,-1,1,-1,-1,1,-1,1,-1,1,1,1,1,1,1,1,1,1,-1,1,-1,1,-1,1,1,-1,1,-1,1,1,-1,1,-1,1,-1,1,-1,1,1,-1,1,-1,1,1,1,1,-1,-1,1,1,-1,-1,1,-1,1,-1,1,1,-1,1,-1,1,-1,1,-1,-1,1,-1,-1,-1,1,1,-1,1,-1,1,1,1,-1,1,1,-1,1,-1,1,-1,1,-1,1,-1,1,1,-1,1,-1,-1,-1,1,1,-1,1,-1,-1,-1,1,1,-1,-1,1,1,-1,-1,1,1,-1,1,1,-1,1,1,1,1,-1,1,-1,1,1,-1,1,-1,1,1,1,1,1,1,1,1,-1,-1,1,-1,-1,1,1,1,-1,1,1,1,-1,1,1,1,1,1,1,1,1,-1,1,1,1,-1,1,1,-1,1,1,1,-1,1,1,-1,-1,1,1,1,-1,1,-1,1,1,1,-1,1,1,-1,1,1,1,-1,1,1,-1,1,1,1,-1,1,1,-1,-1,1,1,-1,1,1,-1,1,-1,1,-1,1,-1,1,-1,1,1,1,-1,-1,1,-1,1,1,-1,1,1,1,-1,-1,-1,-1,1,1,1,-1,1,1,-1,1,1,-1,-1,1,1,1,1,1,-1,1,1,1,-1,1,1,1,-1,-1,1,1,-1,-1,1,-1,1,-1,1,-1,1,1,-1,-1,-1,1,-1,1,1,1,-1,1,1,-1,1,1,1,1,-1,1,-1,-1,1,-1,1,-1,1,-1,-1,1,1,1,-1,-1,1,-1,1,1,1,-1,1,1,1,-1,1,1,-1,1,-1,-1,1,1,1,-1,1,-1,1,1,1,1,-1,1,-1,1,1,1,-1,1,1,1,1,1,1,-1,-1,1,-1,1,1,1,-1,1,-1,1,-1,1,1,-1,-1,1,-1,1,1,1,1,-1,1,-1,-1,1,1,1,-1,1,-1,-1,1,1,-1,-1,1,-1,-1,1,-1,1,-1,-1,1,-1,1,-1,1,1,-1,1,-1,-1,1,1,1,-1,1,-1,1,-1,1,1,1,-1,-1,-1,1,-1,1,1,1,-1,1,1,-1,-1,1,1,-1,1,1,-1,-1,-1,1,-1,-1,1,-1,-1,1,1,-1,-1,1,-1,-1,1,1,1,-1,1,-1,-1,1,1,-1,-1,1,-1,-1,-1,1,1,-1,1,1,-1,-1,1,1,-1,1,-1,1,-1,1,1,-1,-1,1,-1,-1,-1,-1,-1,1,1,1,-1,-1,1,-1,-1,1,-1,-1,1,-1,-1,1,1,-1,-1,1,-1,-1,1,1,-1,1,-1,1,-1,-1,1,1,-1,-1,-1,-1,-1,1,-1,-1,1,-1,-1,-1,1,1,-1,-1,-1,-1,-1,1,-1,-1,-1,-1,-1,1,1,1,-1,-1,-1,-1,-1,1,1,-1,-1,-1,-1,-1,1,1,1,-1,-1,-1,-1,1,1,-1,-1,-1,-1,1,1,1,1,-1,-1,1,1,1,1,1,-1,-1,-1,1,1,1,1,1,-1,1,1,1,1,-1,1,-1,-1,1,-1,1,-1,1,-1,-1,1,-1,1,-1,-1,-1,-1,1,-1,1,-1,1,1,-1,1,-1,1,-1,1,1,-1,1,-1,1,-1,-1,-1,-1,1,1,-1,-1,-1,-1,-1,1,-1,1,-1,-1,-1,-1,-1,-1,-1,1,-1,-1,-1,1,-1,-1,1,-1,-1,-1,-1,-1,-1,1,-1,-1,-1,-1,-1,1,-1,-1,-1,1,-1,-1,1,-1,1,-1,-1,-1,-1,-1,-1,-1,1,-1,-1,-1,1,1,-1,-1,-1,-1,1,-1,-1,-1,-1,1,-1,-1,1,-1,1,-1,-1,-1,-1,1,-1,1,1,-1,1,-1,-1,1,1,-1,-1,-1,-1,-1,-1,1,1,-1,-1,1,-1,1,1,1,-1,-1,1,-1,1,1,-1,-1,1,-1,-1,1,1,1,-1,1,-1,1,1,1,-1,-1,1,-1,-1,1,1,1,-1,1,-1,-1,1,1,-1,1,1,-1,-1,1,1,1,1,1,-1,-1,1,1,-1,1,1,-1,-1,1,1,1,1,-1,1,-1,1,1,1,-1,1,-1,-1,1,-1,1,1,1,1,-1,-1,1,-1,1,1,1,-1,1,1,1,1,-1,1,-1,1,1,1,1,1,1,1,-1,-1,1,1,1,-1,1,-1,1,1,1,1,1,-1,1,1,1,1,-1,1,1,-1,-1,1,-1,1,1,-1,-1,1,1,1,1,-1,1,-1,1,1,1,-1,-1,1,-1,1,1,1,-1,1,-1,-1,-1,1,1,-1,-1,1,-1,-1,1,1,-1,-1,1,-1,1,1,1,1,-1,1,-1,-1,1,1,-1,-1,-1,1,1,1,1,-1,1,1,-1,1,1,-1,-1,1,1,-1,-1,1,1,-1,1,1,1,1,1,-1,-1,-1,-1,-1,-1,-1,-1,-1,-1,1,1,1,1,-1,1,1,-1,1,1,1,1,-1,1,-1,1,1,1,-1,-1,1,-1,1,1,1,-1,-1,1,-1,1,1,1,-1,-1,1,-1,1,1,1,1,-1,1,-1,1,1,1,1,-1,-1,1,-1,1,-1,1,-1,1,-1,1,1,-2668.0,1,2000,445,1500,False
1757,-1,-1,1,1,1,1,-1,1,-1,-1,-1,1,-1,-1,-1,-1,1,-1,1,-1,-1,-1,-1,-1,-1,1,-1,-1,-1,-1,-1,-1,1,-1,-1,-1,1,-1,-1,1,-1,-1,-1,-1,-1,-1,-1,1,-1,1,-1,-1,1,1,-1,1,-1,1,-1,-1,-1,1,-1,1,-1,-1,-1,-1,1,-1,-1,1,-1,-1,-1,1,1,-1,1,-1,-1,1,1,-1,1,-1,-1,-1,1,1,1,-1,-1,-1,-1,1,-1,1,1,1,-1,-1,1,1,-1,1,-1,-1,-1,1,1,1,1,1,-1,-1,-1,1,1,1,-1,-1,-1,-1,1,1,1,-1,1,-1,-1,1,-1,1,-1,1,-1,-1,1,-1,1,-1,1,-1,-1,1,1,1,1,-1,-1,-1,-1,1,-1,1,-1,1,-1,-1,-1,1,1,1,-1,-1,1,-1,-1,1,-1,-1,-1,1,-1,1,-1,1,-1,-1,-1,1,-1,1,-1,-1,-1,-1,-1,1,1,1,-1,-1,-1,-1,-1,1,1,-1,-1,1,-1,-1,1,1,-1,-1,-1,-1,-1,1,1,-1,-1,-1,-1,-1,1,1,-1,1,1,-1,-1,-1,1,1,-1,-1,-1,-1,1,1,-1,1,-1,-1,-1,1,1,-1,1,1,-1,-1,-1,1,-1,-1,1,-1,-1,1,-1,1,1,-1,-1,-1,1,1,-1,1,-1,-1,1,-1,-1,-1,1,-1,1,-1,1,1,-1,1,-1,1,-1,-1,1,-1,1,-1,-1,1,-1,1,-1,1,1,-1,1,-1,-1,-1,-1,1,1,1,-1,-1,-1,1,1,-1,1,1,-1,-1,-1,1,1,1,-1,-1,-1,1,1,1,1,1,-1,-1,1,-1,1,1,-1,1,-1,1,-1,1,1,-1,-1,-1,1,1,-1,1,-1,-1,1,-1,-1,1,1,-1,-1,1,-1,1,-1,1,-1,1,1,1,-1,1,1,-1,-1,1,1,-1,1,-1,-1,-1,1,1,-1,1,-1,-1,-1,-1,1,1,1,-1,-1,1,1,1,-1,1,1,-1,1,-1,1,-1,-1,1,-1,-1,1,1,-1,1,-1,1,-1,1,1,1,1,1,1,-1,1,-1,-1,1,1,-1,1,-1,1,-1,1,1,-1,1,-1,-1,1,1,-1,-1,1,-1,1,1,1,1,-1,1,1,-1,-1,1,-1,-1,-1,1,-1,1,-1,-1,-1,-1,1,-1,-1,1,1,1,1,1,-1,1,-1,1,-1,-1,1,-1,-1,-1,1,1,-1,1,-1,-1,1,1,-1,-1,1,-1,1,-1,1,-1,-1,1,-1,-1,1,1,-1,-1,-1,1,-1,-1,-1,1,-1,1,-1,-1,1,-1,-1,-1,-1,1,-1,1,-1,1,-1,-1,-1,-1,-1,-1,-1,-1,-1,1,-1,1,-1,-1,-1,1,-1,1,-1,-1,-1,1,-1,-1,1,-1,-1,-1,1,-1,-1,1,-1,1,-1,1,-1,-1,1,-1,-1,1,1,-1,-1,-1,1,-1,1,1,-1,1,-1,1,-1,-1,1,1,1,-1,1,-1,1,-1,1,1,1,-1,-1,-1,1,-1,-1,-1,1,1,-1,1,-1,1,-1,1,-1,1,1,-1,1,1,1,1,-1,1,-1,1,-1,1,1,-1,1,-1,-1,1,1,1,-1,1,-1,-1,-1,1,1,-1,1,-1,1,1,1,-1,-1,1,-1,-1,1,1,1,-1,1,-1,-1,-1,1,1,-1,-1,1,1,-1,-1,1,-1,1,1,1,-1,1,1,-1,-1,1,1,-1,1,-1,-1,1,1,1,1,-1,-1,-1,1,-1,1,1,1,1,-1,-1,1,1,1,-1,1,-1,-1,1,1,1,1,1,1,-1,1,1,1,-1,-1,1,-1,1,1,1,1,1,1,-1,1,1,1,-1,1,1,-1,1,1,1,1,1,1,-1,1,1,-1,1,1,1,-1,1,1,1,1,1,1,-1,1,1,1,-1,1,-1,-1,1,1,1,-1,1,-1,-1,1,1,-1,1,1,-1,-1,1,1,1,1,1,1,-1,1,-1,1,-1,1,-1,-1,1,-1,1,-1,1,1,-1,1,1,-1,1,1,1,-1,1,-1,1,-1,1,1,-1,1,1,-1,1,1,-1,1,1,-1,1,1,1,1,-1,1,1,-1,1,1,1,-1,1,1,-1,1,1,1,-1,1,1,-1,1,1,1,1,1,-1,-1,1,1,1,1,1,-1,1,-1,1,1,1,1,-1,-1,1,1,1,1,1,1,-1,1,-1,1,1,1,-1,1,1,1,1,1,1,1,-1,1,1,-1,1,1,-1,1,1,1,1,1,1,-1,1,-1,1,1,1,1,1,-1,1,1,1,1,1,-1,-1,1,-1,1,1,1,-1,1,1,-1,1,1,-1,-1,1,1,1,1,1,1,-1,1,1,-1,1,1,-1,1,1,1,1,1,1,-1,-1,1,1,1,1,-1,1,-1,1,1,-1,1,-1,-1,-1,1,1,-1,1,-1,1,-1,1,1,1,1,1,-1,-1,1,1,-1,1,1,-1,-1,1,1,-1,1,-1,-1,-1,1,-1,1,-1,1,-1,1,1,1,-1,-1,1,-1,-1,1,1,-1,-1,1,-1,1,1,1,1,-1,1,-1,1,-1,-1,-1,1,1,-1,1,-1,1,-1,-1,-1,-1,1,1,1,-1,1,1,1,-1,1,1,-1,-1,1,1,1,1,-1,1,-1,-1,1,1,1,1,1,-1,1,-1,1,-1,1,1,-1,1,1,-1,-1,-1,1,-1,1,-1,1,1,-1,1,-1,1,1,1,1,-1,1,-1,-1,1,-1,-1,1,1,-1,1,1,-1,-1,1,1,1,1,-1,1,1,1,-1,1,1,-1,1,1,-1,-1,-1,1,-1,-1,1,1,-1,1,1,1,-1,-1,-1,1,1,1,-1,-1,1,1,1,-1,1,-1,-1,-1,1,1,1,1,-1,-1,1,1,1,1,1,1,-1,1,1,1,1,1,1,-1,1,1,-1,-1,1,-1,-1,1,-1,1,1,1,1,-1,-1,1,1,-1,1,-1,1,-1,1,1,-1,1,1,-1,-1,1,-2668.0,1,2000,445,500,True
1758,-1,-1,1,1,1,1,-1,1,-1,-1,-1,1,-1,1,-1,-1,1,-1,1,1,-1,1,-1,-1,-1,1,-1,-1,-1,-1,-1,-1,1,1,-1,1,1,-1,-1,-1,1,-1,1,-1,-1,-1,-1,1,-1,-1,-1,-1,1,-1,1,-1,-1,1,-1,-1,-1,1,1,1,-1,-1,-1,-1,-1,-1,1,-1,-1,-1,-1,-1,-1,1,-1,-1,-1,1,1,-1,-1,-1,-1,1,-1,1,-1,-1,-1,-1,-1,-1,-1,1,-1,1,-1,-1,-1,-1,1,-1,-1,-1,-1,-1,-1,1,-1,-1,-1,-1,-1,-1,1,-1,-1,1,-1,-1,-1,1,-1,-1,1,-1,-1,-1,-1,-1,-1,1,-1,-1,-1,-1,-1,-1,1,-1,-1,-1,1,-1,-1,-1,-1,-1,-1,-1,1,-1,1,1,-1,-1,-1,-1,-1,-1,-1,-1,1,-1,1,-1,-1,-1,-1,-1,-1,-1,-1,1,-1,-1,-1,1,1,-1,-1,-1,-1,-1,-1,-1,-1,1,-1,-1,1,-1,1,-1,1,-1,-1,1,-1,1,-1,1,-1,-1,-1,-1,1,-1,1,-1,1,1,-1,1,-1,1,-1,1,-1,-1,1,1,-1,1,-1,-1,1,1,1,-1,1,-1,-1,-1,1,-1,-1,1,-1,1,-1,1,1,-1,1,-1,1,-1,1,-1,1,1,-1,1,-1,1,-1,-1,-1,1,-1,-1,1,1,1,1,1,-1,-1,1,1,1,1,1,-1,-1,1,1,1,-1,1,-1,-1,1,1,-1,1,1,1,-1,1,1,1,1,-1,1,-1,1,1,1,1,1,-1,-1,1,-1,1,1,1,1,-1,1,1,1,1,1,1,-1,1,-1,1,1,1,1,-1,1,1,1,1,1,-1,-1,1,1,1,1,1,-1,-1,1,1,1,1,-1,-1,1,1,1,-1,1,1,1,-1,1,1,1,1,1,-1,1,1,1,1,1,1,-1,1,1,1,1,1,1,-1,1,1,1,-1,1,1,-1,1,1,1,1,-1,1,-1,1,-1,1,-1,1,1,1,1,1,1,1,-1,1,-1,1,1,-1,-1,-1,-1,-1,1,1,1,-1,1,1,-1,1,1,-1,-1,1,1,1,1,1,-1,1,1,1,-1,1,1,-1,-1,-1,1,1,1,-1,-1,-1,1,1,1,1,1,1,1,-1,-1,1,-1,1,-1,-1,1,-1,1,1,1,-1,1,1,-1,1,-1,-1,1,-1,1,-1,1,1,-1,-1,-1,1,-1,-1,1,-1,1,-1,1,-1,1,1,-1,1,-1,1,-1,-1,1,-1,1,-1,1,-1,1,1,1,1,1,1,-1,1,-1,1,-1,1,-1,-1,1,-1,1,-1,1,-1,-1,1,-1,1,-1,1,-1,-1,1,1,-1,1,1,-1,-1,1,-1,1,1,-1,1,-1,1,1,-1,-1,1,1,-1,-1,-1,1,-1,1,-1,-1,1,-1,-1,1,1,1,-1,-1,1,-1,-1,1,1,-1,-1,1,-1,-1,-1,1,1,-1,1,-1,1,1,-1,1,1,-1,1,1,-1,-1,1,1,1,-1,1,-1,1,-1,1,1,1,-1,-1,-1,1,-1,1,1,1,-1,-1,-1,1,1,-1,1,-1,-1,-1,1,1,1,1,-1,-1,-1,1,1,1,1,-1,-1,-1,-1,1,-1,1,-1,1,-1,-1,1,1,1,-1,1,1,1,-1,-1,1,1,-1,-1,-1,-1,1,1,1,-1,-1,1,-1,1,1,1,-1,-1,1,-1,1,1,-1,-1,-1,-1,-1,1,1,-1,1,-1,-1,1,1,1,1,-1,1,-1,-1,1,1,1,-1,1,-1,1,1,1,1,-1,-1,1,1,1,1,1,-1,1,1,-1,1,1,1,-1,-1,1,1,1,-1,1,-1,-1,1,1,1,1,1,-1,-1,1,1,1,1,1,-1,-1,1,1,1,1,-1,1,-1,1,-1,1,-1,-1,1,-1,1,-1,1,1,-1,-1,1,-1,1,1,-1,1,-1,1,1,-1,1,1,-1,-1,1,-1,-1,1,-1,1,-1,1,1,1,1,1,1,-1,1,1,-1,1,-1,1,-1,1,1,-1,1,1,-1,-1,1,1,-1,1,-1,1,1,-1,-1,-1,1,1,-1,-1,1,-1,-1,1,1,-1,-1,-1,1,-1,1,1,-1,-1,-1,1,-1,1,1,1,-1,1,1,-1,1,1,-1,-1,1,-1,-1,1,1,-1,-1,1,-1,1,1,1,-1,-1,-1,-1,-1,1,1,-1,-1,1,1,-1,1,1,1,1,-1,-1,-1,1,-1,1,-1,1,1,1,1,1,1,-1,1,-1,1,1,1,1,-1,-1,1,1,1,1,1,1,-1,-1,1,-1,1,1,-1,-1,1,1,1,1,1,-1,-1,1,1,1,1,1,1,-1,1,1,-1,1,-1,-1,1,1,1,1,1,1,-1,-1,1,-1,1,1,-1,1,-1,1,1,1,1,-1,-1,-1,1,1,1,1,1,1,-1,1,1,1,1,1,-1,-1,1,1,-1,1,1,-1,-1,-1,1,-1,1,-1,-1,-1,1,-1,-1,1,1,-1,-1,-1,1,-1,1,1,-1,-1,1,1,-1,1,1,-1,1,1,1,-1,1,1,-1,1,-1,1,1,1,1,-1,1,-1,1,1,1,1,1,-1,1,1,1,1,1,1,1,-1,1,1,-1,1,1,-1,-1,1,-1,1,-1,1,1,-1,1,-1,1,1,-1,1,-1,1,-1,1,1,1,-1,-1,-1,1,1,-1,1,1,-1,-1,-1,1,-1,1,-1,1,-1,-1,1,1,-1,1,-1,-1,1,1,1,1,-1,1,-1,1,1,1,1,1,-1,1,1,1,1,1,-1,-1,-1,-1,1,1,1,1,-1,1,1,-1,1,1,-1,1,-1,-1,1,1,1,-1,-1,1,1,-1,1,1,-1,1,1,1,1,1,1,-1,1,1,1,1,1,1,-1,-1,1,1,1,1,1,-1,1,1,1,1,1,1,-1,1,1,1,-1,1,1,-1,-1,1,1,-1,1,1,1,-1,1,1,-1,1,1,-1,-1,1,-2668.0,1,2000,445,500,True
1759,-1,-1,1,1,1,1,-1,1,-1,-1,-1,1,-1,-1,-1,-1,1,-1,1,-1,-1,1,-1,-1,-1,1,-1,-1,-1,-1,-1,-1,1,-1,-1,1,1,-1,-1,1,-1,-1,1,-1,-1,-1,-1,1,-1,-1,-1,-1,1,1,-1,1,-1,1,-1,-1,-1,1,-1,1,-1,-1,-1,-1,1,-1,1,-1,-1,-1,-1,1,1,1,-1,-1,-1,1,1,-1,-1,-1,-1,-1,1,1,1,-1,-1,-1,-1,1,-1,1,-1,1,-1,-1,1,1,-1,-1,-1,-1,-1,1,1,1,-1,-1,-1,-1,-1,1,1,-1,-1,-1,-1,-1,1,1,-1,-1,1,-1,-1,1,-1,-1,-1,1,-1,-1,1,-1,-1,-1,1,-1,-1,1,1,-1,-1,-1,-1,-1,-1,1,1,-1,1,1,-1,-1,-1,-1,-1,-1,1,-1,1,-1,1,-1,1,-1,-1,1,-1,-1,-1,-1,-1,-1,-1,1,1,-1,1,-1,-1,-1,-1,-1,-1,1,-1,-1,-1,-1,1,-1,1,1,-1,1,-1,1,-1,1,-1,-1,-1,-1,1,-1,1,1,-1,1,-1,1,-1,1,-1,1,-1,-1,1,1,-1,1,-1,-1,-1,1,1,1,-1,1,-1,-1,1,-1,1,-1,1,1,-1,1,1,1,-1,-1,1,-1,1,-1,-1,-1,1,-1,-1,1,-1,1,-1,1,-1,-1,1,1,-1,-1,1,-1,1,1,1,-1,-1,1,-1,1,1,1,1,-1,1,-1,-1,1,1,1,-1,1,1,-1,1,1,-1,-1,-1,1,1,1,1,-1,-1,1,1,-1,1,1,1,-1,-1,1,1,1,1,1,-1,1,1,1,1,-1,1,-1,1,-1,1,1,1,1,-1,1,-1,1,1,1,-1,-1,1,1,-1,1,1,-1,1,-1,-1,1,1,1,-1,1,-1,1,-1,1,1,1,1,1,-1,1,1,1,1,1,1,-1,1,1,1,-1,1,1,-1,1,1,1,1,-1,1,1,1,1,1,1,-1,1,-1,1,-1,1,1,-1,1,-1,-1,-1,1,1,-1,1,-1,1,1,1,1,1,-1,-1,1,1,1,1,-1,1,-1,1,1,-1,1,-1,1,-1,1,1,1,1,-1,-1,1,1,1,1,1,-1,1,1,1,-1,1,1,1,-1,-1,1,1,1,1,-1,-1,1,-1,1,1,-1,1,-1,-1,1,1,1,1,1,-1,1,-1,-1,1,-1,1,-1,1,-1,-1,1,-1,1,-1,-1,1,-1,1,-1,1,-1,1,1,1,1,-1,1,-1,1,-1,-1,1,-1,-1,-1,-1,-1,1,1,-1,1,-1,1,-1,1,1,-1,-1,1,1,-1,1,-1,-1,-1,-1,-1,-1,1,1,-1,-1,1,-1,-1,-1,1,-1,-1,-1,1,-1,1,-1,-1,-1,-1,-1,1,-1,-1,1,-1,-1,-1,1,1,-1,1,-1,-1,1,-1,-1,1,1,-1,-1,-1,-1,-1,1,1,-1,1,-1,-1,-1,-1,1,1,1,-1,1,-1,1,-1,1,-1,1,-1,1,1,-1,-1,1,1,1,-1,1,-1,1,-1,1,1,1,-1,-1,-1,-1,-1,1,1,1,-1,-1,-1,1,1,-1,1,-1,-1,-1,1,1,1,1,-1,-1,-1,1,1,1,1,-1,-1,-1,-1,1,-1,1,-1,1,-1,-1,1,1,1,-1,1,1,1,-1,-1,1,1,-1,-1,-1,-1,1,1,1,-1,-1,-1,1,1,1,1,-1,-1,-1,-1,1,1,-1,-1,-1,-1,-1,1,1,-1,1,-1,-1,1,1,1,1,-1,-1,-1,-1,1,1,1,-1,-1,-1,1,1,1,1,-1,-1,-1,-1,1,1,1,-1,1,-1,1,1,1,1,-1,-1,1,-1,1,-1,1,-1,-1,-1,1,1,1,1,-1,-1,1,1,1,1,1,-1,-1,-1,1,1,1,-1,1,-1,1,-1,1,-1,-1,1,-1,1,-1,1,1,-1,1,-1,1,1,1,-1,-1,-1,-1,1,1,1,1,-1,1,-1,1,-1,1,-1,1,-1,-1,1,-1,1,1,-1,1,-1,1,1,1,1,-1,-1,-1,1,-1,1,1,-1,1,1,1,1,1,-1,1,1,-1,1,1,1,1,-1,1,-1,-1,1,1,1,-1,1,1,-1,1,1,1,-1,1,1,-1,1,1,1,-1,1,-1,-1,1,1,1,1,1,-1,1,-1,1,-1,1,1,1,-1,1,1,1,1,1,1,-1,1,-1,1,1,1,1,1,1,1,1,1,1,1,-1,1,1,-1,1,1,-1,1,1,1,1,1,1,1,-1,1,1,1,-1,1,-1,1,1,1,1,1,1,-1,-1,1,-1,1,1,1,-1,1,1,-1,1,1,-1,-1,1,1,1,1,1,1,-1,1,1,-1,1,1,-1,1,1,1,1,1,1,-1,-1,1,1,1,1,-1,1,-1,1,1,-1,1,-1,-1,-1,1,1,-1,1,-1,1,-1,1,1,1,1,1,-1,-1,1,1,-1,1,1,-1,-1,1,1,-1,1,-1,-1,-1,1,-1,1,-1,1,-1,1,1,1,-1,1,1,-1,-1,1,1,-1,-1,1,-1,1,1,1,1,-1,1,-1,1,-1,1,-1,1,1,-1,1,-1,1,-1,-1,-1,-1,1,-1,1,-1,1,1,1,-1,-1,1,-1,-1,1,1,1,1,1,1,-1,-1,1,1,-1,1,1,-1,1,-1,1,-1,1,1,-1,1,1,-1,-1,-1,1,-1,1,-1,1,-1,1,1,-1,1,1,1,-1,1,1,-1,-1,1,-1,-1,1,1,-1,1,1,-1,-1,1,1,1,1,-1,1,1,-1,-1,1,1,-1,1,-1,1,-1,-1,1,-1,-1,1,1,-1,1,1,1,-1,1,1,1,1,1,-1,-1,1,-1,1,-1,1,-1,-1,1,1,1,1,1,-1,-1,1,1,1,1,1,1,-1,1,-1,1,1,1,1,-1,1,1,-1,-1,1,-1,-1,1,1,1,1,1,1,-1,-1,1,1,-1,1,-1,1,-1,1,1,-1,1,1,-1,-1,1,-2668.0,1,2000,445,500,True
1760,-1,-1,1,1,1,1,-1,1,-1,-1,-1,1,-1,-1,-1,-1,1,-1,1,-1,-1,1,-1,-1,-1,1,-1,-1,1,-1,-1,-1,1,-1,-1,1,1,-1,-1,1,-1,-1,1,-1,-1,-1,-1,1,-1,-1,-1,-1,1,1,-1,1,-1,1,-1,-1,-1,1,-1,1,-1,-1,-1,-1,1,-1,1,-1,-1,-1,-1,1,1,1,-1,-1,-1,1,1,-1,-1,-1,-1,-1,1,1,1,-1,-1,-1,-1,1,-1,1,-1,1,-1,-1,1,1,-1,-1,-1,-1,-1,1,1,1,-1,-1,-1,-1,-1,1,1,-1,-1,-1,-1,-1,1,1,-1,-1,1,-1,-1,1,-1,-1,-1,1,-1,-1,1,-1,-1,-1,1,-1,-1,1,1,-1,-1,-1,-1,-1,-1,1,1,-1,1,1,-1,-1,-1,1,-1,-1,1,-1,1,-1,1,-1,1,-1,-1,1,-1,-1,-1,-1,-1,-1,-1,1,1,-1,1,-1,-1,-1,-1,-1,-1,1,-1,-1,-1,-1,1,-1,1,1,-1,1,-1,1,-1,1,-1,-1,-1,-1,1,-1,1,1,-1,-1,-1,1,-1,1,-1,1,-1,-1,1,1,-1,1,-1,-1,-1,1,1,1,-1,1,-1,-1,1,-1,1,-1,1,1,-1,1,1,1,-1,-1,1,-1,1,-1,-1,-1,1,-1,-1,1,-1,1,-1,1,-1,-1,1,1,-1,-1,1,-1,1,1,1,-1,-1,1,-1,1,1,1,1,-1,1,-1,-1,1,1,1,-1,1,1,-1,1,-1,-1,-1,-1,1,1,1,1,-1,-1,1,1,-1,1,-1,1,-1,-1,1,1,1,1,1,-1,1,1,1,1,-1,1,-1,1,-1,1,1,1,1,-1,1,-1,1,1,1,-1,-1,1,1,-1,1,1,-1,1,-1,-1,1,1,1,-1,1,1,1,-1,1,1,1,1,1,-1,1,-1,1,1,1,1,-1,1,1,1,-1,1,1,-1,1,1,1,1,-1,1,1,1,1,1,1,1,1,-1,1,-1,1,1,-1,1,-1,-1,-1,1,1,-1,1,-1,1,1,1,1,1,1,-1,1,1,1,1,1,-1,-1,1,1,-1,1,-1,1,-1,1,1,1,1,-1,-1,1,1,1,1,1,-1,1,1,1,-1,1,1,1,-1,-1,1,1,1,1,1,-1,1,-1,1,1,-1,1,-1,-1,1,1,1,1,1,-1,1,-1,-1,1,-1,1,-1,-1,-1,1,1,-1,1,-1,-1,1,-1,1,-1,1,-1,1,-1,1,1,-1,1,-1,-1,1,-1,1,-1,-1,1,-1,-1,1,1,-1,1,-1,-1,1,1,1,-1,-1,1,-1,1,1,-1,-1,-1,-1,-1,-1,1,1,-1,-1,1,-1,1,-1,1,-1,1,-1,1,-1,1,-1,-1,-1,-1,-1,-1,-1,-1,-1,-1,-1,-1,-1,1,-1,1,-1,-1,1,-1,-1,1,1,-1,-1,-1,1,-1,1,1,-1,1,-1,1,-1,-1,-1,1,1,-1,1,-1,1,1,1,1,1,-1,1,1,-1,-1,1,-1,1,-1,1,-1,1,-1,1,1,1,-1,-1,-1,-1,-1,1,1,1,-1,-1,-1,1,1,-1,1,-1,-1,-1,1,1,1,1,-1,-1,1,1,1,1,1,-1,-1,-1,-1,1,-1,1,-1,1,-1,-1,1,1,1,-1,1,1,1,-1,-1,1,1,-1,-1,-1,-1,1,1,1,-1,-1,-1,1,1,1,1,-1,-1,1,-1,1,1,-1,-1,-1,-1,-1,1,1,-1,1,-1,-1,1,1,1,1,-1,-1,-1,-1,1,1,1,-1,-1,-1,1,1,1,1,-1,-1,-1,-1,1,1,1,-1,1,-1,1,1,1,1,-1,-1,1,1,1,-1,1,-1,-1,-1,1,1,1,1,-1,-1,1,1,1,1,1,-1,-1,-1,1,1,1,-1,1,-1,1,-1,1,-1,-1,1,-1,1,1,1,1,-1,1,-1,1,-1,1,-1,-1,-1,-1,1,-1,1,1,-1,1,-1,1,-1,1,-1,1,-1,-1,1,1,1,1,-1,1,-1,1,1,1,1,-1,-1,-1,1,-1,1,1,-1,1,1,1,1,1,-1,1,1,-1,1,1,1,1,-1,1,-1,-1,1,1,1,-1,1,1,-1,1,1,1,-1,1,1,-1,1,1,1,-1,1,-1,-1,1,1,1,1,1,-1,1,-1,1,-1,1,1,-1,-1,1,1,1,1,1,1,-1,1,-1,1,1,1,-1,1,1,1,1,1,1,1,-1,1,1,-1,1,1,-1,1,1,1,1,1,1,-1,1,-1,1,1,-1,1,1,-1,1,1,1,1,1,-1,-1,1,-1,1,1,1,-1,1,1,-1,1,1,-1,-1,1,1,1,1,1,1,-1,1,1,-1,1,1,-1,1,1,1,1,1,1,-1,1,1,1,1,1,-1,1,-1,1,1,-1,1,-1,-1,-1,1,1,-1,1,-1,1,-1,1,1,1,1,1,-1,-1,1,1,-1,1,1,-1,-1,1,1,-1,1,-1,-1,-1,1,-1,1,-1,1,-1,1,1,1,-1,1,1,-1,-1,1,1,-1,-1,1,-1,1,1,1,1,-1,1,-1,1,-1,1,-1,1,1,-1,1,-1,1,-1,-1,-1,-1,1,1,1,-1,1,1,1,-1,1,1,-1,-1,1,1,1,1,-1,1,-1,-1,1,1,1,1,1,-1,1,-1,1,-1,1,1,-1,1,1,-1,-1,-1,1,-1,1,-1,1,1,1,1,-1,1,1,1,1,-1,1,-1,-1,1,-1,-1,1,1,-1,1,1,-1,-1,1,1,1,1,-1,1,1,1,-1,1,1,-1,1,1,-1,-1,-1,1,-1,-1,1,1,-1,1,1,1,-1,-1,-1,1,1,1,-1,-1,1,1,1,-1,1,-1,-1,-1,1,1,1,1,-1,-1,1,1,1,1,1,1,-1,1,1,1,1,1,1,-1,1,1,-1,-1,1,-1,-1,1,-1,1,1,1,1,-1,-1,1,1,-1,1,-1,1,-1,1,1,-1,1,1,-1,-1,1,-2668.0,1,2000,445,500,True
1761,1,1,-1,-1,1,-1,-1,-1,1,1,1,-1,1,1,1,1,-1,1,-1,-1,-1,-1,1,1,1,-1,-1,-1,1,1,1,1,1,-1,-1,-1,1,-1,1,-1,-1,-1,-1,1,1,1,-1,-1,1,1,1,1,-1,1,-1,-1,1,-1,1,1,-1,-1,-1,-1,1,1,1,-1,-1,-1,-1,1,1,1,1,-1,-1,-1,1,1,1,-1,-1,-1,1,1,1,1,-1,1,-1,1,1,1,1,-1,-1,1,1,-1,1,1,-1,-1,1,1,1,1,1,-1,-1,-1,1,-1,1,1,-1,-1,1,1,1,1,1,1,-1,-1,1,1,-1,1,1,-1,1,1,1,1,1,1,-1,1,1,1,1,1,1,-1,1,1,1,1,1,1,-1,1,-1,1,1,1,1,-1,1,1,1,1,-1,1,-1,1,-1,1,1,1,-1,-1,1,1,1,1,1,-1,1,-1,-1,1,-1,1,-1,-1,-1,1,1,1,1,-1,-1,1,-1,1,-1,1,1,-1,1,-1,1,-1,1,-1,-1,1,-1,1,-1,1,-1,-1,1,-1,1,-1,1,1,-1,-1,-1,-1,1,1,-1,-1,1,-1,1,-1,-1,1,-1,-1,-1,1,-1,1,-1,1,-1,-1,-1,-1,1,-1,1,-1,-1,1,1,1,1,1,-1,-1,1,-1,-1,1,-1,-1,1,-1,1,-1,1,-1,-1,-1,-1,1,1,1,1,-1,-1,-1,1,1,-1,1,-1,1,-1,-1,1,1,1,-1,1,-1,1,1,-1,1,-1,1,-1,1,1,1,-1,-1,1,1,-1,1,1,1,-1,1,-1,-1,1,-1,1,-1,1,1,-1,1,1,1,-1,1,-1,-1,1,1,1,-1,1,-1,1,1,1,-1,-1,1,-1,1,1,-1,-1,1,1,-1,-1,1,-1,1,-1,1,-1,1,1,1,-1,1,1,-1,1,1,1,-1,1,-1,-1,1,1,1,-1,1,-1,-1,-1,1,1,-1,1,-1,-1,1,-1,1,-1,1,1,-1,-1,1,1,1,1,1,-1,-1,1,1,-1,1,-1,1,-1,-1,-1,-1,1,1,-1,-1,1,1,-1,1,1,-1,-1,1,1,1,1,1,-1,1,1,1,-1,1,-1,-1,-1,-1,1,1,1,1,-1,-1,1,-1,1,1,-1,-1,-1,-1,-1,1,-1,-1,-1,1,-1,1,1,1,1,-1,1,1,-1,1,-1,1,-1,-1,1,-1,1,1,1,1,-1,1,-1,-1,1,1,-1,-1,1,-1,1,1,1,-1,-1,1,-1,-1,1,1,-1,1,1,-1,1,1,-1,-1,1,1,-1,1,-1,-1,-1,1,-1,1,1,-1,-1,-1,1,-1,-1,1,-1,-1,-1,1,-1,-1,1,1,-1,-1,1,-1,-1,1,-1,-1,-1,1,1,-1,1,1,-1,-1,1,1,-1,1,-1,1,-1,1,-1,-1,1,-1,-1,1,1,1,-1,-1,1,-1,1,-1,1,-1,1,1,-1,-1,1,1,1,-1,1,-1,1,-1,-1,1,1,-1,-1,-1,1,-1,-1,-1,1,1,-1,1,-1,1,-1,1,-1,1,1,-1,1,1,1,-1,-1,1,-1,1,-1,1,1,-1,1,-1,-1,1,1,-1,-1,1,-1,-1,-1,1,-1,-1,1,-1,1,1,1,1,-1,1,-1,-1,1,1,-1,-1,1,-1,-1,-1,1,1,-1,-1,1,1,-1,-1,-1,-1,1,1,1,1,1,1,-1,-1,1,1,-1,1,-1,-1,1,1,1,1,-1,1,-1,1,-1,1,1,1,1,-1,-1,1,1,1,-1,-1,-1,-1,1,1,1,1,-1,-1,-1,1,1,1,-1,-1,-1,-1,1,1,1,1,-1,-1,1,1,1,1,1,-1,-1,-1,1,1,1,1,-1,-1,-1,1,1,-1,1,-1,-1,-1,1,1,1,1,-1,-1,1,1,1,1,1,-1,1,1,-1,1,1,-1,-1,-1,1,1,1,-1,1,-1,1,1,1,1,1,1,-1,-1,1,-1,1,-1,1,-1,-1,1,-1,1,1,-1,-1,-1,1,-1,1,1,-1,1,-1,1,1,1,-1,1,1,-1,1,-1,1,-1,-1,-1,-1,1,1,-1,-1,-1,-1,-1,1,-1,1,-1,-1,-1,-1,-1,-1,-1,1,-1,-1,-1,1,-1,-1,1,-1,-1,-1,-1,-1,-1,1,-1,-1,-1,-1,-1,1,-1,-1,-1,1,-1,-1,1,-1,1,-1,-1,-1,-1,-1,-1,-1,1,-1,-1,-1,1,1,1,-1,-1,1,1,-1,-1,-1,-1,1,-1,-1,1,-1,1,-1,-1,1,-1,1,-1,1,1,-1,1,-1,-1,1,1,1,-1,-1,-1,-1,-1,1,1,-1,-1,1,-1,1,1,-1,-1,-1,1,-1,1,1,1,-1,1,1,-1,1,1,1,-1,1,-1,1,1,1,-1,-1,1,-1,-1,1,1,1,1,-1,1,-1,1,1,1,-1,1,-1,-1,1,1,1,1,-1,1,-1,1,1,1,1,1,-1,-1,1,1,1,1,1,-1,-1,1,1,1,1,-1,-1,-1,1,-1,1,1,1,-1,-1,-1,1,-1,1,1,-1,-1,1,-1,1,1,1,-1,1,1,1,1,1,1,-1,1,-1,-1,1,1,1,-1,1,-1,1,1,1,-1,1,-1,1,-1,1,1,1,1,1,-1,-1,1,1,-1,1,-1,-1,1,1,1,-1,-1,1,-1,-1,1,1,1,-1,1,-1,1,1,1,1,-1,-1,-1,-1,1,1,-1,1,1,-1,-1,1,1,1,1,-1,1,-1,1,1,1,-1,1,-1,-1,1,-1,1,1,-1,1,-1,-1,1,-1,1,1,-1,1,1,-1,1,1,-1,-1,-1,1,-1,1,1,1,-1,1,1,-1,1,1,-1,1,-1,-1,-1,1,1,-1,-1,1,1,-1,1,1,-1,1,1,1,-1,1,1,-1,1,1,1,-1,-1,1,-1,-1,1,1,-1,1,1,-1,1,1,1,-1,-1,1,-1,1,1,1,1,-1,1,-1,-1,1,1,-1,1,1,1,-1,1,1,1,-1,1,-1,-1,1,-2668.0,1,2000,445,500,True
1762,1,1,-1,-1,1,-1,-1,-1,1,1,1,-1,1,1,-1,1,-1,1,-1,-1,-1,1,1,1,1,-1,1,-1,1,1,1,1,1,-1,-1,-1,1,1,1,1,-1,-1,-1,1,1,1,1,-1,1,1,1,1,-1,1,-1,-1,1,-1,1,1,-1,-1,-1,1,1,1,1,1,-1,-1,1,1,1,1,1,-1,-1,-1,1,1,1,-1,-1,-1,1,1,1,1,-1,-1,-1,1,1,1,1,-1,-1,1,1,-1,1,1,-1,-1,1,1,1,1,1,-1,-1,-1,1,1,1,1,-1,-1,1,1,1,1,1,1,-1,-1,1,1,-1,1,1,-1,1,1,1,1,1,1,-1,1,1,1,1,1,1,-1,1,1,1,1,1,1,-1,-1,-1,1,1,1,1,-1,1,1,1,1,-1,1,-1,1,-1,1,1,1,-1,-1,1,1,1,1,1,-1,1,-1,-1,1,-1,1,-1,1,1,1,1,1,1,1,1,1,-1,1,-1,1,-1,1,1,-1,1,-1,1,1,-1,1,-1,1,-1,1,-1,1,1,-1,1,-1,1,1,1,1,-1,-1,1,1,-1,-1,1,-1,1,-1,-1,1,-1,1,-1,1,-1,1,-1,-1,1,-1,-1,-1,1,1,-1,1,-1,1,1,1,-1,1,1,-1,1,-1,1,-1,1,-1,1,-1,1,1,-1,1,-1,-1,-1,1,1,-1,1,-1,-1,-1,1,1,-1,-1,1,1,-1,-1,1,1,-1,1,1,-1,1,1,1,1,-1,1,-1,1,1,-1,1,-1,1,1,-1,1,1,1,1,1,-1,-1,1,-1,-1,1,1,1,-1,1,1,1,-1,1,-1,-1,1,1,1,-1,1,-1,1,1,1,-1,1,1,-1,1,1,1,-1,1,1,-1,-1,1,1,1,-1,1,-1,1,1,1,-1,1,1,-1,1,1,1,-1,1,-1,-1,1,1,1,-1,1,-1,-1,-1,1,1,1,1,-1,-1,1,-1,1,-1,1,1,-1,-1,1,1,1,-1,1,-1,-1,1,1,-1,1,-1,-1,-1,-1,-1,-1,1,1,-1,-1,1,1,-1,1,-1,-1,-1,1,1,-1,1,1,-1,1,1,1,1,1,-1,-1,-1,-1,1,-1,-1,1,-1,-1,1,-1,-1,1,-1,-1,-1,1,-1,1,-1,1,-1,1,-1,1,-1,1,-1,-1,1,1,-1,1,-1,1,-1,-1,1,-1,-1,-1,-1,-1,-1,1,-1,-1,1,1,-1,-1,1,-1,1,-1,-1,1,-1,1,-1,-1,1,1,-1,-1,1,1,-1,-1,-1,-1,1,1,-1,-1,1,1,-1,1,-1,1,-1,1,1,-1,1,-1,-1,-1,-1,-1,-1,1,-1,1,-1,1,1,-1,1,-1,-1,1,-1,-1,1,-1,1,-1,1,-1,1,-1,1,1,-1,-1,-1,1,-1,1,-1,-1,1,-1,1,1,1,1,-1,-1,-1,1,-1,1,1,-1,-1,1,1,1,-1,1,1,-1,1,1,1,1,1,1,1,-1,-1,-1,1,-1,1,1,-1,-1,1,1,-1,1,-1,-1,-1,1,1,-1,1,1,-1,-1,-1,1,-1,1,1,-1,-1,-1,1,-1,-1,-1,-1,1,-1,1,-1,-1,-1,-1,-1,-1,1,-1,1,1,1,1,-1,1,-1,1,1,-1,-1,-1,1,-1,-1,1,-1,1,-1,-1,1,1,1,1,-1,-1,1,1,1,1,-1,1,-1,-1,1,1,1,-1,-1,-1,1,1,1,1,-1,-1,-1,1,-1,1,-1,1,-1,-1,-1,1,1,1,-1,-1,-1,-1,1,1,1,1,-1,-1,-1,1,1,1,1,-1,-1,-1,1,1,1,-1,-1,-1,1,1,1,1,1,-1,-1,-1,1,1,1,1,-1,-1,-1,1,1,-1,1,-1,-1,-1,1,1,1,1,-1,-1,1,1,1,1,-1,-1,1,1,-1,1,1,-1,-1,-1,1,1,1,1,1,-1,1,1,1,1,1,-1,-1,-1,1,-1,1,-1,-1,-1,-1,1,-1,1,1,-1,-1,-1,1,-1,1,1,-1,-1,-1,1,1,1,1,-1,-1,-1,1,-1,1,-1,-1,-1,-1,1,1,-1,-1,-1,-1,-1,1,-1,1,-1,-1,-1,-1,-1,-1,-1,1,-1,-1,-1,1,-1,-1,1,-1,-1,-1,-1,-1,-1,1,-1,-1,-1,-1,-1,1,-1,-1,-1,1,-1,-1,1,-1,1,-1,-1,-1,-1,-1,-1,-1,1,-1,-1,-1,-1,1,-1,-1,-1,1,-1,-1,-1,-1,-1,1,-1,-1,1,-1,1,-1,-1,-1,-1,1,1,1,1,-1,1,-1,-1,-1,1,-1,-1,-1,-1,-1,-1,1,1,-1,-1,1,-1,1,1,-1,-1,-1,1,-1,-1,1,-1,-1,1,-1,-1,1,1,1,-1,1,-1,1,1,1,-1,-1,1,-1,-1,1,1,1,-1,1,-1,-1,1,1,-1,1,1,-1,-1,1,1,1,1,1,-1,-1,1,1,1,1,1,-1,-1,1,1,1,1,-1,1,-1,1,1,1,-1,1,-1,-1,1,-1,1,1,1,1,-1,-1,1,-1,1,1,1,-1,1,1,1,1,-1,1,-1,1,1,1,1,1,1,1,-1,1,1,1,1,-1,1,-1,1,1,1,1,1,1,1,1,1,1,-1,1,-1,1,1,1,-1,1,1,1,1,1,1,1,1,-1,1,1,1,1,1,-1,-1,1,-1,1,1,1,-1,1,-1,1,1,1,1,-1,-1,1,1,-1,1,1,-1,-1,1,1,-1,1,1,1,-1,1,-1,1,1,1,-1,-1,-1,-1,1,-1,1,-1,1,1,1,1,1,-1,-1,1,1,1,1,1,1,-1,1,-1,1,1,1,-1,-1,-1,-1,-1,-1,-1,-1,-1,1,-1,1,1,1,-1,1,1,-1,-1,1,1,1,-1,1,-1,1,1,1,-1,-1,1,-1,1,1,1,-1,-1,1,-1,1,1,1,-1,-1,1,-1,1,-1,1,1,-1,1,-1,-1,1,1,-1,-1,-1,-1,1,1,-1,1,-1,1,-1,-1,1,-2668.0,1,2000,445,0,False
1763,1,1,-1,-1,1,-1,-1,-1,1,1,1,-1,1,1,1,1,-1,1,1,-1,-1,-1,1,1,1,1,-1,-1,1,1,1,1,-1,-1,-1,-1,1,1,1,1,-1,-1,-1,1,1,1,1,-1,1,1,1,1,-1,1,-1,-1,1,-1,1,1,1,-1,-1,-1,1,1,1,1,-1,-1,-1,1,1,1,1,-1,-1,-1,1,1,1,-1,-1,-1,1,1,1,1,-1,-1,-1,1,1,1,1,-1,-1,1,1,-1,1,1,-1,-1,1,1,1,1,1,-1,-1,1,1,-1,1,1,-1,-1,1,1,1,1,1,1,-1,1,1,1,-1,1,1,-1,1,1,1,1,1,1,-1,-1,1,1,1,1,1,-1,1,1,1,1,1,1,-1,-1,-1,1,1,1,1,-1,1,1,1,1,-1,1,-1,1,-1,1,1,1,-1,-1,1,1,1,1,1,-1,1,-1,-1,1,-1,1,-1,1,1,1,1,1,1,1,1,1,1,1,-1,1,-1,1,1,-1,1,-1,1,1,-1,1,-1,1,-1,1,-1,1,1,-1,-1,-1,1,1,1,1,-1,-1,1,1,-1,-1,1,-1,1,-1,1,1,-1,1,-1,1,-1,1,-1,1,1,-1,-1,-1,1,1,-1,1,-1,1,1,1,-1,1,1,-1,1,-1,1,-1,1,-1,1,-1,1,1,-1,1,-1,-1,-1,1,1,-1,1,-1,-1,-1,1,1,-1,-1,1,1,-1,-1,1,1,-1,1,1,-1,1,1,1,1,-1,1,-1,1,1,-1,1,-1,1,1,-1,1,1,1,1,1,-1,-1,1,-1,-1,-1,1,1,-1,1,1,1,-1,1,-1,-1,1,1,1,1,1,-1,1,1,1,-1,1,1,-1,1,1,1,-1,1,1,-1,-1,1,1,1,-1,1,-1,1,1,1,-1,1,1,-1,1,1,1,-1,1,-1,-1,1,1,1,-1,1,-1,-1,-1,1,1,-1,1,-1,-1,1,-1,1,-1,1,1,-1,-1,1,1,1,1,1,-1,-1,1,1,-1,1,-1,-1,-1,-1,-1,-1,1,1,-1,-1,1,1,-1,1,-1,1,-1,1,1,1,1,-1,-1,1,1,1,-1,1,-1,-1,-1,-1,1,1,1,1,-1,-1,1,1,1,1,-1,-1,-1,-1,-1,1,-1,1,-1,1,-1,1,1,1,-1,-1,1,1,-1,1,-1,1,-1,-1,1,-1,1,1,-1,-1,-1,1,-1,-1,1,1,-1,-1,1,-1,1,1,-1,1,-1,1,-1,-1,1,1,-1,1,1,-1,1,1,-1,-1,1,1,-1,1,-1,1,-1,1,-1,-1,1,-1,1,-1,1,-1,-1,1,-1,-1,-1,1,-1,-1,1,1,1,-1,1,-1,-1,1,-1,-1,1,-1,1,-1,1,-1,1,-1,1,1,-1,-1,-1,1,-1,1,-1,-1,1,-1,1,1,1,1,-1,-1,1,1,-1,1,1,-1,-1,1,1,1,1,1,1,-1,1,1,1,-1,-1,-1,1,-1,-1,-1,1,-1,-1,1,1,1,-1,1,-1,1,-1,-1,-1,1,1,-1,1,1,-1,-1,-1,1,-1,1,1,-1,1,-1,1,-1,-1,-1,-1,-1,-1,1,-1,-1,-1,-1,-1,-1,1,-1,1,1,1,1,-1,1,-1,1,1,-1,-1,-1,1,-1,-1,1,-1,1,-1,-1,1,1,1,1,-1,-1,1,1,1,1,-1,1,-1,-1,1,1,1,-1,-1,-1,1,1,1,1,-1,1,-1,1,-1,1,-1,1,1,-1,-1,1,1,1,-1,-1,-1,-1,1,1,1,1,-1,-1,-1,1,1,1,1,-1,-1,-1,1,-1,1,-1,-1,-1,-1,1,1,1,1,-1,-1,1,1,1,1,1,-1,-1,-1,1,1,-1,1,-1,-1,-1,1,1,1,1,-1,-1,1,1,1,1,1,-1,1,1,-1,1,1,-1,-1,-1,1,1,1,1,1,-1,1,1,1,1,1,1,-1,-1,1,-1,1,-1,-1,-1,-1,1,-1,1,1,-1,-1,-1,1,-1,1,1,-1,-1,-1,1,1,1,-1,1,-1,-1,1,-1,1,-1,-1,-1,-1,1,1,-1,-1,-1,-1,-1,1,-1,1,-1,-1,-1,-1,-1,-1,-1,1,-1,-1,-1,1,-1,-1,1,-1,-1,-1,-1,-1,1,1,-1,-1,-1,-1,-1,1,-1,-1,-1,1,-1,-1,1,-1,1,-1,-1,-1,-1,-1,-1,-1,1,-1,-1,-1,1,1,1,-1,-1,-1,1,-1,-1,-1,-1,1,-1,-1,1,-1,1,-1,-1,-1,-1,1,-1,1,1,-1,1,-1,-1,1,1,-1,-1,-1,-1,-1,-1,1,1,-1,-1,1,-1,1,1,-1,-1,-1,1,-1,-1,1,-1,-1,1,-1,-1,1,1,1,-1,1,-1,1,1,1,-1,-1,1,-1,-1,1,1,1,-1,1,-1,-1,1,1,-1,1,1,-1,-1,1,1,-1,1,1,-1,-1,1,1,-1,1,1,-1,-1,1,1,1,1,1,1,-1,-1,1,-1,1,1,-1,-1,1,-1,1,1,1,1,-1,-1,1,-1,1,1,1,-1,1,1,1,1,-1,1,-1,1,1,1,1,1,1,1,-1,1,1,1,1,-1,1,-1,1,1,1,1,1,-1,1,1,1,1,-1,1,1,-1,1,1,-1,1,1,-1,-1,1,1,1,1,-1,1,-1,1,1,1,-1,-1,1,-1,1,1,1,-1,1,-1,-1,-1,1,1,-1,-1,1,-1,-1,1,1,-1,-1,1,-1,-1,1,1,1,-1,1,-1,-1,1,1,-1,-1,-1,1,-1,-1,1,-1,1,1,-1,1,1,-1,-1,1,-1,-1,-1,1,1,-1,1,1,-1,1,1,-1,-1,-1,-1,1,-1,-1,-1,-1,1,-1,-1,1,1,-1,1,1,-1,1,1,1,1,-1,1,-1,1,1,1,1,-1,1,-1,-1,1,1,1,-1,1,-1,1,1,1,1,-1,1,-1,1,1,1,-1,-1,1,-1,-1,1,1,-1,-1,-1,1,-1,1,1,1,-1,1,-1,-1,1,-2668.0,1,2000,445,1000,False
1764,1,1,-1,-1,1,-1,-1,-1,1,1,1,-1,1,1,1,1,-1,1,-1,-1,-1,-1,1,1,1,-1,1,-1,1,1,1,1,1,-1,-1,-1,1,-1,1,1,-1,-1,-1,1,1,1,1,-1,1,1,1,1,-1,1,-1,-1,1,-1,1,1,-1,-1,-1,-1,1,1,1,1,-1,-1,-1,1,1,1,1,-1,-1,-1,1,1,1,-1,-1,-1,1,1,1,1,-1,-1,1,1,1,1,1,-1,-1,-1,1,-1,1,1,-1,-1,1,1,1,1,1,-1,-1,-1,1,-1,1,1,-1,-1,1,1,1,1,1,1,-1,-1,1,1,-1,1,1,-1,1,1,1,1,1,1,-1,1,1,1,1,1,1,-1,1,1,1,1,1,1,-1,-1,-1,1,1,1,1,-1,1,1,1,1,-1,1,-1,1,-1,1,1,1,-1,-1,1,1,1,1,1,-1,1,-1,-1,1,-1,1,-1,1,1,1,1,1,1,1,1,1,-1,1,-1,1,-1,1,1,-1,1,-1,1,1,-1,1,-1,1,-1,1,-1,1,1,-1,1,-1,1,1,1,1,-1,-1,1,1,-1,-1,1,-1,1,-1,-1,1,-1,1,-1,1,-1,1,-1,-1,1,-1,-1,-1,1,1,-1,1,-1,1,1,1,-1,1,1,-1,1,-1,1,-1,1,-1,1,-1,1,1,-1,1,-1,-1,-1,1,1,-1,1,-1,-1,-1,1,1,-1,-1,1,1,-1,-1,1,1,-1,1,1,-1,1,1,1,1,-1,1,-1,1,1,-1,1,-1,1,1,-1,1,1,1,1,1,-1,-1,1,-1,-1,-1,1,1,-1,1,1,1,-1,1,-1,-1,1,1,1,-1,1,-1,1,1,1,-1,-1,1,-1,1,1,1,-1,1,1,-1,-1,1,1,1,-1,1,-1,1,1,1,-1,1,1,-1,1,1,1,-1,1,-1,-1,1,1,1,-1,1,-1,-1,-1,1,1,-1,1,-1,-1,1,-1,1,-1,1,1,-1,-1,1,1,1,1,1,-1,-1,1,1,-1,1,-1,-1,-1,-1,-1,-1,1,1,-1,-1,1,1,-1,1,-1,-1,-1,1,1,1,1,-1,-1,1,1,1,-1,1,-1,-1,-1,-1,1,1,1,1,-1,-1,1,1,1,1,-1,-1,-1,-1,-1,1,-1,1,-1,1,-1,1,1,1,-1,-1,1,1,-1,1,-1,1,-1,-1,1,-1,1,1,-1,-1,-1,1,-1,-1,1,1,-1,-1,1,-1,1,1,-1,1,-1,1,-1,-1,1,1,-1,1,1,-1,1,1,-1,-1,1,1,-1,1,-1,1,-1,1,-1,-1,1,-1,1,-1,1,-1,-1,1,-1,-1,-1,1,-1,-1,1,-1,1,-1,1,-1,-1,1,-1,-1,1,-1,1,-1,1,-1,1,-1,1,1,-1,-1,-1,1,-1,1,-1,-1,1,-1,1,1,-1,1,-1,-1,1,1,-1,-1,1,1,-1,1,1,1,1,1,1,-1,1,1,1,-1,1,1,1,-1,-1,-1,1,-1,-1,1,1,1,-1,1,-1,1,-1,-1,-1,1,1,-1,1,1,-1,-1,-1,1,-1,1,1,-1,1,-1,1,-1,-1,-1,-1,-1,-1,1,-1,-1,-1,-1,-1,-1,1,-1,1,1,1,1,-1,1,-1,1,1,-1,-1,-1,1,-1,-1,1,-1,1,-1,-1,1,1,1,1,-1,-1,1,1,1,1,-1,1,-1,-1,1,1,1,-1,-1,-1,1,1,1,1,-1,1,-1,1,-1,1,-1,1,1,-1,-1,1,1,1,-1,-1,-1,-1,1,1,1,1,-1,-1,-1,1,1,1,1,-1,-1,-1,1,1,1,-1,-1,-1,1,1,1,1,1,-1,-1,-1,1,1,1,-1,-1,-1,-1,1,1,-1,1,-1,-1,-1,1,1,1,1,-1,-1,1,1,1,1,1,-1,1,1,-1,1,1,-1,-1,-1,1,1,1,1,1,-1,1,1,1,1,1,1,-1,-1,1,-1,1,-1,1,-1,-1,1,-1,1,1,-1,-1,-1,1,-1,1,1,-1,1,-1,1,1,1,-1,1,1,-1,1,-1,1,-1,-1,-1,-1,1,1,-1,-1,-1,-1,-1,1,-1,1,-1,-1,-1,-1,-1,-1,-1,1,-1,-1,-1,1,-1,-1,1,-1,-1,-1,-1,-1,1,1,-1,-1,-1,-1,-1,1,-1,-1,-1,1,-1,-1,1,-1,1,-1,-1,-1,-1,-1,-1,-1,1,-1,-1,-1,1,1,1,-1,-1,1,-1,-1,-1,-1,-1,1,-1,-1,1,-1,1,-1,-1,-1,-1,1,-1,1,1,-1,1,-1,-1,1,1,-1,-1,-1,-1,-1,-1,1,1,-1,-1,1,-1,1,1,-1,-1,-1,1,-1,1,1,-1,-1,1,-1,-1,1,1,1,-1,1,-1,1,1,1,-1,-1,1,-1,-1,1,1,1,-1,1,-1,-1,1,1,-1,1,1,-1,-1,1,1,1,1,1,-1,-1,1,1,1,1,1,-1,-1,1,1,1,1,-1,1,-1,-1,1,1,-1,1,-1,-1,1,-1,1,1,1,1,-1,-1,1,-1,1,1,1,-1,1,1,1,1,-1,1,-1,1,1,1,1,1,1,1,-1,1,1,1,1,-1,1,-1,1,1,1,1,1,-1,1,1,1,1,-1,1,1,-1,1,1,-1,1,1,-1,-1,1,1,1,1,-1,1,-1,1,1,1,-1,-1,1,-1,1,1,1,-1,1,-1,-1,-1,1,1,-1,-1,1,-1,-1,1,1,-1,-1,1,-1,-1,1,1,1,-1,1,-1,-1,1,1,-1,-1,-1,1,-1,-1,1,-1,1,1,-1,1,1,-1,-1,1,-1,-1,-1,1,1,-1,1,1,-1,1,1,-1,-1,-1,-1,1,-1,-1,-1,-1,1,-1,-1,1,1,-1,1,1,-1,1,1,1,1,-1,1,-1,1,1,1,-1,-1,1,-1,-1,1,1,-1,-1,1,-1,1,1,1,-1,-1,1,-1,1,1,1,1,-1,1,-1,-1,1,1,1,-1,-1,1,-1,1,1,1,-1,1,-1,-1,1,-2668.0,1,2000,445,1000,False
1765,1,1,-1,-1,1,1,-1,-1,1,1,1,-1,-1,1,1,1,-1,1,-1,-1,1,-1,1,1,1,-1,1,-1,1,1,1,1,1,1,-1,-1,1,1,1,1,-1,-1,-1,1,1,1,1,-1,1,1,1,1,-1,1,-1,-1,1,-1,1,1,-1,-1,1,-1,1,1,1,1,-1,-1,-1,1,1,1,1,-1,1,-1,1,1,1,-1,-1,1,1,1,1,1,-1,-1,-1,1,1,1,1,-1,1,1,1,-1,1,1,-1,-1,1,1,1,1,1,-1,-1,1,1,1,1,1,-1,-1,1,1,1,1,1,1,-1,1,1,1,-1,1,1,-1,1,1,1,1,1,1,-1,1,1,1,1,1,1,-1,-1,1,1,1,1,1,-1,1,-1,1,1,1,1,-1,1,1,1,1,-1,1,-1,1,-1,1,1,1,-1,-1,1,1,1,1,1,-1,1,-1,-1,1,-1,1,-1,1,1,1,1,1,1,1,1,1,-1,1,-1,1,-1,1,1,-1,1,-1,1,1,-1,1,-1,1,-1,1,-1,1,1,-1,1,-1,1,1,1,1,-1,-1,1,1,-1,-1,1,-1,1,-1,-1,1,-1,1,-1,1,-1,1,-1,1,1,-1,-1,-1,1,1,-1,1,-1,1,1,1,-1,1,-1,-1,1,-1,1,-1,1,1,1,-1,1,1,-1,1,-1,-1,-1,1,1,-1,1,-1,-1,-1,1,1,-1,-1,1,1,-1,-1,1,1,-1,1,1,-1,1,1,1,1,-1,1,-1,1,1,-1,1,-1,1,1,1,1,1,1,1,1,-1,-1,1,-1,-1,-1,1,1,-1,1,1,1,-1,1,1,1,1,1,1,1,1,-1,1,1,1,-1,1,1,-1,1,1,1,-1,1,1,-1,-1,1,1,1,-1,1,-1,1,1,1,-1,1,1,-1,1,1,1,-1,1,1,-1,1,1,1,-1,1,1,-1,-1,1,1,-1,1,1,-1,1,-1,1,-1,1,-1,1,-1,1,1,1,-1,-1,1,-1,1,1,-1,1,1,1,-1,-1,-1,-1,1,-1,1,-1,1,1,-1,1,1,-1,-1,1,1,1,1,1,-1,1,1,1,-1,1,1,1,1,-1,1,1,1,-1,1,-1,1,1,1,1,1,1,-1,-1,-1,1,-1,1,1,1,-1,1,1,1,1,1,1,1,-1,1,-1,-1,1,-1,1,-1,1,1,-1,1,1,1,-1,-1,1,-1,1,1,1,-1,1,1,1,-1,1,1,-1,-1,1,-1,1,1,1,-1,1,1,1,1,1,1,-1,1,-1,1,1,1,-1,-1,1,-1,1,1,1,-1,-1,1,-1,1,1,1,-1,-1,1,-1,-1,1,1,-1,-1,1,-1,1,1,1,1,-1,1,1,-1,1,1,1,-1,-1,-1,-1,1,1,-1,-1,1,-1,-1,1,-1,1,-1,-1,1,-1,1,-1,1,1,-1,1,-1,-1,1,1,1,-1,1,-1,1,-1,1,-1,1,-1,-1,-1,1,-1,1,1,1,1,-1,1,-1,-1,1,1,-1,1,1,-1,1,-1,1,-1,-1,1,-1,-1,1,1,1,-1,1,-1,-1,1,1,-1,-1,1,-1,1,1,1,-1,-1,1,-1,-1,-1,1,1,-1,1,-1,-1,-1,1,-1,-1,1,-1,1,-1,1,1,-1,-1,1,-1,-1,-1,-1,-1,1,1,1,-1,-1,1,-1,-1,1,-1,-1,1,-1,-1,1,1,-1,-1,1,-1,-1,1,1,-1,1,-1,-1,-1,-1,1,1,-1,-1,-1,-1,-1,1,-1,-1,1,-1,-1,-1,1,1,-1,-1,-1,-1,-1,1,-1,-1,-1,-1,-1,1,1,1,-1,-1,-1,-1,-1,1,1,-1,-1,-1,-1,-1,1,1,1,-1,-1,-1,-1,1,1,-1,-1,-1,-1,1,1,1,1,-1,-1,1,1,1,1,1,-1,-1,-1,1,1,1,-1,1,-1,1,1,1,1,-1,1,-1,-1,1,-1,1,-1,1,-1,-1,1,-1,1,-1,-1,-1,-1,1,-1,1,-1,1,-1,-1,1,-1,1,-1,1,-1,-1,1,-1,1,-1,-1,-1,-1,1,1,-1,-1,-1,-1,-1,1,-1,1,-1,-1,-1,-1,-1,-1,-1,1,-1,-1,-1,1,-1,-1,1,-1,-1,-1,-1,-1,-1,1,-1,-1,-1,-1,-1,1,-1,-1,-1,1,-1,-1,1,-1,1,-1,-1,-1,-1,-1,-1,-1,1,-1,-1,-1,1,1,-1,-1,-1,1,-1,-1,-1,-1,-1,1,-1,-1,1,1,1,-1,-1,-1,-1,1,-1,1,1,-1,1,-1,-1,1,1,-1,-1,-1,-1,-1,-1,1,1,-1,-1,1,-1,1,1,-1,-1,-1,1,-1,1,1,-1,-1,1,-1,-1,1,1,1,-1,1,-1,1,1,1,-1,-1,1,-1,-1,1,1,1,-1,1,-1,-1,1,1,-1,1,1,-1,-1,1,1,1,1,1,-1,-1,1,1,1,1,1,-1,-1,1,1,1,1,1,1,-1,-1,1,1,1,1,-1,-1,1,-1,1,1,1,1,-1,-1,1,-1,1,1,1,-1,1,1,1,1,-1,1,-1,1,1,1,1,1,1,1,-1,1,1,1,1,-1,1,-1,1,1,1,1,1,-1,1,1,1,1,-1,1,1,-1,1,1,-1,1,1,-1,-1,1,1,1,1,-1,1,-1,1,1,1,-1,-1,1,-1,1,-1,1,-1,1,-1,-1,-1,1,1,-1,-1,1,-1,-1,1,-1,1,-1,1,-1,-1,-1,1,1,-1,1,-1,-1,1,1,-1,-1,-1,1,-1,1,-1,-1,1,1,-1,1,1,-1,-1,1,-1,-1,-1,-1,1,-1,1,1,-1,1,-1,1,-1,-1,-1,1,-1,-1,-1,-1,1,-1,-1,1,1,-1,1,1,-1,1,1,-1,-1,-1,1,-1,1,1,1,1,-1,1,-1,-1,1,1,-1,1,1,-1,1,1,1,1,-1,1,-1,1,1,-1,-1,-1,1,-1,-1,1,1,-1,-1,1,1,-1,1,-1,1,-1,1,-1,-1,1,-2668.0,1,2000,445,1000,False
1766,1,1,-1,-1,1,-1,-1,-1,1,1,1,-1,1,1,1,1,-1,1,-1,-1,-1,1,1,1,1,-1,-1,-1,1,1,1,1,-1,-1,-1,-1,1,1,1,1,-1,-1,-1,1,1,1,1,-1,1,1,1,1,-1,1,-1,-1,1,-1,1,1,1,-1,-1,1,1,1,1,1,-1,-1,1,1,1,1,1,-1,-1,-1,1,1,1,-1,-1,-1,1,1,1,1,-1,-1,-1,1,1,1,1,-1,-1,1,1,-1,1,1,-1,-1,1,1,1,1,1,-1,-1,-1,1,-1,1,1,-1,-1,1,1,1,1,1,1,-1,-1,1,1,-1,1,1,-1,1,1,1,1,1,1,-1,1,1,1,1,1,1,-1,1,1,1,1,1,1,-1,-1,-1,1,1,1,1,-1,1,-1,1,1,-1,1,-1,1,-1,1,1,1,-1,-1,1,1,1,1,1,-1,1,-1,-1,1,-1,1,-1,1,1,1,1,1,1,1,1,1,-1,1,-1,1,-1,1,1,-1,1,-1,1,1,-1,1,-1,1,-1,1,-1,1,1,-1,1,-1,1,1,1,1,-1,-1,1,1,-1,-1,1,-1,1,-1,1,1,-1,1,-1,1,-1,1,-1,-1,1,-1,-1,-1,1,1,-1,1,-1,1,1,1,-1,1,-1,-1,1,-1,1,-1,1,1,1,-1,1,1,-1,1,-1,-1,-1,1,1,-1,1,-1,-1,-1,1,1,-1,-1,1,1,-1,-1,1,1,-1,1,1,-1,1,1,1,1,-1,1,-1,1,1,-1,1,-1,1,1,1,1,1,1,1,1,-1,-1,1,-1,-1,-1,1,1,-1,1,1,1,-1,1,1,1,1,1,1,1,1,-1,1,1,1,-1,-1,1,-1,1,1,1,-1,1,1,-1,-1,1,1,1,-1,1,-1,1,1,1,-1,1,1,-1,1,1,1,-1,1,1,-1,1,1,1,-1,1,1,-1,-1,1,1,-1,1,1,-1,1,-1,1,-1,1,1,1,-1,1,1,1,-1,1,1,-1,1,1,-1,1,1,1,-1,-1,-1,-1,1,1,1,-1,1,1,-1,1,1,-1,-1,1,1,1,1,1,-1,1,1,1,-1,1,1,1,-1,-1,1,1,1,-1,1,-1,1,1,1,1,1,1,-1,-1,-1,1,-1,-1,1,1,-1,1,1,-1,1,1,1,1,-1,1,-1,-1,1,-1,1,-1,1,1,1,1,1,1,-1,-1,1,-1,1,1,1,-1,1,1,1,-1,1,1,-1,-1,1,-1,1,1,1,-1,1,1,1,1,1,1,-1,1,-1,1,1,1,-1,-1,1,-1,-1,1,1,-1,-1,1,-1,1,1,1,-1,-1,1,1,-1,1,1,-1,-1,1,-1,1,1,1,1,-1,1,-1,-1,-1,1,1,-1,-1,-1,1,-1,1,-1,-1,1,-1,-1,1,-1,1,-1,-1,1,-1,1,-1,1,-1,-1,1,-1,-1,1,1,1,-1,1,-1,1,-1,-1,1,1,-1,-1,-1,1,-1,-1,-1,1,-1,1,1,-1,1,1,1,-1,1,1,-1,-1,-1,1,-1,-1,1,-1,-1,1,1,-1,-1,1,-1,-1,1,1,1,-1,1,-1,-1,1,1,-1,-1,1,-1,-1,-1,1,1,-1,1,-1,-1,-1,1,-1,-1,1,-1,1,-1,1,1,-1,-1,1,-1,-1,-1,-1,-1,1,1,1,-1,1,1,-1,-1,1,-1,-1,-1,-1,-1,1,1,-1,-1,-1,1,-1,1,1,-1,1,1,1,-1,-1,1,1,-1,-1,-1,-1,-1,1,-1,-1,1,-1,-1,-1,1,1,-1,-1,-1,-1,-1,1,-1,-1,1,-1,-1,1,1,1,-1,1,-1,-1,-1,1,1,-1,-1,-1,-1,-1,1,1,1,-1,-1,-1,-1,1,1,-1,-1,-1,-1,1,1,1,1,-1,-1,1,1,1,1,1,-1,-1,-1,1,1,1,1,1,-1,1,1,1,1,-1,1,-1,-1,1,-1,1,-1,1,-1,-1,1,-1,1,-1,-1,-1,-1,1,-1,1,-1,1,-1,-1,1,-1,1,-1,1,-1,-1,1,-1,1,-1,-1,-1,-1,1,1,-1,-1,-1,-1,-1,1,-1,1,-1,-1,-1,-1,-1,-1,-1,1,-1,-1,-1,1,-1,-1,1,-1,-1,-1,-1,-1,1,1,-1,-1,-1,-1,-1,1,-1,-1,-1,1,-1,-1,1,-1,1,-1,-1,-1,-1,-1,-1,-1,1,-1,-1,-1,1,1,1,-1,-1,-1,1,-1,-1,-1,-1,1,-1,-1,1,1,1,-1,-1,-1,-1,1,-1,1,1,-1,1,-1,-1,1,1,-1,-1,-1,-1,-1,-1,1,1,-1,-1,1,-1,1,1,-1,-1,-1,1,-1,-1,1,-1,-1,1,-1,-1,1,1,1,-1,1,-1,1,1,1,-1,-1,1,-1,-1,1,1,1,-1,1,-1,-1,1,1,-1,1,1,-1,-1,1,1,1,1,1,-1,-1,1,1,-1,1,1,-1,-1,1,1,1,1,-1,1,-1,-1,1,1,-1,1,-1,-1,1,-1,1,1,1,1,-1,-1,1,-1,1,1,1,-1,1,1,1,1,-1,1,-1,1,1,1,1,1,1,1,-1,1,1,1,1,-1,1,-1,1,1,1,1,1,-1,1,1,1,1,-1,1,1,-1,1,1,-1,1,1,-1,-1,1,1,1,1,-1,1,-1,1,1,1,-1,-1,1,-1,1,1,1,-1,1,-1,-1,-1,1,1,-1,-1,1,-1,-1,1,1,-1,-1,1,-1,-1,1,1,1,-1,1,-1,-1,1,1,-1,-1,-1,1,-1,-1,1,-1,1,1,-1,1,1,-1,-1,1,1,-1,-1,1,1,-1,1,1,-1,1,1,-1,-1,-1,-1,1,-1,-1,-1,-1,1,-1,-1,1,1,-1,1,1,-1,1,1,1,1,-1,1,-1,1,1,1,-1,-1,1,-1,1,1,1,-1,1,1,-1,-1,1,1,-1,-1,1,-1,1,1,1,1,-1,1,-1,-1,1,1,-1,-1,1,1,-1,1,1,1,-1,1,-1,-1,1,-2668.0,1,2000,445,0,False
1767,1,1,-1,-1,1,1,-1,1,1,1,1,-1,-1,1,1,1,-1,1,-1,-1,-1,1,1,1,1,-1,-1,-1,1,1,1,1,1,-1,-1,1,-1,1,1,1,-1,-1,1,1,1,1,1,-1,1,-1,1,1,1,1,-1,-1,1,-1,1,1,1,-1,-1,-1,1,1,1,1,-1,-1,1,-1,1,1,1,-1,-1,1,-1,1,1,-1,-1,-1,-1,1,1,1,-1,-1,-1,1,-1,1,1,-1,-1,1,-1,-1,1,1,-1,-1,1,-1,-1,1,1,-1,-1,1,-1,-1,1,1,-1,-1,1,-1,-1,1,1,1,-1,1,-1,-1,1,1,1,-1,1,-1,-1,1,1,1,-1,-1,-1,-1,-1,1,1,-1,1,-1,-1,-1,1,1,-1,-1,1,-1,-1,1,1,-1,1,-1,-1,-1,1,1,-1,1,1,-1,1,1,-1,-1,1,-1,-1,1,1,-1,1,-1,1,-1,1,1,-1,1,1,-1,-1,-1,1,1,1,1,1,-1,-1,1,-1,1,1,1,-1,-1,1,1,-1,1,1,-1,1,1,-1,1,1,1,-1,1,1,1,1,1,1,1,-1,1,-1,-1,1,1,-1,-1,1,1,-1,1,1,-1,-1,1,-1,1,1,1,1,-1,1,1,-1,1,1,-1,1,1,-1,1,1,1,-1,-1,1,-1,1,-1,1,1,1,1,-1,1,-1,1,1,1,1,-1,1,-1,1,1,1,1,-1,-1,1,1,1,1,1,1,-1,1,1,-1,-1,1,1,-1,-1,1,1,1,1,-1,1,-1,1,1,1,-1,1,-1,-1,1,1,1,1,-1,1,-1,1,-1,1,1,1,1,-1,1,1,1,1,1,-1,-1,1,1,1,1,1,1,-1,1,1,1,1,1,-1,1,1,1,-1,1,1,-1,-1,1,1,-1,1,1,1,1,1,-1,1,1,1,1,1,1,1,-1,1,1,1,1,1,1,-1,1,1,1,1,1,1,1,-1,1,-1,1,-1,1,-1,1,1,1,1,-1,1,1,-1,1,-1,1,1,1,-1,-1,-1,-1,1,-1,1,-1,1,1,-1,1,1,-1,1,1,1,1,1,1,-1,1,1,1,-1,1,1,1,1,-1,1,1,1,-1,1,-1,1,-1,1,1,1,1,-1,-1,-1,1,-1,1,1,-1,1,-1,-1,1,1,1,1,-1,-1,1,-1,-1,1,-1,1,-1,1,-1,1,1,1,1,-1,-1,1,-1,1,1,-1,-1,1,1,1,-1,1,-1,-1,1,-1,-1,1,-1,-1,-1,1,-1,1,1,-1,1,-1,1,-1,-1,1,-1,-1,1,1,-1,-1,1,-1,-1,-1,1,-1,1,1,-1,-1,1,-1,1,-1,1,1,-1,-1,1,-1,1,-1,1,-1,-1,1,-1,-1,-1,1,-1,-1,-1,-1,1,-1,1,-1,-1,1,-1,-1,1,1,-1,-1,-1,1,-1,1,1,-1,-1,-1,1,-1,-1,1,1,1,-1,1,-1,1,-1,1,1,1,-1,1,1,-1,-1,1,1,1,-1,1,-1,1,-1,1,1,1,-1,-1,-1,-1,-1,1,-1,1,-1,-1,-1,1,1,-1,1,-1,-1,-1,1,1,-1,1,-1,-1,1,1,1,-1,1,-1,-1,-1,-1,1,1,1,-1,1,-1,-1,1,-1,1,-1,-1,1,-1,1,-1,1,1,-1,-1,-1,-1,-1,1,1,-1,-1,-1,1,-1,1,1,-1,-1,-1,-1,1,1,-1,-1,-1,-1,-1,1,1,-1,1,-1,1,1,1,1,1,-1,-1,-1,-1,-1,1,-1,1,-1,-1,1,-1,1,1,-1,1,-1,-1,1,1,1,-1,1,-1,1,-1,1,1,-1,1,-1,-1,-1,1,1,-1,1,-1,1,-1,1,1,-1,-1,1,-1,-1,1,1,-1,-1,-1,1,-1,1,1,1,-1,1,-1,-1,1,-1,1,-1,1,-1,-1,1,-1,-1,1,-1,1,-1,1,1,-1,1,-1,1,-1,1,-1,1,-1,1,-1,-1,1,1,-1,1,-1,-1,-1,-1,1,-1,1,-1,1,-1,-1,1,-1,1,1,-1,-1,-1,-1,1,1,1,1,-1,-1,1,-1,-1,1,1,-1,-1,-1,-1,1,-1,1,-1,-1,1,1,-1,1,1,-1,-1,1,-1,-1,1,1,-1,-1,-1,-1,1,-1,1,-1,-1,-1,-1,-1,1,-1,-1,1,-1,-1,1,-1,1,-1,-1,-1,-1,-1,1,1,1,-1,-1,-1,1,1,1,-1,-1,-1,1,-1,-1,1,1,-1,-1,-1,1,1,1,-1,-1,-1,-1,1,-1,1,-1,-1,1,-1,-1,1,1,-1,-1,-1,-1,-1,-1,1,1,-1,-1,1,-1,1,1,-1,-1,-1,1,-1,1,1,-1,-1,1,-1,-1,1,1,1,-1,1,-1,1,1,1,-1,-1,1,-1,-1,1,-1,1,-1,1,-1,-1,1,1,-1,1,1,-1,-1,1,1,-1,1,1,-1,-1,1,1,1,1,1,-1,-1,1,1,1,1,1,1,-1,1,1,1,-1,1,-1,-1,1,-1,1,1,1,1,-1,-1,1,-1,1,1,1,-1,1,1,1,1,-1,1,-1,1,1,1,1,1,1,1,-1,-1,1,1,1,-1,1,-1,1,1,1,1,-1,1,-1,1,1,1,-1,-1,1,-1,1,1,-1,1,-1,-1,-1,1,1,1,-1,1,1,-1,1,1,1,-1,-1,-1,-1,1,1,1,-1,1,-1,-1,-1,1,1,-1,1,-1,-1,-1,1,1,-1,1,-1,-1,1,1,1,1,1,1,-1,-1,1,1,-1,-1,1,1,1,1,1,-1,1,-1,-1,1,1,-1,-1,1,-1,-1,-1,1,1,-1,1,-1,1,1,1,-1,-1,-1,-1,1,-1,-1,-1,-1,1,-1,1,1,1,-1,1,1,-1,1,1,1,1,-1,1,-1,1,1,1,1,-1,1,-1,1,1,1,1,-1,1,-1,1,1,1,1,-1,1,-1,1,1,1,-1,-1,1,-1,-1,1,1,-1,-1,-1,1,-1,1,1,1,-1,1,-1,-1,1,-2668.0,1,2000,445,1000,True
1768,1,1,-1,-1,1,-1,-1,1,1,1,1,-1,1,1,1,1,-1,1,-1,-1,-1,1,1,1,1,-1,-1,-1,1,1,1,1,1,-1,-1,1,-1,1,1,1,-1,-1,1,1,1,1,-1,-1,1,1,1,1,1,1,-1,-1,1,-1,1,1,-1,-1,-1,1,1,1,1,-1,-1,-1,1,-1,1,1,1,-1,-1,1,-1,1,1,-1,-1,-1,-1,1,1,1,-1,-1,-1,1,-1,1,1,-1,-1,1,-1,-1,1,1,-1,-1,1,-1,-1,1,1,-1,-1,-1,-1,-1,1,1,-1,-1,1,-1,-1,1,1,1,-1,-1,-1,-1,1,1,1,-1,1,-1,-1,1,1,1,-1,1,-1,-1,-1,1,1,-1,1,-1,-1,-1,1,1,-1,-1,1,-1,-1,1,1,-1,1,1,-1,-1,1,1,-1,1,1,-1,1,1,-1,-1,1,-1,-1,1,1,-1,1,-1,1,-1,1,1,-1,1,1,-1,-1,-1,1,-1,1,1,1,-1,-1,1,1,-1,1,1,-1,-1,1,-1,-1,1,1,-1,1,1,-1,1,1,1,-1,1,1,1,1,1,1,1,-1,1,-1,-1,1,1,-1,-1,1,1,-1,1,1,-1,-1,1,-1,1,1,1,1,-1,1,-1,1,1,1,-1,1,1,1,1,1,1,-1,-1,-1,1,1,-1,1,1,1,-1,1,1,-1,1,1,1,1,1,1,-1,1,1,1,1,-1,1,1,1,1,1,1,1,1,1,1,-1,-1,1,-1,1,-1,1,1,1,1,1,1,-1,1,1,1,-1,1,1,1,1,1,1,1,-1,1,-1,1,-1,1,1,1,1,-1,1,1,1,1,1,-1,1,1,1,1,1,1,-1,1,1,1,1,1,-1,1,-1,1,1,-1,1,1,1,-1,1,1,-1,1,1,-1,1,1,-1,1,1,1,-1,1,1,1,-1,1,1,1,1,1,1,-1,1,1,1,1,1,1,1,-1,1,-1,1,-1,1,-1,1,1,-1,-1,-1,1,1,-1,1,-1,1,1,1,-1,-1,-1,-1,1,1,1,-1,1,1,-1,1,1,-1,1,1,1,-1,1,1,-1,1,1,-1,1,1,1,1,1,-1,1,-1,-1,-1,1,-1,1,-1,-1,1,1,1,-1,1,-1,1,-1,1,1,-1,1,-1,-1,1,1,1,1,-1,-1,1,-1,-1,1,-1,1,-1,-1,-1,1,1,1,1,-1,-1,1,-1,1,1,-1,-1,1,-1,1,-1,1,-1,-1,-1,1,-1,1,-1,-1,-1,-1,-1,1,1,-1,1,-1,-1,1,-1,1,-1,-1,1,-1,1,-1,1,-1,-1,-1,-1,-1,1,1,-1,-1,1,-1,1,-1,1,1,-1,-1,1,-1,1,-1,1,-1,-1,1,-1,-1,-1,1,-1,-1,-1,-1,1,-1,1,-1,-1,1,-1,-1,1,1,-1,-1,-1,-1,-1,1,1,-1,-1,-1,1,-1,-1,1,1,1,-1,1,-1,1,-1,1,1,1,-1,1,1,-1,-1,1,-1,1,-1,1,-1,1,-1,1,1,1,-1,-1,-1,-1,-1,1,1,1,-1,-1,-1,1,1,-1,1,-1,-1,-1,1,1,-1,1,-1,-1,-1,1,1,-1,1,-1,-1,-1,-1,1,1,1,-1,1,-1,-1,1,-1,1,-1,-1,1,1,1,-1,1,1,-1,-1,-1,-1,-1,1,1,-1,-1,-1,1,-1,1,1,-1,-1,1,-1,1,1,-1,-1,-1,-1,-1,1,1,-1,1,-1,1,1,1,1,1,-1,-1,-1,-1,-1,1,-1,1,-1,-1,1,-1,1,1,-1,1,-1,-1,1,1,1,-1,1,-1,1,-1,1,1,-1,1,-1,-1,-1,1,1,-1,1,-1,1,-1,1,1,-1,-1,1,-1,-1,1,1,-1,-1,-1,1,-1,1,1,-1,-1,1,-1,-1,1,-1,1,-1,1,-1,-1,1,-1,-1,1,-1,1,-1,1,1,-1,1,-1,1,-1,1,-1,1,-1,1,-1,-1,1,1,-1,1,-1,-1,-1,-1,1,-1,1,-1,1,-1,-1,1,-1,1,1,-1,-1,-1,-1,1,1,1,1,-1,-1,1,-1,-1,1,1,-1,-1,-1,-1,1,-1,1,-1,-1,1,1,-1,1,1,-1,-1,1,-1,-1,1,1,-1,-1,-1,-1,1,-1,1,-1,-1,-1,-1,1,1,-1,-1,1,-1,-1,-1,-1,1,-1,-1,-1,-1,-1,1,1,1,-1,-1,-1,1,1,1,-1,-1,-1,1,-1,-1,1,1,-1,-1,-1,1,1,1,1,-1,-1,-1,1,-1,1,-1,-1,1,-1,-1,1,1,-1,-1,-1,-1,-1,-1,1,1,-1,-1,1,-1,1,1,-1,-1,-1,1,-1,1,1,-1,-1,1,1,-1,1,1,1,-1,1,-1,1,1,1,-1,-1,1,-1,-1,1,-1,1,1,-1,1,-1,1,1,1,-1,1,-1,-1,1,1,1,1,-1,1,-1,1,1,1,1,1,-1,-1,1,1,1,1,1,-1,-1,1,1,1,1,-1,-1,-1,1,-1,1,1,1,-1,1,1,1,-1,1,1,-1,-1,1,1,1,1,1,-1,1,1,1,1,1,1,-1,1,-1,1,1,1,1,-1,1,-1,1,1,1,-1,1,1,1,1,1,1,-1,-1,1,1,1,1,-1,1,-1,1,1,-1,1,1,1,-1,1,1,1,1,1,-1,-1,1,-1,1,1,1,-1,1,-1,1,1,1,1,-1,1,1,1,-1,1,1,1,-1,1,1,-1,1,1,1,-1,-1,-1,1,1,1,-1,-1,-1,-1,1,-1,1,-1,1,1,1,1,1,-1,-1,1,1,1,1,1,1,-1,1,-1,1,1,1,-1,-1,1,-1,-1,-1,-1,-1,-1,1,-1,1,1,1,-1,1,1,-1,-1,1,1,1,-1,1,-1,1,1,1,-1,-1,1,-1,1,1,1,-1,-1,1,-1,1,1,1,-1,-1,1,-1,1,-1,1,1,-1,1,-1,-1,1,1,-1,-1,-1,-1,1,1,-1,1,-1,1,1,-1,1,-2668.0,1,2000,445,1000,True
1769,1,1,-1,-1,1,1,-1,-1,1,1,1,-1,-1,1,-1,1,-1,1,-1,-1,-1,1,1,1,1,-1,-1,-1,1,1,1,1,-1,-1,-1,-1,1,-1,1,1,-1,-1,-1,1,1,1,1,-1,1,1,1,1,-1,1,-1,-1,1,-1,1,1,1,-1,-1,1,1,1,1,1,-1,-1,1,1,1,1,1,-1,-1,-1,1,1,1,-1,-1,-1,1,1,1,1,-1,1,-1,1,1,1,1,-1,-1,1,1,-1,1,1,-1,-1,1,1,1,1,1,-1,-1,1,1,-1,1,1,-1,-1,1,1,1,1,1,1,-1,1,1,1,-1,1,1,-1,1,1,1,1,1,1,-1,-1,1,1,1,1,1,-1,1,1,1,1,1,1,-1,-1,-1,1,1,1,1,-1,1,-1,1,1,-1,1,-1,1,-1,1,1,1,-1,-1,1,1,1,1,1,-1,1,-1,-1,1,-1,1,-1,1,1,1,1,1,1,1,1,1,-1,1,-1,1,-1,1,1,-1,1,-1,1,1,-1,1,-1,1,-1,1,-1,1,1,-1,1,-1,1,1,1,1,-1,-1,1,1,-1,-1,1,-1,1,-1,-1,1,-1,1,-1,1,-1,1,-1,-1,1,-1,-1,-1,1,1,-1,1,-1,1,1,1,-1,1,1,-1,-1,-1,1,-1,1,-1,1,-1,1,1,-1,1,-1,-1,-1,1,1,-1,1,-1,-1,-1,1,1,-1,-1,1,1,-1,-1,1,1,-1,1,1,-1,1,1,1,1,-1,1,-1,1,1,-1,1,-1,1,-1,1,1,1,1,1,1,-1,-1,1,-1,-1,1,1,1,-1,1,1,1,-1,1,1,1,1,1,1,-1,1,-1,1,1,1,-1,-1,1,-1,1,1,1,-1,1,1,-1,-1,1,1,1,-1,1,-1,1,1,1,-1,1,1,-1,1,1,1,-1,1,1,-1,1,1,1,-1,1,1,-1,-1,1,1,-1,1,1,-1,1,-1,1,-1,1,1,1,-1,1,1,1,1,1,1,-1,1,1,-1,1,1,1,-1,-1,-1,-1,1,1,1,-1,1,1,-1,1,1,-1,-1,1,1,1,1,1,-1,1,1,1,-1,1,1,1,-1,-1,1,1,1,-1,1,-1,1,1,1,1,1,1,-1,-1,-1,1,-1,-1,1,-1,1,-1,1,1,1,1,1,-1,-1,1,-1,-1,1,-1,1,-1,1,1,1,1,1,1,-1,-1,1,-1,1,1,-1,-1,1,1,1,-1,1,-1,-1,-1,1,-1,1,1,-1,-1,1,1,1,1,-1,1,-1,1,-1,-1,1,-1,-1,-1,1,-1,1,1,-1,-1,-1,1,-1,1,1,1,-1,-1,1,-1,-1,1,-1,-1,-1,1,-1,1,1,1,-1,-1,1,1,-1,1,-1,-1,-1,-1,-1,-1,1,-1,-1,-1,1,-1,-1,1,-1,-1,-1,-1,1,-1,1,-1,-1,-1,-1,1,-1,-1,1,1,1,-1,1,-1,1,-1,1,-1,1,-1,-1,-1,1,-1,-1,-1,1,-1,1,1,-1,1,1,1,-1,1,1,-1,1,-1,1,-1,-1,1,-1,-1,1,1,-1,-1,1,-1,-1,1,1,1,-1,1,-1,-1,1,1,-1,-1,1,-1,-1,-1,1,1,-1,1,1,-1,-1,1,1,-1,1,-1,1,-1,1,1,-1,-1,1,-1,-1,-1,-1,-1,1,1,1,-1,-1,1,-1,-1,1,-1,-1,1,-1,-1,1,1,-1,-1,1,1,-1,1,1,-1,1,-1,1,-1,-1,1,1,-1,-1,-1,-1,1,1,-1,-1,1,-1,-1,-1,1,1,-1,-1,-1,-1,-1,1,-1,-1,-1,-1,-1,1,1,1,-1,-1,-1,-1,-1,1,1,-1,-1,-1,-1,-1,1,1,1,-1,-1,-1,-1,1,1,-1,-1,-1,-1,1,1,1,1,1,-1,1,1,1,1,1,1,-1,-1,1,1,1,1,-1,-1,1,1,1,1,-1,1,-1,-1,1,-1,1,-1,1,-1,-1,1,-1,1,-1,1,-1,-1,1,-1,1,-1,1,1,-1,1,-1,1,1,1,1,-1,1,-1,1,1,1,-1,-1,1,1,-1,1,1,-1,-1,1,-1,1,-1,1,-1,-1,-1,-1,-1,1,1,-1,-1,1,-1,-1,1,1,-1,-1,-1,-1,-1,-1,1,-1,-1,-1,-1,1,1,-1,-1,1,-1,-1,1,-1,1,-1,-1,-1,-1,-1,1,1,1,-1,-1,-1,1,1,1,-1,-1,1,1,-1,-1,1,-1,1,-1,-1,1,1,1,-1,-1,-1,-1,1,-1,1,1,-1,1,-1,-1,1,1,-1,-1,-1,-1,-1,-1,1,1,-1,-1,1,-1,1,1,-1,-1,-1,1,-1,1,1,-1,-1,1,-1,-1,1,1,1,-1,1,-1,1,1,1,-1,-1,1,-1,-1,1,1,1,-1,1,-1,-1,1,1,-1,1,1,-1,-1,1,1,-1,1,1,-1,-1,1,1,-1,1,1,-1,-1,1,1,1,1,-1,1,-1,-1,1,1,-1,1,-1,-1,1,-1,1,1,1,1,-1,-1,1,-1,1,1,1,-1,1,1,1,1,-1,1,-1,1,1,1,1,1,1,1,-1,1,1,1,1,-1,1,-1,1,1,1,1,1,-1,1,1,1,1,-1,1,1,-1,1,1,-1,1,1,-1,-1,1,1,1,1,-1,1,-1,1,1,1,-1,-1,1,-1,1,1,1,-1,1,-1,-1,-1,1,1,-1,-1,1,-1,-1,1,1,-1,-1,1,-1,-1,1,1,1,-1,1,-1,-1,1,1,-1,-1,-1,1,-1,1,1,-1,1,1,-1,1,1,-1,-1,1,-1,-1,-1,-1,1,-1,1,1,-1,1,1,-1,-1,-1,-1,1,-1,-1,-1,-1,1,-1,-1,1,1,-1,1,1,-1,1,1,1,1,-1,1,-1,1,1,1,1,-1,1,-1,-1,1,1,1,-1,1,-1,1,1,1,1,-1,1,-1,1,1,1,-1,-1,1,-1,-1,1,1,-1,-1,-1,1,-1,1,1,1,-1,1,-1,-1,1,-2668.0,1,2000,445,1000,False
1770,1,1,-1,-1,1,-1,-1,-1,1,1,1,-1,1,1,1,1,-1,1,-1,-1,-1,-1,1,1,1,-1,1,-1,1,1,1,1,1,-1,-1,-1,1,-1,1,1,-1,-1,-1,1,1,1,1,-1,1,1,1,1,-1,1,-1,-1,1,-1,1,1,-1,-1,-1,-1,1,1,1,1,-1,-1,-1,1,1,1,1,-1,-1,-1,1,1,1,-1,-1,-1,1,1,1,1,-1,-1,-1,1,1,1,1,-1,-1,1,1,-1,1,1,-1,-1,1,1,1,1,1,-1,-1,1,1,-1,1,1,-1,-1,1,1,1,1,1,1,-1,1,1,1,-1,1,1,-1,1,1,1,1,1,1,-1,-1,1,1,1,1,1,-1,1,1,1,1,1,1,-1,-1,-1,1,1,1,1,-1,1,1,1,1,-1,1,-1,1,-1,1,1,1,-1,-1,1,1,1,1,1,-1,1,-1,-1,1,-1,1,-1,1,1,1,1,1,1,1,1,1,-1,1,-1,1,-1,1,1,-1,1,-1,1,1,-1,1,-1,1,-1,1,-1,1,1,-1,1,-1,1,1,1,1,-1,-1,1,1,-1,-1,1,-1,1,-1,1,1,-1,1,-1,1,-1,1,-1,1,1,-1,-1,-1,1,1,-1,1,-1,1,1,1,-1,1,1,-1,1,-1,1,-1,1,-1,1,-1,1,1,-1,1,-1,-1,-1,1,1,-1,1,-1,-1,-1,1,1,-1,-1,1,1,-1,-1,1,1,-1,1,1,-1,1,1,1,1,-1,1,-1,1,1,-1,1,-1,1,1,-1,1,1,1,1,1,-1,-1,1,-1,-1,1,1,1,-1,1,1,1,-1,1,-1,-1,1,1,1,1,1,-1,1,1,1,-1,1,1,-1,1,1,1,-1,1,1,-1,-1,1,1,1,-1,1,-1,1,1,1,-1,1,1,-1,1,1,1,-1,1,-1,-1,1,1,1,-1,1,-1,-1,-1,1,1,-1,1,-1,-1,1,-1,1,-1,1,1,-1,-1,1,1,1,1,1,-1,-1,1,1,-1,1,-1,-1,-1,-1,-1,-1,1,1,-1,-1,1,1,-1,1,-1,1,-1,1,1,1,1,-1,-1,1,1,1,-1,1,-1,-1,-1,-1,1,1,1,1,-1,-1,1,-1,1,1,-1,-1,-1,-1,-1,1,-1,1,-1,1,-1,1,1,1,-1,-1,1,1,-1,1,-1,1,-1,-1,1,-1,1,1,-1,-1,-1,1,-1,-1,1,1,-1,-1,1,-1,1,1,-1,1,-1,1,-1,-1,1,1,-1,1,1,-1,1,1,-1,-1,1,1,-1,1,-1,1,-1,1,-1,1,1,-1,1,-1,1,-1,-1,1,-1,-1,-1,1,-1,-1,1,-1,1,-1,1,-1,-1,1,-1,-1,1,-1,1,-1,1,-1,1,-1,1,1,-1,1,-1,1,-1,1,-1,-1,1,-1,1,1,1,1,-1,-1,1,1,-1,1,1,-1,1,1,1,1,1,1,1,-1,1,1,1,-1,1,-1,1,-1,-1,-1,1,-1,1,1,-1,1,-1,1,-1,1,-1,-1,-1,1,1,-1,1,1,-1,-1,-1,1,-1,1,1,-1,1,-1,1,-1,-1,-1,-1,-1,-1,1,-1,-1,-1,-1,-1,-1,1,-1,1,1,1,1,-1,1,-1,1,1,-1,-1,-1,1,-1,-1,1,-1,1,-1,-1,1,1,1,1,-1,-1,1,1,1,1,-1,1,-1,-1,1,1,1,-1,-1,-1,1,1,1,1,-1,1,-1,1,-1,1,-1,1,1,-1,-1,1,1,1,-1,-1,-1,-1,1,1,1,1,-1,-1,-1,1,1,1,1,-1,-1,-1,1,-1,1,-1,-1,-1,1,1,1,1,1,-1,-1,-1,1,1,1,1,-1,-1,-1,1,1,-1,1,-1,-1,-1,1,1,1,1,-1,-1,1,1,1,1,-1,-1,1,1,-1,1,1,-1,-1,-1,1,1,1,1,1,-1,1,1,1,1,1,1,-1,-1,1,-1,1,-1,-1,-1,-1,1,-1,1,1,-1,-1,-1,1,-1,1,1,-1,1,-1,1,1,1,-1,1,1,-1,1,-1,1,-1,-1,-1,-1,1,1,-1,-1,-1,-1,-1,1,-1,1,-1,-1,-1,-1,-1,-1,-1,1,-1,-1,-1,1,-1,-1,1,-1,-1,-1,-1,-1,-1,1,-1,-1,-1,-1,-1,1,-1,-1,-1,1,-1,-1,1,-1,1,-1,-1,-1,-1,-1,-1,-1,1,-1,-1,-1,1,1,-1,-1,-1,-1,1,-1,-1,-1,-1,1,-1,-1,1,-1,1,-1,-1,-1,-1,1,-1,1,1,-1,1,-1,-1,1,1,-1,-1,-1,-1,-1,-1,1,1,-1,-1,1,-1,1,1,-1,-1,-1,1,-1,1,1,-1,-1,1,-1,-1,1,1,1,-1,1,-1,1,1,1,-1,-1,1,-1,-1,1,1,1,-1,1,-1,-1,1,1,-1,1,1,-1,-1,1,1,1,1,1,-1,-1,1,1,1,1,1,-1,-1,1,1,1,1,1,1,-1,1,1,1,-1,1,-1,-1,1,-1,1,1,1,1,-1,-1,1,-1,1,1,1,-1,1,-1,1,1,-1,1,-1,1,1,1,1,1,1,1,-1,-1,1,1,1,-1,1,-1,1,1,1,1,1,-1,1,-1,1,1,-1,1,1,-1,-1,1,-1,1,1,-1,-1,1,1,1,1,-1,1,-1,-1,1,1,-1,-1,1,-1,1,1,1,-1,1,-1,-1,-1,1,1,-1,-1,1,-1,-1,1,1,1,-1,1,-1,-1,1,1,1,-1,1,-1,-1,1,1,-1,-1,-1,1,-1,-1,1,-1,1,1,-1,1,1,-1,-1,1,-1,-1,-1,1,1,-1,1,1,-1,1,1,-1,-1,-1,-1,1,-1,-1,-1,-1,1,-1,-1,1,1,-1,1,1,-1,1,1,1,1,-1,1,-1,1,1,1,1,-1,1,-1,-1,1,1,1,-1,1,-1,1,1,1,1,-1,1,-1,1,1,1,-1,-1,1,-1,-1,1,1,-1,-1,-1,1,-1,1,1,1,-1,1,-1,-1,1,-2668.0,1,2000,445,1000,False
1771,1,1,-1,1,1,1,-1,-1,1,1,-1,1,-1,1,1,1,-1,1,-1,1,-1,-1,1,1,1,-1,-1,-1,1,1,1,1,1,1,-1,-1,1,1,1,-1,1,-1,-1,1,1,1,-1,-1,1,1,1,1,-1,1,1,-1,1,-1,1,1,-1,1,1,-1,1,1,1,-1,-1,-1,-1,1,1,1,1,-1,-1,-1,1,1,1,-1,-1,-1,1,1,1,1,-1,1,-1,1,1,1,1,-1,-1,1,1,-1,1,1,-1,-1,1,1,1,1,1,-1,-1,1,1,-1,1,1,-1,-1,1,1,1,1,1,1,-1,1,1,1,-1,1,1,-1,1,1,1,1,1,1,-1,-1,1,1,1,1,1,-1,1,1,1,1,1,1,-1,-1,-1,1,1,1,1,-1,1,1,1,1,-1,1,-1,1,-1,1,1,1,-1,-1,1,1,1,1,1,-1,1,-1,-1,1,-1,1,-1,1,1,1,1,1,1,1,1,1,-1,1,-1,1,-1,1,1,-1,1,-1,1,1,-1,1,-1,1,-1,1,-1,1,1,-1,1,-1,1,1,1,1,-1,-1,1,1,-1,-1,1,-1,1,-1,-1,1,-1,1,-1,1,-1,1,-1,1,1,-1,-1,-1,1,1,-1,1,-1,1,1,1,-1,1,1,-1,1,-1,1,-1,1,-1,1,-1,1,1,-1,1,-1,-1,-1,1,1,-1,1,-1,-1,-1,1,1,-1,-1,1,1,-1,-1,1,1,-1,1,1,-1,1,1,1,1,-1,1,-1,1,1,-1,1,-1,1,-1,1,1,1,1,1,1,-1,-1,1,-1,-1,1,1,1,-1,1,1,1,-1,1,1,1,1,1,1,1,1,-1,1,1,1,-1,-1,1,-1,1,1,1,-1,1,1,-1,-1,1,1,1,-1,1,-1,1,1,1,-1,1,1,-1,1,1,1,-1,1,1,-1,1,1,1,-1,1,1,1,-1,1,1,-1,1,1,-1,1,-1,1,-1,1,1,1,-1,1,1,1,-1,1,1,-1,1,1,-1,1,1,1,-1,-1,-1,-1,1,1,1,-1,1,1,-1,1,1,-1,-1,1,1,1,1,1,-1,1,1,1,-1,1,1,1,-1,-1,1,1,1,-1,1,-1,1,1,1,1,1,1,-1,-1,-1,1,-1,-1,1,1,-1,1,1,1,1,1,1,1,-1,1,-1,-1,1,-1,1,-1,1,1,1,1,1,1,-1,-1,1,-1,1,1,1,-1,1,1,1,-1,1,1,-1,-1,1,-1,1,1,1,-1,1,1,1,1,1,1,-1,1,-1,-1,1,1,-1,-1,1,-1,1,1,1,-1,-1,1,-1,1,1,1,-1,-1,1,-1,-1,1,1,-1,-1,1,-1,1,1,1,1,-1,1,1,-1,1,1,1,-1,-1,1,-1,1,1,-1,-1,1,-1,-1,1,-1,1,-1,-1,1,-1,1,-1,1,1,-1,1,-1,-1,1,1,1,-1,1,-1,1,-1,1,1,1,-1,-1,-1,1,-1,-1,-1,1,1,-1,1,-1,1,1,1,-1,1,1,-1,-1,-1,1,-1,-1,1,-1,-1,1,1,1,-1,1,-1,-1,1,1,-1,-1,1,-1,-1,1,1,-1,-1,1,-1,-1,-1,1,1,-1,1,1,-1,-1,1,-1,-1,1,-1,1,-1,1,1,-1,-1,1,-1,-1,-1,-1,-1,1,1,1,-1,-1,1,-1,-1,1,-1,-1,1,-1,-1,1,1,-1,-1,1,1,-1,1,1,-1,1,-1,1,-1,-1,1,1,-1,-1,-1,-1,-1,1,-1,-1,1,-1,-1,-1,1,1,-1,-1,-1,-1,-1,1,-1,-1,-1,-1,-1,1,1,1,-1,-1,-1,-1,-1,1,1,-1,-1,-1,-1,-1,1,1,1,-1,-1,-1,-1,1,1,-1,-1,-1,-1,1,1,1,1,-1,-1,1,1,1,1,1,-1,-1,-1,1,1,1,1,1,-1,1,1,1,1,-1,1,-1,-1,1,-1,1,-1,1,-1,-1,1,-1,1,-1,-1,-1,-1,1,-1,1,-1,1,-1,-1,1,-1,1,-1,1,-1,-1,1,-1,1,-1,-1,-1,-1,1,1,-1,-1,-1,-1,-1,1,-1,1,-1,-1,-1,-1,-1,-1,-1,1,-1,-1,-1,1,-1,-1,1,-1,-1,-1,-1,-1,1,1,-1,-1,-1,-1,-1,1,-1,-1,-1,1,-1,-1,1,-1,1,-1,-1,-1,-1,-1,-1,-1,1,-1,-1,-1,1,1,-1,-1,-1,1,1,-1,-1,-1,-1,1,-1,-1,1,1,1,-1,-1,-1,-1,1,-1,1,1,-1,1,-1,-1,1,1,1,-1,-1,-1,-1,-1,1,1,-1,-1,1,-1,1,1,-1,-1,-1,1,-1,-1,1,1,-1,1,-1,-1,1,1,1,-1,1,-1,1,1,1,-1,-1,1,-1,-1,1,1,1,-1,1,-1,-1,1,1,1,1,1,-1,-1,1,1,1,1,1,-1,-1,1,1,1,1,1,-1,-1,1,1,1,1,1,1,-1,-1,1,1,1,1,-1,-1,1,-1,1,1,1,1,-1,-1,1,-1,1,1,1,-1,1,1,-1,1,-1,1,-1,1,1,-1,1,1,1,1,-1,1,1,1,1,-1,1,-1,1,1,1,1,1,-1,1,1,1,1,-1,1,1,-1,1,1,-1,1,1,-1,-1,1,-1,1,1,-1,1,-1,1,-1,1,-1,-1,1,-1,1,-1,1,-1,1,-1,-1,-1,1,1,-1,-1,1,-1,-1,-1,1,1,-1,1,-1,-1,-1,1,1,-1,1,-1,-1,1,1,-1,-1,-1,1,-1,1,1,-1,1,1,-1,1,1,-1,-1,1,1,-1,-1,-1,1,-1,1,1,-1,1,1,-1,-1,-1,-1,1,-1,-1,-1,-1,1,-1,-1,1,1,-1,1,1,-1,1,1,1,1,-1,1,-1,1,1,1,1,-1,1,-1,-1,-1,1,1,-1,1,-1,1,1,1,1,-1,1,-1,1,1,1,-1,-1,1,-1,-1,1,1,-1,-1,-1,1,-1,1,-1,1,-1,1,-1,-1,1,-2668.0,1,2000,445,1000,False
1772,1,1,-1,-1,1,-1,-1,-1,1,1,1,-1,1,1,1,1,-1,1,-1,-1,-1,-1,1,1,1,-1,-1,-1,1,1,1,1,-1,-1,-1,-1,1,1,1,1,-1,-1,-1,1,1,1,1,-1,1,1,1,1,-1,1,-1,-1,1,-1,1,1,1,-1,-1,-1,1,1,1,1,-1,-1,-1,1,1,1,1,-1,-1,-1,1,1,1,-1,-1,-1,1,1,1,1,-1,-1,1,1,1,1,1,-1,-1,-1,1,-1,1,1,-1,-1,1,1,1,1,1,-1,-1,-1,1,1,1,1,-1,-1,1,1,1,1,1,1,-1,-1,1,1,-1,1,1,-1,1,1,1,1,1,1,-1,1,1,1,1,1,1,-1,1,1,1,1,1,1,-1,-1,-1,1,1,1,1,-1,1,1,1,1,-1,1,-1,1,-1,1,1,1,-1,-1,1,1,1,1,1,-1,1,-1,-1,1,-1,1,-1,1,1,1,1,1,1,1,1,1,-1,1,-1,1,-1,1,1,-1,1,-1,1,1,-1,1,-1,1,-1,1,-1,1,1,-1,1,-1,1,1,1,1,-1,-1,1,1,-1,-1,1,-1,1,-1,1,1,-1,1,-1,1,-1,1,-1,-1,1,-1,-1,-1,1,1,-1,1,-1,1,1,1,-1,1,1,-1,-1,-1,1,-1,1,-1,1,-1,1,1,-1,1,-1,-1,-1,1,1,-1,1,-1,-1,-1,1,1,-1,-1,1,1,-1,-1,1,1,-1,1,1,-1,1,1,1,1,-1,1,-1,1,1,-1,1,-1,1,1,-1,1,1,1,1,1,-1,-1,1,-1,-1,1,1,1,-1,1,1,1,-1,1,-1,-1,1,1,1,-1,1,-1,1,1,1,-1,1,1,-1,1,1,1,-1,1,1,-1,-1,1,1,1,-1,1,-1,1,1,1,-1,1,1,-1,1,1,1,-1,1,-1,-1,1,1,1,-1,1,-1,-1,-1,1,1,-1,1,-1,-1,1,-1,1,-1,1,1,-1,-1,1,1,1,-1,1,-1,-1,1,1,-1,1,-1,-1,-1,-1,-1,-1,1,1,-1,-1,1,1,-1,1,-1,1,-1,1,1,1,1,1,-1,1,1,1,-1,1,-1,-1,-1,-1,1,1,1,1,-1,-1,1,1,1,1,-1,-1,1,-1,-1,1,-1,1,-1,-1,1,-1,1,-1,-1,-1,1,1,-1,1,-1,1,-1,-1,1,-1,1,1,-1,-1,-1,1,-1,-1,1,1,-1,-1,1,-1,1,1,-1,1,-1,1,-1,-1,1,1,-1,-1,1,-1,1,1,-1,-1,1,1,-1,1,-1,1,-1,1,-1,1,1,-1,1,-1,1,-1,-1,1,-1,-1,-1,1,-1,-1,1,1,1,-1,1,-1,-1,1,-1,-1,1,-1,1,-1,1,1,1,-1,1,1,-1,-1,-1,1,-1,1,-1,-1,1,-1,1,1,1,1,-1,-1,1,1,-1,1,1,-1,-1,1,1,1,-1,1,1,-1,1,1,1,1,-1,-1,1,-1,-1,-1,1,-1,1,1,1,1,-1,1,-1,1,-1,-1,-1,1,1,-1,1,1,-1,-1,-1,1,-1,1,1,-1,1,-1,1,-1,-1,-1,-1,-1,-1,1,-1,-1,-1,-1,-1,-1,1,-1,1,1,1,1,-1,1,-1,1,1,-1,-1,-1,1,-1,-1,1,-1,1,-1,-1,1,1,1,1,-1,-1,1,1,1,1,-1,1,-1,-1,1,1,1,-1,-1,-1,1,1,1,1,-1,-1,-1,1,-1,1,-1,1,-1,-1,-1,1,1,1,-1,-1,-1,1,1,1,1,1,-1,-1,-1,1,1,1,1,-1,-1,-1,1,-1,1,-1,-1,-1,1,1,1,1,1,-1,-1,-1,1,1,1,1,-1,-1,-1,1,1,-1,1,-1,-1,-1,1,1,1,1,-1,-1,1,1,1,1,-1,-1,1,1,-1,1,1,-1,-1,-1,1,1,1,1,1,-1,1,1,1,1,1,-1,-1,-1,1,-1,1,-1,-1,-1,-1,1,-1,1,1,1,-1,-1,1,-1,1,1,-1,-1,-1,1,1,1,1,-1,-1,-1,1,-1,1,1,-1,-1,-1,1,1,-1,-1,-1,-1,-1,1,-1,1,-1,-1,-1,-1,-1,-1,-1,1,-1,-1,-1,1,-1,-1,1,-1,-1,-1,-1,-1,-1,1,-1,-1,-1,-1,-1,1,-1,-1,-1,1,-1,-1,1,-1,1,-1,-1,-1,-1,-1,-1,-1,1,-1,-1,-1,1,1,-1,-1,-1,-1,1,-1,-1,-1,-1,1,-1,-1,1,1,1,-1,-1,-1,-1,1,-1,1,1,-1,1,-1,-1,1,1,-1,-1,-1,-1,-1,-1,1,1,-1,-1,1,-1,1,1,-1,-1,-1,1,-1,1,1,-1,-1,1,-1,-1,1,1,1,-1,1,-1,1,1,1,-1,-1,1,-1,-1,1,1,1,-1,1,-1,-1,1,1,-1,1,1,-1,-1,1,1,-1,1,1,-1,-1,1,1,-1,1,1,-1,-1,1,1,1,1,-1,1,-1,-1,1,1,-1,1,-1,-1,1,-1,1,1,1,1,-1,-1,1,-1,1,1,1,-1,1,1,1,1,-1,1,-1,1,1,1,1,1,1,1,-1,-1,1,1,1,-1,1,-1,1,1,1,1,1,-1,1,1,1,1,-1,1,1,-1,1,1,-1,1,1,-1,-1,1,1,1,1,-1,1,-1,1,1,1,-1,-1,1,-1,1,1,1,-1,1,-1,-1,-1,1,1,-1,-1,1,-1,-1,1,1,-1,-1,1,-1,-1,1,1,1,-1,1,-1,-1,1,1,-1,-1,-1,1,-1,-1,1,-1,1,1,-1,1,1,-1,-1,1,1,-1,-1,1,1,-1,1,1,-1,1,1,-1,-1,-1,-1,1,-1,-1,-1,-1,1,-1,-1,1,1,-1,1,1,-1,1,1,1,1,-1,1,-1,1,1,1,-1,-1,1,-1,-1,1,1,-1,-1,1,-1,1,1,1,-1,-1,1,-1,1,1,1,1,-1,1,-1,-1,1,1,1,-1,-1,1,-1,1,1,1,-1,1,-1,-1,1,-2668.0,1,2000,445,0,False
1773,1,1,-1,-1,1,1,-1,-1,1,1,1,-1,1,1,1,1,-1,1,-1,-1,1,-1,1,1,1,-1,1,-1,1,1,1,1,1,-1,-1,-1,1,-1,1,1,-1,-1,-1,1,1,1,1,-1,1,1,1,1,-1,1,-1,-1,1,-1,1,1,1,-1,-1,-1,1,1,1,1,-1,-1,-1,1,1,1,1,-1,-1,-1,1,1,1,-1,-1,-1,1,1,1,1,-1,-1,-1,1,1,1,1,-1,-1,1,1,-1,1,1,-1,-1,1,1,1,1,1,-1,-1,1,1,-1,1,1,-1,-1,1,1,1,1,1,1,-1,-1,1,1,-1,1,1,-1,1,1,1,1,1,1,-1,-1,1,1,1,1,1,-1,1,1,1,1,1,1,-1,-1,-1,1,1,1,1,-1,1,1,1,1,-1,1,-1,1,-1,1,1,1,-1,-1,1,1,1,1,1,-1,1,-1,-1,1,1,1,-1,1,1,1,1,-1,1,1,1,1,-1,1,-1,1,-1,1,1,-1,1,-1,1,1,-1,1,-1,1,-1,1,-1,1,1,-1,1,-1,1,1,1,1,-1,-1,1,1,-1,-1,1,-1,1,1,-1,1,-1,1,-1,1,-1,1,-1,-1,1,-1,-1,1,-1,1,-1,1,-1,1,1,1,-1,1,1,-1,1,-1,1,-1,1,-1,1,-1,1,1,-1,1,-1,-1,1,-1,1,-1,1,-1,-1,-1,-1,1,-1,-1,1,1,-1,1,1,1,-1,1,1,-1,1,1,1,1,-1,1,-1,1,1,-1,1,-1,1,1,1,-1,1,1,1,1,-1,-1,1,-1,-1,-1,1,1,-1,1,1,1,-1,1,1,1,1,1,1,1,1,-1,1,1,1,-1,1,1,-1,1,1,1,-1,1,1,-1,-1,1,1,1,-1,1,-1,1,1,1,-1,1,1,-1,1,1,1,-1,1,1,-1,1,1,1,-1,1,1,-1,-1,1,1,-1,1,1,-1,1,-1,1,-1,1,1,1,-1,1,1,1,-1,1,1,-1,1,1,-1,1,1,1,-1,-1,-1,-1,1,1,1,-1,1,1,-1,1,1,-1,-1,1,1,1,1,1,-1,1,1,1,-1,1,1,1,1,-1,1,1,-1,-1,1,-1,1,-1,1,-1,1,1,-1,-1,-1,1,-1,-1,1,-1,1,-1,1,-1,1,1,1,-1,-1,1,-1,-1,1,-1,1,-1,1,-1,-1,1,1,1,-1,-1,1,-1,1,1,-1,-1,1,1,1,-1,1,-1,-1,1,-1,-1,1,1,-1,-1,1,-1,1,1,-1,1,-1,1,-1,-1,1,-1,-1,1,1,-1,1,1,-1,-1,-1,1,-1,1,1,1,-1,1,-1,-1,-1,1,-1,-1,-1,1,-1,1,1,1,-1,-1,1,-1,-1,1,-1,-1,-1,1,-1,-1,1,-1,-1,-1,1,-1,-1,1,-1,-1,-1,-1,1,-1,1,-1,-1,1,-1,1,-1,-1,1,1,1,-1,1,-1,1,-1,1,-1,1,-1,-1,-1,1,-1,-1,1,1,1,-1,1,-1,1,1,1,-1,1,1,-1,-1,-1,1,-1,-1,1,-1,-1,1,1,1,-1,1,-1,-1,1,1,-1,-1,1,-1,-1,1,1,-1,-1,1,-1,-1,-1,1,1,-1,1,1,-1,-1,1,-1,-1,1,-1,1,-1,1,1,-1,-1,1,-1,-1,-1,-1,-1,1,1,1,-1,-1,1,-1,-1,1,-1,-1,1,-1,-1,1,1,-1,-1,1,1,-1,1,1,-1,1,-1,1,-1,-1,1,1,-1,-1,-1,-1,-1,1,-1,-1,1,-1,-1,-1,1,1,-1,-1,-1,-1,-1,1,-1,-1,-1,-1,-1,-1,1,1,-1,-1,-1,-1,-1,1,1,-1,-1,-1,-1,-1,1,1,1,-1,-1,-1,-1,1,1,-1,-1,-1,-1,1,-1,1,1,1,-1,1,1,-1,1,1,1,-1,-1,1,1,1,1,1,-1,1,-1,1,1,-1,1,-1,-1,1,-1,1,-1,1,-1,-1,1,-1,1,1,1,-1,-1,-1,-1,1,-1,1,1,-1,1,-1,1,1,1,1,1,-1,-1,1,1,1,-1,-1,1,-1,-1,1,1,-1,-1,1,-1,1,-1,1,-1,-1,-1,1,-1,1,1,-1,-1,1,-1,-1,1,1,-1,-1,-1,1,-1,-1,1,-1,-1,1,-1,1,1,-1,-1,1,-1,-1,1,-1,1,-1,-1,-1,-1,-1,1,1,1,-1,-1,-1,1,1,1,-1,-1,1,1,-1,-1,1,-1,1,-1,-1,1,1,1,-1,-1,-1,-1,1,-1,1,1,-1,1,-1,-1,1,1,-1,-1,-1,-1,-1,-1,1,1,-1,-1,1,-1,1,1,-1,-1,-1,1,-1,1,1,-1,-1,1,-1,-1,1,1,1,-1,1,-1,1,1,1,-1,-1,1,-1,-1,1,1,1,-1,1,-1,-1,1,1,-1,1,1,-1,-1,1,1,1,1,1,-1,-1,1,1,1,1,1,-1,-1,1,1,1,1,-1,1,-1,1,1,1,-1,1,-1,-1,1,-1,1,1,1,1,-1,-1,1,-1,1,1,1,-1,1,1,1,1,-1,1,-1,1,1,1,1,1,1,1,-1,-1,1,1,1,-1,1,-1,1,1,1,1,1,-1,1,1,1,1,-1,1,1,-1,1,1,-1,1,1,-1,-1,-1,1,1,1,-1,1,-1,1,1,1,-1,-1,1,-1,1,1,1,-1,1,-1,-1,-1,1,1,-1,-1,1,-1,-1,1,1,1,-1,1,-1,1,-1,1,1,-1,1,-1,-1,1,1,-1,-1,-1,1,1,-1,1,-1,1,1,-1,1,1,-1,-1,1,1,-1,-1,1,1,-1,1,1,1,1,1,-1,-1,-1,-1,1,-1,-1,-1,-1,-1,1,1,1,1,-1,1,1,-1,1,1,1,1,-1,1,-1,1,1,1,1,-1,1,-1,1,1,1,1,-1,1,-1,1,1,1,1,-1,1,-1,1,1,-1,-1,-1,1,-1,1,1,1,-1,-1,-1,1,-1,1,-1,1,-1,1,-1,1,1,-2668.0,1,2000,445,1000,False
1774,1,1,-1,-1,1,-1,-1,-1,1,1,1,-1,1,1,-1,1,-1,1,-1,-1,-1,1,1,1,1,-1,-1,-1,1,1,1,1,-1,-1,-1,-1,1,-1,1,1,-1,-1,-1,1,1,1,1,-1,1,1,1,1,-1,1,-1,-1,1,-1,1,1,1,-1,-1,1,1,1,1,1,-1,-1,1,1,1,1,1,-1,-1,-1,1,1,1,-1,-1,-1,1,1,1,1,-1,-1,1,1,1,1,1,-1,-1,-1,1,-1,1,1,-1,-1,1,1,1,1,1,-1,-1,-1,1,-1,1,1,-1,-1,1,1,1,1,1,1,-1,-1,1,1,-1,1,1,-1,1,1,1,1,1,1,-1,1,1,1,1,1,1,-1,1,1,1,1,1,1,-1,-1,-1,1,1,1,1,-1,1,-1,1,1,-1,1,-1,1,-1,1,1,1,-1,-1,1,1,1,1,1,-1,1,-1,-1,1,-1,1,-1,1,1,1,1,1,1,1,1,1,-1,1,-1,1,-1,1,1,-1,1,-1,1,1,-1,1,-1,1,-1,1,-1,1,1,-1,1,-1,1,1,1,1,-1,-1,1,1,-1,-1,1,-1,1,-1,-1,1,-1,1,-1,1,-1,1,-1,-1,1,-1,1,-1,1,1,-1,1,-1,1,1,1,-1,1,-1,-1,1,-1,1,-1,1,1,1,-1,1,1,-1,1,-1,-1,-1,1,1,-1,1,-1,-1,-1,1,1,-1,-1,1,1,-1,-1,1,1,-1,1,1,-1,1,1,1,1,-1,1,-1,1,1,-1,1,-1,1,-1,1,1,1,1,1,1,-1,-1,1,-1,-1,1,1,1,-1,1,1,1,-1,1,1,1,1,1,1,1,1,-1,1,1,1,-1,1,1,-1,1,1,1,-1,1,1,-1,-1,1,1,1,-1,1,-1,1,1,1,-1,1,1,-1,1,1,1,-1,1,1,-1,1,1,1,-1,1,1,-1,-1,-1,1,-1,1,1,-1,1,1,1,-1,1,-1,1,-1,-1,1,1,-1,-1,1,-1,1,1,-1,1,1,1,-1,-1,1,1,1,1,1,-1,1,-1,-1,1,1,-1,-1,-1,1,-1,1,1,-1,1,-1,1,1,1,1,1,1,-1,1,-1,-1,-1,1,-1,1,-1,-1,1,1,1,-1,1,-1,1,-1,1,1,1,-1,1,-1,1,1,1,1,1,-1,1,-1,-1,1,-1,1,-1,-1,-1,-1,1,1,1,-1,-1,1,-1,1,1,1,-1,1,-1,1,-1,1,1,-1,-1,1,-1,1,1,1,1,-1,-1,1,1,1,1,-1,-1,1,1,1,1,-1,1,-1,1,1,1,1,-1,-1,-1,-1,1,1,1,-1,1,-1,1,-1,1,1,-1,-1,1,-1,1,1,1,1,-1,1,-1,-1,1,1,1,-1,-1,-1,-1,1,1,-1,-1,1,-1,-1,1,-1,1,-1,-1,-1,-1,1,-1,1,-1,-1,1,-1,-1,1,1,1,-1,1,-1,1,-1,1,-1,1,-1,-1,-1,1,-1,1,1,1,-1,1,1,-1,-1,1,1,-1,1,1,-1,-1,-1,1,-1,-1,1,-1,-1,1,1,-1,-1,1,-1,-1,1,1,1,-1,1,-1,1,1,1,-1,-1,1,-1,-1,-1,1,1,-1,1,1,-1,-1,1,-1,-1,1,-1,1,1,1,1,-1,-1,1,-1,-1,-1,-1,-1,1,1,1,-1,-1,1,-1,-1,1,-1,-1,1,-1,-1,-1,1,-1,-1,1,1,-1,1,1,-1,1,-1,1,-1,-1,1,1,-1,-1,-1,-1,1,1,-1,-1,1,-1,-1,-1,1,1,-1,-1,-1,-1,-1,1,-1,-1,-1,-1,-1,1,1,1,-1,-1,-1,-1,-1,1,1,-1,-1,-1,-1,-1,1,1,1,-1,-1,-1,-1,1,1,-1,-1,-1,-1,1,1,1,1,-1,-1,1,1,1,1,1,-1,-1,-1,1,1,1,-1,1,-1,1,1,1,1,-1,1,-1,-1,1,-1,1,-1,1,-1,-1,1,-1,1,-1,-1,-1,-1,1,-1,1,-1,1,1,-1,1,-1,1,-1,1,1,-1,1,-1,1,-1,-1,-1,-1,1,1,-1,-1,-1,-1,-1,1,-1,1,-1,-1,-1,-1,-1,-1,-1,1,-1,-1,-1,1,-1,-1,1,-1,-1,-1,-1,-1,1,1,-1,-1,-1,-1,-1,1,-1,-1,-1,1,-1,-1,1,-1,1,-1,-1,-1,-1,1,-1,-1,1,-1,-1,-1,-1,1,1,-1,-1,1,-1,1,-1,-1,-1,1,-1,-1,-1,-1,1,-1,-1,-1,-1,-1,1,1,1,-1,1,-1,1,-1,1,-1,-1,-1,-1,-1,-1,1,1,-1,-1,1,-1,1,1,-1,-1,-1,1,-1,1,1,-1,-1,1,-1,-1,1,1,1,-1,1,-1,1,1,1,-1,-1,1,-1,-1,1,1,1,-1,1,-1,-1,1,1,-1,1,1,-1,-1,1,1,-1,1,1,-1,-1,1,1,-1,1,1,-1,-1,1,1,1,1,-1,1,-1,1,1,1,-1,1,-1,-1,1,-1,1,1,1,1,-1,-1,1,-1,1,1,1,-1,1,1,1,1,-1,1,-1,1,1,1,1,1,1,1,-1,1,1,1,1,-1,1,-1,1,1,1,1,1,-1,1,1,1,1,-1,1,-1,1,1,1,-1,1,1,1,1,1,1,1,1,-1,1,1,1,1,1,-1,-1,1,-1,1,1,1,-1,1,-1,1,1,1,1,-1,-1,1,1,-1,1,1,1,-1,1,1,-1,1,1,1,-1,1,-1,1,1,1,-1,-1,-1,-1,1,-1,1,-1,1,1,1,1,1,-1,-1,1,1,1,1,1,1,-1,1,-1,1,1,1,-1,-1,-1,-1,-1,-1,-1,-1,-1,-1,1,1,1,1,-1,1,1,-1,-1,1,1,1,-1,1,-1,1,1,1,-1,-1,1,-1,1,1,1,-1,1,1,-1,1,1,1,-1,-1,1,-1,1,-1,1,1,-1,1,-1,-1,1,1,1,-1,1,-1,1,1,1,1,-1,1,-1,-1,1,-2668.0,1,2000,445,1000,False
1775,1,1,-1,-1,1,1,-1,-1,1,1,1,-1,-1,1,1,1,-1,1,-1,-1,-1,-1,1,1,1,-1,-1,-1,1,1,1,1,-1,-1,-1,-1,1,1,1,1,-1,-1,-1,1,1,1,1,-1,1,1,1,1,-1,1,-1,-1,1,-1,1,1,1,-1,-1,-1,1,1,1,1,-1,-1,-1,1,1,1,1,-1,-1,-1,1,1,1,-1,-1,-1,1,1,1,1,-1,-1,-1,1,1,1,1,-1,-1,1,1,-1,1,1,-1,-1,1,1,1,1,1,-1,-1,1,1,-1,1,1,-1,-1,1,1,1,1,1,1,-1,-1,1,1,-1,1,1,-1,1,1,1,1,1,1,-1,-1,1,1,1,1,1,-1,1,1,1,1,1,1,-1,-1,-1,1,1,1,1,-1,1,1,1,1,-1,1,-1,1,-1,1,1,1,-1,-1,1,1,1,1,1,-1,1,-1,-1,1,1,1,-1,1,1,1,1,-1,1,1,1,1,-1,1,-1,1,-1,1,1,-1,1,-1,1,1,-1,1,-1,1,-1,1,-1,1,1,-1,1,-1,1,1,1,1,-1,-1,1,1,-1,-1,1,-1,1,-1,1,1,-1,1,-1,1,-1,1,-1,-1,1,-1,-1,-1,1,1,-1,1,-1,1,1,1,-1,1,1,-1,1,-1,1,-1,1,-1,1,-1,1,1,-1,1,-1,-1,-1,1,1,-1,1,-1,-1,-1,1,1,-1,-1,1,1,-1,-1,1,1,-1,1,1,-1,1,1,1,1,-1,1,-1,1,1,-1,1,-1,1,1,1,1,1,1,1,1,-1,-1,1,-1,-1,-1,1,1,-1,1,1,1,-1,1,1,1,1,1,1,1,1,-1,1,1,1,-1,1,1,-1,1,1,1,-1,1,1,-1,-1,1,1,1,-1,1,-1,1,1,1,-1,1,1,-1,1,1,1,-1,1,1,-1,1,1,1,-1,1,1,-1,-1,1,1,-1,1,1,-1,1,-1,1,-1,1,1,1,-1,1,1,1,1,1,1,-1,1,1,-1,1,1,1,-1,-1,-1,-1,1,1,1,-1,1,1,-1,1,1,-1,-1,1,1,1,1,1,-1,1,1,1,-1,1,1,1,1,-1,1,1,1,-1,1,-1,1,1,1,1,1,1,-1,-1,-1,1,-1,-1,1,-1,1,-1,1,1,1,1,1,-1,-1,1,-1,-1,1,-1,1,-1,1,1,-1,1,1,1,-1,-1,1,-1,1,1,-1,-1,1,1,1,-1,1,-1,-1,-1,1,-1,1,1,-1,-1,1,1,1,1,-1,1,-1,1,-1,1,1,-1,1,-1,1,-1,1,1,-1,-1,-1,1,-1,1,1,1,-1,-1,1,1,-1,1,-1,-1,-1,1,-1,1,1,1,-1,-1,1,-1,-1,1,-1,-1,-1,-1,-1,-1,1,-1,-1,-1,1,-1,-1,1,-1,-1,-1,-1,1,-1,1,-1,-1,-1,-1,1,-1,-1,1,1,1,-1,1,-1,1,-1,1,-1,1,-1,-1,-1,1,-1,-1,1,1,1,-1,1,-1,1,1,1,-1,1,1,-1,-1,-1,1,-1,-1,1,-1,-1,1,1,1,-1,1,-1,-1,1,1,-1,-1,1,-1,-1,1,1,-1,-1,1,-1,-1,-1,1,1,-1,1,-1,-1,-1,1,-1,-1,1,-1,1,-1,1,1,-1,-1,1,-1,-1,-1,-1,-1,1,1,1,-1,-1,1,-1,-1,1,-1,-1,1,-1,-1,1,1,-1,-1,1,1,-1,1,1,-1,1,-1,1,-1,-1,1,1,-1,-1,-1,-1,-1,1,-1,-1,1,-1,-1,-1,1,1,-1,-1,-1,-1,-1,1,-1,-1,-1,-1,-1,1,1,1,-1,-1,-1,-1,-1,1,1,-1,-1,-1,-1,-1,1,1,1,-1,-1,-1,-1,1,1,-1,-1,-1,-1,1,1,1,1,1,-1,1,1,1,1,1,1,-1,-1,1,1,1,-1,-1,-1,1,1,1,1,-1,1,-1,-1,1,-1,1,-1,1,-1,-1,1,-1,1,-1,1,-1,-1,1,-1,1,-1,1,-1,-1,1,-1,1,1,1,-1,1,-1,-1,1,1,1,-1,-1,1,1,-1,1,1,-1,-1,1,-1,1,-1,1,-1,-1,-1,-1,-1,1,1,-1,-1,1,-1,-1,1,1,-1,-1,-1,-1,-1,-1,1,-1,-1,-1,-1,-1,1,-1,-1,1,-1,-1,1,-1,1,-1,-1,-1,-1,-1,1,1,1,-1,-1,-1,1,1,1,-1,-1,-1,1,-1,-1,1,-1,1,-1,-1,1,1,1,-1,-1,-1,-1,1,-1,1,1,-1,1,-1,-1,1,1,-1,-1,-1,-1,-1,-1,1,1,-1,-1,1,-1,1,1,-1,-1,-1,1,-1,1,1,-1,-1,1,-1,-1,1,1,1,-1,1,-1,1,1,1,-1,-1,1,-1,-1,1,1,1,-1,1,-1,-1,1,1,-1,1,1,-1,-1,1,1,-1,1,1,-1,-1,1,1,-1,1,1,-1,-1,1,1,1,1,-1,1,-1,-1,1,1,-1,1,-1,-1,1,-1,1,1,1,1,-1,-1,1,-1,1,1,1,-1,1,1,1,1,-1,1,-1,1,1,1,1,1,1,1,-1,1,1,1,1,-1,1,-1,1,1,1,1,1,-1,1,1,1,1,-1,1,1,-1,1,1,-1,1,1,-1,-1,1,1,1,1,-1,1,-1,1,1,1,-1,-1,1,-1,1,1,1,-1,1,-1,-1,-1,1,1,-1,-1,1,-1,-1,1,1,-1,-1,1,-1,-1,1,1,1,-1,1,-1,-1,1,1,-1,-1,-1,1,-1,1,1,-1,1,1,-1,1,1,-1,-1,1,-1,-1,-1,1,1,-1,1,1,-1,1,1,-1,-1,-1,-1,1,-1,-1,-1,-1,-1,-1,-1,1,1,-1,1,1,-1,1,1,1,1,-1,1,-1,1,1,1,1,-1,1,-1,-1,1,1,1,-1,1,-1,1,1,1,1,-1,1,-1,1,1,1,-1,-1,1,-1,-1,1,1,-1,-1,-1,1,-1,1,-1,1,-1,1,-1,-1,1,-2668.0,1,2000,445,1000,False
1776,1,1,-1,-1,1,-1,-1,-1,1,1,1,-1,1,1,1,1,-1,1,-1,-1,-1,-1,1,1,1,1,-1,-1,1,1,1,1,-1,-1,-1,-1,1,1,1,1,-1,-1,-1,1,1,1,1,-1,1,1,1,1,-1,1,-1,-1,1,-1,1,1,1,-1,-1,-1,1,1,1,1,-1,-1,-1,1,1,1,1,-1,-1,-1,1,1,1,-1,-1,-1,1,1,1,1,-1,-1,-1,1,1,1,1,-1,-1,1,1,-1,1,1,-1,-1,1,1,1,1,1,-1,-1,-1,1,-1,1,1,-1,-1,1,1,1,1,1,1,-1,-1,1,1,-1,1,1,-1,1,1,1,1,1,1,-1,1,1,1,1,1,1,-1,1,1,1,1,1,1,-1,-1,-1,1,1,1,1,-1,1,1,1,1,-1,1,-1,1,-1,1,1,1,-1,-1,1,1,1,1,1,-1,1,-1,-1,1,-1,1,-1,1,1,1,1,1,1,1,1,1,-1,1,-1,1,-1,1,1,-1,1,-1,1,1,-1,1,-1,1,-1,1,-1,1,1,-1,1,-1,1,1,1,1,-1,-1,1,1,-1,-1,1,-1,1,-1,1,1,-1,1,-1,1,-1,1,-1,1,1,-1,-1,-1,1,1,-1,1,-1,1,1,1,-1,1,1,-1,1,-1,1,-1,1,-1,1,-1,1,1,-1,1,-1,-1,-1,1,1,-1,1,-1,-1,-1,1,1,-1,-1,1,1,-1,-1,1,1,-1,1,1,-1,1,1,1,1,-1,1,-1,1,1,-1,1,-1,1,1,-1,1,1,1,1,1,-1,-1,1,-1,-1,-1,1,1,-1,1,1,1,-1,1,-1,-1,1,1,1,1,1,-1,1,1,1,-1,1,1,-1,1,1,1,-1,1,1,-1,-1,1,1,1,-1,1,-1,1,1,1,-1,1,1,-1,1,1,1,-1,1,-1,-1,1,1,1,-1,1,-1,-1,-1,1,1,-1,1,-1,-1,1,-1,1,-1,1,1,-1,-1,1,1,1,1,1,-1,-1,1,1,-1,1,-1,1,-1,-1,-1,-1,1,1,-1,-1,1,1,-1,1,1,-1,-1,1,1,1,1,1,-1,1,1,1,-1,1,-1,-1,-1,-1,1,1,1,1,-1,-1,1,1,1,1,-1,-1,-1,-1,-1,1,-1,-1,-1,1,-1,1,1,1,1,-1,1,1,-1,1,-1,1,-1,-1,1,-1,1,1,1,-1,-1,1,-1,-1,1,1,-1,-1,1,-1,1,1,-1,1,-1,1,-1,-1,1,1,-1,-1,1,-1,1,1,1,-1,1,1,-1,1,-1,1,-1,1,-1,-1,1,-1,1,-1,1,-1,-1,1,-1,-1,-1,1,-1,-1,1,-1,1,-1,1,-1,-1,1,-1,-1,1,-1,1,-1,1,1,1,-1,1,1,-1,-1,-1,1,-1,1,-1,-1,1,-1,-1,1,1,1,-1,-1,1,1,-1,1,1,-1,-1,1,1,1,1,1,1,-1,1,1,1,-1,-1,-1,1,-1,-1,-1,1,-1,-1,-1,1,1,-1,1,-1,1,-1,-1,-1,1,1,-1,1,1,-1,-1,-1,1,-1,1,-1,-1,1,-1,1,-1,-1,1,1,-1,-1,1,-1,-1,-1,-1,-1,-1,1,-1,1,1,1,1,-1,1,-1,-1,1,-1,-1,-1,1,-1,-1,-1,-1,1,-1,-1,1,1,-1,1,-1,-1,1,1,1,1,-1,1,-1,-1,1,1,1,-1,-1,-1,1,1,1,1,-1,1,-1,1,-1,1,-1,1,1,-1,-1,1,1,1,-1,-1,-1,-1,1,1,1,1,-1,-1,-1,1,1,1,1,-1,-1,-1,1,1,1,-1,-1,-1,1,1,1,1,1,-1,-1,-1,1,1,1,1,-1,-1,-1,1,1,-1,1,-1,-1,-1,1,1,1,1,-1,-1,1,1,1,1,-1,-1,1,1,-1,1,1,-1,-1,-1,1,1,1,1,1,-1,1,1,1,1,1,1,-1,-1,1,-1,1,-1,-1,-1,-1,1,-1,1,1,-1,-1,-1,1,-1,1,1,-1,-1,-1,1,1,1,-1,1,-1,-1,1,-1,1,-1,-1,-1,-1,1,1,-1,-1,-1,-1,-1,1,-1,1,-1,-1,-1,-1,-1,-1,-1,1,-1,-1,-1,1,-1,-1,1,-1,-1,-1,-1,-1,-1,1,-1,-1,-1,-1,-1,1,-1,-1,-1,1,-1,-1,1,-1,1,-1,-1,-1,-1,-1,-1,-1,1,-1,-1,-1,1,1,-1,-1,-1,-1,1,-1,-1,-1,-1,1,-1,-1,1,-1,1,-1,-1,-1,-1,1,-1,1,1,-1,1,-1,-1,1,1,-1,-1,-1,-1,-1,-1,1,1,-1,-1,1,-1,1,1,-1,-1,-1,1,-1,1,1,-1,-1,1,-1,-1,1,1,1,-1,1,-1,1,1,1,-1,-1,1,-1,-1,1,1,1,-1,1,-1,-1,1,1,-1,1,1,-1,-1,1,1,-1,1,1,-1,-1,1,1,-1,1,1,-1,-1,1,1,1,1,1,1,-1,-1,1,1,-1,1,-1,-1,1,-1,1,1,1,1,-1,-1,1,-1,1,1,1,-1,1,1,1,1,-1,1,-1,1,1,1,1,1,1,1,-1,1,1,1,1,-1,1,-1,1,1,1,1,1,-1,1,1,1,1,-1,1,1,-1,1,1,-1,1,1,-1,-1,1,1,1,1,-1,1,-1,1,1,1,-1,-1,1,-1,1,1,1,-1,1,-1,-1,-1,1,1,-1,-1,1,-1,-1,1,1,-1,-1,1,-1,-1,1,1,1,-1,1,-1,-1,1,1,-1,-1,-1,1,-1,-1,1,-1,1,1,-1,1,1,-1,-1,1,-1,-1,-1,1,1,-1,1,1,-1,1,1,-1,-1,-1,-1,1,-1,-1,-1,-1,1,-1,-1,1,1,-1,1,1,-1,1,1,1,1,-1,1,-1,1,1,1,-1,-1,1,-1,-1,1,1,-1,-1,1,-1,1,1,1,-1,-1,1,-1,1,1,1,1,-1,1,-1,-1,1,1,-1,-1,-1,1,-1,1,1,1,-1,1,-1,-1,1,-2668.0,1,2000,445,1000,False
1777,1,1,-1,-1,1,1,-1,-1,1,1,1,-1,1,1,1,1,-1,1,-1,-1,-1,-1,1,1,1,-1,-1,-1,1,1,1,1,1,-1,-1,-1,1,-1,1,-1,-1,-1,-1,1,1,1,1,-1,1,1,1,1,-1,1,-1,-1,1,-1,1,1,1,-1,-1,-1,1,1,1,1,-1,-1,-1,1,1,1,1,-1,-1,-1,1,1,1,-1,-1,-1,1,1,1,1,-1,-1,-1,1,1,1,1,-1,-1,1,1,-1,1,1,-1,-1,1,1,1,1,1,-1,-1,-1,1,1,1,1,-1,-1,1,1,1,1,1,1,-1,-1,1,1,-1,1,1,-1,1,1,1,1,1,1,-1,1,1,1,1,1,1,-1,1,1,1,1,1,1,-1,-1,-1,1,1,1,1,-1,1,1,1,1,-1,1,-1,1,-1,1,1,1,-1,-1,1,1,1,1,1,-1,1,-1,-1,1,-1,1,-1,1,1,1,1,1,1,1,1,1,-1,1,-1,1,-1,1,1,-1,1,-1,1,1,-1,1,-1,1,-1,1,-1,1,1,-1,-1,-1,1,1,1,1,-1,-1,1,1,-1,-1,1,-1,1,-1,-1,1,-1,1,-1,1,-1,1,-1,1,1,-1,-1,-1,1,1,-1,1,-1,1,1,1,-1,1,1,-1,-1,-1,1,-1,1,-1,1,-1,1,1,-1,1,-1,-1,-1,1,1,-1,1,-1,-1,-1,1,1,-1,-1,1,1,-1,-1,1,1,-1,1,1,-1,1,1,1,-1,-1,1,-1,1,1,-1,1,-1,1,1,-1,1,1,-1,-1,1,-1,-1,1,-1,1,-1,1,1,-1,1,1,1,-1,1,-1,-1,1,1,-1,-1,1,-1,1,1,1,1,-1,1,-1,1,1,1,-1,1,1,-1,-1,1,1,-1,-1,1,-1,1,1,1,1,1,1,-1,1,1,1,1,1,-1,-1,1,1,1,1,1,-1,-1,-1,1,1,1,1,-1,-1,1,-1,1,-1,1,1,-1,-1,1,1,1,1,1,-1,-1,1,1,1,-1,-1,-1,-1,-1,-1,-1,1,-1,-1,-1,1,1,-1,1,-1,-1,-1,1,1,1,1,-1,-1,1,1,1,-1,1,-1,-1,-1,-1,1,1,1,1,-1,-1,1,-1,1,1,-1,-1,-1,-1,-1,1,-1,1,-1,1,-1,1,1,1,-1,-1,1,1,-1,1,-1,1,-1,-1,1,-1,1,-1,-1,-1,-1,1,-1,-1,1,1,-1,-1,1,-1,1,1,-1,1,-1,1,-1,1,-1,1,-1,1,1,-1,-1,-1,-1,-1,1,1,-1,1,-1,1,-1,1,-1,1,1,-1,1,-1,1,-1,-1,1,-1,-1,-1,1,-1,1,-1,1,1,-1,1,-1,-1,1,-1,-1,1,-1,1,-1,1,-1,1,-1,1,1,-1,-1,-1,1,-1,1,-1,-1,1,-1,1,1,-1,1,-1,-1,1,1,-1,-1,1,-1,-1,1,1,1,1,1,1,-1,1,1,1,-1,-1,1,1,-1,-1,-1,1,-1,1,1,1,1,-1,1,-1,1,-1,-1,-1,1,1,-1,1,1,-1,-1,-1,1,-1,1,1,-1,1,-1,1,-1,-1,-1,-1,-1,-1,1,-1,-1,-1,-1,-1,-1,1,-1,1,1,1,1,-1,1,-1,1,1,-1,-1,-1,1,-1,-1,1,-1,1,-1,-1,1,1,1,1,-1,-1,1,1,1,1,-1,1,-1,-1,1,1,1,-1,-1,-1,1,1,1,1,-1,-1,-1,1,-1,1,-1,1,-1,-1,-1,1,1,1,-1,-1,-1,1,1,1,1,1,-1,-1,-1,1,1,1,1,-1,-1,-1,1,1,1,-1,-1,-1,-1,1,1,1,1,-1,-1,1,1,1,1,1,-1,-1,-1,1,1,-1,1,-1,-1,-1,1,1,1,1,-1,-1,1,1,1,1,1,-1,1,1,-1,1,1,-1,-1,-1,1,1,1,1,1,-1,1,1,1,1,1,1,-1,-1,1,-1,1,-1,1,-1,-1,1,-1,1,1,-1,-1,-1,1,-1,1,1,-1,1,-1,1,1,1,-1,1,1,-1,1,-1,1,-1,-1,-1,-1,1,1,-1,-1,-1,-1,-1,1,-1,1,-1,-1,-1,-1,-1,-1,-1,1,-1,-1,-1,1,-1,-1,1,-1,-1,-1,-1,-1,1,1,-1,-1,-1,-1,-1,1,-1,-1,-1,1,-1,-1,1,-1,1,-1,-1,-1,-1,-1,-1,-1,1,-1,-1,-1,1,1,-1,-1,-1,1,-1,-1,-1,-1,-1,1,-1,-1,1,-1,1,-1,-1,-1,-1,1,-1,1,1,-1,1,-1,-1,1,1,-1,-1,-1,-1,-1,-1,1,1,-1,-1,1,-1,1,1,-1,-1,-1,1,-1,1,1,-1,-1,1,-1,-1,1,1,1,-1,1,-1,1,1,1,-1,-1,1,-1,-1,1,-1,1,-1,1,-1,-1,1,1,-1,1,1,-1,-1,1,1,1,1,1,-1,-1,1,1,-1,1,1,-1,-1,1,1,1,1,1,1,-1,1,1,1,-1,1,-1,-1,1,-1,1,1,1,1,-1,-1,1,-1,1,1,1,-1,1,1,1,1,-1,1,-1,1,1,1,1,1,1,-1,-1,1,1,1,1,-1,1,-1,1,1,1,1,-1,1,-1,1,1,1,-1,-1,1,-1,1,1,-1,1,-1,-1,-1,1,1,1,-1,1,-1,-1,1,1,1,-1,-1,-1,-1,1,1,1,-1,-1,-1,-1,-1,1,1,-1,1,-1,-1,-1,1,1,1,-1,1,-1,1,1,1,1,1,1,-1,-1,1,1,-1,-1,1,1,1,1,1,-1,1,-1,-1,1,1,-1,-1,1,-1,-1,-1,1,1,-1,1,1,1,1,1,-1,-1,-1,-1,-1,-1,-1,-1,-1,1,-1,1,1,1,-1,1,1,-1,1,1,1,1,-1,1,-1,1,1,1,-1,-1,1,-1,1,1,1,-1,-1,1,-1,1,1,1,-1,-1,1,-1,1,1,1,1,-1,1,-1,-1,1,1,-1,-1,-1,1,-1,1,-1,1,-1,1,-1,-1,1,-2668.0,1,2000,445,1500,False
1778,1,1,-1,-1,1,-1,-1,-1,1,1,1,-1,1,1,1,1,-1,1,-1,-1,1,-1,1,1,1,1,-1,-1,1,1,1,1,-1,-1,-1,-1,1,1,1,1,-1,-1,-1,1,1,1,1,-1,1,1,1,1,-1,1,-1,-1,1,-1,1,1,1,-1,-1,-1,1,1,1,1,-1,-1,-1,1,1,1,1,-1,-1,-1,1,1,1,-1,-1,-1,1,1,1,1,-1,1,-1,1,1,1,1,-1,-1,1,1,1,1,1,-1,-1,1,1,1,1,1,-1,-1,1,1,1,1,1,-1,-1,1,1,1,-1,1,1,-1,1,1,1,-1,1,1,-1,1,1,1,1,1,1,-1,-1,1,1,-1,1,1,-1,1,1,1,1,1,1,-1,-1,-1,1,1,1,1,-1,1,1,1,1,-1,1,-1,1,-1,1,1,1,-1,-1,1,1,1,-1,1,-1,1,-1,-1,1,1,1,-1,1,1,1,1,-1,1,1,1,1,-1,1,-1,1,-1,1,1,-1,1,-1,1,1,-1,1,-1,1,-1,1,-1,1,1,-1,-1,-1,1,1,1,1,-1,-1,1,1,-1,-1,1,-1,1,1,-1,1,-1,1,-1,1,-1,1,-1,-1,1,-1,-1,1,1,1,-1,1,-1,1,1,1,-1,1,1,-1,1,-1,1,-1,1,-1,1,-1,1,1,-1,1,-1,-1,1,1,1,-1,1,-1,-1,-1,-1,1,-1,-1,1,1,-1,-1,1,1,-1,1,1,-1,1,1,1,1,-1,1,-1,1,1,-1,1,-1,1,1,-1,1,1,1,1,1,-1,-1,1,-1,-1,-1,1,1,-1,1,1,1,-1,1,-1,-1,1,1,1,1,1,-1,1,1,1,-1,-1,1,-1,-1,1,1,-1,1,1,-1,1,-1,1,1,-1,1,-1,1,1,1,-1,1,1,-1,1,1,1,-1,1,-1,-1,1,1,1,-1,1,-1,-1,1,1,1,-1,1,-1,-1,-1,-1,1,-1,1,1,-1,1,1,1,1,-1,1,-1,-1,-1,1,-1,1,-1,-1,1,-1,-1,-1,1,-1,-1,1,-1,1,-1,1,-1,1,-1,1,1,1,1,-1,1,-1,1,1,-1,1,-1,-1,-1,-1,1,1,1,1,-1,-1,1,1,1,1,-1,-1,1,-1,-1,1,-1,1,-1,1,-1,1,1,1,-1,-1,1,1,-1,1,-1,1,-1,-1,1,-1,1,1,-1,-1,-1,1,-1,-1,1,1,-1,-1,-1,-1,1,1,-1,1,-1,1,-1,-1,1,1,-1,1,1,-1,1,1,-1,-1,1,1,-1,1,-1,1,-1,1,-1,-1,1,-1,1,-1,1,-1,-1,1,-1,-1,-1,1,-1,-1,1,-1,1,1,1,-1,-1,1,-1,-1,1,-1,1,-1,1,-1,1,-1,1,1,-1,-1,-1,1,-1,1,-1,-1,1,-1,1,1,-1,1,-1,-1,1,1,-1,-1,1,-1,-1,1,1,1,1,1,1,-1,1,1,1,-1,-1,1,1,-1,-1,-1,1,-1,1,1,1,1,-1,1,-1,1,-1,-1,-1,1,1,-1,1,1,-1,-1,-1,1,-1,1,1,-1,1,-1,1,-1,-1,-1,-1,-1,-1,1,-1,-1,-1,-1,-1,-1,1,-1,1,1,1,1,-1,1,-1,1,1,-1,-1,-1,1,-1,-1,1,-1,1,-1,-1,1,1,1,1,-1,-1,1,1,1,1,-1,1,-1,-1,1,1,1,-1,-1,-1,1,1,1,1,-1,-1,-1,1,-1,1,-1,1,1,-1,-1,1,1,1,-1,-1,-1,-1,1,1,1,1,-1,-1,-1,1,1,1,1,-1,-1,-1,1,-1,1,-1,-1,-1,-1,1,1,1,1,-1,1,-1,1,-1,1,-1,-1,-1,-1,1,1,-1,1,-1,-1,-1,1,1,1,1,-1,-1,1,-1,1,-1,1,-1,1,1,-1,1,1,-1,1,-1,1,1,-1,1,1,-1,1,-1,1,-1,1,1,-1,-1,1,-1,1,-1,1,-1,1,-1,1,-1,1,-1,-1,-1,-1,1,-1,1,-1,-1,1,1,1,-1,-1,1,-1,1,-1,-1,-1,1,-1,-1,-1,1,1,1,-1,-1,-1,-1,1,-1,-1,1,-1,-1,-1,-1,-1,-1,1,-1,-1,-1,1,-1,-1,1,-1,-1,-1,-1,-1,1,1,-1,-1,-1,-1,-1,1,-1,-1,-1,1,-1,-1,1,-1,1,-1,-1,-1,-1,-1,-1,-1,1,-1,-1,-1,1,1,-1,-1,-1,1,-1,1,-1,-1,-1,1,-1,-1,1,-1,1,-1,-1,-1,-1,1,-1,1,1,-1,1,-1,-1,1,1,-1,-1,-1,-1,-1,-1,1,1,-1,-1,1,-1,1,1,-1,-1,-1,1,-1,-1,1,-1,-1,1,-1,-1,1,1,1,-1,1,-1,1,1,1,-1,-1,1,-1,-1,1,1,1,-1,1,-1,-1,1,1,-1,1,1,-1,-1,1,1,-1,1,1,-1,-1,1,1,-1,1,1,-1,-1,1,1,1,1,-1,1,-1,-1,1,1,-1,1,-1,-1,1,-1,1,1,1,1,-1,-1,1,-1,1,1,1,-1,1,1,1,1,-1,1,-1,1,1,1,1,1,1,1,-1,1,1,1,1,-1,1,-1,1,1,1,1,1,-1,1,1,1,1,-1,1,1,-1,1,1,-1,1,1,-1,-1,1,1,1,1,-1,1,-1,1,1,1,-1,-1,1,-1,1,1,1,-1,1,-1,-1,-1,1,1,-1,-1,1,-1,-1,1,1,-1,-1,1,-1,-1,1,1,1,-1,1,-1,-1,1,1,-1,-1,-1,1,-1,-1,1,-1,1,1,-1,1,1,-1,-1,1,-1,-1,-1,-1,1,-1,1,1,-1,1,1,-1,-1,1,-1,1,-1,-1,-1,-1,1,-1,-1,1,1,-1,1,1,-1,1,1,1,1,-1,1,-1,1,1,1,1,-1,1,-1,-1,1,1,1,-1,1,-1,1,1,1,1,-1,1,-1,1,1,-1,-1,-1,1,-1,-1,1,1,-1,-1,-1,1,-1,1,-1,1,-1,1,-1,-1,1,-2668.0,1,2000,445,0,False
1779,1,1,-1,-1,1,1,-1,-1,1,1,1,-1,-1,1,1,1,-1,1,-1,-1,-1,-1,1,1,1,-1,-1,-1,1,1,1,1,1,-1,-1,-1,1,-1,1,1,-1,-1,-1,1,1,1,1,-1,1,1,1,1,-1,1,-1,-1,1,-1,1,1,-1,-1,-1,-1,1,1,1,1,-1,-1,-1,1,1,1,1,-1,-1,-1,1,1,1,-1,-1,-1,1,1,1,1,-1,-1,-1,1,1,1,1,-1,-1,1,1,-1,1,1,-1,-1,1,1,1,1,1,-1,-1,-1,1,1,1,1,-1,-1,1,1,1,1,1,1,-1,-1,1,1,-1,1,1,-1,1,1,1,1,1,1,-1,1,1,1,1,1,1,-1,1,1,1,1,1,1,-1,-1,-1,1,1,1,1,-1,1,1,1,1,-1,1,-1,1,-1,1,1,1,-1,-1,1,1,1,1,1,-1,1,-1,-1,1,-1,1,-1,1,1,1,1,1,1,1,1,1,-1,1,-1,1,-1,1,1,-1,1,-1,1,1,-1,1,-1,1,-1,1,-1,1,1,-1,1,-1,1,1,1,1,-1,-1,1,1,-1,-1,1,-1,1,-1,-1,1,-1,1,-1,1,-1,1,-1,1,1,-1,1,-1,1,1,-1,1,-1,1,1,1,-1,1,1,-1,1,-1,1,-1,1,-1,1,-1,1,1,-1,1,-1,-1,-1,1,1,-1,1,-1,-1,-1,1,1,-1,-1,1,1,-1,-1,1,1,-1,1,1,-1,1,1,1,1,-1,1,-1,1,1,-1,1,-1,1,1,-1,1,1,-1,-1,1,-1,-1,1,-1,-1,1,1,1,-1,1,1,1,-1,1,-1,-1,1,1,1,1,1,-1,1,1,1,1,-1,1,-1,1,1,1,-1,1,1,-1,-1,1,1,1,-1,1,-1,1,1,1,-1,1,1,-1,1,1,1,-1,1,-1,-1,1,1,1,1,1,-1,-1,-1,1,1,-1,1,-1,-1,1,-1,1,-1,1,1,-1,-1,1,1,1,-1,1,-1,-1,1,1,-1,1,-1,-1,-1,-1,-1,-1,1,1,-1,-1,1,1,-1,1,-1,-1,-1,1,1,1,1,-1,-1,1,1,1,-1,1,-1,-1,-1,-1,1,1,1,1,-1,-1,1,1,1,1,-1,-1,-1,-1,-1,1,-1,1,-1,1,-1,1,1,1,-1,-1,1,1,-1,1,-1,1,-1,-1,1,-1,1,1,-1,-1,-1,1,-1,-1,1,1,-1,-1,1,-1,1,1,-1,1,-1,1,-1,-1,1,1,-1,1,1,-1,1,1,-1,-1,1,1,-1,1,-1,1,-1,1,-1,-1,1,-1,1,-1,1,-1,-1,1,-1,-1,-1,1,-1,-1,1,-1,1,-1,1,-1,-1,1,-1,-1,1,-1,1,-1,1,1,1,-1,1,1,-1,-1,1,1,-1,1,-1,-1,1,-1,1,1,1,1,-1,-1,1,1,-1,1,1,-1,-1,1,1,1,1,1,1,-1,1,1,1,-1,-1,-1,1,-1,-1,-1,1,-1,-1,1,1,1,-1,1,-1,1,-1,-1,-1,1,1,-1,1,1,-1,-1,-1,1,-1,1,1,-1,1,-1,1,-1,-1,-1,-1,-1,-1,1,-1,-1,-1,-1,-1,-1,1,-1,1,1,1,1,-1,1,-1,1,1,-1,-1,-1,1,-1,-1,1,-1,1,-1,-1,1,1,1,1,-1,-1,1,1,1,1,-1,1,-1,-1,1,1,1,-1,-1,-1,-1,1,1,1,-1,-1,-1,1,-1,1,-1,1,-1,-1,-1,1,1,1,-1,-1,-1,-1,1,1,1,1,-1,-1,-1,1,1,1,1,-1,-1,-1,1,1,1,-1,-1,-1,1,1,1,1,1,-1,-1,-1,1,1,1,1,-1,-1,-1,1,1,-1,1,-1,-1,-1,1,1,1,1,-1,-1,1,1,1,1,1,-1,1,1,-1,1,1,-1,-1,-1,1,1,1,1,1,-1,1,1,1,1,1,1,-1,-1,1,-1,1,-1,-1,-1,-1,1,-1,1,1,-1,-1,-1,1,-1,1,1,-1,1,-1,1,1,1,-1,1,1,-1,1,-1,1,-1,-1,-1,-1,1,1,-1,-1,-1,-1,-1,1,-1,1,-1,-1,-1,-1,-1,-1,-1,1,-1,-1,-1,1,-1,-1,1,-1,-1,-1,-1,-1,1,1,-1,-1,-1,-1,-1,1,-1,-1,-1,1,-1,-1,1,-1,1,-1,-1,-1,-1,-1,-1,-1,1,-1,-1,-1,1,1,1,-1,-1,1,1,-1,-1,-1,-1,1,-1,-1,1,1,1,-1,-1,-1,-1,1,-1,1,1,-1,1,-1,-1,1,1,-1,-1,-1,-1,-1,-1,1,1,-1,-1,1,-1,1,1,-1,-1,-1,1,-1,-1,1,-1,-1,1,-1,-1,1,1,1,-1,1,-1,1,1,1,-1,-1,1,-1,-1,1,1,1,-1,1,-1,-1,1,1,-1,1,1,-1,-1,1,1,1,1,1,-1,-1,1,1,1,1,1,-1,-1,1,1,1,1,1,1,-1,-1,1,1,1,1,-1,-1,1,-1,1,1,1,1,-1,-1,1,-1,1,1,1,-1,1,1,1,1,-1,1,-1,1,1,1,1,1,1,1,-1,1,1,1,1,-1,1,-1,1,1,1,1,1,-1,1,1,1,1,-1,-1,1,-1,1,1,-1,1,1,-1,-1,1,1,1,-1,1,1,-1,1,1,1,-1,-1,1,-1,1,1,1,-1,1,-1,-1,-1,1,1,-1,-1,1,-1,-1,1,1,-1,-1,1,-1,-1,1,1,1,1,-1,-1,-1,1,1,-1,-1,-1,1,-1,1,1,-1,1,1,-1,1,1,-1,-1,1,-1,-1,-1,1,1,-1,1,1,-1,1,1,-1,-1,1,-1,1,-1,-1,-1,-1,1,-1,-1,1,1,-1,1,1,-1,1,1,1,1,-1,1,-1,1,1,1,-1,-1,1,-1,-1,-1,1,-1,-1,1,-1,1,1,1,-1,-1,1,-1,1,1,1,1,-1,1,-1,-1,1,1,-1,-1,-1,1,-1,1,1,1,-1,1,-1,-1,1,-2668.0,1,2000,445,0,False
1780,-1,-1,1,1,1,1,-1,1,-1,-1,-1,1,-1,1,-1,-1,1,-1,1,1,-1,-1,-1,-1,-1,1,-1,-1,-1,-1,-1,-1,1,1,-1,-1,1,-1,-1,-1,1,-1,-1,-1,-1,-1,-1,1,-1,1,-1,-1,1,-1,1,-1,-1,1,-1,-1,-1,1,1,1,-1,-1,-1,-1,-1,-1,-1,1,-1,-1,-1,-1,-1,-1,1,-1,-1,1,1,-1,1,-1,-1,-1,-1,1,-1,-1,-1,-1,-1,-1,-1,1,1,1,-1,-1,-1,-1,1,1,-1,-1,-1,-1,-1,1,1,1,-1,-1,-1,-1,1,1,-1,-1,-1,-1,-1,1,1,-1,1,-1,-1,-1,-1,1,-1,1,-1,-1,-1,-1,1,-1,1,-1,-1,-1,1,1,1,-1,-1,-1,-1,-1,-1,1,-1,1,-1,-1,-1,1,1,1,-1,-1,1,-1,-1,1,-1,-1,-1,-1,-1,1,-1,1,-1,-1,-1,1,-1,1,-1,-1,-1,-1,-1,1,1,1,-1,-1,-1,-1,1,1,1,-1,-1,1,-1,-1,1,1,-1,-1,-1,-1,-1,1,1,-1,1,-1,-1,-1,1,1,-1,1,-1,-1,-1,-1,1,1,-1,-1,-1,-1,1,1,-1,1,-1,-1,-1,1,1,-1,1,1,-1,-1,-1,1,-1,-1,1,-1,-1,1,-1,-1,1,-1,-1,-1,1,1,-1,1,-1,-1,1,-1,-1,-1,1,-1,1,-1,1,-1,-1,1,-1,1,-1,-1,1,-1,1,-1,-1,1,-1,1,-1,1,1,-1,1,-1,-1,-1,-1,1,1,1,-1,-1,-1,1,1,-1,1,1,-1,-1,-1,1,1,1,-1,-1,-1,1,1,1,1,1,-1,-1,1,-1,1,1,-1,-1,-1,1,-1,1,1,-1,-1,-1,1,1,-1,1,-1,-1,1,-1,-1,1,1,-1,-1,1,-1,1,-1,1,-1,1,1,1,-1,1,1,-1,-1,1,1,-1,1,-1,-1,-1,1,1,-1,1,-1,-1,-1,1,1,-1,1,-1,-1,1,1,1,-1,1,1,-1,-1,1,1,-1,-1,1,-1,-1,-1,1,-1,1,-1,-1,-1,-1,-1,-1,1,1,-1,-1,1,1,-1,1,-1,-1,-1,1,1,1,1,-1,-1,-1,1,1,-1,1,-1,-1,-1,-1,1,1,-1,1,-1,-1,1,-1,1,-1,-1,-1,-1,1,-1,1,-1,1,-1,-1,1,-1,1,-1,-1,-1,1,1,-1,1,-1,1,-1,-1,1,-1,1,-1,-1,-1,-1,1,-1,-1,1,1,-1,-1,-1,-1,1,1,-1,1,-1,1,-1,1,-1,1,-1,-1,1,-1,1,-1,-1,-1,1,1,-1,1,-1,1,-1,1,-1,1,1,1,1,-1,1,-1,-1,1,-1,-1,-1,1,-1,1,-1,1,1,-1,1,-1,-1,1,-1,-1,1,-1,1,-1,1,-1,1,-1,1,1,-1,-1,-1,1,-1,1,-1,-1,1,-1,1,1,1,1,-1,-1,1,1,-1,1,1,-1,-1,1,1,1,-1,1,1,-1,1,1,1,1,1,-1,1,-1,-1,-1,1,-1,-1,1,-1,1,-1,1,-1,1,-1,-1,-1,1,1,-1,1,1,-1,1,-1,1,-1,1,1,-1,1,-1,1,-1,-1,-1,-1,1,-1,1,-1,-1,-1,-1,1,-1,1,-1,1,1,1,1,-1,1,-1,1,1,-1,1,-1,1,-1,-1,1,-1,1,-1,-1,1,1,1,1,1,-1,1,1,1,1,-1,1,-1,-1,1,1,1,-1,-1,-1,1,1,1,1,-1,-1,-1,1,-1,1,-1,1,1,-1,-1,1,1,1,-1,1,-1,-1,1,1,1,1,1,1,-1,1,1,1,1,-1,1,-1,1,1,1,-1,1,1,-1,1,1,1,1,1,1,-1,1,1,1,1,1,1,-1,1,1,-1,1,1,1,-1,1,1,1,1,1,1,-1,1,1,1,-1,1,-1,-1,1,1,1,-1,1,-1,-1,1,1,1,1,1,-1,-1,1,1,1,-1,1,1,-1,1,1,-1,-1,1,-1,-1,1,1,1,-1,1,1,-1,1,1,1,-1,1,1,-1,1,1,1,-1,1,1,-1,1,1,1,-1,1,-1,1,1,1,-1,-1,1,1,-1,1,-1,1,-1,1,1,-1,1,1,1,-1,1,1,-1,1,1,1,-1,1,1,1,1,-1,1,-1,1,1,1,1,1,-1,-1,1,1,1,1,-1,-1,1,1,1,1,1,-1,-1,-1,1,1,1,1,-1,1,-1,1,1,1,1,-1,-1,-1,1,1,1,1,-1,1,1,1,1,1,1,1,-1,1,1,1,1,1,-1,1,1,1,1,1,1,-1,-1,1,-1,1,1,1,-1,1,1,1,1,1,-1,-1,1,1,1,1,1,1,-1,1,1,-1,1,1,-1,1,1,1,1,1,1,-1,-1,1,1,1,1,-1,1,-1,1,1,1,1,-1,-1,-1,1,1,1,1,-1,1,-1,1,1,1,1,1,-1,-1,1,1,-1,1,1,-1,-1,1,1,-1,1,-1,-1,-1,1,-1,1,1,1,-1,1,1,1,-1,1,1,-1,-1,1,1,-1,1,1,-1,1,1,1,-1,1,1,-1,1,-1,-1,1,1,1,-1,1,-1,1,1,1,-1,-1,1,-1,1,1,1,1,1,1,-1,1,1,-1,1,1,-1,-1,1,-1,1,-1,1,1,-1,1,-1,1,1,-1,1,-1,1,-1,1,1,1,-1,-1,-1,1,1,1,-1,1,-1,-1,-1,1,-1,1,1,-1,1,-1,1,1,1,-1,-1,-1,1,1,1,1,-1,1,1,1,1,1,-1,1,-1,1,1,1,1,-1,1,-1,-1,-1,1,1,-1,1,1,1,1,-1,1,1,-1,-1,-1,-1,1,1,-1,1,1,1,1,-1,1,-1,-1,1,1,1,1,1,-1,-1,1,1,1,1,1,1,-1,1,1,1,1,1,1,-1,1,1,1,1,1,-1,-1,1,-1,1,-1,1,1,-1,1,1,1,-1,1,-1,1,-1,1,1,-1,1,1,-1,1,1,-2668.0,1,2000,445,500,True
1781,1,1,-1,-1,1,-1,-1,-1,1,1,1,-1,1,1,-1,1,-1,1,-1,-1,-1,1,1,1,1,-1,-1,-1,1,1,1,1,-1,-1,-1,-1,1,-1,1,1,-1,-1,-1,1,1,1,1,-1,1,1,1,1,-1,1,-1,-1,1,-1,1,1,1,-1,-1,1,1,1,1,1,-1,-1,1,1,1,1,1,-1,-1,-1,1,1,1,-1,-1,-1,1,1,1,1,-1,-1,1,1,1,1,1,-1,-1,-1,1,-1,1,1,-1,-1,1,1,1,1,1,-1,-1,-1,1,-1,1,1,-1,-1,1,1,1,1,1,1,-1,-1,1,1,-1,1,1,-1,1,1,1,1,1,1,-1,1,1,1,1,1,1,-1,1,1,1,1,1,1,-1,-1,-1,1,1,1,1,-1,1,1,1,1,-1,1,-1,1,-1,1,1,1,-1,-1,1,1,1,1,1,-1,1,-1,-1,1,-1,1,-1,1,1,1,1,1,1,1,1,1,-1,1,-1,1,-1,1,1,-1,1,-1,1,1,-1,1,-1,1,-1,1,-1,1,1,-1,1,-1,1,1,1,1,-1,-1,1,1,-1,-1,1,-1,1,-1,-1,1,-1,1,-1,1,-1,1,-1,1,1,-1,-1,-1,1,1,-1,1,-1,1,1,1,-1,1,1,-1,1,-1,1,-1,1,-1,1,-1,1,1,-1,1,-1,-1,-1,1,1,-1,1,-1,-1,-1,1,1,-1,-1,1,1,-1,-1,1,1,-1,1,1,-1,1,1,1,1,-1,1,-1,1,1,-1,1,-1,1,1,1,1,1,-1,-1,1,-1,-1,1,-1,-1,-1,1,1,-1,1,1,1,-1,1,1,1,1,1,1,1,1,-1,1,1,1,1,-1,1,-1,1,1,1,-1,1,1,-1,-1,1,1,1,-1,1,-1,1,1,1,-1,1,1,-1,1,1,1,-1,1,1,-1,1,1,1,1,1,1,1,-1,1,1,-1,1,1,-1,1,-1,1,-1,1,1,1,-1,1,1,1,-1,1,1,-1,1,1,-1,1,1,1,-1,-1,-1,-1,1,1,1,-1,1,1,-1,1,1,-1,-1,1,1,1,1,1,-1,1,1,1,-1,1,1,1,-1,-1,1,1,1,-1,1,-1,1,1,1,1,1,1,-1,-1,-1,1,-1,-1,1,1,-1,1,1,-1,1,1,1,1,-1,1,-1,-1,1,-1,1,-1,1,1,1,1,1,1,-1,-1,1,-1,1,1,1,-1,1,1,1,-1,1,1,-1,-1,1,-1,1,1,1,-1,1,1,1,1,1,1,-1,1,-1,1,1,1,1,-1,1,-1,1,1,1,-1,-1,1,-1,1,1,1,-1,-1,1,-1,-1,1,1,-1,-1,1,-1,1,1,1,1,-1,1,-1,-1,1,1,1,-1,-1,-1,-1,1,1,-1,-1,1,-1,-1,1,-1,1,-1,-1,1,-1,1,-1,1,-1,-1,1,-1,-1,1,1,1,-1,1,-1,1,-1,-1,1,1,-1,-1,-1,1,-1,-1,1,1,-1,1,1,-1,1,1,1,-1,1,1,-1,-1,-1,1,-1,-1,1,-1,-1,1,1,-1,-1,1,-1,-1,1,1,1,-1,1,-1,-1,1,1,-1,-1,1,-1,-1,-1,1,1,-1,1,-1,-1,-1,1,-1,-1,1,-1,1,-1,1,1,-1,-1,1,-1,-1,-1,-1,-1,1,1,1,-1,-1,1,-1,-1,1,-1,-1,1,-1,-1,1,1,-1,-1,1,1,-1,1,1,-1,1,-1,1,-1,-1,1,1,-1,-1,-1,-1,1,1,-1,-1,1,-1,-1,-1,1,1,-1,-1,-1,-1,-1,1,-1,-1,-1,-1,-1,1,1,1,-1,-1,-1,-1,-1,1,1,-1,-1,-1,-1,-1,1,1,1,-1,-1,-1,-1,1,1,-1,-1,-1,-1,1,1,1,1,-1,-1,1,1,1,1,1,-1,-1,-1,1,1,1,-1,1,-1,1,1,1,1,-1,1,-1,-1,1,-1,1,-1,1,-1,-1,1,-1,1,-1,-1,-1,-1,1,-1,1,-1,1,1,-1,1,-1,1,-1,1,1,-1,1,-1,1,-1,-1,-1,-1,1,1,-1,-1,-1,-1,-1,1,-1,1,-1,-1,-1,-1,-1,-1,-1,1,-1,-1,-1,1,-1,-1,1,-1,-1,-1,-1,-1,1,1,-1,-1,-1,-1,-1,1,-1,-1,-1,1,-1,-1,1,-1,1,-1,-1,-1,-1,-1,-1,-1,1,-1,-1,-1,1,1,1,-1,-1,1,1,-1,-1,-1,-1,1,-1,-1,1,-1,1,-1,-1,-1,-1,1,-1,1,1,-1,1,-1,-1,1,1,-1,-1,-1,-1,-1,-1,1,1,-1,-1,1,-1,1,1,-1,-1,-1,1,-1,-1,1,-1,-1,1,-1,-1,1,1,1,-1,1,-1,1,1,1,-1,-1,1,-1,-1,1,1,1,-1,1,-1,-1,1,1,-1,1,1,-1,-1,1,1,-1,1,1,-1,-1,1,1,-1,1,1,-1,-1,1,1,1,1,1,1,-1,-1,1,1,1,1,-1,-1,1,-1,1,1,1,1,-1,-1,1,-1,1,1,1,-1,1,1,1,1,-1,1,-1,1,1,1,1,1,1,1,-1,1,1,1,1,-1,1,-1,1,1,1,1,1,-1,1,1,1,1,-1,-1,1,-1,1,1,-1,1,1,-1,-1,1,1,1,-1,1,1,-1,1,1,1,-1,-1,1,-1,1,1,1,-1,1,-1,-1,-1,1,1,-1,-1,1,-1,-1,1,1,-1,-1,1,-1,-1,1,1,1,1,-1,-1,-1,1,1,-1,-1,-1,1,-1,-1,1,-1,1,1,-1,1,1,-1,-1,1,1,-1,-1,1,1,-1,1,1,-1,1,1,-1,-1,-1,-1,1,-1,-1,-1,-1,1,-1,-1,1,1,-1,1,1,-1,1,1,1,1,-1,1,-1,1,1,1,-1,-1,1,-1,-1,1,1,-1,-1,1,-1,1,1,1,-1,-1,1,-1,1,1,1,1,-1,1,-1,-1,1,1,1,-1,-1,1,-1,1,-1,1,-1,1,-1,-1,1,-2668.0,1,2000,445,1000,False
1782,-1,-1,1,1,1,1,-1,1,-1,-1,-1,1,-1,1,-1,-1,1,-1,1,1,-1,-1,-1,-1,-1,1,-1,-1,-1,-1,-1,-1,1,1,-1,-1,1,-1,-1,-1,1,-1,-1,-1,-1,-1,-1,-1,1,1,-1,-1,1,-1,1,-1,-1,1,-1,-1,-1,1,1,1,-1,-1,-1,-1,-1,-1,-1,1,-1,-1,-1,-1,-1,-1,1,-1,-1,1,1,-1,1,-1,-1,1,-1,1,-1,-1,-1,-1,-1,-1,-1,1,1,1,-1,-1,-1,-1,1,1,-1,-1,-1,-1,-1,1,1,1,-1,-1,-1,-1,1,1,-1,-1,-1,-1,-1,1,1,-1,1,-1,-1,-1,-1,1,-1,1,-1,-1,-1,-1,1,-1,1,-1,-1,-1,1,1,1,-1,-1,-1,-1,-1,-1,1,-1,1,-1,-1,-1,1,1,1,-1,-1,1,-1,-1,1,-1,-1,-1,-1,-1,1,-1,1,-1,-1,-1,1,-1,1,-1,-1,-1,-1,-1,1,1,1,-1,-1,1,-1,-1,1,1,-1,-1,1,-1,-1,1,1,-1,-1,-1,1,-1,1,1,-1,1,-1,1,-1,-1,1,-1,1,-1,-1,-1,-1,1,1,-1,-1,1,-1,1,1,-1,1,-1,-1,-1,1,1,-1,1,1,-1,-1,-1,1,-1,-1,1,-1,-1,1,-1,1,1,1,-1,-1,1,1,-1,1,-1,-1,1,-1,-1,-1,1,-1,-1,-1,1,-1,-1,1,-1,-1,-1,-1,1,-1,1,-1,-1,1,-1,1,-1,1,1,-1,1,-1,-1,-1,-1,1,-1,1,-1,-1,-1,1,1,-1,1,1,-1,-1,-1,1,-1,1,-1,-1,-1,1,1,-1,1,1,-1,-1,1,-1,-1,1,-1,-1,-1,1,-1,1,1,-1,-1,-1,1,-1,-1,1,-1,-1,1,-1,-1,1,1,-1,1,1,-1,1,-1,1,-1,1,1,1,-1,1,1,-1,-1,1,1,-1,1,-1,-1,-1,1,1,-1,1,-1,-1,1,-1,1,-1,1,-1,-1,1,-1,1,-1,1,1,-1,1,-1,1,-1,1,1,-1,-1,-1,1,-1,1,-1,-1,1,1,-1,-1,1,1,-1,1,-1,1,-1,1,-1,1,1,-1,1,1,1,-1,1,1,-1,1,-1,1,-1,-1,1,-1,1,1,1,1,-1,1,1,-1,1,1,-1,-1,1,-1,-1,1,-1,1,-1,-1,1,-1,-1,1,-1,-1,-1,1,-1,1,-1,1,-1,1,1,-1,1,-1,-1,-1,-1,1,-1,-1,1,1,-1,-1,1,-1,1,1,-1,1,-1,1,-1,1,-1,1,-1,-1,1,-1,1,-1,-1,1,-1,1,-1,1,-1,1,-1,1,-1,1,1,1,1,-1,1,-1,-1,1,-1,-1,-1,1,-1,1,-1,1,1,-1,1,-1,-1,1,-1,-1,1,-1,1,-1,1,-1,1,-1,1,1,-1,1,-1,1,-1,1,-1,-1,1,-1,1,1,1,1,-1,-1,1,1,-1,1,1,-1,-1,1,1,1,-1,1,1,-1,1,1,1,1,-1,-1,1,-1,-1,-1,1,-1,-1,1,1,1,-1,1,-1,1,-1,-1,-1,1,1,-1,1,1,-1,1,-1,1,-1,1,1,-1,1,-1,1,-1,-1,-1,-1,1,-1,1,-1,-1,-1,-1,1,-1,1,-1,1,1,1,1,-1,1,-1,1,1,-1,1,-1,1,-1,-1,1,-1,1,-1,-1,1,1,1,1,1,-1,1,1,1,1,-1,1,-1,-1,1,1,1,-1,-1,-1,1,1,1,1,-1,-1,-1,1,-1,1,-1,1,1,-1,-1,1,1,1,-1,1,-1,-1,1,1,1,1,1,1,-1,1,1,1,1,-1,1,-1,1,-1,1,-1,1,1,-1,1,1,1,1,1,1,-1,1,-1,1,1,1,1,-1,1,1,-1,1,1,1,-1,1,1,1,1,1,1,-1,1,1,-1,-1,1,-1,-1,1,1,1,-1,1,-1,-1,1,-1,-1,1,1,-1,-1,1,-1,1,-1,1,1,-1,1,-1,1,-1,1,-1,-1,1,-1,1,-1,1,1,-1,1,-1,1,-1,1,1,-1,1,-1,1,-1,1,1,-1,1,1,-1,-1,1,-1,1,1,1,-1,-1,1,1,-1,1,-1,1,-1,1,1,-1,1,1,-1,1,1,1,-1,1,1,-1,-1,1,1,1,1,-1,-1,1,1,1,1,1,-1,-1,-1,1,1,1,1,1,-1,1,1,1,1,1,1,-1,-1,1,1,1,1,1,1,-1,1,1,1,1,1,-1,-1,1,1,1,1,-1,1,1,1,1,-1,1,1,-1,1,1,1,1,1,-1,1,1,1,1,1,1,-1,-1,1,-1,1,1,1,-1,1,1,1,1,1,-1,-1,1,1,1,1,1,1,-1,1,1,-1,1,1,-1,1,1,1,1,1,1,-1,-1,1,1,1,1,-1,1,-1,1,1,1,1,-1,-1,-1,1,1,1,1,-1,1,-1,1,1,1,1,1,-1,-1,1,1,-1,1,1,-1,-1,1,1,-1,1,-1,-1,-1,1,-1,1,1,1,-1,1,1,1,-1,1,1,-1,-1,1,1,-1,1,1,-1,1,1,1,-1,1,1,-1,1,-1,-1,1,1,1,-1,1,-1,1,1,1,-1,-1,1,-1,1,1,1,1,1,1,-1,1,1,-1,1,1,-1,-1,1,-1,1,-1,1,1,-1,1,-1,1,1,-1,1,-1,1,-1,1,1,1,-1,-1,-1,1,1,-1,1,1,-1,-1,-1,1,-1,1,1,-1,1,-1,1,1,1,-1,-1,-1,1,1,1,1,-1,1,1,1,1,-1,1,1,-1,1,1,1,1,1,-1,-1,-1,-1,1,1,1,-1,1,1,1,-1,1,1,-1,-1,-1,-1,1,1,1,-1,1,1,1,-1,1,1,-1,1,1,1,1,1,1,-1,1,1,1,1,1,1,-1,1,1,1,1,1,1,-1,1,1,1,1,-1,1,-1,1,1,1,-1,1,1,-1,-1,1,1,-1,1,1,1,-1,1,1,-1,1,1,-1,-1,1,-2668.0,1,2000,445,500,True
1783,1,1,-1,-1,1,1,-1,-1,1,1,1,-1,1,1,-1,1,-1,1,-1,-1,-1,1,1,1,1,-1,1,-1,1,1,1,1,-1,-1,-1,-1,1,1,1,1,-1,-1,-1,1,1,1,1,-1,1,1,1,1,-1,1,-1,-1,1,-1,1,1,1,-1,-1,1,1,1,1,1,-1,-1,1,1,1,1,1,-1,-1,-1,1,1,1,-1,-1,-1,1,1,1,1,-1,-1,-1,1,1,1,1,-1,-1,1,1,-1,1,1,-1,-1,1,1,1,1,1,-1,-1,-1,1,1,1,1,-1,-1,1,1,1,1,1,1,-1,-1,1,1,-1,1,1,-1,1,1,1,1,1,1,-1,1,1,1,1,1,1,-1,1,1,1,1,1,1,-1,-1,-1,1,1,1,1,-1,1,-1,1,1,-1,1,-1,1,-1,1,1,1,-1,-1,1,1,1,1,1,-1,1,-1,-1,1,-1,1,-1,1,1,1,1,1,1,1,1,1,-1,1,-1,1,-1,1,1,-1,1,-1,1,1,-1,1,-1,1,-1,1,-1,1,1,-1,-1,-1,1,1,1,1,-1,-1,1,1,-1,-1,1,-1,1,-1,1,1,-1,1,-1,1,-1,1,-1,-1,1,-1,-1,-1,1,1,-1,1,-1,1,1,1,-1,1,1,-1,1,-1,1,-1,1,-1,1,-1,1,1,-1,1,-1,-1,-1,1,1,-1,1,-1,-1,-1,1,1,-1,-1,1,1,-1,-1,1,1,-1,1,1,-1,1,1,1,1,-1,1,-1,1,1,-1,1,-1,1,1,1,1,1,1,1,1,-1,-1,1,-1,-1,-1,1,1,-1,1,1,1,-1,1,1,1,1,1,1,1,1,-1,1,1,1,-1,-1,1,-1,1,1,1,-1,1,1,-1,-1,1,1,1,-1,1,-1,1,1,1,-1,1,1,-1,1,1,1,-1,1,1,-1,1,1,1,-1,1,1,1,-1,1,1,-1,1,1,-1,1,-1,1,-1,1,1,1,-1,1,1,1,-1,1,1,-1,1,1,-1,1,1,1,-1,-1,-1,-1,1,1,1,-1,1,1,-1,1,1,-1,-1,1,1,1,1,1,-1,1,1,1,-1,1,1,1,1,-1,1,1,1,-1,1,-1,1,1,1,1,1,1,-1,-1,-1,1,-1,-1,1,-1,1,-1,1,1,1,1,1,-1,-1,1,-1,-1,1,-1,1,-1,1,1,1,1,1,1,-1,-1,1,-1,1,1,-1,-1,1,1,1,-1,1,-1,-1,-1,1,-1,1,1,-1,-1,1,1,1,1,-1,1,-1,1,-1,1,1,-1,-1,-1,1,-1,1,1,-1,-1,-1,1,-1,1,1,1,-1,-1,1,-1,-1,1,-1,-1,-1,1,-1,1,1,1,-1,-1,1,1,-1,1,-1,-1,-1,-1,1,-1,1,-1,-1,-1,1,1,-1,1,-1,-1,-1,-1,1,-1,1,-1,-1,-1,-1,1,-1,-1,1,1,1,-1,1,-1,1,-1,1,1,1,-1,-1,-1,1,-1,-1,1,1,-1,1,1,-1,1,1,1,-1,1,1,-1,1,-1,1,-1,-1,1,-1,-1,1,1,-1,-1,1,-1,-1,1,1,1,-1,1,-1,-1,1,1,-1,-1,1,-1,-1,-1,1,1,-1,1,1,-1,-1,1,-1,-1,1,-1,1,-1,1,1,-1,-1,1,-1,-1,-1,-1,-1,1,1,1,-1,-1,1,-1,-1,1,-1,-1,1,-1,-1,1,1,-1,-1,1,-1,-1,1,1,-1,1,-1,1,-1,-1,1,1,-1,-1,-1,-1,-1,1,-1,-1,1,-1,-1,-1,1,1,-1,-1,-1,-1,-1,1,-1,-1,-1,-1,-1,-1,1,1,-1,-1,-1,-1,1,1,1,-1,-1,-1,-1,-1,1,1,1,-1,-1,-1,-1,1,1,-1,-1,-1,-1,1,1,1,1,1,-1,1,1,1,1,1,1,-1,-1,1,1,1,1,1,-1,1,1,1,1,-1,1,-1,-1,1,-1,1,-1,1,-1,-1,1,-1,1,-1,1,-1,-1,1,-1,1,-1,1,-1,-1,1,-1,1,1,1,-1,-1,1,-1,1,1,1,-1,-1,1,1,-1,1,1,-1,-1,1,-1,1,-1,1,-1,-1,-1,-1,-1,1,1,-1,-1,1,-1,-1,1,1,-1,-1,-1,-1,-1,-1,1,-1,-1,-1,-1,1,1,-1,-1,1,-1,-1,1,-1,1,-1,-1,-1,-1,-1,1,1,1,-1,-1,-1,1,1,1,-1,-1,-1,1,-1,-1,1,-1,1,-1,-1,1,1,1,-1,-1,-1,-1,1,-1,1,1,-1,1,-1,-1,1,1,-1,-1,-1,-1,-1,-1,1,1,-1,-1,1,-1,1,1,-1,-1,-1,1,-1,1,1,-1,-1,1,-1,-1,1,1,1,-1,1,-1,1,1,1,-1,-1,1,-1,-1,1,-1,1,-1,1,-1,-1,1,1,-1,1,1,-1,-1,1,1,-1,1,1,-1,-1,1,1,-1,1,1,-1,-1,1,1,1,1,-1,1,-1,-1,1,1,1,1,-1,-1,1,-1,1,1,1,1,-1,-1,1,-1,1,1,1,-1,1,1,1,1,-1,1,-1,1,1,1,1,1,1,1,-1,1,1,1,1,-1,1,-1,1,1,1,1,1,-1,1,1,1,1,-1,1,1,-1,1,1,-1,1,1,-1,-1,1,1,1,1,-1,1,-1,1,1,1,-1,-1,1,-1,1,1,1,-1,1,-1,-1,-1,1,1,-1,-1,1,-1,-1,1,1,-1,-1,1,-1,-1,-1,1,1,-1,1,-1,-1,1,1,-1,-1,-1,1,-1,-1,1,-1,1,1,-1,1,1,-1,-1,1,-1,-1,-1,1,1,-1,1,1,-1,1,1,-1,-1,1,-1,1,-1,-1,-1,-1,1,-1,-1,1,1,-1,1,1,-1,1,1,1,1,-1,1,-1,1,1,1,-1,-1,1,-1,-1,-1,1,-1,-1,1,-1,1,1,1,-1,-1,1,-1,1,1,1,1,-1,1,-1,-1,1,1,-1,-1,-1,1,-1,1,-1,1,-1,1,-1,-1,1,-2668.0,1,2000,445,1500,False
1784,1,1,-1,-1,1,1,-1,-1,1,1,1,-1,1,1,1,1,-1,1,-1,-1,1,-1,1,1,1,-1,1,-1,1,1,1,1,1,-1,-1,-1,1,-1,1,1,-1,-1,-1,1,1,1,1,-1,1,1,1,1,-1,1,-1,-1,1,-1,1,1,1,-1,-1,-1,1,1,1,1,-1,-1,-1,1,1,1,1,-1,-1,-1,1,1,1,-1,-1,-1,1,1,1,1,-1,-1,-1,1,1,1,1,-1,-1,1,1,-1,1,1,-1,-1,1,1,1,1,1,-1,-1,1,1,1,1,1,-1,-1,1,1,1,1,1,1,-1,1,1,1,-1,1,1,-1,1,1,1,1,1,1,-1,-1,1,1,1,1,1,-1,1,1,1,1,1,1,-1,-1,-1,1,1,1,1,-1,1,1,1,1,-1,1,-1,1,-1,1,1,1,-1,-1,1,1,1,1,1,-1,1,-1,-1,1,-1,1,-1,1,1,1,1,1,1,1,1,1,-1,1,-1,1,-1,1,1,-1,1,-1,1,1,-1,1,-1,1,-1,1,-1,1,1,-1,1,-1,1,1,1,1,-1,-1,1,1,-1,-1,1,-1,1,-1,1,1,-1,1,-1,1,-1,1,-1,-1,1,-1,-1,-1,1,1,-1,1,-1,1,1,1,-1,1,1,-1,1,-1,1,-1,1,-1,1,-1,1,1,-1,1,-1,-1,-1,1,1,-1,1,-1,-1,-1,1,1,-1,-1,1,1,-1,-1,1,1,-1,1,1,-1,1,1,1,1,-1,1,-1,1,1,-1,1,-1,1,1,1,1,1,1,1,1,-1,-1,1,-1,-1,-1,1,1,-1,1,1,1,-1,1,1,1,1,1,1,-1,1,-1,1,1,1,-1,-1,1,-1,1,1,1,-1,1,1,-1,-1,1,1,1,-1,1,-1,1,1,1,-1,1,1,-1,1,1,1,-1,1,1,-1,1,1,1,-1,1,1,-1,-1,1,1,-1,1,1,-1,1,-1,1,-1,1,-1,1,-1,1,1,1,1,-1,1,-1,1,1,-1,1,1,1,-1,-1,-1,-1,1,1,1,-1,1,1,-1,1,1,-1,-1,1,1,1,1,1,-1,1,1,1,-1,1,1,1,1,-1,1,1,1,-1,1,-1,1,1,1,1,1,1,-1,-1,-1,1,-1,1,1,1,-1,1,1,1,1,1,1,1,-1,1,-1,-1,1,-1,1,-1,1,1,-1,1,1,1,-1,-1,1,-1,1,1,1,-1,1,1,1,-1,1,1,-1,-1,1,-1,1,1,1,-1,1,1,1,1,1,1,-1,1,-1,-1,1,1,1,-1,1,-1,-1,1,1,-1,-1,1,-1,1,1,1,-1,-1,1,-1,-1,1,1,-1,-1,1,-1,1,1,1,1,-1,1,1,-1,-1,1,1,-1,-1,1,1,-1,1,-1,-1,1,1,-1,1,-1,1,-1,-1,1,-1,1,-1,1,1,-1,1,-1,-1,1,1,1,-1,1,-1,1,-1,-1,1,1,-1,-1,-1,1,-1,1,1,1,1,-1,1,-1,-1,1,1,-1,1,1,-1,-1,-1,1,-1,-1,1,-1,-1,1,1,1,-1,1,-1,-1,1,1,-1,-1,1,-1,1,1,1,-1,-1,1,-1,-1,-1,1,1,-1,1,-1,-1,-1,1,-1,-1,1,-1,1,-1,1,1,-1,-1,1,-1,-1,-1,-1,-1,1,1,1,-1,1,1,-1,-1,1,-1,-1,-1,-1,-1,1,1,-1,-1,-1,-1,-1,1,1,-1,1,1,1,-1,-1,1,1,-1,-1,-1,-1,1,1,-1,-1,1,-1,-1,-1,1,1,-1,-1,-1,-1,-1,1,-1,-1,1,-1,-1,1,1,1,-1,1,-1,-1,-1,1,1,-1,-1,-1,-1,-1,1,1,1,-1,-1,-1,-1,1,1,-1,-1,-1,-1,1,1,1,1,-1,-1,1,1,1,1,1,-1,-1,-1,1,1,1,1,1,-1,1,1,1,1,-1,1,-1,-1,1,-1,1,-1,1,-1,-1,1,-1,1,-1,-1,-1,-1,1,-1,1,-1,1,1,-1,1,-1,1,-1,1,1,-1,1,-1,1,-1,-1,-1,-1,1,1,-1,-1,-1,-1,-1,1,-1,1,-1,-1,-1,-1,-1,-1,-1,1,-1,-1,-1,1,-1,-1,1,-1,-1,-1,-1,-1,-1,1,-1,-1,-1,-1,-1,1,-1,-1,-1,1,-1,-1,1,-1,1,-1,-1,-1,-1,-1,-1,-1,1,-1,-1,-1,1,1,1,-1,-1,-1,1,-1,-1,-1,-1,1,-1,-1,1,-1,1,-1,-1,-1,-1,1,-1,1,1,-1,1,-1,-1,1,1,-1,-1,-1,-1,-1,-1,1,1,-1,-1,1,-1,1,1,-1,-1,-1,1,-1,-1,1,-1,-1,1,-1,-1,1,1,1,-1,1,-1,1,1,1,-1,-1,1,-1,-1,1,1,1,-1,1,-1,-1,1,1,-1,1,1,-1,-1,1,1,-1,1,1,-1,-1,1,1,1,1,1,-1,-1,1,1,1,1,-1,1,-1,-1,1,1,1,1,-1,-1,1,-1,1,1,1,1,-1,-1,1,-1,1,1,1,-1,1,1,1,1,-1,1,-1,1,1,1,1,1,1,1,-1,1,1,1,1,-1,1,-1,1,1,1,1,1,-1,1,1,1,1,-1,1,1,-1,1,1,-1,1,1,-1,-1,1,1,1,1,-1,1,-1,1,1,1,-1,-1,1,-1,1,1,1,-1,1,-1,-1,-1,1,1,-1,-1,1,-1,-1,1,1,-1,-1,1,-1,-1,-1,1,1,-1,1,-1,-1,1,1,-1,-1,-1,1,-1,-1,1,-1,1,1,-1,1,1,-1,-1,1,-1,-1,-1,1,1,-1,1,1,-1,1,1,-1,-1,-1,-1,1,-1,-1,-1,-1,1,-1,-1,1,1,-1,1,1,-1,1,1,1,1,-1,1,-1,1,1,1,1,-1,1,-1,-1,-1,1,1,-1,1,-1,1,1,1,1,-1,1,-1,1,1,-1,-1,-1,1,-1,-1,1,1,-1,-1,-1,1,-1,1,-1,1,-1,1,-1,-1,1,-2668.0,1,2000,445,1500,False
1785,-1,-1,1,1,1,1,-1,1,-1,-1,-1,1,-1,1,-1,-1,1,-1,1,1,-1,1,-1,-1,-1,1,-1,-1,1,-1,-1,-1,1,1,-1,1,1,-1,-1,-1,1,-1,1,-1,-1,-1,-1,1,-1,-1,1,-1,1,-1,1,-1,-1,1,-1,-1,-1,1,1,1,-1,-1,-1,-1,-1,-1,1,-1,-1,-1,-1,-1,-1,1,-1,-1,-1,1,1,-1,-1,-1,-1,-1,-1,1,-1,-1,-1,-1,-1,-1,-1,1,-1,1,-1,-1,-1,-1,1,-1,-1,-1,-1,-1,-1,1,-1,1,-1,-1,-1,-1,1,-1,-1,1,-1,-1,-1,1,-1,-1,1,-1,-1,-1,-1,-1,-1,1,-1,-1,-1,-1,-1,-1,1,-1,-1,-1,1,-1,-1,-1,-1,-1,-1,-1,1,-1,1,1,-1,-1,-1,-1,-1,-1,-1,-1,1,-1,1,-1,-1,-1,-1,-1,-1,-1,-1,1,-1,-1,-1,1,1,-1,-1,-1,-1,-1,-1,-1,-1,1,-1,-1,1,-1,1,-1,1,-1,-1,1,-1,1,-1,1,-1,-1,-1,-1,1,-1,1,-1,1,1,-1,1,-1,1,-1,-1,-1,-1,1,1,-1,1,-1,-1,1,1,-1,-1,1,-1,-1,-1,1,-1,-1,1,-1,1,-1,1,1,-1,1,-1,1,-1,1,-1,1,1,-1,1,-1,1,-1,-1,-1,1,-1,-1,1,1,1,1,1,-1,-1,1,1,1,1,1,-1,-1,1,1,1,1,1,-1,-1,1,1,1,1,1,1,-1,1,-1,1,1,-1,1,-1,1,1,1,1,1,1,-1,1,1,1,-1,1,1,-1,-1,1,1,1,1,1,-1,1,-1,1,1,1,1,-1,1,1,1,1,1,-1,1,1,1,1,1,1,-1,-1,1,1,1,1,-1,-1,1,1,1,-1,1,1,1,-1,1,1,1,1,1,-1,1,1,-1,1,1,1,-1,1,1,1,1,1,1,-1,1,1,1,-1,1,1,-1,1,1,1,-1,-1,1,-1,1,1,1,-1,1,1,1,-1,1,1,1,-1,1,-1,1,1,1,-1,-1,-1,-1,1,1,1,-1,1,1,-1,1,1,-1,-1,1,1,1,1,1,-1,-1,1,1,-1,1,1,1,-1,-1,1,1,1,-1,1,-1,1,1,1,1,1,1,-1,-1,-1,1,-1,-1,1,1,-1,1,1,1,1,1,1,1,-1,1,-1,-1,1,-1,1,-1,1,1,1,1,1,1,-1,-1,1,-1,1,1,1,-1,1,1,1,-1,1,1,-1,-1,1,-1,1,1,1,-1,1,1,1,1,1,1,-1,1,-1,1,1,1,-1,-1,1,-1,1,1,1,-1,-1,1,-1,1,1,1,-1,-1,1,1,-1,1,1,-1,-1,1,-1,1,1,1,1,-1,1,1,-1,1,1,1,-1,-1,-1,1,1,1,-1,-1,1,-1,-1,1,-1,1,-1,-1,1,-1,1,-1,1,-1,-1,1,-1,-1,1,1,1,-1,1,-1,1,-1,1,-1,1,-1,1,1,-1,1,-1,-1,1,-1,1,-1,1,-1,1,1,1,-1,-1,-1,1,-1,1,1,1,-1,-1,-1,1,1,-1,1,-1,-1,-1,1,1,1,1,-1,-1,-1,1,1,1,1,-1,-1,-1,-1,1,-1,1,-1,1,-1,-1,1,1,1,-1,-1,1,-1,1,-1,1,1,-1,-1,-1,-1,1,1,1,-1,1,-1,-1,1,1,1,-1,-1,-1,1,1,1,-1,-1,-1,-1,1,1,1,-1,1,-1,1,-1,-1,1,1,-1,-1,-1,-1,1,1,-1,1,-1,-1,1,1,1,1,-1,1,-1,-1,1,1,1,-1,1,-1,-1,1,1,1,-1,1,-1,-1,1,-1,1,-1,1,-1,-1,1,1,1,1,-1,1,-1,1,1,1,-1,-1,-1,-1,1,1,-1,1,-1,1,-1,1,-1,-1,1,-1,1,-1,1,1,-1,-1,1,-1,1,1,-1,1,-1,1,-1,1,1,1,-1,-1,1,-1,1,1,-1,1,-1,1,-1,-1,1,1,1,-1,1,-1,1,1,-1,1,-1,1,-1,1,1,1,-1,-1,-1,-1,-1,1,-1,1,-1,1,-1,-1,1,1,-1,-1,1,-1,-1,1,1,-1,-1,-1,1,-1,1,1,-1,1,-1,1,-1,1,1,1,-1,1,1,-1,1,1,-1,-1,1,-1,-1,1,1,-1,-1,1,-1,1,1,1,-1,-1,-1,-1,-1,1,1,-1,-1,1,1,1,1,1,1,1,-1,-1,-1,1,-1,1,-1,1,1,1,1,1,1,-1,1,-1,1,1,1,1,-1,-1,1,1,1,1,1,1,-1,-1,1,-1,1,1,-1,-1,1,1,1,1,1,-1,-1,1,1,1,1,-1,1,-1,1,1,-1,1,-1,-1,1,1,1,1,1,1,-1,-1,1,1,1,1,-1,1,-1,1,1,1,1,-1,-1,-1,1,1,1,1,1,1,-1,1,1,1,1,1,-1,-1,1,1,-1,1,1,-1,-1,-1,1,-1,1,-1,-1,-1,1,-1,-1,1,1,-1,-1,-1,1,-1,1,1,-1,-1,1,1,-1,1,1,-1,1,1,1,-1,1,1,-1,1,-1,1,1,1,1,-1,1,-1,1,1,1,1,1,-1,1,1,1,1,1,1,1,-1,1,1,-1,1,1,-1,-1,1,-1,1,-1,1,1,-1,1,-1,1,1,-1,1,-1,1,-1,1,1,1,-1,-1,-1,1,1,-1,1,1,-1,-1,-1,1,-1,1,1,-1,-1,-1,1,1,1,-1,-1,-1,1,1,1,1,-1,1,-1,1,1,1,1,1,-1,1,1,1,1,1,-1,-1,-1,-1,1,1,1,1,-1,1,1,-1,1,1,-1,1,-1,-1,1,1,1,-1,-1,1,1,-1,1,1,-1,1,1,1,1,1,1,-1,1,1,1,1,1,1,-1,-1,1,1,1,1,1,-1,1,1,1,1,1,1,-1,1,1,1,-1,1,1,-1,-1,1,1,-1,1,1,1,-1,1,1,-1,1,1,-1,-1,1,-2668.0,1,2000,445,500,True
1786,1,1,-1,-1,1,-1,1,-1,1,1,1,-1,1,1,1,1,-1,1,-1,-1,1,-1,1,1,1,-1,1,-1,1,1,1,1,-1,-1,-1,-1,1,1,1,1,-1,-1,-1,1,1,1,1,-1,1,1,1,1,-1,1,-1,-1,1,-1,1,1,1,-1,-1,-1,1,1,1,1,-1,-1,-1,1,1,1,1,-1,-1,-1,1,1,1,-1,-1,-1,1,1,1,1,-1,-1,-1,1,1,1,1,-1,-1,1,1,-1,1,1,-1,-1,1,1,1,1,1,-1,-1,1,1,-1,1,1,-1,-1,1,1,1,1,1,1,-1,1,1,1,-1,1,1,-1,1,1,1,1,1,1,-1,-1,1,1,1,1,1,-1,1,1,1,1,1,1,-1,-1,-1,1,1,1,1,-1,1,1,1,1,-1,1,-1,1,-1,1,1,1,-1,-1,1,1,1,1,1,-1,1,-1,-1,1,-1,1,-1,1,1,1,1,1,1,1,1,1,-1,1,-1,1,-1,1,1,-1,1,-1,1,1,-1,1,-1,1,-1,1,-1,1,1,-1,1,-1,1,1,1,1,-1,-1,1,1,-1,-1,1,-1,1,-1,-1,1,-1,1,-1,1,-1,1,-1,1,1,-1,-1,-1,1,1,-1,1,-1,1,1,1,-1,1,1,-1,1,-1,1,-1,1,-1,1,-1,1,1,-1,1,-1,-1,-1,1,1,-1,1,-1,-1,-1,1,1,-1,-1,1,1,-1,-1,1,1,-1,1,1,-1,1,1,1,1,-1,1,-1,1,1,-1,1,-1,1,1,1,1,1,1,1,1,-1,-1,1,-1,-1,-1,1,1,-1,1,1,1,-1,1,-1,1,1,1,1,1,1,-1,1,1,1,-1,1,1,-1,1,1,1,-1,1,1,-1,-1,1,1,1,-1,1,-1,1,1,1,-1,1,1,-1,1,1,1,-1,1,-1,-1,1,1,1,-1,1,-1,-1,-1,1,1,1,1,-1,-1,1,-1,1,-1,1,1,-1,-1,1,1,1,-1,1,-1,-1,1,1,-1,1,-1,-1,-1,-1,-1,-1,1,1,-1,-1,1,1,-1,1,-1,1,-1,1,1,-1,1,1,-1,1,1,1,1,1,-1,-1,-1,-1,1,-1,-1,1,-1,-1,1,-1,-1,1,-1,-1,1,-1,-1,1,-1,1,-1,-1,1,-1,-1,1,-1,-1,1,1,-1,1,-1,1,-1,-1,1,-1,-1,-1,-1,-1,-1,1,-1,-1,1,1,-1,-1,1,-1,1,-1,-1,1,-1,1,-1,-1,1,1,-1,-1,1,-1,-1,-1,-1,-1,1,1,-1,-1,1,1,-1,1,-1,1,-1,1,1,-1,1,-1,-1,-1,-1,-1,-1,1,-1,1,-1,1,1,-1,1,-1,-1,1,-1,-1,1,-1,1,-1,1,-1,1,-1,1,1,-1,-1,-1,1,-1,1,-1,-1,1,-1,1,1,1,1,-1,-1,-1,1,-1,1,1,-1,-1,1,1,1,-1,1,1,-1,1,1,1,1,1,-1,1,-1,-1,-1,1,-1,-1,1,1,1,-1,1,-1,1,-1,-1,-1,1,1,-1,1,1,-1,-1,-1,1,-1,1,1,-1,1,-1,1,-1,-1,-1,-1,-1,-1,1,-1,-1,-1,-1,-1,-1,1,-1,1,1,1,1,-1,1,-1,1,1,-1,-1,-1,1,-1,-1,1,-1,1,-1,-1,1,1,1,1,-1,-1,1,1,1,1,-1,1,-1,-1,1,1,1,-1,-1,-1,1,1,1,1,-1,1,-1,1,-1,1,-1,1,1,-1,-1,1,1,1,-1,-1,-1,1,1,1,1,1,-1,-1,-1,1,1,1,1,-1,-1,-1,1,-1,1,-1,-1,-1,1,1,1,1,1,-1,-1,-1,1,1,1,1,-1,-1,-1,1,1,-1,1,-1,-1,-1,1,1,1,1,-1,-1,1,-1,1,1,-1,-1,1,1,-1,1,1,-1,-1,-1,1,1,1,1,1,-1,1,1,1,1,1,-1,-1,-1,1,-1,1,-1,-1,-1,-1,1,-1,1,1,1,-1,-1,1,-1,1,1,-1,-1,-1,1,-1,1,1,-1,-1,-1,1,-1,1,1,-1,-1,-1,1,1,-1,-1,-1,-1,-1,1,-1,1,-1,-1,-1,-1,-1,-1,-1,1,-1,-1,-1,1,-1,-1,1,-1,-1,-1,-1,-1,1,1,-1,-1,-1,-1,-1,1,-1,-1,-1,1,-1,-1,1,-1,1,-1,-1,-1,-1,-1,-1,-1,1,-1,-1,-1,1,1,1,-1,-1,1,1,-1,-1,-1,-1,1,-1,-1,1,1,1,-1,-1,-1,-1,1,-1,1,1,-1,1,-1,-1,1,1,-1,-1,-1,-1,-1,-1,1,1,-1,-1,1,-1,1,1,-1,-1,-1,1,-1,1,1,-1,-1,1,-1,-1,1,1,1,-1,1,-1,1,1,1,-1,-1,1,-1,-1,1,1,1,-1,1,-1,-1,1,1,-1,1,1,-1,-1,1,1,-1,1,1,-1,-1,1,1,-1,1,1,-1,-1,1,1,1,1,1,1,-1,1,1,1,1,1,-1,-1,1,-1,1,1,1,1,-1,-1,1,-1,1,1,1,-1,1,1,1,1,-1,1,-1,1,1,1,1,1,1,1,-1,1,1,1,1,-1,1,-1,1,1,1,1,1,1,1,1,1,1,-1,1,-1,1,1,1,-1,1,1,1,1,1,1,1,1,-1,1,1,1,1,1,-1,-1,1,-1,1,1,1,-1,1,-1,1,1,1,1,-1,-1,1,1,-1,1,1,1,-1,1,1,-1,1,1,1,1,-1,-1,1,1,1,-1,-1,-1,-1,1,-1,1,-1,1,1,1,1,1,-1,-1,1,1,1,1,1,1,-1,1,-1,1,1,1,-1,-1,-1,-1,-1,-1,-1,-1,-1,1,-1,1,1,1,-1,1,1,-1,-1,1,1,1,-1,1,-1,1,1,1,1,-1,1,-1,1,1,1,1,-1,1,-1,1,1,1,1,-1,1,-1,1,-1,-1,-1,-1,1,-1,-1,1,1,-1,-1,-1,-1,1,1,-1,1,-1,1,-1,-1,1,-2668.0,1,2000,445,1500,False
1787,1,1,-1,-1,1,1,-1,-1,1,1,1,-1,-1,1,1,1,-1,1,-1,-1,-1,-1,1,1,1,-1,-1,-1,1,1,1,1,-1,-1,-1,-1,1,1,1,1,-1,-1,-1,1,1,1,1,-1,1,1,1,1,-1,1,-1,-1,1,-1,1,1,1,-1,-1,-1,1,1,1,1,-1,-1,-1,1,1,1,1,-1,-1,-1,1,1,1,-1,-1,-1,1,1,1,1,-1,-1,-1,1,1,1,1,-1,-1,1,1,-1,1,1,-1,-1,1,1,1,1,1,-1,-1,-1,1,1,1,1,-1,-1,1,1,1,1,1,1,-1,-1,1,1,-1,1,1,-1,1,1,1,1,1,1,-1,1,1,1,-1,1,1,-1,1,1,1,1,1,1,-1,-1,-1,1,-1,1,1,-1,1,1,1,1,-1,1,-1,1,-1,1,1,1,-1,-1,1,1,1,-1,1,-1,1,-1,-1,1,1,1,-1,1,1,1,1,-1,1,1,1,1,-1,1,-1,1,-1,1,1,-1,1,-1,1,1,-1,1,-1,1,-1,1,-1,1,1,-1,-1,-1,1,1,1,1,-1,-1,1,1,-1,-1,1,-1,1,1,-1,1,-1,1,-1,1,-1,1,-1,1,1,-1,1,1,1,1,-1,1,-1,1,1,1,-1,1,1,-1,1,-1,1,-1,1,-1,1,-1,1,1,-1,1,-1,-1,-1,1,1,-1,1,-1,-1,-1,-1,1,-1,-1,1,1,-1,-1,1,1,-1,1,1,-1,1,1,1,1,-1,1,-1,1,1,-1,1,-1,1,1,-1,1,1,1,1,1,-1,-1,1,-1,-1,-1,1,1,-1,1,1,1,-1,1,-1,-1,1,1,1,1,1,-1,1,1,1,-1,1,1,-1,1,1,1,-1,1,1,-1,1,-1,1,1,-1,1,-1,1,1,1,-1,1,1,-1,1,1,1,-1,1,-1,-1,1,1,1,-1,1,-1,-1,1,1,1,-1,1,-1,-1,-1,-1,1,-1,1,1,-1,1,1,1,1,-1,1,-1,-1,-1,1,-1,1,-1,-1,1,-1,-1,-1,1,-1,-1,1,-1,1,-1,1,-1,1,-1,1,1,1,1,-1,1,-1,1,1,-1,1,-1,-1,-1,-1,1,1,1,1,-1,-1,1,1,1,1,-1,-1,1,-1,-1,1,-1,1,-1,1,-1,1,1,1,-1,-1,1,1,-1,1,-1,1,-1,-1,1,-1,1,1,-1,-1,-1,1,-1,-1,1,1,-1,-1,1,-1,1,1,-1,1,-1,1,-1,-1,1,1,-1,1,1,-1,1,1,-1,-1,1,1,-1,1,-1,1,-1,1,-1,1,1,-1,1,-1,1,-1,-1,1,-1,-1,-1,1,-1,-1,1,-1,1,-1,1,-1,-1,1,-1,-1,1,-1,1,-1,1,1,1,-1,1,1,-1,1,-1,1,-1,1,-1,-1,1,-1,1,1,-1,1,-1,-1,1,1,-1,-1,1,-1,1,1,1,1,1,1,1,-1,1,1,1,-1,-1,1,1,-1,-1,-1,1,-1,1,1,-1,1,-1,1,-1,1,-1,-1,-1,1,1,-1,1,1,-1,-1,-1,1,-1,1,1,-1,1,-1,1,-1,-1,-1,-1,-1,-1,1,-1,-1,-1,-1,-1,-1,1,-1,1,1,1,1,-1,1,-1,1,1,-1,-1,-1,1,-1,-1,1,-1,1,-1,-1,1,1,1,1,-1,-1,1,1,1,1,-1,1,-1,-1,1,1,1,-1,-1,-1,-1,1,1,1,-1,-1,-1,1,-1,1,-1,1,-1,-1,-1,1,1,1,-1,-1,-1,1,1,1,1,1,-1,-1,-1,1,1,1,1,-1,-1,-1,1,-1,1,-1,-1,-1,-1,1,1,1,1,-1,1,-1,1,-1,1,1,-1,-1,-1,1,1,-1,1,-1,-1,-1,1,1,1,1,-1,-1,1,-1,1,-1,1,-1,1,1,-1,1,1,-1,-1,-1,1,1,-1,1,1,-1,1,1,1,-1,1,1,-1,-1,1,-1,1,-1,1,-1,1,-1,1,-1,1,-1,-1,-1,-1,1,-1,1,-1,-1,-1,1,1,-1,-1,1,-1,1,-1,-1,-1,-1,-1,-1,-1,1,1,1,-1,-1,-1,-1,1,-1,1,-1,-1,-1,-1,-1,-1,-1,1,-1,-1,-1,1,-1,-1,1,-1,-1,-1,-1,-1,1,1,-1,-1,-1,-1,-1,1,-1,-1,-1,1,-1,-1,1,-1,1,-1,-1,-1,-1,-1,-1,-1,1,-1,-1,-1,1,1,1,-1,-1,1,-1,1,-1,-1,-1,1,-1,-1,1,-1,1,-1,-1,-1,-1,1,-1,1,1,-1,1,-1,-1,1,1,-1,-1,-1,-1,-1,-1,1,1,-1,-1,1,-1,1,1,-1,-1,-1,1,-1,-1,1,-1,-1,1,-1,-1,1,1,1,-1,1,-1,1,1,1,-1,-1,1,-1,-1,1,1,1,-1,1,-1,-1,1,1,-1,1,1,-1,-1,1,1,-1,1,1,-1,-1,1,1,-1,1,1,-1,-1,1,1,1,1,1,1,-1,-1,1,1,-1,1,-1,-1,1,-1,1,1,1,1,-1,-1,1,-1,1,1,1,-1,1,-1,1,1,-1,1,-1,1,1,1,1,1,1,1,-1,-1,1,1,1,-1,1,-1,1,1,1,1,1,-1,1,-1,1,1,-1,1,1,-1,1,1,-1,1,1,-1,-1,1,1,1,1,-1,1,-1,-1,1,1,-1,-1,1,-1,1,1,1,-1,1,-1,-1,-1,1,1,-1,-1,1,-1,-1,1,1,1,-1,1,-1,-1,1,1,1,-1,1,-1,-1,1,1,-1,-1,-1,1,-1,1,1,-1,1,1,-1,1,1,-1,-1,1,1,-1,-1,1,1,-1,1,1,-1,1,1,-1,-1,-1,-1,1,-1,-1,-1,-1,1,-1,-1,1,1,-1,1,1,-1,1,1,1,1,-1,1,-1,1,1,1,-1,-1,1,-1,-1,1,1,-1,-1,1,-1,1,1,1,-1,-1,1,-1,1,1,1,1,-1,1,-1,-1,1,1,-1,-1,-1,1,-1,1,-1,1,-1,1,-1,-1,1,-2668.0,1,2000,445,0,False
1788,1,1,-1,-1,1,1,-1,-1,1,1,1,-1,-1,1,1,1,-1,1,-1,-1,1,-1,1,1,1,-1,-1,-1,1,1,1,1,-1,-1,-1,-1,1,-1,1,1,-1,-1,-1,1,1,1,1,-1,1,1,1,1,-1,1,-1,-1,1,-1,1,1,1,-1,-1,-1,1,1,1,1,-1,-1,-1,1,1,1,1,-1,-1,-1,1,1,1,-1,-1,-1,1,1,1,1,-1,-1,-1,1,1,1,1,-1,-1,1,1,-1,1,1,-1,-1,1,1,1,1,1,-1,-1,1,1,1,1,1,-1,-1,1,1,1,1,1,1,-1,-1,1,1,-1,1,1,-1,1,1,1,1,1,1,-1,-1,1,1,1,1,1,-1,1,1,1,1,1,1,-1,-1,-1,1,1,1,1,-1,1,1,1,1,-1,1,-1,1,-1,1,1,1,-1,-1,1,1,1,1,1,-1,1,-1,-1,1,-1,1,-1,1,1,1,1,1,1,1,1,1,-1,1,-1,1,-1,1,1,-1,1,-1,1,1,-1,1,-1,1,-1,1,-1,1,1,-1,1,-1,1,1,1,1,-1,-1,1,1,-1,-1,1,-1,1,-1,-1,1,-1,1,-1,1,-1,1,-1,1,1,-1,-1,-1,1,1,-1,1,-1,1,1,1,-1,1,1,-1,1,-1,1,-1,1,-1,1,-1,1,1,-1,1,-1,-1,-1,1,1,-1,1,-1,-1,-1,1,1,-1,-1,1,1,-1,-1,1,1,-1,1,1,-1,1,1,1,1,-1,1,-1,1,1,-1,1,-1,1,1,-1,1,1,1,1,1,-1,-1,1,-1,-1,1,1,1,-1,1,1,1,-1,1,-1,-1,1,1,1,1,1,-1,1,1,1,-1,1,1,-1,1,1,1,-1,1,1,-1,-1,1,1,1,-1,1,-1,1,1,1,-1,1,1,-1,1,1,1,-1,1,-1,-1,1,1,1,-1,1,-1,-1,-1,1,1,-1,1,-1,-1,1,-1,1,-1,1,1,-1,-1,1,1,1,-1,1,-1,-1,1,1,-1,1,-1,-1,-1,-1,-1,-1,1,1,-1,-1,1,1,-1,1,-1,1,-1,1,1,1,1,-1,-1,1,1,1,-1,1,-1,-1,-1,-1,1,1,1,1,-1,-1,1,1,1,1,-1,-1,-1,-1,-1,1,-1,1,-1,1,-1,1,1,1,-1,-1,1,1,-1,1,-1,1,-1,-1,1,-1,1,1,-1,-1,-1,1,-1,-1,1,1,-1,-1,1,-1,1,1,-1,1,-1,1,-1,-1,1,1,-1,1,1,-1,1,1,-1,-1,1,1,-1,1,-1,1,-1,1,-1,-1,1,-1,1,-1,1,-1,-1,1,-1,-1,-1,1,-1,-1,1,-1,1,-1,1,-1,-1,1,-1,-1,1,-1,1,-1,1,1,1,-1,1,1,-1,-1,1,1,-1,1,-1,-1,1,1,1,1,1,1,-1,-1,1,1,-1,1,1,1,-1,1,1,1,1,1,1,-1,1,1,1,-1,1,1,1,-1,-1,-1,1,-1,1,1,1,1,-1,1,-1,1,-1,-1,-1,1,1,-1,1,1,-1,-1,-1,1,-1,1,1,-1,1,-1,1,-1,-1,-1,-1,-1,-1,1,-1,-1,-1,-1,-1,-1,1,-1,1,1,1,1,-1,1,-1,1,1,-1,-1,-1,1,-1,-1,1,-1,1,-1,-1,1,1,1,1,-1,-1,1,1,1,1,-1,1,-1,-1,1,1,1,-1,-1,-1,1,1,1,1,-1,-1,-1,1,-1,1,-1,1,-1,-1,-1,1,1,1,-1,-1,-1,1,1,1,1,1,-1,-1,-1,1,1,1,1,-1,-1,-1,1,-1,1,-1,-1,-1,1,1,1,1,1,-1,-1,-1,1,1,1,1,-1,-1,-1,1,1,-1,1,-1,-1,-1,1,1,1,1,-1,-1,1,1,1,1,-1,-1,1,1,-1,1,1,-1,-1,-1,1,1,1,1,1,-1,1,1,1,1,1,1,-1,-1,1,-1,1,-1,-1,-1,-1,1,-1,1,1,-1,-1,-1,1,-1,1,1,-1,1,-1,1,1,1,-1,1,1,-1,1,-1,1,-1,-1,-1,-1,1,1,-1,-1,-1,-1,-1,1,-1,1,-1,-1,-1,-1,-1,-1,-1,1,-1,-1,-1,1,-1,-1,1,-1,-1,-1,-1,-1,-1,1,-1,-1,-1,-1,-1,1,-1,-1,-1,1,-1,-1,1,-1,1,-1,-1,-1,-1,-1,-1,-1,1,-1,-1,-1,1,1,-1,-1,-1,1,-1,-1,-1,-1,-1,1,-1,-1,1,-1,1,-1,-1,-1,-1,1,-1,1,1,-1,1,-1,-1,1,1,-1,-1,-1,-1,-1,-1,1,1,-1,-1,1,-1,1,1,-1,-1,-1,1,-1,1,1,-1,-1,1,-1,-1,1,1,1,-1,1,-1,1,1,1,-1,-1,1,-1,-1,1,1,1,-1,1,-1,-1,1,1,-1,1,1,-1,-1,1,1,-1,1,1,-1,-1,1,1,-1,1,1,-1,-1,1,1,1,1,1,1,-1,-1,1,1,-1,1,-1,-1,1,-1,1,1,1,1,-1,-1,1,-1,1,1,1,-1,1,1,1,1,-1,1,-1,1,1,1,1,1,1,1,-1,1,1,1,1,-1,1,-1,1,1,1,1,1,-1,1,1,1,1,-1,1,1,-1,1,1,-1,1,1,-1,-1,1,1,1,1,-1,1,-1,1,1,1,-1,-1,1,-1,1,1,1,-1,1,-1,-1,-1,1,1,-1,-1,1,-1,-1,1,1,-1,-1,1,-1,-1,1,1,1,-1,1,-1,-1,1,1,-1,-1,-1,1,-1,1,1,-1,1,1,-1,1,1,-1,-1,1,-1,-1,-1,1,1,-1,1,1,-1,1,1,-1,-1,-1,-1,1,-1,-1,-1,-1,-1,-1,-1,1,1,-1,1,1,-1,1,1,1,1,-1,1,-1,1,1,1,1,-1,1,-1,-1,-1,1,1,-1,1,-1,1,1,1,1,-1,1,-1,1,1,-1,-1,-1,1,-1,-1,1,1,-1,-1,-1,1,-1,1,-1,1,-1,1,-1,-1,1,-2668.0,1,2000,445,1500,False
1789,1,1,-1,-1,1,1,-1,-1,1,1,1,-1,1,1,1,1,-1,1,-1,-1,-1,-1,1,1,1,-1,-1,-1,1,1,1,1,1,-1,-1,-1,1,-1,1,1,-1,-1,-1,1,1,1,1,-1,1,1,1,1,-1,1,-1,-1,1,-1,1,1,1,-1,-1,-1,1,1,1,1,-1,-1,-1,1,1,1,1,-1,-1,-1,1,1,1,-1,-1,-1,1,1,1,1,-1,-1,-1,1,1,1,1,-1,-1,1,1,-1,1,1,-1,-1,1,1,1,1,1,-1,-1,1,1,1,1,1,-1,-1,1,1,1,1,1,1,-1,-1,1,1,-1,1,1,-1,1,1,1,1,1,1,-1,-1,1,1,1,1,1,-1,1,1,1,1,1,1,-1,-1,-1,1,1,1,1,-1,1,1,1,1,-1,1,-1,1,-1,1,1,1,-1,-1,1,1,1,1,1,-1,1,-1,-1,1,1,1,-1,1,1,1,1,-1,1,1,1,1,-1,1,-1,1,-1,1,1,-1,1,-1,1,1,-1,1,-1,1,-1,1,-1,1,1,-1,1,-1,1,1,1,1,-1,-1,1,1,-1,-1,1,-1,1,-1,1,1,-1,1,-1,1,-1,1,-1,-1,1,-1,-1,-1,1,1,-1,1,-1,1,1,1,-1,1,1,-1,-1,-1,1,-1,1,-1,1,-1,1,1,-1,1,-1,-1,-1,1,1,-1,1,-1,-1,-1,1,1,-1,-1,1,1,-1,-1,1,1,-1,1,1,-1,1,1,1,1,-1,1,-1,1,1,-1,1,-1,1,-1,1,1,1,1,1,1,-1,-1,1,-1,-1,1,1,1,-1,1,1,1,-1,1,1,1,1,1,1,-1,1,-1,1,1,1,-1,-1,1,-1,1,1,1,-1,1,1,-1,-1,1,1,1,-1,1,-1,1,1,1,-1,1,1,-1,1,1,1,-1,1,1,-1,1,1,1,-1,1,1,-1,-1,1,1,-1,1,1,-1,1,-1,1,-1,1,1,1,-1,1,1,1,1,1,1,-1,1,1,-1,1,1,1,-1,-1,-1,-1,1,1,1,-1,1,1,-1,1,1,-1,-1,1,1,1,1,1,-1,1,1,1,-1,1,1,1,1,-1,1,1,1,-1,1,-1,1,1,1,1,1,1,-1,-1,-1,1,-1,-1,1,1,-1,1,1,1,1,1,1,1,-1,1,-1,-1,1,-1,1,-1,1,1,1,1,1,1,-1,-1,1,-1,1,1,1,-1,1,1,1,-1,1,1,-1,-1,1,-1,1,1,1,-1,1,1,1,1,1,1,-1,1,-1,1,1,1,1,-1,1,-1,-1,1,1,-1,-1,1,-1,1,1,1,-1,-1,1,-1,-1,1,1,-1,-1,1,-1,1,1,1,1,-1,1,1,-1,-1,1,1,-1,-1,-1,1,-1,1,-1,-1,1,-1,-1,1,-1,1,-1,-1,1,-1,1,-1,1,-1,-1,1,-1,-1,1,1,1,-1,1,-1,1,-1,-1,-1,1,-1,-1,-1,1,-1,-1,-1,1,1,-1,1,-1,1,1,1,-1,1,1,-1,-1,-1,1,-1,-1,1,-1,-1,1,1,1,-1,1,-1,-1,1,1,-1,-1,1,-1,-1,1,1,-1,-1,1,-1,-1,-1,1,1,-1,1,1,-1,-1,1,-1,-1,1,-1,1,-1,1,1,-1,-1,1,-1,-1,-1,-1,-1,1,1,1,-1,1,1,-1,-1,1,-1,1,-1,-1,-1,1,1,-1,-1,-1,-1,-1,1,1,-1,1,1,-1,-1,-1,1,1,-1,-1,-1,-1,1,1,-1,-1,1,-1,-1,-1,1,1,-1,-1,-1,-1,-1,1,-1,-1,1,-1,-1,1,1,1,-1,1,-1,-1,-1,1,1,-1,-1,-1,-1,-1,1,1,1,-1,-1,-1,-1,1,1,-1,-1,-1,-1,1,1,1,1,-1,-1,1,1,1,1,1,-1,-1,-1,1,1,1,1,1,-1,1,1,1,1,-1,1,-1,-1,1,-1,1,-1,1,-1,-1,1,-1,1,-1,-1,-1,-1,1,-1,1,-1,1,1,-1,1,-1,1,-1,1,1,1,-1,-1,1,-1,-1,-1,-1,1,1,-1,-1,-1,-1,-1,1,-1,1,-1,-1,-1,-1,1,-1,-1,1,-1,-1,-1,1,-1,-1,1,-1,-1,-1,-1,-1,1,1,-1,-1,-1,-1,-1,1,-1,-1,-1,1,-1,-1,1,-1,1,-1,-1,-1,-1,-1,-1,-1,1,-1,-1,-1,1,1,-1,-1,-1,-1,1,-1,-1,-1,-1,1,-1,-1,1,-1,1,-1,-1,-1,-1,1,-1,1,1,-1,1,-1,-1,1,1,-1,-1,-1,-1,-1,-1,1,1,-1,-1,1,-1,1,1,-1,-1,-1,1,-1,1,1,-1,-1,1,-1,-1,1,1,1,-1,1,-1,1,1,1,-1,-1,1,-1,-1,1,1,1,-1,1,-1,-1,1,1,-1,1,1,-1,-1,1,1,-1,1,1,-1,-1,1,1,1,1,1,-1,-1,1,1,1,1,-1,1,-1,-1,1,1,-1,1,-1,-1,1,-1,1,1,1,1,-1,-1,1,-1,1,1,1,-1,1,1,1,1,-1,1,-1,1,1,1,1,1,1,1,-1,1,1,1,1,-1,1,-1,1,1,1,1,1,-1,1,1,1,1,-1,1,1,-1,1,1,-1,1,1,-1,-1,1,1,1,1,-1,1,-1,1,1,1,-1,-1,1,-1,1,1,1,-1,1,-1,-1,-1,1,1,-1,-1,1,-1,-1,1,1,1,-1,1,-1,-1,1,1,1,-1,1,-1,-1,1,1,-1,-1,-1,1,-1,1,1,-1,1,1,-1,1,1,-1,-1,1,-1,-1,-1,1,1,-1,1,1,-1,1,1,-1,-1,-1,-1,1,-1,-1,-1,-1,1,-1,-1,1,1,-1,1,1,-1,1,1,1,1,-1,1,-1,1,1,1,1,-1,1,-1,-1,1,1,1,-1,1,-1,1,1,1,1,-1,1,-1,1,1,1,-1,-1,1,-1,-1,1,1,-1,-1,-1,1,-1,1,1,1,-1,1,-1,-1,1,-2668.0,1,2000,445,1000,False
1790,1,1,-1,-1,1,-1,-1,-1,1,1,1,-1,1,1,1,1,-1,1,-1,-1,-1,-1,1,1,1,-1,-1,-1,1,1,1,1,-1,-1,-1,-1,1,1,1,1,-1,-1,-1,1,1,1,1,-1,1,1,1,1,-1,1,-1,-1,1,-1,1,1,1,-1,-1,-1,1,1,1,1,-1,-1,-1,1,1,1,1,-1,-1,-1,1,1,1,-1,-1,-1,1,1,1,1,-1,-1,-1,1,1,1,1,-1,-1,1,1,-1,1,1,-1,-1,1,1,1,1,1,-1,-1,-1,1,1,1,1,-1,-1,1,1,1,1,1,1,-1,-1,1,1,-1,1,1,-1,1,1,1,1,1,1,-1,1,1,1,1,1,1,-1,1,1,1,1,1,1,-1,-1,-1,1,1,1,1,-1,1,1,1,1,1,1,-1,1,-1,1,1,1,-1,-1,1,1,1,1,1,-1,1,-1,-1,1,-1,1,-1,1,1,1,1,1,1,1,1,1,-1,1,-1,1,-1,1,1,-1,1,-1,1,1,-1,1,-1,1,-1,1,-1,1,1,-1,1,-1,1,1,1,1,-1,-1,1,1,-1,-1,1,-1,1,-1,-1,1,-1,1,-1,1,-1,1,-1,1,1,-1,-1,-1,1,1,-1,1,-1,1,1,1,-1,1,1,-1,-1,-1,1,-1,1,-1,1,-1,1,1,-1,1,-1,-1,-1,1,1,-1,1,-1,-1,-1,1,1,-1,-1,1,1,-1,-1,1,1,-1,1,1,-1,1,1,1,1,-1,1,-1,1,1,-1,1,-1,1,1,1,1,1,1,1,1,-1,-1,1,-1,-1,-1,1,1,-1,1,1,1,-1,1,1,1,1,1,1,1,1,-1,1,1,1,-1,-1,1,-1,1,1,1,-1,1,1,-1,-1,1,1,1,-1,1,-1,1,1,1,-1,1,1,-1,1,1,1,-1,1,1,-1,1,1,1,-1,1,1,-1,-1,1,1,1,1,1,-1,1,-1,1,-1,1,1,1,-1,1,1,1,-1,1,1,-1,1,1,-1,1,1,1,-1,-1,-1,-1,1,1,1,-1,1,1,-1,1,1,-1,-1,1,1,-1,1,1,-1,1,1,-1,1,1,1,1,1,-1,1,1,1,-1,1,-1,1,-1,-1,1,1,1,-1,-1,-1,1,-1,-1,1,-1,1,-1,-1,1,1,1,1,-1,-1,1,-1,-1,1,-1,1,-1,1,-1,-1,1,1,1,-1,-1,1,-1,1,1,-1,-1,1,1,1,-1,1,-1,-1,1,-1,-1,1,1,-1,-1,-1,-1,1,1,-1,1,-1,1,-1,-1,1,-1,-1,1,1,-1,1,1,-1,-1,-1,-1,-1,1,1,1,-1,1,-1,-1,-1,1,-1,-1,-1,1,-1,1,1,1,-1,-1,-1,1,-1,1,-1,-1,-1,-1,1,1,1,-1,-1,-1,1,-1,-1,1,-1,-1,-1,-1,-1,-1,1,-1,-1,-1,-1,-1,-1,-1,1,1,1,-1,1,-1,1,-1,1,-1,1,-1,-1,-1,1,-1,-1,1,1,1,-1,1,-1,1,1,1,-1,1,1,-1,-1,-1,1,-1,-1,1,-1,-1,1,1,1,-1,1,-1,-1,1,1,-1,-1,1,-1,-1,1,1,-1,-1,1,-1,-1,-1,1,1,-1,1,1,-1,-1,1,-1,-1,1,-1,1,-1,1,1,-1,-1,1,-1,-1,-1,-1,-1,1,1,1,-1,-1,1,-1,-1,1,-1,-1,1,-1,-1,1,1,-1,-1,1,-1,-1,1,1,-1,1,-1,1,-1,-1,1,1,-1,-1,-1,-1,1,1,-1,-1,1,-1,-1,-1,1,1,-1,-1,-1,-1,-1,1,-1,-1,-1,-1,-1,1,1,1,-1,-1,-1,-1,-1,1,1,-1,-1,-1,-1,-1,1,1,1,-1,-1,-1,-1,1,1,-1,-1,-1,-1,1,1,1,1,1,-1,1,1,1,1,1,1,-1,-1,1,1,1,-1,-1,-1,1,1,1,1,-1,1,-1,-1,1,-1,1,-1,1,-1,-1,1,-1,1,-1,1,-1,-1,1,-1,1,-1,1,-1,-1,1,-1,1,1,1,-1,-1,1,-1,1,1,1,-1,-1,1,1,-1,1,1,-1,-1,1,-1,1,-1,1,-1,-1,-1,-1,-1,1,1,-1,-1,1,-1,-1,1,1,-1,-1,-1,-1,1,-1,1,-1,-1,-1,-1,-1,1,-1,-1,1,-1,-1,1,-1,1,-1,-1,-1,-1,-1,1,1,1,-1,-1,-1,1,1,1,-1,-1,1,-1,-1,-1,1,-1,-1,-1,-1,1,1,1,-1,-1,-1,-1,1,-1,1,1,-1,1,-1,-1,1,1,-1,-1,-1,-1,-1,-1,1,1,-1,-1,1,-1,1,1,-1,-1,-1,1,-1,1,1,-1,-1,1,-1,-1,1,1,1,-1,1,-1,1,1,1,-1,-1,1,-1,-1,1,1,1,-1,1,-1,-1,1,1,-1,1,1,-1,-1,1,1,1,1,1,-1,-1,1,1,-1,1,1,-1,-1,1,1,1,1,1,1,-1,1,1,1,1,1,-1,-1,1,-1,1,1,1,1,-1,1,1,-1,1,1,1,-1,1,1,1,1,-1,1,-1,1,1,1,1,1,1,1,-1,1,1,1,1,-1,1,-1,1,1,1,1,1,1,-1,1,1,1,-1,1,-1,-1,1,1,-1,1,1,1,1,1,1,1,1,-1,1,-1,1,1,1,-1,-1,1,-1,1,1,1,-1,1,-1,-1,-1,1,1,-1,-1,1,-1,1,1,1,1,-1,1,-1,1,1,1,1,-1,1,-1,1,1,1,-1,-1,-1,-1,1,-1,1,-1,1,1,1,-1,1,-1,-1,1,1,-1,1,1,1,-1,1,-1,1,1,1,-1,-1,-1,-1,1,1,-1,-1,-1,1,-1,1,-1,1,-1,1,1,-1,1,1,1,1,-1,1,-1,1,1,1,-1,-1,1,-1,1,-1,1,-1,-1,1,-1,1,1,1,-1,-1,1,-1,1,1,1,1,-1,1,-1,-1,1,1,-1,-1,-1,1,-1,1,-1,1,-1,1,-1,-1,1,-2668.0,1,2000,445,0,False
1791,1,1,-1,-1,1,-1,-1,-1,1,1,1,-1,1,1,1,1,-1,1,-1,-1,-1,-1,1,1,1,-1,-1,-1,1,1,1,1,1,-1,-1,-1,1,-1,1,1,-1,-1,-1,1,1,1,1,-1,1,1,1,1,-1,1,-1,-1,1,-1,1,1,1,-1,-1,-1,1,1,1,1,-1,-1,-1,1,1,1,1,-1,-1,-1,1,1,1,-1,-1,-1,1,1,1,1,-1,-1,-1,1,1,1,1,-1,-1,1,1,-1,1,1,-1,-1,1,1,1,1,1,-1,-1,1,1,1,1,1,-1,-1,1,1,1,1,1,1,-1,1,1,1,-1,1,1,-1,1,1,1,1,1,1,-1,-1,1,1,1,1,1,-1,1,1,1,1,1,1,-1,-1,-1,1,1,1,1,-1,1,1,1,1,-1,1,-1,1,-1,1,1,1,-1,-1,1,1,1,1,1,-1,1,-1,-1,1,-1,1,-1,1,1,1,1,1,1,1,1,1,-1,1,-1,1,-1,1,1,-1,1,-1,1,1,-1,1,-1,1,-1,1,-1,1,1,-1,1,-1,1,1,1,1,-1,-1,1,1,-1,-1,1,-1,1,-1,-1,1,-1,1,-1,1,-1,1,-1,1,1,-1,-1,-1,1,1,-1,1,-1,1,1,1,-1,1,1,-1,1,-1,1,-1,1,-1,1,-1,1,1,-1,1,-1,-1,-1,1,1,-1,1,-1,-1,-1,1,1,-1,-1,1,1,-1,-1,1,1,-1,1,1,-1,1,1,1,1,-1,1,-1,1,1,-1,1,-1,1,-1,1,1,1,1,1,1,-1,-1,1,-1,-1,-1,1,1,-1,1,1,1,-1,1,1,1,1,1,1,-1,1,-1,1,1,1,-1,-1,1,-1,1,1,1,-1,1,1,-1,-1,1,1,1,-1,1,-1,1,1,1,-1,1,1,-1,1,1,1,-1,1,1,-1,1,1,1,-1,1,1,1,-1,1,1,-1,1,1,-1,1,-1,1,-1,1,-1,1,-1,1,1,1,-1,-1,1,-1,1,1,-1,1,1,1,-1,-1,-1,-1,1,-1,1,-1,1,1,-1,1,1,-1,-1,1,1,1,1,1,-1,1,1,1,-1,1,1,1,1,-1,1,1,1,-1,1,-1,1,1,1,1,1,1,-1,-1,-1,1,-1,1,1,1,-1,1,1,1,1,1,1,1,-1,1,-1,-1,1,-1,1,-1,1,1,1,1,1,1,-1,-1,1,-1,1,1,1,-1,1,1,1,-1,1,1,-1,-1,1,-1,1,1,1,-1,1,1,1,1,1,1,-1,1,-1,1,1,1,-1,-1,1,-1,1,1,1,-1,-1,1,-1,1,1,1,-1,-1,1,-1,-1,1,1,-1,-1,1,-1,1,1,1,1,-1,1,1,-1,1,1,1,-1,-1,1,1,1,1,-1,-1,1,-1,-1,1,-1,1,-1,-1,1,-1,1,-1,1,-1,-1,1,-1,-1,1,1,1,-1,1,-1,1,-1,-1,1,1,-1,-1,-1,1,-1,1,1,1,1,-1,1,-1,-1,1,1,-1,1,1,-1,-1,-1,1,-1,-1,1,-1,-1,1,1,1,-1,1,-1,-1,1,1,-1,-1,1,-1,1,1,1,-1,-1,1,-1,-1,-1,1,1,-1,1,1,-1,-1,1,-1,-1,1,-1,1,-1,1,1,-1,-1,1,-1,-1,-1,-1,-1,1,1,1,-1,-1,1,-1,-1,1,-1,-1,1,-1,-1,1,1,-1,-1,1,-1,-1,1,1,-1,1,-1,-1,-1,-1,1,1,-1,-1,-1,-1,-1,1,-1,-1,1,-1,-1,-1,1,1,-1,-1,-1,-1,-1,1,-1,-1,-1,-1,-1,1,1,1,-1,-1,-1,-1,-1,1,1,-1,-1,-1,-1,-1,1,1,1,-1,-1,-1,-1,1,1,-1,-1,-1,-1,1,1,1,1,-1,-1,1,1,1,1,1,-1,-1,-1,1,1,1,1,1,-1,1,1,1,1,-1,1,-1,-1,1,-1,1,-1,1,-1,-1,1,-1,1,-1,-1,-1,-1,1,-1,1,-1,1,1,-1,1,-1,1,-1,1,1,-1,1,-1,1,-1,-1,-1,-1,1,1,-1,-1,-1,-1,-1,1,-1,1,-1,-1,-1,-1,-1,-1,-1,1,-1,-1,-1,1,-1,-1,1,-1,-1,-1,-1,-1,1,1,-1,-1,-1,-1,-1,1,-1,-1,-1,1,-1,-1,1,-1,1,-1,-1,-1,-1,-1,-1,-1,1,-1,-1,-1,1,1,-1,-1,-1,1,1,-1,-1,-1,-1,1,-1,-1,1,1,1,-1,-1,-1,-1,1,-1,1,1,-1,1,-1,-1,1,1,-1,-1,-1,-1,-1,-1,1,1,-1,-1,1,-1,1,1,-1,-1,-1,1,-1,1,1,-1,-1,1,-1,-1,1,1,1,-1,1,-1,1,1,1,-1,-1,1,-1,-1,1,-1,1,-1,1,-1,-1,1,1,-1,1,1,-1,-1,1,1,1,1,1,-1,-1,1,1,1,1,1,-1,-1,1,1,1,1,1,1,-1,-1,1,1,-1,1,-1,-1,1,-1,1,1,1,1,-1,-1,1,-1,1,1,1,-1,1,1,1,1,-1,1,-1,1,1,1,1,1,1,1,-1,1,1,1,1,-1,1,-1,1,1,1,1,1,-1,1,1,1,1,-1,1,1,-1,1,1,-1,1,1,-1,-1,1,1,1,1,-1,1,-1,1,1,1,-1,-1,1,-1,1,1,1,-1,1,-1,-1,-1,1,1,-1,-1,1,-1,-1,1,1,1,-1,1,-1,-1,1,1,1,-1,1,-1,-1,1,1,-1,-1,-1,1,-1,-1,1,-1,1,1,-1,1,1,-1,-1,1,1,-1,-1,1,1,-1,1,1,-1,1,1,-1,-1,-1,-1,1,-1,-1,-1,-1,1,-1,-1,1,1,-1,1,1,-1,1,1,1,1,-1,1,-1,1,1,1,1,-1,1,-1,-1,-1,1,1,-1,1,-1,1,1,1,1,-1,1,-1,1,1,1,-1,-1,1,-1,-1,1,1,-1,-1,-1,1,-1,1,1,1,-1,1,-1,-1,1,-2668.0,1,2000,445,0,False
1792,-1,-1,1,1,1,1,-1,1,-1,-1,-1,1,-1,1,-1,-1,1,-1,1,1,-1,-1,-1,-1,-1,1,-1,-1,-1,-1,-1,-1,1,1,-1,-1,1,-1,-1,-1,1,-1,-1,-1,-1,-1,-1,-1,1,1,-1,-1,1,-1,1,-1,-1,1,-1,-1,-1,1,1,1,-1,-1,-1,-1,-1,-1,-1,1,-1,-1,-1,-1,-1,-1,1,-1,-1,1,1,-1,1,-1,-1,1,-1,1,-1,-1,-1,-1,-1,-1,-1,1,1,1,-1,-1,-1,-1,1,1,-1,-1,-1,-1,-1,1,1,1,-1,-1,-1,-1,1,1,-1,-1,-1,-1,-1,1,1,-1,1,-1,-1,-1,-1,1,-1,1,-1,-1,-1,-1,1,-1,1,-1,-1,-1,1,1,1,-1,-1,-1,-1,-1,-1,1,-1,1,-1,-1,-1,1,1,1,-1,-1,1,-1,-1,1,-1,-1,-1,-1,-1,1,-1,1,-1,-1,-1,1,-1,1,-1,-1,-1,-1,-1,1,1,1,-1,-1,1,-1,-1,1,1,-1,-1,1,-1,-1,1,1,-1,-1,-1,-1,-1,1,1,-1,-1,1,-1,-1,1,1,-1,1,-1,-1,-1,-1,1,1,-1,-1,1,-1,1,1,-1,1,-1,-1,-1,1,1,-1,1,1,-1,-1,-1,1,-1,-1,1,-1,-1,1,-1,1,-1,1,-1,-1,1,1,-1,1,-1,-1,1,-1,-1,-1,1,-1,-1,-1,1,1,-1,1,-1,-1,-1,-1,1,1,1,-1,-1,1,-1,1,-1,1,1,-1,1,-1,-1,-1,-1,1,-1,1,-1,-1,-1,1,1,-1,1,-1,-1,1,-1,1,-1,1,-1,-1,-1,1,1,-1,1,1,-1,-1,-1,1,-1,1,1,1,-1,-1,-1,1,1,-1,-1,-1,1,1,-1,1,-1,-1,-1,-1,1,-1,1,-1,1,-1,1,1,-1,1,-1,-1,-1,-1,-1,1,1,-1,-1,-1,-1,-1,1,1,-1,1,-1,-1,1,1,1,-1,1,-1,-1,1,1,1,-1,1,1,-1,-1,1,1,1,1,-1,-1,-1,-1,1,1,-1,1,-1,-1,1,-1,1,1,1,1,1,1,1,1,1,-1,1,-1,1,1,1,1,-1,1,-1,1,1,1,1,-1,-1,1,1,1,1,1,1,1,-1,-1,-1,1,1,-1,1,-1,1,1,1,1,1,-1,1,-1,-1,1,1,-1,1,-1,1,1,1,-1,-1,1,1,-1,-1,1,1,-1,1,-1,-1,1,1,1,1,1,-1,1,-1,1,1,-1,1,1,-1,1,-1,1,-1,1,-1,1,-1,1,1,-1,1,-1,-1,1,1,-1,-1,1,-1,1,-1,1,-1,1,-1,-1,1,1,1,-1,1,-1,-1,-1,1,1,-1,-1,1,-1,1,-1,1,-1,1,-1,1,-1,1,1,1,-1,-1,1,-1,-1,1,-1,-1,-1,-1,-1,-1,1,-1,1,-1,1,-1,-1,1,-1,-1,-1,-1,-1,-1,1,-1,-1,1,-1,1,-1,-1,1,1,1,-1,1,-1,1,-1,1,1,1,-1,-1,-1,1,-1,-1,-1,1,1,-1,1,-1,1,1,1,-1,1,1,-1,1,-1,1,1,-1,1,-1,-1,1,1,1,-1,1,-1,-1,1,1,1,-1,1,-1,-1,1,1,1,-1,1,-1,-1,-1,1,1,-1,1,1,-1,-1,1,1,-1,1,-1,1,-1,1,1,-1,-1,1,-1,-1,-1,1,-1,1,1,1,-1,-1,1,-1,-1,1,-1,-1,1,-1,-1,1,1,-1,-1,1,-1,-1,1,1,-1,1,-1,1,-1,-1,1,1,-1,-1,1,-1,-1,1,-1,-1,1,1,1,-1,1,1,-1,-1,-1,1,-1,1,-1,-1,-1,1,1,-1,1,1,-1,-1,1,1,-1,1,-1,-1,-1,1,1,-1,1,1,1,-1,1,1,-1,1,1,-1,-1,1,1,-1,1,1,-1,1,1,-1,-1,1,1,-1,1,1,-1,-1,1,-1,1,-1,1,-1,-1,1,-1,-1,1,1,1,-1,1,-1,1,1,1,-1,-1,1,-1,-1,1,1,1,-1,1,1,-1,1,1,1,-1,1,-1,-1,1,1,1,-1,1,1,1,1,1,-1,1,1,-1,1,1,1,1,-1,1,-1,1,1,1,1,-1,-1,1,-1,1,1,1,-1,1,1,-1,1,1,1,1,1,-1,-1,1,1,1,1,1,-1,1,-1,1,1,1,1,1,-1,1,1,1,1,1,1,1,1,-1,1,1,1,-1,1,1,1,1,1,-1,1,1,1,1,1,1,1,-1,-1,-1,1,1,1,1,-1,1,-1,1,1,1,1,1,-1,1,1,1,1,1,1,1,1,-1,1,1,1,1,-1,-1,1,1,1,-1,1,-1,1,1,1,1,1,1,-1,1,-1,1,1,1,-1,-1,1,1,1,1,1,1,-1,1,1,1,-1,1,-1,1,1,1,1,-1,1,1,-1,1,1,1,-1,1,1,-1,1,1,1,1,-1,1,-1,1,-1,1,1,-1,1,-1,1,-1,1,-1,-1,-1,1,-1,-1,1,1,-1,1,-1,1,-1,1,1,-1,1,-1,1,-1,1,1,-1,1,1,1,-1,1,1,-1,1,-1,1,1,1,1,-1,1,-1,1,1,1,1,1,1,1,1,1,1,1,-1,-1,1,1,1,-1,1,-1,1,1,-1,-1,1,-1,1,1,1,1,-1,1,1,-1,1,-1,1,-1,1,1,1,-1,1,1,1,1,-1,1,1,1,-1,-1,1,-1,1,-1,1,-1,-1,1,1,1,-1,-1,1,1,1,1,1,-1,-1,1,1,1,1,1,1,1,1,1,1,1,1,1,1,1,-1,1,1,-1,-1,1,1,1,-1,1,1,-1,-1,-1,-1,1,1,1,-1,1,1,1,-1,1,1,-1,-1,1,1,1,1,1,-1,1,1,1,1,1,1,-1,1,1,1,1,1,1,-1,1,1,1,1,1,1,-1,1,-1,1,-1,1,1,-1,-1,1,1,-1,1,1,-1,1,1,1,-1,1,1,1,-1,1,-2668.0,1,2000,445,500,True
1793,1,1,-1,-1,1,-1,-1,-1,1,1,1,-1,1,1,1,1,-1,1,-1,-1,-1,1,1,1,1,-1,-1,-1,1,1,1,1,-1,-1,-1,-1,1,1,1,1,-1,-1,-1,1,1,1,1,-1,1,1,1,1,-1,1,-1,-1,1,-1,1,1,1,-1,-1,1,1,1,1,1,-1,-1,1,1,1,1,1,-1,-1,-1,1,1,1,-1,-1,-1,1,1,1,1,-1,-1,-1,1,1,1,1,-1,-1,1,1,-1,1,1,-1,-1,1,1,1,1,1,-1,-1,-1,1,1,1,1,-1,-1,1,1,1,1,1,1,-1,-1,1,1,-1,1,1,-1,1,1,1,1,1,1,-1,1,1,1,1,1,1,-1,1,1,1,1,1,1,-1,-1,-1,1,1,1,1,-1,1,-1,1,1,-1,1,-1,1,-1,1,1,1,-1,-1,1,1,1,1,1,-1,1,-1,-1,1,-1,1,-1,1,1,1,1,1,1,1,1,1,-1,1,-1,1,-1,1,1,-1,1,-1,1,1,-1,1,-1,1,-1,1,-1,1,1,-1,-1,-1,1,1,1,1,-1,-1,1,1,-1,-1,1,-1,1,-1,-1,1,-1,1,-1,1,-1,1,-1,1,1,-1,-1,-1,1,1,-1,1,-1,1,1,1,-1,1,1,-1,-1,-1,1,-1,1,-1,1,-1,1,1,-1,1,-1,-1,-1,1,1,-1,1,-1,-1,-1,1,1,-1,-1,1,1,-1,-1,1,1,-1,1,1,-1,1,1,1,1,-1,1,-1,1,1,-1,1,-1,1,1,1,1,1,1,1,1,-1,-1,1,-1,-1,-1,1,1,-1,1,1,1,-1,1,1,1,1,1,1,1,1,-1,1,1,1,-1,-1,1,-1,1,1,1,-1,1,1,-1,-1,1,1,1,-1,1,-1,1,1,1,-1,1,1,-1,1,1,1,-1,1,1,-1,1,1,1,-1,1,1,-1,-1,1,1,-1,1,1,-1,1,-1,1,-1,1,1,1,-1,1,1,1,1,1,1,-1,1,1,-1,1,1,1,-1,-1,-1,-1,1,1,1,-1,1,1,-1,1,1,-1,-1,1,1,1,1,1,-1,1,1,1,-1,1,1,1,-1,-1,1,1,1,-1,1,-1,1,1,1,1,1,1,-1,-1,-1,1,-1,-1,1,-1,1,-1,1,1,1,1,1,-1,-1,1,-1,-1,1,-1,1,-1,1,1,1,1,1,1,-1,-1,1,-1,1,1,-1,-1,1,1,1,-1,1,-1,-1,-1,1,-1,1,1,-1,-1,1,1,1,1,-1,1,-1,1,-1,-1,1,-1,-1,-1,1,-1,1,1,-1,-1,-1,1,-1,1,1,1,-1,-1,1,-1,-1,1,-1,-1,-1,1,-1,1,1,1,-1,-1,1,1,-1,1,-1,-1,-1,-1,1,-1,1,-1,-1,-1,1,1,-1,1,-1,-1,-1,-1,1,-1,1,-1,-1,1,-1,1,-1,-1,1,1,1,-1,1,-1,1,-1,1,-1,1,-1,-1,1,1,-1,-1,-1,1,-1,1,1,-1,1,1,1,-1,1,1,-1,-1,-1,1,-1,-1,1,-1,-1,1,1,-1,-1,1,-1,-1,1,1,1,-1,1,-1,-1,1,1,-1,-1,1,-1,-1,-1,1,1,-1,1,-1,-1,-1,1,-1,-1,1,-1,1,-1,1,1,-1,-1,1,-1,-1,-1,-1,-1,1,1,1,-1,-1,1,-1,-1,1,-1,-1,1,-1,-1,1,1,-1,-1,1,-1,-1,1,1,-1,1,-1,1,-1,-1,1,1,-1,-1,-1,-1,1,1,-1,-1,1,-1,-1,-1,1,1,-1,-1,-1,-1,-1,1,-1,-1,-1,-1,-1,-1,1,1,-1,-1,-1,-1,1,1,1,-1,-1,-1,-1,-1,1,1,1,-1,-1,-1,-1,1,1,-1,-1,-1,-1,1,1,1,1,1,-1,1,1,1,1,1,1,-1,-1,1,1,1,-1,1,-1,1,1,1,1,-1,1,-1,-1,1,-1,1,-1,1,-1,-1,1,-1,1,-1,1,-1,-1,1,-1,1,-1,1,-1,-1,1,-1,1,1,1,-1,-1,1,-1,1,1,1,-1,-1,1,1,-1,1,1,-1,-1,1,-1,1,-1,1,-1,-1,-1,-1,-1,1,1,-1,-1,1,-1,-1,1,1,-1,-1,-1,-1,1,-1,1,-1,-1,-1,-1,1,1,-1,-1,1,-1,-1,1,-1,1,-1,-1,-1,-1,-1,1,1,1,-1,-1,-1,1,1,1,-1,-1,1,-1,-1,-1,1,-1,1,-1,-1,1,1,1,-1,-1,-1,-1,1,-1,1,1,-1,1,-1,-1,1,1,-1,-1,-1,-1,-1,-1,1,1,-1,-1,1,-1,1,1,-1,-1,-1,1,-1,1,1,-1,-1,1,-1,-1,1,1,1,-1,1,-1,1,1,1,-1,-1,1,-1,-1,1,1,1,-1,1,-1,-1,1,1,-1,1,1,-1,-1,1,1,-1,1,1,-1,-1,1,1,-1,1,1,-1,-1,1,1,1,1,1,1,-1,-1,1,1,-1,1,-1,-1,1,-1,1,1,1,1,-1,-1,1,-1,1,1,1,-1,1,1,1,1,-1,1,-1,1,1,1,1,1,1,1,-1,1,1,1,1,-1,1,-1,1,1,1,1,1,-1,1,1,1,1,-1,1,1,-1,1,1,-1,1,1,-1,-1,1,1,1,1,-1,1,-1,1,1,1,-1,-1,1,-1,1,1,1,-1,1,-1,-1,-1,1,1,-1,-1,1,-1,-1,1,1,1,-1,1,-1,-1,1,1,1,-1,1,-1,-1,1,1,-1,-1,-1,1,-1,-1,1,-1,1,1,-1,1,1,-1,-1,1,-1,-1,-1,1,1,-1,1,1,-1,1,1,-1,-1,-1,-1,1,-1,-1,-1,-1,1,-1,-1,1,1,-1,1,1,-1,1,1,1,1,-1,1,-1,1,1,1,-1,-1,1,-1,-1,-1,1,-1,-1,1,-1,1,1,1,-1,-1,1,-1,1,1,1,1,-1,1,-1,-1,1,1,-1,-1,-1,1,-1,1,1,1,-1,1,-1,-1,1,-2668.0,1,2000,445,1000,False
1794,1,1,-1,-1,1,1,-1,-1,1,1,1,-1,1,1,-1,1,-1,1,-1,-1,-1,1,1,1,1,-1,-1,-1,1,1,1,1,1,-1,-1,-1,1,1,1,1,-1,-1,-1,1,1,1,1,-1,1,1,1,1,-1,1,-1,-1,1,-1,1,1,-1,-1,-1,1,1,1,1,1,-1,-1,1,1,1,1,1,-1,-1,-1,1,1,1,-1,-1,-1,1,1,1,1,-1,-1,-1,1,1,1,1,-1,-1,1,1,-1,1,1,-1,-1,1,1,1,1,1,-1,-1,-1,1,1,1,1,-1,-1,1,1,1,1,1,1,-1,-1,1,1,-1,1,1,-1,1,1,1,1,1,1,-1,1,1,1,1,1,1,-1,1,1,1,1,1,1,-1,-1,-1,1,1,1,1,-1,1,-1,1,1,-1,1,-1,1,-1,1,1,1,-1,-1,1,1,1,1,1,-1,1,-1,-1,1,-1,1,-1,1,1,1,1,1,1,1,1,1,-1,1,-1,1,-1,1,1,-1,1,-1,1,1,-1,1,-1,1,-1,1,-1,1,1,-1,-1,-1,1,1,1,1,-1,-1,1,1,-1,-1,1,-1,1,-1,-1,1,-1,1,-1,1,-1,1,-1,1,1,-1,-1,-1,1,1,-1,1,-1,1,1,1,-1,1,1,-1,1,-1,1,-1,1,-1,1,-1,1,1,-1,1,-1,-1,-1,1,1,-1,1,-1,1,-1,1,1,-1,-1,1,1,-1,-1,1,1,-1,1,1,-1,1,1,1,1,-1,1,-1,1,1,-1,1,-1,1,1,-1,1,1,1,1,1,-1,-1,1,-1,-1,-1,-1,1,-1,1,1,1,-1,1,-1,-1,1,1,1,-1,1,-1,1,1,1,-1,-1,1,-1,1,1,1,-1,1,1,-1,-1,1,1,1,-1,1,-1,1,1,1,-1,1,1,-1,1,1,1,-1,1,-1,-1,1,1,1,-1,1,-1,-1,-1,1,1,-1,1,-1,-1,1,-1,1,-1,1,1,-1,-1,1,1,1,-1,1,-1,-1,1,1,-1,1,-1,-1,-1,-1,-1,-1,1,1,-1,-1,1,1,-1,1,-1,1,-1,1,1,1,1,1,-1,1,1,1,-1,1,-1,-1,-1,-1,1,1,1,1,-1,-1,1,1,1,1,-1,-1,1,-1,-1,1,-1,1,-1,-1,1,-1,1,1,-1,-1,1,1,-1,1,-1,1,-1,-1,1,-1,1,1,-1,-1,-1,1,-1,-1,1,1,-1,-1,1,-1,1,1,-1,1,-1,1,-1,-1,1,1,-1,-1,1,-1,1,1,-1,-1,1,1,-1,1,-1,1,-1,1,-1,-1,1,-1,1,-1,1,-1,-1,1,-1,-1,-1,1,-1,-1,1,1,1,-1,1,-1,-1,1,-1,-1,1,-1,1,-1,1,-1,1,-1,1,1,-1,-1,-1,1,-1,1,-1,-1,1,-1,1,1,1,1,-1,-1,1,1,-1,1,1,-1,-1,1,1,1,-1,1,1,-1,1,1,1,1,1,1,1,-1,-1,1,-1,1,-1,1,1,-1,1,1,-1,1,-1,-1,-1,1,1,-1,1,1,-1,-1,-1,1,-1,1,1,-1,-1,-1,1,-1,-1,-1,-1,1,-1,1,-1,-1,-1,-1,-1,-1,1,-1,1,1,1,1,-1,1,-1,1,1,-1,-1,-1,1,-1,-1,1,-1,1,-1,-1,1,1,1,1,-1,-1,1,1,1,1,-1,1,-1,-1,1,1,1,-1,-1,-1,1,1,1,1,-1,-1,-1,1,-1,1,-1,1,-1,-1,-1,1,1,1,-1,-1,-1,-1,1,1,1,1,-1,-1,-1,1,1,1,1,-1,-1,-1,1,-1,1,-1,-1,-1,-1,1,1,1,1,-1,-1,1,1,1,1,1,-1,-1,-1,1,1,-1,1,-1,-1,-1,1,1,1,1,-1,-1,1,1,1,1,-1,-1,1,1,-1,1,1,-1,-1,-1,1,1,1,1,1,-1,1,1,1,1,1,-1,-1,-1,1,-1,1,-1,-1,-1,-1,1,-1,1,1,-1,-1,-1,1,-1,1,1,-1,-1,-1,1,1,1,1,-1,-1,-1,1,-1,1,1,-1,-1,-1,1,1,-1,-1,-1,-1,-1,1,-1,1,-1,-1,-1,-1,-1,-1,-1,1,-1,-1,-1,1,-1,-1,1,-1,-1,-1,-1,-1,1,1,-1,-1,-1,-1,-1,1,-1,-1,-1,1,-1,-1,1,-1,1,-1,-1,-1,-1,-1,-1,-1,1,-1,-1,-1,1,1,-1,-1,-1,1,-1,-1,-1,-1,-1,1,-1,-1,1,1,1,-1,-1,-1,-1,1,-1,1,1,-1,1,-1,-1,1,1,-1,-1,-1,-1,-1,-1,1,1,-1,-1,1,-1,1,1,-1,-1,-1,1,-1,1,1,-1,-1,1,-1,-1,1,1,1,-1,1,-1,1,1,1,-1,-1,1,-1,-1,1,1,1,-1,1,-1,-1,1,1,-1,1,1,-1,-1,1,1,1,1,1,-1,-1,1,1,1,1,1,-1,-1,1,1,1,1,1,1,-1,-1,1,1,-1,1,-1,-1,1,-1,1,1,1,1,-1,-1,1,-1,1,1,1,-1,1,1,1,1,-1,1,-1,1,1,1,1,1,1,1,-1,1,1,1,1,-1,1,-1,1,1,1,1,1,-1,1,1,1,1,-1,1,1,-1,1,1,-1,1,1,-1,-1,1,1,1,1,-1,1,-1,1,1,1,-1,-1,1,-1,1,1,1,-1,1,-1,-1,-1,1,1,-1,-1,1,-1,-1,1,1,-1,-1,1,-1,-1,1,1,1,-1,1,-1,-1,1,1,-1,-1,-1,1,-1,1,1,-1,1,1,-1,1,1,-1,-1,1,-1,-1,-1,1,1,-1,1,1,-1,1,1,-1,-1,1,-1,1,-1,-1,-1,-1,1,-1,-1,1,1,-1,1,1,-1,1,1,1,1,-1,1,-1,1,1,1,-1,-1,1,-1,-1,1,1,-1,-1,1,-1,1,1,1,-1,-1,1,-1,1,1,1,1,-1,1,-1,-1,1,1,-1,-1,-1,1,-1,1,-1,1,-1,1,-1,-1,1,-2668.0,1,2000,445,0,False
1795,1,1,-1,-1,1,-1,-1,-1,1,1,1,-1,1,1,1,1,-1,1,-1,-1,-1,-1,1,1,1,-1,-1,-1,1,1,1,1,1,-1,-1,-1,1,1,1,1,-1,-1,-1,1,1,1,1,-1,1,1,1,1,-1,1,-1,-1,1,-1,1,1,-1,-1,-1,-1,1,1,1,1,-1,1,-1,1,1,1,1,-1,-1,-1,1,1,1,-1,-1,-1,1,1,1,1,-1,1,-1,1,1,1,1,-1,-1,1,1,-1,1,1,-1,-1,1,1,1,1,1,-1,-1,1,1,1,1,1,1,-1,1,1,1,1,1,1,-1,1,1,1,-1,1,-1,-1,1,1,1,1,1,1,-1,-1,1,1,1,1,1,-1,1,1,1,1,1,1,-1,-1,-1,1,1,1,1,-1,1,1,1,1,-1,1,-1,1,-1,1,1,1,-1,-1,1,1,1,1,1,-1,1,-1,-1,1,-1,1,-1,1,1,1,1,1,1,1,1,1,-1,1,-1,1,-1,1,1,-1,1,-1,1,-1,-1,1,-1,1,-1,1,-1,1,1,-1,1,-1,1,1,1,1,-1,-1,1,1,-1,-1,1,-1,1,-1,-1,1,-1,1,-1,1,-1,1,-1,1,1,-1,-1,-1,1,-1,-1,1,-1,1,1,1,-1,1,1,-1,1,-1,1,-1,1,-1,1,-1,1,1,-1,1,-1,-1,-1,1,1,-1,1,-1,-1,-1,1,1,1,-1,1,1,-1,-1,1,-1,-1,1,1,-1,1,1,1,-1,-1,1,-1,1,1,-1,1,-1,1,1,-1,1,-1,-1,-1,1,-1,-1,1,-1,1,-1,1,1,-1,1,1,1,-1,1,-1,-1,1,1,-1,-1,1,-1,1,1,-1,1,-1,1,-1,1,1,1,-1,1,1,-1,-1,1,1,-1,-1,1,-1,1,1,1,1,1,1,-1,1,1,1,1,1,-1,-1,1,1,1,1,1,-1,-1,-1,1,1,1,1,-1,-1,1,-1,1,-1,1,1,-1,-1,1,1,1,1,1,-1,-1,1,1,1,1,-1,-1,-1,-1,-1,-1,1,-1,-1,-1,1,1,-1,1,-1,1,-1,1,1,1,1,-1,-1,1,1,1,-1,1,-1,-1,-1,-1,1,1,1,1,-1,-1,1,-1,1,1,-1,-1,1,-1,-1,1,-1,1,-1,-1,1,-1,1,1,-1,-1,1,1,-1,1,-1,1,-1,-1,1,-1,1,-1,-1,-1,-1,1,-1,-1,1,1,-1,-1,1,-1,1,1,-1,1,-1,1,-1,1,-1,1,-1,-1,1,-1,-1,-1,-1,-1,1,1,-1,1,-1,1,-1,1,-1,1,1,-1,1,-1,1,-1,-1,1,-1,-1,-1,1,-1,1,-1,-1,1,-1,1,-1,-1,1,-1,-1,1,-1,1,-1,-1,-1,1,-1,1,1,-1,-1,-1,1,-1,1,-1,-1,1,-1,1,1,1,1,-1,-1,1,1,-1,1,1,-1,-1,1,1,1,-1,1,1,-1,1,1,1,1,1,-1,1,-1,-1,-1,1,-1,1,1,-1,1,-1,1,-1,1,-1,-1,-1,1,1,-1,1,1,-1,-1,-1,1,-1,1,1,-1,1,-1,1,-1,-1,-1,-1,-1,-1,1,-1,-1,-1,-1,-1,-1,1,-1,1,1,1,1,-1,1,-1,1,1,-1,-1,-1,1,-1,-1,1,-1,1,-1,-1,1,1,1,1,-1,-1,1,1,1,1,-1,1,-1,-1,1,1,1,-1,-1,-1,1,1,1,1,-1,-1,-1,1,-1,1,-1,1,1,-1,-1,1,1,1,-1,-1,-1,-1,1,1,1,1,-1,-1,-1,1,1,1,1,-1,-1,-1,1,-1,1,-1,-1,-1,1,1,1,1,1,-1,-1,-1,1,1,1,1,-1,-1,-1,1,1,-1,1,-1,-1,-1,1,1,1,1,-1,-1,1,1,1,1,-1,-1,1,1,-1,1,1,-1,-1,-1,1,1,1,1,1,-1,1,1,1,1,1,-1,-1,-1,1,-1,1,-1,-1,-1,-1,1,-1,1,1,-1,-1,-1,1,-1,1,1,-1,-1,-1,1,1,1,1,-1,-1,-1,1,-1,1,1,-1,-1,-1,1,1,-1,-1,-1,-1,-1,1,-1,1,-1,-1,-1,-1,-1,-1,-1,1,-1,-1,-1,1,-1,-1,1,-1,-1,-1,-1,-1,-1,1,-1,-1,-1,-1,-1,1,-1,-1,-1,1,-1,-1,1,-1,1,-1,-1,-1,-1,-1,-1,-1,1,-1,-1,-1,1,1,1,-1,-1,1,-1,-1,-1,-1,-1,1,-1,-1,1,1,1,-1,-1,-1,-1,1,-1,1,1,-1,1,-1,-1,1,1,-1,-1,-1,-1,-1,-1,1,1,-1,-1,1,-1,1,1,-1,-1,1,-1,-1,1,1,-1,-1,1,1,-1,1,1,-1,1,-1,-1,1,1,1,-1,-1,1,-1,-1,1,1,1,-1,1,-1,-1,1,1,-1,1,1,1,-1,1,1,1,-1,1,1,-1,1,1,1,-1,1,1,-1,1,1,1,1,1,-1,-1,1,1,1,1,1,1,-1,1,-1,1,1,1,1,-1,-1,1,-1,1,1,1,-1,1,1,1,1,-1,1,-1,1,1,1,1,1,1,-1,-1,1,1,1,1,-1,1,-1,1,1,1,1,-1,1,-1,1,1,1,-1,-1,1,-1,1,1,-1,1,-1,-1,-1,1,1,1,-1,1,-1,-1,1,1,1,-1,-1,-1,-1,1,1,1,-1,1,-1,-1,-1,1,1,-1,1,-1,-1,-1,1,1,-1,1,-1,-1,1,1,1,1,1,1,-1,-1,1,1,-1,-1,1,1,1,-1,1,-1,1,-1,-1,1,1,-1,-1,1,-1,-1,-1,-1,1,-1,1,-1,1,1,1,-1,-1,1,-1,-1,-1,-1,-1,-1,1,-1,1,1,1,-1,1,1,-1,1,1,1,1,-1,1,-1,1,1,1,1,-1,1,-1,1,1,1,1,-1,1,-1,1,1,1,1,-1,1,-1,1,1,1,-1,-1,1,-1,-1,1,1,-1,-1,-1,1,-1,1,-1,1,-1,1,-1,-1,1,-2668.0,1,2000,445,0,False
1796,1,1,-1,-1,1,1,-1,-1,1,1,1,-1,1,1,1,1,-1,1,-1,-1,-1,-1,1,1,1,-1,1,-1,1,1,1,1,1,-1,-1,-1,1,1,1,1,-1,-1,-1,1,1,1,1,-1,1,1,1,1,-1,1,-1,-1,1,-1,1,1,-1,-1,-1,-1,1,1,1,1,-1,-1,-1,1,1,1,1,-1,-1,-1,1,1,1,-1,-1,-1,1,1,1,1,-1,-1,-1,1,1,1,1,-1,-1,1,1,-1,1,1,-1,-1,1,1,1,1,1,-1,-1,-1,1,1,1,1,-1,-1,1,1,1,1,1,1,-1,-1,1,1,-1,1,1,-1,1,1,1,1,1,1,-1,1,1,1,1,1,1,-1,1,1,1,1,1,1,-1,-1,-1,1,1,1,1,-1,1,1,1,1,-1,1,-1,1,-1,1,1,1,-1,-1,1,1,1,1,1,-1,1,-1,-1,1,1,1,-1,1,1,1,1,-1,1,1,1,1,-1,1,-1,1,-1,1,1,-1,1,-1,1,1,-1,1,-1,1,-1,1,-1,1,1,-1,1,-1,1,1,1,1,-1,-1,1,1,-1,-1,1,-1,1,-1,-1,1,-1,1,-1,1,-1,1,-1,1,1,-1,-1,-1,1,1,-1,1,-1,1,1,1,-1,1,-1,-1,1,-1,1,-1,1,1,1,-1,1,1,-1,1,-1,-1,-1,1,1,-1,1,-1,-1,-1,1,1,-1,-1,1,1,-1,-1,1,1,-1,1,1,-1,1,1,1,1,-1,1,-1,1,1,-1,1,-1,1,1,1,1,1,1,1,1,-1,-1,1,-1,-1,-1,1,1,-1,1,1,1,-1,1,1,1,1,1,1,-1,1,-1,1,1,1,-1,1,1,-1,1,1,1,-1,1,1,-1,-1,1,1,1,-1,1,-1,1,1,1,-1,1,1,-1,1,1,1,-1,1,1,-1,1,1,1,-1,1,1,1,-1,1,1,-1,1,1,-1,1,-1,1,-1,1,1,1,-1,1,1,1,1,1,1,-1,1,1,-1,1,1,1,-1,-1,-1,-1,1,1,1,-1,1,1,-1,1,1,-1,-1,1,1,1,1,1,-1,1,1,1,-1,1,1,1,1,-1,1,1,1,-1,1,-1,1,1,1,1,1,1,-1,-1,-1,1,-1,-1,1,-1,1,-1,1,1,1,1,1,-1,-1,1,-1,-1,1,-1,1,-1,1,1,1,1,1,1,-1,-1,1,-1,1,1,-1,-1,1,1,1,-1,1,-1,-1,-1,1,-1,1,1,-1,-1,1,1,1,1,-1,1,-1,1,-1,1,1,-1,1,-1,1,-1,1,1,-1,-1,-1,1,-1,1,1,1,-1,-1,1,-1,-1,1,-1,-1,-1,1,-1,1,1,1,-1,-1,1,1,-1,1,-1,-1,-1,-1,1,-1,1,-1,-1,-1,1,-1,-1,1,-1,-1,-1,-1,1,-1,1,-1,-1,1,-1,1,-1,-1,1,1,1,-1,1,-1,1,1,1,1,1,-1,-1,-1,1,-1,-1,1,1,1,-1,1,-1,1,1,1,-1,1,1,-1,-1,-1,1,-1,-1,1,-1,-1,1,1,1,-1,1,-1,-1,1,1,-1,-1,1,-1,-1,1,1,-1,-1,1,-1,-1,-1,1,1,-1,1,-1,-1,-1,1,-1,-1,1,-1,1,-1,1,1,-1,-1,1,-1,-1,-1,-1,-1,1,1,1,-1,-1,1,-1,-1,1,-1,-1,1,-1,-1,1,1,-1,-1,1,-1,-1,1,1,-1,1,-1,1,-1,-1,1,1,-1,-1,-1,-1,1,1,-1,-1,1,-1,-1,-1,1,1,-1,-1,-1,-1,-1,1,-1,-1,-1,-1,-1,1,1,1,-1,-1,-1,-1,-1,1,1,-1,-1,-1,-1,-1,1,1,1,-1,-1,-1,-1,1,1,-1,-1,-1,-1,1,1,1,1,1,-1,1,1,1,1,1,1,-1,-1,1,1,1,-1,-1,-1,1,1,1,1,-1,1,-1,-1,1,-1,1,-1,1,-1,-1,1,-1,1,-1,1,-1,-1,1,-1,1,-1,1,-1,-1,1,-1,1,1,1,-1,1,-1,-1,1,1,1,-1,-1,1,1,-1,1,1,-1,-1,1,-1,1,-1,1,-1,-1,-1,-1,-1,1,1,-1,-1,1,-1,-1,1,1,-1,-1,-1,-1,1,-1,1,-1,-1,-1,-1,-1,1,-1,-1,1,-1,-1,1,-1,1,-1,-1,-1,-1,-1,1,1,1,-1,-1,-1,1,1,1,-1,-1,1,1,-1,-1,1,-1,1,-1,-1,1,1,1,-1,-1,-1,-1,1,-1,1,1,-1,1,-1,-1,1,1,-1,-1,-1,-1,-1,-1,1,1,-1,-1,1,-1,1,1,-1,-1,-1,1,-1,1,1,-1,-1,1,-1,-1,1,1,1,-1,1,-1,1,1,1,-1,-1,1,-1,-1,1,1,1,-1,1,-1,-1,1,1,-1,1,1,-1,-1,1,1,1,1,1,-1,-1,1,1,1,1,1,-1,-1,1,1,1,1,1,1,-1,-1,1,1,1,1,-1,-1,1,-1,1,1,1,1,-1,-1,1,-1,1,1,1,-1,1,1,1,1,-1,1,-1,1,1,1,1,1,1,1,-1,1,1,1,1,-1,1,-1,1,1,1,1,1,-1,1,1,1,1,-1,1,1,-1,1,1,-1,1,1,-1,-1,1,1,1,1,-1,1,-1,1,1,1,-1,-1,1,-1,1,1,1,-1,1,-1,-1,-1,1,1,-1,-1,1,-1,-1,1,1,-1,-1,1,-1,-1,-1,1,1,-1,1,-1,-1,1,1,-1,-1,-1,1,-1,-1,1,-1,1,1,-1,1,1,-1,-1,1,-1,-1,-1,1,1,-1,1,1,-1,1,1,-1,-1,-1,-1,1,-1,-1,-1,-1,1,-1,-1,1,1,-1,1,1,-1,1,1,1,1,-1,1,-1,1,1,1,-1,-1,1,-1,-1,-1,1,-1,1,1,-1,1,1,1,-1,-1,1,-1,1,1,1,1,-1,1,-1,-1,1,1,-1,-1,1,1,-1,1,-1,1,-1,1,-1,-1,1,-2668.0,1,2000,445,0,False
1797,1,1,-1,-1,1,-1,-1,-1,1,1,1,-1,1,1,1,1,-1,1,-1,-1,-1,-1,1,1,1,-1,1,-1,1,1,1,1,1,-1,-1,-1,1,-1,1,1,-1,-1,-1,1,1,1,1,-1,1,1,1,1,-1,1,-1,-1,1,-1,1,1,-1,-1,-1,-1,1,1,1,1,-1,-1,-1,1,1,1,1,-1,-1,-1,1,1,1,-1,-1,-1,1,1,1,1,-1,-1,-1,1,1,1,1,-1,-1,1,1,-1,1,1,-1,-1,1,1,1,1,1,-1,-1,-1,1,-1,1,1,-1,-1,1,1,1,1,1,1,-1,-1,1,1,-1,1,1,-1,1,1,1,1,1,1,-1,1,1,1,1,1,1,-1,1,1,1,1,1,1,-1,-1,-1,1,1,1,1,-1,1,1,1,1,-1,1,-1,1,-1,1,1,1,-1,-1,1,1,1,1,1,-1,1,-1,-1,1,1,1,-1,1,1,1,1,-1,1,1,1,1,-1,1,-1,1,-1,1,1,-1,1,-1,1,1,-1,1,-1,1,-1,1,-1,1,1,-1,1,-1,1,1,1,1,-1,-1,1,1,-1,-1,1,-1,1,-1,1,1,-1,1,-1,1,-1,1,-1,1,1,-1,-1,-1,1,1,-1,1,-1,1,1,1,-1,1,1,-1,1,-1,1,-1,1,-1,1,-1,1,1,-1,1,-1,-1,-1,1,1,-1,1,-1,-1,-1,1,1,-1,-1,1,1,-1,-1,1,1,-1,1,1,-1,1,1,1,1,-1,1,-1,1,1,-1,1,-1,1,1,-1,1,1,-1,-1,1,-1,-1,1,-1,-1,1,1,1,-1,1,1,1,-1,1,-1,-1,1,1,1,1,1,-1,1,1,1,1,-1,1,-1,1,1,1,-1,1,1,-1,-1,1,1,1,-1,1,-1,1,1,1,-1,1,1,-1,1,1,1,-1,1,-1,-1,1,1,1,1,1,-1,-1,-1,1,1,-1,1,-1,-1,1,-1,1,-1,1,1,-1,-1,1,1,1,-1,1,-1,-1,1,1,-1,1,-1,-1,-1,-1,-1,-1,1,-1,-1,-1,1,1,-1,1,-1,-1,-1,1,1,1,1,1,-1,1,1,1,-1,1,-1,-1,-1,-1,1,1,1,1,-1,-1,1,1,1,1,-1,-1,1,-1,-1,1,-1,1,-1,-1,1,-1,1,1,-1,-1,1,1,-1,1,-1,1,-1,-1,1,-1,1,1,-1,-1,-1,1,-1,-1,1,1,-1,-1,1,-1,1,1,-1,1,-1,1,-1,-1,1,1,-1,-1,1,-1,1,1,-1,-1,1,1,-1,1,-1,1,-1,1,-1,-1,1,-1,1,-1,1,-1,-1,1,-1,-1,-1,1,-1,-1,1,-1,1,-1,1,-1,-1,1,-1,-1,1,-1,1,-1,1,1,1,-1,1,1,-1,-1,1,1,-1,1,-1,-1,1,-1,1,1,1,1,-1,-1,1,1,-1,1,1,1,-1,1,1,1,-1,1,1,-1,1,1,1,1,1,-1,1,-1,-1,-1,1,-1,1,1,1,1,-1,1,-1,1,-1,-1,-1,1,1,-1,1,1,-1,-1,-1,1,-1,1,1,-1,1,-1,1,-1,-1,-1,-1,-1,-1,1,-1,-1,-1,-1,-1,-1,1,-1,1,1,1,1,-1,1,-1,1,1,-1,-1,-1,1,-1,-1,1,-1,1,-1,-1,1,1,1,1,-1,-1,1,1,1,1,-1,1,-1,-1,1,1,1,-1,-1,-1,1,1,1,1,-1,1,-1,1,-1,1,-1,1,1,-1,-1,1,1,1,-1,-1,-1,-1,1,1,1,1,-1,-1,-1,1,1,1,1,-1,-1,-1,1,1,1,-1,-1,-1,1,1,1,1,1,-1,-1,-1,1,1,1,1,-1,-1,-1,1,1,-1,1,-1,-1,-1,1,1,1,1,-1,-1,1,1,1,1,-1,-1,1,1,-1,1,1,-1,-1,-1,1,1,1,1,1,-1,1,1,1,1,1,-1,-1,-1,1,-1,1,-1,-1,-1,-1,1,-1,1,1,1,-1,-1,1,-1,1,1,-1,1,-1,1,1,1,1,-1,1,1,-1,-1,1,1,-1,-1,-1,1,1,-1,-1,-1,-1,-1,1,-1,1,-1,-1,-1,-1,-1,-1,-1,1,-1,-1,-1,1,-1,-1,1,-1,-1,-1,-1,-1,1,1,-1,-1,-1,-1,-1,1,-1,-1,-1,1,-1,-1,1,-1,1,-1,-1,-1,-1,-1,-1,-1,1,-1,-1,-1,1,1,-1,-1,-1,-1,1,-1,-1,-1,-1,1,-1,-1,1,1,1,-1,-1,-1,-1,1,-1,1,1,-1,1,-1,-1,1,1,-1,-1,-1,-1,-1,-1,1,1,-1,-1,1,-1,1,1,-1,-1,-1,1,-1,1,1,-1,-1,1,-1,-1,1,1,1,-1,1,-1,1,1,1,-1,-1,1,-1,-1,1,1,1,-1,1,-1,-1,1,1,-1,1,1,-1,-1,1,1,1,1,1,-1,-1,1,1,1,1,1,-1,-1,1,1,1,1,1,1,-1,-1,1,1,1,1,-1,-1,1,-1,1,1,1,1,-1,-1,1,-1,1,1,1,-1,1,1,1,1,-1,1,-1,1,1,1,1,1,1,1,-1,1,1,1,1,-1,1,-1,1,1,1,1,1,-1,1,1,1,1,-1,-1,1,-1,1,1,-1,1,1,-1,-1,1,1,1,-1,1,1,-1,1,1,1,-1,-1,1,-1,1,1,1,-1,1,-1,-1,-1,1,1,-1,-1,1,-1,-1,1,1,-1,-1,1,-1,-1,1,1,1,1,-1,-1,-1,1,1,-1,-1,-1,1,-1,-1,1,-1,1,1,-1,1,1,-1,-1,1,-1,-1,-1,1,1,-1,1,1,-1,1,1,-1,-1,-1,-1,1,-1,-1,-1,-1,1,-1,-1,1,1,-1,1,1,-1,1,1,1,1,-1,1,-1,1,1,1,-1,-1,1,-1,-1,-1,1,-1,-1,1,-1,1,1,1,-1,-1,1,-1,1,1,1,1,-1,1,-1,-1,1,1,-1,-1,-1,1,-1,1,-1,1,-1,1,-1,-1,1,-2668.0,1,2000,445,0,False
1798,1,1,-1,-1,1,1,-1,-1,1,1,1,-1,1,1,1,1,-1,1,-1,-1,-1,-1,1,1,1,-1,1,-1,1,1,1,1,1,-1,-1,-1,1,1,1,1,-1,-1,-1,1,1,1,1,-1,1,1,1,1,-1,1,-1,-1,1,-1,1,1,-1,-1,-1,-1,1,1,1,1,-1,-1,-1,1,1,1,1,-1,-1,-1,1,1,1,-1,-1,-1,1,1,1,1,-1,-1,1,1,1,1,1,-1,-1,-1,1,-1,1,1,-1,-1,1,1,1,1,1,-1,-1,-1,1,1,1,1,-1,-1,1,1,1,1,1,1,-1,-1,1,1,-1,1,1,-1,1,1,1,1,1,1,-1,1,1,1,1,1,1,-1,1,1,1,1,1,1,-1,-1,-1,1,1,1,1,-1,1,1,1,1,-1,1,-1,1,-1,1,1,1,-1,-1,1,1,1,1,1,-1,1,-1,-1,1,1,1,-1,1,1,1,1,-1,1,1,1,1,-1,1,-1,1,-1,1,1,-1,1,-1,1,1,-1,1,-1,1,-1,1,-1,1,1,-1,1,-1,1,1,1,1,-1,-1,1,1,-1,-1,1,-1,1,-1,1,1,-1,1,-1,1,-1,1,-1,1,1,-1,-1,-1,1,1,-1,1,-1,1,1,1,-1,1,1,-1,1,-1,1,-1,1,-1,1,-1,1,1,-1,1,-1,-1,-1,1,1,-1,1,-1,-1,-1,1,1,-1,-1,1,1,-1,-1,1,1,-1,1,1,-1,1,1,1,-1,-1,1,-1,1,1,-1,1,-1,1,1,-1,1,1,-1,-1,1,-1,-1,1,-1,1,-1,1,1,-1,1,1,1,-1,1,-1,-1,1,1,-1,-1,1,-1,1,1,1,1,-1,1,-1,1,1,1,-1,1,1,-1,-1,1,1,-1,-1,1,-1,1,1,1,1,1,1,-1,1,1,1,1,1,-1,-1,1,1,1,1,1,-1,-1,-1,1,1,1,1,-1,-1,1,-1,1,-1,1,1,-1,-1,1,1,1,1,1,-1,-1,1,1,1,1,-1,-1,-1,-1,-1,-1,1,1,-1,-1,1,1,-1,1,-1,1,-1,1,1,1,1,1,-1,1,1,1,-1,1,-1,-1,-1,-1,1,1,1,1,-1,-1,1,-1,1,1,-1,-1,1,-1,-1,1,-1,1,-1,-1,1,-1,-1,1,-1,-1,1,1,-1,1,-1,1,-1,-1,1,-1,1,-1,-1,-1,-1,1,-1,-1,1,1,-1,-1,1,-1,1,1,-1,1,-1,1,-1,1,-1,1,-1,-1,1,-1,-1,-1,-1,-1,1,1,-1,1,-1,1,-1,1,-1,1,1,-1,1,-1,1,-1,-1,1,-1,-1,-1,1,-1,1,-1,1,1,-1,1,-1,-1,1,-1,-1,1,-1,1,-1,1,-1,1,-1,1,1,-1,-1,-1,1,-1,1,-1,-1,1,-1,1,1,1,1,-1,-1,1,1,-1,1,1,-1,-1,1,1,1,-1,1,1,-1,1,1,1,1,-1,-1,1,-1,-1,-1,1,-1,-1,1,-1,1,-1,1,-1,1,-1,-1,-1,1,1,-1,1,1,-1,-1,-1,1,-1,1,1,-1,1,-1,1,-1,-1,-1,-1,-1,-1,1,-1,-1,-1,-1,-1,-1,1,-1,1,1,1,1,-1,1,-1,1,1,-1,-1,-1,1,-1,-1,1,-1,1,-1,-1,1,1,1,1,-1,-1,1,1,1,1,-1,1,-1,-1,1,1,1,-1,-1,-1,1,1,1,1,-1,-1,-1,1,-1,1,-1,1,-1,-1,-1,1,1,1,-1,-1,-1,-1,1,1,1,1,-1,-1,-1,1,1,1,1,-1,-1,-1,1,-1,1,-1,-1,-1,1,1,1,1,1,-1,-1,-1,1,1,1,1,-1,-1,-1,1,1,-1,1,-1,-1,-1,1,1,1,1,-1,-1,1,1,1,1,-1,-1,1,1,-1,1,1,-1,-1,-1,1,1,1,1,1,-1,1,1,1,1,1,-1,-1,-1,1,-1,1,-1,-1,-1,-1,1,-1,1,1,1,-1,-1,1,-1,1,1,-1,-1,-1,1,1,1,1,-1,-1,1,-1,-1,1,1,-1,-1,-1,1,1,-1,-1,-1,-1,-1,1,-1,1,-1,-1,-1,-1,1,-1,-1,1,-1,-1,-1,1,-1,-1,1,-1,-1,-1,-1,-1,-1,1,-1,-1,-1,-1,-1,1,-1,-1,-1,1,-1,-1,1,-1,1,-1,-1,-1,-1,-1,-1,-1,1,-1,-1,-1,1,1,-1,-1,-1,-1,1,-1,-1,-1,-1,1,-1,-1,1,1,1,-1,-1,-1,-1,1,-1,1,1,-1,1,-1,-1,1,1,-1,-1,-1,-1,-1,-1,1,1,-1,-1,1,-1,1,1,-1,-1,-1,1,-1,1,1,-1,-1,1,-1,-1,1,1,1,-1,1,-1,1,1,1,-1,-1,1,-1,-1,1,1,1,-1,1,-1,-1,1,1,-1,1,1,-1,-1,1,1,1,1,1,-1,-1,1,1,1,1,1,-1,-1,1,1,1,1,1,1,-1,1,1,1,-1,1,-1,-1,1,-1,1,1,1,1,-1,-1,1,-1,1,1,1,-1,1,1,1,1,-1,1,-1,1,1,1,1,1,1,-1,-1,1,1,1,1,-1,1,-1,1,1,1,1,-1,1,-1,1,1,1,-1,-1,1,-1,1,1,-1,1,-1,-1,-1,1,1,1,-1,1,-1,-1,1,1,1,-1,-1,-1,-1,1,1,1,-1,-1,-1,-1,-1,1,1,-1,1,-1,-1,-1,1,1,-1,1,-1,-1,1,-1,1,1,1,1,-1,-1,1,1,-1,-1,1,1,1,-1,1,-1,1,-1,-1,1,1,-1,-1,1,-1,-1,-1,1,1,-1,1,-1,1,1,1,-1,-1,1,-1,-1,-1,-1,-1,-1,1,-1,1,1,1,-1,1,1,-1,1,1,1,1,-1,1,-1,1,1,1,-1,-1,1,-1,1,1,1,-1,-1,1,-1,1,1,1,-1,-1,1,-1,1,1,1,1,-1,1,-1,-1,1,1,1,-1,-1,1,-1,1,-1,1,-1,1,-1,-1,1,-2668.0,1,2000,445,0,False
1799,1,1,-1,-1,1,-1,-1,-1,1,1,1,-1,1,1,1,1,-1,1,-1,-1,1,-1,1,1,1,-1,1,-1,1,1,1,1,1,-1,-1,-1,1,1,1,1,-1,-1,-1,1,1,1,1,-1,1,1,1,1,-1,1,-1,-1,1,-1,1,1,1,-1,-1,-1,1,1,1,1,-1,-1,-1,1,1,1,1,-1,-1,-1,1,1,1,-1,-1,-1,1,1,1,1,-1,-1,-1,1,1,1,1,-1,-1,1,1,-1,1,1,-1,-1,1,1,1,1,1,-1,-1,1,1,-1,1,1,-1,-1,1,1,1,1,1,1,-1,-1,1,1,-1,1,1,-1,1,1,1,1,1,1,-1,-1,1,1,1,1,1,-1,1,1,1,1,1,1,-1,-1,-1,1,1,1,1,-1,1,1,1,1,-1,1,-1,1,-1,1,1,1,-1,-1,1,1,1,1,1,-1,1,-1,-1,1,1,1,-1,1,1,1,1,-1,1,1,1,1,-1,1,-1,1,-1,1,1,-1,1,-1,1,1,-1,1,-1,1,-1,1,-1,1,1,-1,1,-1,1,1,1,1,-1,-1,1,1,-1,-1,1,-1,1,-1,-1,1,-1,1,-1,1,-1,1,-1,1,1,-1,-1,-1,1,1,-1,1,-1,1,1,1,-1,1,1,-1,-1,-1,1,-1,1,-1,1,-1,1,1,-1,1,-1,-1,-1,1,1,-1,1,-1,-1,-1,1,1,-1,-1,1,1,-1,-1,1,1,-1,1,1,-1,1,1,1,-1,-1,1,-1,1,1,-1,1,-1,1,1,-1,1,1,-1,-1,1,-1,-1,1,-1,1,-1,1,1,-1,1,1,1,-1,1,-1,-1,1,1,-1,-1,1,-1,1,1,1,1,-1,1,-1,1,1,1,-1,1,1,-1,-1,1,1,-1,-1,1,-1,1,1,1,1,1,1,-1,1,1,1,1,1,-1,-1,1,1,1,1,1,-1,-1,-1,1,1,1,1,-1,-1,1,-1,1,-1,1,1,-1,-1,1,1,1,1,1,-1,-1,1,1,1,-1,-1,-1,-1,-1,-1,-1,1,-1,-1,-1,1,1,-1,1,-1,1,-1,1,1,1,1,1,-1,1,1,1,-1,1,-1,-1,-1,-1,1,1,1,1,-1,-1,1,-1,1,1,-1,-1,1,-1,-1,1,-1,1,-1,-1,1,-1,-1,1,-1,-1,1,1,-1,1,-1,1,-1,-1,1,-1,1,1,-1,-1,-1,1,-1,-1,1,1,-1,-1,1,-1,1,1,-1,1,-1,1,-1,-1,1,1,-1,-1,1,-1,1,1,-1,-1,1,1,-1,1,-1,1,-1,1,-1,1,1,-1,1,-1,1,-1,-1,1,-1,-1,-1,1,-1,-1,1,1,1,-1,1,-1,-1,1,-1,-1,1,-1,1,-1,1,1,1,-1,1,1,-1,1,-1,1,-1,1,-1,-1,1,-1,1,1,1,1,-1,-1,1,1,-1,1,1,-1,1,1,1,1,-1,1,1,-1,1,1,1,1,-1,1,1,-1,-1,-1,1,-1,1,1,-1,1,-1,1,-1,1,-1,-1,-1,1,1,-1,1,1,-1,-1,-1,1,-1,1,1,-1,1,-1,1,-1,-1,-1,-1,-1,-1,1,-1,-1,-1,-1,-1,-1,1,-1,1,1,1,1,-1,1,-1,1,1,-1,-1,-1,1,-1,-1,1,-1,1,-1,-1,1,1,1,1,-1,-1,1,1,1,1,-1,1,-1,-1,1,1,1,-1,-1,-1,1,1,1,1,-1,1,-1,1,-1,1,-1,1,1,-1,-1,1,1,1,-1,-1,-1,1,1,1,1,1,-1,-1,-1,1,1,1,1,-1,-1,-1,1,-1,1,-1,-1,-1,1,1,1,1,1,-1,-1,-1,1,1,1,1,-1,-1,-1,1,1,-1,1,-1,-1,-1,1,1,1,1,-1,-1,1,1,1,1,-1,-1,1,1,-1,1,1,-1,-1,-1,1,1,1,1,1,-1,1,1,1,1,1,-1,-1,-1,1,-1,1,-1,-1,-1,-1,1,-1,1,1,-1,-1,-1,1,-1,1,1,-1,-1,-1,1,1,1,1,-1,-1,1,-1,-1,1,1,-1,-1,-1,1,1,-1,-1,-1,-1,-1,1,-1,1,-1,-1,-1,-1,-1,-1,-1,1,-1,-1,-1,1,-1,-1,1,-1,-1,-1,-1,-1,1,1,-1,-1,-1,-1,-1,1,-1,-1,-1,1,-1,-1,1,-1,1,-1,-1,-1,-1,-1,-1,-1,1,-1,-1,-1,1,1,1,-1,-1,1,1,-1,-1,-1,-1,1,-1,-1,1,1,1,-1,-1,-1,-1,1,-1,1,1,-1,1,-1,-1,1,1,-1,-1,-1,-1,-1,-1,1,1,-1,-1,1,-1,1,1,-1,-1,-1,1,-1,1,1,-1,-1,1,-1,-1,1,1,1,-1,1,-1,1,1,1,-1,-1,1,-1,-1,1,1,1,-1,1,-1,-1,1,1,-1,1,1,-1,-1,1,1,1,1,1,-1,-1,1,1,1,1,1,-1,-1,1,1,1,1,1,1,-1,1,1,1,1,1,-1,-1,1,-1,1,1,1,1,-1,-1,1,-1,1,1,1,-1,1,-1,1,1,-1,1,-1,1,1,1,1,1,1,-1,-1,-1,1,1,1,-1,1,-1,1,1,1,1,-1,1,1,-1,1,1,-1,-1,1,-1,-1,1,-1,1,-1,-1,-1,1,1,1,-1,1,-1,-1,-1,1,1,-1,-1,-1,-1,1,1,1,-1,1,-1,-1,-1,1,1,-1,1,-1,-1,-1,1,1,-1,1,-1,1,-1,1,1,1,1,1,-1,-1,1,1,-1,-1,1,1,-1,-1,1,-1,1,-1,-1,1,1,-1,-1,1,-1,-1,-1,1,1,-1,1,1,-1,1,1,-1,-1,-1,-1,1,-1,-1,-1,-1,1,-1,-1,1,1,-1,1,1,-1,1,1,1,1,-1,1,-1,1,1,1,1,-1,1,-1,-1,1,1,1,-1,1,-1,1,1,1,1,-1,1,-1,1,1,-1,-1,-1,1,-1,-1,1,1,-1,-1,-1,1,-1,1,-1,1,-1,1,-1,-1,1,-2668.0,1,2000,445,0,False
1800,1,1,-1,-1,1,1,-1,-1,1,1,1,-1,1,1,1,1,-1,1,-1,-1,1,-1,1,1,1,-1,1,-1,1,1,1,1,1,-1,-1,-1,1,-1,1,1,-1,-1,-1,1,1,1,1,-1,1,1,1,1,-1,1,-1,-1,1,-1,1,1,1,-1,-1,-1,1,1,1,1,-1,-1,-1,1,1,1,1,-1,-1,-1,1,1,1,-1,-1,-1,1,1,1,1,-1,-1,-1,1,1,1,1,-1,-1,1,1,-1,1,1,-1,-1,1,1,1,1,1,-1,-1,1,1,-1,1,1,-1,-1,1,1,1,1,1,1,-1,1,1,1,-1,1,1,-1,1,1,1,1,1,1,-1,-1,1,1,1,1,1,-1,1,1,1,1,1,1,-1,-1,-1,1,1,1,1,-1,1,1,1,1,-1,1,-1,1,1,1,1,1,-1,-1,1,1,1,1,1,-1,1,-1,-1,1,-1,1,-1,1,1,1,1,1,1,1,1,1,-1,1,-1,1,-1,1,1,-1,1,-1,1,1,-1,1,-1,1,-1,1,-1,1,1,-1,1,-1,1,1,1,1,-1,-1,1,1,-1,-1,1,-1,1,-1,1,1,1,1,-1,1,-1,1,-1,1,1,-1,-1,-1,1,1,-1,1,-1,1,1,1,-1,1,1,-1,1,-1,1,-1,1,-1,1,-1,1,1,-1,1,-1,-1,-1,1,1,-1,1,-1,-1,-1,1,1,-1,-1,1,1,-1,-1,1,1,-1,1,1,-1,1,1,1,-1,-1,1,-1,1,1,-1,1,-1,1,1,-1,1,1,-1,-1,1,-1,-1,1,-1,1,-1,1,1,-1,1,1,1,-1,1,-1,-1,1,1,-1,-1,1,-1,1,1,1,1,-1,1,-1,1,1,1,-1,1,1,-1,-1,1,1,-1,-1,1,-1,1,1,1,1,1,1,-1,1,1,1,1,1,-1,-1,1,1,1,1,1,-1,-1,-1,1,1,1,1,-1,-1,1,-1,1,-1,1,1,-1,-1,1,1,1,1,1,-1,-1,1,1,1,-1,-1,-1,-1,-1,-1,-1,1,-1,-1,-1,1,1,-1,1,-1,-1,-1,1,1,1,1,-1,-1,1,1,1,-1,1,-1,-1,-1,-1,1,1,1,1,-1,-1,1,-1,1,1,-1,-1,-1,-1,-1,1,-1,1,-1,1,-1,1,1,1,-1,-1,1,1,-1,1,-1,1,-1,-1,1,-1,1,-1,-1,-1,-1,1,-1,-1,1,1,-1,-1,1,-1,1,1,-1,1,-1,1,-1,1,-1,1,-1,1,1,-1,-1,-1,-1,-1,1,1,-1,1,-1,1,-1,1,-1,1,-1,1,1,-1,1,-1,-1,-1,-1,-1,-1,1,-1,1,-1,1,1,-1,1,-1,-1,1,-1,-1,1,-1,1,-1,-1,-1,1,-1,1,1,-1,-1,-1,1,-1,1,-1,-1,1,-1,1,1,-1,1,-1,-1,-1,1,-1,-1,1,1,-1,-1,1,1,1,1,1,-1,1,1,1,-1,-1,-1,1,-1,-1,-1,1,-1,1,1,1,1,-1,1,-1,1,-1,-1,-1,1,1,-1,1,1,-1,-1,1,1,-1,1,1,-1,1,-1,1,-1,-1,-1,-1,-1,-1,1,-1,-1,-1,-1,-1,-1,1,-1,1,1,1,1,-1,1,-1,1,1,-1,-1,-1,1,-1,-1,1,-1,1,-1,-1,1,1,1,1,-1,-1,-1,1,1,1,-1,1,-1,1,1,1,1,-1,-1,-1,1,1,1,1,-1,1,-1,1,-1,1,-1,1,1,-1,-1,1,1,1,-1,-1,-1,1,1,1,1,1,-1,-1,-1,1,1,1,1,-1,-1,-1,1,1,1,-1,-1,-1,1,1,1,1,1,-1,-1,-1,1,1,1,1,-1,-1,-1,1,1,-1,1,-1,-1,-1,1,1,1,1,-1,-1,1,1,1,1,1,-1,1,1,-1,1,1,-1,-1,-1,1,1,1,1,1,-1,1,1,1,1,1,1,-1,-1,1,-1,1,-1,1,-1,-1,1,-1,1,1,-1,-1,-1,1,-1,1,1,-1,1,-1,1,1,1,-1,1,1,-1,1,-1,1,-1,-1,-1,-1,1,1,-1,-1,-1,-1,-1,1,-1,1,-1,-1,-1,-1,-1,-1,-1,1,-1,-1,-1,1,-1,-1,1,-1,-1,-1,-1,-1,-1,1,-1,-1,-1,-1,-1,1,-1,-1,-1,1,-1,-1,1,-1,1,-1,-1,-1,-1,-1,-1,-1,1,-1,-1,-1,1,1,-1,-1,-1,-1,1,-1,-1,-1,-1,1,-1,-1,1,-1,1,-1,-1,-1,-1,1,-1,1,1,-1,1,-1,-1,1,1,-1,-1,-1,-1,-1,-1,1,1,-1,-1,1,-1,1,1,-1,-1,-1,1,-1,-1,1,-1,-1,1,-1,-1,1,1,1,-1,1,-1,1,1,1,-1,-1,1,-1,-1,1,1,1,-1,1,-1,-1,1,1,-1,1,1,-1,-1,1,1,-1,1,1,-1,-1,1,1,1,1,1,-1,-1,1,1,1,1,-1,1,-1,1,1,1,-1,1,-1,-1,1,-1,1,1,1,1,-1,-1,1,-1,1,-1,1,-1,1,1,1,1,-1,1,-1,1,1,1,1,1,1,-1,-1,1,1,1,1,-1,1,-1,1,1,1,1,-1,1,-1,1,1,1,-1,-1,1,-1,1,1,-1,1,-1,-1,1,1,1,1,-1,1,-1,-1,1,1,1,-1,-1,-1,1,1,1,1,-1,1,-1,-1,-1,1,1,-1,1,-1,-1,1,1,1,1,-1,1,-1,1,-1,1,1,1,1,-1,1,1,1,-1,-1,1,1,1,-1,1,-1,1,-1,-1,1,1,-1,-1,1,-1,-1,1,1,1,-1,1,1,1,1,1,-1,-1,1,-1,-1,1,-1,-1,-1,1,-1,1,1,1,-1,1,1,-1,1,1,1,1,-1,1,-1,1,1,1,1,-1,1,-1,1,1,1,1,-1,1,-1,1,1,1,1,-1,1,-1,1,1,-1,-1,-1,1,-1,-1,1,1,-1,-1,-1,1,-1,1,-1,1,-1,1,-1,-1,1,-2668.0,1,2000,445,1000,False
1801,1,1,-1,-1,1,-1,-1,-1,1,1,1,-1,1,1,1,1,-1,1,-1,-1,-1,-1,1,1,1,1,-1,-1,1,1,1,1,-1,-1,-1,-1,1,-1,1,1,-1,-1,-1,1,1,1,1,-1,1,1,1,1,-1,1,-1,-1,1,-1,1,1,1,-1,-1,-1,1,1,1,1,-1,-1,-1,1,1,1,1,-1,-1,-1,1,1,1,-1,-1,-1,1,1,1,1,-1,-1,1,1,1,1,1,-1,-1,-1,1,-1,1,1,-1,-1,1,1,1,1,1,-1,-1,-1,1,1,1,1,-1,-1,1,1,1,1,1,1,-1,-1,1,1,-1,1,1,-1,1,1,1,1,1,1,-1,1,1,1,-1,1,1,-1,1,1,1,1,1,1,-1,-1,-1,1,-1,1,1,-1,1,1,1,1,-1,1,-1,1,-1,1,1,1,-1,-1,1,1,1,-1,1,-1,1,-1,-1,1,1,1,-1,1,1,1,1,-1,1,1,1,1,-1,1,-1,1,-1,1,1,-1,1,-1,1,1,-1,1,-1,1,-1,1,-1,1,1,-1,1,-1,1,1,1,1,-1,-1,1,1,-1,-1,1,-1,1,1,-1,1,-1,1,-1,1,1,1,-1,1,1,-1,1,1,1,1,-1,1,-1,1,1,1,-1,1,1,-1,1,-1,1,-1,1,-1,1,-1,1,1,-1,1,-1,-1,1,1,1,-1,1,-1,-1,-1,-1,1,-1,-1,1,1,-1,-1,1,1,-1,1,1,-1,1,1,1,1,-1,1,-1,1,1,-1,1,-1,1,1,-1,1,1,1,1,1,-1,-1,1,-1,-1,1,1,1,-1,1,1,1,-1,1,-1,-1,1,1,1,-1,1,-1,1,1,1,-1,1,1,-1,-1,1,1,-1,1,1,-1,1,-1,1,1,-1,1,-1,1,1,1,-1,1,1,-1,1,1,1,-1,1,-1,-1,1,1,1,-1,1,-1,-1,1,1,1,-1,1,-1,-1,-1,-1,1,-1,1,1,-1,1,1,1,1,-1,1,-1,-1,-1,1,-1,1,-1,-1,1,-1,-1,-1,1,1,-1,1,-1,1,-1,1,-1,1,-1,1,1,1,1,-1,1,-1,1,1,-1,1,-1,-1,-1,-1,1,1,1,1,-1,-1,1,1,1,1,-1,-1,1,-1,-1,1,-1,1,-1,1,-1,1,1,1,-1,-1,1,1,-1,1,-1,1,-1,-1,1,-1,1,1,-1,-1,-1,1,-1,-1,1,1,-1,-1,1,-1,1,1,-1,1,-1,1,-1,-1,1,1,-1,1,1,-1,1,1,-1,-1,1,1,-1,1,-1,1,-1,1,-1,-1,1,-1,1,-1,1,-1,-1,1,-1,-1,-1,1,-1,-1,1,-1,1,-1,1,-1,-1,1,-1,-1,1,-1,1,-1,1,1,1,-1,1,1,-1,-1,-1,1,-1,1,-1,-1,1,-1,1,1,1,1,-1,-1,1,1,-1,1,1,1,-1,1,1,1,1,1,1,-1,1,1,1,-1,-1,-1,1,-1,-1,-1,1,-1,-1,1,1,1,-1,1,-1,1,-1,-1,-1,1,1,-1,1,1,-1,-1,-1,1,-1,1,1,-1,1,-1,1,-1,-1,-1,-1,-1,-1,1,-1,-1,-1,-1,-1,-1,1,-1,1,1,1,1,-1,1,-1,1,1,-1,-1,-1,1,-1,-1,1,-1,1,-1,-1,1,1,1,1,-1,-1,1,1,1,1,-1,1,-1,-1,1,1,1,-1,-1,-1,-1,1,1,1,-1,-1,-1,1,-1,1,-1,1,1,-1,-1,1,1,1,-1,-1,-1,-1,1,1,1,1,-1,-1,-1,1,1,1,1,-1,-1,-1,1,-1,1,-1,-1,-1,1,1,1,1,1,-1,1,-1,1,-1,1,1,-1,-1,-1,1,1,-1,1,-1,-1,-1,1,1,1,1,-1,-1,1,-1,1,-1,1,-1,1,1,-1,1,1,-1,-1,-1,1,1,-1,1,1,-1,1,-1,1,-1,1,1,-1,-1,1,-1,1,-1,-1,-1,1,-1,1,-1,1,-1,-1,-1,-1,1,-1,1,-1,1,-1,1,1,-1,-1,1,1,1,-1,-1,-1,1,-1,-1,-1,1,1,1,-1,-1,-1,-1,1,-1,1,-1,-1,-1,-1,-1,-1,-1,1,-1,-1,-1,1,-1,-1,1,-1,-1,-1,-1,-1,1,1,-1,-1,-1,-1,-1,1,-1,-1,-1,1,-1,-1,1,-1,1,-1,-1,-1,-1,-1,-1,-1,1,-1,-1,-1,1,1,-1,-1,-1,1,-1,1,-1,-1,-1,1,-1,-1,1,-1,1,-1,-1,-1,-1,1,-1,1,1,-1,1,-1,-1,1,1,-1,-1,-1,-1,-1,-1,1,1,-1,-1,1,-1,1,1,-1,-1,-1,1,-1,1,1,-1,-1,1,-1,-1,1,1,1,-1,1,-1,1,1,1,-1,-1,1,-1,-1,1,1,1,-1,1,-1,-1,1,1,-1,1,1,-1,-1,1,1,-1,1,1,-1,-1,1,1,-1,1,1,-1,-1,1,1,1,1,1,1,-1,-1,1,1,-1,1,-1,-1,1,-1,1,1,1,1,-1,-1,1,-1,1,1,1,-1,1,1,1,1,-1,1,-1,1,1,1,1,1,1,1,-1,1,1,1,1,-1,1,-1,1,1,1,1,1,-1,1,1,1,1,-1,1,1,-1,1,1,-1,1,1,-1,-1,1,1,1,1,-1,1,-1,1,1,1,-1,-1,1,-1,1,1,1,-1,1,-1,-1,-1,1,1,-1,-1,1,-1,-1,1,1,1,-1,1,-1,-1,1,1,1,-1,1,-1,-1,1,1,-1,-1,-1,1,-1,-1,1,-1,1,1,-1,1,1,-1,-1,1,-1,-1,-1,1,1,-1,1,1,-1,1,1,-1,-1,-1,-1,1,-1,-1,-1,-1,1,-1,-1,1,1,-1,1,1,-1,1,1,1,1,-1,1,-1,1,1,1,-1,-1,1,-1,-1,1,1,-1,-1,1,-1,1,1,1,-1,-1,1,-1,1,1,1,1,-1,1,-1,-1,1,1,1,-1,-1,1,-1,1,-1,1,-1,1,-1,-1,1,-2668.0,1,2000,445,0,False
1802,1,1,-1,-1,1,-1,-1,-1,1,1,1,-1,1,1,1,1,-1,1,-1,-1,-1,-1,1,1,1,1,-1,-1,1,1,1,1,-1,-1,-1,-1,1,1,1,1,-1,-1,-1,1,1,1,1,-1,1,1,1,1,-1,1,-1,-1,1,-1,1,1,1,-1,-1,-1,1,1,1,1,-1,-1,-1,1,1,1,1,-1,-1,-1,1,1,1,-1,-1,-1,1,1,1,1,-1,-1,1,1,1,1,1,-1,-1,-1,1,-1,1,1,-1,-1,1,1,1,1,1,-1,-1,-1,1,-1,1,1,-1,-1,1,1,1,1,1,1,-1,-1,1,1,-1,1,1,-1,1,1,1,1,1,1,-1,1,1,1,1,1,1,-1,1,1,1,1,1,1,-1,-1,-1,1,1,1,1,-1,1,1,1,1,-1,1,-1,1,-1,1,1,1,-1,-1,1,1,1,1,1,-1,1,-1,-1,1,1,1,-1,1,1,1,1,-1,1,1,1,1,1,1,-1,1,-1,1,1,-1,1,-1,1,1,-1,1,-1,1,-1,1,-1,1,1,-1,1,-1,1,1,1,1,-1,-1,1,1,-1,-1,1,-1,1,-1,1,1,-1,1,-1,1,-1,1,-1,1,1,-1,-1,-1,1,1,-1,1,-1,1,1,1,-1,1,1,-1,1,-1,1,-1,1,-1,1,-1,1,1,-1,1,-1,-1,-1,1,1,-1,1,-1,-1,-1,1,1,-1,-1,1,1,-1,-1,1,1,-1,1,1,-1,1,1,1,1,-1,1,-1,1,1,-1,1,-1,1,1,-1,1,1,1,1,1,-1,-1,1,-1,-1,-1,1,1,-1,1,1,1,-1,1,-1,-1,1,1,1,1,1,-1,1,1,1,-1,-1,1,-1,1,1,1,-1,1,1,-1,-1,1,1,1,-1,1,-1,1,1,1,-1,1,1,-1,1,1,1,-1,1,-1,-1,1,1,1,-1,1,-1,-1,-1,1,1,-1,1,-1,-1,1,-1,1,-1,1,1,-1,-1,1,1,1,-1,1,-1,-1,1,1,-1,1,-1,-1,-1,-1,-1,-1,1,-1,-1,-1,1,1,-1,1,-1,-1,-1,1,1,1,1,1,-1,1,1,1,-1,1,-1,-1,-1,-1,1,1,1,1,-1,-1,1,1,1,1,-1,-1,1,-1,-1,1,-1,1,-1,-1,1,-1,1,1,-1,-1,1,1,-1,1,-1,1,-1,-1,1,-1,1,1,-1,-1,-1,1,-1,-1,1,1,-1,-1,1,-1,1,1,-1,1,-1,1,-1,-1,1,1,-1,-1,1,-1,1,1,-1,-1,1,1,-1,1,-1,1,-1,1,-1,-1,1,-1,1,-1,1,-1,-1,1,-1,-1,-1,1,-1,-1,1,-1,1,-1,1,-1,-1,1,-1,-1,1,-1,1,-1,1,1,1,-1,1,1,-1,-1,1,1,-1,1,-1,-1,1,-1,1,1,1,1,-1,-1,1,1,-1,1,1,-1,-1,1,1,1,-1,1,1,-1,1,1,1,1,1,-1,1,-1,-1,-1,1,-1,1,1,-1,1,-1,1,-1,1,-1,-1,-1,1,1,-1,1,1,-1,-1,-1,1,-1,1,1,-1,1,-1,1,-1,-1,-1,-1,-1,-1,1,-1,-1,-1,-1,-1,-1,1,-1,1,1,1,1,-1,1,-1,1,1,-1,-1,-1,1,-1,-1,1,-1,1,-1,-1,1,1,1,1,-1,-1,1,1,1,1,-1,1,-1,-1,1,1,1,-1,-1,-1,1,1,1,1,-1,1,-1,1,-1,1,-1,1,1,-1,-1,1,1,1,-1,-1,-1,-1,1,1,1,1,-1,-1,-1,1,1,1,1,-1,-1,-1,1,1,1,-1,-1,-1,1,1,1,1,1,-1,-1,-1,1,1,1,1,-1,-1,-1,1,1,-1,1,-1,-1,-1,1,1,1,1,-1,-1,1,1,1,1,-1,-1,1,1,-1,1,1,-1,-1,-1,1,1,1,1,1,-1,1,1,1,1,1,-1,-1,-1,1,-1,1,-1,-1,-1,-1,1,-1,1,1,-1,-1,-1,1,-1,1,1,-1,-1,-1,1,1,1,1,-1,-1,1,-1,-1,1,1,-1,-1,-1,1,1,-1,-1,-1,-1,-1,1,-1,1,-1,-1,-1,-1,-1,-1,-1,1,-1,-1,-1,1,-1,-1,1,-1,-1,-1,-1,-1,1,1,-1,-1,-1,-1,-1,1,-1,-1,-1,1,-1,-1,1,-1,1,-1,-1,-1,-1,-1,-1,-1,1,-1,-1,-1,1,1,-1,-1,-1,-1,1,-1,-1,-1,-1,1,-1,-1,1,1,1,-1,-1,-1,-1,1,-1,1,1,-1,1,-1,-1,1,1,-1,-1,-1,-1,-1,-1,1,1,-1,-1,1,-1,1,1,-1,-1,-1,1,-1,1,1,-1,-1,1,-1,-1,1,1,1,-1,1,-1,1,1,1,-1,-1,1,-1,-1,1,1,1,-1,1,-1,-1,1,1,-1,1,1,-1,-1,1,1,-1,1,1,-1,-1,1,1,-1,1,1,-1,-1,1,1,1,1,1,1,-1,-1,1,1,1,1,-1,-1,1,-1,1,1,1,1,-1,-1,1,-1,1,1,1,-1,1,1,1,1,-1,1,-1,1,1,1,1,1,1,1,-1,1,1,1,1,-1,1,-1,1,1,1,1,1,-1,1,1,1,1,-1,1,1,-1,1,1,-1,1,1,-1,-1,1,1,1,1,-1,1,-1,1,1,1,-1,-1,1,-1,1,1,1,-1,1,-1,-1,-1,1,1,-1,-1,1,-1,-1,1,1,1,-1,1,-1,-1,1,1,1,-1,1,-1,-1,1,1,-1,-1,-1,1,-1,-1,1,-1,1,1,-1,1,1,-1,-1,1,-1,-1,-1,1,1,-1,1,1,-1,1,1,-1,-1,1,-1,1,-1,-1,-1,-1,1,-1,-1,1,1,-1,1,1,-1,1,1,1,1,-1,1,-1,1,1,1,-1,-1,1,-1,-1,-1,1,-1,-1,1,-1,1,1,1,-1,-1,1,-1,1,1,1,1,-1,1,-1,-1,1,1,1,-1,-1,1,-1,1,1,1,-1,1,-1,-1,1,-2668.0,1,2000,445,0,False
1803,-1,-1,1,1,1,1,-1,1,-1,-1,-1,1,-1,1,-1,-1,1,-1,1,1,-1,1,-1,-1,-1,1,-1,-1,1,-1,-1,-1,1,1,-1,1,1,-1,-1,-1,1,-1,1,-1,-1,-1,-1,-1,1,-1,1,-1,1,-1,1,-1,-1,1,-1,-1,-1,1,1,1,-1,-1,-1,-1,-1,-1,1,-1,-1,-1,-1,-1,-1,1,-1,-1,-1,1,1,-1,-1,-1,-1,-1,-1,1,-1,-1,-1,-1,-1,-1,-1,1,-1,1,-1,-1,-1,-1,1,-1,-1,-1,-1,-1,-1,1,-1,1,-1,-1,-1,-1,1,-1,-1,1,-1,-1,-1,1,-1,-1,1,-1,-1,-1,-1,-1,-1,1,-1,-1,-1,-1,-1,-1,1,-1,-1,-1,1,-1,-1,-1,-1,-1,-1,-1,1,-1,1,1,-1,-1,-1,-1,-1,-1,-1,-1,1,-1,1,-1,-1,-1,-1,-1,-1,-1,-1,1,-1,-1,-1,1,1,-1,-1,-1,-1,-1,-1,-1,-1,1,-1,1,-1,-1,1,-1,1,-1,-1,1,-1,1,-1,1,-1,-1,-1,-1,1,-1,1,-1,1,1,-1,1,-1,1,1,-1,-1,-1,1,1,-1,1,-1,-1,-1,1,-1,-1,1,-1,-1,-1,1,-1,-1,1,-1,1,-1,1,1,-1,1,-1,1,-1,1,-1,1,1,-1,1,-1,1,-1,-1,1,-1,1,-1,1,1,1,1,-1,1,-1,1,1,-1,1,1,-1,-1,1,1,1,1,1,-1,-1,1,1,1,1,1,-1,-1,1,-1,-1,-1,1,1,1,1,1,-1,-1,1,1,-1,1,1,1,-1,1,-1,1,1,1,1,-1,1,-1,1,1,-1,1,-1,1,-1,1,1,1,1,-1,1,1,1,1,1,-1,1,1,1,-1,1,1,-1,1,1,-1,1,1,1,-1,1,1,1,-1,1,1,1,1,1,-1,1,1,1,1,1,1,-1,1,-1,1,-1,1,1,1,1,-1,1,1,-1,1,-1,1,-1,1,1,-1,1,-1,1,1,-1,1,-1,1,1,-1,1,-1,1,-1,1,-1,1,-1,-1,1,1,-1,-1,1,1,-1,1,-1,1,-1,1,-1,1,1,-1,1,1,1,1,-1,1,-1,1,-1,1,-1,-1,1,-1,1,1,1,1,-1,1,1,1,1,1,-1,-1,1,-1,-1,1,-1,1,-1,-1,1,-1,1,-1,-1,-1,-1,1,-1,1,-1,1,-1,-1,1,-1,1,1,-1,-1,-1,1,-1,-1,1,1,-1,-1,1,-1,1,1,-1,1,-1,1,-1,-1,1,1,-1,-1,-1,-1,1,1,-1,1,-1,1,-1,1,-1,1,-1,-1,1,-1,1,-1,1,-1,-1,-1,-1,1,-1,-1,-1,-1,-1,-1,1,1,1,-1,1,-1,-1,1,-1,-1,1,-1,-1,-1,1,1,1,-1,1,-1,-1,-1,-1,1,-1,1,-1,-1,1,-1,1,1,1,-1,-1,-1,1,1,-1,1,-1,-1,-1,1,1,1,-1,1,1,-1,1,1,1,1,1,-1,1,-1,1,1,-1,1,-1,1,-1,-1,1,-1,-1,1,-1,-1,1,-1,-1,-1,1,1,-1,1,1,-1,-1,1,1,-1,-1,1,-1,-1,-1,-1,-1,1,1,-1,-1,-1,-1,-1,1,1,-1,-1,1,1,1,-1,1,-1,1,-1,1,-1,1,1,-1,-1,-1,1,-1,-1,1,1,-1,1,1,1,1,1,1,-1,-1,1,-1,1,1,1,-1,-1,1,-1,1,1,-1,-1,1,1,-1,1,1,-1,1,1,-1,1,-1,1,1,-1,1,1,-1,1,1,-1,1,1,1,1,1,1,1,-1,-1,1,1,1,1,1,-1,1,1,-1,1,1,1,-1,-1,1,1,1,-1,1,-1,-1,1,1,1,1,1,1,-1,-1,1,1,1,1,-1,-1,1,1,1,1,-1,1,-1,1,-1,1,-1,-1,1,-1,1,-1,1,1,-1,-1,1,-1,1,1,-1,1,-1,-1,1,-1,1,1,-1,1,-1,1,-1,1,-1,1,-1,-1,1,-1,1,1,1,1,-1,1,-1,1,-1,1,-1,-1,1,-1,1,1,-1,1,1,1,1,1,-1,1,1,-1,1,1,1,1,-1,1,-1,1,-1,1,1,-1,1,1,-1,1,1,1,-1,1,1,-1,1,1,1,1,-1,-1,-1,1,1,1,-1,1,-1,1,-1,1,1,-1,1,1,-1,1,1,1,-1,1,1,-1,1,1,1,-1,-1,1,1,1,1,1,1,1,1,-1,1,1,1,-1,1,-1,1,1,1,1,-1,-1,1,-1,1,1,1,1,-1,-1,1,1,1,1,1,1,-1,-1,1,-1,1,1,-1,-1,1,1,1,1,1,-1,-1,1,1,1,1,-1,-1,-1,1,1,-1,1,-1,-1,1,1,1,1,1,1,-1,-1,1,1,1,1,-1,-1,-1,1,1,1,1,-1,-1,-1,1,1,1,1,1,-1,-1,1,1,1,1,1,-1,-1,1,1,-1,1,1,1,-1,-1,1,-1,1,1,-1,-1,1,-1,1,1,1,1,-1,-1,1,-1,1,1,1,-1,1,1,-1,1,-1,1,-1,1,1,-1,1,1,1,1,-1,1,1,1,1,-1,1,-1,1,1,1,1,1,-1,1,1,1,1,-1,-1,1,-1,1,1,-1,1,1,-1,-1,1,-1,1,-1,1,1,-1,1,-1,1,1,-1,1,-1,1,-1,1,1,1,-1,-1,-1,1,1,1,-1,1,-1,-1,-1,1,1,-1,1,-1,-1,-1,1,-1,1,-1,-1,-1,1,1,1,1,-1,1,-1,1,1,1,-1,1,-1,1,1,1,1,-1,1,-1,-1,-1,1,1,-1,1,-1,1,1,-1,1,1,-1,1,-1,-1,1,1,-1,1,-1,1,1,-1,1,-1,-1,1,1,1,1,1,-1,-1,1,1,1,1,1,1,-1,-1,1,1,1,1,1,-1,1,1,1,1,1,1,-1,1,1,1,-1,1,1,-1,-1,1,1,-1,1,1,1,-1,1,1,-1,1,1,-1,-1,1,-2668.0,1,2000,445,500,True
1804,1,1,-1,-1,1,1,-1,-1,1,1,1,-1,-1,1,1,1,-1,1,-1,1,1,-1,1,1,1,-1,-1,-1,1,1,1,1,1,1,-1,-1,1,1,1,-1,1,-1,-1,1,1,1,1,-1,1,1,1,1,-1,1,1,-1,1,-1,1,1,1,-1,1,-1,1,1,1,1,-1,-1,-1,1,1,1,1,-1,1,-1,1,1,1,-1,-1,1,1,1,1,1,-1,1,-1,1,1,1,1,-1,-1,1,1,-1,1,1,-1,-1,1,1,1,1,1,-1,-1,1,1,1,1,1,-1,-1,1,1,1,1,1,1,-1,1,1,1,-1,1,1,-1,1,1,1,1,1,1,-1,1,1,1,1,1,1,-1,-1,1,1,1,1,1,-1,1,-1,1,1,1,1,-1,1,1,1,1,-1,1,-1,1,-1,1,1,1,-1,-1,1,1,1,1,1,-1,1,-1,-1,1,-1,1,-1,1,1,1,1,1,1,1,1,1,-1,1,-1,1,-1,1,1,-1,1,-1,1,1,-1,1,-1,1,-1,1,-1,1,1,-1,1,-1,1,1,1,1,-1,-1,1,1,-1,-1,1,-1,1,-1,-1,1,-1,1,-1,1,-1,1,-1,1,1,-1,-1,-1,1,1,-1,1,-1,1,1,1,-1,1,1,-1,1,-1,1,-1,1,-1,1,-1,1,1,-1,1,-1,-1,-1,1,1,-1,1,-1,-1,-1,1,1,-1,-1,1,1,-1,-1,1,1,-1,1,1,-1,1,1,1,1,-1,1,-1,1,1,-1,1,-1,1,1,-1,1,1,1,1,1,-1,-1,1,-1,-1,-1,1,1,-1,1,1,1,-1,1,-1,-1,1,1,1,-1,1,-1,1,1,1,-1,-1,1,-1,1,1,1,-1,1,1,-1,-1,1,1,1,-1,1,-1,1,1,1,-1,1,1,-1,1,1,1,-1,1,-1,-1,1,1,1,-1,1,-1,-1,-1,1,1,-1,1,-1,-1,1,-1,1,-1,1,1,-1,-1,1,1,1,-1,1,-1,-1,1,1,-1,1,-1,-1,-1,-1,-1,-1,1,-1,-1,-1,1,1,-1,1,-1,1,-1,1,1,1,1,-1,-1,1,1,1,-1,1,-1,-1,-1,-1,1,1,1,1,-1,-1,1,1,1,1,-1,-1,1,-1,-1,1,-1,1,-1,-1,1,-1,1,-1,-1,-1,1,1,-1,1,-1,1,-1,-1,1,-1,1,1,-1,-1,-1,1,-1,-1,1,1,-1,-1,1,-1,1,1,-1,1,-1,1,-1,-1,1,1,-1,-1,1,-1,1,1,-1,-1,1,1,-1,1,-1,1,-1,1,-1,-1,1,-1,1,-1,1,-1,-1,1,-1,-1,-1,1,-1,-1,1,-1,1,-1,1,-1,-1,1,-1,-1,1,-1,1,-1,1,1,1,-1,1,1,-1,-1,-1,1,-1,1,-1,-1,1,-1,1,1,1,1,-1,-1,1,1,-1,1,1,-1,-1,1,1,1,-1,1,1,-1,1,1,1,1,-1,-1,1,-1,-1,-1,1,-1,1,1,-1,1,-1,1,-1,1,-1,-1,-1,1,1,-1,1,1,-1,-1,-1,1,-1,1,1,-1,1,-1,1,-1,-1,-1,-1,-1,-1,1,-1,-1,-1,-1,-1,-1,1,-1,1,1,1,1,-1,1,-1,1,1,-1,-1,-1,1,-1,-1,1,-1,1,-1,-1,1,1,1,1,-1,-1,1,1,1,1,-1,1,-1,-1,1,1,1,-1,-1,-1,1,1,1,1,-1,-1,-1,1,-1,1,-1,1,-1,-1,-1,1,1,1,-1,-1,-1,-1,1,1,1,1,-1,-1,-1,1,1,1,1,-1,-1,-1,1,-1,1,-1,-1,-1,1,1,1,1,1,-1,-1,-1,1,1,1,1,-1,-1,-1,1,1,-1,1,-1,-1,-1,1,1,1,1,-1,-1,1,1,1,1,-1,-1,1,1,-1,1,1,-1,-1,-1,1,1,1,1,1,-1,1,1,1,1,1,-1,-1,-1,1,-1,1,-1,-1,-1,-1,1,-1,1,1,-1,-1,-1,1,-1,1,1,-1,-1,-1,1,1,1,1,-1,-1,-1,1,-1,1,1,-1,-1,-1,1,1,-1,-1,-1,-1,-1,1,-1,1,-1,-1,-1,-1,-1,-1,-1,1,-1,-1,-1,1,-1,-1,1,-1,-1,-1,-1,-1,1,1,-1,-1,-1,-1,-1,1,-1,-1,-1,1,-1,-1,1,-1,1,-1,-1,-1,-1,-1,-1,-1,1,-1,-1,-1,1,1,1,-1,-1,1,1,-1,-1,-1,-1,1,-1,-1,1,1,1,-1,-1,-1,-1,1,-1,1,1,-1,1,-1,-1,1,1,-1,-1,-1,-1,-1,-1,1,1,-1,-1,1,-1,1,1,-1,-1,-1,1,-1,1,1,-1,-1,1,-1,-1,1,1,1,-1,1,-1,1,1,1,-1,-1,1,-1,-1,1,1,1,-1,1,-1,-1,1,1,-1,1,1,-1,-1,1,1,1,1,1,-1,-1,1,1,-1,1,1,-1,-1,1,1,1,1,1,1,-1,-1,1,1,-1,1,-1,-1,1,-1,1,1,1,1,-1,-1,1,-1,1,1,1,-1,1,1,1,1,-1,1,-1,1,1,1,1,1,1,1,-1,1,1,1,1,-1,1,-1,1,1,1,1,1,-1,1,1,1,1,-1,1,1,-1,1,1,-1,1,1,-1,-1,1,-1,1,1,-1,1,-1,1,-1,1,-1,-1,1,-1,1,-1,1,-1,1,-1,-1,-1,1,1,-1,-1,1,-1,-1,-1,1,1,-1,1,-1,-1,-1,1,1,-1,1,-1,-1,1,1,-1,-1,-1,1,-1,1,-1,-1,1,1,-1,1,1,-1,-1,1,1,-1,-1,-1,1,-1,1,1,-1,1,-1,1,-1,1,-1,1,-1,-1,-1,-1,1,-1,-1,1,1,-1,1,1,-1,1,1,-1,-1,-1,1,-1,1,1,1,1,-1,1,-1,-1,1,1,-1,-1,1,-1,1,1,1,-1,-1,1,-1,1,1,-1,-1,-1,1,-1,-1,1,1,-1,-1,-1,1,-1,1,-1,1,-1,1,-1,-1,1,-2668.0,1,2000,445,1000,False
1805,1,1,-1,-1,1,1,-1,-1,1,1,1,-1,1,1,1,1,-1,1,-1,-1,1,-1,1,1,1,-1,1,-1,1,1,1,1,1,1,-1,-1,1,-1,1,1,-1,-1,-1,1,1,1,1,-1,1,1,1,1,-1,1,-1,-1,1,-1,1,1,1,-1,1,-1,1,1,1,1,-1,-1,-1,1,1,1,1,-1,1,-1,1,1,1,-1,-1,1,1,1,1,1,-1,-1,-1,1,1,1,1,-1,1,1,1,-1,1,1,-1,-1,1,1,1,1,1,-1,-1,1,1,-1,1,1,-1,-1,1,1,1,1,1,1,-1,1,1,1,-1,1,1,-1,1,1,1,1,1,1,-1,1,1,1,1,1,1,-1,-1,1,1,1,1,1,-1,1,-1,1,1,1,1,-1,1,1,1,1,-1,1,-1,1,-1,1,1,1,-1,-1,1,1,1,1,1,-1,1,-1,-1,1,-1,1,-1,1,1,1,1,1,1,1,1,1,1,1,-1,1,-1,1,1,-1,1,-1,1,1,-1,1,-1,1,-1,1,-1,1,1,-1,-1,-1,1,1,1,1,-1,-1,1,1,-1,-1,1,-1,1,-1,1,1,-1,1,-1,1,-1,1,-1,-1,1,-1,-1,-1,1,1,-1,1,-1,1,1,1,-1,1,-1,-1,1,-1,1,-1,1,1,1,-1,1,1,-1,1,-1,-1,-1,1,1,-1,1,-1,-1,-1,1,1,-1,-1,1,1,-1,-1,1,1,-1,1,1,-1,1,1,1,1,-1,1,-1,1,1,-1,1,-1,1,1,-1,1,1,1,1,1,-1,-1,1,-1,-1,-1,1,1,-1,1,1,1,-1,1,-1,-1,1,1,1,1,1,-1,1,1,1,-1,1,1,-1,1,1,1,-1,1,1,-1,-1,1,1,1,-1,1,-1,1,1,1,-1,1,1,-1,1,1,1,-1,1,-1,-1,1,1,1,-1,1,-1,-1,-1,1,1,-1,1,-1,-1,1,-1,1,-1,1,1,-1,-1,1,1,1,-1,1,-1,-1,1,1,-1,1,-1,-1,-1,-1,-1,-1,1,1,-1,-1,1,1,-1,1,-1,1,-1,1,1,1,1,-1,-1,1,1,1,-1,1,-1,-1,-1,-1,1,1,-1,1,-1,-1,1,1,1,-1,-1,-1,-1,-1,-1,1,-1,1,-1,1,-1,1,1,-1,-1,-1,1,1,-1,1,-1,1,-1,-1,1,-1,1,-1,-1,-1,-1,1,-1,-1,1,1,-1,-1,1,-1,1,1,-1,1,-1,1,-1,-1,1,1,-1,-1,1,-1,1,1,-1,-1,1,1,-1,1,-1,1,-1,1,-1,-1,1,-1,1,-1,1,-1,-1,1,1,-1,-1,1,-1,-1,1,-1,1,-1,1,-1,-1,1,1,-1,1,-1,1,-1,1,1,1,-1,1,1,-1,-1,1,1,-1,1,-1,-1,-1,1,1,1,1,1,-1,-1,1,1,-1,1,1,-1,-1,1,1,1,-1,1,1,-1,1,1,1,1,1,-1,1,1,-1,-1,1,-1,-1,1,-1,1,-1,1,-1,1,-1,-1,-1,1,1,-1,1,1,-1,-1,-1,1,-1,1,1,-1,1,-1,1,-1,-1,-1,-1,-1,-1,1,-1,-1,-1,-1,-1,-1,1,-1,1,1,1,1,-1,1,-1,1,1,-1,-1,-1,1,-1,-1,1,-1,1,-1,-1,1,1,1,1,-1,-1,1,1,1,1,-1,1,-1,-1,1,1,1,-1,-1,-1,1,1,1,1,-1,1,-1,1,-1,1,-1,1,1,-1,-1,1,1,1,-1,-1,-1,-1,1,1,1,1,-1,-1,-1,1,1,1,1,-1,-1,-1,1,-1,1,-1,-1,-1,-1,1,1,1,1,-1,-1,1,1,1,1,1,-1,-1,-1,1,1,-1,1,-1,-1,-1,1,1,1,1,-1,-1,1,1,1,1,-1,-1,1,1,-1,1,1,-1,-1,-1,1,1,1,1,1,-1,1,1,1,1,1,-1,-1,-1,1,-1,1,-1,-1,-1,-1,1,-1,1,1,-1,-1,-1,1,-1,1,1,-1,1,-1,1,1,1,1,-1,1,-1,1,-1,1,-1,-1,-1,-1,1,1,-1,-1,-1,-1,-1,1,-1,1,-1,-1,-1,-1,-1,-1,-1,1,-1,-1,-1,1,-1,-1,1,-1,-1,-1,-1,-1,-1,1,-1,-1,-1,-1,-1,1,-1,-1,-1,1,-1,-1,1,-1,1,-1,-1,-1,-1,-1,-1,-1,1,-1,-1,-1,1,1,-1,-1,-1,-1,1,-1,-1,-1,-1,1,-1,-1,1,-1,1,-1,-1,-1,-1,1,-1,1,1,-1,1,-1,-1,1,1,-1,-1,-1,-1,-1,-1,1,1,-1,-1,1,-1,1,1,-1,-1,-1,1,-1,-1,1,-1,-1,1,-1,-1,1,1,1,-1,1,-1,1,1,1,-1,-1,1,-1,-1,1,1,1,-1,1,-1,-1,1,1,-1,1,1,-1,-1,1,1,-1,1,1,-1,-1,1,1,1,1,1,-1,-1,1,1,1,1,-1,1,-1,-1,1,1,-1,1,-1,-1,1,-1,1,1,1,1,-1,-1,1,-1,1,1,1,-1,1,1,1,1,-1,1,-1,1,1,1,1,1,1,1,-1,1,1,1,1,-1,1,-1,1,1,1,1,1,-1,1,1,1,1,-1,1,1,-1,1,1,-1,1,1,-1,-1,1,1,1,1,-1,1,-1,1,1,1,-1,-1,1,-1,1,-1,1,-1,1,-1,-1,1,1,1,-1,-1,1,-1,-1,1,-1,1,-1,1,-1,-1,-1,1,1,-1,-1,-1,-1,1,1,-1,-1,-1,1,-1,1,-1,-1,1,1,-1,-1,1,-1,-1,1,1,1,-1,-1,1,-1,1,1,-1,1,-1,1,-1,-1,-1,1,-1,-1,-1,-1,-1,1,-1,1,1,-1,1,1,-1,1,-1,-1,-1,-1,1,-1,1,1,1,1,-1,1,-1,1,-1,1,-1,1,1,-1,1,-1,1,1,-1,1,-1,1,1,-1,-1,-1,1,-1,1,-1,1,-1,-1,1,-1,1,-1,-1,1,-1,1,-1,1,-1,-2666.0,1,2000,445,1500,False
1806,1,1,-1,-1,1,1,-1,-1,1,1,1,-1,1,1,-1,1,-1,1,-1,-1,-1,1,1,1,1,-1,1,-1,1,1,1,1,1,-1,-1,-1,1,1,1,1,-1,-1,-1,1,1,1,1,-1,1,1,1,1,-1,1,-1,-1,1,-1,1,1,1,-1,-1,1,1,1,1,1,-1,-1,1,1,1,1,1,-1,-1,-1,1,1,1,-1,-1,-1,1,1,1,1,-1,-1,-1,1,1,1,1,-1,-1,1,1,-1,1,1,-1,-1,1,1,1,1,1,-1,-1,-1,1,1,1,1,-1,-1,1,1,1,1,1,1,-1,-1,1,1,-1,1,1,-1,1,1,1,1,1,1,-1,1,1,1,1,1,1,-1,1,1,1,1,1,1,-1,-1,-1,1,1,1,1,-1,1,-1,1,1,-1,1,-1,1,-1,1,1,1,-1,-1,1,1,1,1,1,-1,1,-1,-1,1,-1,1,-1,1,1,1,1,1,1,1,1,1,-1,1,-1,1,-1,1,1,-1,1,-1,1,1,-1,1,-1,1,-1,1,-1,1,1,-1,-1,-1,1,1,1,1,-1,-1,1,1,-1,-1,1,-1,1,-1,-1,1,-1,1,-1,1,-1,1,-1,1,1,-1,-1,-1,1,1,-1,1,-1,1,1,1,-1,1,1,-1,1,-1,1,-1,1,-1,1,-1,1,1,-1,1,-1,-1,-1,1,1,-1,1,-1,-1,-1,1,1,-1,-1,1,1,-1,-1,1,1,-1,1,1,-1,1,1,1,-1,-1,1,-1,1,1,-1,1,-1,1,1,-1,1,1,-1,-1,1,-1,-1,1,-1,1,-1,1,1,-1,1,1,1,-1,1,-1,-1,1,1,-1,-1,1,-1,1,1,1,1,-1,1,-1,1,1,1,-1,1,1,-1,-1,1,1,-1,-1,1,-1,1,1,1,1,1,1,-1,1,1,1,1,1,-1,-1,1,1,1,1,1,-1,-1,-1,1,1,1,1,-1,-1,1,-1,1,-1,1,1,-1,-1,1,1,1,1,1,-1,-1,1,1,1,-1,-1,-1,-1,-1,-1,-1,1,-1,-1,-1,1,1,-1,1,-1,-1,-1,1,1,1,1,1,-1,1,1,1,-1,1,-1,-1,-1,-1,1,1,1,1,-1,-1,1,-1,1,1,-1,-1,-1,1,-1,1,-1,1,-1,1,-1,1,1,1,-1,-1,1,1,-1,1,-1,1,-1,-1,1,-1,1,-1,-1,-1,-1,1,-1,-1,1,1,-1,-1,1,-1,1,1,-1,1,-1,1,-1,1,-1,1,-1,-1,1,1,-1,-1,-1,-1,1,1,-1,1,-1,1,-1,1,-1,1,-1,1,1,-1,1,-1,-1,-1,-1,-1,-1,1,-1,1,-1,-1,1,-1,1,-1,-1,1,-1,-1,1,-1,1,-1,-1,-1,1,-1,1,1,-1,-1,-1,1,-1,1,-1,-1,1,-1,1,1,1,1,-1,-1,-1,1,-1,1,1,1,-1,-1,1,1,-1,1,1,-1,1,1,1,1,1,1,1,-1,-1,-1,1,-1,1,1,-1,-1,1,1,-1,1,-1,-1,-1,1,1,-1,1,1,-1,-1,-1,1,-1,1,1,-1,-1,-1,1,-1,-1,-1,-1,1,-1,1,-1,-1,-1,-1,-1,-1,1,-1,1,1,1,1,-1,1,-1,1,1,-1,-1,-1,1,-1,-1,1,-1,1,-1,-1,1,1,1,1,-1,-1,1,1,1,1,-1,1,-1,-1,1,1,1,-1,-1,-1,1,1,1,1,-1,-1,-1,1,-1,1,-1,1,-1,-1,-1,1,1,1,-1,-1,-1,-1,1,1,1,1,-1,-1,-1,1,1,1,1,-1,-1,-1,1,1,1,-1,-1,-1,-1,1,1,1,1,-1,-1,1,1,1,1,1,-1,-1,-1,1,1,-1,1,-1,-1,-1,1,1,1,1,-1,-1,1,1,1,1,-1,-1,1,1,-1,1,1,-1,-1,-1,1,1,1,1,1,-1,1,1,1,1,1,-1,-1,-1,1,-1,1,-1,-1,-1,-1,1,-1,1,1,-1,-1,-1,1,-1,1,1,-1,-1,-1,1,1,1,1,-1,-1,-1,1,-1,1,-1,-1,-1,-1,1,1,-1,-1,-1,-1,-1,1,-1,1,-1,-1,-1,-1,-1,-1,-1,1,-1,-1,-1,1,-1,-1,1,-1,-1,-1,-1,-1,1,1,-1,-1,-1,-1,-1,1,-1,-1,-1,1,-1,-1,1,-1,1,-1,-1,-1,-1,-1,-1,-1,1,-1,-1,-1,1,1,1,-1,-1,1,-1,-1,-1,-1,-1,1,-1,-1,1,-1,1,-1,-1,-1,-1,1,1,1,1,-1,1,-1,-1,-1,1,-1,-1,-1,-1,-1,-1,1,1,-1,-1,1,-1,1,1,-1,-1,-1,1,-1,1,1,-1,-1,1,-1,-1,1,1,1,-1,1,-1,1,1,1,-1,-1,1,-1,-1,1,1,1,-1,1,-1,-1,1,1,-1,1,1,-1,-1,1,1,1,1,1,-1,-1,1,1,1,1,1,-1,-1,1,1,1,1,1,1,-1,1,1,1,-1,1,-1,-1,1,-1,1,1,1,1,-1,-1,1,-1,1,1,1,-1,1,1,1,1,-1,1,-1,1,1,1,1,1,1,-1,-1,1,1,1,1,-1,1,-1,1,1,1,1,-1,1,-1,1,1,1,-1,-1,1,-1,1,1,-1,1,-1,-1,1,-1,1,1,-1,1,-1,-1,1,1,1,-1,-1,-1,1,1,1,1,-1,1,-1,-1,-1,1,1,-1,1,-1,-1,1,1,1,-1,-1,1,-1,1,-1,1,1,1,1,-1,1,1,1,-1,-1,1,1,1,-1,1,-1,1,-1,-1,1,1,-1,-1,1,-1,-1,1,1,1,-1,1,-1,1,1,1,-1,-1,1,-1,-1,1,-1,-1,-1,1,-1,1,1,1,-1,1,1,-1,1,1,1,1,-1,1,-1,1,1,1,-1,-1,1,-1,1,1,1,-1,-1,1,-1,1,1,1,-1,-1,1,-1,1,1,1,1,-1,1,-1,-1,1,1,-1,-1,-1,1,-1,1,1,1,-1,1,-1,-1,1,-2666.0,1,2000,445,0,False
1807,1,1,-1,-1,1,-1,-1,-1,1,1,1,-1,1,1,1,1,-1,1,-1,-1,-1,-1,1,1,1,-1,-1,-1,1,1,1,1,-1,-1,-1,-1,1,1,1,1,-1,-1,-1,1,1,1,1,-1,1,1,1,1,-1,1,-1,-1,1,-1,1,1,1,-1,-1,-1,1,1,1,1,-1,-1,-1,1,1,1,1,-1,-1,-1,1,1,1,-1,-1,-1,1,1,1,1,-1,-1,1,1,1,1,1,-1,-1,-1,1,-1,1,1,-1,-1,1,1,1,1,1,-1,-1,-1,1,1,1,1,-1,-1,1,1,1,1,1,1,-1,-1,1,1,-1,1,1,-1,1,1,1,1,1,1,-1,1,1,1,1,1,1,-1,1,1,1,1,1,1,-1,-1,-1,1,1,1,1,-1,1,1,1,1,-1,1,-1,1,-1,1,1,1,-1,-1,1,1,1,1,1,-1,1,-1,-1,1,1,1,-1,1,1,1,1,-1,1,1,1,1,-1,1,-1,1,-1,1,1,-1,1,-1,1,1,-1,1,-1,1,-1,1,-1,1,1,-1,1,-1,1,1,1,1,-1,-1,1,1,-1,-1,1,-1,1,-1,1,1,-1,1,-1,1,-1,1,-1,-1,1,-1,-1,-1,1,1,-1,1,-1,1,1,1,-1,1,1,-1,1,-1,1,-1,1,-1,1,-1,1,1,-1,1,-1,-1,-1,-1,1,-1,1,-1,-1,-1,-1,1,-1,-1,1,1,-1,1,1,1,-1,1,1,-1,1,1,1,1,-1,1,-1,1,1,-1,1,-1,1,1,1,-1,1,1,1,1,-1,-1,1,-1,-1,-1,1,1,-1,1,1,1,-1,1,1,1,1,1,1,-1,1,-1,1,1,1,-1,-1,1,-1,1,1,1,-1,1,1,-1,-1,1,1,1,-1,1,-1,1,1,1,-1,1,1,-1,1,1,1,-1,1,1,-1,1,1,1,-1,1,1,-1,-1,1,1,-1,1,1,-1,1,-1,1,-1,1,1,1,-1,1,1,1,1,1,1,-1,1,1,-1,1,1,1,-1,-1,-1,-1,1,1,1,-1,1,1,-1,1,1,-1,-1,1,1,1,1,1,-1,1,1,1,-1,1,1,1,1,-1,1,1,1,-1,1,-1,1,1,1,1,1,1,-1,-1,-1,1,-1,-1,1,-1,1,-1,1,1,1,1,1,-1,-1,1,-1,-1,1,-1,1,-1,1,1,-1,1,1,1,-1,-1,1,-1,1,1,-1,-1,1,1,1,-1,1,-1,-1,-1,1,-1,1,1,-1,-1,1,1,1,1,-1,1,-1,1,-1,-1,1,-1,-1,-1,1,-1,1,1,-1,-1,-1,1,-1,1,1,1,-1,-1,1,-1,-1,1,-1,-1,-1,1,-1,1,1,1,-1,-1,1,-1,-1,1,-1,-1,-1,-1,-1,-1,1,-1,-1,-1,1,-1,-1,1,-1,-1,-1,-1,1,-1,1,-1,-1,-1,-1,1,-1,-1,1,1,1,-1,1,-1,1,-1,1,-1,1,-1,-1,-1,1,-1,-1,1,1,1,-1,1,-1,1,1,1,-1,1,1,-1,-1,-1,1,-1,-1,1,-1,-1,1,1,1,-1,1,-1,-1,1,1,-1,-1,1,-1,-1,1,1,-1,-1,1,-1,-1,-1,1,1,-1,1,1,-1,-1,1,-1,-1,1,-1,1,-1,1,1,-1,-1,1,-1,-1,-1,-1,-1,1,1,1,-1,-1,1,-1,-1,1,-1,-1,1,-1,-1,1,1,-1,-1,1,-1,-1,1,1,-1,1,-1,-1,-1,-1,1,1,-1,-1,-1,-1,-1,1,-1,-1,1,-1,-1,-1,1,1,-1,-1,-1,-1,-1,1,-1,-1,-1,-1,-1,1,1,1,-1,-1,-1,-1,-1,1,1,-1,-1,-1,-1,-1,1,1,1,-1,-1,-1,-1,1,1,-1,-1,-1,-1,1,-1,1,1,1,-1,1,1,-1,1,1,1,-1,-1,1,1,1,-1,-1,-1,1,1,1,1,-1,1,-1,-1,1,-1,1,-1,1,-1,-1,1,-1,1,-1,1,-1,-1,1,-1,1,-1,1,-1,-1,1,-1,1,1,1,-1,1,-1,-1,1,1,1,-1,-1,1,-1,-1,1,1,-1,-1,1,-1,1,-1,1,-1,-1,1,1,-1,1,1,-1,-1,1,1,-1,1,1,-1,-1,-1,-1,-1,-1,1,-1,-1,-1,-1,1,1,-1,-1,1,-1,-1,1,-1,1,-1,-1,-1,-1,-1,1,1,1,-1,-1,-1,1,1,1,-1,-1,-1,1,-1,-1,1,-1,1,-1,-1,1,1,1,-1,-1,-1,-1,1,-1,1,1,-1,1,-1,-1,1,1,-1,-1,-1,-1,-1,-1,1,1,-1,-1,1,-1,1,1,-1,-1,-1,1,-1,1,1,-1,-1,1,-1,-1,1,1,1,-1,1,-1,1,1,1,-1,-1,1,-1,-1,1,1,1,-1,1,-1,-1,1,1,-1,1,1,-1,-1,1,1,-1,1,1,-1,-1,1,1,-1,1,1,-1,-1,1,1,1,1,-1,1,-1,-1,1,1,1,1,-1,-1,1,-1,1,1,1,1,-1,-1,1,-1,1,1,1,-1,1,1,1,1,-1,1,-1,1,1,1,1,1,1,1,-1,1,1,1,1,-1,1,-1,1,1,1,1,1,-1,1,1,1,1,-1,1,1,-1,1,1,-1,1,1,-1,-1,1,1,1,1,-1,1,-1,1,1,1,-1,-1,1,-1,1,1,1,-1,1,-1,-1,-1,1,1,-1,-1,1,-1,-1,1,1,1,-1,1,-1,-1,1,1,1,-1,1,-1,-1,1,1,-1,-1,-1,1,-1,-1,1,-1,1,1,-1,1,1,-1,-1,1,-1,-1,-1,1,1,-1,1,1,-1,1,1,-1,-1,1,-1,1,-1,-1,-1,-1,1,-1,-1,1,1,-1,1,1,-1,1,1,1,1,-1,1,-1,1,1,1,-1,-1,1,-1,-1,1,1,-1,-1,1,-1,1,1,1,-1,-1,1,-1,1,1,1,1,-1,1,-1,-1,1,1,1,-1,-1,1,-1,1,-1,1,-1,1,-1,-1,1,-2666.0,1,2000,445,0,False
1808,1,1,-1,-1,1,-1,-1,-1,1,1,1,-1,1,1,1,1,-1,1,-1,-1,-1,1,1,1,1,-1,-1,-1,1,1,1,1,1,-1,-1,1,1,1,1,1,-1,-1,1,1,1,1,1,-1,1,1,1,1,-1,1,-1,-1,1,-1,1,1,1,-1,-1,1,1,1,1,1,-1,-1,1,1,1,1,1,-1,-1,-1,1,1,1,-1,-1,-1,1,1,1,1,-1,-1,-1,1,1,1,1,-1,-1,1,1,-1,1,1,-1,-1,1,1,1,1,1,-1,-1,1,1,-1,1,1,-1,-1,1,1,1,1,1,1,-1,1,1,1,-1,1,1,-1,1,1,1,1,1,1,-1,-1,1,1,-1,1,1,-1,1,1,1,1,1,1,-1,-1,-1,1,1,1,1,-1,1,-1,1,1,-1,1,-1,1,-1,1,1,1,-1,-1,1,1,1,-1,1,-1,1,-1,-1,1,1,1,-1,1,1,1,1,-1,1,1,1,1,-1,1,-1,1,-1,1,1,-1,1,-1,1,1,-1,1,-1,1,-1,1,-1,1,1,-1,-1,-1,1,1,1,1,-1,-1,1,1,-1,-1,1,-1,1,1,-1,1,-1,1,-1,1,-1,1,-1,1,1,-1,-1,1,1,1,-1,1,-1,1,1,1,-1,1,1,-1,1,-1,1,-1,1,-1,1,-1,1,1,-1,1,-1,-1,-1,1,1,-1,1,-1,1,-1,-1,1,-1,-1,1,1,-1,-1,1,1,-1,1,1,-1,1,1,1,1,-1,1,-1,1,1,-1,1,-1,1,1,-1,1,1,1,1,1,-1,-1,1,-1,-1,1,-1,1,-1,1,1,1,-1,1,-1,-1,1,1,1,-1,1,-1,1,1,1,-1,-1,1,-1,-1,1,1,-1,1,1,-1,1,-1,1,1,-1,1,-1,1,1,1,-1,1,1,-1,1,1,1,-1,1,-1,-1,1,1,1,-1,1,-1,-1,1,1,1,-1,1,-1,-1,-1,-1,1,-1,1,1,-1,1,1,1,1,-1,1,-1,-1,-1,1,-1,1,-1,-1,1,-1,-1,-1,1,1,-1,1,-1,1,-1,1,-1,1,-1,1,1,1,1,-1,1,-1,1,1,-1,1,-1,-1,-1,-1,1,1,1,1,-1,-1,1,1,1,1,-1,-1,1,-1,-1,1,-1,1,-1,1,-1,1,1,1,-1,-1,1,1,-1,1,-1,1,-1,-1,1,-1,1,1,-1,-1,-1,1,-1,-1,1,1,-1,-1,1,-1,1,1,-1,1,-1,1,-1,-1,1,1,-1,1,1,-1,1,1,-1,-1,1,1,-1,1,-1,1,-1,1,-1,1,1,-1,1,-1,1,-1,-1,1,-1,-1,-1,1,-1,-1,1,1,1,-1,1,-1,-1,1,-1,-1,1,-1,1,-1,1,-1,1,-1,1,1,-1,1,-1,1,-1,1,-1,-1,1,-1,1,1,1,1,-1,-1,1,1,-1,1,1,-1,1,1,1,1,-1,1,1,-1,1,1,1,1,1,-1,1,-1,-1,1,-1,1,-1,1,-1,-1,1,1,-1,1,-1,-1,-1,1,1,-1,1,1,-1,1,-1,1,-1,1,1,-1,-1,-1,1,-1,-1,-1,-1,1,-1,1,-1,-1,-1,-1,-1,-1,1,-1,1,1,1,1,-1,1,-1,1,1,-1,-1,-1,1,-1,-1,1,-1,-1,-1,-1,1,1,1,1,-1,-1,1,1,1,1,-1,1,-1,-1,1,1,1,-1,-1,-1,1,1,1,1,-1,1,-1,1,-1,1,-1,1,1,-1,-1,1,1,1,-1,-1,-1,-1,1,1,1,1,-1,-1,-1,1,1,1,1,-1,-1,-1,1,-1,1,-1,-1,-1,-1,1,1,1,1,-1,1,-1,1,-1,1,1,-1,-1,-1,1,1,-1,1,-1,-1,-1,1,1,1,1,-1,-1,1,-1,1,-1,1,-1,1,1,-1,1,1,-1,-1,-1,1,1,-1,1,1,-1,1,1,1,-1,1,-1,-1,-1,1,-1,1,-1,-1,-1,1,-1,1,-1,1,1,-1,-1,-1,1,-1,1,-1,-1,-1,1,1,-1,1,-1,-1,1,-1,-1,-1,-1,-1,-1,-1,1,1,1,-1,-1,-1,-1,1,-1,1,-1,-1,-1,-1,-1,-1,-1,1,-1,-1,-1,1,-1,-1,1,-1,-1,-1,-1,-1,1,1,-1,-1,-1,-1,-1,1,-1,-1,-1,1,-1,-1,1,-1,1,-1,-1,-1,-1,-1,-1,-1,1,-1,-1,-1,1,1,1,-1,-1,1,-1,1,-1,-1,-1,1,-1,-1,1,-1,1,-1,-1,-1,-1,1,-1,1,1,-1,1,-1,-1,1,1,-1,-1,-1,-1,-1,-1,1,1,-1,-1,1,-1,1,1,-1,-1,-1,1,-1,1,1,-1,-1,1,-1,-1,1,1,1,-1,1,-1,1,1,1,-1,-1,1,-1,-1,1,1,1,-1,1,-1,-1,1,1,-1,1,1,-1,-1,1,1,1,1,1,-1,-1,1,1,1,1,1,-1,-1,1,1,1,1,1,1,-1,-1,1,1,1,1,-1,-1,1,-1,1,1,1,1,-1,-1,1,-1,1,1,1,-1,1,-1,1,1,-1,1,-1,1,1,1,1,1,1,1,-1,-1,1,1,1,-1,1,-1,1,1,1,1,1,-1,1,-1,1,1,-1,1,1,-1,-1,1,-1,1,1,-1,-1,1,1,1,1,-1,1,-1,-1,1,1,-1,-1,1,-1,1,1,1,-1,1,-1,-1,-1,1,1,-1,-1,1,-1,-1,1,1,-1,-1,1,-1,-1,1,1,1,-1,1,-1,-1,1,1,-1,-1,-1,1,-1,-1,1,-1,1,1,-1,1,1,-1,-1,1,-1,-1,-1,1,1,-1,1,1,-1,1,1,-1,-1,-1,-1,1,-1,-1,-1,-1,1,-1,-1,1,1,-1,1,1,-1,1,1,1,1,-1,1,-1,1,1,1,1,-1,1,-1,-1,1,1,1,-1,1,-1,1,1,1,1,-1,1,-1,1,1,1,-1,-1,1,-1,-1,1,1,-1,-1,-1,1,-1,1,1,1,-1,1,-1,-1,1,-2666.0,1,2000,445,0,False
1809,1,1,-1,-1,1,-1,-1,-1,1,1,1,-1,1,1,1,1,-1,1,-1,-1,-1,-1,1,1,1,-1,-1,-1,1,1,1,1,1,-1,-1,-1,1,1,1,1,-1,-1,-1,1,1,1,1,-1,1,1,1,1,-1,1,-1,-1,1,-1,1,1,1,-1,-1,-1,1,1,1,1,-1,-1,-1,1,1,1,1,-1,-1,-1,1,1,1,-1,-1,-1,1,1,1,1,-1,-1,-1,1,1,1,1,-1,-1,1,1,-1,1,1,-1,-1,1,1,1,1,1,-1,-1,1,1,1,1,1,-1,-1,1,1,1,1,1,1,-1,-1,1,1,-1,1,1,-1,1,1,1,1,1,1,-1,-1,1,1,1,1,1,-1,1,1,1,1,1,1,-1,-1,-1,1,1,1,1,-1,1,1,1,1,-1,1,-1,1,-1,1,1,1,-1,-1,1,1,1,1,1,-1,1,-1,-1,1,-1,1,-1,1,1,1,1,1,1,1,1,1,-1,1,-1,1,-1,1,1,-1,1,-1,1,1,-1,1,-1,1,-1,1,-1,1,1,-1,1,-1,1,1,1,1,-1,-1,1,1,-1,-1,1,-1,1,-1,-1,1,-1,1,-1,1,-1,1,-1,-1,1,-1,-1,-1,1,1,-1,1,-1,1,1,1,-1,1,1,-1,-1,-1,1,-1,1,-1,1,-1,1,1,-1,1,-1,-1,-1,1,1,-1,1,-1,-1,-1,1,1,-1,-1,1,1,-1,-1,1,1,-1,1,1,-1,1,1,1,1,-1,1,-1,1,1,-1,1,-1,1,1,-1,1,1,1,1,1,-1,-1,1,-1,-1,-1,1,1,-1,1,1,1,-1,1,-1,-1,1,1,1,1,1,-1,1,1,1,-1,-1,1,-1,1,1,1,-1,1,1,-1,-1,1,1,1,-1,1,-1,1,1,1,-1,1,1,-1,1,1,1,-1,1,-1,-1,1,1,1,-1,1,-1,-1,-1,1,1,-1,1,-1,-1,1,-1,1,-1,1,1,-1,-1,1,1,1,-1,1,-1,-1,1,1,-1,1,-1,1,-1,-1,-1,-1,1,1,-1,-1,1,1,-1,1,1,-1,-1,1,1,1,1,1,-1,1,1,1,-1,1,-1,-1,-1,-1,1,1,1,1,-1,-1,1,1,1,1,-1,-1,-1,-1,-1,1,-1,-1,-1,1,-1,1,1,-1,1,-1,1,1,-1,1,-1,1,-1,-1,1,-1,1,1,1,-1,-1,1,-1,-1,1,1,-1,-1,1,-1,1,1,1,1,-1,1,-1,-1,1,1,-1,1,1,-1,1,1,-1,-1,1,1,-1,1,-1,1,-1,1,-1,-1,1,-1,1,-1,1,-1,-1,1,-1,-1,-1,1,-1,-1,1,-1,1,-1,1,-1,-1,1,-1,-1,1,-1,1,-1,1,1,1,-1,1,1,-1,-1,-1,1,-1,1,-1,-1,1,-1,1,1,1,1,-1,-1,1,1,-1,1,1,-1,-1,1,1,1,1,1,1,-1,1,1,1,-1,-1,1,1,-1,-1,-1,1,-1,-1,-1,-1,1,-1,1,-1,1,-1,-1,-1,1,1,-1,1,1,-1,-1,-1,1,-1,1,-1,-1,1,-1,1,-1,-1,-1,-1,-1,-1,1,-1,-1,-1,-1,-1,-1,1,-1,1,1,1,1,-1,1,-1,-1,1,-1,-1,-1,1,-1,-1,-1,-1,1,-1,-1,1,1,-1,1,-1,-1,1,1,1,1,-1,1,-1,-1,1,1,1,-1,-1,-1,1,1,1,1,-1,-1,-1,1,-1,1,-1,1,-1,-1,-1,1,1,1,-1,-1,-1,1,1,1,1,1,-1,-1,-1,1,1,1,1,-1,-1,-1,1,1,1,-1,-1,-1,1,1,1,1,1,-1,-1,-1,1,1,1,1,-1,-1,-1,1,1,-1,1,-1,-1,-1,1,1,1,1,-1,-1,1,1,1,1,-1,-1,1,1,-1,1,1,-1,-1,-1,1,1,1,1,1,-1,1,1,1,1,1,1,-1,-1,1,-1,1,-1,-1,-1,-1,1,-1,1,1,-1,-1,-1,1,-1,1,1,-1,-1,-1,1,1,1,-1,1,-1,-1,1,-1,1,-1,-1,-1,-1,1,1,-1,-1,-1,-1,-1,1,-1,1,-1,-1,-1,-1,-1,-1,-1,1,-1,-1,-1,1,-1,-1,1,-1,-1,-1,-1,-1,-1,1,-1,-1,-1,-1,-1,1,-1,-1,-1,1,-1,-1,1,-1,1,-1,-1,-1,-1,-1,-1,-1,1,-1,-1,-1,1,1,1,-1,-1,1,-1,-1,-1,-1,-1,1,-1,-1,1,1,1,-1,-1,-1,-1,1,-1,1,1,-1,1,-1,-1,1,1,-1,-1,-1,-1,-1,-1,1,1,-1,-1,1,-1,1,1,-1,-1,-1,1,-1,-1,1,-1,-1,1,-1,-1,1,1,1,-1,1,-1,1,1,1,-1,-1,1,-1,-1,1,1,1,-1,1,-1,-1,1,1,-1,1,1,-1,-1,1,1,-1,1,1,-1,-1,1,1,1,1,1,-1,-1,1,1,1,1,-1,1,-1,-1,1,1,1,1,-1,-1,1,-1,1,1,1,1,-1,-1,1,-1,1,1,1,-1,1,1,1,1,-1,1,-1,1,1,1,1,1,1,1,-1,1,1,1,1,-1,1,-1,1,1,1,1,1,-1,1,1,1,1,-1,1,1,-1,1,1,-1,1,1,-1,-1,1,1,1,1,-1,1,-1,1,1,1,-1,-1,1,-1,1,1,1,-1,1,-1,-1,-1,1,1,-1,-1,1,-1,-1,1,1,1,-1,1,-1,-1,1,1,1,-1,1,-1,-1,1,1,-1,-1,-1,1,-1,-1,1,-1,1,1,-1,1,1,-1,-1,1,1,-1,-1,1,1,-1,1,1,-1,1,1,-1,-1,1,-1,1,-1,-1,-1,-1,1,-1,-1,1,1,-1,1,1,-1,1,1,1,1,-1,1,-1,1,1,1,1,-1,1,-1,1,1,1,1,-1,1,-1,-1,1,1,1,-1,1,-1,1,1,1,-1,-1,1,-1,-1,1,1,-1,-1,-1,1,-1,1,1,1,-1,1,-1,-1,1,-2666.0,1,2000,445,1500,False
1810,1,1,-1,-1,1,-1,1,-1,1,1,1,-1,1,1,1,1,-1,1,-1,-1,1,-1,1,1,1,-1,-1,-1,1,1,1,1,1,-1,-1,-1,1,1,1,1,-1,-1,-1,1,1,1,1,-1,1,1,1,1,-1,1,-1,-1,1,-1,1,1,1,-1,-1,-1,1,1,1,1,-1,-1,-1,1,1,1,1,-1,-1,-1,1,1,1,-1,-1,-1,1,1,1,1,-1,-1,-1,1,1,1,1,-1,-1,1,1,-1,1,1,-1,-1,1,1,1,1,1,-1,-1,1,1,1,1,1,-1,-1,1,1,1,1,1,1,-1,-1,1,1,-1,1,1,-1,1,1,1,1,1,1,-1,-1,1,1,-1,1,1,-1,1,1,1,1,1,1,-1,-1,-1,1,-1,1,1,-1,1,1,1,1,-1,1,-1,1,-1,1,1,1,-1,-1,1,1,1,-1,1,-1,1,-1,-1,1,1,1,-1,1,1,1,1,-1,1,1,1,1,-1,1,-1,1,-1,1,1,-1,1,-1,1,1,-1,1,-1,1,-1,1,-1,1,1,-1,1,-1,1,1,1,1,-1,-1,1,1,-1,-1,1,-1,1,1,-1,1,-1,1,-1,1,-1,1,-1,1,1,-1,-1,1,1,-1,-1,1,-1,1,1,1,-1,1,1,-1,1,-1,1,-1,1,-1,1,-1,1,1,-1,1,-1,-1,-1,1,1,-1,1,-1,-1,-1,-1,1,-1,-1,1,1,-1,-1,1,-1,-1,1,1,-1,1,1,1,-1,-1,1,-1,1,1,-1,1,-1,1,1,-1,1,-1,-1,-1,1,-1,-1,1,-1,1,-1,1,1,-1,1,1,1,-1,1,-1,-1,1,1,-1,-1,1,-1,1,1,-1,1,-1,1,-1,1,1,1,-1,1,1,-1,1,-1,1,-1,1,1,-1,1,1,1,1,1,1,-1,1,1,1,1,1,-1,-1,1,1,1,1,1,-1,-1,1,1,1,1,1,-1,-1,-1,-1,1,-1,1,1,-1,1,1,1,1,1,1,-1,-1,-1,1,1,-1,-1,-1,1,-1,-1,-1,1,1,-1,1,-1,1,-1,1,-1,1,-1,1,1,1,1,-1,1,-1,1,1,-1,1,-1,-1,-1,-1,1,1,1,1,-1,-1,1,-1,1,1,-1,-1,1,-1,-1,1,-1,1,-1,1,-1,1,1,1,-1,-1,1,1,-1,1,-1,1,-1,-1,1,-1,1,-1,-1,-1,-1,1,-1,-1,1,1,-1,-1,1,-1,1,1,-1,1,-1,1,-1,1,-1,1,-1,1,1,-1,-1,-1,-1,-1,1,1,-1,1,-1,1,-1,1,-1,1,1,-1,1,-1,1,-1,-1,1,-1,-1,-1,1,-1,1,-1,-1,1,-1,1,-1,-1,1,-1,-1,1,-1,1,-1,-1,-1,1,-1,1,1,-1,-1,-1,1,-1,1,-1,-1,1,-1,1,1,-1,1,-1,-1,1,1,-1,-1,1,-1,-1,1,1,1,1,1,1,-1,1,1,1,-1,-1,-1,1,-1,-1,-1,1,-1,-1,1,1,1,-1,1,-1,1,-1,-1,-1,1,1,-1,1,1,-1,-1,-1,1,-1,1,1,-1,1,-1,1,-1,-1,-1,-1,-1,-1,1,-1,-1,-1,-1,-1,-1,1,-1,1,1,1,1,-1,1,-1,1,1,-1,-1,-1,1,-1,-1,1,-1,1,-1,-1,1,1,1,1,-1,-1,1,1,1,1,-1,1,-1,-1,1,1,1,-1,-1,-1,1,1,1,1,-1,-1,-1,1,-1,1,-1,1,-1,-1,-1,1,1,1,-1,-1,-1,1,1,1,1,1,-1,-1,-1,1,1,1,1,-1,-1,-1,1,-1,1,-1,-1,-1,-1,1,1,1,1,-1,1,-1,1,-1,1,1,-1,-1,-1,1,1,-1,1,-1,-1,-1,1,1,1,1,-1,-1,1,-1,1,-1,1,-1,1,1,-1,1,1,-1,-1,-1,1,1,-1,1,1,-1,1,1,1,-1,1,1,-1,-1,1,-1,1,-1,1,-1,1,-1,1,-1,1,-1,-1,-1,-1,-1,-1,1,-1,-1,-1,1,1,-1,-1,1,-1,1,-1,-1,-1,1,-1,-1,-1,1,1,1,-1,-1,-1,-1,1,-1,1,-1,-1,-1,-1,-1,-1,-1,1,-1,-1,-1,1,-1,-1,1,-1,-1,-1,-1,-1,1,1,-1,-1,-1,-1,-1,1,-1,-1,-1,1,-1,-1,1,-1,1,-1,-1,-1,-1,-1,-1,-1,1,-1,-1,-1,1,1,-1,-1,-1,1,-1,1,-1,-1,-1,1,-1,-1,1,-1,1,-1,-1,-1,-1,1,-1,1,1,-1,1,-1,-1,1,1,-1,-1,-1,-1,-1,-1,1,1,-1,-1,1,-1,1,1,-1,-1,-1,-1,-1,-1,1,-1,-1,1,1,-1,1,1,1,-1,1,-1,1,1,1,-1,-1,1,-1,-1,1,1,1,-1,1,-1,-1,1,1,-1,1,1,1,-1,1,1,1,1,1,1,-1,1,1,1,1,1,1,-1,1,1,1,1,1,1,-1,1,1,1,-1,1,1,-1,1,-1,1,1,1,1,-1,-1,1,-1,1,1,1,-1,1,1,1,1,-1,1,-1,1,1,1,1,1,1,-1,-1,1,1,1,1,-1,1,-1,1,1,1,1,-1,1,-1,1,1,1,-1,-1,1,-1,1,1,-1,1,-1,-1,-1,1,1,1,-1,1,-1,-1,1,1,1,-1,-1,-1,-1,1,1,1,-1,1,-1,-1,-1,1,1,-1,1,-1,-1,1,1,1,-1,1,1,-1,1,1,1,1,1,1,-1,-1,1,1,-1,-1,1,1,1,-1,1,-1,1,-1,-1,1,1,-1,-1,1,-1,-1,-1,1,1,-1,1,1,1,1,1,-1,-1,-1,-1,1,-1,-1,-1,-1,1,-1,1,1,1,-1,1,1,-1,1,1,1,1,-1,1,-1,1,1,1,1,-1,1,-1,1,1,1,1,-1,1,-1,1,1,1,1,-1,1,-1,1,1,-1,-1,-1,1,-1,-1,1,1,-1,-1,-1,1,-1,1,-1,1,-1,1,-1,-1,1,-2666.0,1,2000,445,1500,False
1811,1,-1,1,1,1,-1,-1,-1,-1,-1,1,-1,1,1,-1,-1,1,1,-1,-1,-1,1,-1,-1,1,-1,1,-1,1,-1,1,-1,1,-1,-1,-1,1,-1,-1,1,-1,-1,-1,-1,-1,-1,1,-1,1,1,1,1,-1,1,-1,-1,1,-1,1,-1,-1,-1,-1,1,1,-1,1,-1,-1,-1,1,1,1,1,1,-1,-1,-1,1,-1,1,-1,-1,-1,1,1,1,1,-1,-1,-1,1,-1,1,1,-1,-1,1,1,1,1,1,-1,-1,1,1,1,1,1,-1,-1,1,1,1,1,1,-1,-1,1,1,1,1,1,1,-1,-1,1,1,1,1,1,-1,1,1,1,1,1,1,-1,-1,1,1,1,1,1,-1,1,1,1,1,1,1,-1,-1,-1,1,1,1,1,-1,1,-1,1,1,1,1,-1,1,-1,1,1,1,-1,-1,1,1,1,1,1,-1,1,-1,-1,1,-1,1,-1,1,1,1,1,1,1,1,1,1,-1,1,-1,1,-1,1,1,-1,1,-1,1,1,-1,1,-1,1,-1,1,-1,1,1,-1,1,-1,1,1,1,1,-1,-1,1,1,-1,-1,1,-1,1,-1,1,1,-1,1,-1,1,-1,1,-1,-1,1,-1,-1,-1,1,1,-1,1,-1,1,1,1,-1,1,1,-1,1,-1,1,-1,1,-1,1,-1,1,1,-1,1,-1,-1,-1,1,1,-1,1,-1,-1,-1,1,1,-1,-1,1,1,-1,-1,1,1,-1,1,1,-1,1,1,1,1,-1,1,-1,1,1,-1,1,-1,1,1,-1,1,1,1,1,1,-1,-1,1,-1,-1,-1,1,1,-1,1,1,1,-1,1,-1,-1,1,1,1,1,1,-1,1,1,1,-1,1,1,-1,1,1,1,-1,1,1,-1,-1,1,1,1,-1,1,-1,1,1,1,-1,1,1,-1,1,1,1,-1,1,-1,-1,1,1,1,-1,1,-1,-1,-1,1,1,-1,1,-1,-1,1,-1,1,-1,1,1,-1,-1,1,1,1,-1,1,-1,-1,1,1,-1,1,-1,-1,-1,-1,-1,-1,1,1,-1,-1,1,1,-1,1,-1,-1,-1,1,1,1,1,-1,-1,1,1,1,-1,1,-1,-1,-1,-1,1,1,-1,1,-1,-1,1,1,1,-1,-1,-1,1,-1,-1,1,-1,1,-1,-1,1,-1,1,-1,-1,-1,1,1,-1,1,-1,1,-1,-1,1,-1,1,1,-1,-1,-1,1,-1,-1,1,1,-1,-1,1,-1,1,1,-1,1,-1,1,-1,-1,1,1,-1,-1,1,-1,1,1,-1,-1,1,1,-1,1,-1,1,-1,1,-1,-1,1,-1,1,-1,1,-1,-1,1,-1,-1,-1,1,-1,-1,1,1,1,-1,1,-1,-1,1,-1,-1,1,-1,1,-1,1,-1,1,-1,1,1,-1,-1,-1,1,-1,1,-1,-1,1,-1,1,1,1,1,-1,-1,1,1,-1,1,1,1,-1,1,1,1,-1,1,1,-1,1,1,1,1,1,1,1,-1,-1,1,1,-1,-1,1,-1,-1,1,1,-1,1,-1,-1,-1,1,1,-1,1,1,-1,-1,-1,1,-1,1,1,-1,-1,-1,1,-1,-1,-1,-1,1,-1,1,-1,-1,-1,-1,-1,-1,1,-1,1,1,1,1,-1,1,-1,1,1,-1,-1,-1,1,-1,-1,1,-1,1,-1,-1,1,1,1,1,-1,-1,1,1,1,1,-1,1,-1,-1,1,1,1,-1,1,-1,1,1,1,1,-1,-1,-1,1,-1,1,-1,1,1,-1,-1,1,1,1,-1,-1,-1,-1,1,1,1,1,-1,-1,-1,1,1,1,1,1,-1,-1,1,1,1,-1,1,-1,1,1,1,1,1,1,-1,-1,1,1,1,1,1,-1,-1,1,1,-1,1,1,-1,-1,1,1,1,1,1,-1,1,1,1,1,-1,1,-1,1,-1,1,1,-1,1,-1,1,1,1,1,1,-1,1,1,1,1,1,-1,-1,-1,1,-1,1,-1,-1,-1,-1,1,-1,1,1,-1,1,-1,1,-1,1,1,-1,1,-1,1,1,1,1,-1,1,-1,1,-1,1,1,-1,-1,-1,1,1,-1,-1,-1,1,-1,1,-1,1,-1,-1,1,-1,-1,-1,-1,1,-1,1,-1,1,-1,-1,1,-1,1,-1,-1,-1,1,1,-1,-1,-1,-1,-1,1,-1,-1,1,-1,-1,-1,1,-1,1,-1,-1,-1,-1,-1,-1,-1,1,-1,-1,-1,1,1,1,-1,-1,-1,1,-1,-1,-1,-1,-1,-1,-1,1,1,1,1,-1,-1,-1,1,-1,1,1,-1,1,-1,-1,1,1,1,-1,-1,-1,-1,-1,1,1,-1,-1,1,-1,1,1,-1,-1,-1,1,-1,1,1,-1,-1,1,-1,-1,1,1,1,-1,1,-1,1,1,1,-1,-1,1,-1,-1,1,1,1,-1,1,-1,-1,1,1,-1,1,1,-1,-1,1,1,1,1,1,-1,-1,1,1,1,1,1,-1,-1,1,1,1,1,-1,1,-1,-1,1,1,1,1,-1,-1,1,-1,1,1,1,1,-1,-1,1,-1,1,1,1,-1,1,1,1,1,-1,1,-1,1,1,1,1,1,1,1,-1,1,1,1,1,-1,1,-1,1,1,1,1,1,-1,1,1,1,1,-1,1,1,-1,1,1,-1,1,1,-1,-1,1,1,1,1,-1,1,-1,1,1,1,-1,-1,1,-1,1,1,1,-1,1,-1,-1,-1,1,1,-1,-1,1,-1,-1,1,1,-1,-1,1,-1,-1,1,1,1,-1,1,-1,-1,1,1,-1,-1,-1,1,-1,-1,1,-1,1,1,-1,1,1,-1,-1,1,1,-1,-1,1,1,-1,1,1,-1,1,1,-1,-1,-1,-1,1,-1,-1,-1,-1,-1,1,-1,1,1,-1,1,1,-1,1,1,1,1,-1,1,-1,1,1,1,1,-1,1,-1,-1,1,1,1,-1,1,-1,1,1,1,1,-1,1,-1,1,1,1,-1,-1,1,-1,-1,1,1,-1,-1,-1,1,-1,1,1,1,-1,1,-1,1,1,-2666.0,1,2000,445,1500,False
1812,1,1,-1,-1,1,-1,-1,-1,1,1,1,-1,1,1,-1,1,-1,1,-1,-1,-1,1,1,1,1,-1,-1,-1,1,1,1,1,1,-1,-1,-1,1,-1,1,1,-1,-1,-1,1,1,1,1,-1,1,1,1,1,-1,1,-1,-1,1,-1,1,1,-1,-1,-1,1,1,1,1,1,-1,-1,1,1,1,1,1,-1,-1,-1,1,1,1,-1,-1,-1,1,1,1,1,-1,-1,-1,1,1,1,1,-1,-1,1,1,-1,1,1,-1,-1,1,1,1,1,1,-1,-1,1,1,-1,1,1,-1,-1,1,1,1,1,1,1,-1,1,1,1,-1,1,1,-1,1,1,1,1,1,1,-1,-1,1,1,1,1,1,-1,1,1,1,1,1,1,-1,-1,-1,1,1,1,1,-1,1,1,1,1,-1,1,-1,1,-1,1,1,1,-1,-1,1,1,1,1,1,-1,1,-1,-1,1,1,1,-1,1,1,1,1,-1,1,1,1,1,-1,1,-1,1,-1,1,1,-1,1,-1,1,1,-1,1,-1,1,-1,1,-1,1,1,-1,-1,-1,1,1,1,1,-1,-1,1,1,-1,-1,1,-1,1,-1,-1,1,-1,1,-1,1,-1,1,-1,1,1,-1,-1,-1,1,1,-1,1,-1,1,1,1,-1,1,1,-1,1,-1,1,-1,1,-1,1,-1,1,1,-1,1,-1,-1,-1,1,1,-1,1,-1,-1,-1,1,1,-1,-1,1,1,-1,-1,1,1,-1,1,1,-1,1,1,1,-1,-1,1,-1,1,1,-1,1,-1,1,1,1,1,1,-1,-1,1,-1,-1,1,-1,1,-1,1,1,-1,1,1,1,-1,1,1,1,1,1,-1,-1,1,-1,1,1,1,1,-1,1,-1,1,1,1,-1,1,1,-1,-1,1,1,-1,-1,1,-1,1,1,1,1,1,1,-1,1,1,1,1,1,1,-1,1,1,1,1,1,1,1,-1,1,1,1,1,1,-1,1,-1,1,-1,1,1,1,-1,1,1,1,1,1,1,-1,1,1,1,1,-1,1,-1,-1,-1,-1,1,1,1,-1,1,1,-1,1,1,-1,-1,1,1,1,1,1,-1,1,1,1,-1,1,1,1,-1,-1,1,1,1,-1,1,-1,1,-1,1,1,1,1,-1,1,-1,1,-1,-1,1,1,-1,1,1,1,1,1,1,1,-1,1,-1,-1,1,-1,1,-1,1,-1,1,1,1,1,-1,-1,1,-1,1,1,1,-1,1,1,1,-1,1,1,-1,1,-1,-1,1,1,1,1,-1,-1,1,1,1,1,-1,1,-1,-1,1,1,-1,1,-1,1,-1,1,1,-1,-1,-1,-1,1,1,1,-1,1,-1,1,-1,1,1,-1,-1,1,-1,1,1,1,1,-1,-1,-1,-1,-1,1,1,-1,-1,-1,1,-1,1,-1,-1,1,-1,-1,1,-1,1,-1,-1,-1,-1,1,-1,1,1,-1,-1,-1,-1,1,1,1,-1,1,-1,1,-1,-1,1,1,-1,-1,-1,1,-1,-1,-1,1,-1,1,1,-1,1,1,1,-1,1,1,-1,1,-1,1,-1,-1,1,-1,-1,1,1,-1,-1,1,-1,-1,1,1,1,-1,1,-1,-1,1,1,-1,-1,1,-1,-1,-1,1,1,-1,1,-1,-1,-1,1,1,-1,1,-1,1,-1,1,1,-1,-1,1,-1,-1,-1,-1,-1,1,1,1,-1,1,1,-1,-1,1,-1,-1,-1,-1,-1,1,1,-1,-1,-1,1,-1,1,1,-1,1,1,1,-1,-1,1,1,-1,-1,-1,-1,-1,1,-1,-1,1,-1,-1,-1,1,1,-1,-1,-1,-1,-1,1,-1,-1,1,-1,-1,-1,1,1,-1,1,-1,-1,1,1,1,-1,-1,-1,-1,-1,1,1,1,-1,-1,-1,-1,1,1,-1,-1,-1,-1,1,1,1,1,-1,-1,1,1,1,1,1,-1,-1,-1,1,1,1,1,1,-1,1,1,1,1,-1,1,-1,-1,1,-1,1,-1,1,-1,-1,1,-1,1,-1,-1,-1,-1,1,-1,1,-1,1,1,-1,1,-1,1,-1,1,1,1,-1,-1,1,-1,-1,-1,-1,1,1,-1,-1,-1,-1,-1,1,-1,1,-1,-1,-1,-1,-1,-1,-1,1,-1,-1,-1,1,-1,-1,1,-1,-1,-1,-1,-1,-1,1,-1,-1,-1,-1,-1,1,-1,-1,-1,1,-1,-1,1,-1,1,-1,-1,-1,-1,-1,-1,-1,1,-1,-1,-1,1,1,1,-1,-1,1,1,-1,-1,-1,-1,1,-1,-1,1,-1,1,-1,-1,-1,-1,1,1,1,1,-1,1,-1,-1,-1,1,-1,-1,-1,-1,-1,-1,1,1,-1,-1,1,-1,1,1,-1,-1,-1,1,-1,1,1,-1,-1,1,-1,-1,1,1,1,-1,1,-1,1,1,1,-1,-1,1,-1,-1,1,1,1,-1,1,-1,-1,1,1,-1,1,1,-1,-1,1,1,1,1,1,-1,-1,1,1,1,1,1,-1,-1,1,1,1,1,1,1,-1,1,1,1,-1,1,-1,-1,1,-1,1,1,1,1,-1,-1,1,-1,1,1,1,-1,1,1,1,1,-1,1,-1,1,1,1,1,1,1,-1,-1,1,1,1,1,-1,1,-1,1,1,1,1,-1,1,-1,1,1,1,-1,-1,1,-1,1,1,-1,1,-1,-1,1,1,1,1,-1,1,-1,-1,1,1,1,-1,-1,-1,1,1,1,1,-1,-1,-1,-1,-1,1,1,-1,1,-1,-1,1,1,1,-1,1,-1,-1,1,1,1,1,1,1,-1,1,1,1,-1,-1,1,1,1,-1,1,-1,1,-1,-1,1,1,-1,-1,1,-1,-1,1,1,1,-1,1,1,1,1,1,-1,-1,1,-1,-1,1,-1,-1,-1,1,-1,1,1,1,-1,1,1,-1,1,1,1,1,-1,1,-1,1,1,1,1,-1,1,-1,1,1,1,1,-1,1,-1,1,1,1,1,-1,1,-1,1,1,1,-1,-1,1,-1,-1,1,1,-1,-1,-1,1,-1,1,-1,1,-1,1,-1,-1,1,-2666.0,1,2000,445,0,False
1813,1,1,-1,-1,1,1,-1,-1,1,1,1,-1,-1,1,1,1,-1,1,-1,-1,-1,-1,1,1,1,-1,-1,-1,1,1,1,1,-1,-1,-1,-1,1,1,1,1,-1,-1,-1,1,1,1,1,-1,1,1,1,1,-1,1,-1,-1,1,-1,1,1,1,-1,-1,-1,1,1,1,1,-1,-1,-1,1,1,1,1,-1,-1,-1,1,1,1,-1,-1,-1,1,1,1,1,-1,-1,-1,1,1,1,1,-1,-1,1,1,-1,1,1,-1,-1,1,1,1,1,1,-1,-1,1,1,1,1,1,-1,-1,1,1,1,1,1,1,-1,-1,1,1,-1,1,1,-1,1,1,1,1,1,1,-1,-1,1,1,1,1,1,-1,1,1,1,1,1,1,-1,-1,-1,1,1,1,1,-1,1,1,1,1,-1,1,-1,1,-1,1,1,1,-1,-1,1,1,1,1,1,-1,1,-1,-1,1,1,1,-1,1,1,1,1,-1,1,1,1,1,-1,1,-1,1,-1,1,1,-1,1,-1,1,1,-1,1,-1,1,-1,1,-1,1,1,-1,1,-1,1,1,1,1,-1,-1,1,1,-1,-1,1,-1,1,-1,1,1,-1,1,-1,1,-1,1,-1,1,1,-1,-1,1,-1,1,-1,1,-1,1,1,1,-1,1,1,-1,1,-1,1,-1,1,-1,1,-1,1,1,-1,1,-1,-1,-1,-1,1,-1,1,-1,-1,-1,-1,1,-1,-1,1,1,-1,1,1,1,-1,1,1,-1,1,1,1,1,-1,1,-1,1,1,-1,1,-1,1,1,1,-1,1,1,1,1,-1,-1,1,-1,-1,-1,1,1,-1,1,1,1,-1,1,1,1,1,1,1,1,1,-1,1,1,1,-1,1,1,-1,1,1,1,-1,1,1,-1,-1,1,1,1,-1,1,-1,1,1,1,-1,1,1,-1,1,1,1,-1,1,1,-1,1,1,1,-1,1,1,1,-1,1,1,-1,1,1,-1,1,-1,1,-1,1,1,1,-1,1,1,1,-1,1,1,-1,1,1,-1,1,1,1,-1,-1,-1,-1,1,1,1,-1,1,1,-1,1,1,-1,-1,1,1,1,1,1,-1,1,1,1,-1,1,1,1,-1,-1,1,1,1,-1,1,-1,1,1,1,1,1,1,-1,-1,-1,1,-1,-1,1,1,-1,1,1,-1,1,1,1,1,-1,1,-1,-1,1,-1,1,-1,1,1,-1,1,1,1,-1,-1,1,-1,1,1,1,-1,1,1,1,-1,1,1,-1,-1,1,-1,1,1,1,-1,1,1,1,1,1,1,-1,1,-1,1,1,1,-1,1,1,-1,1,1,1,-1,-1,1,-1,1,1,1,-1,-1,1,-1,-1,1,1,-1,-1,1,-1,1,1,1,1,-1,1,-1,-1,1,1,1,-1,1,-1,-1,1,1,-1,-1,1,-1,-1,1,-1,1,-1,-1,1,-1,1,-1,1,-1,1,1,-1,-1,1,1,1,-1,1,-1,1,-1,-1,1,1,-1,-1,-1,1,-1,-1,1,1,1,-1,1,-1,1,1,1,-1,1,1,-1,1,-1,1,-1,-1,1,-1,-1,1,1,1,-1,1,-1,-1,1,1,-1,-1,1,-1,-1,1,1,-1,-1,1,-1,-1,-1,1,1,-1,1,1,-1,-1,1,-1,-1,1,-1,1,-1,1,1,-1,-1,1,-1,-1,-1,-1,-1,1,1,1,-1,-1,1,-1,-1,1,-1,-1,1,-1,-1,1,1,-1,-1,1,-1,-1,1,1,-1,1,-1,1,-1,-1,1,1,-1,-1,-1,-1,-1,1,-1,-1,1,-1,-1,-1,1,1,-1,-1,-1,-1,-1,1,-1,-1,-1,-1,-1,1,1,1,-1,-1,-1,-1,-1,1,1,-1,-1,-1,-1,-1,1,1,1,-1,-1,-1,-1,1,1,-1,-1,-1,-1,1,-1,1,1,-1,-1,1,1,-1,1,1,-1,-1,-1,1,1,1,-1,1,-1,1,1,1,1,-1,1,-1,-1,1,-1,1,-1,1,-1,-1,1,-1,1,-1,-1,-1,-1,1,-1,1,-1,1,-1,-1,1,-1,1,-1,1,-1,1,-1,1,1,-1,-1,-1,-1,1,-1,-1,-1,-1,-1,-1,1,-1,1,-1,-1,-1,-1,1,1,-1,1,-1,-1,-1,1,-1,-1,1,-1,-1,-1,-1,1,1,1,-1,-1,-1,-1,-1,1,-1,-1,-1,1,-1,-1,1,-1,1,-1,-1,-1,-1,-1,-1,-1,1,-1,-1,-1,1,1,-1,-1,-1,-1,1,-1,-1,-1,-1,1,-1,-1,1,-1,1,-1,-1,-1,-1,1,-1,1,1,-1,1,-1,-1,1,1,-1,-1,-1,-1,-1,-1,1,1,-1,-1,1,-1,1,1,-1,-1,-1,1,-1,1,1,-1,-1,1,-1,-1,1,1,1,-1,1,-1,1,1,1,-1,-1,1,-1,-1,1,-1,1,-1,1,-1,-1,1,1,-1,1,1,-1,-1,1,1,-1,1,1,-1,-1,1,1,-1,1,1,-1,-1,1,1,1,1,1,1,-1,-1,1,1,1,1,-1,-1,1,-1,1,1,1,1,-1,-1,1,-1,1,1,1,-1,1,-1,1,1,-1,1,-1,1,1,1,1,1,1,1,-1,-1,1,1,1,-1,1,-1,1,1,1,1,1,-1,1,-1,1,1,-1,1,1,-1,1,1,-1,1,1,-1,-1,1,1,1,1,-1,1,-1,-1,1,1,-1,-1,1,-1,1,1,1,-1,1,-1,-1,-1,1,1,-1,-1,1,-1,-1,1,1,-1,-1,1,-1,-1,1,1,1,-1,1,-1,-1,1,1,-1,-1,-1,1,-1,1,1,-1,1,1,-1,1,1,-1,-1,1,1,-1,-1,1,1,-1,1,1,-1,1,1,-1,-1,-1,-1,1,-1,-1,-1,-1,-1,1,-1,1,1,-1,1,1,-1,1,1,1,1,-1,1,-1,1,1,1,1,-1,1,-1,-1,1,1,1,-1,1,-1,1,1,1,1,-1,1,-1,1,1,1,-1,-1,1,-1,-1,1,1,-1,-1,-1,1,-1,1,-1,1,-1,1,-1,-1,1,-2666.0,1,2000,445,1500,False
1814,1,1,-1,-1,1,1,-1,-1,1,1,1,-1,1,1,-1,1,-1,1,-1,-1,-1,1,1,1,1,-1,1,-1,1,1,1,1,-1,-1,-1,-1,1,-1,1,1,-1,-1,1,1,1,1,1,-1,1,1,1,1,-1,1,-1,-1,1,-1,1,1,1,-1,-1,1,1,1,1,1,-1,-1,1,1,1,1,1,-1,-1,-1,1,1,1,-1,-1,-1,1,1,1,1,-1,-1,1,1,1,1,1,-1,-1,-1,1,-1,1,1,-1,-1,1,1,1,1,1,-1,-1,-1,1,1,1,1,-1,-1,1,1,1,1,1,1,-1,-1,1,1,-1,1,1,-1,1,1,1,1,1,1,-1,1,1,1,1,1,1,-1,1,1,1,1,1,1,-1,-1,-1,1,1,1,1,-1,1,1,1,1,-1,1,-1,1,-1,1,1,1,-1,-1,1,1,1,1,1,-1,1,-1,-1,1,1,1,-1,1,1,1,1,-1,1,1,1,1,-1,1,-1,1,-1,1,1,-1,1,-1,1,1,-1,1,-1,1,-1,1,-1,1,1,-1,-1,-1,1,1,1,1,-1,-1,1,1,-1,-1,1,-1,1,-1,-1,1,-1,1,-1,1,-1,1,-1,1,1,-1,-1,-1,1,1,-1,1,-1,1,1,1,-1,1,1,-1,-1,-1,1,-1,1,-1,1,-1,1,1,-1,1,-1,-1,-1,1,1,-1,1,-1,-1,-1,1,1,-1,-1,1,1,-1,-1,1,1,-1,1,1,-1,1,1,1,1,-1,1,-1,1,1,-1,1,-1,1,1,-1,1,1,1,1,1,-1,-1,1,-1,-1,-1,1,1,-1,1,1,1,-1,1,-1,-1,1,1,1,1,1,-1,1,1,1,-1,1,1,-1,1,1,1,-1,1,1,-1,1,-1,1,1,-1,1,-1,1,1,1,-1,1,1,-1,1,1,1,-1,1,-1,-1,1,1,1,-1,1,-1,-1,1,1,1,-1,1,-1,-1,-1,-1,1,-1,1,1,-1,1,1,1,1,-1,1,-1,-1,-1,1,-1,1,-1,-1,1,-1,-1,-1,1,-1,-1,1,-1,1,-1,1,-1,1,-1,1,1,1,1,-1,1,-1,1,1,-1,1,-1,-1,-1,-1,1,1,1,1,-1,-1,1,1,1,1,-1,-1,1,-1,-1,1,-1,1,-1,-1,1,-1,1,-1,-1,-1,1,1,-1,1,-1,1,-1,-1,1,-1,1,1,-1,-1,-1,1,-1,-1,1,1,-1,-1,-1,-1,1,1,-1,1,-1,1,-1,-1,1,1,-1,-1,1,-1,1,1,-1,-1,1,1,-1,1,-1,1,-1,1,-1,-1,1,-1,1,-1,1,-1,-1,1,-1,-1,-1,1,-1,-1,1,1,1,-1,1,-1,-1,1,-1,-1,1,-1,1,-1,1,1,1,-1,1,1,-1,-1,-1,1,-1,1,-1,-1,1,-1,1,1,1,1,-1,-1,1,1,-1,1,1,-1,-1,1,1,1,-1,1,1,-1,1,1,1,1,-1,-1,1,-1,-1,-1,1,-1,1,1,1,-1,1,1,-1,1,-1,-1,-1,1,1,-1,1,1,-1,1,-1,1,-1,1,1,-1,-1,-1,1,-1,-1,-1,-1,1,-1,1,-1,-1,-1,-1,-1,-1,1,-1,1,1,1,1,-1,1,-1,1,1,-1,-1,-1,1,-1,-1,1,-1,1,-1,-1,1,1,1,1,-1,-1,1,1,1,1,-1,1,-1,-1,1,1,1,-1,-1,-1,1,1,1,1,-1,-1,-1,1,-1,1,-1,1,1,-1,-1,1,1,1,-1,-1,-1,1,1,1,1,1,-1,-1,-1,1,1,1,1,-1,-1,-1,1,-1,1,-1,-1,-1,-1,1,1,1,1,-1,-1,1,1,-1,1,1,-1,-1,-1,1,1,-1,1,-1,-1,-1,1,1,1,1,-1,-1,1,1,1,-1,-1,-1,1,1,-1,1,1,-1,-1,-1,1,1,-1,1,1,-1,1,1,1,-1,1,-1,-1,-1,1,-1,1,-1,-1,-1,-1,1,1,-1,1,1,-1,-1,1,-1,-1,1,-1,1,-1,1,1,-1,1,-1,1,1,-1,-1,-1,1,-1,-1,-1,1,1,1,-1,-1,-1,-1,1,-1,-1,1,-1,-1,-1,-1,-1,-1,1,-1,-1,-1,1,-1,-1,1,-1,-1,-1,-1,-1,1,1,-1,-1,-1,-1,-1,1,-1,-1,-1,1,-1,-1,1,-1,1,-1,-1,-1,-1,-1,-1,-1,1,-1,-1,-1,1,1,1,-1,-1,1,-1,1,-1,-1,-1,1,-1,-1,1,1,1,-1,-1,-1,-1,1,-1,1,1,-1,1,-1,-1,1,1,-1,-1,-1,-1,-1,-1,1,1,-1,-1,1,-1,1,1,-1,-1,-1,1,-1,1,1,-1,-1,1,-1,-1,1,1,1,-1,1,-1,1,1,1,-1,-1,1,-1,-1,1,1,1,-1,1,-1,-1,1,1,-1,1,1,-1,-1,1,1,-1,1,1,-1,-1,1,1,-1,1,1,-1,-1,1,1,1,1,1,1,-1,-1,1,1,1,1,-1,-1,1,-1,1,1,1,1,-1,-1,1,-1,1,1,1,-1,1,1,1,1,-1,1,-1,1,1,1,1,1,1,1,-1,1,1,1,1,-1,1,-1,1,1,1,1,1,-1,1,1,1,1,-1,1,1,-1,1,1,-1,1,1,-1,-1,1,1,1,1,-1,1,-1,1,1,1,-1,-1,1,-1,1,1,1,-1,1,-1,-1,-1,1,1,-1,-1,1,-1,-1,1,1,1,-1,1,-1,-1,-1,1,1,-1,-1,-1,-1,1,1,-1,-1,-1,1,-1,-1,1,-1,1,1,-1,1,1,-1,-1,1,1,-1,-1,1,1,-1,1,1,-1,1,1,-1,-1,-1,-1,1,-1,-1,-1,-1,-1,1,-1,1,1,-1,1,1,-1,1,1,1,1,-1,1,-1,1,1,1,-1,-1,1,-1,1,1,1,-1,-1,1,-1,-1,1,1,-1,-1,1,-1,1,1,1,1,-1,1,-1,-1,1,1,1,-1,-1,1,-1,1,-1,1,-1,1,-1,-1,1,-2666.0,1,2000,445,0,False
1815,-1,-1,1,1,1,1,-1,1,-1,-1,-1,1,-1,1,-1,-1,1,-1,1,1,1,-1,-1,-1,-1,1,-1,-1,-1,-1,-1,-1,1,1,-1,-1,1,-1,-1,-1,1,-1,-1,-1,-1,-1,-1,-1,1,1,-1,-1,1,-1,1,-1,-1,1,-1,-1,-1,1,1,1,-1,-1,-1,-1,-1,-1,-1,1,-1,-1,-1,-1,1,-1,1,-1,-1,1,1,-1,1,-1,-1,-1,-1,1,-1,-1,1,-1,-1,-1,-1,1,1,1,-1,-1,-1,-1,1,1,1,-1,-1,-1,-1,1,1,1,-1,-1,-1,-1,1,1,1,-1,-1,-1,-1,1,1,1,-1,-1,-1,-1,1,1,1,-1,-1,-1,-1,1,1,1,-1,-1,-1,-1,-1,1,1,1,-1,-1,-1,1,-1,1,1,-1,-1,-1,1,1,1,1,-1,1,-1,1,-1,1,1,1,-1,-1,1,1,1,-1,-1,-1,1,-1,-1,1,1,1,-1,1,1,1,1,-1,1,-1,1,1,-1,1,-1,1,-1,1,1,-1,1,-1,-1,-1,-1,1,-1,1,-1,1,-1,1,1,-1,1,-1,1,-1,-1,1,-1,-1,1,1,1,-1,1,-1,1,1,-1,1,-1,1,-1,1,-1,1,-1,1,1,-1,-1,1,1,1,-1,1,-1,1,1,1,-1,1,1,-1,1,-1,1,-1,1,-1,1,-1,1,1,-1,1,-1,-1,-1,1,1,-1,1,-1,-1,-1,-1,1,1,-1,1,1,-1,-1,1,-1,-1,1,1,-1,1,1,1,-1,-1,1,-1,1,1,-1,1,-1,1,1,-1,1,-1,-1,-1,1,-1,-1,1,-1,1,-1,1,1,-1,1,1,1,-1,1,-1,-1,1,1,-1,-1,1,-1,-1,1,-1,1,-1,1,-1,-1,1,1,-1,1,1,-1,1,-1,1,-1,1,1,-1,1,1,1,1,1,1,-1,1,1,1,1,1,-1,-1,1,1,1,1,1,-1,-1,1,-1,1,1,1,-1,-1,1,-1,1,-1,1,1,-1,1,-1,1,1,1,1,-1,-1,1,1,1,-1,-1,-1,1,1,-1,-1,1,1,-1,1,-1,1,-1,1,-1,1,1,-1,1,1,1,-1,1,1,-1,1,-1,1,-1,-1,1,-1,1,1,1,1,-1,1,1,-1,1,1,-1,-1,1,-1,-1,1,-1,1,-1,-1,1,-1,-1,1,-1,-1,-1,1,-1,1,-1,1,-1,1,1,-1,1,-1,-1,-1,-1,1,-1,-1,1,1,-1,-1,1,-1,1,1,-1,1,-1,1,-1,1,-1,1,-1,-1,-1,-1,1,-1,-1,-1,-1,1,-1,1,-1,1,-1,-1,-1,1,1,1,1,-1,-1,-1,-1,1,-1,-1,-1,-1,-1,1,-1,1,1,-1,-1,-1,-1,1,-1,-1,1,-1,-1,-1,1,-1,1,-1,-1,-1,-1,1,-1,1,-1,1,-1,-1,1,-1,1,1,1,-1,-1,-1,1,1,-1,1,-1,1,-1,1,1,1,-1,1,1,-1,1,1,1,1,1,-1,1,-1,-1,-1,1,-1,1,1,-1,1,-1,1,-1,1,-1,-1,-1,1,1,-1,1,1,-1,1,-1,1,-1,1,1,-1,1,-1,1,-1,-1,-1,-1,1,-1,1,-1,-1,-1,-1,1,-1,1,-1,1,1,1,1,-1,1,-1,1,1,-1,1,-1,1,-1,-1,1,-1,1,-1,-1,1,1,1,1,1,-1,1,1,1,1,-1,1,-1,-1,1,1,1,-1,-1,-1,1,1,1,1,-1,-1,-1,1,-1,1,-1,1,1,-1,-1,1,1,1,-1,-1,-1,-1,1,1,1,1,1,-1,-1,1,1,1,1,-1,-1,-1,1,-1,1,-1,1,-1,-1,1,1,1,1,1,-1,-1,1,-1,1,1,1,-1,-1,1,1,-1,1,1,-1,-1,1,1,1,1,1,-1,1,-1,1,-1,1,1,1,1,-1,1,1,1,1,-1,1,1,-1,1,1,1,1,1,1,-1,1,-1,1,-1,1,-1,-1,1,-1,1,1,-1,1,-1,1,1,1,1,-1,1,-1,1,1,1,1,1,1,-1,1,-1,1,1,-1,-1,-1,1,1,1,1,1,1,-1,1,1,1,1,1,-1,1,-1,1,1,1,-1,-1,-1,-1,1,1,1,1,-1,1,-1,1,1,1,-1,-1,-1,-1,1,1,1,-1,-1,-1,1,-1,1,1,-1,-1,1,-1,1,1,-1,-1,-1,1,-1,1,-1,1,-1,-1,1,1,1,1,1,1,-1,1,-1,1,1,1,-1,-1,1,1,1,1,1,-1,-1,1,-1,1,1,1,-1,-1,-1,1,1,1,1,-1,-1,-1,-1,1,-1,1,-1,1,-1,1,1,1,1,1,-1,-1,1,1,1,1,-1,1,-1,1,1,-1,1,-1,-1,1,1,1,1,-1,-1,-1,-1,1,1,1,1,1,-1,-1,1,1,1,-1,1,1,-1,1,1,1,1,1,1,-1,1,1,1,1,1,1,-1,1,1,-1,1,1,-1,-1,1,1,-1,1,1,1,-1,1,-1,-1,1,1,1,-1,-1,1,-1,1,1,1,-1,1,1,-1,1,1,1,-1,1,1,-1,1,1,1,-1,-1,-1,1,1,1,-1,1,-1,1,1,1,1,-1,1,-1,1,1,1,-1,-1,1,-1,1,1,-1,1,-1,-1,-1,1,-1,1,-1,1,-1,-1,1,-1,1,-1,-1,-1,-1,1,-1,1,-1,-1,-1,-1,-1,1,1,-1,1,-1,-1,-1,-1,1,-1,1,-1,-1,1,-1,1,1,1,1,-1,-1,1,-1,-1,-1,1,1,1,1,-1,-1,1,-1,-1,1,1,-1,-1,1,-1,-1,-1,-1,1,-1,1,-1,1,1,-1,1,-1,-1,-1,-1,-1,-1,-1,-1,1,-1,1,1,1,-1,1,1,-1,1,1,-1,-1,-1,1,-1,1,1,1,1,-1,1,-1,1,1,1,-1,-1,1,-1,1,1,1,-1,-1,1,-1,1,1,-1,-1,-1,1,-1,-1,1,1,-1,-1,-1,1,-1,1,-1,1,-1,1,-1,-1,1,-2666.0,1,2000,445,1500,True
1816,1,1,-1,-1,1,-1,-1,-1,1,1,1,-1,1,1,1,1,-1,1,-1,-1,-1,-1,1,1,1,-1,1,-1,1,1,1,1,-1,-1,-1,-1,1,1,1,1,-1,-1,-1,1,1,1,1,-1,1,1,1,1,-1,1,-1,-1,1,-1,1,1,1,-1,-1,-1,1,1,1,1,-1,-1,-1,1,1,1,1,-1,-1,-1,1,1,1,-1,-1,-1,1,1,1,1,-1,-1,-1,1,1,1,1,-1,-1,1,1,-1,1,1,-1,-1,1,1,1,1,1,-1,-1,-1,1,1,1,1,-1,-1,1,1,1,1,1,1,-1,-1,1,1,-1,1,1,-1,1,1,1,1,1,1,-1,1,1,1,1,1,1,-1,1,1,1,1,1,1,-1,-1,-1,1,1,1,1,-1,1,1,1,1,-1,1,-1,1,-1,1,1,1,-1,-1,1,1,1,1,1,-1,1,-1,-1,1,1,1,-1,1,1,1,1,-1,1,1,1,1,-1,1,-1,1,-1,1,1,-1,1,-1,1,1,-1,1,-1,1,-1,1,-1,1,1,-1,1,-1,1,1,1,1,-1,-1,1,1,-1,-1,1,-1,1,-1,-1,1,-1,1,-1,1,-1,1,-1,-1,1,-1,-1,-1,1,1,-1,1,-1,1,1,1,-1,1,1,-1,-1,-1,1,-1,1,-1,1,-1,1,1,-1,1,-1,-1,-1,1,1,-1,1,-1,-1,-1,1,1,-1,-1,1,1,-1,-1,1,1,-1,1,1,-1,1,1,1,1,-1,1,-1,1,1,-1,1,-1,1,1,1,1,1,1,1,1,-1,-1,1,-1,-1,-1,1,1,-1,1,1,1,-1,1,1,1,1,1,1,1,1,-1,1,1,1,-1,1,1,-1,1,1,1,-1,1,1,-1,-1,1,1,1,-1,1,-1,1,1,1,-1,1,1,-1,1,1,1,-1,1,1,-1,1,1,1,-1,1,1,-1,-1,1,1,1,1,1,-1,1,-1,1,-1,1,-1,1,-1,1,1,1,-1,-1,1,-1,1,1,-1,1,1,1,-1,-1,-1,-1,1,1,1,-1,1,1,-1,1,1,-1,-1,1,1,-1,1,1,-1,1,1,1,1,1,1,1,1,-1,1,1,1,-1,1,-1,1,-1,-1,1,1,1,-1,-1,-1,1,-1,1,1,-1,1,-1,-1,1,1,1,1,-1,-1,-1,1,-1,1,-1,1,-1,-1,-1,-1,1,1,1,-1,-1,1,-1,1,1,-1,-1,1,-1,1,-1,1,-1,-1,-1,1,-1,1,1,-1,-1,-1,-1,1,1,-1,1,-1,-1,1,1,1,-1,-1,1,-1,1,1,1,-1,-1,1,-1,-1,1,1,1,-1,1,-1,1,-1,1,-1,-1,-1,1,-1,1,1,1,-1,-1,1,-1,-1,1,-1,-1,-1,1,-1,-1,1,-1,-1,-1,1,-1,-1,1,-1,-1,-1,-1,1,-1,1,-1,-1,1,-1,1,-1,-1,1,1,1,-1,1,-1,1,-1,1,-1,1,-1,-1,-1,1,-1,1,1,1,1,-1,1,-1,-1,1,1,-1,1,1,-1,1,-1,1,-1,-1,1,-1,-1,1,1,1,-1,1,-1,-1,1,1,-1,-1,1,-1,-1,1,1,-1,-1,1,-1,-1,-1,1,1,-1,1,-1,-1,-1,1,-1,-1,1,-1,1,-1,1,1,-1,-1,1,-1,-1,-1,-1,-1,1,1,1,-1,-1,1,-1,-1,1,-1,-1,1,-1,-1,1,1,-1,-1,1,-1,-1,1,1,-1,1,-1,-1,-1,-1,1,1,-1,-1,-1,-1,1,1,-1,-1,1,-1,-1,-1,1,1,-1,-1,-1,-1,-1,1,-1,-1,-1,-1,-1,1,1,1,-1,-1,-1,-1,-1,1,1,-1,-1,-1,-1,-1,1,1,1,-1,-1,-1,-1,1,1,-1,-1,-1,-1,1,1,1,1,1,-1,1,1,1,1,1,1,-1,-1,1,1,1,1,1,-1,1,1,1,1,-1,1,-1,-1,1,-1,1,-1,1,-1,-1,1,-1,1,-1,1,-1,-1,1,-1,1,-1,1,-1,-1,1,-1,1,1,1,-1,1,-1,-1,1,1,1,-1,-1,1,1,-1,1,1,-1,-1,1,-1,1,-1,1,-1,-1,-1,-1,-1,1,1,-1,-1,1,-1,-1,1,1,-1,-1,-1,-1,1,-1,1,-1,-1,-1,-1,-1,1,-1,-1,1,-1,-1,1,-1,1,-1,-1,-1,-1,-1,1,1,1,-1,-1,-1,1,1,1,-1,-1,1,-1,-1,-1,1,-1,1,-1,-1,1,1,1,-1,-1,-1,-1,1,-1,1,1,-1,1,-1,-1,1,1,-1,-1,-1,-1,-1,-1,1,1,-1,-1,1,-1,1,1,-1,-1,-1,1,-1,1,1,-1,-1,1,-1,-1,1,1,1,-1,1,-1,1,1,1,-1,-1,1,-1,-1,1,1,1,-1,1,-1,-1,1,1,-1,1,1,-1,-1,1,1,-1,1,1,-1,-1,1,-1,-1,1,1,-1,-1,1,1,1,1,-1,1,-1,1,1,1,-1,1,-1,-1,1,-1,1,1,1,1,-1,-1,1,-1,1,1,1,-1,1,1,1,1,-1,1,-1,1,1,1,1,1,1,-1,1,-1,1,1,1,-1,1,1,1,1,1,1,1,1,-1,1,1,1,-1,1,-1,1,1,1,-1,1,1,1,1,-1,1,1,1,-1,1,1,1,1,1,-1,-1,1,-1,1,1,1,-1,1,-1,1,-1,1,1,-1,-1,1,1,-1,1,1,1,-1,1,-1,-1,1,1,1,-1,-1,-1,1,1,1,-1,-1,-1,-1,1,-1,1,-1,1,1,1,1,1,-1,-1,1,1,1,-1,1,1,-1,1,-1,1,1,1,-1,-1,-1,-1,-1,-1,-1,-1,-1,-1,-1,1,1,1,-1,1,1,-1,-1,1,1,1,-1,1,-1,1,1,1,-1,-1,1,-1,1,1,1,-1,-1,1,-1,-1,1,1,-1,-1,1,-1,1,-1,1,1,-1,1,-1,-1,1,1,-1,-1,-1,1,-1,1,-1,1,-1,1,-1,-1,1,-2666.0,1,2000,445,0,False
1817,1,1,-1,-1,1,1,-1,-1,1,1,1,-1,-1,1,-1,1,-1,1,-1,-1,-1,1,1,1,1,-1,-1,-1,1,1,1,1,-1,-1,-1,-1,1,1,1,1,-1,-1,-1,1,1,1,1,-1,1,1,1,1,-1,1,-1,-1,1,-1,1,1,1,-1,-1,1,1,1,1,1,-1,-1,1,1,1,1,1,-1,-1,-1,1,1,1,-1,-1,-1,1,1,1,1,-1,-1,-1,1,1,1,1,-1,-1,1,1,-1,1,1,-1,-1,1,1,1,1,1,-1,-1,1,1,-1,1,1,-1,-1,1,1,1,1,1,1,-1,1,1,1,-1,1,1,-1,1,1,1,1,1,1,-1,-1,1,1,1,1,1,-1,1,1,1,1,1,1,-1,-1,-1,1,1,1,1,-1,1,-1,1,1,-1,1,-1,1,-1,1,1,1,-1,-1,1,1,1,1,1,-1,1,-1,-1,1,1,1,-1,1,1,1,1,-1,1,1,1,1,-1,1,-1,1,-1,1,1,-1,1,-1,1,1,-1,1,-1,1,-1,1,-1,1,1,-1,1,-1,1,1,1,1,-1,-1,1,1,-1,-1,1,-1,1,-1,-1,1,-1,1,-1,1,-1,1,-1,1,1,-1,-1,-1,1,1,-1,1,-1,1,1,1,-1,1,1,-1,1,-1,1,-1,1,-1,1,-1,1,1,-1,1,-1,-1,-1,1,1,-1,1,-1,-1,-1,1,1,-1,-1,1,1,-1,-1,1,1,-1,1,1,-1,1,1,1,1,-1,1,-1,1,1,-1,1,-1,1,1,-1,1,1,1,1,1,-1,-1,1,-1,-1,1,1,1,-1,1,1,1,-1,1,-1,-1,1,1,1,1,1,-1,1,1,1,-1,1,1,-1,1,1,1,-1,1,1,-1,1,-1,1,1,-1,1,-1,1,1,1,-1,1,1,-1,1,1,1,-1,1,-1,-1,1,1,1,-1,1,-1,-1,1,1,1,-1,1,-1,-1,-1,-1,1,-1,1,1,-1,1,1,1,1,-1,1,-1,-1,-1,1,-1,1,-1,-1,1,-1,-1,-1,1,1,-1,1,-1,1,-1,1,-1,1,-1,1,1,1,1,-1,1,-1,1,1,-1,1,-1,-1,-1,-1,1,1,1,1,-1,-1,1,1,1,-1,-1,-1,1,-1,-1,1,-1,1,-1,1,-1,1,1,-1,-1,-1,1,1,-1,1,-1,1,-1,-1,1,-1,1,1,-1,-1,-1,1,-1,-1,1,1,-1,-1,1,-1,1,1,-1,1,-1,1,-1,-1,1,1,-1,1,1,-1,1,1,-1,-1,1,1,-1,1,-1,1,-1,1,-1,-1,1,-1,1,-1,1,-1,-1,1,-1,-1,-1,1,-1,-1,1,1,1,-1,1,-1,-1,1,-1,-1,1,-1,1,-1,1,1,1,-1,1,1,-1,-1,-1,1,-1,1,-1,-1,1,-1,1,1,1,1,-1,-1,1,1,-1,1,1,-1,-1,1,1,1,1,1,1,-1,1,1,1,-1,-1,-1,1,-1,-1,1,1,-1,-1,1,1,-1,1,1,-1,1,-1,-1,-1,1,1,-1,1,1,-1,-1,-1,1,-1,1,1,-1,-1,-1,1,-1,-1,-1,-1,1,-1,1,-1,-1,-1,-1,-1,-1,1,-1,1,1,1,1,-1,1,-1,1,1,-1,-1,-1,1,-1,-1,1,-1,1,-1,-1,1,1,1,1,-1,-1,1,1,1,1,-1,1,-1,-1,1,1,1,-1,-1,-1,1,1,1,1,-1,1,-1,1,-1,1,-1,1,1,-1,-1,1,1,1,-1,-1,-1,-1,1,1,1,1,-1,-1,-1,1,1,1,1,-1,-1,-1,1,-1,1,-1,-1,-1,1,1,1,1,1,-1,-1,-1,1,-1,1,1,-1,-1,-1,1,1,-1,1,-1,-1,-1,1,1,1,1,-1,-1,1,1,1,-1,1,-1,1,1,-1,1,1,-1,-1,-1,1,1,-1,1,1,-1,1,1,1,-1,1,1,-1,-1,1,-1,1,-1,-1,-1,-1,1,1,-1,1,-1,-1,-1,1,-1,-1,1,-1,-1,-1,1,1,-1,-1,1,-1,1,-1,-1,-1,-1,-1,-1,-1,1,1,1,-1,-1,-1,-1,1,-1,1,-1,-1,-1,-1,-1,-1,-1,1,-1,-1,-1,1,-1,-1,1,-1,-1,-1,-1,-1,1,1,-1,-1,-1,-1,-1,1,-1,-1,-1,1,-1,-1,1,-1,1,-1,-1,-1,-1,-1,-1,-1,1,-1,-1,-1,1,1,-1,-1,-1,1,-1,1,-1,-1,-1,1,-1,-1,1,-1,1,-1,-1,-1,-1,1,-1,1,1,-1,1,-1,-1,1,1,-1,-1,-1,-1,-1,-1,1,1,-1,-1,1,-1,1,1,-1,-1,-1,1,-1,-1,1,-1,-1,1,-1,-1,1,1,1,-1,1,-1,1,1,1,-1,-1,1,-1,-1,1,1,1,-1,1,-1,-1,1,1,-1,1,1,-1,-1,1,1,1,1,1,-1,-1,1,1,-1,1,1,-1,-1,1,1,1,1,1,1,-1,-1,1,1,1,1,-1,-1,1,-1,1,1,1,1,-1,-1,1,-1,1,1,1,-1,1,1,1,1,-1,1,-1,1,1,1,1,1,1,1,-1,1,1,1,1,-1,1,-1,1,1,1,1,1,-1,1,1,1,1,-1,1,1,-1,1,1,-1,1,1,-1,-1,1,1,1,1,-1,1,-1,1,1,1,-1,-1,1,-1,1,1,1,-1,1,-1,-1,-1,1,1,-1,-1,1,-1,-1,1,1,1,-1,1,-1,-1,1,1,1,-1,1,-1,-1,1,1,-1,-1,-1,1,-1,1,1,-1,1,1,-1,1,1,-1,-1,1,1,-1,-1,1,1,-1,1,1,-1,1,1,-1,-1,-1,-1,1,-1,-1,-1,-1,-1,1,-1,1,1,-1,1,1,-1,1,1,1,1,-1,1,-1,1,1,1,1,-1,1,-1,-1,1,1,1,-1,1,-1,1,1,1,1,-1,1,-1,1,1,1,-1,-1,1,-1,-1,1,1,-1,-1,-1,1,-1,1,-1,1,-1,1,-1,-1,1,-2666.0,1,2000,445,0,False
1818,-1,-1,1,1,1,1,-1,1,-1,-1,-1,1,-1,1,-1,-1,1,-1,1,1,-1,1,-1,-1,-1,1,-1,-1,1,-1,-1,-1,1,1,-1,1,1,-1,-1,-1,1,-1,1,-1,-1,-1,-1,1,-1,-1,-1,-1,1,-1,1,-1,-1,1,-1,-1,-1,1,1,1,-1,-1,-1,-1,-1,-1,1,-1,-1,-1,-1,-1,-1,1,-1,-1,-1,1,1,-1,-1,-1,-1,-1,-1,1,-1,-1,-1,-1,-1,-1,-1,1,-1,1,-1,-1,-1,-1,1,-1,-1,-1,-1,-1,-1,1,-1,-1,-1,-1,-1,-1,1,-1,-1,1,-1,-1,-1,1,-1,-1,1,-1,-1,-1,1,-1,-1,1,-1,-1,-1,-1,-1,-1,1,-1,-1,-1,1,-1,-1,-1,-1,-1,-1,-1,1,-1,1,1,-1,-1,1,-1,-1,-1,-1,-1,1,1,1,-1,-1,-1,-1,-1,1,-1,-1,1,-1,-1,1,-1,1,-1,-1,-1,-1,1,1,-1,-1,1,-1,-1,1,1,1,-1,1,-1,-1,1,1,1,-1,1,-1,-1,-1,1,1,-1,1,-1,1,1,1,1,-1,1,-1,-1,-1,1,1,1,-1,1,-1,-1,1,1,-1,-1,1,-1,-1,1,1,-1,-1,1,-1,1,1,1,1,-1,1,-1,1,1,1,-1,1,1,-1,1,1,1,-1,-1,-1,1,-1,-1,1,1,1,1,1,1,-1,1,1,1,1,1,1,-1,1,1,1,1,1,-1,1,1,1,-1,1,1,1,1,1,-1,1,1,-1,1,-1,1,1,1,1,1,1,-1,-1,1,-1,1,1,1,-1,-1,1,1,1,1,1,-1,1,-1,1,1,1,1,-1,1,1,1,1,1,-1,1,1,1,1,1,1,-1,1,1,1,1,1,-1,1,-1,1,1,-1,1,-1,1,-1,1,1,1,1,1,-1,1,1,-1,1,1,1,-1,1,1,1,1,1,1,1,1,1,1,-1,1,1,1,1,1,1,1,-1,1,-1,1,1,1,-1,1,1,-1,1,1,1,1,-1,1,-1,1,1,1,-1,-1,-1,-1,1,1,1,-1,1,1,-1,1,1,-1,-1,1,1,-1,1,1,-1,1,1,-1,1,1,1,1,1,-1,1,-1,-1,-1,1,-1,1,-1,-1,1,1,1,-1,-1,-1,1,-1,-1,1,-1,1,-1,-1,1,1,1,1,-1,-1,1,-1,-1,1,-1,1,-1,-1,-1,1,1,1,1,-1,-1,1,-1,1,1,-1,-1,1,-1,1,-1,1,-1,-1,-1,1,-1,1,1,-1,-1,-1,-1,1,1,-1,1,-1,-1,1,1,1,-1,-1,1,-1,1,1,1,-1,-1,-1,-1,-1,1,1,1,-1,1,-1,1,-1,1,-1,-1,-1,1,-1,1,1,1,-1,-1,-1,-1,-1,1,-1,-1,-1,-1,-1,1,1,-1,-1,-1,-1,-1,-1,1,-1,-1,-1,-1,-1,-1,1,-1,-1,-1,-1,-1,-1,-1,1,1,1,-1,1,-1,1,-1,1,-1,1,-1,1,1,-1,1,-1,1,1,-1,1,-1,1,-1,1,1,1,-1,-1,-1,-1,-1,1,1,1,-1,-1,-1,1,1,-1,1,-1,-1,-1,1,1,1,1,-1,-1,-1,1,1,1,1,-1,-1,-1,-1,1,-1,1,-1,1,-1,-1,1,1,1,-1,-1,1,-1,1,-1,1,1,-1,-1,-1,-1,1,1,1,-1,-1,-1,-1,1,1,1,-1,-1,-1,1,1,1,-1,-1,-1,-1,1,1,1,-1,1,-1,1,-1,1,1,1,-1,-1,-1,-1,1,1,-1,1,-1,-1,1,1,1,1,-1,1,-1,-1,1,1,1,-1,1,-1,-1,1,1,1,-1,-1,-1,-1,1,-1,1,-1,1,-1,-1,1,1,1,1,-1,1,-1,1,1,1,-1,-1,-1,-1,1,1,-1,1,-1,1,1,1,-1,-1,1,-1,1,1,1,1,-1,-1,1,1,1,1,-1,1,-1,1,-1,1,1,1,-1,-1,1,-1,1,1,-1,1,-1,1,-1,1,1,1,1,-1,1,-1,1,1,-1,1,-1,1,1,1,1,1,-1,-1,1,1,1,1,-1,1,1,-1,1,1,1,1,-1,-1,1,-1,1,1,1,-1,-1,-1,1,1,1,1,-1,-1,-1,1,1,1,1,1,-1,1,-1,1,1,1,-1,-1,-1,1,-1,1,1,-1,-1,1,-1,1,1,1,-1,-1,-1,1,1,-1,1,-1,-1,1,1,1,1,1,1,1,-1,-1,1,1,1,1,-1,1,1,1,1,1,1,-1,1,-1,1,1,1,1,-1,-1,1,1,1,1,1,1,-1,-1,1,-1,1,1,-1,-1,1,1,1,1,1,-1,-1,1,1,1,1,-1,1,-1,1,1,-1,1,-1,-1,1,1,1,1,1,1,-1,-1,1,1,1,1,-1,1,-1,1,1,1,1,-1,-1,-1,1,1,1,1,1,1,-1,1,1,1,1,1,-1,-1,1,1,-1,1,1,-1,-1,1,1,-1,1,-1,-1,-1,1,-1,1,1,1,-1,1,1,1,-1,1,1,-1,-1,1,1,-1,1,1,-1,1,1,1,-1,1,1,-1,1,-1,1,1,1,1,-1,1,-1,1,1,1,1,1,1,1,1,1,1,-1,-1,1,1,1,1,-1,1,-1,1,1,1,-1,1,-1,-1,1,1,1,-1,1,1,-1,1,-1,1,-1,1,-1,1,-1,1,1,1,1,-1,1,1,1,1,-1,1,-1,1,-1,1,-1,-1,1,1,-1,-1,-1,1,1,1,-1,-1,-1,-1,1,1,1,-1,1,1,1,1,1,-1,-1,1,-1,1,1,-1,1,-1,1,-1,1,1,1,-1,-1,-1,-1,-1,1,-1,-1,-1,1,-1,1,1,1,-1,1,1,-1,-1,1,1,1,-1,1,-1,1,1,1,1,-1,1,-1,1,1,1,1,-1,1,-1,1,1,1,1,-1,1,-1,1,-1,1,-1,-1,1,-1,-1,1,1,-1,-1,-1,-1,1,1,1,1,-1,1,1,-1,1,-2666.0,1,2000,445,1000,True
1819,1,1,-1,-1,1,1,-1,1,1,1,1,-1,-1,1,1,1,-1,1,-1,-1,-1,1,1,1,1,-1,-1,-1,1,1,1,1,1,-1,-1,1,-1,1,1,1,-1,-1,1,1,1,1,1,-1,1,-1,1,1,-1,1,-1,-1,1,-1,1,1,-1,-1,-1,-1,1,1,1,1,-1,-1,1,-1,1,1,1,-1,-1,1,-1,1,1,-1,-1,-1,-1,1,1,1,-1,-1,-1,1,-1,1,1,-1,-1,1,-1,-1,1,1,-1,-1,1,-1,-1,1,1,-1,-1,-1,-1,-1,1,1,1,-1,1,-1,-1,1,1,1,-1,-1,-1,-1,1,1,-1,-1,1,-1,-1,1,1,1,-1,1,-1,-1,-1,1,-1,-1,1,-1,-1,-1,1,1,-1,-1,1,-1,-1,1,1,-1,1,-1,-1,-1,1,-1,-1,1,1,-1,1,1,-1,-1,1,-1,-1,1,1,-1,1,-1,1,-1,1,1,-1,1,1,-1,-1,-1,1,1,1,1,1,-1,-1,1,-1,1,1,1,-1,-1,1,-1,-1,1,1,-1,1,1,-1,1,1,1,-1,1,1,1,1,1,1,1,-1,1,-1,-1,1,1,1,-1,1,1,-1,1,1,-1,-1,1,-1,1,1,1,1,-1,1,-1,-1,1,1,-1,1,1,-1,1,-1,1,-1,-1,1,-1,1,1,1,1,1,1,-1,1,-1,1,1,1,1,-1,1,-1,1,1,1,1,1,-1,1,1,1,1,1,-1,-1,1,1,1,1,1,1,-1,-1,1,1,1,1,-1,1,-1,1,1,1,1,-1,-1,-1,1,1,1,1,-1,1,-1,1,-1,1,1,1,1,-1,1,1,1,1,1,-1,-1,1,1,1,1,-1,1,-1,1,1,1,1,1,-1,1,1,1,1,-1,1,-1,1,1,1,1,1,1,1,1,1,1,1,1,1,1,1,-1,1,1,1,1,1,1,-1,1,1,1,1,1,1,-1,1,-1,-1,1,-1,1,1,-1,1,1,1,1,1,1,-1,1,-1,1,1,-1,-1,-1,1,-1,-1,-1,1,1,-1,1,-1,1,-1,1,-1,1,-1,1,1,1,1,-1,1,-1,1,1,-1,1,-1,-1,-1,-1,1,1,1,1,-1,-1,1,-1,1,1,-1,-1,1,-1,-1,1,-1,1,-1,1,-1,1,1,1,-1,-1,1,1,-1,1,-1,1,-1,-1,1,-1,1,1,-1,-1,-1,1,-1,-1,1,1,-1,-1,1,-1,1,1,-1,1,-1,1,-1,1,1,1,-1,1,1,-1,1,1,-1,-1,1,1,-1,1,-1,1,-1,1,-1,1,1,-1,1,-1,1,-1,-1,1,-1,-1,-1,1,-1,-1,1,-1,1,-1,1,-1,-1,1,-1,-1,1,-1,1,-1,-1,1,1,-1,1,1,-1,-1,1,1,-1,1,-1,-1,-1,1,1,1,-1,1,-1,-1,1,1,-1,-1,1,-1,-1,1,1,1,1,1,1,-1,1,1,1,-1,-1,-1,1,-1,1,1,-1,1,-1,1,-1,-1,1,-1,-1,1,-1,-1,1,-1,-1,-1,1,1,-1,-1,1,-1,-1,1,1,-1,-1,1,-1,-1,-1,-1,-1,-1,1,-1,-1,-1,-1,-1,-1,1,-1,-1,1,1,1,1,1,-1,1,1,1,-1,-1,1,-1,1,-1,1,-1,-1,1,1,-1,1,1,1,-1,1,1,-1,-1,1,-1,-1,1,1,-1,-1,1,-1,1,1,-1,-1,1,1,-1,1,1,-1,-1,1,-1,1,1,1,1,-1,1,1,-1,-1,1,1,-1,1,1,1,-1,1,1,-1,-1,1,1,1,1,1,-1,1,1,-1,-1,1,1,-1,-1,1,1,-1,1,1,-1,-1,1,-1,-1,1,1,-1,-1,-1,1,-1,1,1,-1,-1,1,1,-1,1,1,1,-1,-1,1,-1,1,-1,1,-1,1,-1,-1,1,-1,-1,-1,1,1,-1,1,1,-1,-1,1,1,-1,1,-1,-1,1,-1,1,-1,1,1,-1,-1,1,-1,-1,-1,1,-1,-1,1,-1,-1,-1,1,-1,1,-1,1,-1,-1,-1,-1,-1,-1,-1,-1,-1,1,-1,1,-1,-1,-1,-1,-1,-1,1,-1,-1,-1,-1,1,-1,-1,1,-1,-1,-1,1,-1,-1,1,-1,-1,-1,-1,-1,1,1,-1,-1,-1,-1,-1,1,-1,-1,-1,1,-1,-1,1,-1,1,-1,-1,-1,-1,-1,-1,-1,1,-1,-1,-1,1,1,-1,-1,-1,1,-1,1,-1,-1,-1,1,-1,-1,1,-1,1,-1,1,-1,-1,1,-1,1,1,-1,1,-1,-1,1,1,-1,-1,-1,-1,-1,-1,1,1,-1,-1,1,-1,1,1,-1,-1,1,-1,-1,-1,1,-1,-1,1,1,-1,1,1,-1,1,-1,-1,1,1,1,-1,-1,1,-1,-1,1,1,1,-1,1,-1,-1,1,1,-1,1,1,1,-1,1,1,1,-1,1,1,-1,1,1,1,1,1,1,-1,1,1,1,1,1,-1,-1,1,1,1,1,1,1,-1,1,-1,1,1,1,1,-1,-1,1,-1,1,1,1,-1,1,1,1,1,-1,1,-1,1,1,1,1,1,1,-1,-1,1,1,1,1,-1,1,-1,1,1,1,1,-1,1,-1,1,1,1,-1,-1,1,-1,1,1,-1,1,-1,-1,-1,1,1,1,-1,1,-1,-1,1,1,1,-1,-1,-1,-1,1,1,1,-1,1,-1,-1,-1,1,1,-1,1,-1,-1,1,1,1,-1,1,-1,1,-1,1,1,1,1,1,-1,-1,1,1,-1,-1,1,1,-1,1,1,-1,1,-1,-1,1,1,-1,-1,1,-1,-1,-1,1,1,-1,1,1,-1,1,1,-1,-1,-1,-1,1,-1,-1,-1,-1,1,-1,-1,1,1,-1,1,1,-1,1,1,1,1,-1,1,-1,1,1,1,-1,-1,1,-1,-1,-1,1,-1,1,1,-1,1,1,1,-1,-1,1,-1,1,1,1,1,-1,1,-1,-1,1,1,-1,-1,1,1,-1,1,1,1,-1,1,-1,-1,1,-2666.0,1,2000,445,0,False
1820,1,1,-1,-1,1,-1,-1,-1,1,1,1,-1,1,1,-1,1,-1,1,-1,-1,1,1,1,1,1,-1,1,-1,1,1,1,1,1,-1,-1,-1,1,-1,1,1,-1,-1,-1,1,1,1,1,-1,1,1,1,1,-1,1,-1,-1,1,-1,1,1,-1,-1,-1,1,1,1,1,1,-1,-1,1,1,1,1,1,-1,-1,-1,1,1,1,-1,-1,-1,1,1,1,1,-1,1,-1,1,1,1,1,-1,-1,1,1,-1,1,1,-1,-1,1,1,1,1,1,-1,-1,1,1,-1,1,1,-1,-1,1,1,1,1,1,1,-1,1,1,1,-1,1,1,-1,1,1,1,1,1,1,-1,-1,1,1,-1,1,1,-1,1,1,1,1,1,1,-1,-1,-1,1,1,1,1,-1,1,1,1,1,-1,1,-1,1,-1,1,1,1,-1,-1,1,1,1,-1,1,-1,1,-1,-1,1,1,1,-1,1,1,1,1,-1,1,1,1,1,-1,1,-1,1,-1,1,1,-1,1,-1,1,1,-1,1,-1,1,-1,1,-1,1,1,-1,-1,-1,1,1,1,1,-1,-1,1,1,-1,-1,1,-1,1,1,-1,1,-1,1,-1,1,-1,1,-1,1,1,-1,1,1,1,1,-1,1,-1,1,1,1,-1,1,1,-1,1,-1,1,-1,1,-1,1,-1,1,1,-1,1,-1,-1,-1,1,1,-1,1,-1,-1,-1,-1,1,-1,-1,1,1,-1,-1,1,1,-1,1,1,-1,1,1,1,1,-1,1,-1,1,1,-1,1,-1,1,1,-1,1,1,1,1,1,-1,-1,1,-1,-1,-1,1,1,-1,1,1,1,-1,1,-1,-1,1,1,1,1,1,-1,1,1,1,-1,-1,1,-1,1,1,1,-1,1,1,-1,1,-1,1,1,-1,1,-1,1,1,1,-1,1,1,-1,1,1,1,-1,1,-1,-1,1,1,1,-1,1,-1,-1,1,1,1,-1,1,-1,-1,-1,-1,1,-1,1,1,-1,1,1,1,1,1,1,-1,-1,-1,1,-1,1,-1,-1,1,-1,-1,-1,1,1,-1,1,-1,1,-1,1,-1,1,-1,1,1,1,1,-1,1,-1,1,1,-1,1,-1,-1,-1,-1,1,1,1,1,-1,-1,1,1,1,1,-1,-1,1,-1,-1,1,-1,1,-1,1,-1,1,1,1,-1,-1,1,1,-1,1,-1,1,-1,-1,1,-1,1,1,-1,-1,-1,1,-1,-1,1,1,-1,-1,-1,-1,1,1,-1,1,-1,1,-1,-1,1,1,-1,1,1,-1,1,1,-1,-1,1,1,-1,1,-1,1,-1,1,-1,1,1,-1,1,-1,1,-1,-1,1,-1,-1,-1,1,-1,-1,1,-1,1,-1,1,-1,-1,1,-1,-1,1,-1,1,-1,1,-1,1,-1,1,1,-1,1,-1,1,-1,1,-1,-1,1,-1,1,1,1,1,-1,-1,1,1,-1,1,1,-1,1,1,1,1,1,1,1,-1,1,1,1,-1,-1,1,1,-1,-1,-1,1,-1,-1,1,-1,-1,1,1,-1,1,-1,-1,-1,1,1,-1,1,1,-1,-1,-1,1,-1,1,1,-1,-1,-1,1,-1,-1,-1,-1,1,-1,1,-1,-1,-1,-1,-1,-1,1,-1,1,1,1,1,-1,1,-1,1,1,-1,-1,-1,1,-1,-1,1,-1,1,-1,-1,1,1,1,1,-1,-1,1,1,1,1,-1,1,-1,-1,1,1,1,-1,-1,-1,-1,1,1,1,-1,1,-1,1,-1,1,-1,1,1,-1,-1,1,1,1,-1,-1,-1,-1,1,1,1,1,-1,-1,-1,1,1,1,1,-1,-1,-1,1,-1,1,-1,-1,-1,-1,1,1,1,1,-1,1,-1,1,-1,1,1,-1,-1,-1,1,1,-1,1,-1,-1,-1,1,1,1,1,-1,-1,1,-1,1,-1,1,-1,1,1,-1,1,1,-1,-1,-1,1,1,-1,1,1,-1,1,1,1,-1,1,1,-1,-1,1,-1,1,-1,-1,-1,1,-1,1,-1,1,-1,-1,-1,-1,-1,-1,1,-1,1,-1,1,1,-1,-1,1,1,1,-1,-1,-1,1,-1,-1,-1,1,1,1,-1,-1,-1,-1,1,-1,-1,1,-1,-1,-1,-1,-1,-1,1,-1,-1,-1,1,-1,-1,1,-1,-1,-1,-1,-1,1,1,-1,-1,-1,-1,-1,1,-1,-1,-1,1,-1,-1,1,-1,1,-1,-1,-1,-1,-1,-1,-1,1,-1,-1,-1,1,1,1,-1,-1,1,-1,1,-1,-1,-1,1,-1,-1,1,1,1,-1,-1,-1,-1,1,-1,1,1,-1,1,-1,-1,1,1,-1,-1,-1,-1,-1,-1,1,1,-1,-1,1,-1,1,1,-1,-1,-1,1,-1,-1,1,-1,-1,1,-1,-1,1,1,1,-1,1,-1,1,1,1,-1,-1,1,-1,-1,1,1,1,-1,1,-1,-1,1,1,-1,1,1,-1,-1,1,1,1,1,1,-1,-1,1,1,1,1,1,-1,-1,1,1,1,1,1,1,-1,-1,1,1,-1,1,-1,-1,1,-1,1,1,1,1,-1,-1,1,-1,1,1,1,-1,1,-1,1,1,-1,1,-1,1,1,1,1,1,1,1,-1,-1,1,1,1,-1,1,-1,1,1,1,1,1,-1,1,-1,1,1,-1,1,1,-1,1,1,-1,1,1,-1,-1,1,1,1,1,-1,1,-1,-1,1,1,-1,-1,1,-1,1,1,1,-1,1,-1,-1,-1,1,1,-1,-1,1,-1,-1,1,1,-1,-1,1,-1,-1,1,1,1,-1,1,-1,-1,1,1,-1,-1,-1,1,-1,-1,1,-1,1,1,-1,1,1,-1,-1,1,-1,-1,-1,-1,1,-1,1,1,-1,1,1,-1,-1,1,-1,1,-1,-1,-1,-1,1,-1,-1,1,1,-1,1,1,-1,1,1,1,1,-1,1,-1,1,1,1,1,-1,1,-1,-1,1,1,1,-1,1,-1,1,1,1,1,-1,1,-1,1,1,-1,-1,-1,1,-1,-1,1,1,-1,-1,-1,1,-1,1,-1,1,-1,1,-1,-1,1,-2666.0,1,2000,445,0,False
1821,1,1,-1,-1,1,-1,-1,-1,1,1,1,-1,1,1,1,1,-1,1,-1,-1,1,-1,1,1,1,-1,-1,-1,1,1,1,1,1,-1,-1,-1,1,1,1,1,-1,-1,-1,1,1,1,1,-1,1,1,1,1,-1,1,-1,-1,1,-1,1,1,1,-1,-1,-1,1,1,1,1,-1,-1,-1,1,1,1,1,-1,-1,-1,1,1,1,-1,-1,-1,1,1,1,1,-1,1,-1,1,1,1,1,-1,-1,1,1,-1,1,1,-1,-1,1,1,1,1,1,-1,-1,1,1,1,1,1,-1,-1,1,1,1,1,1,1,-1,1,1,1,-1,1,1,-1,1,1,1,1,1,1,-1,-1,1,1,1,1,1,-1,1,1,1,1,1,1,-1,-1,-1,1,1,1,1,-1,1,1,1,1,-1,1,-1,1,-1,1,1,1,-1,-1,1,1,1,1,1,-1,1,-1,-1,1,1,1,-1,1,1,1,1,-1,1,1,1,1,-1,1,-1,1,-1,1,1,-1,1,-1,1,1,-1,1,-1,1,-1,1,-1,1,1,-1,1,-1,1,1,1,1,-1,-1,1,1,-1,-1,1,-1,1,-1,1,1,-1,1,-1,1,-1,1,-1,-1,1,-1,-1,-1,1,1,-1,1,-1,1,1,1,-1,1,1,-1,1,-1,1,-1,1,-1,1,-1,1,1,-1,1,-1,-1,-1,-1,1,-1,1,-1,-1,-1,1,1,-1,-1,1,1,-1,1,1,1,-1,1,1,-1,1,1,1,1,-1,1,-1,1,1,-1,1,-1,1,1,1,-1,1,1,1,1,-1,-1,1,-1,-1,-1,1,1,-1,1,1,1,-1,1,1,1,1,1,1,1,1,-1,1,1,1,-1,1,1,-1,1,1,1,-1,1,1,-1,-1,1,1,1,-1,1,-1,1,1,1,-1,1,1,-1,1,1,1,-1,1,1,-1,1,1,1,-1,1,1,1,-1,1,1,-1,1,1,-1,1,-1,1,-1,1,1,1,-1,1,1,1,1,1,1,-1,1,1,-1,1,1,1,-1,-1,-1,-1,1,1,1,-1,1,1,-1,1,1,-1,-1,1,1,1,1,1,-1,1,1,1,-1,1,1,1,1,-1,1,1,1,-1,1,-1,1,1,1,1,1,1,-1,-1,-1,1,-1,-1,1,-1,1,-1,1,1,1,1,1,-1,-1,1,-1,-1,1,-1,1,-1,1,1,1,1,1,1,-1,-1,1,-1,1,1,-1,-1,1,1,1,-1,1,-1,-1,-1,1,-1,1,1,-1,-1,1,1,1,1,-1,1,-1,1,-1,1,1,-1,1,-1,1,-1,1,1,-1,-1,-1,1,-1,1,1,1,-1,-1,1,-1,-1,1,-1,-1,-1,1,-1,1,1,-1,-1,-1,1,1,-1,1,-1,-1,-1,-1,-1,-1,1,-1,-1,-1,1,-1,-1,1,-1,-1,-1,-1,1,-1,1,-1,-1,-1,-1,1,-1,-1,1,1,1,-1,1,-1,1,-1,1,1,1,-1,-1,-1,1,-1,-1,1,1,1,-1,1,-1,1,1,1,-1,1,1,-1,-1,-1,1,-1,-1,1,-1,-1,1,1,1,-1,1,-1,-1,1,1,-1,-1,1,-1,-1,1,1,-1,-1,1,-1,-1,-1,1,1,-1,1,1,-1,-1,1,-1,-1,1,-1,1,-1,1,1,-1,-1,1,-1,-1,-1,-1,-1,1,1,1,-1,-1,1,-1,-1,1,-1,-1,1,-1,-1,1,1,-1,-1,1,-1,-1,1,1,-1,1,-1,1,-1,-1,1,1,-1,-1,-1,-1,-1,1,-1,-1,1,-1,-1,-1,1,1,-1,-1,-1,-1,-1,1,-1,-1,-1,-1,-1,1,1,1,-1,-1,-1,-1,-1,1,1,-1,-1,-1,-1,-1,1,1,1,-1,-1,-1,-1,1,1,-1,-1,-1,-1,1,-1,1,1,1,-1,1,1,-1,1,1,1,-1,-1,1,1,1,1,1,-1,1,1,1,1,-1,1,-1,-1,1,-1,1,-1,1,-1,-1,1,-1,1,1,1,-1,-1,1,-1,1,-1,1,-1,-1,1,-1,1,1,1,-1,1,-1,1,1,1,1,-1,-1,1,-1,-1,1,1,-1,-1,1,-1,1,-1,1,-1,-1,1,1,-1,1,1,-1,-1,1,1,-1,1,1,-1,-1,-1,-1,1,-1,1,-1,-1,-1,-1,-1,1,-1,-1,1,-1,-1,1,-1,1,-1,-1,-1,-1,-1,1,1,1,-1,-1,-1,1,1,1,-1,-1,-1,1,-1,-1,1,-1,1,-1,-1,1,1,1,-1,-1,-1,-1,1,-1,1,1,-1,1,-1,-1,1,1,-1,-1,-1,-1,-1,-1,1,1,-1,-1,1,-1,1,1,-1,-1,-1,1,-1,1,1,-1,-1,1,-1,-1,1,1,1,-1,1,-1,1,1,1,-1,-1,1,-1,-1,1,-1,1,-1,1,-1,-1,1,1,-1,1,1,-1,-1,1,1,1,1,1,-1,-1,1,1,1,1,1,-1,-1,1,1,1,1,-1,1,-1,-1,1,1,1,1,-1,-1,1,-1,1,1,1,1,-1,-1,1,-1,1,1,1,-1,1,1,1,1,-1,1,-1,1,1,1,1,1,1,1,-1,1,1,1,1,-1,1,-1,1,1,1,1,1,-1,1,1,1,1,-1,1,1,-1,1,1,-1,1,1,-1,-1,1,1,1,1,-1,1,-1,1,1,1,-1,-1,1,-1,1,1,1,-1,1,-1,-1,-1,1,1,-1,-1,1,-1,-1,1,1,1,-1,1,-1,-1,1,1,1,-1,1,-1,-1,1,1,-1,-1,-1,1,-1,-1,1,-1,1,1,-1,1,1,-1,-1,1,-1,-1,-1,-1,1,-1,1,1,-1,1,1,-1,-1,-1,-1,1,-1,-1,-1,-1,1,-1,-1,1,1,-1,1,1,-1,1,1,1,1,-1,1,-1,1,1,1,1,-1,1,-1,-1,1,1,1,-1,1,-1,1,1,1,1,-1,1,-1,1,1,-1,-1,-1,1,-1,-1,1,1,-1,-1,-1,1,-1,1,-1,1,-1,1,-1,-1,1,-2666.0,1,2000,445,0,False
1822,1,1,-1,-1,1,-1,-1,-1,1,1,1,-1,1,1,1,1,-1,1,-1,-1,-1,1,1,1,1,-1,1,-1,1,1,1,1,1,-1,-1,-1,1,-1,1,-1,-1,-1,1,1,1,1,-1,-1,1,1,1,1,-1,1,-1,-1,1,-1,1,1,-1,-1,-1,1,1,1,1,-1,-1,-1,1,1,1,1,1,-1,-1,-1,1,1,1,-1,-1,-1,1,1,1,1,-1,-1,1,1,1,1,1,-1,-1,-1,1,-1,1,1,-1,-1,1,1,1,1,1,-1,-1,-1,1,-1,1,1,-1,-1,1,1,1,1,1,1,-1,-1,1,1,-1,1,1,-1,1,1,1,1,1,1,-1,1,1,1,1,1,1,-1,1,1,1,1,1,1,-1,-1,-1,1,1,1,1,-1,1,-1,1,1,-1,1,-1,1,-1,1,1,1,-1,-1,1,1,1,1,1,-1,1,-1,-1,1,-1,1,-1,1,1,1,1,1,1,-1,1,1,-1,1,-1,1,1,-1,1,-1,1,-1,1,-1,-1,1,-1,1,-1,1,-1,1,1,-1,1,-1,1,1,1,1,-1,-1,1,1,-1,-1,1,-1,1,-1,-1,1,-1,1,-1,1,-1,1,-1,1,1,-1,-1,-1,1,-1,1,1,-1,1,1,1,1,1,1,-1,1,-1,-1,1,1,-1,1,-1,1,-1,1,1,-1,-1,-1,1,1,1,1,-1,-1,-1,1,1,-1,1,1,1,-1,-1,1,1,1,1,1,-1,1,1,-1,1,-1,1,-1,1,1,1,1,-1,1,1,-1,1,1,1,1,1,-1,-1,1,-1,1,-1,1,1,-1,1,1,1,-1,1,-1,-1,1,1,-1,1,1,-1,1,1,1,-1,1,1,-1,1,1,-1,1,-1,1,-1,-1,1,-1,1,-1,1,-1,1,1,1,-1,1,1,-1,1,1,1,-1,1,-1,-1,1,1,1,1,1,-1,-1,-1,1,1,1,1,-1,-1,1,-1,1,-1,1,1,-1,-1,1,1,-1,-1,1,-1,-1,1,1,-1,1,-1,-1,-1,-1,-1,-1,1,-1,-1,-1,1,1,-1,1,-1,1,-1,1,1,-1,1,-1,-1,1,1,-1,1,1,-1,-1,-1,-1,1,-1,-1,1,-1,-1,1,-1,-1,1,-1,-1,-1,1,-1,1,-1,1,-1,1,-1,-1,-1,1,-1,-1,1,1,-1,1,-1,1,-1,-1,1,-1,-1,-1,-1,-1,-1,1,-1,-1,1,1,-1,-1,1,-1,1,-1,-1,1,-1,1,-1,-1,1,1,-1,-1,1,1,-1,-1,-1,-1,1,1,-1,-1,1,1,-1,1,-1,1,-1,1,1,-1,1,-1,-1,-1,-1,-1,-1,1,-1,1,-1,1,1,-1,1,-1,-1,1,-1,-1,1,-1,1,-1,1,-1,1,-1,1,1,-1,-1,-1,1,-1,1,-1,-1,1,-1,1,1,1,1,-1,-1,-1,1,-1,1,1,1,-1,1,1,1,-1,1,1,-1,1,1,1,1,-1,-1,1,-1,-1,1,1,-1,1,1,1,-1,1,1,-1,1,-1,-1,-1,1,1,-1,1,1,-1,1,-1,1,-1,1,1,-1,-1,-1,1,-1,-1,-1,-1,1,-1,1,-1,-1,-1,-1,-1,-1,1,-1,1,1,1,1,-1,1,-1,1,1,-1,-1,-1,1,-1,-1,1,-1,1,-1,-1,1,1,1,1,-1,-1,1,1,1,1,-1,1,-1,-1,1,1,1,-1,-1,-1,1,1,1,1,-1,1,-1,1,-1,1,-1,1,1,-1,-1,1,1,1,-1,-1,-1,-1,1,1,1,1,-1,-1,-1,1,1,1,1,-1,-1,-1,1,-1,1,-1,-1,-1,1,1,1,1,1,-1,-1,-1,1,1,1,1,-1,-1,-1,1,1,-1,1,-1,-1,-1,1,1,1,1,-1,-1,1,1,1,1,-1,-1,1,1,-1,1,1,-1,-1,-1,1,1,1,1,1,-1,1,1,1,1,1,-1,-1,-1,1,-1,1,-1,-1,-1,-1,1,-1,1,1,-1,-1,-1,1,-1,1,1,-1,1,-1,1,1,1,1,-1,1,-1,1,-1,1,-1,-1,-1,-1,1,1,-1,-1,-1,-1,-1,1,-1,1,-1,-1,-1,-1,-1,-1,-1,1,-1,-1,-1,1,-1,-1,1,-1,-1,-1,-1,-1,1,1,-1,-1,-1,-1,-1,1,-1,-1,-1,1,-1,-1,1,-1,1,-1,-1,-1,-1,-1,-1,-1,1,-1,-1,-1,1,1,1,-1,-1,1,-1,-1,-1,-1,-1,1,-1,-1,1,-1,1,-1,-1,-1,-1,1,1,1,1,-1,1,-1,-1,-1,1,-1,-1,-1,-1,-1,-1,1,1,-1,-1,1,-1,1,1,-1,-1,-1,1,-1,1,1,1,-1,1,1,-1,1,1,1,-1,1,-1,1,1,1,-1,-1,1,-1,-1,1,1,1,1,-1,1,-1,1,1,1,-1,1,-1,-1,1,1,1,1,-1,1,-1,1,1,1,1,1,-1,-1,1,1,1,1,1,-1,-1,1,1,1,1,-1,-1,-1,1,-1,1,1,1,-1,1,1,1,-1,1,1,-1,-1,1,1,1,1,1,-1,1,1,1,1,1,1,-1,1,-1,1,1,1,1,-1,1,-1,1,1,1,-1,1,1,1,1,1,1,-1,-1,1,1,1,1,-1,1,-1,1,1,-1,1,1,1,-1,1,1,1,1,1,-1,-1,1,-1,1,1,1,-1,1,-1,1,1,1,1,-1,1,1,1,-1,1,1,1,-1,1,1,-1,1,1,1,-1,-1,-1,1,1,1,-1,-1,-1,-1,1,-1,1,-1,1,1,1,1,1,-1,-1,1,1,1,1,1,1,-1,1,-1,1,1,1,-1,-1,1,-1,-1,-1,-1,-1,-1,1,-1,1,1,1,-1,1,1,-1,-1,1,1,1,-1,1,-1,1,1,1,-1,-1,1,-1,1,1,1,-1,-1,1,-1,1,1,1,-1,-1,1,-1,1,-1,1,1,-1,1,-1,-1,1,1,1,-1,-1,-1,1,1,-1,1,-1,1,1,-1,1,-2666.0,1,2000,445,0,False
1823,1,1,-1,-1,1,1,-1,-1,1,1,1,-1,-1,1,1,1,-1,1,-1,-1,1,-1,1,1,1,-1,1,-1,1,1,1,1,1,1,-1,-1,1,-1,1,1,-1,-1,-1,1,1,1,1,-1,1,1,1,1,-1,1,-1,-1,1,-1,1,1,1,-1,1,-1,1,1,1,1,-1,-1,-1,1,1,1,1,-1,1,-1,1,1,1,-1,-1,1,1,1,1,1,-1,-1,-1,1,1,1,1,-1,1,1,1,-1,1,1,-1,-1,1,1,1,1,1,-1,-1,1,1,1,1,1,-1,-1,1,1,1,1,1,1,-1,1,1,1,-1,1,1,-1,1,1,1,1,1,1,-1,1,1,1,1,1,1,-1,-1,1,1,1,1,1,-1,1,-1,1,1,1,1,-1,1,1,1,1,-1,1,-1,1,-1,1,1,1,-1,-1,1,1,1,1,1,-1,1,-1,-1,1,1,1,-1,1,-1,1,1,-1,1,1,1,1,-1,1,-1,1,-1,1,1,-1,1,-1,1,1,-1,1,-1,1,-1,1,-1,1,1,-1,1,-1,1,1,1,1,-1,-1,1,1,-1,-1,1,-1,1,-1,1,1,-1,1,-1,1,-1,1,-1,-1,1,-1,-1,1,-1,1,-1,1,-1,1,1,1,-1,1,-1,-1,1,-1,1,-1,1,1,1,-1,1,1,-1,1,-1,-1,-1,-1,1,-1,1,-1,-1,-1,-1,1,-1,-1,1,1,-1,1,1,1,-1,1,1,-1,1,1,1,1,-1,1,-1,1,1,-1,1,-1,1,1,1,-1,1,1,1,1,-1,-1,1,-1,-1,-1,1,1,-1,1,1,1,-1,1,-1,-1,1,1,1,1,1,-1,1,1,1,-1,1,1,-1,1,1,1,-1,1,1,-1,-1,1,1,1,-1,1,-1,1,1,1,-1,1,1,-1,1,1,1,-1,1,-1,-1,1,1,1,-1,1,-1,-1,-1,1,1,-1,1,-1,-1,1,-1,1,-1,1,1,-1,-1,1,1,1,-1,1,-1,-1,1,1,-1,1,-1,-1,-1,-1,-1,-1,1,-1,-1,-1,1,1,-1,1,-1,-1,-1,1,1,1,1,-1,-1,1,1,1,-1,1,-1,-1,-1,-1,1,1,-1,1,-1,-1,1,-1,1,-1,-1,-1,1,-1,-1,1,-1,1,-1,-1,1,-1,1,-1,-1,-1,1,1,-1,1,-1,1,-1,-1,1,-1,1,-1,-1,-1,-1,1,-1,-1,1,1,-1,-1,1,-1,1,1,-1,1,-1,1,-1,1,-1,1,-1,-1,1,-1,1,-1,-1,-1,1,1,-1,1,-1,1,-1,1,-1,1,1,-1,1,-1,1,-1,-1,1,-1,-1,-1,1,-1,1,-1,1,1,-1,1,-1,-1,1,-1,-1,1,-1,1,-1,1,-1,1,-1,1,1,-1,1,-1,1,-1,1,-1,-1,1,-1,1,1,1,1,-1,-1,1,1,-1,1,1,-1,-1,1,1,1,-1,1,1,-1,1,1,1,1,1,-1,1,-1,-1,-1,1,-1,1,1,-1,1,-1,1,-1,1,-1,-1,-1,1,1,-1,1,1,-1,-1,-1,1,-1,1,1,-1,1,-1,1,-1,-1,-1,-1,-1,-1,1,-1,-1,-1,-1,-1,-1,1,-1,1,1,1,1,-1,1,-1,1,1,-1,-1,-1,1,-1,-1,1,-1,1,-1,-1,1,1,1,1,-1,-1,1,1,1,1,-1,1,-1,-1,1,1,1,-1,-1,-1,1,1,1,1,-1,-1,-1,1,-1,1,-1,1,-1,-1,-1,1,1,1,-1,-1,-1,1,1,1,1,1,-1,-1,-1,1,1,1,1,-1,-1,-1,1,1,1,-1,-1,-1,1,1,1,1,1,-1,-1,-1,1,1,1,1,-1,-1,-1,1,1,-1,1,-1,-1,-1,1,1,1,1,-1,-1,1,-1,1,1,-1,-1,1,1,-1,1,1,-1,-1,-1,1,1,1,1,1,-1,1,1,1,1,1,-1,-1,-1,1,-1,1,-1,-1,-1,-1,1,-1,1,1,-1,-1,-1,1,-1,1,1,-1,1,-1,1,-1,1,1,-1,1,1,-1,1,1,1,-1,-1,-1,1,-1,-1,-1,-1,-1,-1,1,-1,1,-1,-1,-1,-1,1,1,-1,1,-1,-1,-1,1,-1,-1,1,-1,-1,-1,-1,1,1,1,-1,-1,-1,-1,-1,1,-1,-1,-1,1,-1,-1,1,-1,1,-1,-1,-1,-1,-1,-1,-1,1,-1,-1,-1,1,1,-1,-1,-1,-1,1,-1,-1,-1,-1,1,-1,-1,1,1,1,-1,-1,-1,-1,1,-1,1,1,-1,1,-1,-1,1,1,-1,-1,-1,-1,-1,-1,1,1,-1,-1,1,-1,1,1,-1,-1,-1,1,-1,1,1,-1,-1,1,-1,-1,1,1,1,-1,1,-1,1,1,1,-1,-1,1,-1,-1,1,1,1,-1,1,-1,-1,1,1,-1,1,1,-1,-1,1,1,-1,1,1,-1,-1,1,1,1,1,1,-1,-1,1,1,1,1,-1,1,-1,1,1,1,-1,1,-1,-1,1,-1,1,1,1,1,-1,-1,1,-1,1,1,1,-1,1,1,1,1,-1,1,-1,1,1,1,1,1,1,1,-1,-1,1,1,1,-1,1,-1,1,1,1,1,1,-1,1,1,1,1,-1,1,1,-1,1,1,-1,1,1,-1,-1,1,1,1,1,-1,1,-1,1,1,1,-1,-1,1,-1,1,-1,1,-1,1,-1,-1,-1,1,1,-1,-1,1,-1,-1,1,-1,1,-1,1,-1,1,-1,1,1,-1,1,-1,-1,1,1,-1,-1,-1,1,1,1,-1,-1,1,1,-1,1,1,-1,-1,1,1,-1,-1,-1,1,-1,1,1,1,1,-1,1,-1,-1,-1,1,-1,-1,-1,-1,-1,1,1,1,1,-1,1,1,-1,1,1,-1,-1,-1,1,-1,1,1,1,1,-1,1,-1,1,1,1,-1,1,1,-1,1,1,1,-1,-1,1,-1,1,1,-1,-1,-1,1,-1,1,1,1,-1,1,1,1,-1,1,-1,1,-1,1,-1,1,1,-2666.0,1,2000,445,1000,False
1824,1,1,-1,-1,1,1,-1,-1,1,1,1,-1,1,1,1,1,-1,1,-1,-1,-1,-1,1,1,1,-1,-1,-1,1,1,1,1,-1,-1,-1,-1,1,-1,1,1,-1,-1,-1,1,1,1,1,-1,1,1,1,1,-1,1,-1,-1,1,-1,1,1,1,-1,-1,-1,1,1,1,1,-1,-1,-1,1,1,1,1,-1,-1,-1,1,1,1,-1,-1,-1,1,1,1,1,-1,1,-1,1,1,1,1,-1,-1,1,1,-1,1,1,-1,-1,1,1,1,1,1,-1,-1,1,1,-1,1,1,-1,-1,1,1,1,1,1,1,-1,1,1,1,-1,1,1,-1,1,1,1,1,1,1,-1,-1,1,1,1,1,1,-1,1,1,1,1,1,1,-1,-1,-1,1,1,1,1,-1,1,1,1,1,-1,1,-1,1,-1,1,1,1,-1,-1,1,1,1,1,1,-1,1,-1,-1,1,1,1,-1,1,1,1,1,-1,1,1,1,1,-1,1,-1,1,-1,1,1,-1,1,-1,1,1,-1,1,-1,1,-1,1,-1,1,1,-1,1,-1,1,1,1,1,-1,-1,1,1,-1,-1,1,-1,1,-1,1,1,-1,1,-1,1,-1,1,-1,-1,1,-1,-1,-1,1,1,-1,1,-1,1,1,1,-1,1,1,-1,1,-1,1,-1,1,-1,1,-1,1,1,-1,1,-1,-1,-1,-1,1,-1,1,-1,-1,-1,1,1,-1,-1,1,1,-1,1,1,1,-1,1,1,-1,1,1,1,1,-1,1,-1,1,1,-1,1,-1,1,-1,1,-1,1,1,1,1,-1,-1,1,-1,-1,1,1,1,-1,1,1,1,-1,1,1,1,1,1,1,-1,1,-1,1,1,1,-1,-1,1,-1,1,1,1,-1,1,1,-1,-1,1,1,1,-1,1,-1,1,1,1,-1,1,1,-1,1,1,1,-1,1,1,-1,1,1,1,-1,1,1,-1,-1,1,1,-1,1,1,-1,1,-1,1,-1,1,1,1,-1,1,1,1,-1,1,1,-1,1,1,-1,1,1,1,-1,-1,-1,-1,1,1,1,-1,1,1,-1,1,1,-1,-1,1,1,1,1,1,-1,1,1,1,-1,1,1,1,1,-1,1,1,1,-1,1,-1,1,1,1,1,1,1,-1,-1,-1,1,-1,-1,1,-1,1,-1,1,1,1,1,1,-1,-1,1,-1,-1,1,-1,1,-1,1,1,1,1,-1,1,-1,-1,1,-1,1,1,-1,-1,1,1,1,-1,1,-1,-1,-1,1,-1,1,1,-1,-1,1,1,1,1,-1,1,-1,1,-1,1,1,-1,-1,-1,1,-1,1,1,-1,-1,-1,1,-1,1,1,1,-1,-1,1,1,-1,1,-1,-1,-1,1,-1,1,1,1,-1,-1,1,-1,-1,1,-1,-1,-1,-1,-1,1,1,-1,-1,-1,1,-1,-1,1,-1,-1,-1,-1,1,-1,1,-1,-1,1,-1,1,-1,-1,1,1,1,-1,1,-1,1,-1,1,-1,1,-1,-1,-1,1,-1,-1,1,1,1,-1,1,-1,1,1,1,-1,1,1,-1,-1,-1,1,-1,-1,1,-1,-1,1,1,1,-1,1,-1,-1,1,1,-1,-1,1,-1,-1,1,1,-1,-1,1,-1,-1,-1,1,1,-1,1,1,-1,-1,1,-1,-1,1,-1,1,-1,1,1,-1,-1,1,-1,-1,-1,-1,-1,1,1,1,-1,-1,1,-1,-1,1,-1,-1,1,-1,-1,1,1,-1,-1,1,1,-1,1,1,-1,1,-1,1,-1,-1,1,1,-1,-1,-1,-1,1,1,-1,-1,1,-1,-1,-1,1,1,-1,-1,-1,-1,-1,1,-1,-1,-1,-1,-1,1,1,1,-1,-1,-1,-1,-1,1,1,-1,-1,-1,-1,-1,1,1,1,-1,-1,-1,-1,1,1,1,-1,-1,-1,1,-1,1,1,1,-1,1,1,-1,1,1,1,-1,-1,1,1,1,-1,1,-1,1,1,1,1,-1,1,-1,-1,1,-1,1,-1,1,-1,-1,1,-1,1,1,1,-1,-1,1,-1,1,-1,1,1,-1,1,-1,1,1,1,1,1,-1,1,1,1,1,-1,-1,1,-1,-1,1,1,-1,-1,1,-1,1,-1,1,-1,-1,1,1,-1,1,1,-1,-1,1,1,-1,1,1,-1,-1,-1,-1,-1,-1,1,-1,-1,-1,-1,-1,1,-1,-1,1,-1,-1,1,-1,1,-1,-1,-1,-1,-1,1,1,1,-1,-1,-1,1,1,1,-1,-1,-1,1,-1,-1,1,-1,1,-1,-1,1,1,1,-1,-1,-1,-1,1,-1,1,1,-1,1,-1,-1,1,1,-1,-1,-1,-1,-1,-1,1,1,-1,-1,1,-1,1,1,-1,-1,-1,1,-1,1,1,-1,-1,1,-1,-1,1,1,1,-1,1,-1,1,1,1,-1,-1,1,-1,-1,1,1,1,-1,1,-1,-1,1,1,-1,1,1,-1,-1,1,1,-1,1,1,-1,-1,1,1,-1,1,1,-1,-1,1,1,1,1,-1,1,-1,-1,1,1,1,1,-1,-1,1,-1,1,1,1,1,-1,-1,1,-1,1,1,1,-1,1,1,1,1,-1,1,-1,1,1,1,1,1,1,1,-1,1,1,1,1,-1,1,-1,1,1,1,1,1,-1,1,1,1,1,-1,1,1,-1,1,1,-1,1,1,-1,-1,1,1,1,1,-1,1,-1,1,1,1,-1,-1,1,-1,1,1,1,-1,1,-1,-1,-1,1,1,-1,-1,1,-1,-1,1,1,1,-1,1,-1,-1,1,1,1,-1,1,-1,-1,1,1,-1,-1,-1,1,-1,1,1,-1,1,1,-1,1,1,-1,-1,1,1,-1,-1,-1,1,-1,1,1,-1,1,1,-1,-1,-1,-1,1,-1,-1,-1,-1,1,-1,-1,1,1,-1,1,1,-1,1,1,1,1,-1,1,-1,1,1,1,1,-1,1,-1,-1,1,1,1,-1,1,-1,1,1,1,1,-1,1,-1,1,1,1,-1,-1,1,-1,-1,1,1,-1,-1,-1,1,-1,1,1,1,-1,1,-1,-1,1,-2666.0,1,2000,445,1000,False
1825,-1,-1,1,1,1,1,-1,1,-1,-1,-1,1,-1,1,-1,-1,1,-1,1,1,-1,-1,-1,-1,-1,1,-1,-1,-1,-1,-1,-1,1,1,-1,-1,1,-1,-1,-1,1,-1,-1,-1,-1,-1,-1,-1,1,1,-1,-1,1,-1,1,-1,-1,1,-1,-1,-1,1,1,1,-1,-1,-1,-1,-1,-1,-1,1,-1,-1,-1,-1,-1,-1,1,-1,-1,1,1,-1,1,-1,-1,1,-1,1,-1,-1,-1,-1,-1,-1,-1,1,1,1,-1,-1,-1,-1,1,1,-1,-1,-1,-1,-1,1,1,1,-1,-1,-1,-1,1,1,-1,-1,-1,-1,-1,1,1,-1,1,-1,-1,-1,1,1,-1,1,-1,-1,-1,-1,1,-1,1,-1,-1,-1,1,1,1,-1,-1,-1,-1,-1,-1,1,-1,1,-1,-1,1,1,1,1,-1,-1,1,1,-1,1,-1,-1,-1,-1,1,1,-1,1,-1,-1,1,-1,-1,1,-1,-1,-1,1,1,1,1,1,-1,1,1,1,-1,1,1,-1,-1,1,1,-1,1,1,-1,-1,-1,1,-1,1,1,-1,-1,1,1,-1,1,1,-1,1,1,1,-1,-1,1,1,-1,-1,1,-1,1,1,-1,1,-1,1,-1,1,1,-1,-1,1,1,-1,-1,1,-1,-1,-1,1,-1,1,-1,1,-1,1,1,-1,1,1,-1,-1,1,-1,1,-1,-1,-1,-1,1,-1,-1,1,-1,-1,-1,1,-1,-1,-1,1,-1,-1,-1,1,1,-1,1,-1,-1,-1,1,1,-1,-1,-1,1,-1,-1,1,-1,-1,-1,-1,1,-1,1,1,-1,-1,-1,-1,-1,1,-1,-1,-1,1,-1,-1,1,1,-1,-1,1,1,-1,1,-1,-1,-1,1,1,-1,1,-1,-1,-1,-1,1,-1,1,-1,-1,1,1,-1,1,1,-1,1,1,1,-1,-1,1,-1,1,1,1,1,1,1,-1,-1,1,1,1,1,-1,-1,-1,1,1,1,1,-1,-1,1,-1,1,1,1,-1,-1,1,1,1,-1,1,1,-1,1,-1,1,1,1,1,-1,-1,1,1,1,-1,-1,-1,1,1,-1,-1,1,1,-1,1,-1,1,-1,1,-1,1,1,-1,1,1,1,-1,1,1,-1,1,-1,1,-1,-1,1,-1,1,1,1,1,-1,1,1,-1,1,1,-1,-1,1,1,-1,1,-1,1,-1,-1,1,-1,1,1,-1,-1,1,1,-1,1,-1,1,-1,-1,1,-1,1,-1,-1,-1,-1,1,-1,-1,1,1,-1,-1,1,-1,1,1,-1,1,-1,1,-1,1,-1,1,-1,-1,-1,1,-1,-1,-1,-1,-1,1,-1,1,-1,1,-1,-1,-1,1,1,-1,1,-1,-1,-1,-1,1,-1,-1,-1,-1,-1,1,-1,-1,1,-1,-1,1,-1,1,-1,-1,1,-1,-1,-1,-1,-1,1,-1,1,-1,-1,-1,-1,1,-1,-1,-1,-1,1,-1,1,1,1,-1,-1,-1,1,1,-1,1,-1,1,-1,1,1,1,-1,1,1,-1,1,1,1,1,1,1,1,-1,-1,-1,1,-1,-1,1,-1,1,-1,1,-1,1,-1,-1,-1,1,1,-1,1,1,-1,1,-1,1,-1,1,1,-1,1,-1,1,-1,-1,-1,-1,1,-1,1,-1,-1,-1,-1,1,-1,1,-1,1,1,1,-1,-1,1,-1,1,1,-1,1,-1,1,-1,-1,1,-1,1,-1,-1,1,1,1,1,1,-1,1,1,1,1,-1,1,-1,-1,1,1,1,-1,-1,-1,1,1,1,1,-1,-1,-1,1,-1,1,-1,1,1,-1,-1,1,1,1,-1,1,-1,-1,1,1,1,1,1,1,-1,1,1,1,1,-1,1,-1,1,-1,1,-1,1,1,-1,1,1,1,1,1,1,-1,1,-1,1,1,1,1,-1,1,1,-1,1,1,1,-1,1,1,1,1,1,1,-1,1,1,-1,1,1,-1,-1,1,1,1,1,1,-1,-1,1,-1,1,1,1,-1,-1,1,-1,1,-1,1,1,-1,1,-1,1,-1,1,-1,-1,1,-1,1,1,1,1,-1,1,-1,1,1,1,1,-1,1,-1,1,-1,1,1,-1,1,1,1,1,1,-1,1,1,-1,1,1,1,1,-1,1,-1,-1,1,1,1,-1,1,1,-1,1,1,1,-1,1,1,-1,1,1,1,1,1,-1,-1,1,1,1,1,1,-1,1,-1,1,1,1,1,1,-1,1,1,1,1,1,1,-1,1,1,1,1,1,-1,1,1,1,1,1,1,1,-1,1,1,-1,1,1,-1,1,1,1,1,-1,1,-1,1,-1,1,1,1,1,1,-1,1,1,1,1,1,-1,-1,1,-1,1,1,1,-1,1,1,1,1,1,-1,-1,1,1,1,1,1,1,-1,1,1,-1,1,1,-1,1,1,1,1,1,1,-1,-1,1,1,1,1,1,-1,-1,1,1,1,1,1,1,-1,1,1,1,1,1,1,-1,1,1,1,1,1,1,-1,1,1,-1,1,1,1,-1,1,1,-1,1,1,1,-1,1,-1,1,1,1,1,-1,-1,1,-1,1,1,1,-1,1,1,-1,1,-1,1,-1,1,1,-1,1,1,1,-1,-1,1,1,1,1,1,1,-1,1,1,1,1,-1,1,-1,1,1,1,-1,-1,1,-1,1,1,-1,1,-1,-1,-1,1,-1,1,-1,1,-1,-1,1,-1,1,-1,-1,-1,-1,1,-1,1,-1,-1,-1,-1,-1,1,1,-1,1,-1,-1,-1,-1,1,-1,1,-1,-1,1,-1,1,1,1,1,-1,-1,1,1,-1,-1,1,1,1,1,1,-1,1,-1,-1,1,1,-1,-1,1,-1,-1,-1,-1,1,-1,1,-1,1,1,1,-1,-1,-1,-1,-1,-1,-1,-1,-1,1,-1,1,1,1,-1,1,1,-1,1,1,1,1,-1,1,-1,1,1,1,1,-1,1,-1,1,1,1,1,-1,1,-1,1,1,1,1,-1,1,-1,1,1,1,-1,-1,1,-1,-1,1,1,-1,-1,-1,1,-1,1,-1,1,-1,1,-1,-1,1,-2666.0,1,2000,445,1500,True
1826,1,1,-1,-1,1,1,-1,1,1,1,1,-1,-1,1,1,1,-1,1,-1,-1,-1,1,1,1,1,-1,-1,-1,1,1,1,1,-1,-1,-1,1,-1,1,1,1,-1,-1,1,1,1,1,1,-1,1,-1,1,1,1,1,-1,-1,-1,-1,1,1,1,-1,-1,1,1,1,1,1,-1,-1,1,-1,1,1,1,-1,-1,1,-1,1,1,-1,-1,-1,-1,1,1,1,-1,-1,-1,-1,-1,1,1,-1,-1,1,-1,1,1,1,-1,-1,1,-1,-1,1,1,-1,-1,-1,-1,-1,1,1,-1,-1,1,-1,-1,1,1,1,-1,-1,-1,-1,1,1,1,-1,1,-1,-1,1,1,1,-1,1,-1,-1,1,1,1,-1,1,-1,-1,-1,1,1,-1,-1,1,-1,1,1,1,-1,1,1,-1,-1,1,1,-1,1,1,-1,1,1,-1,-1,1,-1,-1,1,1,-1,1,-1,1,-1,1,1,-1,1,1,-1,-1,-1,1,1,1,1,1,-1,-1,1,-1,1,1,1,-1,-1,1,1,-1,1,1,-1,1,1,1,1,1,1,-1,1,1,-1,1,1,1,1,-1,1,-1,-1,1,1,-1,-1,1,-1,-1,1,1,-1,-1,1,-1,1,1,1,1,-1,1,-1,-1,1,1,-1,1,1,-1,1,1,1,-1,-1,1,-1,1,-1,1,1,1,1,-1,1,-1,1,1,1,1,-1,1,-1,1,1,1,1,1,-1,1,1,1,1,1,1,-1,1,1,-1,-1,1,1,-1,-1,1,1,1,1,-1,1,-1,1,1,1,-1,-1,-1,-1,1,1,1,1,-1,1,-1,1,-1,1,1,1,1,-1,1,1,1,1,1,-1,-1,1,1,1,1,-1,1,-1,1,1,1,1,1,-1,1,1,1,-1,1,1,-1,-1,1,1,-1,1,1,1,1,1,-1,1,1,1,1,1,1,1,-1,1,1,1,1,1,1,-1,1,1,1,1,1,1,1,-1,1,1,1,-1,1,-1,1,1,1,1,-1,1,1,-1,1,1,-1,1,1,-1,-1,-1,-1,1,1,1,-1,1,1,-1,1,1,-1,1,1,1,1,1,1,-1,-1,1,1,-1,1,1,1,1,-1,1,1,1,-1,1,-1,1,-1,1,1,1,1,-1,-1,-1,1,-1,1,1,-1,1,-1,-1,1,1,1,1,-1,-1,1,-1,-1,1,-1,1,-1,1,1,-1,-1,1,1,-1,-1,1,-1,1,1,-1,-1,1,1,-1,1,1,-1,-1,1,1,-1,1,-1,-1,-1,1,1,1,1,-1,1,-1,1,-1,1,1,-1,-1,1,1,-1,1,1,-1,-1,-1,1,-1,1,1,-1,-1,-1,1,-1,-1,1,1,-1,-1,1,-1,1,-1,1,-1,-1,-1,1,-1,-1,1,-1,-1,-1,1,1,-1,1,-1,-1,-1,1,-1,1,1,-1,-1,-1,1,-1,1,1,-1,-1,-1,1,-1,-1,1,1,1,-1,1,-1,1,-1,1,1,1,-1,1,1,-1,-1,1,1,1,-1,1,-1,1,-1,1,1,1,-1,-1,-1,-1,-1,1,1,1,-1,-1,-1,1,1,-1,1,-1,-1,-1,1,1,1,1,-1,-1,1,1,1,-1,1,-1,-1,-1,-1,1,1,1,-1,1,-1,-1,1,-1,1,-1,-1,1,1,-1,-1,1,1,-1,-1,-1,-1,-1,1,1,-1,-1,-1,1,-1,1,1,-1,-1,1,-1,1,1,-1,-1,-1,-1,-1,1,1,-1,1,-1,-1,1,1,1,1,-1,-1,-1,-1,-1,1,-1,1,-1,-1,1,-1,1,1,-1,1,-1,-1,1,1,1,-1,1,-1,1,-1,1,1,-1,-1,-1,-1,-1,1,1,-1,1,-1,1,-1,1,1,1,-1,1,-1,-1,1,1,-1,-1,-1,1,-1,1,1,-1,-1,1,-1,-1,-1,-1,1,-1,1,-1,-1,1,-1,-1,1,-1,1,-1,1,1,-1,1,-1,1,-1,1,-1,1,-1,1,-1,-1,1,1,-1,1,-1,-1,-1,-1,1,-1,1,-1,1,-1,-1,1,-1,1,1,-1,-1,-1,-1,1,1,1,1,-1,-1,1,-1,-1,1,1,-1,-1,-1,-1,1,-1,1,-1,-1,1,1,-1,1,1,-1,-1,1,-1,-1,1,1,-1,-1,-1,-1,1,-1,1,-1,-1,-1,-1,-1,1,-1,-1,1,-1,-1,1,-1,1,-1,-1,-1,-1,-1,1,1,1,-1,-1,-1,1,1,1,-1,-1,-1,1,-1,-1,1,1,-1,-1,-1,1,1,1,-1,-1,1,-1,1,-1,1,-1,-1,1,-1,-1,1,1,-1,-1,-1,-1,-1,-1,1,1,-1,-1,1,-1,1,1,-1,-1,-1,-1,-1,1,1,-1,-1,-1,1,-1,1,1,1,-1,-1,-1,1,1,1,-1,-1,1,-1,-1,1,-1,1,-1,1,-1,-1,1,1,-1,1,-1,1,-1,1,1,-1,1,1,1,-1,1,1,-1,1,1,1,-1,1,1,1,1,1,-1,-1,1,1,1,-1,1,1,-1,1,-1,1,1,1,1,-1,-1,1,-1,1,-1,1,-1,1,1,1,1,-1,1,-1,1,1,1,1,1,1,-1,-1,1,1,1,1,-1,1,-1,1,1,1,1,-1,1,-1,1,1,1,-1,-1,1,-1,1,1,-1,1,-1,-1,-1,1,1,1,-1,1,-1,-1,1,1,1,-1,-1,-1,-1,1,1,1,-1,-1,1,-1,-1,1,1,-1,1,-1,-1,1,1,1,-1,1,-1,1,-1,1,1,1,1,1,-1,-1,1,1,-1,-1,1,1,-1,1,1,-1,1,-1,-1,1,1,-1,-1,1,-1,-1,-1,1,1,-1,1,1,-1,1,1,-1,-1,1,-1,1,-1,-1,-1,-1,1,-1,-1,1,1,-1,1,1,-1,1,1,1,1,-1,1,-1,1,1,1,-1,-1,1,-1,-1,-1,1,-1,-1,1,-1,1,1,1,-1,-1,1,-1,1,1,1,1,-1,1,-1,-1,1,1,-1,-1,-1,1,-1,1,1,1,-1,1,-1,-1,1,-2666.0,1,2000,445,1000,True
1827,-1,-1,1,1,1,1,-1,1,-1,-1,1,-1,-1,1,-1,-1,1,-1,1,-1,-1,1,-1,-1,-1,1,-1,-1,-1,-1,-1,-1,1,-1,-1,1,1,-1,-1,1,-1,-1,1,-1,-1,1,-1,-1,1,-1,-1,-1,1,1,-1,-1,-1,1,-1,-1,1,-1,-1,1,-1,1,-1,-1,-1,-1,1,-1,-1,-1,1,-1,-1,1,-1,-1,-1,-1,-1,-1,-1,-1,-1,1,-1,-1,-1,-1,-1,1,1,-1,-1,1,-1,1,1,1,-1,-1,1,-1,-1,1,1,-1,-1,-1,-1,-1,1,1,-1,-1,1,-1,-1,1,1,1,-1,-1,-1,-1,1,1,1,-1,1,-1,-1,1,1,1,-1,1,-1,-1,1,1,1,-1,1,-1,-1,-1,1,1,-1,-1,1,-1,1,1,1,-1,1,-1,-1,-1,1,1,-1,1,1,-1,1,1,-1,-1,1,-1,-1,1,1,-1,1,-1,1,-1,1,1,-1,1,1,-1,-1,-1,1,1,1,1,1,-1,1,1,-1,1,1,1,-1,1,1,1,-1,1,1,-1,1,1,-1,1,1,1,-1,1,1,1,1,1,1,1,-1,1,-1,-1,1,1,-1,-1,1,1,-1,1,1,-1,-1,1,-1,1,1,1,1,-1,1,1,-1,1,1,-1,1,1,-1,1,1,1,-1,-1,1,-1,1,-1,1,1,1,1,-1,1,-1,1,1,1,1,-1,1,-1,1,1,1,1,-1,-1,1,1,1,1,1,1,-1,1,1,-1,-1,1,1,-1,-1,1,1,1,1,-1,1,-1,1,1,1,-1,1,-1,-1,1,1,1,1,-1,1,-1,1,-1,1,1,1,1,-1,1,1,1,1,1,-1,-1,1,1,1,1,1,1,-1,1,1,1,1,1,-1,1,1,1,-1,1,1,-1,-1,1,1,1,1,1,1,1,1,-1,1,1,1,1,1,1,1,1,1,1,1,1,1,1,-1,1,1,1,1,1,1,1,-1,1,-1,1,-1,1,-1,1,1,1,1,-1,1,1,-1,1,-1,1,1,1,-1,-1,-1,-1,1,-1,1,-1,1,1,-1,1,1,-1,-1,1,1,1,1,1,-1,1,1,1,-1,1,1,1,-1,-1,1,-1,1,-1,1,-1,1,-1,-1,1,1,1,-1,-1,-1,1,-1,1,1,-1,1,-1,-1,1,1,1,1,1,-1,1,-1,-1,1,-1,1,-1,-1,-1,1,1,1,1,-1,-1,1,-1,1,1,-1,-1,1,-1,1,-1,1,1,-1,-1,1,-1,1,1,-1,-1,-1,-1,1,1,-1,1,-1,-1,1,1,1,-1,-1,1,-1,1,1,1,-1,-1,-1,1,-1,1,1,1,-1,1,-1,1,-1,1,-1,-1,-1,1,-1,1,1,-1,1,-1,1,-1,-1,1,-1,-1,-1,1,-1,-1,1,-1,-1,-1,1,-1,-1,1,-1,-1,-1,-1,1,-1,1,-1,-1,-1,-1,1,-1,-1,1,1,1,-1,1,-1,1,-1,1,-1,1,-1,1,1,-1,-1,1,1,1,-1,1,-1,1,-1,1,1,1,-1,-1,-1,-1,-1,1,1,1,-1,-1,-1,1,1,-1,1,-1,-1,-1,1,1,1,1,-1,-1,1,1,1,1,1,-1,-1,-1,-1,1,-1,1,-1,1,-1,-1,1,1,1,-1,-1,1,1,1,-1,1,1,-1,-1,-1,-1,1,1,1,-1,-1,-1,-1,1,1,1,-1,-1,-1,1,1,1,-1,-1,-1,-1,1,1,1,-1,1,-1,1,-1,1,1,1,-1,-1,-1,-1,1,1,-1,1,-1,-1,1,1,1,1,-1,1,-1,-1,1,1,1,-1,1,-1,-1,1,1,1,-1,-1,-1,-1,1,-1,1,-1,1,-1,-1,1,1,1,1,-1,1,-1,1,1,1,-1,-1,-1,-1,1,1,-1,1,-1,1,1,1,-1,-1,1,-1,1,1,1,1,-1,-1,1,1,1,1,-1,1,-1,1,-1,1,-1,1,-1,-1,1,-1,1,1,-1,1,-1,1,1,1,1,-1,1,-1,1,-1,1,1,-1,1,-1,1,1,1,1,-1,-1,1,1,1,1,1,-1,1,-1,-1,1,1,1,1,-1,-1,1,-1,1,1,-1,1,1,-1,1,1,1,-1,1,-1,-1,1,1,1,1,-1,-1,1,-1,1,1,-1,-1,-1,1,-1,-1,-1,1,-1,-1,1,-1,1,1,-1,-1,-1,-1,-1,1,1,-1,-1,-1,1,1,1,1,-1,-1,1,-1,-1,1,1,-1,-1,-1,1,1,1,1,-1,-1,-1,1,-1,1,1,-1,1,-1,-1,1,1,1,-1,-1,-1,-1,-1,1,-1,-1,-1,1,-1,1,1,-1,-1,-1,1,-1,1,1,1,-1,1,-1,-1,1,1,1,-1,1,-1,1,1,1,-1,-1,1,-1,-1,1,1,1,-1,1,-1,-1,1,1,1,1,1,-1,-1,1,1,-1,1,1,-1,-1,1,1,1,1,1,-1,-1,1,1,1,1,1,1,-1,1,1,-1,1,1,-1,-1,1,-1,1,1,1,1,-1,-1,1,-1,1,1,1,-1,1,1,1,1,-1,1,-1,1,1,1,1,1,1,1,-1,1,1,1,1,-1,1,-1,1,1,1,1,-1,1,1,1,1,1,-1,-1,1,1,1,1,-1,1,-1,1,1,-1,1,1,-1,1,-1,1,-1,1,1,-1,-1,-1,-1,1,1,1,-1,1,-1,1,-1,1,1,-1,1,-1,1,-1,1,1,-1,1,-1,1,-1,1,1,1,1,1,-1,1,1,1,-1,-1,1,-1,1,1,1,-1,1,-1,1,1,1,-1,-1,1,-1,1,-1,1,1,-1,1,-1,1,1,1,-1,-1,-1,-1,-1,-1,-1,-1,-1,1,-1,1,1,1,-1,1,1,-1,-1,1,1,1,-1,1,-1,1,1,1,-1,-1,1,-1,1,1,1,-1,-1,1,-1,1,1,1,-1,-1,1,-1,1,-1,1,1,-1,1,-1,-1,1,1,-1,-1,-1,1,-1,1,-1,1,-1,1,-1,-1,1,-2666.0,1,2000,445,1000,True
1828,-1,-1,1,1,1,1,-1,1,-1,-1,-1,1,-1,1,-1,-1,1,-1,1,-1,-1,1,-1,-1,-1,1,-1,-1,1,-1,-1,-1,1,-1,-1,-1,1,-1,-1,1,-1,-1,-1,-1,-1,-1,-1,-1,1,1,-1,-1,1,1,-1,-1,1,-1,-1,-1,1,-1,-1,1,-1,1,-1,-1,1,-1,1,-1,-1,-1,1,-1,-1,-1,1,-1,-1,-1,-1,-1,1,-1,-1,1,-1,-1,-1,1,-1,1,1,-1,-1,1,1,1,1,1,-1,-1,1,1,-1,1,1,-1,-1,1,1,-1,1,1,-1,-1,1,1,-1,1,1,1,-1,1,1,-1,1,1,1,-1,1,1,-1,1,1,1,-1,-1,1,-1,1,1,1,-1,1,1,1,-1,1,1,-1,-1,-1,1,-1,1,1,-1,1,-1,1,1,1,1,-1,1,1,-1,1,1,-1,-1,1,1,-1,1,1,-1,1,-1,-1,1,1,1,-1,1,1,1,1,1,1,1,1,1,-1,1,1,1,-1,1,1,-1,1,1,1,1,-1,1,1,-1,1,1,-1,1,1,-1,1,1,1,1,1,1,-1,-1,1,1,-1,-1,1,-1,1,1,-1,1,-1,1,-1,1,1,1,-1,1,1,-1,-1,1,-1,1,-1,1,-1,1,1,1,-1,1,1,-1,1,-1,1,-1,1,-1,1,-1,-1,1,-1,1,-1,-1,1,1,1,-1,1,-1,1,-1,1,1,-1,-1,1,1,-1,1,1,1,-1,1,1,-1,-1,-1,1,1,-1,1,-1,-1,-1,1,-1,-1,1,1,-1,-1,1,1,1,1,-1,-1,-1,1,-1,1,-1,1,-1,-1,1,1,-1,1,-1,-1,-1,1,1,1,1,-1,-1,1,1,-1,1,1,-1,-1,1,1,-1,1,1,-1,1,-1,1,1,-1,1,-1,1,1,1,-1,1,1,-1,-1,1,1,-1,1,-1,-1,-1,1,1,-1,1,-1,-1,1,-1,1,-1,1,-1,-1,1,-1,1,-1,1,1,-1,1,-1,1,1,-1,1,-1,-1,1,1,-1,1,-1,-1,1,1,-1,-1,1,1,-1,1,-1,1,-1,1,-1,1,1,-1,1,1,1,-1,1,1,-1,1,-1,1,-1,-1,1,-1,1,1,1,1,-1,1,1,1,1,1,-1,-1,1,-1,-1,1,-1,1,-1,-1,1,-1,1,-1,-1,-1,-1,1,-1,1,-1,1,-1,-1,1,-1,1,1,-1,-1,-1,1,-1,-1,1,1,-1,-1,1,-1,1,1,-1,1,-1,1,-1,-1,1,1,-1,-1,-1,-1,1,1,-1,1,-1,1,-1,1,-1,1,-1,-1,1,-1,1,-1,1,-1,-1,-1,-1,1,-1,-1,-1,-1,-1,-1,1,-1,1,-1,1,-1,-1,1,-1,-1,1,-1,-1,-1,1,1,1,-1,1,-1,-1,-1,1,1,-1,1,-1,-1,1,1,1,1,1,-1,-1,-1,1,1,-1,1,-1,-1,-1,1,1,1,-1,1,1,-1,1,1,1,1,1,1,1,-1,-1,1,-1,1,-1,1,1,-1,1,1,-1,1,-1,-1,-1,1,1,-1,1,1,-1,-1,-1,1,-1,1,1,-1,-1,-1,1,-1,-1,-1,-1,1,-1,1,-1,-1,-1,-1,-1,-1,1,-1,1,1,1,1,-1,1,-1,1,1,-1,1,-1,1,-1,-1,1,-1,1,-1,-1,1,1,1,1,1,1,-1,1,1,1,-1,1,-1,1,1,1,1,-1,-1,-1,1,1,1,1,-1,1,-1,1,-1,1,-1,1,1,-1,-1,1,1,1,-1,1,-1,-1,1,1,1,1,1,1,-1,1,1,1,1,1,1,-1,1,-1,1,-1,1,1,-1,1,1,1,1,1,1,-1,1,-1,1,1,1,1,-1,1,1,-1,1,1,1,1,1,1,1,1,1,1,-1,1,1,-1,-1,1,-1,-1,1,1,1,-1,1,-1,-1,1,-1,1,1,1,-1,-1,1,-1,1,-1,-1,1,-1,1,-1,1,-1,1,-1,-1,1,-1,1,1,1,-1,-1,1,-1,1,-1,1,-1,-1,1,-1,1,-1,1,-1,-1,1,1,1,1,1,-1,1,1,-1,1,1,1,1,-1,1,-1,1,-1,1,-1,-1,1,1,-1,1,1,-1,1,1,1,-1,1,1,1,-1,1,-1,-1,1,1,-1,1,1,-1,1,-1,-1,-1,-1,1,1,-1,1,1,-1,-1,1,1,-1,1,1,-1,-1,-1,1,1,1,1,-1,1,1,1,-1,1,1,-1,-1,1,-1,1,1,1,-1,-1,-1,1,-1,1,1,-1,1,-1,-1,1,1,1,-1,-1,-1,-1,-1,1,-1,-1,-1,1,-1,1,1,-1,-1,-1,-1,-1,1,1,1,-1,1,-1,-1,1,1,1,-1,1,-1,1,1,1,-1,-1,1,-1,-1,1,1,1,-1,1,-1,-1,1,1,1,1,1,-1,-1,1,1,-1,1,1,-1,-1,1,1,1,1,1,-1,-1,1,1,1,1,1,1,-1,-1,1,-1,1,1,-1,-1,1,-1,1,1,1,1,-1,-1,1,-1,1,1,1,-1,1,1,-1,1,-1,1,-1,1,1,1,1,1,1,1,-1,1,1,1,1,-1,1,-1,1,1,1,1,1,-1,1,1,1,1,-1,1,1,-1,1,1,-1,1,1,-1,-1,1,1,1,1,-1,1,-1,1,1,1,-1,-1,1,-1,1,1,1,-1,1,-1,-1,-1,1,1,-1,-1,1,-1,-1,1,1,-1,-1,1,-1,-1,1,1,1,-1,1,-1,-1,1,1,-1,-1,-1,1,-1,1,1,-1,1,1,-1,1,1,-1,-1,1,1,-1,-1,1,1,-1,1,1,-1,1,1,-1,-1,-1,-1,1,-1,-1,-1,-1,-1,1,-1,1,1,-1,1,1,-1,1,1,1,1,-1,1,-1,1,1,1,1,-1,1,-1,-1,-1,1,1,-1,1,-1,1,1,1,1,-1,1,-1,1,1,1,-1,-1,1,-1,-1,1,1,-1,-1,-1,1,-1,1,1,1,-1,1,-1,-1,1,-2666.0,1,2000,445,1500,True
1829,1,1,-1,-1,1,-1,-1,-1,1,1,1,-1,1,1,1,1,-1,1,-1,-1,-1,1,1,1,1,-1,-1,-1,1,1,1,1,1,-1,-1,-1,1,1,1,-1,-1,-1,-1,1,1,1,1,-1,1,1,1,1,-1,1,-1,-1,1,-1,1,1,1,-1,-1,1,1,1,1,1,-1,-1,1,1,1,1,1,-1,-1,-1,1,1,1,-1,-1,-1,1,1,1,1,-1,-1,-1,1,1,1,1,-1,-1,1,1,-1,1,1,-1,-1,1,1,1,1,1,-1,-1,1,1,-1,1,1,-1,-1,1,1,1,1,1,1,-1,-1,1,1,-1,1,1,-1,1,1,1,1,1,1,-1,-1,1,1,-1,1,1,-1,1,1,1,1,1,1,-1,-1,-1,1,-1,1,1,-1,1,1,1,1,-1,1,-1,1,-1,1,1,1,-1,-1,1,1,1,-1,1,-1,1,-1,-1,1,1,1,-1,1,1,1,1,-1,1,1,1,1,-1,1,-1,1,-1,1,1,-1,1,-1,1,1,-1,1,-1,1,-1,1,-1,1,1,-1,1,-1,1,1,1,1,-1,-1,1,1,-1,-1,1,-1,1,1,-1,1,-1,1,-1,1,-1,1,-1,1,1,-1,1,1,1,1,-1,1,-1,1,1,1,-1,1,1,-1,1,-1,1,-1,1,-1,1,-1,1,1,-1,1,-1,-1,-1,1,1,-1,1,-1,-1,-1,-1,1,-1,-1,1,1,-1,-1,1,1,-1,1,1,-1,1,1,1,1,-1,1,-1,1,1,-1,1,-1,1,1,-1,1,1,1,1,1,-1,-1,1,-1,-1,-1,1,1,-1,1,1,1,-1,1,-1,-1,1,1,1,1,1,-1,1,1,1,-1,1,1,-1,1,1,1,-1,1,1,-1,1,-1,1,1,-1,1,-1,1,1,1,-1,1,1,-1,1,1,1,-1,1,-1,-1,1,1,1,-1,1,-1,-1,1,1,1,-1,1,-1,-1,-1,-1,1,-1,1,1,-1,1,1,1,1,-1,1,-1,-1,-1,1,-1,1,-1,-1,1,-1,-1,-1,1,-1,-1,1,-1,1,-1,1,-1,1,-1,1,1,1,1,-1,1,-1,1,1,-1,1,-1,-1,-1,-1,1,1,1,1,-1,-1,1,1,1,1,-1,-1,1,-1,-1,1,-1,1,-1,1,-1,1,1,1,-1,-1,1,1,-1,1,-1,1,-1,-1,1,-1,1,1,-1,-1,-1,1,-1,-1,1,1,-1,-1,-1,-1,1,1,-1,1,-1,1,-1,-1,1,1,-1,-1,1,-1,1,1,-1,-1,1,1,-1,1,-1,1,-1,1,-1,-1,1,-1,1,-1,1,-1,-1,1,-1,-1,-1,1,-1,-1,1,-1,1,-1,1,-1,-1,1,-1,-1,1,-1,1,-1,1,1,1,-1,1,1,-1,-1,-1,1,-1,1,-1,-1,1,-1,1,1,1,1,-1,-1,1,1,-1,1,1,-1,-1,1,1,1,-1,1,1,-1,1,1,1,1,-1,1,1,-1,-1,-1,1,-1,1,1,-1,-1,1,1,-1,1,-1,-1,-1,1,1,-1,1,1,-1,-1,-1,1,-1,1,1,-1,-1,-1,1,-1,-1,-1,-1,1,-1,1,-1,-1,-1,-1,-1,-1,1,-1,1,1,1,1,-1,1,-1,1,1,-1,-1,-1,1,-1,-1,1,-1,1,-1,-1,1,1,1,1,-1,-1,1,1,1,1,-1,1,-1,-1,1,1,1,-1,-1,-1,-1,1,1,1,-1,1,-1,1,-1,1,-1,1,1,-1,-1,1,1,1,-1,-1,-1,-1,1,1,1,1,-1,-1,-1,1,1,1,1,-1,-1,-1,1,-1,1,-1,-1,1,-1,1,1,1,1,-1,1,-1,1,-1,1,1,-1,-1,-1,1,1,-1,1,-1,-1,-1,1,1,1,1,-1,-1,1,-1,1,-1,-1,-1,1,1,-1,1,1,-1,-1,-1,1,1,-1,1,1,-1,1,1,1,-1,1,-1,-1,-1,1,-1,1,-1,-1,-1,1,-1,1,-1,1,-1,-1,-1,-1,-1,-1,1,-1,-1,-1,1,1,-1,1,-1,-1,1,-1,-1,-1,1,-1,-1,-1,1,1,1,-1,-1,-1,-1,1,-1,-1,1,-1,-1,-1,-1,-1,-1,1,-1,-1,-1,1,-1,-1,1,-1,-1,-1,-1,-1,1,1,-1,-1,-1,-1,-1,1,-1,-1,-1,1,-1,-1,1,-1,1,-1,-1,-1,-1,-1,-1,-1,1,-1,-1,-1,1,1,1,-1,-1,1,-1,1,-1,-1,-1,1,-1,-1,1,1,1,-1,-1,-1,-1,1,-1,1,1,-1,1,-1,-1,1,1,-1,-1,-1,-1,-1,-1,1,1,-1,-1,1,-1,1,1,-1,-1,-1,1,-1,-1,1,-1,-1,1,-1,-1,1,1,1,-1,1,-1,1,1,1,-1,-1,1,-1,-1,1,1,1,-1,1,-1,-1,1,1,-1,1,1,-1,-1,1,1,1,1,1,-1,-1,1,1,-1,1,1,-1,-1,1,1,1,1,1,1,-1,-1,1,1,-1,1,-1,-1,1,-1,1,1,1,1,-1,-1,1,-1,1,1,1,-1,1,1,1,1,-1,1,-1,1,1,1,1,1,1,1,-1,1,1,1,1,-1,1,-1,1,1,1,1,1,-1,1,1,1,1,-1,1,1,-1,1,1,-1,1,1,-1,-1,1,1,1,1,-1,1,-1,1,1,1,-1,-1,1,-1,1,1,1,-1,1,-1,-1,-1,1,1,-1,-1,1,-1,-1,1,1,1,-1,1,-1,-1,1,1,1,1,-1,-1,-1,1,1,-1,-1,-1,1,-1,-1,1,-1,1,1,-1,1,1,-1,-1,1,1,-1,-1,1,1,-1,1,1,-1,1,1,-1,-1,-1,-1,1,-1,-1,-1,-1,1,-1,-1,1,1,-1,1,1,-1,1,1,1,1,-1,1,-1,1,1,1,1,-1,1,-1,-1,1,1,1,-1,1,-1,1,1,1,1,-1,1,-1,1,1,1,-1,-1,1,-1,-1,1,1,-1,-1,-1,1,-1,1,-1,1,-1,1,-1,-1,1,-2666.0,1,2000,445,0,False
1830,1,1,-1,-1,1,1,-1,-1,1,1,1,-1,-1,1,1,1,-1,1,-1,-1,-1,1,1,1,1,-1,-1,-1,1,1,1,1,1,-1,-1,1,1,1,1,1,-1,-1,1,1,1,1,1,-1,1,1,1,1,-1,1,-1,-1,1,-1,1,1,1,-1,-1,1,1,1,1,1,-1,-1,1,1,1,1,1,-1,-1,-1,1,1,1,-1,-1,-1,1,1,1,1,-1,-1,1,1,1,1,1,-1,-1,-1,1,-1,1,1,-1,-1,1,1,1,1,1,-1,-1,-1,1,-1,1,1,-1,-1,1,1,1,1,1,1,-1,-1,1,1,-1,1,1,-1,1,1,1,1,1,1,-1,1,1,1,1,1,1,-1,1,1,1,1,1,1,-1,-1,-1,1,1,1,1,-1,1,-1,1,1,-1,1,-1,1,-1,1,1,1,-1,-1,1,1,1,1,1,-1,1,-1,-1,1,1,1,-1,1,1,1,1,-1,1,1,1,1,-1,1,-1,1,-1,1,1,-1,1,-1,1,1,-1,1,-1,1,-1,1,-1,1,1,-1,1,-1,1,1,1,1,-1,-1,1,1,-1,-1,1,-1,1,-1,-1,1,-1,1,-1,1,-1,1,-1,-1,1,-1,-1,-1,1,1,-1,1,-1,1,1,1,-1,1,1,-1,1,-1,1,-1,1,-1,1,-1,1,1,-1,1,-1,-1,-1,1,1,-1,1,-1,-1,-1,1,1,-1,-1,1,1,-1,-1,1,1,-1,1,1,-1,1,1,1,1,-1,1,-1,1,1,-1,1,-1,1,1,-1,1,1,1,1,1,-1,-1,1,-1,-1,1,1,1,-1,1,1,1,-1,1,-1,-1,1,1,1,1,1,-1,1,1,1,-1,-1,1,-1,1,1,1,-1,1,1,-1,-1,1,1,1,-1,1,-1,1,1,1,-1,1,1,-1,1,1,1,-1,1,-1,-1,1,1,1,-1,1,-1,-1,-1,1,1,-1,1,-1,-1,1,-1,1,-1,1,1,-1,-1,1,1,1,-1,1,-1,-1,1,1,-1,1,-1,-1,-1,-1,-1,-1,1,1,-1,-1,1,1,-1,1,-1,-1,-1,1,1,1,1,1,-1,1,1,1,-1,1,-1,-1,-1,-1,1,1,1,1,-1,-1,1,1,1,1,-1,-1,1,-1,-1,1,-1,1,-1,-1,1,-1,1,1,-1,-1,1,1,-1,1,-1,1,-1,-1,1,-1,1,1,-1,-1,-1,1,-1,-1,1,1,-1,-1,1,-1,1,1,-1,1,-1,1,-1,-1,1,1,-1,-1,1,-1,1,1,-1,-1,1,1,-1,1,-1,1,-1,1,-1,-1,1,-1,1,-1,1,-1,-1,1,-1,-1,-1,1,-1,-1,1,1,1,-1,1,-1,-1,1,-1,-1,1,-1,1,-1,1,-1,1,-1,1,1,-1,-1,-1,1,-1,1,-1,-1,1,-1,1,1,1,1,-1,-1,1,1,-1,1,1,-1,-1,1,1,1,-1,1,1,-1,1,1,1,1,-1,1,1,-1,-1,-1,1,-1,-1,1,-1,-1,1,1,-1,1,-1,-1,-1,1,1,-1,1,1,-1,1,-1,1,-1,1,1,-1,-1,-1,1,-1,-1,-1,-1,-1,-1,1,-1,-1,-1,-1,-1,-1,1,-1,1,1,1,1,-1,1,-1,1,1,-1,-1,-1,1,-1,-1,1,-1,-1,-1,-1,1,1,1,1,-1,-1,1,1,1,1,-1,1,-1,-1,1,1,1,-1,-1,-1,1,1,1,1,-1,1,-1,1,-1,1,-1,1,1,-1,-1,1,1,1,-1,-1,-1,-1,1,1,1,1,-1,-1,-1,1,1,1,1,-1,-1,-1,1,1,1,-1,-1,-1,1,1,1,1,1,-1,-1,-1,1,1,1,1,-1,-1,-1,1,1,-1,1,-1,-1,-1,1,1,1,1,-1,-1,1,1,1,1,-1,-1,1,1,-1,1,1,-1,-1,-1,1,1,1,1,1,-1,1,1,1,1,1,-1,-1,-1,1,-1,1,-1,-1,-1,-1,1,-1,1,1,-1,-1,-1,1,-1,1,1,-1,-1,-1,1,1,1,1,-1,-1,1,-1,-1,1,1,-1,-1,-1,1,1,-1,-1,-1,-1,-1,1,-1,1,-1,-1,-1,-1,-1,-1,-1,1,-1,-1,-1,1,-1,-1,1,-1,-1,-1,-1,-1,-1,1,-1,-1,-1,-1,-1,1,-1,-1,-1,1,-1,-1,1,-1,1,-1,-1,-1,-1,-1,-1,-1,1,-1,-1,-1,1,1,-1,-1,-1,1,-1,-1,-1,-1,-1,1,-1,-1,1,1,1,-1,-1,-1,-1,1,-1,1,1,-1,1,-1,-1,1,1,-1,-1,-1,-1,-1,-1,1,1,-1,-1,1,-1,1,1,-1,-1,-1,1,-1,1,1,-1,-1,1,-1,-1,1,1,1,-1,1,-1,1,1,1,-1,-1,1,-1,-1,1,1,1,-1,1,-1,-1,1,1,-1,1,1,-1,-1,1,1,-1,1,1,-1,-1,1,1,1,1,1,-1,-1,1,1,1,1,-1,1,-1,-1,1,1,1,1,-1,-1,1,-1,1,1,1,1,-1,-1,1,-1,1,1,1,-1,1,1,1,1,-1,1,-1,1,1,1,1,1,1,1,-1,1,1,1,1,-1,1,-1,1,1,1,1,1,-1,1,1,1,1,-1,1,1,-1,1,1,-1,1,1,-1,-1,1,1,1,1,-1,1,-1,1,1,1,-1,-1,1,-1,1,1,1,-1,1,-1,-1,-1,1,1,-1,-1,1,-1,-1,1,1,-1,-1,1,-1,-1,1,1,1,-1,1,-1,-1,1,1,-1,-1,-1,1,-1,1,1,-1,1,1,-1,1,1,-1,-1,1,-1,-1,-1,1,1,-1,1,1,-1,1,1,-1,-1,1,-1,1,-1,-1,-1,-1,1,-1,-1,1,1,-1,1,1,-1,1,1,1,1,-1,1,-1,1,1,1,-1,-1,1,-1,-1,1,1,-1,-1,1,-1,1,1,1,-1,-1,1,-1,1,1,1,1,-1,1,-1,-1,1,1,1,-1,-1,1,-1,1,-1,1,-1,1,-1,-1,1,-2666.0,1,2000,445,0,False
1831,-1,-1,1,1,1,1,-1,1,-1,-1,-1,1,-1,1,-1,-1,1,-1,1,1,-1,-1,-1,-1,-1,1,-1,-1,-1,-1,-1,-1,1,1,-1,-1,1,-1,-1,-1,1,-1,-1,-1,-1,-1,-1,-1,1,1,-1,-1,1,-1,1,-1,-1,1,-1,-1,-1,1,1,1,-1,-1,-1,-1,-1,-1,-1,1,-1,-1,-1,-1,-1,-1,1,-1,-1,1,1,-1,1,-1,-1,-1,-1,1,-1,-1,1,-1,-1,-1,-1,1,1,1,-1,-1,-1,-1,1,1,1,-1,-1,-1,-1,1,1,1,-1,-1,-1,-1,1,1,1,-1,-1,-1,-1,1,1,1,-1,-1,-1,-1,1,1,1,-1,-1,-1,-1,-1,1,1,1,-1,-1,-1,1,1,1,1,-1,-1,-1,-1,-1,1,1,1,-1,-1,1,1,1,1,-1,1,-1,1,-1,1,1,1,-1,-1,1,1,1,-1,1,-1,1,-1,-1,1,-1,1,-1,1,1,1,1,1,1,-1,1,1,-1,1,-1,1,-1,1,1,-1,1,-1,1,-1,-1,1,-1,1,-1,1,-1,1,1,-1,1,-1,1,-1,-1,1,-1,-1,1,1,1,-1,1,-1,1,-1,-1,1,-1,1,-1,1,-1,1,-1,1,1,-1,-1,-1,1,1,-1,1,-1,1,1,1,-1,1,1,-1,1,-1,1,-1,1,-1,1,-1,1,1,-1,1,-1,-1,-1,1,1,-1,1,-1,-1,-1,1,1,1,-1,1,1,-1,-1,1,-1,-1,1,1,-1,1,1,1,-1,-1,1,-1,1,1,-1,1,-1,1,1,-1,1,-1,-1,-1,1,-1,-1,1,-1,1,-1,1,1,-1,1,1,1,-1,1,-1,-1,1,1,-1,-1,1,-1,1,1,-1,1,-1,1,-1,1,1,1,-1,1,1,-1,1,-1,1,-1,-1,1,-1,1,1,1,1,1,1,-1,1,1,1,1,1,-1,-1,1,1,1,1,1,-1,-1,1,1,1,1,1,-1,-1,-1,-1,1,-1,1,1,-1,1,1,1,1,1,1,-1,-1,-1,1,1,-1,-1,-1,1,-1,-1,-1,1,1,-1,1,-1,1,-1,1,-1,1,-1,1,1,1,1,-1,1,-1,1,1,-1,1,-1,-1,-1,-1,1,1,1,1,-1,-1,1,-1,1,1,-1,-1,1,-1,-1,1,-1,1,-1,1,-1,1,1,1,-1,-1,1,1,-1,1,-1,1,-1,-1,1,-1,1,-1,-1,-1,-1,1,-1,-1,1,1,-1,-1,-1,-1,1,1,-1,1,-1,1,-1,1,-1,1,-1,1,1,-1,-1,-1,-1,-1,1,1,-1,1,-1,1,-1,1,-1,1,-1,1,1,-1,1,-1,-1,-1,-1,-1,-1,1,-1,1,-1,-1,1,-1,1,-1,-1,1,-1,-1,1,-1,1,-1,-1,-1,1,-1,1,1,-1,-1,1,1,-1,1,-1,-1,1,-1,1,1,-1,1,-1,-1,-1,1,-1,-1,1,1,-1,-1,1,1,1,1,1,-1,1,1,1,-1,-1,-1,1,-1,-1,-1,1,-1,-1,1,-1,1,-1,1,-1,1,-1,-1,-1,1,1,-1,1,1,-1,1,-1,1,-1,1,1,-1,1,-1,1,-1,-1,-1,-1,1,-1,1,-1,-1,-1,-1,1,-1,1,-1,1,1,1,1,-1,1,-1,1,1,-1,1,-1,1,-1,-1,1,-1,1,-1,-1,1,1,1,1,1,-1,1,1,1,1,-1,1,-1,-1,1,1,1,-1,-1,-1,1,1,1,1,-1,-1,-1,1,-1,1,-1,1,1,-1,-1,1,1,1,-1,-1,-1,-1,1,1,1,1,1,-1,-1,1,1,1,1,-1,-1,-1,1,-1,1,-1,1,-1,1,1,1,1,1,1,-1,-1,1,-1,1,-1,1,-1,-1,1,1,-1,1,1,-1,-1,1,1,1,1,1,-1,1,1,1,-1,1,1,1,1,-1,1,1,-1,1,-1,1,1,-1,1,1,1,1,1,1,-1,1,1,1,-1,1,-1,1,-1,1,1,-1,1,1,-1,1,-1,1,1,1,-1,-1,1,-1,1,1,1,1,-1,-1,1,1,1,1,-1,-1,1,-1,1,1,1,1,1,-1,-1,1,1,1,-1,-1,1,-1,1,1,-1,-1,-1,1,-1,1,1,1,-1,-1,1,-1,1,1,-1,-1,1,1,-1,1,1,-1,-1,1,-1,-1,1,-1,-1,-1,1,-1,1,1,-1,-1,-1,-1,-1,-1,-1,-1,-1,-1,1,1,-1,1,1,1,-1,1,-1,-1,1,-1,-1,-1,1,-1,1,1,1,-1,-1,1,-1,1,1,1,-1,-1,-1,1,1,1,1,-1,-1,-1,-1,1,-1,1,-1,1,-1,1,1,1,1,1,-1,-1,1,1,1,1,-1,1,-1,1,1,-1,1,-1,-1,1,1,1,1,-1,-1,-1,-1,1,1,1,1,1,-1,-1,1,1,1,-1,1,1,-1,1,1,1,1,1,1,-1,1,1,1,1,1,1,-1,1,1,-1,1,1,-1,-1,1,1,-1,1,1,1,-1,1,-1,1,1,1,1,-1,-1,1,-1,1,1,1,-1,1,1,-1,1,1,1,-1,1,1,-1,1,1,1,-1,-1,1,1,1,1,-1,1,-1,1,1,1,1,-1,1,-1,1,1,1,-1,-1,1,-1,1,1,-1,1,-1,-1,1,1,-1,1,-1,1,-1,-1,1,-1,1,-1,-1,-1,1,1,-1,1,-1,1,-1,-1,-1,1,1,-1,1,-1,-1,1,-1,1,-1,1,-1,-1,1,-1,1,1,1,1,-1,1,1,1,-1,-1,1,1,1,1,1,-1,1,-1,-1,1,1,-1,-1,1,-1,-1,1,-1,1,-1,1,-1,1,1,1,-1,-1,1,-1,-1,1,-1,-1,-1,1,-1,1,-1,1,-1,1,1,-1,1,1,1,1,-1,1,-1,1,1,1,1,-1,1,-1,1,1,1,1,-1,1,-1,1,1,1,1,-1,1,-1,1,1,1,-1,-1,1,-1,-1,1,1,-1,-1,-1,1,-1,1,-1,1,-1,1,-1,-1,1,-2666.0,1,2000,445,1500,True
1832,1,1,-1,-1,1,-1,-1,-1,1,1,1,-1,1,1,1,1,-1,1,-1,-1,-1,-1,1,1,1,-1,-1,-1,1,1,1,1,-1,-1,-1,-1,1,-1,1,1,-1,-1,-1,1,1,1,1,-1,1,1,1,1,-1,1,-1,-1,1,-1,1,1,1,-1,-1,-1,1,1,1,1,-1,-1,-1,1,1,1,1,-1,-1,-1,1,1,1,-1,-1,-1,1,1,1,1,-1,-1,-1,1,1,1,1,-1,-1,1,1,-1,1,1,-1,-1,1,1,1,1,1,-1,-1,1,1,1,1,1,-1,-1,1,1,1,1,1,1,-1,1,1,1,-1,1,1,-1,1,1,1,1,1,1,-1,-1,1,1,1,1,1,-1,1,1,1,1,1,1,-1,-1,-1,1,1,1,1,-1,1,1,1,1,-1,1,-1,1,-1,1,1,1,-1,-1,1,1,1,1,1,-1,1,-1,-1,1,1,1,-1,1,1,1,1,-1,1,1,1,1,-1,1,-1,1,-1,1,1,-1,1,-1,1,1,-1,1,-1,1,-1,1,-1,1,1,-1,1,-1,1,1,1,1,-1,-1,1,1,-1,-1,1,-1,1,-1,1,1,-1,1,-1,1,-1,1,-1,1,1,-1,-1,1,-1,1,-1,1,-1,1,1,1,-1,1,1,-1,1,-1,1,-1,1,-1,1,-1,1,1,-1,1,-1,-1,-1,-1,1,-1,1,-1,-1,-1,-1,1,-1,-1,1,1,-1,1,1,1,-1,1,1,-1,1,1,1,1,-1,1,-1,1,1,-1,1,-1,1,-1,1,-1,1,1,1,1,-1,-1,1,-1,-1,-1,1,1,-1,1,1,1,-1,1,1,1,1,1,1,1,1,-1,1,1,1,-1,1,1,-1,1,1,1,-1,1,1,-1,-1,1,1,1,-1,1,-1,1,1,1,-1,1,1,-1,1,1,1,-1,1,1,-1,1,1,1,-1,1,1,1,-1,1,1,-1,1,1,-1,1,-1,1,-1,1,1,1,-1,1,1,1,1,1,1,-1,1,1,-1,1,1,1,-1,-1,-1,-1,1,1,1,-1,1,1,-1,1,1,-1,-1,1,1,1,1,1,-1,1,1,1,-1,1,1,1,-1,-1,1,1,1,-1,1,-1,1,1,1,1,1,1,-1,-1,-1,1,-1,-1,1,-1,1,-1,1,1,1,1,1,-1,-1,1,-1,-1,1,-1,1,-1,1,1,1,1,-1,1,-1,-1,1,-1,1,1,-1,-1,1,1,1,-1,1,-1,-1,-1,1,-1,1,1,-1,-1,1,1,1,1,-1,1,-1,1,-1,1,1,-1,1,-1,1,-1,1,1,-1,-1,-1,1,-1,1,1,1,-1,-1,1,-1,-1,1,-1,-1,-1,1,-1,1,1,1,-1,-1,1,-1,-1,1,-1,-1,-1,-1,-1,-1,1,-1,-1,-1,1,-1,-1,1,-1,-1,-1,-1,1,-1,1,-1,-1,1,-1,1,-1,-1,1,1,1,-1,1,-1,1,-1,1,1,1,-1,-1,-1,1,-1,-1,1,1,1,-1,1,-1,1,1,1,-1,1,1,-1,1,-1,1,-1,-1,1,-1,-1,1,1,1,-1,1,-1,-1,1,1,-1,-1,1,-1,-1,1,1,-1,-1,1,-1,-1,-1,1,1,-1,1,1,-1,-1,1,-1,-1,1,-1,1,-1,1,1,-1,-1,1,-1,-1,-1,-1,-1,1,1,1,-1,-1,1,-1,-1,1,-1,-1,1,-1,-1,1,1,-1,-1,1,-1,-1,1,1,-1,1,-1,-1,-1,-1,1,1,-1,-1,-1,-1,-1,1,-1,-1,1,-1,-1,-1,1,1,-1,-1,-1,-1,-1,1,-1,-1,-1,-1,-1,1,1,1,-1,-1,-1,-1,-1,1,1,-1,-1,-1,-1,-1,1,1,1,-1,-1,-1,-1,1,1,1,-1,-1,-1,1,-1,1,1,1,-1,1,1,-1,1,1,1,-1,-1,1,1,1,-1,1,-1,1,1,1,1,-1,1,-1,-1,1,-1,1,-1,1,-1,-1,1,-1,1,1,1,-1,-1,1,-1,1,-1,1,1,-1,1,-1,1,1,1,1,1,-1,-1,1,1,1,-1,-1,1,-1,-1,1,1,-1,-1,1,-1,1,-1,1,-1,-1,1,1,-1,1,1,-1,-1,1,-1,-1,1,1,-1,-1,-1,1,1,-1,1,-1,-1,-1,-1,1,1,-1,-1,1,-1,-1,1,-1,1,-1,-1,-1,-1,-1,1,1,1,-1,-1,-1,1,1,1,-1,-1,-1,1,-1,-1,1,-1,1,-1,-1,1,1,1,-1,-1,-1,-1,1,-1,1,1,-1,1,-1,-1,1,1,-1,-1,-1,-1,-1,-1,1,1,-1,-1,1,-1,1,1,-1,-1,-1,1,-1,1,1,-1,-1,1,-1,-1,1,1,1,-1,1,-1,1,1,1,-1,-1,1,-1,-1,1,1,1,-1,1,-1,-1,1,1,-1,1,1,-1,-1,1,1,1,1,1,-1,-1,1,1,-1,1,1,-1,-1,1,1,1,1,1,1,-1,-1,1,1,-1,1,-1,-1,1,-1,1,1,1,1,-1,-1,1,-1,1,1,1,-1,1,1,1,1,-1,1,-1,1,1,1,1,1,1,1,-1,1,1,1,1,-1,1,-1,1,1,1,1,1,-1,1,1,1,1,-1,1,1,-1,1,1,-1,1,1,-1,-1,1,1,1,1,-1,1,-1,1,1,1,-1,-1,1,-1,1,1,1,-1,1,-1,-1,-1,1,1,-1,-1,1,-1,-1,1,1,1,-1,1,-1,-1,1,1,1,-1,1,-1,-1,1,1,-1,-1,-1,1,-1,-1,1,-1,1,1,-1,1,1,-1,-1,1,-1,-1,-1,1,1,-1,1,1,-1,1,1,-1,-1,-1,-1,1,-1,-1,-1,-1,-1,-1,-1,1,1,-1,1,1,-1,1,1,1,1,-1,1,-1,1,1,1,1,-1,1,-1,-1,1,1,1,-1,1,-1,1,1,1,1,-1,1,-1,1,1,1,-1,-1,1,-1,-1,1,1,-1,-1,-1,1,-1,1,1,1,-1,1,-1,-1,1,-2666.0,1,2000,445,1000,False
1833,-1,-1,1,1,1,1,-1,1,-1,-1,-1,1,-1,1,-1,-1,1,-1,1,1,-1,-1,-1,-1,-1,1,-1,-1,-1,-1,-1,-1,1,1,-1,-1,1,-1,-1,-1,1,-1,-1,-1,-1,-1,1,1,-1,1,-1,-1,1,1,1,-1,-1,1,-1,-1,1,1,1,1,-1,-1,-1,1,1,-1,-1,1,-1,-1,1,-1,-1,-1,1,-1,-1,1,1,-1,1,-1,-1,1,1,1,-1,-1,-1,-1,1,1,-1,1,1,1,-1,1,1,-1,1,1,-1,-1,1,1,-1,1,1,1,-1,1,1,-1,1,1,-1,-1,1,1,-1,1,1,1,-1,1,1,-1,1,1,-1,1,1,1,-1,-1,1,-1,1,1,1,-1,1,1,1,-1,1,1,-1,-1,-1,1,-1,1,1,-1,1,1,1,-1,1,1,-1,1,1,-1,1,1,1,-1,1,1,-1,-1,1,-1,1,-1,-1,1,1,1,-1,1,1,1,-1,1,1,1,1,1,-1,1,1,1,-1,1,1,-1,1,1,1,1,-1,1,-1,-1,1,-1,1,1,1,-1,1,1,1,-1,-1,1,-1,-1,1,1,-1,-1,1,-1,-1,1,1,-1,-1,1,-1,1,1,1,-1,1,1,-1,-1,1,1,-1,-1,1,-1,1,1,1,-1,1,1,-1,1,1,1,-1,1,-1,1,-1,1,1,-1,1,-1,-1,1,1,1,-1,1,-1,-1,-1,1,1,1,-1,1,1,-1,1,1,-1,-1,1,1,-1,1,1,1,-1,-1,1,-1,1,1,-1,1,-1,1,1,-1,1,-1,-1,-1,1,-1,-1,1,-1,1,-1,1,1,-1,1,1,1,-1,1,-1,-1,1,1,-1,-1,1,-1,1,1,-1,1,-1,1,-1,1,1,1,-1,1,1,-1,1,-1,1,-1,-1,1,-1,1,1,1,1,1,1,-1,1,1,1,1,1,-1,-1,1,1,1,1,1,-1,-1,1,1,1,1,1,-1,-1,-1,-1,1,-1,1,1,-1,1,1,1,1,1,1,-1,-1,-1,1,1,-1,-1,-1,1,-1,-1,-1,1,1,-1,1,-1,1,-1,1,-1,1,-1,1,1,1,1,-1,1,-1,1,1,-1,1,-1,-1,-1,-1,1,1,1,1,-1,-1,1,-1,1,1,-1,-1,1,-1,-1,1,-1,1,-1,1,-1,1,1,1,-1,-1,1,1,-1,1,-1,1,-1,-1,1,-1,1,-1,-1,-1,-1,1,-1,-1,1,1,-1,-1,1,-1,1,1,-1,1,-1,1,-1,1,-1,1,-1,1,1,-1,-1,-1,-1,-1,1,1,-1,1,-1,1,-1,1,-1,1,1,1,1,-1,1,-1,-1,1,-1,-1,-1,1,-1,1,-1,1,1,-1,1,-1,-1,1,-1,-1,1,-1,1,-1,-1,-1,1,-1,1,1,-1,-1,-1,1,-1,1,-1,-1,1,-1,1,1,-1,1,-1,-1,1,1,-1,-1,1,-1,-1,1,1,1,1,1,1,-1,1,1,1,-1,1,1,1,-1,-1,-1,1,-1,-1,1,-1,1,-1,1,-1,1,-1,-1,-1,1,1,-1,1,1,-1,1,-1,1,-1,1,1,-1,1,-1,1,-1,-1,-1,-1,1,-1,1,-1,-1,-1,-1,1,-1,1,-1,1,1,1,-1,-1,1,-1,1,1,-1,1,-1,1,-1,-1,1,-1,1,-1,-1,1,1,1,1,1,-1,-1,1,1,1,-1,1,-1,1,1,1,1,-1,-1,-1,1,1,1,1,-1,-1,-1,1,-1,1,-1,1,1,-1,-1,1,1,1,-1,1,-1,-1,1,1,1,1,1,1,1,1,1,1,1,-1,1,-1,1,-1,1,-1,1,1,-1,1,1,1,1,1,1,-1,1,-1,1,-1,1,1,-1,1,1,-1,1,1,1,1,1,1,1,1,1,1,-1,1,1,-1,1,1,-1,-1,-1,1,1,-1,1,1,-1,1,-1,1,1,1,-1,-1,1,-1,1,1,1,1,-1,-1,1,-1,1,1,-1,-1,1,-1,1,-1,1,1,-1,-1,-1,1,-1,1,1,-1,1,-1,-1,1,1,1,-1,-1,-1,1,-1,1,1,-1,-1,1,-1,-1,1,1,-1,-1,1,-1,-1,1,1,-1,-1,-1,1,-1,1,-1,1,-1,-1,1,-1,1,1,-1,1,1,1,-1,1,-1,-1,-1,1,-1,-1,1,-1,-1,-1,1,-1,1,1,-1,-1,-1,-1,-1,-1,1,-1,-1,-1,1,1,1,1,-1,1,-1,1,-1,-1,1,-1,-1,-1,1,-1,1,1,-1,-1,-1,1,-1,1,1,-1,1,-1,-1,1,1,1,-1,-1,-1,-1,-1,1,-1,-1,-1,1,-1,1,1,-1,-1,-1,-1,-1,-1,1,1,-1,-1,1,-1,1,1,1,-1,-1,-1,1,1,1,-1,-1,1,-1,-1,1,1,-1,-1,1,-1,-1,1,1,-1,1,-1,1,-1,1,1,-1,-1,1,1,-1,1,1,-1,-1,1,1,-1,1,1,-1,1,1,-1,-1,1,1,-1,-1,1,1,-1,1,-1,-1,-1,1,1,-1,-1,1,-1,1,-1,1,-1,1,1,-1,1,-1,1,-1,1,1,-1,1,1,1,-1,-1,1,-1,1,1,-1,1,-1,1,-1,1,1,-1,1,-1,1,1,1,-1,-1,1,-1,1,1,-1,1,-1,-1,-1,1,-1,1,-1,1,-1,-1,1,-1,1,-1,-1,-1,-1,1,-1,1,-1,1,-1,-1,-1,1,1,-1,1,-1,-1,1,-1,1,-1,-1,1,-1,1,-1,1,1,1,1,-1,-1,1,1,-1,-1,1,1,1,1,1,-1,1,-1,-1,1,1,-1,-1,1,-1,-1,-1,-1,1,-1,1,-1,1,1,1,-1,-1,1,-1,-1,-1,-1,-1,-1,1,-1,1,1,1,-1,1,1,-1,1,1,1,1,-1,1,-1,1,1,1,1,-1,1,-1,1,1,1,1,-1,1,-1,1,1,1,1,-1,1,-1,1,-1,1,-1,-1,1,-1,-1,1,1,-1,-1,-1,1,-1,1,-1,1,-1,1,-1,-1,1,-2666.0,1,2000,445,1500,True
1834,1,1,-1,-1,1,1,-1,1,1,1,1,-1,-1,1,1,1,-1,1,-1,-1,-1,1,1,1,1,-1,-1,-1,1,1,1,1,1,-1,-1,1,-1,1,1,1,-1,-1,1,1,1,1,1,-1,1,1,1,1,-1,1,-1,-1,1,-1,1,1,1,-1,-1,-1,1,1,1,1,-1,-1,1,-1,1,1,1,-1,-1,1,-1,1,1,-1,-1,-1,-1,1,1,1,-1,-1,-1,1,-1,1,1,-1,-1,1,-1,1,1,1,-1,-1,1,-1,-1,1,1,-1,-1,1,-1,-1,1,1,-1,-1,1,-1,-1,1,1,1,-1,-1,-1,-1,1,1,1,-1,1,-1,-1,1,1,1,-1,-1,-1,-1,1,1,1,-1,1,-1,-1,-1,1,1,-1,-1,1,-1,-1,1,1,-1,1,1,-1,1,1,1,-1,1,1,-1,1,1,-1,-1,1,-1,-1,1,1,-1,1,-1,1,-1,1,1,-1,1,1,-1,-1,-1,1,1,1,1,1,-1,1,1,-1,1,1,1,-1,1,1,1,-1,1,1,-1,1,1,-1,1,1,1,-1,1,1,1,1,1,1,1,-1,1,-1,-1,1,1,-1,-1,1,1,-1,1,1,-1,-1,1,-1,1,1,1,1,-1,1,1,-1,1,1,-1,1,1,-1,1,1,1,-1,-1,1,-1,1,-1,1,1,1,1,-1,1,-1,1,1,1,1,-1,1,-1,1,1,1,1,-1,-1,1,1,1,1,1,1,-1,1,1,-1,-1,1,1,-1,-1,1,1,1,1,-1,1,-1,1,1,1,-1,1,-1,-1,1,1,1,1,-1,1,-1,1,-1,1,1,1,1,-1,1,1,1,1,1,-1,-1,1,1,1,1,1,1,-1,1,1,1,1,1,-1,1,1,1,-1,1,1,-1,-1,1,1,1,1,1,1,1,1,-1,1,1,1,1,1,1,1,1,1,1,1,1,1,1,-1,1,1,1,1,1,1,1,-1,1,-1,1,-1,1,-1,1,1,1,1,-1,1,1,-1,1,1,1,1,1,-1,-1,-1,-1,1,1,1,-1,1,1,-1,1,1,-1,-1,1,1,1,1,1,-1,1,1,1,-1,1,1,1,-1,-1,1,1,1,-1,1,-1,1,-1,1,1,1,1,-1,-1,-1,1,-1,1,1,1,-1,1,-1,1,1,1,1,1,-1,1,-1,-1,1,-1,1,-1,1,-1,1,1,1,1,-1,-1,1,-1,1,1,1,-1,1,1,1,-1,1,1,-1,1,-1,-1,1,1,1,-1,-1,-1,1,1,1,1,-1,1,-1,-1,1,1,-1,1,1,-1,1,1,1,-1,-1,1,-1,1,1,1,-1,1,-1,-1,-1,1,1,-1,-1,1,-1,1,1,1,1,-1,1,-1,-1,1,1,1,-1,-1,-1,-1,1,1,-1,-1,1,-1,-1,1,-1,1,-1,-1,1,-1,1,-1,1,-1,-1,1,-1,-1,1,1,1,-1,1,-1,1,-1,-1,-1,1,-1,-1,1,-1,-1,1,1,1,1,-1,-1,1,-1,1,1,1,-1,-1,-1,-1,-1,1,1,1,-1,-1,-1,1,1,-1,1,-1,-1,-1,1,1,-1,1,-1,-1,1,1,1,-1,1,-1,-1,-1,-1,1,1,1,-1,1,-1,-1,1,-1,1,-1,-1,1,-1,1,-1,1,1,-1,-1,-1,-1,-1,1,1,-1,-1,-1,-1,-1,1,1,-1,-1,-1,1,1,1,-1,-1,-1,-1,1,1,1,-1,1,-1,1,-1,1,1,1,-1,-1,-1,-1,-1,1,-1,1,-1,-1,1,-1,1,1,-1,1,-1,-1,1,1,1,-1,1,-1,-1,-1,1,1,-1,-1,-1,-1,-1,1,1,-1,1,-1,-1,-1,1,1,1,-1,1,-1,-1,1,1,-1,-1,-1,-1,-1,1,1,-1,-1,1,-1,-1,-1,-1,1,-1,1,-1,-1,1,-1,-1,1,1,1,-1,-1,1,-1,1,-1,1,-1,1,-1,-1,1,-1,1,-1,-1,1,-1,1,-1,-1,-1,-1,1,-1,1,-1,1,-1,-1,1,-1,1,-1,1,-1,-1,-1,1,1,-1,-1,-1,-1,1,-1,-1,-1,-1,-1,-1,-1,-1,1,-1,-1,-1,-1,1,1,-1,1,-1,-1,-1,1,-1,-1,1,-1,-1,-1,-1,-1,1,1,-1,-1,-1,-1,-1,1,-1,-1,-1,1,-1,-1,1,-1,1,-1,-1,-1,-1,-1,-1,-1,1,-1,-1,-1,1,1,-1,-1,-1,-1,1,-1,-1,-1,-1,-1,-1,-1,1,1,1,-1,-1,-1,-1,1,-1,1,1,-1,1,-1,-1,1,1,-1,-1,-1,-1,-1,-1,1,1,-1,-1,1,-1,1,1,-1,-1,-1,1,-1,-1,1,-1,-1,1,-1,-1,1,1,1,-1,1,-1,1,1,1,-1,-1,1,-1,-1,1,1,1,-1,1,-1,-1,1,1,-1,1,1,-1,-1,1,1,-1,1,1,-1,-1,1,1,1,1,1,-1,-1,1,1,1,1,1,1,-1,1,1,1,1,1,-1,-1,1,-1,1,1,1,1,-1,-1,1,-1,1,1,1,-1,1,1,1,1,-1,1,-1,1,1,1,1,1,1,-1,-1,1,1,1,1,-1,1,-1,1,1,1,1,-1,1,-1,1,1,1,-1,-1,1,-1,1,1,-1,1,-1,-1,-1,1,1,1,-1,1,-1,-1,1,1,1,-1,-1,-1,-1,1,1,1,-1,-1,-1,-1,-1,1,1,-1,1,-1,-1,-1,1,1,-1,1,-1,-1,1,1,1,1,1,1,-1,-1,1,1,-1,-1,1,1,1,1,1,-1,1,-1,-1,1,1,-1,-1,1,-1,-1,-1,1,1,-1,1,1,1,1,1,-1,-1,-1,-1,-1,-1,-1,-1,-1,1,-1,1,1,1,-1,1,1,-1,1,1,1,1,-1,1,-1,1,1,1,1,-1,1,-1,1,1,1,1,-1,1,-1,1,1,1,1,-1,1,-1,1,1,1,-1,-1,1,-1,-1,1,1,-1,-1,-1,1,-1,1,-1,1,-1,1,-1,-1,1,-2666.0,1,2000,445,1000,True
1835,1,1,-1,-1,1,-1,-1,-1,1,1,1,-1,1,1,1,1,-1,1,-1,-1,-1,-1,1,1,1,-1,1,-1,1,1,1,1,1,-1,-1,-1,1,1,1,1,-1,-1,-1,1,1,1,1,-1,1,1,1,1,-1,1,-1,-1,1,-1,1,1,-1,-1,-1,-1,1,1,1,1,-1,-1,-1,1,1,1,1,-1,-1,-1,1,1,1,-1,-1,-1,1,1,1,1,-1,-1,1,1,1,1,1,-1,-1,-1,1,-1,1,1,-1,-1,1,1,1,1,1,-1,-1,-1,1,-1,1,1,-1,-1,1,1,1,1,1,1,-1,-1,1,1,-1,1,1,-1,1,1,1,1,1,1,-1,1,1,1,1,1,1,-1,1,1,1,1,1,1,-1,-1,-1,1,1,1,1,-1,1,1,1,1,-1,1,-1,1,1,1,1,1,-1,-1,1,1,1,1,1,-1,1,-1,-1,1,-1,1,-1,1,1,1,1,1,1,1,1,1,-1,1,-1,1,-1,1,1,-1,1,-1,1,1,-1,1,-1,1,-1,1,-1,1,1,-1,1,-1,1,1,1,1,-1,-1,1,1,-1,-1,1,-1,1,-1,-1,1,-1,1,-1,1,-1,1,-1,-1,1,-1,-1,-1,1,1,-1,1,-1,1,1,1,-1,1,1,-1,-1,-1,1,-1,1,-1,1,-1,1,1,-1,1,-1,-1,-1,1,1,-1,1,-1,-1,-1,1,1,-1,-1,1,1,-1,-1,1,1,-1,1,1,-1,1,1,1,1,-1,1,-1,1,1,-1,1,-1,1,-1,1,1,1,1,1,1,-1,-1,1,-1,-1,-1,1,1,-1,1,1,1,-1,1,1,1,1,1,1,-1,1,-1,1,1,1,-1,1,1,-1,1,1,1,-1,1,1,-1,-1,1,1,1,-1,1,-1,1,1,1,-1,1,1,-1,1,1,1,-1,1,1,-1,1,1,1,-1,1,1,-1,-1,1,1,-1,1,1,-1,1,-1,1,-1,1,1,1,-1,1,1,1,-1,1,1,-1,1,1,-1,1,1,1,-1,-1,-1,-1,1,1,1,-1,1,1,-1,1,1,-1,-1,1,1,1,1,1,-1,1,1,1,-1,1,1,1,-1,-1,1,1,1,1,1,-1,1,1,1,1,1,1,-1,-1,-1,1,-1,-1,1,1,-1,1,1,1,1,1,1,1,-1,1,-1,1,1,-1,1,-1,1,1,1,1,1,1,-1,-1,1,-1,1,1,1,-1,1,1,1,-1,1,1,-1,-1,1,1,1,1,1,-1,1,1,1,1,1,1,-1,1,-1,1,1,1,-1,-1,1,-1,-1,1,1,-1,-1,1,-1,1,1,1,-1,-1,1,-1,-1,1,1,-1,-1,1,-1,-1,1,1,1,-1,1,1,-1,1,1,1,-1,-1,-1,-1,1,1,-1,-1,1,-1,-1,1,-1,1,-1,-1,1,-1,1,-1,1,-1,-1,1,-1,-1,1,1,1,-1,1,-1,1,-1,-1,-1,1,-1,-1,-1,1,-1,-1,-1,1,1,-1,1,-1,1,-1,1,-1,1,1,-1,-1,1,1,-1,1,1,-1,-1,-1,1,1,-1,1,-1,-1,1,1,-1,-1,1,-1,-1,-1,1,-1,-1,1,-1,-1,-1,1,1,-1,1,1,-1,-1,1,-1,-1,1,-1,1,-1,1,1,-1,-1,1,-1,-1,-1,-1,-1,-1,1,1,-1,-1,1,-1,1,1,-1,-1,-1,-1,-1,1,1,-1,-1,1,1,-1,1,1,-1,1,-1,1,-1,-1,1,1,-1,-1,-1,-1,1,1,-1,-1,1,-1,-1,-1,1,1,-1,-1,-1,-1,-1,1,-1,-1,-1,-1,-1,1,1,1,-1,-1,-1,-1,-1,1,1,-1,-1,-1,-1,-1,1,1,1,-1,-1,-1,-1,1,1,-1,-1,-1,-1,1,1,1,1,-1,-1,1,1,1,1,1,-1,-1,-1,1,1,1,-1,1,-1,1,1,1,1,-1,1,-1,-1,1,-1,1,-1,1,-1,-1,1,-1,1,-1,-1,-1,-1,1,-1,1,-1,1,-1,-1,1,-1,1,-1,1,-1,-1,1,-1,1,-1,-1,-1,-1,1,1,-1,-1,-1,-1,-1,1,-1,1,-1,-1,-1,-1,-1,-1,-1,1,-1,-1,-1,1,-1,-1,1,-1,-1,-1,-1,-1,-1,1,-1,-1,-1,-1,-1,1,-1,-1,-1,1,-1,-1,1,-1,1,-1,-1,-1,-1,-1,-1,-1,1,-1,-1,-1,1,1,1,-1,-1,1,-1,-1,-1,-1,-1,1,-1,-1,1,-1,1,-1,-1,-1,-1,1,-1,1,1,-1,1,-1,-1,1,1,-1,-1,-1,-1,-1,-1,1,1,-1,-1,1,-1,1,1,-1,-1,-1,1,-1,-1,1,-1,-1,1,-1,-1,1,1,1,-1,1,-1,1,1,1,-1,-1,1,-1,-1,1,1,1,-1,1,-1,-1,1,1,-1,1,1,-1,-1,1,1,1,1,1,-1,-1,1,1,1,1,1,-1,-1,1,1,1,1,-1,1,-1,-1,1,1,-1,1,-1,-1,1,-1,1,1,1,1,-1,-1,1,-1,1,1,1,-1,1,1,1,1,-1,1,-1,1,1,1,1,1,1,1,-1,1,1,1,1,-1,1,-1,1,1,1,1,1,-1,1,1,1,1,-1,1,1,-1,1,1,-1,1,1,-1,-1,1,1,1,1,-1,1,-1,1,1,1,-1,-1,1,-1,1,1,1,-1,1,-1,-1,-1,1,1,-1,-1,1,-1,-1,1,1,-1,-1,1,-1,-1,1,1,1,-1,1,-1,-1,1,1,-1,-1,-1,1,-1,-1,1,-1,1,1,-1,1,1,-1,-1,1,-1,-1,-1,1,1,-1,1,1,-1,1,1,-1,-1,-1,-1,1,-1,-1,-1,-1,1,-1,-1,1,1,-1,1,1,-1,1,1,1,1,-1,1,-1,1,1,1,-1,-1,1,-1,-1,1,1,-1,-1,1,-1,1,1,1,-1,-1,1,-1,1,1,1,1,-1,1,-1,-1,1,1,1,-1,-1,1,-1,1,1,1,-1,1,-1,-1,1,-2666.0,1,2000,445,0,False
1836,1,1,-1,-1,1,1,-1,1,1,1,1,-1,1,1,1,1,-1,1,-1,-1,-1,1,1,1,1,-1,-1,-1,1,1,1,1,-1,-1,-1,1,-1,1,1,1,-1,-1,1,1,1,1,1,-1,1,1,1,1,-1,1,-1,-1,1,-1,1,1,1,-1,-1,1,1,1,1,1,-1,-1,1,-1,1,1,1,-1,-1,1,1,1,1,-1,-1,-1,-1,1,1,1,-1,-1,-1,1,-1,1,1,-1,-1,1,-1,1,1,1,-1,-1,1,-1,-1,1,1,-1,-1,-1,-1,-1,1,1,-1,-1,1,-1,-1,1,1,1,-1,-1,-1,-1,1,1,1,-1,1,-1,-1,1,1,1,-1,1,-1,-1,1,1,1,-1,1,-1,-1,-1,1,1,-1,-1,1,-1,1,1,1,-1,1,-1,-1,-1,1,1,-1,1,1,-1,1,1,-1,-1,1,-1,-1,1,1,-1,1,-1,1,-1,1,1,-1,1,1,-1,-1,-1,1,1,1,1,1,-1,-1,1,-1,1,1,1,-1,-1,1,1,-1,1,1,-1,1,1,-1,1,1,1,-1,1,1,1,1,1,1,1,-1,1,-1,-1,1,1,-1,-1,1,1,1,1,1,-1,-1,1,-1,1,1,1,1,-1,1,1,-1,1,1,-1,1,1,-1,1,-1,1,-1,-1,1,-1,1,1,1,1,1,1,-1,1,-1,1,1,1,1,-1,1,-1,1,1,1,1,-1,-1,1,1,1,1,1,1,-1,1,1,-1,-1,1,1,-1,-1,1,1,1,1,-1,1,-1,1,1,1,-1,1,-1,-1,-1,1,1,1,-1,1,-1,1,-1,1,1,1,1,-1,1,1,1,1,1,-1,-1,1,1,1,1,1,1,-1,1,1,1,1,1,-1,1,1,1,-1,1,1,-1,-1,1,1,1,1,1,1,1,1,-1,1,1,1,1,1,1,1,1,1,1,1,1,1,1,-1,1,1,1,1,1,1,1,-1,1,-1,1,1,1,-1,1,1,1,1,1,1,1,-1,1,-1,1,1,1,-1,-1,-1,-1,1,1,1,-1,1,1,-1,1,1,-1,-1,1,1,1,1,1,-1,1,1,1,1,1,1,1,1,-1,1,-1,-1,-1,1,-1,1,-1,-1,1,1,1,-1,-1,-1,1,-1,-1,1,1,-1,1,-1,1,1,1,1,1,-1,1,-1,-1,1,-1,1,-1,-1,-1,1,1,1,1,-1,-1,1,-1,1,1,1,-1,1,-1,1,-1,1,1,-1,-1,1,-1,1,1,1,-1,-1,-1,1,1,1,1,-1,-1,1,-1,1,1,-1,1,-1,1,-1,1,1,-1,-1,-1,-1,1,1,1,-1,1,-1,1,-1,1,1,-1,-1,1,-1,1,1,1,1,-1,1,-1,-1,-1,1,1,-1,-1,-1,1,-1,1,-1,-1,1,-1,-1,1,-1,1,-1,-1,-1,-1,1,-1,1,1,-1,1,-1,-1,1,1,1,-1,1,-1,1,-1,-1,-1,1,-1,1,1,-1,1,-1,1,1,-1,1,-1,1,-1,1,1,1,-1,-1,-1,1,-1,1,1,1,-1,-1,-1,1,1,-1,1,-1,-1,-1,1,1,-1,1,-1,-1,-1,1,1,-1,1,-1,-1,-1,-1,1,1,1,-1,1,-1,-1,1,-1,1,-1,-1,1,-1,1,-1,1,1,-1,-1,-1,-1,-1,1,1,-1,-1,-1,1,-1,-1,1,-1,-1,-1,-1,1,1,-1,-1,-1,-1,-1,1,1,-1,1,-1,1,1,1,1,1,-1,-1,-1,-1,-1,1,-1,1,-1,-1,1,-1,1,1,-1,1,-1,-1,1,1,1,-1,1,-1,1,-1,1,1,-1,-1,-1,1,-1,1,1,-1,1,-1,-1,-1,1,1,-1,-1,1,-1,-1,1,1,-1,-1,-1,-1,-1,1,1,-1,-1,1,-1,-1,-1,-1,1,-1,1,-1,-1,1,-1,-1,1,-1,1,-1,1,1,-1,1,-1,1,-1,1,-1,-1,1,-1,1,-1,1,1,-1,1,-1,-1,-1,-1,1,-1,1,-1,1,-1,-1,1,-1,1,-1,1,-1,-1,-1,1,1,-1,-1,-1,-1,1,-1,-1,-1,-1,-1,-1,-1,-1,1,-1,-1,-1,-1,1,1,-1,1,-1,-1,-1,1,-1,-1,1,-1,-1,-1,-1,-1,1,1,-1,-1,-1,-1,-1,1,-1,-1,-1,1,-1,-1,1,-1,1,-1,-1,-1,-1,-1,-1,-1,1,-1,-1,-1,1,1,-1,-1,-1,-1,1,-1,-1,-1,-1,-1,-1,-1,1,1,1,-1,-1,-1,-1,1,-1,1,1,-1,1,-1,-1,1,1,-1,-1,-1,-1,-1,-1,1,1,-1,-1,1,-1,1,1,-1,-1,-1,1,-1,1,1,-1,-1,1,-1,-1,1,1,1,-1,1,-1,1,1,1,-1,-1,1,-1,-1,1,1,1,-1,1,-1,-1,1,1,-1,1,1,-1,-1,1,1,-1,1,1,-1,-1,1,1,-1,1,1,-1,-1,1,1,1,1,-1,1,-1,1,1,1,1,1,-1,-1,1,-1,1,1,1,1,-1,-1,1,-1,1,-1,1,-1,1,1,1,1,-1,1,-1,1,1,1,1,1,1,1,-1,1,1,1,1,-1,1,-1,1,1,1,1,-1,1,1,1,1,1,-1,-1,1,1,1,1,-1,1,-1,1,1,-1,1,1,-1,1,-1,1,1,1,1,-1,-1,-1,-1,1,1,1,-1,-1,-1,1,1,1,1,-1,1,-1,1,-1,1,1,-1,1,-1,1,-1,1,1,1,1,1,-1,1,1,1,-1,-1,1,-1,1,1,1,-1,1,-1,1,1,1,-1,-1,1,-1,1,1,1,1,-1,1,-1,1,1,1,-1,-1,1,-1,-1,-1,-1,-1,-1,1,-1,1,1,1,-1,1,1,-1,-1,1,1,1,-1,1,-1,1,1,1,-1,-1,1,-1,1,1,1,-1,1,1,-1,1,1,1,-1,-1,1,-1,1,-1,1,1,-1,1,-1,-1,1,1,-1,-1,1,1,-1,1,-1,1,-1,1,-1,-1,1,-2666.0,1,2000,445,1000,True
1837,1,1,-1,-1,1,1,-1,-1,1,1,1,-1,-1,1,1,1,-1,1,-1,-1,1,-1,1,1,1,-1,-1,-1,1,1,1,1,-1,-1,-1,-1,1,-1,1,1,-1,-1,-1,1,1,1,1,-1,1,1,1,1,-1,1,-1,-1,1,-1,1,1,1,-1,1,-1,1,1,1,1,-1,1,-1,1,1,1,1,-1,1,-1,1,1,1,-1,-1,-1,1,1,1,1,-1,1,-1,1,1,1,1,-1,-1,1,1,-1,1,1,-1,-1,1,1,1,1,1,-1,-1,1,1,-1,1,1,-1,-1,1,1,1,1,1,1,-1,1,1,1,-1,1,1,-1,1,1,1,1,1,1,-1,-1,1,1,1,1,1,-1,-1,1,1,1,1,1,-1,1,-1,1,1,1,1,-1,1,1,1,1,-1,1,-1,1,-1,1,1,1,-1,-1,1,1,1,1,1,-1,1,-1,-1,1,-1,1,-1,1,1,1,1,1,1,1,1,1,-1,1,-1,1,-1,1,1,-1,1,-1,1,1,-1,1,-1,1,-1,1,-1,1,1,-1,1,-1,1,1,1,1,-1,-1,1,1,-1,-1,1,-1,1,-1,-1,1,-1,1,-1,1,-1,1,-1,1,1,-1,-1,-1,1,1,-1,1,-1,1,1,1,-1,1,1,-1,-1,-1,1,-1,1,-1,1,-1,1,1,-1,1,-1,-1,-1,1,1,-1,1,-1,-1,-1,1,1,-1,-1,1,1,-1,-1,1,1,-1,1,1,-1,1,1,1,1,-1,1,-1,1,1,-1,1,-1,1,1,1,1,1,1,1,1,-1,-1,1,-1,-1,1,1,1,-1,1,1,1,-1,1,1,1,1,1,1,-1,1,-1,1,1,1,-1,1,1,-1,1,1,1,-1,1,1,-1,-1,1,1,1,-1,1,-1,1,1,1,-1,1,1,-1,1,1,1,-1,1,1,-1,1,1,1,-1,1,1,1,-1,1,1,-1,1,1,-1,1,-1,1,-1,1,1,1,-1,1,1,1,1,1,1,-1,1,1,-1,1,-1,1,-1,-1,-1,-1,1,1,1,-1,1,1,-1,1,1,-1,-1,1,1,1,1,1,-1,1,1,1,-1,1,1,1,-1,-1,1,1,1,-1,1,-1,1,1,1,1,1,1,-1,-1,-1,1,-1,-1,1,-1,1,-1,1,1,1,1,1,-1,-1,1,-1,-1,1,-1,1,-1,1,1,1,1,1,1,-1,-1,1,-1,1,1,-1,-1,1,1,1,-1,1,-1,-1,-1,1,-1,1,1,-1,-1,1,1,1,1,-1,1,-1,1,-1,-1,1,-1,-1,-1,1,-1,1,1,-1,-1,-1,1,-1,1,1,1,-1,-1,1,-1,-1,1,-1,-1,-1,1,-1,1,1,1,-1,-1,1,1,-1,1,-1,-1,-1,-1,1,1,1,-1,-1,-1,1,-1,-1,1,-1,-1,-1,-1,1,-1,1,-1,-1,1,-1,1,-1,-1,1,1,1,-1,1,-1,1,-1,1,1,1,-1,-1,-1,1,-1,-1,1,1,1,-1,1,-1,1,1,1,-1,1,1,-1,1,-1,1,-1,-1,1,-1,-1,1,1,1,-1,1,-1,-1,1,1,-1,-1,1,-1,-1,1,1,-1,-1,1,-1,-1,-1,1,1,-1,1,-1,-1,-1,1,-1,-1,1,-1,1,-1,1,1,-1,-1,1,-1,-1,-1,-1,-1,1,1,1,-1,-1,1,-1,-1,1,-1,-1,1,-1,-1,1,1,-1,-1,1,1,-1,1,1,-1,1,-1,1,-1,-1,1,1,-1,-1,-1,-1,1,1,-1,-1,1,-1,-1,-1,1,1,-1,-1,-1,-1,-1,1,-1,-1,-1,-1,-1,1,1,1,-1,-1,-1,-1,-1,1,1,-1,-1,-1,-1,-1,1,1,1,-1,-1,-1,-1,1,1,-1,-1,-1,-1,1,1,1,1,1,-1,1,1,1,1,1,1,-1,-1,1,1,1,-1,1,-1,1,1,1,1,-1,1,-1,-1,1,-1,1,-1,1,-1,-1,1,-1,1,1,1,-1,-1,1,-1,1,-1,1,1,-1,1,-1,1,1,1,1,-1,1,-1,1,1,1,-1,-1,1,1,-1,1,1,-1,-1,1,-1,1,-1,1,-1,-1,-1,-1,-1,1,1,-1,-1,1,-1,-1,1,1,-1,-1,-1,-1,1,-1,1,-1,-1,-1,-1,1,1,-1,-1,1,-1,-1,1,-1,1,-1,-1,-1,-1,-1,1,1,1,-1,-1,-1,1,1,1,-1,-1,1,-1,-1,-1,1,-1,1,-1,-1,1,1,1,-1,-1,-1,-1,1,-1,1,1,-1,1,-1,-1,1,1,-1,-1,-1,-1,-1,-1,1,1,-1,-1,1,-1,1,1,-1,-1,-1,1,-1,1,1,-1,-1,1,-1,-1,1,1,1,-1,1,-1,1,1,1,-1,-1,1,-1,-1,1,1,1,-1,1,-1,-1,1,1,-1,1,1,-1,-1,1,1,-1,1,1,-1,-1,1,1,-1,1,1,-1,-1,1,1,1,1,1,1,-1,-1,1,1,1,1,-1,-1,1,-1,1,1,1,1,-1,-1,1,-1,1,1,1,-1,1,1,1,1,-1,1,-1,1,1,1,1,1,1,1,-1,1,1,1,1,-1,1,-1,1,1,1,1,1,-1,1,1,1,1,-1,1,1,-1,1,1,-1,1,1,-1,-1,1,1,1,1,-1,1,-1,1,1,1,-1,-1,1,-1,1,1,1,-1,1,-1,-1,-1,1,1,-1,-1,1,-1,-1,-1,1,1,-1,1,-1,-1,1,1,1,-1,1,-1,-1,1,1,-1,-1,1,1,-1,1,-1,-1,1,1,-1,1,1,-1,-1,1,-1,-1,-1,-1,1,-1,1,1,-1,1,-1,1,-1,-1,-1,1,-1,-1,-1,-1,1,-1,-1,1,1,-1,1,1,-1,1,1,-1,-1,-1,1,-1,1,1,1,1,-1,1,-1,-1,-1,1,1,-1,1,-1,1,1,1,1,-1,1,-1,1,1,-1,-1,-1,1,-1,-1,1,1,-1,-1,-1,1,-1,1,-1,1,-1,1,-1,-1,1,-2666.0,1,2000,445,1000,False
1838,1,1,-1,-1,1,1,-1,-1,1,1,1,-1,-1,1,1,1,-1,1,-1,-1,1,1,1,1,1,-1,1,-1,1,1,1,1,-1,1,-1,-1,1,1,1,1,-1,-1,-1,1,1,1,1,-1,1,1,1,1,-1,1,-1,-1,1,-1,1,1,1,-1,1,1,1,1,1,1,-1,-1,1,1,1,1,1,-1,1,-1,1,1,1,-1,-1,1,1,1,1,1,-1,-1,-1,1,1,1,1,-1,1,1,1,-1,1,1,-1,-1,1,1,1,1,1,-1,-1,1,1,-1,1,1,-1,-1,1,1,1,1,1,1,-1,1,1,1,-1,1,1,-1,1,1,1,1,1,1,-1,1,1,1,1,1,1,-1,-1,1,1,1,1,1,-1,1,-1,1,1,1,1,-1,1,1,1,1,-1,1,-1,1,-1,1,1,1,-1,-1,1,1,1,1,1,-1,1,-1,-1,1,-1,1,-1,1,-1,1,1,1,1,1,1,1,-1,1,-1,1,-1,1,1,-1,1,-1,1,1,-1,1,-1,1,-1,1,-1,1,1,-1,1,-1,1,1,1,1,-1,-1,1,1,-1,-1,1,-1,1,-1,1,1,-1,1,-1,1,-1,1,-1,1,1,-1,-1,-1,1,1,-1,1,-1,1,1,1,-1,1,-1,-1,-1,-1,1,-1,1,1,1,-1,1,1,-1,1,-1,-1,-1,1,1,-1,1,-1,-1,-1,1,1,-1,-1,1,1,-1,-1,1,1,-1,1,1,-1,1,1,1,1,-1,1,-1,1,1,-1,1,-1,1,1,1,1,1,1,1,1,-1,-1,1,-1,-1,-1,1,1,-1,1,1,1,-1,1,1,1,1,1,1,1,1,-1,1,1,1,-1,-1,1,-1,1,1,1,-1,1,1,-1,-1,1,1,1,-1,1,-1,1,1,1,-1,1,1,-1,1,1,1,-1,1,1,-1,1,1,1,-1,1,1,1,-1,1,1,-1,1,1,-1,1,-1,1,-1,1,-1,1,-1,1,1,1,-1,-1,1,-1,1,1,-1,1,1,1,-1,-1,-1,-1,1,1,1,-1,1,1,-1,1,1,-1,-1,1,1,1,1,1,-1,1,1,1,-1,1,1,1,-1,-1,1,1,1,-1,1,-1,1,1,1,1,1,1,-1,-1,-1,1,-1,1,1,1,-1,1,1,1,1,1,1,1,-1,1,-1,-1,1,-1,1,-1,1,1,1,1,1,1,-1,-1,1,-1,1,1,1,-1,1,1,1,-1,1,1,-1,-1,1,-1,1,1,1,-1,1,1,1,1,1,1,-1,1,-1,1,1,1,-1,-1,1,-1,-1,1,1,-1,-1,1,-1,1,1,1,-1,-1,1,1,-1,1,1,-1,-1,1,-1,1,1,1,1,-1,1,1,-1,-1,1,1,-1,-1,-1,1,-1,1,-1,-1,1,-1,-1,1,-1,1,-1,-1,1,-1,1,-1,1,-1,-1,1,-1,-1,1,1,1,-1,1,-1,1,-1,1,1,1,-1,-1,-1,1,-1,1,1,1,-1,1,1,-1,-1,1,1,-1,1,1,-1,-1,-1,1,-1,-1,1,-1,-1,1,1,-1,-1,1,-1,-1,1,1,1,-1,1,-1,-1,1,1,-1,-1,1,-1,-1,-1,1,1,-1,1,-1,-1,-1,1,-1,-1,1,-1,1,1,1,1,-1,-1,1,-1,-1,-1,-1,-1,1,1,1,-1,1,1,-1,-1,1,-1,1,-1,-1,-1,1,1,-1,-1,-1,1,-1,1,1,-1,1,1,1,-1,-1,1,1,-1,-1,-1,-1,1,1,-1,-1,1,-1,-1,-1,1,1,-1,-1,-1,-1,-1,1,-1,-1,1,-1,-1,1,1,1,-1,1,-1,-1,-1,1,1,-1,-1,-1,-1,-1,1,1,1,-1,-1,-1,-1,1,1,-1,-1,-1,-1,1,1,1,1,-1,-1,1,1,1,1,1,-1,-1,-1,1,1,1,-1,1,-1,1,1,1,1,-1,1,-1,-1,1,-1,1,-1,1,-1,-1,1,-1,1,-1,-1,-1,-1,1,-1,1,-1,1,-1,-1,1,-1,1,-1,1,-1,-1,1,-1,1,-1,-1,-1,-1,1,1,-1,-1,-1,-1,-1,1,-1,1,-1,-1,-1,-1,-1,-1,-1,1,-1,-1,-1,1,-1,-1,1,-1,-1,-1,-1,-1,-1,1,-1,-1,-1,-1,-1,1,-1,-1,-1,1,-1,-1,1,-1,1,-1,-1,-1,-1,-1,-1,-1,1,-1,-1,-1,1,1,1,-1,-1,-1,1,-1,-1,-1,-1,1,-1,-1,1,-1,1,-1,-1,-1,-1,1,-1,1,1,-1,1,-1,-1,1,1,-1,-1,-1,-1,-1,-1,1,1,-1,-1,1,-1,1,1,-1,-1,-1,1,-1,-1,1,-1,-1,1,-1,-1,1,1,1,-1,1,-1,1,1,1,-1,-1,1,-1,-1,1,1,1,-1,1,-1,-1,1,1,-1,1,1,-1,-1,1,1,1,1,1,-1,-1,1,1,-1,1,1,-1,-1,1,1,1,1,1,1,-1,-1,1,1,1,1,-1,-1,1,-1,1,1,1,1,-1,-1,1,-1,1,1,1,-1,1,1,1,1,-1,1,-1,1,1,1,1,1,1,1,-1,1,1,1,1,-1,1,-1,1,1,1,1,1,-1,1,1,1,1,-1,1,1,-1,1,1,-1,1,1,-1,-1,1,1,1,1,-1,1,-1,1,1,1,-1,-1,1,-1,1,-1,1,-1,1,-1,-1,-1,1,1,-1,-1,1,-1,-1,1,-1,1,-1,1,-1,-1,-1,1,1,-1,1,-1,-1,1,1,-1,-1,-1,1,-1,1,-1,-1,1,1,-1,1,1,-1,-1,1,-1,-1,-1,-1,1,-1,1,1,-1,1,-1,1,-1,-1,-1,1,-1,-1,-1,-1,1,-1,-1,1,1,-1,1,1,-1,1,1,-1,-1,-1,1,-1,1,1,1,1,-1,1,-1,-1,1,1,-1,1,1,-1,1,1,1,1,-1,1,-1,1,1,-1,-1,-1,1,-1,-1,1,1,-1,1,1,1,-1,1,-1,1,-1,1,-1,-1,1,-2666.0,1,2000,445,1000,False
1839,1,1,-1,-1,1,-1,1,-1,1,1,1,-1,1,1,1,1,-1,1,-1,-1,1,1,1,1,1,-1,-1,-1,1,1,1,1,-1,-1,-1,-1,1,1,1,-1,-1,-1,-1,1,1,1,1,-1,1,1,1,1,-1,1,-1,-1,1,-1,1,1,1,-1,-1,1,1,1,1,1,-1,-1,1,1,1,1,1,-1,-1,-1,1,1,1,-1,-1,-1,1,1,1,1,-1,-1,-1,1,1,1,1,-1,-1,1,1,-1,1,1,-1,-1,1,1,1,1,1,-1,-1,1,1,1,1,1,-1,-1,1,1,1,1,1,1,-1,-1,1,1,-1,1,1,-1,1,1,1,1,1,1,-1,-1,1,1,1,1,1,-1,1,1,1,1,1,1,-1,-1,-1,1,1,1,1,-1,1,-1,1,1,-1,1,-1,1,-1,1,1,1,-1,-1,1,1,1,1,1,-1,1,-1,-1,1,1,1,-1,1,1,1,1,-1,1,1,1,1,-1,1,-1,1,-1,1,1,-1,1,-1,1,1,-1,1,-1,1,-1,1,-1,1,1,-1,1,-1,1,1,1,1,-1,-1,1,1,-1,-1,1,-1,1,-1,1,1,-1,1,-1,1,-1,1,-1,1,1,-1,-1,-1,1,1,-1,1,-1,1,1,1,-1,1,1,-1,1,-1,1,-1,1,-1,1,-1,1,1,-1,1,-1,-1,-1,1,1,-1,1,-1,1,-1,1,1,-1,-1,1,1,-1,-1,1,1,-1,1,1,-1,1,1,1,1,-1,1,-1,1,1,-1,1,-1,1,1,-1,1,1,-1,-1,1,-1,-1,1,-1,-1,1,-1,1,-1,1,1,1,-1,1,-1,-1,1,1,1,-1,1,-1,1,1,1,1,-1,1,-1,1,1,1,-1,1,1,-1,-1,1,1,1,-1,1,-1,1,1,1,-1,1,1,-1,1,1,1,-1,1,-1,-1,1,1,1,1,1,-1,-1,-1,1,1,-1,1,-1,-1,1,-1,1,-1,1,1,-1,-1,1,1,1,1,1,-1,-1,1,1,-1,1,-1,-1,-1,-1,-1,-1,1,1,-1,-1,1,1,-1,1,-1,-1,-1,1,1,1,1,1,-1,1,1,1,-1,1,-1,-1,-1,-1,1,1,1,1,-1,-1,1,1,1,1,-1,-1,1,-1,-1,1,-1,1,-1,-1,1,-1,1,1,-1,-1,1,1,-1,1,-1,1,-1,-1,1,-1,1,1,-1,-1,-1,1,-1,-1,1,1,-1,-1,1,-1,1,1,-1,1,-1,1,-1,-1,1,1,-1,-1,1,-1,1,1,-1,-1,1,1,-1,1,-1,1,-1,1,-1,-1,1,-1,1,-1,1,-1,-1,1,-1,-1,-1,1,-1,-1,1,1,1,-1,1,-1,-1,1,-1,-1,1,-1,1,-1,1,-1,1,-1,1,1,-1,-1,-1,1,-1,1,-1,-1,1,-1,1,1,1,1,-1,-1,1,1,-1,1,1,-1,-1,1,1,1,-1,1,1,-1,1,1,1,1,-1,1,1,-1,-1,1,-1,1,-1,1,-1,-1,1,1,-1,1,-1,-1,-1,1,1,-1,1,1,-1,-1,-1,1,-1,1,1,-1,-1,-1,1,-1,-1,-1,-1,1,-1,1,-1,-1,-1,-1,-1,-1,1,-1,1,1,1,1,-1,1,-1,1,1,-1,-1,-1,1,-1,-1,1,-1,1,-1,-1,1,1,1,1,-1,-1,1,1,1,1,-1,1,-1,-1,1,1,1,-1,-1,-1,1,1,1,1,-1,-1,-1,1,-1,1,-1,1,-1,-1,-1,1,1,1,-1,-1,-1,-1,1,1,1,1,-1,-1,-1,1,1,1,1,-1,-1,-1,1,1,1,-1,-1,-1,1,1,1,1,1,-1,-1,-1,1,1,1,1,-1,-1,-1,1,1,-1,1,-1,-1,-1,1,1,1,1,-1,-1,1,1,1,1,-1,-1,1,1,-1,1,1,-1,-1,-1,1,1,1,1,1,-1,1,1,1,1,1,-1,-1,-1,1,-1,1,-1,-1,-1,-1,1,-1,1,1,-1,-1,-1,1,-1,1,1,-1,-1,-1,1,1,1,1,-1,-1,1,-1,-1,1,1,-1,-1,-1,1,1,-1,-1,-1,-1,-1,1,-1,1,-1,-1,-1,-1,-1,-1,-1,1,-1,-1,-1,1,-1,-1,1,-1,-1,-1,-1,-1,1,1,-1,-1,-1,-1,-1,1,-1,-1,-1,1,-1,-1,1,-1,1,-1,-1,-1,-1,-1,-1,-1,1,-1,-1,-1,1,1,-1,-1,-1,-1,1,-1,-1,-1,-1,1,-1,-1,1,1,1,-1,-1,-1,-1,1,-1,1,1,-1,1,-1,-1,1,1,-1,-1,-1,-1,-1,-1,1,1,-1,-1,1,-1,1,1,1,-1,-1,1,-1,1,1,-1,-1,1,-1,-1,1,1,1,-1,1,-1,1,1,1,-1,-1,1,-1,-1,1,1,1,-1,1,-1,-1,1,1,-1,1,1,-1,-1,1,1,1,1,1,-1,-1,1,1,-1,1,1,-1,-1,1,1,1,1,1,1,-1,-1,1,1,-1,1,-1,-1,1,-1,1,1,1,1,-1,-1,1,-1,1,1,1,-1,1,1,1,1,-1,1,-1,1,1,1,1,1,1,1,-1,1,1,1,1,-1,1,-1,1,1,1,1,1,-1,1,1,1,1,-1,-1,1,-1,1,1,-1,1,1,-1,-1,1,1,1,-1,1,1,-1,1,1,1,-1,-1,1,-1,1,1,1,-1,1,-1,-1,-1,1,1,-1,-1,1,-1,-1,1,1,-1,-1,1,-1,-1,1,1,1,1,-1,-1,-1,1,1,-1,-1,1,1,-1,-1,1,-1,1,1,-1,1,1,-1,-1,1,-1,-1,-1,1,1,-1,1,1,-1,1,1,-1,-1,1,-1,1,-1,-1,-1,-1,1,-1,-1,1,1,-1,1,1,-1,1,1,1,1,-1,1,-1,1,1,1,1,-1,1,-1,-1,1,1,1,-1,1,-1,1,1,1,1,-1,1,-1,1,1,-1,-1,-1,1,-1,-1,1,1,-1,-1,-1,1,-1,1,-1,1,-1,1,-1,-1,1,-2666.0,1,2000,445,0,False
1840,1,1,-1,-1,1,-1,-1,-1,1,1,1,-1,1,1,1,1,-1,1,-1,-1,-1,-1,1,1,1,-1,1,-1,1,1,1,1,1,-1,-1,-1,1,-1,1,-1,-1,-1,-1,1,1,1,1,-1,1,1,1,1,-1,1,-1,-1,1,-1,1,1,1,-1,-1,-1,1,1,1,1,-1,-1,-1,1,1,1,1,-1,-1,-1,1,1,1,-1,-1,-1,1,1,1,1,-1,-1,1,1,1,1,1,-1,-1,-1,1,-1,1,1,-1,-1,1,1,1,1,1,-1,-1,-1,1,1,1,1,-1,-1,1,1,1,1,1,1,-1,-1,1,1,-1,1,1,-1,1,1,1,1,1,1,-1,1,1,1,1,1,1,-1,1,1,1,1,1,1,-1,-1,-1,1,1,1,1,-1,1,1,1,1,-1,1,-1,1,-1,1,1,1,-1,-1,1,1,1,1,1,-1,1,-1,-1,1,-1,1,-1,1,1,1,1,1,1,1,1,1,-1,1,-1,1,-1,1,1,-1,1,-1,1,1,-1,1,-1,1,-1,1,-1,1,1,-1,1,-1,1,1,1,1,-1,-1,1,1,-1,-1,1,-1,1,-1,-1,1,-1,1,-1,1,-1,1,-1,1,1,-1,-1,-1,1,1,-1,1,-1,1,1,1,-1,1,1,-1,1,-1,1,-1,1,-1,1,-1,1,1,-1,1,-1,-1,-1,1,1,-1,1,-1,-1,-1,1,1,-1,-1,1,1,-1,-1,1,1,-1,1,1,-1,1,1,1,-1,-1,1,-1,1,1,-1,1,-1,1,1,1,1,1,-1,-1,1,-1,-1,1,-1,1,-1,1,1,-1,1,1,1,-1,1,1,1,1,1,-1,-1,1,-1,1,1,1,1,-1,1,-1,1,1,1,-1,1,1,-1,-1,1,1,-1,-1,1,-1,1,1,1,1,1,1,-1,1,1,1,1,1,1,-1,1,1,1,1,1,1,-1,-1,1,1,1,1,1,-1,1,-1,1,-1,1,-1,1,-1,1,1,1,1,-1,1,-1,1,1,-1,1,1,1,-1,-1,-1,-1,1,-1,1,-1,1,1,-1,1,1,-1,-1,1,1,1,1,1,-1,1,1,1,-1,1,1,1,1,-1,1,-1,1,-1,1,-1,1,-1,-1,1,1,1,-1,-1,-1,1,-1,1,1,-1,1,-1,-1,1,1,1,1,-1,-1,-1,-1,-1,1,-1,1,-1,-1,-1,-1,1,1,1,-1,-1,1,-1,1,1,-1,-1,1,-1,1,-1,1,-1,-1,-1,1,-1,1,1,-1,-1,-1,-1,1,1,-1,1,-1,-1,1,1,1,-1,-1,1,-1,1,1,1,-1,-1,1,-1,-1,1,1,1,-1,1,-1,1,-1,1,-1,-1,-1,1,-1,1,1,1,-1,-1,1,-1,-1,1,-1,-1,-1,1,-1,-1,1,-1,-1,-1,1,-1,-1,1,-1,-1,-1,-1,1,-1,1,-1,-1,1,-1,1,-1,-1,1,1,1,-1,1,-1,1,-1,1,-1,1,-1,-1,-1,1,-1,1,1,1,1,-1,1,-1,-1,1,1,-1,1,1,-1,1,-1,1,-1,-1,1,-1,-1,1,1,1,-1,1,-1,-1,1,1,-1,-1,1,-1,1,1,1,-1,-1,1,-1,-1,-1,1,1,-1,1,-1,-1,-1,1,-1,-1,1,-1,1,-1,1,1,-1,-1,1,-1,-1,-1,-1,-1,1,1,1,-1,-1,1,-1,-1,1,-1,-1,1,-1,-1,1,1,-1,-1,1,-1,-1,1,1,-1,1,-1,-1,-1,-1,1,1,-1,-1,-1,-1,-1,1,-1,-1,1,-1,-1,-1,1,1,-1,-1,-1,-1,-1,1,-1,-1,-1,-1,-1,1,1,1,-1,-1,-1,-1,-1,1,1,-1,-1,-1,-1,-1,1,1,1,-1,-1,-1,-1,1,1,-1,-1,-1,-1,1,1,1,1,1,-1,1,1,1,1,1,1,-1,-1,1,1,1,-1,-1,-1,1,1,1,1,-1,1,-1,-1,1,-1,1,-1,1,-1,-1,1,-1,1,-1,1,-1,-1,1,-1,1,-1,1,1,-1,1,-1,1,1,1,1,-1,1,-1,1,1,1,-1,-1,1,1,-1,1,1,-1,-1,1,-1,1,-1,1,-1,-1,-1,-1,-1,1,1,-1,-1,1,-1,-1,1,1,-1,-1,-1,-1,1,-1,1,-1,-1,-1,-1,-1,1,-1,-1,1,-1,-1,1,-1,1,-1,-1,-1,-1,-1,1,1,1,-1,-1,-1,1,1,1,-1,-1,1,-1,-1,-1,1,-1,1,-1,-1,1,1,1,-1,-1,-1,-1,1,-1,1,1,-1,1,-1,-1,1,1,-1,-1,-1,-1,-1,-1,1,1,-1,-1,1,-1,1,1,-1,-1,-1,1,-1,1,1,-1,-1,1,-1,-1,1,1,1,-1,1,-1,1,1,1,-1,-1,1,-1,-1,1,1,1,-1,1,-1,-1,1,1,-1,1,1,-1,-1,1,1,1,1,1,-1,-1,1,-1,-1,1,1,-1,-1,1,1,1,1,1,1,-1,1,1,1,-1,1,-1,-1,1,-1,1,1,1,1,-1,-1,1,-1,1,1,1,-1,1,1,1,1,-1,1,-1,1,1,1,1,1,1,-1,1,-1,1,1,1,-1,1,1,1,1,1,1,-1,1,-1,1,1,1,-1,-1,1,1,1,1,-1,1,-1,1,1,-1,1,1,-1,1,-1,1,1,1,1,-1,-1,-1,-1,1,1,1,-1,1,-1,1,-1,1,1,-1,1,-1,1,-1,1,1,-1,1,-1,1,-1,1,1,1,1,1,-1,1,1,1,-1,-1,1,-1,1,-1,1,-1,1,-1,1,1,1,-1,-1,1,-1,1,-1,1,1,-1,1,-1,1,1,1,-1,-1,1,-1,-1,-1,-1,-1,-1,1,-1,1,1,1,-1,1,1,-1,-1,1,1,1,-1,1,-1,1,1,1,-1,-1,1,-1,1,1,1,-1,-1,1,-1,1,1,1,-1,-1,1,-1,1,-1,1,1,-1,1,-1,-1,1,1,1,-1,-1,1,-1,1,1,1,-1,1,-1,-1,1,-2666.0,1,2000,445,0,False
1841,1,1,-1,-1,1,1,-1,-1,1,1,1,-1,1,1,1,1,-1,1,-1,-1,1,-1,1,1,1,-1,1,-1,1,1,1,1,1,-1,-1,-1,1,1,1,-1,-1,-1,-1,1,1,1,-1,-1,1,1,1,1,-1,1,-1,-1,1,-1,1,1,-1,-1,-1,-1,1,1,1,-1,-1,-1,-1,1,1,1,1,-1,-1,-1,1,1,1,-1,-1,-1,1,1,1,1,-1,-1,-1,1,1,1,1,-1,-1,1,1,-1,1,1,-1,-1,1,1,1,1,1,-1,-1,1,1,1,1,1,-1,-1,1,1,1,1,1,1,-1,-1,1,1,-1,1,1,-1,1,1,1,1,1,1,-1,-1,1,1,1,1,1,-1,1,1,1,1,1,1,-1,-1,-1,1,1,1,1,-1,1,1,1,1,-1,1,-1,1,-1,1,1,1,-1,-1,1,1,1,1,1,-1,1,-1,-1,1,-1,1,-1,1,1,1,1,1,1,-1,1,1,1,1,-1,1,1,-1,1,-1,1,-1,1,-1,-1,1,-1,1,-1,1,-1,1,1,-1,1,-1,1,1,1,1,-1,-1,1,1,-1,-1,1,-1,1,-1,1,1,-1,1,-1,1,-1,1,-1,1,1,-1,-1,-1,1,-1,1,1,-1,1,1,1,1,1,1,-1,1,-1,-1,1,1,-1,1,-1,1,-1,1,1,-1,-1,-1,1,1,1,1,-1,-1,-1,1,1,-1,1,1,1,-1,-1,1,1,1,1,1,-1,1,1,-1,1,-1,1,-1,1,1,1,-1,-1,1,1,1,1,1,1,1,1,-1,-1,1,-1,1,-1,1,1,-1,1,1,1,-1,1,1,1,1,1,1,-1,1,-1,1,1,1,-1,-1,1,-1,1,1,-1,-1,1,1,-1,-1,1,1,1,-1,1,-1,1,1,1,-1,1,1,-1,1,1,1,-1,1,1,-1,1,1,1,-1,1,1,-1,-1,1,1,-1,1,1,-1,1,-1,1,-1,1,1,1,-1,1,1,1,1,1,1,-1,1,1,-1,1,1,1,-1,-1,-1,-1,1,1,1,-1,1,1,-1,1,1,-1,-1,1,1,1,1,1,-1,1,1,1,-1,1,1,1,-1,-1,1,1,1,-1,1,-1,1,1,1,1,1,1,-1,-1,-1,1,-1,-1,1,1,-1,1,1,1,1,1,1,1,-1,1,-1,-1,1,-1,1,-1,1,1,1,1,1,1,-1,-1,1,-1,1,1,1,-1,1,1,1,-1,1,1,-1,-1,1,-1,1,1,1,-1,1,1,1,1,1,1,-1,1,-1,-1,1,1,-1,-1,1,-1,-1,1,1,-1,-1,1,-1,1,1,1,-1,-1,1,-1,-1,1,1,-1,-1,1,-1,1,1,1,1,-1,1,1,-1,-1,1,1,-1,-1,1,1,-1,1,-1,-1,1,1,-1,1,-1,1,-1,-1,1,-1,1,-1,1,-1,-1,1,-1,-1,1,1,1,-1,1,-1,1,-1,1,1,1,-1,-1,-1,1,-1,-1,1,1,1,-1,1,-1,1,1,1,-1,1,1,-1,1,-1,1,-1,-1,1,-1,-1,1,1,1,-1,1,-1,-1,1,1,-1,-1,1,-1,-1,1,1,-1,-1,1,-1,-1,-1,1,1,-1,1,1,-1,-1,1,-1,-1,1,-1,1,-1,1,1,-1,-1,1,-1,-1,-1,-1,-1,1,1,1,-1,1,1,-1,-1,1,-1,-1,-1,-1,-1,1,1,-1,-1,-1,-1,-1,1,1,-1,1,1,-1,-1,-1,1,1,-1,-1,-1,-1,-1,1,-1,-1,1,-1,-1,-1,1,1,-1,-1,-1,-1,-1,1,-1,-1,1,-1,-1,1,1,1,-1,1,-1,-1,-1,1,1,-1,-1,-1,-1,-1,1,1,1,-1,-1,-1,-1,1,1,-1,-1,-1,-1,1,1,1,1,-1,-1,1,1,1,1,1,-1,-1,-1,1,1,1,-1,1,-1,1,1,1,1,-1,1,-1,-1,1,-1,1,-1,1,-1,-1,1,-1,1,-1,-1,-1,-1,1,-1,1,-1,1,-1,-1,1,-1,1,-1,1,-1,-1,1,-1,1,-1,-1,-1,-1,1,1,-1,-1,-1,-1,-1,1,-1,1,-1,-1,-1,-1,-1,-1,-1,1,-1,-1,-1,1,-1,-1,1,-1,-1,-1,-1,-1,-1,1,-1,-1,-1,-1,-1,1,-1,-1,-1,1,-1,-1,1,-1,1,-1,-1,-1,-1,-1,-1,-1,1,-1,-1,-1,1,1,1,-1,-1,-1,1,-1,-1,-1,-1,1,-1,-1,1,-1,1,-1,-1,-1,-1,1,-1,1,1,-1,1,-1,-1,1,1,-1,-1,-1,-1,-1,-1,1,1,-1,-1,1,-1,1,1,-1,-1,-1,1,-1,-1,1,1,-1,1,1,-1,1,1,1,-1,1,-1,1,1,1,-1,-1,1,-1,-1,1,1,1,1,-1,1,-1,1,1,1,-1,1,-1,-1,1,1,1,1,-1,1,-1,1,1,1,1,1,-1,-1,1,1,1,1,1,-1,-1,-1,1,1,1,-1,-1,-1,1,-1,1,1,1,-1,-1,-1,1,-1,1,1,-1,-1,1,1,1,1,1,-1,1,1,1,1,1,1,-1,1,-1,1,1,1,1,-1,1,-1,1,1,1,-1,1,-1,1,1,1,1,-1,1,1,-1,1,1,-1,1,1,-1,-1,1,1,1,1,-1,1,-1,1,1,1,-1,-1,1,-1,1,1,1,-1,1,-1,-1,-1,1,1,-1,1,1,-1,-1,1,1,1,-1,1,-1,-1,-1,1,1,-1,1,-1,-1,1,1,-1,-1,1,1,-1,-1,1,-1,1,1,-1,1,1,-1,-1,1,-1,-1,-1,1,1,-1,1,1,-1,1,1,-1,-1,1,-1,1,-1,-1,-1,-1,1,-1,-1,1,1,-1,1,1,-1,1,1,1,1,-1,1,-1,1,1,1,1,-1,1,-1,-1,-1,1,1,-1,1,-1,1,1,1,1,-1,1,-1,1,1,-1,-1,-1,1,-1,-1,1,1,-1,-1,-1,1,-1,1,-1,1,-1,1,-1,-1,1,-2666.0,1,2000,445,1000,False
1842,1,1,-1,-1,1,-1,-1,-1,1,1,1,-1,1,1,1,1,-1,1,-1,-1,-1,1,1,1,1,-1,1,-1,1,1,1,1,-1,-1,-1,-1,1,1,1,1,-1,-1,1,1,1,1,1,-1,1,1,1,1,-1,1,-1,-1,1,-1,1,1,1,-1,-1,1,1,1,1,1,-1,-1,1,1,1,1,1,-1,-1,-1,1,1,1,-1,-1,-1,1,1,1,1,-1,-1,1,1,1,1,1,-1,-1,-1,1,-1,1,1,-1,-1,1,1,1,1,1,-1,-1,-1,1,1,1,1,-1,-1,1,1,1,1,1,1,-1,-1,1,1,-1,1,1,-1,1,1,1,1,1,1,-1,1,1,1,1,1,1,-1,1,1,1,1,1,1,-1,-1,-1,1,1,1,1,-1,1,-1,1,1,-1,1,-1,1,-1,1,1,1,-1,-1,1,1,1,1,1,-1,1,-1,-1,1,1,1,-1,1,1,1,1,-1,1,1,1,1,-1,1,-1,1,-1,1,1,-1,1,-1,1,1,-1,1,-1,1,-1,1,-1,1,1,-1,1,-1,1,1,1,1,-1,-1,1,1,-1,-1,1,-1,1,-1,-1,1,-1,1,-1,1,-1,1,-1,-1,1,-1,1,-1,1,1,-1,1,-1,1,1,1,-1,1,1,-1,1,-1,1,-1,1,-1,1,-1,1,1,-1,1,-1,-1,-1,1,1,-1,1,-1,1,-1,1,1,-1,-1,1,1,-1,-1,1,1,-1,1,1,-1,1,1,1,1,-1,1,-1,1,1,-1,1,-1,1,1,-1,1,1,1,1,1,-1,-1,1,-1,-1,-1,-1,1,-1,1,1,1,-1,1,-1,-1,1,1,1,1,1,-1,1,1,1,-1,-1,1,-1,1,1,1,-1,1,1,-1,-1,1,1,1,-1,1,-1,1,1,1,-1,1,1,-1,1,1,1,-1,1,-1,-1,1,1,1,-1,1,-1,-1,-1,1,1,-1,1,-1,-1,1,-1,1,-1,1,1,-1,-1,1,1,1,-1,1,-1,-1,1,1,-1,1,-1,-1,-1,-1,-1,-1,1,1,-1,-1,1,1,-1,1,-1,-1,-1,1,1,1,1,-1,-1,1,1,1,-1,1,-1,-1,-1,-1,1,1,1,1,-1,-1,1,1,1,1,-1,-1,1,-1,-1,1,-1,1,-1,-1,1,-1,1,1,-1,-1,1,1,-1,1,-1,1,-1,-1,1,-1,1,1,-1,-1,-1,1,-1,-1,1,1,-1,-1,1,-1,1,1,-1,1,-1,1,-1,-1,1,1,-1,-1,1,-1,1,1,-1,-1,1,1,-1,1,-1,1,-1,1,-1,-1,1,-1,1,-1,1,-1,-1,1,-1,-1,-1,1,-1,-1,1,1,1,-1,1,-1,-1,1,-1,-1,1,-1,1,-1,1,-1,1,-1,1,1,-1,-1,-1,1,-1,1,-1,-1,1,-1,1,1,1,1,-1,-1,1,1,-1,1,1,-1,-1,1,1,1,-1,1,1,-1,1,1,1,1,1,1,1,-1,-1,1,-1,1,-1,1,-1,-1,1,1,-1,1,-1,-1,-1,1,1,-1,1,1,-1,1,-1,1,-1,1,1,-1,-1,-1,1,-1,-1,-1,-1,1,-1,1,-1,-1,-1,-1,-1,-1,1,-1,1,1,1,1,-1,1,-1,1,1,-1,-1,-1,1,-1,-1,1,-1,1,-1,-1,1,1,1,1,-1,-1,1,1,1,1,-1,1,-1,-1,1,1,1,-1,-1,-1,-1,1,1,1,-1,-1,-1,1,-1,1,-1,1,-1,-1,-1,1,1,1,-1,-1,-1,-1,1,1,1,1,-1,-1,-1,1,1,1,1,-1,-1,-1,1,1,1,-1,-1,-1,1,1,1,1,1,-1,-1,-1,1,1,1,1,-1,-1,-1,1,1,-1,1,-1,-1,-1,1,1,1,1,-1,-1,1,1,1,1,-1,-1,1,1,-1,1,1,-1,-1,-1,1,1,1,1,1,-1,1,1,1,1,1,-1,-1,-1,1,-1,1,-1,-1,-1,-1,1,-1,1,1,-1,-1,-1,1,-1,1,1,-1,-1,-1,1,1,1,1,-1,-1,1,-1,-1,1,1,-1,-1,-1,1,1,-1,-1,-1,-1,-1,1,-1,1,-1,-1,-1,-1,-1,-1,-1,1,-1,-1,-1,1,-1,-1,1,-1,-1,-1,-1,-1,1,1,-1,-1,-1,-1,-1,1,-1,-1,-1,1,-1,-1,1,-1,1,-1,-1,-1,-1,-1,-1,-1,1,-1,-1,-1,1,1,1,-1,-1,1,-1,-1,-1,-1,-1,1,-1,-1,1,1,1,-1,-1,-1,-1,1,-1,1,1,-1,1,-1,-1,1,1,-1,-1,-1,-1,-1,-1,1,1,-1,-1,1,-1,1,1,-1,-1,-1,1,-1,1,1,-1,-1,1,-1,-1,1,1,1,-1,1,-1,1,1,1,-1,-1,1,-1,-1,1,-1,1,-1,1,-1,-1,1,1,-1,1,1,-1,-1,1,1,1,1,1,-1,-1,1,1,-1,1,1,-1,-1,1,1,1,1,-1,1,-1,-1,1,1,-1,1,-1,-1,1,-1,1,1,1,1,-1,-1,1,-1,1,1,1,-1,1,1,1,1,-1,1,-1,1,1,1,1,1,1,1,-1,1,1,1,1,-1,1,-1,1,1,1,1,1,-1,1,1,1,1,-1,1,1,-1,1,1,-1,1,1,-1,-1,1,1,1,1,-1,1,-1,1,1,1,-1,-1,1,-1,1,1,1,-1,1,-1,-1,-1,1,1,-1,-1,1,-1,-1,1,1,1,-1,1,-1,-1,1,1,1,-1,1,-1,-1,1,1,-1,-1,-1,1,-1,-1,1,-1,1,1,-1,1,1,-1,-1,1,-1,-1,-1,1,1,-1,1,1,-1,1,1,-1,-1,-1,-1,1,-1,-1,-1,-1,1,-1,-1,1,1,-1,1,1,-1,1,1,1,1,-1,1,-1,1,1,1,-1,-1,1,-1,-1,1,1,-1,-1,1,-1,1,1,1,-1,-1,1,-1,1,1,1,1,-1,1,-1,-1,1,1,1,-1,-1,1,-1,1,-1,1,-1,1,-1,-1,1,-2666.0,1,2000,445,0,False
1843,1,1,-1,-1,1,-1,-1,-1,1,1,1,-1,1,1,-1,1,-1,1,-1,-1,-1,1,1,1,1,-1,-1,-1,1,1,1,1,-1,-1,-1,-1,1,-1,1,1,-1,-1,-1,1,1,1,1,-1,1,1,1,1,-1,1,-1,-1,1,-1,1,1,1,-1,-1,1,1,1,1,1,-1,-1,1,1,1,1,1,-1,-1,-1,1,1,1,-1,-1,-1,1,1,1,1,-1,-1,-1,1,1,1,1,-1,-1,1,1,-1,1,1,-1,-1,1,1,1,1,1,-1,-1,-1,1,-1,1,1,-1,-1,1,1,1,1,1,1,-1,-1,1,1,-1,1,1,-1,1,1,1,1,1,1,-1,1,1,1,1,1,1,-1,1,1,1,1,1,1,-1,-1,-1,1,1,1,1,-1,1,-1,1,1,-1,1,-1,1,-1,1,1,1,-1,-1,1,1,1,1,1,-1,1,-1,-1,1,1,1,-1,1,1,1,1,-1,1,1,1,1,-1,1,-1,1,-1,1,1,-1,1,-1,1,1,-1,1,-1,1,-1,1,-1,1,1,-1,1,-1,1,1,1,1,-1,-1,1,1,-1,-1,1,-1,1,-1,-1,1,-1,1,-1,1,-1,1,-1,1,1,-1,-1,-1,1,1,-1,1,-1,1,1,1,-1,1,-1,-1,1,-1,1,-1,1,1,1,-1,1,1,-1,1,-1,-1,-1,1,1,-1,1,-1,-1,-1,1,1,-1,-1,1,1,-1,-1,1,1,-1,1,1,-1,1,1,1,1,-1,1,-1,1,1,-1,1,-1,1,-1,1,1,1,1,1,1,-1,-1,1,-1,-1,1,1,1,-1,1,1,1,-1,1,1,1,1,1,1,-1,1,-1,1,1,1,-1,-1,1,-1,1,1,1,-1,1,1,-1,-1,1,1,1,-1,1,-1,1,1,1,-1,1,1,-1,1,1,1,-1,1,1,-1,1,1,1,-1,1,1,-1,-1,1,1,-1,1,1,-1,1,-1,1,-1,1,1,1,-1,1,1,1,-1,1,1,-1,1,1,-1,1,1,1,-1,-1,-1,-1,1,1,1,-1,1,1,-1,1,1,-1,-1,1,1,1,1,1,-1,1,1,1,-1,1,1,1,-1,-1,1,1,1,-1,1,-1,1,1,1,1,1,1,-1,-1,-1,1,-1,-1,1,1,-1,1,1,1,1,1,1,1,-1,1,-1,-1,1,-1,1,-1,1,1,1,1,1,1,-1,-1,1,-1,1,1,1,-1,1,1,1,-1,1,1,-1,-1,1,-1,1,1,1,-1,1,1,1,1,1,1,-1,1,-1,1,1,1,-1,-1,1,-1,-1,1,1,-1,-1,1,-1,1,1,1,-1,-1,1,1,-1,1,1,-1,-1,1,-1,1,1,1,1,-1,1,-1,-1,-1,1,1,-1,-1,-1,1,-1,1,-1,-1,1,-1,-1,1,-1,1,-1,-1,1,-1,1,-1,1,-1,-1,1,-1,-1,1,1,1,-1,1,-1,1,-1,-1,1,1,-1,-1,1,1,-1,-1,-1,1,-1,1,1,-1,1,1,1,-1,1,1,-1,1,-1,1,-1,-1,1,-1,-1,1,1,-1,-1,1,-1,-1,1,1,1,-1,1,-1,-1,1,1,-1,-1,1,-1,-1,-1,1,1,-1,1,1,-1,-1,1,-1,-1,1,-1,1,-1,1,1,-1,-1,1,-1,-1,-1,-1,-1,1,1,1,-1,1,1,-1,-1,1,-1,-1,-1,-1,-1,1,1,-1,-1,-1,1,-1,1,1,-1,1,1,1,-1,-1,1,1,-1,-1,-1,-1,1,1,-1,-1,1,-1,-1,-1,1,1,-1,-1,-1,-1,-1,1,-1,-1,1,-1,-1,1,1,1,-1,1,-1,-1,-1,1,1,-1,-1,-1,-1,-1,1,1,1,-1,-1,-1,-1,1,1,-1,-1,-1,-1,1,1,1,1,-1,-1,1,1,1,1,1,-1,-1,-1,1,1,1,1,1,-1,1,1,1,1,-1,1,-1,-1,1,-1,1,-1,1,-1,-1,1,-1,1,-1,-1,-1,-1,1,-1,1,-1,1,1,-1,1,-1,1,-1,1,1,1,-1,-1,1,-1,-1,-1,-1,1,1,-1,-1,-1,-1,-1,1,-1,1,-1,-1,-1,-1,-1,-1,-1,1,-1,-1,-1,1,-1,-1,1,-1,-1,-1,-1,-1,1,1,-1,-1,-1,-1,-1,1,-1,-1,-1,1,-1,-1,1,-1,1,-1,-1,-1,-1,-1,-1,-1,1,-1,-1,-1,1,1,-1,-1,-1,1,-1,-1,-1,-1,-1,1,-1,-1,1,1,1,-1,-1,-1,-1,1,-1,1,1,-1,1,-1,-1,1,1,-1,-1,-1,-1,-1,-1,1,1,-1,-1,1,-1,1,1,-1,-1,-1,1,-1,-1,1,-1,-1,1,-1,-1,1,1,1,-1,1,-1,1,1,1,-1,-1,1,-1,-1,1,1,1,-1,1,-1,-1,1,1,-1,1,1,-1,-1,1,1,-1,1,1,-1,-1,1,1,-1,1,1,-1,-1,1,1,1,1,1,1,-1,-1,1,1,-1,1,-1,-1,1,-1,1,1,1,1,-1,-1,1,-1,1,1,1,-1,1,1,1,1,-1,1,-1,1,1,1,1,1,1,1,-1,1,1,1,1,-1,1,-1,1,1,1,1,1,-1,1,1,1,1,-1,1,1,-1,1,1,-1,1,1,-1,-1,1,1,1,1,-1,1,-1,1,1,1,-1,-1,1,-1,1,1,1,-1,1,-1,-1,-1,1,1,-1,-1,1,-1,-1,1,1,-1,-1,1,-1,-1,1,1,1,-1,1,-1,-1,1,1,-1,-1,-1,1,-1,-1,1,-1,1,1,-1,1,1,-1,-1,1,-1,-1,-1,1,1,-1,1,1,-1,1,1,-1,-1,1,-1,1,-1,-1,-1,-1,1,-1,-1,1,1,-1,1,1,-1,1,1,1,1,-1,1,-1,1,1,1,-1,-1,1,-1,-1,1,1,-1,1,1,-1,1,1,1,-1,-1,1,-1,1,1,1,1,-1,1,-1,-1,1,1,-1,-1,1,1,-1,1,-1,1,-1,1,-1,-1,1,-2666.0,1,2000,445,1000,False
1844,1,1,-1,-1,1,-1,1,-1,1,1,1,-1,1,1,1,1,-1,1,-1,-1,1,1,1,1,1,-1,-1,-1,1,1,1,1,1,-1,-1,1,1,1,1,1,-1,-1,1,1,1,1,1,-1,1,1,1,1,-1,1,-1,-1,1,-1,1,1,-1,-1,-1,1,1,1,1,1,-1,-1,1,1,1,1,1,-1,-1,-1,1,1,1,-1,-1,-1,1,1,1,1,-1,-1,-1,1,1,1,1,-1,-1,1,1,-1,1,1,-1,-1,1,1,1,1,1,-1,-1,1,1,-1,1,1,-1,-1,1,1,1,1,1,1,-1,1,1,1,-1,1,1,-1,1,1,1,1,1,1,-1,-1,1,1,-1,1,1,-1,1,1,1,1,1,1,-1,-1,-1,1,-1,1,1,-1,1,1,1,1,-1,1,-1,1,-1,1,1,1,-1,-1,1,1,1,-1,1,-1,1,-1,-1,1,1,1,-1,1,1,1,1,-1,1,1,1,1,-1,1,-1,1,-1,1,1,-1,1,-1,1,1,-1,1,-1,1,-1,1,-1,1,1,-1,-1,-1,1,1,1,1,-1,-1,1,1,-1,-1,1,-1,1,1,-1,1,-1,1,-1,1,-1,1,-1,1,1,-1,-1,1,1,1,-1,1,-1,1,1,1,-1,1,1,-1,1,-1,1,-1,1,-1,1,-1,1,1,-1,1,-1,-1,-1,1,1,-1,1,-1,-1,-1,-1,1,-1,-1,1,1,-1,-1,1,1,-1,1,1,-1,1,1,1,1,-1,1,-1,1,1,-1,1,-1,1,1,-1,1,1,-1,-1,1,-1,-1,1,-1,-1,-1,1,1,-1,1,1,1,-1,1,-1,-1,1,1,1,1,1,-1,1,1,1,1,-1,1,-1,1,1,1,-1,1,1,-1,1,-1,1,1,-1,1,-1,1,1,1,-1,1,1,-1,1,1,1,-1,1,-1,-1,1,1,1,1,1,-1,-1,1,1,1,-1,1,-1,-1,-1,-1,1,-1,1,1,-1,1,1,1,1,-1,1,-1,-1,-1,1,-1,1,-1,-1,1,-1,-1,-1,1,-1,-1,1,-1,1,-1,1,-1,1,-1,1,1,1,1,-1,1,-1,1,1,-1,1,-1,-1,-1,-1,1,1,1,1,-1,-1,1,1,1,1,-1,-1,1,-1,-1,1,-1,1,-1,1,-1,1,1,1,-1,-1,1,1,-1,1,-1,1,-1,-1,1,-1,1,1,-1,-1,-1,1,-1,-1,1,1,-1,-1,1,-1,1,1,-1,1,-1,1,-1,-1,1,1,-1,1,1,-1,1,1,-1,-1,1,1,-1,1,-1,1,-1,1,1,-1,1,-1,1,-1,1,-1,-1,1,-1,-1,-1,1,-1,-1,1,-1,1,-1,1,-1,-1,1,-1,-1,1,-1,1,-1,1,1,1,-1,1,1,-1,-1,1,1,-1,1,-1,-1,1,1,1,1,1,1,-1,-1,1,1,-1,1,1,1,-1,1,1,1,-1,1,1,-1,1,1,1,1,-1,1,1,-1,-1,-1,1,-1,1,1,-1,-1,1,1,-1,1,-1,-1,-1,1,1,-1,1,1,-1,1,-1,1,-1,1,1,-1,-1,-1,1,-1,-1,-1,-1,-1,-1,1,-1,-1,-1,-1,-1,-1,1,-1,1,1,1,1,-1,1,-1,1,1,-1,-1,-1,1,-1,-1,1,-1,-1,-1,-1,1,1,1,1,-1,-1,1,1,1,1,-1,1,-1,-1,1,1,1,-1,-1,-1,1,1,1,1,-1,1,-1,1,-1,1,-1,1,1,-1,-1,1,1,1,-1,-1,-1,1,1,1,1,1,-1,-1,-1,1,1,1,1,-1,-1,-1,1,-1,1,-1,-1,1,-1,1,1,1,1,-1,1,-1,1,-1,1,1,-1,-1,-1,1,1,-1,1,-1,-1,-1,1,1,1,1,-1,-1,1,-1,1,-1,1,-1,1,1,-1,1,1,-1,-1,-1,1,1,-1,1,1,-1,1,1,1,-1,1,-1,-1,-1,1,-1,1,-1,-1,-1,1,-1,1,-1,1,-1,-1,-1,-1,-1,-1,1,-1,-1,-1,1,1,-1,1,-1,-1,1,-1,-1,-1,1,-1,-1,-1,1,1,1,-1,-1,-1,-1,1,-1,1,-1,-1,-1,-1,-1,-1,-1,1,-1,-1,-1,1,-1,-1,1,-1,-1,-1,-1,-1,1,1,-1,-1,-1,-1,-1,1,-1,-1,-1,1,-1,-1,1,-1,1,-1,-1,-1,-1,-1,-1,-1,1,-1,-1,-1,1,1,-1,-1,-1,1,-1,1,-1,-1,-1,1,-1,-1,1,-1,1,-1,-1,-1,-1,1,-1,1,1,-1,1,-1,-1,1,1,-1,-1,-1,-1,-1,-1,1,1,-1,-1,1,-1,1,1,-1,-1,-1,1,-1,1,1,-1,-1,1,-1,-1,1,1,1,-1,1,-1,1,1,1,-1,-1,1,-1,-1,1,1,1,-1,1,-1,-1,1,1,-1,1,1,-1,-1,1,1,1,1,1,-1,-1,1,1,1,1,1,-1,-1,1,1,1,1,1,1,-1,-1,1,1,1,1,-1,-1,1,-1,1,1,1,1,-1,-1,1,-1,1,1,1,-1,1,1,1,1,-1,1,-1,1,1,1,1,1,1,1,-1,1,1,1,1,-1,1,-1,1,1,1,1,1,-1,1,1,1,1,-1,-1,1,-1,1,1,-1,1,1,-1,-1,1,1,1,-1,1,1,-1,1,1,1,-1,-1,1,-1,1,1,1,-1,1,-1,-1,-1,1,1,-1,-1,1,-1,-1,1,1,-1,-1,1,-1,-1,1,1,1,1,-1,-1,-1,1,1,-1,-1,-1,1,-1,-1,1,-1,1,1,-1,1,1,-1,-1,1,-1,-1,-1,1,1,-1,1,1,-1,1,1,-1,-1,1,-1,1,-1,-1,-1,-1,1,-1,-1,1,1,-1,1,1,-1,1,1,1,1,-1,1,-1,1,1,1,1,-1,1,-1,-1,-1,1,1,-1,1,-1,1,1,1,1,-1,1,-1,1,1,-1,-1,-1,1,-1,-1,1,1,-1,-1,-1,1,-1,1,-1,1,-1,1,-1,-1,1,-2666.0,1,2000,445,0,False
1845,1,1,-1,-1,1,1,-1,-1,1,1,1,-1,-1,1,1,1,-1,1,1,-1,-1,-1,1,1,1,1,-1,-1,1,1,1,1,-1,-1,-1,-1,1,-1,1,1,-1,-1,-1,1,1,1,1,-1,1,1,1,1,-1,1,-1,-1,1,-1,1,1,1,-1,-1,-1,1,1,1,1,-1,-1,-1,1,1,1,1,-1,-1,-1,1,1,1,-1,-1,-1,1,1,1,1,-1,-1,1,1,1,1,1,-1,-1,-1,1,-1,1,1,-1,-1,1,1,1,1,1,-1,-1,-1,1,-1,1,1,-1,-1,1,1,1,1,1,1,-1,-1,1,1,-1,1,1,-1,1,1,1,1,1,1,-1,1,1,1,1,1,1,-1,1,1,1,1,1,1,-1,-1,-1,1,1,1,1,-1,1,1,1,1,-1,1,-1,1,-1,1,1,1,-1,-1,1,1,1,1,1,-1,1,-1,-1,1,-1,1,-1,1,1,1,1,1,1,1,1,1,1,1,-1,1,-1,1,1,-1,1,-1,1,1,-1,1,-1,1,-1,1,-1,1,1,-1,1,-1,1,1,1,1,-1,-1,1,1,-1,-1,1,-1,1,-1,-1,1,-1,1,-1,1,-1,1,-1,1,1,-1,-1,-1,1,1,-1,1,-1,1,1,1,-1,1,1,-1,-1,-1,1,-1,1,-1,1,-1,1,1,-1,1,-1,-1,-1,1,1,-1,1,-1,-1,-1,1,1,-1,-1,1,1,-1,-1,1,1,-1,1,1,-1,1,1,1,1,-1,1,-1,1,1,-1,1,-1,1,1,-1,1,1,1,1,1,-1,-1,1,-1,-1,1,1,1,-1,1,1,1,-1,1,-1,-1,1,1,1,1,1,-1,1,1,1,-1,1,1,-1,1,1,1,-1,1,1,-1,-1,1,1,1,-1,1,-1,1,1,1,-1,1,1,-1,1,1,1,-1,1,-1,-1,1,1,1,-1,1,-1,-1,-1,1,1,-1,1,-1,-1,1,-1,1,-1,1,1,-1,-1,1,1,1,-1,1,-1,-1,1,1,-1,1,-1,-1,-1,-1,-1,-1,1,1,-1,-1,1,1,-1,1,-1,-1,-1,1,1,1,1,-1,-1,1,1,1,-1,1,-1,-1,-1,-1,1,1,1,1,-1,-1,1,1,1,1,-1,-1,1,-1,-1,1,-1,1,-1,-1,-1,-1,1,-1,-1,-1,1,1,-1,1,-1,1,-1,-1,1,-1,1,1,-1,-1,-1,1,-1,-1,1,1,-1,-1,1,-1,1,1,-1,1,-1,1,-1,-1,1,1,-1,-1,1,-1,1,1,-1,-1,1,1,-1,1,-1,1,-1,1,-1,-1,1,-1,1,-1,1,-1,-1,1,-1,-1,-1,1,-1,-1,1,1,1,-1,1,-1,-1,1,-1,-1,1,-1,1,-1,1,-1,1,-1,1,1,-1,-1,-1,1,-1,1,-1,-1,1,-1,1,1,1,1,-1,-1,1,1,-1,1,1,-1,-1,1,1,1,-1,1,1,-1,1,1,1,1,-1,1,1,-1,-1,-1,1,-1,1,1,-1,1,-1,1,-1,1,-1,-1,-1,1,1,-1,1,1,-1,-1,-1,1,-1,1,1,-1,1,-1,1,-1,-1,-1,-1,-1,-1,1,-1,-1,-1,-1,-1,-1,1,-1,1,1,1,1,-1,1,-1,1,1,-1,-1,-1,1,-1,-1,1,-1,1,-1,-1,1,1,1,1,-1,-1,1,1,1,1,-1,1,-1,-1,1,1,1,-1,-1,-1,1,1,1,1,-1,1,-1,1,-1,1,-1,1,1,-1,-1,1,1,1,-1,-1,-1,1,1,1,1,1,-1,-1,-1,1,1,1,1,-1,-1,-1,1,1,1,-1,-1,-1,1,1,1,1,1,-1,-1,-1,1,1,1,1,-1,-1,-1,1,1,-1,1,-1,-1,-1,1,1,1,1,-1,-1,1,1,1,1,-1,-1,1,1,-1,1,1,-1,-1,-1,1,1,1,1,1,-1,1,1,1,1,1,-1,-1,-1,1,-1,1,-1,-1,-1,-1,1,-1,1,1,1,-1,-1,1,-1,1,1,-1,1,-1,1,1,1,1,-1,1,-1,1,-1,1,1,-1,-1,-1,1,1,-1,-1,-1,-1,-1,1,-1,1,-1,-1,-1,-1,-1,-1,-1,1,-1,-1,-1,1,-1,-1,1,-1,-1,-1,-1,-1,-1,1,-1,-1,-1,-1,-1,1,-1,-1,-1,1,-1,-1,1,-1,1,-1,-1,-1,-1,-1,-1,-1,1,-1,-1,-1,1,1,-1,-1,-1,1,1,-1,-1,-1,-1,1,-1,-1,1,-1,1,-1,-1,-1,-1,1,-1,1,1,-1,1,-1,-1,1,1,-1,-1,-1,-1,-1,-1,1,1,-1,-1,1,-1,1,1,-1,-1,-1,1,-1,1,1,-1,-1,1,-1,-1,1,1,1,-1,1,-1,1,1,1,-1,-1,1,-1,-1,1,-1,1,-1,1,-1,-1,1,1,-1,1,1,-1,-1,1,1,-1,1,1,-1,-1,1,1,-1,1,1,-1,-1,1,1,1,1,1,1,-1,-1,1,-1,1,1,-1,-1,1,-1,1,1,1,1,-1,-1,1,-1,1,1,1,-1,1,1,1,1,-1,1,-1,1,1,1,1,1,1,1,-1,1,1,1,1,-1,1,-1,1,1,1,1,1,-1,1,1,1,1,-1,1,1,-1,1,1,-1,1,1,-1,-1,1,1,1,1,-1,1,-1,1,1,1,-1,-1,1,-1,1,1,1,-1,1,-1,-1,-1,1,1,-1,-1,1,-1,-1,1,1,1,-1,1,-1,-1,1,1,1,-1,1,-1,-1,1,1,-1,-1,-1,1,-1,1,1,-1,1,1,-1,1,1,-1,-1,1,1,-1,-1,1,1,-1,1,1,-1,1,1,-1,-1,-1,-1,1,-1,-1,-1,-1,-1,-1,-1,1,1,-1,1,1,-1,1,1,1,1,-1,1,-1,1,1,1,-1,-1,1,-1,1,1,1,-1,-1,1,-1,-1,1,1,-1,-1,1,-1,1,1,1,1,-1,1,-1,-1,1,1,1,-1,-1,1,-1,1,1,1,-1,1,-1,-1,1,-2666.0,1,2000,445,1000,False
1846,1,1,-1,-1,1,1,-1,-1,1,1,1,-1,1,1,1,1,-1,1,1,-1,-1,-1,1,1,1,1,-1,-1,1,1,1,1,-1,-1,-1,-1,1,1,1,1,-1,-1,-1,1,1,1,1,-1,1,1,1,1,-1,1,-1,-1,1,-1,1,1,1,-1,-1,-1,1,1,1,1,-1,-1,-1,1,1,1,1,-1,-1,-1,1,1,1,-1,-1,-1,1,1,1,1,-1,-1,1,1,1,1,1,-1,-1,-1,1,-1,1,1,-1,-1,1,1,1,1,1,-1,-1,-1,1,-1,1,1,-1,-1,1,1,1,1,1,1,-1,-1,1,1,-1,1,1,-1,1,1,1,1,1,1,-1,1,1,1,1,1,1,-1,1,1,1,1,1,1,-1,-1,-1,1,1,1,1,-1,1,1,1,1,-1,1,-1,1,-1,1,1,1,-1,-1,1,1,1,1,1,-1,1,-1,-1,1,1,1,-1,1,1,1,1,-1,1,1,1,1,-1,1,-1,1,-1,1,1,-1,1,-1,1,1,-1,1,-1,1,-1,1,-1,1,1,-1,1,-1,1,1,1,1,-1,-1,1,1,-1,-1,1,-1,1,-1,1,1,-1,1,-1,1,-1,1,-1,1,1,-1,-1,1,-1,1,-1,1,-1,1,1,1,-1,1,1,-1,1,-1,1,-1,1,-1,1,-1,1,1,-1,1,-1,-1,-1,-1,1,-1,1,-1,-1,-1,-1,1,-1,-1,1,1,-1,1,1,1,-1,1,1,-1,1,1,1,1,-1,1,-1,1,1,-1,1,-1,1,-1,1,-1,1,1,1,1,-1,-1,1,-1,-1,-1,1,1,-1,1,1,1,-1,1,1,1,1,1,1,-1,1,-1,1,1,1,-1,-1,1,-1,1,1,1,-1,1,1,-1,-1,1,1,1,-1,1,-1,1,1,1,-1,1,1,-1,1,1,1,-1,1,1,-1,1,1,1,-1,1,1,1,-1,1,1,-1,1,1,-1,1,-1,1,-1,1,1,1,-1,1,1,1,-1,1,1,-1,1,1,-1,1,1,1,-1,-1,-1,-1,1,1,1,-1,1,1,-1,1,1,-1,-1,1,1,1,1,1,-1,1,1,1,-1,1,1,1,1,-1,1,1,1,-1,1,-1,1,1,1,1,1,1,-1,-1,-1,1,-1,-1,1,-1,1,-1,1,-1,1,1,1,-1,-1,1,-1,-1,1,-1,1,-1,1,1,1,1,1,1,-1,-1,1,-1,1,1,-1,-1,1,1,1,-1,1,-1,-1,-1,1,-1,1,1,-1,-1,1,1,1,1,-1,1,-1,1,-1,1,1,-1,-1,-1,1,-1,1,1,-1,-1,-1,1,-1,1,1,1,-1,-1,1,1,-1,1,-1,-1,-1,1,-1,1,1,-1,-1,-1,1,-1,-1,1,-1,-1,-1,-1,-1,-1,1,-1,-1,-1,1,-1,-1,1,-1,-1,-1,-1,1,-1,1,-1,-1,-1,-1,1,-1,-1,1,1,1,-1,1,-1,1,-1,1,1,1,-1,-1,-1,1,-1,-1,-1,1,1,-1,1,-1,1,1,1,-1,1,1,-1,-1,-1,1,-1,-1,1,-1,-1,1,1,1,-1,1,-1,-1,1,1,-1,-1,1,-1,-1,1,1,-1,-1,1,-1,-1,-1,1,1,-1,1,1,-1,-1,1,-1,-1,1,-1,1,-1,1,1,-1,-1,1,-1,-1,-1,-1,-1,1,1,1,-1,-1,1,-1,-1,1,-1,-1,1,-1,-1,1,1,-1,-1,1,1,-1,1,1,-1,1,-1,1,-1,-1,1,1,-1,-1,-1,-1,-1,1,-1,-1,1,-1,-1,-1,1,1,-1,-1,-1,-1,-1,1,-1,-1,-1,-1,-1,1,1,1,-1,-1,-1,-1,-1,1,1,-1,-1,-1,-1,-1,1,1,1,-1,-1,-1,-1,1,1,-1,-1,-1,-1,1,-1,1,1,1,-1,1,1,-1,1,1,1,-1,-1,1,1,1,1,-1,-1,1,1,1,1,-1,1,-1,-1,1,-1,1,-1,1,-1,-1,1,-1,1,1,1,-1,-1,1,-1,1,-1,1,-1,-1,1,-1,1,1,1,-1,1,-1,-1,1,1,1,-1,-1,1,-1,-1,1,1,-1,-1,1,-1,1,-1,1,-1,-1,1,1,-1,1,1,-1,-1,1,-1,-1,1,1,-1,-1,-1,1,1,-1,1,-1,-1,-1,-1,-1,1,-1,-1,1,-1,-1,1,-1,1,-1,-1,-1,-1,-1,1,1,1,-1,-1,-1,1,1,1,-1,-1,-1,1,-1,-1,1,-1,1,-1,-1,1,1,1,-1,-1,-1,-1,1,-1,1,1,-1,1,-1,-1,1,1,-1,-1,-1,-1,-1,-1,1,1,-1,-1,1,-1,1,1,-1,-1,-1,1,-1,1,1,-1,-1,1,-1,-1,1,1,1,-1,1,-1,1,1,1,-1,-1,1,-1,-1,1,1,1,-1,1,-1,-1,1,1,-1,1,1,-1,-1,1,1,-1,1,1,-1,-1,1,1,-1,1,1,-1,-1,1,1,1,1,1,1,-1,-1,1,-1,1,1,-1,-1,1,-1,1,1,1,1,-1,-1,1,-1,1,1,1,-1,1,1,1,1,-1,1,-1,1,1,1,1,1,1,1,-1,1,1,1,1,-1,1,-1,1,1,1,1,1,-1,1,1,1,1,-1,1,1,-1,1,1,-1,1,1,-1,-1,1,1,1,1,-1,1,-1,1,1,1,-1,-1,1,-1,1,1,1,-1,1,-1,-1,-1,1,1,-1,-1,1,-1,-1,1,1,1,-1,1,-1,-1,1,1,1,-1,1,-1,-1,1,1,-1,-1,-1,1,-1,1,1,-1,1,1,-1,1,1,-1,-1,1,1,-1,-1,1,1,-1,1,1,-1,1,1,-1,-1,-1,-1,1,-1,-1,-1,-1,1,-1,-1,1,1,-1,1,1,-1,1,1,1,1,-1,1,-1,1,1,1,-1,-1,1,-1,-1,1,1,-1,-1,1,-1,1,1,1,-1,-1,1,-1,1,1,1,1,-1,1,-1,-1,1,1,1,-1,-1,1,-1,1,-1,1,-1,1,-1,-1,1,-2666.0,1,2000,445,1000,False
1847,-1,-1,1,1,1,1,-1,1,-1,-1,-1,1,-1,1,-1,-1,1,-1,1,1,1,-1,-1,-1,-1,1,-1,-1,-1,-1,-1,-1,1,1,-1,-1,1,-1,-1,-1,1,-1,-1,-1,-1,-1,1,-1,1,1,-1,-1,1,-1,1,-1,-1,1,-1,-1,-1,1,1,1,-1,-1,-1,-1,-1,-1,-1,1,-1,-1,-1,-1,1,-1,1,-1,-1,1,-1,1,1,-1,-1,-1,-1,1,-1,-1,1,1,-1,-1,-1,1,1,1,-1,1,-1,-1,1,1,1,-1,-1,-1,-1,1,1,1,-1,1,-1,-1,1,1,1,-1,-1,-1,-1,1,1,1,-1,1,-1,-1,1,1,1,-1,-1,-1,-1,1,1,1,-1,1,1,-1,-1,1,1,1,1,-1,-1,1,-1,1,1,1,-1,-1,1,1,1,1,-1,1,-1,1,-1,1,1,1,-1,-1,1,1,1,-1,1,-1,1,-1,-1,1,1,1,-1,1,-1,1,1,-1,1,-1,1,1,-1,1,-1,1,-1,1,1,-1,1,-1,1,-1,-1,1,-1,1,-1,1,-1,1,1,-1,-1,-1,1,-1,-1,1,-1,-1,1,1,-1,-1,1,-1,1,1,-1,1,-1,1,-1,1,-1,1,-1,1,1,-1,-1,1,1,-1,-1,1,-1,1,1,1,-1,1,-1,-1,1,-1,1,-1,1,1,1,-1,1,1,-1,1,-1,-1,1,1,1,-1,1,-1,-1,-1,-1,1,1,-1,1,1,-1,-1,1,-1,-1,1,1,-1,1,1,1,-1,-1,1,-1,1,1,-1,1,-1,1,1,-1,1,-1,-1,-1,1,-1,-1,1,-1,1,-1,1,1,-1,1,1,1,-1,1,-1,-1,1,1,-1,-1,1,-1,1,1,-1,1,-1,1,-1,1,1,1,-1,1,1,-1,1,-1,1,-1,1,1,-1,1,1,1,1,1,1,-1,1,1,1,1,1,-1,-1,1,1,1,1,1,-1,-1,1,1,1,1,1,-1,-1,-1,-1,1,-1,1,1,-1,1,1,1,1,1,1,-1,-1,-1,1,1,-1,-1,-1,1,-1,-1,-1,1,1,-1,1,-1,1,-1,1,-1,1,-1,1,1,1,1,-1,1,-1,1,1,-1,1,-1,-1,-1,-1,1,1,1,1,-1,-1,1,-1,1,1,-1,-1,1,-1,-1,1,-1,1,-1,1,-1,1,-1,1,-1,-1,1,1,-1,1,-1,1,-1,-1,1,-1,1,-1,-1,-1,-1,1,-1,-1,1,1,-1,-1,-1,-1,1,1,-1,1,-1,1,-1,1,-1,1,-1,1,1,-1,1,-1,-1,-1,1,1,-1,1,-1,1,-1,1,-1,1,1,-1,1,-1,1,-1,-1,1,-1,-1,-1,1,-1,1,-1,1,1,-1,1,-1,-1,1,-1,-1,1,-1,1,-1,1,-1,1,-1,1,1,-1,-1,-1,1,-1,1,-1,-1,1,-1,1,1,-1,1,-1,-1,1,1,-1,-1,1,1,-1,1,1,1,1,1,1,-1,1,1,1,-1,-1,-1,1,-1,-1,-1,1,-1,-1,1,-1,1,-1,1,-1,1,-1,-1,-1,1,1,-1,1,1,-1,1,-1,1,-1,1,1,-1,1,-1,1,-1,-1,-1,-1,1,-1,1,-1,-1,-1,-1,1,-1,1,-1,1,1,1,1,-1,1,-1,1,1,-1,1,-1,1,-1,-1,1,-1,1,-1,-1,1,1,1,1,1,-1,1,1,1,1,-1,1,-1,-1,1,1,1,-1,-1,-1,1,1,1,1,-1,-1,-1,1,-1,1,-1,1,1,-1,-1,1,1,1,-1,-1,-1,-1,1,1,1,1,1,-1,-1,1,1,1,1,-1,-1,-1,1,-1,1,-1,1,-1,-1,1,1,1,1,1,-1,-1,1,-1,1,-1,1,-1,-1,1,1,-1,1,1,-1,-1,1,1,1,1,1,-1,1,-1,1,-1,1,1,1,1,-1,1,1,-1,1,-1,1,1,-1,1,1,1,1,-1,1,-1,1,1,1,-1,1,-1,1,-1,1,1,1,-1,1,-1,1,-1,1,1,-1,1,-1,1,-1,1,1,1,1,-1,-1,1,1,1,-1,-1,-1,1,-1,1,1,1,1,1,-1,-1,1,1,1,-1,-1,1,-1,1,1,-1,-1,-1,1,-1,1,-1,1,-1,-1,1,-1,1,1,-1,-1,1,1,-1,1,-1,-1,-1,1,-1,-1,1,1,-1,-1,1,-1,1,1,-1,-1,-1,-1,-1,-1,1,-1,-1,-1,1,1,-1,1,-1,1,-1,1,-1,-1,1,1,-1,-1,1,1,1,1,1,-1,-1,1,-1,1,1,-1,1,-1,-1,1,1,1,1,-1,-1,-1,-1,1,-1,1,-1,1,-1,1,1,1,1,1,-1,-1,1,1,1,1,-1,1,-1,1,1,-1,1,-1,-1,1,1,1,1,-1,1,-1,-1,1,1,1,1,1,-1,-1,1,1,1,-1,1,1,-1,1,1,1,1,1,1,-1,1,1,1,1,1,1,-1,1,1,-1,1,1,-1,-1,1,1,1,1,1,1,-1,1,-1,-1,1,1,1,-1,-1,1,-1,1,1,1,-1,1,1,-1,1,1,1,-1,1,1,-1,1,1,1,-1,-1,1,1,1,1,-1,1,-1,1,1,1,1,-1,1,-1,1,1,1,-1,-1,1,-1,1,1,-1,1,-1,-1,-1,1,-1,1,-1,1,-1,-1,1,-1,1,-1,-1,-1,-1,1,-1,1,-1,1,-1,-1,-1,1,1,-1,1,-1,-1,-1,-1,1,-1,1,1,-1,1,-1,1,1,1,1,-1,-1,1,1,-1,-1,1,1,1,1,-1,-1,1,-1,-1,1,1,-1,-1,1,-1,-1,-1,-1,1,-1,1,-1,1,1,-1,1,-1,-1,-1,1,-1,-1,-1,-1,1,-1,1,1,1,-1,1,1,-1,1,1,-1,-1,-1,1,-1,1,1,1,1,-1,1,-1,1,1,1,-1,1,1,-1,1,1,1,-1,-1,1,-1,1,1,-1,-1,-1,1,-1,-1,1,1,-1,1,1,1,-1,1,-1,1,-1,1,-1,-1,1,-2666.0,1,2000,445,1500,True
1848,1,1,-1,-1,1,-1,-1,-1,1,1,1,-1,1,1,1,1,-1,1,-1,-1,-1,-1,1,1,1,-1,1,-1,1,1,1,1,1,-1,-1,-1,1,1,1,1,-1,-1,-1,1,1,1,1,-1,1,1,1,1,-1,1,-1,-1,1,-1,1,1,1,-1,-1,-1,1,1,1,1,-1,-1,-1,1,1,1,1,-1,-1,-1,1,1,1,-1,-1,-1,1,1,1,1,-1,-1,-1,1,1,1,1,-1,-1,1,1,-1,1,1,-1,-1,1,1,1,1,1,-1,-1,1,1,1,1,1,-1,-1,1,1,1,1,1,1,-1,1,1,1,-1,1,1,-1,1,1,1,1,1,1,-1,-1,1,1,1,1,1,-1,1,1,1,1,1,1,-1,-1,-1,1,1,1,1,-1,1,1,1,1,-1,1,-1,1,-1,1,1,1,-1,-1,1,1,1,1,1,-1,1,-1,-1,1,1,1,-1,1,1,1,1,-1,1,1,1,1,-1,1,-1,1,-1,1,1,-1,1,-1,1,1,-1,1,-1,1,-1,1,-1,1,1,-1,1,-1,1,1,1,1,-1,-1,1,1,-1,-1,1,-1,1,1,-1,1,-1,1,-1,1,-1,1,-1,-1,1,-1,-1,1,-1,1,-1,1,-1,1,1,1,-1,1,1,-1,1,-1,1,-1,1,-1,1,-1,1,1,-1,1,-1,-1,1,-1,1,-1,1,-1,-1,-1,1,1,-1,-1,1,1,-1,1,1,1,-1,1,1,-1,1,1,1,1,-1,1,-1,1,1,-1,1,-1,1,1,1,-1,1,1,1,1,-1,-1,1,-1,-1,-1,1,1,-1,1,1,1,-1,1,1,1,1,1,1,1,1,-1,1,1,1,-1,1,1,-1,1,1,1,-1,1,1,-1,-1,1,1,1,-1,1,-1,1,1,1,-1,1,1,-1,1,1,1,-1,1,1,-1,1,1,1,-1,1,1,-1,-1,1,1,-1,1,1,-1,1,-1,1,-1,1,1,1,-1,1,1,1,-1,1,1,-1,1,1,-1,1,1,1,-1,-1,-1,-1,1,1,1,-1,1,1,-1,1,1,-1,-1,1,1,1,1,1,-1,1,1,1,-1,1,1,1,-1,-1,1,1,1,-1,1,-1,1,-1,1,1,1,1,-1,-1,-1,1,-1,-1,1,1,-1,1,1,1,1,1,1,1,-1,1,-1,-1,1,-1,1,-1,1,1,1,1,1,1,-1,-1,1,-1,1,1,1,-1,1,1,1,-1,1,1,-1,-1,1,-1,1,1,1,-1,1,1,1,1,1,1,-1,1,-1,-1,1,1,-1,1,1,-1,1,1,1,-1,-1,1,-1,1,1,1,-1,-1,1,-1,-1,1,1,-1,-1,1,-1,1,1,1,1,-1,1,-1,-1,1,1,1,-1,1,-1,-1,1,1,-1,-1,1,-1,-1,1,-1,1,-1,-1,1,-1,1,-1,1,-1,1,1,-1,-1,1,1,1,-1,1,-1,1,-1,1,1,1,-1,-1,-1,1,-1,-1,-1,1,1,-1,1,-1,1,1,1,-1,1,1,-1,1,-1,1,-1,-1,1,-1,-1,1,1,1,-1,1,-1,-1,1,1,-1,-1,1,-1,-1,1,1,-1,-1,1,-1,-1,-1,1,1,-1,1,-1,-1,-1,1,-1,-1,1,-1,1,-1,1,1,-1,-1,1,-1,-1,-1,-1,-1,1,1,1,-1,-1,1,-1,-1,1,-1,-1,1,-1,-1,1,1,-1,-1,1,-1,-1,1,1,-1,1,-1,-1,-1,-1,1,1,-1,-1,-1,-1,-1,1,-1,-1,1,-1,-1,-1,1,1,-1,-1,-1,-1,-1,1,-1,-1,-1,-1,-1,-1,1,1,-1,-1,-1,-1,-1,1,1,-1,-1,-1,-1,-1,1,1,1,-1,-1,-1,-1,1,1,-1,-1,-1,-1,1,-1,1,1,-1,-1,1,1,-1,1,1,-1,-1,-1,1,1,1,-1,1,-1,1,-1,1,1,-1,1,-1,-1,1,-1,1,-1,1,-1,-1,1,-1,1,-1,-1,-1,-1,-1,-1,1,-1,1,-1,-1,1,-1,1,-1,1,-1,1,-1,1,1,-1,-1,-1,-1,1,-1,-1,-1,-1,-1,-1,1,-1,1,-1,-1,-1,-1,-1,1,-1,1,-1,-1,-1,1,-1,-1,1,-1,-1,-1,-1,1,1,1,-1,-1,-1,-1,-1,1,-1,-1,-1,1,-1,-1,1,-1,1,-1,-1,-1,-1,-1,-1,-1,1,-1,-1,-1,1,1,1,-1,-1,1,1,-1,-1,-1,-1,1,-1,-1,1,-1,1,-1,-1,-1,-1,1,-1,1,1,-1,1,-1,-1,1,1,-1,-1,-1,-1,-1,-1,1,1,-1,-1,1,-1,1,1,-1,-1,-1,1,-1,1,1,-1,-1,1,-1,-1,1,1,1,-1,1,-1,1,1,1,-1,-1,1,-1,-1,1,1,1,-1,1,-1,-1,1,1,-1,1,1,-1,-1,1,1,-1,1,1,-1,-1,1,1,1,1,1,-1,-1,1,1,1,1,-1,1,-1,1,1,1,-1,1,-1,-1,1,-1,1,1,1,1,-1,-1,1,-1,1,1,1,-1,1,-1,1,1,-1,1,-1,1,1,1,1,1,1,1,-1,-1,1,1,1,-1,1,-1,1,1,1,1,1,-1,1,-1,1,1,-1,1,1,-1,1,1,-1,1,1,-1,-1,1,1,1,1,-1,1,-1,-1,1,1,-1,-1,1,-1,1,1,1,-1,1,-1,-1,-1,1,1,-1,-1,1,-1,-1,1,1,1,-1,1,-1,-1,1,1,1,-1,1,-1,-1,1,1,-1,-1,-1,1,-1,-1,1,-1,1,1,-1,1,1,-1,-1,1,-1,-1,-1,1,1,-1,1,1,-1,1,1,-1,-1,-1,-1,1,-1,-1,-1,-1,-1,-1,-1,1,1,-1,1,1,-1,1,1,1,1,-1,1,-1,1,1,1,1,-1,1,-1,-1,1,1,1,-1,1,-1,1,1,1,1,-1,1,-1,1,1,1,-1,-1,1,-1,-1,1,1,-1,-1,-1,1,-1,1,-1,1,-1,1,-1,-1,1,-2666.0,1,2000,445,1000,False
1849,1,1,-1,-1,1,1,-1,1,1,1,1,-1,-1,1,1,1,-1,1,-1,-1,-1,1,1,1,1,1,-1,-1,1,1,1,1,-1,-1,-1,1,-1,1,1,1,-1,-1,1,1,1,1,1,-1,1,-1,1,1,-1,1,-1,-1,-1,-1,1,1,1,-1,-1,1,1,1,1,1,-1,-1,1,-1,1,1,1,-1,-1,1,-1,1,1,-1,-1,-1,-1,1,1,1,-1,-1,1,-1,-1,1,1,-1,-1,-1,-1,-1,1,1,-1,-1,1,-1,-1,1,1,-1,-1,-1,-1,-1,1,1,-1,-1,1,-1,-1,1,1,1,-1,-1,-1,-1,1,1,1,-1,1,-1,-1,1,1,1,-1,1,-1,-1,-1,1,1,-1,1,-1,-1,-1,1,1,-1,-1,1,-1,-1,1,1,-1,1,1,-1,-1,1,1,-1,1,1,-1,1,1,-1,-1,1,-1,-1,1,1,-1,1,-1,1,-1,1,1,-1,1,1,-1,-1,-1,1,1,1,1,1,-1,-1,1,-1,1,1,1,-1,-1,1,1,-1,1,1,-1,1,1,-1,1,1,1,-1,1,1,1,1,1,1,1,-1,1,-1,-1,1,1,-1,-1,1,1,-1,1,1,-1,-1,1,-1,1,1,1,1,-1,1,1,-1,1,1,-1,1,1,-1,1,1,1,-1,-1,1,-1,1,-1,1,1,1,1,-1,1,-1,1,1,1,1,-1,1,-1,1,1,1,1,-1,-1,1,1,1,1,1,1,-1,1,1,-1,-1,1,1,1,-1,1,1,1,1,-1,1,-1,1,1,1,-1,1,1,1,1,1,1,1,-1,-1,-1,1,-1,1,1,1,1,-1,1,1,1,1,1,1,1,1,1,1,1,1,-1,1,1,1,1,1,1,-1,1,1,1,-1,1,1,1,-1,1,1,1,1,1,-1,1,1,-1,1,1,1,-1,1,1,1,1,1,1,-1,1,1,1,-1,1,1,-1,1,1,1,1,-1,1,-1,1,-1,1,-1,1,1,1,1,-1,1,1,-1,1,-1,1,1,1,-1,-1,-1,-1,1,-1,1,-1,1,1,-1,1,1,-1,-1,1,1,1,1,1,-1,1,1,1,-1,1,1,1,-1,-1,1,1,1,-1,1,-1,1,1,1,1,1,1,-1,-1,-1,1,-1,1,1,1,-1,1,1,1,1,1,1,1,-1,1,-1,-1,1,-1,1,-1,1,1,-1,1,1,1,-1,-1,1,-1,1,1,1,-1,1,1,1,-1,1,1,-1,-1,1,-1,1,1,1,-1,1,1,1,1,1,1,-1,1,-1,1,1,1,-1,-1,1,-1,1,1,1,-1,-1,1,-1,1,1,1,-1,-1,1,-1,-1,1,1,-1,-1,1,-1,1,1,1,1,-1,1,1,-1,1,1,1,-1,-1,1,-1,1,1,-1,-1,1,-1,-1,1,-1,1,-1,-1,1,-1,1,-1,1,1,-1,1,-1,-1,1,1,1,-1,1,-1,1,-1,-1,-1,1,-1,1,1,-1,-1,1,1,1,-1,1,-1,1,-1,1,1,1,-1,-1,-1,-1,-1,1,1,1,-1,-1,-1,1,1,-1,1,-1,-1,-1,1,1,1,1,-1,-1,1,1,1,-1,1,-1,-1,-1,-1,1,1,1,-1,1,-1,-1,1,-1,1,-1,-1,1,1,1,-1,1,1,-1,-1,-1,-1,-1,1,1,-1,1,-1,-1,-1,1,1,-1,-1,-1,1,1,1,-1,-1,-1,-1,1,1,1,-1,1,-1,1,-1,1,1,1,-1,-1,-1,-1,-1,1,-1,1,-1,-1,1,-1,1,1,-1,1,-1,-1,1,1,1,-1,1,-1,-1,-1,1,1,-1,1,-1,-1,-1,1,1,-1,1,-1,-1,-1,1,1,-1,-1,1,-1,-1,1,1,-1,-1,-1,-1,-1,1,1,1,-1,1,-1,-1,1,-1,1,-1,1,-1,-1,1,-1,-1,1,1,1,-1,1,1,-1,1,-1,1,-1,1,-1,-1,1,-1,1,-1,1,1,-1,1,-1,-1,-1,-1,1,-1,1,-1,1,-1,-1,1,-1,1,-1,1,-1,-1,-1,1,1,-1,-1,-1,-1,1,-1,-1,-1,-1,-1,-1,-1,-1,1,-1,-1,-1,-1,1,1,-1,1,-1,-1,-1,1,-1,-1,1,-1,-1,-1,-1,-1,1,1,-1,-1,-1,-1,-1,1,-1,-1,-1,1,-1,-1,1,-1,1,-1,-1,-1,-1,-1,-1,-1,1,-1,-1,-1,1,1,1,-1,-1,-1,1,-1,-1,-1,-1,-1,-1,-1,1,1,1,-1,-1,-1,-1,1,-1,1,1,-1,1,-1,-1,1,1,-1,-1,-1,-1,-1,-1,1,1,-1,-1,1,-1,1,1,-1,-1,-1,1,-1,-1,1,-1,-1,1,-1,-1,1,1,1,-1,1,-1,1,1,1,-1,-1,1,-1,-1,1,1,1,-1,1,-1,-1,1,1,-1,1,1,-1,-1,1,1,-1,1,1,-1,-1,1,1,-1,1,1,-1,-1,1,1,1,1,1,1,-1,-1,1,1,1,1,-1,-1,1,-1,1,1,1,1,-1,-1,1,-1,1,1,1,-1,1,1,1,1,-1,1,-1,1,1,1,1,1,1,1,-1,1,1,1,1,-1,1,-1,1,1,1,1,1,-1,1,1,1,1,-1,1,1,-1,1,1,-1,1,1,-1,-1,1,1,1,1,-1,1,-1,1,1,1,-1,-1,1,-1,1,1,1,-1,1,-1,-1,-1,1,1,-1,-1,1,-1,-1,1,1,-1,-1,1,-1,-1,1,1,1,-1,1,-1,-1,1,1,-1,-1,-1,1,-1,1,1,-1,1,1,-1,1,1,-1,-1,1,-1,-1,-1,1,1,-1,1,1,-1,1,1,-1,-1,-1,-1,1,-1,-1,-1,-1,1,-1,-1,1,1,-1,1,1,-1,1,1,1,1,-1,1,-1,1,1,1,-1,-1,1,-1,-1,-1,1,-1,-1,1,-1,1,1,1,-1,-1,1,-1,1,1,1,1,-1,1,-1,-1,1,1,1,-1,-1,1,-1,1,1,1,-1,1,-1,-1,1,-2666.0,1,2000,445,1000,False
1850,1,1,-1,-1,1,1,-1,-1,1,1,1,-1,1,1,1,1,-1,1,-1,-1,-1,1,1,1,1,-1,1,-1,1,1,1,1,1,-1,-1,-1,1,1,1,-1,-1,-1,1,1,1,1,1,-1,1,1,1,1,-1,1,-1,-1,1,-1,1,1,1,-1,-1,1,1,1,1,1,-1,-1,1,1,1,1,1,-1,-1,-1,1,1,1,-1,-1,-1,1,1,1,1,-1,-1,1,1,1,1,1,-1,-1,-1,1,-1,1,1,-1,-1,1,1,1,1,1,-1,-1,-1,1,1,1,1,-1,-1,1,1,1,1,1,1,-1,-1,1,1,-1,1,1,-1,1,1,1,1,1,1,-1,1,1,1,1,1,1,-1,1,1,1,1,1,1,-1,-1,-1,1,1,1,1,-1,1,-1,1,1,-1,1,-1,1,-1,1,1,1,-1,-1,1,1,1,1,1,-1,1,-1,-1,1,1,1,-1,1,1,1,1,-1,1,1,1,1,-1,1,-1,1,-1,1,1,-1,1,-1,1,1,-1,1,-1,1,-1,1,-1,1,1,-1,1,-1,1,1,1,1,-1,-1,1,1,-1,-1,1,-1,1,-1,-1,1,-1,1,-1,1,-1,1,-1,-1,1,-1,-1,-1,1,1,-1,1,-1,1,1,1,-1,1,1,-1,-1,-1,1,-1,1,-1,1,-1,1,1,-1,1,-1,-1,-1,1,1,-1,1,-1,-1,-1,1,1,-1,-1,1,1,-1,-1,1,1,-1,1,1,-1,1,1,1,1,-1,1,-1,1,1,-1,1,-1,1,1,-1,1,1,1,1,1,-1,-1,1,-1,-1,1,1,1,-1,1,1,1,-1,1,-1,-1,1,1,1,-1,1,-1,1,1,1,-1,1,1,-1,1,1,1,-1,1,1,-1,-1,1,1,1,-1,1,-1,1,1,1,-1,1,1,-1,1,1,1,-1,1,-1,-1,1,1,1,-1,1,-1,-1,-1,1,1,-1,1,-1,-1,1,-1,1,-1,1,1,-1,-1,1,1,1,1,1,-1,-1,1,1,-1,1,-1,-1,-1,-1,-1,-1,1,1,-1,-1,1,1,-1,1,-1,-1,-1,1,1,1,1,1,-1,1,1,1,-1,1,-1,-1,-1,-1,1,1,1,1,-1,-1,1,1,1,1,-1,-1,1,-1,-1,1,-1,1,-1,-1,1,-1,1,1,-1,-1,1,1,-1,1,-1,1,-1,-1,1,-1,1,1,-1,-1,-1,1,-1,-1,1,1,-1,-1,1,-1,1,1,-1,1,-1,1,-1,-1,1,1,-1,-1,1,-1,1,1,-1,-1,1,1,-1,1,-1,1,-1,1,-1,-1,1,-1,1,-1,1,-1,-1,1,-1,-1,-1,1,-1,-1,1,-1,1,-1,1,-1,-1,1,-1,-1,1,-1,1,-1,1,-1,1,-1,1,1,-1,-1,-1,1,-1,1,-1,-1,1,-1,1,1,1,1,-1,-1,1,1,-1,1,1,1,-1,1,1,1,-1,1,1,-1,1,1,1,1,1,-1,1,-1,-1,-1,1,-1,-1,1,-1,-1,1,1,-1,1,-1,-1,-1,1,1,-1,1,1,-1,1,-1,1,-1,1,1,-1,-1,-1,1,-1,-1,-1,-1,1,-1,1,-1,-1,-1,-1,-1,-1,1,-1,1,1,1,1,-1,1,-1,1,1,-1,-1,-1,1,-1,-1,1,-1,1,-1,-1,1,1,1,1,-1,-1,1,1,1,1,-1,1,-1,-1,1,1,1,-1,-1,-1,1,1,1,1,-1,-1,-1,1,-1,1,-1,1,1,-1,-1,1,1,1,-1,-1,-1,1,1,1,1,1,-1,-1,-1,1,1,1,1,-1,-1,-1,1,1,1,-1,-1,-1,1,1,1,1,1,-1,-1,-1,1,1,1,1,-1,-1,-1,1,1,-1,1,-1,-1,-1,1,1,1,1,-1,-1,1,1,1,1,-1,-1,1,1,-1,1,1,-1,-1,-1,1,1,1,1,1,-1,1,1,1,1,1,-1,-1,-1,1,-1,1,-1,-1,-1,-1,1,-1,1,1,-1,-1,-1,1,-1,1,1,-1,-1,-1,1,1,1,1,-1,-1,1,-1,-1,1,1,-1,-1,-1,1,1,-1,-1,-1,-1,-1,1,-1,1,-1,-1,-1,-1,-1,-1,-1,1,-1,-1,-1,1,-1,-1,1,-1,-1,-1,-1,-1,-1,1,-1,-1,-1,-1,-1,1,-1,-1,-1,1,-1,-1,1,-1,1,-1,-1,-1,-1,-1,-1,-1,1,-1,-1,-1,1,1,-1,-1,-1,1,-1,-1,-1,-1,-1,1,-1,-1,1,1,1,-1,-1,-1,-1,1,-1,1,1,-1,1,-1,-1,1,1,-1,-1,-1,-1,-1,-1,1,1,-1,-1,1,-1,1,1,-1,-1,-1,1,-1,1,1,-1,-1,1,-1,-1,1,1,1,-1,1,-1,1,1,1,-1,-1,1,-1,-1,1,1,1,-1,1,-1,-1,1,1,-1,1,1,-1,-1,1,1,1,1,1,-1,-1,1,1,-1,1,1,-1,-1,1,1,1,1,-1,1,-1,-1,1,1,1,1,-1,-1,1,-1,1,1,1,1,-1,-1,1,-1,1,1,1,-1,1,1,1,1,-1,1,-1,1,1,1,1,1,1,1,-1,1,1,1,1,-1,1,-1,1,1,1,1,1,-1,1,1,1,1,-1,1,1,-1,1,1,-1,1,1,-1,-1,1,1,1,1,-1,1,-1,1,1,1,-1,-1,1,-1,1,1,1,-1,1,-1,-1,-1,1,1,-1,-1,1,-1,-1,1,1,-1,-1,1,-1,-1,-1,1,1,-1,1,-1,-1,1,1,-1,-1,-1,1,-1,-1,1,-1,1,1,-1,1,1,-1,-1,1,-1,-1,-1,1,1,-1,1,1,-1,1,1,-1,-1,-1,-1,1,-1,-1,-1,-1,1,-1,-1,1,1,-1,1,1,-1,1,1,1,1,-1,1,-1,1,1,1,-1,-1,1,-1,-1,1,1,-1,-1,1,-1,1,1,1,-1,-1,1,-1,1,1,1,1,-1,1,-1,-1,1,1,1,-1,-1,1,-1,1,1,1,-1,1,-1,-1,1,-2666.0,1,2000,445,1000,False
1851,-1,-1,1,1,1,1,-1,1,-1,-1,-1,1,-1,1,-1,-1,1,-1,1,1,-1,-1,-1,-1,-1,1,-1,-1,-1,-1,-1,-1,1,1,-1,-1,1,-1,-1,-1,1,-1,-1,-1,-1,-1,-1,-1,1,1,-1,-1,1,-1,1,-1,-1,1,-1,-1,-1,1,1,1,-1,-1,-1,-1,-1,-1,-1,1,-1,-1,-1,-1,-1,-1,1,-1,-1,1,1,-1,1,-1,-1,1,-1,1,-1,-1,1,-1,-1,-1,-1,1,1,1,-1,-1,-1,-1,1,1,1,-1,-1,-1,-1,1,1,1,-1,-1,-1,-1,1,1,1,-1,-1,-1,-1,1,1,1,-1,-1,-1,-1,1,1,1,-1,-1,-1,-1,-1,1,1,-1,-1,1,-1,1,1,1,1,1,-1,-1,-1,-1,1,1,-1,-1,-1,1,1,1,1,-1,1,-1,1,-1,1,1,1,-1,-1,1,1,1,-1,-1,-1,1,-1,-1,1,-1,1,-1,1,1,1,1,1,1,-1,1,1,-1,1,-1,1,-1,1,1,-1,1,-1,1,-1,-1,1,-1,1,-1,1,-1,1,1,-1,1,-1,1,-1,-1,1,-1,-1,1,1,-1,-1,1,-1,1,1,-1,1,-1,1,-1,1,-1,1,-1,1,1,-1,1,1,1,-1,-1,1,-1,1,1,1,-1,1,1,-1,1,-1,1,-1,1,-1,1,-1,1,1,-1,1,-1,-1,1,1,1,-1,1,-1,-1,-1,-1,1,1,-1,1,1,-1,-1,1,-1,-1,1,1,-1,1,1,1,-1,-1,1,-1,1,1,-1,1,-1,1,1,-1,1,-1,-1,-1,1,-1,-1,1,-1,1,-1,1,1,-1,1,1,1,-1,1,-1,-1,1,1,-1,-1,1,-1,1,1,-1,1,-1,1,-1,1,1,1,-1,1,1,-1,1,-1,1,-1,1,1,-1,1,1,1,1,1,1,-1,1,1,1,1,1,-1,-1,1,1,1,1,1,-1,-1,1,1,1,1,1,-1,-1,-1,-1,1,-1,1,1,-1,1,1,1,1,1,1,-1,-1,-1,1,1,-1,-1,-1,1,-1,-1,-1,1,-1,-1,1,-1,1,-1,1,-1,1,-1,1,1,1,1,-1,1,-1,1,1,-1,1,-1,-1,-1,-1,1,1,1,1,-1,-1,1,-1,1,1,-1,-1,1,-1,-1,1,-1,1,-1,1,-1,1,-1,1,-1,-1,1,1,-1,1,-1,1,-1,-1,1,-1,1,-1,-1,-1,-1,1,-1,-1,1,1,-1,-1,1,-1,1,1,-1,1,-1,1,-1,1,-1,1,-1,1,1,-1,1,-1,-1,-1,1,1,-1,1,-1,1,-1,1,-1,1,1,-1,1,-1,1,-1,-1,1,-1,-1,-1,1,-1,1,-1,1,1,-1,1,-1,-1,1,-1,-1,1,-1,1,-1,1,-1,1,-1,1,1,-1,1,-1,1,-1,1,-1,-1,1,-1,1,1,-1,1,-1,-1,1,1,-1,-1,1,-1,-1,1,1,1,1,1,1,-1,1,1,1,-1,-1,-1,1,-1,-1,-1,1,-1,1,1,-1,1,-1,1,-1,1,-1,-1,-1,1,1,-1,1,1,-1,1,-1,1,-1,1,1,-1,1,-1,1,-1,-1,-1,-1,1,-1,1,-1,-1,-1,-1,1,-1,1,-1,1,1,1,-1,-1,1,-1,1,1,-1,1,-1,1,-1,-1,1,-1,1,-1,-1,1,1,1,1,1,-1,1,1,1,1,-1,1,-1,-1,1,1,1,-1,-1,-1,-1,1,1,1,-1,-1,-1,1,-1,1,-1,1,1,-1,-1,1,1,1,-1,-1,-1,-1,1,1,1,1,1,-1,-1,1,1,1,1,-1,-1,-1,1,-1,1,-1,1,-1,-1,1,1,1,1,1,-1,-1,1,-1,1,1,1,-1,-1,1,1,-1,1,1,-1,-1,1,1,1,1,1,-1,1,-1,1,-1,1,1,1,1,-1,1,1,-1,1,-1,1,1,-1,1,1,1,1,-1,1,-1,1,1,1,-1,1,-1,1,-1,1,1,1,-1,1,-1,1,-1,1,1,1,-1,-1,1,-1,1,1,1,1,-1,-1,1,1,1,1,-1,-1,1,-1,1,1,1,1,1,-1,-1,1,1,1,-1,1,-1,-1,1,1,-1,-1,-1,1,-1,1,1,1,-1,-1,1,-1,1,1,-1,-1,1,1,-1,1,1,-1,-1,1,-1,-1,1,-1,-1,-1,1,-1,1,1,-1,-1,-1,-1,-1,-1,1,1,-1,-1,1,1,1,1,1,1,-1,1,-1,-1,1,1,-1,-1,1,1,1,1,-1,-1,-1,1,-1,1,1,1,1,-1,-1,1,1,1,1,-1,-1,-1,-1,1,-1,1,-1,1,-1,1,1,1,1,1,-1,-1,-1,1,1,1,-1,1,-1,1,1,-1,1,-1,-1,1,1,1,1,-1,1,-1,-1,1,1,1,1,1,-1,-1,1,1,1,-1,1,1,-1,1,1,1,1,1,1,-1,1,1,1,1,1,1,-1,1,1,-1,1,1,-1,-1,1,1,-1,1,1,1,-1,1,-1,1,1,1,1,-1,-1,1,-1,1,1,1,-1,1,1,-1,1,1,1,-1,1,1,-1,1,1,1,-1,-1,-1,1,1,1,-1,1,-1,1,1,1,1,-1,1,-1,1,1,1,-1,-1,1,-1,-1,1,-1,1,-1,-1,-1,1,-1,1,-1,1,-1,-1,1,-1,1,-1,-1,-1,-1,1,-1,1,-1,1,-1,-1,-1,1,1,-1,1,-1,-1,-1,-1,1,-1,1,1,-1,1,-1,1,1,1,1,-1,-1,1,1,-1,-1,1,1,1,1,1,-1,1,-1,-1,1,1,-1,-1,1,-1,-1,-1,-1,1,-1,1,-1,1,1,1,-1,-1,-1,-1,-1,-1,-1,-1,-1,1,-1,1,1,1,-1,1,1,-1,1,1,1,1,-1,1,-1,1,1,1,1,-1,1,-1,1,1,1,1,-1,1,-1,1,1,1,1,-1,1,-1,1,1,1,-1,-1,1,-1,-1,1,1,-1,-1,-1,1,-1,1,-1,1,-1,1,-1,-1,1,-2666.0,1,2000,445,1500,True
1852,1,1,-1,-1,1,1,-1,-1,1,1,1,-1,-1,1,1,1,-1,1,-1,-1,-1,1,1,1,1,-1,-1,-1,1,1,1,1,1,-1,-1,1,1,1,1,1,-1,-1,1,1,1,1,1,-1,1,1,1,1,-1,1,-1,-1,1,-1,1,1,1,-1,-1,1,1,1,1,1,-1,-1,1,1,1,1,1,-1,-1,-1,1,1,1,-1,-1,-1,1,1,1,1,-1,-1,-1,1,1,1,1,-1,-1,1,1,-1,1,1,-1,-1,1,1,1,1,1,-1,-1,-1,1,-1,1,1,-1,-1,1,1,1,1,1,1,-1,-1,1,1,-1,1,1,-1,1,1,1,1,1,1,-1,1,1,1,1,1,1,-1,1,1,1,1,1,1,-1,-1,-1,1,1,1,1,-1,1,1,1,1,-1,1,-1,1,-1,1,1,1,-1,-1,1,1,1,1,1,-1,1,-1,-1,1,1,1,-1,1,1,1,1,-1,1,1,1,1,-1,1,-1,1,-1,1,1,-1,1,-1,1,1,-1,1,-1,1,-1,1,-1,1,1,-1,1,-1,1,1,1,1,-1,-1,1,1,-1,-1,1,-1,1,-1,1,1,-1,1,-1,1,-1,1,-1,-1,1,-1,-1,-1,1,1,-1,1,-1,1,1,1,-1,1,1,-1,-1,-1,1,-1,1,-1,1,-1,1,1,-1,1,-1,-1,-1,1,1,-1,1,-1,-1,-1,1,1,-1,-1,1,1,-1,-1,1,1,-1,1,1,-1,1,1,1,1,-1,1,-1,1,1,-1,1,-1,1,1,1,1,1,1,1,1,-1,-1,1,-1,-1,1,1,1,-1,1,1,1,-1,1,1,1,1,1,1,1,1,-1,1,1,1,-1,1,1,-1,1,1,1,-1,1,1,-1,-1,1,1,1,-1,1,-1,1,1,1,-1,1,1,-1,1,1,1,-1,1,1,-1,1,1,1,-1,1,1,-1,-1,1,1,-1,1,1,-1,1,-1,1,-1,1,1,1,-1,1,1,1,-1,1,1,-1,1,1,-1,1,-1,1,-1,-1,-1,-1,1,1,1,-1,1,1,-1,1,1,-1,-1,1,1,1,1,1,-1,1,1,1,-1,1,1,1,1,-1,1,1,1,-1,1,-1,1,1,1,1,1,1,-1,-1,-1,1,-1,-1,1,1,-1,1,1,1,1,1,1,1,-1,1,-1,-1,1,-1,1,-1,1,1,1,1,1,1,-1,-1,1,-1,1,1,1,-1,1,1,1,-1,1,1,-1,-1,1,-1,1,1,1,-1,1,1,1,1,1,1,-1,1,-1,-1,1,1,-1,-1,1,-1,1,1,1,-1,-1,1,-1,1,1,1,-1,-1,1,-1,-1,1,1,-1,-1,1,-1,1,1,1,1,-1,1,1,-1,1,1,1,-1,-1,1,-1,1,1,-1,-1,1,-1,-1,1,-1,1,-1,-1,1,-1,1,-1,1,1,-1,1,-1,-1,1,1,1,-1,1,-1,1,-1,-1,-1,1,-1,-1,-1,1,-1,-1,-1,1,-1,1,1,-1,1,1,1,-1,1,1,-1,1,-1,1,1,-1,1,-1,-1,1,1,-1,-1,1,-1,-1,1,1,-1,-1,1,-1,-1,1,1,-1,-1,1,-1,-1,-1,1,1,-1,1,-1,-1,-1,1,-1,-1,1,-1,1,-1,1,-1,-1,-1,1,-1,-1,-1,-1,-1,1,1,1,-1,-1,1,-1,-1,1,-1,-1,1,-1,-1,1,1,-1,-1,1,1,-1,1,1,-1,1,-1,1,-1,-1,1,1,-1,-1,-1,-1,1,1,-1,-1,1,-1,-1,-1,1,1,-1,-1,-1,-1,-1,1,-1,-1,-1,-1,-1,1,1,1,-1,-1,-1,-1,-1,1,1,-1,-1,-1,-1,-1,1,1,1,-1,-1,-1,-1,1,1,-1,-1,-1,-1,1,1,1,1,-1,-1,1,1,1,1,1,-1,-1,-1,1,1,1,1,1,-1,1,1,1,1,-1,1,-1,-1,1,-1,1,-1,1,-1,-1,1,-1,1,-1,-1,-1,-1,1,-1,1,-1,1,-1,-1,1,-1,1,-1,1,-1,1,-1,-1,1,-1,-1,-1,-1,1,1,-1,-1,-1,-1,-1,1,-1,1,-1,-1,-1,-1,-1,-1,-1,1,-1,-1,-1,1,-1,-1,1,-1,-1,-1,-1,-1,1,1,-1,-1,-1,-1,-1,1,-1,-1,-1,1,-1,-1,1,-1,1,-1,-1,-1,-1,-1,-1,-1,1,-1,-1,-1,1,1,-1,-1,-1,-1,1,-1,-1,-1,-1,1,-1,-1,1,1,1,-1,-1,-1,-1,1,-1,1,1,-1,1,-1,-1,1,1,-1,-1,-1,-1,-1,-1,1,1,-1,-1,1,-1,1,1,-1,-1,-1,1,-1,1,1,-1,-1,1,-1,-1,1,1,1,-1,1,-1,1,1,1,-1,-1,1,-1,-1,1,1,1,-1,1,-1,-1,1,1,-1,1,1,-1,-1,1,1,1,1,1,-1,-1,1,1,1,1,1,-1,-1,1,1,1,1,-1,1,-1,-1,1,1,-1,1,-1,-1,1,-1,1,1,1,1,-1,-1,1,-1,1,1,1,-1,1,1,1,1,-1,1,-1,1,1,1,1,1,1,1,-1,1,1,1,1,-1,1,-1,1,1,1,1,1,-1,1,1,1,1,-1,1,1,-1,1,1,-1,1,1,-1,-1,1,1,1,1,-1,1,-1,1,1,1,-1,-1,1,-1,1,1,1,-1,1,-1,-1,-1,1,1,-1,-1,1,-1,-1,1,1,-1,-1,1,-1,-1,1,1,1,-1,1,-1,-1,1,1,-1,-1,-1,1,-1,1,1,-1,1,1,-1,1,1,-1,-1,1,1,-1,-1,1,1,-1,1,1,-1,1,1,-1,-1,-1,-1,1,-1,-1,-1,-1,1,-1,-1,1,1,-1,1,1,-1,1,1,1,1,-1,1,-1,1,1,1,-1,-1,1,-1,-1,-1,1,-1,-1,1,-1,1,1,1,-1,-1,1,-1,1,1,1,1,-1,1,-1,-1,1,1,-1,-1,-1,1,-1,1,-1,1,-1,1,-1,-1,1,-2666.0,1,2000,445,0,False
1853,-1,-1,1,1,1,1,-1,1,-1,-1,-1,-1,-1,1,-1,-1,1,-1,1,-1,-1,-1,-1,-1,-1,1,-1,-1,-1,-1,-1,-1,1,-1,-1,-1,1,-1,-1,1,-1,-1,-1,-1,-1,-1,-1,-1,1,1,-1,-1,1,1,-1,-1,-1,1,-1,-1,1,-1,-1,1,-1,-1,-1,-1,-1,-1,-1,1,-1,-1,1,-1,-1,-1,1,-1,-1,-1,-1,-1,1,-1,-1,1,-1,-1,-1,-1,1,-1,1,-1,-1,1,1,1,-1,1,-1,-1,1,1,1,-1,1,-1,-1,-1,1,1,-1,1,-1,-1,1,1,1,-1,1,1,-1,-1,1,1,-1,1,1,-1,1,1,1,-1,1,1,-1,1,1,1,-1,1,1,-1,1,1,1,1,1,1,-1,-1,-1,1,1,1,1,-1,1,1,1,-1,1,1,-1,1,-1,1,1,1,-1,-1,1,1,1,-1,1,-1,1,-1,-1,1,1,1,-1,1,1,1,1,-1,1,1,1,1,-1,1,-1,1,-1,1,1,-1,1,-1,1,1,-1,1,-1,1,-1,1,-1,1,1,-1,-1,-1,1,1,1,1,-1,-1,1,1,-1,-1,1,-1,1,1,-1,1,-1,1,-1,1,-1,1,-1,1,1,-1,-1,1,1,1,-1,1,-1,1,1,1,-1,1,1,-1,1,-1,1,-1,1,-1,1,-1,1,1,-1,1,-1,-1,1,1,1,-1,1,-1,-1,-1,-1,1,-1,-1,1,1,-1,-1,1,1,-1,1,1,-1,1,1,1,-1,-1,1,-1,1,1,-1,1,-1,1,1,-1,1,1,-1,-1,1,-1,-1,1,-1,1,-1,1,1,-1,1,1,1,-1,1,-1,-1,1,1,-1,-1,1,-1,1,1,1,1,-1,1,-1,1,1,1,-1,1,1,-1,1,-1,1,-1,1,1,-1,1,1,1,1,1,1,-1,1,1,1,1,1,-1,-1,1,1,1,1,1,-1,-1,1,1,1,1,1,-1,-1,-1,-1,1,-1,1,1,-1,1,1,1,1,1,1,-1,-1,-1,1,1,-1,-1,-1,1,-1,-1,-1,1,-1,-1,1,-1,1,-1,1,-1,1,-1,1,1,1,1,-1,1,-1,1,1,-1,1,-1,-1,-1,-1,1,1,1,1,-1,-1,1,-1,1,1,-1,-1,1,-1,-1,1,-1,1,-1,1,-1,1,-1,1,-1,-1,1,1,-1,1,-1,1,-1,-1,1,-1,1,-1,-1,-1,-1,1,-1,-1,1,1,-1,-1,1,-1,1,1,-1,1,-1,1,-1,1,-1,1,-1,1,1,-1,1,-1,-1,-1,1,1,-1,1,-1,1,-1,1,-1,1,1,-1,1,-1,1,-1,-1,1,-1,-1,-1,1,-1,1,-1,-1,1,-1,1,-1,-1,1,-1,-1,1,-1,1,-1,1,-1,1,-1,1,1,-1,1,-1,1,-1,1,-1,-1,1,-1,1,1,1,1,-1,-1,1,1,-1,1,1,-1,-1,1,1,1,-1,1,1,-1,1,1,1,1,-1,-1,1,-1,-1,-1,1,-1,1,1,1,1,-1,1,-1,1,-1,-1,-1,1,1,-1,1,1,-1,1,-1,1,-1,1,1,-1,1,-1,1,-1,-1,-1,-1,1,-1,1,-1,-1,-1,-1,1,-1,1,-1,1,1,1,-1,-1,1,-1,1,1,-1,1,-1,1,-1,-1,1,-1,1,-1,-1,1,1,1,1,1,-1,1,1,1,1,-1,1,-1,-1,1,1,1,-1,-1,-1,1,1,1,1,-1,-1,-1,1,-1,1,-1,1,1,-1,-1,1,1,1,-1,-1,-1,-1,1,1,1,1,1,-1,-1,1,1,1,1,-1,-1,-1,1,-1,1,-1,1,-1,-1,1,1,1,1,1,-1,-1,1,-1,1,1,1,-1,-1,1,1,-1,1,1,-1,-1,1,1,1,1,1,-1,1,-1,1,-1,1,1,1,1,-1,1,1,-1,1,-1,1,1,-1,1,1,1,1,-1,1,-1,1,-1,1,-1,1,-1,1,-1,-1,1,1,-1,1,-1,1,-1,1,1,-1,1,-1,1,-1,1,1,1,1,-1,1,-1,1,1,-1,-1,-1,-1,-1,1,1,1,1,1,-1,-1,1,1,1,-1,1,-1,-1,1,1,-1,-1,-1,1,-1,1,-1,1,-1,-1,1,-1,1,1,-1,-1,1,1,-1,1,-1,-1,-1,1,-1,-1,1,-1,-1,-1,1,-1,1,1,-1,-1,-1,-1,-1,-1,1,-1,-1,-1,1,1,-1,1,-1,1,-1,1,-1,-1,1,-1,-1,-1,1,-1,1,1,-1,-1,-1,1,-1,1,1,-1,1,-1,-1,1,1,1,-1,-1,-1,-1,-1,1,-1,-1,-1,1,-1,1,1,-1,-1,-1,1,-1,1,1,1,-1,1,-1,-1,1,1,1,-1,1,-1,1,1,1,-1,-1,1,-1,-1,1,1,1,-1,1,-1,-1,1,1,1,1,1,-1,-1,1,1,-1,1,1,-1,-1,1,1,1,1,1,-1,-1,1,1,1,1,1,1,-1,1,1,-1,1,1,-1,-1,1,-1,1,1,1,1,-1,-1,1,-1,1,1,1,-1,1,1,1,1,-1,1,-1,1,1,1,1,1,1,-1,-1,-1,1,1,1,-1,1,-1,1,1,1,1,-1,1,-1,1,1,1,-1,-1,1,-1,1,1,-1,1,-1,-1,-1,1,1,1,-1,1,-1,-1,1,1,1,-1,-1,-1,-1,1,1,1,-1,1,-1,-1,-1,1,1,-1,1,-1,-1,-1,1,1,-1,1,-1,-1,1,1,1,1,1,1,-1,-1,1,1,-1,-1,1,1,1,1,1,-1,1,-1,-1,1,1,-1,-1,1,-1,-1,-1,1,1,-1,1,1,1,1,1,-1,-1,-1,-1,-1,-1,-1,-1,-1,1,-1,1,1,1,-1,1,1,-1,1,1,1,1,-1,1,-1,1,1,1,-1,-1,1,-1,1,1,1,-1,-1,1,-1,1,1,1,-1,-1,1,-1,1,1,1,1,-1,1,-1,-1,1,1,-1,-1,-1,1,-1,1,-1,1,-1,1,-1,-1,1,-2666.0,1,2000,445,1500,True
1854,1,1,-1,-1,1,-1,-1,-1,1,1,1,-1,1,1,1,1,-1,1,-1,-1,1,-1,1,1,1,-1,-1,-1,1,1,1,1,-1,-1,-1,-1,1,1,1,1,-1,-1,-1,1,1,1,1,-1,1,1,1,1,-1,1,-1,-1,1,-1,1,1,1,-1,-1,-1,1,1,1,1,-1,-1,-1,1,1,1,1,-1,-1,-1,1,1,1,-1,-1,-1,1,1,1,1,-1,1,-1,1,1,1,1,-1,-1,1,1,-1,1,1,-1,-1,1,1,1,1,1,-1,-1,1,1,1,1,1,-1,-1,1,1,1,1,1,1,-1,1,1,1,-1,1,1,-1,1,1,1,1,1,1,-1,-1,1,1,1,1,1,-1,1,1,1,1,1,1,-1,-1,-1,1,1,1,1,-1,1,1,1,1,-1,1,-1,1,-1,1,1,1,-1,-1,1,1,1,1,1,-1,1,-1,-1,1,-1,1,-1,1,1,1,1,1,1,1,1,1,1,1,-1,1,-1,1,1,-1,1,-1,1,1,-1,1,-1,1,-1,1,-1,1,1,-1,1,-1,1,1,1,1,-1,-1,1,1,-1,-1,1,-1,1,-1,1,1,-1,1,-1,1,-1,1,-1,1,1,-1,-1,-1,1,1,-1,1,-1,1,1,1,-1,1,1,-1,1,-1,1,-1,1,-1,1,-1,1,1,-1,1,-1,-1,-1,1,1,-1,1,-1,-1,-1,1,1,-1,-1,1,1,-1,-1,1,1,-1,1,1,-1,1,1,1,1,-1,1,-1,1,1,-1,1,-1,1,1,1,1,1,1,1,1,-1,-1,1,-1,-1,1,1,1,-1,1,1,1,-1,1,-1,1,1,1,1,1,1,-1,1,1,1,-1,-1,1,-1,1,1,1,-1,1,1,-1,-1,1,1,1,-1,1,-1,1,1,1,-1,1,1,-1,1,1,1,-1,1,-1,-1,1,1,1,-1,1,-1,-1,-1,1,1,-1,1,-1,-1,1,-1,1,-1,1,1,-1,-1,1,1,1,1,1,-1,-1,1,1,-1,1,-1,-1,-1,-1,-1,-1,1,-1,-1,-1,1,1,-1,1,-1,1,-1,1,1,1,1,-1,-1,1,1,1,-1,1,-1,-1,-1,-1,1,1,1,1,-1,-1,1,1,1,1,-1,-1,-1,-1,-1,1,-1,1,-1,1,-1,1,1,1,-1,-1,1,1,-1,1,-1,1,-1,-1,1,-1,1,1,-1,-1,-1,1,-1,-1,1,1,-1,-1,1,-1,1,1,-1,1,-1,1,-1,-1,1,1,-1,1,1,-1,1,1,-1,-1,1,1,-1,1,-1,1,-1,1,1,-1,1,-1,1,-1,1,-1,-1,1,-1,-1,-1,1,-1,-1,1,-1,1,-1,1,-1,-1,1,-1,-1,1,-1,1,-1,1,1,1,-1,1,1,-1,-1,1,1,-1,1,-1,-1,1,-1,1,1,-1,1,-1,-1,1,1,-1,-1,1,-1,-1,1,1,1,1,1,1,-1,1,1,1,-1,-1,1,1,-1,-1,-1,1,-1,1,1,1,1,-1,1,-1,1,-1,-1,-1,1,1,-1,1,1,-1,-1,-1,1,-1,1,1,-1,1,-1,1,-1,-1,-1,-1,-1,-1,1,-1,-1,-1,-1,-1,-1,1,-1,1,1,1,1,-1,1,-1,1,1,-1,-1,-1,1,-1,-1,1,-1,1,-1,-1,1,1,1,1,-1,-1,1,1,1,1,-1,1,-1,-1,1,1,1,-1,-1,-1,1,1,1,1,-1,-1,-1,1,-1,1,-1,1,-1,-1,-1,1,1,1,-1,-1,-1,1,1,1,1,1,-1,-1,-1,1,1,1,1,-1,-1,-1,1,-1,1,-1,-1,-1,1,1,1,1,1,-1,-1,-1,1,1,1,-1,-1,-1,-1,1,1,-1,1,-1,-1,-1,1,1,1,1,-1,-1,1,1,1,1,1,-1,1,1,1,1,1,-1,-1,-1,1,1,1,1,1,-1,1,1,1,1,1,1,-1,-1,1,-1,1,-1,1,-1,-1,1,-1,1,1,-1,-1,-1,1,-1,1,1,-1,-1,-1,1,-1,1,-1,1,-1,-1,1,-1,1,-1,-1,-1,-1,1,1,-1,-1,-1,-1,-1,1,-1,1,-1,-1,-1,-1,-1,-1,-1,1,-1,-1,-1,1,-1,-1,1,-1,-1,-1,-1,-1,1,1,-1,-1,-1,-1,-1,1,-1,-1,-1,1,-1,-1,1,-1,1,-1,-1,-1,-1,-1,-1,-1,1,-1,-1,-1,1,1,-1,-1,-1,-1,1,-1,-1,-1,-1,1,-1,-1,1,-1,1,-1,-1,-1,-1,1,-1,1,1,-1,1,-1,-1,1,1,-1,-1,-1,-1,-1,-1,1,1,-1,-1,1,-1,1,1,-1,-1,-1,1,-1,1,1,-1,-1,1,-1,-1,1,1,1,-1,1,-1,1,1,1,-1,-1,1,-1,-1,1,1,1,-1,1,-1,-1,1,1,-1,1,1,-1,-1,1,1,-1,1,1,-1,-1,1,1,-1,1,1,-1,-1,1,1,1,1,1,1,-1,-1,1,1,1,1,-1,-1,1,-1,1,1,1,1,-1,-1,1,-1,1,1,1,-1,1,1,1,1,-1,1,-1,1,1,1,1,1,1,1,-1,1,1,1,1,-1,1,-1,1,1,1,1,1,-1,1,1,1,1,-1,1,1,-1,1,1,-1,1,1,-1,-1,1,1,1,1,-1,1,-1,1,1,1,-1,-1,1,-1,1,1,1,-1,1,-1,-1,-1,1,1,-1,-1,1,-1,-1,1,1,-1,-1,1,-1,-1,1,1,1,-1,1,-1,-1,1,1,-1,-1,-1,1,-1,-1,1,-1,1,1,-1,1,1,-1,-1,1,-1,-1,-1,-1,1,-1,1,1,-1,1,1,-1,-1,-1,-1,1,-1,-1,-1,-1,1,-1,-1,1,1,-1,1,1,-1,1,1,1,1,-1,1,-1,1,1,1,1,-1,1,-1,-1,-1,1,1,-1,1,-1,1,1,1,1,-1,1,-1,1,1,-1,-1,-1,1,-1,-1,1,1,-1,-1,-1,1,-1,1,-1,1,-1,1,-1,-1,1,-2666.0,1,2000,445,0,False
1855,1,1,-1,-1,1,-1,-1,-1,1,1,1,-1,1,1,1,1,-1,1,-1,-1,-1,-1,1,1,1,-1,-1,-1,1,1,1,1,1,-1,-1,-1,1,-1,1,1,-1,-1,-1,1,1,1,-1,-1,1,1,1,1,-1,1,-1,-1,1,-1,1,1,-1,-1,-1,-1,1,1,1,-1,-1,-1,-1,1,1,1,1,-1,-1,-1,1,1,1,-1,-1,-1,1,1,1,1,-1,-1,-1,1,1,1,1,-1,-1,1,1,-1,1,1,-1,-1,1,1,1,1,1,-1,-1,-1,1,1,1,1,-1,-1,1,1,1,1,1,1,-1,-1,1,1,-1,1,1,-1,1,1,1,1,1,1,-1,1,1,1,1,1,1,-1,1,1,1,1,1,1,-1,-1,-1,1,1,1,1,-1,1,1,1,1,-1,1,-1,1,-1,1,1,1,-1,-1,1,1,1,1,1,-1,1,-1,-1,1,-1,1,-1,1,1,1,1,1,1,-1,1,1,-1,1,-1,1,1,-1,1,-1,1,-1,1,-1,-1,1,-1,1,-1,1,-1,1,1,-1,1,-1,1,1,1,1,-1,-1,1,1,-1,-1,1,-1,1,-1,-1,1,-1,1,-1,1,-1,1,-1,1,1,-1,-1,-1,1,-1,1,1,-1,1,1,1,1,1,1,-1,1,-1,-1,1,1,-1,1,-1,1,-1,1,1,-1,-1,-1,1,1,1,1,-1,-1,-1,1,1,-1,1,1,1,-1,-1,1,1,1,1,1,-1,1,1,-1,1,-1,1,-1,1,1,1,1,-1,1,1,-1,1,1,1,1,1,-1,-1,1,-1,1,-1,1,1,-1,1,1,1,-1,1,-1,-1,1,1,1,-1,1,-1,1,1,1,-1,-1,1,-1,1,1,-1,-1,1,1,-1,1,-1,1,1,-1,1,-1,1,1,1,-1,1,1,-1,1,1,1,-1,1,-1,-1,1,1,1,-1,1,-1,-1,1,1,1,-1,1,-1,-1,-1,-1,1,-1,1,1,-1,1,1,1,1,1,1,-1,-1,-1,1,-1,1,-1,-1,1,-1,-1,-1,1,1,-1,1,-1,1,-1,1,-1,1,-1,1,1,1,1,-1,1,-1,1,1,-1,1,-1,-1,-1,-1,1,1,1,1,-1,-1,1,1,1,1,-1,-1,1,-1,-1,1,-1,1,-1,1,-1,1,1,1,-1,-1,1,1,-1,1,-1,1,-1,-1,1,-1,1,1,-1,-1,-1,1,-1,-1,1,1,-1,-1,1,-1,1,1,-1,1,-1,1,-1,-1,1,1,-1,-1,1,-1,1,1,-1,-1,1,1,-1,1,-1,1,-1,1,1,-1,1,-1,1,-1,1,-1,-1,1,-1,-1,-1,1,-1,-1,1,1,1,-1,1,-1,-1,1,-1,-1,1,-1,1,-1,1,1,1,-1,1,1,-1,-1,-1,1,-1,1,-1,-1,1,-1,1,1,1,1,-1,-1,1,1,-1,1,1,-1,-1,1,1,1,-1,1,1,-1,1,1,1,1,-1,-1,1,-1,-1,-1,1,-1,1,1,1,1,-1,1,-1,1,-1,-1,-1,1,1,-1,1,1,-1,-1,-1,1,-1,1,1,-1,1,-1,1,-1,-1,-1,-1,-1,-1,1,-1,-1,-1,-1,-1,-1,1,-1,1,1,1,1,-1,1,-1,1,1,-1,-1,-1,1,-1,-1,1,-1,1,-1,-1,1,1,1,1,-1,-1,1,1,1,1,-1,1,-1,-1,1,1,1,-1,-1,-1,1,1,1,1,-1,-1,-1,1,-1,1,-1,1,-1,-1,-1,1,1,1,-1,-1,-1,-1,1,1,1,1,-1,-1,-1,1,1,1,1,-1,-1,-1,1,-1,1,-1,-1,-1,1,1,1,1,1,-1,-1,-1,1,-1,1,1,-1,-1,-1,1,1,-1,1,-1,-1,-1,1,1,1,1,-1,-1,1,1,1,-1,1,-1,1,1,-1,1,1,-1,-1,-1,1,1,-1,1,1,-1,1,1,1,-1,1,-1,-1,-1,1,-1,1,-1,-1,-1,-1,1,1,-1,1,1,-1,-1,1,-1,-1,1,-1,1,-1,1,1,-1,1,-1,1,-1,1,-1,-1,-1,-1,-1,-1,1,1,1,-1,-1,-1,-1,1,-1,1,-1,-1,-1,-1,-1,-1,-1,1,-1,-1,-1,1,-1,-1,1,-1,-1,-1,-1,-1,1,1,-1,-1,-1,-1,-1,1,-1,-1,-1,1,-1,-1,1,-1,1,-1,-1,-1,-1,-1,-1,-1,1,-1,-1,-1,1,1,-1,-1,-1,1,-1,1,-1,-1,-1,1,-1,-1,1,-1,1,-1,-1,-1,-1,1,-1,1,1,-1,1,-1,-1,1,1,-1,-1,-1,-1,-1,-1,1,1,-1,-1,1,-1,1,1,-1,-1,-1,1,-1,-1,1,-1,-1,1,1,-1,1,1,1,-1,1,-1,1,1,1,-1,-1,1,-1,-1,1,1,1,1,-1,1,-1,1,1,1,-1,1,-1,-1,1,1,1,1,-1,1,-1,1,1,1,1,1,-1,-1,1,1,1,1,1,-1,-1,-1,1,1,1,-1,-1,-1,1,-1,1,1,1,-1,-1,-1,1,-1,1,1,-1,-1,1,1,1,1,1,-1,1,1,1,1,1,1,-1,1,-1,1,1,1,1,-1,1,-1,1,1,1,-1,1,-1,1,1,1,1,-1,-1,1,-1,1,1,-1,1,1,-1,-1,1,1,1,1,-1,1,-1,1,1,1,-1,-1,1,-1,1,1,1,-1,1,-1,-1,-1,1,1,-1,-1,1,-1,-1,1,1,1,-1,1,-1,-1,1,1,1,-1,1,-1,-1,1,1,-1,-1,-1,1,-1,-1,1,-1,1,1,-1,1,1,-1,-1,1,-1,-1,-1,1,1,-1,1,1,-1,1,1,-1,-1,1,-1,1,-1,-1,-1,-1,1,-1,-1,1,1,-1,1,1,-1,1,1,1,1,-1,1,-1,1,1,1,-1,-1,1,-1,-1,1,1,-1,-1,1,-1,1,1,1,-1,-1,1,-1,1,1,1,1,-1,1,-1,-1,1,1,-1,-1,-1,1,-1,1,-1,1,-1,1,-1,-1,1,-2666.0,1,2000,445,0,False
1856,1,1,-1,-1,1,-1,-1,-1,1,1,1,-1,1,1,1,1,-1,1,-1,-1,-1,-1,1,1,1,-1,1,-1,1,1,1,1,1,-1,-1,-1,1,-1,1,1,-1,-1,-1,1,1,1,-1,-1,1,1,1,1,-1,1,-1,-1,1,-1,1,1,-1,-1,-1,-1,1,1,1,-1,-1,-1,-1,1,1,1,1,-1,-1,-1,1,1,1,-1,-1,-1,1,1,1,1,-1,-1,1,1,1,1,1,-1,-1,-1,1,-1,1,1,-1,-1,1,1,1,1,1,-1,-1,-1,1,-1,1,1,-1,-1,1,1,1,1,1,1,-1,-1,1,1,-1,1,1,-1,1,1,1,1,1,1,-1,1,1,1,1,1,1,-1,1,1,1,1,1,1,-1,-1,-1,1,1,1,1,-1,1,1,1,1,-1,1,-1,1,-1,1,1,1,-1,-1,1,1,1,1,1,-1,1,-1,-1,1,-1,1,-1,1,1,1,1,1,1,-1,1,1,-1,1,-1,1,1,-1,1,-1,1,-1,1,-1,-1,1,-1,1,-1,1,-1,1,1,-1,1,-1,1,1,1,1,-1,-1,1,1,-1,-1,1,-1,1,-1,1,1,-1,1,-1,1,-1,1,-1,1,1,-1,-1,-1,1,-1,1,1,-1,1,1,1,1,1,-1,-1,1,-1,-1,1,1,1,1,-1,1,-1,1,1,-1,-1,-1,1,1,1,1,-1,-1,-1,1,1,-1,1,1,1,-1,-1,1,1,1,1,1,-1,1,1,-1,1,-1,1,-1,1,1,1,1,-1,1,1,1,1,1,1,1,1,-1,-1,1,-1,1,-1,1,1,-1,1,1,1,-1,1,1,1,1,1,1,1,1,-1,1,1,1,-1,1,1,-1,1,1,-1,-1,1,1,-1,-1,1,-1,1,-1,1,-1,1,1,1,-1,1,1,-1,1,1,1,-1,1,1,-1,1,1,1,-1,1,1,-1,-1,1,1,-1,1,1,-1,1,-1,1,-1,1,1,1,-1,1,1,1,-1,1,1,-1,1,1,-1,1,1,1,-1,-1,-1,-1,1,1,1,-1,1,1,-1,1,1,-1,-1,1,1,1,1,1,-1,1,1,1,-1,1,1,1,-1,-1,1,1,1,-1,1,-1,1,1,1,-1,1,1,-1,-1,-1,1,-1,-1,1,1,-1,1,1,-1,1,1,1,1,-1,1,-1,-1,1,-1,1,-1,1,1,-1,1,1,1,-1,-1,1,-1,1,1,1,-1,1,1,1,-1,1,1,-1,-1,1,-1,1,1,1,-1,1,1,1,1,1,1,-1,1,-1,-1,1,1,-1,-1,1,-1,-1,1,1,-1,-1,1,-1,1,1,1,-1,-1,1,1,-1,1,1,-1,-1,1,-1,1,1,1,1,-1,1,1,-1,-1,1,1,-1,-1,-1,1,-1,1,-1,-1,1,-1,-1,1,-1,1,-1,-1,1,-1,1,-1,1,-1,-1,1,-1,-1,1,1,1,-1,1,-1,1,-1,1,1,1,-1,-1,-1,1,-1,-1,1,1,1,-1,1,-1,1,1,1,-1,1,1,-1,1,-1,1,-1,-1,1,-1,-1,1,1,1,-1,1,-1,-1,1,1,-1,-1,1,-1,-1,1,1,-1,-1,1,-1,-1,-1,1,1,-1,1,-1,-1,-1,1,-1,-1,1,-1,1,-1,1,1,-1,-1,1,-1,-1,-1,-1,-1,1,1,1,-1,1,1,-1,-1,1,-1,1,-1,-1,-1,1,1,-1,-1,-1,1,-1,1,1,-1,1,1,1,-1,-1,1,1,-1,-1,-1,-1,-1,1,-1,-1,1,-1,-1,-1,1,1,-1,-1,-1,-1,-1,1,-1,-1,1,-1,-1,1,1,1,-1,1,-1,-1,-1,1,1,-1,-1,-1,-1,-1,1,1,1,-1,-1,-1,-1,1,1,-1,-1,-1,-1,1,1,1,1,-1,-1,1,1,1,1,1,-1,-1,-1,1,1,1,-1,1,-1,1,1,1,1,-1,1,-1,-1,1,-1,1,-1,1,-1,-1,1,-1,1,-1,-1,-1,-1,1,-1,1,-1,1,1,-1,1,-1,1,-1,1,1,-1,1,-1,1,-1,-1,-1,-1,1,1,-1,-1,-1,-1,-1,1,-1,1,-1,-1,-1,-1,-1,-1,-1,1,-1,-1,-1,1,-1,-1,1,-1,-1,-1,-1,-1,-1,1,-1,-1,-1,-1,-1,1,-1,-1,-1,1,-1,-1,1,-1,1,-1,-1,-1,-1,-1,-1,-1,1,-1,-1,-1,1,1,-1,-1,-1,-1,1,-1,-1,-1,-1,1,-1,-1,1,-1,1,-1,-1,-1,-1,1,-1,1,1,-1,1,-1,-1,1,1,1,-1,-1,-1,-1,-1,1,1,-1,-1,1,-1,1,1,-1,-1,-1,1,-1,1,1,-1,-1,1,1,-1,1,1,1,-1,1,-1,1,1,1,-1,-1,1,-1,-1,1,1,1,1,-1,1,-1,1,1,1,-1,1,-1,-1,1,1,1,1,-1,1,-1,1,1,1,1,1,-1,-1,1,1,1,1,1,-1,-1,-1,1,1,1,-1,-1,-1,1,-1,1,1,1,-1,-1,-1,1,-1,1,1,-1,-1,1,1,1,1,1,-1,1,1,1,1,1,1,-1,1,-1,1,1,1,1,-1,1,-1,1,1,1,-1,1,-1,1,1,1,1,-1,1,1,-1,1,1,-1,1,1,-1,-1,1,1,1,1,-1,1,-1,1,1,1,-1,-1,1,-1,1,1,1,-1,1,-1,-1,-1,1,1,-1,-1,1,-1,-1,1,1,1,-1,1,-1,-1,1,1,1,-1,-1,-1,-1,1,1,-1,-1,-1,1,-1,-1,1,-1,1,1,-1,1,1,-1,-1,1,1,-1,-1,1,1,-1,1,1,-1,1,1,-1,-1,-1,-1,1,-1,-1,-1,-1,-1,1,-1,1,1,-1,1,1,-1,1,1,1,1,-1,1,-1,1,1,1,-1,-1,1,-1,-1,1,1,-1,1,1,-1,1,1,1,-1,-1,1,-1,1,1,1,1,-1,1,-1,-1,1,1,1,-1,1,1,-1,1,1,1,-1,1,-1,-1,1,-2666.0,1,2000,445,0,False
1857,1,1,-1,-1,1,-1,-1,-1,1,1,1,-1,1,1,1,1,-1,1,-1,-1,-1,1,1,1,1,-1,-1,-1,1,1,1,1,-1,-1,-1,-1,1,1,1,1,-1,-1,-1,1,1,1,1,-1,1,1,1,1,-1,1,-1,-1,1,-1,1,1,1,-1,-1,1,1,1,1,1,-1,-1,1,1,1,1,1,-1,-1,-1,1,1,1,-1,-1,-1,1,1,1,1,-1,-1,-1,1,1,1,1,-1,-1,1,1,-1,1,1,-1,-1,1,1,1,1,1,-1,-1,1,1,1,1,1,-1,-1,1,1,1,1,1,1,-1,-1,1,1,-1,1,1,-1,1,1,1,1,1,1,-1,-1,1,1,1,1,1,-1,1,1,1,1,1,1,-1,-1,-1,1,1,1,1,-1,1,-1,1,1,-1,1,-1,1,-1,1,1,1,-1,-1,1,1,1,1,1,-1,1,-1,-1,1,1,1,-1,1,1,1,1,-1,1,1,1,1,-1,1,-1,1,-1,1,1,-1,1,-1,1,1,-1,1,-1,1,-1,1,-1,1,1,-1,1,-1,1,1,1,1,-1,-1,1,1,-1,-1,1,-1,1,-1,-1,1,-1,1,-1,1,-1,1,-1,-1,1,-1,-1,-1,1,1,-1,1,-1,1,1,1,-1,1,1,-1,1,-1,1,-1,1,-1,1,-1,1,1,-1,1,-1,-1,-1,1,1,-1,1,-1,-1,-1,1,1,-1,-1,1,1,-1,-1,1,1,-1,1,1,-1,1,1,1,1,-1,1,-1,1,1,-1,1,-1,1,1,1,1,1,1,1,1,-1,-1,1,-1,-1,-1,1,1,-1,1,1,1,-1,1,1,1,1,1,1,1,1,-1,1,1,1,-1,-1,1,-1,1,1,1,-1,1,1,-1,-1,1,1,1,-1,1,-1,1,1,1,-1,1,1,-1,1,1,1,-1,1,1,-1,1,1,1,-1,1,1,-1,-1,1,1,-1,1,1,-1,1,-1,1,-1,1,1,1,-1,1,1,1,-1,1,1,-1,1,1,-1,1,1,1,-1,-1,-1,-1,1,1,1,-1,1,1,-1,1,1,-1,-1,1,1,1,1,1,-1,1,1,1,-1,1,1,1,-1,-1,1,1,1,-1,1,-1,1,1,1,1,1,1,-1,-1,-1,1,-1,-1,1,1,-1,1,1,-1,1,1,1,1,-1,1,-1,-1,1,-1,1,-1,1,1,-1,1,1,1,-1,-1,1,-1,1,1,1,-1,1,1,1,-1,1,1,-1,-1,1,-1,1,1,1,-1,1,1,1,1,1,1,-1,1,-1,1,1,1,-1,-1,1,-1,-1,1,1,-1,-1,1,-1,1,1,1,-1,-1,1,-1,-1,1,1,-1,-1,1,-1,1,1,1,1,-1,1,1,-1,-1,1,1,-1,-1,1,1,-1,1,-1,-1,1,1,-1,1,-1,1,-1,-1,1,-1,1,-1,1,1,-1,1,-1,-1,1,1,1,-1,1,-1,1,-1,1,1,1,-1,-1,-1,1,-1,-1,1,1,-1,1,1,-1,1,1,1,-1,1,1,-1,1,-1,1,-1,-1,1,-1,-1,1,1,-1,-1,1,-1,-1,1,1,1,-1,1,-1,-1,1,1,-1,-1,1,-1,-1,-1,1,1,-1,1,-1,-1,-1,1,-1,-1,1,-1,1,-1,1,1,-1,-1,1,-1,-1,-1,-1,-1,1,1,1,-1,1,1,-1,-1,1,-1,-1,-1,-1,-1,1,1,-1,-1,-1,-1,-1,1,1,-1,1,1,-1,-1,-1,1,1,-1,-1,-1,-1,1,1,-1,-1,1,-1,-1,-1,1,1,-1,-1,-1,-1,-1,1,-1,-1,1,-1,-1,1,1,1,-1,1,-1,-1,-1,1,1,-1,-1,-1,-1,-1,1,1,1,-1,-1,-1,-1,1,1,-1,-1,-1,-1,1,1,1,1,-1,-1,1,1,1,1,1,-1,-1,-1,1,1,1,-1,1,-1,1,1,1,1,-1,1,-1,-1,1,-1,1,-1,1,-1,-1,1,-1,1,-1,-1,-1,-1,1,-1,1,-1,1,-1,-1,1,-1,1,-1,1,-1,1,-1,-1,1,-1,-1,-1,-1,1,1,-1,-1,-1,-1,-1,1,-1,1,-1,-1,-1,-1,-1,-1,-1,1,-1,-1,-1,1,-1,-1,1,-1,-1,-1,-1,-1,-1,1,-1,-1,-1,-1,-1,1,-1,-1,-1,1,-1,-1,1,-1,1,-1,-1,-1,-1,-1,-1,-1,1,-1,-1,-1,1,1,-1,-1,-1,1,-1,-1,-1,-1,-1,1,-1,-1,1,-1,1,-1,-1,-1,-1,1,-1,1,1,-1,1,-1,-1,1,1,-1,-1,-1,-1,-1,-1,1,1,-1,-1,1,-1,1,1,-1,-1,-1,1,-1,-1,1,-1,-1,1,-1,-1,1,1,1,-1,1,-1,1,1,1,-1,-1,1,-1,-1,1,1,1,-1,1,-1,-1,1,1,-1,1,1,-1,-1,1,1,-1,1,1,-1,-1,1,1,-1,1,1,-1,-1,1,1,1,1,-1,1,-1,-1,1,1,1,1,-1,-1,1,-1,1,1,1,1,-1,-1,1,-1,1,1,1,-1,1,1,1,1,-1,1,-1,1,1,1,1,1,1,1,-1,1,1,1,1,-1,1,-1,1,1,1,1,1,-1,1,1,1,1,-1,1,1,-1,1,1,-1,1,1,-1,-1,1,1,1,1,-1,1,-1,1,1,1,-1,-1,1,-1,1,1,1,-1,1,-1,-1,-1,1,1,-1,-1,1,-1,-1,1,1,-1,-1,1,-1,-1,1,1,1,-1,1,-1,-1,1,1,-1,-1,-1,1,-1,-1,1,-1,1,1,-1,1,1,-1,-1,1,1,-1,-1,1,1,-1,1,1,-1,1,1,-1,-1,1,-1,1,-1,-1,-1,-1,1,-1,-1,1,1,-1,1,1,-1,1,1,1,1,-1,1,-1,1,1,1,1,-1,1,-1,-1,-1,1,1,-1,1,-1,1,1,1,1,-1,1,-1,1,1,1,-1,-1,1,-1,-1,1,1,-1,-1,-1,1,-1,1,1,1,-1,1,-1,-1,1,-2666.0,1,2000,445,0,False
1858,1,1,-1,-1,1,1,-1,-1,1,1,1,-1,-1,1,1,1,-1,1,-1,-1,-1,-1,1,1,1,-1,-1,-1,1,1,1,1,1,-1,-1,-1,1,-1,1,1,-1,-1,-1,1,1,1,-1,-1,1,1,1,1,-1,1,-1,-1,1,-1,1,1,-1,-1,-1,-1,1,1,1,-1,-1,-1,-1,1,1,1,1,-1,-1,-1,1,1,1,-1,-1,-1,1,1,1,1,-1,-1,1,1,1,1,1,-1,-1,-1,1,-1,1,1,-1,-1,1,1,1,1,1,-1,-1,-1,1,1,1,1,-1,-1,1,1,1,1,1,1,-1,-1,1,1,-1,1,1,-1,1,1,1,1,1,1,-1,1,1,1,1,1,1,-1,1,1,1,1,1,1,-1,-1,-1,1,1,1,1,-1,1,1,1,1,-1,1,-1,1,-1,1,1,1,-1,-1,1,1,1,1,1,-1,1,-1,-1,1,-1,1,-1,1,1,1,1,1,1,-1,1,1,-1,1,-1,1,1,-1,1,-1,1,-1,1,-1,-1,1,-1,1,-1,1,-1,1,1,-1,-1,-1,1,1,1,1,-1,-1,1,1,-1,-1,1,-1,1,-1,-1,1,-1,1,-1,1,-1,1,-1,1,1,-1,-1,-1,1,-1,1,1,-1,1,1,1,1,1,1,-1,1,-1,-1,1,1,-1,1,-1,1,-1,1,1,-1,-1,-1,1,1,1,1,-1,-1,-1,1,1,-1,1,1,1,-1,-1,1,1,1,1,1,-1,1,1,-1,1,-1,1,-1,1,1,1,1,-1,1,1,-1,1,1,1,1,1,-1,-1,1,-1,1,-1,1,1,-1,1,1,1,-1,1,-1,-1,1,1,1,1,1,-1,1,1,1,-1,1,1,-1,1,1,1,-1,1,1,-1,1,-1,1,1,-1,1,-1,1,1,1,-1,1,1,-1,1,1,1,-1,1,-1,-1,1,1,1,1,1,-1,-1,1,1,1,-1,1,-1,-1,-1,-1,1,-1,1,1,-1,1,1,1,1,1,1,-1,-1,-1,1,-1,1,-1,-1,1,-1,-1,-1,1,-1,-1,1,-1,1,-1,1,-1,1,-1,1,1,1,1,-1,1,-1,1,1,-1,1,-1,-1,-1,-1,1,1,1,1,-1,-1,1,1,1,1,-1,-1,1,-1,-1,1,-1,1,-1,1,-1,1,1,1,-1,-1,1,1,-1,1,-1,1,-1,-1,1,-1,1,1,-1,-1,-1,1,-1,-1,1,1,-1,-1,1,-1,1,1,-1,1,-1,1,-1,-1,1,1,-1,-1,1,-1,1,1,-1,-1,1,1,-1,1,-1,1,-1,1,1,-1,1,-1,1,-1,1,-1,-1,1,-1,-1,-1,1,-1,-1,1,-1,1,-1,1,-1,-1,1,-1,-1,1,-1,1,-1,1,1,1,-1,1,1,-1,-1,1,1,-1,1,-1,-1,1,1,1,1,1,1,-1,-1,1,1,-1,1,1,1,-1,1,1,1,-1,1,1,-1,1,1,1,1,-1,-1,1,-1,-1,-1,1,-1,1,1,1,1,-1,1,-1,1,-1,-1,-1,1,1,-1,1,1,-1,-1,-1,1,-1,1,1,-1,1,-1,1,-1,-1,-1,-1,-1,-1,1,-1,-1,-1,-1,-1,-1,1,-1,1,1,1,1,-1,1,-1,1,1,-1,-1,-1,1,-1,-1,1,-1,1,-1,-1,1,1,1,1,-1,-1,1,1,1,1,-1,1,-1,-1,1,1,1,-1,-1,-1,1,1,1,1,-1,-1,-1,1,-1,1,-1,1,1,-1,-1,1,1,1,-1,-1,-1,-1,1,1,1,1,-1,-1,-1,1,1,1,1,-1,-1,-1,1,-1,1,-1,-1,-1,-1,1,1,1,1,-1,-1,1,1,-1,1,1,-1,-1,-1,1,1,-1,1,-1,-1,-1,1,1,1,1,-1,-1,1,1,1,1,-1,-1,1,1,-1,1,1,-1,-1,-1,1,1,-1,1,1,-1,1,1,1,-1,1,-1,-1,-1,1,-1,1,-1,-1,-1,-1,1,1,-1,1,-1,-1,-1,1,-1,-1,1,-1,1,-1,1,1,-1,1,-1,1,-1,1,-1,-1,-1,-1,-1,-1,1,1,1,-1,-1,-1,-1,1,-1,1,-1,-1,-1,-1,-1,-1,-1,1,-1,-1,-1,1,-1,-1,1,-1,-1,-1,-1,-1,1,1,-1,-1,-1,-1,-1,1,-1,-1,-1,1,-1,-1,1,-1,1,-1,-1,-1,-1,-1,-1,-1,1,-1,-1,-1,1,1,-1,-1,-1,1,-1,1,-1,-1,-1,1,-1,-1,1,-1,1,-1,-1,1,-1,1,-1,1,1,-1,1,-1,-1,1,1,-1,-1,-1,-1,-1,-1,1,1,-1,-1,1,-1,1,1,-1,-1,-1,1,-1,1,1,-1,-1,1,1,-1,1,1,1,-1,1,-1,1,1,1,-1,-1,1,-1,-1,1,1,1,1,-1,-1,-1,1,1,1,-1,1,-1,-1,1,1,1,1,-1,1,-1,1,1,1,1,1,-1,-1,1,1,1,1,1,-1,-1,-1,1,1,1,-1,-1,-1,1,-1,1,1,1,-1,-1,-1,1,-1,1,1,-1,-1,1,1,1,1,1,-1,-1,1,1,1,1,1,-1,1,-1,1,1,1,1,-1,1,-1,1,1,1,-1,1,-1,1,1,1,1,-1,-1,1,-1,1,1,-1,1,1,-1,-1,1,1,1,1,-1,1,-1,1,1,1,-1,-1,1,-1,1,1,1,-1,1,-1,-1,-1,1,1,-1,-1,1,-1,-1,1,1,1,-1,1,-1,-1,1,1,1,-1,1,-1,-1,1,1,-1,-1,-1,1,-1,1,1,-1,1,1,-1,1,1,-1,-1,1,-1,-1,-1,1,1,-1,1,1,-1,1,1,-1,-1,-1,-1,1,-1,-1,-1,-1,-1,-1,-1,1,1,-1,1,1,-1,1,1,1,1,-1,1,-1,1,1,1,-1,-1,1,-1,-1,-1,1,-1,-1,1,-1,1,1,1,-1,-1,1,-1,1,1,1,1,-1,1,-1,-1,1,1,1,-1,-1,1,-1,1,-1,1,-1,1,-1,-1,1,-2666.0,1,2000,445,0,False
1859,-1,-1,1,1,1,1,-1,1,-1,-1,-1,1,-1,1,-1,-1,1,-1,1,1,1,-1,-1,-1,-1,1,-1,-1,-1,-1,-1,-1,1,1,-1,-1,1,-1,-1,-1,1,-1,-1,-1,-1,-1,-1,-1,1,1,-1,-1,1,-1,1,-1,-1,1,-1,-1,-1,1,1,1,-1,-1,-1,-1,-1,-1,-1,1,-1,-1,-1,-1,1,-1,1,-1,-1,1,1,-1,1,-1,-1,-1,-1,1,-1,-1,1,-1,-1,-1,-1,1,1,1,-1,-1,-1,-1,1,1,1,-1,-1,-1,-1,1,1,1,-1,-1,-1,-1,1,1,1,-1,-1,-1,-1,1,1,1,-1,-1,-1,-1,1,1,1,-1,-1,-1,-1,1,1,1,-1,-1,-1,-1,-1,1,1,1,1,-1,-1,1,-1,1,1,-1,-1,-1,1,1,1,1,-1,1,-1,1,-1,1,1,1,-1,-1,1,1,1,-1,-1,-1,1,-1,-1,1,1,1,-1,1,1,1,1,-1,1,-1,1,1,-1,1,-1,1,-1,1,1,-1,1,-1,1,-1,-1,1,-1,1,-1,1,-1,1,1,-1,1,-1,1,-1,-1,1,-1,-1,1,1,1,-1,1,-1,1,1,-1,1,-1,1,-1,1,-1,1,1,1,1,-1,-1,1,1,1,-1,1,-1,1,1,1,-1,1,1,-1,1,-1,1,-1,1,-1,1,-1,1,1,-1,1,-1,-1,1,1,1,-1,1,-1,-1,-1,-1,1,1,-1,1,1,-1,-1,1,-1,-1,1,1,-1,1,1,1,-1,-1,1,-1,1,1,-1,1,-1,1,1,-1,1,-1,-1,-1,1,-1,-1,1,-1,1,-1,1,1,-1,1,1,1,-1,1,-1,-1,1,1,-1,-1,1,-1,-1,1,-1,1,-1,1,-1,-1,1,1,-1,1,1,-1,1,-1,1,-1,-1,1,-1,1,1,1,1,1,1,-1,1,1,1,1,1,-1,-1,1,1,1,1,1,-1,-1,1,-1,1,1,1,-1,-1,1,-1,1,-1,1,1,-1,1,-1,1,1,1,1,-1,-1,1,1,1,-1,-1,-1,1,1,-1,-1,1,-1,-1,1,-1,1,-1,1,-1,1,1,-1,1,1,1,-1,1,1,-1,1,-1,1,-1,-1,1,-1,1,1,1,1,-1,1,1,-1,1,1,-1,-1,1,-1,-1,1,-1,1,-1,-1,1,-1,-1,1,-1,-1,-1,1,-1,1,-1,1,-1,1,-1,-1,1,-1,-1,-1,-1,1,-1,-1,1,1,-1,-1,1,-1,1,1,-1,1,-1,1,-1,1,-1,1,-1,-1,-1,-1,1,-1,-1,-1,-1,1,-1,1,-1,1,-1,-1,-1,1,1,1,1,-1,-1,-1,-1,1,-1,-1,-1,-1,-1,1,-1,1,1,-1,-1,-1,-1,1,-1,-1,1,-1,-1,-1,1,-1,1,-1,1,-1,-1,1,-1,1,-1,-1,-1,-1,1,-1,1,1,1,-1,-1,-1,1,1,-1,1,-1,-1,-1,1,1,1,-1,1,1,-1,1,1,1,1,1,1,1,-1,-1,-1,1,-1,1,1,-1,1,-1,1,-1,1,-1,-1,-1,1,1,-1,1,1,-1,1,-1,1,-1,1,1,-1,1,-1,1,-1,-1,-1,-1,1,-1,1,-1,-1,-1,-1,1,-1,1,-1,1,1,1,-1,-1,1,-1,1,1,-1,1,-1,1,-1,-1,1,-1,1,-1,-1,1,1,1,1,1,-1,1,1,1,1,-1,1,-1,-1,1,1,1,-1,-1,-1,1,1,1,1,-1,-1,-1,1,-1,1,-1,1,1,-1,-1,1,1,1,-1,-1,-1,-1,1,1,1,1,1,-1,-1,1,1,1,1,-1,-1,-1,1,-1,1,-1,1,-1,-1,1,1,1,1,1,-1,-1,1,-1,1,1,1,-1,-1,1,1,-1,1,1,-1,-1,1,1,1,1,1,-1,1,-1,1,-1,1,1,1,1,-1,1,1,1,1,-1,1,1,-1,1,1,1,1,-1,1,-1,1,-1,1,-1,1,-1,-1,1,-1,1,1,-1,1,-1,1,1,1,1,-1,1,-1,1,1,1,1,1,1,-1,1,-1,1,1,-1,-1,-1,1,1,1,1,1,1,-1,1,1,1,1,1,-1,1,-1,1,1,1,-1,-1,-1,-1,1,1,1,1,-1,1,-1,1,1,1,-1,-1,-1,-1,1,1,1,-1,-1,-1,1,-1,1,-1,-1,-1,1,-1,1,1,-1,-1,-1,1,-1,1,-1,1,-1,-1,1,1,1,1,1,1,-1,1,-1,1,1,1,-1,-1,-1,1,1,1,1,-1,-1,1,-1,1,1,1,-1,-1,-1,1,1,1,1,-1,-1,-1,-1,1,-1,1,-1,1,-1,1,1,1,1,1,-1,-1,1,1,1,1,-1,1,-1,1,1,-1,1,-1,-1,1,1,1,1,-1,-1,-1,-1,1,1,1,1,1,-1,-1,1,1,1,-1,1,1,-1,1,1,1,1,-1,1,-1,1,1,1,1,1,1,-1,1,1,-1,1,1,-1,-1,1,1,-1,1,1,1,-1,1,-1,-1,1,1,1,-1,-1,1,-1,1,1,1,-1,1,1,-1,1,1,1,-1,1,1,-1,1,1,1,-1,-1,-1,1,1,1,-1,1,-1,1,1,1,1,-1,1,-1,1,1,1,-1,-1,1,-1,1,1,-1,1,-1,-1,-1,1,-1,1,-1,1,-1,-1,1,-1,1,-1,-1,-1,-1,1,-1,1,-1,1,-1,-1,-1,1,1,-1,1,-1,-1,-1,-1,1,-1,-1,1,-1,1,-1,1,1,1,1,-1,-1,1,1,-1,-1,1,1,1,1,-1,-1,1,-1,-1,1,1,-1,-1,1,-1,-1,-1,-1,1,-1,1,-1,1,1,-1,1,-1,1,-1,-1,-1,-1,-1,-1,1,-1,1,1,1,-1,1,1,-1,1,1,-1,-1,-1,1,-1,1,1,1,1,-1,1,-1,1,1,1,-1,-1,1,-1,1,1,1,-1,-1,1,-1,1,-1,-1,-1,-1,1,-1,-1,1,1,-1,-1,-1,1,-1,1,-1,1,-1,1,-1,-1,1,-2666.0,1,2000,445,1500,True
1860,1,1,-1,-1,1,-1,-1,-1,1,1,1,-1,1,1,1,1,-1,1,-1,-1,-1,-1,1,1,1,-1,-1,-1,1,1,1,1,1,-1,-1,-1,1,1,1,1,-1,-1,-1,1,1,1,-1,-1,1,1,1,1,-1,1,-1,-1,1,-1,1,1,-1,-1,-1,-1,1,1,1,-1,-1,-1,-1,1,1,1,1,-1,-1,-1,1,1,1,-1,-1,-1,1,1,1,1,-1,-1,-1,1,1,1,1,-1,-1,1,1,-1,1,1,-1,-1,1,1,1,1,1,-1,-1,-1,1,-1,1,1,-1,-1,1,1,1,1,1,1,-1,-1,1,1,-1,1,1,-1,1,1,1,1,1,1,-1,1,1,1,1,1,1,-1,1,1,1,1,1,1,-1,-1,-1,1,1,1,1,-1,1,1,1,1,-1,1,-1,1,-1,1,1,1,-1,-1,1,1,1,1,1,-1,1,-1,-1,1,-1,1,-1,1,1,1,1,1,1,-1,1,1,-1,1,-1,1,1,-1,1,-1,1,-1,1,-1,-1,1,-1,1,-1,1,-1,1,1,-1,-1,-1,1,1,1,1,-1,-1,1,1,-1,-1,1,-1,1,-1,-1,1,-1,1,-1,1,-1,1,-1,1,1,-1,-1,-1,1,-1,1,1,-1,1,1,1,1,1,1,-1,1,-1,-1,1,1,-1,1,-1,1,-1,1,1,-1,-1,-1,1,1,1,1,-1,-1,-1,1,1,-1,1,1,1,-1,-1,1,1,1,1,1,-1,1,1,-1,1,-1,1,-1,1,1,1,1,-1,1,1,-1,1,1,1,1,1,-1,-1,1,-1,1,-1,1,1,-1,1,1,1,-1,1,-1,-1,1,1,1,1,1,-1,1,1,1,-1,-1,1,-1,1,1,-1,-1,1,1,-1,-1,1,1,1,-1,1,-1,1,1,1,-1,1,1,-1,1,1,1,-1,1,-1,-1,1,1,1,-1,1,-1,-1,-1,1,1,-1,1,-1,-1,1,-1,1,-1,1,1,-1,-1,1,1,1,-1,1,-1,-1,1,1,-1,1,-1,-1,-1,-1,-1,-1,1,-1,-1,-1,1,1,-1,1,-1,1,-1,1,1,1,1,1,-1,1,1,1,-1,1,-1,-1,-1,-1,1,1,1,1,-1,-1,1,1,1,1,-1,-1,1,-1,-1,1,-1,1,-1,-1,1,-1,1,-1,-1,-1,1,1,-1,1,-1,1,-1,-1,1,-1,1,1,-1,-1,-1,1,-1,-1,1,1,-1,-1,1,-1,1,1,-1,1,-1,1,-1,-1,1,1,-1,-1,1,-1,1,1,-1,-1,1,1,-1,1,-1,1,-1,1,-1,1,1,-1,1,-1,1,-1,-1,1,-1,-1,-1,1,-1,-1,1,-1,1,-1,1,-1,-1,1,-1,-1,1,-1,1,-1,1,-1,1,-1,1,1,-1,1,-1,1,-1,1,-1,-1,1,-1,1,1,1,1,-1,-1,1,1,-1,1,1,-1,1,1,1,1,-1,1,1,-1,1,1,1,1,-1,1,1,-1,-1,-1,1,-1,1,1,1,1,-1,1,-1,1,-1,-1,-1,1,1,-1,1,1,-1,-1,-1,1,-1,1,1,-1,1,-1,1,-1,-1,-1,-1,-1,-1,1,-1,-1,-1,-1,-1,-1,1,-1,1,1,1,1,-1,1,-1,1,1,-1,-1,-1,1,-1,-1,1,-1,1,-1,-1,1,1,1,1,-1,-1,1,1,1,1,-1,1,-1,-1,1,1,1,-1,-1,-1,1,1,1,1,-1,1,-1,1,-1,1,-1,1,1,-1,-1,1,1,1,-1,-1,-1,-1,1,1,1,1,-1,-1,-1,1,1,1,1,-1,-1,-1,1,-1,1,-1,-1,-1,-1,1,1,1,1,-1,-1,1,1,1,1,1,-1,-1,-1,1,1,-1,1,-1,-1,-1,1,1,1,1,-1,-1,1,1,1,1,-1,-1,1,1,-1,1,1,-1,-1,-1,1,1,1,1,1,-1,1,1,1,1,1,-1,-1,-1,1,-1,1,-1,-1,-1,-1,1,-1,1,1,1,-1,-1,1,-1,1,1,-1,-1,-1,1,1,1,1,-1,-1,-1,1,-1,1,1,-1,-1,-1,1,1,-1,-1,-1,-1,-1,1,-1,1,-1,-1,-1,-1,-1,-1,-1,1,-1,-1,-1,1,-1,-1,1,-1,-1,-1,-1,-1,1,1,-1,-1,-1,-1,-1,1,-1,-1,-1,1,-1,-1,1,-1,1,-1,-1,-1,-1,-1,-1,-1,1,-1,-1,-1,1,1,-1,-1,-1,1,-1,-1,-1,-1,-1,1,-1,-1,1,1,1,-1,-1,-1,-1,1,-1,1,1,-1,1,-1,-1,1,1,-1,-1,-1,-1,-1,-1,1,1,-1,-1,1,-1,1,1,-1,-1,-1,1,-1,1,1,-1,-1,1,1,-1,1,1,1,-1,1,-1,1,1,1,-1,-1,1,-1,-1,1,1,1,1,-1,1,-1,1,1,1,-1,1,-1,-1,1,1,1,1,-1,1,-1,1,1,1,1,1,-1,-1,1,1,1,1,1,-1,-1,-1,1,1,1,-1,-1,-1,1,-1,1,1,1,-1,-1,-1,1,-1,1,1,-1,-1,1,-1,1,1,1,-1,1,1,1,1,1,1,-1,1,-1,-1,1,1,1,-1,1,-1,1,1,1,-1,1,-1,1,-1,1,1,-1,1,1,-1,-1,1,-1,1,1,-1,-1,1,1,1,1,-1,1,-1,-1,1,1,-1,-1,1,-1,1,1,1,-1,1,-1,-1,-1,1,1,-1,-1,1,-1,-1,1,1,1,-1,1,-1,-1,1,1,1,-1,1,-1,-1,1,1,-1,-1,-1,1,-1,-1,1,-1,1,1,-1,1,1,-1,-1,1,1,-1,-1,1,1,-1,1,1,-1,1,1,-1,-1,-1,-1,1,-1,-1,-1,-1,1,-1,-1,1,1,-1,1,1,-1,1,1,1,1,-1,1,-1,1,1,1,-1,-1,1,-1,-1,1,1,-1,-1,1,-1,1,1,1,-1,-1,1,-1,1,1,1,1,-1,1,-1,-1,1,1,-1,-1,-1,1,-1,1,-1,1,-1,1,-1,-1,1,-2666.0,1,2000,445,0,False
1861,1,1,-1,-1,1,1,-1,-1,1,1,1,-1,-1,1,-1,1,-1,1,-1,-1,1,1,1,1,1,-1,-1,-1,1,1,1,1,-1,-1,-1,-1,1,-1,1,1,-1,-1,-1,1,1,1,1,-1,1,1,1,1,-1,1,-1,-1,1,-1,1,1,1,-1,-1,1,1,1,1,1,-1,-1,1,1,1,1,1,-1,-1,-1,1,1,1,-1,-1,-1,1,1,1,1,-1,-1,-1,1,1,1,1,-1,-1,1,1,-1,1,1,-1,-1,1,1,1,1,1,-1,-1,1,1,1,1,1,-1,-1,1,1,1,1,1,1,-1,1,1,1,-1,1,1,-1,1,1,1,1,1,1,-1,-1,1,1,1,1,1,-1,1,1,1,1,1,1,-1,-1,-1,1,1,1,1,-1,1,-1,1,1,-1,1,-1,1,-1,1,1,1,-1,-1,1,1,1,1,1,-1,1,-1,-1,1,-1,1,-1,1,1,1,1,1,1,1,1,1,-1,1,-1,1,-1,1,1,-1,1,-1,1,1,-1,1,-1,1,-1,1,-1,1,1,-1,1,-1,1,1,1,1,-1,-1,1,1,-1,-1,1,-1,1,-1,1,1,1,1,-1,1,-1,1,-1,1,1,-1,-1,-1,1,-1,-1,1,-1,1,1,1,-1,1,1,-1,-1,-1,1,-1,1,-1,1,-1,1,1,-1,1,-1,-1,-1,1,1,-1,1,-1,-1,-1,1,1,-1,-1,1,1,-1,-1,1,-1,-1,1,1,-1,1,1,1,1,-1,1,-1,1,1,-1,1,-1,1,1,1,1,-1,-1,-1,1,-1,-1,1,-1,-1,1,1,1,-1,1,1,1,-1,1,1,1,1,1,-1,-1,1,-1,1,1,-1,1,-1,1,-1,1,1,-1,-1,1,1,-1,-1,1,1,1,-1,1,-1,1,1,1,-1,1,1,-1,1,1,1,-1,1,1,-1,1,1,1,-1,1,1,1,-1,1,1,-1,1,1,-1,1,-1,1,-1,1,1,1,-1,1,1,1,1,1,1,-1,1,1,-1,1,1,1,-1,-1,-1,-1,1,1,1,-1,1,1,-1,1,1,-1,-1,1,1,1,1,1,-1,1,1,1,-1,1,1,1,-1,-1,1,1,1,-1,1,-1,1,1,1,1,1,1,-1,-1,-1,1,-1,-1,1,1,-1,1,1,1,1,1,1,1,-1,1,-1,-1,1,-1,1,-1,1,1,-1,1,1,1,-1,-1,1,-1,1,1,1,-1,1,1,1,-1,1,1,-1,-1,1,-1,1,1,1,-1,1,1,1,1,1,1,-1,1,-1,1,1,1,-1,1,1,-1,1,1,1,-1,-1,1,-1,1,1,1,-1,-1,1,-1,-1,1,1,-1,-1,1,-1,1,1,1,1,-1,1,1,-1,1,1,1,-1,1,-1,-1,1,1,-1,-1,1,-1,-1,1,-1,1,-1,-1,1,-1,1,-1,1,-1,1,1,-1,-1,1,1,1,-1,1,-1,1,-1,-1,1,1,-1,-1,1,1,-1,-1,1,1,-1,1,1,-1,1,1,1,-1,1,1,-1,-1,-1,1,-1,-1,1,-1,-1,1,1,-1,-1,1,-1,-1,1,1,1,-1,1,-1,-1,1,1,-1,-1,1,-1,-1,-1,1,1,-1,1,-1,-1,-1,1,1,-1,1,-1,1,-1,1,1,-1,-1,1,-1,-1,-1,-1,-1,1,1,1,-1,-1,1,-1,-1,1,-1,-1,1,-1,-1,1,1,-1,-1,1,-1,-1,1,1,-1,1,-1,1,-1,-1,1,1,-1,-1,-1,-1,1,1,-1,-1,1,-1,-1,-1,1,1,-1,-1,-1,-1,-1,1,-1,-1,-1,-1,-1,1,1,1,-1,-1,-1,-1,-1,1,1,-1,-1,-1,-1,-1,1,1,1,-1,-1,-1,-1,1,1,-1,-1,-1,-1,1,1,1,1,-1,-1,1,1,1,1,1,-1,-1,-1,1,1,1,-1,1,-1,1,1,1,1,-1,1,-1,-1,1,-1,1,-1,1,-1,-1,1,-1,1,-1,-1,-1,-1,1,-1,1,-1,1,1,-1,1,-1,1,-1,1,1,-1,1,-1,1,-1,-1,-1,-1,1,1,-1,-1,-1,-1,-1,1,-1,1,-1,-1,-1,-1,-1,-1,-1,1,-1,-1,-1,1,-1,-1,1,-1,-1,-1,-1,-1,1,1,-1,-1,-1,-1,-1,1,-1,-1,-1,1,-1,-1,1,-1,1,-1,-1,-1,-1,-1,-1,-1,1,-1,-1,-1,1,1,-1,-1,-1,-1,1,-1,-1,-1,-1,1,-1,-1,1,-1,1,-1,-1,-1,-1,1,-1,1,1,-1,1,-1,-1,1,1,-1,-1,-1,-1,-1,-1,1,1,-1,-1,1,-1,1,1,-1,-1,-1,1,-1,-1,1,-1,-1,1,1,-1,1,1,1,-1,1,-1,1,1,1,-1,-1,1,-1,-1,1,-1,1,-1,1,-1,-1,1,1,-1,1,1,1,-1,1,1,-1,1,1,1,-1,1,1,-1,1,1,1,-1,1,1,1,1,-1,1,-1,-1,1,1,-1,1,1,-1,1,-1,1,1,1,1,-1,-1,1,-1,1,-1,1,-1,1,-1,1,1,-1,1,1,1,1,1,1,1,1,1,-1,-1,1,1,1,-1,1,-1,1,1,1,1,1,-1,1,-1,1,1,-1,-1,1,-1,-1,1,-1,1,1,-1,-1,1,1,1,-1,1,1,-1,-1,1,1,-1,-1,1,-1,1,1,1,-1,1,-1,-1,-1,1,1,-1,-1,1,-1,-1,1,1,-1,-1,1,-1,-1,1,1,1,1,-1,-1,-1,1,1,-1,-1,1,1,-1,1,1,-1,1,1,-1,1,1,-1,-1,1,-1,-1,-1,1,1,-1,1,1,-1,1,1,-1,-1,-1,-1,1,-1,-1,-1,-1,1,-1,-1,1,1,-1,1,1,-1,1,1,1,1,-1,1,-1,1,1,1,1,-1,1,-1,-1,1,1,1,-1,1,-1,1,1,1,1,-1,1,-1,1,1,-1,-1,-1,1,-1,-1,1,1,-1,-1,-1,1,-1,1,-1,1,-1,1,-1,-1,1,-2666.0,1,2000,445,1000,False
1862,1,1,-1,-1,1,1,-1,-1,1,1,1,-1,1,1,1,1,-1,1,-1,-1,-1,-1,1,1,1,-1,-1,-1,1,1,1,1,1,-1,-1,-1,1,1,1,1,-1,-1,-1,1,1,1,1,-1,1,1,1,1,-1,1,-1,-1,1,-1,1,1,1,-1,-1,-1,1,1,1,1,-1,-1,-1,1,1,1,1,-1,-1,-1,1,1,1,-1,-1,-1,1,1,1,1,-1,-1,-1,1,1,1,1,-1,-1,1,1,-1,1,1,-1,-1,1,1,1,1,1,-1,-1,1,1,1,1,1,-1,-1,1,1,1,1,1,1,-1,-1,1,1,-1,1,1,-1,1,1,1,1,1,1,-1,-1,1,1,1,1,1,-1,1,1,1,1,1,1,-1,-1,-1,1,1,1,1,-1,1,1,1,1,-1,1,-1,1,-1,1,1,1,-1,-1,1,1,1,1,1,-1,1,-1,-1,1,-1,1,-1,1,1,1,1,1,1,1,1,1,-1,1,-1,1,-1,1,1,-1,1,-1,1,1,-1,1,-1,1,-1,1,-1,1,1,-1,1,-1,1,1,1,1,-1,-1,1,1,-1,-1,1,-1,1,-1,-1,1,-1,1,-1,1,-1,1,-1,1,1,-1,1,-1,1,1,-1,1,-1,1,1,1,-1,1,1,-1,1,-1,1,-1,1,-1,1,-1,1,1,-1,1,-1,-1,-1,1,1,-1,1,-1,-1,-1,1,1,-1,-1,1,1,-1,-1,1,1,-1,1,1,-1,1,1,1,1,-1,1,-1,1,1,-1,1,-1,1,-1,1,1,1,1,1,1,-1,-1,1,-1,-1,-1,1,1,-1,1,1,1,-1,1,1,1,1,1,1,1,1,-1,1,1,1,-1,1,1,-1,1,1,1,-1,1,1,-1,-1,1,1,1,-1,1,-1,1,1,1,-1,1,1,-1,1,1,1,-1,1,1,-1,1,1,1,-1,1,1,-1,-1,1,1,-1,1,1,-1,1,-1,1,-1,1,-1,1,-1,1,1,1,1,-1,1,-1,1,1,-1,1,1,1,-1,-1,-1,-1,1,-1,1,-1,1,1,-1,1,1,-1,-1,1,1,1,1,1,-1,1,1,1,-1,1,1,1,1,-1,1,1,1,-1,1,-1,1,1,1,1,1,1,-1,-1,-1,1,-1,1,1,1,-1,1,1,1,1,1,1,1,-1,1,-1,-1,1,-1,1,-1,1,1,1,1,1,1,-1,-1,1,-1,1,1,1,-1,1,1,1,-1,1,1,-1,-1,1,-1,1,1,1,-1,1,1,1,1,1,1,-1,1,-1,-1,1,1,-1,-1,1,-1,-1,1,1,-1,-1,1,-1,1,1,1,-1,-1,1,-1,-1,1,1,-1,-1,1,-1,1,1,1,1,-1,1,1,-1,-1,1,1,-1,-1,1,1,-1,1,-1,-1,1,1,-1,1,-1,1,-1,-1,1,-1,1,-1,1,1,-1,1,-1,-1,1,1,1,-1,1,-1,1,-1,1,-1,1,-1,-1,-1,1,-1,1,1,1,1,-1,1,-1,-1,1,1,-1,1,1,-1,1,-1,1,-1,-1,1,-1,-1,1,1,1,-1,1,-1,-1,1,1,-1,-1,1,-1,1,1,1,-1,-1,1,-1,-1,-1,1,1,-1,1,1,-1,-1,1,-1,-1,1,-1,1,-1,1,1,-1,-1,1,-1,-1,-1,-1,-1,1,1,1,-1,1,1,-1,-1,1,-1,1,-1,-1,-1,-1,1,-1,-1,-1,-1,-1,1,1,-1,1,1,-1,-1,-1,1,1,-1,-1,-1,-1,-1,1,-1,-1,1,-1,-1,-1,1,1,-1,-1,-1,-1,-1,1,-1,-1,1,-1,-1,1,1,1,-1,1,-1,-1,-1,1,1,-1,-1,-1,-1,-1,1,1,1,-1,-1,-1,-1,1,1,-1,-1,-1,-1,1,-1,1,1,-1,-1,1,1,-1,1,1,-1,-1,-1,1,1,1,-1,1,-1,1,1,1,1,-1,1,-1,-1,1,-1,1,-1,1,-1,-1,1,-1,1,-1,-1,-1,-1,1,-1,1,-1,1,-1,-1,1,-1,1,-1,1,-1,-1,1,-1,1,-1,-1,-1,-1,1,1,-1,-1,-1,-1,-1,1,-1,1,-1,-1,-1,-1,-1,-1,-1,1,-1,-1,-1,1,-1,-1,1,-1,-1,-1,-1,-1,-1,1,-1,-1,-1,-1,-1,1,-1,-1,-1,1,-1,-1,1,-1,1,-1,-1,-1,-1,-1,-1,-1,1,-1,-1,-1,1,1,1,-1,-1,1,1,-1,-1,-1,-1,1,-1,-1,1,-1,1,-1,-1,-1,-1,1,-1,1,1,-1,1,-1,-1,1,1,-1,-1,-1,-1,-1,-1,1,1,-1,-1,1,-1,1,1,-1,-1,-1,1,-1,1,1,-1,-1,1,-1,-1,1,1,1,-1,1,-1,1,1,1,-1,-1,1,-1,-1,1,1,1,-1,1,-1,-1,1,1,-1,1,1,-1,-1,1,1,-1,1,1,-1,-1,1,1,1,1,1,-1,-1,1,1,1,1,1,1,-1,-1,1,1,-1,1,-1,-1,1,-1,1,1,1,1,-1,-1,1,-1,1,1,1,-1,1,1,1,1,-1,1,-1,1,1,1,1,1,1,1,-1,1,1,1,1,-1,1,-1,1,1,1,1,1,-1,1,1,1,1,-1,1,1,-1,1,1,-1,1,1,-1,-1,1,1,1,1,-1,1,-1,1,1,1,-1,-1,1,-1,1,1,1,-1,1,-1,-1,-1,1,1,-1,-1,1,-1,-1,1,1,-1,-1,1,-1,-1,1,1,1,-1,1,-1,-1,1,1,-1,-1,-1,1,-1,1,1,-1,1,1,-1,1,1,-1,-1,1,-1,-1,-1,1,1,-1,1,1,-1,1,1,-1,-1,-1,-1,1,-1,-1,-1,-1,-1,-1,-1,1,1,-1,1,1,-1,1,1,1,1,-1,1,-1,1,1,1,1,-1,1,-1,-1,-1,1,1,-1,1,-1,1,1,1,1,-1,1,-1,1,1,1,-1,-1,1,-1,-1,1,1,-1,-1,-1,1,-1,1,-1,1,-1,1,-1,-1,1,-2666.0,1,2000,445,1500,False
1863,1,1,-1,-1,1,-1,1,1,1,1,1,-1,1,1,1,1,-1,1,-1,-1,1,1,1,1,1,-1,-1,-1,1,1,1,1,1,-1,-1,1,-1,1,1,1,-1,-1,1,1,1,1,1,-1,1,-1,1,1,-1,1,-1,-1,1,-1,1,1,1,-1,-1,-1,1,1,1,1,-1,-1,1,-1,1,1,1,-1,-1,1,-1,1,1,-1,-1,-1,-1,1,1,1,-1,-1,-1,1,-1,1,1,-1,-1,1,-1,1,1,1,-1,-1,1,-1,-1,1,1,-1,-1,1,-1,-1,1,1,-1,-1,1,-1,-1,1,1,1,-1,-1,-1,-1,1,1,1,-1,1,-1,-1,1,1,1,-1,-1,-1,-1,1,1,1,-1,1,-1,-1,-1,1,1,-1,-1,1,-1,-1,1,1,-1,1,-1,-1,-1,1,1,-1,1,1,-1,1,1,-1,-1,1,-1,-1,1,1,-1,1,-1,1,-1,1,1,-1,1,1,-1,-1,-1,1,1,1,1,1,-1,1,1,-1,1,1,1,-1,1,1,1,-1,1,1,-1,1,1,-1,1,1,1,-1,1,1,1,1,1,1,1,-1,1,-1,-1,1,1,1,-1,1,1,-1,1,1,-1,-1,1,-1,-1,1,1,1,-1,1,1,-1,1,1,-1,1,1,-1,1,1,1,-1,-1,1,-1,1,-1,1,1,1,1,-1,1,-1,1,1,1,1,-1,1,-1,1,1,1,1,-1,-1,1,1,1,1,1,1,-1,1,1,-1,-1,1,1,1,-1,1,1,1,1,-1,1,-1,1,1,1,-1,1,1,1,1,1,1,1,-1,-1,1,1,-1,1,1,1,1,-1,1,1,1,1,1,1,1,1,1,1,1,1,-1,1,1,1,1,1,1,-1,1,1,1,1,-1,1,1,-1,1,1,1,1,1,-1,1,1,1,1,1,1,-1,1,-1,1,1,1,1,-1,1,-1,1,1,1,1,-1,1,-1,1,-1,-1,1,-1,1,1,-1,1,1,1,1,-1,1,-1,1,-1,1,-1,1,-1,-1,1,-1,-1,-1,1,1,-1,1,-1,1,-1,1,-1,1,-1,1,1,1,1,-1,1,-1,1,1,-1,1,-1,-1,-1,-1,1,1,-1,1,-1,-1,1,-1,1,-1,-1,-1,1,-1,-1,1,-1,1,-1,1,-1,1,1,-1,-1,-1,1,1,-1,1,-1,1,-1,-1,1,-1,1,-1,-1,-1,-1,1,-1,-1,1,1,-1,-1,1,-1,1,1,-1,1,-1,1,-1,1,-1,1,-1,1,1,-1,1,-1,-1,-1,1,1,-1,1,-1,1,-1,1,-1,1,1,1,1,-1,1,-1,-1,1,-1,-1,-1,1,-1,1,-1,-1,1,-1,1,-1,-1,1,-1,-1,1,-1,1,-1,1,-1,1,-1,1,1,-1,-1,-1,1,-1,1,-1,-1,1,-1,1,1,-1,1,-1,-1,1,1,-1,-1,1,-1,-1,1,1,1,1,1,1,-1,1,1,1,-1,-1,-1,1,-1,1,1,-1,1,-1,1,-1,-1,1,-1,-1,1,-1,-1,1,-1,-1,-1,1,1,-1,-1,1,-1,-1,1,1,-1,-1,1,-1,-1,-1,-1,-1,-1,1,-1,-1,-1,-1,-1,-1,1,-1,-1,1,1,1,1,1,-1,-1,1,1,-1,-1,1,-1,-1,-1,1,-1,-1,1,1,-1,1,1,1,-1,1,1,-1,-1,1,-1,-1,1,1,-1,-1,1,-1,1,1,-1,-1,1,1,-1,1,1,-1,1,1,-1,1,1,1,1,-1,1,1,-1,-1,1,1,-1,1,1,1,-1,1,1,-1,-1,1,1,1,1,1,-1,1,1,-1,-1,1,1,-1,-1,1,1,-1,1,1,-1,-1,1,1,-1,1,1,-1,-1,-1,1,-1,1,1,-1,-1,1,1,-1,1,1,-1,-1,-1,1,-1,-1,-1,1,-1,1,-1,-1,1,-1,-1,-1,1,1,-1,-1,1,-1,-1,1,1,-1,1,-1,-1,1,-1,1,-1,-1,1,-1,-1,1,-1,-1,-1,1,-1,-1,1,-1,-1,-1,1,-1,1,-1,1,-1,-1,-1,-1,-1,-1,-1,-1,-1,1,-1,1,-1,-1,-1,-1,-1,-1,1,-1,-1,-1,-1,1,1,-1,1,-1,-1,-1,1,-1,-1,1,-1,-1,-1,-1,-1,1,1,-1,-1,-1,-1,-1,1,-1,-1,-1,1,-1,-1,1,-1,1,-1,-1,-1,-1,-1,-1,-1,1,-1,-1,-1,1,1,-1,-1,-1,-1,1,-1,-1,-1,-1,-1,-1,-1,1,1,1,-1,-1,-1,-1,1,-1,1,1,-1,1,-1,-1,1,1,-1,-1,-1,-1,-1,-1,1,1,-1,-1,1,-1,1,1,-1,-1,-1,1,-1,1,1,-1,-1,1,-1,-1,1,1,1,-1,1,-1,1,1,1,-1,-1,1,-1,-1,1,1,1,-1,1,-1,-1,1,1,-1,1,1,-1,-1,1,1,1,1,1,-1,-1,1,1,1,1,1,-1,-1,1,1,1,1,-1,1,-1,1,1,1,-1,1,-1,-1,1,-1,1,1,1,1,-1,-1,1,-1,1,1,1,-1,1,1,1,1,-1,1,-1,1,1,1,1,1,1,1,-1,1,1,1,1,-1,1,-1,1,1,1,1,1,-1,1,1,1,1,-1,1,1,-1,1,1,-1,1,1,-1,-1,1,1,1,1,-1,1,-1,1,1,1,-1,-1,1,-1,1,1,1,-1,1,-1,-1,-1,1,1,-1,-1,1,-1,-1,1,1,-1,-1,1,-1,1,1,1,1,-1,1,-1,-1,1,1,-1,-1,-1,1,1,-1,1,-1,1,1,-1,1,1,-1,-1,1,1,-1,-1,1,1,-1,1,1,1,1,1,-1,-1,-1,-1,-1,-1,-1,-1,-1,-1,1,1,1,1,-1,1,1,-1,1,1,1,1,-1,1,-1,1,1,1,1,-1,1,-1,1,1,1,1,-1,1,-1,1,1,1,1,-1,1,-1,1,1,-1,-1,-1,1,-1,1,1,1,-1,-1,-1,1,-1,1,-1,1,-1,1,-1,1,1,-2666.0,1,2000,445,0,False
1864,1,1,-1,-1,1,1,-1,-1,1,1,1,-1,-1,1,1,1,-1,1,-1,-1,-1,-1,1,1,1,-1,-1,-1,1,1,1,1,1,-1,-1,-1,1,-1,1,1,-1,-1,-1,1,1,1,1,-1,1,1,1,1,-1,1,-1,-1,1,-1,1,1,1,-1,-1,-1,1,1,1,1,-1,-1,-1,1,1,1,1,-1,-1,-1,1,1,1,-1,-1,-1,1,1,1,1,-1,-1,-1,1,1,1,1,-1,-1,1,1,-1,1,1,-1,-1,1,1,1,1,1,-1,-1,1,1,1,1,1,-1,-1,1,1,1,1,1,1,-1,-1,1,1,-1,1,1,-1,1,1,1,1,1,1,-1,-1,1,1,1,1,1,-1,1,1,1,1,1,1,-1,-1,-1,1,1,1,1,-1,1,1,1,1,-1,1,-1,1,-1,1,1,1,-1,-1,1,1,1,1,1,-1,1,-1,-1,1,1,1,-1,1,1,1,1,-1,1,1,1,1,-1,1,-1,1,-1,1,1,-1,1,-1,1,1,-1,1,-1,1,-1,1,-1,1,1,-1,1,-1,1,1,1,1,-1,-1,1,1,-1,-1,1,-1,1,-1,1,1,-1,1,-1,1,-1,1,-1,-1,1,-1,-1,1,-1,1,-1,1,-1,1,1,1,-1,1,1,-1,1,-1,1,-1,1,-1,1,-1,1,1,-1,1,-1,-1,-1,-1,1,-1,1,-1,-1,-1,1,1,-1,-1,1,1,-1,1,1,1,-1,1,1,-1,1,1,1,1,-1,1,-1,1,1,-1,1,-1,1,1,1,-1,1,1,1,1,-1,-1,1,-1,-1,1,1,1,-1,1,1,1,-1,1,1,1,1,1,1,-1,1,-1,1,1,1,-1,1,1,-1,1,1,1,-1,1,1,-1,-1,1,1,1,-1,1,-1,1,1,1,-1,1,1,-1,1,1,1,-1,1,1,-1,1,1,1,-1,1,1,-1,-1,1,1,-1,1,1,-1,1,-1,1,-1,1,1,1,-1,1,1,1,-1,1,1,-1,1,1,-1,1,1,1,-1,-1,-1,-1,1,1,1,-1,1,1,-1,1,1,-1,-1,1,1,1,1,1,-1,1,1,1,-1,1,1,1,1,-1,1,1,1,-1,1,-1,1,1,1,1,1,1,-1,-1,-1,1,-1,-1,1,-1,1,-1,1,1,1,1,1,-1,-1,1,-1,-1,1,-1,1,-1,1,1,-1,1,1,1,-1,-1,1,-1,1,1,-1,-1,1,1,1,-1,1,-1,-1,-1,1,-1,1,1,-1,-1,1,1,1,1,-1,1,-1,1,-1,-1,1,-1,1,-1,1,-1,1,1,-1,-1,-1,1,-1,1,1,1,-1,-1,1,-1,-1,1,-1,-1,-1,1,-1,1,1,1,-1,-1,1,1,-1,1,-1,-1,-1,-1,-1,-1,1,-1,-1,-1,1,-1,-1,1,-1,-1,-1,-1,1,-1,1,-1,-1,-1,-1,1,-1,-1,1,1,1,-1,1,-1,1,1,1,-1,1,-1,-1,-1,1,-1,-1,1,1,1,-1,1,-1,1,1,1,-1,1,1,-1,1,-1,1,-1,-1,1,-1,-1,1,1,1,-1,1,-1,-1,1,1,-1,-1,1,-1,-1,1,1,-1,-1,1,-1,-1,-1,1,1,-1,1,1,-1,-1,1,-1,-1,1,-1,1,-1,1,1,-1,-1,1,-1,-1,-1,-1,-1,1,1,1,-1,-1,1,-1,-1,1,-1,-1,1,-1,-1,1,1,-1,-1,1,-1,-1,1,1,-1,1,-1,-1,-1,-1,1,1,-1,-1,-1,-1,-1,1,-1,-1,1,-1,-1,-1,1,1,-1,-1,-1,-1,-1,1,-1,-1,-1,-1,-1,1,1,1,-1,-1,-1,-1,-1,1,1,-1,-1,-1,-1,-1,1,1,1,-1,-1,-1,-1,1,1,-1,-1,-1,-1,1,-1,1,1,1,-1,1,1,-1,1,1,1,-1,-1,1,1,1,-1,-1,-1,1,1,1,1,-1,1,-1,-1,1,-1,1,-1,1,-1,-1,1,-1,1,-1,1,-1,-1,1,-1,1,-1,1,1,-1,1,-1,1,1,1,1,1,-1,-1,1,1,1,-1,-1,1,-1,-1,1,1,-1,-1,1,-1,1,-1,1,-1,-1,1,1,-1,1,1,-1,-1,1,-1,-1,1,1,-1,-1,-1,1,-1,-1,1,-1,-1,-1,-1,-1,1,-1,-1,1,-1,-1,1,-1,1,-1,-1,-1,-1,-1,1,1,1,-1,-1,-1,1,1,1,-1,-1,-1,1,-1,-1,1,-1,1,-1,-1,1,1,1,-1,-1,-1,-1,1,-1,1,1,-1,1,-1,-1,1,1,-1,-1,-1,-1,-1,-1,1,1,-1,-1,1,-1,1,1,-1,-1,-1,1,-1,1,1,-1,-1,1,-1,-1,1,1,1,-1,1,-1,1,1,1,-1,-1,1,-1,-1,1,1,1,-1,1,-1,-1,1,1,-1,1,1,-1,-1,1,1,-1,1,1,-1,-1,1,1,1,1,1,-1,-1,1,1,1,1,-1,1,-1,-1,1,1,-1,1,-1,-1,1,-1,1,1,1,1,-1,-1,1,-1,1,1,1,-1,1,1,1,1,-1,1,-1,1,1,1,1,1,1,1,-1,1,1,1,1,-1,1,-1,1,1,1,1,1,-1,1,1,1,1,-1,1,1,-1,1,1,-1,1,1,-1,-1,1,1,1,1,-1,1,-1,1,1,1,-1,-1,1,-1,1,1,1,-1,1,-1,-1,-1,1,1,-1,-1,1,-1,-1,1,1,-1,-1,1,-1,-1,1,1,1,-1,1,-1,-1,1,1,-1,-1,-1,1,-1,1,1,-1,1,1,-1,1,1,-1,-1,1,-1,-1,-1,1,1,-1,1,1,-1,1,1,-1,-1,-1,-1,1,-1,-1,-1,-1,1,-1,-1,1,1,-1,1,1,-1,1,1,1,1,-1,1,-1,1,1,1,1,-1,1,-1,-1,1,1,1,-1,1,-1,1,1,1,1,-1,1,-1,1,1,1,-1,-1,1,-1,-1,1,1,-1,-1,-1,1,-1,1,-1,1,-1,1,-1,-1,1,-2666.0,1,2000,445,1500,False
1865,1,1,-1,-1,1,1,-1,-1,1,1,1,-1,-1,1,1,1,-1,1,-1,-1,-1,-1,1,1,1,-1,-1,-1,1,1,1,1,1,-1,-1,-1,1,1,1,1,-1,-1,-1,1,1,1,-1,-1,1,1,1,1,-1,1,-1,-1,1,-1,1,1,-1,-1,-1,-1,1,1,1,-1,-1,-1,-1,1,1,1,1,-1,-1,-1,1,1,1,-1,-1,-1,1,1,1,1,-1,-1,-1,1,1,1,1,-1,-1,1,1,-1,1,1,-1,-1,1,1,1,1,1,-1,-1,1,1,1,1,1,-1,-1,1,1,1,1,1,1,-1,1,1,1,-1,1,1,-1,1,1,1,1,1,1,-1,-1,1,1,1,1,1,-1,1,1,1,1,1,1,-1,-1,-1,1,1,1,1,-1,1,1,1,1,-1,1,-1,1,-1,1,1,1,-1,-1,1,1,1,1,1,-1,1,-1,-1,1,-1,1,-1,1,1,1,1,1,1,-1,1,1,-1,1,-1,1,1,-1,1,-1,1,-1,1,-1,-1,1,-1,1,-1,1,-1,1,1,-1,1,-1,1,1,1,1,-1,-1,1,1,-1,-1,1,-1,1,-1,-1,1,-1,1,-1,1,-1,1,-1,1,1,-1,-1,-1,1,-1,1,1,-1,1,1,1,1,1,1,-1,1,-1,-1,1,1,-1,1,-1,1,-1,1,1,-1,-1,-1,1,1,1,1,-1,-1,-1,1,1,-1,1,1,1,-1,-1,1,1,1,1,1,-1,1,1,-1,1,-1,1,-1,1,1,1,1,-1,1,1,-1,1,1,1,1,1,-1,-1,1,-1,1,-1,1,1,-1,1,1,1,-1,1,-1,-1,1,1,1,1,1,-1,1,1,1,-1,-1,1,-1,1,1,1,-1,1,1,-1,-1,1,1,1,-1,1,-1,1,1,1,-1,1,1,-1,1,1,1,-1,1,-1,-1,1,1,1,1,1,-1,-1,-1,1,1,-1,1,-1,-1,1,-1,1,-1,1,1,-1,-1,1,1,1,1,1,-1,-1,1,1,-1,1,-1,-1,-1,-1,-1,-1,1,-1,-1,-1,1,1,-1,1,-1,1,-1,1,1,1,1,1,-1,1,1,1,-1,1,-1,-1,-1,-1,1,1,1,1,-1,-1,1,1,1,1,-1,-1,1,-1,-1,1,-1,1,-1,-1,1,-1,1,1,-1,-1,1,1,-1,1,-1,1,-1,-1,1,-1,1,1,-1,-1,-1,1,-1,-1,1,1,-1,-1,1,-1,1,1,-1,1,-1,1,-1,-1,1,1,-1,-1,1,-1,1,1,-1,-1,1,1,-1,1,-1,1,-1,1,-1,-1,1,-1,1,-1,1,-1,-1,1,-1,-1,-1,1,-1,-1,1,-1,1,-1,1,-1,-1,1,-1,-1,1,-1,1,-1,1,1,1,-1,1,1,-1,-1,-1,1,-1,1,-1,-1,1,-1,1,1,1,1,-1,-1,1,1,-1,1,1,-1,-1,1,1,1,-1,1,1,-1,1,1,1,1,1,1,1,-1,-1,-1,1,-1,1,1,1,1,-1,1,-1,1,-1,-1,-1,1,1,-1,1,1,-1,-1,-1,1,-1,1,1,-1,1,-1,1,-1,-1,-1,-1,-1,-1,1,-1,-1,-1,-1,-1,-1,1,-1,1,1,1,1,-1,1,-1,1,1,-1,-1,-1,1,-1,-1,1,-1,1,-1,-1,1,1,1,1,-1,-1,1,1,1,1,-1,1,-1,-1,1,1,1,-1,-1,-1,1,1,1,1,-1,-1,-1,1,-1,1,-1,1,1,-1,-1,1,1,1,-1,-1,-1,-1,1,1,1,1,-1,-1,-1,1,1,1,1,-1,-1,-1,1,-1,1,-1,-1,-1,1,1,1,1,1,-1,-1,-1,1,1,1,1,-1,-1,-1,1,1,-1,1,-1,-1,-1,1,1,1,1,-1,-1,1,1,1,1,-1,-1,1,1,-1,1,1,-1,-1,-1,1,1,1,1,1,-1,1,1,1,1,1,-1,-1,-1,1,-1,1,-1,-1,-1,-1,1,-1,1,1,1,-1,-1,1,-1,1,1,-1,-1,-1,1,1,1,1,-1,-1,-1,1,-1,1,1,-1,-1,-1,1,1,-1,-1,-1,-1,-1,1,-1,1,-1,-1,-1,-1,-1,-1,-1,1,-1,-1,-1,1,-1,-1,1,-1,-1,-1,-1,-1,-1,1,-1,-1,-1,-1,-1,1,-1,-1,-1,1,-1,-1,1,-1,1,-1,-1,-1,-1,-1,-1,-1,1,-1,-1,-1,1,1,-1,-1,-1,1,-1,-1,-1,-1,-1,1,-1,-1,1,1,1,-1,-1,-1,-1,1,-1,1,1,-1,1,-1,-1,1,1,1,-1,-1,-1,-1,-1,1,1,-1,-1,1,-1,1,1,-1,-1,-1,1,-1,1,1,-1,-1,1,1,-1,1,1,1,-1,1,-1,1,1,1,-1,-1,1,-1,-1,1,-1,1,1,-1,-1,-1,1,1,1,-1,1,-1,-1,1,1,1,1,-1,1,-1,1,1,1,1,1,-1,-1,1,1,1,1,1,-1,-1,-1,1,1,1,-1,-1,-1,1,-1,1,1,1,-1,-1,-1,1,-1,1,1,-1,-1,1,1,1,1,1,-1,-1,1,1,1,1,1,-1,1,-1,1,1,1,1,-1,1,-1,1,1,1,-1,1,-1,1,1,1,1,-1,-1,1,-1,1,1,-1,1,1,-1,-1,1,1,1,1,-1,1,-1,1,1,1,-1,-1,1,-1,1,1,1,-1,1,-1,-1,-1,1,1,-1,-1,1,-1,-1,1,1,1,-1,1,-1,-1,1,1,1,-1,1,-1,-1,1,1,-1,-1,-1,1,-1,1,1,-1,1,1,-1,1,1,-1,-1,1,-1,-1,-1,1,1,-1,1,1,-1,1,1,-1,-1,1,-1,1,-1,-1,-1,-1,1,-1,-1,1,1,-1,1,1,-1,1,1,1,1,-1,1,-1,1,1,1,1,-1,1,-1,-1,1,1,1,-1,1,-1,1,1,1,1,-1,1,-1,1,1,1,-1,-1,1,-1,-1,1,1,-1,-1,-1,1,-1,1,-1,1,-1,1,-1,-1,1,-2666.0,1,2000,445,0,False
1866,-1,-1,1,1,1,1,-1,1,-1,-1,-1,1,-1,1,-1,-1,1,-1,1,1,-1,1,-1,-1,-1,1,-1,-1,1,-1,-1,-1,1,1,-1,1,1,-1,-1,-1,1,-1,1,-1,-1,-1,-1,-1,1,-1,1,-1,1,-1,1,-1,-1,1,-1,-1,-1,1,1,1,-1,-1,-1,-1,-1,-1,1,-1,-1,-1,-1,-1,-1,1,-1,-1,-1,1,1,-1,-1,-1,-1,-1,-1,1,-1,-1,-1,-1,-1,-1,-1,1,-1,1,-1,-1,-1,-1,1,-1,-1,-1,-1,-1,-1,1,-1,1,-1,-1,-1,-1,1,-1,-1,-1,-1,-1,-1,1,-1,-1,1,-1,-1,-1,1,-1,-1,1,-1,-1,-1,-1,-1,-1,1,-1,-1,-1,1,-1,-1,-1,-1,-1,-1,-1,1,-1,1,1,-1,-1,1,-1,-1,-1,-1,-1,1,1,1,-1,-1,-1,-1,-1,1,-1,-1,1,-1,-1,1,-1,1,-1,-1,-1,-1,1,1,-1,-1,1,-1,1,1,1,1,-1,1,-1,-1,1,1,1,-1,1,-1,-1,-1,1,1,-1,1,-1,-1,1,1,1,1,1,-1,1,1,1,1,1,-1,1,-1,-1,1,1,-1,-1,1,1,-1,1,1,1,-1,1,-1,1,1,1,1,-1,1,-1,-1,1,1,1,1,1,-1,1,1,1,1,-1,1,-1,1,-1,1,-1,1,1,-1,1,-1,1,-1,1,1,-1,1,-1,1,-1,1,1,1,-1,1,1,1,-1,1,-1,-1,1,1,1,1,1,1,-1,-1,1,-1,1,1,-1,1,-1,1,1,1,1,-1,-1,-1,1,-1,-1,1,-1,1,-1,1,1,-1,1,1,1,-1,1,-1,-1,1,1,-1,-1,1,-1,1,1,-1,1,-1,1,-1,1,1,1,-1,1,1,-1,-1,1,1,-1,1,1,-1,1,1,1,1,1,1,-1,1,1,1,1,1,-1,-1,1,1,1,1,1,-1,-1,-1,1,1,1,1,-1,-1,1,-1,1,-1,1,1,-1,-1,1,1,1,1,1,-1,-1,1,1,1,-1,-1,-1,-1,-1,-1,-1,1,1,-1,-1,1,1,-1,1,-1,1,-1,1,1,1,1,-1,-1,1,1,1,-1,1,-1,-1,-1,-1,1,1,1,1,-1,-1,1,-1,1,1,-1,-1,1,-1,-1,1,-1,1,-1,-1,1,-1,-1,1,-1,-1,1,1,-1,1,-1,1,-1,-1,1,-1,1,-1,-1,-1,-1,1,-1,-1,1,1,-1,-1,1,-1,1,1,-1,1,-1,1,-1,1,-1,1,-1,-1,1,-1,-1,-1,-1,-1,1,1,-1,1,-1,1,-1,1,-1,1,1,-1,1,-1,1,-1,-1,1,-1,-1,-1,1,-1,1,-1,1,1,-1,1,-1,-1,1,-1,-1,1,-1,1,-1,-1,-1,1,-1,1,1,-1,-1,-1,1,-1,1,-1,-1,1,-1,1,1,1,1,-1,-1,1,1,-1,1,1,-1,-1,1,1,1,-1,1,1,-1,1,1,1,1,1,1,1,-1,1,1,-1,1,-1,1,-1,-1,1,-1,-1,1,-1,-1,1,-1,-1,-1,1,1,-1,1,1,-1,-1,1,1,-1,-1,1,-1,-1,-1,-1,-1,1,1,-1,-1,-1,-1,-1,1,1,-1,-1,1,1,1,-1,1,-1,-1,1,1,-1,1,1,-1,-1,-1,1,-1,-1,1,1,-1,1,1,1,1,1,-1,1,1,1,-1,1,1,1,-1,1,1,-1,1,1,-1,1,1,1,-1,1,1,-1,-1,1,-1,1,-1,1,-1,1,1,1,-1,1,1,-1,1,1,1,1,1,1,1,1,1,1,1,1,1,-1,1,-1,1,-1,1,1,1,1,1,1,1,1,-1,1,1,1,1,1,1,1,1,-1,1,-1,1,1,1,1,1,1,1,1,1,1,-1,1,1,1,-1,1,-1,-1,1,1,1,-1,1,1,-1,1,1,1,1,1,-1,1,1,1,1,-1,1,1,-1,-1,1,-1,-1,1,-1,1,-1,1,1,1,1,1,1,-1,1,1,-1,1,1,-1,1,1,1,-1,1,1,-1,-1,1,1,-1,1,-1,1,1,-1,-1,-1,1,1,-1,-1,1,-1,-1,1,1,-1,-1,-1,1,-1,1,1,-1,-1,-1,1,-1,1,1,1,-1,1,1,-1,1,1,-1,-1,1,-1,-1,1,1,-1,-1,1,-1,1,1,1,-1,-1,-1,-1,-1,-1,1,-1,-1,1,1,-1,1,1,1,-1,-1,-1,-1,1,-1,1,-1,1,1,1,1,1,-1,-1,1,-1,1,1,1,1,-1,-1,1,1,1,1,1,-1,-1,-1,1,-1,1,1,1,-1,1,1,1,1,1,-1,-1,1,1,1,1,1,1,-1,1,1,-1,1,-1,-1,1,1,1,1,1,1,-1,-1,1,-1,1,1,-1,-1,-1,1,1,1,1,1,1,-1,1,1,1,1,1,1,-1,1,1,1,1,1,1,-1,1,1,-1,1,1,-1,-1,1,1,-1,1,1,1,-1,1,-1,-1,1,1,1,-1,-1,1,-1,1,1,1,-1,1,1,-1,1,-1,1,-1,1,1,-1,1,1,1,-1,-1,1,1,1,1,-1,1,-1,1,1,1,1,-1,1,-1,1,1,1,-1,-1,1,-1,1,1,-1,1,-1,-1,-1,1,-1,1,-1,1,-1,-1,1,-1,1,-1,-1,-1,-1,1,-1,1,-1,-1,-1,-1,-1,1,1,-1,1,-1,-1,1,-1,1,-1,1,-1,-1,1,-1,1,1,1,1,-1,-1,1,1,-1,-1,1,1,1,1,1,-1,1,-1,-1,1,1,-1,-1,1,-1,-1,-1,-1,1,-1,1,1,1,1,1,-1,-1,-1,-1,1,-1,-1,-1,-1,1,-1,1,1,1,-1,1,1,-1,1,1,1,1,-1,1,-1,1,1,1,1,-1,1,-1,1,1,1,1,-1,1,-1,1,1,1,1,-1,1,-1,1,1,1,-1,-1,1,-1,-1,1,1,-1,-1,-1,1,-1,1,1,1,-1,1,-1,-1,1,-2666.0,1,2000,445,1500,True
1867,1,1,-1,-1,1,-1,-1,-1,1,1,1,-1,1,1,-1,1,-1,1,-1,-1,1,1,1,1,1,-1,-1,-1,1,1,1,1,1,-1,-1,-1,1,1,1,1,-1,-1,-1,1,1,1,1,-1,1,1,1,1,-1,1,-1,-1,1,-1,1,1,1,-1,-1,1,1,1,1,1,-1,-1,1,1,1,1,1,-1,-1,-1,1,1,1,-1,-1,-1,1,1,1,1,-1,1,-1,1,1,1,1,-1,-1,1,1,-1,1,1,-1,-1,1,1,1,1,1,-1,-1,1,1,-1,1,1,-1,-1,1,1,1,1,1,1,-1,1,1,1,-1,1,1,-1,1,1,1,1,1,1,-1,-1,1,1,1,1,1,-1,1,1,1,1,1,1,-1,-1,-1,1,1,1,1,-1,1,1,1,1,-1,1,-1,1,-1,1,1,1,-1,-1,1,1,1,1,1,-1,1,-1,-1,1,-1,1,-1,1,1,1,1,1,1,1,1,1,-1,1,-1,1,-1,1,1,-1,1,-1,1,1,-1,1,-1,1,-1,1,-1,1,1,-1,-1,-1,1,1,1,1,-1,-1,1,1,-1,-1,1,-1,1,-1,-1,1,-1,1,-1,1,-1,1,-1,1,1,-1,-1,-1,1,1,-1,1,-1,1,1,1,-1,1,1,-1,-1,-1,1,-1,1,-1,1,-1,1,1,-1,1,-1,-1,-1,1,1,-1,1,-1,-1,-1,1,1,-1,-1,1,1,-1,-1,1,1,-1,1,1,-1,1,1,1,1,-1,1,-1,1,1,-1,1,-1,1,1,-1,1,1,1,1,1,-1,-1,1,-1,-1,1,1,1,-1,1,1,1,-1,1,-1,-1,1,1,1,1,1,-1,1,1,1,-1,1,1,-1,1,1,1,-1,1,1,-1,-1,1,1,1,-1,1,-1,1,1,1,-1,1,1,-1,1,1,1,-1,1,-1,-1,1,1,1,-1,1,-1,-1,-1,1,1,-1,1,-1,-1,1,-1,1,-1,1,1,-1,-1,1,1,1,-1,1,-1,-1,1,1,-1,1,-1,-1,-1,-1,-1,-1,1,1,-1,-1,1,1,-1,1,-1,-1,-1,1,1,1,1,-1,-1,1,1,1,-1,1,-1,-1,-1,-1,1,1,1,1,-1,-1,1,1,1,-1,-1,-1,-1,-1,-1,1,-1,1,-1,1,-1,1,1,-1,-1,-1,1,1,-1,1,-1,1,-1,-1,1,-1,1,1,-1,-1,-1,1,-1,-1,1,1,-1,-1,1,-1,1,1,-1,1,-1,1,-1,-1,1,1,-1,1,1,-1,1,1,-1,-1,1,1,-1,1,-1,1,-1,1,-1,-1,1,-1,1,-1,1,-1,-1,1,-1,-1,-1,1,-1,-1,1,-1,1,-1,1,-1,-1,1,-1,-1,1,-1,1,-1,1,1,1,-1,1,1,-1,-1,1,1,-1,1,-1,-1,1,-1,1,1,-1,1,-1,-1,1,1,-1,-1,1,1,-1,1,1,1,1,1,1,-1,1,1,1,-1,1,-1,1,-1,-1,-1,1,-1,-1,1,-1,-1,1,1,-1,1,-1,-1,-1,1,1,-1,1,1,-1,-1,-1,1,-1,1,1,-1,-1,-1,1,-1,-1,-1,-1,1,-1,1,-1,-1,-1,-1,-1,-1,1,-1,1,1,1,1,-1,1,-1,1,1,-1,-1,-1,1,-1,-1,1,-1,1,-1,-1,1,1,1,1,-1,-1,1,1,1,1,-1,1,-1,-1,1,1,1,-1,-1,-1,1,1,1,1,-1,1,-1,1,-1,1,-1,1,1,-1,-1,1,1,1,-1,-1,-1,1,1,1,1,1,-1,-1,-1,1,1,1,1,-1,-1,-1,1,1,1,-1,-1,-1,-1,1,1,1,1,-1,-1,1,1,1,1,1,-1,-1,-1,1,1,-1,1,-1,-1,-1,1,1,1,1,-1,-1,1,1,1,1,1,-1,1,1,-1,1,1,-1,-1,-1,1,1,1,1,1,-1,1,1,1,1,1,1,-1,-1,1,-1,1,-1,1,-1,-1,1,-1,1,1,-1,-1,-1,1,-1,1,1,-1,-1,-1,1,1,1,-1,1,-1,-1,1,-1,1,-1,-1,-1,-1,1,1,-1,-1,-1,-1,-1,1,-1,1,-1,-1,-1,-1,-1,-1,-1,1,-1,-1,-1,1,-1,-1,1,-1,-1,-1,-1,-1,-1,1,-1,-1,-1,-1,-1,1,-1,-1,-1,1,-1,-1,1,-1,1,-1,-1,-1,-1,-1,-1,-1,1,-1,-1,-1,1,1,-1,-1,-1,1,-1,-1,-1,-1,-1,1,-1,-1,1,1,1,-1,-1,-1,-1,1,-1,1,1,-1,1,-1,-1,1,1,-1,-1,-1,-1,-1,-1,1,1,-1,-1,1,-1,1,1,-1,-1,-1,1,-1,1,1,-1,-1,1,-1,-1,1,1,1,-1,1,-1,1,1,1,-1,-1,1,-1,-1,1,1,1,-1,1,-1,-1,1,1,-1,1,1,-1,-1,1,1,-1,1,1,-1,-1,1,1,1,1,1,-1,-1,1,1,1,1,1,1,-1,-1,1,1,-1,1,-1,-1,1,-1,1,1,1,1,-1,-1,1,-1,1,1,1,-1,1,1,1,1,-1,1,-1,1,1,1,1,1,1,1,-1,1,1,1,1,-1,1,-1,1,1,1,1,1,-1,1,1,1,1,-1,1,1,-1,1,1,-1,1,1,-1,-1,1,1,1,1,-1,1,-1,1,1,1,-1,-1,1,-1,1,1,1,-1,1,-1,-1,-1,1,1,-1,-1,1,-1,-1,1,1,-1,-1,1,-1,-1,1,1,1,-1,-1,-1,-1,1,1,-1,-1,-1,1,-1,-1,1,-1,1,1,-1,1,1,-1,-1,1,1,-1,-1,-1,1,-1,1,1,-1,1,1,-1,-1,-1,-1,1,-1,-1,-1,-1,-1,1,-1,1,1,-1,1,1,-1,1,1,1,1,-1,1,-1,1,1,1,1,-1,1,-1,-1,-1,1,1,-1,1,-1,1,1,1,1,-1,1,-1,1,1,-1,-1,-1,1,-1,-1,1,1,-1,-1,-1,1,-1,1,-1,1,-1,1,-1,1,1,-2666.0,1,2000,445,1500,False
1868,1,1,-1,-1,1,1,-1,-1,1,1,1,-1,-1,1,1,1,-1,1,-1,-1,-1,-1,1,1,1,-1,-1,-1,1,1,1,1,1,-1,-1,-1,1,-1,1,-1,-1,-1,-1,1,1,1,1,-1,1,1,1,1,-1,1,-1,-1,1,-1,1,1,1,-1,-1,-1,1,1,1,1,-1,-1,-1,1,1,1,1,-1,-1,-1,1,1,1,-1,-1,-1,1,1,1,1,-1,-1,-1,1,1,1,1,-1,-1,1,1,-1,1,1,-1,-1,1,1,1,1,1,-1,-1,-1,1,1,1,1,-1,-1,1,1,1,1,1,1,-1,-1,1,1,-1,1,1,-1,1,1,1,1,1,1,-1,1,1,1,1,1,1,-1,1,1,1,1,1,1,-1,-1,-1,1,1,1,1,-1,1,1,1,1,-1,1,-1,1,-1,1,1,1,-1,-1,1,1,1,1,1,-1,1,-1,-1,1,1,1,-1,1,1,1,1,-1,1,1,1,1,-1,1,-1,1,-1,1,1,-1,1,-1,1,1,-1,1,-1,1,-1,1,-1,1,1,-1,1,-1,1,1,1,1,-1,-1,1,1,-1,-1,1,-1,1,-1,1,1,-1,1,-1,1,-1,1,-1,1,1,-1,-1,1,-1,1,-1,1,-1,1,1,1,-1,1,1,-1,1,-1,1,-1,1,-1,1,-1,1,1,-1,1,-1,-1,-1,-1,1,-1,1,-1,-1,-1,1,1,-1,-1,1,1,-1,1,1,1,-1,1,1,-1,1,1,1,1,-1,1,-1,1,1,-1,1,-1,1,1,1,-1,1,1,1,1,-1,-1,1,-1,-1,-1,1,1,-1,1,1,1,-1,1,1,1,1,1,1,1,1,-1,1,1,1,-1,-1,1,-1,1,1,1,-1,1,1,-1,-1,1,1,1,-1,1,-1,1,1,1,-1,1,1,-1,1,1,1,-1,1,1,-1,1,1,1,-1,1,1,-1,-1,1,1,-1,1,1,-1,1,-1,1,-1,1,1,1,-1,1,1,1,-1,1,1,-1,1,1,-1,1,-1,1,-1,-1,-1,-1,1,1,1,-1,1,1,-1,1,1,-1,-1,1,1,1,1,1,-1,1,1,1,-1,1,1,1,-1,-1,1,1,1,-1,1,-1,1,1,1,1,1,1,-1,-1,-1,1,-1,-1,1,1,-1,1,1,-1,1,1,1,1,-1,1,-1,-1,1,-1,1,-1,1,1,-1,1,1,1,-1,-1,1,-1,1,1,1,-1,1,1,1,-1,1,1,-1,-1,1,-1,1,1,1,-1,1,1,1,1,1,1,-1,1,-1,1,1,1,1,-1,1,-1,1,1,1,-1,-1,1,-1,1,1,1,-1,-1,1,1,-1,1,1,-1,-1,1,-1,1,1,1,1,-1,1,1,-1,1,1,1,-1,-1,-1,1,1,1,-1,-1,1,-1,-1,1,-1,1,-1,-1,1,-1,1,-1,1,-1,-1,1,-1,-1,1,1,1,-1,1,-1,1,-1,-1,-1,1,-1,-1,-1,1,-1,-1,1,1,1,-1,1,-1,1,1,1,-1,1,1,-1,1,-1,1,-1,-1,1,-1,-1,1,1,1,-1,1,-1,-1,1,1,-1,-1,1,-1,-1,1,1,-1,-1,1,-1,-1,-1,1,1,-1,1,1,-1,-1,1,-1,-1,1,-1,1,-1,1,1,-1,-1,1,-1,-1,-1,-1,-1,1,1,1,-1,-1,1,-1,-1,1,-1,-1,1,-1,-1,1,1,-1,-1,1,-1,-1,1,1,-1,1,-1,1,-1,-1,1,1,-1,-1,-1,-1,-1,1,-1,-1,1,-1,-1,-1,1,1,-1,-1,-1,-1,-1,1,-1,-1,-1,-1,-1,1,1,1,-1,-1,-1,-1,-1,1,1,-1,-1,-1,-1,-1,1,1,1,-1,-1,-1,-1,1,1,-1,-1,-1,-1,1,-1,1,1,-1,-1,1,1,-1,1,1,-1,-1,-1,1,1,1,-1,1,-1,1,1,1,1,-1,1,-1,-1,1,-1,1,-1,1,-1,-1,1,-1,1,-1,-1,-1,-1,1,-1,1,-1,1,1,-1,1,-1,1,-1,1,1,1,-1,-1,1,-1,-1,-1,-1,1,-1,-1,-1,-1,-1,-1,1,-1,1,-1,-1,-1,-1,1,1,-1,1,-1,-1,-1,1,-1,-1,1,-1,-1,-1,-1,1,-1,1,-1,-1,-1,-1,-1,1,-1,-1,-1,1,-1,-1,1,-1,1,-1,-1,-1,-1,-1,-1,-1,1,-1,-1,-1,1,1,-1,-1,-1,-1,1,-1,-1,-1,-1,1,-1,-1,1,-1,1,-1,-1,-1,-1,1,-1,1,1,-1,1,-1,-1,1,1,-1,-1,-1,-1,-1,-1,1,1,-1,-1,1,-1,1,1,-1,-1,-1,1,-1,1,1,-1,-1,1,-1,-1,1,1,1,-1,1,-1,1,1,1,-1,-1,1,-1,-1,1,1,1,-1,1,-1,-1,1,1,-1,1,1,-1,-1,1,1,1,1,1,-1,-1,1,1,-1,1,1,-1,-1,1,1,1,1,1,1,-1,-1,1,1,-1,1,-1,-1,1,-1,1,1,1,1,-1,-1,1,-1,1,1,1,-1,1,1,1,1,-1,1,-1,1,1,1,1,1,1,1,-1,1,1,1,1,-1,1,-1,1,1,1,1,1,-1,1,1,1,1,-1,1,1,-1,1,1,-1,1,1,-1,-1,1,1,1,1,-1,1,-1,1,1,1,-1,-1,1,-1,1,1,1,-1,1,-1,-1,-1,1,1,-1,-1,1,-1,-1,1,1,1,-1,1,-1,-1,1,1,1,-1,1,-1,-1,1,1,-1,-1,-1,1,-1,1,1,-1,1,1,-1,1,1,-1,-1,1,1,-1,-1,1,1,-1,1,1,-1,1,1,-1,-1,1,-1,1,-1,-1,-1,-1,1,-1,-1,1,1,-1,1,1,-1,1,1,1,1,-1,1,-1,1,1,1,-1,-1,1,-1,-1,1,1,-1,-1,1,-1,1,1,1,-1,-1,1,-1,1,1,1,1,-1,1,-1,-1,1,1,-1,-1,-1,1,-1,1,1,1,-1,1,-1,-1,1,-2666.0,1,2000,445,1000,False
1869,1,1,-1,-1,1,-1,-1,1,1,1,1,-1,1,1,1,1,-1,1,-1,-1,-1,1,1,1,1,-1,-1,-1,1,1,1,1,1,-1,-1,1,-1,1,1,1,-1,-1,1,1,1,1,1,-1,1,-1,1,1,-1,1,-1,-1,1,-1,1,1,1,-1,-1,-1,1,1,1,1,-1,-1,1,-1,1,1,1,-1,-1,1,-1,1,1,-1,-1,-1,-1,1,1,1,-1,-1,1,1,-1,1,1,-1,-1,-1,-1,-1,1,1,-1,-1,1,-1,-1,1,1,-1,-1,-1,-1,-1,1,1,-1,-1,1,-1,-1,1,1,1,-1,-1,-1,-1,1,1,1,-1,1,-1,-1,1,1,1,-1,1,-1,-1,-1,1,1,-1,1,-1,-1,-1,1,1,-1,-1,1,-1,-1,1,1,-1,1,1,-1,-1,1,1,-1,1,1,-1,1,1,-1,-1,1,-1,-1,1,1,-1,1,-1,1,-1,1,1,-1,1,1,-1,-1,-1,1,1,1,1,1,-1,-1,1,-1,1,1,1,-1,-1,1,1,-1,1,1,-1,1,1,-1,1,1,1,-1,1,1,1,1,1,1,1,-1,1,-1,-1,1,1,-1,-1,1,1,1,1,1,-1,-1,1,-1,1,1,1,1,-1,1,1,-1,1,1,-1,1,1,-1,1,1,1,-1,-1,1,-1,1,-1,1,1,1,1,-1,1,-1,1,1,1,1,-1,1,-1,1,1,1,1,-1,-1,1,1,1,1,1,1,-1,1,1,-1,-1,1,1,-1,-1,1,1,1,1,-1,1,-1,1,1,1,-1,1,-1,-1,1,1,1,1,-1,1,-1,1,-1,1,1,1,1,-1,1,1,1,1,1,1,-1,1,1,1,1,1,1,1,1,1,1,1,1,-1,1,1,1,-1,1,1,-1,1,1,1,-1,1,1,1,-1,1,-1,1,1,1,1,-1,1,1,-1,1,1,1,-1,1,1,-1,1,1,-1,-1,1,1,1,-1,1,1,-1,-1,1,-1,1,1,1,1,-1,1,1,-1,1,1,-1,1,1,-1,-1,-1,-1,-1,1,1,-1,1,1,-1,-1,1,-1,1,-1,1,1,-1,1,-1,-1,1,1,-1,-1,1,1,1,-1,1,1,1,-1,1,-1,1,-1,1,-1,1,1,-1,-1,-1,1,1,1,1,-1,1,-1,1,-1,1,1,1,-1,-1,1,1,-1,1,-1,1,-1,1,-1,-1,-1,1,1,-1,-1,1,-1,1,1,-1,-1,1,1,1,1,1,-1,-1,-1,1,-1,1,-1,-1,-1,1,1,1,1,-1,1,-1,1,-1,1,1,-1,-1,1,1,1,1,1,-1,-1,-1,1,-1,1,1,-1,-1,-1,1,-1,-1,1,1,-1,-1,1,-1,1,-1,1,-1,-1,1,-1,-1,-1,1,-1,-1,1,-1,1,-1,1,-1,-1,1,-1,-1,1,1,-1,-1,-1,1,-1,1,1,-1,-1,1,1,-1,-1,1,1,1,-1,1,-1,1,-1,1,1,1,-1,1,1,-1,-1,1,1,1,-1,1,-1,1,-1,1,1,1,-1,-1,-1,1,-1,1,-1,1,-1,-1,-1,1,1,-1,1,-1,-1,-1,1,1,-1,1,-1,-1,-1,1,1,-1,1,-1,-1,-1,-1,1,1,1,-1,1,-1,-1,1,-1,1,-1,1,1,1,-1,-1,1,1,-1,-1,-1,-1,-1,1,1,-1,-1,-1,1,-1,1,1,-1,-1,1,-1,1,1,-1,-1,-1,-1,-1,1,1,-1,1,-1,-1,1,1,1,1,-1,-1,-1,-1,-1,1,-1,1,-1,-1,1,-1,1,1,-1,1,-1,-1,1,1,1,-1,1,-1,1,-1,1,1,-1,-1,-1,-1,-1,1,1,-1,1,-1,1,-1,1,1,-1,-1,1,-1,-1,1,1,-1,-1,-1,1,-1,1,1,1,-1,1,-1,-1,1,-1,1,-1,1,-1,-1,1,-1,-1,1,-1,1,-1,1,1,-1,1,-1,1,-1,1,-1,1,-1,1,-1,-1,1,1,-1,1,-1,-1,-1,-1,1,-1,1,-1,1,-1,-1,1,-1,1,1,-1,-1,-1,-1,1,1,1,1,-1,-1,1,-1,-1,1,1,-1,-1,-1,-1,1,-1,1,-1,-1,1,1,1,1,1,-1,-1,1,-1,-1,1,1,-1,-1,-1,-1,1,-1,1,-1,-1,-1,-1,-1,1,-1,-1,1,-1,-1,1,-1,1,-1,-1,-1,-1,-1,1,1,1,-1,-1,-1,1,1,1,-1,-1,-1,1,-1,-1,1,-1,1,-1,-1,1,1,1,-1,-1,-1,-1,1,-1,1,1,-1,1,-1,-1,1,1,-1,-1,-1,-1,-1,-1,1,1,-1,-1,1,-1,1,1,-1,-1,-1,1,-1,1,1,-1,-1,1,-1,-1,1,1,1,-1,1,-1,1,1,1,-1,-1,1,-1,-1,1,1,1,-1,1,-1,-1,1,1,-1,1,1,-1,-1,1,1,-1,1,1,-1,-1,1,1,1,1,1,-1,-1,1,1,1,1,-1,1,-1,1,1,1,1,1,-1,-1,1,-1,1,1,1,1,-1,-1,1,-1,1,-1,1,-1,1,-1,1,1,-1,1,-1,1,1,1,1,1,1,-1,-1,-1,1,1,1,-1,1,-1,1,1,1,1,1,-1,1,-1,1,1,-1,-1,1,-1,-1,1,-1,1,-1,-1,-1,1,1,1,-1,1,-1,-1,-1,1,1,-1,-1,-1,-1,1,1,1,-1,-1,1,-1,-1,1,1,-1,1,-1,-1,-1,1,1,-1,1,-1,1,-1,1,1,1,1,1,-1,-1,1,1,-1,-1,1,1,-1,-1,1,-1,1,-1,-1,1,1,-1,-1,1,1,1,-1,1,1,-1,1,1,-1,1,1,-1,-1,-1,1,-1,-1,-1,-1,-1,1,1,1,1,1,-1,1,1,1,-1,1,1,1,-1,1,1,-1,1,1,-1,-1,1,1,1,1,1,-1,-1,-1,1,-1,1,1,-1,-1,1,1,-1,1,1,1,-1,1,1,1,1,1,1,-1,-1,1,-1,1,-1,1,-1,1,-1,1,1,-2666.0,1,2000,445,1000,True
1870,-1,-1,1,1,1,1,-1,1,-1,-1,-1,1,-1,1,-1,-1,1,-1,1,1,-1,1,-1,-1,-1,1,-1,-1,-1,-1,-1,-1,1,1,-1,1,1,-1,-1,-1,1,-1,1,-1,-1,-1,1,-1,1,-1,-1,-1,1,-1,1,-1,-1,1,-1,-1,-1,1,1,1,-1,1,-1,-1,-1,-1,1,-1,1,1,-1,-1,-1,1,-1,-1,-1,1,1,-1,-1,-1,-1,1,-1,1,-1,-1,-1,1,-1,-1,-1,1,-1,1,1,1,-1,-1,1,-1,-1,1,1,-1,-1,1,-1,-1,1,1,-1,-1,1,-1,-1,1,1,-1,-1,1,-1,-1,1,1,-1,-1,1,-1,1,1,1,1,-1,-1,-1,-1,1,1,-1,-1,1,-1,-1,1,1,1,-1,-1,1,-1,1,1,1,-1,1,-1,1,1,1,1,-1,1,-1,1,1,1,-1,-1,1,-1,1,1,1,-1,1,-1,1,1,1,1,-1,1,1,-1,1,1,1,1,1,1,-1,1,1,1,-1,1,1,-1,1,1,1,-1,-1,1,-1,1,-1,1,-1,1,1,-1,1,1,1,1,1,1,-1,-1,1,1,-1,-1,1,-1,1,1,-1,1,-1,1,-1,1,1,1,-1,1,1,-1,1,1,1,-1,-1,1,-1,1,1,1,-1,1,1,-1,1,-1,1,-1,1,-1,1,-1,1,1,-1,1,-1,-1,1,1,1,-1,1,-1,-1,-1,-1,1,1,-1,1,1,-1,-1,1,-1,-1,1,1,-1,1,1,1,-1,-1,1,-1,1,1,-1,1,-1,1,1,-1,1,-1,-1,-1,1,-1,-1,1,-1,1,-1,1,1,-1,1,1,1,-1,1,-1,-1,1,1,-1,-1,1,-1,-1,1,-1,1,-1,1,-1,-1,1,1,-1,1,1,-1,1,-1,1,-1,-1,1,-1,1,1,1,1,1,1,-1,1,1,1,1,1,-1,-1,1,1,1,1,1,-1,-1,1,-1,1,1,1,-1,-1,1,-1,1,-1,1,1,-1,1,-1,1,1,1,1,-1,-1,1,1,1,-1,-1,-1,1,1,-1,-1,1,1,-1,1,-1,1,-1,1,-1,1,1,-1,1,1,1,-1,1,1,-1,1,-1,1,-1,-1,1,-1,1,1,1,1,-1,1,1,-1,1,1,-1,-1,1,-1,-1,1,-1,1,-1,-1,1,-1,1,1,-1,-1,-1,1,-1,1,-1,1,-1,-1,1,-1,1,-1,-1,-1,-1,1,-1,-1,1,1,-1,-1,1,-1,1,1,-1,1,-1,1,-1,1,-1,1,-1,-1,-1,-1,1,-1,-1,-1,-1,1,-1,1,-1,1,-1,-1,-1,1,1,-1,1,-1,-1,-1,-1,1,-1,-1,-1,-1,-1,1,-1,1,1,-1,-1,-1,-1,1,-1,-1,1,-1,-1,-1,1,-1,1,-1,-1,-1,-1,1,-1,1,-1,1,-1,-1,1,-1,1,1,1,-1,-1,-1,1,1,-1,1,-1,-1,-1,1,1,1,-1,1,1,-1,1,1,1,1,1,-1,1,-1,1,1,1,-1,1,1,1,-1,1,1,-1,1,-1,-1,1,-1,1,-1,1,1,-1,1,1,1,-1,1,1,-1,-1,1,1,-1,-1,-1,-1,1,1,1,-1,-1,-1,-1,1,1,1,-1,1,1,1,-1,1,1,-1,1,1,-1,1,1,1,-1,-1,1,-1,-1,1,1,1,1,1,1,1,1,-1,1,1,1,-1,1,1,-1,1,1,1,-1,1,1,-1,1,1,1,-1,1,1,1,-1,1,-1,1,1,-1,-1,1,1,1,-1,1,-1,-1,1,1,1,1,1,1,-1,1,1,1,1,1,1,-1,1,-1,1,-1,1,-1,1,1,1,1,1,1,1,-1,1,-1,1,1,1,1,-1,1,1,-1,1,1,-1,-1,1,1,1,1,1,1,-1,-1,1,-1,1,1,-1,1,-1,1,1,1,1,-1,1,1,-1,1,-1,1,-1,-1,1,-1,1,-1,-1,-1,1,-1,-1,1,-1,1,-1,-1,1,-1,1,1,1,-1,-1,1,-1,1,1,1,-1,-1,1,-1,1,-1,1,-1,-1,-1,-1,1,1,1,-1,1,1,-1,1,1,1,1,-1,-1,1,-1,1,1,-1,-1,-1,-1,-1,1,1,-1,1,-1,1,-1,1,1,-1,-1,-1,-1,-1,1,-1,-1,-1,-1,-1,1,-1,-1,1,-1,-1,1,-1,1,1,-1,-1,-1,1,-1,1,1,-1,-1,-1,1,1,1,1,-1,1,-1,1,-1,1,1,-1,-1,-1,-1,1,1,1,1,-1,-1,1,-1,1,1,-1,1,-1,-1,1,1,1,-1,-1,-1,-1,-1,1,-1,-1,-1,1,-1,1,1,1,1,1,-1,-1,1,1,1,-1,1,1,-1,1,1,-1,1,-1,-1,1,1,1,1,-1,1,-1,-1,1,1,1,-1,1,-1,-1,1,1,1,1,1,1,-1,1,1,1,1,1,1,-1,1,1,1,1,1,1,-1,1,1,-1,1,1,-1,-1,1,1,1,1,1,1,-1,1,-1,-1,1,1,1,-1,-1,1,-1,1,1,1,-1,1,1,-1,1,-1,1,-1,1,1,-1,1,1,1,-1,-1,-1,1,1,1,-1,1,-1,1,1,1,1,-1,1,-1,1,1,1,-1,-1,1,-1,-1,1,-1,1,-1,-1,-1,1,-1,1,-1,1,-1,-1,1,-1,1,-1,-1,-1,-1,1,-1,1,-1,1,-1,-1,-1,1,1,-1,1,-1,-1,-1,-1,1,-1,1,-1,-1,1,-1,1,1,1,1,-1,-1,1,1,-1,-1,1,1,1,1,1,-1,1,-1,-1,1,1,-1,-1,1,-1,-1,-1,-1,1,-1,1,1,1,1,1,-1,-1,-1,-1,1,-1,-1,-1,-1,1,-1,1,1,1,-1,1,1,-1,1,1,1,1,-1,1,-1,1,1,1,1,-1,1,-1,1,1,1,1,-1,1,-1,1,1,1,1,-1,1,-1,1,1,1,-1,-1,1,-1,-1,1,1,-1,-1,-1,1,-1,1,1,1,-1,1,-1,-1,1,-2666.0,1,2000,445,1500,True
1871,1,1,-1,-1,1,1,-1,-1,1,1,1,-1,1,1,1,1,-1,1,-1,-1,-1,-1,1,1,1,-1,1,-1,1,1,1,1,-1,-1,-1,-1,1,-1,1,1,-1,-1,-1,1,1,1,1,-1,1,1,1,1,-1,1,-1,-1,1,-1,1,1,1,-1,-1,-1,1,1,1,1,-1,-1,-1,1,1,1,1,-1,-1,-1,1,1,1,-1,-1,-1,1,1,1,1,-1,-1,1,1,1,1,1,-1,-1,-1,1,-1,1,1,-1,-1,1,1,1,1,1,-1,-1,-1,1,1,1,1,-1,-1,1,1,1,1,1,1,-1,-1,1,1,-1,1,1,-1,1,1,1,1,1,1,-1,1,1,1,1,1,1,-1,1,1,1,1,1,1,-1,-1,-1,1,1,1,1,-1,1,1,1,1,-1,1,-1,1,-1,1,1,1,-1,-1,1,1,1,1,1,-1,1,-1,-1,1,1,1,-1,1,1,1,1,-1,1,1,1,1,-1,1,-1,1,-1,1,1,-1,1,-1,1,1,-1,1,-1,1,-1,1,-1,1,1,-1,1,-1,1,1,1,1,-1,-1,1,1,-1,-1,1,-1,1,-1,1,1,-1,1,-1,1,-1,1,-1,1,1,-1,-1,1,-1,1,-1,1,-1,1,1,1,-1,1,-1,-1,1,-1,1,-1,1,1,1,-1,1,1,-1,1,-1,-1,-1,-1,1,-1,1,-1,-1,-1,-1,1,-1,-1,1,1,-1,1,1,1,-1,1,1,-1,1,1,1,1,-1,1,-1,1,1,-1,1,-1,1,-1,1,-1,1,1,1,1,-1,-1,1,-1,-1,-1,1,1,-1,1,1,1,-1,1,1,1,1,1,1,1,1,-1,1,1,1,-1,-1,1,-1,1,1,1,-1,1,1,-1,-1,1,1,1,-1,1,-1,1,1,1,-1,1,1,-1,1,1,1,-1,1,1,-1,1,1,1,-1,1,1,-1,-1,1,1,-1,1,1,-1,1,-1,1,-1,1,1,1,-1,1,1,1,-1,1,1,-1,1,1,-1,1,1,1,-1,-1,-1,-1,1,1,1,-1,1,1,-1,1,1,-1,-1,1,1,1,1,1,-1,1,1,1,-1,1,1,1,-1,-1,1,1,1,-1,1,-1,1,-1,1,1,1,1,-1,1,-1,1,-1,-1,1,1,-1,1,1,1,1,1,1,1,-1,1,-1,-1,1,-1,1,-1,1,-1,-1,1,1,1,-1,-1,1,-1,1,1,1,-1,1,1,1,-1,1,1,-1,1,-1,-1,1,1,1,1,-1,-1,1,1,1,1,-1,1,-1,-1,1,1,-1,1,1,1,1,1,1,-1,-1,1,-1,1,1,1,-1,1,-1,1,-1,1,1,-1,-1,1,-1,1,1,1,1,-1,1,-1,-1,1,1,1,-1,-1,-1,1,1,1,-1,-1,1,-1,-1,1,-1,1,-1,-1,1,-1,1,-1,1,1,-1,1,-1,-1,1,1,1,-1,1,-1,1,-1,1,1,1,-1,-1,-1,1,-1,-1,1,1,1,-1,1,-1,1,1,1,-1,1,1,-1,1,-1,1,-1,-1,1,-1,-1,1,1,1,-1,1,-1,-1,1,1,-1,-1,1,-1,-1,1,1,-1,-1,1,-1,-1,-1,1,1,-1,1,1,-1,-1,1,-1,-1,1,-1,1,-1,1,1,-1,-1,1,-1,-1,-1,-1,-1,1,1,1,-1,-1,1,-1,-1,1,-1,-1,1,-1,-1,1,1,-1,-1,1,-1,-1,1,1,-1,1,-1,1,-1,-1,1,1,-1,-1,-1,-1,-1,1,-1,-1,1,-1,-1,-1,1,1,-1,-1,-1,-1,-1,1,-1,-1,-1,-1,-1,1,1,1,-1,-1,-1,-1,-1,1,1,-1,-1,-1,-1,-1,1,1,1,-1,-1,-1,-1,1,1,-1,-1,-1,-1,1,-1,1,1,-1,-1,1,1,-1,1,1,-1,-1,-1,1,1,1,-1,1,-1,1,1,1,1,-1,1,-1,-1,1,-1,1,-1,1,-1,-1,1,-1,1,-1,-1,-1,-1,1,-1,1,-1,1,1,-1,1,-1,1,-1,1,1,1,-1,-1,1,-1,-1,-1,-1,1,-1,-1,-1,-1,-1,-1,1,-1,1,-1,-1,-1,-1,1,1,-1,1,-1,-1,-1,1,-1,-1,1,-1,-1,-1,-1,1,1,1,-1,-1,-1,-1,-1,1,-1,-1,-1,1,-1,-1,1,-1,1,-1,-1,-1,-1,-1,-1,-1,1,-1,-1,-1,-1,1,-1,-1,-1,-1,1,-1,-1,-1,-1,1,-1,-1,1,-1,1,-1,-1,-1,-1,1,1,1,1,-1,1,-1,-1,-1,1,-1,-1,-1,-1,-1,-1,1,1,-1,-1,1,-1,1,1,-1,-1,-1,1,-1,-1,1,-1,-1,1,-1,-1,1,1,1,-1,1,-1,1,1,1,-1,-1,1,-1,-1,1,1,1,-1,1,-1,-1,1,1,-1,1,1,-1,-1,1,1,1,1,1,-1,-1,1,1,-1,1,1,-1,-1,1,1,1,1,1,1,-1,1,1,1,1,1,-1,-1,1,-1,1,1,1,1,-1,-1,1,-1,1,1,1,-1,1,1,1,1,-1,1,-1,1,1,1,1,1,1,1,-1,1,1,1,1,-1,1,-1,1,1,1,1,1,-1,1,1,1,1,-1,1,1,-1,1,1,-1,1,1,-1,-1,1,1,1,1,-1,1,-1,1,1,1,-1,-1,1,-1,1,1,1,-1,1,-1,-1,-1,1,1,-1,-1,1,-1,-1,1,1,-1,-1,1,-1,1,-1,1,1,-1,-1,-1,-1,1,1,-1,-1,-1,1,1,-1,1,-1,1,1,-1,1,1,-1,-1,1,-1,-1,-1,1,1,-1,1,-1,1,1,1,-1,-1,1,-1,-1,-1,-1,-1,-1,1,-1,1,1,1,-1,1,1,-1,1,1,1,1,-1,1,-1,1,1,1,-1,-1,1,-1,1,1,1,-1,1,1,-1,1,1,1,-1,-1,1,-1,1,-1,1,1,-1,1,-1,-1,1,1,1,-1,1,1,-1,1,1,1,-1,1,-1,-1,1,-2666.0,1,2000,445,1000,False
1872,1,1,-1,-1,1,1,-1,-1,1,1,1,-1,1,1,1,1,-1,1,-1,-1,-1,-1,1,1,1,-1,-1,-1,1,1,1,1,1,-1,-1,-1,1,-1,1,1,-1,-1,-1,1,1,1,-1,-1,1,1,1,1,-1,1,-1,-1,1,-1,1,1,1,-1,-1,-1,1,1,1,-1,-1,-1,-1,1,1,1,1,-1,-1,-1,1,1,1,-1,-1,-1,1,1,1,1,-1,-1,1,1,1,1,1,-1,-1,-1,1,-1,1,1,-1,-1,1,1,1,1,1,-1,-1,-1,1,1,1,1,-1,-1,1,1,1,1,1,1,-1,-1,1,1,-1,1,1,-1,1,1,1,1,1,1,-1,1,1,1,1,1,1,-1,1,1,1,1,1,1,-1,-1,-1,1,1,1,1,-1,1,1,1,1,-1,1,-1,1,-1,1,1,1,-1,-1,1,1,1,1,1,-1,1,-1,-1,1,-1,1,-1,1,1,1,1,1,1,-1,1,1,-1,1,-1,1,1,-1,1,-1,1,-1,1,-1,-1,1,-1,1,-1,1,-1,1,1,-1,1,-1,1,1,1,1,-1,-1,1,1,-1,-1,1,-1,1,-1,-1,1,-1,1,-1,1,-1,1,-1,1,1,-1,-1,-1,1,-1,1,1,-1,1,1,1,1,1,1,-1,1,-1,-1,1,1,-1,1,-1,1,-1,1,1,-1,-1,-1,1,1,1,1,-1,-1,-1,1,1,-1,1,1,1,-1,-1,1,1,1,1,1,-1,1,1,-1,1,-1,1,-1,1,1,1,1,-1,1,1,1,1,1,1,1,1,-1,-1,1,-1,1,-1,1,1,-1,1,1,1,-1,1,1,1,1,1,1,1,1,-1,1,1,1,-1,-1,1,-1,1,1,-1,-1,1,1,-1,-1,1,1,1,-1,1,-1,1,1,1,-1,1,1,-1,1,1,1,-1,1,1,-1,1,1,1,-1,1,1,-1,-1,1,1,-1,1,1,-1,1,-1,1,-1,1,1,1,-1,1,1,1,-1,1,1,-1,1,1,-1,1,1,1,-1,-1,-1,-1,1,1,1,-1,1,1,-1,1,1,-1,-1,1,1,1,1,1,-1,1,1,1,-1,1,1,1,-1,-1,1,1,1,-1,1,-1,1,1,1,1,1,1,-1,-1,-1,1,-1,-1,1,1,-1,1,1,1,1,1,1,1,-1,1,-1,-1,1,-1,1,-1,1,1,1,1,1,1,-1,-1,1,-1,1,1,1,-1,1,1,1,-1,1,1,-1,-1,1,-1,1,1,1,-1,1,1,1,1,1,1,-1,1,-1,1,1,1,-1,-1,1,-1,-1,1,1,-1,-1,1,-1,1,1,1,-1,-1,1,1,-1,1,1,-1,-1,1,-1,1,1,1,1,-1,1,-1,-1,-1,1,1,-1,-1,-1,1,-1,1,-1,-1,1,-1,-1,1,-1,1,-1,-1,1,-1,1,-1,1,-1,-1,1,-1,-1,1,1,1,-1,1,-1,1,-1,1,-1,1,-1,-1,-1,1,-1,-1,1,1,1,-1,1,-1,1,1,1,-1,1,1,-1,1,-1,1,-1,-1,1,-1,-1,1,1,1,-1,1,-1,-1,1,1,-1,-1,1,-1,-1,1,1,-1,-1,1,-1,-1,-1,1,1,-1,1,1,-1,-1,1,-1,-1,1,-1,1,-1,1,1,-1,-1,1,-1,-1,-1,-1,-1,1,1,1,-1,1,1,-1,-1,1,-1,1,-1,-1,-1,1,1,-1,-1,-1,-1,-1,1,1,-1,1,1,1,-1,-1,1,1,-1,-1,-1,-1,1,1,-1,-1,1,-1,-1,-1,1,1,-1,-1,-1,-1,-1,1,-1,-1,1,-1,-1,1,1,1,-1,1,-1,-1,-1,1,1,-1,-1,-1,-1,-1,1,1,1,-1,-1,-1,-1,1,1,-1,-1,-1,-1,1,1,1,1,-1,-1,1,1,1,1,1,-1,-1,-1,1,1,1,-1,1,-1,1,1,1,1,-1,1,-1,-1,1,-1,1,-1,1,-1,-1,1,-1,1,-1,-1,-1,-1,1,-1,1,-1,1,1,-1,1,-1,1,-1,1,1,-1,1,-1,1,-1,-1,-1,-1,1,1,-1,-1,-1,-1,-1,1,-1,1,-1,-1,-1,-1,-1,-1,-1,1,-1,-1,-1,1,-1,-1,1,-1,-1,-1,-1,-1,1,1,-1,-1,-1,-1,-1,1,-1,-1,-1,1,-1,-1,1,-1,1,-1,-1,-1,-1,-1,-1,-1,1,-1,-1,-1,1,1,-1,-1,-1,1,-1,-1,-1,-1,-1,1,-1,-1,1,1,1,-1,-1,1,-1,1,-1,1,1,-1,1,-1,-1,1,1,-1,-1,-1,-1,-1,-1,1,1,-1,-1,1,-1,1,1,-1,-1,-1,1,-1,1,1,-1,-1,1,1,-1,1,1,1,-1,1,-1,1,1,1,-1,-1,1,-1,-1,1,1,1,1,-1,1,-1,1,1,1,-1,1,-1,-1,1,1,-1,1,-1,1,-1,1,1,1,1,1,-1,-1,1,1,1,1,1,-1,-1,-1,1,1,1,-1,-1,-1,1,-1,1,1,1,-1,-1,-1,1,-1,1,1,-1,-1,1,1,1,1,1,-1,1,1,1,1,1,1,-1,1,-1,1,1,1,1,-1,1,-1,1,1,1,-1,1,-1,1,1,1,1,-1,-1,1,-1,1,1,-1,1,1,-1,-1,1,1,1,1,-1,1,-1,1,1,1,-1,-1,1,-1,1,1,1,-1,1,-1,-1,-1,1,1,-1,-1,1,-1,-1,1,1,1,-1,1,-1,-1,1,1,1,-1,1,-1,-1,1,1,-1,-1,-1,1,-1,1,1,-1,1,1,-1,1,1,-1,-1,1,-1,-1,-1,1,1,-1,1,1,-1,1,1,-1,-1,-1,-1,1,-1,-1,-1,-1,1,-1,-1,1,1,-1,1,1,-1,1,1,1,1,-1,1,-1,1,1,1,-1,-1,1,-1,-1,1,1,-1,-1,1,-1,1,1,1,-1,-1,1,-1,1,1,1,1,-1,1,-1,-1,1,1,1,-1,-1,1,-1,1,-1,1,-1,1,-1,-1,1,-2666.0,1,2000,445,1000,False
1873,1,1,-1,-1,1,1,-1,-1,1,1,1,-1,1,1,1,1,-1,1,-1,-1,-1,-1,1,1,1,-1,1,-1,1,1,1,1,1,-1,-1,-1,1,-1,1,1,-1,-1,-1,1,1,1,1,-1,1,1,1,1,-1,1,-1,-1,1,-1,1,1,1,-1,-1,-1,1,1,1,1,-1,-1,-1,1,1,1,1,-1,-1,-1,1,1,1,-1,-1,-1,1,1,1,1,-1,1,-1,1,1,1,1,-1,-1,1,1,-1,1,1,-1,-1,1,1,1,1,1,-1,-1,1,1,-1,1,1,-1,-1,1,1,1,1,1,1,-1,1,1,1,-1,1,1,-1,1,1,1,1,1,1,-1,-1,1,1,1,1,1,-1,1,1,1,1,1,1,-1,-1,-1,1,1,1,1,-1,1,1,1,1,-1,1,-1,1,-1,1,1,1,-1,-1,1,1,1,1,1,-1,1,-1,-1,1,1,1,-1,1,1,1,1,-1,1,1,1,1,-1,1,-1,1,-1,1,1,-1,1,-1,1,1,-1,1,-1,1,-1,1,-1,1,1,-1,1,-1,1,1,1,1,-1,-1,1,1,-1,-1,1,-1,1,-1,1,1,-1,1,-1,1,-1,1,-1,1,1,-1,1,1,-1,1,-1,1,-1,1,1,1,-1,1,1,-1,-1,-1,1,-1,1,-1,1,-1,1,1,-1,1,-1,-1,-1,-1,1,-1,1,-1,-1,-1,1,1,-1,-1,1,1,-1,1,1,1,-1,1,1,-1,1,1,1,1,-1,1,-1,1,1,-1,1,-1,1,1,1,-1,1,1,1,1,-1,-1,1,-1,-1,1,1,1,-1,1,1,1,-1,1,1,1,1,1,1,-1,1,-1,1,1,1,-1,-1,1,-1,1,1,1,-1,1,1,-1,-1,1,1,1,-1,1,-1,1,1,1,-1,1,1,-1,1,1,1,-1,1,1,-1,1,1,1,-1,1,1,-1,-1,1,1,-1,1,1,-1,1,-1,1,-1,1,1,1,-1,1,1,1,1,1,1,-1,1,1,-1,1,1,1,-1,-1,-1,-1,1,1,1,-1,1,1,-1,1,1,-1,-1,1,1,1,1,1,-1,1,1,1,-1,1,1,1,-1,-1,1,1,1,-1,1,-1,1,1,1,1,1,1,-1,-1,-1,1,-1,-1,1,1,-1,1,1,1,1,1,1,1,-1,1,-1,-1,1,-1,1,-1,1,1,1,1,1,1,-1,-1,1,-1,1,1,1,-1,1,1,1,-1,1,1,-1,-1,1,-1,1,1,1,-1,1,1,1,1,1,1,-1,1,-1,1,1,1,-1,-1,1,-1,1,1,1,-1,-1,1,-1,1,1,1,-1,-1,1,-1,-1,1,1,-1,-1,1,-1,1,1,1,1,-1,1,1,-1,1,1,1,-1,-1,1,1,1,1,-1,-1,1,1,-1,1,-1,1,-1,-1,1,-1,1,-1,1,1,-1,1,-1,-1,1,1,1,-1,1,-1,1,-1,1,-1,1,-1,-1,-1,1,-1,-1,1,1,1,-1,1,-1,1,1,1,-1,1,1,-1,1,-1,1,-1,-1,1,-1,-1,1,1,1,-1,1,-1,-1,1,1,-1,-1,1,-1,-1,1,1,-1,-1,1,-1,-1,-1,1,1,-1,1,1,-1,-1,1,-1,-1,1,-1,1,-1,1,1,-1,-1,1,-1,-1,-1,-1,-1,1,1,1,-1,-1,1,-1,-1,1,-1,-1,1,-1,-1,-1,1,-1,-1,1,1,-1,1,1,-1,1,-1,1,-1,-1,1,1,-1,-1,-1,-1,1,1,-1,-1,1,-1,-1,-1,1,1,-1,-1,-1,-1,-1,1,-1,-1,-1,-1,-1,1,1,1,-1,-1,-1,-1,-1,1,1,-1,-1,-1,-1,-1,1,1,1,-1,-1,-1,-1,1,1,-1,-1,-1,-1,1,-1,1,1,-1,-1,1,1,-1,1,1,-1,-1,-1,1,1,1,-1,1,-1,1,1,1,1,-1,1,-1,-1,1,-1,1,-1,1,-1,-1,1,-1,1,-1,-1,-1,-1,1,-1,1,-1,1,1,-1,1,-1,1,-1,1,1,1,-1,1,1,-1,-1,-1,-1,1,-1,-1,-1,-1,-1,-1,1,-1,1,-1,-1,-1,-1,1,1,-1,1,-1,-1,-1,1,-1,-1,1,-1,-1,-1,-1,1,-1,1,-1,-1,-1,-1,-1,1,-1,-1,-1,1,-1,-1,1,-1,1,-1,-1,-1,-1,-1,-1,-1,1,-1,-1,-1,1,1,-1,-1,-1,-1,1,-1,-1,-1,-1,1,-1,-1,1,-1,1,-1,-1,-1,-1,1,-1,1,1,-1,1,-1,-1,1,1,-1,-1,-1,-1,-1,-1,1,1,-1,-1,1,-1,1,1,-1,-1,-1,1,-1,-1,1,-1,-1,1,-1,-1,1,1,1,-1,1,-1,1,1,1,-1,-1,1,-1,-1,1,1,1,-1,1,-1,-1,1,1,-1,1,1,-1,-1,1,1,-1,1,1,-1,-1,1,1,1,1,1,-1,-1,1,1,1,1,1,1,-1,-1,1,1,1,1,-1,-1,1,-1,1,1,1,1,-1,-1,1,-1,1,1,1,-1,1,1,1,1,-1,1,-1,1,1,1,1,1,1,1,-1,1,1,1,1,-1,1,-1,1,1,1,1,1,-1,1,1,1,1,-1,1,1,-1,1,1,-1,1,1,-1,-1,1,1,1,1,-1,1,-1,1,1,1,-1,-1,1,-1,1,1,1,-1,1,-1,-1,-1,1,1,-1,-1,1,-1,-1,1,1,-1,-1,1,-1,-1,-1,1,1,-1,1,-1,-1,1,1,-1,-1,-1,1,-1,-1,1,-1,1,1,-1,1,1,-1,-1,1,-1,-1,-1,-1,1,-1,1,1,-1,1,1,-1,-1,1,-1,1,-1,-1,-1,-1,1,-1,-1,1,1,-1,1,1,-1,1,1,1,1,-1,1,-1,1,1,1,1,-1,1,-1,-1,-1,1,1,-1,1,-1,1,1,1,1,-1,1,-1,1,1,1,-1,-1,1,-1,-1,1,1,-1,-1,-1,1,-1,1,1,1,-1,1,-1,-1,1,-2666.0,1,2000,445,1000,False
1874,1,1,-1,-1,1,1,-1,-1,1,1,1,-1,1,1,1,1,-1,1,-1,-1,-1,-1,1,1,1,-1,1,-1,1,1,1,1,1,-1,-1,-1,1,1,1,1,-1,-1,-1,1,1,1,1,-1,1,1,1,1,-1,1,-1,-1,1,-1,1,1,1,-1,-1,-1,1,1,1,1,-1,-1,1,1,1,1,1,-1,-1,-1,1,1,1,-1,-1,-1,1,1,1,1,-1,-1,-1,1,1,1,1,-1,-1,1,1,-1,1,1,-1,-1,1,1,1,1,1,-1,-1,1,1,1,1,1,-1,-1,1,1,1,1,1,1,-1,-1,1,1,-1,1,1,-1,1,1,1,1,1,1,-1,-1,1,1,1,1,1,-1,1,1,1,1,1,1,-1,-1,-1,1,1,1,1,-1,1,-1,1,1,-1,1,-1,1,-1,1,1,1,-1,-1,1,1,1,1,1,-1,1,-1,-1,1,-1,1,-1,1,1,1,1,1,1,1,1,1,-1,1,-1,1,-1,1,1,-1,1,-1,1,1,-1,1,-1,1,-1,1,-1,1,1,-1,1,-1,1,1,1,1,-1,-1,1,1,-1,-1,1,-1,1,-1,-1,1,-1,1,-1,1,-1,1,-1,1,1,-1,1,-1,1,1,-1,1,-1,1,1,1,-1,1,1,-1,-1,-1,1,-1,1,-1,1,-1,1,1,-1,1,-1,-1,-1,1,1,-1,1,-1,1,-1,1,1,-1,-1,1,1,-1,-1,1,1,-1,1,1,-1,1,1,1,1,-1,1,-1,1,1,-1,1,-1,1,1,-1,1,1,1,1,1,-1,-1,1,-1,-1,-1,1,1,-1,1,1,1,-1,1,-1,-1,1,1,1,1,1,-1,1,1,1,-1,1,1,-1,1,1,1,-1,1,1,-1,-1,1,1,1,-1,1,-1,1,1,1,-1,1,1,-1,1,1,1,-1,1,-1,-1,1,1,1,-1,1,-1,-1,-1,1,1,-1,1,-1,-1,1,-1,1,-1,1,1,-1,-1,1,1,1,-1,1,-1,-1,1,1,-1,1,-1,-1,-1,-1,-1,-1,1,1,-1,-1,1,1,-1,1,-1,-1,-1,1,1,1,1,-1,-1,1,1,1,-1,1,-1,-1,-1,-1,1,1,1,1,-1,-1,1,1,1,1,-1,-1,-1,-1,-1,1,-1,1,-1,1,-1,1,1,-1,-1,-1,1,1,-1,1,-1,1,-1,-1,1,-1,1,1,-1,-1,-1,1,-1,-1,1,1,-1,-1,1,-1,1,1,-1,1,-1,1,-1,-1,1,1,-1,1,1,-1,1,1,-1,-1,1,1,-1,1,-1,1,-1,1,1,-1,1,-1,1,-1,1,-1,-1,1,-1,-1,-1,1,-1,-1,1,-1,1,-1,1,-1,-1,1,-1,-1,1,-1,1,-1,1,1,1,-1,1,1,-1,-1,1,1,-1,1,-1,-1,1,-1,1,1,1,1,-1,-1,1,1,-1,1,1,-1,-1,1,1,1,1,1,1,-1,1,1,1,-1,-1,-1,1,-1,-1,1,-1,1,-1,1,-1,-1,1,1,-1,1,-1,-1,-1,1,1,-1,1,1,-1,-1,-1,1,-1,1,1,-1,1,-1,1,-1,-1,-1,-1,-1,-1,1,-1,-1,-1,-1,-1,-1,1,-1,1,1,1,1,-1,1,-1,1,1,-1,-1,-1,1,-1,-1,1,-1,1,-1,-1,1,1,1,1,-1,-1,1,1,1,1,-1,1,-1,-1,1,1,1,-1,-1,-1,-1,1,1,1,-1,-1,-1,1,-1,1,-1,1,1,-1,-1,1,1,1,-1,-1,-1,1,1,1,1,1,-1,-1,-1,1,1,1,1,-1,-1,-1,1,1,1,-1,-1,-1,1,1,1,1,1,-1,-1,-1,1,1,1,1,-1,-1,-1,1,1,-1,1,-1,-1,-1,1,1,1,1,-1,-1,1,1,1,1,1,-1,1,1,-1,1,1,-1,-1,-1,1,1,1,1,1,-1,1,1,1,1,1,1,-1,-1,1,-1,1,-1,-1,-1,-1,1,-1,1,1,-1,-1,-1,1,-1,1,1,-1,-1,-1,1,1,1,-1,1,-1,-1,1,-1,1,-1,-1,-1,-1,1,1,-1,-1,-1,-1,-1,1,-1,1,-1,-1,-1,-1,-1,-1,-1,1,-1,-1,-1,1,-1,-1,1,-1,-1,-1,-1,-1,-1,1,-1,-1,-1,-1,-1,1,-1,-1,-1,1,-1,-1,1,-1,1,-1,-1,-1,-1,-1,-1,-1,1,-1,-1,-1,1,1,-1,-1,-1,1,-1,-1,-1,-1,-1,1,-1,-1,1,-1,1,-1,-1,-1,-1,1,-1,1,1,-1,1,-1,-1,1,1,-1,-1,-1,-1,-1,-1,1,1,-1,-1,1,-1,1,1,-1,-1,-1,1,-1,1,1,-1,-1,1,-1,-1,1,1,1,-1,1,-1,1,1,1,-1,-1,1,-1,-1,1,1,1,-1,1,-1,-1,1,1,-1,1,1,-1,-1,1,1,-1,1,1,-1,-1,1,1,1,1,1,-1,-1,1,1,1,1,1,1,-1,-1,1,1,1,1,-1,-1,1,-1,1,1,1,1,-1,-1,1,-1,1,1,1,-1,1,1,1,1,-1,1,-1,1,1,1,1,1,1,1,-1,1,1,1,1,-1,1,-1,1,1,1,1,1,-1,1,1,1,1,-1,1,1,-1,1,1,-1,1,1,-1,-1,1,1,1,1,-1,1,-1,1,1,1,-1,-1,1,-1,1,1,1,-1,1,-1,-1,-1,1,1,-1,-1,1,-1,-1,1,1,1,-1,1,-1,-1,-1,1,1,-1,1,-1,-1,1,1,-1,-1,-1,1,-1,-1,1,-1,1,1,-1,1,1,-1,-1,1,1,-1,-1,1,1,-1,1,1,-1,1,1,-1,-1,-1,-1,1,-1,-1,-1,-1,-1,1,-1,1,1,-1,1,1,-1,1,1,1,1,-1,1,-1,1,1,1,1,-1,1,-1,1,-1,1,1,-1,1,-1,-1,1,1,1,-1,1,-1,1,1,1,-1,-1,1,-1,-1,1,1,-1,-1,-1,1,-1,1,1,1,-1,1,-1,-1,1,-2666.0,1,2000,445,0,False
1875,1,-1,1,1,1,-1,-1,-1,-1,-1,1,-1,1,1,-1,-1,1,1,-1,-1,-1,1,-1,-1,1,-1,-1,-1,1,-1,1,-1,1,-1,-1,-1,1,-1,-1,1,-1,-1,-1,-1,-1,-1,1,-1,1,1,1,-1,1,1,-1,-1,1,-1,1,-1,-1,-1,-1,1,1,-1,1,-1,-1,-1,1,1,1,1,1,-1,-1,-1,1,-1,1,-1,-1,-1,1,1,1,1,-1,-1,-1,1,-1,1,1,-1,-1,1,1,1,1,1,-1,-1,1,1,1,1,1,-1,-1,-1,1,1,1,1,-1,-1,1,1,1,1,1,1,-1,-1,1,1,-1,1,1,-1,1,1,1,1,1,1,-1,1,1,1,1,1,1,-1,1,1,1,1,1,1,-1,-1,-1,1,1,1,1,-1,1,-1,1,1,-1,1,-1,1,-1,1,1,1,-1,-1,1,1,1,1,1,-1,1,-1,-1,1,-1,1,-1,1,1,1,1,1,1,1,1,1,-1,1,-1,1,-1,1,1,-1,1,-1,1,1,-1,1,-1,1,-1,1,-1,1,1,-1,-1,-1,1,1,1,1,-1,-1,1,1,-1,-1,1,-1,1,-1,1,1,-1,1,-1,1,-1,1,-1,1,1,-1,-1,-1,1,1,-1,1,-1,1,1,1,-1,1,1,-1,1,-1,1,-1,1,-1,1,-1,1,1,-1,1,-1,-1,-1,1,1,-1,1,-1,-1,-1,1,1,-1,-1,1,1,-1,-1,1,1,-1,1,1,-1,1,1,1,1,-1,1,-1,1,1,-1,1,-1,1,1,-1,1,1,1,1,1,-1,-1,1,-1,-1,1,1,1,-1,1,1,1,-1,1,-1,-1,1,1,1,-1,1,-1,1,1,1,-1,-1,1,-1,1,1,1,-1,1,1,-1,-1,1,1,1,-1,1,-1,1,1,1,-1,1,1,-1,1,1,1,-1,1,-1,-1,1,1,1,-1,1,-1,-1,-1,1,1,-1,1,-1,-1,1,-1,1,-1,1,1,-1,-1,1,1,1,-1,1,-1,-1,1,1,-1,1,-1,-1,-1,-1,-1,-1,1,1,-1,-1,1,1,-1,1,-1,-1,-1,1,1,1,1,1,-1,1,1,1,-1,1,-1,-1,-1,-1,1,1,1,1,-1,-1,1,1,1,1,-1,-1,1,-1,-1,1,-1,1,-1,-1,1,-1,1,-1,-1,-1,1,1,-1,1,-1,1,-1,-1,1,-1,1,1,-1,-1,-1,1,-1,-1,1,1,-1,-1,1,-1,1,1,-1,1,-1,1,-1,-1,1,1,-1,-1,1,-1,1,1,-1,-1,1,1,-1,1,-1,1,-1,1,-1,-1,1,-1,1,-1,1,-1,-1,1,-1,-1,-1,1,-1,-1,1,1,1,-1,1,-1,-1,1,-1,-1,1,-1,1,-1,1,1,1,-1,1,1,-1,-1,-1,1,-1,1,-1,-1,1,-1,1,1,1,1,-1,-1,1,1,-1,1,1,-1,-1,1,1,1,-1,1,1,-1,1,1,1,1,-1,1,1,-1,-1,1,1,-1,-1,1,-1,-1,1,1,-1,1,-1,-1,-1,1,1,-1,1,1,-1,-1,-1,1,-1,1,1,-1,-1,-1,1,-1,-1,-1,-1,1,-1,1,-1,-1,-1,-1,-1,-1,1,-1,1,1,1,1,-1,1,-1,1,1,-1,-1,-1,1,-1,-1,1,-1,1,-1,-1,1,1,1,1,-1,-1,1,1,1,1,-1,1,-1,-1,1,1,1,-1,1,-1,1,1,1,1,-1,-1,-1,1,-1,1,-1,1,1,-1,-1,1,1,1,-1,-1,-1,-1,1,1,1,1,-1,-1,-1,1,1,1,1,1,-1,-1,1,1,1,-1,1,-1,-1,1,1,1,1,1,-1,1,1,1,1,1,1,-1,-1,1,1,-1,1,1,-1,-1,1,1,1,1,1,-1,1,1,1,1,-1,1,-1,1,-1,1,1,-1,1,-1,1,1,1,1,1,-1,1,1,1,1,1,-1,-1,-1,1,-1,1,-1,-1,-1,-1,1,-1,1,1,1,1,-1,1,-1,1,1,-1,1,-1,1,1,1,1,-1,1,-1,1,-1,1,1,-1,-1,-1,1,1,-1,-1,-1,1,-1,1,-1,1,-1,-1,1,-1,-1,-1,-1,1,-1,1,-1,1,-1,-1,1,-1,1,-1,-1,-1,-1,1,-1,-1,-1,-1,-1,1,-1,-1,-1,1,-1,-1,1,-1,1,-1,-1,-1,-1,-1,-1,-1,1,-1,-1,-1,1,1,-1,-1,-1,-1,1,-1,-1,-1,-1,1,-1,-1,1,1,1,1,-1,-1,-1,1,-1,1,-1,-1,1,-1,-1,1,1,1,-1,-1,-1,-1,-1,1,1,-1,-1,1,-1,1,1,-1,-1,-1,1,-1,1,1,-1,-1,1,-1,-1,1,1,1,-1,1,-1,1,1,1,-1,-1,1,-1,-1,1,-1,1,-1,1,-1,-1,1,1,-1,1,1,-1,-1,1,1,1,1,1,-1,-1,1,1,1,1,1,-1,-1,1,1,1,1,1,1,-1,-1,1,1,1,1,-1,-1,1,-1,1,1,1,1,-1,-1,1,-1,1,1,1,-1,1,1,1,1,-1,1,-1,1,1,1,1,1,1,1,-1,1,1,1,1,-1,1,-1,1,1,1,1,1,-1,1,1,1,1,-1,1,1,-1,1,1,-1,1,1,-1,-1,1,1,1,1,-1,1,-1,1,1,1,-1,-1,1,-1,1,1,1,-1,1,-1,-1,-1,1,1,-1,-1,1,-1,-1,1,1,-1,-1,1,-1,-1,1,1,1,-1,1,-1,-1,1,1,-1,-1,-1,1,-1,-1,1,-1,1,1,-1,1,1,-1,-1,1,1,-1,-1,1,1,-1,1,1,-1,1,1,-1,-1,-1,-1,1,-1,-1,-1,-1,1,-1,-1,1,1,-1,1,1,-1,1,1,1,1,-1,1,-1,1,1,1,-1,-1,1,-1,-1,1,1,-1,-1,1,-1,1,1,1,-1,-1,1,-1,1,1,1,1,-1,1,-1,-1,1,1,-1,-1,-1,1,-1,1,-1,1,-1,1,-1,-1,1,-2666.0,1,2000,445,500,False
1876,1,1,-1,-1,1,-1,-1,-1,1,1,1,-1,1,1,1,1,-1,1,-1,-1,-1,-1,1,1,1,-1,1,-1,1,1,1,1,-1,-1,-1,-1,1,-1,1,1,-1,-1,-1,1,1,1,1,-1,1,1,1,1,-1,1,-1,-1,1,-1,1,1,1,-1,-1,-1,1,1,1,1,-1,-1,-1,1,1,1,1,-1,-1,-1,1,1,1,-1,-1,-1,1,1,1,1,-1,-1,1,1,1,1,1,-1,-1,-1,1,-1,1,1,-1,-1,1,1,1,1,1,-1,-1,-1,1,1,1,1,-1,-1,1,1,1,1,1,1,-1,-1,1,1,-1,1,1,-1,1,1,1,1,1,1,-1,1,1,1,1,1,1,-1,1,1,1,1,1,1,-1,-1,-1,1,1,1,1,-1,1,1,1,1,-1,1,-1,1,-1,1,1,1,-1,-1,1,1,1,1,1,-1,1,-1,-1,1,1,1,-1,1,1,1,1,-1,1,1,1,1,-1,1,-1,1,-1,1,1,-1,1,-1,1,1,-1,1,-1,1,-1,1,-1,1,1,-1,-1,-1,1,1,1,1,-1,-1,1,1,-1,-1,1,-1,1,1,-1,1,-1,1,-1,1,-1,1,-1,1,1,-1,-1,1,-1,1,-1,1,-1,1,1,1,-1,1,1,-1,1,-1,1,-1,1,-1,1,-1,1,1,-1,1,-1,-1,1,-1,1,-1,1,-1,-1,-1,1,1,-1,-1,1,1,-1,1,1,1,-1,1,1,-1,1,1,1,1,-1,1,-1,1,1,-1,1,-1,1,-1,1,-1,1,1,1,1,-1,-1,1,-1,-1,-1,1,1,-1,1,1,1,-1,1,1,1,1,1,1,1,1,-1,1,1,1,-1,1,1,-1,1,1,1,-1,1,1,-1,-1,1,1,1,-1,1,-1,1,1,1,-1,1,1,-1,1,1,1,-1,1,1,-1,1,1,1,-1,1,1,1,-1,1,1,-1,1,1,-1,1,-1,1,-1,1,1,1,-1,1,1,1,1,1,1,-1,1,1,-1,1,-1,1,-1,-1,-1,-1,1,1,1,-1,1,1,-1,1,1,-1,-1,1,1,1,1,1,-1,1,1,1,-1,1,1,1,-1,-1,1,1,1,-1,1,-1,1,1,1,1,1,1,-1,-1,-1,1,-1,-1,1,1,-1,1,1,1,1,1,1,1,-1,1,-1,-1,1,-1,1,-1,1,1,-1,1,1,1,-1,-1,1,-1,1,1,1,-1,1,1,1,-1,1,1,-1,-1,1,-1,1,1,1,-1,1,1,1,1,1,1,-1,1,-1,1,1,1,-1,-1,1,-1,1,1,1,-1,-1,1,-1,1,1,1,-1,-1,1,-1,-1,1,1,-1,-1,1,-1,1,1,1,1,-1,1,-1,-1,1,1,1,-1,-1,-1,-1,1,1,-1,-1,1,-1,-1,1,-1,1,-1,-1,1,-1,1,-1,1,-1,-1,1,-1,-1,1,1,1,-1,1,-1,1,-1,-1,1,1,-1,-1,-1,1,-1,-1,1,1,1,-1,1,-1,1,1,1,-1,1,1,-1,1,-1,1,-1,-1,1,-1,-1,1,1,1,-1,1,-1,-1,1,1,-1,-1,1,-1,-1,1,1,-1,-1,1,-1,-1,-1,1,1,-1,1,1,-1,-1,1,-1,-1,1,-1,1,-1,1,1,-1,-1,1,-1,-1,-1,-1,-1,1,1,1,-1,-1,1,-1,-1,1,-1,-1,1,-1,-1,1,1,-1,-1,1,-1,-1,1,1,-1,1,-1,-1,-1,-1,1,1,-1,-1,-1,-1,-1,1,-1,-1,1,-1,-1,-1,1,1,-1,-1,-1,-1,-1,1,-1,-1,-1,-1,-1,-1,1,1,-1,-1,-1,-1,-1,1,1,-1,-1,-1,-1,-1,1,1,1,-1,-1,-1,-1,1,1,-1,-1,-1,-1,1,-1,1,1,-1,-1,1,1,-1,1,1,-1,-1,-1,1,1,1,1,1,-1,1,-1,1,1,-1,1,-1,-1,1,-1,1,-1,1,-1,-1,1,-1,1,-1,-1,-1,-1,-1,-1,1,-1,1,1,-1,1,-1,1,-1,1,1,1,-1,1,1,-1,-1,-1,-1,1,-1,-1,-1,-1,-1,-1,1,-1,1,-1,-1,-1,-1,-1,1,-1,1,-1,-1,-1,1,-1,-1,1,-1,-1,-1,-1,1,1,1,-1,-1,-1,-1,-1,1,-1,-1,-1,1,-1,-1,1,-1,1,-1,-1,-1,-1,-1,-1,-1,1,-1,-1,-1,1,1,-1,-1,-1,1,1,-1,-1,-1,-1,1,-1,-1,1,1,1,-1,-1,-1,-1,1,-1,1,1,-1,1,-1,-1,1,1,-1,-1,-1,-1,-1,-1,1,1,-1,-1,1,-1,1,1,-1,-1,-1,1,-1,1,1,-1,-1,1,-1,-1,1,1,1,-1,1,-1,1,1,1,-1,-1,1,-1,-1,1,1,1,-1,1,-1,-1,1,1,-1,1,1,-1,-1,1,1,-1,1,1,-1,-1,1,1,-1,1,1,-1,-1,1,1,1,1,1,1,-1,-1,1,1,1,1,-1,-1,1,-1,1,1,1,1,-1,-1,1,-1,1,1,1,-1,1,1,1,1,-1,1,-1,1,1,1,1,1,1,1,-1,1,1,1,1,-1,1,-1,1,1,1,1,1,-1,1,1,1,1,-1,1,1,-1,1,1,-1,1,1,-1,-1,1,1,1,1,-1,1,-1,1,1,1,-1,-1,1,-1,1,1,1,-1,1,-1,-1,-1,1,1,-1,-1,1,-1,-1,1,1,-1,-1,1,-1,-1,1,1,1,-1,1,-1,-1,1,1,-1,-1,-1,1,-1,-1,1,-1,1,1,-1,1,1,-1,-1,1,-1,-1,-1,1,1,-1,1,1,-1,1,1,-1,-1,-1,-1,1,-1,-1,-1,-1,-1,-1,-1,1,1,-1,1,1,-1,1,1,1,1,-1,1,-1,1,1,1,-1,-1,1,-1,-1,1,1,-1,-1,1,-1,1,1,1,-1,-1,1,-1,1,1,1,1,-1,1,-1,-1,1,1,1,-1,-1,1,-1,1,-1,1,-1,1,-1,-1,1,-2666.0,1,2000,445,1000,False
1877,1,1,-1,-1,1,1,-1,-1,1,1,1,-1,1,1,1,1,-1,1,-1,-1,-1,-1,1,1,1,-1,-1,-1,1,1,1,1,1,-1,-1,-1,1,1,1,1,-1,-1,-1,1,1,1,1,-1,1,1,1,1,-1,1,-1,-1,1,-1,1,1,-1,-1,-1,-1,1,1,1,1,-1,-1,1,1,1,1,1,-1,-1,-1,1,1,1,-1,-1,-1,1,1,1,1,-1,-1,-1,1,1,1,1,-1,-1,1,1,-1,1,1,-1,-1,1,1,1,1,1,-1,-1,-1,1,1,1,1,-1,-1,1,1,1,1,1,1,-1,-1,1,1,-1,1,1,-1,1,1,1,1,1,1,-1,1,1,1,1,1,1,-1,1,1,1,1,1,1,-1,-1,-1,1,1,1,1,-1,1,-1,1,1,-1,1,-1,1,-1,1,1,1,-1,-1,1,1,1,1,1,-1,1,-1,-1,1,1,1,-1,1,1,1,1,-1,1,1,1,1,-1,1,-1,1,-1,1,1,-1,1,-1,1,1,-1,1,-1,1,-1,1,-1,1,1,-1,1,-1,1,1,1,1,-1,-1,1,1,-1,-1,1,-1,1,-1,-1,1,-1,1,-1,1,-1,1,-1,1,1,-1,-1,-1,1,1,-1,1,-1,1,1,1,-1,1,1,-1,1,-1,1,-1,1,-1,1,-1,1,1,-1,1,-1,-1,-1,1,1,-1,1,-1,-1,-1,1,1,-1,-1,1,1,-1,-1,1,1,-1,1,1,-1,1,1,1,1,-1,1,-1,1,1,-1,1,-1,1,-1,1,1,1,1,1,1,-1,-1,1,-1,-1,1,1,1,-1,1,1,1,-1,1,1,1,1,1,1,1,1,-1,1,1,1,-1,1,1,-1,1,1,1,-1,1,1,-1,-1,1,1,1,-1,1,-1,1,1,1,-1,1,1,-1,1,1,1,-1,1,1,-1,1,1,1,-1,1,1,-1,-1,1,1,-1,1,1,-1,1,-1,1,-1,1,1,1,-1,1,1,1,-1,1,1,-1,1,1,-1,1,-1,1,-1,-1,-1,-1,1,1,1,-1,1,1,-1,1,1,-1,-1,1,1,1,1,1,-1,1,1,1,-1,1,1,1,-1,-1,1,1,1,-1,1,-1,1,1,1,1,1,1,-1,-1,-1,1,-1,-1,1,-1,1,-1,1,1,1,1,1,-1,-1,1,-1,-1,1,-1,1,-1,1,1,1,1,1,1,-1,-1,1,-1,1,1,-1,-1,1,1,1,-1,1,-1,-1,-1,1,-1,1,1,-1,-1,1,1,1,1,-1,1,-1,1,-1,1,1,-1,-1,-1,1,-1,1,1,-1,-1,-1,1,-1,1,1,1,-1,-1,1,1,-1,1,-1,-1,-1,1,-1,1,1,1,-1,-1,1,-1,-1,1,-1,-1,-1,-1,-1,1,1,-1,-1,-1,1,-1,-1,1,-1,-1,-1,-1,1,-1,1,-1,-1,-1,-1,1,-1,-1,1,1,1,-1,1,-1,1,-1,1,1,1,-1,-1,-1,1,-1,-1,-1,1,-1,1,1,-1,1,1,1,-1,1,1,-1,1,-1,1,-1,-1,1,-1,-1,1,1,1,-1,1,-1,-1,1,1,-1,-1,1,-1,-1,1,1,-1,-1,1,-1,-1,-1,1,1,-1,1,1,-1,-1,1,-1,-1,1,-1,1,-1,1,1,-1,-1,1,-1,-1,-1,-1,-1,1,1,1,-1,-1,1,-1,-1,1,-1,-1,1,-1,-1,1,1,-1,-1,1,-1,-1,1,1,-1,1,-1,1,-1,-1,1,1,-1,-1,-1,-1,-1,1,-1,-1,1,-1,-1,-1,1,1,-1,-1,-1,-1,-1,1,-1,-1,-1,-1,-1,1,1,1,-1,-1,-1,-1,-1,1,1,-1,-1,-1,-1,-1,1,1,1,-1,-1,-1,-1,1,1,-1,-1,-1,-1,1,1,1,1,1,-1,1,1,1,1,1,1,-1,-1,1,1,1,-1,1,-1,1,1,1,1,-1,1,-1,-1,1,-1,1,-1,1,-1,-1,1,-1,1,1,1,-1,-1,1,-1,1,-1,1,-1,-1,1,-1,1,1,1,-1,1,-1,-1,1,1,1,-1,-1,1,1,-1,1,1,-1,-1,1,-1,1,-1,1,-1,-1,-1,-1,-1,1,1,-1,-1,1,-1,-1,1,1,-1,-1,-1,-1,1,-1,1,-1,-1,-1,-1,1,1,-1,-1,1,-1,-1,1,-1,1,-1,-1,-1,-1,-1,1,1,1,-1,-1,-1,1,1,1,-1,-1,1,-1,-1,-1,1,-1,1,-1,-1,1,1,1,-1,-1,-1,-1,1,-1,1,1,-1,1,-1,-1,1,1,-1,-1,-1,-1,-1,-1,1,1,-1,-1,1,-1,1,1,-1,-1,-1,1,-1,1,1,-1,-1,1,-1,-1,1,1,1,-1,1,-1,1,1,1,-1,-1,1,-1,-1,1,1,1,-1,1,-1,-1,1,1,-1,1,1,-1,-1,1,1,1,1,1,-1,-1,1,1,1,1,1,-1,-1,1,1,1,1,1,1,-1,-1,1,1,1,1,-1,-1,1,-1,1,1,1,1,-1,-1,1,-1,1,1,1,-1,1,1,1,1,-1,1,-1,1,1,1,1,1,1,1,-1,1,1,1,1,-1,1,-1,1,1,1,1,1,-1,1,1,1,1,-1,1,1,-1,1,1,-1,1,1,-1,-1,1,1,1,1,-1,1,-1,1,1,1,-1,-1,1,-1,1,1,1,-1,1,-1,-1,-1,1,1,-1,-1,1,-1,-1,1,1,-1,-1,1,-1,-1,1,1,1,-1,1,-1,-1,1,1,-1,-1,-1,1,-1,1,1,-1,1,1,-1,1,1,-1,-1,1,-1,-1,-1,1,1,-1,1,1,-1,1,1,-1,-1,-1,-1,1,-1,-1,-1,-1,-1,-1,-1,1,1,-1,1,1,-1,1,1,1,1,-1,1,-1,1,1,1,-1,-1,1,-1,-1,1,1,-1,-1,1,-1,1,1,1,-1,-1,1,-1,1,1,1,1,-1,1,-1,-1,1,1,-1,-1,-1,1,-1,1,-1,1,-1,1,-1,-1,1,-2666.0,1,2000,445,0,False
1878,1,1,-1,-1,1,-1,1,-1,1,1,1,-1,1,1,1,1,-1,1,-1,-1,1,1,1,1,1,-1,-1,-1,1,1,1,1,1,-1,-1,-1,1,1,1,1,-1,-1,-1,1,1,1,1,-1,1,1,1,1,-1,1,-1,-1,1,-1,1,1,1,-1,-1,1,1,1,1,1,-1,-1,1,1,1,1,1,-1,-1,-1,1,1,1,-1,-1,-1,1,1,1,1,-1,-1,-1,1,1,1,1,-1,-1,1,1,-1,1,1,-1,-1,1,1,1,1,1,-1,-1,1,1,-1,1,1,-1,-1,1,1,1,1,1,1,-1,1,1,1,-1,1,1,-1,1,1,1,1,1,1,-1,-1,1,1,1,1,1,-1,1,1,1,1,1,1,-1,-1,-1,1,1,1,1,-1,1,-1,1,1,-1,1,-1,1,-1,1,1,1,-1,-1,1,1,1,1,1,-1,1,-1,-1,1,1,1,-1,1,1,1,1,-1,1,1,1,1,-1,1,-1,1,-1,1,1,-1,1,-1,1,1,-1,1,-1,1,-1,1,-1,1,1,-1,1,-1,1,1,1,1,-1,-1,1,1,-1,-1,1,-1,1,-1,-1,1,-1,1,-1,1,-1,1,-1,1,1,-1,-1,-1,1,1,-1,1,-1,1,1,1,-1,1,1,-1,1,-1,1,-1,1,-1,1,-1,1,1,-1,1,-1,-1,-1,1,1,-1,1,-1,-1,-1,1,1,-1,-1,1,1,-1,-1,1,1,-1,1,1,-1,1,1,1,1,-1,1,-1,1,1,-1,1,-1,1,-1,1,1,1,1,1,1,-1,-1,1,-1,-1,-1,1,1,-1,1,1,1,-1,1,1,1,1,1,1,1,1,-1,1,1,1,-1,1,1,-1,1,1,1,-1,1,1,-1,-1,1,1,1,-1,1,-1,1,1,1,-1,1,1,-1,1,1,1,-1,1,1,-1,1,1,1,-1,1,1,-1,-1,1,1,-1,1,1,-1,1,-1,1,-1,1,-1,1,-1,1,1,1,1,-1,1,-1,1,1,-1,1,1,1,-1,-1,-1,-1,1,-1,1,-1,1,1,-1,1,1,1,-1,1,1,1,1,1,-1,1,1,1,-1,1,1,1,-1,-1,1,1,1,-1,1,-1,1,1,1,1,1,1,1,-1,-1,1,-1,1,1,1,-1,1,1,1,1,1,1,1,-1,1,-1,-1,1,-1,1,-1,1,1,-1,-1,1,1,-1,-1,1,-1,1,1,-1,-1,1,1,-1,1,-1,1,-1,-1,1,-1,1,1,1,-1,1,1,1,1,1,1,-1,1,-1,1,-1,1,-1,-1,1,-1,1,-1,1,-1,-1,1,-1,1,1,1,-1,-1,1,-1,-1,1,1,-1,-1,1,-1,1,-1,1,1,-1,1,1,-1,-1,1,1,-1,-1,-1,1,-1,1,-1,-1,1,-1,-1,1,1,1,-1,-1,1,-1,1,1,1,1,-1,1,-1,-1,1,1,1,-1,1,-1,1,-1,-1,-1,1,-1,-1,1,1,-1,1,1,1,-1,1,1,-1,-1,1,1,-1,1,1,-1,1,-1,1,-1,-1,1,-1,-1,1,1,-1,-1,1,-1,-1,1,1,1,-1,1,-1,1,1,1,-1,-1,1,-1,-1,-1,1,1,-1,1,1,-1,-1,1,-1,-1,1,-1,1,1,-1,1,-1,-1,1,-1,-1,-1,-1,-1,1,1,1,-1,1,1,-1,-1,1,-1,1,-1,-1,-1,1,1,-1,-1,-1,1,-1,1,1,-1,-1,1,1,-1,-1,1,1,-1,-1,-1,-1,-1,1,-1,-1,1,-1,-1,-1,1,1,-1,-1,-1,-1,-1,1,-1,-1,1,-1,-1,1,1,1,-1,-1,-1,-1,-1,1,1,-1,1,-1,-1,-1,1,1,1,1,-1,-1,-1,1,1,-1,1,-1,-1,1,1,1,1,-1,-1,1,1,1,1,1,-1,-1,-1,1,1,-1,1,1,-1,1,1,1,1,-1,1,-1,-1,1,-1,1,-1,-1,-1,-1,1,-1,1,-1,-1,-1,-1,1,-1,1,1,-1,-1,-1,1,-1,1,-1,1,-1,1,-1,-1,1,1,-1,-1,-1,1,1,-1,-1,-1,-1,-1,1,-1,1,-1,-1,-1,-1,-1,-1,-1,1,-1,-1,-1,1,-1,-1,1,-1,-1,-1,-1,-1,-1,1,-1,-1,-1,-1,-1,1,-1,-1,-1,1,-1,-1,1,-1,1,-1,-1,-1,-1,-1,-1,-1,1,-1,-1,-1,1,1,1,-1,-1,1,-1,-1,-1,-1,-1,1,-1,-1,1,-1,1,-1,-1,-1,-1,1,-1,1,1,-1,1,-1,-1,1,1,-1,-1,-1,-1,-1,-1,1,1,-1,-1,1,-1,1,1,-1,-1,-1,1,-1,-1,1,-1,-1,1,-1,-1,1,1,1,-1,1,-1,1,1,1,-1,-1,1,-1,-1,1,1,1,-1,1,-1,-1,1,1,-1,1,1,-1,-1,1,1,-1,1,1,-1,-1,1,1,1,1,1,-1,-1,1,1,1,1,1,1,-1,-1,1,1,1,1,-1,-1,1,-1,1,1,1,1,-1,-1,1,-1,1,1,1,-1,1,1,1,1,-1,1,-1,1,1,1,1,1,1,1,-1,1,1,1,1,-1,1,-1,1,1,1,1,1,-1,1,1,1,1,-1,1,1,-1,1,1,-1,1,1,-1,-1,1,1,1,1,-1,1,-1,1,1,1,-1,-1,1,-1,1,1,1,-1,1,-1,-1,-1,1,1,-1,-1,1,-1,-1,1,1,1,-1,1,-1,-1,1,1,1,-1,1,-1,-1,1,1,-1,-1,-1,1,-1,-1,1,-1,1,1,-1,1,1,-1,-1,1,-1,-1,-1,1,1,-1,1,1,-1,1,1,-1,-1,-1,-1,1,-1,-1,-1,-1,1,-1,-1,1,1,-1,1,1,-1,1,1,1,1,-1,1,-1,1,1,1,1,-1,1,-1,-1,1,1,1,-1,1,-1,1,1,1,1,-1,1,-1,1,1,-1,-1,-1,1,-1,-1,1,1,-1,-1,-1,1,-1,1,-1,1,-1,1,-1,-1,1,-2666.0,1,2000,445,0,False
1879,1,1,-1,-1,1,1,-1,-1,1,1,1,-1,1,1,1,1,-1,1,-1,-1,-1,-1,1,1,1,-1,1,-1,1,1,1,1,1,-1,-1,-1,1,1,1,-1,-1,-1,-1,1,1,1,1,-1,1,1,1,1,-1,1,-1,-1,1,-1,1,1,1,-1,-1,-1,1,1,1,1,-1,-1,-1,1,1,1,1,-1,-1,-1,1,1,1,-1,-1,-1,1,1,1,1,-1,-1,-1,1,1,1,1,-1,-1,1,1,-1,1,1,-1,-1,1,1,1,1,1,-1,-1,1,1,1,1,1,-1,-1,1,1,1,1,1,1,-1,-1,1,1,-1,1,1,-1,1,1,1,1,1,1,-1,-1,1,1,1,1,1,-1,1,1,1,1,1,1,-1,-1,-1,1,1,1,1,-1,1,1,1,1,-1,1,-1,1,-1,1,1,1,-1,-1,1,1,1,1,1,-1,1,-1,-1,1,-1,1,-1,1,1,1,1,1,1,1,1,1,-1,1,-1,1,-1,1,1,-1,1,-1,1,1,-1,1,-1,1,-1,1,-1,1,1,-1,1,-1,1,1,1,1,-1,-1,1,1,-1,-1,1,-1,1,-1,-1,1,-1,1,-1,1,-1,1,-1,1,1,-1,-1,-1,1,1,-1,1,-1,1,1,1,-1,1,1,-1,-1,-1,1,-1,1,-1,1,-1,1,1,-1,1,-1,-1,-1,1,1,-1,1,-1,-1,-1,1,1,-1,-1,1,1,-1,-1,1,1,-1,1,1,-1,1,1,1,1,-1,1,-1,1,1,-1,1,-1,1,1,1,1,1,1,1,1,-1,-1,1,-1,-1,-1,1,1,-1,1,1,1,-1,1,1,1,1,1,1,1,1,-1,1,1,1,-1,-1,1,-1,1,1,1,-1,1,1,-1,-1,1,1,1,-1,1,-1,1,1,1,-1,1,1,-1,1,1,1,-1,1,1,-1,1,1,1,-1,1,1,-1,-1,1,1,-1,1,1,-1,1,-1,1,-1,1,1,1,-1,1,1,1,-1,1,1,-1,1,1,-1,1,1,1,-1,-1,-1,-1,1,1,1,-1,1,1,-1,1,1,-1,-1,1,1,1,1,1,-1,1,1,1,-1,1,1,1,-1,-1,1,1,1,-1,1,-1,1,1,1,1,1,1,-1,-1,-1,1,-1,-1,1,1,-1,1,1,-1,1,1,1,1,-1,1,-1,-1,1,-1,1,-1,1,1,-1,1,1,1,-1,-1,1,-1,1,1,1,-1,1,1,-1,-1,1,1,-1,-1,1,-1,1,1,1,-1,1,1,1,1,1,1,-1,1,-1,1,1,1,-1,-1,1,-1,-1,1,1,-1,-1,1,-1,1,1,1,-1,-1,1,-1,-1,1,1,-1,-1,1,-1,1,1,1,1,-1,1,1,-1,-1,1,1,-1,-1,1,1,-1,1,-1,-1,1,-1,-1,1,-1,1,-1,-1,1,-1,1,-1,1,-1,-1,1,-1,-1,1,1,1,-1,1,-1,1,-1,-1,-1,1,-1,-1,-1,1,-1,-1,1,1,1,-1,1,-1,1,1,1,-1,1,1,-1,-1,-1,1,-1,-1,1,-1,-1,1,1,1,-1,1,-1,-1,1,1,-1,-1,1,-1,-1,1,1,-1,-1,1,-1,-1,-1,1,1,-1,1,-1,-1,-1,1,-1,-1,1,-1,1,-1,1,1,-1,-1,1,-1,-1,-1,-1,-1,1,1,1,-1,1,1,-1,-1,1,-1,-1,-1,-1,-1,1,1,-1,-1,-1,-1,-1,1,1,-1,1,1,1,-1,-1,1,1,-1,-1,-1,-1,1,1,-1,-1,1,-1,-1,-1,1,1,-1,-1,-1,-1,-1,1,-1,-1,1,-1,-1,1,1,1,-1,1,-1,-1,-1,1,1,-1,-1,-1,-1,-1,1,1,1,-1,-1,-1,-1,1,1,-1,-1,-1,-1,1,1,1,1,-1,-1,1,1,1,1,1,-1,-1,-1,1,1,1,1,1,-1,1,1,1,1,-1,1,-1,-1,1,-1,1,-1,1,-1,-1,1,-1,1,-1,-1,-1,-1,1,-1,1,-1,1,-1,-1,1,-1,1,-1,1,-1,-1,1,-1,1,-1,-1,-1,-1,1,1,-1,-1,-1,-1,-1,1,-1,1,-1,-1,-1,-1,-1,-1,-1,1,-1,-1,-1,1,-1,-1,1,-1,-1,-1,-1,-1,-1,1,-1,-1,-1,-1,-1,1,-1,-1,-1,1,-1,-1,1,-1,1,-1,-1,-1,-1,-1,-1,-1,1,-1,-1,-1,1,1,-1,-1,-1,1,-1,-1,-1,-1,-1,1,-1,-1,1,-1,1,-1,-1,-1,-1,1,-1,1,1,-1,1,-1,-1,1,1,-1,-1,-1,-1,-1,-1,1,1,-1,-1,1,-1,1,1,-1,-1,-1,1,-1,1,1,-1,-1,1,-1,-1,1,1,1,-1,1,-1,1,1,1,-1,-1,1,-1,-1,1,1,1,-1,1,-1,-1,1,1,-1,1,1,-1,-1,1,1,1,1,1,-1,-1,1,1,-1,1,1,-1,-1,1,1,1,1,1,1,-1,-1,1,1,1,1,-1,-1,1,-1,1,1,1,1,-1,-1,1,-1,1,1,1,-1,1,1,1,1,-1,1,-1,1,1,1,1,1,1,1,-1,1,1,1,1,-1,1,-1,1,1,1,1,1,-1,1,1,1,1,-1,1,1,-1,1,1,-1,1,1,-1,-1,1,1,1,1,-1,1,-1,1,1,1,-1,-1,1,-1,1,1,1,-1,1,-1,-1,-1,1,1,-1,-1,1,-1,-1,1,1,-1,-1,1,-1,-1,-1,1,1,-1,1,-1,-1,1,1,-1,-1,-1,1,-1,-1,1,-1,1,1,-1,1,1,-1,-1,1,1,-1,-1,1,1,-1,1,1,-1,1,1,-1,-1,-1,-1,1,-1,-1,-1,-1,1,-1,-1,1,1,-1,1,1,-1,1,1,1,1,-1,1,-1,1,1,1,1,-1,1,-1,-1,-1,1,1,-1,1,-1,1,1,1,1,-1,1,-1,1,1,1,-1,-1,1,-1,-1,1,1,-1,-1,-1,1,-1,1,1,1,-1,1,-1,-1,1,-2666.0,1,2000,445,1500,False
1880,1,1,-1,-1,1,-1,1,1,1,1,1,-1,1,1,1,1,-1,1,-1,-1,1,1,1,1,1,-1,-1,-1,1,1,1,1,1,-1,-1,1,-1,1,1,1,-1,-1,1,1,1,1,1,-1,1,-1,1,1,-1,1,-1,-1,-1,-1,1,1,1,-1,-1,1,1,1,1,1,-1,-1,1,-1,1,1,1,-1,-1,1,-1,1,1,-1,-1,-1,-1,1,1,1,-1,-1,-1,-1,-1,1,1,-1,-1,1,-1,1,1,1,-1,-1,1,-1,-1,1,1,-1,-1,1,-1,-1,1,1,-1,-1,1,-1,-1,1,1,1,-1,1,-1,-1,1,1,1,-1,1,-1,-1,1,1,1,-1,-1,-1,-1,1,1,1,-1,1,-1,-1,-1,1,1,-1,-1,1,-1,-1,1,1,-1,1,-1,-1,-1,1,1,-1,1,1,-1,1,1,-1,-1,1,-1,-1,1,1,-1,1,-1,1,-1,1,1,-1,1,1,-1,-1,-1,1,1,1,1,1,-1,1,1,-1,1,1,1,-1,1,1,1,-1,1,1,-1,1,1,-1,1,1,1,-1,1,1,1,1,1,1,1,-1,1,-1,-1,1,1,-1,-1,1,1,-1,1,1,-1,-1,1,-1,1,1,1,1,-1,1,1,-1,1,1,-1,1,1,-1,1,1,1,-1,-1,1,-1,1,-1,1,1,1,1,-1,1,-1,1,1,1,1,-1,1,-1,1,1,1,1,-1,-1,1,1,1,1,1,1,-1,1,1,-1,-1,1,1,-1,-1,1,1,1,1,-1,1,-1,1,1,1,-1,1,-1,-1,1,1,1,1,-1,1,-1,1,-1,1,1,1,1,-1,1,1,1,1,1,-1,-1,1,1,1,1,1,1,-1,1,1,1,1,1,-1,1,1,1,-1,1,1,-1,-1,1,1,1,1,1,1,1,1,-1,1,1,1,1,1,1,1,1,1,1,1,1,1,1,-1,1,1,1,1,1,1,1,-1,1,-1,1,1,1,-1,1,1,1,1,1,1,1,-1,1,1,-1,1,1,-1,-1,-1,-1,1,1,1,-1,1,1,-1,1,1,-1,-1,1,1,1,1,1,-1,1,1,1,-1,1,1,1,1,-1,1,1,1,-1,1,-1,1,-1,1,1,1,1,-1,-1,-1,1,-1,-1,1,1,-1,1,-1,1,1,1,1,1,-1,1,-1,-1,1,-1,1,-1,1,-1,1,1,1,1,-1,-1,1,-1,1,1,1,-1,1,1,1,-1,1,1,-1,1,-1,-1,1,1,1,-1,1,-1,1,1,1,1,-1,1,-1,1,1,1,-1,1,1,-1,1,1,1,-1,-1,1,-1,1,1,1,-1,1,-1,1,-1,1,1,-1,-1,1,-1,1,1,1,1,-1,1,-1,-1,1,1,1,-1,1,-1,1,1,1,-1,-1,1,-1,-1,1,-1,1,-1,-1,1,-1,1,-1,1,1,-1,1,-1,-1,1,1,1,-1,1,-1,1,-1,-1,-1,1,-1,1,1,-1,-1,-1,-1,1,-1,1,-1,1,-1,1,1,1,-1,-1,-1,-1,-1,1,1,1,-1,-1,-1,1,1,-1,1,-1,-1,-1,1,1,1,1,-1,-1,-1,1,1,-1,1,-1,-1,-1,-1,1,1,1,-1,1,-1,-1,1,-1,1,-1,-1,1,-1,1,-1,1,1,-1,-1,-1,-1,-1,1,1,-1,1,-1,-1,-1,1,1,-1,-1,-1,1,1,1,-1,-1,-1,-1,1,1,1,-1,1,-1,1,-1,1,1,1,-1,-1,-1,-1,-1,1,-1,1,-1,-1,1,-1,1,1,-1,1,-1,-1,1,1,1,-1,1,-1,-1,-1,1,1,-1,-1,-1,-1,-1,1,1,-1,1,-1,-1,-1,1,1,1,-1,1,-1,-1,1,1,-1,-1,-1,-1,-1,1,1,1,-1,1,-1,-1,-1,-1,1,-1,1,-1,-1,1,-1,-1,1,-1,1,-1,-1,1,-1,1,-1,1,-1,1,-1,-1,1,-1,1,-1,-1,1,-1,1,-1,-1,-1,-1,1,-1,1,-1,1,-1,-1,1,-1,1,-1,1,-1,-1,-1,1,1,-1,-1,-1,-1,1,-1,-1,-1,-1,-1,-1,-1,-1,1,-1,-1,-1,-1,1,1,-1,1,-1,-1,-1,1,-1,-1,1,-1,-1,-1,-1,-1,1,1,-1,-1,-1,-1,-1,1,-1,-1,-1,1,-1,-1,1,-1,1,-1,-1,-1,-1,-1,-1,-1,1,-1,-1,-1,1,1,-1,-1,-1,-1,1,-1,-1,-1,-1,-1,-1,-1,1,1,1,-1,-1,-1,-1,1,-1,1,1,-1,1,-1,-1,1,1,-1,-1,-1,-1,-1,-1,1,1,-1,-1,1,-1,1,1,-1,-1,-1,1,-1,-1,1,-1,-1,1,-1,-1,1,1,1,-1,1,-1,1,1,1,-1,-1,1,-1,-1,1,1,1,-1,1,-1,-1,1,1,-1,1,1,-1,-1,1,1,-1,1,1,-1,-1,1,1,1,1,1,-1,-1,1,1,1,1,1,1,-1,1,1,1,1,1,-1,-1,1,-1,1,1,1,1,-1,-1,1,-1,1,1,1,-1,1,1,1,1,-1,1,-1,1,1,1,1,1,1,-1,-1,-1,1,1,1,-1,1,-1,1,1,1,1,-1,1,-1,1,1,1,-1,-1,1,-1,1,1,-1,1,-1,-1,-1,-1,1,1,-1,1,-1,-1,1,1,1,-1,-1,-1,-1,1,1,1,-1,1,-1,-1,-1,1,1,-1,1,-1,-1,-1,1,1,1,-1,1,-1,1,1,1,1,1,1,-1,-1,1,1,-1,-1,1,1,1,-1,1,-1,1,-1,-1,1,1,-1,-1,1,-1,-1,-1,1,1,-1,1,1,1,1,1,-1,-1,-1,-1,1,-1,-1,-1,-1,1,-1,1,1,1,-1,1,1,-1,1,1,1,1,-1,1,-1,1,1,1,1,-1,1,-1,1,1,1,1,-1,1,-1,1,1,1,1,-1,1,-1,1,1,-1,-1,-1,1,-1,-1,1,1,-1,-1,-1,1,-1,1,-1,1,-1,1,-1,-1,1,-2666.0,1,2000,445,1000,True
1881,1,1,-1,-1,1,1,-1,1,1,1,1,-1,1,1,1,1,-1,1,-1,-1,-1,1,1,1,1,-1,1,-1,1,1,1,1,1,-1,-1,1,-1,1,1,1,-1,-1,1,1,1,1,1,-1,1,1,1,1,-1,1,-1,-1,1,-1,1,1,1,-1,-1,1,1,1,1,1,-1,-1,1,1,1,1,1,-1,-1,-1,1,1,1,-1,-1,-1,1,1,1,1,-1,-1,1,1,-1,1,1,-1,-1,-1,1,-1,1,1,-1,-1,1,1,1,1,1,-1,-1,-1,1,-1,1,1,-1,-1,1,1,1,1,1,1,-1,-1,1,1,-1,1,1,-1,1,1,1,1,1,1,-1,1,1,1,-1,1,1,-1,1,1,1,1,1,1,-1,-1,-1,1,-1,1,1,-1,1,-1,1,1,-1,1,-1,1,-1,1,1,1,-1,-1,1,1,1,-1,1,-1,1,-1,-1,1,1,1,-1,1,1,1,1,-1,1,1,1,1,-1,1,-1,1,-1,1,1,-1,1,-1,1,1,-1,1,-1,1,-1,1,-1,1,1,-1,1,-1,1,1,1,1,-1,-1,1,1,-1,-1,1,-1,1,1,-1,1,-1,1,-1,1,1,1,-1,-1,1,-1,-1,1,1,1,-1,1,-1,1,1,1,-1,1,1,-1,1,-1,1,-1,1,-1,1,-1,1,1,-1,1,-1,-1,1,1,1,-1,1,-1,-1,-1,-1,1,-1,-1,1,1,-1,-1,1,1,-1,1,1,-1,1,1,1,1,-1,1,-1,1,1,-1,1,-1,1,1,-1,1,1,1,1,1,-1,-1,1,-1,-1,-1,1,1,-1,1,1,1,-1,1,-1,-1,1,1,1,-1,1,-1,1,1,1,-1,-1,1,-1,1,1,1,-1,1,1,-1,1,-1,1,1,-1,1,-1,1,1,1,-1,1,1,-1,1,1,1,-1,1,-1,-1,1,1,1,-1,1,-1,-1,1,1,1,-1,1,-1,-1,-1,-1,1,-1,1,1,-1,1,1,1,1,1,1,-1,-1,-1,1,-1,1,-1,-1,1,-1,-1,-1,1,1,-1,1,-1,1,-1,1,-1,1,-1,1,1,1,1,-1,1,-1,1,1,-1,1,-1,-1,-1,-1,1,1,1,1,-1,-1,1,1,1,1,-1,-1,1,-1,-1,1,-1,1,-1,1,-1,1,1,1,-1,-1,1,1,-1,1,-1,1,-1,-1,1,-1,1,1,-1,-1,-1,1,-1,-1,1,1,-1,-1,-1,-1,1,1,-1,1,-1,1,-1,-1,1,1,-1,1,1,-1,1,1,-1,-1,1,1,-1,1,-1,1,-1,1,-1,-1,1,-1,1,-1,1,-1,-1,1,-1,-1,-1,1,-1,-1,1,-1,1,-1,1,-1,-1,1,-1,-1,1,-1,1,-1,1,1,1,-1,1,1,-1,-1,-1,1,-1,1,-1,-1,1,-1,1,1,1,1,-1,-1,1,1,-1,1,1,-1,-1,1,1,1,1,1,1,-1,1,1,1,-1,-1,1,1,-1,-1,-1,1,-1,-1,1,1,-1,1,1,-1,1,-1,-1,-1,1,1,-1,1,1,-1,1,-1,1,-1,1,1,-1,-1,-1,1,-1,-1,-1,-1,1,-1,1,-1,-1,-1,-1,-1,-1,1,-1,1,1,1,1,-1,1,-1,1,1,-1,-1,-1,1,-1,-1,1,-1,-1,-1,-1,1,1,1,1,-1,-1,1,1,1,1,-1,-1,-1,-1,1,1,1,-1,-1,-1,1,1,1,1,-1,1,-1,1,-1,1,-1,1,1,-1,-1,1,1,1,-1,-1,-1,-1,1,1,1,1,-1,-1,-1,1,1,1,1,1,-1,-1,1,-1,1,-1,-1,-1,1,1,1,1,1,-1,1,-1,1,-1,1,1,-1,-1,-1,1,1,-1,1,-1,-1,-1,1,1,1,1,-1,-1,1,-1,1,-1,1,-1,1,1,-1,1,1,-1,-1,-1,1,1,-1,1,1,-1,1,-1,1,-1,1,1,-1,-1,1,-1,1,-1,-1,-1,1,-1,1,-1,1,-1,-1,-1,-1,-1,-1,1,-1,-1,1,1,1,-1,-1,1,-1,1,-1,-1,-1,1,-1,-1,-1,1,1,1,-1,-1,-1,-1,1,-1,-1,1,-1,-1,-1,-1,-1,-1,1,-1,-1,-1,1,-1,-1,1,-1,-1,-1,-1,-1,1,1,-1,-1,-1,-1,-1,1,-1,-1,-1,1,-1,-1,1,-1,1,-1,-1,-1,-1,-1,-1,-1,1,-1,-1,-1,1,1,-1,-1,-1,1,-1,1,-1,-1,-1,1,-1,-1,1,-1,1,-1,-1,-1,-1,1,-1,1,1,-1,1,-1,-1,1,1,-1,-1,-1,-1,-1,-1,1,1,-1,-1,1,-1,1,1,-1,-1,-1,1,-1,1,1,-1,-1,1,-1,-1,1,1,1,-1,1,-1,1,1,1,-1,-1,1,-1,-1,1,1,1,-1,1,-1,-1,1,1,-1,1,1,-1,-1,1,1,1,1,1,-1,-1,1,1,1,1,1,-1,-1,1,1,1,1,-1,1,-1,-1,1,1,1,1,-1,-1,1,-1,1,1,1,1,-1,-1,1,-1,1,1,1,-1,1,1,1,1,-1,1,-1,1,1,1,1,1,1,1,-1,1,1,1,1,-1,1,-1,1,1,1,1,1,-1,1,1,1,1,-1,1,1,-1,1,1,-1,1,1,-1,-1,1,1,1,1,-1,1,-1,1,1,1,-1,-1,1,-1,1,1,1,-1,1,-1,-1,-1,1,1,-1,-1,1,-1,-1,1,1,-1,-1,1,-1,-1,-1,1,1,-1,1,-1,-1,1,1,-1,-1,-1,1,-1,-1,1,-1,1,1,-1,1,1,-1,-1,1,-1,-1,-1,1,1,-1,1,1,-1,1,1,-1,-1,1,-1,1,-1,-1,-1,-1,1,-1,-1,1,1,-1,1,1,-1,1,1,1,1,-1,1,-1,1,1,1,-1,-1,1,-1,-1,1,1,-1,-1,1,-1,1,1,1,-1,-1,1,-1,1,1,1,1,-1,1,-1,-1,1,1,1,-1,-1,1,-1,1,-1,1,-1,1,-1,-1,1,-2666.0,1,2000,445,0,False
1882,1,1,-1,-1,1,-1,-1,-1,1,1,1,-1,1,1,1,1,-1,1,-1,-1,1,-1,1,1,1,-1,-1,-1,1,1,1,1,-1,-1,-1,-1,1,1,1,1,-1,-1,-1,1,1,1,1,-1,1,1,1,1,-1,1,-1,-1,1,-1,1,1,1,-1,-1,-1,1,1,1,1,-1,-1,-1,1,1,1,1,-1,-1,-1,1,1,1,-1,-1,-1,1,1,1,1,-1,-1,-1,1,1,1,1,-1,-1,1,1,-1,1,1,-1,-1,1,1,1,1,1,-1,-1,1,1,1,1,1,-1,-1,1,1,1,1,1,1,-1,-1,1,1,-1,1,1,-1,1,1,1,1,1,1,-1,-1,1,1,-1,1,1,-1,1,1,1,1,1,1,-1,-1,-1,1,1,1,1,-1,1,1,1,1,-1,1,-1,1,-1,1,1,1,-1,-1,1,1,1,-1,1,-1,1,-1,-1,1,1,1,-1,1,1,1,1,-1,1,1,1,1,-1,1,-1,1,-1,1,1,-1,1,-1,1,1,-1,1,-1,1,-1,1,-1,1,1,-1,1,-1,1,1,1,1,-1,-1,1,1,-1,-1,1,-1,1,1,-1,1,-1,1,-1,1,-1,1,-1,1,1,-1,-1,1,1,1,-1,1,-1,1,1,1,-1,1,1,-1,1,-1,1,-1,1,-1,1,-1,1,1,-1,1,-1,-1,1,1,1,-1,1,-1,-1,-1,-1,1,-1,-1,1,1,-1,-1,1,1,-1,1,1,-1,1,1,1,1,-1,1,-1,1,1,-1,1,-1,1,1,-1,1,1,1,1,1,-1,-1,1,-1,-1,-1,1,1,-1,1,1,1,-1,1,-1,-1,1,1,1,1,1,-1,1,1,1,-1,1,1,-1,-1,1,1,-1,1,1,-1,1,-1,1,1,-1,1,-1,1,1,1,-1,1,1,-1,1,1,1,-1,1,-1,-1,1,1,1,-1,1,-1,-1,1,1,1,-1,1,-1,-1,-1,-1,1,-1,1,1,-1,1,1,1,1,-1,1,-1,-1,-1,1,-1,1,-1,-1,1,-1,-1,-1,1,1,-1,1,-1,1,-1,1,-1,1,-1,1,1,1,1,-1,1,-1,1,1,-1,1,-1,-1,-1,-1,1,1,1,1,-1,-1,1,1,1,1,-1,-1,1,-1,-1,1,-1,-1,-1,1,-1,1,1,-1,1,-1,1,1,-1,1,-1,1,-1,-1,1,-1,1,1,1,-1,-1,1,-1,-1,1,1,-1,-1,1,-1,1,1,-1,1,-1,1,-1,-1,1,1,-1,1,1,-1,1,1,1,-1,1,1,-1,1,-1,-1,-1,1,-1,1,1,-1,-1,-1,1,-1,-1,1,-1,1,-1,1,-1,-1,1,1,-1,-1,1,-1,-1,1,-1,-1,-1,-1,1,-1,1,1,-1,-1,1,1,-1,1,-1,1,-1,1,-1,-1,1,-1,-1,1,1,1,-1,-1,1,-1,1,-1,1,-1,1,1,-1,-1,1,1,1,-1,1,-1,1,-1,-1,-1,1,-1,-1,-1,1,-1,-1,-1,1,1,-1,1,-1,1,-1,1,-1,1,1,-1,1,1,1,-1,-1,1,-1,1,-1,1,1,-1,1,-1,-1,1,1,-1,-1,1,-1,-1,-1,1,-1,-1,1,-1,1,1,1,1,-1,1,-1,1,1,1,-1,-1,1,-1,-1,-1,1,1,-1,-1,1,1,-1,-1,-1,-1,1,1,1,1,1,1,-1,-1,1,1,1,-1,-1,-1,1,1,1,1,-1,-1,-1,1,-1,1,-1,1,-1,-1,-1,1,1,1,-1,-1,-1,-1,1,1,1,1,-1,-1,-1,1,1,1,-1,-1,-1,-1,1,-1,1,1,-1,-1,-1,1,1,1,1,-1,1,-1,1,-1,1,1,-1,-1,-1,1,1,-1,1,-1,-1,-1,1,1,1,1,-1,-1,1,-1,1,-1,1,-1,1,1,-1,1,1,-1,-1,-1,1,1,-1,1,1,-1,1,-1,1,-1,1,1,-1,-1,1,-1,1,-1,1,-1,1,-1,1,-1,1,-1,-1,-1,-1,1,-1,1,-1,-1,-1,1,1,-1,-1,1,-1,1,-1,-1,-1,1,-1,-1,-1,1,1,1,-1,-1,-1,-1,1,-1,1,-1,-1,-1,-1,-1,-1,-1,1,-1,-1,-1,1,-1,-1,1,-1,-1,-1,-1,-1,1,1,-1,-1,-1,-1,-1,1,-1,-1,-1,1,-1,-1,1,-1,1,-1,-1,-1,-1,-1,-1,-1,1,-1,-1,-1,1,1,-1,-1,-1,1,-1,1,-1,-1,-1,1,-1,-1,1,-1,1,-1,-1,-1,-1,1,-1,1,1,-1,1,-1,-1,1,1,-1,-1,-1,-1,-1,-1,1,1,-1,-1,1,-1,1,1,-1,-1,-1,1,-1,1,1,-1,-1,1,-1,-1,1,1,1,-1,1,-1,1,1,1,-1,-1,1,-1,-1,1,1,1,-1,1,-1,-1,1,1,-1,1,1,-1,-1,1,1,-1,1,1,-1,-1,1,1,-1,1,1,-1,-1,1,1,1,1,1,1,-1,-1,1,1,-1,1,-1,-1,1,-1,1,1,1,1,-1,-1,1,-1,1,1,1,-1,1,-1,1,1,-1,1,-1,1,1,1,1,1,1,1,-1,-1,1,1,1,-1,1,-1,1,1,1,1,1,-1,1,-1,1,1,-1,1,1,-1,1,1,-1,1,1,-1,-1,1,1,1,1,-1,1,-1,-1,1,1,-1,-1,1,-1,1,1,1,-1,1,-1,-1,-1,1,1,-1,-1,1,-1,-1,1,1,1,-1,1,-1,-1,1,1,1,-1,-1,-1,-1,1,1,-1,-1,-1,1,-1,-1,1,-1,1,1,-1,1,1,-1,-1,1,1,-1,-1,1,1,-1,1,1,-1,1,1,-1,-1,-1,-1,1,-1,-1,-1,-1,-1,-1,-1,1,1,-1,1,1,-1,1,1,1,1,-1,1,-1,1,1,1,1,-1,1,-1,-1,1,1,1,-1,1,-1,1,1,1,1,-1,1,-1,1,1,-1,-1,-1,1,-1,-1,1,1,-1,-1,-1,1,-1,1,-1,1,-1,1,-1,-1,1,-2666.0,1,2000,445,1000,False
1883,1,1,-1,-1,1,1,-1,1,1,1,1,-1,-1,1,1,1,-1,1,-1,-1,-1,1,1,1,1,-1,-1,-1,1,1,1,1,1,-1,-1,1,-1,1,1,-1,-1,-1,1,1,1,1,1,-1,1,1,1,1,-1,1,-1,-1,1,-1,1,1,1,-1,-1,1,1,1,1,1,-1,-1,1,-1,1,1,1,-1,-1,-1,1,-1,1,-1,-1,-1,-1,1,1,1,-1,-1,-1,1,-1,1,1,-1,-1,1,-1,1,1,1,-1,-1,1,1,-1,1,1,-1,-1,-1,-1,-1,1,1,-1,-1,1,1,-1,1,1,1,-1,-1,-1,-1,1,1,1,-1,1,-1,-1,1,1,1,-1,1,1,-1,-1,1,1,-1,1,-1,-1,1,1,1,-1,-1,1,-1,1,1,1,-1,1,-1,-1,1,-1,1,-1,1,1,1,1,1,-1,-1,1,-1,1,1,1,-1,1,-1,-1,1,1,1,-1,1,1,-1,1,-1,1,1,1,1,-1,1,-1,1,-1,1,1,-1,1,-1,1,1,-1,1,-1,1,-1,1,-1,1,1,-1,1,-1,1,1,1,1,-1,-1,1,1,-1,-1,1,-1,1,1,-1,1,1,1,-1,1,-1,1,-1,1,1,-1,1,1,1,1,-1,1,-1,1,1,1,-1,1,-1,-1,1,-1,1,-1,1,1,1,-1,1,1,-1,1,-1,-1,-1,1,1,-1,1,-1,1,-1,-1,1,-1,-1,1,1,-1,-1,1,1,-1,1,1,-1,1,1,1,-1,-1,1,-1,1,1,-1,1,-1,1,1,-1,1,1,-1,-1,1,-1,-1,1,-1,1,-1,1,1,-1,1,1,1,-1,1,-1,-1,1,1,-1,-1,1,-1,-1,1,1,1,-1,1,-1,-1,1,1,-1,1,1,-1,1,-1,1,-1,-1,1,-1,1,1,1,1,1,1,-1,1,1,1,1,1,-1,-1,1,1,1,1,1,-1,-1,1,-1,1,1,1,-1,-1,1,-1,1,1,1,1,-1,1,-1,1,1,1,1,-1,-1,1,1,1,-1,-1,-1,1,1,-1,-1,1,1,-1,1,-1,1,-1,1,-1,1,1,-1,1,1,1,-1,-1,1,-1,1,-1,1,-1,-1,1,-1,1,1,1,1,-1,1,1,-1,1,1,-1,-1,1,-1,-1,1,-1,1,-1,-1,1,-1,-1,1,-1,-1,1,1,-1,1,-1,1,1,-1,1,-1,1,-1,-1,-1,-1,1,-1,-1,1,1,-1,-1,1,-1,1,1,-1,1,-1,1,-1,1,-1,1,-1,-1,-1,-1,-1,-1,-1,1,-1,1,-1,1,-1,1,-1,-1,-1,1,1,-1,1,-1,-1,-1,-1,1,-1,-1,1,-1,-1,1,-1,-1,1,1,-1,-1,-1,1,-1,-1,1,-1,-1,-1,-1,-1,1,1,-1,-1,-1,-1,-1,1,-1,1,-1,-1,1,-1,1,1,1,-1,-1,-1,1,1,-1,1,-1,-1,-1,1,1,1,-1,1,1,-1,1,1,1,1,1,-1,1,-1,-1,1,-1,1,-1,1,-1,-1,1,1,-1,1,-1,-1,-1,1,1,-1,1,1,-1,1,-1,1,-1,1,1,-1,-1,-1,1,-1,-1,-1,-1,-1,1,1,-1,-1,-1,-1,-1,1,1,-1,1,1,1,1,1,1,-1,1,1,-1,-1,1,1,-1,-1,1,-1,-1,1,1,1,1,1,1,-1,1,-1,1,1,1,-1,-1,-1,1,1,1,1,-1,1,1,-1,1,1,1,-1,1,1,1,-1,1,1,-1,1,1,-1,1,1,-1,-1,-1,1,1,1,1,-1,1,-1,1,-1,1,1,1,1,1,1,-1,1,-1,1,-1,-1,1,-1,1,1,1,1,-1,1,-1,1,1,1,-1,-1,1,-1,1,1,-1,1,-1,1,-1,1,1,1,1,-1,1,-1,1,1,1,-1,-1,-1,1,-1,1,1,1,1,-1,1,1,-1,1,-1,-1,1,1,1,-1,1,-1,-1,-1,1,-1,-1,1,-1,-1,1,-1,1,-1,1,1,-1,-1,-1,1,-1,1,1,-1,-1,1,1,-1,1,-1,-1,-1,-1,-1,-1,1,1,-1,-1,1,1,-1,1,1,-1,-1,1,-1,1,-1,1,-1,-1,-1,-1,-1,-1,1,-1,-1,1,-1,1,-1,1,-1,-1,-1,-1,-1,-1,1,-1,-1,-1,-1,-1,1,-1,-1,1,-1,-1,1,-1,1,-1,-1,-1,-1,1,-1,1,1,-1,-1,-1,1,1,1,-1,-1,1,-1,1,-1,1,-1,1,-1,-1,-1,1,1,-1,-1,-1,-1,1,-1,1,1,-1,1,-1,-1,1,1,-1,-1,-1,-1,-1,-1,1,1,-1,-1,1,-1,1,1,-1,-1,-1,1,-1,1,1,-1,-1,1,-1,-1,1,1,1,-1,1,-1,1,1,1,-1,-1,1,-1,-1,1,1,1,-1,1,-1,-1,1,1,-1,1,1,-1,-1,1,1,1,1,1,-1,-1,1,1,-1,1,1,-1,-1,1,1,1,1,-1,1,-1,1,1,1,1,1,-1,-1,1,-1,1,1,1,1,-1,-1,1,-1,1,-1,1,-1,1,1,1,1,-1,1,-1,1,1,1,1,1,1,-1,-1,1,1,1,1,-1,1,-1,1,1,1,1,-1,1,-1,1,1,1,-1,-1,1,-1,1,1,-1,1,-1,-1,-1,1,1,1,-1,1,-1,-1,1,1,1,-1,-1,-1,-1,1,1,1,-1,-1,1,-1,-1,1,1,-1,1,-1,-1,-1,1,1,-1,1,-1,-1,1,1,1,1,1,1,-1,-1,1,1,-1,-1,1,1,1,1,1,-1,1,-1,-1,1,1,-1,-1,1,-1,-1,-1,1,1,-1,1,1,1,1,1,-1,-1,-1,-1,1,-1,-1,-1,-1,1,-1,1,1,1,-1,1,1,-1,1,1,1,1,-1,1,-1,1,1,1,-1,-1,1,-1,1,1,1,-1,1,1,-1,1,1,1,-1,-1,1,-1,1,1,1,1,-1,1,-1,-1,1,1,-1,-1,1,1,-1,1,-1,1,-1,1,-1,-1,1,-2666.0,1,2000,445,1500,True
1884,1,1,-1,-1,1,1,-1,-1,1,1,1,-1,1,1,1,1,-1,1,-1,-1,-1,-1,1,1,1,-1,1,-1,1,1,1,1,-1,-1,-1,-1,1,1,1,1,-1,-1,-1,1,1,1,1,-1,1,1,1,1,-1,1,-1,-1,1,-1,1,1,1,-1,-1,-1,1,1,1,1,-1,-1,-1,1,1,1,1,-1,-1,-1,1,1,1,-1,-1,-1,1,1,1,1,-1,-1,-1,1,1,1,1,-1,-1,1,1,-1,1,1,-1,-1,1,1,1,1,1,-1,-1,-1,1,1,1,1,-1,-1,1,1,1,1,1,1,-1,-1,1,1,-1,1,1,-1,1,1,1,1,1,1,-1,1,1,1,1,1,1,-1,1,1,1,1,1,1,-1,-1,-1,1,1,1,1,-1,1,1,1,1,-1,1,-1,1,-1,1,1,1,-1,-1,1,1,1,1,1,-1,1,-1,-1,1,1,1,-1,1,1,1,1,-1,1,1,1,1,-1,1,-1,1,-1,1,1,-1,1,-1,1,1,-1,1,-1,1,-1,1,-1,1,1,-1,1,-1,1,1,1,1,-1,-1,1,1,-1,-1,1,-1,1,1,-1,1,-1,1,-1,1,-1,1,-1,1,1,-1,-1,1,-1,1,-1,1,-1,1,1,1,-1,1,-1,-1,1,-1,1,-1,1,1,1,-1,1,1,-1,1,-1,-1,1,-1,1,-1,1,-1,-1,-1,-1,1,-1,-1,1,1,-1,1,1,1,-1,1,1,-1,1,1,1,-1,-1,1,-1,1,1,-1,1,-1,1,1,1,-1,1,-1,-1,1,-1,-1,1,-1,1,-1,1,1,-1,1,1,1,-1,1,1,1,1,1,-1,-1,1,-1,1,1,1,1,-1,1,-1,1,1,1,-1,1,1,-1,-1,1,1,-1,-1,1,-1,1,1,1,1,1,1,-1,1,1,1,1,1,1,-1,1,1,1,1,1,1,1,-1,1,1,1,1,1,-1,1,-1,1,-1,1,1,1,-1,1,1,1,1,1,1,-1,1,1,1,-1,-1,1,-1,-1,-1,-1,1,1,1,-1,1,1,-1,1,1,-1,-1,1,1,1,1,1,-1,1,1,1,-1,1,1,1,-1,-1,1,1,1,-1,1,-1,1,-1,1,1,1,1,-1,-1,-1,1,-1,-1,1,1,-1,1,-1,1,1,1,1,1,-1,1,-1,-1,1,-1,1,-1,1,-1,1,1,1,1,-1,-1,1,-1,1,1,1,-1,1,1,1,-1,1,1,-1,1,-1,-1,1,1,1,-1,1,-1,1,1,1,1,-1,1,-1,1,1,1,-1,1,1,-1,-1,1,1,-1,-1,1,-1,1,1,1,-1,1,-1,1,-1,1,1,-1,-1,1,-1,1,1,1,1,-1,1,-1,-1,-1,1,1,-1,-1,-1,1,-1,1,-1,-1,1,-1,-1,1,-1,1,-1,-1,1,-1,1,-1,1,-1,-1,1,-1,-1,1,1,1,-1,1,-1,1,-1,-1,-1,1,-1,-1,-1,1,-1,-1,-1,1,1,-1,1,-1,1,1,1,-1,1,1,-1,1,-1,1,-1,-1,1,-1,-1,1,1,1,-1,1,-1,-1,1,1,-1,-1,1,-1,-1,1,1,-1,-1,1,-1,-1,-1,1,1,-1,1,-1,-1,-1,1,-1,-1,1,-1,1,-1,1,1,-1,-1,1,-1,-1,-1,-1,-1,1,1,1,-1,1,1,-1,-1,1,-1,1,-1,-1,-1,1,1,-1,-1,-1,-1,-1,1,1,-1,1,1,-1,-1,-1,1,1,-1,-1,-1,-1,-1,1,-1,-1,1,-1,-1,-1,1,1,-1,-1,-1,-1,-1,1,-1,-1,1,-1,-1,-1,1,1,-1,1,-1,-1,-1,1,1,-1,-1,-1,-1,-1,1,1,1,-1,-1,-1,-1,1,1,-1,-1,-1,-1,1,-1,1,1,-1,-1,1,1,-1,1,1,-1,-1,-1,1,1,1,-1,1,-1,1,-1,1,1,-1,1,-1,-1,1,-1,1,-1,1,-1,-1,1,-1,1,-1,-1,-1,-1,-1,-1,1,-1,1,-1,-1,1,-1,1,-1,1,-1,1,-1,1,1,-1,-1,-1,-1,1,-1,-1,-1,-1,-1,-1,1,-1,1,-1,-1,-1,-1,1,1,-1,1,-1,-1,-1,1,-1,-1,1,-1,-1,-1,-1,1,1,1,-1,-1,-1,-1,-1,1,-1,-1,-1,1,-1,-1,1,-1,1,-1,-1,-1,-1,-1,-1,-1,1,-1,-1,-1,1,1,-1,-1,-1,1,1,-1,-1,-1,-1,1,-1,-1,1,1,1,-1,-1,-1,-1,1,-1,1,1,-1,1,-1,-1,1,1,-1,-1,-1,-1,-1,-1,1,1,-1,-1,1,-1,1,1,-1,-1,-1,1,-1,1,1,-1,-1,1,-1,-1,1,1,1,-1,1,-1,1,1,1,-1,-1,1,-1,-1,1,1,1,-1,1,-1,-1,1,1,-1,1,1,-1,-1,1,1,1,1,1,-1,-1,1,1,-1,1,1,-1,-1,1,1,1,1,1,1,-1,1,1,1,-1,1,-1,-1,1,-1,1,1,1,1,-1,-1,1,-1,1,1,1,-1,1,1,1,1,-1,1,-1,1,1,1,1,1,1,-1,-1,1,1,1,1,-1,1,-1,1,1,1,1,-1,1,-1,1,1,1,-1,-1,1,-1,1,1,-1,1,-1,-1,-1,1,1,1,-1,1,-1,-1,1,1,1,-1,-1,-1,-1,1,1,1,-1,1,-1,-1,-1,1,1,-1,1,-1,-1,-1,1,1,-1,1,-1,-1,1,-1,1,1,1,1,-1,-1,1,1,-1,-1,1,1,1,-1,1,-1,1,-1,-1,1,1,-1,-1,1,-1,-1,-1,1,1,-1,1,-1,1,1,1,-1,-1,1,-1,1,-1,-1,-1,-1,1,-1,1,1,1,-1,1,1,-1,1,1,1,1,-1,1,-1,1,1,1,-1,-1,1,-1,1,1,1,-1,1,1,-1,1,1,1,-1,-1,1,-1,1,1,1,1,-1,1,-1,-1,1,1,-1,-1,1,1,-1,1,-1,1,-1,1,-1,-1,1,-2666.0,1,2000,445,1000,False
1885,-1,-1,1,1,1,1,-1,1,-1,-1,-1,1,-1,1,-1,-1,1,-1,1,1,-1,1,-1,-1,-1,1,-1,-1,-1,-1,-1,-1,1,1,-1,1,1,-1,-1,-1,1,-1,1,-1,-1,-1,-1,-1,1,-1,-1,-1,1,-1,1,-1,-1,1,-1,-1,-1,1,1,1,-1,-1,-1,-1,-1,-1,1,-1,-1,-1,-1,-1,-1,1,-1,-1,-1,1,1,-1,-1,-1,-1,-1,-1,1,-1,-1,-1,-1,-1,-1,-1,1,-1,1,-1,-1,-1,-1,1,-1,-1,-1,-1,-1,-1,1,-1,-1,-1,-1,-1,-1,1,-1,-1,1,-1,-1,-1,1,-1,-1,1,-1,-1,-1,1,-1,-1,1,-1,-1,-1,-1,-1,-1,1,-1,-1,-1,1,-1,-1,-1,-1,-1,-1,-1,1,-1,1,1,-1,-1,1,-1,-1,-1,-1,-1,-1,1,1,-1,-1,-1,-1,-1,1,-1,-1,1,-1,-1,1,-1,1,-1,-1,-1,-1,1,1,-1,-1,1,-1,1,1,1,1,-1,1,-1,-1,1,1,1,-1,1,-1,-1,-1,1,1,-1,1,-1,-1,1,1,1,-1,1,1,1,1,1,1,1,-1,1,-1,-1,1,1,-1,-1,1,1,-1,1,1,-1,-1,1,-1,1,1,1,1,-1,1,-1,-1,1,1,-1,1,1,-1,1,1,1,-1,-1,1,-1,1,-1,1,1,1,1,-1,1,-1,1,1,1,1,-1,1,-1,1,1,1,1,1,-1,1,1,1,-1,1,-1,-1,1,1,-1,1,1,1,-1,-1,1,1,-1,1,-1,1,-1,1,1,1,1,-1,-1,-1,1,1,1,1,-1,1,-1,1,-1,1,1,1,1,-1,1,1,1,1,1,1,-1,1,1,1,1,-1,1,1,1,1,1,1,1,-1,1,1,1,-1,1,1,-1,1,1,1,-1,1,1,1,-1,1,-1,1,1,1,1,-1,1,1,-1,1,1,1,-1,1,1,-1,1,1,-1,-1,1,1,1,-1,1,1,-1,-1,1,-1,1,1,1,1,-1,1,1,-1,1,1,-1,1,1,-1,-1,-1,-1,1,1,1,-1,1,1,-1,-1,1,-1,1,-1,1,1,-1,1,-1,-1,1,1,-1,-1,1,1,1,-1,1,1,1,-1,1,-1,1,1,1,-1,1,1,-1,-1,-1,1,1,1,1,-1,1,-1,1,-1,1,1,1,-1,-1,1,1,-1,1,-1,1,-1,1,-1,-1,-1,1,1,-1,-1,1,-1,1,1,-1,-1,1,-1,-1,1,1,-1,-1,-1,1,-1,1,-1,-1,-1,1,1,1,1,-1,1,-1,1,-1,1,1,-1,1,-1,1,1,1,1,-1,-1,-1,1,-1,1,1,-1,-1,-1,1,-1,-1,1,1,-1,-1,1,-1,1,-1,1,-1,-1,1,-1,-1,-1,1,-1,-1,-1,1,1,-1,1,-1,-1,1,-1,-1,1,1,-1,-1,-1,1,-1,1,1,-1,-1,-1,1,-1,-1,1,1,1,-1,1,-1,1,-1,1,-1,1,-1,1,1,-1,-1,1,1,1,-1,1,-1,1,-1,1,1,1,-1,-1,-1,-1,-1,1,1,1,-1,-1,-1,1,1,-1,1,-1,-1,-1,1,1,1,1,-1,-1,1,1,1,1,1,-1,-1,-1,-1,1,-1,1,-1,1,-1,-1,1,1,1,-1,-1,1,1,-1,-1,1,1,-1,-1,-1,-1,1,1,1,-1,-1,-1,1,1,1,1,-1,-1,1,-1,1,1,-1,-1,-1,-1,-1,1,1,-1,1,-1,-1,1,1,1,1,-1,-1,-1,-1,1,1,-1,1,-1,-1,1,1,1,1,-1,1,-1,-1,1,1,1,-1,1,-1,1,1,1,1,-1,-1,-1,-1,1,-1,1,-1,1,-1,1,1,1,1,1,-1,1,-1,1,1,1,-1,-1,-1,1,1,1,-1,1,-1,1,-1,1,-1,-1,1,-1,1,-1,1,1,-1,-1,1,-1,1,1,-1,1,-1,1,-1,1,1,1,-1,1,-1,1,-1,1,-1,1,-1,1,-1,-1,1,1,1,-1,1,-1,1,1,-1,1,-1,1,1,-1,1,1,-1,-1,1,1,1,1,-1,1,1,-1,1,1,1,1,-1,-1,1,-1,1,1,1,-1,-1,-1,1,1,1,1,-1,-1,-1,1,1,1,1,1,-1,1,-1,1,1,1,-1,-1,-1,1,-1,1,1,-1,-1,1,-1,1,1,1,-1,-1,-1,1,1,-1,1,-1,-1,1,1,1,1,1,-1,1,-1,-1,1,1,1,1,-1,1,1,1,1,1,-1,-1,1,-1,1,1,1,1,-1,-1,1,1,1,1,1,-1,-1,-1,1,-1,1,1,1,-1,1,1,1,1,1,-1,-1,1,1,1,1,1,1,-1,1,1,-1,1,-1,-1,1,1,1,1,1,1,-1,-1,1,1,1,1,1,-1,-1,1,1,1,1,1,1,-1,1,1,1,1,1,1,-1,1,1,1,1,1,1,-1,1,1,-1,1,1,-1,-1,-1,1,-1,1,1,1,-1,1,-1,-1,1,1,1,-1,-1,1,-1,1,1,1,-1,1,1,-1,1,-1,1,-1,1,1,-1,1,1,1,-1,-1,1,1,1,1,-1,1,-1,1,1,1,1,1,-1,1,1,1,1,-1,-1,1,-1,1,1,-1,1,-1,-1,-1,1,-1,1,-1,1,-1,-1,1,-1,1,-1,-1,1,-1,1,-1,1,-1,-1,1,-1,-1,1,1,-1,1,-1,-1,-1,-1,1,-1,1,-1,1,-1,-1,1,1,1,1,-1,-1,1,1,-1,-1,1,1,-1,1,1,-1,1,-1,-1,1,1,-1,-1,1,1,1,-1,-1,1,-1,1,1,-1,1,1,-1,-1,-1,1,-1,-1,-1,-1,-1,1,-1,1,-1,1,-1,1,1,1,-1,1,1,1,-1,1,1,-1,1,1,1,-1,1,1,1,1,1,1,-1,-1,1,-1,1,1,1,-1,1,1,-1,1,1,-1,-1,1,1,1,1,1,-1,-1,-1,1,-1,1,-1,1,-1,1,-1,1,1,-2666.0,1,2000,445,1000,True
1886,-1,-1,1,1,1,-1,-1,1,-1,-1,-1,-1,1,1,-1,-1,1,-1,1,-1,-1,-1,-1,-1,-1,1,-1,-1,-1,-1,-1,-1,1,-1,-1,-1,1,-1,-1,1,-1,-1,-1,-1,-1,-1,-1,-1,1,1,-1,-1,1,1,-1,-1,-1,1,-1,-1,1,-1,-1,1,-1,-1,-1,-1,-1,-1,-1,1,-1,-1,1,-1,-1,-1,1,-1,-1,-1,-1,-1,1,-1,-1,1,-1,-1,-1,-1,1,-1,1,-1,-1,1,1,1,-1,1,-1,-1,1,1,1,-1,1,-1,-1,1,1,1,-1,1,-1,-1,1,1,1,-1,1,1,-1,1,1,1,-1,1,1,-1,1,1,1,-1,1,1,-1,-1,1,1,-1,1,1,-1,1,1,1,1,1,1,-1,-1,-1,1,1,1,1,-1,1,1,1,-1,1,1,-1,1,-1,1,1,1,-1,-1,1,1,1,-1,1,-1,1,-1,-1,1,1,1,-1,1,1,1,1,-1,1,1,1,1,-1,1,-1,1,-1,1,1,-1,1,-1,1,1,-1,1,-1,1,-1,1,-1,1,1,-1,1,-1,1,1,1,1,-1,-1,1,1,-1,-1,1,-1,1,1,-1,1,-1,1,-1,1,-1,1,-1,1,1,-1,-1,1,1,1,-1,1,-1,1,1,1,-1,1,1,-1,1,-1,1,-1,1,-1,1,-1,1,1,-1,1,-1,-1,1,1,1,-1,1,-1,-1,-1,-1,1,-1,-1,1,1,-1,-1,1,1,-1,1,1,-1,1,1,1,-1,-1,1,-1,1,1,-1,1,-1,1,1,-1,1,1,-1,-1,1,-1,-1,1,-1,1,-1,1,1,-1,1,1,1,-1,1,-1,-1,1,1,-1,-1,1,-1,1,1,1,1,-1,1,-1,-1,1,1,-1,1,1,-1,1,-1,1,-1,-1,1,-1,1,1,1,1,1,1,-1,1,1,1,1,1,-1,-1,1,1,1,1,1,-1,-1,1,1,1,1,1,-1,-1,-1,-1,1,-1,1,1,-1,1,1,1,1,1,1,-1,-1,-1,1,1,-1,-1,-1,1,-1,-1,-1,1,1,-1,1,-1,1,-1,1,-1,1,-1,1,1,1,1,-1,1,-1,1,1,-1,1,-1,-1,-1,-1,1,1,1,1,-1,-1,1,-1,1,1,-1,-1,1,-1,-1,1,-1,1,-1,1,-1,1,1,1,-1,-1,1,1,-1,1,-1,1,-1,-1,1,-1,1,-1,-1,-1,-1,1,-1,-1,1,1,-1,-1,-1,-1,1,1,-1,1,-1,1,-1,1,-1,1,-1,-1,1,-1,1,-1,-1,-1,1,1,-1,1,-1,1,-1,1,-1,1,1,1,1,-1,1,-1,-1,1,-1,-1,-1,1,-1,1,-1,1,1,-1,1,-1,-1,1,-1,-1,1,-1,1,-1,1,-1,1,-1,1,1,-1,-1,-1,1,-1,1,-1,-1,1,-1,1,1,1,1,-1,-1,1,1,-1,1,1,1,-1,1,1,1,-1,1,1,-1,1,1,1,1,-1,-1,1,-1,-1,-1,1,-1,-1,1,-1,1,-1,1,-1,1,-1,-1,-1,1,1,-1,1,1,-1,1,-1,1,-1,1,1,-1,1,-1,1,-1,-1,-1,-1,1,-1,1,-1,-1,-1,-1,1,-1,1,-1,1,1,1,-1,-1,1,-1,1,1,-1,1,-1,1,-1,-1,1,-1,1,-1,-1,1,1,1,1,1,-1,1,1,1,1,-1,1,-1,-1,1,1,1,-1,-1,-1,1,1,1,1,-1,-1,-1,1,-1,1,-1,1,1,-1,-1,1,1,1,-1,-1,-1,-1,1,1,1,1,1,-1,-1,1,1,1,1,-1,-1,-1,1,-1,1,-1,1,-1,-1,1,1,1,1,1,-1,-1,1,-1,1,1,1,-1,-1,1,1,-1,1,1,-1,-1,1,1,1,1,1,-1,1,-1,1,-1,-1,1,1,1,-1,1,1,-1,1,-1,1,1,-1,1,1,1,1,-1,1,-1,1,-1,1,-1,1,-1,1,-1,-1,1,1,-1,1,-1,1,1,1,1,-1,1,-1,1,-1,1,1,1,1,-1,1,-1,1,1,-1,-1,-1,1,-1,1,1,1,1,1,-1,-1,1,1,1,-1,-1,1,-1,1,1,-1,-1,-1,1,-1,1,-1,1,-1,-1,1,-1,1,1,-1,-1,1,1,-1,1,-1,-1,-1,1,-1,-1,1,-1,-1,-1,1,-1,1,1,-1,-1,-1,-1,-1,-1,1,-1,-1,-1,1,1,-1,1,-1,1,-1,1,-1,-1,1,-1,-1,-1,1,1,1,1,-1,-1,-1,1,-1,1,1,-1,1,-1,-1,1,1,1,-1,-1,-1,-1,-1,1,-1,-1,-1,1,-1,1,1,-1,-1,-1,1,-1,1,1,1,-1,1,-1,-1,1,1,1,-1,1,-1,1,1,1,-1,-1,1,-1,-1,1,1,1,-1,1,-1,-1,1,1,1,1,1,-1,-1,1,1,-1,1,1,-1,-1,1,1,1,1,1,-1,-1,1,1,1,1,1,1,-1,1,1,-1,1,1,-1,-1,1,-1,1,1,1,1,-1,-1,1,-1,1,1,1,-1,1,1,1,1,-1,1,-1,1,1,1,1,1,1,-1,-1,1,1,1,1,-1,1,-1,1,1,1,1,-1,1,-1,1,1,1,-1,-1,1,-1,1,1,-1,1,-1,-1,-1,1,1,1,-1,1,-1,-1,1,1,1,-1,-1,-1,-1,1,1,1,-1,1,-1,-1,-1,1,1,-1,1,-1,-1,-1,1,1,1,-1,1,-1,1,1,1,1,1,1,-1,-1,1,1,-1,-1,1,1,1,-1,1,-1,1,-1,-1,1,1,-1,-1,1,-1,-1,-1,1,1,-1,1,1,1,1,1,-1,-1,1,-1,-1,-1,-1,-1,-1,1,-1,1,1,1,-1,1,1,-1,1,1,1,1,-1,1,-1,1,1,1,1,-1,1,-1,1,1,1,1,-1,1,-1,1,1,1,1,-1,1,-1,1,1,1,-1,-1,1,-1,-1,1,1,-1,-1,-1,1,-1,1,1,1,-1,1,-1,-1,1,-2666.0,1,2000,445,1500,True
1887,1,1,-1,-1,1,-1,-1,1,1,1,1,-1,1,1,1,1,-1,1,-1,-1,-1,1,1,1,1,-1,1,-1,1,1,1,1,-1,-1,-1,1,-1,1,1,1,-1,-1,1,1,1,1,1,-1,1,1,1,1,-1,1,-1,-1,1,-1,1,1,1,-1,-1,1,1,1,1,1,-1,-1,1,1,1,1,1,-1,-1,-1,1,1,1,-1,-1,-1,1,1,1,1,-1,-1,-1,1,1,1,1,-1,-1,1,1,-1,1,1,-1,-1,1,1,1,1,1,-1,-1,1,1,1,1,1,-1,-1,1,1,1,1,1,1,-1,-1,1,1,-1,1,1,-1,1,1,1,1,1,1,-1,-1,1,1,1,1,1,-1,1,1,1,1,1,1,-1,-1,-1,1,1,1,1,-1,1,1,1,1,-1,1,-1,1,-1,1,1,1,-1,-1,1,1,1,1,1,-1,1,-1,-1,1,-1,1,-1,1,1,1,1,1,1,1,1,1,-1,1,-1,1,-1,1,1,-1,1,-1,1,1,-1,1,-1,1,-1,1,-1,1,1,-1,1,-1,1,1,1,1,-1,-1,1,1,-1,-1,1,-1,1,-1,-1,1,-1,1,-1,1,-1,1,-1,-1,1,-1,-1,-1,1,1,-1,1,-1,1,1,1,-1,1,1,-1,1,-1,1,-1,1,-1,1,-1,1,1,-1,1,-1,-1,-1,1,1,-1,1,-1,-1,-1,1,1,-1,-1,1,1,-1,-1,1,1,-1,1,1,-1,1,1,1,1,-1,1,-1,1,1,-1,1,-1,1,1,1,1,1,1,1,1,-1,-1,1,-1,-1,-1,1,1,-1,1,1,1,-1,1,1,1,1,1,1,-1,1,-1,1,1,1,-1,-1,1,-1,1,1,1,-1,1,1,-1,-1,1,1,1,-1,1,-1,1,1,1,-1,1,1,-1,1,1,1,-1,1,1,-1,1,1,1,-1,1,1,-1,-1,1,1,-1,1,1,-1,1,-1,1,-1,1,-1,1,-1,1,1,1,-1,-1,1,-1,1,1,-1,1,1,1,-1,-1,-1,-1,1,1,1,-1,1,1,-1,1,1,-1,-1,1,1,1,1,1,-1,1,1,1,-1,1,1,1,1,-1,1,1,1,-1,1,-1,1,1,1,1,1,1,-1,-1,-1,1,-1,1,1,1,-1,1,1,1,1,1,1,1,-1,1,-1,-1,1,-1,1,-1,1,1,1,1,1,1,-1,-1,1,-1,1,1,1,-1,1,1,1,-1,1,1,-1,-1,1,-1,1,1,1,-1,1,1,1,1,1,1,-1,1,-1,-1,1,1,-1,-1,1,-1,-1,1,1,-1,-1,1,-1,1,1,1,-1,-1,1,-1,-1,1,1,-1,-1,1,-1,1,1,1,1,-1,1,1,-1,-1,1,1,-1,-1,1,1,-1,1,-1,-1,1,1,-1,1,-1,1,-1,-1,1,-1,1,-1,1,1,-1,1,-1,-1,1,1,1,-1,1,-1,1,-1,-1,-1,1,-1,-1,-1,1,-1,1,1,1,-1,1,1,-1,-1,1,1,-1,1,1,-1,1,-1,1,1,-1,1,-1,-1,1,1,-1,-1,1,-1,-1,1,1,-1,-1,1,-1,-1,1,1,-1,-1,1,-1,-1,-1,1,1,-1,1,1,-1,-1,1,-1,-1,1,-1,1,-1,1,-1,-1,-1,1,-1,-1,-1,-1,-1,1,1,1,-1,1,-1,-1,-1,1,-1,1,-1,-1,-1,1,1,-1,-1,-1,-1,-1,1,1,-1,1,1,-1,-1,-1,1,1,-1,-1,-1,-1,-1,1,-1,-1,1,-1,-1,-1,1,1,-1,-1,1,-1,-1,1,-1,-1,1,-1,-1,1,1,1,-1,1,-1,-1,-1,1,1,-1,-1,-1,-1,-1,1,1,1,-1,-1,-1,-1,1,1,-1,-1,-1,-1,1,1,1,1,-1,-1,1,1,1,1,1,-1,-1,-1,1,1,1,-1,1,-1,1,1,1,1,-1,1,-1,-1,1,-1,1,-1,1,-1,-1,1,-1,1,-1,-1,-1,-1,1,-1,1,-1,1,-1,-1,1,-1,1,-1,1,-1,-1,1,-1,1,-1,-1,-1,-1,1,1,-1,-1,-1,-1,-1,1,-1,1,-1,-1,-1,-1,-1,-1,-1,1,-1,-1,-1,1,-1,-1,1,-1,-1,-1,-1,-1,1,1,-1,-1,-1,-1,-1,1,-1,-1,-1,1,-1,-1,1,-1,1,-1,-1,-1,-1,-1,-1,-1,1,-1,-1,-1,1,1,1,-1,-1,1,-1,-1,-1,-1,-1,1,-1,-1,1,-1,1,-1,-1,-1,-1,1,-1,1,1,-1,1,-1,-1,1,1,-1,-1,-1,-1,-1,-1,1,1,-1,-1,1,-1,1,1,-1,-1,-1,1,-1,-1,1,-1,-1,1,-1,-1,1,1,1,-1,1,-1,1,1,1,-1,-1,1,-1,-1,1,1,1,-1,1,-1,-1,1,1,-1,1,1,-1,-1,1,1,-1,1,1,-1,-1,1,1,-1,1,1,-1,-1,1,1,1,1,-1,1,-1,-1,1,1,1,1,-1,-1,1,-1,1,1,1,1,-1,-1,1,-1,1,1,1,-1,1,1,1,1,-1,1,-1,1,1,1,1,1,1,1,-1,1,1,1,1,-1,1,-1,1,1,1,1,1,-1,1,1,1,1,-1,1,1,-1,1,1,-1,1,1,-1,-1,1,1,1,1,-1,1,-1,1,1,1,-1,-1,1,-1,1,1,1,-1,1,-1,-1,-1,1,1,-1,-1,1,-1,-1,1,1,-1,-1,1,-1,-1,1,1,1,-1,1,-1,-1,1,1,-1,-1,-1,1,-1,-1,1,-1,1,1,-1,1,1,-1,-1,1,-1,-1,-1,1,1,-1,1,1,-1,1,1,-1,-1,1,-1,1,-1,-1,-1,-1,1,-1,-1,1,1,-1,1,1,-1,1,1,1,1,-1,1,-1,1,1,1,1,-1,1,-1,-1,-1,1,1,-1,1,-1,1,1,1,1,-1,1,-1,1,1,1,-1,-1,1,-1,-1,1,1,-1,-1,-1,1,-1,1,-1,1,-1,1,-1,-1,1,-2666.0,1,2000,445,1000,False
1888,1,1,-1,-1,1,-1,-1,-1,1,1,1,-1,1,1,1,1,-1,1,-1,-1,-1,-1,1,1,1,1,-1,-1,1,1,1,1,-1,-1,-1,-1,1,-1,1,1,-1,-1,-1,1,1,1,1,-1,1,1,1,1,-1,1,-1,-1,1,-1,1,1,1,-1,-1,-1,1,1,1,1,-1,-1,-1,1,1,1,1,-1,-1,-1,1,1,1,-1,-1,-1,1,1,1,1,-1,-1,-1,1,1,1,1,-1,-1,1,1,-1,1,1,-1,-1,1,1,1,1,1,-1,-1,1,1,1,1,1,-1,-1,1,1,1,1,1,1,-1,1,1,1,-1,1,1,-1,1,1,1,1,1,1,-1,-1,1,1,1,1,1,-1,1,1,1,1,1,1,-1,-1,-1,1,1,1,1,-1,1,1,1,1,-1,1,-1,1,-1,1,1,1,-1,-1,1,1,1,1,1,-1,1,-1,-1,1,1,1,-1,1,1,1,1,-1,1,1,1,1,-1,1,-1,1,-1,1,1,-1,1,-1,1,1,-1,1,-1,1,-1,1,-1,1,1,-1,1,-1,1,1,1,1,-1,-1,1,1,-1,-1,1,-1,1,-1,1,1,-1,1,-1,1,-1,1,-1,-1,1,-1,1,1,-1,1,-1,1,-1,1,1,1,-1,1,1,-1,1,-1,1,-1,1,-1,1,-1,1,1,-1,1,-1,-1,-1,-1,1,-1,1,-1,-1,-1,1,1,-1,-1,1,1,-1,1,1,1,-1,1,1,-1,1,1,1,1,-1,1,-1,1,1,-1,1,-1,1,1,1,-1,1,1,1,1,-1,-1,1,-1,-1,1,1,1,-1,1,1,1,-1,1,1,1,1,1,1,1,1,-1,1,1,1,-1,-1,1,-1,1,1,1,-1,1,1,-1,-1,1,1,1,-1,1,-1,1,1,1,-1,1,1,-1,1,1,1,-1,1,1,-1,1,1,1,-1,1,1,-1,-1,1,1,-1,1,1,-1,1,-1,1,-1,1,1,1,-1,1,1,1,1,1,1,-1,1,1,-1,1,1,1,-1,-1,-1,-1,1,1,1,-1,1,1,-1,1,1,-1,-1,1,1,1,1,1,-1,1,1,1,-1,1,1,1,-1,-1,1,1,1,-1,1,-1,1,1,1,1,1,1,-1,-1,-1,1,-1,-1,1,-1,1,-1,1,1,1,1,1,-1,-1,1,-1,-1,1,-1,1,-1,1,1,1,1,1,1,-1,-1,1,-1,1,1,-1,-1,1,1,1,-1,1,-1,-1,-1,1,-1,1,1,-1,-1,1,1,1,1,-1,1,-1,1,-1,1,1,-1,-1,-1,1,-1,1,1,-1,-1,-1,1,-1,1,1,1,-1,-1,1,-1,-1,1,-1,-1,-1,1,-1,1,1,1,-1,-1,1,-1,-1,1,-1,-1,-1,-1,-1,-1,1,-1,-1,-1,1,-1,-1,1,-1,-1,-1,-1,1,-1,1,-1,-1,-1,-1,1,-1,-1,1,1,1,-1,1,-1,1,-1,1,1,1,-1,-1,-1,1,-1,-1,1,1,1,-1,1,-1,1,1,1,-1,1,1,-1,-1,-1,1,-1,-1,1,-1,-1,1,1,1,-1,1,-1,-1,1,1,-1,-1,1,-1,-1,1,1,-1,-1,1,-1,-1,-1,1,1,-1,1,1,-1,-1,1,-1,-1,1,-1,1,-1,1,1,-1,-1,1,-1,-1,-1,-1,-1,1,1,1,-1,-1,1,-1,-1,1,-1,-1,1,-1,-1,-1,1,-1,-1,1,-1,-1,1,1,-1,1,-1,-1,-1,-1,1,1,-1,-1,-1,-1,-1,1,-1,-1,1,-1,-1,-1,1,1,-1,-1,-1,-1,-1,1,-1,-1,-1,-1,-1,1,1,1,-1,-1,-1,-1,-1,1,1,-1,-1,-1,-1,-1,1,1,1,-1,-1,-1,-1,1,1,-1,-1,-1,-1,1,-1,1,1,1,-1,1,1,-1,1,1,1,-1,-1,1,1,1,-1,1,-1,1,1,1,1,-1,1,-1,-1,1,-1,1,-1,1,-1,-1,1,-1,1,-1,1,-1,-1,1,-1,1,-1,1,1,-1,1,-1,1,1,1,1,1,-1,1,1,1,1,-1,-1,1,-1,-1,1,1,-1,-1,1,-1,1,-1,1,-1,-1,1,1,-1,1,1,-1,-1,1,-1,-1,1,1,-1,-1,-1,1,1,-1,1,-1,-1,-1,-1,1,1,-1,-1,1,-1,-1,1,-1,1,-1,-1,-1,-1,-1,1,1,1,-1,-1,-1,1,1,1,-1,-1,-1,1,-1,-1,1,-1,1,-1,-1,1,1,1,-1,-1,-1,-1,1,-1,1,1,-1,1,-1,-1,1,1,-1,-1,-1,-1,-1,-1,1,1,-1,-1,1,-1,1,1,-1,-1,-1,1,-1,1,1,-1,-1,1,-1,-1,1,1,1,-1,1,-1,1,1,1,-1,-1,1,-1,-1,1,1,1,-1,1,-1,-1,1,1,-1,1,1,-1,-1,1,1,-1,1,1,-1,-1,1,1,-1,1,1,-1,-1,1,1,1,1,-1,1,-1,-1,1,1,1,1,-1,-1,1,-1,1,1,1,1,-1,-1,1,-1,1,1,1,-1,1,1,1,1,-1,1,-1,1,1,1,1,1,1,1,-1,1,1,1,1,-1,1,-1,1,1,1,1,1,-1,1,1,1,1,-1,1,1,-1,1,1,-1,1,1,-1,-1,1,1,1,1,-1,1,-1,1,1,1,-1,-1,1,-1,1,1,1,-1,1,-1,-1,-1,1,1,-1,-1,1,-1,-1,1,1,-1,-1,1,-1,-1,1,1,1,-1,1,-1,-1,1,1,-1,-1,-1,1,-1,-1,1,-1,1,1,-1,1,1,-1,-1,1,-1,-1,-1,1,1,-1,1,1,-1,1,1,-1,-1,-1,-1,1,-1,-1,-1,-1,1,-1,-1,1,1,-1,1,1,-1,1,1,1,1,-1,1,-1,1,1,1,1,-1,1,-1,-1,1,1,1,-1,1,-1,1,1,1,1,-1,1,-1,1,1,1,-1,-1,1,-1,-1,1,1,-1,-1,-1,1,-1,1,-1,1,-1,1,-1,-1,1,-2666.0,1,2000,445,1000,False
1889,1,1,-1,-1,1,-1,-1,-1,1,1,1,-1,1,1,1,1,-1,1,-1,-1,-1,-1,1,1,1,-1,-1,-1,1,1,1,1,-1,-1,-1,-1,1,1,1,-1,-1,-1,-1,1,1,1,1,-1,1,1,1,1,-1,1,-1,-1,1,-1,1,1,1,-1,-1,-1,1,1,1,1,-1,-1,-1,1,1,1,1,-1,-1,-1,1,1,1,-1,-1,-1,1,1,1,1,-1,-1,-1,1,1,1,1,-1,-1,1,1,-1,1,1,-1,-1,1,1,1,1,1,-1,-1,-1,1,-1,1,1,-1,-1,1,1,1,1,1,1,-1,-1,1,1,-1,1,1,-1,1,1,1,1,1,1,-1,1,1,1,1,1,1,-1,1,1,1,1,1,1,-1,-1,-1,1,1,1,1,-1,1,1,1,1,-1,1,-1,1,-1,1,1,1,-1,-1,1,1,1,1,1,-1,1,-1,-1,1,1,1,-1,1,1,1,1,-1,1,1,1,1,-1,1,-1,1,-1,1,1,-1,1,-1,1,1,-1,1,-1,1,-1,1,-1,1,1,-1,1,-1,1,1,1,1,-1,-1,1,1,-1,-1,1,-1,1,-1,1,1,-1,1,-1,1,-1,1,-1,1,1,-1,-1,-1,1,1,-1,1,-1,1,1,1,-1,1,1,-1,1,-1,1,-1,1,-1,1,-1,1,1,-1,1,-1,-1,-1,1,1,-1,1,-1,-1,-1,1,1,-1,-1,1,1,-1,-1,1,1,-1,1,1,-1,1,1,1,1,-1,1,-1,1,1,-1,1,-1,1,1,1,1,1,1,1,1,-1,-1,1,-1,-1,-1,1,1,-1,1,1,1,-1,1,1,1,1,1,1,1,1,-1,1,1,1,-1,1,1,-1,1,1,1,-1,1,1,-1,-1,1,1,1,-1,1,-1,1,1,1,-1,1,1,-1,1,1,1,-1,1,1,-1,1,1,1,-1,1,1,1,-1,1,1,-1,1,1,-1,1,-1,1,-1,1,-1,1,-1,1,1,1,-1,-1,1,-1,1,1,-1,1,1,1,-1,-1,-1,-1,1,1,1,-1,1,1,-1,1,1,-1,-1,1,1,1,1,1,-1,1,1,1,-1,1,1,1,1,-1,1,1,1,-1,1,-1,1,1,1,1,1,1,-1,-1,-1,1,-1,1,1,1,-1,1,1,1,1,1,1,1,-1,1,-1,-1,1,-1,1,-1,1,1,1,1,1,1,-1,-1,1,-1,1,1,1,-1,1,1,1,-1,1,1,-1,-1,1,-1,1,1,1,-1,1,1,1,1,1,1,-1,1,-1,1,1,1,-1,-1,1,-1,-1,1,1,-1,-1,1,-1,1,1,1,-1,-1,1,-1,-1,1,1,-1,-1,1,-1,1,1,1,1,-1,1,1,-1,-1,1,1,-1,-1,1,1,-1,1,-1,-1,1,-1,-1,1,-1,1,-1,-1,1,-1,1,-1,1,1,-1,1,-1,-1,1,1,1,-1,1,-1,1,-1,1,1,1,-1,-1,-1,1,-1,1,1,1,1,-1,1,-1,-1,1,1,-1,1,1,-1,-1,-1,1,-1,-1,1,-1,-1,1,1,1,-1,1,-1,-1,1,1,-1,-1,1,-1,-1,1,1,-1,-1,1,-1,-1,-1,1,1,-1,1,-1,-1,-1,1,-1,-1,1,-1,1,-1,1,1,-1,-1,1,-1,-1,-1,-1,-1,1,1,1,-1,1,1,-1,-1,1,-1,-1,-1,-1,-1,1,1,-1,-1,-1,1,-1,1,1,-1,1,1,1,-1,-1,1,1,-1,-1,-1,-1,-1,1,-1,-1,1,-1,-1,-1,1,1,-1,-1,-1,-1,-1,1,-1,-1,1,-1,-1,1,1,1,-1,1,-1,-1,-1,1,1,-1,-1,-1,-1,-1,1,1,1,-1,-1,-1,-1,1,1,-1,-1,-1,-1,1,1,1,1,-1,-1,1,1,1,1,1,-1,-1,-1,1,1,1,-1,1,-1,1,1,1,1,-1,1,-1,-1,1,-1,1,-1,1,-1,-1,1,-1,1,-1,-1,-1,-1,1,-1,1,-1,1,-1,-1,1,-1,1,-1,1,-1,1,-1,-1,1,-1,-1,-1,-1,1,1,-1,-1,-1,-1,-1,1,-1,1,-1,-1,-1,-1,1,-1,-1,1,-1,-1,-1,1,-1,-1,1,-1,-1,-1,-1,-1,1,1,-1,-1,-1,-1,-1,1,-1,-1,-1,1,-1,-1,1,-1,1,-1,-1,-1,-1,-1,-1,-1,1,-1,-1,-1,1,1,-1,-1,-1,-1,1,-1,-1,-1,-1,1,-1,-1,1,-1,1,-1,-1,-1,-1,1,-1,1,1,-1,1,-1,-1,1,1,-1,-1,-1,-1,-1,-1,1,1,-1,-1,1,-1,1,1,1,-1,-1,1,-1,1,1,-1,-1,1,-1,-1,1,1,1,-1,1,-1,1,1,1,-1,-1,1,-1,-1,1,1,1,-1,1,-1,-1,1,1,-1,1,1,-1,-1,1,1,1,1,1,-1,-1,1,1,-1,1,1,-1,-1,1,1,1,1,1,1,-1,-1,1,1,-1,1,-1,-1,1,-1,1,1,1,1,-1,-1,1,-1,1,1,1,-1,1,1,1,1,-1,1,-1,1,1,1,1,1,1,1,-1,1,1,1,1,-1,1,-1,1,1,1,1,1,-1,1,1,1,1,-1,1,1,-1,1,1,-1,1,1,-1,-1,1,1,1,1,-1,1,-1,1,1,1,-1,-1,1,-1,1,1,1,-1,1,-1,-1,-1,1,1,-1,-1,1,-1,-1,1,1,1,-1,1,-1,-1,1,1,1,-1,1,-1,-1,1,1,-1,-1,-1,1,-1,-1,1,-1,1,1,-1,1,1,-1,-1,1,-1,-1,-1,1,1,-1,1,1,-1,1,1,-1,-1,-1,-1,1,-1,-1,-1,-1,1,-1,-1,1,1,-1,1,1,-1,1,1,1,1,-1,1,-1,1,1,1,-1,-1,1,-1,-1,-1,1,-1,-1,1,-1,1,1,1,-1,-1,1,-1,1,1,1,1,-1,1,-1,-1,1,1,-1,-1,-1,1,-1,1,1,1,-1,1,-1,-1,1,-2666.0,1,2000,445,0,False
1890,-1,-1,1,1,1,1,-1,1,-1,-1,-1,1,-1,1,-1,-1,1,-1,1,1,1,-1,-1,-1,-1,1,-1,-1,-1,-1,-1,-1,1,1,-1,-1,1,-1,-1,-1,1,-1,-1,-1,-1,-1,-1,-1,1,1,-1,-1,1,-1,1,-1,-1,1,-1,-1,-1,1,1,1,-1,-1,-1,-1,-1,-1,-1,1,-1,-1,-1,-1,1,-1,1,-1,-1,1,1,-1,1,-1,-1,-1,-1,1,-1,-1,-1,-1,-1,-1,-1,1,1,1,-1,-1,-1,-1,1,1,-1,-1,-1,-1,-1,1,1,1,-1,-1,-1,-1,1,1,-1,-1,-1,-1,-1,1,1,-1,1,-1,-1,-1,1,1,-1,1,-1,-1,-1,1,1,-1,1,-1,-1,-1,-1,1,1,-1,-1,-1,-1,1,-1,1,-1,1,-1,-1,1,1,1,1,-1,-1,-1,1,-1,1,-1,-1,-1,-1,1,1,-1,1,-1,-1,1,-1,-1,1,-1,-1,-1,1,-1,1,1,1,-1,-1,1,1,-1,1,1,-1,-1,1,1,-1,1,1,-1,-1,-1,1,-1,1,1,-1,1,1,1,-1,-1,1,-1,1,1,1,-1,-1,1,1,-1,-1,1,-1,1,1,-1,1,-1,1,-1,1,1,-1,1,1,1,-1,-1,1,-1,-1,1,1,-1,1,-1,1,1,1,-1,-1,1,1,-1,1,1,1,1,-1,-1,-1,1,1,-1,-1,1,-1,-1,1,1,-1,-1,-1,1,-1,1,1,1,1,-1,1,-1,1,1,1,1,-1,-1,-1,-1,1,-1,1,-1,-1,-1,1,1,-1,1,1,-1,-1,-1,1,1,1,-1,-1,-1,1,1,-1,1,1,-1,-1,1,1,-1,1,-1,-1,-1,1,-1,1,1,-1,-1,-1,1,-1,1,1,-1,-1,1,-1,-1,1,1,-1,1,1,1,1,-1,1,-1,1,1,1,-1,1,1,-1,-1,1,1,-1,1,-1,-1,-1,1,1,-1,1,-1,-1,1,-1,1,1,1,-1,-1,1,1,1,-1,1,1,-1,1,-1,1,-1,-1,1,-1,-1,1,1,-1,1,-1,-1,1,1,-1,-1,1,1,-1,1,-1,1,-1,1,-1,1,1,-1,1,-1,1,-1,1,1,-1,-1,1,1,-1,-1,1,-1,1,-1,-1,1,-1,1,1,-1,-1,1,-1,-1,1,1,-1,1,-1,1,-1,-1,1,-1,-1,1,-1,-1,-1,1,-1,1,-1,1,-1,-1,1,-1,-1,-1,-1,-1,-1,1,-1,-1,1,1,-1,-1,1,-1,1,-1,-1,1,-1,1,-1,-1,1,1,-1,-1,-1,1,-1,-1,-1,1,-1,1,-1,-1,1,1,-1,-1,-1,1,-1,1,1,-1,-1,-1,-1,-1,-1,-1,-1,-1,-1,1,-1,1,1,-1,1,-1,-1,1,-1,-1,1,-1,-1,-1,1,-1,1,-1,1,-1,-1,-1,-1,1,-1,1,-1,-1,1,-1,1,1,1,-1,-1,-1,-1,1,-1,1,-1,-1,-1,1,1,1,-1,1,1,-1,1,1,1,1,1,1,1,-1,-1,-1,1,-1,-1,1,1,1,-1,1,-1,1,-1,-1,-1,1,1,-1,1,1,-1,1,-1,1,-1,1,1,-1,1,-1,1,-1,-1,-1,-1,1,-1,1,-1,-1,-1,-1,1,-1,1,-1,1,1,1,-1,-1,1,-1,1,1,-1,1,-1,1,-1,-1,1,-1,1,-1,-1,1,1,1,1,1,-1,1,1,1,1,-1,1,-1,-1,1,1,1,-1,-1,-1,1,1,1,1,-1,-1,-1,1,-1,1,-1,1,1,-1,-1,1,1,1,-1,1,-1,-1,1,1,1,1,1,1,-1,1,1,1,1,-1,1,-1,1,-1,1,-1,1,1,-1,1,1,1,1,1,1,-1,1,-1,1,1,1,1,-1,1,1,-1,1,1,1,-1,1,1,1,1,1,1,-1,1,1,-1,1,1,-1,-1,1,1,1,-1,1,-1,-1,1,-1,-1,1,1,-1,-1,1,-1,1,-1,1,1,-1,1,-1,1,-1,1,-1,-1,1,-1,1,-1,1,1,-1,1,-1,1,-1,1,1,-1,1,-1,1,-1,1,1,-1,1,1,1,1,1,-1,1,1,-1,1,1,1,1,-1,1,-1,1,-1,1,1,-1,1,1,-1,1,1,1,-1,1,1,-1,1,1,1,1,1,-1,-1,1,1,1,1,1,-1,1,-1,1,1,1,1,-1,-1,1,1,1,1,1,1,-1,1,-1,1,1,1,-1,1,1,1,1,1,1,1,-1,1,1,-1,1,1,-1,1,1,1,1,1,1,-1,1,1,1,1,1,1,1,-1,1,1,1,1,1,-1,-1,1,-1,1,1,1,-1,1,1,1,1,1,-1,-1,1,1,1,1,1,1,-1,1,1,-1,1,1,-1,1,1,1,1,1,1,-1,-1,1,1,1,1,-1,1,-1,1,1,1,1,-1,-1,-1,1,1,1,1,-1,1,-1,1,1,1,1,1,-1,-1,1,1,-1,1,1,-1,-1,1,1,-1,1,-1,-1,-1,1,-1,-1,1,1,-1,1,1,1,-1,1,1,-1,-1,1,1,-1,1,1,-1,1,1,1,-1,1,1,-1,1,-1,1,1,1,1,-1,1,-1,1,1,1,-1,-1,1,1,1,1,1,-1,1,-1,1,1,1,-1,1,1,1,1,1,-1,1,1,-1,1,1,1,-1,1,-1,-1,1,-1,1,-1,1,-1,1,-1,1,1,1,1,-1,-1,1,1,-1,-1,1,-1,-1,1,1,-1,-1,1,1,-1,-1,-1,1,1,-1,-1,-1,-1,-1,1,1,-1,-1,1,1,1,1,1,-1,-1,1,1,1,1,-1,1,-1,1,-1,1,1,-1,1,-1,-1,-1,-1,-1,-1,-1,-1,-1,1,1,1,1,-1,1,1,-1,-1,1,-1,-1,-1,1,-1,1,1,1,1,-1,1,-1,1,1,1,-1,1,1,-1,1,1,1,1,-1,1,-1,1,-1,-1,-1,-1,1,-1,-1,1,1,-1,1,1,-1,1,1,-1,1,-1,1,-1,-1,1,-2666.0,1,2000,445,1500,True
1891,1,1,-1,-1,1,1,-1,-1,1,1,1,-1,1,1,1,1,-1,1,-1,-1,1,-1,1,1,1,-1,-1,-1,1,1,1,1,-1,-1,-1,-1,1,1,1,-1,1,-1,-1,1,1,1,1,-1,1,1,1,1,-1,1,-1,-1,1,-1,1,1,1,-1,1,-1,1,1,1,1,-1,-1,-1,1,1,1,1,-1,1,-1,1,1,1,-1,-1,-1,1,1,1,1,-1,1,-1,1,1,1,1,-1,-1,1,1,-1,1,1,-1,-1,1,1,1,1,1,-1,-1,1,1,1,1,1,-1,-1,1,1,1,1,1,1,-1,1,1,1,-1,1,1,-1,1,1,1,1,1,1,-1,1,1,1,1,1,1,-1,-1,1,1,1,1,1,-1,1,-1,1,1,1,1,-1,1,1,1,1,-1,1,-1,1,-1,1,1,1,-1,-1,1,1,1,1,1,-1,1,-1,-1,1,-1,1,-1,1,1,1,1,1,1,1,1,1,-1,1,-1,1,-1,1,1,-1,1,-1,1,1,-1,1,-1,1,-1,1,-1,1,1,-1,1,-1,1,1,1,1,-1,-1,1,1,-1,-1,1,-1,1,-1,-1,1,-1,1,-1,1,-1,1,-1,1,1,-1,-1,-1,1,1,-1,1,-1,1,1,1,-1,1,1,-1,1,-1,1,-1,1,-1,1,-1,1,1,-1,1,-1,-1,-1,1,1,-1,1,-1,-1,-1,1,1,-1,-1,1,1,-1,-1,1,1,-1,1,1,-1,1,1,1,1,-1,1,-1,1,1,-1,1,-1,1,1,-1,1,1,1,1,1,-1,-1,1,-1,-1,-1,1,1,-1,1,1,1,-1,1,-1,-1,1,1,1,-1,1,-1,1,1,1,-1,-1,1,-1,1,1,1,-1,1,1,-1,-1,1,1,1,-1,1,-1,1,1,1,-1,1,1,-1,1,1,1,-1,1,-1,-1,1,1,1,-1,1,-1,-1,-1,1,1,-1,1,-1,-1,1,-1,1,-1,1,1,-1,-1,1,1,1,-1,1,-1,-1,1,1,-1,1,-1,-1,-1,-1,-1,-1,1,1,-1,-1,1,1,-1,1,-1,-1,-1,1,1,1,1,-1,-1,1,1,1,-1,1,-1,-1,-1,-1,1,1,1,1,-1,-1,1,1,1,1,-1,-1,1,-1,-1,1,-1,1,-1,-1,1,-1,1,-1,-1,-1,1,1,-1,1,-1,1,-1,-1,1,-1,1,1,-1,-1,-1,1,-1,-1,1,1,-1,-1,1,-1,1,1,-1,1,-1,1,-1,-1,1,1,-1,-1,1,-1,1,1,-1,-1,1,1,-1,1,-1,1,-1,1,-1,-1,1,-1,1,-1,1,-1,-1,1,-1,-1,-1,1,-1,-1,1,1,1,-1,1,-1,-1,1,-1,-1,1,-1,1,-1,1,1,1,-1,1,1,-1,-1,-1,1,-1,1,-1,-1,1,-1,1,1,1,1,-1,-1,1,1,-1,1,1,-1,-1,1,1,1,-1,1,1,-1,1,1,1,1,-1,1,1,-1,-1,-1,1,-1,1,1,1,1,-1,1,-1,1,-1,-1,-1,1,1,-1,1,1,-1,-1,-1,1,-1,1,1,-1,1,-1,1,-1,-1,-1,-1,-1,-1,1,-1,-1,-1,-1,-1,-1,1,-1,1,1,1,1,-1,1,-1,1,1,-1,-1,-1,1,-1,-1,1,-1,1,-1,-1,1,1,1,1,-1,-1,1,1,1,1,-1,1,-1,-1,1,1,1,-1,-1,-1,1,1,1,1,-1,-1,-1,1,-1,1,-1,1,-1,-1,-1,1,1,1,-1,-1,-1,-1,1,1,1,1,-1,-1,-1,1,1,1,1,-1,-1,-1,1,1,1,-1,-1,-1,1,1,1,1,1,-1,-1,-1,1,1,1,1,-1,-1,-1,1,1,-1,1,-1,-1,-1,1,1,1,1,-1,-1,1,1,1,1,-1,-1,1,1,-1,1,1,-1,-1,-1,1,1,1,1,1,-1,1,1,1,1,1,-1,-1,-1,1,-1,1,-1,-1,-1,-1,1,-1,1,1,-1,-1,-1,1,-1,1,1,-1,-1,-1,1,1,1,1,-1,-1,-1,1,-1,1,1,-1,-1,-1,1,1,-1,-1,-1,-1,-1,1,-1,1,-1,-1,-1,-1,-1,-1,-1,1,-1,-1,-1,1,-1,-1,1,-1,-1,-1,-1,-1,1,1,-1,-1,-1,-1,-1,1,-1,-1,-1,1,-1,-1,1,-1,1,-1,-1,-1,-1,-1,-1,-1,1,-1,-1,-1,1,1,1,-1,-1,1,-1,-1,-1,-1,-1,1,-1,-1,1,1,1,-1,-1,-1,-1,1,-1,1,1,-1,1,-1,-1,1,1,-1,-1,-1,-1,-1,-1,1,1,-1,-1,1,-1,1,1,1,-1,-1,1,-1,1,1,-1,-1,1,-1,-1,1,1,1,-1,1,-1,1,1,1,-1,-1,1,-1,-1,1,1,1,-1,1,-1,-1,1,1,-1,1,1,-1,-1,1,1,1,1,1,-1,-1,1,1,-1,1,1,-1,-1,1,1,1,1,1,1,-1,-1,1,1,1,1,-1,-1,1,-1,1,1,1,1,-1,-1,1,-1,1,1,1,-1,1,1,1,1,-1,1,-1,1,1,1,1,1,1,1,-1,1,1,1,1,-1,1,-1,1,1,1,1,1,-1,1,1,1,1,-1,1,1,-1,1,1,-1,1,1,-1,-1,1,1,1,1,-1,1,-1,1,1,1,-1,-1,1,-1,1,1,1,-1,1,-1,-1,-1,1,1,-1,-1,1,-1,-1,1,1,-1,-1,1,-1,-1,-1,1,1,-1,1,-1,-1,1,1,-1,-1,-1,1,-1,1,-1,-1,1,1,-1,1,1,-1,-1,1,1,-1,-1,-1,1,-1,1,1,-1,1,-1,1,-1,1,-1,1,-1,-1,-1,-1,1,-1,-1,1,1,-1,1,1,-1,1,1,-1,-1,-1,1,-1,1,1,1,1,-1,1,-1,-1,1,1,-1,-1,1,-1,1,1,1,-1,-1,1,-1,1,1,-1,-1,-1,1,-1,-1,1,1,-1,-1,-1,1,-1,1,-1,1,-1,1,-1,-1,1,-2666.0,1,2000,445,1500,False
1892,1,1,-1,-1,1,-1,-1,-1,1,1,1,-1,1,1,1,1,-1,1,-1,-1,-1,-1,1,1,1,-1,-1,-1,1,1,1,1,1,-1,-1,-1,1,1,1,1,-1,-1,-1,1,1,1,1,-1,1,1,1,1,-1,1,-1,-1,1,-1,1,1,1,-1,-1,-1,1,1,1,1,-1,-1,-1,1,1,1,1,-1,-1,-1,1,1,1,-1,-1,-1,1,1,1,1,-1,-1,1,1,1,1,1,-1,-1,-1,1,-1,1,1,-1,-1,1,1,1,1,1,-1,-1,-1,1,1,1,1,-1,-1,1,1,1,1,1,1,-1,-1,1,1,-1,1,1,-1,1,1,1,1,1,1,-1,1,1,1,1,1,1,-1,1,1,1,1,1,1,-1,-1,-1,1,1,1,1,-1,1,1,1,1,-1,1,-1,1,-1,1,1,1,-1,-1,1,1,1,1,1,-1,1,-1,-1,1,1,1,-1,1,1,1,1,-1,1,1,1,1,-1,1,-1,1,-1,1,1,-1,1,-1,1,1,-1,1,-1,1,-1,1,-1,1,1,-1,-1,-1,1,1,1,1,-1,-1,1,1,-1,-1,1,-1,1,1,-1,1,-1,1,-1,1,-1,1,-1,1,1,-1,-1,1,-1,1,-1,1,-1,1,1,1,-1,1,1,-1,1,-1,1,-1,1,-1,1,-1,1,1,-1,1,-1,-1,1,-1,1,-1,1,-1,-1,-1,1,1,-1,-1,1,1,-1,1,1,1,-1,1,1,-1,1,1,1,-1,-1,1,-1,1,1,-1,1,-1,1,-1,1,-1,1,-1,-1,1,-1,-1,1,-1,1,-1,1,1,-1,1,1,1,-1,1,1,1,1,1,-1,-1,1,-1,1,1,1,1,-1,1,-1,1,1,1,-1,1,1,-1,-1,1,1,-1,1,1,-1,1,1,1,1,1,1,-1,1,1,1,1,1,1,-1,1,1,1,1,1,1,1,-1,1,1,1,1,1,-1,1,-1,1,-1,1,1,1,-1,1,1,1,1,1,1,-1,1,1,1,-1,1,1,-1,-1,-1,-1,1,1,1,-1,1,1,-1,1,1,-1,-1,1,1,1,1,1,-1,1,1,1,-1,1,1,1,-1,-1,1,1,1,-1,1,-1,1,-1,1,1,1,1,-1,-1,-1,1,-1,-1,1,1,-1,1,1,1,1,1,1,1,-1,1,-1,-1,1,-1,1,-1,1,-1,-1,1,1,1,-1,-1,1,-1,1,1,1,-1,1,1,1,-1,1,1,-1,1,-1,-1,1,1,1,-1,1,-1,1,1,1,1,-1,1,-1,-1,1,1,-1,1,1,1,-1,1,1,-1,-1,1,-1,1,1,1,-1,1,-1,1,-1,1,1,-1,-1,1,-1,1,1,1,1,-1,1,-1,-1,-1,1,1,-1,-1,-1,1,-1,1,-1,-1,1,-1,-1,1,-1,1,-1,-1,1,-1,1,-1,1,-1,-1,1,-1,-1,1,1,1,-1,1,-1,1,-1,1,-1,1,-1,-1,-1,1,-1,-1,1,1,1,-1,1,-1,1,1,1,-1,1,1,-1,-1,-1,1,-1,-1,1,-1,-1,1,1,1,-1,1,-1,-1,1,1,-1,-1,1,-1,-1,1,1,-1,-1,1,-1,-1,-1,1,1,-1,1,1,-1,-1,1,-1,-1,1,-1,1,-1,1,1,-1,-1,1,-1,-1,-1,-1,-1,1,1,1,-1,1,1,-1,-1,1,-1,-1,-1,-1,-1,1,1,-1,-1,-1,-1,-1,1,1,-1,1,1,-1,-1,-1,1,1,-1,-1,-1,-1,-1,1,-1,-1,1,-1,-1,-1,1,1,-1,-1,-1,-1,-1,1,-1,-1,1,-1,-1,-1,1,1,-1,1,-1,-1,-1,1,1,-1,-1,-1,-1,-1,1,1,1,-1,-1,-1,-1,1,1,-1,-1,-1,-1,1,-1,1,1,-1,-1,1,1,-1,1,1,-1,-1,-1,1,1,1,-1,1,-1,1,-1,1,1,-1,1,-1,-1,1,-1,1,-1,1,-1,-1,1,-1,1,-1,-1,-1,-1,-1,-1,1,-1,1,-1,-1,1,-1,1,-1,1,-1,1,-1,1,1,-1,-1,-1,-1,1,-1,-1,-1,-1,-1,-1,1,-1,1,-1,-1,-1,-1,-1,1,-1,1,-1,-1,-1,1,-1,-1,1,-1,-1,-1,-1,1,-1,1,-1,-1,-1,-1,-1,1,-1,-1,-1,1,-1,-1,1,-1,1,-1,-1,-1,-1,-1,-1,-1,1,-1,-1,-1,1,1,-1,-1,-1,1,1,-1,-1,-1,-1,1,-1,-1,1,1,1,-1,-1,-1,-1,1,-1,1,1,-1,1,-1,-1,1,1,-1,-1,-1,-1,-1,-1,1,1,-1,-1,1,-1,1,1,-1,-1,-1,1,-1,1,1,-1,-1,1,-1,-1,1,1,1,-1,1,-1,1,1,1,-1,-1,1,-1,-1,1,1,1,-1,1,-1,-1,1,1,-1,1,1,-1,-1,1,1,-1,1,1,-1,-1,1,1,1,1,1,-1,-1,1,1,1,1,1,1,-1,1,1,1,-1,1,-1,-1,1,-1,1,1,1,1,-1,-1,1,-1,1,1,1,-1,1,1,1,1,-1,1,-1,1,1,1,1,1,1,-1,-1,-1,1,1,1,-1,1,-1,1,1,1,1,-1,1,-1,1,1,1,-1,-1,1,-1,1,1,-1,1,-1,-1,-1,1,1,1,-1,1,-1,-1,1,1,1,-1,-1,-1,-1,1,1,1,-1,1,-1,-1,-1,1,1,-1,1,-1,-1,-1,1,1,-1,1,-1,-1,1,1,1,1,1,1,-1,-1,1,1,-1,-1,1,1,1,-1,1,-1,1,-1,-1,1,1,-1,-1,1,-1,-1,-1,1,1,-1,1,-1,1,1,1,-1,-1,-1,-1,-1,-1,-1,-1,-1,1,-1,1,1,1,-1,1,1,-1,1,1,1,1,-1,1,-1,1,1,1,-1,-1,1,-1,1,1,1,-1,-1,1,-1,1,1,1,-1,-1,1,-1,1,-1,1,1,-1,1,-1,-1,1,1,1,-1,-1,1,-1,1,-1,1,-1,1,-1,-1,1,-2666.0,1,2000,445,1500,False
1893,-1,-1,1,1,1,1,-1,1,-1,-1,-1,1,-1,1,-1,-1,1,-1,1,1,1,-1,-1,-1,-1,1,-1,-1,-1,-1,-1,-1,1,1,-1,-1,1,-1,-1,-1,1,-1,-1,-1,-1,-1,-1,-1,1,1,-1,-1,1,-1,1,-1,-1,1,-1,-1,-1,1,1,1,-1,-1,-1,-1,-1,-1,-1,1,-1,-1,-1,-1,1,-1,1,-1,-1,1,1,-1,1,-1,-1,-1,-1,1,-1,-1,-1,-1,-1,-1,-1,1,1,1,-1,-1,-1,-1,1,1,-1,-1,-1,-1,-1,1,1,1,-1,-1,-1,-1,1,1,-1,-1,-1,-1,-1,1,1,-1,1,-1,-1,-1,1,1,-1,1,-1,-1,-1,1,1,-1,1,-1,-1,-1,-1,1,1,-1,-1,-1,-1,1,-1,1,-1,1,-1,-1,1,1,1,1,-1,-1,1,1,-1,1,-1,-1,-1,-1,1,1,-1,1,-1,-1,1,-1,-1,1,-1,-1,-1,1,1,1,1,1,-1,1,1,1,-1,1,1,-1,-1,1,1,-1,1,1,-1,-1,-1,1,-1,1,1,-1,-1,1,1,-1,1,1,-1,1,1,1,-1,-1,1,1,-1,-1,1,-1,1,1,-1,1,-1,1,-1,1,1,-1,-1,1,1,-1,1,1,-1,-1,-1,1,-1,1,-1,1,-1,1,1,-1,1,1,-1,-1,1,-1,1,-1,-1,-1,-1,1,-1,-1,1,-1,-1,-1,1,-1,-1,-1,1,-1,-1,-1,1,1,-1,1,-1,-1,-1,1,1,-1,-1,-1,1,-1,-1,1,-1,-1,-1,1,1,-1,1,1,-1,-1,-1,-1,-1,1,-1,-1,-1,1,-1,-1,1,1,-1,-1,1,1,-1,1,-1,1,-1,1,1,-1,1,-1,-1,-1,-1,1,-1,1,-1,-1,1,1,-1,1,1,-1,1,1,1,-1,-1,1,-1,1,1,1,1,1,1,-1,-1,1,1,1,1,-1,-1,-1,1,1,1,1,-1,-1,1,-1,1,1,1,-1,-1,1,-1,1,-1,1,1,-1,1,-1,1,1,1,1,-1,-1,1,1,1,-1,-1,-1,1,1,-1,-1,1,1,-1,1,-1,1,-1,1,-1,1,1,-1,1,1,1,-1,1,1,-1,1,-1,1,-1,-1,1,-1,1,1,1,1,-1,1,1,-1,1,1,-1,-1,1,-1,-1,1,-1,1,-1,-1,1,-1,1,1,-1,-1,-1,1,-1,1,-1,1,-1,-1,1,-1,1,1,-1,-1,-1,1,-1,-1,1,1,-1,-1,1,-1,1,1,-1,1,-1,1,-1,1,1,1,-1,-1,-1,-1,1,1,-1,1,-1,1,-1,1,-1,1,-1,-1,-1,1,1,-1,1,-1,-1,-1,-1,1,-1,-1,-1,-1,-1,-1,1,-1,1,-1,1,-1,-1,1,-1,-1,1,-1,-1,-1,-1,1,1,-1,1,-1,-1,-1,-1,1,-1,1,-1,-1,1,-1,1,1,1,-1,-1,-1,1,1,-1,1,-1,1,-1,1,1,1,-1,1,1,-1,1,1,1,1,1,-1,1,-1,-1,-1,1,-1,-1,1,-1,1,-1,1,-1,1,-1,-1,-1,1,1,-1,1,1,-1,1,-1,1,-1,1,1,-1,1,-1,1,-1,-1,-1,-1,1,-1,1,-1,-1,-1,-1,1,-1,1,-1,1,1,1,1,-1,1,-1,1,1,-1,1,-1,1,-1,-1,1,-1,1,-1,-1,1,1,1,1,1,-1,1,1,1,1,-1,1,-1,-1,1,1,1,-1,-1,-1,-1,1,1,1,-1,-1,-1,1,-1,1,-1,1,1,-1,-1,1,1,1,-1,1,-1,-1,1,1,1,1,1,1,-1,1,1,1,1,-1,1,-1,1,-1,1,-1,1,1,-1,1,1,1,1,1,1,-1,1,-1,1,1,1,1,-1,1,1,-1,1,1,1,-1,1,1,1,1,1,1,-1,1,1,-1,-1,1,-1,-1,1,1,1,-1,1,-1,-1,1,-1,1,1,1,-1,-1,1,-1,1,-1,1,1,-1,1,-1,1,-1,1,-1,-1,1,-1,1,-1,1,1,-1,1,-1,1,-1,1,1,-1,1,-1,1,-1,1,1,-1,1,1,1,1,1,-1,1,1,-1,1,1,1,1,-1,1,-1,1,-1,1,1,-1,1,1,-1,1,1,1,-1,1,1,-1,1,1,1,1,1,-1,-1,1,1,1,1,1,-1,1,-1,1,1,1,1,1,-1,1,1,1,1,1,1,-1,1,-1,1,1,1,1,1,1,1,1,1,1,1,-1,1,1,-1,1,1,-1,1,1,1,1,-1,1,1,-1,1,1,1,1,1,-1,1,1,1,1,1,1,-1,-1,1,-1,1,1,1,-1,1,1,1,1,1,-1,-1,1,1,1,1,1,1,-1,1,1,-1,1,1,-1,1,1,1,1,1,1,-1,-1,1,1,1,1,1,-1,-1,1,1,1,1,1,1,-1,1,1,1,1,1,1,-1,1,1,1,1,1,1,-1,1,1,-1,1,1,1,-1,1,1,-1,1,1,1,-1,1,-1,-1,1,1,1,-1,-1,1,-1,1,1,1,-1,1,1,-1,1,-1,1,-1,1,1,-1,1,1,1,-1,-1,1,1,1,1,1,1,-1,1,1,1,1,-1,1,-1,1,1,1,-1,-1,1,-1,1,1,-1,1,-1,-1,-1,1,-1,1,-1,1,-1,-1,1,-1,1,-1,-1,-1,-1,1,-1,1,-1,-1,-1,-1,-1,1,1,-1,1,-1,-1,-1,-1,1,-1,1,-1,1,-1,-1,1,1,1,1,-1,-1,1,-1,-1,-1,1,1,-1,1,-1,-1,1,-1,-1,1,1,-1,-1,1,-1,-1,-1,-1,1,-1,1,1,-1,1,-1,1,-1,-1,-1,1,-1,-1,-1,-1,1,-1,-1,1,1,-1,1,1,-1,1,1,-1,-1,-1,1,-1,1,1,1,1,-1,1,-1,-1,1,1,-1,-1,1,-1,1,1,1,1,-1,1,-1,1,1,-1,-1,-1,1,-1,-1,1,1,-1,-1,-1,1,-1,1,-1,1,-1,1,-1,-1,1,-2666.0,1,2000,445,1500,True
1894,-1,-1,1,1,1,1,-1,1,-1,-1,-1,1,-1,1,-1,-1,1,-1,1,1,-1,1,-1,-1,-1,1,-1,-1,-1,-1,-1,-1,1,1,-1,1,1,-1,-1,-1,1,-1,1,-1,-1,-1,-1,-1,1,-1,1,-1,1,-1,1,-1,-1,1,-1,-1,-1,1,1,1,-1,-1,-1,-1,-1,-1,1,-1,-1,-1,-1,-1,-1,1,-1,-1,-1,1,1,-1,-1,-1,-1,-1,-1,1,-1,-1,-1,-1,-1,-1,-1,1,-1,1,-1,-1,-1,-1,1,-1,-1,-1,-1,-1,-1,1,-1,1,-1,-1,-1,-1,1,-1,-1,-1,-1,-1,-1,1,-1,-1,1,-1,-1,-1,1,-1,-1,1,-1,-1,-1,-1,-1,-1,1,-1,-1,-1,1,-1,-1,-1,-1,-1,-1,-1,1,-1,1,1,-1,-1,1,-1,-1,-1,1,1,-1,1,1,-1,1,1,-1,-1,1,-1,-1,-1,1,-1,1,-1,1,-1,-1,1,-1,1,1,-1,-1,1,1,-1,1,1,1,-1,1,1,-1,1,1,1,-1,1,1,-1,-1,1,1,-1,1,1,-1,1,1,1,1,1,1,-1,-1,1,1,1,-1,1,1,-1,1,1,-1,-1,1,1,-1,1,1,1,-1,1,-1,1,1,1,1,-1,1,1,-1,1,1,1,1,1,-1,1,1,1,1,-1,1,-1,1,-1,1,-1,1,1,-1,1,-1,1,-1,1,1,-1,1,-1,1,-1,1,1,1,-1,1,1,1,-1,1,-1,-1,1,1,1,1,1,1,-1,-1,1,-1,1,1,-1,1,-1,1,1,1,1,-1,-1,-1,1,-1,-1,1,-1,1,-1,-1,1,-1,1,1,1,-1,1,-1,-1,1,1,-1,-1,1,-1,1,1,-1,1,-1,1,-1,1,1,1,-1,1,1,-1,-1,1,1,-1,1,1,-1,1,1,1,1,1,1,-1,1,1,1,1,1,-1,-1,1,1,1,1,1,-1,-1,-1,1,1,1,1,-1,-1,1,-1,1,-1,1,1,-1,-1,1,1,1,1,1,-1,-1,1,1,1,-1,-1,1,-1,-1,-1,-1,1,1,-1,-1,1,1,-1,1,1,-1,-1,1,1,1,1,1,-1,1,1,1,-1,1,-1,-1,-1,-1,1,1,1,1,-1,-1,1,-1,1,1,-1,-1,-1,1,-1,1,-1,-1,-1,1,-1,1,1,1,1,1,1,1,-1,1,-1,1,-1,-1,1,-1,1,-1,1,1,-1,1,-1,-1,1,1,-1,-1,1,-1,1,1,1,-1,-1,1,-1,1,-1,1,-1,1,1,1,-1,-1,-1,-1,1,1,-1,1,-1,-1,-1,1,-1,1,1,-1,-1,-1,1,-1,-1,1,-1,-1,-1,1,-1,1,-1,1,-1,-1,1,-1,-1,1,-1,-1,-1,1,1,-1,-1,-1,-1,-1,1,1,-1,-1,-1,1,-1,1,-1,-1,1,-1,-1,1,1,1,-1,-1,1,-1,1,-1,1,-1,-1,1,-1,-1,1,1,1,-1,1,-1,1,-1,-1,-1,1,-1,1,1,-1,1,-1,-1,1,-1,1,-1,-1,1,-1,1,1,-1,-1,-1,1,1,1,1,1,-1,-1,1,-1,1,-1,1,-1,-1,-1,1,1,1,1,-1,-1,-1,-1,1,1,1,-1,-1,1,1,1,-1,1,-1,-1,-1,1,1,1,1,-1,-1,-1,-1,1,-1,1,1,-1,1,-1,1,1,1,-1,1,1,-1,1,1,1,1,-1,1,-1,1,1,1,-1,1,1,1,-1,1,1,-1,-1,1,1,1,-1,1,-1,1,1,1,-1,1,1,-1,1,1,1,1,1,1,1,1,1,1,-1,1,1,-1,1,1,1,1,1,1,1,1,1,1,1,1,-1,1,1,1,1,1,1,1,1,-1,1,-1,1,1,1,1,1,1,1,1,1,1,-1,1,1,1,1,1,-1,-1,1,1,1,-1,1,1,-1,1,1,-1,1,1,-1,1,1,1,1,1,1,1,-1,-1,1,-1,1,1,-1,1,-1,1,-1,-1,1,1,1,-1,1,1,-1,1,1,-1,1,1,-1,1,1,1,-1,-1,1,-1,-1,1,-1,1,1,-1,-1,-1,1,1,-1,-1,1,-1,-1,1,1,-1,-1,-1,1,-1,1,1,1,-1,-1,1,-1,1,1,-1,-1,1,1,-1,1,1,-1,-1,1,-1,-1,1,-1,-1,-1,1,-1,1,1,-1,-1,-1,-1,-1,-1,-1,-1,-1,-1,1,1,1,1,1,-1,1,-1,-1,-1,1,-1,-1,-1,1,1,1,1,1,-1,-1,1,1,1,1,1,-1,-1,-1,-1,1,1,1,-1,-1,-1,-1,1,-1,1,-1,1,-1,1,1,1,1,1,-1,-1,-1,1,1,1,-1,1,-1,1,1,-1,1,-1,-1,1,1,1,1,-1,-1,-1,-1,1,1,1,1,1,-1,-1,1,1,1,-1,1,1,-1,1,1,1,1,1,1,-1,1,1,1,1,1,1,-1,1,1,-1,1,1,-1,-1,1,1,-1,1,1,1,-1,1,-1,1,1,1,1,-1,-1,1,-1,1,1,1,-1,1,1,-1,1,1,1,-1,1,1,-1,1,1,1,-1,-1,1,1,1,1,-1,1,-1,1,1,1,1,-1,1,-1,1,1,1,-1,-1,1,-1,1,1,-1,1,-1,-1,-1,1,-1,1,-1,1,-1,-1,1,-1,1,-1,-1,-1,-1,1,-1,1,-1,1,-1,-1,-1,1,1,-1,1,-1,-1,-1,-1,1,-1,-1,1,-1,1,-1,1,1,1,1,-1,-1,1,1,-1,-1,1,1,1,1,1,-1,1,-1,-1,1,1,-1,-1,1,-1,-1,-1,-1,1,-1,1,1,1,1,1,-1,-1,-1,-1,1,-1,-1,-1,-1,1,-1,1,1,1,-1,1,1,-1,1,1,1,1,-1,1,-1,1,1,1,1,-1,1,-1,1,1,1,1,-1,1,-1,1,1,1,1,-1,1,-1,1,1,1,-1,-1,1,-1,-1,1,1,-1,-1,-1,1,-1,1,1,1,-1,1,-1,-1,1,-2666.0,1,2000,445,1500,True
1895,-1,-1,1,1,1,1,-1,1,-1,-1,-1,1,-1,1,-1,-1,1,-1,1,1,-1,1,-1,-1,-1,1,-1,-1,-1,-1,-1,-1,1,1,-1,1,1,-1,-1,-1,1,-1,1,-1,-1,-1,-1,-1,1,-1,-1,-1,1,-1,1,-1,-1,1,-1,-1,-1,1,1,1,-1,-1,-1,-1,-1,-1,1,-1,-1,-1,-1,-1,-1,1,-1,-1,-1,1,1,-1,-1,-1,-1,1,-1,1,-1,-1,-1,-1,-1,-1,-1,1,-1,1,-1,-1,-1,-1,1,-1,-1,-1,-1,-1,-1,1,-1,-1,-1,-1,-1,-1,1,-1,-1,-1,-1,-1,-1,1,-1,-1,1,-1,-1,-1,-1,-1,-1,1,-1,-1,-1,-1,-1,-1,1,-1,-1,-1,1,-1,-1,-1,-1,-1,-1,-1,1,-1,-1,1,-1,-1,-1,1,-1,-1,-1,-1,1,-1,1,-1,-1,-1,-1,-1,-1,-1,-1,1,-1,-1,-1,1,1,-1,-1,-1,-1,-1,-1,-1,-1,1,-1,-1,1,-1,1,-1,1,-1,-1,1,-1,1,-1,1,-1,-1,-1,-1,1,-1,1,-1,-1,-1,-1,1,1,1,-1,1,-1,-1,1,1,-1,1,-1,-1,1,1,-1,1,-1,1,-1,-1,1,1,1,-1,1,1,-1,1,1,1,-1,-1,1,-1,1,1,-1,-1,1,1,-1,1,1,1,-1,1,-1,-1,1,-1,-1,-1,1,-1,-1,1,1,-1,-1,1,-1,-1,1,-1,1,-1,1,-1,-1,1,1,1,-1,1,1,-1,1,1,-1,-1,1,-1,-1,1,-1,-1,-1,1,1,-1,1,1,1,-1,-1,1,-1,1,-1,-1,-1,1,1,-1,-1,1,-1,-1,1,1,-1,1,-1,1,-1,1,-1,-1,1,-1,-1,-1,1,1,-1,1,-1,-1,1,1,-1,1,1,-1,1,1,1,-1,-1,1,-1,1,1,1,1,1,1,-1,-1,1,1,1,1,-1,-1,-1,1,1,1,1,-1,-1,1,-1,1,1,1,-1,-1,1,-1,1,-1,1,1,-1,1,-1,1,1,1,1,-1,-1,1,1,1,1,-1,-1,1,1,-1,-1,1,1,-1,1,-1,1,-1,1,-1,1,1,-1,1,1,1,-1,1,1,-1,1,-1,1,-1,-1,1,-1,1,1,1,1,-1,1,1,-1,1,1,-1,-1,1,-1,-1,1,-1,1,-1,-1,1,-1,-1,1,-1,-1,-1,1,-1,1,-1,1,-1,-1,1,-1,1,1,-1,-1,-1,1,-1,-1,1,1,-1,-1,1,-1,1,1,-1,1,-1,1,-1,1,1,1,-1,-1,-1,-1,1,1,-1,1,-1,1,-1,1,-1,1,-1,-1,-1,1,1,-1,1,-1,-1,-1,-1,1,-1,-1,-1,-1,-1,-1,1,-1,1,-1,1,-1,-1,1,-1,-1,1,-1,-1,-1,-1,1,1,-1,1,-1,-1,-1,1,1,-1,1,-1,-1,-1,1,1,1,1,-1,-1,-1,1,1,-1,1,-1,1,-1,1,1,1,-1,1,1,-1,1,1,1,1,1,-1,1,-1,1,1,-1,1,-1,1,1,1,-1,-1,-1,1,-1,-1,1,-1,-1,-1,1,1,-1,1,1,-1,-1,1,1,-1,-1,1,-1,-1,-1,-1,-1,1,1,-1,-1,-1,-1,-1,1,1,-1,-1,1,1,1,-1,1,-1,-1,1,1,-1,1,1,-1,-1,-1,1,-1,-1,1,1,-1,1,1,1,1,1,-1,1,1,1,-1,1,1,1,-1,1,1,-1,1,1,-1,1,1,1,-1,1,1,-1,-1,1,-1,1,1,1,-1,1,1,1,-1,1,1,-1,1,1,1,1,1,1,1,1,1,1,1,1,1,-1,1,-1,1,-1,1,1,1,1,1,1,1,1,1,-1,1,-1,1,1,1,1,1,-1,1,-1,1,1,1,1,1,1,1,1,1,1,-1,1,1,-1,-1,1,-1,-1,1,1,1,-1,1,1,-1,1,-1,-1,1,1,-1,-1,1,-1,1,-1,1,1,-1,1,-1,1,-1,1,-1,1,1,-1,1,-1,1,1,-1,1,-1,1,-1,1,1,-1,1,-1,1,-1,1,1,-1,1,1,1,1,1,-1,1,1,-1,1,1,1,1,-1,1,-1,1,-1,1,1,-1,1,1,-1,1,1,1,-1,1,1,-1,1,1,1,1,1,-1,-1,1,1,1,1,1,-1,1,-1,1,1,1,1,1,-1,1,1,1,1,1,1,-1,1,-1,1,1,1,1,1,1,1,1,1,1,1,-1,1,1,-1,1,1,-1,1,1,1,1,1,1,1,-1,1,1,1,1,1,-1,1,1,1,1,1,1,-1,-1,1,-1,1,1,1,-1,1,1,1,1,1,-1,-1,1,1,1,1,1,1,-1,1,1,-1,1,1,-1,1,1,1,1,1,1,-1,-1,1,1,1,1,-1,-1,-1,1,1,1,1,-1,-1,-1,1,1,1,1,-1,1,-1,1,1,1,1,1,-1,-1,1,1,-1,1,1,-1,-1,1,1,-1,1,-1,-1,-1,1,-1,-1,1,1,-1,-1,-1,1,-1,1,1,-1,-1,1,1,-1,1,1,-1,-1,1,1,-1,1,1,-1,-1,-1,1,1,1,1,-1,1,-1,1,1,1,-1,-1,1,-1,1,1,1,1,-1,1,-1,1,1,-1,1,-1,-1,-1,1,-1,1,-1,1,-1,-1,1,-1,1,1,-1,-1,-1,1,-1,1,1,-1,-1,-1,-1,1,1,-1,1,-1,-1,1,-1,1,-1,1,-1,1,-1,-1,1,1,1,1,-1,-1,1,1,1,1,1,1,-1,1,1,1,1,-1,-1,1,1,1,1,1,-1,-1,-1,-1,1,1,1,1,-1,1,1,-1,1,1,-1,1,-1,-1,1,1,1,-1,-1,1,1,-1,1,1,-1,1,1,1,1,1,1,-1,1,1,1,1,1,1,-1,-1,-1,1,1,1,1,-1,1,1,1,1,1,1,-1,1,1,1,-1,1,1,-1,-1,1,1,-1,1,1,1,-1,1,1,-1,1,1,-1,-1,1,-2666.0,1,2000,445,1500,True
1896,-1,-1,1,1,1,1,-1,1,-1,-1,-1,1,-1,1,-1,-1,1,-1,1,1,-1,1,-1,-1,-1,1,-1,-1,1,-1,-1,-1,1,1,-1,1,1,-1,-1,-1,1,-1,1,-1,-1,-1,1,1,-1,1,-1,-1,1,1,1,-1,1,1,-1,-1,1,1,1,1,-1,1,-1,1,1,-1,1,-1,-1,-1,1,-1,-1,-1,1,-1,-1,1,1,-1,1,-1,-1,1,1,1,-1,1,-1,1,-1,1,-1,1,1,1,1,1,1,-1,1,1,-1,1,1,1,-1,1,1,-1,1,1,1,-1,1,1,-1,1,1,1,-1,1,1,-1,1,1,-1,-1,1,1,-1,1,1,1,-1,-1,1,-1,1,1,1,-1,1,1,1,-1,1,1,-1,-1,-1,1,-1,1,1,-1,1,-1,1,1,1,1,-1,1,1,-1,1,1,-1,-1,1,1,-1,1,1,-1,1,-1,-1,1,1,1,-1,1,1,1,1,1,1,1,1,1,-1,1,1,1,-1,1,1,-1,1,1,1,-1,-1,1,1,-1,1,1,-1,1,1,-1,1,1,1,1,1,1,-1,-1,1,1,-1,-1,1,-1,1,1,-1,1,-1,1,-1,1,1,1,-1,1,1,-1,-1,1,1,-1,-1,1,-1,1,1,1,-1,1,1,-1,1,-1,1,-1,1,-1,1,-1,1,1,-1,1,-1,-1,1,1,1,-1,1,-1,1,-1,-1,1,1,-1,1,1,-1,1,1,-1,-1,1,1,-1,1,1,1,-1,-1,1,-1,1,1,-1,1,-1,1,1,-1,1,-1,-1,-1,1,-1,-1,1,-1,1,-1,-1,1,-1,1,1,1,-1,1,-1,-1,1,1,-1,-1,1,-1,-1,1,-1,1,-1,1,-1,-1,1,1,-1,1,1,-1,1,-1,1,-1,-1,1,-1,1,1,1,1,1,1,-1,1,1,1,1,1,-1,-1,1,1,1,1,1,-1,-1,1,-1,1,1,1,-1,-1,1,-1,1,-1,1,1,-1,1,-1,1,1,1,1,-1,-1,1,1,1,1,-1,-1,1,1,-1,-1,1,1,-1,1,-1,1,-1,1,-1,1,1,-1,1,1,1,-1,-1,1,-1,1,-1,1,-1,-1,1,-1,1,1,1,1,-1,1,1,-1,1,1,-1,-1,1,-1,-1,1,-1,1,-1,-1,1,-1,1,1,-1,-1,1,1,-1,1,-1,1,-1,-1,1,-1,1,-1,-1,-1,-1,1,-1,-1,1,1,-1,-1,1,-1,1,1,-1,1,-1,1,-1,1,-1,1,-1,-1,-1,-1,-1,-1,-1,1,-1,1,-1,1,-1,1,-1,-1,-1,1,1,-1,1,-1,-1,-1,-1,1,-1,-1,1,-1,-1,1,-1,-1,1,1,-1,-1,-1,1,-1,-1,1,-1,-1,-1,-1,-1,1,-1,-1,-1,-1,-1,-1,1,-1,1,-1,-1,1,-1,1,1,1,-1,-1,-1,1,1,-1,1,-1,1,-1,1,1,1,-1,1,1,-1,1,1,1,1,1,1,1,-1,-1,1,-1,1,-1,1,-1,-1,1,1,-1,1,-1,-1,-1,1,1,-1,1,1,-1,1,-1,1,-1,1,1,-1,-1,-1,1,-1,-1,-1,-1,1,-1,1,-1,-1,-1,-1,1,-1,1,-1,1,1,1,-1,-1,1,-1,1,1,-1,1,-1,1,-1,-1,1,-1,-1,-1,-1,1,1,1,1,1,1,-1,1,1,1,-1,1,-1,1,1,1,1,-1,-1,-1,1,1,1,1,-1,1,-1,1,-1,1,-1,1,1,-1,-1,1,1,-1,-1,1,-1,-1,1,1,-1,1,1,1,-1,1,1,1,1,1,1,-1,1,-1,1,-1,1,1,-1,1,1,1,1,1,1,-1,1,1,1,-1,1,1,-1,1,1,-1,1,1,1,1,1,1,1,1,1,1,-1,-1,1,1,-1,1,-1,-1,-1,1,1,1,1,-1,-1,1,-1,1,1,1,-1,-1,1,-1,1,-1,-1,1,-1,-1,-1,1,-1,1,-1,-1,1,-1,1,1,1,-1,-1,1,-1,1,1,1,-1,-1,1,-1,1,-1,1,-1,-1,-1,-1,1,1,1,-1,1,1,-1,1,1,1,1,-1,-1,1,-1,1,1,-1,-1,-1,-1,-1,1,1,-1,1,-1,1,-1,1,1,1,-1,-1,-1,-1,1,1,-1,-1,-1,-1,1,-1,-1,-1,-1,-1,1,-1,1,1,-1,-1,-1,1,-1,1,1,-1,-1,-1,1,1,1,1,-1,1,-1,1,-1,1,1,-1,-1,-1,1,1,1,1,-1,-1,-1,1,-1,1,1,-1,1,-1,-1,1,1,1,-1,-1,-1,-1,-1,1,-1,-1,-1,1,-1,1,1,-1,-1,-1,-1,-1,1,1,1,-1,1,1,-1,1,1,-1,1,-1,-1,1,1,1,-1,-1,1,-1,-1,1,1,-1,-1,1,-1,-1,1,1,-1,1,1,1,-1,1,1,-1,-1,1,1,-1,1,1,-1,-1,1,1,-1,1,1,-1,1,1,-1,-1,1,1,-1,1,1,1,-1,1,-1,-1,-1,1,1,-1,-1,1,-1,1,1,1,-1,1,1,-1,1,-1,1,-1,1,1,-1,1,1,1,-1,-1,1,-1,1,1,-1,1,-1,1,-1,1,1,-1,1,-1,1,1,1,-1,-1,1,-1,1,1,-1,1,-1,-1,-1,1,-1,1,-1,1,-1,-1,1,-1,1,-1,-1,-1,-1,1,-1,1,-1,1,-1,-1,-1,1,1,-1,1,-1,-1,-1,-1,1,-1,1,-1,-1,1,-1,1,1,1,1,-1,-1,1,1,-1,-1,1,1,1,1,1,-1,1,-1,-1,1,1,-1,-1,1,-1,-1,-1,-1,1,-1,1,-1,1,1,1,-1,-1,-1,-1,1,-1,-1,-1,-1,1,-1,1,1,1,-1,1,1,-1,1,1,1,1,-1,1,-1,1,1,1,1,-1,1,-1,1,1,1,1,-1,1,-1,1,1,1,1,-1,1,-1,1,1,1,-1,-1,1,-1,-1,1,1,-1,-1,-1,1,-1,1,-1,1,-1,1,-1,-1,1,-2666.0,1,2000,445,1500,True
1897,-1,-1,1,1,1,1,-1,1,-1,-1,-1,1,-1,1,-1,-1,1,-1,1,1,1,1,-1,-1,-1,1,-1,-1,1,-1,-1,-1,1,1,-1,1,1,-1,-1,-1,1,-1,1,-1,-1,-1,-1,-1,1,-1,-1,-1,1,-1,1,-1,-1,1,-1,-1,-1,1,1,1,-1,1,-1,-1,-1,-1,1,-1,-1,-1,-1,-1,1,1,-1,-1,-1,1,1,-1,-1,-1,-1,1,-1,1,-1,-1,-1,1,-1,-1,1,1,-1,1,1,1,-1,-1,1,-1,-1,1,1,-1,-1,1,-1,-1,1,1,-1,-1,1,-1,-1,1,1,-1,-1,1,-1,-1,1,1,-1,-1,1,-1,-1,1,1,-1,-1,1,-1,-1,1,1,1,-1,-1,-1,-1,-1,1,-1,-1,1,1,-1,-1,1,1,-1,1,-1,-1,-1,1,1,-1,1,1,-1,1,1,-1,-1,1,-1,-1,1,1,-1,1,-1,1,-1,1,1,-1,1,1,-1,-1,-1,1,-1,1,1,1,-1,1,1,1,-1,1,1,-1,1,1,-1,-1,1,1,-1,1,1,-1,1,1,1,-1,1,1,1,1,1,1,1,-1,1,-1,-1,1,1,-1,-1,1,1,-1,1,1,-1,-1,1,-1,1,1,1,1,-1,1,-1,1,1,1,-1,1,1,1,1,1,1,-1,-1,-1,1,1,-1,1,1,-1,-1,1,1,-1,1,1,1,1,1,1,-1,1,1,1,1,-1,1,1,1,1,1,1,1,1,1,1,-1,-1,1,-1,1,-1,1,1,-1,-1,1,1,-1,1,1,1,-1,1,1,1,1,1,1,-1,-1,1,-1,1,-1,1,-1,1,1,-1,1,1,1,-1,1,1,1,1,1,-1,-1,1,-1,1,1,1,-1,1,-1,-1,1,1,1,-1,1,-1,1,-1,1,1,1,1,1,-1,1,1,1,1,1,1,-1,1,-1,1,-1,1,1,-1,1,-1,1,1,-1,1,-1,1,-1,1,1,-1,1,-1,1,1,-1,1,-1,1,1,1,1,-1,1,-1,1,-1,1,-1,-1,1,1,-1,-1,1,1,1,1,-1,1,-1,1,-1,1,1,-1,1,1,1,1,-1,1,-1,1,-1,1,-1,-1,1,-1,1,1,1,1,-1,1,1,1,1,1,-1,-1,1,-1,-1,1,-1,1,-1,-1,1,-1,1,1,-1,-1,-1,1,-1,1,-1,1,-1,-1,1,-1,1,1,-1,-1,-1,1,-1,-1,1,1,-1,-1,1,-1,1,1,-1,1,-1,1,-1,-1,1,1,-1,-1,-1,-1,1,1,-1,1,-1,1,-1,1,-1,1,-1,-1,-1,1,1,-1,1,-1,-1,-1,-1,1,-1,-1,1,-1,-1,-1,1,1,1,1,1,-1,-1,1,-1,-1,1,-1,-1,-1,1,1,1,-1,1,-1,-1,1,-1,1,-1,1,-1,-1,1,-1,1,1,1,-1,-1,-1,1,1,-1,1,-1,-1,1,1,1,1,-1,1,1,-1,1,1,1,1,1,-1,1,-1,1,1,-1,1,-1,1,-1,-1,1,-1,-1,1,-1,-1,1,-1,-1,-1,1,1,-1,1,1,-1,-1,1,1,-1,-1,1,-1,-1,-1,-1,-1,1,1,-1,-1,-1,-1,-1,1,1,-1,-1,1,1,1,-1,1,-1,1,-1,1,-1,1,1,-1,1,-1,1,-1,-1,1,1,-1,1,1,1,1,1,1,-1,-1,1,-1,1,1,1,-1,-1,1,-1,1,1,-1,-1,1,1,-1,1,1,-1,1,1,-1,1,1,1,1,-1,1,-1,-1,1,1,-1,1,1,-1,1,1,1,1,-1,-1,1,1,1,1,1,-1,1,1,-1,1,1,1,-1,-1,1,1,1,1,1,-1,-1,1,-1,1,1,1,1,-1,-1,1,1,1,1,-1,-1,1,1,1,1,1,1,-1,1,-1,1,-1,-1,1,-1,1,-1,1,1,-1,-1,1,-1,1,1,-1,1,-1,-1,1,-1,-1,1,-1,1,-1,1,-1,1,-1,1,-1,-1,1,1,1,-1,1,1,-1,1,-1,1,-1,1,-1,-1,1,-1,1,-1,-1,1,1,1,1,1,-1,1,1,-1,1,1,1,1,-1,1,-1,1,-1,1,-1,1,1,1,-1,1,1,-1,1,1,1,-1,1,1,1,-1,-1,-1,-1,1,1,-1,-1,1,-1,1,-1,-1,1,-1,1,1,-1,1,1,-1,-1,1,1,-1,1,1,-1,-1,1,1,1,1,1,-1,-1,1,1,-1,1,1,-1,-1,1,-1,1,1,1,1,-1,-1,1,-1,1,1,-1,1,-1,-1,1,1,1,-1,-1,-1,-1,-1,1,-1,1,-1,1,-1,1,1,1,1,-1,1,-1,1,1,1,-1,1,1,-1,1,1,-1,1,1,-1,1,1,1,1,-1,1,-1,-1,1,1,1,1,-1,1,-1,1,1,1,-1,1,-1,-1,1,1,1,1,-1,1,-1,1,1,1,1,1,-1,-1,1,1,-1,1,1,-1,-1,-1,1,-1,1,-1,-1,-1,1,-1,-1,1,1,-1,-1,-1,1,-1,1,1,-1,-1,1,-1,-1,1,1,-1,1,1,1,-1,1,1,-1,1,-1,-1,1,1,1,-1,1,-1,1,1,1,-1,1,-1,1,-1,1,1,-1,1,1,-1,1,1,-1,1,1,-1,-1,1,-1,1,1,-1,1,-1,-1,-1,1,-1,-1,1,-1,1,-1,1,-1,1,-1,-1,-1,1,1,-1,-1,1,-1,-1,-1,1,1,-1,1,-1,-1,-1,1,1,-1,1,-1,-1,1,-1,-1,-1,-1,1,-1,1,-1,-1,1,1,-1,1,1,-1,-1,1,-1,-1,-1,-1,1,-1,1,1,-1,1,-1,1,-1,-1,-1,1,-1,-1,-1,-1,-1,-1,-1,1,1,-1,1,1,-1,1,1,-1,-1,-1,1,-1,1,1,1,1,-1,1,-1,-1,1,1,-1,-1,1,-1,1,1,1,-1,-1,1,-1,1,1,-1,-1,-1,1,-1,-1,1,1,-1,-1,-1,1,-1,1,-1,1,-1,1,-1,-1,1,-2666.0,1,2000,445,1500,True
1898,-1,-1,1,1,1,1,-1,1,-1,-1,-1,1,-1,1,-1,-1,1,-1,1,1,1,-1,-1,-1,-1,1,-1,-1,-1,-1,-1,-1,1,1,-1,-1,1,-1,-1,-1,1,-1,-1,-1,-1,-1,1,-1,1,1,-1,-1,1,-1,1,-1,-1,1,-1,-1,1,1,1,1,-1,-1,-1,-1,-1,-1,-1,1,-1,-1,1,-1,1,-1,1,-1,-1,-1,-1,1,1,-1,-1,1,-1,1,-1,-1,-1,-1,1,-1,-1,1,1,1,-1,1,-1,-1,1,1,-1,-1,1,-1,-1,1,1,1,-1,1,-1,-1,1,1,-1,-1,1,1,-1,1,1,1,-1,1,1,-1,1,1,-1,1,1,1,-1,1,1,-1,1,1,1,-1,-1,1,1,-1,1,1,-1,1,-1,1,-1,1,1,-1,1,1,1,1,1,1,-1,1,1,-1,1,1,-1,-1,1,1,-1,-1,1,-1,1,-1,-1,1,1,1,-1,1,1,1,-1,1,1,1,1,1,-1,1,1,1,-1,1,1,-1,1,1,1,1,-1,1,-1,-1,1,1,-1,1,1,-1,1,1,1,1,1,1,-1,-1,1,1,-1,-1,1,-1,-1,1,1,1,-1,1,-1,1,1,1,-1,1,1,-1,-1,1,1,-1,-1,1,-1,1,1,1,-1,1,1,-1,1,1,-1,-1,1,-1,1,-1,1,1,-1,1,-1,-1,1,1,1,-1,1,-1,-1,-1,1,1,-1,-1,1,1,-1,1,1,-1,-1,1,1,-1,1,1,1,-1,-1,1,-1,1,1,-1,1,-1,1,1,-1,1,-1,-1,-1,1,-1,-1,1,-1,1,-1,1,1,-1,1,1,1,-1,1,-1,-1,1,1,-1,-1,1,-1,1,1,-1,1,-1,1,-1,1,1,1,-1,1,1,-1,1,-1,1,-1,-1,1,-1,1,1,1,1,1,1,-1,1,1,1,1,1,-1,-1,1,1,1,1,1,-1,-1,1,1,1,1,1,-1,-1,-1,-1,1,-1,1,1,-1,1,1,1,1,1,1,-1,-1,-1,1,1,-1,-1,-1,1,-1,-1,-1,1,1,-1,1,-1,1,-1,1,-1,1,-1,1,1,1,1,-1,1,-1,1,1,-1,1,-1,-1,-1,-1,1,1,1,1,-1,-1,1,-1,1,1,-1,-1,1,-1,-1,1,-1,1,-1,1,-1,1,-1,1,-1,-1,1,1,-1,1,-1,1,-1,-1,1,-1,1,-1,-1,-1,-1,1,-1,-1,1,1,-1,-1,1,-1,1,1,-1,1,-1,1,-1,1,-1,1,-1,-1,1,-1,-1,-1,-1,-1,1,1,-1,1,-1,1,-1,1,-1,1,1,-1,1,-1,1,-1,-1,1,-1,-1,-1,1,-1,1,-1,1,1,-1,1,-1,-1,1,-1,-1,1,-1,1,-1,1,-1,1,-1,1,1,-1,-1,-1,1,-1,1,-1,-1,1,-1,1,1,1,1,-1,-1,1,1,-1,1,1,-1,-1,1,1,1,-1,1,1,-1,1,1,1,1,-1,1,1,-1,-1,-1,1,-1,1,1,-1,1,-1,1,-1,1,-1,-1,-1,1,1,-1,1,1,-1,1,-1,1,-1,1,1,-1,1,-1,1,-1,-1,-1,-1,1,-1,1,-1,-1,-1,-1,1,-1,1,-1,1,1,1,-1,-1,1,-1,1,1,-1,1,-1,1,-1,-1,1,-1,1,-1,-1,1,1,1,1,1,-1,-1,1,1,1,-1,1,-1,1,1,1,1,-1,-1,-1,1,1,1,1,-1,-1,-1,1,-1,1,-1,1,1,-1,-1,1,1,1,-1,1,-1,-1,1,1,1,1,1,1,1,1,1,1,1,-1,1,-1,1,-1,1,-1,1,1,-1,1,1,1,1,1,1,-1,1,-1,1,1,1,1,-1,1,1,-1,1,1,1,1,1,1,1,1,1,1,-1,-1,1,-1,-1,1,-1,-1,-1,1,1,-1,1,1,-1,1,-1,1,1,1,-1,-1,1,-1,1,-1,1,1,-1,-1,1,-1,-1,1,-1,-1,1,-1,1,-1,1,1,-1,-1,-1,1,-1,1,1,-1,1,-1,1,-1,1,1,-1,-1,-1,1,-1,1,1,-1,-1,1,-1,-1,1,1,-1,-1,1,-1,-1,1,1,-1,-1,-1,1,-1,1,-1,1,-1,-1,1,-1,1,1,-1,-1,1,1,-1,1,-1,-1,-1,1,-1,-1,1,-1,-1,-1,1,-1,1,1,-1,-1,-1,-1,-1,-1,1,-1,-1,-1,1,1,1,1,-1,1,-1,1,-1,-1,1,-1,-1,-1,1,1,1,1,-1,1,-1,1,-1,1,1,-1,1,-1,-1,1,1,1,-1,-1,-1,-1,-1,1,-1,-1,-1,1,-1,1,1,1,-1,-1,1,-1,1,1,1,-1,1,1,-1,1,1,1,-1,1,-1,1,1,1,-1,-1,1,-1,-1,1,1,1,-1,1,-1,-1,1,1,1,1,1,1,-1,1,1,1,1,1,1,-1,1,1,-1,1,1,1,-1,1,1,-1,1,1,1,-1,1,1,1,1,1,1,-1,1,-1,-1,1,1,1,-1,-1,1,-1,1,1,1,-1,1,1,-1,1,-1,1,-1,1,1,-1,1,1,1,-1,-1,1,1,1,1,-1,1,-1,1,1,1,1,-1,1,-1,1,1,1,-1,-1,1,-1,1,1,-1,1,-1,-1,-1,1,-1,1,-1,1,-1,-1,1,-1,1,-1,-1,-1,-1,1,-1,1,-1,-1,-1,-1,-1,1,1,-1,1,-1,-1,-1,-1,1,-1,1,1,-1,1,-1,1,1,1,1,-1,-1,1,1,-1,-1,1,1,1,1,-1,-1,1,-1,-1,1,1,-1,-1,1,-1,-1,-1,-1,1,-1,1,1,1,1,-1,1,-1,-1,-1,-1,-1,-1,-1,-1,1,-1,1,1,1,-1,1,1,-1,1,1,-1,-1,-1,1,-1,1,1,1,1,-1,1,-1,1,1,1,-1,-1,1,-1,1,1,1,1,-1,1,-1,1,1,-1,-1,-1,1,-1,-1,1,1,-1,-1,-1,1,-1,1,-1,1,-1,1,-1,-1,1,-2666.0,1,2000,445,1500,True
1899,-1,-1,1,1,1,1,-1,1,-1,-1,-1,1,-1,1,-1,-1,1,-1,1,1,1,1,-1,-1,-1,1,-1,-1,1,-1,-1,-1,1,1,-1,1,1,-1,-1,-1,1,-1,1,-1,-1,-1,-1,-1,1,-1,-1,-1,1,-1,1,-1,-1,1,-1,-1,-1,1,1,1,-1,-1,-1,-1,-1,-1,1,-1,-1,-1,-1,-1,1,1,-1,-1,-1,1,1,-1,-1,-1,-1,-1,-1,1,-1,-1,-1,-1,-1,-1,-1,1,-1,1,-1,-1,-1,-1,1,-1,-1,-1,-1,-1,-1,1,-1,-1,-1,-1,-1,-1,1,-1,-1,1,-1,-1,-1,1,-1,-1,1,-1,-1,-1,1,-1,-1,1,-1,-1,-1,1,-1,-1,1,-1,-1,-1,-1,-1,-1,-1,-1,-1,-1,1,1,-1,1,1,-1,-1,1,-1,-1,-1,-1,-1,1,1,1,-1,-1,-1,-1,-1,1,-1,-1,1,-1,-1,1,-1,1,-1,-1,-1,-1,1,1,-1,-1,1,-1,1,1,1,1,-1,1,-1,-1,1,1,1,-1,1,-1,-1,-1,1,1,-1,1,-1,-1,1,1,1,-1,1,-1,1,1,1,1,1,-1,1,-1,-1,1,1,-1,-1,1,1,-1,1,1,-1,-1,1,-1,1,1,1,1,-1,1,-1,-1,1,1,-1,1,1,-1,1,1,1,-1,-1,1,-1,1,-1,1,1,1,1,-1,1,-1,1,1,1,1,-1,1,-1,1,1,1,1,1,-1,1,1,1,-1,1,-1,-1,1,1,-1,1,1,1,-1,-1,1,1,-1,1,-1,1,-1,1,1,1,1,-1,-1,-1,1,1,1,1,-1,-1,-1,1,-1,1,1,1,1,-1,1,1,1,1,1,1,-1,1,1,1,1,-1,1,1,1,1,1,1,1,-1,1,1,1,-1,1,1,-1,1,1,1,-1,1,1,1,-1,1,-1,1,1,1,1,-1,1,1,-1,1,1,1,1,1,1,-1,-1,1,1,-1,1,1,1,1,1,1,-1,-1,1,-1,-1,1,1,1,1,1,1,1,-1,1,-1,1,1,-1,1,1,1,-1,1,1,-1,1,-1,1,-1,1,-1,1,-1,1,-1,-1,1,-1,1,-1,1,1,-1,1,1,1,-1,1,-1,-1,-1,1,1,1,1,-1,1,1,1,-1,1,-1,-1,1,1,1,-1,1,1,-1,1,1,1,-1,1,-1,-1,1,-1,1,1,1,-1,-1,-1,-1,-1,1,1,-1,-1,1,-1,1,1,-1,-1,-1,-1,-1,1,1,1,-1,-1,1,-1,1,-1,-1,1,-1,-1,1,1,-1,1,-1,-1,1,1,1,-1,-1,1,-1,1,1,1,-1,-1,1,-1,-1,1,1,-1,-1,1,-1,1,-1,1,1,-1,-1,1,-1,1,-1,1,-1,-1,1,-1,-1,-1,1,-1,-1,1,-1,1,-1,1,-1,-1,1,-1,-1,1,1,-1,-1,-1,1,-1,1,1,-1,1,-1,1,-1,-1,1,1,1,-1,1,-1,1,-1,1,-1,1,-1,1,1,-1,-1,1,1,1,-1,1,-1,1,-1,1,1,1,-1,-1,-1,-1,-1,1,1,1,-1,-1,-1,1,1,-1,1,-1,-1,-1,1,1,1,1,-1,-1,-1,1,1,1,1,-1,-1,-1,-1,1,-1,1,-1,1,-1,-1,1,1,1,-1,-1,1,1,-1,-1,1,1,-1,-1,-1,-1,1,1,1,-1,1,-1,1,1,1,1,-1,-1,1,-1,1,1,-1,-1,-1,-1,-1,1,1,-1,1,-1,-1,1,1,1,1,-1,-1,-1,-1,1,1,-1,1,-1,-1,1,1,1,1,-1,1,-1,-1,1,1,1,-1,1,-1,1,1,1,1,-1,1,-1,-1,1,-1,1,-1,1,-1,1,1,1,1,-1,-1,1,-1,1,1,1,-1,-1,-1,1,1,1,-1,1,-1,1,-1,1,-1,-1,1,-1,1,-1,1,1,-1,-1,1,-1,1,1,-1,1,-1,1,-1,1,1,1,-1,1,-1,1,-1,1,-1,1,-1,1,-1,-1,1,1,1,-1,1,-1,1,1,-1,1,-1,1,1,-1,1,1,-1,-1,1,1,1,1,-1,1,1,-1,1,1,1,1,-1,-1,1,1,-1,1,1,-1,-1,1,-1,1,1,1,-1,-1,-1,-1,1,1,1,1,-1,1,-1,1,1,1,-1,-1,-1,1,-1,1,1,-1,-1,-1,-1,1,1,1,-1,-1,1,-1,1,-1,1,-1,-1,-1,1,1,1,1,1,-1,1,-1,1,1,-1,1,-1,-1,1,1,1,1,-1,-1,-1,1,1,1,1,1,-1,1,-1,1,1,1,1,-1,-1,-1,1,-1,1,1,1,-1,1,1,1,1,1,-1,-1,1,1,1,1,1,1,-1,1,1,-1,1,-1,-1,1,1,1,1,1,1,-1,1,1,1,1,1,1,-1,-1,1,1,1,1,1,1,-1,1,1,1,1,1,1,-1,1,-1,1,1,1,1,-1,1,1,-1,1,1,1,-1,1,1,-1,1,1,1,-1,1,-1,1,1,1,1,-1,-1,1,-1,1,1,1,-1,-1,1,-1,1,-1,1,-1,-1,1,-1,1,1,1,-1,1,-1,1,1,1,1,-1,1,1,1,1,1,-1,1,-1,1,1,1,-1,-1,-1,1,1,1,-1,1,-1,1,1,-1,-1,1,-1,1,-1,1,1,-1,1,-1,-1,-1,1,1,-1,1,-1,-1,1,1,-1,1,1,-1,1,-1,1,-1,-1,1,-1,1,-1,1,-1,-1,1,1,1,1,1,1,1,1,-1,-1,1,-1,1,1,-1,-1,1,-1,1,1,1,-1,-1,1,1,1,-1,-1,1,-1,1,-1,1,1,-1,1,-1,-1,1,-1,-1,-1,-1,-1,1,-1,1,1,1,-1,1,1,1,-1,1,-1,-1,-1,1,1,1,1,1,1,-1,1,1,1,1,1,-1,-1,-1,1,-1,1,1,-1,-1,1,1,1,-1,-1,-1,-1,1,1,1,1,1,-1,-1,-1,1,1,1,-1,1,-1,1,-1,1,1,-2666.0,1,2000,445,1000,True
1900,1,1,-1,-1,1,1,-1,-1,1,1,1,-1,-1,1,1,1,-1,1,-1,-1,-1,1,1,1,1,-1,-1,-1,1,1,1,1,-1,-1,-1,-1,1,1,1,1,-1,-1,-1,1,1,1,1,-1,1,1,1,1,-1,1,-1,-1,1,-1,1,1,1,-1,-1,1,1,1,1,1,-1,-1,1,1,1,1,1,-1,-1,-1,1,1,1,-1,-1,-1,1,1,1,1,-1,-1,1,1,1,1,1,-1,-1,-1,1,-1,1,1,-1,-1,1,1,1,1,1,-1,-1,-1,1,1,1,1,-1,-1,1,1,1,1,1,1,-1,-1,1,1,-1,1,1,-1,1,1,1,1,1,1,-1,1,1,1,1,1,1,-1,1,1,1,1,1,1,-1,-1,-1,1,1,1,1,-1,1,-1,1,1,-1,1,-1,1,-1,1,1,1,-1,-1,1,1,1,1,1,-1,1,-1,-1,1,-1,1,-1,1,1,1,1,1,1,1,1,1,-1,1,-1,1,-1,1,1,-1,1,-1,1,1,-1,1,-1,1,-1,1,-1,1,1,-1,-1,-1,1,1,1,1,-1,-1,1,1,-1,-1,1,-1,1,-1,-1,1,-1,1,-1,1,-1,1,-1,1,1,-1,-1,-1,1,1,-1,1,-1,1,1,1,-1,1,1,-1,1,-1,1,-1,1,-1,1,-1,1,1,-1,1,-1,-1,-1,1,1,-1,1,-1,-1,-1,1,1,-1,-1,1,1,-1,-1,1,1,-1,1,1,-1,1,1,1,1,-1,1,-1,1,1,-1,1,-1,1,1,-1,1,1,1,1,1,-1,-1,1,-1,-1,1,1,1,-1,1,1,1,-1,1,-1,-1,1,1,1,1,1,-1,1,1,1,-1,-1,1,-1,1,1,1,-1,1,1,-1,-1,1,1,1,-1,1,-1,1,1,1,-1,1,1,-1,1,1,1,-1,1,-1,-1,1,1,1,-1,1,-1,-1,-1,1,1,-1,1,-1,-1,1,-1,1,-1,1,1,-1,-1,1,1,1,-1,1,-1,-1,1,1,-1,1,-1,-1,-1,-1,-1,-1,1,1,-1,-1,1,1,-1,1,-1,-1,-1,1,1,1,1,-1,-1,1,1,1,-1,1,-1,-1,-1,-1,1,1,1,1,-1,-1,1,1,1,1,-1,-1,-1,-1,-1,1,-1,1,-1,1,-1,1,1,1,-1,-1,1,1,-1,1,-1,1,-1,-1,1,-1,1,1,-1,-1,-1,1,-1,-1,1,1,-1,-1,1,-1,1,1,-1,1,-1,1,-1,-1,1,1,-1,-1,1,-1,1,1,-1,-1,1,1,-1,1,-1,1,-1,1,-1,-1,1,-1,1,-1,1,-1,-1,1,-1,-1,-1,1,-1,-1,1,1,1,-1,1,-1,-1,1,-1,-1,1,-1,1,-1,1,-1,1,-1,1,1,-1,-1,-1,1,-1,1,-1,-1,1,-1,1,1,1,1,-1,-1,1,1,-1,1,1,1,-1,1,1,1,1,1,1,-1,1,1,1,-1,-1,-1,1,-1,-1,1,1,-1,-1,1,-1,-1,1,1,-1,1,-1,-1,-1,1,1,-1,1,1,-1,-1,-1,1,-1,1,1,-1,-1,-1,1,-1,-1,-1,-1,1,-1,1,-1,-1,-1,-1,-1,-1,1,-1,1,1,1,1,-1,1,-1,1,1,-1,-1,-1,1,-1,-1,1,-1,1,-1,-1,1,1,1,1,-1,-1,1,1,1,1,-1,1,-1,-1,1,1,1,-1,-1,-1,1,1,1,1,-1,-1,-1,1,-1,1,-1,1,-1,-1,-1,1,1,1,-1,-1,-1,-1,1,1,1,1,-1,-1,-1,1,1,1,1,-1,-1,-1,1,1,1,-1,-1,-1,-1,1,1,1,1,-1,-1,1,1,1,1,1,-1,-1,-1,1,1,-1,1,-1,-1,-1,1,1,1,1,-1,-1,1,1,1,1,-1,-1,1,1,-1,1,1,-1,-1,-1,1,1,1,1,1,-1,1,1,1,1,1,1,-1,-1,1,-1,1,-1,-1,-1,-1,1,-1,1,1,-1,-1,-1,1,-1,1,1,-1,-1,-1,1,1,1,-1,1,-1,-1,1,-1,1,-1,-1,-1,-1,1,1,-1,-1,-1,-1,-1,1,-1,1,-1,-1,-1,-1,-1,-1,-1,1,-1,-1,-1,1,-1,-1,1,-1,-1,-1,-1,-1,1,1,-1,-1,-1,-1,-1,1,-1,-1,-1,1,-1,-1,1,-1,1,-1,-1,-1,-1,-1,-1,-1,1,-1,-1,-1,1,1,-1,-1,-1,1,-1,-1,-1,-1,-1,1,-1,-1,1,-1,1,-1,-1,-1,-1,1,-1,1,1,-1,1,-1,-1,1,1,-1,-1,-1,-1,-1,-1,1,1,-1,-1,1,-1,1,1,-1,-1,-1,1,-1,1,1,-1,-1,1,-1,-1,1,1,1,-1,1,-1,1,1,1,-1,-1,1,-1,-1,1,1,1,-1,1,-1,-1,1,1,-1,1,1,-1,-1,1,1,-1,1,1,-1,-1,1,1,-1,1,1,-1,-1,1,1,1,1,1,1,-1,-1,1,1,-1,1,-1,-1,1,-1,1,1,1,1,-1,-1,1,-1,1,1,1,-1,1,1,1,1,-1,1,-1,1,1,1,1,1,1,1,-1,1,1,1,1,-1,1,-1,1,1,1,1,1,-1,1,1,1,1,-1,1,1,-1,1,1,-1,1,1,-1,-1,1,1,1,1,-1,1,-1,1,1,1,-1,-1,1,-1,1,1,1,-1,1,-1,-1,-1,1,1,-1,-1,1,-1,-1,1,1,1,-1,1,-1,-1,1,1,1,-1,-1,-1,-1,1,1,-1,-1,-1,1,-1,1,1,-1,1,1,-1,1,1,-1,-1,1,1,-1,-1,1,1,-1,1,1,-1,1,1,-1,-1,-1,-1,1,-1,-1,-1,-1,1,-1,-1,1,1,-1,1,1,-1,1,1,1,1,-1,1,-1,1,1,1,-1,-1,1,-1,-1,1,1,-1,-1,1,-1,1,1,1,-1,-1,1,-1,1,1,1,1,-1,1,-1,-1,1,1,1,-1,-1,1,-1,1,-1,1,-1,1,-1,-1,1,-2666.0,1,2000,445,1000,False
1901,-1,-1,1,1,1,1,-1,1,-1,-1,-1,1,-1,1,-1,-1,1,-1,1,1,-1,1,-1,-1,-1,1,-1,-1,1,-1,-1,-1,1,1,-1,1,1,-1,-1,-1,1,-1,1,-1,-1,-1,-1,-1,1,-1,-1,-1,1,-1,1,-1,-1,1,-1,-1,-1,1,1,1,-1,1,-1,-1,-1,-1,1,-1,-1,-1,-1,-1,-1,1,-1,-1,-1,1,1,-1,-1,-1,-1,-1,-1,1,-1,-1,-1,1,-1,-1,-1,1,-1,1,1,1,-1,-1,1,-1,-1,1,1,-1,-1,1,-1,-1,1,1,-1,-1,1,-1,-1,1,1,-1,-1,1,-1,-1,1,1,-1,-1,-1,-1,-1,1,1,1,-1,-1,-1,-1,1,1,1,-1,1,-1,-1,-1,1,-1,-1,-1,1,-1,1,1,1,-1,1,1,-1,-1,1,1,-1,1,1,-1,1,1,-1,-1,-1,-1,-1,1,1,-1,-1,1,1,-1,1,1,-1,-1,-1,-1,-1,-1,1,-1,1,-1,1,-1,1,1,-1,1,-1,1,-1,1,1,-1,-1,1,1,-1,1,1,1,-1,1,1,-1,1,1,-1,-1,-1,1,1,-1,1,-1,-1,1,1,-1,-1,1,-1,-1,-1,1,-1,-1,1,-1,1,-1,1,1,-1,1,-1,1,-1,1,-1,1,1,-1,1,-1,1,-1,-1,1,1,-1,-1,1,1,1,1,1,-1,-1,1,1,1,1,1,-1,-1,1,1,1,1,1,-1,-1,1,1,1,1,1,1,-1,1,-1,-1,1,1,1,-1,1,1,1,1,1,1,-1,1,1,1,-1,1,1,-1,1,1,1,1,-1,1,-1,1,-1,1,1,1,1,-1,1,1,1,1,1,-1,1,1,1,1,1,1,-1,-1,1,1,1,1,1,-1,1,1,1,-1,1,1,1,-1,1,1,1,1,1,-1,1,1,1,1,1,1,-1,1,1,1,1,1,1,-1,1,1,1,-1,1,1,-1,1,1,1,1,-1,1,-1,1,-1,1,-1,1,1,1,-1,-1,1,1,-1,1,-1,1,1,-1,-1,-1,-1,-1,1,1,1,-1,1,1,-1,1,1,-1,-1,1,1,1,1,1,-1,1,1,1,-1,1,1,-1,-1,-1,1,1,1,-1,-1,-1,1,-1,1,1,1,1,-1,1,-1,1,-1,1,-1,1,-1,1,1,1,1,-1,1,1,-1,1,-1,-1,1,-1,1,-1,1,-1,-1,-1,-1,1,-1,-1,1,-1,1,-1,1,-1,1,1,-1,1,-1,1,-1,1,-1,-1,1,-1,1,1,-1,-1,1,1,1,1,-1,1,-1,1,-1,1,-1,1,1,-1,1,-1,1,-1,-1,1,-1,1,-1,1,-1,1,-1,-1,-1,1,1,-1,-1,1,-1,1,1,1,1,-1,-1,-1,-1,-1,1,1,-1,-1,-1,1,-1,1,-1,-1,1,-1,-1,1,1,1,-1,-1,1,-1,-1,1,1,-1,-1,1,-1,-1,1,1,1,-1,1,-1,1,-1,-1,1,1,-1,1,1,-1,-1,1,1,1,-1,1,-1,1,-1,1,1,1,-1,-1,-1,1,-1,1,1,1,-1,-1,-1,1,1,-1,1,-1,-1,-1,1,1,1,1,-1,-1,-1,1,1,1,1,-1,-1,-1,-1,1,-1,1,-1,1,-1,-1,1,1,1,-1,-1,1,1,-1,-1,1,1,-1,-1,-1,-1,1,1,1,-1,-1,1,-1,1,1,1,-1,-1,1,-1,1,1,-1,-1,-1,-1,-1,1,1,-1,1,-1,-1,1,1,1,1,-1,1,-1,-1,1,1,-1,1,1,-1,1,1,1,1,-1,-1,1,1,1,1,1,-1,1,1,-1,1,1,1,-1,-1,1,-1,1,-1,1,-1,1,1,1,1,1,1,1,-1,1,1,1,1,1,-1,-1,1,1,1,1,-1,1,-1,1,-1,1,-1,-1,1,-1,1,-1,1,1,-1,-1,1,-1,1,1,-1,1,-1,1,1,1,-1,1,-1,-1,1,-1,-1,1,-1,1,-1,1,1,-1,1,-1,1,-1,1,1,-1,1,-1,1,-1,1,-1,1,1,-1,-1,1,1,-1,-1,1,-1,1,-1,-1,-1,-1,1,1,-1,-1,1,-1,-1,1,-1,1,1,-1,1,-1,1,-1,1,-1,-1,1,-1,1,1,-1,-1,1,1,-1,1,-1,-1,-1,1,-1,-1,-1,1,-1,-1,1,-1,1,1,-1,-1,-1,-1,-1,-1,1,-1,-1,-1,1,1,-1,1,-1,-1,1,-1,-1,-1,1,-1,-1,-1,1,1,1,1,1,-1,-1,1,1,1,1,-1,1,-1,-1,-1,1,1,-1,-1,-1,-1,-1,1,-1,-1,-1,1,-1,1,1,1,1,-1,-1,-1,-1,1,1,1,-1,1,-1,1,1,-1,1,-1,-1,1,1,1,1,-1,1,-1,-1,1,-1,1,1,-1,-1,-1,1,1,1,1,-1,-1,-1,1,1,1,1,1,-1,-1,1,1,1,1,1,-1,-1,1,1,-1,1,1,-1,-1,1,1,-1,1,-1,-1,-1,1,-1,-1,1,1,-1,-1,-1,1,-1,1,1,-1,-1,1,1,-1,1,1,-1,1,1,1,-1,1,1,-1,1,-1,1,1,1,1,-1,1,-1,1,1,1,-1,-1,1,-1,1,1,1,1,1,1,-1,1,1,-1,1,1,-1,-1,1,-1,1,-1,1,1,-1,1,-1,1,1,-1,1,-1,1,-1,1,1,1,-1,-1,-1,1,1,-1,1,1,-1,-1,-1,1,-1,1,1,-1,1,-1,1,1,1,-1,-1,-1,1,1,1,1,-1,1,1,1,1,-1,1,1,-1,1,1,1,1,1,-1,-1,-1,-1,1,1,1,1,1,1,1,-1,1,1,-1,1,-1,-1,1,1,1,-1,1,1,1,-1,1,1,-1,1,1,1,1,1,1,-1,1,1,1,1,1,1,-1,1,1,1,1,-1,1,-1,1,1,1,1,-1,1,-1,1,1,1,-1,1,1,-1,-1,1,1,-1,1,1,1,-1,1,1,-1,1,1,-1,-1,1,-2666.0,1,2000,445,1500,True
1902,-1,-1,1,1,1,1,-1,1,-1,-1,-1,1,-1,1,-1,-1,1,-1,1,1,1,-1,-1,-1,-1,1,-1,-1,-1,-1,-1,-1,1,1,-1,-1,1,-1,-1,-1,1,-1,-1,-1,-1,-1,-1,-1,1,1,-1,-1,1,-1,1,-1,-1,1,-1,-1,-1,1,1,1,-1,-1,-1,-1,-1,-1,-1,1,-1,-1,-1,-1,1,-1,1,-1,-1,1,1,-1,1,-1,-1,-1,-1,1,-1,-1,-1,-1,-1,-1,1,1,1,1,-1,-1,-1,-1,1,1,1,-1,-1,-1,-1,1,1,1,-1,-1,-1,-1,1,1,1,-1,-1,-1,-1,1,1,1,1,-1,-1,-1,1,1,1,-1,-1,-1,-1,1,1,1,1,-1,-1,-1,-1,1,1,1,-1,-1,-1,1,-1,1,1,1,-1,-1,1,1,1,1,-1,-1,1,1,-1,1,-1,-1,-1,-1,1,1,1,1,-1,-1,1,-1,-1,1,-1,-1,-1,1,1,1,1,1,-1,-1,1,1,-1,1,1,-1,-1,-1,1,-1,1,1,-1,-1,-1,1,-1,1,1,-1,1,1,1,-1,1,1,-1,1,1,1,-1,-1,1,1,-1,-1,1,-1,1,1,-1,1,-1,1,-1,1,1,-1,1,1,1,-1,-1,1,-1,-1,1,1,-1,1,1,1,1,1,1,-1,1,1,-1,1,1,-1,-1,-1,-1,-1,1,1,-1,-1,1,-1,-1,1,1,-1,-1,-1,1,-1,1,-1,1,-1,-1,1,-1,1,1,1,1,-1,-1,-1,-1,1,-1,1,-1,-1,-1,1,1,-1,1,-1,1,-1,-1,1,1,1,-1,-1,-1,1,1,-1,1,1,-1,-1,1,1,-1,1,-1,-1,-1,1,1,1,1,-1,-1,-1,1,-1,1,1,-1,-1,1,-1,-1,1,1,-1,1,1,-1,1,-1,1,-1,1,1,1,-1,1,1,-1,-1,1,1,-1,1,-1,-1,-1,1,1,-1,1,-1,-1,1,-1,1,-1,1,-1,-1,1,-1,1,-1,1,1,-1,1,-1,1,1,-1,1,-1,-1,1,1,-1,1,-1,-1,1,1,-1,-1,1,1,-1,1,-1,1,-1,1,-1,1,1,-1,1,1,1,-1,1,1,-1,1,-1,1,-1,-1,1,-1,1,1,1,1,-1,1,1,-1,1,1,-1,-1,1,-1,-1,1,-1,1,-1,-1,1,-1,1,-1,-1,-1,-1,1,-1,1,-1,1,-1,1,1,-1,1,1,-1,-1,-1,1,-1,-1,1,1,-1,-1,1,-1,1,1,-1,1,-1,1,-1,-1,1,1,-1,-1,-1,-1,1,1,-1,1,-1,1,-1,1,-1,1,-1,-1,-1,1,1,-1,1,-1,-1,-1,-1,1,-1,-1,1,-1,-1,-1,1,1,1,1,1,-1,-1,1,-1,-1,1,-1,-1,-1,1,1,1,-1,1,-1,-1,1,-1,1,-1,1,-1,-1,1,-1,1,1,1,-1,-1,-1,1,1,-1,1,-1,-1,1,1,1,1,-1,1,1,-1,1,1,1,1,1,1,1,-1,-1,-1,1,-1,-1,1,-1,1,-1,1,-1,1,-1,-1,-1,1,1,-1,1,1,-1,1,-1,1,-1,1,1,-1,1,-1,1,-1,-1,-1,-1,1,-1,1,-1,-1,-1,-1,1,-1,1,1,1,1,1,-1,-1,1,-1,1,1,-1,1,-1,1,1,-1,1,-1,1,-1,-1,1,1,1,1,1,-1,1,1,1,1,-1,1,-1,-1,1,1,1,-1,-1,-1,1,1,1,1,-1,-1,-1,1,-1,1,-1,1,1,-1,-1,1,1,-1,-1,-1,-1,-1,1,1,-1,1,1,-1,-1,1,1,1,1,1,-1,-1,1,-1,1,-1,1,-1,1,1,1,1,1,1,-1,-1,1,-1,1,-1,1,-1,-1,1,1,-1,1,1,-1,-1,1,1,1,1,1,1,-1,1,1,-1,-1,1,-1,-1,1,1,1,-1,1,-1,-1,1,-1,-1,1,1,-1,-1,1,-1,1,-1,1,1,-1,1,-1,1,-1,1,-1,-1,1,-1,1,-1,1,1,-1,1,-1,1,-1,1,1,-1,1,-1,1,-1,1,1,-1,1,1,1,1,1,-1,1,1,-1,1,1,1,1,-1,1,-1,1,-1,1,1,-1,1,1,-1,1,1,1,-1,1,1,-1,1,1,1,1,1,-1,-1,1,1,1,1,1,-1,1,-1,1,1,1,1,1,-1,1,1,1,1,1,1,-1,1,-1,1,1,1,1,1,1,1,1,1,1,1,-1,1,1,-1,1,1,-1,1,1,1,1,1,1,1,-1,1,1,1,1,1,-1,1,1,1,1,1,1,-1,-1,1,-1,1,1,1,-1,1,1,1,1,1,-1,-1,1,1,1,1,1,1,-1,1,1,-1,1,1,-1,1,1,1,1,1,1,-1,-1,1,-1,1,1,-1,1,-1,1,1,1,1,-1,-1,-1,1,1,1,1,-1,1,-1,1,1,1,1,1,-1,-1,1,1,-1,1,1,-1,-1,1,1,-1,1,-1,-1,-1,1,-1,1,1,1,-1,-1,-1,1,-1,1,1,-1,-1,1,-1,-1,1,1,-1,1,1,1,-1,1,1,-1,1,-1,-1,1,1,1,-1,1,-1,1,1,1,-1,1,-1,1,-1,1,1,-1,-1,1,-1,-1,1,-1,1,1,-1,-1,1,-1,1,1,-1,1,-1,-1,-1,1,-1,-1,1,-1,1,-1,1,-1,1,-1,-1,-1,1,1,-1,-1,1,-1,-1,-1,1,1,-1,1,-1,-1,-1,1,1,-1,1,-1,-1,1,-1,-1,-1,-1,1,-1,1,-1,-1,1,1,-1,1,1,-1,-1,1,1,-1,-1,-1,1,-1,1,1,-1,1,-1,1,-1,-1,-1,1,-1,-1,-1,-1,-1,-1,-1,1,1,-1,1,1,-1,1,1,-1,-1,-1,1,-1,1,1,1,1,-1,1,-1,1,1,1,-1,-1,1,-1,-1,1,1,1,-1,1,-1,1,1,-1,-1,-1,1,-1,-1,1,1,-1,-1,-1,1,-1,1,-1,1,-1,1,-1,-1,1,-2666.0,1,2000,445,1500,True
1903,-1,-1,1,1,1,-1,-1,1,-1,-1,-1,-1,1,1,-1,-1,1,-1,1,-1,1,-1,-1,-1,-1,1,-1,-1,-1,-1,-1,-1,1,-1,-1,-1,1,-1,-1,1,-1,-1,-1,-1,-1,-1,-1,-1,1,1,-1,-1,1,1,-1,-1,-1,1,-1,-1,1,-1,-1,1,-1,-1,-1,-1,-1,-1,-1,1,-1,-1,1,-1,-1,-1,1,-1,-1,-1,-1,-1,1,-1,-1,1,-1,-1,-1,-1,1,-1,1,-1,-1,1,1,1,-1,1,-1,-1,1,1,1,-1,1,-1,-1,1,1,1,-1,1,-1,-1,1,1,1,-1,1,1,-1,1,1,1,-1,1,1,-1,1,1,1,-1,1,1,-1,-1,1,1,-1,1,1,-1,1,1,1,1,1,1,-1,-1,-1,1,1,1,1,-1,1,1,1,1,1,1,-1,1,-1,1,1,1,-1,-1,1,1,1,-1,1,-1,1,-1,-1,1,1,1,-1,1,1,1,1,-1,1,1,1,1,-1,1,-1,1,-1,1,1,-1,1,-1,1,1,-1,1,-1,1,-1,1,-1,1,1,-1,1,-1,1,1,1,1,-1,-1,1,1,-1,-1,1,-1,1,1,-1,1,1,1,-1,1,-1,1,-1,1,1,-1,1,1,1,1,-1,1,-1,1,1,1,-1,1,1,-1,1,-1,1,-1,1,-1,1,-1,1,1,-1,1,-1,-1,1,1,1,-1,1,-1,-1,-1,-1,1,-1,-1,1,1,-1,-1,1,1,-1,1,1,-1,1,1,1,-1,-1,1,-1,1,1,-1,1,-1,1,1,-1,1,1,-1,-1,1,-1,-1,1,-1,1,-1,1,1,-1,1,1,1,-1,1,-1,-1,1,1,-1,-1,1,-1,1,1,1,1,-1,1,-1,-1,1,1,-1,1,1,-1,1,-1,1,-1,1,1,-1,1,1,1,1,1,1,-1,1,1,1,1,1,-1,-1,1,1,1,1,1,-1,-1,1,1,1,1,1,-1,-1,-1,-1,1,-1,1,1,-1,1,1,1,1,1,1,-1,-1,-1,1,1,-1,-1,-1,1,-1,-1,-1,1,-1,-1,1,-1,1,-1,1,-1,1,-1,1,1,1,1,-1,1,-1,1,1,-1,1,-1,-1,-1,-1,1,1,1,1,-1,-1,1,-1,1,1,-1,-1,1,-1,-1,1,-1,1,-1,1,-1,1,-1,1,-1,-1,1,1,-1,1,-1,1,-1,-1,1,-1,1,-1,-1,-1,-1,1,-1,-1,1,1,-1,-1,1,-1,1,1,-1,1,-1,1,-1,1,-1,1,-1,1,1,-1,1,-1,-1,-1,1,1,-1,1,-1,1,-1,1,-1,1,1,-1,1,-1,1,-1,-1,1,-1,-1,-1,1,-1,1,-1,-1,1,-1,1,-1,-1,1,-1,-1,1,-1,1,-1,-1,-1,1,-1,1,1,-1,-1,-1,1,-1,1,-1,-1,1,-1,1,1,1,1,-1,-1,1,1,-1,1,1,-1,-1,1,1,1,1,1,1,-1,1,1,1,-1,-1,1,1,-1,-1,-1,1,-1,1,1,-1,1,-1,1,-1,1,-1,-1,-1,1,1,-1,1,1,-1,1,-1,1,-1,1,1,-1,1,-1,1,-1,-1,-1,-1,1,-1,1,-1,-1,-1,-1,1,-1,1,-1,1,1,1,-1,-1,1,-1,1,1,-1,1,-1,1,-1,-1,1,-1,1,-1,-1,1,1,1,1,1,-1,1,1,1,1,-1,1,-1,-1,1,1,1,-1,-1,-1,-1,1,1,1,-1,-1,-1,1,-1,1,-1,1,1,-1,-1,1,1,1,-1,-1,-1,-1,1,1,1,1,1,-1,-1,1,1,1,1,-1,-1,-1,1,-1,1,-1,1,-1,-1,1,1,1,1,1,-1,-1,1,-1,1,1,1,-1,-1,1,1,-1,1,1,-1,-1,1,1,1,1,1,-1,1,-1,1,-1,1,1,1,1,-1,1,1,-1,1,-1,1,1,-1,1,1,1,1,-1,1,-1,1,1,1,-1,1,-1,1,-1,-1,1,1,-1,1,-1,1,-1,1,1,-1,1,-1,1,-1,1,1,1,1,-1,-1,1,1,1,-1,-1,-1,1,-1,1,1,1,1,1,-1,-1,1,1,1,-1,1,-1,-1,1,1,-1,-1,-1,1,-1,1,-1,1,-1,-1,1,-1,1,1,-1,-1,1,1,-1,1,-1,-1,-1,1,-1,-1,1,-1,-1,-1,1,-1,1,1,-1,-1,-1,-1,-1,-1,1,-1,-1,-1,1,1,-1,1,-1,1,-1,1,-1,-1,1,-1,-1,-1,1,-1,1,1,-1,-1,-1,1,-1,1,1,-1,1,-1,-1,1,1,1,-1,-1,-1,-1,-1,1,-1,-1,-1,1,-1,1,1,-1,-1,-1,1,-1,-1,1,1,-1,1,-1,-1,1,1,1,-1,1,-1,1,1,1,-1,-1,1,-1,-1,1,-1,1,-1,1,-1,-1,1,1,1,1,1,-1,-1,1,1,-1,1,1,-1,-1,1,1,1,1,1,-1,-1,1,1,1,1,-1,1,-1,1,1,-1,1,1,-1,-1,1,-1,1,1,1,1,-1,-1,1,-1,1,-1,1,-1,1,1,1,1,-1,1,-1,1,1,1,1,1,1,-1,-1,1,1,1,1,-1,1,-1,1,1,1,1,-1,1,-1,1,1,1,-1,-1,1,-1,1,1,-1,1,-1,-1,-1,1,1,1,-1,1,-1,-1,1,1,1,-1,-1,-1,-1,1,1,1,-1,1,-1,-1,-1,1,1,-1,1,-1,-1,-1,1,1,-1,1,-1,-1,1,1,1,1,1,1,-1,-1,1,1,-1,-1,1,1,1,-1,1,-1,1,-1,-1,1,1,-1,-1,1,-1,-1,-1,1,1,-1,1,1,1,1,1,-1,-1,-1,-1,1,-1,-1,-1,-1,1,-1,1,1,1,-1,1,1,-1,1,1,1,1,-1,1,-1,1,1,1,1,-1,1,-1,1,1,1,1,-1,1,-1,1,1,1,1,-1,1,-1,1,1,-1,-1,-1,1,-1,-1,1,1,-1,-1,-1,1,-1,1,-1,1,-1,1,-1,-1,1,-2666.0,1,2000,445,1500,True
1904,1,1,-1,-1,1,1,-1,1,1,1,1,-1,1,1,1,1,-1,1,-1,-1,-1,1,1,1,1,-1,1,-1,1,1,1,1,1,-1,-1,1,-1,1,1,1,-1,-1,1,1,1,1,1,-1,1,1,1,1,-1,1,-1,-1,1,-1,1,1,1,-1,-1,1,1,1,1,1,-1,-1,1,-1,1,1,1,-1,-1,-1,1,-1,1,-1,-1,-1,-1,1,1,1,-1,-1,-1,1,-1,1,1,-1,-1,1,-1,1,1,1,-1,-1,1,1,-1,1,1,-1,-1,1,-1,-1,1,1,-1,-1,1,1,-1,1,1,1,-1,1,-1,-1,1,1,1,-1,1,-1,-1,1,1,1,-1,-1,1,-1,-1,1,1,-1,1,-1,-1,1,1,1,-1,-1,1,-1,-1,1,1,-1,1,-1,-1,1,-1,1,-1,1,1,-1,1,1,-1,-1,1,-1,1,1,1,-1,1,-1,-1,1,1,1,-1,1,1,-1,1,-1,1,1,1,1,-1,1,-1,1,-1,1,1,-1,1,-1,1,1,-1,1,-1,1,-1,1,-1,1,1,-1,1,-1,1,1,1,1,-1,-1,1,1,-1,-1,1,-1,1,1,-1,1,-1,1,-1,1,-1,1,-1,1,1,-1,1,1,1,1,-1,1,-1,1,1,1,-1,1,1,-1,1,-1,1,-1,1,-1,1,-1,1,1,-1,1,-1,-1,-1,1,1,-1,1,-1,1,-1,-1,1,-1,-1,1,1,-1,-1,1,1,-1,1,1,-1,1,1,1,-1,-1,1,-1,1,1,-1,1,-1,1,1,-1,1,1,-1,-1,1,-1,-1,1,-1,1,-1,1,1,-1,1,1,1,-1,1,-1,-1,1,1,-1,-1,1,-1,-1,1,1,1,-1,1,-1,-1,1,1,-1,1,1,-1,1,-1,1,-1,-1,1,-1,1,1,1,1,1,1,-1,1,1,1,1,1,-1,-1,1,1,1,1,1,-1,-1,1,-1,1,1,1,-1,-1,1,-1,1,-1,1,1,-1,1,-1,1,1,1,1,-1,-1,1,1,1,-1,-1,-1,1,1,-1,-1,1,1,-1,1,-1,1,-1,1,-1,1,1,-1,1,1,1,-1,-1,1,-1,1,-1,1,-1,-1,1,-1,1,1,1,1,-1,1,1,-1,1,1,-1,-1,1,-1,-1,1,-1,1,-1,-1,1,-1,1,1,-1,-1,1,1,-1,1,-1,1,-1,-1,1,-1,1,-1,-1,-1,-1,1,-1,-1,1,1,-1,-1,1,-1,1,1,-1,1,-1,1,-1,1,-1,1,-1,-1,-1,-1,1,-1,-1,1,-1,1,-1,1,-1,1,-1,-1,-1,1,1,-1,1,-1,-1,-1,-1,1,-1,-1,-1,-1,-1,1,-1,1,1,-1,1,-1,-1,1,-1,-1,1,-1,-1,-1,1,-1,1,-1,1,-1,-1,1,-1,1,-1,1,-1,-1,1,-1,1,1,1,-1,-1,-1,1,1,-1,1,-1,-1,-1,1,1,1,-1,1,1,-1,1,1,1,1,1,1,1,-1,-1,1,-1,1,-1,1,-1,-1,1,1,-1,1,-1,-1,-1,1,1,-1,1,1,-1,1,-1,1,-1,1,1,-1,-1,-1,1,-1,-1,-1,-1,-1,1,1,-1,-1,-1,-1,-1,1,1,-1,1,1,1,1,1,1,-1,1,1,-1,-1,1,1,-1,-1,1,-1,-1,1,1,1,1,1,1,-1,1,-1,1,1,1,-1,-1,-1,1,1,1,1,-1,1,1,-1,1,1,1,-1,1,1,1,-1,1,-1,1,1,1,-1,1,1,1,-1,-1,1,1,1,1,1,1,-1,1,-1,1,1,1,1,1,1,-1,1,-1,1,-1,-1,1,-1,1,1,1,1,-1,1,-1,1,-1,1,1,-1,1,-1,1,1,-1,1,-1,1,-1,1,1,1,1,-1,1,1,-1,1,1,-1,-1,-1,1,-1,1,1,-1,1,-1,1,1,-1,1,1,-1,1,1,1,-1,1,-1,-1,-1,1,-1,-1,1,-1,-1,1,-1,1,-1,1,-1,-1,-1,-1,1,-1,1,-1,-1,-1,1,1,-1,1,-1,-1,-1,-1,-1,-1,1,1,-1,-1,1,1,-1,1,1,-1,-1,1,-1,1,-1,1,-1,-1,-1,-1,-1,-1,1,-1,-1,1,-1,1,-1,1,-1,-1,-1,-1,-1,-1,1,-1,-1,-1,-1,-1,1,-1,-1,1,-1,-1,1,-1,1,-1,-1,-1,-1,1,-1,1,1,-1,-1,-1,1,1,1,-1,-1,1,-1,1,-1,1,-1,1,-1,-1,1,1,1,-1,-1,-1,-1,1,-1,1,1,-1,1,-1,-1,1,1,-1,-1,-1,-1,-1,-1,1,1,-1,-1,1,-1,1,1,-1,-1,-1,1,-1,1,1,-1,-1,1,-1,-1,1,1,1,-1,1,-1,1,1,1,-1,-1,1,-1,-1,1,1,1,-1,1,-1,-1,1,1,-1,1,1,-1,-1,1,1,1,1,1,-1,-1,1,1,1,1,1,-1,-1,1,1,1,1,1,1,-1,1,1,1,-1,1,-1,-1,1,-1,1,1,1,1,-1,-1,1,-1,1,1,1,-1,1,1,1,1,-1,1,-1,1,1,1,1,1,1,-1,-1,-1,1,1,1,-1,1,-1,1,1,1,1,-1,1,-1,1,1,1,-1,-1,1,-1,1,1,-1,1,-1,-1,-1,-1,1,1,-1,1,-1,-1,1,1,1,-1,-1,-1,-1,1,1,1,-1,-1,-1,-1,-1,1,1,-1,1,-1,-1,-1,1,1,-1,1,-1,-1,1,-1,1,1,1,1,-1,-1,1,1,-1,-1,1,1,1,-1,1,-1,1,-1,-1,1,1,-1,-1,1,-1,-1,-1,1,1,-1,1,-1,1,1,1,-1,-1,-1,-1,-1,-1,-1,-1,-1,1,-1,1,1,1,-1,1,1,-1,1,1,1,1,-1,1,-1,1,1,1,1,-1,1,-1,1,1,1,1,-1,1,-1,1,1,1,1,-1,1,-1,1,1,1,-1,-1,1,-1,-1,1,1,-1,-1,-1,1,-1,1,-1,1,-1,1,-1,-1,1,-2666.0,1,2000,445,1500,True
1905,1,1,-1,-1,1,1,-1,-1,1,1,1,-1,-1,1,1,1,-1,1,1,-1,-1,-1,1,1,1,1,-1,-1,1,1,1,1,-1,-1,-1,-1,1,1,1,1,-1,-1,-1,1,1,1,1,-1,1,1,1,1,-1,1,-1,-1,1,-1,1,1,1,-1,-1,-1,1,1,1,1,-1,-1,-1,1,1,1,1,-1,-1,-1,1,-1,1,-1,-1,-1,1,1,1,1,-1,-1,-1,1,-1,1,1,-1,-1,1,1,1,1,1,-1,-1,1,1,-1,1,1,-1,-1,1,1,-1,1,1,-1,-1,1,1,-1,1,1,1,-1,1,1,-1,1,1,1,-1,1,1,-1,1,1,1,-1,-1,1,-1,1,1,1,-1,1,1,1,-1,1,1,-1,-1,-1,1,-1,1,1,-1,1,1,1,1,1,1,-1,1,1,-1,1,1,-1,-1,1,1,-1,1,1,-1,1,-1,-1,1,1,1,-1,1,1,1,1,1,1,1,1,1,-1,1,1,1,-1,1,1,-1,1,1,1,1,-1,1,-1,-1,1,1,-1,1,1,-1,1,1,1,1,1,1,-1,-1,1,1,-1,-1,1,-1,1,1,1,1,-1,1,-1,1,1,1,-1,1,1,-1,-1,1,1,-1,-1,1,-1,1,1,1,-1,1,1,-1,1,1,-1,-1,1,-1,1,-1,1,1,-1,1,-1,-1,1,1,1,-1,1,-1,-1,-1,1,1,-1,-1,1,1,-1,1,1,1,-1,1,1,-1,1,1,1,1,-1,1,-1,1,1,-1,1,-1,1,1,-1,1,1,1,1,1,-1,-1,1,-1,-1,1,1,1,-1,1,1,1,-1,1,-1,-1,1,1,1,1,1,-1,1,1,1,-1,1,1,-1,1,1,1,-1,1,1,-1,1,-1,1,1,-1,1,-1,1,1,1,-1,1,1,-1,1,1,1,-1,1,-1,-1,1,1,1,-1,1,-1,-1,1,1,1,-1,1,-1,-1,-1,-1,1,-1,1,1,-1,1,1,1,1,-1,1,-1,-1,-1,1,-1,1,-1,-1,1,-1,-1,-1,1,1,-1,1,-1,1,-1,1,-1,1,-1,1,1,1,1,-1,1,-1,1,1,-1,1,-1,-1,-1,-1,1,1,1,1,-1,-1,1,1,1,1,-1,-1,1,-1,-1,1,-1,1,-1,1,-1,1,1,1,-1,-1,1,1,-1,1,-1,1,-1,-1,1,-1,1,1,-1,-1,-1,1,-1,-1,1,1,-1,-1,1,-1,1,1,-1,1,-1,1,-1,-1,1,1,-1,1,1,-1,1,1,-1,-1,1,1,-1,1,-1,1,-1,1,-1,-1,1,-1,1,-1,1,-1,-1,1,-1,-1,-1,1,-1,-1,1,1,1,-1,1,-1,-1,1,-1,-1,1,-1,1,-1,1,1,1,-1,1,1,-1,-1,-1,1,-1,1,-1,-1,1,-1,1,1,1,1,-1,-1,1,1,-1,1,1,-1,-1,1,1,1,1,1,1,-1,1,1,1,-1,1,-1,1,-1,-1,-1,1,-1,-1,1,-1,1,-1,1,-1,1,-1,-1,-1,1,1,-1,1,1,-1,-1,1,1,-1,1,1,-1,1,-1,1,-1,-1,-1,-1,-1,-1,1,-1,-1,-1,-1,-1,-1,1,-1,1,1,1,1,-1,1,-1,1,1,-1,-1,-1,1,-1,-1,1,-1,1,-1,-1,1,1,1,1,-1,1,-1,1,1,1,-1,1,-1,1,1,1,1,-1,-1,-1,1,1,1,1,-1,1,-1,1,-1,1,-1,1,1,-1,-1,1,1,1,-1,-1,-1,-1,1,1,1,1,-1,1,-1,1,1,1,1,-1,1,-1,1,-1,1,-1,-1,1,-1,1,1,1,1,-1,1,-1,1,-1,1,1,-1,1,-1,1,1,-1,1,-1,1,1,1,1,1,1,-1,1,-1,-1,1,-1,1,-1,-1,-1,-1,1,1,-1,1,-1,-1,1,-1,1,1,-1,-1,-1,1,-1,1,1,-1,1,-1,-1,1,-1,-1,-1,-1,-1,1,-1,1,-1,-1,-1,-1,-1,-1,1,-1,-1,-1,-1,1,-1,-1,1,-1,-1,1,-1,-1,-1,-1,-1,-1,-1,-1,1,-1,-1,-1,-1,-1,-1,1,-1,-1,-1,-1,-1,-1,-1,1,-1,-1,-1,1,-1,-1,1,-1,-1,-1,-1,-1,1,1,-1,-1,-1,-1,-1,1,-1,-1,-1,-1,-1,-1,1,-1,1,-1,-1,-1,-1,-1,-1,-1,1,-1,-1,-1,1,1,-1,-1,-1,1,-1,1,-1,-1,-1,-1,-1,-1,1,1,1,-1,-1,-1,-1,1,-1,1,1,-1,1,-1,-1,1,1,-1,-1,-1,-1,-1,-1,1,1,-1,-1,1,-1,1,1,-1,-1,-1,1,-1,1,1,-1,-1,1,1,-1,1,1,1,-1,1,-1,1,1,1,-1,-1,1,-1,-1,1,1,1,-1,1,-1,-1,1,1,-1,1,1,-1,-1,1,1,-1,1,1,-1,-1,1,1,-1,1,1,-1,-1,1,1,1,1,1,1,-1,-1,1,-1,1,1,-1,-1,1,-1,1,1,1,1,-1,-1,1,-1,1,1,1,-1,1,1,1,1,-1,1,-1,1,1,1,1,1,1,1,-1,1,1,1,1,-1,1,-1,1,1,1,1,1,-1,1,1,1,1,-1,1,1,-1,1,1,-1,1,1,-1,-1,1,1,1,1,-1,1,-1,1,1,1,-1,-1,1,-1,1,1,1,-1,1,-1,-1,-1,1,1,-1,-1,1,-1,-1,1,1,-1,-1,1,-1,-1,1,1,1,-1,1,-1,-1,1,1,-1,-1,-1,1,-1,1,1,-1,1,1,-1,1,1,-1,-1,1,1,-1,-1,1,1,-1,1,1,-1,1,1,-1,-1,-1,-1,1,-1,-1,-1,-1,-1,-1,-1,1,1,-1,1,1,-1,1,1,1,1,-1,1,-1,1,1,1,1,-1,1,-1,-1,1,1,1,-1,1,-1,1,1,1,1,-1,1,-1,1,1,1,-1,-1,1,-1,-1,1,1,-1,-1,-1,1,-1,1,1,1,-1,1,-1,-1,1,-2666.0,1,2000,445,1500,True
1906,1,1,-1,-1,1,1,-1,-1,1,1,1,-1,1,1,1,1,-1,1,-1,-1,-1,-1,1,1,1,-1,-1,-1,1,1,1,1,1,-1,-1,-1,1,-1,1,1,-1,-1,-1,1,1,1,1,-1,1,1,1,1,-1,1,-1,-1,1,-1,1,1,-1,-1,-1,-1,1,1,1,1,-1,-1,-1,1,1,1,1,-1,-1,-1,1,1,1,-1,-1,-1,1,1,1,1,-1,-1,-1,1,1,1,1,-1,-1,1,1,-1,1,1,-1,-1,1,1,1,1,1,-1,-1,-1,1,1,1,1,-1,-1,1,1,1,1,1,1,-1,-1,1,1,-1,1,-1,-1,1,1,1,1,1,1,-1,1,1,1,-1,1,1,-1,1,1,1,1,1,1,-1,-1,-1,1,-1,1,1,-1,1,1,1,1,-1,1,-1,1,-1,1,1,1,-1,-1,1,1,1,-1,1,-1,1,-1,-1,1,1,1,-1,1,1,1,1,-1,1,1,1,1,1,1,-1,1,-1,1,1,-1,1,-1,1,-1,-1,1,-1,1,-1,1,-1,1,1,-1,-1,-1,1,1,1,1,-1,-1,1,1,-1,-1,1,-1,1,1,-1,1,-1,1,-1,1,-1,1,-1,1,1,-1,-1,1,1,-1,-1,1,-1,1,1,1,-1,1,1,-1,1,-1,1,-1,1,-1,1,-1,1,1,-1,1,-1,-1,-1,1,1,-1,1,-1,-1,-1,-1,1,1,-1,1,1,-1,-1,1,-1,-1,1,1,-1,1,1,1,-1,-1,1,-1,1,1,-1,1,-1,1,1,-1,1,-1,-1,-1,1,-1,-1,1,-1,1,-1,1,1,-1,1,1,1,-1,1,-1,-1,1,1,-1,-1,1,-1,1,1,-1,1,-1,1,-1,1,1,1,-1,1,1,-1,1,-1,1,-1,-1,1,-1,1,1,1,1,1,1,-1,1,1,1,1,1,-1,-1,1,1,1,1,1,-1,-1,1,1,1,1,1,-1,-1,-1,-1,1,-1,1,1,-1,1,1,1,1,1,1,-1,-1,-1,1,1,-1,-1,-1,1,-1,-1,-1,1,-1,-1,1,-1,1,-1,1,-1,1,-1,1,1,1,1,-1,1,-1,1,1,-1,1,-1,-1,-1,-1,1,1,1,1,-1,-1,1,-1,1,1,-1,-1,1,-1,-1,1,-1,1,-1,1,-1,1,-1,1,-1,-1,1,1,-1,1,-1,1,-1,-1,1,-1,1,-1,-1,-1,-1,1,-1,-1,1,1,-1,-1,-1,-1,1,1,-1,1,-1,1,-1,1,-1,1,-1,1,1,-1,1,-1,-1,-1,1,1,-1,1,-1,1,-1,1,-1,1,1,-1,1,-1,1,-1,-1,1,-1,-1,-1,1,-1,1,-1,-1,1,-1,1,-1,-1,1,-1,-1,1,-1,1,-1,1,-1,1,-1,1,1,-1,-1,-1,1,-1,1,-1,-1,1,-1,1,1,-1,1,-1,-1,1,1,-1,-1,1,-1,-1,1,1,1,1,1,1,-1,1,1,1,-1,-1,-1,1,-1,-1,-1,1,-1,1,1,-1,1,-1,1,-1,1,-1,-1,-1,1,1,-1,1,1,-1,-1,-1,1,-1,1,1,-1,1,-1,1,-1,-1,-1,-1,-1,-1,1,-1,-1,-1,-1,-1,-1,1,-1,1,1,1,1,-1,1,-1,1,1,-1,-1,-1,1,-1,-1,1,-1,1,-1,-1,1,1,1,1,-1,-1,1,1,1,1,-1,1,-1,-1,1,1,1,-1,-1,-1,1,1,1,1,-1,-1,-1,1,-1,1,-1,1,-1,-1,-1,1,1,1,-1,-1,-1,-1,1,1,1,1,-1,-1,-1,1,1,1,1,-1,-1,-1,1,-1,1,-1,-1,-1,-1,1,1,1,1,-1,1,-1,1,-1,1,1,-1,-1,-1,1,1,-1,1,-1,-1,-1,1,1,1,1,-1,-1,1,-1,1,-1,1,-1,1,1,-1,1,1,-1,-1,-1,1,1,-1,1,1,-1,1,1,1,-1,1,1,-1,-1,1,-1,1,-1,1,-1,1,-1,1,-1,1,-1,-1,-1,-1,-1,-1,1,-1,1,-1,1,1,-1,-1,1,1,1,-1,-1,-1,1,-1,-1,-1,1,1,1,-1,-1,-1,-1,1,-1,-1,1,-1,-1,-1,-1,-1,-1,1,-1,-1,-1,1,-1,-1,1,-1,-1,-1,-1,-1,1,1,-1,-1,-1,-1,-1,1,-1,-1,-1,1,-1,-1,1,-1,1,-1,-1,-1,-1,-1,-1,-1,1,-1,-1,-1,1,1,1,-1,-1,1,-1,1,-1,-1,-1,1,-1,-1,1,1,1,-1,-1,-1,-1,1,-1,1,1,-1,1,-1,-1,1,1,-1,-1,-1,-1,-1,-1,1,1,-1,-1,1,-1,1,1,-1,-1,-1,-1,-1,1,1,-1,-1,1,1,-1,1,1,1,1,-1,-1,1,1,1,-1,-1,1,-1,-1,1,1,1,-1,1,-1,-1,1,1,-1,1,1,1,-1,1,1,1,1,1,1,-1,1,1,1,1,1,1,-1,1,1,1,1,1,-1,-1,1,1,1,1,1,1,-1,1,-1,1,1,1,1,-1,-1,1,-1,1,1,1,-1,1,1,1,1,-1,1,-1,1,1,1,1,1,1,-1,-1,-1,1,1,1,-1,1,-1,1,1,1,1,-1,1,-1,1,1,1,-1,-1,1,-1,1,1,-1,1,-1,-1,-1,1,1,1,-1,1,-1,-1,1,1,1,-1,-1,-1,-1,1,1,1,-1,1,-1,-1,-1,1,1,-1,1,-1,-1,-1,1,1,-1,-1,1,-1,1,1,1,1,1,1,-1,-1,1,1,-1,-1,1,1,1,1,1,-1,1,-1,-1,1,1,-1,-1,1,-1,-1,-1,1,1,-1,1,-1,1,1,1,-1,-1,-1,-1,-1,-1,-1,-1,-1,1,-1,1,1,1,-1,1,1,-1,1,1,1,1,-1,1,-1,1,1,1,-1,-1,1,-1,1,1,1,-1,-1,1,-1,1,1,1,-1,-1,1,-1,1,1,1,1,-1,1,-1,-1,1,1,-1,-1,-1,1,-1,1,1,1,-1,1,-1,-1,1,-2666.0,1,2000,445,1500,True
1907,1,1,-1,-1,1,-1,-1,-1,1,1,1,-1,1,1,1,1,-1,1,-1,-1,-1,-1,1,1,1,-1,-1,-1,1,1,1,1,-1,-1,-1,-1,1,-1,1,1,-1,-1,-1,1,1,1,1,-1,1,1,1,1,-1,1,-1,-1,1,-1,1,1,1,-1,-1,-1,1,1,1,1,-1,-1,-1,1,1,1,1,-1,-1,-1,1,1,1,-1,-1,-1,1,1,1,1,-1,-1,-1,1,1,1,1,-1,-1,1,1,-1,1,1,-1,-1,1,1,1,1,1,-1,-1,-1,1,-1,1,1,-1,-1,1,1,1,1,1,1,-1,-1,1,1,-1,1,1,-1,1,1,1,1,1,1,-1,1,1,1,1,1,1,-1,1,1,1,1,1,1,-1,-1,-1,1,1,1,1,-1,1,1,1,1,-1,1,-1,1,-1,1,1,1,-1,-1,1,1,1,1,1,-1,1,-1,-1,1,1,1,-1,1,1,1,1,-1,1,1,1,1,-1,1,-1,1,-1,1,1,-1,1,-1,1,1,-1,1,-1,1,-1,1,-1,1,1,-1,-1,-1,1,1,1,1,-1,-1,1,1,-1,-1,1,-1,1,1,-1,1,-1,1,-1,1,-1,1,-1,1,1,-1,-1,1,-1,1,-1,1,-1,1,1,1,-1,1,1,-1,1,-1,1,-1,1,-1,1,-1,1,1,-1,1,-1,-1,1,-1,1,-1,1,-1,-1,-1,-1,1,-1,-1,1,1,-1,1,1,1,-1,1,1,-1,1,1,1,1,-1,1,-1,1,1,-1,1,-1,1,-1,1,-1,1,1,1,1,-1,-1,1,-1,-1,-1,1,1,-1,1,1,1,-1,1,1,1,1,1,1,-1,1,-1,1,1,1,-1,-1,1,-1,1,1,1,-1,1,1,-1,-1,1,1,1,-1,1,-1,1,1,1,-1,1,1,-1,1,1,1,-1,1,1,-1,1,1,1,-1,1,1,1,-1,1,1,-1,1,1,-1,1,-1,1,-1,1,1,1,-1,1,1,1,1,1,1,-1,1,1,-1,1,-1,1,-1,-1,-1,-1,1,1,1,-1,1,1,-1,1,1,-1,-1,1,1,1,1,1,-1,1,1,1,-1,1,1,1,-1,-1,1,1,1,-1,1,-1,1,1,1,1,1,1,-1,-1,-1,1,-1,-1,1,1,-1,1,1,1,1,1,1,1,-1,1,-1,-1,1,-1,1,-1,1,1,-1,1,1,1,-1,-1,1,-1,1,1,1,-1,1,1,1,-1,1,1,-1,-1,1,-1,1,1,1,-1,1,1,1,1,1,1,-1,1,-1,-1,1,1,-1,-1,1,-1,-1,1,1,-1,-1,1,-1,1,1,1,-1,-1,1,1,-1,1,1,-1,-1,1,-1,1,1,1,1,-1,1,-1,-1,-1,1,1,-1,-1,-1,1,-1,1,-1,-1,1,-1,-1,1,-1,1,-1,-1,1,-1,1,-1,1,-1,-1,1,-1,-1,1,1,1,-1,1,-1,1,-1,1,1,1,-1,-1,-1,1,-1,-1,1,1,1,-1,1,-1,1,1,1,-1,1,1,-1,1,-1,1,-1,-1,1,-1,-1,1,1,1,-1,1,-1,-1,1,1,-1,-1,1,-1,-1,1,1,-1,-1,1,-1,-1,-1,1,1,-1,1,1,-1,-1,1,-1,-1,1,-1,1,-1,1,1,-1,-1,1,-1,-1,-1,-1,-1,1,1,1,-1,1,1,-1,-1,1,-1,1,-1,-1,-1,1,1,-1,-1,-1,1,-1,1,1,-1,1,1,1,-1,-1,1,1,-1,-1,-1,-1,-1,1,-1,-1,1,-1,-1,-1,1,1,-1,-1,-1,-1,-1,1,-1,-1,1,-1,-1,-1,1,1,-1,1,-1,-1,-1,1,1,-1,-1,-1,-1,-1,1,1,1,-1,-1,-1,-1,1,1,-1,-1,-1,-1,1,-1,1,1,-1,-1,1,1,-1,1,1,-1,-1,-1,1,1,1,1,1,-1,1,-1,1,1,-1,1,-1,-1,1,-1,1,-1,1,-1,-1,1,-1,1,-1,-1,-1,-1,-1,-1,1,-1,1,1,-1,1,-1,1,-1,1,1,1,-1,1,1,-1,-1,-1,-1,1,-1,-1,-1,-1,-1,-1,1,-1,1,-1,-1,-1,-1,1,1,-1,1,-1,-1,-1,1,-1,-1,1,-1,-1,-1,-1,1,1,1,-1,-1,-1,-1,-1,1,-1,-1,-1,1,-1,-1,1,-1,1,-1,-1,-1,-1,-1,-1,-1,1,-1,-1,-1,1,1,-1,-1,-1,1,1,-1,-1,-1,-1,1,-1,-1,1,-1,1,-1,-1,-1,-1,1,-1,1,1,-1,1,-1,-1,1,1,-1,-1,-1,-1,-1,-1,1,1,-1,-1,1,-1,1,1,-1,-1,-1,1,-1,1,1,-1,-1,1,-1,-1,1,1,1,-1,1,-1,1,1,1,-1,-1,1,-1,-1,1,1,1,-1,1,-1,-1,1,1,-1,1,1,-1,-1,1,1,-1,1,1,-1,-1,1,1,-1,1,1,-1,-1,1,1,1,1,1,1,-1,-1,1,1,-1,1,-1,-1,1,-1,1,1,1,1,-1,-1,1,-1,1,1,1,-1,1,1,1,1,-1,1,-1,1,1,1,1,1,1,1,-1,1,1,1,1,-1,1,-1,1,1,1,1,1,-1,1,1,1,1,-1,1,1,-1,1,1,-1,1,1,-1,-1,1,1,1,1,-1,1,-1,1,1,1,-1,-1,1,-1,1,1,1,-1,1,-1,-1,-1,1,1,-1,-1,1,-1,-1,1,1,1,-1,1,-1,-1,1,1,1,-1,1,-1,-1,1,1,-1,-1,-1,1,-1,-1,1,-1,1,1,-1,1,1,-1,-1,1,-1,-1,-1,1,1,-1,1,1,-1,1,1,-1,-1,-1,-1,1,-1,-1,-1,-1,1,-1,-1,1,1,-1,1,1,-1,1,1,1,1,-1,1,-1,1,1,1,-1,-1,1,-1,-1,1,1,-1,-1,1,-1,1,1,1,-1,-1,1,-1,1,1,1,1,-1,1,-1,-1,1,1,-1,-1,-1,1,-1,1,1,1,-1,1,-1,-1,1,-2666.0,1,2000,445,1500,False
1908,-1,-1,1,1,1,1,-1,1,-1,-1,-1,1,-1,1,-1,-1,1,-1,1,1,-1,-1,-1,-1,-1,1,-1,-1,-1,-1,-1,-1,1,1,-1,-1,1,-1,-1,-1,1,-1,-1,-1,-1,-1,1,-1,1,1,-1,-1,1,-1,1,-1,-1,1,-1,-1,-1,1,1,1,-1,-1,-1,-1,-1,-1,-1,1,-1,-1,-1,-1,-1,-1,1,-1,-1,1,1,-1,1,-1,-1,1,-1,1,-1,-1,1,-1,-1,-1,-1,1,1,1,-1,-1,-1,-1,1,1,1,-1,-1,-1,-1,1,1,1,-1,-1,-1,-1,1,1,1,-1,-1,-1,-1,1,1,1,-1,-1,-1,-1,1,1,1,-1,-1,-1,-1,-1,1,1,1,-1,1,-1,1,1,1,1,1,-1,-1,-1,-1,1,1,-1,-1,-1,1,1,1,1,-1,1,-1,1,-1,1,1,1,-1,-1,1,1,1,-1,-1,-1,1,-1,-1,1,-1,1,-1,1,1,1,1,1,1,-1,1,1,-1,1,-1,1,-1,1,1,-1,1,-1,1,-1,-1,1,-1,1,-1,1,-1,1,1,-1,1,-1,1,-1,-1,1,-1,-1,1,1,-1,-1,1,-1,1,-1,-1,1,-1,1,-1,1,-1,1,-1,1,1,-1,-1,-1,1,1,-1,1,-1,1,1,1,-1,1,1,-1,1,-1,1,-1,1,-1,1,-1,1,1,-1,1,-1,-1,-1,1,1,-1,1,-1,-1,-1,1,1,1,-1,1,1,-1,-1,1,-1,-1,1,1,-1,1,1,1,-1,-1,1,-1,1,1,-1,1,-1,1,1,-1,1,-1,-1,-1,1,-1,-1,1,-1,1,-1,1,1,-1,1,1,1,-1,1,-1,-1,1,1,-1,-1,1,-1,1,1,-1,1,-1,1,-1,1,1,1,-1,1,1,-1,1,-1,1,-1,1,1,-1,1,1,1,1,1,1,-1,1,1,1,1,1,-1,-1,1,1,1,1,1,-1,-1,1,1,1,1,1,-1,-1,-1,-1,1,-1,1,1,-1,1,1,1,1,1,1,-1,-1,-1,1,1,-1,-1,-1,1,-1,-1,-1,1,1,-1,1,-1,1,-1,1,-1,1,-1,1,1,1,1,-1,1,-1,1,1,-1,1,-1,-1,-1,-1,1,1,1,1,-1,-1,1,-1,1,1,-1,-1,1,-1,-1,1,-1,1,-1,1,-1,1,-1,1,-1,-1,1,1,-1,1,-1,1,-1,-1,1,-1,1,-1,-1,-1,-1,1,-1,-1,1,1,-1,-1,-1,-1,1,1,-1,1,-1,1,-1,1,-1,1,-1,1,1,-1,1,-1,-1,-1,1,1,-1,1,-1,1,-1,1,-1,1,1,-1,1,-1,1,-1,-1,1,-1,-1,-1,1,-1,1,-1,-1,1,-1,1,-1,-1,1,-1,-1,1,-1,1,-1,1,-1,1,-1,1,1,-1,1,-1,1,-1,1,-1,-1,1,-1,1,1,1,1,-1,-1,1,1,-1,-1,1,-1,-1,1,1,1,1,1,1,-1,1,1,1,-1,-1,1,1,-1,-1,-1,1,-1,1,1,1,1,-1,1,-1,1,-1,-1,-1,1,1,-1,1,1,-1,1,-1,1,-1,1,1,-1,1,-1,1,-1,-1,-1,-1,1,-1,1,-1,-1,-1,-1,1,-1,1,-1,1,1,1,1,-1,1,-1,1,1,-1,1,-1,1,-1,-1,1,-1,1,-1,-1,1,1,1,1,1,-1,1,1,1,1,-1,1,-1,-1,1,1,1,-1,-1,-1,1,1,1,1,-1,-1,-1,1,-1,1,-1,1,1,-1,-1,1,1,1,-1,-1,-1,-1,1,1,1,1,1,-1,-1,1,1,1,1,-1,-1,-1,1,-1,1,-1,1,-1,1,1,1,1,1,1,-1,-1,1,-1,1,1,1,-1,-1,1,1,-1,1,1,-1,-1,1,1,1,1,1,-1,1,1,1,-1,1,1,1,1,-1,1,1,-1,1,-1,1,1,-1,1,1,1,1,1,1,-1,1,1,1,-1,1,-1,1,-1,1,1,-1,1,1,-1,1,-1,1,1,1,-1,-1,1,-1,1,1,1,1,-1,-1,1,1,1,1,-1,-1,1,-1,1,1,1,1,1,-1,-1,1,1,1,-1,-1,1,-1,1,1,-1,-1,-1,1,-1,1,1,1,-1,-1,1,-1,1,1,-1,-1,1,1,-1,1,1,-1,-1,1,-1,-1,1,-1,-1,-1,1,-1,1,1,-1,-1,-1,-1,-1,-1,1,1,-1,-1,1,1,-1,1,1,1,-1,1,-1,-1,1,1,-1,-1,1,-1,1,1,-1,-1,-1,1,-1,1,1,1,-1,-1,-1,1,1,1,1,-1,-1,-1,-1,1,-1,1,-1,1,-1,1,1,1,1,1,-1,-1,1,1,1,1,-1,1,-1,1,1,-1,1,-1,-1,1,1,1,1,-1,1,-1,-1,1,1,1,1,1,-1,-1,1,1,1,-1,1,1,-1,1,1,1,1,1,1,-1,1,1,1,1,1,1,-1,1,1,-1,1,1,-1,-1,1,1,1,1,1,1,-1,1,-1,-1,1,1,1,-1,-1,1,-1,1,1,1,-1,1,1,-1,1,1,1,-1,1,1,-1,1,1,1,-1,-1,-1,1,1,1,-1,1,-1,1,1,1,1,-1,1,-1,1,1,1,-1,-1,1,-1,1,1,-1,1,-1,-1,-1,-1,-1,1,-1,1,-1,-1,1,-1,1,-1,-1,-1,-1,1,-1,1,-1,-1,-1,-1,-1,1,1,-1,1,-1,-1,-1,-1,1,-1,1,-1,-1,1,-1,1,1,1,1,-1,-1,1,1,-1,-1,1,1,1,1,1,-1,1,-1,-1,1,1,-1,-1,1,-1,-1,-1,-1,1,-1,1,1,1,1,1,-1,-1,-1,-1,1,-1,-1,-1,-1,1,-1,1,1,1,-1,1,1,-1,1,1,1,1,-1,1,-1,1,1,1,1,-1,1,-1,1,1,1,1,-1,1,-1,1,1,1,1,-1,1,-1,1,1,1,-1,-1,1,-1,-1,1,1,-1,-1,-1,1,-1,1,1,1,-1,1,-1,-1,1,-2666.0,1,2000,445,1500,True
1909,-1,-1,1,1,1,1,-1,1,-1,-1,-1,1,-1,1,-1,-1,1,-1,1,1,-1,1,-1,-1,-1,1,-1,-1,1,-1,-1,-1,1,1,-1,1,1,-1,-1,-1,1,-1,1,-1,-1,-1,-1,-1,1,-1,1,-1,1,-1,1,-1,-1,1,-1,-1,-1,1,1,1,-1,-1,-1,-1,-1,-1,1,-1,-1,-1,-1,-1,-1,1,-1,-1,-1,1,1,-1,-1,-1,-1,1,-1,1,-1,-1,-1,-1,-1,-1,-1,1,-1,1,-1,-1,-1,-1,1,-1,-1,-1,-1,-1,-1,1,-1,1,-1,-1,-1,-1,1,-1,-1,-1,-1,-1,-1,1,-1,-1,1,-1,-1,-1,1,-1,-1,1,-1,-1,-1,-1,-1,-1,1,-1,-1,-1,1,-1,-1,-1,-1,-1,-1,-1,1,-1,1,1,-1,-1,1,-1,-1,-1,-1,-1,-1,1,1,-1,-1,-1,-1,-1,1,-1,-1,1,-1,-1,1,-1,1,-1,-1,-1,-1,1,1,-1,-1,1,-1,1,1,1,1,-1,1,-1,-1,1,1,1,-1,1,-1,-1,-1,1,1,-1,1,-1,-1,1,1,1,1,1,-1,1,1,1,1,1,-1,1,-1,-1,1,1,-1,-1,1,1,-1,1,1,1,-1,1,-1,1,1,1,1,-1,1,-1,-1,1,1,-1,1,1,-1,1,1,1,1,-1,1,-1,1,-1,1,-1,1,1,-1,1,-1,1,-1,1,1,-1,1,-1,1,-1,1,1,1,-1,1,1,1,-1,1,-1,-1,1,1,1,1,1,1,-1,-1,1,-1,1,1,-1,1,-1,1,1,1,1,-1,-1,-1,1,-1,-1,1,-1,1,-1,-1,1,-1,1,1,1,-1,1,-1,-1,1,1,-1,-1,1,-1,1,1,-1,1,-1,1,-1,1,1,1,-1,1,1,-1,-1,1,1,-1,-1,1,-1,1,1,1,1,1,1,-1,1,1,1,1,1,-1,-1,1,1,1,1,1,-1,-1,-1,1,1,1,1,-1,-1,1,-1,1,-1,1,1,-1,-1,1,1,1,1,1,-1,-1,1,1,1,-1,-1,-1,-1,-1,-1,-1,1,1,-1,-1,1,1,-1,1,-1,1,-1,1,1,1,1,-1,-1,1,1,1,-1,1,-1,-1,-1,-1,1,1,1,1,-1,-1,1,-1,1,1,-1,-1,1,-1,-1,1,-1,1,-1,-1,1,-1,1,1,-1,-1,1,1,-1,1,-1,1,-1,-1,1,-1,1,-1,-1,-1,-1,1,-1,-1,1,1,-1,-1,1,-1,1,1,-1,1,-1,1,-1,1,-1,1,-1,-1,1,-1,1,-1,-1,-1,1,1,-1,1,-1,1,-1,1,-1,1,1,1,1,-1,1,-1,-1,1,-1,-1,-1,1,-1,1,-1,1,1,-1,1,-1,-1,1,-1,-1,1,-1,1,-1,1,-1,1,-1,1,1,-1,-1,-1,1,-1,1,-1,-1,1,-1,1,1,1,1,-1,-1,1,1,-1,1,1,-1,-1,1,1,1,-1,1,1,-1,1,1,1,1,-1,-1,1,-1,1,1,-1,1,-1,1,-1,-1,1,-1,-1,1,-1,-1,1,-1,-1,-1,1,1,-1,1,1,-1,-1,1,1,-1,-1,1,-1,-1,-1,-1,-1,1,1,-1,-1,-1,-1,-1,1,1,-1,-1,1,1,1,-1,1,-1,-1,1,1,-1,1,1,-1,-1,-1,1,-1,-1,1,1,-1,1,1,1,1,1,-1,1,1,1,-1,1,1,1,-1,1,1,-1,1,1,-1,1,1,1,-1,1,1,-1,-1,1,-1,1,-1,1,-1,1,1,1,-1,1,1,-1,1,1,1,1,1,1,1,1,1,1,1,1,1,-1,1,-1,1,-1,1,1,1,1,1,1,1,1,-1,1,1,1,1,1,1,1,1,-1,1,-1,1,1,1,1,1,1,1,1,1,1,-1,1,1,1,-1,1,-1,-1,1,1,1,-1,1,1,-1,1,1,1,1,1,-1,1,1,1,1,-1,1,1,-1,-1,1,-1,-1,1,-1,1,-1,1,1,1,1,1,1,-1,1,1,-1,1,1,-1,1,1,1,-1,1,1,-1,-1,1,1,-1,1,-1,1,1,-1,-1,-1,1,1,-1,-1,1,-1,-1,1,1,-1,-1,-1,1,-1,1,1,-1,-1,-1,1,-1,1,1,1,-1,1,1,-1,1,1,-1,-1,1,-1,-1,1,1,-1,-1,1,-1,1,1,1,-1,-1,-1,-1,-1,-1,1,-1,-1,1,1,-1,1,1,1,-1,-1,-1,-1,1,-1,1,-1,1,1,1,1,1,-1,-1,1,-1,1,1,1,1,-1,-1,1,1,1,1,1,-1,-1,-1,1,-1,1,1,1,-1,1,1,1,1,1,-1,-1,1,1,1,1,1,1,-1,1,1,-1,1,-1,-1,1,1,1,1,1,1,-1,-1,1,1,1,1,-1,-1,-1,1,1,1,1,1,1,-1,1,1,1,1,1,1,-1,1,1,1,1,1,1,-1,1,1,-1,1,1,-1,-1,1,1,-1,1,1,1,-1,1,-1,1,1,1,1,-1,-1,1,-1,1,1,1,-1,1,1,-1,1,-1,1,-1,1,1,-1,1,1,1,-1,-1,-1,1,1,1,-1,1,-1,1,1,1,1,-1,1,-1,1,1,1,-1,-1,1,-1,1,1,-1,1,-1,-1,-1,1,-1,1,-1,1,-1,-1,1,-1,1,-1,-1,-1,-1,1,-1,1,-1,-1,-1,-1,-1,1,1,-1,1,-1,-1,-1,-1,1,-1,1,1,-1,1,-1,1,1,1,1,-1,-1,1,1,-1,-1,1,1,1,1,1,-1,1,-1,-1,1,1,-1,-1,1,-1,-1,-1,-1,1,-1,1,-1,1,1,1,-1,-1,1,-1,-1,-1,-1,-1,-1,1,-1,1,1,1,-1,1,1,-1,1,1,1,1,-1,1,-1,1,1,1,1,-1,1,-1,1,1,1,1,-1,1,-1,1,1,1,1,-1,1,-1,1,1,1,-1,-1,1,-1,-1,1,1,-1,-1,-1,1,-1,1,-1,1,-1,1,-1,-1,1,-2666.0,1,2000,445,1500,True
1910,-1,-1,1,1,1,1,-1,1,-1,-1,-1,1,-1,1,-1,-1,1,-1,1,1,-1,-1,-1,-1,-1,1,-1,-1,-1,-1,-1,-1,1,1,-1,-1,1,-1,-1,-1,1,-1,-1,-1,-1,-1,-1,1,-1,1,-1,-1,1,-1,1,-1,-1,1,-1,-1,-1,1,1,1,-1,-1,-1,-1,-1,-1,-1,1,-1,-1,-1,-1,-1,-1,1,-1,-1,1,1,-1,1,-1,-1,-1,-1,1,-1,-1,1,-1,-1,-1,-1,1,1,1,-1,-1,-1,-1,1,1,1,-1,-1,-1,-1,1,1,1,-1,-1,-1,-1,1,1,1,-1,-1,-1,-1,1,1,1,-1,-1,-1,-1,1,1,1,-1,-1,-1,-1,-1,1,1,1,-1,-1,-1,1,1,1,1,-1,-1,-1,-1,-1,1,1,1,-1,-1,1,1,1,1,-1,1,-1,1,-1,1,1,1,-1,-1,1,1,1,-1,1,-1,1,-1,-1,1,-1,1,-1,1,1,1,1,1,1,-1,1,1,1,1,-1,1,-1,1,1,-1,1,-1,1,-1,-1,1,-1,1,-1,1,-1,1,1,-1,1,-1,1,-1,-1,1,-1,-1,1,1,-1,-1,1,-1,1,-1,-1,1,-1,1,-1,1,-1,1,-1,1,1,-1,-1,-1,1,1,-1,1,-1,1,1,1,-1,1,1,-1,1,-1,1,-1,1,-1,1,-1,1,1,-1,1,-1,-1,-1,1,1,-1,1,-1,-1,-1,1,1,1,-1,1,1,-1,-1,1,-1,-1,1,1,-1,1,1,1,-1,-1,1,-1,1,1,-1,1,-1,1,1,-1,1,-1,-1,-1,1,-1,-1,1,-1,1,-1,1,1,-1,1,1,1,-1,1,-1,-1,1,1,-1,-1,1,-1,1,1,-1,1,-1,1,-1,1,1,1,-1,1,1,-1,1,-1,1,-1,-1,1,-1,1,1,1,1,1,1,-1,1,1,1,1,1,-1,-1,1,1,1,1,1,-1,-1,1,1,1,1,1,-1,-1,-1,-1,1,-1,1,1,-1,1,1,1,1,1,1,-1,-1,-1,1,1,-1,-1,-1,1,-1,-1,-1,1,-1,-1,1,-1,1,-1,1,-1,1,-1,1,1,1,1,-1,1,-1,1,1,-1,1,-1,-1,-1,-1,1,1,1,1,-1,-1,1,-1,1,1,-1,-1,1,-1,-1,1,-1,1,-1,1,-1,1,-1,1,-1,-1,1,1,-1,1,-1,1,-1,-1,1,-1,1,-1,-1,-1,-1,1,-1,-1,1,1,-1,-1,1,-1,1,1,-1,1,-1,1,-1,1,-1,1,-1,-1,1,-1,-1,-1,-1,-1,1,1,-1,1,-1,1,-1,1,-1,1,1,-1,1,-1,1,-1,-1,1,-1,-1,-1,1,-1,1,-1,1,1,-1,1,-1,-1,1,-1,-1,1,-1,1,-1,-1,-1,1,-1,1,1,-1,-1,-1,1,-1,1,-1,-1,1,-1,1,1,1,1,-1,-1,1,1,-1,1,1,1,-1,1,1,1,-1,1,1,-1,1,1,1,1,1,-1,1,-1,-1,-1,1,-1,1,1,-1,1,-1,1,-1,1,-1,-1,-1,1,1,-1,1,1,-1,1,-1,1,-1,1,1,-1,1,-1,1,-1,-1,-1,-1,1,-1,1,-1,-1,-1,-1,1,-1,1,-1,1,1,1,-1,-1,1,-1,1,1,-1,1,-1,1,-1,-1,1,-1,1,-1,-1,1,1,1,1,1,-1,1,1,1,1,-1,1,-1,-1,1,1,1,-1,-1,-1,1,1,1,1,-1,-1,-1,1,-1,1,-1,1,1,-1,-1,1,1,1,-1,-1,-1,-1,1,1,1,1,1,-1,-1,1,1,1,1,-1,-1,-1,1,-1,1,-1,1,-1,1,1,1,1,1,1,-1,-1,1,-1,1,1,1,-1,-1,1,1,-1,1,1,-1,-1,1,1,1,1,1,-1,1,1,1,-1,1,1,1,1,-1,1,1,-1,1,-1,1,1,-1,1,1,1,1,1,1,-1,1,-1,1,-1,1,-1,1,-1,-1,1,-1,1,1,-1,1,-1,1,1,1,-1,-1,1,-1,1,1,1,1,-1,1,-1,1,1,1,-1,-1,-1,-1,1,1,1,1,1,-1,-1,1,1,1,-1,1,-1,-1,1,1,-1,-1,-1,1,-1,1,1,1,-1,-1,1,-1,1,1,-1,-1,1,1,-1,1,1,-1,-1,1,-1,-1,1,-1,-1,-1,1,-1,1,1,-1,-1,-1,-1,-1,-1,-1,-1,-1,-1,1,1,-1,1,1,1,-1,1,-1,-1,1,-1,-1,-1,1,1,1,1,1,-1,-1,1,-1,1,1,1,-1,-1,-1,1,1,1,1,-1,-1,-1,-1,1,-1,1,-1,1,-1,1,1,1,1,1,-1,-1,1,1,1,1,-1,1,-1,1,1,-1,1,-1,-1,1,1,1,1,-1,1,-1,-1,1,1,1,1,1,-1,-1,1,1,1,-1,1,1,-1,1,1,1,1,1,1,-1,1,1,1,1,1,1,-1,1,1,-1,1,1,-1,-1,1,1,-1,1,1,1,-1,1,-1,-1,1,1,1,-1,-1,1,-1,1,1,1,-1,1,1,-1,1,1,1,-1,1,1,-1,1,1,1,-1,-1,1,1,1,1,-1,1,-1,1,1,1,1,-1,1,-1,1,1,1,-1,-1,1,-1,1,1,-1,1,-1,-1,-1,1,-1,1,-1,1,-1,-1,1,-1,1,-1,-1,-1,-1,1,-1,1,-1,1,-1,-1,-1,1,1,-1,1,-1,-1,-1,-1,1,-1,1,1,-1,1,-1,1,1,1,1,-1,-1,1,1,-1,-1,1,1,1,1,1,-1,1,-1,-1,1,1,-1,-1,1,-1,-1,-1,-1,1,-1,1,1,1,1,1,-1,-1,-1,-1,1,-1,-1,-1,-1,1,-1,1,1,1,-1,1,1,-1,1,1,1,1,-1,1,-1,1,1,1,1,-1,1,-1,1,1,1,1,-1,1,-1,1,1,1,1,-1,1,-1,1,1,1,-1,-1,1,-1,-1,1,1,-1,-1,-1,1,-1,1,-1,1,-1,1,-1,-1,1,-2666.0,1,2000,445,1500,True
1911,-1,-1,1,1,1,1,-1,1,-1,-1,-1,1,-1,1,-1,-1,1,-1,1,1,1,-1,-1,-1,-1,1,-1,-1,-1,-1,-1,-1,1,1,-1,-1,1,-1,-1,-1,1,-1,-1,-1,-1,-1,1,-1,1,1,-1,-1,1,-1,1,-1,-1,1,-1,-1,-1,1,1,1,-1,-1,-1,-1,-1,-1,-1,1,-1,-1,-1,-1,1,-1,1,-1,-1,1,1,-1,1,-1,-1,-1,-1,1,-1,-1,1,-1,-1,-1,-1,1,1,1,-1,-1,-1,-1,1,1,1,-1,-1,-1,-1,1,1,1,-1,-1,-1,-1,1,1,1,-1,-1,-1,-1,1,1,1,-1,-1,-1,-1,1,1,1,-1,-1,-1,-1,1,1,1,-1,-1,-1,-1,-1,1,1,1,1,-1,-1,1,-1,1,1,-1,-1,-1,1,1,1,1,-1,1,-1,1,-1,1,1,1,-1,-1,1,1,1,-1,-1,-1,1,-1,-1,1,-1,1,-1,1,1,1,1,1,1,-1,1,1,-1,1,-1,1,-1,1,1,-1,1,-1,1,-1,-1,1,-1,1,-1,1,-1,1,1,-1,1,-1,1,-1,-1,1,-1,-1,1,1,-1,-1,1,-1,1,-1,-1,1,-1,1,-1,1,-1,1,-1,1,1,-1,-1,-1,1,-1,-1,1,-1,1,1,1,-1,1,1,-1,1,-1,1,-1,1,-1,1,-1,1,1,-1,1,-1,-1,-1,1,1,-1,1,-1,-1,-1,1,1,1,-1,1,1,-1,-1,1,-1,-1,1,1,-1,1,1,1,-1,-1,1,-1,1,1,-1,1,-1,1,1,-1,1,-1,-1,-1,1,-1,-1,1,-1,1,-1,1,1,-1,1,1,1,-1,1,-1,-1,1,1,-1,-1,1,-1,1,1,-1,1,-1,1,-1,1,1,1,-1,1,1,-1,1,-1,1,-1,1,1,-1,1,1,1,1,1,1,-1,1,1,1,1,1,-1,-1,1,1,1,1,1,-1,-1,1,1,1,1,1,-1,-1,-1,-1,1,-1,1,1,-1,1,1,1,1,1,1,-1,-1,-1,1,1,1,-1,-1,1,-1,-1,-1,1,1,-1,1,-1,1,-1,1,-1,1,-1,1,1,1,1,-1,1,-1,1,1,-1,1,-1,-1,-1,-1,1,1,1,1,-1,-1,1,-1,1,1,-1,-1,1,-1,-1,1,-1,1,-1,1,-1,1,-1,1,-1,-1,1,1,-1,1,-1,1,-1,-1,1,-1,1,1,-1,-1,-1,1,-1,-1,1,1,-1,-1,1,-1,1,1,-1,1,-1,1,-1,1,1,1,-1,1,1,-1,1,1,-1,-1,1,1,-1,1,-1,1,-1,1,-1,1,1,-1,1,-1,1,-1,-1,1,-1,-1,-1,1,-1,-1,1,-1,1,1,1,-1,-1,1,-1,-1,1,-1,1,-1,-1,1,1,-1,1,1,-1,-1,1,1,-1,1,-1,-1,-1,1,1,1,-1,1,-1,-1,1,1,-1,-1,1,-1,-1,1,1,1,1,1,1,-1,1,1,1,-1,-1,-1,1,-1,-1,-1,1,-1,-1,1,1,1,-1,1,-1,1,-1,-1,-1,1,1,-1,1,1,-1,1,-1,1,-1,1,1,-1,1,-1,1,-1,-1,-1,-1,1,-1,1,-1,-1,-1,-1,1,-1,1,-1,1,1,1,-1,-1,1,-1,1,1,-1,1,-1,1,-1,-1,1,-1,1,-1,-1,1,1,1,1,1,-1,1,1,1,1,-1,1,-1,-1,1,1,1,-1,-1,-1,1,1,1,1,-1,-1,-1,1,-1,1,-1,1,1,-1,-1,1,1,1,-1,-1,-1,-1,1,1,1,1,1,-1,-1,1,1,1,1,-1,-1,-1,1,-1,1,-1,1,-1,1,1,1,1,1,1,-1,-1,1,-1,1,-1,1,-1,-1,1,1,-1,1,1,-1,-1,1,1,1,1,1,-1,1,1,1,-1,1,1,1,1,-1,1,1,-1,1,-1,1,1,-1,1,1,1,1,1,1,-1,1,1,1,-1,1,-1,1,-1,1,1,-1,1,1,-1,1,-1,1,1,1,-1,-1,1,-1,1,1,1,1,-1,-1,1,1,1,1,-1,-1,-1,-1,1,1,1,1,1,-1,-1,1,1,1,-1,1,-1,-1,1,1,-1,-1,-1,1,-1,1,1,1,-1,-1,1,-1,1,1,-1,-1,1,1,-1,1,1,-1,-1,1,-1,-1,1,-1,-1,-1,1,-1,1,1,-1,-1,-1,-1,-1,-1,-1,1,-1,-1,1,1,-1,1,1,1,-1,1,-1,-1,1,1,-1,-1,1,1,1,1,1,-1,-1,1,-1,1,1,1,1,-1,-1,1,1,1,1,-1,-1,-1,-1,1,-1,1,-1,1,-1,1,1,1,1,1,-1,-1,1,1,1,1,-1,1,-1,1,1,-1,1,-1,-1,1,1,1,1,-1,1,-1,-1,1,1,1,1,1,-1,-1,1,1,1,-1,1,1,-1,1,1,1,1,1,1,-1,1,1,1,1,1,1,-1,1,1,-1,1,1,-1,-1,1,1,1,1,1,1,-1,1,-1,-1,1,1,1,-1,-1,1,-1,1,1,1,-1,1,1,-1,1,1,1,-1,1,1,-1,1,1,1,-1,-1,1,1,1,1,-1,1,-1,1,1,1,1,-1,1,-1,1,1,1,-1,-1,1,-1,1,1,-1,1,-1,-1,-1,1,-1,1,-1,1,-1,-1,1,-1,1,-1,-1,-1,-1,1,-1,1,-1,-1,-1,-1,-1,1,1,-1,1,-1,-1,1,-1,1,-1,1,-1,1,-1,-1,1,1,1,1,-1,-1,1,-1,-1,-1,1,1,-1,1,-1,-1,1,-1,-1,1,1,-1,-1,1,-1,-1,-1,-1,1,-1,1,1,-1,1,-1,1,-1,-1,-1,1,-1,-1,-1,-1,1,-1,-1,1,1,-1,1,1,-1,1,1,-1,-1,-1,1,-1,1,1,1,1,-1,1,-1,-1,-1,1,-1,-1,1,-1,1,1,1,1,-1,1,-1,1,1,-1,-1,-1,1,-1,-1,1,1,-1,-1,-1,1,-1,1,-1,1,-1,1,-1,-1,1,-2666.0,1,2000,445,1500,True
1912,-1,-1,1,1,1,1,-1,1,-1,-1,-1,1,-1,1,-1,-1,1,-1,1,1,-1,-1,-1,-1,-1,1,-1,-1,-1,-1,-1,-1,1,1,-1,-1,1,-1,-1,-1,1,-1,-1,-1,-1,-1,-1,1,-1,1,-1,-1,1,-1,1,-1,-1,1,-1,-1,-1,1,1,1,-1,-1,-1,-1,-1,-1,-1,1,-1,-1,-1,-1,-1,-1,1,-1,-1,1,1,-1,1,-1,-1,1,-1,1,-1,-1,-1,-1,-1,-1,-1,1,1,-1,-1,-1,-1,-1,1,1,1,-1,-1,-1,-1,1,1,1,-1,-1,-1,-1,1,1,1,-1,-1,-1,-1,1,1,1,-1,-1,-1,-1,1,1,1,-1,-1,-1,-1,-1,1,1,-1,-1,-1,-1,1,1,1,1,1,-1,-1,-1,-1,1,1,-1,-1,-1,1,1,1,1,-1,1,-1,1,-1,1,1,1,-1,-1,1,1,1,-1,-1,-1,1,-1,-1,1,-1,1,-1,1,1,1,1,1,1,-1,1,1,-1,1,-1,1,-1,1,1,-1,1,-1,1,-1,-1,1,-1,1,-1,1,-1,1,1,-1,1,-1,1,-1,-1,1,-1,-1,1,1,-1,-1,1,-1,1,1,-1,1,-1,1,-1,1,-1,1,-1,1,1,-1,-1,-1,1,-1,-1,1,-1,1,1,1,-1,1,1,-1,1,-1,1,-1,1,-1,1,-1,1,1,-1,1,-1,-1,-1,1,1,-1,1,-1,-1,-1,1,1,1,-1,1,1,-1,-1,1,-1,-1,1,1,-1,1,1,1,-1,-1,1,-1,1,1,-1,1,-1,1,1,-1,1,-1,-1,-1,1,-1,-1,1,-1,1,-1,1,1,-1,1,1,1,-1,1,-1,-1,1,1,-1,-1,1,-1,1,1,-1,1,-1,1,-1,1,1,1,-1,1,1,-1,1,-1,1,-1,1,1,-1,1,1,1,1,1,1,-1,1,1,1,1,1,-1,-1,1,1,1,1,1,-1,-1,1,1,1,1,1,-1,-1,-1,-1,1,-1,1,1,-1,1,1,1,1,1,1,-1,-1,-1,1,1,-1,-1,-1,1,-1,-1,-1,1,1,-1,1,-1,1,-1,1,-1,1,-1,1,1,1,1,-1,1,-1,1,1,-1,1,-1,-1,-1,-1,1,1,1,1,-1,-1,1,-1,1,1,-1,-1,1,-1,-1,1,-1,1,-1,1,-1,1,-1,1,-1,-1,1,1,-1,1,-1,1,-1,-1,1,-1,1,-1,-1,-1,-1,1,-1,-1,1,1,-1,-1,-1,-1,1,1,-1,1,-1,1,-1,1,-1,1,-1,1,1,-1,-1,-1,-1,-1,1,1,-1,1,-1,1,-1,1,-1,1,1,1,1,-1,1,-1,-1,1,-1,-1,-1,1,-1,1,-1,1,1,-1,1,-1,-1,1,-1,-1,1,-1,1,-1,-1,-1,1,-1,1,1,-1,-1,-1,1,-1,1,-1,-1,1,-1,1,1,-1,1,-1,-1,1,1,-1,-1,1,-1,-1,1,1,1,1,1,1,-1,1,1,1,-1,-1,-1,1,-1,-1,-1,1,-1,-1,1,1,1,-1,1,-1,1,-1,-1,-1,1,1,-1,1,1,-1,1,-1,1,-1,1,1,-1,1,-1,1,-1,-1,-1,-1,1,-1,1,-1,-1,-1,-1,1,-1,1,-1,1,1,1,-1,-1,1,-1,1,1,-1,1,-1,1,-1,-1,1,-1,1,-1,-1,1,1,1,1,1,-1,1,1,1,1,-1,1,-1,-1,1,1,1,-1,-1,-1,1,1,1,1,-1,-1,-1,1,-1,1,-1,1,1,-1,-1,1,1,1,-1,-1,-1,-1,1,1,1,1,1,-1,-1,1,1,1,1,1,-1,-1,1,-1,1,-1,1,-1,-1,1,1,1,1,1,-1,-1,1,-1,1,1,1,-1,-1,1,1,-1,1,1,-1,-1,1,1,1,1,1,1,-1,1,1,-1,1,1,1,1,-1,1,1,-1,1,-1,1,1,-1,1,1,1,1,1,1,-1,1,1,1,-1,1,-1,1,-1,1,1,-1,1,1,-1,1,-1,1,1,1,-1,-1,1,-1,1,1,1,1,-1,-1,1,1,1,1,-1,-1,1,-1,1,1,1,1,1,-1,-1,1,1,1,-1,-1,1,-1,1,1,-1,-1,-1,1,-1,1,1,1,-1,-1,1,-1,1,1,-1,-1,1,1,-1,1,1,-1,-1,1,-1,-1,1,-1,-1,-1,1,-1,1,1,-1,-1,-1,-1,-1,-1,1,1,-1,-1,1,1,-1,1,1,1,-1,1,-1,-1,1,1,-1,-1,1,-1,1,1,1,-1,-1,1,-1,1,1,1,1,-1,-1,1,1,1,1,-1,-1,-1,-1,1,-1,1,-1,1,-1,1,1,1,1,1,-1,-1,1,1,1,1,-1,1,-1,1,1,-1,1,-1,-1,1,1,1,1,-1,1,-1,-1,1,1,1,1,1,-1,-1,1,1,1,-1,1,1,-1,1,1,1,1,1,1,-1,1,1,1,1,1,1,-1,1,1,-1,1,1,-1,-1,1,1,-1,1,1,1,-1,1,-1,-1,1,1,1,-1,-1,1,-1,1,1,1,-1,1,1,-1,1,1,1,-1,1,1,-1,1,1,1,-1,-1,1,1,1,1,-1,1,-1,1,1,1,1,-1,1,-1,1,1,1,-1,-1,1,-1,1,1,-1,1,-1,-1,-1,1,-1,1,-1,1,-1,-1,1,-1,1,-1,-1,-1,-1,1,-1,1,-1,-1,-1,-1,-1,1,1,-1,1,-1,-1,1,-1,1,-1,1,-1,-1,1,-1,1,1,1,1,-1,-1,1,1,-1,-1,1,1,1,1,1,-1,1,-1,-1,1,1,-1,-1,1,-1,-1,-1,-1,1,-1,1,-1,1,1,1,-1,-1,-1,-1,-1,-1,-1,-1,-1,1,-1,1,1,1,-1,1,1,-1,1,1,1,1,-1,1,-1,1,1,1,1,-1,1,-1,1,1,1,1,-1,1,-1,1,1,1,1,-1,1,-1,1,-1,1,-1,-1,1,-1,-1,1,1,-1,-1,-1,1,-1,1,-1,1,-1,1,-1,-1,1,-2666.0,1,2000,445,1500,True
1913,-1,-1,1,1,1,1,-1,1,-1,-1,-1,1,-1,1,-1,-1,1,-1,1,1,-1,1,-1,-1,-1,1,-1,-1,-1,-1,-1,-1,1,1,-1,1,1,-1,-1,-1,1,-1,1,-1,-1,-1,-1,-1,1,-1,-1,-1,1,-1,1,-1,-1,1,-1,-1,-1,1,1,1,-1,-1,-1,-1,-1,-1,1,-1,-1,-1,-1,-1,-1,1,-1,-1,-1,1,1,-1,-1,-1,-1,1,-1,1,1,-1,-1,-1,-1,-1,-1,-1,-1,1,-1,-1,-1,-1,-1,-1,-1,-1,-1,-1,-1,1,-1,-1,-1,-1,-1,-1,1,-1,-1,-1,-1,-1,-1,1,-1,-1,1,-1,-1,-1,-1,-1,-1,1,-1,-1,-1,-1,-1,-1,1,-1,-1,-1,1,-1,-1,-1,-1,-1,-1,-1,1,-1,-1,1,-1,-1,-1,-1,-1,-1,-1,-1,1,-1,1,-1,-1,-1,-1,-1,-1,-1,-1,1,-1,-1,-1,1,1,-1,-1,-1,-1,-1,-1,-1,-1,1,-1,-1,-1,-1,1,-1,1,-1,-1,1,-1,1,-1,1,-1,-1,-1,-1,1,-1,1,-1,-1,-1,-1,1,1,1,-1,1,-1,-1,1,1,-1,1,-1,-1,-1,1,-1,1,-1,1,-1,-1,1,1,1,-1,1,1,-1,1,1,1,-1,-1,1,-1,1,1,-1,-1,1,-1,-1,1,1,1,-1,1,-1,-1,1,-1,-1,-1,1,-1,1,1,1,-1,-1,1,-1,1,1,-1,1,-1,1,-1,-1,1,1,1,-1,1,1,-1,1,1,-1,-1,1,-1,1,1,-1,-1,-1,1,1,-1,1,1,1,-1,-1,1,1,1,-1,-1,-1,1,1,1,-1,1,-1,-1,1,1,1,1,-1,-1,-1,1,-1,1,1,-1,-1,-1,1,1,-1,1,-1,-1,1,-1,1,1,1,-1,1,1,-1,1,-1,1,-1,1,1,1,-1,1,1,-1,-1,1,1,-1,1,-1,-1,-1,1,1,1,1,-1,-1,1,-1,1,1,1,-1,-1,1,-1,1,-1,1,1,-1,1,-1,1,-1,1,1,-1,-1,1,1,-1,1,-1,-1,1,1,-1,-1,1,1,-1,1,-1,1,-1,1,-1,1,1,-1,1,-1,1,-1,1,1,-1,-1,1,1,-1,-1,1,-1,1,-1,-1,1,-1,1,1,-1,-1,1,-1,-1,1,-1,-1,1,-1,1,-1,-1,1,-1,-1,1,-1,-1,-1,1,-1,1,-1,1,-1,1,1,-1,-1,-1,-1,-1,-1,1,-1,-1,1,1,-1,-1,1,-1,1,-1,-1,1,-1,1,-1,-1,1,1,-1,-1,-1,-1,-1,-1,-1,-1,-1,1,-1,-1,1,1,-1,-1,-1,1,-1,1,1,-1,-1,-1,-1,-1,-1,-1,-1,-1,-1,1,-1,1,1,-1,-1,-1,-1,1,-1,-1,1,-1,-1,-1,1,-1,1,-1,1,-1,-1,-1,-1,1,-1,-1,-1,-1,1,-1,1,1,1,-1,-1,-1,-1,1,-1,1,-1,-1,-1,1,1,1,-1,1,1,-1,1,1,1,1,1,1,1,-1,1,1,-1,1,-1,1,-1,-1,1,-1,-1,1,-1,-1,1,-1,-1,-1,1,1,-1,1,1,-1,-1,1,1,-1,-1,1,-1,-1,-1,-1,-1,1,1,-1,-1,-1,-1,-1,1,1,-1,-1,1,1,1,-1,1,-1,-1,1,1,-1,1,1,-1,-1,-1,1,-1,-1,1,1,-1,1,1,1,1,1,-1,1,1,1,-1,1,1,1,-1,1,1,-1,1,1,-1,1,1,1,-1,1,1,-1,-1,1,-1,1,1,1,-1,1,1,1,-1,1,1,-1,1,1,1,1,1,1,1,1,1,1,1,1,1,-1,1,-1,1,-1,1,1,1,1,1,1,1,1,1,-1,1,-1,1,1,1,1,1,-1,1,-1,1,1,1,1,1,1,1,1,1,1,-1,1,1,-1,1,1,-1,-1,1,1,-1,1,1,1,-1,1,-1,1,1,1,-1,-1,1,-1,1,-1,1,1,-1,1,-1,1,-1,1,-1,1,1,-1,1,1,1,1,-1,1,-1,1,1,1,1,-1,1,-1,1,-1,1,1,-1,1,1,1,1,1,-1,1,1,-1,1,1,1,1,-1,1,-1,-1,1,1,1,-1,1,1,-1,1,1,1,-1,1,1,-1,1,1,1,1,1,-1,-1,1,1,1,1,1,-1,1,-1,1,1,1,1,1,-1,1,1,1,1,1,1,-1,1,-1,1,1,1,1,1,1,1,1,1,1,1,-1,1,1,-1,1,1,-1,1,1,1,1,1,1,1,-1,1,1,1,1,1,-1,1,1,1,1,1,1,-1,-1,1,-1,1,1,1,-1,1,1,1,1,1,-1,-1,1,1,1,1,1,1,-1,1,1,-1,1,1,-1,1,1,1,1,1,1,-1,-1,1,1,1,1,-1,1,-1,1,1,1,1,-1,-1,-1,1,1,1,1,-1,1,-1,1,1,1,1,1,-1,-1,1,1,-1,1,1,-1,-1,1,1,-1,1,-1,-1,-1,1,-1,1,1,1,-1,1,1,1,-1,1,1,-1,-1,1,1,-1,1,1,-1,1,1,1,-1,1,1,-1,1,-1,1,1,1,1,-1,1,-1,1,1,1,-1,-1,1,1,1,1,1,1,-1,1,1,1,1,-1,1,-1,1,1,-1,-1,1,-1,1,1,1,1,-1,1,1,-1,1,-1,1,-1,1,1,1,-1,1,1,1,1,1,-1,1,1,-1,-1,1,-1,1,-1,1,-1,-1,1,1,1,-1,-1,1,1,1,1,1,-1,-1,1,1,1,1,-1,1,1,1,1,1,1,-1,-1,1,1,-1,1,1,-1,-1,1,1,-1,-1,1,1,-1,-1,-1,1,1,1,-1,-1,1,1,1,-1,1,-1,-1,-1,1,1,1,1,-1,-1,1,1,1,1,1,1,-1,1,1,1,1,1,1,-1,1,1,1,1,1,-1,-1,1,-1,1,1,1,1,-1,-1,1,1,-1,1,-1,1,-1,1,1,-1,1,1,-1,1,1,-2666.0,1,2000,445,1500,True
1914,1,1,-1,-1,1,1,-1,-1,1,1,1,-1,-1,1,1,1,-1,1,-1,-1,-1,-1,1,1,1,-1,-1,-1,1,1,1,1,-1,-1,-1,-1,1,-1,1,1,-1,-1,-1,1,1,1,1,-1,1,1,1,1,-1,1,-1,-1,1,-1,1,1,1,-1,-1,-1,1,1,1,1,-1,-1,-1,1,1,1,1,-1,-1,-1,1,1,1,-1,-1,-1,1,1,1,1,-1,-1,-1,1,1,1,1,-1,-1,1,1,-1,1,1,-1,-1,1,1,1,1,1,-1,-1,1,1,1,1,1,-1,-1,1,1,1,1,1,1,-1,1,1,1,-1,1,1,-1,1,1,1,1,1,1,-1,-1,1,1,1,1,1,-1,1,1,1,1,1,1,-1,-1,-1,1,1,1,1,-1,1,1,1,1,-1,1,-1,1,-1,1,1,1,-1,-1,1,1,1,1,1,-1,1,-1,-1,1,1,1,-1,1,1,1,1,-1,1,1,1,1,-1,1,-1,1,-1,1,1,-1,1,-1,1,1,-1,1,-1,1,-1,1,-1,1,1,-1,1,-1,1,1,1,1,-1,-1,1,1,-1,-1,1,-1,1,-1,1,1,-1,1,-1,1,-1,1,-1,1,1,-1,-1,1,-1,1,-1,1,-1,1,1,1,-1,1,1,-1,1,-1,1,-1,1,-1,1,-1,1,1,-1,1,-1,-1,-1,-1,1,-1,1,-1,-1,-1,1,1,-1,-1,1,1,-1,1,1,1,-1,1,1,-1,1,1,1,1,-1,1,-1,1,1,-1,1,-1,1,1,1,-1,1,1,1,1,-1,-1,1,-1,-1,1,1,1,-1,1,1,1,-1,1,1,1,1,1,1,1,1,-1,1,1,1,-1,-1,1,-1,1,1,1,-1,1,1,-1,-1,1,1,1,-1,1,-1,1,1,1,-1,1,1,-1,1,1,1,-1,1,1,-1,1,1,1,-1,1,1,-1,-1,1,1,-1,1,1,-1,1,-1,1,-1,1,1,1,-1,1,1,1,1,1,1,-1,1,1,-1,1,1,1,-1,-1,-1,-1,1,1,1,-1,1,1,-1,1,1,-1,-1,1,1,1,1,1,-1,1,1,1,-1,1,1,1,1,-1,1,1,1,-1,1,-1,1,1,1,1,1,1,-1,-1,-1,1,-1,-1,1,1,-1,1,1,1,1,1,1,1,-1,1,-1,-1,1,-1,1,-1,1,1,1,1,1,1,-1,-1,1,-1,1,1,1,-1,1,1,1,-1,1,1,-1,-1,1,-1,1,1,1,-1,1,1,1,1,1,1,-1,1,-1,1,1,1,-1,1,1,-1,-1,1,1,-1,-1,1,-1,1,1,1,-1,-1,1,-1,-1,1,1,-1,-1,1,-1,1,1,1,1,-1,1,-1,-1,-1,1,1,-1,1,-1,1,-1,1,-1,-1,1,-1,-1,1,-1,1,-1,-1,1,-1,1,-1,1,-1,1,1,-1,-1,1,1,1,-1,1,-1,1,-1,-1,1,1,-1,-1,-1,1,-1,-1,1,1,1,-1,1,-1,1,1,1,-1,1,1,-1,-1,-1,1,-1,-1,1,-1,-1,1,1,1,-1,1,-1,-1,1,1,-1,-1,1,-1,-1,1,1,-1,-1,1,-1,-1,-1,1,1,-1,1,-1,-1,-1,1,-1,-1,1,-1,1,-1,1,1,-1,-1,1,-1,-1,-1,-1,-1,1,1,1,-1,1,1,-1,-1,1,-1,-1,-1,-1,-1,1,1,-1,-1,-1,-1,-1,1,1,-1,1,1,1,-1,-1,1,1,-1,-1,-1,-1,1,1,-1,-1,1,-1,-1,-1,1,1,-1,-1,-1,-1,-1,1,-1,-1,1,-1,-1,1,1,1,-1,1,-1,-1,-1,1,1,-1,-1,-1,-1,-1,1,1,1,-1,-1,-1,-1,1,1,-1,-1,-1,-1,1,-1,1,1,-1,-1,1,1,-1,1,1,-1,-1,-1,1,1,1,1,1,-1,1,1,1,1,-1,1,-1,-1,1,-1,1,-1,1,-1,-1,1,-1,1,-1,-1,-1,-1,1,-1,1,-1,1,1,-1,1,-1,1,-1,1,1,1,-1,-1,1,-1,-1,-1,-1,1,-1,-1,-1,-1,-1,-1,1,-1,1,-1,-1,-1,-1,1,1,-1,1,-1,-1,-1,1,-1,-1,1,-1,-1,-1,-1,1,1,1,-1,-1,-1,-1,-1,1,-1,-1,-1,1,-1,-1,1,-1,1,-1,-1,-1,-1,-1,-1,-1,1,-1,-1,-1,1,1,-1,-1,-1,-1,1,-1,-1,-1,-1,1,-1,-1,1,-1,1,-1,-1,-1,-1,1,-1,1,1,-1,1,-1,-1,1,1,-1,-1,-1,-1,-1,-1,1,1,-1,-1,1,-1,1,1,-1,-1,-1,1,-1,1,1,-1,-1,1,-1,-1,1,1,1,-1,1,-1,1,1,1,-1,-1,1,-1,-1,1,1,1,-1,1,-1,-1,1,1,-1,1,1,-1,-1,1,1,-1,1,1,-1,-1,1,1,-1,1,1,-1,-1,1,1,1,1,1,1,-1,-1,1,1,-1,1,-1,-1,1,-1,1,1,1,1,-1,-1,1,-1,1,1,1,-1,1,-1,1,1,-1,1,-1,1,1,1,1,1,1,1,-1,-1,1,1,1,-1,1,-1,1,1,1,1,1,-1,1,-1,1,1,-1,1,1,-1,1,1,-1,1,1,-1,-1,1,1,1,1,-1,1,-1,-1,1,1,-1,-1,1,-1,1,1,1,-1,1,-1,-1,-1,1,1,-1,-1,1,-1,-1,1,1,1,-1,1,-1,-1,1,1,1,-1,1,-1,-1,1,1,-1,-1,-1,1,-1,1,1,-1,1,1,-1,1,1,-1,-1,1,-1,-1,-1,1,1,-1,1,1,-1,1,1,-1,-1,-1,-1,1,-1,-1,-1,-1,1,-1,-1,1,1,-1,1,1,-1,1,1,1,1,-1,1,-1,1,1,1,1,-1,1,-1,-1,1,1,1,-1,1,-1,1,1,1,1,-1,1,-1,1,1,1,-1,-1,1,-1,-1,1,1,-1,-1,-1,1,-1,1,1,1,-1,1,-1,-1,1,-2666.0,1,2000,445,1000,False
1915,1,1,-1,-1,1,1,-1,1,1,1,1,-1,1,1,1,1,-1,1,-1,-1,1,1,1,1,1,-1,1,-1,1,1,1,1,1,1,-1,1,-1,1,1,1,-1,-1,1,1,1,1,1,-1,1,-1,1,1,-1,1,-1,-1,1,-1,1,1,-1,-1,1,-1,1,1,1,1,-1,-1,1,-1,1,1,1,-1,1,1,1,1,1,-1,-1,1,-1,1,1,1,-1,-1,-1,1,-1,1,1,-1,1,1,-1,1,1,1,-1,-1,1,-1,-1,1,1,-1,-1,1,-1,-1,1,1,-1,-1,1,-1,-1,1,1,1,-1,1,-1,-1,1,1,1,-1,1,-1,-1,1,1,1,-1,1,-1,-1,-1,1,1,-1,-1,-1,-1,-1,1,1,-1,1,1,-1,1,1,1,-1,1,1,-1,-1,1,1,-1,1,1,-1,1,1,-1,-1,1,-1,-1,1,1,-1,1,-1,1,-1,1,1,-1,1,1,-1,-1,-1,1,1,1,1,1,-1,-1,1,-1,1,1,1,-1,-1,1,1,-1,1,1,-1,1,1,-1,1,1,1,-1,1,1,1,1,1,1,1,-1,1,-1,-1,1,1,-1,-1,1,1,-1,1,1,-1,-1,1,-1,1,1,1,1,-1,1,1,-1,1,1,-1,1,1,-1,1,1,1,-1,-1,1,-1,1,-1,1,1,1,1,-1,1,-1,1,1,1,1,-1,1,-1,1,1,1,1,-1,-1,1,1,1,1,1,1,-1,1,1,-1,-1,1,1,1,-1,1,1,1,1,-1,1,-1,-1,1,1,-1,1,1,1,-1,1,1,1,-1,-1,-1,1,-1,1,1,1,1,-1,1,1,1,1,1,1,-1,1,1,1,1,1,-1,-1,1,1,1,1,1,-1,1,1,1,-1,1,1,1,-1,1,1,1,1,1,-1,1,1,-1,1,1,1,-1,1,1,1,1,1,1,-1,1,1,1,-1,1,1,-1,1,1,1,1,-1,1,-1,1,1,1,-1,1,1,1,1,1,1,1,-1,1,-1,1,1,1,-1,-1,-1,-1,1,1,1,-1,1,1,-1,1,1,-1,-1,1,1,1,1,1,-1,1,1,1,-1,1,1,1,1,-1,1,1,1,-1,1,-1,1,1,1,1,1,1,-1,-1,-1,1,-1,-1,1,1,-1,1,1,1,1,1,1,1,-1,1,-1,-1,1,-1,1,-1,1,1,1,1,1,1,-1,-1,1,-1,1,1,1,-1,1,1,1,-1,1,1,-1,-1,1,-1,1,1,1,-1,1,1,1,1,1,1,-1,1,-1,1,1,1,-1,1,1,-1,1,1,1,-1,-1,1,-1,1,1,1,-1,-1,1,-1,-1,1,1,-1,-1,1,-1,1,1,1,1,-1,1,-1,-1,1,1,1,-1,1,-1,-1,1,1,-1,-1,1,-1,-1,1,-1,1,-1,-1,1,-1,1,-1,1,-1,1,1,-1,-1,1,1,1,-1,1,-1,1,-1,-1,-1,1,-1,1,1,-1,1,-1,1,1,-1,1,-1,1,-1,1,1,1,-1,-1,-1,1,-1,1,-1,1,-1,-1,-1,1,1,-1,1,-1,-1,-1,1,1,-1,1,-1,-1,-1,1,1,-1,1,-1,-1,-1,-1,1,1,1,-1,1,-1,-1,1,-1,1,-1,-1,1,-1,1,-1,1,1,-1,-1,-1,-1,-1,1,1,-1,1,-1,-1,-1,-1,1,-1,-1,-1,1,1,1,-1,-1,-1,-1,1,1,1,-1,1,-1,1,-1,1,1,1,-1,-1,-1,-1,-1,1,-1,1,-1,-1,1,-1,1,1,-1,1,-1,-1,1,1,1,-1,1,-1,-1,-1,1,1,-1,-1,-1,-1,-1,1,1,-1,1,-1,-1,-1,1,1,1,-1,1,-1,-1,1,1,-1,-1,-1,-1,-1,1,1,1,-1,1,-1,-1,-1,-1,1,-1,1,-1,-1,1,-1,-1,1,-1,1,-1,1,1,-1,1,-1,1,-1,1,-1,-1,1,-1,1,-1,1,1,-1,1,-1,-1,-1,-1,1,-1,1,-1,1,-1,-1,1,-1,1,-1,1,-1,-1,-1,1,1,-1,-1,-1,-1,1,-1,-1,-1,-1,-1,-1,-1,-1,1,-1,-1,-1,-1,1,1,-1,1,-1,-1,-1,1,-1,-1,1,-1,-1,-1,-1,-1,1,1,-1,-1,-1,-1,-1,1,-1,-1,-1,1,-1,-1,1,-1,1,-1,-1,-1,-1,-1,-1,-1,1,-1,-1,-1,1,1,1,-1,-1,-1,1,-1,-1,-1,-1,-1,-1,-1,1,-1,1,-1,-1,-1,-1,1,-1,1,1,-1,1,-1,-1,1,1,-1,-1,-1,-1,-1,-1,1,1,-1,-1,1,-1,1,1,-1,-1,-1,1,-1,1,1,-1,-1,1,-1,-1,1,1,1,-1,1,-1,1,1,1,-1,-1,1,-1,-1,1,1,1,-1,1,-1,-1,1,1,-1,1,1,-1,-1,1,1,1,1,1,-1,-1,1,1,1,1,1,-1,-1,1,1,1,1,1,1,-1,-1,1,1,1,1,-1,-1,1,-1,1,1,1,1,-1,-1,1,-1,1,1,1,-1,1,-1,1,1,-1,1,-1,1,1,1,1,1,1,1,-1,-1,1,1,1,-1,1,-1,1,1,1,1,1,-1,1,-1,1,1,-1,1,1,-1,-1,1,-1,1,1,-1,-1,1,1,1,1,-1,1,-1,-1,1,1,-1,-1,1,-1,1,-1,1,-1,1,-1,-1,-1,1,1,-1,-1,1,-1,-1,1,-1,1,-1,1,-1,-1,-1,1,1,-1,1,-1,-1,1,1,-1,-1,1,1,-1,1,-1,-1,1,1,-1,1,1,-1,-1,1,-1,-1,-1,-1,1,-1,1,1,-1,1,-1,1,-1,1,-1,1,-1,-1,-1,-1,1,-1,-1,1,1,-1,1,1,-1,1,1,-1,-1,-1,1,-1,1,1,1,1,-1,1,-1,-1,1,1,-1,-1,1,-1,1,1,1,-1,-1,1,-1,1,1,-1,-1,-1,1,-1,-1,1,1,-1,-1,-1,1,-1,1,-1,1,-1,1,-1,-1,1,-2666.0,1,2000,445,1500,False
1916,-1,-1,1,1,1,1,-1,1,-1,-1,-1,1,-1,1,-1,-1,1,-1,1,1,-1,-1,-1,-1,-1,1,-1,-1,-1,-1,-1,-1,1,1,-1,-1,1,-1,-1,-1,1,-1,-1,-1,-1,-1,-1,1,-1,1,-1,-1,1,-1,1,-1,-1,1,-1,-1,-1,1,1,1,-1,-1,-1,-1,-1,-1,-1,1,-1,-1,-1,-1,-1,-1,1,-1,-1,1,1,-1,1,-1,-1,-1,-1,1,-1,-1,-1,-1,-1,-1,-1,1,1,-1,-1,-1,-1,-1,1,1,1,-1,-1,-1,-1,1,1,1,-1,-1,-1,-1,1,1,1,-1,-1,-1,-1,1,1,1,-1,-1,-1,-1,1,1,1,-1,-1,-1,-1,-1,1,1,-1,-1,-1,-1,1,1,1,1,-1,-1,-1,-1,-1,1,1,1,-1,-1,1,1,1,1,-1,1,-1,1,-1,1,1,1,-1,-1,1,1,1,-1,1,-1,1,-1,-1,1,-1,1,-1,1,1,1,1,1,1,-1,1,1,-1,1,-1,1,-1,1,1,-1,1,-1,1,-1,-1,1,-1,1,-1,1,-1,1,1,-1,-1,-1,1,-1,-1,1,-1,-1,1,1,-1,-1,1,-1,1,1,-1,1,-1,1,-1,1,-1,1,-1,1,1,-1,-1,-1,1,-1,-1,1,-1,1,1,1,-1,1,1,-1,1,-1,1,-1,1,-1,1,-1,1,1,-1,1,-1,-1,-1,1,1,-1,1,-1,-1,-1,-1,1,1,-1,1,1,-1,-1,1,-1,-1,1,1,-1,1,1,1,-1,-1,1,-1,1,1,-1,1,-1,1,1,-1,1,-1,-1,-1,1,-1,-1,1,-1,1,-1,1,1,-1,1,1,1,-1,1,-1,-1,1,1,-1,-1,1,-1,1,1,-1,1,-1,1,-1,1,1,1,-1,1,1,-1,1,-1,1,-1,-1,1,-1,1,1,1,1,1,1,-1,1,1,1,1,1,-1,-1,1,1,1,1,1,-1,-1,1,1,1,1,1,-1,-1,-1,-1,1,-1,1,1,-1,1,1,1,1,1,1,-1,-1,-1,1,1,-1,-1,-1,1,-1,-1,-1,1,-1,-1,1,-1,1,-1,1,-1,1,-1,1,1,1,1,-1,1,-1,1,1,-1,1,-1,-1,-1,-1,1,1,1,1,-1,-1,1,-1,1,1,-1,-1,1,-1,-1,1,-1,1,-1,1,-1,1,-1,1,-1,-1,1,1,-1,1,-1,1,-1,-1,1,-1,1,-1,-1,-1,-1,1,-1,-1,1,1,-1,-1,1,-1,1,1,-1,1,-1,1,-1,1,-1,1,-1,1,1,-1,1,-1,-1,-1,1,1,-1,1,-1,1,-1,1,-1,1,1,-1,1,-1,1,-1,-1,1,-1,-1,-1,1,-1,1,-1,-1,1,1,1,-1,-1,1,-1,-1,1,-1,1,-1,1,-1,1,-1,1,1,-1,-1,-1,1,-1,1,-1,-1,1,-1,1,1,-1,1,-1,-1,1,1,-1,-1,1,-1,-1,1,1,1,1,1,1,-1,1,1,1,-1,-1,1,1,-1,-1,-1,1,-1,1,1,-1,1,-1,1,-1,1,-1,-1,-1,1,1,-1,1,1,-1,1,-1,1,-1,1,1,-1,1,-1,1,-1,-1,-1,-1,1,-1,1,-1,-1,-1,-1,1,-1,1,-1,1,1,1,-1,-1,1,-1,1,1,-1,1,-1,1,-1,-1,1,-1,1,-1,-1,1,1,1,1,1,-1,1,1,1,1,-1,1,-1,-1,1,1,1,-1,-1,-1,1,1,1,1,-1,-1,-1,1,-1,1,-1,1,1,-1,-1,1,1,1,-1,-1,-1,-1,1,1,1,1,1,-1,-1,1,1,1,1,1,-1,-1,1,-1,1,-1,1,-1,-1,1,1,1,1,1,-1,-1,1,-1,1,-1,1,-1,-1,1,1,-1,1,1,-1,-1,1,1,1,1,1,1,-1,1,1,-1,1,1,1,1,-1,1,1,-1,1,-1,1,1,-1,1,1,1,1,1,1,-1,1,1,1,-1,1,-1,1,-1,1,1,1,-1,1,-1,1,-1,1,1,1,-1,-1,1,-1,1,1,1,1,-1,-1,1,1,1,1,-1,-1,1,-1,1,1,1,1,1,-1,-1,1,1,1,-1,1,-1,-1,1,1,-1,-1,-1,1,-1,1,1,1,-1,-1,1,-1,1,1,-1,-1,1,1,-1,1,1,-1,-1,1,-1,-1,1,-1,-1,-1,1,-1,1,1,-1,-1,-1,-1,-1,-1,1,-1,-1,-1,1,1,1,1,1,1,-1,1,-1,-1,1,-1,-1,-1,1,1,1,1,1,-1,-1,1,-1,1,1,1,1,-1,-1,1,1,1,1,-1,-1,-1,-1,1,-1,1,-1,1,-1,1,1,1,1,1,-1,-1,-1,1,1,1,-1,1,-1,1,1,-1,1,-1,-1,1,1,1,1,-1,1,-1,-1,1,-1,1,1,1,-1,-1,1,1,1,-1,1,1,-1,1,1,1,1,1,1,-1,1,1,1,1,1,1,-1,1,1,-1,1,1,-1,-1,1,1,-1,1,1,1,-1,1,-1,-1,1,1,1,-1,-1,1,-1,1,1,1,-1,1,1,-1,1,1,1,-1,1,1,-1,1,1,1,-1,-1,1,1,1,1,-1,1,-1,1,1,1,1,-1,1,-1,1,1,1,-1,-1,1,-1,1,1,-1,1,-1,-1,-1,1,-1,1,-1,1,-1,-1,1,-1,1,-1,-1,-1,-1,1,-1,1,-1,1,-1,-1,-1,1,1,-1,1,-1,-1,-1,-1,1,-1,1,-1,-1,1,-1,1,1,1,1,-1,-1,1,1,-1,-1,1,1,1,1,1,-1,1,-1,-1,1,1,-1,-1,1,-1,-1,-1,-1,1,-1,1,1,1,1,1,-1,-1,1,-1,1,-1,-1,-1,-1,1,-1,1,1,1,-1,1,1,-1,1,1,1,1,-1,1,-1,1,1,1,1,-1,1,-1,1,1,1,1,-1,1,-1,1,1,1,1,-1,1,-1,1,1,1,-1,-1,1,-1,-1,1,1,-1,-1,-1,1,-1,1,-1,1,-1,1,-1,-1,1,-2666.0,1,2000,445,1500,True
1917,1,1,-1,-1,1,1,-1,-1,1,1,1,-1,1,1,1,1,-1,1,-1,-1,1,1,1,1,1,-1,-1,-1,1,1,1,1,1,-1,-1,-1,1,1,1,1,-1,-1,1,1,1,1,1,-1,1,1,1,1,-1,1,-1,-1,1,-1,1,1,-1,-1,-1,1,1,1,1,1,-1,-1,1,1,1,1,1,-1,-1,-1,1,1,1,-1,-1,-1,1,1,1,1,-1,-1,-1,1,1,1,1,-1,-1,1,1,-1,1,1,-1,-1,1,1,1,1,1,-1,-1,1,1,1,1,1,-1,-1,1,1,1,1,1,1,-1,1,1,1,-1,1,1,-1,1,1,1,1,1,1,-1,-1,1,1,1,1,1,-1,1,1,1,1,1,1,-1,-1,-1,1,1,1,1,-1,1,-1,1,1,-1,1,-1,1,-1,1,1,1,-1,-1,1,1,1,1,1,-1,1,-1,-1,1,-1,1,-1,1,1,1,1,1,1,1,1,1,-1,1,-1,1,-1,1,1,-1,1,-1,1,1,-1,1,-1,1,-1,1,-1,1,1,-1,1,-1,1,1,1,1,-1,-1,1,1,-1,-1,1,-1,1,-1,-1,1,-1,1,-1,1,-1,1,-1,-1,1,-1,-1,-1,1,1,-1,1,-1,1,1,1,-1,1,1,-1,1,-1,1,-1,1,-1,1,-1,1,1,-1,1,-1,-1,-1,1,1,-1,1,-1,-1,-1,1,1,-1,-1,1,1,-1,-1,1,1,-1,1,1,-1,1,1,1,1,-1,1,-1,1,1,-1,1,-1,1,1,-1,1,1,1,1,1,-1,-1,1,-1,-1,1,1,1,-1,1,1,1,-1,1,-1,-1,1,1,1,1,1,-1,1,1,1,-1,1,1,-1,1,1,1,-1,1,1,-1,-1,1,1,1,-1,1,-1,1,1,1,-1,1,1,-1,1,1,1,-1,1,-1,-1,1,1,1,-1,1,-1,-1,-1,1,1,-1,1,-1,-1,1,-1,1,-1,1,1,-1,-1,1,1,1,-1,1,-1,-1,1,1,-1,1,-1,-1,-1,-1,-1,-1,1,1,-1,-1,1,1,-1,1,-1,-1,-1,1,1,1,1,-1,-1,1,1,1,-1,1,-1,-1,-1,-1,1,1,-1,1,-1,-1,1,1,1,-1,-1,-1,1,-1,-1,1,-1,1,-1,-1,1,-1,1,-1,-1,-1,1,1,-1,1,-1,1,-1,-1,1,-1,1,-1,-1,-1,-1,1,-1,-1,1,1,-1,-1,1,-1,1,1,-1,1,-1,1,-1,-1,1,1,-1,-1,1,-1,1,1,-1,-1,1,1,-1,1,-1,1,-1,1,-1,-1,1,-1,1,-1,1,-1,-1,1,1,-1,-1,1,-1,-1,1,1,1,-1,1,-1,-1,1,1,-1,1,-1,1,-1,1,1,1,-1,1,1,-1,-1,1,1,-1,1,-1,-1,1,1,1,1,1,1,-1,-1,1,1,-1,1,1,-1,-1,1,1,1,-1,1,1,-1,1,1,1,1,1,1,1,-1,-1,1,1,-1,-1,1,1,-1,1,1,-1,1,-1,-1,-1,1,1,-1,1,1,-1,1,-1,1,-1,1,1,-1,-1,-1,1,-1,-1,-1,-1,1,-1,1,-1,-1,-1,-1,-1,-1,1,-1,1,1,1,1,-1,1,-1,1,1,-1,-1,-1,1,-1,-1,1,-1,1,-1,-1,1,1,1,1,-1,-1,1,1,1,1,-1,1,-1,-1,1,1,1,-1,-1,-1,1,1,1,1,-1,-1,-1,1,-1,1,-1,1,-1,-1,-1,1,1,1,-1,-1,-1,1,1,1,1,1,-1,-1,-1,1,1,1,1,-1,-1,-1,1,1,1,-1,-1,-1,1,1,1,1,1,-1,-1,-1,1,1,1,1,-1,-1,-1,1,1,-1,1,-1,-1,-1,1,1,1,1,-1,-1,1,1,1,1,-1,-1,1,1,-1,1,1,-1,-1,-1,1,1,1,1,1,-1,1,1,1,1,1,-1,-1,-1,1,-1,1,-1,-1,-1,-1,1,-1,1,1,-1,-1,-1,1,-1,1,1,-1,-1,-1,1,1,1,1,-1,-1,-1,1,-1,1,1,-1,-1,-1,1,1,-1,-1,-1,-1,-1,1,-1,1,-1,-1,-1,-1,-1,-1,-1,1,-1,-1,-1,1,-1,-1,1,-1,-1,-1,-1,-1,1,1,-1,-1,-1,-1,-1,1,-1,-1,-1,1,-1,-1,1,-1,1,-1,-1,-1,-1,-1,-1,-1,1,-1,-1,-1,1,1,1,-1,-1,1,-1,-1,-1,-1,-1,1,-1,-1,1,1,1,-1,-1,-1,-1,1,-1,1,1,-1,1,-1,-1,1,1,-1,-1,-1,-1,-1,-1,1,1,-1,-1,1,-1,1,1,-1,-1,-1,1,-1,1,1,-1,-1,1,-1,-1,1,1,1,-1,1,-1,1,1,1,-1,-1,1,-1,-1,1,-1,1,-1,1,-1,-1,1,1,-1,1,1,-1,-1,1,1,1,1,1,-1,-1,1,1,1,1,1,-1,-1,1,1,1,1,-1,1,-1,-1,1,1,-1,1,-1,-1,1,-1,1,1,1,1,-1,-1,1,-1,1,1,1,-1,1,1,1,1,-1,1,-1,1,1,1,1,1,1,1,-1,1,1,1,1,-1,1,-1,1,1,1,1,1,-1,1,1,1,1,-1,1,1,-1,1,1,-1,1,1,-1,-1,1,1,1,1,-1,1,-1,1,1,1,-1,-1,1,-1,1,1,1,-1,1,-1,-1,-1,1,1,-1,-1,1,-1,-1,1,1,-1,-1,1,-1,-1,1,1,1,-1,1,-1,-1,1,1,-1,-1,-1,1,-1,1,1,-1,1,1,-1,-1,1,-1,-1,1,1,1,-1,1,1,-1,1,1,-1,1,1,-1,-1,-1,-1,1,-1,-1,-1,-1,-1,1,-1,1,1,-1,1,1,-1,1,-1,1,1,-1,1,-1,1,1,1,1,-1,1,-1,1,-1,1,1,-1,1,-1,1,-1,1,1,-1,1,-1,1,1,-1,-1,-1,1,-1,1,1,1,-1,-1,-1,-1,1,-1,-1,1,-1,1,-1,1,-1,-2666.0,1,2000,445,0,False
1918,1,1,-1,-1,1,1,-1,1,1,1,1,-1,1,1,1,1,-1,1,-1,-1,1,1,1,1,1,-1,-1,-1,1,1,1,1,-1,-1,-1,1,-1,1,1,1,-1,-1,1,1,1,1,1,-1,1,-1,1,1,-1,1,-1,-1,1,-1,1,1,1,-1,-1,-1,1,1,1,1,-1,-1,1,-1,1,1,1,-1,-1,1,-1,1,1,-1,-1,-1,-1,1,1,1,-1,-1,-1,1,-1,1,1,-1,-1,1,-1,1,1,1,-1,-1,1,-1,-1,1,1,-1,-1,1,-1,-1,1,1,-1,-1,1,-1,-1,1,1,1,-1,-1,-1,-1,1,1,1,-1,1,-1,-1,1,1,1,-1,-1,-1,-1,-1,1,1,-1,1,-1,-1,-1,1,1,-1,-1,1,-1,1,1,1,-1,1,-1,-1,-1,1,1,-1,1,1,-1,1,1,-1,-1,1,-1,-1,1,1,-1,1,-1,1,-1,1,1,-1,1,1,-1,-1,-1,1,1,1,1,1,-1,-1,1,-1,1,1,1,-1,-1,1,1,-1,1,1,-1,1,1,-1,1,1,1,-1,1,1,1,1,1,1,1,-1,1,-1,-1,1,1,-1,-1,1,1,1,1,1,-1,-1,1,-1,1,1,1,1,-1,1,1,-1,1,1,-1,1,1,-1,1,1,1,-1,-1,1,-1,1,-1,1,1,1,1,-1,1,-1,1,1,1,1,-1,1,-1,1,1,1,1,-1,-1,1,1,1,1,1,1,-1,1,1,-1,-1,1,1,-1,-1,1,1,1,1,-1,1,-1,1,1,1,-1,1,-1,-1,1,1,1,1,-1,1,-1,1,-1,1,1,1,1,-1,1,1,1,1,1,-1,-1,1,1,1,1,1,1,-1,1,1,1,1,1,-1,1,1,1,-1,1,1,-1,1,1,1,1,1,1,1,1,1,-1,1,1,1,1,1,1,1,1,1,1,1,1,1,1,-1,1,1,1,1,1,1,1,-1,1,-1,1,-1,1,-1,1,1,1,1,-1,1,1,-1,1,-1,1,1,1,-1,-1,-1,-1,1,1,1,-1,1,1,-1,1,1,-1,-1,1,1,1,1,1,-1,1,1,1,1,1,1,1,1,-1,1,-1,-1,-1,1,-1,1,-1,-1,1,1,1,-1,-1,-1,1,-1,1,1,1,-1,1,-1,1,1,1,1,1,-1,1,-1,-1,1,-1,1,-1,-1,-1,1,1,1,1,-1,-1,1,-1,1,1,1,-1,1,-1,1,-1,1,1,-1,-1,1,-1,1,1,1,-1,-1,-1,1,1,1,1,-1,-1,1,1,1,1,-1,1,-1,1,-1,1,1,-1,-1,-1,-1,1,1,1,-1,1,-1,1,-1,1,1,-1,-1,1,-1,1,1,1,1,-1,1,-1,-1,-1,1,1,-1,-1,-1,1,-1,1,-1,-1,1,-1,-1,1,-1,1,-1,-1,-1,-1,1,-1,1,-1,-1,1,-1,-1,1,1,1,-1,1,-1,1,-1,-1,-1,1,-1,1,1,-1,-1,1,1,1,-1,1,-1,1,-1,1,1,1,-1,-1,-1,-1,-1,1,-1,1,-1,-1,-1,1,1,-1,1,-1,-1,-1,1,1,-1,1,-1,-1,1,1,1,-1,1,-1,-1,-1,-1,1,1,1,-1,1,-1,-1,1,-1,1,-1,-1,1,1,1,-1,1,1,-1,-1,-1,-1,-1,1,1,-1,-1,-1,1,-1,1,1,-1,-1,-1,-1,1,1,-1,-1,-1,-1,-1,1,1,-1,1,-1,1,1,1,1,1,-1,-1,-1,-1,-1,1,-1,1,-1,-1,1,-1,1,1,-1,1,-1,-1,1,1,1,-1,1,-1,1,-1,1,1,-1,1,-1,1,-1,1,1,-1,1,-1,-1,-1,1,1,1,-1,1,-1,-1,1,1,-1,-1,-1,-1,-1,1,1,-1,-1,1,-1,-1,-1,-1,1,-1,1,-1,-1,1,-1,-1,1,-1,1,-1,1,1,-1,1,-1,1,-1,1,-1,-1,1,-1,1,-1,1,1,-1,1,-1,-1,-1,-1,1,-1,1,-1,1,-1,-1,1,-1,1,-1,1,-1,-1,-1,1,1,-1,-1,-1,-1,1,-1,-1,-1,-1,-1,-1,-1,-1,1,-1,-1,-1,-1,1,1,-1,1,-1,-1,-1,1,-1,-1,1,-1,-1,-1,-1,-1,1,1,-1,-1,-1,-1,-1,1,-1,-1,-1,1,-1,-1,1,-1,1,-1,-1,-1,-1,-1,-1,-1,1,-1,-1,-1,1,1,-1,-1,-1,-1,1,-1,-1,-1,-1,-1,-1,-1,1,-1,1,-1,-1,-1,-1,1,-1,1,1,-1,1,-1,-1,1,1,-1,-1,-1,-1,-1,-1,1,1,-1,-1,1,-1,1,1,-1,-1,-1,1,-1,-1,1,-1,-1,1,-1,-1,1,1,1,-1,1,-1,1,1,1,-1,-1,1,-1,-1,1,1,1,-1,1,-1,-1,1,1,-1,1,1,-1,-1,1,1,1,1,1,-1,-1,1,1,-1,1,1,-1,-1,1,1,1,1,-1,1,-1,1,1,1,-1,1,-1,-1,1,-1,1,1,1,1,-1,-1,1,-1,1,-1,1,-1,1,1,1,1,-1,1,-1,1,1,1,1,1,1,1,-1,1,1,1,1,-1,1,-1,1,1,1,1,-1,1,1,1,1,1,-1,-1,1,1,1,1,-1,1,-1,1,1,-1,1,1,-1,1,-1,1,1,1,1,-1,-1,-1,-1,1,1,1,-1,1,-1,1,1,1,1,-1,1,-1,1,-1,1,1,-1,1,-1,1,-1,1,1,1,1,1,-1,1,1,1,-1,-1,1,-1,1,1,1,-1,1,-1,1,1,1,-1,-1,1,-1,1,1,1,1,-1,1,-1,1,1,1,-1,-1,-1,-1,-1,-1,-1,-1,-1,1,-1,1,1,1,-1,1,1,-1,-1,1,1,1,-1,1,-1,1,1,1,1,-1,1,-1,1,1,1,1,-1,1,-1,1,1,1,1,-1,1,-1,1,-1,-1,-1,-1,1,-1,-1,1,1,-1,-1,-1,1,-1,1,-1,1,-1,1,-1,-1,1,-2666.0,1,2000,445,1000,True
1919,1,1,-1,-1,1,1,-1,-1,1,1,1,-1,1,1,1,1,-1,1,-1,-1,-1,1,1,1,1,-1,1,-1,1,1,1,1,1,-1,-1,1,1,-1,1,1,-1,-1,1,1,1,1,1,-1,1,1,1,1,-1,1,-1,-1,1,-1,1,1,1,-1,-1,1,1,1,1,1,-1,-1,1,1,1,1,1,-1,-1,-1,1,1,1,-1,-1,-1,1,1,1,1,-1,-1,-1,1,1,1,1,-1,-1,1,1,-1,1,1,-1,-1,1,1,1,1,1,-1,-1,-1,1,1,1,1,-1,-1,1,1,1,1,1,1,-1,-1,1,1,-1,1,1,-1,1,1,1,1,1,1,-1,1,1,1,1,1,1,-1,1,1,1,1,1,1,-1,-1,-1,1,1,1,1,-1,1,1,1,1,-1,1,-1,1,-1,1,1,1,-1,-1,1,1,1,1,1,-1,1,-1,-1,1,-1,1,-1,1,1,1,1,1,1,1,1,1,-1,1,-1,1,-1,1,1,-1,1,-1,1,1,-1,1,-1,1,-1,1,-1,1,1,-1,-1,-1,1,1,1,1,-1,-1,1,1,-1,-1,1,-1,1,-1,1,1,-1,1,-1,1,-1,1,-1,1,1,-1,-1,-1,1,1,-1,1,-1,1,1,1,-1,1,1,-1,1,-1,1,-1,1,-1,1,-1,1,1,-1,1,-1,-1,-1,1,1,-1,1,-1,-1,-1,1,1,-1,-1,1,1,-1,-1,1,1,-1,1,1,-1,1,1,1,1,-1,1,-1,1,1,-1,1,-1,1,1,-1,1,1,1,1,1,-1,-1,1,-1,-1,-1,1,1,-1,1,1,1,-1,1,-1,-1,1,1,1,-1,1,-1,1,1,1,-1,-1,1,-1,1,1,1,-1,1,1,-1,-1,1,1,1,-1,1,-1,1,1,1,-1,1,1,-1,1,1,1,-1,1,-1,-1,1,1,1,-1,1,-1,-1,-1,1,1,-1,1,-1,-1,1,-1,1,-1,1,1,-1,-1,1,1,1,1,1,-1,-1,1,1,-1,1,-1,-1,-1,-1,-1,-1,1,1,-1,-1,1,1,-1,1,-1,1,-1,1,1,1,1,-1,-1,1,1,1,-1,1,-1,-1,-1,-1,1,1,1,1,-1,-1,1,1,1,1,-1,-1,-1,-1,-1,1,-1,1,-1,1,-1,1,1,1,-1,-1,1,1,-1,1,-1,1,-1,-1,1,-1,1,1,-1,-1,-1,1,-1,-1,1,1,-1,-1,1,-1,1,1,-1,1,-1,1,-1,-1,1,1,-1,1,1,-1,1,1,-1,-1,1,1,-1,1,-1,1,-1,1,-1,-1,1,-1,1,-1,1,-1,-1,1,-1,-1,-1,1,-1,-1,1,-1,1,-1,1,-1,-1,1,-1,-1,1,-1,1,-1,1,1,1,-1,1,1,-1,-1,1,1,-1,1,-1,-1,1,-1,1,1,1,1,-1,-1,1,1,-1,1,1,-1,-1,1,1,1,1,1,1,-1,1,1,1,-1,1,1,1,-1,-1,-1,1,-1,-1,1,-1,-1,1,1,-1,1,-1,-1,-1,1,1,-1,1,1,-1,1,-1,1,-1,1,1,-1,-1,-1,1,-1,-1,-1,-1,-1,-1,1,-1,-1,-1,-1,-1,-1,1,-1,1,1,1,1,-1,1,-1,1,1,-1,-1,-1,1,-1,-1,1,-1,-1,-1,-1,1,1,1,1,-1,-1,1,1,1,1,-1,1,-1,-1,1,1,1,-1,-1,-1,1,1,1,1,-1,-1,-1,1,-1,1,-1,1,1,-1,-1,1,1,1,-1,-1,-1,1,1,1,1,1,-1,-1,-1,1,1,1,1,-1,-1,-1,1,-1,1,-1,-1,-1,-1,1,1,1,1,-1,-1,1,1,1,1,1,-1,-1,-1,1,1,-1,1,-1,-1,-1,1,1,1,1,-1,-1,1,1,1,1,1,-1,1,1,-1,1,1,-1,-1,-1,1,1,1,1,1,-1,1,1,1,1,1,1,-1,-1,1,-1,1,-1,-1,-1,-1,1,-1,1,1,-1,-1,-1,1,-1,1,1,-1,1,-1,1,1,1,-1,1,1,-1,1,-1,1,-1,-1,-1,-1,1,1,-1,-1,-1,-1,-1,1,-1,1,-1,-1,-1,-1,-1,-1,-1,1,-1,-1,-1,1,-1,-1,1,-1,-1,-1,-1,-1,1,1,-1,-1,-1,-1,-1,1,-1,-1,-1,1,-1,-1,1,-1,1,-1,-1,-1,-1,-1,-1,-1,1,-1,-1,-1,1,1,-1,-1,-1,-1,1,-1,-1,-1,-1,1,-1,-1,1,1,1,-1,-1,-1,-1,1,-1,1,1,-1,1,-1,-1,1,1,-1,-1,-1,-1,-1,-1,1,1,-1,-1,1,-1,1,1,-1,-1,-1,1,-1,-1,1,-1,-1,1,-1,-1,1,1,1,-1,1,-1,1,1,1,-1,-1,1,-1,-1,1,1,1,-1,1,-1,-1,1,1,-1,1,1,-1,-1,1,1,-1,1,1,-1,-1,1,1,1,1,1,-1,-1,1,1,1,1,1,1,-1,-1,1,1,1,1,-1,-1,1,-1,1,1,1,1,-1,-1,1,-1,1,1,1,-1,1,1,1,1,-1,1,-1,1,1,1,1,1,1,1,-1,1,1,1,1,-1,1,-1,1,1,1,1,1,-1,1,1,1,1,-1,1,1,-1,1,1,-1,1,1,-1,-1,1,1,1,1,-1,1,-1,1,1,1,-1,-1,1,-1,1,1,1,-1,1,-1,-1,-1,1,1,-1,-1,1,-1,-1,1,1,-1,-1,1,-1,-1,-1,1,1,-1,1,-1,-1,1,1,-1,-1,1,1,-1,-1,1,-1,1,1,-1,1,1,-1,-1,1,-1,-1,-1,1,1,-1,1,1,-1,1,1,-1,-1,-1,-1,1,-1,-1,-1,-1,1,-1,-1,1,1,-1,1,1,-1,1,1,1,1,-1,1,-1,1,1,1,-1,-1,1,-1,-1,-1,1,-1,-1,1,-1,1,1,1,-1,-1,1,-1,1,1,1,1,-1,1,-1,-1,1,1,-1,-1,-1,1,-1,1,1,1,-1,1,-1,-1,1,-2666.0,1,2000,445,0,False
1920,1,1,-1,-1,1,1,-1,-1,1,1,1,-1,1,1,1,1,-1,1,-1,-1,-1,-1,1,1,1,-1,1,-1,1,1,1,1,1,-1,-1,-1,1,-1,1,-1,1,-1,-1,1,1,1,-1,-1,1,1,1,1,-1,1,-1,-1,1,-1,1,1,-1,-1,-1,-1,1,1,1,-1,-1,-1,-1,1,1,1,1,-1,-1,-1,1,1,1,-1,-1,-1,1,1,1,1,-1,-1,-1,1,1,1,1,-1,-1,1,1,-1,1,1,-1,-1,1,1,1,1,1,-1,-1,-1,1,-1,1,1,-1,-1,1,1,1,1,1,1,-1,-1,1,1,-1,1,1,-1,1,1,1,1,1,1,-1,1,1,1,1,1,1,-1,1,1,1,1,1,1,-1,-1,-1,1,1,1,1,-1,1,1,1,1,-1,1,-1,1,-1,1,1,1,-1,-1,1,1,1,1,1,-1,1,-1,-1,1,-1,1,-1,1,1,1,1,1,1,-1,1,1,-1,1,-1,1,1,-1,1,-1,1,-1,1,-1,-1,1,-1,1,-1,1,-1,1,1,-1,1,-1,1,1,1,1,-1,-1,1,1,-1,-1,1,-1,1,-1,1,1,-1,1,-1,1,-1,1,-1,1,1,-1,-1,-1,1,-1,1,1,-1,1,1,1,1,1,1,-1,1,-1,-1,1,1,-1,1,-1,1,-1,1,1,-1,-1,-1,1,1,1,1,-1,-1,-1,1,1,-1,1,1,1,-1,-1,1,1,1,1,1,-1,1,1,-1,1,-1,1,-1,1,1,1,1,-1,1,1,-1,1,1,1,1,1,-1,-1,1,-1,1,-1,1,1,-1,1,1,1,-1,1,-1,-1,1,1,1,1,1,-1,1,1,1,-1,-1,1,-1,1,1,-1,-1,1,1,-1,-1,1,1,1,-1,1,-1,1,1,1,-1,1,1,-1,1,1,1,-1,1,-1,-1,1,1,1,-1,1,-1,-1,-1,1,1,-1,1,-1,-1,1,-1,1,-1,1,1,-1,-1,1,1,1,-1,1,-1,-1,1,1,-1,1,-1,-1,-1,-1,-1,-1,1,1,-1,-1,1,1,-1,1,-1,1,-1,1,1,1,1,1,-1,1,1,1,-1,1,-1,-1,-1,-1,1,1,1,1,-1,-1,1,1,1,1,-1,-1,1,-1,-1,1,-1,1,-1,-1,1,-1,1,1,-1,-1,1,1,-1,1,-1,1,-1,-1,1,-1,1,1,-1,-1,-1,1,-1,-1,1,1,-1,-1,1,-1,1,1,-1,1,-1,1,-1,-1,1,1,-1,-1,1,-1,1,1,-1,-1,1,1,-1,1,-1,1,-1,1,-1,-1,1,-1,1,-1,1,-1,-1,1,-1,-1,-1,1,-1,-1,1,-1,1,-1,1,-1,-1,1,-1,-1,1,-1,1,-1,1,1,1,-1,1,1,-1,-1,1,1,-1,1,-1,-1,1,1,1,1,1,1,-1,-1,1,1,-1,1,1,-1,-1,1,1,1,-1,1,1,-1,1,1,1,1,1,-1,1,-1,-1,-1,1,-1,-1,1,-1,1,-1,1,-1,1,-1,-1,-1,1,1,-1,1,1,-1,-1,-1,1,-1,1,1,-1,1,-1,1,-1,-1,-1,-1,-1,-1,1,-1,-1,-1,-1,-1,-1,1,-1,1,1,1,1,-1,1,-1,1,1,-1,-1,-1,1,-1,-1,1,-1,1,-1,-1,1,1,1,1,-1,-1,1,1,1,1,-1,1,-1,-1,1,1,1,-1,-1,-1,1,1,1,1,-1,1,-1,1,-1,1,-1,1,1,-1,-1,1,1,1,-1,-1,-1,-1,1,1,1,1,-1,-1,-1,1,1,1,1,-1,-1,-1,1,-1,1,-1,-1,-1,1,1,1,1,1,-1,-1,-1,1,1,1,1,-1,-1,-1,1,1,-1,1,-1,-1,-1,1,1,1,1,-1,-1,1,1,1,1,-1,-1,1,1,-1,1,1,-1,-1,-1,1,1,1,1,1,-1,1,1,1,1,1,-1,-1,-1,1,-1,1,-1,-1,-1,-1,1,-1,1,1,1,-1,-1,1,-1,1,1,-1,1,-1,1,1,1,1,-1,1,-1,1,-1,1,1,-1,-1,-1,1,1,-1,-1,-1,-1,-1,1,-1,1,-1,-1,-1,-1,-1,-1,-1,1,-1,-1,-1,1,-1,-1,1,-1,-1,-1,-1,-1,-1,1,-1,-1,-1,-1,-1,1,-1,-1,-1,1,-1,-1,1,-1,1,-1,-1,-1,-1,-1,-1,-1,1,-1,-1,-1,1,1,1,-1,-1,-1,1,-1,-1,-1,-1,1,-1,-1,1,1,1,-1,-1,1,-1,1,-1,1,1,-1,1,-1,-1,1,1,1,-1,-1,-1,-1,-1,1,1,-1,-1,1,-1,1,1,-1,-1,-1,1,-1,1,1,1,-1,1,1,-1,1,1,1,-1,1,-1,1,1,1,-1,-1,1,-1,-1,1,1,1,1,-1,1,-1,1,1,1,-1,1,-1,-1,1,1,1,1,-1,1,-1,1,1,1,1,1,-1,-1,1,1,1,1,1,-1,-1,-1,1,1,1,-1,-1,-1,1,-1,1,1,1,-1,-1,-1,1,-1,1,1,-1,-1,1,1,1,1,1,-1,1,1,1,1,1,1,-1,1,-1,1,1,1,1,-1,1,-1,1,1,1,-1,1,-1,1,1,1,1,-1,1,1,-1,1,1,-1,1,1,-1,-1,1,1,1,1,-1,1,-1,1,1,1,-1,-1,1,-1,1,1,1,-1,1,-1,-1,-1,1,1,-1,-1,1,-1,-1,1,1,1,-1,1,-1,-1,-1,1,1,-1,1,-1,-1,1,1,-1,-1,-1,1,-1,-1,1,-1,1,1,-1,1,1,-1,-1,1,-1,-1,-1,1,1,-1,1,1,-1,1,1,-1,-1,-1,-1,1,-1,-1,-1,-1,1,-1,-1,1,1,-1,1,1,-1,1,1,1,1,-1,1,-1,1,1,1,-1,-1,1,-1,-1,-1,1,-1,-1,1,-1,1,1,1,-1,-1,1,-1,1,1,1,1,-1,1,-1,-1,1,1,-1,-1,-1,1,-1,1,-1,1,-1,1,-1,-1,1,-2666.0,1,2000,445,1500,False
1921,1,1,-1,-1,1,-1,-1,-1,1,1,1,-1,1,1,1,1,-1,1,-1,-1,-1,-1,1,1,1,-1,-1,-1,1,1,1,1,1,-1,-1,-1,1,1,1,-1,-1,-1,-1,1,1,1,1,-1,1,1,1,1,-1,1,-1,-1,1,-1,1,1,1,-1,-1,-1,1,1,1,1,-1,-1,-1,1,1,1,1,-1,-1,-1,1,1,1,-1,-1,-1,1,1,1,1,-1,-1,-1,1,1,1,1,-1,-1,1,1,-1,1,1,-1,-1,1,1,1,1,1,-1,-1,-1,1,1,1,1,-1,-1,1,1,1,1,1,1,-1,-1,1,1,-1,1,1,-1,1,1,1,1,1,1,-1,1,1,1,1,1,1,-1,1,1,1,1,1,1,-1,-1,-1,1,1,1,1,-1,1,1,1,1,-1,1,-1,1,-1,1,1,1,-1,-1,1,1,1,1,1,-1,1,-1,-1,1,-1,1,-1,1,1,1,1,1,1,1,1,1,-1,1,-1,1,-1,1,1,-1,1,-1,1,1,-1,1,-1,1,-1,1,-1,1,1,-1,1,-1,1,1,1,1,-1,-1,1,1,-1,-1,1,-1,1,-1,-1,1,1,1,-1,1,-1,1,-1,1,1,-1,-1,-1,1,1,-1,1,-1,1,1,1,-1,1,1,-1,1,-1,1,-1,1,-1,1,-1,1,1,-1,1,-1,-1,-1,1,1,-1,1,-1,-1,-1,1,1,-1,-1,1,1,-1,-1,1,1,-1,1,1,-1,1,1,1,1,-1,1,-1,1,1,-1,1,-1,1,1,-1,1,1,-1,-1,1,-1,-1,1,-1,-1,-1,1,1,-1,1,1,1,-1,1,-1,-1,1,1,1,-1,1,-1,1,1,1,1,-1,1,-1,1,1,1,-1,1,1,-1,1,-1,1,1,-1,1,-1,1,1,1,-1,1,1,-1,1,1,1,-1,1,-1,-1,1,1,1,1,1,-1,-1,1,1,1,-1,1,-1,-1,-1,-1,1,-1,1,1,-1,1,1,1,1,1,1,-1,-1,-1,1,-1,1,-1,-1,1,-1,-1,-1,1,1,-1,1,-1,1,-1,1,-1,1,-1,1,1,1,1,-1,1,-1,1,1,-1,1,-1,-1,-1,-1,1,1,1,1,-1,-1,1,1,1,1,-1,-1,1,-1,-1,1,-1,1,-1,1,-1,1,1,1,-1,-1,1,1,-1,1,-1,1,-1,-1,1,-1,1,1,-1,-1,-1,1,-1,-1,1,1,-1,-1,1,-1,1,1,-1,1,-1,1,-1,-1,1,1,-1,1,1,-1,1,1,-1,-1,1,1,-1,1,-1,1,-1,1,-1,-1,1,-1,1,-1,1,-1,-1,1,-1,-1,-1,1,-1,-1,1,-1,1,-1,1,-1,-1,1,-1,-1,1,-1,1,-1,1,1,1,-1,1,1,-1,-1,-1,1,-1,1,-1,-1,1,-1,1,1,-1,1,-1,-1,1,1,-1,-1,1,1,-1,1,1,1,1,1,1,-1,1,1,1,-1,-1,-1,1,-1,-1,-1,1,-1,-1,1,-1,1,-1,1,-1,1,-1,-1,-1,1,1,-1,1,1,-1,-1,-1,1,-1,1,1,-1,1,-1,1,-1,-1,-1,-1,-1,-1,1,-1,-1,-1,-1,-1,-1,1,-1,1,1,1,1,-1,1,-1,1,1,-1,-1,-1,1,-1,-1,1,-1,1,-1,-1,1,1,1,1,-1,-1,1,1,1,1,-1,1,-1,-1,1,1,1,-1,-1,-1,1,1,1,1,-1,-1,-1,1,-1,1,-1,1,1,-1,-1,1,1,1,-1,-1,-1,-1,1,1,1,1,-1,-1,-1,1,1,1,1,-1,-1,-1,1,-1,1,-1,-1,-1,1,1,-1,1,1,-1,-1,-1,1,-1,1,1,-1,-1,-1,1,1,-1,1,-1,-1,-1,1,1,1,1,-1,-1,1,1,1,-1,1,-1,1,1,-1,1,1,-1,-1,-1,1,1,-1,1,1,-1,1,1,1,-1,1,1,-1,-1,1,-1,1,-1,1,-1,-1,1,1,-1,1,-1,-1,-1,1,-1,-1,1,-1,-1,-1,1,1,-1,-1,1,-1,-1,1,-1,-1,1,-1,-1,-1,1,1,1,-1,-1,-1,-1,1,-1,1,-1,-1,-1,-1,-1,-1,-1,1,-1,-1,-1,1,-1,-1,1,-1,-1,-1,-1,-1,1,1,-1,-1,-1,-1,-1,1,-1,-1,-1,1,-1,-1,1,-1,1,-1,-1,-1,-1,-1,-1,-1,1,-1,-1,-1,1,1,-1,-1,-1,1,-1,1,-1,-1,-1,1,-1,-1,1,-1,1,-1,-1,-1,-1,1,-1,1,1,-1,1,-1,-1,1,1,-1,-1,-1,-1,-1,-1,1,1,-1,-1,1,-1,1,1,-1,-1,-1,1,-1,-1,1,-1,-1,1,-1,-1,1,1,1,-1,1,-1,1,1,1,-1,-1,1,-1,-1,1,1,1,-1,1,-1,-1,1,1,-1,1,1,-1,-1,1,1,1,1,1,-1,-1,1,1,-1,1,1,-1,-1,1,1,1,1,-1,1,-1,-1,1,1,1,1,-1,-1,1,-1,1,1,1,1,-1,-1,1,-1,1,-1,1,-1,1,1,1,1,-1,1,-1,1,1,1,1,1,1,1,-1,1,1,1,1,-1,1,-1,1,1,1,1,1,-1,1,1,1,1,-1,-1,1,-1,1,1,-1,1,1,-1,-1,1,1,1,-1,1,1,-1,1,1,1,-1,-1,1,-1,1,1,1,-1,1,-1,-1,-1,1,1,-1,-1,1,-1,-1,1,1,-1,-1,1,-1,-1,1,1,1,1,-1,-1,-1,1,1,-1,-1,1,1,-1,-1,1,-1,1,1,-1,1,1,-1,-1,1,-1,-1,-1,1,1,-1,1,1,-1,1,1,-1,-1,-1,-1,1,-1,-1,-1,-1,1,-1,-1,1,1,-1,1,1,-1,1,1,1,1,-1,1,-1,1,1,1,-1,-1,1,-1,-1,1,1,-1,-1,1,-1,1,1,1,-1,-1,1,-1,1,1,1,1,-1,1,-1,-1,1,1,-1,-1,-1,1,-1,1,1,1,-1,1,-1,-1,1,-2666.0,1,2000,445,1500,False
1922,1,1,-1,-1,1,-1,-1,-1,1,1,1,-1,1,1,1,1,-1,1,1,-1,-1,-1,1,1,1,1,-1,-1,1,1,1,1,-1,-1,-1,-1,1,-1,1,1,-1,-1,-1,1,1,1,1,-1,1,1,1,1,-1,1,-1,-1,1,-1,1,1,1,-1,-1,-1,1,1,1,1,-1,-1,-1,1,1,1,1,-1,-1,-1,1,1,1,-1,-1,-1,1,1,1,1,-1,-1,-1,1,1,1,1,-1,-1,1,1,-1,1,1,-1,-1,1,1,1,1,1,-1,-1,1,1,1,1,1,-1,-1,1,1,1,1,1,1,-1,1,1,1,-1,1,1,-1,1,1,1,1,1,1,-1,-1,1,1,1,1,1,-1,1,1,1,1,1,1,-1,-1,-1,1,1,1,1,-1,1,1,1,1,-1,1,-1,1,-1,1,1,1,-1,-1,1,1,1,1,1,-1,1,-1,-1,1,1,1,-1,1,1,1,1,-1,1,1,1,1,-1,1,-1,1,-1,1,1,-1,1,-1,1,1,-1,1,-1,1,-1,1,-1,1,1,-1,1,-1,1,1,1,1,-1,-1,1,1,-1,-1,1,-1,1,-1,1,1,-1,1,-1,1,-1,1,-1,1,1,-1,-1,-1,1,1,-1,1,-1,1,1,1,-1,1,1,-1,1,-1,1,-1,1,-1,1,-1,1,1,-1,1,-1,-1,-1,1,1,-1,1,-1,-1,-1,1,1,-1,-1,1,1,-1,-1,1,1,-1,1,1,-1,1,1,1,1,-1,1,-1,1,1,-1,1,-1,1,1,-1,1,1,1,1,1,-1,-1,1,-1,-1,-1,1,1,-1,1,1,1,-1,1,-1,-1,1,1,1,1,1,-1,1,1,1,-1,-1,1,-1,1,1,1,-1,1,1,-1,-1,1,1,1,-1,1,-1,1,1,1,-1,1,1,-1,1,1,1,-1,1,-1,-1,1,1,1,-1,1,-1,-1,-1,1,1,-1,1,-1,-1,1,-1,1,-1,1,1,-1,-1,1,1,1,1,1,-1,-1,1,1,-1,1,-1,-1,-1,-1,-1,-1,1,1,-1,-1,1,1,-1,1,-1,-1,-1,1,1,1,1,-1,-1,1,1,1,-1,1,-1,-1,-1,-1,1,1,1,1,-1,-1,1,1,1,1,-1,-1,-1,-1,-1,1,-1,1,-1,1,-1,1,1,1,-1,-1,1,1,-1,1,-1,1,-1,-1,1,-1,1,1,-1,-1,-1,1,-1,-1,1,1,-1,-1,1,-1,1,1,-1,1,-1,1,-1,-1,1,1,-1,1,1,-1,1,1,-1,-1,1,1,-1,1,-1,1,-1,1,-1,-1,1,-1,1,-1,1,-1,-1,1,-1,-1,-1,1,-1,-1,1,-1,1,-1,1,-1,-1,1,-1,-1,1,-1,1,-1,1,1,1,-1,1,1,-1,-1,1,1,-1,1,-1,-1,1,1,1,1,-1,1,-1,-1,1,1,-1,-1,1,-1,-1,1,1,1,1,1,1,-1,1,1,1,-1,1,-1,1,-1,-1,-1,1,-1,-1,1,1,1,-1,1,-1,1,-1,-1,-1,1,1,-1,1,1,-1,-1,-1,1,-1,1,1,-1,1,-1,1,-1,-1,-1,-1,-1,-1,1,-1,-1,-1,-1,-1,-1,1,-1,1,1,1,1,-1,1,-1,1,1,-1,-1,-1,1,-1,-1,1,-1,1,-1,-1,1,1,1,1,-1,-1,1,1,1,1,-1,1,-1,-1,1,1,1,-1,-1,-1,1,1,1,1,-1,-1,-1,1,-1,1,-1,1,1,-1,-1,1,1,1,-1,-1,-1,-1,1,1,1,1,-1,-1,-1,1,1,1,1,-1,-1,-1,1,1,1,-1,-1,-1,1,1,1,1,1,-1,-1,-1,1,1,1,1,-1,-1,-1,1,1,-1,1,-1,-1,-1,1,1,1,1,-1,-1,1,1,1,1,1,-1,1,1,-1,1,1,-1,-1,-1,1,1,1,1,1,-1,1,1,1,1,1,1,-1,-1,1,-1,1,-1,1,-1,-1,1,-1,1,1,-1,-1,-1,1,-1,1,1,-1,1,-1,1,1,1,-1,1,1,1,-1,-1,1,-1,-1,-1,-1,1,1,-1,-1,-1,-1,-1,1,-1,1,-1,-1,-1,-1,-1,-1,-1,1,-1,-1,-1,1,-1,-1,1,-1,-1,-1,-1,-1,-1,1,-1,-1,-1,-1,-1,1,-1,-1,-1,1,-1,-1,1,-1,1,-1,-1,-1,-1,-1,-1,-1,1,-1,-1,-1,1,1,-1,-1,-1,-1,1,-1,-1,-1,-1,1,-1,-1,1,1,1,-1,-1,-1,-1,1,-1,1,1,-1,1,-1,-1,1,1,-1,-1,-1,-1,-1,-1,1,1,-1,-1,1,-1,1,1,-1,-1,-1,1,-1,1,1,-1,-1,1,-1,-1,1,1,1,-1,1,-1,1,1,1,-1,-1,1,-1,-1,1,1,1,-1,1,-1,-1,1,1,-1,1,1,-1,-1,1,1,-1,1,1,-1,-1,1,1,-1,1,1,-1,-1,1,1,1,1,1,1,-1,-1,1,-1,1,1,-1,-1,1,-1,1,1,1,1,-1,-1,1,-1,1,1,1,-1,1,1,1,1,-1,1,-1,1,1,1,1,1,1,1,-1,1,1,1,1,-1,1,-1,1,1,1,1,1,-1,1,1,1,1,-1,1,1,-1,1,1,-1,1,1,-1,-1,1,1,1,1,-1,1,-1,1,1,1,-1,-1,1,-1,1,1,1,-1,1,-1,-1,-1,1,1,-1,-1,1,-1,-1,1,1,-1,-1,1,-1,-1,1,1,1,-1,1,-1,-1,1,1,-1,-1,-1,1,-1,-1,1,-1,1,1,-1,1,1,-1,-1,1,-1,-1,-1,1,1,-1,1,1,-1,1,1,-1,-1,1,-1,1,-1,-1,-1,-1,1,-1,-1,1,1,-1,1,1,-1,1,1,1,1,-1,1,-1,1,1,1,1,-1,1,-1,-1,-1,1,1,-1,1,-1,1,1,1,1,-1,1,-1,1,1,1,-1,-1,1,-1,-1,1,1,-1,-1,-1,1,-1,1,-1,1,-1,1,-1,-1,1,-2666.0,1,2000,445,1000,False
1923,1,1,-1,-1,1,-1,-1,-1,1,1,1,-1,1,1,1,1,-1,1,1,-1,-1,1,1,1,1,1,-1,-1,1,1,1,1,-1,-1,-1,-1,1,-1,1,1,-1,-1,-1,1,1,1,1,-1,1,1,1,1,-1,1,-1,-1,1,-1,1,1,1,-1,-1,1,1,1,1,1,-1,-1,1,1,1,1,1,-1,-1,-1,1,1,1,-1,-1,-1,1,1,1,1,-1,-1,1,1,1,1,1,-1,-1,-1,1,-1,1,1,-1,-1,1,1,1,1,1,-1,-1,-1,1,1,1,1,-1,-1,1,1,1,1,1,1,-1,-1,1,1,-1,1,1,-1,1,1,1,1,1,1,-1,1,1,1,1,1,1,-1,1,1,1,1,1,1,-1,-1,-1,1,1,1,1,-1,1,1,1,1,-1,1,-1,1,-1,1,1,1,-1,-1,1,1,1,1,1,-1,1,-1,-1,1,1,1,-1,1,1,1,1,-1,1,1,1,1,-1,1,-1,1,-1,1,1,-1,1,-1,1,1,-1,1,-1,1,-1,1,-1,1,1,-1,1,-1,1,1,1,1,-1,-1,1,1,-1,-1,1,-1,1,-1,1,1,-1,1,-1,1,-1,1,-1,1,1,-1,-1,-1,1,1,-1,1,-1,1,1,1,-1,1,1,-1,-1,-1,1,-1,1,-1,1,-1,1,1,-1,1,-1,-1,-1,-1,1,-1,1,-1,-1,-1,1,1,-1,-1,1,1,-1,1,1,1,-1,1,1,-1,1,1,1,1,-1,1,-1,1,1,-1,1,-1,1,1,1,-1,1,1,1,1,-1,-1,1,-1,-1,-1,1,1,-1,1,1,1,-1,1,1,1,1,1,1,1,1,-1,1,1,1,-1,1,1,-1,1,1,1,-1,1,1,-1,-1,1,1,1,-1,1,-1,1,1,1,-1,1,1,-1,1,1,1,-1,1,1,-1,1,1,1,-1,1,1,-1,-1,1,1,-1,1,1,-1,1,-1,1,-1,1,1,1,-1,1,1,1,-1,1,1,-1,1,1,-1,1,1,1,-1,-1,-1,-1,1,1,1,-1,1,1,-1,1,1,-1,-1,1,1,1,1,1,-1,1,1,1,-1,1,1,1,-1,-1,1,1,-1,-1,1,-1,1,-1,1,-1,1,1,-1,-1,-1,1,-1,-1,1,1,-1,1,1,-1,1,1,1,1,-1,1,-1,-1,1,-1,1,-1,1,-1,-1,1,1,1,-1,-1,1,-1,1,1,1,-1,1,1,1,-1,1,1,-1,1,-1,-1,1,1,1,-1,1,-1,1,1,1,1,-1,1,-1,-1,1,1,-1,1,1,-1,-1,1,1,-1,-1,1,-1,1,1,1,-1,1,-1,-1,-1,1,1,-1,-1,1,-1,1,1,1,1,-1,1,-1,-1,-1,1,1,-1,1,-1,1,-1,1,-1,-1,1,-1,-1,1,-1,1,-1,-1,1,-1,1,-1,1,-1,-1,1,-1,-1,1,1,1,-1,1,-1,1,-1,-1,-1,1,-1,-1,-1,1,-1,-1,1,1,-1,1,1,-1,1,1,1,-1,1,1,-1,1,-1,1,-1,-1,1,-1,-1,1,1,-1,-1,1,-1,-1,1,1,1,-1,1,-1,-1,1,1,-1,-1,1,-1,-1,-1,1,1,-1,1,1,-1,-1,1,-1,-1,1,-1,1,-1,1,1,-1,-1,1,-1,-1,-1,-1,-1,1,1,1,-1,1,1,-1,-1,1,-1,-1,-1,-1,-1,1,1,-1,-1,-1,-1,-1,1,1,-1,1,1,-1,-1,-1,1,1,-1,-1,-1,-1,1,1,-1,-1,1,-1,-1,-1,1,1,-1,-1,-1,-1,-1,1,-1,-1,1,-1,-1,1,1,1,-1,1,-1,-1,-1,1,1,-1,-1,-1,-1,-1,1,1,1,-1,-1,-1,-1,1,1,-1,-1,-1,-1,1,-1,1,1,-1,-1,1,1,-1,1,1,-1,-1,-1,1,1,1,-1,1,-1,1,1,1,1,-1,1,-1,-1,1,-1,1,-1,1,-1,-1,1,-1,1,-1,-1,-1,-1,1,-1,1,-1,1,1,-1,1,-1,1,-1,1,1,1,-1,1,1,-1,-1,-1,-1,1,-1,-1,-1,-1,-1,-1,1,-1,1,-1,-1,-1,-1,1,1,-1,1,-1,-1,-1,1,1,-1,1,-1,-1,-1,-1,-1,1,1,-1,-1,-1,-1,-1,1,-1,-1,-1,1,-1,-1,1,-1,1,-1,-1,-1,-1,-1,-1,-1,1,-1,-1,-1,1,1,-1,-1,-1,-1,1,-1,-1,-1,-1,1,-1,-1,1,-1,1,-1,-1,-1,-1,1,-1,1,1,-1,1,-1,-1,1,1,-1,-1,-1,-1,-1,-1,1,1,-1,-1,1,-1,1,1,-1,-1,-1,1,-1,-1,1,-1,-1,1,-1,-1,1,1,1,-1,1,-1,1,1,1,-1,-1,1,-1,-1,1,1,1,-1,1,-1,-1,1,1,-1,1,1,-1,-1,1,1,-1,1,1,-1,-1,1,1,-1,1,1,-1,-1,1,1,1,1,1,1,-1,1,1,-1,1,1,-1,-1,1,-1,1,1,1,1,-1,-1,1,-1,1,1,1,-1,1,1,1,1,-1,1,-1,1,1,1,1,1,1,1,-1,-1,1,1,1,-1,1,-1,1,1,1,1,1,-1,1,1,1,1,-1,1,1,-1,1,1,-1,1,1,-1,-1,-1,1,1,1,-1,1,-1,1,1,1,-1,-1,1,-1,1,1,1,-1,1,-1,-1,-1,1,1,-1,-1,1,-1,-1,1,1,-1,-1,1,-1,1,1,1,1,-1,1,-1,-1,1,1,-1,-1,-1,1,1,-1,1,-1,1,1,-1,1,1,-1,-1,1,1,-1,-1,1,1,-1,1,1,1,1,1,-1,-1,-1,-1,-1,-1,-1,-1,-1,-1,1,1,1,1,-1,1,1,-1,1,1,1,1,-1,1,-1,1,1,1,-1,-1,1,-1,1,1,1,-1,-1,1,-1,1,1,1,-1,-1,1,-1,1,1,1,1,-1,1,-1,1,1,1,1,-1,-1,1,-1,1,-1,1,-1,1,-1,1,1,-2666.0,1,2000,445,1500,False
1924,1,1,-1,-1,1,-1,-1,-1,1,1,1,-1,1,1,1,1,-1,1,-1,-1,-1,1,1,1,1,-1,-1,-1,1,1,1,1,-1,-1,-1,-1,1,-1,1,1,-1,-1,-1,1,1,1,1,-1,1,1,1,1,-1,1,-1,-1,1,-1,1,1,1,-1,-1,1,1,1,1,1,-1,-1,1,1,1,1,1,-1,-1,-1,1,1,1,-1,-1,-1,1,1,1,1,-1,-1,1,1,1,1,1,-1,-1,-1,1,-1,1,1,-1,-1,1,1,1,1,1,-1,-1,-1,1,1,1,1,-1,-1,1,1,1,1,1,1,-1,-1,1,1,-1,1,1,-1,1,1,1,1,1,1,-1,1,1,1,1,1,1,-1,1,1,1,1,1,1,-1,-1,-1,1,1,1,1,-1,1,1,1,1,-1,1,-1,1,-1,1,1,1,-1,-1,1,1,1,1,1,-1,1,-1,-1,1,-1,1,-1,1,1,1,1,1,1,1,1,1,-1,1,-1,1,-1,1,1,-1,1,-1,1,1,-1,1,-1,1,-1,1,-1,1,1,-1,-1,-1,1,1,1,1,-1,-1,1,1,-1,-1,1,-1,1,-1,-1,1,-1,1,-1,1,-1,1,-1,-1,1,-1,-1,-1,1,1,-1,1,-1,1,1,1,-1,1,-1,-1,1,-1,1,-1,1,1,1,-1,1,1,-1,1,-1,-1,-1,1,1,-1,1,-1,-1,-1,1,1,-1,-1,1,1,-1,-1,1,1,-1,1,1,-1,1,1,1,1,-1,1,-1,1,1,-1,1,-1,1,1,1,1,1,1,1,1,-1,-1,1,-1,-1,-1,1,1,-1,1,1,1,-1,1,1,1,1,1,1,1,1,-1,1,1,1,-1,-1,1,-1,1,1,1,-1,1,1,-1,-1,1,1,1,-1,1,-1,1,1,1,-1,1,1,-1,1,1,1,-1,1,1,-1,1,1,1,-1,1,1,1,-1,1,1,-1,1,1,-1,1,-1,1,-1,1,-1,1,-1,1,1,1,-1,-1,1,-1,1,1,-1,1,1,1,-1,-1,-1,-1,1,1,1,-1,1,1,-1,1,1,-1,-1,1,1,1,1,1,-1,1,1,1,-1,1,1,1,-1,-1,1,1,1,-1,1,-1,1,1,1,1,1,1,-1,-1,-1,1,-1,1,1,-1,1,-1,1,1,1,1,1,-1,-1,1,-1,-1,1,-1,1,-1,1,1,-1,1,1,1,-1,-1,1,-1,1,1,-1,-1,1,1,1,-1,1,-1,-1,-1,1,-1,1,1,-1,-1,1,1,1,1,-1,1,-1,1,-1,1,1,-1,1,-1,1,-1,1,1,-1,-1,-1,1,-1,1,1,1,-1,-1,1,-1,-1,1,-1,-1,-1,1,-1,1,1,-1,-1,-1,1,1,-1,1,-1,-1,-1,-1,1,-1,1,-1,-1,-1,1,-1,-1,1,-1,-1,-1,-1,1,-1,1,-1,-1,-1,-1,1,-1,-1,1,1,1,-1,1,-1,1,-1,1,-1,1,-1,-1,-1,1,-1,1,1,1,-1,1,1,-1,-1,1,1,-1,1,1,-1,-1,-1,1,-1,-1,1,-1,-1,1,1,-1,-1,1,-1,-1,1,1,1,-1,1,-1,1,1,1,-1,-1,1,-1,-1,-1,1,1,-1,1,-1,-1,-1,1,-1,-1,1,-1,1,-1,1,1,-1,-1,1,-1,-1,-1,-1,-1,1,1,1,-1,-1,1,-1,-1,1,-1,-1,1,-1,-1,1,1,-1,-1,1,-1,-1,1,1,-1,1,-1,-1,-1,-1,1,1,-1,-1,-1,-1,-1,1,-1,-1,1,-1,-1,-1,1,1,-1,-1,-1,-1,-1,1,-1,-1,-1,-1,-1,-1,1,1,-1,-1,-1,-1,1,1,1,-1,-1,-1,-1,-1,1,1,1,-1,-1,-1,-1,1,1,-1,-1,-1,-1,1,1,1,1,1,-1,1,1,1,1,1,1,-1,-1,1,1,1,1,1,-1,1,1,1,1,-1,1,-1,-1,1,-1,1,-1,1,-1,-1,1,-1,1,1,1,-1,-1,1,-1,1,-1,1,1,-1,1,-1,1,1,1,1,-1,1,-1,1,1,1,-1,-1,1,1,-1,1,1,-1,-1,1,-1,1,-1,1,-1,-1,-1,-1,-1,1,1,-1,-1,1,-1,-1,1,1,-1,-1,-1,-1,1,-1,1,-1,-1,-1,-1,1,1,-1,-1,1,-1,-1,1,-1,1,-1,-1,-1,-1,-1,1,1,1,-1,-1,-1,1,1,1,-1,-1,1,-1,-1,-1,1,-1,1,-1,-1,1,1,1,-1,-1,-1,-1,1,-1,1,1,-1,1,-1,-1,1,1,-1,-1,-1,-1,-1,-1,1,1,-1,-1,1,-1,1,1,-1,-1,-1,1,-1,1,1,-1,-1,1,-1,-1,1,1,1,-1,1,-1,1,1,1,-1,-1,1,-1,-1,1,1,1,-1,1,-1,-1,1,1,-1,1,1,-1,-1,1,1,-1,1,1,-1,-1,1,1,-1,1,1,-1,-1,1,1,1,1,-1,1,-1,-1,1,1,1,1,-1,-1,1,-1,1,1,1,1,-1,-1,1,-1,1,1,1,-1,1,1,1,1,-1,1,-1,1,1,1,1,1,1,1,-1,1,1,1,1,-1,1,-1,1,1,1,1,1,-1,1,1,1,1,-1,1,1,-1,1,1,-1,1,1,-1,-1,1,1,1,1,-1,1,-1,1,1,1,-1,-1,1,-1,1,1,1,-1,1,-1,-1,-1,1,1,-1,-1,1,-1,-1,1,1,-1,-1,1,-1,-1,1,1,1,-1,1,-1,-1,1,1,-1,-1,-1,1,-1,-1,1,-1,1,1,-1,1,1,-1,-1,1,-1,-1,-1,1,1,-1,1,1,-1,1,1,-1,-1,-1,-1,1,-1,-1,-1,-1,1,-1,-1,1,1,-1,1,1,-1,1,1,1,1,-1,1,-1,1,1,1,-1,-1,1,-1,-1,-1,1,-1,1,1,-1,1,1,1,-1,-1,1,-1,1,1,1,1,-1,1,-1,-1,1,1,1,-1,1,1,-1,1,1,1,-1,1,-1,-1,1,-2666.0,1,2000,445,1000,False
1925,1,1,-1,-1,1,-1,-1,-1,1,1,1,-1,1,1,1,1,-1,1,-1,-1,1,-1,1,1,1,-1,1,-1,1,1,1,1,-1,-1,-1,-1,1,-1,1,1,-1,-1,-1,1,1,1,1,-1,1,1,1,1,-1,1,-1,-1,1,-1,1,1,1,-1,-1,-1,1,1,1,1,-1,-1,-1,1,1,1,1,-1,-1,-1,1,1,1,-1,-1,-1,1,1,1,1,-1,-1,-1,1,1,1,1,-1,-1,1,1,-1,1,1,-1,-1,1,1,1,1,1,-1,-1,1,1,1,1,1,-1,-1,1,1,1,1,1,1,-1,1,1,1,-1,1,1,-1,1,1,1,1,1,1,-1,-1,1,1,1,1,1,-1,1,1,1,1,1,1,-1,-1,-1,1,1,1,1,-1,1,1,1,1,-1,1,-1,1,-1,1,1,1,-1,-1,1,1,1,1,1,-1,1,-1,-1,1,1,1,-1,1,1,1,1,-1,1,1,1,1,-1,1,-1,1,-1,1,1,-1,1,-1,1,1,-1,1,-1,1,-1,1,-1,1,1,-1,1,-1,1,1,1,1,-1,-1,1,1,-1,-1,1,-1,1,-1,1,1,-1,1,-1,1,-1,1,-1,-1,1,-1,-1,1,-1,1,-1,1,-1,1,1,1,-1,1,1,-1,1,-1,1,-1,1,-1,1,-1,1,1,-1,1,-1,-1,-1,-1,1,-1,1,-1,-1,-1,-1,1,-1,-1,1,1,-1,1,1,1,-1,1,1,-1,1,1,1,1,-1,1,-1,1,1,-1,1,-1,1,-1,1,-1,1,1,1,1,-1,-1,1,-1,-1,-1,1,1,-1,1,1,1,-1,1,1,1,1,1,1,1,1,-1,1,1,1,-1,1,1,-1,1,1,1,-1,1,1,-1,-1,1,1,1,-1,1,-1,1,1,1,-1,1,1,-1,1,1,1,-1,1,1,-1,1,1,1,-1,1,1,-1,-1,1,1,-1,1,1,-1,1,-1,1,-1,1,1,1,-1,1,1,1,-1,1,1,-1,1,1,-1,1,1,1,-1,-1,-1,-1,1,1,1,-1,1,1,-1,1,1,-1,-1,1,1,1,1,1,-1,1,1,1,-1,1,1,1,-1,-1,1,1,1,-1,1,-1,1,1,1,-1,1,1,-1,-1,-1,1,-1,-1,1,1,-1,1,1,-1,1,1,1,1,-1,1,-1,-1,1,-1,1,-1,1,1,-1,1,1,1,-1,-1,1,-1,1,1,1,-1,1,1,1,-1,1,1,-1,-1,1,-1,1,1,1,-1,1,1,1,1,1,1,-1,1,-1,-1,1,1,-1,-1,1,-1,-1,1,1,-1,-1,1,-1,1,1,1,-1,-1,1,-1,-1,1,1,-1,-1,1,-1,1,1,1,1,-1,1,1,-1,-1,1,1,-1,-1,1,1,-1,1,-1,-1,1,-1,-1,1,-1,1,-1,-1,1,-1,1,-1,1,1,-1,1,-1,-1,1,1,1,-1,1,-1,1,-1,1,1,1,-1,-1,-1,1,-1,-1,1,1,1,-1,1,-1,1,1,1,-1,1,1,-1,-1,-1,1,-1,-1,1,-1,-1,1,1,1,-1,1,-1,-1,1,1,-1,-1,1,-1,-1,1,1,-1,-1,1,-1,-1,-1,1,1,-1,1,1,-1,-1,1,-1,-1,1,-1,1,-1,1,1,-1,-1,1,-1,-1,-1,-1,-1,1,1,1,-1,1,1,-1,-1,1,-1,-1,-1,-1,-1,1,1,-1,-1,-1,-1,-1,1,1,-1,1,1,1,-1,-1,1,1,-1,-1,-1,-1,1,1,-1,-1,1,-1,-1,-1,1,1,-1,-1,-1,-1,-1,1,-1,-1,1,-1,-1,1,1,1,-1,1,-1,-1,-1,1,1,-1,-1,-1,-1,-1,1,1,1,-1,-1,-1,-1,1,1,-1,-1,-1,-1,1,-1,1,1,-1,-1,1,1,-1,1,1,-1,-1,-1,1,1,1,1,1,-1,1,1,1,1,-1,1,-1,-1,1,-1,1,-1,1,-1,-1,1,-1,1,-1,-1,-1,-1,1,-1,1,-1,1,1,-1,1,-1,1,-1,1,1,1,-1,-1,1,-1,-1,-1,-1,1,-1,-1,-1,-1,-1,-1,1,-1,1,-1,-1,-1,-1,1,1,-1,1,-1,-1,-1,1,-1,-1,1,-1,-1,-1,-1,1,1,1,-1,-1,-1,-1,-1,1,-1,-1,-1,1,-1,-1,1,-1,1,-1,-1,-1,-1,-1,-1,-1,1,-1,-1,-1,1,1,1,-1,-1,-1,1,-1,-1,-1,-1,1,-1,-1,1,1,1,-1,-1,-1,-1,1,-1,1,1,-1,1,-1,-1,1,1,-1,-1,-1,-1,-1,-1,1,1,-1,-1,1,-1,1,1,-1,-1,-1,1,-1,1,1,-1,-1,1,-1,-1,1,1,1,-1,1,-1,1,1,1,-1,-1,1,-1,-1,1,1,1,-1,1,-1,-1,1,1,-1,1,1,-1,-1,1,1,-1,1,1,-1,-1,1,1,-1,1,1,-1,-1,1,1,1,1,-1,1,-1,-1,1,1,1,1,-1,-1,1,-1,1,1,1,1,-1,-1,1,-1,1,1,1,-1,1,1,1,1,-1,1,-1,1,1,1,1,1,1,1,-1,1,1,1,1,-1,1,-1,1,1,1,1,1,-1,1,1,1,1,-1,1,1,-1,1,1,-1,1,1,-1,-1,1,1,1,1,-1,1,-1,1,1,1,-1,-1,1,-1,1,1,1,-1,1,-1,-1,-1,1,1,-1,-1,1,-1,-1,1,1,-1,-1,1,-1,-1,1,1,1,-1,1,-1,-1,1,1,-1,-1,-1,1,-1,-1,1,-1,1,1,-1,1,1,-1,-1,1,1,-1,-1,1,1,-1,1,1,-1,1,1,-1,-1,-1,-1,1,-1,-1,-1,-1,-1,1,-1,1,1,-1,1,1,-1,1,1,1,1,-1,1,-1,1,1,1,1,-1,1,-1,-1,-1,1,1,-1,1,-1,1,1,1,1,-1,1,-1,1,1,-1,-1,-1,1,-1,-1,1,1,-1,-1,-1,1,-1,1,-1,1,-1,1,-1,1,1,-2666.0,1,2000,445,1500,False
1926,1,1,-1,-1,1,-1,-1,-1,1,1,1,-1,1,1,1,1,-1,1,-1,-1,-1,-1,1,1,1,-1,1,-1,1,1,1,1,1,-1,-1,-1,1,1,1,1,-1,-1,-1,1,1,1,1,-1,1,1,1,1,-1,1,-1,-1,1,-1,1,1,-1,-1,-1,-1,1,1,1,1,-1,-1,-1,1,1,1,1,-1,-1,-1,1,1,1,-1,-1,-1,1,1,1,1,-1,-1,-1,1,1,1,1,-1,-1,1,1,-1,1,1,-1,-1,1,1,1,1,1,-1,-1,-1,1,-1,1,1,-1,-1,1,1,1,1,1,1,-1,-1,1,1,-1,1,1,-1,1,1,1,1,1,1,-1,1,1,1,1,1,1,-1,1,1,1,1,1,1,-1,-1,-1,1,1,1,1,-1,1,1,1,1,-1,1,-1,1,-1,1,1,1,-1,-1,1,1,1,1,1,-1,1,-1,-1,1,1,1,-1,1,1,1,1,-1,1,1,1,1,1,1,-1,1,-1,1,1,-1,1,-1,1,1,-1,1,-1,1,-1,1,-1,1,1,-1,1,-1,1,1,1,1,-1,-1,1,1,-1,-1,1,-1,1,-1,1,1,-1,1,-1,1,-1,1,-1,-1,1,-1,-1,1,-1,1,-1,1,-1,1,1,1,-1,1,1,-1,1,-1,1,-1,1,-1,1,-1,1,1,-1,1,-1,-1,-1,-1,1,-1,1,-1,-1,-1,-1,1,-1,-1,1,1,-1,1,1,1,-1,1,1,-1,1,1,1,1,-1,1,-1,1,1,-1,1,-1,1,1,1,-1,1,1,1,1,-1,-1,1,-1,-1,-1,1,1,-1,1,1,1,-1,1,1,1,1,1,1,-1,1,-1,1,1,1,-1,-1,1,-1,1,1,1,-1,1,1,-1,-1,1,1,1,-1,1,-1,1,1,1,-1,1,1,-1,1,1,1,-1,1,1,-1,1,1,1,-1,1,1,-1,-1,1,1,-1,1,1,-1,1,-1,1,-1,1,1,1,-1,1,1,1,1,1,1,-1,1,1,-1,1,-1,1,-1,-1,-1,-1,1,1,1,-1,1,1,-1,1,1,-1,-1,1,1,1,1,1,-1,1,1,1,-1,1,1,1,1,-1,1,1,1,-1,1,-1,1,1,1,1,1,1,-1,-1,-1,1,-1,-1,1,1,-1,1,1,1,1,1,1,1,-1,1,-1,-1,1,-1,1,-1,1,1,-1,1,1,1,-1,-1,1,-1,1,1,1,-1,1,1,1,-1,1,1,-1,-1,1,-1,1,1,1,-1,1,1,1,1,1,1,-1,1,-1,-1,1,1,-1,-1,1,-1,-1,1,1,-1,-1,1,-1,1,1,1,-1,-1,1,1,-1,1,1,-1,-1,1,-1,1,1,1,1,-1,1,-1,-1,-1,1,1,-1,-1,-1,1,-1,1,-1,-1,1,-1,-1,1,-1,1,-1,-1,1,-1,1,-1,1,-1,-1,1,-1,-1,1,1,1,-1,1,-1,1,-1,1,1,1,-1,-1,-1,1,-1,-1,1,1,1,-1,1,-1,1,1,1,-1,1,1,-1,1,-1,1,-1,-1,1,-1,-1,1,1,1,-1,1,-1,-1,1,1,-1,-1,1,-1,-1,1,1,-1,-1,1,-1,-1,-1,1,1,-1,1,-1,-1,-1,1,-1,-1,1,-1,1,-1,1,1,-1,-1,1,-1,-1,-1,-1,-1,1,1,1,-1,1,1,-1,-1,1,-1,-1,-1,-1,-1,1,1,-1,-1,-1,1,-1,1,1,-1,1,1,1,-1,-1,1,1,-1,-1,-1,-1,1,1,-1,-1,1,-1,-1,-1,1,1,-1,-1,-1,-1,-1,1,-1,-1,1,-1,-1,1,1,1,-1,1,-1,-1,-1,1,1,-1,-1,-1,-1,-1,1,1,1,-1,-1,-1,-1,1,1,-1,-1,-1,-1,1,-1,1,1,-1,-1,1,1,-1,1,1,-1,-1,-1,1,1,1,-1,1,-1,1,1,1,1,-1,1,-1,-1,1,-1,1,-1,1,-1,-1,1,-1,1,-1,-1,-1,-1,1,-1,1,-1,1,-1,-1,1,-1,1,-1,1,-1,1,-1,1,1,-1,-1,-1,-1,1,-1,-1,-1,-1,-1,-1,1,-1,1,-1,-1,-1,-1,1,1,-1,1,-1,-1,-1,1,-1,-1,1,-1,-1,-1,-1,1,-1,1,-1,-1,-1,-1,-1,1,-1,-1,-1,1,-1,-1,1,-1,1,-1,-1,-1,-1,-1,-1,-1,1,-1,-1,-1,1,1,-1,-1,-1,-1,1,-1,-1,-1,-1,1,-1,-1,1,1,1,-1,-1,-1,-1,1,-1,1,1,-1,1,-1,-1,1,1,-1,-1,-1,-1,-1,-1,1,1,-1,-1,1,-1,1,1,-1,-1,-1,1,-1,1,1,-1,-1,1,-1,-1,1,1,1,-1,1,-1,1,1,1,-1,-1,1,-1,-1,1,-1,1,-1,1,-1,-1,1,1,-1,1,1,-1,-1,1,1,1,1,1,-1,-1,1,1,1,1,1,-1,-1,1,1,1,1,-1,1,-1,-1,1,1,-1,1,-1,-1,1,-1,1,1,1,1,-1,-1,1,-1,1,1,1,-1,1,1,1,1,-1,1,-1,1,1,1,1,1,1,1,-1,1,1,1,1,-1,1,-1,1,1,1,1,1,-1,1,1,1,1,-1,1,1,-1,1,1,-1,1,1,-1,-1,1,1,1,1,-1,1,-1,1,1,1,-1,-1,1,-1,1,1,1,-1,1,-1,-1,-1,1,1,-1,-1,1,-1,-1,1,1,1,-1,1,-1,-1,1,1,1,-1,1,-1,-1,1,1,-1,-1,1,1,-1,-1,1,-1,1,1,-1,1,1,-1,-1,1,-1,-1,-1,1,1,-1,1,1,-1,1,1,-1,-1,1,-1,1,-1,-1,-1,-1,1,-1,-1,1,1,-1,1,1,-1,1,1,1,1,-1,1,-1,1,1,1,-1,-1,1,-1,-1,1,1,-1,-1,1,-1,1,1,1,-1,-1,1,-1,1,1,1,1,-1,1,-1,-1,1,1,-1,-1,-1,1,-1,1,1,1,-1,1,-1,-1,1,-2666.0,1,2000,445,1000,False
1927,-1,-1,1,1,1,1,-1,1,-1,-1,-1,1,-1,1,-1,-1,1,-1,1,1,-1,-1,-1,-1,-1,1,-1,-1,-1,-1,-1,-1,1,1,-1,-1,1,-1,-1,-1,1,-1,-1,-1,-1,-1,1,1,-1,1,-1,-1,1,1,1,-1,-1,1,-1,-1,1,1,1,1,-1,-1,-1,1,1,-1,-1,1,-1,-1,1,-1,-1,-1,1,-1,-1,-1,1,-1,1,-1,-1,1,1,1,-1,-1,-1,-1,1,1,-1,1,1,1,-1,1,1,-1,1,1,-1,-1,1,1,-1,1,1,1,-1,1,1,-1,1,1,-1,-1,1,1,-1,1,1,-1,1,1,1,-1,1,1,-1,1,1,1,-1,-1,1,-1,1,1,1,-1,1,1,1,-1,1,1,-1,-1,-1,1,-1,1,1,-1,1,1,1,1,1,1,-1,1,1,-1,1,1,1,-1,1,1,-1,-1,1,1,1,-1,-1,1,1,1,-1,1,1,1,1,1,1,1,1,1,-1,1,1,1,-1,1,1,-1,1,1,1,1,-1,1,-1,-1,1,1,-1,1,1,-1,1,1,1,1,1,1,-1,-1,1,1,-1,-1,1,-1,1,1,-1,1,1,1,-1,1,1,1,-1,1,1,-1,-1,1,-1,1,-1,1,-1,1,1,1,-1,1,1,-1,1,1,1,-1,1,-1,1,-1,1,1,-1,1,-1,-1,1,1,1,-1,1,-1,-1,-1,1,1,-1,-1,1,1,-1,1,1,1,-1,1,1,-1,1,1,1,-1,-1,1,-1,-1,1,-1,1,-1,1,1,-1,1,1,-1,-1,1,-1,-1,1,-1,1,-1,1,1,-1,-1,1,1,-1,1,-1,-1,1,1,-1,-1,1,-1,-1,1,1,1,-1,1,-1,-1,1,1,-1,1,1,-1,1,-1,1,-1,-1,1,-1,1,1,1,1,1,1,-1,-1,1,1,1,1,-1,-1,-1,1,1,1,1,-1,-1,1,-1,1,1,1,-1,-1,1,-1,1,-1,1,1,-1,1,-1,1,1,1,1,-1,-1,1,1,1,-1,-1,-1,1,1,-1,-1,1,1,-1,1,-1,1,-1,1,-1,1,1,-1,1,1,1,-1,1,1,-1,1,-1,1,-1,-1,1,-1,1,1,1,1,-1,1,1,-1,1,1,-1,-1,1,-1,-1,1,-1,1,-1,-1,1,-1,1,1,-1,-1,-1,1,-1,1,-1,1,-1,-1,1,-1,1,-1,-1,-1,-1,1,-1,-1,1,1,-1,-1,1,-1,1,1,-1,1,-1,1,-1,1,-1,1,-1,-1,-1,-1,-1,-1,-1,1,-1,1,-1,1,-1,1,-1,-1,-1,1,1,-1,1,-1,-1,-1,-1,1,-1,-1,-1,-1,-1,1,-1,-1,1,-1,1,-1,-1,1,-1,-1,1,-1,-1,-1,1,-1,1,-1,1,-1,-1,-1,-1,1,-1,1,-1,-1,1,-1,1,1,1,-1,-1,-1,1,1,-1,1,-1,-1,-1,1,1,1,-1,1,1,-1,1,1,1,1,1,1,1,-1,-1,-1,1,-1,-1,1,-1,1,-1,1,-1,1,-1,-1,-1,1,1,-1,1,1,-1,1,-1,1,-1,1,1,-1,1,-1,1,-1,-1,-1,-1,1,-1,1,-1,-1,-1,-1,1,-1,1,-1,1,1,1,1,-1,1,-1,1,1,-1,1,-1,1,-1,-1,1,-1,1,-1,-1,1,1,1,1,1,-1,-1,1,1,1,-1,1,-1,1,1,1,1,-1,-1,-1,1,1,1,1,-1,-1,-1,1,-1,1,-1,1,1,-1,-1,1,1,1,-1,1,-1,-1,1,1,1,1,1,1,-1,1,1,1,1,-1,1,-1,1,-1,1,-1,1,1,-1,1,1,1,1,1,1,-1,1,-1,1,1,1,1,-1,1,1,-1,1,1,1,1,1,1,1,1,1,1,-1,1,1,-1,-1,1,-1,-1,1,1,1,-1,1,-1,-1,1,-1,1,1,1,-1,-1,1,-1,1,-1,1,1,-1,1,-1,1,-1,1,-1,-1,1,-1,1,-1,1,-1,-1,1,-1,1,-1,1,1,-1,1,-1,1,-1,1,1,-1,-1,1,1,1,1,-1,1,1,-1,1,1,1,1,-1,1,-1,1,-1,1,1,-1,-1,1,-1,1,1,-1,1,-1,1,-1,1,1,1,-1,1,-1,-1,1,1,-1,-1,-1,-1,1,-1,1,-1,-1,-1,1,-1,1,1,-1,-1,-1,1,-1,1,1,-1,-1,-1,1,1,1,1,-1,1,-1,1,-1,1,1,-1,-1,-1,-1,1,1,1,-1,-1,-1,1,-1,1,1,-1,1,-1,-1,1,1,1,-1,-1,-1,-1,-1,1,-1,-1,-1,1,-1,1,1,-1,-1,-1,1,-1,1,1,1,-1,1,-1,-1,1,1,1,-1,1,-1,1,1,1,-1,-1,1,-1,-1,1,1,-1,-1,1,-1,-1,1,1,-1,1,1,-1,-1,1,1,-1,-1,1,-1,-1,1,1,-1,-1,1,-1,-1,1,1,-1,-1,-1,1,-1,1,1,-1,-1,1,-1,-1,1,-1,-1,-1,1,1,-1,-1,1,-1,1,-1,1,-1,1,1,-1,1,-1,1,-1,1,1,-1,1,1,1,-1,-1,1,-1,1,1,-1,1,-1,1,-1,1,1,-1,1,-1,1,1,1,-1,-1,1,-1,1,1,-1,1,-1,-1,-1,1,-1,1,-1,1,-1,-1,1,-1,1,-1,-1,-1,-1,1,-1,1,-1,-1,-1,-1,-1,1,1,-1,1,-1,-1,-1,-1,1,-1,1,-1,-1,1,-1,1,1,1,1,-1,-1,1,1,-1,-1,1,1,1,1,1,-1,1,-1,-1,1,1,-1,-1,1,-1,-1,-1,-1,1,-1,1,-1,1,1,1,-1,-1,-1,-1,-1,-1,-1,-1,-1,1,-1,1,1,1,-1,1,1,-1,1,1,1,1,-1,1,-1,1,1,1,1,-1,1,-1,1,1,1,1,-1,1,-1,1,1,1,1,-1,1,-1,1,1,1,-1,-1,1,-1,-1,1,1,-1,-1,-1,1,-1,1,1,1,-1,1,-1,-1,1,-2666.0,1,2000,445,1500,True
1928,1,1,-1,-1,1,1,-1,-1,1,1,1,-1,1,1,1,1,-1,1,-1,-1,-1,-1,1,1,1,-1,-1,-1,1,1,1,1,1,-1,-1,-1,1,-1,1,1,-1,-1,-1,1,1,1,1,-1,1,1,1,1,-1,1,-1,-1,1,-1,1,1,-1,-1,-1,-1,1,1,1,1,-1,-1,-1,1,1,1,1,-1,-1,-1,1,1,1,-1,-1,-1,1,1,1,1,-1,-1,1,1,1,1,1,-1,-1,-1,1,-1,1,1,-1,-1,1,1,1,1,1,-1,-1,-1,1,-1,1,1,-1,-1,1,1,1,1,1,1,-1,-1,1,1,-1,1,1,-1,1,1,1,1,1,1,-1,1,1,1,1,1,1,-1,1,1,1,1,1,1,-1,-1,-1,1,1,1,1,-1,1,1,1,1,-1,1,-1,1,-1,1,1,1,-1,-1,1,1,1,1,1,-1,1,-1,-1,1,-1,1,-1,1,1,1,1,1,1,1,1,1,-1,1,-1,1,-1,1,1,-1,1,-1,1,1,-1,1,-1,1,-1,1,-1,1,1,-1,1,-1,1,1,1,1,-1,-1,1,1,-1,-1,1,-1,1,-1,1,1,-1,1,-1,1,-1,1,-1,1,1,-1,-1,-1,1,1,-1,1,-1,1,1,1,-1,1,1,-1,1,-1,1,-1,1,-1,1,-1,1,1,-1,1,-1,-1,-1,1,1,-1,1,-1,-1,-1,1,1,-1,-1,1,1,-1,-1,1,1,-1,1,1,-1,1,1,1,1,-1,1,-1,1,1,-1,1,-1,1,1,-1,1,1,1,1,1,-1,-1,1,-1,-1,1,1,1,-1,1,1,1,-1,1,-1,-1,1,1,1,-1,1,-1,1,1,1,-1,-1,1,-1,1,1,1,-1,1,1,-1,-1,1,1,1,-1,1,-1,1,1,1,-1,1,1,-1,1,1,1,-1,1,-1,-1,1,1,1,-1,1,-1,-1,-1,1,1,-1,1,-1,-1,1,-1,1,-1,1,1,-1,-1,1,1,1,-1,1,-1,-1,1,1,-1,1,-1,-1,-1,-1,-1,-1,1,1,-1,-1,1,1,-1,1,-1,-1,-1,1,1,1,1,-1,-1,1,1,1,-1,1,-1,-1,-1,-1,1,1,1,1,-1,-1,1,1,1,1,-1,-1,1,-1,-1,1,-1,1,-1,-1,1,-1,1,-1,-1,-1,1,1,-1,1,-1,1,-1,-1,1,-1,1,1,1,-1,-1,1,-1,-1,1,1,-1,-1,1,-1,1,1,-1,1,-1,1,-1,-1,1,1,-1,-1,1,-1,1,1,-1,-1,1,1,-1,1,-1,1,-1,1,-1,-1,1,-1,1,-1,1,-1,-1,1,-1,-1,-1,1,-1,-1,1,-1,1,-1,1,-1,-1,1,-1,-1,1,-1,1,-1,1,1,1,-1,1,1,-1,-1,1,1,-1,1,-1,-1,1,-1,1,1,1,1,-1,-1,1,1,-1,1,1,1,-1,1,1,1,-1,1,1,-1,1,1,1,1,-1,1,1,-1,-1,-1,1,-1,1,1,-1,1,-1,1,-1,1,-1,-1,-1,1,1,-1,1,1,-1,-1,-1,1,-1,1,1,-1,1,-1,1,-1,-1,-1,-1,-1,-1,1,-1,-1,-1,-1,-1,-1,1,-1,1,1,1,1,-1,1,-1,1,1,-1,-1,-1,1,-1,-1,1,-1,1,-1,-1,1,1,1,1,-1,-1,1,1,1,1,-1,1,-1,-1,1,1,1,-1,-1,-1,1,1,1,1,-1,1,-1,1,-1,1,-1,1,1,-1,-1,1,1,1,-1,-1,-1,1,1,1,1,1,-1,-1,-1,1,1,1,1,-1,-1,-1,1,1,1,-1,-1,-1,1,1,1,1,1,-1,-1,-1,1,1,1,1,-1,-1,-1,1,1,-1,1,-1,-1,-1,1,1,1,1,-1,-1,1,1,1,1,-1,-1,1,1,-1,1,1,-1,-1,-1,1,1,1,1,1,-1,1,1,1,1,1,-1,-1,-1,1,-1,1,-1,-1,-1,-1,1,-1,1,1,-1,-1,-1,1,-1,1,1,-1,1,-1,1,1,1,1,-1,1,-1,1,-1,1,1,-1,-1,-1,1,1,-1,-1,-1,-1,-1,1,-1,1,-1,-1,-1,-1,-1,-1,-1,1,-1,-1,-1,1,-1,-1,1,-1,-1,-1,-1,-1,1,1,-1,-1,-1,-1,-1,1,-1,-1,-1,1,-1,-1,1,-1,1,-1,-1,-1,-1,-1,-1,-1,1,-1,-1,-1,1,1,1,-1,-1,-1,1,-1,-1,-1,-1,1,-1,-1,1,1,1,-1,-1,-1,-1,1,-1,1,1,-1,1,-1,-1,1,1,-1,-1,-1,-1,-1,-1,1,1,-1,-1,1,-1,1,1,-1,-1,-1,1,-1,1,1,-1,-1,1,-1,-1,1,1,1,-1,1,-1,1,1,1,-1,-1,1,-1,-1,1,1,1,-1,1,-1,-1,1,1,-1,1,1,-1,-1,1,1,1,1,1,-1,-1,1,1,1,1,1,-1,-1,1,1,1,1,1,1,-1,-1,1,1,1,1,-1,-1,1,-1,1,1,1,1,-1,-1,1,-1,1,1,1,-1,1,1,1,1,-1,1,-1,1,1,1,1,1,1,1,-1,1,1,1,1,-1,1,-1,1,1,1,1,1,-1,1,1,1,1,-1,1,1,-1,1,1,-1,1,1,-1,-1,1,1,1,1,-1,1,-1,1,1,1,-1,-1,1,-1,1,1,1,-1,1,-1,-1,-1,1,1,-1,-1,1,-1,-1,1,1,1,-1,1,-1,-1,1,1,1,-1,1,-1,-1,1,1,-1,-1,-1,1,-1,1,1,-1,1,1,-1,1,1,-1,-1,1,1,-1,-1,1,1,-1,1,1,-1,1,1,-1,-1,-1,-1,1,-1,-1,-1,-1,1,-1,-1,1,1,-1,1,1,-1,1,1,1,1,-1,1,-1,1,1,1,-1,-1,1,-1,-1,-1,1,-1,-1,1,-1,1,1,1,-1,-1,1,-1,1,1,1,1,-1,1,-1,-1,1,1,1,-1,-1,1,-1,1,-1,1,-1,1,-1,-1,1,-2666.0,1,2000,445,1000,False
1929,1,1,-1,-1,1,-1,-1,-1,1,1,1,-1,1,1,1,1,-1,1,-1,-1,1,-1,1,1,1,-1,-1,-1,1,1,1,1,-1,-1,-1,-1,1,1,1,1,-1,-1,-1,1,1,1,1,-1,1,1,1,1,-1,1,-1,-1,1,-1,1,1,1,-1,-1,-1,1,1,1,1,-1,-1,-1,1,1,1,1,-1,-1,-1,1,1,1,-1,-1,-1,1,1,1,1,-1,-1,-1,1,1,1,1,-1,-1,1,1,-1,1,1,-1,-1,1,1,1,1,1,-1,-1,1,1,1,1,1,-1,-1,1,1,1,1,1,1,-1,-1,1,1,-1,1,1,-1,1,1,1,1,1,1,-1,-1,1,1,1,1,1,-1,1,1,1,1,1,1,-1,-1,-1,1,1,1,1,-1,1,1,1,1,-1,1,-1,1,-1,1,1,1,-1,-1,1,1,1,1,1,-1,1,-1,-1,1,1,1,-1,1,1,1,1,-1,1,1,1,1,-1,1,-1,1,-1,1,1,-1,1,-1,1,1,-1,1,-1,1,-1,1,-1,1,1,-1,1,-1,1,1,1,1,-1,-1,1,1,-1,-1,1,-1,1,-1,1,1,-1,1,-1,1,-1,1,-1,1,1,-1,-1,1,-1,1,-1,1,-1,1,1,1,-1,1,1,-1,1,-1,1,-1,1,-1,1,-1,1,1,-1,1,-1,-1,-1,-1,1,-1,1,-1,-1,-1,-1,1,-1,-1,1,1,-1,1,1,1,-1,1,1,-1,1,1,1,1,-1,1,-1,1,1,-1,1,-1,1,1,1,-1,1,1,1,1,-1,-1,1,-1,-1,-1,1,1,-1,1,1,1,-1,1,1,1,1,1,1,1,1,-1,1,1,1,-1,1,1,-1,1,1,1,-1,1,1,-1,-1,1,1,1,-1,1,-1,1,1,1,-1,1,1,-1,1,1,1,-1,1,1,-1,1,1,1,-1,1,1,-1,-1,1,1,-1,1,1,-1,1,-1,1,-1,1,1,1,-1,1,1,1,1,1,1,-1,1,1,-1,1,1,1,-1,-1,-1,-1,1,1,1,-1,1,1,-1,1,1,-1,-1,1,1,1,1,1,-1,1,1,1,-1,1,1,1,-1,-1,1,1,1,-1,1,-1,1,1,1,1,1,1,-1,-1,-1,1,-1,-1,1,1,-1,1,1,1,1,1,1,1,-1,1,-1,-1,1,-1,1,-1,1,1,1,1,1,1,-1,-1,1,-1,1,1,1,-1,1,1,1,-1,1,1,-1,-1,1,-1,1,1,1,-1,1,1,1,1,1,1,-1,1,-1,1,1,1,-1,-1,1,-1,-1,1,1,-1,-1,1,-1,1,1,1,-1,-1,1,-1,-1,1,1,-1,-1,1,-1,1,1,1,1,-1,1,1,-1,-1,1,1,-1,-1,1,1,-1,1,-1,-1,1,1,-1,1,-1,1,-1,-1,1,-1,1,-1,1,-1,-1,1,-1,-1,1,1,1,-1,1,-1,1,-1,-1,-1,1,-1,-1,-1,1,-1,-1,-1,1,1,-1,1,-1,1,1,1,-1,1,1,-1,1,-1,1,-1,-1,1,-1,-1,1,1,1,-1,1,-1,-1,1,1,-1,-1,1,-1,-1,1,1,-1,-1,1,-1,-1,-1,1,1,-1,1,-1,-1,-1,1,-1,-1,1,-1,1,-1,1,1,-1,-1,1,-1,-1,-1,-1,-1,1,1,1,-1,1,1,-1,-1,1,-1,1,-1,-1,-1,1,1,-1,-1,-1,-1,-1,1,1,-1,1,1,-1,-1,-1,1,1,-1,-1,-1,-1,-1,1,-1,-1,1,-1,-1,-1,1,1,-1,-1,-1,-1,-1,1,-1,-1,1,-1,-1,1,1,1,-1,1,-1,-1,-1,1,1,-1,-1,-1,-1,-1,1,1,1,-1,-1,-1,-1,1,1,-1,-1,-1,-1,1,-1,1,1,-1,-1,1,1,-1,1,1,-1,-1,-1,1,1,1,-1,1,-1,1,1,1,1,-1,1,-1,-1,1,-1,1,-1,1,-1,-1,1,-1,1,-1,-1,-1,-1,1,-1,1,-1,1,-1,-1,1,-1,1,-1,1,-1,1,-1,-1,1,-1,-1,-1,-1,1,-1,-1,-1,-1,-1,-1,1,-1,1,-1,-1,-1,-1,1,1,-1,1,-1,-1,-1,1,-1,-1,1,-1,-1,-1,-1,1,1,1,-1,-1,-1,-1,-1,1,-1,-1,-1,1,-1,-1,1,-1,1,-1,-1,-1,-1,-1,-1,-1,1,-1,-1,-1,1,1,1,-1,-1,-1,1,-1,-1,-1,-1,1,-1,-1,1,1,1,-1,-1,-1,-1,1,-1,1,1,-1,1,-1,-1,1,1,-1,-1,-1,-1,-1,-1,1,1,-1,-1,1,-1,1,1,-1,-1,-1,1,-1,-1,1,-1,-1,1,-1,-1,1,1,1,-1,1,-1,1,1,1,-1,-1,1,-1,-1,1,1,1,-1,1,-1,-1,1,1,-1,1,1,-1,-1,1,1,-1,1,1,-1,-1,1,1,-1,1,1,-1,-1,1,1,1,1,1,1,-1,-1,1,1,-1,1,-1,-1,1,-1,1,1,1,1,-1,-1,1,-1,1,1,1,-1,1,1,1,1,-1,1,-1,1,1,1,1,1,1,1,-1,1,1,1,1,-1,1,-1,1,1,1,1,1,-1,1,1,1,1,-1,1,1,-1,1,1,-1,1,1,-1,-1,1,1,1,1,-1,1,-1,1,1,1,-1,-1,1,-1,1,1,1,-1,1,-1,-1,-1,1,1,-1,-1,1,-1,-1,1,1,1,-1,1,-1,-1,1,1,1,-1,1,-1,-1,1,1,-1,-1,-1,1,-1,-1,1,-1,1,1,-1,1,1,-1,-1,1,-1,-1,-1,1,1,-1,1,1,-1,1,1,-1,-1,-1,-1,1,-1,-1,-1,-1,-1,-1,-1,1,1,-1,1,1,-1,1,1,1,1,-1,1,-1,1,1,1,1,-1,1,-1,-1,-1,1,1,-1,1,-1,1,1,1,1,-1,1,-1,1,1,-1,-1,-1,1,-1,-1,1,1,-1,-1,-1,1,-1,1,-1,1,-1,1,-1,-1,1,-2666.0,1,2000,445,500,False
1930,-1,-1,1,1,1,1,-1,1,-1,-1,-1,1,-1,1,-1,-1,1,-1,1,1,1,-1,-1,-1,-1,1,-1,-1,-1,-1,-1,-1,1,1,-1,-1,1,-1,-1,-1,1,-1,-1,-1,-1,-1,-1,-1,1,1,-1,-1,1,-1,1,-1,-1,1,-1,-1,-1,1,1,1,-1,-1,-1,-1,-1,-1,-1,1,-1,-1,-1,-1,1,-1,1,-1,-1,1,1,-1,1,-1,-1,-1,-1,1,-1,-1,-1,-1,-1,-1,-1,1,1,1,-1,-1,-1,-1,1,1,-1,-1,-1,-1,-1,1,1,1,-1,-1,-1,-1,1,1,-1,-1,-1,-1,-1,1,1,-1,1,-1,-1,-1,1,1,-1,1,-1,-1,-1,1,1,-1,1,-1,-1,-1,-1,1,1,-1,-1,-1,-1,1,-1,1,-1,1,-1,-1,1,1,1,1,-1,-1,-1,1,-1,1,-1,-1,-1,-1,1,1,-1,1,-1,-1,1,-1,-1,1,-1,-1,-1,1,1,1,1,1,-1,1,1,1,-1,1,1,-1,-1,1,1,-1,1,1,-1,-1,-1,1,-1,1,1,-1,-1,1,1,-1,-1,1,-1,1,1,1,-1,-1,1,1,-1,-1,1,-1,1,1,1,1,-1,1,-1,1,1,1,-1,1,1,-1,-1,1,1,-1,-1,1,-1,1,1,1,-1,1,1,-1,1,-1,1,-1,1,-1,1,-1,1,1,-1,1,-1,-1,1,1,1,-1,1,-1,-1,-1,1,1,-1,-1,1,1,-1,1,1,1,-1,1,1,-1,1,1,1,1,-1,1,-1,1,1,1,-1,-1,1,1,-1,1,1,1,1,1,-1,-1,1,1,-1,-1,1,1,-1,1,1,1,-1,1,-1,-1,1,1,1,1,1,-1,1,1,1,-1,-1,1,-1,1,1,1,-1,1,1,-1,1,-1,1,1,-1,1,-1,1,1,1,-1,1,1,-1,1,1,1,-1,1,-1,-1,1,1,1,-1,1,-1,-1,1,1,1,-1,1,-1,-1,-1,-1,1,-1,1,1,-1,1,1,1,1,-1,1,-1,-1,-1,1,-1,1,-1,-1,1,-1,-1,-1,1,1,-1,1,-1,1,-1,1,-1,1,-1,1,1,1,1,-1,1,-1,1,1,-1,1,-1,-1,-1,-1,1,1,1,1,-1,-1,1,1,1,1,-1,-1,1,-1,-1,1,-1,1,-1,1,-1,1,1,1,-1,-1,1,1,-1,1,-1,1,-1,-1,1,-1,1,1,-1,-1,-1,1,-1,-1,1,1,-1,-1,-1,-1,1,1,-1,1,-1,1,-1,-1,1,1,-1,-1,1,-1,1,1,-1,-1,1,1,-1,1,-1,1,-1,1,-1,-1,1,-1,1,-1,1,-1,-1,1,-1,-1,-1,1,-1,-1,1,-1,1,-1,1,-1,-1,1,-1,-1,1,-1,1,-1,1,1,1,-1,1,1,-1,-1,1,1,-1,1,-1,-1,1,1,1,1,1,1,-1,-1,1,1,-1,1,1,-1,-1,1,1,1,-1,1,1,-1,1,1,1,1,1,1,1,-1,-1,-1,1,-1,-1,1,-1,1,-1,1,-1,1,-1,-1,-1,1,1,-1,1,1,-1,1,-1,1,-1,1,1,-1,1,-1,1,-1,-1,-1,-1,1,-1,1,-1,-1,-1,-1,1,-1,1,-1,1,1,1,1,-1,1,-1,1,1,-1,1,-1,1,-1,-1,1,-1,1,-1,-1,1,1,1,1,1,-1,1,1,1,1,-1,1,-1,-1,1,1,1,-1,-1,-1,1,1,1,1,-1,-1,-1,1,-1,1,-1,1,1,-1,-1,1,1,1,-1,1,-1,-1,1,1,1,1,1,1,-1,1,1,1,1,-1,1,-1,1,-1,1,-1,1,1,-1,1,1,1,1,1,1,-1,1,-1,1,1,1,1,-1,1,1,-1,1,1,1,-1,1,1,1,1,1,1,-1,1,1,-1,1,1,-1,-1,-1,1,1,-1,1,-1,-1,1,-1,1,1,1,-1,-1,1,-1,1,-1,1,1,-1,-1,1,-1,-1,1,-1,-1,1,-1,1,-1,1,1,-1,-1,-1,1,-1,1,1,-1,1,-1,1,-1,1,1,-1,-1,-1,1,-1,1,-1,1,-1,1,-1,-1,1,1,-1,-1,-1,1,-1,1,1,-1,-1,-1,1,-1,1,1,-1,-1,-1,1,-1,1,1,1,-1,1,1,-1,1,1,-1,-1,1,-1,-1,1,1,-1,-1,1,-1,1,1,1,-1,-1,-1,-1,-1,-1,1,-1,-1,1,1,-1,1,1,1,-1,1,-1,-1,1,-1,1,-1,1,1,1,1,1,-1,-1,1,-1,1,1,1,1,-1,-1,1,1,1,1,1,1,-1,-1,1,-1,1,1,-1,-1,1,1,1,1,1,-1,-1,-1,1,1,1,1,1,-1,1,1,-1,1,-1,-1,1,1,1,1,1,1,-1,-1,1,-1,1,1,1,-1,-1,1,1,1,1,1,-1,-1,1,1,1,1,1,-1,-1,1,1,1,1,1,-1,-1,1,1,-1,1,1,1,-1,-1,1,-1,1,1,-1,-1,1,-1,-1,1,1,1,-1,-1,1,-1,1,1,1,-1,1,1,-1,1,-1,1,-1,1,1,-1,1,1,1,1,-1,1,1,1,1,-1,1,-1,1,1,1,1,1,-1,1,1,1,1,-1,1,1,-1,1,1,-1,1,1,-1,-1,1,-1,1,1,-1,1,-1,1,-1,1,-1,-1,1,-1,1,-1,1,-1,1,-1,-1,-1,1,1,-1,-1,1,-1,-1,-1,1,1,-1,1,-1,-1,-1,1,1,-1,-1,-1,-1,1,1,-1,-1,-1,1,-1,1,-1,-1,1,1,-1,1,1,-1,-1,1,-1,-1,-1,-1,1,-1,1,1,-1,1,-1,1,-1,1,-1,1,-1,-1,-1,-1,1,-1,-1,1,1,-1,1,1,-1,1,1,-1,-1,-1,1,-1,1,1,1,1,-1,1,-1,-1,-1,1,-1,-1,1,-1,1,1,1,-1,-1,1,-1,1,1,-1,-1,-1,1,-1,-1,1,1,-1,-1,-1,1,-1,1,-1,1,-1,1,-1,-1,1,-2666.0,1,2000,445,1500,True
1931,1,1,-1,-1,1,-1,-1,-1,1,1,1,-1,1,1,1,1,-1,1,-1,-1,-1,-1,1,1,1,-1,-1,-1,1,1,1,1,-1,-1,-1,-1,1,-1,1,1,-1,-1,-1,1,1,1,1,-1,1,1,1,1,-1,1,-1,-1,1,-1,1,1,1,-1,-1,-1,1,1,1,1,-1,-1,-1,1,1,1,1,-1,-1,-1,1,1,1,-1,-1,-1,1,1,1,1,-1,-1,1,1,1,1,1,-1,-1,-1,1,-1,1,1,-1,-1,1,1,1,1,1,-1,-1,-1,1,1,1,1,-1,-1,1,1,1,1,1,1,-1,-1,1,1,-1,1,1,-1,1,1,1,1,1,1,-1,1,1,1,1,1,1,-1,1,1,1,1,1,1,-1,-1,-1,1,1,1,1,-1,1,1,1,1,-1,1,-1,1,-1,1,1,1,-1,-1,1,1,1,1,1,-1,1,-1,-1,1,1,1,-1,1,1,1,1,-1,1,1,1,1,-1,1,-1,1,-1,1,1,-1,1,-1,1,1,-1,1,-1,1,-1,1,-1,1,1,-1,1,-1,1,1,1,1,-1,-1,1,1,-1,-1,1,-1,1,-1,1,1,-1,1,-1,1,-1,1,-1,-1,1,-1,1,-1,1,1,-1,1,-1,1,1,1,-1,1,1,-1,1,-1,1,-1,1,-1,1,-1,1,1,-1,1,-1,-1,-1,-1,1,-1,1,-1,-1,-1,1,1,-1,-1,1,1,-1,1,1,1,-1,1,1,-1,1,1,1,1,-1,1,-1,1,1,-1,1,-1,1,-1,1,-1,1,1,1,1,-1,-1,1,-1,-1,1,1,1,-1,1,1,1,-1,1,1,1,1,1,1,-1,1,-1,1,1,1,-1,-1,1,-1,1,1,1,-1,1,1,-1,-1,1,1,1,-1,1,-1,1,1,1,-1,1,1,-1,1,1,1,-1,1,1,-1,1,1,1,-1,1,1,-1,-1,1,1,-1,1,1,-1,1,-1,1,-1,1,1,1,-1,1,1,1,-1,1,1,-1,1,1,-1,1,1,1,-1,-1,-1,-1,1,1,1,-1,1,1,-1,1,1,-1,-1,1,1,1,1,1,-1,1,1,1,-1,1,1,1,1,-1,1,1,1,-1,1,-1,1,1,1,1,1,1,-1,-1,-1,1,-1,-1,1,1,-1,1,1,1,1,1,1,1,-1,1,-1,-1,1,-1,1,-1,1,1,-1,1,1,1,-1,-1,1,-1,1,1,1,-1,1,1,1,-1,1,1,-1,-1,1,-1,1,1,1,-1,1,1,1,1,1,1,-1,1,-1,-1,1,1,-1,-1,1,-1,1,1,1,-1,-1,1,-1,1,1,1,-1,-1,1,-1,-1,1,1,-1,-1,1,-1,1,1,1,1,-1,1,-1,-1,1,1,1,-1,-1,-1,-1,1,1,-1,-1,1,-1,-1,1,-1,1,-1,-1,1,-1,1,-1,1,-1,-1,1,-1,-1,1,1,1,-1,1,-1,1,-1,-1,-1,1,-1,-1,-1,1,-1,-1,1,1,1,-1,1,-1,1,1,1,-1,1,1,-1,-1,-1,1,-1,-1,1,-1,-1,1,1,1,-1,1,-1,-1,1,1,-1,-1,1,-1,-1,1,1,-1,-1,1,-1,-1,-1,1,1,-1,1,1,-1,-1,1,-1,-1,1,-1,1,-1,1,1,-1,-1,1,-1,-1,-1,-1,-1,1,1,1,-1,-1,1,-1,-1,1,-1,-1,1,-1,-1,-1,1,-1,-1,1,-1,-1,1,1,-1,1,-1,-1,-1,-1,1,1,-1,-1,-1,-1,-1,1,-1,-1,1,-1,-1,-1,1,1,-1,-1,-1,-1,-1,1,-1,-1,-1,-1,-1,1,1,1,-1,-1,-1,-1,-1,1,1,-1,-1,-1,-1,-1,1,1,1,-1,-1,-1,-1,1,1,-1,-1,-1,-1,1,-1,1,1,-1,-1,1,1,-1,1,1,-1,-1,-1,1,1,1,1,1,-1,1,1,1,1,-1,1,-1,-1,1,-1,1,-1,1,-1,-1,1,-1,1,-1,-1,-1,-1,1,-1,1,-1,1,1,-1,1,-1,1,-1,1,1,1,-1,1,1,-1,-1,-1,-1,1,-1,-1,-1,-1,-1,-1,1,-1,1,-1,-1,-1,-1,1,1,-1,1,-1,-1,-1,1,1,-1,1,-1,-1,-1,-1,-1,1,1,-1,-1,-1,-1,-1,1,-1,-1,-1,1,-1,-1,1,-1,1,-1,-1,-1,-1,-1,-1,-1,1,-1,-1,-1,1,1,-1,-1,-1,-1,1,-1,-1,-1,-1,1,-1,-1,1,-1,1,-1,-1,-1,-1,1,-1,1,1,-1,1,-1,-1,1,1,-1,-1,-1,-1,-1,-1,1,1,-1,-1,1,-1,1,1,-1,-1,-1,1,-1,-1,1,-1,-1,1,-1,-1,1,1,1,-1,1,-1,1,1,1,-1,-1,1,-1,-1,1,1,1,-1,1,-1,-1,1,1,-1,1,1,-1,-1,1,1,-1,1,1,-1,-1,1,1,-1,1,1,-1,-1,1,1,1,1,-1,1,-1,-1,1,1,-1,1,-1,-1,1,-1,1,1,1,1,-1,-1,1,-1,1,1,1,-1,1,1,1,1,-1,1,-1,1,1,1,1,1,1,1,-1,1,1,1,1,-1,1,-1,1,1,1,1,1,-1,1,1,1,1,-1,1,1,-1,1,1,-1,1,1,-1,-1,1,1,1,1,-1,1,-1,1,1,1,-1,-1,1,-1,1,1,1,-1,1,-1,-1,-1,1,1,-1,-1,1,-1,-1,1,1,-1,-1,1,-1,-1,1,1,1,-1,1,-1,-1,1,1,-1,-1,-1,1,-1,-1,1,-1,1,1,-1,1,1,-1,-1,1,1,-1,-1,1,1,-1,1,1,-1,1,1,-1,-1,1,-1,1,-1,-1,-1,-1,1,-1,-1,1,1,-1,1,1,-1,1,1,1,1,-1,1,-1,1,1,1,-1,-1,1,-1,-1,1,1,-1,-1,1,-1,1,1,1,-1,-1,1,-1,1,1,1,1,-1,1,-1,-1,1,1,1,-1,-1,1,-1,1,-1,1,-1,1,-1,-1,1,-2666.0,1,2000,445,500,False
1932,1,1,-1,-1,1,-1,-1,-1,1,1,1,-1,1,1,1,1,-1,1,-1,-1,1,1,1,1,1,-1,-1,-1,1,1,1,1,-1,-1,-1,-1,1,1,1,1,-1,-1,-1,1,1,1,1,-1,1,1,1,1,-1,1,-1,-1,1,-1,1,1,1,-1,-1,1,1,1,1,1,-1,-1,1,1,1,1,1,-1,-1,-1,1,1,1,-1,-1,-1,1,1,1,1,-1,-1,-1,1,1,1,1,-1,-1,1,1,1,1,1,-1,-1,1,1,1,1,1,-1,-1,1,1,-1,1,1,-1,-1,1,1,1,-1,1,1,-1,1,1,1,-1,1,1,-1,1,1,1,-1,1,1,-1,-1,1,1,-1,1,1,-1,1,1,1,1,1,1,-1,-1,-1,1,-1,1,1,-1,1,-1,1,1,-1,1,-1,1,-1,1,1,1,-1,-1,1,1,1,-1,1,-1,1,-1,-1,1,1,1,-1,1,1,1,1,-1,1,1,1,1,-1,1,-1,1,-1,1,1,-1,1,-1,1,1,-1,1,-1,1,-1,1,-1,1,1,-1,1,-1,1,1,1,1,-1,-1,1,1,-1,-1,1,-1,1,1,-1,1,-1,1,-1,1,-1,1,-1,1,1,-1,-1,1,1,1,-1,1,-1,1,1,1,-1,1,1,-1,1,-1,1,-1,1,-1,1,-1,1,1,-1,1,-1,-1,-1,1,1,-1,1,-1,-1,-1,-1,1,-1,-1,1,1,-1,-1,1,1,-1,1,1,-1,1,1,1,1,-1,1,-1,1,1,-1,1,-1,1,1,-1,1,1,1,1,1,-1,-1,1,-1,-1,1,1,1,-1,1,1,1,-1,1,-1,-1,1,1,1,1,1,-1,1,1,1,-1,-1,1,-1,-1,1,1,-1,1,1,-1,1,-1,1,1,-1,1,-1,1,1,1,-1,1,1,-1,1,1,1,-1,1,-1,-1,1,1,1,-1,1,-1,-1,1,1,1,-1,1,-1,-1,-1,-1,1,-1,1,1,-1,1,1,1,1,1,1,-1,-1,-1,1,-1,1,-1,-1,1,-1,-1,-1,1,1,-1,1,-1,1,-1,1,-1,1,-1,1,1,1,1,-1,1,-1,1,1,-1,1,-1,-1,-1,-1,1,1,1,1,-1,-1,1,1,1,1,-1,-1,1,-1,-1,1,-1,1,-1,-1,1,-1,1,1,-1,-1,1,1,-1,1,-1,1,-1,-1,1,-1,1,1,-1,-1,-1,1,-1,-1,1,1,-1,-1,-1,-1,1,1,-1,1,-1,1,-1,-1,1,1,-1,-1,1,-1,1,1,-1,-1,1,1,-1,1,-1,1,-1,1,-1,-1,1,-1,1,-1,1,-1,-1,1,-1,-1,-1,1,-1,-1,1,-1,1,-1,1,-1,-1,1,-1,-1,1,-1,1,-1,1,1,1,-1,1,1,-1,-1,-1,1,-1,1,-1,-1,1,-1,1,1,1,1,-1,-1,1,1,-1,1,1,-1,-1,1,1,1,-1,1,1,-1,1,1,1,1,1,-1,1,-1,-1,-1,1,-1,-1,1,-1,-1,1,1,-1,1,-1,-1,-1,1,1,-1,1,1,-1,-1,-1,1,-1,1,1,-1,-1,-1,1,-1,-1,-1,-1,1,-1,1,-1,-1,-1,-1,-1,-1,1,-1,1,1,1,1,-1,1,-1,1,1,-1,-1,-1,1,-1,-1,1,-1,1,-1,-1,1,1,1,1,-1,-1,1,1,1,1,-1,1,-1,-1,1,1,1,-1,-1,-1,1,1,1,1,-1,1,-1,1,-1,1,-1,1,1,-1,-1,1,1,1,-1,-1,-1,-1,1,1,1,1,-1,-1,-1,1,1,1,1,-1,-1,-1,1,-1,1,-1,-1,1,-1,1,1,1,1,-1,1,-1,1,-1,1,1,-1,-1,-1,1,1,-1,1,-1,-1,-1,1,1,1,1,-1,-1,1,-1,1,-1,1,-1,1,1,-1,1,1,-1,1,-1,1,1,-1,1,1,-1,1,1,1,-1,1,-1,-1,-1,1,-1,1,-1,-1,-1,1,-1,1,-1,1,1,-1,-1,-1,1,-1,1,-1,-1,1,1,1,-1,1,-1,-1,1,-1,-1,-1,1,-1,-1,1,1,1,1,-1,-1,-1,-1,1,-1,-1,1,-1,-1,-1,-1,-1,-1,1,-1,-1,-1,1,-1,-1,1,-1,-1,-1,-1,-1,1,1,-1,-1,-1,-1,-1,1,-1,-1,-1,1,-1,-1,1,-1,1,-1,-1,-1,-1,-1,-1,-1,1,-1,-1,-1,1,1,-1,-1,-1,1,-1,1,-1,-1,-1,1,-1,-1,1,1,1,-1,-1,-1,-1,1,-1,1,1,-1,1,-1,-1,1,1,-1,-1,-1,-1,-1,-1,1,1,-1,-1,1,-1,1,1,-1,-1,-1,1,-1,1,1,-1,-1,1,-1,-1,1,1,1,-1,1,-1,1,1,1,-1,-1,1,-1,-1,1,1,1,-1,1,-1,-1,1,1,-1,1,1,-1,-1,1,1,-1,1,1,-1,-1,1,1,-1,1,1,-1,-1,1,1,1,1,1,1,-1,-1,1,1,1,1,-1,-1,1,-1,1,1,1,1,-1,-1,1,-1,1,1,1,-1,1,1,1,1,-1,1,-1,1,1,1,1,1,1,1,-1,1,1,1,1,-1,1,-1,1,1,1,1,1,-1,1,1,1,1,-1,1,1,-1,1,1,-1,1,1,-1,-1,1,1,1,1,-1,1,-1,1,1,1,-1,-1,1,-1,1,1,1,-1,1,-1,-1,-1,1,1,-1,-1,1,-1,-1,1,1,1,-1,1,-1,-1,1,1,1,-1,1,-1,-1,1,1,-1,-1,-1,1,-1,-1,1,-1,1,1,-1,1,1,-1,-1,1,-1,-1,-1,1,1,-1,1,1,-1,1,1,-1,-1,1,-1,1,-1,-1,-1,-1,1,-1,-1,1,1,-1,1,1,-1,1,1,1,1,-1,1,-1,1,1,1,1,-1,1,-1,-1,1,1,1,-1,1,-1,1,1,1,1,-1,1,-1,1,1,-1,-1,-1,1,-1,-1,1,1,-1,-1,-1,1,-1,1,-1,1,-1,1,-1,-1,1,-2666.0,1,2000,445,1500,False
1933,1,1,-1,-1,1,1,-1,-1,1,1,1,-1,-1,1,1,1,-1,1,-1,-1,-1,-1,1,1,1,-1,-1,-1,1,1,1,1,-1,-1,-1,-1,1,-1,1,1,-1,-1,-1,1,1,1,1,-1,1,1,1,1,-1,1,-1,-1,1,-1,1,1,1,-1,-1,-1,1,1,1,1,-1,-1,-1,1,1,1,1,-1,-1,-1,1,1,1,-1,-1,-1,1,1,1,1,-1,-1,1,1,1,1,1,-1,-1,-1,1,-1,1,1,-1,-1,1,1,1,1,1,-1,-1,-1,1,1,1,1,-1,-1,1,1,1,1,1,1,-1,-1,1,1,-1,1,1,-1,1,1,1,1,1,1,-1,1,1,1,1,1,1,-1,1,1,1,1,1,1,-1,-1,-1,1,1,1,1,-1,1,1,1,1,-1,1,-1,1,-1,1,1,1,-1,-1,1,1,1,1,1,-1,1,-1,-1,1,1,1,-1,1,1,1,1,-1,1,1,1,1,-1,1,-1,1,-1,1,1,-1,1,-1,1,1,-1,1,-1,1,-1,1,-1,1,1,-1,1,-1,1,1,1,1,-1,-1,1,1,-1,-1,1,-1,1,-1,1,1,-1,1,-1,1,-1,1,-1,1,1,-1,-1,1,-1,1,-1,1,-1,1,1,1,-1,1,1,-1,1,-1,1,-1,1,-1,1,-1,1,1,-1,1,-1,-1,-1,-1,1,-1,1,-1,-1,-1,-1,1,-1,-1,1,1,-1,1,1,1,-1,1,1,-1,1,1,1,1,-1,1,-1,1,1,-1,1,-1,1,1,1,-1,1,1,1,1,-1,-1,1,-1,-1,-1,1,1,-1,1,1,1,-1,1,1,1,1,1,1,1,1,-1,1,1,1,-1,1,1,-1,1,1,1,-1,1,1,-1,-1,1,1,1,-1,1,-1,1,1,1,-1,1,1,-1,1,1,1,-1,1,1,-1,1,1,1,-1,1,1,-1,-1,1,1,-1,1,1,-1,1,-1,1,-1,1,1,1,-1,1,1,1,-1,1,1,-1,1,1,-1,1,1,1,-1,-1,-1,-1,1,1,1,-1,1,1,-1,1,1,-1,-1,1,1,1,1,1,-1,1,1,1,-1,1,1,1,-1,-1,1,1,1,-1,1,-1,1,-1,1,1,1,1,-1,-1,-1,1,-1,-1,1,1,-1,1,1,-1,1,1,1,1,-1,1,-1,-1,1,-1,1,-1,1,1,1,1,1,1,-1,-1,1,-1,1,1,1,-1,1,1,1,-1,1,1,-1,-1,1,-1,1,1,1,-1,1,1,1,1,1,1,-1,1,-1,-1,1,1,-1,1,1,-1,-1,1,1,-1,-1,1,-1,1,1,1,-1,-1,1,1,-1,1,1,-1,-1,1,-1,1,1,1,1,-1,1,-1,-1,-1,1,1,-1,1,-1,1,-1,1,-1,-1,1,-1,-1,1,-1,1,-1,-1,1,-1,1,-1,1,-1,1,1,-1,-1,1,1,1,-1,1,-1,1,-1,-1,1,1,-1,-1,-1,1,-1,-1,-1,1,1,-1,1,-1,1,1,1,-1,1,1,-1,-1,-1,1,-1,-1,1,-1,-1,1,1,1,-1,1,-1,-1,1,1,-1,-1,1,-1,-1,1,1,-1,-1,1,-1,-1,-1,1,1,-1,1,-1,-1,-1,1,-1,-1,1,-1,1,-1,1,1,-1,-1,1,-1,-1,-1,-1,-1,1,1,1,-1,1,1,-1,-1,1,-1,-1,-1,-1,-1,1,1,-1,-1,-1,-1,-1,1,1,-1,1,1,1,-1,-1,1,1,-1,-1,-1,-1,-1,1,-1,-1,1,-1,-1,-1,1,1,-1,-1,-1,-1,-1,1,-1,-1,1,-1,-1,1,1,1,-1,1,-1,-1,-1,1,1,-1,-1,-1,-1,-1,1,1,1,-1,-1,-1,-1,1,1,-1,-1,-1,-1,1,-1,1,1,-1,-1,1,1,-1,1,1,-1,-1,-1,1,1,1,-1,1,-1,1,1,1,1,-1,1,-1,-1,1,-1,1,-1,1,-1,-1,1,-1,1,-1,-1,-1,-1,1,-1,1,-1,1,1,-1,1,-1,1,-1,1,1,1,-1,1,1,-1,-1,-1,-1,1,-1,-1,-1,-1,-1,-1,1,-1,1,-1,-1,-1,-1,1,1,-1,1,-1,-1,-1,1,-1,-1,1,-1,-1,-1,-1,1,-1,1,-1,-1,-1,-1,-1,1,-1,-1,-1,1,-1,-1,1,-1,1,-1,-1,-1,-1,-1,-1,-1,1,-1,-1,-1,1,1,1,-1,-1,-1,1,-1,-1,-1,-1,1,-1,-1,1,1,1,-1,-1,-1,-1,1,-1,1,1,-1,1,-1,-1,1,1,-1,-1,-1,-1,-1,-1,1,1,-1,-1,1,-1,1,1,-1,-1,-1,1,-1,1,1,-1,-1,1,-1,-1,1,1,1,-1,1,-1,1,1,1,-1,-1,1,-1,-1,1,1,1,-1,1,-1,-1,1,1,-1,1,1,-1,-1,1,1,-1,1,1,-1,-1,1,1,-1,1,1,-1,-1,1,1,1,1,1,1,-1,1,1,1,1,1,-1,-1,1,-1,1,1,1,1,-1,-1,1,-1,1,1,1,-1,1,-1,1,1,-1,1,-1,1,1,1,1,1,1,1,-1,-1,1,1,1,-1,1,-1,1,1,1,1,1,-1,1,-1,1,1,-1,1,1,-1,-1,1,-1,1,1,-1,-1,1,1,1,1,-1,1,-1,-1,1,1,-1,-1,1,-1,1,1,1,-1,1,-1,-1,-1,1,1,-1,-1,1,-1,-1,1,1,1,-1,1,-1,-1,1,1,1,-1,-1,-1,-1,1,1,-1,-1,-1,1,-1,1,1,-1,1,1,-1,1,1,-1,-1,1,1,-1,-1,1,1,-1,1,1,-1,1,1,-1,-1,-1,-1,1,-1,-1,-1,-1,-1,1,-1,1,1,-1,1,1,-1,1,1,1,1,-1,1,-1,1,1,1,-1,-1,1,-1,-1,1,1,-1,-1,1,-1,1,1,1,-1,-1,1,-1,1,1,1,1,-1,1,-1,-1,1,1,1,-1,-1,1,-1,1,-1,1,-1,1,-1,-1,1,-2666.0,1,2000,445,1500,False
1934,1,1,-1,-1,1,-1,-1,-1,1,1,1,-1,1,1,1,1,-1,1,-1,-1,1,1,1,1,1,1,-1,-1,1,1,1,1,-1,-1,-1,1,1,1,1,1,-1,-1,1,1,1,1,1,-1,1,1,1,1,-1,1,-1,-1,1,-1,1,1,1,-1,-1,1,1,1,1,1,-1,-1,1,1,1,1,1,-1,-1,-1,1,1,1,-1,-1,-1,1,1,1,1,-1,1,-1,1,1,1,1,-1,-1,1,1,-1,1,1,-1,-1,1,1,1,1,1,-1,-1,1,1,1,1,1,-1,-1,1,1,1,1,1,1,-1,1,1,1,-1,1,1,-1,1,1,1,1,1,1,-1,-1,1,1,1,1,1,-1,1,1,1,1,1,1,-1,-1,-1,1,1,1,1,-1,1,-1,1,1,-1,1,-1,1,-1,1,1,1,-1,-1,1,1,1,1,1,-1,1,-1,-1,1,1,1,-1,1,1,1,1,-1,1,1,1,1,-1,1,-1,1,-1,1,1,-1,1,-1,1,1,-1,1,-1,1,-1,1,-1,1,1,-1,1,-1,1,1,1,1,-1,-1,1,1,-1,-1,1,-1,1,-1,-1,1,-1,1,-1,1,-1,1,-1,-1,1,-1,-1,-1,1,1,-1,1,-1,1,1,1,-1,1,1,-1,1,-1,1,-1,1,-1,1,-1,1,1,-1,1,-1,-1,-1,1,1,-1,1,-1,-1,-1,1,1,-1,-1,1,1,-1,-1,1,1,-1,1,1,-1,1,1,1,1,-1,1,-1,1,1,-1,1,-1,1,1,1,1,1,1,1,1,-1,-1,1,-1,-1,-1,1,1,-1,1,1,1,-1,1,1,1,1,1,1,-1,1,-1,1,1,1,-1,-1,1,-1,1,1,1,-1,1,1,-1,-1,1,1,1,-1,1,-1,1,1,1,-1,1,1,-1,1,1,1,-1,1,1,-1,1,1,1,-1,1,1,1,-1,1,1,-1,1,1,-1,1,-1,1,-1,1,1,1,-1,1,1,1,1,1,1,-1,1,1,-1,1,1,1,-1,-1,-1,-1,1,1,1,-1,1,1,-1,1,1,-1,-1,1,1,1,1,1,-1,1,1,1,-1,1,1,1,1,-1,1,1,1,-1,1,-1,1,1,1,1,1,1,-1,-1,-1,1,-1,-1,1,-1,1,-1,1,1,1,1,1,-1,-1,1,-1,-1,1,-1,1,-1,1,1,1,1,1,1,-1,-1,1,-1,1,1,-1,-1,1,1,1,-1,1,-1,-1,-1,1,-1,1,1,-1,-1,1,1,1,1,-1,1,-1,1,-1,-1,1,-1,-1,-1,1,-1,1,1,-1,-1,-1,1,-1,1,1,1,-1,-1,1,-1,-1,1,-1,-1,-1,1,-1,1,1,1,-1,-1,1,1,-1,1,-1,-1,-1,-1,-1,-1,1,-1,-1,-1,1,-1,-1,1,-1,-1,-1,-1,1,-1,1,-1,-1,1,-1,1,-1,-1,1,1,1,-1,1,-1,1,-1,1,-1,1,-1,-1,-1,1,-1,-1,-1,1,-1,1,1,-1,1,1,1,-1,1,1,-1,1,-1,1,1,-1,1,-1,-1,1,1,-1,-1,1,-1,-1,1,1,1,-1,1,-1,-1,1,1,-1,-1,1,-1,-1,-1,1,1,-1,1,1,-1,-1,1,-1,-1,1,-1,1,-1,1,-1,-1,-1,1,-1,-1,-1,-1,-1,1,1,1,-1,-1,1,-1,-1,1,-1,-1,1,-1,-1,1,1,-1,-1,1,-1,-1,1,1,-1,1,-1,-1,-1,-1,1,1,-1,-1,-1,-1,-1,1,-1,-1,1,-1,-1,-1,1,1,-1,-1,-1,-1,-1,1,-1,-1,-1,-1,-1,1,1,1,-1,-1,-1,-1,-1,1,1,-1,-1,-1,-1,-1,1,1,1,-1,-1,-1,-1,1,1,-1,-1,-1,-1,1,1,1,1,1,-1,1,1,1,1,1,1,-1,-1,1,1,1,1,-1,-1,1,1,1,1,-1,1,-1,-1,1,-1,1,-1,1,-1,-1,1,-1,1,1,1,-1,-1,1,-1,1,-1,1,-1,-1,1,-1,1,1,1,-1,1,-1,-1,1,1,1,-1,-1,1,1,-1,1,1,-1,-1,1,-1,1,-1,1,-1,-1,-1,-1,-1,1,1,-1,-1,1,-1,-1,1,1,-1,-1,-1,-1,-1,-1,1,-1,-1,-1,-1,-1,1,-1,-1,1,-1,-1,1,-1,1,-1,-1,-1,-1,-1,1,1,1,-1,-1,-1,1,1,1,-1,-1,1,1,-1,-1,1,-1,1,-1,-1,1,1,1,-1,-1,-1,-1,1,-1,1,1,-1,1,-1,-1,1,1,-1,-1,-1,-1,-1,-1,1,1,-1,-1,1,-1,1,1,-1,-1,-1,1,-1,1,1,-1,-1,1,-1,-1,1,1,1,-1,1,-1,1,1,1,-1,-1,1,-1,-1,1,1,1,-1,1,-1,-1,1,1,-1,1,1,-1,-1,1,1,-1,1,1,-1,-1,1,1,-1,1,1,-1,-1,1,1,1,1,-1,1,-1,-1,1,1,-1,1,-1,-1,1,-1,1,1,1,1,-1,-1,1,-1,1,1,1,-1,1,1,1,1,-1,1,-1,1,1,1,1,1,1,1,-1,1,1,1,1,-1,1,-1,1,1,1,1,1,-1,1,1,1,1,-1,1,1,-1,1,1,-1,1,1,-1,-1,1,1,1,1,-1,1,-1,1,1,1,-1,-1,1,-1,1,1,1,-1,1,-1,-1,-1,1,1,-1,-1,1,-1,-1,1,1,-1,-1,1,-1,-1,1,1,1,-1,1,-1,-1,1,1,-1,-1,-1,1,-1,-1,1,-1,1,1,-1,1,1,-1,-1,1,-1,-1,-1,-1,1,-1,1,1,-1,1,1,-1,-1,1,-1,1,-1,-1,-1,-1,1,-1,-1,1,1,-1,1,1,-1,1,1,1,1,-1,1,-1,1,1,1,1,-1,1,-1,-1,1,1,1,-1,1,-1,1,1,1,1,-1,1,-1,1,1,-1,-1,-1,1,-1,-1,1,1,-1,-1,-1,1,-1,1,-1,1,-1,1,-1,-1,1,-2666.0,1,2000,445,1000,False
1935,1,1,-1,-1,1,1,-1,-1,1,1,1,-1,-1,1,1,1,-1,1,-1,-1,-1,-1,1,1,1,-1,-1,-1,1,1,1,1,-1,-1,-1,-1,1,-1,1,1,-1,-1,-1,1,1,1,1,-1,1,1,1,1,-1,1,-1,-1,1,-1,1,1,1,-1,-1,-1,1,1,1,1,-1,-1,-1,1,1,1,1,-1,-1,-1,1,1,1,-1,-1,-1,1,1,1,1,-1,-1,-1,1,1,1,1,-1,-1,1,1,-1,1,1,-1,-1,1,1,1,1,1,-1,-1,1,1,-1,1,1,-1,-1,1,1,1,1,1,1,-1,1,1,1,-1,1,1,-1,1,1,1,1,1,1,-1,-1,1,1,1,1,1,-1,1,1,1,1,1,1,-1,-1,-1,1,1,1,1,-1,1,1,1,1,-1,1,-1,1,-1,1,1,1,-1,-1,1,1,1,1,1,-1,1,-1,-1,1,-1,1,-1,1,1,1,1,1,1,1,1,1,-1,1,-1,1,-1,1,1,-1,1,-1,1,1,-1,1,-1,1,-1,1,-1,1,1,-1,-1,-1,1,1,1,1,-1,-1,1,1,-1,-1,1,-1,1,-1,1,1,-1,1,-1,1,-1,1,-1,1,1,-1,1,-1,1,1,-1,1,-1,1,1,1,-1,1,1,-1,1,-1,1,-1,1,-1,1,-1,1,1,-1,1,-1,-1,-1,1,1,-1,1,-1,-1,-1,1,1,-1,-1,1,1,-1,-1,1,1,-1,1,1,-1,1,1,1,1,-1,1,-1,1,1,-1,1,-1,1,1,1,1,1,1,1,1,-1,-1,1,-1,-1,-1,1,1,-1,1,1,1,-1,1,1,1,1,1,1,1,1,-1,1,1,1,-1,1,1,-1,1,1,1,-1,1,1,-1,-1,1,1,1,-1,1,-1,1,1,1,-1,1,1,-1,1,1,1,-1,1,1,-1,1,1,1,-1,1,1,-1,-1,1,1,-1,1,1,-1,1,-1,1,-1,1,1,1,-1,1,1,1,-1,1,1,-1,1,1,-1,1,1,1,-1,-1,-1,-1,1,1,1,-1,1,1,-1,1,1,-1,-1,1,1,1,1,1,-1,1,1,1,-1,1,1,1,1,-1,1,1,-1,-1,1,-1,1,1,1,-1,1,1,-1,-1,-1,1,-1,-1,1,-1,1,-1,1,-1,1,1,1,-1,-1,1,-1,-1,1,-1,1,-1,1,1,1,1,1,1,-1,-1,1,-1,1,1,-1,-1,1,1,1,-1,1,-1,-1,-1,1,-1,1,1,-1,-1,1,1,1,1,-1,1,-1,1,-1,1,1,-1,-1,-1,1,-1,1,1,-1,-1,-1,1,1,1,1,1,-1,-1,1,-1,-1,1,-1,-1,-1,1,1,1,1,1,-1,-1,1,1,-1,1,-1,-1,-1,-1,1,-1,1,-1,-1,-1,-1,1,-1,1,-1,-1,-1,-1,-1,-1,1,-1,-1,1,-1,1,-1,-1,1,1,1,-1,1,-1,1,1,1,1,1,1,-1,-1,1,-1,-1,1,1,1,-1,1,-1,1,1,1,-1,1,1,-1,1,-1,1,-1,-1,1,-1,-1,1,1,1,-1,1,-1,-1,1,1,-1,-1,1,-1,-1,1,1,-1,-1,1,-1,-1,-1,1,1,-1,1,-1,-1,-1,1,-1,-1,1,-1,1,-1,1,1,-1,-1,1,-1,-1,-1,-1,-1,1,1,1,-1,-1,1,-1,-1,1,-1,-1,1,-1,-1,-1,1,-1,-1,1,1,-1,1,1,-1,1,-1,1,-1,-1,1,1,-1,-1,-1,-1,-1,1,-1,-1,1,-1,-1,-1,1,1,-1,-1,-1,-1,-1,1,-1,-1,-1,-1,-1,-1,1,1,-1,-1,-1,-1,1,1,1,-1,-1,-1,-1,-1,1,1,1,-1,-1,-1,-1,1,1,-1,-1,-1,-1,1,1,1,1,1,-1,1,1,1,1,1,1,-1,-1,1,1,1,1,-1,-1,1,1,1,1,-1,1,-1,-1,1,-1,1,-1,1,-1,-1,1,-1,1,-1,1,-1,-1,1,-1,1,-1,1,1,-1,1,-1,1,1,1,1,-1,1,-1,1,1,1,-1,-1,1,1,-1,1,1,-1,-1,1,-1,1,-1,1,-1,-1,-1,-1,-1,1,1,-1,-1,1,-1,-1,1,1,-1,-1,-1,-1,-1,-1,1,-1,-1,-1,-1,1,1,-1,-1,1,-1,-1,1,-1,1,-1,-1,-1,-1,-1,1,1,1,-1,-1,-1,1,1,1,-1,-1,-1,1,-1,-1,1,-1,1,-1,-1,1,1,1,-1,-1,-1,-1,1,-1,1,1,-1,1,-1,-1,1,1,-1,-1,-1,-1,-1,-1,1,1,-1,-1,1,-1,1,1,-1,-1,-1,1,-1,1,1,-1,-1,1,-1,-1,1,1,1,-1,1,-1,1,1,1,-1,-1,1,-1,-1,1,1,1,-1,1,-1,-1,1,1,-1,1,1,-1,-1,1,1,-1,1,1,-1,-1,1,1,-1,1,1,-1,-1,1,1,1,1,1,1,-1,-1,1,1,1,1,-1,-1,1,-1,1,1,1,1,-1,-1,1,-1,1,1,1,-1,1,1,1,1,-1,1,-1,1,1,1,1,1,1,1,-1,1,1,1,1,-1,1,-1,1,1,1,1,1,-1,1,1,1,1,-1,1,1,-1,1,1,-1,1,1,-1,-1,1,1,1,1,-1,1,-1,1,1,1,-1,-1,1,-1,1,1,1,-1,1,-1,-1,1,1,1,-1,-1,1,-1,-1,1,1,-1,-1,1,-1,-1,1,1,1,-1,1,-1,-1,1,1,-1,-1,-1,1,-1,1,1,-1,1,1,-1,-1,1,-1,-1,1,1,-1,-1,1,1,-1,1,1,-1,1,1,-1,-1,-1,-1,1,-1,-1,-1,-1,-1,1,-1,1,1,-1,1,1,-1,1,-1,1,1,-1,1,-1,1,1,1,1,-1,1,-1,-1,-1,1,1,-1,1,-1,1,-1,1,1,-1,1,-1,1,1,1,-1,-1,1,-1,-1,-1,1,-1,-1,-1,1,-1,1,-1,1,-1,1,-1,1,1,-2666.0,1,2000,445,1500,False
1936,1,1,-1,-1,1,1,-1,-1,1,1,1,-1,-1,1,1,1,-1,1,-1,-1,-1,-1,1,1,1,-1,-1,-1,1,1,1,1,1,-1,-1,-1,1,1,1,1,-1,-1,-1,1,1,1,1,-1,1,1,1,1,-1,1,-1,-1,1,-1,1,1,1,-1,-1,-1,1,1,1,1,-1,-1,-1,1,1,1,1,-1,-1,-1,1,1,1,-1,-1,-1,1,1,1,1,-1,-1,-1,1,1,1,1,-1,-1,1,1,-1,1,1,-1,-1,1,1,1,1,1,-1,-1,1,1,1,1,1,-1,-1,1,1,1,1,1,1,-1,-1,1,1,-1,1,1,-1,1,1,1,1,1,1,-1,-1,1,1,1,1,1,-1,1,1,1,1,1,1,-1,-1,-1,1,1,1,1,-1,1,1,1,1,-1,1,-1,1,-1,1,1,1,-1,-1,1,1,1,1,1,-1,1,-1,-1,1,-1,1,-1,1,1,1,1,1,1,1,1,1,-1,1,-1,1,-1,1,1,-1,1,-1,1,1,-1,1,-1,1,-1,1,-1,1,1,-1,1,-1,1,1,1,1,-1,-1,1,1,-1,-1,1,-1,1,-1,1,1,-1,1,-1,1,-1,1,-1,-1,1,-1,1,-1,1,1,-1,1,-1,1,1,1,-1,1,1,-1,1,-1,1,-1,1,-1,1,-1,1,1,-1,1,-1,-1,-1,1,1,-1,1,-1,-1,-1,1,1,-1,-1,1,1,-1,-1,1,1,-1,1,1,-1,1,1,1,1,-1,1,-1,1,1,-1,1,-1,1,1,1,1,1,1,1,1,-1,-1,1,-1,-1,1,1,1,-1,1,1,1,-1,1,1,1,1,1,1,-1,1,-1,1,1,1,-1,-1,1,-1,1,1,1,-1,1,1,-1,-1,1,1,1,-1,1,-1,1,1,1,-1,1,1,-1,1,1,1,-1,1,1,-1,1,1,1,-1,1,1,-1,-1,1,1,-1,1,1,-1,1,-1,1,-1,1,1,1,-1,1,1,1,1,1,1,-1,1,1,-1,1,-1,1,-1,-1,-1,-1,1,1,1,-1,1,1,-1,1,1,-1,-1,1,1,1,1,1,-1,1,1,1,-1,1,1,1,-1,-1,1,1,1,-1,1,-1,1,1,1,1,1,1,-1,-1,-1,1,-1,-1,1,1,-1,1,1,1,1,1,1,1,-1,1,-1,-1,1,-1,1,-1,1,1,1,1,1,1,-1,-1,1,-1,1,1,1,-1,1,1,1,-1,1,1,-1,-1,1,-1,1,1,1,-1,1,1,1,1,1,1,-1,1,-1,-1,1,1,-1,-1,1,-1,1,1,1,-1,-1,1,-1,1,1,1,-1,-1,1,-1,-1,1,1,-1,-1,1,-1,1,1,1,1,-1,1,1,-1,1,-1,1,-1,-1,1,1,1,1,-1,-1,1,1,-1,1,-1,1,-1,-1,1,-1,1,-1,1,-1,-1,1,-1,-1,1,1,1,-1,1,-1,1,1,1,-1,1,-1,-1,-1,1,-1,-1,1,1,1,-1,1,-1,1,1,1,-1,1,1,-1,1,-1,1,-1,-1,1,-1,-1,1,1,1,-1,1,-1,-1,1,1,-1,-1,1,-1,-1,1,1,-1,-1,1,-1,-1,-1,1,1,-1,1,-1,-1,-1,1,-1,-1,1,-1,1,-1,1,1,-1,-1,1,-1,-1,-1,-1,-1,1,1,1,-1,-1,1,-1,-1,1,-1,-1,1,-1,-1,-1,1,-1,-1,1,-1,-1,1,1,-1,1,-1,1,-1,-1,1,1,-1,-1,-1,-1,1,1,-1,-1,1,-1,-1,-1,1,1,-1,-1,-1,-1,-1,1,-1,-1,-1,-1,-1,1,1,1,-1,-1,-1,-1,-1,1,1,-1,-1,-1,-1,-1,1,1,1,-1,-1,-1,-1,1,1,-1,-1,-1,-1,1,1,1,1,-1,-1,1,1,1,1,1,-1,-1,-1,1,1,1,1,-1,-1,1,1,1,1,-1,1,-1,-1,1,-1,1,-1,1,-1,-1,1,-1,1,-1,1,-1,-1,1,-1,1,-1,-1,-1,-1,1,-1,1,-1,1,-1,-1,1,-1,1,-1,-1,-1,-1,1,1,-1,-1,-1,-1,-1,1,-1,1,-1,-1,-1,-1,-1,-1,-1,1,-1,-1,-1,1,-1,-1,1,-1,-1,-1,-1,-1,1,1,-1,-1,-1,-1,-1,1,-1,-1,-1,1,-1,-1,1,-1,1,-1,-1,-1,-1,-1,-1,-1,1,-1,-1,-1,1,1,-1,-1,-1,-1,1,-1,-1,-1,-1,1,-1,-1,1,-1,1,-1,-1,-1,-1,1,-1,1,1,-1,1,-1,-1,1,1,-1,-1,-1,-1,-1,-1,1,1,-1,-1,1,-1,1,1,-1,-1,-1,1,-1,1,1,-1,-1,1,-1,-1,1,1,1,-1,1,-1,1,1,1,-1,-1,1,-1,-1,1,1,1,-1,1,-1,-1,1,1,-1,1,1,-1,-1,1,1,-1,1,1,-1,-1,1,1,1,1,1,-1,-1,1,1,1,1,-1,1,-1,-1,1,1,-1,1,-1,-1,1,-1,1,1,1,1,-1,-1,1,-1,1,1,1,-1,1,1,1,1,-1,1,-1,1,1,1,1,1,1,1,-1,1,1,1,1,-1,1,-1,1,1,1,1,1,-1,1,1,1,1,-1,1,1,-1,1,1,-1,1,1,-1,-1,1,1,1,1,-1,1,-1,1,1,1,-1,-1,1,-1,1,1,1,-1,1,-1,-1,-1,1,1,-1,-1,1,-1,-1,1,1,-1,-1,1,-1,-1,1,1,1,-1,1,-1,-1,1,1,-1,-1,-1,1,-1,1,1,-1,1,1,-1,1,1,-1,-1,1,-1,-1,-1,1,1,-1,1,1,-1,1,1,-1,-1,1,-1,1,-1,-1,-1,-1,1,-1,-1,1,1,-1,1,1,-1,1,1,1,1,-1,1,-1,1,1,1,1,-1,1,-1,-1,-1,1,1,-1,1,-1,1,1,1,1,-1,1,-1,1,1,1,-1,-1,1,-1,-1,1,1,-1,-1,-1,1,-1,1,1,1,-1,1,-1,-1,1,-2666.0,1,2000,445,1500,False
1937,1,1,-1,-1,1,-1,-1,-1,1,1,1,-1,1,1,-1,1,-1,1,-1,-1,1,1,1,1,1,-1,1,-1,1,1,1,1,-1,-1,-1,-1,1,1,1,1,-1,-1,1,1,1,1,1,-1,1,1,1,1,-1,1,-1,-1,1,-1,1,1,1,-1,-1,1,1,1,1,1,-1,-1,1,1,1,1,1,-1,-1,-1,1,1,1,-1,-1,-1,1,1,1,1,-1,-1,-1,1,1,1,1,-1,-1,1,1,-1,1,1,-1,-1,1,1,1,1,1,-1,-1,1,1,1,1,1,-1,-1,1,1,1,1,1,1,-1,1,1,1,-1,1,1,-1,1,1,1,1,1,1,-1,-1,1,1,1,1,1,-1,1,1,1,1,1,1,-1,-1,-1,1,1,1,1,-1,1,1,1,1,-1,1,-1,1,-1,1,1,1,-1,-1,1,1,1,1,1,-1,1,-1,-1,1,-1,1,-1,1,1,1,1,1,1,1,1,1,-1,1,-1,1,-1,1,1,-1,1,-1,1,1,-1,1,-1,1,-1,1,-1,1,1,-1,1,-1,1,1,1,1,-1,-1,1,1,-1,-1,1,-1,1,-1,-1,1,-1,1,-1,1,-1,1,-1,1,1,-1,-1,-1,1,1,-1,1,-1,1,1,1,-1,1,1,-1,-1,-1,1,-1,1,-1,1,-1,1,1,-1,1,-1,-1,-1,1,1,-1,1,-1,-1,-1,1,1,-1,-1,1,1,-1,-1,1,1,-1,1,1,-1,1,1,1,1,-1,1,-1,1,1,-1,1,-1,1,1,1,1,1,1,1,1,-1,-1,1,-1,-1,1,1,1,-1,1,1,1,-1,1,1,1,1,1,1,1,1,-1,1,1,1,-1,1,1,-1,1,1,1,-1,1,1,-1,-1,1,1,1,-1,1,-1,1,1,1,-1,1,1,-1,1,1,1,-1,1,1,-1,1,1,1,-1,1,1,-1,-1,1,1,1,1,1,-1,1,-1,1,-1,1,-1,1,-1,1,1,1,-1,-1,1,-1,1,1,-1,1,1,1,-1,-1,-1,-1,1,1,1,-1,1,1,-1,1,1,-1,-1,1,1,-1,1,1,-1,1,1,1,1,1,1,1,-1,-1,1,1,1,-1,1,-1,1,-1,-1,1,1,1,-1,1,-1,1,-1,1,1,1,-1,1,-1,1,1,1,1,1,-1,1,-1,-1,1,-1,1,-1,1,-1,-1,1,1,1,-1,-1,1,-1,1,1,1,-1,1,1,1,-1,1,1,-1,1,-1,-1,1,1,1,1,-1,-1,1,1,1,1,-1,1,-1,-1,1,1,-1,1,1,-1,1,1,1,-1,-1,-1,-1,1,1,1,-1,1,-1,-1,-1,1,1,-1,-1,1,-1,1,1,1,1,-1,-1,1,-1,1,1,1,-1,-1,1,-1,1,1,-1,-1,1,-1,-1,1,-1,1,-1,-1,-1,-1,1,-1,1,-1,-1,-1,-1,-1,1,1,1,-1,1,-1,1,-1,1,1,1,-1,-1,-1,1,-1,1,1,1,-1,1,1,-1,-1,1,1,-1,1,1,-1,1,-1,1,1,-1,1,-1,-1,1,1,-1,-1,1,-1,-1,1,1,1,-1,1,-1,1,1,1,-1,-1,1,-1,-1,-1,1,1,-1,1,1,-1,-1,1,-1,-1,1,-1,1,-1,1,1,-1,-1,1,-1,-1,-1,-1,-1,1,1,1,-1,-1,1,-1,-1,1,-1,-1,1,-1,-1,1,1,-1,-1,1,-1,-1,1,1,-1,1,-1,1,-1,-1,1,1,-1,-1,-1,-1,1,1,-1,-1,1,-1,-1,-1,1,1,-1,-1,-1,-1,-1,1,-1,-1,-1,-1,-1,1,1,1,-1,-1,-1,-1,-1,1,1,-1,-1,-1,-1,-1,1,1,1,-1,-1,-1,-1,1,1,-1,-1,-1,-1,1,1,1,1,-1,-1,1,1,1,1,1,-1,-1,-1,1,1,1,-1,1,-1,1,1,1,1,-1,1,-1,-1,1,-1,1,-1,1,-1,-1,1,-1,1,-1,-1,-1,-1,1,-1,1,-1,1,-1,-1,1,-1,1,-1,1,-1,-1,1,-1,1,-1,-1,-1,-1,1,1,-1,-1,-1,-1,-1,1,-1,1,-1,-1,-1,-1,-1,-1,-1,1,-1,-1,-1,1,-1,-1,1,-1,-1,-1,-1,-1,-1,1,-1,-1,-1,-1,-1,1,-1,-1,-1,1,-1,-1,1,-1,1,-1,-1,-1,-1,-1,-1,-1,1,-1,-1,-1,-1,1,-1,-1,-1,1,-1,-1,-1,-1,-1,1,-1,-1,1,-1,1,-1,-1,-1,-1,1,1,1,1,-1,1,-1,-1,-1,1,-1,-1,-1,-1,-1,-1,1,1,-1,-1,1,-1,1,1,-1,-1,-1,1,-1,-1,1,-1,-1,1,-1,-1,1,1,1,-1,1,-1,1,1,1,-1,-1,1,-1,-1,1,-1,1,-1,1,-1,-1,1,1,-1,1,1,-1,-1,1,1,-1,1,1,-1,-1,1,1,-1,1,1,-1,-1,1,1,1,1,1,1,-1,1,1,1,1,1,-1,-1,1,-1,1,1,1,1,-1,-1,1,-1,1,1,1,-1,1,1,1,1,-1,1,-1,1,1,1,1,1,1,1,-1,1,1,1,1,-1,1,-1,1,1,1,1,1,1,-1,1,1,1,-1,1,-1,-1,1,1,-1,1,1,1,1,1,1,1,1,-1,1,-1,1,1,1,-1,-1,1,-1,1,1,1,-1,1,-1,-1,-1,1,1,-1,-1,1,-1,1,1,1,-1,-1,1,-1,1,1,1,1,-1,1,-1,1,1,1,-1,-1,-1,-1,1,-1,1,-1,1,1,1,-1,1,-1,-1,1,1,-1,1,1,1,-1,1,-1,1,1,1,-1,-1,-1,-1,1,1,-1,-1,-1,-1,-1,1,-1,1,-1,1,1,-1,1,1,1,1,-1,1,-1,1,1,1,1,-1,1,-1,1,-1,1,1,-1,1,-1,1,1,1,1,-1,1,-1,1,1,-1,-1,-1,1,-1,-1,1,1,-1,-1,-1,1,-1,1,-1,1,-1,1,-1,-1,1,-2666.0,1,2000,445,1500,False
1938,1,1,-1,-1,1,1,-1,-1,1,1,1,-1,1,1,1,1,-1,1,-1,-1,-1,-1,1,1,1,-1,1,-1,1,1,1,1,-1,-1,-1,-1,1,-1,1,1,-1,-1,-1,1,1,1,1,-1,1,1,1,1,-1,1,-1,-1,1,-1,1,1,1,-1,-1,-1,1,1,1,1,-1,-1,-1,1,1,1,1,-1,-1,-1,1,1,1,-1,-1,-1,1,1,1,1,-1,-1,-1,1,1,1,1,-1,-1,1,1,-1,1,1,-1,-1,1,1,1,1,1,-1,-1,1,1,1,1,1,-1,-1,1,1,1,1,1,1,-1,1,1,1,-1,1,1,-1,1,1,1,1,1,1,-1,-1,1,1,1,1,1,-1,1,1,1,1,1,1,-1,-1,-1,1,1,1,1,-1,1,1,1,1,-1,1,-1,1,-1,1,1,1,-1,-1,1,1,1,1,1,-1,1,-1,-1,1,1,1,-1,1,1,1,1,-1,1,1,1,1,-1,1,-1,1,-1,1,1,-1,1,-1,1,1,-1,1,-1,1,-1,1,-1,1,1,-1,1,-1,1,1,1,1,-1,-1,1,1,-1,-1,1,-1,1,-1,1,1,-1,1,-1,1,-1,1,-1,1,1,-1,-1,-1,1,1,-1,1,-1,1,1,1,-1,1,1,-1,1,-1,1,-1,1,-1,1,-1,1,1,-1,1,-1,-1,-1,-1,1,-1,1,-1,-1,-1,-1,1,-1,-1,1,1,-1,1,1,1,-1,1,1,-1,1,1,1,1,-1,1,-1,1,1,-1,1,-1,1,-1,1,-1,1,1,1,1,-1,-1,1,-1,-1,-1,1,1,-1,1,1,1,-1,1,1,1,1,1,1,1,1,-1,1,1,1,-1,-1,1,-1,1,1,1,-1,1,1,-1,-1,1,1,1,-1,1,-1,1,1,1,-1,1,1,-1,1,1,1,-1,1,1,-1,1,1,1,-1,1,1,1,-1,1,1,-1,1,1,-1,1,-1,1,-1,1,1,1,-1,1,1,1,-1,1,1,-1,1,1,-1,1,1,1,-1,-1,-1,-1,1,1,1,-1,1,1,-1,1,1,-1,-1,1,1,1,1,1,-1,1,1,1,-1,1,1,1,1,-1,1,1,1,-1,1,-1,1,1,1,1,1,1,-1,-1,-1,1,-1,-1,1,1,-1,1,1,-1,1,1,1,1,-1,1,-1,-1,1,-1,1,-1,1,1,1,1,1,1,-1,-1,1,-1,1,1,1,-1,1,1,1,-1,1,1,-1,-1,1,-1,1,1,1,-1,1,1,1,1,1,1,-1,1,-1,-1,1,1,-1,-1,1,-1,-1,1,1,-1,-1,1,-1,1,1,1,-1,-1,1,-1,-1,1,1,-1,-1,1,-1,1,1,1,1,-1,1,-1,-1,-1,1,1,-1,-1,-1,1,-1,1,-1,-1,1,-1,-1,1,-1,1,-1,-1,1,-1,1,-1,1,-1,-1,1,-1,-1,1,1,1,-1,1,-1,1,-1,1,1,1,-1,-1,-1,1,-1,-1,1,1,1,-1,1,-1,1,1,1,-1,1,1,-1,1,-1,1,-1,-1,1,-1,-1,1,1,1,-1,1,-1,-1,1,1,-1,-1,1,-1,-1,1,1,-1,-1,1,-1,-1,-1,1,1,-1,1,1,-1,-1,1,-1,-1,1,-1,1,-1,1,1,-1,-1,1,-1,-1,-1,-1,-1,1,1,1,-1,1,1,-1,-1,1,-1,-1,-1,-1,-1,1,1,-1,-1,-1,-1,-1,1,1,-1,1,1,1,-1,-1,1,1,-1,-1,-1,-1,1,1,-1,-1,1,-1,-1,-1,1,1,-1,-1,-1,-1,-1,1,-1,-1,1,-1,-1,1,1,1,-1,1,-1,-1,-1,1,1,-1,-1,-1,-1,-1,1,1,1,-1,-1,-1,-1,1,1,-1,-1,-1,-1,1,-1,1,1,-1,-1,1,1,-1,1,1,-1,-1,-1,1,1,1,1,1,-1,1,1,1,1,-1,1,-1,-1,1,-1,1,-1,1,-1,-1,1,-1,1,-1,-1,-1,-1,1,-1,1,-1,1,1,-1,1,-1,1,-1,1,1,1,-1,-1,1,-1,-1,-1,-1,1,-1,-1,-1,-1,-1,-1,1,-1,1,-1,-1,-1,-1,1,1,-1,1,-1,-1,-1,1,1,-1,1,-1,-1,-1,-1,-1,1,1,-1,-1,-1,-1,-1,1,-1,-1,-1,1,-1,-1,1,-1,1,-1,-1,-1,-1,-1,-1,-1,1,-1,-1,-1,1,1,1,-1,-1,-1,1,-1,-1,-1,-1,1,-1,-1,1,1,1,-1,-1,-1,-1,1,-1,1,1,-1,1,-1,-1,1,1,-1,-1,-1,-1,-1,-1,1,1,-1,-1,1,-1,1,1,-1,-1,-1,1,-1,-1,1,-1,-1,1,-1,-1,1,1,1,-1,1,-1,1,1,1,-1,-1,1,-1,-1,1,-1,1,-1,1,-1,-1,1,1,-1,1,1,-1,-1,1,1,-1,1,1,-1,-1,1,1,-1,1,1,-1,-1,1,1,1,1,1,1,-1,-1,1,1,1,1,-1,-1,1,-1,1,1,1,1,-1,-1,1,-1,1,1,1,-1,1,1,1,1,-1,1,-1,1,1,1,1,1,1,1,-1,1,1,1,1,-1,1,-1,1,1,1,1,1,-1,1,1,1,1,-1,1,1,-1,1,1,-1,1,1,-1,-1,1,1,1,1,-1,1,-1,1,1,1,-1,-1,1,-1,1,1,1,-1,1,-1,-1,-1,1,1,-1,-1,1,-1,-1,1,1,-1,-1,1,-1,-1,-1,1,1,-1,1,-1,-1,1,1,-1,-1,-1,1,-1,-1,1,-1,1,1,-1,1,1,-1,-1,1,1,-1,-1,1,1,-1,1,1,-1,1,1,-1,-1,1,-1,1,-1,-1,-1,-1,1,-1,-1,1,1,-1,1,1,-1,1,1,1,1,-1,1,-1,1,1,1,1,-1,1,-1,1,1,1,1,-1,1,-1,-1,1,1,1,-1,1,-1,1,1,1,-1,-1,1,-1,-1,1,1,-1,-1,-1,1,-1,1,-1,1,-1,1,-1,-1,1,-2666.0,1,2000,445,1000,False
1939,1,1,-1,-1,1,1,-1,-1,1,1,1,-1,-1,1,1,1,-1,1,-1,-1,-1,-1,1,1,1,-1,-1,-1,1,1,1,1,-1,-1,-1,-1,1,1,1,1,-1,-1,-1,1,1,1,1,-1,1,1,1,1,-1,1,-1,-1,1,-1,1,1,1,-1,-1,-1,1,1,1,1,-1,-1,-1,1,1,1,1,-1,-1,-1,1,1,1,-1,-1,-1,1,1,1,1,-1,1,-1,1,1,1,1,-1,-1,1,1,-1,1,1,-1,-1,1,1,1,1,1,-1,-1,1,1,1,1,1,-1,-1,1,1,1,1,1,1,-1,1,1,1,-1,1,1,-1,1,1,1,1,1,1,-1,-1,1,1,1,1,1,-1,1,1,1,1,1,1,-1,-1,-1,1,1,1,1,-1,1,1,1,1,-1,1,-1,1,-1,1,1,1,-1,-1,1,1,1,1,1,-1,1,-1,-1,1,1,1,-1,1,1,1,1,-1,1,1,1,1,-1,1,-1,1,-1,1,1,-1,1,-1,1,1,-1,1,-1,1,-1,1,-1,1,1,-1,1,-1,1,1,1,1,-1,-1,1,1,-1,-1,1,-1,1,-1,1,1,-1,1,-1,1,-1,1,-1,-1,1,-1,-1,1,-1,1,-1,1,-1,1,1,1,-1,1,1,-1,1,-1,1,-1,1,-1,1,-1,1,1,-1,1,-1,-1,-1,-1,1,-1,1,-1,-1,-1,1,1,-1,-1,1,1,-1,1,1,1,-1,1,1,-1,1,1,1,1,-1,1,-1,1,1,-1,1,-1,1,-1,1,-1,1,1,1,1,-1,-1,1,-1,-1,1,1,1,-1,1,1,1,-1,1,1,1,1,1,1,-1,1,-1,1,1,1,-1,-1,1,-1,1,1,1,-1,1,1,-1,-1,1,1,1,-1,1,-1,1,1,1,-1,1,1,-1,1,1,1,-1,1,1,-1,1,1,1,-1,1,1,-1,-1,1,1,-1,1,1,-1,1,-1,1,-1,1,1,1,-1,1,1,1,1,1,1,-1,1,1,-1,1,1,1,-1,-1,-1,-1,1,1,1,-1,1,1,-1,1,1,-1,-1,1,1,1,1,1,-1,1,1,1,-1,1,1,1,-1,-1,1,1,1,-1,1,-1,1,1,1,1,1,1,-1,-1,-1,1,-1,-1,1,1,-1,1,1,1,1,1,1,1,-1,1,-1,-1,1,-1,1,-1,1,1,1,1,1,1,-1,-1,1,-1,1,1,1,-1,1,1,1,-1,1,1,-1,-1,1,-1,1,1,1,-1,1,1,1,1,1,1,-1,1,-1,-1,1,1,-1,-1,1,-1,1,1,1,-1,-1,1,-1,1,1,1,-1,-1,1,-1,-1,1,1,-1,-1,1,-1,1,1,1,1,-1,1,1,-1,1,1,1,-1,-1,1,-1,1,1,-1,-1,1,1,-1,1,-1,1,-1,-1,1,-1,1,-1,1,-1,-1,1,-1,-1,1,1,1,-1,1,-1,1,-1,1,-1,1,-1,-1,-1,1,-1,-1,1,1,1,-1,1,-1,1,1,1,-1,1,1,-1,-1,-1,1,-1,-1,1,-1,-1,1,1,1,-1,1,-1,-1,1,1,-1,-1,1,-1,-1,1,1,-1,-1,1,-1,-1,-1,1,1,-1,1,1,-1,-1,1,-1,-1,1,-1,1,-1,1,1,-1,-1,1,-1,-1,-1,-1,-1,1,1,1,-1,-1,1,-1,-1,1,-1,-1,1,-1,-1,1,1,-1,-1,1,-1,-1,1,1,-1,1,-1,-1,-1,-1,1,1,-1,-1,-1,-1,-1,1,-1,-1,1,-1,-1,-1,1,1,-1,-1,-1,-1,-1,1,-1,-1,-1,-1,-1,1,1,1,-1,-1,-1,-1,-1,1,1,-1,-1,-1,-1,-1,1,1,1,-1,-1,-1,-1,1,1,-1,-1,-1,-1,1,-1,1,1,-1,-1,1,1,-1,1,1,-1,-1,-1,1,1,1,1,1,-1,1,1,1,1,-1,1,-1,-1,1,-1,1,-1,1,-1,-1,1,-1,1,-1,-1,-1,-1,1,-1,1,-1,1,-1,-1,1,-1,1,-1,1,-1,1,-1,-1,1,-1,-1,-1,-1,1,-1,-1,-1,-1,-1,-1,1,-1,1,-1,-1,-1,-1,1,1,-1,1,-1,-1,-1,1,-1,-1,1,-1,-1,-1,-1,1,-1,1,-1,-1,-1,-1,-1,1,-1,-1,-1,1,-1,-1,1,-1,1,-1,-1,-1,-1,-1,-1,-1,1,-1,-1,-1,1,1,-1,-1,-1,-1,1,-1,-1,-1,-1,1,-1,-1,1,-1,1,-1,-1,-1,-1,1,-1,1,1,-1,1,-1,-1,1,1,-1,-1,-1,-1,-1,-1,1,1,-1,-1,1,-1,1,1,-1,-1,-1,1,-1,1,1,-1,-1,1,-1,-1,1,1,1,-1,1,-1,1,1,1,-1,-1,1,-1,-1,1,1,1,-1,1,-1,-1,1,1,-1,1,1,-1,-1,1,1,1,1,1,-1,-1,1,1,-1,1,1,-1,-1,1,1,1,1,-1,1,-1,-1,1,1,-1,1,-1,-1,1,-1,1,1,1,1,-1,-1,1,-1,1,1,1,-1,1,1,1,1,-1,1,-1,1,1,1,1,1,1,1,-1,1,1,1,1,-1,1,-1,1,1,1,1,1,-1,1,1,1,1,-1,1,1,-1,1,1,-1,1,1,-1,-1,1,1,1,1,-1,1,-1,1,1,1,-1,-1,1,-1,1,1,1,-1,1,-1,-1,-1,1,1,-1,-1,1,-1,-1,1,1,-1,-1,1,-1,-1,1,1,1,-1,1,-1,-1,1,1,-1,-1,-1,1,-1,1,1,-1,1,1,-1,1,1,-1,-1,1,-1,-1,-1,-1,1,-1,1,1,-1,1,1,-1,-1,-1,-1,1,-1,-1,-1,-1,1,-1,-1,1,1,-1,1,1,-1,1,1,1,1,-1,1,-1,1,1,1,1,-1,1,-1,-1,-1,1,1,-1,1,-1,1,1,1,1,-1,1,-1,1,1,1,-1,-1,1,-1,-1,1,1,-1,-1,-1,1,-1,1,1,1,-1,1,-1,-1,1,-2666.0,1,2000,445,500,False
1940,1,1,-1,-1,1,1,-1,-1,1,1,1,-1,-1,1,1,1,-1,1,-1,-1,1,-1,1,1,1,-1,-1,-1,1,1,1,1,1,-1,-1,-1,1,1,1,1,-1,-1,-1,1,1,1,1,-1,1,1,1,1,-1,1,-1,-1,1,-1,1,1,1,-1,-1,-1,1,1,1,1,-1,-1,-1,1,1,1,1,-1,-1,-1,1,1,1,-1,-1,-1,1,1,1,1,-1,-1,-1,1,1,1,1,-1,-1,1,1,-1,1,1,-1,-1,1,1,1,1,1,-1,-1,1,1,-1,1,1,-1,-1,1,1,1,1,1,1,-1,-1,1,1,-1,1,1,-1,1,1,1,1,1,1,-1,-1,1,1,-1,1,1,-1,1,1,1,1,1,1,-1,-1,-1,1,-1,1,1,-1,1,1,1,1,-1,1,-1,1,-1,1,1,1,-1,-1,1,1,1,-1,1,-1,1,-1,-1,1,1,1,-1,1,1,1,1,-1,1,1,1,1,-1,1,-1,1,-1,1,1,-1,1,-1,1,1,-1,1,-1,1,-1,1,-1,1,1,-1,-1,-1,1,1,1,1,-1,-1,1,1,-1,-1,1,-1,1,1,-1,1,-1,1,-1,1,-1,1,-1,1,1,-1,1,1,1,1,-1,1,-1,1,1,1,-1,1,1,-1,1,-1,1,-1,1,-1,1,-1,1,1,-1,1,-1,-1,-1,1,1,-1,1,-1,-1,-1,-1,1,-1,-1,1,1,-1,-1,1,1,-1,1,1,-1,1,1,1,1,-1,1,-1,1,1,-1,1,-1,1,1,-1,1,1,1,1,1,-1,-1,1,-1,-1,-1,1,1,-1,1,1,1,-1,1,-1,-1,1,1,1,1,1,-1,1,1,1,-1,1,1,-1,1,1,1,-1,1,1,-1,1,-1,1,1,-1,1,-1,1,1,1,-1,1,1,-1,1,1,1,-1,1,-1,-1,1,1,1,-1,1,-1,-1,1,1,1,-1,1,-1,-1,-1,-1,1,-1,1,1,-1,1,1,1,1,1,1,-1,-1,-1,1,-1,1,-1,-1,1,-1,-1,-1,1,1,-1,1,-1,1,-1,1,-1,1,-1,1,1,1,1,-1,1,-1,1,1,-1,1,-1,-1,-1,-1,1,1,1,1,-1,-1,1,-1,1,1,-1,-1,1,-1,-1,1,-1,-1,-1,1,-1,1,1,1,1,-1,1,1,-1,1,-1,1,-1,-1,1,-1,1,1,1,-1,-1,1,-1,-1,1,1,-1,-1,1,-1,1,1,-1,1,-1,1,-1,-1,1,1,-1,1,1,-1,1,1,1,-1,1,1,-1,1,-1,-1,-1,1,-1,1,1,-1,-1,-1,1,-1,-1,1,-1,1,-1,1,-1,-1,1,-1,-1,-1,1,-1,-1,1,-1,-1,-1,-1,1,-1,1,1,-1,-1,1,1,-1,1,-1,1,-1,1,-1,-1,1,-1,-1,1,-1,1,-1,-1,1,-1,1,-1,1,-1,1,1,-1,-1,1,1,1,-1,1,-1,1,-1,-1,1,1,-1,-1,-1,1,-1,-1,-1,1,1,-1,1,-1,1,-1,1,-1,1,1,-1,1,1,1,-1,-1,1,-1,1,-1,1,1,-1,1,-1,-1,1,1,-1,-1,1,-1,-1,-1,1,-1,-1,1,-1,1,1,1,1,-1,1,-1,1,1,1,-1,-1,1,-1,-1,-1,1,1,-1,-1,1,1,-1,-1,-1,-1,1,1,1,1,1,1,-1,-1,1,1,1,-1,-1,-1,-1,1,1,1,-1,1,-1,1,-1,1,-1,1,1,-1,-1,1,1,1,-1,-1,-1,-1,1,1,1,1,-1,-1,-1,1,1,1,-1,-1,-1,-1,1,-1,1,1,-1,1,-1,1,1,1,1,-1,1,-1,1,-1,1,1,-1,-1,-1,1,1,-1,1,-1,-1,-1,1,1,1,1,-1,-1,1,-1,1,-1,1,-1,1,1,-1,1,1,-1,-1,-1,1,1,-1,1,1,-1,1,1,1,-1,1,1,-1,-1,1,-1,1,-1,1,-1,1,-1,1,-1,1,-1,-1,-1,-1,-1,-1,1,-1,-1,1,1,1,-1,-1,1,-1,1,-1,-1,-1,1,-1,-1,-1,1,1,1,-1,-1,-1,-1,1,-1,1,-1,-1,-1,-1,-1,-1,-1,1,-1,-1,-1,1,-1,-1,1,-1,-1,-1,-1,-1,1,1,-1,-1,-1,-1,-1,1,-1,-1,-1,1,-1,-1,1,-1,1,-1,-1,-1,-1,-1,-1,-1,1,-1,-1,-1,1,1,-1,-1,-1,1,-1,1,-1,-1,-1,1,-1,-1,1,1,1,-1,-1,-1,-1,1,-1,1,1,-1,1,-1,-1,1,1,-1,-1,-1,-1,-1,-1,1,1,-1,-1,1,-1,1,1,-1,-1,-1,1,-1,1,1,-1,-1,1,-1,-1,1,1,1,-1,1,-1,1,1,1,-1,-1,1,-1,-1,1,1,1,-1,1,-1,-1,1,1,-1,1,1,-1,-1,1,1,-1,1,1,-1,-1,1,1,1,1,1,-1,-1,1,1,1,1,1,1,-1,1,1,1,1,1,-1,-1,1,-1,1,1,1,1,-1,-1,1,-1,1,1,1,-1,1,-1,1,1,-1,1,-1,1,1,1,1,1,1,1,-1,-1,1,1,1,-1,1,-1,1,1,1,1,1,-1,1,-1,1,1,-1,1,1,-1,-1,1,-1,1,1,-1,-1,1,1,1,1,-1,1,-1,-1,1,1,-1,-1,1,-1,1,1,1,-1,1,-1,-1,-1,1,1,-1,-1,1,-1,-1,1,1,-1,-1,1,-1,-1,1,1,1,-1,1,-1,-1,1,1,-1,-1,-1,1,-1,1,1,-1,1,1,-1,1,1,-1,-1,1,-1,-1,-1,1,1,-1,1,1,-1,1,1,-1,-1,-1,-1,1,-1,-1,-1,-1,1,-1,-1,1,1,-1,1,1,-1,1,1,1,1,-1,1,-1,1,1,1,1,-1,1,-1,-1,1,1,1,-1,1,-1,1,1,1,1,-1,1,-1,1,1,-1,-1,-1,1,-1,-1,1,1,-1,-1,-1,1,-1,1,-1,1,-1,1,-1,-1,1,-2666.0,1,2000,445,500,False
1941,1,1,-1,-1,1,-1,-1,-1,1,1,1,-1,1,1,-1,1,-1,1,-1,-1,-1,1,1,1,1,-1,-1,-1,1,1,1,1,1,-1,-1,-1,1,-1,1,1,-1,-1,-1,1,1,1,1,-1,1,1,1,1,-1,1,-1,-1,1,-1,1,1,1,-1,-1,1,1,1,1,1,-1,-1,1,1,1,1,1,-1,-1,-1,1,1,1,-1,-1,-1,1,1,1,1,-1,-1,1,1,1,1,1,-1,-1,-1,1,-1,1,1,-1,-1,1,1,1,1,1,-1,-1,-1,1,1,1,1,-1,-1,1,1,1,1,1,1,-1,-1,1,1,-1,1,1,-1,1,1,1,1,1,1,-1,1,1,1,1,1,1,-1,1,1,1,1,1,1,-1,-1,-1,1,1,1,1,-1,1,1,1,1,-1,1,-1,1,-1,1,1,1,-1,-1,1,1,1,1,1,-1,1,-1,-1,1,-1,1,-1,1,1,1,1,1,1,1,1,1,-1,1,-1,1,-1,1,1,-1,1,-1,1,1,-1,1,-1,1,-1,1,-1,1,1,-1,-1,-1,1,1,1,1,-1,-1,1,1,-1,-1,1,-1,1,-1,-1,1,-1,1,-1,1,-1,1,-1,-1,1,-1,-1,-1,1,1,-1,1,-1,1,1,1,-1,1,-1,-1,1,-1,1,-1,1,1,1,-1,1,1,-1,1,-1,-1,-1,1,1,-1,1,-1,-1,-1,1,1,-1,-1,1,1,-1,-1,1,1,-1,1,1,-1,1,1,1,1,-1,1,-1,1,1,-1,1,-1,1,1,-1,1,1,1,1,1,-1,-1,1,-1,-1,-1,1,1,-1,1,1,1,-1,1,-1,-1,1,1,1,1,1,-1,1,1,1,-1,-1,1,-1,1,1,1,-1,1,1,-1,-1,1,1,1,-1,1,-1,1,1,1,-1,1,1,-1,1,1,1,-1,1,-1,-1,1,1,1,-1,1,-1,-1,-1,1,1,-1,1,-1,-1,1,-1,1,-1,1,1,-1,-1,1,1,1,1,1,-1,-1,1,1,-1,1,-1,-1,-1,-1,-1,-1,1,1,-1,-1,1,1,-1,1,-1,1,-1,1,1,1,1,-1,-1,1,1,1,-1,1,-1,-1,-1,-1,1,1,1,1,-1,-1,1,1,1,1,-1,-1,-1,-1,-1,1,-1,1,-1,1,-1,1,1,1,-1,-1,1,1,-1,1,-1,1,-1,-1,1,-1,1,1,-1,-1,-1,1,-1,-1,1,1,-1,-1,1,-1,1,1,-1,1,-1,1,-1,-1,1,1,-1,-1,1,-1,1,1,-1,-1,1,1,-1,1,-1,1,-1,1,1,-1,1,-1,1,-1,1,-1,-1,1,-1,-1,-1,1,-1,-1,1,-1,1,-1,1,-1,-1,1,-1,-1,1,-1,1,-1,1,1,1,-1,1,1,-1,-1,1,1,-1,1,-1,-1,1,-1,1,1,1,1,-1,-1,1,1,-1,1,1,1,-1,1,1,1,1,1,1,-1,1,1,1,-1,-1,-1,1,-1,-1,-1,1,-1,1,1,-1,-1,1,1,-1,1,-1,-1,-1,1,1,-1,1,1,-1,-1,-1,1,-1,1,1,-1,-1,-1,1,-1,-1,-1,-1,1,-1,1,-1,-1,-1,-1,-1,-1,1,-1,1,1,1,1,-1,1,-1,1,1,-1,1,-1,1,-1,-1,1,-1,1,-1,-1,1,1,1,1,-1,-1,1,1,1,1,-1,1,-1,-1,1,1,1,-1,-1,-1,1,1,1,1,-1,-1,-1,1,-1,1,-1,1,1,-1,-1,1,1,1,-1,-1,-1,1,1,1,1,1,-1,-1,-1,1,1,1,1,-1,-1,-1,1,-1,1,-1,-1,-1,-1,1,1,1,1,-1,-1,1,1,1,1,1,-1,-1,-1,1,1,-1,1,-1,-1,-1,1,1,1,1,-1,-1,1,1,1,1,-1,-1,1,1,-1,1,1,-1,-1,-1,1,1,1,1,1,-1,1,1,1,1,1,1,-1,-1,1,-1,1,-1,-1,-1,-1,1,-1,1,1,-1,-1,-1,1,-1,1,1,-1,1,-1,1,1,1,-1,1,1,-1,1,-1,1,-1,-1,-1,-1,1,1,-1,-1,-1,-1,-1,1,-1,1,-1,-1,-1,-1,-1,-1,-1,1,-1,-1,-1,1,-1,-1,1,-1,-1,-1,-1,-1,1,1,-1,-1,-1,-1,-1,1,-1,-1,-1,1,-1,-1,1,-1,1,-1,-1,-1,-1,-1,-1,-1,1,-1,-1,-1,1,1,-1,-1,-1,1,-1,-1,-1,-1,-1,1,-1,-1,1,-1,1,-1,-1,-1,-1,1,-1,1,1,-1,1,-1,-1,1,1,-1,-1,-1,-1,-1,-1,1,1,-1,-1,1,-1,1,1,-1,-1,-1,1,-1,1,1,-1,-1,1,-1,-1,1,1,1,-1,1,-1,1,1,1,-1,-1,1,-1,-1,1,1,1,-1,1,-1,-1,1,1,-1,1,1,-1,-1,1,1,-1,1,1,-1,-1,1,1,1,1,1,-1,-1,1,1,1,1,-1,1,-1,-1,1,1,1,1,-1,-1,1,-1,1,1,1,1,-1,-1,1,-1,1,1,1,-1,1,1,1,1,-1,1,-1,1,1,1,1,1,1,1,-1,1,1,1,1,-1,1,-1,1,1,1,1,1,-1,1,1,1,1,-1,1,1,-1,1,1,-1,1,1,-1,-1,1,1,1,1,-1,1,-1,1,1,1,-1,-1,1,-1,1,1,1,-1,1,-1,-1,-1,1,1,-1,-1,1,-1,-1,1,1,1,-1,1,-1,-1,1,1,1,-1,-1,-1,-1,1,1,-1,-1,-1,1,-1,-1,1,-1,1,1,-1,1,1,-1,-1,1,-1,-1,-1,1,1,-1,1,1,-1,1,1,-1,-1,-1,-1,1,-1,-1,-1,-1,1,-1,-1,1,1,-1,1,1,-1,1,1,1,1,-1,1,-1,1,1,1,-1,-1,1,-1,-1,-1,1,-1,1,1,-1,1,1,1,-1,-1,1,-1,1,1,1,1,-1,1,-1,-1,1,1,1,-1,1,1,-1,1,-1,1,-1,1,-1,-1,1,-2666.0,1,2000,445,500,False
1942,1,1,-1,-1,1,1,-1,-1,1,1,1,-1,-1,1,1,1,-1,1,-1,-1,-1,1,1,1,1,-1,-1,-1,1,1,1,1,1,-1,-1,-1,1,-1,1,1,-1,-1,1,1,1,1,1,-1,1,1,1,1,-1,1,-1,-1,1,-1,1,1,1,-1,-1,1,1,1,1,1,-1,-1,1,1,1,1,1,-1,-1,-1,1,1,1,-1,-1,-1,1,1,1,1,-1,-1,-1,1,1,1,1,-1,-1,1,1,-1,1,1,-1,-1,1,1,1,1,1,-1,-1,1,1,-1,1,1,-1,-1,1,1,1,1,1,1,-1,-1,1,1,-1,1,1,-1,1,1,1,1,1,1,-1,-1,1,1,1,1,1,-1,1,1,1,1,1,1,-1,-1,-1,1,1,1,1,-1,1,-1,1,1,-1,1,-1,1,-1,1,1,1,-1,-1,1,1,1,1,1,-1,1,-1,-1,1,-1,1,-1,1,1,1,1,1,1,1,1,1,-1,1,-1,1,-1,1,1,-1,1,-1,1,1,-1,1,-1,1,-1,1,-1,1,1,-1,-1,-1,1,1,1,1,-1,-1,1,1,-1,-1,1,-1,1,-1,1,1,-1,1,-1,1,-1,1,-1,1,1,-1,-1,-1,1,1,-1,1,-1,1,1,1,-1,1,1,-1,1,-1,1,-1,1,-1,1,-1,1,1,-1,1,-1,-1,-1,1,1,-1,1,-1,-1,-1,1,1,-1,-1,1,1,-1,-1,1,1,-1,1,1,-1,1,1,1,1,-1,1,-1,1,1,-1,1,-1,1,1,-1,1,1,1,1,1,-1,-1,1,-1,-1,1,1,1,-1,1,1,1,-1,1,-1,-1,1,1,1,-1,1,-1,1,1,1,-1,1,1,-1,1,1,1,-1,1,1,-1,-1,1,1,1,-1,1,-1,1,1,1,-1,1,1,-1,1,1,1,-1,1,-1,-1,1,1,1,-1,1,-1,-1,-1,1,1,-1,1,-1,-1,1,-1,1,-1,1,1,-1,-1,1,1,1,-1,1,-1,-1,1,1,-1,1,-1,-1,-1,-1,-1,-1,1,1,-1,-1,1,1,-1,1,-1,-1,-1,1,1,1,1,1,-1,1,1,1,-1,1,-1,-1,-1,-1,1,1,1,1,-1,-1,1,1,1,1,-1,-1,-1,-1,-1,1,-1,1,-1,1,-1,1,1,1,-1,-1,1,1,-1,1,-1,1,-1,-1,1,-1,1,1,-1,-1,-1,1,-1,-1,1,1,-1,-1,1,-1,1,1,-1,1,-1,1,-1,-1,1,1,-1,1,1,-1,1,1,-1,-1,1,1,-1,1,-1,1,-1,1,-1,-1,1,-1,1,-1,1,-1,-1,1,-1,-1,-1,1,-1,-1,1,-1,1,-1,1,-1,-1,1,-1,-1,1,-1,1,-1,1,1,1,-1,1,1,-1,-1,-1,1,-1,1,-1,-1,1,-1,1,1,1,1,-1,-1,1,1,-1,1,1,-1,-1,1,1,1,1,1,1,-1,1,1,1,-1,-1,1,1,-1,-1,-1,1,-1,-1,1,-1,-1,1,1,-1,1,-1,-1,-1,1,1,-1,1,1,-1,1,-1,1,-1,1,1,-1,-1,-1,1,-1,-1,-1,-1,1,-1,1,-1,-1,-1,-1,-1,-1,1,-1,1,1,1,1,-1,1,-1,1,1,-1,-1,-1,1,-1,-1,1,-1,1,-1,-1,1,1,1,1,-1,-1,1,1,1,1,-1,1,-1,-1,1,1,1,-1,-1,-1,1,1,1,1,-1,1,-1,1,-1,1,-1,1,1,-1,-1,1,1,1,-1,-1,-1,1,1,1,1,1,-1,-1,-1,1,1,1,1,-1,-1,-1,1,1,1,-1,-1,-1,-1,1,1,1,1,-1,-1,1,1,1,1,1,-1,-1,-1,1,1,-1,1,-1,-1,-1,1,1,1,1,-1,-1,1,1,1,1,-1,-1,1,1,-1,1,1,-1,-1,-1,1,1,1,1,1,-1,1,1,1,1,1,1,-1,-1,1,-1,1,-1,-1,-1,-1,1,-1,1,1,-1,-1,-1,1,-1,1,1,-1,1,-1,1,1,1,-1,1,1,-1,1,-1,1,-1,-1,-1,-1,1,1,-1,-1,-1,-1,-1,1,-1,1,-1,-1,-1,-1,-1,-1,-1,1,-1,-1,-1,1,-1,-1,1,-1,-1,-1,-1,-1,1,1,-1,-1,-1,-1,-1,1,-1,-1,-1,1,-1,-1,1,-1,1,-1,-1,-1,-1,-1,-1,-1,1,-1,-1,-1,1,1,-1,-1,-1,-1,1,-1,-1,-1,-1,1,-1,-1,1,1,1,-1,-1,-1,-1,1,-1,1,1,-1,1,-1,-1,1,1,-1,-1,-1,-1,-1,-1,1,1,-1,-1,1,-1,1,1,-1,-1,-1,1,-1,-1,1,-1,-1,1,-1,-1,1,1,1,-1,1,-1,1,1,1,-1,-1,1,-1,-1,1,1,1,-1,1,-1,-1,1,1,-1,1,1,-1,-1,1,1,-1,1,1,-1,-1,1,1,1,1,1,-1,-1,1,1,1,1,1,1,-1,-1,1,1,1,1,-1,-1,1,-1,1,1,1,1,-1,-1,1,-1,1,1,1,-1,1,1,1,1,-1,1,-1,1,1,1,1,1,1,1,-1,1,1,1,1,-1,1,-1,1,1,1,1,1,-1,1,1,1,1,-1,1,1,-1,1,1,-1,1,1,-1,-1,1,1,1,1,-1,1,-1,1,1,1,-1,-1,1,-1,1,1,1,-1,1,-1,-1,-1,1,1,-1,-1,1,-1,-1,1,1,-1,-1,1,-1,-1,1,1,1,-1,1,-1,-1,1,1,-1,-1,-1,1,-1,1,1,-1,1,1,-1,1,1,-1,-1,1,-1,-1,-1,1,1,-1,1,1,-1,1,1,-1,-1,-1,-1,1,-1,-1,-1,-1,1,-1,-1,1,1,-1,1,1,-1,1,1,1,1,-1,1,-1,1,1,1,1,-1,1,-1,-1,1,1,1,-1,1,-1,1,1,1,1,-1,1,-1,1,1,1,-1,-1,1,-1,-1,1,1,-1,-1,-1,1,-1,1,-1,1,-1,1,-1,-1,1,-2666.0,1,2000,445,500,False
1943,-1,-1,1,1,1,1,-1,1,-1,-1,-1,1,-1,1,-1,-1,1,-1,1,1,1,-1,-1,-1,-1,1,-1,-1,-1,-1,-1,-1,1,1,-1,-1,1,-1,-1,-1,1,-1,-1,-1,-1,-1,-1,-1,1,1,-1,-1,1,-1,1,-1,-1,1,-1,-1,-1,1,1,1,-1,-1,-1,-1,-1,-1,-1,1,-1,-1,-1,-1,1,-1,1,-1,-1,1,1,-1,1,-1,-1,-1,-1,1,-1,-1,1,-1,-1,-1,-1,1,1,1,-1,-1,-1,-1,1,1,1,-1,-1,-1,-1,1,1,1,-1,-1,-1,-1,1,1,1,-1,-1,-1,-1,1,1,1,-1,-1,-1,-1,1,1,1,-1,-1,-1,-1,1,1,1,-1,-1,1,-1,-1,1,1,1,-1,-1,-1,1,-1,1,1,-1,-1,-1,1,1,1,1,-1,1,-1,1,-1,1,1,1,-1,-1,1,1,1,-1,-1,-1,1,-1,-1,1,1,1,-1,1,1,1,1,-1,1,-1,1,1,-1,1,-1,1,-1,1,1,-1,1,-1,-1,-1,-1,1,-1,1,-1,1,-1,1,1,-1,-1,-1,1,-1,-1,1,-1,-1,1,1,-1,-1,1,-1,1,1,-1,1,-1,1,-1,1,-1,1,-1,1,1,-1,1,1,1,1,-1,1,-1,1,1,1,-1,1,1,-1,1,-1,1,-1,1,-1,1,-1,1,1,-1,1,-1,-1,-1,1,1,-1,1,-1,-1,-1,-1,1,1,-1,1,1,-1,-1,1,-1,-1,1,1,-1,1,1,1,-1,-1,1,-1,1,1,-1,1,-1,1,1,-1,1,-1,-1,-1,1,-1,-1,1,-1,1,-1,1,1,-1,1,1,1,-1,1,-1,-1,1,1,-1,-1,1,-1,-1,1,-1,1,-1,1,-1,-1,1,1,-1,1,1,-1,1,-1,1,-1,1,1,-1,1,1,1,1,1,1,-1,1,1,1,1,1,-1,-1,1,1,1,1,1,-1,-1,1,-1,1,1,1,-1,-1,1,-1,1,-1,1,1,-1,1,-1,1,1,1,1,-1,-1,1,1,1,-1,-1,-1,1,1,-1,-1,1,1,-1,1,-1,1,-1,1,-1,1,1,-1,1,1,1,-1,-1,1,-1,1,-1,1,-1,-1,1,-1,1,1,1,1,-1,1,1,-1,1,1,-1,-1,1,-1,-1,1,-1,1,-1,-1,1,-1,-1,1,-1,-1,1,1,-1,1,-1,1,-1,-1,1,-1,1,-1,-1,-1,-1,1,-1,-1,1,1,-1,-1,1,-1,1,1,-1,1,-1,1,-1,1,-1,1,-1,-1,-1,-1,1,-1,-1,1,-1,1,-1,1,-1,1,-1,-1,-1,1,1,-1,1,-1,-1,-1,-1,1,-1,-1,1,-1,-1,1,-1,1,1,1,1,-1,-1,1,-1,-1,1,-1,-1,-1,1,-1,1,-1,1,-1,-1,1,-1,1,-1,1,-1,-1,1,-1,1,1,1,-1,-1,-1,1,1,-1,1,-1,-1,-1,1,1,1,-1,1,1,-1,1,1,1,1,1,-1,1,-1,-1,-1,1,-1,-1,1,-1,1,-1,1,-1,1,-1,-1,-1,1,1,-1,1,1,-1,1,-1,1,-1,1,1,-1,1,-1,1,-1,-1,-1,-1,1,-1,1,-1,-1,-1,-1,1,-1,1,-1,1,1,1,-1,-1,1,-1,1,1,-1,1,-1,1,-1,-1,1,-1,1,-1,-1,1,1,1,1,1,-1,1,1,1,1,-1,1,-1,-1,1,1,1,-1,-1,-1,-1,1,1,1,-1,-1,-1,1,-1,1,-1,1,1,-1,-1,1,1,-1,-1,-1,-1,-1,1,1,-1,1,1,-1,-1,1,1,1,1,-1,-1,-1,1,-1,1,-1,1,-1,-1,1,1,1,1,1,-1,-1,1,1,1,-1,1,-1,-1,1,1,-1,1,1,-1,-1,1,1,1,1,1,-1,1,-1,1,1,-1,1,1,1,-1,1,1,-1,1,-1,1,1,-1,1,1,1,1,1,1,-1,1,-1,1,-1,1,-1,-1,1,-1,1,1,-1,1,-1,1,1,1,1,-1,1,-1,1,-1,1,1,1,1,-1,1,-1,1,1,-1,-1,-1,1,1,1,1,1,1,-1,1,1,1,1,1,-1,1,-1,1,1,1,-1,-1,-1,-1,1,1,1,1,-1,1,-1,1,1,1,-1,-1,-1,-1,1,1,1,-1,-1,-1,1,-1,1,1,-1,-1,1,-1,1,1,-1,-1,-1,1,-1,1,-1,1,-1,-1,1,1,1,1,1,1,-1,1,-1,1,1,1,-1,-1,-1,1,1,1,-1,-1,-1,1,-1,1,1,1,-1,-1,-1,1,1,1,1,-1,-1,-1,-1,1,-1,1,-1,1,-1,1,1,1,1,1,-1,-1,1,1,1,1,-1,1,-1,1,1,-1,1,-1,-1,1,1,1,1,-1,1,-1,-1,1,1,1,1,1,-1,-1,1,1,1,-1,1,1,-1,1,1,1,1,1,1,-1,1,1,1,1,1,1,-1,1,1,-1,1,1,-1,-1,1,1,-1,1,1,1,-1,1,-1,-1,1,1,1,-1,-1,1,-1,1,1,1,-1,1,1,-1,1,1,1,-1,1,1,-1,1,1,1,-1,-1,-1,1,1,1,-1,1,-1,1,1,1,1,-1,1,-1,1,1,1,-1,-1,1,-1,1,1,-1,1,-1,-1,-1,-1,-1,1,-1,1,-1,-1,1,-1,1,-1,-1,-1,-1,1,-1,1,-1,-1,-1,-1,-1,1,1,-1,1,-1,-1,-1,-1,1,-1,1,-1,-1,1,-1,1,1,1,1,-1,-1,1,-1,-1,-1,1,1,1,1,-1,-1,1,-1,-1,1,1,-1,-1,1,-1,-1,-1,-1,1,-1,1,1,1,1,-1,1,-1,-1,-1,1,-1,-1,-1,-1,1,-1,1,1,1,-1,1,1,-1,1,1,-1,-1,-1,1,-1,1,1,1,1,-1,1,-1,1,1,1,-1,-1,1,-1,1,1,1,-1,-1,1,-1,1,1,-1,-1,-1,1,-1,-1,1,1,-1,-1,-1,1,-1,1,-1,1,-1,1,-1,-1,1,-2666.0,1,2000,445,1500,True
1944,1,1,-1,-1,1,1,-1,-1,1,1,1,-1,1,1,1,1,-1,1,-1,-1,-1,-1,1,1,1,-1,1,-1,1,1,1,1,-1,-1,-1,-1,1,1,1,1,-1,-1,-1,1,1,1,1,-1,1,1,1,1,-1,1,-1,-1,1,-1,1,1,1,-1,-1,-1,1,1,1,1,-1,-1,-1,1,1,1,1,-1,-1,-1,1,1,1,-1,-1,-1,1,1,1,1,-1,-1,-1,1,1,1,1,-1,-1,1,1,-1,1,1,-1,-1,1,1,1,1,1,-1,-1,-1,1,-1,1,1,-1,-1,1,1,1,1,1,1,-1,-1,1,1,-1,1,1,-1,1,1,1,1,1,1,-1,1,1,1,1,1,1,-1,1,1,1,1,1,1,-1,-1,-1,1,1,1,1,-1,1,1,1,1,-1,1,-1,1,1,1,1,1,-1,-1,1,1,1,1,1,-1,1,-1,-1,1,1,1,-1,1,1,1,1,-1,1,1,1,1,-1,1,-1,1,-1,1,1,-1,1,-1,1,1,-1,1,-1,1,-1,1,-1,1,1,-1,1,-1,1,1,1,1,-1,-1,1,1,-1,-1,1,-1,1,-1,-1,1,-1,1,-1,1,-1,1,-1,1,1,-1,-1,-1,1,1,-1,1,-1,1,1,1,-1,1,1,-1,1,-1,1,-1,1,-1,1,-1,1,1,-1,1,-1,-1,-1,1,1,-1,1,-1,-1,-1,1,1,-1,-1,1,1,-1,-1,1,1,-1,1,1,-1,1,1,1,1,-1,1,-1,1,1,-1,1,-1,1,1,-1,1,1,1,1,1,-1,-1,1,-1,-1,-1,1,1,-1,1,1,1,-1,1,-1,-1,1,1,1,1,1,-1,1,1,1,-1,1,1,-1,1,1,1,-1,1,1,-1,-1,1,1,1,-1,1,-1,1,1,1,-1,1,1,-1,1,1,1,-1,1,-1,-1,1,1,1,-1,1,-1,-1,-1,1,1,-1,1,-1,-1,1,-1,1,-1,1,1,-1,-1,1,1,1,1,1,-1,-1,1,1,-1,1,-1,-1,-1,-1,-1,-1,1,1,-1,-1,1,1,-1,1,-1,-1,-1,1,1,1,1,-1,-1,1,1,1,-1,1,-1,-1,-1,-1,1,1,1,1,-1,-1,1,1,1,1,-1,-1,-1,-1,-1,1,-1,1,-1,1,-1,1,1,1,-1,-1,1,1,-1,1,-1,1,-1,-1,1,-1,1,1,-1,-1,-1,1,-1,-1,1,1,-1,-1,1,-1,1,1,-1,1,-1,1,-1,-1,1,1,-1,1,1,-1,1,1,-1,-1,1,1,-1,1,-1,1,-1,1,-1,-1,1,-1,1,-1,1,-1,-1,1,-1,-1,-1,1,-1,-1,1,-1,1,-1,1,-1,-1,1,-1,-1,1,-1,1,-1,1,1,1,-1,1,1,-1,-1,-1,1,-1,1,-1,-1,1,-1,1,1,-1,1,-1,-1,1,1,-1,-1,1,1,-1,1,1,1,1,1,1,-1,1,1,1,-1,-1,-1,1,-1,-1,-1,1,-1,-1,1,1,1,-1,1,-1,1,-1,-1,-1,1,1,-1,1,1,-1,-1,1,1,-1,1,1,-1,1,-1,1,-1,-1,-1,-1,-1,-1,1,-1,-1,-1,-1,-1,-1,1,-1,1,1,1,1,-1,1,-1,1,1,-1,-1,-1,1,-1,-1,1,-1,1,-1,-1,1,1,1,1,-1,-1,-1,1,1,1,-1,1,-1,1,1,1,1,-1,-1,-1,1,1,1,1,-1,1,-1,1,-1,1,-1,1,1,-1,-1,1,1,1,-1,-1,-1,-1,1,1,1,1,-1,-1,-1,1,1,1,1,-1,-1,-1,1,1,1,-1,-1,-1,1,1,1,1,1,-1,-1,-1,1,1,1,-1,-1,-1,-1,1,1,-1,1,-1,-1,-1,1,1,1,1,-1,-1,1,1,1,1,1,-1,1,1,-1,1,1,-1,-1,-1,1,1,1,1,1,-1,1,1,1,1,1,1,-1,-1,1,-1,1,-1,1,-1,-1,1,-1,1,1,-1,-1,-1,1,-1,1,1,-1,-1,-1,1,1,1,-1,1,-1,1,-1,-1,1,-1,-1,-1,-1,1,1,-1,-1,-1,-1,-1,1,-1,1,-1,-1,-1,-1,-1,-1,-1,1,-1,-1,-1,1,-1,-1,1,-1,-1,-1,-1,-1,-1,1,-1,-1,-1,-1,-1,1,-1,-1,-1,1,-1,-1,1,-1,1,-1,-1,-1,-1,-1,-1,-1,1,-1,-1,-1,1,1,-1,-1,-1,1,1,-1,-1,-1,-1,1,-1,-1,1,1,1,-1,-1,-1,-1,1,-1,1,1,-1,1,-1,-1,1,1,-1,-1,-1,-1,-1,-1,1,1,-1,-1,1,-1,1,1,-1,-1,-1,1,-1,1,1,-1,-1,1,-1,-1,1,1,1,-1,1,-1,1,1,1,-1,-1,1,-1,-1,1,1,1,-1,1,-1,-1,1,1,-1,1,1,-1,-1,1,1,-1,1,1,-1,-1,1,1,-1,1,1,-1,-1,1,1,1,1,1,1,-1,-1,1,1,1,1,-1,-1,1,-1,1,1,1,1,-1,-1,1,-1,1,1,1,-1,1,1,1,1,-1,1,-1,1,1,1,1,1,1,1,-1,1,1,1,1,-1,1,-1,1,1,1,1,1,-1,1,1,1,1,-1,1,1,-1,1,1,-1,1,1,-1,-1,1,1,1,1,-1,1,-1,1,1,1,-1,-1,1,-1,1,1,1,-1,1,-1,-1,-1,1,1,-1,-1,1,-1,-1,1,1,1,-1,1,-1,-1,-1,1,1,-1,-1,-1,-1,1,1,-1,-1,-1,1,-1,-1,1,-1,1,1,-1,1,1,-1,-1,1,-1,-1,-1,1,1,-1,1,1,-1,1,1,-1,-1,-1,-1,1,-1,-1,-1,-1,-1,-1,-1,1,1,-1,1,1,-1,1,1,1,1,-1,1,-1,1,1,1,-1,-1,1,-1,-1,1,1,-1,-1,1,-1,1,1,1,-1,-1,1,-1,1,1,1,1,-1,1,-1,-1,1,1,-1,-1,-1,1,-1,1,1,1,-1,1,-1,-1,1,-2666.0,1,2000,445,500,False
1945,1,1,-1,-1,1,1,-1,1,1,1,1,-1,1,1,1,1,-1,1,-1,-1,-1,1,1,1,1,-1,-1,-1,1,1,1,1,1,-1,-1,1,-1,1,1,1,-1,-1,1,1,1,1,-1,-1,1,-1,1,1,-1,1,-1,-1,-1,-1,1,1,1,-1,-1,1,1,1,1,-1,-1,-1,1,-1,1,1,1,-1,-1,1,-1,1,1,-1,-1,-1,-1,1,1,1,-1,1,-1,-1,-1,1,1,-1,-1,1,-1,1,1,1,-1,-1,1,-1,-1,1,1,-1,-1,-1,-1,-1,1,1,-1,-1,1,-1,-1,1,1,1,-1,-1,-1,-1,1,1,1,-1,1,-1,-1,1,1,1,-1,1,-1,-1,-1,1,1,-1,1,-1,-1,-1,1,1,-1,1,1,-1,-1,1,1,-1,1,-1,-1,-1,1,1,-1,1,1,-1,1,1,-1,-1,1,-1,-1,1,1,-1,1,-1,1,-1,1,1,-1,-1,1,-1,-1,-1,1,-1,1,1,1,-1,-1,1,1,-1,1,1,-1,-1,1,-1,-1,1,1,-1,1,1,-1,-1,1,1,-1,1,1,1,-1,-1,1,1,-1,1,-1,-1,1,1,-1,-1,1,1,-1,-1,1,-1,-1,1,-1,1,-1,1,1,-1,1,-1,1,-1,1,-1,1,1,1,1,-1,1,-1,-1,-1,1,-1,-1,1,1,1,-1,1,-1,-1,1,1,1,1,1,-1,-1,1,1,1,1,-1,1,-1,1,1,1,1,1,1,-1,1,-1,-1,1,-1,1,-1,1,1,1,1,1,-1,-1,1,1,1,-1,1,1,-1,1,1,1,1,-1,1,-1,1,-1,1,1,1,1,-1,1,1,1,1,1,-1,1,1,1,1,1,1,-1,1,1,1,1,1,-1,1,-1,1,1,-1,1,1,1,-1,1,1,-1,1,1,-1,1,1,-1,1,1,1,-1,1,1,1,1,1,1,-1,1,1,1,-1,1,1,1,1,1,1,1,-1,1,-1,1,1,1,-1,1,1,-1,-1,1,1,1,-1,1,-1,1,1,1,-1,-1,-1,-1,1,1,1,-1,1,1,-1,1,1,-1,1,-1,1,-1,1,1,-1,1,1,-1,1,1,1,1,1,-1,1,-1,-1,-1,1,-1,1,-1,-1,1,1,1,-1,-1,-1,1,-1,-1,1,-1,1,-1,-1,1,1,1,1,-1,-1,1,-1,-1,1,-1,1,-1,-1,-1,1,1,1,1,-1,-1,1,-1,1,1,-1,-1,1,-1,1,-1,1,-1,-1,-1,1,-1,1,-1,-1,-1,-1,-1,1,1,-1,1,-1,-1,1,-1,1,-1,-1,1,-1,1,-1,1,-1,-1,-1,-1,-1,1,1,-1,-1,1,-1,1,-1,1,1,-1,-1,1,-1,1,-1,1,-1,-1,1,-1,-1,-1,1,-1,-1,-1,-1,1,-1,1,-1,-1,1,-1,-1,1,1,-1,-1,-1,-1,-1,1,1,-1,-1,-1,1,-1,-1,1,1,1,-1,1,-1,1,-1,1,1,1,-1,1,1,-1,-1,-1,-1,1,-1,1,-1,-1,1,1,1,1,-1,-1,-1,1,-1,1,1,1,-1,-1,-1,1,1,-1,1,-1,-1,-1,1,1,1,1,-1,-1,-1,1,1,-1,1,-1,-1,-1,-1,1,1,1,-1,1,-1,-1,1,-1,1,-1,-1,1,-1,1,-1,1,1,-1,-1,-1,-1,-1,1,1,-1,-1,-1,1,-1,1,1,-1,-1,-1,-1,1,1,-1,-1,-1,-1,-1,1,1,-1,1,-1,1,1,1,1,1,-1,-1,-1,-1,-1,1,-1,1,-1,-1,1,-1,1,1,-1,1,-1,-1,1,1,1,-1,1,-1,1,-1,1,1,-1,1,-1,-1,-1,1,1,-1,1,-1,1,-1,1,1,1,-1,1,-1,-1,1,1,-1,-1,-1,1,-1,1,1,-1,-1,1,-1,-1,-1,-1,1,-1,1,-1,-1,1,-1,-1,1,-1,1,-1,1,1,-1,1,-1,1,-1,1,-1,1,-1,1,-1,-1,1,1,-1,1,-1,-1,-1,-1,1,-1,1,-1,1,-1,-1,1,-1,1,1,-1,-1,-1,-1,1,1,1,1,-1,-1,1,-1,-1,1,1,-1,-1,-1,-1,1,-1,1,-1,-1,1,1,-1,1,1,-1,-1,1,-1,-1,1,1,-1,-1,-1,-1,1,-1,1,-1,-1,-1,-1,-1,1,-1,-1,1,-1,-1,1,-1,1,-1,-1,-1,-1,-1,1,1,1,-1,-1,-1,1,1,1,-1,-1,-1,1,-1,-1,1,-1,1,-1,-1,1,1,1,-1,-1,1,-1,1,-1,1,1,-1,1,-1,-1,1,1,-1,-1,-1,-1,-1,-1,1,1,-1,-1,1,-1,1,1,-1,-1,-1,1,-1,1,1,-1,-1,1,1,-1,1,1,1,-1,1,-1,1,1,1,-1,-1,1,-1,-1,1,1,1,1,-1,1,-1,1,1,1,-1,1,-1,-1,1,1,1,1,-1,1,-1,1,1,1,1,1,-1,-1,1,1,1,1,1,-1,-1,1,1,1,1,-1,-1,-1,1,-1,1,1,1,-1,1,1,1,-1,1,1,-1,-1,1,1,1,1,1,-1,1,1,1,1,1,1,-1,1,-1,1,1,1,1,-1,1,-1,1,1,1,-1,1,1,1,1,1,1,1,1,-1,1,1,1,-1,1,1,1,1,-1,1,1,1,-1,1,1,1,1,1,1,1,1,-1,1,1,1,1,1,-1,1,1,1,1,-1,1,1,1,-1,1,1,-1,1,-1,1,-1,1,1,1,-1,1,-1,1,1,-1,1,1,-1,-1,1,1,1,-1,1,1,1,1,1,-1,1,1,1,1,1,1,-1,1,1,-1,1,1,1,-1,1,1,-1,-1,-1,-1,-1,1,1,-1,1,1,1,-1,1,1,-1,-1,1,1,-1,1,1,-1,1,1,1,-1,1,1,-1,1,1,1,-1,-1,1,-1,1,1,1,-1,-1,1,-1,1,-1,1,1,-1,1,-1,-1,1,1,-1,-1,1,-1,1,1,1,1,-1,1,1,-1,1,-2666.0,1,2000,445,1000,True
1946,1,1,-1,-1,1,-1,-1,-1,1,1,1,-1,1,1,1,1,-1,1,-1,-1,-1,-1,1,1,1,-1,-1,-1,1,1,1,1,-1,-1,-1,-1,1,-1,1,1,-1,-1,-1,1,1,1,1,-1,1,1,1,1,-1,1,-1,-1,1,-1,1,1,1,-1,-1,-1,1,1,1,1,-1,-1,-1,1,1,1,1,-1,-1,-1,1,1,1,-1,-1,-1,1,1,1,1,-1,-1,-1,1,1,1,1,-1,-1,1,1,-1,1,1,-1,-1,1,1,1,1,1,-1,-1,-1,1,1,1,1,-1,-1,1,1,1,1,1,1,-1,-1,1,1,-1,1,1,-1,1,1,1,1,1,1,-1,1,1,1,1,1,1,-1,1,1,1,1,1,1,-1,-1,-1,1,1,1,1,-1,1,1,1,1,-1,1,-1,1,-1,1,1,1,-1,-1,1,1,1,1,1,-1,1,-1,-1,1,-1,1,-1,1,1,1,1,1,1,1,1,1,-1,1,-1,1,-1,1,1,-1,1,-1,1,1,-1,1,-1,1,-1,1,-1,1,1,-1,-1,-1,1,1,1,1,-1,-1,1,1,-1,-1,1,-1,1,1,-1,1,-1,1,-1,1,-1,1,-1,1,1,-1,-1,1,-1,1,-1,1,-1,1,1,1,-1,1,-1,-1,1,-1,1,-1,1,1,1,-1,1,1,-1,1,-1,-1,1,-1,1,-1,1,-1,-1,-1,1,1,-1,-1,1,1,-1,1,1,1,-1,1,1,-1,1,1,1,1,-1,1,-1,1,1,-1,1,-1,1,-1,1,-1,1,1,1,1,-1,-1,1,-1,-1,1,1,1,-1,1,1,1,-1,1,1,1,1,1,1,-1,1,-1,1,1,1,-1,-1,1,-1,1,1,1,-1,1,1,-1,-1,1,1,1,-1,1,-1,1,1,1,-1,1,1,-1,1,1,1,-1,1,1,-1,1,1,1,-1,1,1,-1,-1,1,1,-1,1,1,-1,1,-1,1,-1,1,1,1,-1,1,1,1,-1,1,1,-1,1,1,-1,1,1,1,-1,-1,-1,-1,1,1,1,-1,1,1,-1,1,1,-1,-1,1,1,1,1,1,-1,1,1,1,-1,1,1,1,-1,-1,1,1,1,-1,1,-1,1,1,1,1,1,1,-1,-1,-1,1,-1,-1,1,1,-1,1,1,1,1,1,1,1,-1,1,-1,-1,1,-1,1,-1,1,1,-1,1,1,1,-1,-1,1,-1,1,1,1,-1,1,1,1,-1,1,1,-1,-1,1,-1,1,1,1,-1,1,1,1,1,1,1,-1,1,-1,1,1,1,1,-1,1,-1,1,1,1,-1,-1,1,-1,1,1,1,-1,-1,1,1,-1,1,1,-1,-1,1,-1,1,1,1,1,-1,1,-1,-1,1,1,1,-1,-1,-1,-1,1,1,-1,-1,1,-1,-1,1,-1,1,-1,-1,1,-1,1,-1,1,-1,-1,1,-1,-1,1,1,1,-1,1,-1,1,-1,1,-1,1,-1,-1,-1,1,-1,-1,1,1,1,-1,1,-1,1,1,1,-1,1,1,-1,-1,-1,1,-1,-1,1,-1,-1,1,1,1,-1,1,-1,-1,1,1,-1,-1,1,-1,-1,1,1,-1,-1,1,-1,-1,-1,1,1,-1,1,1,-1,-1,1,-1,-1,1,-1,1,-1,1,1,-1,-1,1,-1,-1,-1,-1,-1,1,1,1,-1,-1,1,-1,-1,1,-1,-1,1,-1,-1,1,1,-1,-1,1,-1,-1,1,1,-1,1,-1,1,-1,-1,1,1,-1,-1,-1,-1,-1,1,-1,-1,1,-1,-1,-1,1,1,-1,-1,-1,-1,-1,1,-1,-1,-1,-1,-1,-1,1,1,-1,-1,-1,-1,-1,1,1,-1,-1,-1,-1,-1,1,1,1,-1,-1,-1,-1,1,1,-1,-1,-1,-1,1,-1,1,1,-1,-1,1,1,-1,1,1,-1,-1,-1,1,1,1,1,1,-1,1,-1,1,1,-1,1,-1,-1,1,-1,1,-1,1,-1,-1,1,-1,1,-1,-1,-1,-1,1,-1,1,-1,1,1,-1,1,-1,1,-1,1,1,-1,1,-1,1,-1,-1,-1,-1,1,-1,-1,-1,-1,-1,-1,1,-1,1,-1,-1,-1,-1,-1,1,-1,1,-1,-1,-1,1,-1,-1,1,-1,-1,-1,-1,1,1,1,-1,-1,-1,-1,-1,1,-1,-1,-1,1,-1,-1,1,-1,1,-1,-1,-1,-1,-1,-1,-1,1,-1,-1,-1,1,1,1,-1,-1,1,1,-1,-1,-1,-1,1,-1,-1,1,-1,1,-1,-1,-1,-1,1,-1,1,1,-1,1,-1,-1,1,1,-1,-1,-1,-1,-1,-1,1,1,-1,-1,1,-1,1,1,-1,-1,-1,1,-1,1,1,-1,-1,1,-1,-1,1,1,1,-1,1,-1,1,1,1,-1,-1,1,-1,-1,1,1,1,-1,1,-1,-1,1,1,-1,1,1,-1,-1,1,1,-1,1,1,-1,-1,1,1,-1,1,1,-1,-1,1,1,1,1,1,1,-1,-1,1,1,-1,1,-1,-1,1,-1,1,1,1,1,-1,-1,1,-1,1,1,1,-1,1,1,1,1,-1,1,-1,1,1,1,1,1,1,1,-1,1,1,1,1,-1,1,-1,1,1,1,1,1,-1,1,1,1,1,-1,1,1,-1,1,1,-1,1,1,-1,-1,1,1,1,1,-1,1,-1,1,1,1,-1,-1,1,-1,1,1,1,-1,1,-1,-1,-1,1,1,-1,-1,1,-1,-1,1,1,-1,-1,1,-1,-1,1,1,1,-1,1,-1,-1,1,1,-1,-1,-1,1,-1,-1,1,-1,1,1,-1,1,1,-1,-1,1,-1,-1,-1,1,1,-1,1,1,-1,1,1,-1,-1,-1,-1,1,-1,-1,-1,-1,1,-1,-1,1,1,-1,1,1,-1,1,1,1,1,-1,1,-1,1,1,1,-1,-1,1,-1,-1,1,1,-1,1,1,-1,1,1,1,-1,-1,1,-1,1,1,1,1,-1,1,-1,-1,1,1,-1,-1,1,1,-1,1,-1,1,-1,1,-1,-1,1,-2666.0,1,2000,445,500,False
1947,1,1,-1,-1,1,-1,-1,1,1,1,1,-1,1,1,1,1,-1,1,-1,-1,-1,1,1,1,1,-1,-1,-1,1,1,1,1,1,-1,-1,1,-1,1,1,1,-1,-1,1,1,1,1,1,-1,1,-1,1,1,-1,1,-1,-1,-1,-1,1,1,-1,-1,-1,1,1,1,1,1,-1,-1,1,-1,1,1,1,-1,-1,1,-1,1,1,-1,-1,-1,-1,1,1,1,-1,-1,-1,-1,-1,1,1,-1,-1,1,-1,1,1,1,-1,-1,1,-1,-1,1,1,-1,-1,-1,-1,-1,1,1,-1,-1,1,-1,-1,1,1,1,-1,-1,-1,-1,1,1,1,-1,1,-1,-1,1,1,1,-1,1,-1,-1,1,1,1,-1,1,-1,-1,-1,1,1,-1,-1,1,-1,-1,1,1,-1,1,1,-1,1,1,1,-1,1,1,-1,1,1,-1,-1,1,-1,-1,1,1,-1,1,-1,1,-1,1,1,-1,1,1,-1,-1,-1,1,1,1,1,1,-1,1,1,-1,1,1,1,-1,-1,1,1,-1,1,1,-1,1,1,-1,1,1,1,-1,1,1,1,1,1,1,1,-1,1,-1,-1,1,1,-1,-1,1,1,-1,1,1,-1,-1,1,-1,1,1,1,1,-1,1,1,-1,1,1,-1,1,1,-1,1,-1,1,-1,-1,1,-1,1,1,1,1,1,1,-1,1,-1,1,1,1,1,-1,1,-1,1,1,1,1,-1,-1,1,1,1,1,1,1,-1,1,1,-1,-1,1,1,-1,-1,1,1,1,1,-1,1,-1,1,1,1,-1,1,-1,-1,1,1,1,1,-1,1,-1,1,-1,1,1,1,1,-1,1,1,1,1,1,1,-1,1,1,1,1,1,1,1,1,1,1,1,1,-1,1,1,1,-1,1,1,-1,1,1,1,-1,1,1,1,-1,1,-1,1,1,1,1,-1,1,1,1,1,1,1,1,1,1,-1,1,1,-1,-1,1,1,1,-1,1,1,-1,-1,1,-1,1,1,1,1,-1,1,1,-1,1,1,-1,1,1,-1,-1,-1,-1,-1,1,1,-1,1,1,-1,-1,1,-1,1,-1,1,1,-1,1,-1,-1,1,1,-1,-1,1,1,1,-1,1,1,1,-1,1,-1,1,1,1,-1,1,1,-1,-1,-1,1,1,1,1,-1,1,-1,1,-1,1,1,1,-1,-1,1,1,-1,1,-1,1,-1,1,-1,-1,-1,1,1,-1,-1,1,-1,1,1,-1,-1,1,1,-1,1,1,-1,-1,-1,1,-1,1,-1,-1,-1,1,1,1,1,-1,1,-1,1,-1,1,1,-1,1,-1,1,1,1,1,-1,-1,-1,1,-1,1,1,-1,-1,-1,1,-1,-1,1,1,-1,-1,1,-1,1,-1,1,-1,-1,1,-1,-1,-1,1,-1,-1,-1,1,1,-1,1,-1,-1,1,-1,-1,1,1,-1,-1,-1,1,-1,1,1,-1,-1,-1,1,-1,-1,1,1,1,-1,1,-1,1,-1,1,1,1,-1,1,1,-1,-1,1,1,1,-1,1,-1,1,-1,1,1,1,-1,-1,-1,1,-1,1,1,1,-1,-1,-1,1,1,-1,1,-1,-1,-1,1,1,1,1,-1,-1,-1,1,1,-1,1,-1,-1,-1,-1,1,1,1,-1,1,-1,-1,1,-1,1,-1,-1,1,1,-1,-1,1,1,-1,-1,-1,-1,-1,1,1,-1,-1,-1,1,-1,1,1,-1,-1,1,-1,1,1,-1,-1,-1,-1,-1,1,1,-1,1,-1,-1,1,1,1,1,-1,-1,-1,-1,-1,1,-1,1,-1,-1,1,-1,1,1,-1,1,-1,-1,1,1,1,-1,1,-1,1,-1,1,1,-1,1,-1,-1,-1,1,1,-1,1,-1,1,-1,1,1,1,-1,1,-1,-1,1,1,-1,-1,-1,1,-1,1,1,-1,-1,1,-1,-1,-1,-1,1,-1,1,-1,-1,1,-1,-1,1,-1,1,-1,-1,1,-1,1,-1,1,-1,1,-1,1,-1,1,-1,-1,-1,1,-1,1,-1,-1,-1,-1,1,-1,1,-1,1,-1,-1,1,-1,1,1,-1,-1,-1,-1,1,1,1,1,-1,-1,1,-1,-1,1,1,-1,-1,-1,-1,1,-1,1,-1,-1,1,1,-1,1,1,-1,-1,1,-1,-1,1,1,-1,-1,-1,-1,1,-1,1,-1,-1,-1,-1,-1,1,-1,-1,1,-1,-1,1,-1,1,-1,-1,-1,-1,-1,1,1,1,-1,-1,-1,1,1,1,-1,-1,-1,1,-1,-1,1,-1,-1,-1,-1,1,1,1,-1,-1,-1,-1,1,-1,1,1,-1,1,-1,-1,1,1,-1,-1,-1,-1,-1,-1,1,1,-1,-1,1,-1,1,1,-1,-1,-1,1,-1,1,1,-1,-1,1,-1,-1,1,1,1,-1,1,-1,1,1,1,-1,-1,1,-1,-1,1,1,1,-1,1,-1,-1,1,1,-1,1,1,-1,-1,1,1,1,1,1,-1,-1,1,1,1,1,1,-1,-1,1,1,1,1,1,1,-1,-1,1,1,-1,1,-1,-1,1,-1,1,1,1,1,-1,-1,1,-1,1,1,1,-1,1,1,1,1,-1,1,-1,1,1,1,1,1,1,-1,-1,1,1,1,1,-1,1,-1,1,1,1,1,1,-1,1,1,1,1,-1,-1,1,-1,1,1,-1,1,-1,-1,-1,1,1,1,-1,1,-1,-1,1,1,1,-1,-1,1,-1,1,1,1,-1,-1,1,-1,-1,1,1,-1,1,-1,-1,-1,1,1,-1,1,-1,1,-1,1,1,1,1,1,-1,-1,1,1,-1,-1,1,1,-1,-1,1,-1,1,-1,-1,1,1,-1,-1,1,1,-1,-1,1,1,-1,1,1,-1,1,1,-1,-1,-1,1,-1,-1,-1,-1,-1,1,1,1,-1,1,-1,1,1,1,-1,1,1,1,-1,1,1,-1,1,1,-1,-1,1,1,1,1,1,-1,1,-1,1,-1,1,1,-1,-1,1,1,-1,1,1,1,-1,1,1,1,1,1,-1,-1,1,1,-1,1,-1,1,-1,1,-1,1,1,-2666.0,1,2000,445,1000,True
1948,-1,-1,1,1,1,1,-1,1,-1,-1,-1,1,-1,1,-1,-1,1,-1,1,1,1,1,-1,-1,-1,1,-1,-1,1,-1,-1,-1,1,1,-1,-1,1,-1,-1,-1,1,-1,-1,-1,-1,-1,-1,-1,1,1,-1,-1,1,-1,1,-1,1,-1,-1,-1,-1,1,1,1,-1,1,-1,-1,-1,-1,1,-1,-1,-1,-1,-1,1,-1,1,-1,-1,1,1,-1,1,-1,-1,-1,-1,1,-1,1,-1,1,-1,-1,-1,1,1,1,1,1,-1,-1,1,1,-1,1,1,-1,-1,1,1,-1,1,1,-1,-1,1,1,-1,1,1,-1,-1,-1,1,-1,1,1,-1,-1,1,1,-1,1,1,-1,-1,1,1,-1,1,1,1,-1,1,1,1,-1,1,-1,-1,1,-1,1,-1,1,1,-1,1,-1,1,1,1,1,-1,1,1,-1,1,1,-1,-1,1,1,-1,1,1,-1,1,-1,-1,1,1,1,-1,-1,-1,1,1,1,1,-1,1,1,-1,1,1,-1,1,-1,1,-1,1,1,1,-1,-1,1,1,-1,1,-1,1,-1,1,-1,1,1,1,1,-1,-1,-1,-1,1,1,-1,-1,1,-1,1,1,1,-1,-1,-1,-1,1,1,-1,1,1,-1,-1,-1,1,1,-1,1,-1,-1,1,1,1,1,1,-1,-1,1,1,-1,1,-1,-1,1,-1,1,1,1,-1,-1,-1,1,1,1,1,-1,-1,1,-1,1,1,1,-1,-1,1,-1,1,1,1,1,-1,1,-1,1,1,1,-1,-1,1,-1,1,1,1,1,-1,1,1,-1,1,1,1,-1,1,-1,-1,1,-1,1,-1,-1,1,-1,1,1,1,-1,1,-1,-1,1,1,-1,-1,1,-1,1,1,1,1,-1,1,-1,1,1,1,-1,1,1,-1,1,-1,1,-1,-1,1,-1,1,1,1,1,1,1,-1,1,1,1,1,1,-1,-1,1,1,1,1,1,-1,-1,1,1,1,1,1,-1,-1,-1,-1,1,-1,1,1,-1,1,1,1,1,1,1,-1,-1,-1,1,1,-1,-1,-1,1,-1,-1,-1,1,1,-1,1,-1,1,-1,1,-1,1,-1,1,1,1,1,-1,1,-1,1,1,-1,1,-1,-1,-1,-1,1,1,1,1,-1,-1,1,-1,1,1,-1,-1,1,-1,-1,1,-1,1,-1,1,-1,1,1,1,-1,-1,1,1,-1,1,-1,1,-1,-1,1,-1,1,-1,-1,-1,-1,1,-1,-1,1,1,-1,-1,1,-1,1,1,-1,1,-1,1,-1,1,-1,1,-1,-1,1,-1,-1,-1,-1,-1,1,1,-1,1,-1,1,-1,1,-1,1,-1,1,1,-1,1,-1,-1,-1,-1,-1,-1,1,-1,1,-1,1,1,-1,1,-1,-1,1,-1,-1,1,-1,1,-1,-1,-1,1,-1,1,1,-1,-1,1,1,-1,1,-1,-1,1,-1,1,1,1,1,-1,-1,-1,1,-1,1,1,-1,-1,-1,1,1,-1,1,1,-1,1,1,1,1,1,-1,1,-1,-1,1,-1,1,-1,1,-1,-1,1,1,-1,1,-1,-1,-1,1,1,-1,1,1,-1,-1,-1,1,-1,1,1,-1,-1,-1,1,-1,-1,-1,-1,1,-1,1,-1,-1,-1,-1,-1,-1,1,-1,1,1,1,1,-1,1,-1,1,1,-1,1,-1,1,-1,-1,1,-1,1,-1,-1,1,1,1,1,1,1,-1,1,1,1,-1,1,-1,1,1,1,1,-1,-1,-1,1,1,1,1,-1,1,-1,1,-1,1,-1,1,1,-1,-1,1,1,1,-1,1,-1,-1,1,1,1,1,1,1,-1,1,1,1,1,1,1,-1,1,-1,1,-1,1,1,-1,1,1,1,1,1,1,-1,1,-1,1,1,1,1,-1,1,1,-1,1,1,1,1,1,1,1,1,1,1,-1,1,1,-1,1,1,-1,-1,-1,1,1,-1,1,-1,-1,1,-1,1,1,1,-1,-1,1,-1,1,-1,-1,1,-1,-1,1,-1,-1,1,-1,-1,1,-1,1,1,1,-1,-1,-1,-1,1,-1,1,-1,-1,1,-1,1,-1,1,-1,1,-1,-1,-1,-1,1,-1,-1,-1,1,-1,-1,1,1,-1,-1,1,-1,-1,1,-1,-1,-1,-1,1,-1,1,-1,1,-1,-1,1,-1,1,1,-1,1,1,1,-1,1,-1,-1,-1,1,-1,-1,-1,1,-1,-1,1,-1,1,1,-1,-1,-1,-1,-1,-1,1,-1,-1,-1,1,1,-1,1,-1,1,-1,1,-1,-1,1,-1,1,-1,1,-1,1,1,1,-1,-1,1,-1,1,1,-1,1,-1,-1,1,1,1,-1,-1,-1,-1,-1,1,-1,-1,-1,1,-1,1,1,1,1,-1,-1,-1,1,1,1,1,-1,1,-1,1,1,-1,1,-1,-1,1,1,1,1,-1,1,-1,-1,1,1,1,1,-1,-1,-1,1,1,1,-1,-1,-1,-1,1,1,1,1,-1,-1,-1,1,1,1,1,1,-1,-1,1,1,-1,1,1,-1,-1,1,1,-1,1,-1,-1,-1,1,-1,1,1,1,-1,-1,-1,1,-1,1,1,-1,-1,1,1,-1,1,1,-1,-1,1,1,-1,1,1,-1,-1,-1,1,1,1,1,-1,1,-1,1,1,1,-1,-1,1,-1,1,1,1,1,-1,1,-1,1,1,-1,1,-1,-1,1,-1,-1,1,-1,1,-1,-1,1,-1,1,1,-1,-1,1,1,-1,1,1,1,-1,-1,-1,1,1,-1,1,-1,-1,1,-1,1,-1,1,-1,-1,1,-1,1,1,1,1,-1,1,1,-1,1,1,1,1,1,1,1,-1,1,-1,-1,1,1,-1,1,1,-1,-1,1,-1,-1,1,1,1,1,1,1,-1,1,1,-1,-1,1,-1,-1,1,1,-1,1,-1,1,-1,1,1,-1,1,1,-1,-1,1,1,-1,1,1,1,-1,1,1,-1,1,1,1,-1,1,1,-1,1,1,1,1,-1,1,-1,1,1,-1,-1,-1,1,-1,-1,1,1,-1,1,1,1,-1,1,-1,1,-1,1,-1,-1,1,-2666.0,1,2000,445,1500,True
1949,1,1,-1,-1,1,1,-1,-1,1,1,1,-1,-1,1,1,1,-1,1,-1,-1,-1,-1,1,1,1,-1,-1,-1,1,1,1,1,-1,-1,-1,-1,1,1,1,1,-1,-1,-1,1,1,1,1,-1,1,1,1,1,-1,1,-1,-1,1,-1,1,1,1,-1,-1,-1,1,1,1,1,-1,-1,-1,1,1,1,1,-1,-1,-1,1,1,1,-1,-1,-1,1,1,1,1,-1,-1,-1,1,1,1,1,-1,-1,1,1,-1,1,1,-1,-1,1,1,1,1,1,-1,-1,-1,1,1,1,1,-1,-1,1,1,1,1,1,1,-1,-1,1,1,-1,1,1,-1,1,1,1,1,1,1,-1,1,1,1,1,1,1,-1,1,1,1,1,1,1,-1,-1,-1,1,1,1,1,-1,1,1,1,1,-1,1,-1,1,-1,1,1,1,-1,-1,1,1,1,1,1,-1,1,-1,-1,1,-1,1,-1,1,1,1,1,1,1,1,1,1,-1,1,-1,1,-1,1,1,-1,1,-1,1,1,-1,1,-1,1,-1,1,-1,1,1,-1,1,-1,1,1,1,1,-1,-1,1,1,-1,-1,1,-1,1,-1,-1,1,-1,1,-1,1,-1,1,-1,1,1,-1,-1,-1,1,-1,-1,1,-1,1,1,1,-1,1,-1,-1,1,-1,1,-1,1,1,1,-1,1,1,-1,1,-1,-1,-1,1,1,-1,1,-1,-1,-1,1,1,-1,-1,1,1,-1,-1,1,-1,-1,1,1,-1,1,1,1,-1,-1,1,-1,1,1,-1,1,-1,1,-1,1,1,-1,-1,-1,1,-1,-1,1,-1,-1,-1,1,1,-1,1,1,1,-1,1,1,1,1,1,1,-1,1,-1,1,1,-1,1,1,1,-1,1,1,1,-1,1,1,-1,-1,1,1,-1,1,1,-1,1,1,1,1,-1,1,-1,1,1,1,1,-1,1,-1,1,1,1,1,-1,1,-1,-1,-1,1,1,-1,1,-1,1,1,1,1,-1,1,1,-1,-1,1,1,1,1,1,-1,1,-1,1,-1,-1,1,-1,-1,1,1,-1,1,1,-1,1,-1,1,-1,1,-1,-1,-1,1,-1,-1,1,-1,1,-1,1,1,-1,1,1,1,-1,1,-1,-1,-1,1,-1,1,1,-1,1,1,1,-1,1,-1,-1,1,-1,1,1,-1,1,-1,1,1,1,1,1,-1,-1,1,-1,1,-1,1,-1,-1,-1,-1,1,1,1,-1,-1,1,-1,1,1,1,-1,-1,-1,1,-1,1,1,-1,-1,1,-1,1,1,1,1,-1,-1,1,1,1,1,-1,-1,1,1,1,1,-1,1,-1,1,1,1,1,-1,1,-1,-1,1,1,1,-1,1,-1,1,-1,1,1,-1,-1,1,-1,1,1,1,1,-1,1,-1,-1,1,1,1,-1,1,-1,-1,1,1,-1,-1,1,-1,-1,1,-1,1,-1,-1,1,-1,1,-1,1,1,-1,1,-1,-1,1,1,1,-1,1,-1,1,-1,-1,-1,1,-1,-1,-1,1,-1,-1,1,1,1,-1,1,-1,1,1,1,-1,1,1,-1,1,-1,1,-1,-1,1,-1,-1,1,1,1,-1,1,-1,-1,1,1,-1,-1,1,-1,-1,1,1,-1,-1,1,-1,-1,-1,1,1,-1,1,1,-1,-1,1,-1,-1,1,-1,1,-1,1,1,-1,-1,1,-1,-1,-1,-1,-1,1,1,1,-1,-1,1,-1,-1,1,-1,-1,1,-1,-1,1,1,-1,-1,1,-1,-1,1,1,-1,1,-1,1,-1,-1,1,1,-1,-1,-1,-1,1,1,-1,-1,1,-1,-1,-1,1,1,-1,-1,-1,-1,-1,1,-1,-1,-1,-1,-1,1,1,1,-1,-1,-1,-1,-1,1,1,-1,-1,-1,-1,-1,1,1,1,-1,-1,-1,-1,1,1,-1,-1,-1,-1,1,1,1,1,-1,-1,1,1,1,1,1,-1,-1,-1,1,1,1,-1,1,-1,1,1,1,1,-1,1,-1,-1,1,-1,1,-1,1,-1,-1,1,-1,1,-1,-1,-1,-1,1,-1,1,-1,1,-1,-1,1,-1,1,-1,1,-1,-1,1,-1,1,-1,-1,-1,-1,1,1,-1,-1,-1,-1,-1,1,-1,1,-1,-1,-1,-1,-1,-1,-1,1,-1,-1,-1,1,-1,-1,1,-1,-1,-1,-1,-1,-1,1,-1,-1,-1,-1,-1,1,-1,-1,-1,1,-1,-1,1,-1,1,-1,-1,-1,-1,1,-1,-1,1,-1,-1,-1,-1,1,1,-1,-1,1,-1,1,-1,-1,-1,1,-1,-1,-1,1,1,-1,-1,-1,-1,-1,1,1,1,-1,1,-1,1,-1,1,-1,-1,-1,-1,-1,-1,1,1,-1,-1,1,-1,1,1,-1,-1,-1,-1,-1,1,1,-1,-1,1,1,-1,1,1,1,-1,1,-1,1,1,1,-1,-1,1,-1,-1,1,1,1,-1,1,-1,-1,1,1,-1,1,1,1,-1,1,1,-1,1,1,1,-1,1,-1,-1,1,1,1,-1,1,1,1,1,1,1,-1,1,1,1,-1,1,1,-1,1,-1,1,1,1,1,-1,-1,1,-1,1,1,1,-1,-1,1,1,1,-1,1,-1,-1,1,1,1,1,1,-1,1,-1,1,1,1,1,-1,1,1,1,1,1,-1,1,-1,1,1,1,-1,-1,-1,1,1,1,-1,1,-1,1,1,-1,1,1,-1,1,-1,1,1,1,1,-1,-1,-1,1,1,1,1,-1,-1,1,1,-1,1,1,-1,1,-1,1,-1,1,1,-1,1,-1,1,-1,1,1,1,1,1,1,1,1,1,-1,-1,1,-1,1,1,1,-1,1,-1,1,1,1,-1,-1,1,1,1,-1,1,1,-1,1,-1,1,1,1,-1,-1,-1,1,-1,-1,-1,-1,-1,1,-1,1,1,1,-1,1,1,1,-1,1,1,1,-1,1,1,1,1,1,-1,-1,1,1,1,1,1,-1,1,-1,1,-1,1,1,-1,-1,1,1,1,-1,1,1,-1,1,1,1,1,1,-1,-1,1,1,1,1,-1,1,-1,1,-1,1,1,-2666.0,1,2000,445,1000,True
1950,-1,-1,1,1,1,1,-1,1,-1,-1,-1,1,-1,1,-1,-1,1,-1,1,1,1,-1,-1,-1,-1,1,-1,-1,-1,-1,-1,-1,1,1,-1,-1,1,-1,-1,-1,1,-1,-1,-1,-1,-1,1,-1,1,1,-1,-1,1,-1,1,-1,-1,1,-1,-1,-1,1,1,1,-1,-1,-1,-1,-1,-1,-1,1,-1,-1,-1,-1,1,-1,1,-1,-1,1,1,-1,1,-1,-1,-1,-1,1,-1,-1,1,1,-1,-1,-1,1,1,1,-1,1,-1,-1,1,1,1,-1,-1,-1,-1,1,1,1,-1,1,-1,-1,1,1,1,-1,-1,-1,-1,1,1,1,-1,1,-1,-1,1,1,1,-1,-1,-1,-1,1,1,1,-1,1,1,-1,-1,1,1,1,1,-1,-1,1,-1,1,1,1,-1,-1,1,1,1,1,-1,1,-1,1,-1,1,1,1,-1,-1,1,1,1,-1,1,-1,1,-1,-1,1,1,1,-1,1,-1,1,1,-1,1,-1,1,1,-1,1,-1,1,-1,1,1,-1,1,-1,1,-1,-1,1,-1,1,-1,1,-1,1,1,-1,-1,-1,1,-1,-1,1,-1,-1,1,1,-1,-1,1,-1,1,1,-1,1,-1,1,-1,1,-1,1,-1,1,1,-1,-1,1,1,-1,-1,1,-1,1,1,1,-1,1,-1,-1,1,-1,1,-1,1,1,1,-1,1,1,-1,1,-1,-1,-1,1,1,-1,1,-1,-1,-1,-1,1,1,-1,1,1,-1,-1,1,-1,-1,1,1,-1,1,1,1,-1,-1,1,-1,1,1,-1,1,-1,1,1,-1,1,-1,-1,-1,1,-1,-1,1,-1,1,-1,1,1,-1,1,1,1,-1,1,-1,-1,1,1,-1,-1,1,-1,1,1,-1,1,-1,1,-1,1,1,1,-1,1,1,-1,1,-1,1,-1,-1,1,-1,1,1,1,1,1,1,-1,1,1,1,1,1,-1,-1,1,1,1,1,1,-1,-1,1,1,1,1,1,-1,-1,-1,-1,1,-1,1,1,-1,1,1,1,1,1,1,-1,-1,-1,1,1,-1,-1,-1,1,-1,-1,-1,1,1,-1,1,-1,1,-1,1,-1,1,-1,1,1,1,1,-1,1,-1,1,1,-1,1,-1,-1,-1,-1,1,1,1,1,-1,-1,1,-1,1,1,-1,-1,1,-1,-1,1,-1,1,-1,1,-1,1,-1,1,-1,-1,1,1,-1,1,-1,1,-1,-1,1,-1,1,-1,-1,-1,-1,1,-1,-1,1,1,-1,-1,-1,-1,1,1,-1,1,-1,1,-1,1,-1,1,-1,-1,1,-1,1,-1,-1,-1,1,1,-1,1,-1,1,-1,1,-1,1,1,-1,1,-1,1,-1,-1,1,-1,-1,-1,1,-1,1,-1,-1,1,-1,1,-1,-1,1,-1,-1,1,-1,1,-1,-1,-1,1,-1,1,1,-1,-1,-1,1,-1,1,-1,-1,1,-1,1,1,1,1,-1,-1,1,1,-1,1,1,-1,-1,1,1,1,-1,1,1,-1,1,1,1,1,-1,-1,1,-1,-1,-1,1,-1,-1,1,-1,1,-1,1,-1,1,-1,-1,-1,1,1,-1,1,1,-1,1,-1,1,-1,1,1,-1,1,-1,1,-1,-1,-1,-1,1,-1,1,-1,-1,-1,-1,1,-1,1,-1,1,1,1,-1,-1,1,-1,1,1,-1,1,-1,1,-1,-1,1,-1,1,-1,-1,1,1,1,1,1,-1,1,1,1,1,-1,1,-1,-1,1,1,1,-1,-1,-1,1,1,1,1,-1,-1,-1,1,-1,1,-1,1,1,-1,-1,1,1,1,-1,-1,-1,-1,1,1,1,1,1,-1,-1,1,1,1,1,-1,-1,-1,1,-1,1,-1,1,-1,-1,1,1,1,1,1,-1,-1,1,-1,1,1,1,-1,-1,1,1,-1,1,1,-1,-1,1,1,1,1,1,-1,1,-1,1,-1,-1,1,1,1,-1,1,1,-1,1,-1,1,1,-1,1,1,1,1,1,1,-1,1,-1,1,-1,1,-1,1,-1,-1,1,1,-1,1,-1,1,-1,1,1,-1,-1,-1,1,-1,1,1,1,1,-1,1,-1,1,1,-1,-1,-1,1,-1,1,1,1,1,1,-1,-1,1,1,1,-1,-1,1,-1,1,1,-1,-1,-1,1,-1,1,-1,1,-1,-1,1,-1,1,1,-1,-1,1,1,-1,1,-1,-1,-1,1,-1,-1,1,-1,-1,-1,1,-1,1,1,-1,-1,-1,-1,-1,-1,1,-1,-1,-1,1,1,-1,1,-1,1,-1,1,-1,-1,1,1,-1,-1,1,1,1,1,1,-1,-1,1,-1,1,1,-1,1,-1,-1,1,1,1,1,-1,-1,-1,-1,1,-1,1,-1,1,-1,1,1,1,1,1,-1,-1,1,1,1,1,-1,1,-1,1,1,-1,1,-1,-1,1,1,1,1,-1,1,-1,-1,1,1,1,1,1,-1,-1,1,1,1,-1,1,1,-1,1,1,1,1,1,1,-1,1,1,1,1,1,1,-1,1,1,-1,1,1,-1,-1,1,1,1,1,1,1,-1,1,-1,-1,1,1,1,-1,-1,1,-1,1,1,1,-1,1,1,-1,1,1,1,-1,1,1,-1,1,1,1,-1,-1,1,1,1,1,-1,1,-1,1,1,1,1,-1,1,-1,1,1,1,-1,-1,1,-1,1,1,-1,1,-1,-1,-1,1,-1,1,-1,1,-1,-1,1,-1,1,-1,-1,-1,-1,1,-1,1,-1,-1,-1,-1,-1,1,1,-1,1,-1,-1,1,-1,1,-1,1,-1,-1,1,-1,1,1,1,1,-1,-1,1,-1,-1,-1,1,1,1,1,-1,-1,1,-1,-1,1,1,-1,-1,1,-1,-1,-1,-1,1,-1,1,1,1,1,-1,1,-1,1,-1,-1,-1,-1,-1,-1,1,-1,1,1,1,-1,1,1,-1,1,1,-1,-1,-1,1,-1,1,1,1,1,-1,1,-1,1,1,1,-1,1,1,-1,1,1,1,-1,-1,1,-1,1,1,-1,-1,-1,1,-1,-1,1,1,-1,1,1,1,-1,1,-1,1,-1,1,-1,-1,1,-2666.0,1,2000,445,1500,True
1951,1,1,-1,-1,1,1,-1,1,1,1,1,-1,-1,1,1,1,-1,1,-1,-1,-1,1,1,1,1,-1,-1,-1,1,1,1,1,-1,-1,-1,1,-1,1,1,1,-1,-1,1,1,1,1,1,-1,1,-1,1,1,1,1,-1,-1,1,-1,1,1,1,-1,-1,-1,1,1,1,1,-1,-1,1,-1,1,1,1,-1,-1,1,-1,1,1,-1,-1,-1,-1,1,1,1,-1,-1,-1,1,-1,1,1,-1,-1,1,-1,1,1,1,-1,-1,1,-1,-1,1,1,-1,-1,-1,-1,-1,1,1,-1,-1,1,-1,-1,1,1,1,-1,-1,-1,-1,1,1,1,-1,1,-1,-1,1,1,1,-1,1,-1,-1,1,1,1,-1,1,-1,-1,-1,1,1,-1,-1,1,-1,-1,1,1,-1,1,1,-1,-1,1,1,-1,1,1,-1,1,1,-1,-1,1,-1,-1,1,1,-1,1,-1,1,-1,1,1,-1,1,1,-1,-1,-1,1,1,1,1,1,-1,-1,1,-1,1,1,1,-1,-1,1,1,-1,1,1,-1,1,1,-1,1,1,1,-1,1,1,1,1,1,1,1,-1,1,-1,-1,1,1,-1,-1,1,1,-1,1,1,-1,-1,1,-1,1,1,1,1,-1,1,1,-1,1,1,-1,1,1,-1,1,1,1,-1,-1,1,-1,1,-1,1,1,1,1,-1,1,-1,1,1,1,1,-1,1,-1,1,1,1,1,-1,-1,1,1,1,1,1,1,-1,1,1,-1,-1,1,1,-1,-1,1,1,1,1,-1,1,-1,1,1,1,-1,1,-1,-1,1,1,1,1,-1,1,-1,1,-1,1,1,1,1,-1,1,1,1,1,1,1,-1,1,1,1,1,1,1,1,1,1,1,1,1,-1,1,1,1,-1,1,1,-1,1,1,1,-1,1,1,1,-1,1,-1,1,1,1,1,-1,1,1,1,1,1,1,-1,1,1,-1,1,1,-1,-1,1,1,1,-1,1,1,-1,-1,1,-1,1,1,1,1,-1,1,1,-1,1,1,-1,1,1,-1,-1,-1,-1,-1,1,1,-1,1,1,-1,-1,1,-1,1,-1,1,1,-1,1,-1,-1,1,1,-1,-1,1,1,1,-1,1,1,1,-1,1,-1,1,1,1,1,1,1,-1,-1,-1,1,1,1,1,-1,1,-1,1,-1,1,1,1,-1,-1,1,1,-1,1,-1,1,-1,1,-1,-1,-1,1,1,-1,-1,1,-1,1,1,-1,-1,1,1,1,1,1,-1,-1,-1,1,-1,1,-1,-1,-1,1,1,1,1,-1,1,-1,1,1,1,1,-1,-1,-1,1,1,1,1,-1,-1,-1,1,-1,1,1,-1,-1,-1,1,1,-1,1,1,-1,-1,1,-1,1,-1,1,-1,-1,1,-1,-1,-1,1,-1,-1,-1,1,1,-1,1,-1,-1,1,-1,-1,1,1,-1,-1,-1,1,-1,1,1,-1,-1,-1,1,-1,-1,1,1,1,-1,1,-1,1,-1,1,-1,1,-1,1,1,-1,-1,1,1,1,1,-1,-1,1,-1,1,1,1,-1,-1,-1,-1,-1,1,-1,1,-1,-1,-1,1,1,-1,1,-1,-1,-1,1,1,-1,1,-1,-1,1,1,1,-1,1,-1,-1,-1,-1,1,1,1,-1,1,-1,-1,1,-1,1,-1,1,1,1,-1,-1,1,1,-1,-1,-1,-1,-1,1,1,-1,-1,-1,1,-1,1,1,-1,-1,1,-1,1,1,-1,-1,-1,-1,-1,1,1,-1,1,-1,-1,1,1,1,1,-1,-1,-1,-1,-1,1,-1,1,-1,-1,1,-1,1,1,-1,1,-1,-1,1,1,1,-1,1,-1,1,-1,1,1,-1,-1,-1,-1,-1,1,1,-1,1,-1,1,-1,1,1,1,-1,1,-1,-1,1,1,-1,-1,-1,1,-1,1,1,1,-1,1,-1,-1,-1,-1,1,-1,1,-1,-1,1,-1,-1,1,-1,1,-1,1,1,-1,1,-1,1,-1,1,-1,1,-1,1,-1,-1,1,1,-1,1,-1,-1,-1,-1,1,-1,1,-1,1,-1,-1,1,-1,1,1,-1,-1,-1,-1,1,1,1,1,-1,-1,1,-1,-1,1,1,-1,-1,-1,-1,1,-1,1,-1,-1,1,1,-1,1,1,-1,-1,1,-1,-1,1,1,-1,-1,-1,-1,1,-1,1,-1,-1,-1,-1,-1,1,-1,-1,1,-1,-1,1,-1,1,-1,-1,-1,-1,-1,1,1,1,-1,-1,-1,1,1,1,-1,-1,-1,1,-1,-1,1,1,-1,-1,-1,1,1,1,-1,-1,-1,-1,1,-1,1,-1,-1,1,-1,-1,1,1,-1,-1,-1,-1,-1,-1,1,1,-1,-1,1,-1,1,1,-1,-1,-1,1,-1,1,1,-1,-1,1,-1,-1,1,1,1,-1,1,-1,1,1,1,-1,-1,1,-1,-1,1,1,1,-1,1,-1,-1,1,1,-1,1,1,-1,-1,1,1,1,1,1,-1,-1,1,1,-1,1,1,-1,-1,1,1,1,1,1,1,-1,-1,1,1,-1,1,-1,-1,1,-1,1,1,1,1,-1,-1,1,-1,1,1,1,-1,1,1,1,1,-1,1,-1,1,1,1,1,1,1,-1,-1,1,1,1,1,-1,1,-1,1,1,1,1,1,-1,1,1,1,1,-1,-1,1,-1,1,1,-1,1,-1,-1,-1,1,1,1,-1,1,-1,-1,1,1,1,-1,-1,-1,-1,1,1,1,-1,-1,1,-1,-1,1,1,-1,1,-1,-1,-1,1,1,-1,1,-1,1,-1,1,1,1,1,1,-1,-1,1,1,-1,-1,1,1,-1,1,1,-1,1,-1,-1,1,1,-1,-1,1,-1,-1,-1,1,1,-1,1,1,-1,1,1,-1,-1,-1,1,-1,-1,-1,-1,-1,1,-1,1,-1,1,-1,1,1,1,-1,1,1,1,-1,1,1,-1,1,1,-1,-1,1,1,1,1,1,-1,-1,-1,1,-1,1,1,-1,-1,1,1,-1,1,1,1,-1,1,1,1,1,1,-1,-1,-1,1,-1,1,-1,1,-1,1,-1,1,1,-2666.0,1,2000,445,1000,True
1952,-1,-1,1,1,1,1,-1,1,-1,-1,-1,1,-1,1,-1,-1,1,-1,1,1,-1,1,-1,-1,-1,1,-1,-1,-1,-1,-1,-1,1,1,-1,1,1,-1,-1,-1,1,-1,1,-1,-1,-1,-1,-1,1,-1,-1,-1,1,1,1,-1,-1,1,-1,-1,-1,1,1,1,-1,1,-1,-1,-1,-1,1,-1,-1,-1,1,-1,-1,1,-1,-1,-1,-1,1,-1,-1,-1,-1,1,-1,1,1,-1,-1,1,1,-1,-1,1,-1,1,1,1,-1,-1,1,-1,-1,1,1,-1,-1,1,-1,-1,1,1,-1,-1,1,-1,-1,1,1,1,-1,1,-1,-1,1,1,1,-1,-1,-1,-1,1,1,1,-1,1,-1,-1,1,1,1,-1,-1,-1,-1,-1,1,1,-1,1,1,-1,1,1,1,-1,1,-1,-1,-1,1,1,-1,1,1,-1,1,1,-1,-1,1,-1,-1,1,1,-1,1,-1,1,-1,1,1,-1,-1,-1,-1,-1,-1,1,-1,1,1,1,-1,1,1,1,-1,1,1,-1,1,1,-1,-1,1,1,-1,1,1,-1,-1,1,1,-1,1,1,1,-1,1,1,1,-1,1,-1,-1,1,1,-1,-1,1,1,-1,1,1,-1,-1,1,-1,1,1,1,1,-1,1,-1,1,1,1,-1,1,1,1,-1,1,1,-1,-1,-1,1,-1,1,1,1,-1,-1,1,1,-1,1,1,1,1,1,1,-1,1,1,1,1,-1,1,1,1,1,1,1,1,1,1,1,-1,-1,1,-1,1,-1,1,1,-1,-1,1,1,-1,1,1,1,-1,1,1,-1,1,1,1,-1,-1,1,-1,1,-1,1,-1,1,1,-1,1,1,1,-1,1,1,-1,1,1,-1,-1,1,-1,1,1,1,-1,1,1,1,-1,1,1,-1,1,1,-1,1,1,1,1,1,1,1,-1,1,-1,1,1,1,1,-1,1,1,-1,1,1,1,-1,1,1,1,-1,1,1,-1,1,1,1,1,1,1,-1,-1,1,-1,-1,1,1,1,-1,1,1,-1,1,1,-1,1,1,-1,1,1,1,-1,1,1,-1,1,-1,1,-1,1,-1,1,-1,1,-1,1,1,-1,1,-1,-1,1,-1,1,1,1,-1,1,-1,1,-1,1,1,1,-1,-1,1,1,1,-1,1,-1,-1,1,1,1,-1,1,-1,-1,1,1,1,-1,1,-1,-1,1,-1,1,1,1,-1,-1,-1,-1,-1,1,1,-1,-1,1,-1,1,1,-1,-1,-1,-1,-1,1,1,1,-1,-1,1,-1,1,-1,-1,1,-1,-1,1,1,-1,1,-1,-1,1,1,1,-1,-1,1,-1,1,1,1,-1,-1,1,1,-1,1,1,-1,-1,1,-1,1,-1,1,1,-1,-1,1,-1,1,-1,1,-1,-1,1,-1,-1,-1,1,-1,-1,1,-1,1,-1,1,-1,-1,1,-1,-1,1,1,-1,-1,-1,1,-1,1,1,-1,1,-1,1,-1,-1,1,1,1,-1,1,-1,1,-1,1,-1,1,-1,1,1,-1,-1,1,1,1,-1,1,-1,1,-1,1,1,1,-1,-1,-1,-1,-1,1,1,1,-1,-1,-1,1,1,-1,1,-1,-1,-1,1,1,1,1,-1,-1,-1,1,1,1,1,-1,-1,-1,-1,1,-1,1,-1,1,-1,-1,1,1,1,-1,-1,1,1,-1,-1,1,1,-1,-1,-1,-1,1,1,1,-1,1,-1,1,1,1,1,-1,-1,1,-1,1,1,-1,-1,-1,-1,-1,1,1,-1,1,-1,-1,1,1,1,1,-1,-1,-1,-1,1,1,-1,1,-1,-1,1,1,1,1,-1,1,-1,-1,1,1,1,-1,1,-1,1,1,1,1,-1,1,-1,-1,1,-1,1,-1,1,-1,1,1,1,1,-1,-1,1,-1,1,1,1,-1,-1,-1,1,1,1,-1,1,-1,1,-1,1,-1,-1,1,-1,1,-1,1,1,-1,-1,1,-1,1,1,-1,1,-1,1,-1,1,-1,1,-1,1,-1,1,-1,1,-1,1,-1,1,-1,-1,1,-1,1,1,1,-1,1,1,-1,1,-1,1,1,-1,1,-1,-1,1,1,1,1,1,-1,1,1,-1,1,1,1,1,-1,1,-1,1,-1,1,-1,1,1,1,-1,1,1,-1,1,1,1,-1,1,1,1,-1,-1,-1,-1,1,1,-1,-1,1,-1,1,-1,-1,1,-1,1,-1,-1,1,1,-1,-1,1,1,-1,1,1,-1,-1,1,-1,1,1,1,-1,-1,1,1,-1,1,1,-1,-1,1,-1,1,1,1,-1,-1,-1,-1,1,1,1,-1,1,-1,1,-1,1,1,-1,-1,-1,-1,-1,1,-1,-1,-1,1,-1,1,1,-1,-1,-1,1,-1,1,1,1,-1,1,1,-1,1,1,1,-1,1,-1,1,1,1,-1,-1,1,-1,1,1,1,1,1,-1,-1,-1,1,1,1,-1,1,-1,-1,1,1,1,1,-1,1,-1,1,-1,1,1,1,-1,-1,1,1,-1,1,1,-1,-1,1,1,-1,1,-1,-1,-1,1,-1,1,1,1,-1,-1,1,1,-1,1,1,-1,-1,-1,1,-1,1,1,-1,-1,1,1,-1,1,1,-1,-1,1,-1,1,1,1,-1,1,1,1,1,1,-1,-1,1,-1,1,1,1,-1,-1,-1,1,1,1,-1,1,-1,1,1,-1,-1,1,1,-1,-1,1,-1,-1,1,1,-1,-1,1,1,-1,1,1,-1,1,1,-1,1,1,-1,1,-1,1,-1,-1,1,-1,1,-1,1,-1,-1,1,1,-1,1,1,1,1,1,-1,-1,1,-1,1,1,1,-1,1,-1,1,1,1,-1,-1,1,-1,1,-1,-1,1,-1,1,-1,1,1,-1,1,-1,-1,1,-1,-1,-1,-1,-1,1,-1,1,1,1,-1,1,1,1,-1,1,1,1,-1,1,1,-1,1,1,1,-1,1,1,1,1,1,-1,1,1,1,-1,1,1,-1,-1,1,1,-1,-1,1,1,-1,1,1,1,1,1,-1,1,1,-1,1,1,1,-1,1,-1,1,-1,1,-2666.0,1,2000,445,1000,True
1953,1,1,-1,-1,1,-1,-1,-1,1,1,1,-1,1,1,1,1,-1,1,-1,-1,-1,-1,1,1,1,-1,-1,-1,1,1,1,1,-1,-1,-1,-1,1,-1,1,1,-1,-1,-1,1,1,1,1,-1,1,1,1,1,-1,1,-1,-1,1,-1,1,1,1,-1,-1,-1,1,1,1,1,-1,-1,-1,1,1,1,1,-1,-1,-1,1,1,1,-1,-1,-1,1,1,1,1,-1,1,-1,1,1,1,1,-1,-1,1,1,-1,1,1,-1,-1,1,1,1,1,1,-1,-1,1,1,1,1,1,-1,-1,1,1,1,1,1,1,-1,1,1,1,-1,1,1,-1,1,1,1,1,1,1,-1,-1,1,1,1,1,1,-1,1,1,1,1,1,1,-1,-1,-1,1,1,1,1,-1,1,1,1,1,-1,1,-1,1,-1,1,1,1,-1,-1,1,1,1,1,1,-1,1,-1,-1,1,1,1,-1,1,1,1,1,-1,1,1,1,1,-1,1,-1,1,-1,1,1,-1,1,-1,1,1,-1,1,-1,1,-1,1,-1,1,1,-1,1,-1,1,1,1,1,-1,-1,1,1,-1,-1,1,-1,1,-1,1,1,-1,1,-1,1,-1,1,-1,1,1,-1,-1,1,-1,1,-1,1,-1,1,1,1,-1,1,1,-1,1,-1,1,-1,1,-1,1,-1,1,1,-1,1,-1,-1,-1,-1,1,-1,1,-1,-1,-1,1,1,-1,-1,1,1,-1,1,1,1,-1,1,1,-1,1,1,1,1,-1,1,-1,1,1,-1,1,-1,1,-1,1,-1,1,1,1,1,-1,-1,1,-1,-1,-1,1,1,-1,1,1,1,-1,1,1,1,1,1,1,1,1,-1,1,1,1,-1,1,1,-1,1,1,1,-1,1,1,-1,-1,1,1,1,-1,1,-1,1,1,1,-1,1,1,-1,1,1,1,-1,1,1,-1,1,1,1,-1,1,1,-1,-1,1,1,-1,1,1,-1,1,-1,1,-1,1,-1,1,-1,1,1,1,-1,-1,1,-1,1,1,-1,1,1,1,-1,-1,-1,-1,1,1,1,-1,1,1,-1,1,1,-1,-1,1,1,1,1,1,-1,1,1,1,-1,1,1,1,-1,-1,1,1,-1,-1,1,-1,1,-1,1,-1,1,1,-1,-1,-1,1,-1,1,1,1,-1,1,1,-1,1,1,1,1,-1,1,-1,-1,1,-1,1,-1,1,-1,1,1,1,1,-1,-1,1,-1,1,1,1,-1,1,1,1,-1,1,1,-1,1,-1,-1,1,1,1,-1,1,-1,1,1,1,1,-1,1,-1,-1,1,1,-1,1,1,-1,-1,1,1,-1,-1,1,-1,1,1,1,-1,1,-1,-1,-1,1,1,-1,-1,1,-1,1,1,1,1,-1,1,-1,-1,-1,1,1,-1,1,-1,1,-1,1,-1,-1,1,-1,-1,1,-1,1,-1,-1,1,-1,1,-1,1,-1,-1,1,-1,-1,1,1,1,-1,1,-1,1,-1,1,1,1,-1,-1,-1,1,-1,1,1,1,1,-1,1,-1,-1,1,1,-1,1,1,-1,1,-1,1,-1,-1,1,-1,-1,1,1,1,-1,1,-1,-1,1,1,-1,-1,1,-1,-1,1,1,-1,-1,1,-1,-1,-1,1,1,-1,1,1,-1,-1,1,-1,-1,1,-1,1,-1,1,1,-1,-1,1,-1,-1,-1,-1,-1,1,1,1,-1,1,1,-1,-1,1,-1,-1,-1,-1,-1,1,1,-1,-1,-1,-1,-1,1,1,-1,1,1,-1,-1,-1,1,1,-1,-1,-1,-1,-1,1,-1,-1,1,-1,-1,-1,1,1,-1,-1,-1,-1,-1,1,-1,-1,1,-1,-1,1,1,1,-1,1,-1,-1,-1,1,1,-1,-1,-1,-1,-1,1,1,1,-1,-1,-1,-1,1,1,-1,-1,-1,-1,1,-1,1,1,-1,-1,1,1,-1,1,1,-1,-1,-1,1,1,1,-1,1,-1,1,1,1,1,-1,1,-1,-1,1,-1,1,-1,1,-1,-1,1,-1,1,-1,-1,-1,-1,1,-1,1,-1,1,1,-1,1,-1,1,-1,1,1,1,-1,1,1,-1,-1,-1,-1,1,-1,-1,-1,-1,-1,-1,1,-1,1,-1,-1,-1,-1,1,1,-1,1,-1,-1,-1,1,-1,-1,1,-1,-1,-1,-1,1,-1,1,-1,-1,-1,-1,-1,1,-1,-1,-1,1,-1,-1,1,-1,1,-1,-1,-1,-1,-1,-1,-1,1,-1,-1,-1,1,1,-1,-1,-1,-1,1,-1,-1,-1,-1,1,-1,-1,1,-1,1,-1,-1,-1,-1,1,-1,1,1,-1,1,-1,-1,1,1,-1,-1,-1,-1,-1,-1,1,1,-1,-1,1,-1,1,1,-1,-1,-1,1,-1,1,1,-1,-1,1,-1,-1,1,1,1,-1,1,-1,1,1,1,-1,-1,1,-1,-1,1,1,1,-1,1,-1,-1,1,1,-1,1,1,-1,-1,1,1,-1,1,1,-1,-1,1,1,-1,1,1,-1,-1,1,1,1,1,1,1,-1,1,1,1,-1,1,-1,-1,1,-1,1,1,1,1,-1,-1,1,-1,1,1,1,-1,1,1,1,1,-1,1,-1,1,1,1,1,1,1,1,-1,-1,1,1,1,-1,1,-1,1,1,1,1,1,-1,1,1,1,1,-1,1,1,-1,1,1,-1,1,1,-1,-1,1,1,1,1,-1,1,-1,1,1,1,-1,-1,1,-1,1,1,1,-1,1,-1,-1,-1,1,1,-1,-1,1,-1,-1,1,1,-1,-1,1,-1,1,1,1,1,-1,1,-1,-1,1,1,-1,-1,-1,1,1,-1,1,-1,1,1,-1,1,1,-1,-1,1,1,-1,-1,-1,1,-1,1,1,1,1,1,-1,-1,-1,-1,-1,-1,-1,-1,-1,-1,1,1,1,1,-1,1,1,-1,1,1,1,1,-1,1,-1,1,1,1,1,-1,1,-1,1,1,1,1,-1,1,-1,1,1,1,1,-1,1,-1,1,1,1,-1,-1,1,-1,1,1,1,-1,-1,-1,1,-1,1,1,1,-1,1,-1,1,1,-2666.0,1,2000,445,1500,False
1954,1,1,-1,-1,1,-1,-1,-1,1,1,1,-1,1,1,1,1,-1,1,-1,-1,-1,-1,1,1,1,-1,1,-1,1,1,1,1,-1,-1,-1,-1,1,1,1,1,-1,-1,-1,1,1,1,1,-1,1,1,1,1,-1,1,-1,-1,1,-1,1,1,1,-1,-1,-1,1,1,1,1,-1,-1,-1,1,1,1,1,-1,-1,-1,1,1,1,-1,-1,-1,1,1,1,1,-1,-1,-1,1,1,1,1,-1,-1,1,1,-1,1,1,-1,-1,1,1,1,1,1,-1,-1,1,1,1,1,1,-1,-1,1,1,1,1,1,1,-1,1,1,1,-1,1,1,-1,1,1,1,1,1,1,-1,-1,1,1,1,1,1,-1,1,1,1,1,1,1,-1,-1,-1,1,1,1,1,-1,1,1,1,1,-1,1,-1,1,-1,1,1,1,-1,-1,1,1,1,1,1,-1,1,-1,-1,1,-1,1,-1,1,1,1,1,1,1,1,1,1,-1,1,-1,1,-1,1,1,-1,1,-1,1,1,-1,1,-1,1,-1,1,-1,1,1,-1,1,-1,1,1,1,1,-1,-1,1,1,-1,-1,1,-1,1,-1,-1,1,-1,1,-1,1,-1,1,-1,1,1,-1,-1,-1,1,1,-1,1,-1,1,1,1,-1,1,1,-1,1,-1,1,-1,1,-1,-1,-1,1,1,-1,1,-1,-1,-1,1,1,-1,1,-1,-1,-1,1,1,-1,-1,1,-1,-1,-1,1,1,-1,1,1,-1,1,1,1,-1,-1,1,-1,1,1,-1,1,-1,1,-1,-1,1,1,-1,-1,1,-1,-1,1,-1,1,-1,1,1,-1,1,1,1,-1,1,-1,-1,1,1,-1,-1,1,-1,1,1,1,1,-1,1,-1,1,1,1,-1,1,1,-1,-1,1,1,-1,1,1,-1,1,1,1,1,1,1,-1,1,1,1,1,1,-1,-1,1,1,1,1,1,-1,-1,-1,1,1,1,1,-1,-1,1,-1,1,-1,1,1,-1,-1,1,1,1,1,1,-1,-1,1,1,1,1,-1,-1,-1,-1,-1,-1,1,1,-1,-1,1,1,-1,1,-1,-1,-1,1,1,1,1,-1,-1,1,1,1,-1,1,-1,-1,-1,-1,1,1,1,1,-1,-1,1,-1,1,1,-1,-1,-1,-1,-1,1,-1,1,-1,1,-1,1,1,1,-1,-1,1,1,-1,1,-1,1,-1,-1,1,-1,1,1,-1,-1,-1,1,-1,-1,1,1,-1,-1,1,-1,1,1,-1,1,-1,1,-1,1,1,1,-1,-1,1,-1,1,1,-1,-1,1,1,-1,1,-1,1,-1,1,-1,1,1,-1,1,-1,1,-1,-1,1,-1,-1,-1,1,-1,-1,1,-1,1,-1,1,-1,-1,1,-1,-1,1,-1,1,-1,1,1,1,-1,1,1,-1,1,-1,1,-1,1,-1,-1,1,-1,1,1,1,1,-1,-1,1,1,-1,1,1,-1,-1,1,1,1,1,1,1,-1,1,1,1,-1,-1,-1,1,-1,-1,-1,1,-1,-1,1,1,1,-1,1,-1,1,-1,-1,-1,1,1,-1,1,1,-1,-1,-1,1,-1,1,1,-1,1,-1,1,-1,-1,-1,-1,-1,-1,1,-1,-1,-1,-1,-1,-1,1,1,1,1,1,1,-1,1,-1,1,1,-1,-1,-1,1,-1,-1,1,-1,1,-1,-1,1,1,1,1,-1,-1,1,1,1,1,-1,1,-1,-1,1,1,1,-1,-1,-1,1,1,1,1,-1,-1,-1,1,-1,1,-1,1,1,-1,-1,1,1,1,-1,-1,-1,-1,1,1,1,1,-1,-1,-1,1,1,1,1,-1,-1,-1,1,1,1,-1,-1,-1,1,1,1,1,1,-1,-1,-1,1,1,1,1,-1,-1,-1,1,1,-1,1,-1,-1,-1,1,1,1,1,-1,-1,1,1,1,1,-1,-1,1,1,-1,1,1,-1,-1,-1,1,1,1,1,1,-1,1,1,1,1,1,1,-1,-1,1,-1,1,-1,-1,-1,-1,1,-1,1,1,-1,-1,-1,1,-1,1,1,-1,-1,-1,1,1,1,-1,1,-1,-1,1,-1,1,-1,-1,-1,-1,1,1,-1,-1,-1,-1,-1,1,-1,1,-1,-1,-1,-1,-1,-1,-1,1,-1,-1,-1,1,-1,-1,1,-1,-1,-1,-1,-1,1,1,-1,-1,-1,-1,-1,1,-1,-1,-1,1,-1,-1,1,-1,1,-1,-1,-1,-1,-1,-1,-1,1,-1,-1,-1,1,1,1,-1,-1,1,-1,-1,-1,-1,-1,1,-1,-1,1,-1,1,-1,-1,-1,-1,1,-1,1,1,-1,1,-1,-1,1,1,-1,-1,-1,-1,-1,-1,1,1,-1,-1,1,-1,1,1,-1,-1,-1,1,-1,1,1,-1,-1,1,-1,-1,1,1,1,-1,1,-1,1,1,1,-1,-1,1,-1,-1,1,1,1,-1,1,-1,-1,1,1,-1,1,1,-1,-1,1,1,-1,1,1,-1,-1,1,1,-1,1,1,-1,-1,1,1,1,1,1,1,-1,1,1,1,-1,1,-1,-1,1,-1,1,1,1,1,-1,-1,1,-1,1,1,1,-1,1,1,1,1,-1,1,-1,1,1,1,1,1,1,-1,-1,-1,1,1,1,-1,1,-1,1,1,1,1,-1,1,-1,1,1,1,-1,-1,1,-1,1,1,-1,1,-1,-1,-1,1,1,1,-1,1,-1,-1,1,1,1,-1,-1,-1,-1,1,1,1,-1,-1,-1,-1,-1,1,1,-1,1,-1,-1,-1,1,1,-1,1,-1,1,-1,1,1,1,1,1,-1,-1,1,1,-1,-1,1,1,-1,-1,1,-1,1,-1,-1,1,1,-1,-1,1,-1,-1,-1,1,1,-1,1,1,-1,1,1,-1,-1,-1,-1,1,-1,-1,-1,-1,1,-1,-1,1,1,-1,1,1,-1,1,1,1,1,-1,1,-1,1,1,1,1,-1,1,-1,-1,1,1,1,-1,1,-1,1,1,1,1,-1,1,-1,1,1,1,-1,-1,1,-1,-1,1,1,-1,-1,-1,1,-1,1,-1,1,-1,1,-1,-1,1,-2666.0,1,2000,445,1500,False
1955,1,1,-1,-1,1,1,-1,-1,1,1,1,-1,-1,1,1,1,-1,1,-1,-1,-1,-1,1,1,1,-1,-1,-1,1,1,1,1,-1,-1,-1,-1,1,-1,1,1,-1,-1,-1,1,1,1,1,-1,1,1,1,1,-1,1,-1,-1,1,-1,1,1,1,-1,-1,-1,1,1,1,1,-1,-1,-1,1,1,1,1,-1,-1,-1,1,1,1,-1,-1,-1,1,1,1,1,-1,-1,-1,1,1,1,1,-1,-1,1,1,-1,1,1,-1,-1,1,1,1,1,1,-1,-1,1,1,1,1,1,-1,-1,1,1,1,1,1,1,-1,-1,1,1,-1,1,1,-1,1,1,1,1,1,1,-1,-1,1,1,1,1,1,-1,1,1,1,1,1,1,-1,-1,-1,1,1,1,1,-1,1,1,1,1,-1,1,-1,1,-1,1,1,1,-1,-1,1,1,1,1,1,-1,1,-1,-1,1,1,1,-1,1,1,1,1,-1,1,1,1,1,-1,1,-1,1,-1,1,1,-1,1,-1,1,1,-1,1,-1,1,-1,1,-1,1,1,-1,1,-1,1,1,1,1,-1,-1,1,1,-1,-1,1,-1,1,-1,1,1,-1,1,-1,1,-1,1,-1,1,1,-1,-1,1,-1,1,-1,1,-1,1,1,1,-1,1,1,-1,1,-1,1,-1,1,-1,1,-1,1,1,-1,1,-1,-1,-1,-1,1,-1,1,-1,-1,-1,-1,1,-1,-1,1,1,-1,1,1,1,-1,1,1,-1,1,1,1,1,-1,1,-1,1,1,-1,1,-1,1,-1,1,-1,1,1,1,1,-1,-1,1,-1,-1,-1,1,1,-1,1,1,1,-1,1,1,1,1,1,1,1,1,-1,1,1,1,-1,1,1,-1,1,1,1,-1,1,1,-1,-1,1,1,1,-1,1,-1,1,1,1,-1,1,1,-1,1,1,1,-1,1,1,-1,1,1,1,-1,1,1,1,-1,1,1,-1,1,1,-1,1,-1,1,-1,1,1,1,-1,1,1,1,-1,1,1,-1,1,1,-1,1,1,1,-1,-1,-1,-1,1,1,1,-1,1,1,-1,1,1,-1,-1,1,1,1,1,1,-1,1,1,1,-1,1,1,1,1,-1,1,1,1,-1,1,-1,1,1,1,1,1,1,-1,-1,-1,1,-1,-1,1,-1,1,-1,1,-1,1,1,1,-1,-1,1,-1,-1,1,-1,1,-1,1,1,1,1,1,1,-1,-1,1,-1,1,1,-1,-1,1,1,1,-1,1,-1,-1,-1,1,-1,1,1,-1,-1,1,1,1,1,-1,1,-1,1,-1,1,1,-1,-1,-1,1,-1,1,1,-1,-1,-1,1,-1,1,1,1,-1,-1,1,-1,-1,1,-1,-1,-1,1,-1,1,1,1,-1,-1,1,1,-1,1,-1,-1,-1,-1,1,-1,1,-1,-1,-1,1,1,-1,1,-1,-1,-1,-1,1,-1,1,-1,-1,-1,-1,1,-1,-1,1,1,1,-1,1,-1,1,-1,1,-1,1,-1,-1,-1,1,-1,-1,-1,1,1,-1,1,-1,1,1,1,-1,1,1,-1,-1,-1,1,-1,-1,1,-1,-1,1,1,1,-1,1,-1,-1,1,1,-1,-1,1,-1,-1,1,1,-1,-1,1,-1,-1,-1,1,1,-1,1,1,-1,-1,1,-1,-1,1,-1,1,-1,1,1,-1,-1,1,-1,-1,-1,-1,-1,1,1,1,-1,-1,1,-1,-1,1,-1,-1,1,-1,-1,1,1,-1,-1,1,-1,-1,1,1,-1,1,-1,1,-1,-1,1,1,-1,-1,-1,-1,-1,1,-1,-1,1,-1,-1,-1,1,1,-1,-1,-1,-1,-1,1,-1,-1,-1,-1,-1,1,1,1,-1,-1,-1,-1,-1,1,1,-1,-1,-1,-1,-1,1,1,1,-1,-1,-1,-1,1,1,-1,-1,-1,-1,1,-1,1,1,1,-1,1,1,-1,1,1,1,-1,-1,1,1,1,-1,1,-1,1,1,1,1,-1,1,-1,-1,1,-1,1,-1,1,-1,-1,1,-1,1,1,1,-1,-1,1,-1,1,-1,1,1,-1,1,-1,1,1,1,1,1,-1,-1,1,1,1,-1,-1,1,-1,-1,1,1,-1,-1,1,-1,1,-1,1,-1,-1,1,1,-1,1,1,-1,-1,1,-1,-1,1,1,-1,-1,-1,1,1,-1,1,-1,-1,-1,-1,1,1,-1,-1,1,-1,-1,1,-1,1,-1,-1,-1,-1,-1,1,1,1,-1,-1,-1,1,1,1,-1,-1,-1,1,-1,-1,1,-1,1,-1,-1,1,1,1,-1,-1,-1,-1,1,-1,1,1,-1,1,-1,-1,1,1,-1,-1,-1,-1,-1,-1,1,1,-1,-1,1,-1,1,1,-1,-1,-1,1,-1,1,1,-1,-1,1,-1,-1,1,1,1,-1,1,-1,1,1,1,-1,-1,1,-1,-1,1,1,1,-1,1,-1,-1,1,1,-1,1,1,-1,-1,1,1,1,1,1,-1,-1,1,1,-1,1,1,-1,-1,1,1,1,1,1,1,-1,-1,1,1,-1,1,-1,-1,1,-1,1,1,1,1,-1,-1,1,-1,1,1,1,-1,1,1,1,1,-1,1,-1,1,1,1,1,1,1,1,-1,1,1,1,1,-1,1,-1,1,1,1,1,1,-1,1,1,1,1,-1,1,1,-1,1,1,-1,1,1,-1,-1,1,1,1,1,-1,1,-1,1,1,1,-1,-1,1,-1,1,1,1,-1,1,-1,-1,-1,1,1,-1,-1,1,-1,-1,1,1,-1,-1,1,-1,-1,1,1,1,-1,1,-1,-1,1,1,-1,-1,-1,1,-1,1,1,-1,1,1,-1,1,1,-1,-1,1,1,-1,-1,1,1,-1,1,1,-1,1,1,-1,-1,-1,-1,1,-1,-1,-1,-1,-1,-1,-1,1,1,-1,1,1,-1,1,1,1,1,-1,1,-1,1,1,1,1,-1,1,-1,-1,-1,1,1,-1,1,-1,1,1,1,1,-1,1,-1,1,1,1,-1,-1,1,-1,-1,1,1,-1,-1,-1,1,-1,1,1,1,-1,1,-1,-1,1,-2666.0,1,2000,445,1000,False
1956,1,1,-1,-1,1,1,-1,-1,1,1,1,-1,1,1,1,1,-1,1,-1,-1,-1,-1,1,1,1,-1,-1,-1,1,1,1,1,-1,-1,-1,-1,1,1,1,1,-1,-1,-1,1,1,1,1,-1,1,1,1,1,-1,1,-1,-1,1,-1,1,1,1,-1,-1,-1,1,1,1,1,-1,-1,-1,1,1,1,1,-1,-1,-1,1,1,1,-1,-1,-1,1,1,1,1,-1,-1,1,1,1,1,1,-1,-1,-1,1,-1,1,1,-1,-1,1,1,1,1,1,-1,-1,-1,1,1,1,1,-1,-1,1,1,1,1,1,1,-1,-1,1,1,-1,1,1,-1,1,1,1,1,1,1,-1,1,1,1,1,1,1,-1,1,1,1,1,1,1,-1,-1,-1,1,1,1,1,-1,1,1,1,1,-1,1,-1,1,-1,1,1,1,-1,-1,1,1,1,1,1,-1,1,-1,-1,1,1,1,-1,1,1,1,1,-1,1,1,1,1,-1,1,-1,1,-1,1,1,-1,1,-1,1,1,-1,1,-1,1,-1,1,-1,1,1,-1,1,-1,1,1,1,1,-1,-1,1,1,-1,-1,1,-1,1,-1,1,1,-1,1,-1,1,-1,1,-1,1,1,-1,-1,1,-1,1,-1,1,-1,1,1,1,-1,1,1,-1,1,-1,1,-1,1,-1,1,-1,1,1,-1,1,-1,-1,-1,-1,1,-1,1,-1,-1,-1,-1,1,-1,-1,1,1,-1,1,1,1,-1,1,1,-1,1,1,1,1,-1,1,-1,1,1,-1,1,-1,1,1,1,-1,1,1,1,1,-1,-1,1,-1,-1,1,1,1,-1,1,1,1,-1,1,1,1,1,1,1,1,1,-1,1,1,1,-1,-1,1,-1,1,1,1,-1,1,1,-1,-1,1,1,1,-1,1,-1,1,1,1,-1,1,1,-1,1,1,1,-1,1,1,-1,1,1,1,-1,1,1,-1,-1,1,1,-1,1,1,-1,1,-1,1,-1,1,1,1,-1,1,1,1,-1,1,1,-1,1,1,-1,1,1,1,-1,-1,-1,-1,1,1,1,-1,1,1,-1,1,1,-1,-1,1,1,1,1,1,-1,1,1,1,-1,1,1,1,-1,-1,1,1,1,-1,1,-1,1,1,1,1,1,1,-1,-1,-1,1,-1,-1,1,1,-1,1,1,-1,1,1,1,1,-1,1,-1,-1,1,-1,1,-1,1,1,-1,1,1,1,-1,-1,1,-1,1,1,1,-1,1,1,1,-1,1,1,-1,-1,1,-1,1,1,1,-1,1,1,1,1,1,1,-1,1,-1,1,1,1,-1,-1,1,-1,-1,1,1,-1,-1,1,-1,1,1,1,-1,-1,1,-1,-1,1,1,-1,-1,1,-1,1,1,1,1,-1,1,1,-1,-1,1,1,-1,-1,-1,1,-1,1,-1,-1,1,-1,-1,1,-1,1,-1,-1,1,-1,1,-1,1,1,-1,1,-1,-1,1,1,1,-1,1,-1,1,-1,1,-1,1,-1,-1,-1,1,-1,-1,1,1,1,-1,1,-1,1,1,1,-1,1,1,-1,-1,-1,1,-1,-1,1,-1,-1,1,1,1,-1,1,-1,-1,1,1,-1,-1,1,-1,-1,1,1,-1,-1,1,-1,-1,-1,1,1,-1,1,-1,-1,-1,1,-1,-1,1,-1,1,-1,1,1,-1,-1,1,-1,-1,-1,-1,-1,1,1,1,-1,1,1,-1,-1,1,-1,1,-1,-1,-1,1,1,-1,-1,-1,-1,-1,1,1,-1,1,1,-1,-1,-1,1,1,-1,-1,-1,-1,-1,1,-1,-1,1,-1,-1,-1,1,1,-1,-1,-1,-1,-1,1,-1,-1,1,-1,-1,1,1,1,-1,1,-1,-1,-1,1,1,-1,-1,-1,-1,-1,1,1,1,-1,-1,-1,-1,1,1,-1,-1,-1,-1,1,-1,1,1,-1,-1,1,1,-1,1,1,-1,-1,-1,1,1,1,-1,1,-1,1,1,1,1,-1,1,-1,-1,1,-1,1,-1,1,-1,-1,1,-1,1,-1,-1,-1,-1,1,-1,1,-1,1,-1,-1,1,-1,1,-1,1,-1,1,-1,-1,1,-1,-1,-1,-1,1,-1,-1,-1,-1,-1,-1,1,-1,1,-1,-1,-1,-1,1,1,-1,1,-1,-1,-1,1,-1,-1,1,-1,-1,-1,-1,1,1,1,-1,-1,-1,-1,-1,1,-1,-1,-1,1,-1,-1,1,-1,1,-1,-1,-1,-1,-1,-1,-1,1,-1,-1,-1,1,1,-1,-1,-1,-1,1,-1,-1,-1,-1,1,-1,-1,1,-1,1,-1,-1,-1,-1,1,-1,1,1,-1,1,-1,-1,1,1,-1,-1,-1,-1,-1,-1,1,1,-1,-1,1,-1,1,1,-1,-1,-1,1,-1,-1,1,-1,-1,1,-1,-1,1,1,1,-1,1,-1,1,1,1,-1,-1,1,-1,-1,1,1,1,-1,1,-1,-1,1,1,-1,1,1,-1,-1,1,1,-1,1,1,-1,-1,1,1,-1,1,1,-1,-1,1,1,1,1,1,1,-1,-1,1,1,-1,1,-1,-1,1,-1,1,1,1,1,-1,-1,1,-1,1,1,1,-1,1,1,1,1,-1,1,-1,1,1,1,1,1,1,1,-1,1,1,1,1,-1,1,-1,1,1,1,1,1,-1,1,1,1,1,-1,1,1,-1,1,1,-1,1,1,-1,-1,1,1,1,1,-1,1,-1,1,1,1,-1,-1,1,-1,1,1,1,-1,1,-1,-1,-1,1,1,-1,-1,1,-1,-1,1,1,-1,-1,1,-1,-1,1,1,1,-1,1,-1,-1,1,1,-1,-1,-1,1,-1,1,1,-1,1,1,-1,1,1,-1,-1,1,1,-1,-1,1,1,-1,1,1,-1,1,1,-1,-1,1,-1,1,-1,-1,-1,-1,1,-1,-1,1,1,-1,1,1,-1,1,1,1,1,-1,1,-1,1,1,1,-1,-1,1,-1,-1,1,1,-1,-1,1,-1,1,1,1,-1,-1,1,-1,1,1,1,1,-1,1,-1,-1,1,1,1,-1,-1,1,-1,1,1,1,-1,1,-1,-1,1,-2666.0,1,2000,445,500,False
1957,1,1,-1,-1,1,1,-1,-1,1,1,1,-1,1,1,1,1,-1,1,-1,-1,-1,-1,1,1,1,-1,1,-1,1,1,1,1,1,-1,-1,-1,1,-1,1,1,-1,-1,-1,1,1,1,1,-1,1,1,1,1,-1,1,-1,-1,1,-1,1,1,1,-1,-1,-1,1,1,1,1,-1,-1,-1,1,1,1,1,-1,-1,-1,1,1,1,-1,-1,-1,1,1,1,1,-1,-1,-1,1,1,1,1,-1,-1,1,1,-1,1,1,-1,-1,1,1,1,1,1,-1,-1,1,1,1,1,1,-1,-1,1,1,1,1,1,1,-1,-1,1,1,-1,1,1,-1,1,1,1,1,1,1,-1,-1,1,1,1,1,1,-1,1,1,1,1,1,1,-1,-1,-1,1,1,1,1,-1,1,1,1,1,-1,1,-1,1,-1,1,1,1,-1,-1,1,1,1,1,1,-1,1,-1,-1,1,-1,1,-1,1,1,1,1,1,1,1,1,1,-1,1,-1,1,-1,1,1,-1,1,-1,1,1,-1,1,-1,1,-1,1,-1,1,1,-1,1,-1,1,1,1,1,-1,-1,1,1,-1,-1,1,-1,1,-1,1,1,-1,1,-1,1,-1,1,-1,1,1,-1,-1,-1,1,1,-1,1,-1,1,1,1,-1,1,1,-1,-1,-1,1,-1,1,-1,1,-1,1,1,-1,1,-1,-1,-1,1,1,-1,1,-1,-1,-1,1,1,-1,-1,1,1,-1,-1,1,1,-1,1,1,-1,1,1,1,1,-1,1,-1,1,1,-1,1,-1,1,1,-1,1,1,1,1,1,-1,-1,1,-1,-1,-1,1,1,-1,1,1,1,-1,1,-1,-1,1,1,1,-1,1,-1,1,1,1,-1,1,1,-1,1,1,1,-1,1,1,-1,-1,1,1,1,-1,1,-1,1,1,1,-1,1,1,-1,1,1,1,-1,1,-1,-1,1,1,1,-1,1,-1,-1,-1,1,1,-1,1,-1,-1,1,-1,1,-1,1,1,-1,-1,1,1,1,-1,1,-1,-1,1,1,-1,1,-1,-1,-1,-1,-1,-1,1,1,-1,-1,1,1,-1,1,-1,1,-1,1,1,1,1,1,-1,1,1,1,-1,1,-1,-1,-1,-1,1,1,1,1,-1,-1,1,1,1,1,-1,-1,-1,-1,-1,1,-1,1,-1,1,-1,1,1,1,-1,-1,1,1,-1,1,-1,1,-1,-1,1,-1,1,1,-1,-1,-1,1,-1,-1,1,1,-1,-1,1,-1,1,1,-1,1,-1,1,-1,-1,1,1,-1,1,1,-1,1,1,-1,-1,1,1,-1,1,-1,1,-1,1,-1,-1,1,-1,1,-1,1,-1,-1,1,-1,-1,-1,1,-1,-1,1,1,1,-1,1,-1,-1,1,-1,-1,1,-1,1,-1,1,1,1,-1,1,1,-1,-1,-1,1,-1,1,-1,-1,1,-1,1,1,1,1,-1,-1,1,1,-1,-1,1,-1,-1,1,1,1,1,1,1,-1,1,1,1,-1,-1,-1,1,-1,-1,-1,1,-1,1,1,1,1,-1,1,-1,1,-1,-1,-1,1,1,-1,1,1,-1,-1,-1,1,-1,1,1,-1,1,-1,1,-1,-1,-1,-1,-1,-1,1,-1,-1,-1,-1,-1,-1,1,-1,1,1,1,1,-1,1,-1,1,1,-1,-1,-1,1,-1,-1,1,-1,1,-1,-1,1,1,1,1,-1,-1,1,1,1,1,-1,1,-1,-1,1,1,1,-1,-1,-1,1,1,1,1,-1,-1,-1,1,-1,1,-1,1,-1,-1,-1,1,1,1,-1,-1,-1,1,1,1,1,1,-1,-1,-1,1,1,1,1,-1,-1,-1,1,-1,1,-1,-1,-1,1,1,1,1,1,-1,-1,-1,1,1,1,1,-1,-1,-1,1,1,-1,1,-1,-1,-1,1,1,1,1,-1,-1,1,1,1,1,1,-1,1,1,1,1,1,-1,-1,-1,1,1,1,1,1,-1,1,1,1,1,1,1,-1,-1,1,-1,1,-1,1,-1,-1,1,-1,1,1,-1,-1,-1,1,-1,1,1,-1,1,-1,1,1,1,-1,1,1,-1,1,-1,1,-1,-1,-1,-1,1,1,-1,-1,-1,-1,-1,1,-1,1,-1,-1,-1,-1,-1,-1,-1,1,-1,-1,-1,1,-1,-1,1,-1,-1,-1,-1,-1,-1,1,-1,-1,-1,-1,-1,1,-1,-1,-1,1,-1,-1,1,-1,1,-1,-1,-1,-1,-1,-1,-1,1,-1,-1,-1,1,1,1,-1,-1,-1,1,-1,-1,-1,-1,1,-1,-1,1,-1,1,-1,-1,-1,-1,1,-1,1,1,-1,1,-1,-1,1,1,-1,-1,-1,-1,-1,-1,1,1,-1,-1,1,-1,1,1,-1,-1,-1,1,-1,-1,1,-1,-1,1,-1,-1,1,1,1,-1,1,-1,1,1,1,-1,-1,1,-1,-1,1,1,1,-1,1,-1,-1,1,1,-1,1,1,-1,-1,1,1,1,1,1,-1,-1,1,1,1,1,1,-1,-1,1,1,1,1,1,1,-1,-1,1,1,1,1,-1,-1,1,-1,1,1,1,1,-1,-1,1,-1,1,1,1,-1,1,1,1,1,-1,1,-1,1,1,1,1,1,1,1,-1,1,1,1,1,-1,1,-1,1,1,1,1,1,-1,1,1,1,1,-1,1,1,-1,1,1,-1,1,1,-1,-1,1,1,1,1,-1,1,-1,1,1,1,-1,-1,1,-1,1,1,1,-1,1,-1,-1,-1,1,1,-1,-1,1,-1,-1,1,1,1,-1,1,-1,-1,-1,1,1,-1,1,-1,-1,1,1,-1,-1,-1,1,-1,-1,1,-1,1,1,-1,1,1,-1,-1,1,-1,-1,-1,1,1,-1,1,1,-1,1,1,-1,-1,-1,-1,1,-1,-1,-1,-1,1,-1,-1,1,1,-1,1,1,-1,1,1,1,1,-1,1,-1,1,1,1,1,-1,1,-1,-1,1,1,1,-1,1,-1,1,1,1,1,-1,1,-1,1,1,1,-1,-1,1,-1,-1,1,1,-1,-1,-1,1,-1,1,1,1,-1,1,-1,-1,1,-2666.0,1,2000,445,500,False
1958,1,1,-1,-1,1,1,-1,1,1,1,1,-1,1,1,1,1,-1,1,-1,-1,-1,1,1,1,1,-1,1,-1,1,1,1,1,1,-1,-1,1,-1,1,1,-1,-1,-1,1,1,1,1,1,-1,1,1,1,1,-1,1,-1,-1,1,-1,1,1,1,-1,-1,1,1,1,1,1,-1,-1,1,1,1,1,1,-1,-1,-1,1,1,1,-1,-1,-1,1,1,1,1,-1,-1,-1,1,1,1,1,-1,-1,1,1,-1,1,1,-1,-1,1,1,1,1,1,-1,-1,-1,1,-1,1,1,-1,-1,1,1,1,1,1,1,-1,-1,1,1,-1,1,1,-1,1,1,1,1,1,1,-1,1,1,1,1,1,1,-1,1,1,1,1,1,1,-1,-1,-1,1,1,1,1,-1,1,-1,1,1,-1,1,-1,1,-1,1,1,1,-1,-1,1,1,1,1,1,-1,1,-1,-1,1,-1,1,-1,1,1,1,1,1,1,1,1,1,-1,1,-1,1,-1,1,1,-1,1,-1,1,1,-1,1,-1,1,-1,1,-1,1,1,-1,1,-1,1,1,1,1,-1,-1,1,1,-1,-1,1,-1,1,-1,-1,1,-1,1,-1,1,-1,1,-1,-1,1,-1,1,-1,1,1,-1,1,-1,1,1,1,-1,1,1,-1,1,-1,1,-1,1,-1,1,-1,1,1,-1,1,-1,-1,-1,1,1,-1,1,-1,-1,-1,1,1,-1,-1,1,1,-1,-1,1,1,-1,1,1,-1,1,1,1,1,-1,1,-1,1,1,-1,1,-1,1,1,1,1,1,1,1,1,-1,-1,1,-1,-1,-1,1,1,-1,1,1,1,-1,1,1,1,1,1,1,1,1,-1,1,1,1,-1,1,1,-1,1,1,1,-1,1,1,-1,-1,1,1,1,-1,1,-1,1,1,1,-1,1,1,-1,1,1,1,-1,1,1,-1,1,1,1,-1,1,1,-1,-1,1,1,-1,1,1,-1,1,-1,1,-1,1,1,1,-1,1,1,1,-1,1,1,-1,1,1,-1,1,1,1,-1,-1,-1,-1,1,1,1,-1,1,1,-1,1,1,-1,-1,1,1,1,1,1,-1,1,1,1,-1,1,1,1,1,-1,1,1,1,-1,1,-1,1,1,1,-1,1,1,-1,-1,-1,1,-1,-1,1,1,-1,1,1,-1,1,1,1,1,-1,1,-1,-1,1,-1,1,-1,1,1,-1,1,1,1,-1,-1,1,-1,1,1,1,-1,1,1,1,-1,1,1,-1,-1,1,-1,1,1,1,-1,1,1,1,1,1,1,-1,1,-1,1,1,1,-1,1,1,-1,1,1,1,-1,-1,1,-1,1,1,1,-1,-1,1,1,-1,1,1,-1,-1,1,-1,1,1,1,1,-1,1,-1,-1,1,1,1,-1,1,-1,-1,1,1,-1,-1,1,-1,-1,1,-1,1,-1,-1,1,-1,1,-1,1,-1,1,1,-1,-1,1,1,1,-1,1,-1,1,-1,-1,-1,1,-1,-1,1,1,-1,-1,1,1,-1,1,1,-1,1,1,1,-1,1,1,-1,1,-1,1,1,-1,1,-1,-1,1,1,-1,-1,1,-1,-1,1,1,1,-1,1,-1,-1,1,1,-1,-1,1,-1,-1,-1,1,1,-1,1,1,-1,-1,1,-1,-1,1,-1,1,-1,1,-1,-1,-1,1,-1,-1,-1,-1,-1,1,1,1,-1,-1,-1,-1,-1,1,-1,-1,1,-1,-1,-1,1,-1,-1,1,1,-1,1,1,-1,1,-1,1,-1,-1,1,1,-1,-1,-1,-1,-1,1,-1,-1,1,-1,-1,-1,1,1,-1,-1,1,-1,-1,1,-1,-1,-1,-1,-1,1,1,1,-1,-1,-1,-1,-1,1,1,-1,-1,-1,-1,-1,1,1,1,-1,-1,-1,-1,1,1,-1,-1,-1,-1,1,1,1,1,-1,-1,1,1,1,1,1,-1,-1,-1,1,1,1,-1,1,-1,1,1,1,1,-1,1,-1,-1,1,-1,1,-1,1,-1,-1,1,-1,1,-1,-1,-1,-1,1,-1,1,-1,1,-1,-1,1,-1,1,-1,1,-1,-1,1,-1,1,-1,-1,-1,-1,1,1,-1,-1,-1,-1,-1,1,-1,1,-1,-1,-1,-1,-1,-1,-1,1,-1,-1,-1,1,-1,-1,1,-1,-1,-1,-1,-1,1,1,-1,-1,-1,-1,-1,1,-1,-1,-1,1,-1,-1,1,-1,1,-1,-1,-1,-1,-1,-1,-1,1,-1,-1,-1,1,1,-1,-1,-1,1,1,-1,-1,-1,-1,1,-1,-1,1,1,1,-1,-1,-1,-1,1,-1,1,1,-1,1,-1,-1,1,1,-1,-1,-1,-1,-1,-1,1,1,-1,-1,1,-1,1,1,-1,-1,-1,1,-1,-1,1,-1,-1,1,-1,-1,1,1,1,-1,1,-1,1,1,1,-1,-1,1,-1,-1,1,1,1,-1,1,-1,-1,1,1,-1,1,1,-1,-1,1,1,1,1,1,-1,-1,1,1,1,1,1,-1,-1,1,1,1,1,-1,1,-1,-1,1,1,-1,1,-1,-1,1,-1,1,1,1,1,-1,-1,1,-1,1,1,1,-1,1,-1,1,1,-1,1,-1,1,1,1,1,1,1,1,-1,-1,1,1,1,-1,1,-1,1,1,1,1,1,-1,1,-1,1,1,-1,1,1,-1,1,1,-1,1,1,-1,-1,1,1,1,1,-1,1,-1,-1,1,1,-1,-1,1,-1,1,1,1,-1,1,-1,-1,-1,1,1,-1,-1,1,-1,-1,1,1,-1,-1,1,-1,-1,-1,1,1,-1,1,-1,-1,1,1,-1,-1,-1,1,-1,-1,1,-1,1,1,-1,1,1,-1,-1,1,1,-1,-1,1,1,-1,1,1,-1,1,1,-1,-1,-1,-1,1,-1,-1,-1,-1,-1,1,-1,1,1,-1,1,1,-1,1,1,1,1,-1,1,-1,1,1,1,-1,-1,1,-1,-1,1,1,-1,-1,1,-1,1,1,1,-1,-1,1,-1,1,1,1,1,-1,1,-1,-1,1,1,-1,-1,-1,1,-1,1,1,1,-1,1,-1,1,1,-2666.0,1,2000,445,500,False
1959,1,1,-1,-1,1,1,-1,-1,1,1,1,-1,1,1,1,1,-1,1,-1,-1,1,-1,1,1,1,-1,-1,-1,1,1,1,1,-1,-1,-1,-1,1,-1,1,1,-1,-1,-1,1,1,1,1,-1,1,1,1,1,-1,1,-1,-1,1,-1,1,1,1,-1,-1,-1,1,1,1,1,-1,-1,-1,1,1,1,1,-1,-1,-1,1,1,1,-1,-1,-1,1,1,1,1,-1,-1,-1,1,1,1,1,-1,-1,1,1,-1,1,1,-1,-1,1,1,1,1,1,-1,-1,1,1,1,1,1,-1,-1,1,1,1,1,1,1,-1,-1,1,1,-1,1,1,-1,1,1,1,1,1,1,-1,-1,1,1,1,1,1,-1,1,1,1,1,1,1,-1,-1,-1,1,1,1,1,-1,1,1,1,1,-1,1,-1,1,-1,1,1,1,-1,-1,1,1,1,1,1,-1,1,-1,-1,1,-1,1,-1,1,1,1,1,1,1,1,1,1,1,1,-1,1,-1,1,1,-1,1,-1,1,1,-1,1,-1,1,-1,1,-1,1,1,-1,1,-1,1,1,1,1,-1,-1,1,1,-1,-1,1,-1,1,-1,-1,1,-1,1,-1,1,-1,1,-1,1,1,-1,-1,-1,1,1,-1,1,-1,1,1,1,-1,1,1,-1,1,-1,1,-1,1,-1,1,-1,1,1,-1,1,-1,-1,-1,1,1,-1,1,-1,-1,-1,1,1,-1,-1,1,1,-1,-1,1,1,-1,1,1,-1,1,1,1,1,-1,1,-1,1,1,-1,1,-1,1,1,-1,1,1,1,1,1,-1,-1,1,-1,-1,-1,1,1,-1,1,1,1,-1,1,-1,-1,1,1,1,-1,1,-1,1,1,1,-1,-1,1,-1,1,1,1,-1,1,1,-1,-1,1,1,1,-1,1,-1,1,1,1,-1,1,1,-1,1,1,1,-1,1,-1,-1,1,1,1,-1,1,-1,-1,-1,1,1,-1,1,-1,-1,1,-1,1,-1,1,1,-1,-1,1,1,1,-1,1,-1,-1,1,1,-1,1,-1,-1,-1,-1,-1,-1,1,1,-1,-1,1,1,-1,1,-1,-1,-1,1,1,1,1,1,-1,1,1,1,-1,1,-1,-1,-1,-1,1,1,1,1,-1,-1,1,1,1,1,-1,-1,-1,-1,-1,1,-1,1,-1,1,-1,1,1,1,-1,-1,1,1,-1,1,-1,1,-1,-1,1,-1,1,1,-1,-1,-1,1,-1,-1,1,1,-1,-1,1,-1,1,1,-1,1,-1,1,-1,-1,1,1,-1,-1,1,-1,1,1,-1,-1,1,1,-1,1,-1,1,-1,1,-1,-1,1,-1,1,-1,1,-1,-1,1,-1,-1,-1,1,-1,-1,1,-1,1,-1,1,-1,-1,1,-1,-1,1,-1,1,-1,1,1,1,-1,1,1,-1,-1,1,1,-1,1,-1,-1,1,-1,1,1,1,1,-1,-1,1,1,-1,1,1,1,-1,1,1,1,1,1,1,-1,1,1,1,-1,-1,-1,1,-1,-1,-1,1,-1,-1,1,-1,1,-1,1,-1,1,-1,-1,-1,1,1,-1,1,1,-1,-1,-1,1,-1,1,1,-1,1,-1,1,-1,-1,-1,-1,-1,-1,1,-1,-1,-1,-1,-1,-1,1,-1,1,1,1,1,-1,1,-1,1,1,-1,-1,-1,1,-1,-1,1,-1,1,-1,-1,1,1,1,1,-1,-1,1,1,1,1,-1,1,-1,-1,1,1,1,-1,-1,-1,1,1,1,1,-1,-1,-1,1,-1,1,-1,1,1,-1,-1,1,1,1,-1,-1,-1,-1,1,1,1,1,-1,-1,-1,1,1,1,1,-1,-1,-1,1,1,1,-1,-1,-1,1,1,1,1,1,-1,-1,-1,1,1,1,1,-1,-1,-1,1,1,-1,1,-1,-1,-1,1,1,1,1,-1,-1,1,1,1,1,-1,-1,1,1,-1,1,1,-1,-1,-1,1,1,1,1,1,-1,1,1,1,1,1,1,-1,-1,1,-1,1,-1,-1,-1,-1,1,-1,1,1,-1,-1,-1,1,-1,1,1,-1,1,-1,1,1,1,-1,1,1,-1,1,-1,1,-1,-1,-1,-1,1,1,-1,-1,-1,-1,-1,1,-1,1,-1,-1,-1,-1,-1,-1,-1,1,-1,-1,-1,1,-1,-1,1,-1,-1,-1,-1,-1,-1,1,-1,-1,-1,-1,-1,1,-1,-1,-1,1,-1,-1,1,-1,1,-1,-1,-1,-1,-1,-1,-1,1,-1,-1,-1,1,1,-1,-1,-1,1,1,-1,-1,-1,-1,1,-1,-1,1,-1,1,-1,-1,-1,-1,1,-1,1,1,-1,1,-1,-1,1,1,-1,-1,-1,-1,-1,-1,1,1,-1,-1,1,-1,1,1,-1,-1,-1,1,-1,1,1,-1,-1,1,-1,-1,1,1,1,-1,1,-1,1,1,1,-1,-1,1,-1,-1,1,1,1,-1,1,-1,-1,1,1,-1,1,1,-1,-1,1,1,-1,1,1,-1,-1,1,1,-1,1,1,-1,-1,1,1,1,1,1,1,-1,-1,1,1,-1,1,-1,-1,1,-1,1,1,1,1,-1,-1,1,-1,1,1,1,-1,1,1,1,1,-1,1,-1,1,1,1,1,1,1,1,-1,1,1,1,1,-1,1,-1,1,1,1,1,1,-1,1,1,1,1,-1,1,1,-1,1,1,-1,1,1,-1,-1,1,1,1,1,-1,1,-1,1,1,1,-1,-1,1,-1,1,1,1,-1,1,-1,-1,-1,1,1,-1,-1,1,-1,-1,1,1,-1,-1,1,-1,-1,-1,1,1,-1,1,-1,-1,1,1,-1,-1,-1,1,-1,1,1,-1,1,1,-1,1,1,-1,-1,1,-1,-1,-1,1,1,-1,1,1,-1,1,1,-1,-1,-1,-1,1,-1,-1,-1,-1,1,-1,-1,1,1,-1,1,1,-1,1,1,1,1,-1,1,-1,1,1,1,1,-1,1,-1,-1,-1,1,1,-1,1,-1,1,1,1,1,-1,1,-1,1,1,-1,-1,-1,1,-1,-1,1,1,-1,-1,-1,1,-1,1,-1,1,-1,1,-1,-1,1,-2666.0,1,2000,445,500,False
1960,1,1,-1,-1,1,1,-1,-1,1,1,1,-1,1,1,1,1,-1,1,-1,-1,-1,1,1,1,1,-1,-1,-1,1,1,1,1,1,-1,-1,-1,1,1,1,1,-1,-1,1,1,1,1,1,-1,1,1,1,1,-1,1,-1,-1,1,-1,1,1,1,-1,-1,1,1,1,1,1,-1,-1,1,1,1,1,1,-1,-1,-1,1,1,1,-1,-1,-1,1,1,1,1,-1,-1,1,1,1,1,1,-1,-1,-1,1,-1,1,1,-1,-1,1,1,1,1,1,-1,-1,-1,1,1,1,1,-1,-1,1,1,1,1,1,1,-1,-1,1,1,-1,1,1,-1,1,1,1,1,1,1,-1,1,1,1,-1,1,1,-1,1,1,1,1,1,1,-1,-1,-1,1,-1,1,1,-1,1,-1,1,1,-1,1,-1,1,-1,1,1,1,-1,-1,1,1,1,-1,1,-1,1,-1,-1,1,1,1,-1,1,1,1,1,-1,1,1,1,1,-1,1,-1,1,-1,1,1,-1,1,-1,1,1,-1,1,-1,1,-1,1,-1,1,1,-1,1,-1,1,1,1,1,-1,-1,1,1,-1,-1,1,-1,1,1,-1,1,-1,1,-1,1,-1,1,-1,-1,1,-1,-1,1,1,1,-1,1,-1,1,1,1,-1,1,-1,-1,1,-1,1,-1,1,1,1,-1,1,1,-1,1,-1,-1,-1,1,1,-1,1,-1,-1,-1,-1,1,-1,-1,1,1,-1,-1,1,1,-1,1,1,-1,1,1,1,1,-1,1,-1,1,1,-1,1,-1,1,1,-1,1,1,1,1,1,-1,-1,1,-1,-1,-1,1,1,-1,1,1,1,-1,1,-1,-1,1,1,1,1,1,-1,1,1,1,-1,-1,1,-1,1,1,1,-1,1,1,-1,1,-1,1,1,-1,1,-1,1,1,1,-1,1,1,-1,1,1,1,-1,1,-1,-1,1,1,1,-1,1,-1,-1,1,1,1,-1,1,-1,-1,-1,-1,1,-1,1,1,-1,1,1,1,1,1,1,-1,-1,-1,1,-1,1,-1,-1,1,-1,-1,-1,1,-1,-1,1,-1,1,-1,1,-1,1,-1,1,1,1,1,-1,1,-1,1,1,-1,1,-1,-1,-1,-1,1,1,1,1,-1,-1,1,1,1,1,-1,-1,1,-1,-1,1,-1,1,-1,1,-1,1,1,1,-1,-1,1,1,-1,1,-1,1,-1,-1,1,-1,1,1,-1,-1,-1,1,-1,-1,1,1,-1,-1,1,-1,1,1,-1,1,-1,1,-1,-1,1,1,-1,1,1,-1,1,1,-1,-1,1,1,-1,1,-1,1,-1,1,-1,-1,1,-1,1,-1,1,-1,-1,1,-1,-1,-1,1,-1,-1,1,-1,1,-1,1,-1,-1,1,-1,-1,1,-1,1,-1,1,1,1,-1,1,1,-1,-1,-1,1,-1,1,-1,-1,1,-1,1,1,-1,1,-1,-1,1,1,-1,-1,1,-1,-1,1,1,1,1,1,1,-1,1,1,1,-1,-1,1,1,-1,-1,-1,1,-1,1,1,-1,-1,1,1,-1,1,-1,-1,-1,1,1,-1,1,1,-1,1,-1,1,-1,1,1,-1,-1,-1,1,-1,-1,-1,-1,1,-1,1,-1,-1,-1,-1,-1,-1,1,-1,1,1,1,1,-1,1,-1,1,1,-1,-1,-1,1,-1,-1,1,-1,1,-1,-1,1,1,1,1,-1,-1,1,1,1,1,-1,1,-1,-1,1,1,1,-1,-1,-1,1,1,1,1,-1,-1,-1,1,-1,1,-1,1,-1,-1,-1,1,1,1,-1,-1,-1,-1,1,1,1,1,-1,-1,-1,1,1,1,1,-1,-1,-1,1,-1,1,-1,-1,-1,-1,1,1,1,1,-1,1,-1,1,-1,1,-1,-1,-1,-1,1,1,-1,1,-1,-1,-1,1,1,1,1,-1,-1,1,-1,1,-1,1,-1,1,1,-1,1,1,-1,-1,-1,1,1,-1,1,1,-1,1,1,1,-1,1,1,-1,-1,1,-1,1,-1,1,-1,1,-1,1,-1,1,-1,-1,-1,-1,-1,-1,1,-1,-1,-1,1,1,-1,-1,1,-1,1,-1,-1,-1,-1,-1,-1,-1,1,1,1,-1,-1,-1,-1,1,-1,1,-1,-1,-1,-1,-1,-1,-1,1,-1,-1,-1,1,-1,-1,1,-1,-1,-1,-1,-1,1,1,-1,-1,-1,-1,-1,1,-1,-1,-1,1,-1,-1,1,-1,1,-1,-1,-1,-1,-1,-1,-1,1,-1,-1,-1,1,1,1,-1,-1,1,-1,1,-1,-1,-1,1,-1,-1,1,-1,1,-1,-1,-1,-1,1,-1,1,1,-1,1,-1,-1,1,1,-1,-1,-1,-1,-1,-1,1,1,-1,-1,1,-1,1,1,-1,-1,-1,1,-1,1,1,-1,-1,1,-1,-1,1,1,1,-1,1,-1,1,1,1,-1,-1,1,-1,-1,1,-1,1,-1,1,-1,-1,1,1,-1,1,1,-1,-1,1,1,1,1,1,-1,-1,1,1,1,1,1,-1,-1,1,1,1,1,-1,1,-1,-1,1,1,-1,1,-1,-1,1,-1,1,1,1,1,-1,-1,1,-1,1,1,1,-1,1,1,1,1,-1,1,-1,1,1,1,1,1,1,1,-1,1,1,1,1,-1,1,-1,1,1,1,1,1,-1,1,1,1,1,-1,1,1,-1,1,1,-1,1,1,-1,-1,1,1,1,1,-1,1,-1,1,1,1,-1,-1,1,-1,1,1,1,-1,1,-1,-1,-1,1,1,-1,-1,1,-1,-1,1,1,-1,-1,1,-1,-1,1,1,1,-1,1,-1,-1,1,1,-1,-1,-1,1,-1,1,1,-1,1,1,-1,1,1,-1,-1,1,-1,-1,-1,1,1,-1,1,1,-1,1,1,-1,-1,-1,-1,1,-1,-1,-1,-1,1,-1,-1,1,1,-1,1,1,-1,1,1,1,1,-1,1,-1,1,1,1,-1,-1,1,-1,-1,1,1,-1,1,1,-1,1,1,1,-1,-1,1,-1,1,1,1,1,-1,1,-1,-1,1,1,1,-1,1,1,-1,1,-1,1,-1,1,-1,-1,1,-2666.0,1,2000,445,500,False
1961,1,1,-1,-1,1,1,-1,-1,1,1,1,-1,-1,1,1,1,-1,1,-1,-1,-1,-1,1,1,1,-1,-1,-1,1,1,1,1,-1,-1,-1,-1,1,1,1,1,-1,-1,-1,1,1,1,1,-1,1,1,1,1,-1,1,-1,-1,1,-1,1,1,1,-1,-1,-1,1,1,1,1,-1,-1,-1,1,1,1,1,-1,-1,-1,1,1,1,-1,-1,-1,1,1,1,1,-1,-1,-1,1,1,1,1,-1,-1,1,1,-1,1,1,-1,-1,1,1,1,1,1,-1,-1,-1,1,-1,1,1,-1,-1,1,1,1,1,1,1,-1,-1,1,1,-1,1,1,-1,1,1,1,1,1,1,-1,1,1,1,1,1,1,-1,1,1,1,1,1,1,-1,-1,-1,1,1,1,1,-1,1,1,1,1,-1,1,-1,1,-1,1,1,1,-1,-1,1,1,1,1,1,-1,1,-1,-1,1,1,1,-1,1,1,1,1,-1,1,1,1,1,-1,1,-1,1,-1,1,1,-1,1,-1,1,1,-1,1,-1,1,-1,1,-1,1,1,-1,-1,-1,1,1,1,1,-1,-1,1,1,-1,-1,1,-1,1,1,-1,1,-1,1,-1,1,-1,1,-1,1,1,-1,-1,1,-1,1,-1,1,-1,1,1,1,-1,1,1,-1,1,-1,1,-1,1,-1,1,-1,1,1,-1,1,-1,-1,1,-1,1,-1,1,-1,-1,-1,-1,1,-1,-1,1,1,-1,1,1,1,-1,1,1,-1,1,1,1,1,-1,1,-1,1,1,-1,1,-1,1,1,1,-1,1,1,1,1,-1,-1,1,-1,-1,-1,1,1,-1,1,1,1,-1,1,1,1,1,1,1,1,1,-1,1,1,1,-1,1,1,-1,1,1,1,-1,1,1,-1,-1,1,1,1,-1,1,-1,1,1,1,-1,1,1,-1,1,1,1,-1,1,1,-1,1,1,1,-1,1,1,-1,-1,1,1,-1,1,1,-1,1,-1,1,-1,1,1,1,-1,1,1,1,1,1,1,-1,1,1,-1,1,1,1,-1,-1,-1,-1,1,1,1,-1,1,1,-1,1,1,-1,-1,1,1,1,1,1,-1,1,1,1,-1,1,1,1,-1,-1,1,1,1,-1,1,-1,1,1,1,1,1,1,-1,-1,-1,1,-1,-1,1,1,-1,1,1,1,1,1,1,1,-1,1,-1,-1,1,-1,1,-1,1,1,-1,1,1,1,-1,-1,1,-1,1,1,1,-1,1,1,1,-1,1,1,-1,-1,1,-1,1,1,1,-1,1,1,1,1,1,1,-1,1,-1,1,1,1,-1,-1,1,-1,1,1,1,-1,-1,1,-1,1,1,1,-1,-1,1,-1,-1,1,1,-1,-1,1,-1,1,1,1,1,-1,1,1,-1,1,1,1,-1,-1,-1,-1,1,1,-1,-1,1,-1,-1,1,-1,1,-1,-1,1,-1,1,-1,1,-1,-1,1,-1,-1,1,1,1,-1,1,-1,1,-1,1,1,1,-1,-1,-1,1,-1,-1,1,1,1,-1,1,-1,1,1,1,-1,1,1,-1,1,-1,1,-1,-1,1,-1,-1,1,1,1,-1,1,-1,-1,1,1,-1,-1,1,-1,-1,1,1,-1,-1,1,-1,-1,-1,1,1,-1,1,-1,-1,-1,1,-1,-1,1,-1,1,-1,1,1,-1,-1,1,-1,-1,-1,-1,-1,1,1,1,-1,-1,1,-1,-1,1,-1,-1,1,-1,-1,1,1,-1,-1,1,1,-1,1,1,-1,1,-1,1,-1,-1,1,1,-1,-1,-1,-1,-1,1,-1,-1,1,-1,-1,-1,1,1,-1,-1,-1,-1,-1,1,-1,-1,-1,-1,-1,-1,1,1,-1,-1,-1,-1,-1,1,1,-1,-1,-1,-1,-1,1,1,1,-1,-1,-1,-1,1,1,-1,-1,-1,-1,1,-1,1,1,-1,-1,1,1,-1,1,1,-1,-1,-1,1,1,1,-1,1,-1,1,-1,1,1,-1,1,-1,-1,1,-1,1,-1,1,-1,-1,1,-1,1,-1,-1,-1,-1,-1,-1,1,-1,1,-1,-1,1,-1,1,-1,1,-1,1,-1,-1,1,-1,-1,-1,-1,1,-1,-1,-1,-1,-1,-1,1,-1,1,-1,-1,-1,-1,1,1,-1,1,-1,-1,-1,1,-1,-1,1,-1,-1,-1,-1,1,1,1,-1,-1,-1,-1,-1,1,-1,-1,-1,1,-1,-1,1,-1,1,-1,-1,-1,-1,-1,-1,-1,1,-1,-1,-1,1,1,1,-1,-1,1,1,-1,-1,-1,-1,1,-1,-1,1,-1,1,-1,-1,-1,-1,1,-1,1,1,-1,1,-1,-1,1,1,-1,-1,-1,-1,-1,-1,1,1,-1,-1,1,-1,1,1,-1,-1,-1,1,-1,1,1,-1,-1,1,-1,-1,1,1,1,-1,1,-1,1,1,1,-1,-1,1,-1,-1,1,-1,1,-1,1,-1,-1,1,1,-1,1,1,-1,-1,1,1,-1,1,1,-1,-1,1,1,-1,1,1,-1,-1,1,1,1,1,1,1,-1,-1,1,1,1,1,-1,-1,1,-1,1,1,1,1,-1,-1,1,-1,1,1,1,-1,1,1,1,1,-1,1,-1,1,1,1,1,1,1,1,-1,1,1,1,1,-1,1,-1,1,1,1,1,1,-1,1,1,1,1,-1,1,1,-1,1,1,-1,1,1,-1,-1,1,1,1,1,-1,1,-1,1,1,1,-1,-1,1,-1,1,1,1,-1,1,-1,-1,-1,1,1,-1,-1,1,-1,-1,1,1,-1,-1,1,-1,-1,1,1,1,-1,1,-1,-1,1,1,-1,-1,-1,1,-1,1,1,-1,1,1,-1,1,1,-1,-1,1,-1,-1,-1,1,1,-1,1,1,-1,1,1,-1,-1,-1,-1,1,-1,-1,-1,-1,-1,-1,-1,1,1,-1,1,1,-1,1,1,1,1,-1,1,-1,1,1,1,-1,-1,1,-1,-1,1,1,-1,-1,1,-1,1,1,1,-1,-1,1,-1,1,1,1,1,-1,1,-1,-1,1,1,-1,-1,-1,1,-1,1,1,1,-1,1,-1,-1,1,-2666.0,1,2000,445,500,False
1962,1,1,-1,-1,1,1,-1,-1,1,1,1,-1,1,1,1,1,-1,1,-1,-1,-1,-1,1,1,1,-1,-1,-1,1,1,1,1,-1,-1,-1,-1,1,-1,1,1,-1,-1,-1,1,1,1,1,-1,1,1,1,1,-1,1,-1,-1,1,-1,1,1,1,-1,-1,-1,1,1,1,1,-1,-1,-1,1,1,1,1,-1,-1,-1,1,1,1,-1,-1,-1,1,1,1,1,-1,-1,1,1,1,1,1,-1,-1,-1,1,-1,1,1,-1,-1,1,1,1,1,1,-1,-1,-1,1,1,1,1,-1,-1,1,1,1,1,1,1,-1,-1,1,1,-1,1,1,-1,1,1,1,1,1,1,-1,1,1,1,1,1,1,-1,1,1,1,1,1,1,-1,-1,-1,1,1,1,1,-1,1,1,1,1,-1,1,-1,1,-1,1,1,1,-1,-1,1,1,1,1,1,-1,1,-1,-1,1,-1,1,-1,1,1,1,1,1,1,1,1,1,-1,1,-1,1,-1,1,1,-1,1,-1,1,1,-1,1,-1,1,-1,1,-1,1,1,-1,1,-1,1,1,1,1,-1,-1,1,1,-1,-1,1,-1,1,-1,-1,1,-1,1,-1,1,-1,1,-1,1,1,-1,1,-1,1,-1,-1,1,-1,1,1,1,-1,1,1,-1,-1,-1,1,-1,1,-1,1,-1,1,1,-1,1,-1,-1,-1,1,1,-1,1,-1,-1,-1,1,1,1,-1,1,1,-1,-1,1,-1,-1,1,1,-1,1,1,1,-1,-1,1,-1,1,1,-1,1,-1,1,-1,1,1,-1,-1,-1,1,-1,-1,1,-1,1,-1,1,1,-1,1,1,1,-1,1,1,1,1,1,-1,-1,1,-1,1,1,-1,1,-1,1,-1,1,1,1,-1,1,1,-1,-1,1,1,-1,-1,1,-1,1,1,1,1,1,1,-1,1,1,1,1,1,1,-1,1,1,1,1,1,1,-1,-1,-1,1,1,1,1,-1,1,1,1,-1,1,1,1,-1,-1,1,1,1,1,1,-1,1,-1,1,-1,1,1,-1,-1,1,-1,1,1,1,-1,1,-1,-1,1,1,-1,-1,-1,1,1,1,1,-1,1,-1,1,-1,1,1,1,-1,-1,1,1,1,-1,1,-1,1,-1,1,1,1,1,-1,1,-1,1,-1,-1,1,1,-1,1,1,1,1,1,1,1,-1,1,-1,-1,1,-1,1,-1,1,-1,1,1,1,1,-1,-1,1,-1,1,1,1,-1,1,1,1,-1,1,1,-1,1,-1,-1,1,1,1,1,-1,-1,1,1,1,1,-1,1,-1,1,1,1,-1,1,-1,1,-1,1,1,-1,-1,-1,-1,1,1,1,-1,1,-1,-1,-1,1,1,-1,-1,1,-1,1,1,1,1,-1,-1,-1,-1,-1,1,1,-1,-1,-1,1,-1,1,-1,-1,1,-1,-1,1,-1,1,-1,-1,-1,-1,1,-1,1,-1,-1,-1,-1,-1,1,1,1,-1,1,-1,1,-1,-1,1,1,-1,-1,-1,1,-1,-1,1,1,1,-1,1,-1,1,1,1,-1,1,1,-1,-1,-1,1,-1,-1,1,-1,-1,1,1,1,-1,1,-1,-1,1,1,-1,-1,1,-1,-1,1,1,-1,-1,1,-1,-1,-1,1,1,-1,1,1,-1,-1,1,-1,-1,1,-1,1,-1,1,1,-1,-1,1,-1,-1,-1,-1,-1,1,1,1,-1,1,1,-1,-1,1,-1,-1,-1,-1,-1,-1,1,-1,-1,-1,-1,-1,1,1,-1,1,1,1,-1,-1,1,1,-1,-1,-1,-1,1,1,-1,-1,1,-1,-1,-1,1,1,-1,-1,-1,-1,-1,1,-1,-1,1,-1,-1,1,1,1,-1,1,-1,-1,-1,1,1,-1,-1,-1,-1,-1,1,1,1,-1,-1,-1,-1,1,1,-1,-1,-1,-1,1,1,1,1,-1,-1,1,1,1,1,1,-1,-1,-1,1,1,1,1,1,-1,1,1,1,1,-1,1,-1,-1,1,-1,1,-1,1,-1,-1,1,-1,1,-1,-1,-1,-1,1,-1,1,-1,1,1,-1,1,-1,1,-1,1,1,-1,1,-1,1,-1,-1,-1,-1,1,1,-1,-1,-1,-1,-1,1,-1,1,-1,-1,-1,-1,-1,-1,-1,1,-1,-1,-1,1,-1,-1,1,-1,-1,-1,-1,-1,-1,1,-1,-1,-1,-1,-1,1,-1,-1,-1,1,-1,-1,1,-1,1,-1,-1,-1,-1,1,-1,-1,1,-1,-1,-1,-1,1,1,-1,-1,1,-1,1,-1,-1,-1,1,-1,-1,-1,1,1,-1,-1,-1,-1,-1,1,1,1,-1,1,-1,1,-1,1,-1,-1,-1,-1,-1,-1,1,1,-1,-1,1,-1,1,1,-1,-1,-1,-1,-1,1,1,-1,-1,1,1,-1,1,1,1,-1,1,-1,1,1,1,-1,-1,1,-1,-1,1,1,1,-1,1,-1,-1,1,1,-1,1,1,1,-1,1,1,-1,1,1,1,-1,1,1,-1,1,1,1,-1,1,1,1,1,1,-1,-1,1,1,1,1,1,1,-1,1,-1,1,1,1,1,-1,-1,1,-1,1,1,1,-1,1,1,1,1,-1,1,-1,1,1,1,1,1,1,-1,-1,1,1,1,1,-1,1,-1,1,1,1,1,-1,1,-1,1,1,1,-1,-1,1,-1,1,1,-1,1,-1,-1,1,1,1,1,-1,1,-1,-1,1,1,1,-1,-1,-1,1,1,1,1,-1,-1,-1,-1,-1,1,1,-1,1,-1,-1,1,1,1,1,-1,1,-1,1,1,1,1,1,1,-1,1,1,1,-1,-1,1,1,1,1,1,-1,1,-1,-1,1,1,-1,-1,1,-1,-1,1,1,1,-1,1,-1,1,1,1,-1,-1,-1,-1,-1,1,-1,-1,-1,1,-1,1,1,1,-1,1,1,-1,1,1,1,1,-1,1,-1,1,1,1,-1,-1,1,-1,1,1,1,-1,-1,1,-1,1,1,1,-1,-1,1,-1,1,1,1,1,-1,1,-1,-1,1,1,1,-1,-1,1,-1,1,1,1,-1,1,-1,-1,1,-2666.0,1,2000,445,500,False
1963,1,1,-1,-1,1,1,-1,-1,1,1,1,-1,1,1,1,1,-1,1,1,-1,-1,-1,1,1,1,1,-1,-1,1,1,1,1,-1,-1,-1,-1,1,1,1,1,-1,-1,-1,1,1,1,1,-1,1,1,1,1,-1,1,-1,-1,1,-1,1,1,1,-1,-1,-1,1,1,1,1,-1,-1,-1,1,1,1,1,-1,-1,-1,1,-1,1,-1,-1,-1,1,1,1,1,-1,-1,-1,1,-1,1,1,-1,-1,1,1,1,1,1,-1,-1,1,1,-1,1,1,-1,-1,-1,1,-1,1,1,-1,-1,1,1,-1,1,1,1,-1,-1,1,-1,1,1,1,-1,1,1,-1,1,1,1,-1,1,1,-1,-1,1,1,-1,1,1,1,-1,1,1,-1,-1,-1,1,-1,1,1,-1,1,1,1,1,-1,1,-1,1,-1,1,1,1,-1,-1,1,1,1,1,1,-1,1,-1,-1,1,1,1,-1,1,1,1,1,-1,1,1,1,1,-1,1,-1,1,-1,1,1,-1,1,-1,1,1,-1,1,-1,1,-1,1,-1,1,1,-1,1,-1,1,1,1,1,-1,-1,1,1,-1,-1,1,-1,1,1,-1,1,-1,1,-1,1,-1,1,-1,1,1,-1,-1,1,1,1,-1,1,-1,1,1,1,-1,1,1,-1,1,-1,1,-1,1,-1,1,-1,1,1,-1,1,-1,-1,-1,1,1,-1,1,-1,-1,-1,-1,1,-1,-1,1,1,-1,-1,1,1,-1,1,1,-1,1,1,1,1,-1,1,-1,1,1,-1,1,-1,1,1,-1,1,1,-1,-1,1,-1,-1,1,-1,-1,1,1,1,-1,1,1,1,-1,1,-1,-1,1,1,1,1,1,-1,1,1,1,1,-1,1,-1,1,1,1,-1,1,1,-1,1,-1,1,1,-1,1,-1,1,1,1,-1,1,1,-1,1,1,1,-1,1,-1,-1,1,1,1,1,1,-1,-1,1,1,1,-1,1,-1,-1,-1,-1,1,-1,1,1,-1,1,1,1,1,1,1,-1,-1,-1,1,-1,1,-1,-1,1,-1,-1,-1,1,-1,-1,1,-1,1,-1,1,-1,1,-1,1,1,1,1,-1,1,-1,1,1,-1,1,-1,-1,-1,-1,1,1,1,1,-1,-1,1,1,1,1,-1,-1,1,-1,-1,1,-1,1,-1,1,-1,1,1,1,-1,-1,1,1,-1,1,-1,1,-1,-1,1,-1,1,1,-1,-1,-1,1,-1,-1,1,1,-1,-1,1,-1,1,1,-1,1,-1,1,-1,-1,1,1,-1,1,1,-1,1,1,-1,-1,1,1,-1,1,-1,1,-1,1,-1,-1,1,-1,1,-1,1,-1,-1,1,-1,-1,-1,1,-1,-1,1,-1,1,-1,1,-1,-1,1,-1,-1,1,-1,1,-1,1,1,1,-1,1,1,-1,-1,1,1,-1,1,-1,-1,1,1,1,1,-1,1,-1,-1,1,1,-1,-1,1,1,-1,1,1,1,1,1,1,-1,1,1,1,-1,1,-1,1,-1,-1,-1,1,-1,1,1,-1,1,-1,1,-1,1,-1,-1,-1,1,1,-1,1,1,-1,-1,-1,1,-1,1,1,-1,1,-1,1,-1,-1,-1,-1,-1,-1,1,-1,-1,-1,-1,-1,-1,1,-1,1,1,1,1,-1,1,-1,1,1,-1,-1,-1,1,-1,-1,1,-1,1,-1,-1,1,1,1,1,-1,-1,1,1,1,1,-1,1,-1,-1,1,1,1,-1,-1,-1,1,1,1,1,-1,1,-1,1,-1,1,-1,1,1,-1,-1,1,1,1,-1,-1,-1,-1,1,1,1,1,-1,1,-1,1,1,1,1,-1,1,-1,1,-1,1,-1,-1,1,-1,1,1,1,1,-1,1,-1,1,-1,1,1,-1,1,-1,1,1,-1,1,-1,1,-1,1,1,1,1,-1,1,1,-1,1,-1,1,-1,-1,1,-1,1,1,-1,1,-1,1,1,-1,1,1,-1,1,1,1,-1,1,1,-1,-1,1,-1,1,-1,1,-1,1,-1,1,-1,1,-1,-1,-1,-1,1,-1,1,-1,-1,-1,1,1,-1,-1,1,-1,-1,-1,-1,-1,-1,-1,-1,-1,1,1,1,-1,-1,-1,-1,1,-1,1,-1,-1,-1,-1,-1,-1,-1,1,-1,-1,-1,1,-1,-1,1,-1,-1,-1,-1,-1,1,1,-1,-1,-1,-1,-1,1,-1,-1,-1,1,-1,-1,1,-1,1,-1,-1,-1,-1,-1,-1,-1,1,-1,-1,-1,1,1,-1,-1,-1,1,-1,1,-1,-1,-1,1,-1,-1,1,-1,1,-1,-1,-1,-1,1,-1,1,1,-1,1,-1,-1,1,1,-1,-1,-1,-1,-1,-1,1,1,-1,-1,1,-1,1,1,-1,-1,-1,1,-1,1,1,-1,-1,1,-1,-1,1,1,1,-1,1,-1,1,1,1,-1,-1,1,-1,-1,1,1,1,-1,1,-1,-1,1,1,-1,1,1,-1,-1,1,1,-1,1,1,-1,-1,1,1,-1,1,1,-1,-1,1,1,1,1,1,1,-1,-1,1,-1,1,1,-1,-1,1,-1,1,1,1,1,-1,-1,1,-1,1,1,1,-1,1,1,1,1,-1,1,-1,1,1,1,1,1,1,1,-1,1,1,1,1,-1,1,-1,1,1,1,1,1,-1,1,1,1,1,-1,-1,1,-1,1,1,-1,1,1,-1,-1,1,1,1,-1,1,1,-1,1,1,1,-1,-1,1,-1,1,1,1,-1,1,-1,-1,-1,1,1,-1,-1,1,-1,-1,1,1,1,-1,1,-1,-1,1,1,1,1,-1,-1,-1,1,1,-1,-1,-1,1,-1,1,1,-1,1,1,-1,1,1,-1,-1,1,-1,-1,-1,1,1,-1,1,1,-1,1,1,-1,-1,-1,-1,1,-1,-1,-1,-1,1,-1,-1,1,1,-1,1,1,-1,1,1,1,1,-1,1,-1,1,1,1,-1,-1,1,-1,-1,-1,1,-1,-1,1,-1,1,1,1,-1,-1,1,-1,1,1,1,1,-1,1,-1,-1,1,1,-1,-1,-1,1,-1,1,1,1,-1,1,-1,-1,1,-2666.0,1,2000,445,500,False
1964,1,1,-1,-1,1,-1,-1,-1,1,1,1,-1,1,1,1,1,-1,1,-1,-1,-1,-1,1,1,1,-1,1,-1,1,1,1,1,-1,-1,-1,-1,1,-1,1,1,-1,-1,-1,1,1,1,1,-1,1,1,1,1,-1,1,-1,-1,1,-1,1,1,1,-1,-1,-1,1,1,1,1,-1,-1,-1,1,1,1,1,-1,-1,-1,1,1,1,-1,-1,-1,1,1,1,1,-1,-1,-1,1,1,1,1,-1,-1,1,1,-1,1,1,-1,-1,1,1,1,1,1,-1,-1,1,1,1,1,1,-1,-1,1,1,1,1,1,1,-1,1,1,1,-1,1,1,-1,1,1,1,1,1,1,-1,-1,1,1,1,1,1,-1,1,1,1,1,1,1,-1,-1,-1,1,1,1,1,-1,1,1,1,1,-1,1,-1,1,-1,1,1,1,-1,-1,1,1,1,1,1,-1,1,-1,-1,1,1,1,-1,1,1,1,1,-1,1,1,1,1,-1,1,-1,1,-1,1,1,-1,1,-1,1,1,-1,1,-1,1,-1,1,-1,1,1,-1,1,-1,1,1,1,1,-1,-1,1,1,-1,-1,1,-1,1,-1,1,1,-1,1,-1,1,-1,1,-1,1,1,-1,-1,1,-1,1,-1,1,-1,1,1,1,-1,1,1,-1,1,-1,1,-1,1,-1,1,-1,1,1,-1,1,-1,-1,-1,-1,1,-1,1,-1,-1,-1,-1,1,-1,-1,1,1,-1,1,1,1,-1,1,1,-1,1,1,1,1,-1,1,-1,1,1,-1,1,-1,1,-1,1,-1,1,1,1,1,-1,-1,1,-1,-1,-1,1,1,-1,1,1,1,-1,1,1,1,1,1,1,-1,1,-1,1,1,1,-1,-1,1,-1,1,1,1,-1,1,1,-1,-1,1,1,1,-1,1,-1,1,1,1,-1,1,1,-1,1,1,1,-1,1,1,-1,1,1,1,-1,1,1,-1,-1,1,1,-1,1,1,-1,1,-1,1,-1,1,1,1,-1,1,1,1,1,1,1,-1,1,1,-1,1,-1,1,-1,-1,-1,-1,1,1,1,-1,1,1,-1,1,1,-1,-1,1,1,1,1,1,-1,1,1,1,-1,1,1,1,-1,-1,1,1,1,-1,1,-1,1,1,1,1,1,1,-1,-1,-1,1,-1,-1,1,1,-1,1,1,1,1,1,1,1,-1,1,-1,-1,1,-1,1,-1,1,1,1,1,1,1,-1,-1,1,-1,1,1,1,-1,1,1,1,-1,1,1,-1,-1,1,-1,1,1,1,-1,1,1,1,1,1,1,-1,1,-1,-1,1,1,-1,-1,1,-1,1,1,1,-1,-1,1,-1,1,1,1,-1,-1,1,1,-1,1,1,-1,-1,1,-1,1,1,1,1,-1,1,1,-1,1,1,1,-1,-1,-1,-1,1,1,-1,-1,1,-1,-1,1,-1,1,-1,-1,1,-1,1,-1,1,-1,-1,1,-1,-1,1,1,1,-1,1,-1,1,-1,-1,-1,1,-1,-1,-1,1,-1,-1,-1,1,1,-1,1,-1,1,1,1,-1,1,1,-1,1,-1,1,-1,-1,1,-1,-1,1,1,1,-1,1,-1,-1,1,1,-1,-1,1,-1,-1,1,1,-1,-1,1,-1,-1,-1,1,1,-1,1,1,-1,-1,1,-1,-1,1,-1,1,-1,1,1,-1,-1,1,-1,-1,-1,-1,-1,1,1,1,-1,-1,1,-1,-1,1,-1,-1,1,-1,-1,1,1,-1,-1,1,-1,-1,1,1,-1,1,-1,1,-1,-1,1,1,-1,-1,-1,-1,1,1,-1,-1,1,-1,-1,-1,1,1,-1,-1,-1,-1,-1,1,-1,-1,-1,-1,-1,1,1,1,-1,-1,-1,-1,-1,1,1,-1,-1,-1,-1,-1,1,1,1,-1,-1,-1,-1,1,1,-1,-1,-1,-1,1,-1,1,1,-1,-1,1,1,-1,1,1,-1,-1,-1,1,1,1,-1,1,-1,1,1,1,1,-1,1,-1,-1,1,-1,1,-1,1,-1,-1,1,-1,1,-1,-1,-1,-1,1,-1,1,-1,1,1,-1,1,-1,1,-1,1,1,1,-1,-1,1,-1,-1,-1,-1,1,-1,-1,-1,-1,-1,-1,1,-1,1,-1,-1,-1,-1,1,1,-1,1,-1,-1,-1,1,-1,-1,1,-1,-1,-1,-1,1,-1,1,-1,-1,-1,-1,-1,1,-1,-1,-1,1,-1,-1,1,-1,1,-1,-1,-1,-1,-1,-1,-1,1,-1,-1,-1,1,1,1,-1,-1,-1,1,-1,-1,-1,-1,1,-1,-1,1,-1,1,-1,-1,-1,-1,1,-1,1,1,-1,1,-1,-1,1,1,-1,-1,-1,-1,-1,-1,1,1,-1,-1,1,-1,1,1,-1,-1,-1,1,-1,-1,1,-1,-1,1,-1,-1,1,1,1,-1,1,-1,1,1,1,-1,-1,1,-1,-1,1,1,1,-1,1,-1,-1,1,1,-1,1,1,-1,-1,1,1,-1,1,1,-1,-1,1,1,-1,1,1,-1,-1,1,1,1,1,1,1,-1,-1,1,1,-1,1,-1,-1,1,-1,1,1,1,1,-1,-1,1,-1,1,1,1,-1,1,1,1,1,-1,1,-1,1,1,1,1,1,1,1,-1,1,1,1,1,-1,1,-1,1,1,1,1,1,-1,1,1,1,1,-1,1,1,-1,1,1,-1,1,1,-1,-1,1,1,1,1,-1,1,-1,1,1,1,-1,-1,1,-1,1,1,1,-1,1,-1,-1,-1,1,1,-1,-1,1,-1,-1,1,1,-1,-1,1,-1,-1,1,1,1,-1,1,-1,-1,1,1,-1,-1,-1,1,-1,-1,1,-1,1,1,-1,1,1,-1,-1,1,-1,-1,-1,1,1,-1,1,1,-1,1,1,-1,-1,1,-1,1,-1,-1,-1,-1,1,-1,-1,1,1,-1,1,1,-1,1,1,1,1,-1,1,-1,1,1,1,1,-1,1,-1,-1,1,1,1,-1,1,-1,1,1,1,1,-1,1,-1,1,1,1,-1,-1,1,-1,-1,1,1,-1,-1,-1,1,-1,1,-1,1,-1,1,-1,-1,1,-2666.0,1,2000,445,500,False
1965,1,1,-1,-1,1,-1,-1,-1,1,1,1,-1,1,1,1,1,-1,1,-1,-1,-1,-1,1,1,1,-1,1,-1,1,1,1,1,-1,-1,-1,-1,1,-1,1,1,-1,-1,-1,1,1,1,1,-1,1,1,1,1,-1,1,-1,-1,1,-1,1,1,1,-1,-1,-1,1,1,1,1,-1,-1,-1,1,1,1,1,-1,-1,-1,1,1,1,-1,-1,-1,1,1,1,1,-1,-1,1,1,1,1,1,-1,-1,-1,1,-1,1,1,-1,-1,1,1,1,1,1,-1,-1,-1,1,-1,1,1,-1,-1,1,1,1,1,1,1,-1,-1,1,1,-1,1,1,-1,1,1,1,1,1,1,-1,1,1,1,1,1,1,-1,1,1,1,1,1,1,-1,-1,-1,1,1,1,1,-1,1,1,1,1,-1,1,-1,1,-1,1,1,1,-1,-1,1,1,1,1,1,-1,1,-1,-1,1,1,1,-1,1,1,1,1,-1,1,1,1,1,-1,1,-1,1,-1,1,1,-1,1,-1,1,1,-1,1,-1,1,-1,1,-1,1,1,-1,1,-1,1,1,1,1,-1,-1,1,1,-1,-1,1,-1,1,-1,1,1,-1,1,-1,1,-1,1,-1,-1,1,-1,-1,1,-1,1,-1,1,-1,1,1,1,-1,1,-1,-1,1,-1,1,-1,1,1,1,-1,1,1,-1,1,-1,-1,-1,-1,1,-1,1,-1,-1,-1,-1,1,-1,-1,1,1,-1,1,1,1,-1,1,1,-1,1,1,1,1,-1,1,-1,1,1,-1,1,-1,1,-1,1,-1,1,1,1,1,-1,-1,1,-1,-1,-1,1,1,-1,1,1,1,-1,1,1,1,1,1,1,-1,1,-1,1,1,1,-1,1,1,-1,1,1,1,-1,1,1,-1,-1,1,1,1,-1,1,-1,1,1,1,-1,1,1,-1,1,1,1,-1,1,1,-1,1,1,1,-1,1,1,-1,-1,1,1,-1,1,1,-1,1,-1,1,-1,1,1,1,-1,1,1,1,-1,1,1,-1,1,1,-1,1,1,1,-1,-1,-1,-1,1,1,1,-1,1,1,-1,1,1,-1,-1,1,1,1,1,1,-1,1,1,1,-1,1,1,1,-1,-1,1,1,1,-1,1,-1,1,1,1,1,1,1,-1,-1,-1,1,-1,-1,1,1,-1,1,1,1,1,1,1,1,-1,1,-1,-1,1,-1,1,-1,1,1,1,1,1,1,-1,-1,1,-1,1,1,1,-1,1,1,1,-1,1,1,-1,-1,1,-1,1,1,1,-1,1,1,1,1,1,1,-1,1,-1,-1,1,1,-1,-1,1,-1,-1,1,1,-1,-1,1,-1,1,1,1,-1,-1,1,-1,-1,1,1,-1,-1,1,-1,1,1,1,1,-1,1,-1,-1,-1,1,1,-1,-1,-1,1,-1,1,-1,-1,1,-1,-1,1,-1,1,-1,-1,1,-1,1,-1,1,-1,-1,1,-1,-1,1,1,1,-1,1,-1,1,-1,-1,-1,1,-1,-1,-1,1,-1,-1,1,1,1,-1,1,-1,1,1,1,-1,1,1,-1,1,-1,1,-1,-1,1,-1,-1,1,1,1,-1,1,-1,-1,1,1,-1,-1,1,-1,-1,1,1,-1,-1,1,-1,-1,-1,1,1,-1,1,1,-1,-1,1,-1,-1,1,-1,1,-1,1,1,-1,-1,1,-1,-1,-1,-1,-1,1,1,1,-1,1,1,-1,-1,1,-1,1,-1,-1,-1,1,1,-1,-1,-1,1,-1,1,1,-1,1,1,1,-1,-1,1,1,-1,-1,-1,-1,-1,1,-1,-1,1,-1,-1,-1,1,1,-1,-1,-1,-1,-1,1,-1,-1,1,-1,-1,1,1,1,-1,1,-1,-1,-1,1,1,-1,-1,-1,-1,-1,1,1,1,-1,-1,-1,-1,1,1,-1,-1,-1,-1,1,-1,1,1,-1,-1,1,1,-1,1,1,-1,-1,-1,1,1,1,-1,1,-1,1,1,1,1,-1,1,-1,-1,1,-1,1,-1,1,-1,-1,1,-1,1,-1,-1,-1,-1,1,-1,1,-1,1,1,-1,1,-1,1,-1,1,1,1,-1,-1,1,-1,-1,-1,-1,1,-1,-1,-1,-1,-1,-1,1,-1,1,-1,-1,-1,-1,1,1,-1,1,-1,-1,-1,1,-1,-1,1,-1,-1,-1,-1,1,1,1,-1,-1,-1,-1,-1,1,-1,-1,-1,1,-1,-1,1,-1,1,-1,-1,-1,-1,-1,-1,-1,1,-1,-1,-1,1,1,-1,-1,-1,-1,1,-1,-1,-1,-1,1,-1,-1,1,-1,1,-1,-1,-1,-1,1,-1,1,1,-1,1,-1,-1,1,1,-1,-1,-1,-1,-1,-1,1,1,-1,-1,1,-1,1,1,-1,-1,-1,1,-1,1,1,-1,-1,1,-1,-1,1,1,1,-1,1,-1,1,1,1,-1,-1,1,-1,-1,1,1,1,-1,1,-1,-1,1,1,-1,1,1,-1,-1,1,1,-1,1,1,-1,-1,1,1,-1,1,1,-1,-1,1,1,1,1,-1,1,-1,-1,1,1,1,1,-1,-1,1,-1,1,1,1,1,-1,-1,1,-1,1,1,1,-1,1,1,1,1,-1,1,-1,1,1,1,1,1,1,1,-1,1,1,1,1,-1,1,-1,1,1,1,1,1,-1,1,1,1,1,-1,1,1,-1,1,1,-1,1,1,-1,-1,1,1,1,1,-1,1,-1,1,1,1,-1,-1,1,-1,1,1,1,-1,1,-1,-1,-1,1,1,-1,-1,1,-1,-1,1,1,1,-1,1,-1,-1,1,1,1,-1,1,-1,-1,1,1,-1,-1,-1,1,-1,-1,1,-1,1,1,-1,1,1,-1,-1,1,-1,-1,-1,1,1,-1,1,1,-1,1,1,-1,-1,-1,-1,1,-1,-1,-1,-1,1,-1,-1,1,1,-1,1,1,-1,1,1,1,1,-1,1,-1,1,1,1,-1,-1,1,-1,-1,1,1,-1,1,1,-1,1,1,1,-1,-1,1,-1,1,1,1,1,-1,1,-1,-1,1,1,1,-1,1,1,-1,1,1,1,-1,1,-1,-1,1,-2666.0,1,2000,445,500,False
1966,1,1,-1,-1,1,-1,-1,-1,1,1,1,-1,1,1,1,1,-1,1,-1,-1,-1,-1,1,1,1,-1,1,-1,1,1,1,1,-1,-1,-1,-1,1,-1,1,1,-1,-1,-1,1,1,1,1,-1,1,1,1,1,-1,1,-1,-1,1,-1,1,1,1,-1,-1,-1,1,1,1,1,-1,-1,-1,1,1,1,1,-1,-1,-1,1,1,1,-1,-1,-1,1,1,1,1,-1,-1,-1,1,1,1,1,-1,-1,1,1,-1,1,1,-1,-1,1,1,1,1,1,-1,-1,-1,1,1,1,1,-1,-1,1,1,1,1,1,1,-1,-1,1,1,-1,1,1,-1,1,1,1,1,1,1,-1,1,1,1,1,1,1,-1,1,1,1,1,1,1,-1,-1,-1,1,1,1,1,-1,1,1,1,1,-1,1,-1,1,-1,1,1,1,-1,-1,1,1,1,1,1,-1,1,-1,-1,1,1,1,-1,1,1,1,1,-1,1,1,1,1,-1,1,-1,1,-1,1,1,-1,1,-1,1,1,-1,1,-1,1,-1,1,-1,1,1,-1,1,-1,1,1,1,1,-1,-1,1,1,-1,-1,1,-1,1,-1,1,1,-1,1,-1,1,-1,1,-1,1,1,-1,-1,-1,1,1,-1,1,-1,1,1,1,-1,1,1,-1,1,-1,1,-1,1,-1,1,-1,1,1,-1,1,-1,-1,-1,-1,1,-1,1,-1,-1,-1,1,1,-1,-1,1,1,-1,1,1,1,-1,1,1,-1,1,1,1,1,-1,1,-1,1,1,-1,1,-1,1,-1,1,-1,1,1,1,1,-1,-1,1,-1,-1,-1,1,1,-1,1,1,1,-1,1,1,1,1,1,1,-1,1,-1,1,1,1,-1,-1,1,-1,1,1,1,-1,1,1,-1,-1,1,1,1,-1,1,-1,1,1,1,-1,1,1,-1,1,1,1,-1,1,1,-1,1,1,1,-1,1,1,1,-1,1,1,-1,1,1,-1,1,-1,1,-1,1,1,1,-1,1,1,1,-1,1,1,-1,1,1,-1,1,1,1,-1,-1,-1,-1,1,1,1,-1,1,1,-1,1,1,-1,-1,1,1,1,1,1,-1,1,1,1,-1,1,1,1,1,-1,1,1,1,-1,1,-1,1,1,1,1,1,1,-1,-1,-1,1,-1,-1,1,-1,1,-1,1,1,1,1,1,-1,-1,1,-1,-1,1,-1,1,-1,1,1,-1,1,1,1,-1,-1,1,-1,1,1,-1,-1,1,1,1,-1,1,-1,-1,-1,1,-1,1,1,-1,-1,1,1,1,1,-1,1,-1,1,-1,-1,1,-1,-1,-1,1,-1,1,1,-1,-1,-1,1,-1,1,1,1,-1,-1,1,-1,-1,1,-1,-1,-1,1,-1,1,1,-1,-1,-1,1,1,-1,1,-1,-1,-1,-1,1,-1,1,-1,-1,-1,1,1,-1,1,-1,-1,-1,-1,1,-1,1,-1,-1,-1,-1,1,-1,-1,1,1,1,-1,1,-1,1,-1,1,1,1,-1,-1,-1,1,-1,-1,1,1,1,-1,1,-1,1,1,1,-1,1,1,-1,-1,-1,1,-1,-1,1,-1,-1,1,1,1,-1,1,-1,-1,1,1,-1,-1,1,-1,-1,1,1,-1,-1,1,-1,-1,-1,1,1,-1,1,1,-1,-1,1,-1,-1,1,-1,1,-1,1,1,-1,-1,1,-1,-1,-1,-1,-1,1,1,1,-1,-1,1,-1,-1,1,-1,-1,1,-1,-1,1,1,-1,-1,1,-1,-1,1,1,-1,1,-1,-1,-1,-1,1,1,-1,-1,-1,-1,1,1,-1,-1,1,-1,-1,-1,1,1,-1,-1,-1,-1,-1,1,-1,-1,-1,-1,-1,1,1,1,-1,-1,-1,-1,-1,1,1,-1,-1,-1,-1,-1,1,1,1,-1,-1,-1,-1,1,1,-1,-1,-1,-1,1,-1,1,1,1,-1,1,1,-1,1,1,1,-1,-1,1,1,1,1,1,-1,1,1,1,1,-1,1,-1,-1,1,-1,1,-1,1,-1,-1,1,-1,1,1,1,-1,-1,1,-1,1,-1,1,1,-1,1,-1,1,1,1,1,1,-1,-1,1,1,1,-1,-1,1,-1,-1,1,1,-1,-1,1,-1,1,-1,1,-1,-1,1,1,-1,1,1,-1,-1,1,1,-1,1,1,-1,-1,-1,-1,-1,-1,1,-1,-1,-1,-1,1,1,-1,-1,1,-1,-1,1,-1,1,-1,-1,-1,-1,-1,1,1,1,-1,-1,-1,1,1,1,-1,-1,-1,1,-1,-1,1,-1,1,-1,-1,1,1,1,-1,-1,-1,-1,1,-1,1,1,-1,1,-1,-1,1,1,-1,-1,-1,-1,-1,-1,1,1,-1,-1,1,-1,1,1,-1,-1,-1,1,-1,1,1,-1,-1,1,-1,-1,1,1,1,-1,1,-1,1,1,1,-1,-1,1,-1,-1,1,1,1,-1,1,-1,-1,1,1,-1,1,1,-1,-1,1,1,-1,1,1,-1,-1,1,1,-1,1,1,-1,-1,1,1,1,1,1,1,-1,-1,1,1,-1,1,-1,-1,1,-1,1,1,1,1,-1,-1,1,-1,1,1,1,-1,1,1,1,1,-1,1,-1,1,1,1,1,1,1,1,-1,1,1,1,1,-1,1,-1,1,1,1,1,1,-1,1,1,1,1,-1,1,1,-1,1,1,-1,1,1,-1,-1,1,1,1,1,-1,1,-1,1,1,1,-1,-1,1,-1,1,1,1,-1,1,-1,-1,-1,1,1,-1,-1,1,-1,-1,1,1,-1,-1,1,-1,-1,1,1,1,-1,1,-1,-1,1,1,-1,-1,-1,1,-1,-1,1,-1,1,1,-1,1,1,-1,-1,1,-1,-1,-1,1,1,-1,1,1,-1,1,1,-1,-1,-1,-1,1,-1,-1,-1,-1,1,-1,-1,1,1,-1,1,1,-1,1,1,1,1,-1,1,-1,1,1,1,-1,-1,1,-1,-1,-1,1,-1,-1,1,-1,1,1,1,-1,-1,1,-1,1,1,1,1,-1,1,-1,-1,1,1,-1,-1,-1,1,-1,1,-1,1,-1,1,-1,-1,1,-2666.0,1,2000,445,500,False
1967,-1,-1,1,1,1,1,-1,1,-1,-1,-1,1,-1,1,-1,-1,1,-1,1,1,-1,1,-1,-1,-1,1,-1,-1,-1,-1,-1,-1,1,1,-1,1,1,-1,-1,-1,1,-1,1,-1,-1,-1,-1,1,-1,-1,-1,-1,1,-1,1,-1,-1,1,-1,-1,-1,1,1,1,-1,1,-1,-1,-1,-1,1,-1,1,1,-1,-1,-1,1,-1,-1,-1,1,1,-1,-1,-1,-1,1,-1,1,-1,-1,-1,1,-1,-1,-1,1,-1,1,1,1,-1,-1,1,-1,-1,1,1,-1,-1,1,-1,-1,1,1,-1,-1,1,-1,-1,1,1,-1,-1,1,-1,-1,1,1,-1,-1,1,-1,1,1,1,1,-1,-1,-1,-1,1,1,-1,-1,1,-1,-1,1,1,1,-1,-1,1,-1,1,1,1,-1,1,-1,1,1,1,-1,-1,1,-1,1,1,1,-1,-1,1,-1,1,1,1,-1,1,-1,1,1,-1,1,-1,1,1,-1,1,1,1,1,1,1,-1,1,1,1,-1,1,1,-1,1,1,1,-1,-1,1,-1,1,-1,1,-1,1,1,-1,1,1,1,1,1,1,-1,-1,1,1,-1,-1,1,-1,1,1,-1,1,-1,1,-1,1,1,1,-1,1,1,-1,1,1,1,-1,-1,1,-1,1,1,1,-1,1,1,-1,1,-1,1,-1,1,-1,1,-1,1,1,-1,1,-1,-1,1,1,1,-1,1,-1,1,-1,-1,1,1,-1,1,1,-1,-1,1,-1,-1,1,1,-1,1,1,1,-1,-1,1,-1,1,1,-1,1,-1,1,1,-1,1,-1,-1,-1,1,-1,-1,1,-1,1,-1,-1,1,-1,1,1,1,-1,1,-1,-1,1,1,-1,-1,1,-1,-1,1,-1,1,-1,1,-1,-1,1,1,-1,1,1,-1,1,-1,1,-1,-1,1,-1,1,1,1,1,1,1,-1,1,1,1,1,1,-1,-1,1,1,1,1,1,-1,-1,1,-1,1,1,1,-1,-1,1,-1,1,1,1,1,-1,1,-1,1,1,1,1,-1,-1,1,1,1,-1,-1,-1,1,1,-1,-1,1,1,-1,1,-1,1,-1,1,-1,1,1,-1,1,1,1,-1,-1,1,-1,1,-1,1,-1,-1,1,-1,1,1,1,1,-1,1,1,-1,1,1,-1,-1,1,-1,-1,1,-1,1,-1,-1,1,-1,1,1,-1,-1,1,1,-1,1,-1,1,-1,-1,1,-1,1,-1,-1,-1,-1,1,-1,-1,1,1,-1,-1,1,-1,1,1,-1,1,-1,1,-1,1,-1,1,-1,-1,-1,-1,1,-1,-1,1,-1,1,-1,1,-1,1,-1,-1,-1,1,1,-1,1,-1,-1,-1,-1,1,-1,-1,1,-1,-1,1,-1,1,1,1,-1,-1,-1,1,-1,-1,1,-1,-1,-1,1,-1,1,-1,-1,-1,-1,1,-1,1,-1,1,-1,-1,1,-1,1,1,1,-1,-1,-1,1,1,-1,1,-1,-1,-1,1,1,1,-1,1,1,-1,1,1,1,1,1,-1,1,-1,1,1,-1,1,-1,1,-1,-1,1,1,-1,1,-1,-1,1,-1,1,-1,1,1,-1,1,1,1,-1,1,1,-1,-1,1,1,-1,-1,-1,-1,1,1,1,-1,-1,-1,-1,1,1,1,-1,1,1,1,-1,1,1,-1,1,1,-1,1,1,1,-1,-1,1,-1,-1,1,1,-1,1,1,1,1,1,-1,1,1,1,-1,1,1,-1,1,1,1,-1,1,1,-1,1,1,1,-1,1,1,1,-1,1,-1,1,1,-1,-1,1,1,-1,-1,1,-1,-1,1,1,-1,1,1,1,-1,1,1,1,1,1,1,-1,1,-1,1,-1,1,-1,1,1,1,1,1,1,1,-1,1,-1,1,-1,1,1,-1,1,1,-1,1,1,-1,-1,1,1,1,1,1,1,-1,1,1,1,-1,1,-1,1,-1,1,1,1,1,-1,1,1,-1,1,-1,1,-1,-1,1,-1,1,-1,-1,-1,1,-1,-1,1,-1,1,-1,-1,1,-1,1,1,1,-1,-1,1,-1,1,1,1,-1,-1,1,-1,1,-1,1,-1,1,-1,-1,1,1,1,-1,1,1,-1,1,1,1,1,-1,-1,1,-1,1,1,-1,-1,-1,-1,-1,1,1,-1,1,-1,1,-1,1,1,1,-1,-1,-1,-1,1,-1,-1,-1,-1,-1,1,-1,-1,-1,-1,-1,1,-1,1,1,-1,-1,-1,1,-1,1,1,-1,-1,-1,1,1,1,1,-1,1,-1,1,-1,1,1,-1,-1,-1,1,1,1,1,1,-1,-1,1,-1,1,1,-1,1,-1,-1,1,1,1,-1,-1,-1,-1,-1,1,-1,-1,-1,1,-1,1,1,1,1,1,-1,-1,1,1,1,-1,1,1,-1,1,1,-1,1,-1,-1,1,1,1,1,-1,1,-1,-1,1,1,1,-1,-1,-1,-1,1,1,1,1,1,1,-1,1,1,1,1,1,1,-1,1,1,1,1,1,1,-1,1,1,-1,1,1,-1,-1,1,1,-1,1,1,1,-1,1,-1,1,1,1,1,-1,-1,1,-1,1,1,1,-1,1,1,-1,1,-1,1,-1,1,1,-1,1,1,1,-1,-1,-1,1,1,1,-1,1,-1,1,1,1,1,-1,1,-1,1,1,1,-1,-1,1,-1,1,1,-1,1,-1,-1,-1,1,-1,1,-1,1,-1,-1,1,-1,1,-1,-1,-1,-1,1,-1,1,-1,-1,1,-1,-1,1,1,-1,1,-1,-1,-1,-1,1,-1,-1,1,-1,1,-1,1,1,1,1,-1,-1,1,1,-1,-1,1,1,1,1,1,-1,1,-1,-1,1,1,-1,-1,1,-1,-1,-1,-1,1,-1,1,-1,1,1,1,-1,-1,-1,-1,1,-1,-1,-1,-1,1,-1,1,1,1,-1,1,1,-1,1,1,1,1,-1,1,-1,1,1,1,1,-1,1,-1,1,1,1,1,-1,1,-1,1,1,1,1,-1,1,-1,1,1,1,-1,-1,1,-1,-1,1,1,-1,-1,-1,1,-1,1,1,1,-1,1,-1,-1,1,-2666.0,1,2000,445,1500,True
1968,-1,-1,-1,-1,1,1,-1,1,-1,1,1,-1,1,1,-1,-1,1,1,-1,-1,-1,1,-1,1,1,-1,-1,-1,1,-1,1,1,-1,-1,-1,-1,1,-1,1,1,-1,-1,-1,-1,-1,1,1,-1,1,1,1,1,-1,1,-1,-1,1,-1,1,1,1,-1,-1,1,1,-1,1,1,-1,-1,1,1,1,1,1,-1,-1,-1,1,-1,1,-1,-1,-1,1,1,1,1,-1,-1,1,1,-1,1,1,-1,-1,-1,1,1,1,1,-1,-1,1,1,1,1,1,-1,-1,-1,1,1,1,1,-1,-1,1,1,1,1,1,1,-1,-1,1,1,-1,1,1,-1,1,1,1,1,1,1,-1,1,1,1,1,1,1,-1,1,1,1,1,1,1,-1,-1,-1,1,1,1,1,-1,1,-1,1,1,-1,1,-1,1,-1,1,1,1,-1,-1,1,1,1,1,1,-1,1,-1,-1,1,-1,1,-1,1,1,1,1,1,1,1,1,1,-1,1,-1,1,-1,1,1,-1,1,-1,1,1,-1,1,-1,1,-1,1,-1,1,1,-1,-1,-1,1,1,1,1,-1,-1,1,1,-1,-1,1,-1,1,-1,1,1,-1,1,-1,1,-1,1,-1,1,1,-1,-1,-1,1,1,-1,1,-1,1,1,1,-1,1,1,-1,1,-1,1,-1,1,-1,1,-1,1,1,-1,1,-1,-1,-1,1,1,-1,1,-1,-1,-1,1,1,-1,-1,1,1,-1,-1,1,1,-1,1,1,-1,1,1,1,-1,-1,1,-1,1,1,-1,1,-1,1,1,1,1,1,-1,-1,1,-1,-1,1,-1,1,-1,1,1,-1,1,1,1,-1,1,1,1,1,1,-1,-1,1,-1,1,1,1,1,-1,1,-1,1,1,1,-1,1,1,-1,-1,1,1,-1,-1,1,-1,1,1,1,1,1,1,-1,1,1,1,1,1,1,-1,1,1,1,1,1,1,-1,-1,1,1,1,1,1,-1,1,-1,1,1,1,1,1,-1,1,1,1,1,1,1,-1,1,1,1,-1,1,1,-1,-1,-1,-1,1,1,1,-1,1,1,-1,1,1,-1,-1,1,1,1,1,1,-1,1,1,1,-1,1,1,1,-1,-1,1,1,1,-1,1,-1,1,-1,1,1,1,1,-1,-1,-1,1,-1,-1,1,1,-1,1,1,1,1,1,1,1,-1,1,-1,-1,1,-1,1,-1,1,-1,1,1,1,1,-1,-1,1,-1,1,1,1,-1,1,1,1,-1,1,1,-1,1,-1,-1,1,1,1,-1,1,-1,1,1,1,1,-1,1,-1,1,1,1,-1,1,1,-1,-1,1,1,-1,-1,1,-1,1,1,1,-1,1,-1,1,-1,1,1,-1,-1,1,-1,1,1,1,1,-1,1,-1,-1,-1,1,1,-1,1,-1,1,-1,1,-1,-1,1,-1,-1,1,-1,1,-1,-1,1,-1,1,-1,1,1,-1,1,-1,-1,1,1,1,-1,1,-1,1,-1,1,-1,1,-1,-1,-1,1,-1,-1,1,1,-1,1,1,-1,1,1,1,-1,1,1,-1,-1,-1,1,-1,-1,1,-1,-1,1,1,-1,-1,1,-1,-1,1,1,1,-1,1,-1,-1,1,1,-1,-1,1,-1,-1,-1,1,1,-1,1,-1,-1,-1,1,1,-1,1,-1,1,-1,1,1,-1,-1,1,-1,-1,-1,-1,-1,1,1,1,-1,1,1,-1,-1,1,-1,-1,-1,-1,-1,1,1,-1,-1,-1,-1,-1,1,1,-1,1,1,1,-1,-1,1,1,-1,-1,-1,-1,1,1,-1,-1,1,-1,-1,-1,1,1,-1,-1,1,-1,-1,1,-1,-1,1,1,-1,-1,1,1,-1,1,1,-1,1,1,1,-1,-1,1,-1,-1,1,1,1,-1,1,-1,-1,1,1,-1,-1,1,-1,1,1,1,1,-1,1,-1,1,1,1,1,-1,1,-1,1,1,1,-1,1,-1,1,1,1,1,-1,1,-1,-1,1,-1,1,-1,1,-1,-1,1,-1,1,-1,-1,1,-1,1,-1,1,-1,1,1,-1,1,-1,1,-1,1,1,-1,1,-1,1,-1,-1,-1,-1,1,1,-1,-1,-1,-1,-1,1,-1,1,-1,-1,-1,-1,-1,-1,-1,1,-1,-1,-1,1,-1,-1,1,-1,-1,-1,-1,-1,1,1,-1,-1,-1,-1,-1,1,-1,-1,-1,1,-1,-1,1,-1,1,-1,-1,-1,-1,-1,-1,-1,1,-1,-1,-1,1,1,1,-1,-1,-1,1,-1,-1,-1,-1,1,-1,-1,1,-1,1,-1,-1,-1,-1,1,-1,1,1,-1,1,-1,-1,1,1,-1,-1,-1,-1,-1,-1,1,1,-1,-1,1,-1,1,1,-1,-1,-1,1,-1,1,1,-1,-1,1,-1,-1,1,1,1,-1,1,-1,1,1,1,-1,-1,1,-1,-1,1,1,1,-1,1,-1,-1,1,1,-1,1,1,-1,-1,1,1,1,1,1,-1,-1,1,1,-1,1,1,-1,-1,1,1,1,1,1,1,-1,1,1,1,1,1,-1,-1,1,-1,1,1,1,1,-1,-1,1,-1,1,1,1,-1,1,1,1,1,-1,1,-1,1,1,1,1,1,1,-1,-1,-1,1,1,1,-1,1,-1,1,1,1,1,-1,1,-1,1,1,1,-1,-1,1,-1,1,1,-1,1,-1,-1,-1,-1,1,1,-1,1,-1,-1,1,1,1,-1,-1,-1,-1,1,1,1,-1,-1,1,-1,-1,1,1,-1,1,-1,-1,-1,1,1,-1,-1,1,-1,1,1,1,1,1,1,-1,-1,1,1,-1,-1,1,1,1,1,1,-1,1,-1,-1,1,1,-1,-1,1,-1,-1,-1,1,1,-1,1,1,1,1,1,-1,-1,-1,-1,1,-1,-1,-1,-1,1,-1,1,1,1,-1,1,1,-1,1,1,1,1,-1,1,-1,1,1,1,-1,-1,1,-1,1,1,1,-1,-1,1,-1,1,1,1,-1,-1,1,-1,1,1,1,1,-1,1,-1,-1,1,1,1,-1,-1,1,-1,1,-1,1,-1,1,-1,-1,1,-2666.0,1,2000,445,500,False
1969,1,1,-1,-1,1,-1,-1,-1,1,1,1,-1,1,1,1,1,-1,1,-1,-1,1,-1,1,1,1,-1,-1,-1,1,1,1,1,-1,-1,-1,-1,1,1,1,-1,-1,-1,-1,1,1,1,1,-1,1,1,1,1,-1,1,-1,-1,1,-1,1,1,1,-1,-1,-1,1,1,1,1,-1,-1,-1,1,1,1,1,-1,-1,-1,1,1,1,-1,-1,-1,1,1,1,1,-1,-1,-1,1,1,1,1,-1,-1,1,1,-1,1,1,-1,-1,1,1,1,1,1,-1,-1,1,1,-1,1,1,-1,-1,1,1,1,1,1,1,-1,1,1,1,-1,1,1,-1,1,1,1,1,1,1,-1,-1,1,1,1,1,1,-1,1,1,1,1,1,1,-1,-1,-1,1,1,1,1,-1,1,1,1,1,-1,1,-1,1,-1,1,1,1,-1,-1,1,1,1,1,1,-1,1,-1,-1,1,1,1,-1,1,1,1,1,-1,1,1,1,1,-1,1,-1,1,-1,1,1,-1,1,-1,1,1,-1,1,-1,1,-1,1,-1,1,1,-1,1,-1,1,1,1,1,-1,-1,1,1,-1,-1,1,-1,1,-1,1,1,-1,1,-1,1,-1,1,-1,-1,1,-1,-1,1,-1,1,-1,1,-1,1,1,1,-1,1,1,-1,1,-1,1,-1,1,-1,1,-1,1,1,-1,1,-1,-1,-1,-1,1,-1,1,-1,-1,-1,1,1,-1,-1,1,1,-1,1,1,1,-1,1,1,-1,1,1,1,1,-1,1,-1,1,1,-1,1,-1,1,-1,1,-1,1,1,1,1,-1,-1,1,-1,-1,-1,1,1,-1,1,1,1,-1,1,1,1,1,1,1,1,1,-1,1,1,1,-1,-1,1,-1,1,1,1,-1,1,1,-1,-1,1,1,1,-1,1,-1,1,1,1,-1,1,1,-1,1,1,1,-1,1,1,-1,1,1,1,-1,1,1,1,-1,1,1,-1,1,1,-1,1,-1,1,-1,1,1,1,-1,1,1,1,1,1,1,-1,1,1,-1,1,1,1,-1,-1,-1,-1,1,1,1,-1,1,1,-1,1,1,-1,-1,1,1,1,1,1,-1,1,1,1,-1,1,1,1,-1,-1,1,1,1,-1,1,-1,1,1,1,1,1,1,-1,-1,-1,1,-1,-1,1,1,-1,1,1,1,1,1,1,1,-1,1,-1,-1,1,-1,1,-1,1,1,-1,1,1,1,-1,-1,1,-1,1,1,1,-1,1,1,1,-1,1,1,-1,-1,1,-1,1,1,1,-1,1,1,1,1,1,1,-1,1,-1,-1,1,1,-1,-1,1,-1,1,1,1,-1,-1,1,-1,1,1,1,-1,-1,1,1,-1,1,1,-1,-1,1,-1,1,1,1,1,-1,1,1,-1,1,1,1,-1,-1,-1,-1,1,1,-1,-1,1,-1,-1,1,-1,1,-1,-1,1,-1,1,-1,1,-1,-1,1,-1,-1,1,1,1,-1,1,-1,1,-1,1,-1,1,-1,-1,-1,1,-1,-1,1,1,1,-1,1,-1,1,1,1,-1,1,1,-1,-1,-1,1,-1,-1,1,-1,-1,1,1,1,-1,1,-1,-1,1,1,-1,-1,1,-1,-1,1,1,-1,-1,1,-1,-1,-1,1,1,-1,1,1,-1,-1,1,-1,-1,1,-1,1,-1,1,1,-1,-1,1,-1,-1,-1,-1,-1,1,1,1,-1,-1,1,-1,-1,1,-1,-1,1,-1,-1,1,1,-1,-1,1,1,-1,1,1,-1,1,-1,1,-1,-1,1,1,-1,-1,-1,-1,1,1,-1,-1,1,-1,-1,-1,1,1,-1,-1,-1,-1,-1,1,-1,-1,-1,-1,-1,1,1,1,-1,-1,-1,-1,-1,1,1,-1,-1,-1,-1,-1,1,1,1,-1,-1,-1,-1,1,1,-1,-1,-1,-1,1,-1,1,1,-1,-1,1,1,-1,1,1,-1,-1,-1,1,1,1,-1,1,-1,1,1,1,1,-1,1,-1,-1,1,-1,1,-1,1,-1,-1,1,-1,1,-1,-1,-1,-1,1,-1,1,-1,1,-1,-1,1,-1,1,-1,1,-1,1,-1,-1,1,-1,-1,-1,-1,1,-1,-1,-1,-1,-1,-1,1,-1,1,-1,-1,-1,-1,1,1,-1,1,-1,-1,-1,1,-1,-1,1,-1,-1,-1,-1,1,1,1,-1,-1,-1,-1,-1,1,-1,-1,-1,1,-1,-1,1,-1,1,-1,-1,-1,-1,-1,-1,-1,1,-1,-1,-1,1,1,1,-1,-1,-1,1,-1,-1,-1,-1,1,-1,-1,1,1,1,-1,-1,-1,-1,1,-1,1,1,-1,1,-1,-1,1,1,-1,-1,-1,-1,-1,-1,1,1,-1,-1,1,-1,1,1,1,-1,-1,1,-1,-1,1,-1,-1,1,-1,-1,1,1,1,-1,1,-1,1,1,1,-1,-1,1,-1,-1,1,1,1,-1,1,-1,-1,1,1,-1,1,1,-1,-1,1,1,1,1,1,-1,-1,1,1,-1,1,1,-1,-1,1,1,1,1,-1,1,-1,-1,1,1,-1,1,-1,-1,1,-1,1,1,1,1,-1,-1,1,-1,1,1,1,-1,1,1,1,1,-1,1,-1,1,1,1,1,1,1,1,-1,1,1,1,1,-1,1,-1,1,1,1,1,1,-1,1,1,1,1,-1,1,1,-1,1,1,-1,1,1,-1,-1,1,1,1,1,-1,1,-1,1,1,1,-1,-1,1,-1,1,1,1,-1,1,-1,-1,-1,1,1,-1,-1,1,-1,-1,1,1,1,-1,1,-1,-1,1,1,1,-1,1,-1,-1,1,1,-1,-1,-1,1,-1,-1,1,-1,1,1,-1,1,1,-1,-1,1,-1,-1,-1,1,1,-1,1,1,-1,1,1,-1,-1,1,-1,1,-1,-1,-1,-1,1,-1,-1,1,1,-1,1,1,-1,1,1,1,1,-1,1,-1,1,1,1,1,-1,1,-1,-1,1,1,1,-1,1,-1,1,1,1,1,-1,1,-1,1,1,-1,-1,-1,1,-1,-1,1,1,-1,-1,-1,1,-1,1,-1,1,-1,1,-1,-1,1,-2666.0,1,2000,445,500,False
1970,1,1,-1,-1,1,1,-1,-1,1,1,1,-1,-1,1,-1,1,-1,1,-1,-1,-1,1,1,1,1,-1,-1,-1,1,1,1,1,1,-1,-1,-1,1,1,1,1,-1,-1,-1,1,1,1,1,-1,1,1,1,1,-1,1,-1,-1,1,-1,1,1,1,-1,-1,1,1,1,1,1,-1,-1,1,1,1,1,1,-1,-1,-1,1,1,1,-1,-1,-1,1,1,1,1,-1,-1,1,1,1,1,1,-1,-1,-1,1,-1,1,1,-1,-1,1,1,1,1,1,-1,-1,-1,1,1,1,1,-1,-1,1,1,1,1,1,1,-1,-1,1,1,-1,1,1,-1,1,1,1,1,1,1,-1,1,1,1,-1,1,1,-1,1,1,1,1,1,1,-1,-1,-1,1,1,1,1,-1,1,-1,1,1,-1,1,-1,1,-1,1,1,1,-1,-1,1,1,1,1,1,-1,1,-1,-1,1,1,1,-1,1,1,1,1,-1,1,1,1,1,-1,1,-1,1,-1,1,1,-1,1,-1,1,1,-1,1,-1,1,-1,1,-1,1,1,-1,-1,-1,1,1,1,1,-1,-1,1,1,-1,-1,1,-1,1,1,-1,1,-1,1,-1,1,-1,1,-1,1,1,-1,-1,1,1,1,-1,1,-1,1,1,1,-1,1,-1,-1,1,-1,1,-1,1,1,1,-1,1,1,-1,1,-1,-1,-1,1,1,-1,1,-1,-1,-1,-1,1,-1,-1,1,1,-1,-1,1,1,-1,1,1,-1,1,1,1,-1,-1,1,-1,1,1,-1,1,-1,1,1,-1,1,1,-1,-1,1,-1,-1,1,-1,1,-1,1,1,-1,1,1,1,-1,1,-1,-1,1,1,-1,-1,1,-1,1,1,1,1,-1,1,-1,-1,1,1,-1,1,1,-1,1,-1,1,-1,-1,1,-1,1,1,1,1,1,1,-1,1,1,1,1,1,-1,-1,1,1,1,1,1,-1,-1,1,1,1,1,1,-1,-1,-1,-1,1,-1,1,1,-1,1,1,1,1,1,1,-1,-1,-1,1,1,-1,-1,-1,1,-1,-1,-1,1,1,-1,1,-1,1,-1,1,-1,1,-1,1,1,1,1,-1,1,-1,1,1,-1,1,-1,-1,-1,-1,1,1,1,1,-1,-1,1,-1,1,1,-1,-1,1,-1,-1,1,-1,1,-1,1,-1,1,1,1,-1,-1,1,1,-1,1,-1,1,-1,-1,1,-1,1,-1,-1,-1,-1,1,-1,-1,1,1,-1,-1,1,-1,1,1,-1,1,-1,1,-1,1,-1,1,-1,1,1,-1,-1,-1,-1,-1,1,1,-1,1,-1,1,-1,1,-1,1,-1,1,1,-1,1,-1,-1,-1,-1,-1,-1,1,-1,1,-1,-1,1,-1,1,-1,-1,1,-1,-1,1,-1,1,-1,-1,-1,1,-1,1,1,-1,-1,1,1,-1,1,-1,-1,1,-1,1,1,-1,1,-1,-1,-1,1,-1,-1,1,-1,-1,-1,1,1,1,1,1,-1,1,1,1,-1,-1,-1,1,-1,-1,-1,1,-1,1,1,-1,-1,1,1,-1,1,-1,-1,-1,1,1,-1,1,1,-1,-1,-1,1,-1,1,1,-1,-1,-1,1,-1,-1,-1,-1,1,-1,1,-1,-1,-1,-1,-1,-1,1,-1,1,1,1,1,-1,1,-1,1,1,-1,1,-1,1,-1,-1,1,-1,1,-1,-1,1,1,1,1,-1,-1,1,1,1,1,-1,1,-1,-1,1,1,1,-1,-1,-1,1,1,1,1,-1,-1,-1,1,-1,1,-1,1,-1,-1,-1,1,1,1,-1,-1,-1,-1,1,1,1,1,-1,-1,-1,1,1,1,1,-1,-1,-1,1,-1,1,-1,-1,-1,-1,1,1,1,1,-1,1,-1,1,-1,1,1,-1,-1,-1,1,1,-1,1,-1,-1,-1,1,1,1,1,-1,-1,1,-1,1,-1,1,-1,1,1,-1,1,1,-1,-1,-1,1,1,-1,1,1,-1,1,1,1,-1,1,1,-1,-1,1,-1,1,-1,1,-1,1,-1,1,-1,1,-1,-1,-1,-1,1,-1,1,-1,-1,-1,1,1,-1,-1,1,-1,1,-1,-1,-1,-1,-1,-1,-1,1,1,1,-1,-1,-1,-1,1,-1,1,-1,-1,-1,-1,-1,-1,-1,1,-1,-1,-1,1,-1,-1,1,-1,-1,-1,-1,-1,1,1,-1,-1,-1,-1,-1,1,-1,-1,-1,1,-1,-1,1,-1,1,-1,-1,-1,-1,-1,-1,-1,1,-1,-1,-1,1,1,-1,-1,-1,1,-1,1,-1,-1,-1,1,-1,-1,1,-1,1,-1,-1,-1,-1,1,-1,1,1,-1,1,-1,-1,1,1,-1,-1,-1,-1,-1,-1,1,1,-1,-1,1,-1,1,1,-1,-1,-1,1,-1,-1,1,-1,-1,1,-1,-1,1,1,1,-1,1,-1,1,1,1,-1,-1,1,-1,-1,1,1,1,-1,1,-1,-1,1,1,-1,1,1,-1,-1,1,1,1,1,1,-1,-1,1,1,1,1,1,-1,-1,1,1,1,1,1,1,-1,1,1,1,1,1,-1,-1,1,-1,1,1,1,1,-1,-1,1,-1,1,1,1,-1,1,1,1,1,-1,1,-1,1,1,1,1,1,1,-1,-1,1,1,1,1,-1,1,-1,1,1,1,1,-1,1,-1,1,1,1,-1,-1,1,-1,1,1,-1,1,-1,-1,1,-1,1,1,-1,1,-1,-1,1,1,1,-1,-1,-1,1,1,1,1,-1,-1,-1,-1,-1,1,1,-1,1,-1,-1,1,1,1,1,-1,1,-1,1,1,1,1,1,1,-1,1,1,1,-1,-1,1,1,1,1,1,-1,1,-1,-1,1,1,-1,-1,1,-1,-1,1,1,1,-1,1,1,1,1,1,-1,-1,1,-1,-1,1,-1,-1,-1,1,-1,1,-1,1,-1,1,1,-1,1,1,1,1,-1,1,-1,1,1,1,-1,-1,1,-1,1,1,1,-1,1,1,-1,1,1,1,-1,-1,1,-1,1,1,1,1,-1,1,-1,-1,1,1,1,-1,1,1,-1,1,-1,1,-1,1,-1,-1,1,-2666.0,1,2000,445,500,False
1971,1,1,-1,-1,1,1,-1,-1,1,1,1,-1,1,1,1,1,-1,1,-1,-1,-1,-1,1,1,1,-1,-1,-1,1,1,1,1,-1,-1,-1,-1,1,-1,1,1,-1,-1,-1,1,1,1,1,-1,1,1,1,1,-1,1,-1,-1,1,-1,1,1,1,-1,-1,-1,1,1,1,1,-1,-1,-1,1,1,1,1,-1,-1,-1,1,1,1,-1,-1,-1,1,1,1,1,-1,-1,-1,1,1,1,1,-1,-1,1,1,-1,1,1,-1,-1,1,1,1,1,1,-1,-1,-1,1,-1,1,1,-1,-1,1,1,1,1,1,1,-1,-1,1,1,-1,1,1,-1,1,1,1,1,1,1,-1,1,1,1,1,1,1,-1,1,1,1,1,1,1,-1,-1,-1,1,1,1,1,-1,1,1,1,1,-1,1,-1,1,-1,1,1,1,-1,-1,1,1,1,1,1,-1,1,-1,-1,1,1,1,-1,1,1,1,1,-1,1,1,1,1,-1,1,-1,1,-1,1,1,-1,1,-1,1,1,-1,1,-1,1,-1,1,-1,1,1,-1,1,-1,1,1,1,1,-1,-1,1,1,-1,-1,1,-1,1,-1,1,1,1,1,-1,1,-1,1,-1,1,1,-1,1,-1,1,1,-1,1,-1,1,1,1,-1,1,-1,-1,1,-1,1,-1,1,1,1,-1,1,1,-1,1,-1,-1,-1,-1,1,-1,1,-1,-1,-1,-1,1,-1,-1,1,1,-1,1,1,1,-1,1,1,-1,1,1,1,1,-1,1,-1,1,1,-1,1,-1,1,-1,1,-1,1,-1,-1,1,-1,-1,1,-1,-1,-1,1,1,-1,1,1,1,-1,1,1,1,1,1,1,-1,1,-1,1,1,1,1,-1,1,-1,1,1,1,-1,1,1,-1,-1,1,1,1,-1,1,-1,1,1,1,-1,1,1,-1,1,1,1,-1,1,1,-1,1,1,1,1,1,1,-1,-1,1,1,-1,1,1,-1,1,-1,1,-1,1,1,1,-1,1,1,1,1,1,1,-1,1,1,-1,1,1,1,-1,-1,-1,-1,1,1,1,-1,1,1,-1,1,1,-1,-1,1,1,1,1,1,-1,1,1,1,-1,1,1,1,-1,-1,1,1,1,-1,1,-1,1,1,1,1,1,1,-1,-1,-1,1,-1,-1,1,1,-1,1,1,1,1,1,1,1,-1,1,-1,-1,1,-1,1,-1,1,1,-1,1,1,1,-1,-1,1,-1,1,1,1,-1,1,1,1,-1,1,1,-1,-1,1,-1,1,1,1,-1,1,1,1,1,1,1,-1,1,-1,1,1,1,-1,-1,1,-1,1,1,1,-1,-1,1,-1,1,1,1,-1,-1,1,-1,-1,1,1,-1,-1,1,-1,1,1,1,1,-1,1,1,-1,1,1,1,-1,-1,-1,1,1,1,-1,-1,1,-1,-1,1,-1,1,-1,-1,1,-1,1,-1,1,-1,-1,1,-1,-1,1,1,1,-1,1,-1,1,-1,1,1,1,-1,-1,-1,1,-1,-1,1,1,1,-1,1,-1,1,1,1,-1,1,1,-1,-1,-1,1,-1,-1,1,-1,-1,1,1,1,-1,1,-1,-1,1,1,-1,-1,1,-1,-1,1,1,-1,-1,1,-1,-1,-1,1,1,-1,1,1,-1,-1,1,-1,-1,1,-1,1,-1,1,1,-1,-1,1,-1,-1,-1,-1,-1,1,1,1,-1,-1,1,-1,-1,1,-1,-1,1,-1,-1,-1,1,-1,-1,1,1,-1,1,1,-1,1,-1,1,-1,-1,1,1,-1,-1,-1,-1,-1,1,-1,-1,1,-1,-1,-1,1,1,-1,-1,-1,-1,-1,1,-1,-1,-1,-1,-1,1,1,1,-1,-1,-1,-1,-1,1,1,-1,-1,-1,-1,-1,1,1,1,-1,-1,-1,-1,1,1,-1,-1,-1,-1,1,-1,1,1,-1,-1,1,1,-1,1,1,-1,-1,-1,1,1,1,-1,1,-1,1,1,1,1,-1,1,-1,-1,1,-1,1,-1,1,-1,-1,1,-1,1,-1,-1,-1,-1,1,-1,1,-1,1,1,-1,1,-1,1,-1,1,1,1,-1,-1,1,-1,-1,-1,-1,1,-1,-1,-1,-1,-1,-1,1,-1,1,-1,-1,-1,-1,1,1,-1,1,-1,-1,-1,1,1,-1,1,-1,-1,-1,-1,-1,-1,1,-1,-1,-1,-1,-1,1,-1,-1,-1,1,-1,-1,1,-1,1,-1,-1,-1,-1,-1,-1,-1,1,-1,-1,-1,1,1,-1,-1,-1,-1,1,-1,-1,-1,-1,1,-1,-1,1,1,1,-1,-1,-1,-1,1,-1,1,1,-1,1,-1,-1,1,1,-1,-1,-1,-1,-1,-1,1,1,-1,-1,1,-1,1,1,-1,-1,-1,1,-1,-1,1,-1,-1,1,-1,-1,1,1,1,-1,1,-1,1,1,1,-1,-1,1,-1,-1,1,1,1,-1,1,-1,-1,1,1,-1,1,1,-1,-1,1,1,1,1,1,-1,-1,1,1,-1,1,1,-1,-1,1,1,1,1,-1,1,-1,-1,1,1,-1,1,-1,-1,1,-1,1,1,1,1,-1,-1,1,-1,1,-1,1,-1,1,1,1,1,-1,1,-1,1,1,1,1,1,1,1,-1,1,1,1,1,-1,1,-1,1,1,1,1,1,-1,1,1,1,1,-1,-1,1,-1,1,1,-1,1,1,-1,-1,1,1,1,-1,1,1,-1,1,1,1,-1,-1,1,-1,1,1,1,-1,1,-1,-1,-1,1,1,-1,-1,1,-1,-1,1,1,-1,-1,1,-1,-1,1,1,1,1,-1,-1,-1,1,1,-1,-1,1,1,-1,1,1,-1,1,1,-1,1,1,-1,-1,1,-1,-1,-1,1,1,-1,1,1,-1,1,1,-1,-1,1,-1,1,-1,-1,-1,-1,1,-1,-1,1,1,-1,1,1,-1,1,1,1,1,-1,1,-1,1,1,1,-1,-1,1,-1,-1,1,1,-1,1,1,-1,1,1,1,-1,-1,1,-1,1,1,1,1,-1,1,-1,-1,1,1,-1,-1,1,1,-1,1,-1,1,-1,1,-1,-1,1,-2666.0,1,2000,445,500,False
1972,1,1,-1,-1,1,1,-1,-1,1,1,1,-1,-1,1,1,1,-1,1,-1,-1,1,1,1,1,1,-1,1,-1,1,1,1,1,1,1,-1,-1,1,-1,1,1,-1,-1,1,1,1,1,1,-1,1,1,1,1,-1,1,-1,-1,1,-1,1,1,-1,-1,1,1,1,1,1,1,-1,-1,1,1,1,1,1,-1,1,-1,1,1,1,-1,-1,1,1,1,1,1,-1,-1,-1,1,1,1,1,-1,1,1,1,-1,1,1,-1,-1,1,1,1,1,1,-1,-1,1,1,-1,1,1,-1,-1,1,1,1,1,1,1,-1,1,1,1,-1,1,1,-1,1,1,1,1,1,1,-1,1,1,1,1,1,1,-1,-1,1,1,1,1,1,-1,1,-1,1,1,1,1,-1,1,-1,1,1,-1,1,-1,1,-1,1,1,1,-1,-1,1,1,1,1,1,-1,1,-1,-1,1,-1,1,-1,1,1,1,1,1,1,1,1,1,-1,1,-1,1,-1,1,1,-1,1,-1,1,1,-1,1,-1,1,-1,1,-1,1,1,-1,-1,-1,1,1,1,1,-1,-1,1,1,-1,-1,1,-1,1,-1,-1,1,-1,1,-1,1,-1,1,-1,1,1,-1,-1,-1,1,1,-1,1,-1,1,1,1,-1,1,-1,-1,1,-1,1,-1,1,1,1,-1,1,1,-1,1,-1,-1,-1,1,1,-1,1,-1,-1,-1,1,1,-1,-1,1,1,-1,-1,1,1,-1,1,1,-1,1,1,1,1,-1,1,-1,1,1,-1,1,-1,1,1,-1,1,1,1,1,1,-1,-1,1,-1,-1,1,1,1,-1,1,1,1,-1,1,-1,-1,1,1,1,1,1,-1,1,1,1,-1,1,1,-1,1,1,1,-1,1,1,-1,-1,1,1,1,-1,1,-1,1,1,1,-1,1,1,-1,1,1,1,-1,1,-1,-1,1,1,1,-1,1,-1,-1,-1,1,1,-1,1,-1,-1,1,-1,1,-1,1,1,-1,-1,1,1,1,-1,1,-1,-1,1,1,-1,1,-1,1,-1,-1,-1,-1,1,1,-1,-1,1,1,-1,1,1,-1,-1,1,1,1,1,1,-1,1,1,1,-1,1,-1,-1,-1,-1,1,1,1,1,-1,-1,1,1,1,1,-1,-1,-1,-1,-1,1,-1,-1,-1,1,-1,1,1,1,1,-1,1,1,-1,1,-1,1,-1,-1,1,-1,1,1,1,-1,-1,1,-1,-1,1,1,-1,-1,1,-1,1,1,1,1,-1,1,-1,-1,1,1,-1,-1,1,-1,1,1,1,-1,1,1,-1,1,-1,1,-1,1,-1,-1,1,-1,1,-1,1,-1,-1,1,-1,-1,-1,1,-1,-1,1,-1,1,-1,1,-1,-1,1,-1,-1,1,-1,1,-1,1,1,1,-1,1,1,-1,-1,-1,1,-1,1,-1,-1,1,-1,-1,1,1,1,-1,-1,1,1,-1,1,1,-1,-1,1,1,1,-1,1,1,-1,1,1,1,1,1,-1,1,-1,-1,-1,1,-1,-1,-1,1,-1,1,1,-1,1,-1,-1,-1,1,1,-1,1,1,-1,1,-1,1,-1,1,-1,-1,-1,-1,1,-1,-1,1,1,1,-1,1,-1,-1,-1,-1,-1,-1,1,-1,1,1,1,1,-1,1,-1,-1,1,-1,-1,-1,1,-1,-1,-1,-1,1,-1,-1,1,1,-1,1,-1,-1,1,1,1,1,-1,1,-1,-1,1,1,1,-1,-1,-1,1,1,1,1,-1,1,-1,1,-1,1,-1,1,1,-1,-1,1,1,1,-1,-1,-1,1,1,1,1,1,-1,-1,-1,1,1,1,1,-1,-1,-1,1,1,1,-1,-1,-1,-1,1,1,1,1,-1,-1,1,1,1,1,1,-1,-1,-1,1,1,-1,1,-1,-1,-1,1,1,1,1,-1,-1,1,1,1,1,-1,-1,1,1,-1,1,1,-1,-1,-1,1,1,1,1,1,-1,1,1,1,1,1,-1,-1,-1,1,-1,1,-1,-1,-1,-1,1,-1,1,1,1,-1,-1,1,-1,1,1,-1,1,-1,1,1,1,1,-1,1,-1,1,-1,1,-1,-1,-1,-1,1,1,-1,-1,-1,-1,-1,1,-1,1,-1,-1,-1,-1,-1,-1,-1,1,-1,-1,-1,1,-1,-1,1,-1,-1,-1,-1,-1,1,1,-1,-1,-1,-1,-1,1,-1,-1,-1,1,-1,-1,1,-1,1,-1,-1,-1,-1,-1,-1,-1,1,-1,-1,-1,1,1,-1,-1,-1,1,-1,-1,-1,-1,-1,1,-1,-1,1,-1,1,-1,-1,-1,-1,1,-1,1,1,-1,1,-1,-1,1,1,-1,-1,-1,-1,-1,-1,1,1,-1,-1,1,-1,1,1,-1,-1,-1,1,-1,1,1,-1,-1,1,-1,-1,1,1,1,-1,1,-1,1,1,1,-1,-1,1,-1,-1,1,1,1,-1,1,-1,-1,1,1,-1,1,1,-1,-1,1,1,1,1,1,-1,-1,1,1,1,1,1,-1,-1,1,1,1,1,1,1,-1,-1,1,1,1,1,-1,-1,1,-1,1,1,1,1,-1,-1,1,-1,1,1,1,-1,1,1,1,1,-1,1,-1,1,1,1,1,1,1,1,-1,1,1,1,1,-1,1,-1,1,1,1,1,1,-1,1,1,1,1,-1,1,1,-1,1,1,-1,1,1,-1,-1,1,1,1,1,-1,1,-1,1,1,1,-1,-1,1,-1,1,-1,1,-1,1,-1,-1,-1,1,1,-1,-1,1,-1,-1,1,-1,1,-1,1,-1,-1,-1,1,1,-1,1,-1,-1,1,1,-1,-1,-1,1,-1,1,-1,-1,1,1,-1,1,1,-1,-1,1,-1,-1,-1,-1,1,-1,1,1,-1,1,-1,1,-1,-1,-1,1,-1,-1,-1,-1,-1,-1,-1,1,1,-1,1,1,-1,1,1,-1,-1,-1,1,-1,1,1,1,1,-1,1,-1,-1,1,1,-1,1,1,-1,1,1,1,-1,-1,1,-1,1,1,-1,-1,-1,1,-1,-1,1,1,-1,-1,1,1,-1,1,-1,1,-1,1,-1,-1,1,-2666.0,1,2000,445,500,False
1973,1,1,-1,-1,1,1,-1,-1,1,1,1,-1,-1,1,1,1,-1,1,1,-1,1,-1,1,1,1,1,-1,-1,1,1,1,1,-1,-1,-1,-1,1,1,1,1,-1,-1,-1,1,1,1,1,-1,1,1,1,1,-1,1,-1,-1,1,-1,1,1,1,-1,-1,-1,1,1,1,1,-1,-1,-1,1,1,1,1,-1,-1,-1,1,1,1,-1,-1,-1,1,1,1,1,-1,-1,-1,1,1,1,1,-1,-1,1,1,-1,1,1,-1,-1,1,1,1,1,1,-1,-1,1,1,1,1,1,-1,-1,1,1,1,1,1,1,-1,1,1,1,-1,1,1,-1,1,1,1,1,1,1,-1,-1,1,1,1,1,1,-1,1,1,1,1,1,1,-1,-1,-1,1,1,1,1,-1,1,1,1,1,-1,1,-1,1,-1,1,1,1,-1,-1,1,1,1,1,1,-1,1,-1,-1,1,1,1,-1,1,1,1,1,-1,1,1,1,1,-1,1,-1,1,-1,1,1,-1,1,-1,1,1,-1,1,-1,1,-1,1,-1,1,1,-1,1,-1,1,1,1,1,-1,-1,1,1,-1,-1,1,-1,1,-1,1,1,-1,1,-1,1,-1,1,-1,1,1,-1,-1,-1,1,1,-1,1,-1,1,1,1,-1,1,1,-1,-1,-1,1,-1,1,-1,1,-1,1,1,-1,1,-1,-1,-1,-1,1,-1,1,-1,-1,-1,-1,1,-1,-1,1,1,-1,1,1,1,-1,1,1,-1,1,1,1,1,-1,1,-1,1,1,-1,1,-1,1,1,1,-1,1,1,1,1,-1,-1,1,-1,-1,1,1,1,-1,1,1,1,-1,1,1,1,1,1,1,-1,1,-1,1,1,1,-1,-1,1,-1,1,1,1,-1,1,1,-1,-1,1,1,1,-1,1,-1,1,1,1,-1,1,1,-1,1,1,1,-1,1,1,-1,1,1,1,-1,1,1,1,-1,1,1,-1,1,1,-1,1,-1,1,-1,1,1,1,-1,1,1,1,-1,1,1,-1,1,1,-1,1,1,1,-1,-1,-1,-1,1,1,1,-1,1,1,-1,1,1,-1,-1,1,1,1,1,1,-1,1,1,1,-1,1,1,1,1,-1,1,1,1,-1,1,-1,1,1,1,1,1,1,-1,-1,-1,1,-1,-1,1,-1,1,-1,1,-1,1,1,1,-1,-1,1,-1,-1,1,-1,1,-1,1,1,-1,1,1,1,-1,-1,1,-1,1,1,-1,-1,1,1,1,-1,1,-1,-1,-1,1,-1,1,1,-1,-1,1,1,1,1,-1,1,-1,1,-1,-1,1,-1,-1,1,1,-1,1,1,-1,-1,-1,1,-1,1,1,1,-1,-1,1,1,-1,1,-1,-1,-1,1,-1,1,1,1,-1,-1,1,-1,-1,1,-1,-1,-1,1,-1,-1,1,-1,-1,-1,1,-1,-1,1,-1,-1,-1,-1,1,-1,1,-1,-1,-1,1,1,-1,-1,1,1,1,-1,1,-1,1,-1,1,1,1,-1,-1,-1,1,-1,-1,1,1,1,-1,1,-1,1,1,1,-1,1,1,-1,1,-1,1,-1,-1,1,-1,-1,1,1,1,-1,1,-1,-1,1,1,-1,-1,1,-1,-1,1,1,-1,-1,1,-1,-1,-1,1,1,-1,1,-1,-1,-1,1,-1,-1,1,-1,1,-1,1,1,-1,-1,1,-1,-1,-1,-1,-1,1,1,1,-1,-1,1,-1,-1,1,-1,-1,1,-1,-1,1,1,-1,-1,1,-1,-1,1,1,-1,1,-1,-1,-1,-1,1,1,-1,-1,-1,-1,1,1,-1,-1,1,-1,-1,-1,1,1,-1,-1,-1,-1,-1,1,-1,-1,-1,-1,-1,1,1,1,-1,-1,-1,-1,-1,1,1,-1,-1,-1,-1,-1,1,1,1,-1,-1,-1,-1,1,1,-1,-1,-1,-1,1,-1,1,1,1,-1,1,1,-1,1,1,1,-1,-1,1,1,1,-1,-1,-1,1,1,1,1,-1,1,-1,-1,1,-1,1,-1,1,-1,-1,1,-1,1,-1,1,-1,-1,1,-1,1,-1,1,-1,-1,1,-1,1,1,1,-1,1,-1,-1,1,1,1,-1,-1,1,-1,-1,1,1,-1,-1,1,-1,1,-1,1,-1,-1,1,1,-1,1,1,-1,-1,1,1,-1,1,1,-1,-1,-1,-1,1,-1,1,-1,-1,-1,-1,-1,1,-1,-1,1,-1,-1,1,-1,1,-1,-1,-1,-1,-1,1,1,1,-1,-1,-1,1,1,1,-1,-1,-1,1,-1,-1,1,-1,1,-1,-1,1,1,1,-1,-1,-1,-1,1,-1,1,1,-1,1,-1,-1,1,1,-1,-1,-1,-1,-1,-1,1,1,-1,-1,1,-1,1,1,-1,-1,-1,1,-1,1,1,-1,-1,1,-1,-1,1,1,1,-1,1,-1,1,1,1,-1,-1,1,-1,-1,1,-1,1,-1,1,-1,-1,1,1,-1,1,1,-1,-1,1,1,-1,1,1,-1,-1,1,1,-1,1,1,-1,-1,1,1,1,1,1,1,-1,-1,1,-1,1,1,-1,-1,1,-1,1,1,1,1,-1,-1,1,-1,1,1,1,-1,1,-1,1,1,-1,1,-1,1,1,1,1,1,1,1,-1,-1,1,1,1,-1,1,-1,1,1,1,1,1,-1,1,-1,1,1,-1,1,1,-1,1,1,-1,1,1,-1,-1,1,1,1,1,-1,1,-1,-1,1,1,-1,-1,1,-1,1,1,1,-1,1,-1,-1,-1,1,1,-1,-1,1,-1,-1,1,1,1,-1,1,-1,-1,1,1,1,-1,1,-1,-1,1,1,-1,-1,-1,1,-1,1,1,-1,1,1,-1,1,1,-1,-1,1,1,-1,-1,1,1,-1,1,1,-1,1,1,-1,-1,1,-1,1,-1,-1,-1,-1,1,-1,-1,1,1,-1,1,1,-1,1,1,1,1,-1,1,-1,1,1,1,1,-1,1,-1,-1,1,1,1,-1,1,-1,1,1,1,1,-1,1,-1,1,1,-1,-1,-1,1,-1,-1,1,1,-1,-1,-1,1,-1,1,-1,1,-1,1,-1,-1,1,-2666.0,1,2000,445,500,False
1974,1,1,-1,-1,1,1,-1,-1,1,1,1,-1,-1,1,1,1,-1,1,-1,-1,1,-1,1,1,1,-1,-1,-1,1,1,1,1,1,-1,-1,-1,1,1,1,1,-1,-1,-1,1,1,1,1,-1,1,1,1,1,-1,1,-1,-1,1,-1,1,1,1,-1,-1,-1,1,1,1,1,-1,-1,-1,1,1,1,1,-1,-1,-1,1,1,1,-1,-1,-1,1,1,1,1,-1,-1,-1,1,1,1,1,-1,-1,1,1,-1,1,1,-1,-1,1,1,1,1,1,-1,-1,1,1,1,1,1,-1,-1,1,1,1,1,1,1,-1,1,1,1,-1,1,1,-1,1,1,1,1,1,1,-1,-1,1,1,1,1,1,-1,1,1,1,1,1,1,-1,-1,-1,1,1,1,1,-1,1,1,1,1,-1,1,-1,1,-1,1,1,1,-1,-1,1,1,1,1,1,-1,1,-1,-1,1,1,1,-1,1,1,1,1,-1,1,1,1,1,1,1,-1,1,-1,1,1,-1,1,-1,1,1,-1,1,-1,1,-1,1,-1,1,1,-1,1,-1,1,1,1,1,-1,-1,1,1,-1,-1,1,-1,1,-1,1,1,-1,1,-1,1,-1,1,-1,-1,1,-1,1,-1,1,1,-1,1,-1,1,1,1,-1,1,1,-1,1,-1,1,-1,1,-1,1,-1,1,1,-1,1,-1,-1,-1,-1,1,-1,1,-1,-1,-1,-1,1,-1,-1,1,1,-1,1,1,1,-1,1,1,-1,1,1,1,1,-1,1,-1,1,1,-1,1,-1,1,1,1,-1,1,1,1,1,-1,-1,1,-1,-1,-1,1,1,-1,1,1,1,-1,1,1,1,1,1,1,1,1,-1,1,1,1,-1,-1,1,-1,1,1,1,-1,1,1,-1,-1,1,1,1,-1,1,-1,1,1,1,-1,1,1,-1,1,1,1,-1,1,1,-1,1,1,1,-1,1,1,1,-1,1,1,-1,1,1,-1,1,-1,1,-1,1,1,1,-1,1,1,1,-1,1,1,-1,1,1,-1,1,1,1,-1,-1,-1,-1,1,1,1,-1,1,1,-1,1,1,-1,-1,1,1,1,1,1,-1,1,1,1,-1,1,1,1,-1,-1,1,1,1,-1,1,-1,1,1,1,1,1,1,-1,-1,-1,1,-1,-1,1,1,-1,1,1,-1,1,1,1,1,-1,1,-1,-1,1,-1,1,-1,1,1,-1,1,1,1,-1,-1,1,-1,1,1,1,-1,1,1,1,-1,1,1,-1,-1,1,-1,1,1,1,-1,1,1,1,1,1,1,-1,1,-1,1,1,1,-1,-1,1,-1,-1,1,1,-1,-1,1,-1,1,1,1,-1,-1,1,-1,-1,1,1,-1,-1,1,-1,1,1,1,1,-1,1,-1,-1,-1,1,1,-1,-1,-1,1,-1,1,-1,-1,1,-1,-1,1,-1,1,-1,-1,1,-1,1,-1,1,1,-1,1,-1,-1,1,1,1,-1,1,-1,1,-1,1,-1,1,-1,-1,-1,1,-1,-1,1,1,1,-1,1,-1,1,1,1,-1,1,1,-1,-1,-1,1,-1,-1,1,-1,-1,1,1,1,-1,1,-1,-1,1,1,-1,-1,1,-1,-1,1,1,-1,-1,1,-1,-1,-1,1,1,-1,1,1,-1,-1,1,-1,-1,1,-1,1,-1,1,1,-1,-1,1,-1,-1,-1,-1,-1,1,1,1,-1,1,1,-1,-1,1,-1,1,-1,-1,-1,-1,1,-1,-1,-1,-1,-1,1,1,-1,1,1,1,-1,-1,1,1,-1,-1,-1,-1,1,1,-1,-1,1,-1,-1,-1,1,1,-1,-1,-1,-1,-1,1,-1,-1,1,-1,-1,1,1,1,-1,1,-1,-1,-1,1,1,-1,-1,-1,-1,-1,1,1,1,-1,-1,-1,-1,1,1,-1,-1,-1,-1,1,-1,1,1,-1,-1,1,1,-1,1,1,-1,-1,-1,1,1,1,-1,1,-1,1,1,1,1,-1,1,-1,-1,1,-1,1,-1,1,-1,-1,1,-1,1,-1,-1,-1,-1,1,-1,1,-1,1,-1,-1,1,-1,1,-1,1,-1,1,-1,-1,1,-1,-1,-1,-1,1,-1,-1,-1,-1,-1,-1,1,-1,1,-1,-1,-1,-1,1,1,-1,1,-1,-1,-1,1,1,-1,1,-1,-1,-1,-1,-1,1,1,-1,-1,-1,-1,-1,1,-1,-1,-1,1,-1,-1,1,-1,1,-1,-1,-1,-1,-1,-1,-1,1,-1,-1,-1,1,1,1,-1,-1,-1,1,-1,-1,-1,-1,1,-1,-1,1,-1,1,-1,-1,-1,-1,1,-1,1,1,-1,1,-1,-1,1,1,-1,-1,-1,-1,-1,-1,1,1,-1,-1,1,-1,1,1,-1,-1,-1,1,-1,-1,1,-1,-1,1,-1,-1,1,1,1,-1,1,-1,1,1,1,-1,-1,1,-1,-1,1,1,1,-1,1,-1,-1,1,1,-1,1,1,-1,-1,1,1,-1,1,1,-1,-1,1,1,1,1,1,-1,-1,1,1,1,1,-1,1,-1,-1,1,1,-1,1,-1,-1,1,-1,1,1,1,1,-1,-1,1,-1,1,1,1,-1,1,1,1,1,-1,1,-1,1,1,1,1,1,1,1,-1,1,1,1,1,-1,1,-1,1,1,1,1,1,-1,1,1,1,1,-1,1,1,-1,1,1,-1,1,1,-1,-1,1,1,1,1,-1,1,-1,1,1,1,-1,-1,1,-1,1,1,1,-1,1,-1,-1,-1,1,1,-1,-1,1,-1,-1,1,1,-1,-1,1,-1,-1,1,1,1,-1,-1,-1,-1,1,1,-1,-1,-1,1,-1,1,1,-1,1,1,-1,1,1,-1,-1,1,1,-1,-1,1,1,-1,1,1,-1,1,1,-1,-1,-1,-1,1,-1,-1,-1,-1,1,-1,-1,1,1,-1,1,1,-1,1,1,1,1,-1,1,-1,1,1,1,1,-1,1,-1,-1,1,1,1,-1,1,-1,1,1,1,1,-1,1,-1,1,1,-1,-1,-1,1,-1,-1,1,1,-1,-1,-1,1,-1,1,-1,1,-1,1,-1,-1,1,-2666.0,1,2000,445,500,False
1975,1,1,-1,-1,1,1,-1,-1,1,1,1,-1,1,1,1,1,-1,1,-1,-1,-1,-1,1,1,1,-1,-1,-1,1,1,1,1,-1,-1,-1,-1,1,-1,1,1,-1,-1,-1,1,1,1,1,-1,1,1,1,1,-1,1,-1,-1,1,-1,1,1,1,-1,-1,-1,1,1,1,1,-1,-1,-1,1,1,1,1,-1,-1,-1,1,1,1,-1,-1,-1,1,1,1,1,-1,-1,1,1,1,1,1,-1,-1,-1,1,-1,1,1,-1,-1,1,1,1,1,1,-1,-1,-1,1,1,1,1,-1,-1,1,1,1,1,1,1,-1,-1,1,1,-1,1,1,-1,1,1,1,1,1,1,-1,1,1,1,1,1,1,-1,1,1,1,1,1,1,-1,-1,-1,1,1,1,1,-1,1,1,1,1,-1,1,-1,1,-1,1,1,1,-1,-1,1,1,1,1,1,-1,1,-1,-1,1,-1,1,-1,1,1,1,1,1,1,1,1,1,-1,1,-1,1,-1,1,1,-1,1,-1,1,1,-1,1,-1,1,-1,1,1,1,1,-1,1,-1,1,-1,-1,1,-1,-1,1,1,-1,-1,1,-1,1,-1,1,-1,-1,1,-1,1,-1,1,-1,1,1,-1,-1,-1,1,-1,-1,1,-1,1,1,1,-1,1,1,-1,1,-1,1,-1,1,-1,1,-1,1,1,-1,1,-1,-1,-1,1,1,-1,1,-1,-1,-1,1,1,1,-1,1,1,-1,-1,1,1,-1,1,1,-1,1,1,1,-1,-1,1,-1,1,1,-1,1,-1,1,1,-1,1,-1,-1,-1,1,-1,-1,1,-1,1,-1,1,1,-1,1,1,1,-1,1,-1,-1,1,1,-1,-1,1,-1,1,1,-1,1,-1,1,-1,1,1,1,-1,1,1,-1,-1,1,1,-1,-1,1,-1,1,1,1,1,1,1,-1,1,1,1,1,1,-1,-1,1,1,1,1,1,-1,-1,-1,1,1,1,1,-1,-1,1,-1,1,-1,1,1,-1,-1,1,1,1,1,1,-1,-1,1,1,1,-1,-1,-1,-1,-1,-1,-1,1,-1,-1,-1,1,1,-1,1,-1,-1,-1,1,1,1,1,-1,-1,1,1,1,-1,1,-1,-1,-1,-1,1,1,1,1,-1,-1,1,-1,1,1,-1,-1,-1,-1,-1,1,-1,1,-1,1,-1,1,-1,1,-1,-1,1,1,-1,1,-1,1,-1,-1,1,-1,1,-1,-1,-1,-1,1,-1,-1,1,1,-1,-1,1,-1,1,1,-1,1,-1,1,-1,1,-1,1,-1,1,1,-1,1,-1,-1,-1,1,1,-1,1,-1,1,-1,1,-1,1,1,1,1,-1,1,-1,-1,1,-1,-1,-1,1,-1,1,-1,1,1,-1,1,-1,-1,1,-1,-1,1,-1,1,-1,1,-1,1,-1,1,1,-1,-1,-1,1,-1,1,-1,-1,1,-1,1,1,1,1,-1,-1,1,1,-1,1,1,1,-1,1,1,1,1,1,1,-1,1,1,1,-1,-1,-1,1,-1,-1,-1,1,-1,1,1,-1,1,-1,1,-1,1,-1,-1,-1,1,1,-1,1,1,-1,-1,-1,1,-1,1,1,-1,1,-1,1,-1,-1,-1,-1,-1,-1,1,-1,-1,-1,-1,-1,-1,1,-1,1,1,1,1,-1,1,-1,1,1,-1,-1,-1,1,-1,-1,1,-1,1,-1,-1,1,1,1,1,-1,-1,1,1,1,1,-1,1,-1,-1,1,1,1,-1,-1,-1,1,1,1,1,-1,-1,-1,1,-1,1,-1,1,-1,-1,-1,1,1,1,-1,-1,-1,-1,1,1,1,1,-1,-1,-1,1,1,1,1,-1,-1,-1,1,1,1,-1,-1,-1,1,1,1,1,1,-1,-1,-1,1,1,1,1,-1,-1,-1,1,1,-1,1,-1,-1,-1,1,1,1,1,-1,-1,1,1,1,1,1,-1,1,1,-1,1,1,-1,-1,-1,1,1,1,1,1,-1,1,1,1,1,1,1,-1,-1,1,-1,1,-1,-1,-1,-1,1,-1,1,1,-1,-1,-1,1,-1,1,1,-1,1,-1,1,1,1,-1,1,1,-1,1,-1,1,-1,-1,-1,-1,1,1,-1,-1,-1,-1,-1,1,-1,1,-1,-1,-1,-1,-1,-1,-1,1,-1,-1,-1,1,-1,-1,1,-1,-1,-1,-1,-1,-1,1,-1,-1,-1,-1,-1,1,-1,-1,-1,1,-1,-1,1,-1,1,-1,-1,-1,-1,-1,-1,-1,1,-1,-1,-1,1,1,-1,-1,-1,-1,1,-1,-1,-1,-1,1,-1,-1,1,1,1,-1,-1,-1,-1,1,-1,1,1,-1,1,-1,-1,1,1,-1,-1,-1,-1,-1,-1,1,1,-1,-1,1,-1,1,1,-1,-1,-1,-1,-1,1,1,-1,-1,-1,1,-1,1,1,1,-1,-1,-1,1,1,1,-1,-1,1,-1,-1,1,1,1,-1,1,-1,-1,1,1,-1,1,-1,1,-1,1,1,1,1,1,1,-1,1,1,-1,1,1,1,-1,1,1,1,1,1,-1,-1,1,1,1,1,1,1,-1,1,-1,1,1,1,1,-1,-1,1,-1,1,-1,1,-1,1,1,1,1,-1,1,-1,1,1,1,1,1,1,-1,-1,-1,1,1,1,-1,1,-1,1,1,1,1,-1,1,-1,1,1,1,-1,-1,1,-1,1,1,-1,1,-1,-1,-1,1,1,1,-1,1,-1,-1,1,1,1,-1,-1,-1,-1,1,1,1,-1,-1,-1,-1,-1,1,1,-1,1,-1,-1,-1,1,1,-1,-1,1,-1,1,1,1,1,1,1,-1,-1,1,1,-1,-1,1,1,1,1,1,-1,1,-1,-1,1,1,-1,-1,1,-1,-1,-1,1,1,-1,1,-1,1,1,1,-1,-1,1,-1,-1,-1,-1,-1,-1,1,-1,1,1,1,-1,1,1,-1,1,1,1,1,-1,1,-1,1,1,1,-1,-1,1,-1,1,1,1,-1,-1,1,-1,1,1,1,-1,-1,1,-1,1,1,1,1,-1,1,-1,-1,1,1,1,-1,-1,1,-1,1,-1,1,-1,1,-1,-1,1,-2666.0,1,2000,445,500,False
1976,1,1,-1,-1,1,-1,-1,-1,1,1,1,-1,1,1,-1,1,-1,1,-1,-1,1,1,1,1,1,-1,-1,-1,1,1,1,1,1,-1,-1,-1,1,-1,1,1,-1,-1,-1,1,1,1,1,-1,1,1,1,1,-1,1,-1,-1,1,-1,1,1,1,-1,-1,1,1,1,1,1,-1,-1,1,1,1,1,1,-1,-1,-1,1,1,1,-1,-1,-1,1,1,1,1,-1,-1,-1,1,1,1,1,-1,-1,1,1,-1,1,1,-1,-1,1,1,1,1,1,-1,-1,1,1,-1,1,1,-1,-1,1,1,1,1,1,1,-1,-1,1,1,-1,1,1,-1,1,1,1,1,1,1,-1,-1,1,1,1,1,1,-1,1,1,1,1,1,1,-1,-1,-1,1,1,1,1,-1,1,1,1,1,-1,1,-1,1,-1,1,1,1,-1,-1,1,1,1,1,1,-1,1,-1,-1,1,-1,1,-1,1,1,1,1,1,1,1,1,1,-1,1,-1,1,-1,1,1,-1,1,-1,1,1,-1,1,-1,1,-1,1,1,1,1,-1,1,-1,1,-1,1,1,-1,-1,1,1,-1,-1,1,-1,1,-1,1,-1,1,1,-1,1,-1,1,-1,1,1,-1,-1,-1,1,-1,-1,1,-1,1,1,1,-1,1,1,-1,1,-1,1,-1,1,-1,1,-1,1,1,-1,1,-1,-1,-1,1,1,-1,1,-1,-1,-1,1,1,1,-1,1,1,-1,-1,1,-1,-1,1,1,-1,1,1,1,-1,-1,1,-1,1,1,-1,1,-1,1,-1,1,1,-1,-1,-1,1,-1,-1,1,-1,1,-1,1,1,-1,1,1,1,-1,1,1,1,1,1,-1,-1,1,-1,1,1,-1,1,-1,1,-1,1,1,1,-1,1,1,-1,-1,1,1,-1,1,1,-1,1,1,1,1,1,1,-1,1,1,1,1,1,1,-1,1,1,1,1,1,1,-1,-1,1,1,1,1,1,-1,1,-1,1,-1,1,1,1,-1,1,1,1,1,1,1,-1,1,1,1,-1,-1,1,-1,-1,-1,-1,1,1,1,-1,1,1,-1,1,1,-1,-1,1,1,1,1,1,-1,1,1,1,-1,1,1,1,1,-1,1,1,1,-1,1,-1,1,-1,1,1,1,1,-1,1,-1,1,-1,-1,1,1,-1,1,1,1,1,1,1,1,-1,1,-1,-1,1,-1,1,-1,1,-1,1,1,1,1,-1,-1,1,-1,1,1,1,-1,1,1,1,-1,1,1,-1,1,-1,-1,1,1,1,1,-1,-1,1,1,1,1,-1,1,-1,-1,1,1,-1,1,-1,1,1,1,1,-1,-1,-1,-1,1,1,1,-1,1,-1,-1,-1,1,1,-1,-1,1,-1,1,1,1,1,-1,-1,-1,-1,1,1,1,-1,-1,-1,1,1,1,-1,-1,1,-1,-1,1,-1,1,-1,-1,-1,-1,1,-1,1,-1,-1,-1,-1,-1,1,1,1,-1,1,-1,1,-1,-1,-1,1,-1,-1,-1,1,-1,-1,1,1,-1,1,1,-1,1,1,1,-1,1,1,-1,1,-1,1,-1,-1,1,-1,-1,1,1,-1,-1,1,-1,-1,1,1,1,-1,1,-1,-1,1,1,-1,-1,1,-1,-1,-1,1,1,-1,1,1,-1,-1,1,-1,-1,1,-1,1,-1,1,1,-1,-1,1,-1,-1,-1,-1,-1,1,1,1,-1,-1,1,-1,-1,1,-1,-1,1,-1,-1,1,1,-1,-1,1,1,-1,1,1,-1,1,-1,1,-1,-1,1,1,-1,-1,-1,-1,-1,1,-1,-1,1,-1,-1,-1,1,1,-1,-1,-1,-1,-1,1,-1,-1,-1,-1,-1,1,1,1,-1,-1,-1,-1,-1,1,1,-1,-1,-1,-1,-1,1,1,1,-1,-1,-1,-1,1,1,-1,-1,-1,-1,1,1,1,1,-1,-1,1,1,1,1,1,-1,-1,-1,1,1,1,-1,1,-1,1,1,1,1,-1,1,-1,-1,1,-1,1,-1,1,-1,-1,1,-1,1,-1,-1,-1,-1,1,-1,1,-1,1,1,-1,1,-1,1,-1,1,1,-1,1,-1,1,-1,-1,-1,-1,1,1,-1,-1,-1,-1,-1,1,-1,1,-1,-1,-1,-1,-1,-1,-1,1,-1,-1,-1,1,-1,-1,1,-1,-1,-1,-1,-1,1,1,-1,-1,-1,-1,-1,1,-1,-1,-1,1,-1,-1,1,-1,1,-1,-1,-1,-1,-1,-1,-1,1,-1,-1,-1,1,1,1,-1,-1,-1,1,-1,-1,-1,-1,1,-1,-1,1,1,1,-1,-1,-1,-1,1,1,1,1,-1,1,-1,-1,-1,1,-1,-1,-1,-1,-1,-1,1,1,-1,-1,1,-1,1,1,-1,-1,-1,-1,-1,1,1,-1,-1,-1,1,-1,1,1,1,-1,-1,-1,1,1,1,-1,-1,1,-1,-1,1,1,1,-1,1,-1,-1,1,1,-1,1,-1,1,-1,1,1,-1,1,1,1,-1,1,1,1,1,1,1,-1,1,1,1,1,1,-1,-1,1,1,1,1,1,1,-1,1,-1,1,1,1,1,-1,-1,1,-1,1,-1,1,-1,1,1,1,1,-1,1,-1,1,1,1,1,1,1,-1,-1,1,1,1,1,-1,1,-1,1,1,1,1,-1,1,-1,1,1,1,-1,-1,1,-1,1,1,-1,1,-1,-1,1,1,1,1,-1,1,-1,-1,1,1,1,-1,-1,-1,1,1,1,1,-1,1,-1,-1,-1,1,1,-1,1,-1,-1,1,1,1,1,-1,1,-1,1,1,1,1,1,1,-1,1,1,1,-1,-1,1,1,1,-1,1,-1,1,-1,-1,1,1,-1,-1,1,-1,-1,1,1,1,-1,1,-1,1,1,1,-1,-1,-1,-1,-1,1,-1,-1,-1,1,-1,1,1,1,-1,1,1,-1,1,1,1,1,-1,1,-1,1,1,1,1,-1,1,-1,1,1,1,1,-1,1,-1,1,1,1,1,-1,1,-1,1,1,-1,-1,-1,1,-1,-1,1,1,-1,-1,-1,1,-1,1,-1,1,-1,1,-1,-1,1,-2666.0,1,2000,445,500,False
1977,1,1,-1,-1,1,-1,-1,-1,1,1,1,-1,1,1,1,1,-1,1,-1,-1,1,-1,1,1,1,-1,-1,-1,1,1,1,1,-1,-1,-1,-1,1,-1,1,1,-1,-1,-1,1,1,1,1,-1,1,1,1,1,-1,1,-1,-1,1,-1,1,1,1,-1,-1,-1,1,1,1,1,-1,-1,-1,1,1,1,1,-1,-1,-1,1,1,1,-1,-1,-1,1,1,1,1,-1,-1,-1,1,1,1,1,-1,-1,1,1,-1,1,1,-1,-1,1,1,1,1,1,-1,-1,1,1,-1,1,1,-1,-1,1,1,1,1,1,1,-1,-1,1,1,-1,1,1,-1,1,1,1,1,1,1,-1,-1,1,1,1,1,1,-1,1,1,1,1,1,1,-1,-1,-1,1,1,1,1,-1,1,1,1,1,-1,1,-1,1,1,1,1,1,-1,-1,1,1,1,1,1,-1,1,-1,-1,1,1,1,-1,1,1,1,1,-1,1,1,1,1,-1,1,-1,1,-1,1,1,-1,1,-1,1,1,-1,1,-1,1,-1,1,-1,1,1,-1,1,-1,1,1,1,1,-1,-1,1,1,-1,-1,1,-1,1,-1,1,1,-1,1,-1,1,-1,1,-1,1,1,-1,-1,1,-1,1,-1,1,-1,1,1,1,-1,1,1,-1,1,-1,1,-1,1,-1,1,-1,1,1,-1,1,-1,-1,-1,-1,1,-1,1,-1,-1,-1,-1,1,-1,-1,1,1,-1,1,1,1,-1,1,1,-1,1,1,1,1,-1,1,-1,1,1,-1,1,-1,1,1,1,-1,1,1,1,1,-1,-1,1,-1,-1,1,1,1,-1,1,1,1,-1,1,1,1,1,1,1,1,1,-1,1,1,1,-1,1,1,-1,1,1,1,-1,1,1,-1,-1,1,1,1,-1,1,-1,1,1,1,-1,1,1,-1,1,1,1,-1,1,1,-1,1,1,1,-1,1,1,-1,-1,1,1,-1,1,1,-1,1,-1,1,-1,1,1,1,-1,1,1,1,-1,1,1,-1,1,1,-1,1,1,1,-1,-1,-1,-1,1,1,1,-1,1,1,-1,1,1,1,-1,1,1,1,1,1,-1,1,1,1,-1,1,1,1,1,-1,1,1,1,-1,1,-1,1,1,1,1,1,1,-1,-1,-1,1,-1,-1,1,1,-1,1,1,-1,1,1,1,1,-1,1,-1,-1,1,-1,-1,-1,1,1,1,1,1,-1,-1,-1,1,-1,1,1,1,-1,1,1,1,-1,1,-1,1,-1,1,-1,1,1,1,-1,1,1,1,-1,1,-1,-1,1,-1,1,1,-1,1,-1,1,-1,1,1,-1,1,-1,1,-1,1,1,1,-1,-1,1,-1,-1,1,-1,1,-1,1,-1,1,1,1,-1,-1,1,1,-1,1,1,-1,-1,-1,-1,1,1,-1,1,-1,1,-1,-1,1,-1,1,-1,-1,1,-1,1,-1,1,1,-1,1,-1,-1,1,1,1,-1,1,-1,1,-1,1,1,1,-1,-1,-1,1,-1,-1,1,1,1,-1,1,-1,1,1,1,-1,1,1,-1,1,-1,1,-1,1,1,-1,-1,1,1,1,-1,1,-1,-1,1,1,-1,-1,1,-1,-1,1,1,-1,-1,1,-1,-1,-1,1,1,-1,1,-1,-1,-1,1,-1,-1,1,-1,1,-1,1,1,-1,-1,1,-1,-1,-1,-1,-1,-1,1,1,-1,-1,1,-1,1,1,-1,-1,1,-1,-1,1,1,-1,-1,1,1,-1,1,1,-1,1,-1,1,-1,-1,1,1,-1,-1,-1,-1,-1,1,-1,-1,1,-1,-1,-1,1,1,-1,-1,-1,-1,-1,1,-1,-1,-1,-1,-1,1,1,1,-1,-1,-1,-1,-1,1,1,-1,-1,-1,-1,-1,1,1,1,-1,-1,-1,-1,1,1,-1,-1,-1,-1,1,-1,1,1,1,-1,1,1,-1,1,-1,1,-1,-1,1,1,1,1,1,-1,1,1,1,1,-1,1,-1,-1,1,-1,1,-1,1,-1,-1,1,-1,1,-1,-1,-1,-1,1,-1,1,-1,1,1,-1,1,-1,1,-1,1,1,1,-1,1,1,-1,-1,-1,-1,1,-1,-1,1,1,-1,-1,1,-1,1,-1,1,-1,-1,1,1,-1,1,-1,-1,-1,1,-1,-1,-1,1,-1,-1,-1,1,1,1,-1,-1,-1,-1,-1,1,1,-1,-1,1,-1,-1,1,1,1,-1,-1,-1,-1,-1,1,-1,1,-1,-1,-1,1,-1,1,-1,-1,-1,1,-1,1,1,-1,1,-1,-1,1,-1,-1,-1,-1,-1,-1,1,1,-1,1,-1,1,-1,-1,1,1,-1,-1,-1,-1,-1,-1,1,1,-1,-1,1,-1,1,-1,-1,-1,-1,1,-1,-1,1,-1,-1,1,-1,-1,1,-1,1,-1,1,-1,1,-1,1,-1,-1,1,-1,-1,1,1,1,-1,1,-1,-1,1,1,-1,1,1,-1,-1,1,1,-1,1,1,-1,-1,1,1,-1,1,1,-1,-1,1,1,1,1,1,1,-1,-1,1,1,1,1,-1,-1,1,-1,1,1,1,1,-1,-1,1,-1,1,1,1,-1,1,1,1,1,-1,1,-1,1,1,1,1,1,1,1,-1,1,1,1,1,-1,1,-1,1,1,1,1,1,-1,1,1,1,1,-1,1,1,-1,1,1,-1,1,1,-1,-1,1,1,1,1,-1,1,-1,1,1,1,-1,-1,1,-1,1,1,1,-1,1,-1,-1,-1,1,1,-1,-1,1,-1,-1,1,1,-1,-1,1,-1,-1,1,1,1,-1,-1,-1,-1,1,1,-1,-1,-1,1,-1,-1,1,-1,1,1,-1,1,1,-1,-1,1,1,-1,-1,1,1,-1,1,1,-1,1,1,-1,-1,-1,-1,1,-1,-1,-1,-1,-1,-1,-1,1,1,-1,1,1,-1,1,1,1,1,-1,1,-1,1,1,1,1,-1,1,-1,-1,1,1,1,-1,1,-1,1,1,1,1,-1,1,-1,1,1,-1,-1,-1,1,-1,-1,1,1,-1,-1,-1,1,-1,1,-1,1,-1,1,-1,-1,1,-2666.0,1,2000,445,500,False
1978,1,1,-1,-1,1,1,-1,-1,1,1,1,-1,-1,1,1,1,-1,1,-1,-1,-1,-1,1,1,1,-1,-1,-1,1,1,1,1,1,-1,-1,-1,1,-1,1,1,-1,-1,-1,1,1,1,1,-1,1,1,1,1,-1,1,-1,-1,1,-1,1,1,1,-1,-1,-1,1,1,1,1,-1,-1,-1,1,1,1,1,-1,-1,-1,1,1,1,-1,-1,-1,1,1,1,1,-1,-1,-1,1,1,1,1,-1,-1,1,1,-1,1,1,-1,-1,1,1,1,1,1,-1,-1,-1,1,1,1,1,-1,-1,1,1,1,1,1,1,-1,-1,1,1,-1,1,1,-1,1,1,1,1,1,1,-1,1,1,1,1,1,1,-1,1,1,1,1,1,1,-1,-1,-1,1,1,1,1,-1,1,1,1,1,-1,1,-1,1,-1,1,1,1,-1,-1,1,1,1,1,1,-1,1,-1,-1,1,-1,1,-1,1,1,1,1,1,1,1,1,1,-1,1,-1,1,-1,1,1,-1,1,-1,1,1,-1,1,-1,1,-1,1,1,1,1,-1,1,-1,1,-1,-1,1,-1,-1,1,1,-1,-1,1,-1,1,-1,1,-1,-1,1,-1,1,-1,1,-1,1,1,-1,-1,-1,1,-1,-1,1,-1,1,1,1,-1,1,-1,-1,1,-1,1,-1,1,1,1,-1,1,1,-1,1,-1,-1,-1,1,1,-1,1,-1,-1,-1,1,1,1,-1,1,1,-1,-1,1,1,-1,1,1,-1,1,1,1,1,-1,1,-1,1,1,1,-1,-1,1,1,-1,1,-1,1,1,1,-1,-1,1,-1,-1,1,1,1,-1,1,1,1,-1,1,-1,-1,1,1,1,-1,1,-1,1,1,1,-1,-1,1,-1,1,1,1,-1,1,1,-1,-1,1,1,1,-1,1,-1,1,1,1,-1,1,1,-1,1,1,1,-1,1,-1,-1,1,1,1,-1,1,-1,-1,-1,1,1,-1,1,-1,-1,1,-1,1,-1,1,1,-1,-1,1,1,1,1,1,-1,-1,1,1,-1,1,-1,-1,-1,-1,-1,-1,1,-1,-1,-1,1,1,-1,1,-1,-1,-1,1,1,1,1,-1,-1,1,1,1,-1,1,-1,-1,-1,-1,1,1,1,1,-1,-1,1,1,1,1,-1,-1,-1,-1,-1,1,-1,1,-1,1,-1,1,1,1,-1,-1,1,1,-1,1,-1,1,-1,-1,1,-1,1,1,-1,-1,-1,1,-1,-1,1,1,-1,-1,1,-1,1,1,-1,1,-1,1,-1,-1,1,1,-1,1,1,-1,1,1,-1,-1,1,1,-1,1,-1,1,-1,1,-1,-1,1,-1,1,-1,1,-1,-1,1,-1,-1,-1,1,-1,-1,1,1,1,-1,1,-1,-1,1,-1,-1,1,-1,1,-1,1,1,1,-1,1,1,-1,-1,-1,1,-1,1,-1,-1,1,-1,1,1,1,1,-1,-1,1,1,-1,-1,1,-1,-1,1,1,1,1,1,1,-1,1,1,1,-1,-1,-1,1,-1,-1,-1,1,-1,1,1,-1,1,-1,1,-1,1,-1,-1,-1,1,1,-1,1,1,-1,-1,-1,1,-1,1,1,-1,1,-1,1,-1,-1,-1,-1,-1,-1,1,-1,-1,-1,-1,-1,-1,1,-1,1,1,1,1,-1,1,-1,1,1,-1,-1,-1,1,-1,-1,1,-1,1,-1,-1,1,1,1,1,-1,-1,1,1,1,1,-1,1,-1,-1,1,1,1,-1,-1,-1,1,1,1,1,-1,-1,-1,1,-1,1,-1,1,1,-1,-1,1,1,1,-1,-1,-1,-1,1,1,1,1,-1,-1,-1,1,1,1,1,-1,-1,-1,1,1,1,-1,-1,-1,1,1,1,1,1,-1,-1,-1,1,1,1,1,-1,-1,-1,1,1,-1,1,-1,-1,-1,1,1,1,1,-1,-1,1,1,1,1,1,-1,1,1,-1,1,1,-1,-1,-1,1,1,1,1,1,-1,1,1,1,1,1,1,-1,-1,1,-1,1,-1,1,-1,-1,1,-1,1,1,-1,-1,-1,1,-1,1,1,-1,1,-1,1,1,1,-1,1,1,-1,1,-1,1,-1,-1,-1,-1,1,1,-1,-1,-1,-1,-1,1,-1,1,-1,-1,-1,-1,-1,-1,-1,1,-1,-1,-1,1,-1,-1,1,-1,-1,-1,-1,-1,-1,1,-1,-1,-1,-1,-1,1,-1,-1,-1,1,-1,-1,1,-1,1,-1,-1,-1,-1,-1,-1,-1,1,-1,-1,-1,1,1,-1,-1,-1,-1,1,-1,-1,-1,-1,1,-1,-1,1,-1,1,-1,-1,-1,-1,1,-1,1,1,-1,1,-1,-1,1,1,-1,-1,-1,-1,-1,-1,1,1,-1,-1,1,-1,1,1,-1,-1,-1,-1,-1,1,1,-1,-1,-1,1,-1,1,1,1,-1,-1,-1,1,1,1,-1,-1,1,-1,-1,1,1,1,-1,1,-1,-1,1,1,-1,1,-1,-1,-1,1,1,1,1,1,1,-1,1,1,1,1,1,1,-1,1,1,1,1,1,1,-1,-1,1,1,1,1,-1,-1,1,-1,1,1,1,1,-1,-1,1,-1,1,-1,1,-1,1,1,1,1,-1,1,-1,1,1,1,1,1,1,1,-1,1,1,1,1,-1,1,-1,1,1,1,1,1,-1,1,1,1,1,-1,1,1,-1,1,1,-1,1,1,-1,-1,1,1,1,1,-1,1,-1,1,1,1,-1,-1,1,-1,1,1,1,-1,1,-1,-1,-1,1,1,-1,-1,1,-1,-1,1,1,-1,-1,1,-1,-1,1,1,1,-1,1,-1,-1,1,1,-1,-1,-1,1,-1,1,1,-1,1,1,-1,1,1,-1,-1,1,-1,-1,-1,1,1,-1,1,1,-1,1,1,-1,-1,-1,-1,1,-1,-1,-1,-1,1,-1,-1,1,1,-1,1,1,-1,1,1,1,1,-1,1,-1,1,1,1,-1,-1,1,-1,-1,1,1,-1,1,1,-1,1,1,1,-1,-1,1,-1,1,1,1,1,-1,1,-1,-1,1,1,-1,-1,1,1,-1,1,-1,1,-1,1,-1,-1,1,-2666.0,1,2000,445,500,False
1979,1,1,-1,-1,1,-1,-1,-1,1,1,1,-1,1,1,-1,1,-1,1,1,-1,-1,1,1,1,1,1,-1,-1,1,1,1,1,-1,-1,-1,-1,1,-1,1,1,-1,-1,-1,1,1,1,1,-1,1,1,1,1,-1,1,-1,-1,1,-1,1,1,1,-1,-1,1,1,1,1,1,-1,-1,1,1,1,1,1,-1,-1,-1,1,1,1,-1,-1,-1,1,1,1,1,-1,-1,1,1,1,1,1,-1,-1,-1,1,-1,1,1,-1,-1,1,1,1,1,1,-1,-1,-1,1,-1,1,1,-1,-1,1,1,1,1,1,1,-1,-1,1,1,-1,1,1,-1,1,1,1,1,1,1,-1,1,1,1,1,1,1,-1,1,1,1,1,1,1,-1,-1,-1,1,1,1,1,-1,1,-1,1,1,-1,1,-1,1,-1,1,1,1,-1,-1,1,1,1,1,1,-1,1,-1,-1,1,-1,1,-1,1,1,1,1,1,1,1,1,1,-1,1,-1,1,-1,1,1,-1,1,-1,1,1,-1,1,-1,1,-1,1,-1,1,1,-1,1,-1,1,1,1,1,-1,-1,1,1,-1,-1,1,-1,1,-1,1,1,-1,1,-1,1,-1,1,-1,1,1,-1,-1,-1,1,1,-1,1,-1,1,1,1,-1,1,1,-1,-1,-1,1,-1,1,-1,1,-1,1,1,-1,1,-1,-1,-1,1,1,-1,1,-1,-1,-1,1,1,-1,-1,1,1,-1,-1,1,1,-1,1,1,-1,1,1,1,1,-1,1,-1,1,1,-1,1,-1,1,1,-1,1,1,1,1,1,-1,-1,1,-1,-1,-1,1,1,-1,1,1,1,-1,1,-1,-1,1,1,1,1,1,-1,1,1,1,-1,-1,1,-1,1,1,1,-1,1,1,-1,-1,1,1,1,-1,1,-1,1,1,1,-1,1,1,-1,1,1,1,-1,1,-1,-1,1,1,1,-1,1,-1,-1,-1,1,1,-1,1,-1,-1,1,-1,1,-1,1,1,-1,-1,1,1,1,1,1,-1,-1,1,1,-1,1,-1,-1,-1,-1,-1,-1,1,-1,-1,-1,1,1,-1,1,-1,1,-1,1,1,1,1,1,-1,1,1,1,-1,1,-1,-1,-1,-1,1,1,1,1,-1,-1,1,1,1,1,-1,-1,-1,-1,-1,1,-1,1,-1,1,-1,1,1,1,-1,-1,1,1,-1,1,-1,1,-1,-1,1,-1,1,1,-1,-1,-1,1,-1,-1,1,1,-1,-1,1,-1,1,1,-1,1,-1,1,-1,-1,1,1,-1,1,1,-1,1,1,-1,-1,1,1,-1,1,-1,1,-1,1,-1,-1,1,-1,1,-1,1,-1,-1,1,-1,-1,-1,1,-1,-1,1,-1,1,-1,1,-1,-1,1,-1,-1,1,-1,1,-1,1,1,1,-1,1,1,-1,-1,1,1,-1,1,-1,-1,1,1,1,1,-1,1,-1,-1,1,1,-1,-1,1,1,-1,1,1,1,1,1,1,-1,1,1,1,-1,-1,1,1,-1,-1,1,1,-1,1,1,-1,-1,1,1,-1,1,-1,-1,-1,1,1,-1,1,1,-1,-1,-1,1,-1,1,1,-1,-1,-1,1,-1,-1,-1,-1,1,-1,1,-1,-1,-1,-1,-1,-1,1,-1,1,1,1,1,-1,1,-1,1,1,-1,1,-1,1,-1,-1,1,-1,1,-1,-1,1,1,1,1,-1,-1,1,1,1,1,-1,1,-1,-1,1,1,1,-1,-1,-1,1,1,1,1,-1,1,-1,1,-1,1,-1,1,1,-1,-1,1,1,1,-1,-1,-1,1,1,1,1,1,-1,-1,-1,1,1,1,1,-1,-1,-1,1,-1,1,-1,-1,-1,1,1,1,1,1,-1,-1,-1,1,1,1,1,-1,-1,-1,1,1,-1,1,-1,-1,-1,1,1,1,1,-1,-1,1,1,1,1,1,-1,1,1,-1,1,1,-1,-1,-1,1,1,1,1,1,-1,1,1,1,1,1,1,-1,-1,1,-1,1,-1,1,-1,-1,1,-1,1,1,-1,-1,-1,1,-1,1,1,-1,1,-1,1,1,1,-1,1,1,-1,1,-1,1,-1,-1,-1,-1,1,1,-1,-1,-1,-1,-1,1,-1,1,-1,-1,-1,-1,-1,-1,-1,1,-1,-1,-1,1,-1,-1,1,-1,-1,-1,-1,-1,1,1,-1,-1,-1,-1,-1,1,-1,-1,-1,1,-1,-1,1,-1,1,-1,-1,-1,-1,-1,-1,-1,1,-1,-1,-1,1,1,-1,-1,-1,-1,1,-1,-1,-1,-1,1,-1,-1,1,-1,1,-1,-1,-1,-1,1,-1,1,1,-1,1,-1,-1,1,1,-1,-1,-1,-1,-1,-1,1,1,-1,-1,1,-1,1,1,-1,-1,-1,1,-1,-1,1,-1,-1,1,-1,-1,1,1,1,-1,1,-1,1,1,1,-1,-1,1,-1,-1,1,1,1,-1,1,-1,-1,1,1,-1,1,1,-1,-1,1,1,-1,1,1,-1,-1,1,1,-1,1,1,-1,-1,1,1,1,1,1,1,-1,-1,1,-1,1,1,-1,-1,1,-1,1,1,1,1,-1,-1,1,-1,1,1,1,-1,1,1,1,1,-1,1,-1,1,1,1,1,1,1,1,-1,1,1,1,1,-1,1,-1,1,1,1,1,1,-1,1,1,1,1,-1,1,1,-1,1,1,-1,1,1,-1,-1,1,1,1,1,-1,1,-1,1,1,1,-1,-1,1,-1,1,1,1,-1,1,-1,-1,-1,1,1,-1,-1,1,-1,-1,1,1,-1,-1,1,-1,-1,1,1,1,-1,1,-1,-1,1,1,-1,-1,-1,1,-1,-1,1,-1,1,1,-1,1,1,-1,-1,1,-1,-1,-1,1,1,-1,1,1,-1,1,1,-1,-1,-1,-1,1,-1,-1,-1,-1,1,-1,-1,1,1,-1,1,1,-1,1,1,1,1,-1,1,-1,1,1,1,-1,-1,1,-1,-1,-1,1,-1,-1,1,-1,1,1,1,-1,-1,1,-1,1,1,1,1,-1,1,-1,-1,1,1,1,-1,-1,1,-1,1,-1,1,-1,1,-1,-1,1,-2666.0,1,2000,445,1500,False
1980,-1,-1,1,1,1,1,-1,1,-1,-1,1,-1,-1,1,-1,-1,1,-1,1,-1,-1,-1,-1,-1,-1,1,-1,-1,-1,-1,-1,-1,1,-1,-1,-1,1,-1,-1,1,-1,-1,-1,-1,-1,-1,-1,-1,1,1,-1,-1,1,1,-1,-1,-1,1,-1,-1,1,-1,-1,1,-1,-1,-1,-1,-1,-1,-1,1,-1,-1,1,-1,-1,-1,1,-1,-1,-1,-1,-1,1,-1,-1,1,-1,-1,-1,-1,-1,-1,1,-1,-1,1,1,1,-1,1,-1,-1,1,1,-1,-1,1,-1,-1,-1,1,1,-1,1,-1,-1,1,1,-1,-1,1,1,-1,-1,1,-1,1,1,1,-1,1,1,-1,1,1,1,-1,1,1,-1,1,1,1,-1,1,1,1,-1,1,1,-1,-1,-1,1,-1,1,1,-1,1,1,1,1,1,1,-1,1,1,-1,1,1,-1,-1,1,1,-1,-1,1,-1,1,-1,-1,1,1,1,-1,1,1,1,1,1,1,1,1,1,-1,1,1,1,-1,1,1,-1,1,1,1,1,-1,1,-1,-1,1,1,-1,1,1,-1,1,1,1,1,1,1,-1,-1,1,1,-1,-1,1,-1,1,1,-1,1,-1,1,-1,1,1,1,-1,-1,1,-1,-1,1,-1,1,-1,1,-1,1,1,1,-1,1,1,-1,1,-1,1,-1,1,-1,1,-1,-1,1,-1,1,-1,-1,1,1,1,-1,1,-1,-1,-1,1,1,-1,-1,1,1,-1,1,1,1,-1,1,1,-1,-1,-1,1,1,-1,1,-1,-1,-1,1,-1,-1,1,1,1,-1,1,1,1,1,-1,-1,-1,-1,-1,-1,1,1,-1,-1,1,1,-1,1,-1,-1,-1,1,1,-1,1,-1,-1,1,1,-1,-1,1,-1,-1,1,1,-1,1,1,-1,1,-1,1,1,-1,1,-1,1,1,1,-1,1,1,-1,-1,1,1,-1,1,-1,-1,-1,1,1,-1,1,-1,-1,1,-1,1,-1,1,-1,-1,1,-1,1,-1,1,1,-1,1,-1,1,1,1,1,-1,-1,1,1,-1,1,-1,1,1,1,-1,-1,1,1,-1,1,-1,1,-1,1,1,-1,1,-1,1,1,1,1,-1,1,-1,1,-1,1,-1,-1,1,-1,1,1,1,1,-1,1,1,-1,1,1,-1,-1,1,-1,-1,1,-1,-1,-1,-1,1,-1,1,1,1,-1,-1,1,-1,1,-1,1,-1,-1,1,-1,1,1,1,1,-1,1,-1,-1,1,1,-1,-1,1,-1,1,1,1,-1,-1,1,-1,-1,1,1,-1,-1,-1,-1,1,1,-1,1,-1,1,-1,1,-1,-1,-1,-1,-1,1,1,-1,-1,1,-1,-1,-1,1,-1,-1,-1,-1,-1,-1,1,1,-1,-1,1,-1,-1,1,-1,-1,-1,1,-1,-1,1,1,-1,-1,1,-1,-1,1,-1,1,-1,1,-1,-1,1,-1,-1,1,1,-1,-1,-1,1,-1,1,1,-1,-1,1,1,-1,-1,-1,1,1,-1,1,-1,1,1,1,1,1,-1,-1,-1,1,-1,-1,-1,1,1,-1,1,-1,1,-1,1,-1,1,1,-1,1,1,1,1,-1,1,-1,1,-1,1,1,-1,1,-1,-1,1,1,1,-1,1,-1,-1,-1,1,1,-1,1,-1,1,1,1,1,-1,1,-1,-1,1,1,1,-1,1,-1,-1,-1,1,1,-1,-1,1,1,-1,1,1,-1,-1,1,1,1,1,1,-1,1,1,1,-1,1,-1,-1,1,1,1,1,-1,-1,-1,1,-1,1,1,1,1,-1,-1,1,1,1,-1,1,-1,-1,1,1,1,1,1,1,-1,1,1,1,-1,-1,1,-1,1,1,1,1,1,1,-1,1,1,1,1,1,1,-1,1,1,1,1,1,1,-1,1,1,-1,1,1,1,1,1,1,1,1,1,1,-1,1,1,-1,-1,1,-1,-1,1,1,1,-1,1,-1,-1,1,1,-1,1,1,-1,-1,1,-1,1,-1,1,1,-1,1,-1,1,-1,1,-1,-1,1,-1,1,-1,1,-1,-1,1,-1,1,-1,1,1,-1,1,-1,1,-1,1,1,-1,1,1,1,1,1,-1,1,1,-1,1,1,1,1,-1,1,-1,1,-1,1,1,-1,1,1,-1,1,1,-1,1,1,1,-1,1,1,1,-1,1,-1,-1,1,1,-1,1,1,-1,1,-1,1,-1,-1,1,1,-1,1,1,-1,-1,1,1,-1,1,1,-1,-1,-1,1,1,1,1,-1,1,1,1,-1,1,1,-1,-1,1,-1,1,1,1,-1,-1,-1,1,-1,1,1,-1,1,-1,-1,1,1,1,-1,-1,-1,-1,-1,1,-1,-1,-1,1,-1,1,1,-1,-1,-1,1,-1,1,1,1,-1,1,-1,-1,1,1,1,-1,1,-1,1,1,1,-1,-1,1,-1,-1,1,1,1,-1,1,-1,-1,1,1,1,1,1,-1,-1,1,1,-1,1,1,-1,-1,1,1,1,1,1,-1,-1,1,1,1,1,-1,1,-1,1,1,-1,1,1,-1,-1,1,-1,1,1,1,1,-1,-1,1,-1,1,1,1,-1,1,-1,1,1,-1,1,-1,1,1,1,1,1,1,1,-1,-1,1,1,1,-1,1,-1,1,1,1,1,1,-1,1,-1,1,1,-1,1,1,-1,-1,1,-1,1,1,-1,-1,1,1,1,1,-1,1,-1,-1,1,1,-1,-1,1,-1,1,1,1,-1,1,-1,-1,-1,1,1,-1,-1,1,-1,-1,1,1,-1,-1,1,-1,-1,1,1,1,-1,1,-1,-1,1,1,-1,-1,1,1,-1,1,1,-1,1,1,-1,1,1,-1,-1,1,-1,-1,-1,1,1,-1,1,1,-1,1,1,-1,-1,1,-1,1,-1,-1,-1,-1,1,-1,-1,1,1,-1,1,1,-1,1,1,1,1,-1,1,-1,1,1,1,-1,-1,1,-1,-1,1,1,-1,-1,1,-1,1,1,1,-1,-1,1,-1,1,1,1,1,-1,1,-1,-1,1,1,-1,-1,-1,1,-1,1,-1,1,-1,1,-1,-1,1,-2666.0,1,2000,445,1500,True
1981,1,1,-1,-1,1,1,-1,-1,1,1,1,-1,-1,1,1,1,-1,1,-1,-1,-1,1,1,1,1,-1,-1,-1,1,1,1,1,-1,-1,-1,-1,1,1,1,1,-1,-1,1,1,1,1,1,-1,1,1,1,1,-1,1,-1,-1,1,-1,1,1,1,-1,-1,1,1,1,1,1,-1,-1,1,1,1,1,1,-1,-1,-1,1,1,1,-1,-1,-1,1,1,1,1,-1,-1,-1,1,1,1,1,-1,-1,1,1,-1,1,1,-1,-1,1,1,1,1,1,-1,-1,1,1,1,1,1,-1,-1,1,1,1,1,1,1,-1,1,1,1,-1,1,1,-1,1,1,1,1,1,1,-1,-1,1,1,1,1,1,-1,1,1,1,1,1,1,-1,-1,-1,1,1,1,1,-1,1,-1,1,1,-1,1,-1,1,-1,1,1,1,-1,-1,1,1,1,1,1,-1,1,-1,-1,1,1,1,-1,1,1,1,1,-1,1,1,1,1,-1,1,-1,1,-1,1,1,-1,1,-1,1,1,-1,1,-1,1,-1,1,-1,1,1,-1,1,-1,1,1,1,1,-1,-1,1,1,-1,-1,1,-1,1,-1,1,1,-1,1,-1,1,-1,1,-1,1,1,-1,-1,-1,1,1,-1,1,-1,1,1,1,-1,1,1,-1,1,-1,1,-1,1,-1,1,-1,1,1,-1,1,-1,-1,-1,1,1,-1,1,-1,-1,-1,1,1,-1,-1,1,1,-1,-1,1,1,-1,1,1,-1,1,1,1,1,-1,1,-1,1,1,-1,1,-1,1,1,1,1,1,-1,-1,1,-1,-1,1,-1,-1,-1,1,1,-1,1,1,1,-1,1,1,1,1,1,1,1,1,-1,1,1,1,1,-1,1,-1,1,1,1,-1,1,1,-1,-1,1,1,1,-1,1,-1,1,1,1,-1,1,1,-1,1,1,1,-1,1,1,-1,1,1,1,1,1,1,-1,-1,1,1,-1,1,1,-1,1,-1,1,-1,1,1,1,-1,1,1,1,1,1,1,-1,1,1,-1,1,1,1,-1,-1,-1,-1,1,1,1,-1,1,1,-1,1,1,-1,-1,1,1,1,1,1,-1,1,1,1,-1,1,1,1,-1,-1,1,1,1,-1,1,-1,1,1,1,1,1,1,-1,-1,-1,1,-1,-1,1,1,-1,1,1,1,1,1,1,1,-1,1,-1,-1,1,-1,1,-1,1,1,-1,1,1,1,-1,-1,1,-1,1,1,1,-1,1,1,1,-1,1,1,-1,-1,1,-1,1,1,1,-1,1,1,1,1,1,1,-1,1,-1,-1,1,1,-1,1,1,-1,-1,1,1,-1,-1,1,-1,1,1,1,-1,-1,1,-1,-1,1,1,-1,-1,1,-1,1,1,1,1,-1,1,1,-1,-1,1,1,-1,1,-1,1,-1,1,-1,-1,1,-1,-1,1,-1,1,-1,-1,1,-1,1,-1,1,-1,1,1,-1,-1,1,1,1,-1,1,-1,1,-1,1,-1,1,-1,-1,-1,1,-1,-1,1,1,-1,1,1,-1,1,1,1,-1,1,1,-1,-1,-1,1,1,-1,1,-1,-1,1,1,-1,-1,1,-1,-1,1,1,1,-1,1,-1,-1,1,1,-1,-1,1,-1,-1,-1,1,1,-1,1,-1,-1,-1,1,-1,-1,1,-1,1,-1,1,1,-1,-1,1,-1,-1,-1,-1,-1,1,1,1,-1,1,1,-1,-1,1,-1,-1,-1,-1,-1,1,1,-1,-1,-1,-1,-1,1,1,-1,1,1,1,-1,-1,1,1,-1,-1,-1,-1,-1,1,-1,-1,1,-1,-1,-1,1,1,-1,-1,-1,-1,-1,1,-1,-1,1,-1,-1,1,1,1,-1,1,-1,-1,-1,1,1,-1,-1,-1,-1,-1,1,1,1,-1,-1,-1,-1,1,1,-1,-1,-1,-1,1,1,1,1,-1,-1,1,1,1,1,1,-1,-1,-1,1,1,1,1,1,-1,1,1,1,1,-1,1,-1,-1,1,-1,1,-1,1,-1,-1,1,-1,1,-1,-1,-1,-1,1,-1,1,-1,1,-1,-1,1,-1,1,-1,1,-1,1,-1,-1,1,-1,-1,-1,-1,1,1,-1,-1,-1,-1,-1,1,-1,1,-1,-1,-1,-1,-1,-1,-1,1,-1,-1,-1,1,-1,-1,1,-1,-1,-1,-1,-1,1,1,-1,-1,-1,-1,-1,1,-1,-1,-1,1,-1,-1,1,-1,1,-1,-1,-1,-1,-1,-1,-1,1,-1,-1,-1,1,1,-1,-1,-1,-1,1,-1,-1,-1,-1,1,-1,-1,1,1,1,-1,-1,-1,-1,1,-1,1,1,-1,1,-1,-1,1,1,-1,-1,-1,-1,-1,-1,1,1,-1,-1,1,-1,1,1,-1,-1,-1,1,-1,1,1,-1,-1,1,-1,-1,1,1,1,-1,1,-1,1,1,1,-1,-1,1,-1,-1,1,1,1,-1,1,-1,-1,1,1,-1,1,1,-1,-1,1,1,-1,1,1,-1,-1,1,1,-1,1,1,-1,-1,1,1,1,1,1,1,-1,-1,1,1,-1,1,-1,-1,1,-1,1,1,1,1,-1,-1,1,-1,1,1,1,-1,1,-1,1,1,-1,1,-1,1,1,1,1,1,1,1,-1,-1,1,1,1,-1,1,-1,1,1,1,1,1,-1,1,-1,1,1,-1,-1,1,-1,1,1,-1,1,1,-1,-1,1,1,1,-1,1,1,-1,-1,1,1,-1,-1,1,-1,1,1,1,-1,1,-1,-1,-1,1,1,-1,-1,1,-1,-1,1,1,1,-1,1,-1,-1,1,1,1,1,-1,-1,-1,1,1,-1,-1,-1,1,-1,1,1,-1,1,1,-1,1,1,-1,-1,1,-1,-1,-1,1,1,-1,1,1,-1,1,1,-1,-1,-1,-1,1,-1,-1,-1,-1,1,-1,-1,1,1,-1,1,1,-1,1,1,1,1,-1,1,-1,1,1,1,1,-1,1,-1,-1,1,1,1,-1,1,-1,1,1,1,1,-1,1,-1,1,1,1,-1,-1,1,-1,-1,1,1,-1,-1,-1,1,-1,1,-1,1,-1,1,-1,-1,1,-2666.0,1,2000,445,500,False
1982,1,1,-1,-1,1,-1,-1,-1,1,1,1,-1,1,1,1,1,-1,1,-1,-1,-1,-1,1,1,1,-1,-1,-1,1,1,1,1,-1,-1,-1,-1,1,-1,1,1,-1,-1,-1,1,1,1,1,-1,1,1,1,1,-1,1,-1,-1,1,-1,1,1,1,-1,-1,-1,1,1,1,1,-1,-1,-1,1,1,1,1,-1,-1,-1,1,1,1,-1,-1,-1,1,1,1,1,-1,-1,-1,1,1,1,1,-1,-1,1,1,-1,1,1,-1,-1,1,1,1,1,1,-1,-1,1,1,1,1,1,-1,-1,1,1,1,1,1,1,-1,1,1,1,-1,1,1,-1,1,1,1,1,1,1,-1,-1,1,1,1,1,1,-1,1,1,1,1,1,1,-1,-1,-1,1,1,1,1,-1,1,1,1,1,-1,1,-1,1,-1,1,1,1,-1,-1,1,1,1,1,1,-1,1,-1,-1,1,1,1,-1,1,1,1,1,-1,1,1,1,1,1,1,-1,1,-1,1,1,-1,1,-1,1,1,-1,1,-1,1,-1,1,-1,1,1,-1,1,-1,1,1,1,1,-1,-1,1,1,-1,-1,1,-1,1,1,-1,1,-1,1,-1,1,-1,1,-1,1,1,-1,-1,1,-1,1,-1,1,-1,1,1,1,-1,1,1,-1,1,-1,1,-1,1,-1,1,-1,1,1,-1,1,-1,-1,1,-1,1,-1,1,-1,-1,-1,-1,1,-1,-1,1,1,-1,1,1,1,-1,1,1,-1,1,1,1,1,-1,1,-1,1,1,-1,1,-1,1,1,1,-1,1,1,1,1,-1,-1,1,-1,-1,-1,1,1,-1,1,1,1,-1,1,1,1,1,1,1,-1,1,-1,1,1,1,-1,-1,1,-1,1,1,1,-1,1,1,-1,-1,1,1,1,-1,1,-1,1,1,1,-1,1,1,-1,1,1,1,-1,1,1,-1,1,1,1,-1,1,1,-1,-1,1,1,-1,1,1,-1,1,-1,1,-1,1,1,1,-1,1,1,1,-1,1,1,-1,1,1,-1,1,1,1,-1,-1,-1,-1,1,1,1,-1,1,1,-1,1,1,-1,-1,1,1,1,1,1,-1,1,1,1,-1,1,1,1,-1,-1,1,1,1,-1,1,-1,1,1,1,1,1,1,-1,-1,-1,1,-1,-1,1,1,-1,1,1,-1,1,1,1,1,-1,1,-1,-1,1,-1,1,-1,1,1,1,1,1,1,-1,-1,1,-1,1,1,1,-1,1,1,1,-1,1,1,-1,-1,1,-1,1,1,1,-1,1,1,1,1,1,1,-1,1,-1,-1,1,1,-1,1,1,-1,1,1,1,-1,-1,1,-1,1,1,1,-1,-1,1,-1,-1,1,1,-1,-1,1,-1,1,1,1,1,-1,1,-1,-1,1,1,1,-1,1,-1,-1,1,1,-1,-1,1,-1,-1,1,-1,1,-1,-1,1,-1,1,-1,1,-1,1,1,-1,-1,1,1,1,-1,1,-1,1,-1,-1,-1,1,-1,-1,-1,1,-1,-1,-1,1,1,-1,1,-1,1,1,1,-1,1,1,-1,-1,-1,1,-1,-1,1,-1,-1,1,1,1,-1,1,-1,-1,1,1,-1,-1,1,-1,-1,1,1,-1,-1,1,-1,-1,-1,1,1,-1,1,-1,-1,-1,1,-1,-1,1,-1,1,-1,1,1,-1,-1,1,-1,-1,-1,-1,-1,1,1,1,-1,-1,1,-1,-1,1,-1,-1,1,-1,-1,1,1,-1,-1,1,-1,-1,1,1,-1,1,-1,1,-1,-1,1,1,-1,-1,-1,-1,-1,1,-1,-1,1,-1,-1,-1,1,1,-1,-1,-1,-1,-1,1,-1,-1,-1,-1,-1,-1,1,1,-1,-1,-1,-1,-1,1,1,-1,-1,-1,-1,-1,1,1,1,-1,-1,-1,-1,1,1,-1,-1,-1,-1,1,-1,1,1,-1,-1,1,1,-1,1,1,-1,-1,-1,1,1,1,1,1,-1,1,-1,1,1,-1,1,-1,-1,1,-1,1,-1,1,-1,-1,1,-1,1,-1,-1,-1,-1,-1,-1,1,-1,1,1,-1,1,-1,1,-1,1,1,1,-1,1,1,-1,-1,-1,-1,1,-1,-1,-1,-1,-1,-1,1,-1,1,-1,-1,-1,-1,-1,1,-1,1,-1,-1,-1,1,-1,-1,1,-1,-1,-1,-1,1,1,1,-1,-1,-1,-1,-1,1,-1,-1,-1,1,-1,-1,1,-1,1,-1,-1,-1,-1,-1,-1,-1,1,-1,-1,-1,1,1,-1,-1,-1,1,1,-1,-1,-1,-1,1,-1,-1,1,1,1,-1,-1,-1,-1,1,-1,1,1,-1,1,-1,-1,1,1,-1,-1,-1,-1,-1,-1,1,1,-1,-1,1,-1,1,1,-1,-1,-1,1,-1,1,1,-1,-1,1,-1,-1,1,1,1,-1,1,-1,1,1,1,-1,-1,1,-1,-1,1,1,1,-1,1,-1,-1,1,1,-1,1,1,-1,-1,1,1,-1,1,1,-1,-1,1,1,-1,1,1,-1,-1,1,1,1,1,1,1,-1,-1,1,1,-1,1,-1,-1,1,-1,1,1,1,1,-1,-1,1,-1,1,1,1,-1,1,-1,1,1,-1,1,-1,1,1,1,1,1,1,1,-1,-1,1,1,1,-1,1,-1,1,1,1,1,1,-1,1,-1,1,1,-1,1,1,-1,1,1,-1,1,1,-1,-1,1,1,1,1,-1,1,-1,-1,1,1,-1,-1,1,-1,1,1,1,-1,1,-1,-1,-1,1,1,-1,-1,1,-1,-1,1,1,-1,-1,1,-1,-1,1,1,1,-1,1,-1,-1,1,1,-1,-1,-1,1,-1,-1,1,-1,1,1,-1,1,1,-1,-1,1,1,-1,-1,1,1,-1,1,1,-1,1,1,-1,-1,-1,-1,1,-1,-1,-1,-1,1,-1,-1,1,1,-1,1,1,-1,1,1,1,1,-1,1,-1,1,1,1,1,-1,1,-1,-1,1,1,1,-1,1,-1,1,1,1,1,-1,1,-1,1,1,1,-1,-1,1,-1,-1,1,1,-1,-1,-1,1,-1,1,1,1,-1,1,-1,-1,1,-2666.0,1,2000,445,1000,False
1983,1,1,-1,-1,1,1,-1,-1,1,1,1,-1,1,1,1,1,-1,1,1,-1,1,-1,1,1,1,1,-1,-1,1,1,1,1,-1,-1,-1,-1,1,1,1,1,-1,-1,-1,1,1,1,1,-1,1,1,1,1,-1,1,-1,-1,1,-1,1,1,1,-1,-1,-1,1,1,1,1,-1,-1,-1,1,1,1,1,-1,-1,-1,1,1,1,-1,-1,-1,1,1,1,1,-1,-1,-1,1,1,1,1,-1,-1,1,1,-1,1,1,-1,-1,1,1,1,1,1,-1,-1,1,1,-1,1,1,-1,-1,1,1,1,1,1,1,-1,-1,1,1,-1,1,1,-1,1,1,1,1,1,1,-1,-1,1,1,1,1,1,-1,1,1,1,1,1,1,-1,-1,-1,1,1,1,1,-1,1,1,1,1,-1,1,-1,1,-1,1,1,1,-1,-1,1,1,1,1,1,-1,1,-1,-1,1,1,1,-1,1,1,1,1,-1,1,1,1,1,-1,1,-1,1,-1,1,1,-1,1,-1,1,1,-1,1,-1,1,-1,1,-1,1,1,-1,1,-1,1,1,1,1,-1,-1,1,1,-1,-1,1,-1,1,-1,1,1,-1,1,-1,1,-1,1,-1,1,1,-1,-1,1,-1,1,-1,1,-1,1,1,1,-1,1,1,-1,1,-1,1,-1,1,-1,1,-1,1,1,-1,1,-1,-1,-1,-1,1,-1,1,-1,-1,-1,-1,1,-1,-1,1,1,-1,1,1,1,-1,1,1,-1,1,1,1,1,-1,1,-1,1,1,-1,1,-1,1,-1,1,-1,1,1,1,1,-1,-1,1,-1,-1,-1,1,1,-1,1,1,1,-1,1,1,1,1,1,1,-1,1,-1,1,1,1,-1,1,1,-1,1,1,1,-1,1,1,-1,-1,1,1,1,-1,1,-1,1,1,1,-1,1,1,-1,1,1,1,-1,1,1,-1,1,1,1,-1,1,1,1,-1,1,1,-1,1,1,-1,1,-1,1,-1,1,1,1,-1,1,1,1,-1,1,1,-1,1,1,-1,1,-1,1,-1,-1,-1,-1,1,1,1,-1,1,1,-1,1,1,-1,-1,1,1,1,1,1,-1,1,1,1,-1,1,1,1,-1,-1,1,1,1,-1,1,-1,1,1,1,1,1,1,-1,-1,-1,1,-1,-1,1,1,-1,1,1,-1,1,1,1,1,-1,1,-1,-1,1,-1,1,-1,1,1,1,1,1,1,-1,-1,1,-1,1,1,1,-1,1,1,1,-1,1,1,-1,-1,1,-1,1,1,1,-1,1,1,1,1,1,1,-1,1,-1,-1,1,1,-1,1,1,-1,1,1,1,-1,-1,1,-1,1,1,1,-1,-1,1,1,-1,1,1,-1,-1,1,-1,1,1,1,1,-1,1,-1,-1,1,1,1,-1,1,-1,1,1,1,-1,-1,1,-1,-1,1,-1,1,-1,-1,1,-1,1,-1,1,-1,1,1,-1,-1,1,1,1,-1,1,-1,1,-1,-1,1,1,-1,-1,-1,1,-1,-1,-1,1,1,-1,1,-1,1,1,1,-1,1,1,-1,1,-1,1,-1,-1,1,-1,-1,1,1,1,-1,1,-1,-1,1,1,-1,-1,1,-1,-1,1,1,-1,-1,1,-1,-1,-1,1,1,-1,1,1,-1,-1,1,-1,-1,1,-1,1,-1,1,1,-1,-1,1,-1,-1,-1,-1,-1,1,1,1,-1,-1,1,-1,-1,1,-1,-1,1,-1,-1,1,1,-1,-1,1,1,-1,1,1,-1,1,-1,1,-1,-1,1,1,-1,-1,-1,-1,1,1,-1,-1,1,-1,-1,-1,1,1,-1,-1,-1,-1,-1,1,-1,-1,-1,-1,-1,1,1,1,-1,-1,-1,-1,-1,1,1,-1,-1,-1,-1,-1,1,1,1,-1,-1,-1,-1,1,1,-1,-1,-1,-1,1,-1,1,1,-1,-1,1,1,-1,1,1,-1,-1,-1,1,1,1,-1,1,-1,1,1,1,1,-1,1,-1,-1,1,-1,1,-1,1,-1,-1,1,-1,1,-1,-1,-1,-1,1,-1,1,-1,1,-1,-1,1,-1,1,-1,1,-1,1,-1,-1,1,-1,-1,-1,-1,1,-1,-1,-1,-1,-1,-1,1,-1,1,-1,-1,-1,-1,1,1,-1,1,-1,-1,-1,1,-1,-1,1,-1,-1,-1,-1,1,1,1,-1,-1,-1,-1,-1,1,-1,-1,-1,1,-1,-1,1,-1,1,-1,-1,-1,-1,-1,-1,-1,1,-1,-1,-1,1,1,-1,-1,-1,-1,1,-1,-1,-1,-1,1,-1,-1,1,-1,1,-1,-1,-1,-1,1,-1,1,1,-1,1,-1,-1,1,1,-1,-1,-1,-1,-1,-1,1,1,-1,-1,1,-1,1,1,-1,-1,-1,1,-1,1,1,-1,-1,1,-1,-1,1,1,1,-1,1,-1,1,1,1,-1,-1,1,-1,-1,1,1,1,-1,1,-1,-1,1,1,-1,1,1,-1,-1,1,1,-1,1,1,-1,-1,1,1,-1,1,1,-1,-1,1,1,1,1,1,1,-1,-1,1,-1,1,1,-1,-1,1,-1,1,1,1,1,-1,-1,1,-1,1,1,1,-1,1,-1,1,1,-1,1,-1,1,1,1,1,1,1,1,-1,-1,1,1,1,-1,1,-1,1,1,1,1,1,-1,1,-1,1,1,-1,1,1,-1,1,1,-1,1,1,-1,-1,1,1,1,1,-1,1,-1,-1,1,1,-1,-1,1,-1,1,1,1,-1,1,-1,-1,-1,1,1,-1,-1,1,-1,-1,1,1,-1,-1,1,-1,-1,1,1,1,-1,1,-1,-1,1,1,-1,-1,-1,1,-1,1,1,-1,1,1,-1,1,1,-1,-1,1,1,-1,-1,1,1,-1,1,1,-1,1,1,-1,-1,-1,-1,1,-1,-1,-1,-1,1,-1,-1,1,1,-1,1,1,-1,1,1,1,1,-1,1,-1,1,1,1,1,-1,1,-1,-1,1,1,1,-1,1,-1,1,1,1,1,-1,1,-1,1,1,-1,-1,-1,1,-1,-1,1,1,-1,-1,-1,1,-1,1,-1,1,-1,1,-1,-1,1,-2666.0,1,2000,445,500,False
1984,-1,-1,1,1,1,1,-1,1,-1,-1,-1,1,-1,1,-1,-1,1,-1,1,1,-1,-1,-1,-1,-1,1,-1,-1,-1,-1,-1,-1,1,1,-1,-1,1,-1,-1,-1,1,-1,-1,-1,-1,-1,1,1,-1,1,-1,-1,1,1,1,-1,-1,1,-1,-1,1,1,1,1,-1,-1,-1,1,1,-1,-1,1,-1,-1,1,-1,-1,-1,1,-1,-1,-1,1,-1,1,-1,-1,1,1,1,-1,-1,-1,-1,1,1,-1,1,1,1,-1,1,1,-1,1,1,-1,-1,1,1,-1,1,1,1,-1,1,1,-1,1,1,-1,-1,1,1,-1,1,1,-1,1,1,1,-1,1,1,-1,1,1,1,-1,-1,1,-1,1,1,1,-1,1,1,1,-1,1,1,-1,-1,-1,1,-1,1,1,-1,1,1,1,1,1,1,-1,1,1,-1,1,1,1,-1,1,1,-1,-1,1,1,1,-1,-1,1,1,1,-1,1,1,1,1,1,1,1,1,1,-1,1,1,1,-1,1,1,-1,1,1,1,1,-1,1,-1,-1,1,1,-1,1,1,-1,1,1,1,1,1,1,-1,-1,1,1,-1,-1,1,-1,1,1,-1,1,1,1,-1,1,1,1,-1,1,1,-1,-1,1,1,1,-1,1,-1,1,1,1,-1,1,1,-1,1,-1,1,-1,1,-1,1,-1,1,1,-1,1,-1,-1,1,1,1,-1,1,-1,-1,-1,-1,1,-1,-1,1,1,-1,-1,1,1,-1,1,1,-1,1,1,1,-1,-1,1,-1,1,1,-1,1,-1,1,1,-1,1,1,-1,-1,1,-1,-1,1,-1,1,-1,1,1,-1,1,1,1,-1,1,-1,-1,1,1,-1,-1,1,-1,-1,1,1,1,-1,1,-1,-1,1,1,-1,1,1,-1,1,-1,1,-1,-1,1,-1,1,1,1,1,1,1,-1,1,1,1,1,1,-1,-1,1,1,1,1,1,-1,-1,1,-1,1,1,1,-1,-1,1,-1,1,-1,1,1,-1,1,-1,1,1,1,1,-1,-1,1,1,1,-1,-1,-1,1,1,-1,-1,1,-1,-1,1,-1,1,-1,1,-1,1,1,-1,1,1,1,-1,-1,1,-1,1,-1,1,-1,-1,1,-1,1,1,1,1,-1,1,1,-1,1,1,-1,-1,1,-1,-1,1,-1,1,-1,-1,1,-1,-1,1,-1,-1,1,1,-1,1,-1,1,-1,-1,1,-1,1,-1,-1,-1,-1,1,-1,-1,1,1,-1,-1,1,-1,1,1,-1,1,-1,1,-1,1,-1,1,-1,-1,-1,-1,1,-1,-1,1,-1,1,-1,1,-1,1,-1,-1,-1,1,1,-1,1,-1,-1,-1,-1,1,-1,-1,1,-1,-1,1,-1,1,1,1,1,-1,-1,1,-1,-1,1,-1,-1,-1,1,-1,1,-1,1,-1,-1,-1,-1,1,-1,1,-1,-1,1,-1,1,1,1,-1,-1,-1,1,1,-1,1,-1,-1,-1,1,1,1,-1,1,1,-1,1,1,1,1,1,-1,1,-1,-1,-1,1,-1,1,1,-1,1,-1,1,-1,1,-1,-1,-1,1,1,-1,1,1,-1,1,-1,1,-1,1,1,-1,1,-1,1,-1,-1,-1,-1,1,-1,1,-1,-1,-1,-1,1,-1,1,-1,1,1,1,-1,-1,1,-1,1,1,-1,1,-1,1,-1,-1,1,-1,1,-1,-1,1,1,1,1,1,-1,-1,1,1,1,-1,1,-1,1,1,1,1,-1,-1,-1,1,1,1,1,-1,-1,-1,1,-1,1,-1,1,1,-1,-1,1,1,-1,-1,1,-1,-1,1,1,-1,1,1,1,-1,1,1,1,1,-1,1,-1,1,-1,1,-1,1,1,-1,1,1,1,1,1,1,-1,1,1,1,-1,1,1,-1,1,1,-1,1,1,1,1,1,1,1,1,1,1,-1,-1,1,1,-1,1,-1,-1,-1,1,1,-1,1,-1,1,1,-1,1,1,1,-1,-1,1,-1,1,-1,1,1,1,-1,-1,1,-1,1,-1,-1,1,-1,1,1,1,-1,-1,1,-1,1,-1,1,1,-1,1,-1,1,-1,1,1,-1,-1,-1,1,1,1,-1,1,1,-1,1,1,1,1,-1,-1,1,-1,1,1,1,-1,-1,-1,-1,1,1,-1,1,-1,1,-1,1,1,1,-1,-1,-1,-1,1,1,-1,-1,-1,-1,1,-1,1,-1,-1,-1,1,-1,1,1,-1,-1,-1,1,-1,1,1,-1,-1,-1,1,1,1,1,-1,1,-1,1,-1,1,1,-1,-1,-1,-1,1,1,1,-1,-1,-1,1,-1,1,1,-1,1,-1,-1,1,1,1,-1,-1,-1,-1,-1,1,-1,-1,-1,1,-1,1,1,-1,-1,-1,1,-1,1,1,1,-1,1,-1,-1,1,1,1,-1,1,-1,1,1,1,-1,-1,1,-1,-1,1,1,-1,-1,1,-1,-1,1,1,-1,1,1,-1,-1,1,1,-1,-1,1,-1,-1,1,1,-1,-1,1,-1,-1,1,1,-1,-1,-1,1,-1,1,1,-1,-1,1,-1,-1,1,-1,1,-1,1,1,-1,-1,1,-1,1,-1,1,-1,1,1,-1,1,-1,1,-1,1,1,-1,1,1,1,-1,-1,-1,-1,1,1,-1,1,-1,1,-1,1,1,-1,1,-1,1,1,1,-1,-1,1,-1,1,1,-1,1,-1,-1,-1,1,-1,1,-1,1,-1,-1,1,-1,1,-1,-1,-1,-1,1,-1,1,-1,1,-1,-1,-1,1,1,-1,1,-1,-1,-1,-1,1,-1,1,1,-1,1,-1,1,1,1,1,-1,-1,1,1,-1,-1,1,1,1,1,1,-1,1,-1,-1,1,1,-1,-1,1,-1,-1,-1,-1,1,-1,1,1,1,1,1,-1,-1,-1,-1,-1,-1,-1,-1,-1,1,-1,1,1,1,-1,1,1,-1,1,1,1,1,-1,1,-1,1,1,1,1,-1,1,-1,1,1,1,1,-1,1,-1,1,1,1,1,-1,1,-1,1,1,1,-1,-1,1,-1,-1,1,1,-1,-1,-1,1,-1,1,1,1,-1,1,-1,-1,1,-2666.0,1,2000,445,1500,True
1985,1,1,-1,-1,1,-1,1,1,1,1,1,-1,1,1,1,1,-1,1,-1,-1,1,1,1,1,1,-1,-1,-1,1,1,1,1,1,-1,-1,1,-1,1,1,1,-1,-1,1,1,1,1,1,-1,1,1,1,1,-1,1,-1,-1,1,-1,1,1,1,-1,-1,1,1,1,1,1,-1,-1,1,-1,1,1,1,-1,-1,1,-1,1,1,-1,-1,-1,-1,1,1,1,-1,-1,-1,1,-1,1,1,-1,-1,1,-1,1,1,1,-1,-1,1,-1,-1,1,1,-1,-1,1,-1,-1,1,1,-1,-1,1,-1,-1,1,1,1,-1,-1,-1,-1,1,1,1,-1,1,-1,-1,1,1,1,-1,-1,-1,-1,1,1,1,-1,1,-1,-1,-1,1,1,-1,-1,1,-1,1,1,1,-1,1,1,-1,-1,1,1,-1,1,1,-1,1,1,-1,-1,1,-1,-1,1,1,-1,1,-1,1,-1,1,1,-1,1,1,-1,-1,-1,1,1,1,1,1,-1,-1,1,-1,1,1,1,-1,-1,1,1,-1,1,1,-1,1,1,-1,1,1,1,-1,1,1,1,1,1,1,1,-1,1,-1,-1,1,1,1,-1,1,1,-1,1,1,-1,-1,1,-1,1,1,1,1,-1,1,1,-1,1,1,-1,1,1,-1,1,1,1,-1,-1,1,-1,1,-1,1,1,1,1,-1,1,-1,1,1,1,1,-1,1,-1,1,1,1,1,-1,-1,1,1,1,1,1,1,-1,1,1,1,-1,1,1,-1,-1,1,1,1,1,-1,1,-1,1,1,1,-1,1,-1,-1,1,1,1,1,-1,1,-1,1,-1,1,1,1,1,-1,1,1,1,1,1,1,-1,1,1,1,1,1,1,1,1,1,1,1,1,-1,1,1,1,1,-1,1,-1,1,1,1,1,1,1,1,-1,1,1,1,1,1,1,-1,1,1,1,1,1,1,-1,1,1,1,1,1,-1,-1,1,1,-1,-1,1,1,-1,-1,1,-1,1,1,1,1,-1,1,1,-1,1,1,-1,1,1,1,-1,-1,-1,-1,-1,1,1,-1,1,-1,-1,1,1,-1,1,1,1,-1,1,1,-1,1,1,-1,-1,1,1,-1,-1,1,1,1,-1,1,-1,1,1,1,-1,1,1,1,-1,-1,1,1,1,1,1,-1,1,1,-1,1,1,1,1,-1,1,1,-1,1,-1,1,-1,1,-1,-1,-1,1,1,-1,-1,1,-1,1,1,-1,-1,1,1,1,1,-1,1,-1,-1,1,-1,1,1,1,-1,1,1,1,1,1,1,-1,1,-1,1,-1,1,-1,-1,1,1,1,-1,1,-1,-1,1,-1,1,-1,1,-1,-1,1,1,-1,1,1,-1,-1,1,-1,1,-1,1,1,-1,1,-1,-1,-1,1,1,-1,-1,1,1,-1,1,-1,-1,1,-1,-1,1,1,1,-1,-1,1,-1,1,1,1,1,-1,1,-1,-1,1,1,1,-1,1,-1,1,-1,-1,1,1,-1,1,1,-1,-1,1,1,1,-1,1,-1,1,-1,1,1,1,-1,-1,-1,1,-1,1,1,1,-1,-1,-1,1,1,-1,1,-1,-1,-1,1,1,-1,1,-1,-1,1,1,1,-1,1,-1,-1,-1,-1,1,1,1,-1,1,-1,-1,1,-1,1,-1,-1,1,1,-1,-1,1,1,-1,-1,-1,-1,-1,1,1,-1,-1,-1,1,-1,1,1,-1,-1,1,-1,1,1,-1,-1,-1,-1,-1,1,1,-1,1,-1,-1,1,1,1,1,-1,-1,-1,-1,-1,1,1,-1,-1,-1,1,-1,1,1,-1,-1,-1,-1,1,1,1,-1,1,-1,1,-1,1,1,-1,-1,-1,-1,-1,1,1,-1,-1,-1,1,-1,1,1,-1,-1,1,1,-1,1,1,-1,-1,-1,1,-1,1,1,1,-1,1,-1,-1,-1,-1,1,-1,-1,-1,-1,1,-1,-1,-1,1,1,-1,1,1,-1,-1,1,1,-1,1,-1,-1,1,-1,-1,-1,1,1,-1,1,-1,-1,-1,-1,1,-1,-1,1,-1,-1,-1,1,-1,1,-1,1,-1,-1,-1,-1,-1,1,-1,-1,-1,1,-1,1,-1,-1,-1,-1,-1,-1,-1,1,-1,-1,-1,1,1,-1,1,-1,-1,-1,1,-1,-1,1,-1,-1,-1,-1,-1,1,1,-1,-1,-1,-1,-1,1,-1,-1,-1,1,-1,-1,1,-1,1,-1,-1,-1,-1,-1,-1,-1,1,-1,-1,-1,1,1,-1,-1,-1,-1,1,-1,-1,-1,-1,-1,-1,-1,1,1,1,-1,-1,-1,-1,1,-1,1,1,-1,1,-1,-1,1,1,-1,-1,-1,-1,-1,-1,1,1,-1,-1,1,-1,1,1,-1,-1,-1,1,-1,1,1,-1,-1,1,-1,-1,1,1,1,-1,1,-1,1,1,1,-1,-1,1,-1,-1,1,1,1,-1,1,-1,-1,1,1,-1,1,1,-1,-1,1,1,1,1,1,-1,-1,1,1,1,1,1,-1,-1,1,1,1,1,1,1,-1,-1,1,1,-1,1,-1,-1,1,-1,1,1,1,1,-1,-1,1,-1,1,1,1,-1,1,1,1,1,-1,1,-1,1,1,1,1,1,1,-1,-1,1,1,1,1,-1,1,-1,1,1,1,1,1,-1,1,1,1,1,-1,-1,1,-1,1,1,-1,1,-1,-1,-1,1,1,1,-1,1,-1,-1,1,1,1,-1,-1,1,-1,1,1,1,-1,-1,1,-1,-1,1,1,-1,1,-1,-1,-1,1,1,-1,1,-1,1,-1,1,1,1,1,1,-1,-1,1,1,-1,-1,1,1,-1,-1,1,-1,1,-1,-1,1,1,-1,-1,1,-1,-1,-1,1,1,-1,1,1,-1,1,1,-1,-1,-1,1,-1,-1,-1,-1,-1,1,-1,1,-1,1,-1,1,1,1,-1,1,1,1,-1,1,1,-1,1,1,1,-1,1,1,1,1,1,1,-1,-1,1,-1,1,1,1,-1,1,1,-1,1,-1,-1,-1,1,1,1,1,1,-1,-1,-1,1,-1,1,-1,1,-1,1,-1,1,1,-2666.0,1,2000,445,1000,True
1986,1,1,-1,-1,1,1,-1,1,1,1,1,-1,1,1,1,1,-1,1,-1,-1,1,1,1,1,1,-1,1,-1,1,1,1,1,1,-1,-1,1,-1,1,1,-1,-1,-1,1,1,1,1,1,-1,1,-1,1,1,-1,1,-1,-1,1,-1,1,1,1,-1,-1,-1,1,1,1,1,-1,-1,1,-1,1,1,1,-1,-1,1,1,1,1,-1,-1,-1,-1,1,1,1,-1,-1,-1,1,-1,1,1,-1,-1,1,-1,1,1,1,-1,-1,1,-1,-1,1,1,-1,-1,1,-1,-1,1,1,-1,-1,1,-1,-1,1,1,1,-1,1,-1,-1,1,1,1,-1,1,-1,-1,1,1,1,-1,-1,-1,-1,-1,1,1,-1,1,-1,-1,-1,1,1,-1,-1,1,-1,-1,1,1,-1,1,-1,-1,-1,1,1,-1,1,1,-1,1,1,-1,-1,1,-1,-1,1,1,-1,1,-1,1,-1,1,1,-1,1,1,-1,-1,-1,1,1,1,1,1,-1,-1,1,-1,1,1,1,-1,-1,1,1,-1,1,1,-1,1,1,-1,1,1,1,-1,1,1,1,1,1,1,1,-1,1,-1,-1,1,1,-1,-1,1,1,-1,1,1,-1,-1,1,-1,1,1,1,1,-1,1,1,-1,1,1,-1,1,1,-1,1,1,1,-1,-1,1,-1,1,-1,1,1,1,1,-1,1,-1,1,1,1,1,-1,1,-1,1,1,1,1,-1,-1,1,1,1,1,1,1,-1,1,1,-1,-1,1,1,-1,-1,1,1,1,1,-1,1,-1,1,1,1,-1,1,-1,-1,1,1,1,1,-1,1,-1,1,-1,1,1,1,1,-1,1,1,1,1,1,-1,-1,1,1,1,1,1,1,-1,1,1,1,1,1,-1,1,1,1,-1,1,1,-1,1,1,1,-1,1,1,1,1,1,-1,1,1,1,1,1,1,1,1,1,1,1,1,1,1,-1,1,1,1,1,1,1,1,-1,1,-1,1,-1,1,-1,1,1,1,1,-1,1,1,-1,1,1,1,1,1,-1,-1,-1,-1,1,1,1,-1,1,1,-1,1,1,-1,1,-1,1,1,1,1,-1,1,1,1,-1,1,1,1,1,-1,1,-1,-1,-1,1,-1,1,-1,-1,1,1,1,-1,-1,-1,1,-1,1,1,-1,1,-1,-1,1,1,1,1,-1,-1,1,-1,-1,1,-1,1,-1,-1,-1,1,1,1,1,-1,-1,1,-1,1,1,-1,-1,1,-1,1,-1,1,-1,-1,-1,1,-1,1,-1,-1,-1,-1,-1,1,1,-1,1,-1,-1,1,1,1,-1,-1,1,-1,1,-1,1,-1,-1,-1,1,-1,1,1,-1,-1,1,-1,1,-1,1,1,-1,-1,1,-1,1,-1,1,-1,-1,1,-1,-1,-1,1,-1,-1,1,-1,1,-1,1,-1,-1,1,-1,-1,1,1,-1,-1,-1,1,-1,1,1,-1,-1,-1,1,-1,-1,1,1,1,-1,1,-1,1,-1,1,-1,1,-1,1,1,-1,-1,1,-1,1,-1,1,-1,1,-1,1,1,1,-1,-1,-1,-1,-1,1,-1,1,-1,-1,-1,1,1,-1,1,-1,-1,-1,1,1,-1,1,-1,-1,1,1,1,-1,1,-1,-1,-1,-1,1,1,1,-1,1,-1,-1,1,-1,1,-1,1,1,-1,1,-1,1,1,-1,-1,-1,-1,-1,1,1,-1,1,-1,1,-1,-1,1,-1,-1,-1,-1,1,1,-1,-1,-1,-1,-1,1,1,-1,1,-1,1,1,1,1,1,-1,-1,-1,-1,-1,1,-1,1,-1,-1,1,-1,1,1,-1,1,-1,-1,1,1,1,-1,1,-1,1,-1,1,1,-1,-1,-1,-1,-1,1,1,-1,1,-1,1,-1,1,1,1,-1,1,-1,-1,1,1,-1,-1,-1,1,-1,1,1,1,-1,1,-1,-1,-1,-1,1,-1,1,-1,-1,1,-1,-1,1,-1,1,-1,1,1,-1,1,-1,1,-1,1,-1,1,-1,1,-1,-1,1,1,-1,1,-1,-1,-1,-1,1,-1,1,-1,1,-1,-1,1,-1,1,1,-1,-1,-1,-1,1,1,1,1,-1,-1,1,-1,-1,1,1,-1,-1,-1,-1,1,-1,1,-1,-1,1,1,-1,1,1,-1,-1,1,-1,-1,1,1,-1,-1,-1,-1,1,-1,1,-1,-1,-1,-1,-1,1,-1,-1,1,-1,-1,1,-1,1,-1,-1,-1,-1,-1,1,1,1,-1,-1,-1,1,1,1,-1,-1,-1,1,-1,-1,1,-1,-1,-1,-1,1,1,1,-1,-1,-1,-1,1,-1,1,1,-1,1,-1,-1,1,1,-1,-1,-1,-1,-1,-1,1,1,-1,-1,1,-1,1,1,-1,-1,-1,1,-1,1,1,-1,-1,1,-1,-1,1,1,1,-1,1,-1,1,1,1,-1,-1,1,-1,-1,1,1,1,-1,1,-1,-1,1,1,-1,1,1,-1,-1,1,1,1,1,1,-1,-1,1,1,-1,1,1,-1,-1,1,1,1,1,1,1,-1,1,1,1,-1,1,-1,-1,1,-1,1,1,1,1,-1,-1,1,-1,1,1,1,-1,1,1,1,1,-1,1,-1,1,1,1,1,1,1,-1,1,-1,1,1,1,-1,1,-1,1,1,1,1,-1,1,1,1,1,1,-1,-1,1,1,1,1,-1,1,-1,1,1,-1,1,1,-1,1,-1,1,-1,1,1,-1,-1,-1,-1,1,1,1,-1,1,-1,1,-1,1,1,-1,1,-1,1,-1,1,1,-1,1,-1,1,-1,-1,1,1,1,1,-1,1,1,1,-1,-1,1,-1,1,-1,1,-1,1,-1,1,1,1,-1,-1,1,-1,1,-1,1,1,-1,1,-1,1,1,1,-1,-1,-1,-1,-1,-1,-1,-1,-1,1,-1,1,1,1,-1,1,1,-1,-1,1,1,1,-1,1,-1,1,1,1,1,-1,1,-1,1,1,1,1,-1,1,-1,1,1,1,1,-1,1,-1,1,-1,-1,-1,-1,1,-1,-1,1,1,-1,-1,-1,1,1,1,-1,1,-1,1,-1,-1,1,-2666.0,1,2000,445,1000,True
1987,-1,-1,1,1,1,1,-1,1,-1,-1,-1,1,-1,1,-1,-1,1,-1,1,1,1,-1,-1,-1,-1,1,-1,-1,-1,-1,-1,-1,1,1,-1,-1,1,-1,-1,-1,1,-1,-1,-1,-1,-1,1,-1,1,1,-1,-1,1,-1,1,-1,-1,1,-1,-1,-1,1,1,1,-1,-1,-1,-1,-1,-1,-1,1,-1,-1,-1,-1,1,-1,1,-1,-1,1,1,-1,1,-1,-1,1,-1,1,-1,-1,-1,-1,-1,-1,1,1,1,1,-1,-1,-1,-1,1,1,1,-1,-1,-1,-1,1,1,1,-1,-1,-1,-1,1,1,1,-1,-1,-1,-1,1,1,1,1,-1,-1,-1,1,1,1,-1,-1,-1,-1,1,1,1,1,-1,-1,-1,-1,1,1,1,-1,-1,-1,1,-1,1,1,1,-1,-1,1,1,1,1,-1,-1,-1,1,-1,1,-1,-1,-1,-1,1,1,1,1,-1,-1,1,-1,-1,1,-1,-1,-1,1,1,1,1,1,-1,-1,1,1,-1,1,1,-1,1,-1,1,-1,1,1,-1,-1,-1,1,-1,1,1,-1,-1,1,1,-1,1,1,-1,1,1,1,-1,-1,1,1,-1,-1,1,-1,1,1,-1,1,-1,1,-1,1,1,-1,1,1,1,-1,-1,1,-1,-1,1,1,-1,1,-1,-1,1,1,1,-1,1,1,-1,1,1,-1,1,-1,-1,-1,1,1,-1,-1,1,-1,-1,1,1,-1,-1,-1,1,-1,-1,1,1,1,-1,1,-1,1,1,1,1,-1,-1,-1,-1,1,-1,1,-1,-1,-1,1,1,-1,1,1,-1,-1,-1,1,1,1,-1,-1,-1,1,1,-1,1,1,-1,-1,1,1,-1,1,-1,-1,-1,1,1,1,1,-1,-1,-1,1,-1,1,1,-1,-1,1,-1,-1,1,1,-1,1,1,1,1,-1,1,-1,1,1,1,-1,1,1,-1,-1,1,1,-1,1,-1,-1,-1,1,1,-1,1,-1,-1,1,-1,1,-1,1,-1,-1,1,-1,1,-1,1,1,-1,1,-1,1,1,1,1,-1,-1,1,1,-1,1,-1,-1,1,1,-1,-1,1,1,-1,1,-1,1,-1,1,-1,1,1,-1,1,1,1,-1,1,1,-1,1,-1,1,-1,-1,1,-1,1,1,1,1,-1,1,1,1,1,1,-1,-1,1,-1,-1,1,-1,1,-1,-1,1,-1,1,1,-1,-1,-1,1,-1,1,-1,1,-1,1,1,-1,1,1,-1,-1,-1,1,-1,-1,1,1,-1,-1,1,-1,1,1,-1,1,-1,1,-1,-1,1,1,-1,-1,-1,-1,1,1,-1,1,-1,1,-1,1,-1,1,-1,-1,-1,1,1,-1,1,-1,-1,-1,-1,1,-1,-1,1,-1,-1,-1,1,-1,1,1,1,-1,-1,1,-1,-1,1,-1,-1,-1,1,1,1,-1,1,-1,-1,1,-1,1,-1,1,-1,-1,1,-1,1,1,1,-1,-1,-1,1,1,-1,1,-1,-1,-1,1,1,1,-1,1,1,-1,1,1,1,1,1,-1,1,-1,-1,-1,1,-1,-1,1,-1,1,-1,1,-1,1,-1,-1,-1,1,1,-1,1,1,-1,1,-1,1,-1,1,1,-1,1,-1,1,-1,-1,-1,-1,1,-1,1,-1,-1,-1,-1,1,-1,1,-1,1,1,1,-1,-1,1,-1,1,1,-1,1,-1,1,-1,-1,1,-1,1,-1,-1,1,1,1,1,1,-1,1,1,1,1,-1,1,-1,-1,1,1,1,-1,-1,-1,1,1,1,1,-1,-1,-1,1,-1,1,-1,1,1,-1,-1,1,1,-1,-1,-1,-1,-1,1,1,-1,1,1,-1,-1,1,1,1,1,1,-1,-1,1,-1,1,-1,1,-1,1,1,1,1,1,1,-1,-1,1,-1,1,-1,1,-1,-1,1,1,-1,1,1,-1,-1,1,1,1,1,1,1,-1,1,1,-1,-1,1,-1,-1,1,1,1,-1,1,-1,-1,1,-1,-1,1,1,-1,-1,1,-1,1,-1,1,1,-1,1,-1,1,-1,1,-1,-1,1,-1,1,1,1,1,-1,1,-1,1,-1,1,1,-1,1,-1,1,-1,1,1,-1,1,1,1,1,1,-1,1,1,-1,1,1,1,1,-1,1,-1,1,-1,1,1,-1,1,1,-1,1,1,1,-1,1,1,-1,1,1,1,1,1,-1,-1,1,1,1,1,1,-1,1,-1,1,1,1,1,1,-1,1,1,1,1,1,1,-1,1,1,1,1,1,1,1,1,1,1,1,1,1,-1,1,1,1,1,1,-1,1,1,1,1,1,1,1,-1,1,1,1,1,1,-1,1,1,1,1,1,1,-1,-1,1,-1,1,1,1,-1,1,1,1,1,1,-1,-1,1,1,1,1,1,1,-1,1,1,-1,1,1,-1,1,1,1,1,1,1,-1,-1,1,1,1,1,-1,1,-1,1,1,1,-1,1,-1,-1,1,1,1,1,-1,1,-1,1,1,1,1,1,-1,-1,1,1,-1,1,1,-1,-1,-1,1,1,1,-1,-1,-1,1,-1,-1,1,1,-1,-1,-1,1,-1,1,1,-1,-1,1,1,-1,1,1,-1,1,1,1,-1,1,1,-1,1,-1,-1,1,1,1,-1,1,-1,1,1,1,-1,1,-1,1,1,1,1,-1,-1,1,-1,1,1,-1,1,1,-1,-1,1,-1,1,1,-1,1,-1,1,-1,1,-1,-1,1,-1,1,-1,1,-1,1,-1,-1,-1,1,1,-1,-1,1,-1,-1,-1,1,1,-1,1,-1,-1,-1,1,1,-1,1,-1,-1,1,-1,-1,-1,-1,1,-1,1,-1,-1,1,1,-1,1,1,-1,-1,1,-1,-1,-1,-1,1,-1,1,1,-1,1,-1,1,-1,-1,-1,1,-1,-1,-1,-1,1,-1,-1,1,1,-1,1,1,-1,1,1,-1,-1,-1,1,-1,1,1,1,1,-1,1,-1,-1,1,1,-1,-1,1,-1,1,1,1,-1,-1,1,-1,1,1,-1,-1,-1,1,-1,-1,1,1,-1,-1,-1,1,-1,1,-1,1,-1,1,-1,-1,1,-2666.0,1,2000,445,1500,True
1988,1,1,-1,-1,1,1,-1,1,1,1,1,-1,-1,1,1,1,-1,1,-1,-1,-1,1,1,1,1,-1,-1,-1,1,1,1,1,1,-1,-1,1,-1,1,1,1,-1,-1,1,1,1,1,1,-1,1,-1,1,1,1,1,-1,-1,-1,-1,1,1,-1,-1,-1,1,1,1,1,1,-1,-1,1,-1,1,1,1,-1,-1,1,-1,1,1,-1,-1,-1,-1,1,1,1,-1,-1,-1,-1,-1,1,1,-1,-1,1,-1,1,1,1,-1,-1,1,-1,-1,1,1,-1,-1,-1,-1,-1,1,1,1,-1,1,-1,-1,1,1,1,-1,-1,-1,-1,1,1,-1,-1,1,-1,-1,1,1,1,-1,1,-1,-1,-1,1,-1,-1,1,-1,-1,-1,1,1,-1,-1,1,-1,-1,1,1,-1,1,1,-1,-1,1,-1,-1,1,1,-1,1,1,-1,-1,1,-1,-1,1,1,-1,1,-1,1,-1,1,1,-1,1,1,-1,-1,-1,1,1,1,1,1,-1,-1,1,-1,1,1,1,-1,-1,1,-1,-1,1,1,-1,1,1,-1,1,1,1,-1,1,1,1,1,1,1,1,-1,1,-1,-1,1,1,-1,-1,1,1,-1,1,1,-1,-1,1,-1,1,1,1,1,-1,1,-1,-1,1,1,-1,1,1,-1,1,1,1,-1,-1,1,-1,1,-1,1,1,1,1,-1,1,-1,1,1,1,1,-1,1,-1,1,1,1,1,1,-1,1,1,1,-1,1,-1,-1,1,1,-1,1,1,1,-1,-1,1,1,1,1,-1,1,-1,1,1,-1,1,-1,-1,-1,1,1,1,1,-1,1,-1,1,-1,1,1,1,1,-1,1,1,1,1,1,-1,-1,1,1,1,1,-1,1,-1,1,1,1,1,1,-1,1,1,1,-1,1,1,-1,-1,1,1,1,1,1,1,1,1,-1,1,1,1,1,1,1,1,1,1,1,1,1,1,1,-1,1,1,1,1,1,1,1,-1,1,-1,1,-1,1,-1,1,1,1,1,-1,1,1,-1,1,1,-1,1,1,-1,-1,-1,-1,1,-1,1,-1,1,1,-1,1,1,-1,-1,1,1,1,1,1,-1,1,1,1,-1,1,1,1,1,-1,1,1,1,-1,1,-1,1,-1,1,1,1,1,-1,-1,-1,1,-1,1,1,-1,1,-1,-1,1,1,1,1,-1,-1,1,-1,-1,1,-1,1,-1,1,1,1,1,1,1,-1,-1,1,-1,1,1,-1,-1,1,1,1,-1,1,-1,-1,1,1,-1,1,-1,-1,-1,1,1,1,1,-1,1,-1,1,-1,-1,1,-1,-1,1,1,-1,-1,1,-1,-1,-1,1,-1,1,1,-1,-1,-1,1,-1,-1,1,1,-1,-1,1,-1,1,-1,1,-1,-1,-1,1,-1,-1,1,-1,-1,-1,1,1,-1,1,-1,-1,-1,1,-1,1,1,-1,-1,-1,1,-1,1,1,-1,1,-1,1,-1,-1,1,1,1,-1,1,-1,1,-1,1,1,1,-1,1,1,-1,-1,1,1,1,1,-1,-1,1,-1,1,1,1,-1,-1,-1,-1,-1,1,1,1,-1,-1,-1,1,1,-1,1,-1,-1,-1,1,1,1,1,-1,-1,1,1,1,-1,1,-1,-1,-1,-1,1,1,1,-1,1,-1,-1,1,-1,1,-1,-1,1,-1,1,-1,1,1,-1,-1,-1,-1,-1,1,1,-1,-1,-1,1,-1,1,1,-1,-1,1,-1,1,1,-1,-1,-1,-1,-1,1,1,-1,1,-1,1,1,1,1,1,-1,-1,-1,-1,-1,1,-1,1,-1,-1,1,-1,1,1,-1,1,-1,-1,1,1,1,-1,1,-1,1,-1,1,1,-1,1,-1,-1,-1,1,1,-1,1,-1,1,-1,1,1,1,-1,1,-1,-1,1,1,-1,-1,-1,1,-1,1,1,1,-1,1,-1,-1,-1,-1,1,-1,1,-1,-1,1,-1,-1,1,1,1,-1,1,1,-1,1,-1,1,-1,1,-1,-1,1,1,-1,-1,1,1,-1,1,-1,-1,-1,-1,1,-1,1,-1,1,-1,-1,1,-1,1,1,-1,-1,-1,-1,-1,1,1,1,-1,-1,1,1,-1,1,1,-1,-1,-1,-1,1,-1,1,-1,-1,1,-1,-1,1,1,-1,-1,1,-1,-1,1,1,-1,-1,-1,-1,1,-1,1,-1,-1,-1,-1,-1,1,-1,-1,1,-1,-1,1,-1,1,-1,-1,-1,-1,-1,1,1,1,-1,-1,-1,1,1,1,-1,-1,-1,1,-1,-1,1,1,-1,-1,-1,1,1,1,-1,1,-1,-1,1,-1,1,-1,-1,1,-1,-1,1,1,-1,-1,-1,-1,-1,-1,1,1,-1,-1,1,-1,1,1,-1,-1,1,-1,-1,1,1,-1,-1,1,1,-1,1,1,-1,1,-1,-1,1,1,1,-1,-1,1,-1,-1,1,1,1,-1,1,-1,-1,1,1,-1,1,1,1,-1,1,1,1,-1,1,1,-1,1,1,1,1,1,1,-1,1,1,1,1,1,-1,-1,1,1,1,1,1,1,-1,1,-1,1,1,1,1,-1,-1,1,-1,1,1,1,-1,1,1,1,1,-1,1,-1,1,1,1,1,1,1,-1,-1,1,1,1,1,-1,1,-1,1,1,1,1,-1,1,-1,1,1,1,-1,-1,1,-1,1,1,-1,1,-1,-1,-1,1,1,1,-1,1,-1,-1,1,1,1,-1,-1,-1,-1,1,1,1,-1,-1,-1,-1,-1,1,1,-1,1,-1,-1,1,1,1,-1,1,-1,1,-1,1,1,1,1,1,-1,-1,1,1,-1,-1,1,1,-1,1,1,-1,1,-1,-1,1,1,-1,-1,1,-1,-1,-1,1,1,-1,1,1,-1,1,1,-1,-1,-1,-1,1,-1,-1,-1,-1,1,-1,-1,1,1,-1,1,1,-1,1,1,1,1,-1,1,-1,1,1,1,-1,-1,1,-1,-1,-1,1,-1,-1,1,-1,1,1,1,-1,-1,1,-1,1,1,1,1,-1,1,-1,-1,1,1,-1,-1,-1,1,-1,1,1,1,-1,1,-1,-1,1,-2666.0,1,2000,445,1000,True
1989,-1,-1,1,1,1,1,-1,1,-1,-1,-1,1,-1,1,-1,-1,1,-1,1,1,-1,1,-1,-1,-1,1,-1,-1,-1,-1,-1,-1,1,1,-1,1,1,-1,-1,-1,1,-1,1,-1,-1,-1,-1,-1,1,-1,1,-1,1,-1,1,-1,-1,1,-1,-1,-1,1,1,1,-1,-1,-1,-1,-1,-1,1,-1,-1,-1,-1,-1,-1,1,-1,-1,-1,1,1,-1,-1,-1,-1,-1,-1,1,1,-1,-1,-1,-1,-1,-1,-1,-1,1,-1,-1,-1,-1,-1,-1,-1,-1,-1,-1,-1,1,-1,1,-1,-1,-1,-1,1,-1,-1,-1,-1,-1,-1,1,-1,-1,1,-1,-1,-1,-1,-1,-1,1,-1,-1,-1,-1,-1,-1,-1,-1,-1,-1,1,-1,-1,-1,-1,-1,-1,-1,1,-1,-1,1,-1,-1,-1,-1,-1,-1,1,-1,1,-1,1,-1,-1,-1,-1,-1,-1,-1,-1,-1,-1,-1,-1,1,1,-1,1,-1,-1,-1,-1,-1,-1,1,-1,-1,-1,-1,1,-1,1,1,-1,1,-1,1,-1,1,-1,-1,-1,-1,1,-1,1,1,-1,-1,-1,1,1,1,-1,1,-1,-1,1,1,-1,1,-1,-1,-1,1,-1,1,-1,1,-1,-1,1,1,1,-1,1,1,-1,1,1,1,-1,-1,1,-1,1,1,-1,-1,1,-1,-1,1,1,1,-1,1,-1,-1,1,-1,-1,-1,1,-1,1,1,1,-1,-1,1,-1,1,1,-1,1,-1,1,-1,-1,1,1,1,-1,1,1,-1,1,1,-1,-1,-1,1,1,1,-1,-1,-1,1,1,-1,1,1,1,-1,-1,1,1,1,-1,-1,-1,1,1,1,-1,1,-1,-1,1,-1,1,1,-1,1,-1,1,-1,1,1,-1,-1,-1,1,1,-1,1,-1,-1,1,-1,-1,1,1,-1,1,1,-1,1,-1,1,-1,1,1,1,-1,1,1,-1,-1,1,1,-1,1,-1,-1,-1,1,1,-1,1,-1,-1,1,-1,1,-1,1,-1,-1,1,-1,1,-1,1,1,-1,1,-1,1,-1,-1,1,-1,-1,1,1,-1,1,-1,-1,1,1,-1,-1,1,1,-1,1,-1,1,-1,1,-1,1,1,-1,1,1,1,-1,1,1,-1,1,-1,1,-1,-1,1,-1,1,1,-1,1,-1,1,1,-1,1,-1,-1,-1,1,-1,-1,1,-1,1,-1,-1,1,-1,1,-1,-1,-1,-1,1,-1,1,-1,1,-1,1,1,-1,1,-1,-1,-1,-1,1,-1,-1,1,1,-1,-1,1,-1,1,1,-1,1,-1,1,-1,1,-1,1,-1,-1,-1,-1,-1,-1,-1,1,-1,1,-1,1,-1,1,-1,-1,-1,1,1,1,1,-1,-1,-1,-1,1,-1,-1,-1,-1,-1,1,-1,-1,1,-1,1,-1,-1,1,-1,-1,1,-1,-1,-1,-1,-1,1,-1,1,-1,-1,-1,-1,1,-1,1,-1,-1,1,-1,1,1,1,-1,-1,-1,1,1,-1,1,-1,-1,-1,1,1,1,-1,1,1,-1,1,1,1,1,1,1,1,-1,1,1,-1,1,-1,1,-1,-1,1,-1,-1,1,-1,-1,1,-1,-1,-1,1,1,-1,1,1,-1,-1,1,1,-1,-1,1,-1,-1,-1,-1,-1,1,1,-1,-1,-1,-1,-1,1,1,-1,-1,1,1,1,-1,1,-1,-1,1,1,-1,1,1,-1,-1,-1,1,-1,-1,1,1,-1,1,1,1,1,1,-1,1,1,1,-1,1,1,1,-1,1,1,-1,1,1,-1,1,1,1,-1,1,1,-1,-1,1,-1,1,-1,1,-1,1,1,1,-1,1,1,-1,1,1,1,1,1,1,1,1,1,1,1,1,1,-1,1,-1,1,-1,1,1,1,1,1,1,1,1,1,-1,1,-1,1,1,1,1,1,-1,1,-1,1,1,1,1,1,1,1,1,1,1,-1,1,1,-1,-1,1,-1,-1,1,1,1,-1,1,1,-1,1,-1,1,1,1,-1,-1,1,-1,1,-1,1,1,-1,1,-1,1,-1,1,1,-1,1,-1,1,-1,1,1,-1,1,-1,1,-1,1,1,-1,1,-1,1,-1,1,1,-1,1,1,1,1,1,-1,1,1,-1,1,1,1,1,-1,1,-1,1,-1,1,1,-1,1,1,-1,1,1,1,-1,1,1,-1,1,1,1,-1,1,-1,-1,1,1,1,1,1,-1,1,-1,1,-1,1,1,1,-1,1,1,1,1,1,1,-1,1,1,1,1,1,1,1,1,1,1,1,1,1,-1,1,1,-1,1,1,-1,1,1,1,1,1,1,1,-1,1,1,1,-1,1,-1,1,1,1,1,1,1,-1,-1,1,-1,1,1,1,-1,1,1,1,1,1,-1,-1,1,1,1,1,1,1,-1,1,1,-1,1,1,-1,1,1,1,1,1,1,-1,-1,1,1,1,1,-1,1,-1,1,1,1,1,-1,-1,-1,1,1,1,1,-1,1,-1,1,1,1,1,1,-1,-1,1,1,-1,1,1,-1,-1,1,1,-1,1,-1,-1,-1,1,-1,-1,1,1,-1,1,1,1,-1,1,1,-1,-1,1,1,-1,1,1,-1,1,1,1,-1,1,1,-1,1,-1,1,1,1,1,-1,1,-1,1,1,1,-1,-1,1,-1,1,1,1,1,1,1,-1,1,1,-1,1,1,-1,-1,1,-1,1,-1,1,1,-1,1,-1,1,1,-1,1,-1,1,-1,1,1,1,-1,-1,-1,1,1,1,-1,1,-1,1,-1,1,-1,1,1,-1,1,-1,1,1,1,-1,-1,-1,1,1,1,1,-1,1,1,1,1,1,-1,1,-1,1,1,1,1,-1,1,-1,-1,-1,1,1,-1,1,1,1,-1,1,1,1,-1,-1,-1,1,1,1,-1,1,1,1,1,-1,1,-1,-1,1,1,1,1,1,-1,-1,1,1,1,1,1,1,-1,1,1,1,1,1,1,-1,1,1,1,1,1,-1,-1,1,1,1,1,1,1,-1,1,1,1,-1,1,-1,1,-1,1,1,-1,1,1,-1,1,1,-2666.0,1,2000,445,1500,True
1990,1,1,-1,-1,1,1,-1,1,1,1,1,-1,-1,1,1,1,-1,1,-1,-1,-1,1,1,1,1,-1,-1,-1,1,1,1,1,1,-1,-1,1,-1,1,1,1,-1,-1,1,1,1,1,-1,-1,1,-1,1,1,-1,1,-1,-1,1,-1,1,1,1,-1,-1,-1,1,1,1,-1,-1,-1,1,-1,1,1,1,-1,-1,1,-1,1,1,-1,-1,-1,-1,1,1,1,-1,1,-1,1,-1,1,1,-1,-1,1,-1,1,1,1,-1,-1,1,-1,-1,1,1,-1,-1,-1,-1,-1,1,1,-1,-1,1,-1,-1,1,1,1,-1,-1,-1,-1,1,1,1,-1,1,-1,-1,1,1,1,-1,1,-1,-1,-1,1,1,-1,1,-1,-1,-1,1,1,-1,1,1,-1,-1,1,1,-1,1,-1,-1,-1,1,1,-1,1,1,-1,1,1,-1,-1,1,-1,-1,1,1,-1,-1,1,1,-1,1,1,-1,-1,-1,-1,-1,-1,1,-1,1,1,1,-1,-1,1,1,-1,1,1,-1,-1,1,-1,-1,1,1,-1,1,1,-1,-1,1,1,-1,1,1,1,-1,-1,1,1,-1,1,-1,-1,1,1,-1,-1,1,1,-1,-1,1,-1,-1,1,-1,1,-1,1,1,-1,1,-1,1,-1,1,-1,1,1,1,1,-1,1,-1,-1,-1,1,-1,-1,1,1,1,-1,1,-1,-1,1,1,1,1,1,-1,-1,1,1,1,1,-1,1,-1,1,1,1,1,1,1,-1,1,-1,-1,1,-1,1,-1,1,1,1,1,1,-1,-1,1,1,1,-1,1,1,-1,1,1,1,1,-1,1,-1,1,-1,1,1,1,1,-1,1,1,1,1,1,-1,-1,1,1,1,1,1,-1,-1,1,1,1,1,-1,1,-1,1,1,-1,1,-1,1,-1,1,1,-1,1,1,-1,1,1,-1,1,1,1,-1,1,1,1,-1,1,1,-1,1,1,1,-1,1,1,1,1,1,1,1,-1,1,-1,1,1,1,-1,1,1,-1,1,1,1,1,-1,1,-1,1,1,1,-1,-1,-1,-1,1,1,1,-1,1,1,-1,1,1,-1,1,1,1,-1,1,1,-1,1,1,-1,1,1,1,1,1,-1,1,-1,-1,-1,1,-1,1,-1,-1,1,1,1,-1,-1,-1,1,-1,-1,1,-1,1,-1,-1,1,1,1,1,-1,-1,1,-1,-1,1,-1,1,-1,-1,-1,-1,1,1,1,-1,-1,1,-1,1,1,-1,-1,1,-1,1,-1,1,-1,-1,-1,1,-1,1,-1,-1,-1,-1,-1,1,1,-1,1,-1,-1,1,1,1,-1,-1,1,-1,1,-1,1,-1,-1,-1,-1,-1,1,1,-1,-1,1,-1,1,-1,1,1,-1,-1,1,-1,1,-1,1,-1,-1,1,-1,-1,-1,1,-1,-1,-1,-1,1,-1,1,-1,-1,1,-1,-1,1,1,-1,-1,-1,-1,-1,1,1,-1,-1,-1,1,-1,-1,1,1,1,-1,1,-1,1,-1,1,1,1,-1,1,1,-1,-1,-1,1,1,-1,1,-1,-1,1,1,1,1,-1,-1,-1,-1,-1,1,-1,1,-1,-1,-1,1,1,-1,1,-1,-1,-1,1,1,-1,1,-1,-1,-1,1,1,-1,1,-1,-1,-1,-1,1,1,1,-1,1,-1,-1,1,-1,1,-1,-1,1,-1,1,-1,1,1,-1,-1,-1,-1,-1,1,1,-1,1,-1,1,-1,1,1,-1,-1,1,-1,1,1,-1,-1,-1,-1,-1,1,1,-1,1,-1,1,1,1,1,1,-1,-1,-1,-1,-1,1,-1,1,-1,-1,1,-1,1,1,-1,1,-1,-1,1,1,1,-1,1,-1,1,-1,1,1,-1,1,-1,-1,-1,1,1,-1,1,-1,1,-1,1,1,-1,-1,1,-1,-1,1,1,-1,-1,-1,1,-1,1,1,-1,-1,1,-1,-1,-1,-1,1,-1,1,-1,-1,1,-1,-1,1,-1,1,-1,1,1,-1,1,-1,1,-1,1,-1,1,-1,1,-1,-1,1,1,-1,1,-1,-1,-1,-1,1,-1,1,-1,1,-1,-1,1,-1,1,1,-1,-1,-1,-1,1,1,1,1,-1,-1,1,-1,-1,1,1,-1,-1,-1,-1,1,-1,1,-1,-1,1,1,-1,1,1,-1,-1,1,-1,-1,1,1,-1,-1,-1,-1,1,-1,1,-1,-1,-1,-1,-1,1,-1,-1,1,-1,-1,1,-1,1,-1,-1,-1,-1,-1,1,1,1,-1,-1,-1,1,1,1,-1,-1,-1,1,-1,-1,1,-1,-1,-1,-1,1,1,1,-1,-1,1,-1,1,-1,1,1,-1,1,-1,-1,1,1,-1,-1,-1,-1,-1,-1,1,1,-1,-1,1,-1,1,1,-1,-1,-1,1,-1,1,1,-1,-1,1,1,-1,1,1,1,-1,1,-1,1,1,1,-1,-1,1,-1,-1,1,-1,1,1,-1,1,-1,1,1,1,-1,1,-1,-1,1,1,-1,1,-1,1,-1,1,1,1,1,1,-1,-1,1,1,1,1,1,-1,-1,1,1,1,1,-1,-1,-1,1,-1,1,1,1,-1,1,1,1,-1,1,1,-1,-1,1,1,1,1,1,-1,1,1,1,1,1,1,-1,1,-1,1,1,1,1,-1,1,-1,1,1,1,-1,1,1,1,1,1,1,1,1,-1,1,1,1,-1,1,1,1,1,-1,1,1,1,-1,1,1,1,1,1,1,1,1,-1,1,1,1,1,-1,-1,1,1,1,1,-1,1,1,1,-1,1,1,-1,1,-1,1,-1,1,1,1,-1,1,-1,1,1,-1,1,1,-1,-1,1,1,1,-1,1,1,1,1,1,-1,1,1,1,1,1,1,-1,1,1,-1,1,1,1,-1,1,1,-1,-1,-1,-1,-1,1,1,-1,1,1,1,-1,1,1,-1,-1,1,1,-1,1,1,-1,1,1,1,-1,1,1,-1,1,1,1,1,-1,1,-1,1,1,1,-1,-1,1,-1,1,-1,1,1,-1,1,-1,-1,1,1,-1,1,1,-1,1,1,-1,1,1,1,1,-1,1,-2666.0,1,2000,445,1000,True
1991,1,1,-1,-1,1,-1,1,-1,1,1,1,-1,1,1,1,1,-1,1,-1,-1,1,-1,1,1,1,-1,1,-1,1,1,1,1,1,-1,-1,-1,1,-1,1,1,-1,-1,-1,1,1,1,-1,-1,1,1,1,1,-1,1,-1,-1,1,-1,1,1,1,-1,-1,-1,1,1,1,-1,-1,-1,-1,1,1,1,1,-1,-1,-1,1,1,1,-1,-1,-1,1,1,1,1,-1,-1,-1,1,1,1,1,-1,-1,1,1,-1,1,1,-1,-1,1,1,1,1,1,-1,-1,1,1,1,1,1,-1,-1,1,1,1,1,1,1,-1,1,1,1,-1,1,1,-1,1,1,1,1,1,1,-1,-1,1,1,1,1,1,-1,1,1,1,1,1,1,-1,-1,-1,1,1,1,1,-1,1,1,1,1,-1,1,-1,1,-1,1,1,1,-1,-1,1,1,1,1,1,-1,1,-1,-1,1,-1,1,-1,1,1,1,1,1,1,-1,1,1,-1,1,-1,1,1,-1,1,-1,1,-1,1,-1,-1,1,-1,1,-1,1,-1,1,1,-1,1,-1,1,1,1,1,-1,-1,1,1,-1,-1,1,-1,1,-1,1,1,-1,1,-1,1,-1,1,-1,1,1,-1,-1,-1,1,-1,1,1,-1,1,1,1,1,1,1,-1,-1,-1,-1,1,1,-1,1,-1,1,-1,1,1,-1,-1,-1,1,1,1,1,-1,-1,-1,1,1,-1,1,1,1,-1,-1,1,1,1,1,1,-1,1,1,-1,1,-1,1,-1,1,1,1,1,-1,1,1,-1,1,1,1,1,1,-1,-1,1,-1,1,-1,1,1,-1,1,1,1,-1,1,-1,-1,1,1,-1,1,1,-1,1,1,1,-1,1,1,-1,1,1,-1,-1,1,1,-1,-1,1,-1,1,-1,1,-1,1,1,1,-1,1,1,-1,1,1,1,-1,1,-1,-1,1,1,1,-1,1,-1,-1,-1,1,1,1,1,-1,-1,1,-1,1,-1,1,1,-1,-1,1,1,-1,-1,1,-1,-1,1,1,-1,1,-1,-1,-1,-1,-1,-1,1,-1,-1,-1,1,1,-1,1,-1,-1,-1,1,1,-1,1,-1,-1,1,1,-1,1,1,-1,-1,-1,-1,1,1,1,1,-1,-1,1,-1,-1,1,-1,-1,1,-1,-1,1,-1,1,-1,-1,1,-1,-1,1,-1,-1,1,1,-1,1,-1,1,-1,-1,1,-1,1,-1,-1,-1,-1,1,-1,-1,1,1,-1,-1,1,-1,1,1,-1,1,-1,1,-1,1,-1,1,-1,-1,1,-1,-1,-1,-1,-1,1,1,-1,1,-1,1,-1,1,-1,1,1,1,1,-1,1,-1,-1,-1,-1,-1,-1,1,-1,1,-1,-1,1,-1,1,-1,-1,1,-1,-1,1,-1,1,-1,-1,-1,1,-1,1,1,-1,-1,1,1,-1,1,-1,-1,1,-1,1,1,1,1,-1,-1,-1,1,-1,1,1,-1,-1,-1,1,1,-1,1,1,-1,1,1,1,1,-1,1,1,-1,-1,-1,1,-1,1,1,1,1,-1,1,-1,1,-1,-1,-1,1,1,-1,1,1,-1,-1,-1,1,-1,1,1,-1,1,-1,1,-1,-1,-1,-1,-1,-1,1,-1,-1,-1,-1,-1,-1,1,-1,1,1,1,1,-1,1,-1,1,1,-1,-1,-1,1,-1,-1,1,-1,1,-1,-1,1,1,1,1,-1,-1,1,1,1,1,-1,1,-1,-1,1,1,1,-1,-1,-1,1,1,1,1,-1,-1,-1,1,-1,1,-1,1,-1,-1,-1,1,1,1,-1,-1,-1,1,1,1,1,1,-1,-1,-1,1,1,1,1,-1,-1,-1,1,1,1,-1,-1,-1,1,1,1,1,1,-1,-1,-1,1,1,1,1,-1,-1,-1,1,1,-1,1,-1,-1,-1,1,1,1,1,-1,-1,1,1,1,1,-1,-1,1,1,-1,1,1,-1,-1,-1,1,1,1,1,1,-1,1,1,1,1,1,-1,-1,-1,1,-1,1,-1,-1,-1,-1,1,-1,1,1,-1,-1,-1,1,-1,1,1,-1,1,-1,1,1,1,1,-1,1,-1,1,-1,1,1,-1,-1,-1,1,1,-1,-1,-1,-1,-1,1,-1,1,-1,-1,-1,-1,-1,-1,-1,1,-1,-1,-1,1,-1,-1,1,-1,-1,-1,-1,-1,-1,1,-1,-1,-1,-1,-1,1,-1,-1,-1,1,-1,-1,1,-1,1,-1,-1,-1,-1,-1,-1,-1,1,-1,-1,-1,1,1,-1,-1,-1,-1,1,-1,-1,-1,-1,1,-1,-1,1,1,1,-1,-1,-1,-1,1,-1,1,1,-1,1,-1,-1,1,1,-1,-1,-1,-1,-1,-1,1,1,-1,-1,1,-1,1,1,-1,-1,-1,1,-1,1,1,-1,-1,1,1,-1,1,1,1,-1,1,-1,1,1,1,-1,-1,1,-1,-1,1,-1,1,1,-1,1,-1,1,1,1,-1,1,-1,-1,1,1,1,1,-1,1,-1,1,1,1,1,1,-1,-1,1,1,1,1,1,-1,-1,1,1,1,1,-1,-1,-1,1,-1,1,1,1,-1,1,1,1,-1,1,1,-1,-1,1,1,1,1,1,-1,1,1,1,1,1,1,-1,1,-1,1,1,1,1,-1,1,-1,1,1,1,-1,-1,1,-1,1,1,1,-1,1,-1,-1,1,1,-1,1,1,1,1,-1,1,1,1,-1,1,-1,1,1,1,-1,-1,1,-1,1,1,1,-1,1,-1,-1,-1,1,1,-1,-1,1,-1,1,1,1,1,-1,1,-1,1,1,1,1,-1,1,-1,1,1,1,-1,-1,-1,-1,1,-1,1,-1,1,1,1,-1,1,-1,-1,1,1,-1,1,1,1,-1,1,-1,1,1,1,-1,-1,-1,-1,-1,1,-1,-1,-1,-1,-1,1,-1,1,-1,1,1,-1,1,1,1,1,-1,1,-1,1,1,1,1,-1,1,-1,1,1,1,1,-1,1,-1,1,1,1,1,-1,1,-1,1,1,-1,-1,-1,1,-1,-1,1,1,-1,-1,-1,1,-1,1,-1,1,-1,1,-1,-1,1,-2666.0,1,2000,445,0,False
1992,1,1,-1,-1,1,1,-1,1,1,1,1,-1,1,1,1,1,-1,1,-1,-1,1,1,1,1,1,-1,1,-1,1,1,1,1,1,-1,-1,1,-1,1,1,1,-1,-1,1,1,1,1,1,-1,1,-1,1,1,-1,1,-1,-1,1,-1,1,1,1,-1,-1,1,1,1,1,1,-1,-1,1,-1,1,1,1,-1,-1,1,-1,1,1,-1,-1,-1,-1,1,1,1,-1,-1,-1,1,-1,1,1,-1,-1,1,-1,-1,1,1,-1,-1,1,-1,-1,1,1,-1,-1,1,-1,-1,1,1,-1,-1,1,-1,-1,1,1,1,-1,-1,-1,-1,1,1,1,-1,1,-1,-1,1,1,1,-1,-1,-1,-1,-1,1,1,-1,1,-1,-1,-1,1,1,-1,-1,1,-1,1,1,1,-1,1,1,-1,-1,1,1,-1,1,1,-1,1,1,-1,-1,1,-1,-1,1,1,-1,1,-1,1,-1,1,1,-1,1,1,-1,-1,-1,1,1,1,1,1,-1,-1,1,-1,1,1,1,-1,-1,1,1,-1,1,1,-1,1,1,-1,1,1,1,-1,1,1,1,1,1,1,1,-1,1,-1,-1,1,1,-1,-1,1,1,1,1,1,-1,-1,1,-1,1,1,1,1,-1,1,1,-1,1,1,-1,1,1,-1,1,1,1,-1,-1,1,-1,1,-1,1,1,1,1,-1,1,-1,1,1,1,1,-1,1,-1,1,1,1,1,-1,-1,1,1,1,1,1,1,-1,1,1,-1,-1,1,1,-1,-1,1,1,1,1,-1,1,-1,1,1,1,-1,1,-1,-1,1,1,1,1,-1,1,-1,1,-1,1,1,1,1,-1,1,1,1,1,1,-1,-1,1,1,1,1,1,1,-1,1,1,1,1,1,-1,1,1,1,-1,1,1,-1,1,1,1,1,1,1,1,1,1,-1,1,1,1,1,1,1,1,1,1,1,1,1,1,1,-1,1,1,1,1,1,1,1,-1,1,-1,1,-1,1,-1,1,1,1,1,-1,1,1,-1,1,1,1,1,1,-1,-1,-1,-1,1,1,1,-1,1,1,-1,1,1,-1,-1,1,1,1,1,1,-1,1,1,-1,1,1,1,1,-1,-1,1,-1,-1,-1,1,-1,1,-1,-1,1,1,1,-1,-1,-1,1,-1,1,1,-1,1,-1,-1,1,1,1,1,1,-1,-1,-1,-1,1,-1,1,-1,-1,-1,-1,1,1,1,-1,-1,1,-1,1,1,-1,-1,1,-1,1,-1,1,1,-1,-1,1,-1,1,1,-1,-1,-1,-1,1,1,-1,1,-1,-1,1,-1,1,-1,-1,1,-1,1,1,1,-1,-1,1,-1,-1,1,1,1,-1,1,-1,1,-1,1,-1,-1,-1,1,-1,1,1,-1,1,-1,1,-1,-1,1,-1,-1,-1,1,-1,-1,1,-1,-1,-1,1,-1,-1,1,-1,-1,-1,-1,1,-1,1,-1,-1,1,-1,1,-1,-1,1,1,1,-1,1,-1,1,-1,1,-1,1,-1,1,1,-1,-1,1,1,1,-1,1,-1,1,-1,1,1,1,-1,-1,-1,-1,-1,1,1,1,-1,-1,-1,1,1,-1,1,-1,-1,-1,1,1,-1,1,-1,-1,1,1,1,-1,1,-1,-1,-1,-1,1,1,1,-1,1,-1,-1,1,-1,1,-1,1,1,-1,1,-1,1,1,-1,-1,-1,-1,-1,1,1,-1,1,-1,-1,-1,1,1,-1,-1,-1,1,1,1,-1,-1,-1,-1,1,1,1,-1,1,-1,1,-1,1,1,1,-1,-1,-1,-1,-1,1,-1,1,-1,-1,1,-1,1,1,-1,1,-1,-1,1,1,1,-1,1,-1,-1,-1,1,1,-1,-1,-1,-1,-1,1,1,-1,1,-1,-1,-1,1,1,-1,-1,1,-1,-1,1,1,-1,-1,-1,-1,-1,1,1,-1,-1,1,1,-1,1,-1,1,-1,1,1,-1,1,-1,-1,1,1,1,-1,1,1,-1,1,-1,1,-1,1,-1,-1,1,-1,1,-1,1,1,-1,1,1,1,-1,-1,1,-1,1,-1,1,-1,-1,1,-1,1,1,1,-1,-1,-1,1,1,1,1,-1,-1,1,-1,-1,1,1,-1,-1,-1,-1,1,-1,1,-1,-1,1,1,-1,1,1,-1,-1,1,-1,-1,1,1,-1,-1,-1,-1,1,-1,1,-1,-1,-1,-1,1,-1,-1,-1,1,-1,-1,1,-1,1,-1,-1,-1,-1,-1,-1,1,1,-1,-1,-1,1,1,1,-1,-1,-1,1,-1,-1,1,-1,-1,-1,-1,1,1,1,-1,-1,-1,-1,1,-1,1,1,-1,1,-1,-1,1,1,-1,-1,-1,-1,-1,-1,1,1,-1,-1,1,-1,1,1,-1,-1,-1,1,-1,1,1,-1,-1,1,-1,-1,1,1,1,-1,1,-1,1,1,1,-1,-1,1,-1,-1,1,1,1,-1,1,-1,-1,1,1,-1,1,1,-1,-1,1,1,-1,1,1,-1,-1,1,-1,1,1,1,-1,-1,1,1,1,1,-1,1,-1,1,1,1,-1,1,-1,-1,1,-1,1,1,1,1,-1,1,1,-1,1,-1,1,-1,1,1,1,1,-1,1,-1,1,1,1,1,1,1,-1,1,-1,1,1,1,-1,1,1,1,1,1,1,-1,1,-1,1,1,1,-1,-1,1,1,1,1,-1,1,-1,1,1,-1,1,1,-1,1,-1,1,1,1,1,-1,-1,-1,1,1,1,1,-1,-1,-1,1,-1,1,1,-1,1,-1,1,-1,1,1,-1,1,-1,1,-1,-1,1,1,1,1,-1,1,1,1,-1,-1,1,-1,1,-1,1,-1,1,-1,1,1,1,-1,-1,1,-1,1,-1,1,1,-1,1,-1,1,1,1,-1,-1,-1,-1,-1,-1,-1,-1,-1,1,-1,1,1,1,-1,1,1,-1,-1,1,1,1,-1,1,-1,1,1,1,1,-1,1,-1,1,1,1,1,-1,1,-1,1,1,1,1,-1,1,-1,1,-1,-1,-1,-1,1,-1,-1,1,1,-1,-1,-1,1,-1,1,-1,1,-1,1,-1,-1,1,-2666.0,1,2000,445,1000,True
1993,1,1,-1,-1,1,-1,1,-1,1,1,1,-1,1,1,1,1,-1,1,-1,-1,1,-1,1,1,1,-1,-1,-1,1,1,1,1,1,-1,-1,-1,1,1,1,1,-1,-1,-1,1,1,1,1,-1,1,1,1,1,-1,1,-1,-1,1,-1,1,1,1,-1,-1,-1,1,1,1,1,-1,1,-1,1,1,1,1,-1,-1,-1,1,1,1,-1,-1,-1,1,1,1,1,-1,1,1,1,1,1,1,-1,-1,1,1,-1,1,1,-1,-1,1,1,1,1,1,-1,-1,1,1,1,1,1,-1,-1,1,1,1,1,1,1,-1,1,1,1,-1,1,1,-1,-1,1,1,1,1,1,-1,1,1,1,1,1,1,-1,-1,1,1,1,1,1,-1,1,-1,1,1,1,1,-1,1,1,1,1,-1,1,-1,1,-1,1,1,1,-1,-1,1,1,1,1,1,-1,1,-1,-1,1,-1,1,-1,1,1,1,1,1,1,1,1,1,-1,1,-1,1,-1,1,1,-1,1,-1,1,1,-1,1,-1,1,-1,1,-1,1,1,-1,1,-1,1,1,1,1,-1,-1,1,1,-1,-1,1,-1,1,-1,-1,1,-1,1,-1,1,-1,1,-1,1,1,-1,-1,-1,1,1,-1,1,-1,1,1,1,-1,1,1,-1,1,-1,1,-1,1,-1,1,-1,1,1,-1,1,-1,-1,-1,1,1,-1,1,-1,-1,-1,1,1,-1,-1,1,1,-1,-1,1,1,-1,1,1,-1,1,1,1,1,-1,1,-1,1,1,-1,1,-1,1,-1,1,1,1,1,1,1,-1,-1,1,-1,-1,-1,1,1,-1,1,1,1,-1,1,1,1,1,1,1,1,1,-1,1,1,1,-1,-1,1,-1,1,1,1,-1,1,1,-1,-1,1,1,1,-1,1,-1,1,1,1,-1,1,1,-1,1,1,1,-1,1,1,-1,1,1,1,-1,1,1,-1,-1,1,1,-1,1,1,-1,1,-1,1,-1,1,-1,1,-1,1,1,1,-1,-1,1,-1,1,1,-1,1,1,1,-1,-1,-1,-1,1,1,1,-1,1,1,-1,1,1,-1,-1,1,1,1,1,1,-1,1,1,1,-1,1,1,1,-1,-1,1,1,1,-1,1,-1,1,1,1,1,1,1,-1,-1,-1,1,-1,1,1,-1,1,-1,1,1,1,1,1,1,-1,1,-1,-1,1,-1,1,-1,1,1,1,1,1,1,-1,-1,1,-1,1,1,-1,-1,1,1,1,-1,1,1,-1,-1,1,-1,1,1,-1,-1,1,1,1,1,-1,1,-1,1,-1,1,1,-1,-1,-1,1,-1,1,1,-1,-1,-1,1,-1,1,1,1,-1,-1,1,-1,-1,1,-1,-1,-1,1,-1,1,1,-1,1,-1,1,1,-1,1,-1,-1,-1,-1,-1,1,1,-1,-1,-1,1,-1,-1,1,-1,-1,-1,-1,1,-1,1,-1,-1,-1,-1,1,-1,-1,1,1,1,-1,1,-1,1,-1,1,1,1,-1,-1,-1,1,-1,1,-1,1,1,-1,1,-1,-1,1,1,-1,1,1,-1,-1,-1,1,-1,-1,1,-1,-1,1,1,1,-1,1,-1,-1,1,1,-1,-1,1,-1,-1,1,1,-1,-1,1,-1,-1,-1,1,1,-1,1,1,-1,-1,1,-1,-1,1,-1,1,-1,1,1,-1,-1,1,-1,-1,-1,-1,-1,1,1,1,-1,-1,1,-1,-1,1,-1,-1,1,-1,-1,1,1,-1,-1,1,-1,-1,1,1,-1,1,-1,1,-1,-1,1,1,-1,-1,-1,-1,-1,1,-1,-1,1,-1,-1,-1,1,1,-1,-1,-1,-1,-1,1,-1,-1,-1,-1,-1,1,1,1,-1,-1,-1,-1,-1,1,1,-1,-1,-1,-1,-1,1,1,1,-1,-1,-1,-1,1,1,-1,-1,-1,-1,1,1,1,1,1,-1,1,1,1,1,1,1,-1,-1,1,1,1,1,1,-1,1,1,1,1,-1,1,-1,-1,1,-1,1,-1,1,-1,-1,1,-1,1,1,1,-1,-1,1,-1,1,-1,1,-1,-1,1,-1,1,1,1,-1,-1,1,-1,1,1,1,-1,-1,1,1,-1,1,1,-1,-1,1,-1,1,-1,1,-1,-1,-1,-1,-1,1,1,-1,-1,1,-1,-1,1,1,-1,-1,-1,-1,1,-1,1,-1,-1,-1,-1,1,-1,-1,-1,1,-1,-1,1,-1,1,-1,-1,-1,-1,-1,-1,1,1,-1,-1,-1,1,1,1,-1,-1,1,-1,-1,-1,1,-1,1,-1,-1,1,1,1,-1,-1,-1,-1,1,-1,1,1,-1,1,-1,-1,1,1,-1,-1,-1,-1,-1,-1,1,1,-1,-1,1,-1,1,1,-1,-1,-1,1,-1,1,1,-1,-1,1,-1,-1,1,1,1,-1,1,-1,1,1,1,-1,-1,1,-1,-1,1,-1,1,-1,1,-1,-1,1,1,-1,1,1,-1,-1,1,1,1,1,1,-1,-1,1,1,1,1,1,-1,-1,1,1,1,1,1,1,-1,-1,1,1,1,1,-1,-1,1,-1,1,1,1,1,-1,-1,1,-1,1,1,1,-1,1,1,1,1,-1,1,-1,1,1,1,1,1,1,1,-1,1,1,1,1,-1,1,-1,1,1,1,1,1,-1,1,1,1,1,-1,1,1,-1,1,1,-1,1,1,-1,-1,1,1,1,1,-1,1,-1,1,1,1,-1,-1,1,-1,1,1,1,-1,1,-1,-1,-1,1,1,-1,-1,1,-1,-1,1,1,-1,-1,1,-1,-1,1,1,1,1,-1,-1,-1,1,1,-1,-1,-1,1,-1,-1,1,-1,1,1,-1,1,1,-1,-1,1,-1,-1,-1,-1,1,-1,1,1,-1,1,-1,1,-1,-1,-1,1,-1,-1,-1,-1,1,-1,-1,1,1,-1,1,1,-1,1,1,1,1,-1,1,-1,1,1,1,1,-1,1,-1,-1,1,1,-1,-1,1,-1,1,1,1,-1,-1,1,-1,1,1,-1,-1,-1,1,-1,-1,1,-1,1,-1,-1,1,-1,1,1,-1,-1,1,-1,-1,1,-2666.0,1,2000,445,0,False
1994,-1,-1,1,1,1,1,-1,1,-1,-1,-1,1,-1,1,-1,-1,1,-1,1,1,1,-1,-1,-1,-1,1,-1,-1,-1,-1,-1,-1,1,1,-1,-1,1,-1,-1,-1,1,-1,-1,-1,-1,-1,1,1,1,1,-1,-1,1,1,1,-1,-1,1,-1,-1,1,1,1,1,-1,-1,-1,1,1,-1,-1,1,-1,-1,1,-1,1,-1,1,-1,-1,1,1,-1,1,-1,-1,1,1,1,-1,-1,1,1,-1,1,-1,1,1,1,-1,1,1,-1,1,1,1,-1,1,1,-1,1,1,1,-1,1,1,-1,1,1,1,-1,1,1,-1,1,1,1,-1,1,-1,-1,1,1,1,-1,1,1,-1,1,1,1,-1,1,1,-1,-1,1,1,1,1,1,-1,1,-1,1,1,1,1,-1,1,1,1,-1,1,1,-1,1,-1,1,1,1,-1,-1,1,1,1,-1,1,-1,1,-1,-1,1,1,1,-1,1,-1,1,1,-1,1,1,1,1,-1,1,-1,1,-1,1,1,-1,1,-1,1,-1,-1,1,-1,1,-1,1,-1,1,1,-1,1,-1,1,1,1,1,-1,-1,1,1,-1,-1,1,-1,1,1,-1,1,-1,1,-1,1,-1,1,-1,1,1,-1,-1,1,1,-1,-1,1,-1,1,1,1,-1,1,-1,-1,1,-1,1,-1,1,1,1,-1,1,1,-1,1,-1,-1,1,1,1,-1,1,-1,-1,-1,-1,1,1,-1,1,1,-1,-1,1,-1,-1,1,1,-1,1,1,1,-1,-1,1,-1,1,1,-1,1,-1,1,1,-1,1,-1,-1,-1,1,-1,-1,1,-1,1,-1,1,1,-1,1,1,1,-1,1,-1,-1,1,1,-1,-1,1,-1,-1,1,-1,1,-1,1,-1,-1,1,1,-1,1,1,-1,1,-1,1,-1,-1,1,-1,1,1,1,1,1,1,-1,1,1,1,1,1,-1,-1,1,1,1,1,1,-1,-1,1,-1,1,1,1,-1,-1,1,-1,1,-1,1,1,-1,1,-1,1,1,1,1,-1,-1,1,1,1,-1,-1,-1,1,1,-1,-1,1,-1,-1,1,-1,1,-1,1,-1,1,1,-1,1,1,1,-1,-1,1,-1,1,-1,1,-1,-1,1,-1,1,1,1,1,-1,1,1,-1,1,1,-1,-1,1,-1,-1,1,-1,1,-1,-1,1,-1,1,1,-1,-1,1,1,-1,1,-1,1,1,-1,1,-1,1,-1,1,-1,-1,1,-1,-1,1,1,-1,-1,1,-1,1,1,1,1,-1,1,-1,1,-1,1,-1,-1,-1,-1,-1,-1,-1,1,-1,1,-1,1,-1,1,-1,-1,-1,1,1,-1,1,-1,-1,-1,-1,1,-1,-1,1,-1,-1,1,-1,1,1,1,1,-1,-1,1,-1,-1,1,-1,-1,-1,-1,-1,1,-1,1,-1,-1,-1,-1,1,-1,1,-1,-1,1,-1,1,1,1,-1,-1,-1,1,1,-1,1,-1,-1,-1,1,1,1,-1,1,1,-1,1,1,1,1,1,-1,1,-1,-1,-1,1,-1,1,-1,-1,1,-1,1,-1,1,-1,-1,-1,1,1,-1,1,1,-1,1,-1,1,-1,1,-1,-1,1,-1,1,-1,-1,-1,-1,1,-1,1,-1,-1,-1,-1,1,-1,1,-1,1,1,1,-1,-1,1,-1,1,1,-1,1,-1,1,-1,-1,1,-1,1,-1,-1,1,1,1,1,1,-1,1,1,1,1,-1,1,-1,-1,1,1,1,-1,-1,-1,1,1,1,1,-1,-1,-1,1,-1,1,1,1,1,-1,-1,1,1,-1,-1,-1,-1,-1,1,1,-1,1,1,-1,-1,1,1,1,1,-1,-1,-1,1,-1,1,-1,1,-1,-1,1,1,1,1,1,-1,-1,1,-1,1,-1,1,-1,-1,1,1,-1,1,1,-1,-1,1,1,1,1,1,-1,1,-1,1,1,-1,1,1,1,-1,1,1,-1,1,-1,1,1,-1,1,1,1,1,-1,1,-1,1,-1,1,-1,1,-1,-1,1,-1,1,1,-1,1,-1,1,-1,1,1,-1,1,-1,1,-1,1,1,1,1,-1,1,-1,1,1,-1,-1,-1,1,1,1,1,1,1,-1,1,1,1,1,1,-1,1,-1,1,1,1,-1,-1,-1,-1,1,1,-1,1,-1,1,-1,1,1,1,-1,-1,-1,-1,1,1,-1,-1,-1,-1,1,-1,1,-1,-1,-1,1,-1,1,1,-1,-1,-1,1,-1,1,1,-1,-1,-1,1,1,1,1,-1,1,-1,1,-1,1,1,-1,-1,-1,1,1,1,1,-1,-1,-1,1,-1,1,1,-1,1,-1,-1,1,1,1,-1,-1,-1,-1,-1,1,-1,-1,-1,1,-1,1,1,-1,-1,-1,-1,-1,1,1,1,-1,1,1,-1,1,1,-1,1,-1,-1,1,1,1,-1,-1,1,-1,-1,1,1,-1,-1,1,-1,-1,1,1,-1,1,1,1,-1,1,1,-1,-1,1,1,-1,1,1,-1,-1,1,1,-1,1,1,-1,1,1,-1,-1,1,1,-1,1,1,1,-1,1,-1,-1,-1,1,1,-1,-1,1,-1,1,1,1,-1,1,1,-1,1,-1,1,-1,1,1,-1,1,1,1,-1,-1,1,-1,1,1,-1,1,-1,1,-1,1,1,-1,1,-1,1,1,1,-1,-1,1,-1,1,1,-1,1,-1,-1,-1,1,-1,1,-1,1,-1,-1,1,-1,1,-1,-1,-1,-1,1,-1,1,-1,1,-1,-1,-1,1,1,-1,1,-1,-1,-1,-1,1,-1,-1,1,-1,1,-1,1,1,1,1,-1,-1,1,-1,-1,-1,1,1,1,1,-1,-1,1,-1,-1,1,1,-1,-1,1,-1,-1,-1,-1,1,-1,1,1,1,1,-1,1,-1,1,-1,-1,-1,-1,-1,-1,1,-1,1,1,1,-1,1,1,-1,1,1,-1,-1,-1,1,-1,1,1,1,1,-1,1,-1,1,1,1,-1,1,1,-1,1,1,1,1,-1,1,-1,1,1,-1,-1,-1,1,-1,-1,1,1,-1,1,1,1,-1,1,-1,1,-1,1,-1,-1,1,-2666.0,1,2000,445,1500,True
1995,1,1,-1,-1,1,1,-1,-1,1,1,1,-1,1,1,1,1,-1,1,-1,-1,-1,-1,1,1,1,-1,1,-1,1,1,1,1,1,-1,-1,-1,1,1,1,1,-1,-1,-1,1,1,1,1,-1,1,1,1,1,-1,1,-1,-1,1,-1,1,1,-1,-1,-1,-1,1,1,1,1,-1,-1,-1,1,1,1,1,-1,-1,-1,1,1,1,-1,-1,-1,1,1,1,1,-1,-1,-1,1,1,1,1,-1,-1,1,1,-1,1,1,-1,-1,1,1,1,1,1,-1,-1,1,1,-1,1,1,-1,-1,1,1,1,1,1,1,-1,1,1,1,-1,1,1,-1,1,1,1,1,1,1,-1,-1,1,1,1,1,1,-1,1,1,1,1,1,1,-1,-1,-1,1,1,1,1,-1,1,1,1,1,-1,1,-1,1,-1,1,1,1,-1,-1,1,1,1,1,1,-1,1,-1,-1,1,1,1,-1,1,1,1,1,-1,1,1,1,1,-1,1,-1,1,-1,1,1,-1,1,-1,1,1,-1,1,-1,1,-1,1,-1,1,1,-1,1,-1,1,1,1,1,-1,-1,1,1,-1,-1,1,-1,1,-1,1,1,-1,1,-1,1,-1,1,-1,1,1,-1,-1,-1,1,1,-1,1,-1,1,1,1,-1,1,1,-1,1,-1,1,-1,1,-1,1,-1,1,1,-1,1,-1,-1,-1,1,1,-1,1,-1,-1,-1,1,1,-1,-1,1,1,-1,-1,1,1,-1,1,1,-1,1,1,1,1,-1,1,-1,1,1,-1,1,-1,1,1,1,1,1,1,1,1,-1,-1,1,-1,-1,1,1,1,-1,1,1,1,-1,1,1,1,1,1,1,1,1,-1,1,1,1,-1,1,1,-1,1,1,1,-1,1,1,-1,-1,1,1,1,-1,1,-1,1,1,1,-1,1,1,-1,1,1,1,-1,1,1,-1,1,1,1,-1,1,1,1,-1,1,1,-1,1,1,-1,1,-1,1,-1,1,1,1,-1,1,1,1,1,1,1,-1,1,1,-1,1,1,1,-1,-1,-1,-1,1,1,1,-1,1,1,-1,1,1,-1,-1,1,1,1,1,1,-1,1,1,1,-1,1,1,1,1,-1,1,1,1,-1,1,-1,1,1,1,1,1,1,-1,-1,-1,1,-1,-1,1,-1,1,-1,1,1,1,1,1,-1,-1,1,-1,-1,1,-1,1,-1,1,1,-1,1,1,1,-1,-1,1,-1,1,1,-1,-1,1,1,1,-1,1,-1,-1,-1,1,-1,1,1,-1,-1,1,1,1,1,-1,1,-1,1,-1,1,1,-1,1,-1,1,-1,1,1,-1,-1,-1,1,-1,1,1,1,-1,-1,1,-1,-1,1,-1,-1,-1,1,-1,1,1,-1,-1,-1,1,1,-1,1,-1,-1,-1,-1,-1,-1,1,-1,-1,-1,1,-1,-1,1,-1,-1,-1,-1,1,-1,1,-1,-1,-1,-1,1,-1,-1,1,1,1,-1,1,-1,1,-1,1,1,1,-1,-1,-1,1,-1,-1,1,1,1,-1,1,-1,1,1,1,-1,1,1,-1,1,-1,1,-1,-1,1,-1,-1,1,1,1,-1,1,-1,-1,1,1,-1,-1,1,-1,-1,1,1,-1,-1,1,-1,-1,-1,1,1,-1,1,-1,-1,-1,1,-1,-1,1,-1,1,-1,1,1,-1,-1,1,-1,-1,-1,-1,-1,1,1,1,-1,-1,1,-1,-1,1,-1,-1,1,-1,-1,1,1,-1,-1,1,1,-1,1,1,-1,1,-1,1,-1,-1,1,1,-1,-1,-1,-1,-1,1,-1,-1,1,-1,-1,-1,1,1,-1,-1,-1,-1,-1,1,-1,-1,-1,-1,-1,1,1,1,-1,-1,-1,-1,-1,1,1,-1,-1,-1,-1,-1,1,1,1,-1,-1,-1,-1,1,1,-1,-1,-1,-1,1,1,1,1,1,-1,1,1,1,1,1,1,-1,-1,1,1,1,1,1,-1,1,1,1,1,-1,1,-1,-1,1,-1,1,-1,1,-1,-1,1,-1,1,1,1,-1,-1,1,-1,1,-1,1,-1,-1,1,-1,1,1,1,-1,1,-1,-1,1,1,1,-1,-1,1,1,-1,1,1,-1,-1,1,-1,1,-1,1,-1,-1,1,-1,-1,1,1,-1,-1,1,-1,-1,1,1,-1,-1,-1,-1,1,-1,1,-1,-1,-1,-1,1,1,-1,-1,1,-1,-1,1,-1,1,-1,-1,-1,-1,-1,1,1,1,-1,-1,-1,1,1,1,-1,-1,1,-1,-1,-1,1,-1,1,-1,-1,1,1,1,-1,-1,-1,-1,1,-1,1,1,-1,1,-1,-1,1,1,-1,-1,-1,-1,-1,-1,1,1,-1,-1,1,-1,1,1,-1,-1,-1,1,-1,1,1,-1,-1,1,-1,-1,1,1,1,-1,1,-1,1,1,1,-1,-1,1,-1,-1,1,1,1,-1,1,-1,-1,1,1,-1,1,1,-1,-1,1,1,1,1,1,-1,-1,1,1,1,1,1,-1,-1,1,1,1,1,1,1,-1,-1,1,1,1,1,-1,-1,1,-1,1,1,1,1,-1,-1,1,-1,1,1,1,-1,1,1,1,1,-1,1,-1,1,1,1,1,1,1,1,-1,1,1,1,1,-1,1,-1,1,1,1,1,1,-1,1,1,1,1,-1,1,1,-1,1,1,-1,1,1,-1,-1,1,1,1,1,-1,1,-1,1,1,1,-1,-1,1,-1,1,1,1,-1,1,-1,-1,-1,1,1,-1,-1,1,-1,-1,1,1,1,-1,1,-1,-1,-1,1,1,-1,1,-1,-1,1,1,-1,-1,-1,1,-1,-1,1,-1,1,1,-1,1,1,-1,-1,1,-1,-1,-1,1,1,-1,1,1,-1,1,1,-1,-1,-1,-1,1,-1,-1,-1,-1,1,-1,-1,1,1,-1,1,1,-1,1,1,1,1,-1,1,-1,1,1,1,1,-1,1,-1,-1,1,1,1,-1,1,-1,1,1,1,1,-1,1,-1,1,1,1,-1,-1,1,-1,-1,1,1,-1,-1,-1,1,-1,1,1,1,-1,1,-1,-1,1,-2666.0,1,2000,445,0,False
1996,-1,-1,1,1,1,1,-1,1,-1,-1,-1,1,-1,1,-1,-1,1,-1,1,1,-1,1,-1,-1,-1,1,-1,-1,1,-1,-1,-1,1,1,-1,-1,1,-1,-1,-1,1,-1,-1,-1,-1,-1,-1,1,-1,1,-1,-1,1,1,1,-1,1,-1,-1,-1,-1,1,1,1,-1,1,-1,-1,-1,-1,1,-1,-1,-1,1,-1,-1,-1,1,-1,-1,-1,1,-1,1,-1,-1,1,-1,1,-1,1,-1,1,1,-1,-1,1,1,1,1,1,-1,-1,1,1,-1,1,1,-1,-1,1,1,-1,1,1,-1,-1,1,1,-1,1,1,1,-1,1,1,-1,1,1,1,-1,1,1,-1,1,1,1,-1,-1,1,-1,1,1,1,-1,1,1,1,-1,1,1,-1,-1,-1,1,-1,1,1,-1,1,1,1,1,1,1,-1,1,1,-1,1,1,-1,-1,1,1,-1,1,1,-1,1,-1,-1,1,1,1,-1,1,1,1,1,1,1,-1,1,1,-1,1,1,1,1,-1,1,-1,1,1,-1,-1,-1,1,-1,-1,1,1,-1,1,1,-1,1,1,1,1,1,1,-1,-1,1,1,-1,-1,1,-1,1,1,-1,1,-1,1,-1,1,1,1,-1,1,1,-1,-1,1,-1,-1,1,1,-1,1,1,1,1,1,1,-1,1,1,-1,1,1,-1,1,-1,-1,-1,1,1,-1,-1,1,1,1,1,1,-1,-1,-1,1,1,-1,1,1,1,-1,1,1,1,1,1,1,-1,-1,-1,-1,1,-1,1,-1,-1,-1,1,1,-1,1,1,-1,-1,1,1,1,1,-1,-1,-1,-1,1,-1,1,1,-1,-1,1,1,-1,1,-1,-1,-1,1,1,-1,1,-1,-1,1,1,-1,-1,1,-1,-1,1,-1,-1,1,1,-1,1,-1,1,1,-1,1,-1,1,1,1,-1,1,1,-1,-1,1,1,-1,1,-1,-1,-1,1,1,-1,1,-1,-1,1,-1,1,-1,1,-1,-1,1,-1,1,-1,1,1,-1,1,-1,1,1,-1,1,-1,-1,1,1,-1,1,-1,-1,1,1,-1,-1,1,-1,-1,1,-1,1,-1,1,-1,1,1,-1,1,1,1,-1,1,1,-1,1,-1,1,-1,-1,1,-1,1,1,1,1,-1,1,1,1,1,1,-1,-1,1,-1,-1,1,-1,1,-1,-1,1,-1,1,-1,-1,-1,-1,1,-1,1,-1,1,-1,-1,1,-1,1,1,-1,-1,-1,1,-1,-1,1,1,-1,-1,1,-1,1,1,-1,1,-1,1,-1,-1,1,1,-1,-1,-1,-1,1,1,-1,1,-1,1,-1,1,-1,1,-1,-1,-1,-1,1,-1,1,-1,-1,-1,-1,1,-1,-1,-1,-1,-1,-1,1,-1,1,-1,1,-1,-1,1,-1,-1,1,-1,-1,-1,1,1,1,-1,1,-1,-1,-1,-1,1,-1,1,-1,-1,1,-1,1,1,1,-1,-1,-1,1,1,-1,1,-1,-1,-1,1,1,1,-1,1,1,-1,1,1,1,1,1,1,1,-1,-1,-1,1,-1,1,1,1,-1,1,1,-1,1,-1,-1,-1,1,1,-1,1,1,-1,-1,1,1,-1,1,1,-1,-1,-1,1,-1,-1,-1,-1,1,-1,1,-1,-1,-1,-1,-1,-1,1,-1,1,1,1,1,-1,1,-1,1,1,-1,1,-1,1,-1,-1,1,-1,1,-1,-1,1,1,1,1,1,1,-1,1,1,1,-1,1,-1,1,1,1,1,-1,-1,-1,1,1,1,1,-1,1,-1,1,-1,1,-1,1,1,-1,-1,1,1,1,-1,1,-1,-1,1,1,1,1,1,1,-1,1,1,1,1,1,1,-1,1,-1,1,-1,1,1,-1,1,1,1,1,1,1,-1,1,-1,1,1,1,1,-1,1,1,-1,1,1,1,1,1,1,1,1,1,1,-1,1,1,-1,-1,1,-1,-1,1,1,1,-1,1,-1,-1,1,-1,1,1,1,-1,-1,1,-1,1,-1,-1,1,-1,1,-1,1,-1,1,-1,-1,1,-1,1,-1,1,-1,-1,1,-1,1,-1,1,-1,-1,1,-1,1,-1,1,-1,-1,1,1,1,1,1,-1,1,1,-1,1,1,1,1,-1,1,-1,1,-1,1,-1,-1,1,1,-1,1,1,-1,-1,1,1,-1,1,1,1,-1,1,-1,-1,1,1,-1,1,1,-1,1,-1,-1,1,-1,1,1,-1,1,1,-1,-1,1,1,-1,1,1,-1,-1,-1,1,1,1,1,-1,1,1,1,-1,1,1,-1,-1,1,-1,1,1,1,-1,-1,-1,1,-1,1,1,-1,1,-1,-1,1,1,1,-1,-1,-1,-1,-1,1,-1,-1,-1,1,-1,1,1,-1,-1,-1,1,-1,1,1,1,-1,1,1,-1,1,1,1,-1,1,-1,1,1,1,-1,-1,1,-1,-1,1,-1,1,1,-1,1,-1,1,1,1,-1,1,-1,-1,1,1,1,1,-1,1,-1,1,1,1,1,1,-1,-1,1,1,-1,1,1,-1,-1,-1,1,-1,1,-1,-1,-1,1,-1,1,1,1,-1,-1,-1,1,-1,1,1,-1,-1,1,1,-1,1,1,-1,1,1,1,-1,1,1,-1,1,-1,1,1,1,1,-1,1,-1,1,1,1,-1,1,-1,1,1,1,1,-1,-1,1,-1,1,1,-1,1,1,-1,-1,1,-1,1,1,-1,1,-1,1,-1,1,-1,-1,1,-1,1,-1,1,-1,1,-1,-1,-1,1,1,-1,-1,1,-1,-1,-1,1,1,-1,1,-1,-1,-1,1,1,-1,1,-1,-1,1,1,-1,-1,-1,1,-1,1,1,-1,1,1,-1,1,1,-1,-1,1,1,-1,-1,-1,1,-1,1,1,-1,1,1,-1,-1,-1,-1,1,-1,-1,-1,-1,1,-1,-1,1,1,-1,1,1,-1,1,1,1,1,-1,1,-1,1,1,1,1,-1,1,-1,-1,1,1,1,-1,1,-1,1,1,1,1,-1,1,-1,1,1,1,-1,-1,1,-1,-1,1,1,-1,-1,-1,1,-1,1,1,1,-1,1,-1,-1,1,-2666.0,1,2000,445,1500,True
1997,1,1,-1,-1,1,1,-1,-1,1,1,1,-1,1,1,1,1,-1,1,-1,-1,1,-1,1,1,1,-1,-1,-1,1,1,1,1,1,-1,-1,-1,1,-1,1,1,-1,-1,-1,1,1,1,1,-1,1,1,1,1,-1,1,-1,-1,1,-1,1,1,1,-1,-1,-1,1,1,1,1,-1,-1,-1,1,1,1,1,-1,-1,-1,1,1,1,-1,-1,-1,1,1,1,1,-1,-1,-1,1,1,1,1,-1,-1,1,1,-1,1,1,-1,-1,1,1,1,1,1,-1,-1,1,1,1,1,1,-1,-1,1,1,1,1,1,1,-1,-1,1,1,-1,1,1,-1,1,1,1,1,1,1,-1,-1,1,1,1,1,1,-1,1,1,1,1,1,1,-1,-1,-1,1,1,1,1,-1,1,1,1,1,-1,1,-1,1,-1,1,1,1,-1,-1,1,1,1,1,1,-1,1,-1,-1,1,1,1,-1,1,1,1,1,-1,1,1,1,1,-1,1,-1,1,-1,1,1,-1,1,-1,1,1,-1,1,-1,1,-1,1,-1,1,1,-1,1,-1,1,1,1,1,-1,-1,1,1,-1,-1,1,-1,1,-1,1,1,-1,1,-1,1,-1,1,-1,1,1,-1,-1,1,-1,1,-1,1,-1,1,1,1,-1,1,1,-1,1,-1,1,-1,1,-1,1,-1,1,1,-1,1,-1,-1,-1,-1,1,-1,1,-1,-1,-1,-1,1,-1,-1,1,1,-1,1,1,1,-1,1,1,-1,1,1,1,1,-1,1,-1,1,1,-1,1,-1,1,1,1,-1,1,1,1,1,-1,-1,1,-1,-1,-1,1,1,-1,1,1,1,-1,1,1,1,1,1,1,1,1,-1,1,1,1,-1,-1,1,-1,1,1,1,-1,1,1,-1,-1,1,1,1,-1,1,-1,1,1,1,-1,1,1,-1,1,1,1,-1,1,1,-1,1,1,1,-1,1,1,-1,-1,1,1,-1,1,1,-1,1,-1,1,-1,1,1,1,-1,1,1,1,1,1,1,-1,1,1,-1,1,1,1,-1,-1,-1,-1,1,1,1,-1,1,1,-1,1,1,-1,-1,1,1,1,1,1,-1,1,1,1,-1,1,1,1,-1,-1,1,1,1,-1,1,-1,1,1,1,1,1,1,-1,-1,-1,1,-1,-1,1,1,-1,1,1,1,1,1,1,1,-1,1,-1,-1,1,-1,1,-1,1,1,1,1,1,1,-1,-1,1,-1,1,1,1,-1,1,1,1,-1,1,1,-1,-1,1,-1,1,1,1,-1,1,1,1,1,1,1,-1,1,-1,1,1,1,1,-1,1,-1,1,1,1,-1,-1,1,-1,1,1,1,-1,-1,1,-1,-1,1,1,-1,-1,1,-1,1,1,1,1,-1,1,1,-1,1,1,1,-1,-1,1,-1,1,1,-1,-1,1,-1,-1,1,-1,1,-1,-1,1,-1,1,-1,1,-1,-1,1,-1,-1,1,1,1,-1,1,-1,1,-1,-1,-1,1,-1,-1,-1,1,-1,-1,-1,1,1,-1,1,-1,1,1,1,-1,1,1,-1,-1,-1,1,-1,-1,1,-1,-1,1,1,1,-1,1,-1,-1,1,1,-1,-1,1,-1,-1,1,1,-1,-1,1,-1,-1,-1,1,1,-1,1,1,-1,-1,1,-1,-1,1,-1,1,-1,1,1,-1,-1,1,-1,-1,-1,-1,-1,1,1,1,-1,-1,1,-1,-1,1,-1,-1,1,-1,-1,1,1,-1,-1,1,-1,-1,1,1,-1,1,-1,-1,-1,-1,1,1,-1,-1,-1,-1,-1,1,-1,-1,1,-1,-1,-1,1,1,-1,-1,-1,-1,-1,1,-1,-1,-1,-1,-1,1,1,1,-1,-1,-1,-1,-1,1,1,-1,-1,-1,-1,-1,1,1,1,-1,-1,-1,-1,1,1,-1,-1,-1,-1,1,-1,1,1,-1,-1,1,1,-1,1,1,-1,-1,-1,1,1,1,1,1,-1,1,1,1,1,-1,1,-1,-1,1,-1,1,-1,1,-1,-1,1,-1,1,-1,-1,-1,-1,1,-1,1,-1,1,1,-1,1,-1,1,-1,1,1,1,-1,-1,1,-1,-1,-1,-1,1,-1,-1,-1,-1,-1,-1,1,-1,1,-1,-1,-1,-1,1,1,-1,1,-1,-1,-1,1,-1,-1,1,-1,-1,-1,-1,1,-1,1,-1,-1,-1,-1,-1,1,-1,-1,-1,1,-1,-1,1,-1,1,-1,-1,-1,-1,-1,-1,-1,1,-1,-1,-1,1,1,-1,-1,-1,-1,1,-1,-1,-1,-1,1,-1,-1,1,-1,1,-1,-1,-1,-1,1,-1,1,1,-1,1,-1,-1,1,1,-1,-1,-1,-1,-1,-1,1,1,-1,-1,1,-1,1,1,-1,-1,-1,1,-1,-1,1,-1,-1,1,-1,-1,1,1,1,-1,1,-1,1,1,1,-1,-1,1,-1,-1,1,1,1,-1,1,-1,-1,1,1,-1,1,1,-1,-1,1,1,1,1,1,-1,-1,1,1,1,1,1,-1,-1,1,1,1,1,1,1,-1,-1,1,1,1,1,-1,-1,1,-1,1,1,1,1,-1,-1,1,-1,1,1,1,-1,1,1,1,1,-1,1,-1,1,1,1,1,1,1,1,-1,1,1,1,1,-1,1,-1,1,1,1,1,1,-1,1,1,1,1,-1,1,1,-1,1,1,-1,1,1,-1,-1,1,1,1,1,-1,1,-1,1,1,1,-1,-1,1,-1,1,1,1,-1,1,-1,-1,-1,1,1,-1,-1,1,-1,-1,1,1,1,-1,1,-1,-1,1,1,1,-1,1,-1,-1,1,1,-1,-1,-1,1,-1,1,1,-1,1,1,-1,1,1,-1,-1,1,-1,-1,-1,1,1,-1,1,1,-1,1,1,-1,-1,-1,-1,1,-1,-1,-1,-1,1,-1,-1,1,1,-1,1,1,-1,1,1,1,1,-1,1,-1,1,1,1,1,-1,1,-1,-1,-1,1,1,-1,1,-1,1,1,1,1,-1,1,-1,1,1,-1,-1,-1,1,-1,-1,1,1,-1,-1,-1,1,-1,1,-1,1,-1,1,-1,-1,1,-2666.0,1,2000,445,1000,False
1998,1,1,-1,-1,1,-1,1,-1,1,1,1,-1,1,1,1,1,-1,1,1,-1,1,-1,1,1,1,1,-1,-1,1,1,1,1,-1,-1,-1,-1,1,-1,1,1,-1,-1,-1,1,1,1,1,-1,1,1,1,1,-1,1,-1,-1,1,-1,1,1,1,-1,-1,-1,1,1,1,1,-1,-1,-1,1,1,1,1,-1,-1,-1,1,1,1,-1,-1,-1,1,1,1,1,-1,-1,-1,1,1,1,1,-1,-1,1,1,-1,1,1,-1,-1,1,1,1,1,1,-1,-1,1,1,1,1,1,-1,-1,1,1,1,1,1,1,-1,1,1,1,-1,1,1,-1,1,1,1,1,1,1,-1,-1,1,1,1,1,1,-1,1,1,1,1,1,1,-1,-1,-1,1,1,1,1,-1,1,1,1,1,-1,1,-1,1,-1,1,1,1,-1,-1,1,1,1,1,1,-1,1,-1,-1,1,1,1,-1,1,1,1,1,-1,1,1,1,1,-1,1,-1,1,-1,1,1,-1,1,-1,1,1,-1,1,-1,1,-1,1,-1,1,1,-1,1,-1,1,1,1,1,-1,-1,1,1,-1,-1,1,-1,1,-1,1,1,-1,1,-1,1,-1,1,-1,-1,1,-1,-1,-1,1,1,-1,1,-1,1,1,1,-1,1,1,-1,-1,-1,1,-1,1,-1,1,-1,1,1,-1,1,-1,-1,-1,-1,1,-1,1,-1,-1,-1,1,1,-1,-1,1,1,-1,1,1,1,-1,1,1,-1,1,1,1,1,-1,1,-1,1,1,-1,1,-1,1,-1,1,-1,1,1,1,1,-1,-1,1,-1,-1,-1,1,1,-1,1,1,1,-1,1,1,1,1,1,1,1,1,-1,1,1,1,-1,1,1,-1,1,1,1,-1,1,1,-1,-1,1,1,1,-1,1,-1,1,1,1,-1,1,1,-1,1,1,1,-1,1,1,-1,1,1,1,-1,1,1,1,-1,1,1,-1,1,1,-1,1,-1,1,-1,1,1,1,-1,1,1,1,-1,1,1,-1,1,1,-1,1,1,1,-1,-1,-1,-1,1,1,1,-1,1,1,-1,1,1,-1,-1,1,1,1,1,1,-1,1,1,1,-1,1,1,1,-1,-1,1,1,1,-1,1,-1,1,1,1,1,1,1,-1,-1,-1,1,-1,-1,1,1,-1,1,1,1,1,1,1,1,-1,1,-1,-1,1,-1,1,-1,1,1,-1,1,1,1,-1,-1,1,-1,1,1,1,-1,1,1,1,-1,1,1,-1,-1,1,-1,1,1,1,-1,1,1,1,1,1,1,-1,1,-1,-1,1,1,-1,-1,1,-1,-1,1,1,-1,-1,1,-1,1,1,1,-1,-1,1,1,-1,1,1,-1,-1,1,-1,1,1,1,1,-1,1,1,-1,-1,1,1,-1,-1,-1,1,-1,1,-1,-1,1,-1,-1,1,-1,1,-1,-1,1,-1,1,-1,1,-1,-1,1,-1,-1,1,1,1,-1,1,-1,1,-1,1,-1,1,-1,-1,-1,1,-1,-1,1,1,1,-1,1,-1,1,1,1,-1,1,1,-1,1,-1,1,-1,-1,1,-1,-1,1,1,1,-1,1,-1,-1,1,1,-1,-1,1,-1,-1,1,1,-1,-1,1,-1,-1,-1,1,1,-1,1,1,-1,-1,1,-1,-1,1,-1,1,-1,1,1,-1,-1,1,-1,-1,-1,-1,-1,1,1,1,-1,1,1,-1,-1,1,-1,1,-1,-1,-1,1,1,-1,-1,-1,-1,-1,1,1,-1,1,1,1,-1,-1,1,1,-1,-1,-1,-1,1,1,-1,-1,1,-1,-1,-1,1,1,-1,-1,-1,-1,-1,1,-1,-1,1,-1,-1,1,1,1,-1,1,-1,-1,-1,1,1,-1,-1,-1,-1,-1,1,1,1,-1,-1,-1,-1,1,1,-1,-1,-1,-1,1,-1,1,1,-1,-1,1,1,-1,1,1,-1,-1,-1,1,1,1,-1,1,-1,1,1,1,1,-1,1,-1,-1,1,-1,1,-1,1,-1,-1,1,-1,1,-1,-1,-1,-1,1,-1,1,-1,1,1,-1,1,-1,1,-1,1,1,1,-1,-1,1,-1,-1,-1,-1,1,-1,-1,-1,-1,-1,-1,1,-1,1,-1,-1,-1,-1,1,1,-1,1,-1,-1,-1,1,1,-1,1,-1,-1,-1,-1,-1,1,1,-1,-1,-1,-1,-1,1,-1,-1,-1,1,-1,-1,1,-1,1,-1,-1,-1,-1,-1,-1,-1,1,-1,-1,-1,1,1,-1,-1,-1,-1,1,-1,-1,-1,-1,1,-1,-1,1,1,1,-1,-1,-1,-1,1,-1,1,1,-1,1,-1,-1,1,1,-1,-1,-1,-1,-1,-1,1,1,-1,-1,1,-1,1,1,-1,-1,-1,1,-1,-1,1,-1,-1,1,-1,-1,1,1,1,-1,1,-1,1,1,1,-1,-1,1,-1,-1,1,1,1,-1,1,-1,-1,1,1,-1,1,1,-1,-1,1,1,-1,1,1,-1,-1,1,1,-1,1,1,-1,-1,1,1,1,1,-1,1,-1,-1,1,-1,1,1,-1,-1,1,-1,1,1,1,1,-1,-1,1,-1,1,1,1,-1,1,1,1,1,-1,1,-1,1,1,1,1,1,1,1,-1,1,1,1,1,-1,1,-1,1,1,1,1,1,-1,1,1,1,1,-1,1,1,-1,1,1,-1,1,1,-1,-1,1,1,1,1,-1,1,-1,1,1,1,-1,-1,1,-1,1,1,1,-1,1,-1,-1,-1,1,1,-1,-1,1,-1,-1,1,1,-1,-1,1,-1,-1,1,1,1,-1,-1,-1,-1,1,1,-1,-1,-1,1,-1,-1,1,-1,1,1,-1,1,1,-1,-1,1,-1,-1,-1,1,1,-1,1,1,-1,1,1,-1,-1,-1,-1,1,-1,-1,-1,-1,-1,-1,-1,1,1,-1,1,1,-1,1,1,1,1,-1,1,-1,1,1,1,1,-1,1,-1,-1,1,1,1,-1,1,-1,1,1,1,1,-1,1,-1,1,1,-1,-1,-1,1,-1,-1,1,1,-1,-1,-1,1,-1,1,-1,1,-1,1,-1,-1,1,-2666.0,1,2000,445,1500,False
1999,1,1,-1,-1,1,1,-1,-1,1,1,1,-1,1,1,-1,1,-1,1,-1,-1,-1,1,1,1,1,-1,-1,-1,1,1,1,1,-1,-1,-1,-1,1,-1,1,1,-1,-1,-1,1,1,1,1,-1,1,1,1,1,-1,1,-1,-1,1,-1,1,1,1,-1,-1,1,1,1,1,1,-1,-1,1,1,1,1,1,-1,-1,-1,1,1,1,-1,-1,-1,1,1,1,1,-1,-1,-1,1,1,1,1,-1,-1,1,1,-1,1,1,-1,-1,1,1,1,1,1,-1,-1,1,1,-1,1,1,-1,-1,1,1,1,1,1,1,-1,-1,1,1,-1,1,1,-1,1,1,1,1,1,1,-1,-1,1,1,1,1,1,-1,1,1,1,1,1,1,-1,-1,-1,1,1,1,1,-1,1,1,1,1,-1,1,-1,1,-1,1,1,1,-1,-1,1,1,1,1,1,-1,1,-1,-1,1,-1,1,-1,1,1,1,1,1,1,1,1,1,-1,1,-1,1,-1,1,1,-1,1,-1,1,1,-1,1,-1,1,-1,1,1,1,1,-1,-1,-1,1,-1,-1,1,-1,-1,1,1,-1,-1,1,-1,1,-1,1,-1,-1,1,-1,1,-1,1,-1,1,1,-1,1,-1,1,-1,-1,1,-1,1,1,1,-1,1,1,-1,1,-1,1,-1,1,-1,1,-1,1,1,-1,1,-1,-1,-1,1,1,-1,1,-1,-1,-1,1,1,1,-1,1,1,-1,-1,1,1,-1,1,1,-1,1,1,1,1,-1,1,-1,1,1,1,-1,-1,1,1,1,1,-1,1,1,1,-1,-1,1,-1,-1,1,1,1,-1,1,1,1,-1,1,1,1,1,1,1,1,1,-1,1,1,1,-1,1,1,-1,1,1,1,-1,1,1,-1,-1,1,1,1,-1,1,-1,1,1,1,-1,1,1,-1,1,1,1,-1,1,1,-1,1,1,1,-1,1,1,1,-1,1,1,-1,1,1,-1,1,-1,1,-1,1,1,1,-1,1,1,1,-1,1,1,-1,1,1,-1,1,1,1,-1,-1,-1,-1,1,1,1,-1,1,1,-1,1,1,-1,-1,1,1,1,1,1,-1,1,1,1,-1,1,1,1,-1,-1,1,1,1,-1,1,-1,1,1,1,1,1,1,-1,-1,-1,1,-1,-1,1,1,-1,1,1,1,1,1,1,1,-1,1,-1,-1,1,-1,1,-1,1,1,-1,1,1,1,-1,-1,1,-1,1,1,1,-1,1,1,1,-1,1,1,-1,-1,1,-1,1,1,1,-1,1,1,1,1,1,1,-1,1,-1,1,1,1,-1,-1,1,-1,-1,1,1,-1,-1,1,-1,1,1,1,-1,-1,1,-1,-1,1,1,-1,-1,1,-1,1,1,1,1,-1,1,1,-1,-1,1,1,-1,-1,1,1,-1,1,-1,-1,1,-1,-1,1,-1,1,-1,-1,1,-1,1,-1,1,-1,-1,1,-1,-1,1,1,1,-1,1,-1,1,-1,-1,1,1,-1,-1,-1,1,-1,-1,1,1,-1,1,1,-1,1,1,1,-1,1,1,-1,-1,-1,1,-1,-1,1,-1,-1,1,1,-1,-1,1,-1,-1,1,1,1,-1,1,-1,-1,1,1,-1,-1,1,-1,-1,-1,1,1,-1,1,-1,-1,-1,1,-1,-1,1,-1,1,-1,1,1,-1,-1,1,-1,-1,-1,-1,-1,1,1,1,-1,1,1,-1,-1,1,-1,1,-1,-1,-1,-1,1,-1,-1,-1,1,-1,1,1,-1,1,1,1,-1,-1,1,1,-1,-1,-1,-1,1,1,-1,-1,1,-1,-1,-1,1,1,-1,-1,-1,-1,-1,1,-1,-1,1,-1,-1,-1,1,1,-1,1,-1,-1,1,1,1,-1,-1,-1,-1,-1,1,1,1,-1,-1,-1,-1,1,1,-1,-1,-1,-1,1,1,1,1,-1,-1,1,1,1,1,1,-1,-1,-1,1,1,1,-1,1,-1,1,1,1,1,-1,1,-1,-1,1,-1,1,-1,1,-1,-1,1,-1,1,-1,-1,-1,-1,1,-1,1,-1,1,1,-1,1,-1,1,-1,1,1,-1,1,-1,1,-1,-1,-1,-1,1,1,-1,-1,-1,-1,-1,1,-1,1,-1,-1,-1,-1,-1,-1,-1,1,-1,-1,-1,1,-1,-1,1,-1,-1,-1,-1,-1,-1,1,-1,-1,-1,-1,-1,1,-1,-1,-1,1,-1,-1,1,-1,1,-1,-1,-1,-1,-1,-1,-1,1,-1,-1,-1,1,1,-1,-1,-1,-1,1,-1,-1,-1,-1,1,-1,-1,1,-1,1,-1,-1,-1,-1,1,-1,1,1,-1,1,-1,-1,1,1,-1,-1,-1,-1,-1,-1,1,1,-1,-1,1,-1,1,1,-1,-1,-1,-1,-1,1,1,-1,-1,-1,1,-1,1,1,1,-1,-1,-1,1,1,1,-1,-1,1,-1,-1,1,1,1,-1,1,-1,-1,1,1,-1,1,-1,-1,-1,1,1,1,1,1,1,-1,1,1,-1,1,1,1,-1,1,1,1,1,1,1,-1,-1,1,1,-1,1,-1,-1,1,-1,1,1,1,1,-1,-1,1,-1,1,-1,1,-1,1,1,1,1,-1,1,-1,1,1,1,1,1,1,1,-1,1,1,1,1,-1,1,-1,1,1,1,1,1,-1,1,1,1,1,-1,1,1,-1,1,1,-1,1,1,-1,-1,1,1,1,1,-1,1,-1,1,1,1,-1,-1,1,-1,1,1,1,-1,1,-1,-1,-1,1,1,-1,-1,1,-1,-1,1,1,-1,-1,1,-1,-1,1,1,1,-1,-1,-1,-1,1,1,-1,-1,-1,1,-1,1,1,-1,1,1,-1,1,1,-1,-1,1,1,-1,-1,1,1,-1,1,1,-1,1,1,-1,-1,-1,-1,1,-1,-1,-1,-1,-1,-1,-1,1,1,-1,1,1,-1,1,1,1,1,-1,1,-1,1,1,1,1,-1,1,-1,-1,-1,1,1,-1,1,-1,1,1,1,1,-1,1,-1,1,1,1,-1,-1,1,-1,-1,1,1,-1,-1,-1,1,-1,1,-1,1,-1,1,-1,-1,1,-2666.0,1,2000,445,1000,False
2000,1,1,-1,-1,1,-1,-1,-1,1,1,1,-1,1,1,-1,1,-1,1,-1,-1,1,1,1,1,1,-1,-1,-1,1,1,1,1,-1,-1,-1,-1,1,1,1,1,-1,-1,-1,1,1,1,1,-1,1,1,1,1,-1,1,-1,-1,1,-1,1,1,1,-1,-1,1,1,1,1,1,-1,-1,1,1,1,1,1,-1,-1,-1,1,1,1,-1,-1,-1,1,1,1,1,-1,-1,-1,1,1,1,1,-1,-1,1,1,-1,1,1,-1,-1,1,1,1,1,1,-1,-1,1,1,-1,1,1,-1,-1,1,1,1,1,1,1,-1,1,1,1,-1,1,1,-1,1,1,1,1,1,1,-1,-1,1,1,1,1,1,-1,1,1,1,1,1,1,-1,-1,-1,1,1,1,1,-1,1,1,1,1,-1,1,-1,1,-1,1,1,1,-1,-1,1,1,1,1,1,-1,1,-1,-1,1,1,1,-1,1,1,1,1,-1,1,1,1,1,-1,1,-1,1,-1,1,1,-1,1,-1,1,1,-1,1,-1,1,-1,1,-1,1,1,-1,1,-1,1,1,1,1,-1,-1,1,1,-1,-1,1,-1,1,-1,1,1,-1,1,-1,1,-1,1,-1,-1,1,-1,-1,-1,1,1,-1,1,-1,1,1,1,-1,1,1,-1,1,-1,1,-1,1,-1,1,-1,1,1,-1,1,-1,-1,-1,-1,1,-1,1,-1,-1,-1,-1,1,-1,-1,1,1,-1,1,1,1,-1,1,1,-1,1,1,1,1,-1,1,-1,1,1,-1,1,-1,1,1,1,-1,1,1,1,1,-1,-1,1,-1,-1,1,1,1,-1,1,1,1,-1,1,1,1,1,1,1,1,1,-1,1,1,1,-1,-1,1,-1,1,1,1,-1,1,1,-1,-1,1,1,1,-1,1,-1,1,1,1,-1,1,1,-1,1,1,1,-1,1,1,-1,1,1,1,-1,1,1,-1,-1,1,1,-1,1,1,-1,1,-1,1,-1,1,1,1,-1,1,1,1,1,1,1,-1,1,1,-1,1,1,1,-1,-1,-1,-1,1,1,1,-1,1,1,-1,1,1,-1,-1,1,1,1,1,1,-1,1,1,1,-1,1,1,1,-1,-1,1,1,1,-1,1,-1,1,1,1,1,1,1,-1,-1,-1,1,-1,-1,1,-1,1,-1,1,1,1,1,1,1,-1,1,-1,-1,1,-1,1,-1,1,1,1,1,1,1,-1,-1,1,-1,1,1,-1,-1,1,1,1,-1,1,1,-1,-1,1,-1,1,1,-1,-1,1,1,1,1,-1,1,-1,1,-1,1,1,-1,-1,-1,1,-1,1,1,-1,-1,-1,1,-1,1,1,1,-1,-1,1,1,-1,1,-1,-1,-1,1,-1,1,1,-1,1,-1,1,-1,-1,1,-1,-1,-1,-1,-1,-1,1,-1,-1,-1,1,-1,-1,1,-1,-1,-1,-1,1,-1,1,-1,-1,1,-1,1,-1,-1,1,1,1,-1,1,-1,1,-1,1,-1,1,-1,-1,-1,1,-1,-1,-1,1,-1,1,1,-1,1,1,1,-1,1,1,-1,-1,-1,1,-1,-1,1,-1,-1,1,1,-1,-1,1,-1,-1,1,1,1,-1,1,-1,-1,1,1,-1,-1,1,-1,-1,-1,1,1,-1,1,-1,-1,-1,1,-1,-1,1,-1,1,-1,1,1,-1,-1,1,-1,-1,-1,-1,-1,1,1,1,-1,-1,1,-1,-1,1,-1,-1,1,-1,-1,1,1,-1,-1,1,1,-1,1,1,-1,1,-1,1,-1,-1,1,1,-1,-1,-1,-1,-1,1,-1,-1,1,-1,-1,-1,1,1,-1,-1,-1,-1,-1,1,-1,-1,-1,-1,-1,1,1,1,-1,-1,-1,-1,-1,1,1,-1,-1,-1,-1,-1,1,1,1,-1,-1,-1,-1,1,1,-1,-1,-1,-1,1,-1,1,1,1,-1,1,1,-1,1,1,1,-1,-1,1,1,1,1,-1,-1,1,1,1,1,-1,1,-1,-1,1,-1,1,-1,1,-1,-1,1,-1,1,1,1,-1,-1,1,-1,1,-1,1,-1,-1,1,-1,1,1,1,-1,1,-1,-1,1,1,1,-1,-1,1,-1,-1,1,1,-1,-1,1,-1,1,-1,1,-1,-1,1,1,-1,1,1,-1,-1,1,1,-1,1,1,-1,-1,-1,-1,-1,-1,1,-1,-1,-1,-1,1,-1,-1,-1,1,-1,-1,1,-1,1,-1,-1,-1,-1,-1,-1,1,1,-1,-1,-1,1,1,1,-1,-1,-1,1,-1,-1,1,-1,1,-1,-1,1,1,1,-1,-1,-1,-1,1,-1,1,1,-1,1,-1,-1,1,1,-1,-1,-1,-1,-1,-1,1,1,-1,-1,1,-1,1,1,-1,-1,-1,1,-1,1,1,-1,-1,1,-1,-1,1,1,1,-1,1,-1,1,1,1,-1,-1,1,-1,-1,1,1,1,-1,1,-1,-1,1,1,-1,1,1,-1,-1,1,1,-1,1,1,-1,-1,1,1,-1,1,1,-1,-1,1,1,1,1,-1,1,-1,-1,1,1,-1,1,-1,-1,1,-1,1,1,1,1,-1,-1,1,-1,1,1,1,-1,1,1,1,1,-1,1,-1,1,1,1,1,1,1,1,-1,1,1,1,1,-1,1,-1,1,1,1,1,1,-1,1,1,1,1,-1,1,1,-1,1,1,-1,1,1,-1,-1,1,1,1,1,-1,1,-1,1,1,1,-1,-1,1,-1,1,1,1,-1,1,-1,-1,-1,1,1,-1,-1,1,-1,-1,1,1,-1,-1,1,-1,-1,1,1,1,-1,1,-1,-1,1,1,-1,-1,-1,1,-1,-1,1,-1,1,1,-1,1,1,-1,-1,1,-1,-1,-1,1,1,-1,1,1,-1,1,1,-1,-1,-1,-1,1,-1,-1,-1,-1,1,-1,-1,1,1,-1,1,1,-1,1,1,1,1,-1,1,-1,1,1,1,1,-1,1,-1,-1,1,1,1,-1,1,-1,1,1,1,1,-1,1,-1,1,1,-1,-1,-1,1,-1,-1,1,1,-1,-1,-1,1,-1,1,-1,1,-1,1,-1,-1,1,-2666.0,1,2000,445,1000,False
2001,1,1,-1,-1,1,1,-1,1,1,1,1,-1,1,1,1,1,-1,1,-1,-1,-1,1,1,1,1,-1,-1,-1,1,1,1,1,1,-1,-1,1,-1,1,1,-1,-1,-1,1,1,1,1,-1,-1,1,-1,1,1,1,1,-1,-1,1,-1,1,1,1,-1,-1,-1,1,1,1,-1,-1,-1,1,-1,1,1,1,-1,-1,1,-1,1,1,-1,-1,-1,-1,1,1,1,-1,-1,-1,1,-1,1,1,-1,-1,1,-1,1,1,1,-1,-1,1,-1,-1,1,1,-1,-1,-1,-1,-1,1,1,-1,-1,1,-1,-1,1,1,1,-1,-1,-1,-1,1,1,1,-1,1,-1,-1,1,1,1,-1,1,-1,-1,1,1,1,-1,1,-1,-1,-1,1,1,-1,-1,1,-1,-1,1,1,-1,1,1,-1,-1,1,1,-1,1,1,-1,1,1,-1,-1,1,-1,-1,1,1,-1,1,-1,1,-1,1,1,-1,1,1,-1,-1,-1,1,-1,1,1,1,-1,1,1,1,-1,1,1,-1,-1,1,-1,-1,1,1,-1,1,1,-1,1,1,1,-1,1,1,1,1,1,1,1,-1,1,-1,-1,1,1,-1,-1,1,1,-1,1,1,-1,-1,1,-1,1,1,1,1,-1,1,-1,1,1,1,-1,1,1,1,1,-1,1,-1,-1,-1,1,1,1,1,1,1,-1,1,1,-1,1,1,1,1,1,1,-1,1,1,1,1,-1,1,1,1,1,1,1,1,1,1,1,-1,-1,1,-1,1,-1,1,1,1,1,1,1,-1,1,1,1,-1,1,1,1,1,1,1,1,-1,1,-1,1,-1,1,1,1,1,-1,1,1,1,1,1,1,1,1,1,1,1,1,-1,1,1,1,1,1,-1,-1,1,1,1,-1,1,-1,1,-1,1,1,-1,1,1,-1,1,1,-1,1,1,1,-1,1,1,1,-1,1,1,-1,1,1,1,-1,1,1,-1,1,1,1,1,-1,1,-1,1,-1,1,-1,1,1,1,-1,-1,1,1,-1,1,-1,1,1,1,-1,-1,-1,-1,1,1,1,-1,1,1,-1,1,1,-1,1,1,1,1,1,1,-1,1,1,1,-1,1,1,1,1,-1,1,1,1,-1,1,-1,1,1,1,1,1,1,-1,-1,-1,1,-1,1,1,-1,1,-1,1,-1,1,1,1,-1,-1,1,-1,-1,1,-1,1,-1,1,1,-1,-1,1,1,-1,-1,1,-1,1,1,-1,-1,1,1,1,1,1,-1,-1,-1,1,-1,1,-1,-1,-1,1,1,1,1,-1,1,-1,1,-1,1,1,-1,-1,-1,1,-1,1,1,-1,-1,-1,1,-1,1,1,-1,-1,-1,1,-1,-1,1,1,-1,-1,1,-1,1,-1,1,-1,-1,1,1,-1,-1,1,-1,-1,-1,1,1,-1,1,-1,-1,1,1,-1,1,1,-1,-1,-1,1,-1,1,1,-1,-1,-1,1,-1,-1,1,1,1,-1,1,-1,1,-1,1,1,1,-1,1,1,-1,-1,1,1,1,1,-1,-1,1,-1,1,1,1,-1,-1,-1,-1,-1,1,-1,1,-1,-1,-1,1,1,-1,1,-1,-1,-1,1,1,-1,1,-1,-1,1,1,1,-1,1,-1,-1,-1,-1,1,1,1,-1,1,-1,-1,1,-1,1,-1,-1,1,1,-1,-1,1,1,-1,-1,-1,-1,-1,1,1,-1,-1,-1,1,-1,1,1,-1,-1,1,-1,1,1,-1,-1,-1,-1,-1,1,1,-1,1,-1,-1,1,1,1,1,-1,-1,-1,-1,-1,1,-1,1,-1,-1,1,-1,1,1,-1,1,-1,-1,1,1,1,-1,1,-1,1,-1,1,1,-1,1,-1,-1,-1,1,1,-1,1,-1,1,-1,1,1,-1,-1,1,-1,-1,1,1,-1,-1,-1,1,-1,1,1,1,-1,1,-1,-1,-1,-1,1,-1,1,-1,-1,1,-1,-1,1,-1,1,-1,-1,1,-1,1,-1,1,-1,1,-1,1,-1,1,-1,-1,-1,1,-1,1,-1,-1,-1,-1,1,-1,1,-1,1,-1,-1,1,-1,1,1,-1,-1,-1,-1,1,1,1,1,-1,-1,1,-1,-1,1,1,-1,-1,-1,-1,1,-1,1,-1,-1,1,1,-1,1,1,-1,-1,1,-1,-1,1,1,-1,-1,-1,-1,1,-1,1,-1,-1,-1,-1,-1,1,-1,-1,1,-1,-1,1,-1,1,-1,-1,-1,-1,-1,1,1,1,-1,-1,-1,1,1,1,-1,-1,-1,1,-1,-1,1,1,-1,-1,-1,1,1,1,1,-1,1,-1,1,-1,1,-1,-1,1,-1,-1,1,1,-1,-1,-1,-1,-1,-1,1,1,-1,-1,1,-1,1,1,-1,-1,-1,1,-1,1,1,1,-1,1,1,-1,1,1,1,-1,1,-1,1,1,1,-1,-1,1,-1,-1,1,1,1,1,-1,1,-1,1,1,1,-1,1,-1,-1,1,1,1,1,-1,1,-1,1,1,1,1,1,-1,-1,1,1,1,1,1,-1,-1,-1,1,1,1,-1,-1,-1,1,-1,1,1,1,-1,-1,-1,1,-1,1,1,-1,-1,1,1,1,1,1,-1,1,1,1,1,1,1,-1,1,-1,1,1,1,1,-1,1,-1,1,1,1,-1,1,-1,1,1,1,1,-1,1,1,-1,1,1,-1,1,1,-1,-1,1,1,1,1,-1,1,-1,1,1,1,-1,-1,1,-1,1,1,1,-1,1,-1,-1,-1,1,1,-1,-1,1,-1,-1,1,1,1,-1,1,-1,-1,1,1,1,-1,1,-1,-1,1,1,-1,-1,-1,1,-1,1,1,-1,1,1,-1,1,1,-1,-1,1,1,-1,-1,1,1,-1,1,1,-1,1,1,-1,-1,-1,-1,1,-1,-1,-1,-1,-1,-1,-1,1,1,-1,1,1,-1,1,1,1,1,-1,1,-1,1,1,1,-1,-1,1,-1,1,-1,1,-1,1,1,-1,-1,1,1,-1,-1,1,-1,1,1,1,1,-1,1,-1,-1,1,1,-1,-1,1,1,-1,1,-1,1,-1,1,-1,-1,1,-2666.0,1,2000,445,1000,True
2002,1,1,-1,-1,1,1,-1,-1,1,1,1,-1,-1,1,1,1,-1,1,1,-1,-1,-1,1,1,1,1,-1,-1,1,1,1,1,-1,-1,-1,-1,1,-1,1,1,-1,-1,-1,1,1,1,1,-1,1,1,1,1,-1,1,-1,-1,1,-1,1,1,1,-1,-1,-1,1,1,1,1,-1,-1,-1,1,1,1,1,-1,-1,-1,1,1,1,-1,-1,-1,1,1,1,1,-1,-1,1,1,1,1,1,-1,-1,-1,1,-1,1,1,-1,-1,1,1,1,1,1,-1,-1,-1,1,-1,1,1,-1,-1,1,1,1,1,1,1,-1,-1,1,1,-1,1,1,-1,1,1,1,1,1,1,-1,1,1,1,-1,1,1,-1,1,1,1,1,1,1,-1,-1,-1,1,-1,1,1,-1,1,1,1,1,-1,1,-1,1,-1,1,1,1,-1,-1,1,1,1,-1,1,-1,1,-1,-1,1,1,1,-1,1,1,1,1,-1,1,1,1,1,-1,1,-1,1,-1,1,1,-1,1,-1,1,1,-1,1,-1,1,-1,1,-1,1,1,-1,1,-1,1,1,1,1,-1,-1,1,1,-1,-1,1,-1,1,1,-1,1,-1,1,-1,1,-1,1,-1,1,1,-1,-1,1,1,1,-1,1,-1,1,1,1,-1,1,-1,-1,1,-1,1,-1,1,1,1,-1,1,1,-1,1,-1,-1,-1,1,1,-1,1,-1,-1,-1,-1,1,-1,-1,1,1,-1,-1,1,1,-1,1,1,-1,1,1,1,1,-1,1,-1,1,1,-1,1,-1,1,-1,1,1,1,1,1,1,-1,-1,1,-1,-1,1,1,1,-1,1,1,1,-1,1,1,1,1,1,1,-1,1,-1,1,1,1,-1,1,1,-1,1,1,1,-1,1,1,-1,-1,1,1,1,-1,1,-1,1,1,1,-1,1,1,-1,1,1,1,-1,1,1,-1,1,1,1,-1,1,1,1,-1,1,1,-1,1,1,-1,1,-1,1,-1,1,1,1,-1,1,1,1,-1,1,1,-1,1,1,-1,1,1,1,-1,-1,-1,-1,1,1,1,-1,1,1,-1,1,1,-1,-1,1,1,1,1,1,-1,1,1,1,-1,1,1,1,-1,-1,1,1,1,-1,1,-1,1,-1,1,1,1,1,-1,-1,-1,1,-1,-1,1,1,-1,1,1,1,1,1,1,1,-1,1,-1,-1,1,-1,1,-1,1,1,1,1,1,1,-1,-1,1,-1,1,1,1,-1,1,1,1,-1,1,1,-1,-1,1,-1,1,1,1,-1,1,1,1,1,1,1,-1,1,-1,-1,1,1,-1,1,1,-1,1,1,1,-1,-1,1,-1,1,1,1,-1,-1,1,-1,-1,1,1,-1,-1,1,-1,1,1,1,1,-1,1,1,-1,1,1,1,-1,1,-1,-1,1,1,-1,-1,1,-1,-1,1,-1,1,-1,-1,1,-1,1,-1,1,-1,1,1,-1,-1,1,1,1,-1,1,-1,1,-1,-1,1,1,-1,-1,-1,1,-1,-1,1,1,1,-1,1,-1,1,1,1,-1,1,1,-1,-1,-1,1,-1,-1,1,-1,-1,1,1,1,-1,1,-1,-1,1,1,-1,-1,1,-1,-1,1,1,-1,-1,1,-1,-1,-1,1,1,-1,1,1,-1,-1,1,-1,-1,1,-1,1,-1,1,1,-1,-1,1,-1,-1,-1,-1,-1,1,1,1,-1,-1,1,-1,-1,1,-1,-1,1,-1,-1,1,1,-1,-1,1,1,-1,1,1,-1,1,-1,1,-1,-1,1,1,-1,-1,-1,-1,-1,1,-1,-1,1,-1,-1,-1,1,1,-1,-1,-1,-1,-1,1,-1,-1,-1,-1,1,-1,1,1,-1,-1,-1,1,-1,1,1,-1,-1,-1,-1,-1,1,1,1,-1,-1,-1,-1,1,1,-1,-1,-1,-1,1,-1,1,1,-1,-1,1,1,-1,1,1,-1,-1,-1,1,1,1,-1,1,-1,1,1,1,1,-1,1,-1,-1,1,-1,1,-1,1,-1,1,-1,-1,1,-1,-1,-1,-1,-1,-1,1,-1,1,1,-1,1,-1,1,-1,1,1,1,-1,-1,1,-1,-1,-1,-1,1,1,-1,-1,-1,-1,-1,1,-1,1,-1,-1,-1,-1,-1,-1,-1,1,-1,-1,-1,1,-1,-1,1,-1,-1,-1,-1,-1,1,1,-1,-1,-1,-1,-1,1,-1,-1,-1,1,-1,-1,1,-1,1,-1,-1,-1,-1,-1,-1,-1,1,-1,-1,-1,1,1,-1,-1,-1,1,-1,-1,-1,-1,-1,1,-1,-1,1,1,1,-1,-1,-1,-1,1,-1,1,1,-1,1,-1,-1,1,1,-1,-1,-1,-1,-1,-1,1,1,-1,-1,1,-1,1,1,-1,-1,-1,1,-1,-1,1,-1,-1,1,-1,-1,1,1,1,-1,1,-1,1,1,1,-1,-1,1,-1,-1,1,-1,1,-1,1,-1,-1,1,1,-1,1,1,-1,-1,1,1,-1,1,1,-1,-1,1,1,-1,1,1,-1,-1,1,1,1,1,1,1,-1,1,1,-1,1,1,-1,-1,1,-1,1,1,1,1,-1,-1,1,-1,1,1,1,-1,1,-1,1,1,-1,1,-1,1,1,1,1,1,1,1,-1,-1,1,1,1,-1,1,-1,1,1,1,1,1,-1,1,-1,1,1,-1,1,1,-1,-1,1,-1,1,1,-1,-1,1,1,1,1,-1,1,-1,-1,1,1,-1,-1,1,-1,1,1,1,-1,1,-1,-1,-1,1,1,-1,-1,1,-1,-1,1,1,1,-1,1,-1,-1,1,1,1,-1,1,-1,-1,1,1,-1,-1,-1,1,-1,1,1,-1,1,1,-1,1,1,-1,-1,1,-1,-1,-1,1,1,-1,1,1,-1,1,1,-1,-1,-1,-1,1,-1,-1,-1,-1,1,-1,-1,1,1,-1,1,1,-1,1,1,1,1,-1,1,-1,1,1,1,-1,-1,1,-1,-1,1,1,-1,1,1,-1,1,1,1,-1,-1,1,-1,1,1,1,1,-1,1,-1,-1,1,1,1,-1,1,1,-1,1,1,1,-1,1,-1,-1,1,-2666.0,1,2000,445,1000,False
2003,-1,-1,1,1,1,1,-1,1,-1,-1,-1,1,-1,1,-1,-1,1,-1,1,1,1,-1,-1,-1,-1,1,-1,-1,-1,-1,-1,-1,1,1,-1,-1,1,-1,-1,-1,1,-1,-1,-1,-1,-1,-1,-1,1,1,-1,-1,1,-1,1,-1,-1,1,-1,-1,-1,1,1,1,-1,-1,-1,-1,-1,-1,-1,1,-1,-1,-1,-1,1,-1,1,-1,-1,1,1,-1,1,-1,-1,1,-1,1,-1,-1,-1,-1,-1,-1,-1,1,1,1,-1,-1,-1,-1,1,1,1,-1,-1,-1,-1,1,1,1,-1,-1,-1,-1,1,1,1,-1,-1,-1,-1,1,1,1,1,-1,-1,-1,1,1,1,-1,-1,-1,-1,1,1,1,1,-1,-1,-1,-1,1,1,1,-1,-1,-1,1,-1,1,1,1,-1,-1,1,1,1,1,-1,-1,-1,1,-1,1,-1,-1,-1,-1,1,1,1,1,-1,-1,1,-1,-1,1,-1,-1,-1,1,1,1,1,1,-1,-1,1,1,-1,1,1,-1,1,-1,1,-1,1,1,-1,-1,-1,1,-1,1,1,-1,-1,1,1,-1,1,1,-1,1,1,1,-1,-1,1,1,-1,-1,1,-1,1,1,-1,1,-1,1,-1,1,1,-1,1,1,1,-1,-1,1,-1,-1,1,1,-1,1,-1,1,1,1,1,-1,1,1,-1,1,1,-1,1,-1,-1,-1,1,1,-1,-1,1,-1,-1,1,1,-1,-1,-1,1,-1,1,1,1,1,-1,1,-1,1,1,1,1,-1,-1,-1,-1,1,-1,1,-1,-1,-1,1,-1,-1,1,1,-1,-1,-1,1,1,1,-1,-1,-1,1,1,-1,1,1,-1,-1,1,1,-1,1,-1,-1,-1,1,1,-1,1,-1,-1,-1,1,-1,1,1,-1,-1,1,-1,-1,1,1,-1,1,1,-1,1,-1,1,-1,1,1,1,-1,1,1,-1,-1,1,1,-1,1,-1,-1,-1,1,1,-1,1,-1,-1,1,-1,1,-1,1,-1,-1,1,-1,1,-1,1,1,-1,1,-1,1,1,-1,1,-1,-1,1,1,-1,1,-1,-1,1,1,-1,-1,1,1,-1,1,-1,1,-1,1,-1,1,1,-1,1,1,1,-1,1,1,-1,1,-1,1,-1,-1,1,-1,1,1,1,1,-1,1,1,1,1,1,-1,-1,1,-1,-1,1,-1,1,-1,-1,1,-1,1,1,-1,-1,-1,1,-1,1,-1,1,-1,1,-1,-1,1,1,-1,-1,-1,1,-1,-1,1,1,-1,-1,1,-1,1,1,-1,1,-1,1,-1,-1,1,1,-1,-1,-1,-1,1,1,-1,1,-1,1,-1,1,-1,1,-1,-1,1,-1,1,-1,1,-1,1,-1,-1,1,-1,-1,1,-1,-1,-1,1,-1,1,1,1,-1,-1,1,-1,-1,1,-1,-1,-1,1,1,1,-1,1,-1,-1,-1,1,1,-1,1,-1,-1,1,-1,1,1,1,-1,-1,-1,1,1,-1,1,-1,-1,-1,1,1,1,-1,1,1,-1,1,1,1,1,1,-1,1,-1,-1,-1,1,-1,-1,1,1,1,-1,1,-1,1,-1,-1,-1,1,1,-1,1,1,-1,1,-1,1,-1,1,1,-1,1,-1,1,-1,-1,-1,-1,1,-1,1,-1,-1,-1,-1,1,-1,1,-1,1,1,1,1,-1,1,-1,1,1,-1,1,-1,1,-1,-1,1,-1,1,-1,-1,1,1,1,1,1,-1,1,1,1,1,-1,1,-1,-1,1,1,1,-1,-1,-1,1,1,1,1,-1,-1,-1,1,-1,1,-1,1,1,-1,-1,1,1,-1,-1,-1,-1,-1,1,1,-1,1,1,-1,-1,1,1,1,1,1,-1,-1,1,-1,1,-1,1,-1,1,1,1,1,1,1,-1,-1,1,-1,1,-1,1,-1,-1,1,1,-1,1,1,-1,-1,1,1,1,1,1,1,-1,1,1,-1,-1,1,-1,-1,1,1,1,-1,1,-1,-1,1,-1,-1,1,1,-1,-1,1,-1,1,-1,1,1,-1,1,-1,1,-1,1,-1,-1,1,-1,1,-1,1,1,-1,1,-1,1,-1,1,1,-1,1,-1,1,-1,1,1,-1,1,1,1,1,1,-1,1,1,-1,1,1,1,1,-1,1,-1,1,-1,1,1,-1,1,1,-1,1,1,1,-1,1,1,-1,1,1,1,1,1,-1,-1,1,1,1,1,1,-1,1,-1,1,1,1,1,1,-1,1,1,1,1,1,1,-1,1,-1,1,1,1,1,1,1,1,1,1,1,1,-1,1,1,1,1,1,-1,1,1,1,1,1,1,1,-1,1,1,1,1,1,-1,1,1,1,1,1,1,-1,-1,1,-1,1,1,1,-1,1,1,1,1,1,-1,-1,1,1,1,1,1,1,-1,1,1,-1,1,1,-1,1,1,1,1,1,1,-1,-1,1,1,1,1,-1,1,-1,1,1,1,-1,-1,-1,-1,1,1,1,1,-1,1,-1,1,1,1,1,1,-1,-1,1,1,-1,1,1,-1,-1,-1,1,-1,1,-1,-1,-1,1,-1,1,1,1,-1,-1,-1,1,-1,1,1,-1,-1,1,1,-1,1,1,-1,1,1,1,-1,1,1,-1,1,-1,1,1,1,1,-1,1,-1,1,1,1,-1,1,-1,1,1,1,1,-1,1,1,-1,1,1,-1,1,1,-1,-1,1,-1,1,1,-1,1,-1,1,-1,1,-1,-1,1,-1,1,-1,1,-1,1,-1,-1,-1,1,1,-1,1,1,-1,-1,-1,1,1,-1,1,-1,-1,-1,1,1,-1,1,-1,-1,1,1,-1,-1,-1,1,-1,1,-1,-1,1,1,-1,1,1,-1,-1,1,-1,-1,-1,-1,1,-1,1,1,-1,1,-1,1,-1,-1,-1,1,-1,-1,-1,-1,1,-1,-1,1,1,-1,1,1,-1,1,1,-1,-1,-1,1,-1,1,1,1,1,-1,1,-1,-1,-1,1,-1,-1,1,-1,1,1,1,1,-1,1,-1,1,1,-1,-1,-1,1,-1,-1,1,1,-1,-1,-1,1,-1,1,-1,1,-1,1,-1,-1,1,-2666.0,1,2000,445,1500,True
2004,-1,-1,1,1,1,1,-1,1,-1,-1,-1,1,-1,1,-1,-1,1,-1,1,1,1,1,-1,-1,-1,1,-1,-1,-1,-1,-1,-1,1,1,-1,1,1,-1,-1,-1,1,-1,1,-1,-1,-1,-1,-1,1,-1,-1,-1,1,-1,1,-1,-1,1,-1,-1,-1,1,1,1,-1,1,-1,-1,-1,-1,1,-1,-1,-1,-1,-1,1,1,-1,-1,-1,1,1,-1,-1,-1,-1,1,-1,1,-1,-1,-1,1,-1,-1,-1,1,-1,1,1,1,-1,-1,1,-1,-1,1,1,-1,-1,-1,-1,-1,1,1,-1,-1,1,-1,-1,1,1,-1,-1,-1,-1,-1,1,1,-1,-1,1,-1,-1,1,1,-1,-1,1,-1,-1,1,1,1,-1,1,-1,-1,-1,1,-1,-1,1,1,-1,1,1,-1,-1,1,-1,-1,-1,1,1,-1,1,1,-1,1,1,-1,-1,1,-1,-1,1,1,-1,1,-1,1,-1,1,1,-1,-1,-1,-1,-1,-1,1,-1,1,1,1,-1,1,1,-1,1,1,1,-1,1,1,-1,-1,1,1,-1,1,1,1,-1,1,1,-1,1,1,-1,-1,-1,1,1,-1,1,-1,-1,1,1,1,-1,1,-1,-1,-1,1,-1,-1,1,-1,1,-1,1,1,-1,-1,-1,1,-1,1,-1,1,1,-1,1,-1,1,-1,-1,1,1,-1,-1,1,1,1,1,1,-1,-1,1,1,-1,1,1,-1,-1,1,1,1,1,1,-1,-1,1,1,1,1,1,1,-1,1,1,-1,-1,1,-1,-1,1,1,-1,-1,1,1,-1,1,-1,1,-1,1,1,-1,1,1,1,-1,-1,1,-1,1,-1,1,-1,1,1,-1,1,1,1,-1,1,-1,-1,1,1,-1,1,1,1,-1,1,1,-1,1,1,-1,1,1,1,-1,1,1,-1,-1,1,1,1,1,1,1,1,1,1,1,1,1,1,1,-1,1,-1,1,1,1,1,-1,1,1,-1,1,1,1,-1,1,1,-1,1,-1,1,1,-1,1,-1,1,1,1,1,-1,1,-1,1,1,-1,-1,-1,1,1,-1,-1,1,1,-1,1,-1,1,-1,1,-1,1,1,-1,1,1,1,1,-1,1,-1,1,-1,1,-1,-1,1,-1,1,1,1,1,-1,1,1,-1,1,1,-1,-1,1,-1,-1,1,-1,1,-1,-1,1,-1,-1,1,-1,-1,-1,1,-1,1,-1,1,-1,-1,1,-1,1,-1,-1,-1,-1,1,-1,-1,1,1,-1,-1,1,-1,1,1,-1,1,-1,1,-1,1,-1,1,-1,-1,-1,-1,1,-1,-1,1,-1,1,-1,1,-1,1,-1,-1,-1,1,1,-1,1,-1,-1,-1,-1,1,-1,-1,-1,-1,-1,1,-1,1,1,-1,1,-1,-1,1,-1,-1,1,-1,-1,-1,1,-1,1,-1,1,-1,-1,-1,-1,1,-1,1,-1,-1,1,-1,1,1,1,-1,-1,-1,1,1,-1,1,-1,-1,-1,1,1,1,-1,1,1,-1,1,1,1,1,1,-1,1,-1,1,1,-1,1,-1,1,-1,-1,1,-1,-1,1,-1,-1,1,-1,-1,-1,1,1,-1,1,1,-1,-1,1,1,-1,-1,1,-1,-1,-1,-1,-1,1,1,-1,-1,-1,-1,-1,1,1,-1,-1,1,1,1,-1,1,-1,1,-1,1,-1,1,1,-1,1,-1,1,-1,-1,1,1,-1,1,1,1,1,1,1,-1,-1,1,-1,1,1,1,-1,-1,1,-1,1,1,-1,-1,1,1,-1,1,1,-1,-1,1,-1,1,1,1,1,-1,1,1,-1,1,1,1,-1,1,1,1,1,1,1,-1,-1,1,1,1,1,1,-1,1,1,-1,1,1,1,-1,-1,1,1,1,-1,1,-1,-1,1,1,1,1,1,-1,-1,-1,1,1,1,1,-1,-1,1,1,1,1,-1,1,-1,1,-1,1,-1,-1,1,-1,1,-1,1,1,-1,-1,1,-1,1,1,-1,1,-1,-1,1,-1,-1,1,-1,1,-1,1,-1,1,-1,1,-1,-1,1,1,1,-1,1,1,-1,1,-1,1,-1,1,-1,-1,1,-1,1,-1,-1,1,1,1,1,1,-1,1,1,-1,1,1,1,1,-1,1,-1,1,-1,1,-1,1,1,1,-1,1,1,-1,1,1,1,-1,1,1,1,-1,1,-1,-1,1,1,-1,-1,1,-1,1,-1,-1,1,-1,1,1,-1,1,1,-1,-1,1,1,-1,1,1,-1,-1,-1,1,1,1,1,-1,-1,1,1,-1,1,1,-1,-1,1,-1,1,1,1,1,-1,-1,1,-1,1,1,-1,1,-1,-1,1,1,1,-1,-1,-1,-1,-1,1,-1,-1,-1,1,-1,1,1,1,1,1,-1,-1,1,1,1,1,-1,1,-1,1,1,-1,1,-1,-1,1,1,1,1,-1,1,-1,-1,1,1,1,1,-1,-1,-1,1,1,1,-1,-1,-1,-1,1,1,1,1,1,-1,-1,1,1,1,1,1,-1,-1,1,1,-1,1,1,-1,-1,1,1,-1,1,-1,-1,-1,1,-1,-1,1,1,-1,-1,-1,1,-1,1,1,-1,-1,1,1,-1,1,1,-1,-1,1,1,-1,1,1,1,-1,-1,-1,1,1,1,-1,1,-1,1,1,1,-1,-1,1,-1,1,1,1,1,-1,1,-1,1,1,-1,1,-1,-1,-1,1,-1,1,-1,1,-1,-1,1,-1,1,1,-1,-1,-1,1,-1,1,1,1,-1,-1,-1,1,1,-1,1,-1,-1,-1,-1,1,-1,1,1,-1,1,-1,1,1,1,1,-1,-1,1,-1,1,1,1,1,1,1,1,-1,1,-1,-1,1,1,-1,1,1,-1,-1,-1,-1,-1,1,1,1,1,1,1,-1,1,1,-1,1,-1,-1,-1,1,1,-1,1,1,1,-1,1,1,-1,1,1,-1,-1,1,1,-1,1,1,1,-1,-1,1,-1,1,1,1,-1,1,1,-1,1,1,1,-1,-1,1,-1,1,1,1,1,-1,1,-1,-1,1,1,-1,1,1,1,-1,1,-1,1,-1,1,-1,-1,1,-2666.0,1,2000,445,1500,True
2005,1,1,-1,-1,1,1,-1,-1,1,1,1,-1,1,1,1,1,-1,1,-1,-1,1,-1,1,1,1,-1,1,-1,1,1,1,1,1,-1,-1,-1,1,-1,1,-1,-1,-1,-1,1,1,1,1,-1,1,1,1,1,-1,1,-1,-1,1,-1,1,1,1,-1,-1,-1,1,1,1,1,-1,-1,-1,1,1,1,1,-1,-1,-1,1,1,1,-1,-1,-1,1,1,1,1,-1,-1,-1,1,1,1,1,-1,-1,1,1,-1,1,1,-1,-1,1,1,1,1,1,-1,-1,1,1,-1,1,1,-1,-1,1,1,1,1,1,1,-1,-1,1,1,-1,1,1,-1,1,1,1,1,1,1,-1,-1,1,1,1,1,1,-1,1,1,1,1,1,1,-1,-1,-1,1,1,1,1,-1,1,1,1,1,-1,1,-1,1,-1,1,1,1,-1,-1,1,1,1,1,1,-1,1,-1,-1,1,1,1,-1,1,1,1,1,-1,1,1,1,1,-1,1,-1,1,-1,1,1,-1,1,-1,1,1,-1,1,-1,1,-1,1,-1,1,1,-1,1,-1,1,1,1,1,-1,-1,1,1,-1,-1,1,-1,1,-1,1,1,-1,1,-1,1,-1,1,-1,-1,1,-1,1,1,-1,1,-1,1,-1,1,1,1,-1,1,1,-1,1,-1,1,-1,1,-1,1,-1,1,1,-1,1,-1,-1,-1,-1,1,-1,1,-1,-1,-1,1,1,-1,-1,1,1,-1,1,1,1,-1,1,1,-1,1,1,1,1,-1,1,-1,1,1,-1,1,-1,1,1,1,-1,1,1,1,1,-1,-1,1,-1,-1,1,1,1,-1,1,1,1,-1,1,1,1,1,1,1,1,1,-1,1,1,1,-1,1,1,-1,1,1,1,-1,1,1,-1,-1,1,1,1,-1,1,-1,1,1,1,-1,1,1,-1,1,1,1,-1,1,1,-1,1,1,1,-1,1,1,1,-1,1,1,-1,1,1,-1,1,-1,1,-1,1,1,1,-1,1,1,1,-1,1,1,-1,1,1,-1,1,1,1,-1,-1,-1,-1,1,1,1,-1,1,1,-1,1,1,-1,-1,1,1,1,1,1,-1,1,1,1,-1,1,1,1,1,-1,1,1,1,-1,1,-1,1,1,1,1,1,1,-1,-1,-1,1,-1,-1,1,-1,1,-1,1,-1,1,1,1,-1,-1,1,-1,-1,1,-1,1,-1,1,1,1,1,1,1,-1,-1,1,-1,1,1,-1,-1,1,1,1,-1,1,-1,-1,-1,1,-1,1,1,-1,-1,1,1,1,1,-1,1,-1,1,-1,1,1,-1,1,-1,1,-1,1,1,-1,-1,-1,1,-1,1,1,1,-1,-1,1,1,-1,1,-1,-1,-1,1,-1,1,1,1,-1,-1,1,-1,-1,1,-1,-1,-1,-1,-1,-1,1,-1,-1,-1,1,-1,-1,1,-1,-1,-1,-1,1,-1,1,-1,-1,-1,-1,1,-1,-1,1,1,1,-1,1,-1,1,1,1,-1,1,-1,-1,-1,1,-1,-1,1,1,1,-1,1,-1,1,1,1,-1,1,1,-1,1,-1,1,-1,-1,1,-1,-1,1,1,1,-1,1,-1,-1,1,1,-1,-1,1,-1,-1,1,1,-1,-1,1,-1,-1,-1,1,1,-1,1,1,-1,-1,1,-1,-1,1,-1,1,-1,1,1,-1,-1,1,-1,-1,-1,-1,-1,1,1,1,-1,-1,1,-1,-1,1,-1,-1,1,-1,-1,-1,1,-1,-1,1,1,-1,1,1,-1,1,-1,1,-1,-1,1,1,-1,-1,-1,-1,-1,1,-1,-1,1,-1,-1,-1,1,1,-1,-1,-1,-1,-1,1,-1,-1,-1,-1,-1,1,1,1,-1,-1,-1,-1,-1,1,1,-1,-1,-1,-1,-1,1,1,1,-1,-1,-1,-1,1,1,-1,-1,-1,-1,1,-1,1,1,1,-1,1,1,-1,1,1,1,-1,-1,1,1,1,-1,-1,-1,1,1,1,1,-1,1,-1,-1,1,-1,1,-1,1,-1,-1,1,-1,1,-1,1,-1,-1,1,-1,1,-1,1,1,-1,1,-1,1,1,1,1,1,-1,1,1,1,1,-1,-1,1,-1,-1,1,1,-1,-1,1,-1,1,-1,1,-1,-1,1,1,-1,1,1,-1,-1,1,-1,-1,1,1,-1,-1,-1,1,-1,-1,1,-1,-1,-1,-1,1,1,-1,-1,1,-1,-1,1,-1,1,-1,-1,-1,-1,-1,1,1,1,-1,-1,-1,1,1,1,-1,-1,-1,1,-1,-1,1,-1,1,-1,-1,1,1,1,-1,-1,-1,-1,1,-1,1,1,-1,1,-1,-1,1,1,-1,-1,-1,-1,-1,-1,1,1,-1,-1,1,-1,1,1,-1,-1,-1,1,-1,1,1,-1,-1,1,-1,-1,1,1,1,-1,1,-1,1,1,1,-1,-1,1,-1,-1,1,1,1,-1,1,-1,-1,1,1,-1,1,1,-1,-1,1,1,1,1,1,-1,-1,1,1,-1,1,1,-1,-1,1,1,1,1,-1,1,-1,-1,1,1,-1,1,-1,-1,1,-1,1,1,1,1,-1,-1,1,-1,1,1,1,-1,1,1,1,1,-1,1,-1,1,1,1,1,1,1,1,-1,1,1,1,1,-1,1,-1,1,1,1,1,1,-1,1,1,1,1,-1,1,1,-1,1,1,-1,1,1,-1,-1,1,1,1,1,-1,1,-1,1,1,1,-1,-1,1,-1,1,1,1,-1,1,-1,-1,-1,1,1,-1,-1,1,-1,-1,1,1,1,-1,1,-1,-1,-1,1,1,-1,1,-1,-1,1,1,-1,-1,-1,1,-1,-1,1,-1,1,1,-1,1,1,-1,-1,1,1,-1,-1,1,1,-1,1,1,-1,1,1,-1,-1,-1,-1,1,-1,-1,-1,-1,-1,-1,-1,1,1,-1,1,1,-1,1,1,1,1,-1,1,-1,1,1,1,1,-1,1,-1,-1,1,1,1,-1,1,-1,1,1,1,1,-1,1,-1,1,1,-1,-1,-1,1,-1,-1,1,1,-1,-1,-1,1,-1,1,-1,1,-1,1,-1,-1,1,-2666.0,1,2000,445,1000,False
2006,1,1,-1,-1,1,1,-1,-1,1,1,1,-1,-1,1,1,1,-1,1,-1,-1,-1,1,1,1,1,-1,-1,-1,1,1,1,1,1,-1,-1,-1,1,-1,1,1,-1,-1,-1,1,1,1,1,-1,1,1,1,1,-1,1,-1,-1,1,-1,1,1,1,-1,-1,1,1,1,1,1,-1,-1,1,1,1,1,1,-1,-1,-1,1,1,1,-1,-1,-1,1,1,1,1,-1,-1,-1,1,1,1,1,-1,-1,1,1,-1,1,1,-1,-1,1,1,1,1,1,-1,-1,-1,1,1,1,1,-1,-1,1,1,1,1,1,1,-1,-1,1,1,-1,1,1,-1,1,1,1,1,1,1,-1,1,1,1,1,1,1,-1,1,1,1,1,1,1,-1,-1,-1,1,1,1,1,-1,1,1,1,1,-1,1,-1,1,-1,1,1,1,-1,-1,1,1,1,1,1,-1,1,-1,-1,1,-1,1,-1,1,1,1,1,1,1,1,1,1,-1,1,-1,1,-1,1,1,-1,1,-1,1,1,-1,1,-1,1,-1,1,1,1,1,-1,1,-1,1,-1,1,1,-1,-1,1,1,-1,-1,1,-1,1,-1,1,-1,-1,1,-1,1,-1,1,-1,1,1,-1,-1,-1,1,-1,-1,1,-1,1,1,1,-1,1,1,-1,-1,-1,1,-1,1,-1,1,-1,1,1,-1,1,-1,-1,-1,1,1,-1,1,-1,-1,-1,1,1,1,-1,1,1,-1,-1,1,1,-1,1,1,-1,1,1,1,-1,-1,1,-1,1,1,-1,1,-1,1,-1,1,1,-1,-1,-1,1,-1,-1,1,-1,1,-1,1,1,-1,1,1,1,-1,1,1,1,1,1,-1,-1,1,-1,1,1,-1,1,-1,1,-1,1,1,1,-1,1,1,-1,-1,1,1,-1,-1,1,-1,1,1,1,1,1,1,-1,1,1,1,1,1,1,-1,1,1,1,1,1,1,1,-1,1,1,1,1,1,-1,1,-1,1,-1,1,1,1,-1,1,1,1,1,1,1,-1,1,1,1,1,-1,1,-1,-1,-1,-1,1,1,1,-1,1,1,-1,1,1,-1,-1,1,1,1,1,1,-1,1,1,1,-1,1,1,1,-1,-1,1,1,1,-1,1,-1,1,-1,1,1,1,1,-1,-1,-1,1,-1,-1,1,1,-1,1,-1,1,1,1,1,1,-1,1,-1,-1,1,-1,1,-1,1,-1,-1,1,1,1,-1,-1,1,-1,1,1,1,-1,1,1,1,-1,1,1,-1,1,-1,-1,1,1,1,-1,-1,-1,1,1,1,1,-1,1,-1,-1,1,1,-1,1,1,1,1,1,1,-1,-1,1,-1,1,1,1,-1,1,-1,-1,-1,1,1,-1,-1,1,-1,1,1,1,1,-1,1,-1,-1,1,1,1,-1,-1,-1,-1,1,1,-1,-1,1,-1,-1,1,-1,1,-1,-1,1,-1,1,-1,1,-1,-1,1,-1,-1,1,1,1,-1,1,-1,1,-1,1,-1,1,-1,-1,-1,1,-1,-1,1,1,-1,1,1,-1,1,1,1,-1,1,1,-1,1,-1,1,-1,-1,1,-1,-1,1,1,-1,-1,1,-1,-1,1,1,1,-1,1,-1,-1,1,1,-1,-1,1,-1,-1,-1,1,1,-1,1,1,-1,-1,1,-1,-1,1,-1,1,-1,1,1,-1,-1,1,-1,-1,-1,-1,-1,1,1,1,-1,-1,1,-1,-1,1,-1,-1,1,-1,-1,1,1,-1,-1,1,-1,-1,1,1,-1,1,-1,-1,-1,-1,1,1,-1,-1,-1,-1,1,1,-1,-1,1,-1,-1,-1,1,1,-1,-1,-1,-1,-1,1,-1,-1,-1,-1,-1,1,1,1,-1,-1,-1,-1,-1,1,1,-1,-1,-1,-1,-1,1,1,1,-1,-1,-1,-1,1,1,-1,-1,-1,-1,1,1,1,1,-1,-1,1,1,1,1,1,-1,-1,-1,1,1,1,-1,1,-1,1,1,1,1,-1,1,-1,-1,1,-1,1,-1,1,-1,-1,1,-1,1,-1,-1,-1,-1,1,-1,1,-1,1,1,-1,1,-1,1,-1,1,1,-1,1,-1,1,-1,-1,-1,-1,1,1,-1,-1,-1,-1,-1,1,-1,1,-1,-1,-1,-1,-1,-1,-1,1,-1,-1,-1,1,-1,-1,1,-1,-1,-1,-1,-1,-1,1,-1,-1,-1,-1,-1,1,-1,-1,-1,1,-1,-1,1,-1,1,-1,-1,-1,-1,-1,-1,-1,1,-1,-1,-1,1,1,1,-1,-1,-1,1,-1,-1,-1,-1,1,-1,-1,1,1,1,-1,-1,-1,-1,1,-1,1,1,-1,1,-1,-1,1,1,-1,-1,-1,-1,-1,-1,1,1,-1,-1,1,-1,1,1,-1,-1,-1,-1,-1,1,1,-1,-1,-1,1,-1,1,1,1,-1,-1,-1,1,1,1,-1,-1,1,-1,-1,1,1,1,-1,1,-1,-1,1,1,-1,1,-1,1,-1,1,1,1,1,1,1,-1,1,1,1,1,1,1,-1,1,1,1,1,1,-1,-1,1,1,1,1,1,1,-1,1,-1,1,1,1,1,-1,-1,1,-1,1,-1,1,-1,1,1,1,1,-1,1,-1,1,1,1,1,1,1,-1,-1,1,1,1,1,-1,1,-1,1,1,1,1,-1,1,-1,1,1,1,-1,-1,1,-1,1,1,-1,1,-1,-1,-1,1,1,1,-1,1,-1,-1,1,1,1,-1,-1,-1,-1,1,1,1,-1,1,-1,-1,-1,1,1,-1,1,-1,-1,-1,1,1,-1,1,-1,-1,1,1,1,1,1,1,-1,-1,1,1,-1,-1,1,1,1,1,1,-1,1,-1,-1,1,1,-1,-1,1,-1,-1,-1,1,1,-1,1,-1,1,1,1,-1,-1,1,-1,-1,-1,-1,-1,-1,1,-1,1,1,1,-1,1,1,-1,1,1,1,1,-1,1,-1,1,1,1,-1,-1,1,-1,1,1,1,-1,-1,1,-1,1,1,1,-1,-1,1,-1,1,1,1,1,-1,1,-1,-1,1,1,-1,-1,-1,1,-1,1,-1,1,-1,1,-1,-1,1,-2666.0,1,2000,445,1000,False
2007,1,1,-1,-1,1,1,-1,-1,1,1,1,-1,1,1,1,1,-1,1,-1,-1,-1,-1,1,1,1,-1,-1,-1,1,1,1,1,1,-1,-1,-1,1,1,1,1,-1,-1,-1,1,1,1,1,-1,1,1,1,1,-1,1,-1,-1,1,-1,1,1,1,-1,-1,-1,1,1,1,1,-1,-1,-1,1,1,1,1,-1,-1,-1,1,1,1,-1,-1,-1,1,1,1,1,-1,-1,-1,1,1,1,1,-1,-1,1,1,-1,1,1,-1,-1,1,1,1,1,1,-1,-1,-1,1,1,1,1,-1,-1,1,1,1,1,1,1,-1,-1,1,1,-1,1,1,-1,1,1,1,1,1,1,-1,1,1,1,1,1,1,-1,1,1,1,1,1,1,-1,-1,-1,1,1,1,1,-1,1,1,1,1,-1,1,-1,1,-1,1,1,1,-1,-1,1,1,1,1,1,-1,1,-1,-1,1,1,1,-1,1,1,1,1,-1,1,1,1,1,-1,1,-1,1,-1,1,1,-1,1,-1,1,1,-1,1,-1,1,-1,1,-1,1,1,-1,1,-1,1,1,1,1,-1,-1,1,1,-1,-1,1,-1,1,-1,-1,1,-1,1,-1,1,-1,1,-1,1,1,-1,-1,-1,1,1,-1,1,-1,1,1,1,-1,1,1,-1,1,-1,1,-1,1,-1,1,-1,1,1,-1,1,-1,-1,-1,1,1,-1,1,-1,-1,-1,1,1,-1,-1,1,1,-1,-1,1,1,-1,1,1,-1,1,1,1,1,-1,1,-1,1,1,-1,1,-1,1,-1,1,1,1,1,1,1,-1,-1,1,-1,-1,1,1,1,-1,1,1,1,-1,1,1,1,1,1,1,1,1,-1,1,1,1,-1,1,1,-1,1,1,1,-1,1,1,-1,-1,1,1,1,-1,1,-1,1,1,1,-1,1,1,-1,1,1,1,-1,1,1,-1,1,1,1,-1,1,1,1,-1,1,1,-1,1,1,-1,1,-1,1,-1,1,1,1,-1,1,1,1,-1,1,1,-1,1,1,-1,1,1,1,-1,-1,-1,-1,1,1,1,-1,1,1,-1,1,1,-1,-1,1,1,1,1,1,-1,1,1,1,-1,1,1,1,1,-1,1,1,-1,-1,1,-1,1,1,1,-1,1,1,-1,-1,-1,1,-1,-1,1,1,-1,1,1,-1,1,1,1,1,-1,1,-1,-1,1,-1,1,-1,1,-1,-1,1,1,1,-1,-1,1,-1,1,1,1,-1,1,1,1,-1,1,1,-1,-1,1,-1,1,1,1,-1,1,1,1,1,1,1,-1,1,-1,-1,1,1,-1,-1,1,-1,1,1,1,-1,-1,1,1,1,1,1,-1,-1,1,-1,-1,1,1,-1,-1,1,1,1,1,1,1,-1,1,1,-1,1,1,1,-1,-1,1,1,1,1,-1,-1,-1,1,-1,1,-1,1,-1,-1,-1,-1,1,-1,1,-1,-1,1,-1,-1,1,1,1,-1,1,-1,1,-1,1,1,1,1,-1,-1,1,-1,-1,1,1,1,-1,1,-1,1,1,1,-1,1,1,-1,-1,-1,1,-1,-1,1,-1,-1,1,1,1,-1,1,-1,-1,1,1,-1,-1,1,-1,-1,1,1,-1,-1,1,-1,-1,-1,1,1,-1,1,1,-1,-1,1,-1,-1,1,-1,1,-1,1,1,-1,-1,1,-1,-1,-1,-1,-1,1,1,1,-1,-1,1,-1,-1,1,-1,-1,1,-1,-1,1,1,-1,-1,1,-1,-1,1,1,-1,1,-1,1,-1,-1,1,1,-1,-1,-1,-1,-1,1,-1,-1,1,-1,-1,-1,1,1,-1,-1,-1,-1,-1,1,-1,-1,-1,-1,-1,1,1,1,-1,-1,-1,-1,-1,1,1,-1,-1,-1,-1,-1,1,1,1,-1,-1,-1,-1,1,1,-1,-1,-1,-1,1,1,1,1,-1,-1,1,1,1,1,1,-1,-1,-1,1,1,1,-1,1,-1,1,1,1,1,-1,1,-1,-1,1,-1,1,-1,1,-1,-1,1,-1,1,-1,-1,-1,-1,1,-1,1,-1,1,-1,-1,1,-1,1,-1,1,-1,1,-1,-1,1,-1,-1,-1,-1,1,1,-1,-1,-1,-1,-1,1,-1,1,-1,-1,-1,-1,-1,-1,-1,1,-1,-1,-1,1,-1,-1,1,-1,-1,-1,-1,-1,-1,1,-1,-1,-1,-1,-1,1,-1,-1,-1,1,-1,-1,1,-1,1,-1,-1,-1,-1,-1,-1,-1,1,-1,-1,-1,1,1,1,-1,-1,1,1,-1,-1,-1,-1,1,-1,-1,1,-1,1,-1,-1,-1,-1,1,-1,1,1,-1,1,-1,-1,1,1,-1,-1,-1,-1,-1,-1,1,1,-1,-1,1,-1,1,1,-1,-1,-1,1,-1,1,1,-1,-1,1,-1,-1,1,1,1,-1,1,-1,1,1,1,-1,-1,1,-1,-1,1,1,1,-1,1,-1,-1,1,1,-1,1,1,-1,-1,1,1,-1,1,1,-1,-1,1,1,1,1,1,-1,-1,1,1,1,1,1,1,-1,-1,1,1,1,1,-1,-1,1,-1,1,1,1,1,-1,-1,1,-1,1,1,1,-1,1,1,1,1,-1,1,-1,1,1,1,1,1,1,1,-1,1,1,1,1,-1,1,-1,1,1,1,1,1,-1,1,1,1,1,-1,1,1,-1,1,1,-1,1,1,-1,-1,1,1,1,1,-1,1,-1,1,1,1,-1,-1,1,-1,1,1,1,-1,1,-1,-1,1,1,1,-1,-1,1,-1,-1,1,1,-1,-1,1,-1,-1,1,1,1,1,-1,-1,-1,1,1,-1,-1,-1,1,-1,1,1,-1,1,1,-1,-1,1,-1,-1,1,1,1,-1,1,1,-1,1,1,-1,1,1,-1,-1,-1,-1,1,-1,-1,-1,-1,-1,1,-1,1,1,-1,1,1,-1,1,-1,1,1,-1,1,-1,1,1,1,-1,-1,1,-1,1,-1,1,-1,-1,1,-1,1,-1,1,-1,-1,1,-1,1,1,1,1,-1,1,-1,1,-1,1,-1,-1,-1,-1,1,-1,-1,1,-1,1,-1,1,-1,-2666.0,1,2000,445,0,False
2008,1,1,-1,-1,1,1,-1,-1,1,1,1,-1,-1,1,1,1,-1,1,-1,-1,-1,1,1,1,1,-1,-1,-1,1,1,1,1,-1,-1,-1,1,1,-1,1,1,-1,-1,1,1,1,1,1,-1,1,1,1,1,-1,1,-1,-1,1,-1,1,1,1,-1,-1,1,1,1,1,1,-1,-1,1,1,1,1,1,-1,-1,-1,1,1,1,-1,-1,-1,1,1,1,1,-1,-1,1,1,1,1,1,-1,-1,-1,1,-1,1,1,-1,-1,1,1,1,1,1,-1,-1,-1,1,1,1,1,-1,-1,1,1,1,1,1,1,-1,-1,1,1,-1,1,1,-1,1,1,1,1,1,1,-1,1,1,1,1,1,1,-1,1,1,1,1,1,1,-1,-1,-1,1,1,1,1,-1,1,-1,1,1,-1,1,-1,1,-1,1,1,1,-1,-1,1,1,1,1,1,-1,1,-1,-1,1,-1,1,-1,1,1,1,1,1,1,1,1,1,-1,1,-1,1,-1,1,1,-1,1,-1,1,1,-1,1,-1,1,-1,1,-1,1,1,-1,1,-1,1,1,1,1,-1,-1,1,1,-1,-1,1,-1,1,-1,-1,1,-1,1,-1,1,-1,1,-1,1,1,-1,-1,-1,1,1,-1,1,-1,1,1,1,-1,1,-1,-1,1,-1,1,-1,1,1,1,-1,1,1,-1,1,-1,-1,-1,1,1,-1,1,-1,-1,-1,1,1,-1,-1,1,1,-1,-1,1,1,-1,1,1,-1,1,1,1,1,-1,1,-1,1,1,-1,1,-1,1,1,-1,1,1,1,1,1,-1,-1,1,-1,-1,1,1,1,-1,1,1,1,-1,1,-1,-1,1,1,1,1,1,-1,1,1,1,-1,1,1,-1,1,1,1,-1,1,1,-1,-1,1,1,1,-1,1,-1,1,1,1,-1,1,1,-1,1,1,1,-1,1,-1,-1,1,1,1,-1,1,-1,-1,-1,1,1,-1,1,-1,-1,1,-1,1,-1,1,1,-1,-1,1,1,1,1,1,-1,-1,1,1,-1,1,-1,-1,-1,-1,-1,-1,1,1,-1,-1,1,1,-1,1,-1,1,-1,1,1,1,1,-1,-1,1,1,1,-1,1,-1,-1,-1,-1,1,1,1,1,-1,-1,1,1,1,1,-1,-1,-1,-1,-1,1,-1,1,-1,1,-1,1,1,1,-1,-1,1,1,-1,1,-1,1,-1,-1,1,-1,1,1,-1,-1,-1,1,-1,-1,1,1,-1,-1,1,-1,1,1,-1,1,-1,1,-1,-1,1,1,-1,1,1,-1,1,1,-1,-1,1,1,-1,1,-1,1,-1,1,-1,-1,1,-1,1,-1,1,-1,-1,1,-1,-1,-1,1,-1,-1,1,-1,1,-1,1,-1,-1,1,-1,-1,1,-1,1,-1,1,-1,1,-1,1,1,-1,-1,-1,1,-1,1,-1,-1,1,-1,1,1,-1,1,-1,-1,1,1,-1,-1,1,-1,-1,1,1,1,1,1,1,-1,1,1,1,-1,-1,1,1,-1,-1,1,1,-1,1,1,-1,-1,1,1,-1,1,-1,-1,-1,1,1,-1,1,1,-1,1,-1,1,-1,1,1,-1,-1,-1,1,-1,-1,-1,-1,-1,-1,1,-1,-1,-1,-1,-1,-1,1,-1,1,1,1,1,-1,1,-1,1,1,-1,-1,-1,1,-1,-1,1,-1,-1,-1,-1,1,1,1,1,-1,-1,1,1,1,1,-1,1,-1,-1,1,1,1,-1,-1,-1,1,1,1,1,-1,-1,-1,1,-1,1,-1,1,-1,-1,-1,1,1,1,-1,-1,-1,-1,1,1,1,1,-1,-1,-1,1,1,1,1,-1,-1,-1,1,-1,1,-1,-1,-1,1,1,1,1,1,-1,-1,-1,1,1,1,1,-1,-1,-1,1,1,-1,1,-1,-1,-1,1,1,1,1,-1,-1,1,1,1,1,1,-1,1,1,-1,1,1,-1,-1,-1,1,1,1,1,1,-1,1,1,1,1,1,1,-1,-1,1,-1,1,-1,1,-1,-1,1,-1,1,1,-1,-1,-1,1,-1,1,1,-1,1,-1,1,1,1,-1,1,1,-1,1,-1,1,-1,-1,-1,-1,1,1,-1,-1,-1,-1,-1,1,-1,1,-1,-1,-1,-1,-1,-1,-1,1,-1,-1,-1,1,-1,-1,1,-1,-1,-1,-1,-1,1,1,-1,-1,-1,-1,-1,1,-1,-1,-1,1,-1,-1,1,-1,1,-1,-1,-1,-1,-1,-1,-1,1,-1,-1,-1,1,1,-1,-1,-1,1,-1,-1,-1,-1,-1,1,-1,-1,1,-1,1,-1,-1,-1,-1,1,-1,1,1,-1,1,-1,-1,1,1,-1,-1,-1,-1,-1,-1,1,1,-1,-1,1,-1,1,1,-1,-1,-1,1,-1,-1,1,-1,-1,1,-1,-1,1,1,1,-1,1,-1,1,1,1,-1,-1,1,-1,-1,1,1,1,-1,1,-1,-1,1,1,-1,1,1,-1,-1,1,1,-1,1,1,-1,-1,1,1,-1,1,1,-1,-1,1,1,1,1,1,1,-1,-1,1,1,1,1,-1,-1,1,-1,1,1,1,1,-1,-1,1,-1,1,1,1,-1,1,1,1,1,-1,1,-1,1,1,1,1,1,1,1,-1,1,1,1,1,-1,1,-1,1,1,1,1,1,-1,1,1,1,1,-1,1,1,-1,1,1,-1,1,1,-1,-1,1,1,1,1,-1,1,-1,1,1,1,-1,-1,1,-1,1,1,1,-1,1,-1,-1,-1,1,1,-1,-1,1,-1,-1,1,1,-1,-1,1,-1,-1,1,1,1,-1,-1,-1,-1,1,1,-1,-1,-1,1,-1,1,1,-1,1,1,-1,1,1,-1,-1,1,-1,-1,-1,1,1,-1,1,1,-1,1,1,-1,-1,-1,-1,1,-1,-1,-1,-1,-1,-1,-1,1,1,-1,1,1,-1,1,1,1,1,-1,1,-1,1,1,1,-1,-1,1,-1,-1,1,1,-1,1,1,-1,1,1,1,-1,-1,1,-1,1,1,1,1,-1,1,-1,-1,1,1,1,-1,1,1,-1,1,-1,1,-1,1,-1,-1,1,-2666.0,1,2000,445,1500,False
2009,1,1,-1,-1,1,1,-1,1,1,1,1,-1,-1,1,1,1,-1,1,-1,-1,-1,1,1,1,1,-1,-1,-1,1,1,1,1,-1,-1,-1,1,-1,1,1,1,-1,-1,1,1,1,1,1,-1,1,-1,1,1,-1,1,-1,-1,1,-1,1,1,1,-1,-1,-1,1,1,1,1,-1,-1,1,-1,1,1,1,-1,-1,1,-1,1,1,-1,-1,-1,-1,1,1,1,-1,-1,1,1,-1,1,1,-1,-1,-1,-1,1,1,1,-1,-1,1,-1,-1,1,1,-1,-1,-1,-1,-1,1,1,-1,-1,1,-1,-1,1,1,1,-1,-1,-1,-1,1,1,1,-1,1,-1,-1,1,1,1,-1,1,-1,-1,-1,1,1,-1,1,-1,-1,-1,1,1,-1,-1,1,-1,-1,1,1,-1,1,1,-1,-1,1,1,-1,1,1,-1,1,1,-1,-1,1,-1,-1,1,1,-1,1,-1,1,-1,1,1,-1,1,1,-1,-1,-1,1,1,1,1,1,-1,-1,1,-1,1,1,1,-1,-1,1,1,-1,1,1,-1,1,1,-1,1,1,1,-1,1,1,1,1,1,1,1,-1,1,-1,-1,1,1,-1,-1,1,1,-1,1,1,-1,-1,1,-1,1,1,1,1,-1,1,1,-1,1,1,-1,1,1,-1,1,1,1,-1,-1,1,-1,1,-1,1,1,1,1,-1,1,-1,1,1,1,1,-1,1,-1,1,1,1,1,-1,-1,1,1,1,1,1,1,-1,1,1,-1,-1,1,1,-1,-1,1,1,1,1,-1,1,-1,1,1,1,-1,1,-1,-1,1,1,1,1,-1,1,-1,1,-1,1,1,1,1,-1,1,1,1,1,1,-1,-1,1,1,1,1,1,1,-1,1,1,1,1,1,-1,1,1,1,-1,1,1,-1,-1,1,1,1,1,1,1,1,1,-1,1,1,1,1,1,1,1,1,1,1,1,1,1,1,-1,1,1,1,1,1,1,1,-1,1,1,1,-1,1,-1,1,1,1,1,-1,1,1,-1,1,1,-1,1,1,-1,-1,-1,-1,1,-1,1,-1,1,1,-1,1,1,-1,-1,1,1,1,1,1,-1,1,1,1,-1,1,1,1,-1,-1,1,1,1,-1,1,-1,1,-1,1,1,1,1,-1,-1,-1,1,-1,1,1,1,-1,1,-1,1,1,1,1,1,-1,1,-1,-1,1,-1,1,-1,1,-1,1,1,1,1,-1,-1,1,-1,1,1,1,-1,1,1,1,-1,1,1,-1,1,-1,-1,1,1,1,-1,-1,-1,1,1,1,1,-1,1,-1,1,1,1,-1,1,1,1,-1,1,1,-1,-1,1,-1,1,1,1,-1,1,-1,-1,-1,1,1,-1,-1,1,-1,1,1,1,1,-1,-1,-1,-1,-1,1,1,-1,-1,-1,1,-1,1,-1,-1,1,-1,-1,1,-1,1,-1,-1,1,-1,1,-1,1,-1,-1,1,-1,-1,1,1,1,-1,1,-1,1,-1,-1,1,1,-1,1,1,-1,-1,1,1,1,1,-1,-1,1,-1,1,1,1,-1,-1,-1,-1,-1,1,-1,1,-1,-1,-1,1,1,-1,1,-1,-1,-1,1,1,-1,1,-1,-1,1,1,1,-1,1,-1,-1,-1,-1,1,1,1,-1,1,-1,-1,1,-1,1,-1,-1,1,-1,1,-1,1,1,-1,-1,-1,-1,-1,1,1,-1,-1,-1,1,-1,1,1,-1,-1,-1,-1,1,1,-1,-1,-1,-1,-1,1,1,-1,1,-1,1,1,1,1,1,-1,-1,-1,-1,-1,1,-1,1,-1,-1,1,-1,1,1,-1,1,-1,-1,1,1,1,-1,1,-1,1,-1,1,1,-1,1,-1,1,-1,1,1,-1,1,-1,-1,-1,1,1,1,-1,1,-1,-1,1,1,-1,-1,-1,-1,-1,1,1,-1,-1,1,-1,-1,-1,-1,1,-1,1,-1,-1,1,-1,-1,1,1,1,-1,1,1,-1,1,-1,1,-1,1,-1,-1,1,-1,1,-1,1,1,-1,1,-1,-1,-1,-1,1,-1,1,-1,1,-1,-1,1,-1,1,-1,1,-1,-1,-1,1,1,-1,-1,-1,-1,1,-1,-1,-1,-1,-1,-1,-1,-1,1,-1,-1,-1,-1,1,1,-1,1,-1,-1,-1,1,-1,-1,1,-1,-1,-1,-1,-1,1,1,-1,-1,-1,-1,-1,1,-1,-1,-1,1,-1,-1,1,-1,1,-1,-1,-1,-1,-1,-1,-1,1,-1,-1,-1,1,1,1,-1,-1,-1,1,-1,-1,-1,-1,1,-1,-1,1,-1,1,-1,-1,-1,-1,1,-1,1,1,-1,1,-1,-1,1,1,-1,-1,-1,-1,-1,-1,1,1,-1,-1,1,-1,1,1,-1,-1,-1,1,-1,1,1,-1,-1,1,-1,-1,1,1,1,-1,1,-1,1,1,1,-1,-1,1,-1,-1,1,1,1,-1,1,-1,-1,1,1,-1,1,1,-1,-1,1,1,-1,1,1,-1,-1,1,1,-1,1,1,-1,-1,1,1,1,1,1,1,-1,1,1,1,-1,1,-1,-1,1,-1,1,1,1,1,-1,-1,1,-1,1,1,1,-1,1,1,1,1,-1,1,-1,1,1,1,1,1,1,-1,-1,1,1,1,1,-1,1,-1,1,1,1,1,-1,1,-1,1,1,1,-1,-1,1,-1,1,1,-1,1,-1,-1,-1,1,1,1,-1,1,-1,-1,1,1,1,-1,-1,-1,-1,1,1,1,-1,-1,1,-1,-1,1,1,-1,1,-1,-1,1,1,1,-1,-1,1,-1,1,1,1,1,1,1,-1,-1,1,1,-1,-1,1,1,1,1,1,-1,1,-1,-1,1,1,-1,-1,1,-1,-1,-1,1,1,-1,1,1,1,1,1,-1,-1,-1,-1,-1,-1,-1,-1,-1,1,-1,1,1,1,-1,1,1,-1,1,1,1,1,-1,1,-1,1,1,1,-1,-1,1,-1,1,1,1,-1,-1,1,-1,1,1,1,-1,-1,1,-1,1,1,1,1,-1,1,-1,-1,1,1,1,-1,-1,1,-1,1,1,1,-1,1,-1,-1,1,-2666.0,1,2000,445,1000,True
2010,1,1,-1,-1,1,-1,-1,-1,1,1,1,-1,1,1,1,1,-1,1,-1,-1,1,-1,1,1,1,-1,1,-1,1,1,1,1,-1,-1,-1,-1,1,1,1,1,-1,-1,-1,1,1,1,1,-1,1,1,1,1,-1,1,-1,-1,1,-1,1,1,1,-1,-1,-1,1,1,1,1,-1,-1,-1,1,1,1,1,-1,-1,-1,1,1,1,-1,-1,-1,1,1,1,1,-1,-1,-1,1,1,1,1,-1,-1,1,1,-1,1,1,-1,-1,1,1,1,1,1,-1,-1,1,1,-1,1,1,-1,-1,1,1,1,1,1,1,-1,1,1,1,-1,1,1,-1,1,1,1,1,1,1,-1,-1,1,1,1,1,1,-1,1,1,1,1,1,1,-1,-1,-1,1,1,1,1,-1,1,1,1,1,-1,1,-1,1,-1,1,1,1,-1,-1,1,1,1,1,1,-1,1,-1,-1,1,1,1,-1,1,1,1,1,-1,1,1,1,1,-1,1,-1,1,-1,1,1,-1,1,-1,1,1,-1,1,-1,1,-1,1,-1,1,1,-1,1,-1,1,1,1,1,-1,-1,1,1,-1,-1,1,-1,1,-1,1,1,-1,1,-1,1,-1,1,-1,-1,1,-1,-1,-1,1,1,-1,1,-1,1,1,1,-1,1,1,-1,1,-1,1,-1,1,-1,1,-1,1,1,-1,1,-1,-1,-1,-1,1,-1,1,-1,-1,-1,1,1,-1,-1,1,1,-1,1,1,1,-1,1,1,-1,1,1,1,1,-1,1,-1,1,1,-1,1,-1,1,-1,1,-1,1,1,1,1,-1,-1,1,-1,-1,1,1,1,-1,1,1,1,-1,1,1,1,1,1,1,-1,1,-1,1,1,1,-1,-1,1,-1,1,1,1,-1,1,1,-1,-1,1,1,1,-1,1,-1,1,1,1,-1,1,1,-1,1,1,1,-1,1,1,-1,1,1,1,-1,1,1,-1,-1,1,1,-1,1,1,-1,1,-1,1,-1,1,1,1,-1,1,1,1,-1,1,1,-1,1,1,-1,1,1,1,-1,-1,-1,-1,1,1,1,-1,1,1,-1,1,1,-1,-1,1,1,1,1,1,-1,1,1,1,-1,1,1,1,-1,-1,1,1,1,-1,1,-1,1,1,1,1,1,1,-1,-1,-1,1,-1,-1,1,1,-1,1,1,1,1,1,1,1,-1,1,-1,-1,1,-1,1,-1,1,1,-1,1,1,1,-1,-1,1,-1,1,1,1,-1,1,1,1,-1,1,1,-1,-1,1,-1,1,1,1,-1,1,1,1,1,1,1,-1,1,-1,-1,1,1,-1,-1,1,-1,-1,1,1,-1,-1,1,-1,1,1,1,-1,-1,1,-1,-1,1,1,-1,-1,1,-1,1,1,1,1,-1,1,1,-1,-1,1,1,-1,-1,-1,1,-1,1,-1,-1,1,-1,-1,1,-1,1,-1,-1,1,-1,1,-1,1,-1,-1,1,-1,-1,1,1,1,-1,1,-1,1,-1,1,1,1,-1,-1,-1,1,-1,-1,1,1,1,-1,1,-1,1,1,1,-1,1,1,-1,-1,-1,1,-1,-1,1,-1,-1,1,1,1,-1,1,-1,-1,1,1,-1,-1,1,-1,-1,1,1,-1,-1,1,-1,-1,-1,1,1,-1,1,1,-1,-1,1,-1,-1,1,-1,1,-1,1,1,-1,-1,1,-1,-1,-1,-1,-1,1,1,1,-1,1,1,-1,-1,1,-1,1,-1,-1,-1,1,1,-1,-1,-1,1,-1,1,1,-1,1,1,1,-1,-1,1,1,-1,-1,-1,-1,-1,1,-1,-1,1,-1,-1,-1,1,1,-1,-1,-1,-1,-1,1,-1,-1,1,-1,-1,1,1,1,-1,1,-1,-1,-1,1,1,-1,-1,-1,-1,-1,1,1,1,-1,-1,-1,-1,1,1,-1,-1,-1,-1,1,-1,1,1,-1,-1,1,1,-1,1,1,-1,-1,-1,1,1,1,1,1,-1,1,1,1,1,-1,1,-1,-1,1,-1,1,-1,1,-1,-1,1,-1,1,-1,-1,-1,-1,1,-1,1,-1,1,-1,-1,1,-1,1,-1,1,-1,1,-1,-1,1,-1,-1,-1,-1,1,-1,-1,-1,-1,-1,-1,1,-1,1,-1,-1,-1,-1,1,1,-1,1,-1,-1,-1,1,1,-1,1,-1,-1,-1,-1,-1,1,1,-1,-1,-1,-1,-1,1,-1,-1,-1,1,-1,-1,1,-1,1,-1,-1,-1,-1,-1,-1,-1,1,-1,-1,-1,1,1,-1,-1,-1,-1,1,-1,-1,-1,-1,1,-1,-1,1,-1,1,-1,-1,-1,-1,1,-1,1,1,-1,1,-1,-1,1,1,-1,-1,-1,-1,-1,-1,1,1,-1,-1,1,-1,1,1,-1,-1,-1,1,-1,1,1,-1,-1,1,-1,-1,1,1,1,-1,1,-1,1,1,1,-1,-1,1,-1,-1,1,1,1,-1,1,-1,-1,1,1,-1,1,1,-1,-1,1,1,-1,1,1,-1,-1,1,1,-1,1,1,-1,-1,1,1,1,1,-1,1,-1,-1,1,1,-1,1,-1,-1,1,-1,1,1,1,1,-1,-1,1,-1,1,1,1,-1,1,1,1,1,-1,1,-1,1,1,1,1,1,1,1,-1,1,1,1,1,-1,1,-1,1,1,1,1,1,-1,1,1,1,1,-1,1,1,-1,1,1,-1,1,1,-1,-1,1,1,1,1,-1,1,-1,1,1,1,-1,-1,1,-1,1,1,1,-1,1,-1,-1,-1,1,1,-1,-1,1,-1,-1,1,1,1,-1,1,-1,-1,1,1,1,-1,1,-1,-1,1,1,-1,-1,-1,1,-1,-1,1,-1,1,1,-1,1,1,-1,-1,1,-1,-1,-1,1,1,-1,1,1,-1,1,1,-1,-1,-1,-1,1,-1,-1,-1,-1,1,-1,-1,1,1,-1,1,1,-1,1,1,1,1,-1,1,-1,1,1,1,1,-1,1,-1,-1,1,1,1,-1,1,-1,1,1,1,1,-1,1,-1,1,1,-1,-1,-1,1,-1,-1,1,1,-1,-1,-1,1,-1,1,-1,1,-1,1,-1,-1,1,-2666.0,1,2000,445,1000,False
2011,1,1,-1,-1,1,-1,-1,-1,1,1,1,-1,1,1,1,1,-1,1,-1,-1,1,-1,1,1,1,-1,-1,-1,1,1,1,1,-1,-1,-1,-1,1,-1,1,1,-1,-1,-1,1,1,1,1,-1,1,1,1,1,-1,1,-1,-1,1,-1,1,1,1,-1,-1,-1,1,1,1,1,-1,-1,-1,1,1,1,1,-1,-1,-1,1,1,1,-1,-1,-1,1,1,1,1,-1,-1,-1,1,1,1,1,-1,-1,1,1,-1,1,1,-1,-1,1,1,1,1,1,-1,-1,1,1,1,1,1,-1,-1,1,1,1,1,1,1,-1,-1,1,1,-1,1,1,-1,1,1,1,1,1,1,-1,-1,1,1,1,1,1,-1,1,1,1,1,1,1,-1,-1,-1,1,1,1,1,-1,1,1,1,1,-1,1,-1,1,-1,1,1,1,-1,-1,1,1,1,1,1,-1,1,-1,-1,1,1,1,-1,1,1,1,1,-1,1,1,1,1,-1,1,-1,1,-1,1,1,-1,1,-1,1,1,-1,1,-1,1,-1,1,-1,1,1,-1,1,-1,1,1,1,1,-1,-1,1,1,-1,-1,1,-1,1,-1,1,1,-1,1,-1,1,-1,1,-1,-1,1,-1,1,-1,1,1,-1,1,-1,1,1,1,-1,1,1,-1,1,-1,1,-1,1,-1,1,-1,1,1,-1,1,-1,-1,-1,-1,1,-1,1,-1,-1,-1,-1,1,-1,-1,1,1,-1,1,1,1,-1,1,1,-1,1,1,1,1,-1,1,-1,1,1,-1,1,-1,1,1,1,-1,1,1,1,1,-1,-1,1,-1,-1,-1,1,1,-1,1,1,1,-1,1,1,1,1,1,1,-1,1,-1,1,1,1,-1,-1,1,-1,1,1,1,-1,1,1,-1,-1,1,1,1,-1,1,-1,1,1,1,-1,1,1,-1,1,1,1,-1,1,1,-1,1,1,1,-1,1,1,-1,-1,1,1,-1,1,1,-1,1,-1,1,-1,1,1,1,-1,1,1,1,-1,1,1,-1,1,1,-1,1,1,1,-1,-1,-1,-1,1,1,1,-1,1,1,-1,1,1,-1,-1,1,1,1,1,1,-1,1,1,1,-1,1,1,1,-1,-1,1,1,1,-1,1,-1,1,1,1,1,1,1,-1,-1,-1,1,-1,-1,1,-1,1,-1,1,1,1,1,1,-1,-1,1,-1,-1,1,-1,1,-1,1,1,1,1,1,1,-1,-1,1,-1,1,1,-1,-1,1,1,1,-1,1,-1,-1,-1,1,-1,1,1,-1,-1,1,1,1,1,-1,1,-1,1,-1,-1,1,-1,-1,-1,1,-1,1,1,-1,-1,-1,1,-1,1,1,1,-1,-1,1,1,-1,1,-1,-1,-1,1,-1,1,1,1,-1,-1,1,-1,-1,1,-1,-1,-1,-1,-1,-1,1,-1,-1,-1,1,-1,-1,1,-1,-1,-1,-1,1,-1,1,-1,-1,1,-1,1,-1,-1,1,1,1,-1,1,-1,1,-1,1,-1,1,-1,-1,-1,1,-1,-1,1,1,1,-1,1,-1,1,1,1,-1,1,1,-1,-1,-1,1,-1,-1,1,-1,-1,1,1,1,-1,1,-1,-1,1,1,-1,-1,1,-1,-1,1,1,-1,-1,1,-1,-1,-1,1,1,-1,1,-1,-1,-1,1,-1,-1,1,-1,1,-1,1,1,-1,-1,1,-1,-1,-1,-1,-1,1,1,1,-1,-1,1,-1,-1,1,-1,-1,1,-1,-1,-1,1,-1,-1,1,-1,-1,1,1,-1,1,-1,-1,-1,-1,1,1,-1,-1,-1,-1,1,1,-1,-1,1,-1,-1,-1,1,1,-1,-1,-1,-1,-1,1,-1,-1,-1,-1,-1,1,1,1,-1,-1,-1,-1,-1,1,1,-1,-1,-1,-1,-1,1,1,1,-1,-1,-1,-1,1,1,-1,-1,-1,-1,1,-1,1,1,1,-1,1,1,-1,1,1,1,-1,-1,1,1,1,1,1,-1,1,1,1,1,-1,1,-1,-1,1,-1,1,-1,1,-1,-1,1,-1,1,1,1,-1,-1,1,-1,1,-1,1,1,-1,1,-1,1,1,1,1,1,-1,1,1,1,1,-1,-1,1,-1,-1,1,1,-1,-1,1,-1,1,-1,1,-1,-1,1,1,-1,1,1,-1,-1,1,1,-1,1,1,-1,-1,-1,-1,-1,-1,1,-1,-1,-1,-1,1,1,-1,-1,1,-1,-1,1,-1,1,-1,-1,-1,-1,-1,1,1,1,-1,-1,-1,1,1,1,-1,-1,-1,1,-1,-1,1,-1,1,-1,-1,1,1,1,-1,-1,-1,-1,1,-1,1,1,-1,1,-1,-1,1,1,-1,-1,-1,-1,-1,-1,1,1,-1,-1,1,-1,1,1,-1,-1,-1,1,-1,1,1,-1,-1,1,-1,-1,1,1,1,-1,1,-1,1,1,1,-1,-1,1,-1,-1,1,1,1,-1,1,-1,-1,1,1,-1,1,1,-1,-1,1,1,1,1,1,-1,-1,1,1,-1,1,1,-1,-1,1,1,1,1,-1,1,-1,-1,1,1,-1,1,-1,-1,1,-1,1,1,1,1,-1,-1,1,-1,1,1,1,-1,1,1,1,1,-1,1,-1,1,1,1,1,1,1,1,-1,1,1,1,1,-1,1,-1,1,1,1,1,1,-1,1,1,1,1,-1,1,1,-1,1,1,-1,1,1,-1,-1,1,1,1,1,-1,1,-1,1,1,1,-1,-1,1,-1,1,1,1,-1,1,-1,-1,-1,1,1,-1,-1,1,-1,-1,1,1,1,-1,1,-1,-1,1,1,1,-1,1,-1,-1,1,1,-1,-1,-1,1,-1,-1,1,-1,1,1,-1,1,1,-1,-1,1,1,-1,-1,1,1,-1,1,1,-1,1,1,-1,-1,1,-1,1,-1,-1,-1,-1,1,-1,-1,1,1,-1,1,1,-1,1,1,1,1,-1,1,-1,1,1,1,1,-1,1,-1,-1,1,1,1,-1,1,-1,1,1,1,1,-1,1,-1,1,1,-1,-1,-1,1,-1,-1,1,1,-1,-1,-1,1,-1,1,-1,1,-1,1,-1,-1,1,-2666.0,1,2000,445,1000,False
2012,1,1,-1,-1,1,-1,-1,-1,1,1,1,-1,1,1,1,1,-1,1,-1,-1,1,1,1,1,1,-1,-1,-1,1,1,1,1,-1,-1,-1,-1,1,-1,1,1,-1,-1,-1,1,1,1,1,-1,1,1,1,1,-1,1,-1,-1,1,-1,1,1,1,-1,-1,1,1,1,1,1,-1,-1,1,1,1,1,1,-1,-1,-1,1,1,1,-1,-1,-1,1,1,1,1,-1,-1,-1,1,1,1,1,-1,-1,1,1,-1,1,1,-1,-1,1,1,1,1,1,-1,-1,1,1,-1,1,1,-1,-1,1,1,1,1,1,1,-1,-1,1,1,-1,1,1,-1,1,1,1,1,1,1,-1,-1,1,1,1,1,1,-1,1,1,1,1,1,1,-1,-1,-1,1,1,1,1,-1,1,1,1,1,-1,1,-1,1,1,1,1,1,-1,-1,1,1,1,1,1,-1,1,-1,-1,1,-1,1,-1,1,1,1,1,1,1,1,1,1,-1,1,-1,1,-1,1,1,-1,1,-1,1,1,-1,1,-1,1,-1,1,-1,1,1,-1,1,-1,1,1,1,1,-1,-1,1,1,-1,-1,1,-1,1,-1,1,1,-1,1,-1,1,-1,1,-1,1,1,-1,-1,-1,1,1,-1,1,-1,1,1,1,-1,1,1,-1,1,-1,1,-1,1,-1,1,-1,1,1,-1,1,-1,-1,-1,1,1,-1,1,-1,-1,-1,1,1,-1,-1,1,1,-1,-1,1,1,-1,1,1,-1,1,1,1,1,-1,1,-1,1,1,-1,1,-1,1,-1,-1,1,1,1,1,1,-1,-1,1,-1,-1,-1,1,1,-1,1,1,1,-1,1,1,1,1,1,1,1,1,-1,1,1,1,-1,1,1,-1,1,1,1,-1,1,1,-1,-1,1,1,1,-1,1,-1,1,1,1,-1,1,1,-1,1,1,1,-1,1,1,-1,1,1,1,-1,1,1,-1,-1,1,1,-1,1,1,-1,1,-1,1,-1,1,1,1,-1,1,1,1,1,1,1,-1,1,1,-1,1,1,1,-1,-1,-1,-1,1,1,1,-1,1,1,-1,1,1,-1,-1,1,1,1,1,1,-1,1,1,1,-1,1,1,1,-1,-1,1,1,1,-1,1,-1,1,1,1,1,1,1,-1,-1,-1,1,-1,-1,1,1,-1,1,1,1,1,1,1,1,-1,1,-1,-1,1,-1,1,-1,1,1,-1,1,1,1,-1,-1,1,-1,1,1,1,-1,1,1,1,-1,1,1,-1,-1,1,-1,1,1,1,-1,1,1,1,1,1,1,-1,1,-1,-1,1,1,-1,-1,1,-1,1,1,1,-1,-1,1,-1,1,1,1,-1,-1,1,1,-1,1,1,-1,-1,1,-1,1,1,1,1,-1,1,-1,-1,1,1,1,-1,-1,-1,1,1,1,-1,-1,1,-1,-1,1,-1,1,-1,-1,1,-1,1,-1,1,1,-1,1,-1,-1,1,1,1,-1,1,-1,1,-1,-1,-1,1,-1,-1,-1,1,-1,-1,1,1,-1,1,1,-1,1,1,1,-1,1,1,-1,-1,-1,1,-1,1,1,-1,-1,1,1,-1,-1,1,-1,-1,1,1,1,-1,1,-1,-1,1,1,-1,-1,1,-1,-1,-1,1,1,-1,1,1,-1,-1,1,-1,-1,1,-1,1,-1,1,1,-1,-1,1,-1,-1,-1,-1,-1,-1,1,1,-1,-1,1,-1,1,1,-1,-1,1,-1,-1,1,1,-1,-1,1,1,-1,1,1,-1,1,-1,1,-1,-1,1,1,-1,-1,-1,-1,-1,1,-1,-1,1,-1,-1,-1,1,1,-1,-1,-1,-1,-1,1,-1,-1,-1,-1,-1,1,1,1,-1,-1,-1,-1,-1,1,1,-1,-1,-1,-1,-1,1,1,1,-1,-1,-1,-1,1,1,-1,-1,-1,-1,1,1,1,1,-1,-1,1,1,-1,1,1,-1,-1,-1,1,1,1,-1,1,-1,1,1,1,1,-1,1,-1,-1,1,-1,1,-1,1,-1,-1,1,-1,1,-1,-1,-1,-1,1,-1,1,-1,1,1,-1,1,1,1,-1,1,1,-1,1,-1,1,-1,-1,-1,-1,1,1,-1,-1,-1,-1,-1,1,-1,1,-1,-1,-1,-1,-1,-1,-1,1,-1,-1,-1,1,-1,-1,1,-1,-1,-1,-1,-1,1,1,-1,-1,-1,-1,-1,1,-1,-1,-1,1,-1,-1,1,-1,1,-1,-1,-1,-1,-1,-1,-1,1,-1,-1,-1,1,1,1,-1,-1,-1,1,-1,-1,-1,-1,1,-1,-1,1,-1,1,-1,-1,-1,-1,1,-1,1,1,-1,1,-1,-1,1,1,-1,-1,-1,-1,-1,-1,1,1,-1,-1,1,-1,1,1,-1,-1,-1,1,-1,-1,1,-1,-1,1,-1,-1,1,1,1,-1,1,-1,1,1,1,-1,-1,1,-1,-1,1,1,1,-1,1,-1,-1,1,1,-1,1,1,-1,-1,1,1,1,1,1,-1,-1,1,1,-1,1,1,-1,-1,1,1,1,1,1,1,-1,-1,1,1,-1,1,-1,-1,1,-1,1,1,1,1,-1,-1,1,-1,1,1,1,-1,1,1,1,1,-1,1,-1,1,1,1,1,1,1,1,-1,1,1,1,1,-1,1,-1,1,1,1,1,1,-1,1,1,1,1,-1,1,1,-1,1,1,-1,1,1,-1,-1,1,1,1,1,-1,1,-1,1,1,1,-1,-1,1,-1,1,1,1,-1,1,-1,-1,-1,1,1,-1,-1,1,-1,-1,1,1,1,-1,1,-1,-1,1,1,1,-1,-1,-1,-1,1,1,-1,-1,-1,1,-1,-1,1,-1,1,1,-1,1,1,-1,-1,1,-1,-1,-1,1,1,-1,1,1,-1,1,1,-1,-1,-1,-1,1,-1,-1,-1,-1,-1,-1,-1,1,1,-1,1,1,-1,1,1,1,1,-1,1,-1,1,1,1,1,-1,1,-1,-1,1,1,1,-1,1,-1,1,1,1,1,-1,1,-1,1,1,-1,-1,-1,1,-1,-1,1,1,-1,-1,-1,1,-1,1,-1,1,-1,1,-1,-1,1,-2666.0,1,2000,445,1000,False
2013,1,1,-1,-1,1,-1,-1,-1,1,1,1,-1,1,1,1,1,-1,1,-1,-1,1,-1,1,1,1,-1,-1,-1,1,1,1,1,1,-1,-1,-1,1,1,1,-1,-1,-1,-1,1,1,1,-1,-1,1,1,1,1,-1,1,-1,-1,1,-1,1,1,-1,-1,-1,-1,1,1,1,-1,-1,-1,-1,1,1,1,1,-1,-1,-1,1,1,1,-1,-1,-1,1,1,1,1,-1,-1,-1,1,1,1,1,-1,-1,1,1,-1,1,1,-1,-1,1,1,1,1,1,-1,-1,1,1,-1,1,1,-1,-1,1,1,1,1,1,1,-1,1,1,1,-1,1,1,-1,1,1,1,1,1,1,-1,-1,1,1,1,1,1,-1,1,1,1,1,1,1,-1,-1,-1,1,1,1,1,-1,1,1,1,1,-1,1,-1,1,-1,1,1,1,-1,-1,1,1,1,1,1,-1,1,-1,-1,1,-1,1,-1,1,1,1,1,1,1,-1,1,1,-1,1,-1,1,1,-1,1,-1,1,-1,1,-1,-1,1,-1,1,-1,1,-1,1,1,-1,1,-1,1,1,1,1,-1,-1,1,1,-1,-1,1,-1,1,-1,1,1,-1,1,-1,1,-1,1,-1,1,1,-1,-1,-1,1,-1,1,1,-1,1,1,1,1,1,1,-1,1,-1,-1,1,1,-1,1,-1,1,-1,1,1,-1,-1,-1,1,1,1,1,-1,-1,-1,1,1,-1,1,1,1,-1,-1,1,1,1,1,1,-1,1,1,-1,1,-1,1,-1,1,1,1,1,-1,1,1,1,1,1,1,1,1,-1,-1,1,-1,1,-1,1,1,-1,1,1,1,-1,1,1,1,1,1,1,-1,1,-1,1,1,1,-1,1,1,-1,1,1,-1,-1,1,1,-1,-1,1,-1,1,-1,1,-1,1,1,1,-1,1,1,-1,1,1,1,-1,1,1,-1,1,1,1,-1,1,1,1,-1,1,1,-1,1,1,-1,1,-1,1,-1,1,1,1,-1,1,1,1,1,1,1,-1,1,1,-1,1,-1,1,-1,-1,-1,-1,1,1,1,-1,1,1,-1,1,1,-1,-1,1,1,1,1,1,-1,1,1,1,-1,1,1,1,1,-1,1,1,1,-1,1,-1,1,1,1,1,1,1,-1,-1,-1,1,-1,-1,1,1,-1,1,1,1,1,1,1,1,-1,1,-1,-1,1,-1,1,-1,1,1,1,1,1,1,-1,-1,1,-1,1,1,1,-1,1,1,1,-1,1,1,-1,-1,1,-1,1,1,1,-1,1,1,1,1,1,1,-1,1,-1,-1,1,1,1,-1,1,-1,-1,1,1,-1,-1,1,-1,1,1,1,-1,-1,1,-1,-1,1,1,-1,-1,1,-1,1,1,1,1,-1,1,1,-1,-1,1,1,-1,-1,1,1,-1,1,-1,-1,1,-1,-1,1,-1,1,-1,-1,1,-1,1,-1,1,-1,-1,1,-1,-1,1,1,1,-1,1,-1,1,-1,-1,1,1,-1,-1,-1,1,-1,-1,1,1,1,-1,1,-1,1,1,1,-1,1,1,-1,1,-1,1,-1,-1,1,-1,-1,1,1,1,-1,1,-1,-1,1,1,-1,-1,1,-1,-1,1,1,-1,-1,1,-1,-1,-1,1,1,-1,1,1,-1,-1,1,-1,-1,1,-1,1,-1,1,1,-1,-1,1,-1,-1,-1,-1,-1,1,1,1,-1,1,1,-1,-1,1,-1,-1,-1,-1,-1,1,1,-1,-1,-1,1,-1,1,1,-1,1,1,1,-1,-1,1,1,-1,-1,-1,-1,-1,1,-1,-1,1,-1,-1,-1,1,1,-1,-1,-1,-1,-1,1,-1,-1,1,-1,-1,1,1,1,-1,1,-1,-1,-1,1,1,-1,-1,-1,-1,-1,1,1,1,-1,-1,-1,-1,1,1,-1,-1,-1,-1,1,1,1,1,-1,-1,1,1,1,1,1,-1,-1,-1,1,1,1,-1,1,-1,1,1,1,1,-1,1,-1,-1,1,-1,1,-1,1,-1,-1,1,-1,1,-1,-1,-1,-1,1,-1,1,-1,1,-1,-1,1,-1,1,-1,1,-1,-1,1,-1,1,-1,-1,-1,-1,1,1,-1,-1,-1,-1,-1,1,-1,1,-1,-1,-1,-1,-1,-1,-1,1,-1,-1,-1,1,-1,-1,1,-1,-1,-1,-1,-1,1,1,-1,-1,-1,-1,-1,1,-1,-1,-1,1,-1,-1,1,-1,1,-1,-1,-1,-1,-1,-1,-1,1,-1,-1,-1,1,1,1,-1,-1,-1,1,-1,-1,-1,-1,1,-1,-1,1,-1,1,-1,-1,-1,-1,1,-1,1,1,-1,1,-1,-1,1,1,1,-1,-1,-1,-1,-1,1,1,-1,-1,1,-1,1,1,-1,-1,-1,1,-1,-1,1,1,-1,1,1,-1,1,1,1,-1,1,-1,1,1,1,-1,-1,1,-1,-1,1,-1,1,1,-1,1,-1,1,1,1,-1,1,-1,-1,1,1,1,1,-1,1,-1,1,1,1,1,1,-1,-1,1,1,1,1,1,-1,-1,-1,1,1,1,-1,-1,-1,1,-1,1,1,1,-1,-1,-1,1,-1,1,1,-1,-1,1,1,1,1,1,-1,1,1,1,1,1,1,-1,1,-1,1,1,1,1,-1,1,-1,1,1,1,-1,1,-1,1,1,1,1,-1,1,1,-1,1,1,-1,1,1,-1,-1,1,1,1,1,-1,1,-1,1,1,1,-1,-1,1,-1,1,1,1,-1,1,-1,-1,-1,1,1,-1,-1,1,-1,-1,1,1,1,-1,1,-1,-1,1,1,1,-1,1,-1,-1,1,1,-1,-1,-1,1,-1,-1,1,-1,1,1,-1,1,1,-1,-1,1,-1,-1,-1,1,1,-1,1,1,-1,1,1,-1,-1,-1,-1,1,-1,-1,-1,-1,1,-1,-1,1,1,-1,1,1,-1,1,1,1,1,-1,1,-1,1,1,1,1,-1,1,-1,-1,-1,1,1,-1,1,-1,1,1,1,1,-1,1,-1,1,1,-1,-1,-1,1,-1,-1,1,1,-1,-1,-1,1,-1,1,-1,1,-1,1,-1,-1,1,-2666.0,1,2000,445,1500,False
2014,1,1,-1,-1,1,-1,1,-1,1,1,1,-1,1,1,1,1,-1,1,-1,-1,1,-1,1,1,1,-1,-1,-1,1,1,1,1,1,-1,-1,-1,1,1,1,1,-1,-1,-1,1,1,1,1,-1,1,1,1,1,-1,1,-1,-1,1,-1,1,1,1,-1,-1,-1,1,1,1,1,-1,1,-1,1,1,1,1,-1,-1,-1,1,1,1,-1,-1,-1,1,1,1,1,-1,1,-1,1,1,1,1,-1,-1,1,1,-1,1,1,-1,-1,1,1,1,1,1,-1,-1,1,1,-1,1,1,-1,-1,1,1,1,1,1,1,-1,1,1,1,-1,1,1,-1,1,1,1,1,1,1,-1,-1,1,1,1,1,1,-1,1,1,1,1,1,1,-1,-1,-1,1,1,1,1,-1,1,1,1,1,-1,1,-1,1,-1,1,1,1,-1,-1,1,1,1,1,1,-1,1,-1,-1,1,1,1,-1,1,1,1,1,-1,1,1,1,1,-1,1,-1,1,-1,1,1,-1,1,-1,1,1,-1,1,-1,1,-1,1,-1,1,1,-1,-1,-1,1,1,1,1,-1,-1,1,1,-1,-1,1,-1,1,-1,1,1,-1,1,-1,1,-1,1,-1,-1,1,-1,1,-1,1,1,-1,1,-1,1,1,1,-1,1,1,-1,1,-1,1,-1,1,-1,1,-1,1,1,-1,1,-1,-1,-1,-1,1,-1,1,-1,-1,-1,1,1,-1,-1,1,1,-1,1,1,1,-1,1,1,-1,1,1,1,1,-1,1,-1,1,1,-1,1,-1,1,-1,1,-1,1,1,1,1,-1,-1,1,-1,-1,-1,1,1,-1,1,1,1,-1,1,1,1,1,1,1,1,1,-1,1,1,1,-1,1,1,-1,1,1,1,-1,1,1,-1,-1,1,1,1,-1,1,-1,1,1,1,-1,1,1,-1,1,1,1,-1,1,1,-1,1,1,1,-1,1,1,1,-1,1,1,-1,1,1,-1,1,-1,1,-1,1,1,1,-1,1,1,1,-1,1,1,-1,1,1,-1,1,1,1,-1,-1,-1,-1,1,1,1,-1,1,1,-1,1,1,-1,-1,1,1,1,1,1,-1,1,1,1,-1,1,1,1,-1,-1,1,1,-1,-1,1,-1,1,1,1,-1,1,1,-1,-1,-1,1,-1,-1,1,1,-1,1,1,-1,1,1,1,1,-1,1,-1,-1,1,-1,1,-1,1,1,-1,1,1,1,-1,-1,1,-1,1,1,1,-1,1,1,1,-1,1,1,-1,-1,1,-1,1,1,1,-1,1,1,1,1,1,1,-1,1,-1,-1,1,1,-1,-1,1,-1,1,1,1,-1,-1,1,-1,1,1,1,-1,-1,1,-1,-1,1,1,-1,-1,1,-1,1,1,1,1,-1,1,1,-1,1,1,1,-1,-1,1,-1,1,1,-1,-1,1,1,-1,1,-1,1,-1,-1,1,-1,1,-1,1,-1,-1,1,-1,-1,1,1,1,-1,1,-1,1,-1,-1,-1,1,-1,-1,-1,1,-1,-1,1,1,1,-1,1,-1,1,1,1,-1,1,1,-1,1,-1,1,-1,-1,1,-1,-1,1,1,1,-1,1,-1,-1,1,1,-1,-1,1,-1,-1,1,1,-1,-1,1,-1,-1,-1,1,1,-1,1,1,-1,-1,1,-1,-1,1,-1,1,-1,1,1,-1,-1,1,-1,-1,-1,-1,-1,1,1,1,-1,-1,1,-1,-1,1,-1,-1,1,-1,-1,-1,1,-1,-1,1,1,-1,1,1,-1,1,-1,1,-1,-1,1,1,-1,-1,-1,-1,1,1,-1,-1,1,-1,-1,-1,1,1,-1,-1,-1,-1,-1,1,-1,-1,-1,-1,-1,-1,1,1,-1,-1,-1,-1,1,1,1,-1,-1,-1,-1,-1,1,1,1,-1,-1,-1,-1,1,1,-1,-1,-1,-1,1,-1,1,1,-1,-1,1,1,-1,1,1,-1,-1,-1,1,1,1,-1,1,-1,1,1,1,1,-1,1,-1,-1,1,-1,1,-1,1,-1,-1,1,-1,1,-1,-1,-1,-1,1,-1,1,-1,1,-1,-1,1,-1,1,-1,1,-1,1,-1,-1,1,-1,-1,-1,-1,1,-1,-1,-1,-1,-1,-1,1,-1,1,-1,-1,-1,-1,1,1,-1,1,-1,-1,-1,1,1,-1,1,-1,-1,-1,-1,-1,-1,1,-1,-1,-1,-1,-1,1,-1,-1,-1,1,-1,-1,1,-1,1,-1,-1,-1,-1,-1,-1,-1,1,-1,-1,-1,1,1,-1,-1,-1,-1,1,-1,-1,-1,-1,1,-1,-1,1,1,1,-1,-1,-1,-1,1,-1,1,1,-1,1,-1,-1,1,1,-1,-1,-1,-1,-1,-1,1,1,-1,-1,1,-1,1,1,-1,-1,-1,1,-1,1,1,-1,-1,1,-1,-1,1,1,1,-1,1,-1,1,1,1,-1,-1,1,-1,-1,1,1,1,-1,1,-1,-1,1,1,-1,1,1,-1,-1,1,1,-1,1,1,-1,-1,1,1,1,1,1,-1,-1,1,1,1,1,-1,1,-1,-1,1,1,1,1,-1,-1,1,-1,1,1,1,1,-1,-1,1,-1,1,1,1,-1,1,1,1,1,-1,1,-1,1,1,1,1,1,1,1,-1,1,1,1,1,-1,1,-1,1,1,1,1,1,-1,1,1,1,1,-1,1,1,-1,1,1,-1,1,1,-1,-1,1,1,1,1,-1,1,-1,1,1,1,-1,-1,1,-1,1,1,1,-1,1,-1,-1,-1,1,1,-1,-1,1,-1,-1,1,1,-1,-1,1,-1,-1,1,1,1,-1,1,-1,-1,1,1,-1,-1,-1,1,-1,-1,1,-1,1,1,-1,1,1,-1,-1,1,1,-1,-1,-1,1,-1,1,1,-1,1,1,-1,-1,-1,-1,1,-1,-1,-1,-1,-1,1,-1,1,1,-1,1,1,-1,1,1,1,1,-1,1,-1,1,1,1,1,-1,1,-1,-1,-1,1,1,-1,1,-1,1,1,1,1,-1,1,-1,1,1,-1,-1,-1,1,-1,-1,1,1,-1,-1,-1,1,-1,1,-1,1,-1,1,-1,1,1,-2666.0,1,2000,445,1500,False
2015,1,1,-1,-1,1,-1,-1,-1,1,1,1,-1,1,1,1,1,-1,1,-1,-1,-1,1,1,1,1,-1,-1,-1,1,1,1,1,1,-1,-1,-1,1,-1,1,1,-1,-1,1,1,1,1,1,-1,1,1,1,1,-1,1,-1,-1,1,-1,1,1,-1,-1,-1,1,1,1,1,1,-1,-1,1,1,1,1,1,-1,-1,-1,1,1,1,-1,-1,-1,1,1,1,1,-1,-1,-1,1,1,1,1,-1,-1,1,1,-1,1,1,-1,-1,1,1,1,1,1,-1,-1,1,1,1,1,1,-1,-1,1,1,1,1,1,1,-1,1,1,1,-1,1,1,-1,1,1,1,1,1,1,-1,-1,1,1,1,1,1,-1,1,1,1,1,1,1,-1,-1,-1,1,1,1,1,-1,1,-1,1,1,-1,1,-1,1,-1,1,1,1,-1,-1,1,1,1,1,1,-1,1,-1,-1,1,1,1,-1,1,1,1,1,-1,1,1,1,1,-1,1,-1,1,-1,1,1,-1,1,-1,1,1,-1,1,-1,1,-1,1,-1,1,1,-1,1,-1,1,1,1,1,-1,-1,1,1,-1,-1,1,-1,1,-1,-1,1,-1,1,-1,1,-1,1,-1,-1,1,-1,-1,-1,1,1,-1,1,-1,1,1,1,-1,1,1,-1,1,-1,1,-1,1,-1,1,-1,1,1,-1,1,-1,-1,-1,1,1,-1,1,-1,-1,-1,1,1,-1,-1,1,1,-1,-1,1,1,-1,1,1,-1,1,1,1,1,-1,1,-1,1,1,-1,1,-1,1,1,1,1,1,1,1,1,-1,-1,1,-1,-1,-1,1,1,-1,1,1,1,-1,1,1,1,1,1,1,-1,1,-1,1,1,1,-1,-1,1,-1,1,1,1,-1,1,1,-1,-1,1,1,1,-1,1,-1,1,1,1,-1,1,1,-1,1,1,1,-1,1,1,-1,1,1,1,-1,1,1,1,-1,1,1,-1,1,1,-1,1,-1,1,-1,1,1,1,-1,1,1,1,1,1,1,-1,1,1,-1,1,1,1,-1,-1,-1,-1,1,1,1,-1,1,1,-1,1,1,-1,-1,1,1,1,1,1,-1,1,1,1,-1,1,1,1,1,-1,1,1,1,-1,1,-1,1,-1,1,1,1,1,-1,-1,-1,1,-1,-1,1,1,-1,1,1,1,1,1,1,1,-1,1,-1,-1,1,-1,1,-1,1,1,-1,1,1,1,-1,-1,1,-1,1,1,1,-1,1,1,1,-1,1,1,-1,-1,1,-1,1,1,1,-1,1,1,1,1,1,1,-1,1,-1,-1,1,1,-1,1,1,-1,1,1,1,-1,-1,1,-1,1,1,1,-1,-1,1,-1,-1,1,1,-1,-1,1,-1,1,1,1,1,-1,1,-1,-1,1,1,1,-1,1,-1,-1,1,1,-1,-1,1,-1,-1,1,-1,1,-1,-1,1,-1,1,-1,1,-1,1,1,-1,-1,1,1,1,-1,1,-1,1,-1,-1,1,1,-1,-1,1,1,-1,-1,1,1,-1,1,1,-1,1,1,1,-1,1,1,-1,1,-1,1,1,-1,1,-1,-1,1,1,-1,-1,1,-1,-1,1,1,1,-1,1,-1,-1,1,1,-1,-1,1,-1,-1,-1,1,1,-1,1,1,-1,-1,1,-1,-1,1,-1,1,-1,1,1,-1,-1,1,-1,-1,-1,-1,-1,1,1,1,-1,-1,1,-1,-1,1,-1,-1,1,-1,-1,1,1,-1,-1,1,-1,-1,1,1,-1,1,-1,-1,-1,-1,1,1,-1,-1,-1,-1,-1,1,-1,-1,1,-1,-1,-1,1,1,-1,-1,-1,-1,-1,1,-1,-1,-1,-1,-1,1,1,1,-1,-1,-1,-1,-1,1,1,-1,-1,-1,-1,-1,1,1,1,-1,-1,-1,-1,1,1,-1,-1,-1,-1,1,1,1,1,-1,-1,1,1,1,1,1,-1,-1,-1,1,1,1,-1,1,-1,1,1,1,1,-1,1,-1,-1,1,-1,1,-1,1,-1,-1,1,-1,1,-1,-1,-1,-1,1,-1,1,-1,1,1,-1,1,-1,1,-1,1,1,1,-1,-1,1,-1,-1,-1,-1,1,1,-1,-1,-1,-1,-1,1,-1,1,-1,-1,-1,-1,-1,-1,-1,1,-1,-1,-1,1,-1,-1,1,-1,-1,-1,-1,-1,1,1,-1,-1,-1,-1,-1,1,-1,-1,-1,1,-1,-1,1,-1,1,-1,-1,-1,-1,-1,-1,-1,1,-1,-1,-1,1,1,1,-1,-1,1,-1,-1,-1,-1,-1,1,-1,-1,1,-1,1,-1,-1,-1,-1,1,-1,1,1,-1,1,-1,-1,1,1,-1,-1,-1,-1,-1,-1,1,1,-1,-1,1,-1,1,1,-1,-1,-1,1,-1,-1,1,-1,-1,1,-1,-1,1,1,1,-1,1,-1,1,1,1,-1,-1,1,-1,-1,1,1,1,-1,1,-1,-1,1,1,-1,1,1,-1,-1,1,1,1,1,1,-1,-1,1,1,1,1,1,-1,-1,1,1,1,1,-1,1,-1,1,1,1,1,1,-1,-1,1,-1,1,1,1,1,-1,-1,1,-1,1,1,1,-1,1,-1,1,1,-1,1,-1,1,1,1,1,1,1,1,-1,-1,1,1,1,-1,1,-1,1,1,1,1,1,-1,1,-1,1,1,-1,1,1,-1,1,1,-1,1,1,-1,-1,1,1,1,1,-1,1,-1,-1,1,1,-1,-1,1,-1,1,1,1,-1,1,-1,-1,-1,1,1,-1,-1,1,-1,-1,1,1,1,-1,1,-1,-1,1,1,1,-1,1,-1,-1,1,1,-1,-1,-1,1,-1,-1,1,-1,1,1,-1,1,1,-1,-1,1,-1,-1,-1,1,1,-1,1,1,-1,1,1,-1,-1,-1,-1,1,-1,-1,-1,-1,1,-1,-1,1,1,-1,1,1,-1,1,1,1,1,-1,1,-1,1,1,1,1,-1,1,-1,-1,1,1,1,-1,1,-1,1,1,1,1,-1,1,-1,1,1,1,-1,-1,1,-1,-1,1,1,-1,-1,-1,1,-1,1,1,1,-1,1,-1,-1,1,-2666.0,1,2000,445,1000,False
2016,1,1,-1,-1,1,-1,-1,-1,1,1,1,-1,1,1,1,1,-1,1,-1,-1,-1,-1,1,1,1,-1,-1,-1,1,1,1,1,1,-1,-1,-1,1,-1,1,1,-1,-1,-1,1,1,1,1,-1,1,1,1,1,-1,1,-1,-1,1,-1,1,1,1,-1,-1,-1,1,1,1,1,-1,-1,-1,1,1,1,1,-1,-1,-1,1,1,1,-1,-1,-1,1,1,1,1,-1,-1,-1,1,1,1,1,-1,-1,1,1,-1,1,1,-1,-1,1,1,1,1,1,-1,-1,1,1,1,1,1,-1,-1,1,1,1,1,1,1,-1,1,1,1,-1,1,1,-1,1,1,1,1,1,1,-1,-1,1,1,1,1,1,-1,1,1,1,1,1,1,-1,-1,-1,1,1,1,1,-1,1,1,1,1,-1,1,-1,1,-1,1,1,1,-1,-1,1,1,1,1,1,-1,1,-1,-1,1,-1,1,-1,1,1,1,1,1,1,1,1,1,1,1,-1,1,-1,1,1,-1,1,-1,1,1,-1,1,-1,1,-1,1,-1,1,1,-1,1,-1,1,1,1,1,-1,-1,1,1,-1,-1,1,-1,1,-1,-1,1,-1,1,-1,1,-1,1,-1,1,1,-1,-1,-1,1,1,-1,1,-1,1,1,1,-1,1,1,-1,-1,-1,1,-1,1,-1,1,-1,1,1,-1,1,-1,-1,-1,1,1,-1,1,-1,-1,-1,1,1,-1,-1,1,1,-1,-1,1,1,-1,1,1,-1,1,1,1,1,-1,1,-1,1,1,-1,1,-1,1,1,-1,1,1,1,1,1,-1,-1,1,-1,-1,-1,1,1,-1,1,1,1,-1,1,-1,-1,1,1,1,1,1,-1,1,1,1,-1,1,1,-1,1,1,1,-1,1,1,-1,1,-1,1,1,-1,1,-1,1,1,1,-1,1,1,-1,1,1,1,-1,1,-1,-1,1,1,1,-1,1,-1,-1,1,1,1,-1,1,-1,-1,-1,-1,1,-1,1,1,-1,1,1,1,1,-1,1,-1,-1,-1,1,-1,1,-1,-1,1,-1,-1,-1,1,-1,-1,1,-1,1,-1,1,-1,1,-1,1,1,1,1,-1,1,-1,1,1,-1,1,-1,-1,-1,-1,1,1,1,1,-1,-1,1,1,1,1,-1,-1,1,-1,-1,1,-1,1,-1,1,-1,1,1,1,-1,-1,1,1,-1,1,-1,1,-1,-1,1,-1,1,-1,-1,-1,-1,1,-1,-1,1,1,-1,-1,1,-1,1,1,-1,1,-1,1,-1,-1,1,1,-1,-1,1,-1,1,1,-1,-1,1,1,-1,1,-1,1,-1,1,-1,1,1,1,1,-1,1,-1,-1,1,-1,-1,-1,1,-1,-1,1,-1,1,-1,1,-1,-1,1,-1,-1,1,-1,1,-1,1,-1,1,-1,1,1,-1,1,-1,1,-1,1,-1,-1,1,-1,1,1,1,1,-1,-1,1,1,-1,1,1,-1,1,1,1,1,-1,1,1,-1,1,1,1,1,-1,1,1,-1,-1,-1,1,-1,1,1,-1,1,-1,1,-1,1,-1,-1,-1,1,1,-1,1,1,-1,-1,-1,1,-1,1,1,-1,1,-1,1,-1,-1,-1,-1,-1,-1,1,-1,-1,-1,-1,-1,-1,1,-1,1,1,1,1,-1,1,-1,1,1,-1,-1,-1,1,-1,-1,1,-1,1,-1,-1,1,1,1,1,-1,-1,1,1,1,1,-1,1,-1,-1,1,1,1,-1,-1,-1,1,1,1,1,-1,-1,-1,1,-1,1,-1,1,1,-1,-1,1,1,1,-1,-1,-1,1,1,1,1,1,-1,-1,-1,1,1,1,1,-1,-1,-1,1,-1,1,-1,-1,-1,1,1,1,1,1,-1,-1,-1,1,-1,1,1,-1,-1,-1,1,1,-1,1,-1,-1,-1,1,1,1,1,-1,-1,1,1,1,-1,-1,-1,1,1,-1,1,1,-1,-1,-1,1,1,-1,1,1,-1,1,1,1,-1,1,-1,-1,-1,1,-1,1,-1,-1,-1,-1,1,1,-1,1,1,-1,-1,1,-1,-1,1,-1,1,-1,1,1,-1,1,-1,1,-1,1,-1,-1,1,-1,-1,-1,1,1,1,-1,-1,-1,-1,1,-1,1,-1,-1,-1,-1,-1,-1,-1,1,-1,-1,-1,1,-1,-1,1,-1,-1,-1,-1,-1,1,1,-1,-1,-1,-1,-1,1,-1,-1,-1,1,-1,-1,1,-1,1,-1,-1,-1,-1,-1,-1,-1,1,-1,-1,-1,1,1,1,-1,-1,1,-1,1,-1,-1,-1,1,-1,-1,1,-1,1,-1,-1,-1,-1,1,-1,1,1,-1,1,-1,-1,1,1,-1,-1,-1,-1,-1,-1,1,1,-1,-1,1,-1,1,1,-1,-1,-1,1,-1,-1,1,-1,-1,1,-1,-1,1,1,1,-1,1,-1,1,1,1,-1,-1,1,-1,-1,1,-1,1,-1,1,-1,-1,1,1,-1,1,1,-1,-1,1,1,1,1,1,-1,-1,1,1,1,1,1,-1,-1,1,1,1,1,1,1,-1,-1,1,1,-1,1,-1,-1,1,-1,1,1,1,1,-1,-1,1,-1,1,1,1,-1,1,-1,1,1,-1,1,-1,1,1,1,1,1,1,1,-1,-1,1,1,1,-1,1,-1,1,1,1,1,1,-1,1,-1,1,1,-1,1,1,-1,-1,1,-1,1,1,-1,-1,1,1,1,1,-1,1,-1,-1,1,1,-1,-1,1,-1,1,1,1,-1,1,-1,-1,-1,1,1,-1,-1,1,-1,-1,1,1,-1,-1,1,-1,-1,1,1,1,-1,-1,-1,-1,1,1,-1,-1,-1,1,-1,-1,1,-1,1,1,-1,1,1,-1,-1,1,-1,-1,-1,1,1,-1,1,1,-1,1,1,-1,-1,-1,-1,-1,-1,-1,-1,-1,1,-1,1,1,1,-1,1,1,-1,-1,1,1,1,-1,1,-1,1,1,1,1,-1,1,-1,1,1,1,1,-1,1,-1,1,1,1,1,-1,1,-1,1,1,1,-1,-1,1,-1,-1,1,1,-1,-1,-1,1,-1,1,-1,1,-1,1,-1,-1,1,-2666.0,1,2000,445,0,False
2017,1,1,-1,-1,1,1,-1,1,1,1,1,-1,-1,1,1,1,-1,1,-1,-1,-1,1,1,1,1,-1,-1,-1,1,1,1,1,-1,-1,-1,1,-1,1,1,1,-1,-1,1,1,1,1,1,-1,1,-1,1,1,1,1,-1,-1,-1,-1,1,1,1,-1,-1,1,1,1,1,1,-1,-1,1,-1,1,1,1,-1,-1,1,-1,1,1,-1,-1,-1,-1,1,1,1,-1,-1,-1,-1,-1,1,1,-1,-1,1,-1,-1,1,1,-1,-1,1,-1,-1,1,1,-1,-1,1,-1,-1,1,1,-1,-1,1,-1,-1,1,1,1,-1,-1,-1,-1,1,1,1,-1,1,-1,-1,1,1,1,-1,-1,-1,-1,-1,1,1,-1,1,-1,-1,-1,1,1,-1,-1,1,-1,-1,1,1,-1,1,1,-1,-1,1,1,-1,1,1,-1,1,1,-1,-1,1,-1,-1,1,1,-1,1,-1,1,-1,1,1,-1,1,1,-1,-1,-1,1,1,1,1,1,-1,-1,1,-1,1,1,1,-1,-1,1,1,-1,1,1,-1,1,1,-1,1,1,1,-1,1,1,1,1,1,1,1,-1,1,-1,-1,1,1,-1,-1,1,1,-1,1,1,-1,-1,1,-1,1,1,1,1,-1,1,1,-1,1,1,-1,1,1,-1,1,1,1,-1,-1,1,-1,1,-1,1,1,1,1,-1,1,-1,1,1,1,1,-1,1,-1,1,1,1,1,-1,-1,1,1,1,1,1,1,-1,1,1,-1,-1,1,1,-1,-1,1,1,1,1,-1,1,-1,1,1,1,-1,1,-1,-1,1,1,1,1,-1,1,-1,1,-1,1,1,1,1,-1,1,1,1,1,1,1,-1,1,1,1,1,1,1,1,1,1,1,1,1,-1,1,1,1,-1,1,1,-1,1,1,1,-1,1,1,1,-1,1,-1,1,1,1,1,-1,1,1,-1,1,1,1,1,1,1,-1,-1,1,-1,-1,1,1,1,-1,1,1,-1,-1,1,-1,-1,1,1,1,-1,1,1,1,1,1,-1,1,1,-1,1,-1,-1,-1,-1,1,-1,-1,1,-1,-1,1,-1,1,-1,1,1,-1,1,-1,1,-1,1,-1,-1,1,1,1,-1,1,1,1,-1,1,1,1,1,1,-1,1,1,-1,-1,-1,1,1,1,1,-1,1,-1,1,-1,1,1,-1,1,-1,1,1,-1,1,1,-1,-1,1,-1,-1,-1,1,1,-1,-1,1,-1,1,1,-1,-1,1,1,1,1,1,1,-1,-1,1,-1,1,-1,-1,-1,1,1,1,1,-1,1,-1,1,-1,1,1,-1,1,-1,1,1,1,1,-1,-1,-1,1,-1,1,1,-1,-1,-1,1,1,-1,1,1,-1,-1,1,-1,1,-1,1,-1,-1,1,-1,-1,-1,1,-1,-1,-1,-1,1,-1,1,-1,-1,1,-1,-1,1,1,-1,-1,-1,1,-1,1,1,-1,-1,-1,1,-1,-1,1,1,1,-1,1,-1,1,-1,1,1,1,-1,1,1,-1,-1,1,1,1,1,-1,-1,1,-1,1,1,1,-1,-1,-1,-1,-1,1,1,1,-1,-1,-1,1,1,-1,1,-1,-1,-1,1,1,1,1,-1,-1,1,1,1,1,1,-1,-1,-1,-1,1,-1,1,-1,1,-1,-1,1,-1,1,-1,-1,1,1,-1,-1,1,1,-1,-1,-1,-1,-1,1,1,-1,-1,-1,1,-1,1,1,-1,-1,1,-1,1,1,-1,-1,-1,-1,-1,1,1,-1,1,-1,-1,1,1,1,1,-1,-1,-1,-1,-1,1,-1,1,-1,-1,1,-1,1,1,-1,1,-1,-1,1,1,1,-1,1,-1,1,-1,1,1,-1,1,-1,-1,-1,1,1,-1,1,-1,1,-1,1,1,1,-1,1,-1,-1,1,1,-1,-1,-1,1,-1,1,1,1,-1,1,-1,-1,1,-1,1,-1,1,-1,-1,1,-1,-1,1,-1,1,-1,1,1,-1,1,-1,1,-1,1,-1,1,-1,1,-1,-1,1,1,-1,1,-1,-1,-1,-1,1,-1,1,-1,1,-1,-1,1,-1,1,1,-1,-1,-1,-1,1,1,1,1,-1,-1,1,-1,-1,1,1,-1,-1,-1,-1,1,1,-1,-1,-1,1,1,1,-1,1,-1,-1,1,-1,-1,-1,1,-1,-1,-1,-1,1,-1,1,-1,-1,-1,-1,-1,1,-1,-1,1,-1,-1,1,-1,1,-1,-1,-1,-1,1,-1,1,1,-1,-1,-1,1,1,1,-1,-1,-1,1,1,-1,1,1,-1,-1,-1,-1,1,1,-1,-1,-1,-1,1,-1,1,-1,-1,1,-1,-1,1,1,-1,-1,-1,-1,-1,-1,1,1,-1,-1,1,-1,1,1,-1,-1,-1,1,-1,1,1,-1,-1,1,-1,-1,1,1,1,-1,1,-1,1,1,1,-1,-1,1,-1,-1,1,1,1,-1,1,-1,-1,1,1,-1,1,1,-1,-1,1,1,-1,1,1,-1,-1,1,1,-1,1,1,-1,-1,1,1,1,1,1,1,-1,-1,1,1,-1,1,-1,-1,1,-1,1,1,1,1,-1,-1,1,-1,1,1,1,-1,1,1,1,1,-1,1,-1,1,1,1,1,1,1,-1,-1,1,1,1,1,-1,1,-1,1,1,1,1,1,-1,1,1,1,1,-1,-1,1,-1,1,1,-1,1,-1,-1,-1,1,1,1,-1,1,-1,-1,1,1,1,-1,-1,-1,-1,1,1,1,-1,-1,1,-1,-1,1,1,-1,1,-1,-1,-1,1,1,-1,1,-1,1,-1,1,1,1,1,1,-1,-1,1,1,-1,-1,1,1,-1,1,1,-1,1,-1,-1,1,1,-1,-1,1,1,-1,-1,1,1,-1,1,1,-1,1,1,-1,-1,-1,1,-1,-1,-1,-1,-1,1,1,1,1,1,-1,1,1,1,1,1,1,1,-1,1,1,-1,1,1,1,-1,1,1,1,1,1,1,-1,-1,1,-1,1,1,1,-1,1,1,-1,1,1,-1,-1,1,1,1,1,1,-1,-1,-1,1,-1,1,1,1,-1,1,-1,1,1,-2666.0,1,2000,445,1000,True
2018,1,1,-1,-1,1,1,-1,1,1,1,1,-1,-1,1,1,1,-1,1,-1,-1,-1,1,1,1,1,-1,-1,-1,1,1,1,1,1,-1,-1,1,-1,1,1,1,-1,-1,1,1,1,1,1,-1,1,-1,1,1,1,1,-1,-1,1,-1,1,1,1,-1,-1,1,1,1,1,1,-1,-1,1,-1,1,1,1,-1,-1,-1,1,1,1,-1,-1,-1,-1,1,1,1,-1,-1,-1,1,-1,1,1,-1,-1,1,-1,1,1,1,-1,-1,1,-1,-1,1,1,-1,-1,-1,-1,-1,1,1,-1,-1,1,-1,-1,1,1,1,-1,-1,-1,-1,1,1,1,-1,1,-1,-1,1,1,1,-1,1,-1,-1,-1,1,1,-1,1,-1,-1,-1,1,1,-1,-1,1,-1,-1,1,1,-1,1,1,-1,-1,1,1,-1,1,1,-1,1,1,-1,-1,1,-1,-1,1,1,-1,1,-1,1,-1,1,1,-1,1,1,-1,-1,-1,1,1,1,1,1,-1,-1,1,-1,1,1,1,-1,-1,1,1,-1,1,1,-1,1,1,-1,1,1,1,-1,1,1,1,1,1,1,1,-1,1,-1,-1,1,1,-1,-1,1,1,-1,1,1,-1,-1,1,-1,1,1,1,1,-1,1,1,-1,1,1,-1,1,1,-1,1,1,1,-1,-1,1,-1,1,-1,1,1,1,1,-1,1,-1,1,1,1,1,-1,1,-1,1,1,1,1,-1,-1,1,1,1,1,1,1,-1,1,1,-1,-1,1,1,-1,-1,1,1,1,1,-1,1,-1,1,1,1,-1,1,-1,-1,-1,1,1,1,-1,1,-1,1,-1,1,1,1,1,-1,1,1,1,1,1,-1,-1,1,1,1,1,1,1,-1,1,1,1,1,1,-1,1,1,1,-1,1,1,-1,-1,1,1,1,1,1,1,1,1,-1,1,1,1,1,1,1,1,1,1,1,1,1,1,1,-1,1,1,1,1,1,1,1,-1,1,-1,1,1,1,-1,1,1,1,1,1,1,1,-1,1,1,-1,1,1,-1,-1,-1,-1,1,1,1,-1,1,1,-1,1,1,-1,-1,1,1,1,1,1,-1,1,1,1,-1,1,1,1,1,-1,1,1,1,-1,1,-1,1,-1,1,1,1,1,-1,-1,-1,1,-1,-1,1,1,-1,1,-1,1,1,1,1,1,-1,1,-1,-1,1,-1,1,-1,1,-1,-1,1,1,1,-1,-1,1,-1,1,1,1,-1,1,1,1,-1,1,1,-1,1,-1,-1,1,1,1,-1,1,-1,1,1,1,1,-1,1,-1,-1,1,1,-1,1,1,-1,1,1,1,-1,-1,1,-1,1,1,1,-1,1,-1,1,-1,1,1,-1,-1,1,-1,1,1,1,1,-1,1,-1,-1,1,1,1,-1,1,-1,-1,1,1,-1,-1,1,-1,-1,1,-1,1,-1,-1,1,-1,1,-1,1,1,-1,1,-1,-1,1,1,1,-1,1,-1,1,-1,-1,-1,1,-1,1,1,-1,1,-1,1,1,-1,1,-1,1,-1,1,1,1,-1,-1,-1,-1,-1,1,1,1,-1,-1,-1,1,1,-1,1,-1,-1,-1,1,1,-1,1,-1,-1,-1,1,1,-1,1,-1,-1,-1,-1,1,1,1,-1,1,-1,-1,1,-1,1,-1,-1,1,-1,1,-1,1,1,-1,-1,-1,-1,-1,1,1,-1,1,-1,-1,-1,-1,1,-1,-1,-1,1,1,1,-1,-1,-1,-1,1,1,1,-1,1,-1,1,-1,1,1,1,-1,-1,-1,-1,-1,1,-1,1,-1,-1,1,-1,1,1,-1,1,-1,-1,1,1,1,-1,1,-1,-1,-1,1,1,-1,-1,-1,-1,-1,1,1,-1,1,-1,-1,-1,1,1,1,-1,1,-1,-1,1,1,-1,-1,-1,-1,-1,1,1,-1,-1,1,-1,-1,-1,-1,1,-1,1,-1,-1,1,-1,-1,1,1,1,-1,1,1,-1,1,-1,1,-1,1,-1,-1,1,-1,1,-1,1,1,-1,1,-1,-1,-1,-1,1,-1,1,-1,1,-1,-1,1,-1,1,-1,1,-1,-1,-1,1,1,-1,-1,-1,-1,1,-1,-1,-1,-1,-1,-1,-1,-1,1,-1,-1,-1,-1,1,1,-1,1,-1,-1,-1,1,-1,-1,1,-1,-1,-1,-1,-1,1,1,-1,-1,-1,-1,-1,1,-1,-1,-1,1,-1,-1,1,-1,1,-1,-1,-1,-1,-1,-1,-1,1,-1,-1,-1,1,1,-1,-1,-1,-1,1,-1,-1,-1,1,-1,-1,-1,1,-1,1,-1,-1,-1,-1,1,-1,1,-1,-1,1,-1,-1,1,1,-1,-1,-1,-1,-1,-1,1,1,-1,-1,1,-1,1,1,-1,-1,-1,1,-1,-1,1,-1,-1,1,-1,-1,1,1,1,-1,1,-1,1,1,1,-1,-1,1,-1,-1,1,1,1,-1,1,-1,-1,1,1,-1,1,1,-1,-1,1,1,1,1,1,-1,-1,1,1,1,1,1,-1,-1,1,1,1,1,1,1,-1,1,1,1,1,1,-1,-1,1,-1,1,1,1,1,-1,-1,1,-1,1,1,1,-1,1,1,1,1,-1,1,-1,1,1,1,1,1,1,-1,-1,-1,1,1,1,-1,1,-1,1,1,1,1,-1,1,-1,1,1,1,-1,-1,1,-1,-1,1,-1,1,-1,-1,-1,1,1,1,-1,1,-1,-1,1,1,1,-1,-1,-1,-1,1,1,1,-1,1,-1,-1,-1,1,1,-1,1,-1,-1,-1,1,1,1,-1,1,-1,1,1,1,1,1,1,-1,-1,1,1,-1,-1,1,1,1,1,1,-1,1,-1,-1,1,1,-1,-1,1,-1,-1,-1,1,1,-1,1,1,1,1,1,-1,-1,-1,-1,1,-1,-1,-1,-1,1,-1,1,1,1,-1,1,1,-1,1,1,1,1,-1,1,-1,1,1,1,-1,-1,1,-1,1,1,1,-1,-1,1,-1,1,1,1,-1,-1,1,-1,1,1,1,1,-1,1,-1,-1,1,1,-1,-1,-1,1,-1,1,1,1,-1,1,-1,-1,1,-2666.0,1,2000,445,1000,True
2019,1,1,-1,-1,1,1,-1,-1,1,1,1,1,-1,1,1,1,-1,1,1,1,-1,-1,1,1,1,1,-1,-1,1,1,1,1,1,1,-1,-1,1,1,1,-1,1,-1,-1,1,1,1,1,1,-1,1,1,1,-1,1,1,-1,1,-1,1,1,1,1,1,-1,1,1,1,1,1,-1,-1,1,1,1,1,-1,-1,-1,1,1,1,-1,1,-1,1,1,1,1,1,1,-1,1,-1,1,1,1,-1,1,1,-1,1,1,1,-1,1,1,-1,1,1,1,-1,1,1,-1,1,1,1,-1,1,1,-1,1,1,1,-1,1,1,-1,1,1,1,-1,1,1,-1,1,1,1,-1,-1,1,-1,-1,1,1,-1,1,1,1,-1,1,1,-1,-1,-1,1,-1,1,1,-1,1,1,1,-1,1,1,-1,1,1,-1,1,1,1,-1,1,1,-1,1,1,-1,1,-1,-1,1,-1,1,-1,1,1,1,-1,-1,1,1,1,1,-1,1,-1,1,-1,1,1,-1,1,-1,1,1,-1,1,-1,-1,1,1,-1,1,1,-1,1,1,1,1,1,1,-1,-1,-1,1,-1,-1,1,-1,-1,-1,1,1,1,1,-1,1,-1,1,-1,1,1,-1,-1,-1,1,1,-1,1,-1,1,1,1,-1,1,1,-1,1,-1,1,-1,1,-1,1,-1,1,1,-1,1,-1,-1,1,1,1,-1,1,-1,-1,-1,1,1,-1,-1,1,1,-1,1,1,1,-1,1,1,-1,1,1,1,1,-1,1,-1,1,1,-1,1,-1,1,-1,1,-1,1,-1,-1,1,-1,-1,1,-1,-1,1,1,1,-1,1,1,1,-1,1,1,1,1,1,1,1,1,-1,1,1,1,1,-1,1,-1,1,1,1,-1,1,1,-1,-1,1,1,1,-1,1,-1,1,1,1,-1,1,1,-1,1,1,1,-1,1,1,-1,1,1,1,1,1,1,-1,-1,1,1,-1,1,1,-1,1,-1,1,-1,1,1,1,-1,1,1,1,-1,1,1,-1,1,1,-1,1,1,1,-1,-1,-1,-1,1,1,1,-1,1,1,-1,1,1,-1,-1,1,1,1,1,1,-1,1,1,1,-1,1,1,1,-1,-1,1,1,1,-1,1,-1,1,1,1,1,1,1,-1,-1,-1,1,-1,-1,1,1,-1,1,1,-1,1,1,1,1,-1,1,-1,-1,1,-1,1,-1,1,1,-1,1,1,1,-1,-1,1,-1,1,1,1,-1,1,1,1,-1,1,1,-1,-1,1,-1,1,1,1,-1,1,1,1,1,1,1,-1,1,-1,-1,1,1,-1,-1,1,-1,1,1,1,-1,-1,1,-1,1,1,1,-1,-1,1,1,-1,1,1,-1,-1,1,-1,1,1,1,1,-1,1,1,-1,1,1,1,-1,-1,-1,-1,1,1,-1,-1,1,-1,-1,1,-1,1,-1,-1,1,-1,1,-1,1,-1,-1,1,-1,-1,1,1,1,-1,1,-1,1,-1,-1,1,1,-1,-1,-1,1,-1,-1,1,1,1,-1,1,-1,1,1,1,-1,1,1,-1,-1,-1,1,-1,1,1,-1,-1,1,1,1,-1,1,-1,-1,1,1,-1,-1,1,-1,-1,1,1,-1,-1,1,-1,-1,-1,1,1,-1,1,1,-1,-1,1,-1,-1,1,-1,1,-1,1,1,-1,-1,1,-1,-1,-1,-1,1,-1,1,1,-1,-1,1,-1,1,1,-1,-1,1,-1,-1,1,1,-1,-1,1,1,-1,1,1,-1,1,-1,1,-1,-1,1,1,-1,-1,-1,-1,-1,1,-1,-1,1,-1,1,1,1,1,-1,-1,-1,1,-1,1,-1,-1,-1,-1,1,1,1,1,-1,-1,-1,1,-1,1,1,-1,-1,-1,1,1,1,1,1,-1,-1,1,1,1,1,-1,-1,-1,1,1,-1,1,1,-1,-1,1,-1,-1,1,1,-1,-1,1,-1,1,1,-1,1,-1,1,1,1,1,-1,1,-1,1,-1,-1,1,-1,1,-1,1,1,-1,1,-1,-1,-1,-1,1,-1,1,-1,1,-1,-1,1,-1,1,-1,1,-1,-1,1,-1,1,-1,-1,-1,-1,1,-1,-1,-1,-1,-1,-1,-1,-1,1,-1,-1,-1,-1,1,1,-1,1,-1,-1,-1,1,-1,-1,1,-1,-1,-1,-1,-1,1,1,-1,-1,-1,-1,-1,1,-1,-1,-1,1,-1,-1,1,-1,1,-1,-1,-1,-1,-1,-1,-1,1,-1,-1,-1,1,1,1,-1,-1,-1,1,-1,-1,-1,-1,1,-1,-1,1,-1,1,-1,-1,-1,-1,1,-1,1,1,-1,1,-1,-1,1,1,-1,-1,-1,-1,-1,-1,1,1,-1,-1,1,-1,1,1,-1,-1,-1,1,-1,-1,1,-1,-1,1,-1,-1,1,1,1,-1,1,-1,1,1,1,-1,-1,1,-1,-1,1,1,-1,-1,1,-1,-1,1,1,-1,1,1,-1,-1,1,1,-1,-1,1,-1,-1,1,1,-1,-1,1,-1,-1,1,1,-1,1,-1,1,-1,-1,1,-1,-1,1,-1,-1,1,-1,-1,-1,1,1,-1,-1,1,-1,1,-1,1,-1,1,1,-1,1,-1,1,-1,1,1,-1,1,1,1,1,-1,1,-1,1,1,-1,1,-1,1,-1,1,1,1,-1,1,1,1,1,-1,-1,1,-1,1,1,-1,1,1,-1,-1,1,-1,1,-1,1,1,-1,1,-1,1,-1,-1,1,-1,1,-1,1,-1,1,-1,-1,-1,1,1,-1,-1,1,-1,-1,-1,1,-1,-1,1,-1,-1,-1,1,1,1,-1,-1,-1,1,1,-1,-1,-1,1,-1,1,1,-1,1,1,-1,1,1,-1,-1,1,1,-1,-1,-1,1,-1,1,1,-1,1,1,-1,-1,-1,-1,1,-1,-1,-1,-1,1,-1,-1,1,1,-1,1,1,-1,1,1,1,1,-1,1,-1,1,1,1,1,-1,1,-1,1,1,1,1,-1,1,-1,-1,1,1,1,-1,1,-1,1,1,1,-1,-1,1,-1,-1,1,1,-1,-1,-1,1,-1,1,1,1,-1,1,-1,-1,1,-2666.0,1,2000,445,500,True
2020,-1,-1,1,1,1,1,-1,1,-1,-1,-1,1,-1,1,-1,-1,1,-1,1,1,-1,1,-1,-1,-1,1,-1,-1,-1,-1,-1,-1,1,1,-1,1,1,-1,-1,-1,1,-1,1,-1,-1,-1,1,-1,1,-1,-1,-1,1,-1,1,-1,-1,1,-1,-1,-1,1,1,1,-1,-1,-1,-1,-1,-1,1,-1,-1,-1,-1,-1,-1,1,-1,-1,-1,1,1,-1,-1,-1,-1,-1,-1,1,-1,-1,-1,-1,-1,-1,-1,1,-1,1,-1,-1,-1,-1,1,-1,-1,-1,-1,-1,-1,1,-1,-1,-1,-1,-1,-1,1,-1,-1,-1,-1,-1,-1,1,-1,-1,1,-1,-1,-1,-1,-1,-1,-1,-1,-1,-1,-1,-1,-1,-1,-1,-1,-1,1,-1,-1,-1,-1,-1,-1,-1,1,-1,1,-1,-1,-1,-1,-1,-1,-1,-1,-1,1,-1,1,-1,-1,-1,-1,-1,-1,-1,-1,-1,-1,-1,-1,1,1,-1,-1,-1,-1,-1,-1,-1,-1,1,-1,-1,-1,-1,1,1,-1,-1,-1,1,-1,1,-1,1,-1,-1,-1,-1,1,-1,1,1,-1,-1,-1,1,1,1,-1,1,-1,-1,1,1,-1,-1,-1,-1,-1,1,1,1,-1,1,-1,-1,1,1,1,-1,1,1,-1,1,1,1,-1,-1,1,-1,1,-1,-1,-1,1,-1,-1,1,1,1,-1,1,-1,-1,1,-1,-1,-1,1,-1,1,1,-1,-1,-1,1,-1,1,1,-1,1,-1,1,-1,-1,1,-1,1,-1,1,1,-1,1,1,-1,-1,-1,1,1,1,-1,-1,-1,1,1,-1,-1,1,1,-1,-1,1,1,1,-1,-1,-1,1,1,1,-1,1,-1,-1,1,-1,1,1,-1,-1,-1,1,-1,1,-1,-1,-1,-1,1,1,-1,1,-1,-1,1,-1,-1,1,-1,-1,1,1,1,1,-1,-1,-1,1,1,1,-1,1,1,-1,-1,1,1,-1,1,-1,-1,-1,1,1,-1,1,-1,-1,1,-1,1,1,1,-1,-1,1,-1,1,-1,1,1,-1,1,-1,1,-1,-1,1,-1,-1,1,1,-1,1,-1,-1,1,1,-1,-1,1,1,-1,1,-1,1,-1,1,-1,1,1,-1,1,-1,1,-1,1,1,-1,-1,1,1,-1,-1,1,-1,1,1,1,1,-1,1,1,-1,-1,1,-1,-1,1,-1,-1,1,-1,1,-1,-1,1,-1,-1,1,-1,-1,-1,1,-1,1,-1,1,1,-1,1,-1,-1,-1,-1,-1,-1,1,-1,-1,1,1,-1,-1,1,-1,1,-1,-1,1,-1,1,-1,-1,1,1,-1,-1,-1,-1,-1,-1,-1,1,-1,1,-1,-1,1,1,-1,-1,-1,1,-1,1,1,-1,-1,-1,-1,-1,-1,-1,1,-1,-1,1,-1,1,1,1,1,-1,-1,1,-1,-1,1,-1,-1,-1,1,-1,1,-1,1,-1,-1,-1,-1,1,-1,1,-1,-1,1,-1,1,1,1,-1,-1,-1,-1,1,-1,1,-1,-1,-1,1,1,1,-1,1,1,-1,1,1,1,1,1,1,1,-1,1,1,-1,1,-1,1,-1,-1,1,-1,-1,1,-1,-1,1,-1,-1,1,1,1,-1,1,1,-1,1,1,1,-1,-1,1,-1,-1,1,-1,-1,1,1,-1,-1,-1,-1,-1,1,1,-1,1,1,1,1,-1,1,-1,-1,1,1,-1,1,1,-1,-1,-1,1,-1,-1,1,1,-1,1,1,1,1,1,-1,1,1,1,-1,1,1,1,-1,1,1,-1,1,1,-1,1,1,1,-1,1,1,-1,-1,1,1,1,1,1,-1,1,1,-1,-1,1,1,1,1,1,-1,1,1,1,1,1,1,1,1,1,1,-1,1,-1,1,-1,1,1,1,1,1,1,1,1,1,-1,1,-1,1,-1,1,1,1,-1,1,-1,1,1,1,1,1,1,1,1,1,1,-1,1,1,-1,-1,1,-1,-1,1,1,1,-1,1,1,-1,1,-1,-1,1,1,1,1,1,-1,1,-1,1,1,-1,1,-1,1,-1,1,1,-1,1,-1,1,-1,1,1,-1,1,-1,1,-1,1,1,-1,1,-1,1,-1,1,1,1,1,1,1,1,1,1,-1,1,-1,1,1,1,1,1,1,-1,1,-1,1,1,-1,1,1,-1,1,1,1,-1,1,1,-1,1,1,1,1,1,-1,-1,1,1,1,1,1,-1,1,-1,1,-1,1,1,1,-1,1,1,1,1,1,1,-1,1,-1,1,1,1,1,1,1,1,1,-1,1,1,-1,1,1,1,1,1,-1,1,1,1,1,1,1,1,-1,1,1,1,-1,1,-1,1,1,1,1,1,1,-1,-1,1,-1,1,1,1,-1,1,1,1,1,1,-1,-1,1,1,1,1,1,1,-1,1,1,-1,1,1,-1,1,1,1,1,1,1,-1,-1,1,1,1,1,-1,1,-1,1,1,1,1,-1,-1,-1,1,1,1,1,-1,1,-1,1,1,1,1,1,-1,-1,1,1,-1,1,1,-1,-1,1,1,1,1,-1,-1,-1,1,-1,-1,1,1,-1,1,1,1,-1,1,1,-1,-1,1,1,-1,1,1,-1,1,1,1,-1,1,1,-1,1,-1,1,1,1,1,-1,1,-1,1,1,1,-1,-1,1,1,1,1,1,1,1,-1,1,1,1,-1,1,1,1,1,1,-1,1,-1,1,1,1,1,-1,1,1,-1,1,-1,1,-1,1,1,1,-1,1,1,1,1,1,-1,1,1,-1,-1,1,-1,1,1,1,-1,-1,1,1,1,-1,-1,1,1,1,1,1,-1,-1,1,1,1,1,-1,1,1,1,1,1,1,-1,1,1,1,-1,1,1,-1,-1,1,1,1,-1,1,1,-1,-1,-1,-1,1,1,-1,-1,1,1,1,-1,1,-1,-1,-1,1,1,1,1,-1,-1,1,1,1,1,1,1,-1,1,1,1,1,1,1,-1,1,1,1,1,1,-1,-1,1,-1,1,-1,1,1,-1,-1,1,1,-1,1,-1,1,-1,1,1,-1,1,1,-1,-1,1,-2666.0,1,2000,445,500,True
2021,-1,-1,1,1,1,1,-1,1,-1,-1,-1,1,-1,1,-1,-1,1,-1,1,1,-1,-1,-1,-1,-1,1,-1,-1,-1,-1,-1,-1,1,1,-1,-1,1,-1,-1,-1,1,-1,-1,-1,-1,-1,-1,-1,1,1,-1,-1,1,-1,1,-1,-1,1,-1,-1,-1,1,1,1,-1,-1,-1,-1,-1,-1,-1,1,-1,-1,-1,-1,-1,-1,1,-1,-1,1,1,-1,1,-1,-1,1,-1,1,-1,-1,-1,-1,-1,-1,-1,1,1,1,-1,-1,-1,-1,1,1,1,-1,-1,-1,-1,1,1,1,-1,-1,-1,-1,1,1,1,-1,-1,-1,-1,1,1,1,1,-1,-1,-1,-1,1,1,-1,-1,-1,-1,-1,1,1,1,-1,-1,-1,1,1,1,1,-1,-1,-1,-1,-1,1,1,1,-1,-1,-1,1,1,1,-1,-1,1,-1,-1,1,-1,-1,-1,-1,-1,1,1,1,-1,-1,-1,1,-1,1,-1,-1,-1,-1,-1,1,1,1,-1,-1,-1,-1,-1,1,1,-1,-1,1,-1,-1,1,1,-1,-1,-1,-1,-1,1,1,-1,-1,-1,-1,-1,1,1,-1,1,-1,-1,-1,-1,1,1,-1,-1,-1,-1,1,1,-1,1,-1,-1,-1,1,1,-1,1,1,-1,-1,1,1,-1,-1,1,-1,-1,1,-1,1,1,-1,-1,-1,1,1,-1,1,-1,-1,1,-1,-1,-1,1,-1,1,-1,1,1,-1,1,-1,1,-1,-1,1,1,1,-1,-1,1,-1,1,-1,1,1,-1,1,-1,-1,-1,-1,1,1,1,-1,-1,-1,1,1,-1,1,1,-1,1,-1,1,1,1,-1,-1,-1,1,1,1,1,1,-1,-1,-1,1,1,1,-1,-1,-1,-1,-1,1,1,-1,-1,-1,1,1,-1,1,-1,-1,-1,-1,1,1,1,-1,1,-1,1,1,-1,1,-1,-1,-1,-1,-1,1,1,-1,-1,-1,-1,-1,1,-1,-1,-1,-1,-1,1,1,-1,-1,-1,1,1,1,1,-1,-1,1,1,-1,-1,1,1,-1,-1,1,-1,-1,-1,1,-1,-1,-1,1,-1,1,-1,1,-1,-1,-1,-1,1,1,-1,-1,1,1,-1,1,1,-1,1,1,1,-1,1,1,-1,1,1,-1,1,1,-1,-1,-1,-1,1,1,1,1,-1,-1,1,-1,-1,1,-1,-1,1,1,-1,1,-1,-1,-1,-1,1,-1,-1,1,1,-1,1,1,-1,1,-1,1,-1,-1,1,-1,1,-1,1,1,-1,1,-1,-1,1,1,-1,-1,1,-1,1,1,1,-1,-1,1,-1,1,-1,1,-1,-1,1,1,-1,-1,-1,1,1,1,-1,1,-1,-1,-1,1,-1,1,1,-1,-1,1,1,-1,-1,-1,-1,-1,-1,1,-1,1,-1,-1,-1,-1,1,-1,-1,1,-1,-1,-1,1,1,-1,-1,1,-1,-1,1,1,-1,-1,1,1,-1,1,-1,-1,-1,-1,-1,1,1,1,-1,-1,-1,-1,1,1,1,-1,-1,-1,-1,-1,1,1,1,-1,-1,-1,1,-1,-1,-1,1,1,-1,-1,1,-1,-1,-1,1,1,-1,1,-1,1,-1,1,-1,1,1,-1,1,1,1,1,-1,1,-1,1,-1,1,1,-1,1,-1,-1,1,1,1,-1,1,-1,-1,-1,1,1,-1,1,-1,1,1,1,-1,-1,1,-1,-1,1,1,1,-1,1,-1,-1,-1,1,1,-1,-1,1,1,-1,-1,1,-1,1,1,1,1,1,1,-1,-1,1,1,-1,1,-1,-1,-1,1,1,1,-1,-1,-1,1,-1,1,1,1,1,-1,-1,1,1,1,-1,-1,-1,-1,1,1,1,1,1,-1,-1,1,1,1,-1,1,-1,-1,1,1,1,1,1,-1,1,1,1,1,-1,1,-1,-1,1,1,1,1,1,-1,-1,1,1,-1,1,1,-1,-1,1,1,1,1,1,1,-1,1,1,1,-1,1,-1,-1,1,1,1,-1,1,-1,-1,1,1,-1,1,1,-1,-1,1,1,1,1,1,1,-1,1,1,-1,-1,1,-1,-1,1,1,1,-1,1,1,-1,1,1,1,-1,1,-1,-1,1,-1,1,1,1,1,-1,1,1,1,-1,1,-1,1,1,-1,-1,-1,1,1,-1,1,-1,-1,-1,1,1,-1,-1,1,-1,1,1,1,-1,1,1,1,-1,1,1,1,1,1,1,-1,1,1,1,1,1,-1,-1,1,1,1,1,-1,-1,1,1,1,1,1,-1,-1,-1,-1,1,1,1,-1,1,-1,1,1,1,-1,1,-1,-1,1,-1,1,1,1,1,1,1,1,1,1,1,1,1,1,1,1,1,-1,-1,1,1,1,1,1,1,-1,1,-1,1,1,1,1,-1,1,1,1,1,-1,1,-1,1,1,1,1,1,1,1,1,-1,1,1,1,1,1,1,1,1,1,1,-1,1,1,1,1,-1,1,-1,1,1,1,1,-1,1,-1,1,1,1,1,-1,1,-1,1,1,1,1,1,-1,1,1,1,-1,1,1,-1,1,1,1,-1,1,-1,-1,-1,1,-1,1,1,1,-1,1,1,1,-1,1,1,-1,1,1,1,-1,1,1,-1,1,1,1,-1,1,1,-1,1,-1,1,1,1,1,-1,1,-1,1,1,1,-1,1,1,-1,1,1,1,1,-1,1,-1,1,1,-1,1,-1,1,1,1,-1,1,-1,1,1,-1,1,-1,1,1,-1,1,-1,1,-1,1,1,1,-1,-1,1,1,1,1,-1,1,-1,1,-1,1,-1,1,1,-1,1,-1,1,1,1,-1,-1,1,1,1,1,1,-1,-1,1,1,1,1,-1,1,1,-1,1,1,1,-1,1,-1,1,-1,1,1,-1,-1,1,-1,1,-1,1,1,-1,1,1,-1,1,1,-1,-1,1,-1,1,-1,1,-1,-1,1,1,1,1,1,-1,-1,1,1,1,1,1,1,-1,1,-1,1,1,1,1,-1,1,1,1,1,1,-1,-1,1,1,1,-1,1,1,-1,-1,1,1,-1,1,-1,1,-1,1,1,-1,1,1,-1,-1,1,-2666.0,1,2000,445,500,True
2022,1,1,-1,1,1,1,-1,1,1,1,-1,1,-1,1,1,1,-1,-1,1,1,1,1,1,1,-1,1,-1,-1,1,1,1,1,1,1,-1,1,-1,1,1,-1,1,-1,1,1,1,1,-1,-1,1,-1,1,1,1,1,1,-1,1,-1,1,1,-1,1,1,1,1,1,1,-1,-1,-1,1,-1,1,1,1,-1,1,1,1,1,1,1,1,-1,-1,1,1,1,-1,1,-1,1,-1,1,1,-1,-1,1,-1,1,1,1,-1,-1,1,-1,-1,1,1,-1,-1,-1,-1,-1,1,1,-1,-1,1,-1,-1,1,1,1,-1,-1,-1,-1,1,1,1,-1,1,-1,-1,1,1,1,-1,1,-1,-1,-1,1,1,-1,1,-1,-1,-1,1,1,-1,1,1,-1,-1,1,-1,-1,1,1,-1,-1,1,1,-1,1,1,-1,1,1,-1,-1,1,-1,-1,1,1,-1,1,-1,1,-1,1,1,-1,-1,-1,-1,-1,-1,1,-1,1,1,1,-1,-1,1,1,-1,1,1,-1,-1,1,-1,-1,1,1,-1,1,1,-1,-1,1,1,-1,1,1,1,-1,-1,1,1,-1,1,-1,-1,1,1,1,-1,1,1,-1,-1,1,-1,-1,1,-1,1,-1,1,1,-1,1,-1,1,-1,1,-1,1,1,1,1,-1,1,-1,-1,-1,1,-1,-1,1,1,-1,-1,1,-1,-1,1,1,1,1,1,-1,-1,1,1,1,1,-1,1,-1,1,1,1,1,1,1,-1,1,1,-1,1,-1,1,-1,1,1,-1,-1,1,-1,-1,1,1,1,-1,1,1,-1,1,1,1,-1,-1,1,-1,1,-1,1,-1,1,1,-1,1,1,1,-1,1,-1,-1,1,1,-1,-1,1,-1,-1,1,1,-1,1,-1,-1,1,1,1,-1,1,-1,1,-1,1,1,1,1,1,-1,1,1,1,1,1,1,-1,1,-1,1,-1,1,1,-1,1,-1,1,1,-1,1,-1,1,-1,1,1,-1,1,-1,1,1,-1,1,-1,1,1,1,1,-1,1,-1,1,-1,1,-1,-1,1,1,-1,-1,1,1,-1,1,-1,1,-1,1,-1,1,1,-1,1,1,1,1,-1,1,-1,1,-1,1,-1,-1,1,-1,1,1,1,1,-1,1,1,1,1,1,-1,-1,1,-1,-1,1,-1,1,-1,-1,1,-1,1,1,-1,-1,-1,1,-1,1,-1,1,-1,-1,1,-1,1,1,-1,-1,-1,1,-1,-1,1,1,-1,-1,1,-1,1,1,-1,1,-1,1,-1,-1,1,1,-1,-1,-1,-1,1,1,-1,1,-1,1,-1,1,-1,1,-1,-1,-1,-1,1,-1,1,-1,-1,-1,-1,1,-1,-1,-1,-1,-1,-1,1,1,1,-1,1,-1,-1,1,-1,-1,1,-1,-1,-1,1,1,1,-1,1,-1,-1,-1,-1,1,-1,1,-1,-1,1,-1,1,1,1,-1,-1,-1,1,1,-1,1,-1,1,-1,1,1,1,-1,1,1,-1,1,1,1,1,1,1,1,-1,1,1,-1,1,-1,1,-1,-1,1,-1,-1,1,-1,-1,1,-1,-1,-1,1,1,-1,1,1,-1,-1,1,1,-1,-1,1,-1,-1,-1,-1,-1,-1,1,-1,-1,-1,-1,-1,-1,1,-1,-1,1,1,1,1,1,-1,1,-1,1,-1,-1,1,-1,-1,-1,1,-1,-1,1,1,-1,1,1,1,-1,1,1,-1,-1,1,-1,-1,-1,1,-1,-1,1,-1,1,1,-1,-1,1,1,-1,1,1,-1,1,1,-1,1,1,1,1,-1,1,1,-1,-1,1,1,-1,1,1,1,-1,1,1,-1,-1,1,1,1,1,1,-1,1,1,-1,-1,1,1,-1,-1,1,1,-1,1,1,-1,-1,1,1,-1,1,1,-1,-1,-1,1,-1,1,1,-1,-1,1,1,-1,1,1,1,-1,1,-1,-1,-1,-1,1,-1,1,-1,-1,1,-1,-1,1,-1,1,-1,1,1,-1,-1,1,-1,-1,1,-1,1,-1,1,-1,-1,1,1,-1,-1,1,-1,-1,-1,1,1,-1,1,-1,-1,-1,1,-1,-1,1,-1,-1,-1,-1,1,1,1,1,-1,-1,1,1,-1,1,1,-1,-1,-1,1,-1,1,-1,-1,-1,1,1,1,-1,1,-1,-1,1,1,1,-1,1,-1,-1,-1,-1,-1,-1,1,-1,-1,-1,1,-1,1,-1,-1,1,-1,1,1,-1,1,-1,-1,-1,1,1,-1,1,1,-1,-1,1,1,1,1,-1,-1,-1,1,1,-1,1,1,-1,-1,1,-1,1,1,-1,1,-1,-1,1,-1,1,1,-1,1,-1,-1,1,1,1,-1,-1,-1,-1,-1,1,-1,-1,-1,1,-1,1,1,-1,-1,-1,1,-1,1,1,1,-1,1,1,-1,1,1,1,-1,1,-1,1,1,1,-1,-1,1,-1,-1,1,1,1,1,-1,1,-1,1,1,1,-1,1,-1,-1,1,1,1,1,-1,1,-1,1,1,1,1,1,-1,-1,1,1,-1,1,1,-1,-1,-1,1,-1,1,-1,-1,-1,1,-1,1,1,1,-1,-1,-1,1,-1,1,1,-1,-1,1,1,-1,1,1,-1,1,1,1,-1,1,1,-1,1,-1,1,1,1,1,-1,1,-1,1,1,1,-1,1,-1,1,1,1,1,1,1,1,-1,1,1,-1,1,1,-1,-1,1,-1,1,1,-1,1,-1,1,-1,1,1,1,1,-1,1,-1,1,1,1,-1,-1,-1,1,1,-1,1,1,-1,-1,-1,1,1,1,-1,1,-1,-1,1,1,-1,1,-1,-1,1,-1,1,1,-1,1,-1,1,1,-1,1,1,-1,1,1,-1,1,1,-1,-1,-1,-1,-1,1,1,1,-1,1,1,-1,1,1,-1,1,-1,-1,-1,1,1,-1,-1,1,1,-1,1,1,-1,1,1,-1,-1,1,1,-1,1,1,1,-1,-1,1,-1,-1,1,1,-1,1,1,-1,1,1,1,-1,-1,1,-1,1,1,1,1,-1,1,-1,-1,1,1,-1,1,1,1,-1,1,-1,1,-1,1,-1,-1,1,-2666.0,1,2000,445,500,True
2023,-1,-1,1,1,1,1,-1,1,-1,-1,-1,1,-1,-1,-1,-1,1,-1,1,-1,-1,1,-1,-1,-1,1,-1,-1,1,-1,-1,-1,1,-1,-1,1,1,-1,-1,1,-1,-1,1,-1,-1,-1,-1,1,-1,-1,-1,-1,1,1,-1,1,-1,1,-1,-1,-1,1,-1,1,-1,-1,-1,-1,1,-1,1,-1,-1,-1,-1,1,1,1,-1,-1,-1,1,1,-1,-1,-1,-1,-1,1,1,1,-1,-1,-1,-1,1,-1,1,-1,1,-1,-1,1,1,-1,-1,-1,-1,-1,1,1,1,-1,-1,-1,-1,-1,1,1,-1,-1,-1,-1,-1,1,1,-1,-1,1,-1,-1,1,-1,-1,-1,1,-1,-1,1,-1,-1,-1,1,-1,-1,1,1,-1,-1,-1,-1,-1,-1,1,1,-1,1,1,-1,-1,-1,1,-1,-1,-1,-1,1,-1,1,-1,-1,-1,-1,1,-1,-1,-1,1,-1,-1,-1,1,1,-1,-1,-1,-1,-1,-1,-1,-1,1,-1,-1,-1,-1,1,-1,1,-1,-1,1,-1,1,-1,1,-1,-1,-1,-1,1,-1,1,-1,-1,-1,-1,1,-1,1,-1,1,-1,-1,1,1,-1,1,-1,-1,-1,1,1,1,-1,1,-1,-1,1,-1,1,-1,1,1,-1,1,1,1,-1,-1,1,-1,1,-1,-1,-1,1,-1,-1,1,-1,1,-1,1,-1,-1,1,1,-1,-1,1,-1,1,1,1,-1,-1,1,-1,1,1,1,1,-1,1,-1,-1,1,1,1,-1,1,1,-1,1,1,-1,-1,-1,1,1,1,1,-1,-1,1,1,-1,1,1,1,-1,-1,1,1,1,1,1,-1,1,1,1,1,-1,1,-1,1,-1,1,1,1,1,-1,1,-1,1,1,1,-1,-1,1,1,-1,1,1,-1,1,-1,-1,1,1,1,-1,1,-1,1,-1,1,1,1,1,1,-1,1,1,1,1,1,1,-1,1,-1,1,-1,1,1,-1,1,-1,1,1,-1,1,1,1,-1,1,1,-1,1,-1,1,1,-1,1,-1,1,-1,-1,1,-1,1,-1,1,-1,1,-1,-1,1,1,-1,-1,1,1,-1,1,-1,1,-1,1,-1,1,1,-1,1,-1,1,1,-1,1,-1,-1,1,1,-1,-1,1,-1,1,1,1,1,-1,1,1,-1,-1,1,-1,-1,1,-1,-1,1,-1,1,-1,-1,1,-1,-1,1,-1,-1,-1,1,-1,1,-1,1,-1,-1,1,-1,-1,-1,-1,-1,-1,1,-1,-1,1,1,-1,-1,1,-1,1,-1,-1,1,-1,1,-1,-1,1,1,-1,-1,-1,-1,-1,-1,-1,1,-1,1,-1,-1,1,1,-1,-1,-1,1,-1,1,1,-1,-1,-1,-1,-1,-1,-1,-1,-1,-1,1,-1,1,1,-1,1,-1,-1,1,-1,-1,1,-1,-1,-1,-1,-1,1,-1,1,-1,-1,-1,-1,1,-1,1,-1,-1,-1,-1,1,1,1,-1,-1,-1,-1,1,-1,1,-1,1,-1,-1,1,1,-1,1,1,-1,-1,1,1,1,1,-1,1,1,1,1,-1,1,-1,1,1,-1,1,-1,-1,1,-1,-1,1,-1,-1,-1,1,1,-1,1,1,-1,-1,1,1,-1,-1,1,-1,-1,-1,-1,-1,1,1,-1,-1,-1,-1,-1,1,1,-1,-1,1,1,1,-1,1,-1,1,-1,1,-1,1,1,-1,-1,-1,1,-1,-1,1,1,-1,1,1,1,1,1,1,-1,-1,1,-1,1,1,1,-1,-1,1,-1,1,1,-1,-1,1,1,-1,1,1,-1,-1,1,-1,1,1,1,1,-1,1,1,-1,1,1,1,-1,1,1,1,1,1,1,-1,-1,1,1,1,1,1,-1,1,1,-1,1,1,1,-1,-1,1,1,1,-1,1,-1,-1,1,1,1,1,1,-1,-1,-1,1,1,1,1,-1,-1,1,1,1,1,-1,1,-1,1,-1,1,-1,-1,1,-1,1,-1,1,1,-1,-1,1,-1,1,1,-1,-1,-1,-1,1,-1,1,1,-1,1,-1,1,-1,1,-1,1,-1,-1,1,-1,1,1,-1,1,-1,1,-1,1,1,-1,-1,-1,1,-1,1,1,-1,1,1,1,1,1,-1,1,1,-1,1,1,1,1,-1,1,-1,1,-1,1,1,-1,1,1,-1,1,1,1,-1,1,1,-1,1,1,1,1,1,-1,-1,1,1,1,1,1,-1,1,-1,1,1,1,1,1,-1,1,1,1,1,1,1,-1,1,-1,1,1,1,1,1,1,1,1,1,1,1,-1,1,1,-1,1,1,-1,1,1,1,1,1,1,1,-1,1,1,1,1,1,-1,1,1,1,1,1,1,-1,-1,1,-1,1,1,1,-1,1,1,-1,1,1,-1,-1,1,1,1,1,1,1,-1,1,1,-1,1,1,-1,1,1,1,1,1,1,-1,-1,1,1,1,1,-1,1,-1,1,1,-1,1,-1,-1,-1,1,1,-1,1,-1,1,-1,1,1,1,1,1,-1,-1,1,1,-1,1,1,-1,-1,1,1,-1,1,-1,-1,-1,1,-1,1,-1,1,-1,1,1,1,-1,-1,1,-1,-1,1,1,-1,-1,1,-1,1,1,1,1,-1,1,-1,1,-1,1,-1,1,1,-1,1,-1,1,-1,-1,-1,-1,1,1,1,-1,1,1,1,-1,1,1,-1,-1,1,1,1,1,1,1,-1,-1,1,1,1,1,1,-1,1,-1,1,-1,1,1,-1,1,1,-1,1,1,1,-1,1,-1,1,1,1,1,-1,1,1,1,-1,1,1,-1,-1,1,-1,-1,1,1,-1,1,1,-1,-1,1,1,1,1,-1,1,1,1,-1,1,1,-1,1,1,1,-1,-1,1,-1,-1,1,-1,-1,1,1,1,-1,-1,1,1,1,1,-1,-1,1,1,1,-1,1,-1,-1,-1,1,1,1,1,-1,-1,1,-1,1,1,1,1,-1,1,1,1,1,1,1,-1,1,1,-1,-1,1,-1,-1,1,-1,1,1,1,1,-1,-1,1,1,-1,1,-1,1,-1,1,1,-1,1,1,-1,-1,1,-2666.0,1,2000,445,500,True
2024,-1,-1,1,1,1,1,-1,1,-1,-1,-1,1,-1,1,-1,-1,1,-1,1,1,-1,1,-1,-1,-1,1,-1,-1,1,-1,-1,-1,1,1,-1,1,1,-1,-1,-1,1,-1,1,-1,-1,-1,-1,-1,1,-1,1,-1,1,-1,1,-1,-1,1,-1,-1,-1,1,1,1,-1,-1,-1,-1,-1,-1,1,-1,-1,-1,-1,-1,-1,1,-1,-1,-1,1,1,-1,-1,-1,-1,-1,-1,1,-1,-1,-1,-1,-1,-1,-1,1,-1,1,-1,-1,-1,-1,1,-1,-1,-1,-1,-1,-1,1,-1,1,-1,-1,-1,-1,1,-1,-1,-1,-1,-1,-1,1,-1,-1,1,-1,-1,-1,-1,-1,-1,1,-1,-1,-1,-1,-1,-1,1,-1,-1,-1,1,-1,-1,-1,-1,-1,-1,-1,1,-1,-1,1,-1,-1,1,1,-1,-1,-1,-1,1,-1,1,-1,-1,-1,-1,-1,-1,-1,-1,1,-1,-1,-1,1,1,-1,-1,-1,-1,-1,-1,-1,-1,1,-1,-1,1,-1,1,-1,1,-1,-1,1,-1,1,-1,1,-1,-1,-1,1,1,-1,1,-1,1,-1,1,1,1,1,-1,1,-1,-1,1,1,-1,1,-1,-1,1,1,-1,1,-1,1,-1,-1,1,1,1,-1,1,1,-1,1,1,1,-1,-1,1,-1,1,1,1,1,1,1,-1,1,1,1,-1,1,-1,-1,1,-1,-1,-1,1,-1,-1,1,1,-1,-1,1,-1,-1,1,-1,1,-1,1,-1,-1,1,1,1,-1,1,1,-1,1,1,-1,-1,-1,1,-1,1,-1,-1,-1,1,-1,-1,1,1,1,-1,-1,1,-1,1,-1,-1,-1,1,1,-1,1,1,-1,-1,1,1,-1,1,-1,-1,-1,1,-1,1,1,-1,-1,-1,1,-1,-1,1,-1,-1,1,-1,-1,1,1,-1,1,1,1,1,-1,1,-1,1,1,1,-1,1,1,-1,-1,1,1,-1,1,-1,-1,-1,1,1,-1,1,-1,-1,1,-1,1,-1,1,-1,-1,1,-1,1,-1,1,1,-1,1,-1,1,1,1,1,-1,-1,1,1,-1,1,-1,-1,1,1,-1,-1,1,1,-1,1,-1,1,-1,1,-1,1,1,-1,1,1,1,-1,1,1,-1,1,-1,1,-1,-1,1,-1,1,1,1,1,-1,1,1,1,1,1,-1,-1,1,-1,-1,1,-1,1,-1,-1,1,-1,1,1,-1,-1,-1,1,-1,1,-1,1,-1,-1,1,-1,1,1,-1,-1,-1,1,-1,-1,1,1,-1,-1,1,-1,1,1,-1,1,-1,1,-1,-1,1,1,-1,-1,-1,-1,1,1,-1,1,-1,1,-1,1,-1,1,-1,-1,-1,-1,1,-1,1,-1,-1,-1,-1,1,-1,-1,-1,-1,-1,-1,1,-1,1,-1,1,-1,-1,1,-1,-1,1,-1,-1,-1,1,1,1,-1,1,-1,-1,-1,-1,1,-1,1,-1,-1,1,-1,1,1,1,-1,-1,-1,1,1,-1,1,-1,1,-1,1,1,1,-1,1,1,-1,1,1,1,1,1,1,1,-1,1,1,-1,1,-1,1,-1,-1,1,-1,-1,1,-1,-1,1,-1,-1,-1,1,1,-1,1,1,-1,-1,1,1,-1,-1,1,-1,-1,-1,-1,-1,1,1,-1,-1,-1,-1,-1,1,1,-1,-1,1,1,1,-1,1,-1,-1,1,1,-1,1,1,-1,-1,-1,1,-1,-1,1,1,-1,1,1,1,1,1,-1,1,1,1,-1,1,1,1,-1,1,1,-1,1,1,-1,1,1,1,-1,1,1,-1,-1,1,-1,1,-1,1,-1,1,1,1,-1,1,1,-1,1,1,1,1,1,1,1,1,1,1,1,1,1,-1,1,-1,1,-1,1,1,1,1,1,1,1,1,1,-1,1,-1,1,1,1,1,1,-1,1,-1,1,1,1,1,1,1,1,1,1,1,-1,1,1,-1,-1,1,-1,-1,1,1,1,-1,1,1,-1,1,-1,1,1,1,-1,-1,1,-1,1,-1,1,1,-1,1,-1,1,-1,1,-1,1,1,-1,1,-1,1,1,-1,1,-1,1,-1,1,1,-1,1,-1,1,-1,1,1,-1,1,1,1,1,1,-1,1,1,-1,1,1,1,1,-1,1,-1,1,-1,1,1,-1,1,1,-1,1,1,1,-1,1,1,-1,1,1,1,1,1,-1,-1,1,1,1,1,1,-1,1,-1,1,1,1,1,1,-1,1,1,1,1,1,1,-1,1,-1,1,1,1,1,1,1,1,1,1,1,1,-1,1,1,1,1,1,-1,1,1,1,1,1,1,1,-1,1,1,1,1,1,-1,1,1,1,1,1,1,-1,-1,1,-1,1,1,1,-1,1,1,1,1,1,-1,-1,1,1,1,1,1,1,-1,1,1,-1,1,1,-1,1,1,1,1,1,1,-1,-1,1,1,1,1,-1,1,-1,1,1,1,1,-1,-1,-1,1,1,1,1,-1,1,-1,1,1,1,1,1,-1,-1,1,1,-1,1,1,-1,-1,-1,1,-1,1,-1,-1,-1,1,-1,1,1,1,-1,-1,-1,1,-1,1,1,-1,-1,1,1,-1,1,1,-1,1,1,1,-1,1,1,-1,1,-1,1,1,1,1,-1,1,-1,1,1,1,-1,1,-1,1,1,1,1,1,1,1,-1,1,1,-1,1,1,-1,-1,1,-1,1,-1,1,1,-1,1,-1,1,1,-1,1,-1,1,-1,1,1,1,-1,-1,-1,1,1,-1,1,1,-1,-1,-1,1,-1,1,-1,1,-1,-1,1,1,-1,1,-1,-1,1,1,1,1,-1,1,-1,1,1,-1,1,1,-1,1,1,1,1,1,-1,-1,-1,-1,1,1,1,1,-1,1,1,-1,1,1,-1,1,-1,-1,1,1,1,-1,-1,1,1,-1,1,1,-1,1,1,1,1,1,1,-1,1,1,1,1,1,1,-1,-1,1,1,1,1,1,-1,1,1,1,1,-1,1,-1,1,1,1,-1,1,1,-1,-1,1,1,-1,1,1,1,-1,1,1,-1,1,1,-1,-1,1,-2666.0,1,2000,445,500,True
2025,1,1,1,1,1,1,-1,-1,1,-1,-1,1,-1,1,1,1,1,-1,1,1,-1,-1,1,-1,-1,1,-1,-1,1,1,1,-1,1,1,-1,-1,1,-1,-1,-1,1,-1,-1,1,1,-1,-1,1,-1,1,1,-1,1,-1,1,-1,1,-1,1,-1,-1,1,1,-1,1,1,1,-1,-1,-1,-1,1,1,1,-1,-1,-1,-1,1,1,1,1,1,-1,1,1,1,-1,-1,1,-1,1,1,1,-1,-1,-1,1,1,-1,1,1,-1,-1,1,1,1,1,1,-1,-1,1,1,1,1,1,-1,-1,1,1,1,1,1,-1,-1,1,1,1,-1,1,-1,-1,-1,1,1,1,1,-1,-1,-1,1,1,1,1,1,-1,1,1,1,1,1,-1,-1,-1,-1,1,1,1,-1,-1,1,1,1,1,1,1,-1,-1,-1,1,1,1,-1,-1,-1,1,1,1,1,-1,-1,1,-1,1,-1,1,-1,-1,-1,1,1,1,1,-1,-1,-1,-1,1,-1,1,-1,1,-1,-1,1,-1,1,-1,-1,-1,-1,1,-1,1,-1,1,-1,-1,1,-1,1,-1,-1,-1,-1,-1,1,1,-1,-1,-1,-1,1,-1,-1,1,-1,-1,-1,1,-1,1,-1,1,-1,-1,-1,-1,1,-1,1,-1,-1,1,1,1,-1,1,-1,-1,-1,-1,1,-1,1,-1,1,-1,1,1,-1,1,-1,-1,-1,1,1,-1,-1,-1,-1,-1,1,1,1,-1,-1,1,-1,-1,1,-1,-1,-1,1,-1,1,1,1,1,1,1,-1,1,1,-1,1,-1,1,1,-1,1,-1,1,1,1,-1,-1,1,-1,-1,1,1,1,-1,1,1,-1,1,1,-1,-1,1,1,1,1,1,-1,1,1,-1,1,-1,1,-1,1,1,-1,-1,1,1,-1,-1,1,1,1,-1,1,-1,1,1,1,-1,1,1,-1,1,1,1,-1,1,-1,-1,1,1,1,-1,1,-1,-1,-1,1,1,-1,1,-1,-1,1,-1,1,-1,1,1,-1,-1,1,1,1,-1,1,-1,-1,1,1,-1,1,-1,1,-1,-1,-1,-1,1,1,1,-1,1,1,-1,1,1,-1,-1,1,1,1,1,1,-1,1,1,1,-1,1,-1,-1,-1,-1,1,1,1,1,-1,-1,1,1,1,-1,-1,-1,-1,-1,-1,1,-1,-1,-1,1,-1,1,1,-1,1,1,1,1,-1,1,-1,1,-1,-1,1,-1,1,1,1,1,-1,1,-1,-1,1,1,-1,-1,1,-1,1,1,1,-1,-1,1,-1,-1,1,1,-1,1,1,-1,1,1,-1,-1,1,1,-1,1,-1,-1,-1,1,-1,-1,1,-1,-1,1,1,-1,-1,1,-1,-1,-1,1,-1,-1,1,-1,-1,-1,1,-1,-1,1,-1,-1,-1,1,1,-1,1,1,-1,-1,1,1,-1,-1,1,1,-1,1,-1,-1,1,1,-1,1,-1,1,-1,-1,1,-1,1,-1,1,-1,-1,1,-1,-1,1,1,1,-1,1,-1,1,-1,1,-1,1,-1,-1,-1,1,-1,-1,-1,1,1,-1,1,-1,1,-1,1,-1,1,1,-1,1,1,1,-1,-1,1,-1,1,-1,1,1,-1,1,-1,-1,1,1,-1,-1,1,-1,-1,-1,1,-1,-1,1,-1,1,1,1,1,-1,1,-1,-1,1,1,-1,-1,1,-1,-1,-1,1,1,-1,-1,1,1,-1,-1,-1,-1,1,1,1,-1,1,1,-1,-1,1,1,-1,1,-1,-1,1,1,1,1,-1,-1,-1,1,-1,1,1,1,1,-1,-1,1,1,1,-1,-1,-1,1,1,1,1,1,-1,-1,-1,1,1,1,-1,-1,-1,-1,1,1,1,1,-1,-1,1,1,1,1,1,-1,-1,-1,1,1,1,-1,-1,-1,-1,1,1,-1,1,-1,-1,-1,1,1,1,1,-1,-1,1,1,1,1,1,-1,1,1,-1,1,1,-1,-1,-1,1,1,1,-1,1,-1,1,1,1,1,1,1,-1,-1,1,-1,1,-1,1,-1,-1,1,-1,1,-1,-1,-1,-1,1,-1,1,1,-1,1,-1,1,1,1,-1,1,-1,-1,1,-1,1,-1,-1,-1,-1,1,1,-1,-1,-1,1,-1,1,-1,1,-1,-1,1,-1,-1,-1,-1,1,-1,1,-1,1,-1,-1,1,-1,1,-1,-1,-1,-1,1,-1,-1,-1,-1,-1,1,-1,-1,-1,1,-1,-1,1,-1,1,-1,-1,-1,-1,-1,-1,-1,1,-1,-1,-1,1,1,-1,1,-1,1,-1,-1,-1,-1,1,-1,-1,-1,1,-1,1,1,1,-1,-1,1,-1,1,1,-1,1,-1,-1,1,1,1,-1,-1,-1,-1,-1,1,-1,-1,-1,1,-1,1,1,1,1,1,-1,-1,1,1,1,1,-1,1,-1,1,1,-1,1,-1,-1,1,1,1,1,-1,1,-1,-1,1,1,1,1,1,-1,-1,1,1,1,-1,1,1,-1,1,1,1,1,1,1,-1,1,1,1,1,1,1,-1,1,1,-1,1,1,1,-1,-1,1,-1,1,1,1,-1,1,-1,-1,1,1,1,-1,-1,1,-1,1,1,1,-1,1,1,-1,1,1,-1,1,1,1,-1,1,1,1,1,-1,1,1,1,1,-1,1,-1,1,1,1,1,1,-1,1,1,1,1,-1,1,1,-1,1,1,-1,1,1,-1,-1,1,-1,1,-1,1,1,-1,1,-1,1,1,-1,1,-1,1,-1,1,1,1,-1,-1,-1,1,1,1,-1,1,-1,-1,-1,1,1,-1,1,-1,-1,-1,1,-1,1,-1,-1,-1,1,1,1,1,-1,1,-1,1,1,1,-1,1,-1,1,1,1,1,-1,1,-1,-1,-1,1,1,-1,1,-1,1,1,-1,1,1,-1,1,-1,-1,1,1,-1,1,-1,1,1,-1,1,-1,-1,1,1,1,1,1,-1,-1,1,1,1,1,1,1,-1,-1,-1,1,1,1,1,-1,1,1,1,1,1,1,-1,1,1,1,-1,1,1,-1,-1,1,1,-1,1,1,1,-1,1,1,-1,1,1,-1,1,1,-2666.0,1,2000,445,500,True
2026,-1,-1,1,1,1,1,-1,1,-1,-1,-1,1,-1,1,-1,-1,1,-1,1,1,-1,1,-1,-1,-1,1,-1,-1,-1,-1,-1,-1,1,1,-1,1,1,-1,-1,-1,1,-1,1,-1,-1,-1,-1,1,-1,-1,-1,-1,1,-1,1,-1,-1,1,-1,-1,-1,1,1,1,-1,-1,-1,-1,-1,-1,1,-1,-1,-1,-1,-1,-1,1,-1,-1,-1,1,1,-1,-1,-1,-1,1,-1,1,-1,-1,-1,-1,-1,-1,-1,1,-1,1,-1,-1,-1,-1,1,-1,-1,-1,-1,-1,-1,1,-1,-1,-1,-1,-1,-1,1,-1,-1,-1,-1,-1,-1,1,-1,-1,1,-1,-1,-1,-1,-1,-1,1,-1,-1,-1,-1,-1,-1,1,-1,-1,-1,1,-1,-1,-1,-1,-1,-1,-1,1,-1,1,1,-1,-1,-1,-1,-1,-1,1,-1,1,-1,1,-1,1,-1,-1,-1,-1,-1,-1,-1,-1,-1,-1,1,1,-1,1,-1,-1,-1,-1,-1,-1,1,-1,-1,-1,-1,1,-1,1,1,-1,1,-1,1,-1,1,-1,-1,-1,-1,1,-1,1,1,-1,-1,-1,1,1,1,-1,1,-1,-1,1,1,-1,1,-1,-1,-1,1,-1,1,-1,1,-1,-1,1,1,1,-1,1,1,-1,1,1,1,-1,-1,1,-1,1,1,-1,-1,1,-1,-1,1,1,1,-1,1,-1,-1,1,-1,-1,-1,1,-1,1,1,1,-1,-1,1,-1,1,1,-1,1,-1,1,-1,-1,1,1,1,-1,1,1,-1,1,1,-1,-1,-1,1,1,1,-1,-1,-1,1,1,-1,1,1,1,-1,-1,1,1,1,-1,-1,-1,1,1,1,1,1,-1,-1,1,-1,1,1,-1,1,-1,1,-1,1,1,-1,-1,-1,1,1,-1,1,-1,-1,1,-1,-1,1,1,-1,-1,1,-1,1,-1,1,-1,1,1,1,-1,1,1,-1,-1,1,1,-1,1,-1,-1,-1,1,1,-1,1,-1,-1,-1,1,1,1,1,-1,-1,1,1,1,-1,1,1,-1,-1,1,1,-1,-1,1,-1,-1,-1,1,-1,1,-1,1,-1,-1,-1,-1,1,1,-1,-1,1,1,-1,1,1,-1,1,-1,1,-1,1,1,-1,1,1,-1,1,1,-1,-1,-1,-1,1,-1,-1,1,-1,-1,1,-1,-1,1,-1,-1,1,1,-1,1,-1,-1,-1,-1,1,-1,-1,1,1,-1,1,1,-1,1,-1,1,-1,-1,1,-1,-1,-1,1,1,-1,1,-1,-1,1,1,-1,-1,1,-1,1,-1,1,-1,-1,1,-1,-1,1,1,-1,-1,1,-1,-1,-1,-1,1,1,1,-1,-1,1,-1,-1,1,-1,1,-1,1,-1,-1,1,-1,-1,-1,-1,-1,-1,1,-1,1,-1,1,-1,-1,1,-1,-1,1,-1,-1,-1,1,1,-1,1,-1,-1,-1,1,1,-1,-1,-1,1,-1,1,-1,-1,1,-1,-1,1,1,1,-1,-1,-1,-1,1,1,1,1,-1,1,-1,-1,-1,1,1,-1,1,-1,1,1,1,-1,1,-1,1,1,-1,1,-1,-1,1,-1,1,-1,-1,1,-1,1,1,-1,-1,-1,1,1,1,1,1,-1,-1,1,-1,1,-1,1,-1,-1,-1,1,1,1,1,-1,-1,-1,-1,1,1,1,-1,-1,1,1,1,-1,1,-1,-1,-1,1,1,1,1,-1,-1,-1,-1,1,-1,1,1,-1,1,-1,1,1,1,-1,1,1,1,1,1,1,1,-1,1,-1,1,1,1,-1,1,1,1,-1,1,1,-1,-1,1,1,1,1,1,-1,1,1,1,-1,1,1,-1,1,1,1,1,1,1,1,1,1,1,-1,1,1,-1,1,1,1,1,1,1,1,1,1,1,1,1,1,-1,1,1,1,1,1,1,1,-1,1,-1,1,1,1,1,1,1,1,1,1,1,-1,1,1,1,-1,1,-1,-1,1,1,1,-1,1,1,-1,1,1,-1,1,1,-1,-1,1,1,1,-1,1,1,-1,1,1,-1,-1,1,-1,1,1,1,1,-1,1,1,-1,1,1,1,-1,1,1,-1,1,1,1,-1,1,1,-1,1,1,1,-1,1,-1,1,1,-1,-1,-1,1,1,-1,1,-1,-1,-1,1,1,-1,1,1,-1,1,1,1,-1,1,1,1,-1,1,1,-1,1,-1,1,-1,1,1,1,1,1,-1,-1,1,-1,1,1,-1,-1,1,1,1,1,1,-1,-1,-1,-1,1,1,1,-1,1,-1,1,1,1,1,-1,-1,-1,1,-1,1,1,-1,1,1,1,1,1,1,1,-1,1,1,1,-1,1,-1,1,1,1,1,1,1,-1,-1,1,-1,1,1,1,-1,1,1,1,1,1,-1,-1,1,1,1,1,1,1,-1,1,1,-1,1,1,-1,1,1,1,1,1,1,-1,-1,1,1,1,1,-1,1,-1,1,1,1,1,-1,-1,-1,1,1,1,1,-1,1,-1,1,1,1,1,1,-1,-1,1,1,-1,1,1,-1,-1,1,1,-1,1,-1,-1,-1,1,-1,-1,1,1,-1,1,1,1,-1,1,1,-1,-1,1,1,-1,1,1,-1,1,1,1,-1,1,1,-1,1,-1,1,1,1,1,-1,1,-1,1,1,1,-1,-1,1,1,1,1,1,1,1,-1,1,1,1,-1,1,1,1,1,1,-1,1,-1,1,1,1,1,-1,1,1,-1,1,-1,1,-1,1,1,1,-1,1,1,1,1,1,-1,1,1,-1,-1,1,-1,1,1,1,-1,-1,1,1,1,-1,-1,1,1,1,1,1,-1,-1,1,1,1,1,-1,1,1,1,1,1,1,-1,1,1,1,-1,1,1,-1,-1,1,1,1,-1,1,1,-1,-1,-1,-1,1,1,-1,1,1,1,1,-1,1,-1,-1,-1,1,1,1,1,-1,-1,1,1,1,1,1,1,-1,1,1,1,1,1,1,-1,1,1,1,1,1,-1,-1,1,-1,1,-1,1,1,-1,-1,1,1,-1,1,-1,1,-1,1,1,-1,1,1,-1,-1,1,-2666.0,1,2000,445,500,True
2027,-1,-1,1,1,1,1,-1,1,-1,-1,-1,1,-1,-1,-1,-1,1,-1,1,-1,-1,1,-1,-1,-1,1,-1,-1,-1,-1,-1,-1,1,-1,-1,1,1,-1,-1,1,-1,-1,1,-1,-1,-1,-1,1,-1,-1,-1,-1,1,1,-1,1,-1,1,-1,-1,-1,1,-1,1,-1,-1,-1,-1,1,-1,1,-1,-1,-1,-1,1,1,1,-1,-1,-1,1,1,-1,-1,-1,-1,-1,1,1,1,-1,-1,-1,-1,1,-1,1,-1,1,-1,-1,1,1,-1,-1,-1,-1,-1,1,1,1,-1,-1,-1,-1,-1,1,1,-1,-1,-1,-1,-1,1,1,-1,-1,1,-1,-1,1,-1,-1,-1,1,-1,-1,1,-1,-1,-1,1,-1,-1,1,1,-1,-1,-1,-1,-1,-1,1,1,-1,1,1,-1,-1,-1,1,-1,-1,-1,-1,1,-1,1,-1,-1,-1,-1,1,-1,-1,-1,1,-1,-1,-1,1,1,-1,-1,-1,-1,-1,-1,-1,-1,1,-1,-1,-1,-1,1,-1,1,-1,-1,1,-1,1,-1,1,-1,-1,-1,-1,1,-1,1,-1,1,-1,-1,1,-1,1,-1,1,-1,-1,1,1,-1,1,-1,-1,-1,1,1,1,-1,1,-1,-1,1,-1,1,-1,1,1,-1,1,1,1,-1,-1,1,-1,1,-1,-1,-1,1,-1,-1,1,-1,1,-1,1,-1,-1,1,1,-1,-1,1,-1,1,1,1,-1,-1,1,-1,1,1,1,1,-1,1,-1,-1,1,1,1,-1,1,1,-1,1,1,-1,-1,-1,1,1,1,1,-1,-1,1,1,-1,1,1,1,-1,-1,1,1,1,1,1,-1,1,1,1,1,-1,1,-1,1,-1,1,1,1,1,-1,1,-1,1,1,1,-1,-1,1,1,-1,1,1,-1,1,-1,-1,1,1,1,-1,1,1,1,-1,1,1,1,1,1,-1,1,1,1,1,1,1,-1,1,-1,1,-1,1,1,-1,1,-1,1,1,-1,1,1,1,-1,1,1,-1,1,-1,1,1,-1,1,-1,1,-1,-1,1,-1,1,-1,1,-1,1,-1,-1,1,1,-1,-1,1,1,1,1,-1,1,-1,1,-1,1,1,-1,1,-1,1,1,-1,1,-1,-1,1,1,-1,-1,1,-1,1,1,1,1,-1,1,1,-1,-1,1,-1,-1,1,-1,-1,1,-1,1,-1,-1,1,-1,-1,1,-1,-1,-1,1,-1,1,-1,1,-1,-1,1,-1,-1,-1,-1,-1,-1,1,-1,-1,1,1,-1,-1,1,-1,1,-1,-1,1,-1,1,-1,-1,1,1,-1,-1,-1,-1,-1,-1,-1,1,-1,1,-1,-1,1,1,-1,-1,-1,1,-1,1,1,-1,-1,-1,-1,-1,-1,-1,1,-1,-1,1,-1,1,1,1,1,-1,-1,1,-1,-1,1,-1,-1,-1,-1,-1,1,-1,1,-1,-1,-1,-1,1,-1,1,-1,-1,-1,-1,1,1,1,-1,-1,-1,-1,1,-1,1,-1,1,-1,-1,1,1,-1,1,1,-1,-1,1,1,1,1,1,1,1,1,1,-1,1,-1,1,-1,1,-1,-1,-1,1,-1,-1,1,-1,-1,-1,1,1,-1,1,1,-1,-1,1,1,-1,-1,1,-1,-1,-1,-1,-1,1,1,-1,-1,-1,-1,-1,1,1,-1,-1,1,1,1,-1,1,-1,1,-1,1,-1,1,1,-1,-1,-1,1,-1,-1,1,1,-1,1,1,1,1,1,1,-1,-1,1,-1,1,1,1,-1,-1,1,-1,1,1,-1,-1,1,1,-1,1,1,-1,-1,1,-1,1,1,1,1,-1,1,-1,-1,1,1,1,-1,1,-1,1,1,1,1,-1,-1,1,1,1,1,1,-1,1,1,-1,1,1,1,-1,-1,1,1,1,-1,1,-1,-1,1,-1,1,1,1,-1,-1,-1,1,1,1,1,-1,-1,1,1,1,1,-1,1,-1,1,-1,1,-1,-1,1,-1,1,-1,1,1,-1,-1,1,-1,1,1,-1,-1,-1,-1,1,-1,1,1,-1,1,-1,1,-1,1,-1,1,-1,-1,1,-1,1,1,-1,1,-1,1,-1,1,1,-1,1,-1,1,-1,1,1,-1,1,1,1,1,1,-1,1,1,-1,1,1,1,1,-1,1,-1,1,-1,1,1,-1,1,1,-1,1,1,1,-1,1,1,-1,1,1,1,1,1,-1,-1,1,1,1,1,1,-1,1,-1,1,1,1,1,1,-1,1,1,1,1,1,1,-1,1,-1,1,1,1,1,1,1,1,1,1,1,1,-1,1,1,1,1,1,-1,1,1,1,1,1,1,1,-1,1,1,1,1,1,-1,1,1,1,1,1,1,-1,-1,1,-1,1,1,1,-1,1,1,-1,1,1,-1,-1,1,1,1,1,1,1,-1,1,1,-1,1,1,-1,1,1,1,1,1,1,-1,-1,1,1,1,1,-1,1,-1,1,1,-1,1,-1,-1,-1,1,1,-1,1,-1,1,-1,1,1,1,1,1,-1,-1,1,1,-1,1,1,-1,-1,1,1,-1,1,-1,-1,-1,1,-1,1,-1,1,-1,1,1,1,-1,-1,1,-1,-1,1,1,-1,-1,1,-1,1,1,1,1,-1,1,-1,1,-1,1,-1,1,1,-1,1,-1,1,-1,-1,-1,-1,1,1,1,-1,1,1,1,-1,1,1,-1,-1,1,1,1,1,1,1,-1,-1,1,1,1,1,1,-1,1,-1,1,-1,1,1,-1,1,1,-1,1,1,1,-1,1,-1,1,1,1,1,-1,1,1,1,-1,1,1,-1,-1,1,-1,-1,1,1,-1,1,1,-1,-1,1,1,1,1,-1,1,1,1,-1,1,1,-1,1,1,1,-1,-1,1,-1,-1,1,-1,-1,1,1,1,-1,-1,1,1,1,1,-1,-1,1,1,1,-1,1,-1,-1,-1,1,1,1,1,-1,-1,1,1,1,1,1,1,-1,1,1,1,1,1,1,-1,1,1,-1,-1,1,-1,-1,1,-1,1,1,1,1,-1,-1,1,1,-1,1,-1,1,-1,1,1,-1,1,1,-1,-1,1,-2666.0,1,2000,445,500,True
2028,1,1,-1,-1,1,1,-1,1,1,1,1,-1,1,1,1,1,-1,1,-1,-1,-1,1,1,1,1,-1,-1,-1,1,1,1,1,-1,-1,-1,1,-1,1,1,1,-1,-1,1,1,1,1,1,-1,1,1,1,1,-1,1,-1,-1,1,-1,1,1,1,-1,-1,1,1,1,1,1,-1,-1,1,-1,1,1,1,-1,-1,-1,1,1,1,-1,-1,-1,-1,1,1,1,-1,-1,-1,1,-1,1,1,-1,-1,1,-1,1,1,1,-1,-1,1,-1,-1,1,1,-1,-1,-1,-1,-1,1,1,-1,-1,1,-1,-1,1,1,1,-1,-1,-1,-1,1,1,1,-1,1,-1,-1,1,1,1,-1,1,-1,-1,-1,1,1,-1,1,-1,-1,-1,1,1,-1,-1,1,-1,-1,1,1,-1,1,-1,-1,-1,1,1,-1,1,1,-1,1,1,-1,-1,1,-1,-1,1,1,-1,1,-1,1,-1,1,1,-1,1,1,-1,-1,-1,1,1,1,1,1,-1,-1,1,-1,1,1,1,-1,-1,1,1,-1,1,1,-1,1,1,-1,1,1,1,-1,1,1,1,1,1,1,1,-1,1,-1,-1,1,1,-1,-1,1,1,-1,1,1,-1,-1,1,-1,1,1,1,1,-1,1,1,-1,1,1,-1,1,1,-1,1,1,1,-1,-1,1,-1,1,-1,1,1,1,1,-1,1,-1,1,1,1,1,-1,1,-1,1,1,1,1,-1,-1,1,1,1,1,1,1,-1,1,1,-1,-1,1,1,1,-1,1,1,1,1,-1,1,-1,1,1,1,-1,1,1,1,1,1,1,1,-1,-1,-1,1,-1,1,1,1,1,-1,1,1,1,1,1,1,-1,1,1,1,1,1,-1,-1,1,1,1,1,1,-1,1,1,1,-1,1,1,1,-1,1,1,1,1,1,-1,1,1,-1,1,1,1,-1,1,1,1,1,1,1,-1,1,1,1,-1,1,1,-1,1,1,1,1,-1,1,-1,1,-1,1,-1,1,1,1,-1,-1,1,1,-1,1,-1,1,1,1,-1,-1,-1,-1,1,1,1,-1,1,1,-1,1,1,-1,-1,1,1,1,1,1,-1,1,1,1,-1,1,1,1,-1,-1,1,1,1,-1,1,-1,1,1,1,1,1,1,-1,-1,-1,1,-1,1,1,1,-1,1,1,-1,1,1,1,1,-1,1,-1,-1,1,-1,1,-1,1,1,-1,1,1,1,-1,-1,1,-1,1,1,1,-1,1,1,1,-1,1,1,-1,-1,1,-1,1,1,1,-1,1,1,1,1,1,1,-1,1,-1,-1,1,1,-1,-1,1,-1,1,1,1,-1,-1,1,-1,1,1,1,-1,-1,1,-1,-1,1,1,-1,-1,1,-1,1,1,1,1,-1,1,-1,-1,1,1,1,-1,-1,-1,-1,1,1,-1,-1,1,-1,-1,1,-1,1,-1,-1,1,-1,1,-1,1,1,-1,1,-1,-1,1,1,1,-1,1,-1,1,-1,-1,-1,1,-1,1,1,-1,-1,1,1,1,-1,1,-1,1,-1,1,1,1,-1,-1,-1,1,-1,1,1,1,-1,-1,-1,1,1,-1,1,-1,-1,-1,1,1,-1,1,-1,-1,1,1,1,-1,1,-1,-1,-1,-1,1,1,1,-1,1,-1,-1,1,-1,1,-1,1,1,-1,1,-1,1,1,-1,-1,-1,-1,-1,1,1,-1,-1,-1,-1,-1,-1,1,-1,-1,-1,1,1,1,-1,-1,-1,-1,1,1,1,-1,1,-1,1,-1,1,1,1,-1,-1,-1,-1,-1,1,-1,1,-1,-1,1,-1,1,1,-1,1,-1,-1,1,1,1,-1,1,-1,-1,-1,1,1,-1,-1,-1,-1,-1,1,1,-1,1,-1,-1,-1,1,1,-1,-1,1,-1,-1,1,1,-1,-1,-1,-1,-1,1,1,-1,-1,1,-1,-1,-1,-1,1,-1,1,-1,-1,1,-1,-1,1,1,1,-1,1,1,-1,1,-1,1,-1,1,-1,-1,1,-1,1,-1,1,1,-1,1,-1,-1,-1,-1,1,-1,1,-1,1,-1,-1,1,-1,1,-1,1,-1,-1,-1,1,1,-1,-1,-1,-1,1,-1,-1,-1,-1,-1,-1,-1,-1,1,-1,-1,-1,-1,1,1,-1,1,-1,-1,-1,1,-1,-1,1,-1,-1,-1,-1,-1,1,1,-1,-1,-1,-1,-1,1,-1,-1,-1,1,-1,-1,1,-1,1,-1,-1,-1,-1,-1,-1,-1,1,-1,-1,-1,1,1,1,-1,-1,-1,1,-1,-1,-1,-1,-1,-1,-1,1,-1,1,-1,-1,-1,-1,1,-1,1,1,-1,1,-1,-1,1,1,-1,-1,-1,-1,-1,-1,1,1,-1,-1,1,-1,1,1,-1,-1,-1,1,-1,1,1,-1,-1,1,-1,-1,1,1,1,-1,1,-1,1,1,1,-1,-1,1,-1,-1,1,1,1,-1,1,-1,-1,1,1,-1,1,1,-1,-1,1,1,-1,1,1,-1,-1,1,1,-1,1,1,-1,-1,1,1,1,1,1,1,-1,-1,1,1,-1,1,-1,-1,1,-1,1,1,1,1,-1,-1,1,-1,1,1,1,-1,1,1,1,1,-1,1,-1,1,1,1,1,1,1,1,-1,1,1,1,1,-1,1,-1,1,1,1,1,1,-1,1,1,1,1,-1,1,1,-1,1,1,-1,1,1,-1,-1,1,1,1,1,-1,1,-1,1,1,1,-1,-1,1,-1,1,1,1,-1,1,-1,-1,-1,1,1,-1,-1,1,-1,-1,1,1,1,-1,1,-1,-1,1,1,1,-1,1,-1,-1,1,1,-1,-1,-1,1,-1,1,1,-1,1,1,-1,1,1,-1,-1,1,1,-1,-1,1,1,-1,1,1,-1,1,1,-1,-1,1,-1,1,-1,-1,-1,-1,1,-1,-1,1,1,-1,1,1,-1,1,1,1,1,-1,1,-1,1,1,1,-1,-1,1,-1,-1,1,1,-1,-1,1,-1,1,1,1,-1,-1,1,-1,1,1,1,1,-1,1,-1,-1,1,1,-1,-1,-1,1,-1,1,-1,1,-1,1,-1,-1,1,-2666.0,1,2000,445,1500,False
2029,-1,-1,1,1,1,1,-1,1,-1,-1,-1,1,-1,-1,-1,-1,1,-1,1,-1,-1,1,-1,-1,-1,1,-1,-1,-1,-1,-1,-1,1,-1,-1,1,1,-1,-1,1,-1,-1,1,-1,-1,-1,1,1,-1,-1,1,-1,1,1,-1,1,-1,1,-1,-1,1,1,-1,1,-1,-1,-1,1,1,-1,1,-1,-1,-1,1,1,1,1,-1,-1,-1,-1,1,-1,-1,-1,-1,1,1,1,1,-1,-1,-1,1,1,-1,1,-1,1,-1,1,1,1,-1,-1,-1,-1,1,1,1,1,-1,1,-1,1,1,1,1,-1,-1,-1,-1,1,1,1,-1,-1,1,1,1,1,-1,-1,-1,1,1,1,1,-1,-1,-1,1,-1,1,1,1,-1,-1,-1,-1,1,1,1,1,-1,1,1,1,1,-1,1,-1,-1,1,-1,1,-1,1,-1,1,-1,1,1,-1,-1,-1,-1,1,1,-1,1,1,-1,1,-1,1,-1,-1,-1,-1,1,-1,1,-1,-1,1,-1,1,-1,1,-1,-1,1,-1,1,1,1,1,-1,1,-1,1,-1,1,-1,-1,1,-1,1,-1,1,1,-1,1,1,-1,1,-1,1,-1,1,1,1,-1,1,1,-1,1,-1,1,-1,1,-1,-1,1,1,1,-1,-1,1,-1,1,-1,-1,-1,1,-1,-1,1,-1,1,-1,1,1,-1,1,1,-1,-1,1,-1,1,1,1,-1,-1,1,-1,1,1,1,1,-1,-1,1,-1,1,1,1,-1,1,1,-1,1,-1,-1,-1,1,1,1,1,1,-1,-1,1,1,-1,1,1,1,-1,-1,1,1,1,1,1,-1,1,-1,1,1,-1,1,-1,1,-1,1,1,1,1,-1,1,-1,1,1,1,-1,-1,1,1,-1,1,1,-1,1,-1,-1,1,1,1,-1,1,-1,1,-1,1,1,1,1,1,-1,1,1,1,1,1,1,-1,1,-1,1,-1,1,1,-1,1,-1,1,1,-1,1,-1,1,-1,1,1,-1,1,-1,1,1,-1,1,-1,1,-1,-1,1,-1,1,-1,1,-1,1,-1,-1,1,1,-1,-1,1,1,-1,1,-1,1,-1,1,-1,1,1,-1,1,1,1,1,-1,1,-1,1,-1,1,-1,-1,1,-1,1,1,-1,1,-1,1,1,-1,1,-1,-1,-1,1,-1,-1,1,-1,1,-1,-1,1,-1,1,-1,-1,-1,-1,1,-1,1,-1,1,-1,-1,1,-1,1,-1,-1,-1,-1,1,-1,-1,1,1,-1,-1,1,-1,1,1,-1,1,-1,1,-1,1,-1,1,-1,-1,-1,-1,1,-1,-1,1,-1,1,-1,1,-1,1,-1,-1,-1,1,1,-1,1,-1,-1,-1,-1,1,-1,-1,-1,-1,-1,1,-1,1,1,-1,1,-1,-1,1,-1,-1,1,-1,-1,-1,1,-1,1,-1,1,-1,-1,-1,-1,1,-1,1,-1,-1,1,-1,1,1,1,-1,-1,-1,1,1,-1,1,-1,-1,-1,1,1,1,-1,1,1,-1,1,1,1,1,1,1,1,-1,1,1,-1,1,-1,1,-1,-1,1,-1,-1,1,-1,-1,1,-1,-1,-1,1,1,-1,1,1,-1,-1,1,1,-1,-1,1,-1,-1,-1,-1,-1,1,1,-1,-1,-1,-1,-1,1,1,-1,-1,1,1,1,-1,1,-1,1,-1,1,-1,1,1,-1,1,-1,1,-1,-1,1,1,-1,1,1,1,1,1,1,-1,-1,1,-1,1,1,1,-1,-1,1,-1,1,1,-1,-1,1,1,-1,1,1,-1,1,1,-1,1,-1,1,1,-1,1,1,-1,1,1,1,-1,1,1,1,1,1,1,-1,-1,1,1,1,1,1,-1,1,1,-1,1,1,1,-1,-1,1,1,1,-1,1,-1,-1,1,1,1,1,1,-1,-1,-1,1,1,1,1,-1,-1,1,1,1,1,-1,1,-1,1,-1,1,-1,-1,1,-1,1,-1,1,1,-1,-1,1,-1,1,1,-1,-1,-1,-1,1,-1,1,1,-1,1,-1,1,-1,1,-1,1,-1,-1,1,-1,1,1,-1,1,-1,1,-1,1,1,-1,-1,-1,1,-1,1,1,-1,1,1,1,1,1,-1,1,1,-1,1,1,1,1,-1,1,-1,1,-1,1,1,-1,1,1,-1,1,1,1,-1,1,1,-1,1,1,1,-1,1,-1,-1,1,1,-1,1,1,-1,1,-1,1,-1,1,1,1,-1,1,1,1,1,1,1,-1,1,1,-1,1,1,1,1,1,1,-1,1,1,1,-1,1,1,-1,1,1,-1,1,1,1,1,1,1,1,-1,1,1,-1,1,1,-1,1,1,1,-1,1,1,-1,-1,1,-1,-1,1,1,-1,1,1,-1,-1,-1,-1,-1,1,1,1,-1,1,1,-1,1,1,1,-1,1,-1,1,1,1,-1,1,1,-1,-1,1,-1,-1,-1,-1,1,-1,1,1,-1,1,-1,-1,-1,1,1,-1,-1,-1,1,-1,1,1,-1,-1,1,-1,-1,1,1,-1,-1,-1,1,-1,1,1,-1,-1,-1,-1,-1,1,-1,-1,-1,-1,-1,1,1,1,-1,-1,-1,1,-1,1,1,-1,-1,1,-1,1,1,1,1,-1,-1,-1,1,-1,1,-1,-1,-1,-1,1,-1,1,-1,-1,-1,-1,1,-1,1,-1,-1,1,1,1,-1,1,-1,1,-1,1,-1,-1,1,1,-1,1,1,1,-1,1,1,-1,1,-1,1,-1,1,1,-1,1,1,-1,-1,-1,1,-1,1,-1,1,-1,-1,1,-1,1,-1,1,-1,1,1,-1,-1,1,-1,-1,-1,1,-1,1,1,-1,1,1,1,1,1,-1,1,-1,1,-1,1,1,-1,1,-1,-1,-1,-1,1,-1,1,1,1,-1,1,1,1,-1,1,-1,1,1,1,-1,1,1,1,1,-1,1,-1,-1,1,1,1,1,1,-1,-1,1,1,1,1,1,1,-1,1,1,1,1,1,1,-1,1,1,-1,-1,1,-1,-1,1,1,1,1,1,1,-1,1,1,1,-1,1,-1,1,-1,1,1,-1,1,1,-1,1,1,-2666.0,1,2000,445,500,True
2030,1,1,-1,-1,1,1,-1,-1,1,1,1,-1,1,1,-1,1,-1,1,-1,-1,-1,1,1,1,1,-1,-1,-1,1,1,1,1,1,-1,-1,-1,1,-1,1,1,-1,-1,1,1,1,1,1,-1,1,1,1,1,-1,1,-1,-1,1,-1,1,1,1,-1,-1,1,1,1,1,1,-1,-1,1,1,1,1,1,-1,-1,-1,1,1,1,-1,-1,-1,1,1,1,1,-1,-1,-1,1,1,1,1,-1,-1,1,1,-1,1,1,-1,-1,1,1,1,1,1,-1,-1,-1,1,1,1,1,-1,-1,1,1,1,1,1,1,-1,-1,1,1,-1,1,1,-1,1,1,1,1,1,1,-1,1,1,1,1,1,1,-1,1,1,1,1,1,1,-1,-1,-1,1,1,1,1,-1,1,1,1,1,-1,1,-1,1,-1,1,1,1,-1,-1,1,1,1,1,1,-1,1,-1,-1,1,-1,1,-1,1,1,1,1,1,1,1,1,1,-1,1,-1,1,-1,1,1,-1,1,-1,1,1,-1,1,-1,1,-1,1,-1,1,1,-1,1,-1,1,1,1,1,-1,-1,1,1,-1,-1,1,-1,1,-1,-1,1,-1,1,-1,1,-1,1,-1,1,1,-1,-1,-1,1,-1,-1,1,-1,1,1,1,-1,1,1,-1,1,-1,1,-1,1,-1,1,-1,1,1,-1,1,-1,-1,-1,1,1,-1,1,-1,-1,-1,1,1,1,-1,1,1,-1,-1,1,-1,-1,1,1,-1,1,1,1,-1,-1,1,-1,1,1,-1,1,-1,1,1,1,1,-1,-1,-1,1,-1,-1,1,-1,1,-1,1,1,-1,1,1,1,-1,1,1,1,1,1,-1,-1,1,-1,1,1,-1,1,-1,1,-1,1,1,1,-1,1,1,-1,-1,1,1,-1,1,1,-1,1,1,1,1,1,1,-1,1,1,1,1,1,1,-1,1,1,1,1,1,1,1,-1,1,1,1,1,1,-1,1,-1,1,-1,1,1,1,-1,1,1,1,1,1,1,-1,1,1,1,1,1,1,-1,-1,-1,-1,1,1,1,-1,1,1,-1,1,1,-1,-1,1,1,1,1,1,-1,1,1,1,-1,1,1,1,1,-1,1,1,1,-1,1,-1,1,-1,1,1,1,1,-1,-1,-1,1,-1,-1,1,1,-1,1,1,1,1,1,1,1,-1,1,-1,-1,1,-1,1,-1,1,-1,-1,1,1,1,-1,-1,1,-1,1,1,1,-1,1,1,1,-1,1,1,-1,1,-1,-1,1,1,1,-1,-1,-1,1,1,1,1,-1,1,-1,-1,1,1,-1,1,1,-1,1,1,1,-1,-1,1,-1,1,1,1,-1,1,-1,-1,-1,1,1,-1,-1,1,-1,1,1,1,1,-1,-1,-1,-1,1,1,1,-1,-1,-1,-1,1,1,-1,-1,1,-1,-1,1,-1,1,-1,-1,1,-1,1,-1,1,-1,-1,1,-1,-1,1,1,1,-1,1,-1,1,-1,-1,-1,1,-1,-1,-1,1,-1,-1,1,1,-1,1,1,-1,1,1,1,-1,1,1,-1,-1,-1,1,1,-1,1,-1,-1,1,1,-1,-1,1,-1,-1,1,1,1,-1,1,-1,-1,1,1,-1,-1,1,-1,-1,-1,1,1,-1,1,-1,-1,-1,1,-1,-1,1,-1,1,-1,1,1,-1,-1,1,-1,-1,-1,-1,-1,1,1,1,-1,-1,1,-1,-1,1,-1,-1,1,-1,-1,1,1,-1,-1,1,-1,-1,1,1,-1,1,-1,1,-1,-1,1,1,-1,-1,-1,-1,1,1,-1,-1,1,-1,-1,-1,1,1,-1,-1,-1,-1,-1,1,-1,-1,-1,-1,-1,1,1,1,-1,-1,-1,-1,-1,1,1,-1,-1,-1,-1,-1,1,1,1,-1,-1,-1,-1,1,1,-1,-1,-1,-1,1,1,1,1,-1,-1,1,1,1,1,1,-1,-1,-1,1,1,1,-1,1,-1,1,1,1,1,-1,1,-1,-1,1,-1,1,-1,1,-1,-1,1,-1,1,-1,-1,-1,-1,1,-1,1,-1,1,1,-1,1,-1,1,-1,1,1,-1,1,-1,1,-1,-1,-1,-1,1,1,-1,-1,-1,-1,-1,1,-1,1,-1,-1,-1,-1,-1,-1,-1,1,-1,-1,-1,1,-1,-1,1,-1,-1,-1,-1,-1,-1,1,-1,-1,-1,-1,-1,1,-1,-1,-1,1,-1,-1,1,-1,1,-1,-1,-1,-1,-1,-1,-1,1,-1,-1,-1,1,1,-1,-1,-1,1,-1,-1,-1,-1,-1,1,-1,-1,1,-1,1,-1,-1,-1,-1,1,-1,1,1,-1,1,-1,-1,1,1,-1,-1,-1,-1,-1,-1,1,1,-1,-1,1,-1,1,1,-1,-1,-1,-1,-1,1,1,-1,-1,1,1,-1,1,1,1,-1,-1,-1,1,1,1,-1,-1,1,-1,-1,1,1,1,-1,1,-1,-1,1,1,-1,1,1,1,-1,1,1,1,1,1,1,-1,1,1,1,1,1,1,-1,1,1,1,1,1,-1,-1,1,1,1,1,1,1,-1,1,-1,1,1,1,1,-1,-1,1,-1,1,1,1,-1,1,1,1,1,-1,1,-1,1,1,1,1,1,1,-1,-1,1,1,1,1,-1,1,-1,1,1,1,1,-1,1,-1,1,1,1,-1,-1,1,-1,1,1,-1,1,-1,-1,-1,1,1,1,-1,1,-1,-1,1,1,1,-1,-1,-1,-1,1,1,1,-1,-1,-1,-1,-1,1,1,-1,1,-1,-1,-1,1,1,-1,1,-1,-1,1,1,1,1,1,1,-1,-1,1,1,-1,-1,1,1,1,1,1,-1,1,-1,-1,1,1,-1,-1,1,-1,-1,-1,1,1,-1,1,1,1,1,1,-1,-1,-1,-1,1,-1,-1,-1,-1,1,-1,1,1,1,-1,1,1,-1,1,1,1,1,-1,1,-1,1,1,1,-1,-1,1,-1,1,1,1,-1,-1,1,-1,1,1,1,-1,-1,1,-1,1,1,1,1,-1,1,-1,-1,1,1,-1,-1,-1,1,-1,1,1,1,-1,1,-1,-1,1,-2666.0,1,2000,445,500,False
2031,-1,-1,1,1,1,1,-1,1,-1,-1,-1,1,-1,1,-1,-1,1,-1,1,1,-1,-1,-1,-1,-1,1,-1,-1,-1,-1,-1,-1,1,1,-1,-1,1,-1,-1,-1,1,-1,-1,-1,-1,-1,-1,-1,1,1,-1,-1,1,-1,1,-1,-1,1,-1,-1,-1,1,1,1,-1,-1,-1,-1,-1,-1,-1,1,-1,-1,-1,-1,-1,-1,1,-1,-1,1,1,-1,1,-1,-1,-1,-1,1,-1,-1,1,-1,-1,-1,-1,1,1,1,-1,-1,-1,-1,1,1,1,-1,-1,-1,-1,1,1,1,-1,-1,-1,-1,1,1,1,-1,-1,-1,-1,1,1,1,-1,-1,-1,-1,-1,1,1,-1,-1,-1,-1,-1,1,1,1,-1,-1,-1,1,1,1,1,-1,-1,-1,-1,-1,1,1,-1,-1,-1,1,1,1,1,-1,-1,1,-1,-1,1,-1,-1,-1,-1,-1,1,1,1,-1,-1,-1,1,-1,1,-1,-1,-1,-1,-1,1,1,1,-1,1,-1,-1,-1,1,-1,-1,-1,1,-1,-1,1,-1,-1,-1,-1,-1,-1,1,-1,-1,-1,1,-1,-1,1,-1,1,1,1,-1,-1,-1,1,1,-1,-1,-1,-1,1,-1,1,1,-1,-1,-1,1,-1,1,-1,1,-1,-1,-1,-1,1,-1,-1,-1,-1,1,1,1,-1,1,-1,-1,1,-1,1,-1,1,-1,1,-1,1,1,-1,1,-1,-1,-1,1,1,-1,-1,-1,-1,-1,1,1,1,-1,-1,1,-1,-1,1,-1,-1,-1,1,-1,1,1,1,1,1,1,-1,1,1,-1,1,-1,1,1,-1,1,-1,1,1,1,-1,-1,1,-1,-1,1,1,1,-1,1,1,-1,1,1,-1,-1,1,1,1,1,1,-1,1,1,-1,1,-1,1,-1,1,1,-1,-1,1,1,-1,-1,1,1,1,-1,1,-1,1,1,1,-1,1,1,-1,1,1,1,-1,1,-1,-1,1,1,1,-1,1,-1,-1,-1,1,1,-1,1,-1,-1,1,-1,1,-1,1,1,-1,-1,1,1,1,-1,1,-1,-1,1,1,-1,1,-1,-1,-1,-1,-1,-1,1,1,-1,-1,1,1,-1,1,-1,-1,-1,1,1,1,1,-1,-1,1,1,1,-1,1,-1,-1,-1,-1,1,1,-1,1,-1,-1,1,1,1,-1,-1,-1,1,-1,-1,1,-1,1,-1,-1,1,-1,1,-1,-1,-1,1,1,-1,1,-1,1,-1,-1,1,-1,1,1,-1,-1,-1,1,-1,-1,1,1,-1,-1,1,-1,1,1,-1,1,-1,1,-1,-1,1,1,-1,-1,1,-1,1,1,-1,-1,1,1,-1,1,-1,1,-1,1,-1,-1,1,-1,1,-1,1,-1,-1,1,-1,-1,-1,1,-1,-1,1,1,1,-1,1,-1,-1,1,-1,-1,1,-1,1,-1,1,1,1,-1,1,1,-1,-1,-1,1,-1,1,-1,-1,1,-1,1,1,1,1,-1,-1,1,1,-1,1,1,1,-1,1,1,1,-1,1,1,-1,1,1,1,1,-1,-1,1,-1,-1,-1,1,-1,-1,1,1,1,-1,1,-1,1,-1,-1,-1,1,1,-1,1,1,-1,1,-1,1,-1,1,1,-1,1,-1,1,-1,-1,-1,-1,1,-1,1,-1,-1,-1,-1,1,-1,1,-1,1,1,1,1,-1,1,-1,1,1,-1,1,-1,1,-1,-1,1,-1,1,-1,-1,1,1,1,1,1,-1,1,1,1,1,-1,1,-1,-1,1,1,1,-1,-1,-1,1,1,1,1,-1,-1,-1,1,-1,1,-1,1,1,-1,-1,1,1,1,-1,-1,-1,1,1,1,1,1,1,-1,-1,1,1,1,1,-1,-1,-1,1,1,1,-1,1,-1,1,1,1,1,1,1,-1,-1,1,1,1,1,1,-1,-1,1,1,-1,1,1,-1,-1,1,1,1,1,1,-1,1,1,1,1,-1,1,1,1,-1,1,1,-1,1,-1,1,1,1,1,1,1,1,1,1,1,1,-1,1,1,1,-1,1,-1,-1,1,-1,1,-1,1,1,1,1,1,1,-1,1,1,-1,1,-1,1,1,1,1,-1,1,1,1,-1,1,1,-1,1,1,1,1,-1,-1,-1,1,1,1,-1,1,-1,-1,1,1,-1,-1,-1,1,-1,1,1,-1,-1,-1,1,-1,1,1,1,-1,1,1,-1,1,1,-1,-1,1,-1,-1,1,1,-1,-1,1,-1,1,1,1,-1,-1,-1,-1,-1,1,1,-1,-1,1,1,-1,1,1,1,-1,-1,-1,-1,1,1,-1,-1,1,1,1,1,1,-1,-1,1,-1,1,1,1,1,-1,-1,1,1,1,1,1,-1,-1,-1,1,-1,1,1,1,-1,1,1,1,1,1,-1,-1,1,1,1,1,1,1,-1,1,1,-1,1,-1,-1,1,1,1,1,1,1,-1,-1,1,1,1,1,-1,-1,-1,1,1,1,1,1,1,-1,1,1,1,1,1,1,-1,1,1,1,1,1,1,-1,1,1,-1,1,1,1,-1,-1,1,-1,1,1,1,-1,1,-1,1,1,1,1,-1,-1,1,-1,1,1,1,-1,1,1,-1,1,-1,1,1,1,1,-1,1,1,1,1,-1,1,1,1,1,-1,1,-1,1,1,1,1,1,-1,1,1,1,1,1,1,1,-1,1,1,-1,1,1,-1,-1,1,-1,1,-1,1,1,-1,1,-1,1,-1,-1,1,-1,1,-1,1,1,1,-1,-1,-1,1,1,1,-1,1,-1,-1,-1,1,1,-1,1,-1,-1,-1,1,-1,1,-1,-1,-1,1,1,1,1,-1,1,-1,1,1,1,-1,1,-1,1,1,1,1,-1,1,-1,-1,-1,1,1,-1,1,-1,1,1,-1,1,1,-1,1,-1,-1,1,1,-1,1,-1,1,1,-1,1,-1,-1,1,1,1,1,1,-1,-1,1,1,1,1,1,1,-1,-1,1,1,1,1,1,-1,1,1,1,1,1,1,-1,1,1,1,-1,1,1,-1,-1,1,1,-1,1,1,1,-1,1,1,-1,1,1,-1,1,1,-2666.0,1,2000,445,500,True
2032,1,1,-1,-1,1,1,-1,-1,1,1,1,-1,-1,1,1,1,-1,1,-1,-1,1,-1,1,1,1,1,-1,-1,1,1,1,1,-1,-1,-1,-1,1,-1,1,1,-1,-1,-1,1,1,1,1,-1,1,1,1,1,-1,1,-1,-1,1,-1,1,1,1,-1,-1,-1,1,1,1,1,-1,-1,-1,1,1,1,1,-1,-1,-1,1,1,1,-1,-1,-1,1,1,1,1,-1,-1,-1,1,1,1,1,-1,-1,1,1,-1,1,1,-1,-1,1,1,1,1,1,-1,-1,1,1,-1,1,1,-1,-1,1,1,1,1,1,1,-1,1,1,1,-1,1,1,-1,1,1,1,1,1,1,-1,-1,1,1,1,1,1,-1,1,1,1,1,1,1,-1,-1,-1,1,1,1,1,-1,1,1,1,1,-1,1,-1,1,-1,1,1,1,-1,-1,1,1,1,1,1,-1,1,-1,-1,1,1,1,-1,1,1,1,1,-1,1,1,1,1,-1,1,-1,1,-1,1,1,-1,1,-1,1,1,-1,1,-1,1,-1,1,-1,1,1,-1,-1,-1,1,1,1,1,-1,-1,1,1,-1,-1,1,-1,1,1,-1,1,-1,1,-1,1,-1,1,-1,-1,1,-1,-1,1,-1,1,-1,1,-1,1,1,1,-1,1,1,-1,1,-1,1,-1,1,-1,1,-1,1,1,-1,1,-1,-1,1,-1,1,-1,1,-1,-1,-1,-1,1,-1,-1,1,1,-1,1,1,1,-1,1,1,-1,1,1,1,1,-1,1,-1,1,1,-1,1,-1,1,1,1,-1,1,1,1,1,-1,-1,1,-1,-1,1,1,1,-1,1,1,1,-1,1,1,1,1,1,1,-1,1,-1,1,1,1,-1,-1,1,-1,1,1,1,-1,1,1,-1,-1,1,1,1,-1,1,-1,1,1,1,-1,1,1,-1,1,1,1,-1,1,1,-1,1,1,1,-1,1,1,-1,-1,1,1,-1,1,1,-1,1,-1,1,-1,1,1,1,-1,1,1,1,1,1,1,-1,1,1,-1,1,1,1,-1,-1,-1,-1,1,1,1,-1,1,1,-1,1,1,-1,-1,1,1,1,1,1,-1,1,1,1,-1,1,1,1,-1,-1,1,1,1,-1,1,-1,1,1,1,1,1,1,-1,-1,-1,1,-1,-1,1,1,-1,1,1,1,1,1,1,1,-1,1,-1,-1,1,-1,1,-1,1,1,1,1,1,1,-1,-1,1,-1,1,1,1,-1,1,1,1,-1,1,1,-1,-1,1,-1,1,1,1,-1,1,1,1,1,1,1,-1,1,-1,1,1,1,1,-1,1,-1,1,1,1,-1,-1,1,-1,1,1,1,-1,-1,1,-1,-1,1,1,-1,-1,1,-1,1,1,1,1,-1,1,1,-1,1,1,1,-1,-1,-1,-1,1,1,-1,-1,1,-1,-1,1,-1,1,-1,-1,1,-1,1,-1,1,-1,-1,1,-1,-1,1,1,1,-1,1,-1,1,-1,1,1,1,-1,-1,-1,1,-1,-1,1,1,1,-1,1,-1,1,1,1,-1,1,1,-1,1,-1,1,-1,-1,1,-1,-1,1,1,1,-1,1,-1,-1,1,1,-1,-1,1,-1,-1,1,1,-1,-1,1,-1,-1,-1,1,1,-1,1,-1,-1,-1,1,-1,-1,1,-1,1,-1,1,1,-1,-1,1,-1,-1,-1,-1,-1,1,1,1,-1,-1,1,-1,-1,1,-1,-1,1,-1,-1,1,1,-1,-1,1,1,-1,1,1,-1,1,-1,1,-1,-1,1,1,-1,-1,-1,-1,-1,1,-1,-1,1,-1,-1,-1,1,1,-1,-1,-1,-1,-1,1,-1,-1,-1,-1,-1,-1,1,1,-1,-1,-1,-1,-1,1,1,-1,-1,-1,-1,-1,1,1,1,-1,-1,-1,-1,1,1,-1,-1,-1,-1,1,-1,1,1,-1,-1,1,1,-1,1,1,-1,-1,-1,1,1,1,-1,1,-1,1,-1,1,1,-1,1,-1,-1,1,-1,1,-1,1,-1,-1,1,-1,1,-1,-1,-1,-1,-1,-1,1,-1,1,1,-1,1,-1,1,-1,1,1,1,-1,1,1,-1,-1,-1,-1,1,-1,-1,-1,-1,-1,-1,1,-1,1,-1,-1,-1,-1,1,1,-1,1,-1,-1,-1,1,-1,-1,1,-1,-1,-1,-1,1,-1,1,-1,-1,-1,-1,-1,1,-1,-1,-1,1,-1,-1,1,-1,1,-1,-1,-1,-1,-1,-1,-1,1,-1,-1,-1,1,1,1,-1,-1,1,1,-1,-1,-1,-1,1,-1,-1,1,-1,1,-1,-1,-1,-1,1,-1,1,1,-1,1,-1,-1,1,1,-1,-1,-1,-1,-1,-1,1,1,-1,-1,1,-1,1,1,-1,-1,-1,1,-1,1,1,-1,-1,1,-1,-1,1,1,1,-1,1,-1,1,1,1,-1,-1,1,-1,-1,1,1,1,-1,1,-1,-1,1,1,-1,1,1,-1,-1,1,1,-1,1,1,-1,-1,1,1,-1,1,1,-1,-1,1,1,1,1,-1,1,-1,-1,1,1,-1,1,-1,-1,1,-1,1,1,1,1,-1,-1,1,-1,1,1,1,-1,1,1,1,1,-1,1,-1,1,1,1,1,1,1,1,-1,1,1,1,1,-1,1,-1,1,1,1,1,1,-1,1,1,1,1,-1,1,1,-1,1,1,-1,1,1,-1,-1,1,1,1,1,-1,1,-1,1,1,1,-1,-1,1,-1,1,1,1,-1,1,-1,-1,-1,1,1,-1,-1,1,-1,-1,1,1,1,-1,1,-1,-1,1,1,1,-1,1,-1,-1,1,1,-1,-1,-1,1,-1,1,1,-1,1,1,-1,1,1,-1,-1,1,-1,-1,-1,1,1,-1,1,1,-1,1,1,-1,-1,-1,-1,1,-1,-1,-1,-1,1,-1,-1,1,1,-1,1,1,-1,1,1,1,1,-1,1,-1,1,1,1,1,-1,1,-1,-1,1,1,1,-1,1,-1,1,1,1,1,-1,1,-1,1,1,-1,-1,-1,1,-1,-1,1,1,-1,-1,-1,1,-1,1,-1,1,-1,1,-1,-1,1,-2666.0,1,2000,445,500,False
2033,1,1,-1,-1,1,1,-1,-1,1,1,1,-1,-1,1,1,1,-1,1,-1,-1,-1,-1,1,1,1,-1,-1,-1,1,1,1,1,1,-1,-1,-1,1,-1,1,1,-1,-1,-1,1,1,1,1,-1,1,1,1,1,-1,1,-1,-1,1,-1,1,1,-1,-1,-1,-1,1,1,1,1,-1,-1,-1,1,1,1,1,-1,-1,-1,1,1,1,-1,-1,-1,1,1,1,1,-1,-1,-1,1,1,1,1,-1,-1,1,1,-1,1,1,-1,-1,1,1,1,1,1,-1,-1,-1,1,1,1,1,-1,-1,1,1,1,1,1,1,-1,-1,1,1,-1,1,1,-1,1,1,1,1,1,1,-1,1,1,1,1,1,1,-1,1,1,1,1,1,1,-1,-1,-1,1,1,1,1,-1,1,1,1,1,-1,1,-1,1,-1,1,1,1,-1,-1,1,1,1,1,1,-1,1,-1,-1,1,1,1,-1,1,1,1,1,-1,1,1,1,1,-1,1,-1,1,-1,1,1,-1,1,-1,1,1,-1,1,-1,1,-1,1,-1,1,1,-1,1,-1,1,1,1,1,-1,-1,1,1,-1,-1,1,-1,1,-1,1,1,1,1,-1,1,-1,1,-1,1,1,-1,-1,-1,1,1,-1,1,-1,1,1,1,-1,1,1,-1,-1,-1,1,-1,1,-1,1,-1,1,1,-1,1,-1,-1,-1,-1,1,-1,1,-1,-1,-1,-1,1,-1,-1,1,1,-1,1,1,1,-1,1,1,-1,1,1,1,-1,-1,1,-1,1,1,-1,1,-1,1,-1,1,-1,1,-1,-1,1,-1,-1,1,-1,1,-1,1,1,-1,1,1,1,-1,1,1,1,1,1,-1,-1,1,-1,1,1,1,1,-1,1,-1,1,1,1,-1,1,1,-1,-1,1,1,-1,-1,1,-1,1,1,1,1,1,1,-1,1,1,1,1,1,1,-1,1,1,1,1,1,1,1,-1,1,1,1,1,1,-1,1,-1,1,1,1,1,1,-1,1,1,1,1,1,1,-1,1,1,1,-1,1,1,-1,-1,-1,-1,1,1,1,-1,1,1,-1,1,1,-1,-1,1,1,1,1,1,-1,1,1,1,-1,1,1,1,-1,-1,1,1,1,-1,1,-1,1,-1,1,1,1,1,-1,1,-1,1,-1,-1,1,1,-1,1,1,1,1,1,1,1,-1,1,-1,-1,1,-1,1,-1,1,-1,-1,1,1,1,-1,-1,1,-1,1,1,1,-1,1,1,1,-1,1,1,-1,1,-1,-1,1,1,1,1,-1,-1,1,1,1,1,-1,1,-1,1,1,1,-1,1,1,-1,1,1,1,-1,-1,1,-1,1,1,1,-1,1,-1,-1,-1,1,1,-1,-1,1,-1,1,1,1,1,-1,-1,-1,-1,1,1,1,-1,-1,-1,1,1,1,-1,-1,1,-1,-1,1,-1,1,-1,-1,1,-1,1,-1,1,-1,-1,1,-1,-1,1,1,1,-1,1,-1,1,-1,1,-1,1,-1,-1,-1,1,-1,-1,1,1,1,-1,1,-1,1,1,1,-1,1,1,-1,-1,-1,1,-1,-1,1,-1,-1,1,1,1,-1,1,-1,-1,1,1,-1,-1,1,-1,-1,1,1,-1,-1,1,-1,-1,-1,1,1,-1,1,1,-1,-1,1,-1,-1,1,-1,1,-1,1,1,-1,-1,1,-1,-1,-1,-1,-1,1,1,1,-1,-1,1,-1,-1,1,-1,-1,1,-1,-1,1,1,-1,-1,1,-1,-1,1,1,-1,1,-1,1,-1,-1,1,1,-1,-1,-1,-1,1,1,-1,-1,1,-1,-1,-1,1,1,-1,-1,-1,-1,-1,1,-1,-1,-1,-1,-1,1,1,1,-1,-1,-1,-1,-1,1,1,-1,-1,-1,-1,-1,1,1,1,-1,-1,-1,-1,1,1,-1,-1,-1,-1,1,-1,1,1,-1,-1,1,1,-1,1,1,-1,-1,-1,1,1,1,1,1,-1,1,1,1,1,-1,1,-1,-1,1,-1,1,-1,1,-1,-1,1,-1,1,-1,-1,-1,-1,1,-1,1,-1,1,1,-1,1,-1,1,-1,1,1,1,-1,-1,1,-1,-1,-1,-1,1,-1,-1,-1,-1,-1,-1,1,-1,1,-1,-1,-1,-1,1,1,-1,1,-1,-1,-1,1,1,-1,1,-1,-1,-1,-1,-1,1,1,-1,-1,-1,-1,-1,1,-1,-1,-1,1,-1,-1,1,-1,1,-1,-1,-1,-1,-1,-1,-1,1,-1,-1,-1,1,1,-1,-1,-1,-1,1,-1,-1,-1,-1,1,-1,-1,1,-1,1,-1,-1,-1,-1,1,1,1,1,-1,1,-1,-1,-1,1,-1,-1,-1,-1,-1,-1,1,1,-1,-1,1,-1,1,1,-1,-1,-1,1,-1,1,1,-1,-1,1,-1,-1,1,1,1,-1,1,-1,1,1,1,-1,-1,1,-1,-1,1,1,1,-1,1,-1,-1,1,1,-1,1,1,-1,-1,1,1,1,1,1,-1,-1,1,1,1,1,1,-1,-1,1,1,1,1,-1,1,-1,1,1,1,-1,1,-1,-1,1,-1,1,1,1,1,-1,-1,1,-1,1,-1,1,-1,1,1,1,1,-1,1,-1,1,1,1,1,1,1,-1,-1,1,1,1,1,-1,1,-1,1,1,1,1,-1,1,-1,1,1,1,-1,-1,1,-1,1,1,-1,1,-1,-1,-1,1,1,1,-1,1,-1,-1,1,1,1,-1,-1,-1,-1,1,1,1,-1,-1,1,-1,-1,1,1,-1,1,-1,-1,-1,1,1,-1,1,1,-1,1,1,1,1,1,1,-1,-1,1,1,-1,-1,1,1,1,1,1,-1,1,-1,-1,1,1,-1,-1,1,-1,-1,-1,1,1,-1,1,-1,1,1,1,-1,-1,1,-1,1,-1,-1,-1,-1,1,-1,1,1,1,-1,1,1,-1,1,1,1,1,-1,1,-1,1,1,1,-1,-1,1,-1,1,1,1,-1,-1,1,-1,1,1,1,-1,-1,1,-1,1,1,1,1,-1,1,-1,-1,1,1,-1,-1,-1,1,-1,1,1,1,-1,1,-1,-1,1,-2666.0,1,2000,445,500,False
2034,1,1,-1,-1,1,-1,-1,1,1,1,1,-1,1,1,1,1,-1,1,-1,-1,-1,1,1,1,1,-1,-1,-1,1,1,1,1,1,-1,-1,1,-1,1,1,1,-1,-1,1,1,1,1,1,-1,1,-1,1,1,-1,1,-1,-1,1,-1,1,1,-1,-1,-1,-1,1,1,1,1,-1,-1,1,-1,1,1,1,-1,-1,1,-1,1,1,-1,-1,-1,-1,1,1,1,-1,-1,1,1,-1,1,1,-1,-1,-1,-1,1,1,1,-1,-1,1,-1,-1,1,1,-1,-1,-1,-1,-1,1,1,-1,-1,1,-1,-1,1,1,1,-1,-1,-1,-1,1,1,1,-1,1,-1,-1,1,1,1,-1,1,-1,-1,-1,1,1,-1,1,-1,-1,-1,1,1,-1,-1,1,-1,-1,1,1,-1,1,1,-1,-1,1,1,-1,1,1,-1,1,1,-1,-1,1,-1,-1,1,1,-1,1,-1,1,-1,1,1,-1,1,1,-1,-1,-1,1,1,1,1,1,-1,-1,1,-1,1,1,1,-1,-1,1,1,-1,1,1,-1,1,1,-1,1,1,1,-1,1,1,1,1,1,1,1,-1,1,-1,-1,1,1,-1,-1,1,1,1,1,1,-1,-1,1,-1,1,1,1,1,-1,1,1,-1,1,1,-1,1,1,-1,1,1,1,-1,-1,1,-1,1,-1,1,1,1,1,-1,1,-1,1,1,1,1,-1,1,-1,1,1,1,1,-1,-1,1,1,1,1,1,1,-1,1,1,-1,-1,1,1,-1,-1,1,1,1,1,-1,1,-1,1,1,1,-1,1,-1,-1,1,1,1,1,-1,1,-1,1,-1,1,1,1,1,-1,1,1,1,1,1,1,-1,1,1,1,1,1,1,-1,1,1,1,1,1,-1,1,1,1,-1,1,1,-1,-1,1,1,1,1,1,1,1,1,-1,1,1,1,1,1,1,1,1,1,1,1,1,1,1,-1,1,1,-1,1,1,1,1,-1,1,-1,1,1,1,-1,1,1,1,1,1,1,1,-1,1,1,-1,1,1,-1,-1,-1,-1,1,1,1,-1,1,1,-1,1,1,-1,-1,1,1,1,1,1,-1,1,1,1,-1,1,1,1,-1,-1,1,1,1,-1,1,-1,1,1,1,1,1,1,-1,-1,-1,1,-1,-1,1,1,-1,1,1,1,1,1,1,1,-1,1,-1,-1,1,-1,1,-1,1,1,-1,1,1,1,-1,-1,1,-1,1,1,1,-1,1,1,1,-1,1,1,-1,-1,1,-1,1,1,1,-1,1,1,1,1,1,1,-1,1,-1,1,1,1,-1,-1,1,-1,1,1,1,-1,-1,1,-1,1,1,1,-1,-1,1,-1,-1,1,1,-1,-1,1,-1,1,1,1,1,-1,1,-1,-1,1,1,1,-1,-1,-1,-1,1,1,-1,-1,1,-1,-1,1,-1,1,-1,-1,1,-1,1,-1,1,-1,-1,1,-1,-1,1,1,1,-1,1,-1,1,-1,-1,1,1,-1,1,1,-1,-1,-1,1,1,-1,1,-1,1,-1,1,1,1,-1,-1,-1,1,-1,1,-1,1,-1,-1,-1,1,1,-1,1,-1,-1,-1,1,1,-1,1,-1,-1,-1,1,1,-1,1,-1,-1,-1,-1,1,1,1,-1,1,-1,-1,1,-1,1,-1,-1,1,-1,1,-1,1,1,-1,-1,-1,-1,-1,1,1,-1,1,-1,-1,-1,1,1,-1,-1,-1,1,1,1,-1,-1,-1,-1,1,1,1,-1,1,-1,1,-1,1,1,1,-1,-1,-1,-1,-1,1,-1,1,-1,-1,1,-1,1,1,-1,1,-1,-1,1,1,1,-1,1,-1,-1,-1,1,1,-1,1,-1,-1,-1,1,1,-1,1,-1,-1,-1,1,1,-1,-1,1,-1,-1,1,1,-1,-1,-1,-1,-1,1,1,1,-1,1,-1,-1,-1,-1,1,-1,1,-1,-1,1,-1,-1,1,-1,1,-1,1,1,-1,1,-1,1,-1,1,-1,-1,1,-1,1,-1,1,1,-1,1,-1,-1,-1,-1,1,-1,1,-1,1,-1,-1,1,-1,1,-1,1,-1,-1,-1,1,1,-1,-1,-1,-1,1,-1,-1,-1,-1,-1,-1,-1,-1,1,-1,-1,-1,-1,1,1,-1,1,-1,-1,-1,1,-1,-1,1,-1,-1,-1,-1,-1,1,1,-1,-1,-1,-1,-1,1,-1,-1,-1,1,-1,-1,1,-1,1,-1,-1,-1,-1,-1,-1,-1,1,-1,-1,-1,1,1,-1,-1,-1,-1,1,-1,-1,-1,-1,-1,-1,-1,1,-1,1,-1,-1,-1,-1,1,-1,1,1,-1,1,-1,-1,1,1,-1,-1,-1,-1,-1,-1,1,1,-1,-1,1,-1,1,1,-1,-1,-1,1,-1,1,1,-1,-1,1,-1,-1,1,1,1,-1,1,-1,1,1,1,-1,-1,1,-1,-1,1,-1,1,-1,1,-1,-1,1,1,-1,1,1,-1,-1,1,1,1,1,1,-1,-1,1,1,1,1,1,-1,-1,1,1,1,1,-1,1,-1,-1,1,1,-1,1,-1,-1,1,-1,1,1,1,1,-1,-1,1,-1,1,-1,1,-1,1,1,1,1,-1,1,-1,1,1,1,1,1,1,-1,-1,1,1,1,1,-1,1,-1,1,1,1,1,1,-1,1,1,1,1,-1,-1,1,-1,1,1,-1,1,-1,-1,-1,1,1,1,-1,1,1,-1,1,1,1,-1,-1,1,-1,1,1,1,-1,-1,1,-1,-1,1,1,-1,1,-1,-1,-1,1,1,-1,1,-1,1,-1,1,1,1,1,1,-1,-1,1,1,-1,-1,1,1,-1,-1,1,-1,1,-1,-1,1,1,-1,-1,1,-1,-1,-1,1,1,-1,1,1,-1,1,1,-1,-1,1,-1,1,-1,-1,-1,-1,1,-1,-1,1,1,-1,1,1,-1,1,1,1,1,-1,1,-1,1,1,1,-1,-1,1,-1,-1,1,1,-1,-1,1,-1,1,1,1,-1,-1,1,-1,1,1,1,1,-1,1,-1,-1,1,1,1,-1,-1,1,-1,1,1,1,-1,1,-1,-1,1,-2666.0,1,2000,445,500,False
2035,1,1,-1,-1,1,-1,-1,-1,1,1,1,-1,1,1,1,1,-1,1,-1,-1,-1,-1,1,1,1,-1,-1,-1,1,1,1,1,-1,-1,-1,-1,1,1,1,1,-1,-1,-1,1,1,1,1,-1,1,1,1,1,-1,1,-1,-1,1,-1,1,1,1,-1,-1,-1,1,1,1,1,-1,-1,-1,1,1,1,1,-1,-1,-1,1,1,1,-1,-1,-1,1,1,1,1,-1,-1,-1,1,1,1,1,-1,-1,1,1,-1,1,1,-1,-1,1,1,1,1,1,-1,-1,1,1,1,1,1,-1,-1,1,1,1,1,1,1,-1,1,1,1,-1,1,1,-1,1,1,1,1,1,1,-1,-1,1,1,1,1,1,-1,1,1,1,1,1,1,-1,-1,-1,1,1,1,1,-1,1,1,1,1,-1,1,-1,1,-1,1,1,1,-1,-1,1,1,1,1,1,-1,1,-1,-1,1,1,1,-1,1,1,1,1,-1,1,1,1,1,-1,1,-1,1,-1,1,1,-1,1,-1,1,1,-1,1,-1,1,-1,1,-1,1,1,-1,-1,-1,1,1,1,1,-1,-1,1,1,-1,-1,1,-1,1,-1,1,1,-1,1,-1,1,-1,1,-1,1,1,-1,-1,-1,1,1,-1,1,-1,1,1,1,-1,1,1,-1,1,-1,1,-1,1,-1,1,-1,1,1,-1,1,-1,-1,-1,1,1,-1,1,-1,-1,-1,1,1,-1,-1,1,1,-1,-1,1,1,-1,1,1,-1,1,1,1,1,-1,1,-1,1,1,-1,1,-1,1,-1,1,1,1,1,1,1,-1,-1,1,-1,-1,-1,1,1,-1,1,1,1,-1,1,1,1,1,1,1,-1,1,-1,1,1,1,-1,-1,1,-1,1,1,1,-1,1,1,-1,-1,1,1,1,-1,1,-1,1,1,1,-1,1,1,-1,1,1,1,-1,1,1,-1,1,1,1,-1,1,1,1,-1,1,1,-1,1,1,-1,1,-1,1,-1,1,1,1,-1,1,1,1,1,1,1,-1,1,1,-1,1,1,1,-1,-1,-1,-1,1,1,1,-1,1,1,-1,1,1,-1,-1,1,1,1,1,1,-1,1,1,1,-1,1,1,1,-1,-1,1,1,1,1,1,-1,1,1,1,1,1,1,-1,-1,-1,1,-1,-1,1,1,-1,1,1,1,1,1,1,1,-1,1,-1,1,1,-1,1,-1,1,1,1,1,1,1,-1,-1,1,-1,1,1,1,-1,1,1,1,-1,1,1,-1,-1,1,1,1,1,1,-1,1,1,1,1,1,1,-1,1,-1,-1,1,1,-1,1,1,-1,-1,1,1,-1,-1,1,-1,1,1,1,-1,-1,1,1,-1,1,1,-1,-1,1,-1,-1,1,1,1,-1,1,-1,-1,-1,1,1,-1,1,-1,1,-1,1,-1,-1,1,-1,-1,1,-1,1,-1,-1,1,-1,1,-1,1,-1,1,1,-1,-1,1,1,1,-1,1,-1,1,-1,1,1,1,-1,-1,-1,1,-1,-1,-1,1,1,-1,1,-1,1,-1,1,-1,1,1,-1,-1,1,1,-1,-1,1,-1,-1,-1,1,1,-1,1,-1,-1,1,1,-1,-1,1,-1,-1,-1,1,-1,-1,1,-1,-1,-1,1,1,-1,1,1,-1,-1,1,-1,-1,1,-1,1,-1,1,1,-1,-1,1,-1,-1,-1,-1,-1,1,1,1,-1,1,1,-1,-1,1,-1,-1,-1,-1,-1,1,1,-1,-1,-1,-1,-1,1,1,-1,1,1,1,-1,-1,1,1,-1,-1,-1,-1,1,1,-1,-1,1,-1,-1,-1,1,1,-1,-1,-1,-1,-1,1,-1,-1,1,-1,-1,-1,1,1,-1,1,-1,-1,1,1,1,-1,-1,-1,-1,-1,1,1,1,-1,-1,-1,-1,1,1,-1,-1,-1,-1,1,1,1,1,-1,-1,1,1,1,1,1,-1,-1,-1,1,1,1,-1,1,-1,1,1,1,1,-1,1,-1,-1,1,-1,1,-1,1,-1,-1,1,-1,1,-1,-1,-1,-1,1,-1,1,-1,1,-1,-1,1,-1,1,-1,1,-1,1,-1,-1,1,-1,-1,-1,-1,1,1,-1,-1,-1,-1,-1,1,-1,1,-1,-1,-1,-1,-1,-1,-1,1,-1,-1,-1,1,-1,-1,1,-1,-1,-1,-1,-1,1,1,-1,-1,-1,-1,-1,1,-1,-1,-1,1,-1,-1,1,-1,1,-1,-1,-1,-1,-1,-1,-1,1,-1,-1,-1,1,1,-1,-1,-1,-1,1,-1,-1,-1,-1,1,-1,-1,1,-1,1,-1,-1,-1,-1,1,-1,1,1,-1,1,-1,-1,1,1,-1,-1,-1,-1,-1,-1,1,1,-1,-1,1,-1,1,1,-1,-1,-1,1,-1,1,1,-1,-1,1,-1,-1,1,1,1,-1,1,-1,1,1,1,-1,-1,1,-1,-1,1,1,1,-1,1,-1,-1,1,1,-1,1,1,-1,-1,1,1,-1,1,1,-1,-1,1,1,-1,1,1,-1,-1,1,1,1,1,1,1,-1,-1,1,1,1,1,-1,-1,1,-1,1,1,1,1,-1,-1,1,-1,1,1,1,-1,1,-1,1,1,-1,1,-1,1,1,1,1,1,1,1,-1,-1,1,1,1,-1,1,-1,1,1,1,1,1,-1,1,-1,1,1,-1,1,1,-1,-1,1,-1,1,1,-1,-1,1,1,1,1,-1,1,-1,-1,1,1,-1,-1,1,-1,1,1,1,-1,1,-1,-1,-1,1,1,-1,-1,1,-1,-1,1,1,-1,-1,1,-1,-1,1,1,1,-1,1,-1,-1,1,1,-1,-1,-1,1,-1,-1,1,-1,1,1,-1,1,1,-1,-1,1,-1,-1,-1,1,1,-1,1,1,-1,1,1,-1,-1,-1,-1,1,-1,-1,-1,-1,1,-1,-1,1,1,-1,1,1,-1,1,1,1,1,-1,1,-1,1,1,1,1,-1,1,-1,-1,1,1,1,-1,1,-1,1,1,1,1,-1,1,-1,1,1,1,-1,-1,1,-1,-1,1,1,-1,-1,-1,1,-1,1,-1,1,-1,1,-1,-1,1,-2666.0,1,2000,445,500,False
2036,1,1,-1,-1,1,1,-1,1,1,1,1,-1,-1,1,1,1,-1,1,-1,-1,-1,1,1,1,1,-1,-1,-1,1,1,1,1,-1,-1,-1,1,-1,1,1,1,-1,-1,1,1,1,1,1,-1,1,1,1,1,1,1,-1,-1,1,-1,1,1,1,-1,-1,1,1,1,1,1,-1,-1,1,1,1,1,1,-1,-1,-1,1,1,1,-1,-1,-1,1,1,1,1,-1,-1,-1,1,1,1,1,-1,-1,1,1,-1,1,1,-1,-1,1,1,1,1,1,-1,-1,-1,1,1,1,1,-1,-1,1,1,1,1,1,1,-1,-1,1,1,-1,1,1,-1,1,1,1,1,1,1,-1,1,1,1,1,1,1,-1,1,1,1,1,1,1,-1,-1,-1,1,1,1,1,-1,1,-1,1,1,1,1,-1,1,-1,1,1,1,-1,-1,1,1,1,1,1,-1,1,-1,-1,1,-1,1,-1,1,1,1,1,1,1,1,1,1,-1,1,-1,1,-1,1,1,-1,1,-1,1,1,-1,1,-1,1,-1,1,-1,1,1,-1,1,-1,1,1,1,1,-1,-1,1,1,-1,-1,1,-1,1,-1,1,1,-1,1,-1,1,-1,1,-1,1,1,-1,-1,-1,1,1,-1,1,-1,1,1,1,-1,1,-1,-1,1,-1,1,-1,1,1,1,-1,1,1,-1,1,-1,-1,-1,1,1,-1,1,-1,-1,-1,1,1,-1,-1,1,1,-1,-1,1,1,-1,1,1,-1,1,1,1,1,-1,1,-1,1,1,-1,1,-1,1,-1,1,1,1,-1,-1,1,-1,-1,1,-1,-1,-1,1,1,-1,1,1,1,-1,1,1,1,1,1,1,-1,1,-1,1,1,1,1,-1,1,-1,1,1,1,-1,1,1,-1,-1,1,1,1,-1,1,-1,1,1,1,-1,1,1,-1,1,1,1,-1,1,1,-1,1,1,1,1,1,1,-1,-1,1,1,-1,1,1,-1,1,-1,1,-1,1,1,1,-1,1,1,1,1,1,1,-1,1,1,-1,1,1,1,-1,-1,-1,-1,1,1,1,-1,1,1,-1,1,1,-1,-1,1,1,1,1,1,-1,1,1,1,-1,1,1,1,-1,-1,1,1,1,-1,1,-1,1,1,1,1,1,1,-1,-1,-1,1,-1,-1,1,1,-1,1,1,1,1,1,1,1,-1,1,-1,-1,1,-1,1,-1,1,1,1,1,1,1,-1,-1,1,-1,1,1,1,-1,1,1,1,-1,1,1,-1,-1,1,-1,1,1,1,-1,1,1,1,1,1,1,-1,1,-1,-1,1,1,-1,-1,1,-1,1,1,1,-1,-1,1,-1,1,1,1,-1,-1,1,-1,-1,1,1,-1,-1,1,-1,1,1,1,1,-1,1,1,-1,1,1,1,-1,-1,-1,-1,1,1,-1,-1,1,-1,-1,1,-1,1,-1,-1,1,-1,1,-1,1,-1,-1,1,-1,-1,1,1,1,-1,1,-1,1,-1,1,-1,1,-1,-1,-1,1,-1,-1,1,1,-1,1,1,-1,1,1,1,-1,1,1,-1,-1,-1,1,1,-1,1,-1,-1,1,1,-1,-1,1,-1,-1,1,1,1,-1,1,-1,-1,1,1,-1,-1,1,-1,-1,-1,1,1,-1,1,1,-1,-1,1,-1,-1,1,-1,1,-1,1,-1,-1,-1,1,-1,-1,-1,-1,-1,1,1,1,-1,-1,-1,-1,-1,1,-1,-1,1,-1,-1,1,1,-1,-1,1,-1,-1,1,1,-1,1,-1,-1,-1,-1,1,1,-1,-1,-1,-1,-1,1,-1,-1,1,-1,-1,-1,1,1,-1,-1,1,-1,-1,1,-1,-1,-1,-1,-1,1,1,1,-1,-1,-1,-1,-1,1,1,-1,-1,-1,-1,-1,1,1,1,-1,-1,-1,-1,1,1,-1,-1,-1,-1,1,1,1,1,-1,-1,1,1,1,1,1,-1,-1,-1,1,1,1,1,1,-1,1,1,1,1,-1,1,-1,-1,1,-1,1,-1,1,-1,-1,1,-1,1,-1,-1,-1,-1,1,-1,1,-1,1,-1,-1,1,-1,1,-1,1,-1,-1,1,-1,1,-1,-1,-1,-1,1,1,-1,-1,-1,-1,-1,1,-1,1,-1,-1,-1,-1,-1,-1,-1,1,-1,-1,-1,1,-1,-1,1,-1,-1,-1,-1,-1,-1,1,-1,-1,-1,-1,-1,1,-1,-1,-1,1,-1,-1,1,-1,1,-1,-1,-1,-1,-1,-1,-1,1,-1,-1,-1,1,1,-1,-1,-1,-1,1,-1,-1,-1,1,-1,-1,-1,1,-1,1,-1,-1,-1,-1,1,-1,1,-1,-1,1,-1,-1,1,1,-1,-1,-1,-1,-1,-1,1,1,-1,-1,1,-1,1,1,-1,-1,-1,1,-1,1,1,-1,-1,1,-1,-1,1,1,1,-1,1,-1,1,1,1,-1,-1,1,-1,-1,1,1,1,-1,1,-1,-1,1,1,-1,1,1,-1,-1,1,1,-1,1,1,-1,-1,1,1,-1,1,1,-1,-1,1,1,1,1,1,1,-1,-1,1,1,-1,1,-1,-1,1,-1,1,1,1,1,-1,-1,1,-1,1,1,1,-1,1,1,1,1,-1,1,-1,1,1,1,1,1,1,1,-1,1,1,1,1,-1,1,-1,1,1,1,1,1,-1,1,1,1,1,-1,-1,1,-1,1,1,-1,1,1,-1,-1,1,1,1,-1,1,1,-1,1,1,1,-1,-1,1,-1,1,1,1,-1,1,-1,-1,-1,1,1,-1,-1,1,-1,-1,1,1,-1,-1,1,-1,-1,1,1,1,1,-1,-1,-1,1,1,-1,-1,1,1,-1,1,1,-1,1,1,-1,1,1,-1,-1,1,-1,-1,-1,1,1,-1,1,1,-1,1,1,-1,-1,-1,-1,1,-1,-1,-1,-1,1,-1,-1,1,1,-1,1,1,-1,1,1,1,1,-1,1,-1,1,1,1,-1,-1,1,-1,-1,1,1,-1,1,1,-1,1,1,1,-1,-1,1,-1,1,1,1,1,-1,1,-1,-1,1,1,-1,-1,1,1,-1,1,-1,1,-1,1,-1,-1,1,-2666.0,1,2000,445,500,False
2037,1,1,-1,-1,1,-1,-1,-1,1,1,1,-1,1,1,1,1,-1,1,-1,-1,1,1,1,1,1,-1,-1,-1,1,1,1,1,-1,-1,-1,-1,1,-1,1,1,-1,-1,-1,1,1,1,1,-1,1,1,1,1,-1,1,-1,-1,1,-1,1,1,1,-1,-1,1,1,1,1,1,-1,1,1,1,1,1,1,-1,-1,-1,1,1,1,-1,-1,-1,1,1,1,1,-1,1,-1,1,1,1,1,-1,-1,1,1,-1,1,1,-1,-1,1,1,1,1,1,-1,-1,1,1,1,1,1,-1,-1,1,1,1,1,1,1,-1,1,1,1,-1,1,1,-1,1,1,1,1,1,1,-1,-1,1,1,1,1,1,-1,1,1,1,1,1,1,-1,-1,-1,1,1,1,1,-1,1,1,1,1,-1,1,-1,1,-1,1,1,1,-1,-1,1,1,1,1,1,-1,1,-1,-1,1,-1,1,-1,1,1,1,1,1,1,1,1,1,-1,1,-1,1,-1,1,1,-1,1,-1,1,1,-1,1,-1,1,-1,1,-1,1,1,-1,1,-1,1,1,1,1,-1,-1,1,1,-1,-1,1,-1,1,-1,-1,1,-1,1,-1,1,-1,1,-1,-1,1,-1,-1,-1,1,1,-1,1,-1,1,1,1,-1,1,1,-1,1,-1,1,-1,1,-1,1,-1,1,1,-1,1,-1,-1,-1,1,1,-1,1,-1,-1,-1,1,1,-1,-1,1,1,-1,-1,1,1,-1,1,1,-1,1,1,1,1,-1,1,-1,1,1,-1,1,-1,1,1,-1,1,1,1,1,1,-1,-1,1,-1,-1,-1,1,1,-1,1,1,1,-1,1,-1,-1,1,1,1,1,1,-1,1,1,1,-1,-1,1,-1,1,1,1,-1,1,1,-1,-1,1,1,1,-1,1,-1,1,1,1,-1,1,1,-1,1,1,1,-1,1,-1,-1,1,1,1,-1,1,-1,-1,-1,1,1,-1,1,-1,-1,1,-1,1,-1,1,1,-1,-1,1,1,1,1,1,-1,-1,1,1,-1,1,-1,-1,-1,-1,-1,-1,1,1,-1,-1,1,1,-1,1,-1,-1,-1,1,1,1,1,-1,-1,1,1,1,-1,1,-1,-1,-1,-1,1,1,1,1,-1,-1,1,1,1,1,-1,-1,-1,-1,-1,1,-1,1,-1,1,-1,1,1,1,-1,-1,1,1,-1,1,-1,1,-1,-1,1,-1,1,1,-1,-1,-1,1,-1,-1,1,1,-1,-1,1,-1,1,1,-1,1,-1,1,-1,-1,1,1,-1,-1,1,-1,1,1,-1,-1,1,1,-1,1,-1,1,-1,1,-1,-1,1,-1,1,-1,1,-1,-1,1,-1,-1,-1,1,-1,-1,1,1,1,-1,1,-1,-1,1,-1,-1,1,-1,1,-1,1,1,1,-1,1,1,-1,-1,-1,1,-1,1,-1,-1,1,-1,1,1,1,1,-1,-1,1,1,-1,1,1,-1,-1,1,1,1,-1,1,1,-1,1,1,1,1,1,-1,1,-1,-1,-1,1,-1,-1,1,1,-1,1,1,-1,1,-1,-1,-1,1,1,-1,1,1,-1,-1,-1,1,-1,1,1,-1,-1,-1,1,-1,-1,-1,-1,1,-1,1,-1,-1,-1,-1,-1,-1,1,-1,1,1,1,1,-1,1,-1,1,1,-1,-1,-1,1,-1,-1,1,-1,1,-1,-1,1,1,1,1,-1,-1,1,1,1,1,-1,1,-1,-1,1,1,1,-1,-1,-1,1,1,1,1,-1,-1,-1,1,-1,1,-1,1,1,-1,-1,1,1,1,-1,-1,-1,-1,1,1,1,1,-1,-1,-1,1,1,1,1,-1,-1,-1,1,1,1,-1,-1,-1,1,1,1,1,1,-1,-1,-1,1,1,1,1,-1,-1,-1,1,1,-1,1,-1,-1,-1,1,1,1,1,-1,-1,1,1,1,1,-1,-1,1,1,-1,1,1,-1,-1,-1,1,1,1,1,1,-1,1,1,1,1,1,-1,-1,-1,1,-1,1,-1,-1,-1,-1,1,-1,1,1,1,-1,-1,1,-1,1,1,-1,1,-1,1,1,1,1,-1,1,-1,1,-1,1,-1,-1,-1,-1,1,1,-1,-1,-1,-1,-1,1,-1,1,-1,-1,-1,-1,-1,-1,-1,1,-1,-1,-1,1,-1,-1,1,-1,-1,-1,-1,-1,1,1,-1,-1,-1,-1,-1,1,-1,-1,-1,1,-1,-1,1,-1,1,-1,-1,-1,-1,-1,-1,-1,1,-1,-1,-1,1,1,1,-1,-1,1,-1,-1,-1,-1,-1,1,-1,-1,1,1,1,-1,-1,-1,-1,1,-1,1,1,-1,1,-1,-1,1,1,-1,-1,-1,-1,-1,-1,1,1,-1,-1,1,-1,1,1,-1,-1,-1,1,-1,1,1,-1,-1,1,-1,-1,1,1,1,-1,1,-1,1,1,1,-1,-1,1,-1,-1,1,1,1,-1,1,-1,-1,1,1,-1,1,1,-1,-1,1,1,-1,1,1,-1,-1,1,1,-1,1,1,-1,-1,1,1,1,1,-1,1,-1,-1,1,1,-1,1,-1,-1,1,-1,1,1,1,1,-1,-1,1,-1,1,1,1,-1,1,1,1,1,-1,1,-1,1,1,1,1,1,1,1,-1,1,1,1,1,-1,1,-1,1,1,1,1,1,-1,1,1,1,1,-1,1,1,-1,1,1,-1,1,1,-1,-1,1,1,1,1,-1,1,-1,1,1,1,-1,-1,1,-1,1,1,1,-1,1,-1,-1,-1,1,1,-1,-1,1,-1,-1,1,1,-1,-1,1,-1,-1,1,1,1,-1,1,-1,-1,1,1,-1,-1,-1,1,-1,-1,1,-1,1,1,-1,1,1,-1,-1,1,-1,-1,-1,-1,1,-1,1,1,-1,1,1,-1,-1,1,-1,1,-1,-1,-1,-1,1,-1,-1,1,1,-1,1,1,-1,1,1,1,1,-1,1,-1,1,1,1,1,-1,1,-1,-1,1,1,1,-1,1,-1,1,1,1,1,-1,1,-1,1,1,-1,-1,-1,1,-1,-1,1,1,-1,-1,-1,1,-1,1,-1,1,-1,1,-1,-1,1,-2666.0,1,2000,445,500,False
2038,1,1,-1,-1,1,1,-1,-1,1,1,1,-1,1,1,1,1,-1,1,-1,-1,-1,-1,1,1,1,-1,-1,-1,1,1,1,1,1,-1,-1,-1,1,1,1,1,-1,-1,-1,1,1,1,1,-1,1,1,1,1,-1,1,-1,-1,1,-1,1,1,-1,-1,-1,-1,1,1,1,1,-1,-1,-1,1,1,1,1,-1,-1,-1,1,1,1,-1,-1,-1,1,1,1,1,-1,-1,1,1,1,1,1,-1,-1,-1,1,-1,1,1,-1,-1,1,1,1,1,1,-1,-1,-1,1,1,1,1,-1,-1,1,1,1,1,1,1,-1,-1,1,1,-1,1,1,-1,1,1,1,1,1,1,-1,1,1,1,1,1,1,-1,1,1,1,1,1,1,-1,-1,-1,1,1,1,1,-1,1,1,1,1,-1,1,-1,1,-1,1,1,1,-1,-1,1,1,1,1,1,-1,1,-1,-1,1,1,1,-1,1,1,1,1,-1,1,1,1,1,-1,1,-1,1,-1,1,1,-1,1,-1,1,1,-1,1,-1,1,-1,1,-1,1,1,-1,1,-1,1,1,1,1,-1,-1,1,1,-1,-1,1,-1,1,1,1,1,-1,1,-1,1,-1,1,-1,1,1,-1,-1,1,-1,1,-1,1,-1,1,1,1,-1,1,1,-1,1,-1,1,-1,1,-1,1,-1,1,1,-1,1,-1,-1,1,-1,1,-1,1,-1,-1,-1,-1,1,-1,-1,1,1,-1,1,1,1,-1,1,1,-1,1,1,1,1,-1,1,-1,1,1,-1,1,-1,1,-1,1,-1,1,1,1,1,-1,-1,1,-1,-1,-1,1,1,-1,1,1,1,-1,1,1,1,1,1,1,-1,1,-1,1,1,1,-1,-1,1,-1,1,1,1,-1,1,1,-1,-1,1,1,1,-1,1,-1,1,1,1,-1,1,1,-1,1,1,1,-1,1,1,-1,1,1,1,-1,1,1,-1,-1,1,1,-1,1,1,-1,1,-1,1,-1,1,1,1,-1,1,1,1,1,1,1,-1,1,1,-1,1,1,1,-1,-1,-1,-1,1,1,1,-1,1,1,-1,1,1,-1,-1,1,1,1,1,1,-1,1,1,1,-1,1,1,1,-1,-1,1,1,1,-1,1,-1,1,1,1,1,1,1,-1,-1,-1,1,-1,-1,1,1,-1,1,1,1,1,1,1,1,-1,1,-1,-1,1,-1,1,-1,1,1,1,1,1,1,-1,-1,1,-1,1,1,1,-1,1,1,1,-1,1,1,-1,-1,1,-1,1,1,1,-1,1,1,1,1,1,1,-1,1,-1,-1,1,1,-1,-1,1,-1,-1,1,1,-1,-1,1,-1,1,1,1,-1,-1,1,1,-1,1,1,-1,-1,1,-1,1,1,1,1,-1,1,-1,-1,-1,1,1,-1,-1,-1,1,-1,1,-1,-1,1,-1,-1,1,-1,1,-1,-1,1,-1,1,-1,1,-1,-1,1,-1,-1,1,1,1,-1,1,-1,1,-1,1,-1,1,-1,-1,-1,1,-1,-1,1,1,1,-1,1,-1,1,1,1,-1,1,1,-1,1,-1,1,-1,-1,1,-1,-1,1,1,1,-1,1,-1,-1,1,1,-1,-1,1,-1,-1,1,1,-1,-1,1,-1,-1,-1,1,1,-1,1,1,-1,-1,1,-1,-1,1,-1,1,-1,1,1,-1,-1,1,-1,-1,-1,-1,-1,1,1,1,-1,1,1,-1,-1,1,-1,-1,-1,-1,-1,1,1,-1,-1,-1,-1,-1,1,1,-1,1,1,-1,-1,-1,1,1,-1,-1,-1,-1,-1,1,-1,-1,1,-1,-1,-1,1,1,-1,-1,-1,-1,-1,1,-1,-1,1,-1,-1,-1,1,1,-1,1,-1,-1,-1,1,1,-1,-1,-1,-1,-1,1,1,1,-1,-1,-1,-1,1,1,-1,-1,-1,-1,1,-1,1,1,-1,-1,1,1,-1,1,1,-1,-1,-1,1,1,1,-1,1,-1,1,-1,1,1,-1,1,-1,-1,1,-1,1,-1,1,-1,-1,1,-1,1,-1,-1,-1,-1,-1,-1,1,-1,1,-1,-1,1,-1,1,-1,1,-1,1,-1,1,1,-1,-1,-1,-1,1,-1,-1,-1,-1,-1,-1,1,-1,1,-1,-1,-1,-1,1,1,-1,1,-1,-1,-1,1,-1,-1,1,-1,-1,-1,-1,1,1,1,-1,-1,-1,-1,-1,1,-1,-1,-1,1,-1,-1,1,-1,1,-1,-1,-1,-1,-1,-1,-1,1,-1,-1,-1,1,1,-1,-1,-1,-1,1,-1,-1,-1,-1,1,-1,-1,1,-1,1,-1,-1,-1,-1,1,-1,1,1,-1,1,-1,-1,1,1,-1,-1,-1,-1,-1,-1,1,1,-1,-1,1,-1,1,1,-1,-1,-1,1,-1,1,1,-1,-1,1,-1,-1,1,1,1,-1,1,-1,1,1,1,-1,-1,1,-1,-1,1,1,1,-1,1,-1,-1,1,1,-1,1,1,-1,-1,1,1,1,1,1,-1,-1,1,1,1,1,1,-1,-1,1,1,1,1,1,1,-1,-1,1,1,-1,1,-1,-1,1,-1,1,1,1,1,-1,-1,1,-1,1,1,1,-1,1,1,1,1,-1,1,-1,1,1,1,1,1,1,1,-1,1,1,1,1,-1,1,-1,1,1,1,1,1,-1,1,1,1,1,-1,1,1,-1,1,1,-1,1,1,-1,-1,1,1,1,1,-1,1,-1,1,1,1,-1,-1,1,-1,1,1,1,-1,1,-1,-1,-1,1,1,-1,-1,1,-1,-1,1,1,1,-1,1,-1,-1,1,1,1,-1,1,-1,-1,1,1,-1,-1,-1,1,-1,1,1,-1,1,1,-1,1,1,-1,-1,1,-1,-1,-1,1,1,-1,1,1,-1,1,1,-1,-1,1,-1,1,-1,-1,-1,-1,1,-1,-1,1,1,-1,1,1,-1,1,1,1,1,-1,1,-1,1,1,1,-1,-1,1,-1,-1,1,1,-1,-1,1,-1,1,1,1,-1,-1,1,-1,1,1,1,1,-1,1,-1,-1,1,1,1,-1,-1,1,-1,1,-1,1,-1,1,-1,-1,1,-2666.0,1,2000,445,500,False
2039,-1,-1,1,1,1,-1,-1,1,-1,-1,-1,-1,1,1,-1,-1,1,-1,1,-1,-1,1,-1,-1,-1,1,-1,-1,-1,-1,-1,-1,1,-1,-1,1,1,-1,-1,1,-1,-1,1,-1,-1,-1,-1,-1,1,-1,-1,-1,1,1,-1,-1,-1,1,-1,1,1,-1,-1,1,-1,1,-1,-1,-1,-1,1,-1,-1,1,1,-1,-1,1,-1,-1,1,-1,-1,-1,-1,-1,-1,1,-1,-1,1,-1,-1,1,1,-1,-1,-1,-1,1,1,1,-1,-1,1,-1,-1,1,1,-1,-1,-1,-1,-1,1,1,-1,-1,1,-1,-1,1,1,1,-1,-1,-1,-1,1,1,1,-1,1,-1,-1,1,1,1,-1,1,-1,-1,1,1,1,-1,1,-1,-1,-1,1,1,-1,-1,1,-1,1,1,1,-1,1,1,-1,-1,1,1,-1,1,1,-1,1,1,-1,-1,1,-1,-1,1,1,-1,1,-1,1,-1,1,1,-1,1,1,-1,-1,-1,1,1,1,1,1,-1,1,1,-1,1,1,1,-1,1,1,1,-1,1,1,-1,1,1,-1,1,1,1,-1,1,1,1,1,1,1,1,-1,1,-1,-1,1,1,-1,-1,1,1,-1,1,1,-1,-1,1,-1,1,1,1,1,-1,1,1,-1,1,1,-1,1,1,-1,1,1,1,-1,-1,1,-1,1,-1,1,1,1,1,-1,1,-1,1,1,1,1,-1,1,-1,1,1,1,1,-1,-1,1,1,1,1,1,1,-1,1,1,-1,-1,1,1,-1,-1,1,1,1,1,-1,1,-1,-1,1,1,-1,1,-1,-1,-1,1,1,1,-1,1,-1,1,-1,1,1,1,1,-1,1,1,1,1,1,-1,-1,1,1,1,1,1,1,-1,1,1,1,1,1,-1,1,1,1,-1,1,1,-1,-1,1,1,-1,1,1,1,1,1,-1,1,1,1,1,1,1,1,-1,1,1,1,1,1,1,-1,1,1,1,1,1,1,1,-1,1,-1,1,1,1,-1,1,1,1,1,1,1,1,-1,1,1,-1,1,1,-1,-1,-1,-1,1,1,1,-1,1,1,-1,1,1,-1,1,-1,1,1,1,1,-1,1,1,1,-1,1,1,1,1,-1,1,1,1,-1,1,-1,1,-1,1,1,1,1,-1,-1,-1,1,-1,-1,1,-1,1,-1,1,1,1,1,1,-1,-1,1,-1,-1,1,-1,1,-1,1,-1,1,1,1,1,-1,-1,1,-1,1,1,-1,-1,1,1,1,-1,1,-1,-1,1,-1,-1,1,-1,-1,-1,-1,-1,1,1,-1,1,-1,1,-1,-1,1,-1,-1,1,1,-1,-1,1,-1,-1,-1,1,-1,1,1,-1,-1,1,-1,1,-1,1,1,-1,-1,1,-1,1,-1,1,-1,-1,1,-1,-1,-1,1,-1,-1,-1,-1,1,-1,1,-1,-1,1,-1,-1,1,1,-1,-1,-1,1,-1,1,1,-1,-1,-1,1,-1,-1,1,1,1,-1,1,-1,1,-1,1,1,1,-1,1,1,-1,1,-1,1,1,-1,1,-1,1,-1,1,1,1,-1,-1,-1,-1,-1,1,1,1,-1,-1,-1,1,1,-1,1,-1,-1,-1,1,1,1,1,-1,-1,-1,1,1,1,1,-1,-1,-1,-1,1,-1,1,-1,1,-1,-1,1,1,1,-1,-1,1,-1,1,-1,1,1,-1,-1,-1,-1,1,1,1,-1,-1,-1,1,1,1,1,-1,-1,-1,-1,1,1,-1,-1,-1,-1,-1,1,1,-1,1,-1,1,1,1,1,1,-1,-1,-1,-1,1,1,-1,1,-1,-1,1,1,1,1,-1,1,-1,-1,1,1,1,-1,1,-1,1,1,1,1,-1,-1,-1,-1,1,-1,1,-1,1,-1,1,1,1,1,-1,-1,1,-1,1,1,1,-1,-1,-1,1,1,1,-1,1,-1,1,-1,1,-1,-1,1,-1,1,-1,1,1,-1,-1,1,1,1,1,-1,1,-1,1,-1,1,-1,1,-1,1,-1,1,-1,1,-1,1,-1,1,-1,-1,1,-1,1,-1,1,-1,1,1,-1,1,-1,1,1,-1,1,-1,-1,1,1,1,1,1,-1,1,-1,-1,1,1,1,-1,-1,-1,1,-1,1,1,-1,1,1,-1,1,1,1,-1,1,-1,-1,1,1,1,-1,-1,-1,1,-1,1,-1,-1,-1,-1,-1,1,-1,-1,1,-1,-1,1,-1,1,-1,-1,-1,-1,-1,1,1,1,-1,-1,-1,1,1,1,1,-1,-1,1,-1,-1,1,-1,-1,-1,-1,1,1,1,1,-1,-1,-1,1,-1,1,1,-1,1,-1,-1,1,1,1,-1,-1,-1,-1,-1,1,-1,-1,-1,1,-1,1,1,-1,-1,-1,1,-1,1,1,1,-1,1,-1,-1,1,1,1,-1,1,-1,1,1,1,-1,-1,1,-1,-1,1,1,1,-1,1,-1,-1,1,1,1,1,1,-1,-1,1,1,-1,1,1,-1,-1,1,1,1,1,1,-1,-1,1,1,1,1,1,1,-1,1,1,-1,1,1,-1,-1,1,-1,1,1,1,1,-1,-1,1,-1,1,1,1,-1,1,1,1,1,-1,1,-1,1,1,1,1,1,1,-1,-1,1,1,1,1,-1,1,-1,1,1,1,1,-1,1,-1,1,1,1,-1,-1,1,-1,1,1,-1,1,-1,-1,-1,1,1,1,-1,1,-1,-1,1,1,1,-1,-1,-1,-1,1,1,1,-1,-1,-1,-1,-1,1,1,-1,1,-1,-1,-1,1,1,-1,1,1,-1,1,1,1,1,1,1,-1,-1,1,1,-1,-1,1,1,1,-1,1,-1,1,-1,-1,1,1,-1,-1,1,-1,-1,-1,1,1,-1,1,-1,1,1,1,-1,-1,-1,-1,-1,-1,-1,-1,-1,1,-1,1,1,1,-1,1,1,-1,1,1,1,1,-1,1,-1,1,1,1,-1,-1,1,-1,1,1,1,-1,-1,1,-1,1,1,1,-1,-1,1,-1,1,1,1,1,-1,1,-1,-1,1,1,1,-1,-1,1,-1,1,1,1,-1,1,-1,-1,1,-2666.0,1,2000,445,1000,True
2040,1,1,-1,-1,1,-1,-1,1,1,1,1,-1,1,1,1,1,-1,1,-1,-1,-1,1,1,1,1,-1,-1,-1,1,1,1,1,1,-1,-1,1,-1,1,1,1,-1,-1,1,1,1,1,1,-1,1,-1,1,1,-1,1,-1,-1,-1,-1,1,1,1,-1,-1,1,1,1,1,1,-1,-1,1,-1,1,1,1,-1,-1,1,-1,1,1,-1,-1,-1,-1,1,1,1,-1,-1,-1,-1,-1,1,1,-1,-1,1,-1,1,1,1,-1,-1,1,-1,-1,1,1,-1,-1,-1,-1,-1,1,1,-1,-1,1,-1,-1,1,1,1,-1,-1,-1,-1,1,1,1,-1,1,-1,-1,1,1,1,-1,1,-1,-1,1,1,1,-1,1,-1,-1,-1,1,1,-1,-1,1,-1,-1,1,1,-1,1,-1,-1,-1,1,1,-1,1,1,-1,1,1,-1,-1,1,-1,-1,1,1,-1,1,-1,1,-1,1,1,-1,1,1,-1,-1,-1,1,1,1,1,1,-1,-1,1,-1,1,1,1,-1,-1,1,1,-1,1,1,-1,1,1,-1,1,1,1,-1,1,1,1,1,1,1,1,-1,1,-1,-1,1,1,-1,-1,1,1,-1,1,1,-1,-1,1,-1,1,1,1,1,-1,1,1,-1,1,1,-1,1,1,-1,1,-1,1,-1,-1,1,-1,1,1,1,1,1,1,-1,1,-1,1,1,1,1,-1,1,-1,1,1,1,1,-1,-1,1,1,1,1,1,1,-1,1,1,-1,-1,1,1,1,-1,1,1,1,1,-1,1,-1,1,1,1,-1,1,1,1,1,1,1,1,-1,-1,-1,1,-1,1,1,1,1,-1,1,1,1,1,1,1,1,1,1,1,1,1,-1,1,1,1,1,1,1,-1,1,1,1,-1,1,1,1,-1,1,1,1,1,1,-1,1,1,-1,1,1,1,-1,1,1,1,1,1,1,-1,1,1,1,-1,1,1,-1,1,1,1,1,-1,1,-1,1,1,1,-1,1,1,1,-1,1,1,1,-1,1,-1,1,1,1,-1,-1,-1,-1,1,1,1,-1,1,1,-1,1,1,-1,-1,1,1,1,1,1,-1,1,1,1,-1,1,1,1,1,-1,1,1,1,-1,1,-1,1,1,1,1,1,1,-1,-1,-1,1,-1,-1,1,-1,1,-1,1,1,1,1,1,-1,-1,1,-1,-1,1,-1,1,-1,1,1,1,1,-1,1,-1,-1,1,-1,1,1,-1,-1,1,1,1,-1,1,-1,-1,-1,1,-1,1,1,-1,-1,1,1,1,1,-1,1,-1,1,-1,1,1,-1,-1,-1,1,-1,1,1,-1,-1,-1,1,-1,1,1,1,-1,-1,1,-1,-1,1,-1,-1,-1,1,-1,1,1,1,-1,-1,1,1,-1,1,-1,-1,-1,-1,1,-1,1,-1,-1,-1,1,-1,-1,1,-1,-1,-1,-1,1,-1,1,-1,-1,-1,-1,1,-1,-1,1,1,1,-1,1,-1,1,-1,1,1,1,-1,1,1,-1,-1,-1,-1,1,-1,1,-1,-1,1,1,1,1,-1,-1,-1,1,-1,1,1,1,-1,-1,-1,1,1,-1,1,-1,-1,-1,1,1,1,1,-1,-1,-1,1,1,-1,1,-1,-1,-1,-1,1,1,1,-1,1,-1,-1,1,-1,1,-1,-1,1,-1,1,-1,1,1,-1,-1,-1,-1,-1,1,1,-1,-1,-1,-1,-1,1,1,-1,-1,-1,1,1,1,-1,-1,-1,-1,1,1,1,-1,1,-1,1,-1,1,1,1,-1,-1,-1,-1,-1,1,-1,1,-1,-1,1,-1,1,1,-1,1,-1,-1,1,1,1,-1,1,-1,-1,-1,1,1,-1,1,-1,-1,-1,1,1,-1,1,-1,-1,-1,1,1,-1,-1,1,-1,-1,1,1,-1,-1,1,-1,-1,1,1,1,-1,1,1,-1,-1,-1,1,-1,1,1,-1,1,-1,-1,1,-1,-1,-1,1,1,-1,1,-1,1,-1,1,-1,-1,1,-1,1,-1,1,1,-1,1,1,1,-1,-1,1,-1,1,-1,1,-1,-1,1,-1,1,1,1,-1,-1,-1,1,1,1,1,-1,-1,1,-1,-1,1,1,-1,-1,-1,-1,1,-1,1,-1,-1,1,1,-1,1,1,-1,-1,1,-1,-1,1,1,-1,-1,-1,-1,1,-1,1,-1,-1,-1,-1,1,1,-1,-1,1,-1,-1,1,-1,1,-1,-1,-1,-1,-1,1,1,1,-1,-1,-1,1,1,1,-1,-1,-1,1,-1,-1,1,-1,-1,-1,-1,1,1,1,-1,-1,-1,-1,1,-1,1,1,-1,1,-1,-1,1,1,-1,-1,-1,-1,-1,-1,1,1,-1,-1,1,-1,1,1,-1,-1,-1,1,-1,1,1,-1,-1,1,-1,-1,1,1,1,-1,1,-1,1,1,1,-1,-1,1,-1,-1,1,1,1,-1,1,-1,-1,1,1,-1,1,1,-1,-1,1,1,-1,1,1,-1,-1,1,1,1,1,1,-1,-1,1,1,1,1,1,1,-1,-1,1,1,1,1,-1,-1,1,-1,1,1,1,1,-1,-1,1,-1,1,1,1,-1,1,1,1,1,-1,1,-1,1,1,1,1,1,1,1,-1,1,1,1,1,-1,1,-1,1,1,1,1,1,-1,1,1,1,1,-1,1,1,-1,1,1,-1,1,1,-1,-1,1,1,1,1,-1,1,-1,1,1,1,-1,-1,1,-1,1,1,1,-1,1,-1,-1,-1,1,1,-1,-1,1,-1,-1,1,1,-1,-1,1,-1,-1,1,1,1,-1,-1,-1,-1,1,1,-1,-1,-1,1,-1,-1,1,-1,1,1,-1,1,1,-1,-1,1,1,-1,-1,1,1,-1,1,1,-1,1,1,-1,-1,-1,-1,1,-1,-1,-1,-1,-1,-1,-1,1,1,-1,1,1,-1,1,1,1,1,-1,1,-1,1,1,1,-1,-1,1,-1,-1,-1,1,-1,1,1,-1,1,1,1,-1,-1,1,-1,1,1,1,1,-1,1,-1,-1,1,1,-1,-1,1,1,-1,1,-1,1,-1,1,-1,-1,1,-2666.0,1,2000,445,1000,True
2041,1,1,-1,-1,1,-1,-1,-1,1,1,1,-1,1,1,-1,1,-1,1,-1,-1,-1,1,1,1,1,-1,-1,-1,1,1,1,1,-1,-1,-1,-1,1,-1,1,1,-1,-1,-1,1,1,1,1,-1,1,1,1,1,-1,1,-1,-1,1,-1,1,1,1,-1,-1,1,1,1,1,1,-1,-1,1,1,1,1,1,-1,-1,-1,1,1,1,-1,-1,-1,1,1,1,1,-1,-1,-1,1,1,1,1,-1,-1,1,1,-1,1,1,-1,-1,1,1,1,1,1,-1,-1,1,1,1,1,1,-1,-1,1,1,1,1,1,1,-1,-1,1,1,-1,1,1,-1,1,1,1,1,1,1,-1,-1,1,1,1,1,1,-1,1,1,1,1,1,1,-1,-1,-1,1,1,1,1,-1,1,-1,1,1,-1,1,-1,1,-1,1,1,1,-1,-1,1,1,1,1,1,-1,1,-1,-1,1,-1,1,-1,1,1,1,1,1,1,1,1,1,-1,1,-1,1,-1,1,1,-1,1,-1,1,1,-1,1,-1,1,-1,1,-1,1,1,-1,1,-1,1,1,1,1,-1,-1,1,1,-1,-1,1,-1,1,-1,-1,1,-1,1,-1,1,-1,1,-1,1,1,-1,-1,-1,1,1,-1,1,-1,1,1,1,-1,1,1,-1,1,-1,1,-1,1,-1,1,-1,1,1,-1,1,-1,-1,-1,1,1,-1,1,-1,-1,-1,1,1,-1,-1,1,1,-1,-1,1,1,-1,1,1,-1,1,1,1,1,-1,1,-1,1,1,-1,1,-1,1,1,-1,1,1,1,1,1,-1,-1,1,-1,-1,1,1,1,-1,1,1,1,-1,1,-1,-1,1,1,1,1,1,-1,1,1,1,-1,-1,1,-1,1,1,1,-1,1,1,-1,-1,1,1,1,-1,1,-1,1,1,1,-1,1,1,-1,1,1,1,-1,1,-1,-1,1,1,1,-1,1,-1,-1,-1,1,1,-1,1,-1,-1,1,-1,1,-1,1,1,-1,-1,1,1,1,-1,1,-1,-1,1,1,-1,1,-1,-1,-1,-1,-1,-1,1,1,-1,-1,1,1,-1,1,-1,-1,-1,1,1,1,1,1,-1,1,1,1,-1,1,-1,-1,-1,-1,1,1,1,1,-1,-1,1,1,1,1,-1,-1,1,-1,-1,1,-1,1,-1,-1,-1,1,1,1,-1,-1,1,1,-1,1,-1,1,-1,-1,1,-1,1,1,-1,-1,-1,1,-1,-1,1,1,-1,-1,1,-1,1,1,-1,1,-1,1,-1,-1,1,1,-1,-1,1,-1,1,1,-1,-1,1,1,-1,1,-1,1,-1,1,-1,-1,1,-1,1,-1,1,-1,-1,1,-1,-1,-1,1,-1,-1,1,-1,1,-1,1,-1,-1,1,-1,-1,1,-1,1,-1,1,1,1,-1,1,1,-1,-1,-1,1,-1,1,-1,-1,1,-1,1,1,1,1,-1,-1,1,1,-1,1,1,1,-1,1,1,1,-1,1,1,-1,1,1,1,1,1,-1,1,-1,-1,1,1,-1,-1,1,1,-1,1,1,-1,1,-1,-1,-1,1,1,-1,1,1,-1,-1,-1,1,-1,1,1,-1,-1,-1,1,-1,-1,-1,-1,1,-1,1,-1,-1,-1,-1,-1,-1,1,-1,1,1,1,1,-1,1,-1,1,1,-1,-1,-1,1,-1,-1,1,-1,1,-1,-1,1,1,1,1,-1,-1,1,1,1,1,-1,1,-1,-1,1,1,1,-1,-1,-1,1,1,1,1,-1,-1,-1,1,-1,1,-1,1,1,-1,-1,1,1,1,-1,-1,-1,-1,1,1,1,1,-1,-1,-1,1,1,1,1,-1,-1,-1,1,1,1,-1,-1,-1,1,1,1,1,1,-1,-1,-1,1,1,1,1,-1,-1,-1,1,1,-1,1,-1,-1,-1,1,1,1,1,-1,-1,1,1,1,1,-1,-1,1,1,-1,1,1,-1,-1,-1,1,1,1,1,1,-1,1,1,1,1,1,-1,-1,-1,1,-1,1,-1,-1,-1,-1,1,-1,1,1,-1,-1,-1,1,-1,1,1,-1,1,-1,1,1,1,1,-1,1,-1,1,-1,1,1,-1,-1,-1,1,1,-1,-1,-1,-1,-1,1,-1,1,-1,-1,-1,-1,-1,-1,-1,1,-1,-1,-1,1,-1,-1,1,-1,-1,-1,-1,-1,1,1,-1,-1,-1,-1,-1,1,-1,-1,-1,1,-1,-1,1,-1,1,-1,-1,-1,-1,-1,-1,-1,1,-1,-1,-1,1,1,1,-1,-1,1,1,-1,-1,-1,-1,1,-1,-1,1,-1,1,-1,-1,-1,-1,1,-1,1,1,-1,1,-1,-1,1,1,-1,-1,-1,-1,-1,-1,1,1,-1,-1,1,-1,1,1,-1,-1,-1,1,-1,-1,1,-1,-1,1,-1,-1,1,1,1,-1,1,-1,1,1,1,-1,-1,1,-1,-1,1,1,1,-1,1,-1,-1,1,1,-1,1,1,-1,-1,1,1,-1,1,1,-1,-1,1,1,-1,1,1,-1,-1,1,1,1,1,1,1,-1,-1,1,1,1,1,-1,-1,1,-1,1,1,1,1,-1,-1,1,-1,1,1,1,-1,1,1,1,1,-1,1,-1,1,1,1,1,1,1,1,-1,1,1,1,1,-1,1,-1,1,1,1,1,1,-1,1,1,1,1,-1,1,1,-1,1,1,-1,1,1,-1,-1,1,1,1,1,-1,1,-1,1,1,1,-1,-1,1,-1,1,1,1,-1,1,-1,-1,-1,1,1,-1,-1,1,-1,-1,1,1,1,-1,1,-1,-1,1,1,1,-1,-1,-1,-1,1,1,-1,-1,-1,1,-1,-1,1,-1,1,1,-1,1,1,-1,-1,1,-1,-1,-1,1,1,-1,1,1,-1,1,1,-1,-1,-1,-1,1,-1,-1,-1,-1,1,-1,-1,1,1,-1,1,1,-1,1,1,1,1,-1,1,-1,1,1,1,1,-1,1,-1,-1,1,1,1,-1,1,-1,1,1,1,1,-1,1,-1,1,1,1,-1,-1,1,-1,-1,1,1,-1,-1,-1,1,-1,1,-1,1,-1,1,-1,-1,1,-2666.0,1,2000,445,500,False
2042,-1,-1,1,1,1,1,-1,1,-1,-1,-1,1,-1,1,-1,-1,1,-1,1,1,1,1,-1,-1,-1,1,-1,-1,1,-1,-1,-1,1,1,-1,-1,1,-1,-1,-1,1,-1,-1,-1,-1,-1,-1,-1,1,1,-1,-1,1,1,1,-1,1,-1,-1,1,-1,1,1,1,-1,1,-1,-1,-1,-1,1,-1,1,1,1,-1,1,-1,1,-1,1,-1,1,-1,1,-1,-1,1,-1,1,-1,1,-1,1,1,-1,-1,1,1,1,1,1,-1,-1,1,1,-1,1,1,-1,-1,1,1,-1,1,1,-1,-1,1,1,-1,1,1,1,-1,-1,1,-1,1,1,1,-1,1,1,-1,1,1,1,-1,1,1,-1,1,1,1,-1,1,1,1,-1,1,1,-1,1,-1,1,-1,1,1,-1,1,-1,1,1,1,1,-1,1,1,-1,1,1,-1,-1,1,1,-1,1,1,-1,1,-1,-1,1,-1,1,-1,1,1,1,1,1,1,-1,1,1,-1,1,1,1,1,-1,1,-1,1,1,1,-1,-1,1,1,-1,1,1,-1,-1,1,-1,1,1,1,1,-1,-1,-1,-1,1,1,-1,-1,1,-1,1,1,-1,1,-1,-1,-1,1,1,1,-1,1,-1,-1,-1,1,1,-1,1,-1,-1,1,1,1,1,1,-1,-1,1,1,-1,1,-1,-1,1,-1,1,-1,1,-1,-1,-1,1,1,1,1,-1,-1,1,-1,-1,1,-1,1,-1,1,-1,1,1,1,1,-1,1,-1,1,1,-1,1,-1,1,-1,1,1,1,-1,-1,1,1,-1,1,1,1,-1,1,-1,-1,1,-1,1,-1,1,1,-1,1,1,1,-1,1,-1,-1,1,1,-1,-1,1,-1,-1,1,1,-1,1,1,-1,-1,1,-1,1,-1,1,-1,1,-1,1,1,-1,1,-1,1,1,1,-1,1,1,-1,1,1,1,-1,1,-1,-1,1,1,1,-1,1,-1,-1,1,-1,1,1,1,-1,-1,1,-1,1,-1,1,1,-1,1,-1,1,-1,-1,1,-1,-1,1,1,-1,1,-1,-1,1,1,-1,-1,1,1,-1,1,-1,1,-1,1,-1,1,1,-1,1,-1,1,-1,1,1,-1,-1,1,1,-1,-1,1,-1,1,-1,-1,1,-1,1,1,-1,-1,1,-1,-1,1,-1,-1,1,-1,1,-1,-1,1,-1,-1,1,-1,-1,-1,1,-1,1,-1,1,-1,1,1,-1,-1,-1,-1,-1,-1,1,-1,-1,1,1,-1,-1,1,-1,1,-1,-1,1,-1,1,-1,-1,1,1,-1,-1,-1,-1,-1,-1,-1,-1,-1,1,-1,-1,1,1,-1,-1,-1,1,-1,1,1,-1,-1,-1,-1,-1,-1,-1,-1,-1,-1,1,-1,1,1,-1,-1,-1,-1,1,-1,-1,1,-1,-1,-1,1,-1,1,-1,-1,-1,-1,-1,-1,1,-1,1,-1,-1,1,-1,1,1,1,-1,-1,-1,-1,1,-1,1,-1,-1,-1,1,1,1,-1,1,1,-1,1,1,1,1,1,1,1,-1,-1,1,-1,1,-1,1,1,-1,1,1,-1,1,-1,-1,-1,1,1,-1,1,1,-1,-1,-1,1,-1,1,1,-1,-1,-1,1,-1,-1,-1,-1,1,-1,1,-1,-1,-1,-1,-1,-1,1,-1,1,1,1,1,-1,1,-1,1,1,-1,1,-1,1,-1,-1,1,-1,1,-1,-1,1,1,1,1,1,1,-1,1,1,1,-1,1,-1,1,1,1,1,-1,-1,-1,1,1,1,1,-1,1,-1,1,-1,1,-1,1,1,-1,-1,1,1,1,-1,1,-1,-1,1,1,1,1,1,1,-1,1,1,1,1,1,1,-1,1,-1,1,-1,1,1,-1,1,1,1,1,1,1,-1,1,-1,1,1,1,1,-1,1,1,-1,1,1,1,1,1,1,1,1,1,1,-1,-1,1,-1,1,1,-1,-1,-1,1,-1,1,1,-1,-1,1,-1,1,1,1,-1,-1,1,-1,1,-1,-1,1,-1,-1,-1,1,-1,1,-1,-1,1,-1,1,1,1,-1,-1,1,-1,1,1,1,-1,-1,1,-1,1,-1,1,-1,1,-1,-1,1,1,1,-1,1,1,-1,1,1,1,-1,-1,-1,1,-1,1,1,-1,-1,-1,-1,-1,1,1,-1,1,-1,1,-1,1,1,-1,-1,-1,-1,-1,1,-1,-1,-1,-1,-1,1,-1,-1,-1,-1,-1,1,-1,1,-1,-1,-1,-1,1,-1,1,1,-1,-1,-1,1,1,1,1,-1,1,-1,1,-1,1,-1,-1,-1,-1,-1,1,1,1,-1,-1,-1,1,-1,1,1,-1,1,-1,-1,1,1,1,-1,-1,-1,-1,-1,1,-1,-1,-1,1,-1,1,1,-1,-1,-1,1,-1,1,1,1,-1,1,1,-1,1,1,1,-1,1,-1,1,1,1,-1,-1,1,-1,-1,1,-1,1,1,-1,1,-1,1,1,1,-1,1,-1,-1,1,1,1,1,-1,1,-1,1,1,1,1,1,-1,-1,1,1,-1,1,1,-1,-1,1,1,-1,1,-1,-1,-1,1,-1,1,1,1,-1,1,1,1,-1,1,1,-1,-1,1,1,-1,1,1,-1,1,1,1,-1,1,1,-1,1,-1,1,1,1,1,-1,1,-1,1,1,1,-1,1,1,1,1,1,1,1,1,-1,1,1,1,-1,1,1,1,1,1,-1,1,1,-1,1,1,1,-1,1,1,1,1,-1,1,-1,1,1,1,-1,1,1,1,1,-1,1,1,1,-1,-1,1,1,1,-1,1,-1,-1,1,1,-1,1,-1,1,1,-1,1,1,-1,-1,1,1,1,-1,1,1,1,1,1,-1,1,1,1,1,1,-1,-1,1,1,-1,1,1,1,-1,1,1,-1,-1,-1,-1,-1,1,1,-1,1,1,1,-1,1,1,-1,-1,1,-1,-1,1,1,-1,1,1,1,-1,1,1,-1,1,1,1,-1,-1,1,-1,1,1,1,1,-1,1,-1,1,-1,-1,-1,-1,1,-1,-1,1,1,-1,-1,1,-1,1,1,-1,1,-1,1,1,-1,1,-2664.0,1,2000,445,1500,True
2043,-1,-1,1,1,1,1,-1,1,-1,-1,1,-1,1,1,-1,-1,1,-1,1,-1,-1,1,-1,-1,-1,1,-1,-1,-1,-1,-1,-1,1,-1,-1,1,1,-1,-1,1,-1,-1,1,-1,-1,-1,-1,-1,1,-1,-1,-1,1,1,-1,-1,-1,1,-1,-1,1,-1,-1,1,-1,1,-1,-1,-1,-1,1,-1,-1,-1,1,-1,-1,1,-1,-1,-1,-1,-1,-1,-1,-1,-1,1,-1,-1,1,-1,-1,1,1,-1,-1,-1,-1,1,1,1,-1,-1,1,-1,-1,1,1,-1,-1,-1,-1,-1,1,1,-1,-1,1,-1,-1,1,1,1,-1,-1,-1,-1,1,1,1,-1,1,-1,-1,1,1,1,-1,1,-1,-1,1,1,1,-1,1,-1,-1,-1,1,1,-1,-1,1,-1,-1,1,1,-1,1,1,-1,-1,1,1,-1,1,1,-1,1,1,-1,-1,1,-1,-1,1,1,-1,1,-1,1,-1,1,1,-1,1,1,-1,-1,-1,1,1,1,1,1,-1,1,1,-1,1,1,1,-1,-1,1,1,-1,1,1,-1,1,1,-1,1,1,1,-1,1,1,1,1,1,1,1,-1,1,-1,-1,1,1,1,-1,1,1,-1,1,1,-1,-1,1,-1,1,1,1,1,-1,1,1,-1,1,1,-1,1,1,-1,1,1,1,-1,-1,1,-1,1,-1,1,1,1,1,-1,1,-1,1,1,1,1,-1,1,-1,1,1,1,1,-1,-1,1,1,1,1,1,1,-1,1,1,1,-1,1,1,1,-1,1,1,1,1,-1,1,-1,1,-1,1,-1,1,1,1,1,1,1,1,-1,-1,1,1,-1,1,1,1,1,-1,1,1,1,1,1,1,1,1,1,1,1,1,-1,1,1,1,1,1,1,-1,1,1,1,1,-1,1,1,-1,1,1,1,1,1,-1,1,1,1,1,1,1,-1,1,-1,1,1,1,1,-1,1,-1,1,1,1,1,1,1,-1,1,-1,-1,1,-1,1,1,-1,1,1,1,1,-1,1,-1,1,-1,1,-1,1,-1,-1,1,-1,-1,-1,1,1,-1,1,-1,1,-1,1,-1,1,-1,1,1,-1,1,-1,1,-1,1,1,1,1,-1,-1,-1,-1,1,-1,-1,1,-1,-1,1,-1,-1,1,-1,-1,1,-1,-1,1,-1,1,-1,1,-1,1,-1,1,-1,-1,1,1,-1,1,-1,1,-1,-1,1,-1,-1,-1,-1,-1,-1,1,-1,-1,1,1,-1,-1,1,-1,1,-1,-1,1,-1,1,-1,-1,1,1,-1,1,1,-1,-1,-1,-1,-1,1,1,-1,-1,1,1,-1,1,-1,1,-1,1,1,-1,1,-1,-1,-1,-1,-1,-1,1,-1,1,-1,1,1,-1,1,-1,-1,1,-1,-1,1,-1,1,-1,1,-1,1,-1,1,1,-1,-1,-1,1,-1,1,-1,-1,1,-1,1,1,-1,1,-1,-1,-1,1,-1,-1,1,-1,-1,1,1,1,1,1,1,-1,1,1,1,-1,-1,-1,1,-1,1,1,-1,1,-1,1,-1,-1,1,-1,-1,1,-1,-1,1,-1,-1,-1,1,1,-1,1,1,-1,-1,1,1,-1,-1,1,-1,-1,-1,-1,-1,1,1,-1,-1,-1,-1,-1,1,1,-1,-1,1,1,1,-1,1,-1,1,1,1,-1,1,1,-1,1,-1,1,-1,-1,1,1,-1,1,1,1,1,1,1,-1,-1,1,-1,1,1,1,-1,-1,1,-1,1,1,-1,-1,1,1,-1,1,1,-1,1,1,-1,1,1,1,1,-1,1,1,-1,1,1,1,-1,1,1,1,1,1,1,-1,-1,1,1,1,1,1,-1,1,1,-1,1,1,1,-1,-1,1,1,1,1,1,-1,-1,1,-1,1,1,1,-1,-1,-1,1,1,1,1,-1,-1,1,1,1,1,1,-1,-1,1,1,1,-1,-1,1,-1,1,-1,1,1,-1,-1,-1,1,1,1,-1,1,-1,-1,1,1,-1,1,-1,-1,1,-1,1,1,-1,1,-1,-1,1,-1,1,-1,1,-1,-1,1,-1,1,-1,1,-1,1,-1,1,1,-1,-1,-1,-1,1,-1,1,-1,1,-1,1,-1,-1,1,1,-1,-1,1,-1,-1,1,-1,1,1,-1,1,-1,1,-1,1,-1,-1,1,-1,1,1,-1,-1,1,1,-1,1,-1,-1,-1,1,-1,-1,-1,1,-1,-1,1,-1,1,1,-1,-1,-1,-1,-1,-1,1,-1,-1,-1,1,1,1,1,-1,-1,1,1,-1,-1,1,-1,-1,-1,1,-1,1,1,-1,-1,-1,1,-1,1,1,-1,1,-1,-1,1,1,1,-1,-1,-1,-1,-1,1,-1,-1,-1,1,-1,1,1,-1,-1,-1,1,-1,1,1,1,-1,1,-1,-1,1,1,1,-1,1,-1,1,1,1,-1,-1,1,-1,-1,1,1,1,-1,1,-1,-1,1,1,1,1,1,-1,-1,1,1,-1,1,1,-1,-1,1,1,1,1,1,-1,-1,1,1,1,1,1,1,-1,1,1,-1,1,1,-1,-1,1,-1,1,1,1,1,-1,-1,1,-1,1,1,1,-1,1,1,1,1,-1,1,-1,1,1,1,1,1,1,1,-1,1,1,1,1,-1,1,-1,1,1,1,1,1,1,1,1,1,1,-1,1,-1,1,1,1,-1,1,1,1,1,1,1,1,1,-1,1,1,1,1,1,-1,-1,1,-1,1,1,1,-1,1,-1,1,1,1,1,-1,-1,1,1,-1,1,1,-1,-1,1,1,-1,1,1,1,-1,1,-1,1,1,1,-1,-1,-1,-1,1,1,1,-1,1,1,1,1,1,-1,-1,1,1,1,1,1,1,-1,1,-1,1,1,1,-1,-1,-1,-1,-1,-1,-1,-1,-1,1,-1,1,1,1,-1,1,1,-1,-1,1,1,1,-1,1,-1,1,1,1,-1,-1,1,-1,1,1,1,-1,-1,1,-1,1,1,1,-1,-1,1,-1,1,-1,1,1,-1,1,-1,-1,1,1,1,-1,-1,-1,1,1,1,1,-1,1,-1,-1,1,-2664.0,1,2000,445,500,False
2044,1,1,-1,-1,1,1,-1,-1,1,1,1,-1,1,1,1,1,-1,1,-1,-1,1,-1,1,1,1,1,-1,-1,1,1,1,1,-1,-1,-1,-1,1,-1,1,1,-1,-1,-1,1,1,1,1,-1,1,1,1,1,-1,1,-1,-1,1,-1,1,1,1,-1,-1,-1,1,1,1,1,-1,-1,-1,1,1,1,1,-1,-1,-1,1,1,1,-1,-1,-1,1,1,1,1,-1,-1,-1,1,1,1,1,-1,-1,1,1,-1,1,1,-1,-1,1,1,1,1,1,-1,-1,1,1,-1,1,1,-1,-1,1,1,1,1,1,1,-1,1,1,1,-1,1,1,-1,1,1,1,1,1,1,-1,-1,1,1,-1,1,1,-1,1,1,1,1,1,1,-1,-1,-1,1,-1,1,1,-1,1,1,1,1,-1,1,-1,1,-1,1,1,1,-1,-1,1,1,1,-1,1,-1,1,-1,-1,1,1,1,-1,1,1,1,1,-1,1,1,1,1,-1,1,-1,1,-1,1,1,-1,1,-1,1,1,-1,1,-1,1,-1,1,-1,1,1,-1,1,-1,1,1,1,1,-1,-1,1,1,-1,-1,1,-1,1,1,-1,1,-1,1,-1,1,-1,1,-1,1,1,-1,-1,1,1,1,-1,1,-1,1,1,1,-1,1,1,-1,1,-1,1,-1,1,-1,1,-1,1,1,-1,1,-1,-1,1,1,1,-1,1,-1,-1,-1,-1,1,-1,-1,1,1,-1,-1,1,1,-1,1,1,-1,1,1,1,1,-1,1,-1,1,1,-1,1,-1,1,1,-1,1,1,1,1,1,-1,-1,1,-1,-1,-1,1,1,-1,1,1,1,-1,1,-1,-1,1,1,1,1,1,-1,1,1,1,-1,-1,1,-1,1,1,1,-1,1,1,-1,1,-1,1,1,-1,1,-1,1,1,1,-1,1,1,-1,1,1,1,-1,1,-1,-1,1,1,1,-1,1,-1,-1,1,1,1,-1,1,-1,-1,-1,-1,1,-1,1,1,-1,1,1,1,1,1,1,-1,-1,-1,1,-1,1,-1,-1,1,-1,-1,-1,1,1,-1,1,-1,1,-1,1,-1,1,-1,1,1,1,1,-1,1,-1,1,1,-1,1,-1,-1,-1,-1,1,1,1,1,-1,-1,1,1,1,1,-1,-1,1,-1,-1,1,-1,1,-1,1,-1,1,1,1,-1,-1,1,1,-1,1,-1,1,-1,-1,1,-1,1,1,-1,-1,-1,1,-1,-1,1,1,-1,-1,1,-1,1,1,-1,1,-1,1,-1,-1,1,1,-1,-1,1,-1,1,1,-1,-1,1,1,-1,1,-1,1,-1,1,-1,-1,1,-1,1,-1,1,-1,-1,1,1,-1,-1,1,-1,-1,1,-1,1,-1,1,-1,-1,1,1,-1,1,-1,1,-1,1,1,1,-1,1,1,-1,-1,1,1,-1,1,-1,-1,-1,1,1,1,1,1,-1,-1,-1,1,-1,1,1,-1,-1,1,1,1,-1,1,1,-1,1,1,1,1,-1,-1,1,1,-1,-1,1,-1,-1,1,-1,1,-1,1,-1,1,-1,-1,-1,1,1,-1,1,1,-1,-1,-1,1,-1,1,1,-1,1,-1,1,-1,-1,-1,-1,-1,-1,1,-1,-1,-1,-1,-1,-1,1,-1,1,1,1,1,-1,1,-1,1,1,-1,-1,-1,1,-1,-1,1,-1,1,-1,-1,1,1,1,1,-1,-1,1,1,1,1,-1,1,-1,-1,1,1,1,-1,-1,-1,1,1,1,1,-1,1,-1,1,-1,1,-1,1,1,-1,-1,1,1,1,-1,-1,-1,-1,1,1,1,1,-1,-1,-1,1,1,1,1,-1,-1,-1,1,-1,1,-1,-1,-1,-1,1,1,1,1,-1,1,-1,1,-1,1,1,-1,-1,-1,1,1,-1,1,-1,-1,-1,1,1,1,1,-1,-1,1,-1,1,-1,1,-1,1,1,-1,1,1,-1,-1,-1,1,1,-1,1,1,-1,1,-1,1,-1,1,-1,-1,-1,1,-1,1,-1,-1,-1,1,-1,1,-1,1,-1,-1,-1,-1,1,-1,1,-1,1,-1,1,1,-1,1,-1,1,1,-1,-1,-1,1,-1,-1,-1,1,1,1,-1,-1,-1,-1,1,-1,1,-1,-1,-1,-1,-1,-1,-1,1,-1,-1,-1,1,-1,-1,1,-1,-1,-1,-1,-1,1,1,-1,-1,-1,-1,-1,1,-1,-1,-1,1,-1,-1,1,-1,1,-1,-1,-1,-1,-1,-1,-1,1,-1,-1,-1,1,1,-1,-1,-1,1,-1,1,-1,-1,-1,1,-1,-1,1,-1,1,-1,-1,-1,-1,1,-1,1,1,-1,1,-1,-1,1,1,-1,-1,-1,-1,-1,-1,1,1,-1,-1,1,-1,1,1,-1,-1,-1,1,-1,1,1,-1,-1,1,-1,-1,1,1,1,-1,1,-1,1,1,1,-1,-1,1,-1,-1,1,1,1,-1,1,-1,-1,1,1,-1,1,1,-1,-1,1,1,-1,1,1,-1,-1,1,1,-1,1,1,-1,-1,1,1,1,1,1,1,-1,-1,1,1,1,1,-1,-1,1,-1,1,1,1,1,-1,-1,1,-1,1,1,1,-1,1,1,1,1,-1,1,-1,1,1,1,1,1,1,1,-1,1,1,1,1,-1,1,-1,1,1,1,1,1,-1,1,1,1,1,-1,1,1,-1,1,1,-1,1,1,-1,-1,1,1,1,1,-1,1,-1,1,1,1,-1,-1,1,-1,1,1,1,-1,1,-1,-1,1,1,1,-1,-1,1,-1,-1,1,1,1,-1,1,-1,-1,1,1,1,-1,1,-1,-1,1,1,-1,-1,-1,1,-1,1,1,-1,1,1,-1,-1,1,-1,-1,1,-1,-1,-1,1,1,-1,1,1,-1,1,1,-1,-1,1,-1,1,-1,-1,-1,-1,1,-1,-1,1,1,-1,1,1,-1,1,-1,1,1,-1,1,-1,1,1,1,1,-1,1,-1,-1,-1,1,1,-1,1,-1,1,-1,1,1,-1,1,-1,1,1,-1,-1,-1,1,-1,-1,-1,1,-1,-1,-1,1,-1,1,-1,1,-1,1,-1,-1,1,-2664.0,1,2000,445,0,False
2045,-1,-1,1,1,1,1,-1,1,-1,-1,-1,1,-1,1,-1,-1,1,-1,1,1,-1,1,-1,-1,-1,1,-1,-1,-1,-1,-1,-1,1,1,-1,1,1,-1,-1,-1,1,-1,1,-1,-1,-1,1,1,-1,-1,1,-1,1,1,1,-1,-1,1,-1,-1,1,1,1,1,-1,-1,-1,1,1,-1,1,-1,-1,-1,1,-1,-1,1,-1,-1,-1,-1,1,-1,-1,-1,-1,1,1,1,-1,-1,-1,-1,1,1,-1,1,-1,1,-1,1,1,-1,1,-1,-1,-1,1,1,-1,1,-1,1,-1,1,1,-1,1,-1,-1,-1,1,1,-1,1,-1,-1,1,1,1,-1,1,-1,-1,1,1,1,-1,-1,-1,-1,1,1,1,-1,1,-1,-1,-1,1,1,-1,-1,1,-1,-1,1,1,-1,1,-1,-1,-1,1,1,-1,1,1,-1,1,1,-1,-1,1,-1,-1,-1,1,-1,1,-1,1,-1,1,1,-1,1,1,-1,-1,1,1,1,1,1,1,-1,1,1,-1,1,1,1,-1,1,1,1,-1,1,1,-1,1,1,-1,1,1,1,1,1,1,1,1,1,1,1,-1,1,-1,-1,1,1,-1,1,-1,1,-1,1,1,1,1,1,-1,1,1,1,1,1,-1,1,-1,1,1,1,1,1,-1,1,1,1,1,-1,1,-1,1,-1,1,-1,-1,1,-1,1,-1,1,1,-1,1,-1,1,-1,1,-1,1,1,-1,-1,1,1,1,1,1,1,-1,1,1,1,-1,-1,1,1,-1,1,-1,-1,-1,1,-1,-1,1,1,1,-1,1,1,1,1,-1,-1,-1,-1,-1,-1,-1,1,-1,-1,1,1,-1,1,-1,1,-1,1,1,-1,1,-1,-1,1,1,-1,-1,1,-1,-1,1,1,-1,1,1,-1,1,-1,1,1,-1,1,-1,1,1,1,-1,1,1,-1,-1,1,1,-1,1,-1,-1,-1,1,1,-1,1,-1,-1,1,-1,1,-1,1,-1,-1,1,-1,1,-1,1,1,-1,1,-1,1,1,-1,1,-1,-1,1,1,-1,1,-1,-1,1,1,-1,-1,1,1,-1,1,-1,1,-1,1,-1,1,1,-1,1,1,1,-1,1,1,-1,1,-1,1,-1,-1,1,-1,1,1,1,1,-1,1,1,1,1,1,-1,-1,1,-1,-1,1,-1,1,-1,-1,1,-1,1,1,-1,-1,-1,1,-1,1,-1,1,1,-1,1,-1,1,1,-1,-1,-1,1,-1,-1,1,1,-1,-1,1,-1,1,1,-1,1,-1,1,-1,-1,1,1,-1,-1,-1,-1,1,1,-1,1,-1,1,-1,1,-1,1,-1,-1,1,-1,1,-1,1,-1,-1,-1,-1,1,-1,-1,1,-1,-1,-1,1,-1,1,1,1,-1,-1,1,-1,-1,1,-1,-1,-1,1,1,1,-1,1,-1,-1,-1,1,1,-1,1,-1,-1,1,-1,1,1,1,-1,-1,-1,1,1,-1,1,-1,-1,-1,1,1,1,-1,1,1,-1,1,1,1,1,1,-1,1,-1,1,1,-1,1,-1,1,-1,-1,1,-1,-1,1,-1,-1,1,-1,-1,-1,1,1,-1,1,1,-1,-1,1,1,-1,-1,1,-1,-1,-1,-1,-1,1,1,-1,-1,-1,-1,-1,1,1,-1,-1,1,1,1,-1,1,-1,-1,1,1,-1,1,1,-1,-1,-1,1,-1,-1,1,1,-1,1,1,1,1,1,-1,1,1,1,-1,1,1,1,-1,1,1,-1,1,1,-1,1,1,1,-1,1,1,-1,-1,1,1,1,-1,1,-1,1,1,-1,-1,1,1,-1,1,1,-1,1,1,1,1,1,1,1,1,1,1,-1,1,-1,1,-1,1,1,1,1,1,1,1,1,1,-1,1,-1,1,-1,1,1,1,-1,1,-1,1,1,1,1,1,1,1,1,1,1,-1,1,1,-1,-1,1,-1,-1,1,1,1,-1,1,1,-1,1,-1,-1,1,1,-1,-1,1,-1,1,-1,1,1,-1,1,-1,1,-1,1,-1,1,1,-1,1,-1,1,1,-1,1,-1,1,-1,1,1,-1,1,-1,1,-1,1,1,-1,1,1,1,1,1,-1,1,1,-1,1,1,1,1,-1,1,-1,1,-1,1,1,-1,1,1,-1,1,1,-1,1,1,1,-1,1,1,1,-1,1,-1,-1,1,1,-1,1,1,-1,1,-1,1,-1,-1,1,1,-1,1,1,-1,-1,1,1,-1,1,1,-1,-1,-1,1,1,1,1,-1,1,1,1,-1,1,1,-1,-1,1,-1,1,1,1,-1,-1,-1,1,-1,1,1,-1,1,-1,-1,1,1,1,-1,-1,-1,-1,-1,1,-1,-1,-1,1,-1,1,1,-1,-1,-1,1,-1,1,1,1,-1,1,-1,-1,1,1,1,-1,1,-1,1,1,1,-1,-1,1,-1,-1,1,1,-1,-1,1,-1,-1,1,1,-1,1,1,-1,-1,1,1,-1,-1,1,-1,-1,1,1,-1,-1,1,-1,-1,1,1,-1,1,1,1,-1,-1,1,-1,-1,1,-1,-1,1,-1,-1,-1,1,1,-1,-1,1,-1,1,1,1,-1,1,1,-1,1,-1,1,-1,1,1,-1,1,1,1,1,-1,1,-1,1,1,-1,1,-1,1,-1,1,1,1,-1,1,1,1,1,-1,1,1,-1,1,1,-1,1,1,-1,-1,1,-1,1,1,-1,1,-1,1,-1,1,-1,-1,1,-1,1,-1,1,-1,1,-1,-1,-1,1,1,-1,-1,1,-1,-1,-1,1,-1,-1,1,-1,-1,-1,1,1,-1,1,-1,-1,1,1,-1,-1,-1,1,-1,1,1,-1,1,1,-1,1,1,-1,-1,1,-1,-1,-1,-1,1,-1,1,1,-1,1,1,-1,-1,-1,-1,1,-1,-1,-1,-1,1,-1,-1,1,1,-1,1,1,-1,1,1,1,1,-1,1,-1,1,1,1,1,-1,1,-1,-1,-1,1,1,-1,1,-1,1,1,1,1,-1,1,-1,1,1,1,-1,-1,1,-1,-1,1,1,-1,-1,-1,1,-1,1,-1,1,-1,1,-1,-1,1,-2664.0,1,2000,445,1500,True
2046,1,1,-1,-1,1,1,-1,-1,1,1,1,-1,1,1,1,1,-1,1,1,-1,1,-1,1,1,1,1,-1,-1,1,1,1,1,-1,-1,-1,-1,1,1,1,1,-1,-1,-1,1,1,1,1,-1,1,1,1,1,-1,1,-1,-1,1,-1,1,1,1,-1,-1,-1,1,1,1,1,-1,-1,-1,1,1,1,1,-1,-1,-1,1,1,1,-1,-1,-1,1,1,1,1,-1,-1,-1,1,1,1,1,-1,-1,1,1,-1,1,1,-1,-1,1,1,1,1,1,-1,-1,1,1,-1,1,1,-1,-1,1,1,1,1,1,1,-1,-1,1,1,-1,1,1,-1,1,1,1,1,1,1,-1,-1,1,1,-1,1,1,-1,1,1,1,1,1,1,-1,-1,-1,1,1,1,1,-1,1,1,1,1,-1,1,-1,1,-1,1,1,1,-1,-1,1,1,1,-1,1,-1,1,-1,-1,1,1,1,-1,1,1,1,1,-1,1,1,1,1,1,1,-1,1,-1,1,1,-1,1,-1,1,1,-1,1,-1,1,-1,1,-1,1,1,-1,1,-1,1,1,1,1,-1,-1,1,1,-1,-1,1,-1,1,1,-1,1,-1,1,-1,1,1,1,-1,-1,1,-1,1,1,1,1,-1,1,-1,1,1,1,-1,1,1,-1,1,-1,1,-1,1,-1,1,-1,1,1,-1,1,-1,-1,1,1,1,-1,1,-1,-1,-1,-1,1,-1,-1,1,1,-1,-1,1,1,-1,1,1,-1,1,1,1,1,-1,1,-1,1,1,-1,1,-1,1,1,-1,1,1,1,1,1,-1,-1,1,-1,-1,-1,1,1,-1,1,1,1,-1,1,-1,-1,1,1,1,1,1,-1,1,1,1,-1,-1,1,-1,1,1,1,-1,1,1,-1,1,-1,1,1,-1,1,-1,1,1,1,-1,1,1,-1,1,1,1,-1,1,-1,-1,1,1,1,-1,1,-1,-1,1,1,1,-1,1,-1,-1,-1,-1,1,-1,1,1,-1,1,1,1,1,1,1,-1,-1,-1,1,-1,1,-1,-1,1,-1,-1,-1,1,-1,-1,1,-1,1,-1,1,-1,1,-1,1,1,1,1,-1,1,-1,1,1,-1,1,-1,-1,-1,-1,1,1,1,1,-1,-1,1,1,1,1,-1,-1,1,-1,-1,1,-1,1,-1,1,-1,1,1,1,-1,-1,1,1,-1,1,-1,1,-1,-1,1,-1,1,1,-1,-1,-1,1,-1,-1,1,1,-1,-1,1,-1,1,1,-1,1,-1,1,-1,-1,1,1,-1,1,1,-1,1,1,-1,-1,1,1,-1,1,-1,1,-1,1,1,-1,1,-1,1,-1,1,-1,-1,1,1,-1,-1,1,-1,-1,1,-1,1,-1,1,-1,-1,1,1,-1,1,-1,1,-1,1,1,1,-1,1,1,-1,-1,1,1,-1,1,-1,-1,-1,1,1,1,-1,1,-1,-1,-1,1,-1,-1,1,-1,-1,1,1,1,1,1,1,-1,1,1,1,-1,-1,1,1,1,-1,-1,1,-1,1,1,-1,1,-1,1,-1,1,-1,-1,-1,1,1,-1,1,1,-1,-1,-1,1,-1,1,1,-1,1,-1,1,-1,-1,-1,-1,-1,-1,1,-1,-1,-1,-1,-1,-1,1,-1,1,1,1,1,-1,1,-1,1,1,-1,-1,-1,1,-1,-1,1,-1,1,-1,-1,1,1,1,1,-1,-1,1,1,1,1,-1,1,-1,-1,1,1,1,-1,-1,-1,-1,1,1,1,-1,1,-1,1,-1,1,-1,1,1,-1,-1,1,1,1,-1,-1,-1,-1,1,1,1,1,-1,-1,-1,1,1,1,1,-1,-1,-1,1,-1,1,-1,-1,-1,1,1,1,1,1,-1,1,-1,1,-1,1,-1,-1,-1,-1,1,1,-1,1,-1,-1,-1,1,1,1,1,-1,-1,1,-1,1,-1,1,-1,1,1,-1,1,1,-1,-1,-1,1,1,-1,1,1,-1,1,-1,1,-1,1,1,-1,-1,1,-1,1,-1,1,-1,1,-1,1,-1,1,-1,-1,-1,-1,-1,-1,1,-1,-1,-1,1,1,-1,-1,1,-1,1,-1,-1,-1,-1,-1,-1,-1,1,1,1,-1,-1,-1,-1,1,-1,1,-1,-1,-1,-1,-1,-1,-1,1,-1,-1,-1,1,-1,-1,1,-1,-1,-1,-1,-1,1,1,-1,-1,-1,-1,-1,1,-1,-1,-1,1,-1,-1,1,-1,1,-1,-1,-1,-1,-1,-1,-1,1,-1,-1,-1,1,1,1,-1,-1,1,-1,1,-1,-1,-1,1,-1,-1,1,-1,1,-1,-1,-1,-1,1,-1,1,1,-1,1,-1,-1,1,1,-1,-1,-1,-1,-1,-1,1,1,-1,-1,1,-1,1,1,-1,-1,-1,1,-1,-1,1,-1,-1,1,-1,-1,1,1,1,-1,1,-1,1,1,1,-1,-1,1,-1,-1,1,1,1,-1,1,-1,-1,1,1,-1,1,1,-1,-1,1,1,-1,1,1,-1,-1,1,1,-1,1,1,-1,-1,1,1,1,1,-1,1,-1,-1,1,-1,1,1,-1,-1,1,-1,1,1,1,1,-1,-1,1,-1,1,1,1,-1,1,1,1,1,-1,1,-1,1,1,1,1,1,1,1,-1,1,1,1,1,-1,1,-1,1,1,1,1,1,-1,1,1,1,1,-1,1,1,-1,1,1,-1,1,1,-1,-1,1,1,1,1,-1,1,-1,1,1,1,-1,-1,1,-1,1,1,1,-1,1,-1,-1,1,1,1,-1,-1,1,-1,-1,1,1,1,-1,1,-1,-1,1,1,1,-1,1,-1,-1,1,1,-1,-1,-1,1,-1,1,1,-1,1,1,-1,-1,1,-1,-1,1,-1,1,-1,1,1,-1,1,1,-1,1,1,-1,-1,1,-1,1,-1,-1,-1,-1,1,-1,-1,1,1,-1,1,1,-1,1,-1,1,1,-1,1,-1,1,1,1,1,-1,1,-1,-1,-1,1,1,-1,1,-1,1,-1,1,1,-1,1,-1,1,1,-1,-1,-1,1,-1,-1,-1,1,-1,-1,-1,1,-1,1,-1,1,-1,1,-1,-1,1,-2664.0,1,2000,445,500,False
2047,-1,-1,1,1,1,1,-1,1,-1,-1,-1,1,-1,1,-1,-1,1,-1,1,1,-1,1,-1,-1,-1,1,-1,-1,1,-1,-1,-1,1,1,-1,1,1,-1,-1,-1,1,-1,1,-1,-1,-1,1,1,-1,-1,1,-1,-1,1,1,-1,-1,1,-1,-1,1,1,1,1,-1,-1,-1,1,1,-1,1,-1,-1,-1,1,-1,-1,1,-1,-1,-1,1,1,-1,-1,-1,-1,1,1,1,-1,-1,-1,-1,1,1,-1,1,-1,1,-1,1,1,-1,1,-1,-1,-1,1,1,-1,1,-1,1,-1,1,1,-1,1,-1,-1,-1,1,1,-1,1,-1,-1,-1,1,1,-1,1,-1,-1,1,1,1,-1,-1,-1,-1,1,1,1,-1,1,-1,-1,-1,1,1,-1,-1,1,-1,1,1,1,-1,1,-1,-1,-1,1,1,-1,1,1,-1,1,1,1,-1,1,-1,-1,-1,1,-1,1,-1,1,-1,1,1,-1,1,1,-1,-1,1,1,1,1,1,1,-1,1,1,-1,1,1,1,-1,1,1,1,-1,1,1,-1,1,1,-1,1,1,1,1,1,1,1,1,1,1,1,-1,1,-1,-1,1,1,-1,1,-1,1,1,1,1,1,1,1,-1,1,1,1,1,1,-1,1,-1,1,1,1,1,1,-1,1,1,1,1,-1,1,-1,1,-1,1,-1,-1,1,-1,1,-1,1,1,-1,1,-1,1,-1,1,-1,1,1,-1,-1,1,1,1,1,1,1,-1,1,1,1,-1,-1,1,-1,-1,1,-1,-1,-1,-1,1,-1,1,1,1,-1,1,-1,-1,1,-1,-1,-1,-1,1,-1,-1,1,-1,-1,1,1,-1,1,-1,1,-1,1,-1,-1,1,-1,-1,1,1,1,-1,1,-1,-1,1,1,-1,1,1,-1,1,-1,1,-1,1,1,-1,1,1,1,1,1,1,-1,-1,1,1,1,1,-1,-1,-1,1,1,1,1,-1,-1,1,-1,1,1,1,-1,-1,1,-1,1,-1,1,1,-1,1,-1,1,1,1,1,-1,-1,1,1,1,-1,-1,-1,1,1,-1,-1,1,1,-1,1,-1,1,-1,1,-1,1,1,-1,1,1,1,-1,1,1,-1,1,-1,1,-1,-1,1,-1,1,1,1,1,-1,1,1,-1,1,1,-1,-1,1,-1,-1,1,-1,1,-1,-1,1,-1,-1,1,-1,-1,-1,1,-1,1,-1,1,-1,1,1,-1,1,-1,-1,-1,-1,1,-1,-1,1,1,-1,-1,1,-1,1,1,-1,1,-1,1,-1,1,-1,1,-1,-1,-1,-1,1,-1,-1,1,-1,1,-1,1,-1,1,-1,-1,-1,1,1,-1,1,-1,-1,-1,-1,1,-1,-1,-1,-1,-1,1,-1,-1,1,-1,1,-1,-1,1,-1,-1,1,-1,-1,-1,1,-1,1,-1,1,-1,-1,1,-1,1,-1,1,-1,-1,1,-1,1,1,1,-1,-1,-1,1,1,-1,1,-1,1,-1,1,1,1,-1,1,1,-1,1,1,1,1,1,-1,1,-1,1,1,-1,1,-1,1,-1,-1,1,-1,-1,1,-1,-1,1,-1,-1,-1,1,1,-1,1,1,-1,-1,1,1,-1,-1,1,-1,-1,-1,-1,-1,1,1,-1,-1,-1,-1,-1,1,1,-1,-1,1,1,1,-1,1,-1,-1,1,1,-1,1,1,-1,-1,-1,1,-1,-1,1,1,-1,1,1,1,1,1,-1,1,1,1,-1,1,1,1,-1,1,1,-1,1,1,-1,1,1,1,-1,1,1,-1,-1,1,-1,1,-1,1,-1,1,1,1,-1,1,1,-1,1,1,1,1,1,1,1,1,1,1,1,1,1,-1,1,-1,1,-1,1,1,1,1,1,1,1,1,1,-1,1,-1,1,1,1,1,1,-1,1,-1,1,1,1,1,1,1,1,1,1,1,-1,1,1,-1,-1,1,-1,-1,1,1,1,-1,1,1,-1,1,-1,-1,1,1,-1,-1,1,-1,1,-1,1,1,-1,1,-1,1,-1,1,-1,1,1,-1,1,-1,1,1,-1,1,-1,1,-1,1,1,-1,1,-1,1,-1,1,1,-1,1,1,1,1,1,-1,1,1,-1,1,1,1,1,-1,1,-1,1,-1,1,1,-1,1,1,-1,1,1,-1,1,1,1,-1,1,1,1,-1,1,-1,-1,1,1,-1,1,1,-1,1,-1,1,-1,-1,1,1,-1,1,1,-1,-1,1,1,-1,1,1,-1,-1,-1,1,1,1,1,-1,1,1,1,-1,1,1,-1,-1,1,-1,1,1,-1,-1,-1,-1,1,-1,1,1,-1,1,-1,-1,1,1,1,-1,-1,-1,-1,-1,1,-1,-1,-1,1,-1,1,1,-1,-1,-1,1,-1,1,1,1,-1,1,-1,-1,1,1,1,-1,1,-1,1,1,1,-1,-1,1,-1,-1,1,1,-1,-1,1,-1,-1,1,1,-1,1,1,-1,-1,1,1,-1,-1,1,-1,-1,1,1,-1,-1,1,-1,-1,1,1,-1,1,-1,1,-1,1,1,-1,-1,1,-1,-1,1,-1,-1,-1,1,1,-1,-1,1,-1,1,-1,1,-1,1,1,-1,1,-1,1,-1,1,1,-1,1,1,1,-1,-1,-1,-1,1,1,-1,1,-1,1,-1,1,1,-1,1,-1,1,1,1,-1,-1,1,-1,1,1,-1,1,-1,-1,-1,-1,-1,1,-1,1,-1,-1,1,-1,1,-1,-1,-1,-1,1,-1,1,-1,1,-1,-1,-1,1,1,-1,1,-1,-1,-1,-1,1,-1,1,-1,-1,1,-1,1,1,1,1,-1,-1,1,1,-1,-1,1,1,1,1,1,-1,1,-1,-1,1,1,-1,-1,1,-1,-1,-1,-1,1,-1,1,1,1,1,1,-1,-1,-1,-1,1,-1,-1,-1,-1,1,-1,1,1,1,-1,1,1,-1,1,1,1,1,-1,1,-1,1,1,1,1,-1,1,-1,1,1,1,1,-1,1,-1,1,1,1,1,-1,1,-1,1,1,1,-1,-1,1,-1,-1,1,1,-1,-1,-1,1,-1,1,1,1,-1,1,-1,-1,1,-2664.0,1,2000,445,1500,True
2048,1,1,-1,-1,1,-1,-1,1,1,1,1,-1,1,1,1,1,-1,1,-1,-1,-1,1,1,1,1,-1,-1,-1,1,1,1,1,1,-1,-1,1,-1,1,1,1,-1,-1,1,1,1,1,1,-1,1,-1,1,1,-1,1,-1,-1,1,-1,1,1,1,-1,-1,-1,1,1,1,1,-1,-1,1,-1,1,1,1,-1,-1,-1,1,1,1,-1,-1,-1,-1,1,1,1,-1,-1,-1,1,-1,1,1,-1,-1,1,-1,1,1,1,-1,-1,1,-1,-1,1,1,-1,-1,-1,-1,-1,1,1,-1,-1,1,-1,-1,1,1,1,-1,-1,-1,-1,1,1,1,-1,1,-1,-1,1,1,1,-1,1,-1,-1,1,1,1,-1,1,-1,-1,-1,1,1,-1,-1,1,-1,1,1,1,-1,1,1,-1,-1,1,1,-1,1,1,-1,1,1,-1,-1,1,-1,-1,1,1,-1,1,-1,1,-1,1,1,-1,1,1,-1,-1,-1,1,1,1,1,1,-1,-1,1,-1,1,1,1,-1,-1,1,1,-1,1,1,-1,1,1,-1,1,1,1,-1,1,1,1,1,1,1,1,-1,1,-1,-1,1,1,1,-1,1,1,-1,1,1,-1,-1,1,-1,1,1,1,1,-1,1,1,-1,1,1,-1,1,1,-1,1,-1,1,-1,-1,1,-1,1,1,1,1,1,1,-1,1,-1,1,1,1,1,-1,1,-1,1,1,1,1,-1,-1,1,1,1,1,1,1,-1,1,1,1,-1,1,1,1,-1,1,1,1,1,-1,1,-1,1,1,1,-1,1,1,1,1,1,1,1,-1,-1,-1,1,-1,1,1,1,1,-1,1,1,1,1,1,1,1,1,1,1,1,1,-1,1,1,1,1,1,1,-1,1,1,1,1,-1,1,1,-1,1,1,1,1,1,-1,1,1,1,1,1,1,-1,1,-1,1,1,1,1,-1,1,-1,1,1,1,1,-1,1,-1,1,-1,-1,1,-1,1,1,-1,1,1,1,1,-1,1,-1,1,-1,1,-1,1,-1,-1,1,-1,-1,-1,1,1,1,1,-1,1,-1,1,-1,1,-1,1,1,1,1,-1,1,-1,1,1,-1,1,-1,-1,-1,-1,1,1,1,1,-1,-1,1,1,1,-1,-1,-1,1,-1,-1,1,-1,1,-1,1,-1,1,1,-1,-1,-1,1,1,-1,1,-1,1,-1,-1,1,-1,1,1,-1,-1,-1,1,-1,-1,1,1,-1,-1,-1,-1,1,1,-1,1,-1,1,-1,-1,1,1,-1,1,1,-1,1,1,-1,-1,1,1,-1,1,-1,1,-1,1,-1,-1,1,-1,1,-1,1,-1,-1,1,-1,-1,-1,1,-1,-1,1,-1,1,-1,1,-1,-1,1,-1,-1,1,-1,1,-1,1,1,1,-1,1,1,-1,-1,1,1,-1,1,-1,-1,1,-1,1,1,-1,1,-1,-1,1,1,-1,-1,1,-1,-1,1,1,1,1,1,1,-1,1,1,1,-1,-1,-1,1,-1,1,1,-1,1,-1,1,-1,-1,1,-1,-1,1,-1,-1,1,-1,-1,-1,1,1,-1,-1,1,-1,-1,1,1,-1,-1,1,-1,-1,-1,-1,-1,-1,1,-1,-1,-1,-1,-1,-1,1,-1,-1,1,1,1,1,1,-1,1,1,1,-1,-1,1,-1,-1,-1,1,-1,-1,1,1,-1,1,1,1,-1,1,1,-1,-1,1,-1,-1,-1,1,-1,-1,1,-1,1,1,-1,-1,1,1,-1,1,1,-1,-1,1,-1,1,1,1,1,-1,1,1,-1,-1,1,1,-1,1,1,1,-1,1,1,-1,-1,1,1,1,1,1,-1,1,1,-1,-1,1,1,-1,-1,1,1,-1,1,1,-1,-1,1,-1,-1,1,1,-1,-1,-1,1,-1,1,1,-1,-1,1,1,-1,1,1,-1,-1,-1,1,-1,-1,-1,1,-1,1,-1,-1,1,-1,-1,-1,1,1,-1,1,1,-1,-1,1,1,-1,1,-1,-1,1,-1,1,-1,1,1,-1,-1,1,-1,-1,-1,1,-1,-1,1,-1,-1,-1,1,-1,1,-1,1,-1,-1,-1,1,-1,1,-1,-1,-1,1,-1,1,-1,-1,-1,-1,-1,-1,-1,1,-1,-1,-1,1,1,-1,1,-1,-1,-1,1,-1,-1,1,-1,-1,-1,-1,-1,1,1,-1,-1,-1,-1,-1,1,-1,-1,-1,1,-1,-1,1,-1,1,-1,-1,-1,-1,-1,-1,-1,1,-1,-1,-1,1,1,-1,-1,-1,-1,1,1,-1,-1,-1,-1,-1,-1,1,-1,1,-1,-1,-1,-1,1,-1,1,1,-1,1,-1,-1,1,1,-1,-1,-1,-1,-1,-1,1,1,-1,-1,1,-1,1,1,-1,-1,-1,1,-1,1,1,-1,-1,1,-1,-1,1,1,1,-1,1,-1,1,1,1,-1,-1,1,-1,-1,1,1,1,-1,1,-1,-1,1,1,-1,1,1,-1,-1,1,1,1,1,1,-1,-1,1,1,1,1,1,-1,-1,1,1,1,1,1,1,-1,-1,1,1,-1,1,-1,-1,1,-1,1,1,1,1,-1,-1,1,-1,1,1,1,-1,1,1,1,1,-1,1,-1,1,1,1,1,1,1,1,-1,1,1,1,1,-1,1,-1,1,1,1,1,1,-1,1,1,1,1,-1,1,1,-1,1,1,-1,1,1,-1,-1,1,1,1,1,-1,1,-1,1,1,1,-1,-1,1,-1,1,1,1,-1,1,-1,-1,-1,1,1,-1,-1,1,-1,-1,1,1,-1,-1,1,-1,-1,1,1,1,-1,-1,-1,-1,1,1,-1,-1,-1,1,-1,-1,1,-1,1,1,-1,1,1,-1,-1,1,1,-1,-1,1,1,-1,1,1,-1,1,1,-1,-1,-1,-1,1,-1,-1,-1,-1,-1,1,-1,1,1,-1,1,1,-1,1,1,1,1,-1,1,-1,1,1,1,-1,-1,1,-1,-1,-1,1,-1,1,1,-1,1,1,1,-1,-1,1,-1,1,1,1,1,-1,1,-1,-1,1,1,-1,-1,1,1,-1,1,1,1,-1,1,-1,-1,1,-2664.0,1,2000,445,0,False
2049,-1,-1,1,1,1,1,-1,1,-1,-1,-1,1,-1,1,-1,-1,1,-1,1,1,-1,1,-1,-1,-1,1,-1,-1,1,-1,-1,-1,1,1,-1,1,1,-1,-1,-1,1,-1,1,-1,-1,-1,-1,1,-1,-1,-1,-1,1,-1,1,-1,-1,1,-1,-1,-1,1,1,1,-1,-1,-1,-1,-1,-1,1,-1,-1,-1,-1,-1,-1,1,-1,-1,-1,1,1,-1,-1,-1,-1,-1,-1,1,-1,-1,-1,-1,-1,-1,-1,1,-1,1,-1,-1,-1,-1,1,-1,-1,-1,-1,-1,-1,1,-1,-1,-1,-1,-1,-1,1,-1,-1,-1,-1,-1,-1,1,-1,-1,1,-1,-1,-1,1,-1,-1,1,-1,-1,-1,-1,-1,-1,1,-1,-1,-1,1,-1,-1,-1,-1,-1,-1,-1,1,-1,-1,1,-1,-1,1,1,-1,-1,-1,-1,-1,1,1,-1,-1,-1,-1,-1,1,-1,-1,1,-1,-1,1,-1,1,-1,-1,-1,-1,1,1,-1,-1,1,-1,-1,1,1,1,-1,1,-1,-1,1,1,1,-1,1,-1,-1,-1,1,1,-1,1,-1,-1,1,1,1,1,1,-1,1,1,1,1,1,-1,1,-1,-1,1,1,-1,1,-1,1,-1,1,1,1,1,-1,1,1,1,1,1,1,-1,-1,1,1,1,1,-1,1,1,1,1,1,1,1,-1,1,-1,-1,1,-1,-1,-1,1,1,-1,1,1,-1,-1,1,1,-1,1,-1,1,-1,1,-1,1,1,1,1,-1,1,1,1,1,1,-1,-1,-1,1,-1,1,-1,-1,-1,1,1,-1,1,1,1,-1,-1,1,-1,1,-1,-1,-1,1,1,-1,-1,1,-1,-1,1,1,-1,1,-1,1,-1,1,1,-1,1,-1,-1,-1,1,1,-1,1,-1,-1,1,1,-1,1,1,-1,1,1,1,-1,-1,1,-1,1,1,1,1,1,1,-1,-1,1,1,1,1,-1,-1,-1,1,1,1,1,-1,-1,1,-1,1,1,1,-1,-1,1,-1,1,-1,1,1,-1,1,-1,1,1,1,1,-1,-1,1,1,1,1,-1,-1,1,1,-1,-1,1,1,-1,1,-1,1,-1,1,-1,1,1,-1,1,1,1,-1,1,1,-1,1,-1,1,-1,-1,1,-1,1,1,1,1,-1,1,1,-1,1,1,-1,-1,1,-1,-1,1,-1,1,-1,-1,1,-1,-1,1,-1,-1,-1,1,-1,1,-1,1,1,-1,1,-1,1,1,-1,-1,-1,1,-1,-1,1,1,-1,-1,1,-1,1,1,-1,1,-1,1,-1,1,1,1,-1,-1,-1,-1,1,1,-1,1,-1,1,-1,1,-1,1,-1,-1,-1,1,1,-1,1,-1,-1,-1,-1,1,-1,-1,1,-1,-1,-1,1,1,1,1,1,-1,-1,1,-1,-1,1,-1,-1,-1,1,-1,1,-1,1,-1,-1,1,-1,1,-1,1,-1,-1,1,-1,1,1,1,-1,-1,-1,1,1,-1,1,-1,-1,-1,1,1,1,-1,1,1,-1,1,1,1,1,1,1,1,-1,1,1,-1,1,-1,1,-1,1,-1,-1,-1,1,-1,-1,1,-1,-1,-1,1,1,-1,1,1,-1,-1,1,1,-1,-1,1,-1,-1,-1,-1,-1,1,1,-1,-1,-1,-1,-1,1,1,-1,-1,1,1,1,-1,1,-1,-1,1,1,-1,1,1,-1,-1,-1,1,-1,-1,1,1,-1,1,1,1,1,1,-1,1,1,1,-1,1,1,1,-1,1,1,-1,1,1,-1,1,1,1,-1,1,1,-1,-1,1,1,1,1,1,-1,1,1,-1,-1,1,1,-1,1,1,-1,1,1,1,1,1,1,1,1,1,1,-1,1,-1,1,-1,1,1,1,1,1,1,1,1,1,-1,1,-1,1,-1,1,1,1,-1,1,-1,1,1,1,1,1,1,1,1,1,1,-1,1,1,-1,-1,1,-1,-1,1,1,1,-1,1,1,-1,1,-1,-1,1,1,-1,-1,1,-1,1,-1,1,1,-1,1,-1,1,-1,1,-1,1,1,-1,1,1,1,1,-1,1,-1,1,-1,1,1,-1,1,-1,1,-1,1,1,-1,1,1,1,1,1,-1,1,1,-1,1,1,1,1,-1,1,-1,1,-1,1,1,-1,1,1,-1,1,1,1,-1,1,1,-1,1,1,1,1,1,-1,-1,1,1,1,1,1,-1,1,-1,1,1,1,1,1,-1,1,1,1,1,1,1,-1,1,1,1,1,1,1,1,1,1,1,1,1,1,-1,1,1,1,1,1,-1,1,1,1,1,1,1,1,-1,1,1,1,1,1,-1,1,1,1,1,1,1,-1,-1,1,-1,1,1,1,-1,1,1,1,1,1,-1,-1,1,1,1,1,1,1,-1,1,1,-1,1,1,-1,1,1,1,1,1,1,-1,-1,1,1,1,1,-1,1,-1,1,1,1,1,-1,-1,-1,1,1,1,1,-1,1,-1,1,1,1,1,1,-1,-1,1,1,-1,1,1,-1,-1,1,1,-1,1,-1,-1,-1,1,-1,1,1,1,-1,-1,-1,1,-1,1,1,-1,-1,1,1,-1,1,1,-1,-1,1,1,-1,1,1,-1,-1,-1,-1,1,1,1,-1,1,-1,1,1,1,-1,-1,1,-1,1,1,1,-1,-1,1,-1,1,1,-1,1,-1,-1,-1,1,-1,1,1,-1,-1,-1,1,-1,1,-1,-1,-1,-1,1,-1,1,-1,1,-1,-1,-1,1,1,-1,1,-1,-1,-1,-1,1,-1,1,-1,1,-1,-1,1,1,-1,1,-1,-1,1,1,-1,-1,1,1,-1,1,1,-1,1,-1,-1,1,1,-1,-1,1,-1,-1,-1,-1,1,-1,1,1,-1,1,1,-1,-1,-1,-1,1,-1,-1,-1,-1,1,-1,-1,1,1,-1,1,1,-1,1,1,1,1,-1,1,-1,1,1,1,1,-1,1,-1,-1,1,1,1,-1,1,-1,1,1,1,1,-1,1,-1,1,1,1,-1,-1,1,-1,-1,1,1,-1,-1,-1,1,-1,1,-1,1,-1,1,-1,-1,1,-2664.0,1,2000,445,1500,True
2050,-1,-1,1,1,1,1,-1,1,-1,-1,-1,1,-1,1,-1,-1,1,-1,1,1,-1,1,-1,-1,-1,1,-1,-1,1,-1,-1,-1,1,1,-1,1,1,-1,-1,-1,1,-1,1,-1,-1,-1,1,1,-1,-1,-1,-1,1,1,1,-1,-1,1,-1,-1,1,1,1,1,-1,-1,-1,1,1,-1,1,-1,-1,-1,1,-1,-1,1,-1,-1,-1,1,1,-1,-1,-1,-1,1,1,1,-1,-1,-1,-1,1,1,-1,1,-1,1,-1,1,1,-1,1,-1,-1,-1,1,1,-1,1,-1,-1,-1,1,1,-1,1,-1,-1,-1,1,1,-1,1,-1,-1,-1,1,1,-1,1,-1,-1,1,1,1,-1,-1,-1,-1,1,1,1,-1,1,-1,-1,-1,1,1,-1,-1,1,-1,-1,1,1,-1,1,1,-1,-1,1,1,-1,1,1,-1,1,1,1,-1,1,-1,-1,-1,1,1,1,-1,1,-1,1,1,-1,1,1,-1,-1,1,1,1,1,1,1,-1,1,1,-1,1,1,1,-1,1,1,1,-1,1,1,-1,1,1,-1,1,1,1,1,1,1,1,1,1,1,1,-1,1,-1,-1,1,1,-1,1,-1,1,1,1,1,1,1,1,-1,1,1,1,1,1,-1,1,-1,1,1,1,1,1,-1,1,1,1,1,-1,1,-1,1,-1,1,-1,-1,1,-1,1,-1,1,1,-1,1,-1,1,-1,1,-1,1,1,-1,-1,1,1,1,1,1,1,-1,1,1,1,-1,-1,1,-1,-1,1,-1,-1,-1,-1,1,-1,1,1,1,-1,1,-1,-1,1,-1,-1,-1,-1,1,-1,1,1,-1,-1,1,1,-1,1,-1,1,-1,1,-1,-1,1,-1,-1,1,1,1,-1,1,-1,-1,1,1,-1,1,1,-1,1,-1,1,-1,-1,1,-1,1,1,1,1,1,1,-1,-1,1,1,1,1,-1,-1,-1,1,1,1,1,-1,-1,1,-1,1,1,1,-1,-1,1,-1,1,-1,1,1,-1,1,-1,1,1,1,1,-1,-1,1,1,1,-1,-1,-1,1,1,-1,-1,1,1,-1,1,-1,1,-1,1,-1,1,1,-1,1,1,1,-1,1,1,-1,1,-1,1,-1,-1,1,-1,1,1,1,1,-1,1,1,-1,1,1,-1,-1,1,-1,-1,1,-1,1,-1,-1,1,-1,-1,1,-1,-1,-1,1,-1,1,-1,1,1,-1,1,-1,1,-1,-1,-1,-1,1,-1,-1,1,1,-1,-1,1,-1,1,1,-1,1,-1,1,-1,1,-1,1,-1,-1,-1,-1,1,-1,-1,1,-1,1,-1,1,-1,1,-1,-1,-1,1,1,-1,1,-1,-1,-1,-1,1,-1,-1,1,-1,-1,1,-1,-1,1,1,1,-1,-1,1,-1,-1,1,-1,-1,-1,1,-1,1,-1,1,-1,-1,-1,-1,1,-1,1,-1,-1,1,-1,1,1,1,-1,-1,-1,1,1,-1,1,-1,-1,-1,1,1,1,-1,1,1,-1,1,1,1,1,1,-1,1,-1,1,1,-1,1,-1,1,-1,1,-1,-1,-1,1,-1,-1,1,-1,-1,-1,1,1,-1,1,1,-1,-1,1,1,-1,-1,1,-1,-1,-1,-1,-1,1,1,-1,-1,-1,-1,-1,1,1,-1,-1,1,1,1,-1,1,-1,-1,1,1,-1,1,1,-1,-1,-1,1,-1,-1,1,1,-1,1,1,1,1,1,-1,1,1,1,-1,1,1,1,-1,1,1,-1,1,1,-1,1,1,1,-1,1,1,-1,-1,1,1,1,1,1,-1,1,1,-1,-1,1,1,-1,1,1,-1,1,1,1,1,1,1,1,1,1,1,-1,1,-1,1,-1,1,1,1,1,1,1,1,1,1,-1,1,-1,1,-1,1,1,1,-1,1,-1,1,1,1,1,1,1,1,1,1,1,-1,1,1,-1,-1,1,-1,-1,1,1,1,-1,1,1,-1,1,-1,-1,1,1,-1,-1,1,-1,1,-1,1,1,-1,1,-1,1,-1,1,-1,1,1,-1,1,1,1,1,-1,1,-1,1,-1,1,1,-1,1,-1,1,-1,1,1,-1,1,1,1,1,1,-1,1,1,-1,1,1,1,1,-1,1,-1,1,-1,1,1,-1,1,1,-1,1,1,-1,1,1,1,-1,1,1,1,-1,1,-1,-1,1,1,-1,1,1,-1,1,-1,1,-1,-1,1,1,-1,1,1,-1,-1,1,1,-1,1,1,-1,-1,-1,1,1,1,1,-1,1,1,1,-1,1,1,-1,-1,1,-1,1,1,-1,-1,-1,-1,1,-1,1,1,-1,1,-1,-1,1,1,1,-1,-1,-1,-1,-1,1,-1,-1,-1,1,-1,1,1,-1,-1,-1,1,-1,1,1,1,-1,1,-1,-1,1,1,1,-1,1,-1,1,1,1,-1,-1,1,-1,-1,1,1,-1,-1,1,-1,-1,1,1,-1,1,1,-1,-1,1,1,-1,-1,1,-1,-1,1,1,-1,-1,1,-1,-1,1,1,-1,-1,-1,1,-1,1,1,-1,-1,1,-1,-1,1,-1,1,-1,1,1,-1,-1,1,-1,1,-1,1,-1,1,1,-1,1,-1,1,-1,1,1,-1,1,1,1,-1,-1,-1,-1,1,1,-1,1,-1,1,-1,1,1,-1,1,-1,1,1,1,-1,-1,1,-1,1,1,-1,1,-1,-1,-1,1,-1,1,-1,1,-1,-1,1,-1,1,-1,-1,-1,-1,1,-1,1,-1,-1,-1,-1,-1,1,1,-1,1,-1,-1,-1,-1,1,-1,-1,1,-1,1,-1,1,1,1,1,-1,-1,1,1,-1,-1,1,1,1,1,1,-1,1,-1,-1,1,1,-1,-1,1,-1,-1,-1,-1,1,-1,1,1,1,1,1,-1,-1,-1,-1,-1,-1,-1,-1,-1,1,-1,1,1,1,-1,1,1,-1,1,1,1,1,-1,1,-1,1,1,1,1,-1,1,-1,1,1,1,1,-1,1,-1,1,1,1,1,-1,1,-1,1,1,1,-1,-1,1,-1,-1,1,1,-1,-1,-1,1,-1,1,1,1,-1,1,-1,-1,1,-2664.0,1,2000,445,1500,True
2051,1,1,-1,-1,1,1,-1,1,1,1,1,-1,-1,1,1,1,-1,1,-1,-1,-1,1,1,1,1,-1,-1,-1,1,1,1,1,-1,-1,-1,1,-1,1,1,-1,-1,-1,1,1,1,1,1,-1,1,-1,1,1,-1,1,-1,-1,1,-1,1,1,1,-1,-1,-1,1,1,1,1,-1,-1,1,-1,1,1,1,-1,-1,1,-1,1,1,-1,-1,-1,-1,1,1,1,-1,-1,1,1,-1,1,1,-1,-1,-1,-1,1,1,1,-1,-1,1,-1,-1,1,1,-1,-1,-1,-1,-1,1,1,-1,-1,1,-1,-1,1,1,1,-1,-1,-1,-1,1,1,1,-1,1,-1,-1,1,1,1,-1,1,-1,-1,-1,1,1,-1,1,-1,-1,-1,1,1,-1,-1,1,-1,-1,1,1,-1,1,-1,-1,-1,1,1,-1,1,1,-1,1,1,-1,-1,1,-1,-1,1,1,-1,1,-1,1,-1,1,1,-1,1,1,-1,-1,-1,1,1,1,1,1,-1,-1,1,-1,1,1,1,-1,-1,1,1,-1,1,1,-1,1,1,-1,1,1,1,-1,1,1,1,1,1,1,1,-1,1,-1,-1,1,1,-1,-1,1,1,-1,1,1,-1,-1,1,-1,1,1,1,1,-1,1,1,-1,1,1,-1,1,1,-1,1,1,1,-1,-1,1,-1,1,-1,1,1,1,1,-1,1,-1,1,1,1,1,-1,1,-1,1,1,1,1,-1,-1,1,1,1,1,1,1,-1,1,1,-1,-1,1,1,-1,-1,1,1,1,1,-1,1,-1,1,1,1,-1,1,-1,-1,1,1,1,1,-1,1,-1,1,-1,1,1,1,1,-1,1,1,1,1,1,-1,-1,1,1,1,1,1,1,-1,1,1,1,1,1,-1,1,1,1,-1,1,1,-1,1,1,1,1,1,1,1,1,1,-1,1,1,1,1,1,1,1,1,1,1,1,1,1,1,-1,1,1,1,1,1,1,1,-1,1,-1,1,1,1,-1,1,1,1,1,1,1,1,-1,1,1,-1,1,1,-1,-1,-1,-1,1,1,1,-1,1,1,-1,1,1,-1,-1,1,1,1,1,1,-1,1,1,1,-1,1,1,1,-1,-1,1,-1,-1,-1,1,-1,1,-1,-1,1,1,1,-1,-1,-1,1,-1,-1,1,-1,1,-1,-1,1,1,1,1,-1,-1,-1,-1,-1,1,-1,1,-1,-1,-1,1,1,1,1,-1,-1,1,-1,1,1,-1,-1,-1,-1,1,-1,1,-1,-1,-1,1,-1,1,1,-1,-1,-1,-1,1,1,-1,1,-1,-1,1,-1,1,-1,-1,1,-1,1,1,1,-1,-1,1,-1,-1,1,1,1,-1,1,-1,1,-1,1,-1,-1,-1,1,-1,1,1,1,-1,-1,1,-1,-1,1,-1,-1,-1,1,-1,-1,1,-1,-1,-1,1,-1,-1,1,-1,-1,-1,-1,1,-1,1,-1,-1,1,-1,1,-1,-1,1,1,1,-1,1,-1,1,-1,1,-1,1,-1,1,1,-1,-1,-1,-1,1,-1,1,-1,1,-1,1,1,1,-1,-1,-1,-1,-1,1,-1,1,-1,-1,-1,1,1,-1,1,-1,-1,-1,1,1,-1,1,-1,-1,-1,1,1,-1,1,-1,-1,-1,-1,1,1,1,-1,1,-1,-1,1,-1,1,-1,1,1,-1,1,-1,1,1,-1,-1,-1,-1,-1,1,1,-1,1,-1,-1,-1,1,1,-1,-1,-1,1,1,1,-1,-1,-1,-1,1,1,1,-1,1,-1,1,-1,1,1,1,-1,-1,-1,-1,-1,1,-1,1,-1,-1,1,-1,1,1,-1,1,-1,-1,1,1,1,-1,1,-1,-1,-1,1,1,-1,1,-1,-1,-1,1,1,-1,1,-1,-1,-1,1,1,-1,-1,1,-1,-1,1,1,-1,-1,-1,-1,-1,1,1,1,-1,1,1,-1,-1,-1,1,-1,1,1,-1,1,-1,-1,1,1,-1,-1,1,1,-1,1,-1,1,-1,1,-1,-1,1,-1,1,-1,1,1,-1,1,1,1,-1,-1,1,-1,1,-1,1,-1,-1,1,-1,1,1,1,-1,-1,-1,1,1,1,1,-1,-1,1,-1,-1,1,1,-1,-1,-1,-1,1,-1,1,-1,-1,1,1,-1,1,1,-1,-1,1,-1,-1,1,1,-1,-1,-1,-1,1,-1,1,-1,-1,-1,-1,1,1,-1,-1,1,-1,-1,1,-1,1,-1,-1,-1,-1,-1,1,1,1,-1,-1,-1,1,1,1,-1,-1,-1,1,-1,-1,1,-1,-1,-1,-1,1,1,1,-1,-1,-1,-1,1,-1,1,1,-1,1,-1,-1,1,1,-1,-1,-1,-1,-1,-1,1,1,-1,-1,1,-1,1,1,1,-1,-1,1,-1,1,1,-1,-1,1,-1,-1,1,1,1,-1,1,-1,1,1,1,-1,-1,1,-1,-1,1,1,1,-1,1,-1,-1,1,1,-1,1,1,-1,-1,1,1,1,1,1,-1,-1,1,-1,-1,1,1,-1,-1,1,1,1,1,1,1,-1,1,1,1,1,1,-1,-1,1,-1,1,1,1,1,-1,-1,1,-1,1,1,1,-1,1,1,1,1,-1,1,-1,1,1,1,1,1,1,-1,1,-1,1,1,1,-1,1,1,1,1,1,1,-1,1,-1,1,1,1,-1,-1,1,1,1,1,-1,1,-1,1,1,-1,1,1,-1,1,-1,1,1,1,1,-1,-1,-1,1,1,1,1,-1,1,-1,1,-1,1,1,-1,1,-1,1,-1,1,1,-1,1,-1,1,-1,1,1,1,1,1,-1,1,1,1,-1,-1,1,-1,1,1,1,-1,1,-1,1,1,1,-1,-1,1,-1,1,-1,1,1,-1,1,-1,1,1,1,-1,-1,-1,-1,-1,-1,-1,-1,-1,1,-1,1,1,1,-1,1,1,-1,-1,1,1,1,-1,1,-1,1,1,1,-1,-1,1,-1,1,1,1,-1,-1,1,-1,1,1,1,-1,-1,1,-1,1,-1,1,1,-1,1,-1,-1,1,1,1,-1,-1,1,-1,1,-1,1,-1,1,-1,-1,1,-2664.0,1,2000,445,1000,True
2052,-1,-1,1,1,1,1,-1,1,-1,-1,-1,1,-1,1,-1,-1,1,-1,1,1,-1,1,-1,-1,-1,1,-1,-1,1,-1,-1,-1,1,1,-1,-1,1,-1,-1,-1,1,-1,-1,-1,-1,-1,1,1,-1,1,-1,-1,1,1,1,-1,1,-1,-1,-1,1,1,1,1,-1,1,-1,1,1,-1,1,-1,-1,-1,1,-1,-1,-1,1,-1,-1,1,1,-1,1,-1,-1,1,1,1,-1,1,-1,1,-1,1,-1,1,1,1,1,1,1,-1,1,1,-1,1,1,1,-1,1,1,-1,1,1,1,-1,1,1,-1,1,1,1,-1,1,1,-1,1,1,-1,-1,1,1,-1,1,1,1,-1,-1,1,-1,1,1,1,-1,-1,1,1,-1,1,1,-1,-1,-1,1,-1,1,1,-1,1,1,1,1,1,1,-1,1,1,-1,1,1,-1,-1,1,1,-1,1,1,-1,1,-1,-1,1,1,1,-1,1,1,1,1,1,1,1,1,1,-1,1,1,1,-1,1,1,-1,1,1,1,-1,-1,1,-1,-1,1,1,-1,1,1,-1,1,1,1,1,1,1,-1,-1,1,1,-1,-1,1,-1,1,1,-1,1,-1,1,-1,1,1,1,-1,1,1,-1,-1,1,1,-1,-1,1,-1,1,1,1,-1,1,1,-1,1,-1,1,-1,1,-1,1,-1,1,1,-1,1,-1,-1,1,1,1,-1,1,-1,-1,-1,-1,1,1,-1,1,1,-1,-1,1,-1,-1,1,1,-1,1,1,1,-1,-1,1,-1,1,1,-1,1,-1,1,1,-1,1,-1,-1,-1,1,-1,-1,1,-1,1,-1,1,1,-1,1,1,1,-1,1,-1,-1,1,1,-1,-1,1,-1,-1,1,-1,1,-1,1,-1,-1,1,1,-1,1,1,-1,1,-1,1,-1,-1,1,-1,1,1,1,1,1,1,-1,1,1,1,1,1,-1,-1,1,1,1,1,1,-1,-1,1,-1,1,1,1,-1,-1,1,-1,1,-1,1,1,-1,1,-1,1,1,1,1,-1,-1,1,1,1,-1,-1,-1,1,1,-1,-1,1,1,-1,1,-1,1,-1,1,-1,1,1,-1,1,1,1,-1,1,1,-1,1,-1,1,-1,-1,1,-1,1,1,1,1,-1,1,1,-1,1,1,-1,-1,1,-1,-1,1,-1,1,-1,-1,1,-1,-1,1,-1,-1,-1,1,-1,1,-1,1,-1,1,1,-1,1,-1,-1,-1,-1,1,-1,-1,1,1,-1,-1,1,-1,1,1,-1,1,-1,1,-1,1,-1,1,-1,-1,-1,-1,1,-1,-1,-1,-1,1,-1,1,-1,1,-1,-1,-1,1,1,1,1,-1,-1,-1,-1,1,-1,-1,-1,-1,-1,1,-1,1,1,-1,-1,-1,-1,1,-1,-1,1,-1,-1,-1,1,-1,1,-1,-1,-1,-1,-1,-1,1,-1,1,-1,-1,1,-1,1,1,1,-1,-1,-1,1,1,-1,1,-1,1,-1,1,1,1,-1,1,1,-1,1,1,1,1,1,-1,1,-1,-1,-1,1,-1,1,1,-1,-1,1,1,-1,1,-1,-1,-1,1,1,-1,1,1,-1,-1,1,1,-1,1,1,-1,-1,-1,1,-1,-1,-1,-1,1,-1,1,-1,-1,-1,-1,-1,-1,1,-1,1,1,1,1,-1,1,-1,1,1,-1,1,-1,1,-1,-1,1,-1,1,-1,-1,1,1,1,1,1,1,-1,1,1,1,-1,1,-1,1,1,1,1,-1,-1,-1,1,1,1,1,-1,1,-1,1,-1,1,-1,1,1,-1,-1,1,1,1,-1,1,-1,-1,1,1,1,1,1,1,-1,1,1,1,1,1,1,-1,1,-1,1,-1,1,1,-1,1,1,1,1,1,1,-1,1,-1,1,1,1,1,-1,1,1,-1,1,1,1,1,1,1,1,1,1,1,-1,1,1,-1,1,1,-1,-1,-1,1,-1,1,1,-1,1,1,-1,1,1,1,-1,-1,1,-1,1,-1,-1,-1,1,-1,-1,1,-1,1,-1,-1,1,-1,1,1,1,-1,-1,1,-1,1,1,1,-1,-1,1,-1,1,-1,1,-1,-1,-1,-1,1,1,1,-1,1,1,-1,1,1,1,1,-1,-1,1,-1,1,1,-1,-1,-1,-1,-1,1,1,-1,1,-1,1,-1,1,1,1,-1,-1,-1,-1,1,1,-1,-1,-1,-1,1,-1,-1,1,-1,-1,1,-1,1,1,-1,-1,-1,1,-1,1,1,-1,-1,-1,1,1,1,1,-1,1,-1,1,-1,1,1,-1,-1,-1,-1,1,1,1,-1,-1,-1,1,-1,1,1,-1,1,-1,-1,1,1,1,-1,-1,-1,-1,-1,1,-1,-1,-1,1,-1,1,1,-1,-1,-1,-1,-1,1,1,1,-1,1,1,-1,1,1,-1,1,-1,-1,1,1,1,-1,-1,1,-1,-1,1,1,-1,-1,1,-1,-1,1,1,-1,1,1,1,-1,1,1,-1,-1,1,1,-1,1,1,-1,-1,1,1,-1,1,1,-1,1,1,-1,-1,1,1,-1,1,1,1,-1,1,-1,-1,-1,1,1,-1,-1,1,-1,1,1,1,-1,1,1,-1,1,-1,1,-1,1,1,-1,1,1,1,-1,-1,1,-1,1,1,-1,1,-1,1,-1,1,1,-1,1,-1,1,1,1,-1,-1,1,-1,1,1,-1,1,-1,-1,-1,1,-1,1,-1,1,-1,-1,1,-1,1,-1,-1,-1,-1,1,-1,1,-1,-1,-1,-1,-1,1,1,-1,1,-1,-1,-1,-1,1,-1,1,1,-1,1,-1,1,1,1,1,-1,-1,1,1,-1,-1,1,1,1,1,1,-1,1,-1,-1,1,1,-1,-1,1,-1,-1,-1,-1,1,-1,1,1,1,1,1,-1,-1,-1,-1,-1,-1,-1,-1,-1,1,-1,1,1,1,-1,1,1,-1,1,1,1,1,-1,1,-1,1,1,1,1,-1,1,-1,1,1,1,1,-1,1,-1,1,1,1,1,-1,1,-1,1,1,1,-1,-1,1,-1,-1,1,1,-1,-1,-1,1,-1,1,-1,1,-1,1,-1,-1,1,-2664.0,1,2000,445,1500,True
2053,-1,-1,1,1,1,1,-1,1,-1,-1,-1,1,-1,-1,-1,-1,1,-1,1,-1,-1,1,-1,-1,-1,1,-1,-1,1,-1,-1,-1,1,-1,-1,1,1,-1,-1,1,-1,-1,1,-1,-1,-1,1,1,-1,-1,1,-1,-1,1,-1,1,-1,1,-1,-1,1,1,-1,1,-1,-1,-1,1,1,-1,1,-1,-1,-1,1,1,1,1,-1,-1,-1,1,1,-1,-1,-1,-1,1,1,1,1,-1,-1,-1,1,1,-1,1,-1,1,-1,1,1,1,-1,-1,-1,-1,1,1,1,1,-1,1,-1,1,1,1,1,-1,-1,-1,-1,1,1,1,-1,-1,-1,1,1,1,-1,-1,-1,1,1,1,1,-1,-1,-1,1,-1,1,1,1,-1,-1,-1,-1,1,1,1,1,-1,1,1,1,1,-1,1,-1,-1,1,-1,1,-1,1,-1,1,-1,1,1,-1,-1,-1,-1,1,1,-1,1,1,-1,1,-1,1,-1,-1,-1,-1,1,-1,1,-1,-1,1,-1,1,-1,1,-1,-1,1,-1,1,1,1,1,-1,1,-1,1,-1,1,-1,-1,1,-1,1,-1,1,1,-1,1,1,-1,1,-1,1,-1,1,1,1,-1,1,1,-1,1,-1,1,-1,1,-1,-1,1,1,1,-1,-1,1,-1,1,-1,-1,1,1,-1,-1,1,-1,1,-1,1,1,-1,1,1,-1,-1,1,-1,1,1,1,-1,-1,1,-1,1,1,1,1,-1,-1,1,-1,1,1,1,-1,1,1,-1,1,1,-1,-1,1,1,1,1,1,-1,-1,1,1,-1,1,1,1,-1,-1,1,1,1,1,1,-1,1,-1,1,1,-1,1,-1,1,-1,1,1,1,1,-1,1,-1,1,1,1,-1,-1,1,-1,-1,1,1,-1,1,-1,1,1,1,1,-1,1,-1,1,-1,1,1,1,1,1,-1,1,1,1,1,1,1,-1,1,-1,1,-1,1,1,-1,1,-1,1,1,-1,1,1,1,-1,1,1,1,1,-1,1,1,-1,1,-1,1,-1,-1,1,-1,1,-1,1,-1,1,-1,-1,1,1,1,1,1,1,-1,1,-1,1,-1,1,-1,1,1,-1,1,-1,1,1,-1,1,-1,-1,1,1,-1,-1,1,-1,1,1,1,1,-1,1,1,-1,-1,1,-1,-1,1,1,-1,1,-1,1,-1,-1,1,-1,-1,1,-1,-1,-1,1,-1,1,-1,1,1,-1,1,-1,-1,-1,-1,-1,-1,1,-1,-1,1,1,-1,-1,1,-1,1,-1,-1,1,-1,1,-1,-1,1,1,-1,-1,-1,1,-1,-1,-1,1,-1,1,-1,-1,1,1,-1,-1,-1,1,-1,1,1,-1,-1,-1,-1,-1,-1,-1,1,-1,-1,1,-1,1,1,1,1,-1,-1,1,-1,-1,1,-1,-1,-1,-1,-1,1,-1,1,-1,-1,-1,-1,1,-1,1,-1,-1,-1,-1,1,1,1,-1,-1,-1,-1,1,-1,1,-1,-1,-1,-1,1,1,-1,1,1,-1,1,1,1,1,1,1,1,-1,1,1,-1,1,-1,1,1,1,-1,-1,-1,1,-1,-1,1,-1,-1,-1,1,1,-1,1,1,-1,-1,1,1,-1,-1,1,-1,-1,-1,-1,-1,1,1,-1,-1,-1,-1,-1,1,1,-1,-1,1,1,1,-1,1,-1,1,-1,1,-1,1,1,-1,-1,-1,1,-1,-1,1,1,-1,1,1,1,1,1,1,-1,-1,1,-1,1,1,1,-1,-1,1,-1,1,1,-1,-1,1,1,-1,1,1,-1,-1,1,1,1,-1,1,1,-1,1,-1,-1,1,1,1,-1,1,-1,1,1,1,1,-1,-1,1,1,1,1,1,-1,1,1,-1,1,1,1,-1,-1,1,1,1,-1,1,-1,-1,1,-1,1,1,1,-1,-1,-1,1,1,1,1,-1,-1,1,1,1,1,-1,1,-1,1,-1,1,-1,-1,1,-1,1,-1,1,1,-1,-1,1,-1,1,1,-1,-1,-1,-1,1,-1,1,1,-1,1,-1,1,-1,1,-1,1,-1,-1,1,1,1,1,-1,1,-1,1,-1,1,1,-1,1,-1,1,-1,1,1,-1,1,1,1,1,1,1,1,1,-1,1,1,1,1,-1,1,-1,1,-1,1,1,-1,1,1,-1,1,1,1,-1,1,1,-1,1,1,1,-1,1,-1,-1,1,1,-1,1,1,-1,1,-1,1,-1,1,1,-1,-1,1,1,1,1,1,1,-1,1,1,-1,1,1,-1,1,1,1,-1,1,1,1,-1,1,1,-1,1,1,-1,1,1,-1,1,1,1,-1,1,1,1,-1,1,1,1,-1,1,1,-1,1,1,-1,-1,1,-1,-1,1,1,-1,1,1,-1,-1,-1,-1,-1,1,1,1,-1,1,1,-1,1,1,1,-1,1,-1,1,1,1,-1,1,1,-1,-1,1,1,-1,-1,-1,1,-1,1,1,-1,1,-1,-1,-1,1,1,-1,-1,-1,1,-1,1,1,-1,-1,1,-1,-1,1,1,-1,-1,-1,1,-1,1,1,-1,-1,1,-1,-1,1,-1,-1,-1,-1,-1,1,1,1,-1,-1,-1,1,-1,1,1,-1,-1,1,-1,1,1,1,1,-1,-1,-1,1,-1,1,-1,-1,-1,-1,1,-1,1,-1,-1,-1,-1,1,1,1,-1,-1,1,1,-1,1,1,-1,1,-1,1,1,1,1,1,-1,1,-1,1,1,1,1,-1,1,1,1,-1,1,1,-1,1,1,-1,1,1,1,-1,1,-1,1,1,1,1,-1,1,-1,1,-1,1,1,-1,-1,1,-1,-1,1,1,-1,1,1,-1,-1,1,1,1,1,-1,1,1,1,-1,1,1,-1,1,1,1,-1,-1,1,-1,-1,1,1,-1,1,1,1,-1,-1,1,1,1,1,-1,-1,1,1,1,-1,1,-1,-1,-1,1,1,1,1,-1,-1,1,1,1,1,1,1,-1,1,1,1,1,1,1,-1,1,1,-1,-1,1,-1,-1,1,-1,1,1,1,1,-1,-1,1,1,-1,1,-1,1,-1,1,1,-1,1,1,-1,-1,1,-2664.0,1,2000,445,500,True
2054,1,1,-1,-1,1,1,-1,-1,1,1,1,-1,1,1,1,1,-1,1,-1,-1,-1,-1,1,1,1,-1,-1,-1,1,1,1,1,-1,-1,-1,-1,1,1,1,1,-1,-1,-1,1,1,1,1,-1,1,1,1,1,-1,1,-1,-1,1,-1,1,1,1,-1,-1,-1,1,1,1,1,-1,-1,-1,1,1,1,1,-1,-1,-1,1,1,1,-1,-1,-1,1,1,1,1,-1,-1,1,1,1,1,1,-1,-1,-1,1,-1,1,1,-1,-1,1,1,1,1,1,-1,-1,-1,1,-1,1,1,-1,-1,1,1,1,1,1,1,-1,-1,1,1,-1,1,1,-1,1,1,1,1,1,1,-1,1,1,1,-1,1,1,-1,1,1,1,1,1,1,-1,-1,-1,1,-1,1,1,-1,1,1,1,1,-1,1,-1,1,-1,1,1,1,-1,-1,1,1,1,1,1,-1,1,-1,-1,1,1,1,-1,1,1,1,1,-1,1,1,1,1,-1,1,-1,1,-1,1,1,-1,1,-1,1,1,-1,1,-1,1,-1,1,-1,1,1,-1,-1,-1,1,1,1,1,-1,-1,1,1,-1,-1,1,-1,1,1,-1,1,-1,1,-1,1,-1,1,-1,-1,1,-1,-1,1,1,1,-1,1,-1,1,1,1,-1,1,1,-1,1,-1,1,-1,1,-1,1,-1,1,1,-1,1,-1,-1,-1,1,1,-1,1,-1,-1,-1,-1,1,-1,-1,1,1,-1,-1,1,1,-1,1,1,-1,1,1,1,1,-1,1,-1,1,1,-1,1,-1,1,-1,1,1,1,1,1,1,-1,-1,1,-1,-1,-1,1,1,-1,1,1,1,-1,1,1,1,1,1,1,1,1,-1,1,1,1,-1,1,1,-1,1,1,1,-1,1,1,-1,-1,1,1,1,-1,1,-1,1,1,1,-1,1,1,-1,1,1,1,-1,1,1,-1,1,1,1,-1,1,1,-1,-1,1,1,-1,1,1,-1,1,-1,1,-1,1,-1,1,-1,1,1,1,-1,-1,1,-1,1,1,-1,1,1,1,-1,-1,-1,-1,1,1,1,-1,1,1,-1,1,1,-1,-1,1,1,1,1,1,-1,1,1,1,-1,1,1,1,-1,-1,1,1,1,-1,1,-1,1,1,1,1,1,1,-1,-1,-1,1,-1,1,1,1,-1,1,1,1,1,1,1,1,-1,1,-1,-1,1,-1,1,-1,1,1,-1,1,1,1,-1,-1,1,-1,1,1,1,-1,1,1,1,-1,1,1,-1,-1,1,-1,1,1,1,-1,1,1,1,1,1,1,-1,1,-1,-1,1,1,-1,-1,1,-1,-1,1,1,-1,-1,1,-1,1,1,1,-1,-1,1,1,-1,1,1,-1,-1,1,-1,1,1,1,1,-1,1,1,-1,-1,1,1,-1,-1,-1,1,-1,1,-1,-1,1,-1,-1,1,-1,1,-1,-1,1,-1,1,-1,1,-1,-1,1,-1,-1,1,1,1,-1,1,-1,1,-1,1,-1,1,-1,-1,-1,1,-1,1,1,1,1,-1,1,-1,-1,1,1,-1,1,1,-1,-1,-1,1,-1,-1,1,-1,-1,1,1,1,-1,1,-1,-1,1,1,-1,-1,1,-1,-1,1,1,-1,-1,1,-1,-1,-1,1,1,-1,1,1,-1,-1,1,-1,-1,1,-1,1,-1,1,1,-1,-1,1,-1,-1,-1,-1,-1,1,1,1,-1,1,1,-1,-1,1,-1,-1,-1,-1,-1,1,1,-1,-1,-1,1,-1,1,1,-1,1,1,1,-1,-1,1,1,-1,-1,-1,-1,-1,1,-1,-1,1,-1,-1,-1,1,1,-1,-1,-1,-1,-1,1,-1,-1,1,-1,1,-1,1,1,-1,1,-1,1,-1,1,1,-1,-1,-1,-1,-1,1,1,1,-1,-1,-1,-1,1,1,-1,-1,-1,-1,1,-1,1,1,-1,-1,1,1,-1,1,1,-1,-1,-1,1,1,1,-1,1,-1,1,1,1,1,-1,1,-1,-1,1,-1,1,-1,1,-1,1,-1,-1,1,-1,-1,-1,-1,-1,-1,1,-1,1,-1,-1,1,-1,1,-1,1,-1,1,-1,-1,1,-1,-1,-1,-1,1,1,-1,-1,-1,-1,-1,1,-1,1,-1,-1,-1,-1,-1,-1,-1,1,-1,-1,-1,1,-1,-1,1,-1,-1,-1,-1,-1,1,1,-1,-1,-1,-1,-1,1,-1,-1,-1,1,-1,-1,1,-1,1,-1,-1,-1,-1,-1,-1,-1,1,-1,-1,-1,1,1,1,-1,-1,1,1,-1,-1,-1,-1,1,-1,-1,1,1,1,-1,-1,-1,-1,1,-1,1,1,-1,1,-1,-1,1,1,-1,-1,-1,-1,-1,-1,1,1,-1,-1,1,-1,1,1,-1,-1,-1,1,-1,1,1,-1,-1,1,-1,-1,1,1,1,-1,1,-1,1,1,1,-1,-1,1,-1,-1,1,1,1,-1,1,-1,-1,1,1,-1,1,1,-1,-1,1,1,-1,1,1,-1,-1,1,1,-1,1,1,-1,-1,1,1,1,1,-1,1,-1,-1,1,1,-1,1,-1,-1,1,-1,1,1,1,1,-1,-1,1,-1,1,1,1,-1,1,1,1,1,-1,1,-1,1,1,1,1,1,1,1,-1,1,1,1,1,-1,1,-1,1,1,1,1,1,-1,1,1,1,1,-1,1,1,-1,1,1,-1,1,1,-1,-1,1,1,1,1,-1,1,-1,1,1,1,-1,-1,1,-1,1,1,1,-1,1,-1,-1,-1,1,1,-1,-1,1,-1,-1,1,1,-1,-1,1,-1,-1,1,1,1,-1,1,-1,-1,1,1,-1,-1,-1,1,-1,1,1,-1,1,1,-1,1,1,-1,-1,1,1,-1,-1,1,1,-1,1,1,-1,1,1,-1,-1,-1,-1,1,-1,-1,-1,-1,1,-1,-1,1,1,-1,1,1,-1,1,1,1,1,-1,1,-1,1,1,1,-1,-1,1,-1,-1,1,1,-1,-1,1,-1,1,1,1,-1,-1,1,-1,1,1,1,1,-1,1,-1,-1,1,1,1,-1,-1,1,-1,1,1,1,-1,1,-1,-1,1,-2664.0,1,2000,445,500,False
2055,-1,-1,1,1,1,1,-1,1,-1,-1,-1,1,-1,1,-1,-1,1,-1,1,1,1,1,-1,-1,-1,1,-1,-1,1,-1,-1,-1,1,1,-1,1,1,-1,-1,-1,1,-1,1,-1,-1,-1,-1,-1,1,-1,1,-1,1,-1,1,-1,-1,1,-1,-1,-1,1,1,1,-1,-1,-1,-1,-1,-1,1,-1,-1,-1,-1,-1,1,1,-1,-1,-1,1,1,-1,-1,-1,-1,-1,-1,1,-1,-1,-1,-1,-1,-1,-1,1,-1,1,-1,-1,-1,-1,1,-1,-1,-1,-1,-1,-1,1,-1,1,-1,-1,-1,-1,1,-1,-1,1,-1,-1,-1,1,-1,-1,1,-1,-1,-1,1,-1,1,1,-1,-1,-1,1,-1,-1,1,-1,-1,-1,-1,-1,-1,1,-1,-1,-1,1,1,-1,1,1,-1,-1,1,-1,-1,1,-1,-1,-1,1,-1,1,-1,-1,-1,-1,1,-1,1,1,-1,-1,1,-1,1,1,-1,-1,-1,1,1,-1,1,1,-1,-1,1,1,-1,1,1,-1,-1,1,1,-1,-1,1,-1,-1,-1,1,-1,1,1,-1,1,1,1,-1,1,1,-1,1,1,1,-1,-1,1,1,-1,-1,1,-1,1,1,-1,1,-1,1,-1,1,1,-1,1,1,1,-1,1,1,-1,-1,1,1,-1,1,-1,-1,1,1,1,-1,1,1,-1,1,-1,-1,1,-1,-1,-1,1,1,-1,-1,-1,-1,-1,1,1,-1,1,-1,1,-1,1,-1,1,1,-1,1,-1,1,1,1,1,-1,-1,-1,1,1,-1,1,-1,-1,-1,1,1,-1,1,1,1,-1,-1,1,-1,1,-1,-1,-1,1,1,-1,-1,1,-1,-1,1,1,-1,1,-1,-1,-1,1,1,-1,1,-1,-1,-1,1,1,-1,1,-1,-1,1,1,-1,1,1,-1,1,1,1,-1,-1,1,-1,1,1,1,1,1,1,-1,-1,1,1,1,1,-1,-1,-1,1,1,1,1,-1,-1,1,-1,1,1,1,-1,-1,1,-1,1,-1,1,1,-1,1,-1,1,1,1,1,-1,-1,1,1,1,-1,-1,-1,1,1,-1,-1,1,1,-1,1,-1,1,-1,1,-1,1,1,-1,1,1,1,-1,1,1,-1,1,-1,1,-1,-1,1,-1,1,1,1,1,-1,1,1,-1,1,1,-1,-1,1,-1,-1,1,-1,1,-1,-1,1,-1,-1,1,-1,-1,-1,1,-1,1,-1,1,-1,-1,1,-1,1,-1,-1,-1,-1,1,-1,-1,1,1,-1,-1,1,-1,1,1,-1,1,-1,1,-1,1,-1,1,-1,-1,-1,-1,1,-1,-1,1,-1,1,-1,1,-1,1,-1,-1,-1,1,1,-1,1,-1,-1,-1,-1,1,-1,-1,1,-1,-1,1,-1,-1,1,1,1,-1,-1,1,-1,-1,1,-1,-1,-1,1,-1,1,-1,1,-1,-1,1,-1,1,-1,1,-1,-1,1,-1,1,1,1,-1,-1,-1,1,1,-1,1,-1,-1,-1,1,1,1,-1,1,1,-1,1,1,1,1,1,1,1,-1,1,1,-1,1,-1,1,1,-1,1,1,-1,1,-1,-1,1,-1,1,-1,1,1,-1,1,1,1,-1,1,1,-1,-1,1,1,-1,-1,-1,-1,1,1,1,-1,-1,-1,-1,1,1,1,-1,1,1,1,-1,1,1,-1,1,1,-1,1,1,1,-1,-1,1,-1,-1,1,1,1,1,1,1,1,1,1,1,1,1,-1,1,1,-1,1,1,1,-1,1,1,-1,1,1,1,-1,1,1,1,-1,1,-1,1,-1,1,-1,1,1,-1,-1,1,1,1,1,1,-1,1,1,1,-1,1,1,1,1,1,1,-1,1,-1,1,-1,1,-1,1,1,1,1,1,1,1,-1,1,-1,1,-1,1,1,-1,1,1,-1,1,1,-1,-1,1,1,1,1,1,1,-1,1,1,-1,-1,1,-1,-1,1,1,1,-1,1,-1,-1,1,-1,-1,1,1,-1,-1,1,-1,1,-1,1,1,-1,1,-1,1,-1,1,-1,-1,1,-1,1,-1,1,1,-1,1,-1,1,-1,1,-1,-1,1,-1,1,-1,1,1,-1,1,1,1,1,1,-1,1,1,-1,1,1,1,1,-1,1,-1,1,-1,1,1,-1,1,1,-1,1,1,1,-1,1,1,-1,1,1,1,1,1,-1,-1,1,1,1,1,1,-1,1,-1,1,1,1,1,1,-1,1,1,1,1,1,1,-1,1,-1,1,1,1,1,1,1,1,1,1,1,1,-1,1,1,-1,1,1,-1,1,1,1,1,1,1,1,-1,1,1,1,1,1,-1,1,1,1,1,1,1,-1,-1,1,-1,1,1,1,-1,1,1,1,1,1,-1,-1,1,1,1,1,1,1,-1,1,1,-1,1,1,-1,1,1,1,1,1,1,-1,-1,1,1,1,1,-1,-1,-1,1,1,1,1,-1,-1,-1,1,1,1,1,-1,1,-1,1,1,1,1,1,-1,-1,1,1,-1,1,1,-1,-1,1,1,-1,1,-1,-1,-1,1,-1,1,1,1,-1,-1,-1,1,-1,1,1,-1,-1,1,1,-1,1,1,-1,-1,1,1,-1,1,1,-1,-1,-1,-1,1,1,1,-1,1,-1,1,1,1,-1,-1,1,-1,1,1,1,-1,-1,1,-1,1,1,-1,1,-1,-1,-1,1,-1,1,1,-1,-1,-1,1,-1,1,-1,-1,-1,-1,1,-1,1,-1,1,-1,-1,-1,1,1,-1,1,-1,-1,-1,-1,1,-1,1,-1,-1,1,-1,1,1,-1,1,-1,-1,1,-1,-1,-1,1,1,1,1,-1,-1,1,-1,-1,1,1,-1,-1,1,-1,-1,-1,-1,1,-1,1,-1,1,1,-1,1,-1,-1,-1,1,-1,-1,-1,-1,1,-1,1,1,1,-1,1,1,-1,1,1,-1,-1,-1,1,-1,1,1,1,1,-1,1,-1,1,1,1,-1,-1,1,-1,1,1,1,-1,-1,1,-1,1,1,-1,-1,-1,1,-1,-1,1,1,-1,-1,-1,1,-1,1,-1,1,-1,1,-1,-1,1,-2664.0,1,2000,445,1500,True
2056,1,1,-1,-1,1,1,-1,-1,1,1,1,-1,-1,1,1,1,-1,1,-1,-1,-1,1,1,1,1,1,-1,-1,1,1,1,1,-1,-1,-1,1,1,1,1,1,-1,-1,1,1,1,1,1,-1,1,1,1,1,-1,1,-1,-1,1,-1,1,1,1,-1,-1,1,1,1,1,1,-1,-1,1,1,1,1,1,-1,-1,-1,1,1,1,-1,-1,-1,1,1,1,1,-1,-1,1,1,1,1,1,-1,-1,-1,1,-1,1,1,-1,-1,1,1,1,1,1,-1,-1,-1,1,1,1,1,-1,-1,1,1,1,1,1,1,-1,-1,1,1,-1,1,1,-1,1,1,1,1,1,1,-1,1,1,1,1,1,1,-1,1,1,1,1,1,1,-1,-1,-1,1,1,1,1,-1,1,1,1,1,-1,1,-1,1,-1,1,1,1,-1,-1,1,1,1,1,1,-1,1,-1,-1,1,1,1,-1,1,1,1,1,-1,1,1,1,1,-1,1,-1,1,-1,1,1,-1,1,-1,1,1,-1,1,-1,1,-1,1,-1,1,1,-1,1,-1,1,1,1,1,-1,-1,1,1,-1,-1,1,-1,1,-1,1,1,-1,1,-1,1,-1,1,-1,1,1,-1,-1,-1,1,1,-1,1,-1,1,1,1,-1,1,-1,-1,1,-1,1,-1,1,1,1,-1,1,1,-1,1,-1,-1,-1,-1,1,-1,1,-1,-1,-1,-1,1,-1,-1,1,1,-1,1,1,1,-1,1,1,-1,1,1,1,1,-1,1,-1,1,1,-1,1,-1,1,1,1,-1,1,1,1,1,-1,-1,1,-1,-1,-1,1,1,-1,1,1,1,-1,1,1,1,1,1,1,1,1,-1,1,1,1,-1,-1,1,-1,1,1,1,-1,1,1,-1,-1,1,1,1,-1,1,-1,1,1,1,-1,1,1,-1,1,1,1,-1,1,1,-1,1,1,1,-1,1,1,-1,-1,1,1,-1,1,1,-1,1,-1,1,-1,1,1,1,-1,1,1,1,1,1,1,-1,1,1,-1,1,1,1,-1,-1,-1,-1,1,1,1,-1,1,1,-1,1,1,-1,-1,1,1,1,1,1,-1,1,1,1,-1,1,1,1,-1,-1,1,1,1,-1,1,-1,1,1,1,1,1,1,-1,-1,-1,1,-1,-1,1,1,-1,1,1,1,1,1,1,1,-1,1,-1,-1,1,-1,1,-1,1,1,1,1,1,1,-1,-1,1,-1,1,1,1,-1,1,1,1,-1,1,1,-1,-1,1,-1,1,1,1,-1,1,1,1,1,1,1,-1,1,-1,-1,1,1,-1,-1,1,-1,-1,1,1,-1,-1,1,-1,1,1,1,-1,-1,1,1,-1,1,1,-1,-1,1,-1,1,1,1,1,-1,1,-1,-1,-1,1,1,-1,-1,-1,1,-1,1,-1,-1,1,-1,-1,1,-1,1,-1,-1,1,-1,1,-1,1,-1,-1,1,-1,-1,1,1,1,-1,1,-1,1,-1,1,1,1,-1,-1,-1,1,-1,-1,1,1,-1,1,1,-1,1,1,1,-1,1,1,-1,1,-1,1,1,-1,1,-1,-1,1,1,-1,-1,1,-1,-1,1,1,-1,-1,1,-1,-1,1,1,-1,-1,1,-1,-1,-1,1,1,-1,1,-1,-1,-1,1,-1,-1,1,-1,1,-1,1,-1,-1,-1,1,-1,-1,-1,-1,-1,1,1,1,-1,1,1,-1,-1,1,-1,-1,-1,-1,-1,1,1,-1,-1,-1,-1,-1,1,1,-1,1,1,-1,-1,-1,1,1,-1,-1,-1,-1,1,1,-1,-1,1,-1,-1,-1,1,1,-1,-1,-1,-1,-1,1,-1,-1,1,-1,-1,1,1,1,-1,1,-1,-1,-1,1,1,-1,-1,-1,-1,-1,1,1,1,-1,-1,-1,-1,1,1,-1,-1,-1,-1,1,-1,1,1,-1,-1,1,1,-1,1,1,-1,-1,-1,1,1,1,-1,1,-1,1,1,1,1,-1,1,-1,-1,1,-1,1,-1,1,-1,-1,1,-1,1,-1,-1,-1,-1,1,-1,1,-1,1,-1,-1,1,-1,1,-1,1,-1,1,-1,-1,1,-1,-1,-1,-1,1,-1,-1,-1,-1,-1,-1,1,-1,1,-1,-1,-1,-1,1,1,-1,1,-1,-1,-1,1,1,-1,1,-1,-1,-1,-1,-1,1,1,-1,-1,-1,-1,-1,1,-1,-1,-1,1,-1,-1,1,-1,1,-1,-1,-1,-1,-1,-1,-1,1,-1,-1,-1,1,1,-1,-1,-1,-1,1,-1,-1,-1,-1,1,-1,-1,1,-1,1,-1,-1,-1,-1,1,-1,1,1,-1,1,-1,-1,1,1,-1,-1,-1,-1,-1,-1,1,1,-1,-1,1,-1,1,1,-1,-1,-1,1,-1,-1,1,-1,-1,1,-1,-1,1,1,1,-1,1,-1,1,1,1,-1,-1,1,-1,-1,1,-1,1,-1,1,-1,-1,1,1,-1,1,1,-1,-1,1,1,-1,1,1,-1,-1,1,1,-1,1,1,-1,-1,1,1,1,1,1,1,-1,-1,1,1,-1,1,-1,-1,1,-1,1,1,1,1,-1,-1,1,-1,1,1,1,-1,1,1,1,1,-1,1,-1,1,1,1,1,1,1,1,-1,1,1,1,1,-1,1,-1,1,1,1,1,1,-1,1,1,1,1,-1,1,1,-1,1,1,-1,1,1,-1,-1,1,1,1,1,-1,1,-1,1,1,1,-1,-1,1,-1,1,1,1,-1,1,-1,-1,-1,1,1,-1,-1,1,-1,-1,1,1,1,-1,1,-1,-1,1,1,1,-1,1,-1,-1,1,1,-1,-1,-1,1,-1,1,1,-1,1,1,-1,1,1,-1,-1,1,-1,-1,-1,1,1,-1,1,1,-1,1,1,-1,-1,-1,-1,1,-1,-1,-1,-1,1,-1,-1,1,1,-1,1,1,-1,1,1,1,1,-1,1,-1,1,1,1,-1,-1,1,-1,-1,1,1,-1,1,1,-1,1,1,1,-1,-1,1,-1,1,1,1,1,-1,1,-1,-1,1,1,1,-1,1,1,-1,1,-1,1,-1,1,-1,-1,1,-2664.0,1,2000,445,500,False
2057,-1,-1,1,1,1,1,-1,1,-1,-1,-1,1,-1,1,-1,-1,1,-1,1,1,-1,1,-1,-1,-1,1,-1,-1,-1,-1,-1,-1,1,1,-1,1,1,-1,-1,-1,1,-1,1,-1,-1,-1,-1,-1,1,-1,1,-1,1,-1,1,-1,-1,1,-1,-1,-1,1,1,1,-1,1,-1,-1,-1,-1,1,-1,1,1,-1,-1,-1,1,-1,-1,-1,1,1,-1,-1,-1,-1,1,-1,1,-1,-1,1,1,-1,-1,-1,1,-1,1,1,1,-1,-1,1,-1,-1,1,1,-1,-1,1,-1,1,1,1,-1,-1,1,-1,-1,1,1,-1,-1,1,-1,-1,1,1,-1,-1,1,-1,1,1,1,1,-1,-1,-1,-1,1,1,-1,-1,1,-1,-1,1,1,1,-1,-1,1,-1,1,1,1,-1,1,-1,-1,1,1,-1,-1,1,-1,1,1,1,-1,-1,1,-1,1,1,1,-1,1,-1,1,1,-1,1,-1,1,1,-1,1,1,1,1,1,1,-1,1,1,1,-1,1,1,-1,-1,1,1,-1,-1,1,-1,1,-1,1,-1,1,1,-1,1,1,1,1,1,1,-1,-1,1,1,-1,-1,1,-1,1,1,-1,1,-1,1,-1,1,1,1,-1,1,1,-1,1,1,1,-1,-1,1,-1,1,1,1,-1,1,1,-1,1,-1,1,-1,1,-1,1,-1,1,1,-1,1,-1,-1,-1,1,1,-1,1,-1,1,-1,-1,1,1,-1,1,1,-1,-1,1,-1,-1,1,1,-1,1,1,1,-1,-1,1,-1,1,1,-1,1,-1,1,1,-1,1,-1,-1,-1,1,-1,-1,1,-1,1,-1,1,1,-1,1,1,1,-1,1,-1,-1,1,1,-1,-1,1,-1,-1,1,-1,1,-1,1,-1,-1,1,1,-1,1,1,-1,1,-1,1,-1,1,1,-1,1,1,1,1,1,1,-1,1,1,1,1,1,-1,-1,1,1,1,1,1,-1,-1,1,-1,1,1,1,-1,-1,1,-1,1,-1,1,1,-1,1,-1,1,1,1,1,-1,-1,1,1,1,-1,-1,-1,1,1,-1,-1,1,1,-1,1,-1,1,-1,1,-1,1,1,-1,1,1,1,-1,-1,1,-1,1,-1,1,-1,-1,1,-1,1,1,1,1,-1,1,1,-1,1,1,-1,-1,1,-1,-1,1,-1,1,-1,-1,1,-1,-1,1,-1,-1,1,1,-1,1,-1,1,-1,-1,1,-1,1,-1,-1,-1,-1,1,-1,-1,1,1,-1,-1,1,-1,1,1,-1,1,-1,1,-1,1,-1,1,-1,-1,-1,-1,-1,-1,-1,1,-1,1,-1,1,-1,1,-1,-1,-1,1,1,-1,1,-1,-1,-1,-1,1,-1,-1,-1,-1,-1,1,-1,1,1,-1,1,-1,-1,1,-1,-1,1,-1,-1,-1,1,-1,1,-1,1,-1,-1,-1,-1,1,-1,1,-1,-1,1,-1,1,1,1,-1,-1,-1,1,1,-1,1,-1,1,-1,1,1,1,-1,1,1,-1,1,1,1,1,1,1,1,-1,1,1,-1,1,-1,1,-1,-1,1,1,-1,1,-1,-1,1,-1,1,-1,1,1,-1,1,1,1,-1,1,1,-1,-1,1,1,-1,-1,-1,-1,1,1,1,-1,-1,-1,-1,1,1,1,-1,1,1,1,-1,1,1,-1,1,1,-1,1,1,1,-1,-1,1,-1,-1,1,1,1,1,1,1,1,1,1,1,1,1,-1,1,1,-1,1,1,1,-1,1,1,-1,1,1,1,-1,1,1,1,-1,1,-1,1,-1,1,-1,1,1,1,-1,1,1,1,1,1,1,1,1,1,-1,1,1,1,1,-1,1,-1,1,-1,1,-1,1,-1,1,1,1,1,1,1,1,-1,1,1,1,1,1,-1,-1,1,1,-1,1,1,-1,-1,1,1,1,1,1,1,-1,1,1,1,-1,1,-1,1,-1,1,1,-1,1,-1,1,1,-1,1,1,1,-1,-1,1,-1,1,-1,-1,-1,1,-1,-1,1,-1,1,-1,-1,1,-1,1,-1,1,-1,-1,1,-1,1,-1,1,-1,-1,1,-1,1,-1,1,-1,1,-1,-1,1,1,1,-1,1,1,-1,1,1,1,1,-1,-1,1,-1,1,1,-1,-1,-1,-1,-1,1,1,-1,1,-1,1,-1,1,1,1,-1,-1,-1,-1,1,-1,-1,-1,-1,-1,1,-1,-1,1,-1,-1,1,-1,1,1,-1,-1,-1,1,-1,1,1,-1,-1,-1,1,1,1,1,-1,1,-1,1,-1,1,1,-1,-1,-1,1,1,1,1,1,-1,-1,1,-1,1,1,-1,1,-1,-1,1,1,1,-1,-1,-1,-1,-1,1,-1,-1,-1,1,-1,1,1,1,1,1,-1,-1,1,1,1,-1,1,1,-1,1,1,-1,1,-1,-1,1,1,1,1,-1,1,-1,-1,1,1,1,-1,-1,-1,-1,1,1,1,1,1,1,-1,1,1,1,1,1,1,-1,1,1,1,1,1,1,-1,1,1,-1,1,1,-1,-1,1,1,-1,1,1,1,-1,1,-1,-1,1,1,1,-1,-1,1,-1,1,1,1,-1,1,1,-1,1,-1,1,-1,1,1,-1,1,1,1,-1,-1,1,1,1,1,-1,1,-1,1,1,1,1,-1,1,-1,1,1,1,-1,-1,1,-1,1,1,-1,1,-1,-1,-1,1,-1,1,-1,1,-1,-1,1,-1,1,-1,-1,-1,-1,1,-1,1,-1,1,-1,-1,-1,1,1,-1,1,-1,-1,-1,-1,1,-1,-1,1,-1,1,-1,1,1,1,1,-1,-1,1,1,-1,-1,1,1,1,1,1,-1,1,-1,-1,1,1,-1,-1,1,-1,-1,-1,-1,1,-1,1,-1,1,1,1,-1,-1,-1,-1,-1,-1,-1,-1,-1,1,-1,1,1,1,-1,1,1,-1,1,1,1,1,-1,1,-1,1,1,1,1,-1,1,-1,1,1,1,1,-1,1,-1,1,1,1,1,-1,1,-1,1,1,1,-1,-1,1,-1,-1,1,1,-1,-1,-1,1,-1,1,1,1,-1,1,-1,-1,1,-2664.0,1,2000,445,1500,True
2058,1,1,-1,-1,1,1,-1,-1,1,1,1,-1,1,1,1,1,-1,1,-1,-1,1,-1,1,1,1,-1,1,-1,1,1,1,1,1,1,-1,-1,1,1,1,-1,-1,-1,-1,1,1,1,-1,-1,1,1,1,1,-1,1,-1,-1,1,-1,1,1,-1,-1,1,-1,1,1,1,-1,-1,-1,-1,1,1,1,1,-1,1,-1,1,1,1,-1,-1,1,1,1,1,1,-1,-1,-1,1,1,1,1,-1,1,1,1,-1,1,1,-1,-1,1,1,1,1,1,-1,-1,1,1,1,1,1,-1,-1,1,1,1,1,1,1,-1,1,1,1,-1,1,1,-1,1,1,1,1,1,1,-1,1,1,1,1,1,1,-1,-1,1,1,1,1,1,-1,1,-1,1,1,1,1,-1,1,1,1,1,-1,1,-1,1,-1,1,1,1,-1,-1,1,1,1,1,1,-1,1,-1,-1,1,1,1,-1,1,1,1,1,-1,1,-1,1,1,-1,1,-1,1,1,-1,1,-1,1,-1,1,-1,-1,1,-1,1,-1,1,-1,1,1,-1,1,-1,1,1,1,1,-1,-1,1,1,-1,-1,1,-1,1,-1,-1,1,-1,1,-1,1,-1,1,-1,1,1,-1,-1,-1,1,-1,1,1,-1,1,1,1,1,1,1,-1,1,-1,-1,1,1,-1,1,-1,1,-1,1,1,-1,-1,-1,1,1,1,1,-1,-1,-1,1,1,-1,1,1,1,-1,-1,1,1,1,1,1,-1,1,1,-1,1,-1,1,-1,1,1,1,1,-1,1,1,1,1,1,1,1,1,-1,-1,1,-1,1,-1,1,1,-1,1,1,1,-1,1,1,1,1,1,1,-1,1,-1,1,1,1,-1,-1,1,-1,1,1,-1,-1,1,1,-1,-1,1,1,1,-1,1,-1,1,1,1,-1,1,1,-1,1,1,1,-1,1,1,-1,1,1,1,-1,1,1,-1,-1,1,1,-1,1,1,-1,1,-1,1,-1,1,1,1,-1,1,1,1,-1,1,1,-1,1,1,-1,1,1,1,-1,-1,-1,-1,1,1,1,-1,1,1,-1,1,1,-1,-1,1,1,1,1,1,-1,1,1,1,-1,1,1,1,-1,-1,1,1,1,-1,1,-1,1,-1,1,1,1,1,-1,-1,-1,1,-1,-1,1,1,-1,1,1,-1,1,1,1,1,-1,1,-1,-1,1,-1,1,-1,1,1,-1,1,1,1,-1,-1,1,-1,1,1,1,-1,1,1,1,-1,1,1,-1,-1,1,-1,1,1,1,-1,1,1,1,1,1,1,-1,1,-1,1,1,1,-1,1,1,-1,-1,1,1,-1,-1,1,-1,1,1,1,-1,-1,1,-1,-1,1,1,-1,-1,1,-1,1,1,1,1,-1,1,1,-1,-1,1,1,-1,1,-1,1,-1,1,-1,-1,1,-1,-1,1,-1,1,-1,-1,1,-1,1,-1,1,-1,1,1,-1,-1,1,1,1,-1,1,-1,1,-1,-1,1,1,-1,-1,-1,1,-1,-1,1,1,1,-1,1,-1,1,1,1,-1,1,1,-1,-1,-1,1,-1,-1,1,-1,-1,1,1,1,-1,1,-1,-1,1,1,-1,-1,1,-1,-1,1,1,-1,-1,1,-1,-1,-1,1,1,-1,1,-1,-1,-1,1,-1,-1,1,-1,1,-1,1,1,-1,-1,1,-1,-1,-1,-1,-1,1,1,1,-1,1,1,-1,-1,1,-1,-1,-1,-1,-1,1,1,-1,-1,-1,-1,-1,1,1,-1,1,1,1,-1,-1,1,1,-1,-1,-1,-1,1,1,-1,-1,1,-1,-1,-1,1,1,-1,-1,-1,-1,-1,1,-1,-1,1,-1,-1,1,1,1,-1,1,-1,-1,-1,1,1,-1,-1,-1,-1,-1,1,1,1,-1,-1,-1,-1,1,1,-1,-1,-1,-1,1,1,1,1,-1,-1,1,1,1,1,1,-1,-1,-1,1,1,1,-1,1,-1,1,1,1,1,-1,1,-1,-1,1,-1,1,-1,1,-1,-1,1,-1,1,-1,-1,-1,-1,1,-1,1,-1,1,-1,-1,1,-1,1,-1,1,-1,1,-1,-1,1,-1,-1,-1,-1,1,1,-1,-1,-1,-1,-1,1,-1,1,-1,-1,-1,-1,-1,-1,-1,1,-1,-1,-1,1,-1,-1,1,-1,-1,-1,-1,-1,-1,1,-1,-1,-1,-1,-1,1,-1,-1,-1,1,-1,-1,1,-1,1,-1,-1,-1,-1,-1,-1,-1,1,-1,-1,-1,1,1,1,-1,-1,1,1,-1,-1,-1,-1,1,-1,-1,1,-1,1,-1,-1,1,-1,1,-1,1,1,-1,1,-1,-1,1,1,-1,-1,-1,-1,-1,-1,1,1,-1,-1,1,-1,1,1,-1,-1,-1,1,-1,1,1,1,-1,1,1,-1,1,1,1,-1,1,-1,1,1,1,-1,-1,1,-1,-1,1,1,1,1,-1,1,-1,1,1,1,-1,1,-1,-1,1,1,1,1,-1,1,-1,1,1,1,1,1,-1,-1,1,1,1,1,1,-1,-1,1,1,1,1,-1,-1,-1,1,-1,1,1,1,-1,-1,-1,1,-1,1,1,-1,-1,1,-1,1,1,1,-1,1,1,1,1,1,1,-1,1,-1,-1,1,1,1,-1,1,-1,1,1,1,-1,1,-1,1,-1,1,1,-1,-1,1,-1,1,1,-1,1,1,-1,-1,1,1,1,1,-1,1,-1,-1,1,1,-1,-1,1,-1,1,-1,1,-1,1,-1,-1,-1,1,1,-1,-1,1,-1,-1,1,-1,1,-1,1,-1,-1,-1,1,1,-1,1,-1,-1,1,1,-1,-1,-1,1,-1,1,-1,-1,1,1,-1,1,1,-1,-1,1,1,-1,-1,-1,1,-1,1,1,-1,1,-1,1,-1,1,-1,1,-1,-1,-1,-1,1,-1,-1,1,1,-1,1,1,-1,1,1,-1,-1,-1,1,-1,1,1,1,1,-1,1,-1,-1,1,1,-1,-1,1,-1,1,1,1,-1,-1,1,-1,1,1,-1,-1,-1,1,-1,-1,1,1,-1,-1,-1,1,-1,1,-1,1,-1,1,-1,-1,1,-2664.0,1,2000,445,500,False
2059,1,1,-1,-1,1,-1,-1,-1,1,1,1,-1,1,1,-1,1,-1,1,-1,-1,-1,1,1,1,1,-1,-1,-1,1,1,1,1,1,-1,-1,-1,1,-1,1,1,-1,-1,1,1,1,1,1,-1,1,1,1,1,-1,1,-1,-1,1,-1,1,1,1,-1,-1,1,1,1,1,1,-1,-1,1,1,1,1,1,-1,-1,-1,1,1,1,-1,-1,-1,1,1,1,1,-1,-1,-1,1,1,1,1,-1,-1,1,1,-1,1,1,-1,-1,1,1,1,1,1,-1,-1,1,1,1,1,1,-1,-1,1,1,1,1,1,1,-1,-1,1,1,-1,1,1,-1,1,1,1,1,1,1,-1,-1,1,1,1,1,1,-1,1,1,1,1,1,1,-1,-1,-1,1,1,1,1,-1,1,1,1,1,-1,1,-1,1,-1,1,1,1,-1,-1,1,1,1,1,1,-1,1,-1,-1,1,-1,1,-1,1,1,1,1,1,1,1,1,1,-1,1,-1,1,-1,1,1,-1,1,-1,1,1,-1,1,-1,1,-1,1,-1,1,1,-1,1,-1,1,1,1,1,-1,-1,1,1,-1,-1,1,-1,1,-1,1,1,-1,1,-1,1,-1,1,-1,-1,1,-1,-1,-1,1,1,-1,1,-1,1,1,1,-1,1,1,-1,-1,-1,1,-1,1,-1,1,-1,1,1,-1,1,-1,-1,-1,1,1,-1,1,-1,-1,-1,1,1,-1,-1,1,1,-1,-1,1,1,-1,1,1,-1,1,1,1,1,-1,1,-1,1,1,-1,1,-1,1,1,1,1,1,1,1,1,-1,-1,1,-1,-1,-1,1,1,-1,1,1,1,-1,1,-1,-1,1,1,1,-1,1,-1,1,1,1,-1,-1,1,-1,1,1,1,-1,1,1,-1,-1,1,1,1,-1,1,-1,1,1,1,-1,1,1,-1,1,1,1,-1,1,-1,-1,1,1,1,-1,1,-1,-1,-1,1,1,-1,1,-1,-1,1,-1,1,-1,1,1,-1,-1,1,1,1,-1,1,-1,-1,1,1,-1,1,-1,-1,-1,-1,-1,-1,1,1,-1,-1,1,1,-1,1,-1,-1,-1,1,1,1,1,-1,-1,1,1,1,-1,1,-1,-1,-1,-1,1,1,1,1,-1,-1,1,1,1,1,-1,-1,-1,-1,-1,1,-1,1,-1,1,-1,1,1,1,-1,-1,1,1,-1,1,-1,1,-1,-1,1,-1,1,1,-1,-1,-1,1,-1,-1,1,1,-1,-1,1,-1,1,1,-1,1,-1,1,-1,-1,1,1,-1,1,1,-1,1,1,-1,-1,1,1,-1,1,-1,1,-1,1,-1,-1,1,-1,1,-1,1,-1,-1,1,-1,-1,-1,1,-1,-1,1,-1,1,-1,1,-1,-1,1,-1,-1,1,-1,1,-1,1,-1,1,-1,1,1,-1,-1,-1,1,-1,1,-1,-1,1,-1,1,1,-1,1,-1,-1,1,1,-1,-1,1,-1,-1,1,1,1,1,1,1,-1,1,1,1,-1,-1,1,1,-1,-1,-1,1,-1,1,1,-1,-1,1,1,-1,1,-1,-1,-1,1,1,-1,1,1,-1,1,-1,1,-1,1,1,-1,-1,-1,1,-1,-1,-1,-1,1,-1,1,-1,-1,-1,-1,-1,-1,1,-1,1,1,1,1,-1,1,-1,1,1,-1,-1,-1,1,-1,-1,1,-1,1,-1,-1,1,1,1,1,-1,-1,1,1,1,1,-1,1,-1,-1,1,1,1,-1,-1,-1,1,1,1,1,-1,-1,-1,1,-1,1,-1,1,1,-1,-1,1,1,1,-1,-1,-1,1,1,1,1,1,-1,-1,-1,1,1,1,1,-1,-1,-1,1,1,1,-1,-1,-1,1,1,1,1,1,-1,-1,-1,1,1,1,-1,-1,-1,-1,1,1,-1,1,-1,-1,-1,1,1,1,1,-1,-1,1,1,1,1,1,-1,1,1,1,1,1,-1,-1,-1,1,1,1,1,1,-1,1,1,1,1,1,1,-1,-1,1,-1,1,-1,1,-1,-1,1,-1,1,1,-1,-1,-1,1,-1,1,1,-1,1,-1,1,-1,1,-1,1,1,-1,1,-1,1,-1,-1,-1,-1,1,1,-1,-1,-1,-1,-1,1,-1,1,-1,-1,-1,-1,-1,-1,-1,1,-1,-1,-1,1,-1,-1,1,-1,-1,-1,-1,-1,1,1,-1,-1,-1,-1,-1,1,-1,-1,-1,1,-1,-1,1,-1,1,-1,-1,-1,-1,-1,-1,-1,1,-1,-1,-1,1,1,-1,-1,-1,-1,1,-1,-1,-1,-1,1,-1,-1,1,-1,1,-1,-1,-1,-1,1,-1,1,1,-1,1,-1,-1,1,1,-1,-1,-1,-1,-1,-1,1,1,-1,-1,1,-1,1,1,-1,-1,-1,1,-1,-1,1,-1,-1,1,-1,-1,1,1,1,-1,1,-1,1,1,1,-1,-1,1,-1,-1,1,1,1,-1,1,-1,-1,1,1,-1,1,1,-1,-1,1,1,1,1,1,-1,-1,1,1,1,1,1,-1,-1,1,1,1,1,-1,1,-1,-1,1,1,-1,1,-1,-1,1,-1,1,1,1,1,-1,-1,1,-1,1,1,1,-1,1,1,1,1,-1,1,-1,1,1,1,1,1,1,1,-1,1,1,1,1,-1,1,-1,1,1,1,1,1,-1,1,1,1,1,-1,1,1,-1,1,1,-1,1,1,-1,-1,1,1,1,1,-1,1,-1,1,1,1,-1,-1,1,-1,1,1,1,-1,1,-1,-1,-1,1,1,-1,-1,1,-1,-1,1,1,-1,-1,1,-1,-1,1,1,1,-1,1,-1,-1,1,1,-1,-1,-1,1,-1,-1,1,-1,1,1,-1,1,1,-1,-1,1,1,-1,-1,1,1,-1,1,1,-1,1,1,-1,-1,-1,-1,1,-1,-1,-1,-1,1,-1,-1,1,1,-1,1,1,-1,1,1,1,1,-1,1,-1,1,1,1,1,-1,1,-1,-1,1,1,1,-1,1,-1,1,1,1,1,-1,1,-1,1,1,1,-1,-1,1,-1,-1,1,1,-1,-1,-1,1,-1,1,-1,1,-1,1,-1,-1,1,-2664.0,1,2000,445,500,False
2060,1,1,-1,-1,1,1,-1,1,1,1,1,-1,1,1,1,1,-1,1,-1,-1,-1,1,1,1,1,-1,-1,-1,1,1,1,1,1,-1,-1,1,-1,1,1,1,-1,-1,1,1,1,1,1,-1,1,-1,1,1,-1,1,-1,-1,1,-1,1,1,1,-1,-1,-1,1,1,1,1,-1,-1,1,-1,1,1,1,-1,-1,1,-1,1,1,-1,-1,-1,-1,1,1,1,-1,-1,1,1,-1,1,1,-1,-1,-1,-1,1,1,1,-1,-1,1,-1,-1,1,1,-1,-1,-1,-1,-1,1,1,-1,-1,1,-1,-1,1,1,1,-1,-1,-1,-1,1,1,1,-1,1,-1,-1,1,1,1,-1,1,-1,-1,-1,1,1,-1,1,-1,-1,-1,1,1,-1,-1,1,-1,-1,1,1,-1,1,1,-1,-1,1,1,-1,1,1,-1,1,1,-1,-1,1,-1,-1,1,1,-1,1,-1,1,-1,1,1,-1,1,1,-1,-1,-1,1,1,1,1,1,-1,-1,1,-1,1,1,1,-1,-1,1,1,-1,1,1,-1,1,1,-1,1,1,1,-1,1,1,1,1,1,1,1,-1,1,-1,-1,1,1,1,-1,1,1,-1,1,1,-1,-1,1,-1,-1,1,1,1,-1,1,1,-1,1,1,-1,1,1,-1,1,1,1,-1,-1,1,-1,1,-1,1,1,1,1,-1,1,-1,1,1,1,1,-1,1,-1,1,1,1,1,-1,-1,1,1,1,1,1,1,-1,1,1,-1,-1,1,1,1,-1,1,1,1,1,-1,1,-1,1,1,1,-1,1,1,1,1,1,1,1,-1,-1,-1,1,-1,1,1,1,1,-1,1,1,1,1,1,1,1,1,1,1,1,1,-1,1,1,1,1,1,1,-1,1,1,1,1,-1,1,1,-1,1,1,1,1,1,-1,1,1,1,1,1,1,-1,1,-1,1,1,1,1,-1,1,-1,1,1,1,1,-1,1,-1,1,-1,-1,1,-1,1,1,-1,1,1,1,1,-1,1,-1,1,-1,1,-1,1,-1,-1,1,-1,-1,-1,1,1,1,1,-1,1,-1,1,-1,1,-1,1,1,1,1,-1,1,-1,1,1,-1,1,-1,-1,-1,-1,1,1,1,1,-1,-1,1,1,1,1,-1,-1,1,-1,-1,1,-1,1,-1,1,-1,1,1,-1,-1,-1,1,1,-1,1,-1,1,-1,-1,1,-1,1,1,-1,-1,-1,1,-1,-1,1,1,-1,-1,1,-1,1,1,-1,1,-1,1,-1,-1,1,1,-1,1,1,-1,1,1,-1,-1,1,1,-1,1,-1,1,-1,1,1,-1,1,-1,1,-1,1,-1,-1,1,-1,-1,-1,1,-1,-1,1,-1,1,-1,1,-1,-1,1,-1,-1,1,-1,1,-1,1,-1,1,-1,1,1,-1,-1,-1,1,-1,1,-1,-1,1,-1,1,1,-1,1,-1,-1,1,1,-1,-1,1,1,-1,1,1,1,1,1,1,-1,1,1,1,-1,1,-1,1,-1,1,1,-1,1,-1,1,-1,1,-1,-1,-1,1,-1,-1,1,-1,-1,-1,1,1,-1,-1,1,-1,-1,1,1,-1,-1,1,-1,-1,-1,-1,-1,-1,1,-1,-1,-1,-1,-1,-1,1,-1,-1,1,1,1,1,1,-1,1,1,1,-1,-1,1,-1,-1,-1,1,-1,-1,1,1,-1,1,1,1,-1,1,1,-1,-1,1,-1,-1,1,1,-1,-1,1,-1,1,1,-1,-1,1,1,-1,1,1,-1,1,1,-1,1,1,1,1,-1,1,1,-1,-1,1,1,-1,1,1,1,-1,1,1,-1,-1,1,1,1,1,1,-1,1,1,-1,-1,1,1,-1,-1,1,1,-1,1,1,-1,-1,1,-1,-1,1,1,1,-1,-1,1,-1,1,1,-1,-1,1,1,-1,1,1,-1,-1,-1,1,-1,-1,-1,1,-1,1,-1,-1,1,-1,-1,-1,1,1,-1,1,1,-1,-1,1,1,-1,1,-1,-1,1,-1,1,-1,1,1,-1,-1,1,-1,-1,-1,1,-1,-1,1,-1,-1,-1,1,-1,1,-1,1,-1,-1,-1,-1,-1,1,-1,-1,-1,1,-1,1,-1,-1,-1,-1,-1,-1,1,-1,-1,-1,-1,1,1,-1,1,-1,-1,-1,1,-1,-1,1,-1,-1,-1,-1,-1,1,1,-1,-1,-1,-1,-1,1,-1,-1,-1,1,-1,-1,1,-1,1,-1,-1,-1,-1,-1,-1,-1,1,-1,-1,-1,1,1,-1,-1,-1,-1,1,-1,-1,-1,-1,-1,-1,-1,1,-1,1,-1,-1,-1,-1,1,-1,1,1,-1,1,-1,-1,1,1,-1,-1,-1,-1,-1,-1,1,1,-1,-1,1,-1,1,1,-1,-1,-1,1,-1,-1,1,-1,-1,1,-1,-1,1,1,1,-1,1,-1,1,1,1,-1,-1,1,-1,-1,1,1,1,-1,1,-1,-1,1,1,-1,1,1,-1,-1,1,1,1,1,1,-1,-1,1,1,1,1,1,-1,-1,1,1,1,1,-1,1,-1,-1,1,1,1,1,-1,-1,1,-1,1,1,1,1,-1,-1,1,-1,1,1,1,-1,1,1,1,1,-1,1,-1,1,1,1,1,1,1,1,-1,1,1,1,1,-1,1,-1,1,1,1,1,1,-1,1,1,1,1,-1,1,1,-1,1,1,-1,1,1,-1,-1,1,1,1,1,-1,1,-1,1,1,1,-1,-1,1,-1,1,1,1,-1,1,-1,-1,-1,1,1,-1,-1,1,-1,-1,1,1,-1,-1,1,-1,-1,1,1,1,-1,1,-1,-1,1,1,-1,-1,-1,1,-1,1,1,-1,1,1,-1,1,1,-1,-1,1,1,-1,-1,1,1,-1,1,1,-1,1,1,-1,-1,-1,-1,1,-1,-1,-1,-1,-1,1,-1,1,1,-1,1,1,-1,1,1,1,1,-1,1,-1,1,1,1,-1,-1,1,-1,-1,1,1,-1,-1,1,-1,1,1,1,-1,-1,1,-1,1,1,1,1,-1,1,-1,-1,1,1,1,-1,-1,1,-1,1,-1,1,-1,1,-1,-1,1,-2664.0,1,2000,445,500,False
2061,1,1,-1,-1,1,1,-1,1,1,1,1,-1,1,1,1,1,-1,1,1,-1,-1,1,1,1,1,1,-1,-1,1,1,1,1,-1,-1,-1,1,-1,1,1,1,-1,-1,1,1,1,1,1,-1,1,-1,1,1,-1,1,-1,-1,1,-1,1,1,1,-1,-1,-1,1,1,1,1,-1,-1,1,-1,1,1,1,-1,-1,1,-1,1,1,-1,-1,-1,-1,1,1,1,-1,-1,-1,1,-1,1,1,-1,-1,1,-1,1,1,1,-1,-1,1,-1,-1,1,1,-1,-1,1,-1,-1,1,1,-1,-1,1,-1,-1,1,1,1,-1,1,-1,-1,1,1,1,-1,1,-1,-1,1,1,1,-1,-1,-1,-1,1,1,1,-1,1,-1,-1,-1,1,1,-1,-1,1,-1,1,1,1,-1,1,1,-1,-1,1,1,-1,1,1,-1,1,1,-1,-1,1,-1,-1,1,1,-1,1,-1,1,-1,1,1,-1,1,1,-1,-1,-1,1,1,1,1,1,-1,-1,1,-1,1,1,1,-1,-1,1,1,-1,1,1,-1,1,1,-1,1,1,1,-1,1,1,1,1,1,1,1,-1,1,-1,-1,1,1,1,-1,1,1,-1,1,1,-1,-1,1,-1,1,1,1,1,-1,1,1,-1,1,1,-1,1,1,-1,1,1,1,-1,-1,1,-1,1,-1,1,1,1,1,-1,1,-1,1,1,1,1,-1,1,-1,1,1,1,1,-1,-1,1,1,1,1,1,1,-1,1,1,1,1,1,1,1,-1,1,1,1,1,-1,1,-1,1,1,1,-1,1,1,1,1,1,1,1,-1,-1,1,1,-1,1,1,1,1,-1,1,1,1,1,1,1,-1,1,1,1,1,1,-1,-1,1,1,1,1,1,-1,1,1,1,1,-1,1,1,-1,1,1,1,1,1,-1,1,1,1,1,1,1,-1,1,-1,1,1,1,1,-1,1,-1,1,1,1,1,-1,1,-1,1,-1,-1,1,-1,1,1,-1,1,1,1,1,-1,1,-1,1,-1,1,-1,1,-1,-1,1,-1,-1,-1,1,1,1,1,-1,1,-1,1,-1,1,-1,1,1,1,1,-1,1,-1,1,1,-1,1,-1,-1,-1,-1,1,1,1,1,-1,-1,1,1,1,1,-1,-1,1,-1,-1,1,-1,1,-1,1,-1,1,1,1,-1,-1,1,1,-1,1,-1,1,-1,-1,1,-1,1,1,-1,-1,-1,1,-1,-1,1,1,-1,-1,1,-1,1,1,-1,1,-1,1,-1,-1,1,1,-1,1,1,-1,1,1,-1,-1,1,1,-1,1,-1,1,-1,1,-1,-1,1,-1,1,-1,1,-1,-1,1,-1,-1,-1,1,-1,-1,1,-1,1,-1,1,-1,-1,1,-1,-1,1,-1,1,-1,1,-1,1,-1,1,1,-1,-1,-1,1,-1,1,-1,-1,1,-1,1,1,1,1,-1,-1,1,1,-1,1,1,1,-1,1,1,1,1,1,1,-1,1,1,1,-1,1,-1,1,-1,1,1,-1,1,-1,1,1,1,-1,-1,-1,1,-1,-1,1,-1,-1,-1,1,1,-1,-1,1,-1,-1,1,1,-1,-1,1,-1,-1,-1,-1,-1,-1,1,-1,-1,-1,-1,-1,-1,1,-1,-1,1,1,1,1,1,-1,1,1,1,-1,-1,1,-1,-1,-1,1,-1,-1,1,1,-1,1,1,1,-1,1,1,-1,-1,1,-1,-1,1,1,-1,-1,1,-1,1,1,-1,-1,1,1,-1,1,1,-1,-1,1,-1,1,1,1,1,-1,1,1,-1,-1,1,1,-1,1,1,1,-1,1,1,-1,-1,1,1,1,1,1,-1,1,1,-1,-1,1,1,-1,-1,1,1,-1,1,1,-1,-1,1,1,-1,1,1,-1,-1,-1,1,-1,1,1,-1,-1,1,1,-1,1,1,1,-1,-1,1,-1,-1,-1,1,-1,1,-1,-1,1,-1,-1,-1,1,1,-1,1,1,-1,-1,1,1,-1,1,-1,-1,1,-1,-1,-1,1,1,-1,-1,1,-1,-1,-1,1,-1,-1,1,-1,-1,-1,1,-1,1,-1,1,-1,-1,-1,-1,-1,1,-1,-1,-1,1,-1,1,-1,-1,-1,-1,-1,-1,1,-1,-1,-1,-1,1,1,-1,1,-1,-1,-1,1,-1,-1,1,-1,-1,-1,-1,-1,1,1,-1,-1,-1,-1,-1,1,-1,-1,-1,1,-1,-1,1,-1,1,-1,-1,-1,-1,-1,-1,-1,1,-1,-1,-1,1,1,1,-1,-1,-1,1,-1,-1,-1,-1,-1,-1,-1,1,1,1,-1,-1,-1,-1,1,-1,1,1,-1,1,-1,-1,1,1,-1,-1,-1,-1,-1,-1,1,1,-1,-1,1,-1,1,1,-1,-1,-1,1,-1,-1,1,-1,-1,1,-1,-1,1,1,1,-1,1,-1,1,1,1,-1,-1,1,-1,-1,1,1,1,-1,1,-1,-1,1,1,-1,1,1,-1,-1,1,1,-1,1,1,-1,-1,1,1,-1,1,1,-1,-1,1,1,1,1,1,1,-1,-1,1,-1,1,1,-1,-1,1,-1,1,1,1,1,-1,-1,1,-1,1,1,1,-1,1,1,1,1,-1,1,-1,1,1,1,1,1,1,1,-1,1,1,1,1,-1,1,-1,1,1,1,1,1,-1,1,1,1,1,-1,1,1,-1,1,1,-1,1,1,-1,-1,1,1,1,1,-1,1,-1,1,1,1,-1,-1,1,-1,1,1,1,-1,1,-1,-1,-1,1,1,-1,-1,1,-1,-1,1,1,-1,-1,1,-1,-1,1,1,1,-1,1,-1,-1,1,1,-1,-1,-1,1,-1,1,1,-1,1,1,-1,1,1,-1,-1,1,-1,-1,-1,1,1,-1,1,1,-1,1,1,-1,-1,-1,-1,1,-1,-1,-1,-1,1,-1,-1,1,1,-1,1,1,-1,1,1,1,1,-1,1,-1,1,1,1,1,-1,1,-1,-1,1,1,1,-1,1,-1,1,1,1,1,-1,1,-1,1,1,1,-1,-1,1,-1,-1,1,1,-1,-1,-1,1,-1,1,-1,1,-1,1,-1,-1,1,-2664.0,1,2000,445,500,False
2062,1,1,-1,-1,1,1,-1,1,1,1,1,-1,1,1,1,1,-1,1,-1,-1,-1,1,1,1,1,-1,-1,-1,1,1,1,1,-1,-1,-1,1,-1,1,1,1,-1,-1,1,1,1,1,1,-1,1,1,1,1,1,1,-1,-1,1,-1,1,1,1,-1,-1,-1,1,1,1,1,-1,-1,1,-1,1,1,1,-1,-1,-1,1,1,1,-1,-1,-1,-1,1,1,1,-1,-1,-1,1,-1,1,1,-1,-1,1,-1,1,1,1,-1,-1,1,-1,-1,1,1,-1,-1,-1,-1,-1,1,1,-1,-1,1,-1,-1,1,1,1,-1,-1,-1,-1,1,1,1,-1,1,-1,-1,1,1,1,-1,1,-1,-1,1,1,1,-1,1,-1,-1,-1,1,1,-1,-1,1,-1,1,1,1,-1,1,1,-1,-1,1,1,-1,1,1,-1,1,1,-1,-1,1,-1,-1,1,1,-1,1,-1,1,-1,1,1,-1,1,1,-1,-1,-1,1,1,1,1,1,-1,-1,1,-1,1,1,1,-1,-1,1,1,-1,1,1,-1,1,1,-1,1,1,1,-1,1,1,1,1,1,1,1,-1,1,-1,-1,1,1,-1,-1,1,1,-1,1,1,-1,-1,1,-1,1,1,1,1,-1,1,1,-1,1,1,-1,1,1,-1,1,1,1,-1,-1,1,-1,1,-1,1,1,1,1,-1,1,-1,1,1,1,1,-1,1,-1,1,1,1,1,-1,-1,1,1,1,1,1,1,-1,1,1,-1,-1,1,1,1,-1,1,1,1,1,-1,1,-1,1,1,1,-1,1,1,1,1,1,1,1,-1,-1,-1,1,-1,1,1,1,1,-1,1,1,1,1,1,1,1,1,1,1,1,1,-1,-1,1,1,1,1,1,-1,1,1,1,-1,1,1,1,-1,1,1,1,1,1,-1,1,1,-1,1,1,1,-1,1,1,1,1,1,1,-1,1,1,1,-1,1,1,-1,1,1,1,-1,-1,1,-1,1,-1,1,-1,1,1,1,-1,-1,1,1,-1,1,-1,1,1,1,-1,-1,-1,-1,1,1,1,-1,1,1,-1,1,1,-1,-1,1,1,1,1,1,-1,-1,1,1,-1,1,1,1,-1,-1,1,1,1,-1,1,-1,1,1,1,1,1,1,-1,-1,-1,1,-1,1,1,1,-1,1,1,1,1,1,1,1,-1,1,-1,-1,1,-1,1,-1,1,1,-1,1,1,1,-1,-1,1,-1,1,1,1,-1,1,1,1,-1,1,1,-1,-1,1,-1,1,1,1,-1,1,1,1,1,1,1,-1,1,-1,1,1,1,-1,-1,1,-1,-1,1,1,-1,-1,1,-1,1,1,1,-1,-1,1,1,-1,1,1,-1,-1,1,-1,1,1,1,1,-1,1,1,-1,-1,1,1,-1,-1,-1,1,-1,1,-1,-1,1,-1,-1,1,-1,1,-1,-1,1,-1,1,-1,1,-1,-1,1,-1,-1,1,1,1,-1,1,-1,1,-1,1,1,1,-1,-1,1,-1,-1,1,1,1,1,-1,-1,1,-1,1,1,1,-1,-1,-1,1,-1,1,1,1,-1,-1,-1,1,1,-1,1,-1,-1,-1,1,1,-1,1,-1,-1,1,1,1,-1,1,-1,-1,-1,-1,1,1,1,-1,1,-1,-1,1,-1,1,-1,-1,1,1,1,-1,1,1,-1,-1,-1,-1,-1,1,1,-1,-1,-1,1,-1,-1,1,-1,-1,-1,-1,1,1,-1,-1,-1,-1,-1,1,1,-1,1,-1,1,1,1,1,1,-1,-1,-1,-1,-1,1,-1,1,-1,-1,1,-1,1,1,-1,1,-1,-1,1,1,1,-1,1,-1,1,-1,1,1,-1,1,-1,1,-1,1,1,-1,1,-1,-1,-1,1,1,1,-1,1,-1,-1,1,1,-1,-1,-1,-1,-1,1,1,1,-1,1,-1,-1,-1,-1,1,-1,1,-1,-1,1,-1,-1,1,-1,1,-1,1,1,-1,1,-1,1,-1,1,-1,-1,1,-1,1,-1,1,1,-1,1,-1,-1,-1,-1,1,-1,1,-1,1,-1,-1,1,-1,1,-1,1,-1,-1,-1,1,-1,-1,-1,-1,-1,1,-1,1,-1,-1,-1,-1,-1,-1,1,-1,-1,-1,-1,1,1,-1,1,-1,-1,-1,1,-1,-1,1,-1,-1,-1,-1,-1,1,1,-1,-1,-1,-1,-1,1,-1,-1,-1,1,-1,-1,1,-1,1,-1,-1,-1,-1,-1,-1,-1,1,-1,-1,-1,1,1,-1,-1,-1,-1,1,-1,-1,-1,1,-1,-1,-1,1,-1,1,-1,-1,-1,-1,1,-1,1,-1,-1,1,-1,-1,1,1,-1,-1,-1,-1,-1,-1,1,1,-1,-1,1,-1,1,1,-1,-1,-1,1,-1,1,1,-1,-1,1,-1,-1,1,1,1,-1,1,-1,1,1,1,-1,-1,1,-1,-1,1,1,1,-1,1,-1,-1,1,1,-1,1,1,-1,-1,1,1,-1,1,1,-1,-1,1,1,-1,1,1,-1,-1,1,1,1,1,1,1,-1,-1,1,1,1,1,-1,-1,1,-1,1,1,1,1,-1,-1,1,-1,1,1,1,-1,1,1,1,1,-1,1,-1,1,1,1,1,1,1,1,-1,1,1,1,1,-1,1,-1,1,1,1,1,1,-1,1,1,1,1,-1,1,1,-1,1,1,-1,1,1,-1,-1,1,1,1,1,-1,1,-1,1,1,1,-1,-1,1,-1,1,1,1,-1,1,-1,-1,-1,1,1,-1,-1,1,-1,-1,1,1,-1,-1,1,-1,-1,1,1,1,-1,1,-1,-1,1,1,-1,-1,-1,1,-1,1,1,-1,1,1,-1,1,1,-1,-1,1,-1,-1,-1,1,1,-1,1,1,-1,1,1,-1,-1,1,-1,1,-1,-1,-1,-1,1,-1,-1,1,1,-1,1,1,-1,1,1,1,1,-1,1,-1,1,1,1,-1,-1,1,-1,-1,1,1,-1,-1,1,-1,1,1,1,-1,-1,1,-1,1,1,1,1,-1,1,-1,-1,1,1,-1,-1,-1,1,-1,1,1,1,-1,1,-1,-1,1,-2664.0,1,2000,445,500,False
2063,1,1,-1,-1,1,1,-1,-1,1,1,1,-1,1,1,1,1,-1,1,-1,-1,-1,-1,1,1,1,-1,-1,-1,1,1,1,1,-1,-1,-1,-1,1,-1,1,1,-1,-1,-1,1,1,1,1,-1,1,1,1,1,-1,1,-1,-1,1,-1,1,1,1,-1,-1,-1,1,1,1,1,-1,-1,-1,1,1,1,1,-1,-1,-1,1,1,1,-1,-1,-1,1,1,1,1,-1,-1,-1,1,1,1,1,-1,-1,1,1,-1,1,1,-1,-1,1,1,1,1,1,-1,-1,-1,1,1,1,1,-1,-1,1,1,1,1,1,1,-1,-1,1,1,-1,1,1,-1,1,1,1,1,1,1,-1,1,1,1,1,1,1,-1,1,1,1,1,1,1,-1,-1,-1,1,1,1,1,-1,1,1,1,1,-1,1,-1,1,-1,1,1,1,-1,-1,1,1,1,1,1,-1,1,-1,-1,1,1,1,-1,1,1,1,1,-1,1,1,1,1,-1,1,-1,1,-1,1,1,-1,1,-1,1,1,-1,1,-1,1,-1,1,-1,1,1,-1,1,-1,1,1,1,1,-1,-1,1,1,-1,-1,1,-1,1,-1,1,1,-1,1,-1,1,-1,1,-1,1,1,-1,-1,1,-1,1,-1,1,-1,1,1,1,-1,1,1,-1,1,-1,1,-1,1,-1,1,-1,1,1,-1,1,-1,-1,-1,-1,1,-1,1,-1,-1,-1,-1,1,-1,-1,1,1,-1,1,1,1,-1,1,1,-1,1,1,1,1,-1,1,-1,1,1,-1,1,-1,1,-1,1,-1,1,1,1,1,-1,-1,1,-1,-1,-1,1,1,-1,1,1,1,-1,1,1,1,1,1,1,1,1,-1,1,1,1,-1,1,1,-1,1,1,1,-1,1,1,-1,-1,1,1,1,-1,1,-1,1,1,1,-1,1,1,-1,1,1,1,-1,1,1,-1,1,1,1,-1,1,1,-1,-1,1,1,-1,1,1,-1,1,-1,1,-1,1,1,1,-1,1,1,1,-1,1,1,-1,1,1,-1,1,1,1,-1,-1,-1,-1,1,1,1,-1,1,1,-1,1,1,-1,-1,1,1,1,1,1,-1,1,1,1,-1,1,1,1,-1,-1,1,1,-1,-1,1,-1,1,1,1,-1,1,1,-1,-1,-1,1,-1,-1,1,1,-1,1,1,-1,1,1,1,1,-1,1,-1,-1,1,-1,1,-1,1,-1,-1,1,1,1,-1,-1,1,-1,1,1,1,-1,1,1,1,-1,1,1,-1,-1,1,-1,1,1,1,-1,1,1,1,1,1,1,-1,1,-1,-1,1,1,1,-1,1,-1,-1,1,1,-1,-1,1,-1,1,1,1,-1,-1,1,1,-1,1,1,-1,-1,1,-1,1,1,1,1,-1,1,-1,-1,-1,1,1,-1,-1,-1,1,-1,1,-1,-1,1,-1,-1,1,-1,1,-1,-1,1,-1,1,-1,1,-1,-1,1,-1,-1,1,1,1,-1,1,-1,1,-1,-1,-1,1,-1,-1,-1,1,-1,-1,1,1,1,-1,1,-1,1,1,1,-1,1,1,-1,-1,-1,1,-1,-1,1,-1,-1,1,1,1,-1,1,-1,-1,1,1,-1,-1,1,-1,-1,1,1,-1,-1,1,-1,-1,-1,1,1,-1,1,1,-1,-1,1,-1,-1,1,-1,1,-1,1,1,-1,-1,1,-1,-1,-1,-1,-1,1,1,1,-1,1,1,-1,-1,1,-1,-1,-1,-1,-1,1,1,-1,-1,-1,-1,-1,1,1,-1,1,1,-1,-1,-1,1,1,-1,-1,-1,-1,1,1,-1,-1,1,-1,-1,-1,1,1,-1,-1,-1,-1,-1,1,-1,-1,1,-1,-1,1,1,1,-1,1,-1,-1,-1,1,1,-1,-1,-1,-1,-1,1,1,1,-1,-1,-1,-1,1,1,-1,-1,-1,-1,1,-1,1,1,-1,-1,1,1,-1,1,1,-1,-1,-1,1,1,1,-1,1,-1,1,1,1,1,-1,1,-1,-1,1,-1,1,-1,1,-1,-1,1,-1,1,-1,-1,-1,-1,1,-1,1,-1,1,1,-1,1,-1,1,-1,1,1,1,-1,1,1,-1,-1,-1,-1,1,-1,-1,-1,-1,-1,-1,1,-1,1,-1,-1,-1,-1,1,1,-1,1,-1,-1,-1,1,-1,-1,1,-1,-1,-1,-1,1,1,1,-1,-1,-1,-1,-1,1,-1,-1,-1,1,-1,-1,1,-1,1,-1,-1,-1,-1,-1,-1,-1,1,-1,-1,-1,1,1,1,-1,-1,-1,1,-1,-1,-1,-1,1,-1,-1,1,-1,1,-1,-1,-1,-1,1,-1,1,1,-1,1,-1,-1,1,1,-1,-1,-1,-1,-1,-1,1,1,-1,-1,1,-1,1,1,-1,-1,-1,1,-1,1,1,-1,-1,1,-1,-1,1,1,1,-1,1,-1,1,1,1,-1,-1,1,-1,-1,1,1,1,-1,1,-1,-1,1,1,-1,1,1,-1,-1,1,1,-1,1,1,-1,-1,1,1,-1,1,1,-1,-1,1,1,1,1,1,1,-1,-1,1,1,-1,1,-1,-1,1,-1,1,1,1,1,-1,-1,1,-1,1,1,1,-1,1,1,1,1,-1,1,-1,1,1,1,1,1,1,1,-1,1,1,1,1,-1,1,-1,1,1,1,1,1,-1,1,1,1,1,-1,1,1,-1,1,1,-1,1,1,-1,-1,1,1,1,1,-1,1,-1,1,1,1,-1,-1,1,-1,1,1,1,-1,1,-1,-1,-1,1,1,-1,-1,1,-1,-1,1,1,1,-1,1,-1,-1,1,1,1,-1,1,-1,-1,1,1,-1,-1,-1,1,-1,1,1,-1,1,1,-1,1,1,-1,-1,1,1,-1,-1,1,1,-1,1,1,-1,1,1,-1,-1,-1,-1,-1,-1,-1,-1,-1,-1,1,-1,1,1,-1,1,1,-1,1,1,1,1,-1,1,-1,1,1,1,-1,-1,1,-1,1,1,1,-1,-1,1,-1,1,1,1,-1,-1,1,-1,1,1,1,1,-1,1,-1,1,1,1,-1,-1,-1,1,-1,1,-1,1,-1,1,-1,1,1,-2664.0,1,2000,445,500,False
2064,1,1,-1,-1,1,1,-1,-1,1,1,1,-1,1,1,1,1,-1,1,-1,-1,-1,-1,1,1,1,-1,1,-1,1,1,1,1,1,-1,-1,-1,1,1,1,1,-1,-1,-1,1,1,1,1,-1,1,1,1,1,-1,1,-1,-1,1,-1,1,1,1,-1,-1,-1,1,1,1,1,-1,-1,-1,1,1,1,1,-1,-1,-1,1,1,1,-1,-1,-1,1,1,1,1,-1,-1,-1,1,1,1,1,-1,-1,1,1,-1,1,1,-1,-1,1,1,1,1,1,-1,-1,1,1,1,1,1,-1,-1,1,1,1,1,1,1,-1,1,1,1,-1,1,1,-1,1,1,1,1,1,1,-1,-1,1,1,1,1,1,-1,1,1,1,1,1,1,-1,-1,-1,1,1,1,1,-1,1,1,1,1,-1,1,-1,1,-1,1,1,1,-1,-1,1,1,1,1,1,-1,1,-1,-1,1,1,1,-1,1,1,1,1,-1,1,1,1,1,-1,1,-1,1,-1,1,1,-1,1,-1,1,1,-1,1,-1,1,-1,1,-1,1,1,-1,1,-1,1,1,1,1,-1,-1,1,1,-1,-1,1,-1,1,1,-1,1,-1,1,-1,1,-1,1,-1,1,1,-1,-1,1,-1,1,-1,1,-1,1,1,1,-1,1,1,-1,1,-1,1,-1,1,-1,1,-1,1,1,-1,1,-1,-1,1,-1,1,-1,1,-1,-1,-1,-1,1,-1,-1,1,1,-1,1,1,1,-1,1,1,-1,1,1,1,1,-1,1,-1,1,1,-1,1,-1,1,-1,1,-1,1,1,1,1,-1,-1,1,-1,-1,-1,1,1,-1,1,1,1,-1,1,1,1,1,1,1,1,1,-1,1,1,1,-1,1,1,-1,1,1,1,-1,1,1,-1,-1,1,1,1,-1,1,-1,1,1,1,-1,1,1,-1,1,1,1,-1,1,1,-1,1,1,1,-1,1,1,1,-1,1,1,-1,1,1,-1,-1,-1,1,-1,1,1,1,-1,1,1,1,-1,1,1,-1,-1,1,-1,1,-1,1,-1,-1,-1,-1,1,1,1,-1,1,1,-1,1,1,-1,-1,1,1,1,1,1,-1,-1,1,1,-1,1,1,1,1,-1,1,1,-1,-1,1,-1,1,-1,1,-1,1,1,-1,-1,-1,1,-1,-1,1,1,-1,1,1,-1,1,1,1,1,-1,1,-1,-1,1,-1,1,-1,1,-1,1,1,1,1,-1,-1,1,-1,1,1,1,-1,1,1,1,-1,1,1,-1,1,-1,-1,1,1,1,-1,1,-1,1,1,1,1,-1,1,-1,1,1,1,-1,1,1,-1,-1,1,1,-1,-1,1,-1,1,1,1,-1,1,-1,1,-1,1,1,-1,-1,1,-1,1,1,1,1,-1,1,-1,-1,-1,1,1,-1,-1,-1,1,-1,1,-1,-1,1,-1,-1,1,-1,1,-1,-1,1,-1,1,-1,1,-1,-1,1,-1,-1,1,1,1,-1,1,-1,1,-1,-1,-1,1,-1,-1,-1,1,-1,-1,1,1,1,-1,1,-1,1,1,1,-1,1,1,-1,1,-1,1,-1,-1,1,-1,-1,1,1,1,-1,1,-1,-1,1,1,-1,-1,1,-1,-1,1,1,-1,-1,1,-1,-1,-1,1,1,-1,1,1,-1,-1,1,-1,-1,1,-1,1,-1,1,1,-1,-1,1,-1,-1,-1,-1,-1,1,1,1,-1,1,1,-1,-1,1,-1,1,-1,-1,-1,1,1,-1,-1,-1,-1,-1,1,1,-1,1,1,-1,-1,-1,1,1,-1,-1,-1,-1,-1,1,-1,-1,1,-1,-1,-1,1,1,-1,-1,-1,-1,-1,1,-1,-1,1,-1,-1,-1,1,1,-1,1,-1,-1,-1,1,1,-1,-1,-1,-1,-1,1,1,1,-1,-1,-1,-1,1,1,-1,-1,-1,-1,1,-1,1,1,-1,-1,1,1,-1,1,1,-1,-1,-1,1,1,1,1,1,-1,1,-1,1,1,-1,1,-1,-1,1,-1,1,-1,1,-1,-1,1,-1,1,-1,-1,-1,-1,-1,-1,1,-1,1,-1,-1,1,-1,1,-1,1,-1,1,-1,-1,-1,-1,-1,-1,-1,1,-1,1,-1,-1,-1,-1,1,-1,1,-1,-1,-1,-1,1,1,-1,1,-1,-1,-1,1,-1,-1,1,-1,-1,-1,-1,1,1,1,-1,-1,-1,-1,-1,1,-1,-1,-1,1,-1,-1,1,-1,1,-1,-1,-1,-1,-1,-1,-1,1,-1,-1,-1,1,1,-1,-1,-1,1,1,-1,-1,-1,-1,1,-1,-1,1,1,1,-1,-1,-1,-1,1,-1,1,1,-1,1,-1,-1,1,1,-1,-1,-1,-1,-1,-1,1,1,-1,-1,1,-1,1,1,-1,-1,-1,1,-1,1,1,-1,-1,1,-1,-1,1,1,1,-1,1,-1,1,1,1,-1,-1,1,-1,-1,1,1,1,-1,1,-1,-1,1,1,-1,1,1,-1,-1,1,1,-1,1,1,-1,-1,1,1,1,1,1,-1,-1,1,1,1,1,1,1,-1,1,1,1,-1,1,-1,-1,1,-1,1,1,1,1,-1,-1,1,-1,1,1,1,-1,1,1,1,1,-1,1,-1,1,1,1,1,1,1,1,-1,1,1,1,1,-1,1,-1,1,1,1,1,1,-1,1,1,1,1,-1,1,1,-1,1,1,-1,1,1,-1,-1,1,1,1,1,-1,1,-1,1,1,1,-1,-1,1,-1,1,1,1,-1,1,-1,-1,-1,1,1,-1,-1,1,-1,-1,1,1,1,-1,1,-1,1,-1,1,1,-1,1,-1,-1,1,1,-1,-1,-1,1,1,-1,1,-1,1,1,-1,1,1,-1,-1,1,1,-1,-1,1,1,-1,1,1,1,1,1,-1,-1,-1,-1,1,-1,-1,-1,-1,-1,1,1,1,1,-1,1,1,-1,1,1,1,1,-1,1,-1,1,1,1,1,-1,1,-1,1,1,1,1,-1,1,-1,1,1,1,1,-1,1,-1,1,1,1,-1,-1,1,-1,1,1,1,-1,-1,-1,1,-1,1,-1,1,-1,1,-1,1,1,-2664.0,1,2000,445,500,False
2065,1,1,-1,-1,1,1,-1,1,1,1,1,-1,-1,1,1,1,-1,1,-1,-1,-1,1,1,1,1,-1,-1,-1,1,1,1,1,-1,-1,-1,1,-1,1,1,1,-1,-1,1,1,1,1,1,-1,1,-1,1,1,-1,1,-1,-1,1,-1,1,1,1,-1,-1,-1,1,1,1,1,-1,-1,1,-1,1,1,1,-1,-1,1,1,1,1,-1,-1,-1,-1,1,1,1,-1,-1,1,1,-1,1,1,-1,-1,-1,-1,1,1,1,-1,-1,1,-1,-1,1,1,-1,-1,-1,-1,-1,1,1,-1,-1,1,-1,-1,1,1,1,-1,-1,-1,-1,1,1,1,-1,1,-1,-1,1,1,1,-1,1,-1,-1,-1,1,1,-1,1,-1,-1,-1,1,1,-1,-1,1,-1,1,1,1,-1,1,1,-1,-1,1,1,-1,1,1,-1,1,1,-1,-1,1,-1,-1,1,1,-1,1,-1,1,-1,-1,1,-1,1,1,-1,-1,-1,1,1,1,1,1,-1,-1,1,-1,1,1,1,-1,-1,1,1,-1,1,1,-1,1,1,-1,1,1,1,-1,1,1,1,1,1,1,1,-1,1,-1,-1,1,1,1,-1,1,1,-1,1,1,-1,-1,1,-1,1,1,1,1,-1,1,1,-1,1,1,-1,1,1,-1,1,-1,1,-1,-1,1,-1,1,1,1,1,1,1,-1,1,-1,1,1,1,1,-1,1,-1,1,1,1,1,-1,-1,1,1,1,1,1,1,-1,1,1,1,-1,1,1,1,-1,1,1,1,1,-1,1,-1,1,1,1,-1,1,1,1,1,1,1,1,-1,-1,-1,1,-1,1,1,1,1,-1,1,1,1,1,1,1,1,1,1,1,1,1,-1,-1,1,1,1,1,1,-1,1,1,1,1,-1,1,1,-1,1,1,1,1,1,-1,1,1,1,1,1,1,-1,1,-1,1,1,1,1,-1,1,-1,1,1,1,1,-1,1,-1,1,-1,-1,1,-1,1,1,-1,1,1,1,1,-1,1,-1,1,-1,1,-1,1,-1,-1,1,-1,-1,-1,1,1,-1,1,-1,1,-1,1,-1,1,-1,1,1,1,1,-1,1,-1,1,1,-1,1,-1,-1,-1,-1,1,1,1,1,-1,-1,1,-1,1,1,-1,-1,1,-1,-1,1,-1,1,-1,1,-1,1,1,1,-1,-1,1,1,-1,1,-1,1,-1,-1,1,-1,1,1,-1,-1,-1,1,-1,-1,1,1,-1,-1,1,-1,1,1,-1,1,-1,1,-1,-1,1,1,-1,1,1,-1,1,1,-1,-1,1,1,-1,1,-1,1,-1,1,-1,1,1,-1,1,-1,1,-1,-1,1,-1,-1,-1,1,-1,-1,1,1,1,-1,1,-1,-1,1,-1,-1,1,-1,1,-1,1,-1,1,-1,1,1,-1,1,-1,1,-1,1,-1,-1,1,-1,1,1,-1,1,-1,-1,1,1,-1,-1,1,-1,1,1,1,1,1,1,1,-1,1,1,1,-1,1,-1,1,-1,1,1,-1,1,-1,1,-1,-1,1,-1,-1,1,-1,-1,1,-1,-1,-1,1,1,-1,-1,1,-1,-1,1,1,-1,-1,1,-1,-1,-1,-1,-1,-1,1,-1,-1,-1,-1,-1,-1,1,-1,-1,1,1,1,1,1,-1,1,1,1,-1,-1,1,-1,-1,-1,1,-1,-1,1,1,-1,1,1,1,-1,1,1,-1,-1,1,-1,-1,-1,1,-1,-1,1,-1,1,1,-1,-1,1,1,-1,1,1,-1,-1,1,-1,1,1,1,1,-1,1,1,-1,-1,1,1,-1,1,1,1,-1,1,1,-1,-1,1,1,1,1,1,-1,1,1,-1,-1,1,1,-1,-1,1,1,-1,1,1,-1,-1,1,1,-1,1,1,-1,-1,-1,1,-1,1,1,-1,-1,1,1,-1,1,1,-1,-1,-1,1,-1,-1,-1,1,-1,1,-1,-1,1,-1,-1,-1,1,1,-1,1,1,-1,-1,1,1,-1,1,-1,-1,1,-1,1,-1,1,1,-1,-1,1,-1,-1,-1,1,-1,-1,1,-1,-1,-1,1,-1,1,-1,1,-1,-1,1,-1,-1,1,-1,-1,-1,1,-1,1,-1,-1,-1,-1,-1,-1,1,-1,-1,-1,-1,1,1,-1,1,-1,-1,-1,1,-1,-1,1,-1,-1,-1,-1,-1,1,1,-1,-1,-1,-1,-1,1,-1,-1,-1,1,-1,-1,1,-1,1,-1,-1,-1,-1,-1,-1,-1,1,-1,-1,-1,1,1,-1,-1,-1,-1,1,-1,-1,-1,-1,-1,-1,-1,1,1,1,-1,-1,-1,-1,1,-1,1,1,-1,1,-1,-1,1,1,-1,-1,-1,-1,-1,-1,1,1,-1,-1,1,-1,1,1,-1,-1,-1,1,-1,-1,1,-1,-1,1,-1,-1,1,1,1,-1,1,-1,1,1,1,-1,-1,1,-1,-1,1,1,1,-1,1,-1,-1,1,1,-1,1,1,-1,-1,1,1,-1,1,1,-1,-1,1,1,-1,1,1,-1,-1,1,1,1,1,1,1,-1,1,1,1,1,1,-1,-1,1,-1,1,1,1,1,-1,-1,1,-1,1,1,1,-1,1,-1,1,1,-1,1,-1,1,1,1,1,1,1,1,-1,-1,1,1,1,-1,1,-1,1,1,1,1,1,-1,1,-1,1,1,-1,1,1,-1,1,1,-1,1,1,-1,-1,1,1,1,1,-1,1,-1,-1,1,1,-1,-1,1,-1,1,1,1,-1,1,-1,-1,-1,1,1,-1,-1,1,-1,-1,1,1,1,-1,1,-1,-1,1,1,1,-1,1,-1,-1,1,1,-1,-1,-1,1,-1,1,1,-1,1,1,-1,1,1,-1,-1,1,1,-1,-1,1,1,-1,1,1,-1,1,1,-1,-1,-1,-1,1,-1,-1,-1,-1,1,-1,-1,1,1,-1,1,1,-1,1,1,1,1,-1,1,-1,1,1,1,-1,-1,1,-1,-1,1,1,-1,1,1,-1,1,1,1,-1,-1,1,-1,1,1,1,1,-1,1,-1,-1,1,1,1,-1,1,1,-1,1,-1,1,-1,1,-1,-1,1,-2664.0,1,2000,445,500,False
2066,1,1,-1,1,1,1,-1,-1,1,1,-1,1,-1,1,1,1,-1,1,-1,1,1,-1,1,1,1,-1,-1,-1,1,1,1,1,1,1,-1,-1,1,1,1,-1,1,-1,-1,1,1,1,-1,-1,1,1,1,1,-1,1,1,-1,1,-1,1,1,-1,1,1,-1,1,1,1,-1,-1,-1,-1,1,1,1,1,-1,1,-1,1,1,1,-1,-1,1,1,1,1,1,-1,1,-1,1,1,1,1,-1,-1,1,1,-1,1,1,-1,-1,1,1,1,1,1,-1,-1,1,1,-1,1,1,-1,-1,1,1,1,1,1,1,-1,1,1,1,-1,1,1,-1,1,1,1,1,1,1,-1,1,1,1,-1,1,1,-1,-1,1,1,1,1,1,-1,1,-1,1,-1,1,1,-1,1,1,1,1,-1,1,-1,1,-1,1,1,1,-1,-1,1,1,1,-1,1,-1,1,-1,-1,1,1,1,-1,1,1,1,1,-1,1,-1,1,1,-1,1,-1,1,1,-1,1,-1,1,-1,1,-1,-1,1,-1,1,-1,1,-1,1,1,-1,-1,-1,1,1,1,1,-1,-1,1,1,-1,-1,1,-1,1,1,-1,1,-1,1,-1,1,-1,1,-1,1,1,-1,-1,1,1,-1,1,1,-1,1,1,1,1,1,1,-1,1,-1,-1,1,1,-1,1,-1,1,-1,1,1,-1,-1,-1,1,1,1,1,-1,-1,-1,-1,1,-1,1,1,1,-1,-1,1,1,1,1,1,-1,1,1,-1,1,-1,1,-1,1,1,1,-1,-1,1,1,-1,1,1,1,1,1,-1,-1,1,-1,1,-1,1,1,-1,1,1,1,-1,1,-1,-1,1,1,1,-1,1,-1,1,1,1,-1,1,1,-1,1,1,-1,-1,1,1,-1,1,-1,1,1,-1,1,-1,1,1,1,-1,1,1,-1,1,1,1,-1,1,-1,-1,1,1,1,-1,1,-1,-1,1,1,1,-1,1,-1,-1,-1,-1,1,-1,1,1,-1,1,1,1,1,1,1,-1,-1,-1,1,-1,1,-1,-1,1,-1,-1,-1,1,1,-1,1,-1,1,-1,1,-1,1,-1,1,1,1,1,-1,1,-1,1,1,-1,1,-1,-1,-1,-1,1,1,1,1,-1,-1,1,1,1,1,-1,-1,1,-1,-1,1,-1,1,-1,1,-1,1,1,1,-1,-1,1,1,-1,1,-1,1,-1,-1,1,-1,1,1,-1,-1,-1,1,-1,-1,1,1,-1,-1,1,-1,1,1,-1,1,-1,1,-1,-1,1,1,-1,1,1,-1,1,1,-1,-1,1,1,-1,1,-1,1,-1,1,-1,-1,1,-1,1,-1,1,-1,-1,1,-1,-1,-1,1,-1,-1,1,1,1,-1,1,-1,-1,1,-1,-1,1,-1,1,-1,1,1,1,-1,1,1,-1,-1,-1,1,-1,1,-1,-1,1,-1,1,1,1,1,-1,-1,1,1,-1,-1,1,-1,-1,1,1,1,1,1,1,-1,1,1,1,-1,1,-1,1,-1,-1,-1,1,-1,-1,1,-1,1,-1,1,-1,1,-1,-1,-1,1,1,-1,1,1,-1,-1,-1,1,-1,1,1,-1,1,-1,1,-1,-1,-1,-1,-1,-1,1,-1,-1,-1,-1,-1,-1,1,-1,1,1,1,1,-1,1,-1,1,1,-1,-1,-1,1,-1,-1,1,-1,1,-1,-1,1,1,1,1,-1,-1,1,1,1,1,-1,1,-1,-1,1,1,1,-1,-1,-1,1,1,1,1,-1,1,-1,1,-1,1,-1,1,1,-1,-1,1,1,1,-1,-1,-1,-1,1,1,1,1,-1,-1,-1,1,1,1,1,-1,-1,-1,1,-1,1,-1,-1,1,-1,1,1,1,1,-1,1,-1,1,-1,1,1,-1,-1,-1,1,1,-1,1,-1,-1,-1,1,1,1,1,-1,-1,1,-1,1,-1,1,-1,1,1,-1,1,1,-1,-1,-1,1,1,-1,1,1,-1,1,1,1,-1,1,1,-1,-1,1,-1,1,-1,1,-1,1,-1,1,-1,1,-1,-1,-1,-1,-1,-1,1,-1,-1,-1,1,1,-1,-1,1,-1,1,-1,-1,-1,-1,-1,-1,-1,1,1,1,-1,-1,-1,-1,1,-1,1,-1,-1,-1,-1,-1,-1,-1,1,-1,-1,-1,1,-1,-1,1,-1,-1,-1,-1,-1,1,1,-1,-1,-1,-1,-1,1,-1,-1,-1,1,-1,-1,1,-1,1,-1,-1,-1,-1,-1,-1,-1,1,-1,-1,-1,1,1,-1,-1,-1,1,-1,1,-1,-1,-1,1,-1,-1,1,-1,1,-1,-1,-1,-1,1,-1,1,1,-1,1,-1,-1,1,1,1,-1,-1,-1,-1,-1,1,1,-1,-1,1,-1,1,1,-1,-1,-1,1,-1,1,1,1,-1,1,1,-1,1,1,1,-1,1,-1,1,1,1,-1,-1,1,-1,-1,1,1,1,1,-1,1,-1,1,1,1,-1,1,-1,-1,1,1,1,1,-1,1,-1,1,1,1,1,1,-1,-1,1,1,-1,1,1,-1,-1,-1,1,1,1,-1,-1,-1,1,-1,1,1,1,-1,-1,-1,1,-1,1,1,-1,-1,1,1,-1,1,1,-1,1,1,1,-1,1,1,-1,1,-1,1,1,1,1,-1,1,-1,1,1,1,-1,1,-1,1,1,1,1,-1,1,1,-1,1,1,-1,1,1,-1,-1,1,-1,1,1,-1,1,-1,1,-1,1,-1,-1,1,-1,1,-1,1,-1,1,-1,-1,-1,1,1,-1,1,1,-1,-1,-1,1,1,-1,1,-1,-1,-1,1,1,-1,1,-1,-1,1,1,-1,-1,-1,1,-1,1,-1,-1,1,1,-1,1,1,-1,-1,1,-1,-1,-1,-1,1,-1,1,1,-1,1,-1,1,-1,-1,-1,1,-1,-1,-1,-1,1,-1,-1,1,1,-1,1,1,-1,1,1,-1,-1,-1,1,-1,1,1,1,1,-1,1,-1,-1,1,1,-1,-1,1,-1,1,1,1,-1,-1,1,-1,1,1,-1,-1,-1,1,-1,-1,1,1,-1,-1,-1,1,-1,1,-1,1,-1,1,-1,-1,1,-2664.0,1,2000,445,500,False
2067,1,1,-1,-1,1,1,-1,-1,1,1,1,-1,1,1,1,1,-1,1,-1,-1,-1,-1,1,1,1,-1,-1,-1,1,1,1,1,-1,-1,-1,-1,1,1,1,1,-1,-1,-1,1,1,1,1,-1,1,1,1,1,-1,1,-1,-1,1,-1,1,1,1,-1,-1,-1,1,1,1,1,-1,-1,-1,1,1,1,1,-1,-1,-1,1,1,1,-1,-1,-1,1,1,1,1,-1,-1,-1,1,1,1,1,-1,-1,1,1,-1,1,1,-1,-1,1,1,1,1,1,-1,-1,-1,1,1,1,1,-1,-1,1,1,1,1,1,1,-1,-1,1,1,-1,1,1,-1,1,1,1,1,1,1,-1,1,1,1,1,1,1,-1,1,1,1,1,1,1,-1,-1,-1,1,1,1,1,-1,1,1,1,1,-1,1,-1,1,-1,1,1,1,-1,-1,1,1,1,1,1,-1,1,-1,-1,1,1,1,-1,1,1,1,1,-1,1,1,1,1,-1,1,-1,1,-1,1,1,-1,1,-1,1,1,-1,1,-1,1,-1,1,-1,1,1,-1,1,-1,1,1,1,1,-1,-1,1,1,-1,-1,1,-1,1,-1,1,1,-1,1,-1,1,-1,1,-1,1,1,-1,-1,-1,1,1,-1,1,-1,1,1,1,-1,1,1,-1,-1,-1,1,-1,1,-1,1,-1,1,1,-1,1,-1,-1,-1,-1,1,-1,1,-1,-1,-1,-1,1,-1,-1,1,1,-1,1,1,1,-1,1,1,-1,1,1,1,1,-1,1,-1,1,1,-1,1,-1,1,1,1,-1,1,1,1,1,-1,-1,1,-1,-1,-1,1,1,-1,1,1,1,-1,1,-1,1,1,1,1,-1,1,-1,1,1,1,-1,-1,1,-1,1,1,1,-1,1,1,-1,1,-1,1,1,-1,1,-1,1,1,1,-1,1,1,-1,1,1,1,-1,1,-1,-1,1,1,1,-1,1,-1,-1,-1,1,1,-1,1,-1,-1,-1,-1,1,-1,1,1,-1,-1,1,1,1,1,1,-1,-1,-1,1,-1,1,-1,1,-1,-1,-1,-1,1,1,-1,-1,1,1,-1,1,1,-1,-1,1,1,1,1,1,-1,-1,1,1,-1,1,-1,-1,-1,-1,1,1,1,1,-1,-1,1,1,1,1,-1,-1,-1,-1,-1,1,-1,-1,-1,1,-1,1,1,1,1,-1,1,1,-1,1,-1,1,-1,-1,1,-1,1,1,1,-1,1,1,-1,-1,1,1,-1,-1,1,-1,1,1,1,-1,-1,1,-1,-1,1,1,-1,1,1,-1,1,1,1,-1,1,1,-1,1,-1,-1,-1,1,1,-1,1,-1,-1,-1,1,-1,-1,1,-1,1,-1,1,-1,-1,1,-1,-1,-1,1,-1,-1,1,-1,-1,-1,1,1,-1,1,1,-1,-1,1,1,-1,-1,1,1,-1,1,-1,-1,1,-1,-1,1,1,1,-1,-1,1,-1,1,-1,1,1,-1,1,-1,-1,1,1,1,-1,1,-1,1,-1,1,1,1,-1,-1,-1,1,-1,-1,-1,1,1,-1,1,-1,1,-1,1,-1,1,1,-1,1,1,1,-1,-1,1,-1,1,-1,1,1,-1,1,-1,-1,1,1,-1,-1,1,-1,-1,-1,1,-1,-1,1,-1,1,1,1,1,-1,1,-1,-1,1,1,-1,-1,1,-1,-1,-1,1,1,-1,-1,1,1,-1,-1,-1,-1,1,1,1,1,1,1,-1,-1,1,1,1,-1,-1,-1,1,1,1,1,-1,-1,-1,1,-1,1,-1,1,-1,-1,-1,1,1,1,-1,-1,-1,1,1,1,1,1,-1,-1,-1,1,1,1,-1,-1,-1,-1,1,1,1,1,-1,-1,1,1,1,1,1,-1,-1,-1,1,1,1,1,-1,-1,-1,1,1,-1,1,-1,-1,-1,1,1,1,1,-1,-1,1,-1,1,1,1,-1,1,1,-1,1,1,-1,-1,-1,1,1,1,1,1,-1,1,1,1,1,1,1,-1,-1,1,-1,1,-1,1,-1,-1,1,-1,1,-1,-1,-1,-1,1,-1,1,1,-1,-1,-1,1,-1,1,-1,1,-1,1,-1,-1,-1,-1,-1,-1,-1,1,-1,1,-1,-1,-1,-1,1,-1,1,-1,-1,-1,-1,1,1,-1,1,-1,-1,-1,1,1,-1,1,-1,-1,-1,-1,-1,1,1,-1,-1,-1,-1,-1,1,-1,-1,-1,1,-1,-1,1,-1,1,-1,-1,-1,-1,-1,-1,-1,1,-1,-1,-1,1,1,1,-1,-1,-1,1,-1,-1,-1,-1,1,-1,-1,1,-1,1,-1,-1,-1,-1,1,-1,1,1,-1,1,-1,-1,1,1,-1,-1,-1,-1,-1,-1,1,1,-1,-1,1,-1,1,1,-1,-1,-1,1,-1,-1,1,-1,-1,1,-1,-1,1,1,1,-1,1,-1,1,1,1,-1,-1,1,-1,-1,1,1,1,-1,1,-1,-1,1,1,-1,1,1,-1,-1,1,1,-1,1,1,-1,-1,1,1,-1,1,1,-1,-1,1,1,1,1,1,1,-1,-1,1,1,-1,1,-1,-1,1,-1,1,1,1,1,-1,-1,1,-1,1,1,1,-1,1,1,1,1,-1,1,-1,1,1,1,1,1,1,1,-1,1,1,1,1,-1,1,-1,1,1,1,1,1,-1,1,1,1,1,-1,1,1,-1,1,1,-1,1,1,-1,-1,1,1,1,1,-1,1,-1,1,1,1,-1,-1,1,-1,1,1,1,-1,1,-1,-1,-1,1,1,-1,-1,1,-1,-1,1,1,-1,-1,1,-1,-1,1,1,1,-1,1,-1,-1,1,1,-1,-1,-1,1,-1,1,1,-1,1,1,-1,1,1,-1,-1,1,-1,-1,-1,1,1,-1,1,1,-1,1,1,-1,-1,-1,-1,1,-1,-1,-1,-1,1,-1,-1,1,1,-1,1,1,-1,1,1,1,1,-1,1,-1,1,1,1,-1,-1,1,-1,-1,-1,1,-1,-1,1,-1,1,1,1,-1,-1,1,-1,1,1,1,1,-1,1,-1,-1,1,1,-1,-1,-1,1,-1,1,1,1,-1,1,-1,-1,1,-2664.0,1,2000,445,500,False
2068,-1,-1,1,1,1,1,-1,1,-1,-1,-1,1,-1,1,-1,-1,1,-1,1,1,-1,1,-1,-1,-1,1,-1,-1,-1,-1,-1,-1,1,1,-1,1,1,-1,-1,-1,1,-1,1,-1,-1,-1,-1,-1,1,-1,-1,-1,1,-1,1,-1,-1,1,-1,-1,-1,1,1,1,-1,-1,-1,-1,-1,-1,1,-1,-1,-1,-1,-1,-1,1,-1,-1,-1,1,1,-1,-1,-1,-1,-1,-1,1,-1,-1,-1,-1,-1,-1,-1,1,-1,1,-1,-1,-1,-1,1,-1,-1,-1,-1,-1,-1,1,-1,-1,-1,-1,-1,-1,1,-1,-1,-1,-1,-1,-1,1,-1,-1,1,-1,-1,-1,-1,-1,-1,-1,-1,-1,-1,-1,-1,-1,1,-1,-1,-1,1,-1,-1,-1,-1,-1,-1,-1,1,-1,-1,1,-1,-1,-1,-1,-1,-1,1,-1,1,-1,1,-1,-1,-1,-1,-1,-1,-1,-1,-1,-1,-1,-1,1,1,-1,1,-1,-1,-1,-1,-1,-1,1,-1,-1,-1,-1,1,-1,1,1,-1,1,-1,1,-1,1,-1,-1,-1,-1,1,-1,1,1,-1,-1,-1,1,1,1,-1,1,-1,-1,1,1,-1,1,-1,-1,-1,1,-1,1,-1,1,-1,-1,1,1,1,-1,1,1,-1,1,1,1,-1,-1,1,-1,1,1,-1,1,1,-1,-1,1,1,1,-1,1,-1,-1,1,-1,-1,-1,1,-1,1,1,1,-1,-1,1,-1,1,1,-1,1,-1,1,-1,-1,1,1,1,-1,1,1,-1,1,1,-1,-1,-1,1,1,1,-1,-1,-1,1,1,-1,1,1,1,-1,-1,1,1,1,-1,-1,-1,1,1,1,-1,1,-1,-1,1,-1,1,1,-1,1,-1,1,-1,1,1,-1,-1,-1,1,1,-1,1,-1,-1,1,-1,-1,1,1,-1,1,1,-1,1,-1,1,-1,1,1,1,-1,1,1,-1,-1,1,1,-1,1,-1,-1,-1,1,1,-1,1,-1,-1,1,-1,1,1,1,-1,-1,1,1,1,-1,1,1,-1,1,-1,1,-1,-1,1,-1,-1,-1,1,-1,1,-1,-1,1,1,-1,-1,1,1,-1,1,-1,1,-1,1,-1,1,1,-1,1,-1,1,-1,1,1,-1,-1,1,1,-1,-1,-1,-1,1,1,1,1,-1,1,1,-1,-1,1,-1,-1,1,1,-1,1,-1,1,-1,-1,1,-1,-1,1,-1,-1,-1,1,-1,1,-1,1,-1,1,1,-1,-1,-1,-1,-1,-1,1,-1,-1,1,1,-1,-1,1,-1,1,-1,-1,1,-1,1,-1,-1,1,1,-1,-1,-1,1,-1,-1,-1,1,-1,1,-1,-1,1,1,-1,1,-1,1,-1,1,1,-1,1,-1,-1,-1,-1,-1,-1,1,-1,1,-1,1,1,-1,1,-1,-1,1,-1,-1,1,-1,1,-1,1,-1,1,-1,1,1,-1,-1,-1,1,-1,1,-1,-1,1,-1,1,1,1,1,-1,-1,1,1,-1,1,1,-1,-1,1,1,1,-1,1,1,-1,1,1,1,1,-1,-1,1,-1,1,1,-1,1,-1,1,1,-1,1,-1,-1,1,-1,-1,1,-1,-1,-1,1,1,-1,1,1,-1,-1,1,1,-1,-1,1,-1,-1,-1,-1,-1,1,1,-1,-1,-1,-1,-1,1,1,-1,-1,1,1,1,-1,1,-1,-1,1,1,-1,1,1,-1,-1,-1,1,-1,-1,1,1,-1,1,1,1,1,1,-1,1,1,1,-1,1,1,1,-1,1,1,-1,1,1,-1,1,1,1,-1,1,1,-1,-1,1,-1,1,1,1,-1,1,1,1,-1,1,1,-1,1,1,1,1,1,1,1,1,1,1,1,1,1,-1,1,-1,1,-1,1,1,1,1,1,1,1,1,1,-1,1,-1,1,1,1,1,1,-1,1,-1,1,1,1,1,1,1,1,1,1,1,-1,1,1,-1,-1,1,-1,-1,1,1,1,-1,1,1,-1,1,-1,1,1,1,-1,-1,1,-1,1,-1,1,1,-1,1,-1,1,-1,1,1,-1,1,-1,1,-1,1,1,-1,1,-1,1,-1,1,1,-1,1,-1,1,-1,1,1,-1,1,1,1,-1,1,-1,1,1,1,-1,-1,1,1,-1,1,-1,1,-1,1,1,-1,1,1,-1,1,1,1,-1,1,1,-1,-1,1,1,-1,1,-1,-1,1,1,1,1,1,1,-1,-1,1,-1,1,1,-1,-1,1,1,1,1,1,1,-1,-1,1,1,1,1,-1,1,1,1,1,1,1,1,-1,-1,1,-1,1,1,-1,1,1,1,1,1,1,-1,1,1,1,1,-1,1,1,-1,1,1,1,1,1,-1,-1,1,-1,1,1,1,-1,1,1,1,1,1,-1,-1,1,1,1,1,1,1,-1,1,1,-1,1,1,-1,1,1,1,1,1,1,-1,-1,1,1,1,1,-1,1,-1,1,1,1,1,-1,-1,-1,1,1,1,1,-1,1,-1,1,1,1,1,1,-1,-1,1,1,-1,1,1,-1,-1,1,1,-1,1,-1,-1,-1,1,-1,1,1,1,-1,1,1,1,-1,1,1,-1,-1,1,1,-1,1,1,-1,1,1,1,-1,1,1,-1,1,-1,1,1,1,1,-1,1,-1,1,1,1,-1,-1,1,1,1,1,1,1,1,-1,1,1,1,-1,1,1,1,1,-1,-1,1,-1,1,1,1,1,-1,1,1,-1,1,-1,1,-1,1,1,1,-1,-1,-1,1,1,1,-1,1,1,1,-1,1,-1,1,1,1,-1,-1,1,1,1,-1,-1,1,1,1,1,1,-1,-1,1,1,1,1,-1,1,1,1,1,1,1,-1,1,1,-1,-1,1,1,-1,-1,1,1,1,-1,1,1,-1,-1,-1,-1,1,1,-1,-1,1,1,1,-1,1,-1,-1,-1,1,1,1,1,-1,-1,1,1,1,1,1,1,-1,1,1,1,1,1,1,-1,1,1,1,1,1,-1,-1,1,-1,1,-1,1,1,-1,-1,1,1,-1,1,-1,1,-1,1,1,-1,1,1,-1,-1,1,-2664.0,1,2000,445,1500,True
2069,1,1,-1,-1,1,1,-1,1,1,1,1,-1,1,1,1,1,-1,1,-1,-1,1,1,1,1,1,-1,1,-1,1,1,1,1,-1,-1,-1,1,-1,1,1,1,-1,-1,1,1,1,1,1,-1,1,1,1,1,-1,1,-1,-1,1,-1,1,1,1,-1,-1,1,1,1,1,1,-1,-1,1,1,1,1,1,-1,-1,-1,1,1,1,-1,-1,-1,1,1,1,1,-1,-1,-1,1,-1,1,1,-1,-1,1,1,-1,1,1,-1,-1,1,1,1,1,1,-1,-1,1,1,1,1,1,-1,-1,1,1,1,1,1,1,-1,-1,1,1,-1,1,1,-1,1,1,1,1,1,1,-1,-1,1,1,1,1,1,-1,1,1,1,1,1,1,-1,-1,-1,1,1,1,1,-1,1,-1,1,1,-1,1,-1,1,-1,1,1,1,-1,-1,1,1,1,1,1,-1,1,-1,-1,1,-1,1,-1,1,1,1,1,1,1,1,1,1,-1,1,-1,1,-1,1,1,-1,1,-1,1,1,-1,1,-1,1,-1,1,1,1,1,-1,1,-1,1,-1,1,1,-1,-1,1,1,-1,-1,1,-1,1,-1,1,-1,1,1,-1,1,-1,1,-1,1,1,-1,-1,-1,1,-1,-1,1,-1,1,1,1,-1,1,1,-1,-1,-1,1,-1,1,-1,1,-1,1,1,-1,1,-1,-1,-1,1,1,-1,1,-1,-1,-1,1,1,1,-1,1,1,-1,-1,1,1,-1,1,1,-1,1,1,1,-1,-1,1,-1,1,1,-1,1,-1,1,1,-1,1,-1,-1,-1,1,-1,-1,1,-1,1,-1,1,1,-1,1,1,1,-1,1,-1,-1,1,1,-1,-1,1,-1,1,1,-1,1,-1,1,-1,1,1,1,-1,1,1,-1,-1,1,1,-1,1,1,-1,1,1,1,1,1,1,-1,1,1,1,1,1,-1,-1,1,1,1,1,1,-1,-1,-1,1,1,1,1,-1,-1,1,-1,1,-1,1,1,-1,-1,1,1,1,1,1,-1,-1,1,1,-1,1,-1,-1,-1,-1,-1,-1,1,1,-1,-1,1,1,-1,1,-1,-1,-1,1,1,1,1,1,-1,1,1,1,1,1,-1,-1,-1,-1,1,-1,-1,1,-1,-1,1,-1,-1,1,-1,-1,1,-1,-1,1,-1,1,-1,-1,1,-1,-1,1,-1,-1,1,1,-1,-1,-1,1,-1,-1,1,-1,-1,-1,-1,-1,-1,1,-1,-1,1,1,-1,-1,1,-1,-1,-1,-1,1,-1,1,-1,-1,1,1,-1,-1,1,-1,-1,-1,-1,-1,1,1,-1,-1,1,1,-1,1,-1,1,-1,1,1,-1,1,-1,1,1,-1,-1,-1,1,-1,1,-1,1,1,-1,1,-1,-1,1,-1,-1,1,-1,1,-1,1,-1,1,-1,1,1,-1,1,-1,1,-1,1,-1,-1,1,-1,1,1,1,1,-1,-1,1,1,-1,1,1,1,-1,1,1,1,-1,1,1,-1,1,1,1,1,1,-1,1,-1,-1,-1,1,-1,-1,1,-1,-1,1,1,-1,1,-1,-1,-1,1,1,-1,1,1,-1,1,-1,1,-1,1,1,-1,-1,-1,1,-1,-1,-1,-1,-1,-1,1,-1,-1,-1,-1,-1,-1,1,-1,1,1,1,1,-1,1,-1,1,1,-1,-1,-1,1,-1,-1,1,-1,-1,-1,-1,1,1,1,1,-1,-1,1,1,1,1,-1,-1,-1,-1,1,1,1,-1,-1,-1,1,1,1,1,-1,-1,-1,1,-1,1,-1,1,1,-1,-1,1,1,1,-1,-1,-1,1,1,1,1,1,-1,-1,-1,1,1,1,1,1,-1,-1,1,1,1,-1,-1,-1,1,1,1,1,1,-1,-1,-1,1,1,1,1,-1,-1,-1,1,1,-1,1,-1,-1,-1,1,1,1,1,-1,-1,1,1,1,1,-1,-1,1,1,-1,1,1,-1,-1,-1,1,1,1,1,1,-1,1,1,1,1,1,-1,-1,-1,1,-1,1,-1,-1,-1,-1,1,-1,1,1,-1,-1,-1,1,-1,1,1,-1,-1,-1,1,1,1,1,-1,-1,-1,1,-1,1,1,-1,-1,-1,1,1,-1,-1,-1,-1,-1,1,-1,1,-1,-1,-1,-1,-1,-1,-1,1,-1,-1,-1,1,-1,-1,1,-1,-1,-1,-1,-1,1,1,-1,-1,-1,-1,-1,1,-1,-1,-1,1,-1,-1,1,-1,1,-1,-1,-1,-1,-1,-1,-1,1,-1,-1,-1,1,1,-1,-1,-1,-1,1,-1,-1,-1,-1,1,-1,-1,1,1,1,-1,-1,-1,-1,1,-1,1,1,-1,1,-1,-1,1,1,-1,-1,-1,-1,-1,-1,1,1,-1,-1,1,-1,1,1,-1,-1,-1,-1,-1,1,1,-1,-1,-1,1,-1,1,1,1,-1,-1,-1,1,1,1,-1,-1,1,-1,-1,1,1,1,-1,1,-1,-1,1,1,-1,1,-1,1,-1,1,1,-1,1,1,1,-1,1,-1,-1,1,1,1,-1,1,1,1,1,1,-1,-1,1,1,1,-1,1,1,-1,1,-1,1,1,1,1,-1,-1,1,-1,1,-1,1,-1,1,1,1,1,-1,1,-1,1,1,1,1,1,1,-1,1,-1,1,1,1,-1,1,1,1,1,1,1,-1,1,-1,1,1,1,-1,-1,1,1,1,1,-1,1,-1,1,1,-1,1,1,-1,1,-1,1,-1,1,1,-1,-1,-1,1,1,1,1,-1,1,-1,1,-1,1,1,-1,1,-1,1,-1,1,1,-1,1,-1,1,-1,-1,1,1,1,1,-1,1,1,1,-1,-1,1,-1,1,-1,1,-1,1,-1,1,1,1,-1,-1,1,-1,1,-1,1,1,-1,1,-1,1,1,1,-1,-1,-1,-1,-1,-1,-1,-1,-1,1,-1,1,1,1,-1,1,1,-1,-1,1,1,1,-1,1,-1,1,1,1,1,-1,1,-1,1,1,1,1,-1,1,-1,1,1,1,1,-1,1,-1,1,-1,-1,-1,-1,1,-1,-1,1,1,-1,-1,-1,-1,1,1,-1,1,-1,1,1,-1,1,-2664.0,1,2000,445,0,False
2070,1,-1,1,1,1,1,-1,1,-1,-1,-1,1,-1,-1,1,-1,1,-1,1,-1,-1,1,-1,-1,-1,1,-1,-1,1,-1,-1,-1,1,-1,-1,1,1,-1,-1,1,-1,-1,1,-1,-1,-1,1,1,-1,-1,1,-1,1,1,-1,1,1,-1,-1,-1,1,1,-1,-1,1,-1,-1,1,1,-1,1,-1,-1,-1,1,1,1,-1,1,-1,-1,1,1,-1,-1,-1,-1,1,1,1,1,1,-1,-1,1,1,-1,1,-1,1,-1,1,1,1,-1,1,-1,-1,1,1,1,1,-1,-1,-1,1,1,1,1,-1,1,-1,-1,1,1,1,-1,-1,-1,1,1,1,-1,-1,-1,1,1,1,1,-1,-1,-1,1,-1,1,1,1,-1,-1,-1,-1,1,1,1,1,-1,1,1,1,1,-1,-1,-1,-1,1,-1,1,-1,1,-1,1,-1,1,1,-1,-1,-1,-1,1,1,-1,1,1,-1,1,-1,1,-1,-1,-1,-1,1,-1,1,-1,-1,1,-1,1,-1,1,-1,-1,1,-1,1,1,1,1,-1,1,-1,1,-1,1,-1,-1,1,-1,1,-1,1,1,-1,1,1,-1,1,-1,1,-1,1,1,1,-1,1,1,-1,1,-1,1,-1,1,-1,-1,1,1,1,-1,-1,1,-1,1,-1,-1,-1,1,-1,-1,1,-1,1,-1,1,1,-1,1,1,-1,-1,1,-1,1,1,1,-1,-1,1,-1,1,1,1,1,-1,-1,1,-1,1,1,1,-1,1,1,-1,1,1,-1,-1,1,1,1,1,1,-1,-1,1,1,-1,1,-1,1,-1,1,1,1,1,1,1,-1,1,-1,1,1,-1,1,-1,1,-1,1,1,1,1,-1,1,-1,1,1,1,-1,-1,1,1,-1,1,1,-1,1,1,-1,1,1,1,-1,1,1,1,-1,1,1,1,1,1,-1,1,1,1,1,1,1,-1,1,-1,1,-1,1,1,-1,1,-1,1,1,-1,1,-1,1,-1,1,1,-1,1,-1,1,1,-1,1,-1,1,-1,-1,1,-1,1,-1,1,-1,1,-1,-1,1,1,-1,-1,1,1,1,1,-1,1,-1,1,-1,1,1,-1,1,1,1,1,-1,1,-1,1,-1,1,-1,-1,1,-1,1,1,-1,1,-1,1,1,-1,1,-1,-1,-1,1,-1,-1,1,-1,1,-1,-1,1,-1,1,-1,-1,-1,-1,1,-1,1,-1,1,-1,-1,1,-1,1,-1,-1,-1,-1,1,-1,-1,1,1,-1,-1,1,-1,1,1,-1,1,-1,1,-1,1,-1,1,-1,-1,-1,-1,-1,-1,-1,1,-1,1,-1,1,-1,1,-1,-1,-1,1,1,-1,1,-1,-1,-1,-1,1,-1,-1,-1,-1,-1,1,-1,1,1,-1,1,-1,-1,1,-1,-1,1,-1,-1,-1,1,-1,1,-1,1,-1,-1,-1,-1,1,-1,1,-1,-1,1,-1,1,1,1,-1,-1,-1,1,1,-1,1,-1,-1,-1,1,1,1,-1,1,1,-1,1,1,1,1,1,-1,1,-1,1,1,-1,1,-1,1,-1,-1,1,-1,-1,1,-1,-1,1,-1,-1,-1,1,1,-1,-1,1,-1,-1,1,1,-1,-1,1,-1,-1,-1,-1,-1,-1,1,-1,-1,-1,-1,-1,-1,1,-1,-1,1,1,1,1,1,-1,1,-1,1,-1,-1,1,-1,1,-1,1,-1,-1,1,1,-1,1,1,1,-1,1,1,-1,-1,1,-1,1,-1,1,-1,-1,1,-1,1,1,-1,-1,1,1,-1,1,1,-1,-1,1,-1,1,1,1,1,-1,1,1,-1,-1,1,1,-1,1,1,1,1,1,1,-1,-1,1,1,1,1,1,-1,1,1,-1,1,1,1,-1,-1,1,1,1,-1,1,-1,-1,1,1,1,1,1,-1,-1,-1,1,1,1,1,-1,-1,1,1,1,1,-1,1,-1,1,-1,1,-1,-1,1,-1,1,-1,1,1,-1,-1,1,-1,1,1,-1,-1,-1,-1,1,-1,1,1,-1,1,-1,1,-1,1,-1,1,-1,-1,1,1,1,1,-1,1,-1,1,-1,1,1,-1,1,-1,1,-1,1,1,-1,1,1,1,1,1,-1,1,1,-1,1,1,1,1,-1,1,-1,1,-1,1,1,-1,1,1,-1,1,1,1,-1,1,1,-1,1,1,1,-1,1,-1,-1,1,1,-1,1,1,-1,1,-1,1,-1,1,1,1,-1,1,1,1,1,1,1,-1,1,1,-1,1,1,1,1,1,1,-1,1,1,1,-1,1,1,-1,1,1,-1,1,1,-1,1,1,1,1,-1,1,1,-1,1,1,-1,1,1,1,-1,1,1,-1,-1,1,-1,-1,1,1,-1,1,1,-1,-1,-1,1,-1,1,1,1,-1,1,-1,-1,1,1,1,-1,1,-1,1,1,1,-1,1,1,-1,-1,1,1,-1,-1,-1,-1,-1,1,1,-1,1,-1,-1,-1,1,1,-1,-1,1,-1,-1,1,1,-1,-1,-1,-1,-1,1,1,-1,-1,-1,1,-1,1,1,-1,-1,-1,-1,-1,1,-1,1,-1,-1,-1,1,1,1,-1,-1,-1,1,-1,1,1,-1,-1,1,-1,1,1,1,1,-1,-1,-1,1,-1,1,-1,-1,-1,-1,1,-1,1,-1,-1,-1,-1,1,-1,1,-1,-1,1,1,1,-1,1,-1,1,-1,1,-1,-1,1,1,-1,1,1,1,-1,1,1,-1,1,-1,1,-1,1,1,-1,1,1,-1,-1,-1,1,-1,1,-1,1,-1,-1,1,-1,1,-1,1,-1,1,1,-1,-1,1,-1,-1,-1,1,-1,1,1,-1,1,1,1,1,1,-1,1,-1,1,-1,1,1,-1,1,-1,-1,-1,-1,1,-1,1,1,1,-1,1,1,1,-1,1,-1,1,1,1,-1,1,1,1,1,-1,1,-1,-1,1,1,1,1,1,-1,-1,1,1,1,1,1,1,-1,1,1,1,1,1,1,-1,1,1,-1,-1,1,-1,-1,1,1,1,1,1,1,-1,1,1,1,-1,1,-1,1,-1,1,1,-1,1,1,-1,1,1,-2664.0,1,2000,445,500,True
2071,1,1,-1,-1,1,-1,-1,-1,1,1,1,-1,1,1,1,1,-1,1,-1,-1,-1,1,1,1,1,1,-1,-1,1,1,1,1,-1,-1,-1,-1,1,-1,1,1,-1,-1,-1,1,1,1,1,-1,1,1,1,1,-1,1,-1,-1,1,-1,1,1,1,-1,-1,1,1,1,1,1,-1,-1,1,1,1,1,1,-1,-1,-1,1,1,1,-1,-1,-1,1,1,1,1,-1,-1,1,1,1,1,1,-1,-1,-1,1,-1,1,1,-1,-1,1,1,1,1,1,-1,-1,-1,1,1,1,1,-1,-1,1,1,1,1,1,1,-1,-1,1,1,-1,1,1,-1,1,1,1,1,1,1,-1,1,1,1,1,1,1,-1,1,1,1,1,1,1,-1,-1,-1,1,1,1,1,-1,1,1,1,1,-1,1,-1,1,1,1,1,1,-1,-1,1,1,1,1,1,-1,1,-1,-1,1,1,1,-1,1,1,1,1,-1,1,1,1,1,-1,1,-1,1,-1,1,1,-1,1,-1,1,1,-1,1,-1,1,-1,1,-1,1,1,-1,1,-1,1,1,1,1,-1,-1,1,1,-1,-1,1,-1,1,-1,-1,1,-1,1,-1,1,-1,1,-1,-1,1,-1,-1,-1,1,1,-1,1,-1,1,1,1,-1,1,1,-1,-1,-1,1,-1,1,-1,1,-1,1,1,-1,1,-1,-1,-1,1,1,-1,1,-1,-1,-1,1,1,-1,-1,1,1,-1,-1,1,1,-1,1,1,-1,1,1,1,1,-1,1,-1,1,1,-1,1,-1,1,1,-1,1,1,1,1,1,-1,-1,1,-1,-1,-1,1,1,-1,1,1,1,-1,1,-1,-1,1,1,1,1,1,-1,1,1,1,-1,-1,1,-1,1,1,1,-1,1,1,-1,-1,1,1,1,-1,1,-1,1,1,1,-1,1,1,-1,1,1,1,-1,1,-1,-1,1,1,1,-1,1,-1,-1,-1,1,1,-1,1,-1,-1,1,-1,1,-1,1,1,-1,-1,1,1,1,1,1,-1,-1,1,1,-1,1,-1,-1,-1,-1,-1,-1,1,1,-1,-1,1,1,-1,1,-1,1,-1,1,1,1,1,-1,-1,1,1,1,-1,1,-1,-1,-1,-1,1,1,1,1,-1,-1,1,1,1,1,-1,-1,-1,-1,-1,1,-1,1,-1,1,-1,1,1,1,-1,-1,1,1,-1,1,-1,1,-1,-1,1,-1,1,1,-1,-1,-1,1,-1,-1,1,1,-1,-1,1,-1,1,1,-1,1,-1,1,-1,-1,1,1,-1,1,1,-1,1,1,-1,-1,1,1,-1,1,-1,1,-1,1,-1,-1,1,-1,1,-1,1,-1,-1,1,-1,-1,-1,1,-1,-1,1,-1,1,-1,1,-1,-1,1,-1,-1,1,-1,1,-1,1,1,1,-1,1,1,-1,-1,1,1,-1,1,-1,-1,1,-1,1,1,-1,1,-1,-1,1,1,-1,-1,1,-1,-1,1,1,1,1,1,1,-1,1,1,1,-1,1,1,1,-1,-1,-1,1,-1,1,1,1,-1,1,1,-1,1,-1,-1,-1,1,1,-1,1,1,-1,-1,1,1,-1,1,1,-1,-1,-1,1,-1,-1,-1,-1,1,-1,1,-1,-1,-1,-1,-1,-1,1,-1,1,1,1,1,-1,1,-1,1,1,-1,-1,-1,1,-1,-1,1,-1,1,-1,-1,1,1,1,1,-1,-1,-1,1,1,1,-1,1,-1,1,1,1,1,-1,-1,-1,1,1,1,1,-1,-1,-1,1,-1,1,-1,1,-1,-1,-1,1,1,1,-1,-1,-1,1,1,1,1,1,-1,-1,-1,1,1,1,1,-1,-1,-1,1,-1,1,-1,-1,-1,1,1,1,1,1,-1,-1,-1,1,1,1,-1,-1,-1,-1,1,1,-1,1,-1,-1,-1,1,1,1,1,-1,-1,1,1,1,1,1,-1,1,1,-1,1,1,-1,-1,-1,1,1,1,1,1,-1,1,1,1,1,1,1,-1,-1,1,-1,1,-1,1,-1,-1,1,-1,1,1,-1,-1,-1,1,-1,1,1,-1,1,-1,1,1,1,-1,1,1,1,-1,-1,1,-1,-1,-1,-1,1,1,-1,-1,-1,-1,-1,1,-1,1,-1,-1,-1,-1,-1,-1,-1,1,-1,-1,-1,1,-1,-1,1,-1,-1,-1,-1,-1,1,1,-1,-1,-1,-1,-1,1,-1,-1,-1,1,-1,-1,1,-1,1,-1,-1,-1,-1,-1,-1,-1,1,-1,-1,-1,1,1,1,-1,-1,1,1,-1,-1,-1,-1,1,-1,-1,1,-1,1,-1,-1,-1,-1,1,-1,1,1,-1,1,-1,-1,1,1,-1,-1,-1,-1,-1,-1,1,1,-1,-1,1,-1,1,1,-1,-1,-1,1,-1,1,1,-1,-1,1,-1,-1,1,1,1,-1,1,-1,1,1,1,-1,-1,1,-1,-1,1,1,1,-1,1,-1,-1,1,1,-1,1,1,-1,-1,1,1,-1,1,1,-1,-1,1,1,-1,1,1,-1,-1,1,1,1,1,-1,1,-1,-1,1,1,1,1,-1,-1,1,-1,1,1,1,1,-1,-1,1,-1,1,1,1,-1,1,1,1,1,-1,1,-1,1,1,1,1,1,1,1,-1,1,1,1,1,-1,1,-1,1,1,1,1,1,-1,1,1,1,1,-1,1,1,-1,1,1,-1,1,1,-1,-1,1,1,1,1,-1,1,-1,1,1,1,-1,-1,1,-1,1,1,1,-1,1,-1,-1,-1,1,1,-1,-1,1,-1,-1,1,1,1,-1,1,-1,-1,1,1,1,-1,1,-1,-1,1,1,-1,-1,-1,1,-1,-1,1,-1,1,1,-1,1,1,-1,-1,1,-1,-1,-1,1,1,-1,1,1,-1,1,1,-1,-1,1,-1,1,-1,-1,-1,-1,1,-1,-1,1,1,-1,1,1,-1,1,1,1,1,-1,1,-1,1,1,1,-1,-1,1,-1,-1,-1,1,-1,-1,1,-1,1,1,1,-1,-1,1,-1,1,1,1,1,-1,1,-1,-1,1,1,1,-1,-1,1,-1,1,1,1,-1,1,-1,-1,1,-2664.0,1,2000,445,0,False
2072,1,1,-1,-1,1,1,-1,-1,1,1,1,-1,1,1,1,1,-1,1,1,-1,-1,-1,1,1,1,1,-1,-1,1,1,1,1,-1,-1,-1,-1,1,1,1,1,-1,-1,-1,1,1,1,1,-1,1,1,1,1,-1,1,-1,-1,1,-1,1,1,1,-1,-1,-1,1,1,1,1,-1,-1,-1,1,1,1,1,-1,-1,-1,1,1,1,-1,-1,-1,1,1,1,1,-1,1,1,1,1,1,1,-1,-1,1,1,-1,1,1,-1,-1,1,1,1,1,1,-1,-1,1,1,-1,1,1,-1,-1,1,1,1,1,1,1,-1,1,1,1,-1,1,1,-1,-1,1,1,1,1,1,-1,1,1,1,1,1,1,-1,-1,1,1,1,1,1,-1,1,-1,1,1,1,1,-1,1,1,1,1,-1,1,-1,1,-1,1,1,1,-1,-1,1,1,1,1,1,-1,1,-1,-1,1,-1,1,-1,1,-1,1,1,1,1,1,1,1,-1,1,-1,1,-1,1,1,-1,1,-1,1,1,-1,1,-1,1,-1,1,-1,1,1,-1,-1,-1,1,1,1,1,-1,-1,1,1,-1,-1,1,-1,1,-1,1,1,-1,1,-1,1,-1,1,-1,1,1,-1,-1,-1,1,1,-1,1,-1,1,1,1,-1,1,-1,-1,1,-1,1,-1,1,1,1,-1,1,1,-1,1,-1,-1,-1,1,1,-1,1,-1,-1,-1,1,1,-1,-1,1,1,-1,-1,1,1,-1,1,1,-1,1,1,1,1,-1,1,-1,1,1,-1,1,-1,1,1,-1,1,1,1,1,1,-1,-1,1,-1,-1,-1,1,1,-1,1,1,1,-1,1,-1,-1,1,1,1,1,1,-1,1,1,1,-1,1,1,-1,1,1,1,-1,1,1,-1,-1,1,1,1,-1,1,-1,1,1,1,-1,1,1,-1,1,1,1,-1,1,-1,-1,1,1,1,-1,1,-1,-1,-1,1,1,-1,1,-1,-1,1,-1,1,-1,1,1,-1,-1,1,1,1,-1,1,-1,-1,1,1,-1,1,-1,-1,-1,-1,-1,-1,1,-1,-1,-1,1,1,-1,1,-1,1,-1,1,1,1,1,-1,-1,1,1,1,-1,1,-1,-1,-1,-1,1,1,1,1,-1,-1,1,1,1,-1,-1,-1,-1,-1,-1,1,-1,1,-1,1,-1,1,1,-1,-1,-1,1,1,-1,1,-1,1,-1,-1,1,-1,1,1,-1,-1,-1,1,-1,-1,1,1,-1,-1,1,-1,1,1,-1,1,-1,1,-1,-1,1,1,-1,1,1,-1,1,1,-1,-1,1,1,-1,1,-1,1,-1,1,1,-1,1,-1,1,-1,1,-1,-1,1,-1,-1,-1,1,-1,-1,1,1,1,-1,1,-1,-1,1,-1,-1,1,-1,1,-1,1,1,1,-1,1,1,-1,-1,-1,1,-1,1,-1,-1,1,-1,1,1,-1,1,-1,-1,1,1,-1,-1,1,1,-1,1,1,1,1,1,1,-1,1,1,1,-1,-1,-1,1,-1,-1,-1,1,-1,1,1,-1,1,-1,1,-1,1,-1,-1,-1,1,1,-1,1,1,-1,-1,-1,1,-1,1,1,-1,1,-1,1,-1,-1,-1,-1,-1,-1,1,-1,-1,-1,-1,-1,-1,1,-1,1,1,1,1,-1,1,-1,1,1,-1,-1,-1,1,-1,-1,1,-1,1,-1,-1,1,1,1,1,-1,-1,1,1,1,1,-1,1,-1,-1,1,1,1,-1,-1,-1,1,1,1,1,-1,1,-1,1,-1,1,-1,1,1,-1,-1,1,1,1,-1,-1,-1,-1,1,1,1,1,-1,-1,-1,1,1,1,1,-1,-1,-1,1,-1,1,-1,-1,-1,-1,1,1,1,1,-1,-1,1,1,1,1,1,-1,-1,-1,1,1,-1,1,-1,-1,-1,1,1,1,1,-1,-1,1,1,1,1,1,-1,1,1,-1,1,1,-1,-1,-1,1,1,1,1,1,-1,1,1,1,1,1,1,-1,-1,1,-1,1,-1,1,-1,-1,1,-1,1,1,-1,-1,-1,1,-1,1,1,-1,-1,-1,1,1,1,-1,1,-1,-1,1,-1,1,-1,-1,-1,-1,1,1,-1,-1,-1,-1,-1,1,-1,1,-1,-1,-1,-1,-1,-1,-1,1,-1,-1,-1,1,-1,-1,1,-1,-1,-1,-1,-1,-1,1,-1,-1,-1,-1,-1,1,-1,-1,-1,1,-1,-1,1,-1,1,-1,-1,-1,-1,-1,-1,-1,1,-1,-1,-1,1,1,-1,-1,-1,-1,1,-1,-1,-1,-1,1,-1,-1,1,-1,1,-1,-1,-1,-1,1,-1,1,1,-1,1,-1,-1,1,1,-1,-1,-1,-1,-1,-1,1,1,-1,-1,1,-1,1,1,-1,-1,-1,1,-1,-1,1,-1,-1,1,-1,-1,1,1,1,-1,1,-1,1,1,1,-1,-1,1,-1,-1,1,1,1,-1,1,-1,-1,1,1,-1,1,1,-1,-1,1,1,-1,1,1,-1,-1,1,1,-1,1,1,-1,-1,1,1,1,1,1,1,-1,-1,1,-1,1,1,-1,-1,1,-1,1,1,1,1,-1,-1,1,-1,1,1,1,-1,1,1,1,1,-1,1,-1,1,1,1,1,1,1,1,-1,1,1,1,1,-1,1,-1,1,1,1,1,1,-1,1,1,1,1,-1,1,1,-1,1,1,-1,1,1,-1,-1,1,1,1,1,-1,1,-1,1,1,1,-1,-1,1,-1,1,1,1,-1,1,-1,-1,-1,1,1,-1,-1,1,-1,-1,1,1,-1,-1,1,-1,-1,1,1,1,-1,1,-1,-1,1,1,-1,-1,-1,1,-1,1,1,-1,1,1,-1,1,1,-1,-1,1,1,-1,-1,-1,1,-1,1,1,-1,1,-1,1,-1,-1,-1,1,-1,-1,-1,-1,-1,1,-1,1,1,-1,1,1,-1,1,1,1,1,-1,1,-1,1,1,1,1,-1,1,-1,-1,1,1,-1,1,1,-1,1,1,1,-1,-1,1,-1,1,1,1,1,-1,1,-1,-1,1,1,-1,1,1,1,-1,1,1,-1,-1,1,-1,1,1,-2664.0,1,2000,445,500,False
2073,1,1,-1,-1,1,-1,-1,-1,1,1,1,-1,1,1,1,1,-1,1,-1,-1,-1,1,1,1,1,-1,-1,-1,1,1,1,1,1,-1,-1,-1,1,1,1,1,-1,-1,-1,1,1,1,-1,-1,1,1,1,1,-1,1,-1,-1,1,-1,1,1,-1,-1,-1,1,1,1,1,-1,-1,-1,1,1,1,1,1,-1,-1,-1,1,1,1,-1,-1,-1,1,1,1,1,-1,-1,-1,1,1,1,1,-1,-1,1,1,-1,1,1,-1,-1,1,1,1,1,1,-1,-1,-1,1,-1,1,1,-1,-1,1,1,1,1,1,1,-1,-1,1,1,-1,1,1,-1,1,1,1,1,1,1,-1,1,1,1,1,1,1,-1,1,1,1,1,1,1,-1,-1,-1,1,1,1,1,-1,1,1,1,1,-1,1,-1,1,-1,1,1,1,-1,-1,1,1,1,1,1,-1,1,-1,-1,1,-1,1,-1,1,1,1,1,1,1,-1,1,1,-1,1,-1,1,1,-1,1,-1,1,-1,1,-1,-1,1,-1,1,-1,1,-1,1,1,-1,-1,-1,1,1,1,1,-1,-1,1,1,-1,-1,1,-1,1,-1,-1,1,-1,1,-1,1,-1,1,-1,1,1,-1,-1,-1,1,-1,1,1,-1,1,1,1,1,1,1,-1,1,-1,-1,1,1,-1,1,-1,1,-1,1,1,-1,-1,-1,1,1,1,1,-1,-1,-1,1,1,-1,1,1,1,-1,-1,1,1,1,1,1,-1,1,1,-1,1,-1,1,-1,1,1,1,1,-1,1,1,-1,1,1,1,1,1,-1,-1,1,-1,1,-1,1,1,-1,1,1,1,-1,1,-1,-1,1,1,1,1,1,-1,1,1,1,-1,1,1,-1,1,1,-1,-1,1,1,-1,-1,1,-1,1,-1,1,-1,1,1,1,-1,1,1,-1,1,1,1,-1,1,-1,-1,1,1,1,-1,1,-1,-1,-1,1,1,-1,1,-1,-1,1,-1,1,-1,1,1,-1,-1,1,1,1,-1,1,-1,-1,1,1,-1,1,-1,-1,-1,-1,-1,-1,1,-1,-1,-1,1,1,-1,1,-1,-1,-1,1,1,1,1,1,-1,1,1,1,-1,1,-1,-1,-1,-1,1,1,1,1,-1,-1,1,1,1,-1,-1,-1,1,-1,-1,1,-1,1,-1,-1,1,-1,1,-1,-1,-1,1,1,-1,1,-1,1,-1,-1,1,-1,1,1,-1,-1,-1,1,-1,-1,1,1,-1,-1,1,-1,1,1,-1,1,-1,1,-1,-1,1,1,-1,-1,1,-1,1,1,-1,-1,1,1,-1,1,-1,1,-1,1,-1,-1,1,-1,1,-1,1,-1,-1,1,-1,-1,-1,1,-1,-1,1,-1,1,-1,1,-1,-1,1,-1,-1,1,-1,1,-1,1,1,1,-1,1,1,-1,-1,1,1,-1,1,-1,-1,1,-1,1,1,1,1,-1,-1,1,1,-1,1,1,1,-1,1,1,1,-1,1,1,-1,1,1,1,1,1,1,1,-1,-1,-1,1,-1,1,1,1,-1,1,1,-1,1,-1,-1,-1,1,1,-1,1,1,-1,-1,-1,1,-1,1,1,-1,-1,-1,1,-1,-1,-1,-1,1,-1,1,-1,-1,-1,-1,-1,-1,1,-1,1,1,1,1,-1,1,-1,1,1,-1,-1,-1,1,-1,-1,1,-1,1,-1,-1,1,1,1,1,-1,-1,1,1,1,1,-1,1,-1,-1,1,1,1,-1,-1,-1,1,1,1,1,-1,1,-1,1,-1,1,-1,1,1,-1,-1,1,1,1,-1,-1,-1,-1,1,1,1,1,-1,-1,-1,1,1,1,1,-1,-1,-1,1,1,1,-1,-1,-1,-1,1,1,1,1,-1,-1,1,1,1,1,1,-1,-1,-1,1,1,-1,1,-1,-1,-1,1,1,1,1,-1,-1,1,1,1,1,-1,-1,1,1,-1,1,1,-1,-1,-1,1,1,1,1,1,-1,1,1,1,1,1,-1,-1,-1,1,-1,1,-1,-1,-1,-1,1,-1,1,1,-1,-1,-1,1,-1,1,1,-1,-1,-1,1,1,1,1,-1,-1,-1,1,-1,1,1,-1,-1,-1,1,1,-1,-1,-1,-1,-1,1,-1,1,-1,-1,-1,-1,-1,-1,-1,1,-1,-1,-1,1,-1,-1,1,-1,-1,-1,-1,-1,1,1,-1,-1,-1,-1,-1,1,-1,-1,-1,1,-1,-1,1,-1,1,-1,-1,-1,-1,-1,-1,-1,1,-1,-1,-1,1,1,1,-1,-1,1,-1,-1,-1,-1,-1,1,-1,-1,1,1,1,-1,-1,-1,-1,1,-1,1,1,-1,1,-1,-1,1,1,-1,-1,-1,-1,-1,-1,1,1,-1,-1,1,-1,1,1,-1,-1,-1,1,-1,1,1,-1,-1,1,1,-1,1,1,1,-1,1,-1,1,1,1,-1,-1,1,-1,-1,1,1,1,1,-1,1,-1,1,1,1,-1,1,-1,-1,1,1,1,1,-1,1,-1,1,1,1,1,1,-1,-1,1,1,1,1,1,-1,-1,-1,1,1,1,-1,-1,-1,1,-1,1,1,1,-1,-1,-1,1,-1,1,1,-1,-1,1,1,1,1,1,-1,1,1,1,1,1,1,-1,1,-1,1,1,1,1,-1,1,-1,1,1,1,-1,1,-1,1,1,1,1,-1,1,1,-1,1,1,-1,1,1,-1,-1,1,1,1,1,-1,1,-1,1,1,1,-1,-1,1,-1,1,1,1,-1,1,-1,-1,-1,1,1,-1,-1,1,-1,-1,1,1,1,-1,1,-1,-1,1,1,1,-1,1,-1,-1,1,1,-1,-1,-1,1,-1,-1,1,-1,1,1,-1,1,1,-1,-1,1,1,-1,-1,1,1,-1,1,1,-1,1,1,-1,-1,-1,-1,1,-1,-1,-1,-1,-1,1,-1,1,1,-1,1,1,-1,1,1,1,1,-1,1,-1,1,1,1,-1,-1,1,-1,-1,-1,1,-1,-1,1,-1,1,1,1,-1,-1,1,-1,1,1,1,1,-1,1,-1,-1,1,1,-1,-1,-1,1,-1,1,-1,1,-1,1,-1,1,1,-2664.0,1,2000,445,0,False
2074,1,1,-1,-1,1,1,-1,1,1,1,1,-1,-1,1,1,1,-1,1,-1,-1,-1,1,1,1,1,-1,-1,-1,1,1,1,1,1,-1,-1,1,-1,1,1,1,-1,-1,1,1,1,1,1,-1,1,-1,1,1,-1,1,-1,-1,1,-1,1,1,1,-1,-1,-1,1,1,1,1,-1,-1,1,-1,1,1,1,-1,-1,1,1,1,1,-1,-1,-1,-1,1,1,1,-1,-1,1,1,-1,1,1,-1,-1,-1,-1,1,1,1,-1,-1,1,1,-1,1,1,-1,-1,-1,-1,-1,1,1,-1,-1,1,-1,-1,1,1,1,-1,-1,-1,-1,1,1,1,-1,1,-1,-1,1,1,1,-1,1,-1,-1,-1,1,1,-1,1,-1,-1,-1,1,1,-1,-1,1,-1,-1,1,1,-1,1,-1,-1,-1,1,1,-1,1,1,-1,1,1,-1,-1,1,-1,-1,1,1,-1,1,-1,1,-1,1,1,-1,1,1,-1,-1,-1,1,1,1,1,1,-1,-1,1,-1,1,1,1,-1,-1,1,1,-1,1,1,-1,1,1,-1,1,1,1,-1,1,1,1,1,1,1,1,-1,1,-1,-1,1,1,-1,-1,1,1,-1,1,1,-1,-1,1,-1,1,1,1,1,-1,1,1,-1,1,1,-1,1,1,-1,1,1,1,-1,-1,1,-1,1,-1,1,1,1,1,-1,1,-1,1,1,1,1,-1,1,-1,1,1,1,1,-1,-1,1,1,1,1,1,1,-1,1,1,-1,-1,1,1,-1,-1,1,1,1,1,-1,1,-1,1,1,1,-1,1,-1,-1,1,1,1,1,-1,1,-1,1,-1,1,1,1,1,-1,1,1,1,1,1,1,-1,1,1,1,1,1,1,1,1,1,1,1,1,-1,1,1,1,-1,1,1,-1,1,1,1,-1,1,1,1,-1,1,-1,1,1,1,1,-1,1,1,1,1,1,1,-1,1,1,-1,1,1,-1,-1,1,1,1,-1,1,1,-1,-1,1,-1,1,1,1,1,-1,1,1,-1,1,1,-1,1,1,-1,-1,-1,-1,-1,1,1,-1,1,1,-1,-1,1,-1,1,-1,1,1,-1,1,-1,1,1,1,-1,-1,1,1,1,-1,1,1,1,-1,1,-1,1,1,1,-1,1,1,-1,1,-1,1,1,1,1,-1,1,-1,1,-1,1,1,1,-1,-1,1,1,-1,1,-1,1,-1,1,-1,-1,-1,1,1,-1,-1,1,-1,1,1,-1,-1,1,1,1,1,1,-1,-1,-1,1,-1,1,-1,-1,-1,1,1,1,1,-1,1,-1,1,1,1,1,-1,-1,1,1,1,1,1,-1,-1,-1,1,-1,1,1,-1,-1,-1,1,-1,-1,1,1,-1,-1,1,-1,1,-1,1,-1,-1,1,-1,-1,-1,1,-1,-1,1,-1,1,-1,1,-1,-1,1,-1,-1,1,1,-1,-1,-1,1,-1,1,1,-1,-1,1,1,-1,-1,1,1,1,-1,1,-1,1,-1,1,1,1,-1,1,1,-1,-1,1,1,1,-1,1,-1,1,-1,1,1,1,-1,-1,-1,-1,-1,1,-1,1,-1,-1,-1,1,1,-1,1,-1,-1,-1,1,1,-1,1,-1,-1,-1,1,1,-1,1,-1,-1,-1,-1,1,1,1,-1,1,-1,-1,1,-1,1,-1,-1,1,1,-1,-1,1,1,-1,-1,-1,-1,-1,1,1,-1,-1,-1,1,-1,-1,1,-1,-1,1,-1,1,1,-1,-1,-1,-1,-1,1,1,-1,1,-1,-1,1,1,1,1,-1,-1,-1,-1,-1,1,-1,1,-1,-1,1,-1,1,1,-1,1,-1,-1,1,1,1,-1,1,-1,1,-1,1,1,-1,-1,-1,-1,-1,1,1,-1,1,-1,1,-1,1,1,1,-1,1,-1,-1,1,1,-1,-1,-1,1,-1,1,1,1,-1,1,-1,-1,-1,-1,1,-1,1,-1,-1,1,-1,-1,1,-1,1,-1,1,1,-1,1,-1,1,-1,1,-1,1,-1,1,-1,-1,1,1,-1,1,-1,-1,-1,-1,1,-1,1,-1,1,-1,-1,1,-1,1,1,-1,-1,-1,-1,1,1,1,1,-1,-1,1,-1,-1,1,1,-1,-1,-1,-1,1,-1,1,-1,-1,1,1,-1,1,1,-1,-1,1,-1,-1,1,1,-1,-1,-1,-1,1,-1,1,-1,-1,-1,-1,-1,1,-1,-1,1,-1,-1,1,-1,1,-1,-1,-1,-1,-1,1,1,1,-1,-1,-1,1,1,1,-1,-1,-1,1,-1,-1,1,-1,-1,-1,-1,1,1,1,-1,-1,-1,-1,1,-1,1,1,-1,1,-1,-1,1,1,-1,-1,-1,-1,-1,-1,1,1,-1,-1,1,-1,1,1,-1,-1,-1,1,-1,1,1,-1,-1,1,-1,-1,1,1,1,-1,1,-1,1,1,1,-1,-1,1,-1,-1,1,1,1,-1,1,-1,-1,1,1,-1,1,1,-1,-1,1,1,1,1,1,-1,-1,1,1,1,1,1,-1,-1,1,1,1,1,1,1,-1,-1,1,1,-1,1,-1,-1,1,-1,1,1,1,1,-1,-1,1,-1,1,1,1,-1,1,-1,1,1,-1,1,-1,1,1,1,1,1,1,-1,-1,-1,1,1,1,-1,1,-1,1,1,1,1,1,-1,1,-1,1,1,-1,-1,1,-1,1,1,-1,1,-1,-1,-1,1,1,1,-1,1,-1,-1,-1,1,1,-1,-1,-1,-1,1,1,1,-1,-1,1,-1,-1,1,1,-1,1,-1,-1,-1,1,1,-1,1,-1,1,-1,1,1,1,1,1,-1,-1,1,1,-1,-1,1,1,-1,1,1,-1,1,-1,-1,1,1,-1,-1,1,1,-1,-1,1,1,-1,1,1,-1,1,1,-1,-1,-1,1,-1,-1,-1,-1,-1,1,-1,1,1,1,-1,1,1,1,-1,1,1,1,-1,1,1,-1,1,1,-1,-1,1,1,1,1,1,-1,-1,-1,1,-1,1,1,-1,-1,1,1,-1,1,1,1,-1,1,1,1,1,1,1,-1,-1,1,-1,1,-1,1,-1,1,-1,1,1,-2664.0,1,2000,445,1000,True
2075,1,1,-1,-1,1,1,-1,-1,1,1,1,-1,1,1,1,1,-1,1,-1,-1,-1,-1,1,1,1,-1,-1,-1,1,1,1,1,1,-1,-1,-1,1,1,1,1,-1,-1,-1,1,1,1,-1,-1,1,1,1,1,-1,1,-1,-1,1,-1,1,1,1,-1,-1,-1,1,1,1,-1,-1,-1,-1,1,1,1,1,-1,-1,-1,1,1,1,-1,-1,-1,1,1,1,1,-1,-1,1,1,1,1,1,-1,-1,-1,1,-1,1,1,-1,-1,1,1,1,1,1,-1,-1,-1,1,1,1,1,-1,-1,1,1,1,1,1,1,-1,-1,1,1,-1,1,1,-1,1,1,1,1,1,1,-1,1,1,1,1,1,1,-1,1,1,1,1,1,1,-1,-1,-1,1,1,1,-1,-1,1,1,1,1,-1,1,-1,1,-1,1,1,1,-1,-1,1,1,1,1,1,-1,1,-1,-1,1,1,1,-1,1,1,1,1,-1,1,-1,1,1,-1,1,-1,1,1,-1,1,-1,1,-1,1,-1,-1,1,-1,1,-1,1,-1,1,1,-1,1,-1,1,1,1,1,-1,-1,1,1,-1,-1,1,-1,1,-1,1,1,-1,1,-1,1,-1,1,-1,1,1,-1,-1,-1,1,-1,1,1,-1,1,1,1,1,1,1,-1,1,-1,-1,1,1,-1,1,-1,1,-1,1,1,-1,-1,-1,1,1,1,1,-1,-1,-1,1,1,-1,1,1,1,-1,-1,1,1,1,1,1,-1,1,1,-1,1,-1,1,-1,1,1,1,1,-1,1,1,-1,1,1,1,1,1,-1,-1,1,-1,1,-1,1,1,-1,1,1,1,-1,1,-1,-1,1,1,1,1,1,-1,1,1,1,-1,1,1,-1,1,1,-1,-1,1,1,-1,-1,1,-1,1,-1,1,-1,1,1,1,-1,1,1,-1,1,1,1,-1,1,-1,-1,1,1,1,-1,1,-1,-1,-1,1,1,-1,1,-1,-1,1,-1,1,-1,1,1,-1,-1,1,1,1,1,1,-1,-1,1,1,-1,1,-1,-1,-1,-1,-1,-1,1,1,-1,-1,1,1,-1,1,-1,-1,-1,1,1,1,1,-1,-1,1,1,1,-1,1,-1,-1,-1,-1,1,1,1,1,-1,-1,1,-1,1,1,-1,-1,1,-1,-1,1,-1,1,-1,-1,1,-1,1,1,-1,-1,1,1,-1,1,-1,1,-1,-1,1,-1,1,1,-1,-1,-1,1,-1,-1,1,1,-1,-1,1,-1,1,1,-1,1,-1,1,-1,-1,1,1,-1,-1,1,-1,1,1,-1,-1,1,1,-1,1,-1,1,-1,1,-1,1,1,-1,1,-1,1,-1,-1,1,-1,-1,-1,1,-1,-1,1,-1,1,-1,1,-1,-1,1,-1,-1,1,-1,1,-1,1,-1,1,-1,1,1,-1,1,-1,1,-1,1,-1,-1,1,-1,1,1,1,1,-1,-1,1,1,-1,1,1,-1,1,1,1,1,-1,1,1,-1,1,1,1,1,-1,1,1,-1,-1,-1,1,-1,-1,1,-1,1,-1,1,-1,1,-1,-1,-1,1,1,-1,1,1,-1,-1,-1,1,-1,1,1,-1,1,-1,1,-1,-1,-1,-1,-1,-1,1,-1,-1,-1,-1,-1,-1,1,-1,1,1,1,1,-1,1,-1,1,1,-1,-1,-1,1,-1,-1,1,-1,1,-1,-1,1,1,1,1,-1,-1,1,1,1,1,-1,1,-1,-1,1,1,1,-1,-1,-1,1,1,1,1,-1,-1,-1,1,-1,1,-1,1,-1,-1,-1,1,1,1,-1,-1,-1,-1,1,1,1,1,-1,-1,-1,1,1,1,1,-1,-1,-1,1,1,1,-1,-1,-1,1,1,1,1,1,-1,-1,-1,1,1,1,1,-1,-1,-1,1,1,-1,1,-1,-1,-1,1,1,1,1,-1,-1,1,1,1,1,-1,-1,1,1,-1,1,1,-1,-1,-1,1,1,1,1,1,-1,1,1,1,1,1,-1,-1,-1,1,-1,1,-1,-1,-1,-1,1,-1,1,1,-1,-1,-1,1,-1,1,1,-1,-1,-1,1,1,1,1,-1,-1,1,-1,-1,1,1,-1,-1,-1,1,1,-1,-1,-1,-1,-1,1,-1,1,-1,-1,-1,-1,1,-1,-1,1,-1,-1,-1,1,-1,-1,1,-1,-1,-1,-1,-1,-1,1,-1,-1,-1,-1,-1,1,-1,-1,-1,1,-1,-1,1,-1,1,-1,-1,-1,-1,-1,-1,-1,1,-1,-1,-1,1,1,1,-1,-1,-1,1,-1,-1,-1,-1,1,-1,-1,1,1,1,-1,1,-1,-1,1,-1,1,1,-1,1,-1,-1,1,1,-1,-1,-1,-1,-1,-1,1,1,-1,-1,1,-1,1,1,-1,-1,-1,1,-1,1,1,-1,-1,1,1,-1,1,1,1,-1,1,-1,1,1,1,-1,-1,1,-1,-1,1,1,1,1,-1,1,-1,1,1,1,-1,1,-1,-1,1,1,1,1,-1,1,-1,1,1,1,1,1,-1,-1,1,1,1,1,1,-1,-1,1,1,1,1,-1,-1,-1,1,-1,1,1,1,-1,-1,-1,1,-1,1,1,-1,-1,1,-1,1,1,1,-1,1,1,1,1,1,1,-1,1,-1,-1,1,1,1,-1,1,-1,1,1,1,-1,1,-1,1,-1,1,1,-1,-1,1,-1,-1,1,-1,1,1,-1,-1,1,1,1,1,-1,1,-1,-1,1,1,-1,-1,1,-1,1,1,1,-1,1,-1,-1,-1,1,1,-1,-1,1,-1,-1,1,1,1,-1,1,-1,-1,1,1,1,-1,1,-1,-1,1,1,-1,-1,-1,1,-1,1,1,-1,1,1,-1,1,1,-1,-1,1,-1,-1,-1,1,1,-1,1,1,-1,1,1,-1,-1,-1,-1,1,-1,-1,-1,-1,1,-1,-1,1,1,-1,1,1,-1,1,1,1,1,-1,1,-1,1,1,1,-1,-1,1,-1,-1,1,1,-1,-1,1,-1,1,1,1,-1,-1,1,-1,1,1,1,1,-1,1,-1,-1,1,1,1,-1,-1,1,-1,1,-1,1,-1,1,-1,-1,1,-2664.0,1,2000,445,0,False
2076,-1,-1,1,1,1,1,-1,1,-1,-1,-1,1,-1,1,-1,-1,1,-1,1,1,-1,1,-1,-1,-1,1,-1,-1,1,-1,-1,-1,1,1,-1,1,1,-1,-1,-1,1,-1,1,-1,-1,-1,1,1,-1,-1,-1,-1,1,1,1,-1,-1,1,-1,-1,1,1,1,1,-1,-1,-1,1,1,-1,1,-1,-1,-1,1,-1,-1,1,-1,-1,-1,1,1,-1,-1,-1,-1,1,1,1,-1,-1,-1,-1,1,1,-1,1,-1,1,-1,1,1,-1,1,-1,-1,-1,1,1,-1,1,-1,-1,-1,1,1,-1,1,-1,-1,-1,1,1,-1,1,-1,-1,-1,1,1,-1,1,-1,-1,1,1,1,-1,-1,-1,-1,1,1,1,-1,1,-1,-1,-1,1,1,-1,-1,1,-1,-1,1,1,-1,1,-1,-1,-1,1,1,-1,1,1,-1,1,1,1,-1,1,-1,-1,-1,1,-1,1,-1,1,-1,1,1,-1,1,1,-1,-1,1,1,1,1,1,1,-1,1,1,-1,1,1,1,-1,1,1,1,-1,1,1,-1,1,1,-1,1,1,1,1,1,1,1,1,1,1,1,-1,1,-1,-1,1,1,-1,1,-1,1,-1,1,1,1,1,1,-1,1,1,1,1,1,-1,1,-1,1,1,1,1,1,-1,1,1,1,1,-1,1,-1,1,-1,1,-1,-1,1,-1,1,-1,1,1,1,1,-1,1,-1,1,-1,1,1,-1,-1,1,1,1,1,1,1,-1,1,1,1,-1,-1,1,1,-1,1,-1,-1,-1,1,-1,-1,1,1,1,-1,1,1,1,1,-1,-1,-1,1,-1,-1,-1,1,-1,-1,1,1,-1,1,-1,-1,-1,1,1,-1,1,-1,-1,1,1,-1,-1,1,-1,-1,1,1,-1,1,1,-1,1,-1,1,1,-1,1,-1,1,1,1,-1,1,1,-1,-1,1,1,-1,1,-1,-1,-1,1,1,-1,1,-1,-1,1,-1,1,-1,1,-1,-1,1,-1,1,-1,1,1,-1,1,-1,1,1,1,1,-1,-1,1,1,-1,1,-1,-1,1,1,-1,-1,1,1,-1,1,-1,1,-1,1,-1,1,1,-1,1,1,1,-1,1,1,-1,1,-1,1,-1,-1,1,-1,1,1,1,1,-1,1,1,1,1,1,-1,-1,1,-1,-1,1,-1,1,-1,-1,1,-1,1,1,-1,-1,-1,1,-1,1,-1,1,-1,-1,1,-1,1,1,-1,-1,-1,1,-1,-1,1,1,-1,-1,1,-1,1,1,-1,1,-1,1,-1,-1,1,1,-1,-1,-1,-1,1,1,-1,1,-1,1,-1,1,-1,1,-1,-1,-1,-1,1,-1,1,-1,-1,-1,-1,1,-1,-1,-1,-1,-1,-1,1,1,1,-1,1,-1,-1,1,-1,-1,1,-1,-1,-1,1,1,1,-1,1,-1,-1,-1,-1,1,-1,1,-1,-1,1,-1,1,1,1,-1,-1,-1,1,1,-1,1,-1,1,-1,1,1,1,-1,1,1,-1,1,1,1,1,1,1,1,-1,1,1,-1,1,-1,1,-1,-1,1,-1,-1,1,-1,-1,1,-1,-1,-1,1,1,-1,1,1,-1,-1,1,1,-1,-1,1,-1,-1,-1,-1,-1,1,1,-1,-1,-1,-1,-1,1,1,-1,-1,1,1,1,-1,1,-1,-1,1,1,-1,1,1,-1,-1,-1,1,-1,-1,1,1,-1,1,1,1,1,1,-1,1,1,1,-1,1,1,1,-1,1,1,-1,1,1,-1,1,1,1,-1,1,1,-1,-1,1,-1,1,1,1,-1,1,1,1,-1,1,1,-1,1,1,1,1,1,1,1,1,1,1,1,1,1,-1,1,-1,1,-1,1,1,1,1,1,1,1,1,1,-1,1,-1,1,1,1,1,1,-1,1,-1,1,1,1,1,1,1,1,1,1,1,-1,1,1,-1,-1,1,-1,-1,1,1,1,-1,1,1,-1,1,-1,1,1,1,-1,-1,1,-1,1,-1,1,1,-1,1,-1,1,-1,1,-1,1,1,-1,1,1,1,1,-1,1,-1,1,-1,1,1,-1,1,-1,1,-1,1,1,-1,1,1,1,1,1,-1,1,1,-1,1,1,1,1,-1,1,-1,1,-1,1,1,-1,1,1,-1,1,1,-1,1,1,1,-1,1,1,1,-1,1,-1,-1,1,1,-1,1,1,-1,1,-1,1,-1,-1,1,1,-1,1,1,-1,-1,1,1,-1,1,1,-1,-1,-1,1,1,1,1,-1,1,1,1,-1,1,1,-1,-1,1,-1,1,1,1,-1,-1,-1,1,-1,1,1,-1,1,-1,-1,1,1,1,-1,-1,-1,-1,-1,1,-1,-1,-1,1,-1,1,1,-1,-1,-1,-1,-1,1,1,1,-1,1,-1,-1,1,1,1,-1,1,-1,1,1,1,-1,-1,1,-1,-1,1,1,-1,-1,1,-1,-1,1,1,-1,1,1,-1,-1,1,1,-1,-1,1,-1,-1,1,1,-1,-1,1,-1,-1,1,1,-1,1,1,1,-1,-1,1,-1,-1,1,-1,-1,1,-1,1,-1,1,1,-1,-1,1,-1,1,-1,1,-1,1,1,-1,1,-1,1,-1,1,1,-1,1,1,1,1,-1,1,-1,1,1,-1,1,-1,1,-1,1,1,1,-1,1,1,1,1,-1,1,1,-1,1,1,-1,1,1,-1,-1,1,-1,1,1,-1,1,-1,1,-1,1,-1,-1,1,-1,1,-1,1,-1,1,-1,-1,-1,1,1,-1,-1,1,-1,-1,-1,1,-1,-1,1,-1,-1,-1,1,1,-1,1,-1,-1,1,1,-1,-1,-1,1,-1,1,1,-1,1,1,-1,1,1,-1,-1,1,-1,-1,-1,-1,1,-1,1,1,-1,1,1,-1,-1,-1,-1,1,-1,-1,-1,-1,1,-1,-1,1,1,-1,1,1,-1,1,1,1,1,-1,1,-1,1,1,1,1,-1,1,-1,-1,1,1,1,-1,1,-1,1,1,1,1,-1,1,-1,1,1,1,-1,-1,1,-1,-1,1,1,-1,-1,-1,1,-1,1,1,1,-1,1,-1,-1,1,-2664.0,1,2000,445,1500,True
2077,1,1,-1,-1,1,1,-1,-1,1,1,1,-1,1,1,1,1,-1,1,-1,-1,-1,-1,1,1,1,-1,1,-1,1,1,1,1,1,-1,-1,-1,1,1,1,1,-1,-1,-1,1,1,1,-1,-1,1,1,1,1,-1,1,-1,-1,1,-1,1,1,-1,-1,-1,-1,1,1,1,-1,-1,-1,-1,1,1,1,1,-1,-1,-1,1,1,1,-1,-1,-1,1,1,1,1,-1,-1,-1,1,1,1,1,-1,-1,1,1,-1,1,1,-1,-1,1,1,1,1,1,-1,-1,-1,1,-1,1,1,-1,-1,1,1,1,1,1,1,-1,-1,1,1,-1,1,1,-1,1,1,1,1,1,1,-1,1,1,1,1,1,1,-1,1,1,1,1,1,1,-1,-1,-1,1,1,1,-1,-1,1,1,1,1,-1,1,-1,1,-1,1,1,1,-1,-1,1,1,1,1,1,-1,1,-1,-1,1,-1,1,-1,1,1,1,1,1,1,-1,1,1,-1,1,-1,1,1,-1,1,-1,1,-1,1,-1,-1,1,-1,1,-1,1,-1,1,1,-1,1,-1,1,1,1,1,-1,-1,1,1,-1,-1,1,-1,1,-1,1,1,-1,1,-1,1,-1,1,-1,1,1,-1,-1,-1,1,-1,1,1,-1,1,1,1,1,1,-1,-1,1,-1,-1,1,1,1,1,-1,1,-1,1,1,-1,-1,-1,1,1,1,1,-1,-1,-1,1,1,-1,1,1,1,-1,-1,1,1,1,1,1,-1,1,1,-1,1,-1,1,-1,1,1,1,1,-1,1,1,-1,1,1,1,1,1,-1,-1,1,-1,1,-1,1,1,-1,1,1,1,-1,1,-1,-1,1,1,1,-1,1,-1,1,1,1,-1,-1,1,-1,1,1,-1,-1,1,1,-1,-1,1,1,1,-1,1,-1,1,1,1,-1,1,1,-1,1,1,1,-1,1,-1,-1,1,1,1,-1,1,-1,-1,-1,1,1,-1,1,-1,-1,1,-1,1,-1,1,1,-1,-1,1,1,1,-1,1,-1,-1,1,1,-1,1,-1,-1,-1,-1,-1,-1,1,1,-1,-1,1,1,-1,1,-1,1,-1,1,1,1,1,-1,-1,1,1,1,-1,1,-1,-1,-1,-1,1,1,1,1,-1,-1,1,1,1,1,-1,-1,-1,-1,-1,1,-1,1,-1,1,-1,1,1,1,-1,-1,1,1,-1,1,-1,1,-1,-1,1,-1,1,1,-1,-1,-1,1,-1,-1,1,1,-1,-1,1,-1,1,1,-1,1,-1,1,-1,-1,1,1,-1,1,1,-1,1,1,-1,-1,1,1,-1,1,-1,1,-1,1,-1,1,1,-1,1,-1,1,-1,-1,1,-1,-1,-1,1,-1,-1,1,1,1,-1,1,-1,-1,1,-1,-1,1,-1,1,-1,1,-1,1,-1,1,1,-1,1,-1,1,-1,1,-1,-1,1,-1,1,1,1,1,-1,-1,1,1,-1,1,1,-1,1,1,1,1,1,1,1,-1,1,1,1,-1,-1,1,1,-1,-1,-1,1,-1,1,1,1,1,-1,1,-1,1,-1,-1,-1,1,1,-1,1,1,-1,-1,-1,1,-1,1,1,-1,1,-1,1,-1,-1,-1,-1,-1,-1,1,-1,-1,-1,-1,-1,-1,1,-1,1,1,1,1,-1,1,-1,1,1,-1,-1,-1,1,-1,-1,1,-1,1,-1,-1,1,1,1,1,-1,-1,1,1,1,1,-1,1,-1,-1,1,1,1,-1,-1,-1,1,1,1,1,-1,1,-1,1,-1,1,-1,1,1,-1,-1,1,1,1,-1,-1,-1,-1,1,1,1,1,-1,-1,-1,1,1,1,1,-1,-1,-1,1,-1,1,-1,-1,-1,1,1,1,1,1,-1,-1,-1,1,1,1,1,-1,-1,-1,1,1,-1,1,-1,-1,-1,1,1,1,1,-1,-1,1,1,1,1,1,-1,1,1,-1,1,1,-1,-1,-1,1,1,1,1,1,-1,1,1,1,1,1,1,-1,-1,1,-1,1,-1,-1,-1,-1,1,-1,1,1,-1,-1,-1,1,-1,1,1,-1,-1,-1,1,1,1,-1,1,-1,-1,1,-1,1,-1,-1,-1,-1,1,1,-1,-1,-1,-1,-1,1,-1,1,-1,-1,-1,-1,-1,-1,-1,1,-1,-1,-1,1,-1,-1,1,-1,-1,-1,-1,-1,1,1,-1,-1,-1,-1,-1,1,-1,-1,-1,1,-1,-1,1,-1,1,-1,-1,-1,-1,-1,-1,-1,1,-1,-1,-1,1,1,1,-1,-1,-1,1,-1,-1,-1,-1,1,-1,-1,1,-1,1,-1,1,-1,-1,1,-1,1,1,-1,1,-1,-1,1,1,1,-1,-1,-1,-1,-1,1,1,-1,-1,1,-1,1,1,-1,-1,-1,1,-1,-1,1,-1,-1,1,1,-1,1,1,1,-1,1,-1,1,1,1,-1,-1,1,-1,-1,1,-1,1,1,-1,1,-1,1,1,1,-1,1,-1,-1,1,1,1,1,-1,1,-1,1,1,1,1,1,-1,-1,1,1,1,1,1,-1,-1,-1,1,1,1,-1,-1,-1,1,-1,1,1,1,-1,-1,-1,1,-1,1,1,-1,-1,1,-1,1,1,1,-1,1,1,1,1,1,1,-1,1,-1,-1,1,1,1,-1,1,-1,1,1,1,-1,1,-1,1,-1,1,1,-1,-1,1,-1,1,1,-1,1,1,-1,-1,1,1,1,1,-1,1,-1,-1,1,1,-1,-1,1,-1,1,1,1,-1,1,-1,-1,-1,1,1,-1,-1,1,-1,-1,1,1,1,-1,1,-1,-1,-1,1,1,-1,1,-1,-1,1,1,-1,-1,-1,1,-1,-1,1,-1,1,1,-1,1,1,-1,-1,1,1,-1,-1,1,1,-1,1,1,-1,1,1,-1,-1,-1,-1,1,-1,-1,-1,-1,1,-1,-1,1,1,-1,1,1,-1,1,1,1,1,-1,1,-1,1,1,1,-1,-1,1,-1,-1,1,1,-1,1,1,-1,1,1,1,-1,-1,1,-1,1,1,1,1,-1,1,-1,-1,1,1,-1,-1,1,1,-1,1,1,1,-1,1,-1,-1,1,-2664.0,1,2000,445,0,False
2078,-1,-1,-1,-1,1,1,-1,1,-1,1,1,-1,1,1,-1,-1,1,1,-1,-1,-1,-1,-1,1,1,-1,-1,-1,-1,-1,1,1,-1,-1,-1,-1,1,-1,1,1,-1,-1,-1,-1,-1,1,1,-1,1,1,-1,1,-1,1,-1,-1,-1,1,-1,1,1,-1,-1,1,-1,-1,1,1,-1,-1,-1,1,1,1,1,-1,-1,-1,1,-1,1,-1,-1,-1,1,-1,1,1,-1,-1,-1,-1,-1,1,1,-1,-1,1,1,1,1,1,-1,-1,1,1,-1,1,1,-1,-1,1,1,-1,1,1,-1,-1,1,1,-1,1,1,1,-1,1,1,-1,1,1,1,-1,1,1,-1,1,1,1,-1,-1,1,-1,1,1,1,-1,1,1,1,-1,1,1,-1,-1,-1,1,-1,1,1,-1,1,1,1,1,-1,1,-1,1,-1,1,1,1,-1,-1,1,1,-1,-1,1,-1,1,-1,-1,1,1,1,-1,1,1,1,1,-1,1,1,1,1,-1,1,-1,1,-1,1,1,-1,1,-1,1,1,-1,1,-1,1,-1,1,-1,1,1,-1,1,-1,1,1,1,1,-1,-1,1,1,-1,-1,1,-1,1,1,-1,1,-1,1,-1,1,-1,1,-1,1,1,-1,1,1,1,1,-1,1,-1,1,1,1,-1,1,1,-1,1,-1,1,-1,1,-1,1,-1,1,1,-1,1,-1,-1,1,1,1,-1,1,-1,-1,-1,-1,1,-1,-1,1,1,-1,-1,1,1,-1,1,1,-1,1,1,1,1,-1,1,-1,1,1,-1,1,-1,1,1,-1,1,1,1,1,1,-1,-1,1,-1,-1,-1,1,1,-1,1,1,1,-1,1,-1,-1,1,1,1,1,1,-1,-1,1,1,-1,1,1,-1,-1,1,1,-1,1,1,-1,1,-1,1,1,-1,1,-1,1,1,1,-1,1,1,-1,1,1,1,-1,1,-1,-1,1,1,1,-1,1,-1,-1,1,-1,1,-1,1,-1,-1,1,-1,1,-1,1,1,-1,1,-1,1,1,-1,1,-1,-1,1,1,-1,1,-1,-1,1,1,-1,-1,1,-1,-1,1,-1,1,-1,1,-1,1,1,-1,1,1,1,-1,1,1,-1,1,-1,1,-1,-1,1,-1,1,1,1,1,-1,1,1,1,1,-1,-1,-1,1,-1,-1,1,-1,1,-1,-1,1,-1,1,-1,-1,-1,-1,1,-1,1,-1,1,-1,-1,1,-1,1,1,-1,-1,-1,1,-1,-1,1,1,-1,-1,1,-1,1,1,-1,1,-1,1,-1,-1,1,1,-1,-1,-1,-1,1,1,-1,-1,-1,1,-1,1,-1,1,-1,-1,1,-1,1,-1,1,-1,-1,-1,-1,1,-1,-1,-1,-1,-1,-1,1,-1,1,-1,-1,-1,-1,1,-1,-1,1,-1,-1,-1,1,1,1,-1,-1,-1,-1,-1,1,1,-1,1,-1,-1,1,1,1,1,1,-1,-1,-1,1,1,-1,1,-1,-1,-1,1,1,1,-1,1,1,-1,1,1,1,1,1,-1,1,-1,-1,-1,1,-1,1,1,-1,1,-1,1,-1,1,-1,-1,-1,1,1,-1,1,1,-1,1,-1,1,-1,1,1,-1,1,-1,1,-1,-1,-1,-1,1,-1,1,-1,-1,-1,-1,1,-1,1,-1,1,1,1,-1,-1,1,-1,1,1,-1,1,-1,1,-1,-1,1,-1,1,-1,-1,1,1,1,1,1,-1,1,1,1,1,-1,1,-1,-1,1,1,1,-1,-1,-1,-1,1,1,1,-1,-1,-1,1,-1,1,-1,1,1,-1,-1,1,1,1,-1,1,-1,-1,1,1,1,1,1,1,-1,1,1,1,1,-1,1,-1,1,-1,1,-1,1,1,-1,1,1,1,1,1,1,-1,1,-1,1,1,1,1,-1,1,1,-1,1,1,-1,-1,1,1,1,1,1,1,1,-1,1,-1,1,1,-1,1,-1,1,1,1,1,-1,1,1,-1,1,-1,1,-1,-1,1,-1,1,-1,-1,1,1,-1,-1,1,-1,-1,1,-1,1,-1,1,1,1,-1,-1,1,-1,1,1,1,-1,1,1,-1,1,-1,1,1,-1,-1,-1,1,1,-1,-1,1,1,-1,1,1,-1,-1,1,-1,1,-1,1,-1,-1,-1,-1,-1,-1,1,-1,-1,1,-1,1,-1,1,-1,-1,-1,-1,-1,-1,1,-1,-1,-1,-1,-1,1,-1,-1,1,-1,-1,1,-1,1,-1,-1,-1,-1,1,-1,1,1,-1,-1,-1,1,1,1,-1,-1,1,-1,1,-1,1,-1,1,-1,-1,1,1,1,-1,-1,-1,-1,1,-1,1,1,-1,1,-1,-1,1,1,-1,-1,-1,-1,-1,-1,1,1,-1,-1,1,-1,1,1,-1,-1,-1,1,-1,1,1,-1,-1,1,-1,-1,1,1,1,-1,1,-1,1,1,1,-1,-1,1,-1,-1,1,1,1,-1,1,-1,-1,1,1,-1,1,1,-1,-1,1,1,-1,1,1,-1,-1,1,1,-1,1,1,-1,-1,1,1,1,1,1,1,-1,-1,1,1,1,1,-1,-1,1,-1,1,1,1,1,-1,-1,1,-1,1,1,1,-1,1,1,1,1,-1,1,-1,1,1,1,1,1,1,1,-1,1,1,1,1,-1,1,-1,1,1,1,1,1,-1,1,1,1,1,-1,1,1,-1,1,1,-1,1,1,-1,-1,1,1,1,1,-1,1,-1,1,1,1,-1,-1,1,-1,1,1,1,-1,1,-1,-1,-1,1,1,-1,-1,1,-1,-1,1,1,-1,-1,1,-1,-1,1,1,1,-1,-1,-1,-1,1,1,-1,-1,-1,1,-1,1,1,-1,1,1,-1,1,1,-1,-1,1,1,-1,-1,1,1,-1,1,1,-1,1,1,-1,-1,-1,-1,1,-1,-1,-1,-1,-1,1,-1,1,1,-1,1,1,-1,1,1,1,1,-1,1,-1,1,1,1,1,-1,1,-1,-1,-1,1,1,-1,1,-1,1,1,1,1,-1,1,-1,1,1,1,-1,-1,1,-1,-1,1,1,-1,-1,-1,1,-1,1,1,1,-1,1,-1,1,1,-2664.0,1,2000,445,1500,True
2079,-1,-1,1,1,1,1,-1,1,-1,-1,-1,1,-1,1,-1,-1,1,-1,1,1,-1,1,-1,-1,-1,1,-1,-1,-1,-1,-1,-1,1,1,-1,1,1,-1,-1,-1,1,-1,1,-1,-1,-1,1,1,-1,-1,-1,-1,1,1,1,-1,-1,1,-1,-1,1,1,1,1,-1,1,-1,1,1,-1,1,-1,-1,-1,1,-1,-1,1,-1,-1,-1,1,1,-1,-1,-1,-1,1,1,1,-1,-1,-1,1,-1,1,-1,1,-1,1,1,1,1,-1,1,-1,-1,1,1,1,-1,1,-1,-1,1,1,1,-1,1,-1,-1,1,1,1,-1,1,-1,-1,1,1,-1,-1,1,-1,-1,1,1,1,-1,-1,-1,-1,1,1,1,-1,1,-1,-1,-1,1,1,-1,-1,1,-1,1,1,1,-1,1,-1,-1,-1,1,1,-1,1,1,-1,1,1,-1,-1,1,-1,-1,1,1,-1,1,-1,1,-1,1,1,-1,1,1,-1,-1,-1,1,1,1,1,1,-1,1,1,-1,1,1,1,-1,1,1,-1,-1,1,1,-1,1,1,-1,1,1,1,-1,1,1,1,1,1,1,1,-1,1,-1,-1,1,1,-1,-1,1,1,-1,1,1,-1,-1,1,-1,1,1,1,1,-1,1,-1,-1,1,1,-1,1,1,-1,1,1,1,-1,-1,1,-1,1,-1,1,1,1,1,-1,1,-1,1,1,1,1,-1,1,-1,1,1,1,1,1,-1,1,1,1,-1,1,-1,-1,1,1,-1,1,1,1,-1,-1,1,1,1,1,-1,1,-1,1,1,-1,1,-1,-1,-1,1,1,1,1,-1,1,-1,1,-1,1,1,1,1,-1,1,1,1,1,1,1,-1,1,1,1,1,-1,1,1,1,1,1,1,1,-1,1,1,1,-1,1,1,-1,1,1,1,1,1,1,1,-1,1,-1,1,1,1,1,-1,1,1,1,1,1,1,-1,1,1,-1,-1,1,1,-1,1,1,1,1,1,1,-1,-1,1,-1,1,1,1,1,-1,1,1,-1,1,1,-1,1,1,-1,-1,1,1,-1,1,1,-1,1,-1,1,-1,1,-1,-1,-1,1,-1,-1,1,-1,1,-1,1,1,-1,1,1,1,-1,1,-1,-1,-1,1,-1,1,1,-1,1,1,1,-1,1,-1,-1,1,1,1,1,-1,1,-1,1,1,1,1,1,-1,-1,1,-1,1,-1,1,-1,-1,-1,1,1,1,1,-1,-1,1,-1,1,1,1,-1,-1,-1,1,-1,1,1,-1,-1,1,-1,1,1,1,1,-1,-1,1,1,1,1,-1,-1,1,1,1,1,-1,1,-1,1,1,1,1,-1,1,-1,-1,1,1,1,-1,1,-1,1,-1,1,1,-1,-1,1,-1,1,1,1,1,-1,1,-1,-1,1,1,1,-1,1,-1,-1,1,1,-1,-1,1,-1,-1,1,-1,1,-1,-1,1,-1,1,-1,1,1,-1,1,-1,-1,1,1,1,-1,1,-1,1,-1,1,-1,1,-1,1,1,-1,-1,1,-1,1,-1,1,-1,1,-1,1,1,1,-1,-1,-1,1,-1,1,1,1,-1,-1,-1,1,1,-1,1,-1,-1,-1,1,1,1,1,-1,-1,-1,1,1,1,1,-1,-1,-1,-1,1,-1,1,-1,1,-1,-1,1,1,1,-1,1,1,-1,1,-1,1,1,-1,-1,-1,-1,1,1,1,-1,-1,-1,-1,1,1,1,-1,-1,-1,1,1,1,-1,-1,-1,-1,1,1,1,-1,1,-1,1,-1,1,1,1,-1,-1,-1,-1,1,1,-1,1,-1,-1,1,1,1,1,-1,1,-1,-1,1,1,1,-1,1,-1,-1,1,1,1,-1,1,-1,-1,1,-1,1,-1,1,-1,-1,1,1,1,1,-1,1,-1,1,1,1,-1,-1,-1,-1,1,1,-1,1,-1,1,-1,1,-1,-1,1,-1,1,-1,1,1,-1,-1,1,1,1,1,-1,1,-1,1,-1,1,-1,1,-1,-1,1,-1,1,1,-1,1,-1,1,-1,-1,1,-1,1,-1,1,-1,1,1,-1,1,-1,1,-1,1,1,-1,-1,-1,1,-1,-1,1,-1,1,1,-1,-1,-1,1,1,-1,-1,1,-1,-1,1,-1,1,-1,-1,1,-1,1,-1,1,-1,-1,1,-1,1,1,-1,-1,1,1,-1,1,-1,-1,-1,1,-1,-1,-1,1,-1,-1,1,-1,1,1,-1,-1,-1,1,-1,-1,1,-1,-1,-1,-1,1,1,1,-1,1,-1,1,-1,-1,1,-1,-1,-1,-1,1,1,1,-1,-1,-1,-1,1,1,1,-1,1,-1,1,-1,1,1,-1,-1,-1,-1,-1,1,-1,-1,-1,1,-1,1,1,-1,-1,-1,-1,-1,1,1,1,-1,1,1,-1,1,1,-1,1,-1,-1,1,1,1,-1,-1,1,-1,-1,1,1,-1,-1,1,-1,-1,1,1,-1,1,1,1,-1,1,1,-1,-1,1,1,-1,1,-1,-1,-1,1,1,-1,1,1,-1,1,1,-1,-1,1,1,-1,-1,1,1,-1,1,-1,-1,-1,1,1,-1,-1,1,-1,1,1,1,-1,-1,1,-1,1,-1,1,-1,-1,1,-1,1,1,1,-1,1,-1,-1,1,1,1,-1,1,1,-1,1,1,-1,1,-1,1,1,1,-1,-1,-1,1,1,1,-1,1,-1,1,1,-1,-1,1,-1,1,-1,1,1,-1,1,-1,-1,-1,1,1,-1,1,-1,-1,1,1,-1,1,1,-1,1,-1,1,-1,-1,1,-1,1,-1,1,-1,-1,1,1,1,1,1,1,1,1,-1,-1,1,-1,1,1,1,-1,1,-1,1,1,1,-1,-1,1,1,1,-1,-1,1,-1,1,1,1,1,1,-1,-1,-1,1,-1,-1,-1,-1,-1,1,-1,1,1,1,-1,1,1,1,-1,1,1,1,-1,1,1,1,1,1,1,-1,1,1,1,1,1,1,-1,-1,1,-1,1,1,1,-1,1,1,1,-1,1,-1,-1,1,1,1,1,1,-1,-1,-1,1,1,1,1,1,-1,1,-1,1,1,-2664.0,1,2000,445,1000,True
2080,-1,-1,1,1,1,1,-1,1,-1,-1,-1,1,-1,1,-1,-1,1,-1,1,1,-1,-1,-1,-1,-1,1,-1,-1,-1,-1,-1,-1,1,1,-1,-1,1,-1,-1,-1,1,-1,-1,-1,-1,-1,1,1,-1,1,-1,-1,-1,1,1,-1,-1,1,-1,-1,1,1,1,1,-1,-1,-1,1,1,-1,-1,1,-1,-1,1,-1,-1,-1,1,-1,-1,1,1,-1,1,-1,-1,1,1,1,-1,-1,-1,-1,1,1,-1,1,1,1,-1,1,1,-1,1,1,-1,-1,1,1,-1,1,1,1,-1,1,1,-1,1,1,-1,-1,1,1,-1,1,1,-1,1,1,1,-1,1,1,-1,1,1,1,-1,-1,1,-1,1,1,1,-1,1,1,1,-1,1,1,-1,-1,-1,1,-1,1,1,-1,1,1,1,1,1,1,-1,1,1,-1,1,1,1,-1,1,1,-1,-1,1,-1,1,-1,-1,1,1,1,-1,1,1,1,1,1,1,1,1,1,-1,1,1,1,-1,1,1,-1,1,1,1,1,-1,1,-1,-1,1,1,-1,1,1,-1,1,1,1,1,1,1,-1,-1,1,1,-1,-1,1,-1,1,1,-1,1,1,1,-1,1,1,1,-1,1,1,-1,-1,1,-1,1,-1,1,-1,1,1,1,-1,1,-1,-1,1,-1,1,-1,1,1,1,-1,-1,1,-1,1,-1,-1,1,1,1,-1,1,-1,-1,-1,1,1,-1,-1,1,1,-1,1,1,1,-1,1,1,-1,-1,-1,1,-1,-1,1,-1,-1,-1,-1,1,-1,1,1,-1,-1,1,-1,-1,1,-1,-1,-1,-1,1,-1,1,1,-1,-1,1,1,-1,1,-1,-1,-1,1,-1,-1,1,-1,-1,1,1,1,-1,1,-1,-1,1,1,-1,1,1,-1,1,-1,1,-1,1,1,-1,1,1,1,1,1,1,-1,-1,1,1,1,1,-1,-1,-1,1,1,1,1,-1,-1,1,-1,1,1,1,-1,-1,1,-1,1,1,1,1,-1,1,-1,1,1,1,1,-1,-1,1,1,1,-1,-1,-1,1,1,-1,-1,1,1,-1,1,-1,1,-1,1,-1,1,1,-1,1,1,1,-1,1,1,-1,1,-1,1,-1,-1,1,-1,1,1,1,1,-1,1,1,-1,1,1,-1,-1,1,-1,-1,1,-1,1,-1,-1,1,-1,-1,1,-1,-1,-1,1,-1,1,-1,1,-1,-1,1,-1,1,-1,1,-1,-1,1,-1,-1,1,1,-1,-1,1,-1,1,1,-1,1,-1,1,-1,1,-1,1,-1,-1,-1,-1,-1,-1,-1,1,-1,1,-1,1,-1,1,-1,-1,-1,1,1,-1,1,-1,-1,-1,-1,1,-1,-1,-1,-1,-1,1,-1,1,1,-1,1,-1,-1,1,-1,-1,1,-1,-1,-1,-1,-1,1,-1,1,-1,-1,-1,-1,1,-1,1,-1,-1,1,-1,1,1,1,-1,-1,-1,1,1,-1,1,-1,-1,-1,1,1,1,-1,1,1,-1,1,1,1,1,1,-1,1,-1,-1,-1,1,-1,-1,1,-1,1,-1,1,-1,1,-1,-1,-1,1,1,-1,1,1,-1,1,-1,1,-1,1,-1,-1,1,-1,1,-1,-1,-1,-1,1,-1,1,-1,-1,-1,-1,1,-1,1,-1,1,1,1,-1,-1,1,-1,1,1,-1,1,-1,1,-1,-1,1,-1,1,-1,-1,1,1,1,1,1,-1,-1,1,1,1,-1,1,-1,1,1,1,1,-1,-1,-1,1,1,1,1,-1,-1,-1,1,-1,1,-1,1,1,-1,-1,1,1,1,-1,1,-1,-1,1,1,1,1,1,1,-1,1,1,1,1,-1,1,-1,1,-1,1,-1,1,1,-1,1,1,1,1,1,1,-1,1,-1,1,1,1,1,-1,1,1,-1,1,1,1,1,1,1,1,1,1,1,-1,1,1,-1,-1,1,-1,-1,1,1,1,-1,1,-1,-1,1,-1,-1,1,1,-1,-1,1,-1,1,-1,1,1,-1,1,-1,1,-1,1,-1,-1,1,-1,1,-1,1,-1,-1,1,-1,1,-1,1,1,-1,1,-1,1,-1,1,1,-1,1,1,1,1,1,-1,1,1,-1,1,1,1,1,-1,1,-1,1,-1,1,1,-1,1,1,-1,1,1,-1,1,1,1,-1,1,1,1,-1,1,-1,-1,1,1,-1,1,1,-1,1,-1,1,-1,-1,1,1,-1,1,1,-1,-1,1,1,-1,1,1,-1,-1,-1,1,1,1,1,-1,1,1,1,-1,1,1,-1,-1,1,-1,1,1,-1,-1,-1,-1,1,-1,1,1,-1,1,-1,-1,1,1,1,-1,-1,-1,-1,-1,1,-1,-1,-1,1,-1,1,1,-1,-1,-1,1,-1,1,1,1,-1,1,-1,-1,1,1,1,-1,1,-1,1,1,1,-1,-1,1,-1,-1,1,1,-1,-1,1,-1,-1,1,1,-1,1,1,-1,-1,1,1,-1,-1,1,-1,-1,1,1,-1,-1,1,-1,-1,1,1,-1,1,-1,1,-1,1,1,-1,-1,1,-1,-1,1,-1,-1,-1,1,1,-1,-1,1,-1,1,-1,1,-1,1,1,-1,1,-1,1,-1,1,1,-1,1,1,1,-1,-1,1,-1,1,1,-1,1,-1,1,-1,1,1,-1,1,-1,1,1,1,-1,-1,1,-1,1,1,-1,1,-1,-1,-1,1,-1,1,-1,1,-1,-1,1,-1,1,-1,-1,-1,-1,1,-1,1,-1,-1,1,-1,-1,1,1,-1,1,-1,-1,-1,-1,1,-1,-1,1,-1,1,-1,1,1,1,1,-1,-1,1,1,-1,-1,1,1,1,1,1,-1,1,-1,-1,1,1,-1,-1,1,-1,-1,-1,-1,1,-1,1,-1,1,1,1,-1,-1,-1,-1,-1,-1,-1,-1,-1,1,-1,1,1,1,-1,1,1,-1,1,1,1,1,-1,1,-1,1,1,1,1,-1,1,-1,1,1,1,-1,1,1,-1,1,1,1,1,-1,1,-1,1,1,1,-1,-1,1,-1,-1,1,1,-1,-1,1,1,-1,1,-1,1,-1,1,-1,-1,1,-2664.0,1,2000,445,1500,True
2081,1,1,-1,-1,1,1,-1,-1,1,1,1,-1,1,1,1,1,-1,1,-1,-1,1,-1,1,1,1,-1,-1,-1,1,1,1,1,-1,-1,-1,-1,1,-1,1,1,-1,-1,-1,1,1,1,1,-1,1,1,1,1,-1,1,-1,-1,1,-1,1,1,1,-1,1,-1,1,1,1,1,-1,-1,-1,1,1,1,1,-1,1,-1,1,1,1,-1,-1,-1,1,1,1,1,-1,1,-1,1,1,1,1,-1,-1,1,1,-1,1,1,-1,-1,1,1,1,1,1,-1,-1,1,1,1,1,1,-1,-1,1,1,1,1,1,1,-1,1,1,1,-1,1,1,-1,1,1,1,1,1,1,-1,1,1,1,1,1,1,-1,-1,1,1,1,1,1,-1,1,-1,1,1,1,1,-1,1,1,1,1,-1,1,-1,1,-1,1,1,1,-1,-1,1,1,1,1,1,-1,1,-1,-1,1,1,1,-1,1,1,1,1,-1,1,1,1,1,-1,1,-1,1,-1,1,1,-1,1,-1,1,1,-1,1,-1,1,-1,1,-1,1,1,-1,1,-1,1,1,1,1,-1,-1,1,1,-1,-1,1,-1,1,-1,-1,1,-1,1,-1,1,-1,1,-1,1,1,-1,-1,-1,1,1,-1,1,-1,1,1,1,-1,1,1,-1,1,-1,1,-1,1,-1,1,-1,1,1,-1,1,-1,-1,-1,1,1,-1,1,-1,-1,-1,1,1,-1,-1,1,1,-1,-1,1,1,-1,1,1,-1,1,1,1,-1,-1,1,-1,1,1,-1,1,-1,1,1,1,1,1,-1,-1,1,-1,-1,1,-1,1,-1,1,1,-1,1,1,1,-1,1,1,1,1,1,1,-1,1,-1,1,1,1,1,-1,1,-1,1,1,1,-1,1,1,-1,-1,1,1,-1,-1,1,-1,1,1,1,1,1,1,-1,1,1,1,1,1,1,-1,1,1,1,1,1,1,-1,-1,1,1,-1,1,1,-1,1,-1,1,1,1,1,1,-1,1,1,1,1,1,1,-1,1,1,1,-1,1,1,-1,-1,-1,-1,1,1,1,-1,1,1,-1,1,1,-1,-1,1,1,1,1,1,-1,1,1,1,-1,1,1,1,1,-1,1,1,1,-1,1,-1,1,1,1,1,1,1,-1,-1,-1,1,-1,-1,1,1,-1,1,1,1,1,1,1,1,-1,1,-1,-1,1,-1,1,-1,1,1,-1,1,1,1,-1,-1,1,-1,1,1,1,-1,1,1,1,-1,1,1,-1,-1,1,-1,1,1,1,-1,1,1,1,1,1,1,-1,1,-1,-1,1,1,-1,-1,1,-1,1,1,1,-1,-1,1,-1,1,1,1,-1,-1,1,1,-1,1,1,-1,-1,1,-1,1,1,1,1,-1,1,-1,-1,1,1,1,-1,-1,-1,1,1,1,-1,-1,1,-1,-1,1,-1,1,-1,-1,1,-1,1,-1,1,1,-1,1,-1,-1,1,1,1,-1,1,-1,1,-1,-1,-1,1,-1,-1,-1,1,-1,-1,1,1,1,-1,1,-1,1,1,1,-1,1,1,-1,-1,-1,1,-1,-1,1,-1,-1,1,1,1,-1,1,-1,-1,1,1,-1,-1,1,-1,-1,1,1,-1,-1,1,-1,-1,-1,1,1,-1,1,1,-1,-1,1,-1,-1,1,-1,1,-1,1,1,-1,-1,1,-1,-1,-1,-1,-1,1,1,1,-1,-1,1,-1,-1,1,-1,-1,1,-1,-1,1,1,-1,-1,1,-1,-1,1,1,-1,1,-1,-1,-1,-1,1,1,-1,-1,-1,-1,-1,1,-1,-1,1,-1,-1,-1,1,1,-1,-1,-1,-1,-1,1,-1,-1,-1,-1,-1,1,1,1,-1,-1,-1,-1,-1,1,1,-1,-1,-1,-1,-1,1,1,1,-1,-1,-1,-1,1,1,-1,-1,-1,-1,1,1,1,1,-1,-1,1,1,1,1,1,-1,-1,-1,1,1,1,-1,1,-1,1,1,1,1,-1,1,-1,-1,1,-1,1,-1,1,-1,-1,1,-1,1,-1,-1,-1,-1,1,-1,1,-1,1,1,-1,1,-1,1,-1,1,1,1,-1,-1,1,-1,-1,-1,-1,1,1,-1,-1,-1,-1,-1,1,-1,1,-1,-1,-1,-1,-1,-1,-1,1,-1,-1,-1,1,-1,-1,1,-1,-1,-1,-1,-1,1,1,-1,-1,-1,-1,-1,1,-1,-1,-1,1,-1,-1,1,-1,1,-1,-1,-1,-1,-1,-1,-1,1,-1,-1,-1,1,1,1,-1,-1,1,-1,-1,-1,-1,-1,1,-1,-1,1,-1,1,-1,-1,-1,-1,1,-1,1,1,-1,1,-1,-1,1,1,-1,-1,-1,-1,-1,-1,1,1,-1,-1,1,-1,1,1,-1,-1,-1,1,-1,1,1,-1,-1,1,-1,-1,1,1,1,-1,1,-1,1,1,1,-1,-1,1,-1,-1,1,1,1,-1,1,-1,-1,1,1,-1,1,1,-1,-1,1,1,-1,1,1,-1,-1,1,1,-1,1,1,-1,-1,1,1,1,1,1,1,-1,-1,1,1,1,1,-1,-1,1,-1,1,1,1,1,-1,-1,1,-1,1,1,1,-1,1,1,1,1,-1,1,-1,1,1,1,1,1,1,-1,-1,1,1,1,1,-1,1,-1,1,1,1,1,1,-1,1,1,1,1,-1,-1,1,-1,1,1,-1,1,-1,-1,-1,1,1,1,-1,1,-1,-1,1,1,1,-1,-1,-1,-1,1,1,1,-1,-1,1,-1,-1,1,1,-1,1,-1,-1,-1,1,1,-1,1,-1,1,-1,-1,1,1,1,1,-1,-1,1,-1,-1,-1,1,1,-1,1,-1,-1,1,-1,-1,1,1,-1,-1,1,-1,-1,-1,-1,1,-1,1,1,-1,1,-1,1,-1,-1,-1,1,-1,-1,-1,-1,1,-1,-1,1,1,-1,1,1,-1,1,1,-1,-1,-1,1,-1,1,1,1,1,-1,1,-1,-1,1,1,-1,-1,1,-1,1,1,1,1,-1,1,-1,1,1,-1,-1,-1,1,-1,-1,1,1,-1,-1,-1,1,-1,1,-1,1,-1,1,-1,-1,1,-2664.0,1,2000,445,1000,False
2082,1,1,-1,-1,1,1,-1,-1,1,1,1,-1,-1,1,1,1,-1,1,-1,-1,-1,-1,1,1,1,-1,-1,-1,1,1,1,1,1,-1,-1,-1,1,-1,1,1,-1,-1,-1,1,1,1,1,-1,1,1,1,1,-1,1,-1,-1,1,-1,1,1,1,-1,-1,-1,1,1,1,1,-1,-1,-1,1,1,1,1,-1,-1,-1,1,1,1,-1,-1,-1,1,1,1,1,-1,-1,1,1,1,1,1,-1,-1,-1,1,-1,1,1,-1,-1,1,1,1,1,1,-1,-1,-1,1,1,1,1,-1,-1,1,1,1,1,1,1,-1,-1,1,1,-1,1,1,-1,1,1,1,1,1,1,-1,1,1,1,1,1,1,-1,1,1,1,1,1,1,-1,-1,-1,1,1,1,1,-1,1,1,1,1,-1,1,-1,1,-1,1,1,1,-1,-1,1,1,1,1,1,-1,1,-1,-1,1,1,1,-1,1,1,1,1,-1,1,1,1,1,-1,1,-1,1,-1,1,1,-1,1,-1,1,1,-1,1,-1,1,-1,1,-1,1,1,-1,-1,-1,1,1,1,1,-1,-1,1,1,-1,-1,1,-1,1,-1,1,1,-1,1,-1,1,-1,1,-1,1,1,-1,-1,-1,1,1,-1,1,-1,1,1,1,-1,1,1,-1,-1,-1,1,-1,1,-1,1,-1,1,1,-1,1,-1,-1,-1,-1,1,-1,1,-1,-1,-1,1,1,-1,-1,1,1,-1,1,1,1,-1,1,1,-1,1,1,1,1,-1,1,-1,1,1,-1,1,-1,1,-1,1,-1,1,1,1,1,-1,-1,1,-1,-1,1,1,1,-1,1,1,1,-1,1,1,1,1,1,1,1,1,-1,1,1,1,-1,1,1,-1,1,1,1,-1,1,1,-1,-1,1,1,1,-1,1,-1,1,1,1,-1,1,1,-1,1,1,1,-1,1,1,-1,1,1,1,-1,1,1,1,-1,1,1,-1,1,1,-1,1,-1,1,-1,1,1,1,-1,1,1,1,-1,1,1,-1,1,1,-1,1,1,1,-1,-1,-1,-1,1,1,1,-1,1,1,-1,1,1,-1,-1,1,1,1,1,1,-1,1,1,1,-1,1,1,1,1,-1,1,1,-1,-1,1,-1,1,1,1,-1,1,1,-1,-1,-1,1,-1,-1,1,1,-1,1,1,-1,1,1,1,1,-1,1,-1,-1,1,-1,1,-1,1,-1,-1,1,1,1,-1,-1,1,-1,1,1,1,-1,1,1,1,-1,1,1,-1,-1,1,-1,1,1,1,-1,1,1,1,1,1,1,-1,1,-1,1,1,1,-1,-1,1,-1,1,1,1,-1,-1,1,1,1,1,1,-1,-1,1,-1,-1,1,1,-1,-1,1,1,1,1,1,1,-1,1,1,-1,1,1,1,-1,-1,1,-1,1,1,-1,-1,1,1,-1,1,-1,1,-1,-1,1,-1,1,-1,1,-1,-1,1,-1,-1,1,1,1,-1,1,-1,1,-1,-1,-1,1,-1,-1,-1,1,-1,-1,1,1,1,-1,1,-1,1,1,1,-1,1,1,-1,1,-1,1,-1,-1,1,-1,-1,1,1,1,-1,1,-1,-1,1,1,-1,-1,1,-1,-1,1,1,-1,-1,1,-1,-1,-1,1,1,-1,1,1,-1,-1,1,-1,-1,1,-1,1,-1,1,1,-1,-1,1,-1,-1,-1,-1,-1,1,1,1,-1,-1,1,-1,-1,1,-1,-1,1,-1,-1,1,1,-1,-1,1,-1,-1,1,1,-1,1,-1,1,-1,-1,1,1,-1,-1,-1,-1,1,1,-1,-1,1,-1,-1,-1,1,1,-1,-1,-1,-1,-1,1,-1,-1,-1,-1,-1,-1,1,1,-1,-1,-1,-1,1,1,1,-1,-1,-1,-1,-1,1,1,1,-1,-1,-1,-1,1,1,-1,-1,-1,-1,1,-1,1,1,-1,-1,1,1,-1,1,1,-1,-1,-1,1,1,1,-1,1,-1,1,1,1,1,-1,1,-1,-1,1,-1,1,-1,1,-1,-1,1,-1,1,-1,-1,-1,-1,1,-1,1,-1,1,1,-1,1,-1,1,-1,1,1,1,-1,-1,1,-1,-1,-1,-1,1,-1,-1,-1,-1,-1,-1,1,-1,1,-1,-1,-1,-1,1,1,-1,1,-1,-1,-1,1,1,-1,1,-1,-1,-1,-1,-1,1,1,-1,-1,-1,-1,-1,1,-1,-1,-1,1,-1,-1,1,-1,1,-1,-1,-1,-1,-1,-1,-1,1,-1,-1,-1,1,1,-1,-1,-1,-1,1,-1,-1,-1,-1,1,-1,-1,1,-1,1,-1,-1,-1,-1,1,-1,1,1,-1,1,-1,-1,1,1,-1,-1,-1,-1,-1,-1,1,1,-1,-1,1,-1,1,1,-1,-1,-1,1,-1,-1,1,-1,-1,1,-1,-1,1,1,1,-1,1,-1,1,1,1,-1,-1,1,-1,-1,1,1,1,-1,1,-1,-1,1,1,-1,1,1,-1,-1,1,1,-1,1,1,-1,-1,1,1,1,1,1,-1,-1,1,1,1,1,1,1,-1,-1,1,1,-1,1,-1,-1,1,-1,1,1,1,1,-1,-1,1,-1,1,1,1,-1,1,1,1,1,-1,1,-1,1,1,1,1,1,1,1,-1,1,1,1,1,-1,1,-1,1,1,1,1,1,-1,1,1,1,1,-1,1,1,-1,1,1,-1,1,1,-1,-1,1,1,1,1,-1,1,-1,1,1,1,-1,-1,1,-1,1,1,1,-1,1,-1,-1,-1,1,1,-1,-1,1,-1,-1,1,1,1,-1,1,-1,-1,1,1,1,-1,1,-1,-1,1,1,-1,-1,-1,1,-1,1,1,-1,1,1,-1,-1,1,-1,-1,1,1,1,-1,1,1,-1,1,1,-1,1,1,-1,-1,-1,-1,1,-1,-1,-1,-1,-1,1,-1,1,1,-1,1,1,-1,1,-1,1,1,-1,1,-1,1,1,1,-1,-1,1,-1,1,-1,1,-1,-1,1,-1,1,-1,1,-1,-1,1,-1,1,1,1,1,-1,1,-1,1,1,1,1,-1,-1,1,-1,1,-1,1,-1,1,-1,1,1,-2664.0,1,2000,445,1000,False
2083,-1,-1,1,1,1,1,-1,1,-1,-1,-1,1,-1,1,-1,-1,1,-1,1,1,-1,1,-1,-1,-1,1,-1,-1,1,-1,-1,-1,1,1,-1,1,1,-1,-1,-1,1,-1,1,-1,-1,-1,-1,-1,1,-1,-1,-1,1,-1,1,-1,-1,1,-1,-1,-1,1,1,1,-1,1,-1,-1,-1,-1,1,-1,-1,-1,-1,-1,-1,1,-1,-1,-1,1,1,-1,-1,-1,-1,1,-1,1,1,-1,-1,1,-1,-1,-1,1,-1,1,1,1,-1,-1,1,-1,-1,1,1,-1,-1,1,-1,-1,1,1,-1,-1,1,-1,-1,1,1,-1,-1,1,-1,-1,1,1,-1,-1,-1,-1,-1,1,1,-1,-1,1,-1,-1,1,1,1,-1,-1,-1,-1,-1,1,-1,-1,1,1,-1,1,1,1,-1,1,1,-1,-1,1,1,-1,1,1,-1,1,1,-1,-1,1,-1,-1,1,1,-1,1,-1,1,-1,1,1,-1,-1,-1,-1,-1,-1,1,-1,1,1,1,-1,1,1,1,-1,1,1,-1,1,1,-1,-1,1,1,-1,1,1,-1,-1,1,1,-1,1,1,1,-1,1,1,1,-1,1,-1,-1,1,1,1,-1,1,1,-1,1,1,-1,-1,1,-1,1,1,1,1,-1,1,-1,1,1,1,-1,1,1,1,1,1,1,-1,-1,-1,1,-1,1,1,1,-1,-1,1,1,-1,1,1,1,1,1,1,1,1,1,1,1,-1,1,1,1,1,1,1,1,1,1,1,-1,-1,1,-1,1,-1,1,1,-1,-1,1,1,-1,1,1,1,-1,1,1,-1,1,1,1,-1,-1,1,-1,1,-1,1,-1,1,1,-1,1,1,1,-1,1,1,-1,1,1,-1,1,1,-1,1,1,1,-1,1,1,1,-1,1,1,-1,1,1,-1,1,1,1,1,1,1,1,-1,1,1,1,1,1,1,-1,1,1,-1,1,1,1,1,1,1,1,-1,1,1,-1,1,1,1,1,1,1,-1,-1,1,-1,1,1,1,1,-1,1,1,-1,1,-1,-1,1,1,-1,1,1,1,-1,1,1,-1,1,-1,1,-1,1,-1,1,-1,1,-1,1,1,-1,1,-1,-1,1,-1,1,1,1,-1,1,-1,1,-1,1,1,1,-1,-1,1,1,1,-1,1,-1,-1,1,1,1,-1,1,1,-1,1,1,1,-1,1,-1,-1,1,-1,1,1,1,-1,-1,-1,-1,-1,1,1,-1,-1,1,-1,1,1,-1,-1,-1,-1,1,1,1,1,-1,-1,1,-1,1,-1,-1,1,-1,-1,1,1,-1,1,-1,-1,1,1,1,-1,-1,1,-1,1,1,1,-1,-1,1,1,-1,1,1,-1,-1,1,-1,1,-1,1,1,-1,-1,1,-1,1,-1,1,-1,-1,1,-1,-1,-1,1,-1,-1,1,-1,1,-1,1,-1,-1,1,-1,-1,1,1,-1,-1,-1,1,-1,1,1,-1,1,-1,1,-1,-1,1,1,1,-1,1,-1,1,-1,1,-1,1,-1,1,1,-1,-1,1,1,1,-1,1,-1,1,-1,1,1,1,-1,-1,-1,-1,-1,1,1,1,-1,-1,-1,1,1,-1,1,-1,-1,-1,1,1,1,1,-1,-1,1,1,1,1,1,-1,-1,-1,-1,1,-1,1,-1,1,-1,-1,1,1,1,-1,-1,1,1,-1,-1,1,1,-1,-1,-1,-1,1,1,1,-1,-1,-1,1,1,1,1,-1,-1,1,-1,1,1,-1,-1,-1,-1,-1,1,1,-1,1,-1,-1,1,1,1,1,-1,-1,-1,-1,1,1,1,-1,-1,-1,1,1,1,1,-1,-1,-1,-1,1,1,1,-1,1,-1,1,1,1,1,-1,1,-1,-1,1,-1,1,-1,1,-1,1,1,1,1,1,-1,1,-1,1,1,1,-1,-1,-1,1,1,1,-1,1,-1,1,-1,1,-1,-1,1,-1,1,-1,1,1,-1,-1,1,-1,1,1,-1,1,-1,1,-1,1,-1,1,-1,1,-1,1,-1,1,-1,1,-1,1,-1,-1,1,-1,1,1,1,-1,1,1,-1,1,-1,1,1,-1,1,-1,-1,1,1,1,1,1,-1,1,1,-1,1,1,1,1,-1,1,-1,1,-1,1,-1,1,1,1,-1,1,1,-1,1,1,1,-1,1,1,1,-1,-1,-1,-1,1,1,-1,-1,1,-1,1,-1,-1,1,-1,1,-1,-1,1,1,-1,-1,1,1,-1,1,1,-1,-1,1,-1,1,1,1,-1,-1,1,1,-1,1,1,-1,-1,1,-1,1,1,1,1,-1,-1,-1,1,1,1,-1,1,-1,1,-1,1,1,-1,-1,-1,-1,-1,1,-1,-1,-1,1,-1,1,1,1,1,-1,1,-1,1,1,1,-1,1,1,-1,1,1,-1,1,1,-1,1,1,1,1,-1,1,-1,1,1,1,1,1,-1,-1,-1,1,1,1,-1,1,-1,-1,1,1,1,1,-1,1,-1,1,-1,1,1,1,-1,-1,1,1,-1,1,1,-1,-1,1,1,-1,1,-1,-1,-1,1,-1,1,1,1,-1,-1,-1,1,-1,1,1,-1,-1,-1,1,-1,1,1,-1,-1,1,1,-1,1,1,-1,-1,1,-1,1,1,1,-1,1,1,1,1,1,-1,-1,1,-1,1,1,1,-1,-1,-1,1,1,1,-1,1,-1,1,1,-1,-1,1,1,-1,-1,1,-1,-1,1,1,-1,-1,1,1,-1,1,1,-1,1,1,-1,1,1,-1,1,-1,1,-1,-1,1,-1,1,-1,1,-1,-1,1,1,-1,1,1,1,1,1,-1,-1,1,-1,1,1,1,-1,1,-1,1,1,1,-1,-1,1,1,1,-1,-1,1,-1,1,-1,1,1,-1,1,-1,-1,1,-1,-1,-1,-1,-1,1,-1,1,1,1,-1,1,1,1,-1,1,1,1,-1,1,1,-1,1,1,1,-1,1,1,1,1,1,-1,1,1,1,-1,1,1,-1,-1,1,1,-1,1,1,1,-1,-1,1,1,1,1,-1,1,1,-1,1,1,1,-1,1,-1,1,-1,1,-2664.0,1,2000,445,1000,True
2084,1,1,-1,-1,1,1,-1,1,1,1,1,-1,1,1,1,1,-1,1,-1,-1,-1,1,1,1,1,-1,1,-1,1,1,1,1,1,-1,-1,1,-1,1,1,-1,1,-1,1,1,1,1,-1,-1,1,-1,1,1,-1,1,-1,-1,1,-1,1,1,-1,-1,-1,1,1,1,1,-1,-1,-1,1,-1,1,1,1,-1,-1,1,-1,1,1,-1,-1,-1,-1,1,1,1,-1,1,1,1,-1,1,1,-1,-1,-1,-1,1,1,1,-1,-1,1,-1,-1,1,1,-1,-1,-1,-1,-1,1,1,-1,-1,1,-1,-1,1,1,1,-1,-1,-1,-1,1,1,1,-1,1,-1,-1,1,1,1,-1,1,-1,-1,-1,1,1,-1,1,-1,-1,-1,1,1,-1,1,1,-1,-1,1,1,-1,1,-1,-1,-1,1,1,-1,1,1,-1,1,1,-1,-1,1,-1,-1,1,1,-1,1,-1,1,-1,1,1,-1,1,1,-1,-1,-1,1,-1,1,1,1,-1,-1,1,1,-1,1,1,-1,-1,1,-1,-1,1,1,-1,1,1,-1,-1,1,1,-1,1,1,1,-1,-1,1,1,-1,1,-1,-1,1,1,-1,-1,1,1,-1,-1,1,-1,-1,1,-1,1,-1,1,1,-1,1,-1,1,-1,1,-1,1,1,1,1,-1,1,-1,-1,-1,1,-1,-1,1,1,1,-1,1,-1,-1,1,1,1,1,1,-1,-1,1,1,1,1,-1,1,-1,1,1,1,1,1,1,-1,1,-1,-1,1,-1,1,-1,1,1,1,1,1,-1,-1,1,1,1,-1,1,1,-1,-1,1,1,1,-1,1,-1,1,-1,1,1,1,-1,-1,1,1,1,1,1,-1,-1,1,1,1,1,1,-1,-1,1,1,1,1,-1,1,-1,1,1,-1,1,-1,1,-1,1,1,-1,1,1,-1,1,1,-1,1,1,1,-1,1,1,1,-1,1,1,-1,1,1,1,-1,1,1,1,1,1,1,1,-1,1,-1,1,1,1,-1,1,1,-1,1,1,1,1,-1,1,-1,1,1,1,-1,-1,-1,-1,1,1,1,-1,1,1,-1,1,1,-1,1,-1,1,-1,1,1,-1,1,1,-1,1,1,1,1,1,-1,1,-1,-1,-1,1,-1,1,-1,-1,1,1,1,-1,-1,-1,1,-1,-1,1,-1,1,-1,-1,1,1,1,1,-1,-1,1,-1,-1,1,-1,1,-1,-1,-1,-1,1,1,1,-1,-1,1,-1,1,1,-1,-1,1,-1,1,-1,1,-1,-1,-1,1,-1,1,-1,-1,-1,-1,-1,1,1,-1,1,-1,-1,1,-1,1,-1,-1,1,-1,1,1,1,-1,-1,-1,-1,-1,1,1,-1,-1,1,-1,1,-1,1,1,-1,-1,1,-1,1,-1,1,-1,-1,1,-1,-1,-1,1,-1,-1,-1,-1,1,-1,1,-1,-1,1,-1,-1,1,1,-1,-1,-1,-1,-1,1,1,-1,-1,-1,1,-1,-1,1,1,1,-1,1,-1,1,-1,1,-1,1,-1,1,1,-1,1,-1,1,1,-1,1,-1,1,-1,1,1,1,-1,-1,-1,-1,-1,1,1,1,-1,-1,-1,1,1,-1,1,-1,-1,-1,1,1,-1,1,-1,-1,-1,1,1,-1,1,-1,-1,-1,-1,1,1,1,-1,1,-1,-1,1,-1,1,-1,-1,1,-1,1,-1,1,1,-1,-1,-1,-1,-1,1,1,-1,-1,-1,1,-1,1,1,-1,-1,-1,1,1,1,-1,-1,-1,-1,-1,1,1,-1,1,-1,-1,1,1,1,1,-1,-1,-1,-1,-1,1,-1,1,-1,-1,1,-1,1,1,-1,1,-1,-1,1,1,1,-1,1,-1,1,-1,1,1,-1,1,-1,-1,-1,1,1,-1,1,-1,1,-1,1,1,1,-1,1,-1,-1,1,1,-1,-1,-1,1,-1,1,1,-1,-1,1,-1,-1,-1,-1,1,-1,1,-1,-1,1,-1,-1,1,-1,1,-1,1,1,-1,1,-1,1,-1,1,-1,1,-1,1,-1,-1,1,1,-1,1,-1,-1,-1,-1,1,-1,1,-1,1,-1,-1,1,-1,1,1,-1,-1,-1,-1,1,1,1,1,-1,-1,1,-1,-1,1,1,-1,-1,-1,-1,1,-1,1,-1,-1,1,1,1,1,1,-1,-1,1,-1,-1,1,1,-1,-1,-1,-1,1,-1,1,-1,-1,-1,-1,-1,1,-1,-1,1,-1,-1,1,-1,1,-1,-1,-1,-1,-1,1,1,1,-1,-1,-1,1,1,1,-1,-1,-1,1,-1,-1,1,-1,-1,-1,-1,1,1,1,-1,-1,-1,-1,1,-1,1,1,-1,1,-1,-1,1,1,1,-1,-1,-1,-1,-1,1,1,-1,-1,1,-1,1,1,-1,-1,-1,1,-1,1,1,1,-1,1,1,-1,1,1,1,-1,1,-1,1,1,1,-1,-1,1,-1,-1,1,1,1,1,-1,1,-1,1,1,1,-1,1,-1,-1,1,1,1,1,-1,1,-1,1,1,1,1,1,-1,-1,1,1,1,1,1,1,-1,1,1,1,1,-1,-1,-1,1,-1,1,1,1,-1,1,1,1,-1,1,1,-1,-1,1,1,1,1,1,-1,1,1,1,1,1,1,-1,1,-1,1,1,1,1,-1,1,-1,1,1,1,-1,-1,1,1,1,1,1,1,1,-1,1,1,1,-1,1,1,1,1,-1,1,1,1,-1,1,1,1,1,1,1,1,1,-1,1,1,1,1,1,-1,1,1,1,1,-1,1,1,1,-1,1,1,-1,1,-1,1,-1,-1,1,1,-1,1,-1,1,1,-1,1,1,-1,-1,1,-1,1,-1,1,1,1,1,1,-1,1,1,1,1,1,1,-1,1,1,-1,1,1,1,-1,1,1,-1,-1,-1,-1,-1,1,1,-1,1,1,1,-1,1,1,-1,-1,1,1,1,1,1,-1,1,1,1,-1,1,1,-1,1,1,1,-1,-1,1,-1,1,1,1,-1,-1,1,-1,1,-1,1,1,-1,1,-1,-1,1,1,1,-1,1,-1,1,1,-1,1,-1,1,1,-1,1,-2664.0,1,2000,445,1000,True
2085,1,1,-1,-1,1,1,-1,1,1,1,1,-1,1,1,1,1,-1,1,-1,-1,1,1,1,1,1,-1,-1,-1,1,1,1,1,1,-1,-1,1,-1,1,1,1,-1,-1,1,1,1,1,1,-1,1,1,1,1,-1,1,-1,-1,-1,-1,1,1,-1,-1,-1,-1,1,1,1,1,-1,-1,1,-1,1,1,1,-1,-1,1,-1,1,1,-1,-1,-1,-1,1,1,1,-1,-1,-1,1,1,1,1,-1,-1,1,-1,1,1,1,-1,-1,1,-1,1,1,1,-1,-1,1,-1,-1,1,1,-1,-1,1,-1,1,1,1,1,-1,1,-1,-1,1,1,1,-1,1,-1,1,1,1,1,-1,-1,-1,-1,1,1,1,-1,1,-1,-1,1,1,1,-1,-1,1,-1,1,1,1,-1,1,1,-1,1,-1,1,-1,1,-1,1,1,1,-1,-1,1,-1,1,1,1,-1,1,-1,1,-1,-1,1,-1,1,1,-1,1,1,1,1,1,1,1,-1,-1,1,-1,1,1,1,-1,-1,1,1,-1,1,1,1,-1,1,-1,1,1,1,-1,-1,1,1,1,1,1,1,-1,1,-1,-1,1,1,1,-1,-1,1,-1,1,1,-1,-1,1,-1,1,1,1,1,-1,1,1,-1,1,1,-1,1,1,-1,1,1,1,-1,-1,1,-1,1,-1,1,1,1,1,-1,1,-1,1,1,1,1,-1,1,-1,1,1,1,1,-1,-1,1,1,1,-1,1,1,-1,1,1,-1,1,1,1,-1,-1,1,1,1,1,-1,1,-1,1,1,-1,1,1,-1,-1,1,1,1,1,-1,1,-1,1,-1,1,1,1,1,-1,1,1,1,1,1,-1,-1,1,1,1,1,1,1,-1,1,1,1,1,1,-1,1,1,1,1,-1,1,-1,-1,1,1,1,1,1,1,1,-1,1,1,1,1,1,1,1,1,1,1,1,1,1,1,1,1,1,1,1,1,1,1,-1,-1,1,-1,1,-1,1,-1,1,1,1,1,-1,1,1,-1,1,-1,1,1,1,1,-1,-1,-1,1,1,1,1,-1,1,-1,1,1,1,-1,1,1,1,1,1,1,-1,1,1,-1,1,1,1,-1,-1,1,-1,-1,-1,1,-1,1,-1,-1,1,1,1,1,-1,-1,1,-1,1,1,1,-1,1,-1,1,1,1,1,1,-1,-1,-1,-1,1,-1,1,-1,-1,-1,-1,-1,1,1,-1,-1,1,-1,1,1,-1,-1,-1,-1,1,1,-1,1,-1,-1,1,-1,1,1,1,-1,-1,-1,1,1,1,1,-1,-1,1,1,-1,1,-1,1,-1,1,1,-1,1,-1,1,1,-1,1,-1,1,-1,1,-1,1,-1,1,1,-1,-1,1,-1,1,-1,1,1,-1,1,-1,-1,-1,1,1,-1,1,-1,1,-1,1,-1,-1,1,-1,-1,1,1,1,-1,-1,1,-1,1,1,1,1,-1,1,-1,-1,1,1,1,-1,1,-1,1,-1,-1,-1,1,-1,1,1,-1,-1,1,1,1,1,-1,-1,1,-1,1,1,1,-1,-1,-1,1,-1,1,1,1,-1,-1,-1,1,1,-1,1,-1,-1,-1,1,1,-1,1,-1,-1,1,1,1,-1,1,-1,-1,-1,-1,1,1,1,-1,1,-1,-1,1,-1,1,-1,-1,1,1,-1,-1,1,1,-1,-1,-1,-1,-1,1,1,-1,-1,-1,1,-1,1,-1,-1,-1,1,-1,1,1,-1,-1,-1,-1,-1,1,1,-1,1,-1,-1,1,-1,1,1,-1,-1,-1,-1,-1,1,1,-1,-1,-1,1,-1,1,1,-1,-1,-1,-1,1,-1,1,-1,1,-1,1,-1,-1,1,-1,-1,-1,-1,-1,-1,1,-1,-1,-1,1,-1,-1,-1,1,-1,1,1,-1,-1,-1,-1,-1,-1,1,-1,-1,1,1,-1,1,-1,-1,-1,1,-1,-1,-1,-1,1,-1,1,-1,-1,1,1,-1,1,1,-1,-1,1,1,-1,-1,1,-1,1,-1,-1,-1,-1,1,-1,1,-1,-1,-1,-1,1,-1,-1,1,-1,-1,-1,1,-1,1,-1,1,-1,-1,1,-1,-1,1,-1,-1,-1,1,1,1,-1,-1,-1,-1,1,-1,-1,1,-1,-1,-1,-1,-1,-1,1,-1,-1,-1,1,-1,-1,1,-1,-1,-1,-1,-1,1,1,-1,-1,-1,-1,-1,1,-1,-1,-1,1,-1,-1,1,-1,1,-1,-1,-1,-1,-1,-1,-1,1,-1,-1,-1,1,1,1,-1,-1,1,-1,1,-1,-1,-1,1,-1,-1,1,-1,1,-1,-1,-1,-1,1,-1,1,1,-1,1,-1,-1,1,1,-1,-1,-1,-1,-1,-1,1,1,-1,-1,1,-1,1,1,-1,-1,-1,1,-1,-1,1,-1,-1,1,-1,-1,1,1,1,-1,1,-1,1,1,1,-1,-1,1,-1,-1,1,1,1,-1,1,-1,-1,1,1,-1,1,1,-1,-1,1,1,1,1,1,-1,-1,1,-1,1,1,1,-1,-1,1,1,1,1,1,1,-1,1,1,1,-1,1,-1,-1,1,-1,1,1,1,1,-1,-1,1,-1,1,1,1,-1,1,1,1,1,-1,1,-1,1,1,1,1,1,1,-1,1,-1,1,1,1,-1,1,1,1,1,1,1,-1,1,-1,1,1,1,-1,-1,1,1,1,1,-1,1,-1,1,1,-1,1,1,-1,1,-1,1,-1,1,1,-1,-1,-1,1,1,1,1,-1,-1,-1,1,-1,1,1,-1,1,-1,1,-1,1,1,-1,1,-1,1,-1,1,1,1,1,1,-1,1,1,1,-1,-1,1,-1,1,1,1,-1,1,-1,1,1,1,-1,-1,1,-1,1,-1,1,1,-1,1,-1,1,1,1,-1,-1,1,-1,-1,-1,-1,-1,-1,1,-1,1,1,1,-1,1,1,-1,-1,1,1,1,-1,1,-1,1,1,1,1,-1,1,-1,1,1,1,1,-1,1,-1,1,1,1,1,-1,1,-1,1,-1,-1,-1,-1,1,-1,-1,1,1,-1,-1,-1,1,1,1,-1,1,-1,1,-1,-1,1,-2664.0,1,2000,445,1000,True
2086,-1,-1,1,1,1,-1,-1,1,-1,-1,1,-1,1,1,-1,-1,1,-1,1,-1,-1,-1,-1,-1,-1,1,-1,-1,-1,-1,-1,-1,1,-1,-1,-1,1,-1,-1,1,-1,-1,-1,-1,-1,-1,-1,-1,1,1,-1,-1,1,1,-1,-1,-1,1,-1,-1,1,-1,-1,1,-1,-1,-1,-1,-1,-1,-1,1,-1,-1,1,-1,-1,-1,1,-1,-1,-1,-1,-1,1,-1,-1,1,-1,-1,-1,-1,1,-1,1,-1,-1,1,1,1,-1,1,-1,-1,1,1,1,-1,1,-1,-1,-1,1,1,-1,1,-1,-1,1,1,1,-1,1,1,-1,-1,1,1,-1,1,1,-1,1,1,1,-1,1,1,-1,1,1,1,-1,1,1,-1,1,1,1,1,1,1,-1,-1,-1,1,1,1,1,-1,1,1,1,-1,1,1,-1,1,-1,1,1,1,-1,-1,1,1,1,-1,1,-1,1,-1,-1,1,1,1,-1,1,1,1,1,-1,1,1,1,1,-1,1,-1,1,-1,1,1,-1,1,-1,1,1,-1,1,-1,1,-1,1,-1,1,1,-1,1,-1,1,1,1,1,-1,-1,1,1,-1,-1,1,-1,1,1,-1,1,-1,1,-1,1,-1,1,-1,1,1,-1,-1,1,1,1,-1,1,-1,1,1,1,-1,1,-1,-1,1,-1,1,-1,1,1,-1,-1,1,1,-1,1,-1,-1,1,1,1,-1,1,-1,-1,-1,-1,1,-1,-1,1,-1,-1,-1,1,1,-1,1,1,-1,1,1,1,-1,-1,1,-1,1,1,-1,1,-1,1,-1,-1,1,1,-1,-1,1,-1,-1,1,-1,1,-1,1,1,-1,1,1,1,-1,1,-1,-1,1,1,-1,-1,1,-1,1,1,1,1,-1,1,-1,-1,1,1,-1,1,1,-1,1,-1,1,-1,1,1,-1,1,1,1,1,1,1,-1,1,1,1,1,1,-1,-1,1,1,1,1,1,-1,-1,1,1,1,1,1,-1,-1,-1,-1,1,1,1,1,-1,1,1,1,1,1,1,-1,-1,-1,1,1,-1,-1,-1,1,-1,-1,-1,1,1,-1,1,-1,1,-1,1,-1,1,-1,1,1,1,1,-1,1,-1,1,1,-1,1,-1,-1,-1,-1,1,1,1,1,-1,-1,1,-1,1,1,-1,-1,1,-1,-1,1,-1,1,-1,1,-1,1,1,1,-1,-1,1,1,-1,1,-1,1,-1,-1,1,-1,1,-1,-1,-1,-1,1,-1,-1,1,1,-1,-1,1,-1,1,1,-1,1,-1,1,-1,1,-1,1,-1,1,1,-1,1,-1,-1,-1,1,1,-1,1,-1,1,-1,1,-1,1,1,-1,1,-1,1,-1,-1,1,-1,-1,-1,1,-1,1,-1,1,1,-1,1,-1,-1,1,-1,-1,1,-1,1,-1,-1,-1,1,-1,1,1,-1,-1,-1,1,-1,1,-1,-1,1,-1,1,1,-1,1,-1,-1,1,1,-1,-1,1,-1,-1,1,1,1,1,1,1,-1,1,1,1,-1,-1,1,1,-1,-1,-1,1,-1,-1,1,-1,1,-1,1,-1,1,-1,-1,-1,1,1,-1,1,1,-1,1,-1,1,-1,1,1,-1,1,-1,1,-1,-1,-1,-1,1,-1,1,-1,-1,-1,-1,1,-1,1,1,1,1,1,1,-1,1,-1,1,1,-1,1,-1,1,-1,-1,1,-1,1,-1,-1,1,1,1,1,1,-1,1,1,1,1,-1,1,-1,-1,1,1,1,-1,-1,-1,1,1,1,1,-1,-1,-1,1,-1,1,-1,1,1,-1,-1,1,1,1,-1,-1,-1,-1,1,1,1,1,1,-1,-1,1,1,1,1,-1,-1,-1,1,-1,1,-1,1,-1,-1,1,1,1,1,1,-1,-1,1,-1,1,-1,1,-1,-1,1,1,-1,1,1,-1,-1,1,1,1,1,1,-1,1,-1,1,-1,1,1,1,1,-1,1,1,-1,1,-1,1,1,-1,1,1,1,1,-1,1,-1,1,1,1,-1,1,-1,1,-1,1,1,1,-1,1,-1,1,-1,1,1,-1,1,-1,1,-1,1,1,1,1,-1,-1,1,1,1,-1,-1,-1,-1,-1,1,1,1,1,1,-1,-1,1,1,1,-1,1,-1,-1,1,1,-1,-1,-1,1,-1,1,-1,1,-1,-1,1,-1,1,1,-1,-1,1,1,-1,1,-1,-1,-1,1,-1,-1,1,-1,-1,-1,1,-1,1,1,-1,-1,-1,-1,-1,-1,1,-1,-1,-1,1,1,1,1,-1,1,-1,1,-1,-1,1,-1,-1,-1,1,-1,1,1,-1,-1,-1,1,-1,1,1,-1,1,-1,-1,1,1,1,-1,-1,-1,-1,-1,1,-1,-1,-1,1,-1,1,1,-1,-1,-1,1,-1,-1,1,1,-1,1,-1,-1,1,1,1,-1,1,-1,1,1,1,-1,-1,1,-1,-1,1,1,1,-1,1,-1,-1,1,1,1,1,1,-1,-1,1,1,-1,1,1,-1,-1,1,1,1,1,1,-1,-1,1,1,1,1,1,1,-1,1,1,-1,1,1,-1,-1,1,-1,1,1,1,1,-1,-1,1,-1,1,1,1,-1,1,1,1,1,-1,1,-1,1,1,1,1,1,1,-1,-1,1,1,1,1,-1,1,-1,1,1,1,1,-1,1,-1,1,1,1,-1,-1,1,-1,1,1,-1,1,-1,-1,-1,1,1,1,-1,1,-1,-1,1,1,1,-1,-1,-1,-1,1,1,1,-1,-1,1,-1,-1,1,1,-1,1,-1,-1,1,1,1,-1,1,1,-1,1,1,1,1,1,1,-1,-1,1,1,-1,-1,1,1,1,-1,1,-1,1,-1,-1,1,1,-1,-1,1,-1,-1,-1,1,1,-1,1,-1,1,1,1,-1,-1,-1,-1,-1,-1,-1,-1,-1,1,-1,1,1,1,-1,1,1,-1,1,1,1,1,-1,1,-1,1,1,1,-1,-1,1,-1,1,1,1,-1,1,1,-1,1,1,1,-1,-1,1,-1,1,1,1,1,-1,1,-1,-1,1,1,-1,-1,1,1,-1,1,-1,1,-1,1,-1,-1,1,-2664.0,1,2000,445,1500,True
2087,1,1,-1,-1,1,1,-1,1,1,1,1,-1,1,1,1,1,-1,1,-1,1,1,1,1,1,1,-1,-1,-1,1,1,1,1,1,1,-1,1,-1,1,1,-1,1,-1,1,1,1,1,1,-1,1,-1,1,1,-1,1,1,-1,1,-1,1,1,1,-1,1,-1,1,1,1,1,-1,-1,1,-1,1,1,1,-1,1,1,-1,1,1,-1,-1,1,-1,1,1,1,-1,1,-1,1,-1,1,1,-1,-1,1,-1,1,1,1,-1,-1,1,-1,-1,1,1,-1,-1,1,-1,-1,1,1,-1,-1,1,-1,-1,1,1,1,-1,1,-1,-1,1,1,1,-1,1,-1,-1,1,1,1,-1,1,-1,-1,-1,1,1,-1,-1,-1,-1,-1,1,1,-1,1,1,-1,-1,1,1,-1,1,-1,-1,-1,1,1,-1,1,1,-1,1,1,-1,-1,1,-1,-1,1,1,-1,1,-1,1,-1,1,1,-1,1,1,-1,-1,-1,1,1,1,1,1,-1,-1,1,-1,1,1,1,-1,-1,1,1,-1,1,1,-1,1,1,-1,1,1,1,-1,1,1,1,1,1,1,1,-1,1,-1,-1,1,1,-1,-1,1,1,-1,1,1,-1,-1,1,-1,1,1,1,1,-1,1,1,-1,1,1,-1,1,1,-1,1,-1,1,-1,-1,1,-1,1,1,1,1,1,1,-1,1,-1,1,1,1,1,-1,1,-1,1,1,1,1,-1,-1,1,1,1,1,1,1,-1,1,1,-1,-1,1,1,-1,-1,1,1,1,1,-1,1,-1,1,1,1,-1,1,-1,-1,1,1,1,1,-1,1,-1,1,-1,1,1,1,1,-1,1,1,1,1,1,-1,-1,1,1,1,1,1,1,-1,1,1,1,1,1,-1,1,1,1,-1,1,1,-1,-1,1,1,1,1,1,1,1,1,-1,1,1,1,1,1,1,1,1,1,1,1,1,1,1,-1,1,1,1,1,1,1,1,-1,1,-1,1,1,1,-1,1,1,1,1,1,1,1,-1,1,1,1,1,1,-1,-1,-1,-1,1,1,1,-1,1,1,-1,1,1,-1,-1,1,1,1,1,1,-1,1,1,1,-1,1,1,1,-1,-1,1,1,1,-1,1,-1,1,-1,1,1,1,1,-1,1,-1,1,-1,-1,1,1,-1,1,-1,1,1,1,1,1,-1,1,-1,-1,1,-1,1,-1,1,-1,1,1,1,1,-1,-1,1,-1,1,1,1,-1,1,1,1,-1,1,1,-1,1,-1,-1,1,1,1,1,-1,-1,1,1,1,1,-1,1,-1,-1,1,1,-1,1,1,1,-1,1,1,-1,-1,1,-1,1,1,1,-1,1,-1,-1,-1,1,1,-1,-1,1,-1,1,1,1,1,-1,-1,-1,-1,-1,1,1,-1,-1,-1,1,-1,1,-1,-1,1,-1,-1,1,-1,1,-1,-1,1,-1,1,-1,1,1,-1,1,-1,-1,1,1,1,-1,1,-1,1,-1,-1,-1,1,-1,1,1,-1,-1,-1,1,1,-1,1,-1,1,-1,1,1,1,-1,-1,-1,-1,-1,1,-1,1,-1,-1,-1,1,1,-1,1,-1,-1,-1,1,1,-1,1,-1,-1,-1,1,1,-1,1,-1,-1,-1,-1,1,1,1,-1,1,-1,-1,1,-1,1,-1,-1,1,-1,1,-1,1,1,-1,-1,-1,-1,-1,1,1,-1,1,-1,1,-1,1,1,-1,-1,1,-1,1,1,-1,-1,-1,-1,-1,1,1,-1,1,-1,1,1,1,1,1,-1,-1,-1,-1,-1,1,-1,1,-1,-1,1,-1,1,1,-1,1,-1,-1,1,1,1,-1,1,-1,1,-1,1,1,-1,-1,-1,1,-1,1,1,-1,1,-1,-1,-1,1,1,-1,-1,1,-1,-1,1,1,-1,-1,-1,-1,-1,1,1,-1,-1,1,-1,-1,-1,-1,1,-1,1,-1,-1,1,-1,-1,1,-1,1,-1,1,1,-1,1,-1,1,-1,1,-1,-1,1,-1,1,-1,1,1,-1,1,-1,-1,-1,-1,1,-1,1,-1,1,-1,-1,1,-1,1,-1,1,-1,-1,-1,1,1,-1,-1,-1,-1,1,-1,-1,-1,-1,-1,-1,-1,-1,1,-1,-1,-1,-1,1,1,-1,1,-1,-1,-1,1,-1,-1,1,-1,-1,-1,-1,-1,1,1,-1,-1,-1,-1,-1,1,-1,-1,-1,1,-1,-1,1,-1,1,-1,-1,-1,-1,-1,-1,-1,1,-1,-1,-1,-1,1,1,-1,-1,-1,1,-1,-1,-1,-1,1,-1,-1,1,-1,1,-1,-1,-1,-1,1,1,1,1,-1,1,-1,-1,-1,1,-1,-1,-1,-1,-1,-1,1,1,-1,-1,1,-1,1,1,-1,-1,-1,1,-1,-1,1,-1,-1,1,-1,-1,1,1,1,-1,1,-1,1,1,1,-1,-1,1,-1,-1,1,1,1,-1,1,-1,-1,1,1,-1,1,1,-1,-1,1,1,1,1,1,-1,-1,1,1,-1,1,1,-1,-1,1,1,1,1,1,1,-1,1,1,1,1,1,-1,-1,1,-1,1,1,1,1,-1,-1,1,-1,1,1,1,-1,1,1,1,1,-1,1,-1,1,1,1,1,1,1,-1,-1,1,1,1,1,-1,1,-1,1,1,1,1,-1,1,-1,1,1,1,-1,-1,1,-1,1,1,-1,1,-1,-1,-1,1,-1,1,-1,1,-1,-1,1,-1,1,-1,-1,-1,-1,1,-1,1,-1,1,-1,-1,-1,1,1,-1,1,-1,-1,-1,-1,1,-1,1,-1,-1,1,-1,1,1,1,1,-1,-1,1,1,-1,-1,1,1,1,1,-1,-1,1,-1,-1,1,1,-1,-1,1,-1,-1,-1,-1,1,-1,1,1,1,1,-1,1,-1,1,-1,-1,-1,-1,-1,-1,1,-1,1,1,1,-1,1,1,-1,1,1,-1,-1,-1,1,-1,1,1,1,1,-1,1,-1,1,1,1,-1,1,1,-1,1,1,1,-1,-1,1,-1,1,1,-1,-1,-1,1,-1,-1,1,1,-1,-1,1,1,-1,1,-1,1,-1,1,-1,-1,1,-2664.0,1,2000,445,1000,True
2088,1,1,-1,-1,1,1,-1,-1,1,1,1,-1,1,1,1,1,-1,1,-1,-1,-1,-1,1,1,1,1,-1,-1,1,1,1,1,-1,-1,-1,-1,1,1,1,1,-1,-1,-1,1,1,1,1,-1,1,1,1,1,-1,1,-1,-1,1,-1,1,1,1,-1,-1,-1,1,1,1,1,-1,-1,-1,1,1,1,1,-1,-1,-1,1,1,1,-1,-1,-1,1,1,1,1,-1,1,1,1,1,1,1,-1,-1,1,1,-1,1,1,-1,-1,1,1,1,1,1,-1,-1,1,1,1,1,1,-1,-1,1,1,1,1,1,1,-1,1,1,1,-1,1,1,-1,-1,1,1,1,1,1,-1,1,1,1,1,1,1,-1,-1,1,1,1,1,1,-1,1,-1,1,1,1,1,-1,1,1,1,1,-1,1,-1,1,-1,1,1,1,-1,-1,1,1,1,1,1,-1,1,-1,-1,1,-1,1,-1,1,1,1,1,1,1,1,1,1,1,1,-1,1,-1,1,1,-1,1,-1,1,1,-1,1,-1,1,-1,1,-1,1,1,-1,-1,-1,1,1,1,1,-1,-1,1,1,-1,-1,1,-1,1,-1,-1,1,-1,1,-1,1,-1,1,-1,1,1,-1,-1,-1,1,1,-1,1,-1,1,1,1,-1,1,1,-1,-1,-1,1,-1,1,-1,1,-1,1,1,-1,1,-1,-1,-1,1,1,-1,1,-1,-1,-1,1,1,-1,-1,1,1,-1,-1,1,1,-1,1,1,-1,1,1,1,1,-1,1,-1,1,1,-1,1,-1,1,1,-1,1,1,1,1,1,-1,-1,1,-1,-1,1,1,1,-1,1,1,1,-1,1,-1,-1,1,1,1,1,1,-1,1,1,1,-1,1,1,-1,1,1,1,-1,1,1,-1,-1,1,1,1,-1,1,-1,1,1,1,-1,1,1,-1,1,1,1,-1,1,-1,-1,1,1,1,-1,1,-1,-1,-1,1,1,-1,1,-1,-1,1,-1,1,-1,1,1,-1,-1,1,1,1,1,1,-1,-1,1,1,-1,1,-1,-1,-1,-1,-1,-1,1,-1,-1,-1,1,1,-1,1,-1,-1,-1,1,1,1,1,-1,-1,1,1,1,-1,1,-1,-1,-1,-1,1,1,1,1,-1,-1,1,1,1,1,-1,-1,-1,-1,-1,1,-1,1,-1,1,-1,1,1,1,-1,-1,1,1,-1,1,-1,1,-1,-1,1,-1,1,1,-1,-1,-1,1,-1,-1,1,1,-1,-1,1,-1,1,1,-1,1,-1,1,-1,-1,1,1,-1,1,1,-1,1,1,-1,-1,1,1,-1,1,-1,1,-1,1,-1,-1,1,-1,1,-1,1,-1,-1,1,-1,-1,-1,1,-1,-1,1,-1,1,-1,1,-1,-1,1,-1,-1,1,-1,1,-1,1,-1,1,-1,1,1,-1,-1,-1,1,-1,1,-1,-1,1,-1,1,1,1,1,-1,-1,1,1,-1,1,1,-1,-1,1,1,1,1,1,1,-1,1,1,1,-1,-1,1,1,-1,-1,-1,1,-1,1,1,1,1,-1,1,-1,1,-1,-1,-1,1,1,-1,1,1,-1,-1,-1,1,-1,1,1,-1,1,-1,1,-1,-1,-1,-1,-1,-1,1,-1,-1,-1,-1,-1,-1,1,-1,1,1,1,1,-1,1,-1,1,1,-1,-1,-1,1,-1,-1,1,-1,1,-1,-1,1,1,1,1,-1,-1,1,1,1,1,-1,1,-1,-1,1,1,1,-1,-1,-1,1,1,1,1,-1,-1,-1,1,-1,1,-1,1,-1,-1,-1,1,1,1,-1,-1,-1,1,1,1,1,1,-1,-1,-1,1,1,1,1,-1,-1,-1,1,1,1,-1,-1,-1,-1,1,1,1,1,-1,-1,1,1,1,1,1,-1,-1,-1,1,1,-1,1,-1,-1,-1,1,1,1,1,-1,-1,1,1,1,1,1,-1,1,1,-1,1,1,-1,-1,-1,1,1,1,1,1,-1,1,1,1,1,1,1,-1,-1,1,-1,1,-1,-1,-1,-1,1,-1,1,1,-1,-1,-1,1,-1,1,1,-1,-1,-1,1,1,1,-1,1,-1,-1,1,-1,1,-1,-1,-1,-1,1,1,-1,-1,-1,-1,-1,1,-1,1,-1,-1,-1,-1,-1,-1,-1,1,-1,-1,-1,1,-1,-1,1,-1,-1,-1,-1,-1,-1,1,-1,-1,-1,-1,-1,1,-1,-1,-1,1,-1,-1,1,-1,1,-1,-1,-1,-1,-1,-1,-1,1,-1,-1,-1,1,1,-1,-1,-1,1,1,-1,-1,-1,-1,1,-1,-1,1,1,1,-1,-1,-1,-1,1,-1,1,1,-1,1,-1,-1,1,1,-1,-1,-1,-1,-1,-1,1,1,-1,-1,1,-1,1,1,-1,-1,-1,1,-1,1,1,-1,-1,1,-1,-1,1,1,1,-1,1,-1,1,1,1,-1,-1,1,-1,-1,1,1,1,-1,1,-1,-1,1,1,-1,1,1,-1,-1,1,1,-1,1,1,-1,-1,1,1,-1,1,1,-1,-1,1,1,1,1,1,1,-1,-1,1,1,-1,1,-1,-1,1,-1,1,1,1,1,-1,-1,1,-1,1,1,1,-1,1,1,1,1,-1,1,-1,1,1,1,1,1,1,1,-1,1,1,1,1,-1,1,-1,1,1,1,1,1,-1,1,1,1,1,-1,1,1,-1,1,1,-1,1,1,-1,-1,1,1,1,1,-1,1,-1,1,1,1,-1,-1,1,-1,1,1,1,-1,1,-1,-1,-1,1,1,-1,-1,1,-1,-1,1,1,-1,-1,1,-1,-1,1,1,1,-1,1,-1,-1,1,1,-1,-1,-1,1,-1,1,1,-1,1,1,-1,1,1,-1,-1,1,-1,-1,-1,-1,1,-1,1,1,-1,1,-1,1,-1,-1,-1,1,-1,-1,-1,-1,1,-1,-1,1,1,-1,1,1,-1,1,1,1,1,-1,1,-1,1,1,1,1,-1,1,-1,-1,1,1,-1,-1,1,-1,1,1,1,-1,-1,1,-1,1,1,1,-1,-1,1,-1,-1,1,1,-1,-1,-1,1,-1,1,1,-1,-1,1,-1,-1,1,-2664.0,1,2000,445,1000,False
2089,-1,-1,1,1,1,1,-1,1,-1,-1,-1,1,-1,1,-1,-1,1,-1,1,1,-1,1,-1,-1,-1,1,-1,-1,1,-1,-1,-1,1,1,-1,1,1,-1,-1,-1,1,-1,1,-1,-1,-1,1,1,-1,-1,-1,-1,1,1,1,-1,-1,1,-1,-1,1,1,1,1,-1,1,-1,1,1,-1,1,-1,-1,-1,1,-1,-1,1,-1,-1,-1,1,1,-1,-1,-1,-1,1,1,1,-1,-1,-1,1,-1,1,-1,1,-1,1,1,1,1,-1,1,-1,-1,1,1,1,-1,1,-1,-1,1,1,1,-1,1,-1,-1,1,1,1,-1,1,-1,-1,1,1,-1,-1,1,-1,-1,1,1,1,-1,-1,-1,-1,1,1,1,-1,1,-1,-1,1,1,1,-1,-1,1,-1,1,1,1,-1,1,-1,-1,1,1,1,-1,1,-1,1,1,1,-1,-1,1,-1,1,1,1,-1,1,-1,1,1,1,1,-1,1,1,-1,1,1,1,1,1,1,-1,1,1,1,-1,1,1,-1,-1,1,1,-1,-1,1,-1,1,-1,1,-1,1,1,-1,1,1,1,1,1,1,-1,-1,1,1,-1,-1,1,-1,1,1,-1,1,-1,1,-1,1,1,1,-1,1,1,-1,1,1,1,-1,-1,1,-1,1,1,1,-1,1,1,-1,1,-1,1,-1,1,-1,1,-1,1,1,-1,1,-1,-1,-1,1,1,-1,1,-1,-1,-1,-1,1,1,-1,1,1,-1,-1,1,-1,-1,1,1,-1,1,1,1,-1,-1,1,-1,1,1,-1,1,-1,1,1,-1,1,-1,-1,-1,1,-1,-1,1,-1,1,-1,1,1,-1,1,1,1,-1,1,-1,-1,1,1,-1,-1,1,-1,-1,1,-1,1,-1,1,-1,-1,1,1,-1,1,1,-1,1,-1,1,-1,-1,1,-1,1,1,1,1,1,1,-1,1,1,1,1,1,-1,-1,1,1,1,1,1,-1,-1,1,-1,1,1,1,-1,-1,1,-1,1,-1,1,1,-1,1,-1,1,1,1,1,-1,-1,1,1,1,-1,-1,-1,1,1,-1,-1,1,-1,-1,1,-1,1,-1,1,-1,1,1,-1,1,1,1,-1,-1,1,-1,1,-1,1,-1,-1,1,-1,1,1,1,1,-1,1,1,-1,1,1,-1,-1,1,-1,-1,1,-1,1,-1,-1,1,-1,-1,1,-1,-1,1,1,-1,1,-1,1,-1,-1,1,-1,1,1,-1,-1,-1,1,-1,-1,1,1,-1,-1,1,-1,1,1,-1,1,-1,1,-1,1,1,1,-1,-1,-1,-1,1,1,-1,1,-1,1,-1,1,-1,1,-1,-1,-1,1,1,-1,1,-1,-1,-1,-1,1,-1,-1,-1,-1,-1,-1,1,-1,1,-1,1,-1,-1,1,-1,-1,1,-1,-1,-1,-1,1,1,-1,1,-1,-1,-1,1,1,-1,1,-1,-1,-1,1,1,1,1,-1,-1,-1,1,1,-1,1,-1,-1,-1,1,1,1,-1,1,1,-1,1,1,1,1,1,1,1,-1,1,1,1,-1,1,1,-1,-1,1,1,-1,1,-1,-1,1,-1,1,-1,1,1,-1,1,1,1,-1,1,1,-1,-1,1,1,-1,-1,-1,-1,1,1,1,-1,-1,-1,-1,1,1,1,-1,1,1,1,-1,1,1,-1,1,1,-1,1,1,1,-1,-1,1,-1,-1,1,1,1,1,1,1,1,1,1,1,1,1,-1,1,1,-1,1,1,1,-1,1,1,-1,1,1,1,-1,1,1,1,-1,1,-1,1,1,1,-1,1,1,1,-1,1,1,1,1,1,1,1,1,1,-1,1,1,1,1,1,1,-1,1,-1,1,-1,1,-1,1,1,1,1,1,1,1,-1,1,1,1,1,1,1,-1,1,1,-1,1,1,-1,-1,1,1,1,1,1,1,-1,-1,1,1,-1,1,-1,1,-1,1,1,-1,1,-1,1,1,-1,1,1,1,-1,-1,1,-1,1,-1,-1,-1,1,-1,-1,1,-1,1,-1,-1,1,-1,1,-1,1,-1,-1,1,-1,1,-1,1,-1,-1,1,-1,1,-1,1,-1,-1,-1,-1,1,1,1,-1,1,1,-1,1,1,1,1,-1,-1,1,-1,-1,1,-1,-1,-1,-1,-1,1,1,-1,1,-1,1,-1,1,1,1,-1,-1,-1,-1,1,1,-1,-1,-1,-1,1,-1,-1,1,-1,-1,1,-1,1,1,-1,-1,-1,1,-1,1,1,-1,-1,-1,1,1,1,1,-1,1,-1,1,-1,1,1,-1,-1,-1,1,1,1,1,-1,-1,-1,1,-1,1,1,-1,1,-1,-1,1,1,1,-1,-1,-1,-1,-1,1,-1,-1,-1,1,-1,1,1,-1,-1,-1,-1,-1,1,1,1,-1,1,1,-1,1,1,-1,1,-1,-1,1,1,1,-1,-1,1,-1,-1,1,-1,-1,-1,-1,-1,-1,1,1,-1,1,1,1,-1,1,1,-1,-1,1,1,-1,1,1,-1,-1,1,1,-1,1,1,-1,1,1,-1,-1,1,1,-1,1,1,1,-1,1,-1,-1,-1,1,1,-1,-1,1,-1,1,1,1,-1,1,1,-1,1,-1,1,-1,1,1,-1,1,1,1,-1,-1,1,-1,1,1,-1,1,-1,1,-1,1,1,-1,1,-1,1,1,1,-1,-1,1,-1,1,1,-1,1,-1,-1,-1,1,-1,1,-1,1,-1,-1,1,-1,1,-1,-1,-1,-1,1,-1,1,-1,1,-1,-1,-1,1,1,-1,1,-1,-1,1,-1,1,-1,1,-1,1,-1,-1,1,1,1,1,-1,-1,1,1,-1,-1,1,1,-1,1,1,-1,1,-1,-1,1,1,-1,-1,1,-1,-1,-1,-1,1,-1,1,1,-1,1,1,-1,-1,-1,-1,1,-1,-1,-1,-1,1,-1,-1,1,1,-1,1,1,-1,1,1,1,1,-1,1,-1,1,1,1,1,-1,1,-1,-1,-1,1,1,-1,1,-1,1,1,1,1,-1,1,-1,1,1,1,-1,-1,1,-1,-1,1,1,-1,-1,-1,1,-1,1,-1,1,-1,1,-1,-1,1,-2664.0,1,2000,445,1500,True
2090,-1,-1,1,1,1,1,-1,1,-1,-1,-1,1,-1,1,-1,-1,1,-1,1,1,-1,1,-1,-1,-1,1,-1,-1,-1,-1,-1,-1,1,1,-1,1,1,-1,-1,-1,1,-1,1,-1,-1,-1,1,1,-1,-1,-1,-1,1,1,1,-1,-1,1,-1,-1,1,1,1,1,-1,1,-1,1,1,-1,1,-1,-1,-1,1,-1,-1,1,-1,-1,-1,1,1,-1,-1,-1,-1,1,1,1,-1,-1,-1,1,-1,1,-1,1,-1,1,1,1,1,-1,1,-1,-1,1,1,1,-1,1,-1,-1,1,1,1,-1,1,-1,-1,1,1,1,-1,1,-1,-1,1,1,-1,-1,1,-1,-1,1,1,1,-1,-1,-1,-1,1,1,1,-1,1,-1,-1,-1,1,1,-1,-1,1,-1,1,1,1,-1,1,1,-1,-1,1,1,-1,1,1,-1,1,1,1,-1,1,-1,-1,1,1,-1,1,-1,1,-1,-1,1,-1,1,1,-1,-1,1,1,1,1,1,1,-1,1,1,-1,1,1,1,-1,1,1,1,-1,1,1,-1,1,-1,1,1,1,1,-1,1,1,-1,-1,1,1,1,-1,1,-1,-1,1,1,-1,-1,1,-1,1,1,1,-1,-1,1,-1,1,1,1,1,-1,1,-1,-1,1,1,-1,1,1,-1,1,1,1,-1,-1,1,-1,1,-1,1,1,1,1,-1,1,-1,1,1,1,1,-1,1,-1,1,1,1,1,1,-1,1,1,1,-1,1,-1,-1,1,1,-1,1,1,1,-1,-1,1,1,1,1,-1,1,-1,1,1,1,1,-1,-1,-1,1,1,1,1,-1,1,-1,1,-1,1,1,1,1,-1,1,1,1,1,1,1,-1,1,1,1,1,-1,1,1,1,1,1,1,1,-1,1,1,1,-1,1,1,-1,1,1,1,1,1,1,1,-1,1,-1,1,1,1,1,-1,1,1,1,1,1,1,-1,1,1,-1,-1,1,1,-1,1,1,1,1,1,1,-1,-1,1,-1,1,1,1,1,1,1,1,-1,1,1,-1,1,1,-1,-1,1,1,-1,1,1,-1,1,-1,1,-1,1,-1,-1,-1,1,-1,-1,1,-1,1,-1,1,1,-1,1,1,1,-1,1,-1,-1,-1,1,-1,1,1,-1,1,1,1,-1,1,-1,-1,1,1,1,1,-1,1,-1,1,1,1,1,1,-1,-1,1,-1,1,-1,1,-1,-1,-1,1,1,1,1,-1,-1,1,-1,1,1,1,-1,-1,-1,1,-1,1,1,-1,-1,1,-1,1,1,1,1,-1,-1,1,1,1,1,-1,-1,1,1,1,1,-1,1,-1,1,-1,1,1,-1,1,-1,-1,1,1,1,-1,1,-1,1,-1,1,1,-1,-1,1,-1,1,1,1,1,-1,1,-1,-1,-1,1,1,-1,1,-1,1,-1,1,-1,-1,1,-1,-1,1,-1,1,-1,-1,1,-1,1,-1,1,1,-1,1,-1,-1,1,1,1,-1,1,-1,1,-1,-1,-1,1,-1,1,1,-1,-1,1,1,1,-1,1,-1,1,-1,1,1,1,-1,-1,-1,1,-1,1,1,1,-1,-1,-1,1,1,-1,1,-1,-1,-1,1,1,1,1,-1,-1,-1,1,1,1,1,-1,-1,-1,-1,1,-1,1,-1,1,-1,-1,1,1,1,-1,-1,1,-1,1,-1,1,1,-1,-1,-1,-1,1,1,1,-1,-1,-1,1,1,1,1,-1,-1,-1,-1,1,1,-1,-1,-1,-1,-1,1,1,-1,1,-1,1,1,1,1,1,-1,-1,-1,-1,1,1,-1,1,-1,-1,1,1,1,1,-1,1,-1,-1,1,1,1,-1,1,-1,1,1,1,1,-1,-1,-1,1,1,-1,1,-1,1,-1,-1,1,1,1,1,-1,1,-1,1,1,1,-1,-1,-1,-1,1,1,-1,1,-1,1,-1,1,-1,-1,1,-1,1,-1,1,1,-1,-1,1,-1,1,1,-1,1,-1,1,-1,1,-1,1,-1,-1,1,-1,1,1,-1,1,-1,1,-1,-1,1,-1,1,-1,1,-1,1,1,-1,1,-1,1,-1,1,1,-1,1,-1,1,-1,-1,1,-1,1,1,-1,-1,-1,1,1,-1,-1,1,-1,-1,1,-1,-1,-1,-1,1,-1,1,-1,1,-1,-1,1,-1,1,1,-1,-1,1,1,-1,1,-1,-1,-1,1,-1,-1,-1,1,-1,-1,1,-1,1,1,-1,-1,-1,1,-1,-1,1,-1,-1,-1,-1,1,-1,1,-1,1,-1,1,-1,-1,1,-1,-1,-1,-1,-1,1,1,-1,-1,-1,-1,1,1,1,-1,1,-1,1,-1,1,1,-1,-1,-1,-1,-1,1,-1,-1,-1,1,-1,1,1,-1,-1,-1,-1,-1,1,1,1,-1,-1,1,-1,1,1,-1,1,-1,-1,1,1,1,-1,-1,1,-1,-1,1,1,-1,-1,1,-1,-1,1,1,-1,1,-1,1,-1,1,1,-1,-1,1,1,-1,1,-1,-1,-1,1,1,-1,1,1,-1,1,1,-1,-1,1,1,-1,-1,1,1,-1,1,-1,1,-1,1,1,-1,-1,1,-1,1,-1,1,-1,-1,1,-1,1,-1,1,-1,-1,1,-1,1,1,1,-1,1,-1,-1,1,1,1,-1,1,1,-1,1,1,-1,1,-1,1,1,1,-1,-1,-1,1,1,1,-1,1,-1,1,1,-1,-1,1,-1,1,-1,1,1,-1,1,-1,-1,-1,1,1,-1,1,-1,-1,1,1,-1,1,1,-1,1,-1,1,-1,-1,1,-1,1,-1,1,-1,-1,1,1,1,1,1,1,1,1,-1,-1,1,-1,1,1,1,-1,1,-1,1,1,1,-1,-1,1,1,1,-1,-1,1,-1,1,-1,1,1,1,-1,-1,-1,1,-1,-1,-1,-1,-1,1,-1,1,1,1,-1,1,1,1,-1,1,1,1,-1,1,1,1,1,1,1,-1,1,1,1,1,1,1,-1,-1,1,-1,1,1,1,-1,1,1,1,-1,1,-1,-1,1,1,1,1,1,-1,-1,-1,1,1,1,-1,1,-1,1,-1,1,1,-2664.0,1,2000,445,1000,True
2091,1,1,-1,-1,1,1,-1,1,1,1,1,-1,-1,1,1,1,-1,1,-1,-1,-1,1,1,1,1,-1,-1,-1,1,1,1,1,-1,-1,-1,1,-1,1,1,1,-1,-1,1,1,1,1,1,-1,1,-1,1,1,-1,1,-1,-1,-1,-1,1,1,1,-1,-1,1,1,1,1,1,-1,-1,1,-1,1,1,1,-1,-1,1,-1,1,1,-1,-1,-1,-1,1,1,1,-1,-1,-1,-1,-1,1,1,-1,-1,1,-1,1,1,1,-1,-1,1,-1,-1,1,1,-1,-1,-1,-1,-1,1,1,-1,-1,1,-1,-1,1,1,1,-1,-1,-1,-1,1,1,1,-1,1,-1,-1,1,1,1,-1,1,-1,-1,1,1,1,-1,1,-1,-1,-1,1,1,-1,-1,1,-1,-1,1,1,-1,1,-1,-1,1,1,1,-1,1,1,-1,1,1,-1,-1,1,-1,-1,1,1,-1,1,-1,1,-1,1,1,-1,1,1,-1,-1,-1,1,1,1,1,1,-1,1,1,-1,1,1,1,-1,1,1,1,-1,1,1,-1,1,1,-1,1,1,1,-1,1,1,1,1,1,1,1,-1,1,-1,-1,1,1,-1,-1,1,1,-1,1,1,-1,-1,1,-1,1,1,1,1,-1,1,1,-1,1,1,-1,1,1,-1,1,-1,1,-1,-1,1,-1,1,1,1,1,1,1,-1,1,-1,1,1,1,1,-1,1,-1,1,1,1,1,-1,-1,1,1,1,1,1,1,-1,1,1,-1,-1,1,1,-1,-1,1,1,1,1,-1,1,-1,1,1,1,-1,1,-1,-1,1,1,1,1,-1,1,-1,1,-1,1,1,1,1,-1,1,1,1,1,1,1,-1,1,1,1,1,1,1,1,1,1,1,1,1,-1,1,1,1,-1,1,1,-1,1,1,1,-1,1,1,1,-1,1,-1,1,1,1,1,-1,1,1,-1,1,1,1,-1,1,1,-1,1,1,-1,-1,1,1,1,-1,1,1,-1,-1,1,-1,1,1,1,1,-1,1,1,-1,1,1,-1,1,1,-1,-1,-1,-1,-1,1,1,-1,1,1,-1,-1,1,-1,1,-1,1,1,-1,1,-1,1,1,1,-1,-1,1,1,1,-1,1,1,1,-1,1,-1,1,1,1,-1,1,1,-1,-1,-1,1,1,1,1,-1,1,-1,1,-1,1,1,1,-1,-1,1,1,-1,1,-1,1,-1,1,-1,-1,1,1,1,-1,-1,1,-1,1,1,-1,-1,1,1,1,-1,1,-1,-1,-1,1,-1,1,-1,-1,-1,1,1,1,1,-1,1,-1,1,1,-1,1,-1,-1,-1,1,1,-1,1,-1,-1,-1,1,-1,1,1,-1,-1,-1,1,1,-1,1,1,-1,-1,1,-1,1,-1,1,-1,-1,1,-1,-1,-1,1,-1,-1,-1,-1,1,-1,1,-1,-1,1,-1,-1,1,1,-1,-1,-1,1,-1,1,1,-1,-1,-1,1,-1,-1,1,1,1,-1,1,-1,1,-1,1,1,1,-1,1,1,-1,-1,1,1,1,-1,1,-1,1,-1,1,1,1,-1,-1,-1,1,-1,1,1,1,-1,-1,-1,1,1,-1,1,-1,-1,-1,1,1,1,1,-1,-1,1,1,1,-1,1,-1,-1,-1,-1,1,1,1,-1,1,-1,-1,1,-1,1,-1,-1,1,-1,1,-1,1,1,-1,-1,-1,-1,-1,1,1,-1,-1,-1,1,-1,1,1,-1,-1,-1,-1,1,1,-1,-1,-1,-1,-1,1,1,-1,1,-1,1,1,1,1,1,-1,-1,-1,-1,-1,1,-1,1,-1,-1,1,-1,1,1,-1,1,-1,-1,1,1,1,-1,1,-1,1,-1,1,1,-1,-1,-1,-1,-1,1,1,-1,1,-1,1,-1,1,1,-1,-1,1,-1,-1,1,1,-1,-1,-1,1,-1,1,1,-1,-1,1,-1,-1,-1,-1,1,-1,1,-1,-1,1,-1,-1,1,-1,1,-1,-1,1,-1,1,-1,1,-1,1,-1,1,-1,1,-1,-1,-1,1,-1,1,-1,-1,-1,-1,1,-1,1,-1,1,-1,-1,1,-1,1,1,-1,-1,-1,-1,1,1,1,1,-1,-1,1,-1,-1,1,1,-1,-1,-1,-1,1,-1,1,-1,-1,1,1,-1,1,1,-1,-1,1,-1,-1,1,1,-1,-1,-1,-1,1,-1,1,-1,-1,-1,-1,-1,1,-1,-1,1,-1,-1,1,-1,1,-1,-1,-1,-1,-1,1,1,1,-1,-1,-1,1,1,1,-1,-1,-1,1,-1,-1,1,-1,-1,-1,-1,1,1,1,-1,-1,-1,-1,1,-1,1,1,-1,1,-1,-1,1,1,-1,-1,-1,-1,-1,-1,1,1,-1,-1,1,-1,1,1,-1,-1,-1,1,-1,1,1,-1,-1,1,-1,-1,1,1,1,-1,1,-1,1,1,1,-1,-1,1,-1,-1,1,1,1,-1,1,-1,-1,1,1,-1,1,1,-1,-1,1,1,1,1,1,-1,-1,1,1,-1,1,1,-1,-1,1,1,1,1,1,1,-1,-1,1,1,1,1,-1,-1,1,-1,1,1,1,1,-1,-1,1,-1,1,1,1,-1,1,1,1,1,-1,1,-1,1,1,1,1,1,1,-1,-1,1,1,1,1,-1,1,-1,1,1,1,1,1,-1,1,1,1,1,-1,-1,1,-1,1,1,-1,1,-1,-1,-1,1,1,1,-1,1,-1,-1,1,1,1,-1,-1,-1,-1,1,1,1,-1,-1,1,-1,-1,1,1,-1,1,-1,-1,-1,1,1,-1,1,-1,1,-1,1,1,1,1,1,-1,-1,1,1,-1,-1,1,1,-1,1,1,-1,1,-1,-1,1,1,-1,-1,1,1,-1,-1,1,1,-1,1,1,-1,1,1,-1,-1,-1,1,-1,-1,-1,-1,-1,1,-1,1,1,1,-1,1,1,1,-1,1,1,1,-1,1,1,-1,1,1,-1,-1,1,1,1,1,1,-1,1,-1,1,-1,1,1,-1,-1,1,1,-1,1,1,1,-1,1,1,1,1,1,-1,-1,1,1,-1,1,-1,1,-1,1,-1,1,1,-2664.0,1,2000,445,1000,True
2092,1,1,-1,-1,1,1,-1,1,1,1,1,-1,1,1,1,1,-1,1,-1,-1,-1,1,1,1,1,-1,1,-1,1,1,1,1,-1,-1,-1,1,-1,1,1,1,-1,-1,1,1,1,1,1,-1,1,-1,1,1,1,1,-1,-1,-1,-1,1,1,1,-1,-1,1,1,1,1,1,-1,-1,1,-1,1,1,1,-1,-1,1,-1,1,1,-1,-1,-1,-1,1,1,1,-1,-1,-1,-1,-1,1,1,-1,-1,1,-1,1,1,1,-1,-1,1,-1,-1,1,1,-1,-1,-1,-1,-1,1,1,-1,-1,1,-1,-1,1,1,1,-1,-1,-1,-1,1,1,1,-1,1,-1,-1,1,1,1,-1,1,-1,-1,1,1,1,-1,1,-1,-1,-1,1,1,-1,-1,1,-1,1,1,1,-1,1,-1,-1,-1,1,1,-1,1,1,-1,1,1,-1,-1,1,-1,-1,1,1,-1,1,-1,1,-1,-1,1,-1,1,1,-1,-1,-1,1,1,1,1,1,-1,-1,1,-1,1,1,1,-1,-1,1,1,-1,1,1,-1,1,1,-1,1,1,1,-1,1,1,1,1,1,1,1,-1,1,-1,-1,1,1,-1,-1,1,1,-1,1,1,-1,-1,1,-1,1,1,1,1,-1,1,1,-1,1,1,-1,1,1,-1,1,-1,1,-1,-1,1,-1,1,1,1,1,1,1,-1,1,-1,1,1,1,1,-1,1,-1,1,1,1,1,-1,-1,1,1,1,1,1,1,-1,1,1,-1,1,1,1,-1,-1,1,1,1,1,-1,1,-1,1,1,-1,1,1,-1,-1,1,1,1,1,-1,1,-1,1,-1,1,1,1,1,-1,1,1,1,1,1,-1,-1,1,1,1,1,1,1,-1,1,1,1,1,1,-1,1,1,1,1,-1,1,-1,-1,1,1,1,1,1,1,1,1,1,1,1,1,1,1,-1,1,1,1,1,1,1,-1,1,1,1,1,1,1,-1,1,-1,-1,1,-1,1,1,-1,1,1,1,1,1,1,-1,1,-1,1,1,-1,-1,-1,1,-1,-1,-1,1,1,-1,1,-1,1,-1,1,-1,1,-1,1,1,1,1,-1,1,-1,1,1,-1,1,-1,-1,-1,-1,1,1,1,1,-1,-1,1,-1,1,1,-1,-1,1,-1,-1,1,-1,1,-1,1,-1,1,1,1,-1,-1,1,1,-1,1,-1,1,-1,-1,1,-1,1,-1,-1,-1,-1,1,-1,-1,1,1,-1,-1,1,-1,1,1,-1,1,-1,1,-1,1,-1,1,-1,-1,1,-1,-1,-1,-1,-1,1,1,-1,1,-1,1,-1,1,-1,1,-1,1,1,-1,1,-1,-1,-1,-1,-1,-1,1,-1,1,-1,-1,1,-1,1,-1,-1,1,-1,-1,1,-1,1,-1,-1,-1,1,-1,1,1,-1,-1,1,1,-1,1,-1,-1,1,-1,1,1,1,1,-1,-1,-1,1,-1,1,1,-1,-1,-1,1,1,1,1,1,-1,1,1,1,-1,-1,-1,1,-1,1,1,-1,1,-1,1,-1,-1,1,-1,-1,1,-1,-1,1,-1,-1,-1,1,1,-1,1,1,-1,-1,1,1,-1,-1,1,-1,-1,-1,-1,-1,1,1,-1,-1,-1,-1,-1,1,1,-1,-1,1,1,1,1,1,-1,-1,1,1,-1,-1,1,-1,1,-1,1,-1,-1,1,1,-1,1,1,1,-1,1,1,-1,-1,1,-1,-1,1,1,-1,-1,1,-1,1,1,-1,-1,1,1,-1,1,1,-1,1,1,-1,1,1,1,1,-1,1,1,-1,-1,1,-1,1,1,1,1,-1,1,1,-1,-1,1,1,1,1,1,-1,1,1,-1,-1,1,1,-1,-1,1,1,-1,1,1,-1,-1,1,1,-1,1,1,1,-1,-1,1,-1,1,1,-1,-1,1,1,-1,1,1,1,-1,1,-1,-1,-1,-1,1,-1,1,-1,-1,1,-1,-1,-1,1,1,-1,1,1,-1,-1,1,1,-1,1,-1,-1,1,-1,-1,-1,1,1,-1,-1,1,-1,-1,-1,1,-1,-1,1,-1,-1,-1,1,-1,1,-1,1,-1,-1,1,-1,-1,1,-1,-1,-1,1,-1,1,-1,-1,-1,-1,-1,-1,1,-1,-1,-1,-1,1,-1,-1,1,-1,-1,-1,1,-1,-1,1,-1,-1,-1,-1,-1,1,1,-1,-1,-1,-1,-1,1,-1,-1,-1,1,-1,-1,1,-1,1,-1,-1,-1,-1,-1,-1,-1,1,-1,-1,-1,1,1,-1,-1,-1,1,-1,1,-1,-1,1,-1,-1,-1,1,-1,1,-1,-1,-1,-1,1,-1,1,-1,-1,1,-1,-1,1,1,-1,-1,-1,-1,-1,-1,1,1,-1,-1,1,-1,1,1,-1,-1,-1,1,-1,1,1,-1,-1,1,-1,-1,1,1,1,-1,1,-1,1,1,1,-1,-1,1,-1,-1,1,1,1,-1,1,-1,-1,1,1,-1,1,1,-1,-1,1,1,1,1,1,-1,-1,1,1,-1,1,1,-1,-1,1,1,1,1,1,1,-1,1,1,1,-1,1,-1,-1,1,-1,1,1,1,1,-1,-1,1,-1,1,1,1,-1,1,1,1,1,-1,1,-1,1,1,1,1,1,1,-1,-1,1,1,1,1,-1,1,-1,1,1,1,1,-1,1,-1,1,1,1,-1,-1,1,-1,1,1,-1,1,-1,-1,1,-1,1,1,-1,1,-1,-1,1,1,1,-1,-1,-1,1,1,1,1,-1,1,-1,-1,-1,1,1,-1,1,-1,-1,1,1,1,-1,1,-1,-1,1,-1,1,1,1,1,-1,1,1,1,-1,-1,1,1,1,-1,1,-1,1,-1,-1,1,1,-1,-1,1,-1,-1,1,1,1,-1,1,-1,1,1,1,-1,-1,-1,-1,-1,1,-1,-1,-1,1,-1,1,-1,1,-1,1,1,-1,1,1,1,1,-1,1,-1,1,1,1,-1,-1,1,-1,1,1,1,-1,1,1,-1,1,1,1,-1,-1,1,-1,1,1,1,1,-1,1,-1,-1,1,1,-1,-1,1,1,-1,1,-1,1,-1,1,-1,-1,1,-2664.0,1,2000,445,0,False
2093,1,1,-1,-1,1,1,-1,-1,1,1,1,-1,1,1,-1,1,-1,1,-1,-1,1,1,1,1,1,-1,-1,-1,1,1,1,1,-1,-1,-1,-1,1,1,1,-1,-1,-1,-1,1,1,1,1,-1,1,1,1,1,-1,1,-1,-1,1,-1,1,1,1,-1,-1,1,1,1,1,1,-1,-1,1,1,1,1,1,-1,-1,-1,1,1,1,-1,-1,-1,1,1,1,1,-1,-1,-1,1,1,1,1,-1,-1,1,1,-1,1,1,-1,-1,1,1,1,1,1,-1,-1,1,1,1,1,1,-1,-1,1,1,1,1,1,1,-1,1,1,1,-1,1,1,-1,1,1,1,1,1,1,-1,-1,1,1,1,1,1,-1,1,1,1,1,1,1,-1,-1,-1,1,1,1,1,-1,1,-1,1,1,-1,1,-1,1,-1,1,1,1,-1,-1,1,1,1,1,1,-1,1,-1,-1,1,1,1,-1,1,1,1,1,-1,1,1,1,1,-1,1,-1,1,-1,1,1,-1,1,-1,1,1,-1,1,-1,1,-1,1,-1,1,1,-1,1,-1,1,1,1,1,-1,-1,1,1,-1,-1,1,-1,1,-1,1,1,-1,1,-1,1,-1,1,-1,1,1,-1,1,1,-1,1,-1,1,-1,1,1,1,-1,1,1,-1,-1,-1,1,-1,1,-1,1,-1,1,1,-1,1,-1,-1,-1,-1,1,-1,1,-1,-1,-1,1,1,-1,-1,1,1,-1,1,1,1,-1,1,1,-1,1,1,1,1,-1,1,-1,1,1,-1,1,-1,1,1,1,-1,1,1,1,1,-1,-1,1,-1,-1,-1,1,1,-1,1,1,1,-1,1,1,1,1,1,1,1,1,-1,1,1,1,-1,1,1,-1,1,1,1,-1,1,1,-1,-1,1,1,1,-1,1,-1,1,1,1,-1,1,1,-1,1,1,1,-1,1,1,-1,1,1,1,-1,1,1,-1,-1,1,1,-1,1,1,-1,1,-1,1,-1,1,1,1,-1,1,1,1,-1,1,1,-1,1,1,-1,1,1,1,-1,-1,-1,-1,1,1,1,-1,1,1,-1,1,1,-1,-1,1,1,1,1,1,-1,1,1,1,-1,1,1,1,-1,-1,1,1,1,-1,1,-1,1,1,1,1,1,1,-1,-1,-1,1,-1,-1,1,1,-1,1,1,-1,1,1,1,1,-1,1,-1,-1,1,-1,1,-1,1,1,1,1,1,1,-1,-1,1,-1,1,1,1,-1,1,1,1,-1,1,1,-1,-1,1,-1,1,1,1,-1,1,1,1,1,1,1,-1,1,-1,-1,1,1,-1,-1,1,-1,1,1,1,-1,-1,1,-1,1,1,1,-1,-1,1,1,-1,1,1,-1,-1,1,-1,1,1,1,1,-1,1,-1,-1,1,1,1,-1,-1,-1,-1,1,1,-1,-1,1,-1,-1,1,-1,1,-1,-1,1,-1,1,-1,1,1,-1,1,-1,-1,1,1,1,-1,1,-1,1,-1,-1,1,1,-1,-1,1,1,-1,-1,1,1,-1,1,1,-1,1,1,1,-1,1,1,-1,-1,-1,1,-1,-1,1,-1,-1,1,1,-1,-1,1,-1,-1,1,1,1,-1,1,-1,-1,1,1,-1,-1,1,-1,-1,-1,1,1,-1,1,-1,-1,-1,1,-1,-1,1,-1,1,-1,1,1,-1,-1,1,-1,-1,-1,-1,-1,1,1,1,-1,-1,1,-1,-1,1,-1,-1,1,-1,-1,-1,1,-1,-1,1,-1,-1,1,1,-1,1,-1,-1,-1,-1,1,1,-1,-1,-1,-1,1,1,-1,-1,1,-1,-1,-1,1,1,-1,-1,-1,-1,-1,1,-1,-1,-1,-1,-1,1,1,1,-1,-1,-1,-1,-1,1,1,-1,-1,-1,-1,-1,1,1,1,-1,-1,-1,-1,1,1,-1,-1,-1,-1,1,-1,1,1,-1,-1,1,1,-1,1,1,-1,-1,-1,1,1,1,-1,1,-1,1,1,1,1,-1,1,-1,-1,1,-1,1,-1,1,-1,-1,1,-1,1,-1,-1,-1,-1,1,-1,1,-1,1,-1,-1,1,-1,1,-1,1,-1,1,-1,1,1,-1,-1,-1,-1,1,-1,-1,-1,-1,-1,-1,1,-1,1,-1,-1,-1,-1,1,1,-1,1,-1,-1,-1,1,-1,-1,1,-1,-1,-1,-1,1,1,1,-1,-1,-1,-1,-1,1,-1,-1,-1,1,-1,-1,1,-1,1,-1,-1,-1,-1,-1,-1,-1,1,-1,-1,-1,1,1,1,-1,-1,-1,1,-1,-1,-1,-1,1,-1,-1,1,1,1,-1,-1,-1,-1,1,-1,1,1,-1,1,-1,-1,1,1,-1,-1,-1,-1,-1,-1,1,1,-1,-1,1,-1,1,1,1,-1,-1,1,-1,-1,1,-1,-1,1,-1,-1,1,1,1,-1,1,-1,1,1,1,-1,-1,1,-1,-1,1,1,1,-1,1,-1,-1,1,1,-1,1,1,-1,-1,1,1,1,1,1,-1,-1,1,1,-1,1,1,-1,-1,1,1,1,1,1,1,-1,-1,1,1,-1,1,-1,-1,1,-1,1,1,1,1,-1,-1,1,-1,1,1,1,-1,1,1,1,1,-1,1,-1,1,1,1,1,1,1,1,-1,1,1,1,1,-1,1,-1,1,1,1,1,1,-1,1,1,1,1,-1,1,1,-1,1,1,-1,1,1,-1,-1,1,1,1,1,-1,1,-1,1,1,1,-1,-1,1,-1,1,1,1,-1,1,-1,-1,-1,1,1,-1,-1,1,-1,-1,1,1,-1,-1,1,-1,-1,1,1,1,-1,1,-1,-1,1,1,-1,-1,-1,1,-1,1,1,-1,1,1,-1,1,1,-1,-1,1,1,-1,-1,1,1,-1,1,1,-1,1,1,-1,-1,-1,-1,1,-1,-1,-1,-1,-1,1,-1,1,1,-1,1,1,-1,1,1,1,1,-1,1,-1,1,1,1,1,-1,1,-1,1,1,1,1,-1,1,-1,-1,1,1,1,-1,1,-1,1,1,-1,-1,-1,1,-1,-1,1,1,-1,-1,-1,1,-1,1,-1,1,-1,1,-1,-1,1,-2664.0,1,2000,445,1000,False
2094,-1,-1,1,1,1,1,-1,1,-1,-1,-1,1,-1,1,-1,-1,1,-1,1,1,-1,1,-1,-1,-1,1,-1,-1,1,-1,-1,-1,1,1,-1,1,1,-1,-1,-1,1,-1,1,-1,-1,-1,-1,-1,1,-1,-1,-1,1,-1,1,-1,-1,1,-1,-1,-1,1,1,1,-1,-1,-1,-1,-1,-1,1,-1,-1,-1,-1,-1,-1,1,-1,-1,-1,1,1,-1,-1,-1,-1,1,-1,1,-1,-1,-1,-1,-1,-1,-1,1,-1,1,-1,-1,-1,-1,1,-1,-1,-1,-1,-1,-1,1,-1,-1,-1,-1,-1,-1,1,-1,-1,-1,-1,-1,-1,1,-1,-1,1,-1,-1,-1,1,-1,-1,1,-1,-1,-1,-1,-1,-1,1,-1,-1,-1,1,-1,-1,-1,-1,-1,-1,-1,1,-1,-1,1,-1,-1,1,-1,-1,1,-1,-1,1,1,1,-1,-1,-1,-1,-1,1,-1,-1,1,-1,-1,1,-1,1,-1,-1,-1,-1,1,1,-1,-1,1,-1,-1,1,1,1,-1,1,-1,-1,1,1,1,-1,1,-1,-1,-1,1,1,-1,1,-1,-1,1,1,1,1,1,-1,1,1,1,1,1,-1,1,-1,-1,1,1,-1,1,-1,1,-1,1,1,1,1,-1,1,1,1,1,1,1,-1,-1,1,1,1,1,-1,1,1,1,1,1,1,1,-1,1,-1,-1,1,-1,-1,-1,1,1,-1,1,1,-1,-1,1,1,-1,1,-1,1,-1,1,-1,1,1,1,1,-1,1,1,1,1,1,-1,-1,1,1,-1,1,-1,-1,-1,1,1,-1,1,1,1,-1,-1,1,-1,1,-1,-1,-1,1,1,-1,1,1,-1,-1,1,1,-1,1,-1,-1,-1,1,1,-1,1,-1,-1,-1,1,1,-1,1,-1,-1,1,1,-1,1,1,-1,1,1,1,-1,-1,1,-1,1,1,1,1,1,1,-1,-1,1,1,1,1,-1,-1,-1,1,1,1,1,-1,-1,1,-1,1,1,1,-1,-1,1,-1,1,-1,1,1,-1,1,-1,1,1,1,1,-1,-1,1,1,1,-1,-1,-1,1,1,-1,-1,1,1,-1,1,-1,1,-1,1,-1,1,1,-1,1,1,1,-1,1,1,-1,1,-1,1,-1,-1,1,-1,1,1,1,1,-1,1,1,-1,1,1,-1,-1,1,-1,-1,1,-1,1,-1,-1,1,-1,-1,1,-1,-1,-1,1,-1,1,-1,1,-1,-1,1,-1,1,-1,-1,-1,-1,1,-1,-1,1,1,-1,-1,1,-1,1,1,-1,1,-1,1,-1,1,-1,1,-1,-1,-1,-1,1,-1,-1,1,-1,1,-1,1,-1,1,-1,-1,-1,1,1,-1,1,-1,-1,-1,-1,1,-1,-1,1,-1,-1,1,-1,1,1,1,1,-1,-1,1,-1,-1,1,-1,-1,-1,1,-1,1,-1,1,-1,-1,1,-1,1,-1,1,-1,-1,1,-1,1,1,1,-1,-1,-1,1,1,-1,1,-1,-1,-1,1,1,1,-1,1,1,-1,1,1,1,1,1,1,1,-1,1,1,-1,1,-1,1,1,-1,1,-1,-1,1,-1,-1,1,-1,-1,-1,1,1,-1,1,1,-1,-1,1,1,-1,-1,1,-1,-1,-1,-1,-1,1,1,-1,-1,-1,-1,-1,1,1,-1,-1,1,1,1,-1,1,-1,-1,1,1,-1,1,1,-1,-1,-1,1,-1,-1,1,1,-1,1,1,1,1,1,-1,1,1,1,-1,1,1,1,-1,1,1,-1,1,1,-1,1,1,1,-1,1,1,-1,-1,1,-1,1,1,1,-1,1,1,-1,-1,1,1,-1,1,1,-1,1,1,1,1,1,1,1,1,1,1,-1,1,-1,1,-1,1,1,1,1,1,1,1,1,1,-1,1,-1,1,-1,1,1,1,-1,1,-1,1,1,1,1,1,1,1,1,1,1,-1,1,1,-1,-1,1,-1,-1,1,1,1,-1,1,1,-1,1,-1,1,1,1,-1,-1,1,-1,1,-1,1,1,-1,1,-1,1,-1,1,-1,1,1,-1,1,-1,1,1,-1,1,-1,1,-1,1,1,-1,1,-1,1,-1,1,1,-1,1,1,1,1,1,-1,1,1,-1,1,1,1,1,-1,1,-1,1,-1,1,1,-1,1,1,-1,1,1,1,-1,1,1,-1,1,1,1,1,1,-1,-1,1,1,1,1,1,-1,1,-1,1,1,1,1,1,-1,1,1,1,1,1,1,-1,1,-1,1,1,1,1,1,1,1,1,1,1,1,-1,1,1,1,1,1,-1,1,1,1,1,1,1,1,-1,1,1,1,1,1,-1,1,1,1,1,1,1,-1,-1,1,-1,1,1,1,-1,1,1,1,1,1,-1,-1,1,1,1,1,1,1,-1,1,1,-1,1,1,-1,1,1,1,1,1,1,-1,-1,1,-1,1,1,-1,-1,-1,1,1,1,1,-1,-1,-1,1,1,1,1,-1,1,-1,1,1,1,1,1,-1,-1,1,1,-1,1,1,-1,-1,1,1,-1,1,-1,-1,-1,1,-1,-1,1,1,-1,-1,-1,1,-1,1,1,-1,-1,1,1,-1,1,1,-1,-1,1,1,-1,1,1,-1,-1,-1,-1,1,1,1,-1,1,-1,1,1,1,-1,-1,1,-1,1,1,1,-1,-1,1,-1,1,1,-1,1,-1,-1,-1,-1,-1,1,1,-1,-1,-1,1,-1,1,-1,-1,-1,-1,1,-1,1,-1,1,-1,-1,-1,1,1,-1,1,-1,-1,-1,-1,1,-1,1,-1,-1,1,-1,1,1,-1,1,-1,-1,1,1,-1,-1,1,1,1,1,1,-1,1,-1,-1,1,1,-1,-1,1,-1,-1,-1,-1,1,-1,1,1,1,1,1,-1,-1,-1,-1,1,-1,-1,-1,-1,1,-1,1,1,1,-1,1,1,-1,1,1,1,1,-1,1,-1,1,1,1,1,-1,1,-1,1,1,1,1,-1,1,-1,1,1,1,1,-1,1,-1,1,1,1,-1,-1,1,-1,-1,1,1,-1,-1,-1,1,-1,1,1,1,-1,1,-1,-1,1,-2664.0,1,2000,445,1500,True
2095,1,1,-1,-1,1,1,-1,-1,1,1,1,-1,1,1,1,1,-1,1,-1,-1,-1,1,1,1,1,1,-1,-1,1,1,1,1,-1,-1,-1,-1,1,-1,1,1,-1,-1,1,1,1,1,1,-1,1,1,1,1,-1,1,-1,-1,1,-1,1,1,1,-1,-1,1,1,1,1,1,-1,-1,1,1,1,1,1,-1,-1,-1,1,1,1,-1,-1,-1,1,1,1,1,-1,-1,-1,1,1,1,1,-1,-1,1,1,-1,1,1,-1,-1,1,1,1,1,1,-1,-1,-1,1,1,1,1,-1,-1,1,1,1,1,1,1,-1,-1,1,1,-1,1,1,-1,1,1,1,1,1,1,-1,1,1,1,1,1,1,-1,1,1,1,1,1,1,-1,-1,-1,1,1,1,1,-1,1,-1,1,1,-1,1,-1,1,-1,1,1,1,-1,-1,1,1,1,1,1,-1,1,-1,-1,1,-1,1,-1,1,1,1,1,1,1,1,1,1,-1,1,-1,1,-1,1,1,-1,1,-1,1,1,-1,1,-1,1,-1,1,-1,1,1,-1,-1,-1,1,1,1,1,-1,-1,1,1,-1,-1,1,-1,1,-1,1,1,-1,1,-1,1,-1,1,-1,1,1,-1,-1,-1,1,1,-1,1,-1,1,1,1,-1,1,1,-1,-1,-1,1,-1,1,-1,1,-1,1,1,-1,1,-1,-1,-1,1,1,-1,1,-1,-1,-1,1,1,-1,-1,1,1,-1,-1,1,1,-1,1,1,-1,1,1,1,1,-1,1,-1,1,1,-1,1,-1,1,1,1,1,1,1,1,1,-1,-1,1,-1,-1,-1,1,1,-1,1,1,1,-1,1,1,1,1,1,1,-1,1,-1,1,1,1,-1,-1,1,-1,1,1,1,-1,1,1,-1,-1,1,1,1,-1,1,-1,1,1,1,-1,1,1,-1,1,1,1,-1,1,1,-1,1,1,1,-1,1,1,1,-1,1,1,-1,1,1,-1,1,-1,1,-1,1,1,1,-1,1,1,1,1,1,1,-1,1,1,-1,1,1,1,-1,-1,-1,-1,1,1,1,-1,1,1,-1,1,1,-1,-1,1,1,1,1,1,-1,1,1,1,-1,1,1,1,-1,-1,1,1,1,-1,1,-1,1,1,1,1,1,1,-1,-1,-1,1,-1,-1,1,1,-1,1,1,1,1,1,1,1,-1,1,-1,-1,1,-1,1,-1,1,1,-1,1,1,1,-1,-1,1,-1,1,1,1,-1,1,1,1,-1,1,1,-1,-1,1,-1,1,1,1,-1,1,1,1,1,1,1,-1,1,-1,-1,1,1,-1,-1,1,-1,-1,1,1,-1,-1,1,1,1,1,1,-1,-1,1,-1,-1,1,1,-1,-1,1,1,1,1,1,1,-1,1,1,-1,-1,1,1,-1,-1,1,1,-1,1,-1,-1,-1,1,-1,1,-1,1,-1,-1,1,-1,1,-1,1,-1,-1,1,-1,-1,1,1,1,-1,1,-1,1,-1,-1,1,1,1,-1,1,1,-1,-1,1,1,-1,1,1,-1,1,1,1,-1,1,1,-1,-1,-1,1,1,-1,1,-1,-1,1,1,-1,-1,1,-1,-1,1,1,1,-1,1,-1,-1,1,1,-1,-1,1,-1,-1,-1,1,1,-1,1,-1,-1,-1,1,-1,-1,1,-1,1,-1,1,1,-1,-1,1,-1,-1,-1,-1,-1,1,1,1,-1,1,1,-1,-1,1,-1,-1,-1,-1,-1,1,1,-1,-1,-1,-1,-1,1,1,-1,1,1,1,-1,-1,1,1,-1,-1,-1,-1,1,1,-1,-1,1,-1,-1,-1,1,1,-1,-1,-1,-1,-1,1,-1,-1,1,-1,-1,-1,1,1,-1,1,-1,-1,1,1,1,-1,-1,-1,-1,-1,1,1,1,-1,-1,-1,-1,1,1,-1,-1,-1,-1,1,1,1,1,-1,-1,1,1,1,1,1,-1,-1,-1,1,1,1,1,1,-1,1,1,1,1,-1,1,-1,-1,1,-1,1,-1,1,-1,-1,1,-1,1,-1,-1,-1,-1,1,-1,1,-1,1,1,-1,1,-1,1,-1,1,1,-1,1,-1,1,-1,-1,-1,-1,1,1,-1,-1,-1,-1,-1,1,-1,1,-1,-1,-1,-1,-1,-1,-1,1,-1,-1,-1,1,-1,-1,1,-1,-1,-1,-1,-1,1,1,-1,-1,-1,-1,-1,1,-1,-1,-1,1,-1,-1,1,-1,1,-1,-1,-1,-1,-1,-1,-1,1,-1,-1,-1,1,1,-1,-1,-1,-1,1,-1,-1,-1,-1,1,-1,-1,1,1,1,-1,-1,-1,-1,1,-1,1,1,-1,1,-1,-1,1,1,-1,-1,-1,-1,-1,-1,1,1,-1,-1,1,-1,1,1,-1,-1,-1,1,-1,1,1,-1,-1,1,-1,-1,1,1,1,-1,1,-1,1,1,1,-1,-1,1,-1,-1,1,-1,1,-1,1,-1,-1,1,1,-1,1,1,-1,-1,1,1,-1,1,1,-1,-1,1,1,-1,1,1,-1,-1,1,1,1,1,1,1,-1,-1,1,1,-1,1,-1,-1,1,-1,1,1,1,1,-1,-1,1,-1,1,1,1,-1,1,1,1,1,-1,1,-1,1,1,1,1,1,1,1,-1,1,1,1,1,-1,1,-1,1,1,1,1,1,-1,1,1,1,1,-1,1,1,-1,1,1,-1,1,1,-1,-1,1,1,1,1,-1,1,-1,1,1,1,-1,-1,1,-1,1,1,1,-1,1,-1,-1,1,1,1,-1,-1,1,-1,-1,1,1,1,-1,1,-1,-1,1,1,1,-1,1,-1,-1,1,1,-1,-1,-1,1,-1,1,1,-1,1,1,-1,-1,1,-1,-1,1,-1,-1,-1,1,1,-1,1,1,-1,1,1,-1,-1,1,-1,1,-1,-1,-1,-1,1,-1,-1,1,1,-1,1,1,-1,1,-1,1,1,-1,1,-1,1,1,1,-1,-1,1,-1,-1,-1,1,-1,-1,1,-1,1,-1,1,-1,-1,1,-1,1,1,1,1,-1,1,-1,-1,1,1,-1,-1,-1,1,-1,1,1,1,-1,1,-1,-1,1,-2664.0,1,2000,445,1000,False
2096,-1,-1,1,1,1,1,-1,1,-1,-1,-1,1,-1,1,-1,-1,1,-1,1,1,-1,1,-1,-1,-1,1,-1,-1,-1,-1,-1,-1,1,1,-1,1,1,-1,-1,-1,1,-1,1,-1,-1,-1,-1,1,-1,-1,-1,-1,1,-1,1,-1,-1,1,-1,-1,-1,1,1,1,-1,1,-1,-1,-1,-1,1,-1,1,1,-1,-1,-1,1,-1,-1,-1,1,1,-1,-1,-1,-1,1,-1,1,-1,-1,-1,1,-1,-1,-1,1,-1,1,1,1,-1,-1,1,-1,-1,1,1,-1,-1,1,-1,-1,1,1,-1,-1,1,-1,-1,1,1,-1,-1,1,-1,-1,1,1,-1,-1,1,-1,1,1,1,1,-1,-1,-1,-1,1,1,-1,-1,1,-1,-1,1,1,1,-1,-1,1,-1,1,1,1,-1,1,-1,1,1,1,1,-1,1,-1,1,1,1,-1,-1,1,-1,1,1,1,-1,1,-1,1,1,1,1,-1,1,1,-1,1,1,1,1,1,1,-1,1,1,1,-1,1,1,-1,1,1,1,-1,-1,1,-1,1,-1,1,-1,1,1,-1,1,1,1,1,1,1,-1,-1,1,1,-1,-1,1,-1,1,1,-1,1,-1,1,-1,1,1,1,-1,1,1,-1,1,1,1,-1,-1,1,-1,1,1,1,-1,1,1,-1,1,-1,1,-1,1,-1,1,-1,1,1,-1,1,-1,-1,1,1,1,-1,1,-1,-1,-1,-1,1,1,-1,1,1,-1,-1,1,-1,-1,1,1,-1,1,1,1,-1,-1,1,-1,1,1,-1,1,-1,1,1,-1,1,-1,-1,-1,1,-1,-1,1,-1,1,-1,1,1,-1,1,1,1,-1,1,1,-1,1,1,-1,-1,1,-1,-1,1,-1,1,-1,1,-1,-1,1,1,-1,1,1,-1,1,-1,1,-1,-1,1,-1,1,1,1,1,1,1,-1,1,1,1,1,1,1,-1,1,1,1,1,1,1,-1,1,-1,1,1,1,1,-1,1,-1,1,-1,1,-1,1,1,-1,1,1,1,-1,1,-1,1,1,1,-1,1,1,1,1,-1,-1,1,1,1,1,-1,1,-1,1,1,1,1,-1,1,1,1,1,-1,1,-1,1,-1,1,1,1,1,-1,1,1,1,-1,1,1,1,-1,1,1,1,1,1,-1,-1,1,-1,1,1,-1,1,-1,1,1,1,1,1,1,-1,1,-1,-1,1,-1,1,-1,1,-1,-1,1,-1,1,-1,-1,1,-1,1,-1,1,-1,1,1,1,1,-1,1,-1,1,-1,-1,1,-1,-1,-1,1,-1,1,1,-1,1,-1,1,-1,1,1,-1,-1,1,1,-1,1,-1,-1,-1,-1,1,-1,1,1,-1,-1,1,-1,-1,-1,1,1,-1,-1,1,-1,1,-1,-1,-1,-1,1,-1,-1,-1,1,-1,-1,1,-1,1,-1,1,-1,-1,1,-1,-1,1,1,-1,-1,-1,1,-1,1,1,-1,-1,-1,1,-1,-1,-1,1,1,-1,1,-1,1,1,1,-1,1,-1,1,1,1,-1,1,1,1,-1,1,1,-1,-1,1,1,1,-1,1,-1,-1,-1,1,1,1,1,-1,-1,1,1,-1,1,1,-1,-1,1,1,1,1,1,-1,-1,1,1,1,1,1,-1,-1,-1,1,-1,1,1,1,-1,-1,1,1,1,1,-1,1,1,-1,-1,1,1,1,-1,-1,-1,1,1,-1,1,1,-1,1,1,1,-1,1,-1,-1,-1,1,1,-1,1,-1,-1,-1,1,1,1,1,-1,-1,1,1,-1,-1,1,1,-1,-1,1,-1,-1,1,-1,-1,1,1,1,-1,1,1,-1,-1,1,1,-1,1,-1,-1,1,1,-1,1,1,1,-1,1,1,1,-1,1,1,-1,1,1,1,-1,1,1,-1,1,1,-1,-1,1,1,-1,1,1,1,-1,1,1,1,-1,1,-1,1,-1,1,1,-1,1,-1,1,1,-1,1,1,1,-1,-1,1,-1,1,-1,-1,-1,1,-1,-1,1,-1,1,-1,-1,1,-1,1,1,1,-1,-1,1,-1,1,-1,1,-1,-1,1,-1,1,-1,1,-1,-1,-1,-1,1,1,1,-1,1,1,-1,1,1,1,1,-1,-1,1,-1,1,1,-1,-1,-1,-1,-1,1,1,-1,1,-1,1,-1,1,1,-1,-1,-1,-1,-1,1,-1,-1,-1,-1,-1,1,-1,-1,1,-1,-1,1,-1,1,1,-1,-1,-1,1,-1,1,1,-1,-1,-1,1,1,1,1,-1,1,-1,1,-1,1,1,-1,-1,-1,1,1,1,1,1,-1,-1,1,-1,1,1,-1,1,-1,-1,1,1,1,-1,-1,-1,-1,-1,1,-1,-1,-1,1,-1,1,1,1,1,-1,-1,-1,1,1,1,-1,1,1,-1,1,1,-1,1,-1,-1,1,1,1,1,-1,1,-1,-1,1,1,1,-1,1,-1,-1,1,1,1,1,1,1,-1,1,1,1,1,1,1,-1,1,1,1,1,1,1,-1,1,1,-1,1,1,-1,-1,1,1,-1,1,1,1,-1,1,-1,1,1,1,1,-1,-1,1,-1,1,1,1,-1,1,1,-1,1,-1,1,-1,1,1,-1,1,1,1,-1,-1,-1,1,1,1,-1,1,-1,1,1,1,1,-1,1,-1,1,1,1,-1,-1,1,-1,-1,1,-1,1,-1,-1,-1,1,-1,1,-1,1,-1,-1,1,-1,1,-1,-1,-1,-1,1,-1,1,-1,-1,-1,-1,-1,1,1,-1,1,-1,-1,-1,-1,1,-1,1,-1,-1,1,-1,1,1,1,1,-1,-1,1,1,-1,-1,1,1,1,1,1,-1,1,-1,-1,1,1,-1,-1,1,-1,-1,-1,-1,1,-1,1,1,1,1,1,-1,-1,1,-1,-1,-1,-1,-1,-1,1,-1,1,1,1,-1,1,1,-1,1,1,1,1,-1,1,-1,1,1,1,1,-1,1,-1,1,1,1,1,-1,1,-1,1,1,1,1,-1,1,-1,1,1,1,-1,-1,1,-1,-1,1,1,-1,-1,-1,1,-1,1,-1,1,-1,1,-1,-1,1,-2664.0,1,2000,445,1500,True
2097,1,1,-1,-1,1,1,-1,1,1,1,1,-1,1,1,1,1,-1,1,1,-1,-1,1,1,1,1,1,-1,-1,1,1,1,1,-1,-1,-1,1,-1,1,1,1,-1,-1,1,1,1,1,1,-1,1,1,1,1,-1,1,-1,-1,1,-1,1,1,1,-1,-1,1,1,1,1,1,-1,-1,1,1,1,1,1,-1,-1,-1,1,1,1,-1,-1,-1,1,1,1,1,-1,-1,-1,1,-1,1,1,-1,-1,1,1,-1,1,1,-1,-1,1,1,1,1,1,-1,-1,-1,1,-1,1,1,-1,-1,1,1,1,1,1,1,-1,-1,1,1,-1,1,1,-1,1,1,1,1,1,1,-1,1,1,1,1,1,1,-1,1,1,1,1,1,1,-1,-1,-1,1,1,1,1,-1,1,-1,1,1,-1,1,-1,1,-1,1,1,1,-1,-1,1,1,1,1,1,-1,1,-1,-1,1,-1,1,-1,1,1,1,1,1,1,1,1,1,-1,1,-1,1,-1,1,1,-1,1,-1,1,1,-1,1,-1,1,-1,1,-1,1,1,-1,1,-1,1,1,1,1,-1,-1,1,1,-1,-1,1,-1,1,-1,-1,1,-1,1,-1,1,-1,1,-1,1,1,-1,-1,-1,1,1,-1,1,-1,1,1,1,-1,1,1,-1,1,-1,1,-1,1,-1,1,-1,1,1,-1,1,-1,-1,-1,1,1,-1,1,-1,-1,-1,1,1,-1,-1,1,1,-1,-1,1,1,-1,1,1,-1,1,1,1,1,-1,1,-1,1,1,-1,1,-1,1,1,-1,1,1,1,1,1,-1,-1,1,-1,-1,-1,1,1,-1,1,1,1,-1,1,-1,-1,1,1,1,1,1,-1,1,1,1,-1,1,1,-1,1,1,1,-1,1,1,-1,-1,1,1,1,-1,1,-1,1,1,1,-1,1,1,-1,1,1,1,-1,1,-1,-1,1,1,1,-1,1,-1,-1,-1,1,1,-1,1,-1,-1,1,-1,1,-1,1,1,-1,-1,1,1,1,-1,1,-1,-1,1,1,-1,1,-1,-1,-1,-1,-1,-1,1,1,-1,-1,1,1,-1,1,-1,-1,-1,1,1,1,1,1,-1,1,1,1,-1,1,-1,-1,-1,-1,1,1,1,1,-1,-1,1,-1,1,1,-1,-1,-1,-1,-1,1,-1,1,-1,1,-1,1,1,-1,-1,-1,1,1,-1,1,-1,1,-1,-1,1,-1,1,1,-1,-1,-1,1,-1,-1,1,1,-1,-1,1,-1,1,1,-1,1,-1,1,-1,1,1,1,-1,1,1,-1,1,1,-1,-1,1,1,-1,1,-1,1,-1,1,-1,1,1,-1,1,-1,1,-1,-1,1,-1,-1,-1,1,-1,-1,1,-1,1,1,1,-1,-1,1,-1,-1,1,-1,1,-1,1,-1,1,-1,1,1,-1,-1,-1,1,-1,1,-1,-1,1,-1,1,1,-1,1,-1,-1,1,1,-1,-1,1,1,-1,1,1,1,1,1,1,-1,1,1,1,-1,-1,1,1,-1,-1,1,1,-1,-1,1,-1,-1,1,1,-1,1,-1,-1,-1,1,1,-1,1,1,-1,1,-1,1,-1,1,1,-1,-1,-1,1,-1,-1,-1,-1,-1,-1,1,-1,-1,-1,-1,-1,-1,1,-1,1,1,1,1,-1,1,-1,1,1,-1,-1,-1,1,-1,-1,1,-1,-1,-1,-1,1,1,1,1,-1,-1,1,1,1,1,-1,-1,-1,-1,1,1,1,-1,-1,-1,1,1,1,1,-1,1,-1,1,-1,1,-1,1,1,-1,-1,1,1,1,-1,-1,-1,1,1,1,1,1,-1,-1,-1,1,1,1,1,1,-1,-1,1,1,1,-1,-1,-1,1,1,1,1,1,-1,-1,-1,1,1,1,-1,-1,-1,-1,1,1,-1,1,-1,-1,-1,1,1,1,1,-1,-1,1,1,1,1,1,-1,1,1,-1,1,1,-1,-1,-1,1,1,1,1,1,-1,1,1,1,1,1,1,-1,-1,1,-1,1,-1,1,-1,-1,1,-1,1,1,-1,-1,-1,1,-1,1,1,-1,-1,-1,1,1,1,-1,1,-1,-1,1,-1,1,-1,-1,-1,-1,1,1,-1,-1,-1,-1,-1,1,-1,1,-1,-1,-1,-1,-1,-1,-1,1,-1,-1,-1,1,-1,-1,1,-1,-1,-1,-1,-1,-1,1,-1,-1,-1,-1,-1,1,-1,-1,-1,1,-1,-1,1,-1,1,-1,-1,-1,-1,-1,-1,-1,1,-1,-1,-1,1,1,1,-1,-1,1,-1,-1,-1,-1,-1,1,-1,-1,1,-1,1,-1,-1,-1,-1,1,-1,1,1,-1,1,-1,-1,1,1,-1,-1,-1,-1,-1,-1,1,1,-1,-1,1,-1,1,1,-1,-1,-1,1,-1,1,1,-1,-1,1,-1,-1,1,1,1,-1,1,-1,1,1,1,-1,-1,1,-1,-1,1,1,1,-1,1,-1,-1,1,1,-1,1,1,-1,-1,1,1,-1,1,1,-1,-1,1,1,-1,1,1,-1,-1,1,1,1,1,1,1,-1,1,1,-1,1,1,-1,-1,1,-1,1,1,1,1,-1,-1,1,-1,1,1,1,-1,1,1,1,1,-1,1,-1,1,1,1,1,1,1,1,-1,-1,1,1,1,-1,1,-1,1,1,1,1,1,-1,1,1,1,1,-1,1,1,-1,1,1,-1,1,1,-1,-1,1,1,1,1,-1,1,-1,1,1,1,-1,-1,1,-1,1,1,1,-1,1,-1,-1,-1,1,1,-1,-1,1,-1,-1,1,1,-1,-1,1,-1,-1,1,1,1,-1,1,-1,-1,1,1,-1,-1,-1,1,-1,1,1,-1,1,1,-1,1,1,-1,-1,1,1,-1,-1,1,1,-1,1,1,-1,1,1,-1,-1,-1,-1,1,-1,-1,-1,-1,1,-1,-1,1,1,-1,1,1,-1,1,1,1,1,-1,1,-1,1,1,1,-1,-1,1,-1,1,1,1,-1,-1,1,-1,-1,1,1,-1,-1,1,-1,1,1,1,1,-1,1,-1,-1,1,1,-1,-1,-1,1,-1,1,-1,1,-1,1,-1,-1,1,-2664.0,1,2000,445,1000,False
2098,-1,-1,1,1,1,1,-1,1,-1,-1,-1,1,-1,1,-1,-1,1,-1,1,1,-1,1,-1,-1,-1,1,-1,-1,-1,-1,-1,-1,1,1,-1,1,1,-1,-1,-1,1,-1,1,-1,-1,-1,-1,1,-1,-1,-1,-1,1,-1,1,-1,-1,1,-1,-1,-1,1,1,1,-1,-1,-1,-1,-1,-1,1,-1,-1,-1,-1,-1,-1,1,-1,-1,-1,1,1,-1,-1,-1,-1,-1,-1,1,-1,-1,-1,-1,-1,-1,-1,1,-1,1,-1,-1,-1,-1,1,-1,-1,-1,-1,-1,-1,1,-1,-1,-1,-1,-1,-1,1,-1,-1,-1,-1,-1,-1,1,-1,-1,1,-1,-1,-1,1,-1,-1,1,-1,-1,-1,-1,-1,-1,1,-1,-1,-1,1,-1,-1,-1,-1,-1,-1,-1,1,-1,-1,1,-1,-1,1,1,-1,-1,-1,-1,1,1,1,-1,-1,-1,-1,-1,1,-1,-1,1,-1,-1,1,-1,1,-1,-1,-1,-1,1,1,-1,-1,1,-1,-1,1,1,1,-1,1,-1,-1,-1,1,1,-1,1,-1,-1,-1,1,1,-1,1,-1,1,1,1,1,1,1,-1,1,1,1,1,1,-1,1,-1,-1,1,1,-1,1,-1,1,-1,1,1,1,1,-1,1,1,1,1,1,1,-1,-1,1,1,1,1,-1,1,1,1,1,1,1,1,-1,1,1,-1,1,-1,-1,-1,1,1,-1,1,1,-1,-1,1,1,-1,1,-1,1,-1,1,1,1,1,1,1,-1,1,1,1,1,1,-1,-1,-1,1,-1,1,-1,-1,-1,1,-1,-1,1,1,1,-1,-1,1,1,1,-1,-1,-1,1,1,-1,-1,1,-1,-1,1,1,-1,1,-1,-1,-1,1,-1,-1,1,-1,-1,-1,1,-1,-1,1,-1,-1,1,-1,-1,1,1,-1,1,1,-1,1,-1,1,-1,1,1,1,-1,1,1,-1,-1,1,1,-1,1,-1,-1,-1,1,1,-1,1,-1,-1,1,-1,1,1,1,-1,-1,1,-1,1,-1,1,1,-1,1,-1,1,-1,-1,1,-1,-1,1,1,-1,1,-1,-1,1,1,-1,-1,1,1,-1,1,-1,1,-1,1,-1,1,1,-1,1,-1,1,-1,1,1,-1,-1,1,1,-1,-1,1,-1,1,1,1,1,-1,1,1,-1,-1,1,-1,-1,1,-1,-1,1,-1,1,-1,-1,1,-1,-1,1,-1,-1,-1,1,-1,1,-1,1,-1,1,1,-1,1,-1,-1,-1,-1,1,-1,-1,1,1,-1,-1,1,-1,1,1,-1,1,-1,1,-1,1,-1,1,-1,-1,-1,-1,-1,-1,-1,1,-1,1,-1,1,-1,1,-1,-1,-1,1,1,-1,1,-1,-1,-1,-1,-1,-1,-1,-1,-1,-1,1,-1,-1,1,-1,1,-1,-1,1,-1,-1,1,-1,-1,-1,-1,1,1,-1,1,-1,-1,-1,1,1,-1,1,-1,-1,1,-1,1,1,1,-1,-1,-1,-1,1,-1,1,-1,-1,-1,-1,1,1,-1,1,1,-1,1,1,1,1,1,1,1,-1,1,1,-1,1,-1,1,-1,-1,1,-1,-1,1,-1,-1,1,-1,-1,-1,1,1,-1,1,1,-1,-1,1,1,-1,-1,1,-1,-1,-1,-1,-1,1,1,-1,-1,-1,-1,-1,1,1,-1,-1,1,1,1,-1,1,-1,-1,1,1,-1,1,1,-1,-1,-1,1,-1,-1,1,1,-1,1,1,1,1,1,-1,1,1,1,-1,1,1,1,-1,1,1,-1,1,1,-1,1,1,1,-1,1,1,-1,-1,1,-1,1,1,1,-1,1,1,1,-1,1,1,-1,1,1,1,1,1,1,1,1,1,1,1,1,1,-1,1,-1,1,-1,1,1,1,1,1,1,1,1,1,-1,1,-1,1,1,1,1,1,-1,1,-1,1,1,1,1,1,1,1,1,1,1,-1,1,1,-1,-1,1,-1,-1,1,1,1,-1,1,1,-1,1,-1,-1,1,1,-1,-1,1,-1,1,-1,1,1,-1,1,-1,1,-1,1,-1,1,1,-1,1,-1,1,1,-1,1,-1,1,-1,1,1,-1,1,-1,1,-1,1,1,-1,1,1,1,1,1,-1,1,1,-1,1,1,1,1,-1,1,-1,1,-1,1,1,-1,1,1,-1,1,1,1,-1,1,1,-1,1,1,1,1,1,-1,-1,1,1,1,1,1,-1,1,-1,1,1,1,1,1,-1,1,1,1,1,1,1,-1,1,1,1,1,1,1,1,1,1,1,1,1,1,-1,1,1,1,1,1,-1,1,1,1,1,1,1,1,-1,1,1,1,1,1,-1,1,1,1,1,1,1,-1,-1,1,-1,1,1,1,-1,1,1,1,1,1,-1,-1,1,1,1,1,1,1,-1,1,1,-1,1,1,-1,1,1,1,1,1,1,-1,-1,1,1,1,1,-1,1,-1,1,1,1,1,-1,-1,-1,1,1,1,1,-1,1,-1,1,1,1,1,1,-1,-1,1,1,-1,1,1,-1,-1,1,1,-1,1,-1,-1,-1,1,-1,-1,1,1,-1,1,1,1,-1,1,1,-1,-1,1,1,-1,1,1,-1,1,1,1,-1,1,1,-1,1,-1,1,1,1,1,-1,1,-1,1,1,1,-1,1,1,-1,1,1,1,-1,1,-1,-1,1,1,-1,1,1,1,1,1,-1,1,1,-1,1,-1,1,-1,1,-1,1,1,-1,1,-1,1,-1,1,-1,-1,-1,1,1,-1,1,1,-1,1,-1,1,1,-1,1,-1,1,-1,1,1,-1,1,-1,1,1,1,-1,-1,-1,-1,1,1,1,-1,1,1,1,-1,1,-1,-1,1,1,-1,1,-1,1,-1,1,-1,1,1,1,-1,-1,-1,-1,1,1,-1,-1,-1,1,-1,1,-1,1,-1,1,1,-1,1,1,1,1,-1,1,-1,1,1,1,1,-1,1,-1,1,-1,1,1,-1,1,-1,1,1,1,1,-1,1,-1,1,1,1,-1,-1,1,-1,-1,1,1,-1,-1,-1,1,-1,1,1,1,-1,1,-1,-1,1,-2664.0,1,2000,445,1500,True
2099,1,1,-1,-1,1,1,-1,-1,1,1,1,-1,-1,1,1,1,-1,1,-1,-1,-1,-1,1,1,1,-1,-1,-1,1,1,1,1,-1,-1,-1,-1,1,1,1,1,-1,-1,-1,1,1,1,1,-1,1,1,1,1,-1,1,-1,-1,1,-1,1,1,1,-1,-1,-1,1,1,1,1,-1,-1,-1,1,1,1,1,-1,-1,-1,1,1,1,-1,-1,-1,1,1,1,1,-1,-1,-1,1,1,1,1,-1,-1,1,1,-1,1,1,-1,-1,1,1,1,1,1,-1,-1,-1,1,1,1,1,-1,-1,1,1,1,1,1,1,-1,-1,1,1,-1,1,1,-1,1,1,1,1,1,1,-1,1,1,1,1,1,1,-1,1,1,1,1,1,1,-1,-1,-1,1,1,1,1,-1,1,1,1,1,-1,1,-1,1,-1,1,1,1,-1,-1,1,1,1,1,1,-1,1,-1,-1,1,-1,1,-1,1,1,1,1,1,1,1,1,1,-1,1,-1,1,-1,1,1,-1,1,-1,1,1,-1,1,-1,1,-1,1,-1,1,1,-1,1,-1,1,1,1,1,-1,-1,1,1,-1,-1,1,-1,1,-1,-1,1,-1,1,-1,1,-1,1,-1,1,1,-1,-1,-1,1,1,-1,1,-1,1,1,1,-1,1,1,-1,1,-1,1,-1,1,-1,1,-1,1,1,-1,1,-1,-1,-1,1,1,-1,1,-1,-1,-1,-1,1,-1,-1,1,1,-1,-1,1,1,-1,1,1,-1,1,1,1,1,-1,1,-1,1,1,-1,1,-1,1,1,-1,1,1,1,1,1,-1,-1,1,-1,-1,1,1,1,-1,1,1,1,-1,1,-1,-1,1,1,1,1,1,-1,1,1,1,-1,1,1,-1,1,1,1,-1,1,1,-1,-1,1,1,1,-1,1,-1,1,1,1,-1,1,1,-1,1,1,1,-1,1,-1,-1,1,1,1,-1,1,-1,-1,-1,1,1,-1,1,-1,-1,1,-1,1,-1,1,1,-1,-1,1,1,1,-1,1,-1,-1,1,1,-1,1,-1,1,-1,-1,-1,-1,1,1,-1,-1,1,1,-1,1,1,-1,-1,1,1,1,1,1,-1,1,1,1,-1,1,-1,-1,-1,-1,1,1,1,1,-1,-1,1,1,1,1,1,-1,1,-1,-1,1,-1,-1,-1,-1,1,-1,1,1,-1,-1,1,1,-1,1,-1,1,-1,-1,1,-1,1,1,-1,-1,-1,1,-1,-1,1,1,-1,-1,1,-1,1,1,-1,1,-1,1,-1,-1,1,1,-1,-1,1,-1,1,1,-1,-1,1,1,-1,1,-1,1,-1,1,-1,-1,1,-1,1,-1,1,-1,-1,1,-1,-1,-1,1,-1,-1,1,-1,1,-1,1,-1,-1,1,-1,-1,1,-1,1,-1,1,-1,1,-1,1,1,-1,-1,-1,1,-1,1,-1,-1,1,-1,1,1,1,1,-1,-1,1,1,-1,1,1,-1,-1,1,1,1,-1,1,1,-1,1,1,1,1,-1,1,1,-1,-1,-1,1,-1,-1,1,1,1,-1,1,-1,1,-1,-1,-1,1,1,-1,1,1,-1,-1,-1,1,-1,1,1,-1,1,-1,1,-1,-1,-1,-1,-1,-1,1,-1,-1,-1,-1,-1,-1,1,-1,1,1,1,1,-1,1,-1,-1,1,-1,-1,-1,1,-1,-1,-1,-1,1,-1,-1,1,1,-1,1,-1,-1,1,1,1,1,-1,1,-1,-1,1,1,1,-1,-1,-1,1,1,1,1,-1,-1,-1,1,-1,1,-1,1,-1,-1,-1,1,1,1,-1,-1,-1,-1,1,1,1,1,-1,-1,-1,1,1,1,1,-1,-1,-1,1,1,1,-1,-1,-1,1,1,1,1,1,-1,-1,-1,1,1,1,1,-1,-1,-1,1,1,-1,1,-1,-1,-1,1,1,1,1,-1,-1,1,-1,1,1,-1,-1,1,1,-1,1,1,-1,-1,-1,1,1,1,1,1,-1,1,1,1,1,1,-1,-1,-1,1,-1,1,-1,-1,-1,-1,1,-1,1,1,1,-1,-1,1,-1,1,1,-1,-1,-1,1,1,1,1,-1,-1,-1,1,-1,1,1,-1,-1,-1,1,1,-1,-1,-1,-1,-1,1,-1,1,-1,-1,-1,-1,-1,-1,-1,1,-1,-1,-1,1,-1,-1,1,-1,-1,-1,-1,-1,-1,1,-1,-1,-1,-1,-1,1,-1,-1,-1,1,-1,-1,1,-1,1,-1,-1,-1,-1,-1,-1,-1,1,-1,-1,-1,1,1,-1,-1,-1,1,-1,-1,-1,-1,-1,1,-1,-1,1,1,1,-1,-1,-1,-1,1,-1,1,1,-1,1,-1,-1,1,1,-1,-1,-1,-1,-1,-1,1,1,-1,-1,1,-1,1,1,-1,-1,-1,1,-1,1,1,-1,-1,1,-1,-1,1,1,1,-1,1,-1,1,1,1,-1,-1,1,-1,-1,1,1,1,-1,1,-1,-1,1,1,-1,1,1,-1,-1,1,1,-1,1,1,-1,-1,1,1,-1,1,1,-1,-1,1,1,1,1,1,1,-1,-1,1,1,1,1,-1,-1,1,-1,1,1,1,1,-1,-1,1,-1,1,1,1,-1,1,1,1,1,-1,1,-1,1,1,1,1,1,1,1,-1,1,1,1,1,-1,1,-1,1,1,1,1,1,-1,1,1,1,1,-1,1,1,-1,1,1,-1,1,1,-1,-1,1,1,1,1,-1,1,-1,1,1,1,-1,-1,1,-1,1,1,1,-1,1,-1,-1,-1,1,1,-1,-1,1,-1,-1,1,1,1,-1,1,-1,-1,1,1,1,-1,-1,-1,-1,1,1,-1,-1,-1,1,-1,1,1,-1,1,1,-1,1,1,-1,-1,1,-1,-1,-1,1,1,-1,1,1,-1,1,1,-1,-1,-1,-1,1,-1,-1,-1,-1,-1,-1,-1,1,1,-1,1,1,-1,1,1,1,1,-1,1,-1,1,1,1,-1,-1,1,-1,-1,1,1,-1,-1,1,-1,1,1,1,-1,-1,1,-1,1,1,1,1,-1,1,-1,-1,1,1,-1,-1,-1,1,-1,1,1,1,-1,1,-1,-1,1,-2664.0,1,2000,445,1000,False
2100,-1,-1,1,1,1,1,-1,1,-1,-1,-1,1,-1,1,-1,-1,1,-1,1,1,-1,1,-1,-1,-1,1,-1,-1,-1,-1,-1,-1,1,1,-1,1,1,-1,-1,-1,1,-1,1,-1,-1,-1,1,1,-1,-1,1,-1,1,1,1,-1,-1,1,-1,-1,1,1,1,1,-1,-1,-1,1,1,-1,1,-1,-1,-1,1,-1,-1,1,-1,-1,-1,1,1,-1,-1,-1,-1,1,1,1,-1,-1,-1,-1,1,1,-1,1,-1,1,-1,1,1,-1,1,-1,-1,-1,1,1,-1,1,-1,1,-1,1,1,-1,1,-1,-1,-1,1,1,-1,1,-1,-1,1,1,1,-1,1,-1,-1,1,1,1,-1,-1,-1,-1,1,1,1,-1,1,-1,-1,-1,1,1,-1,-1,1,-1,-1,1,1,-1,1,1,-1,-1,1,1,-1,1,1,-1,1,1,1,-1,1,-1,-1,-1,1,-1,1,-1,1,-1,1,1,-1,1,1,-1,-1,1,1,1,1,1,1,-1,1,1,-1,1,1,1,-1,1,1,1,-1,1,1,-1,1,1,-1,1,1,1,1,1,1,1,1,1,1,1,-1,1,-1,-1,1,1,-1,1,-1,1,1,1,1,1,1,1,-1,1,1,1,1,1,-1,1,-1,1,1,1,1,1,-1,1,1,1,1,-1,1,-1,1,-1,1,-1,-1,1,-1,1,-1,1,1,-1,1,-1,1,-1,1,-1,1,1,-1,-1,1,1,1,1,1,1,-1,1,1,1,-1,-1,1,1,-1,1,-1,-1,-1,1,-1,-1,1,1,1,-1,1,1,1,1,-1,-1,-1,-1,-1,-1,-1,1,-1,-1,1,1,-1,1,-1,1,-1,1,1,-1,1,-1,-1,1,1,-1,-1,1,-1,-1,1,1,-1,1,1,-1,1,-1,1,1,-1,1,-1,1,1,1,-1,1,1,-1,-1,1,1,-1,1,-1,-1,-1,1,1,-1,1,-1,-1,1,-1,1,-1,1,-1,-1,1,-1,1,-1,1,1,-1,1,-1,1,1,1,1,-1,-1,1,1,-1,1,-1,-1,1,1,-1,-1,1,1,-1,1,-1,1,-1,1,-1,1,1,-1,1,1,1,-1,1,1,-1,1,-1,1,-1,-1,1,-1,1,1,1,1,-1,1,1,1,1,1,-1,-1,1,-1,-1,1,-1,1,-1,-1,1,-1,1,1,-1,-1,-1,1,-1,1,-1,1,-1,-1,1,-1,1,1,-1,-1,-1,1,-1,-1,1,1,-1,-1,1,-1,1,1,-1,1,-1,1,-1,-1,1,1,-1,-1,-1,-1,1,1,-1,1,-1,1,-1,1,-1,1,-1,-1,-1,1,1,-1,1,-1,-1,-1,-1,1,-1,-1,1,-1,-1,-1,1,-1,1,1,1,-1,-1,1,-1,-1,1,-1,-1,-1,1,-1,1,-1,1,-1,-1,1,-1,1,-1,1,-1,-1,1,-1,1,1,1,-1,-1,-1,1,1,-1,1,-1,-1,1,1,1,1,-1,1,1,-1,1,1,1,1,1,1,1,-1,1,1,-1,1,-1,1,-1,-1,1,-1,-1,1,-1,-1,1,-1,-1,-1,1,1,-1,1,1,-1,-1,1,1,-1,-1,1,-1,-1,-1,-1,-1,1,1,-1,-1,-1,-1,-1,1,1,-1,-1,1,1,1,-1,1,-1,-1,1,1,-1,1,1,-1,-1,-1,1,-1,-1,1,1,-1,1,1,1,1,1,-1,1,1,1,-1,1,1,1,-1,1,1,-1,1,1,-1,1,1,1,-1,1,1,-1,-1,1,-1,1,-1,1,-1,1,1,-1,-1,1,1,-1,1,1,-1,1,1,1,1,1,1,1,1,1,1,-1,1,-1,1,-1,1,1,1,1,1,1,1,1,1,-1,1,-1,1,-1,1,1,1,-1,1,-1,1,1,1,1,1,1,1,1,1,1,-1,1,1,-1,-1,1,-1,-1,1,1,1,-1,1,1,-1,1,-1,1,1,1,-1,-1,1,-1,1,-1,1,1,-1,1,-1,1,-1,1,-1,1,1,-1,1,-1,1,1,-1,1,-1,1,-1,1,1,-1,1,-1,1,-1,1,1,-1,1,1,1,1,1,-1,1,1,-1,1,1,1,1,-1,1,-1,1,-1,1,1,-1,1,1,-1,1,1,-1,1,1,1,-1,1,1,1,-1,1,-1,-1,1,1,-1,1,1,-1,1,-1,1,-1,-1,1,1,-1,1,1,-1,-1,1,1,-1,1,1,-1,-1,-1,1,1,1,1,-1,1,1,1,-1,1,1,-1,-1,1,-1,1,1,1,-1,-1,-1,1,-1,1,1,-1,1,-1,-1,1,1,1,-1,-1,-1,-1,-1,1,-1,-1,-1,1,-1,1,1,-1,-1,-1,1,-1,1,1,1,-1,1,-1,-1,1,1,1,-1,1,-1,1,1,1,-1,-1,1,-1,-1,1,1,-1,-1,1,-1,-1,1,1,-1,1,1,-1,-1,1,1,-1,-1,1,-1,-1,1,1,-1,-1,1,-1,-1,1,1,-1,1,-1,1,-1,-1,1,-1,-1,1,-1,-1,1,-1,1,-1,1,1,-1,-1,1,-1,1,-1,1,-1,1,-1,-1,1,-1,1,-1,1,1,-1,1,1,1,1,-1,-1,-1,1,1,-1,1,-1,1,-1,1,1,1,-1,1,-1,1,1,-1,1,1,-1,1,1,-1,1,1,-1,-1,1,-1,1,-1,-1,1,-1,-1,-1,1,-1,-1,1,-1,1,-1,1,-1,1,-1,-1,-1,1,1,-1,-1,1,-1,-1,-1,1,-1,-1,1,-1,-1,-1,1,1,-1,1,-1,-1,1,1,-1,-1,-1,1,-1,1,1,-1,1,1,-1,1,1,-1,-1,1,-1,-1,-1,-1,1,-1,1,1,-1,1,1,-1,-1,-1,-1,1,-1,-1,-1,-1,1,-1,-1,1,1,-1,1,1,-1,1,1,1,1,-1,1,-1,1,1,1,1,-1,1,-1,-1,1,1,1,-1,1,-1,1,1,1,1,-1,1,-1,1,1,1,-1,-1,1,-1,-1,1,1,-1,-1,-1,1,-1,1,1,1,-1,1,-1,-1,1,-2664.0,1,2000,445,1500,True
2101,1,1,-1,-1,1,1,-1,1,1,1,1,-1,1,1,1,1,-1,1,-1,-1,-1,1,1,1,1,-1,1,-1,1,1,1,1,1,-1,-1,1,-1,1,1,1,-1,-1,1,1,1,1,1,-1,1,-1,1,1,-1,1,-1,-1,1,-1,1,1,1,-1,-1,-1,1,1,1,1,-1,-1,1,-1,1,1,1,-1,-1,1,-1,1,1,-1,-1,-1,-1,1,1,1,-1,-1,-1,1,-1,1,1,-1,-1,1,-1,-1,1,1,-1,-1,1,-1,-1,1,1,-1,-1,1,-1,-1,1,1,-1,-1,1,-1,-1,1,1,1,-1,-1,-1,-1,1,1,1,-1,1,-1,-1,1,1,1,-1,-1,-1,-1,-1,1,1,-1,1,-1,-1,-1,1,1,-1,-1,1,-1,-1,1,1,-1,1,1,-1,-1,1,1,-1,1,1,-1,1,1,-1,-1,1,-1,-1,1,1,-1,1,-1,1,-1,1,1,-1,1,1,-1,-1,-1,1,1,1,1,1,-1,-1,1,-1,1,1,1,-1,-1,1,1,-1,1,1,-1,1,1,-1,1,1,1,-1,1,1,1,1,1,1,1,-1,1,-1,-1,1,1,1,-1,1,1,-1,1,1,-1,-1,1,-1,1,1,1,1,-1,1,1,-1,1,1,-1,1,1,-1,1,1,1,-1,-1,1,-1,1,-1,1,1,1,1,-1,1,-1,1,1,1,1,-1,1,-1,1,1,1,1,-1,-1,1,1,1,1,1,1,-1,1,1,1,1,1,1,1,-1,1,1,1,1,-1,1,-1,1,1,1,1,1,1,1,1,1,1,1,-1,-1,1,1,-1,1,1,1,1,-1,1,1,1,1,1,1,1,1,1,1,1,1,-1,1,1,1,1,1,1,-1,1,1,1,1,-1,1,1,-1,1,1,1,1,1,-1,1,1,1,1,1,1,-1,1,-1,1,1,1,1,-1,1,-1,1,1,1,1,-1,1,-1,1,-1,-1,1,-1,1,1,-1,1,1,1,1,-1,1,-1,1,-1,1,-1,1,-1,-1,1,-1,-1,-1,1,1,1,1,-1,1,-1,1,-1,1,-1,1,1,1,1,-1,1,-1,1,1,-1,1,-1,-1,-1,-1,1,1,1,1,-1,-1,1,1,1,1,-1,-1,1,-1,-1,1,-1,1,-1,1,-1,1,1,1,-1,-1,1,1,-1,1,-1,1,-1,-1,1,-1,1,1,-1,-1,-1,1,-1,-1,1,1,-1,-1,1,-1,1,1,-1,1,-1,1,-1,-1,1,1,-1,-1,1,-1,1,1,-1,-1,1,1,-1,1,-1,1,-1,1,-1,-1,1,-1,1,-1,1,-1,-1,1,-1,-1,-1,1,-1,-1,1,-1,1,-1,1,-1,-1,1,-1,-1,1,-1,1,-1,1,-1,1,-1,1,1,-1,-1,-1,1,-1,1,-1,-1,1,-1,1,1,1,1,-1,-1,1,1,-1,1,1,1,-1,1,1,1,-1,1,1,-1,1,1,1,1,1,1,1,-1,1,1,-1,1,-1,1,-1,-1,1,-1,-1,1,-1,-1,1,-1,-1,-1,1,1,-1,-1,1,-1,-1,1,1,-1,-1,1,-1,-1,-1,-1,-1,-1,1,-1,-1,-1,-1,-1,-1,1,-1,-1,1,1,1,1,1,-1,-1,1,1,-1,-1,1,-1,-1,-1,1,-1,-1,1,1,-1,1,1,1,-1,1,1,-1,-1,1,-1,-1,1,1,-1,-1,1,-1,1,1,-1,-1,1,1,-1,1,1,-1,-1,1,-1,1,1,1,1,-1,1,1,-1,-1,1,1,-1,1,1,1,-1,1,1,-1,-1,1,1,1,1,1,-1,1,1,-1,-1,1,1,-1,-1,1,1,-1,1,1,-1,-1,1,1,-1,1,1,-1,-1,-1,1,-1,1,1,-1,-1,1,1,-1,1,1,1,-1,1,-1,-1,1,-1,1,-1,1,-1,-1,1,-1,-1,-1,1,1,-1,1,1,-1,-1,1,-1,-1,1,-1,-1,1,-1,-1,-1,1,1,-1,-1,1,-1,-1,-1,1,-1,-1,1,-1,-1,-1,1,-1,1,1,-1,-1,-1,-1,-1,-1,-1,-1,-1,-1,1,-1,1,-1,-1,-1,-1,-1,-1,1,-1,-1,-1,-1,1,-1,-1,1,-1,-1,-1,1,-1,-1,1,-1,-1,-1,-1,-1,1,1,-1,-1,-1,-1,-1,1,-1,-1,-1,1,-1,-1,1,-1,1,-1,-1,-1,-1,-1,-1,-1,1,-1,-1,-1,1,1,-1,-1,-1,1,-1,1,-1,-1,-1,-1,-1,-1,1,1,1,-1,-1,-1,-1,1,-1,1,1,-1,1,-1,-1,1,1,-1,-1,-1,-1,-1,-1,1,1,-1,-1,1,-1,1,1,-1,-1,-1,1,-1,1,1,-1,-1,1,-1,-1,1,1,1,-1,1,-1,1,1,1,-1,-1,1,-1,-1,1,1,1,-1,1,-1,-1,1,1,-1,1,1,-1,-1,1,1,1,1,1,-1,-1,1,1,1,1,1,-1,-1,1,1,1,1,1,1,-1,-1,1,1,-1,1,-1,-1,1,-1,1,1,1,1,-1,-1,1,-1,1,1,1,-1,1,1,1,1,-1,1,-1,1,1,1,1,1,1,1,-1,1,1,1,1,-1,1,-1,1,1,1,1,1,-1,1,1,1,1,-1,1,1,-1,1,1,-1,1,1,-1,-1,1,1,1,1,-1,1,-1,1,1,1,-1,-1,1,-1,1,1,1,-1,1,-1,-1,-1,1,1,-1,-1,1,-1,-1,1,1,1,-1,1,-1,-1,-1,1,1,-1,1,-1,-1,1,1,-1,-1,-1,1,-1,-1,1,-1,1,1,-1,1,1,-1,-1,1,-1,-1,-1,1,1,-1,1,1,-1,1,1,-1,-1,-1,-1,1,-1,-1,-1,-1,-1,-1,-1,1,1,-1,1,1,-1,1,1,1,1,-1,1,-1,1,1,1,1,-1,1,-1,-1,1,1,1,-1,1,-1,1,1,1,1,-1,1,-1,1,1,1,-1,-1,1,-1,-1,1,1,-1,-1,-1,1,-1,1,-1,1,-1,1,-1,-1,1,-2664.0,1,2000,445,0,False
2102,-1,-1,1,1,1,1,-1,1,-1,-1,-1,1,-1,1,-1,-1,1,-1,1,1,-1,1,-1,-1,-1,1,-1,-1,-1,-1,-1,-1,1,1,-1,1,1,-1,-1,-1,1,-1,1,-1,-1,-1,-1,1,-1,-1,1,-1,1,-1,1,-1,-1,1,-1,-1,-1,1,1,1,-1,-1,-1,-1,-1,-1,1,-1,-1,-1,-1,-1,-1,1,-1,-1,-1,1,1,-1,-1,-1,-1,-1,-1,1,-1,-1,-1,-1,-1,-1,-1,1,-1,1,-1,-1,-1,-1,1,-1,-1,-1,-1,-1,-1,1,-1,1,-1,-1,-1,-1,1,-1,-1,-1,-1,-1,-1,1,-1,-1,1,-1,-1,-1,-1,-1,-1,1,-1,-1,-1,-1,-1,-1,1,-1,-1,-1,1,-1,-1,-1,-1,-1,-1,-1,1,-1,-1,1,-1,-1,-1,-1,-1,-1,-1,-1,1,-1,1,-1,-1,-1,-1,-1,-1,-1,-1,1,-1,-1,-1,1,1,-1,-1,-1,-1,-1,-1,-1,-1,1,-1,-1,1,-1,1,-1,1,-1,-1,1,-1,1,-1,1,-1,-1,-1,-1,1,-1,1,-1,-1,-1,-1,1,1,1,-1,1,-1,-1,1,1,-1,1,-1,-1,1,1,-1,1,-1,1,-1,-1,1,1,1,-1,1,1,-1,1,1,1,-1,-1,1,-1,1,1,-1,-1,1,1,-1,1,1,1,-1,1,-1,-1,1,-1,-1,-1,1,-1,-1,1,1,-1,-1,1,-1,-1,1,-1,1,-1,1,-1,-1,1,1,1,-1,1,1,-1,1,1,-1,-1,1,-1,-1,1,-1,-1,-1,1,1,-1,1,1,1,-1,-1,1,-1,1,-1,-1,-1,1,1,-1,-1,1,-1,-1,1,1,-1,1,-1,1,-1,1,-1,-1,1,-1,-1,-1,1,1,-1,1,-1,-1,1,1,-1,1,1,-1,1,1,1,-1,-1,1,-1,1,1,1,1,1,1,-1,-1,1,1,1,1,-1,-1,-1,1,1,1,1,-1,-1,1,-1,1,1,1,-1,-1,1,-1,1,-1,1,1,-1,1,-1,1,1,1,1,-1,-1,1,1,1,1,-1,-1,1,1,-1,-1,1,1,-1,1,-1,1,-1,1,-1,1,1,-1,1,1,1,-1,1,1,-1,1,-1,1,-1,-1,1,-1,1,1,1,1,-1,1,1,-1,1,1,-1,-1,1,-1,-1,1,-1,1,-1,-1,1,-1,-1,1,-1,-1,-1,1,-1,1,-1,1,-1,-1,1,-1,1,1,1,-1,-1,1,-1,-1,1,1,-1,-1,1,-1,1,1,-1,1,-1,1,-1,1,1,1,-1,-1,-1,-1,1,1,-1,1,-1,1,-1,1,-1,1,-1,-1,-1,1,1,-1,1,-1,-1,-1,-1,1,-1,-1,1,-1,-1,-1,1,-1,1,1,1,-1,-1,1,-1,-1,1,-1,-1,-1,-1,1,1,-1,1,-1,-1,-1,1,1,-1,1,-1,-1,-1,1,1,1,1,-1,-1,-1,1,1,-1,1,-1,-1,-1,1,1,1,-1,1,1,-1,1,1,1,1,1,1,1,-1,1,1,-1,1,-1,-1,-1,-1,1,-1,-1,1,-1,-1,1,-1,-1,-1,1,1,-1,1,1,-1,-1,1,-1,-1,-1,1,-1,-1,-1,-1,-1,1,1,-1,-1,-1,-1,-1,1,1,-1,-1,1,1,1,-1,1,-1,-1,1,1,-1,1,1,-1,-1,-1,1,-1,-1,1,1,-1,1,1,1,1,1,-1,1,1,1,-1,1,1,1,-1,1,1,-1,1,1,-1,1,1,1,-1,1,1,-1,-1,1,-1,1,-1,1,-1,1,1,-1,-1,1,1,-1,1,1,-1,1,1,1,1,1,1,1,1,1,1,-1,1,-1,1,-1,1,1,1,1,1,1,1,1,1,-1,1,-1,1,-1,1,1,1,-1,1,-1,1,1,1,1,1,1,1,1,1,1,-1,1,1,-1,-1,1,-1,-1,1,1,1,-1,1,1,-1,1,-1,-1,1,1,-1,-1,1,-1,1,-1,1,1,-1,1,-1,1,-1,1,-1,1,1,-1,1,-1,1,1,-1,1,-1,1,-1,1,1,-1,1,-1,1,-1,1,1,-1,1,1,1,1,1,-1,1,1,-1,1,1,1,1,-1,1,-1,1,-1,1,1,-1,1,1,-1,1,1,1,-1,1,1,-1,1,1,1,1,1,-1,-1,1,1,1,1,1,-1,1,-1,1,1,1,1,1,-1,1,1,1,1,1,1,-1,1,1,1,1,1,1,1,1,1,1,1,1,1,-1,1,1,-1,1,1,-1,1,1,1,1,1,1,1,-1,1,1,1,1,1,-1,1,1,1,1,1,1,-1,-1,1,-1,1,1,1,-1,1,1,1,1,1,-1,-1,1,1,1,1,1,1,-1,1,1,-1,1,1,-1,1,1,1,1,1,1,-1,-1,1,1,1,1,-1,-1,-1,1,1,1,1,-1,-1,-1,1,1,1,1,-1,1,-1,1,1,1,1,1,-1,-1,1,1,-1,1,1,-1,-1,1,1,-1,1,-1,-1,-1,1,-1,1,1,1,-1,-1,-1,1,-1,1,1,-1,-1,1,1,-1,1,1,-1,-1,1,1,-1,1,1,-1,-1,-1,1,1,1,1,-1,1,-1,1,1,1,-1,-1,1,-1,1,1,1,1,-1,1,-1,1,1,-1,1,-1,-1,-1,1,-1,1,-1,1,-1,-1,1,-1,1,1,-1,-1,-1,1,-1,1,1,1,-1,-1,-1,1,1,-1,1,-1,-1,1,-1,1,-1,1,-1,1,-1,-1,1,1,1,1,-1,-1,1,1,1,1,1,1,-1,1,1,1,1,-1,-1,1,1,1,1,1,-1,-1,-1,-1,1,1,1,1,-1,1,1,-1,1,1,-1,1,-1,-1,1,1,1,-1,-1,1,1,-1,1,1,-1,1,1,1,1,1,1,-1,1,1,1,1,1,1,-1,-1,-1,1,1,1,1,-1,1,1,1,1,1,1,-1,1,1,1,-1,1,1,-1,-1,1,1,-1,1,1,1,-1,1,1,-1,1,1,-1,-1,1,-2664.0,1,2000,445,1500,True
2103,-1,-1,1,1,1,1,-1,1,-1,-1,-1,1,-1,1,-1,-1,1,-1,1,1,1,-1,-1,-1,-1,1,-1,-1,-1,-1,-1,-1,1,1,-1,-1,1,-1,-1,-1,1,-1,-1,-1,-1,-1,-1,-1,1,1,-1,-1,1,-1,1,-1,-1,1,-1,-1,-1,1,1,1,-1,-1,-1,-1,-1,-1,-1,1,-1,-1,-1,-1,1,-1,1,-1,-1,1,1,-1,1,-1,-1,-1,-1,1,-1,-1,-1,-1,-1,-1,-1,1,1,-1,-1,-1,-1,-1,1,1,1,-1,-1,-1,-1,1,1,1,-1,-1,-1,-1,1,1,1,-1,-1,-1,-1,1,1,1,-1,-1,-1,-1,1,1,1,-1,-1,-1,-1,1,1,1,-1,-1,1,-1,-1,1,1,1,1,-1,-1,1,-1,1,1,-1,-1,-1,1,1,1,1,-1,1,-1,1,-1,1,1,1,-1,-1,1,1,1,-1,-1,-1,1,-1,-1,1,-1,1,-1,1,1,1,1,1,1,-1,1,1,-1,1,-1,1,-1,1,1,-1,1,-1,1,-1,-1,1,-1,1,-1,1,-1,1,1,-1,1,-1,1,-1,-1,1,-1,-1,1,1,-1,-1,1,-1,1,1,-1,1,-1,1,-1,1,-1,1,-1,1,1,-1,-1,-1,1,1,-1,1,-1,1,1,1,-1,1,1,-1,1,-1,1,-1,1,-1,1,-1,1,1,-1,1,-1,-1,-1,1,1,-1,1,-1,-1,-1,1,1,1,-1,1,1,-1,-1,1,-1,-1,1,1,-1,1,1,1,-1,-1,1,-1,1,1,-1,1,-1,1,1,-1,1,-1,-1,-1,1,-1,-1,1,-1,1,-1,1,1,-1,1,1,1,-1,1,-1,-1,1,1,-1,-1,1,-1,1,1,-1,1,-1,1,-1,1,1,1,-1,1,1,-1,1,-1,1,-1,-1,1,-1,1,1,1,1,1,1,-1,1,1,1,1,1,-1,-1,1,1,1,1,1,-1,-1,1,1,1,1,1,-1,-1,-1,-1,1,-1,1,1,-1,1,1,1,1,1,1,-1,-1,-1,1,1,1,-1,-1,1,-1,-1,-1,1,1,-1,1,-1,1,-1,1,-1,1,-1,1,1,1,1,-1,1,-1,1,1,-1,1,-1,-1,-1,-1,1,1,1,1,-1,-1,1,-1,1,1,-1,-1,1,-1,-1,1,-1,1,-1,1,-1,1,-1,1,-1,-1,1,1,-1,1,-1,1,-1,-1,1,-1,1,-1,-1,-1,-1,1,-1,-1,1,1,-1,-1,1,-1,1,1,-1,1,-1,1,-1,1,-1,1,-1,1,1,-1,1,-1,-1,-1,1,1,-1,1,-1,1,-1,1,-1,1,1,-1,1,-1,1,-1,-1,1,-1,-1,-1,1,-1,1,-1,-1,1,-1,1,-1,-1,1,-1,-1,1,-1,1,-1,-1,-1,1,-1,1,1,-1,-1,-1,1,-1,1,-1,-1,1,-1,1,1,-1,1,-1,-1,1,1,-1,-1,1,1,-1,1,1,1,1,1,1,-1,1,1,1,-1,-1,-1,1,-1,-1,-1,1,-1,-1,1,-1,1,-1,1,-1,1,-1,-1,-1,1,1,-1,1,1,-1,1,-1,1,-1,1,1,-1,1,-1,1,-1,-1,-1,-1,1,-1,1,-1,-1,-1,-1,1,-1,1,-1,1,1,1,-1,-1,1,-1,1,1,-1,1,-1,1,-1,-1,1,-1,1,-1,-1,1,1,1,1,1,-1,1,1,1,1,-1,1,-1,-1,1,1,1,-1,-1,-1,1,1,1,1,-1,-1,-1,1,-1,1,-1,1,1,-1,-1,1,1,1,-1,-1,-1,-1,1,1,1,1,1,-1,-1,1,1,1,1,1,-1,-1,1,-1,1,-1,1,-1,-1,1,1,1,1,1,-1,-1,1,-1,1,-1,1,-1,-1,1,1,-1,1,1,-1,-1,1,1,1,1,1,1,-1,1,1,-1,1,1,1,1,-1,1,1,-1,1,-1,1,1,-1,1,1,1,1,1,1,-1,1,1,1,-1,1,-1,1,-1,1,1,1,-1,1,-1,1,-1,1,1,1,-1,-1,1,-1,1,1,1,1,-1,-1,1,1,1,1,-1,-1,-1,-1,1,1,1,1,1,-1,-1,1,1,1,-1,1,-1,-1,1,1,-1,-1,-1,1,-1,1,1,1,-1,-1,1,-1,1,1,-1,-1,1,1,-1,1,1,-1,-1,1,-1,-1,1,-1,-1,-1,1,-1,1,1,-1,-1,-1,-1,-1,-1,1,1,-1,-1,1,1,-1,1,1,1,-1,1,-1,-1,1,1,-1,-1,1,-1,1,1,-1,-1,-1,1,-1,1,1,1,-1,-1,-1,1,1,1,1,-1,-1,-1,-1,1,-1,1,-1,1,-1,1,1,1,1,1,-1,-1,-1,1,1,1,-1,1,-1,1,1,-1,1,-1,-1,1,1,1,1,-1,1,-1,-1,1,1,1,1,1,-1,-1,1,1,1,-1,1,1,-1,1,1,1,1,1,1,-1,1,1,1,1,1,1,-1,1,1,-1,1,1,-1,-1,1,1,-1,1,1,1,-1,1,-1,-1,1,1,1,-1,-1,1,-1,1,1,1,-1,1,1,-1,1,1,1,-1,1,1,-1,1,1,1,-1,-1,1,1,1,1,-1,1,-1,1,1,1,1,-1,1,-1,1,1,1,-1,-1,1,-1,1,1,-1,1,-1,-1,-1,1,-1,1,-1,1,-1,-1,1,-1,1,-1,-1,-1,-1,1,-1,1,-1,1,-1,-1,-1,1,1,-1,1,-1,-1,1,-1,1,-1,1,-1,-1,1,-1,1,1,1,1,-1,-1,1,-1,-1,-1,1,1,1,1,-1,-1,1,-1,-1,1,1,-1,-1,1,-1,-1,-1,-1,1,-1,1,-1,1,1,-1,1,-1,-1,-1,1,-1,-1,-1,-1,1,-1,1,1,1,-1,1,1,-1,1,1,-1,-1,-1,1,-1,1,1,1,1,-1,1,-1,1,1,1,-1,-1,1,-1,1,1,1,-1,-1,1,-1,1,1,-1,-1,-1,1,-1,-1,1,1,-1,-1,-1,1,-1,1,-1,1,-1,1,-1,-1,1,-2664.0,1,2000,445,1500,True
2104,-1,-1,1,1,1,1,-1,1,-1,-1,-1,1,-1,1,-1,-1,1,-1,1,1,-1,1,-1,-1,-1,1,-1,-1,-1,-1,-1,-1,1,1,-1,1,1,-1,-1,-1,1,-1,1,-1,-1,-1,-1,1,-1,-1,-1,-1,1,-1,1,-1,-1,1,-1,-1,-1,1,1,1,-1,-1,-1,-1,-1,-1,1,-1,-1,-1,-1,-1,-1,1,-1,-1,-1,1,1,-1,-1,-1,-1,-1,-1,1,-1,-1,-1,-1,-1,-1,-1,1,-1,1,-1,-1,-1,-1,1,-1,-1,-1,-1,-1,-1,1,-1,-1,-1,-1,-1,-1,1,-1,-1,-1,-1,-1,-1,1,-1,-1,1,-1,-1,-1,1,-1,-1,1,-1,-1,-1,-1,-1,-1,1,-1,-1,-1,1,-1,-1,-1,-1,-1,-1,-1,1,-1,1,1,-1,-1,1,-1,-1,-1,-1,-1,-1,1,1,-1,-1,-1,-1,-1,1,-1,-1,1,-1,-1,1,-1,1,-1,-1,-1,-1,1,1,-1,-1,1,-1,1,1,1,1,-1,1,-1,-1,1,1,1,-1,1,-1,-1,-1,1,1,-1,1,-1,-1,1,1,1,1,1,1,1,1,1,1,1,-1,1,-1,-1,1,1,1,-1,1,1,-1,1,1,1,-1,1,-1,1,1,1,1,-1,1,-1,-1,1,1,1,1,1,-1,1,1,1,-1,-1,1,-1,1,-1,1,-1,1,1,-1,1,-1,1,-1,1,1,-1,1,-1,1,-1,1,1,1,-1,1,1,-1,-1,1,-1,-1,1,1,-1,1,1,1,-1,-1,1,-1,1,1,-1,1,-1,1,1,-1,1,-1,-1,-1,1,-1,-1,1,-1,1,-1,-1,1,-1,1,1,1,-1,1,-1,-1,1,1,-1,-1,-1,-1,1,1,-1,1,-1,1,-1,1,1,1,-1,1,-1,-1,1,-1,1,-1,-1,-1,-1,1,1,1,1,1,1,-1,1,1,1,1,1,-1,-1,1,1,1,1,1,-1,-1,1,1,1,1,1,-1,-1,-1,-1,1,-1,1,1,-1,1,1,1,1,1,1,-1,-1,-1,1,1,-1,-1,-1,1,-1,-1,-1,1,1,-1,1,-1,1,-1,1,-1,1,-1,1,1,1,1,-1,1,-1,1,1,-1,1,-1,-1,-1,-1,1,1,1,1,-1,-1,1,-1,1,1,-1,-1,1,-1,-1,1,-1,1,-1,1,-1,1,-1,1,-1,-1,1,1,-1,1,-1,1,-1,-1,1,-1,1,1,-1,-1,-1,1,-1,-1,1,1,-1,-1,1,-1,1,1,-1,1,-1,1,-1,1,1,1,-1,1,1,-1,1,1,-1,-1,1,1,-1,1,-1,1,-1,1,-1,1,1,-1,1,-1,1,-1,-1,1,-1,-1,-1,1,-1,-1,1,-1,1,-1,1,-1,-1,1,-1,-1,1,-1,1,-1,-1,1,1,-1,1,1,-1,-1,1,1,-1,1,-1,-1,-1,1,1,1,1,1,-1,-1,1,1,-1,1,1,-1,-1,1,1,1,-1,1,1,-1,1,1,1,1,-1,1,1,-1,1,1,-1,1,-1,1,-1,-1,1,-1,-1,1,-1,-1,1,-1,-1,1,1,1,-1,1,1,-1,1,1,1,-1,-1,1,-1,-1,1,-1,-1,1,1,-1,-1,-1,-1,-1,1,1,-1,1,1,1,1,-1,1,-1,-1,1,1,-1,1,1,-1,-1,-1,1,-1,-1,1,1,-1,1,1,1,1,1,-1,1,1,1,-1,1,1,1,-1,1,1,-1,1,1,-1,1,1,1,-1,1,1,-1,-1,1,-1,1,1,1,-1,1,1,1,-1,1,1,1,1,1,1,1,1,1,1,1,1,1,1,1,1,-1,1,-1,1,-1,1,1,1,1,1,1,1,1,-1,1,1,-1,1,1,1,1,1,1,1,-1,1,1,1,1,1,1,1,1,1,1,-1,1,1,-1,1,1,-1,-1,1,1,1,-1,1,1,1,1,-1,1,1,1,-1,1,1,-1,1,-1,1,1,-1,-1,1,-1,-1,1,-1,1,1,-1,1,-1,1,1,1,-1,-1,1,-1,1,1,-1,1,-1,1,-1,1,1,-1,-1,-1,1,-1,1,-1,1,1,1,-1,-1,1,1,-1,-1,1,-1,-1,1,1,-1,-1,-1,1,-1,1,1,-1,-1,-1,1,-1,1,1,1,-1,1,1,-1,1,1,-1,-1,1,-1,-1,1,1,-1,-1,1,-1,1,1,1,-1,-1,-1,-1,-1,1,1,-1,-1,1,1,1,1,1,1,-1,1,-1,-1,1,1,-1,-1,1,1,1,1,1,-1,-1,1,-1,1,1,1,1,-1,-1,1,1,1,1,1,-1,-1,-1,1,-1,1,1,1,-1,1,1,1,1,1,-1,-1,-1,1,1,1,1,1,-1,1,1,-1,1,-1,-1,1,1,1,1,1,1,-1,-1,1,1,1,1,1,-1,-1,1,1,1,1,1,1,-1,1,1,1,1,1,1,-1,1,1,1,1,1,1,-1,1,1,-1,1,1,-1,-1,1,1,-1,1,1,1,-1,1,-1,-1,1,1,1,-1,-1,1,-1,1,1,1,-1,1,1,-1,1,-1,1,-1,1,1,-1,1,1,1,-1,-1,1,1,1,1,-1,1,-1,1,1,1,1,-1,1,-1,1,1,1,-1,-1,1,-1,1,1,-1,1,-1,-1,-1,1,-1,1,-1,1,-1,-1,1,-1,1,-1,-1,-1,-1,1,-1,1,-1,1,-1,-1,-1,1,1,-1,1,-1,-1,1,-1,1,-1,1,-1,1,-1,-1,1,1,1,1,-1,-1,1,1,-1,-1,1,1,-1,1,1,-1,1,-1,-1,1,1,-1,-1,1,-1,-1,-1,-1,1,-1,1,1,-1,1,1,-1,-1,1,-1,1,-1,-1,-1,-1,1,-1,-1,1,1,-1,1,1,-1,1,1,1,1,-1,1,-1,1,1,1,1,-1,1,-1,-1,-1,1,1,-1,1,-1,1,1,1,1,-1,1,-1,1,1,1,-1,-1,1,-1,-1,1,1,-1,-1,-1,1,-1,1,-1,1,-1,1,-1,-1,1,-2664.0,1,2000,445,1500,True
2105,-1,-1,1,1,1,1,-1,1,-1,-1,-1,1,-1,1,-1,-1,1,-1,1,1,-1,-1,-1,-1,-1,1,-1,-1,-1,-1,-1,-1,1,1,-1,-1,1,-1,-1,-1,1,-1,-1,-1,-1,-1,-1,-1,1,1,-1,-1,1,-1,1,-1,-1,1,-1,-1,-1,1,1,1,-1,-1,-1,-1,-1,-1,-1,1,-1,-1,-1,-1,-1,-1,1,-1,-1,1,1,-1,1,-1,-1,-1,-1,1,-1,-1,1,1,-1,-1,-1,1,1,1,-1,1,-1,-1,1,1,1,-1,-1,-1,-1,1,1,1,-1,1,-1,-1,1,1,1,-1,-1,-1,-1,1,1,1,-1,1,-1,-1,1,1,1,-1,-1,-1,-1,-1,1,1,-1,1,1,-1,1,1,1,1,1,-1,-1,-1,-1,1,1,1,-1,-1,1,1,1,1,-1,1,-1,1,-1,1,1,1,-1,-1,1,1,1,-1,1,-1,1,-1,-1,1,1,1,-1,1,1,1,1,-1,1,-1,1,1,-1,1,-1,1,-1,1,1,-1,1,-1,1,-1,-1,1,-1,1,-1,1,-1,1,1,-1,1,-1,1,-1,-1,1,-1,-1,1,1,-1,-1,1,-1,1,1,-1,1,-1,1,-1,1,-1,1,-1,1,1,-1,1,1,1,-1,-1,1,-1,1,1,1,-1,1,1,-1,1,-1,1,-1,1,-1,1,-1,1,1,-1,1,-1,-1,1,1,1,-1,1,-1,-1,-1,-1,1,1,-1,1,1,-1,-1,1,-1,-1,1,1,-1,1,1,1,-1,-1,1,-1,1,1,-1,1,-1,1,1,-1,1,-1,-1,-1,1,-1,-1,1,-1,1,-1,1,1,-1,1,1,1,-1,1,1,-1,1,1,-1,-1,1,-1,-1,1,-1,1,-1,1,-1,-1,1,1,-1,1,1,-1,1,-1,1,-1,-1,1,-1,1,1,1,1,1,1,-1,1,1,1,1,1,1,-1,1,1,1,1,1,1,-1,1,-1,1,1,1,1,-1,1,-1,1,-1,1,-1,1,1,-1,1,1,1,-1,1,-1,1,1,1,-1,1,1,1,1,-1,-1,1,1,1,1,-1,1,-1,1,1,1,1,-1,1,1,1,1,-1,1,-1,1,-1,1,1,1,1,-1,1,1,1,-1,1,1,1,-1,1,1,1,1,1,-1,-1,1,-1,1,1,-1,1,-1,1,1,1,1,1,1,-1,1,-1,-1,1,-1,1,-1,1,-1,-1,1,-1,1,-1,-1,1,-1,1,-1,1,-1,1,1,1,1,-1,1,-1,1,-1,-1,1,-1,-1,-1,-1,-1,1,1,-1,1,-1,1,-1,1,1,-1,-1,1,1,-1,1,-1,-1,-1,-1,1,-1,1,-1,-1,-1,1,-1,-1,1,1,1,-1,-1,1,-1,1,1,-1,-1,-1,-1,-1,1,-1,1,-1,-1,-1,-1,1,-1,1,-1,-1,1,-1,1,-1,1,-1,-1,-1,1,1,-1,1,-1,-1,-1,1,1,1,1,1,1,-1,1,1,-1,1,1,-1,1,-1,-1,-1,1,-1,1,1,-1,1,-1,1,-1,-1,1,-1,-1,1,1,-1,-1,-1,-1,1,-1,1,-1,-1,1,-1,1,-1,1,-1,-1,1,-1,1,-1,1,-1,1,1,-1,1,-1,1,-1,-1,-1,-1,1,-1,1,1,-1,-1,-1,1,-1,1,-1,1,1,-1,1,-1,-1,1,-1,-1,1,1,-1,1,1,1,-1,1,1,-1,-1,1,-1,1,-1,-1,-1,-1,1,-1,-1,1,-1,-1,1,1,-1,-1,1,1,-1,-1,1,1,-1,1,-1,-1,-1,1,-1,-1,1,1,-1,-1,1,1,-1,1,-1,-1,-1,1,-1,-1,1,1,-1,-1,1,1,-1,-1,1,-1,-1,1,1,-1,1,1,-1,-1,1,1,-1,1,1,-1,-1,1,1,-1,1,1,-1,1,-1,1,1,-1,1,1,1,-1,1,1,-1,1,-1,1,1,-1,1,1,1,1,-1,1,-1,1,-1,1,-1,1,-1,-1,1,-1,1,1,-1,1,-1,1,-1,1,1,-1,1,-1,1,-1,1,1,1,1,-1,1,-1,1,1,-1,-1,-1,1,1,1,1,1,1,-1,1,1,1,1,1,-1,1,-1,-1,1,1,-1,-1,-1,-1,1,1,-1,1,-1,1,-1,1,1,1,-1,-1,-1,-1,1,1,-1,-1,-1,-1,1,-1,1,-1,-1,-1,1,-1,1,1,-1,-1,-1,1,-1,1,1,-1,-1,-1,1,1,1,1,-1,1,-1,1,-1,1,1,1,-1,-1,-1,1,1,1,1,-1,-1,1,-1,1,1,-1,1,-1,-1,1,1,1,1,-1,-1,-1,-1,1,-1,1,-1,1,-1,1,1,1,1,1,-1,-1,1,1,1,1,-1,1,-1,1,1,-1,1,-1,-1,1,1,1,1,-1,1,-1,-1,1,1,1,1,1,-1,-1,1,1,1,-1,1,1,-1,1,1,1,1,1,1,-1,1,1,1,1,1,1,-1,1,1,-1,1,1,-1,-1,1,1,-1,1,1,1,-1,1,-1,1,1,1,1,-1,-1,1,-1,1,1,1,-1,1,1,-1,1,1,1,-1,1,1,-1,1,1,1,-1,-1,1,1,1,1,-1,1,-1,1,1,1,1,-1,1,-1,1,1,1,-1,-1,1,-1,1,1,-1,1,-1,-1,-1,1,-1,1,-1,1,-1,-1,1,-1,1,-1,-1,-1,-1,1,-1,1,-1,1,-1,-1,-1,1,1,-1,1,-1,-1,1,-1,1,-1,1,1,-1,1,-1,1,1,1,1,-1,-1,1,1,-1,-1,1,1,1,1,1,-1,1,-1,-1,1,1,-1,-1,1,-1,-1,-1,-1,1,-1,1,-1,1,1,1,-1,-1,-1,-1,1,-1,-1,-1,-1,1,-1,1,1,1,-1,1,1,-1,1,1,1,1,-1,1,-1,1,1,1,1,-1,1,-1,1,1,1,1,-1,1,-1,1,1,1,1,-1,1,-1,1,1,1,-1,-1,1,-1,-1,1,1,-1,-1,-1,1,-1,1,-1,1,-1,1,-1,-1,1,-2664.0,1,2000,445,1500,True
2106,-1,-1,1,1,1,-1,-1,1,-1,-1,-1,-1,1,1,-1,-1,1,-1,1,-1,-1,-1,-1,-1,-1,1,-1,-1,-1,-1,-1,-1,1,-1,-1,-1,1,-1,-1,1,-1,-1,-1,-1,-1,-1,-1,-1,1,1,-1,-1,1,1,-1,-1,-1,1,-1,-1,1,-1,-1,1,-1,-1,-1,-1,-1,-1,-1,1,-1,-1,1,-1,-1,-1,1,-1,-1,-1,-1,-1,1,-1,-1,1,-1,-1,-1,-1,1,-1,1,-1,-1,1,1,1,-1,1,-1,-1,1,1,1,-1,1,-1,-1,-1,1,1,-1,1,-1,-1,1,1,1,-1,1,1,-1,-1,1,1,-1,1,1,-1,1,1,1,-1,1,1,-1,1,1,1,-1,1,1,-1,1,1,1,1,1,1,-1,-1,-1,1,1,1,1,-1,1,1,1,1,1,1,-1,1,-1,1,1,1,-1,-1,1,1,1,-1,1,-1,1,-1,-1,1,1,1,-1,1,1,1,1,-1,1,1,1,1,-1,1,-1,1,-1,1,1,-1,1,-1,1,1,-1,1,-1,1,-1,1,-1,1,1,-1,1,-1,1,1,1,1,-1,-1,1,1,-1,-1,1,-1,1,1,-1,1,1,1,-1,1,-1,1,-1,1,1,-1,-1,1,1,1,-1,1,-1,1,1,1,-1,1,-1,-1,1,-1,1,-1,1,1,1,-1,1,1,-1,1,-1,-1,-1,1,1,-1,1,-1,-1,-1,-1,1,-1,-1,1,1,-1,-1,1,1,-1,1,1,-1,1,1,1,-1,-1,1,-1,1,1,-1,1,-1,1,1,-1,1,1,-1,-1,1,-1,-1,1,-1,1,-1,1,1,-1,1,1,1,-1,1,-1,-1,1,1,-1,-1,1,-1,1,1,1,1,-1,1,-1,-1,1,1,-1,1,1,-1,1,-1,1,-1,1,1,-1,1,1,1,1,1,1,-1,1,1,1,1,1,-1,-1,1,1,1,1,1,-1,-1,1,1,1,1,1,-1,-1,-1,-1,1,-1,1,1,-1,1,1,1,1,1,1,-1,-1,-1,1,1,-1,-1,-1,1,-1,-1,-1,1,1,-1,1,-1,1,-1,1,-1,1,-1,1,1,1,1,-1,1,-1,1,1,-1,1,-1,-1,-1,-1,1,1,1,1,-1,-1,1,-1,1,1,-1,-1,1,-1,-1,1,-1,-1,-1,1,-1,1,-1,1,1,-1,1,1,-1,1,-1,1,-1,-1,1,-1,1,-1,1,-1,-1,1,-1,-1,1,1,-1,-1,-1,-1,1,1,-1,1,-1,1,-1,1,-1,1,-1,1,1,-1,1,-1,1,-1,1,1,-1,1,-1,-1,-1,1,-1,1,1,-1,-1,-1,1,-1,-1,1,-1,1,-1,1,-1,1,-1,-1,-1,-1,1,-1,-1,1,-1,-1,-1,1,1,-1,1,-1,-1,-1,1,1,-1,1,-1,1,-1,1,-1,-1,1,-1,-1,1,1,1,-1,-1,1,-1,1,-1,1,1,-1,1,-1,-1,1,1,1,-1,1,-1,1,-1,1,1,1,-1,-1,-1,1,-1,-1,-1,1,1,-1,1,-1,1,-1,1,-1,1,1,-1,1,1,1,1,-1,1,-1,1,-1,1,1,-1,1,-1,-1,1,1,1,-1,1,-1,-1,-1,1,1,-1,1,-1,1,1,1,-1,-1,1,-1,1,1,1,1,-1,1,-1,-1,-1,1,1,-1,-1,1,1,-1,-1,1,-1,1,1,1,1,1,1,-1,-1,1,1,1,-1,-1,-1,1,1,1,1,-1,-1,-1,1,-1,1,-1,1,1,-1,-1,1,1,1,-1,-1,-1,1,1,1,1,1,1,-1,-1,1,1,1,-1,-1,-1,-1,1,-1,1,1,1,-1,-1,1,1,1,1,1,-1,-1,1,-1,1,1,1,-1,-1,1,1,-1,1,1,-1,-1,1,1,1,1,1,-1,1,-1,1,-1,1,1,1,1,-1,1,1,-1,1,-1,1,1,-1,1,1,1,1,1,1,-1,1,1,1,-1,1,-1,1,-1,1,1,1,-1,1,-1,1,-1,1,1,-1,1,-1,1,-1,1,1,1,1,-1,-1,1,1,1,-1,-1,-1,1,-1,1,1,1,1,1,-1,-1,1,1,1,-1,-1,1,-1,1,1,-1,-1,-1,1,-1,1,-1,1,-1,-1,1,-1,1,1,-1,-1,1,1,-1,1,-1,-1,-1,1,-1,-1,1,-1,-1,-1,1,-1,1,1,-1,-1,-1,-1,-1,-1,1,-1,-1,-1,1,1,-1,1,-1,1,-1,1,-1,-1,1,-1,-1,-1,1,1,1,1,-1,-1,-1,1,-1,1,1,-1,1,-1,-1,1,1,1,-1,-1,-1,-1,-1,1,-1,-1,-1,1,-1,1,1,-1,-1,-1,1,-1,-1,1,1,-1,1,-1,-1,1,1,1,-1,1,-1,1,1,1,-1,-1,1,-1,-1,1,1,1,-1,1,-1,-1,1,1,1,1,1,-1,-1,1,1,-1,1,1,-1,-1,1,1,1,1,1,-1,-1,1,1,1,1,-1,1,-1,1,1,-1,1,1,-1,-1,1,-1,1,1,1,1,-1,-1,1,-1,1,-1,1,-1,1,1,1,1,-1,1,-1,1,1,1,1,1,1,-1,-1,-1,1,1,1,-1,1,-1,1,1,1,1,-1,1,-1,1,1,1,-1,-1,1,-1,-1,1,-1,1,-1,-1,-1,1,1,1,-1,1,-1,-1,1,1,1,-1,-1,-1,-1,1,1,1,-1,-1,-1,-1,-1,1,1,-1,1,-1,-1,-1,1,1,-1,-1,1,-1,1,1,1,1,1,1,-1,-1,1,1,-1,-1,1,1,1,-1,1,-1,1,-1,-1,1,1,-1,-1,1,-1,-1,-1,1,1,-1,1,1,1,1,1,-1,-1,-1,-1,1,-1,-1,-1,-1,1,-1,1,1,1,-1,1,1,-1,1,1,1,1,-1,1,-1,1,1,1,-1,-1,1,-1,1,1,1,-1,1,1,-1,1,1,1,-1,-1,1,-1,1,1,1,1,-1,1,-1,-1,1,1,-1,-1,1,1,-1,1,1,1,-1,1,-1,-1,1,-2664.0,1,2000,445,1500,True
2107,-1,-1,1,1,1,1,-1,1,-1,-1,-1,1,-1,1,-1,-1,1,-1,1,1,-1,1,-1,-1,-1,1,-1,-1,-1,-1,-1,-1,1,1,-1,1,1,-1,-1,-1,1,-1,1,-1,-1,-1,-1,-1,1,-1,-1,-1,1,-1,1,-1,-1,1,-1,-1,-1,1,1,1,-1,1,-1,-1,-1,-1,1,-1,1,1,-1,-1,-1,1,-1,-1,-1,1,1,-1,-1,-1,-1,1,-1,1,-1,-1,-1,1,-1,-1,-1,1,-1,1,1,1,-1,-1,1,-1,-1,1,1,-1,-1,1,-1,-1,1,1,-1,-1,1,-1,-1,1,1,-1,-1,1,-1,-1,1,1,-1,-1,1,-1,1,1,1,1,-1,-1,-1,-1,1,1,-1,-1,1,-1,-1,1,1,1,-1,-1,1,-1,1,1,1,-1,1,-1,1,1,1,1,-1,1,-1,1,1,1,-1,-1,1,-1,1,1,1,-1,1,-1,1,1,1,1,-1,1,1,-1,1,1,1,1,1,1,-1,1,1,1,-1,1,1,-1,1,1,1,-1,-1,1,-1,1,1,1,-1,1,1,-1,1,1,1,1,1,1,-1,-1,1,1,-1,-1,1,-1,1,1,-1,1,-1,1,-1,1,1,1,-1,1,1,-1,1,1,-1,1,-1,1,-1,1,1,1,-1,1,1,-1,1,-1,1,-1,1,-1,1,-1,-1,1,-1,1,-1,-1,1,1,1,-1,1,-1,1,-1,1,1,-1,-1,1,1,-1,1,1,1,-1,1,1,-1,-1,-1,1,1,-1,1,-1,-1,-1,1,-1,-1,1,1,-1,-1,1,1,1,1,-1,-1,-1,1,-1,-1,-1,1,-1,-1,1,1,-1,1,-1,-1,-1,1,1,1,1,-1,-1,1,1,-1,1,1,-1,-1,1,1,-1,1,1,-1,1,-1,1,1,-1,1,-1,1,1,1,-1,1,1,-1,-1,1,1,-1,1,-1,-1,-1,1,1,-1,1,-1,-1,1,-1,1,-1,1,-1,-1,1,-1,1,-1,1,1,-1,1,-1,1,1,-1,1,-1,-1,1,1,-1,1,-1,-1,1,1,-1,-1,1,1,-1,1,-1,1,-1,1,-1,1,1,-1,1,1,1,-1,1,1,-1,1,-1,1,-1,-1,1,-1,1,1,-1,1,-1,1,1,-1,1,-1,-1,-1,1,-1,-1,1,-1,1,-1,-1,1,-1,1,-1,-1,-1,-1,1,-1,1,-1,1,-1,-1,1,-1,1,-1,-1,-1,-1,1,-1,-1,1,1,-1,-1,1,-1,1,1,-1,1,-1,1,-1,1,-1,1,-1,-1,-1,-1,1,-1,-1,1,-1,1,-1,1,-1,1,-1,-1,-1,1,1,1,1,-1,-1,-1,-1,1,-1,-1,-1,-1,-1,1,-1,-1,1,-1,1,-1,-1,1,-1,-1,1,-1,-1,-1,1,-1,1,-1,1,-1,-1,1,-1,1,-1,1,-1,-1,1,-1,1,1,1,-1,-1,-1,1,1,-1,1,-1,-1,-1,1,1,1,-1,1,1,-1,1,1,1,1,1,-1,1,-1,1,1,-1,1,-1,1,-1,-1,1,1,-1,1,-1,-1,1,-1,1,-1,1,1,-1,1,1,1,-1,1,1,-1,-1,1,1,-1,-1,-1,-1,1,1,1,-1,-1,-1,-1,1,1,1,-1,1,1,1,-1,1,1,-1,1,1,-1,1,1,1,-1,-1,1,-1,-1,1,1,-1,1,1,1,1,1,-1,1,1,1,-1,1,1,-1,1,1,1,-1,1,1,-1,1,1,1,-1,1,1,1,-1,1,-1,1,1,-1,-1,1,1,1,-1,1,-1,-1,1,1,1,1,1,1,-1,1,1,1,1,1,1,-1,1,-1,1,-1,1,-1,1,1,1,1,1,1,1,-1,1,-1,1,1,1,1,-1,1,1,-1,1,1,-1,-1,1,1,1,1,1,1,-1,1,1,-1,-1,1,-1,-1,1,1,1,-1,1,-1,-1,1,-1,-1,1,1,-1,-1,1,-1,1,-1,-1,-1,1,1,-1,1,-1,1,-1,-1,1,-1,1,-1,1,-1,-1,1,-1,1,-1,1,-1,-1,1,-1,1,-1,1,-1,-1,1,1,1,1,1,-1,1,1,-1,1,1,1,1,-1,1,-1,1,-1,1,-1,-1,1,1,-1,1,1,-1,1,1,1,-1,1,1,-1,-1,1,-1,-1,1,-1,-1,1,1,-1,1,-1,-1,1,-1,1,1,-1,1,1,-1,-1,1,1,-1,1,1,-1,-1,-1,1,1,1,1,-1,1,1,1,-1,1,1,-1,-1,1,-1,1,1,1,1,-1,-1,1,-1,1,1,-1,1,-1,-1,1,1,1,-1,-1,-1,-1,-1,1,-1,-1,-1,1,-1,1,1,1,1,-1,1,-1,1,1,1,-1,1,-1,-1,1,1,-1,1,-1,-1,1,1,1,1,-1,1,-1,-1,1,1,1,-1,1,-1,-1,1,1,1,1,1,-1,-1,1,1,1,1,1,-1,-1,1,1,1,1,1,-1,-1,1,1,-1,1,1,1,-1,1,1,-1,1,1,-1,-1,1,-1,1,1,1,1,-1,-1,1,-1,1,1,1,-1,1,1,-1,1,-1,1,-1,1,1,-1,1,1,1,1,-1,-1,1,1,1,-1,1,-1,1,1,1,1,1,-1,1,1,1,1,-1,1,1,-1,-1,1,-1,1,1,-1,-1,1,-1,1,1,-1,1,-1,1,-1,1,-1,-1,1,-1,1,-1,1,-1,1,-1,-1,-1,1,1,-1,-1,1,-1,-1,-1,1,-1,-1,1,-1,1,-1,1,1,-1,-1,-1,-1,1,1,-1,-1,-1,1,1,1,1,-1,1,1,-1,1,1,-1,-1,1,1,-1,-1,-1,1,-1,1,1,1,1,1,-1,-1,-1,-1,-1,-1,-1,-1,-1,-1,1,1,1,1,-1,1,1,-1,1,1,1,1,-1,1,-1,1,1,1,1,-1,1,-1,1,1,1,1,-1,1,-1,1,1,1,1,-1,1,-1,1,1,1,-1,-1,1,-1,1,1,1,-1,-1,-1,1,-1,1,1,1,-1,1,-1,1,1,-2664.0,1,2000,445,1500,True
2108,-1,-1,1,1,1,1,-1,1,-1,-1,-1,1,-1,1,-1,-1,1,-1,1,1,1,1,-1,-1,-1,1,-1,-1,-1,-1,-1,-1,1,1,-1,1,1,-1,-1,-1,1,-1,1,-1,-1,-1,-1,-1,1,-1,-1,-1,1,-1,1,-1,-1,1,-1,-1,-1,1,1,1,-1,1,-1,-1,-1,-1,1,-1,1,1,-1,-1,1,1,-1,-1,-1,1,1,-1,-1,-1,-1,1,-1,1,-1,-1,-1,1,-1,-1,-1,1,-1,1,1,1,-1,-1,1,-1,-1,1,1,-1,-1,1,-1,-1,1,1,-1,-1,1,-1,-1,1,1,-1,-1,1,-1,-1,1,1,-1,-1,1,-1,1,1,1,1,-1,1,-1,-1,1,1,-1,-1,-1,-1,-1,1,1,1,-1,1,1,-1,1,1,1,-1,1,-1,1,1,1,1,-1,1,-1,1,1,1,-1,-1,1,-1,1,1,1,-1,1,-1,1,1,1,1,-1,1,1,-1,1,1,1,1,1,1,-1,1,1,1,-1,1,1,-1,1,1,1,-1,-1,1,-1,1,-1,1,-1,1,1,-1,1,1,1,1,1,1,-1,-1,1,1,-1,-1,1,-1,1,1,-1,1,-1,1,-1,1,1,1,-1,1,1,-1,1,1,1,-1,-1,1,-1,1,1,1,-1,1,1,-1,1,-1,1,-1,1,-1,1,-1,1,1,-1,1,-1,-1,1,1,1,-1,1,-1,1,-1,-1,1,1,-1,1,1,-1,-1,1,-1,-1,1,1,-1,1,1,1,-1,-1,1,-1,1,1,-1,1,-1,1,1,-1,1,-1,-1,-1,1,-1,-1,1,-1,1,-1,-1,1,-1,1,1,1,-1,1,-1,-1,1,1,-1,-1,1,-1,-1,1,-1,1,-1,1,-1,-1,1,1,-1,1,1,-1,1,-1,1,-1,-1,1,-1,1,1,1,1,1,1,-1,1,1,1,1,1,-1,-1,1,1,1,1,1,-1,-1,1,-1,1,1,1,-1,-1,1,-1,1,-1,1,1,-1,1,-1,1,1,1,1,-1,-1,1,1,1,-1,-1,-1,1,1,-1,-1,1,1,-1,1,-1,1,-1,1,-1,1,1,-1,1,1,1,-1,1,1,-1,1,-1,1,-1,-1,1,-1,1,1,1,1,-1,1,1,-1,1,1,-1,-1,1,-1,-1,1,-1,1,-1,-1,1,-1,-1,1,-1,-1,-1,1,-1,1,-1,1,-1,1,1,-1,1,-1,-1,-1,-1,1,-1,-1,1,1,-1,-1,1,-1,1,1,-1,1,-1,1,-1,1,-1,1,-1,-1,-1,-1,-1,-1,-1,-1,-1,1,-1,1,-1,1,-1,-1,-1,1,1,-1,1,-1,-1,-1,-1,1,-1,-1,-1,-1,-1,1,-1,1,1,-1,-1,-1,-1,1,-1,-1,1,-1,-1,-1,-1,-1,1,-1,-1,-1,-1,-1,-1,1,-1,1,-1,-1,1,-1,1,1,1,-1,-1,-1,1,1,-1,1,-1,-1,-1,1,1,1,-1,1,1,-1,1,1,1,1,1,1,1,-1,1,1,-1,1,-1,1,-1,-1,1,1,-1,1,-1,-1,1,-1,1,-1,1,1,-1,1,1,1,-1,1,1,-1,-1,1,1,-1,-1,-1,-1,1,1,1,-1,-1,-1,-1,1,1,1,-1,1,1,1,-1,1,1,-1,1,1,-1,1,1,1,-1,-1,1,-1,-1,1,1,1,1,1,1,1,1,-1,1,1,1,-1,1,1,-1,1,1,1,-1,1,1,-1,1,1,1,-1,1,1,1,-1,1,-1,1,1,-1,-1,1,1,1,-1,1,-1,-1,1,1,1,1,1,1,-1,1,1,1,1,1,1,-1,1,-1,1,-1,1,-1,1,1,1,1,1,1,1,-1,1,-1,1,1,1,1,-1,1,1,-1,1,1,-1,-1,1,1,1,1,1,1,-1,1,1,-1,1,1,-1,1,-1,1,-1,1,1,-1,1,1,-1,1,1,1,-1,-1,1,-1,1,-1,-1,-1,1,-1,-1,1,-1,1,-1,-1,1,-1,1,1,1,-1,-1,1,-1,1,1,1,-1,-1,1,-1,1,-1,1,-1,-1,-1,-1,1,1,1,-1,1,1,-1,1,1,1,1,-1,-1,1,-1,1,1,-1,-1,-1,-1,-1,1,1,-1,1,-1,1,-1,1,1,1,-1,-1,-1,-1,1,-1,-1,-1,-1,-1,1,-1,-1,-1,-1,-1,1,-1,1,1,-1,-1,-1,1,-1,1,1,-1,-1,-1,1,1,1,1,-1,1,-1,1,-1,1,1,-1,-1,-1,-1,1,1,1,1,-1,-1,1,-1,1,1,-1,1,-1,-1,1,1,1,-1,-1,-1,-1,-1,1,-1,-1,-1,1,-1,1,1,1,1,-1,-1,-1,1,1,1,-1,1,1,-1,1,1,-1,1,-1,-1,1,1,1,1,-1,1,-1,-1,1,1,1,-1,1,-1,-1,1,1,1,1,1,1,-1,1,1,1,1,1,1,-1,1,1,1,1,1,1,-1,1,1,-1,1,1,-1,-1,1,1,-1,1,1,1,-1,1,-1,-1,1,1,1,-1,-1,1,-1,1,1,1,-1,1,1,-1,1,-1,1,-1,1,1,-1,1,1,1,-1,-1,1,1,1,1,-1,1,-1,1,1,1,1,-1,1,-1,1,1,1,-1,-1,1,-1,1,1,-1,1,-1,-1,-1,1,-1,1,-1,1,-1,-1,1,-1,1,-1,-1,-1,-1,1,-1,1,-1,1,-1,-1,-1,1,1,-1,1,-1,-1,-1,-1,1,-1,1,-1,-1,1,-1,1,1,1,1,-1,-1,1,-1,-1,-1,1,1,1,1,-1,-1,1,-1,-1,1,1,-1,-1,1,-1,-1,-1,-1,1,-1,1,1,1,1,-1,1,-1,1,-1,-1,-1,-1,-1,-1,1,-1,1,1,1,-1,1,1,-1,1,1,-1,-1,-1,1,-1,1,1,1,1,-1,1,-1,1,1,1,-1,-1,1,-1,1,1,1,1,-1,1,-1,1,1,-1,-1,-1,1,-1,-1,1,1,-1,-1,-1,1,-1,1,-1,1,-1,1,-1,-1,1,-2664.0,1,2000,445,1500,True
2109,1,1,-1,-1,1,1,-1,1,1,1,1,-1,-1,1,1,1,-1,1,-1,-1,-1,1,1,1,1,-1,-1,-1,1,1,1,1,1,-1,-1,1,-1,1,1,-1,-1,-1,1,1,1,1,1,-1,1,-1,1,1,-1,1,-1,-1,-1,-1,1,1,1,-1,-1,1,1,1,1,1,-1,-1,1,-1,1,1,1,-1,-1,1,-1,1,1,-1,-1,-1,-1,1,1,1,-1,-1,-1,-1,-1,1,1,-1,-1,1,-1,1,1,1,-1,-1,1,-1,-1,1,1,-1,-1,-1,-1,-1,1,1,-1,-1,1,-1,-1,1,1,1,-1,-1,-1,-1,1,1,1,-1,1,-1,-1,1,1,1,-1,1,-1,-1,-1,1,1,-1,1,-1,-1,-1,1,1,-1,-1,1,-1,1,1,1,-1,1,-1,-1,-1,1,1,-1,1,1,-1,1,1,-1,-1,1,-1,-1,1,1,-1,1,-1,1,-1,1,1,-1,1,1,-1,-1,-1,1,1,1,1,1,-1,-1,1,-1,1,1,1,-1,-1,1,1,-1,1,1,-1,1,1,-1,1,1,1,-1,1,1,1,1,1,1,1,-1,1,-1,-1,1,1,-1,-1,1,1,-1,1,1,-1,-1,1,-1,1,1,1,1,-1,1,1,-1,1,1,-1,1,1,-1,1,1,1,-1,-1,1,-1,1,-1,1,1,1,1,-1,1,-1,1,1,1,1,-1,1,-1,1,1,1,1,-1,-1,1,1,1,-1,1,1,-1,1,1,-1,1,1,1,1,-1,1,1,-1,1,-1,1,-1,1,1,1,1,1,1,1,1,1,1,1,-1,-1,1,1,-1,1,1,1,1,-1,1,1,1,1,1,1,-1,1,1,1,1,1,-1,-1,1,1,1,1,1,-1,1,1,1,1,-1,1,1,-1,1,1,1,1,1,-1,1,1,1,1,1,1,-1,1,-1,1,1,1,1,-1,1,-1,1,1,1,1,-1,1,-1,1,-1,-1,1,-1,1,1,-1,1,1,1,1,-1,1,-1,1,-1,1,-1,1,-1,-1,1,-1,-1,-1,1,1,1,1,-1,1,-1,1,-1,1,-1,1,1,1,1,-1,1,-1,1,1,-1,1,-1,-1,-1,-1,1,1,1,1,-1,-1,1,1,1,1,-1,-1,1,-1,-1,1,-1,1,-1,1,-1,1,1,-1,-1,-1,1,1,-1,1,-1,1,-1,-1,1,-1,1,1,-1,-1,-1,1,-1,-1,1,1,-1,-1,1,-1,1,1,-1,1,-1,1,-1,-1,1,1,-1,1,1,-1,1,1,-1,-1,1,1,-1,1,-1,1,-1,1,-1,-1,1,-1,1,-1,1,-1,-1,1,-1,-1,-1,1,-1,-1,1,-1,1,-1,1,-1,-1,1,-1,-1,1,-1,1,-1,1,-1,1,-1,1,1,-1,-1,-1,1,-1,1,-1,-1,1,-1,1,1,1,1,-1,-1,1,1,-1,-1,1,-1,-1,1,1,1,1,1,1,-1,1,1,1,-1,1,1,1,-1,1,1,-1,1,-1,1,1,-1,1,-1,-1,1,-1,-1,1,-1,-1,-1,1,1,-1,1,1,-1,-1,1,1,-1,-1,1,-1,-1,-1,-1,-1,1,1,-1,-1,-1,-1,-1,1,1,-1,-1,1,1,1,1,1,-1,-1,1,1,-1,-1,1,-1,-1,-1,1,-1,-1,1,1,-1,1,1,1,-1,1,1,-1,-1,1,-1,-1,1,1,-1,-1,1,-1,1,1,-1,-1,1,1,-1,1,1,-1,1,1,-1,1,1,1,1,-1,1,1,-1,-1,1,-1,1,1,1,1,-1,1,1,-1,-1,1,1,1,1,1,-1,1,1,-1,-1,1,1,-1,-1,1,1,-1,1,1,-1,-1,1,1,-1,1,1,-1,-1,-1,1,-1,1,1,-1,-1,1,1,-1,1,1,1,-1,-1,1,-1,-1,-1,1,-1,1,-1,-1,1,-1,1,-1,1,1,-1,1,1,-1,-1,1,1,-1,1,-1,-1,1,-1,1,-1,1,1,-1,-1,1,-1,-1,-1,1,-1,-1,1,-1,-1,-1,1,-1,1,-1,1,-1,-1,-1,-1,-1,-1,-1,-1,-1,1,1,1,-1,-1,-1,-1,-1,-1,1,-1,-1,-1,-1,1,-1,-1,1,-1,-1,-1,1,-1,-1,1,-1,-1,-1,-1,-1,1,1,-1,-1,-1,-1,-1,1,-1,-1,-1,1,-1,-1,1,-1,1,-1,-1,-1,-1,-1,-1,-1,1,-1,-1,-1,1,1,-1,-1,-1,1,-1,1,-1,-1,-1,-1,-1,-1,1,-1,1,-1,-1,-1,-1,1,-1,1,1,-1,1,-1,-1,1,1,-1,-1,-1,-1,-1,-1,1,1,-1,-1,1,-1,1,1,-1,-1,-1,1,-1,-1,1,-1,-1,1,-1,-1,1,1,1,-1,1,-1,1,1,1,-1,-1,1,-1,-1,1,-1,1,-1,1,-1,-1,1,1,-1,1,1,-1,-1,1,1,1,1,1,-1,-1,1,1,-1,1,1,-1,-1,1,1,1,1,1,1,-1,-1,1,1,1,1,-1,-1,1,-1,1,1,1,1,-1,-1,1,-1,1,1,1,-1,1,1,1,1,-1,1,-1,1,1,1,1,1,1,1,-1,1,1,1,1,-1,1,-1,1,1,1,1,1,-1,1,1,1,1,-1,1,1,-1,1,1,-1,1,1,-1,-1,1,1,1,1,-1,1,-1,1,1,1,-1,-1,1,-1,1,1,1,-1,1,-1,-1,-1,1,1,-1,-1,1,-1,-1,1,1,-1,-1,1,-1,-1,1,1,1,-1,1,-1,-1,1,1,-1,-1,-1,1,-1,1,1,-1,1,1,-1,1,1,-1,-1,1,1,-1,-1,1,1,-1,1,1,-1,1,1,-1,-1,-1,-1,1,-1,-1,-1,-1,1,-1,-1,1,1,-1,1,1,-1,1,1,1,1,-1,1,-1,1,1,1,-1,-1,1,-1,-1,1,1,-1,-1,1,-1,1,1,1,-1,-1,1,-1,1,1,1,1,-1,1,-1,-1,1,1,-1,-1,-1,1,-1,1,-1,1,-1,1,-1,-1,1,-2664.0,1,2000,445,500,False
2110,1,1,-1,-1,1,-1,-1,-1,1,1,1,-1,1,1,-1,1,-1,1,-1,-1,-1,1,1,1,1,-1,-1,-1,1,1,1,1,-1,-1,-1,-1,1,-1,1,1,-1,-1,-1,1,1,1,1,-1,1,1,1,1,-1,1,-1,-1,1,-1,1,1,1,-1,-1,1,1,1,1,1,-1,-1,1,1,1,1,1,-1,-1,-1,1,1,1,-1,-1,-1,1,1,1,1,-1,-1,-1,1,1,1,1,-1,-1,1,1,-1,1,1,-1,-1,1,1,1,1,1,-1,-1,-1,1,1,1,1,-1,-1,1,1,1,1,1,1,-1,-1,1,1,-1,1,1,-1,1,1,1,1,1,1,-1,1,1,1,1,1,1,-1,1,1,1,1,1,1,-1,-1,-1,1,1,1,1,-1,1,-1,1,1,-1,1,-1,1,-1,1,1,1,-1,-1,1,1,1,1,1,-1,1,-1,-1,1,1,1,-1,1,1,1,1,-1,1,1,1,1,-1,1,-1,1,-1,1,1,-1,1,-1,1,1,-1,1,-1,1,-1,1,-1,1,1,-1,1,-1,1,1,1,1,-1,-1,1,1,-1,-1,1,-1,1,-1,1,1,-1,1,-1,1,-1,1,-1,1,1,-1,1,-1,1,1,-1,1,-1,1,1,1,-1,1,1,-1,1,-1,1,-1,1,-1,1,-1,1,1,-1,1,-1,-1,-1,-1,1,-1,1,-1,-1,-1,1,1,-1,-1,1,1,-1,1,1,1,-1,1,1,-1,1,1,1,-1,-1,1,-1,1,1,-1,1,-1,1,1,1,-1,1,-1,-1,1,-1,-1,1,-1,1,-1,1,1,-1,1,1,1,-1,1,1,1,1,1,-1,-1,1,-1,1,1,1,1,-1,1,-1,1,1,1,-1,1,1,-1,-1,1,1,-1,-1,1,-1,1,1,1,1,1,1,-1,1,1,1,1,1,1,-1,1,1,1,1,1,1,-1,-1,1,1,1,1,1,-1,1,-1,1,1,1,1,1,-1,1,1,1,1,1,1,-1,1,1,1,-1,1,1,-1,-1,-1,-1,1,1,1,-1,1,1,-1,1,1,-1,-1,1,1,1,1,1,-1,1,1,1,-1,1,1,1,-1,-1,1,1,1,-1,1,-1,1,-1,1,1,1,1,-1,-1,-1,1,-1,-1,1,1,-1,1,-1,1,1,1,1,1,-1,1,-1,-1,1,-1,1,-1,1,-1,1,1,1,1,-1,-1,1,-1,1,1,1,-1,1,1,1,-1,1,1,-1,1,-1,-1,1,1,1,-1,-1,-1,1,1,1,1,-1,1,-1,-1,1,1,-1,1,1,1,-1,1,1,-1,-1,1,-1,1,1,1,-1,1,-1,1,-1,1,1,-1,-1,1,-1,1,1,1,1,-1,-1,-1,-1,-1,1,1,-1,-1,-1,1,-1,1,-1,-1,1,-1,-1,1,-1,1,-1,-1,1,-1,1,-1,1,1,-1,1,-1,-1,1,1,1,-1,1,-1,1,-1,1,-1,1,-1,-1,1,1,-1,-1,-1,1,-1,1,1,-1,1,1,1,-1,1,1,-1,1,-1,1,-1,-1,1,-1,-1,1,1,-1,-1,1,-1,-1,1,1,1,-1,1,-1,-1,1,1,-1,-1,1,-1,-1,-1,1,1,-1,1,1,-1,-1,1,1,-1,1,-1,1,-1,1,1,-1,-1,1,-1,-1,-1,-1,-1,1,1,1,-1,1,1,-1,-1,1,-1,1,-1,-1,-1,-1,1,-1,-1,-1,-1,-1,1,1,-1,1,1,-1,-1,-1,1,1,-1,-1,-1,-1,-1,1,-1,-1,1,-1,-1,-1,1,1,-1,-1,-1,-1,-1,1,-1,-1,1,-1,-1,1,1,1,-1,1,-1,-1,-1,1,1,-1,-1,-1,-1,-1,1,1,1,-1,-1,-1,-1,1,1,-1,-1,-1,-1,1,-1,1,1,-1,-1,1,1,-1,1,1,-1,-1,-1,1,1,1,-1,1,-1,1,1,1,1,-1,1,-1,-1,1,-1,1,-1,1,-1,-1,1,-1,1,-1,-1,-1,-1,1,-1,1,-1,1,1,-1,1,-1,1,-1,1,1,1,-1,1,1,-1,-1,-1,-1,1,-1,-1,-1,-1,-1,-1,1,-1,1,-1,-1,-1,-1,1,1,-1,1,-1,-1,-1,1,1,-1,1,-1,-1,-1,-1,-1,1,1,-1,-1,-1,-1,-1,1,-1,-1,-1,1,-1,-1,1,-1,1,-1,-1,-1,-1,-1,-1,-1,1,-1,-1,-1,1,1,1,-1,-1,-1,1,-1,-1,-1,-1,1,-1,-1,1,1,1,-1,-1,-1,-1,1,-1,1,1,-1,1,-1,-1,1,1,-1,-1,-1,-1,-1,-1,1,1,-1,-1,1,-1,1,1,-1,-1,-1,1,-1,1,1,-1,-1,1,-1,-1,1,1,1,-1,1,-1,1,1,1,-1,-1,1,-1,-1,1,1,1,-1,1,-1,-1,1,1,-1,1,1,-1,-1,1,1,-1,1,1,-1,-1,1,1,-1,1,1,-1,-1,1,1,1,1,1,1,-1,1,1,1,1,1,-1,-1,1,-1,1,1,1,1,-1,-1,1,-1,1,1,1,-1,1,1,1,1,-1,1,-1,1,1,1,1,1,1,-1,-1,1,1,1,1,-1,1,-1,1,1,1,1,-1,1,-1,1,1,1,-1,-1,1,-1,1,1,-1,1,-1,-1,-1,1,1,1,-1,1,-1,-1,1,1,1,-1,-1,-1,-1,1,1,1,-1,-1,1,-1,-1,1,1,-1,1,-1,-1,1,1,1,-1,1,-1,-1,1,1,1,1,1,1,-1,-1,1,1,-1,-1,1,1,1,-1,1,-1,1,-1,-1,1,1,-1,-1,1,-1,-1,-1,1,1,-1,1,1,1,1,1,-1,-1,-1,-1,-1,-1,-1,-1,-1,1,-1,1,1,1,-1,1,1,-1,1,1,1,1,-1,1,-1,1,1,1,-1,-1,1,-1,1,1,1,-1,-1,1,-1,1,1,1,-1,-1,1,-1,1,-1,1,1,-1,1,-1,-1,1,1,-1,-1,-1,1,-1,1,-1,1,-1,1,-1,-1,1,-2664.0,1,2000,445,1000,False
2111,1,1,-1,-1,1,-1,-1,1,1,1,1,-1,1,1,1,1,-1,1,-1,-1,-1,1,1,1,1,-1,1,-1,1,1,1,1,-1,-1,-1,1,-1,1,1,1,-1,-1,1,1,1,1,1,-1,1,-1,1,1,-1,1,-1,-1,-1,-1,1,1,1,-1,-1,1,1,1,1,1,-1,-1,1,-1,1,1,1,-1,-1,1,-1,1,1,-1,-1,-1,-1,1,1,1,-1,-1,-1,-1,-1,1,1,-1,-1,1,-1,1,1,1,-1,-1,1,-1,-1,1,1,-1,-1,-1,-1,-1,1,1,-1,-1,1,-1,-1,1,1,1,-1,-1,-1,-1,1,1,1,-1,1,-1,-1,1,1,1,-1,1,-1,-1,1,1,1,-1,1,-1,-1,-1,1,1,-1,-1,1,-1,-1,1,1,-1,1,-1,-1,-1,1,1,-1,1,1,-1,1,1,-1,-1,1,-1,-1,1,1,-1,1,-1,1,-1,1,1,-1,1,1,-1,-1,-1,1,1,1,1,1,-1,-1,1,-1,1,1,1,-1,-1,1,1,-1,1,1,-1,1,1,-1,1,1,1,-1,1,1,1,1,1,1,1,-1,1,-1,-1,1,1,-1,-1,1,1,1,1,1,-1,-1,1,-1,1,1,1,1,-1,1,1,-1,1,1,-1,1,1,-1,1,-1,1,-1,-1,1,-1,1,1,1,1,1,1,-1,1,-1,1,1,1,1,-1,1,-1,1,1,1,1,-1,-1,1,1,1,1,1,1,-1,1,1,-1,-1,1,1,-1,-1,1,1,1,1,-1,1,-1,1,1,1,-1,1,-1,-1,1,1,1,1,-1,1,-1,1,-1,1,1,1,1,-1,1,1,1,1,1,1,-1,1,1,1,1,1,1,1,1,1,1,1,1,-1,1,1,1,-1,1,1,-1,1,1,1,-1,1,1,1,-1,1,-1,1,1,1,1,-1,1,1,-1,1,1,1,-1,1,1,-1,1,1,-1,-1,1,1,1,-1,1,1,-1,-1,1,-1,1,1,1,1,-1,1,1,-1,1,1,-1,1,1,-1,-1,-1,-1,-1,1,1,-1,1,1,-1,-1,1,-1,1,1,1,1,-1,1,-1,-1,1,1,-1,-1,1,1,1,-1,1,1,1,-1,1,-1,1,1,1,1,1,1,-1,-1,-1,1,1,1,1,-1,1,-1,1,-1,1,1,1,-1,-1,1,1,-1,1,-1,1,-1,1,-1,1,1,1,1,-1,-1,1,-1,1,1,-1,-1,1,1,1,-1,1,-1,-1,-1,1,-1,1,-1,-1,-1,1,1,1,1,-1,1,-1,1,1,1,1,-1,-1,-1,1,1,-1,1,-1,-1,-1,1,-1,1,1,-1,-1,-1,1,1,-1,1,1,-1,-1,1,-1,1,-1,1,-1,-1,1,-1,-1,-1,1,-1,-1,-1,-1,1,-1,1,-1,-1,1,1,-1,1,1,-1,-1,-1,1,-1,1,1,-1,-1,-1,1,-1,-1,1,1,1,-1,1,-1,1,-1,1,-1,1,-1,1,1,-1,-1,1,-1,1,-1,1,-1,1,-1,1,1,1,-1,-1,-1,-1,-1,1,1,1,-1,-1,-1,1,1,-1,1,-1,-1,-1,1,1,1,1,-1,-1,1,1,1,1,1,-1,-1,-1,-1,1,1,1,-1,1,-1,-1,1,-1,1,-1,-1,1,-1,1,-1,1,1,-1,-1,-1,-1,-1,1,1,-1,1,-1,1,-1,1,1,-1,-1,1,-1,1,1,-1,-1,-1,-1,-1,1,1,-1,1,-1,1,1,1,1,1,-1,-1,-1,-1,-1,1,-1,1,-1,-1,1,-1,1,1,-1,1,-1,-1,1,1,1,-1,1,-1,1,-1,1,1,-1,1,-1,-1,-1,1,1,-1,1,-1,1,-1,1,1,1,-1,1,-1,-1,1,1,-1,-1,-1,1,-1,1,1,-1,-1,1,-1,-1,-1,-1,1,-1,1,-1,-1,1,-1,-1,1,-1,1,-1,1,1,-1,1,-1,1,-1,1,-1,1,-1,1,-1,-1,1,1,-1,1,-1,-1,-1,-1,1,-1,1,-1,1,-1,-1,1,-1,1,1,-1,-1,-1,-1,1,1,1,1,-1,-1,1,-1,-1,1,1,-1,-1,-1,-1,1,-1,1,-1,-1,1,1,-1,1,1,-1,-1,1,-1,-1,1,1,-1,-1,-1,-1,1,-1,1,-1,-1,-1,-1,-1,1,-1,-1,1,-1,-1,1,-1,1,-1,-1,-1,-1,-1,1,1,1,-1,-1,-1,1,1,1,-1,-1,-1,1,-1,-1,1,-1,-1,-1,-1,1,1,1,-1,-1,-1,-1,1,-1,1,1,-1,1,-1,-1,1,1,-1,-1,-1,-1,-1,-1,1,1,-1,-1,1,-1,1,1,-1,-1,-1,1,-1,1,1,-1,-1,1,-1,-1,1,1,1,-1,1,-1,1,1,1,-1,-1,1,-1,-1,1,1,1,-1,1,-1,-1,1,1,-1,1,1,-1,-1,1,1,-1,1,1,-1,-1,1,1,-1,1,1,-1,-1,1,1,1,1,-1,1,-1,-1,1,1,-1,1,-1,-1,1,-1,1,1,1,1,-1,-1,1,-1,1,-1,1,-1,1,1,1,1,-1,1,-1,1,1,1,1,1,1,-1,-1,1,1,1,1,-1,1,-1,1,1,1,1,1,-1,1,1,1,1,-1,-1,1,-1,1,1,-1,1,-1,-1,-1,1,1,1,-1,1,-1,-1,1,1,1,-1,-1,-1,-1,1,1,1,-1,-1,1,-1,-1,1,1,-1,1,-1,-1,-1,1,1,-1,1,-1,1,-1,1,1,1,1,1,-1,-1,1,1,-1,-1,1,1,-1,-1,1,-1,1,-1,-1,1,1,-1,-1,1,-1,-1,-1,1,1,-1,1,1,-1,1,1,-1,-1,-1,1,-1,-1,-1,-1,-1,1,-1,1,1,1,-1,1,1,1,-1,1,1,1,-1,1,1,-1,1,1,-1,-1,1,1,1,1,1,-1,1,-1,1,-1,1,1,-1,-1,1,1,-1,-1,1,1,-1,1,1,1,1,1,-1,-1,1,1,-1,1,-1,1,-1,1,-1,1,1,-2664.0,1,2000,445,1000,True
2112,1,1,-1,-1,1,-1,-1,-1,1,1,1,-1,1,1,1,1,-1,1,-1,-1,-1,-1,1,1,1,-1,-1,-1,1,1,1,1,1,-1,-1,-1,1,-1,1,1,-1,-1,-1,1,1,1,-1,-1,1,1,1,1,-1,1,-1,-1,1,-1,1,1,-1,-1,-1,-1,1,1,1,-1,-1,-1,-1,1,1,1,1,-1,-1,-1,1,1,1,-1,-1,-1,1,1,1,1,-1,1,1,1,1,1,1,-1,-1,-1,1,-1,1,1,-1,-1,1,1,1,1,1,-1,-1,-1,1,1,1,1,-1,-1,1,1,1,1,1,1,-1,-1,1,1,-1,1,1,-1,1,1,1,1,1,1,-1,1,1,1,1,1,1,-1,1,1,1,1,1,1,-1,1,-1,1,1,1,1,-1,1,1,1,1,-1,1,-1,1,-1,1,1,1,-1,1,1,1,1,1,1,-1,1,-1,-1,1,-1,1,-1,1,1,1,1,1,1,-1,1,1,1,1,-1,1,1,-1,1,-1,1,-1,1,-1,-1,1,-1,1,-1,1,-1,-1,1,-1,1,-1,1,1,-1,-1,-1,-1,1,1,-1,-1,1,-1,1,-1,-1,1,-1,-1,-1,1,-1,1,-1,1,-1,-1,-1,-1,1,-1,1,-1,-1,1,1,1,1,1,-1,-1,1,-1,-1,1,-1,-1,1,-1,1,-1,1,-1,-1,-1,-1,1,1,1,1,-1,-1,-1,1,1,-1,1,-1,1,-1,-1,1,1,1,-1,1,-1,1,1,-1,1,-1,1,-1,1,1,1,-1,-1,1,1,-1,1,1,1,-1,1,-1,-1,1,-1,1,-1,1,1,-1,1,1,1,-1,1,-1,-1,1,1,1,-1,1,-1,1,1,1,-1,-1,1,-1,1,1,-1,-1,1,1,-1,-1,1,1,1,-1,1,-1,1,1,1,-1,1,1,-1,1,1,1,-1,1,-1,-1,1,1,1,-1,1,-1,-1,-1,1,1,-1,1,-1,-1,1,-1,1,-1,1,1,-1,-1,1,1,1,1,1,-1,-1,1,1,-1,1,-1,-1,-1,-1,-1,-1,1,1,-1,-1,1,1,-1,1,-1,1,-1,1,1,1,1,-1,-1,1,1,1,-1,1,-1,-1,-1,-1,1,1,1,1,-1,-1,1,1,1,1,-1,-1,1,-1,-1,1,-1,1,-1,-1,1,-1,1,1,-1,-1,1,1,-1,1,-1,1,-1,-1,1,-1,1,1,-1,-1,-1,1,-1,-1,1,1,-1,-1,1,-1,1,1,-1,1,-1,1,-1,-1,1,1,-1,-1,1,-1,1,1,-1,-1,1,1,-1,1,-1,1,-1,1,-1,-1,1,-1,1,-1,1,-1,-1,1,-1,-1,-1,1,-1,-1,1,-1,1,-1,1,-1,-1,1,-1,-1,1,-1,1,-1,1,-1,1,-1,1,1,-1,-1,-1,1,-1,1,-1,-1,1,-1,1,1,1,1,-1,-1,1,1,-1,1,1,-1,-1,1,1,1,-1,1,1,-1,1,1,1,1,-1,-1,1,-1,-1,-1,1,-1,-1,1,1,1,-1,1,-1,1,-1,-1,-1,1,1,-1,1,1,-1,-1,-1,1,-1,1,1,-1,1,-1,1,-1,-1,-1,-1,-1,-1,1,-1,-1,-1,-1,-1,-1,1,-1,1,1,1,1,-1,1,-1,1,1,-1,-1,-1,1,-1,-1,1,-1,1,-1,-1,1,1,1,1,-1,-1,1,1,1,1,-1,1,-1,-1,1,1,1,-1,-1,-1,1,1,1,1,-1,-1,-1,1,-1,1,-1,1,-1,-1,-1,1,1,1,-1,-1,-1,1,1,1,1,1,-1,-1,-1,1,1,1,1,-1,-1,-1,1,-1,1,-1,-1,-1,1,1,1,1,1,-1,-1,-1,1,1,1,1,-1,-1,-1,1,1,-1,1,-1,-1,-1,1,1,1,1,-1,-1,1,1,1,1,-1,-1,1,1,-1,1,1,-1,-1,-1,1,1,1,1,1,-1,1,1,1,1,1,-1,-1,-1,1,-1,1,-1,-1,-1,-1,1,-1,1,1,1,-1,-1,1,-1,1,1,-1,1,-1,1,1,1,1,-1,1,-1,1,-1,1,1,-1,-1,-1,1,1,-1,-1,-1,-1,-1,1,-1,1,-1,-1,-1,-1,-1,-1,-1,1,-1,-1,-1,1,-1,-1,1,-1,-1,-1,-1,-1,-1,1,-1,-1,-1,-1,-1,1,-1,-1,-1,1,-1,-1,1,-1,1,-1,-1,-1,-1,-1,-1,-1,1,-1,-1,-1,1,1,1,-1,-1,1,-1,-1,-1,-1,-1,1,-1,-1,1,1,1,-1,-1,1,-1,1,-1,1,1,-1,1,-1,-1,1,1,-1,-1,-1,-1,-1,-1,1,1,-1,-1,1,-1,1,1,-1,-1,-1,1,-1,1,1,-1,-1,1,1,-1,1,1,1,-1,1,-1,1,1,1,-1,-1,1,-1,-1,1,1,1,1,-1,1,-1,1,1,1,-1,1,-1,-1,1,1,1,1,-1,1,-1,1,1,1,1,1,-1,-1,1,1,1,1,1,-1,-1,-1,1,1,1,-1,-1,-1,1,-1,1,1,1,-1,-1,-1,1,-1,1,1,-1,-1,1,1,1,1,1,-1,1,1,1,1,1,1,-1,1,-1,1,1,1,1,-1,1,-1,1,1,1,-1,1,-1,1,1,1,1,1,1,1,-1,1,1,1,-1,1,-1,-1,1,1,1,1,-1,1,-1,1,1,1,1,-1,1,-1,1,1,1,1,-1,-1,-1,-1,1,1,-1,1,1,-1,-1,1,1,-1,1,-1,1,-1,1,1,1,-1,1,-1,-1,1,-1,-1,1,-1,1,-1,-1,1,-1,1,1,-1,1,1,-1,1,1,-1,-1,-1,1,-1,1,1,1,-1,1,1,-1,1,1,-1,1,-1,-1,-1,1,1,-1,-1,1,1,-1,1,1,-1,1,1,1,-1,1,1,-1,1,1,1,-1,1,1,-1,-1,1,1,-1,-1,1,-1,1,1,1,-1,-1,1,-1,1,1,1,1,-1,1,-1,-1,1,1,1,-1,1,1,-1,1,1,1,-1,1,-1,-1,1,-2664.0,1,2000,445,500,True
2113,1,1,1,1,1,1,-1,1,1,-1,-1,1,-1,1,1,1,1,-1,1,1,-1,1,1,-1,-1,1,-1,-1,1,1,1,-1,1,1,-1,1,-1,1,-1,-1,1,-1,1,1,1,-1,-1,1,-1,-1,1,-1,1,-1,1,-1,1,-1,1,-1,-1,1,1,-1,1,1,-1,-1,-1,-1,1,-1,1,1,-1,-1,-1,1,-1,1,1,1,1,-1,-1,1,1,-1,-1,1,-1,1,-1,1,-1,-1,-1,1,-1,1,1,1,-1,-1,1,-1,-1,1,1,-1,-1,1,-1,-1,1,1,-1,-1,1,-1,-1,1,1,-1,-1,1,-1,-1,1,1,-1,-1,-1,-1,-1,1,1,1,-1,-1,-1,-1,1,1,1,-1,1,-1,-1,-1,1,-1,-1,-1,1,-1,-1,1,1,-1,-1,-1,-1,-1,1,1,-1,-1,1,-1,1,1,-1,-1,-1,-1,-1,1,1,-1,-1,1,1,-1,1,1,-1,-1,-1,-1,-1,-1,1,-1,1,-1,1,-1,1,1,-1,1,-1,1,-1,-1,1,-1,-1,-1,1,-1,1,1,1,1,-1,1,-1,1,1,-1,-1,-1,1,1,-1,1,-1,-1,1,1,1,-1,1,-1,-1,-1,1,-1,-1,1,-1,1,-1,1,1,-1,-1,-1,1,-1,1,-1,1,1,-1,1,-1,1,-1,-1,1,1,-1,-1,1,1,1,1,1,-1,-1,1,1,-1,1,1,-1,-1,1,1,1,1,1,-1,-1,1,1,1,1,1,1,-1,1,1,-1,-1,1,1,-1,1,1,-1,-1,1,1,-1,1,-1,1,-1,1,1,-1,1,1,1,-1,-1,1,-1,1,-1,1,-1,1,1,-1,1,1,1,-1,1,-1,1,1,1,-1,1,1,-1,-1,1,1,-1,1,1,-1,1,1,1,-1,1,1,1,-1,1,1,1,1,1,-1,1,1,1,1,1,1,-1,1,-1,1,-1,1,1,-1,1,-1,1,1,-1,1,-1,1,-1,1,1,-1,1,-1,1,1,-1,1,-1,1,1,-1,1,-1,1,-1,1,-1,1,-1,-1,1,1,-1,-1,1,1,-1,1,-1,1,-1,1,-1,1,1,-1,1,1,1,1,-1,1,-1,1,-1,1,-1,-1,1,-1,1,1,1,1,-1,1,1,1,1,1,-1,-1,1,-1,-1,1,-1,1,-1,-1,1,-1,1,1,-1,-1,-1,1,-1,1,-1,1,-1,-1,1,-1,1,1,-1,-1,-1,1,-1,-1,1,1,-1,-1,1,-1,1,1,-1,1,-1,1,-1,-1,1,1,-1,-1,-1,-1,1,1,-1,1,-1,1,-1,1,-1,1,-1,-1,1,-1,1,-1,1,-1,-1,-1,-1,1,-1,-1,1,-1,-1,-1,1,-1,1,1,1,-1,-1,1,-1,-1,1,-1,-1,-1,1,1,1,-1,1,-1,-1,-1,1,1,-1,1,-1,-1,1,-1,1,1,1,-1,-1,-1,1,1,-1,1,-1,-1,-1,1,1,1,-1,1,1,-1,1,1,1,1,1,1,1,-1,1,1,-1,1,-1,1,-1,-1,1,-1,-1,1,-1,-1,1,-1,-1,-1,1,1,-1,-1,1,-1,-1,1,1,-1,-1,1,-1,-1,-1,-1,-1,-1,1,-1,-1,-1,-1,-1,-1,1,-1,-1,1,1,1,1,1,-1,1,-1,1,-1,-1,1,-1,1,-1,1,-1,-1,1,1,-1,1,1,1,-1,1,1,-1,-1,1,-1,-1,1,1,-1,-1,1,-1,1,1,-1,-1,1,1,-1,1,1,-1,1,1,-1,1,1,1,1,-1,1,-1,-1,-1,1,1,-1,1,1,1,-1,1,1,-1,-1,1,1,1,1,1,-1,1,1,-1,-1,1,1,-1,-1,1,1,-1,1,1,-1,-1,1,-1,-1,1,1,-1,-1,-1,1,-1,1,1,-1,-1,1,1,-1,1,1,1,-1,1,-1,-1,-1,-1,1,-1,1,-1,-1,1,-1,-1,1,-1,1,-1,-1,1,-1,-1,1,-1,-1,1,-1,1,-1,1,-1,-1,-1,1,-1,-1,1,1,-1,-1,1,1,-1,1,-1,1,-1,1,-1,-1,1,-1,-1,-1,-1,1,1,1,1,-1,-1,1,1,-1,1,1,1,-1,-1,1,-1,1,-1,1,-1,1,1,1,-1,1,1,-1,1,1,1,-1,1,1,-1,-1,1,-1,-1,1,-1,-1,-1,1,-1,1,-1,-1,1,-1,1,1,-1,1,1,-1,-1,1,1,-1,1,1,-1,-1,-1,1,1,1,1,-1,-1,1,1,-1,1,1,-1,-1,1,-1,1,1,1,1,-1,-1,1,-1,1,1,-1,1,-1,-1,1,1,1,-1,-1,-1,-1,-1,1,-1,-1,-1,1,-1,1,1,1,1,-1,-1,-1,1,1,1,1,-1,1,-1,1,1,-1,1,-1,-1,1,1,1,1,-1,1,-1,-1,1,-1,1,1,-1,-1,-1,1,1,1,1,-1,-1,-1,1,1,1,1,1,-1,-1,1,1,1,1,1,-1,-1,1,1,-1,1,1,-1,-1,-1,1,-1,1,-1,-1,-1,1,-1,1,1,1,-1,-1,-1,1,-1,1,1,-1,-1,1,1,-1,1,1,-1,1,1,1,-1,1,1,-1,1,-1,1,1,1,1,-1,1,-1,1,1,1,1,1,-1,1,1,1,1,1,1,1,-1,1,1,-1,1,1,-1,-1,1,-1,1,-1,1,1,-1,1,-1,1,1,-1,1,-1,1,-1,1,1,1,-1,-1,-1,1,1,-1,1,1,-1,-1,-1,1,-1,1,1,-1,-1,-1,1,1,1,-1,-1,-1,1,1,1,1,-1,1,-1,1,1,1,1,1,-1,1,1,1,1,1,1,-1,-1,-1,1,1,1,1,-1,1,1,-1,1,1,-1,1,-1,-1,1,1,1,-1,-1,1,1,-1,1,1,-1,1,1,1,1,1,1,-1,1,1,1,1,1,1,-1,-1,-1,1,1,1,1,-1,1,1,1,1,1,1,-1,1,1,1,-1,1,1,-1,-1,1,1,-1,1,1,1,-1,1,1,-1,1,1,-1,-1,1,-2664.0,1,2000,445,500,True
2114,-1,-1,1,1,1,1,-1,1,-1,-1,-1,1,-1,1,-1,-1,1,-1,1,1,-1,1,-1,-1,-1,1,-1,-1,-1,-1,-1,-1,1,1,-1,1,1,-1,-1,-1,1,-1,1,-1,-1,-1,-1,-1,1,-1,-1,-1,1,-1,1,-1,-1,1,-1,-1,-1,1,1,1,-1,-1,-1,-1,-1,-1,1,-1,-1,-1,-1,-1,-1,1,-1,-1,-1,1,1,-1,-1,-1,-1,-1,-1,1,-1,-1,-1,-1,-1,-1,-1,1,-1,1,-1,-1,-1,-1,1,-1,-1,-1,-1,-1,-1,1,-1,-1,-1,-1,-1,-1,1,-1,-1,-1,-1,-1,-1,1,-1,-1,1,-1,-1,-1,-1,-1,-1,1,-1,-1,-1,-1,-1,-1,1,-1,-1,-1,1,-1,-1,-1,-1,-1,-1,-1,1,-1,1,1,-1,-1,-1,1,-1,-1,-1,-1,1,-1,1,-1,-1,-1,-1,-1,-1,-1,-1,1,-1,-1,-1,1,1,-1,-1,-1,-1,-1,-1,-1,-1,1,-1,-1,1,-1,1,-1,1,-1,-1,1,-1,1,-1,1,-1,-1,-1,-1,1,-1,1,-1,1,1,-1,1,1,1,-1,-1,-1,-1,1,1,-1,1,-1,-1,1,1,-1,-1,1,-1,-1,-1,1,1,-1,1,-1,1,-1,1,1,-1,1,-1,1,-1,1,-1,1,1,-1,1,-1,1,1,-1,-1,1,-1,-1,1,-1,1,1,1,-1,-1,1,-1,1,1,1,-1,-1,1,-1,1,1,1,-1,-1,1,1,-1,1,1,1,-1,1,1,1,1,-1,1,-1,1,-1,1,1,1,-1,-1,1,1,1,1,1,1,-1,1,-1,-1,1,1,1,-1,-1,1,-1,1,1,1,-1,1,-1,-1,1,1,-1,-1,1,-1,1,1,1,-1,-1,1,-1,1,1,-1,-1,1,1,-1,-1,1,-1,1,-1,1,-1,1,1,1,-1,1,1,-1,1,1,1,-1,1,-1,-1,1,1,1,-1,1,-1,-1,-1,1,1,-1,1,-1,-1,1,-1,1,-1,1,1,-1,-1,1,1,1,1,1,-1,-1,1,1,-1,1,-1,1,-1,-1,-1,-1,1,1,1,-1,1,1,-1,1,1,-1,-1,1,1,1,1,1,-1,1,1,1,-1,1,-1,-1,-1,-1,1,1,1,1,-1,-1,1,1,1,1,-1,-1,-1,-1,-1,1,-1,-1,-1,1,-1,1,1,1,1,1,1,1,-1,1,-1,1,-1,-1,1,-1,1,1,1,1,-1,1,-1,-1,1,1,-1,-1,1,-1,1,1,1,-1,-1,1,-1,-1,1,1,-1,1,1,-1,1,1,-1,-1,1,1,-1,1,-1,-1,-1,1,-1,-1,1,-1,-1,-1,1,-1,-1,1,-1,-1,-1,1,-1,-1,1,-1,1,-1,1,-1,-1,1,-1,-1,-1,1,1,-1,1,1,1,-1,1,1,-1,-1,-1,1,-1,1,-1,-1,1,-1,1,-1,-1,1,-1,-1,1,1,1,-1,1,-1,-1,1,1,1,1,1,1,-1,1,1,-1,-1,-1,-1,1,-1,1,1,-1,1,-1,-1,-1,1,-1,-1,-1,1,-1,-1,1,-1,-1,-1,1,1,-1,1,1,-1,-1,1,-1,-1,-1,1,-1,-1,-1,1,1,1,1,-1,-1,-1,-1,-1,1,1,-1,-1,1,1,-1,-1,1,-1,-1,-1,1,-1,1,1,-1,-1,-1,-1,1,-1,1,1,-1,1,-1,1,1,1,-1,1,1,-1,1,1,1,1,-1,1,-1,1,1,1,-1,1,1,1,-1,1,1,-1,-1,1,1,1,1,1,-1,1,1,1,1,1,1,-1,1,1,1,-1,1,1,1,1,1,1,1,1,1,-1,1,1,1,1,1,1,1,1,1,1,1,1,-1,1,1,1,1,1,1,1,1,-1,1,-1,1,1,1,1,1,1,1,1,1,1,-1,1,1,1,1,1,-1,-1,1,1,1,-1,1,1,-1,1,1,1,1,1,-1,1,1,1,1,1,1,1,-1,-1,1,-1,1,1,-1,1,-1,1,-1,-1,1,1,1,-1,1,1,-1,1,1,-1,1,1,-1,1,1,1,-1,-1,1,-1,-1,1,-1,1,1,-1,-1,-1,1,1,-1,-1,1,-1,-1,1,1,-1,-1,-1,1,-1,1,1,-1,-1,-1,1,-1,1,1,1,-1,-1,1,-1,1,1,-1,-1,1,-1,-1,1,1,-1,-1,1,-1,1,1,1,-1,-1,-1,-1,-1,-1,1,-1,-1,1,1,-1,1,1,1,1,-1,-1,-1,1,-1,1,-1,1,1,1,1,1,1,-1,1,-1,1,1,1,1,-1,-1,1,1,1,1,1,1,-1,-1,1,-1,1,1,-1,-1,1,1,1,1,1,-1,-1,-1,1,1,1,-1,1,-1,1,1,-1,1,-1,-1,1,1,1,1,1,1,-1,-1,1,1,1,1,-1,1,-1,1,1,1,1,-1,-1,-1,1,1,1,1,1,1,-1,1,1,1,1,1,-1,-1,1,1,-1,1,1,-1,-1,-1,1,-1,1,-1,-1,-1,1,-1,-1,1,1,-1,-1,-1,1,-1,1,1,-1,-1,1,1,-1,1,1,-1,1,1,1,-1,1,1,-1,1,-1,1,1,1,1,-1,1,-1,1,1,1,1,1,-1,1,1,1,1,1,1,1,-1,1,1,-1,1,1,-1,-1,1,-1,1,-1,1,1,-1,1,-1,1,1,-1,1,-1,1,-1,1,1,1,-1,-1,-1,1,1,-1,1,1,-1,-1,-1,1,-1,1,-1,1,-1,-1,1,1,-1,1,-1,-1,1,1,1,1,-1,1,-1,1,1,1,1,1,-1,1,1,1,1,1,-1,-1,-1,-1,1,1,1,1,-1,1,1,-1,1,1,-1,1,-1,-1,1,1,1,-1,-1,1,1,-1,1,1,-1,1,1,1,1,1,1,-1,1,1,1,1,1,1,-1,-1,1,1,1,1,1,-1,1,1,1,1,1,1,-1,1,1,1,-1,1,1,-1,-1,1,1,-1,1,1,1,-1,1,1,-1,1,1,-1,-1,1,-2664.0,1,2000,445,500,True
2115,-1,-1,1,1,1,1,-1,1,-1,-1,-1,1,-1,-1,-1,-1,1,-1,1,-1,-1,1,-1,-1,-1,1,-1,-1,1,-1,-1,-1,1,-1,-1,1,1,-1,-1,1,-1,-1,1,-1,-1,-1,-1,1,-1,-1,-1,-1,1,1,-1,1,-1,1,-1,-1,1,1,-1,1,-1,-1,-1,-1,1,-1,1,-1,-1,-1,1,1,1,1,-1,-1,-1,1,1,-1,-1,-1,-1,1,1,1,1,-1,-1,-1,1,1,-1,1,-1,1,-1,1,1,1,-1,-1,-1,-1,1,1,1,1,-1,-1,-1,1,1,1,1,-1,-1,-1,-1,1,1,1,-1,-1,-1,1,1,1,-1,-1,-1,1,1,1,1,-1,-1,-1,1,-1,1,1,1,-1,-1,-1,-1,1,1,1,1,-1,1,1,1,1,-1,1,-1,-1,1,-1,1,-1,1,-1,1,-1,1,1,-1,-1,-1,-1,1,1,-1,1,1,-1,1,-1,1,-1,-1,-1,-1,1,-1,1,-1,-1,1,-1,1,-1,1,-1,-1,1,-1,1,1,1,1,-1,1,-1,1,-1,1,-1,-1,1,-1,1,-1,1,1,-1,1,1,-1,1,-1,1,-1,1,-1,1,-1,1,1,-1,1,-1,1,-1,1,-1,-1,1,1,1,-1,-1,1,-1,1,-1,-1,-1,1,-1,-1,1,-1,1,-1,1,1,-1,1,1,-1,-1,1,-1,1,1,1,-1,-1,1,-1,1,1,1,1,-1,-1,1,-1,1,1,1,-1,1,1,-1,1,-1,-1,-1,1,1,1,1,1,-1,-1,1,1,-1,1,1,1,-1,-1,1,1,1,1,1,-1,1,-1,1,1,-1,1,-1,1,-1,1,1,1,1,-1,1,-1,1,1,1,-1,-1,1,1,-1,1,1,-1,1,-1,-1,1,1,1,-1,1,1,1,-1,1,1,1,1,1,-1,1,1,1,1,1,1,-1,1,-1,1,-1,1,1,-1,1,-1,1,1,-1,1,1,1,-1,1,1,1,1,-1,1,1,-1,1,-1,1,-1,-1,1,-1,1,-1,1,-1,1,-1,-1,1,1,-1,-1,1,1,-1,1,-1,1,-1,1,-1,1,1,-1,1,-1,1,1,-1,1,-1,-1,1,1,-1,-1,1,-1,1,1,1,1,-1,1,1,-1,-1,1,-1,-1,1,1,-1,1,-1,1,-1,-1,1,-1,-1,1,-1,-1,-1,1,-1,1,-1,1,1,-1,1,-1,1,-1,-1,-1,-1,1,-1,-1,1,1,-1,-1,1,-1,1,1,-1,1,-1,1,-1,1,-1,1,-1,-1,-1,1,-1,-1,-1,1,-1,1,-1,1,-1,1,-1,-1,-1,1,1,-1,1,-1,-1,-1,-1,-1,-1,-1,1,-1,-1,1,-1,-1,1,1,1,-1,-1,1,-1,-1,1,-1,-1,-1,-1,1,1,-1,1,-1,-1,-1,1,1,-1,1,-1,-1,1,-1,1,1,1,-1,-1,-1,-1,1,-1,1,-1,1,-1,-1,1,1,-1,1,1,-1,1,1,1,1,1,1,1,-1,1,1,-1,1,-1,1,-1,1,-1,-1,-1,1,-1,-1,1,-1,-1,-1,1,1,-1,1,1,-1,-1,1,1,-1,-1,1,-1,-1,-1,-1,-1,1,1,-1,-1,-1,-1,-1,1,1,-1,-1,1,1,1,-1,1,-1,1,-1,1,-1,1,1,-1,1,-1,1,-1,-1,1,1,-1,1,1,1,1,1,1,-1,-1,1,-1,1,1,1,-1,-1,1,-1,1,1,-1,-1,1,1,-1,1,1,-1,1,1,1,1,1,1,1,-1,1,-1,-1,1,1,-1,1,1,-1,1,1,1,1,-1,-1,1,1,1,1,1,-1,1,1,-1,1,1,1,-1,-1,1,1,1,-1,1,-1,-1,1,-1,1,1,1,-1,-1,-1,1,1,1,1,-1,-1,1,1,1,1,-1,1,-1,1,-1,1,-1,-1,1,-1,1,-1,1,1,-1,1,-1,1,1,1,-1,-1,-1,-1,1,-1,1,1,-1,1,-1,1,-1,1,-1,1,-1,-1,1,-1,1,1,-1,1,-1,1,-1,1,1,-1,1,-1,1,-1,1,1,-1,1,1,1,1,1,-1,1,1,-1,1,1,1,1,-1,1,-1,1,-1,1,1,-1,1,1,-1,1,1,1,-1,1,1,-1,1,1,1,-1,1,-1,-1,1,1,-1,1,1,-1,1,-1,1,-1,1,1,-1,-1,1,1,1,1,1,1,-1,1,1,-1,1,1,-1,1,1,1,-1,1,1,1,-1,1,1,-1,1,1,-1,1,1,1,1,1,1,-1,1,1,1,-1,1,1,1,-1,1,1,-1,1,1,-1,-1,1,-1,-1,1,1,-1,1,1,-1,-1,-1,-1,-1,1,1,1,-1,1,1,-1,1,1,1,-1,1,-1,1,1,1,-1,1,1,-1,-1,1,1,1,-1,-1,1,-1,1,1,-1,1,-1,-1,-1,1,1,-1,-1,-1,1,-1,1,1,1,-1,-1,-1,-1,1,1,-1,-1,-1,1,-1,1,1,-1,-1,-1,-1,-1,1,-1,1,-1,-1,-1,1,1,1,-1,-1,-1,1,-1,1,1,-1,-1,1,-1,1,1,1,1,-1,-1,-1,1,-1,1,-1,-1,-1,-1,1,-1,1,-1,-1,-1,-1,1,-1,1,-1,-1,1,1,-1,-1,1,-1,1,-1,1,1,1,-1,1,-1,1,1,1,-1,1,1,-1,1,-1,1,-1,1,1,-1,1,1,-1,-1,-1,1,-1,1,-1,1,-1,1,1,-1,1,-1,1,-1,1,1,-1,-1,1,-1,-1,1,1,-1,1,1,-1,-1,1,1,1,1,-1,1,1,-1,-1,1,1,-1,1,-1,1,-1,-1,1,-1,-1,1,1,-1,1,1,1,-1,1,1,1,1,1,-1,-1,1,-1,1,-1,1,-1,-1,1,1,1,1,1,-1,-1,1,1,1,1,1,1,-1,1,-1,1,1,1,1,-1,1,1,-1,-1,1,-1,-1,1,1,1,1,1,1,-1,-1,1,1,-1,1,-1,1,-1,1,1,-1,1,1,-1,-1,1,-2664.0,1,2000,445,500,True
2116,1,1,1,1,1,1,-1,1,1,-1,-1,1,-1,1,1,1,1,-1,1,1,-1,1,1,-1,-1,1,-1,-1,1,1,1,-1,1,1,-1,1,-1,1,-1,-1,1,-1,1,1,1,-1,-1,1,-1,1,1,-1,1,-1,1,-1,1,-1,1,-1,-1,1,1,-1,1,1,-1,-1,-1,-1,1,-1,1,1,-1,-1,-1,1,-1,1,-1,1,1,-1,-1,1,1,-1,-1,1,-1,1,-1,1,-1,-1,-1,1,-1,-1,1,1,-1,-1,1,-1,-1,1,1,-1,-1,1,-1,-1,1,1,-1,-1,1,-1,-1,1,1,-1,-1,1,-1,-1,1,1,-1,-1,-1,-1,-1,1,1,1,-1,-1,-1,-1,-1,1,1,-1,1,-1,-1,-1,1,-1,-1,-1,1,-1,1,1,1,-1,-1,1,-1,-1,1,1,-1,-1,1,-1,1,1,-1,-1,-1,-1,-1,1,1,-1,-1,1,1,-1,1,1,-1,-1,-1,-1,-1,-1,1,1,-1,-1,1,-1,-1,1,-1,1,-1,1,-1,-1,1,1,-1,-1,1,-1,1,1,1,1,-1,1,-1,1,1,-1,-1,-1,1,1,-1,1,-1,-1,-1,1,1,-1,1,-1,-1,-1,1,-1,-1,1,-1,1,-1,1,1,-1,-1,1,-1,-1,1,-1,1,1,-1,-1,-1,1,-1,-1,1,-1,1,-1,1,1,1,1,-1,1,-1,1,1,-1,1,1,-1,-1,1,1,1,1,1,-1,-1,1,1,1,1,1,-1,-1,1,1,-1,-1,1,-1,1,1,1,-1,-1,1,1,-1,1,-1,1,-1,1,1,1,1,1,1,-1,1,-1,1,1,-1,1,-1,1,-1,1,1,1,1,-1,1,1,1,1,1,-1,1,1,1,-1,1,1,-1,1,1,-1,1,1,1,-1,1,1,1,-1,1,1,1,1,1,-1,1,1,1,1,1,1,-1,1,-1,1,-1,1,1,-1,1,-1,1,1,-1,1,-1,1,-1,1,1,-1,1,-1,1,1,-1,1,-1,1,1,-1,1,-1,1,-1,1,-1,1,-1,-1,1,1,-1,-1,1,1,-1,1,-1,1,-1,1,-1,1,1,-1,1,1,1,1,-1,1,-1,1,-1,1,-1,-1,1,-1,1,1,-1,1,-1,1,1,-1,1,-1,-1,-1,1,-1,-1,1,-1,1,-1,-1,1,-1,1,-1,-1,-1,-1,1,-1,1,-1,1,-1,-1,1,-1,1,-1,-1,-1,-1,1,-1,-1,1,1,-1,-1,1,-1,1,1,-1,1,-1,1,-1,1,-1,1,-1,-1,-1,-1,-1,-1,-1,1,-1,1,-1,1,-1,1,-1,-1,-1,1,1,-1,1,-1,-1,-1,-1,1,-1,-1,1,-1,-1,1,-1,1,1,1,1,-1,-1,1,-1,-1,1,-1,-1,-1,-1,-1,1,-1,1,-1,-1,-1,-1,1,-1,1,-1,-1,1,-1,1,1,1,-1,-1,-1,1,1,-1,1,-1,-1,-1,1,1,1,-1,1,1,-1,1,1,1,1,1,-1,1,-1,-1,1,-1,1,-1,1,-1,1,-1,-1,-1,1,-1,-1,1,-1,-1,-1,1,1,-1,1,1,-1,-1,1,1,-1,-1,1,-1,-1,-1,-1,-1,-1,1,-1,-1,-1,-1,-1,-1,1,-1,-1,1,1,1,1,1,-1,1,-1,1,-1,-1,1,-1,1,-1,1,-1,-1,1,1,-1,1,1,1,-1,1,1,-1,-1,1,-1,-1,1,1,-1,-1,1,-1,1,1,-1,-1,1,1,-1,1,1,-1,-1,1,-1,1,1,1,1,-1,1,-1,-1,-1,1,1,-1,1,-1,1,-1,1,1,-1,-1,1,1,1,1,1,-1,1,1,-1,-1,1,1,-1,-1,1,1,-1,1,1,-1,-1,1,-1,-1,1,1,-1,-1,-1,1,-1,1,1,-1,-1,1,1,-1,1,1,1,-1,1,-1,-1,1,-1,1,-1,1,-1,-1,1,-1,-1,1,-1,1,-1,1,1,-1,-1,1,-1,-1,1,-1,1,-1,1,-1,-1,1,1,-1,-1,1,-1,-1,-1,1,1,-1,1,-1,1,-1,1,-1,-1,1,-1,-1,-1,-1,1,1,1,1,1,-1,1,1,-1,1,1,1,-1,-1,1,-1,1,-1,1,-1,1,1,1,-1,1,1,-1,1,1,1,-1,1,1,-1,-1,1,-1,-1,1,-1,-1,-1,1,-1,1,-1,-1,1,-1,1,1,-1,1,1,-1,-1,1,1,-1,1,1,-1,-1,-1,1,1,1,1,-1,-1,1,1,-1,1,1,-1,-1,1,-1,1,1,1,1,-1,-1,1,-1,1,1,-1,1,-1,-1,1,1,1,-1,-1,-1,-1,-1,1,-1,1,-1,1,-1,1,1,1,1,-1,-1,-1,1,1,1,1,-1,-1,-1,1,1,-1,1,-1,-1,1,1,1,1,-1,1,-1,-1,1,1,1,1,1,-1,-1,1,1,1,1,-1,-1,-1,1,1,1,1,1,-1,-1,1,1,1,1,1,-1,-1,1,1,-1,1,1,1,-1,1,1,-1,1,1,-1,-1,1,-1,-1,1,1,1,-1,-1,1,-1,1,-1,1,-1,1,1,-1,1,-1,1,-1,1,1,-1,1,1,1,1,-1,1,1,1,1,-1,1,-1,1,1,1,1,-1,1,-1,1,1,1,1,1,1,-1,1,1,-1,1,1,-1,-1,1,-1,1,-1,1,1,-1,1,-1,1,1,-1,1,-1,1,-1,1,1,1,-1,-1,-1,1,1,1,-1,1,-1,-1,-1,1,1,-1,1,-1,1,-1,1,-1,1,-1,-1,-1,1,1,1,1,-1,1,1,1,1,1,-1,1,-1,1,1,1,1,-1,1,-1,-1,-1,1,1,-1,1,1,1,1,-1,1,1,-1,-1,-1,-1,1,1,-1,1,1,1,1,-1,1,-1,-1,1,1,1,1,1,-1,-1,1,1,1,1,1,1,-1,1,1,1,1,1,1,-1,1,1,1,1,1,1,-1,1,1,1,-1,1,1,-1,1,1,1,-1,1,1,1,-1,1,1,-1,1,1,-1,1,1,-2664.0,1,2000,445,500,True
2117,1,1,-1,-1,1,1,-1,1,1,1,1,-1,-1,-1,1,1,-1,1,-1,-1,-1,1,1,1,1,1,-1,-1,1,1,1,1,-1,-1,-1,1,-1,1,1,1,-1,-1,1,1,1,1,1,1,-1,-1,1,1,-1,1,-1,1,1,-1,1,1,1,-1,-1,-1,1,1,1,1,1,-1,1,-1,1,1,1,1,1,1,-1,1,1,-1,1,-1,-1,1,1,1,1,1,1,1,-1,1,1,1,-1,1,-1,1,1,1,1,1,-1,-1,-1,1,1,1,1,1,-1,-1,1,1,1,1,1,-1,-1,1,1,1,1,1,-1,-1,1,1,1,1,-1,-1,-1,1,1,1,1,-1,-1,-1,-1,1,1,1,1,-1,-1,-1,1,1,1,1,1,-1,1,-1,1,1,-1,1,-1,-1,1,-1,1,-1,1,-1,-1,-1,1,1,-1,-1,-1,1,1,1,-1,1,1,-1,-1,-1,1,-1,-1,-1,-1,-1,-1,1,-1,-1,1,-1,-1,-1,1,-1,-1,1,-1,-1,1,1,1,-1,1,-1,1,-1,1,-1,-1,1,-1,1,-1,1,1,-1,1,1,-1,-1,-1,1,-1,1,-1,-1,-1,1,1,-1,1,-1,-1,-1,1,-1,-1,1,1,-1,-1,-1,1,-1,1,-1,-1,-1,1,-1,-1,1,-1,1,-1,1,1,-1,1,1,-1,-1,1,-1,1,1,1,-1,-1,1,-1,1,1,1,1,-1,-1,1,-1,1,1,1,-1,1,1,-1,1,-1,-1,-1,1,1,1,1,1,-1,-1,1,1,-1,1,1,1,-1,-1,1,1,1,1,1,-1,1,-1,1,1,-1,1,-1,1,-1,1,1,1,1,-1,1,-1,1,1,1,-1,-1,1,1,-1,1,1,-1,1,-1,-1,1,1,1,-1,1,-1,1,-1,1,1,1,1,1,-1,1,1,-1,1,1,1,-1,1,1,1,-1,1,1,-1,1,1,1,-1,-1,1,1,1,1,1,1,1,1,-1,1,-1,1,-1,-1,1,-1,-1,1,1,1,-1,1,-1,1,1,1,-1,1,1,-1,1,1,1,-1,1,-1,-1,1,1,-1,1,-1,1,-1,1,1,-1,1,-1,-1,1,1,1,1,1,-1,1,-1,-1,-1,1,1,1,-1,-1,1,1,1,-1,1,-1,1,-1,1,1,-1,1,-1,-1,1,1,1,-1,1,-1,1,-1,-1,1,1,1,-1,-1,-1,-1,-1,1,1,-1,-1,1,-1,1,1,-1,-1,1,-1,1,1,1,1,-1,-1,1,-1,1,-1,-1,1,-1,-1,1,1,-1,1,-1,-1,1,1,1,-1,-1,1,-1,1,1,1,-1,-1,-1,-1,-1,1,1,-1,-1,1,-1,1,-1,1,1,-1,-1,1,-1,1,-1,1,-1,-1,1,-1,-1,-1,1,-1,-1,-1,-1,1,-1,1,-1,-1,1,-1,-1,1,1,-1,-1,-1,-1,-1,1,1,-1,-1,-1,1,-1,-1,1,1,1,-1,1,-1,1,-1,1,1,1,-1,1,1,-1,-1,1,1,1,1,-1,-1,1,-1,1,1,1,-1,-1,-1,-1,-1,1,-1,1,-1,-1,-1,1,1,-1,1,-1,-1,-1,1,1,-1,1,-1,-1,-1,1,1,-1,1,-1,-1,-1,-1,1,1,1,-1,1,-1,-1,1,-1,1,-1,-1,1,1,-1,-1,1,1,-1,-1,-1,-1,-1,1,1,-1,1,-1,1,-1,1,1,-1,-1,1,-1,1,1,-1,-1,-1,-1,-1,1,1,-1,1,-1,-1,1,1,1,1,-1,-1,-1,-1,-1,1,-1,1,-1,-1,1,-1,1,1,-1,1,-1,-1,1,1,1,-1,1,-1,1,-1,1,1,-1,-1,-1,-1,-1,1,1,-1,1,-1,1,-1,1,1,1,-1,1,-1,-1,1,1,-1,-1,-1,1,-1,1,1,1,-1,1,-1,-1,-1,-1,1,-1,1,-1,-1,1,-1,-1,1,-1,1,-1,1,1,-1,1,-1,1,-1,1,-1,1,-1,1,-1,-1,1,1,-1,1,-1,-1,-1,-1,1,1,1,-1,1,-1,-1,1,-1,1,1,-1,-1,-1,1,1,1,1,1,-1,-1,1,1,-1,1,1,-1,-1,1,1,-1,1,-1,-1,-1,1,1,1,-1,1,-1,-1,1,1,1,-1,1,-1,-1,1,1,-1,-1,1,-1,-1,1,1,-1,1,-1,-1,1,1,1,-1,-1,1,-1,1,1,1,1,-1,1,1,1,1,1,-1,1,1,-1,-1,1,1,1,-1,1,-1,1,1,1,-1,1,1,-1,1,1,1,-1,1,1,1,-1,1,1,1,-1,1,-1,-1,1,1,-1,-1,1,1,-1,1,1,-1,1,1,-1,-1,-1,-1,-1,1,1,-1,-1,1,1,-1,1,1,1,-1,1,-1,1,1,1,-1,1,1,-1,-1,1,1,-1,-1,-1,1,-1,1,1,-1,1,-1,-1,-1,1,1,-1,-1,-1,1,-1,1,1,-1,-1,-1,-1,-1,1,1,1,-1,-1,1,-1,1,1,-1,-1,-1,-1,-1,1,-1,1,-1,-1,-1,1,1,1,1,-1,-1,1,-1,1,1,1,-1,1,-1,1,1,1,1,-1,-1,-1,1,-1,1,-1,-1,-1,-1,1,-1,1,-1,-1,-1,-1,1,1,1,-1,-1,1,1,-1,1,1,-1,1,-1,1,1,1,1,1,-1,1,1,1,1,1,1,-1,1,-1,1,-1,1,1,-1,1,1,-1,1,1,1,-1,1,-1,1,1,-1,1,-1,1,-1,1,1,-1,1,-1,-1,1,-1,-1,1,1,-1,1,1,-1,-1,1,1,1,1,-1,1,1,1,-1,1,1,-1,1,1,1,-1,-1,1,-1,-1,1,1,-1,1,1,1,-1,-1,-1,1,1,1,-1,1,1,1,1,-1,1,-1,-1,-1,1,1,1,1,-1,-1,1,1,1,1,1,1,-1,1,1,1,1,1,1,-1,1,1,-1,-1,1,-1,-1,1,-1,1,1,1,1,-1,-1,1,1,-1,1,-1,1,-1,1,1,-1,1,1,-1,-1,1,-2664.0,1,2000,445,500,True
2118,-1,-1,1,1,1,1,-1,1,-1,-1,-1,1,-1,1,-1,-1,1,-1,1,1,-1,1,-1,-1,-1,1,-1,-1,1,-1,-1,-1,1,1,-1,1,1,-1,-1,-1,1,-1,1,-1,-1,-1,-1,-1,1,-1,-1,-1,1,-1,1,-1,-1,1,-1,-1,-1,1,1,1,-1,-1,-1,-1,-1,-1,1,-1,-1,-1,-1,-1,-1,1,-1,-1,-1,1,1,-1,-1,-1,-1,1,-1,1,1,-1,-1,-1,-1,-1,-1,1,-1,1,-1,-1,-1,-1,-1,-1,-1,-1,-1,-1,-1,1,-1,-1,-1,-1,-1,-1,1,-1,-1,-1,-1,-1,-1,1,-1,-1,1,-1,-1,-1,-1,-1,-1,1,-1,-1,-1,-1,-1,-1,1,-1,-1,-1,1,-1,-1,-1,-1,-1,-1,-1,1,-1,1,1,-1,-1,-1,-1,-1,-1,-1,-1,1,-1,1,-1,-1,-1,-1,-1,-1,-1,-1,1,-1,-1,-1,1,1,-1,-1,-1,-1,-1,-1,-1,-1,1,-1,1,1,-1,1,-1,1,-1,-1,1,-1,1,-1,1,-1,-1,-1,-1,1,-1,1,-1,1,1,-1,1,1,1,-1,-1,-1,-1,1,1,-1,1,-1,-1,1,1,-1,-1,1,-1,-1,-1,1,1,-1,1,-1,1,-1,1,1,-1,1,-1,1,-1,1,-1,1,1,-1,1,-1,1,1,-1,-1,1,-1,-1,1,-1,1,1,1,-1,-1,1,-1,1,1,1,-1,-1,1,-1,1,-1,1,-1,-1,1,1,-1,1,1,1,-1,1,1,1,1,-1,1,-1,1,-1,1,1,1,1,-1,-1,1,1,1,1,1,-1,1,-1,-1,1,1,1,-1,-1,1,-1,1,1,1,-1,1,-1,-1,1,1,-1,1,-1,-1,1,1,1,1,-1,1,-1,1,1,-1,1,-1,-1,-1,-1,1,-1,1,-1,-1,-1,1,1,1,-1,1,1,-1,1,1,1,-1,1,-1,-1,1,1,1,1,1,-1,-1,-1,1,1,1,1,-1,-1,1,-1,1,-1,1,1,-1,-1,1,1,-1,1,1,-1,-1,1,1,-1,1,-1,-1,-1,-1,-1,-1,1,1,-1,-1,1,1,-1,1,-1,1,-1,1,1,-1,1,-1,-1,1,1,-1,1,1,-1,-1,-1,-1,1,-1,-1,1,-1,-1,1,-1,-1,1,-1,-1,-1,1,-1,1,-1,1,-1,1,-1,-1,-1,1,-1,-1,1,1,-1,1,-1,1,-1,-1,1,-1,-1,-1,-1,-1,-1,1,-1,-1,1,1,-1,-1,1,-1,1,-1,-1,1,-1,1,-1,-1,1,1,-1,-1,1,1,-1,-1,-1,-1,1,1,-1,-1,1,1,-1,1,-1,1,-1,1,1,-1,1,-1,-1,-1,-1,-1,-1,1,-1,1,-1,1,1,-1,1,-1,-1,1,-1,-1,1,-1,1,-1,1,-1,1,-1,1,1,-1,-1,-1,1,-1,1,-1,-1,1,-1,1,1,1,1,-1,-1,-1,1,-1,1,1,-1,-1,1,1,1,1,1,1,-1,1,1,1,-1,-1,1,1,-1,1,1,-1,1,-1,1,-1,-1,1,-1,-1,1,-1,-1,1,-1,-1,1,1,1,-1,1,1,-1,1,1,1,-1,-1,1,-1,-1,1,-1,-1,1,1,-1,-1,-1,-1,-1,1,1,-1,1,1,1,1,-1,1,-1,-1,1,1,-1,1,1,-1,-1,-1,1,-1,-1,1,1,-1,1,1,1,1,1,-1,1,1,1,-1,1,1,1,-1,1,1,-1,1,1,-1,1,1,1,-1,1,1,-1,-1,1,-1,1,1,1,-1,1,1,1,-1,1,1,-1,1,1,1,1,1,1,1,1,1,1,1,1,1,-1,1,-1,1,-1,1,1,1,1,1,1,1,1,-1,1,1,1,1,1,1,1,1,-1,1,-1,1,1,1,1,1,1,1,1,1,1,-1,1,1,1,-1,1,-1,-1,1,1,1,-1,1,1,-1,1,1,1,1,1,-1,1,1,1,1,1,1,1,-1,-1,1,-1,-1,1,-1,1,-1,1,1,-1,1,1,1,-1,1,1,-1,1,1,-1,1,1,-1,1,1,1,-1,-1,1,-1,-1,1,-1,1,1,-1,-1,-1,1,1,-1,-1,1,-1,-1,1,1,-1,-1,-1,1,-1,1,1,-1,-1,-1,1,-1,1,1,1,-1,1,1,-1,1,1,-1,-1,1,-1,-1,1,1,-1,-1,1,-1,1,1,1,-1,-1,-1,-1,-1,-1,1,-1,-1,1,1,-1,1,1,1,1,-1,-1,-1,1,-1,1,-1,1,-1,1,1,1,1,-1,1,1,1,1,1,1,-1,-1,-1,1,1,1,1,1,-1,-1,1,-1,1,1,-1,-1,1,1,1,1,1,-1,-1,1,1,1,1,-1,1,-1,1,1,-1,1,-1,-1,1,1,1,1,1,1,-1,-1,1,1,1,1,-1,1,-1,1,1,1,1,-1,-1,-1,1,1,1,1,1,1,-1,1,1,1,1,1,-1,-1,1,1,-1,1,1,-1,-1,1,1,-1,1,-1,-1,-1,1,-1,-1,1,1,-1,1,1,1,-1,1,1,-1,-1,1,1,-1,1,1,-1,1,1,1,-1,1,1,-1,1,-1,1,1,1,1,-1,1,-1,1,1,1,1,1,1,1,1,1,1,1,-1,1,1,1,1,-1,1,-1,1,1,1,-1,1,-1,1,1,1,1,-1,1,1,-1,1,-1,1,-1,1,1,1,-1,1,1,1,1,-1,1,1,1,-1,-1,1,-1,1,-1,1,-1,-1,1,1,1,-1,-1,1,1,1,1,1,-1,-1,1,1,1,1,1,1,1,1,1,1,1,1,-1,1,1,-1,1,1,-1,-1,1,1,-1,1,1,1,-1,-1,-1,1,1,1,1,-1,1,1,1,-1,1,1,-1,-1,1,1,1,1,1,-1,1,1,1,1,1,1,-1,1,1,1,1,1,1,-1,1,1,1,1,1,1,-1,1,-1,1,-1,1,1,-1,-1,1,1,-1,1,1,-1,1,1,1,-1,1,1,1,-1,1,-2664.0,1,2000,445,500,True
2119,1,1,-1,-1,1,-1,-1,-1,1,1,1,-1,1,1,1,1,-1,1,-1,-1,-1,-1,1,1,1,-1,1,-1,1,1,1,1,1,-1,-1,-1,1,-1,1,1,-1,-1,-1,1,1,1,1,-1,1,1,1,1,-1,1,-1,-1,1,-1,1,1,-1,-1,-1,-1,1,1,1,1,-1,-1,-1,1,1,1,1,-1,-1,-1,1,1,1,-1,-1,-1,1,1,1,1,-1,-1,1,1,1,1,1,-1,-1,-1,1,-1,1,1,-1,-1,1,1,1,1,1,-1,-1,-1,1,1,1,1,-1,-1,1,1,1,1,1,1,-1,-1,1,1,-1,1,1,-1,1,1,1,1,1,1,-1,1,1,1,1,1,1,-1,1,1,1,1,1,1,-1,-1,-1,1,1,1,1,-1,1,1,1,1,-1,1,-1,1,-1,1,1,1,-1,-1,1,1,1,1,1,-1,1,-1,-1,1,1,1,-1,1,1,1,1,-1,1,1,1,1,-1,1,-1,1,-1,1,1,-1,1,-1,1,1,-1,1,-1,1,-1,1,-1,1,1,-1,1,-1,1,1,1,1,-1,-1,1,1,-1,-1,1,-1,1,-1,1,1,-1,1,-1,1,-1,1,-1,1,1,-1,-1,-1,1,1,-1,1,-1,1,1,1,-1,1,1,-1,1,-1,1,-1,1,-1,1,-1,1,1,-1,1,-1,-1,-1,-1,1,-1,1,-1,-1,-1,1,1,-1,-1,1,1,-1,1,1,1,-1,1,1,-1,1,1,1,1,-1,1,-1,1,1,-1,1,-1,1,-1,1,-1,1,1,1,1,-1,-1,1,-1,-1,-1,1,1,-1,1,1,1,-1,1,1,1,1,1,1,-1,1,-1,1,1,1,-1,-1,1,-1,1,1,1,-1,1,1,-1,-1,1,1,1,-1,1,-1,1,1,1,-1,1,1,-1,1,1,1,-1,1,1,-1,1,1,1,-1,1,1,-1,-1,1,1,-1,1,1,-1,1,-1,1,-1,1,-1,1,-1,1,1,1,-1,-1,1,-1,1,1,-1,1,1,1,-1,-1,-1,-1,1,1,1,-1,1,1,-1,1,1,-1,-1,1,1,1,1,1,-1,1,1,1,-1,1,1,1,-1,-1,1,1,1,-1,1,-1,1,1,1,1,1,1,-1,-1,-1,1,-1,1,1,1,-1,1,1,-1,1,1,1,1,-1,1,-1,-1,1,-1,1,-1,1,1,1,1,1,1,-1,-1,1,-1,1,1,1,-1,1,1,1,-1,1,1,-1,-1,1,-1,1,1,1,-1,1,1,1,1,1,1,-1,1,-1,1,1,1,-1,1,1,-1,1,1,1,-1,-1,1,-1,1,1,1,-1,-1,1,1,-1,1,1,-1,-1,1,-1,1,1,1,1,-1,1,-1,-1,1,1,1,-1,1,-1,1,1,1,-1,-1,1,-1,-1,1,-1,1,-1,-1,1,-1,1,-1,1,-1,1,1,-1,-1,1,1,1,-1,1,-1,1,-1,1,-1,1,-1,-1,-1,1,-1,1,-1,1,1,-1,1,-1,-1,1,1,-1,1,1,-1,1,-1,1,-1,-1,1,-1,-1,1,1,1,-1,1,-1,-1,1,1,-1,-1,1,-1,-1,1,1,-1,-1,1,-1,-1,-1,1,1,-1,1,1,-1,-1,1,-1,-1,1,-1,1,1,1,1,-1,-1,1,-1,-1,-1,-1,-1,1,1,1,-1,-1,1,-1,-1,1,-1,-1,1,-1,-1,1,1,-1,-1,1,-1,-1,1,1,-1,1,-1,-1,-1,-1,1,1,-1,-1,-1,-1,-1,1,-1,-1,1,-1,-1,-1,1,1,-1,-1,-1,-1,-1,1,-1,-1,-1,-1,-1,1,1,1,-1,-1,-1,-1,-1,1,1,-1,-1,-1,-1,-1,1,1,1,-1,-1,-1,-1,1,1,-1,-1,-1,-1,1,-1,1,1,-1,-1,1,1,-1,1,1,-1,-1,-1,1,1,1,1,1,-1,1,1,1,1,-1,1,-1,-1,1,-1,1,-1,1,-1,-1,1,-1,1,-1,-1,-1,-1,1,-1,1,-1,1,1,-1,1,-1,1,-1,1,1,1,-1,1,1,-1,-1,-1,-1,1,-1,-1,-1,-1,-1,-1,1,-1,1,-1,-1,-1,-1,1,1,-1,1,-1,-1,-1,1,1,-1,1,-1,-1,-1,-1,-1,-1,1,-1,-1,-1,-1,-1,1,-1,-1,-1,1,-1,-1,1,-1,1,-1,-1,-1,-1,-1,-1,-1,1,-1,-1,-1,1,1,-1,-1,-1,-1,1,-1,-1,-1,-1,1,-1,-1,1,-1,1,-1,-1,-1,-1,1,-1,1,1,-1,1,-1,-1,1,1,-1,-1,-1,-1,-1,-1,1,1,-1,-1,1,-1,1,1,-1,-1,-1,1,-1,-1,1,-1,-1,1,-1,-1,1,1,1,-1,1,-1,1,1,1,-1,-1,1,-1,-1,1,1,1,-1,1,-1,-1,1,1,-1,1,1,-1,-1,1,1,1,1,1,-1,-1,1,1,1,1,1,-1,-1,1,1,1,1,1,1,-1,-1,1,1,-1,1,-1,-1,1,-1,1,1,1,1,-1,-1,1,-1,1,1,1,-1,1,-1,1,1,-1,1,-1,1,1,1,1,1,1,1,-1,-1,1,1,1,-1,1,-1,1,1,1,1,1,-1,1,-1,1,1,-1,1,1,-1,-1,1,-1,1,1,-1,-1,1,1,1,1,-1,1,-1,-1,1,1,-1,-1,1,-1,1,1,1,-1,1,-1,-1,-1,1,1,-1,-1,1,-1,-1,1,1,1,-1,1,-1,-1,1,1,1,-1,1,-1,-1,1,1,-1,-1,-1,1,-1,-1,1,-1,1,1,-1,1,1,-1,-1,1,1,-1,-1,1,1,-1,1,1,-1,1,1,-1,-1,-1,-1,1,-1,-1,-1,-1,1,-1,-1,1,1,-1,1,1,-1,1,1,1,1,-1,1,-1,1,1,1,-1,-1,1,-1,-1,1,1,-1,-1,1,-1,1,1,1,-1,-1,1,-1,1,1,1,1,-1,1,-1,-1,1,1,1,-1,-1,1,-1,1,-1,1,-1,1,-1,-1,1,-2664.0,1,2000,445,1500,False
2120,1,1,-1,-1,1,1,-1,-1,1,1,1,-1,-1,1,1,1,-1,1,-1,-1,-1,-1,1,1,1,-1,-1,-1,1,1,1,1,1,-1,-1,-1,1,1,1,1,-1,-1,-1,1,1,1,1,-1,1,1,1,1,-1,1,-1,-1,1,-1,1,1,1,-1,-1,-1,1,1,1,1,-1,-1,-1,1,1,1,1,-1,-1,-1,1,1,1,-1,-1,-1,1,1,1,1,-1,-1,-1,1,1,1,1,-1,-1,1,1,-1,1,1,-1,-1,1,1,1,1,1,-1,-1,1,1,1,1,1,-1,-1,1,1,1,1,1,1,-1,1,1,1,-1,1,1,-1,1,1,1,1,1,1,-1,-1,1,1,1,1,1,-1,1,1,1,1,1,1,-1,-1,-1,1,1,1,1,-1,1,1,1,1,-1,1,-1,1,-1,1,1,1,-1,-1,1,1,1,1,1,-1,1,-1,-1,1,1,1,-1,1,1,1,1,-1,1,1,1,1,-1,1,-1,1,-1,1,1,-1,1,-1,1,1,-1,1,-1,1,-1,1,-1,1,1,-1,-1,-1,1,1,1,1,-1,-1,1,1,-1,-1,1,-1,1,-1,1,1,-1,1,-1,1,-1,1,-1,1,1,-1,1,-1,1,1,-1,1,-1,1,1,1,-1,1,1,-1,1,-1,1,-1,1,-1,1,-1,1,1,-1,1,-1,-1,-1,-1,1,-1,1,-1,-1,-1,-1,1,-1,-1,1,1,-1,1,1,1,-1,1,1,-1,1,1,1,1,-1,1,-1,1,1,-1,1,-1,1,1,1,-1,1,1,1,1,-1,-1,1,-1,-1,-1,1,1,-1,1,1,1,-1,1,1,1,1,1,1,-1,1,-1,1,1,1,-1,-1,1,-1,1,1,1,-1,1,1,-1,-1,1,1,1,-1,1,-1,1,1,1,-1,1,1,-1,1,1,1,-1,1,1,-1,1,1,1,-1,1,1,-1,-1,1,1,-1,1,1,-1,1,-1,1,-1,1,-1,1,-1,1,1,1,-1,-1,1,-1,1,1,-1,1,1,1,-1,-1,-1,-1,1,1,1,-1,1,1,-1,1,1,-1,-1,1,1,1,1,1,-1,1,1,1,-1,1,1,1,-1,-1,1,1,1,-1,1,-1,1,1,1,1,1,1,-1,-1,-1,1,-1,1,1,1,-1,1,1,1,1,1,1,1,-1,1,-1,-1,1,-1,1,-1,1,1,1,1,1,1,-1,-1,1,-1,1,1,1,-1,1,1,1,-1,1,1,-1,-1,1,-1,1,1,1,-1,1,1,1,1,1,1,-1,1,-1,-1,1,1,-1,-1,1,-1,1,1,1,-1,-1,1,-1,1,1,1,-1,-1,1,-1,-1,1,1,-1,-1,1,-1,1,1,1,1,-1,1,-1,-1,1,1,1,-1,-1,-1,-1,1,1,-1,-1,1,-1,-1,1,-1,1,-1,-1,1,-1,1,-1,1,1,-1,1,-1,-1,1,1,1,-1,1,-1,1,-1,-1,-1,1,-1,-1,-1,1,-1,1,1,1,1,-1,1,-1,-1,1,1,-1,1,1,-1,-1,-1,1,-1,-1,1,-1,-1,1,1,1,-1,1,-1,-1,1,1,-1,-1,1,-1,1,1,1,-1,-1,1,-1,-1,-1,1,1,-1,1,1,-1,-1,1,-1,-1,1,-1,1,-1,1,1,-1,-1,1,-1,-1,-1,-1,-1,1,1,1,-1,-1,1,-1,-1,1,-1,-1,1,-1,-1,-1,1,-1,-1,1,-1,-1,1,1,-1,1,-1,-1,-1,-1,1,1,-1,-1,-1,-1,1,1,-1,-1,1,-1,-1,-1,1,1,-1,-1,-1,-1,-1,1,-1,-1,-1,-1,-1,-1,1,1,-1,-1,-1,-1,1,1,1,-1,-1,-1,-1,-1,1,1,1,-1,-1,-1,-1,1,1,-1,-1,-1,-1,1,-1,1,1,-1,-1,1,1,-1,1,1,-1,-1,-1,1,1,1,-1,1,-1,1,1,1,1,-1,1,-1,-1,1,-1,1,-1,1,-1,-1,1,-1,1,-1,-1,-1,-1,1,-1,1,-1,1,-1,-1,1,-1,1,-1,1,-1,1,-1,-1,1,-1,-1,-1,-1,1,-1,-1,-1,-1,-1,-1,1,-1,1,-1,-1,-1,-1,1,1,-1,1,-1,-1,-1,1,1,-1,1,-1,-1,-1,-1,-1,-1,1,-1,-1,-1,-1,-1,1,-1,-1,-1,1,-1,-1,1,-1,1,-1,-1,-1,-1,-1,-1,-1,1,-1,-1,-1,1,1,1,-1,-1,-1,1,-1,-1,-1,-1,1,-1,-1,1,-1,1,-1,-1,-1,-1,1,-1,1,1,-1,1,-1,-1,1,1,-1,-1,-1,-1,-1,-1,1,1,-1,-1,1,-1,1,1,-1,-1,-1,1,-1,-1,1,-1,-1,1,-1,-1,1,1,1,-1,1,-1,1,1,1,-1,-1,1,-1,-1,1,1,1,-1,1,-1,-1,1,1,-1,1,1,-1,-1,1,1,1,1,1,-1,-1,1,1,1,1,1,-1,-1,1,1,1,1,1,1,-1,-1,1,1,-1,1,-1,-1,1,-1,1,1,1,1,-1,-1,1,-1,1,1,1,-1,1,1,1,1,-1,1,-1,1,1,1,1,1,1,1,-1,1,1,1,1,-1,1,-1,1,1,1,1,1,-1,1,1,1,1,-1,1,1,-1,1,1,-1,1,1,-1,-1,1,1,1,1,-1,1,-1,1,1,1,-1,-1,1,-1,1,1,1,-1,1,-1,-1,-1,1,1,-1,-1,1,-1,-1,1,1,1,-1,1,-1,-1,1,1,1,-1,1,-1,-1,1,1,-1,-1,-1,1,-1,1,1,-1,1,1,-1,1,1,-1,-1,1,-1,-1,-1,1,1,-1,1,1,-1,1,1,-1,-1,1,-1,1,-1,-1,-1,-1,1,-1,-1,1,1,-1,1,1,-1,1,1,1,1,-1,1,-1,1,1,1,1,-1,1,-1,-1,1,1,1,-1,1,-1,1,1,1,1,-1,1,-1,1,1,1,-1,-1,1,-1,-1,1,1,-1,-1,-1,1,-1,1,1,1,-1,1,-1,-1,1,-2664.0,1,2000,445,1000,False
2121,1,1,-1,-1,1,1,-1,-1,1,1,1,-1,-1,1,1,1,-1,1,-1,-1,1,-1,1,1,1,-1,-1,-1,1,1,1,1,1,-1,-1,-1,1,-1,1,1,-1,-1,-1,1,1,1,1,-1,1,1,1,1,-1,1,-1,-1,1,-1,1,1,1,-1,-1,-1,1,1,1,1,-1,-1,-1,1,1,1,1,-1,-1,-1,1,1,1,-1,-1,-1,1,1,1,1,-1,-1,-1,1,1,1,1,-1,-1,1,1,-1,1,1,-1,-1,1,1,1,1,1,-1,-1,1,1,-1,1,1,-1,-1,1,1,1,1,1,1,-1,-1,1,1,-1,1,1,-1,1,1,1,1,1,1,-1,-1,1,1,1,1,1,-1,1,1,1,1,1,1,-1,-1,-1,1,1,1,1,-1,1,1,1,1,-1,1,-1,1,-1,1,1,1,-1,-1,1,1,1,1,1,-1,1,-1,-1,1,1,1,-1,1,1,1,1,-1,1,1,1,1,-1,1,-1,1,-1,1,1,-1,1,-1,1,1,-1,1,-1,1,-1,1,-1,1,1,-1,1,-1,1,1,1,1,-1,-1,1,1,-1,-1,1,-1,1,1,-1,1,-1,1,-1,1,-1,1,-1,1,1,-1,-1,1,-1,1,-1,1,-1,1,1,1,-1,1,1,-1,1,-1,1,-1,1,-1,1,-1,1,1,-1,1,-1,-1,1,-1,1,-1,1,-1,-1,-1,-1,1,-1,-1,1,1,-1,1,1,1,-1,1,1,-1,1,1,1,1,-1,1,-1,1,1,-1,1,-1,1,1,1,-1,1,1,1,1,-1,-1,1,-1,-1,1,1,1,-1,1,1,1,-1,1,1,1,1,1,1,-1,1,-1,1,1,1,-1,-1,1,-1,1,1,1,-1,1,1,-1,-1,1,1,1,-1,1,-1,1,1,1,-1,1,1,-1,1,1,1,-1,1,1,-1,1,1,1,-1,1,1,-1,-1,1,1,-1,1,1,-1,1,-1,1,-1,1,1,1,-1,1,1,1,1,1,1,-1,1,1,-1,1,1,1,-1,-1,-1,-1,1,1,1,-1,1,1,-1,1,1,-1,-1,1,1,1,1,1,-1,1,1,1,-1,1,1,1,1,-1,1,1,1,-1,1,-1,1,1,1,1,1,1,-1,-1,-1,1,-1,-1,1,-1,1,-1,1,1,1,1,1,1,-1,1,-1,-1,1,-1,1,-1,1,1,1,1,1,1,-1,-1,1,-1,1,1,-1,-1,1,1,1,-1,1,1,-1,-1,1,-1,1,1,-1,-1,1,1,1,1,-1,1,-1,1,-1,-1,1,-1,-1,-1,1,-1,1,1,-1,-1,-1,1,1,1,1,1,-1,-1,1,-1,-1,1,-1,-1,-1,1,1,1,1,-1,1,-1,1,1,-1,1,-1,-1,-1,-1,1,-1,1,-1,-1,-1,-1,1,-1,1,-1,-1,-1,-1,1,-1,1,-1,-1,-1,-1,1,-1,-1,1,1,1,-1,1,-1,1,-1,1,1,1,1,-1,-1,1,-1,-1,1,1,1,-1,1,-1,1,1,1,-1,1,1,-1,1,-1,1,-1,-1,1,-1,-1,1,1,1,-1,1,-1,-1,1,1,-1,-1,1,-1,-1,1,1,-1,-1,1,-1,-1,-1,1,1,-1,1,-1,-1,-1,1,-1,-1,1,-1,1,-1,1,1,-1,-1,1,-1,-1,-1,-1,-1,1,1,1,-1,-1,1,-1,-1,1,-1,-1,1,-1,-1,1,1,-1,-1,1,1,-1,1,1,-1,1,-1,1,-1,-1,1,1,-1,-1,-1,-1,-1,1,-1,-1,1,-1,-1,-1,1,1,-1,-1,-1,-1,-1,1,-1,-1,-1,-1,-1,-1,1,1,-1,-1,-1,-1,-1,1,1,-1,-1,-1,-1,-1,1,1,1,-1,-1,-1,-1,1,1,-1,-1,-1,-1,1,-1,1,1,1,-1,1,1,-1,1,1,1,-1,-1,1,1,1,1,-1,-1,1,-1,1,1,-1,1,-1,-1,1,-1,1,-1,1,-1,-1,1,-1,1,1,1,-1,-1,-1,-1,1,-1,1,1,-1,1,-1,1,1,1,1,1,-1,1,1,1,1,-1,-1,1,-1,-1,1,1,-1,-1,1,-1,1,-1,1,-1,-1,-1,1,-1,1,1,-1,-1,1,-1,-1,1,1,-1,-1,-1,1,1,-1,1,-1,-1,-1,-1,1,-1,-1,-1,1,-1,-1,1,-1,1,-1,-1,-1,-1,-1,-1,1,1,-1,-1,-1,1,1,1,-1,-1,1,1,-1,-1,1,-1,1,-1,-1,1,1,1,-1,-1,-1,-1,1,-1,1,1,-1,1,-1,-1,1,1,-1,-1,-1,-1,-1,-1,1,1,-1,-1,1,-1,1,1,-1,-1,-1,1,-1,1,1,-1,-1,1,-1,-1,1,1,1,-1,1,-1,1,1,1,-1,-1,1,-1,-1,1,1,1,-1,1,-1,-1,1,1,-1,1,1,-1,-1,1,1,-1,1,1,-1,-1,1,1,1,1,1,-1,-1,1,1,1,1,1,1,-1,-1,1,1,-1,1,-1,-1,1,-1,1,1,1,1,-1,-1,1,-1,1,1,1,-1,1,1,1,1,-1,1,-1,1,1,1,1,1,1,1,-1,1,1,1,1,-1,1,-1,1,1,1,1,1,-1,1,1,1,1,-1,1,1,-1,1,1,-1,1,1,-1,-1,1,1,1,1,-1,1,-1,1,1,1,-1,-1,1,-1,1,1,1,-1,1,-1,-1,1,1,1,-1,-1,1,-1,-1,1,1,1,-1,1,-1,-1,1,1,1,-1,1,-1,-1,1,1,-1,-1,1,1,-1,1,1,-1,1,1,-1,-1,1,-1,-1,1,-1,1,-1,1,1,-1,1,1,-1,1,1,-1,-1,1,-1,1,-1,-1,-1,-1,1,-1,-1,1,1,-1,1,1,-1,1,-1,1,1,-1,1,-1,1,1,1,1,-1,1,-1,-1,-1,1,1,-1,1,-1,1,-1,1,1,-1,1,-1,1,1,-1,-1,-1,1,-1,-1,-1,1,-1,-1,-1,1,-1,1,-1,1,-1,1,-1,-1,1,-2664.0,1,2000,445,1500,False
2122,1,1,-1,-1,1,-1,-1,1,1,1,1,-1,1,1,1,1,-1,1,-1,-1,-1,1,1,1,1,-1,-1,-1,1,1,1,1,-1,-1,-1,1,-1,1,1,1,-1,-1,1,1,1,1,1,-1,1,-1,1,1,-1,1,-1,-1,1,-1,1,1,1,-1,-1,-1,1,1,1,1,-1,-1,1,-1,1,1,1,-1,-1,1,1,1,1,-1,-1,-1,-1,1,1,1,-1,-1,-1,1,-1,1,1,-1,-1,1,-1,1,1,1,-1,-1,1,-1,-1,1,1,-1,-1,-1,-1,-1,1,1,-1,-1,1,-1,-1,1,1,1,-1,-1,-1,-1,1,1,1,-1,1,-1,-1,1,1,1,-1,1,-1,-1,-1,1,1,-1,1,-1,-1,-1,1,1,-1,-1,1,-1,-1,1,1,-1,1,-1,-1,-1,1,1,-1,1,1,-1,1,1,-1,-1,1,-1,-1,1,1,-1,1,-1,1,-1,1,1,-1,1,1,-1,-1,-1,1,1,1,1,1,-1,-1,1,-1,1,1,1,-1,-1,1,1,-1,1,1,-1,1,1,-1,1,1,1,-1,1,1,1,1,1,1,1,-1,1,-1,-1,1,1,-1,-1,1,1,1,1,1,-1,-1,1,-1,1,1,1,1,-1,1,1,-1,1,1,-1,1,1,-1,1,1,1,-1,-1,1,-1,1,-1,1,1,1,1,-1,1,-1,1,1,1,1,-1,1,-1,1,1,1,1,-1,-1,1,1,1,1,1,1,-1,1,1,-1,-1,1,1,-1,-1,1,1,1,1,-1,1,-1,-1,1,1,-1,1,-1,-1,-1,1,1,1,-1,1,-1,1,-1,1,1,1,1,-1,1,1,1,1,1,-1,-1,1,1,1,1,1,1,-1,1,1,1,1,1,-1,1,1,1,-1,1,1,-1,-1,1,1,1,1,1,1,1,1,-1,1,1,1,1,1,1,1,1,1,1,1,1,1,1,-1,1,1,1,1,1,1,1,-1,1,-1,1,1,1,-1,1,1,1,1,1,1,1,-1,1,1,1,1,1,-1,-1,-1,-1,1,1,1,-1,1,1,-1,1,1,-1,-1,1,1,1,1,1,-1,1,1,1,-1,1,1,1,-1,-1,1,-1,-1,-1,1,-1,1,-1,-1,1,1,1,-1,-1,-1,1,-1,-1,1,1,-1,1,-1,1,1,1,1,1,-1,-1,-1,-1,1,-1,1,-1,-1,-1,1,1,1,1,-1,-1,1,-1,1,1,1,-1,1,-1,1,-1,1,1,-1,-1,1,-1,1,1,1,-1,-1,-1,1,1,1,1,-1,-1,1,-1,1,1,-1,1,-1,1,1,1,1,-1,1,-1,-1,1,1,1,-1,1,-1,1,-1,1,1,-1,-1,1,-1,1,1,1,1,-1,1,-1,-1,1,1,1,-1,1,-1,-1,1,1,-1,-1,1,-1,-1,1,-1,1,-1,-1,1,-1,1,-1,1,1,-1,1,-1,-1,1,1,1,-1,1,-1,1,-1,-1,-1,1,-1,1,1,-1,1,-1,-1,1,-1,1,-1,1,-1,1,1,1,-1,-1,-1,-1,-1,1,-1,1,-1,-1,-1,1,1,-1,1,-1,-1,-1,1,1,-1,1,-1,-1,-1,1,1,-1,1,-1,-1,-1,-1,1,1,1,-1,1,-1,-1,1,-1,1,-1,-1,1,-1,1,-1,1,1,-1,-1,-1,-1,-1,1,1,-1,-1,-1,-1,-1,-1,1,-1,-1,-1,1,1,1,-1,-1,-1,-1,1,1,1,-1,1,-1,1,-1,1,1,1,-1,-1,-1,-1,-1,1,-1,1,-1,-1,1,-1,1,1,-1,1,-1,-1,1,1,1,-1,1,-1,-1,-1,1,1,-1,1,-1,-1,-1,1,1,-1,1,-1,-1,-1,1,1,-1,-1,1,-1,-1,1,1,-1,-1,-1,-1,-1,1,1,1,-1,1,-1,-1,-1,-1,1,-1,1,-1,-1,1,-1,-1,1,-1,1,-1,1,1,-1,1,-1,1,-1,1,-1,-1,1,-1,1,-1,1,1,-1,1,-1,-1,-1,-1,1,-1,1,-1,1,-1,-1,1,-1,1,-1,1,-1,-1,-1,1,1,-1,-1,-1,-1,1,-1,-1,-1,-1,-1,-1,-1,-1,1,-1,-1,-1,-1,1,1,-1,1,-1,-1,-1,1,-1,-1,1,-1,-1,-1,-1,-1,1,1,-1,-1,-1,-1,-1,1,-1,-1,-1,1,-1,-1,1,-1,1,-1,-1,-1,-1,-1,-1,-1,1,-1,-1,-1,1,1,-1,-1,-1,-1,1,-1,-1,-1,-1,-1,-1,-1,1,-1,1,-1,-1,-1,-1,1,-1,1,1,-1,1,-1,-1,1,1,-1,-1,-1,-1,-1,-1,1,1,-1,-1,1,-1,1,1,-1,-1,-1,1,-1,1,1,-1,-1,1,-1,-1,1,1,1,-1,1,-1,1,1,1,-1,-1,1,-1,-1,1,1,1,-1,1,-1,-1,1,1,-1,1,1,-1,-1,1,1,-1,1,1,-1,-1,1,-1,-1,1,1,-1,-1,1,1,1,1,-1,1,-1,1,1,1,1,1,-1,-1,1,-1,1,1,1,1,-1,-1,1,-1,1,-1,1,-1,1,1,1,1,-1,1,-1,1,1,1,1,1,1,-1,1,-1,1,1,1,-1,1,1,1,1,1,1,-1,1,-1,1,1,1,-1,-1,1,1,1,1,-1,1,-1,1,1,-1,1,1,-1,1,-1,1,1,1,1,-1,-1,-1,-1,1,1,1,-1,-1,-1,1,-1,1,1,-1,1,-1,1,-1,1,1,-1,1,-1,1,-1,1,1,1,1,1,-1,1,1,1,-1,-1,1,-1,1,-1,1,-1,1,-1,1,1,1,-1,-1,1,-1,1,-1,1,1,-1,1,-1,1,1,1,-1,-1,-1,-1,-1,-1,-1,-1,-1,1,-1,1,1,1,-1,1,1,-1,-1,1,1,1,-1,1,-1,1,1,1,-1,-1,1,-1,1,1,1,-1,-1,1,-1,1,1,1,-1,-1,1,-1,1,-1,1,1,-1,1,-1,-1,1,1,-1,-1,-1,1,-1,1,1,1,-1,1,-1,-1,1,-2664.0,1,2000,445,1000,True
2123,-1,-1,1,1,1,1,-1,1,-1,-1,-1,1,-1,1,-1,-1,1,-1,1,1,-1,1,-1,-1,-1,1,-1,-1,-1,-1,-1,-1,1,1,-1,1,1,-1,-1,-1,1,-1,1,-1,-1,-1,1,1,-1,-1,1,-1,-1,1,1,-1,-1,1,-1,-1,1,1,1,1,-1,-1,-1,1,1,-1,1,-1,-1,-1,1,-1,-1,1,-1,-1,-1,1,1,-1,-1,-1,-1,1,1,1,-1,-1,-1,-1,1,1,-1,1,-1,1,-1,1,1,-1,1,-1,-1,-1,1,1,-1,1,-1,1,-1,1,1,-1,1,-1,-1,-1,1,1,-1,1,-1,-1,1,1,1,-1,1,-1,-1,1,1,1,-1,-1,-1,-1,1,1,1,-1,1,-1,-1,-1,1,1,-1,-1,1,-1,-1,1,1,-1,1,-1,-1,-1,1,1,-1,1,1,-1,1,1,1,-1,1,-1,-1,-1,1,-1,1,-1,1,-1,1,1,-1,1,1,-1,-1,1,1,1,1,1,1,-1,1,1,-1,1,1,1,-1,1,1,1,-1,1,1,-1,1,1,-1,1,1,1,1,1,1,1,1,1,1,1,-1,1,-1,-1,1,1,-1,1,-1,1,1,1,1,1,1,1,-1,1,1,1,1,1,-1,1,-1,1,1,1,1,1,-1,1,1,1,1,-1,1,-1,1,-1,1,-1,-1,1,-1,1,-1,1,1,-1,1,-1,1,-1,1,-1,1,1,-1,-1,1,1,1,1,1,1,-1,1,1,1,-1,-1,1,-1,-1,1,-1,-1,-1,-1,1,-1,1,1,1,-1,1,-1,-1,1,-1,-1,-1,-1,1,-1,-1,1,-1,-1,1,1,-1,1,-1,1,-1,1,-1,-1,1,-1,-1,1,1,1,-1,1,-1,-1,1,1,-1,1,1,-1,1,-1,1,-1,1,1,-1,1,1,1,1,1,1,-1,-1,1,1,1,1,-1,-1,-1,1,1,1,1,-1,-1,1,-1,1,1,1,-1,-1,1,-1,1,-1,1,1,-1,1,-1,1,1,1,1,-1,-1,1,1,1,-1,-1,-1,1,1,-1,-1,1,1,-1,1,-1,1,-1,1,-1,1,1,-1,1,1,1,-1,1,1,-1,1,-1,1,-1,-1,1,-1,1,1,1,1,-1,1,1,-1,1,1,-1,-1,1,-1,-1,1,-1,1,-1,-1,1,-1,1,1,-1,-1,-1,1,-1,1,-1,1,-1,-1,1,-1,1,-1,-1,-1,-1,1,-1,-1,1,1,-1,-1,1,-1,1,1,-1,1,-1,1,-1,1,-1,1,-1,-1,-1,-1,-1,-1,-1,1,-1,1,-1,1,-1,1,-1,-1,-1,1,1,1,1,-1,-1,-1,-1,1,-1,-1,-1,-1,-1,1,-1,1,1,-1,1,-1,-1,1,-1,-1,1,-1,-1,-1,-1,-1,1,-1,1,-1,-1,-1,-1,1,-1,1,-1,-1,1,-1,1,1,1,-1,-1,-1,1,1,-1,1,-1,-1,-1,1,1,1,-1,1,1,-1,1,1,1,1,1,1,1,-1,1,1,-1,1,-1,1,-1,-1,1,-1,-1,1,-1,-1,1,-1,-1,-1,1,1,-1,1,1,-1,-1,1,1,-1,-1,1,-1,-1,-1,-1,-1,1,1,-1,-1,-1,-1,-1,1,1,-1,-1,1,1,1,-1,1,-1,-1,1,1,-1,1,1,-1,-1,-1,1,-1,-1,1,1,-1,1,1,1,1,1,-1,1,1,1,-1,1,1,1,-1,1,1,-1,1,1,-1,1,1,1,-1,1,1,-1,-1,1,-1,1,-1,1,-1,1,1,1,-1,1,1,-1,1,1,1,1,1,1,1,1,1,1,1,1,1,-1,1,-1,1,-1,1,1,1,1,1,1,1,1,1,-1,1,-1,1,1,1,1,1,-1,1,-1,1,1,1,1,1,1,1,1,1,1,-1,1,1,-1,-1,1,-1,-1,1,1,1,-1,1,1,-1,1,-1,1,1,1,-1,-1,1,-1,1,-1,1,1,-1,1,-1,1,-1,1,-1,1,1,-1,1,-1,1,1,-1,1,-1,1,-1,1,1,-1,1,-1,1,-1,1,1,-1,1,1,1,1,1,-1,1,1,-1,1,1,1,1,-1,1,-1,1,-1,1,1,-1,1,1,-1,1,1,-1,1,1,1,-1,1,1,1,-1,1,-1,-1,1,1,-1,1,1,-1,1,-1,1,-1,-1,1,1,-1,1,1,-1,-1,1,1,-1,1,1,-1,-1,-1,1,1,1,1,-1,1,1,1,-1,1,1,-1,-1,1,-1,1,1,-1,-1,-1,-1,1,-1,1,1,-1,1,-1,-1,1,1,1,-1,-1,-1,-1,-1,1,-1,-1,-1,1,-1,1,1,-1,-1,-1,1,-1,1,1,1,-1,1,-1,-1,1,1,1,-1,1,-1,1,1,1,-1,-1,1,-1,-1,1,1,-1,-1,1,-1,-1,1,1,-1,1,1,-1,-1,1,1,-1,-1,1,-1,-1,1,1,-1,-1,1,-1,-1,1,1,-1,1,-1,1,-1,1,1,-1,-1,1,-1,-1,1,-1,-1,-1,1,1,-1,-1,1,-1,1,-1,1,-1,1,1,-1,1,-1,1,-1,1,1,-1,1,1,1,-1,-1,1,-1,1,1,-1,1,-1,1,-1,1,1,-1,1,-1,1,1,1,-1,-1,1,-1,1,1,-1,1,-1,-1,-1,1,-1,1,-1,1,-1,-1,1,-1,1,-1,-1,-1,-1,1,-1,1,-1,1,-1,-1,-1,1,1,-1,1,-1,-1,-1,-1,1,-1,1,-1,-1,1,-1,1,1,1,1,-1,-1,1,1,-1,-1,1,1,1,1,1,-1,1,-1,-1,1,1,-1,-1,1,-1,-1,-1,-1,1,-1,1,-1,1,1,1,-1,-1,-1,-1,-1,-1,-1,-1,-1,1,-1,1,1,1,-1,1,1,-1,1,1,1,1,-1,1,-1,1,1,1,1,-1,1,-1,1,1,1,1,-1,1,-1,1,1,1,1,-1,1,-1,1,1,1,-1,-1,1,-1,-1,1,1,-1,-1,-1,1,-1,1,1,1,-1,1,-1,-1,1,-2664.0,1,2000,445,1500,True
2124,1,1,-1,-1,1,1,-1,-1,1,1,1,-1,1,1,1,1,-1,1,-1,-1,1,-1,1,1,1,-1,-1,-1,1,1,1,1,1,-1,-1,-1,1,1,1,1,-1,-1,-1,1,1,1,1,-1,1,1,1,1,-1,1,-1,-1,1,-1,1,1,1,-1,-1,-1,1,1,1,1,-1,-1,-1,1,1,1,1,-1,-1,-1,1,1,1,-1,-1,-1,1,1,1,1,-1,1,-1,1,1,1,1,-1,-1,1,1,-1,1,1,-1,-1,1,1,1,1,1,-1,-1,1,1,1,1,1,-1,-1,1,1,1,1,1,1,-1,1,1,1,-1,1,1,-1,1,1,1,1,1,1,-1,-1,1,1,1,1,1,-1,1,1,1,1,1,1,-1,-1,-1,1,1,1,1,-1,1,1,1,1,-1,1,-1,1,-1,1,1,1,-1,-1,1,1,1,1,1,-1,1,-1,-1,1,1,1,-1,1,1,1,1,-1,1,1,1,1,-1,1,-1,1,-1,1,1,-1,1,-1,1,1,-1,1,-1,1,-1,1,-1,1,1,-1,1,-1,1,1,1,1,-1,-1,1,1,-1,-1,1,-1,1,-1,1,1,-1,1,-1,1,-1,1,-1,1,1,-1,-1,1,-1,1,-1,1,-1,1,1,1,-1,1,1,-1,1,-1,1,-1,1,-1,1,-1,1,1,-1,1,-1,-1,-1,-1,1,-1,1,-1,-1,-1,-1,1,-1,-1,1,1,-1,1,1,1,-1,1,1,-1,1,1,1,1,-1,1,-1,1,1,-1,1,-1,1,1,1,-1,1,1,1,1,-1,-1,1,-1,-1,1,1,1,-1,1,1,1,-1,1,1,1,1,1,1,1,1,-1,1,1,1,-1,1,1,-1,1,1,1,-1,1,1,-1,-1,1,1,1,-1,1,-1,1,1,1,-1,1,1,-1,1,1,1,-1,1,1,-1,1,1,1,-1,1,1,-1,-1,1,1,-1,1,1,-1,1,-1,1,-1,1,1,1,-1,1,1,1,-1,1,1,-1,1,1,-1,1,1,1,-1,-1,-1,-1,1,1,1,-1,1,1,-1,1,1,-1,-1,1,1,1,1,1,-1,1,1,1,-1,1,1,1,1,-1,1,1,-1,-1,1,-1,1,1,1,-1,1,1,-1,-1,-1,1,-1,-1,1,-1,1,-1,1,-1,1,1,1,-1,-1,1,-1,-1,1,-1,1,-1,1,-1,1,1,1,1,-1,-1,1,-1,1,1,-1,-1,1,1,1,-1,1,-1,-1,-1,1,-1,1,1,-1,-1,1,1,1,1,-1,1,-1,1,-1,-1,1,-1,-1,-1,1,-1,1,1,-1,-1,-1,1,1,1,1,1,-1,-1,1,1,-1,1,-1,-1,-1,1,1,1,1,1,-1,-1,1,1,-1,1,-1,-1,-1,-1,1,1,1,-1,-1,-1,1,1,-1,1,-1,-1,-1,-1,1,-1,1,-1,-1,-1,-1,1,-1,-1,1,1,1,-1,1,-1,1,-1,1,-1,1,-1,-1,-1,1,-1,-1,1,1,1,-1,1,-1,1,1,1,-1,1,1,-1,1,-1,1,-1,-1,1,-1,-1,1,1,1,-1,1,-1,-1,1,1,-1,-1,1,-1,-1,1,1,-1,-1,1,-1,-1,-1,1,1,-1,1,1,-1,-1,1,-1,-1,1,-1,1,-1,1,1,-1,-1,1,-1,-1,-1,-1,-1,1,1,1,-1,-1,1,-1,-1,1,-1,-1,1,-1,-1,1,1,-1,-1,1,-1,-1,1,1,-1,1,-1,-1,-1,-1,1,1,-1,-1,-1,-1,-1,1,-1,-1,1,-1,-1,-1,1,1,-1,-1,-1,-1,-1,1,-1,-1,-1,-1,-1,1,1,1,-1,-1,-1,-1,-1,1,1,-1,-1,-1,-1,-1,1,1,1,-1,-1,-1,-1,1,1,-1,-1,-1,-1,1,-1,1,1,1,-1,1,1,-1,1,1,1,-1,-1,1,1,1,1,1,-1,1,1,1,1,-1,1,-1,-1,1,-1,1,-1,1,-1,-1,1,-1,1,-1,1,-1,-1,1,-1,1,-1,1,-1,-1,1,-1,1,1,1,-1,1,-1,-1,1,1,1,-1,-1,1,-1,-1,1,1,-1,-1,1,-1,1,-1,1,-1,-1,1,1,-1,1,1,-1,-1,1,-1,-1,1,1,-1,-1,-1,1,1,-1,1,-1,-1,-1,-1,1,1,-1,-1,1,-1,-1,1,-1,1,-1,-1,-1,-1,-1,1,1,1,-1,-1,-1,1,1,1,-1,-1,-1,1,-1,-1,1,-1,1,-1,-1,1,1,1,-1,-1,-1,-1,1,-1,1,1,-1,1,-1,-1,1,1,-1,-1,-1,-1,-1,-1,1,1,-1,-1,1,-1,1,1,-1,-1,-1,1,-1,1,1,-1,-1,1,-1,-1,1,1,1,-1,1,-1,1,1,1,-1,-1,1,-1,-1,1,1,1,-1,1,-1,-1,1,1,-1,1,1,-1,-1,1,1,-1,1,1,-1,-1,1,1,1,1,1,-1,-1,1,1,1,1,1,1,-1,-1,1,1,1,1,-1,-1,1,-1,1,1,1,1,-1,-1,1,-1,1,1,1,-1,1,1,1,1,-1,1,-1,1,1,1,1,1,1,1,-1,1,1,1,1,-1,1,-1,1,1,1,1,1,-1,1,1,1,1,-1,1,1,-1,1,1,-1,1,1,-1,-1,1,1,1,1,-1,1,-1,1,1,1,-1,-1,1,-1,1,1,1,-1,1,-1,-1,-1,1,1,-1,-1,1,-1,-1,1,1,-1,-1,1,-1,-1,1,1,1,-1,1,-1,-1,1,1,-1,-1,-1,1,-1,1,1,-1,1,1,-1,-1,1,-1,-1,1,1,1,-1,-1,1,-1,1,1,-1,1,1,-1,-1,-1,-1,1,-1,-1,-1,-1,-1,1,-1,1,1,-1,1,1,-1,1,-1,1,1,-1,1,-1,1,1,1,1,-1,1,-1,1,-1,1,1,-1,1,-1,1,-1,1,1,-1,1,-1,1,1,-1,-1,-1,1,-1,1,-1,1,-1,-1,-1,-1,1,-1,-1,1,-1,1,-1,1,-1,-2664.0,1,2000,445,1000,False
2125,-1,-1,1,1,1,1,-1,1,-1,-1,-1,1,-1,1,-1,-1,1,-1,1,1,1,1,-1,-1,-1,1,-1,-1,1,-1,-1,-1,1,1,-1,-1,1,-1,-1,-1,1,-1,-1,-1,-1,-1,1,-1,1,1,-1,-1,1,-1,1,-1,1,-1,1,-1,-1,1,1,1,-1,1,-1,-1,-1,-1,1,-1,-1,-1,1,-1,1,-1,1,-1,-1,-1,-1,1,1,-1,-1,1,-1,1,-1,1,-1,1,1,-1,-1,1,1,1,1,1,-1,-1,1,1,-1,1,1,-1,-1,1,1,-1,1,1,-1,-1,1,1,-1,1,1,1,-1,1,1,-1,1,1,1,-1,1,1,-1,1,1,1,-1,1,1,-1,1,1,1,-1,-1,1,1,-1,1,1,-1,1,-1,1,-1,1,1,-1,1,-1,1,1,1,1,-1,1,1,-1,1,1,-1,-1,1,1,-1,1,1,-1,1,-1,-1,1,1,1,-1,1,-1,1,1,1,1,-1,1,1,-1,1,1,1,1,-1,1,-1,1,1,1,-1,-1,1,1,-1,1,1,-1,1,1,-1,1,1,1,1,1,1,-1,-1,1,1,-1,-1,1,-1,1,1,-1,1,-1,1,-1,1,1,1,-1,1,1,-1,-1,1,1,-1,1,1,-1,1,1,1,1,1,-1,-1,1,1,-1,1,1,1,1,-1,1,-1,1,1,-1,-1,1,1,1,1,1,-1,1,-1,1,1,-1,1,1,1,-1,1,1,1,1,1,1,-1,1,1,-1,1,-1,1,-1,-1,1,1,1,-1,1,1,-1,1,1,1,1,1,-1,-1,1,-1,1,-1,-1,1,-1,1,1,1,-1,1,-1,-1,1,1,1,1,1,-1,-1,1,1,-1,1,1,-1,-1,1,-1,-1,1,1,-1,1,-1,1,1,-1,1,-1,1,1,1,-1,1,1,-1,1,1,1,-1,1,-1,-1,1,1,1,-1,1,-1,-1,1,-1,1,-1,1,-1,-1,1,-1,1,-1,1,1,-1,1,-1,1,1,-1,1,-1,-1,1,1,-1,1,-1,-1,1,1,-1,-1,1,1,-1,1,-1,1,-1,1,-1,1,1,-1,1,1,1,-1,1,1,-1,1,-1,1,-1,-1,1,-1,1,1,1,1,-1,1,1,-1,1,1,-1,-1,1,-1,-1,1,-1,1,-1,-1,1,-1,1,-1,-1,-1,-1,1,-1,1,-1,1,-1,1,1,-1,1,1,-1,-1,-1,1,-1,-1,1,1,-1,-1,1,-1,1,1,-1,1,-1,1,-1,-1,1,1,-1,-1,-1,-1,1,1,-1,-1,-1,1,-1,1,-1,1,-1,-1,-1,1,1,-1,1,-1,-1,-1,-1,1,-1,-1,-1,-1,-1,-1,1,1,1,-1,-1,-1,-1,1,-1,-1,1,-1,-1,-1,1,-1,1,-1,1,-1,-1,1,-1,1,-1,-1,-1,-1,1,-1,1,1,1,-1,-1,-1,1,1,-1,1,-1,-1,1,1,1,1,-1,1,1,-1,1,1,1,1,1,1,1,-1,-1,1,-1,1,-1,1,-1,-1,1,1,-1,1,-1,-1,-1,1,1,-1,1,1,-1,-1,-1,1,-1,1,1,-1,-1,-1,1,-1,-1,-1,-1,1,-1,1,-1,-1,-1,-1,-1,-1,1,-1,1,1,1,1,-1,1,-1,1,1,-1,1,-1,1,-1,-1,1,-1,1,-1,-1,1,1,1,1,1,1,-1,1,1,1,-1,1,-1,1,1,1,1,-1,-1,-1,1,1,1,1,-1,1,-1,1,-1,1,-1,1,1,-1,-1,1,1,1,-1,1,-1,-1,1,1,1,1,1,1,-1,1,1,1,1,1,1,-1,1,-1,1,-1,1,1,-1,1,1,1,1,1,1,-1,1,-1,1,1,1,1,-1,1,1,-1,1,1,1,1,1,1,1,1,1,1,-1,1,1,-1,1,1,-1,-1,1,1,1,1,1,-1,-1,1,-1,1,1,1,-1,-1,1,-1,1,-1,-1,1,-1,1,-1,1,-1,1,-1,-1,1,-1,1,1,1,-1,-1,1,-1,1,1,1,-1,-1,1,-1,1,-1,1,-1,-1,-1,-1,1,1,1,-1,1,1,-1,1,1,1,1,-1,-1,1,-1,1,1,-1,-1,-1,-1,-1,1,1,-1,1,-1,1,-1,1,1,1,-1,1,-1,-1,1,1,-1,-1,-1,-1,1,-1,-1,-1,-1,-1,1,-1,1,1,-1,-1,-1,1,-1,1,1,-1,-1,-1,1,1,1,1,-1,1,-1,1,-1,1,1,-1,-1,-1,-1,1,1,1,-1,-1,-1,1,-1,1,1,-1,1,-1,-1,1,1,1,-1,-1,-1,-1,-1,1,-1,-1,-1,1,-1,1,1,1,-1,-1,1,-1,1,1,1,-1,1,1,-1,1,1,1,-1,1,-1,1,1,1,-1,-1,1,-1,-1,1,-1,1,1,-1,1,-1,1,1,1,-1,1,-1,-1,1,1,1,1,-1,1,-1,1,1,-1,1,1,-1,-1,1,1,-1,1,1,-1,-1,1,1,1,1,-1,-1,-1,1,-1,-1,1,1,-1,-1,-1,1,-1,1,1,-1,-1,1,-1,-1,1,1,-1,1,1,1,-1,1,1,-1,1,-1,-1,1,1,1,-1,1,-1,1,1,1,-1,1,-1,1,-1,1,1,-1,1,1,-1,-1,1,-1,1,1,-1,-1,1,-1,1,1,-1,1,-1,-1,-1,1,-1,-1,1,-1,1,-1,1,-1,1,-1,-1,-1,1,1,-1,-1,1,-1,-1,-1,1,1,-1,1,-1,-1,-1,1,1,-1,1,-1,-1,1,1,-1,-1,-1,1,-1,1,-1,-1,1,1,-1,1,1,-1,-1,1,1,-1,-1,-1,1,-1,1,1,-1,1,-1,1,-1,-1,-1,1,-1,-1,-1,-1,-1,1,-1,1,1,-1,1,1,-1,1,1,-1,-1,-1,1,-1,1,1,1,1,-1,1,-1,1,1,1,-1,1,1,-1,-1,1,1,-1,-1,1,-1,1,1,-1,-1,-1,1,-1,-1,1,1,-1,1,1,1,-1,1,-1,1,-1,1,-1,-1,1,-2664.0,1,2000,445,1500,True
2126,1,1,-1,-1,1,1,-1,-1,1,1,1,-1,1,1,1,1,-1,1,-1,-1,-1,-1,1,1,1,1,-1,-1,-1,1,1,1,-1,-1,-1,-1,1,1,1,1,-1,-1,-1,1,1,1,1,-1,1,1,1,1,-1,1,-1,-1,1,-1,1,1,1,-1,-1,-1,1,1,1,1,-1,-1,-1,1,1,1,1,-1,-1,-1,1,1,1,-1,-1,-1,1,1,1,1,-1,-1,-1,1,1,1,1,-1,-1,1,1,-1,1,1,-1,-1,1,1,1,1,1,-1,-1,1,1,1,1,1,-1,-1,1,1,1,1,1,1,-1,1,1,1,-1,1,1,-1,1,1,1,1,1,1,-1,-1,1,1,1,1,1,-1,1,1,1,1,1,1,-1,-1,-1,1,1,1,1,-1,1,1,1,1,-1,1,-1,1,-1,1,1,1,-1,-1,1,1,1,1,1,-1,1,-1,-1,1,-1,1,-1,1,1,1,1,1,1,1,1,1,-1,1,-1,1,-1,1,1,-1,1,-1,1,1,-1,1,-1,1,-1,1,-1,1,1,-1,1,-1,1,1,1,1,-1,-1,1,1,-1,-1,1,-1,1,-1,1,1,-1,1,-1,1,-1,1,-1,-1,1,-1,-1,-1,1,1,-1,1,-1,1,1,1,-1,1,1,-1,1,-1,1,-1,1,-1,1,-1,1,1,-1,1,-1,-1,-1,1,1,-1,1,-1,-1,-1,1,1,-1,-1,1,1,-1,-1,1,1,-1,1,1,-1,1,1,1,1,-1,1,-1,1,1,-1,1,-1,1,1,1,1,1,1,1,1,-1,-1,1,-1,-1,1,1,1,-1,1,1,1,-1,1,1,1,1,1,1,1,1,-1,1,1,1,-1,-1,1,-1,1,1,1,-1,1,1,-1,-1,1,1,1,-1,1,-1,1,1,1,-1,1,1,-1,1,1,1,-1,1,1,-1,1,1,1,-1,1,1,-1,-1,1,1,-1,1,1,-1,1,-1,1,-1,1,-1,1,-1,1,1,1,1,-1,1,-1,1,1,-1,1,1,1,-1,-1,-1,-1,1,1,1,-1,1,1,-1,1,1,-1,-1,1,1,1,1,1,-1,1,1,1,-1,1,1,1,1,-1,1,1,1,-1,1,-1,1,1,1,1,1,1,-1,-1,-1,1,-1,1,1,-1,1,-1,1,1,1,1,1,-1,-1,1,-1,-1,1,-1,1,-1,1,1,-1,1,1,1,-1,-1,1,-1,1,1,-1,-1,1,1,1,-1,1,-1,-1,-1,1,-1,1,1,-1,-1,1,1,1,1,-1,1,-1,1,-1,1,1,-1,-1,-1,1,-1,1,1,-1,-1,-1,1,-1,1,1,1,-1,-1,1,-1,-1,1,-1,-1,-1,1,-1,1,1,1,-1,-1,1,-1,-1,1,-1,-1,-1,-1,-1,-1,1,-1,-1,-1,1,-1,-1,1,-1,-1,-1,-1,1,-1,1,-1,-1,1,-1,1,-1,-1,1,1,1,-1,1,-1,1,-1,1,1,1,-1,-1,-1,1,-1,1,1,1,1,-1,1,-1,-1,1,1,-1,1,1,-1,1,-1,1,-1,-1,1,-1,-1,1,1,1,-1,1,-1,-1,1,1,-1,-1,1,-1,-1,1,1,-1,-1,1,-1,-1,-1,1,1,-1,1,1,-1,-1,1,-1,-1,1,-1,1,-1,1,1,-1,-1,1,-1,-1,-1,-1,-1,1,1,1,-1,-1,1,-1,-1,1,-1,-1,1,-1,-1,1,1,-1,-1,1,-1,-1,1,1,-1,1,-1,-1,-1,-1,1,1,-1,-1,-1,-1,-1,1,-1,-1,1,-1,-1,-1,1,1,-1,-1,-1,-1,-1,1,-1,-1,-1,-1,-1,1,1,1,-1,-1,-1,-1,-1,1,1,-1,-1,-1,-1,-1,1,1,1,-1,-1,-1,-1,1,1,-1,-1,-1,-1,1,1,1,1,1,-1,1,1,1,1,1,1,-1,-1,1,1,1,-1,1,-1,1,1,1,1,-1,1,-1,-1,1,-1,1,-1,1,-1,-1,1,-1,1,-1,1,-1,-1,1,-1,1,-1,1,-1,-1,1,-1,1,1,1,-1,-1,1,-1,1,1,1,-1,-1,1,1,-1,1,1,-1,-1,1,-1,1,-1,1,-1,-1,-1,-1,-1,1,1,-1,-1,1,-1,-1,1,1,-1,-1,-1,-1,1,-1,1,-1,-1,-1,-1,1,1,-1,-1,1,-1,-1,1,-1,1,-1,-1,-1,-1,-1,1,1,1,-1,-1,-1,1,1,1,-1,-1,-1,1,-1,-1,1,-1,1,-1,-1,1,1,1,-1,-1,-1,-1,1,-1,1,1,-1,1,-1,-1,1,1,-1,-1,-1,-1,-1,-1,1,1,-1,-1,1,-1,1,1,-1,-1,-1,1,-1,1,1,-1,-1,1,-1,-1,1,1,1,-1,1,-1,1,1,1,-1,-1,1,-1,-1,1,1,1,-1,1,-1,-1,1,1,-1,1,1,-1,-1,1,1,-1,1,1,-1,-1,1,1,-1,1,1,-1,-1,1,1,1,1,-1,1,-1,-1,1,1,-1,1,-1,-1,1,-1,1,1,1,1,-1,-1,1,-1,1,1,1,-1,1,1,1,1,-1,1,-1,1,1,1,1,1,1,1,-1,1,1,1,1,-1,1,-1,1,1,1,1,1,-1,1,1,1,1,-1,1,1,-1,1,1,-1,1,1,-1,-1,1,1,1,1,-1,1,-1,1,1,1,-1,-1,1,-1,1,1,1,-1,1,-1,-1,-1,1,1,-1,-1,1,-1,-1,1,1,-1,-1,1,-1,-1,1,1,1,-1,1,-1,-1,1,1,-1,-1,-1,1,-1,1,1,-1,1,1,-1,1,1,-1,-1,1,-1,-1,-1,1,1,-1,1,1,-1,1,1,-1,-1,-1,-1,1,-1,-1,-1,-1,1,-1,-1,1,1,-1,1,1,-1,1,1,1,1,-1,1,-1,1,1,1,1,-1,1,-1,-1,1,1,1,-1,1,-1,1,1,1,1,-1,1,-1,1,1,1,-1,-1,1,-1,-1,1,1,-1,-1,-1,1,-1,1,-1,1,-1,1,-1,-1,1,-2664.0,1,2000,445,1500,False
2127,-1,-1,1,1,1,1,-1,1,-1,-1,-1,1,-1,1,-1,-1,1,-1,1,1,-1,1,-1,-1,-1,1,-1,-1,1,-1,-1,-1,1,1,-1,1,1,-1,-1,-1,1,-1,1,-1,-1,-1,1,1,-1,-1,-1,-1,-1,1,1,-1,-1,1,-1,-1,1,1,1,1,-1,-1,-1,1,1,-1,1,-1,-1,-1,1,-1,-1,1,-1,-1,-1,1,1,-1,-1,-1,-1,1,1,1,-1,-1,-1,-1,1,1,-1,1,-1,1,-1,1,1,-1,1,-1,-1,-1,1,1,-1,1,-1,-1,-1,1,1,-1,1,-1,-1,-1,1,1,-1,1,-1,-1,1,1,1,-1,1,-1,-1,1,1,1,-1,-1,-1,-1,1,1,1,-1,1,-1,-1,-1,1,1,-1,-1,1,-1,1,1,1,-1,1,-1,-1,-1,1,1,-1,1,1,-1,1,1,1,-1,1,-1,-1,-1,1,-1,1,-1,1,-1,1,1,-1,1,1,-1,-1,1,1,1,1,1,1,-1,1,1,-1,1,1,1,-1,1,1,1,-1,1,1,-1,1,1,-1,1,1,1,1,1,1,1,1,1,1,1,-1,1,-1,-1,1,1,-1,1,-1,1,1,1,1,1,1,1,-1,1,1,1,1,1,-1,1,-1,1,1,1,1,1,-1,1,1,1,1,-1,1,-1,1,-1,1,-1,-1,1,-1,1,-1,1,1,1,1,-1,1,-1,1,-1,1,1,-1,-1,1,1,1,1,1,1,-1,1,1,1,-1,-1,1,-1,-1,1,-1,-1,-1,-1,1,-1,1,1,1,-1,1,-1,-1,1,-1,-1,-1,-1,1,-1,-1,1,-1,-1,1,1,-1,1,-1,-1,-1,1,-1,-1,1,-1,-1,1,1,1,-1,1,-1,-1,1,1,-1,1,1,-1,1,-1,1,-1,-1,1,-1,1,1,1,1,1,1,-1,-1,1,1,1,1,-1,-1,-1,1,1,1,1,-1,-1,1,-1,1,1,1,-1,-1,1,-1,1,-1,1,1,-1,1,-1,1,1,1,1,-1,-1,1,1,1,1,-1,-1,1,1,-1,-1,1,1,-1,1,-1,1,-1,1,-1,1,1,-1,1,1,1,-1,1,1,-1,1,-1,1,-1,-1,1,-1,1,1,1,1,-1,1,1,-1,1,1,-1,-1,1,-1,-1,1,-1,1,-1,-1,1,-1,1,1,-1,-1,-1,1,-1,1,-1,1,-1,-1,1,-1,1,-1,-1,-1,-1,1,-1,-1,1,1,-1,-1,1,-1,1,1,-1,1,-1,1,-1,1,-1,1,-1,-1,-1,-1,1,-1,-1,1,-1,1,-1,1,-1,1,-1,-1,-1,1,1,-1,1,-1,-1,-1,-1,1,-1,-1,1,-1,-1,1,-1,1,1,1,1,-1,-1,1,-1,-1,1,-1,-1,-1,1,-1,1,-1,1,-1,-1,1,-1,1,-1,1,-1,-1,1,-1,1,1,1,-1,-1,-1,1,1,-1,1,-1,-1,-1,1,1,1,-1,1,1,-1,1,1,1,1,1,-1,1,-1,1,1,-1,1,-1,1,-1,-1,1,-1,-1,1,-1,-1,1,-1,-1,-1,1,1,-1,1,1,-1,-1,1,1,-1,-1,1,-1,-1,-1,-1,-1,1,1,-1,-1,-1,-1,-1,1,1,-1,-1,1,1,1,-1,1,-1,-1,1,1,-1,1,1,-1,-1,-1,1,-1,-1,1,1,-1,1,1,1,1,1,-1,1,1,1,-1,1,1,1,-1,1,1,-1,1,1,-1,1,1,1,-1,1,1,-1,-1,1,-1,1,1,1,-1,1,1,-1,-1,1,1,-1,1,1,-1,1,1,1,1,1,1,1,1,1,1,-1,1,-1,1,-1,1,1,1,1,1,1,1,1,1,-1,1,-1,1,-1,1,1,1,-1,1,-1,1,1,1,1,1,1,1,1,1,1,-1,1,1,-1,-1,1,-1,-1,1,1,1,-1,1,1,-1,1,-1,-1,1,1,-1,-1,1,-1,1,-1,1,1,-1,1,-1,1,-1,1,-1,1,1,-1,1,-1,1,1,-1,1,-1,1,-1,1,1,-1,1,-1,1,-1,1,1,-1,1,1,1,1,1,-1,1,1,-1,1,1,1,1,-1,1,-1,1,-1,1,1,-1,1,1,-1,1,1,-1,1,1,1,-1,1,1,1,-1,1,-1,-1,1,1,-1,1,1,-1,1,-1,1,-1,-1,1,1,-1,1,1,-1,-1,1,1,-1,1,1,-1,-1,-1,1,1,1,1,-1,1,1,1,-1,1,1,-1,-1,1,-1,1,1,-1,-1,-1,-1,1,-1,1,1,-1,1,-1,-1,1,1,1,-1,-1,-1,-1,-1,1,-1,-1,-1,1,-1,1,1,-1,-1,-1,1,-1,1,1,1,-1,1,-1,-1,1,1,1,-1,1,-1,1,1,1,-1,-1,1,-1,-1,1,1,-1,-1,1,-1,-1,1,1,-1,1,1,-1,-1,1,1,-1,-1,1,-1,-1,1,1,-1,-1,1,-1,-1,1,1,-1,1,-1,1,-1,1,1,-1,-1,1,-1,-1,1,-1,1,-1,1,1,-1,-1,1,-1,1,-1,1,-1,1,1,-1,1,-1,1,-1,1,1,-1,1,1,1,-1,-1,-1,-1,1,1,-1,1,-1,1,-1,1,1,-1,1,-1,1,1,1,-1,-1,1,-1,1,1,-1,1,-1,-1,-1,1,-1,1,-1,1,-1,-1,1,-1,1,-1,-1,-1,-1,1,-1,1,-1,-1,-1,-1,-1,1,1,-1,1,-1,-1,-1,-1,1,-1,1,-1,-1,1,-1,1,1,1,1,-1,-1,1,1,-1,-1,1,1,1,1,1,-1,1,-1,-1,1,1,-1,-1,1,-1,-1,-1,-1,1,-1,1,1,1,1,1,-1,-1,-1,-1,-1,-1,-1,-1,-1,1,-1,1,1,1,-1,1,1,-1,1,1,1,1,-1,1,-1,1,1,1,1,-1,1,-1,1,1,1,1,-1,1,-1,1,1,1,1,-1,1,-1,1,1,1,-1,-1,1,-1,-1,1,1,-1,-1,-1,1,-1,1,-1,1,-1,1,-1,-1,1,-2664.0,1,2000,445,1500,True
2128,1,1,-1,-1,1,-1,-1,-1,1,1,1,-1,1,1,-1,1,-1,1,-1,-1,-1,1,1,1,1,-1,-1,-1,1,1,1,1,-1,-1,-1,-1,1,1,1,1,-1,-1,-1,1,1,1,1,-1,1,1,1,1,-1,1,-1,-1,1,-1,1,1,1,-1,-1,1,1,1,1,1,-1,-1,1,1,1,1,1,-1,-1,-1,1,1,1,-1,-1,-1,1,1,1,1,-1,1,-1,1,1,1,1,-1,-1,1,1,-1,1,1,-1,-1,1,1,1,1,1,-1,-1,1,1,1,1,1,-1,-1,1,1,1,1,1,1,-1,1,1,1,-1,1,1,-1,1,1,1,1,1,1,-1,-1,1,1,1,1,1,-1,1,1,1,1,1,1,-1,-1,-1,1,1,1,1,-1,1,-1,1,1,-1,1,-1,1,-1,1,1,1,-1,-1,1,1,1,1,1,-1,1,-1,-1,1,1,1,-1,1,1,1,1,-1,1,1,1,1,-1,1,-1,1,-1,1,1,-1,1,-1,1,1,-1,1,-1,1,-1,1,-1,1,1,-1,-1,-1,1,1,1,1,-1,-1,1,1,-1,-1,1,-1,1,1,1,1,-1,1,-1,1,-1,1,-1,1,1,-1,-1,1,-1,1,-1,1,-1,1,1,1,-1,1,1,-1,1,-1,1,-1,1,-1,1,-1,1,1,-1,1,-1,-1,1,-1,1,-1,1,-1,-1,-1,-1,1,-1,-1,1,1,-1,1,1,1,-1,1,1,-1,1,1,1,1,-1,1,-1,1,1,-1,1,-1,1,1,1,-1,1,1,1,1,-1,-1,1,-1,-1,-1,1,1,-1,1,1,1,-1,1,1,1,1,1,1,-1,1,-1,1,1,1,-1,-1,1,-1,1,1,1,-1,1,1,-1,-1,1,1,1,-1,1,-1,1,1,1,-1,1,1,-1,1,1,1,-1,1,1,-1,1,1,1,-1,1,1,1,-1,1,1,-1,1,1,-1,1,-1,1,-1,1,1,1,-1,1,1,1,1,1,1,-1,1,1,-1,1,-1,1,-1,-1,-1,-1,1,1,1,-1,1,1,-1,1,1,-1,-1,1,1,1,1,1,-1,1,1,1,-1,1,1,1,1,-1,1,1,1,-1,1,-1,1,1,1,1,1,1,-1,-1,-1,1,-1,-1,1,-1,1,-1,1,1,1,1,1,-1,-1,1,-1,-1,1,-1,1,-1,1,1,1,1,-1,1,-1,-1,1,-1,1,1,-1,-1,1,1,1,-1,1,-1,-1,-1,1,-1,1,1,-1,-1,1,1,1,1,-1,1,-1,1,-1,1,1,-1,-1,-1,1,-1,1,1,-1,-1,-1,1,-1,1,1,1,-1,-1,1,1,-1,1,-1,-1,-1,1,-1,1,1,1,-1,-1,1,-1,-1,1,-1,-1,-1,-1,-1,-1,1,-1,-1,-1,1,-1,-1,1,-1,-1,-1,-1,1,-1,1,-1,-1,1,-1,1,-1,-1,1,1,1,-1,1,-1,1,-1,1,1,1,-1,-1,-1,1,-1,-1,1,1,-1,1,1,-1,1,1,1,-1,1,1,-1,1,-1,1,-1,-1,1,-1,-1,1,1,-1,-1,1,-1,-1,1,1,1,-1,1,-1,-1,1,1,-1,-1,1,-1,-1,-1,1,1,-1,1,1,-1,-1,1,-1,-1,1,-1,1,-1,1,1,-1,-1,1,-1,-1,-1,-1,-1,1,1,1,-1,-1,1,-1,-1,1,-1,-1,1,-1,-1,1,1,-1,-1,1,-1,-1,1,1,-1,1,-1,1,-1,-1,1,1,-1,-1,-1,-1,-1,1,-1,-1,1,-1,-1,-1,1,1,-1,-1,-1,-1,-1,1,-1,-1,-1,-1,-1,-1,1,1,-1,-1,-1,-1,-1,1,1,-1,-1,-1,-1,-1,1,1,1,-1,-1,-1,-1,1,1,1,-1,-1,-1,1,-1,1,1,1,-1,1,1,-1,1,1,1,-1,-1,1,1,1,-1,-1,-1,1,-1,1,1,-1,1,-1,-1,1,-1,1,-1,1,-1,-1,1,-1,1,1,1,-1,-1,-1,-1,1,-1,1,-1,-1,1,-1,1,1,1,-1,1,-1,1,1,1,1,-1,-1,1,-1,-1,1,1,-1,-1,1,-1,1,-1,1,-1,-1,1,1,-1,1,1,-1,-1,1,-1,-1,1,1,-1,-1,-1,1,-1,-1,1,-1,-1,-1,-1,-1,1,-1,-1,1,-1,-1,1,-1,1,-1,-1,-1,-1,-1,1,1,1,-1,-1,-1,1,1,1,-1,-1,-1,1,-1,-1,1,-1,1,-1,-1,1,1,1,-1,-1,-1,-1,1,-1,1,1,-1,1,-1,-1,1,1,-1,-1,-1,-1,-1,-1,1,1,-1,-1,1,-1,1,1,-1,-1,-1,1,-1,1,1,-1,-1,1,-1,-1,1,1,1,-1,1,-1,1,1,1,-1,-1,1,-1,-1,1,1,1,-1,1,-1,-1,1,1,-1,1,1,-1,-1,1,1,-1,1,1,-1,-1,1,1,-1,1,1,-1,-1,1,1,1,1,1,1,-1,-1,1,1,1,1,-1,-1,1,-1,1,1,1,1,-1,-1,1,-1,1,1,1,-1,1,1,1,1,-1,1,-1,1,1,1,1,1,1,1,-1,1,1,1,1,-1,1,-1,1,1,1,1,1,-1,1,1,1,1,-1,1,1,-1,1,1,-1,1,1,-1,-1,1,1,1,1,-1,1,-1,1,1,1,-1,-1,1,-1,1,1,1,-1,1,-1,-1,-1,1,1,-1,-1,1,-1,-1,1,1,1,-1,1,-1,-1,1,1,1,-1,1,-1,-1,1,1,-1,-1,-1,1,-1,-1,1,-1,1,1,-1,1,1,-1,-1,1,-1,-1,-1,-1,1,-1,1,1,-1,1,1,-1,-1,-1,-1,1,-1,-1,-1,-1,1,-1,-1,1,1,-1,1,1,-1,1,1,1,1,-1,1,-1,1,1,1,1,-1,1,-1,-1,1,1,1,-1,1,-1,1,1,1,1,-1,1,-1,1,1,1,-1,-1,1,-1,-1,1,1,-1,-1,-1,1,-1,1,1,1,-1,1,-1,-1,1,-2664.0,1,2000,445,1000,False
2129,-1,-1,1,1,1,1,-1,1,-1,-1,-1,1,-1,1,-1,-1,1,-1,1,1,1,1,-1,-1,-1,1,-1,-1,1,-1,-1,-1,1,1,-1,1,1,-1,-1,-1,1,-1,1,-1,-1,-1,1,-1,1,-1,-1,-1,1,-1,1,-1,-1,1,-1,-1,1,1,1,1,-1,-1,-1,-1,-1,-1,1,-1,-1,-1,1,-1,1,1,-1,-1,-1,-1,-1,1,-1,-1,-1,1,-1,1,-1,-1,-1,-1,1,-1,-1,1,-1,1,-1,1,-1,-1,1,-1,-1,-1,1,-1,-1,1,-1,-1,-1,1,-1,-1,1,-1,-1,-1,1,1,-1,1,-1,-1,1,1,1,-1,1,-1,-1,1,1,1,-1,1,-1,-1,1,1,1,-1,-1,-1,-1,-1,1,1,-1,1,1,-1,-1,1,1,-1,1,-1,-1,-1,1,1,-1,1,1,-1,1,1,-1,-1,1,-1,-1,-1,1,-1,1,-1,1,-1,1,1,-1,1,1,-1,-1,1,1,1,1,1,1,-1,1,1,-1,1,1,1,-1,1,1,1,-1,1,1,-1,1,1,-1,1,1,1,1,1,1,1,1,1,1,1,-1,1,-1,-1,1,1,-1,1,-1,1,-1,1,1,1,1,1,-1,1,1,1,1,1,-1,1,-1,1,1,1,1,1,-1,1,1,1,1,-1,1,-1,1,-1,1,-1,-1,1,-1,1,-1,1,1,-1,1,-1,1,-1,1,-1,1,1,-1,-1,1,1,1,1,1,1,-1,1,1,1,-1,-1,1,-1,-1,1,-1,-1,-1,-1,1,-1,1,1,1,-1,1,-1,-1,1,-1,-1,-1,-1,1,-1,-1,1,-1,-1,1,1,-1,1,-1,1,-1,1,-1,-1,1,-1,-1,1,1,1,-1,1,-1,-1,1,1,-1,1,1,-1,1,-1,1,-1,-1,1,-1,1,1,1,1,1,1,-1,-1,1,1,1,1,-1,-1,-1,1,1,1,1,-1,-1,1,-1,1,1,1,-1,-1,1,-1,1,-1,1,1,-1,1,-1,1,1,1,1,-1,-1,1,1,1,-1,-1,-1,1,1,-1,-1,1,1,-1,1,-1,1,-1,1,-1,1,1,-1,1,1,1,-1,1,1,-1,1,-1,1,-1,-1,1,-1,1,1,1,1,-1,1,1,-1,1,1,-1,-1,1,-1,-1,1,-1,1,-1,-1,1,-1,-1,1,-1,-1,-1,1,-1,1,-1,1,-1,-1,1,-1,1,1,-1,-1,-1,1,-1,-1,1,1,-1,-1,1,-1,1,1,-1,1,-1,1,-1,1,1,1,-1,-1,-1,-1,1,1,-1,1,-1,1,-1,1,-1,1,-1,-1,-1,1,1,-1,1,-1,-1,-1,-1,1,-1,-1,1,-1,-1,-1,1,-1,1,1,1,-1,-1,1,-1,-1,1,-1,-1,-1,-1,1,1,-1,1,-1,-1,-1,1,1,-1,1,-1,-1,-1,1,1,1,1,-1,-1,-1,1,1,-1,1,-1,1,-1,1,1,1,-1,1,1,-1,1,1,1,1,1,-1,1,-1,1,1,-1,1,-1,1,-1,-1,1,-1,-1,1,-1,-1,1,-1,-1,-1,1,1,-1,1,1,-1,-1,1,1,-1,-1,1,-1,-1,-1,-1,-1,1,1,-1,-1,-1,-1,-1,1,1,-1,-1,1,1,1,-1,1,-1,-1,1,1,-1,1,1,-1,-1,-1,1,-1,-1,1,1,-1,1,1,1,1,1,-1,1,1,1,-1,1,1,1,-1,1,1,-1,1,1,-1,1,1,1,-1,1,1,-1,-1,1,-1,1,1,1,-1,1,1,-1,-1,1,1,-1,1,1,1,1,1,1,1,1,1,1,1,1,1,-1,1,-1,1,-1,1,1,1,1,1,1,1,1,1,-1,1,-1,1,-1,1,1,1,-1,1,-1,1,1,1,1,1,1,1,1,1,1,-1,1,1,-1,-1,1,-1,-1,1,1,1,-1,1,1,-1,1,-1,-1,1,1,-1,-1,1,-1,1,-1,1,1,-1,1,-1,1,-1,1,-1,1,1,-1,1,1,1,1,-1,1,-1,1,-1,1,1,-1,1,-1,1,-1,1,1,-1,1,1,1,1,1,-1,1,1,-1,1,1,1,1,-1,1,-1,1,-1,1,1,-1,1,1,-1,1,1,-1,1,1,1,-1,1,1,1,-1,1,-1,-1,1,1,-1,1,1,-1,1,-1,1,-1,-1,1,1,-1,1,1,-1,-1,1,1,-1,1,1,-1,-1,-1,1,1,1,1,-1,1,1,1,-1,1,1,-1,-1,1,-1,1,1,1,-1,-1,-1,1,-1,1,1,-1,1,-1,-1,1,1,1,-1,-1,-1,-1,-1,1,-1,-1,-1,1,-1,1,1,1,-1,-1,1,-1,1,1,1,-1,1,-1,-1,1,1,1,-1,1,-1,1,1,1,-1,-1,1,-1,-1,1,1,1,-1,1,-1,-1,1,1,1,1,1,-1,-1,1,1,1,1,1,-1,-1,1,1,-1,1,1,-1,-1,1,1,-1,1,1,1,-1,1,1,1,-1,1,-1,-1,1,-1,-1,1,1,1,-1,-1,1,-1,1,1,1,-1,1,1,-1,1,-1,1,-1,1,1,-1,1,1,1,-1,-1,1,1,1,1,-1,1,-1,1,1,1,1,-1,1,-1,1,1,1,-1,-1,1,-1,1,1,-1,1,-1,-1,-1,1,-1,1,-1,1,-1,-1,1,-1,1,-1,-1,-1,-1,1,-1,1,-1,-1,-1,-1,-1,1,1,-1,1,-1,-1,1,-1,1,-1,1,-1,1,-1,-1,1,1,1,1,-1,-1,1,1,-1,-1,1,1,-1,1,-1,-1,1,-1,-1,1,1,-1,-1,1,-1,-1,-1,-1,1,-1,1,1,-1,1,-1,1,-1,-1,-1,1,-1,-1,-1,-1,1,-1,-1,1,1,-1,1,1,-1,1,1,-1,-1,-1,1,-1,1,1,1,1,-1,1,-1,-1,-1,1,-1,-1,1,-1,1,1,1,-1,-1,1,-1,1,1,-1,-1,-1,1,-1,-1,1,1,-1,-1,-1,1,-1,1,-1,1,-1,1,-1,-1,1,-2664.0,1,2000,445,1500,True
2130,1,1,-1,-1,1,1,-1,1,1,1,1,-1,-1,1,1,1,-1,1,-1,-1,-1,1,1,1,1,-1,-1,-1,1,1,1,1,1,-1,-1,1,-1,1,1,1,-1,-1,1,1,1,1,1,-1,1,-1,1,1,-1,1,-1,-1,1,-1,1,1,1,-1,-1,-1,1,1,1,1,-1,-1,1,-1,1,1,1,-1,-1,-1,1,1,1,-1,-1,-1,-1,1,1,1,-1,-1,1,1,-1,1,1,-1,-1,-1,-1,1,1,1,-1,-1,1,1,-1,1,1,-1,-1,-1,-1,-1,1,1,-1,-1,1,-1,-1,1,1,1,-1,-1,-1,-1,1,1,1,-1,1,-1,-1,1,1,1,-1,1,-1,-1,-1,1,1,-1,1,-1,-1,-1,1,1,-1,-1,1,-1,-1,1,1,-1,1,1,-1,-1,1,1,-1,1,1,-1,1,1,-1,-1,1,-1,-1,1,1,-1,1,-1,1,-1,1,1,-1,1,1,-1,-1,-1,1,1,1,1,1,-1,-1,1,-1,1,1,1,-1,-1,1,1,-1,1,1,-1,1,1,-1,1,1,1,-1,1,1,1,1,1,1,1,-1,1,-1,-1,1,1,1,-1,1,1,-1,1,1,-1,-1,1,-1,-1,1,1,1,-1,1,1,-1,1,1,-1,1,1,-1,1,1,1,-1,-1,1,-1,1,-1,1,1,1,1,-1,1,-1,1,1,1,1,-1,1,-1,1,1,1,1,-1,-1,1,1,1,1,1,1,-1,1,1,1,-1,1,1,1,-1,1,1,1,1,-1,1,-1,1,1,1,-1,1,1,1,1,1,1,1,-1,-1,-1,1,-1,1,1,1,1,-1,1,1,1,1,1,1,1,1,1,1,1,1,-1,1,1,1,1,1,1,-1,1,1,1,1,-1,1,1,-1,1,1,1,1,1,-1,1,1,1,1,1,1,-1,1,-1,1,1,1,1,-1,1,-1,1,1,1,1,-1,1,-1,1,-1,-1,1,-1,1,1,-1,1,1,1,1,1,1,-1,1,-1,1,-1,1,-1,-1,1,-1,-1,-1,1,1,-1,1,-1,1,-1,1,-1,1,-1,1,1,1,1,-1,1,-1,1,1,-1,1,-1,-1,-1,-1,1,1,1,1,-1,-1,1,1,1,1,-1,-1,1,-1,-1,1,-1,1,-1,1,-1,1,1,1,-1,-1,1,1,-1,1,-1,1,-1,-1,1,-1,1,1,-1,-1,-1,1,-1,-1,1,1,-1,-1,-1,-1,1,1,-1,1,-1,1,-1,-1,1,1,-1,1,1,-1,1,1,-1,-1,1,1,-1,1,-1,1,-1,1,-1,-1,1,-1,1,-1,1,-1,-1,1,-1,-1,-1,1,-1,-1,1,-1,1,-1,1,-1,-1,1,-1,-1,1,-1,1,-1,1,1,1,-1,1,1,-1,-1,1,1,-1,1,-1,-1,1,1,1,1,-1,1,-1,-1,1,1,-1,-1,1,-1,-1,1,1,1,1,1,1,-1,1,1,1,-1,-1,1,1,-1,1,1,-1,1,-1,1,1,-1,1,-1,-1,1,-1,-1,1,-1,-1,-1,1,1,-1,-1,1,-1,-1,1,1,-1,-1,1,-1,-1,-1,-1,-1,-1,1,-1,-1,-1,-1,-1,-1,1,-1,-1,1,1,1,1,1,-1,-1,1,1,-1,-1,1,-1,-1,-1,1,-1,-1,1,1,-1,1,1,1,-1,1,1,-1,-1,1,-1,-1,-1,1,-1,-1,1,-1,1,1,-1,-1,1,1,-1,1,1,-1,1,1,-1,1,1,1,1,-1,1,1,-1,-1,1,1,-1,1,1,1,-1,1,1,-1,-1,1,1,1,1,1,-1,1,1,-1,-1,1,1,-1,-1,1,1,-1,1,1,-1,-1,1,-1,-1,1,1,-1,-1,-1,1,-1,1,1,-1,-1,1,1,-1,1,1,-1,-1,1,1,-1,-1,-1,1,-1,1,-1,-1,1,-1,-1,-1,1,1,-1,1,1,-1,-1,1,1,-1,1,-1,-1,1,-1,1,-1,1,1,-1,-1,1,-1,-1,-1,1,-1,-1,1,-1,-1,-1,1,-1,1,-1,1,-1,-1,-1,-1,-1,1,-1,-1,-1,1,-1,1,-1,-1,-1,-1,-1,-1,-1,1,-1,-1,-1,1,1,-1,1,-1,-1,-1,1,-1,-1,1,-1,-1,-1,-1,-1,1,1,-1,-1,-1,-1,-1,1,-1,-1,-1,1,-1,-1,1,-1,1,-1,-1,-1,-1,-1,-1,-1,1,-1,-1,-1,1,1,1,-1,-1,-1,1,1,-1,-1,-1,-1,-1,-1,1,1,1,-1,-1,-1,-1,1,-1,1,1,-1,1,-1,-1,1,1,-1,-1,-1,-1,-1,-1,1,1,-1,-1,1,-1,1,1,-1,-1,-1,1,-1,1,1,-1,-1,1,-1,-1,1,1,1,-1,1,-1,1,1,1,-1,-1,1,-1,-1,1,-1,1,-1,1,-1,-1,1,1,-1,1,1,-1,-1,1,1,-1,1,1,-1,-1,1,1,1,1,1,-1,-1,1,1,1,1,-1,1,-1,-1,1,1,1,1,-1,-1,1,-1,1,1,1,1,-1,-1,1,-1,1,1,1,-1,1,1,1,1,-1,1,-1,1,1,1,1,1,1,1,-1,1,1,1,1,-1,1,-1,1,1,1,1,1,-1,1,1,1,1,-1,1,1,-1,1,1,-1,1,1,-1,-1,1,1,1,1,-1,1,-1,1,1,1,-1,-1,1,-1,1,1,1,-1,1,-1,-1,-1,1,1,-1,-1,1,-1,-1,1,1,-1,-1,1,-1,-1,1,1,1,-1,1,-1,-1,1,1,-1,-1,-1,1,-1,1,1,-1,1,1,-1,1,1,-1,-1,1,-1,-1,-1,1,1,-1,1,1,-1,1,1,-1,-1,-1,-1,1,-1,-1,-1,-1,1,-1,-1,1,1,-1,1,1,-1,1,1,1,1,-1,1,-1,1,1,1,-1,-1,1,-1,-1,-1,1,-1,-1,1,-1,1,1,1,-1,-1,1,-1,1,1,1,1,-1,1,-1,-1,1,1,1,-1,-1,1,-1,1,1,1,-1,1,-1,-1,1,-2664.0,1,2000,445,1000,False
2131,1,1,-1,-1,1,-1,-1,1,1,1,1,-1,1,1,1,1,-1,1,-1,-1,-1,1,1,1,1,-1,1,-1,1,1,1,1,-1,-1,-1,1,-1,1,1,1,-1,-1,1,1,1,1,1,-1,1,-1,1,1,-1,1,-1,-1,1,-1,1,1,1,-1,-1,-1,1,1,1,1,-1,-1,1,-1,1,1,1,-1,-1,1,-1,1,1,-1,-1,-1,-1,1,1,1,-1,1,-1,1,-1,1,1,-1,-1,1,-1,1,1,1,-1,-1,1,-1,-1,1,1,-1,-1,1,-1,-1,1,1,-1,-1,1,-1,-1,1,1,1,-1,1,-1,-1,1,1,1,-1,1,-1,-1,1,1,1,-1,-1,-1,-1,1,1,1,-1,1,-1,-1,-1,1,1,-1,-1,1,-1,-1,1,1,-1,1,1,-1,-1,1,1,-1,1,1,-1,1,1,-1,-1,1,-1,-1,1,1,-1,1,-1,1,-1,1,1,-1,1,1,-1,-1,-1,1,1,1,1,1,-1,-1,1,-1,1,1,1,-1,-1,1,1,-1,1,1,-1,1,1,-1,1,1,1,-1,1,1,1,1,1,1,1,-1,1,-1,-1,1,1,-1,-1,1,1,1,1,1,-1,-1,1,-1,1,1,1,1,-1,1,1,-1,1,1,-1,1,1,-1,1,1,1,-1,-1,1,-1,1,-1,1,1,1,1,-1,1,-1,1,1,1,1,-1,1,-1,1,1,1,1,-1,-1,1,1,1,1,1,1,-1,1,1,-1,-1,1,1,-1,-1,1,1,1,1,-1,1,-1,1,1,1,-1,1,-1,-1,1,1,1,1,-1,1,-1,1,-1,1,1,1,1,-1,1,1,1,1,1,1,-1,1,1,1,1,1,1,1,1,1,1,1,1,-1,1,1,1,-1,1,1,-1,1,1,1,-1,1,1,1,-1,1,-1,1,1,1,1,-1,1,1,-1,1,1,1,1,1,1,-1,1,1,-1,-1,1,1,1,-1,1,1,-1,-1,1,-1,1,1,1,1,-1,1,1,-1,1,1,-1,1,1,-1,-1,-1,-1,1,1,1,-1,1,1,-1,-1,1,-1,1,-1,1,1,-1,1,-1,-1,1,1,-1,-1,1,1,1,-1,1,1,1,-1,1,-1,1,-1,1,-1,1,1,-1,-1,-1,1,1,1,1,-1,1,-1,1,-1,1,1,1,-1,-1,1,1,-1,1,-1,1,-1,1,-1,1,1,1,1,-1,-1,1,-1,1,1,-1,-1,1,1,1,-1,1,-1,-1,-1,1,-1,1,-1,-1,-1,1,1,1,1,-1,1,-1,1,-1,-1,1,-1,-1,1,1,1,-1,1,-1,-1,-1,1,-1,1,1,-1,-1,-1,1,-1,-1,1,1,-1,-1,1,-1,1,-1,1,-1,-1,1,-1,-1,-1,1,-1,-1,1,-1,1,-1,1,-1,-1,1,-1,-1,1,1,-1,-1,-1,1,-1,1,1,-1,-1,1,1,-1,-1,1,1,1,-1,1,-1,1,-1,1,1,1,-1,1,1,-1,-1,1,1,1,-1,1,-1,1,-1,1,1,1,-1,-1,-1,-1,-1,1,-1,1,-1,-1,-1,1,1,-1,1,-1,-1,-1,1,1,-1,1,-1,-1,-1,1,1,-1,1,-1,-1,-1,-1,1,1,1,-1,1,-1,-1,1,-1,1,-1,-1,1,-1,1,-1,1,1,-1,-1,-1,-1,-1,1,1,-1,-1,-1,1,-1,1,1,-1,-1,-1,-1,1,1,-1,-1,-1,-1,-1,1,1,-1,1,-1,1,1,1,1,1,-1,-1,-1,-1,-1,1,-1,1,-1,-1,1,-1,1,1,-1,1,-1,-1,1,1,1,-1,1,-1,1,-1,1,1,-1,1,-1,-1,-1,1,1,-1,1,-1,1,-1,1,1,1,-1,1,-1,-1,1,1,-1,-1,-1,1,-1,1,1,1,-1,1,-1,-1,-1,-1,1,-1,1,-1,-1,1,-1,-1,1,-1,1,-1,1,1,-1,1,-1,1,-1,1,-1,1,-1,1,-1,-1,1,1,-1,1,-1,-1,-1,-1,1,-1,1,-1,1,-1,-1,1,-1,1,1,-1,-1,-1,-1,1,1,1,1,-1,-1,1,-1,-1,1,1,-1,-1,-1,-1,1,-1,1,-1,-1,1,1,-1,1,1,-1,-1,1,-1,-1,1,1,-1,-1,-1,-1,1,-1,1,-1,-1,-1,-1,-1,1,-1,-1,1,-1,-1,1,-1,1,-1,-1,-1,-1,-1,1,1,1,-1,-1,-1,1,1,1,-1,-1,-1,1,-1,-1,1,-1,-1,-1,-1,1,1,1,-1,-1,-1,-1,1,-1,1,1,-1,1,-1,-1,1,1,-1,-1,-1,-1,-1,-1,1,1,-1,-1,1,-1,1,1,-1,-1,-1,1,-1,1,1,-1,-1,1,-1,-1,1,1,1,-1,1,-1,1,1,1,-1,-1,1,-1,-1,1,1,1,-1,1,-1,-1,1,1,-1,1,1,-1,-1,1,1,1,1,1,-1,-1,1,1,-1,1,1,-1,-1,1,1,1,1,-1,1,-1,1,1,1,-1,1,-1,-1,1,-1,1,1,1,1,-1,-1,1,-1,1,-1,1,-1,1,-1,1,1,-1,1,-1,1,1,1,1,1,1,-1,-1,-1,1,1,1,-1,1,-1,1,1,1,1,1,-1,1,-1,1,1,-1,-1,1,-1,1,1,-1,1,-1,-1,-1,1,1,1,-1,1,-1,-1,-1,1,1,-1,-1,-1,-1,1,1,1,-1,-1,1,-1,-1,1,1,-1,1,-1,-1,-1,1,1,-1,1,-1,1,-1,1,1,1,1,1,-1,-1,1,1,-1,-1,1,1,-1,-1,1,-1,1,-1,-1,1,1,-1,-1,1,-1,1,-1,-1,1,-1,1,1,-1,1,1,-1,-1,-1,1,-1,-1,-1,-1,-1,1,-1,1,1,1,-1,1,1,1,-1,1,1,1,-1,1,1,-1,1,1,1,-1,1,1,1,1,1,1,-1,-1,1,-1,1,1,1,-1,1,1,-1,1,1,-1,-1,1,1,1,1,1,-1,-1,-1,1,-1,1,1,1,-1,1,-1,1,1,-2664.0,1,2000,445,1000,True
2132,1,1,-1,-1,1,-1,-1,-1,1,1,1,-1,1,1,1,1,-1,1,-1,-1,-1,-1,1,1,1,-1,1,-1,1,1,1,1,1,-1,-1,-1,1,1,1,1,-1,-1,-1,1,1,1,1,-1,1,1,1,1,-1,1,-1,-1,1,-1,1,1,1,-1,-1,-1,1,1,1,1,-1,-1,-1,1,1,1,1,-1,-1,-1,1,1,1,-1,-1,-1,1,1,1,1,-1,-1,-1,1,1,1,1,-1,-1,1,1,-1,1,1,-1,-1,1,1,1,1,1,-1,-1,1,1,-1,1,1,-1,-1,1,1,1,1,1,1,-1,1,1,1,-1,1,1,-1,1,1,1,1,1,1,-1,-1,1,1,1,1,1,-1,1,1,1,1,1,1,-1,-1,-1,1,1,1,1,-1,1,1,1,1,-1,1,-1,1,-1,1,1,1,-1,-1,1,1,1,1,1,-1,1,-1,-1,1,1,1,-1,1,1,1,1,-1,1,1,1,1,-1,1,-1,1,-1,1,1,-1,1,-1,1,1,-1,1,-1,1,-1,1,-1,1,1,-1,1,-1,1,1,1,1,-1,-1,1,1,-1,-1,1,-1,1,-1,1,1,-1,1,-1,1,-1,1,-1,-1,1,-1,-1,1,-1,1,-1,1,-1,1,1,1,-1,1,1,-1,1,-1,1,-1,1,-1,1,-1,1,1,-1,1,-1,-1,-1,-1,1,-1,1,-1,-1,-1,-1,1,-1,-1,1,1,-1,1,1,1,-1,1,1,-1,1,1,1,1,-1,1,-1,1,1,-1,1,-1,1,1,1,-1,1,1,1,1,-1,-1,1,-1,-1,-1,1,1,-1,1,1,1,-1,1,-1,1,1,1,1,1,1,-1,1,1,1,-1,-1,1,-1,1,1,1,-1,1,1,-1,-1,1,1,1,-1,1,-1,1,1,1,-1,1,1,-1,1,1,1,-1,1,-1,-1,1,1,1,-1,1,-1,-1,-1,1,1,-1,1,-1,-1,1,-1,1,-1,1,1,-1,-1,1,1,1,1,1,-1,-1,1,1,-1,1,-1,-1,-1,-1,-1,-1,1,-1,-1,-1,1,1,-1,1,-1,1,-1,1,1,1,1,-1,-1,1,1,1,-1,1,-1,-1,-1,-1,1,1,1,1,-1,-1,1,1,1,1,-1,-1,1,-1,-1,1,-1,1,-1,-1,1,-1,1,1,-1,-1,1,1,-1,1,-1,1,-1,-1,1,-1,1,1,-1,-1,-1,1,-1,-1,1,1,-1,-1,1,-1,1,1,-1,1,-1,1,-1,-1,1,1,-1,-1,1,-1,1,1,-1,-1,1,1,-1,1,-1,1,-1,1,-1,-1,1,-1,1,-1,1,-1,-1,1,-1,-1,-1,1,-1,-1,1,-1,1,-1,1,-1,-1,1,-1,-1,1,-1,1,-1,1,1,1,-1,1,1,-1,-1,1,1,-1,1,-1,-1,1,-1,1,1,1,1,-1,-1,1,1,-1,1,1,1,-1,1,1,1,-1,1,1,-1,1,1,1,1,-1,-1,1,-1,-1,-1,1,-1,1,1,-1,1,-1,1,-1,1,-1,-1,-1,1,1,-1,1,1,-1,-1,-1,1,-1,1,1,-1,1,-1,1,-1,-1,-1,-1,-1,-1,1,-1,-1,-1,-1,-1,-1,1,-1,1,1,1,1,-1,1,-1,1,1,-1,-1,-1,1,-1,-1,1,-1,1,-1,-1,1,1,1,1,-1,-1,1,1,1,1,-1,1,-1,-1,1,1,1,-1,-1,-1,1,1,1,1,-1,1,-1,1,-1,1,-1,1,1,-1,-1,1,1,1,-1,-1,-1,1,1,1,1,1,-1,-1,-1,1,1,1,1,-1,-1,-1,1,-1,1,-1,-1,-1,1,1,1,1,1,-1,-1,-1,1,1,1,1,-1,-1,-1,1,1,-1,1,-1,-1,-1,1,1,1,1,-1,-1,1,-1,1,1,-1,-1,1,1,-1,1,1,-1,-1,-1,1,1,1,1,1,-1,1,1,1,1,1,-1,-1,-1,1,-1,1,-1,-1,-1,-1,1,-1,1,1,1,-1,-1,1,-1,1,1,-1,-1,-1,1,-1,1,1,-1,-1,1,-1,1,1,1,-1,-1,-1,1,-1,-1,-1,-1,-1,-1,1,-1,1,-1,-1,-1,-1,1,1,-1,1,-1,-1,-1,1,-1,-1,1,-1,-1,-1,-1,1,-1,1,-1,-1,-1,-1,-1,1,-1,-1,-1,1,-1,-1,1,-1,1,-1,-1,-1,-1,-1,-1,-1,1,-1,-1,-1,1,1,-1,-1,-1,-1,1,-1,-1,-1,-1,1,-1,-1,1,1,1,-1,-1,-1,-1,1,-1,1,1,-1,1,-1,-1,1,1,-1,-1,-1,-1,-1,-1,1,1,-1,-1,1,-1,1,1,-1,-1,-1,1,-1,1,1,-1,-1,1,-1,-1,1,1,1,-1,1,-1,1,1,1,-1,-1,1,-1,-1,1,1,1,-1,1,-1,-1,1,1,-1,1,1,-1,-1,1,1,1,1,1,-1,-1,1,1,1,1,1,-1,-1,1,1,1,1,-1,1,-1,-1,1,1,-1,1,-1,-1,1,-1,1,1,1,1,-1,-1,1,-1,1,1,1,-1,1,1,1,1,-1,1,-1,1,1,1,1,1,1,1,-1,1,1,1,1,-1,1,-1,1,1,1,1,1,-1,1,1,1,1,-1,1,1,-1,1,1,-1,1,1,-1,-1,1,1,1,1,-1,1,-1,1,1,1,-1,-1,1,-1,1,1,1,-1,1,-1,-1,-1,1,1,-1,-1,1,-1,-1,1,1,-1,-1,1,-1,-1,1,1,1,-1,1,-1,-1,1,1,-1,-1,-1,1,-1,-1,1,-1,1,1,-1,1,1,-1,-1,1,-1,-1,-1,1,1,-1,1,1,-1,1,1,-1,-1,-1,-1,1,-1,-1,-1,-1,1,-1,-1,1,1,-1,1,1,-1,1,1,1,1,-1,1,-1,1,1,1,1,-1,1,-1,-1,-1,1,1,-1,1,-1,1,1,1,1,-1,1,-1,1,1,1,-1,-1,1,-1,-1,1,1,-1,-1,-1,1,-1,1,1,1,-1,1,-1,-1,1,-2664.0,1,2000,445,1500,False
2133,-1,-1,1,1,1,1,-1,1,-1,-1,-1,1,-1,1,-1,-1,1,-1,1,1,-1,1,-1,-1,-1,1,-1,-1,-1,-1,-1,-1,1,1,-1,1,1,-1,-1,-1,1,-1,1,-1,-1,-1,-1,1,-1,-1,1,-1,1,-1,1,-1,-1,1,-1,-1,-1,1,1,1,-1,-1,-1,-1,-1,-1,1,-1,-1,-1,-1,-1,-1,1,-1,-1,-1,1,1,-1,-1,-1,-1,-1,-1,1,-1,-1,-1,-1,-1,-1,-1,1,-1,1,-1,-1,-1,-1,1,-1,-1,-1,-1,-1,-1,1,-1,1,-1,-1,-1,-1,1,-1,-1,1,-1,-1,-1,1,-1,-1,1,-1,-1,-1,1,-1,-1,1,-1,-1,-1,-1,-1,-1,1,-1,-1,-1,1,-1,-1,1,-1,-1,-1,-1,1,-1,1,1,-1,-1,1,-1,-1,1,-1,-1,1,1,-1,1,-1,-1,-1,-1,1,-1,1,1,-1,-1,1,-1,1,1,-1,-1,-1,1,1,-1,1,1,-1,-1,1,1,-1,1,1,-1,-1,-1,1,-1,-1,1,-1,-1,-1,1,-1,1,1,-1,1,1,1,-1,1,1,-1,1,1,1,-1,-1,1,1,-1,-1,1,-1,1,1,-1,1,-1,1,-1,1,1,-1,1,1,1,-1,1,1,-1,-1,1,1,-1,1,-1,-1,1,1,1,-1,1,1,-1,1,1,-1,1,-1,-1,-1,1,1,-1,-1,-1,-1,-1,1,1,-1,1,-1,1,-1,1,-1,1,1,-1,1,-1,1,1,1,1,-1,-1,-1,-1,1,-1,1,-1,-1,-1,1,1,-1,1,1,-1,-1,-1,1,1,1,-1,-1,-1,1,1,-1,1,1,-1,-1,1,1,-1,1,-1,-1,-1,1,1,1,1,-1,-1,-1,1,-1,1,1,-1,-1,1,-1,-1,1,1,-1,1,1,1,1,-1,1,-1,1,1,1,-1,1,1,-1,-1,1,1,-1,1,-1,-1,-1,1,1,-1,1,-1,-1,1,-1,1,-1,1,-1,-1,1,-1,1,-1,1,1,-1,1,-1,1,1,-1,1,-1,-1,1,1,-1,1,-1,-1,1,1,-1,-1,1,1,-1,1,-1,1,-1,1,-1,1,1,-1,1,1,1,-1,1,1,-1,1,-1,1,-1,-1,1,-1,1,1,1,1,-1,1,1,1,1,-1,-1,-1,1,-1,-1,1,-1,1,-1,-1,1,-1,1,-1,-1,-1,-1,1,-1,1,-1,1,-1,1,1,-1,1,1,-1,-1,-1,1,-1,-1,1,1,-1,-1,1,-1,1,1,-1,1,-1,1,-1,-1,1,1,-1,-1,-1,-1,1,1,-1,1,-1,1,-1,1,-1,1,-1,-1,-1,1,1,-1,1,-1,-1,-1,-1,1,-1,-1,-1,-1,-1,-1,1,1,1,-1,1,-1,-1,1,-1,-1,1,-1,-1,-1,1,-1,1,-1,1,-1,-1,1,-1,1,-1,1,-1,-1,1,-1,1,1,1,-1,-1,-1,1,1,-1,1,-1,-1,1,1,1,1,-1,1,1,-1,1,1,1,1,1,1,1,-1,1,1,-1,1,-1,1,-1,-1,1,1,-1,1,-1,-1,1,-1,1,-1,1,1,-1,1,1,1,-1,1,1,-1,-1,1,1,-1,-1,-1,-1,1,1,1,-1,-1,-1,-1,1,1,1,-1,1,1,1,-1,1,1,-1,1,1,-1,1,1,1,-1,-1,1,-1,-1,1,1,-1,1,1,1,1,1,1,1,1,1,-1,1,1,-1,1,1,1,-1,1,1,-1,1,1,1,-1,1,1,1,-1,1,-1,1,-1,1,-1,1,1,1,-1,1,1,1,1,1,1,1,1,1,-1,1,1,1,1,1,1,-1,1,-1,1,-1,1,-1,1,1,1,1,1,1,1,-1,1,-1,1,1,1,1,-1,1,1,-1,1,1,-1,-1,1,1,1,1,1,1,-1,1,1,-1,-1,1,-1,-1,1,1,1,-1,1,-1,-1,1,-1,1,1,1,-1,-1,1,-1,1,-1,1,1,-1,1,-1,1,-1,1,-1,-1,1,-1,1,-1,1,1,-1,1,-1,1,-1,1,-1,-1,1,-1,1,-1,1,1,-1,1,1,1,1,1,-1,1,1,-1,1,1,1,1,-1,1,-1,1,-1,1,1,-1,1,1,-1,1,1,1,-1,1,1,-1,1,1,1,1,1,-1,-1,1,1,1,1,1,-1,1,-1,1,1,1,1,1,-1,1,1,1,1,1,1,-1,1,-1,1,1,1,1,1,1,1,1,1,1,1,-1,1,1,-1,1,1,-1,1,1,1,1,1,1,1,-1,1,1,1,1,1,-1,1,1,1,1,1,1,-1,-1,1,-1,1,1,1,-1,1,1,1,1,1,-1,-1,1,1,1,1,1,1,-1,1,1,-1,1,1,-1,1,1,1,1,1,1,-1,-1,1,1,1,1,-1,1,-1,1,1,1,1,-1,-1,-1,1,1,1,1,-1,1,-1,1,1,1,1,1,-1,-1,1,1,-1,1,1,-1,-1,-1,1,-1,1,-1,-1,-1,1,-1,1,1,1,-1,-1,-1,1,-1,1,1,-1,-1,1,-1,-1,1,1,-1,1,1,1,-1,1,1,-1,1,-1,-1,1,1,1,-1,1,-1,1,1,1,-1,1,-1,1,-1,1,1,-1,1,1,-1,-1,1,-1,1,1,-1,-1,1,-1,1,1,-1,1,-1,-1,-1,1,-1,-1,1,-1,1,-1,1,-1,1,-1,-1,-1,1,1,-1,-1,1,-1,-1,-1,1,1,-1,1,-1,-1,-1,1,1,-1,1,-1,-1,1,1,-1,-1,-1,1,-1,1,1,-1,1,1,-1,1,1,-1,-1,1,1,-1,-1,-1,1,-1,1,1,-1,1,1,-1,-1,-1,-1,1,-1,-1,-1,-1,-1,1,-1,1,1,-1,1,1,-1,1,1,1,1,-1,1,-1,1,1,1,1,-1,1,-1,-1,1,1,1,-1,1,-1,1,1,1,1,-1,1,-1,1,1,1,-1,-1,1,-1,-1,1,1,-1,-1,-1,1,-1,1,-1,1,-1,1,-1,-1,1,-2664.0,1,2000,445,1500,True
2134,-1,-1,1,1,1,1,-1,1,-1,-1,-1,1,-1,1,-1,-1,1,-1,1,1,1,1,-1,-1,-1,1,-1,-1,1,-1,-1,-1,1,1,-1,1,1,-1,-1,-1,1,-1,1,-1,-1,-1,-1,-1,1,-1,1,-1,1,-1,1,-1,-1,1,-1,-1,-1,1,1,1,-1,-1,-1,-1,-1,-1,1,-1,-1,-1,-1,-1,1,1,-1,-1,-1,1,1,-1,-1,-1,-1,1,-1,1,-1,-1,1,-1,-1,-1,-1,1,-1,1,-1,-1,-1,-1,1,-1,-1,-1,-1,-1,-1,1,-1,1,-1,-1,-1,-1,1,-1,-1,1,-1,-1,-1,1,-1,-1,1,-1,-1,-1,1,-1,1,-1,-1,-1,-1,1,-1,-1,1,-1,-1,-1,-1,-1,-1,1,-1,-1,-1,1,1,-1,1,1,-1,-1,1,1,-1,1,-1,-1,-1,1,-1,1,-1,-1,-1,-1,1,-1,1,1,-1,-1,1,-1,1,1,-1,-1,-1,1,1,-1,1,1,-1,-1,1,1,-1,1,1,-1,-1,1,1,-1,-1,1,-1,-1,-1,1,-1,1,1,-1,-1,1,1,-1,1,1,-1,1,1,1,-1,-1,1,1,-1,-1,1,-1,1,1,-1,1,-1,1,-1,1,1,-1,1,1,1,-1,1,1,-1,-1,1,1,-1,1,-1,1,1,1,-1,-1,1,1,-1,1,1,1,1,-1,-1,-1,1,1,-1,-1,-1,-1,-1,1,1,-1,-1,-1,1,-1,1,-1,1,1,-1,1,-1,1,1,1,1,-1,-1,-1,-1,1,-1,1,-1,-1,-1,1,1,-1,1,1,-1,-1,-1,1,1,1,-1,-1,-1,1,1,-1,1,1,-1,-1,1,1,-1,1,-1,-1,-1,1,1,1,1,-1,-1,-1,1,-1,1,1,-1,-1,1,-1,-1,1,1,-1,1,1,-1,1,-1,1,-1,1,1,1,-1,1,1,-1,-1,1,1,-1,1,-1,-1,-1,1,1,-1,1,-1,-1,1,-1,1,-1,1,-1,-1,1,-1,1,-1,1,1,-1,1,-1,1,1,-1,1,-1,-1,1,1,-1,1,-1,-1,1,1,-1,-1,1,1,-1,1,-1,1,-1,1,-1,1,1,-1,1,1,1,-1,1,1,-1,1,-1,1,-1,-1,1,-1,1,1,-1,1,-1,1,1,-1,1,-1,-1,-1,1,-1,-1,1,-1,1,-1,-1,1,-1,1,-1,-1,-1,-1,1,-1,1,-1,1,-1,1,-1,-1,1,-1,-1,-1,-1,1,-1,-1,1,1,-1,-1,1,-1,1,1,-1,1,-1,1,-1,1,-1,1,-1,-1,-1,-1,1,-1,-1,1,-1,1,-1,1,-1,1,-1,-1,-1,1,1,-1,1,-1,-1,-1,-1,1,-1,-1,-1,-1,-1,1,-1,1,1,-1,1,-1,-1,1,-1,-1,1,-1,-1,-1,1,-1,1,-1,1,-1,-1,-1,-1,1,-1,1,-1,-1,1,-1,1,1,1,-1,-1,-1,1,1,-1,1,-1,-1,-1,1,1,1,-1,1,1,-1,1,1,1,1,1,1,1,-1,1,1,1,-1,-1,1,-1,-1,1,1,-1,1,-1,-1,1,-1,1,-1,1,1,-1,1,1,1,-1,1,1,-1,-1,1,1,-1,-1,-1,-1,1,1,1,-1,-1,-1,-1,1,1,1,-1,1,1,1,-1,1,1,-1,1,1,-1,1,1,1,-1,-1,1,-1,-1,1,1,-1,1,1,1,1,1,1,1,1,1,-1,1,1,-1,1,1,1,-1,1,1,-1,1,1,1,-1,1,1,1,-1,1,-1,1,-1,1,-1,1,1,1,-1,1,1,1,1,1,1,1,1,1,-1,1,1,1,1,-1,1,-1,1,-1,1,-1,1,-1,1,1,1,1,1,1,1,-1,1,-1,1,1,1,-1,-1,1,1,-1,1,1,-1,-1,1,1,1,1,1,1,-1,1,1,-1,-1,1,-1,-1,1,1,1,-1,1,-1,-1,1,-1,1,1,1,-1,-1,1,-1,1,-1,1,1,-1,1,-1,1,-1,1,-1,-1,1,-1,1,-1,1,1,-1,1,-1,1,-1,1,-1,-1,1,-1,1,-1,1,1,-1,1,1,1,1,1,-1,1,1,-1,1,1,1,1,-1,1,-1,1,-1,1,1,-1,1,1,-1,1,1,1,-1,1,1,-1,1,1,1,1,1,-1,-1,1,1,1,1,1,-1,1,-1,1,1,1,1,1,-1,1,1,1,1,1,1,-1,1,-1,1,1,1,1,1,1,1,1,1,1,1,-1,1,1,-1,1,1,-1,1,1,1,1,1,1,1,-1,1,1,1,1,1,-1,1,1,1,1,1,1,-1,-1,1,-1,1,1,1,-1,1,1,1,1,1,-1,-1,1,1,1,1,1,1,-1,1,1,-1,1,1,-1,1,1,1,1,1,1,-1,-1,1,1,1,1,-1,1,-1,1,1,1,1,-1,-1,-1,1,1,1,1,-1,1,-1,1,1,1,1,1,-1,-1,1,1,-1,1,1,-1,-1,1,1,-1,1,-1,-1,-1,1,-1,1,1,1,-1,-1,-1,1,-1,1,1,-1,-1,1,1,-1,1,1,-1,1,1,1,-1,1,1,-1,1,-1,1,1,1,1,-1,1,-1,1,1,1,-1,1,-1,1,1,1,1,-1,1,1,-1,1,1,-1,1,1,-1,-1,1,-1,1,1,-1,1,-1,1,-1,1,-1,-1,1,-1,1,-1,1,-1,1,-1,-1,-1,1,1,-1,-1,1,-1,-1,-1,1,-1,-1,1,-1,1,-1,1,1,-1,1,-1,-1,1,-1,-1,-1,-1,1,1,1,-1,-1,1,1,-1,1,1,-1,-1,1,1,-1,-1,-1,1,-1,1,1,1,1,-1,1,-1,-1,-1,1,-1,-1,-1,-1,-1,1,1,1,1,-1,1,1,-1,1,1,-1,-1,-1,1,-1,1,1,1,1,-1,1,-1,1,1,1,-1,1,1,-1,1,1,1,1,-1,1,-1,1,1,-1,-1,-1,1,-1,1,1,1,-1,-1,1,1,-1,1,-1,1,-1,1,-1,1,1,-2664.0,1,2000,445,1500,True
2135,1,1,-1,-1,1,1,-1,1,1,1,1,-1,-1,1,1,1,-1,1,-1,-1,-1,1,1,1,1,1,-1,-1,1,1,1,1,-1,-1,-1,1,-1,1,1,1,-1,-1,1,1,1,1,1,-1,1,-1,1,1,1,1,-1,-1,1,-1,1,1,1,-1,-1,-1,1,1,1,1,-1,-1,1,-1,1,1,1,-1,-1,1,-1,1,1,-1,-1,-1,-1,1,1,1,-1,-1,-1,1,-1,1,1,-1,-1,1,-1,1,1,1,-1,-1,1,-1,-1,1,1,-1,-1,1,-1,-1,1,1,-1,-1,1,-1,-1,1,1,1,-1,1,-1,-1,1,1,1,-1,1,-1,-1,1,1,1,-1,-1,-1,-1,1,1,1,-1,1,-1,-1,-1,1,1,-1,-1,1,-1,-1,1,1,-1,1,-1,-1,-1,1,1,-1,1,1,-1,1,1,-1,-1,1,-1,-1,1,1,-1,1,-1,1,-1,1,1,-1,1,1,-1,-1,-1,1,1,1,1,1,-1,-1,1,-1,1,1,1,-1,-1,1,1,-1,1,1,-1,1,1,-1,1,1,1,-1,1,1,1,1,1,1,1,-1,1,-1,-1,1,1,-1,-1,1,1,-1,1,1,-1,-1,1,-1,1,1,1,1,-1,1,1,-1,1,1,-1,1,1,-1,1,1,1,-1,-1,1,-1,1,-1,1,1,1,1,-1,1,-1,1,1,1,1,-1,1,-1,1,1,1,1,-1,-1,1,1,1,1,1,1,-1,1,1,-1,-1,1,1,-1,-1,1,1,1,1,-1,1,-1,1,1,1,-1,1,-1,-1,1,1,1,1,-1,1,-1,1,-1,1,1,1,1,-1,1,1,1,1,1,-1,-1,1,1,1,1,1,1,-1,1,1,1,1,1,-1,1,1,1,-1,1,1,-1,-1,1,1,1,1,1,1,1,1,-1,1,1,1,1,1,1,1,1,1,1,1,1,1,1,-1,1,1,1,1,1,1,1,-1,1,-1,1,-1,1,-1,1,1,1,1,-1,1,1,-1,1,1,1,1,1,-1,-1,-1,-1,1,1,1,-1,1,1,-1,1,1,-1,-1,1,1,1,1,1,-1,1,1,-1,1,1,1,1,1,-1,1,-1,-1,-1,1,-1,1,-1,-1,1,1,1,-1,-1,-1,1,-1,1,1,-1,1,-1,-1,1,1,1,1,-1,-1,-1,-1,-1,1,-1,1,-1,-1,-1,1,1,1,1,-1,-1,1,-1,1,1,-1,-1,-1,-1,1,-1,1,-1,-1,-1,1,-1,1,1,-1,-1,-1,-1,1,1,-1,1,-1,-1,1,1,1,-1,-1,1,-1,1,1,1,-1,-1,1,-1,-1,1,1,1,-1,1,-1,1,-1,1,-1,-1,-1,1,-1,1,1,1,-1,-1,1,-1,-1,1,-1,-1,-1,1,-1,-1,1,-1,-1,-1,1,-1,-1,1,-1,-1,-1,-1,1,-1,1,-1,-1,1,-1,1,-1,-1,1,1,1,-1,1,-1,1,-1,1,-1,1,-1,1,1,-1,-1,1,1,1,-1,1,-1,1,-1,1,1,1,-1,-1,-1,1,-1,1,-1,1,-1,-1,-1,1,1,-1,1,-1,-1,-1,1,1,-1,1,-1,-1,-1,1,1,-1,1,-1,-1,-1,-1,1,1,1,-1,1,-1,-1,1,-1,1,-1,-1,1,-1,1,-1,1,1,-1,-1,-1,-1,-1,1,1,-1,-1,-1,-1,-1,1,1,-1,-1,-1,1,1,1,-1,-1,-1,-1,1,1,1,-1,1,-1,1,-1,1,1,1,-1,-1,-1,-1,-1,1,-1,1,-1,-1,1,-1,1,1,-1,1,-1,-1,1,1,1,-1,1,-1,-1,-1,1,1,-1,1,-1,-1,-1,1,1,-1,1,-1,-1,-1,1,1,-1,-1,1,-1,-1,1,1,-1,-1,-1,-1,-1,1,1,-1,-1,1,1,-1,-1,-1,1,-1,1,1,-1,1,-1,-1,1,1,-1,-1,1,1,-1,1,-1,1,-1,1,-1,-1,1,-1,1,-1,1,1,-1,1,-1,1,-1,-1,1,-1,1,-1,1,-1,-1,1,-1,1,1,1,-1,-1,-1,1,1,1,1,-1,-1,1,-1,-1,1,1,-1,-1,-1,-1,1,-1,1,-1,-1,1,1,-1,1,1,-1,-1,1,-1,-1,1,1,-1,-1,-1,-1,1,-1,1,-1,-1,-1,-1,-1,1,-1,-1,1,-1,-1,1,-1,1,-1,-1,-1,-1,-1,1,1,1,-1,-1,-1,1,1,1,-1,-1,-1,1,-1,-1,1,1,-1,-1,-1,1,1,1,-1,-1,-1,-1,1,-1,1,-1,-1,1,-1,-1,1,1,-1,-1,-1,-1,-1,-1,1,1,-1,-1,1,-1,1,1,-1,-1,-1,1,-1,1,1,-1,-1,1,-1,-1,1,1,1,-1,1,-1,1,1,1,-1,-1,1,-1,-1,1,1,1,-1,1,-1,-1,1,1,-1,1,1,-1,-1,1,1,-1,1,1,-1,-1,1,-1,-1,1,1,-1,-1,1,1,1,1,1,1,-1,1,1,1,-1,1,-1,-1,1,-1,1,1,1,1,-1,1,1,-1,1,1,1,-1,1,1,1,1,-1,1,-1,1,1,1,1,1,1,-1,1,-1,1,1,1,-1,1,1,1,1,1,1,-1,1,-1,1,1,1,-1,-1,1,1,1,1,-1,1,-1,1,1,-1,1,1,-1,1,-1,1,1,1,1,-1,-1,-1,1,1,1,1,-1,-1,-1,1,-1,1,1,-1,1,-1,1,-1,1,1,-1,1,-1,1,-1,1,1,1,1,1,-1,1,1,1,-1,-1,1,-1,1,1,1,-1,1,-1,1,1,1,-1,-1,1,-1,1,-1,1,1,-1,1,-1,1,1,1,-1,-1,-1,-1,-1,-1,-1,-1,-1,1,-1,1,1,1,-1,1,1,-1,-1,1,1,1,-1,1,-1,1,1,1,1,-1,1,-1,1,1,1,1,-1,1,-1,1,1,1,1,-1,1,-1,1,-1,1,-1,-1,1,-1,-1,1,1,-1,-1,-1,1,-1,1,1,1,-1,1,-1,-1,1,-2664.0,1,2000,445,1000,True
2136,1,1,-1,-1,1,-1,-1,-1,1,1,1,-1,1,1,1,1,-1,1,-1,-1,-1,-1,1,1,1,-1,-1,-1,1,1,1,1,-1,-1,-1,-1,1,-1,1,1,-1,-1,-1,1,1,1,1,-1,1,1,1,1,-1,1,-1,-1,1,-1,1,1,1,-1,-1,-1,1,1,1,1,-1,-1,-1,1,1,1,1,-1,-1,-1,1,1,1,-1,-1,-1,1,1,1,1,-1,-1,-1,1,1,1,1,-1,-1,1,1,-1,1,1,-1,-1,1,1,1,1,1,-1,-1,1,1,1,1,1,-1,-1,1,1,1,1,1,1,-1,1,1,1,-1,1,1,-1,1,1,1,1,1,1,-1,-1,1,1,-1,1,1,-1,1,1,1,1,1,1,-1,-1,-1,1,1,1,1,-1,1,1,1,1,-1,1,-1,1,-1,1,1,1,-1,-1,1,1,1,-1,1,-1,1,-1,-1,1,1,1,-1,1,1,1,1,-1,1,1,1,1,1,1,-1,1,-1,1,1,-1,1,-1,1,1,-1,1,-1,1,-1,1,-1,1,1,-1,1,-1,1,1,1,1,-1,-1,1,1,-1,-1,1,-1,1,1,-1,1,-1,1,-1,1,-1,1,-1,1,1,-1,-1,1,1,-1,-1,1,-1,1,1,1,-1,1,1,-1,1,-1,1,-1,1,-1,1,-1,1,1,-1,1,-1,-1,-1,1,1,-1,1,-1,-1,-1,-1,1,-1,-1,1,1,-1,-1,1,-1,-1,1,1,-1,1,1,1,1,-1,1,-1,1,1,-1,1,-1,1,1,-1,1,-1,1,1,1,-1,-1,1,-1,-1,-1,1,1,-1,1,1,-1,-1,1,-1,-1,1,1,-1,-1,1,-1,1,1,1,-1,-1,1,-1,-1,1,-1,-1,1,1,-1,1,-1,1,1,-1,1,-1,1,1,1,-1,1,1,-1,1,1,1,-1,1,-1,-1,1,1,1,-1,1,-1,-1,1,1,1,1,1,-1,-1,-1,-1,1,-1,1,1,-1,1,1,1,-1,-1,1,-1,-1,-1,1,-1,1,-1,-1,1,-1,-1,-1,1,1,-1,1,-1,1,-1,1,-1,1,-1,1,1,-1,1,-1,1,-1,1,-1,1,1,-1,-1,-1,-1,1,1,1,1,-1,-1,1,-1,-1,1,-1,-1,1,-1,-1,1,-1,1,-1,-1,1,-1,-1,1,-1,-1,1,1,-1,1,-1,1,-1,-1,1,-1,-1,-1,-1,-1,-1,1,-1,-1,1,1,-1,-1,-1,-1,1,-1,-1,1,-1,1,-1,-1,1,1,-1,1,1,-1,-1,-1,-1,-1,1,1,-1,-1,1,1,-1,1,-1,1,-1,1,1,-1,1,-1,-1,-1,-1,-1,-1,1,-1,1,-1,1,1,-1,1,-1,-1,1,-1,-1,1,-1,1,-1,-1,-1,1,-1,1,1,-1,-1,-1,1,-1,1,-1,-1,-1,-1,1,1,1,1,-1,-1,-1,1,-1,1,1,-1,-1,-1,1,1,-1,1,1,-1,1,1,1,1,-1,-1,1,-1,-1,-1,1,-1,-1,1,1,1,-1,1,-1,1,-1,-1,-1,1,1,-1,1,1,-1,-1,-1,1,-1,1,1,-1,1,-1,1,-1,-1,-1,-1,-1,-1,1,-1,-1,-1,-1,-1,-1,1,-1,1,1,1,1,-1,1,-1,1,1,-1,-1,-1,1,-1,-1,1,-1,1,-1,-1,1,1,1,1,-1,-1,1,1,1,1,-1,1,-1,-1,1,1,1,-1,-1,-1,1,1,1,1,-1,-1,-1,1,-1,1,-1,1,-1,-1,-1,1,1,1,-1,-1,-1,1,1,1,1,1,-1,-1,-1,1,1,1,1,-1,-1,-1,1,-1,1,-1,-1,-1,-1,1,1,1,1,-1,1,-1,1,-1,1,1,-1,-1,-1,1,1,-1,1,-1,-1,-1,1,1,1,1,-1,-1,1,-1,1,-1,1,-1,1,1,-1,1,1,-1,-1,-1,1,1,-1,1,1,-1,1,1,1,-1,1,-1,-1,-1,1,-1,1,-1,-1,-1,1,-1,1,-1,1,1,-1,-1,-1,1,-1,1,-1,1,-1,1,1,-1,1,-1,1,1,-1,-1,-1,1,-1,-1,-1,1,1,1,-1,-1,-1,-1,1,-1,-1,1,-1,-1,-1,-1,-1,-1,1,-1,-1,-1,1,-1,-1,1,-1,-1,-1,-1,-1,1,1,-1,-1,-1,-1,-1,1,-1,-1,-1,1,-1,-1,1,-1,1,-1,-1,-1,-1,-1,-1,-1,1,-1,-1,-1,1,1,-1,-1,-1,1,-1,1,-1,-1,-1,1,-1,-1,1,1,1,-1,-1,-1,-1,1,-1,1,1,-1,1,-1,-1,1,1,-1,-1,-1,-1,-1,-1,1,1,-1,-1,1,-1,1,1,-1,-1,-1,-1,-1,1,1,-1,-1,1,1,-1,1,1,1,-1,1,-1,1,1,1,-1,-1,1,-1,-1,1,1,1,-1,1,-1,-1,1,1,-1,1,1,1,-1,1,1,-1,1,1,1,-1,1,1,-1,1,1,1,-1,1,1,1,1,1,1,-1,1,1,1,-1,1,1,-1,1,-1,1,1,1,1,1,1,1,-1,1,1,1,-1,1,1,1,1,-1,1,1,1,1,1,1,1,1,1,-1,1,1,1,1,-1,1,-1,1,1,1,1,1,1,1,1,1,1,-1,1,-1,1,1,1,-1,1,1,1,1,1,1,1,-1,1,1,1,1,1,1,-1,-1,1,-1,1,1,1,-1,1,-1,1,1,1,1,-1,-1,1,1,1,1,1,-1,-1,1,-1,1,1,1,1,-1,1,-1,1,1,1,-1,-1,-1,-1,1,-1,1,-1,1,1,1,1,1,-1,-1,1,1,1,1,1,1,-1,1,-1,1,1,1,-1,-1,-1,-1,-1,1,-1,-1,-1,1,-1,1,1,1,-1,1,1,-1,-1,1,1,1,-1,1,-1,1,1,1,1,-1,1,-1,1,1,1,1,-1,1,-1,1,1,1,1,-1,1,-1,1,-1,1,-1,-1,1,-1,-1,1,1,-1,-1,-1,1,-1,1,-1,1,-1,1,-1,-1,1,-2664.0,1,2000,445,1500,False
2137,-1,-1,1,1,1,1,-1,1,-1,-1,-1,1,-1,1,-1,-1,1,-1,1,1,-1,1,-1,-1,-1,1,-1,-1,-1,-1,-1,-1,1,1,-1,1,1,-1,-1,-1,1,-1,1,-1,-1,-1,1,1,-1,-1,-1,-1,1,1,1,-1,-1,1,-1,-1,1,1,1,1,-1,-1,-1,1,1,-1,1,-1,-1,-1,1,-1,-1,1,-1,-1,-1,1,1,-1,-1,-1,-1,1,1,1,-1,-1,-1,-1,1,1,-1,1,-1,1,-1,1,1,-1,1,-1,-1,-1,1,1,-1,1,-1,-1,-1,1,1,-1,1,-1,-1,-1,1,1,-1,1,-1,-1,-1,1,1,-1,1,-1,-1,1,1,1,-1,-1,-1,-1,1,1,1,-1,1,-1,-1,-1,1,1,-1,-1,1,-1,1,1,1,-1,1,1,-1,-1,1,1,-1,1,1,-1,1,1,1,-1,1,-1,-1,-1,1,-1,1,-1,1,-1,1,1,-1,1,1,-1,-1,1,1,1,1,1,1,-1,1,1,-1,1,1,1,-1,1,1,1,-1,1,1,-1,1,1,-1,1,1,1,1,1,1,1,1,1,1,1,-1,1,-1,-1,1,1,-1,1,-1,1,1,1,1,1,1,1,-1,1,1,1,1,1,-1,1,-1,1,1,1,1,1,-1,1,1,1,1,-1,1,-1,1,-1,1,-1,-1,1,-1,1,-1,1,1,-1,1,-1,1,-1,1,-1,1,1,-1,-1,1,1,1,1,1,1,-1,1,1,1,-1,-1,1,-1,-1,1,-1,-1,-1,-1,1,-1,1,1,1,-1,1,-1,-1,1,-1,-1,-1,-1,1,-1,-1,1,-1,-1,1,1,-1,1,-1,-1,-1,1,-1,-1,1,-1,-1,1,1,1,-1,1,-1,-1,1,1,-1,1,1,-1,1,-1,1,-1,-1,1,-1,1,1,1,1,1,1,-1,-1,1,1,1,1,-1,-1,-1,1,1,1,1,-1,-1,1,-1,1,1,1,-1,-1,1,-1,1,-1,1,1,-1,1,-1,1,1,1,1,-1,-1,1,1,1,-1,-1,-1,1,1,-1,-1,1,1,-1,1,-1,1,-1,1,-1,1,1,-1,1,1,1,-1,1,1,-1,1,-1,1,-1,-1,1,-1,1,1,1,1,-1,1,1,-1,1,1,-1,-1,1,-1,-1,1,-1,1,-1,-1,1,-1,1,1,-1,-1,-1,1,-1,1,-1,1,-1,-1,1,-1,1,-1,-1,-1,-1,1,-1,-1,1,1,-1,-1,1,-1,1,1,-1,1,-1,1,-1,1,-1,1,-1,-1,-1,-1,-1,-1,-1,1,-1,1,-1,1,-1,1,-1,-1,-1,1,1,-1,1,-1,-1,-1,-1,1,-1,-1,-1,-1,-1,1,-1,-1,1,-1,1,-1,-1,1,-1,-1,1,-1,-1,-1,-1,-1,1,-1,1,-1,-1,-1,-1,1,-1,1,-1,-1,1,-1,1,1,1,-1,-1,-1,1,1,-1,1,-1,1,-1,1,1,1,-1,1,1,-1,1,1,1,1,1,1,1,-1,1,1,-1,1,-1,1,-1,-1,1,-1,-1,1,-1,-1,1,-1,-1,-1,1,1,-1,1,1,-1,-1,1,1,-1,-1,1,-1,-1,-1,-1,-1,1,1,-1,-1,-1,-1,-1,1,1,-1,-1,1,1,1,-1,1,-1,-1,1,1,-1,1,1,-1,-1,-1,1,-1,-1,1,1,-1,1,1,1,1,1,-1,1,1,1,-1,1,1,1,-1,1,1,-1,1,1,-1,1,1,1,-1,1,1,-1,-1,1,-1,1,1,1,-1,1,1,1,-1,1,1,-1,1,1,1,1,1,1,1,1,1,1,1,1,1,-1,1,-1,1,-1,1,1,1,1,1,1,1,1,1,-1,1,-1,1,1,1,1,1,-1,1,-1,1,1,1,1,1,1,1,1,1,1,-1,1,1,-1,-1,1,-1,-1,1,1,1,-1,1,1,-1,1,-1,1,1,1,-1,-1,1,-1,1,-1,1,1,-1,1,-1,1,-1,1,-1,1,1,-1,1,1,1,1,-1,1,-1,1,-1,1,1,-1,1,-1,1,-1,1,1,-1,1,1,1,1,1,-1,1,1,-1,1,1,1,1,-1,1,-1,1,-1,1,1,-1,1,1,-1,1,1,-1,1,1,1,-1,1,1,1,-1,1,-1,-1,1,1,-1,1,1,-1,1,-1,1,-1,-1,1,1,-1,1,1,-1,-1,1,1,-1,1,1,-1,-1,-1,1,1,1,1,-1,1,1,1,-1,1,1,-1,-1,1,-1,1,1,-1,-1,-1,-1,1,-1,1,1,-1,1,-1,-1,1,1,1,-1,-1,-1,-1,-1,1,-1,-1,-1,1,-1,1,1,-1,-1,-1,1,-1,1,1,1,-1,1,-1,-1,1,1,1,-1,1,-1,1,1,1,-1,-1,1,-1,-1,1,1,-1,-1,1,-1,-1,1,1,-1,1,1,-1,-1,1,1,-1,-1,1,-1,-1,1,1,-1,-1,1,-1,-1,1,1,-1,1,-1,1,-1,1,1,-1,-1,1,-1,-1,1,-1,1,-1,1,1,-1,-1,1,-1,1,-1,1,-1,1,1,-1,1,-1,1,-1,1,1,-1,1,1,1,-1,-1,1,-1,1,1,-1,1,-1,1,-1,1,1,-1,1,-1,1,1,1,-1,-1,1,-1,1,1,-1,1,-1,-1,-1,1,-1,1,-1,1,-1,-1,1,-1,1,-1,-1,-1,-1,1,-1,1,-1,-1,-1,-1,-1,1,1,-1,1,-1,-1,1,-1,1,-1,1,1,-1,1,-1,1,1,1,1,-1,-1,1,1,-1,-1,1,1,1,1,1,-1,1,-1,-1,1,1,-1,-1,1,-1,-1,-1,-1,1,-1,1,-1,1,1,1,-1,-1,1,-1,1,-1,-1,-1,-1,1,-1,1,1,1,-1,1,1,-1,1,1,1,1,-1,1,-1,1,1,1,1,-1,1,-1,1,1,1,1,-1,1,-1,1,1,1,1,-1,1,-1,1,1,1,-1,-1,1,-1,-1,1,1,-1,-1,-1,1,-1,1,-1,1,-1,1,-1,-1,1,-2664.0,1,2000,445,1500,True
2138,1,1,-1,-1,1,-1,-1,1,1,1,1,-1,1,1,1,1,-1,1,-1,-1,-1,1,1,1,1,-1,-1,-1,1,1,1,1,1,-1,-1,1,-1,1,1,-1,-1,-1,1,1,1,1,1,-1,1,-1,1,1,-1,1,-1,-1,1,-1,1,1,1,-1,-1,-1,1,1,1,1,-1,-1,1,-1,1,1,1,-1,-1,1,-1,1,1,-1,-1,-1,-1,1,1,1,-1,-1,-1,1,-1,1,1,-1,-1,1,-1,1,1,1,-1,-1,1,-1,-1,1,1,-1,-1,1,-1,-1,1,1,-1,-1,1,-1,-1,1,1,1,-1,1,-1,-1,1,1,1,-1,1,-1,-1,1,1,1,-1,-1,-1,-1,1,1,1,-1,1,-1,-1,-1,1,1,-1,-1,1,-1,-1,1,1,-1,1,-1,-1,-1,1,1,-1,1,1,-1,1,1,-1,-1,1,-1,-1,1,1,-1,1,-1,1,-1,1,1,-1,1,1,-1,-1,-1,1,1,1,1,1,-1,1,1,-1,1,1,1,-1,-1,1,1,-1,1,1,-1,1,1,-1,1,1,1,-1,1,1,1,1,1,1,1,-1,1,-1,-1,1,1,-1,-1,1,1,-1,1,1,-1,-1,1,-1,1,1,1,1,-1,1,1,-1,1,1,-1,1,1,-1,1,1,1,-1,-1,1,-1,1,-1,1,1,1,1,-1,1,-1,1,1,1,1,-1,1,-1,1,1,1,1,-1,-1,1,1,1,1,1,1,-1,1,1,-1,-1,1,1,1,-1,1,1,1,1,-1,1,-1,1,1,1,-1,1,1,1,1,1,1,1,-1,-1,1,1,-1,1,1,1,1,-1,1,1,1,1,1,1,1,1,1,1,1,1,-1,1,1,1,1,1,1,-1,1,1,1,1,-1,1,1,-1,1,1,1,1,1,-1,1,1,1,1,1,1,-1,1,-1,1,1,1,1,-1,1,-1,1,1,1,1,-1,1,-1,1,-1,-1,1,-1,1,1,-1,1,1,1,1,-1,1,-1,1,-1,1,-1,1,-1,-1,1,-1,-1,-1,1,1,1,1,-1,1,-1,1,-1,1,-1,1,1,1,1,-1,1,-1,1,1,-1,1,-1,-1,-1,-1,1,1,1,1,-1,-1,1,1,1,1,-1,-1,1,-1,-1,1,-1,1,-1,1,-1,1,1,1,-1,-1,1,1,-1,1,-1,1,-1,-1,1,-1,1,1,-1,-1,-1,1,-1,-1,1,1,-1,-1,1,-1,1,1,-1,1,-1,1,-1,-1,1,1,-1,1,1,-1,1,1,-1,-1,1,1,-1,1,-1,1,-1,1,1,-1,1,-1,1,-1,1,-1,-1,1,-1,-1,-1,1,-1,-1,1,-1,1,-1,1,-1,-1,1,-1,-1,1,-1,1,-1,1,1,1,-1,1,1,-1,-1,-1,1,-1,1,-1,-1,1,-1,1,1,1,1,-1,-1,1,1,-1,1,1,-1,-1,1,1,1,1,1,1,-1,1,1,1,-1,-1,1,1,-1,1,1,-1,1,-1,1,-1,-1,1,-1,-1,1,-1,-1,1,-1,-1,-1,1,1,-1,-1,1,-1,-1,1,1,-1,-1,1,-1,-1,-1,-1,-1,-1,1,-1,-1,-1,-1,-1,-1,1,-1,-1,1,1,1,1,1,-1,-1,1,1,-1,-1,1,-1,1,-1,1,-1,-1,1,1,-1,1,1,1,-1,1,1,-1,-1,1,-1,-1,1,1,-1,-1,1,-1,1,1,-1,-1,1,1,-1,1,1,-1,1,1,-1,1,1,1,1,-1,1,1,-1,-1,1,-1,1,1,1,1,-1,1,1,-1,-1,1,1,1,1,1,-1,1,1,-1,-1,1,1,-1,-1,1,1,-1,1,1,-1,-1,1,1,-1,1,1,1,-1,-1,1,-1,1,1,-1,-1,1,1,-1,1,1,-1,-1,1,1,-1,-1,-1,1,-1,1,-1,-1,1,-1,-1,-1,1,1,-1,-1,1,-1,-1,1,1,-1,1,-1,-1,1,-1,-1,-1,-1,1,-1,-1,1,-1,-1,-1,1,-1,-1,1,-1,-1,-1,1,-1,1,-1,1,-1,-1,-1,1,-1,-1,-1,-1,-1,1,-1,1,-1,-1,-1,-1,-1,-1,1,-1,-1,-1,-1,1,1,-1,1,-1,-1,-1,1,-1,-1,1,-1,-1,-1,-1,-1,1,1,-1,-1,-1,-1,-1,1,-1,-1,-1,1,-1,-1,1,-1,1,-1,-1,-1,-1,-1,-1,-1,1,-1,-1,-1,1,1,1,-1,-1,-1,1,1,-1,-1,-1,-1,-1,-1,1,-1,1,-1,-1,-1,-1,1,-1,1,1,-1,1,-1,-1,1,1,-1,-1,-1,-1,-1,-1,1,1,-1,-1,1,-1,1,1,-1,-1,-1,1,-1,-1,1,-1,-1,1,-1,-1,1,1,1,-1,1,-1,1,1,1,-1,-1,1,-1,-1,1,1,1,-1,1,-1,-1,1,1,-1,1,1,-1,-1,1,1,1,1,1,-1,-1,1,1,-1,1,1,-1,-1,1,1,1,1,1,1,-1,-1,1,1,-1,1,-1,-1,1,-1,1,1,1,1,-1,-1,1,-1,1,1,1,-1,1,1,1,1,-1,1,-1,1,1,1,1,1,1,1,-1,1,1,1,1,-1,1,-1,1,1,1,1,1,-1,1,1,1,1,-1,1,1,-1,1,1,-1,1,1,-1,-1,1,1,1,1,-1,1,-1,1,1,1,-1,-1,1,-1,1,1,1,-1,1,-1,-1,-1,1,1,-1,-1,1,-1,-1,1,1,1,-1,1,-1,-1,1,1,1,-1,1,-1,-1,1,1,-1,-1,-1,1,-1,-1,1,-1,1,1,-1,1,1,-1,-1,1,-1,-1,-1,1,1,-1,1,1,-1,1,1,-1,-1,-1,-1,1,-1,-1,-1,-1,1,-1,-1,1,1,-1,1,1,-1,1,1,1,1,-1,1,-1,1,1,1,1,-1,1,-1,-1,1,1,1,-1,1,-1,1,1,1,1,-1,1,-1,1,1,1,-1,-1,1,-1,-1,1,1,-1,-1,-1,1,-1,1,-1,1,-1,1,-1,-1,1,-2664.0,1,2000,445,1000,False
2139,1,1,-1,-1,1,1,-1,1,1,1,1,-1,-1,1,1,1,-1,1,1,-1,-1,1,1,1,1,1,-1,-1,1,1,1,1,-1,-1,-1,1,-1,1,1,1,-1,-1,1,1,1,1,1,-1,1,-1,1,1,-1,1,-1,-1,1,-1,1,1,1,-1,-1,-1,1,1,1,1,-1,-1,1,-1,1,1,1,-1,-1,1,-1,1,1,-1,-1,-1,-1,1,1,1,-1,-1,-1,1,-1,1,1,-1,-1,1,-1,1,1,1,-1,-1,1,-1,-1,1,1,-1,-1,-1,-1,-1,1,1,-1,-1,1,-1,-1,1,1,1,-1,-1,-1,-1,1,1,1,-1,1,-1,-1,1,1,1,-1,1,-1,-1,-1,1,1,-1,1,-1,-1,-1,1,1,-1,-1,1,-1,1,1,1,-1,1,1,-1,-1,1,1,-1,1,1,-1,1,1,-1,-1,1,-1,-1,1,1,-1,1,-1,1,-1,1,1,-1,1,1,-1,-1,-1,1,1,1,1,1,-1,-1,1,-1,1,1,1,-1,-1,1,1,-1,1,1,-1,1,1,-1,1,1,1,-1,1,1,1,1,1,1,1,-1,1,-1,-1,1,1,-1,-1,1,1,-1,1,1,-1,-1,1,-1,1,1,1,1,-1,1,1,-1,1,1,-1,1,1,-1,1,1,1,-1,-1,1,-1,1,-1,1,1,1,1,-1,1,-1,1,1,1,1,-1,1,-1,1,1,1,1,-1,-1,1,1,1,1,1,1,-1,1,1,-1,-1,1,1,-1,-1,1,1,1,1,-1,1,-1,1,1,1,-1,1,-1,-1,1,1,1,1,-1,1,-1,1,-1,1,1,1,1,-1,1,1,1,1,1,-1,-1,1,1,1,1,1,1,-1,1,1,1,1,1,-1,1,1,1,-1,1,1,-1,-1,1,1,-1,1,1,1,1,1,-1,1,1,1,1,1,1,1,1,1,1,1,1,1,1,-1,1,1,1,1,1,1,1,-1,1,-1,1,-1,1,-1,1,1,1,1,-1,1,1,-1,1,1,-1,1,1,-1,-1,-1,-1,1,-1,1,-1,1,1,-1,1,1,-1,1,1,1,1,1,1,-1,1,1,-1,1,1,1,1,1,-1,1,-1,-1,-1,1,-1,1,-1,-1,1,1,1,-1,1,-1,1,-1,1,1,-1,1,-1,-1,1,1,1,1,1,-1,-1,-1,-1,1,-1,1,-1,-1,-1,-1,-1,1,1,-1,-1,1,-1,1,1,-1,-1,-1,-1,-1,1,-1,1,-1,1,1,-1,1,-1,-1,1,-1,-1,1,1,-1,1,-1,-1,1,1,1,-1,-1,1,-1,1,1,-1,1,-1,1,1,-1,1,-1,1,-1,1,-1,1,-1,1,1,-1,-1,1,-1,1,-1,-1,1,1,1,-1,-1,-1,1,1,1,1,-1,1,-1,1,-1,1,1,-1,-1,1,1,-1,1,1,1,-1,1,1,-1,-1,1,1,-1,-1,-1,-1,-1,1,1,-1,1,1,-1,1,1,-1,1,1,-1,-1,1,1,1,-1,1,-1,1,-1,1,1,1,-1,-1,-1,1,-1,1,-1,1,-1,-1,-1,1,1,-1,1,-1,-1,-1,1,1,-1,1,-1,-1,1,1,1,-1,1,-1,-1,-1,-1,1,1,1,-1,1,-1,-1,1,-1,1,-1,1,1,1,-1,-1,1,1,-1,-1,-1,-1,-1,1,1,-1,-1,-1,1,-1,1,1,-1,-1,1,-1,1,1,-1,-1,-1,-1,-1,1,1,-1,1,-1,-1,1,1,1,1,-1,-1,-1,-1,-1,1,-1,1,-1,-1,1,-1,1,1,-1,1,-1,-1,1,1,1,-1,1,-1,1,-1,1,1,-1,1,-1,1,-1,1,1,-1,1,-1,1,-1,1,1,-1,-1,1,1,-1,1,1,-1,-1,-1,1,-1,1,1,-1,-1,1,-1,-1,-1,-1,1,-1,1,-1,-1,1,-1,-1,1,1,1,-1,1,1,-1,1,1,-1,-1,1,-1,1,-1,1,-1,-1,1,1,-1,1,1,-1,-1,-1,1,-1,1,-1,-1,-1,-1,1,-1,1,1,-1,-1,-1,-1,1,1,1,1,-1,-1,1,-1,-1,1,-1,-1,-1,-1,-1,1,-1,1,-1,-1,1,1,-1,1,1,-1,-1,1,-1,-1,1,-1,-1,-1,-1,-1,1,-1,1,-1,-1,-1,-1,1,-1,1,-1,1,-1,-1,-1,-1,-1,-1,-1,-1,-1,-1,-1,1,1,-1,-1,-1,-1,1,1,-1,-1,-1,1,-1,-1,-1,-1,-1,-1,-1,1,1,1,-1,-1,-1,-1,1,1,1,1,-1,1,-1,-1,-1,1,-1,-1,-1,-1,-1,-1,-1,1,-1,-1,1,-1,1,1,-1,-1,-1,1,-1,1,-1,-1,-1,1,-1,-1,1,1,1,-1,1,-1,1,1,-1,-1,-1,1,-1,-1,1,-1,1,-1,1,-1,-1,1,-1,-1,1,1,-1,-1,1,-1,-1,1,1,-1,-1,1,-1,-1,1,1,-1,-1,1,1,1,1,1,1,-1,1,-1,-1,1,1,-1,-1,1,1,1,1,1,1,-1,1,-1,-1,1,1,1,-1,1,1,1,1,-1,1,-1,1,-1,1,1,1,1,-1,1,-1,1,1,1,-1,1,1,-1,1,1,1,-1,1,-1,-1,1,1,-1,-1,1,1,-1,1,-1,1,-1,1,1,-1,1,1,-1,1,-1,1,-1,1,1,-1,-1,-1,1,1,1,1,-1,-1,-1,1,-1,1,1,-1,1,-1,1,-1,1,1,-1,1,-1,1,-1,1,1,1,1,1,-1,1,1,1,-1,-1,1,-1,1,1,1,-1,1,-1,1,1,1,-1,-1,1,-1,1,-1,1,1,-1,1,-1,1,1,1,-1,-1,-1,-1,-1,-1,-1,-1,-1,1,-1,1,1,1,-1,1,1,-1,-1,1,1,1,-1,1,-1,1,1,1,-1,-1,1,-1,1,1,1,-1,-1,1,-1,1,1,1,-1,-1,1,-1,1,-1,1,1,-1,1,-1,-1,1,1,-1,-1,-1,1,-1,1,-1,1,-1,1,-1,1,1,-2664.0,1,2000,445,1000,True
2140,1,1,-1,-1,1,-1,-1,-1,1,1,1,-1,1,1,1,1,-1,1,1,-1,-1,-1,1,1,1,1,-1,-1,1,1,1,1,-1,-1,-1,-1,1,-1,1,1,-1,-1,-1,1,1,1,1,-1,1,1,1,1,-1,1,-1,-1,1,-1,1,1,1,-1,-1,-1,1,1,1,1,-1,-1,-1,1,1,1,1,-1,-1,-1,1,1,1,-1,-1,-1,1,1,1,1,-1,-1,-1,1,1,1,1,-1,-1,1,1,-1,1,1,-1,-1,1,1,1,1,1,-1,-1,1,1,1,1,1,-1,-1,1,1,1,1,1,1,-1,1,1,1,-1,1,1,-1,1,1,1,1,1,1,-1,-1,1,1,1,1,1,-1,1,1,1,1,1,1,-1,-1,-1,1,1,1,1,-1,1,1,1,1,-1,1,-1,1,-1,1,1,1,-1,-1,1,1,1,1,1,-1,1,-1,-1,1,1,1,-1,1,1,1,1,-1,1,1,1,1,1,1,-1,1,-1,1,1,-1,1,-1,1,1,-1,1,-1,1,-1,1,-1,1,1,-1,1,-1,1,1,1,1,-1,-1,1,1,-1,-1,1,-1,1,-1,1,1,-1,1,-1,1,-1,1,-1,-1,1,-1,-1,1,-1,1,-1,1,-1,1,1,1,-1,1,1,-1,1,-1,1,-1,1,-1,1,-1,1,1,-1,1,-1,-1,-1,-1,1,-1,1,-1,-1,-1,1,1,-1,-1,1,1,-1,1,1,1,-1,1,1,-1,1,1,1,1,-1,1,-1,1,1,-1,1,-1,1,-1,1,-1,1,1,1,1,-1,-1,1,-1,-1,1,1,1,-1,1,1,1,-1,1,1,1,1,1,1,1,1,-1,1,1,1,-1,1,1,-1,1,1,1,-1,1,1,-1,-1,1,1,1,-1,1,-1,1,1,1,-1,1,1,-1,1,1,1,-1,1,1,-1,1,1,1,-1,1,1,-1,-1,1,1,-1,1,1,-1,1,-1,1,-1,1,1,1,-1,1,1,1,-1,1,1,-1,1,1,-1,1,1,1,-1,-1,-1,-1,1,1,1,-1,1,1,-1,1,1,-1,-1,1,1,1,1,1,-1,1,1,1,-1,1,1,1,1,-1,1,1,-1,-1,1,-1,1,1,1,-1,1,1,-1,-1,-1,1,-1,-1,1,1,-1,1,1,-1,1,1,1,1,-1,1,-1,-1,1,-1,1,-1,1,-1,1,1,1,1,-1,-1,1,-1,1,1,1,-1,1,1,1,-1,1,1,-1,-1,1,-1,1,1,1,-1,1,1,1,1,1,1,-1,1,-1,1,1,1,1,-1,1,-1,-1,1,1,-1,-1,1,1,1,1,1,-1,-1,1,1,-1,1,1,-1,-1,1,1,1,1,1,1,-1,1,1,-1,-1,1,1,-1,-1,1,1,-1,1,-1,-1,-1,1,-1,1,-1,1,-1,-1,1,-1,1,-1,1,1,-1,1,-1,-1,1,1,1,-1,1,-1,1,-1,-1,1,1,1,-1,-1,1,-1,-1,1,1,1,-1,1,-1,1,1,1,-1,1,1,-1,-1,-1,1,-1,-1,1,-1,-1,1,1,1,-1,1,-1,-1,1,1,-1,-1,1,-1,-1,1,1,-1,-1,1,-1,-1,-1,1,1,-1,1,1,-1,-1,1,-1,-1,1,-1,1,-1,1,1,-1,-1,1,-1,-1,-1,-1,-1,1,1,1,-1,1,1,-1,-1,1,-1,-1,-1,-1,-1,1,1,-1,-1,-1,-1,-1,1,1,-1,1,1,-1,-1,-1,1,1,-1,-1,-1,-1,-1,1,-1,-1,1,-1,-1,-1,1,1,-1,-1,-1,-1,-1,1,-1,-1,1,-1,-1,1,1,1,-1,1,-1,-1,-1,1,1,-1,-1,-1,-1,-1,1,1,1,-1,-1,-1,-1,1,1,-1,-1,-1,-1,1,-1,1,1,-1,-1,1,1,-1,1,1,-1,-1,-1,1,1,1,1,1,-1,1,1,1,1,-1,1,-1,-1,1,-1,1,-1,1,-1,-1,1,-1,1,-1,-1,-1,-1,1,-1,1,-1,1,1,-1,1,-1,1,-1,1,1,1,-1,1,1,-1,-1,-1,-1,1,-1,-1,-1,-1,-1,-1,1,-1,1,-1,-1,-1,-1,1,1,-1,1,-1,-1,-1,1,-1,-1,1,-1,-1,-1,-1,1,1,1,-1,-1,-1,-1,-1,1,-1,-1,-1,1,-1,-1,1,-1,1,-1,-1,-1,-1,-1,-1,-1,1,-1,-1,-1,1,1,-1,-1,-1,-1,1,-1,-1,-1,-1,1,-1,-1,1,-1,1,-1,-1,-1,-1,1,-1,1,1,-1,1,-1,-1,1,1,-1,-1,-1,-1,-1,-1,1,1,-1,-1,1,-1,1,1,-1,-1,-1,1,-1,1,1,-1,-1,1,-1,-1,1,1,1,-1,1,-1,1,1,1,-1,-1,1,-1,-1,1,1,1,-1,1,-1,-1,1,1,-1,1,1,-1,-1,1,1,-1,1,1,-1,-1,1,1,-1,1,1,-1,-1,1,1,1,1,-1,1,-1,-1,1,-1,1,1,-1,-1,1,-1,1,1,1,1,-1,-1,1,-1,1,1,1,-1,1,1,1,1,-1,1,-1,1,1,1,1,1,1,1,-1,1,1,1,1,-1,1,-1,1,1,1,1,1,-1,1,1,1,1,-1,1,1,-1,1,1,-1,1,1,-1,-1,1,1,1,1,-1,1,-1,1,1,1,-1,-1,1,-1,1,1,1,-1,1,-1,-1,1,1,1,-1,-1,1,-1,-1,1,1,1,-1,1,-1,-1,1,1,1,-1,-1,-1,-1,1,1,-1,-1,-1,1,-1,-1,1,-1,1,1,-1,-1,1,-1,-1,1,1,1,-1,1,1,-1,1,1,-1,1,1,-1,-1,-1,-1,1,-1,-1,-1,-1,-1,1,-1,1,1,-1,1,1,-1,1,-1,1,1,-1,1,-1,1,1,1,1,-1,1,-1,1,-1,1,1,-1,1,-1,1,-1,1,1,-1,1,-1,1,-1,1,-1,-1,1,-1,1,-1,1,-1,-1,-1,-1,1,-1,1,1,-1,1,-1,1,-1,-2664.0,1,2000,445,1000,False
2141,1,1,-1,-1,1,1,-1,1,1,1,1,-1,-1,1,1,1,-1,1,-1,-1,1,1,1,1,1,-1,1,-1,1,1,1,1,1,1,-1,1,-1,1,1,-1,-1,-1,1,1,1,1,-1,-1,1,1,1,1,-1,1,-1,-1,-1,-1,1,1,-1,-1,1,-1,1,1,1,-1,-1,-1,1,-1,1,1,1,-1,1,1,-1,1,1,-1,-1,1,-1,1,1,1,-1,-1,-1,1,-1,1,1,-1,1,1,-1,1,1,1,-1,-1,1,-1,-1,1,1,-1,-1,1,-1,-1,1,1,-1,-1,1,-1,-1,1,1,1,-1,1,-1,-1,1,1,1,-1,1,-1,-1,1,1,1,-1,1,-1,-1,1,1,1,-1,-1,-1,-1,-1,1,1,-1,1,1,-1,-1,1,1,-1,1,1,-1,-1,1,1,-1,1,1,-1,1,1,-1,-1,1,-1,-1,1,1,-1,1,-1,1,-1,1,1,-1,1,1,-1,-1,-1,1,-1,1,1,1,-1,-1,1,1,-1,1,1,-1,-1,1,-1,-1,1,1,-1,1,1,-1,1,1,1,-1,1,1,1,1,1,1,1,-1,1,-1,-1,1,1,-1,-1,1,1,-1,1,1,-1,-1,1,-1,1,1,1,1,-1,1,-1,1,1,1,-1,1,1,1,1,1,1,-1,-1,-1,1,1,-1,1,1,1,-1,1,1,-1,1,1,1,1,1,1,-1,1,1,1,1,-1,1,1,1,1,1,1,1,1,1,1,-1,-1,1,-1,1,-1,1,1,1,1,1,1,-1,1,1,1,-1,1,1,1,-1,1,1,1,-1,1,-1,1,-1,1,1,1,1,-1,1,1,1,1,1,-1,1,1,1,1,1,1,-1,-1,1,1,1,1,-1,1,-1,1,1,-1,1,-1,1,-1,1,1,1,1,1,-1,1,1,-1,1,1,1,-1,1,1,1,1,1,1,1,1,1,1,-1,1,1,1,1,1,1,-1,-1,1,-1,1,1,1,-1,1,1,-1,-1,1,1,1,-1,1,-1,1,1,1,-1,-1,-1,-1,1,1,1,-1,1,1,-1,1,1,-1,-1,1,1,-1,1,1,-1,-1,1,-1,1,1,1,1,1,-1,1,-1,-1,-1,1,-1,1,-1,-1,1,1,1,-1,-1,-1,1,-1,-1,1,1,1,-1,-1,1,1,1,1,1,-1,1,-1,-1,1,-1,1,-1,-1,-1,-1,1,1,1,-1,-1,1,-1,1,1,1,-1,1,-1,1,-1,1,1,-1,-1,1,-1,1,1,1,-1,-1,-1,1,1,1,1,-1,-1,1,1,1,1,-1,1,-1,1,1,1,1,-1,-1,-1,-1,1,1,1,-1,1,-1,1,-1,1,1,-1,-1,1,-1,1,1,1,1,-1,1,-1,-1,1,1,1,-1,-1,-1,-1,1,1,-1,-1,1,-1,-1,1,-1,1,-1,-1,-1,-1,1,-1,1,1,-1,1,-1,-1,1,1,1,-1,1,-1,1,-1,1,-1,1,-1,1,1,-1,1,-1,1,1,1,-1,-1,1,-1,1,1,1,-1,-1,-1,-1,-1,1,1,1,-1,-1,-1,1,1,-1,1,-1,-1,-1,1,1,-1,1,-1,-1,-1,1,1,-1,1,-1,-1,-1,-1,1,1,1,-1,1,-1,-1,1,-1,1,-1,-1,1,-1,1,-1,1,1,-1,-1,-1,-1,-1,1,1,-1,-1,-1,-1,-1,1,1,-1,-1,-1,1,1,1,-1,-1,-1,-1,1,1,1,-1,1,-1,1,-1,1,1,1,-1,-1,-1,-1,-1,1,-1,1,-1,-1,1,-1,1,1,-1,1,-1,-1,1,1,1,-1,1,-1,-1,-1,1,1,-1,1,-1,-1,-1,1,1,-1,1,-1,-1,-1,1,1,-1,-1,1,-1,-1,1,1,-1,-1,-1,-1,-1,1,1,1,-1,1,-1,-1,-1,-1,1,-1,1,-1,-1,1,-1,-1,1,-1,1,-1,1,1,-1,1,-1,1,-1,1,-1,-1,1,-1,1,-1,1,1,-1,1,-1,-1,-1,-1,1,-1,1,-1,1,-1,-1,1,-1,1,-1,1,-1,-1,-1,1,-1,-1,-1,-1,-1,1,-1,1,-1,-1,-1,-1,-1,-1,1,-1,-1,-1,-1,1,1,-1,1,-1,-1,-1,1,-1,-1,1,-1,-1,-1,-1,-1,1,1,-1,-1,-1,-1,-1,1,-1,-1,-1,1,-1,-1,1,-1,1,-1,-1,-1,-1,-1,-1,-1,1,-1,-1,-1,1,1,1,-1,-1,-1,1,-1,-1,-1,-1,1,-1,-1,1,1,1,-1,-1,-1,-1,1,-1,1,1,-1,1,-1,-1,1,1,-1,-1,-1,-1,-1,-1,1,1,-1,-1,1,-1,1,1,-1,-1,-1,1,-1,1,1,1,-1,1,1,-1,1,1,1,-1,1,-1,1,1,1,-1,-1,1,-1,-1,1,1,1,1,-1,1,-1,1,1,1,-1,1,-1,-1,1,1,1,1,-1,1,-1,1,1,1,1,1,-1,-1,1,1,1,1,1,-1,-1,1,1,1,1,-1,-1,-1,1,-1,1,1,1,-1,1,1,1,-1,1,1,-1,-1,1,1,1,1,1,-1,1,1,1,1,1,1,-1,1,-1,1,1,1,1,-1,1,-1,1,1,1,-1,-1,1,1,1,1,1,-1,-1,1,1,1,1,-1,1,-1,1,1,1,1,1,1,-1,1,1,1,1,1,-1,-1,1,-1,1,-1,1,-1,1,-1,1,1,1,1,-1,1,1,1,-1,1,-1,1,-1,1,1,-1,-1,1,1,-1,-1,-1,1,1,1,-1,-1,-1,-1,1,1,-1,-1,1,1,1,1,1,-1,-1,1,1,1,1,-1,1,-1,1,-1,1,1,-1,1,-1,1,-1,-1,-1,-1,-1,-1,1,-1,1,1,1,-1,1,1,-1,-1,1,-1,-1,-1,1,-1,1,1,1,1,-1,1,-1,1,1,1,-1,-1,1,-1,1,1,1,1,-1,1,-1,1,-1,-1,-1,-1,1,-1,-1,1,1,-1,-1,-1,-1,1,1,-1,1,-1,1,1,-1,1,-2664.0,1,2000,445,1000,True
2142,-1,-1,1,1,1,1,-1,1,-1,-1,-1,1,-1,1,-1,-1,1,-1,1,1,-1,1,-1,-1,-1,1,-1,-1,-1,-1,-1,-1,1,1,-1,1,1,-1,-1,-1,1,-1,1,-1,-1,-1,-1,-1,1,-1,-1,-1,1,-1,1,-1,-1,1,-1,-1,-1,1,1,1,-1,-1,-1,-1,-1,-1,1,-1,-1,-1,-1,-1,-1,1,-1,-1,-1,1,1,-1,-1,-1,-1,1,-1,1,-1,-1,-1,-1,-1,-1,-1,1,-1,1,-1,-1,-1,-1,1,-1,-1,-1,-1,-1,-1,1,-1,-1,-1,-1,-1,-1,1,-1,-1,1,-1,-1,-1,1,-1,-1,1,-1,-1,-1,1,-1,-1,1,-1,-1,-1,-1,-1,-1,1,-1,-1,-1,1,-1,-1,-1,-1,-1,-1,-1,1,-1,1,1,-1,-1,1,-1,-1,-1,-1,-1,1,1,1,-1,-1,-1,-1,-1,1,-1,-1,1,-1,-1,1,-1,1,-1,-1,-1,-1,1,1,-1,-1,1,-1,1,1,1,1,-1,1,-1,-1,1,1,1,-1,1,-1,-1,-1,1,1,-1,1,-1,-1,1,1,1,-1,1,-1,1,1,1,1,1,-1,1,-1,-1,1,1,-1,-1,1,1,-1,1,1,-1,-1,1,-1,1,1,1,1,-1,1,-1,-1,1,1,-1,1,1,-1,1,1,1,-1,-1,1,-1,1,-1,1,1,1,1,-1,1,-1,1,1,1,1,-1,1,-1,1,1,1,1,1,-1,1,1,1,-1,1,-1,-1,1,1,-1,1,1,1,-1,-1,1,1,1,1,-1,1,-1,1,1,1,1,-1,-1,-1,1,1,1,1,-1,1,-1,1,-1,1,1,1,1,-1,1,1,1,1,1,1,-1,1,1,1,1,-1,1,1,1,1,1,1,1,-1,1,1,1,-1,1,1,-1,1,1,1,1,1,1,1,-1,1,-1,1,1,1,1,-1,1,1,1,1,1,1,-1,1,1,-1,1,1,-1,-1,1,1,1,-1,1,1,-1,-1,1,-1,1,1,1,1,-1,1,1,-1,1,1,-1,1,1,-1,-1,-1,-1,-1,1,1,-1,1,1,-1,-1,1,-1,-1,1,1,1,-1,1,-1,1,1,1,-1,-1,1,1,1,-1,1,1,1,-1,1,-1,1,1,1,-1,1,1,-1,-1,-1,1,1,1,1,-1,1,-1,1,-1,1,1,1,-1,-1,1,1,-1,1,-1,1,-1,1,-1,1,1,1,1,-1,-1,1,-1,1,1,-1,-1,1,1,1,-1,1,-1,-1,-1,1,-1,1,1,-1,-1,1,1,1,1,-1,1,-1,1,-1,1,1,-1,-1,-1,1,1,1,1,-1,-1,-1,1,-1,1,1,1,-1,-1,1,1,-1,1,-1,-1,-1,1,-1,1,1,1,-1,-1,1,-1,-1,1,-1,-1,-1,-1,1,-1,1,-1,-1,-1,1,-1,-1,1,-1,-1,-1,-1,1,-1,1,-1,-1,-1,-1,1,-1,-1,1,1,1,-1,1,-1,1,-1,1,-1,1,-1,1,1,-1,-1,1,1,1,-1,1,-1,1,-1,1,1,1,-1,-1,-1,-1,-1,1,1,1,-1,-1,-1,1,1,-1,1,-1,-1,-1,1,1,1,1,-1,-1,1,1,1,1,1,-1,-1,-1,-1,1,-1,1,-1,1,-1,-1,1,1,1,-1,-1,1,-1,1,-1,1,1,-1,-1,-1,-1,1,1,1,-1,-1,-1,-1,1,1,1,-1,-1,-1,1,1,1,-1,-1,-1,-1,1,1,1,-1,1,-1,1,-1,1,1,1,-1,-1,-1,-1,1,1,-1,1,-1,-1,1,1,1,1,-1,1,-1,-1,1,1,1,-1,1,-1,-1,1,1,1,-1,1,-1,-1,1,-1,1,-1,1,-1,-1,1,1,1,1,-1,1,-1,1,1,1,-1,-1,-1,-1,1,1,-1,1,-1,1,1,1,-1,-1,1,-1,1,1,1,1,-1,-1,1,-1,-1,1,-1,1,-1,1,-1,1,1,1,-1,-1,1,-1,1,1,-1,1,-1,1,-1,1,1,1,1,-1,1,-1,1,1,-1,1,-1,1,1,1,1,1,-1,-1,1,1,1,1,-1,1,1,-1,1,1,1,1,-1,-1,1,-1,1,1,1,-1,-1,-1,1,1,1,1,-1,-1,-1,1,1,1,1,1,-1,1,-1,1,1,1,-1,-1,-1,1,-1,1,1,-1,-1,1,-1,1,1,1,-1,-1,-1,1,1,-1,1,-1,-1,1,1,1,1,1,1,1,-1,-1,1,1,-1,1,-1,1,1,1,1,1,-1,-1,1,-1,1,1,1,1,-1,-1,1,1,1,1,1,-1,-1,-1,1,-1,1,1,1,-1,1,1,1,1,1,-1,-1,1,1,1,1,1,1,-1,1,1,-1,1,-1,-1,1,1,1,1,1,1,-1,-1,1,1,1,1,1,-1,-1,1,1,1,1,1,1,-1,1,1,1,1,1,1,-1,1,1,1,1,1,1,-1,1,1,-1,1,1,-1,-1,-1,1,-1,1,1,1,-1,1,-1,-1,1,1,1,-1,-1,1,-1,1,1,1,-1,1,1,-1,1,-1,1,-1,1,1,-1,1,1,1,-1,-1,1,1,1,1,-1,1,-1,1,1,1,1,1,-1,1,1,1,1,-1,-1,1,-1,1,1,-1,1,-1,-1,-1,1,-1,1,-1,1,-1,-1,1,-1,1,-1,-1,1,-1,1,-1,1,-1,-1,1,-1,-1,1,1,-1,1,-1,-1,-1,-1,1,-1,1,-1,1,-1,-1,1,1,1,1,-1,-1,1,1,-1,-1,1,1,-1,1,1,-1,1,-1,-1,1,1,-1,-1,1,-1,-1,-1,-1,1,-1,1,1,-1,1,1,-1,-1,-1,1,-1,-1,-1,-1,-1,1,-1,1,-1,1,-1,1,1,1,-1,1,1,1,-1,1,1,-1,1,1,1,-1,1,1,1,1,1,1,-1,-1,1,-1,1,1,1,-1,1,1,-1,1,1,-1,-1,1,1,1,1,1,-1,-1,-1,1,-1,1,1,1,-1,1,-1,1,1,-2664.0,1,2000,445,1000,True
2143,1,1,-1,-1,1,-1,-1,-1,1,1,1,-1,1,1,1,1,-1,1,-1,-1,-1,-1,1,1,1,-1,-1,-1,1,1,1,1,1,-1,-1,-1,1,1,1,1,-1,-1,-1,1,1,1,1,-1,1,1,1,1,-1,1,-1,-1,1,-1,1,1,1,-1,-1,-1,1,1,1,1,-1,-1,-1,1,1,1,1,-1,-1,-1,1,1,1,-1,-1,-1,1,1,1,1,-1,-1,-1,1,1,1,1,-1,-1,1,1,-1,1,1,-1,-1,1,1,1,1,1,-1,-1,1,1,1,1,1,-1,-1,1,1,1,1,1,1,-1,-1,1,1,-1,1,1,-1,1,1,1,1,1,1,-1,-1,1,1,1,1,1,-1,1,1,1,1,1,1,-1,-1,-1,1,1,1,1,-1,1,1,1,1,-1,1,-1,1,-1,1,1,1,-1,-1,1,1,1,1,1,-1,1,-1,-1,1,1,1,-1,1,1,1,1,-1,1,1,1,1,-1,1,-1,1,-1,1,1,-1,1,-1,1,1,-1,1,-1,1,-1,1,-1,1,1,-1,-1,-1,1,1,1,1,-1,-1,1,1,-1,-1,1,-1,1,-1,1,1,-1,1,-1,1,-1,1,-1,1,1,-1,-1,-1,1,1,-1,1,-1,1,1,1,-1,1,1,-1,1,-1,1,-1,1,-1,1,-1,1,1,-1,1,-1,-1,-1,-1,1,-1,1,-1,-1,-1,1,1,-1,-1,1,1,-1,1,1,1,-1,1,1,-1,1,1,1,1,-1,1,-1,1,1,-1,1,-1,1,-1,1,-1,1,1,1,1,-1,-1,1,-1,-1,-1,1,1,-1,1,1,1,-1,1,1,1,1,1,1,1,1,-1,1,1,1,-1,-1,1,-1,1,1,1,-1,1,1,-1,-1,1,1,1,-1,1,-1,1,1,1,-1,1,1,-1,1,1,1,-1,1,1,-1,1,1,1,-1,1,1,-1,-1,1,1,-1,1,1,-1,1,-1,1,-1,1,-1,1,-1,1,1,1,1,-1,1,-1,1,1,-1,1,1,1,-1,-1,-1,-1,1,1,1,-1,1,1,-1,1,1,-1,-1,1,1,1,1,1,-1,1,1,1,-1,1,1,1,-1,-1,1,1,1,-1,1,-1,1,1,1,1,1,1,-1,-1,-1,1,-1,1,1,1,-1,1,1,1,1,1,1,1,-1,1,-1,-1,1,-1,1,-1,1,1,1,1,1,1,-1,-1,1,-1,1,1,1,-1,1,1,1,-1,1,1,-1,-1,1,-1,1,1,1,-1,1,1,1,1,1,1,-1,1,-1,1,1,1,-1,-1,1,-1,1,1,1,-1,-1,1,-1,1,1,1,-1,-1,1,1,-1,1,1,-1,-1,1,-1,1,1,1,1,-1,1,-1,-1,1,1,1,-1,-1,-1,1,1,1,-1,-1,1,-1,-1,1,-1,1,-1,-1,1,-1,1,-1,1,-1,-1,1,-1,-1,1,1,1,-1,1,-1,1,-1,1,-1,1,-1,-1,-1,1,-1,1,1,1,1,-1,1,-1,-1,1,1,-1,1,1,-1,1,-1,1,-1,-1,1,-1,-1,1,1,1,-1,1,-1,-1,1,1,-1,-1,1,-1,-1,1,1,-1,-1,1,-1,-1,-1,1,1,-1,1,1,-1,-1,1,-1,-1,1,-1,1,-1,1,1,-1,-1,1,-1,-1,-1,-1,-1,1,1,1,-1,-1,1,-1,-1,1,-1,-1,1,-1,-1,1,1,-1,-1,1,-1,-1,1,1,-1,1,-1,1,-1,-1,1,1,-1,-1,-1,-1,1,1,-1,-1,1,-1,-1,-1,1,1,-1,-1,-1,-1,-1,1,-1,-1,-1,-1,-1,-1,1,1,-1,-1,-1,-1,1,1,1,-1,-1,-1,-1,-1,1,1,1,-1,-1,-1,-1,1,1,-1,-1,-1,-1,1,-1,1,1,-1,-1,1,1,-1,1,1,-1,-1,-1,1,1,1,1,1,-1,1,1,1,1,-1,1,-1,-1,1,-1,1,-1,1,-1,-1,1,-1,1,-1,-1,-1,-1,1,-1,1,-1,1,-1,-1,1,-1,1,-1,1,-1,1,-1,1,1,-1,-1,-1,-1,1,-1,-1,-1,-1,-1,-1,1,-1,1,-1,-1,-1,-1,1,1,-1,1,-1,-1,-1,1,1,-1,1,-1,-1,-1,-1,-1,1,1,-1,-1,-1,-1,-1,1,-1,-1,-1,1,-1,-1,1,-1,1,-1,-1,-1,-1,-1,-1,-1,1,-1,-1,-1,1,1,1,-1,-1,-1,1,-1,-1,-1,-1,1,-1,-1,1,-1,1,-1,-1,-1,-1,1,-1,1,1,-1,1,-1,-1,1,1,-1,-1,-1,-1,-1,-1,1,1,-1,-1,1,-1,1,1,-1,-1,-1,1,-1,1,1,-1,-1,1,-1,-1,1,1,1,-1,1,-1,1,1,1,-1,-1,1,-1,-1,1,1,1,-1,1,-1,-1,1,1,-1,1,1,-1,-1,1,1,1,1,1,-1,-1,1,1,1,1,1,-1,-1,1,1,1,1,1,1,-1,-1,1,1,1,1,-1,-1,1,-1,1,1,1,1,-1,-1,1,-1,1,1,1,-1,1,1,1,1,-1,1,-1,1,1,1,1,1,1,1,-1,1,1,1,1,-1,1,-1,1,1,1,1,1,-1,1,1,1,1,-1,1,1,-1,1,1,-1,1,1,-1,-1,1,1,1,1,-1,1,-1,1,1,1,-1,-1,1,-1,1,1,1,-1,1,-1,-1,-1,1,1,-1,-1,1,-1,-1,1,1,1,-1,1,-1,-1,1,1,1,-1,1,-1,-1,1,1,-1,-1,-1,1,-1,-1,1,-1,1,1,-1,1,1,-1,-1,1,-1,-1,-1,1,1,-1,1,1,-1,1,1,-1,-1,1,-1,1,-1,-1,-1,-1,1,-1,-1,1,1,-1,1,1,-1,1,1,1,1,-1,1,-1,1,1,1,1,-1,1,-1,-1,1,1,1,-1,1,-1,1,1,1,1,-1,1,-1,1,1,1,-1,-1,1,-1,-1,1,1,-1,-1,-1,1,-1,1,-1,1,-1,1,-1,-1,1,-2664.0,1,2000,445,1500,False
2144,1,1,-1,1,1,1,-1,1,1,1,-1,1,-1,1,1,1,-1,1,-1,1,1,1,1,1,1,-1,-1,-1,1,1,1,1,1,1,-1,1,-1,1,1,-1,1,-1,1,1,1,1,-1,-1,1,1,1,1,-1,1,1,-1,1,-1,1,1,-1,1,1,1,1,1,1,-1,-1,-1,1,1,1,1,1,-1,1,-1,1,1,1,-1,-1,1,1,1,1,1,-1,1,-1,1,1,1,1,-1,-1,1,1,-1,1,1,-1,-1,1,1,1,1,1,-1,-1,1,1,-1,1,1,-1,-1,1,1,1,1,1,1,-1,1,1,1,-1,1,1,-1,1,1,1,1,1,1,-1,1,1,1,1,1,1,-1,-1,1,1,1,1,1,-1,1,-1,1,1,1,-1,-1,1,-1,1,1,-1,1,-1,1,-1,1,1,1,-1,-1,1,1,1,1,1,-1,1,-1,-1,1,-1,1,-1,1,1,1,1,1,1,-1,1,1,-1,1,-1,1,1,-1,1,-1,1,-1,1,-1,-1,1,-1,1,-1,1,-1,1,1,-1,1,-1,1,1,1,1,-1,-1,1,1,-1,-1,1,-1,1,-1,-1,1,-1,1,-1,1,-1,1,-1,1,1,-1,-1,-1,1,-1,1,1,-1,1,1,1,1,1,1,-1,1,-1,-1,1,1,-1,1,-1,1,-1,1,1,-1,-1,-1,1,1,1,1,-1,-1,-1,1,1,-1,1,1,1,-1,-1,1,1,1,1,1,-1,1,1,-1,1,-1,1,-1,1,1,1,1,-1,1,-1,1,1,1,1,1,1,-1,-1,1,-1,1,-1,1,1,-1,1,1,1,-1,1,1,1,1,1,1,1,1,-1,1,1,1,-1,1,1,-1,1,1,-1,-1,1,1,-1,-1,1,-1,1,-1,1,-1,1,1,1,-1,1,1,-1,1,1,1,-1,1,1,-1,1,1,1,-1,1,1,-1,-1,1,1,-1,1,1,-1,1,-1,1,-1,1,1,1,-1,1,1,1,-1,1,1,-1,1,1,-1,1,1,1,-1,-1,-1,-1,1,1,1,-1,1,1,-1,1,1,-1,-1,1,1,1,1,1,-1,1,1,1,-1,1,1,1,-1,-1,1,1,1,-1,1,-1,1,-1,1,1,1,1,-1,-1,-1,1,-1,-1,1,1,-1,1,1,-1,1,1,1,1,-1,1,-1,-1,1,-1,1,-1,1,1,1,1,1,1,-1,-1,1,-1,1,1,1,-1,1,1,1,-1,1,1,-1,-1,1,-1,1,1,1,-1,1,1,1,1,1,1,-1,1,-1,1,1,1,-1,1,1,-1,1,1,1,-1,-1,1,-1,1,1,1,-1,-1,1,-1,-1,1,1,-1,-1,1,-1,1,1,1,1,-1,1,-1,-1,1,1,1,-1,1,-1,-1,1,1,-1,-1,1,-1,-1,1,-1,1,-1,-1,1,-1,1,-1,1,-1,1,1,-1,-1,1,1,1,-1,1,-1,1,-1,-1,-1,1,-1,-1,-1,1,-1,-1,1,1,-1,1,1,-1,1,1,1,-1,1,1,-1,1,-1,1,1,-1,1,-1,-1,1,1,-1,-1,1,-1,-1,1,1,-1,-1,1,-1,-1,1,1,-1,-1,1,-1,-1,-1,1,1,-1,1,1,-1,-1,1,-1,-1,1,-1,1,-1,1,-1,-1,-1,1,-1,-1,-1,-1,-1,1,1,1,-1,-1,-1,-1,-1,1,-1,-1,1,-1,-1,1,1,-1,-1,1,1,-1,1,1,-1,1,-1,1,-1,-1,1,1,-1,-1,-1,-1,1,1,-1,-1,1,-1,-1,-1,1,1,-1,-1,1,-1,-1,1,-1,-1,-1,-1,-1,1,1,1,-1,-1,-1,-1,-1,1,1,-1,-1,-1,-1,-1,1,1,1,-1,-1,-1,-1,1,1,-1,-1,-1,-1,1,1,1,1,-1,-1,1,1,1,1,1,-1,-1,-1,1,1,1,1,1,-1,1,1,1,1,-1,1,-1,-1,1,-1,1,-1,1,-1,-1,1,-1,1,-1,-1,-1,-1,1,-1,1,-1,1,-1,-1,1,-1,1,-1,1,-1,-1,1,-1,1,-1,-1,-1,-1,1,1,-1,-1,-1,-1,-1,1,-1,1,-1,-1,-1,-1,-1,-1,-1,1,-1,-1,-1,1,-1,-1,1,-1,-1,-1,-1,-1,-1,1,-1,-1,-1,-1,-1,1,-1,-1,-1,1,-1,-1,1,-1,1,-1,-1,-1,-1,-1,-1,-1,1,-1,-1,-1,1,1,-1,-1,-1,1,-1,-1,-1,-1,-1,1,-1,-1,1,1,1,-1,1,-1,-1,1,-1,1,1,-1,1,-1,-1,1,1,1,-1,-1,-1,-1,-1,1,1,-1,-1,1,-1,1,1,-1,-1,-1,1,-1,1,1,1,-1,1,1,-1,1,1,1,-1,1,-1,1,1,1,-1,-1,1,-1,-1,1,1,1,1,-1,1,-1,1,1,1,-1,1,-1,-1,1,1,1,1,-1,1,-1,1,1,1,1,1,-1,-1,1,1,-1,1,1,-1,-1,1,1,1,1,-1,-1,-1,1,-1,1,1,1,-1,-1,-1,1,-1,1,1,-1,-1,1,-1,-1,1,1,-1,1,1,1,-1,1,1,-1,1,-1,-1,1,1,1,-1,1,-1,1,1,1,-1,1,-1,1,-1,1,1,-1,-1,1,-1,-1,1,-1,1,1,-1,-1,1,-1,1,1,-1,1,-1,-1,-1,1,-1,-1,1,-1,1,-1,1,-1,1,-1,-1,-1,1,1,-1,-1,1,-1,-1,-1,1,1,-1,1,-1,-1,-1,1,1,-1,1,-1,-1,1,1,-1,-1,-1,1,-1,1,-1,-1,1,1,-1,1,1,-1,-1,1,1,-1,-1,-1,1,-1,1,1,-1,1,-1,1,-1,-1,-1,1,-1,-1,-1,-1,1,-1,-1,1,1,-1,1,1,-1,1,1,-1,-1,-1,1,-1,1,1,1,1,-1,1,-1,-1,1,1,-1,-1,1,-1,1,1,1,-1,-1,1,-1,1,1,-1,-1,-1,1,-1,-1,1,1,-1,-1,-1,1,-1,1,-1,1,-1,1,-1,-1,1,-2664.0,1,2000,445,0,False
2145,-1,-1,1,1,1,1,-1,1,-1,-1,-1,1,-1,1,-1,-1,1,-1,1,1,1,1,-1,-1,-1,1,-1,-1,1,-1,-1,-1,1,1,-1,1,1,-1,-1,-1,1,-1,1,-1,-1,-1,-1,-1,1,-1,-1,-1,1,-1,1,-1,-1,1,-1,-1,-1,1,1,1,-1,-1,-1,-1,-1,-1,1,-1,-1,-1,-1,-1,1,1,-1,-1,-1,1,1,-1,-1,-1,-1,1,-1,1,-1,-1,-1,-1,-1,-1,-1,1,-1,1,-1,-1,-1,-1,1,-1,-1,-1,-1,-1,-1,1,-1,-1,-1,-1,-1,-1,1,-1,-1,-1,-1,-1,-1,1,-1,-1,1,-1,-1,-1,1,-1,-1,1,-1,-1,-1,1,-1,-1,1,-1,-1,-1,-1,-1,-1,-1,-1,-1,-1,1,1,-1,1,1,-1,-1,1,1,-1,-1,-1,-1,-1,1,1,-1,-1,-1,-1,-1,1,-1,-1,1,-1,-1,1,-1,1,-1,-1,-1,-1,1,1,-1,-1,1,-1,1,1,1,1,-1,1,-1,-1,1,1,1,-1,1,-1,-1,-1,1,1,-1,1,-1,-1,1,1,1,1,1,1,1,1,1,1,1,-1,1,-1,-1,1,1,1,-1,1,1,-1,1,1,1,-1,1,-1,1,1,1,1,-1,1,-1,-1,1,1,1,1,1,-1,1,1,1,-1,-1,1,-1,1,-1,1,-1,1,1,-1,1,-1,1,-1,1,1,-1,1,-1,1,-1,1,1,1,-1,1,1,-1,-1,1,-1,-1,1,1,-1,1,1,1,-1,-1,1,-1,1,1,-1,1,-1,1,1,-1,1,-1,-1,-1,1,-1,-1,1,-1,1,-1,1,1,-1,1,1,1,-1,1,-1,-1,1,1,-1,-1,1,-1,1,1,-1,1,-1,1,-1,1,1,1,-1,1,1,-1,1,-1,1,-1,1,1,-1,1,1,1,1,1,1,-1,1,1,1,1,1,-1,-1,1,1,1,1,1,-1,-1,1,1,1,1,1,-1,-1,-1,-1,1,-1,1,1,-1,1,1,1,1,1,1,-1,-1,-1,1,1,-1,-1,-1,1,-1,-1,-1,1,1,-1,1,-1,1,-1,1,-1,1,-1,1,1,1,1,-1,1,-1,1,1,-1,1,-1,-1,-1,-1,1,1,1,1,-1,-1,1,-1,1,1,-1,-1,1,-1,-1,1,-1,1,-1,1,-1,1,1,1,-1,-1,1,1,-1,1,-1,1,-1,-1,1,-1,1,1,-1,-1,-1,1,-1,-1,1,1,-1,-1,1,-1,1,1,-1,1,-1,1,-1,1,1,1,-1,1,1,-1,1,1,-1,-1,1,1,-1,1,-1,1,-1,1,-1,1,1,-1,1,-1,1,-1,-1,1,-1,-1,-1,1,-1,-1,1,-1,1,-1,1,-1,-1,1,-1,-1,1,-1,1,-1,-1,1,1,-1,1,1,-1,-1,1,1,-1,1,-1,-1,-1,1,1,1,-1,1,-1,-1,1,1,-1,-1,1,-1,-1,1,1,1,1,1,1,-1,1,1,1,-1,-1,-1,1,-1,1,1,-1,1,-1,1,-1,-1,1,-1,-1,1,-1,-1,1,-1,-1,-1,1,1,-1,1,1,-1,-1,1,1,-1,-1,1,-1,-1,-1,-1,-1,1,1,-1,-1,-1,-1,-1,1,1,-1,-1,1,1,1,-1,1,-1,-1,1,1,-1,1,1,-1,-1,-1,1,-1,-1,1,1,-1,1,1,1,1,1,-1,1,1,1,-1,1,1,1,-1,1,1,-1,1,1,-1,1,1,1,-1,1,1,-1,-1,1,-1,1,1,1,-1,1,1,1,-1,1,1,1,1,1,1,1,1,1,1,1,1,1,1,1,1,-1,1,-1,1,-1,1,1,1,1,1,1,1,1,-1,1,1,-1,1,1,1,1,1,1,1,-1,1,1,1,1,1,1,1,1,1,1,-1,1,1,-1,1,1,-1,-1,1,1,1,-1,1,1,1,1,-1,1,1,1,-1,1,1,-1,1,1,1,1,-1,-1,1,-1,1,1,-1,1,1,-1,1,-1,1,1,1,-1,-1,1,-1,1,1,-1,1,-1,-1,1,1,1,-1,-1,-1,1,-1,1,-1,1,1,1,-1,-1,1,1,-1,-1,1,-1,-1,1,1,-1,-1,-1,1,-1,1,1,-1,-1,-1,1,-1,1,1,1,-1,1,1,-1,1,1,-1,-1,1,-1,-1,1,1,-1,-1,1,-1,1,1,1,-1,-1,-1,-1,-1,-1,1,-1,-1,1,1,1,1,1,1,-1,1,-1,-1,1,1,-1,-1,1,-1,1,1,1,-1,-1,1,-1,1,1,1,1,-1,-1,1,1,1,1,1,-1,-1,-1,1,-1,1,1,1,-1,1,1,1,1,1,-1,-1,1,1,1,1,1,1,-1,1,1,-1,1,-1,-1,1,1,1,1,1,1,-1,-1,1,1,1,1,1,-1,-1,1,1,1,1,1,1,-1,1,1,1,1,1,1,-1,1,1,1,1,1,1,-1,1,1,-1,1,1,-1,-1,1,1,-1,1,1,1,-1,1,-1,-1,1,1,1,-1,-1,1,-1,1,1,1,-1,1,1,-1,1,-1,1,-1,1,1,-1,1,1,1,-1,-1,1,1,1,1,-1,1,-1,1,1,1,1,-1,1,-1,1,1,1,-1,-1,1,-1,1,1,-1,1,-1,-1,-1,1,-1,1,-1,1,-1,-1,1,-1,1,-1,-1,-1,-1,1,-1,1,-1,1,-1,-1,-1,1,1,-1,1,-1,-1,1,-1,1,-1,1,-1,1,-1,-1,1,1,1,1,-1,-1,1,-1,-1,-1,1,1,-1,1,-1,-1,1,-1,-1,1,1,-1,-1,1,-1,-1,-1,-1,1,-1,1,1,-1,1,-1,1,-1,-1,-1,1,-1,-1,-1,-1,1,-1,-1,1,1,-1,1,1,-1,1,1,-1,-1,-1,1,-1,1,1,1,1,-1,1,-1,-1,-1,1,-1,-1,1,-1,1,1,1,1,-1,1,-1,1,1,-1,-1,-1,1,-1,-1,1,1,-1,-1,-1,1,-1,1,-1,1,-1,1,-1,-1,1,-2664.0,1,2000,445,1500,True
2146,-1,-1,1,1,1,1,-1,1,-1,-1,-1,1,-1,1,-1,-1,1,-1,1,1,-1,1,-1,-1,-1,1,-1,-1,-1,-1,-1,-1,1,1,-1,1,1,-1,-1,-1,1,-1,1,-1,-1,-1,-1,-1,1,-1,1,-1,1,-1,1,-1,-1,1,1,-1,-1,1,1,1,-1,1,-1,-1,-1,-1,1,-1,1,1,-1,-1,-1,1,-1,-1,-1,1,1,-1,-1,1,1,-1,-1,1,-1,-1,1,1,-1,-1,-1,1,-1,1,1,1,-1,-1,1,-1,1,1,1,-1,-1,1,-1,1,1,1,-1,-1,1,-1,-1,1,1,-1,-1,1,-1,-1,1,1,-1,-1,1,-1,1,1,1,-1,-1,-1,-1,-1,1,1,1,-1,1,-1,-1,1,1,-1,-1,-1,1,-1,1,1,-1,-1,1,-1,-1,1,1,1,-1,1,-1,1,1,1,-1,-1,1,-1,1,1,1,-1,1,-1,1,-1,-1,1,-1,1,1,-1,1,1,1,-1,1,1,-1,1,-1,1,-1,1,1,-1,-1,-1,1,-1,-1,1,-1,1,-1,1,-1,1,1,-1,-1,-1,1,-1,-1,1,-1,-1,-1,1,-1,-1,1,-1,1,-1,-1,1,-1,1,-1,1,-1,1,-1,1,1,-1,1,-1,1,-1,-1,1,-1,1,1,1,-1,1,1,-1,-1,-1,1,-1,1,-1,1,-1,1,1,-1,1,-1,-1,-1,1,1,-1,1,-1,1,-1,1,1,1,-1,1,1,-1,-1,1,-1,-1,1,1,-1,1,1,1,-1,-1,1,-1,1,1,-1,1,-1,1,1,-1,1,-1,-1,-1,1,-1,-1,1,-1,1,-1,1,1,-1,1,1,1,-1,1,-1,-1,1,1,-1,-1,1,-1,1,1,-1,1,-1,1,-1,1,1,1,-1,1,1,-1,1,-1,1,-1,-1,1,-1,1,1,1,1,1,1,-1,1,1,1,1,1,-1,-1,1,1,1,1,1,-1,-1,1,1,1,1,1,-1,-1,-1,-1,1,1,1,1,-1,1,1,1,1,1,1,-1,-1,-1,1,1,-1,-1,-1,1,-1,-1,-1,1,1,-1,1,-1,1,-1,1,-1,1,-1,1,1,1,1,-1,1,-1,1,1,-1,1,-1,-1,-1,-1,1,1,1,1,-1,-1,1,-1,1,1,-1,-1,1,-1,-1,1,-1,1,-1,-1,1,-1,1,1,-1,-1,1,1,-1,1,-1,1,-1,-1,1,-1,1,1,-1,-1,-1,1,-1,-1,1,1,-1,-1,-1,-1,1,1,-1,1,-1,1,-1,1,1,1,-1,-1,1,-1,1,1,-1,-1,1,1,-1,1,-1,1,-1,1,-1,1,1,-1,1,-1,1,-1,-1,1,-1,-1,-1,1,-1,-1,1,-1,1,-1,1,-1,-1,1,-1,-1,1,-1,1,-1,-1,1,1,-1,1,1,-1,-1,1,1,-1,1,-1,-1,-1,1,1,1,1,1,-1,-1,1,1,-1,1,1,-1,-1,1,1,1,-1,1,1,-1,1,1,1,1,-1,-1,1,-1,1,1,-1,1,-1,1,1,-1,1,1,-1,1,-1,-1,1,-1,1,-1,1,1,-1,1,1,1,-1,1,1,-1,-1,1,1,-1,-1,-1,-1,1,1,1,-1,-1,-1,-1,1,1,1,-1,1,1,1,-1,1,1,-1,1,1,-1,1,1,1,-1,-1,1,-1,-1,1,1,1,1,1,1,1,1,1,1,1,1,-1,1,1,-1,1,1,1,-1,1,1,-1,1,1,1,-1,1,1,1,-1,1,-1,1,-1,1,-1,1,1,1,-1,1,1,1,1,1,1,1,1,1,-1,1,1,1,1,-1,1,-1,1,-1,1,-1,1,-1,1,1,1,1,1,1,-1,1,1,-1,1,1,1,-1,-1,1,1,-1,1,1,-1,-1,1,1,1,1,1,-1,1,1,1,1,-1,1,-1,1,-1,1,1,-1,1,-1,1,1,-1,1,1,-1,1,1,1,-1,1,-1,-1,1,1,-1,1,-1,-1,-1,-1,1,1,-1,1,-1,1,-1,1,-1,-1,1,-1,1,-1,1,1,-1,1,-1,-1,-1,1,-1,-1,1,-1,1,-1,1,1,1,-1,-1,1,-1,1,-1,-1,1,-1,1,-1,-1,-1,-1,1,-1,1,-1,1,-1,-1,1,-1,1,-1,-1,-1,1,1,-1,-1,-1,-1,-1,1,-1,-1,-1,1,-1,-1,1,-1,1,1,-1,-1,-1,-1,-1,-1,1,-1,-1,-1,1,1,-1,1,-1,1,-1,1,-1,-1,1,-1,-1,-1,1,1,1,1,1,-1,-1,1,-1,1,1,-1,1,-1,-1,1,1,1,-1,-1,-1,-1,-1,1,-1,1,-1,1,-1,1,1,1,1,1,-1,-1,1,1,1,1,-1,1,-1,1,1,-1,1,-1,-1,1,1,1,1,-1,1,-1,-1,1,1,1,1,1,-1,-1,1,1,1,-1,1,1,-1,1,1,1,1,1,1,-1,1,1,1,1,1,1,-1,1,1,-1,1,1,-1,-1,1,1,-1,1,1,1,-1,1,-1,1,1,1,1,-1,-1,1,-1,1,1,1,-1,1,1,-1,1,1,1,-1,1,1,-1,1,1,1,-1,-1,1,1,1,1,-1,1,-1,1,1,1,1,-1,1,-1,1,1,1,-1,-1,1,-1,1,1,-1,1,-1,-1,-1,1,-1,1,-1,1,-1,-1,1,-1,1,-1,-1,-1,-1,1,-1,1,-1,-1,1,-1,-1,1,1,-1,1,-1,-1,1,-1,1,-1,1,-1,1,-1,-1,1,1,1,1,-1,-1,1,1,-1,-1,1,1,-1,1,1,-1,1,-1,-1,1,1,-1,-1,1,-1,-1,-1,-1,1,-1,1,1,-1,1,1,-1,-1,1,-1,1,-1,-1,-1,-1,1,-1,-1,1,1,-1,1,1,-1,1,1,1,1,-1,1,-1,1,1,1,1,-1,1,-1,-1,-1,1,1,-1,1,-1,1,1,1,1,-1,1,-1,1,1,1,-1,-1,1,-1,-1,1,1,-1,-1,-1,1,-1,1,1,1,-1,1,-1,-1,1,-2664.0,1,2000,445,1500,True
2147,1,1,-1,-1,1,1,-1,-1,1,1,1,-1,1,1,1,1,-1,1,-1,-1,-1,-1,1,1,1,-1,1,-1,1,1,1,1,1,-1,-1,-1,1,1,1,1,-1,-1,-1,1,1,1,1,-1,1,1,1,1,-1,1,-1,-1,1,-1,1,1,1,-1,-1,-1,1,1,1,1,-1,-1,-1,1,1,1,1,-1,-1,-1,1,1,1,-1,-1,-1,1,1,1,1,-1,-1,1,1,1,1,1,-1,-1,-1,1,-1,1,1,-1,-1,1,1,1,1,1,-1,-1,-1,1,1,1,1,-1,-1,1,1,1,1,1,1,-1,-1,1,1,-1,1,1,-1,1,1,1,1,1,1,-1,1,1,1,1,1,1,-1,1,1,1,1,1,1,-1,-1,-1,1,1,1,1,-1,1,1,1,1,-1,1,-1,1,-1,1,1,1,-1,-1,1,1,1,1,1,-1,1,-1,-1,1,1,1,-1,1,1,1,1,-1,1,1,1,1,-1,1,-1,1,-1,1,1,-1,1,-1,1,1,-1,1,-1,1,-1,1,-1,1,1,-1,1,-1,1,1,1,1,-1,-1,1,1,-1,-1,1,-1,1,-1,1,1,-1,1,-1,1,-1,1,-1,1,1,-1,-1,1,-1,1,-1,1,-1,1,1,1,-1,1,1,-1,1,-1,1,-1,1,-1,1,-1,1,1,-1,1,-1,-1,-1,-1,1,-1,1,-1,-1,-1,1,1,-1,-1,1,1,-1,1,1,1,-1,1,1,-1,1,1,1,1,-1,1,-1,1,1,-1,1,-1,1,-1,1,-1,1,1,1,1,-1,-1,1,-1,-1,-1,1,1,-1,1,1,1,-1,1,1,1,1,1,1,-1,1,-1,1,1,1,-1,-1,1,-1,1,1,1,-1,1,1,-1,-1,1,1,1,-1,1,-1,1,1,1,-1,1,1,-1,1,1,1,-1,1,1,-1,1,1,1,-1,1,1,1,-1,1,1,-1,1,1,-1,1,-1,1,-1,1,-1,1,-1,1,1,1,1,-1,1,-1,1,1,-1,1,1,1,-1,-1,-1,-1,1,-1,1,-1,1,1,-1,1,1,-1,-1,1,1,1,1,1,-1,1,1,1,-1,1,1,1,1,-1,1,1,1,-1,1,-1,1,1,1,1,1,1,-1,-1,-1,1,-1,1,1,1,-1,1,1,1,1,1,1,1,-1,1,-1,-1,1,-1,1,-1,1,1,1,1,1,1,-1,-1,1,-1,1,1,1,-1,1,1,1,-1,1,1,-1,-1,1,-1,1,1,1,-1,1,1,1,1,1,1,-1,1,-1,1,1,1,-1,-1,1,-1,1,1,1,-1,-1,1,-1,1,1,1,-1,-1,1,-1,-1,1,1,-1,-1,1,-1,1,1,1,1,-1,1,1,-1,1,1,1,-1,-1,1,-1,1,1,-1,-1,1,-1,-1,1,-1,1,-1,-1,1,-1,1,-1,1,1,-1,1,-1,-1,1,1,1,-1,1,-1,1,-1,1,-1,1,-1,-1,-1,1,-1,1,1,1,1,-1,1,-1,-1,1,1,-1,1,1,-1,-1,-1,1,-1,-1,1,-1,-1,1,1,1,-1,1,-1,-1,1,1,-1,-1,1,-1,1,1,1,-1,-1,1,-1,-1,-1,1,1,-1,1,1,-1,-1,1,-1,-1,1,-1,1,-1,1,1,-1,-1,1,-1,-1,-1,-1,-1,1,1,1,-1,-1,1,-1,-1,1,-1,-1,1,-1,-1,1,1,-1,-1,1,-1,-1,1,1,-1,1,-1,1,-1,-1,1,1,-1,-1,-1,-1,1,1,-1,-1,1,-1,-1,-1,1,1,-1,-1,-1,-1,-1,1,-1,-1,-1,-1,-1,1,1,1,-1,-1,-1,-1,-1,1,1,-1,-1,-1,-1,-1,1,1,1,-1,-1,-1,-1,1,1,-1,-1,-1,-1,1,-1,1,1,-1,-1,1,1,-1,1,1,-1,-1,-1,1,1,1,-1,1,-1,1,1,1,1,-1,1,-1,-1,1,-1,1,-1,1,-1,-1,1,-1,1,-1,-1,-1,-1,1,-1,1,-1,1,-1,-1,1,-1,1,-1,1,-1,1,-1,1,1,-1,-1,-1,-1,1,-1,-1,-1,-1,-1,-1,1,-1,1,-1,-1,-1,-1,1,1,-1,1,-1,-1,-1,1,-1,-1,1,-1,-1,-1,-1,1,1,1,-1,-1,-1,-1,-1,1,-1,-1,-1,1,-1,-1,1,-1,1,-1,-1,-1,-1,-1,-1,-1,1,-1,-1,-1,1,1,1,-1,-1,-1,1,-1,-1,-1,-1,1,-1,-1,1,-1,1,-1,-1,-1,-1,1,-1,1,1,-1,1,-1,-1,1,1,-1,-1,-1,-1,-1,-1,1,1,-1,-1,1,-1,1,1,-1,-1,-1,1,-1,1,1,-1,-1,1,-1,-1,1,1,1,-1,1,-1,1,1,1,-1,-1,1,-1,-1,1,1,1,-1,1,-1,-1,1,1,-1,1,1,-1,-1,1,1,1,1,1,-1,-1,1,1,1,1,1,-1,-1,1,1,1,1,1,1,-1,-1,1,1,1,1,-1,-1,1,-1,1,1,1,1,-1,-1,1,-1,1,1,1,-1,1,1,1,1,-1,1,-1,1,1,1,1,1,1,1,-1,1,1,1,1,-1,1,-1,1,1,1,1,1,-1,1,1,1,1,-1,1,1,-1,1,1,-1,1,1,-1,-1,1,1,1,1,-1,1,-1,1,1,1,-1,-1,1,-1,1,1,1,-1,1,-1,-1,-1,1,1,-1,-1,1,-1,-1,1,1,1,-1,1,-1,-1,-1,1,1,-1,1,-1,-1,1,1,-1,-1,-1,1,-1,-1,1,-1,1,1,-1,1,1,-1,-1,1,-1,-1,-1,1,1,-1,1,1,-1,1,1,-1,-1,-1,-1,1,-1,-1,-1,-1,1,-1,-1,1,1,-1,1,1,-1,1,1,1,1,-1,1,-1,1,1,1,-1,-1,1,-1,-1,-1,1,-1,-1,1,-1,1,1,1,-1,-1,1,-1,1,1,1,1,-1,1,-1,-1,1,1,1,-1,-1,1,-1,1,-1,1,-1,1,-1,-1,1,-2664.0,1,2000,445,1000,False
2148,-1,-1,1,1,1,1,-1,1,-1,-1,-1,1,-1,1,-1,-1,1,-1,1,1,-1,1,-1,-1,-1,1,-1,-1,-1,-1,-1,-1,1,1,-1,1,1,-1,-1,-1,1,-1,1,-1,-1,-1,-1,-1,1,-1,1,-1,1,-1,1,-1,-1,1,-1,-1,-1,1,1,1,-1,1,-1,-1,-1,-1,1,-1,1,1,-1,-1,-1,1,-1,-1,-1,1,1,-1,-1,-1,-1,1,-1,1,-1,-1,-1,1,-1,-1,-1,1,-1,1,1,1,-1,-1,1,-1,-1,1,1,-1,-1,1,-1,1,1,1,-1,-1,1,-1,-1,1,1,-1,-1,1,-1,-1,1,1,-1,-1,1,-1,-1,1,1,1,-1,-1,-1,-1,1,1,-1,-1,1,-1,-1,1,1,1,-1,-1,1,-1,1,1,1,-1,1,-1,-1,1,1,1,-1,1,-1,1,1,1,-1,-1,1,-1,1,1,1,-1,1,-1,1,1,-1,1,-1,1,1,-1,1,1,1,1,1,1,-1,1,1,1,-1,1,1,-1,-1,1,1,-1,-1,1,-1,1,-1,1,-1,1,1,-1,1,1,1,1,1,1,-1,-1,1,1,-1,-1,1,-1,1,1,-1,1,-1,1,-1,1,1,1,-1,1,1,-1,1,1,1,-1,-1,1,-1,1,1,1,-1,1,1,-1,-1,-1,1,-1,1,-1,1,-1,1,1,-1,1,-1,-1,-1,1,1,-1,1,-1,1,-1,-1,1,1,-1,1,1,-1,-1,1,-1,-1,1,1,-1,1,1,1,-1,-1,1,-1,1,1,-1,1,-1,1,1,-1,1,-1,-1,-1,1,-1,-1,1,-1,1,-1,-1,1,-1,1,1,1,-1,1,-1,-1,1,1,-1,-1,1,-1,-1,1,-1,1,-1,1,-1,-1,1,1,-1,1,1,-1,1,-1,1,-1,1,1,-1,1,1,1,1,1,1,-1,1,1,1,1,1,-1,-1,1,1,1,1,1,-1,-1,1,-1,1,1,1,-1,-1,1,-1,1,-1,1,1,-1,1,-1,1,1,1,1,-1,-1,1,1,1,-1,-1,-1,1,1,-1,-1,1,1,-1,1,-1,1,-1,1,-1,1,1,-1,1,1,1,-1,-1,1,-1,1,-1,1,-1,-1,1,-1,1,1,1,1,-1,1,1,-1,1,1,-1,-1,1,-1,-1,1,-1,1,-1,-1,1,-1,1,1,-1,-1,1,1,-1,1,-1,1,-1,-1,1,-1,1,-1,-1,-1,-1,1,-1,-1,1,1,-1,-1,1,-1,1,1,-1,1,-1,1,-1,1,-1,1,-1,-1,-1,-1,-1,-1,-1,1,-1,1,-1,1,-1,1,-1,-1,-1,1,1,-1,1,-1,-1,-1,-1,1,-1,-1,-1,-1,-1,1,-1,-1,1,-1,1,-1,-1,1,-1,-1,1,-1,-1,-1,-1,-1,1,-1,1,-1,-1,-1,-1,1,-1,1,-1,-1,1,-1,1,1,1,-1,-1,-1,1,1,-1,1,-1,-1,-1,1,1,1,-1,1,1,-1,1,1,1,1,1,1,1,-1,1,1,-1,1,-1,1,-1,-1,1,1,-1,1,-1,-1,1,-1,1,-1,1,1,-1,1,1,1,-1,1,1,-1,-1,1,1,-1,-1,-1,-1,1,1,1,-1,-1,-1,-1,1,1,1,-1,1,1,1,-1,1,1,-1,1,1,-1,1,1,1,-1,-1,1,-1,-1,1,1,1,1,1,1,1,1,1,1,1,1,-1,1,1,-1,1,1,1,-1,1,1,-1,1,1,1,-1,1,1,1,-1,1,-1,1,-1,1,-1,1,1,1,-1,1,1,1,1,1,1,1,1,1,-1,1,1,1,1,1,1,-1,1,-1,1,-1,1,-1,1,1,1,1,1,1,1,-1,1,-1,1,1,1,1,-1,1,1,-1,1,1,-1,-1,1,1,1,1,1,1,-1,1,1,1,-1,1,-1,1,-1,1,1,-1,1,-1,1,1,-1,1,1,1,-1,-1,1,-1,1,-1,-1,-1,1,-1,-1,1,-1,1,-1,-1,1,-1,1,1,1,-1,-1,1,-1,1,-1,1,-1,-1,1,-1,1,-1,1,-1,1,-1,-1,1,1,1,-1,1,1,-1,1,1,1,1,-1,-1,1,-1,1,1,-1,-1,-1,-1,-1,1,1,-1,1,-1,1,-1,1,1,1,-1,-1,-1,-1,1,-1,-1,-1,-1,-1,1,-1,-1,-1,-1,-1,1,-1,1,1,-1,-1,-1,1,-1,1,1,-1,-1,-1,1,1,1,1,-1,1,-1,1,-1,1,1,-1,-1,-1,-1,1,1,1,1,-1,-1,1,-1,1,1,-1,1,-1,-1,1,1,1,-1,-1,-1,-1,-1,1,-1,-1,-1,1,-1,1,1,1,1,1,-1,-1,1,1,1,-1,1,1,-1,1,1,-1,1,-1,-1,1,1,1,1,-1,1,-1,-1,1,1,1,-1,1,-1,-1,1,1,1,1,1,1,-1,1,1,1,1,1,1,-1,1,1,1,1,1,1,-1,1,1,-1,1,1,-1,-1,1,1,-1,1,1,1,-1,1,-1,1,1,1,1,-1,-1,1,-1,1,1,1,-1,1,1,-1,1,-1,1,-1,1,1,-1,1,1,1,-1,-1,1,1,1,1,-1,1,-1,1,1,1,1,-1,1,-1,1,1,1,-1,-1,1,-1,1,1,-1,1,-1,-1,-1,1,-1,1,-1,1,-1,-1,1,-1,1,-1,-1,-1,1,1,-1,1,-1,-1,-1,-1,-1,1,1,-1,1,-1,-1,-1,-1,1,-1,1,-1,-1,1,-1,1,1,1,1,-1,-1,1,1,-1,-1,1,1,1,1,1,-1,1,-1,-1,1,1,-1,-1,1,-1,-1,-1,-1,1,-1,1,1,1,1,1,-1,-1,-1,-1,1,-1,-1,-1,-1,1,-1,1,1,1,-1,1,1,-1,1,1,1,1,-1,1,-1,1,1,1,1,-1,1,-1,1,1,1,1,-1,1,-1,1,1,1,1,-1,1,-1,1,1,1,-1,-1,1,-1,-1,1,1,-1,-1,-1,1,-1,1,1,1,-1,1,-1,-1,1,-2664.0,1,2000,445,1500,True
2149,-1,-1,1,1,1,1,-1,1,-1,-1,-1,1,-1,1,-1,-1,1,-1,1,1,1,1,-1,-1,-1,1,-1,-1,1,-1,-1,-1,1,1,-1,1,1,-1,-1,-1,1,-1,1,-1,-1,-1,1,-1,1,-1,-1,-1,1,-1,1,-1,-1,1,-1,-1,1,1,1,1,-1,-1,-1,-1,-1,-1,1,-1,-1,-1,1,-1,1,1,-1,-1,-1,-1,-1,1,-1,-1,-1,1,-1,1,-1,-1,-1,-1,1,-1,-1,1,-1,1,-1,1,-1,-1,1,-1,-1,-1,1,-1,-1,1,-1,-1,-1,1,-1,-1,1,-1,-1,-1,1,1,-1,1,-1,-1,-1,1,1,-1,1,-1,-1,1,1,1,-1,1,-1,-1,1,1,1,-1,-1,-1,-1,-1,1,1,-1,1,1,-1,-1,1,1,-1,1,1,-1,-1,1,1,-1,1,1,-1,1,1,-1,-1,1,-1,-1,-1,1,-1,1,-1,1,-1,1,1,-1,1,1,-1,-1,1,1,1,1,1,1,-1,1,1,-1,1,1,1,-1,1,1,1,-1,1,1,-1,1,1,-1,1,1,1,1,1,1,1,1,1,1,1,-1,1,-1,-1,1,1,-1,1,-1,1,-1,1,1,1,1,1,-1,1,1,1,1,1,-1,1,-1,1,1,1,1,1,-1,1,1,1,1,-1,1,-1,1,-1,1,-1,-1,1,-1,1,-1,1,1,-1,1,-1,1,-1,1,-1,1,1,-1,-1,1,1,1,1,1,1,-1,1,1,1,-1,-1,1,1,-1,1,-1,-1,-1,1,-1,-1,1,1,1,-1,1,1,1,1,-1,-1,-1,1,-1,-1,-1,1,-1,-1,1,1,-1,1,-1,1,-1,1,1,1,1,-1,-1,1,1,-1,1,1,-1,-1,1,1,-1,1,1,-1,1,-1,1,1,-1,1,-1,1,1,1,-1,1,1,-1,-1,1,1,-1,1,-1,-1,-1,1,1,-1,1,-1,-1,1,-1,1,-1,1,-1,-1,1,-1,1,-1,1,1,-1,1,-1,1,1,-1,1,-1,-1,1,1,-1,1,-1,-1,1,1,-1,-1,1,1,-1,1,-1,1,-1,1,-1,1,1,-1,1,1,1,-1,1,1,-1,1,-1,1,-1,-1,1,-1,1,1,1,1,-1,1,1,1,1,1,-1,-1,1,-1,-1,1,-1,1,-1,-1,1,-1,1,-1,-1,-1,-1,1,-1,1,-1,1,-1,-1,1,-1,1,1,-1,-1,-1,1,-1,-1,1,1,-1,-1,1,-1,1,1,-1,1,-1,1,-1,-1,1,1,-1,-1,-1,-1,1,1,-1,1,-1,1,-1,1,-1,1,-1,-1,-1,-1,1,-1,1,-1,-1,-1,-1,1,-1,-1,1,-1,-1,-1,1,-1,1,1,1,-1,-1,1,-1,-1,1,-1,-1,-1,1,1,1,-1,1,-1,-1,-1,-1,1,-1,1,-1,-1,1,-1,1,1,1,-1,-1,-1,1,1,-1,1,-1,-1,-1,1,1,1,-1,1,1,-1,1,1,1,1,1,-1,1,-1,1,1,-1,1,-1,1,-1,1,-1,-1,-1,1,-1,-1,1,-1,-1,-1,1,1,-1,1,1,-1,-1,1,1,-1,-1,1,-1,-1,-1,-1,-1,1,1,-1,-1,-1,-1,-1,1,1,-1,-1,1,1,1,-1,1,-1,-1,1,1,-1,1,1,-1,-1,-1,1,-1,-1,1,1,-1,1,1,1,1,1,-1,1,1,1,-1,1,1,1,-1,1,1,-1,1,1,-1,1,1,1,-1,1,1,-1,-1,1,-1,1,1,1,-1,1,1,-1,-1,1,1,-1,1,1,-1,1,1,1,1,1,1,1,1,1,1,-1,1,-1,1,-1,1,1,1,1,1,1,1,1,1,-1,1,-1,1,-1,1,1,1,-1,1,-1,1,1,1,1,1,1,1,1,1,1,-1,1,1,-1,-1,1,-1,-1,1,1,1,-1,1,1,-1,1,-1,-1,1,1,-1,-1,1,-1,1,-1,1,1,-1,1,-1,1,-1,1,-1,1,1,-1,1,-1,1,1,-1,1,-1,1,-1,1,1,-1,1,-1,1,-1,1,1,-1,1,1,1,1,1,-1,1,1,-1,1,1,1,1,-1,1,-1,1,-1,1,1,-1,1,1,-1,1,1,-1,1,1,1,-1,1,1,1,-1,1,-1,-1,1,1,-1,1,1,-1,1,-1,1,-1,-1,1,1,-1,1,1,-1,-1,1,1,-1,1,1,-1,-1,-1,1,1,1,1,-1,1,1,1,-1,1,1,-1,-1,1,-1,1,1,1,-1,-1,-1,1,-1,1,1,-1,1,-1,-1,1,1,1,-1,-1,-1,-1,-1,1,-1,-1,-1,1,-1,1,1,1,-1,-1,-1,-1,1,1,1,-1,1,-1,-1,1,1,1,-1,1,-1,1,1,1,-1,-1,1,-1,-1,1,1,1,-1,1,-1,-1,1,1,1,1,1,-1,-1,1,1,1,1,1,-1,-1,1,1,-1,1,1,-1,-1,1,1,-1,1,1,1,-1,-1,1,1,1,1,-1,-1,1,-1,-1,1,1,1,-1,-1,1,-1,1,1,1,-1,1,1,-1,1,-1,1,-1,1,1,-1,1,1,1,1,-1,1,1,1,1,-1,1,-1,1,1,1,1,1,-1,1,1,1,1,-1,1,1,-1,1,1,-1,1,1,-1,-1,1,-1,1,1,-1,1,-1,1,-1,1,-1,-1,1,-1,1,-1,1,-1,1,-1,-1,-1,1,1,-1,-1,1,-1,-1,-1,1,-1,-1,1,-1,-1,-1,1,1,-1,1,-1,-1,1,1,-1,-1,-1,1,-1,1,-1,-1,1,1,-1,1,1,-1,-1,1,1,-1,-1,-1,1,-1,1,1,-1,1,-1,1,-1,-1,-1,1,-1,-1,-1,-1,-1,1,-1,1,1,-1,1,1,-1,1,1,-1,-1,-1,1,-1,1,1,1,1,-1,1,-1,1,1,1,-1,-1,1,-1,-1,1,1,1,-1,1,-1,1,1,-1,-1,-1,1,-1,-1,1,1,-1,-1,-1,1,-1,1,-1,1,-1,1,-1,-1,1,-2664.0,1,2000,445,1500,True
2150,1,1,-1,-1,1,-1,1,-1,1,1,1,-1,1,1,1,1,-1,1,-1,-1,1,-1,1,1,1,-1,-1,-1,1,1,1,1,1,-1,-1,-1,1,1,1,1,-1,-1,-1,1,1,1,1,-1,1,1,1,1,-1,1,-1,-1,1,-1,1,1,-1,-1,-1,-1,1,1,1,1,-1,-1,-1,1,1,1,1,-1,-1,-1,1,1,1,-1,-1,-1,1,1,1,1,-1,1,-1,1,1,1,1,-1,-1,1,1,-1,1,1,-1,-1,1,1,1,1,1,-1,-1,1,1,-1,1,1,1,-1,1,1,1,1,1,1,-1,1,1,1,-1,1,-1,-1,1,1,1,1,1,1,-1,-1,1,1,1,1,1,-1,1,1,1,1,1,1,-1,-1,-1,1,1,1,1,-1,1,1,1,1,-1,1,-1,1,1,1,1,1,-1,-1,1,1,1,1,-1,-1,1,-1,-1,1,-1,1,-1,1,1,1,1,1,1,1,1,1,-1,1,-1,1,-1,1,1,-1,1,-1,1,-1,-1,1,-1,1,-1,1,-1,1,1,-1,1,-1,1,1,1,1,-1,-1,1,1,-1,-1,1,-1,1,-1,-1,1,-1,1,-1,1,-1,1,-1,1,1,-1,-1,-1,1,-1,-1,1,-1,1,1,1,-1,1,1,-1,1,-1,1,-1,1,-1,1,-1,1,1,-1,1,-1,-1,-1,1,1,-1,1,-1,-1,-1,1,1,1,-1,1,1,-1,-1,1,-1,-1,1,1,-1,1,1,1,-1,-1,1,-1,1,1,-1,1,-1,1,1,1,1,-1,-1,-1,1,-1,-1,1,-1,1,-1,1,1,-1,1,1,1,-1,1,-1,1,1,1,-1,-1,1,-1,1,1,-1,1,-1,1,-1,1,1,1,-1,1,1,-1,-1,1,1,-1,-1,1,-1,1,1,1,1,1,1,-1,1,1,1,1,1,-1,-1,1,1,1,1,1,-1,-1,-1,1,1,1,1,-1,-1,1,-1,1,-1,1,1,-1,-1,1,1,1,1,1,-1,-1,1,1,1,-1,-1,-1,-1,-1,-1,-1,1,1,-1,-1,1,1,-1,1,-1,1,-1,1,1,1,1,-1,-1,1,1,1,-1,1,-1,-1,-1,-1,1,1,1,1,-1,-1,1,-1,1,1,-1,-1,-1,-1,-1,1,-1,1,-1,1,-1,1,-1,1,-1,-1,1,1,-1,1,-1,1,-1,-1,1,-1,1,-1,-1,-1,-1,1,-1,-1,1,1,-1,-1,1,-1,1,1,-1,1,-1,1,-1,1,-1,1,-1,1,1,-1,1,-1,-1,-1,1,1,-1,1,-1,1,-1,1,-1,1,1,-1,1,-1,1,-1,-1,1,-1,-1,-1,1,-1,1,-1,1,1,-1,1,-1,-1,1,-1,-1,1,-1,1,-1,1,-1,1,-1,1,1,-1,-1,-1,1,-1,1,-1,-1,1,-1,1,1,1,1,-1,-1,1,1,-1,1,1,1,-1,1,1,1,1,1,1,-1,1,1,1,-1,-1,1,1,-1,-1,-1,1,-1,-1,1,1,1,-1,1,-1,1,-1,-1,-1,1,1,-1,1,1,-1,-1,1,1,-1,1,1,-1,1,-1,1,-1,-1,-1,-1,-1,-1,1,-1,-1,-1,-1,-1,-1,1,-1,1,1,1,1,-1,1,-1,1,1,-1,-1,-1,1,-1,-1,1,-1,1,-1,-1,1,1,1,1,-1,-1,-1,1,1,1,-1,1,-1,1,1,1,1,-1,-1,-1,1,1,1,1,-1,1,-1,1,-1,1,-1,1,1,-1,-1,1,1,1,-1,-1,-1,-1,1,1,1,1,-1,-1,-1,1,1,1,1,-1,-1,-1,1,-1,1,-1,-1,-1,1,1,1,1,1,-1,-1,-1,1,1,1,1,-1,-1,-1,1,1,-1,1,-1,-1,-1,1,1,1,1,-1,-1,1,1,1,1,-1,-1,1,1,1,1,1,-1,-1,-1,1,1,1,1,1,-1,1,1,1,1,1,1,-1,-1,1,-1,1,-1,-1,-1,-1,1,-1,1,1,-1,-1,-1,1,-1,1,1,-1,-1,-1,1,-1,1,-1,1,-1,-1,1,-1,1,-1,-1,-1,-1,1,1,-1,-1,-1,-1,-1,1,-1,1,-1,-1,-1,-1,-1,-1,-1,1,-1,-1,-1,1,-1,-1,1,-1,-1,-1,-1,-1,1,1,-1,-1,-1,-1,-1,1,-1,-1,-1,1,-1,-1,1,-1,1,-1,-1,-1,-1,-1,-1,-1,1,-1,-1,-1,1,1,1,-1,-1,1,-1,-1,-1,-1,-1,1,-1,-1,1,1,1,-1,-1,-1,-1,1,-1,1,1,-1,1,-1,-1,1,1,-1,-1,-1,-1,-1,-1,1,1,-1,-1,1,-1,1,1,-1,-1,1,-1,-1,-1,1,-1,-1,1,1,-1,1,1,-1,1,-1,-1,1,1,1,-1,-1,1,-1,-1,1,1,1,-1,1,-1,-1,1,1,-1,1,1,1,-1,1,1,1,1,1,1,-1,1,1,1,-1,1,1,-1,1,1,1,1,1,-1,-1,1,1,1,1,1,1,-1,1,-1,1,1,1,1,-1,-1,1,-1,1,1,1,-1,1,1,1,1,-1,1,-1,1,1,1,1,1,1,-1,-1,-1,1,1,1,-1,1,-1,1,1,1,1,-1,1,-1,1,1,1,-1,-1,1,-1,1,1,-1,1,-1,-1,-1,1,1,1,-1,1,-1,-1,1,1,1,-1,-1,-1,-1,1,1,1,-1,-1,-1,-1,-1,1,1,-1,1,-1,-1,-1,1,1,-1,-1,1,-1,1,1,1,1,1,1,-1,-1,1,1,-1,-1,1,1,1,-1,1,-1,1,-1,-1,1,1,-1,-1,1,-1,-1,-1,-1,1,-1,1,1,1,1,1,-1,-1,-1,-1,-1,-1,-1,-1,-1,1,-1,1,1,1,-1,1,1,-1,1,1,1,1,-1,1,-1,1,1,1,1,-1,1,-1,1,1,1,1,-1,1,-1,1,1,1,1,-1,1,-1,1,1,-1,-1,-1,1,-1,-1,1,1,-1,-1,-1,1,-1,1,-1,1,-1,1,-1,-1,1,-2664.0,1,2000,445,1000,False
2151,-1,-1,1,1,1,1,-1,1,-1,-1,-1,1,-1,1,-1,-1,1,-1,1,1,1,1,-1,-1,-1,1,-1,-1,1,-1,-1,-1,1,1,-1,-1,-1,1,1,-1,1,-1,-1,-1,-1,1,-1,-1,1,1,-1,-1,1,1,1,-1,1,-1,1,-1,-1,1,1,1,-1,1,-1,-1,-1,-1,1,-1,-1,-1,1,-1,1,-1,1,-1,-1,1,1,-1,1,-1,-1,1,-1,1,-1,1,-1,1,1,-1,-1,1,1,1,1,1,-1,-1,1,1,-1,1,1,-1,-1,1,1,-1,1,1,-1,-1,1,1,-1,1,1,1,-1,1,1,-1,1,1,1,-1,1,1,-1,1,1,1,-1,1,1,-1,1,1,1,-1,-1,1,1,-1,1,1,-1,1,-1,1,-1,1,1,-1,1,1,1,1,1,1,-1,1,1,-1,1,1,-1,-1,1,1,-1,1,1,-1,1,-1,-1,1,1,1,-1,1,-1,1,1,1,1,-1,1,1,-1,1,1,1,1,-1,1,-1,1,1,1,-1,-1,1,-1,-1,1,1,-1,1,1,-1,1,1,1,1,1,1,-1,-1,1,1,-1,-1,1,-1,1,1,-1,1,-1,1,-1,1,1,1,-1,1,1,-1,-1,1,-1,-1,1,1,-1,1,1,1,1,1,-1,-1,1,1,-1,1,1,1,1,-1,-1,-1,1,1,-1,-1,1,1,1,1,1,-1,-1,-1,1,1,-1,1,1,1,-1,1,1,1,1,1,1,-1,-1,-1,-1,1,-1,1,-1,-1,-1,1,1,-1,1,1,1,-1,1,1,1,1,-1,-1,-1,-1,1,-1,1,1,-1,-1,1,1,-1,1,-1,-1,-1,1,1,-1,1,-1,-1,1,1,-1,-1,1,-1,-1,1,-1,-1,1,1,-1,1,-1,1,1,-1,1,-1,1,1,1,-1,1,1,-1,-1,1,1,-1,1,-1,-1,-1,1,1,-1,1,-1,-1,1,-1,1,-1,1,-1,-1,1,-1,1,-1,1,1,-1,1,-1,1,1,1,1,-1,-1,1,1,-1,1,-1,-1,1,1,-1,-1,1,1,-1,1,-1,1,-1,1,-1,1,1,-1,1,1,1,-1,1,1,-1,1,-1,1,-1,-1,1,-1,1,1,1,1,-1,1,1,1,1,1,-1,-1,1,-1,-1,1,-1,1,-1,-1,1,-1,1,1,-1,-1,-1,1,-1,1,-1,1,-1,-1,1,-1,1,1,-1,-1,-1,1,-1,-1,1,1,-1,-1,1,-1,1,1,-1,1,-1,1,-1,-1,1,1,-1,-1,-1,-1,1,1,-1,1,-1,1,-1,1,-1,1,-1,-1,-1,-1,1,-1,1,-1,-1,-1,-1,1,-1,-1,1,-1,-1,-1,1,-1,1,1,1,-1,-1,1,-1,-1,1,-1,-1,-1,1,1,1,-1,1,-1,-1,-1,-1,1,-1,1,-1,-1,1,-1,1,1,1,-1,-1,-1,1,1,-1,1,-1,-1,-1,1,1,1,-1,1,1,-1,1,1,1,1,1,1,1,-1,-1,-1,1,-1,1,1,1,-1,1,1,-1,1,-1,-1,-1,1,1,-1,1,1,-1,-1,1,1,-1,1,1,-1,-1,-1,1,-1,-1,-1,-1,1,-1,1,-1,-1,-1,-1,-1,-1,1,-1,1,1,1,1,-1,1,-1,1,1,-1,1,-1,1,-1,-1,1,-1,1,-1,-1,1,1,1,1,1,1,-1,1,1,1,-1,1,-1,1,1,1,1,-1,-1,-1,1,1,1,1,-1,1,-1,1,-1,1,-1,1,1,-1,-1,1,1,-1,-1,1,-1,-1,1,1,-1,1,1,1,-1,1,1,1,1,1,1,-1,1,-1,1,-1,1,1,-1,1,1,1,1,1,1,-1,1,-1,1,-1,1,1,-1,1,1,-1,1,1,1,1,1,1,1,1,1,1,-1,1,1,-1,-1,1,-1,-1,1,1,1,-1,1,-1,-1,1,-1,-1,1,1,-1,-1,1,-1,1,-1,-1,1,-1,1,-1,1,-1,1,-1,-1,1,-1,1,-1,1,-1,-1,1,-1,1,-1,1,-1,-1,1,-1,1,-1,-1,-1,-1,1,1,1,1,1,-1,1,1,-1,1,1,1,1,-1,1,-1,1,-1,1,-1,-1,1,1,-1,1,1,-1,1,1,1,-1,1,1,1,-1,1,-1,-1,1,1,-1,1,1,-1,1,-1,-1,1,-1,1,1,-1,1,1,-1,-1,1,1,-1,1,1,-1,-1,-1,1,1,1,1,-1,1,1,1,-1,1,1,-1,-1,1,-1,1,1,-1,-1,1,-1,1,-1,1,1,-1,1,-1,-1,1,1,1,-1,-1,-1,-1,-1,1,-1,-1,-1,1,-1,1,1,-1,-1,-1,1,-1,1,1,1,-1,1,1,-1,1,1,1,-1,1,-1,1,1,1,-1,-1,1,-1,-1,1,1,1,1,-1,1,-1,1,1,1,-1,1,-1,-1,1,1,1,1,-1,1,-1,1,1,1,1,1,-1,-1,1,1,-1,1,1,-1,-1,-1,1,-1,1,-1,-1,-1,1,-1,1,1,1,-1,-1,-1,1,-1,1,1,-1,-1,1,1,-1,1,1,-1,1,1,1,-1,1,1,-1,1,-1,1,1,1,1,-1,1,-1,1,1,1,-1,1,-1,1,1,1,1,-1,1,1,-1,1,1,-1,1,1,-1,-1,1,-1,1,1,-1,1,-1,1,-1,1,-1,-1,1,-1,1,-1,1,-1,1,-1,-1,-1,1,1,-1,-1,1,-1,-1,-1,1,1,-1,1,-1,-1,-1,1,1,-1,1,-1,-1,1,-1,-1,-1,-1,1,-1,1,-1,-1,1,1,-1,1,1,-1,-1,1,-1,-1,-1,-1,1,-1,1,1,-1,1,-1,1,-1,-1,-1,1,-1,-1,-1,-1,1,-1,-1,1,1,-1,1,1,-1,1,1,-1,-1,-1,1,-1,1,1,1,1,-1,1,-1,-1,1,1,-1,1,1,-1,1,1,1,-1,-1,1,-1,1,1,-1,-1,-1,1,-1,-1,1,1,-1,1,1,1,-1,1,-1,1,-1,1,-1,-1,1,-2664.0,1,2000,445,1500,True
2152,1,1,-1,-1,1,1,-1,1,1,1,1,-1,1,1,1,1,-1,1,-1,-1,-1,1,1,1,1,-1,-1,-1,1,1,1,1,-1,-1,-1,1,-1,1,1,1,-1,-1,1,1,1,1,1,-1,1,-1,1,1,-1,1,-1,-1,1,-1,1,1,1,-1,-1,-1,1,1,1,1,-1,-1,1,-1,1,1,1,-1,-1,1,-1,1,1,-1,-1,-1,-1,1,1,1,-1,-1,1,1,-1,1,1,-1,-1,-1,-1,-1,1,1,-1,-1,1,-1,-1,1,1,-1,-1,-1,-1,-1,1,1,-1,-1,1,-1,-1,1,1,1,-1,-1,-1,-1,1,1,1,-1,1,-1,-1,1,1,1,-1,1,-1,-1,-1,1,1,-1,1,-1,-1,-1,1,1,-1,-1,1,-1,-1,1,1,-1,1,1,-1,-1,1,1,-1,1,1,-1,1,1,-1,-1,1,-1,-1,1,1,-1,1,-1,1,-1,-1,1,-1,1,1,-1,-1,-1,1,1,1,1,1,-1,-1,1,-1,1,1,1,-1,-1,1,1,-1,1,1,-1,1,1,-1,1,1,1,-1,1,1,1,1,1,1,1,-1,1,-1,-1,1,1,1,-1,1,1,-1,1,1,-1,-1,1,-1,-1,1,1,1,-1,1,1,-1,1,1,-1,1,1,-1,1,1,1,-1,-1,1,-1,1,-1,1,1,1,1,-1,1,-1,1,1,1,1,-1,1,-1,1,1,1,1,-1,-1,1,1,1,1,1,1,-1,1,1,1,-1,1,1,1,-1,1,1,1,1,-1,1,-1,1,1,1,-1,1,1,1,1,1,1,1,-1,-1,-1,1,-1,1,1,1,1,-1,1,1,1,1,1,1,1,1,1,1,1,1,-1,-1,1,1,1,1,1,-1,1,1,1,1,-1,1,1,-1,1,1,1,1,1,-1,1,1,1,1,1,1,-1,1,-1,1,1,1,1,-1,1,-1,1,1,1,1,-1,1,-1,1,-1,-1,1,-1,1,1,-1,1,1,1,1,1,1,-1,1,-1,1,-1,1,-1,-1,1,-1,-1,-1,1,1,-1,1,-1,1,-1,1,-1,1,-1,1,1,1,1,-1,1,-1,1,1,-1,1,-1,-1,-1,-1,1,1,1,1,-1,-1,1,-1,1,1,-1,-1,1,-1,-1,1,-1,1,-1,1,-1,1,1,1,-1,-1,1,1,-1,1,-1,1,-1,-1,1,-1,1,1,-1,-1,-1,1,-1,-1,1,1,-1,-1,1,-1,1,1,-1,1,-1,1,-1,-1,1,1,-1,-1,1,-1,1,1,-1,-1,1,1,-1,1,-1,1,-1,1,-1,1,1,-1,1,-1,1,-1,-1,1,-1,-1,-1,1,-1,-1,1,1,1,-1,1,-1,-1,1,-1,-1,1,-1,1,-1,1,1,1,-1,1,1,-1,1,-1,1,-1,1,-1,-1,1,-1,1,1,1,1,-1,-1,1,1,-1,1,1,-1,1,1,1,1,-1,1,1,-1,1,1,1,1,1,-1,1,-1,1,1,-1,1,-1,1,1,-1,1,-1,-1,1,-1,-1,1,-1,-1,-1,1,1,-1,-1,1,-1,-1,1,1,-1,-1,1,-1,-1,-1,-1,-1,-1,1,-1,-1,-1,-1,-1,-1,1,-1,-1,1,1,1,1,1,-1,1,1,1,-1,-1,1,-1,-1,-1,1,-1,-1,1,1,-1,1,1,1,-1,1,1,-1,-1,1,-1,-1,1,1,-1,-1,1,-1,1,1,-1,-1,1,1,-1,1,1,-1,-1,1,-1,1,1,1,1,-1,1,1,-1,-1,1,1,-1,1,1,1,-1,1,1,-1,-1,1,1,1,1,1,-1,1,1,-1,-1,1,1,-1,-1,1,1,-1,1,1,-1,-1,1,1,-1,1,1,-1,-1,-1,1,-1,1,1,-1,-1,1,1,-1,1,1,1,-1,1,-1,-1,1,-1,1,-1,1,-1,-1,1,-1,-1,-1,1,1,-1,1,1,-1,-1,1,-1,-1,1,-1,-1,1,-1,-1,-1,1,1,-1,-1,1,-1,-1,-1,1,-1,-1,1,-1,-1,-1,1,-1,1,1,-1,-1,-1,1,-1,-1,-1,-1,-1,-1,1,-1,1,-1,-1,-1,-1,-1,-1,1,-1,-1,-1,-1,1,1,-1,1,-1,-1,-1,1,-1,-1,1,-1,-1,-1,-1,-1,1,1,-1,-1,-1,-1,-1,1,-1,-1,-1,1,-1,-1,1,-1,1,-1,-1,-1,-1,-1,-1,-1,1,-1,-1,-1,1,1,-1,-1,-1,-1,1,-1,-1,-1,-1,-1,-1,-1,1,-1,1,-1,-1,-1,-1,1,-1,1,1,-1,1,-1,-1,1,1,-1,-1,-1,-1,-1,-1,1,1,-1,-1,1,-1,1,1,-1,-1,-1,1,-1,-1,1,-1,-1,1,-1,-1,1,1,1,-1,1,-1,1,1,1,-1,-1,1,-1,-1,1,1,1,-1,1,-1,-1,1,1,-1,1,1,-1,-1,1,1,-1,1,1,-1,-1,1,1,-1,1,1,-1,-1,1,1,1,1,-1,1,-1,1,1,1,-1,1,-1,-1,1,-1,1,1,1,1,-1,-1,1,-1,1,1,1,-1,1,-1,1,1,-1,1,-1,1,1,1,1,1,1,1,-1,-1,1,1,1,-1,1,-1,1,1,1,1,1,-1,1,-1,1,1,-1,1,1,-1,1,1,-1,1,1,-1,-1,1,1,1,1,-1,1,-1,-1,1,1,-1,-1,1,-1,1,1,1,-1,1,-1,-1,-1,1,1,-1,-1,1,-1,-1,1,1,1,-1,1,-1,-1,1,1,1,-1,1,-1,-1,1,1,-1,-1,-1,1,-1,1,1,-1,1,1,-1,1,1,-1,-1,1,-1,-1,-1,1,1,-1,1,1,-1,1,1,-1,-1,1,-1,1,-1,-1,-1,-1,1,-1,-1,1,1,-1,1,1,-1,1,1,1,1,-1,1,-1,1,1,1,-1,-1,1,-1,-1,1,1,-1,-1,1,-1,1,1,1,-1,-1,1,-1,1,1,1,1,-1,1,-1,-1,1,1,1,-1,-1,1,-1,1,-1,1,-1,1,-1,-1,1,-2664.0,1,2000,445,0,False
2153,1,1,-1,-1,1,1,-1,1,1,1,1,-1,-1,1,1,1,-1,1,-1,-1,-1,1,1,1,1,-1,-1,-1,1,1,1,1,-1,-1,-1,1,-1,1,1,1,-1,-1,1,1,1,1,1,-1,1,-1,1,1,-1,1,-1,-1,1,-1,1,1,1,-1,-1,-1,1,1,1,1,-1,-1,1,-1,1,1,1,-1,-1,1,-1,1,1,-1,-1,-1,-1,1,1,1,-1,-1,-1,1,-1,1,1,-1,-1,1,-1,1,1,1,-1,-1,1,-1,-1,1,1,-1,-1,-1,-1,-1,1,1,-1,-1,1,-1,-1,1,1,1,-1,-1,-1,-1,1,1,1,-1,1,-1,-1,1,1,1,-1,1,-1,-1,1,1,1,-1,1,-1,-1,-1,1,1,-1,-1,1,-1,-1,1,1,-1,1,-1,-1,-1,1,1,-1,1,1,-1,1,1,-1,-1,1,-1,-1,1,1,-1,1,-1,1,-1,1,1,-1,1,1,-1,-1,-1,1,1,1,1,1,-1,1,1,-1,1,1,1,-1,1,1,1,-1,1,1,-1,1,1,-1,1,1,1,-1,1,1,1,1,1,1,1,-1,1,-1,-1,1,1,-1,-1,1,1,-1,1,1,-1,-1,1,-1,1,1,1,1,-1,1,1,-1,1,1,-1,1,1,-1,1,1,1,-1,-1,1,-1,1,-1,1,1,1,1,-1,1,-1,1,1,1,1,-1,1,-1,1,1,1,1,-1,-1,1,1,1,1,1,1,-1,1,1,-1,-1,1,1,-1,-1,1,1,1,1,-1,1,-1,-1,1,1,-1,1,-1,-1,-1,1,1,1,-1,1,-1,1,-1,1,1,1,1,-1,1,1,1,1,1,1,-1,1,1,1,1,1,1,1,1,1,1,1,1,-1,1,1,1,-1,1,1,-1,1,1,1,-1,1,1,1,-1,1,-1,1,1,1,1,-1,1,1,-1,1,1,1,-1,1,1,-1,1,1,-1,-1,1,1,1,-1,1,1,-1,1,1,-1,1,1,1,1,1,1,1,-1,1,1,-1,1,1,-1,-1,-1,-1,-1,1,1,-1,1,1,-1,-1,1,-1,1,-1,1,1,-1,1,-1,-1,1,1,-1,-1,1,1,1,-1,1,1,1,-1,1,-1,1,-1,1,-1,1,1,-1,-1,-1,1,1,-1,1,-1,1,-1,1,-1,1,1,1,-1,-1,1,1,-1,1,-1,1,-1,1,-1,-1,1,1,1,-1,-1,1,-1,1,1,-1,-1,1,1,1,-1,1,-1,-1,-1,1,-1,1,-1,-1,-1,1,1,1,1,-1,1,-1,1,-1,-1,1,-1,-1,1,1,1,-1,1,-1,-1,-1,1,-1,1,1,-1,-1,-1,1,1,-1,1,1,-1,-1,1,-1,1,-1,1,-1,-1,1,-1,-1,-1,1,-1,-1,1,-1,1,-1,1,-1,-1,1,-1,-1,1,1,-1,-1,-1,1,-1,1,1,-1,-1,1,1,-1,-1,1,1,1,-1,1,-1,1,-1,1,-1,1,-1,1,1,-1,1,-1,1,1,-1,1,-1,1,-1,1,1,1,-1,-1,-1,-1,-1,1,-1,1,-1,-1,-1,1,1,-1,1,-1,-1,-1,1,1,-1,1,-1,-1,-1,1,1,-1,1,-1,-1,-1,-1,1,1,1,-1,1,-1,-1,1,-1,1,-1,-1,1,-1,1,-1,1,1,-1,-1,-1,-1,-1,1,1,-1,1,-1,1,-1,1,1,-1,-1,-1,-1,1,1,-1,-1,-1,-1,-1,1,1,-1,1,-1,1,1,1,1,1,-1,-1,-1,-1,-1,1,-1,1,-1,-1,1,-1,1,1,-1,1,-1,-1,1,1,1,-1,1,-1,1,-1,1,1,-1,-1,-1,-1,-1,1,1,-1,1,-1,1,-1,1,1,-1,-1,1,-1,-1,1,1,-1,-1,-1,1,-1,1,1,1,-1,1,-1,-1,-1,-1,1,-1,1,-1,-1,1,-1,-1,1,-1,1,-1,-1,1,-1,1,-1,1,-1,1,-1,1,-1,1,-1,-1,-1,1,-1,1,-1,-1,-1,-1,1,-1,1,-1,1,-1,-1,1,-1,1,1,-1,-1,-1,-1,1,1,1,1,-1,-1,1,-1,-1,1,1,-1,-1,-1,-1,1,-1,1,-1,-1,1,1,1,1,1,-1,-1,1,-1,-1,1,1,-1,-1,-1,-1,1,-1,1,-1,-1,-1,-1,-1,1,-1,-1,1,-1,-1,1,-1,1,-1,-1,-1,-1,-1,1,1,1,-1,-1,-1,1,1,1,-1,-1,-1,1,-1,-1,1,-1,-1,-1,-1,1,1,1,-1,-1,-1,-1,1,-1,1,1,-1,1,-1,-1,1,1,-1,-1,-1,-1,-1,-1,1,1,-1,-1,1,-1,1,1,-1,-1,-1,1,-1,1,1,-1,-1,1,-1,-1,1,1,1,-1,1,-1,1,1,1,-1,-1,1,-1,-1,1,1,1,-1,1,-1,-1,1,1,-1,1,1,-1,-1,1,1,-1,1,1,-1,-1,1,1,-1,1,1,-1,-1,1,1,1,1,1,1,-1,1,1,1,-1,1,-1,-1,1,-1,1,1,1,1,-1,-1,1,-1,1,1,1,-1,1,-1,1,1,-1,1,-1,1,1,1,1,1,1,-1,-1,-1,1,1,1,-1,1,-1,1,1,1,1,1,-1,1,-1,1,1,-1,-1,1,-1,1,1,-1,1,-1,-1,-1,1,1,1,-1,1,-1,-1,-1,1,1,-1,-1,1,-1,1,1,1,-1,-1,1,-1,-1,1,1,-1,1,-1,-1,-1,1,1,-1,1,-1,1,-1,1,1,1,1,1,-1,-1,1,1,-1,-1,1,1,-1,1,1,-1,1,-1,-1,1,1,-1,-1,1,-1,-1,-1,1,1,-1,1,1,-1,1,1,-1,-1,-1,1,-1,-1,-1,-1,-1,1,-1,1,1,1,-1,1,1,1,-1,1,1,1,-1,1,1,-1,1,1,-1,-1,1,1,1,1,1,-1,-1,-1,1,-1,1,1,-1,-1,1,1,-1,1,1,1,-1,1,1,1,1,1,-1,-1,-1,1,-1,1,1,1,-1,1,-1,1,1,-2664.0,1,2000,445,1000,True
2154,1,1,-1,-1,1,1,-1,1,1,1,1,-1,-1,1,1,1,-1,1,-1,-1,1,1,1,1,1,-1,-1,-1,1,1,1,1,-1,-1,-1,1,-1,1,1,1,-1,-1,1,1,1,1,1,-1,1,-1,1,1,-1,1,-1,-1,-1,-1,1,1,1,-1,-1,1,1,1,1,1,-1,-1,1,-1,1,1,1,-1,-1,1,-1,1,1,-1,-1,-1,-1,1,1,1,-1,-1,-1,-1,-1,1,1,-1,-1,1,-1,-1,1,1,-1,-1,1,-1,-1,1,1,-1,-1,1,-1,-1,1,1,-1,-1,1,-1,-1,1,1,1,-1,-1,-1,-1,1,1,1,-1,1,-1,-1,1,1,1,-1,-1,-1,-1,-1,1,1,-1,1,-1,-1,-1,1,1,-1,-1,1,-1,-1,1,1,-1,1,-1,-1,-1,1,1,-1,1,1,-1,1,1,-1,-1,1,-1,-1,1,1,-1,1,-1,1,-1,1,1,-1,1,1,-1,-1,-1,1,1,1,1,1,-1,-1,1,-1,1,1,1,-1,-1,1,1,-1,1,1,-1,1,1,-1,1,1,1,-1,1,1,1,1,1,1,1,-1,1,-1,-1,1,1,-1,-1,1,1,1,1,1,-1,-1,1,-1,1,1,1,1,-1,1,1,-1,1,1,-1,1,1,-1,1,1,1,-1,-1,1,-1,1,-1,1,1,1,1,-1,1,-1,1,1,1,1,-1,1,-1,1,1,1,1,-1,-1,1,1,1,1,1,1,-1,1,1,-1,-1,1,1,-1,-1,1,1,1,1,-1,1,-1,1,1,1,-1,1,-1,-1,1,1,1,1,-1,1,-1,1,-1,1,1,1,1,-1,1,1,1,1,1,1,-1,1,1,1,1,1,1,1,1,1,1,1,1,-1,1,1,1,-1,1,1,-1,1,1,1,-1,1,1,1,-1,1,-1,1,1,1,1,-1,1,1,-1,1,1,1,-1,1,1,-1,-1,1,-1,-1,1,1,1,-1,1,1,-1,1,1,-1,-1,1,1,1,1,1,1,1,1,1,-1,1,1,-1,1,-1,-1,-1,1,1,-1,-1,1,-1,-1,1,-1,1,-1,1,1,-1,1,-1,1,-1,1,-1,-1,1,1,1,-1,1,1,1,-1,1,1,1,1,1,-1,1,1,-1,-1,-1,1,1,-1,1,-1,1,-1,1,-1,1,1,-1,1,-1,1,1,-1,1,1,1,-1,1,-1,-1,1,1,1,-1,-1,1,-1,1,1,-1,-1,1,1,1,-1,1,1,-1,-1,1,-1,1,-1,-1,-1,1,1,1,1,-1,1,-1,1,-1,-1,1,-1,-1,-1,1,1,-1,1,-1,-1,-1,1,-1,1,1,-1,-1,-1,1,1,-1,1,1,-1,-1,1,-1,1,-1,1,-1,-1,1,-1,-1,-1,1,-1,-1,-1,1,1,-1,1,-1,-1,1,-1,-1,1,1,-1,-1,-1,1,-1,1,1,-1,-1,-1,1,-1,-1,1,1,1,-1,1,-1,1,-1,1,-1,1,-1,1,1,-1,-1,-1,1,1,-1,1,-1,1,-1,1,1,1,-1,-1,-1,-1,-1,1,1,1,-1,-1,-1,1,1,-1,1,-1,-1,-1,1,1,1,1,-1,-1,-1,1,1,-1,1,-1,-1,-1,-1,1,1,1,-1,1,-1,-1,1,-1,1,-1,-1,1,-1,1,-1,1,1,-1,-1,-1,-1,-1,1,1,-1,1,-1,1,-1,1,1,-1,-1,1,-1,1,1,-1,-1,-1,-1,-1,1,1,-1,1,-1,1,1,1,1,1,-1,-1,-1,-1,-1,1,-1,1,-1,-1,1,-1,1,1,-1,1,-1,-1,1,1,1,-1,1,-1,1,-1,1,1,-1,1,-1,-1,-1,1,1,-1,1,-1,1,-1,1,1,-1,-1,1,-1,-1,1,1,-1,-1,-1,1,-1,1,1,-1,-1,1,-1,-1,1,-1,1,-1,1,-1,-1,1,-1,-1,1,-1,1,-1,1,1,-1,1,-1,1,-1,1,-1,1,-1,1,-1,-1,1,1,-1,1,-1,-1,-1,-1,1,-1,1,-1,1,-1,-1,1,-1,1,1,-1,-1,-1,-1,1,1,1,1,-1,-1,1,-1,-1,1,1,-1,-1,-1,-1,1,1,-1,-1,-1,1,1,1,-1,1,-1,-1,1,-1,-1,-1,1,-1,-1,-1,-1,1,-1,1,-1,-1,-1,-1,-1,1,-1,-1,1,-1,-1,1,-1,1,-1,-1,-1,-1,1,-1,1,1,-1,-1,-1,1,1,1,-1,-1,-1,1,1,-1,1,-1,-1,-1,-1,-1,1,1,-1,-1,-1,-1,1,-1,1,1,-1,1,-1,-1,1,1,-1,-1,-1,-1,-1,-1,1,1,-1,-1,1,-1,1,1,-1,-1,-1,1,-1,1,1,-1,-1,1,-1,-1,1,1,1,-1,1,-1,1,1,1,-1,-1,1,-1,-1,1,1,1,-1,1,-1,-1,1,1,-1,1,1,-1,-1,1,1,1,1,1,-1,-1,1,1,-1,1,1,-1,-1,1,1,1,1,-1,1,-1,-1,1,1,-1,1,-1,-1,1,-1,1,1,1,1,-1,-1,1,-1,1,-1,1,-1,1,1,1,1,-1,1,-1,1,1,1,1,1,1,-1,-1,1,1,1,1,-1,1,-1,1,1,1,1,1,-1,1,1,1,1,-1,-1,1,-1,1,1,-1,1,-1,-1,-1,1,1,1,-1,1,-1,-1,1,1,1,-1,-1,-1,-1,1,1,1,-1,-1,1,-1,-1,1,1,-1,1,-1,-1,-1,1,1,-1,1,-1,1,-1,1,1,1,1,1,-1,-1,1,1,-1,-1,1,1,-1,1,1,-1,1,-1,-1,1,1,-1,-1,1,-1,-1,-1,1,1,-1,1,1,-1,1,1,-1,-1,-1,1,-1,-1,-1,-1,-1,1,-1,1,-1,1,-1,1,1,1,-1,1,1,1,-1,1,1,-1,1,1,1,-1,1,1,1,1,1,1,-1,-1,1,-1,1,1,1,-1,1,1,-1,1,-1,-1,-1,1,1,1,1,1,-1,-1,-1,1,-1,1,-1,1,-1,1,-1,1,1,-2664.0,1,2000,445,1000,True
2155,1,1,-1,-1,1,1,-1,-1,1,1,1,-1,-1,1,1,1,-1,1,-1,-1,-1,-1,1,1,1,-1,-1,-1,1,1,1,1,-1,-1,-1,-1,1,1,1,1,-1,-1,-1,1,1,1,1,-1,1,1,1,1,-1,1,-1,-1,1,-1,1,1,1,-1,-1,-1,1,1,1,1,-1,-1,-1,1,1,1,1,-1,-1,-1,1,1,1,-1,-1,-1,1,1,1,1,-1,-1,-1,1,1,1,1,-1,-1,1,1,-1,1,1,-1,-1,1,1,1,1,1,-1,-1,-1,1,1,1,1,-1,-1,1,1,1,1,1,1,-1,-1,1,1,-1,1,1,-1,1,1,1,1,1,1,-1,1,1,1,1,1,1,-1,1,1,1,1,1,1,-1,-1,-1,1,1,1,1,-1,1,1,1,1,-1,1,-1,1,-1,1,1,1,-1,-1,1,1,1,1,1,-1,1,-1,-1,1,-1,1,-1,1,1,1,1,1,1,1,1,1,-1,1,-1,1,-1,1,1,-1,1,-1,1,1,-1,1,-1,1,-1,1,1,1,1,-1,-1,-1,1,-1,1,1,-1,-1,1,1,-1,-1,1,-1,1,-1,1,-1,-1,1,-1,1,-1,1,-1,1,1,-1,-1,-1,1,-1,-1,1,-1,1,1,1,-1,1,1,-1,1,-1,1,-1,1,-1,1,-1,1,1,-1,1,-1,-1,-1,1,1,-1,1,-1,-1,-1,1,1,1,-1,1,1,-1,-1,1,1,-1,1,1,-1,1,1,1,1,-1,1,-1,1,1,1,-1,-1,1,1,-1,1,-1,1,1,1,-1,-1,1,-1,-1,-1,1,1,-1,1,1,1,-1,1,-1,1,1,1,1,1,1,-1,1,1,1,-1,1,1,-1,1,1,1,-1,1,1,-1,-1,1,1,1,-1,1,-1,1,1,1,-1,1,1,-1,1,1,1,-1,1,-1,-1,1,1,1,-1,1,-1,-1,-1,1,1,-1,1,-1,-1,1,-1,1,-1,1,1,-1,-1,1,1,1,1,1,-1,-1,1,1,-1,1,-1,-1,-1,-1,-1,-1,1,-1,-1,-1,1,1,-1,1,-1,-1,-1,1,1,1,1,-1,-1,1,1,1,-1,1,-1,-1,-1,-1,1,1,1,1,-1,-1,1,1,1,1,-1,-1,1,-1,-1,1,-1,1,-1,-1,1,-1,1,1,-1,-1,1,1,-1,1,-1,1,-1,-1,1,-1,1,1,-1,-1,-1,1,-1,-1,1,1,-1,-1,1,-1,1,1,-1,1,-1,1,-1,-1,1,1,-1,-1,1,-1,1,1,-1,-1,1,1,-1,1,-1,1,-1,1,-1,-1,1,-1,1,-1,1,-1,-1,1,-1,-1,-1,1,-1,-1,1,-1,1,-1,1,-1,-1,1,-1,-1,1,-1,1,-1,1,1,1,-1,1,1,-1,-1,1,1,-1,1,-1,-1,1,1,1,1,1,1,-1,-1,1,1,-1,1,1,1,-1,1,1,1,-1,1,1,-1,1,1,1,1,1,-1,1,-1,-1,-1,1,-1,1,1,-1,1,-1,1,-1,1,-1,-1,-1,1,1,-1,1,1,-1,-1,-1,1,-1,1,1,-1,1,-1,1,-1,-1,-1,-1,-1,-1,1,-1,-1,-1,-1,-1,-1,1,-1,1,1,1,1,-1,1,-1,1,1,-1,-1,-1,1,-1,-1,1,-1,1,-1,-1,1,1,1,1,-1,-1,1,1,1,1,-1,1,-1,-1,1,1,1,-1,-1,-1,1,1,1,1,-1,-1,-1,1,-1,1,-1,1,-1,-1,-1,1,1,1,-1,-1,-1,-1,1,1,1,1,-1,-1,-1,1,1,1,1,-1,-1,-1,1,1,1,-1,-1,-1,-1,1,1,1,1,-1,-1,1,1,1,1,1,-1,-1,-1,1,1,-1,1,-1,-1,-1,1,1,1,1,-1,-1,1,1,1,1,-1,-1,1,1,-1,1,1,-1,-1,-1,1,1,1,1,1,-1,1,1,1,1,1,-1,-1,-1,1,-1,1,-1,-1,-1,-1,1,-1,1,1,-1,-1,-1,1,-1,1,1,-1,-1,-1,1,1,1,1,-1,-1,-1,1,-1,1,1,-1,-1,-1,1,1,-1,-1,-1,-1,-1,1,-1,1,-1,-1,-1,-1,-1,-1,-1,1,-1,-1,-1,1,-1,-1,1,-1,-1,-1,-1,-1,1,1,-1,-1,-1,-1,-1,1,-1,-1,-1,1,-1,-1,1,-1,1,-1,-1,-1,-1,-1,-1,-1,1,-1,-1,-1,1,1,-1,-1,-1,-1,1,-1,-1,-1,-1,1,-1,-1,1,1,1,-1,-1,-1,-1,1,-1,1,1,-1,1,-1,-1,1,1,-1,-1,-1,-1,-1,-1,1,1,-1,-1,1,-1,1,1,-1,-1,-1,-1,-1,1,1,-1,-1,-1,1,-1,1,1,1,-1,-1,-1,1,1,1,-1,-1,1,-1,-1,1,1,1,-1,1,-1,-1,1,1,-1,1,-1,-1,-1,1,1,-1,1,1,1,-1,1,1,-1,1,1,1,-1,1,1,1,1,1,1,-1,-1,1,1,-1,1,-1,-1,1,-1,1,1,1,1,-1,-1,1,-1,1,-1,1,-1,1,1,1,1,-1,1,-1,1,1,1,1,1,1,1,-1,1,1,1,1,-1,1,-1,1,1,1,1,1,-1,1,1,1,1,-1,1,1,-1,1,1,-1,1,1,-1,-1,1,1,1,1,-1,1,-1,1,1,1,-1,-1,1,-1,1,1,1,-1,1,-1,-1,-1,1,1,-1,-1,1,-1,-1,1,1,-1,-1,1,-1,-1,1,1,1,-1,1,-1,-1,1,1,-1,-1,-1,1,-1,1,1,-1,1,1,-1,1,1,-1,-1,1,-1,-1,-1,1,1,-1,1,1,-1,1,1,-1,-1,-1,-1,1,-1,-1,-1,-1,-1,-1,-1,1,1,-1,1,1,-1,1,1,1,1,-1,1,-1,1,1,1,-1,-1,1,-1,-1,-1,1,-1,-1,1,-1,1,1,1,-1,-1,1,-1,1,1,1,1,-1,1,-1,-1,1,1,-1,-1,-1,1,-1,1,-1,1,-1,1,-1,-1,1,-2664.0,1,2000,445,1500,False
2156,1,1,-1,-1,1,1,-1,1,1,1,1,-1,1,1,1,1,-1,1,-1,-1,-1,1,1,1,1,1,-1,-1,1,1,1,1,-1,-1,-1,1,-1,1,1,1,-1,-1,1,1,1,1,1,1,-1,-1,1,1,-1,1,-1,-1,1,-1,1,1,1,-1,-1,-1,1,1,1,1,1,-1,1,-1,1,1,1,1,-1,1,-1,1,1,-1,1,-1,-1,1,1,1,1,-1,1,1,-1,1,1,1,1,-1,-1,1,1,1,1,1,1,-1,-1,1,1,1,1,-1,-1,-1,1,1,1,1,1,-1,-1,1,1,1,1,-1,-1,-1,1,1,1,1,1,-1,-1,1,1,1,1,1,-1,-1,1,1,1,1,1,-1,-1,-1,1,1,1,1,1,-1,-1,1,1,1,1,-1,-1,-1,1,-1,1,1,1,-1,1,-1,1,1,1,-1,-1,1,1,1,1,-1,1,-1,1,-1,1,1,1,-1,-1,1,-1,1,1,1,1,-1,1,-1,1,-1,1,1,-1,1,1,1,1,1,1,-1,1,-1,1,-1,1,1,-1,1,-1,1,1,1,1,1,-1,1,-1,1,1,1,1,1,-1,1,1,1,1,-1,1,-1,1,-1,1,1,1,1,-1,-1,1,1,1,-1,-1,-1,1,-1,1,1,-1,1,-1,1,1,-1,1,1,-1,-1,1,1,-1,1,1,-1,-1,1,1,-1,1,1,1,-1,1,1,1,1,1,1,-1,1,1,1,1,1,-1,-1,-1,1,-1,1,1,-1,-1,1,1,-1,1,1,1,-1,-1,1,1,1,1,1,-1,1,1,-1,1,-1,1,-1,1,1,-1,1,1,1,-1,1,-1,-1,1,1,-1,-1,1,-1,1,1,1,-1,1,-1,-1,1,1,1,-1,1,1,1,-1,1,1,1,1,1,-1,1,1,1,1,1,1,-1,1,1,1,-1,1,1,-1,1,1,1,1,-1,1,1,1,1,1,1,-1,1,-1,1,-1,1,1,-1,1,-1,-1,-1,1,1,-1,1,-1,1,1,1,1,1,-1,-1,1,1,1,1,-1,1,-1,1,1,-1,1,-1,1,-1,1,1,1,1,-1,-1,1,1,1,1,1,-1,1,-1,-1,-1,1,1,1,-1,-1,1,1,1,1,-1,-1,1,-1,1,1,-1,1,-1,-1,1,1,1,1,1,-1,1,-1,-1,1,-1,1,-1,-1,-1,-1,1,-1,1,-1,-1,1,-1,1,-1,1,-1,1,-1,1,1,-1,1,-1,-1,1,-1,1,-1,-1,-1,-1,-1,1,1,-1,1,-1,-1,1,1,1,-1,-1,1,-1,1,1,-1,-1,-1,-1,-1,-1,1,1,-1,-1,1,-1,1,-1,1,-1,-1,-1,1,-1,1,-1,-1,-1,-1,1,-1,-1,-1,-1,-1,-1,-1,-1,1,-1,1,-1,-1,1,-1,-1,1,1,-1,-1,-1,-1,-1,1,1,-1,1,-1,1,-1,-1,-1,1,1,-1,1,-1,1,1,1,-1,1,-1,1,1,-1,-1,1,1,1,-1,1,-1,1,-1,1,1,1,-1,-1,-1,-1,-1,1,-1,1,-1,-1,-1,1,1,-1,1,-1,-1,-1,1,1,-1,1,-1,-1,1,1,1,-1,1,-1,-1,-1,-1,1,1,1,-1,1,-1,-1,1,-1,1,-1,-1,1,1,-1,-1,1,1,-1,-1,-1,-1,-1,1,1,-1,-1,-1,1,-1,1,1,-1,-1,1,-1,1,1,-1,-1,-1,-1,-1,1,1,-1,1,-1,-1,1,1,1,1,-1,-1,-1,-1,-1,1,1,-1,-1,-1,1,-1,1,1,-1,-1,-1,-1,1,1,1,-1,1,-1,1,-1,1,1,-1,-1,1,1,-1,1,1,-1,-1,-1,1,-1,1,1,-1,-1,1,1,-1,1,1,-1,-1,-1,1,-1,1,-1,1,-1,1,-1,-1,-1,-1,1,-1,1,1,-1,1,-1,1,-1,1,1,-1,-1,-1,-1,-1,1,-1,-1,1,-1,1,-1,1,-1,-1,-1,1,-1,-1,1,1,-1,-1,-1,1,-1,1,1,-1,-1,-1,-1,-1,1,-1,-1,-1,-1,1,1,1,1,-1,-1,1,1,-1,1,1,-1,-1,-1,1,-1,-1,1,-1,-1,-1,1,1,-1,1,-1,-1,-1,1,1,-1,1,-1,-1,-1,1,-1,-1,1,-1,-1,1,1,-1,1,-1,-1,-1,1,1,1,-1,1,-1,1,1,1,1,-1,1,1,-1,1,1,1,1,1,-1,-1,1,1,1,-1,1,-1,-1,1,1,-1,1,1,-1,1,1,1,1,-1,1,1,-1,1,1,-1,1,1,-1,-1,1,1,-1,-1,1,1,-1,1,1,-1,1,1,-1,-1,-1,-1,-1,1,1,-1,-1,1,1,-1,1,1,1,-1,1,-1,1,1,1,-1,1,1,-1,-1,1,1,-1,-1,-1,1,-1,1,1,-1,1,-1,-1,-1,1,1,-1,-1,-1,1,-1,1,1,-1,-1,-1,-1,-1,1,1,1,-1,-1,-1,-1,1,1,-1,-1,-1,-1,-1,1,-1,1,-1,-1,-1,1,1,1,1,-1,-1,-1,-1,1,1,1,-1,1,-1,1,1,1,1,-1,-1,-1,1,-1,1,-1,-1,-1,-1,1,-1,1,-1,-1,-1,-1,1,1,1,1,-1,-1,1,-1,1,1,-1,1,-1,1,1,1,1,1,-1,1,-1,1,1,1,1,-1,1,-1,1,-1,1,1,-1,-1,1,-1,1,1,1,-1,1,-1,1,1,-1,1,-1,1,-1,1,1,-1,1,-1,1,-1,1,-1,1,1,-1,-1,-1,-1,-1,1,1,1,-1,1,1,1,1,1,-1,-1,1,1,1,1,1,-1,-1,1,-1,1,1,1,-1,-1,-1,-1,-1,-1,-1,-1,-1,1,-1,1,1,1,-1,1,1,-1,-1,1,1,-1,-1,1,-1,1,1,1,-1,-1,1,-1,1,1,1,-1,-1,1,-1,1,1,1,-1,-1,1,-1,1,-1,1,1,-1,1,-1,-1,1,1,1,-1,-1,-1,1,1,-1,1,-1,1,-1,-1,1,-2664.0,1,2000,445,1000,True
2157,1,1,-1,-1,1,1,-1,1,1,1,1,-1,1,1,1,1,-1,1,-1,-1,-1,1,1,1,1,-1,1,-1,1,1,1,1,1,-1,-1,1,-1,1,1,1,-1,-1,1,1,1,1,1,-1,1,-1,1,1,-1,1,-1,-1,1,-1,1,1,-1,-1,-1,1,1,1,1,1,-1,-1,1,-1,1,1,1,-1,-1,1,-1,1,1,-1,-1,-1,-1,1,1,1,-1,-1,-1,1,-1,1,1,-1,-1,1,-1,1,1,1,-1,-1,1,-1,-1,1,1,-1,-1,1,-1,-1,1,1,1,-1,1,-1,-1,1,1,1,-1,-1,-1,-1,1,1,-1,-1,-1,-1,-1,1,1,1,-1,-1,-1,-1,1,1,1,-1,1,-1,-1,-1,1,1,-1,-1,1,-1,-1,1,1,-1,-1,1,-1,-1,1,1,-1,-1,1,-1,1,1,-1,-1,-1,-1,-1,1,1,-1,-1,1,1,-1,1,1,-1,-1,-1,-1,-1,-1,1,-1,-1,-1,1,-1,1,1,-1,1,-1,1,-1,1,1,-1,-1,-1,1,-1,1,1,1,-1,-1,1,-1,1,1,1,-1,-1,1,1,-1,1,-1,-1,-1,1,-1,-1,1,-1,-1,-1,1,-1,-1,1,-1,1,-1,1,1,-1,1,-1,1,-1,1,-1,1,1,1,-1,-1,1,-1,-1,-1,1,-1,-1,1,1,1,1,1,-1,1,1,1,1,1,1,-1,1,1,1,1,1,1,-1,-1,1,1,1,1,1,1,-1,1,-1,-1,1,-1,1,1,1,1,1,1,1,1,-1,1,1,1,-1,1,1,1,1,1,1,1,-1,1,1,1,-1,1,1,1,-1,1,1,1,1,1,1,-1,1,1,1,1,1,1,1,-1,1,1,1,1,-1,-1,1,1,1,-1,1,-1,1,-1,1,1,-1,1,1,-1,1,1,-1,1,1,1,-1,1,1,1,-1,1,1,-1,1,1,1,-1,1,1,-1,1,1,1,1,-1,1,-1,1,-1,1,-1,1,1,-1,-1,1,1,1,-1,1,-1,1,1,1,-1,-1,-1,-1,1,1,1,-1,1,1,-1,1,1,-1,1,1,1,1,1,1,-1,1,1,1,-1,1,1,1,1,-1,1,1,-1,-1,1,-1,1,-1,1,-1,1,1,-1,-1,-1,1,-1,1,1,-1,1,-1,1,-1,1,1,1,-1,-1,1,-1,-1,1,-1,1,-1,1,-1,-1,-1,1,1,-1,-1,1,-1,1,1,-1,-1,1,1,-1,1,1,-1,-1,1,-1,-1,1,-1,-1,-1,1,-1,1,1,-1,1,-1,1,-1,1,1,-1,-1,1,1,-1,1,1,-1,-1,-1,1,-1,1,1,-1,-1,1,-1,-1,-1,1,1,-1,-1,1,-1,1,-1,1,-1,-1,1,-1,-1,-1,1,-1,-1,1,-1,1,-1,1,-1,-1,1,-1,-1,1,1,-1,-1,-1,1,-1,1,1,-1,1,-1,1,-1,-1,1,1,1,-1,1,-1,1,-1,1,1,1,-1,1,1,-1,-1,1,1,1,-1,1,-1,1,-1,1,1,1,-1,-1,-1,-1,-1,1,1,1,-1,-1,-1,1,1,-1,1,-1,-1,-1,1,1,-1,1,-1,-1,-1,1,1,-1,1,-1,-1,-1,-1,1,1,1,-1,1,-1,-1,1,-1,1,-1,-1,1,1,-1,-1,1,1,-1,-1,-1,-1,-1,1,1,-1,1,-1,1,-1,1,1,-1,-1,1,-1,1,1,-1,-1,-1,-1,-1,1,1,-1,1,-1,-1,1,1,1,1,-1,-1,-1,-1,-1,1,-1,1,-1,-1,1,-1,1,1,-1,1,-1,-1,1,1,1,-1,1,-1,1,-1,1,1,-1,1,-1,-1,-1,1,1,-1,1,-1,1,-1,1,1,-1,-1,1,-1,-1,1,1,-1,-1,-1,1,-1,1,1,1,-1,1,-1,-1,-1,-1,1,-1,1,-1,-1,1,-1,-1,1,1,1,-1,-1,1,-1,1,-1,1,-1,1,-1,1,-1,1,-1,-1,-1,1,-1,1,-1,-1,-1,-1,1,-1,1,-1,1,-1,-1,1,-1,1,1,-1,-1,-1,-1,1,1,1,1,-1,-1,1,-1,-1,1,1,-1,-1,-1,-1,1,-1,1,-1,-1,1,1,-1,1,1,-1,-1,1,-1,-1,1,1,-1,-1,-1,-1,1,-1,1,-1,-1,-1,-1,-1,1,-1,-1,1,-1,-1,1,-1,1,-1,-1,-1,-1,-1,1,1,1,-1,-1,-1,1,1,1,-1,-1,-1,1,-1,-1,1,-1,-1,-1,-1,1,1,1,-1,-1,1,-1,1,-1,1,1,-1,1,-1,-1,1,1,-1,-1,-1,-1,-1,-1,1,1,-1,-1,1,-1,1,1,-1,-1,-1,1,-1,1,1,-1,-1,1,1,-1,1,1,-1,1,-1,-1,1,1,1,-1,-1,1,-1,-1,1,1,1,1,-1,1,-1,1,1,-1,1,-1,-1,-1,1,1,1,1,-1,1,-1,1,1,1,-1,1,-1,-1,1,1,1,1,1,-1,-1,1,1,1,1,-1,-1,-1,1,-1,1,1,1,-1,1,1,1,-1,1,1,-1,-1,1,1,1,1,1,-1,1,1,1,1,1,1,-1,1,-1,-1,1,1,1,-1,1,-1,1,1,1,-1,-1,1,-1,1,1,1,1,1,1,-1,1,1,-1,1,1,-1,-1,-1,1,1,-1,1,1,-1,1,1,1,1,-1,1,-1,1,1,1,1,1,-1,-1,-1,1,1,1,-1,1,-1,-1,1,1,-1,1,1,-1,1,-1,1,1,1,-1,-1,-1,1,1,1,1,-1,1,1,-1,1,1,-1,1,-1,1,1,1,1,-1,1,-1,-1,1,1,1,-1,1,1,1,1,-1,1,1,-1,-1,-1,-1,1,1,-1,1,1,1,1,-1,1,-1,-1,1,1,1,1,1,-1,-1,1,1,1,1,1,1,-1,1,1,1,1,1,1,-1,1,1,1,1,1,-1,-1,1,1,1,-1,1,1,-1,1,1,1,-1,1,-1,1,-1,1,1,-1,1,1,-1,1,1,-2664.0,1,2000,445,1000,True
2158,-1,-1,1,1,1,1,-1,1,-1,-1,-1,1,-1,1,-1,-1,1,-1,1,1,-1,1,-1,-1,-1,1,-1,-1,1,-1,-1,-1,1,1,-1,1,1,-1,-1,-1,1,-1,1,-1,-1,-1,1,1,-1,-1,1,-1,1,1,1,-1,-1,1,-1,-1,1,1,1,1,-1,-1,-1,1,1,-1,1,-1,-1,-1,1,-1,-1,1,-1,1,-1,-1,1,-1,-1,-1,-1,1,1,1,-1,-1,1,-1,1,1,-1,1,-1,1,-1,1,1,-1,1,-1,1,-1,1,1,-1,1,-1,1,-1,1,1,-1,1,-1,1,-1,1,1,-1,1,-1,1,-1,1,1,-1,1,-1,1,-1,1,1,-1,-1,-1,1,-1,1,1,-1,1,-1,-1,1,1,1,-1,-1,1,-1,1,1,1,-1,1,-1,1,-1,1,1,-1,1,1,1,1,1,1,-1,1,-1,1,-1,1,-1,1,-1,-1,1,1,1,-1,1,1,1,1,-1,1,1,1,1,-1,1,-1,1,-1,1,1,-1,1,-1,1,1,-1,1,-1,1,-1,1,-1,1,1,-1,1,-1,1,1,1,1,-1,-1,1,1,-1,-1,1,-1,1,1,-1,1,1,1,-1,1,1,1,-1,1,1,-1,-1,1,1,1,-1,1,-1,1,1,1,-1,1,1,-1,1,-1,1,-1,1,-1,1,-1,1,1,-1,1,-1,-1,1,1,1,-1,1,-1,1,-1,-1,1,-1,-1,1,1,-1,-1,1,1,-1,1,1,-1,1,1,1,-1,-1,1,-1,1,1,-1,1,-1,1,1,-1,1,1,-1,-1,1,-1,-1,1,-1,1,-1,-1,1,-1,1,1,1,-1,1,-1,-1,1,1,-1,-1,1,-1,-1,1,1,1,-1,1,-1,-1,1,1,-1,1,1,-1,1,-1,1,-1,1,1,-1,1,1,1,1,1,1,-1,1,1,1,1,1,-1,-1,1,1,1,1,1,-1,-1,1,-1,1,1,1,-1,-1,1,-1,1,-1,1,1,-1,1,-1,1,1,1,1,-1,-1,1,1,1,-1,-1,-1,1,1,-1,-1,1,1,-1,1,-1,1,-1,1,-1,1,1,-1,1,1,1,-1,1,1,-1,1,-1,1,-1,-1,1,-1,1,1,1,1,-1,1,1,-1,1,1,-1,-1,1,-1,-1,1,-1,1,-1,-1,1,-1,1,1,-1,-1,-1,1,-1,1,-1,1,-1,1,1,-1,1,-1,-1,-1,-1,1,-1,-1,1,1,-1,-1,1,-1,1,1,-1,1,-1,1,-1,1,-1,1,-1,-1,-1,-1,-1,-1,-1,-1,-1,1,-1,1,-1,1,-1,-1,-1,1,1,-1,1,-1,-1,-1,-1,1,-1,-1,-1,-1,-1,1,-1,-1,1,-1,-1,-1,-1,1,-1,-1,1,-1,-1,-1,-1,-1,1,-1,-1,-1,-1,-1,-1,1,-1,1,-1,-1,1,-1,1,1,1,-1,-1,-1,1,1,-1,1,-1,-1,-1,1,1,1,-1,1,1,-1,1,1,1,1,1,1,1,-1,1,1,-1,1,-1,1,-1,-1,1,1,-1,1,-1,-1,1,1,1,-1,1,1,-1,1,1,1,-1,1,1,-1,-1,1,1,-1,-1,-1,-1,1,1,1,-1,-1,-1,-1,1,1,1,-1,1,1,1,-1,1,1,-1,1,1,-1,1,1,1,-1,-1,1,-1,-1,1,1,1,1,1,1,1,1,-1,1,1,1,-1,1,1,1,1,1,1,-1,1,-1,1,1,1,1,-1,-1,-1,1,-1,1,-1,1,-1,-1,-1,1,1,1,-1,1,-1,-1,1,1,1,1,1,-1,-1,1,1,1,1,1,-1,-1,1,-1,1,-1,1,-1,1,1,1,1,1,1,-1,-1,1,-1,1,1,1,-1,-1,1,1,-1,1,1,-1,-1,1,1,1,1,1,-1,1,-1,1,-1,1,1,1,1,-1,1,-1,1,1,-1,1,1,-1,1,1,1,1,-1,1,-1,1,-1,1,-1,1,-1,-1,1,-1,1,1,-1,1,-1,1,1,1,1,-1,1,-1,1,1,1,1,1,1,-1,1,-1,1,1,-1,-1,-1,1,1,1,1,1,1,-1,1,1,1,1,1,-1,1,-1,1,1,1,-1,-1,-1,-1,1,1,-1,1,-1,1,-1,1,1,1,-1,-1,-1,-1,1,1,-1,-1,-1,-1,1,-1,1,-1,-1,-1,1,-1,1,1,-1,-1,-1,1,-1,1,1,-1,-1,-1,1,1,1,1,-1,1,-1,1,-1,1,1,-1,-1,-1,-1,1,1,1,-1,-1,-1,1,-1,1,1,-1,1,-1,-1,1,1,1,-1,-1,-1,-1,-1,1,-1,-1,-1,1,-1,1,1,-1,-1,-1,1,-1,1,1,1,-1,1,-1,-1,1,1,1,-1,1,-1,1,1,1,-1,-1,1,-1,-1,1,1,-1,-1,1,-1,-1,1,1,-1,1,1,-1,-1,1,1,-1,-1,1,-1,-1,1,1,-1,-1,1,-1,-1,1,1,-1,1,-1,1,-1,1,1,-1,-1,1,-1,-1,1,-1,-1,-1,1,1,-1,-1,1,-1,1,-1,1,-1,1,1,-1,1,-1,1,-1,1,1,-1,1,1,1,-1,-1,1,-1,1,1,-1,1,-1,1,-1,1,1,-1,1,-1,1,1,1,-1,-1,1,-1,1,1,-1,1,-1,-1,-1,1,-1,1,-1,1,-1,-1,1,-1,1,-1,-1,-1,-1,1,-1,1,-1,-1,-1,-1,-1,1,1,-1,1,-1,-1,1,-1,1,-1,-1,1,-1,1,-1,1,1,1,1,-1,-1,1,1,-1,-1,1,1,1,1,1,-1,1,-1,-1,1,1,-1,-1,1,-1,-1,-1,-1,1,-1,1,-1,1,1,1,-1,-1,-1,-1,1,-1,-1,-1,-1,1,-1,1,1,1,-1,1,1,-1,1,1,1,1,-1,1,-1,1,1,1,1,-1,1,-1,1,1,1,1,-1,1,-1,1,1,1,1,-1,1,-1,1,1,1,-1,-1,1,-1,-1,1,1,-1,-1,-1,1,-1,1,-1,1,-1,1,-1,-1,1,-2664.0,1,2000,445,1500,True
2159,-1,-1,1,1,1,1,-1,1,-1,-1,-1,1,-1,1,-1,-1,1,-1,1,1,1,1,-1,-1,-1,1,-1,-1,-1,-1,-1,-1,1,1,-1,1,1,-1,-1,-1,1,-1,1,-1,-1,-1,-1,-1,1,-1,1,-1,1,-1,1,-1,-1,1,-1,-1,-1,1,1,1,-1,-1,-1,-1,-1,-1,1,-1,-1,-1,-1,-1,-1,1,-1,-1,-1,1,1,-1,-1,-1,-1,-1,-1,1,-1,-1,-1,-1,-1,-1,-1,1,-1,1,-1,-1,-1,-1,1,-1,-1,-1,-1,-1,-1,1,-1,1,-1,-1,-1,-1,1,-1,-1,1,-1,-1,-1,1,-1,-1,1,-1,-1,-1,1,-1,1,-1,-1,-1,-1,-1,-1,-1,1,-1,-1,-1,1,-1,-1,1,-1,-1,-1,-1,1,-1,1,1,-1,-1,1,1,-1,1,-1,-1,-1,1,-1,1,-1,-1,-1,-1,1,-1,1,1,-1,-1,1,-1,1,1,-1,-1,-1,1,1,-1,1,1,-1,1,1,1,-1,1,1,-1,-1,1,1,-1,-1,1,-1,-1,-1,1,-1,1,1,-1,-1,1,1,-1,1,1,-1,1,1,1,-1,-1,1,1,-1,-1,1,-1,1,1,-1,1,-1,1,-1,1,1,-1,-1,1,1,-1,1,1,-1,-1,-1,1,-1,1,1,1,-1,1,1,-1,1,1,-1,-1,1,-1,1,-1,1,1,-1,1,-1,-1,-1,1,-1,-1,1,-1,-1,-1,-1,1,-1,-1,1,1,-1,-1,-1,-1,-1,1,1,-1,1,-1,1,-1,-1,1,-1,-1,1,-1,1,-1,1,1,-1,1,-1,-1,-1,1,-1,-1,1,-1,1,-1,1,1,-1,-1,1,1,-1,1,-1,-1,1,1,-1,-1,1,-1,-1,1,-1,1,-1,1,-1,-1,1,1,-1,1,1,-1,1,-1,1,-1,-1,1,-1,1,1,1,1,1,1,-1,-1,1,1,1,1,-1,-1,-1,1,1,1,1,-1,-1,1,-1,1,1,1,-1,-1,1,-1,1,-1,1,1,-1,1,-1,1,1,1,1,-1,-1,1,1,1,1,-1,-1,1,1,-1,-1,1,-1,-1,1,-1,1,-1,1,-1,1,1,-1,1,1,1,-1,1,1,-1,1,-1,1,-1,-1,1,-1,1,1,1,1,-1,1,1,-1,1,1,-1,-1,1,-1,-1,1,-1,1,-1,-1,1,-1,1,1,-1,-1,-1,1,-1,1,-1,1,-1,1,1,-1,1,1,-1,-1,-1,1,-1,-1,1,1,-1,-1,1,-1,1,1,-1,1,-1,1,-1,1,1,1,-1,-1,-1,-1,1,1,-1,1,-1,1,-1,1,-1,1,-1,-1,-1,1,1,-1,1,-1,-1,-1,-1,1,-1,-1,1,-1,-1,-1,1,-1,1,1,1,-1,-1,1,-1,-1,1,-1,-1,-1,1,1,1,-1,1,-1,-1,1,-1,1,-1,1,-1,-1,1,-1,1,1,1,-1,-1,-1,1,1,-1,1,-1,-1,-1,1,1,1,-1,1,1,-1,1,1,1,1,1,1,1,-1,1,1,1,-1,1,1,-1,-1,1,1,-1,1,-1,-1,1,-1,1,-1,1,1,-1,1,1,1,-1,1,1,-1,-1,1,1,-1,-1,-1,-1,1,1,1,-1,-1,-1,-1,1,1,1,-1,1,1,1,-1,1,1,-1,1,1,-1,1,1,1,-1,-1,1,-1,-1,1,1,1,1,1,1,1,1,1,1,1,1,-1,1,1,-1,1,1,1,-1,1,1,-1,1,1,1,-1,1,1,1,-1,1,-1,1,-1,1,-1,1,1,-1,-1,1,1,1,1,1,-1,1,1,1,-1,1,1,1,1,1,1,-1,1,-1,1,-1,1,-1,1,1,1,1,1,1,1,-1,1,-1,1,-1,1,1,-1,1,1,-1,1,1,-1,-1,1,1,1,1,1,1,-1,1,1,-1,-1,1,-1,-1,1,1,1,-1,1,-1,1,1,-1,-1,1,1,-1,-1,1,-1,1,-1,1,1,-1,1,-1,1,-1,1,-1,-1,1,-1,1,-1,1,1,-1,1,-1,1,-1,1,-1,-1,1,-1,1,-1,1,1,1,-1,1,1,1,1,-1,1,1,-1,1,1,1,1,-1,1,-1,1,-1,1,1,-1,-1,1,-1,1,1,1,-1,-1,1,-1,1,1,1,1,1,-1,-1,1,1,1,-1,-1,-1,1,-1,1,1,1,-1,1,-1,1,1,1,1,-1,1,-1,1,-1,1,1,-1,1,1,1,1,1,1,-1,1,-1,1,1,-1,1,1,-1,1,1,1,1,-1,-1,1,-1,1,1,1,1,1,-1,1,1,1,1,1,1,-1,-1,1,-1,1,1,-1,-1,1,1,1,1,1,-1,-1,1,1,1,1,1,1,-1,1,1,-1,1,1,-1,1,1,1,1,1,1,-1,-1,1,1,1,1,1,-1,-1,1,1,1,1,1,1,-1,1,1,1,1,1,1,-1,1,1,1,1,1,1,-1,1,1,-1,1,1,1,-1,1,1,-1,1,1,1,-1,1,-1,-1,1,1,1,-1,-1,1,-1,1,1,1,-1,1,1,-1,1,-1,1,-1,1,1,-1,1,1,1,-1,-1,-1,1,1,1,-1,1,-1,1,1,1,1,-1,1,-1,1,1,1,-1,-1,1,-1,1,1,-1,1,-1,-1,-1,1,-1,1,-1,1,-1,-1,1,-1,1,-1,-1,-1,-1,1,-1,1,-1,1,-1,-1,-1,1,1,-1,1,-1,-1,-1,-1,1,-1,1,-1,1,-1,-1,1,1,1,1,-1,-1,1,1,-1,-1,1,1,-1,1,1,-1,1,-1,-1,1,1,-1,-1,1,-1,-1,-1,-1,1,-1,1,1,-1,1,1,-1,-1,1,-1,1,-1,-1,-1,-1,1,-1,-1,1,1,-1,1,1,-1,1,1,1,1,-1,1,-1,1,1,1,1,-1,1,-1,-1,1,1,1,-1,1,-1,1,1,1,1,-1,1,-1,1,1,-1,-1,-1,1,-1,-1,1,1,-1,-1,-1,1,-1,1,-1,1,-1,1,-1,-1,1,-2664.0,1,2000,445,1500,True
2160,-1,-1,1,1,1,1,-1,1,-1,-1,-1,1,-1,1,-1,-1,1,-1,1,1,-1,1,-1,-1,-1,1,-1,-1,-1,-1,-1,-1,1,1,-1,1,1,-1,-1,-1,1,-1,1,-1,-1,-1,1,1,-1,-1,-1,-1,1,1,1,-1,-1,1,-1,-1,1,1,1,1,-1,-1,-1,1,1,-1,1,-1,-1,-1,1,-1,-1,1,-1,-1,-1,-1,1,-1,-1,-1,-1,1,1,1,-1,-1,-1,-1,1,1,-1,1,-1,1,-1,1,1,-1,1,-1,-1,-1,1,1,-1,1,-1,-1,-1,1,1,-1,1,-1,-1,-1,1,1,-1,1,-1,-1,-1,1,1,-1,1,-1,-1,1,1,1,-1,-1,-1,-1,1,1,1,-1,1,-1,-1,-1,1,1,-1,-1,1,-1,-1,1,1,-1,1,1,-1,-1,1,1,-1,1,1,-1,1,1,1,-1,1,-1,-1,-1,1,1,1,-1,1,-1,1,1,-1,1,1,-1,-1,1,1,1,1,1,1,-1,1,1,-1,1,1,1,-1,1,1,1,-1,1,1,-1,1,1,-1,1,1,1,1,1,1,1,1,1,1,1,-1,1,-1,-1,1,1,-1,1,-1,1,1,1,1,1,1,1,-1,1,1,1,1,1,-1,1,-1,1,1,1,1,1,-1,1,1,1,1,-1,1,-1,1,-1,1,-1,-1,1,-1,1,-1,1,1,-1,1,-1,1,-1,1,-1,1,1,-1,-1,1,1,1,1,1,1,-1,1,1,1,-1,-1,1,-1,-1,1,-1,-1,-1,-1,1,-1,1,1,1,-1,1,-1,-1,1,-1,-1,-1,-1,1,-1,-1,1,-1,-1,1,1,-1,1,-1,-1,-1,1,-1,-1,1,-1,-1,1,1,1,-1,1,-1,-1,1,1,-1,1,1,-1,1,-1,1,-1,-1,1,-1,1,1,1,1,1,1,-1,-1,1,1,1,1,-1,-1,-1,1,1,1,1,-1,-1,1,-1,1,1,1,-1,-1,1,-1,1,-1,1,1,-1,1,-1,1,1,1,1,-1,-1,1,1,1,-1,-1,-1,1,1,-1,-1,1,1,-1,1,-1,1,-1,1,-1,1,1,-1,1,1,1,-1,1,1,-1,1,-1,1,-1,-1,1,-1,1,1,1,1,-1,1,1,-1,1,1,-1,-1,1,-1,-1,1,-1,1,-1,-1,1,-1,-1,1,-1,-1,-1,1,-1,1,-1,1,-1,1,1,-1,1,-1,-1,-1,-1,1,-1,-1,1,1,-1,-1,1,-1,1,1,-1,1,-1,1,-1,1,-1,1,-1,-1,-1,-1,1,-1,-1,1,-1,1,-1,1,-1,1,-1,-1,-1,1,1,1,1,-1,-1,-1,-1,1,-1,-1,-1,-1,-1,1,-1,1,1,-1,1,-1,-1,1,-1,-1,1,-1,-1,-1,1,-1,1,-1,1,-1,-1,1,-1,1,-1,1,-1,-1,1,-1,1,1,1,-1,-1,-1,1,1,-1,1,-1,1,-1,1,1,1,-1,1,1,-1,1,1,1,1,1,1,1,-1,1,1,-1,1,-1,1,-1,1,-1,-1,-1,1,-1,-1,1,-1,-1,-1,1,1,-1,1,1,-1,-1,1,1,-1,-1,1,-1,-1,-1,-1,-1,1,1,-1,-1,-1,-1,-1,1,1,-1,-1,1,1,1,-1,1,-1,-1,1,1,-1,1,1,-1,-1,-1,1,-1,-1,1,1,-1,1,1,1,1,1,-1,1,1,1,-1,1,1,1,-1,1,1,-1,1,1,-1,1,1,1,-1,1,1,-1,-1,1,-1,1,1,1,-1,1,1,1,-1,1,1,-1,1,1,1,1,1,1,1,1,1,1,1,1,1,-1,1,-1,1,-1,1,1,1,1,1,1,1,1,1,-1,1,-1,1,1,1,1,1,-1,1,-1,1,1,1,1,1,1,1,1,1,1,-1,1,1,-1,-1,1,-1,-1,1,1,1,-1,1,1,-1,1,-1,1,1,1,-1,-1,1,-1,1,-1,1,1,-1,1,-1,1,-1,1,-1,1,1,-1,1,-1,1,1,-1,1,-1,1,-1,1,1,-1,1,-1,1,-1,1,1,-1,1,1,1,1,1,-1,1,1,-1,1,1,1,1,-1,1,-1,1,-1,1,1,-1,1,1,-1,1,1,-1,1,1,1,-1,1,1,1,-1,1,-1,-1,1,1,-1,1,1,-1,1,-1,1,-1,-1,1,1,-1,1,1,-1,-1,1,1,-1,1,1,-1,-1,-1,1,1,1,1,-1,1,1,1,-1,1,1,-1,-1,1,-1,1,1,1,-1,-1,-1,1,-1,1,1,-1,1,-1,-1,1,1,1,-1,-1,-1,-1,-1,1,-1,-1,-1,1,-1,1,1,-1,-1,-1,1,-1,1,1,1,-1,1,-1,-1,1,1,1,-1,1,-1,1,1,1,-1,-1,1,-1,-1,1,1,-1,-1,1,-1,-1,1,1,-1,1,1,-1,-1,1,1,-1,-1,1,-1,-1,1,1,-1,-1,1,-1,-1,1,1,-1,-1,-1,1,-1,1,1,-1,-1,1,-1,-1,1,-1,-1,-1,1,1,-1,-1,1,-1,1,-1,1,-1,1,1,-1,1,-1,1,-1,1,1,-1,1,1,1,-1,-1,-1,-1,1,1,-1,1,-1,1,-1,1,1,-1,1,-1,1,1,1,-1,-1,1,-1,1,1,-1,1,-1,-1,-1,1,-1,1,-1,1,-1,-1,1,-1,1,-1,-1,-1,-1,1,-1,1,-1,-1,-1,-1,-1,1,1,-1,1,-1,-1,-1,-1,1,-1,1,-1,-1,1,-1,1,1,1,1,-1,-1,1,1,-1,-1,1,1,1,1,1,-1,1,-1,-1,1,1,-1,-1,1,-1,-1,-1,-1,1,-1,1,-1,1,1,1,-1,-1,1,-1,-1,-1,-1,-1,-1,1,-1,1,1,1,-1,1,1,-1,1,1,1,1,-1,1,-1,1,1,1,1,-1,1,-1,1,1,1,1,-1,1,-1,1,1,1,1,-1,1,-1,1,1,1,-1,-1,1,-1,-1,1,1,-1,-1,-1,1,-1,1,1,1,-1,1,-1,-1,1,-2664.0,1,2000,445,1500,True
2161,1,1,-1,-1,1,1,-1,1,1,1,1,-1,-1,1,1,1,-1,1,-1,-1,-1,1,1,1,1,-1,-1,-1,1,1,1,1,-1,-1,-1,1,-1,1,1,1,-1,-1,1,1,1,1,1,-1,1,-1,1,1,-1,1,-1,-1,-1,-1,1,1,1,-1,-1,1,1,1,1,1,-1,-1,1,-1,1,1,1,-1,-1,1,-1,1,1,-1,-1,-1,-1,1,1,1,-1,-1,-1,-1,-1,1,1,-1,-1,1,-1,1,1,1,-1,-1,1,-1,-1,1,1,-1,-1,1,-1,-1,1,1,-1,-1,1,-1,-1,1,1,1,-1,-1,-1,-1,1,1,1,-1,1,-1,-1,1,1,1,-1,-1,-1,-1,-1,1,1,-1,1,-1,-1,-1,1,1,-1,-1,1,-1,-1,1,1,-1,1,1,-1,-1,1,1,-1,1,1,-1,1,1,-1,-1,1,-1,-1,1,1,-1,1,-1,1,-1,1,1,-1,1,1,-1,-1,-1,1,1,1,1,1,-1,-1,1,-1,1,1,1,-1,-1,1,1,-1,1,1,-1,1,1,-1,1,1,1,-1,1,1,1,1,1,1,1,-1,1,-1,-1,1,1,-1,-1,1,1,1,1,1,-1,-1,1,-1,1,1,1,1,-1,1,1,-1,1,1,-1,1,1,-1,1,1,1,-1,-1,1,-1,1,-1,1,1,1,1,-1,1,-1,1,1,1,1,-1,1,-1,1,1,1,1,-1,-1,1,1,1,1,1,1,-1,1,1,-1,-1,1,1,-1,-1,1,1,1,1,-1,1,-1,-1,1,1,-1,1,-1,-1,-1,1,1,1,-1,1,-1,1,-1,1,1,1,1,-1,1,1,1,1,1,-1,-1,1,1,1,1,1,1,-1,1,1,1,1,1,-1,1,1,1,-1,1,1,-1,1,1,1,1,1,1,1,1,1,-1,1,1,1,1,1,1,1,1,1,1,1,1,1,1,-1,1,1,1,1,1,1,1,-1,1,-1,1,1,1,-1,1,1,1,1,1,1,1,-1,1,1,-1,1,1,-1,-1,-1,-1,1,1,1,-1,1,1,-1,1,1,-1,-1,1,1,1,1,1,-1,1,1,1,-1,1,1,1,1,-1,1,-1,-1,-1,1,-1,1,-1,-1,1,1,1,-1,-1,-1,1,-1,-1,1,1,-1,1,-1,1,1,1,1,1,-1,1,-1,-1,1,-1,1,-1,-1,-1,1,1,1,1,-1,-1,1,-1,1,1,1,-1,1,-1,1,-1,1,1,-1,-1,1,-1,1,1,1,-1,-1,-1,1,1,1,1,-1,-1,1,-1,1,1,-1,1,-1,1,1,1,1,-1,-1,1,-1,1,1,1,-1,1,-1,1,-1,1,1,-1,-1,1,-1,1,1,1,1,-1,1,-1,-1,1,1,1,-1,1,-1,-1,1,1,-1,-1,1,-1,-1,1,-1,1,-1,-1,1,-1,1,-1,1,-1,-1,1,-1,-1,1,1,1,-1,1,-1,1,-1,-1,-1,1,-1,1,1,-1,1,-1,-1,1,-1,1,-1,1,-1,1,1,1,-1,-1,-1,1,-1,1,1,1,-1,-1,-1,1,1,-1,1,-1,-1,-1,1,1,1,1,-1,-1,-1,1,1,-1,1,-1,-1,-1,-1,1,1,1,-1,1,-1,-1,1,-1,1,-1,-1,1,-1,1,-1,1,1,-1,-1,-1,-1,-1,1,1,-1,-1,-1,-1,-1,1,1,-1,-1,-1,1,1,1,-1,-1,-1,-1,1,1,1,-1,1,-1,1,-1,1,1,1,-1,-1,-1,-1,-1,1,-1,1,-1,-1,1,-1,1,1,-1,1,-1,-1,1,1,1,-1,1,-1,-1,-1,1,1,-1,1,-1,-1,-1,1,1,-1,1,-1,-1,-1,1,1,1,-1,1,-1,-1,1,1,-1,-1,-1,-1,-1,1,1,1,-1,1,-1,-1,-1,-1,1,-1,1,-1,-1,1,-1,-1,1,-1,1,-1,1,1,-1,1,-1,1,-1,1,-1,-1,1,-1,1,-1,1,1,-1,1,-1,-1,-1,-1,1,-1,1,-1,1,-1,-1,1,-1,1,-1,1,-1,-1,-1,1,1,-1,-1,-1,-1,1,-1,-1,-1,-1,-1,-1,-1,-1,1,-1,-1,-1,-1,1,1,-1,1,-1,-1,-1,1,-1,-1,1,-1,-1,-1,-1,-1,1,1,-1,-1,-1,-1,-1,1,-1,-1,-1,1,-1,-1,1,-1,1,-1,-1,-1,-1,-1,-1,-1,1,-1,-1,-1,1,1,1,-1,-1,-1,1,-1,-1,-1,-1,-1,-1,-1,1,1,1,-1,-1,-1,-1,1,-1,1,1,-1,1,-1,-1,1,1,-1,-1,-1,-1,-1,-1,1,1,-1,-1,1,-1,1,1,-1,-1,-1,1,-1,1,1,-1,-1,1,-1,-1,1,1,1,-1,1,-1,1,1,1,-1,-1,1,-1,-1,1,1,1,-1,1,-1,-1,1,1,-1,1,1,-1,-1,1,1,-1,1,1,-1,-1,1,1,-1,1,1,-1,-1,1,1,1,1,-1,1,-1,1,1,1,1,1,-1,-1,1,-1,1,1,1,1,-1,-1,1,-1,1,-1,1,-1,1,1,1,1,-1,1,-1,1,1,1,1,1,1,-1,1,-1,1,1,1,-1,1,-1,1,1,1,1,-1,1,1,1,1,1,-1,-1,1,1,1,1,-1,1,-1,1,1,-1,1,1,-1,1,-1,1,-1,1,1,-1,-1,-1,-1,1,1,1,-1,-1,-1,1,-1,1,1,-1,1,-1,1,-1,1,1,-1,1,-1,1,-1,1,1,1,1,1,-1,1,1,1,-1,-1,1,-1,1,1,1,-1,1,-1,1,1,1,-1,-1,1,-1,1,-1,1,1,-1,1,-1,1,1,1,-1,-1,-1,-1,-1,-1,-1,-1,-1,1,-1,1,1,1,-1,1,1,-1,-1,1,1,1,-1,1,-1,1,1,1,1,-1,1,-1,1,1,1,1,-1,1,-1,1,1,1,1,-1,1,-1,1,-1,1,-1,-1,1,-1,-1,1,1,-1,-1,-1,1,-1,1,1,1,-1,1,-1,1,1,-2664.0,1,2000,445,1000,True
2162,-1,-1,1,1,1,1,-1,1,-1,-1,-1,1,-1,1,-1,-1,1,-1,1,1,-1,1,-1,-1,-1,1,-1,-1,-1,-1,-1,-1,1,1,-1,1,1,-1,-1,-1,1,-1,1,-1,-1,-1,1,1,-1,-1,-1,-1,1,1,1,-1,-1,1,-1,-1,1,1,1,1,-1,-1,-1,1,1,-1,1,-1,-1,-1,1,-1,-1,1,-1,-1,-1,-1,1,-1,-1,-1,-1,1,1,1,-1,-1,-1,-1,1,1,-1,1,-1,1,-1,1,1,-1,1,-1,-1,-1,1,1,-1,1,-1,-1,-1,1,1,-1,1,-1,-1,-1,1,1,-1,1,-1,-1,-1,1,1,-1,1,-1,-1,1,1,1,-1,-1,-1,-1,1,1,1,-1,1,-1,-1,-1,1,1,-1,-1,1,-1,-1,1,1,-1,1,1,-1,-1,1,1,-1,1,1,-1,1,1,1,-1,1,-1,-1,-1,1,1,1,-1,1,-1,1,1,-1,1,1,-1,-1,1,1,1,1,1,1,-1,1,1,-1,1,1,1,-1,1,1,1,-1,1,1,-1,1,1,-1,1,1,1,1,1,1,1,1,1,1,1,-1,1,-1,-1,1,1,-1,1,-1,1,-1,1,1,1,1,1,-1,-1,1,1,1,1,-1,1,-1,1,1,1,1,1,-1,1,1,1,1,-1,1,-1,1,-1,1,-1,-1,1,-1,1,-1,1,1,-1,1,-1,1,-1,1,-1,1,1,-1,-1,1,1,1,1,1,1,-1,1,1,1,-1,-1,1,1,-1,1,-1,-1,-1,1,-1,-1,1,1,1,-1,1,1,1,1,-1,-1,-1,1,-1,-1,-1,1,-1,-1,1,1,-1,1,-1,-1,-1,1,1,-1,1,-1,-1,1,1,-1,-1,1,-1,-1,1,1,-1,1,1,-1,1,-1,1,1,-1,1,-1,1,1,1,-1,1,1,-1,-1,1,1,-1,1,-1,-1,-1,1,1,-1,1,-1,-1,1,-1,1,-1,1,-1,-1,1,-1,1,-1,1,1,-1,1,-1,1,1,-1,1,-1,-1,1,1,-1,1,-1,-1,1,1,-1,-1,1,1,-1,1,-1,1,-1,1,-1,1,1,-1,1,1,1,-1,1,1,-1,1,-1,1,-1,-1,1,-1,1,1,1,1,-1,1,1,-1,1,1,-1,-1,1,-1,-1,1,-1,1,-1,-1,1,-1,1,-1,-1,-1,-1,1,-1,1,-1,1,-1,1,1,-1,1,1,-1,-1,-1,1,-1,-1,1,1,-1,-1,1,-1,1,1,-1,1,-1,1,-1,-1,1,1,-1,-1,-1,-1,1,1,-1,1,-1,1,-1,1,-1,1,-1,-1,-1,1,1,-1,1,-1,-1,-1,-1,1,-1,-1,-1,-1,-1,-1,1,-1,1,-1,1,-1,-1,1,-1,-1,1,-1,-1,-1,1,-1,1,-1,1,-1,-1,1,-1,1,-1,1,-1,-1,1,-1,1,1,1,-1,-1,-1,1,1,-1,1,-1,-1,1,1,1,1,-1,1,1,-1,1,1,1,1,1,1,1,-1,1,1,-1,1,-1,1,-1,-1,1,-1,-1,1,-1,-1,1,-1,-1,-1,1,1,-1,1,1,-1,-1,1,1,-1,-1,1,-1,-1,-1,-1,-1,1,1,-1,-1,-1,-1,-1,1,1,-1,-1,1,1,1,-1,1,-1,-1,1,1,-1,1,1,-1,-1,-1,1,-1,-1,1,1,-1,1,1,1,1,1,-1,1,1,1,-1,1,1,1,-1,1,1,-1,1,1,-1,1,1,1,-1,1,1,-1,-1,1,-1,1,1,1,-1,1,1,1,-1,1,1,-1,1,1,1,1,1,1,1,1,1,1,1,1,1,-1,1,-1,1,-1,1,1,1,1,1,1,1,1,1,-1,1,-1,1,1,1,1,1,-1,1,-1,1,1,1,1,1,1,1,1,1,1,-1,1,1,-1,-1,1,-1,-1,1,1,1,-1,1,1,-1,1,-1,-1,1,1,-1,-1,1,-1,1,-1,1,1,-1,1,-1,1,-1,1,-1,1,1,-1,1,1,1,1,-1,1,-1,1,-1,1,1,-1,1,-1,1,-1,1,1,-1,1,1,1,1,1,-1,1,1,-1,1,1,1,1,-1,1,-1,1,-1,1,1,-1,1,1,-1,1,1,-1,1,1,1,-1,1,1,1,-1,1,-1,-1,1,1,-1,1,1,-1,1,-1,1,-1,-1,1,1,-1,1,1,-1,-1,1,1,-1,1,1,-1,-1,-1,1,1,1,1,-1,1,1,1,-1,1,1,-1,-1,1,-1,1,1,1,-1,-1,-1,1,-1,1,1,-1,1,-1,-1,1,1,1,-1,-1,-1,-1,-1,1,-1,-1,-1,1,-1,1,1,-1,-1,-1,-1,-1,1,1,1,-1,1,-1,-1,1,1,1,-1,1,-1,1,1,1,-1,-1,1,-1,-1,1,-1,-1,-1,1,-1,-1,1,1,-1,1,1,-1,-1,1,1,-1,-1,1,-1,-1,1,1,-1,-1,1,-1,-1,1,1,-1,-1,-1,1,-1,1,1,-1,-1,1,-1,-1,1,-1,1,-1,1,1,-1,-1,1,-1,1,-1,1,-1,1,-1,-1,1,-1,1,-1,1,1,-1,1,1,1,1,-1,-1,-1,1,1,-1,1,-1,1,-1,1,1,1,-1,1,-1,1,1,-1,1,1,-1,-1,1,-1,1,1,-1,-1,1,-1,1,1,-1,1,-1,-1,-1,1,-1,-1,1,-1,1,-1,1,-1,1,-1,-1,-1,1,1,-1,-1,1,-1,-1,-1,1,-1,-1,1,-1,-1,-1,1,1,-1,1,-1,-1,1,1,-1,-1,-1,1,-1,1,1,-1,1,1,-1,1,1,-1,-1,1,1,-1,-1,-1,1,-1,1,1,-1,1,1,-1,-1,1,-1,1,-1,-1,-1,-1,1,-1,-1,1,1,-1,1,1,-1,1,1,1,1,-1,1,-1,1,1,1,1,-1,1,-1,1,1,1,1,-1,1,-1,-1,1,1,1,-1,1,-1,1,1,1,-1,-1,1,-1,-1,1,1,-1,-1,-1,1,-1,1,1,1,-1,1,-1,-1,1,-2664.0,1,2000,445,1500,True
2163,1,1,-1,-1,1,1,-1,1,1,1,1,-1,1,1,1,1,-1,1,-1,-1,-1,1,1,1,1,-1,-1,-1,1,1,1,1,1,-1,-1,1,-1,1,1,-1,-1,-1,1,1,1,1,1,-1,1,-1,1,1,1,1,-1,-1,1,-1,1,1,1,-1,-1,-1,1,1,1,1,-1,-1,1,-1,1,1,1,-1,-1,1,-1,1,1,-1,-1,-1,-1,1,1,1,-1,-1,-1,1,-1,1,1,-1,-1,1,-1,1,1,1,-1,-1,1,-1,-1,1,1,-1,-1,-1,-1,-1,1,1,-1,-1,1,-1,-1,1,1,1,-1,-1,-1,-1,1,1,1,-1,1,-1,-1,1,1,1,-1,1,-1,-1,-1,1,1,-1,1,-1,-1,-1,1,1,-1,-1,1,-1,1,1,1,-1,1,1,-1,-1,1,1,-1,1,1,-1,1,1,-1,-1,1,-1,-1,1,1,-1,1,-1,1,-1,1,1,-1,1,1,-1,-1,-1,1,1,1,1,1,-1,-1,1,-1,1,1,1,-1,-1,1,1,-1,1,1,-1,1,1,-1,1,1,1,-1,1,1,1,1,1,1,1,-1,1,-1,-1,1,1,-1,-1,1,1,-1,1,1,-1,-1,1,-1,1,1,1,1,-1,1,1,-1,1,1,-1,1,1,-1,1,1,1,-1,-1,1,-1,1,-1,1,1,1,1,-1,1,-1,1,1,1,1,-1,1,-1,1,1,1,1,-1,-1,1,1,1,1,1,1,-1,1,1,-1,-1,1,1,-1,-1,1,1,1,1,-1,1,-1,1,1,1,-1,1,-1,-1,1,1,1,1,-1,1,-1,1,-1,1,1,1,1,-1,1,1,1,1,1,1,-1,1,1,1,1,1,1,1,1,1,1,1,1,-1,1,1,1,-1,1,1,-1,1,1,1,-1,1,1,1,-1,1,-1,1,1,1,1,-1,1,1,-1,1,1,1,-1,1,1,-1,1,1,-1,-1,1,1,1,-1,1,1,-1,-1,1,-1,1,1,1,1,-1,1,1,-1,1,1,-1,1,1,-1,-1,-1,-1,-1,1,1,-1,1,1,-1,-1,1,-1,1,-1,1,1,-1,1,-1,1,1,1,-1,-1,1,1,1,-1,1,1,1,-1,1,-1,1,1,1,-1,1,1,-1,-1,-1,1,1,1,1,-1,1,-1,1,-1,1,1,1,-1,-1,1,1,-1,1,-1,1,-1,1,-1,-1,1,1,1,-1,-1,1,-1,1,1,-1,-1,1,1,1,-1,1,-1,-1,-1,1,-1,1,-1,-1,-1,1,1,1,1,-1,1,-1,1,1,-1,1,-1,-1,-1,1,1,-1,1,-1,-1,-1,1,-1,1,1,-1,-1,-1,1,1,-1,1,1,-1,-1,1,-1,1,-1,1,-1,-1,1,-1,-1,-1,1,-1,-1,-1,1,1,-1,1,-1,-1,1,-1,-1,1,1,-1,-1,-1,1,-1,1,1,-1,-1,-1,1,-1,-1,1,1,1,-1,1,-1,1,-1,1,-1,1,-1,1,1,-1,-1,1,1,1,1,-1,-1,1,-1,1,1,1,-1,-1,-1,1,-1,1,-1,1,-1,-1,-1,1,1,-1,1,-1,-1,-1,1,1,-1,1,-1,-1,-1,1,1,-1,1,-1,-1,-1,-1,1,1,1,-1,1,-1,-1,1,-1,1,-1,-1,1,-1,1,-1,1,1,-1,-1,-1,-1,-1,1,1,-1,1,-1,1,-1,1,1,-1,-1,-1,-1,1,1,-1,-1,-1,-1,-1,1,1,-1,1,-1,1,1,1,1,1,-1,-1,-1,-1,-1,1,-1,1,-1,-1,1,-1,1,1,-1,1,-1,-1,1,1,1,-1,1,-1,1,-1,1,1,-1,-1,-1,-1,-1,1,1,-1,1,-1,1,-1,1,1,1,-1,1,-1,-1,1,1,-1,-1,-1,1,-1,1,1,1,-1,1,-1,-1,-1,-1,1,-1,1,-1,-1,1,-1,-1,1,-1,1,-1,1,1,-1,1,-1,1,-1,1,-1,1,-1,1,-1,-1,1,1,-1,1,-1,-1,-1,-1,1,-1,1,-1,1,-1,-1,1,-1,1,1,-1,-1,-1,-1,1,1,1,1,-1,-1,1,-1,-1,1,1,-1,-1,-1,-1,1,-1,1,-1,-1,1,1,-1,1,1,-1,-1,1,-1,-1,1,1,-1,-1,-1,-1,1,-1,1,-1,-1,-1,-1,-1,1,-1,-1,1,-1,-1,1,-1,1,-1,-1,-1,-1,-1,1,1,1,-1,-1,-1,1,1,1,-1,-1,-1,1,-1,-1,1,1,-1,-1,-1,1,1,1,-1,-1,-1,-1,1,-1,1,-1,-1,1,-1,-1,1,1,-1,-1,-1,-1,-1,-1,1,1,-1,-1,1,-1,1,1,-1,-1,-1,1,-1,1,1,-1,-1,1,-1,-1,1,1,1,-1,1,-1,1,1,1,-1,-1,1,-1,-1,1,1,1,-1,1,-1,-1,1,1,-1,1,1,-1,-1,1,1,1,1,1,-1,-1,1,1,-1,1,1,-1,-1,1,1,1,1,1,1,-1,-1,1,1,-1,1,-1,-1,1,-1,1,1,1,1,-1,-1,1,-1,1,1,1,-1,1,1,1,1,-1,1,-1,1,1,1,1,1,1,-1,-1,1,1,1,1,-1,1,-1,1,1,1,1,1,-1,1,1,1,1,-1,-1,1,-1,1,1,-1,1,-1,-1,-1,1,1,1,-1,1,-1,-1,1,1,1,-1,-1,-1,-1,1,1,1,-1,-1,1,-1,-1,1,1,-1,1,-1,-1,-1,1,1,-1,1,-1,1,-1,1,1,1,1,1,-1,-1,1,1,-1,-1,1,1,-1,1,1,-1,1,-1,-1,1,1,-1,-1,1,1,-1,-1,1,1,-1,1,1,-1,1,1,-1,-1,-1,1,-1,-1,-1,-1,-1,1,1,1,-1,1,-1,1,1,1,-1,1,1,1,-1,1,1,-1,1,1,-1,-1,1,1,1,1,1,-1,-1,-1,1,-1,1,1,-1,-1,1,1,-1,1,1,1,-1,1,1,1,1,1,-1,-1,-1,1,-1,1,-1,1,-1,1,-1,1,1,-2664.0,1,2000,445,1000,True
2164,-1,-1,1,1,1,1,-1,1,-1,-1,-1,1,-1,1,-1,-1,1,-1,1,1,1,-1,-1,-1,-1,1,-1,-1,-1,-1,-1,-1,1,1,-1,-1,1,-1,-1,-1,1,-1,-1,-1,-1,-1,1,-1,1,1,-1,-1,1,-1,1,-1,-1,1,-1,-1,-1,1,1,1,-1,-1,-1,-1,-1,-1,-1,1,-1,-1,-1,-1,1,-1,1,-1,-1,1,1,-1,1,-1,-1,1,-1,1,-1,-1,1,-1,-1,-1,-1,1,1,1,-1,-1,-1,-1,1,1,1,-1,-1,-1,-1,1,1,1,-1,-1,-1,-1,1,1,1,-1,-1,-1,-1,1,1,1,-1,-1,-1,-1,1,1,1,-1,-1,-1,-1,1,1,1,1,-1,-1,-1,-1,1,1,1,1,-1,-1,1,-1,1,1,-1,-1,-1,1,1,1,1,-1,1,-1,1,-1,1,1,1,-1,-1,1,1,1,-1,1,-1,1,-1,-1,1,-1,1,-1,1,1,1,1,1,1,-1,1,1,-1,1,-1,1,-1,1,1,-1,1,-1,1,-1,-1,1,-1,1,-1,1,-1,1,1,-1,-1,-1,1,-1,-1,1,-1,-1,1,1,1,-1,1,-1,1,-1,-1,1,-1,1,-1,1,-1,1,-1,1,1,-1,-1,-1,1,1,-1,1,-1,1,1,1,-1,1,1,-1,1,-1,1,-1,1,-1,1,-1,1,1,-1,1,-1,-1,-1,1,1,-1,1,-1,-1,-1,1,1,1,-1,1,1,-1,-1,1,-1,-1,1,1,-1,1,1,1,-1,-1,1,-1,1,1,-1,1,-1,1,1,-1,1,-1,-1,-1,1,-1,-1,1,-1,1,-1,1,1,-1,1,1,1,-1,1,-1,-1,1,1,-1,-1,1,-1,1,1,-1,1,-1,1,-1,1,1,1,-1,1,1,-1,1,-1,1,-1,-1,1,-1,1,1,1,1,1,1,-1,1,1,1,1,1,-1,-1,1,1,1,1,1,-1,-1,1,1,1,1,1,-1,-1,-1,-1,1,-1,1,1,-1,1,1,1,1,1,1,-1,-1,-1,1,1,-1,-1,-1,1,-1,-1,-1,1,-1,-1,1,-1,1,-1,1,-1,1,-1,1,1,1,1,-1,1,-1,1,1,-1,1,-1,-1,-1,-1,1,1,1,1,-1,-1,1,-1,1,1,-1,-1,1,-1,-1,1,-1,1,-1,1,-1,1,1,1,-1,-1,1,1,-1,1,-1,1,-1,-1,1,-1,1,-1,-1,-1,-1,1,-1,-1,1,1,-1,-1,-1,-1,1,1,-1,1,-1,1,-1,1,-1,1,-1,1,1,-1,-1,-1,-1,-1,1,1,-1,1,-1,1,-1,1,-1,1,1,-1,1,-1,1,-1,-1,1,-1,-1,-1,1,-1,1,-1,-1,1,-1,1,-1,-1,1,-1,-1,1,-1,1,-1,-1,-1,1,-1,1,1,-1,-1,-1,1,-1,1,-1,-1,1,-1,1,1,1,1,-1,-1,1,1,-1,1,1,1,-1,1,1,1,-1,1,1,-1,1,1,1,1,-1,-1,1,-1,-1,-1,1,-1,1,1,-1,1,-1,1,-1,1,-1,-1,-1,1,1,-1,1,1,-1,1,-1,1,-1,1,1,-1,1,-1,1,-1,-1,-1,-1,1,-1,1,-1,-1,-1,-1,1,-1,1,-1,1,1,1,1,-1,1,-1,1,1,-1,1,-1,1,-1,-1,1,-1,1,-1,-1,1,1,1,1,1,-1,1,1,1,1,-1,1,-1,-1,1,1,1,-1,-1,-1,1,1,1,1,-1,-1,-1,1,-1,1,-1,1,1,-1,-1,1,1,1,-1,-1,-1,-1,1,1,1,1,1,-1,-1,1,1,1,1,-1,-1,-1,1,-1,1,-1,1,-1,-1,1,1,1,1,1,-1,1,1,-1,1,1,1,-1,-1,1,1,-1,1,1,-1,-1,1,1,1,1,1,-1,1,1,1,-1,1,1,1,1,-1,1,1,-1,1,-1,1,1,-1,1,1,1,1,1,1,-1,1,-1,1,-1,1,-1,1,-1,-1,1,-1,1,1,-1,1,-1,1,1,1,-1,-1,1,-1,1,1,1,1,-1,1,-1,1,1,1,-1,-1,1,-1,1,1,1,1,1,-1,-1,1,1,1,-1,-1,1,-1,1,1,-1,-1,-1,1,-1,1,1,1,-1,-1,1,-1,1,1,-1,-1,1,1,-1,1,1,-1,-1,1,-1,-1,1,-1,-1,-1,1,-1,1,1,-1,-1,-1,-1,-1,-1,1,1,-1,-1,1,1,1,1,1,1,-1,1,-1,-1,1,1,-1,-1,1,-1,1,1,1,-1,-1,1,-1,1,1,1,-1,-1,-1,1,1,1,1,-1,-1,-1,-1,1,-1,1,-1,1,-1,1,1,1,1,1,-1,-1,1,1,1,1,-1,1,-1,1,1,-1,1,-1,-1,1,1,1,1,-1,-1,-1,-1,1,1,1,1,1,-1,-1,1,1,1,-1,1,1,-1,1,1,1,1,1,1,-1,1,1,1,1,1,1,-1,1,1,-1,1,1,-1,-1,1,1,1,1,1,1,-1,1,-1,-1,1,1,1,-1,-1,1,-1,1,1,1,-1,1,1,-1,1,1,1,-1,1,1,-1,1,1,1,-1,-1,1,1,1,1,-1,1,-1,1,1,1,1,-1,1,-1,1,1,1,-1,-1,1,-1,1,1,-1,1,-1,-1,-1,1,-1,1,-1,1,-1,-1,1,-1,1,-1,-1,-1,-1,1,-1,1,-1,1,-1,-1,-1,1,1,-1,1,-1,-1,1,-1,1,-1,1,-1,-1,1,-1,1,1,1,1,-1,-1,1,-1,-1,-1,1,1,1,1,-1,-1,1,-1,-1,1,1,-1,-1,1,-1,-1,-1,-1,1,-1,1,1,1,1,-1,1,-1,-1,-1,-1,-1,-1,-1,-1,1,-1,1,1,1,-1,1,1,-1,1,1,-1,-1,-1,1,-1,1,1,1,1,-1,1,-1,1,1,1,-1,-1,1,-1,1,1,1,-1,-1,1,-1,1,1,-1,-1,-1,1,-1,-1,1,1,-1,-1,-1,1,-1,1,-1,1,-1,1,-1,-1,1,-2664.0,1,2000,445,1500,True
2165,1,1,-1,-1,1,-1,-1,-1,1,1,1,-1,1,1,1,1,-1,1,-1,-1,-1,-1,1,1,1,-1,-1,-1,1,1,1,1,1,-1,-1,-1,1,1,1,1,-1,-1,-1,1,1,1,-1,-1,1,1,1,1,-1,1,-1,-1,1,-1,1,1,1,-1,-1,-1,1,1,1,-1,-1,-1,-1,1,1,1,1,-1,-1,-1,1,1,1,-1,-1,-1,1,1,1,1,-1,-1,-1,1,1,1,1,-1,-1,1,1,-1,1,1,-1,-1,1,1,1,1,1,-1,-1,-1,1,1,1,1,-1,-1,1,1,1,1,1,1,-1,-1,1,1,-1,1,1,-1,1,1,1,1,1,1,-1,1,1,1,1,1,1,-1,1,1,1,1,1,1,-1,-1,-1,1,1,1,-1,-1,1,1,1,1,1,1,-1,1,-1,1,1,1,-1,-1,1,1,1,1,1,-1,1,-1,-1,1,-1,1,-1,1,1,1,1,1,1,-1,1,1,-1,1,-1,1,1,-1,1,-1,1,-1,1,-1,-1,1,-1,1,-1,1,-1,1,1,-1,1,-1,1,1,1,1,-1,-1,1,1,-1,-1,1,-1,1,-1,-1,1,-1,1,-1,1,-1,1,-1,1,1,-1,-1,-1,1,-1,1,1,-1,1,1,1,1,1,1,-1,1,-1,-1,1,1,-1,1,-1,1,-1,1,1,-1,-1,-1,1,1,1,1,-1,-1,-1,1,1,-1,1,1,1,-1,-1,1,1,1,1,1,-1,1,1,-1,1,-1,1,-1,1,1,1,1,-1,1,-1,1,1,1,1,1,1,-1,-1,1,-1,1,-1,1,1,-1,1,1,1,-1,1,1,1,1,1,1,-1,1,-1,1,1,1,-1,1,1,-1,1,1,-1,-1,1,1,-1,-1,1,1,1,-1,1,-1,1,1,1,-1,1,1,-1,1,1,1,-1,1,1,-1,1,1,1,-1,1,1,-1,-1,1,1,-1,1,1,-1,1,-1,1,-1,1,1,1,-1,1,1,1,1,1,1,-1,1,1,-1,1,-1,1,-1,-1,-1,-1,1,1,1,-1,1,1,-1,1,1,-1,-1,1,1,1,1,1,-1,1,1,1,-1,1,1,1,1,-1,1,1,1,-1,1,-1,1,1,1,1,1,1,-1,-1,-1,1,-1,-1,1,-1,1,-1,1,1,1,1,1,-1,-1,1,-1,-1,1,-1,1,-1,1,1,1,1,1,1,-1,-1,1,-1,1,1,-1,-1,1,1,1,-1,1,-1,-1,-1,1,-1,1,1,-1,-1,1,1,1,1,-1,1,-1,1,-1,1,1,-1,-1,-1,1,-1,1,1,-1,-1,-1,1,-1,1,1,1,-1,-1,1,1,-1,1,-1,-1,-1,1,-1,1,1,1,-1,-1,1,-1,-1,1,-1,-1,-1,-1,-1,-1,1,-1,-1,-1,1,-1,-1,1,-1,-1,-1,-1,1,-1,1,-1,-1,1,-1,1,-1,-1,1,1,1,-1,1,-1,1,-1,1,-1,1,-1,-1,-1,1,-1,-1,1,1,1,-1,1,-1,1,1,1,-1,1,1,-1,1,-1,1,-1,-1,1,-1,-1,1,1,1,-1,1,-1,-1,1,1,-1,-1,1,-1,-1,1,1,-1,-1,1,-1,-1,-1,1,1,-1,1,1,-1,-1,1,-1,-1,1,-1,1,-1,1,1,-1,-1,1,-1,-1,-1,-1,-1,1,1,1,-1,-1,1,-1,-1,1,-1,-1,1,-1,-1,1,1,-1,-1,1,-1,-1,1,1,-1,1,-1,1,-1,-1,1,1,-1,-1,-1,-1,-1,1,-1,-1,1,-1,-1,-1,1,1,-1,-1,-1,-1,-1,1,-1,-1,-1,-1,-1,1,1,1,-1,-1,-1,-1,-1,1,1,-1,-1,-1,-1,-1,1,1,1,-1,-1,-1,-1,1,1,-1,-1,-1,-1,1,1,1,1,1,-1,1,1,1,1,1,1,-1,-1,1,1,1,1,1,-1,1,1,1,1,-1,1,-1,-1,1,-1,1,-1,1,-1,-1,1,-1,1,-1,1,-1,-1,1,-1,1,-1,1,-1,-1,1,-1,1,1,1,-1,-1,1,-1,1,1,1,-1,-1,1,1,-1,1,1,-1,-1,1,-1,1,-1,1,-1,-1,-1,-1,-1,1,1,-1,-1,1,-1,-1,1,1,-1,-1,-1,-1,1,-1,1,-1,-1,-1,-1,1,1,-1,-1,-1,-1,-1,1,-1,1,-1,-1,-1,-1,-1,1,1,1,-1,-1,-1,1,1,1,-1,-1,1,-1,-1,-1,1,-1,-1,-1,-1,1,1,1,-1,1,-1,-1,1,-1,1,1,-1,1,-1,-1,1,1,-1,-1,-1,-1,-1,-1,1,1,-1,-1,1,-1,1,1,-1,-1,-1,1,-1,1,1,-1,-1,1,1,-1,1,1,1,-1,1,-1,1,1,1,-1,-1,1,-1,-1,1,1,1,1,-1,1,-1,1,1,1,-1,1,-1,-1,1,1,1,1,-1,1,-1,1,1,1,1,1,-1,-1,1,1,1,1,1,-1,-1,-1,1,1,1,-1,-1,-1,1,-1,1,1,1,-1,-1,-1,1,-1,1,1,-1,-1,1,1,1,1,1,-1,1,1,1,1,1,1,-1,1,-1,1,1,1,1,-1,1,-1,1,1,1,-1,1,-1,1,1,1,1,-1,1,1,-1,1,1,-1,1,1,-1,-1,1,1,1,1,-1,1,-1,1,1,1,-1,-1,1,-1,1,1,1,-1,1,-1,-1,-1,1,1,-1,-1,1,-1,-1,1,1,1,-1,1,-1,-1,1,1,1,-1,1,-1,-1,1,1,-1,-1,-1,1,-1,-1,1,-1,1,1,-1,1,1,-1,-1,1,-1,-1,-1,1,1,-1,1,1,-1,1,1,-1,-1,-1,-1,1,-1,-1,-1,-1,1,-1,-1,1,1,-1,1,1,-1,1,1,1,1,-1,1,-1,1,1,1,-1,-1,1,-1,-1,1,1,-1,-1,1,-1,1,1,1,-1,-1,1,-1,1,1,1,1,-1,1,-1,-1,1,1,-1,-1,-1,1,-1,1,1,1,-1,1,-1,-1,1,-2664.0,1,2000,445,1000,False
2166,-1,-1,1,1,1,1,-1,1,-1,-1,-1,1,-1,1,-1,-1,1,-1,1,1,-1,1,-1,-1,-1,1,-1,-1,-1,-1,-1,-1,1,1,-1,1,1,-1,-1,-1,1,-1,1,-1,-1,-1,1,1,-1,-1,-1,-1,1,1,1,-1,-1,1,-1,-1,1,1,1,1,-1,-1,-1,1,1,-1,1,-1,-1,-1,1,-1,-1,1,-1,-1,-1,1,1,-1,-1,-1,-1,1,1,1,-1,-1,-1,-1,1,1,-1,1,-1,1,-1,1,1,-1,1,-1,-1,-1,1,1,-1,1,-1,-1,-1,1,1,-1,1,-1,-1,-1,1,1,-1,1,-1,-1,1,1,1,-1,1,-1,-1,1,1,1,-1,-1,-1,-1,1,1,1,-1,1,-1,-1,-1,1,1,-1,-1,1,-1,-1,1,1,-1,1,1,-1,-1,1,1,-1,1,1,-1,1,1,-1,-1,1,-1,-1,-1,1,-1,1,-1,1,-1,1,1,-1,1,1,-1,-1,1,1,1,1,1,1,-1,1,1,-1,1,1,1,-1,1,1,1,-1,1,1,-1,1,1,-1,1,1,1,1,1,1,1,1,1,1,1,-1,1,-1,-1,1,1,-1,1,-1,1,-1,1,1,1,1,1,-1,1,1,1,1,1,-1,1,-1,1,1,1,1,1,-1,1,1,1,1,-1,1,-1,1,-1,1,-1,-1,1,-1,1,-1,1,1,-1,1,-1,1,-1,1,-1,1,1,-1,-1,1,1,1,1,1,1,-1,1,1,1,-1,-1,1,1,-1,1,-1,-1,-1,1,-1,-1,1,1,1,-1,1,1,1,1,-1,-1,-1,1,-1,1,-1,1,-1,-1,1,1,-1,1,-1,1,-1,1,1,1,1,-1,-1,1,1,-1,1,1,-1,-1,1,1,-1,1,1,-1,1,-1,1,1,-1,1,-1,1,1,1,-1,1,1,-1,-1,1,1,-1,1,-1,-1,-1,1,1,-1,1,-1,-1,1,-1,1,-1,1,-1,-1,1,-1,1,-1,1,1,-1,1,-1,1,1,-1,1,-1,-1,1,1,-1,1,-1,-1,1,1,-1,-1,1,1,-1,1,-1,1,-1,1,-1,1,1,-1,1,1,1,-1,1,1,-1,1,-1,1,-1,-1,1,-1,1,1,1,1,-1,1,1,1,1,1,-1,-1,1,-1,-1,1,-1,1,-1,-1,1,-1,1,1,-1,-1,-1,1,-1,1,-1,1,-1,-1,1,-1,1,1,-1,-1,-1,1,-1,-1,1,1,-1,-1,1,-1,1,1,-1,1,-1,1,-1,-1,1,1,-1,-1,-1,-1,1,1,-1,1,-1,1,-1,1,-1,1,-1,-1,-1,-1,1,-1,1,-1,-1,-1,-1,1,-1,-1,-1,-1,-1,-1,1,1,1,-1,1,-1,-1,1,-1,-1,1,-1,-1,-1,1,-1,1,-1,1,-1,-1,-1,-1,1,-1,1,-1,-1,1,-1,1,1,1,-1,-1,-1,1,1,-1,1,-1,-1,-1,1,1,1,-1,1,1,-1,1,1,1,1,1,-1,1,-1,1,1,-1,1,-1,1,-1,-1,1,-1,-1,1,-1,-1,1,-1,-1,-1,1,1,-1,1,1,-1,-1,1,1,-1,-1,1,-1,-1,-1,-1,-1,1,1,-1,-1,-1,-1,-1,1,1,-1,-1,1,1,1,-1,1,-1,-1,1,1,-1,1,1,-1,-1,-1,1,-1,-1,1,1,-1,1,1,1,1,1,-1,1,1,1,-1,1,1,1,-1,1,1,-1,1,1,-1,1,1,1,-1,1,1,-1,-1,1,-1,1,1,1,-1,1,1,1,-1,1,1,-1,1,1,1,1,1,1,1,1,1,1,1,1,1,-1,1,-1,1,-1,1,1,1,1,1,1,1,1,1,-1,1,-1,1,1,1,1,1,-1,1,-1,1,1,1,1,1,1,1,1,1,1,-1,1,1,-1,-1,1,-1,-1,1,1,1,-1,1,1,-1,1,-1,-1,1,1,-1,-1,1,-1,1,-1,1,1,-1,1,-1,1,-1,1,-1,1,1,-1,1,-1,1,1,-1,1,-1,1,-1,1,1,-1,1,-1,1,-1,1,1,-1,1,1,1,1,1,-1,1,1,-1,1,1,1,1,-1,1,-1,1,-1,1,1,-1,1,1,-1,1,1,-1,1,1,1,-1,1,1,1,-1,1,-1,-1,1,1,-1,1,1,-1,1,-1,1,-1,-1,1,1,-1,1,1,-1,-1,1,1,-1,1,1,-1,-1,-1,1,1,1,1,-1,1,1,1,-1,1,1,-1,-1,1,-1,1,1,1,-1,-1,-1,1,-1,1,1,-1,1,-1,-1,1,1,1,-1,-1,-1,-1,-1,1,-1,-1,-1,1,-1,1,1,-1,-1,-1,-1,-1,1,1,1,-1,1,-1,-1,1,1,1,-1,1,-1,1,1,1,-1,-1,1,-1,-1,1,1,-1,-1,1,-1,-1,1,1,-1,1,1,-1,-1,1,1,-1,1,1,-1,-1,1,1,-1,-1,1,-1,-1,1,1,-1,1,1,1,-1,-1,1,-1,-1,1,-1,-1,1,-1,-1,-1,1,1,-1,-1,1,-1,1,1,1,-1,1,1,-1,1,-1,1,-1,1,1,-1,1,1,1,1,-1,1,-1,1,1,-1,1,-1,1,-1,1,1,1,-1,1,1,1,1,-1,1,1,-1,1,1,-1,1,1,-1,-1,1,-1,1,1,-1,1,-1,1,-1,1,-1,-1,1,-1,1,-1,1,-1,1,-1,-1,-1,1,1,-1,-1,1,-1,-1,-1,1,-1,-1,1,-1,-1,-1,1,1,-1,1,-1,-1,1,1,-1,-1,-1,1,-1,1,1,-1,1,1,-1,1,1,-1,-1,1,1,-1,-1,-1,1,-1,1,1,-1,1,1,-1,-1,-1,-1,1,-1,-1,-1,-1,-1,-1,-1,1,1,-1,1,1,-1,1,1,1,1,-1,1,-1,1,1,1,1,-1,1,-1,-1,1,1,1,-1,1,-1,1,1,1,1,-1,1,-1,1,1,1,-1,-1,1,-1,-1,1,1,-1,-1,-1,1,-1,1,-1,1,-1,1,-1,-1,1,-2664.0,1,2000,445,1500,True
2167,1,1,-1,-1,1,-1,-1,-1,1,1,1,-1,1,1,-1,1,-1,1,-1,-1,1,1,1,1,1,-1,-1,-1,1,1,1,1,1,-1,-1,-1,1,1,1,1,-1,-1,-1,1,1,1,1,-1,1,1,1,1,-1,1,-1,-1,1,-1,1,1,-1,-1,-1,1,1,1,1,1,-1,-1,1,1,1,1,1,-1,-1,-1,1,1,1,-1,-1,-1,1,1,1,1,-1,-1,-1,1,1,1,1,-1,-1,1,1,-1,1,1,-1,-1,1,1,1,1,1,-1,-1,1,1,1,1,1,-1,-1,1,1,1,1,1,1,-1,-1,1,1,-1,1,1,-1,1,1,1,1,1,1,-1,-1,1,1,-1,1,1,-1,1,1,1,1,1,1,-1,-1,-1,1,1,1,1,-1,1,1,1,1,-1,1,-1,1,-1,1,1,1,-1,-1,1,1,1,1,1,-1,1,-1,-1,1,1,1,-1,1,1,1,1,-1,1,1,1,1,-1,1,-1,1,-1,1,1,-1,1,-1,1,1,-1,1,-1,1,-1,1,-1,1,1,-1,1,-1,1,1,1,1,-1,-1,1,1,-1,-1,1,-1,1,1,-1,1,-1,1,-1,1,-1,1,-1,-1,1,-1,-1,1,1,1,-1,1,-1,1,1,1,-1,1,1,-1,1,-1,1,-1,1,-1,-1,-1,1,1,-1,1,-1,-1,1,1,1,-1,1,-1,-1,-1,-1,1,-1,-1,1,-1,-1,-1,1,1,-1,1,1,-1,1,1,1,1,-1,1,-1,1,1,-1,1,-1,1,1,-1,1,1,1,1,1,-1,-1,1,-1,-1,1,1,1,-1,1,1,1,-1,1,-1,-1,1,1,1,1,1,-1,1,1,1,-1,1,1,-1,1,1,1,-1,1,1,-1,1,-1,1,1,-1,1,-1,1,1,1,-1,1,1,-1,1,1,1,-1,1,-1,-1,1,1,1,-1,1,-1,-1,1,1,1,-1,1,-1,-1,-1,-1,1,-1,1,1,-1,1,1,1,1,-1,1,-1,-1,-1,1,-1,1,-1,-1,1,-1,-1,-1,1,1,-1,1,-1,1,-1,1,-1,1,-1,1,1,1,1,-1,1,-1,1,1,-1,1,-1,-1,-1,-1,1,1,1,1,-1,-1,1,1,1,1,-1,-1,1,-1,-1,1,-1,1,-1,1,-1,1,1,-1,-1,-1,1,1,-1,1,-1,1,-1,-1,1,-1,1,1,-1,-1,-1,1,-1,-1,1,1,-1,-1,-1,-1,1,1,-1,1,-1,1,-1,-1,1,1,-1,1,1,-1,1,1,-1,-1,1,1,-1,1,-1,1,-1,1,-1,-1,1,-1,1,-1,1,-1,-1,1,-1,-1,-1,1,-1,-1,1,-1,1,-1,1,-1,-1,1,-1,-1,1,-1,1,-1,1,1,1,-1,1,1,-1,-1,1,1,-1,1,-1,-1,1,1,1,1,1,1,-1,-1,1,1,-1,1,1,-1,-1,1,1,1,1,1,1,-1,1,1,1,-1,1,-1,1,-1,-1,-1,1,-1,-1,1,-1,-1,1,1,-1,1,-1,-1,-1,1,1,-1,1,1,-1,-1,-1,1,-1,1,1,-1,-1,-1,1,-1,-1,-1,-1,1,-1,1,-1,-1,-1,-1,-1,-1,1,1,1,1,1,1,-1,1,-1,1,1,-1,1,-1,1,-1,-1,1,-1,1,-1,-1,1,1,1,1,-1,-1,1,1,1,1,-1,1,-1,-1,1,1,1,-1,-1,-1,1,1,1,1,-1,-1,-1,1,-1,1,-1,1,-1,-1,-1,1,1,1,-1,-1,-1,-1,1,1,1,1,-1,-1,-1,1,1,1,1,-1,-1,-1,1,-1,1,-1,-1,-1,-1,1,1,1,1,-1,1,-1,1,-1,1,1,-1,-1,-1,1,1,-1,1,-1,-1,-1,1,1,1,1,-1,-1,1,-1,1,-1,1,-1,1,1,-1,1,1,-1,-1,-1,1,1,-1,1,1,-1,1,-1,1,-1,1,1,-1,-1,1,-1,1,-1,-1,-1,1,-1,1,-1,1,-1,-1,-1,-1,1,-1,1,-1,-1,-1,1,1,-1,-1,1,-1,1,-1,-1,-1,1,-1,-1,-1,1,1,1,-1,-1,-1,-1,1,-1,-1,1,-1,-1,-1,-1,-1,-1,1,-1,-1,-1,1,-1,-1,1,-1,-1,-1,-1,-1,1,1,-1,-1,-1,-1,-1,1,-1,-1,-1,1,-1,-1,1,-1,1,-1,-1,-1,-1,-1,-1,-1,1,-1,-1,-1,1,1,1,-1,-1,1,-1,1,-1,-1,-1,1,-1,-1,1,1,1,-1,-1,-1,-1,1,-1,1,1,-1,1,-1,-1,1,1,-1,-1,-1,-1,-1,-1,1,1,-1,-1,1,-1,1,1,-1,-1,-1,1,-1,-1,1,-1,-1,1,-1,-1,1,1,1,-1,1,-1,1,1,1,-1,-1,1,-1,-1,1,1,1,-1,1,-1,-1,1,1,-1,1,1,-1,-1,1,1,1,1,1,-1,-1,1,1,1,1,1,-1,-1,1,1,1,1,-1,1,-1,-1,1,1,-1,1,-1,-1,1,-1,1,1,1,1,-1,-1,1,-1,1,1,1,-1,1,1,1,1,-1,1,-1,1,1,1,1,1,1,1,-1,1,1,1,1,-1,1,-1,1,1,1,1,1,-1,1,1,1,1,-1,1,1,-1,1,1,-1,1,1,-1,-1,1,1,1,1,-1,1,-1,1,1,1,-1,-1,1,-1,1,1,1,-1,1,-1,-1,-1,1,1,-1,-1,1,-1,-1,1,1,1,-1,1,-1,-1,1,1,1,-1,1,-1,-1,1,1,-1,-1,-1,1,-1,-1,1,-1,1,1,-1,1,1,-1,-1,1,1,-1,-1,1,1,-1,1,1,-1,1,1,-1,-1,-1,-1,1,-1,-1,-1,-1,-1,1,-1,1,1,-1,1,1,-1,1,1,1,1,-1,1,-1,1,1,1,1,-1,1,-1,-1,-1,1,1,-1,1,-1,1,1,1,1,-1,1,-1,1,1,-1,-1,-1,1,-1,-1,1,1,-1,-1,-1,1,-1,1,-1,1,-1,1,-1,-1,1,-2664.0,1,2000,445,0,False
2168,-1,-1,1,1,1,1,-1,1,-1,-1,-1,1,-1,1,-1,-1,1,-1,1,1,-1,1,-1,-1,-1,1,-1,-1,1,-1,-1,-1,1,1,-1,1,1,-1,-1,-1,1,-1,1,-1,-1,-1,-1,1,-1,-1,1,-1,1,-1,1,-1,-1,1,-1,-1,-1,1,1,1,-1,-1,-1,-1,-1,-1,1,-1,-1,-1,-1,-1,-1,1,-1,-1,-1,1,1,-1,-1,-1,-1,1,-1,1,-1,-1,-1,-1,-1,-1,-1,1,-1,1,-1,-1,-1,-1,1,-1,-1,-1,-1,-1,-1,1,-1,1,-1,-1,-1,-1,1,-1,-1,-1,-1,-1,-1,1,-1,-1,1,-1,-1,-1,1,-1,1,-1,-1,-1,-1,-1,-1,-1,1,-1,-1,-1,1,-1,-1,-1,-1,-1,-1,-1,1,-1,1,-1,-1,-1,1,-1,-1,-1,-1,-1,-1,1,-1,1,-1,-1,-1,-1,1,-1,1,-1,-1,-1,1,-1,1,1,-1,-1,-1,1,1,-1,1,1,-1,1,1,1,-1,1,-1,-1,-1,1,1,-1,-1,1,-1,-1,-1,1,-1,1,-1,-1,-1,1,1,-1,1,-1,-1,1,1,1,-1,-1,1,-1,-1,-1,1,-1,1,1,-1,1,-1,1,-1,1,1,-1,-1,1,1,-1,1,1,1,-1,-1,1,-1,1,1,1,-1,1,1,-1,1,1,-1,-1,1,-1,1,-1,1,-1,-1,1,-1,-1,-1,-1,1,-1,1,-1,1,-1,-1,1,-1,-1,1,1,-1,-1,-1,-1,-1,1,1,-1,1,-1,1,-1,-1,1,-1,1,1,-1,1,-1,1,1,-1,1,-1,-1,-1,1,-1,-1,1,-1,1,-1,-1,1,-1,1,1,1,-1,1,-1,-1,1,1,-1,-1,1,-1,1,1,-1,1,-1,1,-1,1,1,1,-1,1,1,-1,1,-1,1,-1,1,1,-1,1,1,1,1,1,1,-1,1,1,1,1,1,-1,-1,1,1,1,1,1,-1,-1,1,1,1,1,1,-1,-1,-1,-1,1,-1,1,1,-1,1,1,1,1,1,1,-1,-1,-1,1,1,-1,-1,-1,1,-1,-1,-1,1,1,-1,1,-1,1,-1,1,-1,1,-1,1,1,1,1,-1,1,-1,1,1,-1,1,-1,-1,-1,-1,1,1,1,1,-1,-1,1,-1,1,1,-1,-1,1,-1,-1,1,-1,1,-1,1,-1,1,-1,1,-1,-1,1,1,-1,1,-1,1,-1,-1,1,-1,1,-1,-1,-1,-1,1,-1,-1,1,1,-1,-1,1,-1,1,1,-1,1,-1,1,-1,1,-1,1,-1,-1,1,-1,1,-1,-1,-1,1,1,-1,1,-1,1,-1,1,-1,1,1,-1,1,-1,1,-1,-1,1,-1,-1,-1,1,-1,1,-1,1,1,-1,1,-1,-1,1,-1,-1,1,-1,1,-1,1,-1,1,-1,1,1,-1,1,-1,1,-1,1,-1,-1,1,-1,1,1,1,1,-1,-1,1,1,-1,1,1,-1,-1,1,1,1,-1,1,1,-1,1,1,1,1,-1,-1,1,-1,1,1,-1,1,-1,1,-1,-1,1,1,-1,1,-1,-1,1,-1,1,-1,1,1,-1,1,1,1,-1,1,1,-1,-1,1,1,-1,-1,-1,-1,1,1,1,-1,-1,-1,-1,1,1,1,-1,1,1,1,-1,1,1,-1,1,1,-1,1,1,1,-1,-1,1,-1,-1,1,1,1,1,1,1,1,1,1,1,1,1,-1,1,1,-1,1,1,1,-1,1,1,-1,1,1,1,-1,1,1,1,-1,1,-1,1,-1,1,-1,1,1,1,-1,1,1,1,1,1,1,1,1,1,-1,1,1,1,1,1,1,-1,1,-1,1,-1,1,-1,1,1,1,1,1,1,1,-1,1,-1,1,1,1,1,-1,1,1,-1,1,1,-1,-1,1,1,1,1,1,1,-1,-1,1,-1,-1,1,-1,1,-1,1,1,-1,1,-1,1,1,-1,1,1,1,-1,-1,1,-1,1,-1,1,1,1,-1,1,-1,-1,1,1,-1,1,-1,1,-1,1,1,-1,1,-1,1,-1,1,1,-1,1,-1,1,-1,1,1,1,-1,-1,-1,-1,1,1,-1,-1,1,-1,-1,1,1,1,-1,1,-1,-1,1,1,-1,-1,-1,1,-1,1,1,-1,-1,-1,1,-1,1,1,1,1,1,1,-1,1,1,-1,-1,1,-1,-1,1,-1,1,-1,1,-1,1,1,1,1,-1,-1,-1,-1,-1,1,1,-1,1,1,-1,1,1,1,-1,1,-1,-1,1,1,1,-1,1,1,1,1,1,1,-1,1,-1,1,1,1,1,1,-1,1,1,1,1,1,1,-1,-1,1,-1,1,1,1,-1,1,1,1,1,1,1,-1,1,1,1,1,1,1,-1,1,1,-1,1,1,-1,1,1,1,1,1,1,-1,-1,1,1,1,1,1,-1,-1,1,1,1,1,1,1,-1,1,1,1,1,1,1,-1,1,1,1,1,1,1,-1,1,1,-1,1,1,1,-1,1,1,-1,1,1,1,-1,1,-1,-1,1,1,1,-1,-1,1,-1,1,1,1,-1,1,1,-1,1,-1,1,-1,1,1,-1,1,1,1,-1,-1,-1,1,1,1,-1,1,-1,1,1,1,1,-1,1,-1,1,1,1,-1,-1,1,-1,1,1,-1,1,-1,-1,-1,1,-1,1,-1,1,-1,-1,1,-1,1,-1,-1,-1,-1,1,-1,1,-1,-1,-1,-1,-1,1,1,-1,1,-1,-1,-1,-1,1,-1,-1,1,-1,1,-1,1,1,1,1,-1,-1,1,1,-1,-1,1,1,1,1,1,-1,1,-1,-1,1,1,-1,-1,1,-1,-1,-1,-1,1,-1,1,1,1,1,1,-1,-1,-1,-1,-1,-1,-1,-1,-1,1,-1,1,1,1,-1,1,1,-1,1,1,1,1,-1,1,-1,1,1,1,1,-1,1,-1,1,1,1,1,-1,1,-1,1,1,1,1,-1,1,-1,1,1,1,-1,-1,1,-1,-1,1,1,-1,-1,-1,1,-1,1,1,1,-1,1,-1,-1,1,-2664.0,1,2000,445,1500,True
2169,1,1,-1,-1,1,-1,-1,1,1,1,1,-1,1,1,1,1,-1,1,-1,-1,1,1,1,1,1,-1,-1,-1,1,1,1,1,1,-1,-1,1,-1,1,1,1,-1,-1,1,1,1,1,1,-1,1,-1,1,1,-1,1,-1,-1,1,-1,1,1,1,-1,-1,-1,1,1,1,1,-1,-1,1,-1,1,1,1,-1,-1,1,1,1,1,-1,-1,-1,-1,1,1,1,-1,-1,-1,1,-1,1,1,-1,-1,1,-1,-1,1,1,-1,-1,1,-1,-1,1,1,-1,-1,1,-1,-1,1,1,-1,-1,1,-1,-1,1,1,1,-1,-1,-1,-1,1,1,1,-1,1,-1,-1,1,1,1,-1,-1,-1,-1,-1,1,1,-1,1,-1,-1,-1,1,1,-1,-1,1,-1,1,1,1,-1,1,-1,-1,-1,1,1,-1,1,1,-1,1,1,-1,-1,1,-1,-1,1,1,-1,1,-1,1,-1,1,1,-1,1,1,-1,-1,-1,1,1,1,1,1,-1,-1,1,-1,1,1,1,-1,-1,1,1,-1,1,1,-1,1,1,-1,1,1,1,-1,1,1,1,1,1,1,1,-1,1,-1,-1,1,1,1,-1,1,1,-1,1,1,-1,-1,1,-1,-1,1,1,1,-1,1,1,-1,1,1,-1,1,1,-1,1,1,1,-1,-1,1,-1,1,-1,1,1,1,1,-1,1,-1,1,1,1,1,-1,1,-1,1,1,1,1,-1,-1,1,1,1,1,1,1,-1,1,1,1,-1,1,1,1,-1,1,1,1,1,-1,1,-1,1,1,1,-1,1,1,1,1,1,1,1,-1,-1,-1,1,-1,1,1,1,1,-1,1,1,1,1,1,1,1,1,1,1,1,1,-1,-1,1,1,1,1,1,-1,1,1,1,1,-1,1,1,-1,1,1,1,1,1,-1,1,1,1,1,1,1,-1,1,-1,1,1,1,1,-1,1,-1,1,1,1,1,-1,1,-1,1,-1,-1,1,-1,1,1,-1,1,1,1,1,-1,1,-1,1,-1,1,-1,1,-1,-1,1,-1,-1,-1,1,1,-1,1,-1,1,-1,1,-1,1,-1,1,1,1,1,-1,1,-1,1,1,-1,1,-1,-1,-1,-1,1,1,1,1,-1,-1,1,1,1,1,-1,-1,1,-1,-1,1,-1,1,-1,1,-1,1,1,1,-1,-1,1,1,-1,1,-1,1,-1,-1,1,-1,1,1,-1,-1,-1,1,-1,-1,1,1,-1,-1,1,-1,1,1,-1,1,-1,1,-1,-1,1,1,-1,-1,1,-1,1,1,-1,-1,1,1,-1,1,-1,1,-1,1,-1,1,1,-1,1,-1,1,-1,-1,1,-1,-1,-1,1,-1,-1,1,-1,1,-1,1,-1,-1,1,-1,-1,1,-1,1,-1,1,1,1,-1,1,1,-1,1,-1,1,-1,1,-1,-1,1,-1,1,1,1,1,-1,-1,1,1,-1,1,1,-1,1,1,1,1,-1,1,1,-1,1,1,1,1,1,1,1,-1,1,1,-1,1,-1,1,-1,-1,1,-1,-1,1,-1,-1,1,-1,-1,-1,1,1,-1,-1,1,-1,-1,1,1,-1,-1,1,-1,-1,-1,-1,-1,-1,1,-1,-1,-1,-1,-1,-1,1,-1,-1,1,1,1,1,1,-1,1,1,1,-1,-1,1,-1,-1,-1,1,-1,-1,1,1,-1,1,1,1,-1,1,1,-1,-1,1,-1,-1,-1,1,-1,-1,1,-1,1,1,-1,-1,1,1,-1,1,1,-1,1,1,-1,1,1,1,1,-1,1,1,-1,-1,1,1,-1,1,1,1,-1,1,1,-1,-1,1,1,1,1,1,-1,1,1,-1,-1,1,1,-1,-1,1,1,-1,1,1,-1,-1,1,1,-1,1,1,-1,-1,-1,1,-1,1,1,-1,-1,1,1,-1,1,1,-1,-1,1,-1,-1,1,-1,1,-1,1,-1,-1,1,-1,-1,-1,1,1,-1,1,1,-1,-1,1,-1,-1,1,-1,-1,1,-1,-1,-1,1,1,-1,-1,1,1,-1,-1,1,-1,-1,1,-1,-1,-1,1,-1,1,1,-1,-1,-1,-1,-1,-1,-1,-1,-1,-1,1,-1,1,-1,-1,-1,-1,-1,-1,1,-1,-1,-1,-1,1,1,-1,1,-1,-1,-1,1,-1,-1,1,-1,-1,-1,-1,-1,1,1,-1,-1,-1,-1,-1,1,-1,-1,-1,1,-1,-1,1,-1,1,-1,-1,-1,-1,-1,-1,-1,1,-1,-1,-1,1,1,1,-1,-1,-1,1,1,-1,-1,-1,-1,-1,-1,1,-1,1,-1,-1,-1,-1,1,-1,1,1,-1,1,-1,-1,1,1,-1,-1,-1,-1,-1,-1,1,1,-1,-1,1,-1,1,1,-1,-1,-1,1,-1,1,1,-1,-1,1,-1,-1,1,1,1,-1,1,-1,1,1,1,-1,-1,1,-1,-1,1,1,1,-1,1,-1,-1,1,1,-1,1,1,-1,-1,1,1,1,1,1,-1,-1,1,1,1,1,1,-1,-1,1,1,1,1,-1,1,-1,-1,1,1,-1,1,-1,-1,1,-1,1,1,1,1,-1,-1,1,-1,1,1,1,-1,1,-1,1,1,-1,1,-1,1,1,1,1,1,1,1,-1,-1,1,1,1,-1,1,-1,1,1,1,1,1,-1,1,-1,1,1,-1,1,1,-1,-1,1,-1,1,1,-1,-1,1,1,1,1,-1,1,-1,-1,1,1,-1,-1,1,-1,1,1,1,-1,1,-1,-1,-1,1,1,-1,-1,1,-1,-1,1,1,-1,-1,1,-1,-1,1,1,1,-1,1,-1,-1,1,1,-1,-1,-1,1,-1,-1,1,-1,1,1,-1,1,1,-1,-1,1,1,-1,-1,1,1,-1,1,1,-1,1,1,-1,-1,-1,-1,1,-1,-1,-1,-1,1,-1,-1,1,1,-1,1,1,-1,1,1,1,1,-1,1,-1,1,1,1,1,-1,1,-1,-1,1,1,1,-1,1,-1,1,1,1,1,-1,1,-1,1,1,-1,-1,-1,1,-1,-1,1,1,-1,-1,-1,1,-1,1,-1,1,-1,1,-1,-1,1,-2664.0,1,2000,445,0,False
2170,1,1,-1,-1,1,-1,-1,-1,1,1,1,-1,1,1,1,1,-1,1,1,-1,-1,-1,1,1,1,1,-1,-1,1,1,1,1,-1,-1,-1,-1,1,1,1,1,-1,-1,-1,1,1,1,1,-1,1,1,1,1,-1,1,-1,-1,1,-1,1,1,1,-1,-1,-1,1,1,1,1,-1,-1,-1,1,1,1,1,-1,-1,-1,1,1,1,-1,-1,-1,1,1,1,1,-1,-1,1,1,1,1,1,-1,-1,1,1,-1,1,1,-1,-1,1,1,1,1,1,-1,-1,1,1,1,1,1,-1,-1,1,1,1,1,1,1,-1,1,1,1,-1,1,1,-1,-1,1,1,1,1,1,-1,1,1,1,1,1,1,-1,-1,1,1,1,1,1,-1,1,-1,1,1,1,1,-1,1,1,1,1,-1,1,-1,1,-1,1,1,1,-1,-1,1,1,1,1,1,-1,1,-1,-1,1,-1,1,-1,1,1,1,1,1,1,1,1,1,-1,1,-1,1,-1,1,1,-1,1,-1,1,1,-1,1,-1,1,-1,1,-1,1,1,-1,-1,-1,1,1,1,1,-1,-1,1,1,-1,-1,1,-1,1,-1,-1,1,-1,1,-1,1,-1,1,-1,-1,1,-1,-1,-1,1,1,-1,1,-1,1,1,1,-1,1,1,-1,-1,-1,1,-1,1,-1,1,-1,1,1,-1,1,-1,-1,-1,1,1,-1,1,-1,-1,-1,1,1,-1,-1,1,1,-1,-1,1,1,-1,1,1,-1,1,1,1,1,-1,1,-1,1,1,-1,1,-1,1,1,1,1,1,1,1,1,-1,-1,1,-1,-1,-1,1,1,-1,1,1,1,-1,1,1,1,1,1,1,1,1,-1,1,1,1,-1,1,1,-1,1,1,1,-1,1,1,-1,-1,1,1,1,-1,1,-1,1,1,1,-1,1,1,-1,1,1,1,-1,1,1,-1,1,1,1,-1,1,1,-1,-1,1,1,-1,1,1,-1,1,-1,1,-1,1,-1,1,-1,1,1,1,-1,-1,1,-1,1,1,-1,1,1,1,-1,-1,-1,-1,1,1,1,-1,1,1,-1,1,1,-1,-1,1,1,1,1,1,-1,1,1,1,-1,1,1,1,1,-1,1,1,1,-1,1,-1,1,-1,1,-1,1,1,-1,-1,-1,1,-1,1,1,-1,1,-1,1,-1,1,1,1,-1,-1,1,-1,-1,1,-1,1,-1,1,1,-1,1,1,1,-1,-1,1,-1,1,1,-1,-1,1,1,1,-1,1,-1,-1,-1,1,-1,1,1,-1,-1,1,1,1,1,-1,1,-1,1,-1,1,1,-1,-1,1,1,-1,1,1,-1,-1,-1,1,-1,1,1,1,-1,-1,1,-1,-1,1,-1,-1,-1,1,-1,1,1,1,-1,-1,1,-1,-1,1,-1,-1,-1,1,-1,-1,1,-1,-1,-1,1,-1,-1,1,-1,-1,-1,-1,1,-1,1,-1,-1,-1,1,1,-1,-1,1,1,1,-1,1,-1,1,-1,1,1,1,-1,-1,-1,1,-1,1,1,1,1,-1,1,-1,-1,1,1,-1,1,1,-1,1,-1,1,-1,-1,1,-1,-1,1,1,1,-1,1,-1,-1,1,1,-1,-1,1,-1,1,1,1,-1,-1,1,-1,-1,-1,1,1,-1,1,1,-1,-1,1,-1,-1,1,-1,1,1,1,1,-1,-1,1,-1,-1,-1,-1,-1,1,1,1,-1,-1,1,-1,-1,1,-1,-1,1,-1,-1,1,1,-1,-1,1,-1,-1,1,1,-1,1,-1,-1,-1,-1,1,1,-1,-1,-1,-1,1,1,-1,-1,1,-1,-1,-1,1,1,-1,-1,-1,-1,-1,1,-1,-1,-1,-1,-1,-1,1,1,-1,-1,-1,-1,1,1,1,-1,-1,-1,-1,-1,1,1,1,-1,-1,-1,-1,1,1,-1,-1,-1,-1,1,1,1,1,1,-1,1,1,1,1,1,1,-1,-1,1,1,1,-1,-1,-1,1,1,1,1,-1,1,-1,-1,1,-1,1,-1,1,-1,-1,1,-1,1,-1,1,-1,-1,1,-1,1,-1,1,-1,-1,1,-1,1,1,1,-1,-1,1,-1,1,1,1,-1,-1,1,1,-1,1,1,-1,-1,1,-1,1,-1,1,-1,-1,-1,-1,-1,1,1,-1,-1,1,-1,-1,1,1,-1,-1,-1,-1,1,-1,1,-1,-1,-1,-1,-1,1,-1,-1,1,-1,-1,1,-1,1,-1,-1,-1,-1,-1,1,1,1,-1,-1,-1,1,1,1,-1,-1,1,-1,-1,-1,1,-1,1,-1,-1,1,1,1,-1,-1,-1,-1,1,-1,1,1,-1,1,-1,-1,1,1,-1,-1,-1,-1,-1,-1,1,1,-1,-1,1,-1,1,1,-1,-1,-1,1,-1,1,1,-1,-1,1,-1,-1,1,1,1,-1,1,-1,1,1,1,-1,-1,1,-1,-1,1,1,1,-1,1,-1,-1,1,1,-1,1,1,-1,-1,1,1,-1,1,1,-1,-1,1,1,-1,1,1,-1,-1,1,1,1,1,-1,1,-1,1,1,-1,1,1,-1,-1,1,-1,1,1,1,1,-1,-1,1,-1,1,1,1,-1,1,-1,1,1,-1,1,-1,1,1,1,1,1,1,1,-1,-1,1,1,1,-1,1,-1,1,1,1,1,1,-1,1,-1,1,1,-1,1,1,-1,-1,1,-1,1,1,-1,-1,1,1,1,1,-1,1,-1,-1,1,1,-1,-1,1,-1,1,1,1,-1,1,-1,-1,-1,1,1,-1,-1,1,-1,-1,1,1,1,-1,1,-1,-1,1,1,1,1,-1,-1,-1,1,1,-1,-1,-1,1,-1,-1,1,-1,1,1,-1,1,1,-1,-1,1,1,-1,-1,1,1,-1,1,1,-1,1,-1,1,-1,-1,-1,1,-1,-1,-1,-1,-1,1,-1,1,1,-1,1,1,-1,1,1,1,1,-1,1,-1,1,1,1,1,-1,1,-1,-1,1,1,-1,-1,1,-1,1,1,1,-1,-1,1,-1,1,1,1,-1,-1,1,-1,-1,1,1,-1,-1,-1,1,-1,1,1,-1,-1,1,-1,-1,1,-2664.0,1,2000,445,0,False
2171,1,1,-1,-1,1,-1,-1,-1,1,1,1,-1,1,1,1,1,-1,1,-1,-1,1,-1,1,1,1,-1,1,-1,1,1,1,1,-1,-1,-1,-1,1,-1,1,1,-1,-1,-1,1,1,1,1,-1,1,1,1,1,-1,1,-1,-1,1,-1,1,1,1,-1,-1,-1,1,1,1,1,-1,-1,-1,1,1,1,1,-1,-1,-1,1,1,1,-1,-1,-1,1,1,1,1,-1,-1,-1,1,1,1,1,-1,-1,1,1,-1,1,1,-1,-1,1,1,1,1,1,-1,-1,1,1,-1,1,1,-1,-1,1,1,1,1,1,1,-1,-1,1,1,-1,1,1,-1,1,1,1,1,1,1,-1,-1,1,1,1,1,1,-1,1,1,1,1,1,1,-1,-1,-1,1,1,1,1,-1,1,1,1,1,-1,1,-1,1,-1,1,1,1,-1,-1,1,1,1,1,1,-1,1,-1,-1,1,1,1,-1,1,1,1,1,-1,1,1,1,1,-1,1,-1,1,-1,1,1,-1,1,-1,1,1,-1,1,-1,1,-1,1,-1,1,1,-1,1,-1,1,1,1,1,-1,-1,1,1,-1,-1,1,-1,1,-1,1,1,-1,1,-1,1,-1,1,-1,1,1,-1,-1,-1,1,1,-1,1,-1,1,1,1,-1,1,1,-1,-1,-1,1,-1,1,-1,1,-1,1,1,-1,1,-1,-1,-1,-1,1,-1,1,-1,-1,-1,-1,1,-1,-1,1,1,-1,1,1,1,-1,1,1,-1,1,1,1,-1,-1,1,-1,1,1,-1,1,-1,1,1,1,-1,1,-1,-1,1,-1,-1,1,-1,1,-1,1,1,-1,1,1,1,-1,1,1,1,1,1,-1,-1,1,-1,1,1,1,1,-1,1,-1,1,1,1,-1,1,1,-1,-1,1,1,-1,-1,1,-1,1,1,1,1,1,1,-1,1,1,1,1,1,1,-1,1,1,1,1,1,1,-1,-1,1,1,1,1,1,-1,1,-1,1,-1,1,-1,1,-1,1,1,1,1,-1,1,-1,1,1,1,-1,1,1,-1,-1,-1,-1,1,1,1,-1,1,1,-1,1,1,-1,-1,1,1,1,1,1,-1,1,1,1,-1,1,1,1,1,-1,1,1,1,-1,1,-1,1,-1,1,1,1,1,-1,-1,-1,1,-1,1,1,1,-1,1,1,1,1,1,1,1,-1,1,-1,-1,1,-1,1,-1,1,-1,-1,1,1,1,-1,-1,1,-1,1,1,1,-1,1,1,1,-1,1,1,-1,1,-1,-1,1,1,1,-1,-1,-1,1,1,1,1,-1,1,-1,1,1,1,-1,1,1,1,1,1,1,-1,-1,1,-1,1,1,1,-1,1,-1,1,-1,1,1,-1,-1,1,-1,1,1,1,1,-1,1,-1,-1,1,1,1,-1,-1,-1,-1,1,1,-1,-1,1,-1,-1,1,-1,1,-1,-1,1,-1,1,-1,1,-1,-1,1,-1,-1,1,1,1,-1,1,-1,1,-1,-1,-1,1,-1,-1,-1,1,-1,1,1,1,1,-1,1,-1,-1,1,1,-1,1,1,-1,-1,-1,1,-1,-1,1,-1,-1,1,1,1,-1,1,-1,-1,1,1,-1,-1,1,-1,1,1,1,-1,-1,1,-1,-1,-1,1,1,-1,1,-1,-1,-1,1,-1,-1,1,-1,1,-1,1,1,-1,-1,1,-1,-1,-1,-1,-1,1,1,1,-1,-1,1,-1,-1,1,-1,-1,1,-1,-1,1,1,-1,-1,1,1,-1,1,1,-1,1,-1,1,-1,-1,1,1,-1,-1,-1,-1,1,1,-1,-1,1,-1,-1,-1,1,1,-1,-1,-1,-1,-1,1,-1,-1,-1,-1,-1,1,1,1,-1,-1,-1,-1,-1,1,1,-1,-1,-1,-1,-1,1,1,1,-1,-1,-1,-1,1,1,-1,-1,-1,-1,1,-1,1,1,-1,-1,1,1,-1,1,1,-1,-1,-1,1,1,1,-1,1,-1,1,1,1,1,-1,1,-1,-1,1,-1,1,-1,1,-1,-1,1,-1,1,-1,-1,-1,-1,1,-1,1,-1,1,1,-1,1,-1,1,-1,1,1,1,-1,-1,1,-1,-1,-1,-1,1,-1,-1,-1,-1,-1,-1,1,-1,1,-1,-1,-1,-1,1,1,-1,1,-1,-1,-1,1,1,-1,1,-1,-1,-1,-1,-1,1,1,-1,-1,-1,-1,-1,1,-1,-1,-1,1,-1,-1,1,-1,1,-1,-1,-1,-1,-1,-1,-1,1,-1,-1,-1,1,1,-1,-1,-1,-1,1,-1,-1,-1,-1,1,-1,-1,1,-1,1,-1,-1,-1,-1,1,-1,1,1,-1,1,-1,-1,1,1,-1,-1,-1,-1,-1,-1,1,1,-1,-1,1,-1,1,1,-1,-1,-1,1,-1,-1,1,-1,-1,1,-1,-1,1,1,1,-1,1,-1,1,1,1,-1,-1,1,-1,-1,1,1,1,-1,1,-1,-1,1,1,-1,1,1,-1,-1,1,1,-1,1,1,-1,-1,1,1,-1,1,1,-1,-1,1,1,1,1,1,1,-1,1,1,1,-1,1,-1,-1,1,-1,1,1,1,1,-1,-1,1,-1,1,1,1,-1,1,1,1,1,-1,1,-1,1,1,1,1,1,1,-1,-1,1,1,1,1,-1,1,-1,1,1,1,1,-1,1,-1,1,1,1,-1,-1,1,-1,1,1,-1,1,-1,-1,-1,1,1,1,-1,1,-1,-1,1,1,1,-1,-1,-1,1,1,1,1,-1,1,-1,-1,-1,1,1,-1,1,-1,-1,-1,1,1,1,-1,1,-1,1,1,1,1,1,1,-1,-1,1,1,-1,-1,1,1,1,-1,1,-1,1,-1,-1,1,1,-1,-1,1,-1,-1,-1,1,1,-1,1,-1,1,1,1,-1,-1,-1,-1,-1,-1,-1,-1,-1,1,-1,1,1,1,-1,1,1,-1,1,1,1,1,-1,1,-1,1,1,1,1,-1,1,-1,1,1,1,1,-1,1,-1,1,1,1,1,-1,1,-1,1,1,-1,-1,-1,1,-1,-1,1,1,-1,-1,-1,1,-1,1,-1,1,-1,1,-1,-1,1,-2664.0,1,2000,445,1000,False
2172,-1,-1,1,1,1,1,-1,1,-1,-1,-1,1,-1,1,-1,-1,1,-1,1,1,1,1,-1,-1,-1,1,-1,-1,-1,-1,-1,-1,1,1,-1,1,1,-1,-1,-1,1,-1,1,-1,-1,-1,-1,-1,1,-1,1,-1,1,-1,1,-1,-1,1,-1,-1,-1,1,1,1,-1,-1,-1,-1,-1,-1,1,-1,-1,-1,-1,-1,1,1,-1,-1,-1,1,1,-1,-1,-1,-1,1,-1,1,-1,-1,1,-1,-1,-1,-1,1,-1,1,-1,-1,-1,-1,1,-1,-1,-1,-1,-1,-1,1,-1,1,-1,-1,-1,-1,1,-1,-1,1,-1,-1,-1,1,-1,-1,1,-1,-1,-1,1,-1,1,-1,-1,-1,-1,1,-1,-1,1,-1,-1,-1,-1,-1,-1,1,-1,-1,-1,1,1,-1,1,1,-1,-1,1,-1,-1,1,-1,-1,-1,1,-1,1,-1,-1,-1,-1,1,-1,1,1,-1,-1,1,-1,1,1,-1,-1,-1,1,1,-1,1,1,-1,-1,1,1,-1,1,1,-1,-1,-1,1,-1,-1,1,-1,-1,-1,1,-1,1,1,-1,1,1,1,-1,1,1,-1,1,1,1,-1,-1,1,1,-1,-1,1,-1,1,1,-1,1,-1,1,-1,1,1,-1,1,1,1,-1,1,1,-1,-1,1,1,-1,1,-1,1,1,1,-1,-1,1,1,-1,1,1,1,1,-1,-1,-1,1,1,-1,-1,-1,-1,-1,1,1,-1,1,-1,1,-1,1,-1,1,1,-1,1,-1,1,1,1,1,-1,-1,-1,-1,1,-1,1,-1,-1,-1,1,-1,-1,1,1,-1,-1,-1,1,1,1,-1,-1,-1,1,1,-1,-1,1,-1,-1,1,1,-1,1,-1,-1,-1,1,1,1,1,-1,-1,-1,1,-1,1,1,-1,-1,1,-1,-1,1,1,-1,1,1,1,1,-1,1,-1,1,1,1,-1,1,1,-1,-1,1,1,-1,1,-1,-1,-1,1,1,-1,1,-1,-1,1,-1,1,-1,1,-1,-1,1,-1,1,-1,1,1,-1,1,-1,1,1,-1,1,-1,-1,1,1,-1,1,-1,-1,1,1,-1,-1,1,1,-1,1,-1,1,-1,1,-1,1,1,-1,1,1,1,-1,1,1,-1,1,-1,1,-1,-1,1,-1,1,1,-1,1,-1,1,1,-1,1,-1,-1,-1,1,-1,-1,1,-1,1,-1,-1,1,-1,1,-1,-1,-1,-1,1,-1,1,-1,1,-1,1,-1,-1,1,-1,-1,-1,-1,1,-1,-1,1,1,-1,-1,1,-1,1,1,-1,1,-1,1,-1,1,-1,1,-1,-1,-1,-1,1,-1,-1,1,-1,1,-1,1,-1,1,-1,-1,-1,1,1,-1,1,-1,-1,-1,-1,1,-1,-1,-1,-1,-1,1,-1,-1,1,-1,1,-1,-1,1,-1,-1,1,-1,-1,-1,1,-1,1,-1,1,-1,-1,1,-1,1,-1,1,-1,-1,1,-1,1,1,1,-1,-1,-1,1,1,-1,1,-1,-1,-1,1,1,1,-1,1,1,-1,1,1,1,1,1,-1,1,-1,1,1,-1,1,-1,1,-1,-1,1,1,-1,1,-1,-1,1,-1,1,-1,1,1,-1,1,1,1,-1,1,1,-1,-1,1,1,-1,-1,-1,-1,1,1,1,-1,-1,-1,-1,1,1,1,-1,1,1,1,-1,1,1,-1,1,1,-1,1,1,1,-1,-1,1,-1,-1,1,1,-1,1,1,1,1,1,1,1,1,1,-1,1,1,-1,1,1,1,-1,1,1,-1,1,1,1,-1,1,1,1,-1,1,-1,1,-1,1,-1,1,1,1,-1,1,1,1,1,1,1,1,1,1,-1,1,1,1,1,-1,1,-1,1,-1,1,-1,1,-1,1,1,1,1,1,1,1,-1,1,-1,1,1,1,-1,-1,1,1,-1,1,1,-1,-1,1,1,1,1,1,1,-1,1,1,-1,-1,1,-1,-1,1,1,1,-1,1,-1,-1,1,-1,-1,1,1,-1,-1,1,-1,1,-1,1,1,-1,1,-1,1,-1,1,-1,-1,1,-1,1,-1,1,1,-1,1,-1,1,-1,1,-1,-1,1,-1,1,-1,1,1,-1,1,1,1,1,1,-1,1,1,-1,1,1,1,1,-1,1,-1,1,-1,1,1,-1,1,1,-1,1,1,1,-1,1,1,-1,1,1,1,1,1,-1,-1,1,1,1,1,1,-1,1,-1,1,1,1,1,1,-1,1,1,1,1,1,1,-1,1,-1,1,1,1,1,1,1,1,1,1,1,1,-1,1,1,1,1,1,-1,1,1,1,1,1,1,1,-1,1,1,1,1,1,-1,1,1,1,1,1,1,-1,-1,1,-1,1,1,1,-1,1,1,1,1,1,-1,-1,1,1,1,1,1,1,-1,1,1,-1,1,1,-1,1,1,1,1,1,1,-1,-1,1,1,1,1,-1,1,-1,1,1,1,1,-1,-1,-1,1,1,1,1,-1,1,-1,1,1,1,1,1,-1,-1,1,1,-1,1,1,-1,-1,1,1,-1,1,-1,-1,-1,1,-1,1,1,1,-1,-1,-1,1,-1,1,1,-1,-1,1,1,-1,1,1,-1,1,1,1,-1,1,1,-1,1,-1,-1,1,1,1,-1,1,-1,1,1,1,-1,1,-1,1,1,1,1,-1,1,1,-1,1,1,-1,1,1,-1,-1,-1,-1,1,1,-1,1,-1,1,-1,1,-1,-1,1,-1,1,-1,1,-1,1,-1,-1,-1,1,1,-1,1,1,-1,-1,-1,1,1,-1,1,-1,1,-1,1,1,-1,1,-1,-1,1,1,-1,-1,-1,1,1,1,-1,-1,1,1,-1,1,1,-1,-1,1,1,-1,-1,-1,1,-1,1,1,1,1,-1,1,-1,-1,-1,-1,-1,-1,-1,-1,-1,1,1,1,1,-1,1,1,-1,1,1,-1,-1,-1,1,-1,1,1,1,1,-1,1,-1,1,1,1,-1,1,1,-1,1,1,1,-1,-1,1,-1,1,1,-1,-1,-1,1,-1,1,1,1,-1,-1,1,1,-1,1,-1,1,-1,1,-1,1,1,-2664.0,1,2000,445,1500,True
2173,-1,-1,1,1,1,1,-1,1,-1,-1,-1,1,-1,1,-1,-1,1,-1,1,1,1,1,-1,-1,-1,1,-1,-1,1,-1,-1,-1,1,1,-1,1,1,-1,-1,-1,1,-1,1,-1,-1,-1,-1,-1,1,-1,1,-1,1,-1,1,-1,-1,1,-1,-1,-1,1,1,1,-1,-1,-1,-1,-1,-1,1,-1,-1,-1,-1,-1,1,1,-1,-1,-1,1,1,-1,-1,-1,-1,-1,-1,1,-1,-1,1,-1,-1,-1,-1,1,-1,1,-1,-1,-1,-1,1,-1,-1,-1,-1,-1,-1,1,-1,1,-1,-1,-1,-1,1,-1,-1,1,-1,-1,-1,1,-1,-1,1,-1,-1,-1,1,-1,1,-1,-1,-1,-1,1,-1,-1,1,-1,-1,-1,-1,-1,-1,1,-1,-1,-1,1,1,-1,1,1,-1,-1,1,-1,-1,1,-1,-1,-1,1,-1,1,-1,-1,-1,-1,1,-1,1,1,-1,-1,1,-1,1,1,-1,-1,-1,1,1,-1,1,1,-1,-1,1,1,-1,1,1,-1,1,-1,1,-1,-1,1,-1,-1,-1,1,-1,1,1,-1,1,1,1,-1,1,1,-1,1,1,1,-1,-1,1,1,-1,-1,1,-1,1,1,-1,1,-1,1,-1,1,1,-1,1,1,1,-1,1,1,-1,-1,1,1,-1,1,-1,-1,1,1,-1,-1,1,1,-1,1,1,1,1,-1,-1,-1,1,1,-1,-1,-1,1,-1,1,1,-1,1,-1,1,-1,1,-1,1,1,-1,1,-1,1,1,1,1,-1,-1,-1,-1,1,-1,1,-1,-1,-1,1,1,-1,1,1,-1,-1,-1,1,1,1,-1,-1,-1,1,1,-1,-1,1,-1,-1,1,1,-1,1,-1,-1,-1,1,1,1,1,-1,-1,-1,1,-1,1,1,-1,-1,1,-1,-1,1,1,-1,1,1,1,1,-1,1,-1,1,1,1,-1,1,1,-1,-1,1,1,-1,1,-1,-1,-1,1,1,-1,1,-1,-1,1,-1,1,-1,1,-1,-1,1,-1,1,-1,1,1,-1,1,-1,1,1,-1,1,-1,-1,1,1,-1,1,-1,-1,1,1,-1,-1,1,1,-1,1,-1,1,-1,1,-1,1,1,-1,1,1,1,-1,1,1,-1,1,-1,1,-1,-1,1,-1,1,1,-1,1,-1,1,1,-1,1,-1,-1,-1,1,-1,-1,1,-1,1,-1,-1,1,-1,1,-1,-1,-1,-1,1,-1,1,-1,1,-1,1,-1,-1,1,-1,-1,-1,-1,1,-1,-1,1,1,-1,-1,1,-1,1,1,-1,1,-1,1,-1,1,-1,1,-1,-1,-1,-1,1,-1,-1,1,-1,1,-1,1,-1,1,-1,-1,-1,1,1,1,1,-1,-1,-1,-1,1,-1,-1,-1,-1,-1,1,-1,1,1,-1,1,-1,-1,1,-1,-1,1,-1,-1,-1,1,-1,1,-1,1,-1,-1,-1,-1,1,-1,1,-1,-1,1,-1,1,1,1,-1,-1,-1,1,1,-1,1,-1,1,-1,1,1,1,-1,1,1,-1,1,1,1,1,1,1,1,-1,1,1,-1,1,-1,1,-1,-1,1,1,-1,1,-1,-1,1,-1,1,-1,1,1,-1,1,1,1,-1,1,1,-1,-1,1,1,-1,-1,-1,-1,1,1,1,-1,-1,-1,-1,1,1,1,-1,1,1,1,-1,1,1,-1,1,1,-1,1,1,1,-1,-1,1,-1,-1,1,1,-1,1,1,1,1,1,1,1,1,1,-1,1,1,-1,1,1,1,-1,1,1,-1,1,1,1,-1,1,1,1,-1,1,-1,1,-1,1,-1,1,1,1,-1,1,1,1,1,1,1,1,1,1,-1,1,1,1,1,-1,1,-1,1,-1,1,-1,1,-1,1,1,1,1,1,1,1,-1,1,-1,1,1,1,-1,-1,1,1,-1,1,1,-1,-1,1,1,1,1,1,1,-1,1,1,-1,-1,1,-1,-1,1,1,1,-1,1,-1,-1,1,-1,1,1,1,-1,-1,1,-1,1,-1,1,1,-1,1,-1,1,-1,1,-1,-1,1,-1,1,1,1,1,-1,1,-1,1,-1,1,-1,-1,1,-1,1,-1,1,1,-1,1,1,1,1,1,-1,1,1,-1,1,1,1,1,-1,1,-1,1,-1,1,1,-1,1,1,-1,1,1,1,-1,1,1,-1,1,1,1,1,1,-1,-1,1,1,1,1,1,-1,1,-1,1,1,1,1,1,-1,1,1,1,1,1,1,-1,1,-1,1,1,1,1,1,1,1,1,1,1,1,-1,1,1,-1,1,1,-1,1,1,1,1,1,1,1,-1,1,1,1,1,1,-1,1,1,1,1,1,1,-1,-1,1,-1,1,1,1,-1,1,1,1,1,1,-1,-1,1,1,1,1,1,1,-1,1,1,-1,1,1,-1,1,1,1,1,1,1,-1,-1,1,1,1,1,-1,1,-1,1,1,1,-1,-1,-1,-1,1,1,1,1,-1,1,-1,1,1,1,1,1,-1,-1,1,1,-1,1,1,-1,-1,1,1,-1,1,-1,-1,-1,1,-1,1,1,1,-1,-1,-1,1,-1,1,1,-1,-1,1,1,-1,1,1,-1,1,1,1,-1,1,1,-1,1,-1,-1,1,1,1,-1,1,-1,1,1,1,-1,1,-1,1,1,1,1,-1,1,1,-1,1,1,-1,1,1,-1,-1,1,-1,1,1,-1,1,-1,1,-1,1,-1,-1,1,-1,1,-1,1,-1,1,-1,-1,-1,1,1,-1,-1,1,-1,-1,-1,1,1,-1,1,-1,1,-1,1,1,-1,1,-1,-1,1,-1,-1,-1,-1,1,1,1,-1,-1,1,1,-1,1,1,-1,-1,1,1,-1,-1,-1,1,-1,1,1,1,1,-1,1,-1,-1,-1,-1,-1,-1,-1,-1,-1,1,1,1,1,-1,1,1,-1,1,1,-1,-1,-1,1,-1,1,1,1,1,-1,1,-1,1,1,1,-1,1,1,-1,1,1,1,-1,-1,1,-1,1,1,-1,-1,-1,1,-1,1,1,1,-1,-1,1,1,-1,1,-1,1,-1,1,-1,1,1,-2664.0,1,2000,445,1500,True
2174,-1,-1,1,1,1,1,-1,1,-1,-1,-1,-1,1,1,-1,-1,1,-1,1,-1,-1,1,-1,-1,-1,1,-1,-1,-1,-1,-1,-1,1,-1,-1,1,1,-1,-1,1,-1,-1,1,-1,-1,-1,-1,-1,1,-1,-1,-1,1,1,-1,-1,-1,1,-1,1,1,-1,-1,1,-1,1,-1,-1,-1,-1,1,-1,1,1,1,-1,-1,1,-1,-1,1,-1,-1,-1,-1,-1,-1,1,-1,-1,1,-1,-1,1,1,-1,-1,-1,-1,1,1,1,-1,-1,1,-1,-1,1,1,-1,-1,-1,-1,-1,1,1,-1,-1,1,-1,-1,1,1,1,-1,-1,-1,-1,1,1,1,-1,1,-1,-1,1,1,1,-1,1,-1,-1,1,1,1,-1,1,-1,-1,-1,1,1,-1,-1,1,-1,1,1,-1,-1,1,1,-1,-1,1,1,-1,1,1,-1,1,1,-1,-1,1,-1,-1,1,1,-1,1,-1,1,-1,1,1,-1,1,1,-1,-1,-1,1,-1,1,1,1,-1,1,1,1,-1,1,1,-1,1,1,-1,-1,1,1,-1,1,1,-1,1,1,1,-1,1,1,1,1,1,1,1,-1,1,-1,-1,1,1,-1,-1,1,1,-1,1,1,-1,-1,1,-1,1,1,1,1,-1,1,-1,1,1,1,-1,1,1,1,1,-1,1,-1,-1,-1,1,1,1,1,1,1,-1,1,1,-1,1,1,1,1,1,1,-1,1,1,1,1,-1,1,1,1,1,1,1,1,1,1,1,-1,-1,1,-1,1,-1,1,1,1,1,1,1,-1,1,1,1,-1,1,1,1,1,1,1,1,-1,1,-1,1,-1,1,1,1,1,-1,1,1,1,1,1,1,1,1,1,1,1,1,-1,-1,1,1,1,1,-1,-1,1,1,1,-1,1,1,1,-1,1,1,-1,1,1,-1,1,1,-1,1,1,1,-1,1,1,1,1,1,1,-1,1,1,1,-1,1,1,-1,1,1,1,1,-1,1,-1,1,-1,1,-1,1,1,1,-1,-1,1,1,-1,1,-1,1,1,1,-1,-1,-1,-1,1,-1,1,-1,1,1,-1,1,1,-1,1,1,1,1,1,1,-1,1,1,1,-1,1,1,1,1,-1,1,1,1,-1,1,-1,1,1,1,1,1,1,-1,-1,-1,1,-1,1,1,-1,1,-1,1,1,1,1,1,-1,-1,1,-1,-1,1,-1,1,-1,1,1,-1,1,1,1,-1,-1,1,-1,1,1,-1,-1,1,1,1,-1,1,-1,-1,-1,1,-1,1,-1,-1,-1,1,1,1,1,-1,1,-1,1,-1,1,1,-1,-1,1,1,-1,-1,1,-1,-1,-1,1,-1,1,1,-1,-1,-1,1,1,-1,1,1,-1,-1,1,-1,1,-1,1,-1,-1,1,1,-1,-1,1,-1,-1,1,-1,1,-1,1,-1,-1,1,-1,-1,1,1,-1,-1,-1,1,-1,1,1,-1,-1,1,1,-1,-1,1,1,1,-1,1,-1,1,-1,1,1,1,-1,1,1,-1,-1,1,1,1,-1,1,-1,1,-1,1,1,1,-1,-1,-1,-1,-1,1,1,1,-1,-1,-1,1,1,-1,1,-1,-1,-1,1,1,1,1,-1,-1,1,1,1,1,1,-1,-1,-1,-1,1,-1,1,-1,1,-1,-1,1,1,1,-1,-1,1,-1,1,-1,1,1,-1,-1,-1,-1,1,1,1,-1,1,-1,1,1,1,1,-1,-1,1,-1,1,1,-1,-1,-1,-1,-1,1,1,-1,1,-1,1,1,1,1,1,-1,-1,-1,-1,1,1,-1,1,-1,-1,1,1,1,1,-1,1,-1,-1,1,1,1,-1,1,-1,1,1,1,1,-1,-1,-1,-1,1,-1,1,-1,1,-1,1,1,1,1,-1,-1,1,-1,1,1,1,-1,-1,-1,1,1,1,-1,1,-1,1,-1,1,-1,-1,1,-1,1,-1,-1,1,-1,-1,1,-1,1,1,-1,1,-1,1,-1,1,-1,1,-1,1,-1,1,-1,1,-1,1,-1,1,-1,-1,1,-1,1,-1,1,-1,1,1,-1,1,-1,1,1,-1,1,-1,-1,1,1,1,1,1,-1,1,-1,-1,1,1,1,-1,-1,-1,1,-1,1,1,-1,1,1,-1,1,1,1,-1,1,-1,-1,1,1,1,-1,-1,-1,1,-1,1,-1,-1,-1,-1,-1,1,-1,-1,1,-1,-1,1,-1,1,-1,-1,-1,-1,-1,1,1,1,-1,-1,-1,1,1,1,1,-1,-1,1,-1,-1,1,-1,-1,-1,-1,1,1,1,1,1,-1,-1,1,-1,1,1,-1,1,-1,-1,1,1,1,-1,-1,-1,-1,-1,1,-1,-1,-1,1,-1,1,1,-1,-1,-1,1,-1,1,1,1,-1,1,1,-1,1,1,1,-1,1,-1,1,1,1,-1,-1,1,-1,-1,1,-1,1,1,-1,1,-1,1,1,1,-1,1,-1,-1,1,1,-1,1,-1,1,-1,1,1,1,1,1,-1,-1,1,1,1,1,1,-1,-1,-1,1,-1,1,-1,-1,-1,1,-1,1,1,1,-1,-1,-1,1,-1,1,1,-1,-1,1,-1,1,1,1,-1,1,1,1,1,1,1,-1,1,-1,-1,1,1,1,-1,1,-1,1,1,1,-1,1,-1,1,-1,1,1,-1,-1,1,-1,1,1,-1,1,1,-1,-1,1,1,1,1,-1,1,-1,-1,1,1,-1,-1,1,-1,1,1,1,-1,1,-1,-1,-1,1,1,-1,-1,1,-1,-1,1,1,1,-1,1,-1,-1,1,1,1,-1,1,-1,-1,1,1,-1,-1,-1,1,-1,1,1,-1,1,1,-1,1,1,-1,-1,1,-1,-1,-1,1,1,-1,1,1,-1,1,1,-1,-1,1,-1,1,-1,-1,-1,-1,1,-1,-1,1,1,-1,1,1,-1,1,1,1,1,-1,1,-1,1,1,1,-1,-1,1,-1,-1,1,1,-1,1,1,-1,1,1,1,-1,-1,1,-1,1,1,1,1,-1,1,-1,-1,1,1,1,-1,1,1,-1,1,-1,1,-1,1,-1,-1,1,-2664.0,1,2000,445,1000,True
2175,-1,-1,1,1,1,1,-1,1,-1,-1,-1,1,-1,1,-1,-1,1,-1,1,1,1,-1,-1,-1,-1,1,-1,-1,-1,-1,-1,-1,1,1,-1,-1,1,-1,-1,-1,1,-1,-1,-1,-1,-1,1,-1,1,1,-1,-1,1,-1,1,-1,-1,1,-1,-1,-1,1,1,1,-1,-1,-1,-1,-1,-1,-1,1,-1,-1,1,-1,1,-1,1,-1,-1,-1,-1,1,1,-1,-1,1,-1,1,-1,-1,-1,-1,1,-1,-1,1,1,1,-1,1,-1,-1,1,1,-1,-1,1,-1,-1,1,1,1,-1,1,-1,-1,1,1,-1,-1,1,1,-1,1,1,-1,1,1,1,-1,1,1,-1,1,1,1,-1,1,1,-1,1,1,1,-1,-1,1,1,-1,1,1,-1,1,-1,1,-1,1,1,-1,1,1,1,1,1,1,-1,1,1,-1,1,1,-1,-1,1,1,-1,-1,1,-1,1,-1,-1,1,1,1,-1,1,1,1,1,1,1,-1,1,1,1,1,1,1,1,-1,1,1,1,1,1,-1,-1,1,1,-1,1,1,-1,1,1,-1,1,1,1,1,1,1,-1,-1,1,1,-1,-1,1,-1,1,1,-1,1,-1,1,-1,1,1,1,-1,1,1,-1,-1,1,1,-1,1,1,-1,1,1,1,1,1,1,-1,1,1,-1,1,1,-1,-1,-1,1,-1,1,1,-1,-1,1,1,1,1,1,-1,-1,-1,-1,1,-1,1,1,-1,-1,1,1,1,1,1,1,-1,1,1,-1,1,-1,1,-1,1,1,1,1,-1,1,-1,-1,1,1,1,1,1,-1,-1,1,-1,1,-1,1,1,-1,1,1,1,-1,1,-1,-1,1,1,1,1,1,-1,-1,1,1,-1,-1,1,-1,-1,1,-1,-1,1,1,-1,1,-1,1,1,-1,1,-1,1,1,1,-1,1,1,-1,1,1,1,-1,1,-1,-1,1,1,1,-1,1,-1,-1,1,-1,1,-1,1,-1,-1,1,-1,1,-1,1,1,-1,1,-1,1,1,-1,1,-1,-1,1,1,-1,1,-1,-1,1,1,-1,-1,1,1,-1,1,-1,1,-1,1,-1,1,1,-1,1,1,1,-1,1,1,-1,1,-1,1,-1,-1,1,-1,1,1,1,1,-1,1,1,1,1,1,-1,-1,1,-1,-1,1,-1,1,-1,-1,1,-1,1,1,-1,-1,-1,1,-1,1,-1,1,-1,1,1,-1,1,1,-1,-1,-1,1,-1,-1,1,1,-1,-1,1,-1,1,1,-1,1,-1,1,-1,-1,1,1,-1,-1,-1,-1,1,1,-1,-1,-1,1,-1,1,-1,1,-1,-1,-1,1,1,-1,1,-1,-1,-1,-1,1,-1,-1,-1,-1,-1,-1,1,-1,1,-1,-1,-1,-1,1,-1,-1,1,-1,-1,-1,1,1,1,-1,-1,-1,-1,1,-1,1,-1,1,-1,-1,1,-1,1,1,1,-1,-1,-1,1,1,-1,1,-1,-1,1,1,1,1,-1,1,1,-1,1,1,1,1,1,1,1,-1,-1,-1,1,-1,-1,1,-1,1,-1,1,-1,1,-1,-1,-1,1,1,-1,1,1,-1,1,-1,1,-1,1,1,-1,1,-1,1,-1,-1,-1,-1,1,-1,1,-1,-1,-1,-1,1,-1,1,1,1,1,1,-1,-1,1,-1,1,1,-1,1,-1,-1,1,-1,1,-1,1,-1,1,1,1,1,1,1,-1,-1,1,1,1,-1,1,-1,1,1,1,1,-1,-1,-1,1,1,1,1,-1,-1,-1,1,-1,1,-1,1,1,-1,-1,1,1,1,-1,1,-1,-1,1,1,1,1,1,1,-1,1,1,1,1,-1,1,-1,1,-1,1,-1,1,1,-1,1,1,1,1,1,1,-1,1,-1,1,1,1,1,-1,1,1,-1,1,1,1,1,1,1,1,1,1,1,-1,-1,1,-1,1,1,-1,-1,-1,1,-1,1,1,-1,-1,1,-1,1,1,1,-1,-1,1,-1,1,-1,1,1,-1,-1,-1,1,-1,1,-1,-1,1,-1,1,1,1,-1,-1,1,-1,1,1,1,1,-1,1,-1,1,-1,1,1,-1,-1,-1,1,1,1,-1,1,1,-1,1,1,1,1,-1,-1,1,-1,1,1,1,-1,-1,-1,-1,1,1,-1,1,-1,1,-1,1,1,1,-1,1,-1,-1,1,1,-1,-1,-1,-1,1,-1,1,-1,-1,-1,1,-1,1,1,-1,-1,-1,1,-1,1,1,-1,-1,-1,1,1,1,1,-1,1,-1,1,-1,1,1,-1,-1,-1,-1,1,1,1,-1,1,-1,1,-1,1,1,-1,1,-1,-1,1,1,1,-1,-1,-1,-1,-1,1,-1,-1,-1,1,-1,1,1,1,-1,-1,1,-1,1,1,1,-1,1,1,-1,1,1,1,-1,1,-1,1,1,1,-1,-1,1,-1,-1,1,-1,1,1,-1,1,-1,1,1,1,-1,1,-1,-1,1,1,1,1,-1,1,-1,1,1,-1,1,1,-1,-1,1,1,-1,1,1,-1,-1,-1,1,1,1,-1,-1,-1,1,-1,-1,1,1,-1,-1,-1,1,-1,1,1,-1,-1,1,-1,-1,1,1,-1,1,1,1,-1,1,1,-1,1,-1,-1,1,1,1,-1,1,-1,1,1,1,-1,1,-1,1,-1,1,1,-1,1,1,-1,1,1,-1,1,1,-1,-1,1,-1,1,1,-1,1,-1,-1,-1,1,-1,-1,1,-1,1,-1,1,-1,1,-1,-1,-1,1,1,-1,-1,1,-1,-1,-1,1,1,-1,1,-1,-1,-1,1,1,-1,1,-1,-1,1,1,-1,-1,-1,1,-1,1,-1,-1,1,1,-1,1,1,-1,-1,1,-1,-1,-1,-1,1,-1,1,1,-1,1,-1,1,-1,1,-1,1,-1,-1,-1,-1,1,-1,-1,1,1,-1,1,1,-1,1,1,-1,-1,-1,1,-1,1,1,1,1,-1,1,-1,-1,1,1,-1,-1,1,-1,1,1,1,1,-1,1,-1,1,1,-1,-1,-1,1,-1,-1,1,1,-1,-1,-1,1,-1,1,-1,1,-1,1,-1,-1,1,-2664.0,1,2000,445,1500,True
2176,-1,-1,1,1,1,-1,-1,1,-1,-1,1,-1,1,1,-1,-1,1,1,-1,-1,-1,-1,-1,-1,1,-1,-1,-1,-1,-1,1,-1,1,-1,-1,-1,1,-1,-1,1,-1,-1,-1,-1,-1,-1,1,-1,1,1,-1,1,-1,1,-1,-1,-1,1,1,-1,-1,-1,-1,1,-1,-1,1,-1,-1,-1,-1,1,1,1,1,-1,-1,-1,1,-1,1,-1,-1,-1,1,-1,1,1,-1,-1,-1,-1,1,1,1,-1,-1,1,1,1,1,1,-1,-1,1,1,1,1,1,-1,-1,1,1,1,1,1,-1,-1,1,1,1,1,1,1,-1,-1,1,1,1,1,1,-1,1,1,1,1,1,1,-1,-1,1,1,1,1,1,-1,1,1,1,1,1,1,-1,-1,-1,1,1,1,1,-1,1,1,1,1,-1,1,-1,1,-1,1,1,1,-1,-1,1,1,1,1,1,-1,1,-1,-1,1,-1,1,-1,1,1,1,1,1,1,1,1,1,-1,1,-1,1,-1,1,1,-1,1,-1,1,1,-1,1,-1,1,-1,1,-1,1,1,-1,-1,-1,1,1,1,1,-1,-1,1,1,-1,-1,1,-1,1,-1,-1,1,-1,1,-1,1,-1,1,-1,1,1,-1,-1,-1,1,1,-1,1,-1,1,1,1,-1,1,1,-1,1,-1,1,-1,1,-1,1,-1,1,1,-1,1,-1,-1,-1,1,1,-1,1,-1,-1,-1,1,1,-1,-1,1,1,-1,-1,1,1,-1,1,1,-1,1,1,1,-1,-1,1,-1,1,1,-1,1,-1,1,1,-1,1,1,-1,-1,1,-1,-1,1,-1,1,-1,1,1,-1,1,1,1,-1,1,-1,-1,1,1,-1,-1,1,-1,1,1,1,1,-1,1,-1,1,1,1,-1,1,1,-1,1,-1,1,-1,1,1,-1,1,1,1,1,1,1,-1,1,1,1,1,1,-1,-1,1,1,1,1,1,-1,-1,1,1,1,1,1,-1,-1,-1,-1,1,-1,1,1,-1,1,1,1,1,1,1,-1,-1,-1,1,1,1,-1,-1,1,-1,-1,-1,1,1,-1,1,-1,1,-1,1,-1,1,-1,1,1,1,1,-1,1,-1,1,1,-1,1,-1,-1,-1,-1,1,1,1,1,-1,-1,1,-1,1,1,-1,-1,1,-1,-1,1,-1,1,-1,1,-1,1,-1,1,-1,-1,1,1,-1,1,-1,1,-1,-1,1,-1,1,-1,-1,-1,-1,1,-1,-1,1,1,-1,-1,-1,-1,1,1,-1,1,-1,1,-1,1,-1,1,-1,-1,1,-1,-1,-1,-1,-1,1,1,-1,1,-1,1,-1,1,-1,1,1,-1,1,-1,1,-1,-1,1,-1,-1,-1,1,-1,1,-1,-1,1,-1,1,-1,-1,1,-1,-1,1,-1,1,-1,1,-1,1,-1,1,1,-1,-1,-1,1,-1,1,-1,-1,1,-1,1,1,1,1,-1,-1,1,1,-1,1,1,-1,-1,1,1,1,-1,1,1,-1,1,1,1,1,-1,-1,1,-1,-1,-1,1,-1,-1,1,-1,1,-1,1,-1,1,-1,-1,-1,1,1,-1,1,1,-1,1,-1,1,-1,1,1,-1,1,-1,1,-1,-1,-1,-1,1,-1,1,-1,-1,-1,-1,1,-1,1,-1,1,1,1,1,-1,1,-1,1,1,-1,1,-1,1,-1,-1,1,-1,1,-1,-1,1,1,1,1,1,-1,1,1,1,1,-1,1,-1,-1,1,1,1,-1,-1,-1,1,1,1,1,-1,-1,-1,1,-1,1,-1,1,1,-1,-1,1,1,1,-1,-1,-1,-1,1,1,1,1,1,-1,-1,1,1,1,1,-1,-1,-1,1,-1,1,-1,1,-1,-1,1,1,1,1,1,-1,1,1,-1,1,1,1,-1,-1,1,1,-1,1,1,-1,-1,1,1,1,1,1,-1,1,1,1,1,-1,1,-1,1,-1,1,1,-1,1,-1,1,1,-1,1,1,-1,1,1,1,-1,1,-1,-1,-1,1,-1,1,-1,-1,-1,-1,1,1,-1,1,-1,1,-1,1,-1,-1,1,-1,1,-1,1,1,-1,1,-1,1,-1,1,-1,-1,1,-1,-1,-1,1,1,1,-1,-1,1,-1,1,-1,-1,1,-1,1,-1,-1,-1,-1,1,-1,1,-1,1,-1,-1,1,-1,1,-1,-1,-1,1,1,-1,-1,-1,-1,-1,1,-1,-1,-1,1,-1,-1,1,-1,1,-1,-1,-1,-1,-1,-1,-1,1,-1,-1,-1,1,1,-1,-1,-1,1,-1,1,-1,-1,-1,1,-1,-1,1,1,1,1,-1,-1,-1,1,-1,1,1,-1,1,-1,-1,1,1,1,-1,-1,-1,-1,-1,1,1,-1,-1,1,-1,1,1,-1,-1,-1,1,-1,-1,1,-1,-1,1,-1,-1,1,1,1,-1,1,-1,1,1,1,-1,-1,1,-1,-1,1,1,1,-1,1,-1,-1,1,1,-1,1,1,-1,-1,1,1,1,1,1,-1,-1,1,1,1,1,1,-1,-1,1,1,1,1,1,1,-1,1,1,1,-1,1,-1,-1,1,-1,1,1,1,1,-1,-1,1,-1,1,1,1,-1,1,1,1,1,-1,1,-1,1,1,1,1,1,1,-1,-1,1,1,1,1,-1,1,-1,1,1,1,1,-1,1,-1,1,1,1,-1,-1,1,-1,1,1,-1,1,-1,-1,-1,1,1,1,-1,1,-1,-1,1,1,1,-1,-1,-1,-1,1,1,1,-1,-1,-1,-1,-1,1,1,-1,1,-1,-1,-1,1,1,-1,1,-1,-1,1,1,1,1,1,1,-1,-1,1,1,-1,-1,1,1,1,-1,1,-1,1,-1,-1,1,1,-1,-1,1,-1,-1,-1,1,1,-1,1,-1,1,1,1,-1,-1,-1,-1,-1,-1,-1,-1,-1,1,-1,1,1,1,-1,1,1,-1,1,1,1,1,-1,1,-1,1,1,1,1,-1,1,-1,1,1,1,1,-1,1,-1,1,1,1,1,-1,1,-1,1,1,1,-1,-1,1,-1,-1,1,1,-1,-1,-1,1,-1,1,-1,1,-1,1,-1,-1,1,-2664.0,1,2000,445,1500,True
2177,1,1,-1,-1,1,-1,-1,-1,1,1,1,-1,1,1,1,1,-1,1,-1,-1,1,1,1,1,1,-1,1,-1,1,1,1,1,1,-1,-1,-1,1,1,1,1,-1,-1,-1,1,1,1,1,-1,1,1,1,1,-1,1,-1,-1,1,-1,1,1,1,-1,-1,1,1,1,1,1,-1,1,1,1,1,1,1,-1,-1,-1,1,1,1,-1,-1,-1,1,1,1,1,-1,1,-1,1,1,1,1,-1,-1,1,1,-1,1,1,-1,-1,1,1,1,1,1,-1,-1,1,1,-1,1,1,-1,-1,1,1,1,1,1,1,-1,1,1,1,-1,1,1,-1,1,1,1,1,1,1,-1,-1,1,1,1,1,1,-1,1,1,1,1,1,1,-1,-1,-1,1,1,1,1,-1,1,-1,1,1,-1,1,-1,1,-1,1,1,1,-1,-1,1,1,1,1,1,-1,1,-1,-1,1,1,1,-1,1,1,1,1,-1,1,1,1,1,-1,1,-1,1,-1,1,1,-1,1,-1,1,1,-1,1,-1,1,-1,1,-1,1,1,-1,1,-1,1,1,1,1,-1,-1,1,1,-1,-1,1,-1,1,1,-1,1,-1,1,-1,1,-1,1,-1,1,1,-1,-1,1,-1,1,-1,1,-1,1,1,1,-1,1,1,-1,1,-1,1,-1,1,-1,1,-1,1,1,-1,1,-1,-1,1,-1,1,-1,1,-1,-1,-1,-1,1,-1,-1,1,1,-1,1,1,1,-1,1,1,-1,1,1,1,1,-1,1,-1,1,1,-1,1,-1,1,-1,1,-1,1,1,1,1,-1,-1,1,-1,-1,-1,1,1,-1,1,1,1,-1,1,1,1,1,1,1,1,1,-1,1,1,1,-1,1,1,-1,1,1,1,-1,1,1,-1,-1,1,1,1,-1,1,-1,1,1,1,-1,1,1,-1,1,1,1,-1,1,1,-1,1,1,1,-1,1,1,-1,-1,1,1,-1,1,1,-1,1,-1,1,-1,1,1,1,-1,1,1,1,-1,1,1,-1,1,1,-1,1,1,1,-1,-1,-1,-1,1,1,1,-1,1,1,-1,1,1,-1,-1,1,1,1,1,1,-1,1,1,1,-1,1,1,1,-1,-1,1,1,1,-1,1,-1,1,1,1,1,1,1,-1,-1,-1,1,-1,-1,1,1,-1,1,1,-1,1,1,1,1,-1,1,-1,-1,1,-1,1,-1,1,1,-1,1,1,1,-1,-1,1,-1,1,1,1,-1,1,1,1,-1,1,1,-1,-1,1,-1,1,1,1,-1,1,1,1,1,1,1,-1,1,-1,1,1,1,-1,1,1,-1,1,1,1,-1,-1,1,-1,1,1,1,-1,-1,1,-1,-1,1,1,-1,-1,1,-1,1,1,1,1,-1,1,-1,-1,1,1,1,-1,1,-1,-1,1,1,-1,-1,1,-1,-1,1,-1,1,-1,-1,1,-1,1,-1,1,-1,1,1,-1,-1,1,1,1,-1,1,-1,1,-1,-1,-1,1,-1,-1,1,1,-1,-1,1,1,-1,1,1,-1,1,1,1,-1,1,1,-1,1,-1,1,-1,-1,1,-1,-1,1,1,-1,-1,1,-1,-1,1,1,1,-1,1,-1,-1,1,1,-1,-1,1,-1,-1,-1,1,1,-1,1,1,-1,-1,1,-1,-1,1,-1,1,-1,1,1,-1,-1,1,-1,-1,-1,-1,-1,1,1,1,-1,-1,1,-1,-1,1,-1,-1,1,-1,-1,1,1,-1,-1,1,1,-1,1,1,-1,1,-1,1,-1,-1,1,1,-1,-1,-1,-1,-1,1,-1,-1,1,-1,-1,-1,1,1,-1,-1,-1,-1,-1,1,-1,-1,-1,-1,-1,-1,1,1,-1,-1,-1,-1,-1,1,1,-1,-1,-1,-1,-1,1,1,1,-1,-1,-1,-1,1,1,-1,-1,-1,-1,1,-1,1,1,-1,-1,1,1,-1,1,1,-1,-1,-1,1,1,1,1,1,-1,1,-1,1,1,-1,1,-1,-1,1,-1,1,-1,1,-1,-1,1,-1,1,-1,-1,-1,-1,-1,-1,1,-1,1,-1,-1,1,-1,1,-1,1,-1,1,-1,-1,1,-1,-1,-1,-1,1,-1,-1,-1,-1,-1,-1,1,-1,1,-1,-1,-1,-1,-1,1,-1,1,-1,-1,-1,1,-1,-1,1,-1,-1,-1,-1,1,1,1,-1,-1,-1,-1,-1,1,-1,-1,-1,1,-1,-1,1,-1,1,-1,-1,-1,-1,-1,-1,-1,1,-1,-1,-1,1,1,1,-1,-1,1,1,-1,-1,-1,-1,1,-1,-1,1,1,1,-1,-1,-1,-1,1,-1,1,1,-1,1,-1,-1,1,1,-1,-1,-1,-1,-1,-1,1,1,-1,-1,1,-1,1,1,-1,-1,-1,1,-1,1,1,-1,-1,1,-1,-1,1,1,1,-1,1,-1,1,1,1,-1,-1,1,-1,-1,1,1,1,-1,1,-1,-1,1,1,-1,1,1,-1,-1,1,1,-1,1,1,-1,-1,1,1,1,1,1,-1,-1,1,1,1,1,1,1,-1,-1,1,1,1,1,-1,-1,1,-1,1,1,1,1,-1,-1,1,-1,1,1,1,-1,1,-1,1,1,-1,1,-1,1,1,1,1,1,1,1,-1,-1,1,1,1,-1,1,-1,1,1,1,1,1,-1,1,-1,1,1,-1,1,1,-1,1,1,-1,1,1,-1,-1,1,1,1,1,-1,1,-1,-1,1,1,-1,-1,1,-1,1,1,1,-1,1,-1,-1,-1,1,1,-1,-1,1,-1,-1,1,1,-1,-1,1,-1,-1,1,1,1,-1,1,-1,-1,1,1,-1,-1,-1,1,-1,-1,1,-1,1,1,-1,1,1,-1,-1,1,1,-1,-1,-1,1,-1,1,1,-1,1,1,-1,-1,-1,-1,1,-1,-1,-1,-1,1,-1,-1,1,1,-1,1,1,-1,1,1,1,1,-1,1,-1,1,1,1,1,-1,1,-1,-1,1,1,1,-1,1,-1,1,1,1,1,-1,1,-1,1,1,-1,-1,-1,1,-1,-1,1,1,-1,-1,-1,1,-1,1,-1,1,-1,1,-1,-1,1,-2664.0,1,2000,445,1500,False
2178,1,1,-1,-1,1,1,-1,1,1,1,1,-1,1,1,1,1,-1,1,-1,-1,-1,1,1,1,1,-1,-1,-1,1,1,1,1,1,-1,-1,1,-1,1,1,1,-1,-1,1,1,1,1,1,-1,1,-1,1,1,-1,1,-1,-1,1,-1,1,1,-1,-1,-1,-1,1,1,1,1,-1,-1,1,-1,1,1,1,-1,-1,1,-1,1,1,-1,-1,-1,-1,1,1,1,-1,-1,-1,1,-1,1,1,-1,-1,1,-1,1,1,1,-1,-1,1,-1,-1,1,1,-1,-1,1,-1,-1,1,1,-1,-1,1,-1,-1,1,1,1,-1,1,-1,-1,1,1,1,-1,1,-1,-1,1,1,1,-1,-1,-1,-1,-1,1,1,-1,1,-1,-1,-1,1,1,-1,-1,1,-1,-1,1,1,-1,1,-1,-1,-1,1,1,-1,1,1,-1,1,1,-1,-1,1,-1,-1,1,1,-1,1,-1,1,-1,1,1,-1,1,1,-1,-1,-1,1,1,1,1,1,-1,-1,1,-1,1,1,1,-1,-1,1,1,-1,1,1,-1,1,1,-1,1,1,1,-1,1,1,1,1,1,1,1,-1,1,-1,-1,1,1,-1,-1,1,1,-1,1,1,-1,-1,1,-1,1,1,1,1,-1,1,-1,-1,1,1,-1,1,1,-1,1,1,1,-1,-1,1,-1,1,-1,1,1,1,1,-1,1,-1,1,1,1,1,-1,1,-1,1,1,1,1,-1,-1,1,1,1,1,1,-1,-1,1,1,-1,-1,1,1,-1,-1,1,1,1,1,-1,1,-1,-1,1,1,-1,1,-1,-1,-1,1,1,1,-1,1,-1,1,-1,1,1,1,1,-1,1,1,1,1,1,-1,-1,1,1,1,1,-1,1,-1,1,1,1,1,1,-1,1,1,1,-1,1,1,-1,-1,1,1,1,1,1,1,1,1,-1,1,1,1,1,1,1,1,1,1,1,1,1,1,1,-1,1,1,1,1,1,1,1,-1,1,-1,1,1,1,-1,1,1,1,1,1,1,1,-1,1,1,1,1,1,-1,-1,-1,-1,1,1,1,-1,1,1,-1,1,1,-1,-1,1,1,1,1,1,-1,1,1,1,-1,1,1,1,-1,-1,1,1,1,-1,1,-1,1,-1,1,1,1,1,-1,-1,-1,1,-1,-1,1,1,-1,1,-1,1,1,1,1,1,-1,1,-1,-1,1,-1,1,-1,1,-1,1,1,1,1,-1,-1,1,-1,1,1,1,-1,1,1,1,-1,1,1,-1,1,-1,-1,1,1,1,-1,-1,-1,1,1,1,1,-1,1,-1,-1,1,1,-1,1,1,1,-1,1,1,-1,-1,1,-1,1,1,1,-1,1,-1,-1,-1,1,1,-1,-1,1,-1,1,1,1,1,-1,-1,-1,-1,-1,1,1,-1,-1,-1,1,-1,1,-1,-1,1,-1,-1,1,-1,1,-1,-1,1,-1,1,-1,1,1,-1,1,-1,-1,1,1,1,-1,1,-1,1,-1,-1,1,1,-1,1,1,-1,1,-1,-1,1,-1,1,-1,1,-1,1,1,1,-1,-1,-1,-1,-1,1,-1,1,-1,-1,-1,1,1,-1,1,-1,-1,-1,1,1,-1,1,-1,-1,-1,1,1,-1,1,-1,-1,-1,-1,1,1,1,-1,1,-1,-1,1,-1,1,-1,-1,1,-1,1,-1,1,1,-1,-1,-1,-1,-1,1,1,-1,-1,-1,1,-1,1,1,-1,-1,-1,-1,1,1,-1,-1,-1,-1,-1,1,1,-1,1,-1,1,1,1,1,1,-1,-1,-1,-1,-1,1,-1,1,-1,-1,1,-1,1,1,-1,1,-1,-1,1,1,1,-1,1,-1,1,-1,1,1,-1,-1,-1,1,-1,1,1,-1,1,-1,-1,-1,1,1,1,-1,1,-1,-1,1,1,-1,-1,-1,-1,-1,1,1,1,-1,1,-1,-1,-1,-1,1,-1,1,-1,-1,1,-1,-1,1,-1,1,-1,1,1,-1,1,-1,1,-1,1,-1,-1,1,-1,1,-1,1,1,-1,1,-1,-1,-1,-1,1,-1,1,-1,1,-1,-1,1,-1,1,-1,1,-1,-1,-1,1,1,-1,-1,-1,-1,1,-1,-1,-1,-1,-1,-1,-1,-1,1,-1,-1,-1,-1,1,1,-1,1,-1,-1,-1,1,-1,-1,1,-1,-1,-1,-1,-1,1,1,-1,-1,-1,-1,-1,1,-1,-1,-1,1,-1,-1,1,-1,1,-1,-1,-1,-1,-1,-1,-1,1,-1,-1,-1,1,1,-1,-1,-1,-1,1,-1,-1,-1,-1,-1,-1,-1,1,-1,1,-1,-1,-1,-1,1,-1,1,1,-1,1,-1,-1,1,1,-1,-1,-1,-1,-1,-1,1,1,-1,-1,1,-1,1,1,-1,-1,-1,1,-1,1,1,-1,-1,1,1,-1,1,1,1,-1,1,-1,1,1,1,-1,-1,1,-1,-1,1,1,1,-1,1,-1,-1,1,1,-1,1,1,1,-1,1,1,1,1,1,-1,-1,1,1,1,1,1,1,-1,1,1,1,1,1,1,-1,1,1,1,-1,1,1,-1,1,-1,1,1,1,1,-1,-1,1,-1,1,1,1,-1,1,1,1,1,-1,1,-1,1,1,1,1,1,1,-1,-1,1,1,1,1,-1,1,-1,1,1,1,1,-1,1,-1,1,1,1,-1,-1,1,-1,1,1,-1,1,-1,-1,-1,1,1,1,-1,1,-1,-1,1,1,1,-1,-1,-1,-1,1,1,1,-1,-1,-1,-1,-1,1,1,-1,1,-1,-1,-1,1,1,-1,1,-1,-1,1,1,1,1,1,1,-1,-1,1,1,-1,-1,1,1,1,1,1,-1,1,-1,-1,1,1,-1,-1,1,-1,-1,-1,1,1,-1,1,1,1,1,1,-1,-1,-1,-1,-1,-1,-1,-1,-1,1,-1,1,1,1,-1,1,1,-1,1,1,1,1,-1,1,-1,1,1,1,1,-1,1,-1,1,1,1,1,-1,1,-1,1,1,1,1,-1,1,-1,1,1,1,-1,-1,1,-1,-1,1,1,-1,-1,-1,1,-1,1,-1,1,-1,1,-1,-1,1,-2662.0,1,2000,445,1000,True
2179,-1,-1,1,1,1,1,-1,1,-1,-1,-1,1,-1,1,-1,-1,1,-1,1,1,-1,-1,-1,-1,-1,1,-1,-1,-1,-1,-1,-1,1,1,-1,-1,1,-1,-1,-1,1,-1,-1,-1,-1,-1,-1,-1,1,1,-1,-1,1,-1,1,-1,-1,1,-1,-1,-1,1,1,1,-1,-1,-1,-1,-1,-1,-1,1,-1,-1,-1,-1,-1,-1,1,-1,-1,1,1,-1,1,-1,-1,-1,-1,1,-1,-1,-1,-1,-1,-1,-1,1,1,1,-1,-1,-1,-1,1,1,-1,-1,-1,-1,-1,1,1,1,-1,-1,-1,-1,1,1,-1,-1,-1,-1,-1,1,1,-1,1,-1,-1,-1,-1,1,-1,1,-1,-1,-1,-1,1,-1,1,-1,-1,-1,1,1,1,-1,-1,-1,-1,-1,-1,1,-1,1,-1,-1,-1,1,1,1,-1,-1,1,-1,-1,1,-1,-1,-1,-1,-1,1,-1,1,-1,-1,-1,1,-1,1,-1,-1,-1,-1,-1,1,1,1,-1,-1,1,-1,-1,1,1,-1,-1,1,-1,-1,1,1,-1,-1,-1,1,-1,1,1,-1,1,-1,1,-1,1,1,-1,1,-1,-1,-1,-1,1,1,-1,-1,1,-1,1,1,-1,1,-1,-1,-1,1,1,-1,1,1,-1,-1,-1,1,-1,-1,1,-1,-1,1,-1,1,1,1,-1,-1,1,1,-1,1,-1,-1,1,-1,-1,-1,1,-1,-1,-1,1,1,-1,1,-1,-1,-1,-1,1,-1,1,-1,-1,1,-1,1,-1,1,1,-1,1,-1,-1,-1,-1,1,-1,1,-1,-1,-1,1,1,-1,1,1,-1,1,-1,1,-1,1,-1,-1,-1,1,1,-1,1,1,-1,-1,-1,1,-1,1,-1,-1,-1,-1,-1,1,1,-1,-1,-1,1,1,-1,1,-1,-1,-1,-1,1,-1,1,-1,1,-1,-1,1,-1,1,-1,-1,-1,-1,-1,1,1,-1,-1,-1,-1,-1,1,-1,-1,-1,-1,-1,1,1,-1,-1,1,-1,-1,1,1,-1,-1,1,1,-1,-1,1,1,-1,1,-1,-1,-1,1,1,-1,1,-1,-1,-1,1,-1,-1,1,1,1,-1,1,1,-1,1,-1,-1,-1,1,-1,1,-1,1,-1,1,1,-1,1,1,-1,-1,-1,1,-1,-1,-1,1,-1,-1,-1,1,-1,1,-1,-1,-1,1,-1,-1,1,-1,1,-1,-1,1,-1,-1,1,-1,-1,1,-1,-1,-1,1,-1,-1,-1,1,-1,1,1,-1,-1,-1,-1,-1,-1,1,-1,-1,1,1,-1,-1,1,-1,1,-1,-1,1,-1,1,-1,1,1,1,-1,-1,-1,1,-1,-1,-1,1,-1,1,1,-1,1,1,-1,1,-1,1,-1,1,1,-1,1,-1,1,1,-1,-1,-1,1,-1,1,-1,1,1,-1,1,-1,-1,1,-1,-1,1,-1,1,1,1,-1,1,-1,1,1,1,1,-1,1,-1,1,-1,1,1,-1,1,1,1,-1,1,1,1,1,-1,1,-1,-1,1,1,1,1,-1,-1,-1,1,1,1,1,1,-1,1,1,-1,-1,-1,1,-1,-1,1,-1,1,-1,1,-1,1,-1,-1,-1,1,1,-1,1,1,-1,1,-1,1,-1,1,1,-1,1,-1,1,-1,-1,-1,-1,1,-1,1,-1,-1,-1,-1,1,-1,1,-1,1,1,1,-1,-1,1,-1,1,1,-1,1,-1,1,-1,-1,1,-1,1,-1,-1,1,1,1,1,1,-1,1,1,1,1,-1,1,-1,-1,1,1,1,-1,-1,-1,1,1,1,1,-1,-1,-1,1,-1,1,-1,1,1,-1,-1,1,1,1,-1,1,-1,-1,1,1,1,1,1,1,-1,1,1,1,1,-1,1,-1,1,-1,1,-1,1,1,-1,1,1,1,1,1,1,-1,1,-1,1,1,1,1,-1,1,1,-1,1,1,1,-1,1,1,1,1,1,1,-1,1,1,-1,-1,1,-1,-1,1,1,1,-1,1,-1,-1,1,-1,1,1,1,-1,-1,1,-1,1,-1,1,1,-1,1,-1,1,-1,1,-1,-1,1,-1,1,-1,1,1,-1,1,-1,1,-1,1,1,-1,1,-1,1,-1,1,1,-1,1,1,1,1,1,-1,1,1,1,-1,-1,1,1,-1,1,-1,1,-1,1,1,-1,-1,1,-1,1,1,1,-1,1,1,-1,-1,1,1,1,1,1,-1,1,1,1,1,1,1,-1,1,1,1,1,1,1,-1,-1,1,1,1,1,1,-1,1,1,1,1,1,-1,1,1,1,1,1,-1,1,-1,-1,1,-1,1,1,1,1,1,1,1,-1,1,-1,1,1,1,1,1,1,1,-1,1,1,1,1,1,1,1,-1,-1,1,1,1,1,-1,1,1,1,1,-1,1,1,-1,1,1,1,1,1,1,1,-1,1,1,1,-1,1,-1,1,1,1,1,1,1,-1,1,1,-1,1,1,1,-1,1,1,-1,1,1,1,-1,1,1,-1,1,1,-1,-1,1,1,1,-1,1,1,1,-1,1,1,-1,1,1,-1,-1,1,-1,-1,1,-1,1,-1,1,1,-1,1,1,-1,-1,1,1,-1,1,1,1,-1,1,1,-1,1,1,-1,-1,1,1,-1,1,1,-1,1,1,1,-1,1,1,-1,1,1,-1,1,1,-1,-1,1,1,1,-1,1,1,-1,1,-1,1,-1,1,1,-1,-1,1,-1,1,1,1,-1,-1,1,1,-1,1,1,1,-1,1,1,1,-1,1,-1,1,1,-1,1,1,1,-1,-1,1,-1,1,-1,1,-1,-1,1,1,1,-1,-1,1,1,1,1,1,-1,-1,1,1,1,-1,1,1,1,1,1,1,1,1,-1,1,-1,-1,1,1,-1,-1,1,1,1,-1,1,1,-1,-1,-1,-1,1,1,1,-1,1,1,1,-1,1,1,-1,-1,1,1,1,1,1,-1,1,1,1,1,1,1,-1,1,1,1,1,1,1,-1,1,1,1,1,-1,1,-1,1,-1,1,-1,1,1,-1,-1,1,1,-1,1,1,-1,1,1,1,-1,1,1,1,-1,1,-2662.0,1,2000,445,1500,True
2180,-1,-1,1,1,1,1,-1,1,-1,-1,-1,1,-1,1,-1,-1,1,-1,1,1,-1,1,-1,-1,-1,1,-1,-1,-1,-1,-1,-1,1,1,-1,1,1,-1,-1,-1,1,-1,1,-1,-1,-1,1,1,-1,-1,-1,-1,1,1,1,-1,-1,1,-1,-1,1,1,1,1,-1,-1,-1,1,1,-1,1,-1,-1,-1,1,-1,-1,1,-1,-1,-1,1,1,-1,-1,-1,-1,1,1,1,-1,-1,-1,-1,1,1,-1,1,-1,1,-1,1,1,-1,1,-1,-1,-1,1,1,-1,1,-1,-1,-1,1,1,-1,1,-1,-1,-1,1,1,-1,1,-1,-1,-1,1,1,-1,1,-1,-1,1,1,1,-1,-1,-1,-1,1,1,1,-1,1,-1,-1,-1,1,1,-1,-1,1,-1,1,1,1,-1,1,1,-1,-1,1,1,-1,1,1,-1,1,1,1,-1,1,-1,-1,-1,1,1,1,-1,1,-1,1,1,-1,1,1,-1,-1,1,1,1,1,1,1,-1,1,1,-1,1,1,1,-1,1,1,1,-1,1,1,-1,1,1,-1,1,1,1,1,1,1,1,1,1,1,1,-1,1,-1,-1,1,1,-1,1,-1,1,1,1,1,1,1,1,-1,1,1,1,1,1,-1,1,-1,1,1,1,1,1,-1,1,1,1,1,-1,1,-1,1,-1,1,-1,-1,1,-1,1,-1,1,1,-1,1,-1,1,-1,1,-1,1,1,-1,-1,1,1,1,1,1,1,-1,1,1,1,-1,-1,1,1,-1,1,-1,-1,-1,1,-1,-1,-1,1,1,-1,1,1,1,1,-1,-1,-1,-1,-1,1,-1,1,-1,-1,1,1,-1,1,-1,1,-1,1,1,-1,-1,-1,-1,1,1,-1,-1,1,-1,-1,1,1,-1,1,-1,-1,1,-1,1,1,-1,-1,-1,1,1,1,-1,1,1,-1,-1,1,1,-1,1,-1,-1,-1,1,1,-1,1,-1,-1,1,-1,1,-1,1,-1,-1,1,-1,1,-1,1,1,-1,1,-1,1,1,-1,1,-1,-1,1,1,-1,1,-1,-1,1,1,-1,-1,1,1,-1,1,-1,1,-1,1,-1,1,1,-1,1,1,1,-1,1,1,-1,1,-1,1,-1,-1,1,-1,1,1,1,1,-1,1,1,1,1,1,-1,-1,1,-1,-1,1,-1,1,-1,-1,1,-1,1,-1,-1,-1,-1,1,-1,1,-1,1,-1,-1,1,-1,1,1,-1,-1,-1,1,-1,-1,1,1,-1,-1,1,-1,1,1,-1,1,-1,1,-1,-1,1,1,-1,-1,-1,-1,1,1,-1,1,-1,1,-1,1,-1,1,-1,-1,-1,-1,1,-1,1,-1,-1,-1,-1,1,-1,-1,1,-1,-1,-1,1,-1,1,1,1,-1,-1,1,-1,-1,1,-1,-1,-1,1,1,1,-1,1,-1,-1,-1,-1,1,-1,1,-1,-1,1,-1,1,1,1,-1,-1,-1,1,1,-1,1,-1,-1,-1,1,1,1,-1,1,1,-1,1,1,1,1,1,-1,1,-1,1,1,-1,1,-1,1,-1,-1,1,-1,-1,1,-1,-1,1,-1,-1,1,1,1,-1,1,1,-1,1,1,1,-1,-1,1,-1,-1,1,-1,-1,1,1,-1,-1,-1,-1,-1,1,1,-1,1,1,1,1,-1,1,-1,-1,1,1,-1,1,1,-1,-1,-1,1,-1,-1,1,1,-1,1,1,1,1,1,-1,1,1,1,-1,1,1,1,-1,1,1,-1,1,1,-1,1,1,1,-1,1,1,-1,-1,1,-1,1,1,1,-1,1,1,-1,-1,1,1,-1,1,1,1,1,1,1,1,1,1,1,1,1,1,-1,1,-1,1,-1,1,1,1,1,1,1,1,1,1,-1,1,-1,1,-1,1,1,1,-1,1,-1,1,1,1,1,1,1,1,1,1,1,-1,1,1,-1,-1,1,-1,-1,1,1,1,-1,1,1,-1,1,-1,-1,1,1,-1,-1,1,-1,1,-1,1,1,-1,1,-1,1,-1,1,-1,1,1,-1,1,1,1,1,-1,1,-1,1,-1,1,1,-1,1,-1,1,-1,1,1,-1,1,1,1,1,1,-1,1,1,-1,1,1,1,1,-1,1,-1,1,-1,1,1,-1,1,1,-1,1,1,-1,1,1,1,-1,1,1,1,-1,1,-1,-1,1,1,-1,1,1,-1,1,-1,1,-1,-1,1,1,-1,1,1,-1,-1,1,1,-1,1,1,-1,-1,-1,1,1,1,1,-1,1,1,1,-1,1,1,-1,-1,1,-1,1,1,-1,-1,-1,-1,1,-1,1,1,-1,1,-1,-1,1,1,1,-1,-1,-1,-1,-1,1,-1,-1,-1,1,-1,1,1,-1,-1,-1,1,-1,1,1,1,-1,1,-1,-1,1,1,1,-1,1,-1,1,1,1,-1,-1,1,-1,-1,1,1,-1,-1,1,-1,-1,1,1,-1,1,1,-1,-1,1,1,-1,-1,1,-1,-1,1,1,-1,-1,1,-1,-1,1,1,-1,-1,-1,1,-1,-1,1,-1,-1,1,-1,-1,1,-1,-1,-1,1,1,-1,-1,1,-1,1,-1,1,-1,1,1,-1,1,-1,1,-1,1,1,-1,1,1,1,1,-1,1,-1,1,1,-1,1,-1,1,-1,1,1,1,-1,1,1,1,1,-1,1,1,-1,1,1,-1,1,1,-1,-1,1,-1,1,-1,-1,1,-1,1,-1,1,-1,-1,1,-1,1,-1,1,-1,1,-1,-1,-1,1,1,-1,-1,1,-1,-1,-1,1,-1,-1,1,-1,-1,-1,1,1,-1,1,-1,-1,1,1,-1,-1,-1,1,-1,1,1,-1,1,1,-1,1,1,-1,-1,1,1,-1,-1,-1,1,-1,1,1,-1,1,1,-1,-1,-1,-1,1,-1,-1,-1,-1,1,-1,-1,1,1,-1,1,1,-1,1,1,1,1,-1,1,-1,1,1,1,1,-1,1,-1,1,1,1,1,-1,1,-1,-1,1,1,1,-1,1,-1,1,1,1,-1,-1,1,-1,-1,1,1,-1,-1,-1,1,-1,1,1,1,-1,1,-1,-1,1,-2662.0,1,2000,445,1500,True
2181,1,1,-1,-1,1,-1,-1,1,1,1,1,-1,1,1,1,1,-1,1,-1,-1,1,1,1,1,1,-1,1,-1,1,1,1,1,1,-1,-1,1,-1,1,1,1,-1,-1,1,1,1,1,1,-1,1,-1,1,1,-1,1,-1,-1,-1,-1,1,1,-1,-1,-1,1,1,1,1,1,-1,-1,1,-1,1,1,1,-1,-1,1,-1,1,1,-1,-1,-1,-1,1,1,1,-1,-1,-1,-1,1,1,1,-1,-1,1,-1,-1,1,1,-1,-1,1,-1,1,1,1,-1,-1,1,-1,1,1,1,-1,-1,1,-1,-1,1,1,1,-1,-1,-1,1,-1,1,1,-1,1,-1,1,1,1,1,-1,-1,-1,1,-1,1,1,-1,1,-1,-1,1,1,1,-1,-1,1,1,-1,1,1,-1,1,-1,1,1,-1,1,-1,1,-1,1,1,1,-1,-1,1,1,1,1,1,-1,1,-1,-1,1,1,1,-1,1,1,1,1,-1,1,1,1,1,-1,1,-1,1,-1,1,1,-1,1,-1,1,1,-1,1,-1,1,-1,1,-1,1,1,-1,1,-1,1,1,1,1,-1,-1,1,1,-1,-1,1,-1,1,1,-1,1,-1,1,-1,1,1,1,-1,1,1,-1,-1,1,1,1,-1,1,-1,1,1,1,-1,1,1,-1,1,-1,1,-1,1,-1,1,-1,1,1,-1,1,-1,-1,1,1,1,-1,1,-1,-1,-1,-1,1,-1,-1,1,1,-1,-1,1,1,-1,1,1,-1,1,1,1,1,-1,1,-1,1,1,-1,1,-1,1,1,-1,1,1,1,1,1,-1,-1,1,-1,-1,-1,1,1,-1,1,1,1,-1,1,-1,-1,1,1,1,1,1,-1,-1,1,1,-1,1,1,-1,-1,1,1,-1,1,1,-1,1,-1,1,1,-1,1,-1,1,1,1,-1,1,1,-1,1,1,1,-1,1,-1,-1,1,1,1,-1,1,-1,-1,1,-1,1,-1,1,-1,-1,1,-1,1,-1,1,1,-1,1,-1,1,1,-1,1,-1,-1,1,1,-1,1,-1,-1,1,1,-1,-1,1,1,-1,1,-1,1,-1,1,-1,1,1,-1,1,1,1,-1,1,1,-1,1,-1,1,-1,-1,1,-1,1,1,-1,1,-1,1,1,-1,1,-1,-1,-1,1,-1,-1,1,-1,1,-1,-1,1,-1,1,-1,-1,-1,-1,1,-1,1,-1,1,-1,1,1,-1,1,-1,-1,-1,-1,1,-1,-1,1,1,-1,-1,1,-1,1,1,-1,1,-1,1,-1,1,-1,1,-1,-1,-1,-1,-1,-1,-1,-1,-1,1,-1,1,-1,1,-1,-1,-1,1,1,1,1,-1,-1,-1,-1,1,-1,-1,-1,-1,-1,1,-1,-1,1,-1,-1,-1,-1,1,-1,-1,1,-1,-1,-1,1,-1,1,-1,1,-1,-1,-1,-1,1,-1,-1,-1,-1,1,-1,1,1,1,-1,-1,-1,1,1,-1,1,-1,-1,-1,1,1,1,-1,1,1,-1,1,1,1,1,1,1,1,-1,1,1,1,-1,-1,1,-1,-1,1,1,-1,1,-1,-1,1,1,1,-1,1,1,-1,1,-1,1,-1,1,1,-1,-1,1,1,-1,-1,-1,-1,1,1,1,-1,-1,-1,-1,1,1,1,-1,1,1,1,-1,1,1,-1,1,1,-1,-1,1,1,-1,-1,1,-1,-1,1,-1,1,1,1,1,-1,1,-1,1,1,1,-1,-1,1,-1,1,1,1,-1,1,-1,1,1,1,1,-1,1,-1,1,-1,1,-1,1,-1,-1,-1,1,1,1,-1,1,-1,-1,1,1,1,1,-1,-1,-1,1,1,1,1,1,-1,-1,1,-1,1,-1,-1,-1,1,1,1,1,1,-1,1,-1,1,-1,1,1,-1,-1,-1,1,1,-1,1,-1,1,-1,1,1,1,1,-1,-1,1,-1,1,-1,1,-1,1,1,-1,1,-1,1,-1,-1,1,1,-1,1,1,-1,1,-1,1,-1,1,-1,-1,-1,1,-1,-1,1,-1,-1,1,-1,1,-1,1,1,-1,-1,-1,1,-1,1,1,-1,-1,1,1,-1,1,-1,-1,1,-1,-1,-1,1,1,-1,-1,1,1,-1,1,1,-1,-1,1,-1,1,-1,1,-1,-1,-1,-1,-1,-1,1,-1,-1,1,-1,1,-1,1,-1,-1,-1,-1,-1,-1,1,-1,-1,-1,-1,-1,1,-1,-1,1,-1,-1,1,-1,1,-1,-1,-1,-1,1,-1,1,1,-1,-1,-1,1,1,1,-1,-1,1,-1,1,-1,1,-1,1,-1,-1,-1,1,1,-1,-1,-1,-1,1,-1,1,1,-1,1,-1,-1,1,1,-1,-1,-1,-1,-1,-1,1,1,-1,-1,1,-1,1,1,-1,-1,-1,1,-1,1,1,-1,-1,1,-1,-1,1,1,1,-1,1,-1,1,1,1,-1,-1,1,-1,-1,1,-1,1,-1,1,-1,-1,1,1,-1,1,1,-1,-1,1,1,1,1,1,-1,-1,1,1,1,1,1,-1,-1,1,1,1,1,1,1,-1,1,1,1,-1,1,-1,-1,1,-1,1,1,1,1,-1,-1,1,-1,1,1,1,-1,1,1,1,1,-1,1,-1,1,1,1,1,1,1,1,-1,1,1,1,1,-1,1,-1,1,1,1,1,1,-1,1,1,1,1,-1,1,1,-1,1,1,-1,1,1,-1,-1,1,1,1,1,-1,1,-1,1,1,1,-1,-1,1,-1,1,1,1,-1,1,-1,-1,-1,1,1,-1,-1,1,-1,-1,1,1,1,-1,1,-1,1,1,1,1,-1,1,-1,-1,1,1,-1,-1,-1,1,1,-1,1,-1,1,1,-1,1,1,-1,-1,1,1,-1,-1,1,1,-1,1,1,1,1,1,-1,-1,-1,-1,-1,-1,-1,-1,-1,-1,1,1,1,1,-1,1,1,-1,1,1,1,1,-1,1,-1,1,1,1,1,-1,1,-1,1,1,1,1,-1,1,-1,1,1,1,1,-1,1,-1,1,1,-1,-1,-1,1,-1,1,1,1,-1,-1,-1,1,-1,1,-1,1,-1,1,-1,1,1,-2662.0,1,2000,445,1500,True
2182,-1,-1,1,1,1,1,-1,1,-1,-1,-1,1,-1,1,-1,-1,1,-1,1,1,1,1,-1,-1,-1,1,-1,-1,-1,-1,-1,-1,1,1,-1,1,1,-1,-1,-1,1,-1,1,-1,-1,-1,1,-1,1,-1,1,-1,1,-1,1,-1,-1,1,-1,-1,-1,1,1,1,-1,-1,-1,-1,-1,-1,1,-1,-1,-1,-1,-1,1,1,-1,-1,-1,1,-1,1,-1,-1,-1,-1,-1,1,-1,-1,-1,-1,-1,-1,-1,1,-1,1,-1,-1,-1,-1,1,-1,-1,-1,-1,-1,-1,1,-1,1,-1,-1,-1,-1,1,-1,-1,-1,-1,-1,-1,1,-1,-1,1,-1,-1,-1,1,-1,-1,1,-1,-1,-1,1,-1,-1,1,-1,-1,-1,-1,-1,-1,-1,-1,-1,-1,1,1,-1,-1,1,-1,-1,1,1,-1,-1,-1,-1,-1,1,1,-1,-1,-1,-1,-1,1,-1,-1,1,-1,-1,1,-1,1,-1,-1,-1,-1,1,1,-1,-1,1,-1,1,1,1,1,-1,1,-1,-1,1,1,1,-1,1,-1,-1,-1,1,1,-1,1,1,-1,1,1,1,1,1,-1,1,1,1,1,1,-1,1,-1,-1,1,1,-1,1,-1,1,-1,1,1,1,1,1,-1,1,1,1,1,1,-1,1,-1,1,1,1,1,1,-1,1,1,1,1,-1,1,-1,1,-1,1,-1,-1,1,-1,1,-1,1,1,1,-1,-1,1,-1,1,-1,1,-1,-1,-1,1,1,1,1,-1,1,-1,1,1,1,-1,-1,1,1,-1,1,-1,-1,-1,1,-1,-1,1,1,1,-1,1,1,1,1,-1,-1,-1,1,-1,-1,-1,1,-1,-1,1,1,-1,1,-1,-1,-1,1,1,-1,1,-1,-1,-1,1,-1,-1,1,-1,-1,1,1,-1,1,1,-1,1,1,1,1,-1,1,-1,1,1,1,-1,1,1,-1,-1,1,1,-1,1,-1,-1,-1,1,1,-1,1,-1,-1,1,-1,1,-1,1,-1,-1,1,-1,1,-1,1,1,-1,1,-1,1,1,-1,1,-1,-1,1,1,-1,1,-1,-1,1,1,-1,-1,1,1,-1,1,-1,1,-1,1,-1,1,1,-1,1,1,1,-1,1,1,-1,1,-1,1,-1,-1,1,-1,1,1,1,1,-1,1,1,1,1,1,-1,-1,1,-1,-1,1,-1,1,-1,-1,1,-1,1,1,-1,-1,-1,1,-1,1,-1,1,-1,1,-1,-1,1,1,-1,-1,-1,1,-1,-1,1,1,-1,-1,1,-1,1,1,-1,1,-1,1,-1,-1,1,1,-1,-1,-1,-1,1,1,-1,1,-1,1,-1,1,-1,1,-1,-1,-1,-1,1,-1,1,-1,-1,-1,-1,1,-1,-1,-1,-1,-1,-1,1,1,1,-1,1,-1,-1,1,-1,-1,1,-1,-1,-1,1,-1,1,-1,1,-1,-1,-1,-1,1,-1,1,-1,-1,1,-1,1,1,1,-1,-1,-1,1,1,-1,1,-1,-1,-1,1,1,1,-1,1,1,-1,1,1,1,1,1,-1,1,-1,1,1,-1,1,-1,1,-1,-1,1,-1,-1,1,-1,-1,1,-1,-1,-1,1,1,-1,1,1,-1,-1,1,1,-1,-1,1,-1,-1,-1,-1,-1,1,1,-1,-1,-1,-1,-1,1,1,-1,-1,1,1,1,-1,1,-1,-1,1,1,-1,1,1,-1,-1,-1,1,-1,-1,1,1,-1,1,1,1,1,1,-1,1,1,1,-1,1,1,1,-1,1,1,-1,1,1,-1,1,1,1,-1,1,1,-1,-1,1,-1,1,-1,1,-1,1,1,1,-1,1,1,-1,1,1,1,1,1,1,1,1,1,1,1,1,1,-1,1,-1,1,-1,1,1,1,1,1,1,1,1,1,-1,1,-1,1,1,1,1,1,-1,1,-1,1,1,1,1,1,1,1,1,1,1,-1,1,1,-1,-1,1,-1,-1,1,1,1,-1,1,1,-1,1,-1,1,1,1,-1,-1,1,-1,1,-1,1,1,-1,1,-1,1,-1,1,-1,1,1,-1,1,1,1,1,-1,1,-1,1,-1,1,1,-1,1,-1,1,-1,1,1,-1,1,1,1,1,1,-1,1,1,-1,1,1,1,1,-1,1,-1,1,-1,1,1,-1,1,1,-1,1,1,1,-1,1,1,-1,1,1,1,1,-1,-1,-1,1,1,1,1,1,-1,1,-1,1,1,-1,1,1,-1,1,1,1,1,1,1,-1,1,-1,1,1,1,1,1,1,1,1,1,1,1,-1,1,1,1,-1,1,-1,1,1,1,1,1,-1,1,-1,1,1,1,-1,1,-1,1,1,1,1,1,1,-1,-1,1,-1,1,1,-1,-1,1,1,1,1,1,-1,-1,1,1,1,1,1,-1,-1,1,1,-1,1,1,-1,1,1,1,1,1,1,-1,-1,1,1,1,1,1,-1,-1,1,1,1,1,1,-1,-1,1,1,1,1,1,-1,-1,1,1,1,1,1,-1,-1,1,1,-1,1,1,1,-1,-1,1,1,1,1,-1,-1,1,-1,-1,1,1,1,-1,-1,1,-1,1,1,1,-1,1,1,-1,1,-1,1,-1,1,1,-1,1,1,1,1,-1,1,1,1,1,-1,1,-1,1,1,1,1,1,-1,1,1,1,1,-1,1,1,-1,1,1,-1,1,1,-1,-1,1,-1,1,1,-1,1,-1,1,-1,1,-1,-1,1,-1,1,-1,1,-1,1,-1,-1,-1,1,1,-1,-1,1,-1,-1,-1,1,1,-1,1,-1,-1,-1,1,1,-1,1,-1,-1,1,1,-1,-1,-1,1,-1,1,-1,-1,1,1,-1,1,1,-1,-1,1,1,-1,-1,-1,1,-1,1,1,-1,1,-1,1,-1,1,-1,1,-1,-1,-1,-1,1,-1,-1,1,1,-1,1,1,-1,1,1,-1,-1,-1,1,-1,1,1,1,1,-1,1,-1,-1,1,1,-1,-1,1,-1,1,1,1,-1,-1,1,-1,1,1,-1,-1,-1,1,-1,-1,1,1,-1,-1,-1,1,-1,1,-1,1,-1,1,-1,-1,1,-2662.0,1,2000,445,1500,True
2183,1,1,-1,-1,1,1,-1,1,1,1,1,-1,-1,1,1,1,-1,1,-1,-1,-1,1,1,1,1,1,-1,-1,1,1,1,1,-1,-1,-1,1,-1,1,1,1,-1,-1,1,1,1,1,1,1,-1,-1,1,1,-1,1,-1,-1,1,-1,1,1,1,-1,-1,-1,1,1,1,1,1,-1,1,-1,1,1,1,1,-1,1,-1,1,1,1,1,-1,-1,1,1,1,1,-1,1,1,-1,1,1,1,1,-1,-1,1,1,1,1,1,1,-1,-1,1,1,1,1,-1,-1,-1,1,1,1,1,1,-1,-1,1,1,1,1,-1,-1,-1,1,1,1,1,1,-1,-1,1,1,1,1,1,-1,-1,1,1,1,1,1,-1,-1,-1,1,1,1,1,1,-1,-1,1,1,1,1,1,-1,-1,1,1,-1,1,1,-1,1,1,1,1,1,-1,-1,1,1,1,1,-1,1,-1,1,1,1,1,1,-1,-1,-1,1,1,1,1,1,-1,-1,1,-1,-1,1,1,-1,-1,1,1,1,1,1,-1,1,1,-1,-1,1,1,-1,1,1,1,1,1,1,1,-1,1,-1,1,1,1,-1,-1,1,1,1,1,1,-1,-1,1,-1,-1,1,1,1,-1,1,-1,1,1,1,-1,1,1,1,-1,1,1,-1,-1,-1,1,1,-1,1,1,-1,-1,1,1,-1,1,1,1,1,1,1,-1,1,1,1,1,-1,1,1,1,1,1,1,1,1,1,1,-1,-1,1,-1,1,-1,1,1,-1,-1,1,1,-1,1,1,1,-1,1,1,1,1,1,1,-1,-1,1,-1,1,-1,1,-1,1,1,-1,1,1,1,-1,1,1,1,1,1,-1,1,1,-1,1,1,1,-1,1,1,-1,1,1,1,-1,1,1,1,-1,1,1,1,1,1,-1,1,1,-1,1,1,1,-1,1,1,1,-1,1,1,-1,1,1,1,-1,-1,1,-1,1,1,1,1,1,1,-1,1,-1,1,-1,-1,1,1,-1,-1,1,1,-1,1,-1,1,1,1,-1,1,1,1,1,1,1,-1,1,-1,-1,1,1,-1,1,-1,1,-1,1,1,-1,1,-1,1,1,1,1,1,1,-1,1,-1,-1,-1,1,1,1,-1,-1,1,1,1,-1,1,-1,1,-1,1,1,-1,1,-1,-1,1,1,1,-1,1,-1,1,-1,-1,1,1,1,-1,-1,-1,-1,-1,1,1,-1,-1,1,-1,1,1,-1,-1,1,-1,-1,1,1,1,-1,-1,1,-1,1,-1,-1,1,-1,-1,1,1,-1,1,-1,-1,1,1,1,-1,-1,1,-1,1,1,1,-1,-1,-1,-1,-1,1,1,-1,-1,1,-1,1,-1,1,1,-1,-1,1,-1,1,-1,1,-1,-1,1,-1,-1,-1,1,-1,-1,-1,-1,1,-1,1,-1,-1,1,-1,-1,1,1,-1,-1,-1,-1,-1,1,1,-1,1,-1,1,-1,-1,1,1,1,-1,1,-1,1,-1,1,1,1,-1,1,1,-1,-1,1,1,1,1,-1,-1,1,-1,1,1,1,-1,-1,-1,1,-1,1,-1,1,-1,-1,-1,1,1,-1,1,-1,-1,-1,1,1,-1,1,-1,-1,1,1,1,-1,1,-1,-1,-1,-1,1,1,1,-1,1,-1,-1,1,-1,1,-1,-1,1,1,-1,-1,1,1,-1,-1,-1,-1,-1,1,1,-1,-1,-1,1,-1,1,1,-1,-1,1,-1,1,1,-1,-1,-1,-1,-1,1,1,-1,1,-1,-1,1,1,1,1,-1,-1,-1,-1,-1,1,-1,1,-1,-1,1,-1,1,1,-1,1,-1,-1,1,1,1,-1,1,-1,1,-1,1,1,-1,1,-1,-1,-1,1,1,-1,1,-1,1,-1,1,1,1,-1,1,-1,-1,1,1,-1,-1,-1,1,-1,1,1,1,-1,1,-1,-1,-1,-1,1,-1,1,-1,-1,1,-1,-1,1,-1,1,-1,1,1,-1,1,-1,1,-1,1,-1,1,-1,1,-1,-1,1,1,-1,1,-1,-1,-1,-1,1,-1,1,-1,1,-1,-1,1,-1,1,1,-1,-1,-1,-1,1,1,1,1,-1,-1,1,1,-1,1,1,-1,-1,-1,1,-1,1,-1,-1,-1,1,1,1,-1,1,-1,-1,1,1,1,-1,1,-1,-1,-1,-1,-1,-1,1,-1,-1,-1,1,-1,1,-1,-1,1,-1,1,-1,-1,1,-1,-1,-1,1,1,-1,1,1,-1,-1,1,-1,1,1,-1,-1,-1,1,1,-1,1,-1,-1,-1,1,-1,1,1,-1,-1,-1,-1,-1,1,1,1,-1,1,-1,1,-1,1,-1,-1,-1,-1,-1,-1,1,1,-1,-1,1,-1,1,1,-1,-1,-1,1,-1,1,1,-1,-1,1,1,-1,1,1,1,-1,1,-1,1,1,1,-1,-1,1,-1,-1,1,1,-1,-1,-1,-1,-1,1,1,-1,1,1,-1,-1,1,1,-1,-1,1,-1,-1,1,1,-1,-1,1,-1,-1,1,1,1,-1,-1,-1,-1,1,1,-1,-1,1,-1,-1,1,-1,1,-1,1,-1,-1,-1,1,1,-1,-1,-1,-1,1,1,1,-1,1,-1,1,1,1,1,-1,-1,-1,1,-1,1,-1,-1,-1,-1,1,-1,1,-1,-1,-1,1,-1,1,1,-1,-1,-1,1,-1,1,1,-1,1,-1,1,1,1,-1,1,-1,1,-1,1,1,1,1,-1,1,-1,1,-1,1,1,-1,-1,1,-1,1,1,1,-1,1,-1,1,1,-1,1,-1,1,-1,1,1,-1,1,-1,1,-1,1,-1,1,1,-1,-1,-1,-1,-1,1,1,1,-1,1,1,1,1,1,-1,-1,1,1,1,1,1,-1,-1,1,-1,1,1,1,-1,-1,-1,-1,-1,-1,-1,-1,-1,1,-1,1,1,1,-1,1,1,-1,-1,1,1,1,-1,1,-1,1,1,1,-1,-1,1,-1,1,1,1,-1,-1,1,-1,1,1,1,-1,-1,1,-1,1,-1,1,1,-1,1,-1,-1,1,1,1,-1,-1,-1,1,1,-1,1,-1,1,-1,-1,1,-2662.0,1,2000,445,1000,True
2184,1,1,-1,-1,1,1,-1,-1,1,1,1,-1,1,1,1,1,-1,1,-1,-1,1,1,1,1,1,-1,1,-1,1,1,1,1,1,1,-1,-1,1,1,1,1,-1,-1,-1,1,1,1,-1,-1,1,1,1,1,-1,1,-1,-1,1,-1,1,1,-1,-1,1,1,1,1,1,-1,-1,-1,1,1,1,1,1,-1,1,-1,1,1,1,-1,-1,1,1,1,1,1,-1,-1,-1,1,1,1,1,-1,1,1,1,-1,1,1,-1,-1,1,1,1,1,1,-1,-1,1,1,1,1,1,-1,-1,1,1,1,1,1,1,-1,1,1,1,-1,1,1,-1,1,1,1,1,1,1,-1,1,1,1,1,1,1,-1,-1,1,1,1,1,1,-1,1,-1,1,1,1,-1,-1,1,-1,1,1,-1,1,-1,1,-1,1,1,1,-1,-1,1,1,1,1,1,-1,1,-1,-1,1,1,1,-1,1,1,1,1,-1,1,-1,1,1,-1,1,-1,1,1,-1,1,-1,1,-1,1,-1,-1,1,-1,1,-1,1,-1,1,1,-1,-1,-1,1,1,1,1,-1,-1,1,1,-1,-1,1,-1,1,-1,-1,1,-1,1,-1,1,-1,1,-1,1,1,-1,1,-1,1,-1,1,1,-1,1,1,1,1,1,1,-1,-1,-1,-1,1,1,-1,1,-1,1,-1,1,1,-1,-1,-1,1,1,1,1,-1,-1,-1,1,1,-1,1,1,1,-1,-1,1,1,1,1,1,-1,1,1,-1,1,-1,1,-1,1,1,1,1,-1,1,1,-1,1,1,1,1,1,-1,-1,1,-1,1,-1,1,1,-1,1,1,1,-1,1,-1,-1,1,1,1,-1,1,-1,1,1,1,-1,1,1,-1,1,1,-1,-1,1,1,-1,-1,1,-1,1,-1,1,-1,1,1,1,-1,1,1,-1,1,1,1,-1,1,-1,-1,1,1,1,-1,1,-1,-1,-1,1,1,-1,1,-1,-1,1,-1,1,-1,1,1,-1,-1,1,1,1,1,1,-1,-1,1,1,-1,1,-1,-1,-1,-1,-1,-1,1,1,-1,-1,1,1,-1,1,-1,-1,-1,1,1,1,1,1,-1,1,1,1,-1,1,-1,-1,-1,-1,1,1,1,1,-1,-1,1,1,1,1,-1,-1,1,-1,-1,1,-1,1,-1,-1,1,-1,1,1,-1,-1,1,1,-1,1,-1,1,-1,-1,1,-1,1,1,-1,-1,-1,1,-1,-1,1,1,-1,-1,1,-1,1,1,-1,1,-1,1,-1,-1,1,1,-1,-1,1,-1,1,1,-1,-1,1,1,-1,1,-1,1,-1,1,-1,-1,1,-1,1,-1,1,-1,-1,1,-1,-1,-1,1,-1,-1,1,-1,1,-1,1,-1,-1,1,-1,-1,1,-1,1,-1,1,1,1,-1,1,1,-1,-1,-1,1,-1,1,-1,-1,1,-1,1,1,1,1,-1,-1,1,1,-1,1,1,-1,-1,1,1,1,-1,1,1,-1,1,1,1,1,-1,1,1,-1,-1,1,1,-1,-1,1,-1,-1,1,1,-1,1,-1,-1,-1,1,1,-1,1,1,-1,-1,-1,1,-1,1,1,-1,-1,-1,1,-1,-1,-1,-1,1,-1,1,-1,-1,-1,-1,-1,-1,1,-1,1,1,1,1,-1,1,-1,1,1,-1,-1,-1,1,-1,-1,1,-1,1,-1,-1,1,1,1,1,-1,-1,1,1,1,1,-1,1,-1,-1,1,1,1,-1,-1,-1,-1,1,1,1,-1,-1,-1,1,-1,1,-1,1,-1,-1,-1,1,1,1,-1,-1,-1,1,1,1,1,1,-1,-1,-1,1,1,1,1,-1,-1,-1,1,1,1,-1,-1,-1,-1,1,1,1,1,-1,-1,1,1,1,1,1,-1,-1,-1,1,1,-1,1,-1,-1,-1,1,1,1,1,-1,-1,1,1,1,1,-1,-1,1,1,-1,1,1,-1,-1,-1,1,1,1,1,1,-1,1,1,1,1,1,-1,-1,-1,1,-1,1,-1,-1,-1,-1,1,-1,1,1,-1,-1,-1,1,-1,1,1,-1,-1,-1,1,1,1,1,-1,-1,1,-1,-1,1,1,-1,-1,-1,1,1,-1,-1,-1,-1,-1,1,-1,1,-1,-1,-1,-1,-1,-1,-1,1,-1,-1,-1,1,-1,-1,1,-1,-1,-1,-1,-1,-1,1,-1,-1,-1,-1,-1,1,-1,-1,-1,1,-1,-1,1,-1,1,-1,-1,-1,-1,-1,-1,-1,1,-1,-1,-1,1,1,-1,-1,-1,1,-1,-1,-1,-1,-1,1,-1,-1,1,1,1,-1,1,-1,-1,1,-1,1,1,-1,1,-1,-1,1,1,-1,-1,-1,-1,-1,-1,1,1,-1,-1,1,-1,1,1,-1,-1,-1,1,-1,1,1,-1,-1,1,1,-1,1,1,1,-1,1,-1,1,1,1,-1,-1,1,-1,-1,1,-1,1,1,-1,1,-1,1,1,1,-1,1,-1,-1,1,1,1,1,-1,1,-1,1,1,1,1,1,-1,-1,1,1,1,1,1,-1,-1,-1,1,1,1,-1,-1,-1,1,-1,1,1,1,-1,-1,-1,1,-1,1,1,-1,-1,1,1,1,1,1,-1,1,1,1,1,1,1,-1,1,-1,1,1,1,1,-1,1,-1,1,1,1,-1,1,-1,1,1,1,1,-1,-1,1,-1,1,1,-1,1,1,-1,-1,1,1,1,1,-1,1,-1,1,1,1,-1,-1,1,-1,1,-1,1,-1,1,-1,-1,-1,1,1,-1,-1,1,-1,-1,1,-1,1,-1,1,-1,-1,-1,1,1,-1,1,-1,-1,1,1,-1,-1,-1,1,-1,1,-1,-1,1,1,-1,1,1,-1,-1,1,-1,-1,-1,-1,1,-1,1,1,-1,1,-1,1,-1,-1,-1,1,-1,-1,-1,-1,1,-1,-1,1,1,-1,1,1,-1,1,1,-1,-1,-1,1,-1,1,1,1,1,-1,1,-1,-1,1,1,-1,-1,1,-1,1,1,1,-1,-1,1,-1,1,1,-1,-1,-1,1,-1,-1,1,1,-1,-1,-1,1,-1,1,-1,1,-1,1,-1,-1,1,-2662.0,1,2000,445,0,False
2185,1,1,-1,-1,1,-1,-1,1,1,1,1,-1,1,1,1,1,-1,1,1,-1,-1,1,1,1,1,1,-1,-1,1,1,1,1,-1,-1,-1,1,-1,1,1,1,-1,-1,1,1,1,1,1,-1,1,1,1,1,-1,1,-1,-1,1,-1,1,1,1,-1,-1,-1,1,1,1,1,-1,-1,1,-1,1,1,1,-1,-1,1,-1,1,1,-1,-1,-1,-1,1,1,1,-1,-1,-1,1,-1,1,1,-1,-1,1,-1,1,1,1,-1,-1,1,-1,-1,1,1,-1,-1,1,-1,-1,1,1,-1,-1,1,-1,-1,1,1,1,-1,1,-1,-1,1,1,1,-1,1,-1,-1,1,1,1,-1,-1,-1,-1,-1,1,1,-1,1,-1,-1,-1,1,1,-1,-1,1,-1,-1,1,1,-1,1,1,-1,-1,1,1,-1,1,1,-1,1,1,-1,-1,1,-1,-1,1,1,-1,1,-1,1,-1,1,1,-1,1,1,-1,-1,-1,1,1,1,1,1,-1,-1,1,-1,1,1,1,-1,-1,1,1,-1,1,1,-1,1,1,-1,1,1,1,-1,1,1,1,1,1,1,1,-1,1,-1,-1,1,1,-1,-1,1,1,-1,1,1,-1,-1,1,-1,1,1,1,1,-1,1,-1,-1,1,1,-1,1,1,-1,1,1,1,-1,-1,1,-1,1,-1,1,1,1,1,-1,1,-1,1,1,1,1,-1,1,-1,1,1,1,1,-1,-1,1,1,1,1,1,-1,-1,1,1,-1,-1,1,1,-1,-1,1,1,1,1,-1,1,-1,1,1,1,-1,1,-1,-1,1,1,1,1,-1,-1,-1,1,-1,1,1,1,1,-1,1,1,1,1,1,1,-1,1,1,1,1,-1,1,1,1,1,1,1,1,-1,1,1,1,-1,1,1,-1,1,1,1,-1,1,1,1,-1,1,-1,1,1,1,1,-1,1,1,-1,1,1,1,1,1,1,-1,-1,1,1,-1,1,1,1,1,1,1,-1,-1,1,-1,-1,1,1,1,-1,1,1,1,1,1,-1,1,1,-1,-1,1,1,-1,-1,1,-1,1,-1,1,-1,1,-1,1,-1,1,-1,-1,1,-1,1,-1,1,1,-1,1,1,1,-1,1,-1,-1,-1,1,-1,1,1,-1,1,1,1,-1,1,-1,-1,1,1,1,-1,1,1,-1,1,1,1,1,1,-1,-1,1,-1,1,-1,1,-1,-1,-1,-1,-1,1,1,-1,-1,1,-1,1,1,-1,-1,-1,-1,-1,1,1,1,-1,-1,1,-1,1,-1,-1,1,-1,-1,1,1,-1,1,-1,-1,1,1,1,-1,-1,1,-1,1,1,1,-1,-1,1,-1,-1,1,1,-1,-1,1,-1,1,-1,1,1,-1,-1,1,-1,1,-1,1,-1,-1,1,-1,-1,-1,1,-1,-1,1,-1,1,-1,1,-1,-1,1,-1,-1,1,1,-1,-1,-1,1,-1,1,1,-1,1,-1,1,-1,-1,1,1,1,-1,1,-1,1,-1,1,-1,1,-1,-1,1,-1,-1,1,1,1,1,-1,-1,1,-1,1,1,1,-1,-1,-1,-1,-1,1,1,1,-1,-1,-1,1,1,-1,1,-1,-1,-1,1,1,-1,1,-1,-1,1,1,1,-1,1,-1,-1,-1,-1,1,1,1,-1,1,-1,-1,1,-1,1,-1,-1,1,1,-1,-1,1,1,-1,-1,-1,-1,-1,1,1,-1,-1,-1,1,-1,1,1,-1,-1,1,-1,1,1,-1,-1,-1,-1,-1,1,1,-1,1,-1,-1,1,1,1,1,-1,-1,-1,-1,-1,1,-1,1,-1,-1,1,-1,1,1,-1,1,-1,-1,1,1,1,-1,1,-1,1,-1,1,1,-1,1,-1,-1,-1,1,1,-1,1,-1,1,-1,1,1,1,-1,1,-1,-1,1,1,-1,-1,-1,1,-1,1,1,1,-1,1,-1,-1,-1,-1,1,-1,1,-1,-1,1,-1,-1,1,-1,1,-1,1,1,-1,1,-1,1,-1,1,-1,1,-1,1,-1,-1,1,1,-1,1,-1,-1,-1,-1,1,-1,1,-1,1,-1,-1,1,-1,1,1,-1,-1,-1,-1,1,1,1,1,-1,-1,1,-1,-1,1,1,-1,-1,-1,-1,1,-1,-1,-1,-1,1,1,1,1,1,-1,-1,1,-1,-1,1,1,-1,-1,-1,-1,1,-1,1,-1,-1,-1,-1,-1,1,-1,-1,1,-1,-1,1,-1,1,-1,-1,-1,-1,1,-1,1,1,-1,-1,-1,-1,1,1,-1,-1,-1,1,1,-1,1,-1,-1,-1,-1,-1,1,1,-1,-1,-1,-1,-1,1,1,1,-1,1,-1,1,-1,1,-1,-1,-1,-1,-1,-1,1,1,-1,-1,1,-1,1,1,-1,-1,-1,1,-1,1,1,-1,-1,1,1,-1,1,1,1,-1,1,-1,1,1,1,-1,-1,1,-1,1,1,1,1,-1,1,-1,-1,1,1,-1,1,1,-1,-1,1,1,-1,1,1,-1,-1,1,-1,-1,1,1,1,-1,1,1,1,1,1,1,-1,1,1,-1,1,1,1,-1,1,-1,1,1,1,1,-1,-1,1,-1,1,1,1,-1,-1,1,1,1,-1,1,-1,-1,1,1,1,1,1,-1,1,-1,1,1,1,1,-1,1,1,1,1,1,-1,1,-1,1,1,1,-1,-1,-1,1,1,1,-1,1,-1,1,1,-1,1,1,-1,1,-1,1,1,1,1,-1,-1,-1,1,1,1,1,-1,-1,1,1,-1,1,1,-1,1,-1,1,-1,1,1,-1,1,-1,1,-1,1,1,1,1,1,1,1,1,1,-1,-1,1,-1,1,-1,1,-1,1,-1,1,1,1,-1,-1,1,1,1,-1,1,1,-1,1,-1,1,1,1,-1,-1,-1,1,-1,-1,-1,-1,-1,1,-1,1,1,1,-1,1,1,1,-1,1,1,1,-1,1,1,1,1,1,1,-1,1,1,1,1,1,1,-1,-1,1,-1,1,1,1,-1,1,1,1,-1,1,-1,-1,1,1,1,1,1,-1,-1,-1,1,1,1,1,1,-1,1,-1,1,1,-2662.0,1,2000,445,1000,True
2186,1,1,-1,-1,1,-1,-1,1,1,1,1,-1,1,1,1,1,-1,1,-1,-1,-1,1,1,1,1,-1,1,-1,1,1,1,1,1,-1,-1,1,-1,1,1,-1,-1,-1,1,1,1,1,-1,-1,1,-1,1,1,-1,1,-1,-1,-1,-1,1,1,-1,-1,-1,-1,1,1,1,-1,-1,-1,1,-1,1,1,1,-1,-1,1,-1,1,1,-1,-1,-1,-1,1,1,1,-1,-1,-1,1,-1,1,1,-1,-1,1,-1,-1,1,1,-1,-1,1,-1,-1,1,1,-1,-1,1,-1,-1,1,1,-1,-1,1,-1,-1,1,1,1,-1,-1,-1,-1,1,1,1,-1,-1,-1,-1,1,1,1,-1,-1,-1,-1,-1,1,1,-1,1,-1,-1,-1,1,1,-1,-1,1,-1,-1,1,1,-1,1,1,-1,-1,1,1,-1,1,1,-1,1,1,-1,-1,-1,-1,-1,1,1,-1,-1,1,1,-1,1,1,-1,-1,-1,-1,-1,-1,1,-1,1,-1,1,-1,-1,1,1,-1,-1,1,-1,-1,1,-1,-1,1,1,-1,1,1,-1,-1,1,1,-1,1,1,1,-1,-1,1,1,-1,1,-1,-1,1,1,-1,-1,1,1,-1,-1,1,-1,-1,1,-1,1,-1,1,1,-1,1,-1,1,-1,1,-1,1,1,1,1,-1,1,-1,-1,-1,1,-1,-1,1,1,1,-1,1,-1,-1,1,1,1,1,1,1,-1,1,1,1,1,-1,1,-1,1,1,1,1,1,1,-1,1,-1,-1,1,-1,1,-1,1,1,1,1,1,-1,-1,1,1,1,-1,1,1,-1,1,1,1,1,-1,1,-1,1,-1,1,1,1,1,-1,1,1,1,1,1,1,-1,1,1,1,1,1,-1,-1,1,1,1,1,-1,-1,1,1,1,-1,1,-1,1,-1,1,1,-1,1,1,-1,1,1,-1,1,1,1,-1,1,1,1,-1,1,1,-1,1,1,1,-1,1,1,-1,1,1,1,1,-1,1,-1,1,-1,1,-1,1,1,1,1,-1,1,1,-1,1,-1,1,1,1,-1,-1,-1,-1,1,-1,1,-1,1,1,-1,1,1,-1,1,-1,1,1,1,1,-1,1,1,1,-1,1,1,1,1,-1,1,1,1,-1,1,-1,1,-1,1,1,1,1,-1,-1,-1,1,-1,1,1,-1,1,-1,1,1,1,1,1,-1,-1,1,-1,-1,1,-1,1,-1,1,1,1,1,1,1,-1,-1,1,-1,1,1,-1,-1,1,1,1,-1,1,-1,-1,-1,1,-1,1,-1,-1,-1,1,1,1,1,-1,1,-1,1,-1,1,1,-1,-1,1,1,-1,-1,1,-1,-1,-1,1,-1,1,1,-1,-1,-1,1,1,-1,1,1,-1,-1,1,-1,1,-1,1,-1,-1,1,1,-1,-1,1,-1,-1,1,-1,1,-1,1,-1,-1,1,-1,-1,1,1,-1,-1,-1,1,-1,1,1,-1,-1,1,1,-1,-1,1,1,1,-1,1,-1,1,-1,1,-1,1,-1,1,1,-1,-1,1,-1,1,1,-1,-1,1,-1,1,1,1,-1,-1,-1,1,-1,1,1,1,-1,-1,-1,1,1,-1,1,-1,-1,-1,1,1,-1,1,-1,-1,1,1,1,-1,1,-1,-1,-1,-1,1,1,1,-1,1,-1,-1,1,-1,1,-1,-1,1,-1,1,-1,1,1,-1,-1,-1,-1,-1,1,1,-1,-1,-1,1,-1,1,1,-1,-1,-1,-1,1,1,-1,-1,-1,-1,-1,1,1,-1,1,-1,1,1,1,1,1,-1,-1,-1,-1,-1,1,-1,1,-1,-1,1,-1,1,1,-1,1,-1,-1,1,1,1,-1,1,-1,1,-1,1,1,-1,1,-1,-1,-1,1,1,-1,1,-1,1,-1,1,1,-1,-1,1,-1,-1,1,1,-1,-1,-1,1,-1,1,1,-1,-1,1,-1,-1,1,-1,1,-1,1,-1,-1,1,-1,-1,1,-1,1,-1,1,1,-1,1,-1,1,-1,1,-1,1,-1,1,-1,-1,1,1,-1,1,-1,-1,-1,-1,1,-1,1,-1,1,-1,-1,1,-1,1,1,-1,-1,-1,-1,1,1,1,1,-1,-1,1,-1,-1,1,1,-1,-1,-1,-1,1,-1,1,-1,-1,1,1,1,1,1,-1,-1,1,-1,-1,1,1,-1,-1,-1,-1,1,-1,1,-1,-1,-1,-1,-1,1,-1,-1,1,-1,-1,1,-1,1,-1,-1,-1,-1,-1,1,1,1,-1,-1,-1,1,1,1,-1,-1,-1,1,-1,-1,1,-1,-1,-1,-1,1,1,1,-1,-1,-1,-1,1,-1,1,1,-1,1,-1,-1,1,1,-1,-1,-1,-1,-1,-1,1,1,-1,-1,1,-1,1,1,-1,-1,-1,1,-1,1,1,1,-1,1,1,-1,1,1,1,-1,1,-1,1,1,1,-1,-1,1,-1,-1,1,1,1,1,-1,1,-1,1,1,1,-1,1,-1,-1,1,1,1,1,-1,1,-1,1,1,1,1,1,-1,-1,1,1,1,1,1,-1,-1,1,1,1,1,-1,-1,-1,1,-1,1,1,1,-1,-1,-1,1,-1,1,1,-1,-1,1,-1,1,1,1,-1,1,1,1,1,1,1,-1,1,-1,-1,1,1,1,-1,1,-1,1,1,1,-1,1,-1,1,-1,1,1,1,1,1,-1,-1,1,-1,-1,1,-1,-1,1,1,1,1,-1,1,-1,-1,1,1,1,-1,1,-1,1,1,1,1,-1,-1,-1,-1,1,1,-1,1,1,-1,-1,1,1,-1,1,-1,1,-1,1,1,1,-1,1,-1,-1,1,1,1,1,-1,1,-1,-1,1,-1,1,1,-1,1,1,1,1,1,-1,-1,-1,1,1,1,1,1,-1,1,1,-1,1,1,-1,1,-1,-1,1,1,1,-1,-1,1,1,-1,1,1,-1,1,1,1,1,1,1,-1,1,1,1,1,1,1,-1,-1,1,1,1,1,1,-1,1,1,1,1,-1,1,-1,1,1,1,-1,1,1,-1,-1,1,1,-1,1,1,1,-1,1,1,-1,1,1,-1,-1,1,-2662.0,1,2000,445,1000,True
2187,1,1,-1,-1,1,1,-1,1,1,1,1,-1,1,1,1,1,-1,1,-1,-1,-1,1,1,1,1,1,-1,-1,1,1,1,1,-1,-1,-1,1,-1,1,1,1,-1,-1,1,1,1,1,1,-1,1,-1,1,1,-1,1,-1,-1,1,-1,1,1,1,-1,-1,1,1,1,1,1,-1,-1,1,-1,1,1,1,-1,-1,1,-1,1,1,-1,-1,-1,-1,1,1,1,-1,-1,1,1,-1,1,1,-1,-1,-1,-1,1,1,1,-1,-1,1,-1,-1,1,1,-1,-1,-1,-1,-1,1,1,-1,-1,1,-1,-1,1,1,1,-1,-1,-1,-1,1,1,1,-1,1,-1,-1,1,1,1,-1,1,-1,-1,1,1,1,-1,1,-1,-1,-1,1,1,-1,-1,1,-1,-1,1,1,-1,1,-1,-1,-1,1,1,-1,1,1,-1,1,1,-1,-1,1,-1,-1,1,1,-1,1,-1,1,-1,1,1,-1,1,1,-1,-1,-1,1,1,1,1,1,-1,-1,1,-1,1,1,1,-1,-1,1,1,-1,1,1,-1,1,1,-1,1,1,1,-1,1,1,1,1,1,1,1,-1,1,-1,-1,1,1,-1,-1,1,1,-1,1,1,-1,-1,1,-1,1,1,1,1,-1,1,1,-1,1,1,-1,1,1,-1,1,-1,1,-1,-1,1,-1,1,1,1,1,1,1,-1,1,-1,1,1,1,1,-1,1,-1,1,1,1,1,-1,-1,1,1,1,1,1,1,-1,1,1,-1,-1,1,1,-1,-1,1,1,1,1,-1,1,-1,1,1,1,-1,1,-1,-1,1,1,1,1,-1,1,-1,1,-1,1,1,1,1,-1,1,1,1,1,1,1,-1,1,1,1,1,1,1,1,1,1,1,1,1,-1,1,1,1,-1,1,1,-1,1,1,1,1,1,1,1,-1,1,-1,1,1,1,1,-1,1,1,1,1,1,1,-1,1,1,-1,1,1,-1,-1,1,1,1,-1,1,1,-1,-1,1,-1,1,1,1,1,-1,1,1,-1,1,1,-1,1,1,-1,-1,-1,-1,-1,1,1,-1,1,1,-1,-1,1,-1,-1,1,1,1,-1,1,-1,1,1,1,-1,-1,1,1,-1,-1,1,1,1,-1,1,-1,1,1,1,-1,1,1,-1,-1,-1,1,1,1,1,1,-1,1,1,-1,1,1,1,1,-1,1,1,-1,1,-1,1,-1,1,-1,1,1,1,1,-1,-1,1,-1,1,1,1,-1,1,1,1,-1,1,1,-1,-1,1,-1,1,1,1,-1,1,1,1,1,1,1,-1,1,-1,1,1,1,-1,-1,1,1,-1,1,1,-1,-1,1,-1,1,1,1,-1,-1,1,-1,-1,1,1,-1,-1,1,-1,1,1,1,1,-1,1,-1,-1,-1,1,1,-1,-1,1,1,-1,1,-1,-1,1,-1,-1,1,-1,1,-1,-1,1,-1,1,-1,1,-1,-1,1,-1,-1,1,1,1,-1,1,-1,1,-1,-1,1,1,-1,1,1,-1,-1,1,1,1,-1,1,-1,1,-1,1,1,1,-1,-1,-1,-1,-1,1,1,1,-1,-1,-1,1,1,-1,1,-1,-1,-1,1,1,-1,1,-1,-1,-1,1,1,-1,1,-1,-1,-1,-1,1,1,1,-1,1,-1,-1,1,-1,1,-1,-1,1,-1,1,-1,1,1,-1,-1,-1,-1,-1,1,1,-1,-1,-1,1,-1,1,1,-1,-1,1,-1,1,1,-1,-1,-1,-1,-1,1,1,-1,1,-1,1,1,1,1,1,-1,-1,-1,-1,-1,1,-1,1,-1,-1,1,-1,1,1,-1,1,-1,-1,1,1,1,-1,1,-1,1,-1,1,1,-1,1,-1,1,-1,1,1,-1,1,-1,-1,-1,1,1,-1,-1,1,-1,-1,1,1,-1,-1,-1,-1,-1,1,1,-1,-1,1,-1,-1,-1,-1,1,-1,1,-1,-1,1,-1,-1,1,-1,1,-1,1,1,-1,1,-1,1,-1,1,-1,-1,1,-1,1,-1,1,1,-1,1,-1,-1,-1,-1,1,-1,1,-1,1,-1,-1,1,-1,1,-1,1,-1,-1,-1,1,1,-1,-1,-1,-1,1,-1,-1,-1,-1,-1,-1,-1,-1,1,-1,-1,-1,-1,1,1,-1,1,-1,-1,-1,1,-1,-1,1,-1,-1,-1,-1,-1,1,1,-1,-1,-1,-1,-1,1,-1,-1,-1,1,-1,-1,1,-1,1,-1,-1,-1,-1,-1,-1,-1,1,-1,-1,-1,1,1,-1,-1,-1,-1,1,-1,-1,-1,-1,-1,-1,-1,1,1,1,-1,-1,-1,-1,1,-1,1,1,-1,1,-1,-1,1,1,-1,-1,-1,-1,-1,-1,1,1,-1,-1,1,-1,1,1,-1,-1,-1,1,-1,1,1,-1,-1,1,-1,-1,1,1,1,-1,1,-1,1,1,1,-1,-1,1,-1,-1,1,1,1,-1,1,-1,-1,1,1,-1,1,1,-1,-1,1,1,-1,1,1,-1,-1,1,1,-1,1,1,-1,-1,1,1,1,1,1,1,-1,-1,1,1,-1,1,-1,-1,1,-1,1,1,1,1,-1,-1,1,-1,1,1,1,-1,1,1,1,1,-1,1,-1,1,1,1,1,1,1,-1,-1,1,1,1,1,-1,1,-1,1,1,1,1,1,-1,1,1,1,1,-1,-1,1,-1,1,1,-1,1,-1,-1,-1,1,1,1,-1,1,-1,-1,1,1,1,-1,-1,-1,-1,1,1,1,-1,-1,1,-1,-1,1,1,-1,1,-1,-1,-1,1,1,-1,1,-1,1,-1,1,1,1,1,1,-1,-1,1,1,-1,-1,1,1,-1,1,1,-1,1,-1,-1,1,1,-1,-1,1,-1,-1,-1,1,1,-1,1,1,-1,1,1,-1,-1,-1,1,-1,-1,-1,-1,-1,1,1,1,-1,1,-1,1,1,1,1,1,1,1,-1,1,1,-1,1,1,-1,-1,1,1,1,1,1,-1,1,-1,1,-1,1,1,-1,-1,1,1,-1,1,1,1,-1,1,1,1,1,1,1,-1,1,1,-1,1,1,1,-1,1,-1,1,1,-2662.0,1,2000,445,1000,True
2188,1,1,-1,-1,1,1,-1,1,1,1,1,-1,-1,1,1,1,-1,1,-1,-1,-1,1,1,1,1,-1,-1,-1,1,1,1,1,1,-1,-1,1,-1,1,1,1,-1,-1,1,1,1,1,1,-1,1,-1,1,1,-1,1,-1,-1,1,-1,1,1,1,-1,-1,-1,1,1,1,1,-1,-1,1,-1,1,1,1,-1,-1,1,1,1,1,-1,-1,-1,-1,1,1,1,-1,-1,-1,1,-1,1,1,-1,-1,1,-1,1,1,1,-1,-1,1,-1,-1,1,1,-1,-1,-1,-1,-1,1,1,-1,-1,1,-1,-1,1,1,1,-1,-1,-1,-1,1,1,1,-1,1,-1,-1,1,1,1,-1,1,-1,-1,1,1,1,-1,1,-1,-1,-1,1,1,-1,-1,1,-1,-1,1,1,-1,1,1,-1,-1,1,1,-1,1,1,-1,1,1,-1,-1,1,-1,-1,1,1,-1,1,-1,1,-1,1,1,-1,1,1,-1,-1,-1,1,1,1,1,1,-1,1,1,-1,1,1,1,-1,-1,1,1,-1,1,1,-1,1,1,-1,1,1,1,-1,1,1,1,1,1,1,1,-1,1,-1,-1,1,1,-1,-1,1,1,1,1,1,-1,-1,1,-1,1,1,1,1,-1,1,1,-1,1,1,-1,1,1,-1,1,-1,1,-1,-1,1,-1,1,1,1,1,1,1,-1,1,-1,1,1,1,1,-1,1,-1,1,1,1,1,-1,-1,1,1,1,1,1,1,-1,1,1,-1,-1,1,1,-1,-1,1,1,1,1,-1,1,-1,-1,1,1,-1,1,-1,-1,-1,1,1,1,-1,1,-1,1,-1,1,1,1,1,-1,1,1,1,1,1,1,-1,1,1,1,1,1,1,1,1,1,1,1,1,-1,1,1,1,-1,1,1,-1,1,1,1,1,1,1,1,-1,1,-1,1,1,1,1,-1,1,1,1,1,1,1,-1,1,1,-1,1,1,-1,-1,1,1,1,-1,1,1,-1,1,1,-1,1,1,1,1,1,1,1,-1,1,1,-1,1,1,-1,-1,-1,-1,-1,1,1,-1,1,1,-1,-1,1,-1,-1,1,1,1,-1,1,-1,1,1,1,-1,-1,1,1,1,-1,1,1,1,-1,1,-1,1,1,1,-1,1,1,-1,-1,-1,1,1,-1,1,-1,1,-1,1,-1,1,1,1,-1,-1,1,1,-1,1,-1,1,-1,1,-1,-1,1,1,1,-1,-1,1,-1,1,1,-1,-1,1,-1,1,-1,1,-1,-1,-1,1,-1,1,1,-1,-1,1,1,1,1,-1,1,-1,1,1,1,1,-1,-1,1,1,1,1,1,-1,-1,-1,1,-1,1,1,1,-1,-1,1,1,-1,1,-1,-1,-1,1,-1,1,1,1,-1,-1,1,-1,-1,1,-1,-1,-1,1,-1,-1,1,-1,-1,-1,1,-1,-1,1,-1,-1,-1,-1,1,-1,1,-1,-1,-1,1,1,-1,-1,1,1,1,-1,1,-1,1,1,1,-1,1,-1,1,1,-1,1,-1,1,1,-1,1,-1,1,-1,1,1,1,-1,-1,-1,1,-1,1,-1,1,-1,-1,-1,1,1,-1,1,-1,-1,-1,1,1,-1,1,-1,-1,-1,1,1,-1,1,-1,-1,-1,-1,1,1,1,-1,1,-1,-1,1,-1,1,-1,-1,1,-1,1,-1,1,1,-1,-1,-1,-1,-1,1,1,-1,-1,-1,-1,-1,-1,1,-1,-1,-1,1,1,1,-1,-1,-1,-1,1,1,1,-1,1,-1,1,-1,1,1,1,-1,-1,-1,-1,-1,1,-1,1,-1,-1,1,-1,1,1,-1,1,-1,-1,1,1,1,-1,1,-1,-1,-1,1,1,-1,-1,-1,-1,-1,1,1,-1,1,-1,-1,-1,1,1,-1,-1,1,-1,-1,1,1,-1,-1,-1,-1,-1,1,1,-1,-1,1,1,-1,-1,-1,1,-1,1,1,-1,1,-1,-1,1,-1,-1,-1,-1,1,-1,1,-1,1,-1,1,-1,-1,1,-1,1,-1,-1,1,-1,1,-1,1,-1,-1,1,-1,1,-1,1,-1,-1,1,-1,1,1,1,-1,-1,-1,1,1,1,1,-1,-1,1,-1,-1,1,1,-1,-1,-1,-1,1,-1,1,-1,-1,1,1,-1,1,1,-1,-1,1,-1,-1,1,1,-1,-1,-1,-1,1,-1,1,-1,-1,-1,-1,-1,1,-1,-1,1,-1,-1,1,-1,1,-1,-1,-1,-1,-1,1,1,1,-1,-1,-1,1,1,1,-1,-1,-1,1,-1,-1,1,-1,-1,-1,-1,1,1,1,-1,-1,-1,-1,1,-1,1,1,-1,1,-1,-1,1,1,-1,-1,-1,-1,-1,-1,1,1,-1,-1,1,-1,1,1,-1,-1,-1,1,-1,1,1,-1,-1,1,-1,-1,1,1,1,-1,1,-1,1,1,1,-1,-1,1,-1,-1,1,1,1,-1,1,-1,-1,1,1,-1,1,1,-1,-1,1,1,-1,1,1,-1,-1,1,1,1,1,1,-1,-1,1,1,1,1,-1,1,-1,-1,1,1,1,1,-1,-1,1,-1,1,1,1,1,-1,-1,1,-1,1,-1,1,-1,1,-1,1,1,-1,1,-1,1,1,1,1,1,1,-1,-1,-1,1,1,1,-1,1,-1,1,1,1,1,1,-1,1,-1,1,1,-1,-1,1,-1,1,1,-1,1,-1,-1,-1,1,1,1,-1,1,-1,-1,-1,1,1,-1,-1,1,-1,1,1,1,-1,-1,1,-1,-1,1,1,-1,1,-1,-1,-1,1,1,-1,1,-1,1,-1,1,1,1,1,1,-1,-1,1,1,-1,-1,1,1,-1,1,1,-1,1,-1,-1,1,1,-1,-1,1,-1,1,-1,1,1,-1,1,1,-1,1,1,-1,-1,-1,1,-1,-1,-1,-1,-1,1,-1,1,1,1,-1,1,1,1,-1,1,1,1,-1,1,1,-1,1,1,-1,-1,1,1,1,1,1,-1,1,-1,1,-1,1,1,-1,-1,1,1,-1,1,1,1,-1,1,1,1,1,1,-1,-1,1,1,-1,1,-1,1,-1,1,-1,1,1,-2662.0,1,2000,445,1000,True
2189,1,1,-1,-1,1,-1,-1,1,1,1,1,-1,1,1,1,1,-1,1,-1,-1,-1,1,1,1,1,-1,-1,-1,1,1,1,1,-1,-1,-1,1,-1,1,1,1,-1,-1,1,1,1,1,1,-1,1,-1,1,1,-1,1,-1,-1,-1,-1,1,1,1,-1,-1,1,1,1,1,1,-1,-1,1,-1,1,1,1,-1,-1,1,-1,1,1,-1,-1,-1,-1,1,1,1,-1,-1,-1,-1,-1,1,1,-1,-1,1,-1,1,1,1,-1,-1,1,-1,-1,1,1,-1,-1,1,-1,-1,1,1,-1,-1,1,-1,-1,1,1,1,-1,-1,-1,-1,1,1,1,-1,1,-1,-1,1,1,1,-1,-1,-1,-1,1,1,1,-1,1,-1,-1,-1,1,1,-1,-1,1,-1,-1,1,1,-1,1,1,-1,-1,1,1,-1,1,1,-1,1,1,-1,-1,1,-1,-1,1,1,-1,1,-1,1,-1,1,1,-1,1,1,-1,-1,-1,1,1,1,1,1,-1,1,1,-1,1,1,1,-1,-1,1,1,-1,1,1,-1,1,1,-1,1,1,1,-1,1,1,1,1,1,1,1,-1,1,-1,-1,1,1,-1,-1,1,1,-1,1,1,-1,-1,1,-1,1,1,1,1,-1,1,1,-1,1,1,-1,1,1,-1,1,1,1,-1,-1,1,-1,1,-1,1,1,1,1,-1,1,-1,1,1,1,1,-1,1,-1,1,1,1,1,-1,-1,1,1,1,1,1,1,-1,1,1,-1,-1,1,1,-1,-1,1,1,1,1,-1,1,-1,1,1,1,-1,1,-1,-1,1,1,1,1,-1,1,-1,1,-1,1,1,1,1,-1,1,1,1,1,1,1,-1,1,1,1,1,1,1,1,1,1,1,1,1,-1,1,1,1,-1,1,1,-1,1,1,1,1,1,1,1,-1,1,1,1,1,1,1,-1,1,1,1,1,1,1,-1,1,1,-1,1,1,-1,-1,1,1,1,-1,1,1,-1,-1,1,-1,1,1,1,1,-1,1,1,-1,1,1,-1,1,-1,-1,-1,-1,-1,-1,1,1,-1,1,1,-1,-1,1,-1,-1,1,1,1,-1,1,-1,1,1,1,-1,-1,1,-1,-1,-1,1,1,1,-1,-1,-1,1,1,1,-1,1,1,1,-1,-1,1,1,1,-1,-1,1,-1,1,-1,1,-1,1,1,-1,1,1,-1,1,-1,1,-1,1,-1,-1,-1,-1,1,-1,-1,1,-1,1,-1,1,-1,1,1,-1,1,-1,1,-1,-1,1,-1,1,-1,1,-1,1,1,1,1,1,1,-1,1,-1,1,-1,1,-1,1,1,1,1,-1,1,-1,-1,1,-1,1,-1,1,-1,-1,1,-1,-1,1,1,-1,-1,1,-1,1,1,-1,1,-1,1,-1,-1,1,1,1,-1,1,-1,1,-1,1,-1,-1,1,-1,-1,1,1,1,-1,-1,1,-1,-1,1,1,-1,1,1,-1,-1,1,1,1,-1,1,-1,1,1,-1,1,1,-1,1,1,-1,-1,1,1,1,-1,1,-1,1,-1,1,1,1,-1,-1,-1,-1,-1,1,1,1,-1,-1,-1,1,1,-1,1,-1,-1,-1,1,1,1,1,-1,-1,-1,1,1,1,1,-1,-1,-1,-1,1,1,1,-1,1,-1,-1,1,-1,1,-1,1,1,1,-1,-1,1,1,-1,-1,-1,-1,-1,1,1,-1,-1,1,-1,-1,1,1,-1,-1,1,-1,1,1,-1,-1,-1,-1,1,1,1,-1,1,-1,-1,1,1,1,1,-1,1,-1,-1,-1,1,-1,1,1,-1,1,-1,1,1,-1,-1,1,1,1,1,1,-1,1,1,-1,-1,1,1,-1,-1,1,-1,-1,1,1,-1,-1,1,1,-1,1,1,1,-1,1,1,-1,1,1,-1,-1,1,1,-1,1,1,-1,-1,1,-1,-1,-1,-1,1,-1,1,-1,-1,1,-1,-1,1,1,1,-1,-1,1,-1,1,1,-1,-1,1,-1,-1,1,-1,-1,-1,-1,1,-1,1,1,-1,-1,-1,1,-1,1,1,-1,-1,-1,1,-1,1,1,-1,-1,-1,-1,1,1,1,-1,-1,-1,1,-1,-1,-1,-1,-1,-1,-1,-1,1,-1,-1,-1,-1,1,1,-1,1,-1,-1,-1,1,-1,-1,1,-1,-1,-1,-1,-1,1,1,-1,-1,-1,-1,-1,1,-1,-1,-1,1,-1,-1,1,-1,1,-1,-1,-1,-1,-1,-1,-1,1,-1,-1,-1,1,1,-1,-1,-1,-1,1,-1,-1,-1,-1,-1,-1,-1,1,1,1,-1,-1,-1,-1,1,-1,1,1,-1,1,-1,-1,1,1,-1,-1,-1,-1,-1,-1,1,1,-1,-1,1,-1,1,1,-1,-1,-1,1,-1,1,1,-1,-1,1,-1,-1,1,1,1,-1,1,-1,1,1,1,-1,-1,1,-1,-1,1,-1,1,-1,1,-1,-1,1,1,-1,1,1,-1,-1,1,1,-1,1,1,-1,-1,1,1,-1,1,1,-1,-1,1,1,1,1,1,1,-1,-1,1,1,-1,1,-1,-1,1,-1,1,1,1,1,-1,-1,1,-1,1,1,1,-1,1,-1,1,1,-1,1,-1,1,1,1,1,1,1,-1,-1,-1,1,1,1,-1,1,-1,1,1,1,1,1,-1,1,-1,1,1,-1,-1,1,-1,1,1,-1,1,-1,-1,-1,1,1,1,-1,1,-1,-1,-1,1,1,-1,-1,-1,-1,1,1,1,-1,-1,1,-1,-1,1,1,-1,1,-1,-1,-1,1,1,-1,1,-1,1,-1,1,1,1,1,1,-1,-1,1,1,-1,-1,1,1,-1,-1,1,-1,1,-1,-1,1,1,-1,-1,1,1,-1,-1,1,1,-1,1,1,-1,1,1,-1,-1,-1,1,-1,-1,-1,-1,-1,1,-1,1,1,1,-1,1,1,1,-1,1,1,1,-1,1,1,-1,1,1,1,-1,1,1,1,1,1,1,-1,-1,1,-1,1,1,1,-1,1,1,-1,1,1,-1,-1,1,1,1,1,1,-1,-1,-1,1,-1,1,1,1,-1,1,-1,1,1,-2662.0,1,2000,445,1000,True
2190,1,1,-1,-1,1,-1,1,-1,1,1,1,-1,1,1,1,1,-1,1,-1,-1,1,-1,1,1,1,-1,-1,-1,1,1,1,1,-1,-1,-1,-1,1,1,1,1,-1,-1,-1,1,1,1,1,-1,1,1,1,1,-1,1,-1,-1,1,-1,1,1,1,-1,-1,-1,1,1,1,1,-1,-1,-1,1,1,1,1,-1,-1,-1,1,1,1,-1,-1,-1,1,1,1,1,-1,-1,-1,1,1,1,1,-1,-1,1,1,-1,1,1,-1,-1,1,1,1,1,1,-1,-1,1,1,1,1,1,-1,-1,1,1,1,1,1,1,-1,-1,1,1,-1,1,1,-1,1,1,1,1,1,1,-1,-1,1,1,1,1,1,-1,1,1,1,1,1,1,-1,-1,-1,1,1,1,1,-1,1,1,1,1,-1,1,-1,1,-1,1,1,1,-1,-1,1,1,1,1,1,-1,1,-1,-1,1,-1,1,-1,1,1,1,1,1,1,1,1,1,-1,1,-1,1,-1,1,1,-1,1,-1,1,1,-1,1,-1,1,-1,1,-1,1,1,-1,-1,-1,1,1,1,1,-1,-1,1,1,-1,-1,1,-1,1,-1,1,1,-1,1,-1,1,-1,1,-1,1,1,-1,-1,-1,1,1,-1,1,-1,1,1,1,-1,1,1,-1,-1,-1,1,-1,1,-1,-1,-1,1,1,-1,1,-1,-1,-1,1,1,-1,1,-1,-1,-1,1,1,-1,-1,1,-1,-1,-1,1,1,-1,1,1,-1,1,1,1,1,-1,1,-1,1,1,-1,1,-1,1,-1,-1,1,1,1,1,1,-1,-1,1,-1,-1,-1,1,1,-1,1,1,1,-1,1,-1,-1,1,1,1,-1,1,-1,1,1,1,-1,1,1,-1,1,1,1,-1,1,1,-1,-1,1,1,1,-1,1,-1,1,1,1,-1,1,1,-1,1,1,1,-1,1,-1,-1,1,1,1,-1,1,-1,-1,-1,1,1,-1,1,-1,-1,1,-1,1,-1,1,1,-1,-1,1,1,1,1,1,-1,-1,1,1,-1,1,-1,-1,-1,-1,-1,-1,1,-1,-1,-1,1,1,-1,1,-1,1,-1,1,1,1,1,1,-1,1,1,1,-1,1,-1,-1,-1,-1,1,1,1,1,-1,-1,1,1,1,1,-1,-1,-1,-1,-1,1,-1,1,-1,1,-1,1,1,-1,-1,-1,1,1,-1,1,-1,1,-1,-1,1,-1,1,1,-1,-1,-1,1,-1,-1,1,1,-1,-1,1,-1,1,1,-1,1,-1,1,-1,-1,1,1,-1,1,1,-1,1,1,-1,-1,1,1,-1,1,-1,1,-1,1,-1,-1,1,-1,1,-1,1,-1,-1,1,-1,-1,-1,1,-1,-1,1,-1,1,-1,1,-1,-1,1,-1,-1,1,-1,1,-1,1,1,1,-1,1,1,-1,-1,1,1,-1,1,-1,-1,1,-1,1,1,-1,1,-1,-1,1,1,-1,-1,1,-1,-1,1,1,1,1,1,1,-1,1,1,1,-1,-1,1,1,-1,-1,-1,1,-1,1,1,-1,1,-1,1,-1,1,-1,-1,-1,1,1,-1,1,1,-1,-1,-1,1,-1,1,1,-1,1,-1,1,-1,-1,-1,-1,-1,-1,1,-1,-1,-1,-1,-1,-1,1,1,1,1,1,1,-1,1,-1,1,1,-1,-1,-1,1,-1,-1,1,-1,1,-1,-1,1,1,1,1,-1,-1,1,1,1,1,-1,1,-1,-1,1,1,1,-1,-1,-1,1,1,1,1,-1,-1,-1,1,-1,1,-1,1,-1,-1,-1,1,1,1,-1,-1,-1,1,1,1,1,1,-1,-1,-1,1,1,1,1,-1,-1,-1,1,-1,1,-1,-1,-1,-1,1,1,1,1,-1,-1,1,1,1,1,1,-1,-1,-1,1,1,-1,1,-1,-1,-1,1,1,1,1,-1,-1,1,1,1,1,1,-1,1,1,-1,1,1,-1,-1,-1,1,1,1,1,1,-1,1,1,1,1,1,1,-1,-1,1,-1,1,-1,1,-1,-1,1,-1,1,1,-1,-1,-1,1,-1,1,1,-1,-1,-1,1,1,1,-1,1,-1,-1,1,-1,1,-1,-1,-1,-1,1,1,-1,-1,-1,-1,-1,1,-1,1,-1,-1,-1,-1,-1,-1,-1,1,-1,-1,-1,1,-1,-1,1,-1,-1,-1,-1,-1,1,1,-1,-1,-1,-1,-1,1,-1,-1,-1,1,-1,-1,1,-1,1,-1,-1,-1,-1,-1,-1,-1,1,-1,-1,-1,1,1,-1,-1,-1,-1,1,-1,-1,-1,-1,1,-1,-1,1,1,1,-1,-1,-1,-1,1,-1,1,1,-1,1,-1,-1,1,1,-1,-1,-1,-1,-1,-1,1,1,-1,-1,1,-1,1,1,-1,-1,-1,1,-1,-1,1,-1,-1,1,-1,-1,1,1,1,-1,1,-1,1,1,1,-1,-1,1,-1,-1,1,-1,1,-1,1,-1,-1,1,1,-1,1,1,-1,-1,1,1,-1,1,1,-1,-1,1,1,-1,1,1,-1,-1,1,1,1,1,1,1,-1,-1,1,1,1,1,-1,-1,1,-1,1,1,1,1,-1,-1,1,-1,1,1,1,-1,1,1,1,1,-1,1,-1,1,1,1,1,1,1,1,-1,1,1,1,1,-1,1,-1,1,1,1,1,1,-1,1,1,1,1,-1,1,1,-1,1,1,-1,1,1,-1,-1,1,1,1,1,-1,1,-1,1,1,1,-1,-1,1,-1,1,1,1,-1,1,-1,-1,-1,1,1,-1,-1,1,-1,-1,1,1,-1,-1,1,-1,-1,1,1,1,-1,1,-1,-1,1,1,-1,-1,-1,1,-1,-1,1,-1,1,1,-1,1,1,-1,-1,1,1,-1,-1,1,1,-1,1,1,-1,1,1,-1,-1,-1,-1,1,-1,-1,-1,-1,1,-1,-1,1,1,-1,1,1,-1,1,1,1,1,-1,1,-1,1,1,1,1,-1,1,-1,1,-1,1,1,-1,1,-1,-1,1,1,1,-1,1,-1,1,1,-1,-1,-1,1,-1,-1,1,1,-1,-1,-1,1,-1,1,-1,1,-1,1,-1,-1,1,-2662.0,1,2000,445,1500,False
2191,-1,-1,1,1,1,1,-1,1,-1,-1,-1,1,-1,1,-1,-1,1,-1,1,1,-1,1,-1,-1,-1,1,-1,-1,-1,-1,-1,-1,1,1,-1,1,1,-1,-1,-1,1,-1,1,-1,-1,-1,1,1,-1,-1,1,-1,1,1,1,-1,-1,1,-1,-1,1,1,1,1,-1,-1,-1,1,1,-1,1,-1,-1,-1,1,-1,-1,1,-1,-1,-1,1,1,-1,-1,-1,-1,1,1,1,-1,-1,-1,-1,1,1,-1,1,-1,1,-1,1,1,-1,1,-1,-1,-1,1,1,-1,1,-1,1,-1,1,1,-1,1,-1,-1,-1,1,1,-1,1,-1,-1,1,1,1,-1,1,-1,-1,1,1,1,-1,-1,-1,-1,1,1,1,-1,1,-1,-1,-1,1,1,-1,-1,1,-1,-1,1,1,-1,1,-1,-1,-1,1,1,-1,1,1,-1,1,1,-1,-1,1,-1,-1,-1,1,-1,1,-1,1,-1,1,1,-1,1,1,-1,-1,1,1,1,1,1,1,-1,1,1,-1,1,1,1,-1,1,1,1,-1,1,1,-1,1,1,-1,1,1,1,1,1,1,1,1,1,1,1,-1,1,-1,-1,1,1,-1,1,-1,1,-1,1,1,1,1,1,-1,-1,1,1,1,1,-1,1,-1,1,1,1,1,1,-1,1,1,1,1,-1,1,-1,1,-1,1,-1,-1,1,-1,1,-1,1,1,-1,1,-1,1,-1,1,-1,1,1,-1,-1,1,1,1,1,1,1,-1,1,1,1,-1,-1,1,1,-1,1,-1,-1,-1,1,-1,-1,1,1,1,-1,1,1,1,1,-1,-1,-1,1,-1,1,1,1,-1,-1,1,1,-1,1,-1,-1,-1,1,1,1,1,-1,-1,1,1,-1,-1,1,-1,-1,1,1,-1,1,1,-1,1,-1,1,1,-1,1,-1,1,1,1,-1,1,1,-1,-1,1,1,-1,1,-1,-1,-1,1,1,-1,1,-1,-1,1,-1,1,-1,1,-1,-1,1,-1,1,-1,1,1,-1,1,-1,1,1,1,1,-1,-1,1,1,-1,1,-1,-1,1,1,-1,-1,1,1,-1,1,-1,1,-1,1,-1,1,1,-1,1,1,1,-1,1,1,-1,1,-1,1,-1,-1,1,-1,1,1,1,1,-1,1,1,1,1,1,-1,-1,1,-1,-1,1,-1,1,-1,-1,1,-1,1,1,-1,-1,-1,1,-1,1,-1,1,-1,-1,1,-1,1,1,-1,-1,-1,1,-1,-1,1,1,-1,-1,1,-1,1,1,-1,1,-1,1,-1,-1,1,1,-1,-1,-1,-1,1,1,-1,-1,-1,1,-1,1,-1,1,-1,-1,-1,1,1,-1,1,-1,-1,-1,-1,1,-1,-1,-1,-1,-1,-1,1,-1,1,-1,-1,-1,-1,1,-1,-1,1,-1,-1,-1,1,-1,1,-1,-1,-1,-1,1,-1,1,-1,1,-1,-1,1,-1,1,1,1,-1,-1,-1,1,1,-1,1,-1,-1,1,1,1,1,-1,1,1,-1,1,1,1,1,1,-1,1,-1,1,1,-1,1,-1,1,-1,-1,1,-1,-1,1,-1,-1,1,-1,-1,-1,1,1,-1,1,1,-1,-1,1,1,-1,-1,1,-1,-1,-1,-1,-1,1,1,-1,-1,-1,-1,-1,1,1,-1,-1,1,1,1,-1,1,-1,-1,1,1,-1,1,1,-1,-1,-1,1,-1,-1,1,1,-1,1,1,1,1,1,-1,1,1,1,-1,1,1,1,-1,1,1,-1,1,1,-1,1,1,1,-1,1,1,-1,-1,1,-1,1,-1,1,-1,1,1,1,-1,1,1,-1,1,1,1,1,1,1,1,1,1,1,1,1,1,-1,1,-1,1,-1,1,1,1,1,1,1,1,1,1,-1,1,-1,1,1,1,1,1,-1,1,-1,1,1,1,1,1,1,1,1,1,1,-1,1,1,-1,1,1,-1,-1,1,1,1,1,1,1,-1,1,-1,1,-1,1,-1,-1,1,-1,1,-1,1,1,-1,1,-1,1,-1,1,-1,1,1,-1,1,1,1,1,-1,1,-1,1,1,1,1,-1,1,-1,1,-1,1,1,-1,1,1,1,1,1,-1,1,1,-1,1,1,1,1,-1,1,-1,-1,1,1,1,-1,1,1,-1,1,1,-1,1,1,1,-1,1,1,1,-1,1,-1,-1,1,1,-1,1,1,-1,1,-1,1,-1,-1,1,1,-1,1,1,-1,-1,1,1,-1,1,1,-1,-1,-1,1,1,1,1,-1,1,1,1,-1,1,1,-1,-1,1,-1,1,1,-1,-1,-1,-1,1,-1,1,1,-1,1,-1,-1,1,1,1,-1,-1,-1,-1,-1,1,-1,-1,-1,1,-1,1,1,-1,-1,-1,1,-1,1,1,1,-1,1,-1,-1,1,1,1,-1,1,-1,1,1,1,-1,-1,1,-1,-1,1,1,-1,-1,1,-1,-1,1,1,-1,1,1,-1,-1,1,1,-1,-1,1,-1,-1,1,1,-1,-1,1,-1,-1,1,1,-1,1,-1,1,-1,-1,1,-1,-1,1,-1,-1,1,-1,1,-1,1,1,-1,-1,1,-1,1,1,1,-1,1,-1,-1,1,-1,1,-1,1,1,-1,1,1,1,1,-1,-1,-1,1,1,-1,1,-1,1,-1,1,1,1,-1,1,-1,1,1,-1,1,1,-1,-1,1,-1,1,1,-1,-1,1,-1,1,1,-1,1,-1,-1,-1,1,-1,-1,1,-1,1,-1,1,-1,1,-1,-1,-1,1,1,-1,-1,1,-1,-1,-1,1,1,-1,1,-1,-1,-1,1,1,-1,1,-1,-1,1,1,-1,-1,-1,1,-1,1,1,-1,1,1,-1,1,1,-1,-1,1,-1,-1,-1,-1,1,-1,1,1,-1,1,1,-1,-1,-1,-1,1,-1,-1,-1,-1,1,-1,-1,1,1,-1,1,1,-1,1,1,1,1,-1,1,-1,1,1,1,1,-1,1,-1,-1,1,1,1,-1,1,-1,1,1,1,1,-1,1,-1,1,1,1,-1,-1,1,-1,-1,1,1,-1,-1,-1,1,-1,1,1,1,-1,1,-1,-1,1,-2662.0,1,2000,445,1500,True
2192,1,1,-1,-1,1,-1,-1,1,1,1,1,-1,1,1,1,1,-1,1,-1,-1,-1,1,1,1,1,-1,1,-1,1,1,1,1,-1,-1,-1,1,-1,1,1,1,-1,-1,1,1,1,1,1,-1,1,-1,1,1,-1,1,-1,-1,-1,-1,1,1,1,-1,-1,1,1,1,1,1,-1,-1,1,-1,1,1,1,-1,-1,1,-1,1,1,-1,-1,-1,-1,1,1,1,-1,-1,-1,-1,-1,1,1,-1,-1,1,-1,1,1,1,-1,-1,1,-1,-1,1,1,-1,-1,-1,-1,-1,1,1,-1,-1,1,-1,-1,1,1,1,-1,-1,-1,-1,1,1,1,-1,1,-1,-1,1,1,1,-1,1,-1,-1,-1,1,1,-1,1,-1,-1,-1,1,1,-1,-1,1,-1,-1,1,1,-1,1,-1,-1,-1,1,1,-1,1,1,-1,1,1,-1,-1,1,-1,-1,1,1,-1,1,-1,1,-1,1,1,-1,1,1,-1,-1,-1,1,1,1,1,1,-1,-1,1,-1,1,1,1,-1,-1,1,1,-1,1,1,-1,1,1,-1,1,1,1,-1,1,1,1,1,1,1,1,-1,1,-1,-1,1,1,-1,-1,1,1,-1,1,1,-1,-1,1,-1,1,1,1,1,-1,1,1,-1,1,1,-1,1,1,-1,1,-1,1,-1,-1,1,-1,1,1,1,1,1,1,-1,1,-1,1,1,1,1,-1,1,-1,1,1,1,1,-1,-1,1,1,1,1,1,1,-1,1,1,-1,-1,1,1,-1,-1,1,1,1,1,-1,1,-1,1,1,1,-1,1,-1,-1,1,1,1,1,-1,1,-1,1,-1,1,1,1,1,-1,1,1,1,1,1,-1,-1,1,1,1,1,1,1,1,1,1,1,1,1,-1,1,1,1,-1,1,1,-1,1,1,1,-1,1,1,1,-1,1,-1,1,1,1,1,-1,1,1,-1,1,1,1,1,1,1,-1,1,1,-1,-1,1,1,1,-1,1,1,-1,-1,1,-1,1,1,1,1,-1,1,1,-1,1,1,-1,1,1,-1,-1,-1,-1,-1,1,1,-1,1,1,-1,-1,1,-1,1,-1,1,1,-1,1,-1,-1,1,1,-1,-1,1,1,1,-1,1,-1,-1,-1,1,-1,1,-1,1,-1,1,1,-1,-1,-1,-1,1,1,1,-1,1,-1,-1,-1,1,1,1,-1,-1,-1,1,-1,1,-1,1,-1,-1,-1,-1,-1,1,1,-1,-1,1,-1,1,1,-1,-1,1,-1,-1,1,1,-1,-1,-1,1,-1,1,-1,-1,-1,-1,-1,1,1,-1,1,-1,-1,1,1,1,-1,-1,1,-1,1,1,1,-1,-1,1,-1,-1,1,1,-1,-1,1,-1,1,-1,1,1,-1,-1,1,-1,1,-1,1,-1,-1,1,-1,-1,-1,1,-1,-1,1,-1,1,-1,1,-1,-1,1,-1,-1,1,1,-1,-1,-1,1,-1,1,1,-1,1,-1,1,-1,-1,1,1,1,-1,1,-1,1,-1,1,-1,1,-1,1,1,-1,-1,1,1,1,-1,1,-1,1,-1,1,1,1,-1,-1,-1,-1,-1,1,1,1,-1,-1,-1,1,1,-1,1,-1,-1,-1,1,1,1,1,-1,-1,-1,1,1,-1,1,-1,-1,-1,-1,1,1,1,-1,1,-1,-1,1,-1,1,-1,-1,1,1,-1,-1,1,1,-1,-1,-1,-1,-1,1,1,-1,1,-1,1,-1,1,1,-1,-1,1,-1,1,1,-1,-1,-1,-1,-1,1,1,-1,1,-1,-1,1,1,1,1,-1,-1,-1,-1,-1,1,-1,1,-1,-1,1,-1,1,1,-1,1,-1,-1,1,1,1,-1,1,-1,1,-1,1,1,-1,1,-1,-1,-1,1,1,-1,1,-1,1,-1,1,1,1,-1,1,-1,-1,1,1,-1,-1,-1,1,-1,1,1,1,-1,1,-1,-1,-1,-1,1,-1,1,-1,-1,1,-1,-1,1,-1,1,-1,1,1,-1,1,-1,1,-1,1,-1,1,-1,1,-1,-1,1,1,-1,1,-1,-1,-1,-1,1,-1,1,-1,1,-1,-1,1,-1,1,1,-1,-1,-1,-1,1,1,1,1,-1,-1,1,-1,-1,1,1,-1,-1,-1,-1,1,-1,1,-1,-1,1,1,-1,1,1,-1,-1,1,-1,-1,1,1,-1,-1,-1,-1,1,-1,1,-1,-1,-1,-1,-1,1,-1,-1,1,-1,-1,1,-1,1,-1,-1,-1,-1,-1,1,1,1,-1,-1,-1,1,1,1,-1,-1,-1,1,-1,-1,1,-1,-1,-1,-1,1,1,1,-1,-1,-1,-1,1,-1,1,1,-1,1,-1,-1,1,1,-1,-1,-1,-1,-1,-1,1,1,-1,-1,1,-1,1,1,-1,-1,-1,1,-1,1,1,-1,-1,1,-1,-1,1,1,1,-1,1,-1,1,1,1,-1,-1,1,-1,-1,1,1,1,-1,1,-1,-1,1,1,-1,1,1,-1,-1,1,1,-1,1,1,-1,-1,1,-1,-1,1,1,-1,-1,1,1,1,1,1,1,-1,1,1,1,1,1,-1,-1,1,-1,1,1,1,1,-1,-1,1,-1,1,1,1,-1,1,1,1,1,-1,1,-1,1,1,1,1,1,1,-1,1,-1,1,1,1,-1,1,1,1,1,1,1,-1,1,-1,1,1,1,-1,-1,1,1,1,1,-1,1,-1,-1,1,-1,1,1,-1,1,-1,1,1,1,1,-1,-1,-1,1,1,1,1,-1,-1,1,1,-1,1,1,-1,1,-1,1,-1,1,1,-1,1,-1,1,-1,1,1,1,1,1,1,1,1,1,-1,-1,1,1,1,-1,1,-1,1,-1,-1,1,1,-1,-1,1,-1,1,-1,1,1,-1,1,1,1,1,1,-1,-1,-1,1,-1,-1,-1,-1,-1,1,1,1,1,1,-1,1,1,1,-1,1,1,1,-1,1,1,1,1,1,-1,-1,1,1,1,1,1,-1,1,-1,1,-1,1,1,-1,-1,1,1,1,-1,1,1,-1,1,1,1,1,1,-1,-1,1,1,-1,1,-1,1,-1,1,-1,1,1,-2662.0,1,2000,445,1000,True
2193,-1,-1,1,1,1,1,-1,1,-1,-1,-1,1,-1,1,-1,-1,1,-1,1,1,-1,1,-1,-1,-1,1,-1,-1,-1,-1,-1,-1,1,1,-1,1,1,-1,-1,-1,1,-1,1,-1,-1,-1,-1,1,-1,-1,-1,-1,1,-1,1,-1,-1,1,-1,-1,-1,1,1,1,-1,-1,-1,-1,-1,-1,1,-1,-1,-1,-1,-1,-1,1,-1,-1,-1,1,1,-1,-1,-1,-1,-1,-1,1,-1,-1,-1,-1,-1,-1,-1,1,-1,1,-1,-1,-1,-1,1,-1,-1,-1,-1,-1,-1,1,-1,-1,-1,-1,-1,-1,1,-1,-1,-1,-1,-1,-1,1,-1,-1,1,-1,-1,-1,1,-1,-1,-1,-1,-1,-1,-1,-1,-1,-1,-1,-1,-1,1,-1,-1,-1,-1,-1,-1,-1,1,-1,1,-1,-1,-1,1,-1,-1,-1,-1,-1,1,1,1,-1,-1,-1,-1,-1,1,-1,-1,-1,-1,-1,1,-1,1,-1,-1,-1,-1,1,1,-1,-1,1,-1,1,1,1,1,1,-1,-1,-1,1,1,1,-1,1,-1,-1,-1,1,1,-1,1,-1,-1,1,1,1,1,1,-1,1,1,1,1,1,-1,-1,-1,-1,1,1,-1,1,-1,1,-1,1,1,1,1,-1,-1,1,1,1,1,1,1,-1,-1,1,1,1,1,1,-1,1,1,1,1,1,-1,-1,1,-1,1,-1,1,1,-1,1,-1,1,-1,1,-1,-1,1,-1,1,-1,1,1,-1,-1,1,1,1,-1,-1,-1,-1,1,1,1,1,-1,1,-1,-1,1,-1,-1,1,-1,1,-1,1,1,-1,1,-1,-1,-1,1,-1,-1,1,-1,1,-1,-1,1,-1,-1,1,1,-1,1,-1,-1,1,1,-1,-1,1,-1,-1,1,-1,1,-1,1,-1,-1,1,1,-1,1,1,-1,1,-1,1,-1,-1,1,-1,1,1,1,1,1,1,-1,-1,1,1,1,1,-1,-1,-1,1,1,1,1,-1,-1,1,-1,1,1,1,-1,-1,1,-1,1,1,1,1,-1,1,-1,1,1,1,1,-1,-1,1,1,1,-1,-1,-1,1,1,-1,-1,1,1,-1,1,-1,1,-1,1,-1,1,1,-1,1,1,1,-1,1,1,-1,1,-1,1,-1,-1,1,-1,1,1,1,1,-1,1,1,-1,1,1,-1,-1,1,-1,-1,1,-1,1,-1,-1,1,-1,-1,1,-1,-1,-1,1,-1,1,-1,1,-1,1,-1,-1,1,-1,-1,-1,-1,1,-1,-1,1,1,-1,-1,1,-1,1,1,-1,1,-1,1,-1,1,-1,1,-1,-1,-1,-1,1,-1,-1,1,-1,1,-1,1,-1,1,-1,-1,-1,1,1,1,1,-1,-1,-1,-1,1,-1,-1,1,-1,-1,1,-1,-1,1,1,1,-1,-1,1,-1,-1,1,-1,-1,-1,1,-1,1,-1,1,-1,-1,-1,-1,1,-1,1,-1,-1,1,-1,1,1,1,-1,-1,-1,1,1,-1,1,-1,1,-1,1,1,1,-1,1,1,-1,1,1,1,1,1,-1,1,-1,1,1,-1,1,-1,1,-1,-1,1,-1,-1,1,-1,-1,1,-1,-1,-1,1,1,-1,1,1,-1,-1,1,1,-1,-1,1,-1,-1,-1,-1,-1,1,1,-1,-1,-1,-1,-1,1,1,-1,-1,1,1,1,-1,1,-1,-1,1,1,-1,1,1,-1,-1,-1,1,-1,-1,1,1,-1,1,1,1,1,1,-1,1,1,1,-1,1,1,1,-1,1,1,-1,1,1,-1,1,1,1,-1,1,1,-1,-1,1,-1,1,1,1,-1,1,1,-1,-1,1,1,-1,1,1,1,1,1,1,1,1,1,1,1,1,1,-1,1,-1,1,-1,1,1,1,1,1,1,1,1,1,-1,1,-1,1,-1,1,1,1,-1,1,-1,1,1,1,1,1,1,1,1,1,1,-1,1,1,-1,-1,1,-1,-1,1,1,1,-1,1,1,-1,1,-1,1,1,1,1,1,1,-1,1,-1,1,1,-1,1,-1,1,-1,1,1,-1,1,-1,1,-1,1,1,-1,1,-1,1,-1,1,1,-1,1,-1,1,-1,1,1,1,-1,1,1,1,1,1,-1,1,-1,1,1,1,1,1,-1,-1,1,-1,1,1,-1,-1,1,-1,1,1,1,-1,-1,1,-1,1,1,1,1,1,-1,-1,1,1,1,-1,-1,-1,1,-1,1,-1,1,-1,1,-1,1,1,1,1,-1,1,-1,1,1,1,1,-1,1,1,1,1,1,1,-1,1,-1,1,1,1,1,1,-1,1,1,1,1,-1,-1,1,-1,1,1,1,1,1,-1,1,1,1,1,1,1,-1,-1,1,-1,1,1,-1,-1,1,1,1,1,1,-1,-1,1,1,1,1,1,1,-1,1,1,-1,1,1,-1,1,1,1,1,1,1,-1,-1,1,1,1,1,1,-1,-1,1,1,1,1,1,1,-1,1,1,1,1,1,1,-1,1,1,1,1,1,1,-1,1,1,-1,1,1,1,-1,1,1,-1,1,1,1,-1,1,-1,-1,1,1,1,-1,-1,1,-1,1,1,1,-1,1,1,-1,1,-1,1,-1,1,1,-1,1,1,1,-1,-1,-1,1,1,1,-1,1,-1,1,1,1,1,-1,1,-1,1,1,1,-1,-1,1,-1,1,1,-1,1,-1,-1,-1,1,-1,1,-1,1,-1,-1,1,-1,1,-1,-1,-1,-1,1,-1,1,-1,-1,1,-1,-1,1,1,-1,1,-1,-1,-1,-1,1,-1,1,1,-1,1,-1,1,1,1,1,-1,-1,1,1,-1,-1,1,1,1,1,1,-1,1,-1,-1,1,1,-1,-1,1,-1,-1,-1,-1,1,-1,1,1,1,1,1,-1,-1,-1,-1,-1,-1,-1,-1,-1,1,-1,1,1,1,-1,1,1,-1,1,1,1,1,-1,1,-1,1,1,1,1,-1,1,-1,1,1,1,1,-1,1,-1,1,1,1,1,-1,1,-1,1,1,1,-1,-1,1,-1,-1,1,1,-1,-1,-1,1,-1,1,1,1,-1,1,-1,-1,1,-2662.0,1,2000,445,1500,True
2194,-1,-1,1,1,1,1,-1,1,-1,-1,-1,1,-1,1,-1,-1,1,-1,1,1,-1,1,-1,-1,-1,1,-1,-1,1,-1,-1,-1,1,1,-1,-1,1,-1,-1,-1,1,-1,-1,-1,-1,-1,-1,1,-1,1,-1,-1,1,-1,1,-1,1,-1,-1,-1,-1,1,1,1,-1,1,-1,-1,-1,-1,1,-1,-1,-1,-1,-1,-1,-1,1,-1,-1,1,1,-1,1,-1,-1,-1,-1,1,-1,1,-1,1,-1,-1,-1,1,1,1,1,1,-1,-1,1,1,-1,1,1,-1,-1,1,1,-1,1,1,-1,-1,1,1,-1,1,1,-1,-1,1,1,-1,1,1,-1,-1,-1,1,-1,1,1,1,-1,-1,1,-1,1,1,1,-1,1,1,1,-1,1,-1,-1,-1,-1,1,-1,1,1,-1,1,1,1,1,1,1,-1,1,1,-1,1,1,-1,-1,-1,1,-1,1,1,-1,-1,1,-1,1,1,1,-1,-1,-1,1,-1,-1,1,-1,1,-1,-1,1,1,1,-1,1,-1,-1,1,1,1,-1,-1,1,-1,-1,1,1,1,-1,1,-1,1,1,1,-1,-1,-1,-1,-1,1,1,-1,-1,1,-1,-1,1,1,-1,-1,-1,-1,1,1,1,-1,1,-1,-1,-1,1,-1,-1,1,-1,-1,1,1,1,-1,1,-1,-1,1,-1,1,1,-1,-1,1,-1,1,1,1,-1,-1,-1,1,1,1,1,-1,-1,-1,-1,1,1,1,-1,-1,1,-1,1,1,1,1,-1,1,-1,-1,-1,1,-1,-1,1,-1,-1,-1,1,1,-1,1,-1,-1,-1,1,1,-1,1,-1,-1,-1,-1,1,-1,1,1,-1,-1,1,1,-1,1,1,1,-1,1,-1,-1,1,-1,-1,1,1,1,-1,1,-1,-1,1,1,-1,1,1,-1,1,-1,1,-1,-1,1,-1,1,1,1,1,1,1,-1,-1,1,1,1,1,1,-1,-1,1,1,1,1,1,-1,1,-1,1,1,1,1,-1,1,-1,1,-1,1,1,1,1,-1,1,1,1,1,1,-1,1,1,1,-1,1,1,1,1,-1,-1,1,1,1,1,-1,1,-1,1,1,1,1,-1,1,1,1,1,-1,1,-1,1,-1,1,1,1,1,-1,1,1,1,-1,1,1,1,-1,1,1,1,1,1,-1,-1,1,-1,-1,1,-1,1,-1,1,1,1,1,1,1,-1,1,-1,-1,1,-1,1,-1,1,-1,-1,1,-1,1,-1,-1,1,-1,1,-1,1,-1,1,1,-1,1,-1,1,-1,1,-1,-1,1,-1,-1,-1,-1,-1,1,1,-1,1,-1,1,-1,-1,1,-1,-1,1,1,-1,1,-1,-1,-1,-1,-1,-1,1,1,-1,-1,1,-1,1,-1,1,-1,-1,-1,1,-1,1,-1,-1,-1,-1,-1,-1,-1,-1,1,-1,-1,-1,1,1,-1,1,-1,-1,1,-1,-1,1,1,-1,-1,-1,-1,-1,1,1,-1,-1,-1,-1,-1,-1,1,1,1,-1,1,-1,1,-1,1,-1,1,-1,-1,-1,1,-1,-1,1,1,-1,1,1,-1,1,1,1,-1,1,1,-1,1,-1,1,-1,1,1,-1,-1,1,1,-1,-1,1,-1,-1,1,1,1,-1,1,-1,-1,1,1,-1,-1,1,-1,-1,-1,1,1,-1,1,1,-1,-1,1,1,-1,1,-1,1,-1,1,1,-1,-1,1,-1,-1,-1,1,1,-1,1,1,-1,1,1,-1,1,1,-1,1,-1,-1,-1,1,1,-1,-1,-1,1,-1,1,1,-1,-1,1,1,-1,-1,1,1,-1,-1,1,-1,-1,1,-1,-1,1,1,1,1,1,1,-1,-1,1,1,-1,1,-1,-1,1,1,1,-1,1,1,-1,-1,1,1,-1,1,1,-1,1,1,1,-1,1,1,-1,1,1,1,1,1,1,-1,1,1,1,-1,1,1,1,-1,1,-1,-1,1,1,1,-1,1,1,-1,1,-1,1,1,1,-1,-1,1,-1,1,1,-1,1,-1,1,-1,1,-1,1,-1,-1,1,-1,1,-1,1,-1,-1,1,-1,1,1,1,-1,-1,1,-1,1,-1,1,-1,-1,1,1,1,1,1,-1,1,1,-1,1,1,1,1,-1,1,-1,-1,1,1,-1,1,1,1,-1,1,1,-1,1,-1,1,-1,1,1,1,-1,1,-1,-1,1,1,-1,-1,1,-1,1,-1,-1,1,-1,1,1,-1,1,1,-1,-1,1,1,-1,1,1,-1,-1,-1,1,1,1,1,-1,-1,1,1,-1,1,1,-1,-1,1,-1,1,1,1,1,-1,-1,1,-1,1,1,-1,1,-1,-1,1,1,1,-1,-1,-1,-1,-1,1,-1,-1,-1,1,-1,1,1,1,1,-1,-1,-1,1,1,1,1,-1,1,-1,1,1,-1,1,-1,-1,1,1,1,1,-1,1,-1,-1,1,1,1,1,-1,-1,-1,1,1,1,1,-1,-1,-1,1,1,1,1,1,-1,-1,1,1,1,1,1,-1,-1,1,1,-1,1,1,-1,-1,1,1,-1,1,-1,-1,-1,1,-1,-1,1,1,-1,-1,-1,1,-1,1,1,-1,-1,1,1,-1,1,1,-1,-1,1,1,-1,1,1,-1,-1,-1,1,1,1,1,-1,1,-1,1,1,1,-1,-1,1,-1,1,1,1,1,-1,1,-1,1,1,-1,1,-1,-1,-1,1,-1,1,-1,1,-1,-1,1,-1,1,1,-1,-1,1,1,-1,1,1,-1,-1,-1,-1,1,1,-1,1,-1,-1,1,-1,1,-1,1,-1,-1,1,-1,1,1,1,1,-1,1,1,1,1,1,1,1,1,1,1,-1,1,-1,-1,1,1,1,1,1,-1,-1,1,-1,1,1,1,1,1,1,1,-1,1,1,-1,-1,1,-1,1,1,1,-1,1,-1,1,-1,1,1,-1,1,1,1,1,1,1,-1,1,1,1,1,1,1,-1,1,1,1,1,1,1,-1,1,1,1,1,1,1,-1,1,1,1,-1,1,1,-1,-1,1,1,-1,1,1,1,-1,1,1,-1,1,1,-1,-1,1,-2662.0,1,2000,445,1500,True
2195,1,1,-1,-1,1,-1,-1,1,1,1,1,-1,1,1,1,1,-1,1,-1,-1,-1,1,1,1,1,-1,-1,-1,1,1,1,1,-1,-1,-1,1,-1,1,1,1,-1,-1,1,1,1,1,1,-1,1,-1,1,1,-1,1,-1,-1,1,-1,1,1,1,-1,-1,-1,1,1,1,1,-1,-1,1,-1,1,1,1,-1,-1,1,1,1,1,-1,-1,-1,-1,1,1,1,-1,-1,-1,1,-1,1,1,-1,-1,1,-1,1,1,1,-1,-1,1,-1,-1,1,1,-1,-1,-1,-1,-1,1,1,-1,-1,1,-1,-1,1,1,1,-1,-1,-1,-1,1,1,1,-1,1,-1,-1,1,1,1,-1,1,-1,-1,-1,1,1,-1,1,-1,-1,-1,1,1,-1,-1,1,-1,-1,1,1,-1,1,1,-1,-1,1,1,-1,1,1,-1,1,1,-1,-1,1,-1,-1,1,1,-1,1,-1,1,-1,1,1,-1,1,1,-1,-1,-1,1,1,1,1,1,-1,-1,1,-1,1,1,1,-1,-1,1,1,-1,1,1,-1,1,1,-1,1,1,1,-1,1,1,1,1,1,1,1,-1,1,-1,-1,1,1,-1,-1,1,1,-1,1,1,-1,-1,1,-1,1,1,1,1,-1,1,1,-1,1,1,-1,1,1,-1,1,1,1,-1,-1,1,-1,1,-1,1,1,1,1,-1,1,-1,1,1,1,1,-1,1,-1,1,1,1,1,-1,-1,1,1,1,1,1,1,-1,1,1,-1,-1,1,1,-1,-1,1,1,1,1,-1,1,-1,1,1,1,-1,1,-1,-1,1,1,1,1,-1,1,-1,1,-1,1,1,1,1,-1,1,1,1,1,1,1,-1,1,1,1,1,1,1,1,1,1,1,1,1,-1,1,1,1,-1,1,1,-1,1,1,1,1,1,1,1,-1,1,-1,1,1,1,1,-1,1,1,1,1,1,1,1,1,1,-1,1,1,-1,-1,1,1,1,-1,1,1,-1,-1,1,-1,1,1,1,1,-1,1,1,-1,1,1,-1,1,1,-1,-1,-1,-1,-1,1,1,-1,1,1,-1,-1,1,-1,-1,1,1,1,-1,1,-1,1,1,1,-1,-1,1,1,1,-1,1,1,1,-1,1,-1,1,1,1,-1,1,1,-1,-1,-1,1,1,1,1,1,-1,1,1,-1,1,1,1,1,-1,1,1,-1,1,-1,1,-1,1,-1,1,1,1,1,-1,-1,1,-1,1,1,1,-1,1,-1,1,-1,1,1,-1,-1,1,-1,1,1,1,-1,1,1,1,1,1,1,-1,1,-1,1,1,1,-1,-1,1,1,-1,1,1,-1,-1,1,-1,1,1,1,-1,-1,1,-1,-1,1,1,-1,-1,1,-1,1,1,1,1,-1,1,-1,-1,-1,1,1,-1,-1,1,1,-1,1,-1,-1,1,-1,-1,1,-1,1,-1,-1,1,-1,1,-1,1,-1,-1,1,-1,-1,1,1,1,-1,1,-1,1,-1,1,1,1,-1,1,1,-1,-1,1,1,1,-1,1,-1,1,-1,1,1,1,-1,-1,-1,1,-1,1,-1,1,-1,-1,-1,1,1,-1,1,-1,-1,-1,1,1,-1,1,-1,-1,1,1,1,-1,1,-1,-1,-1,-1,1,1,1,-1,1,-1,-1,1,-1,1,-1,-1,1,-1,1,-1,1,1,-1,-1,-1,-1,-1,1,1,-1,1,-1,1,-1,-1,1,-1,-1,-1,-1,1,1,-1,-1,-1,-1,-1,1,1,-1,1,-1,1,1,1,1,1,-1,-1,-1,-1,-1,1,-1,1,-1,-1,1,-1,1,1,-1,1,-1,-1,1,1,1,-1,1,-1,1,-1,1,1,-1,1,-1,1,-1,1,1,-1,1,-1,-1,-1,1,1,1,-1,1,-1,-1,1,1,-1,-1,-1,-1,-1,1,1,-1,-1,1,-1,-1,-1,-1,1,-1,1,-1,-1,1,-1,-1,1,1,1,-1,1,1,-1,1,-1,1,-1,1,-1,-1,1,-1,1,-1,1,1,-1,1,-1,-1,-1,-1,1,-1,1,-1,1,-1,-1,1,-1,1,-1,1,-1,-1,-1,1,1,-1,-1,-1,-1,1,-1,-1,-1,-1,-1,-1,-1,-1,1,-1,-1,-1,-1,1,1,-1,1,-1,-1,-1,1,-1,-1,1,-1,-1,-1,-1,-1,1,1,-1,-1,-1,-1,-1,1,-1,-1,-1,1,-1,-1,1,-1,1,-1,-1,-1,-1,-1,-1,-1,1,-1,-1,-1,1,1,-1,-1,-1,-1,1,-1,-1,-1,-1,-1,-1,-1,1,-1,1,-1,-1,-1,-1,1,-1,1,1,-1,1,-1,-1,1,1,-1,-1,-1,-1,-1,-1,1,1,-1,-1,1,-1,1,1,-1,-1,-1,1,-1,1,1,-1,-1,1,-1,-1,1,1,1,-1,1,-1,1,1,1,-1,-1,1,-1,-1,1,1,1,-1,1,-1,-1,1,1,-1,1,1,-1,-1,1,1,-1,1,1,-1,-1,1,1,-1,1,1,-1,-1,1,1,1,1,1,1,-1,-1,1,1,-1,1,-1,-1,1,-1,1,1,1,1,-1,-1,1,-1,1,1,1,-1,1,1,1,1,-1,1,-1,1,1,1,1,1,1,-1,-1,1,1,1,1,-1,1,-1,1,1,1,1,1,-1,1,1,1,1,-1,-1,1,-1,1,1,-1,1,-1,-1,-1,1,1,1,-1,1,-1,-1,1,1,1,-1,-1,-1,-1,1,1,1,-1,-1,1,-1,-1,1,1,-1,1,-1,-1,-1,1,1,-1,1,-1,1,-1,1,1,1,1,1,-1,-1,1,1,-1,-1,1,1,-1,-1,1,-1,1,-1,-1,1,1,-1,-1,1,-1,1,-1,1,1,-1,1,1,-1,1,1,-1,-1,-1,1,-1,-1,-1,-1,-1,1,1,1,-1,1,-1,1,1,1,-1,1,1,1,-1,1,1,-1,1,1,-1,-1,1,1,1,1,1,-1,-1,-1,1,-1,1,1,-1,-1,1,1,-1,1,1,1,-1,1,1,1,1,1,-1,-1,-1,1,-1,1,-1,1,-1,1,-1,1,1,-2662.0,1,2000,445,1000,True
2196,-1,-1,-1,-1,1,1,-1,1,-1,1,1,-1,1,1,-1,-1,1,1,-1,-1,-1,1,-1,1,1,-1,1,-1,-1,-1,1,1,1,-1,-1,1,1,-1,1,1,-1,-1,1,-1,-1,1,1,-1,1,-1,-1,1,-1,1,-1,-1,-1,1,-1,1,-1,-1,-1,1,-1,-1,1,1,-1,-1,1,-1,1,1,1,-1,-1,1,-1,-1,1,-1,-1,-1,-1,-1,1,1,-1,-1,1,-1,-1,1,1,-1,-1,-1,-1,1,1,1,-1,-1,1,-1,-1,1,1,-1,-1,-1,-1,-1,1,1,-1,-1,1,-1,-1,1,1,1,-1,-1,-1,-1,1,1,1,-1,1,-1,-1,1,1,1,-1,1,-1,-1,1,1,1,-1,1,-1,-1,-1,1,1,-1,-1,1,-1,1,1,1,-1,1,-1,-1,-1,1,1,-1,1,1,-1,1,1,-1,-1,1,-1,-1,1,1,-1,1,-1,1,-1,-1,1,-1,1,1,-1,-1,1,1,1,1,1,1,-1,1,1,-1,1,1,1,-1,1,1,1,-1,1,1,-1,1,1,-1,1,1,1,-1,1,1,1,1,1,1,1,-1,1,-1,-1,1,1,-1,-1,1,1,-1,1,1,-1,-1,1,-1,1,1,1,1,-1,1,1,-1,1,1,-1,1,1,-1,1,1,1,-1,-1,1,-1,1,-1,1,1,1,1,-1,1,-1,1,1,1,1,-1,1,-1,1,1,1,1,-1,-1,1,1,1,-1,1,1,-1,1,1,-1,1,1,1,-1,-1,1,1,-1,1,-1,1,-1,1,1,1,1,1,-1,-1,1,1,1,1,-1,1,-1,1,-1,1,1,1,1,-1,1,1,1,1,1,-1,-1,1,1,1,1,1,1,-1,1,1,-1,1,1,-1,1,1,1,-1,1,1,-1,-1,1,1,-1,1,1,1,1,1,-1,1,1,1,1,1,1,1,1,1,1,1,1,1,1,-1,1,1,1,1,1,1,1,-1,1,-1,1,-1,1,-1,1,1,1,1,-1,1,1,-1,1,1,-1,1,1,-1,-1,-1,-1,1,-1,1,-1,1,1,-1,1,1,-1,1,-1,1,1,1,1,-1,-1,1,1,-1,1,1,1,1,-1,1,1,1,-1,1,-1,1,-1,1,1,1,1,-1,-1,-1,1,-1,1,1,-1,1,-1,-1,1,1,1,1,-1,-1,1,-1,-1,1,-1,1,-1,1,1,-1,-1,1,1,-1,-1,1,-1,1,1,-1,-1,1,1,1,1,1,-1,-1,-1,1,-1,1,-1,-1,-1,1,1,1,1,-1,1,-1,1,-1,1,1,-1,-1,1,1,-1,1,1,-1,-1,-1,1,-1,1,1,-1,-1,-1,1,-1,-1,1,1,-1,-1,1,-1,1,-1,1,-1,-1,1,-1,-1,-1,1,-1,-1,1,-1,1,-1,1,-1,-1,1,-1,-1,1,1,-1,-1,-1,1,-1,1,1,-1,-1,1,1,-1,-1,1,1,1,-1,1,-1,1,-1,1,-1,1,-1,1,1,-1,-1,1,1,1,-1,1,-1,1,-1,1,1,1,-1,-1,-1,1,-1,1,1,1,-1,-1,-1,1,1,-1,1,-1,-1,-1,1,1,1,1,-1,-1,1,1,1,1,1,-1,-1,-1,-1,1,-1,1,-1,1,-1,-1,1,1,1,-1,-1,1,1,-1,-1,1,1,-1,-1,-1,-1,1,1,1,-1,1,-1,1,1,1,1,-1,-1,1,-1,1,1,-1,-1,-1,-1,-1,1,1,-1,1,-1,-1,1,1,1,1,-1,-1,-1,-1,1,1,-1,1,-1,-1,1,1,1,1,-1,1,-1,-1,1,1,1,-1,1,-1,1,1,1,1,-1,-1,-1,-1,1,-1,1,-1,1,-1,1,1,1,1,1,-1,1,-1,1,1,1,-1,-1,-1,1,1,1,-1,1,-1,1,-1,1,-1,-1,1,-1,1,-1,1,1,-1,-1,1,-1,1,1,-1,1,-1,1,-1,1,-1,1,-1,1,-1,1,-1,-1,-1,1,-1,1,-1,-1,1,-1,1,-1,1,-1,1,1,-1,1,-1,1,1,-1,1,-1,1,-1,1,1,1,-1,-1,1,1,-1,1,1,-1,-1,-1,-1,1,-1,1,-1,-1,-1,-1,-1,1,1,-1,-1,1,-1,-1,1,1,-1,-1,-1,-1,1,-1,1,-1,-1,-1,-1,-1,1,-1,-1,-1,-1,-1,1,-1,1,-1,-1,-1,-1,-1,1,1,1,-1,-1,-1,1,1,1,-1,-1,-1,1,-1,-1,1,-1,-1,-1,-1,1,1,1,-1,-1,-1,-1,1,-1,1,1,-1,1,-1,-1,1,1,-1,-1,-1,-1,-1,-1,1,1,-1,-1,1,-1,1,1,-1,-1,-1,1,-1,1,1,-1,-1,1,-1,-1,1,1,1,-1,1,-1,1,1,1,-1,-1,1,-1,-1,1,1,1,-1,1,-1,-1,1,1,-1,1,1,-1,-1,1,1,1,1,1,-1,-1,1,1,1,1,1,-1,-1,1,1,1,1,1,1,-1,1,1,1,-1,1,-1,-1,1,-1,1,1,1,1,-1,-1,1,-1,1,1,1,-1,1,-1,1,1,-1,1,-1,1,1,1,1,1,1,-1,-1,-1,1,1,1,-1,1,-1,1,1,1,1,-1,1,1,-1,1,1,-1,-1,1,-1,1,1,-1,1,-1,-1,-1,1,1,1,-1,1,-1,-1,-1,1,1,-1,-1,-1,-1,1,1,1,-1,-1,-1,-1,-1,1,1,-1,1,-1,-1,-1,1,1,-1,1,-1,1,-1,-1,1,1,1,1,-1,-1,1,1,-1,-1,1,1,-1,-1,1,-1,1,-1,-1,1,1,-1,-1,1,-1,-1,-1,1,1,-1,1,1,-1,1,1,-1,-1,1,-1,1,-1,-1,-1,-1,1,-1,-1,1,1,-1,1,1,-1,1,1,1,1,-1,1,-1,1,1,1,-1,-1,1,-1,-1,1,1,-1,-1,1,-1,1,1,1,-1,-1,1,-1,1,1,1,1,-1,1,-1,-1,1,1,1,-1,-1,1,-1,1,1,1,-1,1,-1,-1,1,-2662.0,1,2000,445,1000,True
2197,1,1,-1,-1,1,-1,1,1,1,1,1,-1,1,1,1,1,-1,1,-1,-1,1,1,1,1,1,-1,-1,-1,1,1,1,1,1,-1,-1,1,-1,1,1,1,-1,-1,1,1,1,1,1,-1,1,1,1,1,-1,1,-1,-1,1,-1,1,1,1,-1,-1,1,1,1,1,1,-1,-1,1,1,1,1,1,-1,-1,-1,1,1,1,-1,-1,-1,1,1,1,1,-1,-1,-1,1,-1,1,1,-1,-1,1,1,-1,1,1,-1,-1,1,1,1,1,1,-1,-1,1,1,-1,1,1,-1,-1,1,1,1,1,1,1,-1,-1,1,1,-1,1,1,-1,1,1,1,1,1,1,-1,-1,1,1,-1,1,1,-1,1,1,1,1,1,1,-1,-1,-1,1,-1,1,1,-1,1,1,1,1,-1,1,-1,1,-1,1,1,1,-1,-1,1,1,1,-1,1,-1,1,-1,-1,1,1,1,-1,1,1,1,1,-1,1,1,1,1,-1,1,-1,1,-1,1,1,-1,1,-1,1,1,-1,1,-1,1,-1,1,-1,1,1,-1,-1,-1,1,1,1,1,-1,-1,1,1,-1,-1,1,-1,1,1,-1,1,-1,1,-1,1,-1,1,-1,-1,1,-1,-1,1,1,1,-1,1,-1,1,1,1,-1,1,1,-1,1,-1,1,-1,1,-1,1,-1,1,1,-1,1,-1,-1,1,1,1,-1,1,-1,-1,-1,-1,1,-1,-1,1,1,-1,-1,1,1,-1,1,1,-1,1,1,1,1,-1,1,-1,1,1,-1,1,-1,1,1,-1,1,1,1,1,1,-1,-1,1,-1,-1,-1,1,1,-1,1,1,1,-1,1,-1,-1,1,1,1,-1,1,-1,-1,1,1,-1,-1,1,-1,-1,1,1,-1,1,1,-1,1,-1,1,1,-1,1,-1,1,1,1,-1,1,1,-1,1,1,1,-1,1,-1,-1,1,1,1,-1,1,-1,-1,1,-1,1,-1,1,-1,-1,-1,-1,1,-1,1,1,-1,1,-1,1,1,1,1,-1,-1,1,1,-1,1,-1,-1,1,-1,-1,-1,1,-1,-1,1,-1,1,-1,1,-1,1,-1,1,1,1,1,-1,1,-1,1,1,-1,1,-1,-1,-1,-1,1,1,1,1,-1,-1,1,1,1,1,-1,-1,1,-1,-1,1,-1,1,-1,1,-1,1,1,1,-1,-1,1,1,-1,1,-1,1,-1,-1,1,-1,1,1,-1,-1,-1,1,-1,-1,1,1,-1,-1,1,-1,1,1,-1,1,-1,1,-1,-1,1,1,-1,1,1,-1,1,1,-1,-1,1,1,-1,1,-1,1,-1,1,1,-1,1,-1,1,-1,1,-1,-1,1,-1,-1,-1,1,-1,-1,1,1,1,-1,1,-1,-1,1,-1,-1,1,-1,1,-1,1,-1,1,-1,1,1,-1,-1,-1,1,-1,1,-1,-1,1,-1,1,1,-1,1,-1,-1,1,1,-1,-1,1,-1,-1,1,1,1,1,1,1,-1,1,1,1,-1,-1,-1,1,-1,-1,-1,1,-1,1,1,-1,-1,1,1,-1,1,-1,-1,-1,1,1,-1,1,1,-1,1,-1,1,-1,1,1,-1,-1,-1,1,-1,-1,-1,-1,1,-1,1,-1,-1,-1,-1,-1,-1,1,-1,1,1,1,1,-1,1,-1,1,1,-1,-1,-1,1,-1,-1,1,-1,-1,-1,-1,1,1,1,1,-1,-1,1,1,1,1,-1,-1,-1,-1,1,1,1,-1,-1,-1,1,1,1,1,-1,1,-1,1,-1,1,-1,1,1,-1,-1,1,1,1,-1,-1,-1,-1,1,1,1,1,-1,-1,-1,1,1,1,1,1,-1,-1,1,-1,1,-1,-1,-1,-1,1,1,1,1,-1,1,-1,1,-1,1,-1,-1,-1,-1,1,1,-1,1,-1,-1,-1,1,1,1,1,-1,-1,1,-1,1,-1,1,-1,1,1,-1,1,1,-1,-1,-1,1,1,-1,1,1,-1,1,-1,1,-1,1,1,-1,-1,1,-1,1,-1,1,-1,1,-1,1,-1,1,-1,-1,-1,-1,1,-1,1,-1,-1,-1,1,1,-1,-1,1,-1,1,-1,-1,-1,-1,-1,-1,-1,1,1,1,-1,-1,-1,-1,1,-1,1,-1,-1,-1,-1,-1,-1,-1,1,-1,-1,-1,1,-1,1,1,-1,-1,-1,-1,-1,-1,1,-1,-1,-1,-1,-1,1,-1,-1,-1,1,-1,-1,1,-1,1,-1,-1,-1,-1,1,-1,-1,1,-1,-1,-1,1,1,-1,-1,-1,1,-1,1,-1,-1,-1,1,-1,-1,1,-1,1,-1,-1,-1,-1,1,-1,1,-1,-1,1,-1,-1,1,1,-1,-1,-1,-1,-1,-1,1,1,-1,-1,1,-1,1,1,-1,-1,-1,1,-1,-1,1,-1,-1,1,-1,-1,1,1,1,-1,1,-1,1,1,1,-1,-1,1,-1,-1,1,1,1,-1,1,-1,-1,1,1,-1,1,1,-1,-1,1,1,1,1,1,-1,-1,1,1,1,1,1,-1,-1,1,1,1,1,-1,1,-1,-1,1,1,-1,1,-1,-1,1,-1,1,1,1,1,-1,-1,1,-1,1,1,1,-1,1,1,1,1,-1,1,-1,1,1,1,1,1,1,1,-1,1,1,1,1,-1,1,-1,1,1,1,1,1,-1,1,1,1,1,-1,1,1,-1,1,1,-1,1,1,-1,-1,1,1,1,1,-1,1,-1,1,1,1,-1,-1,1,-1,1,1,1,-1,1,-1,-1,-1,1,1,-1,-1,1,-1,-1,1,1,1,-1,1,-1,-1,1,1,1,-1,1,-1,-1,1,1,-1,-1,-1,1,-1,-1,1,-1,1,1,-1,1,1,-1,-1,1,-1,-1,-1,1,1,-1,1,1,-1,1,1,-1,-1,1,-1,1,-1,-1,-1,-1,1,-1,-1,1,1,-1,1,1,-1,1,1,1,1,-1,1,-1,1,1,1,1,-1,1,-1,-1,1,1,1,-1,1,-1,1,1,1,1,-1,1,-1,1,1,-1,-1,-1,1,-1,-1,1,1,-1,-1,-1,1,-1,1,-1,1,-1,1,-1,-1,1,-2662.0,1,2000,445,0,False
2198,1,1,-1,1,1,1,-1,1,1,1,-1,1,-1,1,1,1,-1,1,-1,1,1,1,1,1,1,-1,1,-1,1,1,1,1,1,1,-1,1,-1,1,1,-1,1,-1,1,1,1,1,-1,-1,1,-1,1,1,-1,1,1,-1,1,-1,1,1,-1,1,1,1,1,1,1,-1,-1,-1,1,-1,1,1,1,-1,1,1,-1,1,1,-1,-1,1,-1,1,1,1,-1,1,-1,1,-1,1,1,-1,-1,1,-1,1,1,1,-1,-1,1,-1,-1,1,1,-1,-1,1,-1,-1,1,1,-1,-1,1,-1,-1,1,1,1,-1,1,-1,-1,1,1,1,-1,1,-1,-1,1,1,1,-1,1,-1,-1,-1,1,1,-1,-1,-1,-1,-1,1,1,-1,1,1,-1,-1,1,1,-1,1,1,-1,-1,1,1,-1,1,1,-1,1,1,-1,-1,1,-1,-1,1,1,-1,1,-1,1,-1,1,1,-1,-1,-1,-1,-1,-1,1,-1,1,1,1,-1,-1,1,1,-1,1,1,-1,-1,1,-1,-1,1,1,-1,1,1,-1,-1,1,1,-1,1,1,1,-1,1,1,1,-1,1,-1,-1,1,1,-1,-1,1,1,-1,1,1,-1,-1,1,-1,1,1,1,1,-1,1,-1,1,1,1,-1,1,1,1,1,-1,1,-1,-1,-1,1,-1,1,1,1,-1,-1,1,1,-1,1,1,1,1,1,1,-1,1,1,1,1,-1,1,1,1,1,1,1,1,1,1,1,-1,-1,1,-1,1,-1,1,1,-1,-1,1,1,-1,1,1,1,-1,1,1,-1,1,1,1,-1,-1,1,-1,1,-1,1,-1,1,1,-1,1,1,1,-1,1,1,-1,1,1,-1,-1,1,-1,1,1,1,-1,1,1,1,-1,1,1,-1,1,1,-1,1,1,1,1,1,1,1,-1,1,-1,1,1,1,1,-1,1,1,-1,1,1,1,-1,1,1,1,-1,1,1,-1,1,1,1,1,1,1,-1,-1,1,-1,1,1,1,1,-1,1,1,-1,1,-1,-1,1,1,-1,1,1,1,-1,1,1,-1,1,-1,1,-1,1,-1,1,-1,1,-1,-1,1,-1,1,-1,-1,1,-1,1,1,1,-1,1,-1,-1,-1,1,1,1,-1,-1,1,1,1,-1,1,-1,-1,1,1,1,-1,1,1,-1,1,1,1,-1,1,-1,-1,1,-1,1,1,1,-1,-1,-1,1,1,1,1,-1,-1,1,-1,1,1,-1,-1,-1,-1,1,-1,1,1,-1,-1,1,-1,1,-1,-1,1,-1,-1,1,1,-1,1,-1,-1,1,1,1,-1,-1,1,-1,1,-1,1,-1,-1,1,1,-1,1,1,-1,-1,1,-1,1,-1,1,1,-1,-1,1,-1,1,-1,1,-1,-1,1,-1,-1,-1,1,-1,-1,1,-1,1,-1,1,-1,-1,1,-1,-1,1,1,-1,-1,-1,1,-1,1,1,-1,1,-1,1,-1,-1,1,1,1,-1,1,-1,1,-1,1,-1,1,-1,1,1,-1,-1,1,1,1,-1,1,-1,1,-1,1,1,1,-1,-1,-1,-1,-1,1,1,1,-1,-1,-1,1,1,-1,1,-1,-1,-1,1,1,-1,1,-1,-1,-1,1,1,-1,1,-1,-1,-1,-1,1,1,1,-1,1,-1,-1,1,-1,1,-1,1,1,1,1,-1,1,1,-1,-1,-1,-1,-1,1,1,-1,-1,-1,1,-1,1,1,-1,-1,1,-1,1,1,-1,-1,-1,-1,-1,1,1,-1,1,-1,1,1,1,1,1,-1,-1,-1,-1,-1,1,-1,1,-1,-1,1,-1,1,1,-1,1,-1,-1,1,1,1,-1,1,-1,1,-1,1,1,-1,1,-1,-1,-1,1,1,-1,1,-1,1,-1,1,1,1,-1,1,-1,-1,1,1,-1,-1,-1,1,-1,1,1,1,-1,1,-1,-1,-1,-1,1,-1,1,-1,-1,1,-1,-1,1,-1,1,-1,1,1,-1,1,-1,1,-1,1,-1,1,-1,1,-1,-1,1,1,-1,1,-1,-1,-1,-1,1,-1,1,-1,1,-1,-1,1,-1,1,1,-1,-1,-1,-1,1,1,1,1,-1,-1,1,1,-1,1,1,-1,-1,-1,1,-1,1,-1,-1,-1,1,1,1,-1,1,-1,-1,1,1,1,-1,1,-1,-1,-1,-1,-1,-1,1,-1,-1,-1,1,-1,1,-1,-1,1,-1,1,-1,-1,1,-1,-1,-1,1,1,-1,1,1,-1,-1,1,-1,1,1,-1,-1,-1,1,-1,-1,1,-1,-1,-1,1,-1,1,1,-1,-1,1,-1,-1,1,1,1,-1,1,-1,1,-1,1,1,-1,-1,-1,-1,-1,1,1,-1,-1,1,-1,1,1,-1,-1,-1,1,-1,1,1,1,-1,1,1,-1,1,1,1,-1,1,-1,1,1,1,-1,-1,1,-1,1,1,1,1,1,-1,-1,-1,1,1,1,-1,1,-1,-1,1,1,1,1,-1,1,-1,1,-1,1,1,1,-1,-1,1,1,1,1,1,-1,-1,1,1,1,1,-1,-1,-1,1,-1,1,1,1,-1,-1,-1,1,-1,1,1,-1,-1,-1,1,-1,1,1,-1,-1,1,1,-1,1,1,-1,-1,1,-1,1,1,1,-1,1,1,1,1,1,-1,-1,1,-1,1,1,1,-1,-1,-1,1,1,1,-1,1,-1,1,1,-1,-1,1,1,-1,-1,1,-1,-1,1,1,-1,-1,1,1,-1,1,1,-1,1,1,-1,1,1,-1,1,-1,1,-1,-1,1,-1,1,-1,1,-1,-1,1,1,-1,1,1,1,1,1,-1,-1,1,-1,1,1,-1,-1,1,-1,1,1,1,-1,-1,1,-1,1,-1,-1,1,-1,1,-1,1,1,-1,1,-1,-1,1,-1,-1,-1,-1,-1,1,-1,1,1,1,-1,1,1,1,-1,1,-1,-1,-1,1,1,1,1,1,1,-1,1,1,1,1,1,-1,1,1,1,-1,1,1,1,-1,1,1,1,-1,-1,-1,-1,1,1,1,1,1,-1,1,1,-1,1,1,-1,1,-1,1,1,-1,1,-2662.0,1,2000,445,1000,True
2199,-1,-1,1,1,1,1,-1,1,-1,-1,-1,1,-1,1,-1,-1,1,-1,1,1,-1,1,-1,-1,-1,1,-1,-1,-1,-1,-1,-1,1,1,-1,1,1,-1,-1,-1,1,-1,1,-1,-1,-1,-1,1,-1,-1,-1,-1,1,-1,1,-1,-1,1,-1,-1,-1,1,1,1,-1,-1,-1,-1,-1,-1,1,-1,-1,-1,-1,-1,-1,1,-1,-1,-1,1,1,-1,-1,-1,-1,-1,-1,1,-1,-1,-1,-1,-1,-1,-1,1,-1,1,-1,-1,-1,-1,1,-1,-1,-1,-1,-1,-1,1,-1,-1,-1,-1,-1,-1,1,-1,-1,-1,-1,-1,-1,1,-1,-1,1,-1,-1,-1,1,-1,-1,1,-1,-1,-1,-1,-1,-1,1,-1,-1,-1,1,-1,-1,-1,-1,-1,-1,-1,1,-1,-1,1,-1,-1,1,-1,-1,-1,-1,-1,1,1,1,-1,-1,-1,-1,-1,1,-1,-1,1,-1,-1,1,-1,1,-1,-1,-1,-1,1,1,-1,-1,1,-1,-1,1,1,1,-1,1,-1,1,-1,1,1,-1,1,-1,-1,-1,1,1,-1,1,-1,1,1,1,1,1,1,-1,1,1,1,1,1,-1,1,-1,-1,1,1,-1,1,-1,1,-1,1,1,1,1,-1,1,1,1,1,1,1,-1,-1,1,1,1,1,-1,1,1,1,1,1,1,1,-1,1,1,-1,1,-1,-1,-1,1,1,-1,1,1,-1,-1,1,1,-1,1,-1,1,-1,1,1,1,1,1,1,-1,1,1,1,1,1,-1,-1,-1,1,-1,1,-1,-1,-1,1,1,-1,1,1,1,-1,-1,1,1,1,-1,-1,-1,1,1,-1,-1,1,-1,-1,1,1,-1,1,-1,-1,-1,1,1,1,-1,-1,-1,-1,1,-1,1,1,-1,-1,1,-1,-1,1,-1,-1,1,1,-1,1,-1,-1,-1,1,1,1,-1,1,1,-1,-1,1,1,-1,1,-1,-1,-1,1,1,-1,1,-1,-1,1,-1,1,-1,1,-1,-1,1,-1,1,-1,1,1,-1,1,-1,1,1,-1,1,-1,-1,1,1,-1,1,-1,-1,1,1,-1,-1,1,1,-1,1,-1,1,-1,1,-1,1,1,-1,1,1,1,-1,1,1,-1,1,-1,1,-1,-1,1,-1,1,1,-1,1,-1,1,1,-1,1,-1,-1,-1,1,-1,-1,1,-1,1,-1,-1,1,-1,1,-1,-1,-1,-1,1,-1,1,-1,1,-1,1,-1,-1,1,-1,-1,-1,-1,1,-1,-1,1,1,-1,-1,1,-1,1,1,-1,1,-1,1,-1,1,-1,1,-1,-1,-1,-1,1,-1,-1,1,-1,1,-1,1,-1,1,-1,-1,-1,1,1,-1,1,-1,-1,-1,-1,1,-1,-1,-1,-1,-1,1,-1,-1,1,-1,1,-1,-1,1,-1,-1,1,-1,-1,-1,1,-1,1,-1,1,-1,-1,1,-1,1,-1,1,-1,-1,1,-1,1,1,1,-1,-1,-1,1,1,-1,1,-1,1,-1,1,1,1,-1,1,1,-1,1,1,1,1,1,-1,1,-1,1,1,-1,1,-1,1,-1,-1,1,-1,-1,1,-1,-1,1,-1,-1,1,1,1,-1,1,1,-1,1,1,1,-1,-1,1,-1,-1,1,-1,-1,1,1,-1,-1,-1,-1,-1,1,1,-1,1,1,1,1,-1,1,-1,-1,1,1,-1,1,1,-1,-1,-1,1,-1,-1,1,1,-1,1,1,1,1,1,-1,1,1,1,-1,1,1,1,-1,1,1,-1,1,1,-1,1,1,1,-1,1,1,-1,-1,1,-1,1,1,1,-1,1,1,1,-1,1,1,-1,1,1,1,1,1,1,1,1,1,1,1,1,1,-1,1,-1,1,-1,1,1,1,1,1,1,1,1,1,-1,1,-1,1,1,1,1,1,-1,1,-1,1,1,1,1,1,1,1,1,1,1,-1,1,1,-1,-1,1,-1,-1,1,1,1,-1,1,1,-1,1,-1,-1,1,1,-1,-1,1,-1,1,-1,1,1,-1,1,-1,1,-1,1,-1,1,1,-1,1,-1,1,1,-1,1,-1,1,-1,1,1,-1,1,-1,1,-1,1,1,-1,1,1,1,1,1,-1,1,1,-1,1,1,1,1,-1,1,-1,1,-1,1,1,-1,1,1,-1,1,1,1,-1,1,1,-1,1,1,1,1,1,-1,-1,1,1,1,1,1,-1,1,-1,1,1,1,1,1,-1,1,1,1,1,1,1,-1,1,-1,1,1,1,1,1,1,1,1,1,1,1,-1,1,1,1,1,1,-1,1,1,1,1,-1,1,1,-1,1,1,1,1,1,-1,1,1,1,1,1,1,-1,-1,1,-1,1,1,1,-1,1,1,1,1,1,-1,-1,1,1,1,1,1,1,-1,1,1,-1,1,1,-1,1,1,1,1,1,1,-1,-1,1,1,1,1,-1,1,-1,1,1,1,-1,-1,-1,-1,1,1,1,1,-1,1,-1,1,1,1,1,1,-1,-1,1,1,-1,1,1,-1,-1,1,1,-1,1,-1,-1,-1,1,-1,-1,1,1,-1,-1,-1,1,-1,1,1,-1,-1,1,1,-1,1,1,-1,1,1,1,-1,1,1,-1,1,-1,-1,1,1,1,-1,1,-1,1,1,1,-1,1,-1,1,1,1,1,-1,1,1,-1,1,1,-1,1,1,-1,-1,1,-1,1,1,-1,1,-1,1,-1,1,-1,-1,1,-1,1,-1,1,-1,1,-1,-1,-1,1,1,-1,-1,1,-1,-1,-1,1,1,-1,1,-1,1,-1,1,1,-1,1,-1,-1,1,1,-1,-1,-1,1,1,1,1,-1,1,1,-1,1,1,-1,-1,1,1,-1,-1,-1,1,-1,1,1,1,1,1,-1,-1,-1,-1,-1,-1,-1,-1,-1,-1,1,1,1,1,-1,1,1,-1,1,1,1,1,-1,1,-1,1,1,1,1,-1,1,-1,1,1,1,1,-1,1,-1,1,1,1,1,-1,1,-1,1,1,1,-1,-1,1,-1,1,1,1,-1,-1,-1,1,-1,1,1,1,-1,1,-1,1,1,-2662.0,1,2000,445,1500,True
2200,-1,-1,1,1,1,1,-1,1,-1,-1,-1,1,-1,1,-1,-1,1,-1,1,1,-1,1,-1,-1,-1,1,-1,-1,-1,-1,-1,-1,1,1,-1,1,1,-1,-1,-1,1,-1,1,-1,-1,-1,-1,1,-1,-1,-1,-1,1,1,1,-1,-1,1,-1,-1,-1,1,1,1,-1,-1,-1,-1,-1,-1,1,-1,-1,-1,1,-1,-1,1,-1,-1,-1,1,1,-1,-1,-1,-1,1,-1,1,-1,-1,-1,-1,1,-1,-1,1,-1,1,-1,1,-1,-1,1,-1,-1,-1,1,-1,-1,1,-1,-1,-1,1,-1,-1,1,-1,-1,-1,1,1,-1,1,-1,-1,1,1,1,-1,1,-1,-1,1,1,1,-1,-1,-1,-1,1,1,1,-1,1,-1,-1,-1,1,1,-1,-1,1,-1,1,1,1,-1,1,1,-1,-1,1,1,-1,1,1,-1,1,1,-1,-1,1,-1,-1,-1,1,-1,1,-1,1,-1,1,1,-1,1,1,-1,-1,1,1,1,1,1,1,-1,1,1,-1,1,1,1,-1,1,1,1,-1,1,1,-1,1,1,-1,1,1,1,1,1,1,1,1,1,1,1,-1,1,-1,-1,1,1,-1,1,-1,1,-1,1,1,1,1,1,-1,1,1,1,1,1,-1,1,-1,1,1,1,1,1,-1,1,1,1,1,-1,1,-1,1,-1,1,-1,-1,1,-1,1,-1,1,1,-1,1,-1,1,-1,1,-1,1,1,-1,-1,1,1,1,1,1,1,-1,1,1,1,-1,-1,1,1,-1,1,-1,-1,-1,1,-1,-1,1,1,1,-1,1,1,1,1,-1,-1,-1,1,-1,1,-1,1,-1,-1,1,1,-1,1,-1,1,-1,1,1,1,-1,-1,-1,1,1,-1,1,1,-1,-1,1,1,-1,1,-1,-1,1,-1,1,1,-1,-1,-1,1,1,1,-1,1,1,-1,-1,1,1,-1,1,-1,-1,-1,1,1,-1,1,-1,-1,1,-1,1,-1,1,-1,-1,1,-1,1,-1,1,1,-1,1,-1,1,1,-1,1,-1,-1,1,1,-1,1,-1,-1,1,1,-1,-1,1,1,-1,1,-1,1,-1,1,-1,1,1,-1,1,1,1,-1,1,1,-1,1,-1,1,-1,-1,1,-1,1,1,1,1,-1,1,1,1,1,-1,-1,-1,1,-1,-1,1,-1,1,-1,-1,1,-1,1,-1,-1,-1,-1,1,-1,1,-1,1,-1,-1,1,-1,1,1,-1,-1,-1,1,-1,-1,1,1,-1,-1,1,-1,1,1,-1,1,-1,1,-1,-1,1,1,-1,-1,-1,-1,1,1,-1,1,-1,1,-1,1,-1,1,-1,-1,-1,-1,1,-1,1,-1,-1,-1,-1,1,-1,-1,-1,-1,-1,-1,1,1,1,-1,1,-1,-1,1,-1,-1,1,-1,-1,-1,1,1,1,-1,1,-1,-1,-1,-1,1,-1,1,-1,-1,1,-1,1,1,1,-1,-1,-1,1,1,-1,1,-1,-1,-1,1,1,1,-1,1,1,-1,1,1,1,1,1,1,1,-1,1,1,-1,1,-1,1,-1,1,-1,-1,-1,1,-1,-1,1,-1,-1,1,1,1,-1,1,1,-1,1,1,1,-1,-1,1,-1,-1,1,-1,-1,1,1,-1,-1,-1,-1,-1,1,1,-1,1,1,1,1,-1,1,-1,-1,1,1,-1,1,1,-1,-1,-1,1,-1,-1,1,1,-1,1,1,1,1,1,-1,1,1,1,-1,1,1,1,-1,1,1,-1,1,1,-1,1,1,1,-1,1,1,-1,-1,1,-1,1,1,1,-1,1,1,1,-1,1,1,-1,1,1,1,1,1,1,1,1,1,1,1,1,1,-1,1,-1,1,-1,1,1,1,1,1,1,1,1,1,-1,1,-1,1,1,1,1,1,-1,1,-1,1,1,1,1,1,1,1,1,1,1,-1,1,1,-1,-1,1,-1,-1,1,1,1,-1,1,1,-1,1,-1,1,1,1,-1,-1,1,-1,1,-1,1,1,-1,1,-1,1,-1,1,-1,1,1,-1,1,1,1,1,-1,1,-1,1,-1,1,1,-1,1,-1,1,-1,1,1,-1,1,1,1,1,1,-1,1,1,-1,1,1,1,1,-1,1,-1,1,-1,1,1,-1,1,1,-1,1,1,-1,1,1,1,-1,1,1,1,-1,1,-1,-1,1,1,-1,1,1,-1,1,-1,1,-1,-1,1,1,-1,1,1,-1,-1,1,1,-1,1,1,-1,-1,-1,1,1,1,1,-1,1,1,1,-1,1,1,-1,-1,1,-1,1,1,1,-1,-1,-1,1,-1,1,1,-1,1,-1,-1,1,1,1,-1,-1,-1,-1,-1,1,-1,-1,-1,1,-1,1,1,-1,-1,-1,1,-1,1,1,1,-1,1,-1,-1,1,1,1,-1,1,-1,1,1,1,-1,-1,1,-1,-1,1,1,1,-1,1,-1,-1,1,1,1,1,1,-1,-1,1,1,1,1,1,-1,-1,1,1,1,1,1,-1,-1,1,1,-1,1,1,1,-1,-1,1,-1,1,1,-1,-1,1,-1,1,1,1,1,-1,-1,1,-1,1,1,1,-1,1,1,-1,1,-1,1,-1,1,1,-1,1,1,1,1,-1,1,1,1,1,-1,1,-1,1,1,1,1,1,-1,1,1,1,1,-1,1,1,-1,1,1,-1,1,1,-1,-1,1,-1,1,1,-1,1,-1,1,-1,1,-1,-1,1,-1,1,-1,1,-1,1,-1,-1,-1,1,1,-1,-1,1,-1,-1,-1,1,-1,-1,1,-1,-1,-1,1,1,-1,1,-1,-1,1,1,-1,-1,-1,1,-1,1,1,-1,1,1,-1,1,1,-1,-1,1,1,-1,-1,-1,1,-1,1,1,-1,1,1,-1,-1,-1,-1,1,-1,-1,-1,-1,-1,1,-1,1,1,-1,1,1,-1,1,1,1,1,-1,1,-1,1,1,1,1,-1,1,-1,-1,1,1,1,-1,1,-1,1,1,1,1,-1,1,-1,1,1,1,-1,-1,1,-1,-1,1,1,-1,-1,-1,1,-1,1,-1,1,-1,1,-1,-1,1,-2662.0,1,2000,445,1500,True
2201,-1,-1,1,1,1,1,-1,1,-1,-1,-1,1,-1,1,-1,-1,1,-1,1,1,-1,1,-1,-1,-1,1,-1,-1,1,-1,-1,-1,1,1,-1,1,1,-1,-1,-1,1,-1,1,-1,-1,-1,1,1,-1,-1,-1,-1,1,1,1,-1,-1,1,-1,-1,1,1,1,1,-1,1,-1,1,1,-1,1,-1,-1,-1,1,-1,-1,1,-1,-1,-1,1,1,-1,-1,-1,-1,1,1,1,-1,-1,-1,1,-1,1,-1,1,-1,1,1,1,1,-1,1,-1,-1,1,1,1,-1,1,-1,-1,1,1,1,-1,1,-1,-1,1,1,1,-1,1,-1,-1,1,1,-1,-1,1,-1,-1,1,1,1,-1,-1,-1,-1,1,1,1,-1,1,-1,-1,-1,1,1,-1,-1,1,-1,1,1,1,-1,1,1,-1,-1,1,1,-1,1,1,-1,1,1,1,-1,1,-1,-1,1,1,-1,1,-1,1,-1,1,1,-1,1,1,-1,-1,-1,1,1,1,1,1,-1,1,1,-1,1,1,1,-1,1,1,1,-1,1,1,-1,1,1,1,1,1,1,-1,1,1,-1,-1,1,1,1,-1,1,-1,-1,1,1,1,-1,1,-1,-1,1,1,-1,-1,1,-1,1,1,1,1,-1,-1,1,-1,1,1,-1,1,1,-1,1,-1,1,-1,-1,1,-1,1,1,1,-1,-1,1,-1,1,-1,1,-1,-1,1,-1,1,-1,-1,-1,1,1,1,-1,1,-1,-1,1,1,1,-1,1,-1,-1,-1,-1,1,1,-1,-1,-1,-1,-1,1,-1,-1,-1,-1,-1,-1,1,1,1,-1,-1,-1,-1,1,-1,1,-1,1,-1,-1,1,1,-1,1,1,1,-1,1,1,1,-1,-1,-1,1,1,-1,1,-1,-1,-1,1,1,-1,1,1,-1,1,-1,1,1,-1,-1,-1,1,1,1,-1,1,1,-1,-1,1,1,-1,1,1,-1,-1,1,1,-1,1,1,-1,1,-1,1,-1,1,1,-1,1,-1,1,-1,1,-1,1,1,-1,1,1,-1,-1,1,-1,1,1,-1,1,1,1,1,1,-1,-1,1,-1,1,1,-1,1,-1,1,1,1,1,-1,1,1,1,1,-1,1,-1,1,-1,1,1,1,1,-1,1,1,1,-1,1,1,1,1,1,-1,1,1,1,-1,-1,1,-1,1,1,-1,1,-1,1,-1,1,1,1,1,-1,1,-1,-1,1,-1,1,-1,1,1,-1,1,-1,1,-1,-1,1,-1,1,-1,1,-1,1,1,1,1,-1,1,-1,-1,1,-1,1,-1,-1,-1,1,1,1,1,-1,1,-1,1,-1,1,1,-1,-1,-1,1,-1,1,-1,-1,-1,-1,1,-1,1,1,-1,-1,-1,1,-1,-1,1,1,-1,-1,1,-1,1,-1,-1,-1,-1,1,1,-1,-1,1,-1,-1,-1,1,1,-1,1,-1,-1,1,-1,-1,1,1,-1,-1,-1,1,-1,1,1,-1,-1,-1,1,-1,-1,-1,1,1,-1,1,-1,1,1,1,-1,1,-1,1,1,-1,1,1,1,1,-1,1,-1,1,-1,1,1,1,-1,-1,1,-1,-1,1,1,1,-1,1,-1,1,1,-1,1,-1,1,-1,1,1,1,1,-1,1,1,1,1,1,1,-1,1,-1,-1,1,-1,1,-1,1,-1,-1,1,1,1,-1,1,1,1,-1,-1,1,1,-1,-1,-1,-1,1,1,1,-1,1,-1,1,1,1,-1,1,1,-1,-1,1,1,-1,1,-1,-1,-1,1,1,-1,1,-1,-1,1,1,1,1,1,1,-1,-1,1,1,1,1,-1,-1,1,1,1,1,1,1,-1,-1,1,1,1,1,-1,-1,1,1,1,1,1,1,-1,1,1,-1,1,1,1,-1,1,1,1,1,1,1,-1,1,1,1,1,1,1,-1,1,1,1,-1,1,1,1,-1,1,-1,-1,1,1,1,-1,1,1,-1,1,-1,1,1,1,-1,1,1,-1,1,-1,-1,1,-1,1,-1,1,-1,1,-1,1,1,-1,1,-1,1,-1,1,1,-1,1,-1,1,-1,1,1,-1,1,-1,1,-1,-1,1,1,1,1,1,-1,1,1,-1,1,1,1,1,-1,1,-1,1,-1,1,-1,1,1,1,-1,1,1,-1,1,1,1,-1,1,1,1,-1,1,-1,-1,1,1,-1,1,1,-1,1,-1,-1,1,-1,1,1,-1,1,1,-1,-1,1,1,-1,1,1,-1,-1,-1,1,1,1,1,-1,-1,1,1,-1,1,1,-1,-1,1,-1,1,1,1,-1,-1,-1,1,-1,1,1,-1,1,-1,-1,1,1,1,-1,-1,-1,-1,-1,1,-1,-1,-1,1,-1,1,1,-1,-1,-1,-1,-1,1,1,1,-1,-1,-1,-1,1,1,-1,1,-1,-1,1,1,1,-1,-1,1,-1,-1,1,1,-1,-1,1,-1,-1,1,1,-1,1,-1,-1,-1,1,1,-1,-1,1,-1,-1,1,1,-1,-1,1,-1,-1,1,1,-1,1,1,1,-1,-1,1,-1,-1,1,-1,-1,1,-1,1,-1,1,1,-1,-1,1,-1,1,-1,1,-1,1,1,-1,1,-1,1,-1,1,1,-1,1,1,1,1,-1,1,-1,1,1,-1,1,-1,1,-1,1,1,1,-1,1,1,1,1,-1,1,1,-1,1,1,-1,1,1,-1,-1,1,-1,1,1,-1,1,-1,1,-1,1,-1,-1,1,-1,1,-1,1,-1,1,-1,-1,-1,1,1,-1,-1,1,-1,-1,-1,1,-1,-1,1,-1,-1,-1,1,1,-1,1,-1,-1,1,1,-1,-1,-1,1,-1,1,1,-1,1,1,-1,1,1,-1,-1,1,1,-1,-1,-1,1,-1,1,1,-1,1,1,-1,-1,-1,-1,1,-1,-1,-1,-1,-1,1,-1,1,1,-1,1,1,-1,1,1,1,1,-1,1,-1,1,1,1,1,-1,1,-1,-1,-1,1,-1,1,1,-1,1,1,1,1,-1,1,-1,1,1,1,-1,-1,1,-1,-1,1,1,-1,-1,1,1,-1,1,1,1,-1,1,-1,-1,1,-2662.0,1,2000,445,1500,True
2202,-1,-1,1,1,1,1,-1,1,-1,-1,-1,1,-1,1,-1,-1,1,-1,1,1,1,1,-1,-1,-1,1,-1,-1,1,-1,-1,-1,1,1,-1,1,1,-1,-1,-1,1,-1,1,-1,-1,-1,-1,-1,1,-1,-1,-1,1,-1,1,-1,-1,1,-1,-1,-1,1,1,1,-1,-1,-1,-1,-1,-1,1,-1,-1,-1,-1,-1,1,1,-1,-1,-1,1,1,-1,-1,-1,-1,-1,-1,1,-1,-1,-1,-1,-1,-1,-1,1,-1,1,-1,-1,-1,-1,1,-1,-1,-1,-1,-1,-1,1,-1,-1,-1,-1,-1,-1,1,-1,-1,1,-1,-1,-1,1,-1,-1,1,-1,-1,-1,1,-1,-1,1,-1,-1,-1,1,-1,-1,1,-1,-1,-1,-1,-1,-1,-1,-1,-1,-1,1,1,-1,1,1,-1,-1,1,1,-1,-1,-1,-1,-1,1,1,-1,-1,-1,-1,-1,1,-1,-1,1,-1,-1,1,-1,1,-1,-1,-1,-1,1,1,-1,-1,1,-1,1,1,1,1,-1,1,-1,-1,1,1,1,-1,1,-1,-1,-1,1,1,-1,1,-1,-1,1,1,1,-1,1,-1,1,1,1,1,1,-1,1,-1,-1,1,1,-1,-1,1,1,-1,1,1,-1,-1,1,-1,1,1,1,1,-1,1,-1,-1,1,1,-1,1,1,-1,1,1,1,-1,-1,1,-1,1,-1,1,1,1,1,-1,1,-1,1,1,1,1,-1,1,-1,1,1,1,1,1,-1,1,1,1,-1,1,-1,-1,1,1,-1,1,1,1,-1,-1,1,1,1,1,-1,1,-1,1,1,-1,1,-1,-1,-1,1,1,1,1,-1,-1,-1,1,-1,1,1,1,1,-1,1,1,1,1,1,1,-1,1,1,1,1,-1,1,1,1,1,1,1,1,-1,1,1,1,-1,1,1,-1,1,1,1,1,1,1,1,-1,1,-1,1,1,1,1,-1,1,1,1,1,1,1,-1,1,1,-1,1,1,1,-1,1,1,1,-1,1,1,-1,-1,1,-1,1,1,1,1,-1,1,1,-1,1,1,-1,1,1,-1,-1,-1,-1,-1,-1,1,-1,1,-1,1,-1,1,-1,-1,1,-1,1,-1,1,-1,1,1,1,-1,-1,1,1,-1,-1,1,-1,-1,-1,1,-1,1,-1,1,-1,1,1,-1,-1,1,-1,1,1,1,-1,1,-1,1,-1,1,1,1,1,-1,-1,1,-1,1,-1,1,-1,-1,-1,1,1,1,1,-1,-1,1,-1,1,1,-1,-1,-1,-1,1,-1,1,1,-1,-1,1,-1,1,1,-1,-1,-1,-1,1,1,-1,1,-1,-1,1,-1,1,-1,-1,1,-1,1,1,1,-1,-1,1,-1,-1,1,1,1,-1,1,-1,1,-1,1,-1,-1,-1,1,-1,1,1,-1,1,-1,1,-1,-1,1,-1,-1,-1,1,-1,-1,1,-1,-1,-1,1,-1,-1,1,-1,-1,-1,-1,1,-1,1,-1,-1,1,-1,1,-1,-1,1,1,1,-1,1,-1,1,1,1,-1,1,-1,1,1,-1,-1,1,-1,1,-1,1,-1,1,-1,1,1,1,-1,-1,-1,-1,-1,1,1,1,-1,-1,-1,1,1,-1,1,-1,-1,-1,1,1,1,1,-1,-1,1,1,1,1,1,-1,-1,-1,-1,1,-1,1,-1,1,-1,-1,1,1,1,-1,-1,1,-1,1,-1,1,1,-1,-1,-1,-1,1,1,1,-1,-1,-1,-1,1,1,1,-1,-1,-1,1,1,1,-1,-1,-1,-1,1,1,1,-1,1,-1,1,-1,1,1,1,-1,-1,-1,-1,1,1,-1,1,-1,-1,1,1,1,1,-1,1,-1,-1,1,1,1,-1,1,-1,-1,1,1,1,-1,1,-1,-1,1,-1,1,-1,1,-1,-1,1,1,1,1,-1,1,-1,1,1,1,-1,-1,-1,-1,1,1,-1,1,-1,1,1,1,-1,-1,1,-1,1,1,1,1,-1,-1,1,1,-1,1,-1,1,-1,1,-1,1,1,1,-1,-1,1,-1,1,1,-1,1,-1,1,1,1,1,1,1,-1,1,-1,1,1,-1,1,-1,1,1,1,1,1,-1,-1,1,1,1,1,-1,1,1,-1,1,1,1,1,-1,-1,1,-1,1,1,1,-1,-1,-1,1,1,1,1,-1,-1,-1,1,1,1,1,1,-1,1,-1,1,1,1,-1,-1,1,-1,-1,1,1,-1,-1,1,-1,1,1,1,-1,-1,-1,-1,1,-1,1,-1,-1,1,1,1,1,1,1,-1,-1,-1,1,1,-1,1,-1,1,1,1,1,1,-1,-1,1,-1,1,1,1,1,-1,-1,1,1,1,1,1,-1,-1,-1,1,-1,1,1,1,-1,1,1,1,1,1,-1,-1,1,1,1,1,1,1,-1,1,1,-1,1,-1,-1,1,1,1,1,1,1,-1,-1,1,1,1,1,1,-1,1,1,1,1,1,1,1,-1,1,1,1,1,1,1,-1,1,-1,1,1,1,1,-1,1,1,-1,1,1,1,-1,1,1,-1,1,1,1,-1,1,-1,-1,1,1,1,-1,1,1,-1,1,1,1,-1,1,1,-1,1,-1,1,-1,-1,1,-1,1,1,1,-1,1,-1,1,1,1,1,-1,1,1,1,1,1,-1,1,-1,1,1,1,-1,-1,1,1,1,1,-1,1,-1,-1,1,-1,-1,1,-1,1,-1,1,1,-1,1,-1,-1,-1,1,1,-1,1,-1,-1,1,1,-1,1,1,-1,1,-1,1,-1,-1,1,-1,1,-1,1,-1,-1,1,1,1,1,1,1,1,1,-1,-1,1,1,1,1,-1,-1,1,-1,-1,1,1,-1,-1,1,-1,1,-1,-1,1,-1,1,1,1,1,-1,1,-1,-1,1,-1,-1,-1,-1,-1,1,1,1,1,1,-1,1,1,1,-1,1,-1,-1,-1,1,1,1,1,1,1,-1,1,1,1,1,1,-1,-1,-1,1,-1,1,1,-1,-1,1,1,1,-1,-1,-1,-1,1,1,1,1,1,-1,-1,-1,1,1,1,-1,1,-1,1,-1,1,1,-2662.0,1,2000,445,1000,True
2203,-1,-1,1,1,1,1,-1,1,-1,-1,-1,1,-1,1,-1,-1,1,-1,1,1,1,-1,-1,-1,-1,1,-1,-1,-1,-1,-1,-1,1,1,-1,-1,1,-1,-1,-1,1,-1,-1,-1,-1,-1,-1,-1,1,1,-1,-1,1,-1,1,-1,-1,1,-1,-1,-1,1,1,1,-1,-1,-1,-1,-1,-1,-1,1,-1,-1,-1,-1,1,-1,1,-1,-1,1,1,-1,1,-1,-1,-1,-1,1,-1,-1,-1,-1,-1,-1,-1,1,1,1,-1,-1,-1,-1,1,1,-1,-1,-1,-1,-1,1,1,1,-1,-1,-1,-1,1,1,-1,-1,-1,-1,-1,1,1,-1,1,-1,-1,-1,1,1,-1,1,-1,-1,-1,-1,1,-1,1,-1,-1,-1,-1,1,1,-1,-1,-1,-1,1,-1,1,-1,1,-1,-1,1,1,1,1,-1,-1,-1,1,-1,1,-1,-1,-1,-1,1,1,-1,1,-1,-1,1,-1,-1,1,-1,-1,-1,1,1,1,1,1,-1,-1,1,1,-1,1,1,-1,-1,-1,1,-1,1,1,-1,-1,-1,1,-1,1,1,-1,1,1,1,-1,1,1,-1,1,1,1,-1,-1,1,1,-1,-1,1,-1,1,1,-1,1,-1,1,-1,1,1,-1,1,1,1,-1,-1,1,-1,-1,1,1,-1,1,-1,1,1,1,1,-1,1,1,-1,1,1,-1,1,-1,-1,-1,1,1,-1,-1,1,1,-1,1,1,-1,-1,-1,1,-1,1,-1,1,1,-1,1,-1,1,1,1,1,-1,-1,-1,-1,1,-1,1,-1,-1,-1,1,1,-1,1,1,-1,1,-1,1,1,1,-1,-1,-1,1,1,-1,1,1,-1,-1,-1,1,-1,1,-1,-1,-1,-1,-1,1,1,-1,-1,-1,1,-1,1,1,-1,-1,-1,-1,1,-1,1,-1,1,-1,1,1,-1,1,-1,-1,-1,-1,-1,1,1,-1,-1,-1,-1,-1,1,-1,-1,-1,-1,-1,1,1,-1,-1,1,-1,1,1,1,-1,-1,1,-1,-1,-1,1,1,-1,1,-1,-1,-1,-1,1,-1,-1,-1,1,-1,1,-1,-1,1,1,-1,-1,1,1,-1,1,-1,1,-1,1,-1,1,1,-1,1,-1,1,-1,1,1,-1,-1,1,1,-1,-1,1,-1,1,-1,-1,1,-1,1,1,-1,-1,1,-1,-1,1,-1,-1,1,-1,1,-1,-1,1,-1,-1,1,-1,-1,-1,1,-1,1,-1,1,-1,1,1,-1,-1,-1,-1,-1,-1,1,-1,-1,1,1,-1,-1,1,-1,1,-1,-1,1,-1,1,-1,-1,1,1,-1,-1,-1,-1,-1,-1,-1,1,-1,1,-1,-1,1,1,-1,-1,-1,1,-1,1,1,-1,-1,-1,-1,-1,-1,-1,1,-1,-1,1,-1,1,1,1,1,-1,-1,1,-1,-1,1,-1,-1,-1,1,-1,1,-1,1,-1,-1,-1,-1,1,-1,1,-1,-1,1,-1,1,1,1,-1,-1,-1,-1,1,-1,1,-1,1,-1,1,1,1,-1,1,1,-1,1,1,1,1,1,-1,1,-1,-1,-1,1,-1,1,1,-1,1,-1,1,-1,1,-1,-1,-1,1,1,-1,1,1,-1,1,-1,1,-1,1,1,-1,1,-1,1,-1,-1,-1,-1,1,-1,1,-1,-1,-1,-1,1,-1,1,-1,1,1,1,-1,-1,1,-1,1,1,-1,1,-1,1,-1,-1,1,-1,1,-1,-1,1,1,1,1,1,-1,1,1,1,1,-1,1,-1,-1,1,1,1,-1,-1,-1,1,1,1,1,-1,-1,-1,1,-1,1,-1,1,1,-1,-1,1,1,-1,-1,1,-1,-1,1,1,-1,1,1,1,-1,1,1,1,1,-1,1,-1,1,-1,1,-1,1,1,-1,1,1,1,1,1,1,-1,1,-1,1,-1,1,1,-1,1,1,-1,1,1,1,-1,1,1,1,1,1,1,-1,1,1,-1,-1,1,-1,-1,1,1,1,-1,1,-1,-1,1,-1,-1,1,1,-1,-1,1,-1,1,-1,1,1,-1,1,-1,1,-1,1,-1,-1,1,-1,1,-1,1,1,-1,1,-1,1,-1,1,1,-1,1,-1,1,-1,1,1,-1,1,1,1,1,1,-1,1,1,-1,1,1,1,1,-1,1,-1,1,-1,1,1,-1,-1,1,-1,1,1,1,-1,1,1,-1,1,1,1,1,1,1,-1,1,1,1,1,1,-1,1,-1,1,1,1,1,1,-1,1,1,1,1,1,1,-1,1,1,1,1,1,1,1,1,1,1,1,-1,1,-1,1,1,1,1,1,1,1,1,1,1,1,1,1,-1,1,1,1,1,1,-1,1,1,1,1,1,1,1,-1,1,-1,1,1,1,1,1,1,1,1,1,-1,1,1,1,1,1,1,1,1,1,1,-1,1,1,1,1,1,1,1,1,1,1,-1,1,1,1,1,-1,1,-1,1,1,1,1,-1,1,-1,1,1,1,1,-1,1,-1,1,1,1,1,1,-1,1,1,1,-1,1,1,-1,1,1,1,-1,1,-1,-1,-1,1,-1,1,1,1,-1,1,1,1,-1,1,1,-1,-1,1,1,-1,1,1,-1,1,1,1,-1,1,1,-1,1,-1,1,1,1,1,-1,1,-1,1,1,1,-1,1,1,1,1,1,1,-1,-1,1,1,1,1,-1,1,-1,1,1,1,-1,1,1,-1,1,1,1,-1,1,-1,-1,1,-1,1,-1,1,-1,1,-1,1,1,1,1,-1,1,1,1,-1,-1,1,1,-1,1,1,-1,-1,1,1,-1,-1,-1,1,1,1,-1,-1,-1,-1,1,1,-1,-1,1,1,1,1,1,-1,-1,1,1,1,1,-1,1,-1,1,-1,1,1,-1,1,-1,-1,-1,-1,-1,-1,-1,-1,1,-1,1,1,1,-1,1,1,-1,-1,1,-1,-1,-1,1,-1,1,1,1,1,-1,1,-1,1,1,1,1,-1,1,-1,1,1,1,1,-1,1,-1,1,-1,-1,-1,-1,1,-1,-1,1,1,-1,-1,-1,-1,1,1,-1,1,-1,1,1,-1,1,-2662.0,1,2000,445,1500,True
2204,-1,-1,1,1,1,1,-1,1,-1,-1,-1,1,-1,1,-1,-1,1,-1,1,1,-1,1,-1,-1,-1,1,-1,-1,1,-1,-1,-1,1,1,-1,1,1,-1,-1,-1,1,-1,1,-1,-1,-1,-1,1,-1,-1,1,-1,1,-1,1,-1,-1,1,-1,-1,-1,1,1,1,-1,-1,-1,-1,-1,-1,1,-1,-1,-1,-1,-1,-1,1,-1,-1,-1,1,1,-1,-1,-1,-1,-1,-1,1,-1,-1,-1,-1,-1,-1,-1,1,-1,1,-1,-1,-1,-1,1,-1,-1,-1,-1,-1,-1,1,-1,1,-1,-1,-1,-1,1,-1,-1,-1,-1,-1,-1,1,-1,-1,1,-1,-1,-1,-1,-1,-1,1,-1,-1,-1,-1,-1,-1,1,-1,-1,-1,1,-1,-1,-1,-1,-1,-1,-1,1,-1,-1,1,-1,-1,-1,1,-1,1,-1,-1,1,-1,1,-1,-1,-1,-1,-1,-1,-1,-1,1,-1,-1,-1,1,1,-1,-1,-1,-1,-1,-1,-1,-1,1,-1,-1,1,-1,1,-1,1,-1,-1,1,-1,1,-1,1,-1,-1,-1,-1,1,-1,1,-1,-1,-1,-1,1,1,1,-1,1,-1,-1,1,1,-1,1,-1,-1,1,1,-1,1,-1,1,-1,-1,1,1,1,-1,1,1,-1,1,1,1,-1,-1,1,-1,1,1,-1,1,1,1,-1,1,1,1,-1,1,-1,-1,1,-1,-1,-1,1,-1,-1,1,1,-1,-1,1,-1,-1,1,-1,1,-1,1,-1,-1,1,1,1,-1,1,1,-1,1,1,-1,-1,-1,1,-1,1,-1,-1,-1,1,1,-1,-1,1,1,-1,-1,1,-1,1,-1,-1,-1,1,1,-1,-1,1,-1,-1,1,1,-1,1,-1,-1,-1,1,-1,1,-1,-1,-1,-1,1,-1,-1,1,-1,-1,1,-1,-1,1,-1,-1,1,1,1,1,-1,-1,-1,1,1,1,-1,1,1,-1,-1,1,1,-1,1,-1,-1,-1,1,1,-1,1,-1,-1,1,-1,1,-1,1,-1,-1,1,1,1,-1,1,1,-1,1,-1,1,-1,-1,1,-1,-1,1,1,-1,1,-1,-1,1,1,1,-1,1,1,-1,1,1,-1,-1,1,-1,1,1,-1,1,1,1,-1,1,1,-1,1,-1,1,-1,-1,1,-1,1,1,1,1,-1,1,1,-1,1,1,-1,-1,1,1,-1,1,-1,1,-1,-1,1,-1,-1,1,-1,-1,-1,1,-1,1,-1,1,-1,1,1,-1,1,-1,-1,-1,-1,1,-1,-1,1,1,-1,-1,1,-1,1,1,-1,1,-1,1,-1,1,-1,1,-1,-1,-1,1,-1,-1,-1,1,-1,1,-1,1,-1,1,-1,-1,-1,1,1,-1,1,-1,-1,-1,-1,1,-1,-1,1,-1,-1,1,-1,-1,1,1,1,-1,-1,1,-1,-1,1,-1,-1,-1,-1,-1,1,-1,1,-1,-1,-1,-1,1,-1,1,-1,-1,1,-1,1,1,1,-1,-1,-1,1,1,-1,1,-1,-1,-1,1,1,1,-1,1,1,-1,1,1,1,1,1,-1,1,-1,1,1,-1,1,-1,1,-1,1,-1,-1,-1,1,-1,-1,1,-1,-1,1,1,1,-1,1,1,-1,1,1,1,-1,-1,1,-1,-1,1,-1,-1,1,1,-1,-1,-1,-1,-1,1,1,-1,1,1,1,1,-1,1,-1,-1,1,1,-1,1,1,-1,-1,-1,1,-1,-1,1,1,-1,1,1,1,1,1,-1,1,1,1,-1,1,1,1,-1,1,1,-1,1,1,-1,1,1,1,-1,1,1,-1,-1,1,-1,1,-1,1,-1,1,1,-1,-1,1,1,-1,1,1,-1,1,1,1,1,1,1,1,1,1,1,-1,1,-1,1,-1,1,1,1,1,1,1,1,1,1,-1,1,-1,1,-1,1,1,1,-1,1,-1,1,1,1,1,1,1,1,1,1,1,-1,1,1,-1,-1,1,-1,-1,1,1,1,-1,1,1,-1,1,-1,1,1,1,-1,-1,1,-1,1,-1,1,1,-1,1,-1,1,-1,1,-1,1,1,-1,1,1,1,1,-1,1,-1,1,-1,1,1,-1,1,-1,1,-1,1,1,-1,1,1,1,1,1,-1,1,1,-1,1,1,1,1,-1,1,-1,1,-1,1,1,-1,1,1,-1,1,1,1,-1,1,1,-1,1,1,1,1,1,-1,-1,1,1,1,1,1,-1,1,-1,1,1,1,1,-1,-1,1,1,1,1,1,1,-1,1,-1,1,1,1,-1,1,1,1,1,1,1,1,-1,1,1,-1,1,1,-1,1,1,1,1,1,1,-1,1,1,1,1,1,1,1,-1,1,1,1,1,1,-1,-1,1,-1,1,1,1,-1,1,1,1,1,1,-1,-1,1,1,1,1,1,1,-1,1,1,-1,1,1,-1,1,1,1,1,1,1,-1,-1,1,1,1,1,-1,1,-1,1,1,1,1,-1,-1,-1,1,1,1,1,-1,1,-1,1,1,1,1,1,-1,-1,1,1,-1,1,1,-1,-1,1,1,-1,1,-1,-1,-1,1,-1,-1,1,1,-1,1,1,1,-1,1,1,-1,-1,1,1,-1,1,1,-1,1,1,1,-1,1,1,-1,1,-1,1,1,1,1,-1,1,-1,1,1,1,-1,-1,1,-1,1,1,1,1,1,1,-1,1,1,-1,1,1,-1,-1,1,-1,1,-1,1,1,-1,1,-1,1,1,-1,1,-1,1,-1,1,1,1,-1,-1,-1,1,1,-1,1,1,-1,-1,-1,1,-1,1,1,-1,1,-1,1,1,1,-1,-1,-1,1,1,1,1,-1,1,1,1,1,1,1,1,-1,1,1,1,1,1,-1,-1,-1,-1,1,1,1,1,1,1,1,-1,1,1,-1,1,-1,-1,1,1,1,-1,1,1,1,-1,1,1,-1,1,1,1,1,1,1,-1,1,1,1,1,1,1,-1,1,1,1,1,1,1,-1,1,1,1,1,1,1,-1,1,1,1,-1,1,1,-1,-1,1,1,-1,1,1,1,-1,1,1,-1,1,1,-1,-1,1,-2662.0,1,2000,445,1500,True
2205,-1,-1,1,1,1,1,-1,1,-1,-1,-1,1,-1,1,-1,-1,1,-1,1,1,-1,1,-1,-1,-1,1,-1,-1,-1,-1,-1,-1,1,1,-1,1,1,-1,-1,-1,1,-1,1,-1,-1,-1,-1,1,-1,-1,-1,-1,1,-1,1,-1,-1,1,-1,-1,-1,1,1,1,-1,-1,-1,-1,-1,-1,1,-1,-1,-1,-1,-1,-1,1,-1,-1,-1,1,1,-1,-1,-1,-1,-1,-1,1,-1,-1,-1,-1,-1,-1,-1,1,-1,1,-1,-1,-1,-1,1,-1,-1,-1,-1,-1,-1,1,-1,-1,-1,-1,-1,-1,1,-1,-1,-1,-1,-1,-1,1,-1,-1,1,-1,-1,-1,1,-1,-1,1,-1,-1,-1,-1,-1,-1,1,-1,-1,-1,1,-1,-1,-1,-1,-1,-1,-1,1,-1,1,1,-1,-1,1,1,-1,-1,-1,-1,-1,1,1,-1,-1,-1,-1,-1,1,-1,-1,1,-1,-1,1,-1,1,-1,-1,-1,-1,1,1,-1,-1,1,-1,1,1,1,1,-1,1,-1,-1,1,1,1,-1,1,-1,-1,-1,1,1,-1,1,-1,-1,1,1,1,1,1,-1,1,1,1,1,1,-1,1,-1,-1,1,1,1,-1,1,1,-1,1,1,1,-1,1,-1,1,1,1,1,-1,1,-1,-1,1,1,1,1,1,-1,1,1,1,-1,-1,1,-1,1,-1,1,-1,1,1,-1,1,-1,1,-1,1,1,-1,1,-1,1,-1,1,1,1,-1,1,1,-1,-1,1,-1,-1,1,1,-1,1,1,1,-1,-1,1,-1,-1,1,-1,1,-1,1,1,-1,1,-1,-1,-1,1,-1,-1,1,-1,1,-1,1,1,-1,1,1,1,-1,1,-1,-1,1,1,-1,-1,1,-1,-1,1,-1,1,-1,1,-1,-1,1,1,-1,1,1,-1,1,-1,1,-1,1,1,-1,1,1,1,1,1,1,-1,1,1,1,1,1,-1,-1,1,1,1,1,1,-1,-1,1,-1,1,1,1,-1,-1,1,-1,1,-1,1,1,-1,1,-1,1,1,1,1,-1,-1,1,1,1,-1,-1,-1,1,1,-1,-1,1,1,-1,1,-1,1,-1,1,-1,1,1,-1,1,1,1,-1,-1,1,-1,1,-1,1,-1,-1,1,-1,1,1,1,1,-1,1,1,-1,1,1,-1,-1,1,-1,-1,1,-1,1,-1,-1,1,-1,-1,1,-1,-1,1,1,-1,1,-1,1,-1,-1,1,-1,1,-1,-1,-1,-1,1,-1,-1,1,1,-1,-1,1,-1,1,1,-1,1,-1,1,-1,1,-1,1,-1,-1,-1,-1,-1,-1,-1,1,-1,1,-1,1,-1,1,-1,-1,-1,1,1,1,1,-1,-1,-1,-1,1,-1,-1,-1,-1,-1,1,-1,1,1,-1,1,-1,-1,1,-1,-1,1,-1,-1,-1,-1,-1,1,-1,1,-1,-1,-1,-1,1,-1,1,-1,-1,1,-1,1,1,1,-1,-1,-1,1,1,-1,1,-1,-1,-1,1,1,1,-1,1,1,-1,1,1,1,1,1,1,1,-1,1,1,-1,1,-1,1,-1,1,-1,-1,-1,1,-1,-1,1,-1,-1,-1,1,1,-1,1,1,-1,-1,1,1,-1,-1,1,-1,-1,-1,-1,-1,1,1,-1,-1,-1,-1,-1,1,1,-1,-1,1,1,1,-1,1,-1,-1,1,1,-1,1,1,-1,-1,-1,1,-1,-1,1,1,-1,1,1,1,1,1,-1,1,1,1,-1,1,1,1,-1,1,1,-1,1,1,-1,1,1,1,-1,1,1,-1,-1,1,-1,1,1,1,-1,1,1,1,-1,1,1,1,1,1,1,1,1,1,1,1,1,1,1,1,1,-1,1,-1,1,-1,1,1,1,1,1,1,1,1,-1,1,1,-1,1,1,1,1,1,1,1,-1,1,1,1,1,1,1,1,1,1,1,-1,1,1,1,-1,1,-1,-1,1,1,1,-1,1,1,1,1,-1,1,1,1,-1,1,1,-1,1,-1,1,1,-1,-1,-1,1,-1,1,-1,1,1,-1,1,-1,1,1,1,1,-1,1,-1,1,1,-1,1,-1,1,-1,1,1,-1,-1,-1,1,1,1,-1,1,1,-1,1,1,1,1,-1,-1,1,-1,-1,1,1,-1,-1,-1,-1,1,1,1,-1,-1,1,-1,1,1,1,1,-1,-1,-1,1,1,1,-1,-1,-1,1,-1,1,1,-1,-1,1,-1,1,1,1,-1,-1,1,-1,1,-1,1,-1,-1,1,1,1,1,1,1,-1,1,-1,1,1,-1,1,-1,-1,1,1,1,1,-1,-1,1,-1,1,1,1,1,-1,-1,1,1,1,1,1,-1,-1,-1,1,-1,1,1,1,-1,1,1,1,1,1,-1,-1,1,1,1,1,1,1,-1,1,1,-1,1,-1,-1,1,1,1,1,1,1,-1,-1,1,-1,1,1,1,-1,-1,1,1,1,1,1,1,-1,1,1,1,1,1,1,-1,1,1,1,1,1,1,-1,1,1,-1,1,1,-1,-1,1,1,-1,1,1,1,-1,1,-1,-1,1,1,1,-1,-1,1,-1,1,1,1,-1,1,1,-1,1,-1,1,-1,1,1,-1,1,1,1,-1,-1,1,1,1,1,-1,1,-1,1,1,1,1,-1,1,-1,1,1,1,-1,-1,1,-1,1,1,-1,1,-1,-1,-1,1,-1,1,-1,1,-1,-1,1,-1,1,-1,-1,-1,-1,1,-1,1,-1,1,-1,-1,-1,1,1,-1,1,-1,-1,-1,-1,1,-1,-1,1,-1,1,-1,1,1,1,1,-1,-1,1,1,-1,-1,1,1,1,1,1,-1,1,-1,-1,1,1,-1,-1,1,-1,-1,-1,-1,1,-1,1,1,1,1,1,-1,-1,-1,-1,-1,-1,-1,-1,-1,1,-1,1,1,1,-1,1,1,-1,1,1,1,1,-1,1,-1,1,1,1,1,-1,1,-1,1,1,1,1,-1,1,-1,1,1,1,1,-1,1,-1,1,1,1,-1,-1,1,-1,-1,1,1,-1,-1,-1,1,-1,1,1,1,-1,1,-1,-1,1,-2662.0,1,2000,445,1500,True
2206,-1,-1,1,1,1,1,-1,1,-1,-1,-1,1,-1,1,-1,-1,1,-1,1,1,1,1,-1,-1,-1,1,-1,-1,-1,-1,-1,-1,1,1,-1,1,1,-1,-1,-1,1,-1,1,-1,-1,-1,1,-1,1,-1,-1,-1,1,-1,1,-1,-1,1,-1,-1,1,1,1,1,-1,-1,-1,-1,-1,-1,1,-1,-1,-1,1,-1,1,1,-1,-1,-1,-1,-1,1,-1,-1,-1,1,-1,1,-1,-1,-1,-1,1,-1,-1,1,-1,1,-1,1,-1,-1,1,-1,-1,-1,1,-1,-1,1,-1,-1,-1,1,-1,-1,1,-1,-1,-1,1,1,-1,1,-1,-1,-1,1,1,-1,1,-1,-1,1,1,1,-1,1,-1,-1,1,1,1,-1,-1,-1,-1,-1,1,1,-1,1,1,-1,1,1,1,-1,1,-1,-1,-1,1,1,-1,1,1,-1,1,1,-1,-1,1,-1,-1,-1,1,-1,1,-1,1,-1,1,1,-1,1,1,-1,-1,1,1,1,1,1,1,-1,1,1,-1,1,1,1,-1,1,1,1,-1,1,1,-1,1,1,-1,1,1,1,1,1,1,1,1,1,1,1,-1,1,-1,-1,1,1,-1,1,-1,1,-1,1,1,1,1,1,-1,-1,1,1,1,1,-1,1,-1,1,1,1,1,1,-1,1,-1,1,1,-1,1,-1,1,1,1,-1,-1,1,-1,1,-1,1,1,1,1,-1,1,-1,1,-1,1,1,-1,-1,1,1,1,1,1,1,-1,1,1,1,-1,-1,1,1,-1,1,-1,-1,-1,1,-1,-1,-1,1,1,-1,1,1,1,1,-1,-1,-1,1,-1,1,-1,1,-1,-1,1,1,-1,1,-1,-1,-1,1,1,-1,-1,-1,-1,1,1,-1,1,1,-1,-1,1,1,-1,1,-1,-1,1,-1,1,1,-1,-1,-1,1,1,1,-1,1,1,-1,-1,1,1,-1,1,-1,-1,-1,1,1,-1,1,-1,-1,1,-1,1,-1,1,-1,-1,1,-1,1,-1,1,1,-1,1,-1,1,1,1,1,-1,-1,1,1,-1,1,-1,-1,1,1,-1,-1,1,1,-1,1,-1,1,-1,1,-1,1,1,-1,1,1,1,-1,1,1,-1,1,-1,1,-1,-1,1,-1,1,1,1,1,-1,1,1,1,1,1,-1,-1,1,-1,-1,1,-1,1,-1,-1,1,-1,1,1,-1,-1,-1,1,-1,1,-1,1,-1,1,-1,-1,1,1,-1,-1,-1,1,-1,-1,1,1,-1,-1,1,-1,1,1,-1,1,-1,1,-1,-1,1,1,-1,-1,-1,-1,1,1,-1,1,-1,1,-1,1,-1,1,-1,-1,1,-1,1,-1,1,-1,-1,-1,-1,1,-1,-1,1,-1,-1,-1,1,-1,1,1,1,-1,-1,1,-1,-1,1,-1,-1,-1,1,1,1,-1,1,-1,-1,-1,1,1,-1,1,-1,-1,1,-1,1,1,1,-1,-1,-1,1,1,-1,1,-1,-1,-1,1,1,1,-1,1,1,-1,1,1,1,1,1,-1,1,-1,1,1,-1,1,-1,1,-1,-1,1,-1,-1,1,-1,-1,1,-1,-1,1,1,1,-1,1,1,-1,1,1,1,-1,-1,1,-1,-1,1,-1,-1,1,1,-1,-1,-1,-1,-1,1,1,-1,1,1,1,1,-1,1,-1,-1,1,1,-1,1,1,-1,-1,-1,1,-1,-1,1,1,-1,1,1,1,1,1,-1,1,1,1,-1,1,1,1,-1,1,1,-1,1,1,-1,1,1,1,-1,1,1,-1,-1,1,-1,1,1,1,-1,1,1,-1,-1,1,1,-1,1,1,-1,1,1,1,1,1,1,1,1,1,1,-1,1,-1,1,-1,1,1,1,1,1,1,1,1,1,-1,1,-1,1,-1,1,1,1,-1,1,-1,1,1,1,1,1,1,1,1,1,1,-1,1,1,-1,-1,1,-1,-1,1,1,1,-1,1,1,-1,1,-1,-1,1,1,-1,-1,1,-1,1,-1,1,1,-1,1,-1,1,-1,1,-1,1,1,-1,1,1,1,1,-1,1,-1,1,-1,1,1,-1,1,-1,1,-1,1,1,-1,1,1,1,1,1,-1,1,1,-1,1,1,1,1,-1,1,-1,1,-1,1,1,-1,1,1,-1,1,1,-1,1,1,1,-1,1,1,1,-1,1,-1,-1,1,1,-1,1,1,-1,1,-1,1,-1,-1,1,1,-1,1,1,-1,-1,1,1,-1,1,1,-1,-1,-1,1,1,1,1,-1,1,1,1,-1,1,1,-1,-1,1,-1,1,1,1,-1,-1,-1,1,-1,1,1,-1,1,-1,-1,1,1,1,-1,-1,-1,-1,-1,1,-1,-1,-1,1,-1,1,1,1,-1,-1,1,-1,1,1,1,-1,1,-1,-1,1,1,1,-1,1,-1,1,1,1,-1,-1,1,-1,-1,1,1,1,-1,1,-1,-1,1,1,1,1,1,-1,-1,1,1,1,1,1,-1,-1,1,1,-1,1,1,-1,-1,1,1,-1,1,-1,1,-1,-1,1,1,-1,1,-1,-1,1,-1,-1,1,1,1,-1,-1,1,-1,1,1,1,-1,1,1,-1,1,-1,1,-1,1,1,-1,1,1,1,1,-1,1,1,1,1,-1,1,-1,1,1,1,1,1,-1,1,1,1,1,-1,1,1,-1,1,1,-1,1,1,-1,-1,1,-1,1,1,-1,1,-1,1,-1,1,-1,-1,1,-1,1,-1,1,-1,1,-1,-1,-1,1,1,-1,-1,1,-1,-1,-1,1,1,-1,1,-1,-1,-1,1,1,-1,1,-1,-1,1,1,-1,-1,-1,1,-1,1,-1,-1,1,1,-1,1,1,-1,-1,1,-1,-1,-1,-1,1,-1,1,1,-1,1,-1,1,-1,-1,-1,1,-1,-1,-1,-1,1,-1,-1,1,1,-1,1,1,-1,1,1,-1,-1,-1,1,-1,1,1,1,1,-1,1,-1,-1,-1,1,-1,1,1,-1,1,1,1,-1,-1,1,-1,1,1,-1,-1,-1,1,-1,-1,1,1,-1,-1,1,1,-1,1,-1,1,-1,1,-1,-1,1,-2662.0,1,2000,445,1500,True
2207,-1,-1,1,1,1,1,-1,1,-1,-1,-1,1,-1,1,-1,-1,1,-1,1,1,-1,-1,-1,-1,-1,1,-1,-1,-1,-1,-1,-1,1,1,-1,-1,1,-1,-1,-1,1,-1,-1,-1,-1,-1,-1,1,-1,1,-1,-1,1,-1,1,-1,-1,1,-1,-1,-1,1,1,1,-1,-1,-1,-1,-1,-1,-1,1,-1,-1,-1,-1,-1,-1,1,-1,-1,1,1,-1,1,-1,-1,-1,-1,1,-1,-1,-1,-1,-1,-1,-1,1,1,1,-1,-1,-1,-1,1,1,-1,-1,-1,-1,-1,1,1,1,-1,-1,-1,-1,1,1,-1,-1,-1,-1,-1,1,1,-1,1,-1,-1,-1,1,1,-1,1,-1,-1,-1,-1,1,-1,1,-1,-1,-1,1,1,1,-1,-1,-1,-1,-1,-1,1,-1,1,-1,-1,1,1,1,1,-1,-1,1,1,-1,1,-1,-1,-1,-1,1,1,-1,1,-1,-1,1,-1,-1,1,-1,-1,-1,1,1,1,1,1,-1,1,1,1,-1,1,1,-1,-1,1,1,-1,1,1,-1,-1,-1,1,-1,1,1,-1,-1,1,1,-1,1,1,-1,1,1,1,-1,-1,1,1,-1,-1,1,-1,1,1,-1,1,-1,1,-1,1,1,-1,-1,1,1,-1,-1,1,-1,-1,-1,1,-1,1,-1,1,-1,1,1,-1,1,1,-1,-1,1,-1,1,-1,-1,-1,-1,1,-1,-1,1,1,-1,-1,1,-1,-1,-1,1,-1,1,-1,1,1,-1,1,-1,-1,-1,1,1,-1,-1,-1,-1,1,-1,1,-1,-1,-1,1,-1,-1,1,1,-1,1,-1,-1,1,1,-1,-1,-1,1,-1,-1,1,1,-1,-1,-1,-1,-1,1,-1,-1,-1,-1,1,1,1,-1,-1,-1,-1,-1,1,1,-1,-1,-1,-1,-1,1,1,-1,1,-1,-1,1,-1,1,-1,1,-1,-1,-1,1,1,-1,-1,-1,-1,-1,1,-1,-1,1,-1,-1,-1,1,-1,-1,1,-1,-1,1,1,-1,-1,1,1,-1,-1,1,1,-1,1,-1,-1,-1,-1,1,-1,-1,1,-1,-1,1,-1,-1,1,1,1,1,1,-1,-1,1,-1,1,-1,1,-1,1,1,-1,1,-1,1,-1,1,1,-1,-1,1,1,-1,-1,1,-1,1,-1,-1,1,-1,1,1,-1,-1,1,-1,-1,1,1,-1,1,-1,1,-1,-1,1,1,-1,1,-1,-1,-1,1,-1,1,-1,1,-1,1,1,-1,-1,-1,-1,-1,-1,1,-1,-1,1,1,-1,-1,1,-1,1,-1,-1,1,-1,1,-1,-1,1,1,-1,-1,-1,1,-1,-1,-1,1,-1,1,-1,-1,1,1,-1,-1,-1,1,-1,1,1,-1,-1,-1,-1,-1,-1,-1,-1,-1,-1,1,-1,1,1,-1,1,-1,-1,1,-1,-1,1,-1,-1,-1,1,-1,1,-1,1,-1,-1,-1,-1,1,-1,1,-1,-1,1,-1,1,1,1,-1,-1,-1,-1,1,-1,1,-1,-1,-1,1,1,1,-1,1,1,-1,1,1,1,1,1,-1,1,-1,-1,-1,1,-1,1,1,-1,1,-1,1,-1,1,-1,-1,-1,1,1,-1,1,1,-1,1,-1,1,-1,1,1,-1,1,-1,1,-1,-1,-1,-1,1,-1,1,-1,-1,-1,-1,1,-1,1,-1,1,1,1,1,-1,1,-1,1,1,-1,1,-1,1,-1,-1,1,-1,1,-1,-1,1,1,1,1,1,-1,1,1,1,1,-1,1,-1,-1,1,1,1,-1,-1,-1,1,1,1,1,-1,-1,-1,1,-1,1,-1,1,1,-1,-1,1,1,1,-1,1,-1,-1,1,1,1,1,1,1,-1,1,1,1,1,-1,1,-1,1,-1,1,-1,1,1,-1,1,1,1,1,1,1,-1,1,-1,1,1,1,1,-1,1,1,-1,1,1,1,-1,1,1,1,1,1,1,-1,1,1,-1,-1,1,-1,-1,1,1,1,-1,1,-1,-1,1,-1,1,1,1,-1,-1,1,-1,1,-1,1,1,-1,1,-1,1,-1,1,-1,-1,1,-1,1,-1,1,1,-1,1,-1,1,-1,1,1,-1,1,-1,1,-1,1,1,-1,1,1,1,1,1,-1,1,1,-1,1,1,1,1,-1,1,-1,1,-1,1,1,-1,-1,1,-1,1,1,1,-1,1,1,-1,1,1,1,1,1,-1,-1,1,1,1,1,1,-1,1,-1,1,1,1,1,-1,-1,1,1,1,1,1,1,-1,1,-1,1,1,1,-1,1,1,1,1,1,-1,1,-1,1,1,1,1,1,1,1,1,1,1,-1,1,-1,1,1,1,1,1,1,1,-1,1,1,1,1,1,1,-1,1,-1,1,1,-1,1,-1,1,1,1,1,-1,1,1,1,1,1,1,1,1,1,1,-1,1,1,1,-1,1,1,1,1,1,1,1,1,1,1,1,-1,1,-1,1,1,1,1,1,1,-1,1,1,1,1,1,1,1,1,1,1,1,1,1,1,1,1,-1,1,1,1,1,1,1,-1,1,1,1,1,1,-1,1,1,1,1,1,1,1,-1,1,1,1,1,-1,1,-1,1,-1,1,1,1,1,-1,1,1,1,1,-1,1,1,1,1,1,1,-1,1,1,1,1,1,1,1,1,1,1,-1,1,-1,1,1,1,-1,1,1,1,1,-1,-1,1,-1,1,1,1,1,-1,1,-1,-1,1,-1,1,-1,1,-1,1,-1,1,1,1,1,-1,-1,1,1,-1,-1,1,-1,-1,1,1,-1,-1,1,1,-1,1,-1,1,1,1,-1,-1,-1,-1,1,1,1,-1,1,1,1,1,1,-1,-1,1,1,1,1,-1,1,-1,1,-1,1,1,1,-1,-1,-1,-1,-1,-1,-1,-1,-1,-1,-1,1,1,1,-1,1,1,-1,-1,1,1,1,-1,1,-1,1,1,1,1,-1,1,-1,1,1,1,1,-1,1,-1,1,1,1,1,-1,1,-1,1,-1,1,-1,-1,1,-1,-1,1,1,-1,-1,-1,-1,1,1,1,1,-1,1,-1,-1,1,-2662.0,1,2000,445,1500,True
2208,-1,-1,1,1,1,1,-1,1,-1,-1,-1,1,-1,1,-1,-1,1,-1,1,1,1,1,-1,-1,-1,1,-1,-1,1,-1,-1,-1,1,1,-1,-1,1,-1,-1,-1,1,-1,-1,-1,-1,-1,1,-1,1,1,-1,-1,1,-1,1,-1,1,-1,-1,-1,-1,1,1,1,-1,1,-1,-1,-1,-1,1,-1,-1,-1,1,-1,1,-1,1,-1,-1,-1,-1,1,1,-1,-1,1,-1,1,-1,1,-1,1,1,-1,-1,1,1,1,1,1,-1,-1,1,1,-1,1,1,-1,-1,1,1,-1,1,1,-1,-1,1,1,-1,1,1,1,-1,1,1,-1,1,1,1,-1,1,1,-1,1,1,1,-1,1,1,-1,1,1,1,-1,-1,1,1,-1,1,1,-1,1,-1,1,-1,1,1,-1,1,1,1,1,1,1,-1,1,1,-1,1,1,-1,-1,1,1,-1,1,1,-1,1,-1,-1,1,1,1,-1,-1,-1,1,1,1,1,-1,1,1,-1,1,1,1,1,-1,1,-1,1,1,1,-1,-1,1,-1,-1,1,1,-1,-1,1,-1,1,1,1,1,-1,1,-1,-1,1,1,-1,-1,1,-1,1,1,-1,1,-1,1,-1,1,1,1,-1,1,1,-1,-1,1,1,-1,1,1,-1,1,1,1,1,1,-1,-1,1,1,-1,1,-1,1,1,-1,1,-1,1,1,-1,-1,1,1,1,1,1,-1,-1,-1,-1,1,-1,1,1,1,-1,1,1,1,1,1,1,-1,1,1,-1,1,-1,1,-1,1,1,1,1,-1,1,1,-1,1,1,1,-1,1,-1,-1,1,-1,1,-1,1,1,-1,1,1,1,-1,1,-1,-1,1,1,1,-1,1,-1,-1,1,1,-1,1,1,-1,-1,1,1,1,-1,1,-1,1,-1,1,-1,1,1,-1,1,1,1,1,-1,1,-1,1,1,1,1,-1,-1,-1,1,1,1,1,-1,-1,-1,1,-1,1,-1,-1,-1,-1,1,-1,1,1,-1,1,-1,1,-1,1,1,1,1,-1,-1,1,1,1,-1,-1,-1,1,1,-1,-1,1,1,-1,1,-1,1,-1,-1,-1,1,1,-1,1,1,1,-1,-1,1,-1,1,-1,-1,-1,-1,1,-1,1,1,1,1,-1,1,1,1,1,1,-1,-1,1,-1,-1,1,1,1,-1,-1,1,-1,1,-1,-1,-1,1,1,-1,1,1,1,-1,-1,1,-1,1,-1,-1,-1,-1,1,-1,-1,1,1,-1,-1,1,-1,1,-1,-1,1,-1,1,-1,-1,1,1,-1,-1,-1,-1,1,1,-1,1,-1,1,-1,1,-1,1,-1,-1,1,-1,1,1,1,-1,-1,-1,-1,1,-1,-1,-1,-1,-1,-1,1,1,1,-1,1,-1,-1,1,-1,-1,1,-1,-1,-1,1,-1,1,-1,1,-1,-1,-1,1,1,-1,1,-1,-1,1,-1,1,1,1,-1,-1,-1,1,1,-1,1,-1,-1,-1,1,1,1,-1,1,1,-1,1,1,1,1,1,1,1,-1,-1,-1,1,-1,1,1,-1,-1,1,1,-1,1,-1,-1,-1,1,1,-1,1,1,-1,-1,1,1,-1,1,1,-1,-1,-1,1,-1,-1,-1,-1,1,-1,1,-1,-1,-1,-1,-1,-1,1,-1,1,1,1,1,-1,1,-1,1,1,-1,1,-1,1,-1,-1,1,-1,1,-1,-1,1,1,1,1,1,1,-1,1,1,1,-1,1,-1,1,1,1,1,-1,-1,-1,1,1,1,1,-1,1,-1,1,-1,1,-1,1,1,-1,-1,1,1,1,-1,1,-1,-1,1,1,1,1,1,1,-1,1,1,1,1,1,1,-1,1,-1,1,-1,1,1,-1,1,1,1,1,1,1,-1,1,1,1,1,1,1,-1,1,1,-1,1,1,1,1,1,1,1,1,1,1,-1,-1,1,1,-1,1,-1,-1,-1,1,1,-1,1,-1,-1,1,-1,1,1,1,-1,-1,1,-1,1,-1,-1,1,-1,-1,-1,1,-1,1,-1,-1,1,-1,1,-1,1,-1,-1,1,-1,1,-1,1,-1,-1,1,-1,1,-1,1,-1,-1,-1,-1,1,1,1,-1,1,1,-1,1,1,1,1,-1,-1,1,-1,1,1,-1,-1,-1,-1,-1,1,1,-1,1,-1,1,-1,1,1,1,-1,-1,-1,-1,1,1,-1,-1,-1,-1,1,-1,-1,1,-1,-1,1,-1,1,1,-1,-1,-1,1,-1,1,1,-1,-1,-1,1,1,1,1,-1,1,-1,1,-1,1,1,-1,-1,-1,-1,1,1,1,-1,1,-1,1,-1,1,1,-1,1,-1,-1,1,1,1,-1,-1,-1,-1,-1,1,-1,-1,-1,1,-1,1,1,1,-1,-1,1,-1,1,1,1,-1,1,1,-1,1,1,1,-1,1,-1,1,1,1,-1,-1,1,-1,-1,1,-1,1,1,-1,-1,-1,1,1,1,-1,1,-1,-1,1,1,1,1,-1,1,-1,1,1,-1,1,1,-1,-1,1,1,-1,1,1,-1,-1,-1,1,1,1,-1,-1,-1,1,-1,-1,1,1,-1,-1,-1,1,-1,1,1,-1,-1,1,1,-1,1,1,-1,-1,1,1,-1,1,1,-1,-1,-1,1,1,1,1,-1,1,-1,1,1,1,-1,-1,-1,1,1,1,1,-1,-1,1,-1,1,1,-1,1,-1,-1,-1,1,-1,1,1,-1,-1,-1,1,-1,1,1,-1,-1,-1,1,-1,1,1,-1,1,-1,-1,1,1,-1,1,-1,-1,-1,-1,1,-1,1,-1,1,-1,-1,1,1,-1,1,-1,-1,1,1,-1,-1,1,1,-1,1,-1,-1,1,-1,-1,1,1,-1,-1,1,1,1,-1,-1,1,-1,1,1,-1,1,-1,1,-1,1,1,-1,-1,-1,-1,-1,1,-1,1,-1,1,-1,1,1,1,-1,1,-1,-1,-1,1,1,-1,1,1,1,-1,1,1,1,1,1,-1,1,1,1,-1,1,1,1,-1,1,1,-1,1,-1,-1,-1,1,1,1,1,1,-1,1,1,-1,1,1,-1,1,-1,1,1,-1,1,-2662.0,1,2000,445,1500,True
2209,1,1,-1,-1,1,1,-1,1,1,1,1,-1,-1,1,1,1,-1,1,-1,-1,1,1,1,1,1,-1,-1,-1,1,1,1,1,1,-1,-1,1,-1,1,1,-1,-1,-1,1,1,1,1,1,-1,1,-1,1,1,-1,1,-1,-1,1,-1,1,1,1,-1,-1,1,1,1,1,1,-1,-1,1,-1,1,1,1,-1,-1,1,-1,1,1,-1,-1,-1,-1,1,1,1,-1,-1,-1,1,-1,1,1,-1,-1,1,-1,1,1,1,-1,-1,1,-1,-1,1,1,-1,-1,1,-1,-1,1,1,-1,-1,1,-1,-1,1,1,1,-1,1,-1,-1,-1,1,1,-1,1,-1,-1,1,1,1,-1,-1,-1,-1,-1,1,1,-1,1,-1,-1,1,1,1,-1,-1,1,-1,-1,1,1,-1,1,1,-1,1,1,1,-1,1,1,-1,1,1,-1,-1,1,-1,-1,1,1,-1,1,-1,1,-1,1,1,-1,1,1,-1,-1,-1,1,1,1,1,1,-1,1,1,-1,1,1,1,-1,-1,1,1,-1,1,1,-1,1,1,-1,1,1,1,1,-1,1,1,1,1,1,1,-1,1,-1,-1,1,1,1,-1,1,1,-1,1,1,1,-1,1,-1,1,1,1,1,-1,-1,1,-1,1,1,1,1,1,-1,1,1,1,-1,-1,1,-1,1,-1,1,-1,-1,1,-1,1,-1,1,-1,-1,1,-1,1,-1,1,-1,-1,1,-1,-1,1,1,1,-1,1,1,-1,1,1,1,-1,-1,1,1,-1,1,-1,-1,-1,1,-1,-1,1,1,1,-1,1,1,1,1,-1,-1,-1,-1,-1,-1,-1,1,-1,-1,1,1,-1,1,-1,-1,-1,1,1,1,1,-1,-1,1,1,-1,1,1,-1,-1,1,1,-1,1,1,-1,1,-1,1,1,-1,1,-1,1,1,1,-1,1,1,-1,-1,1,1,-1,1,-1,-1,-1,1,1,-1,1,-1,-1,1,-1,1,-1,1,-1,-1,1,-1,1,-1,1,1,-1,1,-1,1,1,-1,1,-1,-1,1,1,-1,1,-1,-1,1,1,-1,-1,1,1,-1,1,-1,1,-1,1,-1,1,1,-1,1,1,1,-1,1,1,-1,1,-1,1,-1,-1,1,-1,1,1,-1,1,-1,1,1,-1,1,-1,-1,-1,1,-1,-1,1,-1,1,-1,-1,1,-1,1,-1,-1,-1,-1,1,-1,1,-1,1,-1,1,1,-1,1,-1,-1,-1,-1,1,-1,-1,1,1,-1,-1,1,-1,1,1,-1,1,-1,1,-1,1,-1,1,-1,-1,-1,-1,1,-1,-1,1,-1,1,-1,1,-1,1,-1,-1,-1,1,1,1,1,-1,-1,-1,-1,1,-1,-1,1,-1,-1,1,-1,-1,1,1,1,-1,-1,1,-1,-1,1,-1,-1,-1,1,-1,1,-1,1,-1,-1,-1,-1,1,-1,1,-1,-1,1,-1,1,1,1,-1,-1,-1,1,1,-1,1,-1,-1,-1,1,1,1,-1,1,1,-1,1,1,1,1,1,-1,1,-1,1,1,-1,1,-1,1,1,-1,1,-1,-1,1,-1,-1,1,-1,-1,-1,1,1,-1,1,1,-1,-1,1,1,-1,-1,1,-1,-1,-1,-1,-1,-1,1,-1,-1,-1,-1,-1,-1,1,-1,-1,1,1,1,1,1,-1,-1,1,1,-1,-1,1,-1,-1,-1,1,-1,-1,1,1,-1,1,1,1,-1,1,-1,1,1,1,-1,-1,1,1,-1,1,1,-1,1,1,-1,1,1,1,-1,1,1,-1,-1,1,-1,1,1,1,-1,1,1,-1,-1,-1,1,1,1,1,-1,1,-1,1,1,1,1,1,1,1,1,-1,1,-1,1,-1,-1,1,1,1,1,1,1,-1,1,1,1,-1,1,-1,-1,1,1,-1,1,-1,1,-1,1,1,1,1,1,1,-1,-1,1,1,1,-1,-1,-1,1,-1,1,1,1,-1,-1,1,1,1,-1,-1,1,-1,1,1,1,-1,1,-1,-1,-1,1,1,-1,1,-1,-1,-1,1,1,-1,1,-1,-1,-1,1,1,-1,1,-1,-1,-1,1,1,-1,1,-1,-1,-1,-1,1,1,1,1,-1,-1,1,1,-1,1,1,-1,-1,-1,1,-1,1,-1,-1,-1,1,1,1,-1,1,-1,-1,1,1,1,-1,1,-1,-1,-1,1,-1,-1,1,-1,-1,-1,1,-1,1,-1,-1,1,-1,1,1,-1,1,-1,-1,-1,1,1,-1,1,1,-1,-1,-1,1,1,1,-1,-1,-1,1,1,-1,1,-1,1,-1,1,-1,1,1,-1,-1,-1,-1,1,-1,1,1,-1,1,-1,-1,1,1,-1,-1,-1,-1,-1,-1,1,1,-1,-1,1,-1,1,1,-1,-1,-1,1,-1,1,1,-1,-1,1,-1,-1,1,1,1,-1,1,-1,1,1,1,-1,-1,1,-1,-1,1,1,1,-1,1,-1,-1,1,1,-1,1,1,-1,-1,1,1,1,1,1,-1,-1,1,1,-1,1,1,-1,-1,1,1,1,1,1,1,-1,1,1,1,-1,1,-1,-1,1,-1,1,1,1,1,-1,-1,1,-1,1,1,1,-1,1,1,1,1,-1,1,-1,1,1,1,1,1,1,1,-1,-1,1,1,1,-1,1,-1,1,1,1,1,1,-1,1,1,1,1,-1,1,1,-1,1,1,-1,1,1,-1,-1,1,1,1,1,-1,1,-1,1,1,1,-1,-1,1,-1,1,1,1,-1,1,-1,-1,-1,1,1,-1,-1,1,-1,-1,1,1,-1,-1,1,-1,1,1,1,1,-1,-1,-1,-1,1,1,-1,-1,-1,1,1,1,1,-1,1,1,-1,1,1,-1,-1,1,1,-1,-1,1,1,-1,1,1,1,1,1,-1,-1,-1,-1,-1,-1,-1,-1,-1,-1,1,1,1,1,-1,1,1,-1,1,1,1,1,-1,1,-1,1,1,1,1,-1,1,-1,1,1,1,1,-1,1,-1,1,1,1,1,-1,1,-1,1,1,-1,-1,-1,1,-1,1,1,1,-1,-1,-1,1,-1,1,-1,1,-1,1,-1,1,1,-2662.0,1,2000,445,1500,True
2210,-1,-1,1,1,1,1,-1,1,-1,-1,-1,1,-1,1,-1,-1,1,-1,1,1,-1,1,-1,-1,-1,1,-1,-1,1,-1,-1,-1,1,1,-1,1,1,-1,-1,-1,1,-1,1,-1,-1,-1,-1,-1,1,-1,-1,-1,1,-1,1,-1,-1,1,-1,-1,-1,1,1,1,-1,-1,-1,-1,-1,-1,1,-1,-1,-1,-1,-1,-1,1,-1,-1,-1,1,1,-1,-1,-1,-1,-1,-1,1,-1,-1,-1,-1,-1,-1,-1,1,-1,1,-1,-1,-1,-1,1,-1,-1,-1,-1,-1,-1,1,-1,-1,-1,-1,-1,-1,1,-1,-1,-1,-1,-1,-1,1,-1,-1,1,-1,-1,-1,1,-1,-1,1,-1,-1,-1,-1,-1,-1,1,-1,-1,-1,1,-1,-1,-1,-1,-1,-1,-1,1,-1,1,1,-1,-1,1,1,-1,-1,-1,-1,1,1,1,-1,-1,-1,-1,-1,1,-1,-1,1,-1,-1,1,-1,1,-1,-1,-1,-1,1,1,-1,-1,1,-1,1,1,1,1,-1,1,-1,-1,1,1,1,-1,1,-1,-1,-1,1,1,-1,1,-1,-1,1,1,1,1,1,-1,1,1,1,1,1,-1,1,-1,-1,1,1,-1,-1,1,1,-1,1,1,1,-1,1,-1,1,1,1,1,-1,1,-1,-1,1,1,-1,1,1,-1,1,1,1,1,-1,1,-1,1,-1,1,-1,1,1,-1,1,-1,1,-1,1,1,-1,1,-1,1,-1,1,1,1,-1,1,1,1,-1,1,-1,-1,1,1,1,1,1,1,-1,-1,1,-1,1,1,-1,1,-1,1,1,-1,1,-1,-1,-1,1,-1,-1,1,-1,1,-1,1,1,-1,1,1,1,-1,1,-1,-1,1,1,-1,-1,1,-1,1,1,-1,1,-1,1,-1,1,1,1,-1,1,1,-1,1,-1,1,-1,1,1,-1,1,1,1,1,1,1,-1,1,1,1,1,1,-1,-1,1,1,1,1,1,-1,-1,1,1,1,1,1,-1,-1,-1,-1,1,-1,1,1,-1,1,1,1,1,1,1,-1,-1,-1,1,1,-1,-1,-1,1,-1,-1,-1,1,1,-1,1,-1,1,-1,1,-1,1,-1,1,1,1,1,-1,1,-1,1,1,-1,1,-1,-1,-1,-1,1,1,1,1,-1,-1,1,-1,1,1,-1,-1,1,-1,-1,1,-1,1,-1,1,-1,1,1,1,-1,-1,1,1,-1,1,-1,1,-1,-1,1,-1,1,-1,-1,-1,-1,1,-1,-1,1,1,-1,-1,-1,-1,1,1,-1,1,-1,1,-1,1,-1,1,-1,-1,1,-1,-1,-1,-1,-1,1,1,-1,1,-1,1,-1,1,-1,1,1,-1,1,-1,1,-1,-1,1,-1,-1,-1,1,-1,1,-1,-1,1,-1,1,-1,-1,1,-1,-1,1,-1,1,-1,-1,-1,1,-1,1,1,-1,-1,-1,1,-1,1,-1,-1,1,-1,1,1,1,1,-1,-1,1,1,-1,1,1,-1,-1,1,1,1,-1,1,1,-1,1,1,1,1,1,-1,1,-1,1,1,-1,1,-1,1,1,-1,1,-1,-1,1,-1,-1,1,-1,-1,-1,1,1,-1,1,1,-1,-1,1,1,-1,-1,1,-1,-1,-1,-1,-1,1,1,-1,-1,-1,-1,-1,1,1,-1,-1,1,1,1,-1,1,-1,-1,1,1,-1,1,1,-1,-1,-1,1,-1,-1,1,1,-1,1,1,1,1,1,-1,1,1,1,-1,1,1,1,-1,1,1,-1,1,1,-1,1,1,1,-1,1,1,-1,-1,1,-1,1,1,1,-1,1,1,1,-1,1,1,-1,1,1,1,1,1,1,1,1,1,1,1,1,1,-1,1,-1,1,-1,1,1,1,1,1,1,1,1,-1,1,1,-1,1,1,1,1,1,1,1,-1,1,1,1,1,1,1,1,1,1,1,-1,1,1,-1,-1,1,-1,-1,1,1,1,-1,1,1,-1,1,-1,1,1,1,-1,1,1,-1,1,-1,1,1,-1,-1,1,-1,-1,1,-1,1,1,-1,1,-1,1,1,1,-1,-1,1,-1,1,1,-1,1,-1,1,-1,1,1,-1,-1,-1,1,-1,1,-1,1,1,1,-1,-1,1,1,-1,-1,-1,1,-1,1,1,-1,-1,-1,1,-1,1,1,-1,-1,-1,1,-1,1,1,1,-1,1,1,-1,1,1,-1,-1,1,-1,-1,1,1,-1,-1,1,-1,1,1,1,-1,-1,-1,-1,-1,1,1,-1,-1,1,1,-1,1,1,1,-1,1,-1,-1,1,-1,1,-1,1,1,1,1,1,-1,-1,1,-1,1,1,1,1,-1,-1,1,1,1,1,1,-1,-1,-1,1,-1,1,1,1,-1,1,1,1,1,1,-1,-1,-1,1,1,1,1,1,-1,1,1,-1,1,-1,-1,1,1,1,1,1,1,-1,-1,1,1,1,1,1,-1,-1,1,1,1,1,1,1,-1,1,1,1,1,1,1,-1,1,1,1,1,1,1,-1,1,1,-1,1,1,-1,-1,1,1,-1,1,1,1,-1,1,-1,1,1,1,1,-1,-1,1,-1,1,1,1,-1,1,1,-1,1,-1,1,-1,1,1,-1,1,1,1,-1,-1,1,1,1,1,-1,1,-1,1,1,1,1,-1,1,-1,1,1,1,-1,-1,1,-1,1,1,-1,1,-1,-1,-1,1,-1,1,-1,1,-1,-1,1,-1,1,-1,-1,-1,-1,1,-1,1,-1,1,-1,-1,-1,1,1,-1,1,-1,-1,-1,-1,1,-1,1,-1,-1,1,-1,1,1,1,1,-1,-1,1,1,-1,-1,1,1,1,1,1,-1,1,-1,-1,1,1,-1,-1,1,-1,-1,-1,-1,1,-1,1,1,1,1,1,-1,-1,-1,-1,-1,-1,-1,-1,-1,1,-1,1,1,1,-1,1,1,-1,1,1,1,1,-1,1,-1,1,1,1,1,-1,1,-1,1,1,1,1,-1,1,-1,1,1,1,1,-1,1,-1,1,1,1,-1,-1,1,-1,-1,1,1,-1,-1,-1,1,-1,1,1,1,-1,1,-1,-1,1,-2662.0,1,2000,445,1500,True
2211,-1,-1,1,1,1,1,-1,1,-1,-1,-1,-1,1,1,-1,-1,1,-1,1,-1,-1,1,-1,-1,-1,1,-1,-1,1,-1,-1,-1,1,-1,-1,-1,1,-1,-1,1,-1,-1,-1,-1,-1,-1,-1,-1,1,1,-1,-1,1,1,-1,-1,1,-1,1,-1,1,-1,-1,1,-1,1,-1,-1,-1,-1,1,-1,-1,-1,1,-1,-1,-1,1,-1,-1,-1,-1,-1,1,-1,-1,1,-1,1,-1,1,-1,1,1,-1,-1,1,1,1,1,1,-1,-1,1,1,-1,1,1,-1,-1,1,1,-1,1,1,-1,-1,1,1,-1,1,1,1,-1,1,1,-1,1,1,1,-1,1,1,-1,1,1,1,-1,-1,1,-1,1,1,1,-1,1,1,1,-1,1,1,-1,-1,-1,1,-1,1,1,-1,1,-1,1,1,1,1,-1,1,1,-1,1,1,-1,-1,1,1,-1,1,1,-1,1,-1,-1,1,1,1,-1,1,1,1,1,1,1,1,1,1,-1,1,1,1,-1,1,1,-1,1,1,1,1,-1,1,1,-1,1,1,-1,1,1,-1,1,1,1,1,1,1,-1,-1,1,1,-1,-1,1,-1,1,1,-1,1,-1,1,-1,1,1,1,-1,1,1,-1,-1,1,1,1,-1,1,-1,1,1,1,-1,1,1,-1,1,-1,1,-1,1,-1,1,-1,1,1,-1,1,-1,-1,1,1,1,-1,1,-1,1,-1,-1,1,-1,-1,1,1,-1,-1,1,1,-1,1,1,-1,1,1,1,-1,-1,1,-1,1,1,-1,1,-1,1,1,-1,1,1,-1,-1,1,-1,-1,1,-1,1,-1,1,1,-1,1,1,1,-1,1,-1,-1,1,1,-1,-1,1,-1,-1,1,1,1,-1,1,-1,-1,1,1,-1,1,1,-1,1,-1,1,-1,1,1,-1,1,1,1,1,1,1,-1,1,1,1,1,1,-1,-1,1,1,1,1,1,-1,-1,1,-1,1,1,1,-1,-1,1,-1,1,-1,1,1,-1,1,-1,1,1,1,1,-1,-1,1,1,1,-1,-1,-1,1,1,-1,-1,1,1,-1,1,-1,1,-1,1,-1,1,1,-1,1,1,1,-1,1,1,-1,1,-1,1,-1,-1,1,-1,1,1,1,1,-1,1,1,-1,1,1,-1,-1,1,-1,-1,1,-1,1,-1,-1,1,-1,1,1,-1,-1,1,1,-1,1,-1,1,-1,-1,1,-1,1,-1,-1,-1,-1,1,-1,-1,1,1,-1,-1,1,-1,1,1,-1,1,-1,1,-1,1,-1,1,-1,-1,-1,-1,1,-1,-1,-1,-1,1,-1,1,-1,1,-1,-1,-1,1,1,-1,1,-1,-1,-1,-1,1,-1,-1,-1,-1,-1,1,-1,-1,1,-1,-1,-1,-1,1,-1,-1,1,-1,-1,-1,1,-1,1,-1,-1,-1,-1,-1,-1,1,-1,1,-1,-1,1,-1,1,1,1,-1,-1,-1,1,1,-1,1,-1,1,-1,1,1,1,-1,1,1,-1,1,1,1,1,1,-1,1,-1,-1,1,-1,1,-1,1,1,-1,1,1,-1,1,-1,-1,-1,1,1,-1,1,1,-1,-1,-1,1,-1,1,1,-1,-1,-1,1,-1,-1,-1,-1,1,-1,1,-1,-1,-1,-1,-1,-1,1,-1,1,1,1,1,-1,1,-1,1,1,-1,1,-1,1,-1,-1,1,-1,1,-1,-1,1,1,1,1,1,1,-1,1,1,1,-1,1,-1,1,1,1,1,-1,-1,-1,1,1,1,1,-1,1,-1,1,-1,1,-1,1,1,-1,-1,1,1,1,-1,1,-1,-1,1,1,1,1,1,1,-1,1,1,1,1,1,1,-1,1,-1,1,-1,1,1,-1,1,1,1,1,1,1,-1,1,-1,1,1,1,1,-1,1,1,-1,1,1,1,1,1,1,1,1,1,1,-1,1,1,-1,1,1,-1,-1,-1,1,1,1,1,-1,1,1,-1,1,1,1,-1,-1,1,-1,1,-1,-1,1,-1,-1,-1,1,-1,1,-1,-1,1,-1,1,1,1,-1,-1,1,-1,1,1,1,-1,-1,1,-1,1,-1,1,-1,-1,-1,-1,1,1,1,-1,1,1,-1,1,1,1,1,-1,-1,1,-1,1,1,-1,-1,-1,-1,-1,1,1,-1,1,-1,1,-1,1,1,1,-1,-1,-1,-1,1,1,-1,-1,-1,-1,1,-1,-1,1,-1,-1,1,-1,1,1,-1,-1,-1,1,-1,1,1,-1,-1,-1,1,1,1,1,-1,1,-1,1,-1,1,1,-1,-1,-1,-1,1,1,1,-1,-1,-1,1,-1,1,1,-1,1,-1,-1,1,1,1,-1,-1,-1,-1,-1,1,-1,-1,-1,1,-1,1,1,-1,-1,-1,1,-1,1,1,1,-1,1,-1,-1,1,1,1,-1,1,-1,1,1,1,-1,-1,1,-1,-1,1,1,1,-1,1,-1,-1,1,1,1,1,1,-1,-1,1,1,-1,1,1,-1,-1,1,1,1,1,1,-1,-1,1,1,1,1,1,1,-1,1,1,-1,1,1,-1,-1,1,-1,1,1,1,1,-1,-1,1,-1,1,1,1,-1,1,1,1,1,-1,1,-1,1,1,1,1,1,1,-1,-1,1,1,1,1,-1,1,-1,1,1,1,1,-1,1,-1,1,1,1,-1,-1,1,-1,1,1,-1,1,-1,-1,-1,1,1,1,-1,1,-1,-1,1,1,1,-1,-1,-1,-1,1,1,1,-1,1,-1,-1,-1,1,1,-1,1,-1,-1,-1,1,1,-1,-1,1,-1,1,1,1,1,1,1,-1,-1,1,1,-1,-1,1,1,1,1,1,-1,1,-1,-1,1,1,-1,-1,1,-1,-1,-1,-1,1,-1,1,-1,1,1,1,-1,-1,-1,-1,1,-1,-1,-1,-1,1,-1,1,1,1,-1,1,1,-1,1,1,1,1,-1,1,-1,1,1,1,1,-1,1,-1,1,1,1,1,-1,1,-1,1,1,1,1,-1,1,-1,1,1,1,-1,-1,1,-1,-1,1,1,-1,-1,-1,1,-1,1,-1,1,-1,1,-1,-1,1,-2662.0,1,2000,445,1500,True
2212,-1,-1,1,1,1,1,-1,1,-1,-1,-1,1,-1,1,-1,-1,1,-1,1,1,1,1,-1,-1,-1,1,-1,-1,-1,-1,-1,-1,1,1,-1,1,1,-1,-1,-1,1,-1,1,-1,-1,-1,1,-1,1,-1,-1,-1,1,-1,1,-1,-1,1,-1,-1,-1,1,1,1,-1,-1,-1,-1,-1,-1,1,-1,-1,-1,1,-1,1,1,-1,-1,-1,-1,-1,1,-1,-1,-1,1,-1,1,-1,-1,-1,-1,1,-1,-1,1,-1,1,-1,1,-1,-1,1,-1,-1,-1,1,-1,-1,1,-1,-1,-1,1,-1,-1,1,-1,-1,-1,1,1,-1,1,-1,-1,1,1,1,-1,1,-1,-1,1,1,1,-1,1,-1,-1,1,1,1,-1,-1,-1,-1,-1,1,1,-1,1,1,-1,-1,1,1,-1,1,1,-1,-1,1,1,-1,1,1,-1,1,1,-1,-1,1,-1,-1,-1,1,-1,1,-1,1,-1,1,1,-1,1,1,-1,-1,1,1,1,1,1,1,-1,1,1,-1,1,1,1,-1,1,1,1,-1,1,1,-1,1,1,-1,1,1,1,1,1,1,1,1,1,1,1,-1,1,-1,-1,1,1,-1,1,-1,1,-1,1,1,1,1,1,-1,1,1,1,1,1,-1,1,-1,1,1,1,1,1,-1,1,1,1,1,-1,1,-1,1,-1,1,-1,-1,1,-1,1,-1,1,1,-1,1,-1,1,-1,1,-1,1,1,-1,-1,1,1,1,1,1,1,-1,1,1,1,-1,-1,1,-1,-1,1,-1,-1,-1,-1,1,-1,1,1,1,-1,1,-1,-1,1,-1,-1,-1,-1,1,-1,-1,1,-1,-1,1,1,-1,1,-1,-1,-1,1,-1,-1,1,-1,-1,1,1,1,-1,1,-1,-1,1,1,-1,1,1,-1,1,-1,1,-1,-1,1,-1,1,1,1,1,1,1,-1,-1,1,1,1,1,-1,-1,-1,1,1,1,1,-1,-1,1,-1,1,1,1,-1,-1,1,-1,1,-1,1,1,-1,1,-1,1,1,1,1,-1,-1,1,1,1,-1,-1,-1,1,1,-1,-1,1,1,-1,1,-1,1,-1,1,-1,1,1,-1,1,1,1,-1,1,1,-1,1,-1,1,-1,-1,1,-1,1,1,1,1,-1,1,1,-1,1,1,-1,-1,1,-1,-1,1,-1,1,-1,-1,1,-1,-1,1,-1,-1,-1,1,-1,1,-1,1,-1,1,-1,-1,1,1,-1,-1,-1,1,-1,-1,1,1,-1,-1,1,-1,1,1,-1,1,-1,1,-1,1,1,1,-1,-1,-1,-1,1,1,-1,1,-1,1,-1,1,-1,1,-1,-1,-1,1,1,-1,1,-1,-1,-1,-1,1,-1,-1,-1,-1,-1,-1,1,-1,1,-1,1,-1,-1,1,-1,-1,1,-1,-1,-1,1,1,1,-1,1,-1,-1,-1,1,1,-1,1,-1,-1,1,-1,1,1,1,-1,-1,-1,1,1,-1,1,-1,-1,-1,1,1,1,-1,1,1,-1,1,1,1,1,1,-1,1,-1,1,1,-1,1,-1,1,-1,1,-1,-1,-1,1,-1,-1,1,-1,-1,-1,1,1,-1,1,1,-1,-1,1,1,-1,-1,1,-1,-1,-1,-1,-1,1,1,-1,-1,-1,-1,-1,1,1,-1,-1,1,1,1,-1,1,-1,-1,1,1,-1,1,1,-1,-1,-1,1,-1,-1,1,1,-1,1,1,1,1,1,-1,1,1,1,-1,1,1,1,-1,1,1,-1,1,1,-1,1,1,1,-1,1,1,-1,-1,1,-1,1,1,1,-1,1,1,1,-1,1,1,-1,1,1,1,1,1,1,1,1,1,1,1,1,1,-1,1,-1,1,-1,1,1,1,1,1,1,1,1,1,-1,1,-1,1,1,1,1,1,-1,1,-1,1,1,1,1,1,1,1,1,1,1,-1,1,1,-1,-1,1,-1,-1,1,1,1,-1,1,1,-1,1,-1,1,1,1,-1,-1,1,-1,1,-1,1,1,-1,1,-1,1,-1,1,-1,1,1,-1,1,-1,1,1,-1,1,-1,1,-1,1,1,-1,1,-1,1,-1,1,1,-1,1,1,1,1,1,-1,1,1,-1,1,1,1,1,-1,1,-1,1,-1,1,1,-1,1,1,-1,1,1,-1,1,1,1,-1,1,1,1,-1,1,-1,-1,1,1,-1,1,1,-1,1,-1,1,-1,-1,1,1,-1,1,1,-1,-1,1,1,-1,1,1,-1,-1,-1,1,1,1,1,-1,1,1,1,-1,1,1,-1,-1,1,-1,1,1,1,-1,-1,-1,1,-1,1,1,-1,1,-1,-1,1,1,1,-1,-1,-1,-1,-1,1,-1,-1,-1,1,-1,1,1,1,-1,-1,1,-1,1,1,1,-1,1,-1,-1,1,1,1,-1,1,-1,1,1,1,-1,-1,1,-1,-1,1,1,1,-1,1,-1,-1,1,1,1,1,1,-1,-1,1,1,1,1,1,-1,-1,1,1,-1,1,1,-1,-1,1,1,-1,1,1,1,-1,1,1,1,-1,1,-1,-1,1,-1,-1,1,1,1,-1,-1,1,-1,1,1,1,-1,1,1,-1,1,-1,1,-1,1,1,-1,1,1,1,-1,-1,1,1,1,1,-1,1,-1,1,1,1,1,-1,1,-1,1,1,1,-1,-1,1,-1,1,1,-1,1,-1,-1,-1,1,-1,1,-1,1,-1,-1,1,-1,1,-1,-1,-1,-1,1,-1,1,-1,1,-1,-1,-1,1,1,-1,1,-1,-1,-1,-1,1,-1,1,-1,1,-1,-1,1,1,1,1,-1,-1,1,1,-1,-1,1,1,-1,1,-1,-1,1,-1,-1,1,1,-1,-1,1,-1,-1,-1,-1,1,-1,1,1,-1,1,-1,1,-1,-1,-1,1,-1,-1,-1,-1,1,-1,-1,1,1,-1,1,1,-1,1,1,-1,-1,-1,1,-1,1,1,1,1,-1,1,-1,-1,-1,1,-1,-1,1,-1,1,1,1,1,-1,1,-1,1,1,-1,-1,-1,1,-1,-1,1,1,-1,-1,-1,1,-1,1,-1,1,-1,1,-1,-1,1,-2662.0,1,2000,445,1500,True
2213,-1,-1,1,1,1,1,-1,1,-1,-1,-1,1,-1,1,-1,-1,1,-1,1,1,1,1,-1,-1,-1,1,-1,-1,-1,-1,-1,-1,1,1,-1,1,1,-1,-1,-1,1,-1,1,-1,-1,-1,-1,-1,1,-1,1,-1,1,-1,1,-1,-1,1,-1,-1,-1,1,1,1,-1,-1,-1,-1,-1,-1,1,-1,-1,-1,-1,-1,1,1,-1,-1,-1,1,1,-1,-1,-1,-1,-1,-1,1,-1,-1,-1,-1,-1,-1,-1,1,-1,1,-1,-1,-1,-1,1,-1,-1,-1,-1,-1,-1,1,-1,1,-1,-1,-1,-1,1,-1,-1,1,-1,-1,-1,1,-1,-1,1,-1,-1,-1,1,-1,-1,1,-1,-1,-1,1,-1,-1,1,-1,-1,-1,-1,-1,-1,-1,-1,-1,-1,1,1,-1,1,1,-1,-1,1,1,-1,-1,-1,-1,-1,1,1,-1,-1,-1,-1,-1,1,-1,-1,1,-1,-1,1,-1,1,-1,-1,-1,-1,1,1,-1,-1,1,-1,1,1,1,1,-1,1,-1,-1,1,1,1,-1,1,-1,-1,-1,1,1,-1,1,-1,-1,1,1,1,-1,1,-1,1,1,1,1,1,-1,1,-1,-1,1,1,-1,-1,1,1,-1,1,1,-1,-1,1,-1,1,1,1,1,-1,1,-1,-1,1,1,-1,1,1,-1,1,1,1,-1,-1,1,-1,1,-1,1,1,1,1,-1,1,-1,1,1,1,1,-1,1,-1,1,1,1,1,1,-1,1,1,1,-1,1,-1,-1,1,1,-1,1,1,1,-1,-1,1,1,1,1,-1,1,-1,1,1,-1,1,-1,-1,-1,1,1,1,1,-1,1,-1,1,-1,1,1,1,1,-1,1,1,1,1,1,1,-1,1,1,1,1,-1,1,1,1,1,1,1,1,-1,1,1,1,-1,1,1,-1,1,1,1,1,1,1,1,-1,1,-1,1,1,1,1,-1,1,1,1,1,1,1,1,1,1,-1,1,1,-1,-1,1,1,1,-1,1,1,-1,-1,1,-1,1,1,1,1,-1,1,1,-1,1,1,-1,1,1,-1,-1,-1,-1,-1,1,1,-1,1,1,-1,-1,1,-1,-1,1,1,1,-1,1,-1,1,1,1,-1,-1,1,1,1,-1,1,1,1,-1,1,-1,1,1,1,-1,1,1,-1,-1,-1,1,1,1,1,1,-1,1,1,-1,1,1,1,1,-1,1,1,-1,1,-1,1,-1,1,-1,1,1,1,1,-1,-1,1,-1,1,1,1,-1,1,1,1,-1,1,1,-1,-1,1,-1,1,1,1,-1,1,1,1,1,1,1,-1,1,-1,1,1,1,-1,-1,1,1,-1,1,1,-1,-1,1,-1,1,1,1,-1,-1,1,1,-1,1,1,-1,-1,1,-1,1,1,1,1,-1,1,-1,-1,-1,1,1,-1,-1,-1,1,-1,1,-1,-1,1,-1,-1,1,-1,1,-1,-1,1,-1,1,-1,1,-1,-1,1,-1,-1,1,1,1,-1,1,-1,1,-1,-1,1,1,-1,1,1,-1,-1,1,-1,1,-1,1,-1,1,-1,1,1,1,-1,-1,-1,-1,-1,1,1,1,-1,-1,-1,1,1,-1,1,-1,-1,-1,1,1,1,1,-1,-1,-1,1,1,1,1,-1,-1,-1,-1,1,-1,1,-1,1,-1,-1,1,1,1,-1,1,1,-1,1,-1,1,1,-1,-1,-1,-1,1,1,1,-1,-1,-1,1,1,1,1,-1,-1,1,-1,1,1,-1,-1,-1,-1,-1,1,1,-1,1,-1,1,1,-1,1,1,-1,-1,-1,-1,1,1,-1,1,-1,-1,1,1,1,1,-1,1,-1,-1,1,1,1,-1,1,-1,1,1,1,1,-1,1,-1,1,1,-1,1,-1,1,-1,-1,1,1,1,1,-1,1,-1,1,1,1,-1,-1,-1,-1,1,1,-1,1,-1,1,-1,1,-1,-1,1,-1,1,-1,1,1,-1,-1,1,-1,1,1,-1,1,-1,1,-1,1,1,1,-1,-1,1,-1,1,1,-1,1,-1,1,-1,-1,1,1,1,-1,1,-1,1,1,-1,1,-1,1,-1,1,1,1,-1,-1,1,-1,-1,1,-1,1,1,-1,-1,-1,1,1,-1,-1,1,-1,-1,1,1,-1,-1,-1,1,-1,1,1,-1,-1,-1,1,-1,1,1,1,-1,1,1,-1,1,1,-1,-1,1,-1,-1,1,1,-1,-1,1,-1,1,1,1,-1,-1,-1,-1,-1,1,1,-1,-1,1,1,-1,1,1,1,-1,-1,-1,-1,1,-1,1,-1,1,-1,1,1,1,-1,-1,1,-1,1,1,1,1,-1,-1,1,1,1,1,1,-1,-1,-1,1,-1,1,1,1,-1,1,1,1,1,1,-1,-1,-1,1,1,1,1,1,-1,1,1,-1,1,-1,-1,1,1,1,1,1,1,-1,-1,1,-1,1,1,-1,-1,-1,1,1,1,1,1,1,-1,1,1,1,1,1,1,-1,1,1,1,1,1,1,-1,1,1,-1,1,1,-1,-1,-1,1,-1,1,1,1,-1,1,-1,-1,1,1,1,-1,-1,1,-1,1,1,1,-1,1,1,-1,1,-1,1,-1,1,1,-1,1,1,1,-1,-1,1,1,1,1,-1,1,-1,1,1,1,1,1,-1,1,1,1,1,-1,-1,1,-1,1,1,-1,1,-1,-1,-1,1,-1,1,-1,1,-1,-1,1,-1,1,-1,-1,-1,-1,1,-1,1,-1,-1,1,-1,-1,1,1,-1,1,-1,-1,-1,-1,1,-1,1,-1,1,-1,-1,1,1,1,1,-1,-1,1,-1,-1,-1,1,1,-1,1,-1,-1,1,-1,-1,1,1,-1,-1,1,-1,-1,-1,-1,1,-1,1,1,-1,1,-1,1,-1,-1,1,-1,-1,-1,-1,-1,1,-1,1,1,1,-1,1,1,1,-1,1,-1,-1,-1,1,1,-1,1,1,1,-1,1,1,1,1,1,-1,-1,-1,1,-1,1,1,1,-1,1,1,-1,1,-1,-1,-1,1,1,1,1,1,-1,-1,-1,1,-1,1,-1,1,-1,1,-1,1,1,-2662.0,1,2000,445,1000,True
2214,-1,-1,1,1,1,1,-1,1,-1,-1,-1,1,-1,1,-1,-1,1,-1,1,1,1,1,-1,-1,-1,1,-1,-1,1,-1,-1,-1,1,1,-1,-1,1,-1,-1,-1,1,-1,-1,-1,-1,-1,-1,-1,1,1,-1,-1,1,1,1,-1,1,-1,1,-1,-1,1,1,1,-1,1,-1,-1,-1,-1,1,-1,-1,-1,1,-1,1,-1,1,-1,-1,1,1,-1,1,-1,-1,1,-1,1,-1,1,-1,1,1,-1,-1,1,1,1,1,1,-1,-1,1,1,-1,1,1,-1,-1,1,1,-1,1,1,-1,-1,1,1,-1,1,1,1,-1,1,1,-1,1,1,1,-1,1,1,-1,1,1,1,-1,1,1,-1,1,1,1,-1,-1,1,1,-1,1,1,-1,1,-1,1,-1,1,-1,-1,1,-1,1,1,1,1,-1,1,1,-1,1,1,-1,-1,1,1,-1,1,1,-1,1,-1,-1,1,1,1,-1,1,1,1,1,1,1,-1,1,1,-1,1,1,1,1,-1,1,-1,1,1,1,-1,-1,1,1,-1,1,1,-1,1,1,-1,1,1,1,1,1,1,-1,-1,1,1,-1,-1,1,-1,1,1,-1,1,-1,1,-1,1,1,1,-1,1,1,-1,-1,1,1,-1,1,1,-1,1,1,1,1,1,1,-1,1,1,-1,1,1,-1,1,-1,1,-1,1,1,-1,-1,1,1,1,1,1,-1,1,-1,-1,1,-1,1,1,1,-1,1,1,1,1,1,1,-1,1,1,-1,1,-1,1,-1,1,1,1,1,-1,1,1,-1,1,1,1,1,1,-1,-1,1,-1,1,-1,-1,1,-1,1,1,1,-1,1,-1,-1,1,1,1,1,1,-1,-1,1,1,-1,1,1,-1,-1,1,-1,-1,1,1,-1,1,-1,1,1,-1,1,-1,1,1,1,-1,1,1,-1,1,1,1,-1,1,-1,-1,1,1,1,-1,1,-1,-1,1,-1,1,-1,1,-1,-1,1,-1,1,-1,1,1,-1,1,-1,1,1,1,1,-1,-1,1,1,-1,1,-1,-1,1,1,-1,-1,1,1,-1,1,-1,1,-1,1,-1,1,1,-1,1,1,1,-1,1,1,-1,1,-1,1,-1,-1,1,-1,1,1,1,1,-1,1,1,1,1,1,-1,-1,1,-1,-1,1,-1,1,-1,-1,1,-1,1,1,-1,-1,-1,1,-1,1,-1,1,-1,-1,1,-1,1,1,-1,-1,-1,1,-1,-1,1,1,-1,-1,1,-1,1,1,-1,1,-1,1,-1,-1,1,1,-1,-1,-1,-1,1,1,-1,-1,-1,1,-1,1,-1,1,-1,-1,1,-1,1,-1,1,-1,-1,-1,-1,1,-1,-1,-1,-1,-1,-1,1,1,1,-1,-1,-1,-1,1,-1,-1,1,-1,-1,-1,1,1,1,-1,-1,-1,-1,-1,-1,1,-1,1,-1,-1,1,-1,1,1,1,-1,-1,-1,1,1,-1,1,-1,-1,-1,1,1,1,-1,1,1,-1,1,1,1,1,1,1,1,-1,-1,1,-1,1,-1,1,-1,-1,1,1,-1,1,-1,-1,-1,1,1,-1,1,1,-1,-1,-1,1,-1,1,1,-1,-1,-1,1,-1,-1,-1,-1,1,-1,1,-1,-1,-1,-1,-1,-1,1,-1,1,1,1,1,-1,1,-1,1,1,-1,1,-1,1,-1,-1,1,-1,1,-1,-1,1,1,1,1,1,1,-1,1,1,1,-1,1,-1,1,1,1,1,-1,-1,-1,1,1,1,1,-1,1,-1,1,-1,1,-1,1,1,-1,-1,1,1,1,-1,1,-1,-1,1,1,1,1,1,1,-1,1,1,1,1,1,1,-1,1,-1,1,-1,1,1,-1,1,1,1,1,1,1,-1,1,-1,1,1,1,1,-1,1,1,-1,1,1,1,1,1,1,1,1,1,1,-1,-1,1,-1,1,1,-1,-1,-1,1,1,1,1,-1,-1,1,-1,1,-1,1,-1,-1,1,-1,1,-1,-1,1,-1,-1,-1,1,-1,1,-1,-1,1,-1,1,1,1,-1,-1,1,-1,1,1,1,-1,-1,1,-1,1,-1,1,-1,-1,-1,-1,1,1,1,-1,1,1,-1,1,1,1,1,-1,-1,1,-1,1,1,-1,-1,-1,-1,-1,1,1,-1,1,-1,1,-1,1,1,1,-1,-1,-1,-1,1,1,-1,-1,-1,-1,1,-1,-1,-1,-1,-1,1,-1,1,1,-1,-1,-1,1,-1,1,1,-1,-1,-1,1,1,1,1,-1,1,-1,1,-1,1,1,-1,-1,-1,1,1,1,1,1,-1,-1,1,-1,1,1,-1,1,-1,-1,1,1,1,-1,-1,-1,-1,-1,1,-1,-1,-1,1,-1,1,1,-1,-1,-1,1,-1,1,1,1,-1,1,1,-1,1,1,1,-1,1,-1,1,1,1,-1,-1,1,-1,-1,1,-1,1,1,-1,1,-1,1,1,1,-1,1,-1,-1,1,1,1,1,-1,1,-1,1,1,1,1,1,-1,-1,1,1,-1,1,1,-1,-1,-1,1,-1,1,-1,-1,-1,1,-1,1,1,1,-1,-1,-1,1,-1,1,1,-1,-1,1,1,-1,1,1,-1,1,1,1,-1,1,1,-1,1,-1,1,1,1,1,-1,1,-1,1,1,1,-1,1,-1,1,1,1,1,-1,1,1,-1,1,1,-1,1,1,-1,-1,1,-1,1,1,-1,1,-1,1,-1,1,-1,-1,1,-1,1,-1,1,-1,1,-1,-1,-1,1,1,-1,-1,1,-1,-1,-1,1,1,-1,1,-1,-1,-1,1,1,-1,1,-1,-1,1,-1,-1,-1,-1,1,-1,1,-1,-1,1,1,-1,1,1,-1,-1,1,-1,-1,-1,-1,1,-1,1,1,-1,1,-1,1,-1,-1,-1,1,-1,-1,-1,-1,1,-1,-1,1,1,-1,1,1,-1,1,1,-1,-1,-1,1,-1,1,1,1,1,-1,1,-1,-1,1,1,-1,-1,1,-1,1,1,1,1,-1,1,-1,1,1,-1,-1,-1,1,-1,-1,1,1,-1,-1,-1,1,-1,1,-1,1,-1,1,-1,-1,1,-2662.0,1,2000,445,1500,True
2215,-1,-1,1,1,1,1,-1,1,-1,-1,-1,1,-1,1,-1,-1,1,-1,1,1,-1,-1,-1,-1,-1,1,-1,-1,-1,-1,-1,-1,1,1,-1,-1,1,-1,-1,-1,1,-1,-1,-1,-1,-1,-1,-1,1,1,-1,-1,1,-1,1,-1,-1,1,-1,-1,-1,1,1,1,-1,-1,-1,-1,-1,-1,-1,1,-1,-1,-1,-1,-1,-1,1,-1,-1,1,1,-1,1,-1,-1,-1,-1,1,-1,-1,-1,-1,-1,-1,-1,1,1,1,-1,-1,-1,-1,1,1,1,-1,-1,-1,-1,1,1,1,-1,-1,-1,-1,1,1,1,-1,-1,-1,-1,1,1,1,1,-1,-1,-1,1,1,1,-1,-1,-1,-1,-1,1,1,1,-1,-1,-1,1,1,1,1,-1,-1,-1,-1,-1,1,1,1,-1,-1,1,1,1,1,-1,-1,1,1,-1,1,-1,-1,-1,-1,1,1,1,1,-1,-1,1,-1,-1,1,-1,-1,-1,1,1,1,1,1,-1,-1,1,1,-1,1,1,-1,-1,1,1,-1,1,1,-1,-1,-1,1,-1,1,1,-1,1,1,1,-1,1,1,-1,1,1,1,-1,-1,1,1,-1,-1,1,-1,1,1,-1,1,-1,1,-1,1,1,-1,1,1,1,-1,-1,1,-1,-1,1,1,-1,1,1,1,1,1,1,-1,1,1,-1,1,-1,-1,1,-1,-1,-1,1,1,-1,-1,1,-1,-1,1,1,-1,-1,-1,1,-1,1,-1,1,1,-1,1,-1,1,1,1,1,-1,-1,-1,-1,1,-1,1,-1,-1,-1,1,1,-1,1,1,-1,1,-1,1,-1,1,-1,-1,-1,1,1,-1,1,1,-1,-1,-1,1,-1,1,-1,-1,-1,-1,-1,-1,1,-1,-1,-1,1,-1,1,1,-1,-1,-1,-1,1,-1,1,-1,1,-1,1,1,-1,1,-1,-1,-1,-1,-1,1,1,-1,-1,-1,-1,-1,1,-1,-1,-1,-1,-1,1,1,-1,-1,1,-1,1,1,1,-1,-1,1,-1,-1,-1,1,1,-1,1,-1,-1,-1,1,1,-1,-1,-1,1,-1,1,-1,-1,1,1,-1,-1,1,1,-1,1,-1,1,-1,1,-1,1,1,-1,1,-1,1,-1,1,1,-1,-1,1,1,-1,-1,1,-1,1,-1,-1,1,-1,1,1,-1,-1,1,-1,-1,1,-1,-1,1,-1,1,-1,-1,1,-1,-1,1,-1,-1,-1,1,-1,1,-1,1,-1,1,-1,-1,-1,-1,-1,-1,-1,1,-1,-1,1,1,-1,-1,1,-1,1,-1,-1,1,-1,1,-1,-1,1,1,-1,-1,-1,-1,-1,-1,-1,1,-1,1,-1,-1,1,1,-1,-1,-1,1,-1,1,1,-1,-1,-1,-1,-1,-1,-1,-1,-1,-1,1,-1,1,1,-1,1,-1,-1,1,-1,-1,1,-1,-1,-1,1,-1,1,-1,1,-1,-1,-1,-1,1,-1,1,-1,-1,1,-1,1,1,1,-1,-1,-1,-1,1,-1,1,-1,-1,-1,1,1,1,-1,1,1,-1,1,1,1,1,1,-1,1,-1,-1,-1,1,-1,-1,1,1,1,-1,1,-1,1,-1,-1,-1,1,1,-1,1,1,-1,1,-1,1,-1,1,1,-1,1,-1,1,-1,-1,-1,-1,1,-1,1,-1,-1,-1,-1,1,-1,1,-1,1,1,1,-1,-1,1,-1,1,1,-1,1,-1,1,-1,-1,1,-1,1,-1,-1,1,1,1,1,1,-1,1,1,1,1,-1,1,-1,-1,1,1,1,-1,-1,-1,1,1,1,1,-1,-1,-1,1,-1,1,-1,1,1,-1,-1,1,1,1,-1,-1,-1,-1,1,1,1,1,1,-1,-1,1,1,1,1,1,-1,-1,1,-1,1,-1,1,-1,1,1,1,1,1,1,-1,-1,1,-1,1,1,1,-1,-1,1,1,-1,1,1,-1,-1,1,1,1,1,1,1,-1,1,1,-1,-1,1,-1,-1,1,1,1,-1,1,-1,-1,1,-1,-1,1,1,-1,-1,1,-1,1,-1,1,1,-1,1,-1,1,-1,1,-1,-1,1,-1,1,-1,1,1,-1,1,-1,1,-1,1,-1,-1,1,-1,1,-1,1,1,-1,1,1,1,1,1,-1,1,1,-1,1,1,1,1,-1,1,-1,1,-1,1,1,-1,1,1,-1,1,1,1,-1,1,1,-1,1,1,1,1,1,1,-1,1,1,1,1,1,-1,1,-1,1,1,1,1,1,-1,1,1,1,1,1,1,-1,1,-1,1,1,1,1,1,1,1,1,1,-1,1,-1,1,1,-1,1,1,1,1,1,1,1,-1,1,1,-1,1,1,1,1,1,-1,1,1,1,1,1,1,1,1,1,-1,1,1,1,1,1,1,1,1,1,-1,1,1,1,1,1,1,1,1,1,1,-1,1,1,1,1,1,1,1,1,1,1,-1,1,1,1,1,-1,1,-1,1,1,1,1,-1,1,-1,1,1,1,1,-1,1,-1,1,1,1,1,1,-1,1,1,1,-1,1,1,-1,1,1,1,-1,1,-1,-1,-1,1,-1,-1,1,1,-1,1,1,1,-1,1,1,-1,1,1,1,-1,1,1,-1,1,1,1,-1,1,1,-1,1,-1,1,1,1,1,-1,1,-1,1,1,1,-1,1,1,1,1,1,1,-1,-1,1,1,1,1,-1,1,-1,1,1,-1,-1,1,1,-1,1,1,1,-1,1,-1,-1,1,-1,1,-1,1,-1,1,-1,1,1,1,1,-1,1,1,1,-1,-1,1,-1,1,-1,1,-1,-1,1,1,-1,1,-1,1,1,1,-1,-1,-1,-1,1,1,1,-1,1,1,1,1,1,-1,-1,1,1,1,1,-1,1,-1,1,-1,1,1,1,-1,-1,-1,-1,-1,-1,-1,-1,-1,1,-1,1,1,1,-1,1,1,-1,-1,1,1,1,-1,1,-1,1,1,1,1,-1,1,-1,1,1,1,1,-1,1,-1,1,1,1,1,-1,1,-1,1,-1,1,-1,-1,1,-1,-1,1,1,-1,-1,-1,-1,1,1,1,1,-1,1,1,-1,1,-2662.0,1,2000,445,1500,True
2216,-1,-1,1,1,1,1,-1,1,-1,-1,-1,1,-1,1,-1,-1,1,-1,1,1,-1,1,-1,-1,-1,1,-1,-1,1,-1,-1,-1,1,1,-1,1,1,-1,-1,-1,1,-1,1,-1,-1,-1,-1,-1,1,-1,1,-1,1,-1,1,-1,-1,1,-1,-1,-1,1,1,1,-1,1,-1,-1,-1,-1,1,-1,1,1,-1,-1,-1,1,-1,-1,-1,1,1,-1,-1,-1,-1,1,-1,1,-1,-1,-1,1,-1,-1,-1,1,-1,1,1,1,-1,-1,1,-1,-1,1,1,-1,-1,1,-1,1,1,1,-1,-1,1,-1,-1,1,1,-1,-1,1,-1,-1,1,1,-1,-1,1,-1,-1,1,1,1,-1,-1,-1,-1,1,1,-1,-1,1,-1,-1,1,1,1,-1,-1,1,-1,1,1,1,-1,1,-1,-1,1,1,1,-1,1,-1,1,1,1,-1,-1,1,-1,1,1,1,-1,1,-1,1,1,-1,1,-1,1,1,-1,1,1,1,1,1,1,-1,1,1,1,-1,1,1,-1,-1,1,1,-1,-1,1,-1,1,-1,1,-1,1,1,-1,1,1,1,1,1,1,-1,-1,1,1,-1,-1,1,-1,1,1,-1,1,-1,1,-1,1,1,1,-1,1,1,-1,1,1,1,-1,-1,1,-1,1,1,1,-1,1,1,-1,-1,-1,1,-1,1,-1,1,-1,1,1,-1,1,-1,-1,-1,1,1,-1,1,-1,-1,-1,-1,1,1,-1,1,1,-1,-1,1,-1,-1,1,1,-1,1,1,1,-1,-1,1,-1,1,1,-1,1,-1,1,-1,-1,1,-1,-1,-1,1,-1,-1,1,-1,1,-1,1,1,-1,1,1,1,-1,1,1,-1,1,1,1,-1,1,-1,-1,1,-1,1,-1,1,-1,-1,1,1,-1,1,1,-1,1,-1,1,-1,-1,1,-1,1,1,1,1,1,1,-1,1,1,1,1,1,1,-1,1,1,1,1,1,1,-1,1,-1,1,-1,1,1,-1,1,-1,1,1,1,1,1,1,-1,1,1,1,1,1,-1,1,1,1,-1,-1,1,1,1,-1,-1,1,1,1,1,-1,1,-1,1,1,1,1,-1,1,1,1,1,-1,1,-1,1,-1,1,1,1,1,-1,1,1,1,-1,1,1,1,1,1,1,1,1,1,-1,-1,1,-1,-1,1,-1,1,-1,1,1,1,1,1,1,-1,1,-1,-1,1,-1,1,-1,1,1,1,1,-1,1,-1,-1,1,-1,1,-1,1,-1,1,1,1,1,-1,1,-1,-1,1,-1,1,-1,-1,-1,1,1,1,1,-1,1,-1,1,-1,-1,1,-1,-1,-1,1,-1,1,-1,-1,-1,-1,1,-1,1,1,-1,-1,-1,1,1,-1,1,-1,-1,-1,1,-1,1,-1,-1,-1,-1,1,-1,-1,-1,-1,-1,-1,-1,-1,1,-1,1,-1,-1,1,-1,-1,1,1,-1,-1,-1,1,-1,1,1,-1,-1,-1,1,-1,-1,-1,1,1,-1,1,-1,1,1,1,1,1,-1,1,1,1,-1,-1,1,1,-1,1,1,-1,1,1,1,1,-1,1,-1,1,-1,1,1,1,1,-1,-1,1,1,-1,1,1,-1,-1,1,1,1,1,1,-1,-1,1,1,1,1,1,-1,-1,-1,1,-1,1,-1,1,-1,-1,1,1,1,1,-1,1,-1,1,-1,1,1,1,-1,-1,-1,1,1,1,1,1,-1,1,1,1,-1,1,-1,-1,-1,1,1,-1,1,-1,-1,-1,1,1,1,1,-1,-1,1,-1,1,-1,1,1,-1,-1,1,1,1,1,-1,-1,1,1,1,-1,1,1,-1,-1,1,1,-1,1,-1,-1,1,1,-1,1,1,1,-1,1,1,1,-1,1,1,-1,1,1,1,-1,1,1,-1,1,1,-1,-1,1,1,-1,1,1,1,-1,-1,1,1,-1,1,-1,1,-1,1,1,1,1,-1,1,1,-1,1,1,1,-1,-1,1,-1,1,-1,-1,-1,1,-1,-1,1,-1,1,-1,-1,1,-1,1,1,1,-1,-1,1,-1,1,1,1,-1,-1,1,-1,1,-1,1,-1,1,-1,-1,1,1,1,-1,1,1,-1,1,1,1,1,-1,-1,1,-1,1,1,-1,-1,-1,-1,-1,1,1,-1,1,-1,1,-1,1,1,-1,-1,-1,-1,-1,1,-1,-1,-1,-1,-1,1,-1,-1,-1,-1,-1,1,-1,1,1,-1,-1,-1,1,-1,1,1,-1,-1,-1,1,1,1,1,-1,1,-1,1,-1,1,1,-1,-1,-1,-1,1,1,1,1,-1,-1,1,-1,1,1,-1,1,-1,-1,1,1,1,-1,-1,-1,-1,-1,1,-1,-1,-1,1,-1,1,1,1,1,1,-1,-1,1,1,1,-1,1,1,-1,1,1,-1,1,-1,-1,1,1,1,1,-1,1,-1,-1,1,1,1,-1,1,-1,-1,1,1,1,1,1,1,-1,1,1,1,1,1,1,-1,1,1,1,1,1,1,-1,1,1,-1,1,1,-1,-1,-1,1,-1,1,1,1,-1,1,-1,-1,1,1,1,-1,-1,1,-1,1,1,1,-1,1,1,-1,1,-1,1,-1,1,1,-1,1,1,1,-1,-1,1,1,1,1,-1,1,-1,1,1,1,1,1,-1,1,1,1,1,-1,-1,1,-1,1,1,-1,1,-1,-1,-1,1,-1,1,-1,1,-1,-1,1,-1,1,-1,-1,-1,-1,1,-1,1,-1,-1,1,-1,-1,1,1,-1,1,-1,-1,-1,-1,1,-1,1,-1,1,-1,-1,1,1,1,1,-1,-1,1,1,-1,-1,1,1,-1,1,1,-1,1,-1,-1,1,1,-1,-1,1,-1,-1,-1,-1,1,-1,1,1,-1,1,1,-1,-1,-1,-1,1,-1,-1,-1,-1,1,-1,-1,1,1,-1,1,1,-1,1,1,1,1,-1,1,-1,1,1,1,1,-1,1,-1,-1,1,1,1,-1,1,-1,1,1,1,1,-1,1,-1,1,1,1,-1,-1,1,-1,-1,1,1,-1,-1,-1,1,-1,1,-1,1,-1,1,-1,-1,1,-2662.0,1,2000,445,1500,True
2217,-1,-1,1,1,1,1,-1,1,-1,-1,-1,1,-1,1,-1,-1,1,-1,1,1,-1,1,-1,-1,-1,1,-1,-1,-1,-1,-1,-1,1,1,-1,1,1,-1,-1,-1,1,-1,1,-1,-1,-1,-1,1,-1,-1,1,-1,1,-1,1,-1,-1,1,-1,-1,-1,1,1,1,-1,-1,-1,-1,-1,-1,1,-1,-1,-1,-1,-1,-1,1,-1,1,-1,1,1,-1,-1,-1,-1,1,-1,1,-1,-1,1,-1,-1,-1,-1,1,-1,1,-1,1,-1,-1,1,-1,1,-1,-1,-1,-1,1,-1,1,-1,1,-1,-1,1,-1,1,-1,-1,-1,-1,1,-1,1,-1,1,-1,-1,1,-1,1,-1,-1,-1,-1,-1,-1,1,-1,1,1,-1,1,-1,-1,1,1,-1,-1,-1,1,-1,1,1,-1,-1,1,-1,1,1,-1,1,-1,1,1,1,1,1,-1,-1,1,-1,1,-1,1,-1,1,-1,-1,1,1,1,-1,1,1,1,1,-1,1,-1,1,1,-1,1,-1,1,-1,1,1,-1,1,-1,1,-1,-1,1,1,1,-1,1,-1,1,1,-1,1,-1,1,-1,-1,1,-1,-1,1,1,-1,-1,1,-1,1,1,-1,1,-1,1,-1,1,1,1,-1,1,1,-1,-1,1,1,-1,-1,1,-1,1,1,1,-1,1,1,-1,1,-1,1,-1,1,-1,-1,-1,1,1,-1,1,-1,-1,1,1,1,-1,1,-1,1,-1,-1,1,1,-1,1,1,-1,-1,1,-1,-1,1,1,-1,1,1,1,-1,-1,1,-1,1,1,-1,1,-1,1,-1,-1,1,-1,-1,-1,1,-1,-1,1,-1,1,-1,-1,1,-1,1,1,1,-1,1,-1,-1,1,1,-1,-1,1,-1,-1,1,-1,1,-1,1,-1,-1,1,1,-1,1,1,-1,1,-1,1,-1,1,1,-1,1,1,1,1,1,1,-1,1,1,1,1,1,-1,-1,1,1,1,1,1,-1,-1,1,-1,1,1,1,-1,-1,1,-1,1,-1,1,1,-1,1,-1,1,1,1,1,-1,-1,1,1,1,1,-1,-1,1,1,-1,-1,1,1,-1,1,-1,1,-1,1,-1,1,1,-1,1,1,1,-1,1,1,-1,1,-1,1,-1,-1,1,-1,1,1,1,1,-1,1,1,-1,1,1,-1,-1,1,-1,-1,1,-1,1,-1,-1,1,-1,1,1,-1,-1,-1,1,-1,1,-1,1,-1,-1,1,-1,1,-1,-1,-1,-1,1,-1,-1,1,1,-1,-1,1,-1,1,1,-1,1,-1,1,-1,1,-1,1,-1,-1,-1,-1,-1,-1,-1,-1,-1,1,-1,1,-1,1,-1,-1,-1,1,-1,1,1,-1,-1,-1,-1,-1,-1,-1,-1,-1,-1,1,-1,-1,1,-1,-1,-1,-1,1,-1,-1,1,-1,-1,-1,-1,-1,1,-1,1,-1,-1,-1,-1,1,-1,-1,-1,-1,1,-1,1,1,1,-1,-1,-1,-1,1,-1,1,-1,1,-1,-1,1,1,-1,1,1,-1,1,1,1,1,1,-1,1,-1,1,1,-1,1,-1,1,-1,-1,1,1,-1,1,-1,-1,1,1,1,-1,1,1,-1,1,1,1,-1,1,1,-1,-1,1,1,-1,-1,-1,-1,1,1,1,-1,-1,-1,-1,1,1,1,1,1,1,1,-1,1,1,-1,1,1,-1,1,1,-1,1,-1,1,-1,-1,1,1,1,1,1,1,1,1,-1,1,1,1,-1,1,1,1,1,1,1,-1,1,-1,1,1,1,1,-1,-1,-1,1,-1,1,-1,1,-1,-1,-1,1,1,1,-1,1,-1,-1,1,1,1,1,1,-1,-1,1,1,1,1,1,-1,-1,1,-1,1,-1,1,-1,1,1,1,1,1,1,-1,-1,1,-1,1,1,1,-1,-1,1,1,-1,1,1,-1,-1,1,1,1,1,1,-1,1,-1,1,-1,1,1,1,1,-1,1,1,1,1,-1,1,1,-1,1,1,1,1,-1,1,-1,1,-1,1,-1,1,-1,-1,1,-1,1,1,-1,1,-1,1,1,1,1,-1,1,-1,1,1,1,1,1,1,-1,1,-1,1,1,-1,-1,-1,1,1,1,1,1,1,-1,1,1,1,1,1,-1,1,-1,1,1,1,-1,-1,-1,-1,1,1,-1,1,-1,1,-1,1,1,1,-1,-1,-1,-1,1,1,-1,-1,-1,-1,1,-1,1,-1,-1,-1,1,-1,1,1,-1,-1,-1,1,-1,1,1,-1,-1,-1,1,1,1,1,-1,1,-1,1,-1,1,1,1,-1,-1,1,1,1,1,1,-1,-1,1,-1,1,1,-1,1,-1,-1,1,1,1,1,-1,-1,-1,-1,1,-1,1,-1,1,-1,1,1,1,1,1,-1,-1,1,1,1,1,-1,1,-1,1,1,-1,1,-1,-1,1,1,1,1,-1,1,-1,-1,1,1,1,1,1,-1,-1,1,1,1,-1,1,1,-1,1,1,1,1,1,1,-1,1,1,1,1,1,1,-1,1,1,-1,1,1,-1,-1,1,1,-1,1,1,1,-1,1,-1,1,1,1,1,-1,-1,1,-1,1,1,1,-1,1,1,-1,1,1,1,-1,1,1,-1,1,1,1,-1,-1,1,1,1,1,-1,1,-1,1,1,1,1,-1,1,-1,1,1,1,-1,-1,1,-1,1,1,-1,1,-1,-1,1,-1,-1,1,-1,1,-1,-1,1,-1,1,-1,-1,-1,1,1,-1,1,-1,1,-1,-1,-1,1,1,-1,1,-1,-1,1,-1,1,-1,1,-1,-1,1,-1,1,1,1,1,-1,1,1,1,-1,-1,1,1,1,1,1,-1,1,-1,-1,1,1,-1,-1,1,-1,-1,1,-1,1,-1,1,-1,1,1,1,-1,-1,-1,-1,-1,1,-1,-1,-1,1,-1,1,1,1,-1,1,1,-1,1,1,1,1,-1,1,-1,1,1,1,1,-1,1,-1,1,1,1,1,-1,1,-1,1,1,1,1,-1,1,-1,1,1,1,-1,-1,1,-1,-1,1,1,-1,-1,-1,1,-1,1,1,1,-1,1,-1,-1,1,-2662.0,1,2000,445,1500,True
2218,-1,-1,1,1,1,1,-1,1,-1,-1,-1,1,-1,1,-1,-1,1,-1,1,1,-1,1,-1,-1,-1,1,-1,-1,-1,-1,-1,-1,1,1,-1,1,1,-1,-1,-1,1,-1,1,-1,-1,-1,-1,-1,1,-1,1,-1,1,-1,1,-1,-1,1,1,-1,-1,1,1,1,-1,1,-1,-1,-1,-1,1,-1,1,1,-1,-1,-1,1,-1,-1,-1,1,1,-1,-1,1,1,-1,-1,1,-1,-1,1,1,-1,-1,-1,1,-1,1,1,1,-1,-1,1,-1,1,1,1,-1,-1,1,-1,1,1,1,-1,-1,1,-1,-1,1,1,-1,-1,1,-1,-1,1,1,-1,-1,1,-1,1,1,1,-1,-1,-1,-1,-1,1,1,1,-1,1,-1,-1,1,1,-1,-1,-1,1,-1,1,1,-1,-1,1,1,-1,1,1,1,-1,1,-1,1,1,1,-1,-1,1,-1,1,1,1,-1,1,-1,1,-1,-1,1,-1,1,1,-1,1,1,1,-1,1,1,-1,1,-1,1,-1,1,1,-1,-1,-1,1,-1,-1,1,-1,1,-1,1,-1,1,1,-1,1,-1,1,-1,-1,1,-1,-1,-1,1,-1,-1,1,-1,1,-1,-1,1,-1,1,-1,1,-1,1,-1,1,1,-1,1,-1,1,-1,-1,1,-1,1,1,1,-1,1,1,-1,-1,-1,1,-1,1,-1,1,-1,1,1,-1,1,-1,-1,-1,1,1,-1,1,-1,-1,-1,1,1,1,-1,1,1,-1,-1,1,-1,-1,1,1,-1,1,1,1,-1,-1,1,-1,1,1,-1,1,-1,1,1,-1,1,-1,-1,-1,1,-1,-1,1,-1,1,-1,1,1,-1,1,1,1,-1,1,-1,-1,1,1,-1,-1,1,-1,1,1,-1,1,-1,1,-1,1,1,1,-1,1,1,-1,1,-1,1,-1,-1,1,-1,1,1,1,1,1,1,-1,1,1,1,1,1,-1,-1,1,1,1,1,1,-1,-1,1,1,1,1,1,-1,-1,-1,-1,1,-1,1,1,-1,1,1,1,1,1,1,-1,-1,-1,1,1,-1,-1,-1,1,-1,-1,-1,1,1,-1,1,-1,1,-1,1,-1,1,-1,1,1,1,1,-1,1,-1,1,1,-1,1,-1,-1,-1,-1,1,1,1,1,-1,-1,1,-1,1,1,-1,-1,1,-1,-1,1,-1,1,-1,1,-1,1,-1,1,-1,-1,1,1,-1,1,-1,1,-1,-1,1,-1,1,-1,-1,-1,-1,1,-1,-1,1,1,-1,-1,1,-1,1,1,-1,1,-1,1,-1,1,-1,1,-1,1,1,-1,1,-1,-1,-1,1,1,-1,1,-1,1,-1,1,-1,1,1,-1,1,-1,1,-1,-1,1,-1,-1,-1,1,-1,1,-1,-1,1,-1,1,-1,-1,1,-1,-1,1,-1,1,-1,1,-1,1,-1,1,1,-1,-1,-1,1,-1,1,-1,-1,1,-1,1,1,-1,1,-1,-1,1,1,-1,-1,1,-1,-1,1,1,1,1,1,1,-1,1,1,1,-1,1,-1,1,-1,1,1,1,-1,-1,1,1,-1,1,1,-1,1,-1,-1,1,-1,1,-1,1,1,-1,1,1,1,-1,1,1,-1,-1,1,1,-1,-1,-1,-1,1,1,1,-1,-1,-1,-1,1,1,1,-1,1,1,1,-1,1,1,-1,1,1,-1,1,1,1,-1,-1,1,-1,-1,1,1,-1,1,1,1,1,1,1,1,1,1,-1,1,1,-1,1,1,1,-1,1,1,-1,1,1,1,-1,1,1,1,-1,1,-1,1,-1,1,-1,1,1,1,-1,1,1,1,1,1,1,1,1,1,-1,1,1,1,1,-1,1,-1,1,-1,1,-1,1,-1,1,1,1,1,1,1,-1,1,1,-1,1,1,1,-1,-1,1,1,-1,1,1,-1,-1,1,1,1,1,1,-1,1,1,1,-1,1,1,-1,1,-1,1,1,-1,1,-1,1,1,-1,1,1,-1,1,1,1,-1,1,1,-1,-1,1,-1,1,-1,1,-1,-1,1,1,-1,1,-1,1,-1,1,-1,-1,1,-1,1,-1,1,1,-1,-1,1,-1,-1,1,-1,-1,-1,-1,1,-1,1,1,1,-1,-1,1,-1,1,-1,1,-1,-1,1,-1,-1,-1,-1,1,-1,1,-1,1,-1,-1,1,-1,1,-1,-1,-1,1,1,-1,-1,-1,-1,-1,1,-1,-1,-1,-1,-1,-1,1,-1,1,1,-1,-1,-1,-1,-1,-1,1,-1,-1,-1,1,1,1,1,-1,1,-1,1,-1,-1,1,-1,-1,-1,1,1,1,1,1,-1,-1,1,-1,1,1,-1,1,-1,-1,1,1,1,-1,-1,-1,-1,-1,1,-1,-1,-1,1,-1,1,1,1,1,1,-1,-1,1,1,1,1,-1,1,-1,1,1,-1,1,-1,-1,1,1,1,1,-1,1,-1,-1,1,1,1,1,1,-1,-1,1,1,1,-1,1,1,-1,1,1,1,1,1,1,-1,1,1,1,1,1,1,-1,1,1,-1,1,1,-1,-1,1,1,-1,1,1,1,-1,1,-1,1,1,1,1,-1,-1,1,-1,1,1,1,-1,1,1,-1,1,1,1,-1,1,1,-1,1,1,1,-1,-1,1,1,1,1,-1,1,-1,1,1,1,1,-1,1,-1,1,1,1,-1,-1,1,-1,1,1,-1,1,-1,-1,-1,1,-1,1,-1,1,-1,-1,1,-1,1,-1,-1,-1,-1,1,-1,1,-1,1,-1,-1,-1,1,1,-1,1,-1,-1,-1,-1,1,-1,1,1,-1,1,-1,1,1,1,1,-1,-1,1,1,-1,-1,1,1,1,1,1,-1,1,-1,-1,1,1,-1,-1,1,-1,-1,-1,-1,1,-1,1,1,1,1,1,-1,-1,1,-1,1,-1,-1,-1,-1,1,-1,1,1,1,-1,1,1,-1,1,1,1,1,-1,1,-1,1,1,1,1,-1,1,-1,1,1,1,1,-1,1,-1,1,1,1,1,-1,1,-1,1,1,1,-1,-1,1,-1,-1,1,1,-1,-1,-1,1,-1,1,1,1,-1,1,-1,-1,1,-2662.0,1,2000,445,1500,True
2219,1,1,-1,-1,1,1,-1,-1,1,1,1,-1,-1,1,1,1,-1,1,-1,-1,-1,-1,1,1,1,1,-1,-1,1,1,1,1,-1,-1,-1,-1,1,1,1,1,-1,-1,-1,1,1,1,1,-1,1,1,1,1,-1,1,-1,-1,1,-1,1,1,1,-1,-1,-1,1,1,1,1,-1,-1,-1,1,1,1,1,-1,-1,-1,1,1,1,-1,-1,-1,1,1,1,1,-1,-1,1,1,1,1,1,-1,-1,1,1,-1,1,1,-1,-1,-1,1,1,1,1,-1,-1,1,1,-1,1,1,-1,-1,1,1,1,1,1,1,-1,1,1,1,-1,1,-1,-1,-1,1,1,1,1,1,-1,-1,1,1,-1,1,1,-1,1,1,1,1,1,1,-1,-1,-1,1,-1,1,1,-1,1,1,1,1,-1,1,-1,1,-1,1,1,1,-1,-1,-1,1,1,-1,1,-1,-1,1,-1,1,1,1,-1,-1,-1,1,1,-1,1,-1,1,-1,-1,1,-1,1,-1,1,-1,-1,1,-1,1,-1,-1,1,-1,1,-1,1,1,-1,1,-1,1,-1,1,1,-1,-1,-1,-1,1,1,-1,-1,1,-1,1,1,-1,1,-1,-1,-1,1,1,1,1,1,-1,-1,-1,1,1,-1,1,-1,-1,1,1,1,1,1,-1,-1,1,-1,1,1,-1,-1,1,-1,1,1,1,-1,-1,-1,1,1,1,1,-1,-1,-1,-1,-1,1,1,-1,-1,1,-1,-1,1,1,1,-1,1,-1,1,1,1,-1,-1,1,-1,1,1,1,1,-1,1,1,-1,1,1,1,-1,1,-1,-1,1,-1,1,-1,1,1,-1,1,1,1,-1,1,-1,-1,1,1,-1,-1,1,-1,-1,1,1,1,-1,1,-1,-1,1,1,-1,1,1,-1,1,-1,1,-1,-1,1,-1,1,1,1,1,1,1,-1,1,1,1,1,1,-1,-1,1,1,1,1,1,-1,-1,1,-1,1,1,1,-1,-1,1,-1,1,-1,1,1,-1,1,-1,1,1,1,1,-1,-1,1,1,1,1,-1,-1,1,1,-1,-1,1,1,-1,1,-1,1,-1,1,-1,1,1,-1,1,1,1,-1,-1,1,-1,1,-1,1,-1,-1,1,-1,1,1,1,1,-1,1,1,-1,1,1,-1,-1,1,-1,-1,1,-1,1,-1,-1,1,-1,-1,1,-1,-1,1,1,-1,1,-1,1,1,-1,1,-1,1,1,-1,-1,-1,1,-1,-1,1,1,-1,-1,1,-1,1,1,-1,1,-1,1,-1,1,1,1,-1,-1,-1,-1,1,1,-1,1,-1,1,-1,1,-1,1,-1,-1,-1,1,1,-1,1,-1,-1,-1,-1,1,-1,-1,1,-1,-1,-1,1,1,1,1,-1,-1,-1,1,-1,-1,1,-1,-1,-1,1,1,1,1,-1,-1,-1,1,-1,1,-1,1,-1,-1,1,-1,1,1,1,-1,-1,-1,1,1,-1,1,-1,-1,-1,1,1,1,-1,1,1,-1,1,1,1,1,1,1,1,-1,-1,-1,1,-1,1,1,1,1,-1,1,-1,1,-1,-1,-1,1,1,-1,1,1,-1,-1,-1,1,-1,1,1,-1,1,-1,1,-1,-1,-1,-1,-1,-1,1,-1,-1,-1,-1,-1,-1,1,-1,1,1,1,1,-1,1,-1,1,1,-1,-1,-1,1,-1,-1,1,-1,1,-1,-1,1,1,1,1,-1,-1,1,1,1,1,-1,1,-1,-1,1,1,1,-1,-1,-1,1,1,1,1,-1,1,-1,1,-1,1,1,-1,1,-1,-1,1,1,-1,-1,-1,-1,-1,1,1,-1,1,-1,-1,-1,1,1,1,1,-1,-1,-1,1,-1,1,-1,-1,-1,1,1,1,1,1,-1,1,-1,1,-1,1,-1,-1,-1,-1,1,1,-1,1,-1,-1,-1,1,1,1,1,-1,-1,1,-1,1,1,-1,-1,1,1,-1,1,1,1,-1,-1,1,1,-1,1,1,-1,1,-1,1,-1,1,-1,-1,-1,1,-1,-1,1,-1,-1,1,-1,1,-1,1,1,-1,-1,-1,1,-1,1,1,-1,-1,1,1,-1,1,-1,-1,1,-1,-1,-1,1,1,-1,-1,1,1,-1,1,1,-1,-1,1,-1,1,-1,1,-1,-1,-1,-1,-1,-1,1,-1,-1,1,-1,1,-1,1,-1,-1,-1,-1,-1,-1,1,-1,-1,-1,-1,-1,1,-1,-1,1,-1,-1,1,-1,1,-1,-1,-1,-1,1,-1,1,1,-1,-1,-1,1,1,1,-1,-1,1,-1,1,-1,1,-1,1,-1,-1,-1,1,1,-1,-1,-1,-1,1,-1,1,1,-1,1,-1,-1,1,1,-1,-1,-1,-1,-1,-1,1,1,-1,-1,1,-1,1,1,-1,-1,-1,-1,-1,1,1,-1,-1,1,1,-1,1,1,1,1,-1,-1,1,1,1,-1,-1,1,-1,-1,1,1,1,1,-1,-1,-1,1,1,-1,1,-1,-1,-1,1,1,-1,1,-1,-1,-1,1,1,-1,1,1,-1,-1,1,1,1,1,1,-1,-1,1,1,1,1,-1,-1,-1,1,-1,1,1,1,-1,-1,-1,1,-1,1,1,-1,-1,1,1,1,1,1,-1,-1,1,1,1,1,1,-1,-1,-1,-1,1,1,1,-1,1,-1,1,1,1,-1,-1,1,-1,1,1,1,1,-1,1,-1,-1,1,-1,1,-1,-1,-1,1,1,1,-1,1,-1,-1,1,1,1,1,-1,-1,-1,1,1,1,1,1,-1,-1,-1,1,1,-1,1,-1,-1,-1,1,1,-1,1,-1,1,-1,1,1,1,1,1,-1,-1,1,1,1,1,1,1,-1,1,1,-1,1,-1,-1,1,1,1,1,1,-1,-1,-1,1,1,1,1,1,-1,1,-1,1,1,1,-1,1,-1,1,1,1,1,-1,-1,1,1,-1,1,1,-1,1,1,1,1,1,1,-1,1,1,1,1,1,1,-1,-1,1,1,1,1,1,-1,1,1,1,1,-1,1,-1,1,1,1,1,1,1,-1,-1,1,1,-1,1,1,1,-1,1,1,-1,1,1,-1,-1,1,-2662.0,1,2000,445,1500,True
2220,1,1,-1,-1,1,-1,1,-1,1,1,1,-1,1,1,-1,1,-1,1,-1,-1,1,1,1,1,1,-1,-1,-1,1,1,1,1,1,-1,-1,-1,1,1,1,1,-1,-1,-1,1,1,1,1,-1,1,1,1,1,-1,1,-1,-1,1,-1,1,1,1,-1,-1,1,1,1,1,1,-1,-1,1,1,1,1,1,-1,-1,-1,1,1,1,-1,-1,-1,1,1,1,1,-1,-1,-1,1,1,1,1,-1,-1,1,1,-1,1,1,-1,-1,1,1,1,1,1,-1,-1,1,1,1,1,1,-1,-1,1,1,1,1,1,1,-1,1,1,1,-1,1,1,-1,1,1,1,1,1,1,-1,-1,1,1,1,1,1,-1,1,1,1,1,1,1,-1,-1,-1,1,1,1,1,-1,1,-1,1,1,-1,1,-1,1,-1,1,1,1,-1,-1,1,1,1,1,1,-1,1,-1,-1,1,-1,1,-1,1,1,1,1,1,1,1,1,1,-1,1,-1,1,-1,1,1,-1,1,-1,1,1,-1,1,-1,1,-1,1,-1,1,1,-1,1,-1,1,1,1,1,-1,-1,1,1,-1,-1,1,-1,1,-1,-1,1,-1,1,-1,1,-1,1,-1,1,1,-1,-1,-1,1,-1,-1,1,-1,1,1,1,-1,1,1,-1,1,-1,1,-1,1,-1,1,-1,1,1,-1,1,-1,-1,-1,1,1,-1,1,-1,-1,-1,1,1,-1,-1,1,1,-1,-1,1,-1,-1,1,1,-1,1,1,1,-1,-1,1,-1,1,1,-1,1,-1,1,1,1,1,-1,-1,-1,1,-1,-1,1,-1,1,-1,1,1,-1,1,1,1,-1,1,1,1,1,1,1,-1,1,-1,1,1,-1,1,1,1,-1,1,1,1,-1,1,1,-1,-1,1,1,-1,1,1,-1,1,1,1,1,-1,1,-1,1,1,1,1,-1,1,-1,1,1,1,1,-1,1,1,-1,1,1,-1,-1,1,-1,1,-1,1,1,-1,1,1,-1,1,1,1,1,1,1,-1,1,1,1,-1,1,1,-1,-1,-1,-1,-1,1,1,-1,1,1,-1,-1,1,-1,-1,1,1,1,-1,1,-1,1,1,1,-1,-1,1,1,-1,-1,1,1,1,-1,1,-1,1,1,1,-1,1,1,-1,-1,-1,1,1,-1,1,1,-1,1,1,-1,1,1,1,1,-1,1,1,-1,1,-1,1,-1,1,-1,-1,1,1,1,-1,-1,1,-1,1,1,1,-1,1,1,1,-1,1,1,-1,-1,1,-1,1,1,1,-1,1,1,1,1,1,1,-1,1,-1,-1,1,1,-1,-1,1,1,1,1,1,-1,-1,1,-1,1,1,1,-1,-1,1,1,-1,1,1,-1,-1,1,-1,1,1,1,1,-1,1,-1,-1,1,1,1,-1,-1,-1,-1,1,1,-1,-1,1,-1,-1,1,-1,1,-1,-1,1,-1,1,-1,1,-1,-1,1,-1,-1,1,1,1,-1,1,-1,1,-1,1,-1,1,-1,-1,-1,1,-1,-1,1,1,-1,1,1,-1,1,1,1,-1,1,1,-1,-1,-1,1,-1,-1,1,-1,-1,1,1,-1,-1,1,-1,-1,1,1,1,-1,1,-1,-1,1,1,-1,-1,1,-1,-1,-1,1,1,-1,1,1,-1,-1,1,-1,-1,1,-1,1,-1,1,1,-1,-1,1,-1,-1,-1,-1,-1,1,1,1,-1,-1,1,-1,-1,1,-1,-1,1,-1,-1,1,1,-1,-1,1,-1,-1,1,1,-1,1,-1,-1,-1,-1,1,1,-1,-1,-1,-1,-1,1,-1,-1,1,-1,-1,-1,1,1,-1,-1,-1,-1,-1,1,-1,-1,-1,-1,-1,1,1,1,-1,-1,-1,-1,-1,1,1,-1,-1,-1,-1,-1,1,1,1,-1,-1,-1,-1,1,1,-1,-1,-1,-1,1,1,1,1,-1,-1,1,1,1,1,1,-1,-1,-1,1,1,1,1,1,-1,1,1,1,1,-1,1,-1,-1,1,-1,1,-1,1,-1,-1,1,-1,1,-1,-1,-1,-1,1,-1,1,-1,1,-1,-1,1,-1,1,-1,1,-1,-1,1,-1,1,-1,-1,-1,-1,1,1,-1,-1,-1,-1,-1,1,-1,1,-1,-1,-1,-1,-1,-1,-1,1,-1,-1,-1,1,-1,-1,1,-1,-1,-1,-1,-1,1,1,-1,-1,-1,-1,-1,1,-1,-1,-1,1,-1,-1,1,-1,1,-1,-1,-1,-1,-1,-1,-1,1,-1,-1,-1,1,1,1,-1,-1,1,-1,-1,-1,-1,-1,1,-1,-1,1,1,1,-1,-1,-1,-1,1,-1,1,1,-1,1,-1,-1,1,1,-1,-1,-1,-1,-1,-1,1,1,-1,-1,1,-1,1,1,-1,-1,-1,-1,-1,-1,1,-1,-1,1,1,-1,1,1,1,-1,1,-1,1,1,1,-1,-1,1,-1,-1,1,1,1,-1,1,-1,-1,1,1,-1,1,1,1,-1,1,1,-1,1,1,1,-1,1,1,1,1,1,1,-1,1,1,1,1,1,1,-1,-1,1,1,-1,1,1,-1,1,-1,1,1,1,1,-1,-1,1,-1,1,1,1,-1,1,1,1,1,-1,1,-1,1,1,1,1,1,1,-1,-1,1,1,1,1,-1,1,-1,1,1,1,1,1,-1,1,1,1,1,-1,-1,1,-1,1,1,-1,1,-1,-1,-1,1,1,1,-1,1,-1,-1,1,1,1,-1,-1,-1,-1,1,1,1,-1,-1,1,-1,-1,1,1,-1,1,-1,-1,-1,1,1,-1,1,-1,1,-1,1,1,1,1,1,-1,-1,1,1,-1,-1,1,1,-1,-1,1,-1,1,-1,-1,1,1,-1,-1,1,1,1,-1,1,1,-1,1,1,-1,1,1,-1,-1,-1,1,-1,-1,-1,-1,-1,1,-1,1,1,1,-1,1,1,1,-1,1,1,1,-1,1,1,-1,1,1,1,-1,1,1,1,1,1,1,-1,-1,1,-1,1,1,1,-1,1,1,-1,1,-1,-1,-1,1,1,1,1,1,-1,-1,-1,1,-1,1,-1,1,-1,1,-1,1,1,-2662.0,1,2000,445,0,False
2221,1,1,-1,-1,1,-1,-1,1,1,1,1,-1,1,1,1,1,-1,1,-1,-1,1,1,1,1,1,-1,-1,-1,1,1,1,1,1,-1,-1,1,-1,1,1,1,-1,-1,1,1,1,1,1,-1,1,-1,1,1,-1,1,-1,-1,1,-1,1,1,1,-1,-1,1,1,1,1,1,-1,-1,1,-1,1,1,1,-1,-1,1,-1,1,1,-1,-1,-1,-1,1,1,1,-1,-1,-1,1,-1,1,1,-1,-1,1,-1,-1,1,1,-1,-1,1,-1,-1,1,1,-1,-1,1,-1,-1,1,1,-1,-1,1,-1,-1,1,1,1,-1,1,-1,-1,1,1,1,-1,1,-1,-1,1,1,1,-1,-1,-1,-1,-1,1,1,-1,1,-1,-1,-1,1,1,-1,-1,1,-1,1,1,1,-1,1,-1,-1,-1,1,1,-1,1,1,-1,1,1,-1,-1,1,-1,-1,1,1,-1,1,-1,1,-1,1,1,-1,1,1,-1,-1,-1,1,1,1,1,1,-1,-1,1,-1,1,1,1,-1,-1,1,1,-1,1,1,-1,1,1,-1,1,1,1,-1,1,1,1,1,1,1,1,-1,1,-1,-1,1,1,-1,-1,1,1,-1,1,1,-1,-1,1,-1,1,1,1,1,-1,1,1,-1,1,1,-1,1,1,-1,1,1,1,-1,-1,1,-1,1,-1,1,1,1,1,-1,1,-1,1,1,1,1,-1,1,-1,1,1,1,1,-1,-1,1,1,1,1,1,1,-1,1,1,-1,-1,1,1,-1,-1,1,1,1,1,-1,1,-1,1,1,1,-1,1,-1,-1,1,1,1,1,-1,1,-1,1,-1,1,1,1,1,-1,1,1,1,1,1,1,-1,1,1,1,1,1,1,1,1,1,1,1,1,-1,1,1,1,-1,1,1,-1,1,1,1,1,1,1,1,-1,1,-1,1,1,1,1,-1,1,1,1,1,1,1,-1,1,1,-1,1,1,-1,-1,1,1,1,-1,1,1,-1,1,1,-1,1,1,1,1,1,1,1,-1,1,1,-1,-1,1,-1,-1,-1,-1,-1,1,1,-1,1,1,-1,-1,1,-1,-1,1,1,1,-1,1,-1,1,1,1,-1,-1,1,1,1,-1,1,1,1,-1,1,-1,1,1,1,-1,1,1,-1,-1,-1,1,1,-1,1,1,-1,1,1,-1,1,1,1,1,-1,1,1,-1,1,-1,1,-1,1,-1,1,1,1,1,-1,-1,1,-1,1,1,1,-1,1,1,1,-1,1,1,-1,-1,1,-1,1,1,1,-1,1,1,1,1,1,1,-1,1,1,-1,1,1,-1,-1,1,1,-1,1,1,-1,-1,1,-1,1,1,1,-1,-1,1,1,-1,1,1,-1,-1,1,-1,1,1,1,1,-1,1,-1,-1,-1,1,1,-1,-1,1,1,-1,1,-1,-1,1,-1,-1,1,-1,1,-1,-1,1,-1,1,-1,1,-1,-1,1,-1,-1,1,1,1,-1,1,-1,1,-1,1,1,1,-1,1,1,-1,-1,-1,-1,1,-1,1,-1,-1,1,1,1,1,-1,-1,-1,1,-1,1,1,1,-1,-1,-1,1,1,-1,1,-1,-1,-1,1,1,-1,1,-1,-1,-1,1,1,-1,1,-1,-1,-1,-1,1,1,1,-1,1,-1,-1,1,-1,1,-1,1,1,-1,1,-1,1,1,-1,-1,-1,-1,-1,1,1,-1,1,-1,1,-1,1,1,-1,-1,-1,-1,1,1,-1,-1,-1,-1,-1,1,1,-1,1,-1,1,1,1,1,1,-1,-1,-1,-1,-1,1,-1,1,-1,-1,1,-1,1,1,-1,1,-1,-1,1,1,1,-1,1,-1,1,-1,1,1,-1,-1,-1,1,-1,1,1,-1,1,-1,-1,-1,1,1,-1,-1,1,-1,-1,1,1,-1,-1,-1,-1,-1,1,1,1,-1,1,-1,-1,1,-1,1,-1,1,-1,-1,1,-1,-1,1,1,1,-1,1,1,-1,1,-1,1,-1,1,-1,-1,1,-1,1,-1,1,1,-1,1,-1,-1,-1,-1,1,-1,1,-1,1,-1,-1,1,-1,1,-1,1,-1,-1,-1,1,1,-1,-1,-1,-1,1,-1,-1,-1,-1,-1,-1,-1,-1,1,-1,-1,-1,-1,1,1,-1,1,-1,-1,-1,1,-1,-1,1,-1,-1,-1,-1,-1,1,1,-1,-1,-1,-1,-1,1,-1,-1,-1,1,-1,-1,1,-1,1,-1,-1,-1,-1,-1,-1,-1,1,-1,-1,-1,1,1,-1,-1,-1,-1,1,-1,-1,-1,-1,-1,-1,-1,1,1,1,-1,-1,-1,-1,1,-1,1,1,-1,1,-1,-1,1,1,-1,-1,-1,-1,-1,-1,1,1,-1,-1,1,-1,1,1,-1,-1,-1,1,-1,1,1,-1,-1,1,-1,-1,1,1,1,-1,1,-1,1,1,1,-1,-1,1,-1,-1,1,-1,1,-1,1,-1,-1,1,1,-1,1,1,-1,-1,1,1,1,1,1,-1,-1,1,1,1,1,1,-1,-1,1,1,1,1,1,1,-1,-1,1,1,1,1,-1,-1,1,-1,1,1,1,1,-1,-1,1,-1,1,1,1,-1,1,1,1,1,-1,1,-1,1,1,1,1,1,1,-1,-1,1,1,1,1,-1,1,-1,1,1,1,1,1,-1,1,1,1,1,-1,-1,1,-1,1,1,-1,1,-1,-1,-1,1,1,1,-1,1,-1,-1,1,1,1,-1,-1,-1,-1,1,1,1,-1,-1,1,-1,-1,1,1,-1,1,-1,-1,-1,1,1,-1,1,-1,1,-1,1,1,1,1,1,-1,-1,1,1,-1,-1,1,1,-1,-1,1,-1,1,-1,-1,1,1,-1,-1,1,-1,1,-1,1,1,-1,1,1,-1,1,1,-1,-1,-1,1,-1,-1,-1,-1,-1,1,-1,1,-1,1,-1,1,1,1,-1,1,1,1,-1,1,1,-1,1,1,1,-1,1,1,1,1,1,1,-1,-1,1,-1,1,1,1,-1,1,1,-1,1,-1,-1,-1,1,1,1,1,1,-1,-1,-1,1,-1,1,-1,1,-1,1,-1,1,1,-2662.0,1,2000,445,1000,True
2222,-1,-1,1,1,1,1,-1,1,-1,-1,-1,1,-1,1,-1,-1,1,-1,1,1,1,1,-1,-1,-1,1,-1,-1,1,-1,-1,-1,1,1,-1,1,1,-1,-1,-1,1,-1,1,-1,-1,-1,-1,-1,1,-1,1,-1,1,-1,1,-1,-1,1,-1,-1,-1,1,1,1,-1,-1,-1,-1,-1,-1,1,-1,-1,-1,-1,-1,1,1,-1,1,-1,1,1,-1,-1,-1,-1,-1,-1,1,-1,-1,1,-1,-1,-1,1,1,-1,1,-1,1,-1,-1,1,-1,1,-1,-1,-1,-1,1,-1,1,-1,1,-1,-1,1,-1,1,-1,-1,-1,-1,1,-1,1,-1,1,-1,-1,1,-1,1,-1,-1,-1,-1,1,-1,1,-1,1,1,-1,-1,-1,-1,1,1,-1,-1,1,1,1,1,1,-1,-1,1,-1,1,1,-1,1,-1,1,-1,1,1,1,-1,-1,1,1,1,-1,1,-1,1,-1,-1,1,1,1,-1,1,1,1,1,-1,1,-1,1,1,-1,1,-1,1,-1,1,1,-1,1,-1,1,-1,-1,1,-1,1,-1,1,-1,1,1,-1,1,-1,1,-1,-1,1,-1,-1,1,1,-1,-1,1,-1,1,1,-1,1,-1,1,-1,1,-1,1,-1,1,1,-1,-1,1,1,-1,-1,1,-1,1,1,1,-1,1,-1,-1,1,-1,1,-1,1,1,1,-1,1,1,-1,1,-1,-1,-1,1,1,-1,1,-1,1,-1,-1,1,1,-1,1,1,-1,-1,1,-1,-1,1,1,-1,1,1,1,-1,-1,1,-1,1,1,-1,1,-1,1,1,-1,1,-1,-1,-1,1,-1,-1,1,-1,1,-1,1,1,-1,1,1,1,-1,1,-1,-1,1,1,-1,-1,1,-1,-1,1,-1,1,-1,1,-1,-1,1,1,-1,1,1,-1,1,-1,1,-1,1,1,-1,1,1,1,1,1,1,-1,1,1,1,1,1,-1,-1,1,1,1,1,1,-1,-1,1,-1,1,1,1,-1,-1,1,-1,1,-1,1,1,-1,1,-1,1,1,1,1,-1,-1,1,1,1,-1,-1,-1,1,1,-1,-1,1,1,-1,1,-1,1,-1,1,-1,1,1,-1,1,1,1,-1,1,1,-1,1,-1,1,-1,-1,1,-1,1,1,1,1,-1,1,1,-1,1,1,-1,-1,1,-1,-1,1,-1,1,-1,-1,1,-1,1,1,-1,-1,-1,1,-1,1,-1,1,-1,1,-1,-1,1,1,-1,-1,-1,1,-1,-1,1,1,-1,-1,1,-1,1,1,-1,1,-1,1,-1,1,1,1,-1,-1,-1,-1,1,1,-1,-1,-1,1,-1,1,-1,1,-1,-1,-1,1,1,-1,1,-1,-1,-1,-1,1,-1,-1,-1,-1,-1,-1,1,-1,1,-1,-1,-1,-1,1,-1,-1,1,-1,-1,-1,-1,1,1,-1,-1,-1,-1,-1,1,1,-1,1,-1,-1,-1,1,1,1,1,-1,-1,-1,1,1,-1,1,-1,-1,-1,1,1,1,-1,1,1,-1,1,1,1,1,1,1,1,-1,1,1,-1,1,-1,1,1,-1,1,1,-1,1,-1,-1,1,1,1,-1,1,1,-1,1,-1,1,-1,1,1,-1,-1,1,1,-1,-1,-1,-1,1,1,1,-1,-1,-1,-1,1,1,1,-1,1,1,1,-1,1,1,-1,1,1,-1,1,1,1,-1,-1,1,-1,-1,1,-1,1,1,1,1,1,1,-1,1,1,1,-1,1,1,-1,1,1,1,-1,1,-1,1,1,1,1,-1,-1,-1,1,-1,1,-1,1,-1,-1,-1,1,1,1,-1,1,-1,-1,1,1,1,1,1,-1,-1,1,1,1,1,1,-1,-1,1,-1,1,-1,1,-1,-1,1,1,1,1,1,-1,-1,1,-1,1,1,1,-1,-1,1,1,-1,1,1,-1,-1,1,1,1,1,1,-1,1,-1,1,-1,1,1,1,1,-1,1,-1,1,1,-1,1,1,-1,1,1,1,1,1,1,-1,1,-1,1,-1,1,-1,-1,1,-1,1,1,-1,1,-1,1,1,1,1,-1,1,-1,1,1,1,1,1,1,-1,1,-1,1,1,-1,-1,-1,1,1,1,1,1,1,-1,1,1,1,1,1,-1,1,-1,1,1,1,-1,-1,-1,-1,1,1,-1,1,-1,1,-1,1,1,1,-1,-1,-1,-1,1,1,-1,-1,-1,-1,1,-1,1,1,-1,-1,1,-1,1,1,-1,-1,-1,1,-1,1,1,-1,-1,-1,1,1,1,1,-1,1,-1,1,-1,1,1,1,-1,-1,1,1,1,1,1,-1,-1,1,-1,1,1,-1,1,-1,-1,1,1,1,1,-1,-1,-1,-1,1,-1,1,-1,1,-1,1,1,1,1,1,-1,-1,1,1,1,1,-1,1,-1,1,1,-1,1,-1,-1,1,1,1,1,-1,1,-1,-1,1,1,1,1,1,-1,-1,1,1,1,-1,1,1,-1,1,1,1,1,1,1,-1,1,1,1,1,1,1,-1,1,1,-1,1,1,-1,-1,1,1,-1,1,1,1,-1,1,-1,-1,1,1,1,-1,-1,1,-1,1,1,1,-1,1,1,-1,1,1,1,-1,1,1,-1,1,1,1,-1,-1,1,1,1,1,-1,1,-1,1,1,1,1,-1,1,-1,1,1,1,-1,-1,1,-1,1,1,-1,1,-1,-1,-1,1,-1,1,-1,1,-1,-1,1,-1,1,-1,-1,-1,-1,1,-1,1,-1,1,-1,-1,-1,1,1,-1,1,-1,-1,1,-1,1,-1,1,-1,1,-1,-1,1,1,1,1,-1,-1,1,-1,-1,-1,1,1,-1,1,-1,-1,1,-1,-1,1,1,-1,-1,1,-1,-1,-1,-1,1,-1,1,1,-1,1,-1,1,-1,-1,-1,1,-1,-1,-1,-1,1,-1,-1,1,1,-1,1,1,-1,1,1,-1,-1,-1,1,-1,1,1,1,1,-1,1,-1,-1,-1,1,-1,1,1,-1,1,1,1,1,-1,1,-1,1,1,-1,-1,-1,1,-1,-1,1,1,-1,-1,1,1,-1,1,-1,1,-1,1,-1,-1,1,-2662.0,1,2000,445,1500,True
2223,1,1,-1,-1,1,1,-1,1,1,1,1,-1,-1,1,1,1,-1,1,-1,-1,-1,1,1,1,1,-1,-1,-1,1,1,1,1,-1,-1,-1,1,-1,1,1,-1,-1,-1,1,1,1,1,1,-1,1,1,1,1,1,1,-1,-1,1,-1,1,1,1,-1,-1,1,1,1,1,1,-1,-1,1,-1,1,1,1,-1,-1,-1,1,1,1,-1,-1,-1,-1,1,1,1,-1,-1,1,1,-1,1,1,-1,-1,-1,-1,-1,1,1,-1,-1,1,-1,-1,1,1,-1,-1,-1,-1,-1,1,1,-1,-1,1,-1,-1,1,1,1,-1,-1,-1,-1,1,1,1,-1,1,-1,-1,1,1,1,-1,1,-1,-1,-1,1,1,-1,1,-1,-1,-1,1,1,-1,-1,1,-1,1,1,1,-1,1,1,-1,-1,1,1,-1,1,1,-1,1,1,-1,-1,1,-1,-1,1,1,-1,1,-1,1,-1,1,1,-1,1,1,-1,-1,-1,1,1,1,1,1,-1,-1,1,-1,1,1,1,-1,-1,1,1,-1,1,1,-1,1,1,-1,1,1,1,-1,1,1,1,1,1,1,1,-1,1,-1,-1,1,1,-1,-1,1,1,1,1,1,-1,-1,1,-1,1,1,1,1,-1,1,1,-1,1,1,-1,1,1,-1,1,-1,1,-1,-1,1,-1,1,1,1,1,1,1,-1,1,-1,1,1,1,1,-1,1,-1,1,1,1,1,-1,-1,1,1,1,1,1,1,-1,1,1,-1,-1,1,1,-1,-1,1,1,1,1,-1,1,-1,1,1,1,-1,1,-1,-1,1,1,1,1,-1,1,-1,1,-1,1,1,1,1,-1,1,1,1,1,1,1,-1,1,1,1,1,1,1,1,1,1,1,1,1,-1,1,1,1,-1,1,1,-1,1,1,1,1,1,1,1,-1,1,-1,1,1,1,1,-1,1,1,1,1,1,1,-1,1,1,-1,1,1,-1,-1,1,1,1,-1,1,1,-1,-1,1,-1,1,1,1,1,-1,1,1,-1,1,1,-1,1,1,-1,-1,-1,-1,-1,1,1,-1,1,1,-1,-1,1,-1,-1,1,1,1,-1,1,-1,1,1,1,-1,-1,1,1,-1,-1,1,1,1,-1,1,-1,1,1,1,-1,1,1,-1,-1,-1,1,1,1,1,1,-1,1,1,-1,1,1,1,1,-1,1,1,-1,1,-1,1,-1,1,-1,1,1,1,1,-1,-1,1,-1,1,1,1,-1,1,1,1,-1,1,1,-1,-1,1,-1,1,1,1,-1,1,1,1,1,1,1,-1,1,-1,1,1,1,1,-1,1,1,-1,1,1,-1,-1,1,-1,1,1,1,-1,-1,1,1,-1,1,1,-1,-1,1,-1,1,1,1,1,-1,1,-1,-1,-1,1,1,-1,-1,1,1,-1,1,-1,-1,1,-1,-1,1,-1,1,-1,-1,1,-1,1,-1,1,1,-1,1,-1,-1,1,1,1,-1,1,-1,1,-1,-1,-1,1,-1,1,1,-1,-1,1,-1,1,-1,1,-1,1,-1,1,1,1,-1,-1,-1,1,-1,1,1,1,-1,-1,-1,1,1,-1,1,-1,-1,-1,1,1,-1,1,-1,-1,1,1,1,-1,1,-1,-1,-1,-1,1,1,1,-1,1,-1,-1,1,-1,1,-1,-1,1,1,1,-1,1,1,-1,-1,-1,-1,-1,1,1,-1,-1,-1,1,-1,-1,1,-1,-1,-1,-1,1,1,-1,-1,-1,-1,-1,1,1,-1,1,-1,1,1,1,1,1,-1,-1,-1,-1,-1,1,-1,1,-1,-1,1,-1,1,1,-1,1,-1,-1,1,1,1,-1,1,-1,1,-1,1,1,-1,1,-1,1,-1,1,1,-1,1,-1,-1,-1,1,1,1,-1,1,-1,-1,1,1,-1,-1,-1,-1,-1,1,1,-1,-1,1,-1,-1,1,-1,1,-1,1,-1,-1,1,-1,-1,1,1,1,-1,1,1,-1,1,-1,1,-1,1,-1,-1,1,-1,1,-1,1,1,-1,1,-1,-1,-1,-1,1,-1,1,-1,1,-1,-1,1,-1,1,-1,1,-1,-1,-1,1,1,-1,-1,-1,-1,1,-1,-1,-1,-1,-1,-1,-1,-1,1,-1,-1,-1,-1,1,1,-1,1,-1,-1,-1,1,-1,-1,1,-1,-1,-1,-1,-1,1,1,-1,-1,-1,-1,-1,1,-1,-1,-1,1,-1,-1,1,-1,1,-1,-1,-1,-1,-1,-1,-1,1,-1,-1,-1,1,1,1,-1,-1,-1,1,-1,-1,-1,1,-1,-1,-1,1,-1,1,-1,-1,-1,-1,1,-1,1,-1,-1,1,-1,-1,1,1,-1,-1,-1,-1,-1,-1,1,1,-1,-1,1,-1,1,1,1,-1,-1,1,-1,-1,1,-1,-1,1,-1,-1,1,1,1,-1,1,-1,1,1,1,-1,-1,1,-1,-1,1,1,1,-1,1,-1,-1,1,1,-1,1,1,-1,-1,1,1,1,1,1,-1,-1,1,1,-1,1,1,-1,-1,1,1,1,1,-1,1,-1,-1,1,1,-1,1,-1,-1,1,-1,1,1,1,1,-1,-1,1,-1,1,-1,1,-1,1,1,1,1,-1,1,-1,1,1,1,1,1,1,-1,-1,1,1,1,1,-1,1,-1,1,1,1,1,1,-1,1,1,1,1,-1,-1,1,-1,1,1,-1,1,-1,-1,-1,1,1,1,-1,1,-1,-1,1,1,1,-1,-1,-1,-1,1,1,1,-1,-1,1,-1,-1,1,1,-1,1,-1,-1,-1,1,1,-1,1,-1,1,-1,1,1,1,1,1,-1,-1,1,1,-1,-1,1,1,-1,1,1,-1,1,-1,-1,1,1,-1,-1,1,-1,1,-1,1,1,-1,1,1,-1,1,1,-1,-1,-1,1,-1,-1,-1,-1,-1,1,-1,1,-1,1,-1,1,1,1,-1,1,1,1,-1,1,1,-1,1,1,-1,-1,1,1,1,1,1,-1,1,-1,1,-1,1,1,-1,-1,1,1,-1,1,1,1,-1,1,1,1,1,1,1,-1,1,1,-1,1,1,1,-1,1,-1,1,1,-2662.0,1,2000,445,1000,True
2224,-1,-1,1,1,1,1,-1,1,-1,-1,-1,1,-1,1,-1,-1,1,-1,1,-1,-1,1,-1,-1,-1,1,-1,-1,-1,-1,-1,-1,1,-1,-1,1,1,-1,-1,1,-1,-1,1,-1,-1,-1,-1,1,-1,-1,-1,-1,1,1,-1,-1,-1,1,-1,-1,-1,1,-1,1,-1,-1,1,-1,1,-1,1,-1,-1,-1,1,1,-1,1,-1,-1,-1,-1,1,-1,-1,-1,-1,1,1,-1,-1,-1,-1,-1,1,1,1,1,-1,1,-1,1,1,1,1,-1,-1,-1,1,1,1,-1,-1,-1,-1,1,1,1,1,-1,-1,-1,-1,1,1,-1,-1,-1,-1,1,1,1,1,-1,-1,1,1,1,1,1,-1,-1,1,-1,1,1,1,-1,-1,-1,-1,1,1,1,1,-1,1,1,1,1,1,-1,-1,-1,1,-1,1,1,1,-1,1,-1,1,1,1,-1,-1,-1,1,1,1,-1,1,-1,1,-1,1,1,1,-1,-1,1,-1,1,1,1,1,-1,1,-1,1,-1,1,1,-1,1,1,1,1,1,1,-1,1,-1,1,-1,1,1,-1,1,-1,1,1,1,1,1,-1,1,-1,1,1,1,-1,1,-1,1,1,1,1,-1,1,-1,1,-1,1,1,1,1,-1,-1,1,1,1,-1,-1,1,1,-1,1,1,-1,1,-1,1,1,-1,1,1,-1,-1,1,1,-1,1,1,-1,-1,1,1,-1,1,1,1,-1,1,1,1,1,1,1,-1,1,1,1,1,-1,-1,-1,-1,1,-1,1,1,-1,-1,1,1,-1,1,1,1,-1,-1,1,1,1,1,1,-1,1,1,-1,1,-1,1,-1,1,1,-1,1,1,1,-1,1,1,1,1,1,-1,-1,1,-1,1,1,1,-1,1,-1,-1,1,1,1,-1,1,1,1,-1,1,1,1,1,1,-1,1,1,-1,1,1,1,-1,1,1,1,-1,1,1,-1,1,1,1,1,1,1,-1,1,1,1,1,1,1,-1,1,-1,1,-1,1,1,1,-1,-1,1,1,-1,1,-1,1,1,1,-1,1,-1,-1,1,-1,1,-1,1,1,-1,1,1,-1,1,1,1,1,1,1,-1,1,1,1,-1,1,1,1,1,-1,1,1,1,-1,1,1,1,1,1,1,1,1,-1,1,-1,1,-1,1,1,-1,1,-1,1,-1,1,1,-1,1,-1,1,-1,-1,1,1,-1,-1,1,1,-1,1,1,1,-1,-1,1,-1,1,1,-1,-1,1,1,1,-1,1,1,-1,-1,1,-1,1,-1,-1,-1,1,1,1,1,-1,1,-1,1,-1,-1,1,-1,1,-1,1,-1,-1,1,-1,-1,-1,1,-1,1,1,-1,-1,-1,1,-1,-1,1,1,-1,-1,1,-1,1,-1,1,-1,-1,1,1,-1,-1,1,-1,-1,-1,1,1,-1,1,-1,-1,1,-1,-1,1,1,-1,-1,-1,1,-1,1,1,-1,-1,-1,1,-1,-1,1,1,1,-1,1,-1,1,-1,1,-1,1,-1,1,1,-1,-1,1,1,1,-1,1,-1,1,-1,1,1,1,-1,-1,-1,1,-1,1,1,1,-1,-1,-1,1,1,-1,1,-1,-1,-1,1,1,1,1,-1,-1,1,1,1,1,1,-1,-1,-1,-1,1,-1,1,-1,1,-1,-1,1,1,1,-1,-1,1,-1,1,-1,1,1,-1,-1,-1,-1,1,1,1,-1,-1,-1,1,1,1,1,-1,-1,-1,-1,1,1,-1,-1,-1,-1,-1,1,1,-1,1,-1,1,1,1,1,1,-1,-1,-1,-1,1,1,-1,1,-1,-1,1,1,1,1,-1,1,-1,-1,1,1,1,-1,1,-1,1,1,1,1,-1,1,-1,-1,1,-1,1,-1,1,-1,1,1,1,1,-1,-1,1,-1,1,1,1,-1,-1,-1,1,1,1,-1,1,-1,1,-1,1,-1,-1,1,-1,1,-1,1,1,-1,-1,1,-1,1,1,-1,-1,-1,1,-1,1,1,1,-1,1,-1,1,-1,1,-1,1,-1,1,-1,-1,1,1,-1,1,1,-1,1,1,1,-1,-1,1,1,-1,1,1,-1,1,1,1,1,1,1,1,1,-1,1,1,1,1,-1,1,-1,1,-1,1,1,-1,1,1,-1,1,1,1,-1,1,1,-1,1,1,1,-1,1,-1,-1,1,1,-1,1,1,-1,1,-1,1,-1,1,1,-1,-1,1,-1,1,1,1,-1,-1,1,1,-1,1,1,-1,1,1,1,-1,1,1,-1,-1,1,1,-1,1,1,-1,1,1,1,1,1,1,1,-1,1,1,-1,1,1,-1,1,1,1,-1,1,1,-1,-1,1,-1,-1,1,1,-1,1,1,-1,-1,-1,-1,-1,1,1,1,-1,1,1,-1,1,1,1,-1,1,-1,1,1,1,-1,1,1,-1,-1,1,1,1,-1,-1,1,-1,1,1,-1,1,-1,-1,-1,1,1,-1,-1,-1,1,-1,1,1,1,-1,1,-1,-1,1,1,-1,-1,-1,-1,-1,-1,1,-1,-1,-1,-1,-1,1,-1,1,-1,-1,-1,-1,-1,1,-1,-1,-1,-1,-1,1,1,-1,-1,1,-1,1,1,1,1,-1,-1,-1,1,-1,1,-1,-1,-1,-1,1,-1,1,-1,-1,-1,1,-1,1,1,-1,-1,-1,-1,1,-1,1,-1,1,-1,1,-1,-1,1,1,-1,1,-1,1,-1,1,1,-1,1,-1,1,-1,1,1,-1,-1,1,-1,-1,-1,1,-1,1,-1,1,-1,-1,1,-1,1,-1,1,-1,-1,1,-1,1,-1,1,-1,-1,1,-1,-1,-1,-1,1,-1,1,1,-1,1,1,-1,1,1,-1,-1,1,1,-1,-1,1,-1,-1,1,1,-1,1,1,-1,-1,-1,-1,1,-1,-1,-1,-1,-1,1,-1,1,1,-1,1,1,-1,1,1,1,-1,-1,1,-1,1,1,1,-1,-1,1,-1,1,-1,1,-1,-1,1,-1,-1,1,1,-1,-1,1,-1,1,1,1,1,-1,1,-1,-1,1,1,-1,-1,-1,1,-1,1,-1,1,-1,1,-1,-1,1,-2662.0,1,2000,445,1000,True
2225,1,1,-1,-1,1,1,-1,-1,1,1,1,-1,-1,1,1,1,-1,1,-1,-1,-1,-1,1,1,1,-1,-1,-1,1,1,1,1,1,-1,-1,-1,1,1,1,1,-1,-1,-1,1,1,1,-1,-1,1,1,-1,1,-1,1,-1,-1,1,-1,1,1,-1,-1,-1,-1,1,-1,1,-1,-1,-1,-1,1,1,1,1,-1,-1,-1,1,1,1,-1,-1,-1,1,1,1,1,-1,1,-1,1,1,1,1,-1,-1,1,1,1,1,1,-1,-1,1,1,1,1,1,-1,-1,1,1,1,1,1,-1,-1,1,1,1,-1,1,1,-1,-1,1,1,-1,1,1,-1,1,1,1,1,1,1,-1,1,1,1,-1,1,1,-1,1,1,1,1,1,1,-1,1,-1,1,-1,1,1,-1,1,1,1,1,-1,1,-1,1,-1,1,1,1,-1,-1,1,1,1,-1,1,-1,1,1,-1,1,1,1,-1,-1,-1,1,1,-1,1,-1,1,1,-1,1,-1,1,1,-1,1,-1,1,-1,1,-1,-1,1,-1,1,-1,1,-1,-1,1,-1,1,-1,1,1,-1,-1,-1,-1,1,1,-1,-1,1,-1,1,1,-1,1,-1,-1,-1,1,-1,1,-1,1,-1,-1,-1,1,1,-1,1,-1,-1,1,1,1,1,1,-1,-1,1,-1,-1,1,-1,-1,1,-1,1,-1,1,-1,-1,-1,-1,1,1,1,1,-1,-1,-1,-1,1,-1,1,-1,1,-1,-1,1,1,1,-1,1,-1,1,1,-1,1,-1,1,-1,1,1,1,-1,-1,1,1,-1,1,1,1,-1,1,-1,-1,1,-1,1,-1,1,1,-1,1,1,1,-1,1,-1,-1,1,1,1,-1,1,-1,1,1,1,-1,-1,1,-1,1,1,-1,-1,1,1,-1,1,-1,1,1,-1,1,-1,1,1,1,-1,1,1,-1,1,1,1,-1,1,-1,-1,1,1,1,-1,1,-1,-1,1,1,1,-1,1,-1,-1,-1,-1,1,-1,1,1,-1,1,1,1,1,1,1,-1,-1,-1,1,-1,1,-1,-1,1,-1,-1,-1,1,1,-1,1,-1,1,-1,1,-1,1,-1,1,1,1,1,-1,1,-1,1,1,-1,1,-1,-1,-1,-1,1,1,1,1,-1,-1,1,1,1,1,-1,-1,1,-1,-1,1,-1,1,-1,1,-1,1,1,1,-1,-1,1,1,-1,1,-1,1,-1,-1,1,-1,1,1,-1,-1,-1,1,-1,-1,1,1,-1,-1,1,-1,1,1,-1,1,-1,1,-1,-1,1,1,-1,1,1,-1,1,1,-1,-1,1,1,-1,1,-1,1,-1,1,-1,-1,1,-1,1,-1,1,-1,-1,1,-1,-1,-1,1,-1,-1,1,1,1,-1,1,-1,-1,1,-1,-1,1,-1,1,-1,1,-1,1,-1,1,1,-1,-1,-1,1,-1,1,-1,-1,1,-1,1,1,-1,1,-1,-1,1,1,-1,-1,1,-1,-1,1,1,1,1,1,1,-1,1,1,1,-1,-1,1,1,-1,-1,-1,1,-1,-1,1,-1,1,-1,1,-1,1,-1,-1,-1,1,1,-1,1,1,-1,-1,-1,1,-1,1,1,-1,1,-1,1,-1,-1,-1,-1,-1,-1,1,-1,-1,-1,-1,-1,-1,1,-1,1,1,1,1,-1,1,-1,1,1,-1,-1,-1,1,-1,-1,1,-1,1,-1,-1,1,1,1,1,-1,-1,1,1,1,1,-1,1,-1,-1,1,1,1,-1,-1,-1,1,1,1,1,-1,-1,-1,1,-1,1,-1,1,1,-1,-1,1,1,1,-1,-1,-1,-1,1,1,1,1,-1,-1,-1,1,1,1,1,-1,-1,-1,1,-1,1,-1,-1,-1,-1,1,1,1,1,-1,1,-1,1,-1,1,1,-1,-1,-1,1,1,-1,1,1,-1,-1,1,1,1,1,-1,-1,1,-1,1,-1,1,-1,1,1,-1,1,1,-1,1,-1,1,1,-1,1,1,-1,1,1,1,-1,1,1,-1,-1,1,-1,1,-1,1,-1,1,-1,1,-1,1,-1,-1,-1,-1,1,-1,1,-1,-1,1,1,1,-1,-1,1,-1,1,-1,-1,-1,1,-1,-1,-1,1,1,1,-1,-1,-1,-1,1,-1,1,-1,-1,-1,-1,-1,-1,-1,1,-1,-1,-1,1,-1,-1,1,-1,-1,-1,-1,-1,1,1,-1,-1,-1,-1,-1,1,-1,-1,-1,1,-1,-1,1,-1,1,-1,-1,-1,-1,-1,-1,-1,1,-1,-1,-1,1,1,-1,-1,-1,1,-1,1,-1,-1,-1,1,-1,-1,1,-1,1,-1,-1,-1,-1,1,-1,1,1,-1,1,-1,-1,1,1,-1,-1,-1,-1,-1,-1,1,1,-1,-1,1,-1,1,1,-1,-1,-1,1,-1,1,1,-1,-1,1,1,-1,1,1,1,-1,1,-1,1,1,1,-1,-1,1,-1,-1,1,1,1,1,-1,1,-1,1,1,1,-1,1,-1,-1,1,1,1,1,-1,1,-1,1,1,1,1,1,-1,-1,1,1,1,1,1,-1,-1,-1,1,1,1,-1,-1,-1,1,-1,1,1,1,-1,-1,-1,1,-1,1,1,-1,-1,1,1,1,1,1,-1,1,1,1,1,1,1,-1,1,-1,1,1,1,1,-1,1,-1,1,1,1,-1,1,-1,1,1,1,1,1,1,1,-1,1,1,-1,-1,1,-1,-1,1,1,1,1,-1,1,-1,1,1,1,1,-1,1,-1,1,1,1,1,-1,-1,-1,-1,1,1,-1,1,1,-1,-1,1,1,1,1,-1,1,-1,1,1,1,-1,1,-1,-1,1,-1,1,1,-1,1,-1,1,1,-1,1,1,-1,1,1,-1,1,1,-1,-1,-1,1,-1,1,1,1,-1,1,1,-1,1,1,-1,1,-1,-1,-1,1,1,-1,-1,1,1,-1,1,1,-1,1,1,1,-1,1,1,-1,1,1,1,-1,1,1,-1,-1,1,1,1,-1,1,-1,1,1,1,1,-1,1,-1,1,1,1,-1,-1,1,-1,-1,1,1,-1,1,1,1,-1,1,1,-1,1,1,-1,-1,1,-2662.0,1,2000,445,1500,True
2226,1,1,-1,-1,1,1,-1,-1,1,1,1,-1,1,1,1,1,-1,1,-1,-1,-1,-1,1,1,1,1,-1,-1,1,1,1,1,-1,-1,-1,-1,1,1,1,1,-1,-1,-1,1,1,1,1,1,-1,1,1,1,-1,1,-1,-1,1,-1,1,1,1,-1,-1,-1,1,1,1,1,1,-1,-1,1,1,1,1,1,-1,-1,1,1,1,1,1,-1,1,1,1,1,1,-1,-1,1,1,1,1,1,1,1,1,-1,1,1,1,1,1,1,1,1,1,1,1,-1,1,1,1,1,1,1,1,1,1,1,1,1,1,-1,1,1,-1,1,1,1,1,1,1,-1,1,1,1,1,1,1,-1,1,1,1,1,1,1,1,1,1,1,1,-1,1,-1,-1,1,1,1,1,1,1,-1,-1,1,1,-1,1,-1,-1,1,1,1,1,1,1,1,1,1,-1,-1,1,1,-1,1,1,1,1,1,-1,-1,1,1,1,-1,1,-1,-1,1,-1,1,-1,1,-1,1,1,1,1,-1,1,-1,1,-1,-1,1,-1,1,-1,-1,1,1,1,-1,-1,1,-1,-1,1,1,-1,1,1,1,-1,1,1,-1,1,1,-1,1,-1,1,-1,-1,1,1,-1,1,1,-1,1,1,-1,1,-1,1,-1,1,-1,-1,1,1,-1,1,-1,1,-1,1,1,-1,-1,1,1,1,1,1,-1,-1,-1,-1,-1,-1,1,1,1,-1,1,1,1,1,1,1,-1,1,1,-1,1,-1,1,-1,1,1,1,1,-1,1,-1,1,-1,1,1,1,1,-1,-1,1,-1,1,-1,1,1,-1,1,1,1,-1,1,1,1,1,1,-1,1,1,-1,1,1,1,-1,1,1,-1,1,1,-1,-1,1,1,-1,-1,1,-1,1,-1,1,-1,1,1,1,-1,1,1,-1,1,1,1,-1,1,1,-1,1,1,1,-1,1,1,-1,-1,1,1,1,1,1,-1,1,-1,1,-1,1,-1,1,-1,1,1,-1,-1,-1,1,-1,1,1,-1,1,1,1,-1,-1,-1,-1,1,-1,1,-1,1,1,-1,1,1,-1,-1,1,1,-1,1,1,-1,1,1,-1,1,1,1,1,-1,-1,1,-1,-1,-1,1,-1,1,-1,-1,1,1,1,-1,-1,-1,1,-1,1,1,-1,1,-1,-1,1,1,1,1,-1,-1,1,-1,-1,1,-1,1,-1,-1,-1,1,1,1,1,-1,-1,1,-1,1,1,-1,-1,1,-1,1,-1,1,-1,-1,-1,1,-1,1,1,-1,-1,-1,-1,1,1,-1,1,-1,-1,1,-1,1,-1,-1,1,-1,1,1,1,-1,-1,-1,-1,-1,1,1,1,-1,1,-1,1,-1,1,-1,-1,-1,1,-1,1,1,1,-1,-1,1,-1,-1,1,-1,-1,-1,-1,-1,1,1,-1,-1,-1,1,-1,-1,1,-1,-1,-1,-1,-1,-1,1,-1,-1,-1,-1,1,-1,-1,1,1,1,-1,1,-1,1,-1,1,1,1,-1,-1,-1,1,-1,1,1,1,1,-1,1,-1,-1,1,1,-1,1,1,-1,-1,-1,1,-1,-1,1,-1,-1,1,1,1,-1,1,-1,-1,1,1,-1,-1,1,-1,1,1,1,-1,-1,1,-1,-1,-1,1,1,-1,1,1,-1,-1,1,-1,-1,1,-1,1,-1,1,1,-1,-1,1,-1,-1,-1,-1,-1,1,1,1,-1,-1,1,-1,-1,1,-1,-1,1,-1,-1,1,1,-1,-1,1,-1,-1,1,1,-1,1,-1,-1,-1,-1,1,1,-1,-1,-1,-1,-1,1,-1,-1,1,-1,-1,-1,1,1,-1,-1,-1,-1,-1,1,-1,-1,-1,-1,-1,1,1,1,-1,-1,-1,1,-1,1,1,-1,-1,-1,-1,-1,1,1,1,-1,-1,-1,-1,1,1,-1,-1,-1,-1,1,-1,1,1,1,-1,1,1,-1,1,1,1,-1,-1,1,1,1,-1,-1,-1,1,-1,1,1,-1,1,-1,-1,1,-1,1,-1,1,-1,1,-1,-1,1,-1,1,-1,1,-1,-1,1,-1,1,-1,-1,1,-1,1,1,1,-1,-1,1,-1,1,1,1,-1,1,-1,-1,-1,1,1,-1,-1,1,-1,1,-1,1,-1,-1,1,1,-1,1,1,-1,-1,1,-1,-1,1,1,-1,-1,1,-1,1,-1,1,-1,-1,1,-1,1,1,-1,-1,1,-1,-1,1,-1,1,-1,1,1,-1,-1,1,1,1,1,1,-1,1,1,1,-1,-1,-1,1,-1,-1,1,-1,1,1,-1,1,1,1,-1,1,1,-1,1,-1,1,1,-1,1,-1,-1,1,1,-1,-1,1,1,-1,-1,1,1,-1,1,1,-1,1,1,-1,-1,-1,1,-1,1,1,-1,-1,1,1,-1,1,1,1,-1,1,-1,1,1,1,-1,1,1,-1,-1,1,1,-1,-1,-1,1,-1,1,1,-1,1,-1,-1,-1,1,1,-1,-1,-1,1,-1,1,1,-1,-1,-1,-1,-1,1,1,1,-1,-1,-1,-1,1,1,-1,-1,1,-1,-1,1,-1,1,-1,-1,-1,1,1,1,1,-1,1,-1,-1,1,1,1,-1,1,-1,1,1,1,1,-1,-1,-1,1,-1,1,-1,-1,-1,-1,1,-1,1,-1,-1,-1,-1,1,1,1,1,-1,-1,1,-1,1,1,-1,1,-1,1,1,1,-1,1,-1,1,-1,1,1,1,1,-1,1,-1,1,-1,1,1,-1,-1,1,-1,1,1,1,-1,1,-1,1,1,-1,1,-1,1,-1,1,1,-1,1,-1,1,-1,1,-1,1,1,-1,-1,-1,-1,-1,1,1,1,-1,1,1,1,1,1,-1,-1,1,1,1,1,1,-1,-1,1,-1,1,1,1,-1,-1,-1,-1,-1,-1,-1,-1,-1,-1,1,1,1,1,-1,1,1,-1,-1,1,1,1,-1,1,-1,1,1,1,-1,-1,1,-1,1,1,1,-1,-1,1,-1,1,1,1,-1,-1,1,-1,1,-1,1,1,-1,1,-1,-1,1,1,-1,-1,-1,-1,1,1,1,1,-1,1,-1,-1,1,-2662.0,1,2000,445,1000,True
2227,-1,-1,-1,-1,1,1,-1,1,-1,1,1,-1,1,1,-1,-1,-1,1,-1,-1,-1,1,-1,1,1,-1,-1,-1,-1,-1,1,1,-1,-1,-1,1,1,-1,1,-1,-1,-1,1,-1,-1,1,1,-1,1,-1,-1,1,-1,1,-1,-1,-1,1,1,1,1,-1,-1,1,-1,-1,1,1,-1,-1,1,-1,1,1,1,-1,-1,1,-1,1,1,-1,-1,-1,-1,1,1,1,-1,-1,1,-1,1,1,1,-1,-1,-1,-1,1,1,1,-1,-1,1,-1,1,1,1,-1,-1,-1,-1,1,1,1,-1,-1,1,-1,-1,1,1,1,-1,-1,-1,-1,1,1,1,-1,1,-1,1,1,1,1,-1,1,-1,-1,1,1,1,-1,1,-1,-1,1,1,1,-1,-1,1,-1,1,1,1,-1,1,-1,-1,1,-1,1,-1,1,-1,1,1,1,-1,-1,1,-1,1,1,1,-1,1,-1,1,-1,-1,1,-1,1,1,-1,1,1,1,1,1,1,1,-1,-1,1,-1,1,1,1,-1,-1,1,1,-1,1,1,1,-1,1,-1,1,1,1,-1,-1,1,1,1,1,1,1,-1,1,-1,-1,1,1,1,-1,-1,1,-1,1,1,-1,-1,1,-1,1,1,1,1,-1,1,-1,-1,1,1,-1,1,1,-1,1,1,1,-1,-1,1,-1,1,-1,1,1,1,1,-1,1,-1,1,-1,1,1,-1,1,-1,1,1,1,1,1,-1,1,1,1,-1,1,-1,-1,1,1,-1,1,1,1,-1,-1,1,1,1,1,-1,1,-1,1,1,-1,1,-1,-1,-1,1,1,1,1,-1,1,-1,1,-1,1,1,1,1,-1,1,1,1,1,1,-1,-1,1,1,1,1,-1,1,-1,1,1,1,1,1,-1,1,1,1,1,-1,1,-1,-1,1,1,1,1,1,1,1,1,1,1,1,1,1,1,1,1,1,1,1,1,1,1,1,1,1,1,1,1,1,1,-1,-1,1,-1,1,-1,1,-1,1,1,1,1,-1,1,1,-1,1,1,-1,1,1,1,-1,-1,-1,1,1,1,1,-1,1,-1,1,1,1,-1,1,1,1,1,1,1,-1,1,1,-1,1,1,1,-1,-1,1,1,1,-1,1,-1,1,-1,1,1,1,1,1,-1,-1,1,-1,1,1,1,-1,1,-1,1,1,1,1,1,-1,1,-1,-1,1,-1,1,-1,1,1,-1,-1,1,1,-1,-1,1,-1,1,1,-1,-1,1,1,1,1,-1,1,-1,1,1,-1,1,1,1,-1,1,1,1,1,1,1,-1,1,-1,1,-1,1,-1,1,1,-1,1,-1,1,-1,-1,1,-1,1,-1,1,-1,-1,1,-1,1,1,1,-1,-1,1,-1,1,-1,1,1,-1,-1,1,1,-1,1,1,-1,-1,1,1,-1,1,-1,-1,-1,1,1,-1,1,1,-1,-1,1,1,-1,1,1,-1,-1,1,1,1,1,1,1,-1,1,1,-1,-1,-1,1,1,-1,1,1,-1,-1,1,1,-1,-1,1,-1,1,-1,1,-1,1,-1,-1,-1,-1,-1,-1,1,1,-1,-1,-1,1,-1,-1,1,-1,-1,-1,1,-1,1,1,-1,-1,-1,1,-1,1,1,-1,-1,-1,-1,-1,-1,1,-1,1,-1,-1,-1,1,1,-1,-1,1,1,-1,-1,1,1,-1,-1,-1,1,1,1,1,-1,-1,-1,1,1,1,-1,-1,-1,1,-1,1,1,-1,-1,-1,-1,1,1,1,-1,1,-1,-1,1,-1,1,1,-1,-1,-1,1,1,1,1,-1,-1,-1,1,1,1,-1,-1,-1,-1,1,-1,1,1,-1,1,-1,1,1,-1,1,-1,-1,-1,-1,1,-1,1,-1,-1,-1,1,1,-1,-1,1,-1,1,1,1,-1,-1,-1,-1,-1,1,1,-1,1,1,-1,1,-1,1,-1,1,1,-1,-1,-1,1,-1,1,-1,-1,1,1,-1,1,1,-1,-1,1,1,-1,1,1,-1,1,-1,-1,-1,-1,1,-1,1,-1,-1,-1,-1,1,-1,-1,1,-1,1,-1,1,-1,1,-1,1,1,-1,1,-1,-1,1,-1,-1,-1,1,1,1,-1,-1,-1,-1,1,-1,-1,1,-1,-1,-1,-1,-1,-1,1,-1,-1,-1,1,-1,-1,1,-1,-1,-1,-1,-1,1,1,-1,-1,-1,-1,-1,1,-1,-1,-1,1,-1,-1,1,-1,1,-1,-1,-1,-1,-1,-1,-1,1,-1,-1,-1,1,1,-1,-1,-1,1,-1,1,-1,-1,-1,1,-1,-1,1,-1,1,-1,-1,-1,-1,1,-1,1,1,-1,1,-1,-1,1,1,-1,-1,-1,-1,-1,-1,1,1,-1,-1,1,-1,1,1,1,-1,-1,-1,-1,1,1,-1,-1,1,1,-1,1,1,1,-1,-1,-1,1,1,1,-1,-1,1,-1,-1,1,1,1,-1,-1,-1,-1,1,1,-1,1,1,1,-1,1,1,1,1,1,1,-1,1,1,-1,1,1,1,-1,1,1,1,1,1,-1,-1,1,1,1,1,1,1,-1,1,-1,1,1,1,1,-1,-1,1,-1,1,1,1,-1,1,1,1,1,-1,1,-1,1,1,1,1,1,1,-1,-1,1,1,1,1,-1,1,-1,1,1,1,1,-1,1,-1,1,1,1,-1,-1,1,-1,1,1,-1,1,-1,-1,-1,1,1,1,-1,1,-1,-1,1,1,1,-1,-1,-1,-1,1,1,1,-1,1,-1,-1,-1,1,1,-1,1,-1,-1,1,1,1,-1,1,-1,1,-1,1,1,1,1,1,-1,-1,1,1,-1,-1,1,1,-1,1,1,-1,1,-1,-1,1,1,-1,-1,1,-1,-1,-1,1,1,-1,1,1,-1,1,1,-1,-1,1,-1,1,-1,-1,-1,-1,1,-1,-1,1,1,-1,1,1,-1,1,1,1,1,-1,1,-1,1,1,1,-1,-1,1,-1,-1,-1,1,-1,-1,1,-1,1,1,1,-1,-1,1,-1,1,1,1,1,-1,1,-1,-1,1,1,1,-1,-1,1,-1,1,-1,1,-1,1,-1,-1,1,-2662.0,1,2000,445,1000,True
2228,-1,-1,1,1,1,-1,-1,1,-1,-1,1,-1,1,1,-1,-1,1,-1,1,-1,1,1,-1,-1,-1,1,-1,-1,1,-1,-1,-1,1,-1,-1,1,1,-1,-1,1,-1,-1,1,-1,-1,-1,-1,-1,1,-1,-1,-1,1,1,-1,-1,-1,1,-1,-1,1,-1,-1,1,-1,1,-1,-1,-1,-1,1,-1,-1,-1,1,-1,-1,1,-1,-1,-1,-1,-1,-1,-1,-1,-1,1,-1,-1,-1,-1,-1,1,1,-1,-1,1,-1,1,1,1,-1,-1,1,-1,-1,1,1,-1,-1,1,-1,-1,1,1,-1,-1,1,-1,-1,1,1,1,-1,-1,-1,-1,1,1,1,-1,1,-1,-1,1,1,1,-1,-1,-1,-1,1,1,1,-1,1,-1,-1,-1,1,1,-1,-1,1,-1,-1,1,1,-1,1,-1,-1,-1,1,1,-1,1,1,-1,1,1,-1,-1,1,-1,-1,1,1,-1,1,-1,1,-1,1,1,-1,1,1,-1,-1,-1,1,1,1,1,1,-1,1,1,-1,1,1,1,-1,-1,1,1,-1,1,1,-1,1,1,-1,1,1,1,-1,1,1,1,1,1,1,1,-1,1,-1,-1,1,1,1,-1,1,1,-1,1,1,-1,-1,1,-1,1,1,1,1,-1,1,1,-1,1,1,-1,1,1,-1,1,1,1,-1,-1,1,-1,1,-1,1,1,1,1,-1,1,-1,1,1,1,1,-1,1,-1,1,1,1,1,-1,-1,1,1,1,1,1,1,-1,1,1,1,-1,1,1,1,-1,1,1,1,1,-1,1,-1,1,1,1,-1,1,1,1,1,1,1,1,-1,-1,-1,1,-1,1,1,1,1,-1,1,1,1,1,1,1,1,1,1,1,1,1,-1,-1,1,1,1,1,1,-1,1,1,1,1,-1,1,1,-1,1,1,1,1,1,-1,1,1,1,1,1,1,-1,1,-1,1,1,1,1,-1,1,-1,1,1,1,1,-1,1,-1,1,-1,-1,1,-1,1,1,-1,1,1,1,1,1,1,-1,1,-1,1,-1,1,-1,-1,1,-1,-1,-1,1,1,-1,1,-1,1,-1,1,-1,1,-1,1,1,1,1,-1,1,-1,1,1,-1,1,-1,-1,-1,-1,1,1,1,1,-1,-1,1,1,1,1,-1,-1,1,-1,-1,1,-1,1,-1,1,-1,1,1,1,-1,-1,1,1,-1,1,-1,1,-1,-1,1,-1,1,1,-1,-1,-1,1,-1,-1,1,1,-1,-1,1,-1,1,1,-1,1,-1,1,-1,-1,1,1,-1,1,1,-1,1,1,-1,-1,1,1,-1,1,-1,1,-1,1,-1,1,1,-1,1,-1,1,-1,-1,1,-1,-1,-1,1,-1,-1,1,1,1,-1,1,-1,-1,1,-1,-1,1,-1,1,-1,1,-1,1,-1,1,1,-1,1,-1,1,-1,1,-1,-1,1,-1,1,1,1,1,-1,-1,1,1,-1,1,1,-1,1,1,1,1,1,1,1,-1,1,1,1,-1,-1,1,1,-1,1,1,-1,1,-1,1,1,-1,1,-1,-1,1,-1,-1,1,-1,-1,-1,1,1,-1,1,1,-1,-1,1,1,-1,-1,1,-1,-1,-1,-1,-1,1,1,-1,-1,-1,-1,-1,1,1,-1,-1,1,1,1,-1,1,-1,-1,1,1,-1,1,1,-1,-1,-1,1,-1,-1,1,1,-1,1,1,1,1,1,1,-1,-1,1,-1,1,1,1,-1,-1,1,-1,1,1,-1,-1,1,1,-1,1,1,-1,-1,1,-1,1,1,1,1,-1,1,1,-1,1,1,1,-1,1,1,1,1,1,1,-1,-1,1,1,1,1,1,-1,1,1,-1,1,1,1,-1,-1,1,1,1,1,1,-1,-1,1,1,1,1,1,-1,-1,-1,1,1,1,1,-1,-1,1,1,1,1,1,-1,-1,-1,1,1,-1,-1,1,-1,1,-1,1,1,-1,-1,-1,1,1,1,-1,1,-1,-1,1,1,-1,1,-1,-1,1,-1,-1,1,-1,1,-1,-1,1,-1,1,-1,1,-1,-1,1,-1,1,-1,1,-1,1,-1,1,1,-1,-1,-1,-1,-1,-1,1,-1,1,-1,1,-1,-1,1,1,-1,-1,1,-1,-1,1,-1,1,1,-1,1,-1,1,-1,1,-1,-1,1,-1,1,1,-1,-1,1,1,-1,1,-1,-1,-1,1,-1,-1,-1,1,-1,-1,1,-1,1,1,-1,-1,-1,-1,-1,-1,1,-1,-1,-1,1,1,1,1,-1,-1,1,1,-1,-1,1,-1,-1,-1,1,-1,1,1,-1,-1,-1,1,-1,1,1,-1,1,-1,-1,1,1,1,-1,-1,-1,-1,-1,1,-1,-1,-1,1,-1,1,1,-1,-1,-1,1,-1,1,1,1,-1,1,-1,-1,1,1,1,-1,1,-1,1,1,1,-1,-1,1,-1,-1,1,1,1,-1,1,-1,-1,1,1,1,1,1,-1,-1,1,1,-1,1,1,-1,-1,1,1,1,1,1,-1,-1,1,1,1,1,1,1,-1,-1,1,-1,1,1,-1,-1,1,-1,1,1,1,1,-1,-1,1,-1,1,1,1,-1,1,-1,1,1,-1,1,-1,1,1,1,1,1,1,1,-1,-1,1,1,1,-1,1,-1,1,1,1,1,1,-1,1,-1,1,1,-1,1,1,-1,-1,1,-1,1,1,-1,-1,1,1,1,1,-1,1,-1,-1,1,1,-1,-1,1,-1,1,1,1,-1,1,-1,-1,-1,1,1,-1,-1,1,-1,-1,1,1,-1,-1,1,-1,-1,1,1,1,1,-1,-1,-1,1,1,-1,-1,-1,1,-1,-1,1,-1,1,1,-1,1,1,-1,-1,1,-1,-1,-1,1,1,-1,1,1,-1,1,1,-1,-1,-1,-1,1,-1,-1,-1,-1,1,-1,-1,1,1,-1,1,1,-1,1,1,1,1,-1,1,-1,1,1,1,1,-1,1,-1,-1,1,1,1,-1,1,-1,1,1,1,1,-1,1,-1,1,1,-1,-1,-1,1,-1,-1,1,1,-1,-1,-1,1,-1,1,-1,1,-1,1,-1,-1,1,-2662.0,1,2000,445,1500,True
2229,-1,-1,1,1,1,1,-1,1,-1,-1,-1,1,-1,1,-1,-1,1,-1,1,1,1,1,-1,-1,-1,1,-1,-1,-1,-1,-1,-1,1,1,-1,1,1,-1,-1,-1,1,-1,1,-1,-1,-1,-1,-1,1,-1,1,-1,1,-1,1,-1,-1,1,-1,-1,-1,1,1,1,-1,-1,-1,-1,-1,-1,1,-1,-1,-1,-1,-1,1,1,-1,-1,-1,1,1,-1,-1,-1,-1,-1,-1,1,-1,-1,-1,-1,-1,-1,-1,1,-1,1,-1,-1,-1,-1,1,-1,-1,-1,-1,-1,-1,1,-1,1,-1,-1,-1,-1,1,-1,-1,-1,-1,-1,-1,1,-1,-1,1,-1,-1,-1,1,-1,1,-1,-1,-1,-1,1,-1,-1,1,-1,-1,-1,-1,-1,-1,-1,-1,-1,-1,1,1,-1,1,-1,-1,-1,1,1,-1,1,-1,-1,-1,1,-1,1,-1,-1,-1,-1,1,-1,1,-1,-1,-1,1,-1,1,1,-1,-1,-1,1,1,-1,1,1,-1,1,1,1,-1,1,-1,-1,-1,1,1,-1,-1,1,-1,-1,-1,1,-1,1,-1,-1,-1,1,1,-1,1,-1,-1,1,1,1,-1,-1,1,-1,-1,-1,1,-1,1,1,-1,1,-1,1,-1,1,1,-1,-1,1,1,-1,1,1,1,-1,-1,1,-1,1,1,1,-1,1,1,-1,-1,1,-1,-1,1,-1,1,-1,1,-1,-1,1,-1,-1,-1,-1,1,-1,1,-1,1,-1,-1,1,-1,-1,1,1,-1,-1,-1,-1,-1,1,1,-1,1,-1,1,-1,-1,1,-1,1,1,-1,1,-1,1,1,-1,1,-1,-1,-1,1,-1,-1,1,-1,-1,-1,-1,1,-1,1,1,1,-1,1,-1,-1,1,1,1,-1,1,-1,1,1,-1,1,-1,1,-1,1,1,1,-1,1,1,-1,1,-1,1,-1,1,1,-1,1,1,1,1,1,1,-1,1,1,1,1,1,-1,-1,1,1,1,1,1,-1,-1,1,1,1,1,1,-1,-1,-1,-1,1,-1,1,1,-1,1,1,1,1,1,1,-1,-1,-1,1,1,-1,-1,-1,1,-1,-1,-1,1,1,-1,1,-1,1,-1,1,-1,1,-1,1,1,1,1,-1,1,-1,1,1,-1,1,-1,-1,-1,-1,1,1,1,1,-1,-1,1,-1,1,1,-1,-1,1,-1,-1,1,-1,1,-1,1,-1,1,1,1,-1,-1,1,1,-1,1,-1,1,-1,-1,1,-1,1,-1,-1,-1,-1,1,-1,-1,1,1,-1,-1,1,-1,1,1,-1,1,-1,1,-1,1,-1,1,-1,-1,1,-1,-1,-1,-1,-1,1,1,-1,1,-1,1,-1,1,-1,1,1,-1,1,-1,1,-1,-1,1,-1,-1,-1,1,-1,1,-1,-1,1,-1,1,-1,-1,1,-1,-1,1,-1,1,-1,-1,-1,1,-1,1,1,-1,-1,-1,1,-1,1,-1,-1,1,-1,1,1,1,1,-1,-1,1,1,-1,1,1,-1,-1,1,1,1,-1,1,1,-1,1,1,1,1,1,-1,1,-1,1,1,-1,1,-1,1,-1,-1,1,1,-1,1,-1,-1,1,-1,1,-1,1,1,-1,1,1,1,-1,1,1,-1,-1,1,1,-1,-1,-1,-1,1,1,1,-1,-1,-1,-1,1,1,1,-1,1,1,1,-1,1,1,-1,1,1,-1,1,1,1,-1,-1,1,-1,-1,1,1,-1,1,1,1,1,1,1,1,1,1,-1,1,1,-1,1,1,1,-1,1,1,-1,1,1,1,-1,1,1,1,-1,1,-1,1,-1,1,-1,1,1,1,-1,1,1,1,1,1,1,1,1,1,-1,1,1,1,1,1,1,-1,1,-1,1,-1,1,-1,1,1,1,1,1,1,1,-1,1,-1,1,1,1,1,-1,1,1,-1,1,1,-1,-1,1,1,1,1,1,1,-1,-1,1,1,-1,1,-1,1,-1,1,1,-1,1,-1,1,1,-1,1,1,1,-1,-1,1,-1,1,-1,1,1,1,-1,1,-1,-1,1,1,-1,1,-1,1,1,1,1,-1,1,-1,1,-1,1,1,-1,1,-1,1,-1,1,1,1,-1,-1,1,-1,1,1,-1,-1,1,-1,-1,1,1,1,-1,1,-1,-1,1,1,-1,-1,-1,1,-1,1,1,-1,-1,-1,1,-1,1,1,1,1,1,1,-1,1,1,-1,-1,1,-1,-1,1,1,1,-1,1,-1,1,1,1,1,-1,-1,-1,-1,-1,1,1,-1,1,1,-1,1,1,1,-1,1,-1,-1,1,1,1,-1,1,-1,1,1,1,1,-1,1,-1,1,1,1,1,1,-1,1,1,1,1,1,1,-1,-1,1,-1,1,1,1,-1,1,1,1,1,1,1,-1,1,1,1,1,1,1,-1,1,1,-1,1,1,-1,1,1,1,1,1,1,-1,-1,1,1,1,1,1,-1,-1,1,1,1,1,1,1,-1,1,1,1,1,1,1,-1,1,1,1,1,1,1,-1,1,1,-1,1,1,1,-1,1,1,-1,1,1,1,-1,1,-1,-1,1,1,1,-1,-1,1,-1,1,1,1,-1,1,1,-1,1,-1,1,-1,1,1,-1,1,1,1,-1,-1,1,1,1,1,1,1,-1,1,1,1,1,-1,1,-1,1,1,1,-1,-1,1,-1,1,1,-1,1,-1,-1,-1,1,-1,1,-1,1,-1,-1,1,-1,1,-1,-1,-1,-1,1,-1,1,-1,-1,-1,-1,-1,1,1,-1,1,-1,-1,-1,-1,1,-1,1,-1,-1,1,-1,1,1,1,1,-1,-1,1,1,-1,-1,1,1,1,1,-1,-1,1,-1,-1,1,1,-1,-1,1,-1,-1,-1,-1,1,-1,1,-1,1,1,-1,1,-1,-1,-1,1,-1,-1,-1,-1,1,-1,1,1,1,-1,1,1,-1,1,1,-1,-1,-1,1,-1,1,1,1,1,-1,1,-1,1,1,1,-1,-1,1,-1,1,1,1,-1,-1,1,-1,1,1,-1,-1,-1,1,-1,-1,1,1,-1,-1,-1,1,-1,1,-1,1,-1,1,-1,-1,1,-2662.0,1,2000,445,1500,True
2230,1,1,-1,-1,1,1,-1,-1,1,1,1,-1,1,1,1,1,-1,1,-1,-1,1,-1,1,1,1,-1,1,-1,1,1,1,1,1,-1,-1,-1,1,1,1,1,-1,-1,-1,1,1,1,1,-1,1,1,1,1,-1,1,-1,-1,1,-1,1,1,1,-1,-1,-1,1,1,1,1,-1,-1,-1,1,1,1,1,-1,-1,-1,1,1,1,-1,-1,-1,1,1,1,1,-1,-1,-1,1,1,1,1,-1,-1,1,1,-1,1,1,-1,-1,1,1,1,1,1,-1,-1,1,1,1,1,1,-1,-1,1,1,1,1,1,1,-1,-1,1,1,-1,1,1,-1,1,1,1,1,1,1,-1,-1,1,1,1,1,1,-1,1,1,1,1,1,1,-1,-1,-1,1,1,1,1,-1,1,1,1,1,-1,1,-1,1,-1,1,1,1,-1,-1,1,1,1,1,1,-1,1,-1,-1,1,1,1,-1,1,1,1,1,-1,1,1,1,1,-1,1,-1,1,-1,1,1,-1,1,-1,1,1,-1,1,-1,1,-1,1,-1,1,1,-1,1,-1,1,1,1,1,-1,-1,1,1,-1,-1,1,-1,1,-1,-1,1,-1,1,-1,1,-1,1,-1,1,1,-1,-1,-1,1,1,-1,1,-1,1,1,1,-1,1,1,-1,1,-1,1,-1,1,-1,1,-1,1,1,-1,1,-1,-1,-1,1,1,-1,1,-1,-1,-1,1,1,-1,-1,1,1,-1,-1,1,1,-1,1,1,-1,1,1,1,1,-1,1,-1,1,1,-1,1,-1,1,1,-1,1,1,-1,-1,1,-1,-1,1,-1,-1,-1,1,1,-1,1,1,1,-1,1,-1,-1,1,1,1,1,1,-1,1,1,1,1,-1,1,-1,1,1,1,-1,1,1,-1,-1,1,1,1,-1,1,-1,1,1,1,-1,1,1,-1,1,1,1,-1,1,-1,-1,1,1,1,1,1,-1,-1,-1,1,1,-1,1,-1,-1,1,-1,1,-1,1,1,-1,-1,1,1,1,-1,1,-1,-1,1,1,-1,1,-1,-1,-1,-1,-1,-1,1,1,-1,-1,1,1,-1,1,-1,-1,-1,1,1,1,1,1,-1,1,1,1,-1,1,-1,-1,-1,-1,1,1,1,1,-1,-1,1,1,1,1,-1,-1,1,-1,-1,1,-1,1,-1,-1,-1,1,1,1,-1,-1,1,1,-1,1,-1,1,-1,-1,1,-1,1,1,-1,-1,-1,1,-1,-1,1,1,-1,-1,1,-1,1,1,-1,1,-1,1,-1,-1,1,1,-1,-1,1,-1,1,1,-1,-1,1,1,-1,1,-1,1,-1,1,-1,-1,1,-1,1,-1,1,-1,-1,1,1,-1,-1,1,-1,-1,1,-1,1,-1,1,-1,-1,1,1,-1,1,-1,1,-1,1,1,1,-1,1,1,-1,-1,1,1,-1,1,-1,-1,1,1,1,1,1,1,-1,-1,1,1,-1,1,1,-1,-1,1,1,1,-1,1,1,-1,1,1,1,1,1,1,1,-1,-1,-1,1,-1,1,1,1,1,-1,1,-1,1,-1,-1,-1,1,1,-1,1,1,-1,-1,-1,1,-1,1,1,-1,1,-1,1,-1,-1,-1,-1,-1,-1,1,-1,-1,-1,-1,-1,-1,1,-1,1,1,1,1,-1,1,-1,1,1,-1,-1,-1,1,-1,-1,1,-1,1,-1,-1,1,1,1,1,-1,-1,1,1,1,1,-1,1,-1,-1,1,1,1,-1,-1,-1,1,1,1,1,-1,-1,-1,1,-1,1,-1,1,-1,-1,-1,1,1,1,-1,-1,-1,-1,1,1,1,1,-1,-1,-1,1,1,1,1,-1,-1,-1,1,1,1,-1,-1,-1,1,1,1,1,1,-1,-1,-1,1,1,1,1,-1,-1,-1,1,1,-1,1,-1,-1,-1,1,1,1,1,-1,-1,1,1,1,1,-1,-1,1,1,-1,1,1,-1,-1,-1,1,1,1,1,1,-1,1,1,1,1,1,-1,-1,-1,1,-1,1,-1,-1,-1,-1,1,-1,1,1,-1,-1,-1,1,-1,1,1,-1,-1,-1,1,1,1,1,-1,-1,1,-1,-1,1,1,-1,-1,-1,1,1,-1,-1,-1,-1,-1,1,-1,1,-1,-1,-1,-1,-1,-1,-1,1,-1,-1,-1,1,-1,-1,1,-1,-1,-1,-1,-1,1,1,-1,-1,-1,-1,-1,1,-1,-1,-1,1,-1,-1,1,-1,1,-1,-1,-1,-1,-1,-1,-1,1,-1,-1,-1,1,1,-1,-1,-1,1,-1,-1,-1,-1,-1,1,-1,-1,1,-1,1,-1,-1,-1,-1,1,-1,1,1,-1,1,-1,-1,1,1,-1,-1,-1,-1,-1,-1,1,1,-1,-1,1,-1,1,1,-1,-1,-1,1,-1,1,1,-1,-1,1,-1,-1,1,1,1,-1,1,-1,1,1,1,-1,-1,1,-1,-1,1,1,1,-1,1,-1,-1,1,1,-1,1,1,-1,-1,1,1,1,1,1,-1,-1,1,1,1,1,1,-1,-1,1,1,1,1,1,1,-1,-1,1,1,1,1,-1,-1,1,-1,1,1,1,1,-1,-1,1,-1,1,1,1,-1,1,1,1,1,-1,1,-1,1,1,1,1,1,1,1,-1,1,1,1,1,-1,1,-1,1,1,1,1,1,-1,1,1,1,1,-1,-1,1,-1,1,1,-1,1,1,-1,-1,1,1,1,-1,1,1,-1,1,1,1,-1,-1,1,-1,1,1,1,-1,1,-1,-1,-1,1,1,-1,-1,1,-1,-1,1,1,1,-1,1,-1,-1,-1,1,1,1,-1,-1,-1,1,1,-1,-1,-1,1,-1,-1,1,-1,1,1,-1,-1,1,-1,-1,1,-1,1,-1,1,1,-1,1,1,-1,1,1,-1,-1,1,-1,1,-1,-1,-1,-1,1,-1,-1,1,1,-1,1,1,-1,1,-1,1,1,-1,1,-1,1,1,1,1,-1,1,-1,-1,-1,1,1,-1,1,-1,1,-1,1,1,-1,1,-1,1,1,-1,-1,-1,1,-1,-1,-1,1,-1,-1,-1,1,-1,1,-1,1,-1,1,-1,-1,1,-2662.0,1,2000,445,0,False
2231,-1,-1,1,1,1,1,-1,1,-1,-1,-1,1,-1,1,-1,-1,1,-1,1,1,-1,1,-1,-1,-1,1,-1,-1,1,-1,-1,-1,1,1,-1,1,1,-1,-1,-1,1,-1,1,-1,-1,-1,1,1,-1,-1,-1,-1,1,1,1,-1,-1,1,-1,-1,1,1,1,1,-1,1,-1,1,1,-1,1,-1,-1,-1,1,-1,-1,1,-1,-1,-1,1,1,-1,-1,-1,-1,1,1,1,-1,-1,-1,1,-1,1,-1,1,-1,1,1,1,1,-1,1,-1,-1,1,1,1,-1,1,-1,-1,1,1,1,-1,1,-1,-1,1,1,1,-1,1,-1,-1,1,1,-1,-1,1,-1,-1,1,1,1,-1,-1,-1,-1,1,1,1,-1,1,-1,-1,-1,1,1,-1,-1,1,-1,1,1,1,-1,1,1,-1,-1,1,1,-1,1,1,-1,1,1,1,-1,1,-1,-1,1,1,-1,1,-1,1,-1,1,1,-1,1,1,-1,-1,-1,1,1,1,1,1,-1,1,1,-1,1,1,1,-1,1,1,1,-1,1,1,-1,1,1,1,1,1,1,1,1,1,-1,-1,1,1,1,-1,1,-1,-1,1,1,1,-1,1,-1,-1,1,1,1,-1,1,-1,1,1,1,1,-1,-1,1,-1,1,1,-1,1,1,-1,1,1,1,1,-1,1,-1,1,-1,1,-1,-1,1,-1,1,-1,1,-1,-1,1,1,1,-1,1,-1,1,1,1,-1,1,1,-1,1,1,1,-1,1,1,-1,-1,-1,1,1,-1,1,-1,-1,-1,1,-1,-1,1,1,-1,-1,1,1,1,1,-1,-1,-1,1,-1,-1,1,1,-1,-1,1,1,-1,1,-1,1,-1,1,1,1,1,-1,-1,1,1,-1,1,1,-1,-1,1,1,-1,1,1,-1,1,-1,1,1,-1,1,-1,1,1,1,-1,1,1,-1,-1,1,1,-1,1,-1,-1,-1,1,1,-1,1,-1,-1,1,-1,1,-1,1,-1,-1,1,-1,1,-1,1,1,-1,1,-1,1,1,-1,1,-1,-1,1,1,-1,1,-1,-1,1,1,-1,-1,1,1,-1,1,-1,1,-1,1,-1,1,1,-1,1,1,1,-1,1,1,-1,1,-1,1,-1,-1,1,-1,1,1,1,1,-1,1,1,1,1,1,-1,-1,1,-1,-1,1,-1,1,-1,-1,1,-1,1,-1,-1,-1,-1,1,-1,1,-1,1,-1,-1,1,-1,1,1,-1,-1,-1,1,-1,-1,1,1,-1,-1,1,-1,1,1,-1,1,-1,1,-1,-1,1,1,-1,-1,-1,-1,1,1,-1,1,-1,1,-1,1,-1,1,-1,-1,-1,-1,1,-1,1,-1,-1,-1,-1,1,-1,-1,1,-1,-1,-1,1,1,1,1,1,-1,-1,1,-1,-1,1,-1,-1,-1,1,1,1,-1,1,-1,-1,-1,-1,1,-1,1,-1,-1,1,-1,1,1,1,-1,-1,-1,1,1,-1,1,-1,-1,-1,1,1,1,-1,1,1,-1,1,1,1,1,1,1,1,-1,1,1,-1,1,-1,1,-1,-1,1,-1,-1,1,-1,-1,1,-1,-1,-1,1,1,-1,1,1,-1,-1,1,1,-1,-1,1,-1,-1,-1,-1,-1,1,1,-1,-1,-1,-1,-1,1,1,-1,-1,1,1,1,-1,1,-1,-1,1,1,-1,1,1,-1,-1,-1,1,-1,-1,1,1,-1,1,1,1,1,1,-1,1,1,1,-1,1,1,1,-1,1,1,-1,1,1,-1,1,1,1,-1,1,1,-1,-1,1,-1,1,1,1,-1,1,1,-1,-1,1,1,1,1,1,1,1,1,1,1,1,1,1,1,1,1,-1,1,-1,1,-1,1,1,1,1,1,1,1,1,-1,1,1,-1,1,-1,1,1,1,1,1,-1,1,1,1,1,1,1,1,1,1,1,-1,1,1,-1,-1,1,-1,-1,1,1,1,-1,1,1,-1,1,-1,-1,1,1,-1,1,1,-1,1,-1,-1,1,-1,1,-1,1,-1,1,-1,1,1,-1,1,-1,1,-1,1,1,-1,1,-1,1,-1,1,1,-1,1,-1,1,-1,-1,1,1,1,1,1,-1,1,1,-1,1,1,1,1,-1,1,-1,1,-1,1,-1,1,1,1,-1,1,1,-1,1,1,1,-1,1,1,1,-1,1,-1,-1,1,1,-1,-1,1,-1,1,-1,-1,1,-1,1,1,-1,1,1,-1,-1,1,1,-1,1,1,-1,-1,-1,1,1,1,1,-1,-1,1,1,-1,1,1,-1,-1,1,-1,1,1,1,-1,-1,-1,1,-1,1,1,-1,1,-1,-1,1,1,1,-1,-1,-1,-1,-1,1,-1,-1,-1,1,-1,1,1,-1,-1,-1,-1,-1,1,1,1,-1,-1,-1,-1,1,1,-1,1,-1,-1,1,1,1,-1,-1,1,-1,-1,1,1,-1,-1,1,-1,-1,1,1,-1,1,-1,-1,-1,1,1,-1,-1,1,-1,-1,1,1,-1,-1,1,-1,-1,1,1,-1,1,1,1,-1,-1,1,-1,-1,1,-1,-1,1,-1,-1,-1,1,1,-1,-1,1,-1,1,-1,1,-1,1,1,-1,1,-1,1,-1,1,1,-1,1,1,1,1,-1,1,-1,1,1,-1,1,-1,1,-1,1,1,1,-1,1,1,1,1,-1,1,1,-1,1,1,-1,1,1,-1,-1,1,-1,1,1,-1,1,-1,1,-1,1,-1,-1,1,-1,1,-1,1,-1,1,-1,-1,-1,1,1,-1,-1,1,-1,-1,-1,1,-1,-1,1,-1,-1,-1,1,1,-1,1,-1,-1,1,1,-1,-1,-1,1,-1,1,1,-1,1,1,-1,1,1,-1,-1,1,1,-1,-1,-1,1,-1,1,1,-1,1,1,-1,-1,-1,-1,1,-1,-1,-1,-1,-1,-1,-1,1,1,-1,1,1,-1,1,1,1,1,-1,1,-1,1,1,1,1,-1,1,-1,1,1,1,1,-1,1,-1,-1,1,1,1,-1,1,-1,1,1,1,-1,-1,1,-1,-1,1,1,-1,-1,-1,1,-1,1,-1,1,-1,1,-1,-1,1,-2662.0,1,2000,445,1500,True
2232,-1,-1,1,1,1,1,-1,1,-1,-1,-1,1,-1,1,-1,-1,1,-1,1,1,-1,1,-1,-1,-1,1,-1,-1,1,-1,-1,-1,1,1,-1,1,1,-1,-1,-1,1,-1,1,-1,-1,-1,-1,1,-1,-1,-1,-1,1,-1,1,-1,-1,1,-1,-1,-1,1,1,1,-1,-1,-1,-1,-1,-1,1,-1,-1,-1,-1,-1,-1,1,-1,-1,-1,1,1,-1,-1,-1,-1,-1,-1,1,-1,-1,-1,-1,-1,-1,-1,1,-1,1,-1,-1,-1,-1,1,-1,-1,-1,-1,-1,-1,1,-1,-1,-1,-1,-1,-1,1,-1,-1,-1,-1,-1,-1,1,-1,-1,1,-1,-1,-1,-1,-1,-1,1,-1,-1,-1,-1,-1,-1,1,-1,-1,-1,1,-1,-1,-1,-1,-1,-1,-1,1,-1,1,1,-1,-1,-1,1,-1,-1,-1,-1,1,-1,1,-1,-1,-1,-1,-1,-1,-1,-1,1,-1,-1,-1,1,1,-1,-1,-1,-1,-1,-1,-1,-1,1,-1,-1,-1,-1,1,-1,1,-1,-1,1,-1,1,-1,1,-1,-1,-1,-1,1,-1,1,-1,1,-1,-1,1,-1,1,-1,1,-1,-1,1,1,-1,1,-1,-1,1,1,1,1,-1,1,-1,-1,1,-1,1,-1,1,1,-1,1,1,1,-1,-1,1,-1,1,-1,-1,1,1,-1,-1,1,-1,1,-1,1,-1,-1,1,1,-1,-1,1,-1,1,1,1,-1,-1,1,-1,1,1,1,1,-1,1,-1,-1,1,1,1,-1,1,1,-1,1,1,-1,-1,1,-1,1,1,1,-1,-1,1,1,-1,1,1,1,-1,-1,1,1,1,1,1,-1,1,1,1,1,-1,1,-1,1,1,1,1,1,1,-1,1,-1,1,1,1,-1,-1,1,1,-1,1,1,-1,1,-1,1,1,1,1,-1,1,-1,1,1,1,1,1,1,1,-1,-1,1,1,1,1,1,1,-1,-1,1,-1,1,1,-1,-1,-1,1,1,-1,1,-1,-1,-1,1,1,-1,1,-1,-1,1,-1,1,-1,1,-1,-1,1,-1,1,-1,1,-1,1,-1,-1,1,1,-1,-1,-1,1,-1,1,-1,1,-1,-1,-1,1,1,-1,1,-1,-1,1,-1,1,-1,1,-1,-1,-1,-1,1,-1,1,1,1,1,-1,1,1,-1,1,-1,-1,-1,1,-1,-1,1,1,1,-1,-1,1,-1,1,-1,-1,-1,-1,1,-1,1,1,1,-1,-1,1,-1,1,-1,-1,-1,-1,1,-1,-1,1,1,-1,-1,1,-1,1,1,-1,1,-1,1,-1,1,1,1,-1,-1,-1,-1,1,1,-1,1,-1,1,-1,1,-1,1,-1,-1,-1,1,1,1,1,-1,-1,-1,-1,1,-1,-1,1,-1,-1,-1,1,-1,1,1,1,-1,-1,1,-1,-1,1,-1,-1,-1,1,-1,1,-1,1,-1,-1,-1,1,1,-1,1,-1,-1,1,-1,1,1,1,-1,-1,-1,1,1,-1,1,-1,-1,-1,1,1,1,-1,1,1,-1,1,1,1,1,1,-1,1,-1,1,1,-1,1,-1,1,-1,-1,1,-1,-1,1,-1,-1,1,-1,-1,-1,1,1,-1,1,1,-1,-1,1,1,-1,-1,1,-1,-1,-1,-1,-1,1,1,-1,-1,-1,-1,-1,1,1,-1,-1,1,1,1,-1,1,-1,1,-1,1,-1,1,1,-1,1,-1,1,-1,-1,1,1,-1,1,1,1,1,1,1,-1,-1,1,-1,1,1,1,-1,-1,1,-1,1,1,-1,-1,1,1,-1,1,1,-1,1,1,-1,1,1,1,1,-1,1,-1,-1,1,1,1,-1,1,1,1,1,1,1,-1,-1,1,1,1,1,1,-1,1,1,-1,1,1,1,-1,-1,1,1,1,-1,1,-1,-1,1,-1,1,1,1,-1,-1,-1,1,1,1,1,-1,-1,1,1,1,1,-1,1,-1,1,-1,1,-1,-1,1,-1,1,-1,1,1,-1,-1,1,-1,1,1,-1,-1,-1,-1,1,-1,1,1,-1,1,-1,1,-1,1,-1,1,-1,-1,1,-1,1,1,-1,1,-1,1,-1,1,1,-1,1,-1,1,-1,1,1,-1,1,1,1,1,1,-1,1,1,-1,1,1,1,1,-1,1,-1,1,-1,1,1,-1,1,1,-1,1,1,1,-1,1,1,-1,1,1,1,1,1,-1,-1,1,1,1,1,1,-1,1,-1,1,1,1,1,1,-1,1,1,1,1,1,1,-1,1,1,1,1,1,1,1,1,1,1,1,1,1,-1,1,1,-1,1,1,-1,1,1,1,1,1,1,1,-1,1,1,1,1,1,-1,1,1,1,1,1,1,-1,-1,1,-1,1,1,1,-1,1,1,1,1,1,-1,-1,1,1,1,1,1,1,-1,1,1,-1,1,1,-1,1,1,1,1,1,1,-1,-1,1,1,1,1,-1,1,-1,1,1,1,1,-1,-1,-1,1,1,1,1,-1,1,-1,1,1,1,1,1,-1,-1,1,1,-1,1,1,-1,-1,1,1,-1,1,-1,-1,-1,1,-1,1,1,1,-1,1,1,1,-1,1,1,-1,-1,1,1,-1,1,1,-1,1,1,1,-1,1,1,-1,1,-1,-1,1,1,1,-1,1,-1,1,1,1,-1,-1,1,-1,1,1,1,1,-1,1,-1,1,1,-1,1,-1,-1,-1,1,-1,1,-1,1,1,-1,1,-1,1,1,-1,1,-1,1,-1,1,1,-1,1,-1,-1,1,1,1,-1,1,-1,-1,-1,1,-1,1,-1,1,-1,-1,1,1,1,-1,1,-1,1,1,1,1,-1,1,-1,1,1,1,-1,1,-1,1,1,1,1,-1,1,-1,-1,-1,1,1,-1,1,-1,1,1,-1,1,1,1,-1,-1,-1,1,1,-1,1,1,-1,1,-1,1,-1,1,-1,1,1,1,1,-1,1,-1,1,1,1,1,1,1,1,1,1,1,1,1,1,-1,1,1,1,1,-1,1,-1,1,1,-1,1,1,1,1,1,1,-1,1,-1,1,-1,1,1,-1,1,1,-1,1,1,-2662.0,1,2000,445,500,True
2233,-1,-1,1,1,1,1,-1,1,-1,-1,-1,1,-1,-1,-1,-1,1,-1,1,-1,-1,1,-1,-1,-1,1,-1,-1,1,-1,-1,-1,1,-1,-1,1,1,-1,-1,1,-1,-1,1,-1,-1,-1,1,1,-1,-1,1,-1,1,1,-1,1,-1,1,-1,-1,1,1,-1,1,-1,-1,-1,1,1,-1,1,-1,-1,-1,1,1,1,1,-1,-1,-1,1,1,-1,-1,-1,-1,1,1,1,1,-1,-1,-1,1,1,-1,1,-1,1,-1,1,1,1,-1,-1,-1,-1,1,1,1,1,-1,1,-1,1,1,1,1,-1,-1,-1,-1,1,1,1,-1,-1,-1,1,1,1,-1,-1,-1,1,1,1,1,-1,-1,-1,1,-1,1,1,1,-1,-1,-1,-1,1,1,1,1,-1,1,1,1,1,-1,1,-1,-1,1,-1,1,-1,1,-1,1,-1,1,1,-1,-1,-1,-1,1,1,-1,1,1,-1,1,-1,1,-1,-1,-1,-1,1,-1,1,-1,-1,1,-1,1,-1,1,-1,-1,1,-1,1,1,1,1,-1,1,-1,1,-1,1,-1,-1,1,-1,1,-1,1,1,-1,1,1,-1,1,-1,1,-1,1,1,1,-1,1,1,-1,1,-1,1,-1,1,-1,-1,1,1,1,-1,-1,1,-1,1,-1,-1,-1,1,-1,-1,1,-1,1,-1,1,1,-1,1,1,-1,-1,1,1,-1,1,1,-1,-1,1,-1,-1,1,1,1,-1,1,1,-1,1,1,1,-1,1,1,-1,1,1,-1,-1,-1,1,1,1,1,-1,-1,1,1,-1,1,-1,1,-1,-1,1,1,1,1,1,-1,1,1,1,1,-1,1,-1,1,1,1,1,1,1,-1,1,1,1,1,1,-1,-1,1,1,-1,1,1,-1,1,-1,1,1,1,1,-1,1,-1,1,-1,1,1,1,1,1,-1,1,1,1,1,1,1,-1,1,-1,1,-1,1,1,-1,1,-1,1,1,-1,1,-1,1,-1,1,1,-1,1,-1,1,1,-1,1,-1,1,1,-1,1,-1,1,-1,1,-1,1,-1,-1,1,1,-1,-1,1,1,-1,1,-1,1,-1,1,-1,1,1,-1,1,1,1,1,-1,1,-1,1,-1,1,-1,-1,1,-1,1,1,1,1,-1,1,1,1,1,1,-1,-1,1,-1,-1,1,-1,1,-1,-1,1,-1,1,-1,-1,-1,-1,1,-1,1,-1,1,-1,-1,1,-1,1,1,-1,-1,-1,1,-1,-1,1,1,-1,-1,1,-1,1,1,-1,1,-1,1,-1,-1,1,1,-1,-1,-1,-1,1,1,-1,1,-1,1,-1,1,-1,1,-1,-1,-1,1,1,-1,1,-1,-1,-1,-1,1,-1,-1,-1,-1,-1,-1,1,-1,1,-1,1,-1,-1,1,-1,-1,1,-1,-1,-1,1,-1,1,-1,1,-1,-1,1,-1,1,-1,1,-1,-1,1,-1,1,1,1,-1,-1,-1,1,1,-1,1,-1,-1,1,1,1,1,-1,1,1,-1,1,1,1,1,1,-1,1,-1,1,1,-1,1,-1,1,1,1,-1,-1,-1,1,-1,-1,1,-1,-1,-1,1,1,-1,1,1,-1,-1,1,1,-1,-1,1,-1,-1,-1,-1,-1,1,1,-1,-1,-1,-1,-1,1,1,-1,-1,1,1,1,-1,1,-1,1,-1,1,-1,1,1,-1,1,-1,1,-1,-1,1,1,-1,1,1,1,1,1,1,-1,-1,1,-1,1,1,1,-1,-1,1,-1,1,1,-1,-1,1,1,-1,1,1,-1,1,1,-1,1,-1,1,1,-1,1,1,-1,1,1,1,-1,1,1,1,1,1,1,-1,-1,1,1,1,1,1,-1,1,1,-1,1,1,1,-1,-1,1,1,1,-1,1,-1,-1,1,1,1,1,1,-1,-1,-1,1,1,1,1,-1,-1,1,1,1,1,-1,1,-1,1,-1,1,-1,-1,1,-1,1,-1,1,1,-1,-1,1,-1,1,1,-1,-1,-1,-1,1,-1,1,1,-1,1,-1,1,-1,1,-1,1,-1,-1,1,-1,1,1,-1,1,-1,1,-1,1,1,-1,1,-1,1,-1,1,1,-1,1,1,1,1,1,-1,1,1,-1,1,1,1,1,-1,1,-1,1,-1,1,1,-1,1,1,-1,1,1,1,-1,1,1,-1,1,1,1,-1,1,-1,-1,1,1,-1,1,1,-1,1,-1,1,-1,1,1,1,-1,1,1,1,1,1,1,-1,1,1,-1,1,1,1,1,1,1,-1,1,1,1,-1,1,1,-1,1,1,-1,1,1,-1,1,1,1,1,-1,1,1,-1,1,1,-1,1,1,1,-1,1,1,-1,-1,1,-1,-1,1,1,-1,1,1,-1,-1,-1,-1,-1,1,1,1,-1,1,1,-1,1,1,1,-1,1,-1,1,1,1,-1,1,1,-1,-1,1,1,-1,-1,-1,1,-1,1,1,-1,1,-1,-1,-1,1,1,-1,-1,-1,1,-1,1,1,-1,-1,-1,-1,-1,1,1,-1,-1,-1,-1,-1,-1,1,-1,-1,-1,-1,-1,1,-1,1,-1,-1,-1,-1,-1,1,-1,-1,-1,-1,-1,1,-1,-1,-1,1,-1,1,1,1,1,-1,-1,-1,1,-1,-1,-1,-1,-1,-1,1,-1,1,-1,-1,-1,1,-1,1,-1,-1,-1,-1,-1,1,-1,-1,-1,1,-1,1,-1,-1,1,1,-1,1,-1,1,-1,-1,1,-1,1,-1,1,-1,1,1,-1,1,1,-1,-1,-1,1,-1,1,-1,1,-1,-1,1,-1,1,-1,1,-1,-1,1,-1,-1,1,-1,-1,-1,1,-1,1,1,-1,1,-1,1,1,1,-1,1,-1,1,-1,1,1,-1,1,-1,-1,-1,-1,1,-1,1,-1,1,-1,1,1,1,-1,1,-1,1,1,1,-1,-1,-1,1,1,-1,1,-1,-1,1,1,1,1,1,-1,-1,1,1,1,1,1,1,-1,1,1,1,1,1,1,-1,-1,1,-1,-1,1,1,-1,1,1,1,1,1,1,-1,-1,1,1,-1,1,1,1,-1,1,1,-1,1,1,-1,-1,1,-2662.0,1,2000,445,500,True
2234,-1,-1,1,1,1,1,-1,1,-1,-1,1,-1,-1,1,-1,-1,1,-1,1,-1,-1,1,-1,-1,-1,1,-1,-1,1,-1,-1,-1,1,-1,-1,1,1,-1,-1,1,-1,-1,1,-1,-1,-1,-1,-1,1,-1,1,-1,1,1,-1,-1,-1,1,-1,-1,1,-1,-1,1,-1,-1,-1,-1,-1,-1,1,-1,-1,-1,1,-1,-1,1,-1,-1,-1,-1,-1,-1,-1,-1,-1,1,-1,-1,-1,-1,-1,-1,1,-1,-1,1,-1,1,-1,1,-1,-1,1,-1,-1,-1,1,-1,-1,1,-1,1,-1,1,-1,-1,1,-1,-1,-1,1,1,-1,-1,-1,-1,-1,1,1,-1,1,-1,-1,1,1,1,-1,-1,-1,-1,1,1,1,-1,1,-1,-1,-1,1,1,-1,-1,1,-1,-1,1,1,-1,1,-1,-1,-1,1,1,-1,1,1,-1,1,1,-1,-1,1,-1,-1,-1,1,-1,1,-1,1,-1,1,1,-1,1,1,-1,-1,1,1,1,1,1,1,-1,1,1,-1,1,1,1,-1,1,1,1,-1,1,1,-1,1,1,-1,1,1,1,1,1,1,1,1,1,1,1,-1,1,-1,-1,1,1,-1,1,-1,1,-1,1,1,1,1,1,-1,-1,1,1,1,1,-1,1,-1,1,1,1,1,1,-1,1,1,1,1,-1,1,-1,1,-1,1,-1,-1,1,-1,1,-1,1,1,1,1,-1,1,-1,1,-1,1,1,-1,-1,1,1,1,1,1,1,-1,1,1,1,-1,-1,1,1,-1,1,-1,-1,-1,1,-1,-1,1,1,1,-1,1,1,1,1,-1,-1,-1,-1,-1,-1,-1,1,-1,-1,1,1,-1,1,-1,-1,-1,1,1,1,1,-1,-1,1,1,-1,1,1,-1,-1,1,1,-1,1,1,-1,1,-1,1,1,-1,1,-1,1,1,1,-1,1,1,-1,-1,1,1,-1,1,-1,-1,-1,1,1,-1,1,-1,-1,1,-1,1,-1,1,-1,-1,1,-1,1,-1,1,1,-1,1,-1,1,1,-1,1,-1,-1,1,1,-1,1,-1,-1,1,1,-1,-1,1,1,-1,1,-1,1,-1,1,-1,1,1,-1,1,1,1,-1,1,1,-1,1,-1,1,-1,-1,1,-1,1,1,1,1,-1,1,1,1,1,1,-1,-1,1,-1,-1,1,-1,1,-1,-1,1,-1,1,1,-1,-1,-1,1,-1,1,-1,1,-1,-1,1,-1,1,1,-1,-1,-1,1,-1,-1,1,1,-1,-1,1,-1,1,1,-1,1,-1,1,-1,-1,1,1,-1,-1,-1,-1,1,1,-1,1,-1,1,-1,1,-1,1,-1,-1,-1,-1,1,-1,1,-1,-1,-1,-1,1,-1,-1,1,-1,-1,-1,1,-1,1,1,1,-1,-1,1,-1,-1,1,-1,-1,-1,1,1,1,-1,1,-1,-1,-1,1,1,-1,1,-1,-1,1,1,1,1,1,-1,-1,-1,1,1,-1,1,-1,1,-1,1,1,1,-1,1,1,-1,1,1,1,1,1,-1,1,-1,1,1,-1,1,-1,1,-1,-1,1,-1,-1,1,-1,-1,1,-1,-1,-1,1,1,-1,1,1,-1,-1,1,1,-1,-1,1,-1,-1,-1,-1,-1,1,1,-1,-1,-1,-1,-1,1,1,-1,-1,1,1,1,-1,1,-1,-1,1,1,-1,1,1,-1,-1,-1,1,-1,-1,1,1,-1,1,1,1,1,1,-1,1,1,1,-1,1,1,1,-1,1,1,-1,1,1,-1,1,1,1,-1,1,1,-1,-1,1,-1,1,-1,1,-1,1,1,-1,-1,1,1,-1,1,1,-1,1,1,1,1,1,1,1,1,1,1,-1,1,-1,1,-1,1,1,1,1,1,1,1,1,1,-1,1,-1,1,-1,1,1,1,-1,1,-1,1,1,1,1,1,1,1,1,1,1,-1,1,1,-1,-1,1,-1,-1,1,1,1,-1,1,1,-1,1,-1,-1,1,1,-1,-1,1,-1,1,-1,1,1,-1,1,-1,1,-1,1,-1,1,1,-1,1,-1,1,1,-1,1,-1,1,-1,1,1,-1,1,-1,1,-1,1,1,-1,1,1,1,1,1,-1,1,1,-1,1,1,1,1,-1,1,-1,1,-1,1,1,-1,1,1,-1,1,1,-1,1,1,1,-1,1,1,1,-1,1,-1,-1,1,1,-1,1,1,-1,1,-1,1,-1,-1,1,1,-1,1,1,-1,-1,1,1,-1,1,1,-1,-1,-1,1,1,1,1,-1,1,1,1,-1,1,1,-1,-1,1,-1,1,1,1,-1,-1,-1,1,-1,1,1,-1,1,-1,-1,1,1,1,-1,-1,-1,-1,-1,1,-1,-1,-1,1,-1,1,1,-1,-1,-1,1,-1,1,1,1,-1,1,-1,-1,1,1,1,-1,1,-1,1,1,1,-1,-1,1,-1,-1,1,1,1,-1,1,-1,-1,1,1,1,1,1,-1,-1,1,1,-1,1,1,-1,-1,1,1,1,1,1,-1,-1,1,1,1,1,-1,1,-1,-1,1,-1,1,1,-1,-1,1,-1,1,1,1,1,-1,-1,1,-1,1,1,1,-1,1,1,1,1,-1,1,-1,1,1,1,1,1,1,1,-1,1,1,1,1,-1,1,-1,1,1,1,1,1,-1,1,1,1,1,-1,1,1,-1,1,1,-1,1,1,-1,-1,1,1,1,1,-1,1,-1,1,1,1,-1,-1,1,-1,1,1,1,-1,1,-1,-1,-1,1,1,-1,-1,1,-1,-1,1,1,-1,-1,1,-1,-1,1,1,1,-1,1,-1,-1,1,1,-1,-1,-1,1,-1,1,1,-1,1,1,-1,1,1,-1,-1,1,1,-1,-1,1,1,-1,1,1,-1,1,1,-1,-1,-1,-1,1,-1,-1,-1,-1,-1,-1,-1,1,1,-1,1,1,-1,1,1,1,1,-1,1,-1,1,1,1,1,-1,1,-1,-1,-1,1,1,-1,1,-1,1,1,1,1,-1,1,-1,1,1,1,-1,-1,1,-1,-1,1,1,-1,-1,-1,1,-1,1,-1,1,-1,1,-1,-1,1,-2662.0,1,2000,445,1500,True
2235,-1,-1,1,1,1,-1,1,1,-1,-1,1,-1,1,1,-1,-1,1,1,-1,-1,1,1,-1,-1,1,-1,1,-1,1,-1,-1,-1,1,-1,-1,-1,1,-1,-1,1,-1,-1,-1,-1,-1,-1,1,-1,1,1,-1,-1,1,1,-1,-1,1,-1,-1,1,1,-1,-1,1,-1,1,-1,-1,-1,-1,1,-1,1,1,1,-1,-1,-1,1,-1,1,-1,-1,-1,1,-1,-1,1,-1,-1,-1,1,-1,1,1,-1,-1,1,1,1,1,1,-1,-1,1,1,-1,1,1,-1,-1,1,1,-1,1,1,-1,-1,1,1,-1,1,1,1,-1,-1,1,-1,1,1,1,-1,1,1,-1,1,1,1,-1,-1,1,-1,1,1,1,-1,1,1,1,-1,1,1,-1,-1,-1,1,-1,1,1,-1,1,-1,1,1,1,1,-1,1,1,-1,1,1,-1,-1,1,1,-1,1,1,-1,1,-1,-1,1,1,1,-1,1,1,1,1,1,1,1,1,1,-1,1,1,1,-1,1,1,-1,1,1,1,1,-1,1,1,-1,1,1,-1,1,1,-1,1,1,1,1,1,1,-1,-1,1,1,-1,-1,1,-1,1,1,-1,1,1,1,-1,1,1,1,-1,1,1,-1,-1,1,-1,1,-1,1,-1,1,1,1,-1,1,1,-1,1,-1,1,-1,1,-1,1,-1,-1,1,-1,1,-1,-1,1,1,1,-1,1,-1,1,-1,1,1,-1,-1,1,1,-1,1,1,1,-1,1,1,-1,-1,-1,1,-1,-1,1,-1,-1,-1,-1,1,-1,1,1,-1,-1,1,-1,-1,1,-1,-1,-1,-1,1,-1,-1,1,-1,-1,1,1,-1,1,-1,-1,-1,1,-1,-1,1,-1,-1,1,1,1,-1,1,-1,-1,1,1,-1,1,1,-1,1,-1,1,-1,-1,1,-1,1,1,1,1,1,1,-1,-1,1,1,1,1,-1,-1,-1,1,1,1,1,-1,-1,1,-1,1,1,1,-1,-1,1,-1,1,-1,1,1,-1,1,-1,1,1,1,1,-1,-1,1,1,1,-1,-1,-1,1,1,-1,-1,1,1,-1,1,-1,1,-1,1,-1,1,1,-1,1,1,1,-1,1,1,-1,1,-1,1,-1,-1,1,-1,1,1,1,1,-1,1,1,-1,1,1,-1,-1,1,-1,-1,1,-1,1,-1,-1,1,-1,-1,1,-1,-1,-1,1,-1,1,-1,1,-1,1,1,-1,1,1,-1,-1,-1,1,-1,-1,1,1,-1,-1,1,-1,1,1,-1,1,-1,1,-1,1,1,1,-1,-1,-1,-1,1,1,-1,1,-1,1,-1,1,-1,1,-1,-1,-1,1,1,-1,1,-1,-1,-1,-1,1,-1,-1,1,-1,-1,-1,1,1,1,1,1,-1,-1,1,-1,-1,1,-1,-1,-1,1,1,1,-1,1,-1,-1,1,-1,1,-1,1,-1,-1,1,-1,1,1,1,-1,-1,-1,1,1,-1,1,-1,-1,-1,1,1,1,-1,1,1,-1,1,1,1,1,1,-1,1,-1,-1,1,-1,1,-1,1,1,-1,1,1,-1,1,-1,-1,-1,1,1,-1,1,1,-1,-1,-1,1,-1,1,1,-1,-1,-1,1,-1,-1,-1,-1,1,-1,1,-1,-1,-1,-1,-1,-1,1,-1,1,1,1,1,-1,1,-1,1,1,-1,1,-1,1,-1,-1,1,-1,1,-1,-1,1,1,1,1,1,1,-1,1,1,1,-1,1,-1,1,1,1,1,-1,-1,-1,1,1,1,1,-1,1,-1,1,-1,1,-1,1,1,-1,-1,1,1,-1,-1,1,-1,-1,1,1,-1,1,1,1,-1,1,1,1,1,1,1,-1,1,-1,1,-1,1,1,-1,1,1,1,1,1,1,-1,1,-1,1,-1,1,1,-1,1,1,-1,1,1,1,1,1,1,1,1,1,1,-1,1,1,-1,-1,1,-1,-1,1,1,1,-1,1,-1,-1,1,-1,-1,1,1,-1,-1,1,-1,1,-1,-1,1,-1,1,-1,1,-1,1,-1,-1,1,-1,1,-1,1,-1,-1,1,-1,1,-1,1,-1,-1,1,-1,1,-1,1,-1,-1,1,1,1,1,1,-1,1,1,-1,1,1,1,-1,-1,1,-1,1,-1,1,-1,-1,1,1,-1,1,1,-1,1,1,1,-1,1,1,-1,-1,1,-1,-1,1,-1,-1,1,1,-1,1,-1,-1,-1,-1,1,1,-1,1,-1,-1,-1,1,1,-1,1,1,-1,-1,-1,1,1,1,-1,-1,1,1,1,-1,1,-1,1,-1,1,-1,1,1,1,-1,-1,-1,1,-1,1,-1,-1,1,-1,-1,1,1,1,-1,-1,-1,-1,-1,1,-1,-1,-1,1,-1,1,1,-1,-1,-1,1,-1,1,1,-1,-1,1,-1,-1,1,1,1,-1,1,-1,1,1,1,-1,-1,1,-1,-1,1,1,1,-1,1,-1,-1,1,1,-1,1,1,-1,-1,1,1,1,1,1,-1,-1,1,1,1,1,1,-1,-1,1,1,1,1,-1,1,-1,1,1,1,1,1,-1,-1,1,-1,1,1,1,1,-1,-1,1,-1,1,-1,1,-1,1,1,1,1,-1,1,-1,1,1,1,1,1,1,-1,-1,-1,1,1,1,-1,1,-1,1,1,1,1,-1,1,-1,1,1,1,-1,-1,1,-1,-1,1,-1,1,-1,-1,-1,1,1,1,-1,1,-1,-1,1,1,1,-1,-1,-1,-1,1,1,1,-1,1,-1,-1,-1,1,1,-1,1,-1,-1,-1,1,1,-1,1,-1,1,-1,1,1,1,1,1,-1,-1,1,1,-1,-1,1,1,-1,-1,1,-1,1,-1,-1,1,1,-1,-1,1,-1,-1,-1,1,1,-1,1,1,-1,1,1,-1,-1,-1,-1,1,-1,-1,-1,-1,1,-1,-1,1,1,-1,1,1,-1,1,1,1,1,-1,1,-1,1,1,1,1,-1,1,-1,-1,1,1,1,-1,1,-1,1,1,1,1,-1,1,-1,1,1,-1,-1,-1,1,-1,-1,1,1,-1,-1,-1,1,-1,1,-1,1,-1,1,-1,-1,1,-2662.0,1,2000,445,1500,True
2236,-1,-1,1,1,1,1,-1,1,-1,-1,-1,1,-1,-1,-1,-1,1,-1,1,-1,-1,1,-1,-1,-1,1,-1,-1,1,-1,-1,-1,1,-1,-1,1,1,-1,-1,1,-1,-1,1,-1,-1,-1,-1,1,-1,-1,-1,-1,1,1,-1,1,-1,1,-1,-1,-1,1,-1,1,-1,-1,-1,-1,1,-1,1,-1,-1,-1,-1,1,1,1,-1,-1,-1,1,1,-1,-1,-1,-1,-1,1,1,1,-1,-1,-1,-1,1,-1,1,-1,1,-1,-1,1,1,-1,-1,-1,-1,-1,1,1,1,-1,-1,-1,-1,-1,1,1,-1,-1,-1,-1,-1,1,1,-1,-1,1,-1,-1,1,-1,-1,-1,1,-1,-1,1,-1,-1,-1,1,-1,-1,1,1,-1,-1,-1,-1,-1,-1,1,1,-1,1,1,-1,-1,-1,1,-1,-1,1,-1,1,-1,1,-1,1,-1,-1,1,-1,-1,-1,-1,-1,-1,-1,1,1,-1,1,-1,-1,-1,-1,-1,-1,1,-1,-1,-1,-1,1,-1,1,1,-1,1,-1,1,-1,1,-1,-1,-1,-1,1,-1,1,1,-1,-1,-1,1,-1,1,-1,1,-1,-1,1,1,-1,1,-1,-1,-1,1,-1,1,-1,1,-1,-1,1,-1,1,-1,1,1,-1,1,1,1,-1,-1,1,-1,1,-1,-1,-1,1,-1,-1,1,-1,1,-1,1,-1,-1,1,1,-1,-1,1,-1,1,1,1,-1,-1,1,-1,1,1,1,1,-1,1,-1,-1,1,1,1,-1,1,1,-1,1,-1,-1,-1,-1,1,1,1,1,-1,-1,1,1,-1,1,1,1,-1,-1,1,1,1,1,1,-1,1,1,1,1,-1,1,-1,1,-1,1,1,1,1,-1,1,-1,1,1,1,-1,-1,1,1,-1,1,1,-1,1,-1,-1,1,1,1,-1,1,-1,1,-1,1,1,1,1,1,-1,1,1,1,1,1,1,-1,1,-1,1,-1,1,1,-1,1,-1,1,1,-1,1,1,1,-1,1,1,1,1,-1,1,1,-1,1,-1,1,-1,-1,1,-1,1,-1,1,-1,1,-1,-1,1,1,1,-1,1,1,-1,1,1,-1,-1,1,-1,1,1,-1,1,-1,1,1,-1,1,-1,-1,1,1,-1,-1,1,-1,1,1,1,1,-1,1,1,-1,-1,1,-1,-1,1,1,-1,1,-1,1,-1,-1,1,-1,-1,1,-1,-1,-1,1,-1,-1,1,1,-1,-1,1,-1,-1,-1,-1,-1,-1,1,-1,-1,1,1,-1,-1,1,-1,1,-1,-1,1,-1,1,-1,-1,1,1,-1,-1,-1,1,-1,-1,-1,1,-1,1,-1,-1,1,1,-1,-1,-1,1,-1,1,1,-1,-1,-1,1,-1,-1,-1,1,-1,-1,1,-1,1,1,1,1,-1,-1,1,-1,-1,1,-1,-1,-1,1,-1,1,-1,1,-1,-1,1,-1,1,-1,1,-1,-1,1,-1,1,1,1,-1,-1,-1,1,1,-1,1,-1,1,-1,1,1,1,-1,1,1,-1,1,1,1,1,1,-1,1,-1,1,1,-1,1,-1,1,1,-1,1,-1,-1,1,-1,-1,1,-1,-1,-1,1,1,-1,1,1,-1,-1,1,1,-1,-1,1,-1,-1,-1,-1,-1,1,1,-1,-1,-1,-1,-1,1,1,-1,-1,1,1,1,-1,1,-1,1,-1,1,-1,1,1,-1,-1,-1,1,-1,-1,1,1,-1,1,1,1,1,1,1,-1,-1,1,-1,1,1,1,-1,-1,1,-1,1,1,-1,-1,1,1,-1,1,1,-1,1,1,-1,1,1,1,1,-1,1,-1,-1,1,1,-1,1,1,-1,1,1,1,1,-1,-1,1,1,1,1,1,-1,1,1,-1,1,1,1,-1,-1,1,1,1,-1,1,-1,-1,1,-1,1,1,1,-1,-1,-1,1,1,1,1,-1,-1,1,1,1,1,-1,1,-1,1,-1,1,-1,-1,1,-1,1,-1,1,1,-1,-1,1,-1,1,1,-1,-1,-1,-1,1,-1,1,1,-1,1,-1,1,-1,1,-1,1,-1,-1,1,-1,1,1,-1,1,-1,1,-1,1,1,-1,1,-1,1,-1,1,1,-1,1,1,1,1,1,-1,1,1,-1,1,1,1,1,-1,1,-1,1,-1,1,1,-1,1,1,-1,1,1,1,-1,1,1,-1,1,1,1,-1,1,-1,-1,1,1,1,1,1,-1,1,-1,1,-1,1,1,-1,-1,1,1,1,1,1,1,-1,1,1,1,1,1,-1,1,1,1,1,1,1,1,-1,1,1,-1,1,1,-1,1,1,1,1,1,1,-1,1,1,1,1,-1,1,1,-1,1,1,1,1,1,-1,-1,1,-1,1,1,1,-1,1,1,-1,1,1,-1,-1,1,1,1,1,1,1,-1,1,1,-1,1,1,-1,1,1,1,1,1,1,-1,-1,1,1,1,1,-1,1,-1,1,1,-1,1,-1,-1,-1,1,1,-1,1,-1,1,-1,1,-1,1,1,1,-1,-1,1,1,-1,1,1,-1,-1,1,1,-1,1,-1,-1,-1,1,-1,1,-1,1,-1,1,1,1,-1,-1,1,-1,-1,1,1,-1,-1,1,-1,1,1,1,1,-1,1,-1,1,1,-1,-1,1,1,-1,1,1,1,-1,-1,-1,-1,1,-1,1,-1,1,1,1,-1,1,1,-1,-1,1,1,1,1,-1,1,-1,-1,1,1,1,1,1,-1,1,-1,1,-1,1,1,-1,1,1,-1,1,-1,1,-1,1,-1,1,1,-1,1,-1,1,1,1,-1,-1,1,-1,-1,1,-1,-1,1,1,-1,1,1,-1,-1,1,1,1,1,-1,1,1,1,-1,1,1,-1,1,1,-1,-1,-1,1,-1,-1,1,1,-1,1,1,1,-1,-1,-1,1,1,1,-1,-1,1,1,1,-1,1,-1,-1,-1,1,1,1,1,-1,-1,1,1,1,1,1,1,-1,1,1,1,1,1,1,-1,-1,1,-1,-1,1,-1,-1,1,-1,1,1,1,1,-1,-1,1,1,-1,1,-1,1,-1,1,1,-1,1,1,-1,-1,1,-2662.0,1,2000,445,500,True
2237,-1,-1,1,1,1,1,-1,1,-1,-1,-1,1,-1,1,-1,-1,1,-1,1,1,1,-1,-1,-1,-1,1,-1,-1,-1,-1,-1,-1,1,1,-1,-1,1,-1,-1,-1,1,-1,-1,-1,-1,-1,-1,-1,1,1,-1,-1,1,1,1,-1,-1,1,-1,-1,-1,1,1,1,-1,1,-1,-1,-1,-1,-1,1,-1,-1,1,-1,1,-1,1,-1,-1,-1,-1,1,1,-1,-1,1,-1,1,-1,-1,-1,1,1,-1,-1,1,1,1,1,1,-1,-1,1,1,-1,1,1,-1,-1,1,1,-1,1,1,-1,-1,1,1,-1,1,1,1,-1,1,1,-1,1,1,1,-1,1,1,-1,1,1,1,-1,1,1,-1,1,1,1,-1,-1,1,1,-1,1,1,-1,1,-1,1,-1,1,1,-1,1,1,1,1,1,1,-1,1,1,-1,1,1,-1,-1,1,1,-1,1,1,-1,1,-1,-1,1,1,1,-1,1,1,1,1,1,1,-1,1,1,-1,1,1,1,1,-1,1,-1,1,1,1,-1,-1,1,-1,-1,1,1,-1,1,1,-1,1,1,1,1,1,1,-1,-1,1,1,-1,-1,1,-1,1,1,-1,1,-1,1,-1,1,1,1,-1,1,1,-1,-1,1,1,-1,1,1,-1,1,1,1,1,1,1,-1,1,1,-1,1,1,-1,1,-1,1,-1,1,1,-1,-1,1,1,1,1,1,-1,-1,-1,1,1,-1,1,1,1,-1,1,1,1,1,1,1,-1,1,1,-1,1,-1,1,-1,-1,1,1,1,-1,1,1,-1,1,1,1,1,1,-1,-1,1,-1,1,-1,1,1,-1,1,1,1,-1,1,-1,-1,1,1,1,-1,1,-1,-1,1,1,1,-1,1,-1,-1,1,1,-1,1,1,-1,1,-1,1,-1,1,1,-1,1,1,1,1,1,1,-1,1,1,1,1,1,-1,-1,1,1,1,1,1,-1,-1,1,-1,1,1,1,-1,-1,1,-1,1,-1,1,1,-1,1,-1,1,1,1,1,-1,-1,1,1,1,-1,-1,-1,1,1,-1,-1,1,1,-1,1,-1,1,-1,1,-1,1,1,-1,1,1,1,-1,1,1,-1,1,-1,1,-1,-1,1,-1,1,1,1,1,-1,1,1,-1,1,1,-1,-1,1,-1,-1,1,-1,1,-1,-1,1,-1,-1,1,-1,-1,-1,1,-1,1,-1,1,-1,1,1,-1,1,-1,-1,-1,-1,1,-1,-1,1,1,-1,-1,1,-1,1,1,-1,1,-1,1,-1,1,-1,1,-1,-1,-1,-1,-1,-1,-1,-1,-1,1,-1,1,-1,1,-1,-1,-1,1,1,-1,1,-1,-1,-1,-1,1,-1,-1,-1,-1,-1,1,-1,-1,1,-1,-1,-1,-1,1,-1,-1,1,-1,-1,-1,-1,-1,1,-1,1,-1,-1,-1,-1,1,-1,-1,-1,-1,1,-1,1,1,1,-1,-1,-1,1,1,-1,1,-1,-1,-1,1,1,1,-1,1,1,-1,1,1,1,1,1,-1,1,-1,-1,-1,1,-1,-1,1,-1,1,-1,1,-1,1,-1,-1,-1,1,1,-1,1,1,-1,1,-1,1,-1,1,1,-1,1,-1,1,-1,-1,-1,-1,1,-1,1,-1,-1,-1,-1,1,-1,1,-1,1,1,1,-1,-1,1,-1,1,1,-1,1,-1,1,-1,-1,1,-1,1,-1,-1,1,1,1,1,1,1,-1,1,1,1,-1,1,-1,1,1,1,1,-1,-1,-1,1,1,1,1,-1,-1,-1,1,-1,1,-1,1,1,-1,-1,1,1,1,-1,1,-1,-1,1,1,1,1,1,1,-1,1,1,1,1,-1,1,-1,1,-1,1,-1,1,1,-1,1,1,1,1,1,1,-1,1,-1,1,1,1,1,-1,1,1,-1,1,1,1,1,1,1,1,1,1,1,-1,1,1,-1,1,1,-1,-1,1,1,-1,1,1,-1,-1,1,-1,1,1,1,-1,-1,1,-1,1,-1,-1,1,-1,1,-1,1,-1,1,-1,-1,1,-1,1,1,1,-1,-1,1,-1,1,1,1,-1,-1,1,-1,1,-1,1,-1,-1,-1,-1,1,1,1,-1,1,1,-1,1,1,1,1,-1,-1,1,-1,1,1,-1,-1,-1,-1,-1,1,1,-1,1,-1,1,-1,1,1,1,-1,-1,-1,-1,1,1,-1,-1,-1,-1,1,-1,-1,-1,-1,-1,1,-1,1,1,-1,-1,-1,1,-1,1,1,-1,-1,-1,1,1,1,1,-1,1,-1,1,-1,1,1,-1,-1,-1,-1,1,1,1,-1,-1,-1,1,-1,1,1,-1,1,-1,-1,1,1,1,-1,-1,-1,-1,-1,1,-1,-1,-1,1,-1,1,1,-1,-1,-1,1,-1,1,1,1,-1,1,1,-1,1,1,1,-1,1,-1,1,1,1,-1,-1,1,-1,-1,1,1,1,1,-1,-1,-1,1,1,1,-1,1,-1,-1,1,1,1,1,-1,1,-1,1,1,1,1,1,-1,-1,1,1,-1,1,1,-1,-1,1,1,-1,1,-1,-1,-1,1,-1,1,1,1,-1,-1,-1,1,-1,1,1,-1,-1,1,1,-1,1,1,-1,-1,1,1,-1,1,1,-1,-1,-1,1,1,1,1,-1,1,-1,1,1,1,-1,-1,1,-1,1,1,1,-1,-1,1,-1,1,1,-1,1,-1,-1,-1,1,-1,1,1,-1,-1,-1,1,-1,1,-1,-1,-1,-1,1,-1,1,-1,1,-1,-1,-1,1,1,-1,1,-1,-1,-1,-1,1,1,-1,1,-1,1,-1,1,1,-1,1,-1,-1,1,1,-1,-1,1,1,1,1,-1,-1,1,-1,-1,1,1,-1,-1,1,-1,-1,-1,-1,1,-1,1,1,1,1,-1,1,-1,-1,-1,-1,-1,-1,-1,-1,1,-1,1,1,1,-1,1,1,-1,1,1,-1,-1,-1,1,-1,1,1,1,1,-1,1,-1,1,1,1,-1,-1,1,-1,1,1,1,1,-1,1,-1,1,1,-1,-1,-1,1,-1,-1,1,1,-1,-1,-1,1,-1,1,-1,1,-1,1,-1,-1,1,-2662.0,1,2000,445,1500,True
2238,-1,-1,1,1,1,1,-1,1,-1,-1,-1,1,-1,1,-1,-1,1,-1,1,1,1,1,-1,-1,-1,1,-1,-1,1,-1,-1,-1,1,1,-1,1,1,-1,-1,-1,1,-1,1,-1,-1,-1,1,-1,1,-1,-1,-1,1,-1,1,-1,-1,1,-1,-1,-1,1,1,1,-1,-1,-1,-1,-1,-1,1,-1,-1,-1,-1,-1,-1,1,-1,-1,-1,1,1,-1,-1,-1,-1,-1,-1,1,-1,-1,-1,-1,-1,-1,-1,1,-1,1,-1,-1,-1,-1,1,-1,-1,-1,-1,-1,-1,1,-1,1,-1,-1,-1,-1,1,-1,-1,1,-1,-1,-1,1,-1,-1,1,-1,-1,-1,1,-1,1,-1,-1,-1,-1,-1,-1,-1,1,-1,-1,-1,1,-1,-1,1,-1,-1,-1,-1,1,-1,1,1,-1,-1,1,-1,1,1,-1,-1,-1,1,-1,1,-1,-1,-1,-1,1,-1,1,1,-1,-1,1,-1,-1,1,-1,-1,-1,1,1,-1,1,1,-1,1,1,1,-1,1,1,-1,-1,1,1,-1,1,1,-1,-1,-1,1,-1,1,1,-1,-1,1,1,-1,1,1,1,1,1,1,-1,-1,1,1,-1,-1,1,-1,1,1,1,1,-1,1,-1,1,1,1,-1,1,1,-1,1,1,1,-1,-1,1,-1,1,1,1,-1,1,1,-1,1,-1,1,-1,1,-1,1,-1,1,1,-1,1,-1,-1,1,1,1,-1,1,-1,-1,-1,1,1,1,-1,1,1,-1,1,1,-1,-1,1,1,-1,1,1,1,-1,-1,1,-1,1,1,-1,1,-1,1,1,-1,1,-1,-1,-1,1,-1,-1,1,-1,1,-1,1,1,-1,1,1,1,-1,1,-1,-1,1,1,-1,-1,1,-1,1,1,-1,1,-1,1,-1,1,1,1,-1,1,1,-1,1,-1,1,-1,-1,1,-1,1,1,1,1,1,1,-1,1,1,1,1,1,-1,-1,1,1,1,1,1,-1,-1,1,1,1,1,1,-1,-1,-1,-1,1,-1,1,1,-1,1,1,1,1,1,1,-1,-1,-1,1,1,-1,-1,-1,1,-1,-1,-1,1,1,-1,1,-1,1,-1,1,-1,1,-1,1,1,1,1,-1,1,-1,1,1,-1,1,-1,-1,-1,-1,1,1,1,1,-1,-1,1,-1,1,1,-1,-1,1,-1,-1,1,-1,1,-1,1,-1,1,-1,1,-1,-1,1,1,-1,1,-1,1,-1,-1,1,-1,1,-1,-1,-1,-1,1,-1,-1,1,1,-1,-1,-1,-1,1,1,-1,1,-1,1,-1,1,-1,1,-1,1,1,-1,1,-1,-1,-1,1,1,-1,1,-1,1,-1,1,-1,1,1,-1,1,-1,1,-1,-1,1,-1,-1,-1,1,-1,1,-1,-1,1,-1,1,-1,-1,1,-1,-1,1,-1,1,-1,1,-1,1,-1,1,1,-1,1,-1,1,-1,1,-1,-1,1,-1,1,1,-1,1,-1,-1,1,1,-1,-1,1,-1,-1,1,1,1,1,1,1,-1,1,1,1,-1,-1,-1,1,-1,1,1,1,-1,-1,1,-1,-1,1,1,-1,1,-1,-1,1,1,1,-1,1,1,-1,1,-1,1,-1,1,1,-1,-1,1,1,-1,-1,-1,-1,1,1,1,-1,-1,-1,-1,1,1,1,-1,1,1,1,-1,1,1,-1,1,1,-1,1,1,1,-1,-1,1,-1,-1,1,1,-1,1,1,1,1,1,-1,1,1,1,-1,1,1,-1,1,1,1,-1,1,1,-1,1,1,1,-1,1,1,1,-1,1,-1,1,1,-1,-1,1,1,1,-1,1,-1,-1,1,1,1,1,1,1,-1,1,1,1,1,1,1,-1,1,-1,1,-1,1,-1,1,1,1,1,1,1,1,-1,1,-1,1,-1,1,1,-1,1,1,-1,1,1,-1,-1,1,1,1,1,1,1,-1,-1,1,-1,1,1,-1,-1,-1,1,1,-1,1,-1,-1,1,-1,1,1,1,-1,-1,1,-1,1,1,1,1,-1,-1,1,-1,1,1,-1,-1,1,-1,1,-1,1,1,-1,-1,-1,1,-1,1,-1,-1,1,-1,-1,1,1,1,-1,-1,-1,1,-1,1,-1,1,-1,1,-1,-1,1,1,-1,-1,-1,1,-1,1,1,-1,-1,-1,1,-1,1,1,-1,-1,-1,1,-1,1,1,1,-1,1,1,-1,1,1,-1,-1,1,-1,-1,1,1,-1,-1,1,-1,1,1,1,-1,-1,-1,-1,-1,-1,1,-1,-1,1,1,-1,1,1,1,-1,1,-1,-1,1,1,-1,-1,1,-1,1,1,1,-1,-1,1,-1,1,1,1,1,-1,-1,1,1,1,1,1,-1,-1,-1,1,-1,1,1,1,-1,1,1,1,1,1,-1,-1,-1,1,1,1,1,1,-1,1,1,-1,1,-1,-1,1,1,1,1,1,1,-1,-1,1,1,1,1,1,-1,-1,1,1,1,1,1,1,-1,1,1,1,1,1,1,-1,1,1,1,1,1,1,-1,1,1,-1,1,1,-1,-1,1,1,1,1,1,1,-1,1,-1,-1,1,1,1,-1,-1,1,-1,1,1,1,-1,1,1,-1,1,-1,1,-1,1,1,-1,1,1,1,-1,-1,-1,1,1,1,-1,1,-1,1,1,1,1,-1,1,-1,1,1,1,-1,-1,1,-1,1,1,-1,1,-1,-1,-1,1,-1,1,-1,1,-1,-1,1,-1,1,-1,-1,-1,-1,1,-1,1,-1,1,-1,-1,-1,1,1,-1,1,-1,-1,-1,-1,1,-1,1,1,-1,1,-1,1,1,1,1,-1,-1,1,1,-1,-1,1,1,1,1,1,-1,1,-1,-1,1,1,-1,-1,1,-1,-1,-1,-1,1,-1,1,-1,1,1,1,-1,-1,1,-1,1,-1,-1,-1,-1,1,-1,1,1,1,-1,1,1,-1,1,1,1,1,-1,1,-1,1,1,1,1,-1,1,-1,1,1,1,1,-1,1,-1,1,1,1,1,-1,1,-1,1,1,-1,-1,-1,1,-1,-1,1,1,-1,-1,-1,1,-1,1,-1,1,-1,1,-1,-1,1,-2662.0,1,2000,445,1500,True
2239,-1,-1,1,1,1,1,-1,1,-1,-1,-1,1,-1,1,-1,-1,1,-1,1,1,-1,-1,-1,-1,-1,1,-1,-1,-1,-1,-1,-1,1,1,-1,-1,1,-1,-1,-1,1,-1,-1,-1,-1,-1,-1,-1,1,1,-1,-1,1,-1,1,-1,-1,1,-1,-1,-1,1,1,1,-1,-1,-1,-1,-1,-1,-1,1,-1,-1,-1,-1,-1,-1,1,-1,-1,1,1,-1,1,-1,-1,1,-1,1,-1,-1,-1,-1,-1,-1,-1,1,1,1,-1,-1,-1,-1,1,1,-1,-1,-1,-1,-1,1,1,1,-1,-1,-1,-1,1,1,-1,-1,-1,-1,-1,1,1,-1,1,-1,-1,-1,1,1,-1,1,-1,-1,-1,-1,1,-1,1,-1,-1,-1,1,1,1,-1,-1,-1,-1,-1,-1,1,-1,1,-1,-1,1,1,1,1,-1,-1,-1,1,-1,1,-1,-1,-1,-1,1,1,-1,1,-1,-1,1,-1,-1,1,-1,-1,-1,1,1,1,1,1,-1,1,1,1,-1,1,1,-1,-1,1,1,-1,1,1,-1,-1,-1,1,-1,1,1,-1,-1,1,1,-1,1,1,-1,1,1,1,-1,-1,1,1,-1,-1,1,-1,1,1,-1,1,-1,1,-1,1,1,-1,-1,1,1,-1,1,1,-1,-1,-1,1,-1,1,-1,1,-1,1,1,-1,1,1,-1,-1,1,-1,1,-1,-1,-1,-1,1,-1,-1,1,1,-1,-1,1,-1,-1,-1,1,-1,1,-1,1,1,-1,1,-1,-1,-1,1,1,-1,1,-1,-1,1,-1,1,-1,-1,-1,1,-1,-1,1,1,-1,1,-1,-1,1,1,-1,-1,-1,1,-1,1,1,1,-1,-1,-1,-1,1,1,-1,1,-1,-1,1,1,1,-1,-1,-1,-1,-1,1,1,-1,-1,-1,-1,-1,1,1,-1,1,-1,-1,1,-1,1,-1,1,-1,-1,-1,1,1,-1,-1,-1,-1,-1,1,-1,-1,-1,-1,-1,-1,1,-1,-1,1,-1,-1,1,1,-1,-1,1,1,-1,-1,1,1,-1,1,-1,-1,-1,-1,1,-1,-1,1,-1,-1,1,-1,-1,1,1,1,1,1,1,-1,1,-1,1,-1,1,-1,1,1,-1,1,-1,1,-1,1,1,-1,-1,1,1,-1,-1,1,-1,1,-1,-1,1,-1,1,1,-1,-1,1,-1,-1,1,1,-1,1,-1,1,-1,-1,1,-1,-1,1,-1,-1,-1,1,-1,1,-1,1,-1,-1,1,-1,-1,-1,-1,-1,-1,1,-1,-1,1,1,-1,-1,1,-1,1,-1,-1,1,-1,1,-1,-1,1,1,-1,-1,-1,1,-1,-1,-1,1,-1,1,-1,-1,1,1,-1,-1,-1,1,-1,1,1,-1,-1,-1,-1,-1,-1,-1,1,-1,-1,1,-1,1,1,1,1,-1,-1,1,-1,-1,1,-1,-1,-1,1,-1,1,-1,1,-1,-1,-1,-1,1,-1,1,-1,-1,1,-1,1,1,1,-1,-1,-1,-1,1,-1,1,-1,-1,-1,1,1,1,-1,1,1,-1,1,1,1,1,1,-1,1,-1,-1,-1,1,-1,-1,1,-1,1,-1,1,-1,1,-1,-1,-1,1,1,-1,1,1,-1,1,-1,1,-1,1,1,-1,1,-1,1,-1,-1,-1,-1,1,-1,1,-1,-1,-1,-1,1,-1,1,-1,1,1,1,-1,-1,1,-1,1,1,-1,1,-1,1,-1,-1,1,-1,1,-1,-1,1,1,1,1,1,-1,1,1,1,1,-1,1,-1,-1,1,1,1,-1,-1,-1,-1,1,1,1,-1,-1,-1,1,-1,1,-1,1,1,-1,-1,1,1,-1,-1,1,-1,-1,1,1,-1,1,1,1,-1,1,1,1,1,-1,1,-1,1,-1,1,-1,1,1,-1,1,1,1,1,1,1,-1,1,-1,1,-1,1,1,-1,1,1,-1,1,1,1,-1,1,1,1,1,1,1,-1,1,1,-1,-1,1,-1,-1,1,1,1,-1,1,-1,-1,1,-1,1,1,1,-1,-1,1,-1,1,-1,1,1,-1,1,-1,1,-1,1,-1,-1,1,-1,1,-1,1,1,-1,1,-1,1,-1,1,1,-1,1,-1,1,-1,1,1,-1,1,1,1,1,1,-1,1,1,-1,1,1,1,1,-1,1,-1,1,-1,1,1,-1,-1,1,-1,1,1,1,-1,1,1,-1,1,1,1,1,1,-1,-1,1,1,1,1,1,-1,1,-1,1,1,1,1,-1,-1,1,1,1,1,1,1,-1,1,1,1,1,1,-1,1,1,1,1,1,-1,1,-1,1,1,1,1,1,1,1,1,1,1,1,1,-1,1,1,1,1,1,1,1,-1,1,1,1,1,1,1,-1,1,-1,1,1,-1,1,-1,1,1,1,1,-1,1,1,1,1,1,1,1,1,1,1,-1,1,1,1,1,1,1,1,1,1,1,1,1,1,1,1,-1,1,-1,1,1,1,1,1,1,-1,1,1,1,1,1,1,1,1,1,1,1,1,1,1,1,1,-1,1,1,1,1,1,1,-1,1,1,1,1,1,-1,-1,1,1,1,1,1,1,-1,1,1,1,1,1,1,-1,1,-1,1,1,1,1,-1,1,1,1,1,-1,1,1,1,1,1,1,-1,1,1,1,1,1,1,1,1,1,1,-1,1,-1,1,1,1,-1,1,1,1,1,1,-1,1,-1,1,1,1,1,-1,1,-1,-1,1,-1,1,-1,1,-1,1,-1,1,1,1,1,-1,-1,1,1,-1,-1,1,1,-1,1,1,-1,-1,1,1,-1,-1,-1,1,1,1,-1,-1,-1,-1,1,1,1,-1,1,1,1,1,1,-1,-1,1,1,1,1,-1,1,-1,1,-1,1,1,1,-1,-1,-1,-1,-1,-1,-1,-1,-1,-1,1,1,1,1,-1,1,1,-1,-1,1,1,1,-1,1,-1,1,1,1,1,-1,1,-1,1,1,1,1,-1,1,-1,1,1,1,1,-1,1,-1,1,-1,1,-1,-1,1,-1,-1,1,1,-1,-1,-1,-1,1,1,1,1,-1,1,-1,-1,1,-2662.0,1,2000,445,1500,True
2240,-1,-1,1,1,1,1,-1,1,-1,-1,-1,1,-1,1,-1,-1,1,-1,1,1,1,1,-1,-1,-1,1,-1,-1,1,-1,-1,-1,1,1,-1,1,1,-1,-1,-1,1,-1,1,-1,-1,-1,-1,-1,1,-1,-1,-1,1,-1,1,-1,-1,1,-1,-1,-1,1,1,1,-1,-1,-1,-1,-1,-1,1,-1,-1,-1,-1,-1,-1,1,-1,-1,-1,1,1,-1,-1,-1,-1,-1,-1,1,-1,-1,-1,-1,-1,-1,-1,1,-1,1,-1,-1,-1,-1,1,-1,-1,-1,-1,-1,-1,1,-1,-1,-1,-1,-1,-1,1,-1,-1,-1,-1,-1,-1,1,-1,-1,1,-1,-1,-1,1,-1,-1,-1,-1,-1,-1,-1,-1,-1,-1,-1,-1,-1,1,-1,-1,-1,-1,-1,-1,-1,1,-1,1,-1,-1,-1,1,-1,-1,-1,-1,-1,-1,1,1,-1,-1,-1,-1,-1,1,-1,-1,-1,-1,-1,1,-1,1,-1,-1,-1,-1,1,1,-1,-1,1,-1,1,1,1,-1,1,-1,-1,-1,1,1,1,-1,1,-1,-1,-1,1,1,-1,1,-1,-1,1,1,1,1,1,-1,1,1,1,1,1,-1,-1,-1,-1,1,1,-1,1,-1,1,-1,1,1,1,1,-1,-1,1,1,1,1,1,1,-1,-1,1,1,1,1,1,-1,1,1,1,1,1,-1,-1,1,-1,1,-1,1,1,-1,1,-1,1,-1,1,-1,-1,1,-1,1,-1,1,1,1,-1,1,1,1,-1,-1,-1,-1,1,1,1,1,-1,1,-1,-1,1,-1,-1,1,-1,1,-1,1,1,-1,1,-1,-1,-1,1,-1,-1,1,-1,1,-1,-1,1,-1,-1,1,1,-1,1,-1,-1,1,1,-1,-1,1,-1,-1,1,-1,1,-1,1,-1,-1,1,1,-1,1,1,-1,1,-1,1,-1,1,1,-1,1,1,1,1,1,1,-1,-1,1,1,1,1,-1,-1,-1,1,1,1,1,-1,-1,1,-1,1,1,1,-1,-1,1,-1,1,-1,1,1,-1,1,-1,1,1,1,1,-1,-1,1,1,1,-1,-1,-1,1,1,-1,-1,1,1,-1,1,-1,1,-1,1,-1,1,1,-1,1,1,1,-1,1,1,-1,1,-1,1,-1,-1,1,-1,1,1,1,1,-1,1,1,-1,1,1,-1,-1,1,-1,-1,1,-1,1,-1,-1,1,-1,-1,1,-1,-1,-1,1,-1,1,-1,1,-1,1,1,-1,1,1,-1,-1,-1,1,-1,-1,1,1,-1,-1,1,-1,1,1,-1,1,-1,1,-1,1,1,1,-1,-1,-1,-1,1,1,-1,-1,-1,1,-1,1,-1,1,-1,-1,-1,1,1,-1,1,-1,-1,-1,-1,1,-1,-1,-1,-1,-1,-1,1,-1,1,-1,-1,-1,-1,1,-1,-1,1,-1,-1,-1,-1,1,1,-1,1,-1,-1,-1,1,1,-1,-1,-1,-1,-1,1,1,1,1,-1,-1,-1,1,1,-1,1,-1,-1,-1,1,1,1,-1,1,1,-1,1,1,1,1,1,1,1,-1,1,1,-1,1,-1,1,-1,-1,1,-1,-1,1,-1,-1,1,-1,-1,-1,1,1,-1,1,1,-1,-1,1,1,-1,-1,1,-1,-1,-1,-1,-1,1,1,-1,-1,-1,-1,-1,1,1,-1,-1,1,1,1,-1,1,-1,-1,1,1,-1,1,1,-1,-1,-1,1,-1,-1,1,1,-1,1,1,1,1,1,-1,1,1,1,-1,1,1,1,-1,1,1,-1,1,1,-1,1,1,1,-1,1,1,-1,-1,1,-1,1,1,1,-1,1,1,1,-1,1,1,-1,1,1,1,1,1,1,1,1,1,1,1,1,1,-1,1,-1,1,-1,1,1,1,1,1,1,1,1,1,-1,1,-1,1,1,1,1,1,-1,1,-1,1,1,1,1,1,1,1,1,1,1,-1,1,1,-1,1,1,-1,-1,1,1,1,1,1,1,-1,1,-1,1,1,1,1,1,1,-1,1,-1,1,1,-1,1,-1,1,-1,1,1,-1,1,-1,1,1,1,1,-1,1,-1,1,1,1,1,-1,1,-1,1,-1,1,1,1,-1,1,1,1,1,1,-1,1,-1,1,1,1,1,1,1,-1,-1,1,1,1,-1,-1,1,-1,1,1,1,-1,-1,1,-1,1,1,1,1,1,-1,-1,1,1,1,-1,-1,-1,1,-1,1,1,1,-1,1,-1,1,1,1,1,-1,1,-1,1,-1,1,1,-1,1,1,1,1,1,1,-1,1,-1,1,1,1,1,1,-1,1,1,1,1,-1,-1,1,-1,1,1,1,1,1,-1,1,1,1,1,1,1,-1,-1,1,-1,1,1,-1,-1,1,1,1,1,1,-1,-1,1,1,1,1,1,1,-1,1,1,-1,1,1,-1,1,1,1,1,1,1,-1,-1,1,1,1,1,1,-1,-1,1,1,1,1,1,1,-1,1,1,1,1,1,1,-1,1,1,1,1,1,1,-1,1,1,-1,1,1,-1,-1,1,1,-1,1,1,1,-1,1,-1,-1,1,1,1,-1,-1,1,-1,1,1,1,-1,1,1,-1,1,-1,1,-1,1,1,-1,1,1,1,-1,-1,1,1,1,1,-1,1,-1,1,1,1,1,-1,1,-1,1,1,1,-1,-1,1,-1,1,1,-1,1,-1,-1,-1,1,-1,1,-1,1,-1,-1,1,-1,1,-1,-1,-1,-1,1,-1,1,-1,1,-1,-1,-1,1,1,-1,1,-1,-1,1,-1,1,-1,1,-1,1,-1,-1,1,1,1,1,-1,-1,1,1,-1,-1,1,1,-1,1,1,-1,1,-1,-1,1,1,-1,-1,1,-1,-1,-1,-1,1,-1,1,1,-1,1,1,-1,-1,-1,-1,1,-1,-1,-1,-1,1,-1,-1,1,1,-1,1,1,-1,1,1,1,1,-1,1,-1,1,1,1,1,-1,1,-1,-1,-1,1,1,-1,1,-1,1,1,1,1,-1,1,-1,1,1,-1,-1,-1,1,-1,-1,1,1,-1,-1,-1,1,-1,1,-1,1,-1,1,-1,-1,1,-2662.0,1,2000,445,1500,True
2241,-1,-1,1,1,1,1,-1,1,-1,-1,-1,1,-1,-1,-1,-1,1,-1,1,-1,-1,1,-1,-1,-1,1,-1,-1,-1,-1,-1,-1,1,-1,-1,1,1,-1,-1,1,-1,-1,1,-1,-1,-1,1,1,-1,-1,1,-1,1,1,-1,1,-1,1,-1,-1,1,1,-1,1,-1,-1,-1,1,1,-1,1,-1,-1,-1,1,1,1,1,-1,-1,-1,-1,1,-1,-1,-1,-1,1,1,1,1,-1,-1,-1,1,1,-1,1,-1,1,-1,1,1,1,-1,-1,-1,-1,1,1,1,1,-1,1,-1,1,1,1,1,-1,-1,-1,-1,1,1,1,-1,-1,-1,1,1,1,-1,-1,-1,1,1,1,1,-1,-1,-1,1,-1,1,1,1,-1,-1,-1,-1,1,1,1,1,-1,1,1,1,1,-1,-1,-1,-1,1,-1,1,-1,1,-1,1,-1,1,1,-1,-1,-1,-1,1,1,-1,1,1,-1,1,-1,1,-1,-1,-1,-1,1,-1,1,-1,-1,1,-1,1,-1,1,-1,-1,1,-1,1,1,1,1,-1,1,-1,1,-1,1,-1,-1,1,-1,1,-1,1,1,-1,1,1,-1,1,-1,1,-1,1,1,1,-1,1,1,-1,1,-1,1,-1,1,-1,-1,1,1,1,-1,-1,1,-1,1,-1,-1,1,1,-1,-1,1,-1,1,-1,1,1,-1,1,1,-1,-1,1,1,-1,1,1,-1,-1,1,1,-1,1,1,1,-1,1,1,-1,1,1,1,-1,1,1,-1,1,1,-1,-1,-1,1,1,1,1,-1,-1,1,1,-1,1,-1,1,-1,-1,1,1,1,1,1,-1,1,1,1,1,-1,1,-1,1,1,1,1,1,1,-1,1,1,1,1,1,-1,-1,1,1,-1,1,1,-1,1,-1,1,1,1,1,-1,1,1,1,-1,1,1,1,1,1,-1,1,1,1,1,1,1,-1,1,-1,1,-1,1,1,-1,1,-1,1,1,-1,1,-1,1,-1,1,1,-1,1,-1,1,1,-1,1,-1,1,1,-1,1,-1,1,-1,1,-1,1,-1,-1,1,1,-1,-1,1,1,1,1,-1,1,-1,1,-1,1,1,-1,1,1,1,1,-1,1,-1,1,-1,1,-1,-1,1,-1,1,1,1,1,-1,1,1,1,1,-1,-1,-1,1,-1,-1,1,-1,1,-1,-1,1,-1,1,-1,-1,-1,-1,1,-1,1,-1,1,-1,-1,1,-1,1,1,-1,-1,-1,1,-1,-1,1,1,-1,-1,1,-1,1,1,-1,1,-1,1,-1,-1,1,1,-1,-1,-1,-1,1,1,-1,1,-1,1,-1,1,-1,1,-1,-1,-1,-1,1,-1,1,-1,-1,-1,-1,1,-1,-1,-1,-1,-1,-1,1,-1,1,-1,1,-1,-1,1,-1,-1,1,-1,-1,-1,1,1,1,-1,1,-1,-1,-1,-1,1,-1,1,-1,-1,1,-1,1,1,1,-1,-1,-1,1,1,-1,1,-1,-1,-1,1,1,1,-1,1,1,-1,1,1,1,1,1,1,1,-1,1,1,-1,1,-1,1,-1,-1,1,-1,-1,1,-1,-1,1,-1,-1,-1,1,1,-1,1,1,-1,-1,1,1,-1,-1,1,-1,-1,-1,-1,-1,1,1,-1,-1,-1,-1,-1,1,1,-1,-1,1,1,1,-1,1,-1,1,-1,1,-1,1,1,-1,1,-1,1,-1,-1,1,1,-1,1,1,1,1,1,1,-1,-1,1,-1,1,1,1,-1,-1,1,-1,1,1,-1,-1,1,1,-1,1,1,-1,-1,1,-1,1,-1,1,1,-1,1,1,-1,1,1,1,-1,1,1,1,1,1,1,-1,-1,1,1,1,1,1,-1,1,1,-1,1,1,1,-1,-1,1,1,1,-1,1,-1,-1,1,1,1,1,1,-1,-1,-1,1,1,1,1,-1,-1,1,1,1,1,-1,1,-1,1,-1,1,-1,-1,1,-1,1,-1,1,1,-1,-1,1,-1,1,1,-1,-1,-1,-1,1,-1,1,1,-1,1,-1,1,-1,1,-1,1,-1,-1,1,1,1,1,-1,1,-1,1,-1,1,1,-1,1,-1,1,-1,1,1,-1,1,1,1,1,1,1,1,1,-1,1,1,1,1,-1,1,-1,1,-1,1,1,-1,1,1,-1,1,1,1,-1,1,1,-1,1,1,1,-1,1,-1,-1,1,1,-1,1,1,-1,1,-1,1,-1,1,1,1,-1,1,1,1,1,1,1,-1,1,1,-1,1,1,1,1,1,1,-1,1,1,1,-1,1,1,-1,1,1,-1,1,1,1,1,1,1,1,-1,1,1,-1,1,1,-1,1,1,1,-1,1,1,-1,-1,1,-1,-1,1,1,-1,1,1,-1,-1,-1,-1,-1,1,1,1,-1,1,1,-1,1,1,1,-1,1,-1,1,1,1,-1,1,1,-1,-1,1,1,-1,-1,-1,1,-1,1,1,-1,1,-1,-1,-1,1,1,-1,-1,-1,1,-1,1,1,-1,-1,1,-1,-1,1,1,-1,-1,-1,-1,-1,-1,1,-1,-1,-1,-1,-1,1,-1,-1,-1,-1,-1,-1,-1,1,-1,-1,-1,-1,-1,1,1,-1,-1,1,-1,1,1,1,1,-1,-1,-1,1,-1,1,-1,-1,-1,-1,1,-1,1,-1,-1,-1,1,-1,1,1,-1,-1,-1,-1,1,-1,1,-1,1,-1,1,-1,-1,1,1,-1,1,-1,1,-1,1,1,-1,1,-1,1,-1,1,1,-1,1,-1,-1,-1,-1,1,-1,1,-1,1,-1,-1,1,-1,1,-1,1,-1,-1,1,-1,-1,1,-1,-1,-1,1,-1,1,1,-1,1,-1,1,1,1,-1,1,-1,1,-1,1,1,-1,1,-1,-1,-1,-1,1,-1,1,-1,1,-1,1,1,1,-1,1,-1,1,1,1,-1,1,-1,1,1,-1,1,-1,-1,1,1,1,1,1,-1,-1,1,1,1,1,1,1,-1,-1,1,1,1,1,1,-1,1,1,-1,-1,1,1,-1,1,1,1,1,1,1,-1,-1,1,1,-1,1,1,1,-1,1,1,-1,1,1,-1,1,1,-2662.0,1,2000,445,500,True
2242,-1,-1,1,1,1,1,-1,1,-1,-1,-1,1,-1,1,-1,-1,1,-1,1,1,1,1,-1,-1,-1,1,-1,-1,-1,-1,-1,-1,1,1,-1,1,1,-1,-1,-1,1,-1,1,-1,-1,-1,-1,1,-1,-1,-1,-1,1,-1,1,-1,-1,1,-1,-1,-1,1,1,1,-1,1,-1,-1,-1,-1,1,-1,-1,-1,-1,-1,1,1,-1,-1,-1,1,1,-1,-1,-1,-1,-1,-1,1,-1,-1,-1,1,-1,-1,-1,1,-1,1,1,1,-1,-1,1,-1,-1,1,1,-1,-1,-1,-1,-1,1,1,-1,-1,1,-1,-1,1,1,-1,-1,-1,-1,-1,1,1,-1,-1,1,-1,-1,1,1,1,-1,1,-1,-1,1,1,1,-1,1,-1,-1,-1,1,-1,-1,1,1,-1,1,1,1,-1,1,1,-1,-1,1,1,-1,1,1,-1,1,1,-1,-1,1,-1,-1,1,1,-1,1,-1,1,-1,1,1,-1,-1,-1,-1,-1,-1,1,-1,1,1,1,-1,1,1,-1,-1,1,1,-1,1,1,-1,-1,1,1,-1,1,1,1,-1,1,1,1,1,1,-1,-1,-1,1,1,-1,1,-1,-1,1,1,1,-1,1,-1,-1,-1,1,1,-1,1,-1,1,-1,1,1,-1,1,-1,1,-1,1,1,1,1,-1,1,-1,1,-1,-1,1,1,-1,-1,1,-1,1,1,1,-1,-1,1,-1,1,1,1,-1,-1,1,-1,1,1,1,-1,-1,1,1,-1,1,1,1,-1,1,1,1,1,1,-1,-1,1,-1,1,1,1,1,-1,1,1,1,1,1,1,-1,1,-1,-1,1,-1,1,-1,-1,1,-1,1,1,1,-1,1,-1,-1,1,1,-1,1,1,-1,1,1,1,1,-1,1,-1,1,1,1,-1,1,1,-1,-1,1,1,1,-1,1,-1,1,1,1,-1,1,1,-1,1,1,1,-1,1,-1,-1,1,1,1,-1,1,-1,-1,-1,1,1,1,1,-1,-1,1,-1,1,-1,1,1,-1,-1,1,1,1,-1,1,-1,-1,1,1,-1,1,-1,1,-1,-1,-1,-1,1,1,-1,-1,1,1,-1,1,1,-1,-1,1,1,-1,1,1,-1,1,1,1,1,1,-1,-1,-1,-1,1,-1,1,1,-1,-1,1,-1,-1,1,-1,-1,-1,-1,-1,1,-1,-1,-1,1,-1,1,-1,1,1,-1,1,1,-1,1,-1,1,-1,-1,1,-1,-1,-1,1,1,-1,1,-1,-1,1,1,-1,-1,1,-1,1,-1,1,-1,-1,1,-1,-1,1,1,-1,1,1,-1,-1,-1,-1,-1,1,1,-1,-1,1,-1,-1,1,-1,1,-1,1,-1,-1,1,-1,-1,-1,-1,-1,-1,1,-1,1,-1,1,-1,-1,1,-1,-1,1,-1,-1,-1,1,1,-1,1,-1,-1,-1,1,1,-1,-1,-1,1,-1,1,-1,-1,1,-1,-1,1,-1,1,-1,-1,-1,-1,1,-1,1,-1,-1,1,-1,-1,1,1,1,-1,1,-1,1,-1,-1,1,1,-1,1,1,-1,1,-1,-1,1,-1,1,-1,-1,1,-1,1,1,-1,-1,-1,1,1,1,1,1,-1,-1,1,-1,1,-1,1,-1,-1,-1,1,1,1,1,-1,-1,-1,-1,1,1,1,-1,-1,1,1,1,-1,1,-1,-1,-1,1,1,1,1,-1,-1,-1,-1,1,-1,1,1,-1,1,-1,-1,1,1,-1,1,1,1,1,1,1,1,-1,1,-1,1,1,1,-1,1,1,1,-1,1,1,-1,-1,1,1,1,1,1,-1,1,1,1,-1,1,1,1,1,1,1,1,1,1,1,1,1,1,-1,1,1,-1,1,1,1,1,1,1,1,1,1,1,1,1,-1,1,1,1,1,1,1,1,1,-1,1,-1,1,1,1,1,1,1,1,1,1,1,-1,1,1,1,1,1,-1,-1,1,1,1,-1,1,1,1,1,1,-1,1,1,-1,1,1,1,1,1,-1,1,-1,-1,1,-1,1,1,-1,1,-1,1,1,-1,1,-1,1,-1,1,1,-1,1,-1,1,-1,1,-1,1,1,-1,-1,-1,1,-1,-1,1,-1,1,1,-1,-1,-1,1,1,-1,-1,1,-1,-1,1,-1,-1,-1,-1,1,-1,1,-1,1,-1,-1,1,-1,1,1,-1,-1,1,1,-1,1,-1,-1,-1,1,-1,-1,-1,1,-1,-1,1,-1,1,1,-1,-1,-1,-1,-1,-1,1,-1,-1,-1,1,1,-1,1,-1,-1,1,-1,-1,-1,1,-1,-1,-1,1,1,1,1,1,-1,-1,1,-1,1,1,-1,1,-1,-1,1,1,1,-1,-1,-1,-1,-1,1,-1,-1,-1,1,-1,1,1,1,1,-1,-1,-1,-1,1,1,1,-1,1,-1,1,1,-1,1,-1,-1,1,1,1,1,-1,1,-1,-1,1,1,1,1,-1,-1,-1,1,1,1,1,-1,-1,-1,1,1,1,1,1,-1,-1,1,1,1,1,1,-1,-1,1,1,-1,1,1,-1,-1,1,1,-1,1,-1,-1,-1,1,-1,1,1,1,-1,-1,-1,1,-1,1,1,-1,-1,1,1,-1,1,1,-1,1,1,1,-1,1,1,1,1,-1,1,1,1,1,-1,1,-1,1,1,1,-1,-1,1,1,1,1,1,1,1,-1,1,1,1,-1,1,-1,1,1,1,-1,1,-1,1,1,1,1,-1,1,1,-1,1,-1,1,-1,1,1,1,-1,1,1,1,1,-1,1,1,1,-1,-1,1,-1,1,1,1,-1,-1,1,1,1,-1,-1,1,1,-1,1,1,-1,-1,1,1,1,-1,1,1,1,1,1,-1,1,1,1,1,1,-1,-1,1,1,-1,1,1,1,-1,1,1,-1,-1,-1,-1,-1,1,1,-1,1,1,1,-1,1,1,-1,-1,1,-1,-1,1,1,-1,1,1,1,-1,1,1,-1,1,1,1,-1,-1,1,-1,1,1,1,-1,-1,1,-1,1,-1,1,1,-1,1,-1,-1,1,1,-1,1,1,1,-1,1,-1,1,-1,1,-1,-1,1,-2662.0,1,2000,445,1500,True
2243,-1,-1,1,1,1,1,-1,1,-1,-1,-1,1,-1,-1,-1,-1,1,-1,1,-1,-1,1,-1,-1,-1,1,-1,-1,1,-1,-1,-1,1,-1,-1,1,1,-1,-1,1,-1,-1,1,-1,-1,-1,1,1,-1,-1,-1,-1,1,1,-1,1,-1,1,-1,-1,1,1,-1,1,-1,-1,-1,1,1,-1,1,-1,-1,-1,1,1,1,1,-1,-1,-1,1,1,-1,-1,-1,-1,1,1,1,1,-1,-1,-1,1,1,-1,1,-1,1,-1,1,1,1,-1,-1,-1,-1,1,1,1,1,-1,-1,-1,1,1,1,1,-1,-1,-1,-1,1,1,1,-1,-1,-1,1,1,1,-1,-1,-1,1,1,1,1,-1,-1,-1,1,-1,1,1,1,-1,-1,-1,-1,1,1,1,1,-1,1,1,1,1,-1,-1,-1,-1,1,-1,1,-1,1,-1,1,-1,1,1,-1,-1,-1,-1,1,1,-1,1,1,-1,1,-1,1,-1,-1,-1,-1,1,-1,1,-1,-1,1,-1,1,-1,1,-1,-1,1,-1,1,1,1,1,-1,1,-1,1,-1,1,-1,-1,1,-1,1,-1,1,1,-1,1,1,-1,1,-1,1,-1,1,1,1,-1,1,1,-1,1,-1,1,-1,1,-1,-1,1,1,1,-1,-1,1,-1,1,-1,-1,-1,1,-1,-1,1,-1,1,-1,1,1,-1,1,1,-1,-1,1,-1,1,1,1,-1,-1,1,-1,1,1,1,1,-1,-1,1,-1,1,1,1,-1,1,1,-1,1,1,-1,-1,1,1,1,1,1,-1,-1,1,1,-1,1,-1,1,-1,1,1,1,1,1,1,-1,1,-1,1,1,-1,1,-1,1,-1,1,1,1,1,-1,1,-1,1,1,1,-1,-1,1,1,-1,1,1,-1,1,-1,-1,1,1,1,-1,1,-1,1,-1,1,1,1,1,1,-1,1,1,1,1,1,1,-1,1,-1,1,-1,1,1,-1,1,-1,1,1,-1,1,-1,1,-1,1,1,-1,1,-1,1,1,-1,1,-1,1,-1,-1,1,-1,1,-1,1,-1,1,-1,-1,1,1,-1,-1,1,1,-1,1,-1,1,-1,1,-1,1,1,-1,1,1,1,1,-1,1,-1,1,-1,1,-1,-1,1,-1,1,1,1,1,-1,1,1,-1,1,-1,-1,-1,1,-1,-1,1,-1,1,-1,-1,1,-1,1,-1,-1,-1,-1,1,-1,1,-1,1,-1,-1,1,-1,1,1,-1,-1,-1,1,-1,-1,1,1,-1,-1,1,-1,1,1,-1,1,-1,1,-1,-1,1,1,-1,-1,-1,-1,1,1,-1,1,-1,1,-1,1,-1,1,-1,-1,-1,1,1,-1,1,-1,-1,-1,-1,1,-1,-1,1,-1,-1,-1,1,1,1,1,1,-1,-1,1,-1,-1,1,-1,-1,-1,1,-1,1,-1,1,-1,-1,1,-1,1,-1,1,-1,-1,1,-1,1,1,1,-1,-1,-1,1,1,-1,1,-1,-1,1,1,1,1,-1,1,1,-1,1,1,1,1,1,-1,1,-1,1,1,-1,1,-1,1,-1,-1,1,-1,-1,1,-1,-1,1,-1,-1,-1,1,1,-1,1,1,-1,-1,1,1,-1,-1,1,-1,-1,-1,-1,-1,1,1,-1,-1,-1,-1,-1,1,1,-1,-1,1,1,1,-1,1,-1,1,-1,1,-1,1,1,-1,1,-1,1,-1,-1,1,1,-1,1,1,1,1,1,1,-1,-1,1,-1,1,1,1,-1,-1,1,-1,1,1,-1,-1,1,1,-1,1,1,-1,-1,1,-1,1,1,1,1,-1,1,-1,-1,1,1,1,-1,1,-1,1,1,1,1,-1,-1,1,1,1,1,1,-1,1,1,-1,1,1,1,-1,-1,1,1,1,-1,1,-1,-1,1,-1,1,1,1,-1,-1,-1,1,1,1,1,-1,-1,1,1,1,1,-1,1,-1,1,-1,1,-1,-1,1,-1,1,-1,1,1,-1,-1,1,-1,1,1,-1,-1,-1,-1,1,-1,1,1,-1,1,-1,1,-1,1,-1,1,-1,-1,1,-1,1,1,-1,1,-1,1,-1,1,1,-1,1,-1,1,-1,1,1,-1,1,1,1,1,1,-1,1,1,-1,1,1,1,1,-1,1,-1,1,-1,1,1,-1,1,1,-1,1,1,1,-1,1,1,-1,1,1,1,-1,1,-1,-1,1,1,-1,1,1,-1,1,-1,1,-1,1,1,1,-1,1,1,1,1,1,1,-1,1,1,-1,1,1,1,1,1,1,-1,1,1,1,-1,1,1,-1,1,1,-1,1,1,-1,1,1,1,1,-1,1,1,-1,1,1,-1,1,1,1,-1,1,1,-1,-1,1,-1,-1,1,1,-1,1,1,-1,-1,-1,1,-1,1,1,1,-1,1,-1,-1,1,1,1,-1,1,-1,1,1,1,-1,1,1,-1,-1,1,1,-1,-1,-1,1,-1,1,1,-1,1,-1,-1,-1,1,1,-1,-1,-1,1,-1,1,1,-1,-1,-1,-1,-1,1,1,-1,-1,-1,1,-1,1,1,-1,-1,-1,-1,-1,1,-1,-1,-1,-1,-1,1,1,1,-1,-1,-1,1,-1,1,-1,-1,-1,1,-1,1,1,1,1,-1,-1,-1,1,-1,-1,-1,-1,-1,-1,1,-1,1,-1,-1,-1,-1,1,1,-1,-1,-1,1,1,1,-1,1,-1,1,-1,1,-1,-1,1,1,-1,1,1,1,-1,-1,1,-1,1,-1,1,-1,1,1,-1,1,1,-1,-1,-1,1,-1,1,-1,1,-1,-1,1,-1,1,-1,1,-1,-1,1,-1,-1,1,-1,-1,-1,1,-1,1,1,-1,1,-1,1,1,1,-1,1,-1,1,-1,1,1,-1,1,-1,-1,-1,-1,1,-1,1,-1,1,-1,1,1,1,-1,1,-1,1,1,1,-1,1,-1,1,1,-1,1,-1,-1,1,1,1,1,1,-1,-1,1,1,1,1,1,1,-1,-1,1,1,1,1,1,-1,1,1,-1,-1,1,-1,-1,1,1,1,1,1,1,-1,-1,1,1,-1,1,-1,1,-1,1,1,-1,1,1,-1,1,1,-2662.0,1,2000,445,500,True
2244,1,1,-1,-1,1,1,-1,1,1,1,1,-1,-1,1,1,1,-1,1,-1,-1,-1,1,1,1,1,-1,-1,-1,1,1,1,1,-1,-1,-1,1,-1,1,1,1,-1,-1,1,1,1,1,1,-1,1,-1,1,1,-1,1,-1,-1,-1,-1,1,1,1,-1,-1,1,1,1,1,1,-1,-1,1,-1,1,1,1,-1,-1,1,-1,1,1,-1,-1,-1,-1,1,1,1,-1,-1,-1,-1,1,1,1,-1,-1,1,-1,-1,1,1,-1,-1,1,-1,1,1,1,-1,-1,1,-1,1,1,1,-1,-1,1,-1,-1,1,1,1,-1,-1,-1,1,-1,1,1,-1,1,-1,1,1,1,1,-1,-1,-1,1,-1,1,1,-1,1,-1,-1,1,1,1,-1,-1,1,1,-1,1,1,-1,1,-1,1,1,-1,1,-1,1,-1,1,1,1,-1,-1,1,1,1,-1,1,-1,1,-1,-1,1,1,1,-1,1,1,1,1,-1,1,1,1,1,-1,1,-1,1,-1,1,1,-1,1,-1,1,1,-1,1,-1,1,-1,1,-1,1,1,-1,1,-1,1,1,1,1,-1,-1,1,1,-1,-1,1,-1,1,1,-1,1,-1,1,-1,1,-1,1,-1,1,1,-1,-1,1,1,1,-1,1,-1,1,1,1,-1,1,1,-1,1,-1,1,-1,1,-1,1,-1,1,1,-1,1,-1,-1,-1,1,1,-1,1,-1,1,-1,-1,1,-1,-1,1,1,-1,-1,1,1,-1,1,1,-1,1,1,1,-1,-1,1,-1,1,1,-1,1,-1,1,1,-1,1,1,-1,-1,1,-1,-1,1,-1,1,-1,1,1,-1,1,1,1,-1,1,-1,-1,1,1,-1,-1,1,-1,-1,1,1,1,-1,1,-1,-1,1,1,-1,1,1,-1,1,-1,1,-1,-1,1,-1,1,1,1,1,1,1,-1,1,1,1,1,1,-1,-1,1,1,1,1,1,-1,-1,1,-1,1,1,1,-1,-1,1,-1,1,1,1,1,-1,1,-1,1,1,1,1,-1,-1,1,1,1,-1,-1,-1,1,1,-1,-1,1,1,-1,1,-1,1,-1,1,-1,1,1,-1,1,1,1,-1,-1,1,-1,1,-1,1,-1,-1,1,-1,1,1,1,1,-1,1,1,-1,1,1,-1,-1,1,-1,-1,1,-1,1,-1,-1,1,-1,1,1,-1,-1,1,1,-1,1,-1,1,-1,-1,1,-1,1,1,-1,-1,-1,1,-1,-1,1,1,-1,-1,1,-1,1,1,-1,1,-1,1,-1,1,1,1,-1,-1,-1,-1,1,1,-1,1,-1,1,-1,1,-1,1,-1,-1,-1,1,1,-1,1,-1,-1,-1,-1,1,-1,-1,1,-1,-1,-1,1,-1,1,1,1,-1,-1,1,-1,-1,1,-1,-1,-1,-1,1,1,-1,1,-1,-1,-1,1,1,-1,1,-1,-1,-1,1,1,1,1,-1,-1,-1,1,1,-1,1,-1,1,-1,1,1,1,-1,1,1,-1,1,1,1,1,1,1,1,-1,1,1,-1,1,-1,1,-1,-1,1,1,-1,1,-1,-1,1,1,1,-1,1,1,-1,1,-1,1,-1,1,1,-1,-1,1,1,-1,-1,-1,-1,1,1,1,-1,-1,-1,-1,1,1,1,-1,1,1,1,1,1,1,-1,1,1,-1,-1,1,1,-1,-1,1,-1,-1,1,-1,1,1,1,1,-1,1,-1,1,1,1,-1,-1,1,-1,1,1,1,-1,1,-1,1,1,1,1,-1,1,-1,1,-1,1,-1,1,-1,-1,-1,1,1,-1,-1,1,-1,-1,1,1,-1,1,-1,-1,-1,1,1,1,1,1,-1,-1,1,-1,1,-1,-1,-1,-1,1,1,1,1,-1,1,-1,1,1,1,-1,-1,-1,-1,1,1,-1,1,-1,1,-1,1,1,1,1,-1,-1,1,-1,1,1,-1,-1,1,1,-1,1,1,-1,-1,-1,1,1,-1,1,1,-1,1,1,1,-1,1,-1,-1,-1,1,-1,-1,1,-1,-1,1,-1,1,-1,1,-1,-1,-1,-1,1,-1,1,-1,-1,-1,1,1,-1,1,-1,-1,1,-1,-1,-1,1,1,-1,-1,1,1,-1,1,1,-1,-1,1,-1,1,-1,1,-1,-1,-1,-1,-1,-1,1,-1,-1,1,-1,1,-1,1,-1,-1,-1,-1,-1,-1,1,-1,-1,-1,-1,-1,1,-1,-1,1,-1,-1,1,-1,1,-1,-1,-1,-1,1,-1,1,1,-1,-1,-1,1,1,1,-1,-1,1,-1,1,-1,1,-1,1,-1,-1,1,1,1,-1,-1,-1,-1,1,-1,1,1,-1,1,-1,-1,1,1,-1,-1,-1,-1,-1,-1,1,1,-1,-1,1,-1,1,1,-1,-1,-1,1,-1,1,1,-1,-1,1,-1,-1,1,1,1,-1,1,-1,1,1,1,-1,-1,1,-1,-1,1,1,1,-1,1,-1,-1,1,1,-1,1,1,-1,-1,1,1,-1,1,1,-1,-1,1,1,-1,1,1,-1,-1,1,1,1,1,1,1,-1,1,1,1,1,1,-1,-1,1,-1,1,1,1,1,-1,-1,1,-1,1,1,1,-1,1,1,1,1,-1,1,-1,1,1,1,1,1,1,-1,-1,1,1,1,1,-1,1,-1,1,1,1,1,-1,1,-1,1,1,1,-1,-1,1,-1,1,1,-1,1,-1,-1,-1,1,1,1,-1,1,-1,-1,1,1,1,-1,-1,-1,-1,1,1,1,-1,-1,1,-1,-1,1,1,-1,1,-1,-1,1,1,1,-1,1,-1,1,-1,1,1,1,1,1,-1,-1,1,1,-1,-1,1,1,-1,1,1,-1,1,-1,-1,1,1,-1,-1,1,-1,-1,-1,1,1,-1,1,1,-1,1,1,-1,-1,1,-1,1,-1,-1,-1,-1,1,-1,-1,1,1,-1,1,1,-1,1,1,1,1,-1,1,-1,1,1,1,1,-1,1,-1,-1,-1,1,1,-1,1,-1,1,1,1,1,-1,1,-1,1,1,1,-1,-1,1,-1,-1,1,1,-1,-1,-1,1,-1,1,-1,1,-1,1,-1,-1,1,-2662.0,1,2000,445,1500,True
2245,-1,-1,1,1,1,1,-1,1,-1,-1,-1,1,-1,-1,-1,-1,1,-1,1,-1,-1,1,-1,-1,-1,1,-1,-1,-1,-1,-1,-1,1,-1,-1,1,1,-1,-1,1,-1,-1,1,-1,-1,-1,1,1,-1,-1,1,-1,1,1,-1,1,-1,1,-1,-1,1,1,-1,1,-1,-1,-1,1,1,-1,1,-1,-1,-1,1,1,1,1,-1,-1,-1,1,1,-1,-1,-1,-1,1,1,1,1,-1,-1,-1,1,1,-1,1,-1,1,-1,1,1,1,-1,-1,-1,-1,1,1,1,1,-1,1,-1,1,1,1,1,-1,-1,-1,-1,1,1,1,-1,-1,1,1,1,1,-1,-1,-1,1,1,1,1,-1,-1,-1,1,-1,1,1,1,-1,-1,-1,-1,1,1,1,1,-1,1,1,1,1,-1,1,-1,-1,1,-1,1,-1,1,-1,1,-1,1,1,-1,-1,-1,-1,1,1,-1,1,1,-1,1,-1,1,-1,-1,-1,-1,1,-1,1,-1,-1,1,-1,1,-1,1,-1,-1,1,-1,1,1,1,1,-1,1,-1,1,-1,1,-1,-1,1,-1,1,-1,1,1,-1,1,1,-1,1,-1,1,-1,1,1,1,-1,1,1,-1,1,-1,1,-1,1,-1,-1,1,1,1,-1,-1,1,-1,1,-1,-1,-1,1,-1,-1,1,-1,1,-1,1,1,-1,1,1,-1,-1,1,-1,1,1,1,-1,-1,1,-1,1,1,1,1,-1,-1,1,-1,1,1,1,-1,1,1,-1,1,1,-1,-1,1,1,1,1,1,-1,-1,1,1,-1,1,1,1,-1,1,1,1,1,1,1,-1,1,-1,1,1,-1,1,-1,1,-1,1,1,1,1,-1,1,-1,1,1,1,-1,-1,1,1,-1,1,1,-1,1,1,-1,1,1,1,-1,1,1,1,-1,1,1,1,1,1,-1,1,-1,1,1,1,1,-1,1,1,1,-1,1,1,-1,1,1,1,1,-1,1,-1,1,1,1,1,1,1,-1,1,-1,1,-1,1,1,-1,-1,-1,1,1,-1,1,-1,1,1,-1,-1,1,1,-1,1,1,1,-1,1,-1,-1,1,1,-1,1,-1,1,1,1,1,-1,1,-1,1,-1,1,1,-1,-1,-1,1,1,-1,-1,-1,-1,1,-1,1,-1,1,1,-1,1,-1,1,-1,1,-1,-1,1,-1,1,-1,1,-1,-1,1,-1,1,-1,-1,1,-1,1,-1,1,-1,-1,-1,-1,1,-1,-1,1,-1,1,-1,-1,-1,1,1,1,1,-1,1,-1,1,-1,-1,1,-1,-1,1,-1,-1,1,1,-1,1,-1,1,-1,1,-1,1,-1,1,1,-1,1,-1,1,-1,-1,1,-1,1,1,-1,-1,1,-1,-1,-1,1,1,-1,-1,1,-1,1,1,-1,1,-1,-1,-1,-1,-1,1,-1,-1,-1,-1,1,-1,1,-1,-1,1,-1,-1,1,1,-1,-1,-1,1,-1,-1,1,-1,1,-1,1,-1,-1,-1,1,1,-1,1,-1,1,1,1,-1,1,-1,1,1,-1,-1,1,1,1,-1,1,-1,1,-1,1,1,1,-1,-1,-1,-1,-1,1,1,1,-1,-1,-1,1,1,-1,1,-1,-1,-1,1,1,1,1,-1,-1,1,1,1,1,1,-1,-1,-1,-1,1,-1,1,-1,1,-1,-1,1,1,1,-1,-1,1,1,-1,-1,1,1,-1,-1,-1,-1,1,1,1,-1,-1,1,-1,1,1,1,-1,-1,1,-1,1,1,-1,-1,-1,-1,-1,1,1,-1,1,-1,-1,1,-1,1,1,-1,1,-1,-1,1,1,1,-1,1,-1,1,1,1,1,-1,-1,1,-1,1,1,1,-1,1,1,-1,1,1,1,-1,-1,1,1,1,-1,1,-1,-1,1,-1,1,1,1,-1,-1,1,1,1,1,1,-1,-1,1,1,1,1,-1,1,-1,1,-1,1,-1,-1,1,-1,1,-1,1,1,-1,-1,1,-1,1,1,-1,-1,-1,1,1,-1,1,1,-1,1,-1,1,-1,1,-1,1,-1,1,1,-1,1,1,-1,1,-1,1,-1,1,1,-1,-1,1,1,-1,1,1,-1,1,1,1,1,1,-1,1,1,-1,1,1,1,1,-1,1,-1,1,-1,1,1,-1,1,1,-1,1,1,1,-1,1,1,1,-1,1,1,-1,1,-1,-1,1,1,-1,1,1,1,-1,-1,1,-1,1,1,-1,-1,1,1,1,1,1,1,-1,1,1,-1,1,1,-1,1,1,1,-1,1,1,-1,-1,1,1,-1,1,1,-1,1,1,-1,1,1,1,-1,1,1,1,-1,1,1,1,-1,1,1,-1,1,1,-1,-1,1,-1,-1,1,1,-1,1,1,-1,-1,-1,1,-1,1,1,1,-1,1,-1,-1,1,1,1,-1,1,-1,1,1,1,-1,1,1,-1,-1,1,1,-1,-1,-1,-1,1,1,1,-1,1,-1,-1,-1,1,1,-1,-1,1,-1,-1,1,1,-1,-1,-1,-1,-1,1,1,-1,-1,-1,1,-1,1,1,-1,-1,-1,-1,-1,1,-1,1,-1,-1,-1,1,1,1,-1,-1,-1,1,-1,1,1,-1,-1,1,-1,1,1,1,1,-1,-1,-1,1,-1,1,-1,-1,-1,-1,1,-1,1,-1,-1,-1,-1,1,-1,1,-1,-1,1,1,1,-1,1,-1,1,-1,1,-1,-1,1,1,-1,1,1,1,-1,1,1,-1,1,-1,1,-1,1,1,-1,1,1,-1,-1,-1,1,-1,1,-1,1,-1,1,1,-1,1,-1,1,-1,1,1,-1,-1,1,-1,-1,-1,1,-1,1,1,-1,1,1,1,1,1,-1,1,-1,1,-1,1,1,-1,1,-1,-1,-1,-1,1,-1,1,1,1,-1,1,1,1,-1,-1,-1,1,1,1,-1,1,1,1,1,-1,1,-1,-1,1,1,1,1,1,-1,-1,1,1,1,1,1,1,-1,1,1,1,1,1,1,-1,1,1,-1,-1,1,-1,-1,1,1,1,1,1,1,-1,1,1,1,-1,1,-1,1,-1,1,1,-1,1,1,-1,1,1,-2662.0,1,2000,445,500,True
2246,1,1,-1,-1,1,1,-1,1,1,1,1,-1,-1,1,1,1,-1,1,-1,-1,-1,1,1,1,1,1,-1,-1,1,1,1,1,-1,-1,-1,1,-1,1,1,1,-1,-1,1,1,1,1,1,1,-1,1,1,1,-1,1,-1,-1,-1,-1,1,1,1,-1,-1,-1,1,1,1,1,1,-1,1,-1,1,1,1,1,-1,1,-1,1,1,1,1,-1,-1,1,1,1,1,1,1,1,-1,1,1,1,-1,-1,-1,1,1,1,1,1,-1,-1,-1,1,1,1,1,-1,-1,-1,1,1,1,1,1,-1,-1,1,1,1,1,-1,-1,-1,1,1,1,1,-1,-1,-1,1,1,1,1,-1,-1,-1,1,1,1,1,1,-1,-1,-1,1,1,1,-1,1,-1,1,1,1,1,-1,1,-1,-1,1,1,1,-1,1,-1,1,1,1,1,-1,-1,-1,1,1,1,-1,1,1,-1,1,1,1,-1,-1,-1,-1,-1,1,1,-1,-1,1,-1,-1,1,-1,1,-1,1,-1,-1,1,1,1,-1,1,-1,1,1,1,1,-1,1,-1,1,1,-1,-1,-1,1,1,-1,1,-1,1,-1,1,1,-1,1,-1,1,-1,1,-1,-1,1,-1,-1,-1,1,1,-1,-1,1,-1,-1,1,-1,1,1,-1,1,-1,1,-1,-1,1,-1,1,-1,1,1,1,1,-1,-1,1,1,1,-1,1,1,-1,1,1,1,1,1,1,-1,-1,1,1,1,1,1,-1,-1,1,1,-1,-1,1,-1,1,1,1,-1,-1,1,1,-1,1,1,1,-1,1,1,1,1,1,1,-1,1,-1,1,1,-1,1,-1,1,-1,1,1,1,1,-1,1,1,1,1,1,-1,1,1,1,-1,1,1,-1,1,1,-1,1,1,1,-1,1,1,1,-1,1,1,1,1,1,-1,1,1,1,1,1,1,-1,1,-1,1,-1,1,1,-1,1,-1,1,1,-1,1,-1,1,-1,1,1,-1,1,-1,1,1,-1,1,-1,1,1,-1,1,-1,1,-1,1,-1,1,-1,-1,1,1,-1,-1,1,1,-1,1,-1,1,-1,1,-1,1,1,-1,1,1,1,1,-1,1,-1,1,-1,1,-1,-1,1,-1,1,1,-1,1,-1,1,1,-1,1,-1,-1,-1,1,-1,-1,1,-1,1,-1,-1,1,-1,1,-1,-1,-1,-1,1,-1,1,-1,1,-1,-1,1,-1,1,-1,-1,-1,-1,1,-1,-1,1,1,-1,-1,1,-1,1,1,-1,1,-1,1,-1,1,-1,1,-1,-1,-1,-1,-1,-1,-1,1,-1,1,-1,1,-1,1,-1,-1,-1,1,1,-1,1,-1,-1,-1,-1,1,-1,-1,1,-1,-1,1,-1,1,1,1,1,-1,-1,1,-1,-1,1,-1,-1,-1,-1,-1,1,-1,1,-1,-1,-1,-1,1,-1,1,-1,-1,1,-1,1,1,1,-1,-1,-1,1,1,-1,1,-1,1,-1,1,1,1,-1,1,1,-1,1,1,1,1,1,1,1,-1,1,1,-1,1,-1,1,1,1,-1,-1,-1,1,-1,-1,1,-1,-1,-1,1,1,-1,1,1,-1,-1,1,1,-1,-1,1,-1,-1,-1,-1,-1,-1,1,-1,-1,-1,-1,-1,-1,1,-1,-1,1,1,1,1,1,-1,1,-1,1,-1,-1,1,-1,-1,-1,1,-1,-1,1,1,-1,1,1,1,-1,1,1,-1,-1,1,-1,-1,1,1,-1,-1,1,-1,1,1,-1,-1,1,1,-1,1,1,-1,-1,1,-1,1,1,1,1,-1,1,-1,-1,-1,1,1,-1,1,-1,1,-1,1,1,-1,-1,1,1,1,1,1,-1,1,1,-1,-1,1,1,-1,-1,1,1,-1,1,1,-1,-1,1,-1,-1,1,1,-1,-1,-1,1,-1,1,1,-1,-1,1,1,-1,1,1,1,-1,1,-1,-1,-1,-1,1,-1,1,-1,-1,1,-1,-1,1,-1,1,-1,1,1,-1,-1,1,-1,-1,1,-1,1,-1,1,-1,-1,1,1,-1,-1,1,-1,-1,-1,1,1,-1,1,-1,-1,-1,1,-1,-1,1,-1,-1,-1,-1,1,1,1,1,-1,-1,1,1,-1,1,1,-1,-1,-1,1,-1,1,-1,-1,-1,1,1,1,-1,1,-1,-1,1,1,1,-1,1,-1,-1,-1,1,-1,-1,1,-1,-1,-1,1,-1,1,-1,-1,1,-1,1,1,-1,1,-1,-1,-1,1,1,-1,1,1,-1,-1,-1,1,1,1,-1,-1,-1,1,1,-1,1,-1,-1,-1,1,-1,1,1,-1,-1,-1,-1,1,-1,1,1,-1,1,-1,-1,1,1,-1,-1,-1,-1,-1,-1,1,1,-1,-1,1,-1,1,1,-1,-1,-1,-1,-1,1,1,-1,-1,-1,-1,-1,1,1,1,-1,-1,-1,1,1,1,-1,-1,1,-1,-1,1,1,-1,-1,1,-1,-1,1,1,-1,1,-1,-1,-1,1,1,-1,-1,1,-1,-1,1,1,-1,-1,1,-1,-1,1,1,1,-1,-1,1,-1,1,1,-1,-1,1,-1,-1,1,-1,1,-1,-1,1,-1,-1,1,1,-1,-1,1,-1,1,1,1,-1,-1,1,-1,1,1,1,-1,-1,1,1,-1,1,-1,-1,1,-1,1,-1,1,-1,-1,1,-1,1,-1,1,-1,-1,1,1,1,-1,1,-1,1,-1,1,-1,-1,1,1,-1,-1,1,1,-1,1,1,-1,1,-1,1,-1,1,1,-1,1,1,-1,-1,-1,1,-1,1,-1,1,-1,1,1,1,-1,1,1,-1,1,1,-1,-1,1,-1,-1,-1,1,-1,1,1,-1,1,1,1,1,1,-1,1,-1,1,1,1,1,-1,1,-1,-1,1,1,1,-1,1,1,1,1,-1,1,1,-1,1,-1,1,1,1,-1,1,1,1,1,1,1,-1,-1,1,1,1,1,1,-1,-1,1,1,1,1,1,1,-1,1,1,1,1,1,1,-1,1,1,1,1,1,-1,-1,1,1,1,1,1,1,-1,1,1,1,1,1,-1,1,-1,1,1,-1,1,1,-1,1,1,-2662.0,1,2000,445,500,True
2247,1,1,-1,-1,1,1,-1,-1,1,1,1,1,-1,1,1,1,-1,1,1,1,-1,-1,1,1,1,1,-1,-1,1,1,1,1,1,1,-1,-1,1,1,1,-1,1,-1,-1,1,1,1,1,1,-1,1,1,1,-1,1,1,-1,1,-1,1,1,1,1,1,-1,1,1,1,1,1,-1,-1,1,1,1,1,-1,-1,-1,1,1,1,-1,1,-1,1,1,1,1,1,1,-1,1,1,1,1,1,-1,1,1,-1,1,1,1,-1,1,1,1,1,1,1,-1,1,1,-1,1,1,1,-1,1,1,1,1,1,1,-1,1,1,1,-1,1,1,-1,1,1,1,-1,1,1,-1,-1,1,1,-1,1,1,-1,1,1,1,1,1,1,-1,-1,-1,1,-1,-1,1,-1,1,1,1,1,-1,-1,-1,1,-1,1,-1,-1,1,-1,1,1,1,1,-1,1,1,-1,-1,1,-1,-1,1,1,1,1,1,-1,-1,1,1,1,-1,1,-1,-1,-1,1,1,-1,1,-1,1,1,-1,1,-1,1,-1,-1,-1,-1,1,-1,1,-1,-1,1,1,1,-1,-1,1,-1,-1,1,1,-1,1,1,-1,1,1,1,-1,1,1,-1,1,1,1,-1,-1,1,-1,-1,1,1,-1,1,1,1,1,1,1,-1,-1,1,-1,1,1,-1,1,-1,-1,-1,1,1,-1,-1,-1,-1,-1,1,1,-1,-1,-1,-1,-1,1,1,1,1,-1,1,-1,1,1,1,1,-1,-1,-1,-1,1,-1,1,-1,-1,-1,1,1,-1,1,1,1,-1,-1,1,1,1,-1,-1,-1,1,1,-1,1,1,-1,-1,1,1,-1,1,1,1,-1,1,1,1,1,-1,-1,-1,1,-1,1,1,-1,-1,1,-1,-1,1,1,-1,-1,1,-1,1,-1,1,-1,1,1,1,-1,1,1,-1,-1,1,1,-1,1,1,-1,-1,1,1,-1,1,1,1,-1,-1,1,-1,1,1,-1,1,1,1,-1,1,-1,1,-1,-1,1,1,-1,-1,1,-1,1,1,-1,1,1,1,-1,1,1,-1,1,-1,1,-1,1,-1,-1,1,1,-1,1,-1,1,1,1,1,-1,1,-1,1,-1,1,1,1,1,-1,1,1,-1,-1,1,1,1,-1,1,-1,1,1,-1,1,-1,1,-1,1,1,-1,1,-1,1,-1,1,1,-1,1,-1,1,-1,-1,1,1,1,-1,1,-1,-1,-1,1,1,-1,-1,1,-1,1,1,-1,-1,1,1,1,1,1,1,-1,1,-1,-1,1,-1,-1,1,-1,-1,1,1,-1,1,-1,1,-1,1,1,-1,-1,1,1,1,1,1,-1,-1,-1,1,-1,1,1,-1,-1,1,-1,1,-1,1,1,-1,-1,1,-1,1,-1,1,-1,-1,1,-1,-1,-1,1,-1,-1,-1,-1,1,-1,1,-1,-1,1,-1,-1,1,1,-1,-1,-1,1,-1,1,1,-1,1,-1,1,-1,-1,1,1,1,-1,1,-1,1,-1,1,-1,1,-1,-1,-1,1,-1,1,1,1,1,-1,1,-1,-1,1,1,-1,1,1,-1,1,-1,1,-1,-1,1,-1,-1,1,1,1,-1,1,-1,-1,1,1,-1,-1,1,-1,1,1,1,-1,-1,1,-1,-1,-1,1,1,-1,1,-1,-1,-1,1,-1,-1,1,-1,1,1,-1,1,-1,-1,1,-1,-1,-1,-1,-1,1,1,1,-1,1,1,-1,-1,1,-1,1,-1,-1,-1,1,1,-1,-1,-1,1,-1,1,1,-1,-1,1,1,-1,-1,1,1,-1,-1,-1,-1,1,1,-1,-1,1,-1,-1,-1,1,1,-1,-1,-1,-1,-1,1,-1,-1,1,-1,-1,1,1,1,-1,-1,-1,1,-1,1,1,-1,1,-1,-1,-1,1,1,1,-1,-1,-1,-1,1,1,-1,1,-1,-1,1,-1,1,1,-1,-1,1,1,1,1,1,-1,-1,-1,1,1,1,-1,1,-1,1,-1,1,1,-1,1,-1,-1,1,1,-1,1,-1,-1,1,-1,1,1,-1,-1,-1,1,-1,1,1,-1,1,-1,-1,1,1,-1,1,-1,-1,-1,1,1,1,1,1,-1,1,1,1,-1,1,1,-1,-1,1,1,-1,1,-1,-1,-1,1,1,1,-1,1,-1,-1,1,1,1,-1,1,-1,-1,1,1,-1,-1,1,-1,-1,1,1,-1,1,-1,-1,1,1,1,-1,-1,1,-1,1,1,1,1,-1,1,1,1,1,1,-1,1,1,-1,-1,1,1,1,-1,1,-1,1,1,1,-1,1,1,-1,-1,1,1,-1,1,1,1,-1,1,1,1,-1,1,-1,-1,1,1,-1,-1,1,1,-1,1,1,-1,1,1,-1,-1,1,-1,-1,1,1,-1,-1,1,1,-1,1,1,1,-1,1,-1,1,1,1,-1,1,1,-1,-1,1,1,-1,-1,-1,1,-1,1,1,-1,1,-1,-1,-1,1,1,-1,-1,-1,1,-1,1,1,-1,-1,1,-1,-1,1,1,-1,-1,-1,-1,-1,1,1,-1,-1,1,-1,-1,1,-1,1,-1,1,-1,-1,-1,1,-1,1,-1,-1,-1,1,1,-1,1,-1,-1,1,1,1,-1,1,-1,-1,1,-1,1,-1,1,-1,-1,1,-1,1,-1,1,-1,1,-1,1,1,1,1,-1,-1,1,-1,1,1,-1,-1,1,-1,-1,1,-1,1,-1,-1,1,-1,1,-1,1,-1,-1,1,-1,1,-1,1,-1,1,-1,-1,-1,1,1,-1,-1,1,-1,-1,-1,1,-1,-1,1,-1,1,-1,1,1,-1,1,-1,-1,1,1,-1,-1,-1,1,1,1,1,-1,1,1,-1,1,1,-1,-1,1,1,-1,-1,-1,1,-1,1,1,1,1,1,-1,-1,-1,-1,-1,-1,-1,-1,-1,-1,1,1,1,1,-1,1,1,-1,1,1,1,1,-1,1,-1,1,1,1,1,-1,1,-1,1,1,1,1,-1,1,-1,1,1,1,1,-1,1,-1,1,1,1,-1,-1,1,-1,1,1,1,-1,-1,-1,1,-1,1,-1,1,-1,1,-1,1,1,-2662.0,1,2000,445,500,True
2248,-1,-1,1,1,1,1,-1,1,-1,-1,-1,1,-1,1,-1,-1,1,-1,1,-1,-1,-1,-1,-1,-1,1,-1,-1,-1,-1,-1,-1,1,-1,-1,-1,1,-1,-1,1,-1,-1,-1,-1,-1,-1,1,1,-1,1,-1,-1,-1,1,-1,-1,-1,1,-1,-1,1,1,-1,1,-1,-1,-1,1,1,-1,-1,1,-1,-1,1,1,-1,-1,1,-1,-1,1,1,-1,1,-1,-1,1,1,1,1,-1,-1,-1,1,1,-1,-1,1,1,-1,1,1,1,-1,1,-1,-1,1,1,1,-1,1,1,-1,1,1,1,1,1,-1,-1,-1,1,1,-1,1,-1,1,1,1,1,-1,1,-1,1,1,1,1,-1,1,-1,1,-1,1,1,1,1,1,-1,-1,1,1,-1,-1,1,-1,1,1,1,-1,-1,1,1,1,-1,1,-1,1,-1,1,-1,1,1,-1,1,-1,-1,1,1,-1,1,-1,1,1,-1,1,-1,-1,1,1,1,-1,1,-1,-1,-1,1,1,-1,1,-1,-1,-1,1,1,1,1,1,-1,1,-1,1,-1,1,-1,-1,-1,1,1,-1,1,1,-1,-1,-1,1,1,-1,1,-1,-1,1,1,-1,1,1,-1,-1,1,1,-1,1,-1,-1,-1,-1,1,-1,-1,1,-1,-1,1,-1,-1,1,-1,-1,-1,1,1,-1,1,1,-1,1,-1,-1,-1,1,-1,1,-1,1,-1,-1,1,-1,1,1,-1,1,-1,-1,1,-1,1,-1,1,-1,1,1,-1,1,-1,-1,-1,1,1,1,1,-1,-1,-1,1,1,-1,1,1,-1,-1,1,1,1,1,-1,-1,-1,1,-1,1,1,1,-1,-1,1,-1,1,1,-1,1,-1,1,-1,1,1,-1,-1,-1,1,1,-1,1,-1,-1,1,-1,-1,1,1,-1,1,1,-1,1,-1,1,-1,1,1,1,-1,1,1,-1,-1,1,1,-1,1,-1,-1,-1,1,1,-1,1,-1,-1,1,-1,1,1,1,-1,-1,1,-1,1,-1,1,1,-1,1,-1,1,-1,-1,1,-1,-1,1,1,-1,1,-1,-1,1,1,-1,-1,1,1,-1,1,-1,1,-1,1,-1,1,1,-1,1,-1,1,-1,1,1,-1,-1,1,1,-1,-1,1,-1,1,1,1,1,-1,1,1,-1,-1,1,-1,-1,1,-1,-1,1,-1,1,-1,-1,1,-1,-1,1,-1,-1,-1,1,-1,1,-1,1,-1,-1,1,-1,-1,-1,-1,-1,-1,1,-1,-1,1,1,-1,-1,1,-1,1,-1,-1,1,-1,1,-1,-1,1,1,-1,-1,-1,-1,-1,-1,-1,1,-1,1,-1,-1,1,1,-1,-1,-1,1,-1,1,1,-1,-1,-1,-1,-1,-1,-1,1,-1,-1,1,-1,1,1,1,1,-1,-1,1,-1,-1,1,-1,-1,-1,-1,-1,1,-1,1,-1,-1,-1,-1,1,-1,1,-1,-1,-1,-1,1,1,1,-1,-1,-1,-1,1,-1,1,-1,-1,-1,-1,1,1,-1,1,1,-1,-1,1,1,1,1,-1,1,1,-1,1,-1,1,-1,1,-1,1,1,1,-1,1,-1,-1,-1,1,1,-1,1,1,-1,1,-1,1,-1,1,1,-1,1,-1,1,-1,-1,-1,-1,1,-1,1,-1,-1,-1,-1,1,-1,1,-1,1,1,1,1,-1,1,-1,1,1,-1,1,-1,1,-1,-1,1,-1,1,-1,-1,1,1,1,1,1,-1,-1,1,1,1,-1,1,-1,1,1,1,1,-1,-1,-1,1,1,1,1,-1,-1,-1,1,-1,1,-1,1,1,-1,-1,1,1,-1,-1,1,-1,-1,1,1,1,1,1,1,-1,1,1,1,1,-1,1,-1,1,-1,1,-1,1,1,-1,1,1,1,1,1,1,-1,1,-1,1,-1,1,1,-1,1,1,-1,1,1,1,1,1,1,1,1,1,1,-1,1,1,-1,-1,1,-1,-1,1,1,1,-1,1,-1,-1,1,-1,-1,1,1,-1,-1,1,-1,1,-1,1,1,-1,1,-1,1,-1,1,-1,-1,1,-1,1,1,1,-1,-1,1,-1,1,-1,1,1,-1,1,-1,1,-1,1,1,-1,1,1,1,1,1,-1,1,1,-1,1,1,1,1,-1,1,-1,1,-1,1,1,-1,1,1,-1,1,1,1,-1,1,1,-1,1,1,1,-1,1,-1,-1,1,1,-1,1,1,-1,1,-1,1,-1,1,1,1,-1,1,1,1,1,1,1,-1,1,1,-1,1,1,1,1,1,1,-1,1,1,1,-1,1,1,-1,1,1,-1,1,1,-1,1,1,1,1,-1,1,1,-1,1,1,-1,1,1,1,-1,1,1,-1,-1,1,-1,-1,1,1,-1,1,1,-1,-1,-1,1,-1,1,1,1,-1,1,-1,-1,1,1,1,-1,1,-1,1,1,1,-1,1,1,-1,-1,1,1,-1,-1,-1,1,-1,1,1,-1,1,-1,-1,-1,1,1,-1,-1,-1,1,-1,1,1,-1,-1,-1,-1,-1,1,1,-1,-1,-1,1,-1,1,1,-1,-1,-1,-1,-1,1,-1,-1,-1,-1,-1,1,1,1,-1,-1,-1,1,-1,1,1,-1,-1,1,-1,1,1,1,1,-1,-1,-1,1,-1,1,-1,-1,-1,-1,1,-1,1,-1,-1,-1,-1,1,1,1,-1,-1,1,1,-1,1,1,-1,1,-1,1,1,1,1,1,-1,1,1,1,1,1,1,-1,1,-1,1,-1,1,1,-1,1,1,-1,1,1,1,-1,1,-1,1,1,1,1,1,1,-1,1,-1,1,1,-1,-1,1,-1,-1,1,1,-1,1,1,-1,-1,1,1,1,1,-1,1,1,1,1,1,1,-1,1,1,1,1,1,1,-1,-1,1,-1,1,-1,1,1,-1,-1,1,1,1,1,-1,-1,1,1,1,1,1,-1,-1,-1,1,1,1,1,-1,-1,1,-1,1,1,1,1,-1,1,1,1,1,1,1,-1,1,1,1,1,1,-1,-1,1,-1,1,1,1,1,-1,-1,1,1,1,1,-1,1,-1,1,1,-1,1,1,-1,-1,1,-2662.0,1,2000,445,500,True
2249,1,1,-1,-1,1,1,-1,1,1,1,1,-1,1,1,1,1,-1,1,-1,-1,-1,1,1,1,1,1,-1,-1,1,1,1,1,-1,-1,-1,1,-1,1,1,1,-1,-1,1,1,1,1,1,1,-1,-1,1,1,-1,1,-1,-1,-1,-1,1,1,1,-1,-1,1,1,1,1,1,1,-1,1,-1,1,1,1,1,-1,1,-1,1,1,-1,1,-1,-1,1,1,1,1,-1,-1,-1,-1,1,1,1,1,1,-1,-1,1,1,1,1,1,-1,-1,1,1,1,1,-1,-1,-1,1,1,1,1,1,-1,-1,1,1,1,1,-1,-1,-1,1,1,1,1,1,-1,-1,-1,1,1,1,1,-1,-1,-1,1,1,1,1,-1,-1,-1,1,1,1,1,1,-1,-1,-1,1,1,1,1,-1,-1,1,-1,1,1,1,-1,-1,-1,1,1,1,-1,-1,1,1,1,1,-1,1,-1,-1,-1,1,1,1,-1,-1,-1,-1,1,1,1,1,-1,-1,-1,1,-1,1,1,-1,-1,1,1,1,1,1,-1,1,1,-1,-1,1,1,-1,1,-1,1,1,1,1,1,-1,-1,1,1,1,1,1,-1,1,-1,1,1,1,-1,-1,-1,1,-1,1,1,1,-1,1,-1,1,1,1,-1,-1,-1,1,-1,1,1,-1,1,-1,1,1,-1,1,1,1,-1,1,1,-1,1,1,1,1,1,1,-1,1,1,1,-1,-1,1,1,1,1,1,1,1,1,1,1,-1,1,1,-1,1,-1,1,1,1,1,1,1,-1,1,1,1,1,1,1,1,1,1,1,1,-1,1,-1,1,-1,1,1,1,1,-1,1,1,1,1,1,-1,1,1,1,1,1,1,-1,1,1,1,1,1,1,-1,1,1,1,1,-1,1,1,-1,1,1,1,1,1,-1,1,1,1,1,1,1,-1,1,1,1,1,1,1,-1,1,1,1,1,1,1,1,1,1,1,-1,-1,1,-1,1,-1,1,-1,1,1,1,-1,-1,1,1,-1,1,-1,1,1,1,1,-1,-1,-1,1,-1,1,1,-1,1,-1,1,1,1,-1,1,1,-1,1,1,1,-1,1,1,1,1,1,1,-1,-1,1,-1,-1,-1,1,-1,1,-1,-1,1,1,1,1,-1,-1,1,-1,1,1,1,-1,1,-1,1,1,1,1,1,-1,1,-1,-1,1,-1,1,-1,-1,-1,-1,-1,1,1,-1,-1,1,-1,1,1,-1,-1,1,-1,1,1,-1,1,-1,-1,1,-1,1,1,1,-1,-1,-1,1,1,1,1,-1,-1,1,1,-1,1,-1,1,-1,1,1,-1,1,-1,-1,-1,-1,1,-1,1,-1,1,-1,1,-1,1,1,-1,-1,1,-1,1,-1,1,1,-1,1,-1,-1,-1,1,1,-1,-1,-1,1,-1,1,-1,-1,1,-1,-1,1,1,1,-1,-1,-1,-1,1,1,1,-1,-1,1,-1,-1,1,1,1,-1,1,-1,1,-1,-1,-1,1,-1,1,1,-1,-1,1,1,1,1,-1,-1,1,-1,1,1,1,-1,-1,-1,-1,-1,1,1,1,-1,-1,-1,1,1,-1,1,-1,-1,-1,1,1,1,1,-1,-1,1,1,1,-1,1,-1,-1,-1,-1,1,1,1,-1,1,-1,-1,1,-1,1,-1,-1,1,1,-1,-1,1,1,-1,-1,-1,-1,-1,1,1,-1,-1,-1,1,-1,1,1,-1,-1,1,-1,1,1,-1,-1,-1,-1,-1,1,1,-1,1,-1,-1,1,1,1,1,-1,-1,-1,-1,-1,1,1,-1,-1,-1,1,-1,1,1,-1,-1,-1,-1,1,1,1,-1,1,-1,1,-1,1,1,-1,-1,-1,-1,-1,1,1,-1,-1,-1,1,-1,1,1,-1,-1,1,1,-1,1,1,-1,-1,-1,1,-1,1,1,-1,-1,1,-1,-1,1,-1,1,-1,-1,-1,-1,1,-1,-1,-1,1,1,-1,1,1,-1,-1,1,1,-1,1,-1,-1,1,-1,-1,-1,1,1,-1,1,-1,-1,-1,1,1,-1,-1,1,-1,-1,-1,1,-1,1,-1,1,-1,-1,1,-1,-1,1,-1,-1,1,-1,-1,1,-1,-1,-1,-1,-1,-1,-1,1,-1,-1,-1,1,-1,-1,1,-1,-1,-1,1,-1,-1,1,-1,-1,-1,1,-1,1,1,-1,-1,-1,1,-1,1,-1,-1,-1,1,-1,-1,1,-1,1,-1,1,1,-1,-1,-1,-1,1,1,1,-1,1,1,1,-1,-1,-1,1,1,-1,-1,-1,1,1,-1,1,1,1,-1,1,1,-1,1,-1,1,1,-1,1,-1,-1,1,1,-1,-1,1,1,-1,-1,1,1,-1,1,1,-1,1,1,-1,-1,-1,1,-1,-1,1,-1,-1,1,1,-1,1,1,1,-1,1,-1,1,1,1,-1,1,1,-1,-1,1,1,-1,-1,1,-1,-1,1,1,-1,1,-1,-1,-1,1,1,-1,-1,-1,1,-1,1,1,-1,-1,-1,-1,-1,1,1,1,-1,-1,-1,-1,1,1,-1,-1,1,-1,-1,1,-1,1,-1,-1,-1,-1,-1,1,1,-1,1,-1,-1,1,1,1,-1,1,-1,1,1,1,1,-1,-1,-1,1,-1,1,-1,-1,-1,-1,1,-1,1,-1,-1,-1,-1,1,1,1,1,-1,-1,1,-1,1,1,-1,1,-1,1,1,1,1,1,-1,1,-1,1,1,1,1,-1,1,-1,1,-1,1,1,-1,-1,1,-1,1,1,1,-1,1,-1,1,1,-1,1,-1,1,-1,1,1,-1,1,-1,1,-1,1,-1,1,1,-1,-1,-1,-1,-1,1,1,1,-1,1,1,1,1,1,-1,-1,1,1,1,1,1,-1,-1,1,-1,1,1,1,-1,-1,-1,-1,-1,-1,-1,-1,-1,-1,-1,1,1,1,-1,1,1,-1,-1,1,1,-1,-1,1,-1,1,1,1,-1,-1,1,-1,1,1,1,-1,-1,1,-1,1,1,1,-1,-1,1,-1,1,-1,1,1,-1,1,-1,-1,1,1,-1,-1,-1,-1,1,1,-1,1,-1,1,-1,-1,1,-2662.0,1,2000,445,1000,True
2250,1,1,-1,-1,1,1,-1,-1,1,1,1,-1,1,1,1,1,-1,1,-1,-1,-1,1,1,1,1,-1,1,-1,1,1,1,1,1,-1,-1,-1,1,-1,1,1,-1,-1,1,1,1,1,-1,-1,1,1,1,1,-1,1,-1,-1,1,-1,1,1,1,-1,-1,1,1,1,1,-1,-1,-1,1,1,1,1,1,-1,-1,-1,1,1,1,-1,-1,-1,1,1,1,1,-1,-1,1,1,1,1,1,-1,-1,-1,1,-1,1,1,-1,-1,1,1,1,1,1,-1,-1,-1,1,1,1,1,-1,-1,1,1,1,1,1,1,-1,-1,1,1,-1,1,1,-1,1,1,1,1,1,1,-1,1,1,1,1,1,1,-1,1,1,1,1,1,1,-1,-1,-1,1,1,1,1,-1,1,-1,1,1,-1,1,-1,1,-1,1,1,1,-1,-1,1,1,1,1,1,-1,1,-1,-1,1,-1,1,-1,1,1,1,1,1,1,-1,1,1,-1,1,-1,1,1,-1,1,-1,1,-1,1,-1,-1,1,-1,1,-1,1,-1,-1,1,-1,1,-1,1,1,1,1,-1,-1,1,1,-1,-1,1,-1,1,-1,1,1,-1,1,-1,1,-1,1,-1,1,1,-1,-1,-1,1,-1,1,1,-1,1,1,1,1,1,1,-1,1,-1,-1,1,-1,-1,1,-1,1,-1,1,1,-1,-1,-1,1,1,1,1,-1,-1,-1,1,1,-1,1,1,1,-1,-1,1,1,1,1,1,-1,1,1,-1,1,-1,1,-1,1,1,1,1,-1,1,1,1,1,1,1,1,1,-1,-1,1,-1,1,-1,1,1,-1,1,1,1,-1,1,1,1,1,1,1,-1,1,-1,1,1,1,-1,-1,1,-1,1,1,-1,-1,1,1,-1,-1,1,1,1,-1,1,-1,1,1,1,-1,1,1,-1,1,1,1,-1,1,1,-1,1,1,1,-1,1,1,-1,-1,1,1,-1,1,1,-1,1,-1,1,-1,1,1,1,-1,1,1,1,-1,1,1,-1,1,1,-1,1,1,1,-1,-1,-1,-1,1,1,1,-1,1,1,-1,1,1,-1,-1,1,1,1,1,1,-1,1,1,1,-1,1,1,1,-1,-1,1,1,1,-1,1,-1,1,1,1,1,1,1,-1,-1,-1,1,-1,-1,1,1,-1,1,1,-1,1,1,1,1,-1,1,-1,-1,1,-1,1,-1,1,1,-1,1,1,1,-1,-1,1,-1,1,1,1,-1,1,1,1,-1,1,1,-1,-1,1,-1,1,1,1,-1,1,1,1,1,1,1,-1,1,-1,-1,1,1,-1,1,1,-1,1,1,1,-1,-1,1,-1,1,1,1,-1,-1,1,-1,-1,1,1,-1,-1,1,-1,1,1,1,1,-1,1,-1,-1,1,1,1,-1,1,-1,1,1,1,-1,-1,1,-1,-1,1,-1,1,-1,-1,1,-1,1,-1,1,-1,1,1,-1,-1,1,1,1,-1,1,-1,1,-1,-1,1,1,-1,-1,-1,1,-1,-1,1,1,-1,1,1,-1,1,1,1,-1,1,1,-1,-1,-1,1,1,-1,1,-1,-1,1,1,-1,-1,1,-1,-1,1,1,1,-1,1,-1,-1,1,1,-1,-1,1,-1,-1,-1,1,1,-1,1,-1,-1,-1,1,-1,-1,1,-1,1,-1,1,1,-1,-1,1,-1,-1,-1,-1,-1,1,1,1,-1,-1,1,-1,-1,1,-1,-1,1,-1,-1,1,1,-1,-1,1,-1,-1,1,1,-1,1,-1,-1,-1,-1,1,1,-1,-1,-1,-1,-1,1,-1,-1,1,-1,-1,-1,1,1,-1,-1,-1,-1,-1,1,-1,-1,-1,-1,-1,1,1,1,-1,-1,-1,-1,-1,1,1,-1,-1,-1,-1,-1,1,1,1,-1,-1,-1,-1,1,1,-1,-1,-1,-1,1,1,1,1,-1,-1,1,1,1,1,1,-1,-1,-1,1,1,1,-1,1,-1,1,1,1,1,-1,1,-1,-1,1,-1,1,-1,1,-1,-1,1,-1,1,-1,-1,-1,-1,1,-1,1,-1,1,1,-1,1,-1,1,-1,1,1,-1,1,-1,1,-1,-1,-1,-1,1,1,-1,-1,-1,-1,-1,1,-1,1,-1,-1,-1,-1,-1,-1,-1,1,-1,-1,-1,1,-1,-1,1,-1,-1,-1,-1,-1,-1,1,-1,-1,-1,-1,-1,1,-1,-1,-1,1,-1,-1,1,-1,1,-1,-1,-1,-1,-1,-1,-1,1,-1,-1,-1,1,1,1,-1,-1,-1,1,-1,-1,-1,-1,1,-1,-1,1,1,1,-1,-1,-1,-1,1,-1,1,1,-1,1,-1,-1,1,1,-1,-1,-1,-1,-1,-1,1,1,-1,-1,1,-1,1,1,-1,-1,-1,1,-1,-1,1,-1,-1,1,1,-1,1,1,1,-1,1,-1,1,1,1,-1,-1,1,-1,-1,1,-1,1,1,-1,1,-1,1,1,1,-1,1,-1,-1,1,1,-1,1,-1,1,-1,1,1,1,1,1,-1,-1,1,1,1,1,1,-1,-1,-1,1,1,1,-1,-1,-1,1,-1,1,1,1,-1,-1,-1,1,-1,1,1,-1,-1,1,-1,1,1,1,-1,1,1,1,1,1,1,-1,1,-1,-1,1,1,-1,-1,1,-1,1,1,1,-1,1,-1,1,-1,1,1,-1,1,1,-1,-1,1,-1,1,1,-1,-1,1,1,1,1,-1,1,-1,-1,1,1,1,-1,1,-1,1,1,1,-1,1,-1,-1,-1,1,1,-1,-1,1,-1,-1,1,1,1,-1,1,-1,-1,-1,1,1,-1,1,-1,-1,1,1,-1,-1,-1,1,-1,-1,1,-1,1,1,-1,1,1,-1,-1,1,1,-1,-1,1,1,-1,1,1,-1,1,1,-1,-1,-1,-1,1,-1,-1,-1,-1,1,-1,-1,1,1,-1,1,1,-1,1,1,1,1,-1,1,-1,1,1,1,-1,-1,1,-1,-1,1,1,-1,-1,1,-1,1,1,1,-1,-1,1,-1,1,1,1,1,-1,1,-1,-1,1,1,1,-1,-1,1,-1,1,-1,1,-1,1,-1,-1,1,-2662.0,1,2000,445,1000,False
2251,-1,-1,1,1,1,-1,-1,1,-1,-1,-1,-1,1,1,-1,-1,1,-1,1,-1,1,1,-1,-1,-1,1,-1,-1,1,-1,-1,-1,1,-1,-1,-1,1,-1,-1,1,-1,-1,-1,-1,-1,1,-1,-1,1,1,-1,-1,1,1,-1,-1,1,-1,-1,-1,1,-1,-1,1,-1,1,-1,-1,-1,-1,1,-1,-1,-1,1,-1,-1,-1,1,-1,-1,-1,-1,-1,1,-1,-1,1,-1,-1,-1,1,-1,1,1,-1,-1,1,1,1,1,1,-1,-1,1,1,-1,1,1,-1,-1,1,1,-1,1,1,-1,-1,1,1,-1,1,1,1,-1,1,1,-1,1,1,1,-1,1,1,-1,1,1,1,-1,-1,1,-1,1,1,1,-1,1,1,1,-1,1,1,-1,-1,-1,1,-1,1,1,-1,1,1,1,1,1,1,-1,1,1,-1,1,1,-1,-1,1,1,-1,1,1,-1,1,-1,-1,1,1,1,-1,1,1,1,1,1,1,1,1,1,-1,1,1,1,-1,1,1,-1,1,1,1,1,-1,1,-1,-1,1,1,-1,1,1,-1,1,1,1,1,1,1,-1,-1,1,1,-1,-1,1,-1,1,1,-1,1,-1,1,-1,1,1,1,-1,-1,1,-1,-1,1,-1,1,-1,1,-1,1,1,1,-1,1,1,-1,1,-1,1,-1,1,-1,1,-1,-1,1,-1,1,-1,-1,1,1,1,-1,1,-1,-1,-1,1,1,-1,-1,1,1,-1,1,1,1,-1,1,1,-1,-1,-1,1,1,-1,1,-1,-1,-1,1,-1,-1,1,1,-1,-1,1,1,1,1,-1,-1,-1,1,-1,-1,1,1,-1,-1,1,1,-1,1,-1,1,-1,1,1,1,1,-1,-1,1,1,-1,1,1,-1,-1,1,1,-1,1,1,-1,1,-1,1,1,-1,1,-1,1,1,1,-1,1,1,-1,-1,1,1,-1,1,-1,-1,-1,1,1,-1,1,-1,-1,1,-1,1,-1,1,-1,-1,1,-1,1,-1,1,1,-1,1,-1,1,1,-1,1,-1,-1,-1,1,-1,1,-1,-1,1,1,-1,-1,1,1,-1,1,-1,1,-1,1,-1,1,-1,1,1,1,1,-1,1,1,-1,1,-1,1,-1,-1,-1,-1,1,1,-1,1,-1,1,1,-1,1,-1,-1,-1,1,-1,-1,1,-1,1,-1,-1,1,-1,1,-1,-1,-1,-1,1,-1,1,-1,1,-1,1,1,-1,1,-1,-1,-1,-1,1,-1,-1,1,1,-1,-1,1,-1,1,1,-1,1,-1,1,-1,1,-1,1,-1,-1,-1,-1,1,-1,-1,1,-1,1,-1,1,-1,1,-1,1,-1,1,1,1,1,-1,1,-1,-1,1,-1,-1,-1,1,-1,1,-1,1,1,-1,1,-1,-1,1,-1,-1,1,-1,1,-1,1,-1,1,-1,1,1,-1,1,-1,1,-1,1,-1,-1,1,-1,1,1,1,1,-1,-1,1,1,-1,1,1,1,-1,1,1,1,-1,1,1,-1,1,1,1,1,-1,-1,1,-1,-1,-1,1,-1,-1,1,1,-1,1,1,-1,1,-1,-1,-1,1,1,-1,1,1,-1,-1,1,1,-1,1,1,-1,-1,-1,1,-1,-1,-1,-1,1,-1,1,-1,-1,-1,-1,-1,-1,1,-1,1,1,1,1,-1,1,-1,1,1,-1,1,-1,1,-1,-1,1,-1,1,-1,-1,1,1,1,1,1,1,-1,1,1,1,-1,1,-1,1,1,1,1,-1,-1,-1,1,1,1,1,-1,1,-1,1,-1,1,-1,1,1,-1,-1,1,1,1,-1,1,-1,-1,1,1,1,1,1,1,-1,1,1,1,1,1,1,-1,1,-1,1,-1,1,1,-1,1,1,1,1,1,1,-1,1,-1,1,1,1,1,-1,1,1,-1,1,1,1,1,1,1,1,1,1,1,-1,1,1,-1,-1,1,-1,-1,1,1,1,-1,1,-1,-1,1,-1,-1,1,1,-1,-1,1,-1,1,-1,-1,1,-1,1,-1,1,-1,1,-1,-1,1,-1,1,1,1,-1,-1,1,-1,1,-1,1,-1,-1,1,-1,1,-1,1,-1,-1,1,1,1,-1,1,-1,1,1,1,-1,-1,1,1,-1,1,-1,1,-1,1,-1,-1,1,1,-1,1,1,-1,1,1,1,-1,-1,1,1,-1,1,-1,-1,1,1,-1,1,1,1,-1,-1,-1,1,-1,1,1,-1,1,1,-1,-1,1,1,-1,-1,1,-1,-1,-1,1,1,-1,1,-1,1,1,1,-1,-1,1,-1,-1,1,-1,1,1,1,-1,-1,-1,1,-1,1,1,-1,1,-1,-1,1,1,1,-1,-1,-1,-1,-1,1,-1,-1,-1,1,-1,1,1,-1,-1,-1,1,-1,1,1,1,-1,1,-1,-1,1,1,1,-1,1,-1,1,1,1,-1,-1,1,-1,-1,1,1,1,-1,1,-1,-1,1,1,1,1,1,-1,-1,1,1,-1,1,1,-1,-1,1,1,1,1,1,-1,-1,1,1,1,1,-1,1,-1,1,1,-1,1,1,-1,-1,1,-1,1,1,1,1,-1,-1,1,-1,1,1,1,-1,1,1,1,1,-1,1,-1,1,1,1,1,1,1,1,-1,-1,1,1,1,-1,1,-1,1,1,1,1,1,-1,1,1,1,1,-1,1,1,-1,1,1,-1,1,1,-1,-1,1,1,1,1,-1,1,-1,1,1,1,-1,-1,1,-1,1,1,1,-1,1,-1,-1,-1,1,1,-1,-1,1,-1,-1,1,1,-1,-1,1,-1,1,1,1,1,-1,1,-1,-1,1,1,-1,-1,-1,1,1,-1,1,-1,1,1,-1,1,1,-1,-1,1,1,-1,-1,1,1,-1,1,1,1,1,1,-1,-1,-1,-1,-1,-1,-1,-1,-1,-1,1,1,1,1,-1,1,1,-1,1,1,1,1,-1,1,-1,1,1,1,1,-1,1,-1,1,1,1,1,-1,1,-1,1,1,1,1,-1,1,-1,1,1,-1,-1,-1,1,-1,1,1,1,-1,-1,-1,1,-1,1,-1,1,-1,1,-1,1,1,-2662.0,1,2000,445,1500,True
2252,1,1,-1,-1,1,-1,-1,-1,1,1,1,-1,1,1,1,1,-1,1,-1,-1,-1,-1,1,1,1,-1,1,-1,1,1,1,1,1,-1,-1,-1,1,1,1,-1,-1,-1,-1,1,1,1,-1,-1,1,1,1,1,1,1,-1,-1,1,-1,1,1,-1,-1,-1,-1,1,1,1,-1,-1,-1,-1,1,1,1,1,-1,-1,-1,1,1,1,-1,-1,-1,1,1,1,1,-1,1,1,1,-1,1,1,-1,-1,-1,1,1,1,1,-1,-1,1,1,-1,1,1,-1,-1,-1,1,-1,1,1,-1,-1,1,1,-1,1,1,1,-1,-1,1,-1,1,1,1,-1,1,1,-1,1,1,1,-1,1,1,-1,1,1,1,-1,1,1,1,-1,1,1,-1,1,-1,1,-1,1,1,-1,1,1,1,1,1,1,-1,1,1,-1,1,1,-1,-1,1,1,-1,1,1,-1,1,-1,-1,1,1,1,-1,-1,1,1,1,1,1,-1,1,1,-1,1,1,1,1,-1,1,-1,1,1,1,-1,-1,1,-1,-1,1,1,-1,-1,1,-1,1,1,1,1,-1,-1,-1,-1,1,1,-1,-1,1,-1,1,1,1,1,-1,-1,-1,1,1,1,-1,1,-1,-1,-1,1,1,-1,1,-1,-1,1,1,1,1,1,-1,-1,1,1,-1,1,-1,-1,1,-1,1,-1,1,-1,-1,-1,1,1,1,1,1,-1,-1,-1,1,1,-1,1,-1,1,-1,1,1,1,1,-1,1,-1,1,1,-1,1,-1,1,-1,1,1,1,-1,-1,1,-1,1,1,1,1,-1,1,-1,-1,1,-1,1,-1,1,1,-1,1,1,1,-1,1,1,1,1,1,1,-1,1,-1,1,1,1,-1,-1,1,-1,1,1,-1,-1,1,1,-1,-1,1,-1,1,-1,1,-1,1,1,1,-1,1,1,-1,1,1,1,-1,1,1,-1,1,1,1,-1,1,1,-1,-1,1,1,-1,1,1,-1,1,-1,1,-1,1,1,1,-1,1,1,1,1,1,1,-1,1,1,-1,1,1,1,-1,-1,-1,-1,1,1,1,-1,1,1,-1,1,1,-1,-1,1,1,1,1,1,-1,1,1,1,-1,1,1,1,1,-1,1,1,1,-1,1,-1,1,1,1,1,1,1,-1,-1,-1,1,-1,-1,1,-1,1,-1,1,1,1,1,1,1,-1,1,-1,-1,1,-1,1,-1,1,1,-1,1,1,1,-1,-1,1,-1,1,1,-1,-1,1,1,1,-1,1,1,-1,-1,1,-1,1,1,-1,-1,1,1,1,1,-1,1,-1,1,-1,1,1,-1,-1,-1,1,-1,1,1,-1,-1,-1,1,-1,1,1,1,-1,-1,1,1,-1,1,-1,-1,-1,1,-1,1,1,-1,1,-1,1,-1,-1,1,-1,-1,-1,-1,-1,-1,1,-1,-1,-1,1,-1,-1,1,-1,-1,-1,-1,1,-1,1,-1,-1,-1,-1,1,-1,-1,1,1,1,-1,1,-1,1,-1,1,1,1,-1,-1,-1,1,-1,-1,1,1,1,-1,1,-1,1,1,1,-1,1,1,-1,-1,-1,1,-1,1,1,-1,-1,1,1,1,-1,1,-1,-1,1,1,-1,-1,1,-1,-1,1,1,-1,-1,1,-1,-1,-1,1,1,-1,1,1,-1,-1,1,-1,-1,1,-1,1,-1,1,1,-1,-1,1,-1,-1,-1,-1,-1,-1,1,1,-1,-1,1,-1,1,1,-1,-1,1,-1,-1,1,1,-1,-1,1,1,-1,1,1,-1,1,-1,1,-1,-1,1,1,-1,-1,-1,-1,-1,1,-1,-1,1,-1,1,-1,1,1,-1,-1,-1,1,-1,1,-1,-1,-1,-1,1,-1,1,1,-1,-1,-1,1,-1,1,1,-1,-1,-1,1,-1,1,1,1,-1,-1,1,1,1,1,-1,-1,-1,1,-1,-1,1,1,1,-1,-1,-1,-1,1,1,1,-1,1,-1,1,1,1,-1,-1,-1,-1,1,1,-1,1,-1,1,-1,-1,1,-1,1,-1,-1,-1,-1,1,1,1,-1,-1,-1,-1,1,-1,1,-1,-1,-1,-1,1,1,1,-1,-1,1,-1,1,1,1,-1,-1,-1,-1,-1,1,1,-1,-1,-1,-1,1,-1,1,-1,-1,-1,-1,-1,1,1,-1,-1,1,-1,-1,1,1,-1,-1,-1,-1,-1,-1,1,-1,-1,-1,-1,1,-1,-1,-1,1,-1,-1,1,-1,1,-1,-1,-1,-1,-1,-1,1,1,-1,-1,-1,1,1,1,-1,-1,-1,1,-1,-1,1,1,-1,-1,-1,1,1,1,-1,-1,1,-1,1,-1,1,-1,-1,1,-1,-1,1,1,1,-1,-1,-1,-1,-1,1,1,-1,-1,1,-1,1,1,-1,-1,-1,1,-1,1,1,1,-1,1,1,-1,1,1,1,-1,1,-1,1,1,1,-1,-1,1,-1,-1,1,1,1,1,-1,1,-1,1,1,1,-1,1,-1,-1,1,1,1,1,-1,1,-1,1,1,1,1,1,-1,-1,1,1,1,1,1,-1,-1,-1,1,1,1,-1,-1,-1,1,-1,1,1,1,-1,-1,-1,1,-1,1,1,-1,-1,1,1,1,1,1,-1,1,1,1,1,1,1,-1,1,-1,1,1,1,1,-1,1,-1,1,1,1,-1,1,-1,1,1,1,1,1,1,1,-1,1,1,-1,-1,1,-1,-1,1,1,1,1,-1,1,-1,1,1,1,1,-1,1,-1,1,1,1,1,-1,-1,-1,-1,1,1,-1,1,1,-1,-1,1,1,-1,1,-1,1,-1,1,1,1,-1,1,-1,-1,1,-1,1,1,-1,1,-1,-1,1,-1,1,1,-1,1,1,-1,1,1,-1,-1,-1,1,-1,1,1,1,-1,1,1,-1,1,1,-1,1,-1,-1,-1,1,1,-1,-1,1,1,-1,1,1,-1,1,1,1,-1,1,1,-1,1,1,1,-1,1,1,-1,-1,1,1,-1,-1,1,-1,1,1,1,-1,-1,1,-1,1,1,1,1,-1,1,-1,-1,1,1,1,-1,1,1,-1,1,-1,1,-1,1,-1,-1,1,-2662.0,1,2000,445,500,True
2253,-1,-1,1,1,1,1,-1,1,-1,-1,1,-1,-1,1,-1,-1,1,-1,1,-1,-1,1,-1,-1,-1,1,-1,-1,1,-1,-1,-1,1,-1,-1,1,1,-1,-1,1,-1,-1,1,-1,-1,1,-1,-1,1,-1,-1,-1,1,1,-1,-1,-1,1,-1,-1,1,-1,-1,1,-1,1,-1,-1,-1,-1,1,-1,-1,-1,1,-1,-1,1,-1,-1,-1,-1,-1,-1,-1,-1,-1,1,-1,-1,-1,-1,-1,1,1,-1,-1,1,-1,1,1,1,-1,-1,1,-1,-1,1,1,-1,-1,1,-1,-1,1,1,-1,-1,1,-1,-1,1,1,1,-1,1,-1,-1,1,1,1,-1,1,-1,-1,1,1,1,-1,-1,-1,-1,1,1,1,-1,1,-1,-1,-1,1,1,-1,-1,1,-1,1,1,1,-1,1,1,-1,-1,1,1,-1,1,1,-1,1,1,-1,-1,1,-1,-1,1,1,-1,1,-1,1,-1,1,1,-1,1,1,-1,-1,-1,1,1,1,1,1,-1,1,1,-1,1,1,1,-1,1,1,1,-1,1,1,-1,1,1,-1,1,1,1,-1,1,1,1,1,1,1,1,-1,1,-1,-1,1,1,-1,-1,1,1,1,1,1,-1,-1,1,-1,1,1,1,1,-1,1,1,-1,1,1,-1,1,1,-1,1,1,1,-1,-1,1,-1,1,-1,1,1,1,1,-1,1,-1,1,1,1,1,-1,1,-1,1,1,1,1,-1,-1,1,1,1,1,1,1,-1,1,1,-1,-1,1,1,-1,-1,1,1,1,1,-1,1,-1,1,1,1,-1,1,-1,-1,1,1,1,1,-1,-1,-1,1,-1,1,1,1,1,-1,1,1,1,1,1,1,-1,1,1,1,1,-1,1,1,1,1,1,1,1,-1,1,1,1,-1,1,1,-1,1,1,1,-1,1,1,1,-1,1,-1,1,1,1,1,-1,1,1,-1,1,1,1,-1,1,1,-1,-1,1,1,-1,1,1,1,1,1,1,-1,-1,1,-1,-1,1,1,1,-1,1,1,1,1,1,-1,1,1,-1,1,1,1,-1,1,1,-1,1,-1,1,-1,1,-1,1,-1,1,-1,-1,1,-1,1,-1,1,1,-1,1,1,1,-1,1,-1,-1,-1,1,1,1,1,-1,1,1,1,-1,1,-1,-1,1,1,1,-1,1,1,-1,1,1,1,-1,1,-1,-1,1,-1,1,1,1,-1,-1,-1,-1,-1,1,1,-1,-1,1,-1,1,1,-1,-1,-1,-1,-1,1,1,1,-1,-1,1,-1,1,-1,-1,1,-1,-1,1,1,-1,1,-1,-1,1,1,1,-1,-1,1,-1,1,1,1,-1,-1,1,-1,-1,1,1,-1,-1,1,-1,1,-1,1,1,-1,-1,1,-1,1,-1,1,-1,-1,1,-1,-1,-1,1,-1,-1,1,-1,1,-1,1,-1,-1,1,-1,-1,1,1,-1,-1,-1,1,-1,1,1,-1,1,-1,1,-1,-1,1,1,1,-1,1,-1,1,-1,1,-1,1,-1,1,1,-1,-1,1,1,1,-1,1,-1,1,-1,1,1,1,-1,-1,-1,-1,-1,1,1,1,-1,-1,-1,1,1,-1,1,-1,-1,-1,1,1,1,1,-1,-1,1,1,1,1,1,-1,-1,-1,-1,1,-1,1,-1,1,-1,-1,1,1,1,-1,-1,1,1,-1,-1,1,1,-1,-1,-1,-1,1,1,1,-1,-1,-1,1,1,1,1,-1,-1,1,-1,1,1,-1,-1,-1,-1,-1,1,1,-1,1,-1,-1,1,1,1,1,-1,-1,-1,-1,1,1,-1,1,-1,-1,1,1,1,1,-1,1,-1,-1,1,1,1,-1,1,-1,1,1,1,1,-1,-1,-1,-1,1,-1,1,-1,1,-1,1,1,1,1,-1,-1,1,-1,1,1,1,-1,-1,-1,1,1,1,-1,1,-1,1,-1,1,-1,-1,1,-1,1,-1,1,1,-1,-1,1,-1,1,1,-1,1,-1,1,-1,1,-1,1,-1,1,-1,1,-1,1,-1,1,-1,1,-1,-1,1,-1,1,-1,1,-1,1,1,-1,1,-1,1,1,-1,1,-1,-1,1,1,1,1,1,-1,1,-1,-1,1,1,1,1,-1,-1,1,1,-1,1,-1,1,1,1,-1,1,1,-1,1,-1,-1,-1,1,1,1,-1,-1,1,-1,1,1,-1,-1,-1,-1,1,-1,-1,1,-1,-1,1,-1,1,1,-1,-1,-1,1,-1,1,1,-1,-1,-1,-1,1,1,1,-1,-1,1,1,-1,1,1,-1,-1,-1,-1,1,1,1,-1,-1,-1,-1,1,1,1,-1,1,-1,1,-1,1,1,-1,-1,-1,-1,-1,1,-1,-1,-1,1,-1,1,1,-1,-1,-1,1,-1,1,1,1,-1,1,-1,-1,1,1,1,-1,1,-1,1,1,1,-1,-1,1,-1,1,1,1,1,-1,1,-1,-1,1,1,1,1,1,-1,-1,1,1,-1,1,1,-1,-1,1,-1,1,1,1,-1,-1,1,1,1,1,-1,1,-1,1,1,-1,1,1,1,-1,1,-1,1,1,1,1,-1,-1,1,-1,1,-1,1,-1,-1,1,1,1,-1,1,-1,-1,1,1,1,1,1,-1,1,-1,1,1,1,1,-1,1,1,1,1,1,-1,1,-1,1,1,1,-1,-1,-1,1,1,1,-1,1,-1,1,1,-1,1,1,-1,1,-1,1,1,1,1,-1,-1,-1,1,1,1,1,-1,-1,1,1,-1,1,1,-1,1,-1,1,-1,1,1,-1,1,-1,1,-1,1,1,1,1,1,1,1,1,1,-1,-1,1,-1,1,1,1,-1,1,-1,1,1,1,-1,-1,1,1,1,-1,1,1,-1,1,-1,1,1,1,-1,-1,-1,1,-1,-1,-1,-1,-1,1,-1,1,1,1,-1,1,1,1,-1,1,1,1,-1,1,1,1,1,1,1,-1,1,1,1,1,1,1,-1,-1,1,-1,1,1,1,-1,1,1,1,-1,1,-1,-1,1,1,1,1,1,-1,-1,-1,1,1,1,-1,1,-1,1,-1,1,1,-2662.0,1,2000,445,1000,True
2254,-1,-1,1,1,1,1,-1,1,-1,-1,-1,1,-1,1,-1,-1,1,-1,1,1,-1,1,-1,-1,-1,1,-1,-1,-1,-1,-1,-1,1,1,-1,1,1,-1,-1,-1,1,-1,1,-1,-1,-1,1,1,-1,-1,-1,-1,1,1,1,-1,-1,1,-1,-1,1,1,1,1,-1,-1,-1,1,1,-1,1,-1,-1,-1,1,-1,-1,1,-1,-1,-1,1,1,-1,-1,-1,-1,1,1,1,-1,-1,-1,-1,1,1,-1,1,-1,1,-1,1,1,-1,1,-1,-1,-1,1,1,-1,1,-1,-1,-1,1,1,-1,1,-1,-1,-1,1,1,-1,1,-1,-1,1,1,1,-1,1,-1,-1,1,1,1,-1,-1,-1,-1,1,1,1,-1,1,-1,-1,-1,1,1,-1,-1,1,-1,-1,1,1,-1,1,1,-1,-1,1,1,-1,1,1,-1,1,1,1,-1,1,-1,-1,-1,1,1,1,-1,1,-1,1,1,-1,1,1,-1,-1,1,1,1,1,1,1,-1,1,1,-1,1,1,1,-1,1,1,1,-1,1,1,-1,1,1,-1,1,1,1,1,1,1,1,1,1,1,1,-1,1,-1,-1,1,1,-1,1,-1,1,1,1,1,1,1,1,-1,1,1,1,1,1,-1,1,-1,1,1,1,1,1,-1,1,1,1,1,-1,1,-1,1,-1,1,-1,-1,1,-1,1,-1,1,1,-1,1,-1,1,-1,1,-1,1,1,-1,-1,1,1,1,1,1,1,-1,1,1,1,-1,-1,1,-1,-1,1,-1,-1,-1,-1,1,-1,1,1,1,-1,1,-1,-1,1,-1,-1,-1,-1,1,-1,-1,1,-1,-1,1,1,-1,1,-1,-1,-1,1,-1,-1,-1,-1,-1,1,1,1,-1,1,-1,-1,1,1,-1,1,-1,-1,1,-1,1,-1,-1,-1,-1,1,1,1,1,1,1,-1,-1,1,1,1,1,-1,-1,-1,1,1,1,1,-1,-1,1,-1,1,1,1,-1,-1,1,-1,1,-1,1,1,-1,1,-1,1,1,1,1,-1,-1,1,1,1,-1,-1,-1,1,1,-1,-1,1,1,-1,1,-1,1,-1,1,-1,1,1,-1,1,1,1,-1,1,1,-1,1,-1,1,-1,-1,1,-1,1,1,1,1,-1,1,1,-1,1,1,-1,-1,1,-1,-1,1,-1,1,-1,-1,1,-1,1,1,-1,-1,-1,1,-1,1,-1,1,-1,1,1,-1,1,-1,-1,-1,-1,1,-1,-1,1,1,-1,-1,1,-1,1,1,-1,1,-1,1,-1,1,-1,1,-1,-1,-1,-1,1,-1,-1,1,-1,1,-1,1,-1,1,-1,-1,-1,1,1,1,1,-1,-1,-1,-1,1,-1,-1,1,-1,-1,1,-1,-1,1,1,1,-1,-1,1,-1,-1,1,-1,-1,-1,1,-1,1,-1,1,-1,-1,-1,-1,1,-1,1,-1,-1,1,-1,1,1,1,-1,-1,-1,1,1,-1,1,-1,-1,-1,1,1,1,-1,1,1,-1,1,1,1,1,1,1,1,-1,1,1,-1,1,-1,1,-1,1,-1,-1,-1,1,-1,-1,1,-1,-1,1,1,1,-1,1,1,-1,1,1,1,-1,-1,1,-1,-1,1,-1,-1,1,1,-1,-1,-1,-1,-1,1,1,-1,1,1,1,1,-1,1,-1,-1,1,1,-1,1,1,-1,-1,-1,1,-1,-1,1,1,-1,1,1,1,1,1,-1,1,1,1,-1,1,1,1,-1,1,1,-1,1,1,-1,1,1,1,-1,1,1,-1,-1,1,-1,1,1,1,-1,1,1,-1,-1,1,1,-1,1,1,1,1,1,1,1,1,1,1,1,1,1,-1,1,-1,1,-1,1,1,1,1,1,1,1,1,1,-1,1,-1,1,-1,1,1,1,-1,1,-1,1,1,1,1,1,1,1,1,1,1,-1,1,1,-1,-1,1,-1,-1,1,1,1,-1,1,1,-1,1,-1,-1,1,1,-1,-1,1,-1,1,-1,1,1,-1,1,-1,1,-1,1,-1,1,1,-1,1,1,1,1,-1,1,-1,1,-1,1,1,-1,1,-1,1,-1,1,1,-1,1,1,1,1,1,-1,1,1,-1,1,1,1,1,-1,1,-1,1,-1,1,1,-1,1,1,-1,1,1,-1,1,1,1,-1,1,1,1,-1,1,-1,-1,1,1,-1,1,1,-1,1,-1,1,-1,-1,1,1,-1,1,1,-1,-1,1,1,-1,1,1,-1,-1,-1,1,1,1,1,-1,1,1,1,-1,1,1,-1,-1,1,-1,1,1,1,-1,-1,-1,1,-1,1,1,-1,1,-1,-1,1,1,1,-1,-1,-1,-1,-1,1,-1,-1,-1,1,-1,1,1,-1,-1,-1,1,-1,1,1,1,-1,1,-1,-1,1,1,1,-1,1,-1,1,1,1,-1,-1,1,-1,-1,1,-1,-1,-1,1,-1,-1,1,1,-1,1,1,-1,-1,1,1,-1,-1,1,-1,-1,1,1,-1,-1,1,-1,-1,1,1,-1,-1,-1,1,-1,1,1,-1,-1,1,-1,-1,1,-1,-1,-1,1,1,-1,-1,1,-1,1,-1,1,-1,1,1,-1,1,-1,1,-1,1,1,-1,1,1,1,-1,-1,-1,-1,1,1,-1,1,-1,1,-1,1,1,-1,1,-1,1,1,1,-1,-1,1,-1,1,1,-1,1,-1,-1,-1,1,-1,1,-1,1,-1,-1,1,-1,1,-1,-1,-1,-1,1,-1,1,-1,1,-1,-1,-1,1,1,-1,1,-1,-1,-1,-1,1,-1,-1,1,-1,1,-1,1,1,1,1,-1,-1,1,1,-1,-1,1,1,1,1,1,-1,1,-1,-1,1,1,-1,-1,1,-1,-1,-1,-1,1,-1,1,-1,1,1,1,-1,-1,-1,-1,-1,-1,-1,-1,-1,1,-1,1,1,1,-1,1,1,-1,1,1,1,1,-1,1,-1,1,1,1,1,-1,1,-1,1,1,1,1,-1,1,-1,1,1,1,1,-1,1,-1,1,1,1,-1,-1,1,-1,-1,1,1,-1,-1,-1,1,-1,1,-1,1,-1,1,-1,-1,1,-2662.0,1,2000,445,1500,True
2255,-1,-1,1,1,1,1,-1,1,-1,-1,-1,1,-1,1,-1,-1,1,-1,1,1,1,-1,-1,-1,-1,1,-1,-1,-1,-1,-1,-1,1,1,-1,-1,1,-1,-1,-1,1,-1,-1,-1,-1,-1,-1,-1,1,1,-1,-1,1,-1,1,-1,-1,1,-1,-1,-1,1,1,1,-1,-1,-1,-1,-1,-1,-1,1,-1,-1,-1,-1,-1,-1,1,-1,-1,1,1,-1,1,-1,-1,-1,-1,1,-1,-1,-1,-1,-1,-1,-1,1,1,1,-1,-1,-1,-1,1,1,1,-1,-1,-1,-1,1,1,1,-1,-1,-1,-1,1,1,1,-1,-1,-1,-1,1,1,1,1,-1,-1,-1,1,1,1,-1,-1,-1,-1,-1,1,1,1,-1,-1,-1,1,1,1,1,-1,-1,-1,-1,-1,1,1,1,-1,-1,1,1,1,1,-1,-1,-1,1,-1,1,-1,-1,-1,-1,1,1,1,1,-1,-1,1,-1,-1,1,-1,-1,-1,1,1,1,1,1,-1,1,1,1,-1,1,1,-1,-1,1,1,-1,1,1,-1,-1,-1,1,-1,1,1,-1,-1,1,1,-1,1,1,-1,1,1,1,-1,-1,1,1,-1,-1,1,-1,1,1,-1,1,-1,1,-1,1,1,-1,-1,1,1,-1,-1,1,-1,-1,-1,1,-1,1,-1,1,-1,1,1,-1,1,1,-1,-1,1,-1,1,-1,-1,-1,-1,1,-1,-1,1,1,-1,-1,1,-1,-1,-1,1,-1,1,-1,1,1,-1,1,-1,-1,-1,1,1,-1,1,-1,-1,1,-1,1,-1,-1,-1,1,-1,-1,1,1,-1,1,-1,-1,1,1,-1,-1,-1,1,-1,-1,1,1,-1,-1,-1,-1,-1,1,-1,-1,-1,-1,1,1,1,-1,-1,-1,-1,-1,1,1,-1,-1,-1,-1,-1,1,1,-1,1,-1,-1,1,-1,1,-1,1,-1,-1,-1,1,1,-1,-1,-1,-1,-1,1,-1,-1,1,-1,-1,-1,1,-1,-1,1,-1,1,1,1,-1,-1,1,1,-1,-1,1,1,-1,1,-1,-1,-1,-1,1,-1,-1,1,-1,-1,1,-1,-1,1,1,-1,-1,1,1,-1,1,-1,1,-1,1,-1,1,1,-1,1,-1,1,-1,1,1,-1,-1,1,1,-1,-1,1,-1,1,-1,-1,1,-1,1,1,-1,-1,1,-1,-1,1,1,-1,1,-1,1,-1,-1,1,-1,-1,1,-1,-1,-1,1,-1,1,-1,1,-1,1,1,-1,-1,-1,-1,-1,-1,1,-1,-1,1,1,-1,-1,1,-1,1,-1,-1,1,-1,1,-1,-1,1,1,-1,-1,-1,1,-1,-1,-1,1,-1,1,-1,-1,1,1,-1,-1,-1,1,-1,1,1,-1,-1,-1,-1,-1,-1,-1,1,-1,-1,1,-1,1,1,1,1,-1,-1,1,-1,-1,1,-1,-1,-1,1,-1,1,-1,1,-1,-1,-1,-1,1,-1,1,-1,-1,1,-1,1,1,1,-1,-1,-1,-1,1,-1,1,-1,-1,-1,1,1,1,-1,1,1,-1,1,1,1,1,1,1,1,-1,-1,-1,1,-1,1,1,-1,1,-1,1,-1,1,-1,-1,-1,1,1,-1,1,1,-1,1,-1,1,-1,1,1,-1,1,-1,1,-1,-1,-1,-1,1,-1,1,-1,-1,-1,-1,1,-1,1,-1,1,1,1,-1,-1,1,-1,1,1,-1,1,-1,1,-1,-1,1,-1,1,-1,-1,1,1,1,1,1,-1,1,1,1,1,-1,1,-1,-1,1,1,1,-1,-1,-1,1,1,1,1,-1,-1,-1,1,-1,1,-1,1,1,-1,-1,1,1,-1,-1,-1,-1,-1,1,1,-1,1,1,-1,-1,1,1,1,1,1,-1,-1,1,-1,1,-1,1,-1,1,1,1,1,1,1,-1,-1,1,-1,1,-1,1,-1,-1,1,1,-1,1,1,-1,-1,1,1,1,1,1,1,-1,1,1,-1,-1,1,-1,-1,1,1,1,-1,1,-1,-1,1,-1,-1,1,1,-1,-1,1,-1,1,-1,1,1,-1,1,-1,1,-1,1,-1,-1,1,-1,1,-1,1,1,-1,1,-1,1,-1,1,1,-1,1,-1,1,-1,1,1,-1,1,1,1,1,1,-1,1,1,-1,1,1,1,1,-1,1,-1,1,-1,1,1,-1,-1,1,-1,1,1,1,-1,1,1,-1,1,1,1,1,1,-1,-1,1,1,1,1,1,-1,1,-1,1,1,1,1,1,-1,1,1,1,1,1,1,-1,1,1,1,1,1,-1,1,1,1,1,1,-1,1,-1,1,1,1,1,1,-1,1,1,1,1,1,1,-1,1,1,1,1,1,1,1,-1,1,1,1,1,1,1,-1,1,-1,1,1,-1,1,1,1,1,1,1,-1,1,1,1,1,1,1,1,1,1,1,-1,1,1,1,1,1,1,1,1,1,1,-1,1,1,1,1,-1,1,-1,1,1,1,1,1,1,-1,1,1,1,1,1,1,1,1,1,1,1,1,1,1,1,1,-1,1,1,1,1,1,1,-1,1,1,1,1,1,-1,-1,1,1,1,1,1,1,-1,1,1,1,1,1,1,-1,1,-1,1,1,1,1,-1,1,1,1,1,-1,1,1,1,1,1,1,-1,1,1,1,1,1,1,1,1,1,1,-1,1,-1,1,1,1,-1,1,1,1,1,-1,-1,1,1,-1,1,1,1,-1,1,-1,1,1,-1,1,-1,1,-1,1,-1,1,1,1,1,-1,-1,1,1,-1,-1,1,1,-1,1,1,-1,-1,1,1,-1,1,-1,1,1,1,-1,-1,-1,-1,1,1,1,-1,1,1,1,1,1,-1,-1,1,1,1,1,-1,1,-1,1,-1,1,1,1,-1,-1,-1,-1,-1,-1,-1,-1,-1,1,-1,1,1,1,-1,1,1,-1,-1,1,1,1,-1,1,-1,1,1,1,1,-1,1,-1,1,1,1,1,-1,1,-1,1,1,1,1,-1,1,-1,1,-1,-1,-1,-1,1,-1,-1,1,1,-1,-1,-1,-1,1,1,-1,1,-1,1,-1,-1,1,-2662.0,1,2000,445,1500,True
2256,1,1,-1,-1,1,-1,-1,-1,1,1,1,-1,1,1,-1,1,-1,1,-1,-1,-1,1,1,1,1,-1,1,-1,1,1,1,1,-1,-1,-1,-1,1,1,1,1,-1,-1,-1,1,1,1,1,-1,1,1,1,1,-1,1,-1,-1,1,-1,1,1,1,-1,-1,1,1,1,1,1,-1,-1,1,1,1,1,1,-1,-1,-1,1,1,1,-1,-1,-1,1,1,1,1,-1,-1,-1,1,1,1,1,-1,-1,1,1,-1,1,1,-1,-1,1,1,1,1,1,-1,-1,-1,1,1,1,1,-1,-1,1,1,1,1,1,1,-1,-1,1,1,-1,1,1,-1,1,1,1,1,1,1,-1,1,1,1,1,1,1,-1,1,1,1,1,1,1,-1,-1,-1,1,1,1,1,-1,1,-1,1,1,-1,1,-1,1,-1,1,1,1,-1,-1,1,1,1,1,1,-1,1,-1,-1,1,-1,1,-1,1,1,1,1,1,1,1,1,1,-1,1,-1,1,-1,1,1,-1,1,-1,1,1,-1,1,-1,1,-1,1,-1,1,1,-1,1,-1,1,1,1,1,-1,-1,1,1,-1,-1,1,-1,1,-1,-1,1,-1,1,-1,1,-1,1,-1,1,1,-1,-1,-1,1,-1,-1,1,-1,1,1,1,-1,1,1,-1,1,-1,1,-1,1,-1,1,-1,1,1,-1,1,-1,-1,-1,1,1,-1,1,-1,-1,-1,1,1,-1,-1,1,1,-1,-1,1,-1,-1,1,1,-1,1,1,1,-1,-1,1,-1,1,1,-1,1,-1,1,1,1,1,-1,-1,-1,1,-1,-1,1,-1,-1,-1,1,1,-1,1,1,1,-1,1,1,1,1,1,1,-1,1,-1,1,1,-1,1,1,1,-1,1,1,1,-1,1,1,-1,-1,1,1,-1,1,1,-1,1,1,1,1,-1,1,-1,1,1,1,1,-1,1,-1,1,1,1,1,-1,1,-1,-1,-1,1,-1,-1,1,-1,1,1,1,1,-1,1,1,-1,-1,1,1,1,1,1,-1,1,-1,1,-1,1,1,-1,-1,1,1,-1,1,1,-1,1,-1,1,-1,1,-1,-1,-1,1,1,-1,1,-1,1,-1,1,-1,-1,1,1,-1,-1,1,1,1,-1,1,-1,1,1,1,1,1,1,-1,1,-1,1,1,-1,1,1,-1,1,1,-1,1,1,1,1,-1,1,1,-1,1,-1,1,-1,1,-1,-1,1,1,1,-1,-1,1,-1,1,1,1,-1,1,1,1,-1,1,1,-1,-1,1,-1,1,1,1,-1,1,1,1,1,1,1,-1,1,-1,-1,1,1,-1,-1,1,1,-1,1,1,-1,-1,1,-1,1,1,1,-1,-1,1,1,-1,1,1,-1,-1,1,-1,1,1,1,1,-1,1,-1,-1,-1,1,1,-1,-1,-1,1,-1,1,-1,-1,1,-1,-1,1,-1,1,-1,-1,1,-1,1,-1,1,-1,-1,1,-1,-1,1,1,1,-1,1,-1,1,-1,1,1,1,-1,-1,-1,1,-1,-1,1,1,-1,1,1,-1,1,1,1,-1,1,1,-1,-1,-1,1,-1,-1,1,-1,-1,1,1,-1,-1,1,-1,-1,1,1,1,-1,1,-1,-1,1,1,-1,-1,1,-1,-1,-1,1,1,-1,1,-1,-1,-1,1,1,-1,1,-1,1,-1,1,1,-1,-1,1,-1,-1,-1,-1,-1,1,1,1,-1,1,1,-1,-1,1,-1,-1,-1,-1,-1,1,1,-1,-1,-1,-1,-1,1,1,-1,1,1,1,-1,-1,1,1,-1,-1,-1,-1,-1,1,-1,-1,1,-1,-1,-1,1,1,-1,-1,-1,-1,-1,1,-1,-1,1,-1,-1,1,1,1,-1,1,-1,-1,-1,1,1,-1,-1,-1,-1,-1,1,1,1,-1,-1,-1,-1,1,1,-1,-1,-1,-1,1,1,1,1,-1,-1,1,1,1,1,1,-1,-1,-1,1,1,1,1,1,-1,1,1,1,1,-1,1,-1,-1,1,-1,1,-1,1,-1,-1,1,-1,1,-1,-1,-1,-1,1,-1,1,-1,1,-1,-1,1,-1,1,-1,1,-1,-1,1,-1,1,-1,-1,-1,-1,1,1,-1,-1,-1,-1,-1,1,-1,1,-1,-1,-1,-1,-1,-1,-1,1,-1,-1,-1,1,-1,-1,1,-1,-1,-1,-1,-1,-1,1,-1,-1,-1,-1,-1,1,-1,-1,-1,1,-1,-1,1,-1,1,-1,-1,-1,-1,1,-1,-1,1,-1,-1,-1,-1,1,1,-1,-1,1,-1,1,-1,-1,-1,1,-1,-1,-1,-1,1,-1,-1,-1,-1,-1,1,1,1,-1,1,-1,1,-1,1,-1,-1,-1,-1,-1,-1,1,1,-1,-1,1,-1,1,1,-1,-1,-1,-1,-1,1,1,-1,-1,1,1,-1,1,1,1,-1,1,-1,1,1,1,-1,-1,1,-1,-1,1,-1,1,-1,1,-1,-1,1,1,-1,1,1,1,-1,1,1,-1,1,1,1,-1,1,1,-1,1,1,1,-1,1,1,1,1,1,1,-1,-1,1,1,1,1,1,-1,1,-1,1,1,1,1,-1,-1,1,-1,1,1,1,-1,-1,1,1,1,-1,1,-1,1,1,1,1,1,1,-1,-1,1,1,1,1,1,-1,-1,1,1,1,1,1,-1,1,1,1,1,-1,-1,1,-1,1,1,-1,1,-1,-1,-1,1,1,1,-1,1,-1,-1,1,1,1,-1,-1,-1,-1,1,1,1,-1,-1,1,-1,-1,1,1,-1,1,-1,-1,-1,1,1,-1,1,-1,1,-1,1,1,1,1,1,-1,-1,1,1,-1,-1,1,1,-1,-1,1,-1,1,-1,-1,1,1,-1,-1,1,1,1,-1,1,1,-1,1,1,-1,1,1,-1,-1,-1,1,-1,-1,-1,-1,-1,1,-1,1,1,1,-1,1,1,1,-1,1,1,1,-1,1,1,-1,1,1,-1,-1,1,1,1,1,1,-1,-1,-1,1,-1,1,1,-1,-1,1,1,-1,1,1,1,-1,1,1,1,1,1,-1,-1,-1,1,-1,1,-1,1,-1,1,-1,1,1,-2662.0,1,2000,445,0,False
2257,-1,-1,1,1,1,1,-1,1,-1,-1,-1,1,-1,1,-1,-1,1,-1,1,1,1,1,-1,-1,-1,1,-1,-1,-1,-1,-1,-1,1,1,-1,1,1,-1,-1,-1,1,-1,1,-1,-1,-1,1,-1,1,-1,-1,-1,1,-1,1,-1,-1,1,-1,-1,-1,1,1,1,-1,-1,-1,-1,-1,-1,1,-1,-1,-1,-1,-1,-1,1,-1,-1,-1,1,1,-1,-1,-1,-1,1,-1,1,-1,-1,-1,-1,-1,-1,-1,1,-1,1,-1,-1,-1,-1,1,-1,-1,-1,-1,-1,-1,1,-1,1,-1,-1,-1,-1,1,-1,-1,-1,-1,-1,-1,1,-1,-1,1,-1,-1,-1,1,-1,1,-1,-1,-1,-1,-1,-1,-1,1,-1,-1,-1,1,-1,-1,-1,-1,-1,-1,-1,1,-1,1,-1,-1,-1,1,-1,1,1,-1,-1,-1,1,-1,1,-1,-1,-1,-1,1,-1,1,-1,-1,-1,1,-1,-1,1,-1,-1,-1,1,1,-1,1,1,-1,1,1,1,-1,1,-1,-1,-1,1,1,-1,1,1,-1,-1,-1,1,-1,1,-1,-1,-1,1,1,-1,1,-1,-1,1,1,1,-1,-1,1,-1,-1,-1,1,-1,1,1,-1,1,-1,1,-1,1,1,-1,-1,1,1,-1,1,1,1,-1,-1,1,-1,1,1,1,-1,1,1,-1,1,1,-1,-1,1,-1,1,-1,1,-1,-1,1,-1,-1,1,-1,1,-1,1,-1,-1,-1,-1,1,-1,-1,1,1,-1,-1,-1,-1,-1,1,1,-1,1,-1,1,1,-1,1,-1,1,1,-1,1,-1,1,1,-1,1,-1,-1,-1,1,-1,-1,1,-1,-1,-1,1,1,-1,1,1,1,-1,1,-1,-1,1,1,-1,1,1,-1,1,1,-1,1,-1,1,-1,1,1,-1,-1,1,1,-1,1,-1,1,1,-1,1,-1,1,1,1,-1,1,1,-1,1,1,1,-1,1,-1,-1,1,1,1,-1,1,-1,-1,1,1,1,-1,1,-1,-1,-1,-1,1,-1,1,1,-1,1,1,1,1,1,1,-1,-1,-1,1,-1,1,-1,-1,1,-1,-1,-1,1,-1,-1,1,-1,1,-1,1,-1,1,-1,1,1,1,1,-1,1,-1,1,1,-1,1,-1,-1,-1,-1,1,1,1,1,-1,-1,1,1,1,1,-1,-1,1,-1,-1,1,-1,1,-1,1,-1,1,1,1,-1,-1,1,1,-1,1,-1,1,-1,-1,1,-1,1,1,-1,-1,-1,1,-1,-1,1,1,-1,-1,1,-1,1,1,-1,1,-1,1,-1,-1,1,1,-1,-1,1,-1,1,1,-1,-1,1,1,-1,1,-1,1,-1,1,-1,1,1,-1,1,-1,1,-1,-1,1,-1,-1,-1,1,-1,-1,1,-1,1,-1,1,-1,-1,1,-1,-1,1,-1,1,-1,1,-1,1,-1,1,1,-1,1,-1,1,-1,1,-1,-1,1,-1,1,1,1,1,-1,-1,1,1,-1,1,1,-1,1,1,1,1,-1,1,1,-1,1,1,1,1,-1,1,1,-1,1,1,1,-1,1,1,-1,-1,1,1,-1,1,-1,-1,1,1,1,-1,1,1,-1,1,-1,1,-1,1,1,-1,-1,1,1,-1,-1,-1,-1,1,1,1,-1,-1,-1,-1,1,1,1,-1,1,1,1,-1,1,1,-1,1,1,-1,1,1,1,-1,-1,1,-1,-1,1,1,-1,1,1,1,1,1,-1,1,1,1,-1,1,1,-1,1,1,1,-1,1,1,-1,1,1,1,-1,1,1,1,-1,1,-1,1,1,-1,-1,1,1,1,-1,1,-1,-1,1,1,1,1,1,1,-1,1,1,1,1,1,1,-1,1,-1,1,-1,1,-1,1,1,1,1,1,1,1,-1,1,-1,1,1,1,1,-1,1,1,-1,1,1,-1,-1,1,1,1,1,1,1,-1,1,1,-1,-1,1,-1,1,-1,1,1,-1,1,-1,1,1,-1,1,1,1,-1,-1,1,-1,1,-1,1,1,1,-1,1,-1,-1,1,1,-1,1,-1,1,-1,1,1,-1,1,-1,1,-1,1,1,-1,1,-1,1,-1,1,1,1,-1,-1,1,-1,1,1,-1,-1,1,-1,-1,1,1,1,-1,1,-1,-1,1,1,-1,-1,-1,1,-1,1,1,-1,-1,-1,1,-1,1,1,1,1,1,1,-1,1,1,-1,-1,1,-1,-1,1,1,1,-1,1,-1,1,1,1,1,-1,-1,-1,-1,-1,1,1,-1,1,1,-1,1,1,1,-1,1,-1,-1,1,1,1,-1,1,-1,1,1,1,1,-1,1,-1,1,1,1,1,1,-1,1,1,1,1,1,1,-1,-1,1,-1,1,1,1,-1,1,1,1,1,1,1,-1,-1,1,1,1,1,1,-1,1,1,-1,1,1,-1,1,1,1,1,1,1,-1,-1,1,1,1,1,1,-1,-1,1,1,1,1,1,1,-1,1,1,1,1,1,1,-1,1,1,1,1,1,1,-1,1,1,-1,1,1,1,-1,-1,1,1,1,1,1,-1,1,-1,-1,1,1,1,-1,-1,1,-1,1,1,1,-1,1,-1,-1,1,-1,1,1,1,1,-1,1,1,1,1,-1,-1,1,1,1,-1,1,-1,1,1,1,1,1,-1,1,-1,1,1,-1,-1,1,-1,-1,1,-1,1,1,-1,-1,1,-1,1,-1,1,1,-1,-1,-1,1,-1,-1,1,-1,1,-1,1,-1,1,-1,-1,-1,1,1,-1,-1,1,-1,-1,-1,1,-1,-1,1,-1,-1,-1,1,1,1,-1,-1,-1,1,1,-1,-1,1,1,-1,1,1,-1,1,1,-1,1,1,-1,-1,1,-1,-1,-1,-1,1,-1,1,1,-1,1,1,-1,-1,1,-1,1,-1,-1,-1,-1,1,-1,-1,1,1,-1,1,1,-1,1,1,1,1,-1,1,-1,1,1,1,1,-1,1,-1,-1,1,1,1,-1,1,-1,1,1,1,1,-1,1,-1,1,1,-1,-1,-1,1,-1,-1,1,1,-1,-1,-1,1,-1,1,-1,1,-1,1,-1,-1,1,-2662.0,1,2000,445,1500,True
2258,-1,-1,1,1,1,1,-1,1,-1,-1,-1,1,-1,1,-1,-1,1,-1,1,1,-1,1,-1,-1,-1,1,-1,-1,-1,-1,-1,-1,1,1,-1,1,1,-1,-1,-1,1,-1,1,-1,-1,-1,1,1,-1,-1,1,-1,1,1,1,-1,-1,1,-1,-1,1,1,1,1,-1,-1,-1,1,1,-1,1,-1,-1,-1,1,-1,-1,1,-1,-1,-1,1,1,-1,-1,-1,-1,1,1,1,-1,-1,-1,-1,1,1,-1,1,-1,1,-1,1,1,-1,1,-1,-1,-1,1,1,-1,1,-1,1,-1,1,1,-1,1,-1,-1,-1,1,1,-1,1,-1,-1,-1,1,1,-1,1,-1,-1,1,1,1,-1,-1,-1,-1,1,1,1,-1,1,-1,-1,-1,1,1,-1,-1,1,-1,-1,1,1,-1,1,-1,-1,-1,1,1,-1,1,1,-1,1,1,-1,-1,1,-1,-1,-1,1,-1,1,-1,1,-1,1,1,-1,1,1,-1,-1,1,1,1,1,1,1,-1,1,1,-1,1,1,1,-1,1,1,1,-1,1,1,-1,1,1,-1,1,1,1,1,1,1,1,1,1,1,1,-1,1,-1,-1,1,1,-1,1,-1,1,-1,1,1,1,1,1,-1,1,1,1,1,1,-1,1,-1,1,1,1,1,1,-1,1,1,1,1,-1,1,-1,1,-1,1,-1,-1,1,-1,1,-1,1,1,-1,1,-1,1,-1,1,-1,1,1,-1,-1,1,1,1,1,1,1,-1,1,1,1,-1,-1,1,1,-1,1,-1,-1,-1,1,-1,-1,1,1,1,-1,1,1,1,1,-1,-1,-1,1,-1,-1,-1,1,-1,-1,1,1,-1,1,-1,-1,-1,1,1,-1,1,-1,-1,1,1,-1,1,1,-1,-1,1,1,-1,1,1,-1,1,-1,1,1,-1,1,-1,1,1,1,-1,1,1,-1,-1,1,1,-1,1,-1,-1,-1,1,1,-1,1,-1,-1,1,-1,1,-1,1,-1,-1,1,-1,1,-1,1,1,-1,1,-1,1,1,-1,1,-1,-1,1,1,-1,1,-1,-1,1,1,-1,-1,1,1,-1,1,-1,1,-1,1,-1,1,1,-1,1,1,1,-1,1,1,-1,1,-1,1,-1,-1,1,-1,1,1,1,1,-1,1,1,1,1,1,-1,-1,1,-1,-1,1,-1,1,-1,-1,1,-1,1,-1,-1,-1,-1,1,-1,1,-1,1,-1,1,-1,-1,1,1,-1,-1,-1,1,-1,-1,1,1,-1,-1,1,-1,1,1,-1,1,-1,1,-1,-1,1,1,-1,-1,-1,-1,1,1,-1,-1,-1,1,-1,1,-1,1,-1,-1,-1,1,1,-1,1,-1,-1,-1,-1,1,-1,-1,-1,-1,-1,-1,1,-1,1,-1,-1,-1,-1,1,-1,-1,1,-1,-1,-1,1,-1,1,-1,-1,-1,-1,1,-1,1,-1,1,-1,-1,1,-1,1,1,1,-1,-1,-1,1,1,-1,1,-1,-1,1,1,1,1,-1,1,1,-1,1,1,1,1,1,1,1,-1,1,1,-1,1,-1,1,-1,-1,1,-1,-1,1,-1,-1,1,-1,-1,-1,1,1,-1,1,1,-1,-1,1,1,-1,-1,1,-1,-1,-1,-1,-1,1,1,-1,-1,-1,-1,-1,1,1,-1,-1,1,1,1,-1,1,-1,-1,1,1,-1,1,1,-1,-1,-1,1,-1,-1,1,1,-1,1,1,1,1,1,-1,1,1,1,-1,1,1,1,-1,1,1,-1,1,1,-1,1,1,1,-1,1,1,-1,-1,1,-1,1,-1,1,-1,1,1,1,-1,1,1,-1,1,1,1,1,1,1,1,1,1,1,1,1,1,-1,1,-1,1,-1,1,1,1,1,1,1,1,1,1,-1,1,-1,1,1,1,1,1,-1,1,-1,1,1,1,1,1,1,1,1,1,1,-1,1,1,-1,1,1,-1,-1,1,1,1,1,1,1,-1,1,-1,1,1,1,-1,-1,1,-1,1,-1,1,1,-1,1,-1,1,-1,1,-1,1,1,-1,1,1,1,1,-1,1,-1,1,1,1,1,-1,1,-1,1,-1,1,1,-1,1,1,1,1,1,-1,1,1,-1,1,1,1,1,-1,1,-1,1,1,1,1,-1,1,1,-1,1,1,-1,1,1,1,-1,1,1,1,-1,1,-1,-1,1,1,-1,1,1,-1,1,-1,1,-1,-1,1,1,-1,1,1,-1,-1,1,1,-1,1,1,-1,-1,-1,1,1,1,1,-1,1,1,1,-1,1,1,-1,-1,1,-1,1,1,-1,-1,-1,-1,1,-1,1,1,-1,1,-1,-1,1,1,1,-1,-1,-1,-1,-1,1,-1,-1,-1,1,-1,1,1,-1,-1,-1,-1,-1,1,1,1,-1,1,-1,-1,1,1,1,-1,1,-1,1,1,1,-1,-1,1,-1,-1,1,1,-1,-1,1,-1,-1,1,1,-1,1,1,-1,-1,1,1,-1,-1,1,-1,-1,1,1,-1,-1,1,-1,-1,1,1,-1,1,1,1,-1,-1,1,-1,-1,1,-1,-1,1,-1,1,-1,1,1,-1,-1,1,-1,1,1,1,-1,1,-1,-1,1,-1,1,-1,1,1,-1,1,1,1,1,-1,-1,-1,1,1,-1,1,-1,1,-1,1,1,1,-1,1,-1,1,1,-1,1,1,-1,1,1,-1,1,1,-1,-1,1,-1,1,1,-1,1,-1,-1,-1,1,-1,-1,1,-1,1,-1,1,-1,1,-1,-1,-1,1,1,-1,-1,1,-1,-1,-1,1,1,-1,1,-1,-1,-1,1,1,-1,1,-1,-1,1,1,-1,-1,-1,1,-1,1,1,-1,1,1,-1,1,1,-1,-1,1,1,-1,-1,-1,1,-1,1,1,-1,1,1,-1,-1,-1,-1,1,-1,-1,-1,-1,1,-1,-1,1,1,-1,1,1,-1,1,1,1,1,-1,1,-1,1,1,1,1,-1,1,-1,-1,1,1,1,-1,1,-1,1,1,1,1,-1,1,-1,1,1,1,-1,-1,1,-1,-1,1,1,-1,-1,-1,1,-1,1,1,1,-1,1,-1,-1,1,-2662.0,1,2000,445,1500,True
2259,-1,-1,1,1,1,1,-1,1,-1,-1,-1,1,-1,1,-1,-1,1,-1,1,1,1,1,-1,-1,-1,1,-1,-1,-1,-1,-1,-1,1,1,-1,1,1,-1,-1,-1,1,-1,1,-1,-1,-1,1,-1,1,-1,-1,-1,1,-1,1,-1,-1,1,-1,-1,-1,1,1,1,-1,-1,-1,-1,-1,-1,1,-1,-1,-1,-1,-1,-1,1,-1,-1,-1,1,1,-1,-1,-1,-1,-1,-1,1,-1,-1,-1,-1,-1,-1,-1,1,-1,1,-1,-1,-1,-1,1,-1,-1,-1,-1,-1,-1,1,-1,-1,-1,-1,-1,-1,1,-1,-1,-1,-1,-1,-1,1,-1,-1,1,-1,-1,-1,1,-1,-1,1,-1,-1,-1,-1,-1,-1,1,-1,-1,-1,1,-1,-1,-1,-1,-1,-1,-1,1,-1,-1,1,-1,-1,1,1,-1,-1,-1,-1,1,1,1,-1,-1,-1,-1,-1,1,-1,-1,1,-1,-1,1,-1,1,-1,-1,-1,-1,1,1,-1,-1,1,-1,-1,1,1,1,-1,1,-1,-1,1,1,1,-1,1,-1,-1,-1,1,1,-1,1,-1,1,1,1,1,1,1,-1,1,1,1,1,1,-1,1,-1,-1,1,1,-1,1,-1,1,-1,1,1,1,1,-1,1,1,1,1,1,1,-1,-1,1,1,1,1,-1,-1,1,1,1,1,1,1,-1,1,1,-1,1,-1,-1,-1,1,1,-1,1,1,-1,-1,1,1,-1,1,-1,1,-1,1,1,1,1,1,1,-1,1,1,1,1,1,-1,-1,-1,1,-1,1,-1,-1,-1,1,-1,-1,1,1,1,-1,-1,1,1,1,-1,-1,-1,1,1,-1,-1,1,-1,-1,1,1,-1,1,-1,-1,-1,1,1,1,1,-1,-1,-1,1,-1,1,1,-1,-1,1,-1,-1,1,1,-1,1,1,1,1,-1,1,-1,1,1,1,-1,1,1,-1,-1,1,1,-1,1,-1,-1,-1,1,1,-1,1,-1,-1,1,-1,1,-1,1,-1,-1,1,-1,1,-1,1,1,-1,1,-1,1,1,-1,1,-1,-1,1,1,-1,1,-1,-1,1,1,-1,-1,1,1,-1,1,-1,1,-1,1,-1,1,1,-1,1,1,1,-1,1,1,-1,1,-1,1,-1,-1,1,-1,1,1,1,1,-1,1,1,1,1,1,-1,-1,1,-1,-1,1,-1,1,-1,-1,1,-1,1,1,-1,-1,-1,1,-1,1,-1,1,-1,-1,1,-1,1,1,-1,-1,-1,1,-1,-1,1,1,-1,-1,1,-1,1,1,-1,1,-1,1,-1,-1,1,1,-1,-1,-1,-1,1,1,-1,1,-1,1,-1,1,-1,1,-1,-1,1,-1,1,-1,1,-1,-1,-1,-1,1,-1,-1,1,-1,-1,-1,1,1,1,1,1,-1,-1,1,-1,-1,1,-1,-1,-1,1,1,1,-1,1,-1,-1,-1,-1,1,-1,1,-1,-1,1,-1,1,1,1,-1,-1,-1,1,1,-1,1,-1,1,-1,1,1,1,-1,1,1,-1,1,1,1,1,1,1,1,-1,1,1,-1,1,-1,1,-1,-1,1,-1,-1,1,-1,-1,1,-1,-1,-1,1,1,-1,1,1,-1,-1,1,1,-1,-1,1,-1,-1,-1,-1,-1,1,1,-1,-1,-1,-1,-1,1,1,-1,-1,1,1,1,-1,1,-1,-1,1,1,-1,1,1,-1,-1,-1,1,-1,-1,1,1,-1,1,1,1,1,1,-1,1,1,1,-1,1,1,1,-1,1,1,-1,1,1,-1,1,1,1,-1,1,1,-1,-1,1,-1,1,1,1,-1,1,1,-1,-1,1,1,-1,1,1,1,1,1,1,1,1,1,1,1,1,1,-1,1,-1,1,-1,1,1,1,1,1,1,1,1,1,-1,1,-1,1,-1,1,1,1,-1,1,-1,1,1,1,1,1,1,1,1,1,1,-1,1,1,-1,-1,1,-1,-1,1,1,1,-1,1,1,-1,1,-1,-1,1,1,-1,-1,1,-1,1,-1,1,1,-1,1,-1,1,-1,1,-1,1,1,-1,1,-1,1,1,-1,1,-1,1,-1,1,1,-1,1,-1,1,-1,1,1,-1,1,1,1,1,1,-1,1,1,-1,1,1,1,1,-1,1,-1,1,-1,1,1,-1,1,1,-1,1,1,1,-1,1,1,-1,1,1,1,1,1,-1,-1,1,1,1,1,1,-1,1,-1,1,1,1,1,1,-1,1,1,1,1,1,1,-1,1,1,1,1,1,1,1,1,1,1,1,1,1,-1,1,1,1,1,1,-1,1,1,1,1,1,1,1,-1,1,1,1,1,1,-1,1,1,1,1,1,1,-1,-1,1,-1,1,1,1,-1,1,1,1,1,1,-1,-1,1,1,1,1,1,1,-1,1,1,-1,1,1,-1,1,1,1,1,1,1,-1,-1,1,1,1,1,-1,1,-1,1,1,1,1,-1,-1,-1,1,1,1,1,-1,1,-1,1,1,1,1,1,-1,-1,1,1,-1,1,1,-1,-1,-1,1,1,1,-1,-1,-1,1,-1,-1,1,1,-1,-1,-1,1,-1,1,1,-1,-1,1,1,-1,1,1,-1,1,1,1,-1,1,1,-1,1,-1,1,1,1,1,-1,1,-1,1,1,1,-1,1,-1,1,1,1,1,-1,1,1,-1,1,1,-1,1,1,-1,-1,1,-1,1,1,-1,1,-1,1,-1,1,-1,-1,1,-1,1,-1,1,-1,1,-1,-1,-1,1,1,-1,1,1,-1,-1,-1,1,1,-1,1,-1,-1,-1,1,1,-1,-1,-1,-1,1,1,-1,-1,-1,1,-1,1,1,-1,1,1,-1,1,1,-1,-1,1,1,-1,-1,-1,1,-1,1,1,-1,1,1,-1,-1,-1,-1,1,-1,-1,-1,-1,1,-1,-1,1,1,-1,1,1,-1,1,1,1,1,-1,1,-1,1,1,1,1,-1,1,-1,-1,1,1,1,-1,1,-1,1,1,1,1,-1,1,-1,1,1,-1,-1,-1,1,-1,-1,1,1,-1,-1,-1,1,-1,1,-1,1,-1,1,-1,-1,1,-2662.0,1,2000,445,1500,True
2260,-1,-1,1,1,1,1,-1,1,-1,-1,-1,1,-1,1,-1,-1,1,-1,1,1,1,1,-1,-1,-1,1,-1,-1,1,-1,-1,-1,1,1,-1,1,1,-1,-1,-1,1,-1,1,-1,-1,-1,-1,-1,1,-1,-1,-1,1,-1,1,-1,-1,1,-1,-1,-1,1,1,1,-1,-1,-1,-1,-1,-1,1,-1,-1,-1,-1,-1,1,1,-1,-1,-1,1,1,-1,-1,-1,-1,1,-1,1,-1,-1,-1,-1,-1,-1,1,1,-1,1,-1,-1,-1,-1,1,-1,-1,-1,-1,-1,-1,1,-1,-1,-1,-1,-1,-1,1,-1,-1,-1,-1,-1,-1,1,-1,-1,1,-1,-1,-1,1,-1,-1,1,-1,-1,-1,1,-1,-1,1,-1,-1,-1,-1,-1,-1,-1,-1,-1,-1,1,1,-1,-1,1,-1,-1,1,-1,-1,-1,-1,-1,-1,1,1,-1,-1,-1,-1,-1,1,-1,-1,1,-1,-1,1,-1,1,-1,-1,-1,-1,1,1,-1,-1,1,-1,-1,1,1,1,-1,1,-1,-1,-1,1,1,-1,1,-1,-1,-1,1,1,-1,1,-1,-1,1,1,1,1,1,-1,1,1,1,1,1,-1,1,-1,-1,1,1,-1,1,-1,1,-1,1,1,1,1,-1,1,1,1,1,1,1,-1,-1,1,1,1,1,-1,1,1,1,1,1,1,1,-1,1,1,-1,1,-1,-1,-1,1,1,-1,1,1,-1,-1,1,1,-1,1,-1,1,-1,1,-1,1,1,1,1,-1,1,1,1,1,1,-1,-1,-1,1,-1,1,-1,-1,-1,1,1,-1,1,1,1,-1,-1,1,1,1,-1,-1,-1,1,1,-1,1,1,-1,-1,1,1,-1,1,-1,1,-1,1,1,1,1,-1,-1,-1,1,-1,1,1,-1,-1,1,-1,-1,1,1,-1,1,1,1,1,-1,1,-1,1,1,1,-1,1,1,-1,-1,1,1,-1,1,-1,-1,-1,1,1,-1,1,-1,-1,1,-1,1,-1,1,-1,-1,1,-1,1,-1,1,1,-1,1,-1,1,1,-1,1,-1,-1,1,1,-1,1,-1,-1,1,1,-1,-1,1,1,-1,1,-1,1,-1,1,-1,1,1,-1,1,1,1,-1,1,1,-1,1,-1,1,-1,-1,1,-1,1,1,-1,1,-1,1,1,-1,1,-1,-1,-1,1,-1,-1,1,-1,1,-1,-1,1,-1,1,-1,-1,-1,-1,1,-1,1,-1,1,-1,1,1,-1,1,-1,-1,-1,-1,1,-1,-1,1,1,-1,-1,1,-1,1,1,-1,1,-1,1,-1,1,-1,1,-1,-1,-1,-1,-1,-1,-1,1,-1,1,-1,1,-1,1,-1,-1,-1,1,1,-1,1,-1,-1,-1,-1,1,-1,-1,1,-1,-1,1,-1,1,1,1,1,-1,-1,1,-1,-1,1,-1,-1,-1,1,-1,1,-1,1,-1,-1,-1,-1,1,-1,1,-1,-1,1,-1,1,1,1,-1,-1,-1,1,1,-1,1,-1,1,-1,1,1,1,-1,1,1,-1,1,1,1,1,1,-1,1,-1,1,1,-1,1,-1,1,-1,-1,1,-1,-1,1,-1,-1,1,-1,-1,-1,1,1,-1,1,1,-1,-1,1,1,-1,-1,1,-1,-1,-1,-1,-1,1,1,-1,-1,-1,-1,-1,1,1,-1,-1,1,1,1,-1,1,-1,-1,1,1,-1,1,1,-1,-1,-1,1,-1,-1,1,1,-1,1,1,1,1,1,-1,1,1,1,-1,1,1,1,-1,1,1,-1,1,1,-1,1,1,1,-1,1,1,-1,-1,1,-1,1,1,1,-1,1,1,-1,-1,1,1,-1,1,1,1,1,1,1,1,1,1,1,1,1,1,-1,1,-1,1,-1,1,1,1,1,1,1,1,1,1,-1,1,-1,1,-1,1,1,1,-1,1,-1,1,1,1,1,1,1,1,1,1,1,-1,1,1,-1,-1,1,-1,-1,1,1,1,-1,1,1,-1,1,-1,-1,1,1,-1,-1,1,-1,1,-1,1,1,-1,1,-1,1,-1,1,-1,1,1,-1,1,-1,1,1,-1,1,-1,1,-1,1,1,-1,1,-1,1,-1,1,1,-1,1,1,1,1,1,-1,1,1,-1,1,1,1,1,-1,1,-1,1,-1,1,1,-1,1,1,-1,1,1,1,-1,1,1,-1,1,1,1,1,1,-1,-1,1,1,1,1,1,-1,1,-1,1,1,1,1,1,-1,1,1,1,1,1,1,-1,1,-1,1,1,1,1,1,1,1,1,1,1,1,-1,1,1,-1,1,1,-1,1,1,1,1,-1,1,1,-1,1,1,1,1,1,-1,1,1,1,1,1,1,-1,-1,1,-1,1,1,1,-1,1,1,1,1,1,-1,-1,1,1,1,1,1,1,-1,1,1,-1,1,1,-1,1,1,1,1,1,1,-1,-1,1,1,1,1,-1,1,-1,1,1,1,1,-1,-1,-1,1,1,1,1,-1,1,-1,1,1,1,1,1,-1,-1,1,1,-1,1,1,-1,-1,1,1,-1,1,-1,-1,-1,1,-1,-1,1,1,-1,-1,-1,1,-1,1,1,-1,-1,1,1,-1,1,1,-1,1,1,1,-1,1,1,-1,1,-1,1,1,1,1,-1,1,-1,1,1,1,-1,1,-1,1,1,1,1,-1,-1,1,-1,1,1,-1,1,1,-1,-1,1,-1,1,1,-1,1,-1,1,-1,1,-1,-1,1,-1,1,-1,1,-1,1,-1,-1,-1,1,1,-1,-1,1,-1,-1,-1,1,1,-1,1,-1,1,-1,1,1,-1,-1,-1,-1,1,-1,-1,-1,-1,1,1,1,-1,-1,1,1,-1,1,1,-1,-1,1,1,-1,-1,-1,1,-1,1,1,1,1,-1,1,-1,-1,-1,1,-1,-1,-1,-1,-1,1,1,1,1,-1,1,1,-1,1,1,-1,-1,-1,1,-1,1,1,1,1,-1,1,-1,1,1,1,-1,-1,1,-1,1,1,1,1,-1,1,-1,1,1,-1,-1,-1,1,-1,1,1,1,-1,-1,-1,1,-1,1,-1,1,-1,1,-1,1,1,-2662.0,1,2000,445,1500,True
2261,-1,-1,1,1,1,1,-1,1,-1,-1,-1,1,-1,1,-1,-1,1,-1,1,1,-1,-1,-1,-1,-1,1,-1,-1,-1,-1,-1,-1,1,1,-1,-1,1,-1,-1,-1,1,-1,-1,-1,-1,-1,-1,-1,1,1,-1,-1,1,-1,1,-1,-1,1,-1,-1,-1,1,1,1,-1,-1,-1,-1,-1,-1,-1,1,-1,-1,-1,-1,-1,-1,1,-1,-1,1,1,-1,1,-1,-1,-1,-1,1,-1,-1,-1,-1,-1,-1,-1,1,1,1,-1,-1,-1,-1,1,1,1,-1,-1,-1,-1,1,1,1,-1,-1,-1,-1,1,1,1,-1,-1,-1,-1,1,1,1,1,-1,-1,-1,1,1,1,-1,-1,-1,-1,-1,1,1,1,-1,-1,-1,1,1,1,1,-1,-1,-1,-1,-1,1,1,1,-1,-1,1,1,1,1,-1,-1,-1,1,-1,1,-1,-1,-1,-1,1,1,1,1,-1,-1,1,-1,-1,1,-1,-1,-1,1,1,1,1,1,-1,1,1,1,-1,1,1,-1,-1,1,1,-1,1,1,-1,-1,-1,1,-1,1,1,-1,-1,1,1,-1,1,1,-1,1,1,1,-1,-1,1,1,-1,-1,1,-1,1,1,-1,1,-1,1,-1,1,1,-1,-1,1,1,-1,1,1,-1,-1,-1,1,-1,1,-1,1,-1,1,1,-1,1,1,-1,-1,1,-1,1,-1,-1,-1,-1,1,-1,-1,1,1,-1,-1,1,-1,-1,-1,1,-1,1,-1,1,1,-1,1,-1,-1,-1,1,1,-1,1,-1,1,-1,-1,1,-1,-1,-1,-1,1,-1,1,1,-1,1,-1,-1,-1,1,-1,-1,-1,1,-1,-1,1,1,-1,-1,-1,1,-1,1,-1,-1,-1,-1,1,-1,1,-1,-1,-1,-1,1,-1,1,-1,-1,-1,1,-1,1,1,-1,1,-1,-1,-1,1,1,-1,1,-1,-1,1,1,1,-1,-1,-1,-1,1,1,-1,-1,-1,-1,-1,1,1,-1,-1,1,-1,-1,1,1,-1,-1,1,1,-1,1,1,1,-1,1,-1,-1,1,1,1,-1,-1,1,-1,1,-1,-1,-1,1,1,1,1,1,-1,-1,1,-1,1,-1,1,-1,1,-1,1,-1,1,1,-1,1,1,-1,1,-1,1,-1,-1,-1,1,-1,1,1,1,-1,1,-1,1,1,1,-1,-1,1,-1,1,1,-1,1,-1,1,-1,1,1,1,-1,-1,1,1,1,1,-1,1,-1,-1,1,1,1,1,-1,-1,-1,1,1,1,1,1,-1,-1,1,-1,1,1,-1,1,-1,1,1,-1,1,1,-1,1,1,1,1,1,-1,-1,1,1,1,1,-1,1,-1,1,1,-1,1,-1,1,-1,1,1,-1,1,-1,-1,-1,1,1,-1,1,-1,1,-1,-1,1,1,1,-1,-1,1,-1,1,-1,1,-1,1,-1,1,1,1,-1,-1,1,-1,-1,1,-1,1,-1,1,1,-1,1,1,-1,1,1,-1,-1,1,1,-1,1,1,1,1,1,1,-1,1,1,1,-1,1,1,1,-1,-1,-1,1,-1,1,1,-1,1,-1,1,-1,1,-1,-1,-1,1,1,-1,1,1,-1,1,-1,1,-1,1,1,-1,1,-1,1,-1,-1,-1,-1,1,-1,1,-1,-1,-1,-1,1,-1,1,-1,1,1,1,-1,-1,1,-1,1,1,-1,1,-1,1,-1,-1,1,-1,1,-1,-1,1,1,1,1,1,-1,1,1,1,1,-1,1,-1,-1,1,1,1,-1,-1,-1,-1,1,1,1,-1,-1,-1,1,-1,1,-1,1,1,-1,-1,1,1,1,-1,-1,-1,-1,1,1,1,1,1,-1,-1,1,1,1,1,1,-1,-1,1,-1,1,-1,1,-1,1,1,1,1,1,1,-1,-1,1,-1,1,-1,1,-1,-1,1,1,-1,1,1,-1,-1,1,1,1,1,1,1,-1,1,1,-1,1,1,-1,-1,1,1,-1,1,1,-1,-1,1,-1,1,1,1,-1,-1,1,-1,1,1,1,1,-1,1,1,-1,1,1,-1,-1,1,-1,1,1,1,1,-1,1,-1,1,1,1,-1,-1,1,-1,-1,1,1,1,-1,1,1,-1,-1,1,-1,1,1,1,-1,1,1,1,-1,1,-1,1,-1,1,1,-1,-1,1,-1,1,1,1,-1,1,1,-1,-1,1,1,1,1,-1,1,-1,1,1,1,1,1,-1,-1,1,1,1,1,1,-1,1,1,1,1,1,1,-1,-1,-1,1,1,1,1,-1,-1,1,1,1,-1,1,-1,-1,1,-1,1,1,-1,-1,-1,1,1,1,1,-1,1,-1,1,1,1,1,1,-1,-1,1,1,1,1,1,1,-1,-1,1,1,-1,1,-1,-1,1,1,1,-1,1,-1,1,1,1,1,1,1,-1,-1,-1,1,1,1,-1,-1,-1,1,1,1,1,1,-1,-1,1,1,-1,1,1,1,1,1,1,1,1,1,-1,-1,1,1,1,-1,1,-1,1,1,1,1,1,1,-1,-1,-1,1,1,1,1,-1,1,-1,1,1,1,1,-1,-1,-1,1,1,1,-1,-1,1,-1,1,1,1,1,1,-1,-1,1,-1,1,-1,1,1,-1,1,1,1,-1,-1,-1,1,1,1,1,-1,-1,1,1,1,1,1,-1,1,1,1,1,-1,-1,1,-1,1,1,-1,1,-1,-1,-1,1,-1,1,-1,1,-1,-1,1,-1,1,-1,-1,-1,-1,1,-1,1,-1,-1,1,-1,-1,1,1,-1,1,-1,-1,-1,-1,1,-1,1,-1,1,-1,-1,1,1,1,1,-1,-1,1,1,-1,-1,1,1,-1,1,1,-1,1,-1,-1,1,1,-1,-1,1,-1,-1,-1,-1,1,-1,1,1,-1,1,1,-1,-1,-1,-1,1,-1,-1,-1,-1,1,-1,-1,1,1,-1,1,1,-1,1,1,1,1,-1,1,-1,1,1,1,1,-1,1,-1,-1,1,1,1,-1,1,-1,1,1,1,1,-1,1,-1,1,1,1,-1,-1,1,-1,-1,1,1,-1,-1,-1,1,-1,1,-1,1,-1,1,-1,-1,1,-2662.0,1,2000,445,1500,True
2262,1,1,-1,-1,1,1,-1,1,1,1,1,-1,1,1,1,1,-1,1,-1,-1,-1,1,1,1,1,-1,1,-1,1,1,1,1,1,-1,-1,1,-1,1,1,-1,-1,-1,1,1,1,1,1,-1,1,-1,1,1,-1,1,-1,-1,1,-1,1,1,1,-1,-1,1,1,1,1,1,-1,-1,1,-1,1,1,1,-1,-1,-1,1,1,1,-1,-1,-1,-1,1,1,1,-1,-1,1,1,-1,1,1,-1,-1,-1,-1,1,1,1,-1,-1,1,-1,-1,1,1,-1,-1,-1,-1,-1,1,1,-1,-1,1,-1,-1,1,1,1,-1,-1,-1,-1,1,1,1,-1,1,-1,-1,1,1,1,-1,1,-1,-1,1,1,1,-1,1,-1,-1,-1,1,1,-1,-1,1,-1,-1,1,1,-1,1,1,-1,-1,1,1,-1,1,1,-1,1,1,-1,-1,1,-1,-1,1,1,-1,1,-1,1,-1,1,1,-1,1,1,-1,-1,-1,1,1,1,1,1,-1,1,1,-1,1,1,1,-1,-1,1,1,-1,1,1,-1,1,1,-1,1,1,1,-1,1,1,1,1,1,1,1,-1,1,-1,-1,1,1,-1,-1,1,1,-1,1,1,-1,-1,1,-1,1,1,1,1,-1,1,1,-1,1,1,-1,1,1,-1,1,1,1,-1,-1,1,-1,1,-1,1,1,1,1,-1,1,-1,1,1,1,1,-1,1,-1,1,1,1,1,-1,-1,1,1,1,1,1,1,-1,1,1,-1,-1,1,1,-1,-1,1,1,1,1,-1,1,-1,1,1,1,-1,1,-1,-1,1,1,1,1,-1,1,-1,1,-1,1,1,1,1,-1,1,1,1,1,1,-1,-1,1,1,1,1,1,1,1,1,1,1,1,1,-1,1,1,1,-1,1,1,-1,1,1,1,-1,1,1,1,-1,1,-1,1,1,1,1,-1,1,1,-1,1,1,1,-1,1,1,-1,1,1,-1,-1,1,1,1,-1,1,1,-1,-1,1,-1,1,1,1,1,-1,1,1,-1,1,1,-1,1,1,-1,-1,-1,-1,-1,1,1,-1,1,1,-1,-1,1,-1,1,1,1,1,-1,1,-1,-1,1,1,-1,-1,1,1,1,-1,1,-1,-1,-1,1,-1,1,-1,-1,1,1,1,-1,-1,-1,-1,1,1,1,-1,1,-1,-1,1,1,1,1,-1,-1,-1,1,-1,1,-1,1,-1,-1,-1,-1,-1,1,1,-1,-1,1,-1,1,1,-1,-1,-1,-1,1,1,1,-1,-1,-1,1,-1,1,-1,-1,-1,-1,-1,1,1,-1,1,-1,-1,1,1,1,-1,-1,1,-1,1,1,1,-1,-1,1,-1,-1,1,1,-1,-1,1,-1,1,-1,1,1,-1,-1,1,-1,1,-1,1,-1,-1,1,-1,-1,-1,1,-1,-1,1,-1,1,-1,1,-1,-1,1,-1,-1,1,1,-1,-1,-1,1,-1,1,1,-1,1,-1,1,-1,-1,1,1,1,-1,1,-1,1,-1,1,-1,1,-1,1,1,-1,-1,1,1,1,-1,1,-1,1,-1,1,1,1,-1,-1,-1,-1,-1,1,1,1,-1,-1,-1,1,1,-1,1,-1,-1,-1,1,1,-1,1,-1,-1,1,1,1,-1,1,-1,-1,-1,-1,1,1,1,-1,1,-1,-1,1,-1,1,-1,-1,1,1,-1,-1,1,1,-1,-1,-1,-1,-1,1,1,-1,-1,-1,1,-1,-1,1,-1,-1,1,-1,1,1,-1,-1,-1,-1,-1,1,1,-1,1,-1,-1,1,1,1,1,-1,-1,-1,-1,-1,1,-1,1,-1,-1,1,-1,1,1,-1,1,-1,-1,1,1,1,-1,1,-1,1,-1,1,1,-1,-1,-1,-1,-1,1,1,-1,1,-1,1,-1,1,1,1,-1,1,-1,-1,1,1,-1,-1,-1,1,-1,1,1,-1,-1,1,-1,-1,-1,-1,1,-1,1,-1,-1,1,-1,-1,1,-1,1,-1,-1,1,-1,1,-1,1,-1,1,-1,1,-1,1,-1,-1,-1,1,-1,1,-1,-1,-1,-1,1,-1,1,-1,1,-1,-1,1,-1,1,1,-1,-1,-1,-1,1,1,1,1,-1,-1,1,-1,-1,1,1,-1,-1,-1,-1,1,-1,1,-1,-1,1,1,-1,1,1,-1,-1,1,-1,-1,1,1,-1,-1,-1,-1,1,-1,1,-1,-1,-1,-1,-1,1,-1,-1,1,-1,-1,1,-1,1,-1,-1,-1,-1,-1,1,1,1,-1,-1,-1,1,1,1,-1,-1,-1,1,-1,-1,1,-1,-1,-1,-1,1,1,1,-1,-1,-1,-1,1,-1,1,1,-1,1,-1,-1,1,1,-1,-1,-1,-1,-1,-1,1,1,-1,-1,1,-1,1,1,-1,-1,-1,1,-1,1,1,-1,-1,1,-1,-1,1,1,1,-1,1,-1,1,1,1,-1,-1,1,-1,-1,1,1,1,-1,1,-1,-1,1,1,-1,1,1,-1,-1,1,1,1,1,1,-1,-1,1,-1,-1,1,1,-1,-1,1,1,1,1,1,1,-1,1,1,1,-1,1,-1,-1,1,-1,1,1,1,1,-1,-1,1,-1,1,1,1,-1,1,1,1,1,-1,1,-1,1,1,1,1,1,1,-1,1,-1,1,1,1,-1,1,1,1,1,1,1,-1,1,-1,1,1,1,-1,-1,1,1,1,1,-1,1,-1,-1,1,-1,1,1,-1,1,-1,1,1,1,1,-1,-1,-1,1,1,1,1,-1,-1,1,1,-1,1,1,-1,1,-1,1,-1,1,1,-1,1,-1,1,-1,-1,1,1,1,1,1,1,1,1,-1,-1,1,-1,1,-1,1,-1,1,-1,-1,1,1,-1,-1,1,-1,1,-1,1,1,-1,1,1,1,1,1,-1,-1,-1,1,-1,-1,-1,-1,-1,1,-1,1,1,1,-1,1,1,1,-1,1,1,1,-1,1,1,1,1,1,-1,-1,1,1,1,1,1,-1,-1,-1,1,-1,1,1,-1,-1,1,1,1,-1,1,1,-1,1,1,1,1,1,1,-1,-1,1,1,1,1,1,-1,1,-1,1,1,-2662.0,1,2000,445,1000,True
2263,1,1,-1,-1,1,1,-1,1,1,1,1,-1,-1,1,1,1,-1,1,-1,-1,-1,1,1,1,1,-1,-1,-1,1,1,1,1,1,-1,-1,1,-1,1,1,1,-1,-1,1,1,1,1,1,-1,1,-1,1,1,-1,1,-1,-1,1,-1,1,1,1,-1,-1,-1,1,1,1,1,-1,-1,1,-1,1,1,1,-1,-1,1,-1,1,1,-1,-1,-1,-1,1,1,1,-1,-1,1,1,-1,1,1,-1,-1,-1,-1,1,1,1,-1,-1,1,-1,-1,1,1,-1,-1,-1,-1,-1,1,1,-1,-1,1,-1,-1,1,1,1,-1,-1,-1,-1,1,1,1,-1,1,-1,-1,1,1,1,-1,1,-1,-1,1,1,1,-1,1,-1,-1,-1,1,1,-1,-1,1,-1,-1,1,1,-1,1,1,-1,1,1,1,-1,1,1,-1,1,1,-1,-1,1,-1,-1,1,1,-1,1,-1,1,-1,1,1,-1,1,1,-1,-1,-1,1,1,1,1,1,-1,1,1,-1,1,1,1,-1,1,1,1,-1,1,1,-1,1,1,-1,1,1,1,-1,1,1,1,1,1,1,1,-1,1,-1,-1,1,1,-1,-1,1,1,-1,1,1,-1,-1,1,-1,1,1,1,1,-1,1,1,-1,1,1,-1,1,1,-1,1,1,1,-1,-1,1,-1,1,-1,1,1,1,1,-1,1,-1,1,1,1,1,-1,1,-1,1,1,1,1,-1,-1,1,1,1,1,1,1,-1,1,1,-1,-1,1,1,-1,-1,1,1,1,1,-1,1,-1,1,1,1,-1,1,-1,-1,1,1,1,1,-1,1,-1,1,-1,1,1,1,1,-1,1,1,1,1,1,-1,-1,1,1,1,1,1,1,1,1,1,1,1,1,-1,1,1,1,-1,1,1,-1,1,1,1,-1,1,1,1,-1,1,-1,1,1,1,1,-1,1,1,-1,1,1,1,1,1,1,-1,-1,1,1,-1,1,1,1,1,1,1,-1,-1,1,-1,-1,1,1,1,-1,1,1,1,1,1,-1,1,1,-1,-1,1,1,-1,1,1,-1,1,-1,1,-1,1,-1,1,-1,1,-1,-1,1,-1,1,-1,-1,1,-1,1,1,1,-1,1,-1,-1,-1,1,-1,1,-1,-1,1,1,1,-1,1,-1,-1,1,1,1,-1,1,1,-1,1,1,1,1,1,-1,-1,1,-1,1,-1,1,-1,-1,-1,-1,-1,1,1,-1,-1,1,-1,1,1,-1,-1,-1,-1,1,1,1,1,-1,-1,1,-1,1,-1,-1,1,-1,-1,1,1,-1,1,-1,-1,1,1,1,-1,-1,1,-1,1,1,1,-1,-1,1,-1,-1,1,1,-1,-1,1,-1,1,-1,1,1,-1,-1,1,-1,1,-1,1,-1,-1,1,-1,-1,-1,1,-1,-1,1,-1,1,-1,1,-1,-1,1,-1,-1,1,1,-1,-1,-1,1,-1,1,1,-1,1,-1,1,-1,-1,1,1,1,-1,1,-1,1,-1,1,-1,1,-1,1,1,-1,-1,1,1,1,-1,1,-1,1,-1,1,1,1,-1,-1,-1,-1,-1,1,-1,1,-1,-1,-1,1,1,-1,1,-1,-1,-1,1,1,-1,1,-1,-1,1,1,1,-1,1,-1,-1,-1,-1,1,1,1,-1,1,-1,-1,1,-1,1,-1,-1,1,1,-1,-1,1,1,-1,-1,-1,-1,-1,1,1,-1,-1,-1,1,-1,1,1,-1,-1,1,-1,1,1,-1,-1,-1,-1,-1,1,1,-1,1,-1,-1,1,1,1,1,-1,-1,-1,-1,-1,1,-1,1,-1,-1,1,-1,1,1,-1,1,-1,-1,1,1,1,-1,1,-1,1,-1,1,1,-1,-1,-1,-1,-1,1,1,-1,1,-1,1,-1,1,1,1,-1,1,-1,-1,1,1,-1,-1,-1,1,-1,1,1,-1,-1,1,-1,-1,-1,-1,1,-1,1,-1,-1,1,-1,-1,1,-1,1,-1,-1,1,-1,1,-1,1,-1,1,-1,1,-1,1,-1,-1,-1,1,-1,1,-1,-1,-1,-1,1,-1,1,-1,1,-1,-1,1,-1,1,1,-1,-1,-1,-1,1,1,1,1,-1,-1,1,-1,-1,1,1,-1,-1,-1,-1,1,-1,1,-1,-1,1,1,1,1,1,-1,-1,1,-1,-1,1,1,-1,-1,-1,-1,1,-1,1,-1,-1,-1,-1,-1,1,-1,-1,1,-1,-1,1,-1,1,-1,-1,-1,-1,1,-1,1,1,-1,-1,-1,-1,1,1,-1,-1,-1,1,1,-1,1,-1,-1,-1,-1,-1,1,1,-1,-1,-1,-1,-1,1,1,1,-1,1,-1,1,-1,1,-1,-1,-1,-1,-1,-1,1,1,-1,-1,1,-1,1,1,-1,-1,-1,1,-1,1,1,-1,-1,1,-1,-1,1,1,1,-1,1,-1,1,1,1,-1,-1,1,-1,1,1,1,1,-1,1,-1,-1,1,1,-1,1,1,-1,-1,1,1,1,1,1,-1,-1,1,-1,1,1,1,-1,-1,1,1,1,1,1,1,-1,1,1,1,1,1,-1,-1,1,-1,1,1,1,1,-1,-1,1,-1,1,1,1,-1,-1,1,1,1,-1,1,-1,1,1,1,1,1,1,-1,1,-1,1,1,1,-1,1,1,1,1,1,1,-1,1,-1,1,1,1,-1,-1,-1,1,1,1,-1,1,-1,1,1,-1,1,1,-1,1,-1,1,1,1,1,-1,-1,-1,1,1,1,1,-1,-1,1,1,-1,1,1,-1,1,-1,1,-1,1,1,-1,1,-1,1,-1,1,1,1,1,1,1,1,1,1,-1,-1,1,-1,1,1,1,-1,1,-1,1,1,1,-1,-1,1,1,1,-1,1,1,-1,1,-1,1,1,1,-1,-1,-1,1,-1,-1,-1,-1,-1,1,-1,1,1,1,-1,1,1,1,-1,1,1,1,-1,1,1,1,1,1,-1,-1,1,1,1,1,1,-1,-1,-1,1,-1,1,1,-1,-1,1,1,1,-1,1,1,-1,1,1,1,1,1,1,-1,-1,1,-1,1,-1,1,-1,1,-1,1,1,-2662.0,1,2000,445,1000,True
2264,-1,-1,1,1,1,1,-1,1,-1,-1,-1,1,-1,1,-1,-1,1,-1,1,1,1,1,-1,-1,-1,1,-1,-1,-1,-1,-1,-1,1,1,-1,1,1,-1,-1,-1,1,-1,1,-1,-1,-1,1,-1,1,-1,-1,-1,1,-1,1,-1,-1,1,-1,1,1,1,1,1,-1,1,-1,-1,-1,-1,1,-1,1,1,1,-1,1,1,-1,-1,1,-1,-1,1,-1,-1,-1,1,-1,1,-1,-1,-1,1,1,-1,-1,1,-1,1,1,1,-1,-1,1,-1,-1,1,1,-1,-1,1,-1,-1,1,1,-1,-1,1,-1,-1,1,1,1,-1,1,-1,-1,1,1,1,-1,1,-1,-1,1,1,1,-1,1,-1,-1,1,1,1,-1,-1,-1,-1,1,1,1,-1,1,1,-1,1,1,1,-1,1,1,-1,1,1,1,-1,1,-1,1,1,1,-1,-1,1,-1,1,1,1,-1,1,-1,1,1,1,1,-1,1,1,-1,1,1,1,-1,1,1,-1,1,1,1,1,-1,1,-1,-1,1,1,-1,-1,1,-1,1,-1,1,-1,1,1,-1,1,1,1,1,1,1,-1,-1,1,1,-1,-1,1,-1,1,1,-1,1,-1,1,-1,1,1,1,-1,1,1,-1,1,1,1,-1,1,1,-1,1,1,1,1,1,1,-1,1,-1,-1,1,1,-1,1,-1,1,-1,1,1,-1,-1,-1,1,1,1,1,-1,1,-1,-1,1,-1,1,1,1,-1,-1,1,1,1,1,1,-1,1,1,-1,1,-1,1,-1,1,1,1,1,-1,1,1,-1,1,1,1,1,1,-1,-1,1,-1,1,-1,1,1,-1,1,1,1,-1,1,-1,-1,1,1,1,-1,1,-1,-1,1,1,1,-1,1,-1,-1,1,1,-1,1,1,-1,1,-1,1,-1,-1,1,-1,1,1,1,1,1,1,-1,1,1,1,1,1,-1,-1,1,1,1,1,1,-1,-1,1,-1,1,1,1,-1,-1,1,-1,1,-1,1,1,-1,1,-1,1,1,1,1,-1,-1,1,1,1,-1,-1,-1,1,1,-1,-1,1,1,-1,1,-1,1,-1,1,-1,1,1,-1,1,1,1,1,-1,1,-1,1,-1,1,-1,-1,1,-1,1,1,1,1,-1,1,1,-1,1,1,-1,-1,1,-1,-1,1,-1,1,-1,-1,1,-1,1,1,-1,-1,1,1,-1,1,-1,1,-1,-1,1,-1,1,-1,-1,-1,-1,1,-1,-1,1,1,-1,-1,1,-1,1,1,-1,1,-1,1,-1,1,-1,1,-1,-1,-1,-1,-1,-1,-1,1,-1,1,-1,1,-1,1,-1,-1,-1,1,1,1,1,-1,-1,-1,-1,1,-1,-1,-1,-1,-1,1,-1,1,1,-1,1,-1,-1,1,-1,-1,1,-1,-1,-1,-1,-1,1,-1,1,-1,-1,-1,-1,1,-1,1,-1,-1,1,-1,1,1,1,-1,-1,-1,1,1,-1,1,-1,-1,-1,1,1,1,-1,1,1,-1,1,1,1,1,1,-1,1,-1,1,1,-1,1,-1,1,1,-1,1,1,-1,1,-1,-1,1,-1,1,-1,1,1,-1,1,1,1,-1,1,1,-1,-1,1,1,-1,-1,-1,-1,1,1,1,-1,-1,-1,-1,1,1,1,-1,1,1,1,-1,1,1,-1,1,1,-1,1,1,1,-1,-1,1,-1,-1,1,1,1,1,1,1,1,1,1,1,1,1,-1,1,1,-1,1,1,1,-1,1,1,-1,1,1,1,-1,1,1,1,-1,1,-1,1,1,1,-1,1,1,1,-1,1,1,1,1,1,1,1,1,1,-1,1,1,1,1,1,1,-1,1,-1,1,-1,1,-1,1,1,1,1,1,1,1,-1,1,-1,1,1,1,1,-1,1,1,-1,1,1,-1,-1,1,1,1,1,1,1,-1,1,1,1,-1,1,-1,1,-1,1,1,-1,1,-1,1,1,-1,1,1,1,-1,-1,1,-1,1,-1,-1,-1,1,-1,-1,1,-1,1,-1,-1,1,-1,1,-1,1,-1,-1,1,-1,1,-1,1,-1,-1,1,-1,1,-1,1,-1,-1,-1,-1,1,1,1,-1,1,1,-1,1,1,1,-1,-1,-1,1,-1,1,1,-1,-1,-1,-1,-1,1,1,-1,1,-1,1,-1,1,1,-1,-1,-1,-1,-1,1,-1,-1,-1,-1,-1,1,-1,-1,1,-1,-1,1,-1,1,-1,-1,-1,-1,1,-1,1,1,-1,-1,-1,1,1,1,1,-1,1,-1,1,-1,1,-1,-1,-1,-1,-1,1,1,1,-1,-1,-1,1,-1,1,1,-1,1,-1,-1,1,1,1,-1,-1,-1,-1,-1,1,-1,-1,-1,1,-1,1,1,1,-1,-1,1,-1,1,1,1,-1,1,1,-1,1,1,1,-1,1,-1,1,1,1,-1,-1,1,-1,-1,1,1,1,1,-1,-1,-1,1,1,1,-1,1,-1,-1,1,1,1,1,-1,1,-1,1,1,-1,1,1,-1,-1,1,1,-1,1,1,-1,-1,1,1,1,1,-1,-1,-1,1,-1,-1,1,1,-1,-1,-1,1,-1,1,1,-1,-1,1,1,-1,1,1,-1,-1,1,1,-1,1,1,-1,-1,-1,1,1,1,1,-1,1,-1,1,1,1,-1,-1,1,-1,1,1,1,-1,-1,1,-1,1,1,-1,1,-1,-1,-1,1,-1,1,1,-1,-1,-1,1,-1,1,-1,-1,-1,-1,1,-1,1,-1,1,-1,-1,-1,1,1,-1,1,-1,-1,1,-1,1,1,-1,1,-1,1,-1,1,1,-1,1,-1,-1,1,1,-1,-1,1,1,1,1,-1,-1,1,-1,-1,1,1,-1,-1,1,-1,-1,-1,-1,1,-1,1,-1,1,1,-1,1,-1,1,-1,-1,-1,-1,-1,-1,1,-1,1,1,1,-1,1,1,-1,1,1,-1,-1,-1,1,-1,1,1,1,1,-1,1,-1,1,1,1,-1,-1,1,-1,1,1,1,1,-1,1,-1,1,1,-1,-1,-1,1,-1,-1,1,1,-1,-1,-1,1,-1,1,-1,1,-1,1,-1,-1,1,-2662.0,1,2000,445,1500,True
2265,-1,-1,1,1,1,1,-1,1,-1,-1,-1,1,-1,1,-1,-1,1,-1,1,1,-1,1,-1,-1,-1,1,-1,-1,-1,-1,-1,-1,1,1,-1,1,1,-1,-1,-1,1,-1,1,-1,-1,-1,1,1,-1,-1,1,-1,1,1,1,-1,-1,1,-1,-1,1,1,1,1,-1,-1,-1,1,1,-1,1,-1,-1,-1,1,-1,-1,1,-1,-1,-1,1,1,-1,-1,-1,-1,1,1,1,-1,-1,-1,-1,1,1,-1,1,-1,1,-1,1,1,-1,1,-1,-1,-1,1,1,-1,1,-1,1,-1,1,1,-1,1,-1,-1,-1,1,1,-1,1,-1,-1,1,1,1,-1,1,-1,-1,1,1,1,-1,-1,-1,-1,1,1,1,-1,1,-1,-1,-1,1,1,-1,-1,1,-1,1,1,1,-1,1,-1,-1,-1,1,1,-1,1,1,-1,1,1,-1,-1,1,-1,-1,-1,1,-1,1,-1,1,-1,1,1,-1,1,1,-1,-1,1,1,1,1,1,1,-1,1,1,-1,1,1,1,-1,1,1,1,-1,1,1,-1,1,1,-1,1,1,1,1,1,1,1,1,1,1,1,-1,1,-1,-1,1,1,-1,1,-1,1,-1,1,1,1,1,1,-1,1,1,1,1,1,-1,1,-1,1,1,1,1,1,-1,1,1,1,1,-1,1,-1,1,-1,1,-1,-1,1,-1,1,-1,1,1,1,1,-1,1,-1,1,-1,1,1,-1,-1,1,1,1,1,1,1,-1,1,1,1,-1,-1,1,1,-1,1,-1,-1,-1,1,-1,-1,-1,1,1,-1,1,1,1,1,-1,-1,-1,1,-1,-1,-1,1,-1,-1,1,1,-1,1,-1,-1,-1,1,1,-1,-1,-1,-1,1,1,-1,-1,1,-1,-1,1,1,-1,1,-1,-1,1,-1,1,1,-1,-1,-1,1,1,1,-1,1,1,-1,-1,1,1,-1,1,-1,-1,-1,1,1,-1,1,-1,-1,1,-1,1,-1,1,-1,-1,1,-1,1,-1,1,1,-1,1,-1,1,1,-1,1,-1,-1,1,1,-1,1,-1,-1,1,1,-1,-1,1,1,-1,1,-1,1,-1,1,-1,1,1,-1,1,1,1,-1,1,1,-1,1,-1,1,-1,-1,1,-1,1,1,1,1,-1,1,1,1,1,1,-1,-1,1,-1,-1,1,-1,1,-1,-1,1,-1,1,-1,-1,-1,-1,1,-1,1,-1,1,-1,-1,1,-1,1,1,-1,-1,-1,1,-1,-1,1,1,-1,-1,1,-1,1,1,-1,1,-1,1,-1,-1,1,1,-1,-1,-1,-1,1,1,-1,1,-1,1,-1,1,-1,1,-1,-1,-1,-1,1,-1,1,-1,-1,-1,-1,1,-1,-1,-1,-1,-1,-1,1,-1,1,-1,1,-1,-1,1,-1,-1,1,-1,-1,-1,1,1,1,-1,1,-1,-1,-1,-1,1,-1,1,-1,-1,1,-1,1,1,1,-1,-1,-1,1,1,-1,1,-1,-1,-1,1,1,1,-1,1,1,-1,1,1,1,1,1,1,1,-1,1,1,-1,1,-1,1,1,-1,1,-1,-1,1,-1,-1,1,-1,-1,1,1,1,-1,1,1,-1,1,1,1,-1,-1,1,-1,-1,1,-1,-1,1,1,-1,-1,-1,-1,-1,1,1,-1,1,1,1,1,-1,1,-1,-1,1,1,-1,1,1,-1,-1,-1,1,-1,-1,1,1,-1,1,1,1,1,1,-1,1,1,1,-1,1,1,1,-1,1,1,-1,1,1,-1,1,1,1,-1,1,1,-1,-1,1,-1,1,-1,1,-1,1,1,1,-1,1,1,-1,1,1,1,1,1,1,1,1,1,1,1,1,1,-1,1,-1,1,-1,1,1,1,1,1,1,1,1,1,-1,1,-1,1,1,1,1,1,-1,1,-1,1,1,1,1,1,1,1,1,1,1,-1,1,1,-1,-1,1,-1,-1,1,1,1,-1,1,1,-1,1,-1,1,1,1,-1,-1,1,-1,1,-1,1,1,-1,1,-1,1,-1,1,-1,1,1,-1,1,-1,1,1,-1,1,-1,1,-1,1,1,-1,1,-1,1,-1,1,1,-1,1,1,1,1,1,-1,1,1,-1,1,1,1,1,-1,1,-1,1,-1,1,1,-1,1,1,-1,1,1,-1,1,1,1,-1,1,1,1,-1,1,-1,-1,1,1,-1,1,1,-1,1,-1,1,-1,-1,1,1,-1,1,1,-1,-1,1,1,-1,1,1,-1,-1,-1,1,1,1,1,-1,1,1,1,-1,1,1,-1,-1,1,-1,1,1,1,-1,-1,-1,1,-1,1,1,-1,1,-1,-1,1,1,1,-1,-1,-1,-1,-1,1,-1,-1,-1,1,-1,1,1,-1,-1,-1,-1,-1,1,1,1,-1,1,-1,-1,1,1,1,-1,1,-1,1,1,1,-1,-1,1,-1,-1,1,1,-1,-1,1,-1,-1,1,1,-1,1,1,-1,-1,1,1,-1,-1,1,-1,-1,1,1,-1,-1,1,-1,-1,1,1,-1,1,1,1,-1,-1,1,-1,-1,1,-1,-1,1,-1,1,-1,1,1,-1,-1,1,-1,1,1,1,-1,1,1,-1,1,-1,1,-1,1,1,-1,1,1,1,1,-1,1,-1,1,1,-1,1,-1,1,-1,1,1,1,-1,1,1,1,1,-1,1,1,-1,1,1,-1,1,1,-1,-1,1,-1,1,1,-1,1,-1,1,-1,1,-1,-1,1,-1,1,-1,1,-1,1,-1,-1,-1,1,1,-1,-1,1,-1,-1,-1,1,1,-1,1,-1,-1,-1,1,1,-1,1,-1,-1,1,1,-1,-1,-1,1,-1,1,1,-1,1,1,-1,1,1,-1,-1,1,1,-1,-1,-1,1,-1,1,1,-1,1,1,-1,-1,-1,-1,1,-1,-1,-1,-1,1,-1,-1,1,1,-1,1,1,-1,1,1,1,1,-1,1,-1,1,1,1,1,-1,1,-1,1,1,1,1,-1,1,-1,-1,1,1,1,-1,1,-1,1,1,1,-1,-1,1,-1,-1,1,1,-1,-1,-1,1,-1,1,1,1,-1,1,-1,-1,1,-2662.0,1,2000,445,1500,True
2266,1,1,-1,-1,1,1,-1,1,1,1,1,-1,-1,1,1,1,-1,1,-1,-1,-1,1,1,1,1,1,-1,-1,1,1,1,1,-1,-1,-1,1,-1,1,1,1,-1,-1,1,1,1,1,1,1,-1,-1,1,1,-1,1,-1,-1,1,-1,1,1,1,-1,-1,1,1,1,1,1,1,-1,1,-1,1,1,1,1,-1,1,-1,1,1,1,1,-1,-1,1,1,1,1,-1,1,1,-1,1,1,1,1,-1,-1,1,1,1,1,1,1,-1,-1,1,1,1,1,-1,-1,-1,1,1,1,1,1,-1,-1,1,1,1,1,-1,-1,-1,1,1,1,1,1,-1,-1,1,1,1,1,1,-1,-1,1,1,1,1,1,-1,-1,-1,1,1,1,1,1,-1,-1,1,1,1,1,-1,-1,-1,1,1,1,1,1,-1,1,1,1,1,1,-1,-1,1,1,1,1,-1,1,-1,1,1,1,1,1,-1,-1,-1,1,1,1,1,1,-1,1,1,-1,-1,1,1,-1,1,1,1,1,1,1,-1,1,1,-1,-1,1,1,-1,1,1,1,1,1,1,1,-1,1,-1,1,1,1,-1,-1,1,1,1,1,1,-1,-1,1,-1,-1,1,1,1,-1,1,-1,1,1,1,-1,1,1,1,1,-1,1,-1,-1,-1,1,1,1,1,1,-1,-1,1,1,-1,1,1,1,1,1,1,-1,1,1,1,1,-1,1,1,1,1,1,1,1,1,1,1,-1,-1,1,1,1,-1,1,1,-1,-1,1,1,-1,1,1,1,-1,1,1,1,1,1,1,-1,-1,1,-1,1,-1,1,-1,1,1,-1,1,1,1,-1,1,-1,1,1,1,-1,1,1,-1,1,1,1,-1,1,1,-1,1,1,1,-1,1,1,1,-1,1,1,1,1,1,-1,1,1,-1,1,1,1,-1,1,1,1,-1,1,1,-1,1,1,1,1,-1,1,1,1,1,1,1,1,1,-1,1,-1,1,-1,1,1,1,-1,-1,1,1,-1,1,-1,1,1,1,-1,1,1,1,1,-1,1,-1,1,-1,-1,1,1,-1,1,-1,1,-1,1,1,-1,1,-1,1,1,1,1,1,1,-1,1,-1,-1,-1,1,1,1,-1,-1,1,1,1,-1,1,-1,1,-1,1,1,-1,1,-1,-1,1,1,1,-1,1,-1,1,-1,-1,1,1,1,-1,-1,-1,-1,-1,1,1,-1,-1,1,-1,1,1,-1,-1,1,-1,1,1,1,1,-1,-1,1,-1,1,-1,-1,1,-1,-1,1,1,-1,1,-1,-1,1,1,1,-1,-1,1,-1,1,1,1,-1,-1,-1,-1,-1,1,1,-1,-1,1,-1,1,-1,1,1,-1,-1,1,-1,1,-1,1,-1,-1,1,-1,-1,-1,1,-1,-1,-1,-1,1,-1,1,-1,-1,1,-1,-1,1,1,-1,-1,-1,-1,-1,1,1,-1,-1,-1,1,-1,-1,1,1,1,-1,1,-1,1,-1,1,1,1,-1,1,1,-1,-1,1,1,1,-1,1,-1,1,-1,1,1,1,-1,-1,-1,1,-1,1,1,1,-1,-1,-1,1,1,-1,1,-1,-1,-1,1,1,-1,1,-1,-1,1,1,1,-1,1,-1,-1,-1,-1,1,1,1,-1,1,-1,-1,1,-1,1,-1,1,1,1,-1,-1,1,1,-1,-1,-1,-1,-1,1,1,-1,-1,-1,1,-1,1,1,-1,-1,1,-1,1,1,-1,-1,-1,-1,-1,1,1,-1,1,-1,-1,1,1,1,1,-1,-1,-1,-1,-1,1,-1,1,-1,-1,1,-1,1,1,-1,1,-1,-1,1,1,1,-1,1,-1,1,-1,1,1,-1,-1,-1,-1,-1,1,1,-1,1,-1,1,-1,1,1,-1,-1,1,-1,-1,1,1,-1,-1,-1,1,-1,1,1,1,-1,1,-1,-1,-1,-1,1,-1,1,-1,-1,1,-1,-1,1,-1,1,-1,-1,1,-1,1,-1,1,-1,1,-1,1,-1,1,-1,-1,-1,1,-1,1,-1,-1,-1,-1,1,-1,1,-1,1,-1,-1,1,-1,1,1,-1,-1,-1,-1,1,1,1,1,-1,-1,1,1,-1,1,1,-1,-1,-1,1,-1,1,-1,-1,-1,1,1,1,-1,1,-1,-1,1,1,1,-1,1,-1,-1,-1,-1,-1,-1,1,-1,-1,-1,1,-1,1,-1,-1,1,-1,1,-1,-1,1,-1,-1,-1,1,1,-1,1,1,-1,-1,1,-1,1,1,-1,-1,-1,1,-1,-1,1,-1,-1,-1,1,-1,1,1,-1,-1,-1,-1,-1,1,1,1,-1,1,-1,1,-1,1,-1,-1,-1,-1,-1,-1,1,1,-1,-1,1,-1,1,1,-1,-1,-1,1,-1,1,1,-1,-1,1,1,-1,1,1,1,-1,1,-1,1,1,1,-1,-1,1,-1,-1,1,-1,-1,-1,-1,-1,1,1,1,-1,1,1,-1,-1,1,1,-1,-1,1,-1,-1,1,1,-1,-1,1,-1,-1,1,1,1,-1,-1,-1,-1,1,1,-1,-1,1,-1,-1,1,-1,1,-1,1,-1,-1,-1,1,1,-1,-1,1,-1,1,1,1,-1,1,-1,1,1,1,1,-1,-1,-1,1,-1,1,-1,-1,-1,-1,1,-1,1,-1,-1,-1,-1,1,1,1,1,-1,-1,1,-1,1,1,-1,1,-1,1,1,1,-1,1,-1,1,-1,1,1,1,1,-1,1,-1,1,-1,1,1,-1,-1,1,-1,1,1,1,-1,1,-1,1,1,-1,1,-1,1,-1,1,1,-1,1,-1,1,-1,-1,-1,1,1,-1,-1,-1,-1,-1,1,1,1,-1,1,1,1,1,1,-1,-1,1,1,1,1,1,-1,-1,1,-1,1,1,1,-1,-1,-1,-1,-1,-1,-1,-1,-1,-1,-1,1,1,1,-1,1,1,-1,-1,1,1,-1,-1,1,-1,1,1,1,-1,-1,1,-1,1,1,1,-1,1,1,-1,1,1,1,-1,-1,1,-1,1,-1,1,1,-1,1,-1,-1,1,1,1,-1,1,-1,1,1,1,1,-1,1,-1,-1,1,-2662.0,1,2000,445,1000,True
2267,-1,-1,1,1,1,1,-1,1,-1,-1,-1,1,-1,1,-1,-1,1,-1,1,1,-1,1,-1,-1,-1,1,-1,-1,-1,-1,-1,-1,1,1,-1,1,1,-1,-1,-1,1,-1,1,-1,-1,-1,1,1,-1,-1,-1,-1,1,1,1,-1,-1,1,-1,-1,1,1,1,1,-1,-1,-1,1,1,-1,1,-1,-1,-1,1,-1,-1,1,-1,-1,-1,1,1,-1,-1,-1,-1,1,1,1,-1,-1,-1,-1,1,1,-1,1,-1,1,-1,1,1,-1,1,-1,-1,-1,1,1,-1,1,-1,-1,-1,1,1,-1,1,-1,-1,-1,1,1,-1,1,-1,-1,-1,1,1,-1,1,-1,-1,1,1,1,-1,-1,-1,-1,1,1,1,-1,1,-1,-1,-1,1,1,-1,-1,1,-1,1,1,1,-1,1,1,-1,-1,1,1,-1,1,1,-1,1,1,-1,-1,1,-1,-1,-1,1,-1,1,-1,1,-1,1,1,-1,1,1,-1,-1,1,1,1,1,1,1,-1,1,1,-1,1,1,1,-1,1,1,1,-1,1,1,-1,1,1,-1,1,1,1,1,1,1,1,1,1,1,1,-1,1,-1,-1,1,1,-1,1,-1,1,-1,1,1,1,1,1,-1,-1,1,1,1,1,-1,1,-1,1,1,1,1,1,-1,1,1,1,1,-1,1,-1,1,-1,1,-1,-1,1,-1,1,-1,1,1,-1,1,-1,1,-1,1,-1,1,1,-1,-1,1,1,1,1,1,1,-1,1,1,1,-1,-1,1,1,-1,1,-1,-1,-1,1,-1,-1,1,1,1,-1,1,1,1,1,-1,-1,-1,1,-1,1,-1,1,-1,-1,1,1,-1,1,-1,-1,-1,1,1,1,1,-1,-1,1,1,-1,-1,1,-1,-1,1,1,-1,1,1,-1,1,-1,1,1,-1,1,-1,1,1,1,-1,1,1,-1,-1,1,1,-1,1,-1,-1,-1,1,1,-1,1,-1,-1,1,-1,1,-1,1,-1,-1,1,-1,1,-1,1,1,-1,1,-1,1,1,1,1,-1,-1,1,1,-1,1,-1,-1,1,1,-1,-1,1,1,-1,1,-1,1,-1,1,-1,1,1,-1,1,1,1,-1,1,1,-1,1,-1,1,-1,-1,1,-1,1,1,1,1,-1,1,1,1,1,1,-1,-1,1,-1,-1,1,-1,1,-1,-1,1,-1,1,1,-1,-1,-1,1,-1,1,-1,1,-1,-1,1,-1,1,1,1,-1,-1,1,-1,-1,1,1,-1,-1,1,-1,1,1,1,1,-1,1,-1,-1,1,1,-1,-1,-1,-1,1,1,-1,1,-1,1,-1,1,-1,1,-1,-1,-1,-1,1,-1,1,-1,-1,-1,-1,1,-1,-1,-1,-1,-1,-1,1,-1,1,-1,1,-1,-1,1,-1,-1,1,-1,-1,-1,1,1,1,-1,1,-1,-1,-1,-1,1,-1,1,-1,-1,1,-1,1,1,1,-1,-1,-1,1,1,-1,1,-1,-1,-1,1,1,1,-1,1,1,-1,1,1,1,1,1,1,1,-1,1,1,-1,1,-1,-1,-1,1,-1,-1,-1,1,-1,-1,1,-1,-1,-1,1,1,-1,1,1,-1,-1,1,-1,-1,-1,1,-1,-1,-1,-1,-1,1,1,-1,-1,-1,-1,-1,1,1,-1,-1,1,1,1,-1,1,-1,-1,1,1,-1,1,1,-1,-1,-1,1,-1,-1,1,1,-1,1,1,1,1,1,-1,1,1,1,-1,1,1,1,-1,1,1,-1,1,1,-1,1,1,1,-1,1,1,-1,-1,1,-1,1,1,1,-1,1,1,1,-1,1,1,-1,1,1,1,1,1,1,1,1,1,1,1,1,1,-1,1,-1,1,-1,1,1,1,1,1,1,1,1,1,-1,1,-1,1,1,1,1,1,-1,1,-1,1,1,1,1,1,1,1,1,1,1,-1,1,1,-1,-1,1,-1,-1,1,1,1,-1,1,1,-1,1,-1,-1,1,1,-1,-1,1,-1,1,-1,1,1,-1,1,-1,1,-1,1,-1,1,1,-1,1,-1,1,1,-1,1,-1,1,-1,1,1,-1,1,-1,1,-1,1,1,-1,1,1,1,1,1,1,1,1,-1,1,1,1,1,-1,1,-1,1,-1,1,1,-1,1,1,-1,1,1,-1,1,1,1,-1,1,1,1,-1,1,-1,-1,1,1,-1,1,1,-1,1,-1,1,-1,-1,1,1,-1,1,1,-1,-1,1,1,-1,1,1,-1,-1,-1,1,1,1,1,-1,1,1,1,-1,1,1,-1,-1,1,-1,1,1,-1,-1,-1,-1,1,-1,1,1,-1,1,-1,-1,1,1,1,-1,-1,-1,-1,-1,1,-1,-1,-1,1,-1,1,1,-1,-1,-1,1,-1,1,1,1,-1,1,-1,-1,1,1,1,-1,1,-1,1,1,1,-1,-1,1,-1,-1,1,1,-1,-1,1,-1,-1,1,1,-1,1,1,-1,-1,1,1,-1,1,1,-1,-1,1,1,-1,-1,1,-1,-1,1,1,-1,1,-1,1,-1,-1,1,-1,-1,1,-1,-1,1,-1,-1,-1,1,1,-1,-1,1,-1,1,1,1,-1,1,1,-1,1,-1,1,-1,1,1,-1,1,1,1,1,-1,1,-1,1,1,-1,1,-1,1,-1,1,1,1,-1,1,1,1,1,-1,1,1,-1,1,1,-1,1,1,-1,-1,1,-1,1,1,-1,1,-1,1,-1,1,-1,-1,1,-1,1,-1,1,-1,1,-1,-1,-1,1,1,-1,-1,1,-1,-1,-1,1,-1,-1,1,-1,-1,-1,1,1,-1,-1,-1,-1,1,1,-1,-1,-1,1,-1,1,1,-1,1,1,-1,1,1,-1,-1,1,-1,-1,-1,-1,1,-1,1,1,-1,1,1,-1,-1,-1,-1,1,-1,-1,-1,-1,1,-1,-1,1,1,-1,1,1,-1,1,1,1,1,-1,1,-1,1,1,1,1,-1,1,-1,-1,1,1,1,-1,1,-1,1,1,1,1,-1,1,-1,1,1,1,-1,-1,1,-1,-1,1,1,-1,-1,-1,1,-1,1,-1,1,-1,1,-1,-1,1,-2662.0,1,2000,445,1500,True
2268,1,1,1,1,1,1,-1,1,1,-1,-1,1,-1,1,1,1,1,-1,1,1,-1,1,1,-1,-1,1,-1,-1,1,1,1,-1,1,1,-1,1,-1,1,-1,-1,1,-1,1,1,1,-1,-1,1,-1,-1,1,-1,1,-1,1,-1,1,-1,1,-1,-1,1,1,-1,1,1,1,-1,-1,-1,1,-1,1,1,-1,-1,-1,-1,1,1,1,1,1,-1,-1,1,1,-1,-1,1,-1,1,-1,1,-1,-1,-1,1,-1,-1,1,1,-1,-1,1,-1,-1,1,1,-1,-1,1,-1,-1,1,1,-1,-1,1,-1,-1,1,1,-1,-1,1,-1,-1,1,1,-1,-1,-1,-1,-1,1,1,1,-1,-1,-1,-1,-1,1,1,-1,1,-1,-1,-1,1,-1,-1,-1,1,-1,1,1,1,-1,1,1,-1,-1,1,1,-1,1,1,-1,1,1,-1,-1,-1,-1,-1,1,1,-1,-1,1,1,-1,1,1,-1,-1,-1,-1,-1,-1,1,-1,1,-1,1,-1,-1,1,-1,1,-1,1,-1,-1,1,-1,-1,1,1,-1,1,1,1,-1,1,1,-1,1,1,-1,-1,-1,1,1,-1,1,-1,-1,1,1,1,-1,1,-1,-1,-1,1,-1,-1,1,-1,1,-1,1,1,-1,1,-1,1,-1,1,-1,1,1,-1,1,-1,1,-1,-1,1,1,-1,-1,1,1,1,1,1,-1,-1,1,1,1,1,1,-1,-1,1,1,1,1,1,-1,-1,1,1,1,1,1,1,-1,1,1,-1,1,1,-1,-1,1,1,1,1,1,1,-1,1,1,1,-1,1,1,-1,1,1,1,1,-1,1,-1,1,-1,1,1,1,1,-1,1,1,1,1,1,-1,-1,1,1,1,1,1,1,-1,1,1,1,1,1,-1,1,1,1,-1,1,1,-1,-1,1,1,1,1,1,1,1,-1,1,1,1,1,1,1,1,1,1,1,1,1,1,1,1,-1,1,1,1,1,1,1,1,-1,1,-1,1,-1,1,-1,1,1,1,1,-1,1,1,-1,1,1,-1,1,-1,-1,-1,-1,-1,1,1,1,-1,1,1,-1,1,1,-1,-1,1,1,1,1,1,-1,1,1,1,-1,1,1,-1,-1,-1,1,1,1,-1,-1,-1,1,-1,1,1,1,1,1,-1,-1,1,-1,1,-1,-1,1,-1,-1,1,1,-1,1,1,-1,1,-1,-1,1,-1,1,-1,1,1,-1,-1,-1,1,-1,-1,1,-1,1,-1,1,-1,1,1,1,1,-1,1,-1,1,1,-1,1,-1,1,-1,1,1,1,1,1,1,-1,1,-1,1,-1,1,-1,1,1,-1,1,-1,1,-1,-1,1,-1,1,-1,1,-1,-1,1,-1,-1,1,1,-1,-1,1,-1,1,1,1,1,-1,-1,1,-1,-1,1,1,-1,-1,1,1,-1,1,-1,-1,-1,1,-1,1,1,1,-1,-1,1,-1,-1,1,1,1,-1,1,-1,-1,1,1,1,-1,1,-1,1,1,1,-1,1,-1,1,1,-1,-1,1,1,1,-1,1,-1,1,-1,1,1,1,-1,-1,-1,-1,-1,1,-1,1,-1,-1,-1,1,1,-1,1,-1,-1,-1,1,1,-1,1,-1,-1,1,1,1,-1,1,-1,-1,-1,-1,1,1,1,-1,1,-1,-1,1,-1,1,-1,-1,1,1,-1,-1,1,1,-1,-1,-1,-1,-1,1,1,-1,-1,1,-1,-1,-1,1,-1,-1,1,-1,1,1,-1,-1,-1,-1,-1,1,1,-1,1,-1,-1,1,1,1,1,-1,1,-1,-1,-1,1,1,-1,1,-1,1,-1,1,1,-1,-1,1,1,1,1,1,-1,1,1,-1,-1,1,1,-1,-1,1,-1,-1,1,1,-1,-1,1,1,-1,1,1,-1,-1,1,1,-1,1,1,-1,-1,1,1,-1,1,1,-1,-1,1,-1,-1,1,-1,1,-1,1,-1,-1,1,-1,-1,1,-1,1,-1,1,1,-1,1,1,-1,-1,1,-1,-1,1,-1,-1,-1,1,1,-1,1,1,-1,-1,-1,1,-1,1,1,-1,1,-1,1,-1,1,1,-1,-1,-1,-1,1,1,1,-1,-1,-1,1,-1,-1,-1,-1,1,-1,-1,-1,1,-1,-1,1,-1,1,1,-1,1,-1,1,-1,1,-1,-1,1,-1,1,-1,-1,-1,1,1,-1,-1,-1,-1,-1,1,-1,-1,-1,1,-1,-1,1,-1,1,-1,-1,-1,-1,-1,-1,-1,1,-1,-1,-1,1,1,-1,1,-1,-1,1,-1,-1,-1,1,-1,-1,-1,1,1,1,1,1,-1,-1,1,-1,1,1,-1,1,-1,-1,1,1,1,-1,-1,-1,-1,-1,1,-1,1,-1,1,-1,1,1,1,1,-1,-1,-1,1,1,1,1,-1,1,-1,1,1,-1,1,-1,-1,1,1,1,1,-1,1,-1,-1,1,1,1,1,-1,-1,-1,1,1,1,1,-1,-1,-1,1,1,1,1,1,-1,-1,1,1,1,1,1,-1,-1,1,1,-1,1,1,-1,-1,1,1,-1,1,-1,-1,-1,1,-1,1,1,1,-1,-1,-1,1,-1,1,1,-1,-1,1,1,-1,1,1,-1,-1,1,1,-1,1,1,-1,-1,-1,1,1,1,1,-1,1,-1,1,1,1,-1,-1,1,-1,1,1,1,1,-1,1,-1,1,1,-1,1,-1,-1,-1,1,-1,1,-1,1,-1,-1,1,-1,1,1,-1,-1,-1,1,-1,1,1,1,-1,-1,-1,1,1,-1,1,-1,-1,1,-1,1,-1,1,-1,1,-1,-1,1,1,1,1,-1,-1,1,1,1,1,1,1,-1,1,1,-1,1,-1,-1,1,1,1,1,1,-1,-1,-1,-1,1,1,1,1,-1,1,1,-1,1,1,-1,1,-1,-1,1,1,1,-1,-1,1,1,-1,1,1,-1,1,1,1,1,1,1,-1,1,1,1,1,1,1,-1,-1,-1,1,1,1,1,-1,1,1,1,1,-1,1,-1,1,1,1,-1,1,1,-1,-1,1,1,-1,1,1,1,-1,1,1,-1,1,1,-1,-1,1,-2662.0,1,2000,445,500,True
2269,-1,-1,1,1,1,1,-1,1,-1,-1,-1,1,-1,1,-1,-1,1,-1,1,1,-1,1,-1,-1,-1,1,-1,-1,-1,-1,-1,-1,1,1,-1,1,1,-1,-1,-1,1,-1,1,-1,-1,-1,1,1,-1,-1,1,-1,1,1,1,-1,-1,1,-1,-1,1,1,1,1,-1,-1,-1,1,1,-1,1,-1,-1,-1,1,-1,-1,1,-1,-1,-1,-1,1,-1,-1,-1,-1,1,1,1,-1,-1,-1,-1,1,1,-1,1,-1,1,-1,1,1,-1,1,-1,-1,-1,1,1,-1,1,-1,1,-1,1,1,-1,1,-1,-1,-1,1,1,-1,1,-1,-1,1,1,1,-1,1,-1,-1,1,1,1,-1,-1,-1,-1,1,1,1,-1,1,-1,-1,-1,1,1,-1,-1,1,-1,1,1,1,-1,1,1,-1,-1,1,1,-1,1,1,-1,1,1,1,-1,1,-1,-1,-1,1,1,1,-1,1,-1,1,1,1,1,1,-1,-1,1,1,1,1,1,1,-1,1,1,-1,1,1,1,-1,1,1,1,-1,1,1,-1,1,1,-1,-1,1,1,-1,1,1,1,1,1,1,1,-1,1,-1,1,1,1,1,1,-1,1,1,1,1,-1,1,1,-1,1,1,1,1,1,-1,-1,1,1,1,-1,-1,-1,1,1,1,1,-1,1,-1,1,1,-1,1,1,-1,-1,1,1,-1,1,1,-1,-1,1,1,-1,1,1,1,-1,-1,1,1,1,1,1,-1,1,1,1,1,1,-1,-1,-1,1,-1,1,1,-1,-1,1,1,-1,1,-1,1,-1,1,1,1,1,1,1,-1,1,1,-1,1,-1,1,-1,1,1,-1,1,1,1,-1,1,1,1,1,1,-1,-1,1,-1,1,1,1,-1,1,-1,-1,1,1,1,-1,1,-1,1,-1,1,1,1,1,1,-1,1,1,1,1,1,1,-1,1,-1,1,-1,1,1,-1,1,-1,1,1,-1,1,-1,1,-1,1,1,-1,1,-1,1,1,-1,1,-1,1,1,-1,1,-1,1,-1,1,-1,1,-1,-1,1,1,-1,-1,1,1,-1,1,-1,1,-1,1,-1,1,1,-1,1,1,1,1,-1,1,-1,1,-1,1,-1,-1,1,-1,1,1,1,1,-1,1,1,1,1,1,-1,-1,1,-1,-1,1,-1,1,-1,-1,1,-1,1,-1,-1,-1,-1,1,-1,1,-1,1,1,-1,1,-1,1,1,-1,-1,-1,1,-1,-1,1,1,-1,-1,1,-1,1,1,-1,1,-1,1,-1,-1,1,1,-1,-1,-1,-1,1,1,-1,1,-1,1,-1,1,-1,1,-1,-1,1,-1,1,-1,1,-1,-1,-1,-1,1,-1,-1,1,-1,-1,-1,1,-1,1,1,1,-1,-1,1,-1,-1,1,-1,-1,-1,1,1,1,-1,1,-1,-1,-1,1,1,-1,1,-1,-1,1,1,1,1,1,-1,-1,-1,1,1,-1,1,-1,1,-1,1,1,1,-1,1,1,-1,1,1,1,1,1,-1,1,-1,1,1,-1,1,-1,1,-1,1,-1,-1,-1,1,-1,-1,1,-1,-1,-1,1,1,-1,1,1,-1,-1,1,1,-1,-1,1,-1,-1,-1,-1,-1,1,1,-1,-1,-1,-1,-1,1,1,-1,-1,1,1,1,-1,1,-1,1,-1,1,-1,1,1,-1,1,-1,1,-1,-1,1,1,-1,1,1,1,1,1,1,-1,-1,1,-1,1,1,1,-1,-1,1,-1,1,1,-1,-1,1,1,-1,1,1,-1,-1,1,1,1,-1,1,1,-1,1,-1,-1,1,1,1,-1,1,-1,1,1,1,1,-1,-1,1,1,1,1,1,-1,1,1,-1,1,1,1,-1,-1,1,1,1,-1,1,-1,-1,1,-1,1,1,1,-1,-1,-1,1,1,1,1,-1,-1,1,1,1,1,-1,1,-1,1,-1,1,-1,-1,1,-1,1,-1,1,1,-1,-1,1,-1,1,1,-1,-1,-1,-1,1,-1,1,1,-1,1,-1,1,-1,1,-1,1,-1,-1,1,1,1,1,-1,1,-1,1,-1,1,1,-1,1,-1,1,-1,1,1,-1,1,1,1,1,1,-1,1,1,-1,1,1,1,1,-1,1,-1,1,-1,1,1,-1,1,1,-1,1,1,-1,1,1,1,-1,1,1,1,-1,1,-1,-1,1,1,-1,1,1,-1,1,-1,1,-1,1,1,1,-1,1,1,-1,1,1,1,-1,1,1,-1,1,1,1,1,1,1,-1,-1,1,1,-1,1,1,-1,-1,1,-1,1,1,1,-1,1,1,1,-1,1,1,-1,1,1,-1,1,1,1,-1,-1,1,-1,-1,1,-1,-1,-1,1,-1,1,1,-1,-1,-1,1,-1,1,1,1,-1,1,1,-1,1,1,1,-1,1,-1,1,1,1,-1,-1,1,-1,-1,1,1,-1,-1,-1,1,-1,1,1,-1,1,1,-1,-1,1,1,-1,-1,1,1,-1,1,1,-1,-1,1,-1,-1,1,1,-1,-1,-1,-1,-1,-1,1,-1,-1,1,-1,-1,1,-1,1,-1,1,-1,-1,-1,1,-1,1,-1,-1,-1,1,1,-1,1,-1,-1,1,1,1,-1,1,-1,-1,1,-1,1,-1,1,-1,-1,1,-1,1,-1,1,-1,1,-1,1,1,1,1,-1,-1,1,-1,1,1,-1,-1,1,-1,-1,1,-1,1,-1,-1,1,-1,1,-1,1,-1,-1,1,-1,1,-1,1,-1,1,-1,-1,-1,1,1,-1,-1,1,-1,-1,-1,1,1,-1,1,-1,-1,-1,1,1,-1,1,-1,-1,1,1,-1,-1,-1,1,-1,1,1,-1,1,1,-1,1,1,-1,-1,1,1,-1,-1,-1,1,-1,1,1,-1,1,1,-1,-1,-1,-1,1,-1,-1,-1,-1,-1,1,-1,1,1,-1,1,1,-1,1,1,1,1,-1,1,-1,1,1,1,1,-1,1,-1,-1,-1,1,1,-1,1,-1,1,1,1,1,-1,1,-1,1,1,1,-1,-1,1,-1,-1,1,1,-1,-1,-1,1,-1,1,-1,1,-1,1,-1,-1,1,-2662.0,1,2000,445,500,True
2270,1,1,-1,-1,1,1,-1,1,1,1,1,-1,1,-1,1,1,-1,1,-1,-1,-1,1,1,1,1,1,-1,-1,1,1,1,1,-1,-1,-1,1,-1,1,1,1,-1,-1,1,1,1,1,1,1,-1,1,1,1,-1,1,-1,1,1,-1,1,1,1,-1,-1,-1,1,1,1,1,1,-1,1,-1,1,1,1,1,1,1,-1,1,1,-1,1,-1,-1,1,1,1,1,1,1,1,-1,1,1,1,-1,1,-1,1,1,1,1,1,-1,-1,-1,1,1,1,1,1,-1,-1,1,1,1,1,1,-1,-1,1,1,1,1,1,-1,-1,1,1,1,1,-1,-1,-1,1,1,1,1,-1,-1,-1,-1,1,1,1,1,-1,-1,-1,1,1,1,1,1,-1,-1,-1,1,1,-1,1,-1,-1,1,-1,1,-1,1,-1,-1,-1,1,1,-1,-1,-1,1,1,1,-1,1,1,-1,-1,-1,1,-1,-1,-1,-1,-1,-1,1,-1,-1,1,-1,-1,-1,1,-1,-1,1,-1,-1,1,1,1,-1,1,-1,1,1,-1,-1,-1,1,-1,1,-1,1,1,-1,1,1,-1,-1,-1,1,-1,1,1,-1,1,1,1,-1,1,-1,-1,1,-1,1,-1,1,1,-1,-1,-1,1,-1,1,-1,1,-1,1,-1,-1,1,-1,-1,-1,1,1,-1,1,1,-1,-1,1,-1,1,1,1,1,-1,1,-1,1,1,1,1,-1,-1,1,-1,1,1,1,-1,1,1,-1,1,1,-1,-1,-1,1,1,1,1,-1,-1,1,1,-1,1,1,1,-1,1,1,1,1,1,1,-1,1,1,1,1,-1,1,-1,1,-1,1,1,1,1,-1,1,-1,1,1,1,-1,-1,1,1,-1,1,1,-1,1,-1,-1,1,1,1,-1,1,1,1,-1,1,1,1,1,1,-1,1,1,1,1,1,1,-1,1,-1,1,-1,1,1,-1,1,-1,1,1,-1,1,-1,1,-1,1,1,-1,1,-1,1,1,-1,1,-1,1,-1,-1,1,-1,1,-1,1,-1,1,-1,-1,1,1,-1,-1,1,1,-1,1,-1,1,-1,1,-1,1,1,-1,1,1,1,1,-1,1,-1,1,-1,1,-1,-1,1,-1,1,1,-1,1,-1,1,1,-1,1,-1,-1,-1,1,-1,-1,1,-1,1,-1,-1,1,-1,1,-1,-1,-1,-1,1,-1,1,-1,1,-1,-1,1,-1,1,-1,-1,-1,-1,1,-1,-1,1,1,-1,-1,1,-1,1,1,-1,1,-1,1,-1,1,-1,1,-1,-1,-1,-1,1,-1,-1,1,-1,1,-1,1,-1,1,-1,-1,-1,1,1,-1,1,-1,-1,-1,-1,1,-1,-1,-1,-1,-1,1,-1,1,1,-1,1,-1,-1,1,-1,-1,1,-1,-1,-1,1,-1,1,-1,1,-1,-1,-1,-1,1,-1,1,-1,-1,1,-1,1,1,1,-1,-1,-1,1,1,-1,1,-1,1,-1,1,1,1,-1,1,1,-1,1,1,1,1,1,-1,1,-1,-1,1,-1,1,-1,1,1,1,-1,-1,-1,1,-1,-1,1,-1,-1,-1,1,1,-1,1,1,-1,-1,1,1,-1,-1,1,-1,-1,-1,-1,-1,-1,1,-1,-1,-1,-1,-1,-1,1,-1,-1,1,1,1,1,1,-1,1,-1,1,-1,-1,1,-1,-1,-1,1,-1,-1,1,1,-1,1,1,1,-1,1,1,-1,-1,1,-1,-1,1,1,-1,-1,1,-1,1,1,-1,-1,1,1,-1,1,1,-1,-1,1,-1,1,1,1,1,-1,1,1,-1,-1,1,1,-1,1,1,1,-1,1,1,-1,-1,1,1,1,1,1,-1,1,1,-1,-1,1,1,-1,-1,1,1,-1,1,1,-1,-1,1,1,-1,1,1,-1,-1,-1,1,-1,1,1,-1,-1,1,1,-1,1,1,1,-1,1,-1,-1,-1,-1,1,-1,1,-1,-1,1,-1,-1,1,-1,1,-1,1,1,-1,-1,1,-1,-1,1,-1,1,-1,1,-1,-1,1,1,-1,-1,1,-1,-1,-1,1,1,-1,1,-1,-1,-1,1,-1,-1,1,-1,-1,-1,1,1,1,1,1,-1,-1,1,1,-1,1,1,-1,-1,-1,1,-1,1,-1,-1,-1,1,1,1,-1,1,-1,-1,1,1,1,-1,1,-1,-1,1,-1,-1,-1,1,-1,-1,1,1,-1,1,-1,-1,1,-1,1,1,-1,1,-1,1,1,1,1,-1,1,1,1,1,1,1,1,1,-1,-1,-1,1,1,-1,1,-1,1,1,1,-1,1,1,-1,1,1,1,1,-1,1,1,-1,1,1,-1,1,1,-1,-1,1,1,-1,-1,1,1,-1,1,-1,-1,1,1,-1,-1,-1,1,-1,1,1,-1,-1,1,1,-1,1,1,1,-1,1,-1,1,1,1,-1,1,1,-1,-1,1,1,-1,-1,-1,1,-1,1,1,-1,1,1,-1,-1,1,1,-1,-1,-1,1,-1,1,1,-1,-1,1,-1,-1,1,1,1,-1,-1,1,-1,1,1,-1,-1,1,-1,-1,1,-1,1,-1,-1,-1,1,1,1,1,-1,1,-1,-1,1,1,1,-1,1,-1,1,1,1,1,-1,-1,-1,1,-1,-1,-1,-1,-1,-1,1,-1,1,-1,-1,-1,-1,1,-1,1,-1,-1,1,1,1,-1,1,-1,1,-1,1,-1,-1,1,1,-1,-1,1,1,-1,1,1,-1,1,-1,1,-1,1,1,-1,1,1,-1,-1,-1,1,-1,1,-1,1,-1,-1,1,-1,1,-1,1,-1,1,1,-1,-1,1,-1,-1,-1,1,-1,1,1,-1,1,1,1,1,1,-1,1,-1,1,-1,1,1,-1,1,-1,-1,-1,-1,1,-1,1,1,1,-1,1,1,1,-1,-1,-1,1,1,1,-1,1,1,1,1,-1,1,-1,-1,1,1,1,1,1,-1,-1,1,1,1,1,1,1,-1,1,1,1,1,1,1,-1,1,1,-1,-1,1,-1,-1,1,1,1,1,1,1,-1,1,1,1,-1,1,-1,1,-1,1,1,-1,1,1,-1,1,1,-2662.0,1,2000,445,500,True
2271,1,1,-1,-1,1,1,-1,1,1,1,1,-1,-1,1,1,1,-1,1,-1,-1,-1,1,1,1,1,-1,-1,-1,1,1,1,1,1,-1,-1,1,-1,1,1,1,-1,-1,1,1,1,1,-1,-1,1,-1,1,1,-1,1,-1,-1,-1,-1,1,1,1,-1,-1,-1,1,1,1,-1,-1,-1,1,-1,1,1,1,-1,-1,1,-1,1,1,-1,-1,-1,-1,1,1,1,-1,-1,-1,1,-1,1,1,-1,-1,1,-1,-1,1,1,-1,-1,1,-1,-1,1,1,-1,-1,-1,-1,-1,1,1,-1,-1,1,-1,-1,1,1,1,-1,-1,-1,-1,1,1,1,-1,1,-1,-1,1,1,1,-1,1,-1,-1,-1,1,1,-1,1,-1,-1,-1,1,1,-1,-1,1,-1,-1,1,-1,-1,1,1,-1,-1,1,1,-1,1,1,-1,1,1,-1,-1,1,-1,-1,1,1,-1,1,-1,1,-1,1,1,-1,1,1,-1,-1,-1,1,-1,1,1,1,-1,-1,1,1,-1,1,1,-1,-1,1,-1,-1,1,1,-1,1,1,-1,1,1,1,-1,1,1,1,1,1,1,1,-1,1,-1,-1,1,1,-1,-1,1,1,-1,1,1,-1,-1,1,-1,1,1,1,1,-1,1,-1,1,1,1,-1,1,1,1,1,1,1,-1,-1,-1,1,1,-1,1,1,-1,-1,1,1,-1,1,1,1,1,1,1,-1,1,1,1,1,-1,1,1,1,1,1,1,1,1,1,1,-1,-1,1,-1,1,-1,1,1,-1,-1,1,1,-1,1,1,1,-1,1,1,-1,1,1,1,-1,-1,1,-1,1,-1,1,-1,1,1,-1,1,1,1,-1,1,1,-1,1,1,-1,1,1,-1,1,1,1,-1,1,1,1,-1,1,1,-1,1,1,-1,1,1,1,1,1,1,1,-1,1,-1,1,1,1,1,-1,1,1,-1,1,1,1,1,1,1,1,-1,1,1,-1,1,1,1,1,1,1,-1,-1,1,-1,1,1,1,1,-1,1,1,-1,1,1,-1,1,1,-1,1,1,1,-1,-1,1,-1,1,-1,1,-1,1,-1,1,-1,1,-1,1,1,-1,1,-1,-1,1,-1,1,1,1,-1,1,-1,1,-1,1,1,1,-1,-1,1,1,1,-1,1,-1,-1,1,1,1,-1,1,1,-1,1,1,1,-1,1,-1,-1,1,-1,1,1,1,-1,-1,-1,-1,-1,1,1,-1,-1,1,-1,1,1,-1,-1,-1,-1,-1,1,1,1,-1,-1,1,-1,1,-1,-1,1,-1,-1,1,1,-1,1,-1,-1,1,1,1,-1,-1,1,-1,1,1,1,-1,-1,1,1,-1,1,1,-1,-1,1,-1,1,-1,1,1,-1,-1,1,-1,1,-1,1,-1,-1,1,-1,-1,-1,1,-1,-1,1,-1,1,-1,1,-1,-1,1,-1,-1,1,1,-1,-1,-1,1,-1,1,1,-1,1,-1,1,-1,-1,1,1,1,-1,1,-1,1,-1,1,-1,1,-1,1,1,-1,-1,1,1,1,1,-1,-1,1,-1,1,1,1,-1,-1,-1,-1,-1,1,1,1,-1,-1,-1,1,1,-1,1,-1,-1,-1,1,1,-1,1,-1,-1,1,1,1,-1,1,-1,-1,-1,-1,1,1,1,-1,1,-1,-1,1,-1,1,-1,1,1,1,-1,-1,1,1,-1,-1,-1,-1,-1,1,1,-1,-1,-1,1,-1,1,1,-1,-1,1,-1,1,1,-1,-1,-1,-1,-1,1,1,-1,1,-1,-1,1,1,1,1,-1,-1,-1,-1,-1,1,-1,1,-1,-1,1,-1,1,1,-1,1,-1,-1,1,1,1,-1,1,-1,1,-1,1,1,-1,1,-1,-1,-1,1,1,-1,1,-1,1,-1,1,1,-1,-1,1,-1,-1,1,1,-1,-1,-1,1,-1,1,1,1,-1,1,-1,-1,1,-1,1,-1,1,-1,-1,1,-1,-1,1,-1,1,-1,1,1,-1,1,-1,1,-1,1,-1,1,-1,1,-1,-1,1,1,-1,1,-1,-1,-1,-1,1,1,1,-1,1,-1,-1,1,-1,1,1,-1,-1,-1,-1,1,1,1,1,-1,-1,1,1,-1,1,1,-1,-1,-1,1,-1,1,-1,-1,-1,1,1,1,-1,1,-1,-1,1,1,1,-1,1,-1,-1,-1,-1,-1,-1,1,-1,-1,-1,1,-1,1,-1,-1,1,-1,1,-1,-1,1,-1,-1,-1,1,1,-1,1,1,-1,-1,1,-1,1,1,-1,-1,-1,1,-1,-1,1,-1,-1,-1,1,-1,1,1,-1,1,-1,-1,-1,1,1,1,-1,1,-1,1,-1,1,-1,-1,-1,-1,-1,-1,1,1,-1,-1,1,-1,1,1,-1,-1,-1,1,-1,1,1,-1,-1,1,1,-1,1,1,1,-1,1,-1,1,1,1,-1,-1,1,-1,-1,1,1,1,1,-1,-1,-1,1,1,1,-1,1,-1,-1,1,1,-1,1,-1,1,-1,1,-1,1,1,1,-1,-1,1,1,1,1,1,-1,-1,1,1,1,1,-1,-1,-1,1,-1,1,1,1,-1,-1,-1,1,-1,1,1,-1,-1,-1,1,1,1,1,-1,-1,1,1,1,1,1,-1,-1,1,-1,1,1,1,-1,1,1,1,1,1,-1,-1,1,-1,1,1,1,-1,-1,-1,1,1,1,-1,1,-1,1,1,-1,1,1,1,-1,-1,1,-1,1,1,-1,-1,-1,1,1,1,1,-1,-1,1,1,-1,1,1,-1,1,-1,1,-1,1,1,1,-1,-1,1,-1,1,1,1,-1,1,1,1,1,1,-1,-1,1,-1,1,1,1,-1,1,-1,1,1,1,-1,-1,1,1,1,-1,1,1,-1,1,-1,1,1,1,-1,-1,-1,1,-1,-1,-1,-1,-1,1,-1,1,1,1,-1,1,1,1,-1,1,1,1,-1,1,1,-1,1,1,-1,-1,1,1,1,1,1,-1,-1,1,1,-1,1,1,-1,-1,1,1,-1,-1,1,1,-1,1,1,1,1,1,-1,-1,-1,-1,1,1,-1,1,-1,1,1,-1,1,-2662.0,1,2000,445,1000,True
2272,-1,-1,1,1,1,1,-1,1,-1,-1,-1,1,-1,1,-1,-1,1,-1,1,1,-1,1,-1,-1,-1,1,-1,-1,-1,-1,-1,-1,1,1,-1,1,1,-1,-1,-1,1,-1,1,-1,-1,-1,-1,1,-1,-1,-1,-1,1,-1,1,-1,-1,1,-1,-1,-1,1,1,1,-1,-1,-1,-1,-1,-1,1,-1,-1,-1,-1,-1,-1,1,-1,-1,-1,1,1,-1,-1,-1,-1,-1,-1,1,-1,-1,-1,-1,-1,-1,-1,1,-1,1,-1,-1,-1,-1,1,-1,-1,-1,-1,-1,-1,1,-1,-1,-1,-1,-1,-1,1,-1,-1,1,-1,-1,-1,1,-1,-1,1,-1,-1,-1,1,-1,-1,1,-1,-1,-1,-1,-1,-1,1,-1,-1,-1,1,-1,-1,-1,-1,-1,-1,-1,1,-1,1,1,-1,-1,1,-1,-1,-1,-1,-1,-1,1,1,-1,-1,-1,-1,-1,1,-1,-1,1,-1,-1,1,-1,1,-1,-1,-1,-1,1,1,-1,-1,1,-1,1,1,1,1,-1,1,-1,-1,1,1,1,-1,1,-1,-1,-1,1,1,-1,1,-1,-1,1,1,1,-1,1,1,1,1,1,1,1,-1,1,-1,-1,1,1,-1,-1,1,1,-1,1,1,-1,-1,1,-1,1,1,1,1,-1,1,-1,-1,1,1,-1,1,1,-1,1,1,1,-1,-1,1,-1,1,-1,1,1,1,1,-1,1,-1,1,1,1,1,-1,1,-1,1,1,1,1,1,-1,1,1,1,-1,1,-1,-1,1,1,-1,1,1,1,-1,-1,1,1,-1,1,-1,1,-1,1,1,1,1,-1,-1,-1,1,1,1,1,-1,1,-1,1,-1,1,1,1,1,-1,1,1,1,1,1,-1,-1,1,1,1,1,-1,1,1,1,1,1,1,1,-1,1,1,1,-1,1,1,-1,1,1,1,-1,1,1,1,-1,1,-1,1,1,1,1,-1,1,1,1,1,1,1,-1,1,1,-1,1,1,-1,-1,1,1,1,-1,1,1,-1,-1,1,-1,1,1,1,1,-1,1,1,-1,1,1,-1,1,1,-1,-1,-1,-1,-1,1,1,-1,1,1,-1,-1,1,-1,1,1,1,1,-1,1,-1,1,1,1,-1,-1,1,1,1,-1,1,-1,-1,-1,1,-1,1,-1,1,-1,1,1,-1,-1,-1,-1,1,1,1,-1,1,-1,-1,-1,1,1,1,-1,-1,-1,1,-1,1,-1,1,-1,-1,-1,-1,-1,1,1,-1,-1,1,-1,1,1,-1,-1,1,-1,-1,1,1,-1,-1,-1,1,-1,1,-1,-1,-1,-1,-1,1,1,-1,1,-1,-1,1,1,1,-1,-1,1,-1,1,1,1,-1,-1,1,-1,-1,1,1,-1,-1,1,-1,1,-1,1,1,-1,-1,1,-1,1,-1,1,-1,-1,1,-1,-1,-1,1,-1,-1,1,-1,1,-1,1,-1,-1,1,-1,-1,1,1,-1,-1,-1,1,-1,1,1,-1,1,-1,1,-1,-1,1,1,1,-1,1,-1,1,-1,1,-1,1,-1,1,1,-1,-1,1,1,1,-1,1,-1,1,-1,1,1,1,-1,-1,-1,1,-1,1,1,1,-1,-1,-1,1,1,-1,1,-1,-1,-1,1,1,1,1,-1,-1,-1,1,1,1,1,-1,-1,-1,-1,1,-1,1,-1,1,-1,-1,1,1,1,-1,-1,1,1,-1,-1,1,1,-1,-1,-1,-1,1,1,1,-1,1,-1,1,1,1,1,-1,-1,1,-1,1,1,-1,-1,-1,-1,-1,1,1,-1,1,-1,-1,1,1,1,1,-1,-1,-1,-1,1,1,-1,1,-1,-1,1,1,1,1,-1,1,-1,-1,1,1,1,-1,1,-1,1,1,1,1,-1,1,-1,-1,1,-1,1,-1,1,-1,1,1,1,1,-1,-1,1,-1,1,1,1,-1,-1,-1,1,1,1,-1,1,-1,1,-1,1,-1,-1,1,-1,1,-1,1,1,-1,-1,1,-1,1,1,-1,1,-1,1,-1,1,1,1,-1,1,-1,1,-1,1,-1,1,-1,1,-1,-1,1,1,1,-1,1,-1,1,1,-1,1,-1,1,1,-1,1,1,-1,-1,1,1,1,1,-1,1,1,-1,1,1,1,1,-1,-1,1,-1,1,1,1,-1,-1,-1,1,1,1,1,-1,-1,-1,1,1,1,1,1,-1,1,-1,1,1,1,-1,-1,-1,1,-1,1,1,-1,-1,1,-1,1,1,1,-1,-1,-1,1,1,1,1,-1,-1,1,1,1,1,1,1,1,-1,-1,1,1,1,-1,-1,1,1,1,1,1,-1,-1,1,-1,1,1,1,1,-1,-1,1,1,1,1,1,-1,-1,-1,1,-1,1,1,1,-1,1,1,1,1,1,-1,-1,1,1,1,1,1,1,-1,1,1,-1,1,-1,-1,1,1,1,1,1,1,-1,-1,1,1,1,1,-1,-1,-1,1,1,1,1,1,1,-1,1,1,1,1,1,1,-1,1,-1,1,1,1,1,-1,1,1,-1,1,1,-1,-1,1,1,-1,1,1,1,-1,1,-1,1,1,1,1,-1,-1,1,-1,1,1,1,-1,1,1,-1,1,-1,1,-1,1,1,-1,1,1,1,-1,1,-1,1,1,1,-1,1,1,1,1,1,1,-1,1,-1,1,1,1,-1,-1,1,1,1,1,-1,1,-1,-1,1,-1,-1,1,-1,1,-1,1,1,-1,1,-1,-1,-1,1,1,-1,1,-1,-1,1,1,-1,1,1,-1,1,-1,1,-1,-1,1,-1,1,-1,1,-1,-1,1,1,1,1,1,1,1,1,-1,-1,1,1,1,1,1,-1,1,-1,-1,1,1,-1,-1,1,-1,1,-1,-1,1,-1,1,1,1,1,1,-1,-1,-1,1,-1,-1,-1,-1,-1,1,1,1,1,1,-1,1,1,1,-1,1,1,1,-1,1,1,1,1,1,1,-1,1,1,1,1,1,1,-1,-1,1,-1,1,1,1,-1,1,1,1,-1,1,-1,-1,1,1,1,1,1,-1,-1,-1,1,1,1,1,1,-1,1,-1,1,1,-2662.0,1,2000,445,1000,True
2273,1,1,-1,-1,1,1,-1,1,1,1,1,-1,1,-1,1,1,-1,1,-1,-1,-1,1,1,1,1,1,-1,-1,1,1,1,1,-1,-1,-1,1,-1,1,1,1,-1,-1,1,1,1,1,1,1,-1,1,1,1,-1,1,-1,1,1,-1,1,1,1,-1,-1,1,1,1,1,1,1,-1,1,1,1,1,1,1,1,-1,1,1,1,-1,1,-1,1,1,1,1,1,1,1,1,-1,1,1,1,-1,1,1,-1,1,1,1,1,-1,1,1,1,1,1,1,1,1,-1,1,1,1,1,1,1,1,1,1,1,1,1,1,1,-1,1,1,1,-1,1,1,-1,1,1,1,-1,1,1,-1,1,1,1,1,1,1,1,1,1,1,1,-1,1,-1,-1,1,1,-1,-1,1,1,-1,-1,1,-1,-1,1,-1,-1,1,1,-1,1,1,1,1,1,-1,1,-1,1,1,-1,1,-1,-1,1,1,-1,-1,1,-1,-1,-1,1,-1,-1,1,-1,-1,-1,1,-1,1,1,1,-1,-1,1,-1,1,-1,-1,-1,-1,1,-1,-1,1,1,-1,-1,-1,1,-1,-1,1,-1,-1,1,1,-1,1,1,-1,-1,1,1,-1,-1,-1,-1,-1,-1,1,-1,-1,1,-1,-1,1,1,-1,1,-1,-1,-1,1,1,-1,-1,1,-1,1,-1,-1,-1,-1,1,-1,-1,1,-1,1,-1,1,-1,-1,-1,-1,-1,-1,1,-1,1,-1,1,-1,-1,1,-1,1,-1,1,-1,1,-1,1,1,-1,1,1,-1,1,-1,1,1,-1,1,-1,1,1,1,-1,-1,1,-1,-1,1,1,1,-1,1,1,-1,1,1,-1,-1,1,1,1,1,1,-1,1,1,-1,1,-1,1,-1,1,1,-1,-1,1,1,-1,1,-1,1,1,-1,1,-1,1,1,1,-1,1,1,-1,1,1,1,-1,1,-1,-1,1,1,1,-1,1,-1,-1,1,1,1,-1,1,-1,-1,-1,-1,1,-1,1,1,-1,1,1,1,1,-1,1,-1,-1,-1,1,-1,1,-1,-1,1,-1,-1,-1,1,1,-1,1,-1,1,-1,1,-1,1,-1,1,1,1,1,-1,1,-1,1,1,-1,1,-1,-1,-1,-1,1,1,-1,1,-1,-1,1,-1,1,-1,-1,-1,1,-1,-1,1,-1,1,-1,1,-1,1,1,-1,-1,-1,1,1,-1,1,-1,1,-1,-1,1,-1,1,-1,-1,-1,-1,1,-1,-1,1,1,-1,-1,-1,-1,1,1,-1,1,-1,1,-1,1,-1,1,-1,1,1,-1,1,-1,-1,-1,1,1,-1,1,-1,1,-1,1,-1,1,1,-1,1,-1,1,-1,-1,1,-1,-1,-1,1,-1,1,-1,1,1,-1,1,-1,-1,1,-1,-1,1,-1,1,-1,1,-1,1,-1,1,1,-1,-1,-1,1,-1,1,-1,-1,1,-1,1,1,-1,1,-1,-1,1,1,-1,-1,1,1,-1,1,1,1,1,1,1,-1,1,1,1,-1,-1,-1,1,-1,-1,1,1,-1,-1,1,-1,-1,1,1,-1,1,-1,-1,-1,1,1,-1,1,1,-1,1,-1,1,-1,1,1,-1,-1,-1,1,-1,-1,-1,-1,-1,-1,1,-1,-1,-1,-1,-1,-1,1,-1,1,1,1,1,-1,1,-1,1,1,-1,-1,-1,1,-1,-1,1,-1,-1,-1,-1,1,1,1,1,-1,-1,1,1,1,1,-1,-1,-1,-1,1,1,1,-1,-1,-1,1,1,1,1,-1,1,-1,1,-1,1,-1,1,1,-1,-1,1,1,1,-1,-1,-1,-1,1,1,1,1,-1,-1,-1,1,1,1,1,1,-1,-1,1,-1,1,-1,-1,-1,1,1,1,1,1,-1,1,-1,1,-1,1,-1,-1,-1,-1,1,1,-1,1,-1,-1,-1,1,1,1,1,-1,-1,1,-1,1,-1,1,-1,1,1,-1,1,1,-1,-1,-1,1,1,-1,1,1,-1,1,-1,1,-1,1,1,-1,-1,1,-1,1,-1,1,-1,1,-1,1,-1,1,-1,-1,1,-1,1,-1,1,-1,-1,-1,1,1,-1,-1,1,-1,-1,1,-1,-1,1,-1,-1,1,-1,-1,1,-1,-1,-1,-1,1,-1,-1,1,-1,-1,-1,1,1,-1,1,-1,-1,-1,1,-1,-1,1,-1,-1,-1,1,1,1,1,-1,-1,-1,1,-1,1,-1,-1,-1,1,1,-1,1,-1,1,-1,1,1,-1,-1,-1,-1,1,1,1,-1,1,1,-1,-1,-1,-1,1,-1,-1,-1,-1,1,1,-1,1,-1,1,-1,1,1,-1,1,-1,1,1,-1,1,1,-1,1,1,-1,-1,1,1,-1,-1,1,1,-1,1,1,-1,1,1,-1,-1,-1,1,-1,1,1,-1,-1,1,1,-1,1,1,1,-1,1,-1,1,1,1,-1,1,1,-1,-1,1,1,-1,-1,1,-1,-1,1,1,-1,1,1,1,-1,1,1,-1,-1,1,1,-1,1,1,-1,-1,-1,1,-1,1,1,1,-1,-1,1,-1,1,1,-1,-1,1,1,-1,1,-1,1,-1,-1,1,-1,-1,1,1,-1,-1,1,-1,1,1,1,-1,1,-1,1,1,1,1,-1,-1,1,1,-1,-1,-1,-1,-1,1,1,-1,1,-1,-1,-1,-1,1,-1,1,-1,-1,-1,1,1,-1,1,-1,1,-1,1,-1,-1,1,1,-1,1,-1,1,-1,1,1,-1,1,-1,1,-1,1,1,-1,1,-1,-1,-1,-1,1,-1,1,-1,1,-1,-1,1,-1,1,-1,1,-1,1,1,-1,-1,1,-1,-1,-1,1,-1,1,1,-1,1,1,1,1,1,-1,1,-1,1,-1,1,1,-1,1,-1,-1,-1,-1,1,-1,1,1,1,-1,1,1,1,-1,-1,-1,1,1,1,-1,1,1,1,1,-1,1,-1,-1,1,1,1,1,1,-1,-1,1,1,1,1,1,1,-1,1,1,1,1,1,1,-1,1,1,-1,-1,1,1,-1,1,1,1,1,1,1,-1,1,1,1,-1,1,1,1,-1,1,1,-1,1,1,-1,1,1,-2662.0,1,2000,445,500,True
2274,1,1,-1,-1,1,1,-1,1,1,1,1,-1,-1,1,1,1,-1,1,-1,-1,-1,1,1,1,1,-1,-1,-1,1,1,1,1,-1,-1,-1,1,-1,1,1,1,-1,-1,1,1,1,1,1,-1,1,1,1,1,-1,1,-1,-1,1,-1,1,1,1,-1,-1,1,1,1,1,1,-1,-1,1,-1,1,1,1,-1,-1,-1,1,-1,1,-1,-1,-1,-1,1,1,1,-1,-1,-1,1,-1,1,1,-1,-1,1,-1,1,1,1,-1,-1,1,1,-1,1,1,-1,-1,-1,-1,-1,1,1,-1,-1,1,1,-1,1,1,1,-1,-1,-1,-1,1,1,1,-1,1,-1,-1,1,1,1,-1,1,1,-1,-1,1,1,-1,1,-1,-1,1,1,1,-1,-1,1,-1,1,1,1,-1,1,-1,-1,1,-1,1,-1,1,1,-1,1,1,-1,-1,1,-1,1,1,1,-1,1,-1,-1,1,1,1,-1,1,1,-1,1,-1,1,1,1,1,-1,1,-1,1,-1,1,1,-1,1,-1,1,1,-1,1,-1,1,-1,1,-1,1,1,-1,1,-1,1,1,1,1,-1,-1,1,1,-1,-1,1,-1,1,1,-1,1,-1,1,-1,1,-1,1,-1,1,1,-1,1,1,1,1,-1,1,-1,1,1,1,-1,1,1,-1,1,-1,1,-1,1,-1,1,-1,1,1,-1,1,-1,-1,-1,1,1,-1,1,-1,-1,-1,-1,1,-1,-1,1,1,-1,-1,1,1,-1,1,1,-1,1,1,1,-1,-1,1,-1,1,1,-1,1,-1,1,1,-1,1,1,-1,-1,1,-1,-1,1,-1,1,-1,1,1,-1,1,1,1,-1,1,-1,-1,1,1,-1,-1,1,-1,1,1,1,1,-1,1,-1,1,1,1,-1,1,1,-1,1,-1,1,-1,-1,1,-1,1,1,1,1,1,1,-1,1,1,1,1,1,-1,-1,1,1,1,1,1,-1,-1,1,1,1,1,1,-1,-1,-1,-1,1,-1,1,1,-1,1,1,1,1,1,1,-1,-1,-1,1,1,-1,-1,-1,1,-1,-1,-1,1,1,-1,1,-1,1,-1,1,-1,1,-1,1,1,1,1,-1,1,-1,1,1,-1,1,-1,-1,-1,-1,1,1,1,1,-1,-1,1,-1,1,1,-1,-1,1,-1,-1,1,-1,1,-1,1,-1,1,1,1,-1,-1,1,1,-1,1,-1,1,-1,-1,1,-1,1,-1,-1,-1,-1,1,-1,-1,1,1,-1,-1,1,-1,1,1,-1,1,-1,1,-1,1,-1,1,-1,1,1,-1,-1,-1,-1,-1,1,1,-1,1,-1,1,-1,1,-1,1,1,1,1,-1,1,-1,-1,1,-1,-1,-1,1,-1,1,-1,-1,1,-1,1,-1,-1,1,-1,-1,1,-1,1,-1,1,-1,1,-1,1,1,-1,-1,-1,1,-1,1,-1,-1,1,-1,1,1,1,1,-1,-1,1,1,-1,1,1,-1,-1,1,1,1,1,1,1,-1,1,1,1,-1,1,-1,1,-1,-1,1,1,-1,-1,1,-1,-1,1,1,-1,1,-1,-1,-1,1,1,-1,1,1,-1,1,-1,1,-1,1,1,-1,-1,-1,1,-1,-1,-1,-1,-1,1,1,-1,-1,-1,-1,-1,1,1,-1,1,1,1,1,1,1,-1,1,1,-1,-1,1,1,-1,-1,1,-1,-1,1,1,1,1,1,1,-1,1,-1,1,1,1,-1,-1,-1,1,1,1,1,-1,1,1,-1,1,1,1,-1,1,1,1,-1,1,-1,1,1,1,-1,1,1,1,-1,-1,1,1,1,1,1,1,-1,1,-1,1,1,1,1,1,1,-1,1,-1,1,-1,-1,1,-1,1,1,1,1,-1,1,-1,1,-1,1,1,-1,1,-1,1,1,-1,1,-1,1,-1,1,1,1,1,-1,1,-1,1,1,-1,1,-1,-1,1,-1,1,1,-1,1,-1,1,1,-1,1,1,-1,1,1,1,-1,1,1,-1,-1,1,-1,1,-1,-1,-1,1,-1,1,-1,1,-1,-1,-1,-1,1,-1,1,-1,-1,-1,1,1,-1,-1,1,-1,-1,-1,-1,-1,1,-1,-1,-1,1,1,1,-1,-1,-1,-1,1,-1,1,-1,-1,-1,-1,-1,-1,-1,1,-1,-1,-1,1,-1,-1,1,-1,-1,-1,-1,-1,1,1,-1,-1,-1,-1,-1,1,-1,-1,-1,1,-1,-1,1,-1,1,-1,-1,-1,-1,-1,-1,-1,1,-1,-1,-1,1,1,-1,-1,-1,1,-1,1,-1,-1,-1,1,-1,-1,1,1,1,-1,-1,-1,-1,1,-1,1,1,-1,1,-1,-1,1,1,-1,-1,-1,-1,-1,-1,1,1,-1,-1,1,-1,1,1,-1,-1,-1,1,-1,1,1,-1,-1,1,-1,-1,1,1,1,-1,1,-1,1,1,1,-1,-1,1,-1,-1,1,1,1,-1,1,-1,-1,1,1,-1,1,1,-1,-1,1,1,1,1,1,-1,-1,1,1,-1,1,1,-1,-1,1,1,1,1,1,1,-1,1,1,1,1,1,-1,-1,1,-1,1,1,1,1,-1,-1,1,-1,1,1,1,-1,1,1,1,1,-1,1,-1,1,1,1,1,1,1,-1,-1,1,1,1,1,-1,1,-1,1,1,1,1,-1,1,-1,1,1,1,-1,-1,1,-1,1,1,-1,1,-1,-1,-1,1,1,1,-1,1,-1,-1,1,1,1,-1,-1,-1,1,1,1,1,-1,-1,-1,-1,-1,1,1,-1,1,-1,-1,-1,1,1,-1,1,1,-1,1,1,1,1,1,1,-1,-1,1,1,-1,-1,1,1,1,1,1,-1,1,-1,-1,1,1,-1,-1,1,-1,-1,-1,1,1,-1,1,-1,1,1,1,-1,-1,-1,-1,-1,-1,-1,-1,-1,1,-1,1,1,1,-1,1,1,-1,1,1,1,1,-1,1,-1,1,1,1,-1,-1,1,-1,1,1,1,-1,-1,1,-1,1,1,1,-1,-1,1,-1,1,1,1,1,-1,1,-1,-1,1,1,-1,-1,-1,1,-1,1,1,1,-1,1,-1,-1,1,-2662.0,1,2000,445,1500,True
2275,1,1,-1,-1,1,1,-1,1,1,1,1,-1,-1,-1,1,1,-1,1,-1,-1,1,1,1,1,1,1,-1,-1,1,1,1,1,-1,-1,-1,1,-1,1,1,1,-1,-1,1,1,1,1,1,1,-1,-1,1,1,-1,1,-1,1,1,-1,1,1,1,-1,1,-1,1,1,1,1,1,-1,1,-1,1,1,1,1,1,1,-1,1,1,-1,1,-1,-1,1,1,1,1,1,-1,1,-1,1,1,1,-1,1,-1,-1,1,1,1,1,1,-1,-1,1,1,1,1,-1,-1,-1,1,1,1,1,1,-1,-1,1,1,1,1,-1,-1,-1,1,1,1,1,1,-1,-1,1,1,1,1,1,-1,-1,-1,1,1,1,1,-1,-1,-1,1,1,1,1,1,-1,-1,1,1,1,1,1,-1,-1,1,1,1,1,1,-1,1,1,1,1,1,-1,-1,1,1,1,1,-1,1,-1,1,1,1,1,1,-1,-1,-1,1,1,1,1,1,-1,-1,1,-1,-1,1,1,-1,-1,1,1,1,1,1,-1,1,1,-1,-1,1,1,-1,1,1,1,1,1,1,1,-1,1,-1,1,1,1,-1,-1,1,1,1,1,1,-1,-1,1,-1,-1,1,1,1,-1,1,-1,1,1,1,-1,1,1,1,-1,1,1,-1,-1,-1,1,1,-1,1,1,-1,-1,1,1,-1,1,1,1,1,1,1,-1,1,1,1,1,-1,1,1,1,1,1,1,1,1,1,1,-1,-1,1,1,1,-1,1,1,-1,-1,1,1,-1,1,1,1,-1,1,1,1,1,1,1,-1,-1,1,-1,1,-1,1,-1,1,1,-1,1,1,1,-1,1,1,1,1,1,-1,-1,1,-1,1,1,1,-1,1,1,-1,1,1,1,-1,1,1,1,-1,1,1,1,1,1,-1,1,1,-1,1,1,1,-1,1,1,1,-1,1,1,-1,1,1,1,1,-1,1,-1,1,1,1,1,1,1,-1,1,-1,1,-1,-1,1,1,-1,-1,1,1,-1,1,-1,1,1,1,-1,1,1,1,1,1,1,-1,1,-1,-1,1,1,-1,1,-1,1,-1,1,1,-1,1,-1,1,1,1,1,1,1,-1,1,-1,-1,-1,1,1,1,-1,-1,1,1,1,-1,1,-1,1,-1,1,1,-1,1,-1,-1,1,1,1,-1,1,-1,1,-1,-1,1,1,1,-1,-1,-1,-1,-1,1,1,-1,-1,1,-1,1,1,-1,-1,1,-1,-1,1,1,1,-1,-1,1,-1,1,-1,-1,1,-1,-1,1,1,-1,1,-1,-1,1,1,1,-1,-1,1,-1,1,1,1,-1,-1,-1,-1,-1,1,1,-1,-1,1,-1,1,-1,1,1,-1,-1,1,-1,1,-1,1,-1,-1,1,-1,-1,-1,1,-1,-1,-1,-1,1,-1,1,-1,-1,1,-1,-1,1,1,-1,-1,-1,-1,-1,1,1,-1,1,-1,1,-1,-1,1,1,1,-1,1,-1,1,-1,1,1,1,-1,1,1,-1,-1,1,1,1,1,-1,-1,1,-1,1,1,1,-1,-1,-1,1,-1,1,-1,1,-1,-1,-1,1,1,-1,1,-1,-1,-1,1,1,-1,1,-1,-1,1,1,1,-1,1,-1,-1,-1,-1,1,1,1,-1,1,-1,-1,1,-1,1,-1,1,1,1,-1,-1,1,1,-1,-1,-1,-1,-1,1,1,-1,-1,-1,1,-1,1,1,-1,-1,1,-1,1,1,-1,-1,-1,-1,-1,1,1,-1,1,-1,-1,1,1,1,1,-1,-1,-1,-1,-1,1,-1,1,-1,-1,1,-1,1,1,-1,1,-1,-1,1,1,1,-1,1,-1,1,-1,1,1,-1,-1,-1,-1,-1,1,1,-1,1,-1,1,-1,1,1,-1,-1,1,-1,-1,1,1,-1,-1,-1,1,-1,1,1,1,-1,1,-1,-1,1,-1,1,-1,1,-1,-1,1,-1,-1,1,-1,1,-1,1,1,-1,1,-1,1,-1,1,-1,1,-1,1,-1,-1,1,1,-1,1,-1,-1,-1,-1,1,-1,1,-1,1,-1,-1,1,-1,1,1,-1,-1,-1,-1,1,1,1,1,-1,-1,1,1,-1,1,1,-1,-1,-1,1,-1,1,-1,-1,-1,1,1,1,-1,1,-1,-1,1,1,1,-1,1,-1,-1,-1,-1,-1,-1,1,-1,-1,-1,1,-1,1,-1,-1,1,-1,1,-1,-1,1,-1,-1,-1,1,1,-1,1,1,-1,-1,1,-1,1,1,-1,-1,-1,1,1,-1,1,-1,1,-1,1,-1,1,1,-1,-1,-1,-1,-1,1,-1,1,-1,1,-1,1,-1,1,-1,-1,-1,-1,-1,-1,1,1,-1,-1,1,-1,1,1,-1,-1,-1,1,-1,1,1,-1,-1,1,1,-1,1,1,1,-1,1,-1,1,1,1,-1,-1,1,-1,-1,1,1,-1,-1,-1,-1,-1,1,1,-1,1,1,-1,-1,1,1,-1,-1,1,-1,-1,1,1,-1,-1,1,-1,-1,1,1,1,-1,-1,-1,-1,1,1,-1,-1,1,-1,-1,1,-1,1,-1,1,-1,-1,-1,1,1,-1,-1,1,-1,1,1,1,-1,1,-1,1,1,1,1,-1,-1,-1,1,-1,1,-1,-1,-1,-1,1,-1,1,-1,-1,-1,1,-1,1,1,1,-1,-1,1,-1,1,1,-1,1,-1,1,1,1,1,1,-1,1,-1,1,1,1,1,-1,1,-1,1,-1,1,1,-1,-1,1,-1,1,1,1,-1,1,-1,1,1,-1,1,-1,1,-1,1,1,-1,1,-1,1,-1,1,-1,1,1,-1,-1,-1,-1,-1,1,1,1,-1,1,1,1,1,1,-1,-1,1,1,1,1,-1,-1,-1,1,-1,1,1,1,-1,-1,-1,-1,-1,-1,-1,-1,-1,1,-1,1,1,1,-1,1,1,-1,-1,1,-1,-1,-1,1,-1,1,1,1,-1,-1,1,-1,1,1,1,-1,-1,1,-1,1,1,-1,-1,-1,1,-1,1,-1,1,1,-1,1,-1,-1,1,1,-1,-1,-1,-1,1,1,-1,1,-1,1,-1,-1,1,-2662.0,1,2000,445,1000,True
2276,-1,-1,1,1,1,1,-1,1,-1,-1,-1,1,-1,1,-1,-1,1,-1,1,1,-1,-1,-1,-1,-1,1,-1,-1,-1,-1,-1,-1,1,1,-1,-1,1,-1,-1,-1,1,-1,-1,-1,-1,-1,-1,-1,1,1,-1,-1,1,-1,1,-1,-1,1,-1,-1,-1,1,1,1,-1,-1,-1,-1,-1,-1,-1,1,-1,-1,-1,-1,-1,-1,1,-1,-1,1,1,-1,1,-1,-1,-1,-1,1,-1,-1,-1,-1,-1,-1,-1,1,1,1,-1,-1,-1,-1,1,1,-1,-1,-1,-1,-1,1,1,1,-1,-1,-1,-1,1,1,-1,-1,-1,-1,-1,1,1,-1,1,-1,-1,-1,-1,1,-1,1,-1,-1,-1,-1,1,-1,1,-1,-1,-1,1,1,1,-1,-1,-1,-1,-1,-1,1,-1,1,-1,-1,-1,-1,1,1,-1,-1,1,-1,1,-1,-1,-1,-1,-1,-1,1,-1,1,-1,-1,-1,1,-1,1,-1,-1,-1,-1,-1,1,-1,1,-1,-1,1,-1,-1,1,1,-1,-1,1,-1,-1,1,1,-1,-1,-1,1,1,-1,1,-1,-1,-1,1,-1,1,1,-1,1,-1,-1,-1,-1,1,1,-1,-1,1,-1,-1,1,-1,1,-1,-1,-1,1,1,-1,1,1,-1,-1,1,1,-1,-1,1,-1,-1,1,-1,-1,1,1,-1,-1,1,1,-1,1,-1,-1,-1,1,-1,-1,1,-1,-1,-1,1,-1,-1,1,-1,-1,1,1,1,-1,1,-1,-1,1,1,1,-1,1,1,-1,1,-1,-1,-1,1,-1,-1,1,1,-1,-1,1,1,-1,1,1,-1,-1,-1,1,-1,1,1,1,-1,1,1,-1,1,-1,1,-1,1,1,-1,1,1,1,-1,1,-1,-1,1,1,-1,-1,1,1,-1,1,1,-1,1,1,-1,1,1,1,-1,1,1,-1,-1,1,1,1,1,1,1,1,1,1,1,1,1,1,1,-1,1,-1,1,1,1,1,-1,1,1,-1,1,1,1,-1,1,1,-1,1,-1,1,1,-1,1,-1,1,1,1,1,-1,1,-1,1,-1,1,-1,-1,1,1,-1,-1,1,1,1,1,-1,1,-1,1,-1,-1,1,-1,1,1,1,-1,1,1,-1,1,-1,1,-1,-1,1,-1,1,1,1,1,-1,1,1,-1,1,1,-1,-1,1,-1,-1,1,-1,1,-1,-1,1,-1,1,1,-1,-1,-1,1,-1,1,-1,1,-1,-1,1,-1,1,1,-1,-1,-1,1,-1,-1,1,1,-1,-1,1,-1,1,1,-1,1,-1,1,-1,1,1,1,-1,-1,-1,-1,1,1,-1,1,-1,1,-1,1,-1,1,-1,-1,-1,1,1,-1,1,-1,-1,-1,-1,1,-1,-1,1,-1,-1,-1,1,-1,1,1,1,-1,-1,1,-1,-1,1,-1,-1,-1,-1,1,1,-1,1,-1,-1,-1,1,1,-1,1,-1,-1,-1,1,1,1,1,-1,-1,-1,1,1,-1,1,-1,-1,-1,1,1,1,-1,1,1,-1,1,1,1,1,1,1,1,-1,1,1,-1,1,-1,1,-1,-1,1,1,-1,1,-1,-1,-1,1,1,-1,1,1,-1,1,-1,1,-1,1,1,-1,1,-1,1,-1,-1,-1,-1,1,-1,1,-1,-1,-1,-1,1,-1,1,-1,1,1,1,-1,-1,1,-1,1,1,-1,1,-1,1,-1,-1,1,-1,1,-1,-1,1,1,1,1,1,-1,-1,1,-1,1,-1,1,-1,1,-1,-1,1,-1,-1,-1,1,-1,1,1,-1,-1,-1,1,1,1,-1,1,1,-1,-1,-1,1,-1,-1,1,-1,-1,1,1,-1,1,1,1,1,-1,-1,1,1,-1,1,-1,-1,1,1,-1,1,1,-1,-1,-1,1,1,1,1,-1,-1,-1,1,-1,1,1,-1,1,-1,-1,1,1,1,1,-1,-1,1,1,1,1,-1,1,-1,-1,-1,1,-1,-1,1,-1,1,-1,1,1,-1,-1,1,-1,1,1,-1,-1,-1,-1,1,-1,1,1,-1,1,-1,1,-1,1,-1,-1,1,-1,1,-1,1,1,-1,1,-1,1,-1,1,1,-1,1,-1,1,-1,1,1,-1,1,1,1,1,1,-1,1,1,-1,1,1,1,1,-1,1,-1,1,-1,1,1,-1,1,1,-1,1,1,1,-1,1,1,-1,1,1,1,1,1,-1,-1,1,1,1,1,1,-1,1,-1,1,1,1,1,1,-1,1,1,1,1,1,1,-1,1,-1,1,1,1,1,1,1,1,1,1,1,1,-1,1,1,1,1,1,-1,1,1,1,1,1,1,1,-1,1,1,1,1,1,-1,1,1,1,1,1,1,-1,-1,1,-1,1,1,1,-1,1,1,1,1,1,-1,-1,1,1,1,1,1,1,-1,1,1,-1,1,1,-1,1,1,1,1,1,1,-1,-1,1,1,1,1,-1,-1,-1,1,1,1,1,-1,-1,-1,1,1,1,1,-1,1,-1,1,1,1,1,1,-1,-1,1,1,-1,1,1,-1,-1,1,1,-1,1,-1,-1,-1,1,-1,1,1,1,-1,-1,-1,1,-1,1,1,-1,-1,1,1,-1,1,1,-1,-1,1,1,-1,1,1,-1,1,-1,1,1,1,1,-1,1,-1,1,1,1,-1,-1,1,-1,1,1,1,1,-1,1,-1,1,1,-1,1,-1,-1,-1,1,-1,1,-1,1,1,-1,1,-1,1,1,-1,-1,-1,1,-1,1,1,-1,-1,-1,-1,1,1,-1,1,-1,-1,1,-1,1,-1,1,-1,1,-1,-1,1,1,1,1,-1,-1,1,1,1,1,1,1,-1,1,1,-1,1,-1,-1,1,1,1,1,1,-1,-1,-1,-1,1,1,1,1,-1,1,1,-1,1,1,-1,1,-1,-1,1,1,1,-1,-1,1,1,-1,1,1,-1,1,1,1,1,1,1,-1,1,1,1,1,1,1,-1,-1,-1,1,1,-1,1,-1,1,1,1,1,-1,1,-1,1,1,1,-1,1,1,-1,-1,1,1,-1,1,1,1,-1,1,1,-1,1,1,-1,-1,1,-2662.0,1,2000,445,1500,True
2277,-1,-1,1,1,1,1,-1,1,-1,-1,-1,1,-1,1,-1,-1,1,-1,1,1,-1,1,-1,-1,-1,1,-1,-1,1,-1,-1,-1,1,1,-1,1,1,-1,-1,-1,1,-1,1,-1,-1,-1,-1,1,-1,-1,-1,-1,1,-1,1,-1,-1,1,-1,-1,-1,1,1,1,-1,-1,-1,-1,-1,-1,1,-1,-1,-1,-1,-1,-1,1,-1,-1,-1,1,1,-1,-1,-1,-1,-1,-1,1,-1,-1,-1,-1,-1,-1,-1,1,-1,1,-1,-1,-1,-1,1,-1,-1,-1,-1,-1,-1,1,-1,-1,-1,-1,-1,-1,1,-1,-1,-1,-1,-1,-1,1,-1,-1,1,-1,-1,-1,1,-1,-1,1,-1,-1,-1,-1,-1,-1,1,-1,-1,-1,1,-1,-1,-1,-1,-1,-1,-1,1,-1,1,1,-1,-1,1,-1,-1,-1,-1,-1,-1,1,1,-1,-1,-1,-1,-1,1,-1,-1,1,-1,-1,1,-1,1,-1,-1,-1,-1,1,1,-1,-1,1,-1,-1,1,1,1,-1,1,-1,-1,1,1,1,-1,1,-1,-1,-1,1,1,-1,1,-1,-1,1,1,1,1,1,-1,1,1,1,1,1,-1,1,-1,-1,1,1,-1,1,-1,1,-1,1,1,1,1,-1,1,1,1,1,1,1,-1,-1,1,1,1,1,-1,-1,1,1,1,1,1,1,-1,1,1,-1,1,-1,-1,-1,1,1,-1,1,1,-1,-1,1,1,-1,1,-1,1,-1,1,1,1,1,1,1,-1,1,1,1,1,1,-1,-1,-1,1,-1,1,-1,-1,-1,1,1,-1,-1,1,1,-1,-1,1,1,1,-1,-1,-1,1,1,-1,-1,1,-1,-1,1,1,-1,1,-1,-1,-1,1,1,1,-1,-1,-1,-1,1,-1,1,1,-1,-1,1,-1,-1,1,-1,-1,1,1,1,1,-1,-1,-1,1,1,1,-1,1,1,-1,-1,1,1,-1,1,-1,-1,-1,1,1,-1,1,-1,-1,1,-1,1,-1,1,-1,-1,1,-1,1,-1,1,1,-1,1,-1,1,1,-1,1,-1,-1,1,1,-1,1,-1,-1,1,1,-1,-1,1,1,-1,1,-1,1,-1,1,-1,1,1,-1,1,1,1,-1,1,1,-1,1,-1,1,-1,-1,1,-1,1,1,1,1,-1,1,1,1,1,-1,-1,-1,1,-1,-1,1,-1,1,-1,-1,1,-1,1,-1,-1,-1,-1,1,-1,1,-1,1,-1,1,1,-1,1,1,-1,-1,-1,1,-1,-1,1,1,-1,-1,1,-1,1,1,-1,1,-1,1,-1,-1,1,1,-1,-1,-1,-1,1,1,-1,1,-1,1,-1,1,-1,1,-1,-1,-1,-1,1,-1,1,-1,-1,-1,-1,1,-1,-1,1,-1,-1,-1,1,1,1,1,1,-1,-1,1,-1,-1,1,-1,-1,-1,1,1,1,-1,1,-1,-1,-1,-1,1,-1,1,-1,-1,1,-1,1,1,1,-1,-1,-1,1,1,-1,1,-1,-1,-1,1,1,1,-1,1,1,-1,1,1,1,1,1,-1,1,-1,1,1,-1,1,-1,1,-1,-1,1,-1,-1,1,-1,-1,1,-1,-1,1,1,1,-1,1,1,-1,1,1,1,-1,-1,1,-1,-1,1,-1,-1,1,1,-1,-1,-1,-1,-1,1,1,-1,1,1,1,1,-1,1,-1,-1,1,1,-1,1,1,-1,-1,-1,1,-1,-1,1,1,-1,1,1,1,1,1,-1,1,1,1,-1,1,1,1,-1,1,1,-1,1,1,-1,1,1,1,-1,1,1,-1,-1,1,-1,1,1,1,-1,1,1,-1,-1,1,1,-1,1,1,-1,1,1,1,1,1,1,1,1,1,1,-1,1,-1,1,-1,1,1,1,1,1,1,1,1,1,-1,1,-1,1,-1,1,1,1,-1,1,-1,1,1,1,1,1,1,1,1,1,1,-1,1,1,-1,-1,1,-1,-1,1,1,1,-1,1,1,-1,1,-1,-1,1,1,-1,-1,1,-1,1,-1,1,1,-1,1,-1,1,-1,1,-1,1,1,-1,1,1,1,1,-1,1,-1,1,-1,1,1,-1,1,-1,1,-1,1,1,-1,1,1,1,1,1,-1,1,1,-1,1,1,1,1,-1,1,-1,1,-1,1,1,-1,1,1,-1,1,1,1,-1,1,1,-1,1,1,1,1,1,-1,-1,1,1,1,1,1,-1,1,-1,1,1,1,1,1,-1,1,1,1,1,1,1,-1,1,-1,1,1,1,1,1,1,1,1,1,1,1,-1,1,1,1,1,1,-1,1,1,1,1,1,1,1,-1,1,1,1,1,1,-1,1,1,1,1,1,1,-1,-1,1,-1,1,1,1,-1,1,1,1,1,1,-1,-1,1,1,1,1,1,1,-1,1,1,-1,1,1,-1,1,1,1,1,1,1,-1,-1,1,1,1,1,-1,1,-1,1,1,1,1,-1,-1,-1,1,1,1,1,-1,1,-1,1,1,1,1,1,-1,-1,1,1,-1,1,1,-1,-1,-1,1,-1,1,-1,-1,-1,1,-1,1,1,1,-1,-1,-1,1,-1,1,1,-1,-1,1,1,-1,1,1,-1,1,1,1,-1,1,1,-1,1,-1,1,1,1,1,-1,1,-1,1,1,1,-1,1,-1,1,1,1,1,-1,1,1,-1,1,1,-1,1,1,-1,-1,1,-1,1,1,-1,1,-1,1,-1,1,-1,-1,1,-1,1,-1,1,-1,1,-1,-1,-1,1,1,-1,-1,1,-1,-1,-1,1,-1,-1,1,-1,-1,-1,1,1,-1,-1,-1,-1,1,1,-1,-1,-1,1,-1,1,1,-1,1,1,-1,1,1,-1,-1,1,1,-1,-1,-1,1,-1,1,1,-1,1,1,-1,-1,-1,-1,1,-1,-1,-1,-1,-1,1,-1,1,1,-1,1,1,-1,1,1,1,1,-1,1,-1,1,1,1,1,-1,1,-1,-1,1,1,1,-1,1,-1,1,1,1,1,-1,1,-1,1,1,1,-1,-1,1,-1,-1,1,1,-1,-1,-1,1,-1,1,-1,1,-1,1,-1,-1,1,-2660.0,1,2000,445,1500,True
2278,-1,-1,1,1,1,1,-1,1,-1,-1,-1,1,-1,1,-1,-1,1,-1,1,1,1,1,-1,-1,-1,1,-1,-1,1,-1,-1,-1,1,1,-1,1,1,1,-1,-1,1,-1,1,-1,-1,-1,-1,-1,1,-1,1,-1,1,-1,1,-1,-1,1,1,-1,-1,1,1,1,-1,1,-1,-1,-1,-1,1,-1,1,1,-1,-1,-1,1,-1,-1,-1,1,1,-1,-1,1,1,-1,-1,1,-1,-1,1,1,-1,-1,-1,1,-1,1,1,1,-1,-1,1,-1,1,1,1,-1,-1,1,-1,1,1,1,-1,-1,1,-1,-1,1,1,-1,-1,1,-1,-1,1,1,-1,-1,1,-1,1,1,1,1,-1,-1,-1,-1,1,1,-1,-1,1,-1,-1,1,1,-1,-1,-1,1,-1,1,1,1,-1,1,-1,-1,1,1,1,-1,1,-1,1,1,1,-1,-1,1,-1,1,1,1,-1,1,-1,1,-1,-1,1,-1,1,1,-1,1,1,1,1,1,1,-1,1,-1,1,-1,1,1,-1,-1,-1,1,1,-1,1,-1,1,-1,-1,1,1,1,-1,-1,-1,1,-1,-1,1,-1,-1,-1,1,-1,-1,1,-1,1,-1,-1,1,-1,1,-1,1,-1,1,-1,1,1,-1,-1,-1,1,-1,-1,1,-1,1,1,1,-1,1,1,-1,-1,-1,1,-1,1,-1,1,-1,1,1,-1,1,-1,-1,-1,1,1,-1,1,-1,1,-1,1,1,1,-1,1,1,-1,-1,1,-1,-1,1,1,-1,1,1,1,-1,-1,1,-1,1,1,-1,1,-1,1,1,-1,1,-1,-1,-1,1,-1,-1,1,-1,1,-1,1,1,-1,1,1,1,-1,1,-1,-1,1,1,-1,-1,1,-1,1,1,-1,1,-1,1,-1,1,1,1,-1,1,1,-1,1,-1,1,-1,1,1,-1,1,1,1,1,1,1,-1,1,1,1,1,1,-1,-1,1,1,1,1,1,-1,-1,1,1,1,1,1,-1,-1,-1,-1,1,-1,1,1,-1,1,1,1,1,1,1,-1,-1,-1,1,1,-1,-1,-1,1,-1,-1,-1,1,1,-1,1,-1,1,-1,1,-1,1,-1,1,1,1,1,-1,1,-1,1,1,-1,1,-1,-1,-1,-1,1,1,1,1,-1,-1,1,-1,1,1,-1,-1,1,-1,-1,1,-1,1,-1,1,-1,1,-1,1,-1,-1,1,1,-1,1,-1,1,-1,-1,1,-1,1,-1,-1,-1,-1,1,-1,-1,1,1,-1,-1,1,-1,1,1,-1,1,-1,1,-1,1,-1,1,-1,1,1,-1,1,-1,-1,-1,1,1,-1,1,-1,1,-1,1,-1,1,1,-1,1,-1,1,-1,-1,1,-1,-1,-1,1,-1,1,-1,-1,1,-1,1,-1,-1,1,-1,-1,1,-1,1,-1,1,-1,1,-1,1,1,-1,-1,-1,1,-1,1,-1,-1,1,-1,1,1,1,1,-1,-1,1,1,-1,1,1,-1,-1,1,1,1,-1,1,1,-1,1,1,1,1,-1,1,1,-1,1,1,-1,1,-1,1,-1,-1,1,1,-1,1,-1,-1,1,-1,1,-1,1,1,-1,1,1,1,-1,1,1,-1,-1,1,1,-1,-1,-1,-1,1,1,1,-1,-1,-1,-1,1,1,1,-1,1,1,1,-1,1,1,-1,1,1,-1,1,1,1,-1,-1,1,-1,-1,1,1,1,1,1,1,1,1,1,1,1,1,-1,1,1,-1,1,1,1,-1,1,1,-1,1,1,1,-1,1,1,1,-1,1,-1,1,-1,1,-1,1,1,1,-1,1,1,1,1,1,1,1,1,1,-1,1,1,1,1,-1,1,1,1,-1,1,-1,1,-1,1,1,1,1,1,1,-1,1,1,-1,1,1,1,-1,-1,1,1,-1,1,1,-1,-1,1,1,1,1,1,-1,1,1,1,-1,1,1,-1,1,-1,1,1,-1,1,-1,1,1,-1,1,1,-1,1,1,1,-1,1,-1,-1,-1,1,-1,1,-1,-1,-1,-1,1,1,-1,1,1,1,-1,1,-1,-1,1,-1,1,-1,1,1,-1,1,-1,-1,-1,1,-1,-1,1,-1,1,-1,1,1,1,-1,-1,1,-1,1,-1,1,-1,-1,1,-1,-1,-1,-1,1,-1,1,-1,1,-1,-1,1,-1,1,-1,-1,-1,1,1,-1,-1,-1,-1,-1,1,-1,-1,-1,1,-1,-1,1,-1,1,1,-1,-1,-1,-1,-1,-1,1,-1,-1,-1,1,1,1,1,-1,1,-1,1,-1,-1,1,-1,-1,-1,1,1,1,1,1,-1,-1,1,-1,1,1,-1,1,-1,-1,1,1,1,-1,-1,-1,-1,-1,1,-1,-1,-1,1,-1,1,1,1,1,-1,-1,-1,1,1,1,1,-1,1,-1,1,1,-1,1,-1,-1,1,1,1,1,-1,1,-1,-1,1,1,1,-1,-1,-1,-1,1,1,1,1,1,1,-1,1,1,1,1,1,1,-1,1,1,1,1,1,1,-1,1,1,-1,1,1,-1,-1,1,1,-1,1,1,1,-1,1,-1,-1,1,1,1,-1,-1,1,-1,1,-1,1,-1,1,1,-1,1,-1,1,-1,1,1,-1,1,1,1,-1,-1,-1,1,1,1,-1,1,-1,1,1,1,1,-1,1,-1,1,1,1,-1,-1,1,-1,1,1,-1,1,-1,-1,-1,1,-1,1,-1,1,-1,-1,1,-1,1,-1,-1,-1,-1,1,-1,1,-1,-1,-1,-1,-1,1,1,-1,1,-1,-1,-1,-1,1,-1,-1,1,-1,1,-1,1,1,1,1,-1,-1,1,1,-1,-1,1,1,1,1,1,-1,1,-1,-1,1,1,-1,-1,1,-1,-1,-1,-1,1,-1,1,1,1,1,1,-1,-1,-1,-1,-1,-1,-1,-1,-1,1,-1,1,1,1,-1,1,1,-1,1,1,1,1,-1,1,-1,1,1,1,1,-1,1,-1,1,1,1,1,-1,1,-1,1,1,1,1,-1,1,-1,1,1,-1,-1,-1,1,-1,-1,1,1,-1,-1,-1,1,-1,1,-1,1,-1,1,-1,-1,1,-2660.0,1,2000,445,1500,True
2279,-1,-1,1,1,1,1,-1,1,-1,-1,-1,1,-1,1,-1,-1,1,-1,1,1,1,1,-1,-1,-1,1,-1,-1,1,-1,-1,-1,1,1,-1,1,1,-1,-1,-1,1,-1,1,-1,-1,-1,1,-1,1,-1,1,-1,1,-1,1,-1,-1,1,-1,-1,-1,1,1,1,-1,-1,-1,-1,-1,-1,1,-1,-1,-1,-1,-1,1,1,-1,-1,-1,1,1,-1,-1,-1,-1,-1,-1,1,-1,-1,-1,-1,-1,-1,1,1,-1,1,-1,-1,-1,-1,1,-1,-1,-1,-1,-1,-1,1,-1,1,-1,-1,-1,-1,1,-1,-1,1,-1,-1,-1,1,-1,-1,1,-1,-1,-1,1,-1,-1,1,-1,-1,-1,1,-1,-1,1,-1,-1,-1,-1,-1,-1,-1,-1,-1,-1,1,1,-1,1,1,-1,-1,1,-1,-1,-1,-1,-1,-1,1,1,-1,-1,-1,-1,-1,1,-1,-1,1,-1,-1,1,-1,1,-1,-1,-1,-1,1,1,-1,-1,1,-1,1,1,1,1,-1,1,-1,-1,1,1,1,-1,1,-1,-1,-1,1,1,-1,1,-1,-1,1,1,1,-1,1,-1,1,1,1,1,1,-1,1,-1,-1,1,1,-1,-1,1,1,-1,1,1,-1,-1,1,-1,1,1,1,1,-1,1,-1,-1,1,1,-1,1,1,-1,1,1,1,-1,-1,1,-1,1,-1,1,1,1,1,-1,1,-1,1,1,1,1,-1,1,-1,1,1,1,1,1,-1,1,1,1,1,1,-1,-1,1,1,-1,1,1,1,-1,-1,1,1,1,1,-1,1,-1,1,1,-1,1,-1,-1,-1,1,1,1,1,-1,1,-1,1,-1,1,1,1,1,-1,1,1,1,1,1,-1,-1,1,1,1,1,-1,1,1,1,1,1,1,1,-1,1,1,1,1,-1,1,-1,1,1,1,1,1,1,1,-1,1,1,1,1,1,1,-1,1,1,1,1,1,1,-1,1,1,1,1,1,-1,-1,1,1,-1,-1,1,1,-1,-1,1,-1,1,1,1,1,-1,1,1,-1,1,1,-1,1,1,1,-1,-1,-1,-1,1,1,1,-1,1,-1,-1,1,1,-1,1,1,1,-1,1,1,-1,1,1,-1,-1,1,1,-1,-1,1,-1,-1,-1,1,-1,1,-1,1,-1,1,1,1,-1,-1,-1,1,1,1,1,-1,1,-1,-1,1,1,1,1,-1,-1,1,-1,1,-1,1,-1,-1,-1,-1,-1,1,1,-1,-1,1,-1,1,1,-1,-1,-1,-1,-1,1,-1,1,-1,-1,1,-1,1,1,1,-1,-1,-1,1,1,1,1,-1,-1,1,1,-1,1,-1,1,-1,1,1,-1,1,-1,1,-1,-1,1,-1,1,-1,1,-1,1,1,1,1,-1,-1,1,-1,1,-1,1,1,-1,1,-1,1,-1,1,1,-1,1,-1,1,-1,1,-1,-1,1,-1,1,-1,1,1,-1,-1,1,1,-1,1,1,1,-1,1,1,1,1,1,1,-1,1,1,-1,-1,-1,-1,1,-1,1,1,-1,-1,1,1,-1,-1,1,-1,1,-1,1,-1,1,-1,-1,-1,-1,-1,-1,1,1,-1,-1,-1,1,-1,-1,1,-1,-1,-1,1,-1,1,1,-1,-1,-1,1,-1,1,1,-1,-1,-1,-1,-1,-1,1,-1,1,-1,-1,-1,1,1,-1,-1,1,1,-1,-1,1,1,-1,-1,-1,1,1,1,1,-1,-1,-1,1,1,1,1,-1,-1,1,-1,1,1,-1,-1,-1,-1,1,1,1,-1,1,-1,-1,1,-1,1,1,-1,-1,-1,1,1,1,-1,1,-1,-1,1,1,1,1,-1,-1,-1,1,1,1,1,-1,1,-1,1,1,1,1,-1,-1,-1,-1,1,-1,1,-1,-1,-1,1,1,1,1,1,-1,1,1,1,1,1,-1,-1,-1,1,1,1,-1,1,-1,1,-1,1,-1,-1,1,-1,-1,-1,1,1,-1,-1,-1,1,1,1,-1,1,-1,-1,1,1,1,1,-1,-1,1,-1,-1,1,-1,1,-1,1,-1,-1,1,1,1,-1,-1,1,-1,1,-1,1,-1,1,-1,1,1,1,-1,-1,-1,1,-1,1,-1,1,-1,1,-1,-1,1,1,-1,-1,-1,1,-1,1,1,-1,-1,-1,1,-1,1,1,-1,-1,-1,1,-1,1,1,1,-1,1,1,-1,1,1,-1,-1,1,-1,-1,1,1,-1,-1,1,-1,1,1,1,-1,-1,-1,-1,-1,1,1,-1,-1,1,1,-1,1,1,1,-1,1,-1,-1,1,1,1,-1,1,-1,1,1,1,-1,-1,1,-1,1,1,1,1,-1,-1,1,1,1,1,1,-1,-1,-1,1,-1,1,1,1,-1,1,1,1,1,1,-1,-1,1,1,1,1,1,1,-1,1,1,-1,1,-1,-1,1,1,1,1,1,1,-1,-1,1,1,1,1,-1,-1,-1,1,1,1,1,1,1,-1,1,1,1,1,1,1,-1,1,-1,1,1,1,1,-1,1,1,-1,1,1,-1,-1,1,1,1,1,1,1,-1,1,-1,-1,1,1,1,-1,-1,1,-1,1,1,1,-1,1,1,-1,1,-1,1,-1,1,1,-1,1,1,1,-1,1,-1,1,1,1,-1,1,1,1,1,1,1,-1,1,-1,1,1,1,-1,-1,1,1,1,1,-1,1,-1,-1,1,-1,-1,1,-1,1,-1,1,1,-1,1,-1,-1,-1,1,1,-1,1,-1,-1,1,1,-1,1,1,-1,1,-1,1,-1,-1,1,-1,1,-1,1,-1,-1,1,1,1,1,1,1,1,-1,-1,-1,1,1,1,1,-1,-1,1,-1,-1,1,1,-1,-1,1,-1,1,-1,-1,1,-1,1,1,1,1,-1,1,-1,-1,1,-1,-1,-1,-1,-1,1,1,1,1,1,-1,1,1,1,-1,1,-1,-1,-1,1,1,1,1,1,1,-1,1,1,1,1,1,-1,-1,-1,1,-1,1,1,1,-1,1,1,1,-1,-1,-1,-1,1,1,1,1,1,-1,-1,-1,1,1,1,-1,1,-1,1,-1,1,1,-2660.0,1,2000,445,1000,True
2280,-1,-1,1,1,1,-1,-1,1,-1,-1,1,-1,1,1,-1,-1,1,-1,1,-1,-1,1,-1,-1,-1,1,-1,-1,1,-1,-1,-1,1,-1,-1,1,1,-1,-1,1,-1,-1,1,-1,-1,-1,-1,-1,1,-1,-1,-1,1,1,-1,-1,-1,1,-1,-1,1,-1,-1,1,-1,-1,-1,-1,-1,-1,1,-1,-1,-1,1,-1,-1,1,-1,-1,-1,-1,-1,-1,-1,-1,-1,1,-1,-1,-1,-1,-1,-1,1,-1,-1,1,-1,1,-1,1,-1,-1,1,-1,-1,-1,1,-1,-1,1,-1,-1,-1,1,-1,-1,1,-1,-1,-1,1,1,-1,-1,-1,-1,-1,1,1,-1,1,-1,-1,1,1,1,-1,-1,-1,-1,1,1,1,-1,1,-1,-1,-1,1,1,-1,-1,1,-1,1,1,1,-1,1,-1,-1,-1,1,1,-1,1,1,-1,1,1,-1,-1,1,-1,-1,-1,1,-1,1,-1,1,-1,1,1,-1,1,1,-1,-1,1,1,1,1,1,1,-1,1,1,-1,1,1,1,-1,1,1,1,-1,1,1,-1,1,1,-1,1,1,1,1,1,1,1,1,1,1,1,-1,1,-1,-1,1,1,-1,1,-1,1,-1,1,1,1,1,1,-1,1,1,1,1,1,-1,1,-1,1,1,1,1,1,-1,1,1,1,1,-1,1,-1,1,-1,1,-1,-1,1,-1,1,-1,1,1,1,1,-1,1,-1,1,-1,1,1,-1,-1,1,1,1,1,1,1,-1,1,1,1,-1,-1,1,-1,-1,1,-1,-1,-1,-1,1,-1,1,1,1,-1,1,-1,-1,1,-1,-1,-1,-1,1,-1,-1,1,-1,-1,1,1,-1,1,-1,-1,-1,1,-1,-1,1,-1,-1,1,1,1,-1,1,-1,-1,1,1,-1,1,1,-1,1,-1,1,-1,-1,1,-1,1,1,1,1,1,1,-1,-1,1,1,1,1,-1,-1,-1,1,1,1,1,-1,-1,1,-1,1,1,1,-1,-1,1,-1,1,-1,1,1,-1,1,-1,1,1,1,1,-1,-1,1,1,1,-1,-1,-1,1,1,-1,-1,1,1,-1,1,-1,1,-1,1,-1,1,1,-1,1,1,1,-1,1,1,-1,1,-1,1,-1,-1,1,-1,1,1,1,1,-1,1,1,-1,1,1,-1,-1,1,-1,-1,1,-1,1,-1,-1,1,-1,-1,1,-1,-1,-1,1,-1,1,-1,1,-1,1,1,-1,1,-1,-1,-1,-1,1,-1,-1,1,1,-1,-1,1,-1,1,1,-1,1,-1,1,-1,1,-1,1,-1,-1,-1,-1,1,-1,-1,1,-1,1,-1,1,-1,1,-1,-1,-1,1,1,-1,1,-1,-1,-1,-1,1,-1,-1,1,-1,-1,1,-1,-1,1,1,1,-1,-1,1,-1,-1,1,-1,-1,-1,1,-1,1,-1,1,-1,-1,-1,-1,1,-1,1,-1,-1,1,-1,1,1,1,-1,-1,-1,1,1,-1,1,-1,-1,-1,1,1,1,-1,1,1,-1,1,1,1,1,1,1,1,-1,1,1,-1,1,-1,1,1,-1,1,-1,-1,1,-1,-1,1,-1,-1,-1,1,1,-1,1,1,-1,-1,1,1,-1,-1,1,-1,-1,-1,-1,-1,1,1,-1,-1,-1,-1,-1,1,1,-1,-1,1,1,1,-1,1,-1,-1,1,1,-1,1,1,-1,-1,-1,1,-1,-1,1,1,-1,1,1,1,1,1,-1,1,1,1,-1,1,1,1,-1,1,1,-1,1,1,-1,1,1,1,-1,1,1,-1,-1,1,-1,1,1,1,-1,1,1,-1,-1,1,1,-1,1,1,1,1,1,1,1,1,1,1,1,1,1,-1,1,-1,1,-1,1,1,1,1,1,1,1,1,1,-1,1,-1,1,-1,1,1,1,-1,1,-1,1,1,1,1,1,1,1,1,1,1,-1,1,1,-1,-1,1,-1,-1,1,1,1,-1,1,1,-1,1,-1,-1,1,1,-1,-1,1,-1,1,-1,1,1,-1,1,-1,1,-1,1,-1,1,1,-1,1,-1,1,1,-1,1,-1,1,-1,1,1,-1,1,-1,1,-1,1,1,-1,1,1,1,1,1,-1,1,1,-1,1,1,1,1,-1,1,-1,1,-1,1,1,-1,1,1,-1,1,1,-1,1,1,1,-1,1,1,1,-1,1,-1,-1,1,1,-1,1,1,-1,1,-1,1,-1,-1,1,1,-1,1,1,-1,-1,1,1,-1,1,1,-1,-1,-1,1,1,1,1,-1,1,1,1,-1,1,1,-1,-1,1,-1,1,1,1,-1,-1,-1,1,-1,1,1,-1,1,-1,-1,1,1,1,-1,-1,-1,-1,-1,1,-1,-1,-1,1,-1,1,1,-1,-1,-1,1,-1,1,1,1,-1,1,-1,-1,1,1,1,-1,1,-1,1,1,1,-1,-1,1,-1,-1,1,-1,1,-1,1,-1,-1,1,1,1,1,1,-1,-1,1,1,-1,1,1,-1,-1,1,1,1,1,1,-1,-1,1,1,1,1,1,1,-1,1,1,-1,1,1,-1,-1,1,-1,1,1,1,1,-1,-1,1,-1,1,1,1,-1,1,1,1,1,-1,1,-1,1,1,1,1,1,1,-1,-1,1,1,1,1,-1,1,-1,1,1,1,1,-1,1,-1,1,1,1,-1,-1,1,-1,1,1,-1,1,-1,-1,-1,1,1,1,-1,1,-1,-1,1,1,1,-1,-1,-1,-1,1,1,1,-1,-1,-1,-1,-1,1,1,-1,1,-1,-1,-1,1,1,-1,1,1,-1,1,1,1,1,1,1,-1,-1,1,1,-1,-1,1,1,1,-1,1,-1,1,-1,-1,1,1,-1,-1,1,-1,-1,-1,1,1,-1,1,1,1,1,1,-1,-1,-1,-1,1,-1,-1,-1,-1,1,-1,1,1,1,-1,1,1,-1,1,1,1,1,-1,1,-1,1,1,1,1,-1,1,-1,1,1,1,1,-1,1,-1,1,1,1,1,-1,1,-1,1,1,1,-1,-1,1,-1,-1,1,1,-1,-1,-1,1,-1,1,-1,1,-1,1,-1,-1,1,-2660.0,1,2000,445,1500,True
2281,-1,-1,1,1,1,1,-1,1,-1,-1,-1,1,-1,1,-1,-1,1,-1,1,1,-1,1,-1,-1,-1,1,-1,-1,1,-1,-1,-1,1,1,-1,1,1,1,-1,-1,1,-1,1,-1,-1,-1,-1,-1,1,-1,1,-1,1,-1,1,-1,-1,1,1,-1,-1,1,1,1,-1,1,-1,-1,-1,-1,1,-1,1,1,-1,-1,-1,1,-1,-1,-1,1,1,-1,-1,1,1,-1,-1,1,-1,-1,1,1,-1,-1,-1,1,-1,1,1,1,-1,-1,1,-1,1,1,1,-1,-1,1,-1,1,1,1,-1,-1,1,-1,-1,1,1,-1,-1,1,-1,-1,1,1,-1,-1,1,-1,1,1,1,-1,-1,-1,-1,-1,1,1,1,-1,1,-1,-1,1,1,-1,-1,-1,1,-1,1,1,-1,-1,1,1,-1,1,1,1,-1,1,-1,1,1,1,-1,-1,1,-1,1,1,1,-1,1,-1,1,-1,-1,1,-1,1,1,-1,1,1,1,-1,1,1,1,-1,-1,1,-1,1,1,1,-1,-1,1,-1,-1,1,1,1,-1,1,-1,1,1,1,-1,-1,1,-1,-1,1,1,1,-1,1,-1,-1,1,1,1,-1,-1,1,-1,1,1,-1,-1,1,-1,1,1,1,1,-1,1,-1,-1,1,1,-1,1,1,-1,1,1,1,-1,-1,1,-1,1,-1,1,-1,1,1,-1,1,-1,1,-1,1,1,-1,1,-1,1,-1,-1,1,1,-1,1,1,-1,-1,1,-1,-1,1,1,-1,1,1,1,-1,-1,1,-1,1,1,-1,1,-1,1,1,-1,1,-1,-1,-1,1,-1,-1,1,-1,1,-1,1,1,-1,1,1,1,-1,1,-1,-1,1,1,-1,-1,1,-1,-1,1,-1,1,-1,1,-1,-1,1,1,-1,1,1,-1,1,-1,1,-1,1,1,-1,1,1,1,1,1,1,-1,1,1,1,1,1,-1,-1,1,1,1,1,1,-1,-1,1,-1,1,1,1,-1,-1,1,-1,1,-1,1,1,-1,1,-1,1,1,1,1,-1,-1,1,1,1,1,-1,-1,1,1,-1,-1,1,1,-1,1,-1,1,-1,1,-1,1,1,-1,1,1,1,-1,1,1,-1,1,-1,1,-1,-1,1,-1,1,1,1,1,-1,1,1,-1,1,1,-1,-1,1,-1,-1,1,-1,1,-1,-1,1,-1,-1,1,-1,-1,-1,1,-1,1,-1,1,-1,1,-1,-1,1,1,-1,-1,-1,1,-1,-1,1,1,-1,-1,1,-1,1,1,-1,1,-1,1,-1,1,1,1,-1,-1,-1,-1,1,1,-1,-1,-1,1,-1,1,-1,1,-1,-1,-1,1,1,-1,1,-1,-1,-1,-1,1,-1,-1,-1,-1,-1,-1,1,-1,1,-1,-1,-1,-1,1,-1,-1,1,-1,-1,-1,-1,1,1,-1,-1,-1,-1,-1,1,1,-1,1,-1,-1,-1,1,1,1,1,-1,-1,-1,1,1,-1,1,-1,-1,-1,1,1,1,-1,1,1,-1,1,1,1,1,1,1,1,-1,1,1,-1,1,-1,1,-1,-1,1,-1,-1,1,-1,-1,1,-1,-1,-1,1,1,-1,1,1,-1,-1,1,1,-1,-1,1,-1,-1,-1,-1,-1,1,1,-1,-1,-1,-1,-1,1,1,-1,-1,1,1,1,-1,1,-1,-1,1,1,-1,1,1,-1,-1,-1,1,-1,-1,1,1,-1,1,1,1,1,1,1,-1,1,1,-1,1,1,-1,1,1,1,-1,1,1,-1,1,1,1,-1,1,1,-1,-1,1,-1,1,-1,1,1,1,1,1,-1,1,1,1,1,1,1,1,1,1,-1,1,1,1,1,-1,1,1,1,-1,1,-1,1,-1,1,1,1,1,1,1,-1,1,1,-1,1,1,1,-1,-1,1,1,-1,1,1,-1,-1,1,1,1,1,1,-1,1,1,1,-1,1,1,-1,1,-1,1,-1,1,1,-1,1,1,-1,1,-1,-1,1,1,1,-1,1,-1,-1,1,1,-1,-1,1,-1,-1,-1,1,1,-1,1,1,1,-1,1,1,-1,1,1,1,-1,1,1,-1,1,-1,-1,-1,1,-1,-1,1,1,1,-1,1,1,-1,1,1,1,-1,1,-1,1,-1,1,1,-1,-1,-1,-1,-1,1,1,-1,1,-1,1,-1,1,1,-1,-1,-1,-1,-1,1,-1,-1,-1,-1,-1,1,-1,-1,-1,-1,-1,1,-1,1,1,-1,-1,-1,1,-1,1,1,-1,-1,-1,1,1,1,1,-1,1,-1,1,-1,1,1,-1,-1,-1,-1,1,1,1,1,-1,-1,1,-1,1,1,-1,1,-1,-1,1,1,1,-1,-1,-1,-1,-1,1,-1,1,-1,1,-1,1,1,1,1,1,-1,-1,1,1,1,1,-1,1,-1,1,1,-1,1,-1,-1,1,1,1,1,-1,1,-1,-1,1,-1,1,1,1,-1,-1,1,1,1,-1,1,1,-1,1,1,1,1,1,1,-1,1,1,1,1,1,1,-1,1,1,-1,1,1,-1,-1,1,1,-1,1,1,1,-1,1,-1,1,1,1,1,-1,-1,1,-1,1,1,1,-1,1,1,-1,1,1,1,-1,1,1,-1,1,1,1,-1,-1,1,1,1,1,-1,1,-1,1,1,1,1,-1,1,-1,1,1,1,-1,-1,1,-1,1,1,-1,1,-1,-1,-1,1,-1,1,-1,1,-1,-1,1,-1,1,-1,-1,-1,-1,1,-1,1,-1,1,-1,-1,-1,1,1,-1,1,-1,-1,1,-1,1,-1,1,-1,1,-1,-1,1,1,1,1,-1,-1,1,1,-1,-1,1,1,-1,1,1,-1,1,-1,-1,1,1,-1,-1,1,-1,-1,-1,-1,1,-1,1,1,-1,1,1,-1,-1,-1,-1,1,-1,-1,-1,-1,1,-1,-1,1,1,-1,1,1,-1,1,1,1,1,-1,1,-1,1,1,1,1,-1,1,-1,-1,-1,1,1,-1,1,-1,1,1,1,1,-1,1,-1,1,1,1,-1,-1,1,-1,-1,1,1,-1,-1,-1,1,-1,1,-1,1,-1,1,-1,-1,1,-2660.0,1,2000,445,1500,True
2282,1,1,-1,-1,1,1,-1,1,1,1,1,-1,1,1,1,1,-1,1,-1,-1,-1,1,1,1,1,1,-1,-1,1,1,1,1,-1,-1,-1,1,-1,1,1,1,-1,-1,1,1,1,1,1,1,-1,1,1,1,-1,1,-1,-1,-1,-1,1,1,1,-1,-1,-1,1,1,1,1,1,-1,1,-1,1,1,1,1,-1,1,-1,1,1,1,1,-1,-1,1,1,1,1,-1,1,1,-1,1,1,1,1,-1,-1,1,1,1,1,1,1,-1,-1,1,1,1,1,-1,-1,-1,1,1,1,1,1,-1,-1,1,1,1,1,-1,-1,-1,1,1,1,1,1,-1,-1,1,1,1,1,1,-1,-1,1,1,1,1,1,-1,-1,-1,1,1,1,1,1,-1,-1,1,1,1,1,1,-1,-1,1,1,-1,1,1,-1,1,1,1,1,1,-1,-1,1,1,1,1,-1,1,-1,1,1,1,1,1,-1,-1,-1,1,1,1,1,1,-1,1,1,-1,-1,1,1,-1,1,1,1,1,1,1,-1,1,1,-1,-1,1,1,-1,1,1,1,1,1,1,1,-1,1,-1,1,1,1,-1,-1,1,1,1,1,1,-1,-1,1,-1,-1,1,1,1,-1,1,-1,1,1,1,-1,1,1,1,-1,1,1,-1,-1,-1,1,1,-1,1,1,1,-1,1,1,-1,1,1,1,1,1,1,-1,1,1,1,1,-1,1,1,1,1,1,1,1,1,1,1,-1,-1,1,-1,1,-1,1,1,1,1,1,1,-1,1,1,1,-1,1,1,1,1,1,1,1,-1,1,-1,1,-1,1,1,1,1,-1,1,1,1,1,1,-1,1,1,1,1,1,1,-1,1,1,1,1,1,-1,-1,1,1,1,-1,1,1,1,-1,1,1,-1,1,1,-1,1,1,-1,1,1,1,-1,1,1,1,-1,1,1,-1,1,1,1,-1,1,1,1,1,1,1,1,-1,1,-1,1,-1,1,-1,1,1,-1,-1,-1,1,1,-1,1,-1,1,1,1,-1,-1,-1,-1,1,-1,1,-1,1,1,-1,1,1,-1,1,1,1,-1,1,1,-1,-1,1,-1,1,1,1,1,1,-1,1,-1,-1,-1,1,-1,1,-1,-1,1,1,1,-1,-1,-1,1,-1,1,1,-1,1,-1,-1,1,1,1,1,-1,-1,1,-1,-1,1,-1,1,-1,-1,-1,-1,-1,1,1,-1,-1,1,-1,1,1,-1,-1,1,-1,1,1,1,-1,-1,-1,1,-1,1,-1,-1,-1,-1,-1,1,1,-1,1,-1,-1,1,1,1,-1,-1,1,-1,1,1,1,-1,-1,-1,-1,-1,1,1,-1,-1,1,-1,1,-1,1,1,-1,-1,1,-1,1,-1,1,-1,-1,1,-1,-1,-1,1,-1,-1,-1,-1,1,-1,1,-1,-1,1,-1,-1,1,1,-1,-1,-1,-1,-1,1,1,-1,-1,-1,1,-1,-1,1,1,1,-1,1,-1,1,-1,1,-1,1,-1,1,1,-1,-1,1,1,1,1,-1,-1,1,-1,1,1,1,-1,-1,-1,-1,-1,1,1,1,-1,-1,-1,1,1,-1,1,-1,-1,-1,1,1,-1,1,-1,-1,1,1,1,-1,1,-1,-1,-1,-1,1,1,1,-1,1,-1,-1,1,-1,1,-1,1,1,1,-1,-1,1,1,-1,-1,-1,-1,-1,1,1,-1,-1,-1,1,-1,1,1,-1,-1,1,-1,1,1,-1,-1,-1,-1,-1,1,1,-1,1,-1,-1,1,1,1,1,-1,-1,-1,-1,-1,1,-1,1,-1,-1,1,-1,1,1,-1,1,-1,-1,1,1,1,-1,1,-1,1,-1,1,1,-1,1,-1,-1,-1,1,1,-1,1,-1,1,-1,1,1,-1,-1,1,-1,-1,1,1,-1,-1,-1,1,-1,1,1,1,-1,1,-1,-1,-1,-1,1,-1,1,-1,-1,1,-1,-1,1,-1,1,-1,-1,1,-1,1,-1,1,-1,1,-1,1,-1,1,-1,-1,-1,1,-1,1,-1,-1,-1,-1,1,-1,1,-1,1,-1,-1,1,-1,1,1,-1,-1,-1,-1,1,1,1,1,-1,-1,1,-1,-1,1,1,-1,-1,-1,-1,1,-1,1,-1,-1,1,1,-1,1,1,-1,-1,1,-1,-1,1,1,-1,-1,-1,-1,1,-1,1,-1,-1,-1,-1,-1,1,-1,-1,1,-1,-1,1,-1,1,-1,-1,-1,-1,-1,1,1,1,-1,-1,-1,1,1,1,-1,-1,-1,1,-1,-1,1,-1,-1,-1,-1,1,1,1,-1,-1,1,-1,1,-1,1,1,-1,1,-1,-1,1,1,-1,-1,-1,-1,-1,-1,1,1,-1,-1,1,-1,1,1,-1,-1,-1,1,-1,1,1,-1,-1,1,1,-1,1,1,1,-1,1,-1,1,1,1,-1,-1,1,-1,-1,1,1,-1,-1,-1,1,-1,1,1,-1,1,1,-1,-1,1,1,-1,-1,1,1,-1,1,1,-1,-1,1,-1,-1,1,1,1,-1,-1,-1,-1,1,1,-1,-1,1,-1,-1,1,-1,1,-1,1,-1,1,1,1,1,-1,-1,-1,-1,1,1,1,-1,1,-1,1,1,1,1,-1,-1,-1,1,-1,1,-1,-1,-1,-1,1,-1,1,-1,-1,-1,-1,1,1,1,1,-1,-1,1,-1,1,1,-1,1,-1,1,1,1,1,1,-1,1,-1,1,1,1,1,-1,1,-1,1,-1,1,1,-1,-1,1,-1,1,1,1,-1,1,-1,1,1,-1,1,-1,1,-1,1,1,-1,1,-1,1,-1,1,-1,1,1,-1,-1,-1,-1,-1,1,1,1,-1,1,1,1,1,1,-1,-1,1,1,1,1,1,-1,-1,1,-1,1,1,1,-1,-1,-1,-1,-1,-1,-1,-1,-1,-1,-1,1,1,1,-1,1,1,-1,-1,1,1,-1,-1,1,-1,1,1,1,-1,-1,1,-1,1,1,1,-1,-1,1,-1,1,1,1,-1,-1,1,-1,1,-1,1,1,-1,1,-1,-1,1,1,1,-1,-1,-1,1,1,-1,1,-1,1,-1,-1,1,-2660.0,1,2000,445,1000,True
2283,-1,-1,1,1,1,1,-1,1,-1,-1,-1,1,-1,1,-1,-1,1,-1,1,1,1,1,-1,-1,-1,1,-1,-1,-1,-1,-1,-1,1,1,-1,1,1,-1,-1,-1,1,-1,1,-1,-1,-1,1,-1,1,-1,-1,-1,1,-1,1,-1,-1,1,-1,-1,-1,1,1,1,-1,-1,-1,-1,-1,-1,1,-1,-1,-1,-1,-1,1,1,-1,-1,-1,1,1,-1,-1,-1,-1,-1,-1,1,-1,-1,-1,-1,-1,-1,1,1,-1,1,-1,-1,-1,-1,1,-1,-1,-1,-1,-1,-1,1,-1,-1,-1,-1,-1,-1,1,-1,-1,-1,-1,-1,-1,1,-1,-1,1,-1,-1,-1,1,-1,-1,1,-1,-1,-1,1,-1,-1,1,-1,-1,-1,-1,-1,-1,-1,-1,-1,-1,1,1,-1,-1,1,-1,-1,1,1,-1,-1,-1,-1,-1,1,1,-1,-1,-1,-1,-1,1,-1,-1,1,-1,-1,1,-1,1,-1,-1,-1,-1,1,1,-1,-1,1,-1,-1,1,1,1,-1,1,-1,1,-1,1,1,-1,1,-1,-1,-1,1,1,-1,1,-1,1,1,1,1,1,1,-1,1,1,1,1,1,-1,1,-1,-1,1,1,-1,1,-1,1,-1,1,1,1,1,-1,1,1,1,1,1,1,-1,-1,1,1,1,1,-1,-1,1,1,1,1,1,1,-1,1,1,-1,1,-1,-1,-1,1,1,-1,1,1,-1,-1,1,1,-1,1,-1,1,-1,1,1,1,1,1,1,-1,1,1,1,1,1,-1,-1,-1,1,-1,1,-1,-1,-1,1,1,-1,1,1,1,-1,-1,1,1,1,-1,-1,-1,1,1,-1,-1,1,-1,-1,1,1,-1,1,-1,1,-1,1,1,1,1,-1,-1,-1,1,-1,1,1,-1,-1,1,-1,-1,1,1,-1,1,1,1,1,-1,1,-1,1,1,1,-1,1,1,-1,-1,1,1,-1,1,-1,-1,-1,1,1,-1,1,-1,-1,1,-1,1,-1,1,-1,-1,1,-1,1,-1,1,1,-1,1,-1,1,1,-1,1,-1,-1,1,1,-1,1,-1,-1,1,1,-1,-1,1,1,-1,1,-1,1,-1,1,-1,1,1,-1,1,1,1,-1,1,1,-1,1,-1,1,-1,-1,1,-1,1,1,1,1,-1,1,1,1,1,1,-1,-1,1,-1,-1,1,-1,1,-1,-1,1,-1,1,-1,-1,-1,-1,1,-1,1,-1,1,-1,1,1,-1,1,1,-1,-1,-1,1,-1,-1,1,1,-1,-1,1,-1,1,1,-1,1,-1,1,-1,-1,1,1,-1,-1,-1,-1,1,1,-1,1,-1,1,-1,1,-1,1,-1,-1,-1,-1,1,-1,1,-1,-1,-1,-1,1,-1,-1,-1,-1,-1,-1,1,-1,1,-1,1,-1,-1,1,-1,-1,1,-1,-1,-1,1,-1,1,-1,1,-1,-1,-1,-1,1,-1,1,-1,-1,1,-1,1,1,1,-1,-1,-1,1,1,-1,1,-1,-1,-1,1,1,1,-1,1,1,-1,1,1,1,1,1,1,1,-1,1,1,-1,1,-1,1,-1,1,-1,-1,-1,1,-1,-1,1,-1,-1,-1,1,1,-1,1,1,-1,-1,1,1,-1,-1,1,-1,-1,-1,-1,-1,1,1,-1,-1,-1,-1,-1,1,1,-1,-1,1,1,1,-1,1,-1,-1,1,1,-1,1,1,-1,-1,-1,1,-1,-1,1,1,-1,1,1,1,1,1,-1,1,1,1,-1,1,1,1,-1,1,1,-1,1,1,-1,1,1,1,-1,1,1,-1,-1,1,-1,1,1,1,-1,1,1,1,-1,1,1,-1,1,1,1,1,1,1,1,1,1,1,1,1,1,-1,1,-1,1,-1,1,1,1,1,1,1,1,1,1,-1,1,-1,1,1,1,1,1,-1,1,-1,1,1,1,1,1,1,1,1,1,1,-1,1,1,-1,-1,1,-1,-1,1,1,1,-1,1,1,-1,1,-1,-1,1,1,-1,-1,1,-1,1,-1,1,1,-1,1,-1,1,-1,1,-1,1,1,-1,1,1,1,1,-1,1,-1,1,-1,1,1,-1,1,-1,1,-1,1,1,-1,1,1,1,1,1,-1,1,1,-1,1,1,1,1,-1,1,-1,1,-1,1,1,-1,1,1,-1,1,1,1,-1,1,1,-1,1,1,1,1,1,-1,-1,1,1,1,1,1,-1,1,-1,1,1,1,1,1,-1,1,1,1,1,1,1,-1,1,-1,1,1,1,1,1,1,1,1,1,1,1,-1,1,1,-1,1,1,-1,1,1,1,1,1,1,1,-1,1,1,1,1,1,-1,1,1,1,1,1,1,-1,-1,1,-1,1,1,1,-1,1,1,1,1,1,-1,-1,1,1,1,1,1,1,-1,1,1,-1,1,1,-1,1,1,1,1,1,1,-1,-1,1,-1,1,1,-1,1,-1,1,1,1,-1,-1,-1,-1,1,1,1,1,-1,1,-1,1,1,1,1,1,-1,-1,1,1,-1,1,1,-1,-1,-1,1,1,1,-1,-1,-1,1,-1,-1,1,1,-1,-1,-1,1,-1,1,1,-1,-1,1,1,-1,1,1,-1,1,1,1,-1,1,1,-1,1,-1,1,1,1,1,-1,1,-1,1,1,1,-1,1,-1,1,1,1,1,-1,1,1,-1,1,1,-1,1,1,-1,-1,1,-1,1,1,-1,1,-1,1,-1,1,-1,-1,1,-1,1,-1,1,-1,1,-1,-1,-1,1,1,-1,-1,1,-1,-1,-1,1,1,-1,1,-1,-1,-1,1,1,-1,1,-1,-1,1,-1,-1,-1,-1,1,-1,1,-1,-1,1,1,-1,1,1,-1,-1,1,1,-1,-1,-1,1,-1,1,1,-1,1,-1,1,-1,-1,-1,1,-1,-1,-1,-1,-1,-1,-1,1,1,-1,1,1,-1,1,1,-1,-1,-1,1,-1,1,1,1,1,-1,1,-1,-1,1,1,-1,-1,1,-1,1,1,1,1,-1,1,-1,1,1,-1,-1,-1,1,-1,-1,1,1,-1,-1,-1,1,-1,1,-1,1,-1,1,-1,-1,1,-2660.0,1,2000,445,1500,True
2284,1,1,-1,-1,1,-1,-1,1,1,1,1,-1,1,1,1,1,-1,1,-1,-1,-1,1,1,1,1,-1,-1,-1,1,1,1,1,-1,-1,-1,1,-1,1,1,1,-1,-1,1,1,1,1,1,-1,1,1,1,1,-1,1,-1,-1,-1,-1,1,1,1,-1,-1,-1,1,1,1,1,-1,-1,1,-1,1,1,1,-1,-1,-1,1,1,1,-1,-1,-1,-1,1,1,1,-1,-1,-1,1,-1,1,1,-1,-1,1,-1,1,1,1,-1,-1,1,-1,-1,1,1,-1,-1,1,-1,-1,1,1,-1,-1,1,-1,-1,1,1,1,-1,1,-1,-1,1,1,1,-1,1,-1,-1,1,1,1,-1,-1,-1,-1,1,1,1,-1,1,-1,-1,-1,1,1,-1,-1,1,-1,-1,1,1,-1,1,1,-1,-1,1,1,-1,1,1,-1,1,1,-1,-1,1,-1,-1,1,1,-1,1,-1,1,-1,1,1,-1,1,1,-1,-1,-1,1,1,1,1,1,-1,-1,1,-1,1,1,1,-1,-1,1,1,-1,1,1,-1,1,1,-1,1,1,1,-1,1,1,1,1,1,1,1,-1,1,-1,-1,1,1,-1,-1,1,1,-1,1,1,-1,-1,1,-1,1,1,1,1,-1,1,1,-1,1,1,-1,1,1,-1,1,1,1,-1,-1,1,-1,1,-1,1,1,1,1,-1,1,-1,1,1,1,1,-1,1,-1,1,1,1,1,-1,-1,1,1,1,1,1,1,-1,1,1,-1,-1,1,1,-1,-1,1,1,1,1,-1,1,-1,1,1,1,-1,1,-1,-1,1,1,1,1,-1,1,-1,1,-1,1,1,1,1,-1,1,1,1,1,1,-1,-1,1,1,1,1,1,1,1,1,1,1,1,1,-1,1,1,1,-1,1,1,-1,1,1,1,-1,1,1,1,-1,1,-1,1,1,1,1,-1,1,1,-1,1,1,1,1,1,1,-1,1,1,-1,-1,1,1,1,-1,1,1,-1,-1,1,-1,1,1,1,1,1,1,1,-1,1,1,-1,1,1,-1,-1,-1,-1,-1,1,1,-1,1,1,-1,-1,1,-1,1,-1,1,1,-1,1,-1,-1,1,1,-1,-1,1,1,1,-1,1,-1,-1,-1,1,-1,1,-1,1,-1,1,1,-1,-1,-1,-1,1,1,1,-1,1,-1,-1,-1,1,1,1,-1,-1,-1,1,-1,1,-1,1,-1,-1,-1,-1,1,1,1,-1,-1,1,-1,1,1,-1,-1,-1,-1,1,-1,1,-1,-1,-1,1,-1,1,-1,-1,-1,-1,-1,1,1,-1,1,-1,-1,1,-1,1,-1,-1,1,-1,1,1,1,-1,-1,1,1,-1,1,1,-1,-1,1,-1,1,-1,1,1,-1,-1,1,-1,1,-1,1,-1,-1,1,-1,-1,-1,1,-1,-1,1,-1,1,-1,1,-1,-1,1,-1,-1,1,1,-1,-1,-1,1,-1,1,1,-1,1,-1,1,-1,-1,1,1,1,-1,1,-1,1,-1,1,-1,1,-1,1,1,-1,-1,1,1,1,1,-1,-1,1,-1,1,1,1,-1,-1,-1,-1,-1,1,1,1,-1,-1,-1,1,1,-1,1,-1,-1,-1,1,1,-1,1,-1,-1,-1,1,1,-1,1,-1,-1,-1,-1,1,1,1,-1,1,-1,-1,1,-1,1,-1,-1,1,-1,1,-1,1,1,-1,-1,-1,-1,-1,1,1,-1,1,-1,1,-1,-1,1,-1,-1,-1,1,1,1,-1,-1,-1,-1,-1,1,1,-1,1,-1,-1,1,1,1,1,-1,-1,-1,-1,-1,1,-1,1,-1,-1,1,-1,1,1,-1,1,-1,-1,1,1,1,-1,1,-1,1,-1,1,1,-1,-1,-1,-1,-1,1,1,-1,1,-1,1,-1,1,1,-1,-1,1,-1,-1,1,1,-1,-1,-1,1,-1,1,1,-1,-1,1,-1,-1,-1,-1,1,-1,1,-1,-1,1,-1,-1,1,-1,1,-1,1,1,-1,1,-1,1,-1,1,-1,1,-1,1,-1,-1,1,1,-1,1,-1,-1,-1,-1,1,-1,1,-1,1,-1,-1,1,-1,1,1,-1,-1,-1,-1,1,1,1,1,-1,-1,1,-1,-1,1,1,-1,-1,-1,-1,1,-1,1,-1,-1,1,1,-1,1,1,-1,-1,1,-1,-1,1,1,-1,-1,-1,-1,1,-1,1,-1,-1,-1,-1,-1,1,-1,-1,1,-1,-1,1,-1,1,-1,-1,-1,-1,-1,1,1,1,-1,-1,-1,1,1,1,-1,-1,-1,1,-1,-1,1,-1,-1,-1,-1,1,1,1,-1,-1,-1,-1,1,-1,1,1,-1,1,-1,-1,1,1,-1,-1,-1,-1,-1,-1,1,1,-1,-1,1,-1,1,1,-1,-1,-1,1,-1,1,1,-1,-1,1,-1,-1,1,1,1,-1,1,-1,1,1,1,-1,-1,1,-1,-1,1,1,1,-1,1,-1,-1,1,1,-1,1,1,-1,-1,1,1,-1,1,1,-1,-1,1,-1,-1,1,1,-1,-1,1,1,1,1,1,1,-1,1,1,1,1,1,-1,-1,1,-1,1,1,1,1,-1,-1,1,-1,1,1,1,-1,1,1,1,1,-1,1,-1,1,1,1,1,1,1,-1,1,-1,1,1,1,-1,1,1,1,1,1,1,-1,1,-1,1,1,1,-1,-1,1,1,1,1,-1,1,-1,-1,1,-1,1,1,-1,1,-1,1,-1,1,1,-1,-1,-1,1,1,1,1,-1,-1,1,1,-1,1,1,-1,1,-1,1,-1,1,1,-1,1,-1,1,-1,1,1,1,1,1,1,1,1,1,-1,-1,1,1,1,-1,1,-1,1,-1,-1,1,1,-1,-1,1,-1,1,-1,1,1,-1,1,1,1,1,1,-1,-1,-1,1,-1,-1,-1,-1,-1,1,1,1,1,1,-1,1,1,1,-1,1,1,1,-1,1,1,1,1,1,1,-1,1,1,1,1,1,1,-1,-1,1,-1,1,1,1,-1,1,1,1,-1,1,-1,-1,1,1,1,1,1,-1,-1,-1,1,-1,1,-1,1,-1,1,-1,1,1,-2660.0,1,2000,445,1000,True
2285,1,1,-1,-1,1,1,-1,1,1,1,1,-1,1,1,1,1,-1,1,-1,-1,-1,1,1,1,1,1,-1,-1,1,1,1,1,-1,-1,-1,1,-1,1,1,1,-1,-1,1,1,1,1,1,1,-1,-1,1,1,-1,1,-1,-1,-1,-1,1,1,1,-1,-1,-1,1,1,1,1,1,-1,1,-1,1,1,1,1,-1,1,-1,1,1,-1,1,-1,-1,1,1,1,1,-1,-1,1,-1,1,1,1,1,1,-1,1,1,1,1,1,1,-1,-1,1,1,1,1,-1,-1,-1,1,1,1,1,1,-1,-1,1,1,1,1,-1,-1,-1,1,1,1,1,1,-1,-1,1,1,1,1,1,-1,-1,1,1,1,1,1,-1,-1,-1,1,1,1,1,1,-1,-1,1,1,1,1,1,-1,1,1,1,1,1,1,-1,1,1,1,1,1,-1,-1,1,1,1,1,-1,1,-1,1,1,1,1,1,-1,-1,-1,1,1,1,1,1,-1,1,1,-1,1,1,1,-1,1,1,1,1,1,1,-1,1,1,-1,1,1,1,-1,1,1,1,1,1,1,1,-1,1,-1,1,1,1,-1,-1,1,1,1,1,1,-1,-1,1,-1,-1,1,1,1,-1,1,1,-1,1,1,-1,1,1,-1,-1,1,1,-1,-1,1,-1,1,-1,1,1,1,1,-1,1,-1,1,1,1,1,-1,1,-1,1,1,1,1,-1,-1,1,1,1,1,1,1,-1,1,1,-1,-1,1,1,1,-1,1,1,1,1,-1,1,-1,1,1,1,-1,1,1,1,1,1,1,1,-1,-1,1,1,-1,1,1,1,1,-1,1,1,1,1,1,1,1,1,1,1,1,1,-1,1,1,1,1,1,1,-1,1,1,1,-1,1,1,1,-1,1,1,-1,1,1,-1,1,1,-1,1,1,1,-1,1,1,1,1,1,1,-1,1,1,1,-1,1,1,-1,1,1,1,1,-1,1,-1,1,-1,1,-1,1,1,1,-1,-1,1,1,-1,1,-1,1,1,1,-1,-1,-1,-1,1,-1,1,-1,1,1,-1,1,1,-1,1,1,1,1,1,1,-1,-1,1,1,-1,1,1,1,1,-1,1,1,1,-1,1,-1,1,1,1,1,1,1,-1,-1,-1,1,-1,1,1,-1,1,-1,1,-1,1,1,1,-1,-1,1,-1,-1,1,-1,1,-1,1,1,-1,-1,1,1,-1,-1,1,-1,1,1,-1,-1,1,1,1,1,1,-1,-1,-1,1,-1,1,-1,-1,-1,1,1,1,1,-1,1,-1,1,-1,1,1,-1,1,-1,1,-1,1,1,-1,-1,-1,1,-1,1,1,-1,-1,-1,1,-1,-1,1,1,-1,-1,1,-1,1,-1,1,-1,-1,1,1,-1,-1,1,-1,-1,-1,1,1,-1,1,-1,-1,1,-1,-1,1,1,-1,-1,-1,1,-1,1,1,-1,-1,-1,1,-1,-1,1,1,1,-1,1,-1,1,-1,1,1,1,-1,1,1,-1,-1,1,1,1,1,-1,-1,1,-1,1,1,1,-1,-1,-1,1,-1,1,1,1,-1,-1,-1,1,1,-1,1,-1,-1,-1,1,1,-1,1,-1,-1,1,1,1,-1,1,-1,-1,-1,-1,1,1,1,-1,1,-1,-1,1,-1,1,-1,-1,1,1,-1,-1,1,1,-1,-1,-1,-1,-1,1,1,-1,-1,-1,1,-1,1,1,-1,-1,1,-1,1,1,-1,-1,-1,-1,-1,1,1,-1,1,-1,-1,1,1,1,1,-1,-1,-1,-1,-1,1,-1,1,-1,-1,1,-1,1,1,-1,1,-1,-1,1,1,1,-1,1,-1,1,-1,1,1,-1,-1,-1,-1,-1,1,1,-1,1,-1,1,-1,1,1,-1,-1,1,-1,-1,1,1,-1,-1,-1,1,-1,1,-1,1,-1,1,-1,-1,-1,-1,1,-1,1,-1,-1,1,-1,-1,1,-1,1,-1,-1,1,-1,1,-1,1,-1,1,-1,1,-1,1,-1,-1,-1,1,-1,1,-1,-1,-1,-1,1,-1,1,-1,1,-1,-1,1,-1,1,1,-1,-1,-1,-1,1,1,1,1,-1,-1,1,-1,-1,1,1,-1,-1,-1,-1,1,-1,1,-1,-1,1,1,-1,1,1,-1,-1,1,-1,-1,1,1,-1,-1,-1,-1,1,-1,1,-1,-1,-1,-1,-1,1,-1,-1,1,-1,-1,1,-1,1,-1,-1,-1,-1,-1,1,1,1,-1,-1,-1,1,1,1,-1,-1,-1,1,-1,-1,1,-1,-1,-1,-1,1,1,1,-1,-1,-1,-1,1,-1,1,1,-1,1,-1,-1,1,1,-1,-1,-1,-1,-1,-1,1,1,-1,-1,1,-1,1,1,-1,-1,-1,1,-1,1,1,-1,-1,1,-1,-1,1,1,1,-1,1,-1,1,1,1,-1,-1,1,-1,-1,1,1,-1,-1,1,-1,-1,1,1,-1,1,1,-1,-1,1,1,-1,-1,1,-1,-1,1,1,-1,-1,1,-1,-1,1,1,1,-1,-1,1,-1,-1,1,-1,-1,1,-1,-1,1,-1,1,-1,-1,1,-1,-1,1,1,-1,-1,1,-1,1,1,1,-1,-1,1,-1,1,1,1,-1,-1,1,1,-1,1,-1,-1,1,-1,1,-1,1,-1,-1,1,1,-1,1,1,-1,-1,-1,1,1,-1,1,-1,-1,1,1,-1,-1,1,1,-1,1,-1,1,-1,1,1,-1,-1,-1,1,-1,1,1,-1,-1,1,-1,-1,-1,1,-1,1,-1,1,-1,-1,1,-1,1,-1,1,-1,-1,1,-1,-1,1,-1,-1,-1,1,-1,-1,-1,-1,1,-1,1,1,-1,1,1,-1,1,1,-1,-1,1,1,-1,-1,1,-1,-1,1,1,-1,1,1,-1,-1,-1,-1,1,-1,-1,-1,-1,-1,1,-1,1,1,-1,1,1,-1,1,1,1,-1,-1,1,-1,1,1,1,-1,-1,1,-1,-1,-1,1,-1,-1,1,-1,1,1,1,-1,-1,1,-1,1,1,1,1,-1,1,-1,-1,1,1,-1,-1,-1,1,-1,1,-1,1,-1,1,-1,-1,1,-2660.0,1,2000,445,1000,True
2286,-1,-1,1,1,1,1,-1,1,-1,-1,-1,1,-1,1,-1,-1,1,-1,1,1,1,1,-1,-1,-1,1,-1,-1,-1,-1,-1,-1,1,1,-1,1,1,-1,-1,-1,1,-1,1,-1,-1,-1,-1,-1,1,-1,-1,-1,1,-1,1,-1,-1,1,-1,-1,-1,1,1,1,-1,-1,-1,-1,-1,-1,1,-1,-1,-1,-1,-1,1,1,-1,-1,-1,1,1,-1,-1,-1,-1,-1,-1,1,-1,-1,-1,-1,-1,-1,-1,1,-1,1,-1,-1,-1,-1,1,-1,-1,-1,-1,-1,-1,1,-1,-1,-1,-1,-1,-1,1,-1,-1,-1,-1,-1,-1,1,-1,-1,1,-1,-1,-1,1,-1,-1,1,-1,-1,-1,1,-1,-1,1,-1,-1,-1,-1,-1,-1,-1,-1,-1,-1,1,1,-1,1,1,-1,-1,1,-1,-1,-1,-1,-1,1,1,1,-1,-1,-1,-1,-1,1,-1,-1,1,-1,-1,1,-1,1,-1,-1,-1,-1,1,1,-1,-1,1,-1,1,1,1,1,-1,1,-1,-1,1,1,1,-1,1,-1,-1,-1,1,1,-1,1,-1,-1,1,1,1,1,1,-1,1,1,1,1,1,-1,1,-1,-1,1,1,1,-1,1,1,-1,1,1,1,-1,1,-1,1,1,1,1,-1,1,-1,-1,1,1,1,1,1,-1,1,1,1,-1,-1,1,-1,1,-1,1,-1,1,1,-1,1,-1,1,-1,1,1,-1,1,-1,1,-1,1,1,1,-1,1,1,-1,-1,1,-1,-1,1,1,-1,1,1,1,-1,-1,1,-1,1,1,-1,1,-1,1,1,-1,1,-1,-1,-1,1,-1,-1,1,-1,1,-1,1,1,-1,1,1,1,-1,1,-1,-1,1,1,-1,-1,1,-1,1,1,-1,1,-1,1,-1,1,1,1,-1,1,1,-1,1,-1,1,-1,1,1,-1,1,1,1,1,1,1,-1,1,1,1,1,1,-1,-1,1,1,1,1,1,-1,-1,1,1,1,1,1,-1,-1,-1,-1,1,-1,1,1,-1,1,1,1,1,1,1,-1,-1,-1,1,1,1,-1,-1,1,-1,-1,-1,1,1,-1,1,-1,1,-1,1,-1,1,-1,1,1,1,1,-1,1,-1,1,1,-1,1,-1,-1,-1,-1,1,1,1,1,-1,-1,1,-1,1,1,-1,-1,1,-1,-1,1,-1,1,-1,1,-1,1,-1,1,-1,-1,1,1,-1,1,-1,1,-1,-1,1,-1,1,-1,-1,-1,-1,1,-1,-1,1,1,-1,-1,-1,-1,1,1,-1,1,-1,1,-1,1,-1,1,-1,-1,1,-1,1,-1,-1,-1,1,1,-1,1,-1,1,-1,1,-1,1,1,-1,1,-1,1,-1,-1,1,-1,-1,-1,1,-1,1,-1,-1,1,-1,1,-1,-1,1,-1,-1,1,-1,1,-1,-1,-1,1,-1,1,1,-1,-1,-1,1,-1,1,-1,-1,1,-1,1,1,1,1,-1,-1,1,1,-1,1,1,-1,-1,1,1,1,-1,1,1,-1,1,1,1,1,-1,1,1,-1,1,1,-1,1,-1,1,-1,-1,1,-1,-1,1,-1,-1,1,-1,-1,-1,1,1,-1,1,1,-1,-1,1,-1,-1,-1,1,-1,-1,-1,-1,-1,1,1,-1,-1,-1,-1,-1,1,1,-1,-1,1,1,1,-1,1,-1,-1,1,1,-1,1,1,-1,-1,-1,1,-1,-1,1,1,-1,1,1,1,1,1,-1,1,1,1,-1,1,1,1,-1,1,1,-1,1,1,-1,1,1,1,-1,1,1,-1,-1,1,-1,1,1,1,-1,1,1,1,-1,1,1,1,1,1,1,1,1,1,1,1,1,1,1,1,1,-1,1,-1,1,-1,1,1,1,1,1,1,1,1,-1,1,1,-1,1,1,1,1,1,1,1,-1,1,1,1,1,1,1,1,1,1,1,-1,1,1,1,-1,1,-1,-1,1,1,1,-1,1,1,1,1,-1,1,1,1,-1,1,1,-1,1,-1,1,1,-1,-1,1,-1,-1,1,-1,1,1,-1,1,1,1,1,1,-1,-1,1,-1,1,1,-1,1,-1,1,-1,1,1,-1,-1,-1,1,-1,1,-1,1,1,1,-1,-1,1,1,-1,-1,-1,1,-1,1,1,-1,-1,-1,1,-1,1,1,-1,-1,-1,1,-1,1,1,1,-1,1,1,-1,1,1,-1,-1,1,-1,-1,1,1,-1,-1,1,-1,1,1,1,-1,-1,-1,-1,-1,1,1,-1,-1,1,1,1,1,1,1,-1,1,-1,-1,1,1,1,-1,1,1,1,1,1,-1,-1,1,-1,1,1,1,1,-1,-1,1,1,1,1,1,-1,-1,-1,1,-1,1,1,1,-1,1,1,1,1,1,-1,-1,1,1,1,1,1,1,-1,1,1,-1,1,-1,-1,1,1,1,1,1,1,-1,-1,1,1,1,1,1,-1,-1,1,1,1,1,1,1,-1,1,1,1,1,1,1,-1,1,1,1,1,1,1,-1,1,1,-1,1,1,-1,-1,1,1,-1,1,1,1,-1,1,-1,-1,1,1,1,-1,-1,1,-1,1,1,1,-1,1,1,-1,1,-1,1,-1,1,1,-1,1,1,1,-1,-1,1,1,1,1,-1,1,-1,1,1,1,1,-1,1,-1,1,1,1,-1,-1,1,-1,1,1,-1,1,-1,-1,-1,1,-1,1,-1,1,-1,-1,1,-1,1,-1,-1,-1,-1,1,-1,1,-1,1,-1,-1,-1,1,1,-1,1,-1,-1,-1,-1,1,-1,1,-1,-1,1,-1,1,1,1,1,-1,-1,1,-1,-1,-1,1,1,1,1,-1,-1,1,-1,-1,1,1,-1,-1,1,-1,-1,-1,-1,1,-1,1,1,1,1,-1,1,-1,-1,-1,-1,-1,-1,-1,-1,1,-1,1,1,1,-1,1,1,-1,1,1,-1,-1,-1,1,-1,1,1,1,1,-1,1,-1,1,1,1,-1,-1,1,-1,1,1,1,-1,-1,1,-1,1,1,-1,-1,-1,1,-1,-1,1,1,-1,-1,-1,1,-1,1,-1,1,-1,1,-1,-1,1,-2660.0,1,2000,445,1500,True
2287,-1,-1,1,1,1,1,-1,1,-1,-1,-1,1,-1,1,-1,-1,1,-1,1,1,-1,1,-1,-1,-1,1,-1,-1,1,-1,-1,-1,1,1,-1,1,1,-1,-1,-1,1,-1,1,-1,-1,-1,1,-1,1,-1,1,-1,1,-1,1,-1,-1,1,-1,-1,-1,1,1,1,-1,-1,-1,-1,-1,-1,1,-1,-1,-1,1,-1,-1,1,-1,-1,-1,-1,-1,-1,-1,-1,-1,1,-1,1,-1,-1,-1,-1,1,-1,-1,1,-1,1,-1,1,-1,-1,1,-1,-1,-1,1,-1,-1,1,-1,1,-1,1,-1,-1,1,-1,-1,-1,1,1,-1,1,-1,-1,-1,1,1,-1,1,-1,-1,1,1,1,-1,-1,-1,-1,1,1,1,-1,1,-1,-1,-1,1,1,-1,-1,1,-1,-1,1,1,-1,1,1,-1,-1,1,1,-1,1,1,-1,1,1,-1,-1,1,-1,-1,-1,1,-1,1,-1,1,-1,1,1,-1,1,1,-1,-1,1,1,-1,1,1,1,-1,1,1,1,-1,1,1,-1,1,1,-1,-1,1,1,-1,1,1,-1,1,1,1,1,1,1,1,1,1,1,1,-1,1,-1,-1,1,1,-1,1,-1,1,-1,1,1,1,1,1,-1,1,1,1,1,1,-1,-1,1,1,1,1,1,1,1,1,1,1,1,-1,-1,1,1,-1,1,-1,-1,-1,1,1,-1,1,1,-1,1,1,1,-1,1,-1,1,1,-1,1,1,1,1,1,1,1,1,1,1,1,-1,-1,1,1,-1,1,-1,-1,-1,1,1,-1,-1,1,1,-1,1,1,1,1,-1,-1,-1,-1,1,-1,-1,1,-1,-1,1,1,-1,1,-1,1,-1,1,1,1,-1,-1,-1,1,1,-1,1,1,-1,-1,1,1,-1,1,-1,-1,1,-1,1,1,-1,-1,-1,1,1,1,-1,1,1,-1,-1,1,1,-1,1,-1,-1,-1,1,1,1,1,-1,-1,1,-1,1,-1,1,-1,-1,1,-1,1,-1,1,1,-1,1,-1,1,1,-1,1,-1,-1,1,1,-1,1,-1,-1,1,1,-1,-1,1,1,-1,1,-1,1,-1,1,-1,1,1,-1,1,1,1,-1,1,1,-1,1,-1,1,-1,-1,1,-1,1,1,-1,1,-1,1,1,-1,1,-1,-1,-1,1,-1,-1,1,-1,1,-1,-1,1,-1,1,-1,-1,-1,-1,1,-1,1,-1,1,-1,1,1,-1,1,-1,-1,-1,-1,1,-1,-1,1,1,-1,-1,1,-1,1,1,-1,1,-1,1,-1,1,-1,1,-1,-1,-1,-1,-1,-1,-1,1,-1,1,-1,1,-1,1,-1,-1,-1,1,1,-1,1,-1,-1,-1,-1,1,-1,-1,-1,-1,-1,1,-1,1,1,-1,1,-1,-1,1,-1,-1,1,-1,-1,-1,1,-1,1,-1,1,-1,-1,-1,-1,1,-1,1,-1,-1,1,-1,1,1,1,-1,-1,-1,1,1,-1,1,-1,-1,-1,1,1,1,-1,1,1,-1,1,1,1,1,1,-1,1,-1,1,1,-1,1,-1,1,-1,1,-1,-1,-1,1,-1,-1,1,-1,-1,1,1,1,-1,1,1,-1,1,1,1,-1,-1,1,-1,-1,1,-1,-1,1,1,-1,-1,-1,-1,-1,1,1,-1,1,1,1,1,-1,1,-1,-1,1,1,-1,1,1,-1,-1,-1,1,-1,-1,1,1,-1,1,1,1,1,1,-1,1,1,1,-1,1,1,1,-1,1,1,-1,1,1,-1,1,1,1,-1,1,1,-1,-1,1,-1,1,-1,1,-1,1,1,1,-1,1,1,-1,1,1,1,1,1,1,1,1,1,1,1,1,1,-1,1,-1,1,-1,1,1,1,1,1,1,1,1,1,-1,1,-1,1,1,1,1,1,-1,1,-1,1,1,1,1,1,1,1,1,1,1,-1,1,1,-1,-1,1,-1,-1,1,1,1,-1,1,1,-1,1,-1,1,1,1,-1,-1,1,-1,1,-1,1,1,-1,1,-1,1,-1,1,-1,1,1,-1,1,1,1,1,-1,1,-1,1,-1,1,1,-1,1,-1,1,-1,1,1,-1,1,1,1,1,1,-1,1,1,-1,1,1,1,1,-1,1,-1,1,-1,1,1,-1,1,1,-1,1,1,-1,1,1,1,-1,1,1,1,-1,1,-1,-1,1,1,-1,1,1,-1,1,-1,1,-1,-1,1,1,-1,1,1,-1,-1,1,1,-1,1,1,-1,-1,-1,1,1,1,1,-1,1,1,1,-1,1,1,-1,-1,1,-1,1,1,1,-1,-1,-1,1,-1,1,1,-1,1,-1,-1,1,1,1,-1,-1,-1,-1,-1,1,-1,-1,-1,1,-1,1,1,1,-1,-1,1,-1,1,1,1,-1,1,1,-1,1,1,1,-1,1,-1,1,1,1,-1,-1,1,-1,-1,1,1,1,1,-1,-1,-1,1,1,1,-1,1,-1,-1,1,1,1,1,-1,-1,-1,1,1,-1,1,1,-1,-1,1,1,-1,1,1,-1,-1,1,1,1,1,-1,-1,-1,1,-1,-1,1,1,-1,-1,-1,1,-1,1,1,-1,-1,1,1,-1,1,1,-1,-1,1,1,-1,1,1,-1,1,-1,1,1,1,1,-1,1,-1,1,1,1,-1,1,-1,1,1,1,1,-1,-1,1,-1,1,1,-1,1,1,-1,-1,1,-1,1,1,-1,1,-1,1,-1,1,-1,-1,1,-1,1,-1,1,-1,1,-1,-1,-1,1,1,-1,-1,1,-1,-1,-1,1,1,-1,1,-1,1,-1,1,1,-1,1,-1,-1,1,1,-1,-1,-1,1,1,1,1,-1,1,1,-1,1,1,-1,-1,1,1,-1,-1,-1,1,-1,1,1,1,1,1,-1,-1,-1,-1,-1,-1,-1,-1,-1,-1,1,1,1,1,-1,1,1,-1,1,1,1,1,-1,1,-1,1,1,1,1,-1,1,-1,1,1,1,1,-1,1,-1,1,1,1,1,-1,1,-1,1,1,1,-1,-1,1,-1,1,1,1,-1,-1,-1,1,-1,1,-1,1,-1,1,-1,1,1,-2660.0,1,2000,445,1500,True
2288,-1,-1,1,1,1,1,-1,1,-1,-1,-1,1,-1,1,-1,-1,1,-1,1,1,1,1,-1,-1,-1,1,-1,-1,-1,-1,-1,-1,1,1,-1,1,1,-1,-1,-1,1,-1,1,-1,-1,-1,1,-1,1,-1,-1,-1,1,-1,1,-1,-1,1,-1,-1,1,1,1,1,-1,-1,-1,-1,-1,-1,1,-1,-1,-1,1,-1,1,1,-1,-1,-1,-1,-1,1,-1,-1,-1,1,-1,1,-1,-1,-1,-1,1,-1,-1,1,-1,1,-1,1,-1,-1,1,-1,-1,-1,1,-1,-1,1,-1,-1,-1,1,-1,-1,1,-1,-1,-1,1,1,-1,1,-1,-1,-1,1,1,-1,1,-1,-1,1,1,1,-1,1,-1,-1,1,1,1,-1,-1,-1,-1,-1,1,1,-1,1,1,-1,1,1,1,-1,1,-1,-1,-1,1,1,-1,1,1,-1,1,1,-1,-1,1,-1,-1,-1,1,-1,1,-1,1,-1,1,1,-1,1,1,-1,-1,1,1,1,1,1,1,-1,1,1,-1,1,1,1,-1,1,1,1,-1,1,1,-1,1,1,-1,1,1,1,1,1,1,1,1,1,1,1,-1,1,-1,-1,1,1,-1,1,-1,1,-1,1,1,1,1,1,-1,1,1,1,1,1,-1,1,-1,1,1,1,1,1,-1,1,-1,1,1,-1,1,-1,1,1,1,-1,-1,1,-1,1,-1,1,1,-1,1,-1,1,-1,1,-1,1,1,-1,-1,1,1,1,1,1,1,-1,1,1,1,-1,-1,1,1,-1,1,-1,-1,-1,1,-1,-1,1,1,1,-1,1,1,1,1,-1,-1,-1,-1,-1,-1,-1,1,-1,-1,1,1,-1,1,-1,-1,-1,1,1,-1,-1,-1,-1,1,1,-1,-1,1,-1,-1,1,1,-1,1,-1,-1,1,-1,1,1,-1,-1,-1,1,1,1,-1,1,1,-1,-1,1,1,-1,1,-1,-1,-1,1,1,-1,1,-1,-1,1,-1,1,-1,1,-1,-1,1,-1,1,-1,1,1,-1,1,-1,1,1,-1,1,-1,-1,1,1,-1,1,-1,-1,1,1,-1,-1,1,1,-1,1,-1,1,-1,1,-1,1,1,-1,1,1,1,-1,1,1,-1,1,-1,1,-1,-1,1,-1,1,1,1,1,-1,1,1,-1,1,1,-1,-1,1,-1,-1,1,-1,1,-1,-1,1,-1,1,1,-1,-1,-1,1,-1,1,-1,1,-1,1,1,-1,1,1,-1,-1,-1,1,-1,-1,1,1,-1,-1,1,-1,1,1,-1,1,-1,1,-1,-1,1,1,-1,-1,-1,-1,1,1,-1,-1,-1,1,-1,1,-1,1,-1,-1,-1,1,1,-1,1,-1,-1,-1,-1,1,-1,-1,-1,-1,-1,-1,1,-1,1,-1,-1,-1,-1,1,-1,-1,1,-1,-1,-1,1,1,1,-1,-1,-1,-1,1,-1,1,-1,1,-1,-1,1,-1,1,1,1,-1,-1,-1,1,1,-1,1,-1,-1,1,1,1,1,-1,1,1,-1,1,1,1,1,1,1,1,-1,1,1,-1,1,-1,1,1,-1,1,-1,-1,1,-1,-1,1,-1,-1,1,1,1,-1,1,1,-1,1,1,1,-1,-1,1,-1,-1,1,-1,-1,1,1,-1,-1,-1,-1,-1,1,1,-1,1,1,1,1,-1,1,-1,-1,1,1,-1,1,1,-1,-1,-1,1,-1,-1,1,1,-1,1,1,1,1,1,-1,1,1,1,-1,1,1,1,-1,1,1,-1,1,1,-1,1,1,1,-1,1,1,-1,-1,1,-1,1,1,1,-1,1,1,1,-1,1,1,-1,1,1,1,1,1,1,1,1,1,1,1,1,1,-1,1,-1,1,-1,1,1,1,1,1,1,1,1,1,-1,1,-1,1,1,1,1,1,-1,1,-1,1,1,1,1,1,1,1,1,1,1,-1,1,1,-1,1,1,-1,-1,1,1,-1,1,1,1,-1,1,-1,1,-1,1,-1,-1,1,-1,1,-1,1,1,-1,1,-1,1,-1,1,-1,1,1,-1,1,1,1,1,-1,1,-1,1,1,1,1,-1,1,-1,1,-1,1,1,-1,1,1,1,1,1,-1,1,1,-1,1,1,1,1,-1,1,-1,1,1,1,1,-1,1,1,-1,1,1,-1,1,1,1,-1,1,1,1,-1,1,-1,-1,1,1,-1,1,1,-1,1,-1,1,-1,-1,1,1,-1,1,1,-1,-1,1,1,-1,1,1,-1,-1,-1,1,1,1,1,-1,1,1,1,-1,1,1,-1,-1,1,-1,1,1,1,-1,-1,-1,1,-1,1,1,-1,1,-1,-1,1,1,1,-1,-1,-1,-1,-1,1,-1,-1,-1,1,-1,1,1,1,-1,-1,1,-1,1,1,1,-1,1,-1,-1,1,1,1,-1,1,-1,1,1,1,-1,-1,1,-1,-1,1,-1,1,-1,1,-1,-1,1,1,1,1,1,-1,-1,1,1,1,1,1,-1,-1,1,1,-1,1,1,-1,-1,1,1,-1,1,1,1,-1,1,1,1,1,1,-1,-1,1,-1,-1,1,1,1,-1,-1,1,-1,1,1,1,-1,1,-1,-1,1,-1,1,-1,1,1,-1,1,1,1,1,-1,-1,1,1,1,-1,1,-1,1,1,1,1,1,-1,1,-1,1,1,-1,1,1,-1,1,1,-1,1,1,-1,-1,1,-1,1,1,-1,1,-1,-1,-1,1,-1,-1,1,-1,1,-1,1,-1,1,-1,-1,-1,1,1,-1,-1,1,-1,-1,-1,1,-1,-1,1,-1,-1,-1,1,1,-1,1,-1,-1,1,1,-1,-1,-1,1,-1,1,-1,-1,1,1,-1,1,1,-1,-1,1,1,-1,-1,-1,1,-1,1,1,-1,1,-1,1,-1,-1,-1,1,-1,-1,-1,-1,1,-1,-1,1,1,-1,1,1,-1,1,1,-1,-1,-1,1,-1,1,1,1,1,-1,1,-1,-1,1,1,-1,1,1,-1,1,1,1,1,-1,1,-1,1,1,-1,-1,-1,1,-1,-1,1,1,-1,-1,1,1,-1,1,-1,1,-1,1,-1,-1,1,-2660.0,1,2000,445,1500,True
2289,-1,-1,1,1,1,1,-1,1,-1,-1,-1,1,-1,1,-1,-1,1,-1,1,-1,-1,1,-1,-1,-1,1,-1,-1,1,-1,-1,-1,1,-1,-1,-1,1,-1,-1,1,-1,-1,-1,-1,-1,-1,-1,-1,1,1,-1,-1,1,1,-1,-1,1,-1,-1,-1,1,-1,-1,1,-1,1,-1,-1,-1,-1,1,-1,-1,-1,1,-1,-1,-1,1,-1,-1,-1,-1,-1,1,-1,-1,1,-1,-1,1,1,-1,1,1,-1,-1,-1,1,1,1,1,-1,-1,1,1,-1,1,1,-1,-1,-1,1,-1,1,1,-1,-1,1,1,-1,1,1,1,-1,-1,1,-1,1,1,1,-1,1,1,-1,1,1,1,-1,1,1,-1,1,1,1,-1,1,1,1,-1,1,1,-1,-1,-1,1,-1,1,1,-1,1,-1,1,1,1,1,-1,1,1,-1,1,1,-1,-1,1,1,-1,1,1,-1,1,-1,-1,1,1,1,-1,1,1,1,1,1,1,1,1,1,-1,1,1,1,-1,1,1,-1,1,1,1,1,-1,1,1,-1,1,1,-1,1,1,-1,1,1,1,1,1,1,-1,-1,1,1,-1,-1,1,-1,1,1,-1,1,-1,1,-1,1,1,1,-1,1,1,-1,-1,1,1,-1,-1,1,-1,1,1,1,-1,1,1,-1,1,-1,1,-1,1,-1,1,-1,1,1,-1,1,-1,-1,1,1,1,-1,1,-1,1,-1,-1,1,1,-1,1,1,-1,-1,1,-1,-1,1,1,-1,1,1,1,-1,-1,1,-1,1,1,-1,1,-1,1,1,-1,1,-1,-1,-1,1,-1,-1,1,-1,1,-1,1,1,-1,1,1,1,-1,1,-1,-1,1,1,-1,-1,1,-1,-1,1,-1,1,-1,1,-1,-1,1,1,-1,1,1,-1,1,-1,1,-1,1,1,-1,1,1,1,1,1,1,-1,1,1,1,1,1,-1,-1,1,1,1,1,1,-1,-1,1,-1,1,1,1,-1,-1,1,-1,1,-1,1,1,-1,1,-1,1,1,1,1,-1,-1,1,1,1,1,-1,-1,1,1,-1,-1,1,1,-1,1,-1,1,-1,1,-1,1,1,-1,1,1,1,-1,-1,1,-1,1,-1,1,-1,-1,1,-1,1,1,1,1,-1,1,1,-1,1,1,-1,-1,1,-1,-1,1,-1,1,-1,-1,1,-1,-1,1,-1,-1,1,1,-1,1,-1,1,1,-1,1,-1,1,1,-1,-1,-1,1,-1,-1,1,1,-1,-1,1,-1,1,1,-1,1,-1,1,-1,1,1,1,-1,-1,-1,-1,1,1,-1,1,-1,1,-1,1,-1,1,-1,-1,-1,1,1,-1,1,-1,-1,-1,-1,1,-1,-1,1,-1,-1,-1,1,-1,1,1,-1,-1,-1,1,-1,-1,1,-1,-1,-1,1,1,1,-1,-1,-1,-1,-1,1,1,-1,1,-1,-1,1,1,1,1,1,-1,-1,-1,1,1,-1,1,-1,-1,-1,1,1,1,-1,1,1,-1,1,1,1,1,1,-1,1,-1,-1,1,-1,1,-1,1,1,-1,1,1,-1,1,-1,-1,-1,1,1,-1,1,1,-1,-1,-1,1,-1,1,1,-1,-1,-1,1,-1,-1,-1,-1,1,-1,1,-1,-1,-1,-1,-1,-1,1,-1,1,1,1,1,-1,1,-1,1,1,-1,1,-1,1,-1,-1,1,-1,1,-1,-1,1,1,1,1,1,1,-1,1,1,1,-1,1,-1,1,1,1,1,-1,-1,-1,1,1,1,1,-1,1,-1,1,-1,1,1,1,1,-1,-1,1,1,-1,-1,1,-1,-1,1,1,-1,1,1,1,-1,1,1,1,1,1,1,-1,1,-1,1,-1,1,1,-1,1,1,1,1,1,1,-1,1,-1,1,-1,1,1,-1,1,1,-1,1,1,1,1,1,1,1,1,1,1,-1,1,1,1,-1,1,-1,-1,-1,1,1,1,1,-1,1,1,-1,1,-1,1,-1,-1,1,-1,1,-1,-1,1,-1,-1,-1,1,-1,1,-1,-1,1,-1,1,1,1,-1,-1,1,-1,1,1,1,-1,-1,1,-1,1,-1,1,-1,-1,-1,-1,1,1,1,-1,1,1,-1,1,1,1,1,-1,-1,1,-1,1,1,-1,-1,-1,-1,-1,1,1,-1,1,-1,1,-1,1,1,1,-1,-1,-1,-1,1,1,-1,-1,-1,-1,1,-1,-1,1,-1,-1,1,-1,1,1,-1,-1,-1,1,-1,1,1,-1,-1,-1,1,1,1,1,-1,1,-1,1,-1,1,1,-1,-1,-1,1,1,1,1,-1,-1,-1,1,-1,1,1,-1,1,-1,-1,1,1,1,-1,-1,-1,-1,-1,1,-1,-1,-1,1,-1,1,1,-1,-1,-1,-1,-1,1,1,1,-1,1,1,-1,1,1,1,-1,-1,-1,1,1,1,-1,-1,1,-1,-1,1,1,1,-1,1,-1,-1,1,1,1,1,1,1,-1,1,1,-1,1,1,1,-1,1,1,1,1,1,1,-1,1,1,1,1,1,-1,-1,1,1,-1,1,1,1,-1,1,-1,1,1,1,1,-1,-1,1,-1,1,1,1,-1,1,1,1,1,-1,1,-1,1,1,1,1,1,1,-1,-1,-1,1,1,1,-1,1,-1,1,1,1,1,-1,1,-1,1,1,1,-1,-1,1,-1,1,1,-1,1,-1,-1,-1,1,1,1,-1,1,-1,-1,1,1,1,-1,-1,-1,-1,1,1,1,-1,-1,-1,-1,-1,1,1,-1,1,-1,-1,-1,1,1,-1,1,-1,1,-1,1,1,1,1,1,-1,-1,1,1,-1,-1,1,1,-1,1,1,-1,1,-1,-1,1,1,-1,-1,1,-1,-1,-1,1,1,-1,1,1,-1,1,1,-1,-1,-1,-1,1,-1,-1,-1,-1,1,-1,-1,1,1,-1,1,1,-1,1,1,1,1,-1,1,-1,1,1,1,-1,-1,1,-1,-1,-1,1,-1,-1,1,-1,1,1,1,-1,-1,1,-1,1,1,1,1,-1,1,-1,-1,1,1,1,-1,-1,1,-1,1,-1,1,-1,1,-1,-1,1,-2660.0,1,2000,445,1500,True
2290,1,1,-1,-1,1,1,-1,1,1,1,1,-1,-1,-1,1,1,-1,1,-1,-1,1,1,1,1,1,1,-1,-1,1,1,1,1,-1,-1,-1,1,-1,1,1,1,-1,-1,1,1,1,1,1,1,-1,1,1,1,-1,1,-1,1,1,-1,1,1,1,-1,1,1,1,1,1,1,1,-1,1,-1,1,1,1,1,1,1,-1,1,1,1,1,-1,-1,1,1,1,1,1,-1,1,-1,1,1,1,-1,1,-1,1,1,1,1,1,1,-1,-1,1,1,1,1,-1,-1,-1,1,1,1,1,1,-1,-1,1,1,1,1,-1,-1,-1,1,1,1,1,1,-1,-1,1,1,1,1,1,-1,-1,1,1,1,1,1,-1,-1,-1,1,1,1,1,1,-1,1,1,1,1,1,1,-1,-1,1,1,-1,1,1,-1,1,1,1,1,1,-1,-1,1,1,1,1,-1,1,-1,1,1,1,1,1,-1,-1,-1,1,1,1,1,1,-1,-1,1,-1,-1,1,1,-1,-1,1,1,1,1,1,-1,1,1,-1,-1,1,1,-1,1,1,1,1,1,1,1,-1,1,-1,1,1,1,-1,-1,1,1,1,1,1,-1,-1,1,-1,-1,1,1,1,-1,1,-1,1,1,1,-1,1,1,1,-1,1,1,-1,-1,-1,1,1,-1,1,1,1,-1,1,1,-1,1,1,1,1,1,1,-1,1,1,1,1,-1,1,1,1,1,1,1,1,1,1,1,-1,-1,1,-1,1,-1,1,1,1,1,1,1,-1,1,1,1,-1,1,1,1,1,1,1,1,-1,1,-1,1,-1,1,1,1,1,-1,1,1,1,1,1,-1,1,1,1,1,1,1,-1,1,1,1,1,1,-1,-1,1,1,1,-1,1,-1,1,-1,1,1,-1,1,1,-1,1,1,-1,1,1,1,-1,1,1,1,-1,1,1,-1,1,1,1,-1,1,1,1,1,1,1,1,-1,1,-1,1,-1,1,-1,1,1,-1,-1,-1,1,1,-1,1,-1,1,1,1,-1,-1,-1,-1,1,1,1,-1,1,1,-1,1,1,-1,1,1,1,-1,1,1,-1,1,1,-1,1,1,1,1,1,-1,1,-1,-1,-1,1,-1,1,-1,-1,1,1,1,-1,-1,-1,1,-1,1,1,-1,1,-1,-1,1,1,1,1,-1,-1,1,-1,-1,1,-1,1,-1,-1,-1,-1,-1,1,1,-1,-1,1,-1,1,1,-1,-1,1,-1,1,1,1,-1,-1,-1,1,-1,1,-1,-1,-1,-1,-1,1,1,-1,1,-1,-1,1,1,1,-1,-1,1,-1,1,1,1,-1,-1,-1,-1,-1,1,1,-1,-1,1,-1,1,-1,1,1,-1,-1,1,-1,1,-1,1,-1,-1,1,-1,-1,-1,1,-1,-1,-1,-1,1,-1,1,-1,-1,1,-1,-1,1,1,-1,-1,-1,-1,-1,1,1,-1,-1,-1,1,-1,-1,1,1,1,-1,1,-1,1,-1,1,-1,1,-1,1,1,-1,-1,1,1,1,-1,1,-1,1,-1,1,1,1,-1,-1,-1,1,-1,1,1,1,-1,-1,-1,1,1,-1,1,-1,-1,-1,1,1,-1,1,-1,-1,-1,1,1,-1,1,-1,-1,-1,-1,1,1,1,-1,1,-1,-1,1,-1,1,-1,1,1,1,-1,-1,1,1,-1,-1,-1,-1,-1,1,1,-1,-1,-1,1,-1,1,1,-1,-1,1,-1,1,1,-1,-1,-1,-1,-1,1,1,-1,1,-1,-1,1,1,1,1,-1,-1,-1,-1,-1,1,-1,1,-1,-1,1,-1,1,1,-1,1,-1,-1,1,1,1,-1,1,-1,1,-1,1,1,-1,-1,-1,-1,-1,1,1,-1,1,-1,1,-1,1,1,1,-1,1,-1,-1,1,1,-1,-1,-1,1,-1,1,1,-1,-1,1,-1,-1,-1,-1,1,-1,1,-1,-1,1,-1,-1,1,-1,1,-1,1,1,-1,1,-1,1,-1,1,-1,1,-1,1,-1,-1,1,1,-1,1,-1,-1,-1,-1,1,-1,1,-1,1,-1,-1,1,-1,1,1,-1,-1,-1,-1,1,1,1,1,-1,-1,1,-1,-1,1,1,-1,-1,-1,-1,1,-1,1,-1,-1,1,1,-1,1,1,-1,-1,1,-1,-1,1,1,-1,-1,-1,-1,1,-1,1,-1,-1,-1,-1,-1,1,-1,-1,1,-1,-1,1,-1,1,-1,-1,-1,-1,-1,1,1,1,-1,-1,-1,1,1,1,-1,-1,-1,1,-1,-1,1,-1,-1,-1,-1,1,1,1,-1,-1,-1,-1,1,-1,1,1,-1,1,-1,-1,1,1,-1,-1,-1,-1,-1,-1,1,1,-1,-1,1,-1,1,1,-1,-1,-1,1,-1,1,1,-1,-1,1,1,-1,1,1,1,-1,1,-1,1,1,1,-1,-1,1,-1,-1,1,1,-1,-1,-1,1,-1,1,1,-1,1,1,-1,-1,1,1,-1,-1,1,1,-1,1,1,-1,-1,1,-1,-1,1,1,1,-1,-1,-1,-1,1,1,-1,-1,1,-1,-1,1,-1,1,-1,1,-1,1,1,1,1,-1,-1,-1,-1,1,1,1,-1,1,-1,1,1,1,1,-1,-1,-1,1,-1,1,-1,-1,-1,-1,1,-1,1,-1,-1,-1,1,1,1,1,1,-1,-1,1,-1,1,1,-1,1,-1,1,1,1,-1,1,-1,1,-1,1,1,1,1,-1,1,-1,1,-1,1,1,-1,-1,1,-1,1,1,1,-1,1,-1,1,1,-1,1,-1,1,-1,1,1,-1,1,-1,1,-1,1,-1,1,1,-1,-1,-1,-1,-1,1,1,1,-1,1,1,1,1,1,-1,-1,1,1,1,1,-1,-1,-1,1,-1,1,1,1,-1,-1,-1,-1,-1,-1,-1,-1,-1,-1,-1,1,1,1,-1,1,1,-1,-1,1,-1,-1,-1,1,-1,1,1,1,-1,-1,1,-1,1,1,1,-1,-1,1,-1,1,1,-1,-1,-1,1,-1,1,-1,1,1,-1,1,-1,-1,1,1,-1,-1,-1,-1,1,1,-1,1,-1,1,-1,-1,1,-2660.0,1,2000,445,1000,True
2291,1,-1,1,1,1,1,-1,-1,-1,-1,-1,1,-1,1,-1,-1,1,-1,1,1,-1,1,-1,-1,-1,1,-1,-1,1,-1,-1,-1,1,1,-1,-1,1,-1,-1,-1,1,-1,1,-1,-1,-1,-1,-1,1,1,1,-1,1,-1,1,-1,1,-1,1,-1,-1,1,1,1,1,1,-1,-1,-1,-1,1,1,1,1,-1,-1,-1,-1,1,-1,-1,1,1,-1,1,1,1,-1,-1,1,-1,1,-1,1,-1,-1,-1,1,1,1,1,1,-1,-1,1,1,1,1,1,-1,-1,1,1,1,1,1,-1,-1,1,1,1,1,1,-1,-1,1,1,1,1,1,-1,-1,1,1,1,1,1,-1,-1,-1,1,1,1,1,1,-1,1,1,1,1,1,-1,-1,-1,-1,1,1,1,-1,-1,1,-1,1,1,1,1,-1,1,-1,1,1,1,-1,-1,1,1,1,1,1,-1,1,-1,-1,1,1,1,-1,1,1,1,1,-1,1,-1,1,1,-1,1,-1,1,-1,1,1,-1,1,-1,1,-1,-1,1,-1,1,-1,1,-1,1,1,-1,-1,-1,1,-1,-1,1,-1,-1,1,1,-1,-1,1,-1,1,1,-1,1,-1,1,-1,1,-1,1,-1,1,1,-1,-1,1,-1,1,-1,1,-1,1,1,1,-1,1,1,-1,1,-1,1,-1,1,-1,1,-1,-1,1,-1,1,-1,-1,-1,-1,1,-1,1,-1,1,-1,-1,1,-1,-1,1,1,-1,-1,1,1,-1,1,1,-1,-1,-1,1,1,-1,1,-1,-1,-1,1,-1,-1,1,1,1,-1,1,1,1,1,-1,-1,-1,1,-1,-1,1,1,-1,-1,1,1,-1,1,-1,-1,-1,1,1,-1,1,-1,-1,1,1,-1,-1,1,-1,-1,1,1,-1,1,1,-1,1,-1,1,1,-1,1,-1,1,1,1,-1,1,1,-1,-1,1,1,-1,1,-1,-1,-1,1,1,-1,1,-1,-1,1,-1,1,-1,1,-1,-1,1,-1,1,-1,1,1,-1,1,-1,1,1,-1,1,-1,-1,1,1,-1,1,-1,-1,1,1,-1,-1,1,1,-1,1,-1,1,-1,1,-1,1,1,-1,1,1,1,-1,1,1,-1,1,-1,1,-1,-1,1,-1,1,1,1,1,-1,1,1,1,1,1,-1,-1,1,-1,-1,1,-1,1,-1,-1,1,-1,1,1,-1,-1,-1,1,-1,1,-1,1,-1,-1,1,-1,1,1,-1,-1,-1,1,-1,-1,1,1,-1,-1,1,-1,1,1,-1,1,-1,1,-1,-1,1,1,-1,-1,-1,-1,1,1,-1,1,-1,1,-1,1,-1,1,-1,-1,-1,-1,1,-1,1,-1,-1,-1,-1,1,-1,-1,-1,-1,-1,-1,1,-1,1,-1,1,-1,-1,1,-1,-1,1,-1,-1,-1,1,1,1,-1,1,-1,-1,-1,1,1,-1,1,-1,-1,1,1,1,1,1,-1,-1,-1,1,1,-1,1,-1,-1,-1,1,1,1,-1,1,1,-1,1,1,1,1,1,-1,1,-1,-1,1,-1,1,-1,1,-1,-1,1,1,-1,1,-1,-1,-1,1,1,-1,1,1,-1,1,-1,1,-1,1,1,-1,-1,-1,1,-1,-1,-1,-1,1,-1,1,-1,-1,-1,-1,-1,-1,1,-1,1,1,1,1,-1,1,-1,1,1,-1,-1,-1,1,-1,-1,1,-1,1,-1,-1,1,1,1,1,-1,-1,1,1,1,1,-1,1,-1,-1,1,1,1,-1,1,-1,1,1,1,1,-1,-1,-1,1,-1,1,-1,1,1,-1,-1,1,1,1,-1,-1,-1,-1,1,1,1,1,-1,-1,-1,1,1,1,1,1,-1,-1,1,-1,1,-1,1,-1,-1,1,1,1,1,1,-1,-1,1,-1,1,1,1,-1,-1,1,1,-1,1,1,-1,-1,1,1,1,1,1,-1,1,-1,1,-1,-1,1,-1,1,-1,1,1,-1,1,-1,1,1,-1,-1,1,-1,1,1,1,-1,1,-1,-1,-1,1,1,-1,1,-1,-1,-1,1,1,-1,1,1,1,-1,-1,1,-1,1,-1,1,-1,1,1,-1,1,-1,-1,-1,-1,1,1,1,1,1,-1,1,1,-1,1,1,1,-1,1,1,-1,1,-1,1,-1,1,1,1,-1,1,1,-1,1,1,1,-1,1,1,-1,-1,1,-1,-1,1,-1,-1,1,1,-1,1,-1,-1,1,-1,1,1,-1,1,1,-1,-1,1,1,-1,1,1,-1,-1,-1,1,1,1,1,-1,1,1,1,-1,1,1,-1,-1,1,-1,1,1,1,1,-1,-1,1,-1,1,1,-1,1,-1,-1,1,1,1,-1,-1,-1,-1,-1,1,-1,-1,-1,1,-1,1,1,1,1,1,-1,-1,1,1,1,1,-1,-1,-1,1,1,-1,1,-1,-1,1,1,1,1,-1,1,-1,-1,1,1,1,1,1,-1,-1,1,1,1,-1,1,-1,-1,1,1,1,1,1,-1,-1,1,1,1,1,1,-1,-1,1,1,-1,1,1,1,-1,-1,1,-1,1,1,-1,-1,1,-1,1,1,1,1,-1,-1,1,-1,1,1,1,-1,1,1,-1,1,1,1,-1,1,1,-1,1,1,1,1,-1,1,1,1,1,-1,1,-1,1,1,1,1,1,-1,1,1,1,1,-1,1,1,-1,1,1,-1,1,1,-1,-1,1,-1,1,1,-1,1,-1,1,-1,1,-1,-1,1,-1,1,-1,1,-1,1,-1,-1,-1,1,1,-1,-1,1,-1,-1,-1,1,-1,-1,1,-1,-1,-1,1,1,-1,1,-1,-1,1,1,-1,-1,-1,1,-1,1,1,-1,1,1,-1,1,1,-1,-1,1,-1,-1,-1,-1,1,-1,1,1,-1,1,1,-1,-1,1,-1,1,-1,-1,-1,-1,1,-1,-1,1,1,-1,1,1,-1,1,1,1,1,-1,1,-1,1,1,1,1,-1,1,-1,-1,-1,1,1,-1,1,-1,1,1,1,1,-1,1,-1,1,1,1,-1,-1,1,-1,-1,1,1,-1,-1,-1,1,-1,1,1,1,-1,1,-1,-1,1,-2660.0,1,2000,445,1500,True
2292,-1,-1,1,1,1,1,-1,1,-1,-1,-1,1,-1,1,-1,-1,1,-1,1,1,-1,1,-1,-1,-1,1,-1,-1,-1,-1,-1,-1,1,1,-1,1,1,-1,-1,-1,1,-1,1,-1,-1,-1,-1,1,-1,-1,1,-1,1,-1,1,-1,-1,1,-1,-1,-1,1,1,1,-1,-1,-1,-1,-1,-1,1,-1,-1,-1,-1,-1,-1,1,-1,1,-1,1,1,-1,-1,-1,-1,-1,-1,1,-1,-1,1,-1,-1,-1,-1,1,-1,1,-1,1,-1,-1,1,-1,1,-1,-1,-1,-1,1,-1,1,-1,1,-1,-1,1,-1,1,-1,-1,-1,-1,1,-1,1,-1,1,-1,-1,1,-1,1,-1,-1,1,-1,-1,-1,1,-1,1,-1,-1,1,-1,-1,1,1,-1,-1,-1,1,-1,1,1,1,-1,1,-1,1,1,-1,1,-1,1,1,1,1,1,-1,-1,1,-1,1,-1,1,-1,1,-1,-1,1,1,1,-1,1,1,1,1,-1,1,1,1,1,-1,1,-1,1,-1,1,1,-1,1,-1,1,1,-1,1,-1,1,-1,-1,1,1,1,-1,1,-1,1,-1,1,1,-1,-1,1,1,-1,-1,1,-1,1,1,-1,1,1,1,-1,1,1,1,-1,1,1,-1,-1,1,1,-1,-1,1,-1,1,1,1,-1,1,1,-1,1,-1,1,-1,1,-1,-1,-1,1,1,-1,1,-1,-1,1,1,1,-1,1,-1,-1,-1,-1,1,1,-1,1,-1,-1,-1,1,-1,-1,1,1,-1,1,1,1,-1,-1,1,-1,1,1,-1,1,-1,1,-1,-1,1,-1,-1,-1,1,-1,-1,1,-1,1,-1,1,1,-1,1,1,1,-1,1,-1,-1,1,1,-1,-1,1,-1,-1,1,-1,1,-1,1,-1,-1,1,1,-1,1,1,-1,1,-1,1,-1,-1,1,-1,1,1,1,1,1,1,-1,1,1,1,1,1,-1,-1,1,1,1,1,1,-1,-1,1,-1,1,1,1,-1,-1,1,-1,1,-1,1,1,-1,1,-1,1,1,1,1,-1,-1,1,1,1,-1,-1,-1,1,1,-1,-1,1,-1,-1,1,-1,1,-1,1,-1,1,1,-1,1,1,1,-1,-1,1,-1,1,-1,1,-1,-1,1,-1,1,1,1,1,-1,1,1,-1,1,1,-1,-1,1,-1,-1,1,-1,1,-1,-1,1,-1,-1,1,-1,-1,1,1,-1,1,-1,1,-1,-1,1,-1,1,-1,-1,-1,-1,1,-1,-1,1,1,-1,-1,1,-1,1,1,-1,1,-1,1,-1,1,-1,1,-1,-1,-1,-1,-1,-1,-1,1,-1,1,-1,1,-1,1,-1,-1,-1,1,1,-1,1,-1,-1,-1,-1,1,-1,-1,-1,-1,-1,1,-1,1,1,-1,1,-1,-1,1,-1,-1,1,-1,-1,-1,-1,-1,1,-1,1,-1,-1,-1,-1,1,-1,1,-1,-1,1,-1,1,1,1,-1,-1,-1,1,1,-1,1,-1,-1,-1,1,1,1,-1,1,1,-1,1,1,1,1,1,-1,1,-1,1,1,1,-1,1,1,-1,-1,1,1,-1,1,-1,-1,1,1,1,-1,1,1,-1,1,1,1,-1,1,1,-1,-1,1,1,-1,-1,-1,-1,1,1,1,-1,-1,-1,-1,1,1,1,1,1,1,1,-1,1,1,-1,1,1,-1,1,1,-1,1,-1,1,-1,-1,1,1,1,1,1,1,1,1,-1,1,1,1,-1,1,1,1,1,1,1,-1,1,-1,1,1,1,1,-1,-1,-1,1,-1,1,-1,1,-1,-1,-1,1,1,1,-1,1,-1,-1,1,1,1,1,1,-1,-1,1,1,1,1,1,-1,-1,1,-1,1,-1,1,-1,1,1,1,1,1,1,-1,-1,1,1,1,1,1,-1,-1,1,1,-1,1,1,-1,-1,1,1,1,1,1,-1,1,-1,1,1,-1,1,1,1,-1,1,1,-1,1,-1,1,1,-1,1,1,1,1,-1,1,-1,1,-1,1,-1,1,-1,-1,1,-1,1,1,-1,1,-1,1,1,1,1,-1,1,-1,1,-1,1,1,1,1,-1,1,-1,1,1,-1,-1,-1,1,1,1,1,1,1,-1,1,1,1,1,1,-1,1,-1,1,1,1,-1,-1,-1,-1,1,1,1,1,-1,1,-1,1,1,1,-1,-1,-1,-1,1,1,-1,-1,-1,-1,1,-1,1,1,-1,-1,1,-1,1,1,-1,-1,-1,1,-1,1,1,-1,-1,-1,1,1,1,1,-1,1,-1,1,-1,1,1,1,-1,-1,-1,1,1,1,1,-1,-1,1,-1,1,1,-1,1,-1,-1,1,1,1,1,-1,-1,-1,-1,1,-1,1,-1,1,-1,1,1,1,1,-1,-1,-1,1,1,1,1,-1,1,-1,1,1,-1,1,-1,-1,1,1,1,1,-1,1,-1,-1,1,1,1,-1,1,-1,-1,1,1,1,1,1,1,-1,1,1,1,1,1,1,-1,1,1,1,1,1,1,-1,1,1,-1,1,1,-1,-1,1,1,-1,1,1,1,-1,1,-1,1,1,1,1,-1,-1,1,-1,1,-1,1,-1,1,1,-1,1,-1,1,-1,1,1,-1,1,1,1,-1,-1,1,1,1,1,-1,1,-1,1,1,1,1,-1,1,-1,1,1,1,-1,-1,1,-1,1,1,-1,1,-1,-1,-1,1,-1,1,-1,1,-1,-1,1,-1,1,-1,-1,-1,-1,1,-1,1,-1,-1,-1,-1,-1,1,1,-1,1,-1,-1,1,-1,1,-1,1,1,-1,1,-1,1,1,1,1,-1,-1,1,1,-1,-1,1,1,1,1,1,-1,1,-1,-1,1,1,-1,-1,1,-1,-1,-1,-1,1,-1,1,-1,1,1,1,-1,-1,1,-1,-1,-1,-1,-1,-1,1,-1,1,1,1,-1,1,1,-1,1,1,1,1,-1,1,-1,1,1,1,1,-1,1,-1,1,1,1,1,-1,1,-1,1,1,1,1,-1,1,-1,1,1,1,-1,-1,1,-1,-1,1,1,-1,-1,-1,1,-1,1,1,1,-1,1,-1,-1,1,-2660.0,1,2000,445,1500,True
2293,-1,-1,-1,-1,1,-1,-1,1,-1,1,1,-1,1,1,-1,-1,1,1,-1,-1,-1,1,-1,1,1,-1,-1,-1,-1,-1,1,1,-1,-1,-1,1,1,-1,1,1,-1,-1,1,-1,-1,1,1,-1,1,-1,-1,1,-1,1,-1,-1,-1,1,-1,1,1,-1,-1,1,-1,-1,1,1,-1,-1,1,-1,-1,1,1,-1,-1,1,-1,-1,1,-1,-1,-1,-1,-1,1,1,-1,-1,1,-1,-1,1,1,-1,-1,-1,-1,1,1,1,-1,-1,1,-1,-1,1,1,-1,-1,-1,-1,-1,1,1,-1,-1,1,-1,-1,1,1,1,-1,-1,-1,-1,1,1,1,-1,1,-1,-1,1,1,1,-1,1,-1,-1,1,1,1,-1,1,-1,-1,-1,1,1,-1,-1,1,-1,1,1,1,-1,1,-1,-1,-1,1,1,-1,1,1,-1,1,1,-1,-1,1,-1,-1,1,1,-1,1,-1,1,-1,1,1,-1,1,1,-1,-1,-1,1,1,1,1,1,-1,1,1,-1,1,1,1,-1,1,1,1,-1,1,1,-1,1,1,-1,1,1,1,-1,1,1,1,1,1,1,1,-1,1,-1,-1,1,1,1,-1,1,1,1,1,1,-1,-1,1,-1,1,1,1,1,-1,1,1,-1,1,1,-1,1,1,-1,1,1,1,-1,-1,1,-1,1,-1,1,1,1,1,-1,1,-1,1,1,1,1,-1,1,-1,1,1,1,1,-1,-1,1,1,1,1,1,1,-1,1,1,1,-1,1,1,-1,-1,1,1,1,1,-1,1,-1,1,-1,1,-1,1,-1,-1,1,1,1,1,-1,1,-1,1,-1,1,1,1,1,-1,1,1,1,1,1,-1,-1,1,1,1,1,1,1,-1,1,1,1,1,1,-1,1,1,1,1,-1,1,-1,1,1,1,1,1,1,1,1,1,1,1,1,1,1,1,1,1,1,1,1,1,1,1,1,1,1,1,1,1,1,1,-1,-1,1,-1,1,-1,1,-1,1,1,1,1,-1,1,1,-1,1,1,-1,1,1,1,-1,-1,-1,1,1,1,1,-1,1,-1,1,1,1,-1,1,1,1,1,1,1,-1,1,1,-1,1,1,1,-1,-1,1,1,1,-1,1,-1,1,-1,1,1,1,1,1,-1,-1,1,-1,1,1,1,-1,1,1,1,1,1,1,1,-1,1,-1,-1,1,-1,1,-1,1,-1,-1,-1,1,1,-1,-1,1,-1,1,1,-1,-1,1,1,1,1,-1,1,-1,1,-1,-1,1,1,1,-1,-1,-1,1,1,1,1,-1,1,-1,1,-1,1,-1,1,1,-1,1,-1,1,-1,-1,1,-1,1,-1,1,-1,1,-1,1,1,1,1,-1,-1,1,-1,1,-1,1,1,-1,1,-1,1,-1,1,1,-1,-1,-1,1,-1,1,-1,-1,1,-1,1,-1,1,1,-1,-1,1,1,-1,1,1,-1,-1,1,1,1,1,1,1,-1,1,1,-1,-1,-1,1,1,-1,1,1,-1,-1,1,1,1,-1,1,-1,1,-1,1,-1,1,-1,-1,-1,1,-1,-1,1,1,-1,-1,-1,1,-1,-1,1,-1,-1,-1,1,-1,1,1,-1,-1,1,1,-1,1,1,-1,-1,-1,-1,-1,-1,1,-1,1,-1,-1,-1,1,1,-1,1,1,1,-1,-1,1,1,-1,-1,-1,1,1,1,1,-1,-1,-1,1,1,1,1,-1,-1,1,-1,1,1,-1,-1,-1,-1,1,1,1,-1,1,-1,-1,1,1,1,1,-1,-1,-1,1,1,1,1,-1,-1,-1,1,1,1,1,-1,-1,-1,1,1,1,1,-1,1,-1,1,1,1,1,-1,-1,-1,-1,1,-1,1,-1,-1,-1,1,1,1,1,-1,-1,1,1,1,1,1,-1,-1,-1,1,1,1,-1,1,-1,1,-1,1,-1,-1,1,-1,-1,-1,1,1,-1,-1,-1,1,1,1,-1,1,-1,-1,1,1,1,1,-1,-1,1,-1,-1,-1,-1,1,-1,1,-1,-1,1,-1,1,-1,-1,1,-1,1,-1,1,-1,1,-1,1,1,-1,-1,1,-1,1,-1,-1,-1,1,-1,1,-1,-1,-1,-1,-1,-1,-1,1,-1,-1,-1,1,1,-1,1,-1,-1,-1,1,-1,-1,1,-1,-1,-1,-1,-1,1,1,-1,-1,-1,-1,-1,1,-1,-1,-1,1,-1,-1,1,-1,1,-1,-1,-1,-1,-1,-1,-1,1,-1,-1,-1,1,1,-1,-1,-1,-1,1,-1,-1,-1,-1,-1,-1,-1,1,1,1,-1,-1,-1,-1,1,-1,1,1,-1,1,-1,-1,1,1,-1,-1,-1,-1,-1,-1,1,1,-1,-1,1,-1,1,1,-1,-1,-1,1,-1,-1,1,-1,-1,1,-1,-1,1,1,1,-1,1,-1,1,1,1,-1,-1,1,-1,-1,1,1,1,-1,1,-1,-1,1,1,-1,1,1,-1,-1,1,1,-1,1,1,-1,-1,1,1,-1,1,1,-1,-1,1,1,1,1,-1,1,-1,1,1,1,1,1,-1,-1,1,-1,1,1,1,1,-1,-1,1,-1,1,-1,1,-1,1,1,1,1,-1,1,-1,1,1,1,1,1,1,-1,-1,1,1,1,1,-1,1,-1,1,1,1,1,-1,1,-1,1,1,1,-1,-1,1,-1,1,1,-1,1,-1,-1,-1,1,1,1,-1,1,-1,-1,1,1,1,-1,-1,-1,-1,1,1,1,-1,-1,-1,-1,-1,1,1,-1,1,-1,-1,-1,1,1,-1,1,-1,-1,1,1,1,1,1,1,-1,-1,1,1,-1,-1,1,1,1,-1,1,-1,1,-1,-1,1,1,-1,-1,1,-1,-1,-1,1,1,-1,1,1,1,1,1,-1,-1,-1,-1,-1,-1,-1,-1,-1,1,-1,1,1,1,-1,1,1,-1,1,1,1,1,-1,1,-1,1,1,1,-1,-1,1,-1,1,1,1,-1,-1,1,-1,1,1,1,-1,-1,1,-1,1,1,1,1,-1,1,-1,-1,1,1,1,-1,-1,1,-1,1,-1,1,-1,1,-1,-1,1,-2660.0,1,2000,445,1000,True
2294,1,1,-1,-1,1,-1,-1,1,1,1,1,-1,1,1,1,1,-1,1,-1,-1,-1,1,1,1,1,-1,-1,-1,1,1,1,1,-1,-1,-1,1,-1,1,1,1,-1,-1,1,1,1,1,1,-1,1,-1,1,1,-1,1,-1,-1,-1,-1,1,1,1,-1,-1,1,1,1,1,1,-1,-1,1,-1,1,1,1,-1,-1,1,-1,1,1,-1,-1,-1,-1,1,1,1,-1,-1,1,-1,-1,1,1,-1,-1,-1,-1,1,1,1,-1,-1,1,-1,-1,1,1,-1,-1,-1,-1,-1,1,1,-1,-1,1,-1,-1,1,1,1,-1,-1,-1,-1,1,1,1,-1,1,-1,-1,1,1,1,-1,1,-1,-1,-1,1,1,-1,1,-1,-1,-1,1,1,-1,-1,1,-1,1,1,1,-1,1,1,-1,-1,1,1,-1,1,1,-1,1,1,-1,-1,1,-1,-1,1,1,-1,1,-1,1,-1,1,1,-1,1,1,-1,-1,-1,1,1,1,1,1,-1,-1,1,-1,1,1,1,-1,-1,1,1,-1,1,1,-1,1,1,-1,1,1,1,-1,1,1,1,1,1,1,1,-1,1,-1,-1,1,1,1,-1,1,1,-1,1,1,-1,-1,1,-1,1,1,1,1,-1,-1,1,-1,1,1,-1,1,1,-1,1,-1,1,-1,-1,1,-1,1,1,1,1,1,1,-1,1,-1,1,1,-1,1,-1,1,-1,1,1,1,1,-1,-1,1,1,1,1,1,1,-1,1,1,1,-1,1,1,-1,-1,1,1,-1,-1,1,1,-1,1,-1,1,-1,1,-1,-1,1,1,1,-1,-1,1,-1,1,-1,1,-1,1,1,-1,1,1,1,-1,1,1,-1,1,1,-1,1,1,1,1,1,1,-1,1,1,-1,1,1,1,-1,1,1,-1,1,1,1,1,1,1,1,-1,1,1,1,1,1,1,-1,1,1,-1,1,1,1,1,1,1,1,-1,1,-1,-1,1,1,1,1,1,1,-1,-1,1,-1,1,1,1,1,-1,1,1,-1,1,1,-1,1,1,-1,1,1,1,-1,-1,1,-1,1,-1,-1,1,1,-1,1,-1,1,-1,-1,1,-1,1,-1,1,1,-1,1,1,1,-1,-1,-1,-1,-1,1,1,1,-1,-1,-1,1,1,-1,1,-1,1,1,1,1,-1,1,-1,-1,1,1,1,-1,1,-1,1,-1,-1,1,1,1,-1,-1,-1,-1,-1,1,1,-1,-1,1,-1,1,1,-1,-1,1,-1,1,1,1,1,-1,-1,1,-1,1,-1,-1,1,-1,-1,1,1,-1,1,-1,-1,1,1,1,-1,-1,1,-1,1,1,1,-1,-1,-1,-1,-1,1,1,-1,-1,1,-1,1,-1,1,1,-1,-1,1,-1,1,-1,1,-1,-1,1,-1,-1,-1,1,-1,-1,-1,-1,1,-1,1,-1,-1,1,-1,-1,1,1,-1,-1,-1,-1,-1,1,1,-1,-1,-1,1,-1,-1,1,1,1,-1,1,-1,1,-1,1,1,1,-1,1,1,-1,-1,1,1,1,1,-1,-1,1,-1,1,1,1,-1,-1,-1,1,-1,1,1,1,-1,-1,-1,1,1,-1,1,-1,-1,-1,1,1,1,1,-1,-1,1,1,1,1,1,-1,-1,-1,-1,1,-1,1,-1,1,-1,-1,1,-1,1,-1,1,1,1,-1,-1,1,1,-1,-1,-1,-1,-1,1,1,-1,-1,-1,1,-1,1,1,-1,-1,1,-1,1,1,-1,-1,-1,-1,-1,1,1,-1,1,-1,-1,1,1,1,1,-1,-1,-1,-1,-1,1,1,-1,-1,-1,1,-1,1,1,-1,1,-1,-1,1,1,1,-1,1,-1,1,-1,1,1,-1,-1,-1,-1,-1,1,1,-1,1,-1,1,-1,1,1,-1,-1,1,-1,-1,1,1,-1,-1,-1,1,-1,1,1,1,-1,1,-1,-1,-1,-1,1,-1,1,-1,-1,1,-1,-1,1,-1,1,-1,1,1,-1,1,-1,1,-1,1,-1,1,-1,1,-1,-1,1,1,-1,1,-1,-1,-1,-1,1,1,1,-1,1,-1,-1,1,-1,1,1,-1,-1,-1,-1,1,1,1,1,-1,-1,1,1,-1,1,1,-1,-1,-1,1,-1,1,-1,-1,-1,1,1,1,-1,1,-1,-1,1,1,1,-1,1,-1,-1,-1,1,-1,-1,1,-1,-1,-1,1,-1,1,-1,-1,1,-1,1,-1,-1,1,-1,-1,-1,1,1,-1,1,1,-1,-1,1,-1,1,1,-1,-1,-1,1,-1,-1,1,-1,-1,-1,1,-1,1,1,-1,-1,-1,-1,-1,1,1,1,-1,1,-1,1,-1,1,-1,-1,-1,-1,-1,-1,1,1,-1,-1,1,-1,1,1,-1,-1,-1,1,-1,1,1,-1,-1,1,-1,-1,1,1,1,-1,1,-1,1,1,1,-1,-1,1,-1,-1,1,1,1,-1,1,-1,1,1,1,-1,1,1,-1,-1,1,1,-1,1,1,-1,-1,1,1,-1,1,1,-1,-1,1,1,1,1,1,1,-1,1,1,1,-1,1,-1,-1,1,-1,1,1,1,1,-1,1,1,-1,1,1,1,-1,1,1,1,1,-1,1,-1,1,1,1,1,1,1,-1,-1,1,1,1,1,-1,1,-1,1,1,1,1,1,-1,1,1,1,1,-1,-1,-1,1,1,1,-1,1,-1,1,1,-1,1,1,-1,1,-1,1,1,1,1,-1,-1,1,-1,1,1,1,-1,-1,1,1,1,1,1,-1,1,-1,1,-1,1,1,-1,1,-1,1,-1,1,1,1,1,1,-1,1,1,1,-1,-1,1,-1,1,-1,1,-1,1,-1,1,1,1,-1,-1,1,-1,1,1,1,1,-1,1,-1,1,1,1,-1,-1,-1,1,-1,-1,-1,-1,-1,1,-1,1,1,1,-1,1,1,1,-1,1,1,1,-1,1,1,1,1,1,-1,-1,1,1,-1,1,1,-1,1,-1,1,1,1,1,-1,-1,1,1,1,-1,1,1,-1,1,1,1,1,1,1,-1,1,1,1,1,-1,1,-1,1,-1,1,1,-2660.0,1,2000,445,1000,True
2295,1,1,-1,-1,1,1,-1,1,1,1,1,-1,1,1,1,1,-1,1,-1,-1,-1,1,1,1,1,-1,-1,-1,1,1,1,1,-1,-1,-1,1,-1,1,1,1,-1,-1,1,1,1,1,1,-1,1,1,1,1,1,1,-1,-1,1,-1,1,1,1,-1,-1,1,1,1,1,1,-1,-1,1,-1,1,1,1,-1,-1,1,-1,1,1,-1,-1,-1,-1,1,1,1,-1,-1,1,1,-1,1,1,-1,-1,-1,-1,-1,1,1,-1,-1,1,-1,-1,1,1,-1,-1,-1,-1,-1,1,1,-1,-1,1,-1,-1,1,1,1,-1,-1,-1,-1,1,1,1,-1,1,-1,-1,1,1,1,-1,1,-1,-1,-1,1,1,-1,1,-1,-1,-1,1,1,-1,-1,1,-1,-1,1,1,-1,1,-1,-1,-1,1,1,-1,1,1,-1,1,1,-1,-1,1,-1,-1,1,1,-1,1,-1,1,-1,1,1,-1,1,1,-1,-1,-1,1,1,1,1,1,-1,-1,1,-1,1,1,1,-1,-1,1,1,-1,1,1,-1,1,1,-1,1,1,1,-1,1,1,1,1,1,1,1,-1,1,-1,-1,1,1,-1,-1,1,1,-1,1,1,-1,-1,1,-1,1,1,1,1,-1,1,1,-1,1,1,-1,1,1,-1,1,1,1,-1,-1,1,-1,1,-1,1,1,1,1,-1,1,-1,1,1,1,1,-1,1,-1,1,1,1,1,-1,-1,1,1,1,1,1,1,-1,1,1,-1,-1,1,1,-1,-1,1,1,1,1,-1,1,-1,1,1,1,-1,1,-1,-1,1,1,1,1,-1,1,-1,1,-1,1,1,1,1,-1,1,1,1,1,1,-1,-1,1,1,1,1,1,1,1,1,1,1,1,1,-1,1,1,1,-1,1,1,-1,1,1,1,-1,1,1,1,-1,1,-1,1,1,1,1,-1,1,1,-1,1,1,1,1,1,1,-1,1,1,-1,-1,1,1,1,-1,1,1,-1,-1,1,-1,1,1,1,1,-1,1,1,-1,1,1,-1,1,1,-1,-1,-1,-1,-1,-1,1,-1,1,1,-1,-1,1,-1,1,-1,1,1,-1,1,-1,1,1,1,-1,-1,1,1,1,-1,1,-1,-1,-1,1,-1,1,-1,1,-1,1,1,-1,-1,-1,-1,1,1,1,-1,1,-1,-1,-1,1,1,1,-1,-1,-1,1,-1,1,-1,1,-1,-1,-1,-1,1,1,1,-1,-1,1,-1,1,1,-1,-1,-1,-1,1,-1,1,-1,-1,-1,1,-1,1,-1,-1,-1,-1,-1,1,1,-1,1,-1,-1,1,-1,1,-1,-1,1,-1,1,-1,1,-1,-1,1,-1,-1,1,1,-1,-1,1,-1,1,-1,1,1,-1,-1,1,-1,1,-1,1,-1,-1,1,-1,-1,-1,1,-1,-1,1,-1,1,-1,1,-1,-1,1,-1,-1,1,1,-1,-1,-1,1,-1,1,1,-1,1,-1,1,-1,-1,1,1,1,-1,1,-1,1,-1,1,-1,1,-1,1,1,-1,-1,1,1,1,-1,1,-1,1,-1,1,1,1,-1,-1,-1,-1,-1,1,1,1,-1,-1,-1,1,1,-1,1,-1,-1,-1,1,1,-1,1,-1,-1,1,1,1,-1,1,-1,-1,-1,-1,1,1,1,-1,1,-1,-1,1,-1,1,-1,-1,1,1,1,-1,1,1,-1,-1,-1,-1,-1,1,1,-1,-1,-1,1,-1,1,1,-1,-1,-1,-1,1,1,-1,-1,-1,-1,-1,1,1,-1,1,-1,1,1,1,1,1,-1,-1,-1,-1,-1,1,-1,1,-1,-1,1,-1,1,1,-1,1,-1,-1,1,1,1,-1,1,-1,1,-1,1,1,-1,1,-1,-1,-1,1,1,-1,1,-1,1,-1,1,1,-1,-1,1,-1,-1,1,1,-1,-1,-1,1,-1,1,1,-1,-1,1,-1,-1,1,-1,1,-1,1,-1,-1,1,-1,-1,1,-1,1,-1,1,1,-1,1,-1,1,-1,1,-1,1,-1,1,-1,-1,1,1,-1,1,-1,-1,-1,-1,1,-1,1,-1,1,-1,-1,1,-1,1,1,-1,-1,-1,-1,1,1,1,1,-1,-1,1,-1,-1,1,1,-1,-1,-1,-1,1,-1,1,-1,-1,1,1,1,1,1,-1,-1,1,-1,-1,1,1,-1,-1,-1,-1,1,-1,1,-1,-1,-1,-1,-1,1,-1,-1,1,-1,-1,1,-1,1,-1,-1,-1,-1,-1,1,1,1,-1,-1,-1,1,1,1,-1,-1,-1,1,-1,-1,1,1,-1,-1,-1,1,1,1,-1,-1,-1,-1,1,-1,1,-1,-1,1,-1,-1,1,1,-1,-1,-1,-1,-1,-1,1,1,-1,-1,1,-1,1,1,-1,-1,-1,1,-1,1,1,-1,-1,1,-1,-1,1,1,1,-1,1,-1,1,1,1,-1,-1,1,-1,-1,1,1,1,-1,1,-1,-1,1,1,-1,1,1,-1,-1,1,1,1,1,1,-1,-1,1,-1,-1,1,1,-1,-1,1,1,1,1,1,1,-1,1,1,1,1,1,-1,-1,1,-1,1,1,1,1,-1,-1,1,-1,1,1,1,-1,1,1,1,1,-1,1,-1,1,1,1,1,1,1,-1,1,-1,1,1,1,-1,1,1,1,1,1,1,-1,1,-1,1,1,1,-1,-1,1,1,1,1,-1,1,-1,-1,1,-1,1,1,-1,1,-1,1,1,1,1,-1,-1,-1,1,1,1,1,-1,-1,1,1,-1,1,1,-1,1,-1,1,-1,1,1,-1,1,-1,1,-1,1,1,1,1,1,1,1,1,1,-1,-1,1,1,1,1,1,-1,1,-1,-1,1,1,-1,-1,1,-1,1,-1,1,1,-1,1,1,1,1,1,-1,-1,-1,1,-1,-1,-1,-1,-1,1,1,1,1,1,-1,1,1,1,-1,1,1,1,-1,1,1,1,1,1,-1,-1,1,1,1,1,1,-1,-1,-1,1,-1,1,1,-1,-1,1,1,1,-1,1,1,-1,1,1,1,1,1,1,-1,-1,1,1,1,-1,1,-1,1,-1,1,1,-2660.0,1,2000,445,1000,True
2296,1,1,-1,-1,1,-1,-1,1,1,1,1,-1,1,1,1,1,-1,1,-1,-1,-1,1,1,1,1,-1,1,-1,1,1,1,1,1,-1,-1,1,-1,1,1,1,-1,-1,1,1,1,1,1,-1,1,-1,1,1,-1,1,-1,-1,1,-1,1,1,1,-1,-1,-1,1,1,1,1,-1,-1,1,-1,1,1,1,-1,-1,1,-1,1,1,-1,-1,-1,-1,1,1,1,-1,-1,-1,1,-1,1,1,-1,-1,1,-1,-1,1,1,-1,-1,1,-1,-1,1,1,-1,-1,1,-1,-1,1,1,-1,-1,1,-1,-1,1,1,1,-1,1,-1,-1,1,1,1,-1,1,-1,-1,1,1,1,-1,-1,-1,-1,-1,1,1,-1,1,-1,-1,-1,1,1,-1,-1,1,-1,-1,1,1,-1,1,-1,-1,-1,1,1,-1,1,1,-1,1,1,-1,-1,1,-1,-1,1,1,-1,1,-1,1,-1,1,1,-1,1,1,-1,-1,-1,1,1,1,1,1,-1,-1,1,-1,1,1,1,-1,-1,1,1,-1,1,1,-1,1,1,1,1,1,1,-1,1,1,-1,-1,1,1,1,-1,1,-1,-1,1,1,-1,-1,1,-1,1,1,1,-1,-1,1,-1,1,1,1,1,-1,-1,1,-1,1,1,-1,1,1,-1,1,1,1,-1,-1,1,-1,1,-1,1,1,1,1,-1,1,-1,1,1,-1,1,-1,1,-1,1,1,1,1,1,-1,1,1,1,1,1,1,-1,1,1,-1,-1,-1,1,-1,-1,1,1,-1,-1,1,1,-1,1,1,1,-1,1,-1,-1,1,1,1,-1,1,-1,-1,1,-1,1,-1,1,1,-1,1,1,1,-1,1,1,-1,1,1,-1,1,-1,1,1,1,1,-1,1,1,-1,1,1,1,-1,1,1,-1,1,1,1,1,1,1,1,-1,1,1,1,1,1,1,-1,1,1,-1,1,1,1,-1,1,1,1,-1,1,1,-1,1,1,1,1,1,1,-1,-1,1,1,-1,1,1,1,-1,1,1,-1,1,1,-1,1,1,1,1,1,1,-1,1,1,1,1,-1,1,-1,1,-1,1,-1,1,-1,-1,1,1,1,-1,1,1,-1,1,1,1,-1,1,-1,-1,-1,1,1,1,1,-1,1,1,1,1,1,-1,-1,1,1,1,-1,1,1,-1,1,1,1,1,1,-1,-1,1,-1,1,-1,1,-1,-1,-1,1,1,-1,1,-1,-1,1,-1,1,-1,1,-1,-1,-1,1,1,-1,1,-1,-1,1,-1,1,-1,-1,1,-1,-1,1,1,-1,1,-1,-1,1,1,1,-1,-1,1,-1,1,1,-1,-1,-1,1,1,-1,1,1,-1,-1,1,-1,1,-1,1,1,-1,-1,1,-1,1,-1,-1,-1,-1,1,-1,-1,-1,1,-1,-1,1,-1,1,-1,1,-1,-1,1,-1,-1,1,1,-1,-1,-1,1,-1,1,1,-1,1,-1,1,-1,-1,-1,1,1,-1,1,-1,1,1,1,-1,1,-1,1,1,-1,-1,1,1,1,-1,1,-1,1,-1,1,1,1,-1,-1,-1,-1,-1,1,-1,1,-1,-1,-1,1,1,-1,1,-1,-1,-1,1,1,-1,1,-1,-1,1,1,1,-1,1,-1,-1,-1,-1,1,1,1,-1,1,-1,-1,1,-1,1,-1,-1,1,1,-1,-1,1,1,-1,-1,-1,-1,-1,1,1,-1,-1,-1,1,-1,1,1,-1,-1,1,-1,1,1,-1,-1,-1,-1,-1,1,1,-1,1,-1,-1,1,1,1,1,-1,-1,-1,-1,-1,1,-1,1,-1,-1,1,-1,1,1,-1,-1,-1,-1,1,1,1,-1,1,-1,1,-1,1,1,-1,-1,1,1,-1,1,1,-1,-1,-1,1,-1,1,1,-1,-1,1,1,-1,1,1,-1,-1,-1,1,-1,1,1,1,-1,1,-1,-1,1,-1,1,-1,1,-1,-1,1,-1,1,-1,1,1,-1,1,1,-1,-1,1,-1,-1,1,-1,1,-1,1,-1,-1,1,1,-1,-1,1,-1,-1,-1,1,1,-1,1,-1,-1,-1,1,-1,-1,1,-1,-1,-1,-1,1,1,1,1,-1,-1,1,1,-1,1,1,-1,-1,-1,1,-1,-1,-1,-1,-1,1,1,1,-1,1,-1,-1,1,1,1,-1,1,-1,-1,-1,1,-1,-1,1,-1,-1,-1,1,-1,1,-1,-1,1,-1,1,-1,-1,1,-1,-1,-1,1,1,-1,1,1,-1,-1,-1,-1,1,1,-1,-1,-1,1,1,-1,1,-1,-1,-1,1,-1,1,1,-1,-1,-1,-1,-1,1,1,1,-1,1,-1,1,-1,1,-1,-1,-1,-1,-1,-1,1,1,-1,-1,1,-1,1,1,-1,-1,-1,-1,-1,1,1,-1,-1,-1,-1,-1,1,1,1,-1,-1,-1,1,1,1,-1,-1,1,-1,-1,1,1,1,-1,1,-1,-1,1,1,-1,1,-1,-1,-1,1,1,1,1,1,-1,-1,1,-1,1,1,1,1,-1,1,1,1,1,1,1,-1,1,1,1,-1,1,-1,-1,1,-1,1,1,1,1,-1,-1,1,-1,1,-1,1,-1,-1,1,1,1,-1,1,-1,-1,1,1,1,1,1,-1,1,-1,1,1,1,1,-1,1,1,1,1,1,-1,1,-1,1,1,1,-1,-1,-1,1,1,1,-1,1,-1,1,1,-1,1,1,-1,1,-1,1,-1,1,1,-1,-1,-1,1,1,1,1,-1,-1,1,1,-1,1,1,-1,1,-1,1,-1,1,1,-1,1,-1,1,-1,1,1,1,1,1,1,1,1,1,-1,-1,1,-1,1,-1,1,-1,1,-1,1,1,1,-1,-1,1,1,1,-1,1,1,-1,1,1,1,1,1,-1,-1,-1,1,-1,-1,-1,-1,-1,1,-1,1,1,1,-1,1,1,1,-1,1,1,1,-1,1,1,1,1,1,1,-1,1,1,1,1,1,1,-1,-1,1,-1,1,1,1,-1,1,1,1,-1,1,-1,-1,1,1,1,1,1,-1,-1,-1,1,1,1,-1,1,-1,1,-1,1,1,-2660.0,1,2000,445,1000,True
2297,1,1,-1,-1,1,1,-1,1,1,1,1,-1,-1,1,1,1,-1,1,-1,-1,-1,1,1,1,1,1,-1,-1,1,1,1,1,-1,-1,-1,1,-1,1,1,1,-1,-1,1,1,1,1,1,1,-1,-1,1,1,-1,1,-1,-1,1,-1,1,1,1,-1,-1,-1,1,1,1,1,1,-1,1,-1,1,1,1,1,-1,1,-1,1,1,1,1,-1,-1,1,1,1,1,1,1,1,-1,1,1,1,-1,-1,-1,1,1,1,1,1,-1,-1,-1,1,1,1,1,-1,-1,-1,1,1,1,1,1,-1,-1,1,1,1,1,-1,-1,-1,1,1,1,1,-1,-1,-1,1,1,1,1,-1,-1,-1,1,1,1,1,1,-1,-1,-1,1,1,1,-1,1,-1,-1,1,1,1,-1,-1,-1,-1,1,1,1,-1,1,-1,1,1,1,1,-1,-1,-1,1,1,1,-1,1,1,-1,1,1,1,-1,-1,-1,-1,-1,1,1,-1,-1,1,-1,-1,1,-1,1,-1,1,-1,-1,1,1,1,-1,1,-1,1,1,1,1,-1,1,-1,1,1,-1,-1,-1,1,1,-1,1,-1,1,-1,1,-1,-1,1,-1,1,-1,1,-1,-1,1,-1,-1,-1,1,1,-1,1,1,-1,-1,1,-1,1,1,-1,-1,-1,1,-1,-1,1,-1,1,-1,1,1,1,1,-1,-1,1,1,1,1,1,1,-1,1,1,1,1,1,-1,-1,-1,1,1,1,1,1,-1,-1,1,-1,-1,1,1,-1,1,1,1,1,1,-1,1,-1,1,1,1,-1,1,1,1,1,1,1,1,-1,-1,1,1,-1,1,1,1,-1,1,1,1,1,1,1,1,1,1,1,1,1,1,1,-1,1,1,1,1,1,-1,1,1,1,-1,1,1,1,-1,1,1,-1,1,1,-1,1,1,-1,1,1,1,-1,1,1,1,-1,1,1,-1,1,1,1,-1,1,1,-1,1,1,1,1,-1,1,-1,1,-1,1,-1,1,1,1,-1,-1,1,1,-1,1,-1,1,1,1,-1,-1,-1,-1,1,1,1,-1,1,1,-1,1,1,-1,1,-1,1,1,1,1,-1,-1,1,1,-1,1,1,1,1,-1,1,1,-1,-1,1,-1,1,-1,1,-1,1,1,-1,-1,-1,1,-1,1,1,-1,1,-1,1,-1,1,1,1,-1,-1,1,-1,-1,1,-1,1,-1,1,-1,-1,-1,1,1,-1,-1,1,-1,1,1,-1,-1,1,1,1,1,1,-1,-1,1,-1,-1,1,-1,-1,-1,1,-1,1,1,-1,1,-1,1,-1,1,1,-1,-1,1,1,-1,1,1,-1,-1,-1,1,-1,1,1,-1,-1,1,-1,1,-1,1,1,-1,-1,1,-1,1,-1,1,-1,-1,1,-1,-1,-1,1,-1,-1,1,-1,1,-1,1,-1,-1,1,-1,-1,1,1,-1,-1,-1,1,-1,1,1,-1,-1,-1,1,-1,-1,1,1,1,-1,1,-1,1,-1,1,-1,1,-1,1,1,-1,-1,1,1,1,-1,1,-1,1,-1,1,1,1,-1,-1,-1,1,-1,1,-1,1,-1,-1,-1,1,1,-1,1,-1,-1,-1,1,1,-1,1,-1,-1,-1,1,1,-1,1,-1,-1,-1,-1,1,1,1,-1,1,-1,-1,1,-1,1,-1,-1,1,1,-1,-1,1,1,-1,-1,-1,-1,-1,1,1,-1,-1,-1,1,-1,1,1,-1,-1,1,-1,1,1,-1,-1,-1,-1,-1,1,1,-1,1,-1,-1,1,1,1,1,-1,-1,-1,-1,-1,1,-1,1,-1,-1,1,-1,1,1,-1,1,-1,-1,1,1,1,-1,1,-1,1,-1,1,1,-1,1,-1,-1,-1,1,1,-1,1,-1,1,-1,1,1,-1,-1,1,-1,-1,1,1,-1,-1,-1,1,-1,1,1,1,-1,1,-1,-1,-1,-1,1,-1,1,-1,-1,1,-1,-1,1,-1,1,-1,1,1,-1,1,-1,1,-1,1,-1,1,-1,1,-1,-1,1,1,-1,1,-1,-1,-1,-1,1,-1,1,-1,1,-1,-1,1,-1,1,1,-1,-1,-1,-1,1,1,1,1,-1,-1,1,-1,-1,1,1,-1,-1,-1,-1,1,-1,1,-1,-1,1,1,-1,1,1,-1,-1,1,-1,-1,1,1,-1,-1,-1,-1,1,-1,1,-1,-1,-1,-1,-1,1,-1,-1,1,-1,-1,1,-1,1,-1,-1,-1,-1,-1,1,1,1,-1,-1,-1,1,1,1,-1,-1,-1,1,-1,-1,1,-1,-1,-1,-1,1,1,1,-1,-1,-1,-1,1,-1,1,1,-1,1,-1,-1,1,1,-1,-1,-1,-1,-1,-1,1,1,-1,-1,1,-1,1,1,-1,-1,-1,1,-1,1,1,-1,-1,-1,-1,-1,1,1,1,-1,-1,-1,1,1,1,-1,-1,1,-1,-1,1,1,-1,-1,1,-1,-1,1,1,-1,1,-1,-1,-1,1,1,-1,-1,1,-1,-1,1,1,-1,-1,1,-1,-1,1,1,1,-1,-1,1,-1,1,1,-1,-1,1,-1,-1,1,-1,1,-1,-1,1,-1,-1,1,1,-1,-1,1,-1,1,1,1,-1,-1,1,-1,1,1,1,-1,-1,1,1,-1,-1,-1,-1,1,-1,1,-1,1,-1,-1,1,-1,1,-1,1,1,-1,1,1,1,-1,1,-1,1,-1,1,-1,-1,1,1,-1,-1,1,1,-1,1,1,-1,1,-1,1,-1,1,1,-1,1,1,-1,-1,-1,1,-1,1,-1,1,-1,-1,1,1,-1,1,1,-1,1,1,-1,-1,1,-1,-1,-1,1,-1,1,1,-1,1,1,1,1,1,-1,1,-1,1,1,1,1,-1,1,-1,-1,1,1,1,-1,1,1,1,1,-1,1,1,-1,1,-1,1,1,1,-1,1,1,1,1,1,1,-1,-1,1,1,1,1,1,-1,-1,1,1,1,1,1,1,-1,1,1,1,1,1,1,-1,1,1,1,1,1,-1,-1,1,1,1,1,1,1,-1,1,1,1,1,1,-1,1,-1,1,1,-1,1,1,-1,1,1,-2660.0,1,2000,445,1000,True
2298,1,1,-1,-1,1,1,-1,1,1,1,1,-1,1,1,1,1,-1,1,-1,-1,-1,1,1,1,1,1,-1,-1,1,1,1,1,-1,-1,-1,1,-1,1,1,1,-1,-1,1,1,1,1,1,1,-1,1,1,1,1,1,-1,-1,1,-1,1,1,1,-1,-1,1,1,1,1,1,1,-1,1,-1,1,1,1,1,-1,1,-1,1,1,-1,1,-1,-1,1,1,1,1,-1,1,1,-1,1,1,1,1,-1,-1,-1,1,1,1,1,1,-1,-1,1,1,1,1,-1,-1,-1,1,1,1,1,1,-1,-1,1,1,1,1,-1,-1,-1,1,1,1,1,1,-1,-1,1,1,1,1,1,-1,-1,-1,1,1,1,1,-1,-1,-1,1,1,1,1,1,-1,-1,1,1,1,1,-1,-1,-1,1,1,-1,1,1,-1,1,1,1,1,1,-1,-1,1,1,1,1,-1,1,-1,1,1,1,1,1,-1,-1,-1,1,1,1,1,1,-1,-1,1,-1,-1,1,1,-1,-1,1,1,1,1,1,-1,1,1,-1,-1,1,1,-1,1,1,1,1,1,1,1,-1,1,-1,-1,1,1,-1,-1,1,1,1,1,1,-1,-1,1,-1,-1,1,1,1,-1,1,-1,1,1,1,-1,1,1,1,1,1,1,-1,-1,-1,1,1,-1,1,1,1,-1,1,1,-1,1,1,1,1,1,1,-1,1,1,1,1,-1,1,1,1,1,1,1,1,1,1,1,-1,-1,1,-1,1,-1,1,1,1,1,1,1,-1,1,1,1,-1,1,1,1,1,1,1,1,-1,1,-1,1,-1,1,1,1,1,-1,1,1,1,1,1,-1,-1,1,1,1,1,1,-1,1,1,1,1,1,-1,-1,1,1,1,-1,1,-1,1,-1,1,1,-1,1,1,-1,1,1,-1,1,1,1,-1,1,1,1,-1,1,1,-1,1,1,1,-1,1,1,1,1,1,1,1,-1,1,-1,1,-1,1,-1,1,1,-1,-1,1,1,1,-1,1,-1,1,1,1,-1,-1,-1,-1,1,1,1,-1,1,1,-1,1,1,-1,1,-1,1,-1,1,1,-1,-1,1,-1,1,1,1,1,1,-1,1,-1,-1,-1,1,-1,1,-1,-1,1,1,1,-1,-1,-1,1,-1,1,1,-1,1,-1,-1,1,1,1,1,-1,-1,1,-1,-1,1,-1,1,-1,-1,-1,-1,-1,1,1,-1,-1,1,-1,1,1,-1,-1,1,-1,-1,1,1,-1,-1,-1,1,-1,1,-1,-1,-1,-1,-1,1,1,-1,1,-1,-1,1,1,1,-1,-1,1,-1,1,1,1,-1,-1,-1,-1,-1,1,1,-1,-1,1,-1,1,-1,1,1,-1,-1,1,-1,1,-1,1,-1,-1,1,-1,-1,-1,1,-1,-1,-1,-1,1,-1,1,-1,-1,1,-1,-1,1,1,-1,-1,-1,-1,-1,1,1,-1,-1,-1,1,-1,-1,1,1,1,-1,1,-1,1,-1,1,1,1,-1,1,1,-1,-1,1,1,1,-1,1,-1,1,-1,1,1,1,-1,-1,-1,1,-1,1,1,1,-1,-1,-1,1,1,-1,1,-1,-1,-1,1,1,-1,1,-1,-1,-1,1,1,-1,1,-1,-1,-1,-1,1,1,1,-1,1,-1,-1,1,-1,1,-1,-1,1,1,-1,-1,1,1,-1,-1,-1,-1,-1,1,1,-1,-1,-1,1,-1,1,1,-1,-1,1,-1,1,1,-1,-1,-1,-1,-1,1,1,-1,1,-1,-1,1,1,1,1,-1,-1,-1,-1,-1,1,-1,1,-1,-1,1,-1,1,1,-1,1,-1,-1,1,1,1,-1,1,-1,1,-1,1,1,-1,-1,-1,-1,-1,1,1,-1,1,-1,1,-1,1,1,-1,-1,1,-1,-1,1,1,-1,-1,-1,1,-1,1,1,1,-1,1,-1,-1,1,-1,1,-1,1,-1,-1,1,-1,-1,1,1,1,-1,1,1,-1,1,-1,1,-1,1,-1,1,-1,1,-1,-1,1,1,-1,1,-1,-1,-1,-1,1,-1,1,-1,1,-1,-1,1,-1,1,1,-1,-1,-1,-1,1,1,1,1,-1,-1,1,-1,-1,1,1,-1,-1,-1,-1,1,-1,1,-1,-1,1,1,-1,1,1,-1,-1,1,-1,-1,1,1,-1,-1,-1,-1,1,-1,1,-1,-1,-1,-1,-1,1,-1,-1,1,-1,-1,1,-1,1,-1,-1,-1,-1,-1,1,1,1,-1,-1,-1,1,1,1,-1,-1,-1,1,-1,-1,1,1,-1,-1,-1,1,1,1,-1,-1,-1,-1,1,-1,1,-1,-1,1,-1,-1,1,1,-1,-1,-1,-1,-1,-1,1,1,-1,-1,1,-1,1,1,-1,-1,-1,1,-1,1,1,-1,-1,1,1,-1,1,1,1,-1,1,-1,1,1,1,-1,-1,1,-1,-1,1,1,-1,-1,-1,1,-1,1,1,-1,1,1,-1,-1,1,1,-1,-1,1,1,-1,1,1,-1,-1,1,-1,-1,1,1,1,-1,-1,-1,-1,1,1,-1,-1,1,-1,-1,1,-1,1,-1,1,-1,1,1,1,1,-1,-1,-1,-1,1,1,1,-1,1,-1,1,1,1,1,-1,-1,-1,1,-1,1,-1,-1,-1,-1,1,-1,1,-1,-1,-1,1,1,1,1,-1,-1,-1,1,-1,1,1,-1,1,-1,1,1,1,-1,1,-1,1,-1,1,1,1,1,-1,1,-1,1,-1,1,1,-1,-1,1,-1,1,1,1,-1,1,-1,1,1,-1,1,-1,1,-1,1,1,-1,1,-1,1,-1,1,-1,1,1,-1,-1,-1,-1,-1,1,1,1,-1,1,1,1,1,1,-1,-1,1,1,1,1,1,-1,-1,1,-1,1,1,1,-1,-1,-1,-1,-1,-1,-1,-1,-1,1,-1,1,1,1,-1,1,1,-1,-1,1,1,-1,-1,1,-1,1,1,1,-1,-1,1,-1,1,1,1,-1,-1,1,-1,1,1,1,-1,-1,1,-1,1,-1,1,1,-1,1,-1,-1,1,1,1,-1,-1,-1,1,1,1,1,-1,1,-1,-1,1,-2660.0,1,2000,445,1000,True
2299,1,1,-1,-1,1,1,-1,1,1,1,1,-1,-1,1,1,1,-1,1,-1,-1,-1,1,1,1,1,1,-1,-1,1,1,1,1,-1,-1,-1,1,-1,1,1,1,-1,-1,1,1,1,1,1,1,-1,-1,1,1,-1,1,-1,-1,1,-1,1,1,1,-1,-1,-1,1,1,1,1,1,-1,1,-1,1,1,1,1,-1,1,1,1,1,-1,1,-1,-1,1,1,1,1,-1,-1,1,-1,1,1,1,1,1,-1,1,1,1,1,1,1,-1,-1,1,1,1,1,-1,-1,-1,1,1,1,1,1,-1,-1,1,1,1,1,-1,-1,-1,1,1,1,1,1,-1,-1,1,1,1,1,1,-1,-1,1,1,1,1,1,-1,-1,-1,1,1,1,1,1,-1,-1,1,1,1,1,-1,-1,1,1,1,-1,1,1,-1,1,1,1,1,1,-1,-1,1,1,1,1,-1,1,-1,1,1,1,1,1,-1,-1,-1,1,1,1,1,1,-1,1,1,-1,-1,1,1,-1,-1,1,1,1,1,1,-1,1,1,-1,-1,1,1,-1,1,1,1,1,1,1,1,-1,1,-1,-1,1,1,-1,-1,1,1,1,1,1,-1,-1,1,-1,-1,1,1,1,-1,1,-1,1,1,1,-1,1,1,1,1,1,1,-1,-1,-1,1,1,-1,1,1,-1,-1,1,1,-1,1,1,1,1,1,1,-1,1,1,1,1,-1,1,1,1,1,1,1,1,1,1,1,-1,-1,1,-1,1,-1,1,1,-1,-1,1,1,-1,1,1,1,-1,1,1,1,-1,1,1,-1,-1,1,-1,1,-1,1,-1,1,1,-1,1,1,1,-1,1,1,1,1,1,-1,-1,1,-1,1,1,1,-1,1,-1,-1,1,1,1,-1,1,1,1,-1,1,1,1,1,1,-1,1,1,-1,1,1,1,-1,1,1,1,-1,1,1,-1,1,1,1,-1,-1,1,-1,1,1,1,1,1,1,-1,1,1,1,-1,-1,1,1,-1,1,1,1,-1,1,-1,1,1,1,-1,1,1,1,1,1,1,-1,1,-1,-1,1,1,-1,1,-1,1,-1,1,1,-1,1,-1,1,1,1,1,1,1,-1,1,-1,-1,-1,1,1,1,-1,-1,1,1,1,-1,1,-1,1,-1,-1,1,-1,1,-1,-1,1,1,1,-1,1,-1,1,-1,-1,1,1,1,-1,-1,-1,1,1,1,1,-1,-1,1,-1,1,1,-1,-1,1,-1,1,-1,1,1,-1,-1,1,-1,1,-1,-1,1,-1,-1,1,1,-1,1,-1,-1,1,-1,1,-1,-1,1,-1,1,-1,1,-1,-1,-1,-1,-1,1,1,-1,-1,1,-1,1,-1,1,1,-1,-1,1,-1,1,-1,1,-1,-1,1,-1,-1,-1,1,-1,-1,-1,-1,1,-1,1,-1,-1,1,-1,-1,1,1,-1,-1,-1,-1,-1,1,1,-1,-1,-1,1,-1,-1,1,1,1,-1,1,-1,1,-1,1,-1,1,-1,1,1,-1,1,-1,1,1,-1,1,-1,1,-1,1,1,1,-1,-1,-1,-1,-1,1,-1,1,-1,-1,-1,1,1,-1,1,-1,-1,-1,1,1,-1,1,-1,-1,-1,1,1,-1,1,-1,-1,-1,-1,1,1,1,-1,1,-1,-1,1,-1,1,-1,-1,1,-1,1,-1,1,1,-1,-1,-1,-1,-1,1,1,-1,-1,-1,1,-1,-1,1,-1,-1,-1,-1,1,1,-1,-1,-1,-1,-1,1,1,-1,1,-1,1,1,1,1,1,-1,-1,-1,-1,-1,1,-1,1,-1,-1,1,-1,1,1,-1,1,-1,-1,1,1,1,-1,1,-1,1,-1,1,1,-1,-1,-1,-1,-1,1,1,-1,1,-1,1,-1,1,1,-1,-1,1,-1,-1,1,1,-1,-1,-1,1,-1,1,1,1,-1,1,-1,-1,-1,-1,1,-1,1,-1,-1,1,-1,-1,1,-1,1,-1,-1,1,-1,1,-1,1,-1,1,-1,1,-1,1,-1,-1,-1,1,-1,1,-1,-1,-1,-1,1,1,1,-1,1,-1,-1,1,-1,1,1,-1,-1,-1,-1,1,1,1,1,-1,-1,1,1,-1,1,1,-1,-1,-1,1,-1,1,-1,-1,-1,1,1,1,-1,1,-1,-1,1,1,1,-1,1,-1,-1,-1,-1,-1,-1,1,-1,-1,-1,1,-1,1,-1,-1,1,-1,1,-1,-1,1,-1,-1,-1,1,1,-1,1,1,-1,-1,1,-1,1,1,-1,-1,-1,1,1,-1,1,-1,-1,-1,1,-1,1,1,-1,-1,-1,-1,-1,1,1,1,-1,1,-1,1,-1,1,-1,-1,-1,-1,-1,-1,1,1,-1,-1,1,-1,1,1,-1,-1,-1,1,-1,1,1,-1,-1,1,1,-1,1,1,1,-1,1,-1,1,1,1,-1,-1,1,-1,-1,1,1,-1,-1,-1,1,-1,1,1,-1,1,1,-1,-1,1,1,-1,-1,1,1,-1,1,1,-1,-1,1,-1,-1,1,1,1,-1,-1,-1,-1,1,1,-1,-1,1,-1,-1,1,-1,1,-1,1,-1,-1,-1,1,1,-1,-1,-1,-1,1,1,1,-1,1,-1,1,1,1,1,-1,-1,-1,1,-1,1,-1,-1,-1,-1,1,-1,1,-1,-1,-1,1,-1,1,1,1,-1,-1,1,-1,1,1,-1,1,-1,1,1,1,1,1,-1,1,-1,1,1,1,1,-1,1,-1,1,-1,1,1,-1,-1,1,-1,1,1,1,-1,1,-1,1,1,-1,1,-1,1,-1,1,1,-1,1,-1,1,-1,1,-1,1,1,-1,-1,-1,-1,-1,1,1,1,-1,1,1,1,1,1,-1,-1,1,1,1,1,1,-1,-1,1,-1,1,1,1,-1,-1,-1,-1,-1,-1,-1,-1,-1,-1,-1,1,1,1,-1,1,1,-1,-1,1,1,1,-1,1,-1,1,1,1,-1,-1,1,-1,1,1,1,-1,-1,1,-1,1,1,1,-1,-1,1,-1,1,-1,1,1,-1,1,-1,-1,1,1,-1,-1,-1,-1,1,1,1,1,-1,1,-1,-1,1,-2660.0,1,2000,445,1000,True
2300,1,1,-1,-1,1,1,-1,1,1,1,1,-1,1,1,1,1,-1,1,-1,-1,-1,1,1,1,1,1,-1,-1,1,1,1,1,-1,-1,-1,1,-1,1,1,1,-1,-1,1,1,1,1,1,1,-1,-1,1,1,-1,1,-1,-1,1,-1,1,1,1,-1,-1,-1,1,1,1,1,1,-1,1,-1,1,1,1,1,-1,1,1,1,1,-1,1,-1,-1,1,1,1,1,1,1,1,-1,1,1,1,-1,-1,-1,1,1,1,1,1,-1,-1,-1,1,1,1,1,-1,-1,-1,1,1,1,1,1,-1,-1,1,1,1,1,-1,-1,-1,1,1,1,1,-1,-1,-1,1,1,1,1,-1,-1,-1,1,1,1,1,1,-1,-1,-1,1,1,1,-1,1,-1,-1,1,1,1,-1,-1,-1,-1,1,1,1,-1,1,-1,1,1,1,1,-1,-1,-1,1,1,1,-1,1,1,-1,1,1,1,-1,-1,-1,-1,-1,1,1,-1,-1,1,-1,1,1,-1,1,-1,1,-1,-1,1,1,1,-1,1,-1,1,1,1,1,-1,1,-1,1,1,-1,-1,-1,1,1,-1,1,-1,1,-1,1,-1,-1,1,-1,1,-1,1,-1,-1,1,-1,-1,-1,1,1,-1,1,1,-1,-1,1,-1,1,1,-1,-1,-1,1,-1,-1,1,-1,1,-1,1,1,1,1,-1,-1,1,1,1,1,1,1,-1,1,1,1,1,1,-1,-1,-1,1,1,1,1,1,-1,-1,1,-1,-1,1,1,-1,1,1,1,1,1,-1,1,-1,1,1,1,-1,1,1,1,1,1,1,1,-1,-1,1,1,-1,1,1,1,-1,1,1,1,1,1,1,1,1,1,1,1,1,1,1,-1,1,1,1,1,1,-1,1,1,1,-1,1,1,1,-1,1,1,-1,1,1,-1,1,1,-1,1,1,1,-1,1,1,1,-1,1,1,-1,1,1,1,-1,1,1,1,1,1,1,1,-1,1,-1,1,-1,1,-1,1,1,1,-1,1,1,1,-1,1,-1,1,1,1,-1,-1,-1,-1,1,1,1,-1,1,1,-1,1,1,-1,1,-1,1,-1,1,1,-1,-1,1,-1,1,1,1,1,1,-1,1,1,1,-1,1,-1,1,-1,-1,1,1,1,-1,-1,-1,1,-1,1,1,-1,1,-1,-1,1,1,1,1,-1,-1,1,-1,-1,1,-1,1,-1,-1,-1,-1,-1,1,1,-1,-1,1,-1,1,1,-1,-1,1,-1,-1,1,1,-1,-1,-1,1,-1,1,-1,-1,-1,-1,-1,1,1,-1,1,-1,-1,1,1,1,-1,-1,1,-1,1,1,1,-1,-1,-1,-1,-1,1,1,-1,-1,1,-1,1,-1,1,1,-1,-1,1,-1,1,-1,1,-1,-1,-1,-1,-1,-1,1,-1,-1,-1,-1,1,-1,1,-1,-1,-1,-1,-1,1,1,-1,-1,-1,-1,-1,1,1,-1,-1,-1,-1,-1,-1,1,1,1,-1,1,-1,1,-1,1,-1,1,-1,1,1,-1,-1,1,1,1,-1,1,-1,1,-1,1,1,1,-1,-1,-1,-1,-1,1,-1,1,-1,-1,-1,1,1,-1,1,-1,-1,-1,1,1,-1,1,-1,-1,-1,1,1,-1,1,-1,-1,-1,-1,1,1,1,-1,1,-1,-1,1,-1,1,-1,-1,1,1,-1,-1,1,1,-1,-1,-1,-1,-1,1,1,-1,1,-1,1,-1,-1,1,-1,-1,1,-1,1,1,-1,-1,-1,-1,-1,1,1,-1,1,-1,-1,1,1,1,1,-1,-1,-1,-1,-1,1,-1,1,-1,-1,1,-1,1,1,-1,1,-1,-1,1,1,1,-1,1,-1,1,-1,1,1,-1,1,-1,-1,-1,1,1,-1,1,-1,1,-1,1,1,-1,-1,1,-1,-1,1,1,-1,-1,-1,1,-1,1,1,-1,-1,1,-1,-1,-1,-1,1,-1,1,-1,-1,1,-1,-1,1,1,1,-1,-1,1,-1,1,-1,1,-1,1,-1,1,-1,1,-1,-1,-1,1,-1,1,-1,-1,-1,-1,1,-1,1,-1,1,-1,-1,1,-1,1,1,-1,-1,-1,-1,1,1,1,1,-1,-1,1,-1,-1,1,1,-1,-1,-1,-1,1,-1,1,-1,-1,1,1,-1,1,1,-1,-1,1,-1,-1,1,1,-1,-1,-1,-1,1,-1,1,-1,-1,-1,-1,-1,1,-1,-1,1,-1,-1,1,-1,1,-1,-1,-1,-1,-1,1,1,1,-1,-1,-1,1,1,1,-1,-1,-1,1,-1,-1,1,-1,-1,-1,-1,1,1,1,-1,-1,-1,-1,1,-1,1,1,-1,1,-1,-1,1,1,-1,-1,-1,-1,-1,-1,1,1,-1,-1,1,-1,1,1,-1,-1,-1,1,-1,1,1,-1,-1,-1,-1,-1,1,1,1,-1,-1,-1,1,1,1,-1,-1,1,-1,-1,1,1,-1,-1,1,-1,-1,1,1,-1,1,-1,-1,-1,1,1,-1,-1,1,-1,-1,1,1,-1,-1,1,-1,-1,1,1,1,-1,-1,1,-1,1,1,-1,-1,1,-1,-1,1,-1,1,-1,-1,1,-1,1,1,1,-1,-1,1,-1,1,1,1,-1,-1,1,-1,1,1,1,-1,-1,1,1,-1,1,-1,-1,1,-1,1,-1,1,-1,-1,1,-1,1,1,1,1,-1,1,1,-1,1,1,-1,1,-1,1,1,1,1,1,-1,-1,1,1,1,1,1,-1,1,-1,1,-1,1,1,-1,1,1,-1,1,1,1,-1,1,-1,1,1,1,1,1,-1,1,1,-1,1,1,-1,-1,1,-1,-1,1,1,-1,1,1,-1,-1,1,1,1,1,-1,1,1,1,1,1,1,-1,1,1,1,1,-1,1,-1,-1,1,1,1,-1,1,1,-1,-1,1,1,1,1,-1,-1,1,1,1,1,1,-1,-1,-1,1,1,1,1,-1,-1,1,1,1,1,1,1,-1,1,1,1,1,1,1,-1,1,1,1,1,1,-1,-1,1,-1,1,1,1,1,-1,-1,1,1,1,1,-1,1,-1,1,1,-1,1,1,-1,-1,1,-2660.0,1,2000,445,1000,True
2301,-1,-1,1,1,1,1,-1,1,-1,-1,-1,1,-1,1,-1,-1,1,-1,1,1,-1,1,-1,-1,-1,1,-1,-1,1,-1,-1,-1,1,1,-1,1,1,-1,-1,-1,1,-1,1,-1,-1,-1,-1,-1,1,-1,-1,-1,1,-1,1,-1,-1,1,-1,-1,-1,1,1,1,-1,-1,-1,-1,-1,-1,1,-1,-1,-1,-1,-1,-1,1,-1,-1,-1,1,1,-1,-1,-1,-1,-1,-1,1,-1,-1,-1,-1,-1,-1,-1,1,-1,1,-1,-1,-1,-1,1,-1,-1,-1,-1,-1,-1,1,-1,-1,-1,-1,-1,-1,1,-1,-1,-1,-1,-1,-1,1,-1,-1,1,-1,-1,-1,1,-1,-1,1,-1,-1,-1,-1,-1,-1,1,-1,-1,-1,1,-1,-1,-1,-1,-1,-1,-1,1,-1,1,1,-1,-1,1,-1,-1,-1,-1,-1,1,1,1,-1,-1,-1,-1,-1,1,-1,-1,1,-1,-1,1,-1,1,-1,-1,-1,-1,1,1,-1,-1,1,-1,1,1,1,1,-1,1,-1,-1,1,1,1,-1,1,-1,-1,-1,1,1,-1,1,-1,-1,1,1,1,1,1,1,1,1,1,1,1,-1,1,-1,-1,1,1,1,-1,1,1,-1,1,1,1,-1,1,-1,1,1,1,1,-1,1,-1,-1,1,1,1,1,1,-1,1,1,1,-1,-1,1,-1,1,-1,1,-1,1,1,-1,1,-1,1,-1,1,1,-1,1,-1,1,-1,1,1,1,-1,1,1,-1,-1,1,-1,-1,1,1,1,1,1,1,-1,-1,1,-1,-1,1,-1,1,-1,1,1,-1,1,-1,-1,-1,1,-1,-1,1,-1,1,-1,-1,1,-1,1,1,1,-1,1,-1,-1,1,1,-1,-1,1,-1,-1,1,-1,1,-1,1,-1,-1,1,1,-1,1,1,-1,1,-1,1,-1,-1,1,-1,1,1,1,1,1,1,-1,1,1,1,1,1,-1,-1,1,1,1,1,1,-1,-1,1,-1,1,1,1,-1,-1,1,-1,1,-1,1,1,-1,1,-1,1,1,1,1,-1,-1,1,1,1,1,-1,-1,1,1,-1,-1,1,1,-1,1,-1,1,-1,1,-1,1,1,-1,1,1,1,-1,-1,1,-1,1,-1,1,-1,-1,1,-1,1,1,1,1,-1,1,1,-1,1,1,-1,-1,1,-1,-1,1,-1,1,-1,-1,1,-1,-1,1,-1,-1,1,1,-1,1,-1,1,-1,-1,1,-1,1,1,-1,-1,-1,1,-1,-1,1,1,-1,-1,1,-1,1,1,-1,1,-1,1,-1,1,1,1,-1,-1,-1,-1,1,1,-1,1,-1,1,-1,1,-1,1,-1,-1,-1,1,1,-1,1,-1,-1,-1,-1,1,-1,-1,1,-1,-1,-1,1,1,1,1,-1,-1,-1,1,-1,-1,1,-1,-1,-1,1,1,1,-1,-1,-1,-1,1,-1,1,-1,1,-1,-1,1,-1,1,1,1,-1,-1,-1,1,1,-1,1,-1,-1,-1,1,1,1,-1,1,1,-1,1,1,1,1,1,-1,1,-1,1,1,-1,1,-1,1,-1,-1,1,-1,-1,1,-1,-1,1,-1,-1,-1,1,1,-1,1,1,-1,-1,1,1,-1,-1,1,-1,-1,-1,-1,-1,1,1,-1,-1,-1,-1,-1,1,1,-1,-1,1,1,1,-1,1,-1,-1,1,1,-1,1,1,-1,-1,-1,1,-1,-1,1,1,-1,1,1,1,1,1,-1,1,1,1,-1,1,1,1,-1,1,1,-1,1,1,-1,1,1,1,-1,1,1,-1,-1,1,-1,1,1,1,-1,1,1,-1,-1,1,1,1,1,1,-1,1,1,1,1,1,1,1,1,1,1,-1,1,-1,1,-1,1,1,1,1,1,1,1,1,-1,1,1,1,1,-1,1,1,1,1,1,-1,1,1,1,1,1,1,1,1,1,1,-1,1,1,1,-1,1,-1,-1,1,1,1,1,1,1,1,1,-1,1,1,1,-1,1,1,-1,1,-1,1,1,-1,1,-1,1,-1,1,-1,1,1,-1,1,1,1,1,1,1,-1,1,1,1,1,-1,1,-1,1,-1,1,1,-1,-1,-1,1,1,1,-1,1,1,-1,1,1,1,1,-1,-1,1,-1,1,1,1,-1,-1,-1,-1,1,1,1,-1,-1,1,-1,1,1,1,1,-1,-1,-1,1,1,1,-1,-1,-1,1,-1,1,1,-1,-1,1,-1,1,1,1,-1,-1,1,-1,1,-1,1,-1,-1,1,1,1,1,1,1,-1,1,-1,1,1,1,-1,-1,1,1,1,1,1,-1,-1,1,-1,1,-1,1,1,-1,-1,1,1,1,1,1,-1,-1,-1,1,-1,1,1,1,-1,1,1,1,1,1,-1,-1,1,1,1,1,1,1,-1,1,1,-1,1,-1,-1,1,1,1,1,1,1,-1,-1,1,1,1,1,-1,-1,-1,1,1,1,1,1,1,-1,1,1,1,1,1,1,-1,1,1,1,1,1,1,-1,1,1,-1,1,1,-1,-1,1,1,-1,1,1,1,-1,1,-1,1,1,1,1,-1,-1,1,-1,1,1,1,-1,1,1,-1,1,-1,1,-1,1,1,-1,1,1,1,-1,-1,-1,1,1,1,-1,1,-1,1,1,1,1,-1,1,-1,1,1,1,-1,-1,1,-1,1,1,-1,1,-1,-1,-1,-1,-1,1,-1,1,-1,-1,1,-1,1,-1,-1,-1,-1,1,-1,1,-1,-1,-1,-1,-1,1,1,-1,1,-1,-1,-1,-1,1,-1,1,-1,1,-1,-1,1,1,1,1,-1,-1,1,1,-1,-1,1,1,-1,1,1,-1,1,-1,-1,1,1,-1,-1,1,-1,-1,-1,-1,1,-1,1,1,-1,1,1,-1,-1,-1,-1,1,-1,-1,-1,-1,1,-1,-1,1,1,-1,1,1,-1,1,1,1,1,-1,1,-1,1,1,1,1,-1,1,-1,-1,1,1,1,-1,1,-1,1,1,1,1,-1,1,-1,1,1,1,-1,-1,1,-1,-1,1,1,-1,-1,-1,1,-1,1,-1,1,-1,1,-1,-1,1,-2660.0,1,2000,445,1500,True
2302,-1,-1,1,1,1,1,-1,1,-1,-1,-1,1,-1,1,-1,-1,1,-1,1,1,1,1,-1,-1,-1,1,-1,-1,-1,-1,-1,-1,1,1,-1,1,1,-1,-1,-1,1,-1,1,-1,-1,-1,-1,-1,1,-1,1,-1,1,-1,1,-1,-1,1,-1,-1,-1,1,1,1,-1,-1,-1,-1,-1,-1,1,-1,-1,-1,-1,-1,1,1,-1,-1,-1,1,1,-1,-1,-1,-1,-1,-1,1,-1,-1,-1,-1,-1,-1,-1,1,-1,1,-1,-1,-1,-1,1,-1,-1,-1,-1,-1,-1,1,-1,1,-1,-1,-1,-1,1,-1,-1,-1,-1,-1,-1,1,-1,-1,1,-1,-1,-1,1,-1,-1,1,-1,-1,-1,1,-1,-1,1,-1,-1,-1,-1,-1,-1,-1,-1,-1,-1,1,1,-1,1,1,-1,-1,1,1,-1,-1,-1,-1,1,1,1,-1,-1,-1,-1,-1,1,-1,-1,1,-1,-1,1,-1,1,-1,-1,-1,-1,1,1,-1,-1,1,-1,-1,1,1,1,-1,1,-1,-1,1,1,1,-1,1,-1,-1,-1,1,1,-1,1,-1,1,1,1,1,1,1,-1,1,1,1,1,1,-1,1,-1,-1,1,1,-1,1,-1,1,-1,1,1,1,1,-1,1,1,1,1,1,1,-1,-1,1,1,1,1,-1,1,1,1,1,1,1,1,-1,1,1,-1,1,-1,-1,-1,1,1,-1,1,1,-1,-1,1,1,-1,-1,-1,1,-1,1,1,1,1,1,1,-1,1,1,1,1,1,1,-1,1,1,-1,1,-1,-1,-1,1,1,-1,1,1,1,-1,-1,1,1,1,-1,-1,-1,1,1,-1,1,-1,-1,-1,1,1,-1,1,1,1,-1,1,1,-1,1,-1,-1,-1,1,1,-1,1,-1,-1,1,1,-1,1,1,-1,-1,1,1,-1,-1,1,-1,1,1,1,1,1,1,-1,-1,1,1,1,1,1,-1,-1,1,1,1,1,1,-1,-1,-1,1,1,1,1,-1,1,1,1,-1,1,1,1,-1,-1,1,1,1,1,1,-1,1,-1,1,-1,-1,1,-1,1,1,-1,1,1,1,-1,1,-1,-1,1,1,-1,1,-1,1,1,1,1,-1,1,-1,1,-1,1,1,1,1,-1,1,1,1,-1,1,1,1,-1,1,1,1,1,-1,1,-1,1,-1,-1,1,-1,1,-1,-1,1,1,1,-1,1,-1,1,-1,-1,1,1,1,-1,1,-1,-1,1,1,1,-1,-1,1,-1,1,1,-1,-1,1,1,1,-1,1,1,-1,1,-1,-1,1,-1,-1,1,-1,-1,1,1,-1,1,-1,1,-1,-1,1,-1,-1,1,1,-1,-1,1,-1,-1,-1,1,-1,1,1,-1,-1,1,-1,-1,-1,1,1,-1,-1,1,-1,1,-1,1,-1,-1,-1,-1,-1,-1,1,-1,-1,-1,-1,1,-1,1,-1,-1,1,-1,-1,1,1,-1,-1,-1,1,-1,1,1,-1,1,-1,1,-1,-1,1,1,1,-1,1,-1,1,-1,1,-1,1,-1,1,1,-1,-1,-1,1,1,1,-1,-1,-1,1,1,1,1,-1,-1,-1,1,-1,1,1,1,-1,-1,-1,1,1,-1,1,-1,-1,-1,1,1,1,1,-1,-1,-1,1,1,1,1,-1,-1,-1,-1,1,-1,1,-1,1,-1,-1,1,1,1,-1,-1,1,-1,1,-1,1,1,-1,-1,-1,-1,1,1,-1,1,1,-1,1,1,1,1,-1,-1,-1,-1,1,1,-1,-1,-1,-1,-1,1,1,-1,1,-1,1,1,-1,1,-1,1,1,-1,-1,1,1,-1,1,-1,-1,1,1,1,1,1,1,-1,-1,1,1,-1,1,-1,-1,1,1,1,1,1,1,-1,-1,1,1,-1,1,1,-1,1,1,1,1,-1,1,1,-1,1,1,1,1,1,-1,1,1,1,-1,1,1,1,-1,1,-1,-1,1,1,1,-1,1,1,-1,1,1,-1,1,1,-1,-1,1,1,-1,1,1,1,-1,1,-1,1,-1,1,-1,1,-1,1,-1,-1,1,1,-1,1,1,-1,1,1,1,-1,1,-1,1,-1,1,1,-1,1,1,1,1,1,-1,1,1,-1,1,1,1,1,-1,1,-1,1,-1,1,1,-1,1,1,-1,1,1,1,-1,1,1,-1,1,1,1,1,1,-1,-1,1,1,1,1,1,-1,1,-1,1,1,1,1,-1,-1,1,1,1,1,1,1,-1,1,-1,1,1,1,-1,1,1,1,1,1,1,1,-1,1,1,1,1,1,-1,1,1,1,1,1,1,-1,1,1,1,1,1,1,1,-1,1,1,1,1,1,-1,-1,1,-1,1,1,1,-1,1,1,1,1,1,-1,-1,1,1,1,1,1,1,-1,1,1,-1,1,1,-1,1,1,1,1,1,1,-1,-1,1,1,1,1,-1,-1,-1,1,1,1,1,-1,-1,-1,1,1,1,1,-1,1,-1,1,1,1,1,1,-1,-1,1,1,-1,1,1,-1,-1,1,1,-1,1,-1,-1,-1,1,-1,-1,1,1,-1,-1,-1,1,-1,1,1,-1,-1,1,1,-1,1,1,-1,-1,1,1,-1,1,1,-1,-1,-1,1,1,1,1,-1,1,-1,1,1,1,-1,-1,1,-1,1,1,1,-1,-1,1,-1,1,1,-1,1,-1,-1,-1,1,-1,1,1,-1,-1,-1,1,-1,1,-1,-1,-1,-1,1,-1,1,-1,1,-1,-1,-1,1,1,-1,1,-1,-1,-1,-1,1,-1,-1,1,-1,1,-1,1,1,-1,1,-1,-1,1,-1,-1,-1,1,1,1,1,-1,-1,1,-1,-1,1,1,-1,-1,1,-1,-1,-1,-1,1,-1,1,1,1,1,-1,1,-1,1,-1,1,-1,-1,-1,-1,1,-1,1,1,1,-1,1,1,-1,1,1,-1,-1,-1,1,-1,1,1,1,1,-1,1,-1,1,1,1,-1,-1,1,-1,1,1,1,-1,-1,1,-1,1,1,-1,-1,-1,1,-1,-1,1,1,-1,-1,-1,1,-1,1,-1,1,-1,1,-1,-1,1,-2660.0,1,2000,445,1500,True
2303,1,1,-1,-1,1,1,-1,-1,1,1,1,-1,-1,1,1,1,-1,1,-1,-1,-1,-1,1,1,1,1,-1,-1,1,1,1,1,-1,-1,-1,-1,1,1,1,1,-1,-1,-1,1,1,1,1,1,-1,1,1,1,-1,1,-1,-1,1,-1,1,1,1,-1,-1,-1,1,1,1,1,1,-1,-1,1,1,1,1,1,-1,-1,1,1,1,-1,1,-1,1,1,1,1,1,-1,-1,1,1,1,1,1,1,1,1,-1,1,1,1,1,1,1,1,1,1,1,1,-1,1,-1,1,1,1,1,1,1,1,1,1,1,1,-1,1,1,-1,1,1,1,1,1,1,-1,1,1,1,1,1,1,-1,1,1,1,1,1,1,1,1,1,1,1,-1,1,1,-1,1,1,1,1,1,1,-1,-1,1,1,-1,1,-1,-1,1,1,1,1,1,1,1,1,1,-1,-1,1,1,-1,1,1,1,1,1,-1,-1,1,1,1,-1,1,-1,-1,1,-1,1,-1,1,-1,1,1,1,1,-1,1,-1,-1,1,-1,1,-1,1,-1,-1,1,1,1,-1,-1,1,-1,-1,1,1,-1,1,1,-1,1,1,1,-1,1,1,-1,1,-1,1,-1,1,1,-1,-1,1,1,-1,1,1,-1,1,-1,1,-1,1,1,-1,1,1,-1,1,-1,1,-1,1,1,-1,-1,1,-1,1,1,1,-1,-1,-1,-1,-1,-1,1,1,1,-1,1,-1,1,1,1,1,-1,1,-1,1,1,-1,1,-1,1,1,1,1,-1,1,-1,1,-1,1,1,1,1,-1,-1,1,-1,1,-1,1,1,-1,1,1,1,-1,1,1,1,1,1,-1,1,1,-1,1,1,1,-1,1,1,-1,1,1,1,-1,1,1,-1,-1,1,1,1,-1,1,-1,1,1,1,-1,1,1,-1,1,1,1,-1,1,1,-1,1,1,1,-1,1,1,1,-1,1,1,1,1,1,-1,1,-1,1,-1,1,1,1,-1,1,1,1,-1,1,1,-1,1,1,-1,1,1,1,-1,-1,-1,-1,1,1,1,-1,1,1,-1,1,1,-1,-1,1,1,-1,1,1,-1,1,1,1,1,1,1,1,-1,-1,1,-1,-1,-1,1,-1,1,-1,-1,1,1,1,-1,-1,-1,1,-1,-1,1,1,-1,1,-1,1,1,1,1,1,-1,1,-1,-1,1,-1,1,-1,-1,-1,1,1,1,1,-1,-1,1,-1,1,1,1,-1,1,-1,1,-1,1,1,-1,-1,1,-1,1,1,1,-1,-1,-1,1,1,1,1,-1,-1,1,1,1,1,-1,1,-1,1,-1,1,1,-1,-1,-1,-1,1,1,1,-1,1,-1,1,-1,1,1,-1,-1,1,-1,1,1,1,1,-1,1,-1,-1,-1,1,1,-1,-1,-1,1,-1,1,-1,-1,1,-1,-1,1,-1,1,-1,-1,-1,-1,1,-1,1,-1,-1,1,-1,-1,1,1,1,-1,1,-1,1,-1,-1,-1,1,-1,-1,-1,1,-1,-1,-1,1,1,-1,1,-1,1,1,1,-1,1,1,-1,-1,-1,1,-1,-1,1,-1,-1,1,1,1,-1,1,-1,-1,1,1,-1,-1,1,-1,-1,1,1,-1,-1,1,-1,-1,-1,1,1,-1,1,1,-1,-1,1,-1,-1,1,-1,1,-1,1,1,-1,-1,1,-1,-1,-1,-1,-1,1,1,1,-1,1,1,-1,-1,1,-1,1,-1,-1,-1,-1,1,-1,-1,-1,1,-1,1,1,-1,1,1,1,-1,-1,1,1,-1,-1,-1,-1,-1,1,-1,-1,1,-1,-1,-1,1,1,-1,-1,-1,-1,-1,1,-1,-1,1,-1,-1,1,1,1,-1,1,-1,1,-1,1,1,-1,-1,-1,-1,-1,1,1,1,-1,-1,-1,-1,1,1,-1,-1,-1,-1,1,-1,1,1,-1,-1,1,1,-1,1,1,-1,-1,-1,1,1,1,-1,1,-1,1,-1,1,1,-1,1,-1,-1,1,-1,1,-1,1,-1,1,-1,-1,1,-1,-1,-1,1,-1,-1,1,-1,1,-1,-1,1,-1,1,-1,1,-1,-1,1,-1,1,-1,-1,-1,1,-1,-1,-1,-1,-1,-1,-1,1,-1,1,-1,-1,-1,-1,1,1,-1,1,-1,-1,-1,1,-1,-1,1,-1,-1,-1,1,1,1,1,-1,-1,-1,1,-1,1,-1,-1,-1,1,1,-1,1,-1,1,-1,1,1,-1,-1,-1,-1,1,1,1,-1,1,1,-1,-1,-1,1,1,-1,-1,-1,-1,1,1,-1,1,-1,1,-1,1,1,-1,1,-1,1,1,-1,1,1,-1,1,1,-1,-1,1,1,-1,-1,1,1,-1,1,1,-1,1,1,-1,-1,-1,1,-1,1,1,-1,-1,1,1,-1,1,1,1,-1,1,-1,1,1,1,-1,1,1,-1,-1,1,1,-1,-1,-1,-1,-1,1,1,-1,1,-1,-1,-1,1,1,-1,-1,1,-1,-1,1,1,-1,-1,-1,-1,-1,1,1,1,-1,-1,-1,-1,1,1,-1,-1,-1,-1,-1,1,-1,1,-1,-1,-1,-1,-1,1,1,-1,-1,1,-1,1,1,1,-1,1,-1,1,1,1,1,-1,-1,-1,1,-1,1,-1,-1,-1,-1,1,-1,1,-1,-1,-1,-1,1,1,1,1,-1,-1,1,-1,1,1,-1,1,-1,1,1,1,1,1,-1,1,-1,1,1,1,1,-1,1,-1,1,-1,1,1,-1,-1,1,-1,1,1,1,-1,1,-1,1,1,-1,1,-1,1,-1,1,1,-1,1,-1,1,-1,-1,-1,1,1,-1,-1,-1,-1,-1,1,1,1,-1,1,1,1,1,1,-1,-1,1,1,1,1,1,-1,-1,1,-1,1,1,1,-1,-1,-1,-1,-1,-1,-1,-1,-1,-1,-1,1,1,1,-1,1,1,-1,-1,1,1,-1,-1,1,-1,1,1,1,-1,-1,1,-1,1,1,1,-1,-1,1,-1,1,1,1,-1,-1,1,-1,1,-1,1,1,-1,1,-1,-1,1,1,-1,-1,-1,-1,1,1,-1,1,-1,1,-1,-1,1,-2660.0,1,2000,445,1000,True
2304,1,1,-1,-1,1,1,-1,1,1,1,1,-1,-1,1,1,1,-1,1,-1,-1,-1,1,1,1,1,-1,-1,-1,1,1,1,1,-1,-1,-1,1,-1,1,1,1,-1,-1,1,1,1,1,1,-1,1,1,1,1,-1,1,-1,-1,-1,-1,1,1,1,-1,-1,-1,1,1,1,1,-1,-1,1,-1,1,1,1,-1,-1,1,-1,1,1,-1,-1,-1,-1,1,1,1,-1,-1,1,1,-1,1,1,-1,-1,-1,-1,1,1,1,-1,-1,-1,-1,-1,1,1,-1,-1,1,-1,-1,1,1,-1,-1,1,-1,-1,1,1,1,-1,-1,-1,-1,-1,1,1,-1,-1,-1,-1,1,1,1,-1,-1,-1,-1,-1,1,1,-1,1,-1,-1,1,1,1,-1,-1,1,-1,-1,1,1,-1,1,1,-1,1,1,1,-1,-1,1,-1,1,1,-1,-1,-1,-1,-1,1,1,-1,-1,1,1,-1,1,1,-1,-1,-1,-1,-1,-1,1,1,-1,-1,1,-1,1,1,-1,1,-1,1,-1,-1,1,1,-1,-1,1,-1,1,1,1,1,-1,1,-1,1,1,-1,-1,-1,1,1,-1,1,-1,-1,-1,1,-1,-1,1,-1,-1,-1,1,-1,-1,1,-1,1,-1,1,1,-1,1,-1,1,-1,1,-1,1,1,-1,1,-1,1,-1,-1,1,-1,1,-1,1,1,1,1,-1,1,-1,1,1,1,1,1,-1,-1,1,1,1,1,-1,-1,-1,1,1,1,1,1,-1,-1,1,-1,-1,1,1,-1,1,1,1,1,1,-1,1,-1,1,1,1,-1,1,1,1,1,1,1,1,-1,-1,1,1,-1,1,1,1,-1,1,1,1,1,1,1,1,1,1,1,1,1,1,1,-1,1,1,1,1,1,-1,1,1,1,-1,1,1,1,-1,1,1,1,1,1,-1,1,1,-1,1,1,1,-1,1,1,1,1,1,1,-1,1,1,1,-1,1,1,1,1,1,1,1,-1,1,-1,1,-1,1,-1,1,1,1,-1,-1,1,1,-1,1,-1,1,1,1,-1,-1,-1,-1,1,1,1,-1,1,1,-1,1,1,-1,-1,1,1,-1,1,1,-1,1,1,1,1,1,1,1,-1,-1,1,-1,-1,-1,1,-1,1,-1,-1,1,1,1,-1,-1,-1,1,-1,1,1,1,-1,1,-1,1,1,1,1,1,-1,1,-1,-1,1,-1,1,-1,-1,-1,-1,1,1,1,-1,-1,1,-1,1,1,1,-1,1,-1,1,-1,1,1,-1,-1,1,-1,1,1,1,-1,-1,-1,1,1,1,1,-1,-1,1,-1,1,1,-1,1,-1,1,-1,1,1,-1,-1,-1,-1,1,1,1,-1,1,-1,1,-1,1,1,-1,-1,1,-1,1,1,1,1,-1,1,-1,-1,-1,1,1,-1,-1,-1,1,-1,1,-1,-1,1,-1,-1,1,-1,1,-1,-1,-1,-1,1,-1,1,1,-1,1,-1,-1,1,1,1,-1,1,-1,1,-1,-1,-1,1,-1,1,1,-1,-1,1,1,1,1,-1,-1,1,-1,1,1,1,-1,-1,-1,-1,-1,1,1,1,-1,-1,-1,1,1,-1,1,-1,-1,-1,1,1,-1,1,-1,-1,-1,1,1,-1,1,-1,-1,-1,-1,1,1,1,-1,1,-1,-1,1,-1,1,-1,-1,1,1,1,-1,1,1,-1,-1,-1,-1,-1,1,1,-1,-1,-1,1,-1,1,1,-1,-1,-1,-1,1,1,-1,-1,-1,-1,-1,1,1,-1,1,-1,1,1,1,1,1,-1,-1,-1,-1,-1,1,-1,1,-1,-1,1,-1,1,1,-1,1,-1,-1,1,1,1,-1,1,-1,1,-1,1,1,-1,1,-1,1,-1,1,1,-1,1,-1,-1,-1,1,1,-1,-1,1,-1,-1,1,1,-1,-1,-1,-1,-1,-1,1,1,-1,1,-1,-1,1,-1,1,-1,1,-1,-1,1,-1,-1,1,-1,1,-1,1,1,-1,1,-1,1,-1,-1,-1,-1,1,-1,1,-1,-1,1,-1,1,-1,-1,-1,-1,1,-1,1,-1,1,-1,-1,1,-1,1,-1,1,-1,-1,-1,1,1,-1,-1,-1,-1,1,-1,-1,-1,-1,-1,-1,-1,-1,1,-1,-1,-1,-1,1,1,-1,1,-1,-1,-1,1,-1,-1,1,-1,-1,-1,-1,-1,1,1,-1,-1,-1,-1,-1,1,-1,-1,-1,1,-1,-1,1,-1,1,-1,-1,-1,-1,-1,-1,-1,1,-1,-1,-1,1,1,-1,-1,-1,-1,1,-1,-1,-1,-1,-1,-1,-1,1,-1,1,-1,-1,-1,-1,1,-1,1,1,-1,1,-1,-1,1,1,-1,-1,-1,-1,-1,-1,1,1,-1,-1,1,-1,1,1,-1,-1,-1,1,-1,-1,1,-1,-1,-1,-1,-1,1,1,1,-1,-1,-1,1,1,1,-1,-1,1,-1,-1,1,1,1,-1,1,-1,-1,1,1,-1,1,-1,-1,-1,1,1,1,1,1,-1,-1,1,1,-1,1,1,-1,-1,1,1,1,1,1,1,-1,1,1,1,-1,1,-1,-1,1,-1,1,1,1,1,-1,-1,1,-1,1,-1,1,-1,1,1,1,1,-1,1,-1,1,1,1,1,1,1,1,-1,1,1,1,1,-1,1,-1,1,1,1,1,-1,1,1,1,1,1,-1,1,-1,1,1,1,-1,1,1,1,1,-1,1,1,-1,1,1,1,1,1,1,1,-1,1,-1,1,1,1,1,1,-1,1,1,1,1,1,-1,1,1,-1,1,1,1,-1,1,1,-1,1,1,-1,1,-1,-1,1,1,1,1,1,-1,-1,1,1,1,1,-1,1,1,1,1,1,1,-1,1,1,1,1,1,1,-1,-1,1,1,1,-1,1,1,-1,-1,-1,1,1,1,-1,1,1,1,1,1,1,-1,-1,-1,1,1,1,1,-1,-1,1,1,1,1,1,1,-1,1,1,1,1,1,1,-1,1,1,1,1,1,1,-1,1,-1,1,1,1,1,-1,-1,1,1,-1,1,1,-1,1,1,1,-1,1,1,1,-1,1,-2660.0,1,2000,445,1000,True
2305,1,1,-1,-1,1,-1,-1,1,1,1,1,-1,1,1,1,1,-1,1,1,-1,-1,1,1,1,1,1,-1,-1,1,1,1,1,-1,-1,-1,1,-1,1,1,1,-1,-1,1,1,1,1,1,-1,1,-1,1,1,-1,1,-1,-1,1,-1,1,1,1,-1,-1,-1,1,1,1,1,-1,-1,1,-1,1,1,1,-1,-1,-1,1,1,1,-1,-1,-1,-1,1,1,1,-1,-1,-1,1,-1,1,1,-1,-1,1,-1,-1,1,1,-1,-1,1,1,-1,1,1,-1,-1,-1,-1,-1,1,1,-1,-1,1,-1,-1,1,1,1,-1,-1,-1,-1,1,1,1,-1,1,-1,-1,1,1,1,-1,1,-1,-1,-1,1,1,-1,1,-1,-1,-1,1,1,-1,-1,1,-1,-1,1,1,-1,1,1,-1,-1,1,1,-1,1,1,-1,1,1,-1,-1,1,-1,-1,1,1,-1,1,-1,1,-1,1,1,-1,1,1,-1,-1,-1,1,1,1,1,1,-1,-1,1,-1,1,1,1,-1,-1,1,1,-1,1,1,-1,1,1,-1,1,1,1,-1,1,1,1,1,1,1,1,-1,1,-1,-1,1,1,-1,-1,1,1,-1,1,1,-1,-1,1,-1,1,1,1,1,-1,1,1,-1,1,1,-1,1,1,-1,1,1,1,-1,-1,1,-1,1,-1,1,1,1,1,-1,1,-1,1,1,1,1,-1,1,-1,1,1,1,1,-1,-1,1,1,1,1,1,1,-1,1,1,-1,-1,1,1,-1,-1,1,1,1,1,-1,1,-1,1,1,1,-1,1,-1,-1,1,1,1,1,-1,1,-1,1,-1,1,1,1,1,-1,1,1,1,1,1,-1,-1,1,1,1,1,1,1,1,1,1,1,1,1,-1,1,1,1,-1,1,1,-1,1,1,1,1,1,1,1,-1,1,-1,1,1,1,1,-1,1,1,1,1,1,1,-1,1,1,-1,1,1,-1,-1,1,1,1,-1,1,1,-1,-1,1,-1,1,1,1,1,-1,1,1,-1,1,1,-1,1,1,-1,-1,-1,-1,-1,1,1,-1,1,1,-1,-1,1,-1,-1,1,1,1,-1,1,-1,1,1,1,-1,-1,1,1,1,-1,1,-1,-1,-1,1,-1,1,-1,-1,1,1,1,-1,-1,-1,-1,1,1,1,-1,1,-1,-1,1,1,1,1,1,-1,-1,1,-1,1,-1,1,-1,-1,-1,-1,1,1,1,-1,-1,1,-1,1,1,-1,-1,-1,-1,1,-1,1,1,-1,-1,1,-1,1,1,-1,-1,-1,-1,1,1,-1,1,-1,-1,1,1,1,-1,-1,1,-1,1,1,1,-1,-1,1,1,-1,1,1,1,-1,1,-1,1,-1,1,-1,-1,-1,1,-1,1,1,-1,1,-1,1,-1,-1,1,-1,-1,-1,1,-1,-1,1,-1,-1,-1,1,-1,-1,1,-1,-1,-1,-1,1,-1,1,-1,-1,1,-1,1,-1,-1,1,1,1,-1,1,-1,1,-1,1,-1,1,-1,1,1,-1,-1,1,1,1,-1,1,-1,1,-1,1,1,1,-1,-1,-1,-1,-1,1,-1,1,-1,-1,-1,1,1,-1,1,-1,-1,-1,1,1,-1,1,-1,-1,-1,1,1,-1,1,-1,-1,-1,-1,1,1,1,-1,1,-1,-1,1,-1,1,-1,-1,1,-1,1,-1,1,1,-1,-1,-1,-1,-1,1,1,-1,-1,-1,-1,-1,-1,1,-1,-1,-1,1,1,1,-1,-1,-1,-1,1,1,1,-1,1,-1,1,-1,1,1,1,-1,-1,-1,-1,-1,1,-1,1,-1,-1,1,-1,1,1,-1,1,-1,-1,1,1,1,-1,1,-1,-1,-1,1,1,-1,1,-1,-1,-1,1,1,-1,1,-1,-1,-1,1,1,-1,-1,1,-1,-1,1,1,-1,-1,-1,-1,-1,1,1,1,-1,1,1,-1,1,-1,1,-1,1,1,-1,1,-1,-1,1,1,-1,-1,1,1,-1,1,-1,1,-1,1,-1,-1,1,-1,1,-1,1,1,-1,1,1,1,-1,-1,1,-1,1,-1,1,-1,-1,1,-1,1,1,1,-1,-1,-1,1,1,1,1,-1,-1,1,-1,-1,1,1,-1,-1,-1,-1,1,-1,1,-1,-1,1,1,-1,1,1,-1,-1,1,-1,-1,1,1,-1,-1,-1,-1,1,-1,1,-1,-1,-1,-1,1,-1,-1,-1,1,-1,-1,1,-1,1,-1,-1,-1,-1,-1,-1,1,1,-1,-1,-1,1,1,1,-1,-1,-1,1,-1,-1,1,-1,-1,-1,-1,1,1,1,-1,-1,-1,-1,1,-1,1,1,-1,1,-1,-1,1,1,-1,-1,-1,-1,-1,-1,1,1,-1,-1,1,-1,1,1,-1,-1,-1,1,-1,1,1,-1,-1,1,-1,-1,1,1,1,-1,1,-1,1,1,1,-1,-1,1,-1,-1,1,1,1,-1,1,-1,-1,1,1,-1,1,1,-1,-1,1,1,-1,1,1,-1,-1,1,-1,-1,1,1,-1,-1,1,1,1,1,1,1,-1,1,1,-1,1,1,-1,-1,1,-1,1,1,1,1,-1,-1,1,-1,1,1,1,-1,1,1,1,1,-1,1,-1,1,1,1,1,1,1,-1,1,-1,1,1,1,-1,1,1,1,1,1,1,-1,1,-1,1,1,1,-1,-1,1,1,1,1,-1,1,-1,-1,1,-1,1,1,-1,1,-1,1,-1,1,1,-1,-1,-1,1,1,1,1,-1,-1,1,1,-1,1,1,-1,1,-1,1,-1,1,1,-1,1,-1,1,-1,1,1,1,1,1,1,1,1,1,-1,-1,1,-1,1,-1,1,-1,1,-1,-1,1,1,-1,-1,1,-1,1,-1,1,1,-1,1,1,1,1,1,-1,-1,-1,1,-1,-1,-1,-1,-1,1,-1,1,1,1,-1,1,1,1,-1,1,1,1,-1,1,1,1,1,1,-1,-1,1,1,1,1,1,-1,-1,-1,1,-1,1,1,-1,-1,1,1,1,-1,1,1,-1,1,1,1,1,1,-1,-1,-1,1,1,1,1,1,-1,1,-1,1,1,-2660.0,1,2000,445,1000,True
2306,-1,-1,1,1,1,1,-1,1,-1,-1,-1,1,-1,1,-1,-1,1,-1,1,1,-1,1,-1,-1,-1,1,-1,-1,1,-1,-1,-1,1,1,-1,-1,1,-1,-1,-1,1,-1,-1,-1,-1,1,-1,-1,1,1,-1,-1,1,1,1,-1,1,-1,-1,-1,-1,1,1,1,-1,1,-1,-1,-1,-1,1,-1,-1,-1,1,-1,-1,-1,1,-1,-1,-1,1,-1,1,-1,-1,1,-1,1,-1,1,-1,1,1,-1,-1,1,1,1,1,1,-1,-1,1,1,-1,1,1,-1,-1,1,1,-1,1,1,-1,-1,1,1,-1,1,1,1,-1,1,1,-1,1,1,1,-1,1,1,-1,1,1,1,-1,-1,1,-1,1,1,1,-1,1,1,1,-1,1,1,-1,-1,-1,1,-1,1,1,-1,1,1,1,1,1,1,-1,1,1,-1,1,1,-1,-1,1,1,-1,1,1,-1,1,-1,-1,1,1,1,-1,1,1,1,1,1,1,-1,1,1,-1,1,1,1,1,-1,1,-1,1,1,1,-1,-1,1,-1,-1,1,1,-1,1,1,-1,1,1,1,1,1,1,-1,-1,1,1,-1,-1,1,-1,1,1,-1,1,-1,1,-1,1,1,1,-1,1,1,-1,-1,1,-1,-1,1,1,-1,1,1,-1,1,1,-1,-1,1,1,-1,1,1,1,1,-1,-1,-1,1,1,-1,-1,1,1,-1,1,1,-1,-1,-1,1,-1,-1,1,1,1,-1,1,-1,1,1,1,1,-1,-1,-1,-1,1,-1,1,-1,-1,-1,1,1,-1,1,1,1,-1,-1,1,1,1,-1,-1,-1,1,1,-1,1,1,-1,-1,1,1,-1,1,-1,-1,-1,1,1,1,1,-1,-1,-1,1,-1,1,1,-1,-1,1,-1,-1,1,1,-1,1,1,1,1,-1,1,-1,1,1,1,-1,1,1,-1,-1,1,1,-1,1,-1,-1,-1,1,1,-1,1,-1,-1,1,-1,1,-1,1,-1,-1,1,-1,1,-1,1,1,-1,1,-1,1,1,-1,1,-1,-1,1,1,-1,1,-1,-1,1,1,-1,-1,1,1,-1,1,-1,1,-1,1,-1,1,1,-1,1,1,1,-1,1,1,-1,1,-1,1,-1,-1,1,-1,1,1,-1,1,-1,1,1,1,1,-1,-1,-1,1,-1,-1,1,-1,1,-1,-1,1,-1,1,-1,-1,-1,-1,1,-1,1,-1,1,-1,1,-1,-1,1,-1,-1,-1,-1,1,-1,-1,1,1,-1,-1,1,-1,1,1,-1,1,-1,1,-1,-1,1,1,-1,-1,-1,-1,1,1,-1,1,-1,1,-1,1,-1,1,-1,-1,-1,-1,1,-1,1,-1,-1,-1,-1,1,1,-1,1,-1,-1,-1,1,1,1,1,1,-1,-1,1,1,-1,1,-1,-1,-1,1,1,1,-1,1,-1,-1,-1,1,1,-1,1,-1,-1,-1,1,1,1,1,-1,-1,-1,1,1,-1,1,-1,-1,-1,1,1,1,-1,1,1,-1,1,1,1,1,1,-1,1,1,-1,-1,1,-1,-1,1,-1,-1,1,1,-1,1,-1,-1,-1,1,1,-1,1,1,-1,-1,1,1,-1,1,1,-1,-1,-1,1,-1,-1,-1,-1,1,-1,1,-1,-1,-1,-1,-1,-1,1,-1,1,1,1,1,-1,1,-1,1,1,-1,1,-1,1,-1,-1,1,-1,1,-1,-1,1,1,1,1,1,1,-1,1,1,1,-1,1,-1,1,1,1,1,-1,-1,-1,1,1,1,1,-1,1,-1,1,-1,1,-1,1,1,-1,-1,1,1,-1,-1,1,-1,-1,1,1,-1,1,1,1,-1,1,1,1,1,1,1,-1,1,-1,1,-1,1,1,-1,1,1,1,1,1,1,-1,1,-1,1,-1,1,1,-1,1,1,-1,1,1,1,1,1,1,1,1,1,1,-1,1,1,-1,-1,1,-1,-1,1,1,1,-1,1,-1,-1,1,-1,1,1,1,-1,-1,1,-1,1,-1,-1,1,-1,1,-1,1,-1,1,-1,-1,1,-1,1,-1,1,-1,-1,1,-1,1,-1,1,-1,-1,1,-1,1,-1,1,-1,-1,1,1,1,1,1,-1,1,1,-1,1,1,1,1,-1,1,-1,1,-1,1,-1,-1,1,1,-1,1,1,-1,1,-1,1,-1,1,1,1,-1,1,-1,-1,1,1,-1,1,1,-1,1,-1,-1,-1,-1,1,1,-1,1,1,-1,1,1,1,-1,1,1,-1,1,1,1,1,1,1,-1,-1,1,1,-1,1,1,-1,-1,1,-1,1,1,1,-1,1,1,1,-1,1,1,-1,1,1,-1,1,1,1,-1,-1,1,-1,-1,1,-1,-1,-1,1,-1,1,1,-1,-1,-1,1,-1,1,1,1,-1,1,1,-1,1,1,1,-1,1,-1,1,1,1,-1,-1,1,-1,-1,1,1,1,1,-1,1,-1,1,1,1,-1,1,-1,-1,1,1,1,1,-1,1,-1,1,1,1,1,1,-1,-1,1,1,-1,1,1,-1,-1,-1,1,-1,1,-1,-1,-1,1,-1,1,1,1,-1,-1,-1,1,-1,1,1,-1,-1,1,1,-1,1,1,-1,1,1,1,-1,1,1,-1,1,-1,1,1,1,1,-1,1,-1,1,1,1,-1,1,-1,1,1,1,1,-1,-1,1,-1,1,1,-1,1,1,-1,-1,1,-1,1,1,-1,1,-1,1,-1,1,-1,-1,1,-1,1,-1,1,-1,1,-1,-1,1,1,1,-1,-1,1,-1,-1,-1,1,1,-1,1,-1,-1,-1,1,1,-1,1,-1,-1,1,1,-1,-1,-1,1,-1,1,1,-1,1,1,-1,-1,1,-1,-1,1,1,1,-1,-1,1,-1,1,1,-1,1,1,-1,-1,-1,-1,1,-1,-1,-1,-1,-1,1,-1,1,1,-1,1,1,-1,1,-1,1,1,-1,1,-1,1,1,1,1,-1,1,-1,1,-1,1,-1,1,1,-1,1,-1,1,1,-1,1,-1,1,1,1,-1,-1,1,-1,1,-1,1,-1,-1,1,-1,1,-1,1,1,-1,1,-1,1,-1,-2660.0,1,2000,445,1500,True
2307,1,1,-1,-1,1,-1,-1,1,1,1,1,-1,1,1,1,1,-1,1,-1,-1,-1,1,1,1,1,-1,-1,-1,1,1,1,1,-1,-1,-1,1,-1,1,1,1,-1,-1,1,1,1,1,1,-1,1,1,1,1,-1,1,-1,-1,1,-1,1,1,1,-1,-1,1,1,1,1,1,-1,-1,1,-1,1,1,1,-1,-1,-1,1,1,1,-1,-1,-1,-1,1,1,1,-1,-1,1,1,-1,1,1,-1,-1,-1,-1,-1,1,1,-1,-1,1,-1,-1,1,1,-1,-1,-1,-1,-1,1,1,-1,-1,1,-1,-1,1,1,1,-1,-1,-1,-1,1,1,1,-1,1,-1,-1,1,1,1,-1,1,-1,-1,-1,1,1,-1,1,-1,-1,-1,1,1,-1,-1,1,-1,-1,1,1,-1,1,-1,-1,-1,1,1,-1,1,1,-1,1,1,-1,-1,1,-1,-1,1,1,-1,1,-1,1,-1,1,1,-1,1,1,-1,-1,-1,1,1,1,1,1,-1,-1,1,-1,1,1,1,-1,-1,1,1,-1,1,1,-1,1,1,-1,1,1,1,-1,1,1,1,1,1,1,1,-1,1,-1,-1,1,1,-1,-1,1,1,-1,1,1,-1,-1,1,-1,1,1,1,1,-1,1,1,-1,1,1,-1,1,1,-1,1,1,1,-1,-1,1,-1,1,-1,1,1,1,1,-1,1,-1,1,1,1,1,-1,1,-1,1,1,1,1,-1,-1,1,1,1,1,1,1,-1,1,1,-1,-1,1,1,-1,-1,1,1,1,1,-1,1,-1,1,1,1,-1,1,-1,-1,1,1,1,1,-1,1,-1,1,-1,1,1,1,1,-1,1,1,1,1,1,-1,-1,1,1,1,1,1,1,-1,1,1,1,1,1,-1,1,1,1,-1,1,1,-1,1,1,1,-1,1,1,1,1,1,-1,1,1,1,1,1,1,1,-1,1,1,1,1,1,1,-1,1,1,1,1,1,1,1,-1,1,-1,1,-1,1,-1,1,1,1,1,-1,1,1,-1,1,1,-1,1,1,-1,-1,-1,-1,1,1,1,-1,1,1,-1,1,1,-1,1,-1,1,1,1,1,-1,1,1,1,-1,1,1,1,1,-1,1,1,1,-1,1,-1,1,-1,1,1,1,1,-1,1,-1,1,-1,1,1,-1,1,-1,-1,1,1,1,1,1,-1,1,-1,-1,1,-1,1,-1,1,-1,-1,-1,1,1,-1,-1,1,-1,1,1,-1,-1,1,1,-1,1,-1,1,-1,1,-1,-1,1,-1,-1,-1,1,-1,1,1,-1,1,-1,1,-1,1,1,-1,-1,1,1,-1,1,-1,1,-1,-1,1,-1,1,-1,1,-1,1,-1,-1,1,1,1,-1,-1,1,-1,1,1,-1,1,-1,-1,-1,1,-1,1,-1,-1,-1,-1,1,-1,1,-1,-1,1,-1,1,-1,1,-1,-1,-1,1,1,-1,1,-1,-1,-1,1,1,1,1,1,1,-1,1,1,-1,1,1,1,1,-1,1,1,-1,-1,1,1,-1,-1,1,-1,1,-1,1,-1,1,-1,-1,-1,1,-1,-1,1,1,-1,-1,-1,1,-1,-1,1,-1,-1,-1,1,-1,-1,1,-1,-1,1,1,-1,-1,1,-1,-1,-1,-1,-1,1,1,-1,1,-1,-1,-1,-1,1,-1,-1,1,1,-1,-1,1,1,-1,-1,-1,1,-1,1,1,-1,-1,-1,1,-1,-1,1,-1,-1,1,-1,1,1,-1,-1,-1,-1,1,1,1,-1,1,-1,-1,1,1,1,1,-1,-1,-1,1,-1,1,-1,1,-1,-1,1,-1,1,1,-1,1,-1,1,1,1,1,-1,1,-1,1,-1,1,1,-1,-1,-1,-1,-1,1,1,-1,1,-1,1,-1,1,1,-1,-1,1,1,-1,1,1,-1,-1,-1,1,-1,1,1,1,-1,1,-1,-1,1,-1,1,-1,1,-1,-1,1,-1,-1,1,1,1,-1,1,1,-1,1,1,-1,-1,1,-1,1,-1,1,-1,-1,1,1,-1,1,1,-1,-1,-1,1,-1,1,-1,-1,-1,-1,1,-1,1,1,-1,-1,-1,-1,1,1,1,1,-1,-1,1,-1,-1,1,1,-1,-1,-1,-1,1,-1,1,-1,-1,1,1,-1,1,1,-1,-1,1,-1,-1,1,-1,-1,-1,-1,-1,1,-1,1,-1,-1,-1,-1,1,-1,-1,-1,1,-1,1,-1,-1,1,-1,-1,-1,-1,-1,-1,1,1,-1,-1,-1,1,1,1,-1,-1,-1,1,-1,-1,1,-1,-1,-1,-1,1,1,1,-1,-1,-1,-1,1,-1,1,1,-1,1,-1,-1,1,1,-1,-1,-1,-1,-1,-1,1,1,-1,-1,1,-1,1,1,-1,-1,-1,1,-1,1,1,-1,-1,1,-1,-1,1,1,1,-1,1,-1,1,1,1,-1,-1,1,-1,-1,1,1,1,-1,1,-1,-1,1,1,-1,1,1,-1,-1,1,1,1,1,1,-1,-1,1,1,-1,1,1,-1,-1,1,1,1,1,1,1,-1,1,1,1,-1,1,-1,-1,1,-1,1,1,1,1,-1,-1,1,-1,1,1,1,-1,1,1,1,1,-1,1,-1,1,1,1,1,1,1,-1,-1,1,1,1,1,-1,1,-1,1,1,1,1,-1,1,-1,1,1,1,-1,-1,1,-1,1,1,-1,1,-1,-1,-1,1,1,1,-1,1,-1,-1,1,1,1,-1,-1,-1,-1,1,1,1,-1,-1,-1,-1,-1,1,1,-1,1,-1,-1,-1,1,1,-1,-1,1,-1,1,1,1,1,1,1,-1,-1,1,1,-1,-1,1,1,1,-1,1,-1,1,-1,-1,1,1,-1,-1,1,-1,-1,-1,1,1,-1,1,1,1,1,1,-1,-1,-1,-1,-1,-1,-1,-1,-1,1,-1,1,1,1,-1,1,1,-1,1,1,1,1,-1,1,-1,1,1,1,-1,-1,1,-1,1,1,1,-1,-1,1,-1,1,1,1,-1,-1,1,-1,1,1,1,1,-1,1,-1,-1,1,1,1,-1,-1,1,-1,1,-1,1,-1,1,-1,-1,1,-2660.0,1,2000,445,1000,True
2308,1,1,-1,-1,1,-1,-1,1,1,1,1,-1,1,1,1,1,-1,1,-1,-1,-1,1,1,1,1,-1,1,-1,1,1,1,1,1,-1,-1,1,-1,1,1,-1,-1,-1,1,1,1,1,1,-1,1,-1,1,1,-1,1,-1,-1,-1,-1,1,1,1,-1,-1,1,1,1,1,1,-1,-1,1,-1,1,1,1,-1,-1,1,-1,1,1,-1,-1,-1,-1,1,1,1,-1,-1,-1,-1,-1,1,1,-1,-1,1,-1,-1,1,1,-1,-1,1,-1,-1,1,1,-1,-1,1,-1,-1,1,1,-1,-1,1,-1,-1,1,1,1,-1,-1,-1,-1,1,1,1,-1,-1,-1,-1,1,1,1,-1,-1,-1,-1,-1,1,1,-1,1,-1,-1,-1,1,1,-1,-1,1,-1,-1,1,1,-1,-1,-1,-1,-1,1,1,-1,-1,1,-1,1,1,-1,-1,-1,-1,-1,1,1,-1,-1,1,1,-1,1,1,-1,-1,-1,-1,-1,-1,1,1,-1,-1,1,-1,-1,1,-1,1,-1,1,-1,-1,1,1,-1,-1,1,-1,1,1,1,1,-1,1,-1,1,1,-1,-1,-1,1,1,-1,1,-1,-1,-1,1,-1,-1,1,-1,-1,-1,1,-1,-1,1,-1,1,-1,1,1,-1,1,1,-1,-1,1,-1,1,1,-1,-1,-1,1,-1,-1,1,-1,1,-1,1,1,1,1,-1,1,-1,1,1,1,1,1,-1,-1,1,1,1,1,-1,-1,-1,1,1,1,1,1,-1,-1,1,-1,-1,1,1,-1,1,1,1,1,1,-1,1,-1,1,1,1,-1,1,1,1,1,1,1,1,-1,-1,1,1,-1,1,1,1,-1,1,1,1,1,1,1,1,1,1,1,1,1,1,1,-1,1,1,1,1,1,-1,1,1,1,-1,1,1,1,-1,1,1,1,1,1,-1,1,1,-1,1,1,1,-1,1,1,1,1,1,1,-1,1,1,1,-1,1,1,1,1,1,1,1,-1,1,-1,1,-1,1,-1,1,1,1,-1,-1,1,1,-1,1,-1,1,1,1,-1,-1,-1,-1,1,1,1,-1,1,1,-1,1,1,-1,-1,1,1,-1,1,1,-1,1,1,1,1,1,1,1,-1,-1,1,-1,-1,-1,1,-1,1,-1,-1,1,1,1,-1,1,-1,1,-1,1,1,1,-1,1,-1,1,1,1,1,1,-1,1,-1,-1,1,-1,1,-1,-1,-1,1,1,1,1,-1,-1,1,-1,1,1,1,-1,1,-1,1,-1,1,1,-1,-1,1,-1,1,1,1,1,-1,-1,1,1,1,1,-1,-1,1,-1,1,1,-1,1,-1,1,1,1,1,-1,-1,-1,-1,1,1,1,-1,1,-1,1,-1,1,1,-1,-1,1,-1,1,1,1,1,-1,1,-1,-1,1,1,1,-1,-1,-1,-1,1,1,-1,-1,1,-1,-1,1,-1,1,-1,-1,-1,-1,1,-1,1,1,-1,1,-1,-1,1,1,1,-1,1,-1,1,-1,-1,1,1,-1,1,1,-1,-1,1,-1,1,-1,1,-1,1,-1,1,1,1,-1,-1,-1,1,-1,1,1,1,-1,-1,-1,1,1,-1,1,-1,-1,-1,1,1,1,1,-1,-1,1,1,1,-1,1,-1,-1,-1,-1,1,1,1,-1,1,-1,-1,1,-1,1,-1,-1,1,-1,1,-1,1,1,-1,-1,-1,-1,-1,1,1,-1,-1,-1,-1,-1,1,1,-1,-1,-1,1,1,1,-1,-1,-1,-1,1,1,1,-1,1,-1,1,-1,1,1,1,-1,-1,-1,-1,-1,1,-1,1,-1,-1,1,-1,1,1,-1,1,-1,-1,1,1,1,-1,1,-1,-1,-1,1,1,-1,1,-1,-1,-1,1,1,-1,1,-1,-1,-1,1,1,-1,-1,1,-1,-1,1,1,-1,-1,-1,-1,-1,1,1,-1,-1,1,-1,-1,1,-1,1,-1,1,-1,-1,1,-1,-1,1,1,1,-1,1,1,-1,1,-1,1,-1,1,-1,-1,1,-1,1,-1,1,1,-1,1,-1,-1,-1,-1,1,-1,1,-1,1,-1,-1,1,-1,1,-1,1,-1,-1,-1,1,1,-1,-1,-1,-1,1,-1,-1,-1,-1,-1,-1,-1,-1,1,-1,-1,-1,-1,1,1,-1,1,-1,-1,-1,1,-1,-1,1,-1,-1,-1,-1,-1,1,1,-1,-1,-1,-1,-1,1,-1,-1,-1,1,-1,-1,1,-1,1,-1,-1,-1,-1,-1,-1,-1,1,-1,-1,-1,1,1,-1,-1,-1,-1,1,-1,-1,-1,-1,1,-1,-1,1,-1,1,-1,-1,-1,-1,1,1,1,1,-1,1,-1,-1,-1,1,-1,-1,-1,-1,-1,-1,1,1,-1,-1,1,-1,1,1,-1,-1,-1,1,-1,1,1,-1,-1,-1,-1,-1,1,1,1,-1,-1,-1,1,1,1,-1,-1,1,-1,-1,1,1,1,-1,1,-1,-1,1,1,-1,1,-1,-1,-1,1,1,1,1,1,-1,-1,1,1,-1,1,1,-1,-1,1,1,1,1,1,1,-1,1,1,1,1,1,-1,-1,1,-1,1,1,1,1,-1,-1,1,-1,1,-1,1,-1,1,1,1,1,-1,1,-1,1,1,1,1,1,1,1,-1,1,1,1,1,-1,1,-1,1,1,1,1,-1,1,1,1,1,1,1,1,-1,1,1,1,-1,1,1,1,1,-1,1,1,-1,1,1,1,1,1,1,-1,-1,1,-1,1,1,1,1,1,-1,1,1,1,1,1,-1,1,1,-1,1,1,1,-1,1,1,-1,1,1,-1,1,-1,-1,1,1,1,1,1,-1,-1,1,-1,1,1,-1,1,1,1,1,1,1,-1,1,1,1,1,1,1,-1,-1,1,1,1,-1,1,1,-1,-1,-1,-1,1,1,-1,-1,1,1,1,-1,1,-1,-1,-1,1,1,1,1,-1,-1,1,1,1,1,1,1,-1,1,1,1,1,1,1,-1,1,1,1,1,1,1,-1,1,-1,1,-1,1,1,-1,-1,1,1,-1,1,1,1,1,1,1,-1,1,1,-1,-1,1,-2660.0,1,2000,445,1000,True
2309,-1,-1,1,1,1,1,-1,1,-1,-1,-1,1,-1,1,-1,-1,1,-1,1,1,-1,1,-1,-1,-1,1,-1,-1,-1,-1,-1,-1,1,1,-1,1,1,-1,-1,-1,1,-1,1,-1,-1,-1,1,1,-1,-1,-1,-1,1,1,1,-1,-1,1,-1,-1,1,1,1,1,-1,-1,-1,1,1,-1,1,-1,-1,-1,1,-1,-1,1,-1,-1,-1,-1,1,-1,-1,-1,-1,1,1,1,-1,-1,-1,-1,1,1,-1,-1,-1,1,-1,1,1,-1,-1,-1,-1,-1,1,1,-1,1,-1,-1,-1,1,1,-1,1,-1,-1,-1,1,1,-1,1,-1,-1,-1,1,1,-1,1,-1,-1,1,1,1,-1,-1,-1,-1,1,1,1,-1,1,-1,-1,-1,1,1,-1,-1,1,-1,-1,1,1,-1,1,1,-1,-1,1,1,-1,1,1,-1,1,1,1,-1,1,-1,-1,-1,1,1,1,-1,1,-1,1,1,-1,1,1,-1,-1,1,1,1,1,1,1,-1,1,1,-1,1,1,1,-1,1,1,1,-1,1,1,-1,1,1,-1,1,1,1,1,1,1,1,1,1,1,1,-1,1,-1,-1,1,1,-1,1,-1,1,1,1,1,1,1,1,-1,1,1,1,1,1,-1,1,-1,1,1,1,1,1,-1,1,1,1,1,-1,1,-1,1,-1,1,-1,-1,1,-1,1,-1,1,1,-1,1,-1,1,-1,1,-1,1,1,-1,-1,1,1,1,1,1,1,-1,1,1,1,-1,-1,1,-1,-1,1,-1,-1,-1,1,1,-1,-1,1,1,-1,1,-1,-1,1,-1,-1,-1,-1,1,-1,-1,1,-1,-1,1,1,-1,1,-1,-1,-1,1,-1,-1,-1,-1,-1,1,1,1,-1,1,-1,-1,1,1,-1,1,-1,-1,1,-1,1,-1,-1,-1,-1,1,1,1,1,1,1,-1,-1,1,1,1,1,-1,-1,-1,1,1,1,1,-1,-1,1,-1,1,1,1,-1,-1,1,-1,1,-1,1,1,-1,1,-1,1,1,1,1,-1,-1,1,1,1,-1,-1,-1,1,1,-1,-1,1,1,-1,1,-1,1,-1,1,-1,1,1,-1,1,1,1,-1,1,1,-1,1,-1,1,-1,-1,1,-1,1,1,1,1,-1,1,1,-1,1,1,-1,-1,1,-1,-1,1,-1,1,-1,-1,1,-1,1,1,-1,-1,-1,1,-1,1,-1,1,-1,1,-1,-1,1,-1,-1,-1,-1,1,-1,-1,1,1,-1,-1,1,-1,1,1,-1,1,-1,1,-1,1,-1,1,-1,-1,-1,-1,-1,-1,-1,1,-1,1,-1,1,-1,1,-1,-1,-1,1,-1,1,1,-1,-1,-1,-1,-1,-1,-1,-1,-1,-1,1,-1,-1,1,-1,1,-1,-1,1,-1,-1,1,-1,-1,-1,-1,-1,1,-1,1,-1,-1,-1,1,1,-1,1,-1,-1,1,-1,1,1,1,-1,-1,-1,-1,1,-1,1,-1,-1,-1,-1,1,1,-1,1,1,-1,1,1,1,1,1,-1,1,-1,1,1,-1,1,-1,1,1,1,-1,-1,-1,1,-1,-1,1,-1,-1,1,1,1,-1,1,1,-1,1,1,1,-1,-1,1,-1,-1,1,-1,-1,1,1,-1,-1,-1,-1,-1,1,1,-1,1,1,1,1,-1,1,-1,-1,1,1,-1,1,1,-1,-1,-1,1,-1,-1,1,1,-1,1,1,1,1,1,-1,1,1,1,-1,1,1,1,-1,1,1,-1,1,1,-1,1,1,1,-1,1,1,-1,-1,1,-1,1,1,1,-1,1,1,1,-1,1,1,-1,1,1,1,1,1,1,1,1,1,1,1,1,1,-1,1,-1,1,-1,1,1,1,1,1,1,1,1,1,-1,1,-1,1,1,1,1,1,-1,1,-1,1,1,1,1,1,1,1,1,1,1,-1,1,1,-1,-1,1,-1,-1,1,1,1,-1,1,1,-1,1,-1,-1,1,1,-1,-1,1,-1,1,-1,1,1,-1,1,-1,1,-1,1,-1,1,1,-1,1,-1,1,1,-1,1,-1,1,-1,1,1,-1,1,-1,1,-1,1,1,-1,1,1,1,1,1,-1,1,1,-1,1,1,1,1,-1,1,-1,1,-1,1,1,-1,1,1,-1,1,1,-1,1,1,1,-1,1,1,1,-1,1,-1,-1,1,1,-1,1,1,-1,1,-1,1,-1,-1,1,1,-1,1,1,-1,-1,1,1,-1,1,1,-1,-1,-1,1,1,1,1,-1,1,1,1,-1,1,1,-1,-1,1,-1,1,1,1,-1,-1,-1,1,-1,1,1,-1,1,-1,-1,1,1,1,-1,-1,-1,-1,-1,1,-1,-1,-1,1,-1,1,1,-1,-1,-1,1,-1,1,1,1,-1,1,-1,-1,1,1,1,-1,1,-1,1,1,1,-1,-1,1,-1,-1,1,1,-1,-1,1,-1,-1,1,1,-1,1,1,-1,-1,1,1,-1,-1,1,-1,-1,1,1,-1,-1,1,-1,-1,1,1,-1,-1,-1,1,-1,1,1,-1,-1,1,-1,-1,1,-1,-1,-1,1,1,-1,-1,1,-1,1,-1,1,-1,1,1,-1,1,-1,1,-1,1,1,-1,1,1,1,-1,-1,1,-1,1,1,-1,1,-1,1,-1,1,1,-1,1,-1,1,1,1,-1,-1,1,-1,1,1,-1,1,-1,-1,1,1,-1,1,-1,1,-1,-1,1,-1,1,-1,-1,-1,1,1,-1,1,-1,-1,-1,-1,-1,1,1,-1,1,-1,-1,1,-1,1,-1,1,1,-1,1,-1,1,1,1,1,-1,1,1,1,-1,-1,1,1,1,1,1,-1,1,-1,-1,1,1,-1,-1,1,-1,-1,1,-1,1,-1,1,-1,1,1,1,-1,-1,-1,-1,-1,1,-1,-1,-1,1,-1,1,-1,1,-1,1,1,-1,1,1,1,1,-1,1,-1,1,1,1,1,-1,1,-1,1,1,1,1,-1,1,-1,1,1,1,1,-1,1,-1,1,1,1,1,-1,1,-1,-1,1,1,-1,-1,-1,1,-1,1,1,1,-1,1,-1,-1,1,-2660.0,1,2000,445,1500,True
2310,-1,-1,1,1,1,1,-1,1,-1,-1,-1,1,-1,1,-1,-1,1,-1,1,-1,-1,1,-1,-1,-1,1,-1,-1,-1,-1,-1,-1,1,-1,-1,1,1,-1,-1,1,-1,-1,1,-1,-1,1,-1,1,-1,-1,-1,-1,1,1,-1,-1,-1,1,-1,-1,1,1,-1,1,-1,1,-1,1,1,-1,1,-1,-1,-1,1,1,-1,1,-1,-1,-1,1,1,-1,-1,-1,-1,1,1,-1,1,-1,-1,1,1,1,1,-1,-1,1,1,1,1,1,1,-1,-1,1,1,1,1,-1,-1,-1,1,1,1,1,1,-1,-1,1,1,1,1,-1,-1,-1,1,1,1,1,1,-1,-1,1,1,1,1,1,-1,-1,1,1,1,1,1,-1,-1,-1,1,1,1,1,1,-1,1,1,1,1,1,-1,-1,-1,1,1,1,1,1,-1,1,1,1,1,1,-1,-1,1,1,1,1,-1,1,-1,1,1,1,1,1,-1,-1,-1,1,1,1,1,1,-1,1,1,-1,1,1,1,-1,1,1,1,1,1,1,-1,1,1,-1,1,1,1,-1,1,1,1,1,1,1,1,-1,1,-1,1,-1,1,-1,-1,1,1,1,1,1,-1,-1,1,-1,-1,1,1,1,-1,1,1,-1,1,1,-1,1,1,-1,1,1,1,-1,-1,1,-1,1,-1,1,1,1,1,-1,1,-1,1,1,1,1,-1,1,-1,1,1,1,1,-1,-1,1,1,1,1,1,1,-1,1,1,-1,-1,1,1,1,-1,1,1,1,1,-1,1,-1,1,1,1,-1,1,1,1,1,1,1,1,-1,-1,1,1,-1,1,1,1,1,-1,1,1,1,1,1,1,1,1,1,1,1,1,-1,1,1,1,1,1,1,-1,1,1,1,-1,1,1,1,-1,1,1,-1,1,1,-1,1,1,-1,1,1,1,-1,1,1,1,-1,1,1,-1,1,1,1,-1,1,1,-1,1,1,1,1,-1,1,-1,1,-1,1,-1,1,1,1,-1,1,1,1,-1,1,-1,1,1,1,-1,-1,-1,-1,1,1,1,-1,1,1,-1,1,1,-1,1,1,1,1,1,1,-1,-1,1,1,-1,1,1,1,1,-1,1,1,1,-1,1,-1,1,1,1,1,1,1,-1,-1,-1,1,-1,1,1,-1,1,-1,1,-1,1,1,1,-1,-1,1,-1,-1,1,-1,1,-1,1,1,1,1,1,1,-1,-1,1,-1,1,1,-1,-1,1,1,1,-1,1,-1,-1,-1,1,-1,1,-1,-1,-1,1,1,1,1,-1,1,-1,1,-1,-1,1,-1,-1,-1,1,-1,-1,1,-1,-1,-1,1,-1,1,1,-1,-1,-1,1,-1,-1,1,1,-1,-1,1,-1,1,-1,1,-1,-1,1,1,-1,-1,1,-1,-1,-1,1,1,-1,1,-1,-1,1,-1,-1,1,1,-1,-1,-1,1,-1,1,1,-1,1,-1,1,-1,-1,1,1,1,-1,1,-1,1,-1,1,1,1,-1,1,1,-1,-1,1,1,1,-1,1,-1,1,-1,1,1,1,-1,-1,-1,-1,-1,1,1,1,-1,-1,-1,1,1,-1,1,-1,-1,-1,1,1,1,1,-1,-1,-1,1,1,1,1,-1,-1,-1,-1,1,-1,1,-1,1,-1,-1,1,1,1,-1,-1,1,-1,1,-1,1,1,-1,-1,-1,-1,1,1,1,-1,-1,-1,1,1,1,1,-1,-1,-1,-1,1,1,-1,-1,-1,-1,-1,1,1,-1,1,-1,1,1,1,1,1,-1,-1,-1,-1,1,1,-1,1,-1,-1,1,1,1,1,-1,1,-1,-1,1,1,1,-1,1,-1,1,1,1,1,-1,-1,-1,-1,1,-1,1,-1,1,-1,1,1,1,1,-1,-1,1,-1,1,1,1,-1,-1,-1,1,1,1,-1,1,-1,1,-1,1,-1,-1,1,-1,1,-1,1,1,-1,-1,1,-1,1,1,-1,1,-1,1,-1,1,-1,1,-1,1,-1,1,-1,1,-1,1,-1,1,-1,-1,1,-1,1,-1,1,-1,1,1,-1,1,-1,1,1,-1,1,-1,-1,1,1,1,1,1,-1,1,-1,-1,1,1,1,1,-1,-1,1,-1,1,1,-1,1,1,-1,1,1,1,-1,1,-1,-1,1,1,1,1,-1,-1,1,-1,1,1,-1,-1,-1,-1,1,-1,-1,1,-1,-1,1,-1,1,1,-1,-1,-1,-1,1,1,1,-1,-1,-1,1,1,1,1,-1,-1,1,-1,-1,1,1,-1,-1,-1,1,1,1,-1,-1,-1,-1,1,-1,1,1,-1,1,-1,-1,1,1,1,-1,-1,-1,-1,-1,1,-1,-1,-1,1,-1,1,1,-1,-1,-1,1,-1,1,1,1,-1,1,-1,-1,1,1,1,-1,1,-1,1,1,1,-1,-1,1,-1,-1,1,1,-1,-1,1,-1,-1,1,1,-1,1,1,-1,-1,1,1,-1,-1,1,-1,-1,1,1,-1,-1,1,-1,-1,1,1,-1,-1,-1,1,-1,-1,1,-1,-1,1,-1,-1,1,-1,1,-1,-1,1,-1,-1,1,-1,-1,-1,1,-1,1,1,-1,-1,-1,1,-1,1,1,1,-1,-1,1,1,-1,1,-1,-1,1,-1,1,-1,1,-1,-1,1,1,-1,1,1,-1,-1,-1,1,1,-1,1,-1,-1,1,1,-1,-1,1,1,-1,1,-1,1,-1,1,1,-1,-1,-1,1,-1,1,1,-1,-1,1,-1,-1,-1,1,-1,1,-1,1,-1,-1,1,-1,1,-1,1,-1,-1,1,-1,-1,1,-1,-1,-1,1,-1,-1,-1,-1,1,-1,1,1,-1,1,1,-1,1,1,-1,-1,1,1,-1,-1,1,-1,-1,1,1,-1,1,1,-1,-1,-1,-1,1,-1,-1,-1,-1,-1,-1,-1,1,1,-1,1,1,-1,1,1,1,-1,-1,1,-1,1,1,1,-1,-1,1,-1,1,-1,1,-1,-1,1,-1,-1,1,1,-1,-1,1,-1,1,1,1,1,-1,1,-1,-1,1,1,1,-1,-1,1,-1,1,1,1,-1,1,-1,-1,1,-2660.0,1,2000,445,1000,True
2311,1,1,-1,-1,1,1,-1,1,1,1,1,-1,-1,1,1,1,-1,1,-1,-1,-1,1,1,1,1,-1,-1,-1,1,1,1,1,-1,-1,-1,1,-1,1,1,1,-1,-1,1,1,1,1,1,-1,1,-1,1,1,1,1,-1,-1,-1,-1,1,1,1,-1,-1,1,1,1,1,1,-1,-1,1,-1,1,1,1,-1,-1,1,-1,1,1,-1,-1,-1,-1,1,1,1,-1,-1,-1,-1,-1,1,1,-1,-1,1,-1,-1,1,1,-1,-1,1,-1,-1,1,1,-1,-1,-1,-1,-1,1,1,-1,-1,1,-1,-1,1,1,1,-1,-1,-1,-1,1,1,1,-1,1,-1,-1,1,1,1,-1,1,-1,-1,-1,1,1,-1,1,-1,-1,-1,1,1,-1,-1,1,-1,1,1,1,-1,1,-1,-1,-1,1,1,-1,1,1,-1,1,1,-1,-1,1,-1,-1,1,1,-1,1,-1,1,-1,1,1,-1,1,1,-1,-1,-1,1,1,1,1,1,-1,-1,1,-1,1,1,1,-1,-1,1,1,-1,1,1,-1,1,1,-1,1,1,1,-1,1,1,1,1,1,1,1,-1,1,-1,-1,1,1,-1,-1,1,1,-1,1,1,-1,-1,1,-1,1,1,1,1,-1,1,1,-1,1,1,-1,1,1,-1,1,1,1,-1,-1,1,-1,1,-1,1,1,1,1,-1,1,-1,1,1,1,1,-1,1,-1,1,1,1,1,-1,-1,1,1,1,1,1,1,-1,1,1,-1,-1,1,1,-1,-1,1,1,1,1,-1,1,-1,1,1,1,-1,1,-1,-1,-1,1,1,1,-1,1,-1,1,-1,1,1,1,1,-1,1,1,1,1,1,-1,-1,1,1,1,1,1,1,1,1,1,1,1,1,-1,1,1,1,-1,1,1,-1,1,1,1,-1,1,1,1,-1,1,-1,1,1,1,1,-1,1,1,-1,1,1,1,-1,1,1,-1,1,1,-1,-1,1,1,1,-1,1,1,-1,1,1,-1,1,1,1,1,1,1,1,-1,1,1,-1,1,1,-1,-1,-1,-1,-1,1,1,-1,1,1,-1,-1,1,-1,1,1,1,1,-1,1,-1,-1,1,1,-1,-1,1,1,1,-1,1,-1,-1,-1,1,-1,1,-1,1,-1,1,1,-1,-1,-1,-1,1,-1,1,-1,1,-1,-1,-1,1,1,1,-1,-1,-1,1,-1,1,-1,1,-1,-1,-1,-1,1,1,1,-1,-1,1,-1,1,1,-1,-1,-1,-1,1,-1,1,-1,-1,-1,1,-1,1,-1,-1,-1,-1,-1,1,1,-1,1,-1,-1,1,-1,1,-1,-1,1,-1,1,-1,1,-1,-1,1,1,-1,1,1,-1,-1,1,-1,1,-1,1,1,-1,-1,1,-1,1,-1,1,-1,-1,1,-1,-1,-1,1,-1,-1,1,-1,1,-1,1,-1,-1,1,-1,-1,1,1,-1,-1,-1,1,-1,1,1,-1,1,-1,1,-1,-1,1,1,1,-1,1,-1,1,-1,1,-1,1,-1,1,1,-1,1,-1,1,1,-1,1,-1,1,-1,1,1,1,-1,-1,-1,1,-1,1,1,1,-1,-1,-1,1,1,-1,1,-1,-1,-1,1,1,1,1,-1,-1,-1,1,1,1,1,-1,-1,-1,-1,1,1,1,-1,1,-1,-1,1,-1,1,-1,-1,1,-1,1,-1,1,1,-1,-1,-1,-1,-1,1,1,-1,-1,-1,1,-1,1,1,-1,-1,-1,-1,1,1,-1,-1,-1,-1,-1,1,1,-1,1,-1,1,1,1,1,1,-1,-1,-1,-1,-1,1,-1,1,-1,-1,1,-1,1,1,-1,1,-1,-1,1,1,1,-1,1,-1,1,-1,1,1,-1,1,-1,-1,-1,1,1,-1,1,-1,1,-1,1,1,-1,-1,1,-1,-1,1,1,-1,-1,-1,1,-1,1,1,1,-1,1,-1,-1,1,-1,1,-1,1,-1,-1,1,-1,-1,1,-1,1,-1,1,1,-1,1,-1,1,-1,1,-1,1,-1,1,-1,-1,1,1,-1,1,-1,-1,-1,-1,1,-1,1,-1,1,-1,-1,1,-1,1,1,-1,-1,-1,-1,1,1,1,1,-1,-1,1,-1,-1,1,1,-1,-1,-1,-1,1,-1,1,-1,-1,1,1,-1,1,1,-1,-1,1,-1,-1,1,1,-1,-1,-1,-1,1,-1,1,-1,-1,-1,-1,-1,1,-1,-1,1,-1,-1,1,-1,1,-1,-1,-1,-1,-1,1,1,1,-1,-1,-1,1,1,1,-1,-1,-1,1,-1,-1,1,1,-1,-1,-1,1,1,1,-1,-1,-1,-1,1,-1,1,-1,-1,1,-1,-1,1,1,-1,-1,-1,-1,-1,-1,1,1,-1,-1,1,-1,1,1,-1,-1,-1,1,-1,1,1,-1,-1,1,-1,-1,1,1,1,-1,1,-1,1,1,1,-1,-1,1,-1,-1,1,1,1,-1,1,-1,-1,1,1,-1,1,1,-1,-1,1,1,1,1,1,-1,-1,1,-1,-1,1,1,-1,-1,1,1,1,1,1,1,-1,1,1,1,-1,1,-1,-1,1,-1,1,1,1,1,-1,-1,1,-1,1,1,1,-1,1,1,1,1,-1,1,-1,1,1,1,1,1,1,-1,1,-1,1,1,1,-1,1,1,1,1,1,1,-1,1,-1,1,1,1,-1,-1,1,1,1,1,-1,1,-1,-1,1,-1,1,1,-1,1,-1,1,-1,1,1,-1,-1,-1,1,1,1,1,-1,-1,1,1,-1,1,1,-1,1,-1,1,-1,1,1,-1,1,-1,1,-1,1,1,1,1,1,1,1,1,1,-1,-1,1,1,1,1,1,-1,1,-1,-1,1,1,-1,-1,1,-1,1,-1,1,1,-1,1,1,1,1,1,-1,-1,-1,1,-1,-1,-1,-1,-1,1,1,1,1,1,-1,1,1,1,-1,1,1,1,-1,1,1,1,1,1,-1,-1,1,1,1,1,1,-1,-1,-1,1,-1,1,1,-1,-1,1,1,1,-1,1,1,-1,1,1,1,1,1,-1,-1,-1,1,-1,1,1,1,-1,1,-1,1,1,-2660.0,1,2000,445,1000,True
2312,1,1,-1,-1,1,1,-1,1,1,1,1,-1,-1,1,1,1,-1,1,-1,-1,-1,1,1,1,1,-1,-1,-1,1,1,1,1,-1,-1,-1,1,-1,1,1,1,-1,-1,1,1,1,1,1,-1,1,-1,1,1,1,1,-1,-1,1,-1,1,1,1,-1,-1,-1,1,1,1,1,-1,-1,1,-1,1,1,1,-1,-1,1,-1,1,1,-1,-1,-1,-1,1,1,1,-1,1,-1,1,-1,1,1,-1,-1,1,-1,1,1,1,-1,-1,1,-1,-1,1,1,-1,-1,1,-1,-1,1,1,-1,-1,1,-1,-1,1,1,1,-1,1,-1,-1,1,1,1,-1,1,-1,-1,1,1,1,-1,-1,-1,-1,-1,1,1,-1,1,-1,-1,-1,1,1,-1,-1,1,-1,-1,1,1,-1,1,1,-1,-1,1,1,-1,1,1,-1,1,1,-1,-1,1,-1,-1,1,1,-1,1,-1,1,-1,1,1,-1,1,1,-1,-1,-1,1,1,1,1,1,-1,-1,1,-1,1,1,1,-1,-1,1,1,-1,1,1,-1,1,1,-1,1,1,1,-1,1,1,1,1,1,1,1,-1,1,-1,-1,1,1,-1,-1,1,1,-1,1,1,-1,-1,1,-1,1,1,1,1,-1,-1,1,-1,1,1,-1,1,1,-1,1,1,1,-1,-1,1,-1,1,1,1,1,1,1,-1,1,1,1,1,-1,-1,1,-1,1,1,1,1,1,-1,-1,1,1,1,1,1,1,-1,1,1,-1,-1,-1,1,1,1,1,1,-1,-1,1,-1,1,1,1,1,-1,1,-1,1,1,1,1,-1,1,-1,1,1,-1,1,-1,1,-1,1,1,1,1,-1,1,1,1,1,1,-1,-1,1,-1,1,1,1,-1,1,1,-1,1,1,1,-1,1,1,1,1,1,1,1,1,1,-1,-1,1,-1,1,1,1,-1,1,1,1,-1,1,1,-1,-1,1,1,-1,1,1,-1,-1,1,1,1,1,1,1,-1,-1,1,-1,1,1,1,-1,1,1,1,-1,1,-1,1,1,1,-1,1,-1,-1,-1,1,1,-1,1,1,-1,-1,1,-1,1,-1,1,-1,-1,1,-1,1,1,1,-1,-1,1,1,1,-1,1,1,1,-1,1,1,1,1,1,-1,1,1,-1,1,-1,1,1,1,1,-1,1,-1,1,-1,1,1,-1,1,-1,1,1,-1,1,1,-1,-1,1,-1,-1,-1,1,1,-1,-1,1,-1,1,1,-1,-1,1,-1,-1,1,1,1,-1,-1,1,-1,1,-1,-1,-1,1,1,1,1,-1,1,-1,1,1,1,1,-1,1,-1,1,1,1,1,-1,-1,-1,1,-1,1,1,-1,-1,-1,1,1,-1,1,1,-1,-1,1,-1,1,-1,1,-1,-1,1,-1,-1,-1,1,-1,-1,-1,1,1,-1,1,-1,-1,1,-1,-1,1,1,-1,-1,-1,1,-1,1,1,-1,1,-1,1,-1,-1,1,1,1,-1,1,-1,1,-1,1,-1,1,-1,1,1,-1,-1,1,1,1,-1,1,-1,1,-1,1,1,1,-1,-1,-1,-1,-1,1,-1,1,-1,-1,-1,1,1,-1,1,-1,-1,-1,1,1,-1,1,-1,-1,-1,1,1,-1,1,-1,-1,-1,-1,1,1,1,-1,1,-1,-1,1,-1,1,-1,1,1,1,-1,-1,1,1,-1,-1,-1,-1,-1,1,1,-1,-1,-1,1,-1,1,1,-1,-1,1,-1,1,1,-1,-1,-1,-1,-1,1,1,-1,1,-1,-1,1,1,1,1,-1,-1,-1,-1,-1,1,-1,1,-1,-1,1,-1,1,1,-1,1,-1,-1,1,1,1,-1,1,-1,1,-1,1,1,-1,1,-1,-1,-1,1,1,-1,1,-1,1,-1,1,1,-1,-1,1,-1,-1,1,1,-1,-1,-1,1,-1,1,1,1,-1,1,-1,-1,-1,-1,1,-1,1,-1,-1,1,-1,-1,1,-1,1,-1,1,1,-1,1,-1,1,-1,1,-1,1,-1,1,-1,-1,1,1,-1,1,-1,-1,-1,-1,1,1,1,-1,1,-1,-1,1,-1,1,1,-1,-1,-1,-1,1,1,1,1,-1,-1,1,1,-1,1,1,-1,-1,-1,1,-1,1,-1,-1,-1,1,1,1,-1,1,-1,-1,1,1,1,-1,1,-1,-1,-1,1,-1,-1,1,-1,-1,-1,1,-1,1,-1,-1,1,-1,1,-1,-1,1,-1,-1,-1,1,-1,1,1,1,-1,-1,1,-1,1,1,-1,-1,-1,1,-1,-1,1,1,-1,-1,1,-1,1,1,-1,-1,-1,-1,1,-1,1,-1,-1,1,1,-1,1,1,-1,-1,-1,-1,-1,-1,1,1,-1,-1,-1,-1,1,1,-1,-1,-1,-1,-1,1,1,-1,-1,1,-1,-1,1,1,1,-1,1,-1,1,1,1,-1,-1,1,-1,-1,1,1,1,-1,1,-1,-1,1,1,-1,1,1,-1,-1,1,1,1,1,1,-1,-1,1,1,-1,1,1,-1,-1,1,1,1,1,1,1,-1,-1,1,1,-1,1,-1,-1,1,-1,1,1,1,1,-1,-1,1,-1,1,1,1,-1,1,1,1,1,-1,1,-1,1,1,1,1,1,1,1,-1,1,1,1,1,-1,1,-1,1,1,1,1,1,-1,1,1,1,1,1,1,-1,-1,1,1,-1,1,1,-1,-1,1,1,1,-1,1,1,-1,1,1,1,-1,1,1,-1,1,1,1,-1,1,1,-1,-1,1,1,-1,-1,1,-1,-1,1,1,-1,-1,1,1,-1,1,1,1,-1,-1,1,-1,1,1,-1,-1,-1,1,-1,1,1,-1,-1,1,-1,1,1,-1,-1,1,1,1,-1,-1,1,-1,-1,1,-1,1,1,-1,-1,-1,1,-1,-1,-1,-1,-1,-1,1,1,-1,1,-1,1,-1,1,-1,1,1,1,-1,-1,1,-1,1,1,1,-1,-1,1,1,1,1,1,-1,-1,1,-1,1,1,1,-1,-1,1,-1,1,1,-1,1,-1,1,1,1,1,-1,-1,-1,1,-1,1,-1,1,-1,1,-1,1,1,-2660.0,1,2000,445,1000,True
2313,-1,-1,1,1,1,1,-1,1,-1,-1,-1,1,-1,1,-1,-1,1,-1,1,1,1,-1,-1,-1,-1,1,-1,-1,-1,-1,-1,-1,1,1,-1,-1,1,-1,-1,-1,1,-1,-1,-1,-1,-1,-1,-1,1,1,-1,-1,1,-1,1,-1,-1,1,-1,-1,-1,1,1,1,-1,-1,-1,-1,-1,-1,-1,1,-1,-1,-1,-1,1,-1,1,-1,-1,1,1,-1,1,-1,-1,-1,-1,1,-1,-1,-1,-1,-1,-1,-1,1,1,1,-1,-1,-1,-1,1,1,-1,-1,-1,-1,-1,1,1,1,-1,-1,-1,-1,1,1,-1,-1,-1,-1,-1,1,1,-1,1,-1,-1,-1,1,1,-1,1,-1,-1,-1,1,1,-1,1,-1,-1,-1,-1,1,1,-1,-1,-1,-1,1,-1,1,-1,1,-1,-1,1,1,1,1,-1,-1,1,1,-1,1,-1,-1,-1,-1,1,1,-1,1,-1,-1,1,-1,-1,1,-1,-1,-1,1,-1,1,1,1,-1,1,1,1,-1,1,1,-1,-1,1,1,-1,1,1,-1,-1,-1,1,-1,1,1,-1,-1,1,1,-1,-1,1,-1,1,1,1,-1,-1,1,1,-1,-1,1,-1,1,1,-1,1,-1,1,-1,1,1,-1,-1,1,1,-1,-1,1,-1,-1,-1,1,-1,1,-1,1,-1,1,-1,-1,1,1,-1,-1,1,1,1,-1,-1,-1,-1,1,-1,-1,1,1,-1,-1,1,-1,-1,-1,1,-1,1,-1,1,1,-1,1,-1,-1,-1,1,1,-1,-1,-1,1,-1,-1,1,-1,-1,-1,-1,1,-1,1,1,-1,1,-1,-1,-1,1,-1,-1,-1,1,-1,-1,1,1,-1,-1,-1,1,-1,1,-1,-1,-1,-1,1,-1,1,-1,-1,-1,-1,1,-1,1,-1,-1,-1,1,-1,1,1,-1,1,-1,-1,-1,-1,1,-1,1,-1,-1,1,1,1,-1,-1,-1,-1,1,1,-1,-1,-1,-1,-1,1,1,-1,-1,1,-1,-1,1,1,-1,-1,1,1,-1,1,1,1,-1,1,-1,-1,1,1,1,-1,-1,1,-1,1,-1,-1,-1,1,1,1,1,1,1,-1,1,-1,1,-1,1,-1,1,-1,1,-1,1,1,-1,1,1,-1,1,-1,1,-1,-1,-1,1,-1,1,1,1,-1,1,-1,1,1,1,-1,-1,1,-1,1,1,-1,1,-1,1,-1,1,1,1,-1,-1,1,1,1,1,-1,1,-1,1,1,1,1,1,-1,-1,-1,1,1,1,1,1,-1,-1,1,-1,1,1,-1,1,-1,1,1,-1,1,1,-1,1,1,1,1,1,-1,-1,1,1,1,1,-1,1,-1,1,1,-1,1,-1,1,-1,1,1,-1,1,-1,-1,-1,1,1,-1,1,-1,1,-1,-1,1,1,1,-1,-1,1,-1,1,-1,1,-1,1,-1,1,1,1,-1,-1,1,-1,-1,1,-1,1,-1,1,1,-1,1,1,-1,1,1,-1,-1,1,1,-1,1,1,1,1,1,1,-1,1,1,1,-1,1,1,1,-1,-1,-1,1,-1,-1,1,-1,1,-1,1,-1,1,-1,-1,-1,1,1,-1,1,1,-1,1,-1,1,-1,1,1,-1,1,-1,1,-1,-1,-1,-1,1,-1,1,-1,-1,-1,-1,1,-1,1,-1,1,1,1,1,-1,1,-1,1,1,-1,1,-1,1,-1,-1,1,-1,1,-1,-1,1,1,1,1,1,-1,1,1,1,1,-1,1,-1,-1,1,1,1,-1,-1,-1,1,1,1,1,-1,-1,-1,1,-1,1,-1,1,1,-1,-1,1,1,1,-1,1,-1,-1,1,1,1,1,1,1,-1,1,1,1,1,-1,1,-1,1,-1,1,-1,1,1,-1,1,1,1,1,1,1,-1,1,-1,1,1,1,1,-1,1,1,-1,1,1,1,-1,1,1,1,1,1,1,-1,1,1,-1,1,1,-1,-1,1,1,-1,1,1,-1,-1,1,-1,1,1,1,-1,-1,1,-1,1,1,1,1,-1,1,1,-1,1,1,-1,-1,1,-1,1,1,1,1,-1,1,-1,1,1,1,1,-1,1,-1,-1,1,1,1,-1,1,1,-1,-1,1,-1,1,1,1,-1,1,1,1,-1,1,-1,1,-1,1,1,-1,-1,1,-1,1,1,1,-1,1,1,-1,-1,1,1,1,1,-1,-1,-1,1,1,1,1,1,-1,-1,1,1,1,1,1,-1,1,1,1,1,1,1,-1,-1,1,1,1,1,1,-1,-1,1,1,1,-1,1,-1,-1,1,1,1,1,1,-1,-1,1,1,1,1,-1,1,-1,1,1,1,1,1,-1,-1,1,1,1,1,1,1,-1,-1,1,1,-1,1,-1,-1,1,1,1,-1,1,-1,1,1,1,1,1,1,-1,-1,-1,1,1,1,-1,-1,-1,1,1,1,1,1,-1,1,1,1,-1,1,1,1,1,1,1,1,1,1,-1,-1,1,1,1,-1,1,-1,1,1,1,1,1,1,-1,-1,-1,1,1,1,1,-1,1,-1,1,1,1,1,-1,-1,1,1,1,1,-1,-1,1,-1,1,1,1,1,1,-1,-1,1,-1,1,-1,1,1,-1,1,1,1,-1,-1,-1,1,1,1,1,-1,-1,1,1,1,1,1,-1,1,1,1,1,-1,-1,1,-1,1,1,-1,1,-1,-1,-1,1,-1,1,-1,1,-1,-1,1,-1,1,-1,-1,-1,-1,1,-1,1,-1,-1,1,-1,-1,1,1,-1,1,-1,-1,-1,-1,1,-1,1,-1,1,-1,-1,1,1,1,1,-1,-1,1,-1,-1,-1,1,1,-1,1,-1,-1,1,-1,-1,1,1,-1,-1,1,-1,-1,-1,-1,1,-1,1,1,-1,1,-1,1,-1,-1,-1,1,-1,-1,-1,-1,1,-1,-1,1,1,-1,1,1,-1,1,1,-1,-1,-1,1,-1,1,1,1,1,-1,1,-1,-1,1,1,-1,1,1,-1,1,1,1,1,-1,1,-1,1,1,-1,-1,-1,1,-1,-1,1,1,-1,1,1,1,-1,1,-1,1,-1,1,-1,-1,1,-2660.0,1,2000,445,1500,True
2314,-1,-1,1,1,1,1,-1,1,-1,-1,-1,1,-1,1,-1,-1,1,-1,1,1,-1,1,-1,-1,-1,1,-1,-1,-1,-1,-1,-1,1,1,-1,1,1,-1,-1,-1,1,-1,1,-1,-1,-1,-1,-1,1,-1,1,-1,1,-1,1,-1,-1,1,-1,-1,-1,1,1,1,-1,1,-1,-1,-1,-1,1,-1,1,1,-1,-1,-1,1,-1,-1,-1,1,1,-1,-1,-1,-1,1,-1,1,1,-1,-1,1,-1,-1,-1,1,-1,1,1,1,-1,-1,1,-1,-1,1,1,-1,-1,1,-1,1,1,1,-1,-1,1,-1,-1,1,1,-1,-1,1,-1,-1,1,1,-1,-1,-1,-1,-1,1,1,1,-1,1,-1,-1,1,1,-1,-1,-1,-1,-1,1,1,1,-1,1,1,-1,1,1,1,-1,1,-1,-1,1,1,1,-1,1,-1,1,1,1,-1,-1,1,-1,1,1,1,-1,1,-1,1,1,1,1,-1,1,1,-1,1,1,1,1,1,1,-1,1,1,1,-1,1,1,-1,-1,1,1,-1,-1,1,-1,1,-1,1,-1,1,1,-1,1,1,1,1,1,1,-1,-1,1,1,-1,-1,1,-1,1,1,-1,1,-1,1,-1,1,1,1,-1,1,1,-1,1,1,1,1,-1,1,-1,1,1,1,-1,1,1,-1,-1,-1,1,-1,1,-1,1,-1,1,1,-1,1,-1,-1,-1,1,1,-1,1,-1,1,-1,-1,1,-1,-1,1,1,-1,-1,1,1,-1,1,1,-1,1,1,1,1,-1,1,-1,1,1,-1,1,-1,1,1,-1,1,1,1,1,1,-1,-1,1,-1,-1,-1,1,1,-1,1,1,1,-1,1,-1,-1,1,1,1,1,1,-1,-1,1,1,-1,1,1,-1,-1,1,1,-1,1,1,-1,1,-1,1,1,-1,1,-1,1,1,1,-1,1,1,-1,1,1,1,-1,1,-1,-1,1,1,1,-1,1,-1,-1,1,-1,1,-1,1,-1,-1,1,-1,1,-1,1,1,-1,1,-1,1,1,-1,1,-1,-1,1,1,-1,1,-1,-1,1,1,-1,-1,1,1,-1,1,-1,1,-1,1,-1,1,1,-1,1,1,1,-1,-1,1,-1,1,-1,1,-1,-1,1,-1,1,1,-1,1,-1,1,1,-1,1,-1,-1,-1,1,-1,-1,1,-1,1,-1,-1,1,-1,1,-1,-1,-1,1,1,-1,1,-1,1,-1,-1,1,-1,1,-1,-1,-1,-1,1,-1,-1,1,1,-1,-1,1,-1,1,1,-1,1,-1,1,-1,1,-1,1,-1,-1,-1,-1,1,-1,-1,1,-1,1,-1,1,-1,1,-1,-1,-1,1,1,-1,1,-1,-1,-1,-1,1,-1,-1,-1,-1,-1,1,-1,1,1,-1,1,-1,-1,1,-1,-1,1,-1,-1,-1,1,-1,1,-1,1,-1,-1,1,-1,1,-1,1,-1,-1,1,-1,1,1,1,-1,-1,-1,1,1,-1,1,-1,-1,-1,1,1,1,-1,1,1,-1,1,1,1,1,1,-1,1,-1,1,1,-1,1,-1,1,-1,-1,1,1,-1,1,-1,-1,1,-1,1,-1,1,1,-1,1,1,1,-1,1,1,-1,-1,1,1,-1,-1,-1,-1,1,1,1,-1,-1,-1,-1,1,1,1,-1,1,1,1,-1,1,1,-1,1,1,-1,1,1,1,-1,-1,1,-1,-1,1,1,-1,1,1,1,1,1,1,1,1,1,-1,1,1,-1,1,1,1,-1,1,1,-1,1,1,1,-1,1,1,1,-1,1,-1,1,-1,1,-1,1,1,1,-1,1,1,1,1,1,1,1,1,1,-1,1,1,1,1,1,1,-1,1,-1,1,-1,1,-1,1,1,1,1,1,1,1,-1,1,1,1,1,1,1,-1,1,1,-1,1,1,-1,-1,1,1,1,1,1,1,-1,1,1,1,-1,1,-1,1,-1,1,1,-1,1,-1,1,1,-1,1,1,1,-1,-1,1,-1,1,-1,-1,-1,1,-1,-1,1,-1,1,-1,-1,1,-1,1,-1,1,-1,-1,1,-1,1,-1,1,-1,-1,1,-1,1,-1,1,-1,-1,-1,-1,1,1,1,-1,1,1,-1,1,1,1,1,-1,-1,1,-1,-1,1,-1,-1,-1,-1,-1,1,1,-1,1,-1,1,-1,1,1,1,-1,-1,-1,-1,1,-1,-1,-1,-1,-1,1,-1,-1,1,-1,-1,1,-1,1,1,-1,-1,-1,1,-1,1,1,-1,-1,-1,1,1,1,1,-1,1,-1,1,-1,1,1,-1,-1,-1,1,1,1,1,1,-1,-1,1,-1,1,1,-1,1,-1,-1,1,1,1,-1,-1,-1,-1,-1,1,-1,-1,-1,1,-1,1,1,1,1,-1,1,-1,1,1,1,-1,1,-1,-1,1,1,-1,1,1,-1,1,1,1,1,-1,1,-1,-1,1,1,1,-1,1,-1,-1,1,1,1,1,1,-1,-1,1,1,1,1,1,-1,-1,1,1,1,1,1,-1,-1,1,1,-1,1,1,1,-1,1,1,-1,1,1,-1,-1,1,-1,-1,1,1,1,-1,-1,1,-1,1,1,1,-1,1,1,-1,1,-1,1,-1,1,1,-1,1,1,1,1,-1,-1,1,1,1,-1,1,-1,1,1,1,1,1,-1,1,1,1,1,-1,1,1,-1,1,1,-1,1,1,-1,-1,1,-1,1,1,-1,1,-1,1,-1,1,-1,-1,1,-1,1,-1,1,-1,1,-1,-1,-1,1,1,-1,-1,1,-1,-1,-1,1,1,-1,1,-1,1,-1,1,1,1,-1,-1,-1,1,1,-1,-1,-1,1,1,1,1,-1,1,1,-1,1,1,-1,-1,1,1,-1,-1,-1,1,-1,1,1,1,1,-1,1,-1,-1,-1,-1,-1,-1,-1,-1,-1,1,1,1,1,-1,1,1,-1,1,1,1,1,-1,1,-1,1,1,1,1,-1,1,-1,1,1,1,-1,-1,1,-1,1,1,1,-1,-1,1,-1,1,1,1,1,-1,1,-1,1,1,1,-1,-1,-1,1,-1,1,1,-1,-1,1,-1,1,1,-2660.0,1,2000,445,1500,True
2315,1,1,-1,-1,1,1,-1,1,1,1,1,-1,-1,-1,1,1,-1,1,-1,-1,1,1,1,1,1,1,-1,-1,1,1,1,1,-1,-1,-1,1,-1,1,1,1,-1,-1,1,1,1,1,1,1,-1,-1,1,1,-1,1,-1,1,-1,-1,1,1,1,-1,1,1,1,1,1,1,1,-1,1,-1,1,1,1,1,1,1,-1,1,1,-1,1,-1,-1,1,1,1,1,1,-1,-1,-1,1,1,1,-1,1,-1,1,1,1,1,1,1,-1,-1,1,1,1,1,-1,-1,-1,1,1,1,1,1,-1,-1,1,1,1,1,-1,-1,-1,1,1,1,1,1,-1,-1,1,1,1,1,1,-1,-1,-1,1,1,1,1,-1,-1,-1,1,1,1,1,1,-1,-1,1,1,1,1,1,-1,-1,1,1,1,1,1,-1,1,1,1,1,1,-1,-1,1,1,1,1,-1,1,-1,1,1,1,1,1,-1,-1,-1,1,1,1,1,1,-1,-1,1,-1,1,1,1,-1,-1,1,1,1,1,1,-1,1,1,-1,1,1,1,-1,1,1,1,1,1,1,1,-1,1,-1,1,-1,1,-1,-1,1,1,1,1,1,-1,-1,1,-1,-1,1,1,1,-1,1,1,-1,1,1,-1,1,1,-1,-1,1,1,-1,-1,1,-1,1,-1,1,1,1,1,-1,1,-1,1,1,1,1,-1,1,-1,1,1,1,1,-1,-1,1,1,1,1,1,1,-1,1,1,-1,-1,1,1,1,-1,1,1,1,1,-1,1,-1,1,1,1,-1,1,1,1,1,1,1,1,-1,-1,1,1,-1,1,1,1,1,-1,1,1,1,1,1,1,1,1,1,1,1,1,-1,-1,1,1,1,1,1,-1,1,1,1,-1,1,1,1,-1,1,1,-1,1,1,-1,1,1,-1,1,1,1,-1,1,1,1,-1,1,1,-1,1,1,1,-1,1,1,-1,1,1,1,1,-1,1,-1,1,-1,1,-1,1,1,1,-1,1,1,1,-1,1,-1,1,1,1,-1,-1,-1,-1,1,1,1,-1,1,1,-1,1,1,-1,1,-1,1,1,1,1,-1,-1,1,1,-1,1,1,1,1,-1,1,1,1,-1,1,-1,1,1,1,1,1,1,-1,-1,-1,1,-1,1,1,-1,1,-1,1,1,1,1,1,-1,-1,1,-1,-1,1,-1,1,-1,1,1,-1,-1,1,1,-1,-1,1,-1,1,1,-1,-1,1,1,-1,1,1,-1,-1,-1,1,-1,1,-1,-1,-1,1,1,1,1,-1,1,-1,1,-1,1,1,-1,-1,-1,1,-1,1,1,-1,-1,-1,1,-1,1,1,-1,-1,-1,1,-1,-1,1,1,-1,-1,1,-1,1,-1,1,-1,-1,1,1,-1,-1,1,-1,-1,-1,-1,1,-1,1,-1,-1,1,-1,-1,1,1,-1,-1,-1,1,-1,1,1,-1,-1,-1,1,-1,-1,1,1,1,-1,1,-1,1,-1,1,-1,1,-1,1,1,-1,-1,1,1,1,-1,1,-1,1,-1,1,1,1,-1,-1,-1,1,-1,1,1,1,-1,-1,-1,1,1,-1,1,-1,-1,-1,1,1,1,1,-1,-1,-1,1,1,1,1,-1,-1,-1,-1,1,1,1,-1,1,-1,-1,1,-1,1,-1,-1,1,1,-1,-1,1,1,-1,-1,-1,-1,-1,1,1,-1,-1,-1,1,-1,1,1,-1,-1,1,-1,1,1,-1,-1,-1,-1,-1,1,1,-1,1,-1,-1,1,1,1,1,-1,-1,-1,-1,-1,1,-1,1,-1,-1,1,-1,1,1,-1,1,-1,-1,1,1,1,-1,1,-1,1,-1,1,1,-1,-1,-1,-1,-1,1,1,-1,1,-1,1,-1,1,1,-1,-1,1,-1,-1,1,1,-1,-1,-1,1,-1,1,1,1,-1,1,-1,-1,-1,-1,1,-1,1,-1,-1,1,-1,-1,1,-1,1,-1,1,1,-1,1,-1,1,-1,1,-1,1,-1,1,-1,-1,1,1,-1,1,-1,-1,-1,-1,1,-1,1,-1,1,-1,-1,1,-1,1,1,-1,-1,-1,-1,1,1,1,1,-1,-1,1,-1,-1,1,1,-1,-1,-1,-1,1,-1,1,-1,-1,1,1,-1,1,1,-1,-1,1,-1,-1,1,1,-1,-1,-1,-1,1,-1,1,-1,-1,-1,-1,-1,1,-1,-1,1,-1,-1,1,-1,1,-1,-1,-1,-1,-1,1,1,1,-1,-1,-1,1,1,1,-1,-1,-1,1,-1,-1,1,-1,-1,-1,-1,1,1,1,-1,-1,-1,-1,1,-1,1,1,-1,1,-1,-1,1,1,-1,-1,-1,-1,-1,-1,1,1,-1,-1,1,-1,1,1,-1,-1,-1,1,-1,1,1,-1,-1,1,-1,-1,1,1,1,-1,1,-1,1,1,1,-1,-1,1,-1,-1,1,1,-1,-1,1,-1,-1,1,1,-1,1,1,-1,-1,1,1,-1,-1,1,-1,-1,1,1,-1,-1,1,-1,-1,1,1,1,-1,-1,1,-1,-1,1,-1,-1,1,-1,-1,1,-1,1,-1,1,1,-1,-1,1,1,-1,-1,1,-1,1,1,1,-1,-1,1,-1,1,1,1,-1,-1,1,1,-1,1,-1,-1,1,-1,1,-1,1,-1,-1,1,1,-1,1,1,1,-1,-1,1,1,-1,1,-1,-1,1,1,-1,-1,1,1,-1,1,-1,1,-1,1,1,-1,-1,-1,1,-1,1,1,-1,-1,1,-1,-1,-1,1,-1,1,-1,1,-1,-1,1,-1,1,-1,1,-1,-1,1,-1,-1,1,-1,-1,-1,1,-1,-1,-1,-1,1,-1,1,1,-1,1,1,-1,1,1,-1,-1,1,1,-1,-1,-1,-1,-1,1,1,-1,1,1,-1,1,1,-1,1,-1,-1,-1,-1,1,-1,-1,1,1,-1,1,1,-1,1,1,-1,-1,-1,1,-1,1,1,1,-1,-1,1,-1,-1,1,1,-1,-1,1,-1,1,1,-1,-1,-1,1,-1,1,1,1,1,-1,1,-1,-1,1,1,-1,-1,-1,1,-1,1,-1,1,-1,1,-1,-1,1,-2660.0,1,2000,445,1000,True
2316,1,1,-1,-1,1,-1,-1,1,1,1,1,-1,1,1,1,1,-1,1,-1,-1,1,1,1,1,1,-1,-1,-1,1,1,1,1,-1,-1,-1,1,-1,1,1,1,-1,-1,1,1,1,1,1,-1,1,-1,1,1,-1,1,-1,-1,-1,-1,1,1,1,-1,-1,1,1,1,1,1,-1,-1,1,-1,1,1,1,-1,-1,1,-1,1,1,-1,-1,-1,-1,1,1,1,-1,-1,-1,-1,-1,1,1,-1,-1,1,-1,-1,1,1,-1,-1,1,-1,-1,1,1,-1,-1,1,-1,-1,1,1,-1,-1,1,-1,-1,1,1,1,-1,1,-1,-1,1,1,1,-1,1,-1,-1,1,1,1,-1,-1,-1,-1,-1,1,1,-1,1,-1,-1,-1,1,1,-1,-1,1,-1,1,1,1,-1,1,1,-1,-1,1,1,-1,1,1,-1,1,1,-1,-1,1,-1,-1,1,1,-1,1,-1,1,-1,1,1,-1,1,1,-1,-1,-1,1,1,1,1,1,-1,-1,1,-1,1,1,1,-1,-1,1,1,-1,1,1,-1,1,1,-1,1,1,1,-1,1,1,1,1,1,1,1,-1,1,-1,-1,1,1,-1,-1,1,1,-1,1,1,-1,-1,1,-1,1,1,1,1,-1,1,1,-1,1,1,-1,1,1,-1,1,1,1,-1,-1,1,-1,1,-1,1,1,1,1,-1,1,-1,1,1,1,1,-1,1,-1,1,1,1,1,-1,-1,1,1,1,1,1,1,-1,1,1,-1,-1,1,1,-1,-1,1,1,1,1,-1,1,-1,1,1,1,-1,1,-1,-1,1,1,1,1,-1,1,-1,1,-1,1,1,1,1,-1,1,1,1,1,1,-1,-1,1,1,1,1,1,1,1,1,1,1,1,1,-1,1,1,1,-1,1,1,-1,1,1,1,-1,1,1,1,-1,1,-1,1,1,1,1,-1,1,1,1,1,1,1,-1,1,1,-1,1,1,-1,-1,1,1,1,-1,1,1,-1,1,1,-1,1,1,1,1,1,1,1,-1,1,1,-1,1,1,-1,-1,-1,-1,-1,1,1,-1,1,1,-1,-1,1,-1,1,1,1,1,-1,1,-1,1,1,1,-1,-1,1,1,1,-1,1,-1,-1,-1,1,-1,1,-1,1,-1,1,1,-1,-1,-1,-1,1,-1,1,-1,1,-1,-1,-1,1,1,1,-1,-1,-1,1,-1,1,-1,1,-1,-1,-1,1,1,1,1,-1,-1,1,-1,1,1,-1,-1,-1,-1,1,-1,1,-1,-1,-1,1,-1,1,-1,-1,-1,-1,-1,1,1,-1,1,-1,-1,1,1,1,-1,-1,1,-1,1,-1,1,-1,-1,1,1,-1,1,1,-1,-1,1,-1,1,-1,1,1,-1,-1,1,-1,1,-1,1,-1,1,1,-1,-1,-1,1,-1,-1,1,-1,1,-1,1,-1,-1,1,-1,-1,1,1,-1,-1,-1,1,-1,1,1,-1,1,-1,1,-1,-1,1,1,1,-1,1,-1,1,-1,1,-1,-1,-1,1,1,-1,-1,-1,1,1,1,-1,-1,1,-1,1,1,1,-1,-1,-1,-1,-1,1,1,1,-1,-1,-1,1,1,-1,1,-1,-1,-1,1,1,1,1,-1,-1,-1,1,1,1,1,-1,-1,-1,-1,1,1,1,-1,1,-1,-1,1,-1,1,-1,-1,1,-1,1,-1,1,1,-1,-1,-1,-1,-1,1,1,-1,1,-1,1,-1,1,1,-1,-1,-1,-1,1,1,-1,-1,-1,-1,-1,1,1,-1,1,-1,1,1,1,1,1,-1,-1,-1,-1,-1,1,-1,1,-1,-1,1,-1,1,1,-1,1,-1,-1,1,1,1,-1,1,-1,1,-1,1,1,-1,1,-1,-1,-1,1,1,-1,1,-1,1,-1,1,1,-1,-1,1,-1,-1,1,1,-1,-1,-1,1,-1,1,1,1,-1,1,-1,-1,1,-1,1,-1,1,-1,-1,1,-1,-1,1,-1,1,-1,1,1,-1,1,-1,1,-1,1,-1,1,-1,1,-1,-1,1,1,-1,1,-1,-1,-1,-1,1,-1,1,-1,1,-1,-1,1,-1,1,1,-1,-1,-1,-1,1,1,1,1,-1,-1,1,-1,-1,1,1,-1,-1,-1,-1,1,-1,1,-1,-1,1,1,-1,1,1,-1,-1,1,-1,-1,1,1,-1,-1,-1,-1,1,-1,1,-1,-1,-1,-1,-1,1,-1,-1,1,-1,-1,1,-1,1,-1,-1,-1,-1,-1,1,1,1,-1,-1,-1,1,1,1,-1,-1,-1,1,-1,-1,1,-1,-1,-1,-1,1,1,1,-1,-1,-1,-1,1,-1,1,1,-1,1,-1,-1,1,1,-1,-1,-1,-1,-1,-1,1,1,-1,-1,1,-1,1,1,-1,-1,-1,1,-1,1,1,-1,-1,1,-1,-1,1,1,1,-1,1,-1,1,1,1,-1,-1,1,-1,-1,1,1,1,-1,1,-1,-1,-1,1,-1,1,1,-1,-1,1,1,-1,1,1,-1,-1,1,-1,-1,1,1,-1,-1,1,1,1,1,1,1,-1,1,1,1,-1,1,-1,-1,1,1,1,1,1,1,-1,-1,1,-1,1,1,1,-1,1,1,1,1,-1,1,-1,1,1,1,1,1,1,-1,1,-1,1,1,1,-1,1,1,1,1,1,1,-1,1,-1,1,1,1,-1,-1,1,1,1,1,-1,1,-1,-1,1,-1,1,1,-1,1,-1,1,-1,1,1,-1,-1,-1,1,1,1,1,-1,-1,1,1,-1,1,1,-1,1,-1,1,-1,1,1,-1,1,-1,1,-1,1,1,1,1,1,1,1,1,1,-1,-1,1,1,1,-1,1,-1,1,-1,-1,1,1,-1,-1,1,-1,1,-1,1,1,-1,1,1,1,1,1,-1,-1,-1,1,-1,-1,-1,-1,-1,1,1,1,1,1,-1,1,1,1,-1,1,1,1,-1,1,1,1,1,1,1,-1,1,1,1,1,1,1,-1,-1,1,-1,1,1,1,-1,1,1,1,-1,-1,-1,-1,1,1,1,1,1,-1,-1,-1,1,1,1,-1,1,-1,1,-1,1,1,-2660.0,1,2000,445,1000,True
2317,1,1,-1,-1,1,1,-1,1,1,1,1,-1,-1,1,1,1,-1,1,-1,-1,-1,1,1,1,1,-1,-1,-1,1,1,1,1,-1,-1,-1,1,-1,1,1,-1,-1,-1,1,1,1,1,1,-1,1,-1,1,1,1,1,-1,-1,-1,-1,1,1,1,-1,-1,1,1,1,1,1,-1,-1,1,-1,1,1,1,-1,-1,1,-1,1,1,-1,-1,-1,-1,1,1,1,-1,-1,1,-1,-1,1,1,-1,-1,-1,-1,1,1,1,-1,-1,1,-1,-1,1,1,-1,-1,-1,-1,-1,1,1,-1,-1,1,-1,-1,1,1,1,-1,-1,-1,-1,1,1,1,-1,1,-1,-1,1,1,1,-1,1,-1,-1,1,1,1,-1,1,-1,-1,-1,1,1,-1,-1,1,-1,-1,1,1,-1,1,1,-1,-1,1,1,-1,1,1,-1,1,1,-1,-1,1,-1,-1,1,1,-1,1,-1,1,-1,1,1,-1,1,1,-1,-1,-1,1,1,1,1,1,-1,-1,1,-1,1,1,1,-1,-1,1,1,-1,1,1,-1,1,1,-1,1,1,1,-1,1,1,1,1,1,1,1,-1,1,-1,-1,1,1,-1,-1,1,1,-1,1,1,-1,-1,1,-1,1,1,1,1,-1,1,1,-1,1,1,-1,1,1,-1,1,1,1,-1,-1,1,-1,1,-1,1,1,1,1,-1,1,-1,1,1,1,1,-1,1,-1,1,1,1,1,-1,-1,1,1,1,1,1,1,-1,1,1,-1,-1,1,1,-1,-1,1,1,1,1,-1,1,-1,1,1,1,-1,1,-1,-1,1,1,1,1,-1,1,-1,1,-1,1,1,1,1,-1,1,1,1,1,1,-1,-1,1,1,1,1,1,1,1,1,1,1,1,1,-1,1,1,1,-1,1,1,-1,1,1,1,-1,1,1,1,-1,1,-1,1,1,1,1,-1,1,1,-1,1,1,1,-1,1,1,-1,1,1,-1,-1,1,1,1,-1,1,1,-1,-1,1,-1,1,1,1,1,-1,1,1,-1,1,1,-1,1,1,-1,-1,-1,-1,-1,1,1,-1,1,1,-1,-1,1,-1,1,-1,1,1,-1,1,-1,-1,1,1,-1,-1,1,1,1,-1,1,-1,-1,-1,1,-1,1,-1,-1,1,1,1,-1,-1,-1,-1,1,1,1,-1,1,-1,-1,1,1,1,1,-1,-1,-1,1,-1,1,-1,1,-1,-1,-1,1,1,1,1,-1,-1,1,-1,1,1,-1,-1,-1,-1,1,-1,1,-1,-1,-1,1,-1,1,-1,-1,-1,-1,-1,1,1,-1,1,-1,-1,1,1,1,-1,-1,1,-1,1,-1,1,-1,-1,1,-1,-1,1,1,-1,-1,1,-1,1,-1,1,1,-1,-1,1,-1,1,-1,1,-1,-1,1,-1,-1,-1,1,-1,-1,1,-1,1,-1,1,-1,-1,1,-1,-1,1,1,-1,-1,-1,1,-1,1,1,-1,1,-1,1,-1,-1,1,1,1,-1,1,-1,1,-1,1,-1,1,-1,1,1,-1,-1,1,-1,1,-1,1,-1,1,-1,1,1,1,-1,-1,-1,-1,-1,1,1,1,-1,-1,-1,1,1,-1,1,-1,-1,-1,1,1,1,1,-1,-1,1,1,1,1,1,-1,-1,-1,-1,1,1,1,-1,1,-1,-1,1,-1,1,-1,-1,1,-1,1,-1,1,1,-1,-1,-1,-1,-1,1,1,-1,-1,-1,1,-1,1,1,-1,-1,-1,-1,1,1,-1,-1,-1,-1,-1,1,1,-1,1,-1,1,1,1,1,1,-1,-1,-1,-1,-1,1,-1,1,-1,-1,1,-1,1,1,-1,1,-1,-1,1,1,1,-1,1,-1,1,-1,1,1,-1,1,-1,-1,-1,1,1,-1,1,-1,1,-1,1,1,-1,-1,1,-1,-1,1,1,-1,-1,-1,1,-1,1,1,1,-1,1,-1,-1,-1,-1,1,-1,1,-1,-1,1,-1,-1,1,-1,1,-1,1,1,-1,1,-1,1,-1,1,-1,1,-1,1,-1,-1,1,1,-1,1,-1,-1,-1,-1,1,-1,1,-1,1,-1,-1,1,-1,1,1,-1,-1,-1,-1,1,1,1,1,-1,-1,1,-1,-1,1,1,-1,-1,-1,-1,1,-1,1,-1,-1,1,1,1,1,1,-1,-1,1,-1,-1,1,1,-1,-1,-1,-1,1,-1,1,-1,-1,-1,-1,-1,1,-1,-1,1,-1,-1,1,-1,1,-1,-1,-1,-1,-1,1,1,1,-1,-1,-1,1,1,1,-1,-1,-1,1,-1,-1,1,1,-1,-1,-1,1,1,1,-1,-1,-1,-1,1,-1,1,-1,-1,1,-1,-1,1,1,-1,-1,-1,-1,-1,-1,1,1,-1,-1,1,-1,1,1,1,-1,-1,1,-1,1,1,-1,-1,1,-1,-1,1,1,1,-1,1,-1,1,1,1,-1,-1,1,-1,-1,1,1,1,-1,1,-1,-1,1,1,-1,1,1,-1,-1,1,1,1,1,1,-1,-1,1,-1,-1,1,1,-1,-1,1,1,1,1,1,1,-1,1,1,1,-1,1,-1,-1,1,-1,1,1,1,1,-1,-1,1,-1,1,1,1,-1,1,1,1,1,-1,1,-1,1,1,1,1,1,1,-1,1,-1,1,1,1,-1,1,1,1,1,1,1,-1,1,-1,1,1,1,-1,-1,1,1,1,1,-1,1,-1,-1,1,-1,1,1,-1,1,-1,1,1,1,1,-1,-1,-1,1,1,1,1,-1,-1,1,1,-1,1,1,-1,1,-1,1,-1,1,1,-1,1,-1,1,-1,1,1,1,1,1,1,1,1,1,-1,-1,1,-1,1,1,1,-1,1,-1,-1,1,1,-1,-1,1,-1,1,-1,1,1,-1,1,1,1,1,1,-1,-1,-1,1,-1,-1,-1,-1,-1,1,-1,1,1,1,-1,1,1,1,-1,1,1,1,-1,1,1,1,1,1,-1,-1,1,1,1,1,1,-1,-1,-1,1,-1,1,1,-1,-1,1,1,1,-1,1,1,-1,1,1,1,1,1,1,-1,-1,1,-1,1,1,1,-1,1,-1,1,1,-2660.0,1,2000,445,1000,True
2318,1,1,-1,-1,1,1,-1,1,1,1,1,-1,1,-1,1,1,-1,1,-1,-1,1,1,1,1,1,1,-1,-1,1,1,1,1,-1,-1,-1,1,-1,1,1,1,-1,-1,1,1,1,1,1,1,-1,1,1,1,-1,1,-1,1,1,-1,1,1,1,-1,-1,1,1,1,1,1,1,-1,1,-1,1,1,1,1,1,1,-1,1,1,-1,1,-1,-1,1,1,1,1,1,-1,1,-1,1,1,1,-1,1,-1,-1,1,1,1,1,1,-1,-1,1,1,1,1,-1,-1,-1,1,1,1,1,1,-1,-1,1,1,1,1,-1,-1,-1,1,1,1,1,1,-1,-1,1,1,1,1,1,-1,-1,-1,1,1,1,1,-1,-1,-1,1,1,1,1,1,-1,1,1,1,1,1,1,-1,-1,1,1,1,1,1,-1,1,1,1,1,1,-1,-1,1,1,1,1,-1,1,-1,1,1,1,1,1,-1,-1,-1,1,1,1,1,1,-1,-1,1,-1,-1,1,1,-1,-1,1,1,1,1,1,-1,1,1,-1,-1,1,1,-1,1,1,1,1,1,1,1,-1,1,-1,1,1,1,-1,-1,1,1,1,1,1,-1,-1,1,-1,-1,1,1,1,-1,1,-1,1,1,1,-1,1,1,1,1,1,1,-1,-1,-1,1,1,-1,1,1,-1,-1,1,1,-1,1,1,1,1,1,1,-1,1,1,1,1,-1,1,1,1,1,1,1,1,1,1,1,-1,-1,1,-1,1,-1,1,1,-1,-1,1,1,-1,1,1,1,-1,1,1,1,1,1,1,-1,-1,1,-1,1,-1,1,-1,1,1,-1,1,1,1,-1,1,-1,-1,1,1,-1,1,1,-1,1,1,1,-1,1,-1,-1,1,1,1,-1,1,-1,1,-1,1,1,1,1,1,-1,1,1,-1,1,1,1,-1,1,1,1,-1,1,1,-1,1,1,1,1,-1,1,1,1,1,1,1,1,1,-1,1,-1,1,-1,1,1,-1,-1,1,1,1,-1,1,-1,1,1,1,-1,1,1,-1,1,1,1,-1,1,-1,-1,1,1,-1,1,-1,1,-1,1,1,-1,1,-1,-1,1,1,1,1,1,-1,1,1,1,-1,1,1,1,-1,-1,1,1,1,-1,1,-1,1,-1,1,1,-1,1,-1,-1,1,1,1,-1,1,-1,1,-1,-1,1,1,1,-1,1,-1,-1,-1,1,1,-1,-1,1,-1,1,1,-1,-1,1,1,1,1,1,1,-1,1,-1,-1,1,-1,-1,1,-1,-1,1,1,-1,1,-1,1,-1,1,1,-1,-1,1,1,-1,1,1,-1,-1,-1,-1,-1,1,1,-1,-1,1,-1,-1,-1,1,1,-1,-1,1,-1,1,-1,1,-1,-1,-1,1,-1,-1,1,-1,-1,-1,1,1,-1,1,-1,-1,1,-1,-1,1,1,-1,-1,-1,-1,-1,1,1,-1,-1,-1,-1,-1,-1,1,1,1,-1,1,-1,1,-1,1,-1,1,-1,1,1,-1,-1,1,1,1,-1,1,-1,1,-1,1,1,1,-1,-1,-1,1,-1,1,1,1,-1,-1,-1,1,1,-1,1,-1,-1,-1,1,1,-1,1,-1,-1,-1,1,1,-1,1,-1,-1,-1,-1,1,1,1,-1,1,-1,-1,1,-1,1,-1,-1,1,1,-1,-1,1,1,-1,-1,-1,-1,-1,1,1,-1,-1,-1,1,-1,1,1,-1,-1,1,-1,1,1,-1,-1,-1,-1,-1,1,1,-1,1,-1,-1,1,1,1,1,-1,-1,-1,-1,-1,1,-1,1,-1,-1,1,-1,1,1,-1,1,-1,-1,1,1,1,-1,1,-1,1,-1,1,1,-1,-1,-1,-1,-1,1,1,-1,1,-1,1,-1,1,1,-1,-1,1,-1,-1,1,1,-1,-1,-1,1,-1,1,1,1,-1,1,-1,-1,1,-1,1,-1,1,-1,-1,1,-1,-1,1,-1,1,-1,1,1,-1,1,-1,1,-1,1,-1,1,-1,1,-1,-1,1,1,-1,1,-1,-1,-1,-1,1,1,1,-1,1,-1,-1,1,-1,1,1,-1,-1,-1,-1,1,1,1,1,-1,-1,1,1,-1,1,1,-1,-1,-1,1,-1,1,-1,-1,-1,1,1,1,-1,1,-1,-1,1,1,1,-1,1,-1,-1,-1,-1,-1,-1,1,-1,-1,-1,1,-1,1,-1,-1,1,-1,1,-1,-1,1,-1,-1,-1,1,1,-1,1,1,-1,-1,1,-1,1,1,-1,-1,-1,1,1,-1,1,-1,-1,-1,1,-1,1,1,-1,-1,1,-1,-1,1,1,1,-1,1,-1,1,-1,1,-1,-1,-1,-1,-1,-1,1,1,-1,-1,1,-1,1,1,-1,-1,-1,1,-1,1,1,-1,-1,1,1,-1,1,1,1,-1,1,-1,1,1,1,-1,-1,1,-1,1,1,1,-1,-1,-1,1,-1,1,1,-1,1,1,-1,-1,1,1,-1,-1,1,1,-1,1,1,-1,-1,1,-1,-1,1,1,1,-1,-1,-1,-1,1,1,-1,-1,1,-1,-1,1,-1,1,-1,1,-1,1,1,1,1,-1,-1,-1,-1,1,1,1,-1,1,-1,1,1,1,1,-1,-1,-1,1,-1,1,-1,-1,-1,-1,1,-1,1,-1,-1,-1,-1,1,-1,1,1,-1,-1,1,-1,-1,1,-1,1,-1,1,1,1,1,1,-1,1,-1,1,-1,1,1,-1,1,-1,1,-1,1,1,-1,-1,1,-1,-1,-1,1,-1,1,-1,1,-1,1,1,-1,1,-1,1,-1,1,1,-1,1,-1,1,-1,1,1,-1,-1,-1,-1,-1,1,1,1,-1,1,1,1,-1,1,-1,-1,1,1,-1,1,-1,-1,-1,1,-1,1,1,1,-1,-1,-1,-1,1,1,-1,-1,-1,1,-1,1,-1,1,-1,1,1,-1,1,1,-1,-1,-1,1,-1,1,1,1,-1,-1,1,-1,1,-1,1,-1,-1,1,-1,1,1,-1,-1,-1,1,-1,1,1,1,1,-1,1,-1,-1,1,1,-1,-1,-1,1,-1,1,-1,1,-1,1,-1,-1,1,-2660.0,1,2000,445,1000,True
2319,-1,-1,1,1,1,1,-1,1,-1,-1,-1,1,-1,1,-1,-1,1,-1,1,1,-1,1,-1,-1,-1,1,-1,-1,-1,-1,-1,-1,1,1,-1,1,1,-1,-1,-1,1,-1,1,-1,-1,-1,1,1,-1,-1,-1,-1,1,1,1,-1,-1,1,-1,-1,1,1,1,1,-1,1,-1,1,1,-1,1,-1,-1,-1,1,-1,-1,1,-1,-1,-1,1,1,-1,-1,-1,-1,1,1,1,-1,-1,-1,1,-1,1,-1,1,-1,1,1,1,1,-1,1,-1,-1,1,1,1,-1,1,-1,-1,1,1,1,-1,1,-1,-1,1,1,1,-1,1,-1,-1,1,1,-1,-1,1,-1,-1,1,1,1,-1,-1,-1,-1,1,1,1,-1,1,-1,-1,-1,1,1,-1,-1,1,-1,1,1,1,-1,1,-1,-1,-1,1,1,-1,1,1,-1,1,1,1,-1,1,-1,-1,1,1,-1,1,-1,1,-1,1,1,-1,1,1,-1,-1,-1,1,1,1,1,1,-1,1,1,-1,1,1,1,-1,1,1,1,-1,1,1,-1,1,1,1,1,1,1,1,1,1,-1,-1,1,1,1,-1,1,-1,-1,1,1,1,-1,1,-1,-1,1,1,1,-1,1,-1,1,1,1,1,-1,-1,1,-1,1,1,-1,1,1,-1,1,1,1,-1,-1,1,-1,1,-1,1,-1,-1,1,-1,1,-1,1,-1,-1,1,-1,1,-1,-1,-1,1,1,1,-1,1,-1,-1,1,1,1,-1,1,-1,-1,-1,-1,1,-1,-1,-1,-1,-1,-1,1,1,-1,-1,1,-1,-1,1,-1,-1,-1,-1,-1,-1,-1,1,-1,-1,1,-1,-1,1,1,-1,1,1,1,-1,1,-1,-1,-1,-1,-1,1,1,1,-1,-1,-1,-1,1,1,-1,1,1,-1,1,-1,1,-1,-1,-1,-1,1,1,1,1,1,1,-1,-1,1,1,1,1,1,-1,-1,1,1,1,1,1,-1,1,-1,1,1,1,1,-1,1,-1,1,-1,1,-1,1,1,-1,1,1,1,-1,1,-1,1,1,-1,1,1,1,1,1,-1,-1,1,1,1,1,-1,1,-1,1,1,1,1,-1,1,1,1,1,-1,1,-1,1,-1,1,1,1,1,-1,1,1,1,-1,1,1,1,-1,1,1,1,1,1,-1,-1,1,-1,1,1,-1,1,-1,-1,1,1,1,1,1,-1,1,-1,-1,1,-1,1,-1,1,-1,-1,1,-1,1,-1,-1,1,-1,1,-1,1,-1,1,1,1,1,-1,1,-1,1,-1,-1,1,-1,-1,-1,-1,-1,1,1,-1,1,-1,1,-1,1,1,-1,-1,1,1,-1,1,-1,-1,-1,-1,1,-1,1,1,-1,-1,1,-1,-1,-1,1,-1,-1,-1,1,-1,1,-1,-1,-1,-1,-1,-1,-1,-1,1,-1,-1,-1,-1,1,-1,1,-1,-1,1,-1,-1,1,1,-1,-1,-1,1,-1,1,1,-1,1,-1,1,-1,-1,1,1,1,-1,1,-1,1,-1,1,1,1,-1,1,1,-1,1,1,1,1,-1,1,-1,1,-1,1,1,1,-1,-1,1,-1,-1,1,1,1,-1,1,-1,1,1,-1,1,-1,1,-1,1,1,1,1,-1,1,1,1,1,1,1,-1,1,-1,-1,1,-1,1,-1,1,-1,-1,1,1,1,-1,-1,1,1,-1,-1,1,1,-1,-1,-1,-1,1,1,-1,1,1,-1,1,1,1,1,-1,1,-1,-1,1,1,-1,1,-1,-1,-1,1,1,-1,1,-1,-1,1,1,1,-1,1,1,-1,-1,1,1,1,1,-1,-1,1,1,1,1,1,1,-1,-1,1,1,-1,1,-1,-1,1,1,1,1,1,1,-1,-1,1,-1,1,1,1,-1,1,1,1,1,1,1,-1,1,1,1,1,1,1,-1,1,1,1,-1,1,1,1,-1,1,-1,-1,1,1,1,-1,1,1,-1,1,-1,1,1,1,-1,1,1,-1,1,1,-1,1,-1,1,-1,1,-1,1,-1,1,1,-1,1,-1,1,-1,1,1,-1,1,1,1,-1,1,1,-1,1,-1,1,-1,-1,1,1,1,1,1,-1,1,1,-1,1,1,1,1,-1,1,-1,-1,1,1,-1,1,1,1,-1,1,1,-1,1,1,1,-1,1,1,1,-1,1,-1,-1,1,1,-1,1,1,-1,1,-1,-1,1,-1,1,1,-1,1,1,-1,-1,1,1,-1,1,1,-1,-1,-1,1,1,1,1,-1,-1,1,1,-1,1,1,-1,-1,1,-1,1,1,1,-1,-1,-1,1,-1,1,1,-1,1,-1,-1,1,1,1,-1,-1,-1,-1,-1,1,-1,-1,-1,1,-1,1,1,-1,-1,-1,1,-1,1,1,1,-1,-1,-1,-1,1,1,-1,1,-1,-1,1,1,1,-1,-1,1,-1,-1,1,1,-1,-1,1,-1,-1,1,1,-1,1,-1,-1,-1,1,1,-1,-1,1,-1,-1,1,1,-1,-1,1,1,-1,1,1,-1,1,1,-1,-1,1,1,-1,-1,1,-1,-1,1,-1,-1,-1,1,1,-1,-1,1,-1,1,-1,1,-1,1,1,-1,1,-1,1,-1,1,1,-1,1,1,1,1,-1,1,-1,1,1,-1,1,-1,1,-1,1,1,-1,1,-1,1,1,1,-1,-1,1,-1,1,1,-1,1,-1,-1,-1,1,-1,1,-1,1,1,-1,1,-1,1,-1,-1,-1,-1,1,-1,1,-1,1,-1,-1,-1,1,1,-1,1,-1,-1,1,-1,1,-1,1,-1,-1,1,-1,1,1,1,1,-1,-1,1,1,-1,-1,1,1,1,1,1,-1,1,-1,-1,1,1,-1,-1,1,-1,-1,-1,-1,1,-1,1,1,1,1,1,-1,-1,1,-1,1,-1,-1,-1,-1,1,-1,1,1,1,-1,1,1,-1,1,1,1,1,-1,1,-1,1,1,1,1,-1,1,-1,1,1,1,1,-1,1,-1,1,1,1,1,-1,1,-1,1,1,1,-1,-1,1,-1,-1,1,1,-1,-1,-1,1,-1,1,-1,1,-1,1,-1,-1,1,-2660.0,1,2000,445,1500,True
2320,-1,-1,1,1,1,1,-1,1,-1,-1,-1,1,-1,1,-1,-1,1,-1,1,1,1,-1,-1,-1,-1,1,-1,-1,-1,-1,-1,-1,1,1,-1,-1,1,-1,-1,-1,1,-1,-1,-1,-1,-1,-1,-1,1,1,-1,-1,1,-1,1,-1,-1,1,-1,-1,-1,1,1,1,-1,-1,-1,-1,-1,-1,-1,1,-1,-1,-1,-1,1,-1,1,-1,-1,1,1,-1,1,-1,-1,-1,-1,1,-1,-1,-1,-1,-1,-1,-1,1,1,1,-1,-1,-1,-1,1,1,1,-1,-1,-1,-1,1,1,1,-1,-1,-1,-1,1,1,1,-1,-1,-1,-1,1,1,1,1,-1,-1,-1,1,1,1,-1,-1,-1,-1,1,1,1,1,-1,-1,-1,-1,1,1,1,-1,-1,-1,1,-1,1,1,1,-1,-1,1,1,1,1,-1,-1,-1,1,-1,1,-1,-1,-1,-1,1,1,1,1,-1,-1,1,-1,-1,1,-1,-1,-1,1,1,1,1,1,-1,1,1,1,-1,1,1,-1,-1,1,1,-1,1,1,-1,-1,-1,1,-1,1,1,-1,-1,1,1,-1,1,1,-1,1,1,1,-1,-1,1,1,-1,-1,1,-1,1,1,-1,1,-1,1,-1,1,1,-1,-1,1,1,-1,-1,1,-1,-1,-1,1,-1,1,-1,1,-1,1,-1,-1,1,1,-1,-1,1,1,1,-1,-1,-1,-1,1,-1,-1,1,1,-1,-1,1,-1,-1,-1,1,1,1,-1,1,1,-1,1,-1,-1,-1,1,1,-1,-1,-1,-1,1,-1,1,-1,-1,-1,1,-1,-1,1,1,-1,1,-1,-1,1,1,-1,-1,-1,1,-1,1,1,1,-1,-1,-1,-1,-1,1,-1,-1,-1,-1,1,1,1,-1,-1,-1,-1,1,-1,1,-1,-1,-1,-1,-1,1,1,-1,1,-1,-1,1,-1,1,-1,-1,-1,-1,-1,1,1,-1,-1,-1,-1,-1,1,-1,-1,-1,-1,-1,-1,1,-1,-1,1,-1,-1,1,1,-1,-1,1,1,-1,-1,1,1,-1,1,-1,-1,1,-1,1,-1,-1,-1,-1,-1,1,-1,-1,1,1,1,1,1,-1,-1,1,-1,1,-1,1,-1,1,-1,-1,1,-1,1,-1,1,1,-1,-1,1,1,-1,-1,-1,1,-1,1,1,1,-1,1,-1,1,-1,1,-1,-1,1,-1,1,1,-1,1,-1,1,-1,1,1,1,-1,-1,-1,1,1,1,-1,1,-1,1,1,1,1,-1,-1,-1,-1,1,1,1,1,1,-1,-1,1,-1,1,-1,-1,1,-1,1,1,-1,1,1,-1,1,1,1,1,-1,-1,-1,1,1,1,-1,1,1,-1,1,1,-1,-1,1,1,-1,1,1,-1,-1,-1,-1,-1,1,1,1,-1,1,1,-1,-1,1,-1,1,-1,-1,1,-1,1,-1,1,-1,1,-1,1,1,-1,1,-1,1,-1,-1,1,-1,1,-1,1,1,-1,1,-1,-1,1,1,-1,-1,1,1,-1,1,1,1,1,1,1,-1,1,1,1,-1,1,1,-1,-1,-1,-1,1,-1,1,1,-1,1,-1,1,-1,1,-1,-1,-1,1,1,-1,1,1,-1,1,-1,1,-1,1,1,-1,1,-1,1,-1,-1,-1,-1,1,-1,1,-1,-1,-1,-1,1,-1,1,-1,1,1,1,1,-1,1,-1,1,1,-1,1,-1,1,-1,-1,1,-1,1,-1,-1,1,1,1,1,1,-1,1,1,1,1,-1,1,-1,-1,1,1,1,-1,-1,-1,1,1,1,1,-1,-1,-1,1,-1,1,-1,1,1,-1,-1,1,1,1,-1,-1,-1,-1,1,1,1,1,1,-1,-1,1,1,1,1,1,-1,-1,1,-1,1,-1,1,-1,1,1,1,1,1,1,-1,-1,1,-1,1,-1,1,-1,-1,1,1,-1,1,1,-1,-1,1,1,1,1,1,1,-1,1,1,-1,1,1,-1,-1,1,1,-1,1,1,-1,-1,1,-1,1,1,1,-1,-1,1,-1,1,1,1,1,-1,1,1,-1,1,1,-1,-1,1,-1,1,-1,1,1,-1,1,-1,1,1,1,1,-1,1,-1,-1,1,1,1,-1,1,1,-1,-1,1,-1,1,1,1,-1,1,1,1,-1,1,-1,1,-1,1,1,-1,-1,1,-1,1,1,1,-1,1,1,-1,-1,1,1,1,1,1,1,-1,1,1,1,1,1,-1,-1,1,1,1,1,1,-1,1,1,1,1,1,1,-1,-1,-1,1,1,1,1,-1,-1,1,1,1,-1,1,-1,-1,1,-1,1,1,1,-1,-1,1,1,-1,1,-1,1,-1,1,1,1,1,1,-1,-1,1,1,1,1,1,1,-1,-1,1,1,-1,1,-1,-1,1,1,1,-1,1,-1,1,1,1,1,1,1,-1,1,-1,1,1,1,-1,-1,1,1,1,1,1,1,-1,1,1,1,-1,1,-1,1,1,1,1,1,1,1,-1,1,1,1,1,1,1,-1,1,1,1,1,1,1,-1,1,-1,1,1,1,1,-1,1,-1,1,1,1,1,-1,1,-1,1,1,1,1,-1,1,-1,1,1,1,1,-1,1,-1,1,-1,1,1,1,1,-1,1,1,1,1,-1,-1,1,1,1,1,1,-1,1,1,1,1,1,-1,1,1,1,1,-1,1,-1,1,1,1,-1,1,1,1,1,-1,-1,1,-1,1,1,-1,1,-1,1,-1,-1,1,-1,1,-1,1,-1,1,-1,-1,-1,1,1,-1,-1,1,-1,-1,-1,1,-1,-1,1,1,-1,-1,1,1,-1,-1,-1,1,1,1,-1,-1,-1,-1,1,1,-1,-1,1,1,1,1,1,-1,-1,1,1,1,-1,-1,1,-1,1,-1,1,1,-1,1,-1,1,-1,-1,-1,-1,-1,-1,1,-1,1,1,1,-1,1,1,-1,-1,1,-1,-1,-1,1,-1,1,1,1,1,-1,1,-1,1,1,1,-1,1,1,-1,1,1,1,1,-1,1,-1,1,-1,-1,-1,-1,1,-1,-1,1,1,-1,-1,1,1,-1,1,-1,1,-1,1,-1,-1,1,-2660.0,1,2000,445,1500,True
2321,-1,-1,1,1,1,1,-1,1,-1,-1,1,-1,-1,1,-1,-1,1,1,-1,-1,-1,1,-1,-1,1,-1,-1,-1,1,-1,-1,-1,1,-1,-1,1,1,-1,-1,1,-1,-1,1,-1,-1,-1,1,-1,1,-1,-1,-1,1,1,-1,-1,-1,1,-1,1,1,-1,-1,1,-1,1,-1,-1,-1,-1,1,-1,1,1,1,-1,-1,1,-1,-1,1,-1,-1,-1,-1,-1,-1,1,-1,-1,-1,-1,-1,1,1,-1,-1,1,-1,1,1,1,-1,-1,1,-1,-1,1,1,-1,-1,-1,-1,-1,1,1,-1,-1,1,-1,-1,1,1,1,-1,-1,-1,-1,1,1,1,-1,1,-1,1,1,1,1,-1,1,-1,-1,1,1,1,-1,1,-1,-1,1,1,1,-1,-1,1,-1,1,1,1,-1,1,-1,1,1,1,1,-1,1,-1,1,1,1,-1,-1,1,-1,1,1,1,-1,1,-1,1,1,-1,1,-1,1,1,-1,1,1,1,1,1,1,-1,1,1,1,-1,1,1,-1,1,1,1,1,-1,1,-1,1,-1,1,-1,1,1,-1,1,1,1,1,1,1,-1,-1,1,1,-1,-1,1,-1,1,1,-1,1,-1,1,-1,1,1,1,-1,1,1,-1,1,1,1,1,-1,1,-1,1,1,1,-1,1,-1,-1,1,-1,1,-1,1,1,1,-1,1,1,-1,1,-1,-1,1,1,1,-1,1,-1,1,-1,-1,1,-1,-1,1,1,-1,-1,1,1,-1,1,1,-1,1,1,1,-1,-1,1,-1,1,1,-1,1,-1,1,1,-1,1,1,-1,-1,1,-1,-1,1,-1,1,-1,-1,1,-1,1,1,1,-1,1,-1,-1,1,1,1,-1,1,-1,-1,1,1,1,-1,1,-1,-1,1,1,-1,1,1,-1,1,-1,1,-1,-1,1,-1,1,1,1,1,1,1,-1,1,1,1,1,1,-1,-1,1,1,1,1,1,-1,-1,1,-1,1,-1,1,-1,-1,1,-1,1,1,1,1,-1,1,-1,1,1,1,1,-1,-1,1,1,1,-1,-1,-1,1,1,-1,-1,1,1,-1,1,-1,1,-1,1,-1,1,1,-1,1,1,1,-1,1,1,-1,1,-1,1,-1,-1,1,-1,1,1,1,1,-1,1,1,1,1,1,-1,-1,1,-1,-1,1,-1,1,-1,-1,1,-1,1,1,-1,-1,-1,1,-1,1,-1,1,-1,1,-1,-1,1,1,-1,-1,-1,1,-1,-1,1,1,-1,-1,1,-1,1,1,-1,1,-1,1,-1,-1,1,1,-1,-1,-1,-1,1,1,-1,-1,-1,1,-1,1,-1,1,-1,-1,1,-1,1,-1,1,-1,-1,-1,-1,1,-1,-1,-1,-1,-1,-1,1,-1,1,-1,-1,-1,-1,1,-1,-1,1,-1,-1,-1,1,1,1,-1,1,-1,-1,-1,-1,1,-1,-1,-1,-1,1,-1,1,1,1,-1,-1,-1,1,1,-1,1,-1,1,-1,1,1,1,-1,1,1,-1,1,1,1,1,1,1,1,-1,1,1,-1,1,-1,1,-1,-1,1,1,-1,1,-1,-1,1,-1,1,-1,1,1,-1,1,1,1,-1,1,1,-1,-1,1,1,-1,-1,-1,-1,1,1,1,-1,-1,-1,-1,1,1,1,-1,1,1,1,-1,1,1,-1,1,1,-1,1,1,1,-1,-1,1,-1,-1,1,1,1,1,1,1,1,1,-1,1,1,1,-1,1,1,-1,1,1,1,-1,1,1,-1,1,1,1,-1,1,1,1,-1,1,-1,1,1,-1,-1,1,1,1,-1,1,-1,-1,1,1,1,1,1,1,-1,1,1,1,1,1,1,-1,1,-1,1,-1,1,-1,1,1,1,1,1,1,1,-1,1,-1,1,1,1,1,-1,1,1,-1,1,1,-1,-1,1,1,1,1,1,1,-1,-1,1,-1,1,1,-1,1,-1,1,-1,1,1,-1,1,1,-1,1,1,1,-1,-1,1,-1,1,-1,-1,-1,1,-1,-1,1,-1,1,-1,-1,1,-1,1,1,1,-1,-1,1,-1,1,1,1,-1,-1,1,-1,1,-1,1,-1,1,-1,-1,1,1,1,-1,1,1,-1,1,1,1,-1,-1,-1,1,-1,1,1,-1,-1,-1,-1,-1,1,1,-1,1,-1,1,-1,1,1,-1,-1,-1,-1,-1,1,-1,-1,-1,-1,-1,1,-1,-1,-1,-1,-1,1,-1,1,-1,-1,-1,-1,1,-1,1,1,-1,-1,-1,1,1,1,-1,-1,1,-1,1,-1,1,-1,-1,-1,-1,-1,1,1,1,-1,-1,-1,1,-1,1,-1,-1,1,-1,-1,1,1,1,-1,-1,-1,-1,-1,1,-1,-1,-1,1,-1,1,1,-1,-1,-1,1,-1,1,1,-1,-1,1,-1,-1,1,1,1,-1,1,-1,1,1,1,-1,-1,1,-1,-1,1,1,1,-1,1,-1,-1,1,1,-1,1,1,-1,-1,1,1,1,1,1,-1,-1,1,1,1,1,1,-1,-1,1,1,1,1,1,1,-1,-1,1,1,-1,1,-1,-1,1,-1,1,1,1,1,-1,-1,1,-1,1,1,1,-1,1,1,1,1,-1,1,-1,1,1,1,1,1,1,-1,-1,1,1,1,1,-1,1,-1,1,1,1,1,1,-1,1,1,1,1,-1,-1,1,-1,1,1,-1,1,-1,-1,-1,1,1,1,-1,1,-1,-1,1,1,1,-1,-1,1,-1,1,1,1,-1,-1,1,-1,-1,1,1,-1,1,-1,-1,-1,1,1,-1,1,-1,1,-1,1,1,1,1,1,-1,-1,1,1,-1,-1,1,1,-1,1,1,-1,1,-1,-1,1,1,-1,-1,1,-1,-1,-1,1,1,-1,1,1,-1,1,1,-1,-1,-1,-1,1,-1,-1,-1,-1,1,-1,-1,1,1,-1,1,1,-1,1,1,1,1,-1,1,-1,1,1,1,-1,-1,1,-1,-1,1,1,-1,1,1,-1,1,1,1,-1,-1,1,-1,1,1,1,1,-1,1,-1,-1,1,1,-1,-1,1,1,-1,1,1,1,-1,1,-1,-1,1,-2660.0,1,2000,445,1500,True
2322,-1,-1,1,1,1,1,-1,1,-1,-1,-1,1,-1,1,-1,-1,1,-1,1,1,-1,1,-1,-1,-1,1,-1,-1,1,-1,-1,-1,1,1,-1,1,1,-1,-1,-1,1,-1,1,-1,-1,-1,1,1,-1,-1,1,-1,1,1,1,-1,-1,1,-1,-1,1,1,1,1,-1,-1,-1,1,1,-1,1,-1,-1,-1,1,-1,-1,1,-1,-1,-1,1,1,-1,-1,-1,-1,1,1,1,-1,-1,-1,-1,1,1,-1,1,-1,1,-1,1,1,-1,1,-1,-1,-1,1,1,-1,1,-1,1,-1,1,1,-1,1,-1,-1,-1,1,1,-1,1,-1,-1,-1,1,1,-1,1,-1,-1,1,1,1,-1,-1,-1,-1,1,1,1,-1,1,-1,-1,-1,1,1,-1,-1,1,-1,-1,1,1,-1,1,-1,-1,-1,1,1,-1,1,1,-1,1,1,1,-1,1,-1,-1,-1,1,-1,1,-1,1,-1,1,1,-1,1,1,-1,-1,1,1,1,1,1,1,-1,1,1,-1,1,1,1,-1,1,1,1,-1,1,1,-1,1,1,-1,1,1,1,1,1,1,1,1,1,1,1,-1,1,-1,-1,1,1,-1,1,-1,1,1,1,1,1,1,1,-1,1,1,1,1,1,-1,1,-1,1,1,1,1,1,-1,1,1,1,1,-1,1,-1,1,-1,1,-1,-1,1,-1,1,-1,1,1,1,1,-1,1,-1,1,-1,1,1,-1,-1,1,1,1,1,1,1,-1,1,1,1,-1,-1,1,-1,-1,1,-1,-1,-1,1,1,-1,1,1,1,-1,1,-1,-1,1,-1,-1,-1,-1,1,-1,-1,1,-1,-1,1,1,-1,1,-1,-1,-1,1,1,-1,1,-1,-1,1,1,1,1,1,-1,-1,1,1,-1,1,1,-1,1,-1,1,-1,1,1,-1,1,1,1,1,-1,1,-1,-1,1,1,1,-1,-1,-1,-1,1,1,1,-1,-1,-1,1,-1,1,-1,-1,-1,-1,1,-1,1,1,-1,1,-1,1,-1,1,1,1,1,-1,-1,1,1,1,-1,-1,-1,1,1,-1,-1,-1,1,-1,1,-1,1,-1,-1,-1,1,1,-1,1,1,-1,-1,1,1,-1,1,-1,-1,-1,-1,1,-1,1,1,1,1,-1,1,1,1,1,-1,-1,-1,1,-1,-1,1,1,1,-1,-1,1,-1,1,-1,-1,-1,-1,1,-1,1,1,1,-1,1,1,-1,1,-1,-1,-1,-1,1,-1,-1,1,1,-1,-1,1,-1,1,1,-1,1,-1,1,-1,-1,1,1,-1,-1,-1,-1,1,1,-1,1,-1,1,-1,1,1,1,-1,-1,-1,1,1,1,1,-1,-1,-1,-1,1,-1,-1,-1,-1,-1,-1,1,-1,1,-1,1,-1,-1,1,-1,-1,1,-1,-1,-1,1,-1,1,-1,1,-1,-1,1,-1,1,-1,1,-1,-1,1,-1,1,1,1,-1,-1,-1,1,1,-1,1,-1,-1,1,1,1,1,-1,1,1,-1,1,1,1,1,1,1,1,-1,1,1,-1,1,-1,1,-1,-1,1,-1,-1,1,-1,-1,1,-1,-1,-1,1,1,-1,1,1,-1,-1,1,1,-1,-1,1,-1,-1,-1,-1,-1,1,1,-1,-1,-1,-1,-1,1,1,-1,-1,1,1,1,-1,1,-1,-1,1,1,-1,1,1,-1,-1,-1,1,-1,-1,1,1,-1,1,1,1,1,1,-1,1,1,1,-1,1,1,1,-1,1,1,-1,1,1,-1,1,1,1,-1,1,1,-1,-1,1,-1,1,-1,1,-1,1,1,1,-1,1,1,-1,1,1,1,1,1,1,1,1,1,1,1,1,1,-1,1,-1,1,-1,1,1,1,1,1,1,1,1,1,-1,1,-1,1,1,1,1,1,-1,1,-1,1,1,1,1,1,1,1,1,1,1,-1,1,1,-1,-1,1,-1,-1,1,1,1,-1,1,1,-1,1,-1,-1,1,1,-1,-1,1,-1,1,-1,1,1,-1,1,-1,1,-1,1,-1,1,1,-1,1,-1,1,1,-1,1,-1,1,-1,1,1,-1,1,-1,1,-1,1,1,-1,1,1,1,1,1,-1,1,1,-1,1,1,1,1,-1,1,-1,1,-1,1,1,-1,1,1,-1,1,1,-1,1,1,1,-1,1,1,1,-1,1,-1,-1,1,1,-1,1,1,-1,1,-1,1,-1,-1,1,1,-1,1,1,-1,-1,1,1,-1,1,1,-1,-1,-1,1,1,1,1,-1,1,1,1,-1,1,1,-1,-1,1,-1,1,1,-1,-1,-1,-1,1,-1,1,1,-1,1,-1,-1,1,1,1,-1,-1,-1,-1,-1,1,-1,-1,-1,1,-1,1,1,-1,-1,-1,1,-1,1,1,1,-1,1,-1,-1,1,1,1,-1,1,-1,1,1,1,-1,-1,1,-1,-1,1,1,-1,-1,1,-1,-1,1,1,-1,1,1,-1,-1,1,1,-1,-1,1,-1,-1,1,1,-1,-1,1,-1,-1,1,1,-1,1,-1,1,-1,-1,1,-1,-1,1,-1,-1,1,-1,-1,-1,1,1,-1,-1,1,-1,1,-1,1,-1,1,-1,-1,1,-1,1,-1,1,1,-1,1,1,1,-1,-1,-1,-1,1,1,-1,1,-1,1,-1,1,1,1,-1,1,-1,1,1,-1,-1,1,-1,1,1,-1,1,-1,-1,-1,1,-1,1,-1,1,-1,-1,-1,-1,1,-1,-1,1,-1,1,-1,1,-1,-1,1,-1,-1,1,1,-1,1,-1,-1,-1,-1,1,-1,1,-1,1,-1,-1,1,1,1,1,-1,-1,1,1,-1,-1,1,1,-1,1,1,-1,1,-1,-1,1,1,-1,-1,1,-1,-1,-1,-1,1,-1,1,1,-1,1,1,-1,-1,-1,1,-1,-1,-1,-1,-1,1,-1,1,1,1,-1,1,1,1,-1,1,1,1,-1,1,1,-1,1,1,1,-1,1,1,1,1,1,1,-1,-1,1,-1,1,1,1,-1,1,1,-1,1,1,-1,-1,1,1,1,1,1,-1,-1,-1,1,-1,1,1,1,-1,1,-1,1,1,-2660.0,1,2000,445,1500,True
2323,-1,-1,1,1,1,1,-1,1,-1,-1,-1,1,-1,1,-1,-1,1,-1,1,1,-1,1,-1,-1,-1,1,-1,-1,1,-1,-1,-1,1,1,-1,1,1,-1,-1,-1,1,-1,1,-1,-1,-1,-1,1,-1,-1,1,-1,1,-1,1,-1,-1,1,1,-1,-1,1,1,1,-1,1,-1,-1,-1,-1,1,-1,1,1,-1,-1,-1,1,-1,-1,-1,1,1,-1,-1,1,1,-1,-1,1,-1,-1,1,1,-1,-1,-1,1,-1,1,1,1,-1,-1,1,-1,1,1,1,-1,-1,1,-1,1,1,1,-1,-1,1,-1,-1,1,1,-1,-1,1,-1,-1,1,1,-1,-1,-1,-1,1,1,1,-1,-1,-1,-1,-1,1,1,1,-1,1,-1,-1,1,1,-1,-1,-1,1,-1,1,1,-1,-1,-1,-1,-1,1,1,1,1,-1,-1,1,1,1,-1,-1,-1,-1,1,-1,1,-1,-1,1,1,-1,-1,1,-1,-1,-1,-1,1,1,1,-1,-1,-1,-1,1,-1,1,-1,1,-1,-1,-1,-1,1,-1,-1,-1,-1,1,-1,1,-1,1,-1,-1,-1,-1,1,-1,-1,-1,-1,-1,1,1,-1,-1,-1,-1,1,-1,-1,1,-1,-1,-1,1,-1,1,-1,1,-1,-1,-1,-1,1,-1,1,-1,-1,1,1,1,-1,1,-1,-1,-1,-1,1,-1,1,-1,1,-1,1,1,-1,1,1,-1,-1,1,1,-1,-1,1,1,-1,1,1,1,-1,-1,1,-1,-1,1,-1,-1,-1,1,-1,1,1,1,1,1,1,-1,1,1,-1,1,-1,1,1,-1,1,-1,1,1,1,-1,-1,1,-1,-1,1,-1,1,-1,1,1,-1,1,1,-1,-1,1,1,1,1,1,-1,1,1,-1,1,-1,1,-1,1,1,-1,-1,1,1,-1,1,-1,1,1,-1,1,-1,1,1,1,-1,1,1,-1,1,1,1,-1,1,-1,-1,1,1,1,-1,1,-1,-1,1,1,1,-1,1,-1,-1,-1,-1,1,-1,1,1,-1,1,1,1,1,-1,1,-1,-1,-1,1,-1,1,-1,-1,1,-1,-1,-1,1,1,-1,1,-1,1,-1,1,-1,1,-1,1,1,1,1,-1,1,-1,1,1,-1,1,-1,-1,-1,-1,1,1,1,1,-1,-1,1,1,1,1,-1,-1,1,-1,-1,1,-1,1,-1,1,-1,1,1,1,-1,-1,1,1,-1,1,-1,1,-1,-1,1,-1,1,1,-1,-1,-1,1,-1,-1,1,1,-1,-1,1,-1,1,1,-1,1,-1,1,-1,-1,1,1,-1,1,1,-1,1,1,-1,-1,1,1,-1,1,-1,1,-1,1,-1,-1,1,-1,1,-1,1,-1,-1,1,-1,-1,-1,1,-1,-1,1,-1,1,-1,1,-1,-1,1,-1,-1,1,-1,1,-1,1,1,1,-1,1,1,-1,-1,1,1,-1,1,-1,-1,1,-1,1,1,1,1,-1,-1,1,1,-1,-1,1,1,-1,1,1,1,1,1,1,-1,1,1,1,-1,-1,1,1,-1,1,1,-1,1,-1,1,-1,-1,1,1,-1,1,-1,-1,1,-1,1,-1,1,1,-1,1,1,1,-1,1,1,-1,-1,1,1,-1,-1,-1,-1,1,1,1,-1,-1,-1,-1,1,1,1,-1,1,1,1,-1,1,1,-1,1,1,-1,1,1,1,-1,-1,1,-1,-1,1,1,1,1,1,1,1,1,1,1,1,1,-1,1,1,-1,1,1,1,-1,1,1,-1,1,1,1,-1,1,1,1,-1,1,-1,1,-1,1,-1,1,1,1,-1,1,1,1,1,1,1,1,1,1,-1,1,1,1,1,-1,1,1,1,-1,1,-1,1,-1,1,1,1,1,1,1,-1,1,1,-1,1,1,1,-1,-1,1,1,-1,1,1,-1,-1,1,1,1,1,1,-1,1,1,1,-1,1,1,-1,1,-1,1,1,-1,1,-1,1,1,-1,1,1,-1,1,1,1,-1,1,1,-1,1,1,-1,1,-1,1,-1,-1,1,1,-1,1,-1,1,-1,1,-1,-1,1,-1,1,-1,1,1,-1,-1,1,-1,-1,1,-1,-1,-1,-1,1,-1,1,1,1,-1,-1,1,-1,1,-1,1,-1,-1,1,-1,-1,-1,-1,1,-1,1,-1,1,-1,-1,1,-1,1,-1,-1,-1,1,1,-1,-1,-1,-1,-1,1,-1,-1,-1,-1,-1,-1,1,-1,1,1,-1,-1,-1,-1,-1,-1,1,-1,-1,-1,1,1,-1,1,-1,1,-1,1,-1,-1,1,-1,-1,-1,1,-1,1,1,1,-1,-1,1,-1,1,1,-1,1,-1,-1,1,1,1,-1,-1,-1,-1,-1,1,-1,1,-1,1,-1,1,1,1,1,1,-1,-1,1,1,1,1,-1,1,-1,1,1,-1,1,-1,-1,1,1,1,1,-1,1,-1,-1,1,1,1,1,1,-1,-1,1,1,1,-1,1,1,-1,1,1,1,1,1,1,-1,1,1,1,1,1,1,-1,1,1,-1,1,1,1,-1,-1,1,-1,1,1,1,-1,1,-1,1,1,1,1,-1,-1,1,-1,1,1,1,-1,1,1,-1,1,1,-1,1,1,1,-1,1,1,1,1,-1,1,1,1,1,-1,1,-1,1,1,1,1,1,-1,1,1,1,1,-1,1,1,-1,1,1,-1,1,1,-1,-1,1,-1,1,-1,1,1,-1,1,-1,1,1,-1,1,-1,1,-1,1,1,1,-1,-1,-1,1,1,1,-1,1,-1,-1,-1,1,1,-1,1,-1,-1,-1,1,-1,1,-1,-1,-1,1,1,1,1,-1,1,-1,1,1,1,-1,1,-1,1,1,1,1,-1,-1,-1,-1,-1,1,1,-1,1,-1,1,1,-1,1,1,-1,1,-1,-1,1,1,-1,-1,-1,1,1,-1,1,-1,-1,1,1,1,1,1,-1,-1,1,1,1,1,1,1,-1,-1,-1,1,1,1,1,-1,1,1,1,1,1,-1,-1,1,1,1,-1,1,1,-1,-1,1,1,-1,1,-1,1,-1,1,1,-1,1,1,-1,-1,1,-2660.0,1,2000,445,1500,True
2324,1,1,-1,-1,1,1,-1,1,1,1,1,-1,-1,1,1,1,-1,1,-1,-1,-1,1,1,1,1,1,-1,-1,1,1,1,1,-1,-1,-1,1,-1,1,1,1,-1,-1,1,1,1,1,1,1,-1,-1,1,1,-1,1,-1,-1,-1,-1,1,1,1,-1,-1,1,1,1,1,1,1,-1,1,-1,1,1,1,1,-1,1,-1,1,1,1,1,-1,-1,1,1,1,1,-1,1,-1,-1,1,1,1,1,-1,-1,1,1,1,1,1,1,-1,-1,1,1,1,1,-1,-1,-1,1,1,1,1,1,-1,-1,1,1,1,1,-1,-1,-1,1,1,1,1,1,-1,-1,1,1,1,1,1,-1,-1,-1,1,1,1,1,-1,-1,-1,1,1,1,1,1,-1,-1,1,1,1,1,1,-1,-1,1,1,1,1,1,-1,1,1,1,1,1,-1,-1,1,1,1,1,-1,1,-1,1,1,1,1,1,-1,-1,-1,1,-1,1,1,1,-1,-1,1,1,-1,1,1,-1,-1,1,1,1,1,1,-1,1,1,-1,-1,1,1,-1,1,1,1,1,1,1,1,-1,1,-1,1,1,1,-1,-1,1,1,1,1,1,-1,-1,1,-1,-1,1,1,1,-1,1,-1,1,1,1,-1,1,1,1,-1,1,1,-1,-1,-1,1,1,-1,1,1,1,-1,1,1,-1,1,1,1,1,1,1,-1,1,1,1,1,-1,1,1,1,1,1,1,1,1,1,1,-1,-1,1,-1,1,-1,1,1,1,1,1,1,-1,1,1,1,-1,1,1,1,1,1,1,1,-1,1,-1,1,-1,1,1,1,1,-1,1,1,1,1,1,-1,1,1,1,1,1,1,-1,1,1,1,1,1,-1,-1,1,1,1,-1,1,-1,1,-1,1,1,-1,1,1,-1,1,1,-1,1,1,1,-1,1,1,1,-1,1,1,-1,1,1,1,-1,1,1,1,1,1,1,1,-1,1,-1,1,-1,1,-1,1,1,-1,-1,-1,1,1,-1,1,-1,1,1,1,-1,-1,-1,-1,1,1,1,-1,1,1,-1,1,1,-1,1,-1,1,-1,1,1,-1,1,1,-1,1,1,1,1,1,-1,1,-1,-1,-1,1,-1,1,-1,-1,1,1,1,-1,-1,-1,1,-1,1,1,-1,1,-1,-1,1,1,1,1,-1,-1,1,-1,-1,1,-1,1,-1,-1,-1,-1,-1,1,1,-1,-1,1,-1,1,1,-1,-1,1,-1,-1,1,1,-1,-1,-1,1,-1,1,-1,-1,-1,-1,-1,1,1,-1,1,-1,-1,1,1,1,-1,-1,1,-1,1,1,1,-1,-1,-1,-1,-1,1,1,-1,-1,1,-1,1,-1,1,1,-1,-1,1,-1,1,-1,1,-1,-1,1,-1,-1,-1,1,-1,-1,-1,-1,1,-1,1,-1,-1,1,-1,-1,1,1,-1,-1,-1,-1,-1,1,1,-1,-1,-1,1,-1,-1,1,1,1,-1,1,-1,1,-1,1,1,1,-1,1,1,-1,-1,1,1,1,1,-1,-1,1,-1,1,1,1,-1,-1,-1,-1,-1,1,1,1,-1,-1,-1,1,1,-1,1,-1,-1,-1,1,1,1,1,-1,-1,-1,1,1,-1,1,-1,-1,-1,-1,1,1,1,-1,1,-1,-1,1,-1,1,-1,-1,1,1,-1,-1,1,1,-1,-1,-1,-1,-1,1,1,-1,-1,-1,1,-1,1,1,-1,-1,1,-1,1,1,-1,-1,-1,-1,-1,1,1,-1,1,-1,-1,1,1,1,1,-1,-1,-1,-1,-1,1,-1,1,-1,-1,1,-1,1,1,-1,1,-1,-1,1,1,1,-1,1,-1,1,-1,1,1,-1,1,-1,-1,-1,1,1,-1,1,-1,1,-1,1,1,-1,-1,1,-1,-1,1,1,-1,-1,-1,1,-1,1,1,-1,-1,1,-1,-1,-1,-1,1,-1,1,-1,-1,1,-1,-1,1,-1,1,-1,1,1,-1,1,-1,1,-1,1,-1,1,-1,1,-1,-1,1,1,-1,1,-1,-1,-1,-1,1,-1,1,-1,1,-1,-1,1,-1,1,1,-1,-1,-1,-1,1,1,1,1,-1,-1,1,-1,-1,1,1,-1,-1,-1,-1,1,-1,1,-1,-1,1,1,-1,1,1,-1,-1,1,-1,-1,1,1,-1,-1,-1,-1,1,-1,1,-1,-1,-1,-1,-1,1,-1,-1,1,-1,-1,1,-1,1,-1,-1,-1,-1,-1,1,1,1,-1,-1,-1,1,1,1,-1,-1,-1,1,-1,-1,1,-1,-1,-1,-1,1,1,1,-1,-1,-1,-1,1,-1,1,1,-1,1,-1,-1,1,1,-1,-1,-1,-1,-1,-1,1,1,-1,-1,1,-1,1,1,-1,-1,-1,1,-1,1,1,-1,-1,1,1,-1,1,1,1,-1,1,-1,1,1,1,-1,-1,1,-1,-1,1,1,-1,-1,-1,1,-1,1,1,-1,-1,1,-1,-1,1,1,-1,-1,-1,1,-1,1,1,-1,-1,1,-1,-1,1,1,1,-1,-1,-1,-1,1,1,-1,-1,-1,-1,-1,1,-1,1,-1,-1,-1,1,1,1,1,-1,1,-1,-1,1,1,1,-1,1,-1,1,1,1,1,-1,-1,-1,1,-1,1,-1,-1,-1,-1,1,-1,1,-1,-1,-1,-1,1,1,1,1,-1,-1,1,-1,1,1,-1,1,-1,1,1,1,1,1,-1,1,-1,1,1,1,1,-1,1,-1,1,-1,1,1,-1,-1,1,-1,1,1,1,-1,1,-1,1,1,-1,1,-1,1,-1,1,1,-1,1,-1,1,-1,-1,-1,1,1,-1,-1,-1,-1,-1,1,1,1,-1,1,1,1,1,1,-1,-1,1,1,1,1,1,-1,-1,1,-1,1,1,1,-1,-1,-1,-1,-1,-1,-1,-1,-1,-1,-1,1,1,1,-1,1,1,-1,-1,1,1,1,-1,1,-1,1,1,1,-1,-1,1,-1,1,1,1,-1,-1,1,-1,1,1,1,-1,-1,1,-1,1,-1,1,1,-1,1,-1,-1,1,1,1,-1,-1,-1,1,1,-1,1,-1,1,-1,-1,1,-2660.0,1,2000,445,1000,True
2325,-1,-1,1,1,1,1,-1,1,-1,-1,-1,-1,-1,1,-1,-1,1,-1,1,-1,-1,1,-1,-1,-1,1,-1,-1,-1,-1,-1,-1,1,-1,-1,1,1,-1,-1,1,-1,-1,1,-1,-1,-1,-1,-1,1,-1,-1,-1,1,1,-1,-1,-1,1,-1,-1,1,-1,-1,1,-1,-1,-1,-1,-1,-1,1,-1,-1,-1,1,-1,-1,1,-1,-1,-1,-1,-1,-1,-1,-1,-1,1,-1,-1,-1,-1,-1,-1,1,-1,-1,1,-1,1,-1,1,-1,-1,1,-1,-1,-1,1,-1,-1,1,-1,-1,-1,1,-1,-1,1,-1,-1,-1,1,1,-1,1,-1,-1,-1,1,1,-1,1,-1,-1,1,1,1,-1,-1,-1,-1,1,1,1,-1,1,-1,-1,-1,1,1,-1,-1,1,-1,1,1,1,-1,1,-1,-1,-1,1,1,-1,1,1,-1,1,1,-1,-1,1,-1,-1,-1,1,-1,1,-1,1,-1,1,1,-1,1,1,-1,-1,1,1,1,1,1,1,-1,1,1,-1,1,1,1,-1,1,1,1,-1,1,1,-1,1,1,-1,1,1,1,1,1,1,1,1,1,1,1,-1,1,-1,-1,1,1,-1,1,-1,1,-1,1,1,1,1,1,-1,1,1,1,1,1,-1,1,-1,1,1,1,1,1,-1,1,1,1,1,-1,1,-1,1,-1,1,-1,-1,1,-1,1,-1,1,1,-1,1,-1,1,-1,1,-1,1,1,-1,-1,1,1,1,1,1,1,-1,1,1,1,-1,-1,1,-1,-1,1,-1,-1,-1,-1,1,-1,1,1,1,-1,1,-1,-1,1,-1,-1,-1,-1,1,-1,-1,1,-1,-1,1,1,-1,1,-1,-1,-1,1,-1,-1,1,-1,-1,1,1,1,-1,1,-1,-1,1,1,-1,1,1,-1,1,-1,1,-1,1,1,-1,1,1,1,1,1,1,-1,-1,1,1,1,1,-1,-1,-1,1,1,1,1,-1,-1,1,-1,1,1,1,-1,-1,1,-1,1,-1,1,1,-1,1,-1,1,1,1,1,-1,-1,1,1,1,-1,-1,-1,1,1,-1,-1,1,1,-1,1,-1,1,-1,1,-1,1,1,-1,1,1,1,-1,1,1,-1,1,-1,1,-1,-1,1,-1,1,1,1,1,-1,1,1,-1,1,1,-1,-1,1,-1,-1,1,-1,1,-1,-1,1,-1,-1,1,-1,-1,-1,1,-1,1,-1,1,1,-1,1,-1,1,-1,-1,-1,-1,1,-1,-1,1,1,-1,-1,1,-1,1,1,-1,1,-1,1,-1,1,-1,1,-1,-1,-1,-1,1,-1,-1,1,-1,1,-1,1,-1,1,-1,-1,-1,1,1,-1,1,-1,-1,-1,-1,1,-1,-1,1,-1,-1,1,-1,1,1,1,1,-1,-1,1,-1,-1,1,-1,-1,-1,-1,-1,1,-1,1,-1,-1,-1,-1,1,-1,1,-1,-1,1,-1,1,1,1,-1,-1,-1,1,1,-1,1,-1,-1,-1,1,1,1,-1,1,1,-1,1,1,1,1,1,-1,1,-1,1,1,-1,1,-1,1,1,-1,1,-1,-1,1,-1,-1,1,-1,-1,-1,1,1,-1,1,1,-1,-1,1,1,-1,-1,1,-1,-1,-1,-1,-1,1,1,-1,-1,-1,-1,-1,1,1,-1,-1,1,1,1,-1,1,-1,-1,1,1,-1,1,1,-1,-1,-1,1,-1,-1,1,1,-1,1,1,1,1,1,-1,1,1,1,-1,1,1,1,-1,1,1,-1,1,1,-1,1,1,1,-1,1,1,-1,-1,1,1,1,1,1,-1,1,1,-1,-1,1,1,-1,1,1,-1,1,1,1,1,1,1,1,1,1,1,-1,1,-1,1,-1,1,1,1,1,1,1,1,1,1,-1,1,-1,1,-1,1,1,1,-1,1,-1,1,1,1,1,1,1,1,1,1,1,-1,1,1,-1,-1,1,-1,-1,1,1,1,-1,1,1,-1,1,-1,-1,1,1,-1,-1,1,-1,1,-1,1,1,-1,1,-1,1,-1,1,-1,1,1,-1,1,-1,1,1,-1,1,-1,1,-1,1,1,-1,1,-1,1,-1,1,1,-1,1,1,1,1,1,1,1,1,-1,1,1,1,1,-1,1,-1,1,-1,1,1,-1,1,1,-1,1,1,-1,1,1,1,-1,1,1,1,-1,1,-1,-1,1,1,-1,1,1,-1,1,-1,1,-1,-1,1,1,-1,1,1,-1,-1,1,1,-1,1,1,-1,-1,-1,1,1,1,1,-1,1,1,1,-1,1,1,-1,-1,1,-1,1,1,1,-1,-1,-1,1,-1,1,1,-1,1,-1,-1,1,1,1,-1,-1,-1,-1,-1,1,-1,-1,-1,1,-1,1,1,-1,-1,-1,1,-1,1,1,1,-1,1,-1,-1,1,1,1,-1,1,-1,1,1,1,-1,-1,1,-1,-1,1,1,1,-1,1,-1,-1,1,1,1,1,1,-1,-1,1,1,-1,1,1,-1,-1,1,1,1,1,1,-1,-1,1,1,1,1,1,1,-1,1,1,-1,1,1,-1,-1,1,-1,1,1,1,1,-1,-1,1,-1,1,1,1,-1,1,1,1,1,-1,1,-1,1,1,1,1,1,1,-1,-1,1,1,1,1,-1,1,-1,1,1,1,1,-1,1,-1,1,1,1,-1,-1,1,-1,1,1,-1,1,-1,-1,-1,1,1,1,-1,1,-1,-1,1,1,1,-1,-1,-1,-1,1,1,1,-1,1,-1,-1,-1,1,1,-1,1,-1,-1,1,1,1,-1,1,1,-1,1,1,1,1,1,1,-1,-1,1,1,-1,-1,1,1,1,1,1,-1,1,-1,-1,1,1,-1,-1,1,-1,-1,-1,1,1,-1,1,-1,1,1,1,-1,-1,-1,-1,1,-1,-1,-1,-1,1,-1,1,1,1,-1,1,1,-1,1,1,1,1,-1,1,-1,1,1,1,1,-1,1,-1,1,1,1,1,-1,1,-1,1,1,1,1,-1,1,-1,1,1,1,-1,-1,1,-1,-1,1,1,-1,-1,-1,1,-1,1,-1,1,-1,1,-1,-1,1,-2660.0,1,2000,445,1500,True
2326,-1,-1,1,1,1,1,-1,1,-1,-1,-1,1,-1,1,-1,-1,1,-1,1,1,1,1,-1,-1,-1,1,-1,-1,1,-1,-1,-1,1,1,-1,-1,1,-1,-1,-1,1,-1,-1,-1,-1,-1,1,-1,1,1,-1,-1,1,-1,1,-1,1,-1,-1,-1,-1,1,1,1,-1,1,-1,-1,-1,-1,1,-1,-1,-1,1,-1,1,-1,1,-1,-1,-1,-1,-1,1,-1,-1,1,-1,1,-1,1,-1,1,1,-1,-1,1,1,1,1,1,-1,-1,1,1,-1,1,1,-1,-1,1,1,-1,1,1,-1,-1,1,1,-1,1,1,1,-1,-1,1,-1,1,1,1,-1,1,1,-1,1,1,1,-1,1,1,-1,1,1,1,-1,1,1,1,-1,1,1,-1,1,-1,1,-1,1,-1,-1,1,1,1,1,1,1,-1,1,1,-1,1,1,-1,-1,1,1,-1,1,1,-1,1,-1,-1,1,1,1,-1,-1,-1,1,1,1,1,-1,1,1,-1,1,1,1,1,-1,1,-1,1,1,1,-1,-1,1,-1,-1,1,1,-1,-1,1,-1,1,1,1,1,-1,-1,-1,-1,1,1,-1,-1,1,-1,1,1,-1,1,-1,-1,-1,1,1,1,-1,1,-1,-1,-1,1,1,-1,1,-1,-1,1,1,1,1,1,-1,-1,1,1,-1,1,-1,-1,1,-1,1,-1,1,-1,-1,-1,1,1,1,1,-1,-1,-1,-1,1,1,-1,1,-1,1,-1,1,1,1,1,-1,1,-1,1,1,-1,1,-1,1,-1,1,1,1,-1,-1,1,1,-1,1,1,1,-1,1,-1,-1,1,-1,1,-1,1,1,-1,1,1,1,-1,1,-1,-1,1,1,-1,-1,1,-1,-1,1,1,-1,-1,1,-1,-1,1,-1,-1,1,1,-1,1,-1,1,1,-1,1,-1,1,1,1,-1,1,1,-1,1,1,1,-1,1,-1,-1,1,1,1,-1,1,-1,-1,1,-1,1,-1,1,-1,-1,1,-1,1,-1,1,1,-1,1,-1,1,1,-1,1,-1,-1,1,1,-1,1,-1,-1,1,1,-1,-1,1,1,-1,1,-1,1,-1,1,-1,1,1,-1,1,1,1,-1,1,1,-1,1,-1,1,-1,-1,1,-1,1,1,1,1,-1,1,1,-1,1,1,-1,-1,1,-1,-1,1,-1,1,-1,-1,1,-1,1,1,-1,-1,-1,1,-1,1,-1,1,-1,1,-1,-1,1,-1,-1,-1,-1,1,-1,-1,1,1,-1,-1,1,-1,1,1,-1,1,-1,1,-1,1,-1,1,-1,-1,-1,-1,1,-1,-1,-1,-1,1,-1,1,-1,1,-1,-1,-1,1,1,1,1,-1,-1,-1,-1,1,-1,-1,-1,-1,-1,1,-1,-1,1,-1,-1,-1,-1,1,-1,-1,1,-1,-1,-1,1,-1,1,-1,-1,-1,-1,1,-1,1,-1,1,-1,-1,1,-1,1,1,1,-1,-1,-1,1,1,-1,1,-1,-1,-1,1,1,1,-1,1,1,-1,1,1,1,1,1,1,1,-1,-1,-1,1,-1,-1,1,-1,-1,1,1,-1,1,-1,-1,-1,1,1,-1,1,1,-1,-1,1,1,-1,1,1,-1,-1,-1,1,-1,-1,-1,-1,1,-1,1,-1,-1,-1,-1,-1,-1,1,-1,1,1,1,1,-1,1,-1,1,1,-1,1,-1,1,-1,-1,1,-1,1,-1,-1,1,1,1,1,1,1,-1,1,1,1,-1,1,-1,1,1,1,1,-1,-1,-1,1,1,1,1,-1,1,-1,1,-1,1,-1,1,1,-1,-1,1,1,1,-1,1,-1,-1,1,1,1,1,1,1,-1,1,1,1,1,1,1,-1,1,-1,1,-1,1,1,-1,1,1,1,1,1,1,-1,1,-1,1,1,1,1,-1,1,1,-1,1,1,1,1,1,1,1,1,1,1,-1,-1,1,-1,1,1,-1,-1,-1,1,1,1,1,-1,-1,1,-1,1,1,1,-1,-1,1,-1,1,-1,-1,1,-1,-1,-1,1,-1,1,-1,-1,1,-1,1,1,1,-1,-1,1,-1,1,1,1,-1,-1,1,-1,1,-1,1,-1,-1,-1,-1,1,1,1,-1,1,1,-1,1,1,1,1,-1,-1,1,-1,1,1,-1,-1,-1,-1,-1,1,1,-1,1,-1,1,-1,1,1,1,-1,-1,-1,-1,1,1,-1,-1,-1,-1,1,-1,-1,-1,-1,-1,1,-1,1,1,-1,-1,-1,1,-1,1,1,-1,-1,-1,1,1,1,1,-1,1,-1,1,-1,1,1,-1,-1,-1,1,1,1,1,1,-1,-1,1,-1,1,1,-1,1,-1,-1,1,1,1,-1,-1,-1,-1,-1,1,-1,-1,-1,1,-1,1,1,1,-1,-1,1,-1,1,1,1,-1,1,1,-1,1,1,1,-1,1,-1,1,1,1,-1,-1,1,-1,-1,1,1,1,1,-1,1,-1,1,1,1,-1,1,-1,-1,1,1,1,1,-1,1,-1,1,1,-1,1,1,-1,-1,1,1,-1,1,1,-1,-1,1,1,1,1,-1,-1,-1,1,-1,-1,1,1,-1,-1,-1,1,-1,1,1,-1,-1,1,1,-1,1,1,-1,1,1,1,-1,1,1,-1,1,-1,-1,1,1,1,-1,1,-1,1,1,1,-1,1,-1,1,1,1,1,1,1,1,-1,1,1,-1,1,1,-1,-1,1,-1,1,1,-1,1,-1,1,-1,1,1,1,1,-1,1,-1,1,1,-1,-1,-1,-1,1,1,-1,1,1,-1,-1,-1,1,-1,1,1,-1,1,-1,1,1,-1,1,-1,-1,1,-1,1,1,-1,1,1,1,1,-1,1,1,-1,1,1,-1,1,1,-1,-1,-1,-1,-1,1,1,-1,1,1,1,-1,1,1,-1,-1,-1,-1,-1,1,1,-1,1,1,1,-1,1,1,-1,1,1,-1,-1,1,1,-1,1,1,1,-1,-1,1,-1,1,1,1,-1,1,1,-1,1,1,1,-1,-1,1,-1,1,1,-1,-1,-1,1,-1,-1,1,1,-1,1,1,1,-1,1,-1,1,-1,1,-1,-1,1,-2660.0,1,2000,445,1500,True
2327,-1,-1,1,1,1,1,-1,1,-1,-1,-1,1,-1,1,-1,-1,1,-1,1,1,1,1,-1,-1,-1,1,-1,-1,1,-1,-1,-1,1,1,-1,-1,1,-1,-1,-1,1,-1,-1,-1,-1,1,-1,-1,1,1,-1,-1,1,1,1,-1,1,-1,-1,-1,-1,1,1,1,-1,1,-1,-1,-1,-1,1,-1,-1,-1,1,-1,1,-1,1,-1,-1,-1,1,-1,1,-1,-1,1,-1,1,-1,1,-1,1,1,-1,-1,1,1,1,1,1,-1,-1,1,1,-1,1,1,-1,-1,1,1,-1,1,1,-1,-1,1,1,-1,1,1,1,-1,1,1,-1,1,1,1,-1,1,1,-1,1,1,1,-1,1,1,-1,1,1,1,-1,-1,1,1,-1,1,1,-1,1,-1,1,-1,1,1,-1,1,1,1,1,1,1,-1,1,1,-1,1,1,-1,-1,1,1,-1,1,1,-1,1,-1,-1,1,1,1,-1,1,1,1,1,1,1,-1,1,1,-1,1,1,1,1,-1,1,-1,1,1,1,-1,-1,1,-1,-1,1,1,-1,1,1,-1,1,1,1,1,1,1,-1,-1,1,1,-1,-1,1,-1,1,1,-1,1,-1,1,-1,1,1,1,-1,1,1,-1,-1,1,-1,-1,1,1,-1,1,1,-1,1,1,1,-1,1,1,-1,1,1,-1,1,-1,-1,-1,1,1,-1,-1,1,1,-1,1,1,-1,-1,-1,1,-1,-1,1,1,1,-1,1,1,1,1,1,1,-1,-1,-1,-1,1,-1,1,-1,-1,-1,1,1,-1,1,1,-1,-1,1,1,1,1,-1,-1,-1,1,1,-1,1,1,-1,-1,1,1,-1,1,-1,-1,-1,1,1,1,1,-1,-1,-1,1,-1,1,1,-1,-1,1,-1,-1,1,1,-1,1,-1,1,1,-1,1,-1,1,1,1,-1,1,1,-1,-1,1,1,-1,1,-1,-1,-1,1,1,-1,1,-1,-1,1,-1,1,-1,1,-1,-1,1,-1,1,-1,1,1,-1,1,-1,1,1,1,1,-1,-1,1,1,-1,1,-1,-1,1,1,-1,-1,1,1,-1,1,-1,1,-1,1,-1,1,1,-1,1,1,1,-1,1,1,-1,1,-1,1,-1,-1,1,-1,1,1,1,1,-1,1,1,1,1,1,-1,-1,1,-1,-1,1,-1,1,-1,-1,1,-1,1,1,-1,-1,-1,1,-1,1,-1,1,-1,-1,1,-1,1,1,-1,-1,-1,1,-1,-1,1,1,-1,-1,1,-1,1,1,-1,1,-1,1,-1,-1,1,1,-1,-1,-1,-1,1,1,-1,-1,-1,1,-1,1,-1,1,-1,-1,-1,-1,1,-1,1,-1,-1,-1,-1,1,-1,-1,-1,-1,-1,-1,1,-1,1,-1,-1,-1,-1,1,-1,-1,1,-1,-1,-1,1,1,1,-1,-1,-1,-1,-1,1,1,-1,1,-1,-1,1,1,1,1,1,-1,-1,-1,1,1,-1,1,-1,1,-1,1,1,1,-1,1,1,-1,1,1,1,1,1,1,1,-1,-1,-1,1,-1,-1,1,-1,-1,1,1,-1,1,-1,-1,-1,1,1,-1,1,1,-1,-1,1,1,-1,1,1,-1,-1,-1,1,-1,-1,-1,-1,1,-1,1,-1,-1,-1,-1,-1,-1,1,-1,1,1,1,1,-1,1,-1,1,1,-1,1,-1,1,-1,-1,1,-1,1,-1,-1,1,1,1,1,1,1,-1,1,1,1,-1,1,-1,1,1,1,1,-1,-1,-1,1,1,1,1,-1,1,-1,1,-1,1,-1,1,1,-1,-1,1,1,1,-1,1,-1,-1,1,1,1,1,1,1,-1,1,1,1,1,1,1,-1,1,-1,1,-1,1,1,-1,1,1,1,1,1,1,-1,1,-1,1,1,1,1,-1,1,1,-1,1,1,1,1,1,1,1,1,1,1,-1,1,1,-1,1,1,-1,-1,1,1,1,1,1,-1,-1,1,-1,1,1,1,-1,-1,1,-1,1,-1,-1,1,-1,1,-1,1,-1,1,-1,-1,1,-1,1,1,1,-1,-1,1,-1,1,1,1,-1,-1,1,-1,1,-1,1,-1,-1,1,1,1,1,1,-1,1,1,-1,1,1,1,1,-1,1,-1,1,-1,1,-1,-1,1,1,-1,1,1,-1,1,-1,1,-1,1,1,1,-1,1,-1,-1,1,1,-1,1,1,-1,1,-1,-1,1,-1,1,1,-1,1,1,-1,1,1,1,-1,1,1,-1,-1,-1,1,1,1,1,-1,-1,1,1,-1,1,1,-1,-1,1,-1,1,1,1,-1,1,1,1,-1,1,1,-1,1,1,-1,1,1,1,-1,-1,1,-1,-1,1,-1,-1,-1,1,-1,1,1,-1,-1,-1,1,-1,1,1,1,-1,1,1,-1,1,1,1,-1,1,-1,1,1,1,-1,-1,1,-1,-1,1,1,1,1,-1,1,-1,1,1,1,-1,1,-1,-1,1,1,1,1,-1,1,-1,1,1,1,1,1,-1,-1,1,1,-1,1,1,-1,-1,-1,1,-1,1,-1,-1,-1,1,-1,1,1,1,-1,-1,-1,1,-1,1,1,-1,-1,1,1,-1,1,1,-1,1,1,1,-1,1,1,-1,1,-1,1,1,1,1,-1,1,-1,1,1,1,-1,1,-1,1,1,1,1,-1,-1,1,-1,1,1,-1,1,1,-1,-1,1,-1,1,1,-1,1,-1,1,-1,1,-1,-1,1,-1,1,-1,1,-1,1,-1,-1,-1,1,1,-1,-1,1,-1,-1,-1,1,1,-1,1,-1,-1,-1,1,1,-1,1,-1,-1,1,1,-1,-1,-1,1,-1,1,-1,-1,1,1,-1,1,1,-1,-1,1,-1,-1,-1,-1,1,-1,1,1,-1,1,-1,1,-1,-1,-1,1,-1,-1,-1,-1,-1,-1,-1,1,1,-1,1,1,-1,1,1,-1,-1,-1,1,-1,1,1,1,1,-1,1,-1,-1,-1,1,-1,-1,1,-1,1,1,1,-1,-1,1,-1,1,1,-1,-1,-1,1,-1,-1,1,1,-1,-1,-1,1,-1,1,-1,1,-1,1,-1,-1,1,-2660.0,1,2000,445,1500,True
2328,-1,-1,1,1,1,1,-1,1,-1,-1,-1,1,-1,1,-1,-1,1,-1,1,1,1,1,-1,-1,-1,1,-1,-1,1,-1,-1,-1,1,1,-1,1,1,-1,-1,-1,1,-1,1,-1,-1,-1,-1,-1,1,-1,1,-1,1,-1,1,-1,-1,1,-1,-1,-1,1,1,1,-1,1,-1,-1,-1,-1,1,-1,1,1,-1,-1,1,1,-1,-1,-1,1,1,-1,-1,-1,-1,1,-1,1,-1,-1,-1,1,-1,-1,-1,1,-1,1,1,1,-1,-1,1,-1,-1,1,1,-1,-1,1,-1,1,1,1,-1,-1,1,-1,-1,1,1,-1,-1,-1,-1,-1,1,1,-1,-1,1,-1,-1,1,1,-1,-1,1,-1,-1,1,1,1,-1,1,-1,-1,1,1,-1,-1,1,1,-1,1,1,1,-1,1,-1,-1,1,1,1,-1,1,-1,1,1,1,-1,-1,1,-1,1,1,1,-1,1,-1,1,1,1,1,-1,-1,-1,-1,1,1,1,-1,1,1,-1,1,1,1,1,-1,1,-1,-1,1,1,-1,-1,1,-1,1,-1,1,-1,-1,1,-1,1,1,1,1,-1,-1,-1,-1,1,1,-1,-1,1,-1,1,1,-1,1,-1,-1,-1,1,1,1,-1,1,-1,-1,1,1,1,-1,1,-1,-1,1,1,1,1,1,-1,-1,-1,-1,-1,1,-1,-1,1,-1,1,-1,1,-1,-1,-1,-1,1,1,1,-1,-1,-1,-1,-1,1,-1,1,-1,1,-1,-1,1,1,1,-1,1,-1,1,1,-1,1,-1,1,-1,1,1,1,-1,-1,1,1,-1,1,1,1,1,1,-1,-1,1,-1,1,-1,1,1,-1,1,1,1,-1,1,-1,-1,1,1,-1,1,1,-1,-1,1,1,-1,1,1,-1,-1,1,-1,1,-1,1,-1,1,-1,1,1,-1,1,-1,1,1,1,-1,1,1,-1,1,1,1,-1,1,-1,-1,1,1,1,-1,1,-1,-1,1,-1,1,1,1,-1,-1,1,-1,1,-1,1,1,-1,1,-1,1,-1,-1,1,-1,-1,1,1,-1,1,-1,-1,1,1,-1,-1,1,1,-1,1,-1,1,-1,1,-1,1,1,-1,1,-1,1,-1,1,1,-1,-1,1,1,-1,-1,1,-1,1,-1,-1,1,-1,1,1,-1,-1,1,-1,-1,1,-1,-1,1,-1,1,-1,-1,1,-1,-1,1,-1,-1,-1,1,-1,1,-1,1,-1,1,1,-1,-1,-1,-1,-1,-1,1,-1,-1,1,1,-1,-1,1,-1,1,-1,-1,1,-1,1,-1,-1,1,1,-1,-1,-1,-1,-1,-1,-1,-1,-1,1,-1,-1,1,1,-1,-1,-1,1,-1,1,1,-1,-1,-1,-1,-1,-1,-1,-1,-1,-1,1,-1,1,1,-1,-1,-1,-1,1,-1,-1,1,-1,-1,-1,1,-1,1,-1,-1,-1,-1,-1,-1,1,-1,1,-1,-1,1,-1,1,1,1,-1,-1,-1,-1,1,-1,1,-1,-1,-1,1,1,1,-1,1,1,-1,1,1,1,1,1,1,1,-1,1,1,1,-1,-1,1,-1,-1,1,1,-1,1,-1,-1,1,-1,1,-1,1,1,-1,1,1,1,-1,1,1,-1,-1,1,1,-1,-1,-1,-1,1,1,1,-1,-1,-1,-1,1,1,1,-1,1,1,1,-1,1,1,-1,1,1,-1,1,1,1,-1,-1,1,-1,-1,1,1,1,1,1,1,1,1,1,1,1,1,-1,1,1,-1,1,1,1,-1,1,1,-1,1,1,1,-1,1,1,1,-1,1,-1,1,-1,1,-1,1,1,1,-1,1,1,1,1,1,1,1,1,1,-1,1,1,1,1,1,1,-1,1,-1,1,-1,1,-1,1,1,1,1,1,1,1,-1,1,-1,1,1,1,1,-1,1,1,-1,1,1,-1,-1,1,1,1,1,1,1,-1,-1,1,-1,1,1,-1,1,-1,1,-1,1,1,-1,1,1,-1,1,1,1,-1,-1,1,-1,1,-1,-1,-1,1,-1,-1,1,-1,1,-1,-1,1,-1,1,1,1,-1,-1,1,-1,1,1,1,-1,-1,1,-1,1,-1,1,-1,-1,-1,-1,1,1,1,-1,1,1,-1,1,1,1,1,-1,-1,1,-1,1,1,-1,-1,-1,-1,-1,1,1,-1,1,-1,1,-1,1,1,1,-1,-1,-1,-1,1,-1,-1,-1,-1,-1,1,-1,-1,-1,-1,-1,1,-1,1,1,-1,-1,-1,1,-1,1,1,-1,-1,-1,1,1,1,1,-1,1,-1,1,-1,1,1,-1,-1,-1,-1,1,1,1,1,-1,-1,1,-1,1,1,-1,1,-1,-1,1,1,1,-1,-1,-1,-1,-1,1,-1,-1,-1,1,-1,1,1,1,1,-1,1,-1,1,1,1,-1,1,1,-1,1,1,-1,1,1,-1,1,1,1,1,-1,1,-1,-1,1,-1,1,1,-1,1,-1,1,1,1,-1,1,-1,-1,1,1,1,1,-1,1,-1,1,1,1,1,1,-1,-1,1,1,-1,1,1,-1,-1,1,1,-1,1,-1,-1,-1,1,-1,1,1,1,-1,1,1,1,-1,1,1,-1,-1,1,1,-1,1,1,-1,1,1,1,-1,1,1,-1,1,-1,1,1,1,1,-1,1,-1,1,1,1,-1,1,1,1,1,1,1,1,1,-1,1,1,1,-1,1,1,1,1,-1,-1,1,1,-1,1,1,1,-1,1,1,1,1,-1,1,-1,1,1,1,-1,1,1,1,1,-1,1,1,1,-1,-1,1,-1,1,-1,1,-1,-1,1,1,-1,-1,-1,1,1,-1,1,1,-1,-1,1,1,1,-1,1,1,1,1,1,-1,1,1,1,1,1,-1,-1,1,-1,-1,1,1,1,-1,1,1,-1,-1,-1,-1,-1,1,1,-1,1,1,1,-1,1,1,-1,-1,1,-1,-1,1,1,-1,1,1,1,-1,1,1,-1,1,1,1,-1,-1,1,-1,1,1,1,-1,-1,1,-1,1,-1,-1,-1,-1,1,-1,-1,1,1,-1,1,1,-1,1,1,-1,1,-1,1,1,-1,1,-2660.0,1,2000,445,1500,True
2329,1,1,-1,-1,1,1,-1,1,1,1,1,-1,-1,1,1,1,-1,1,-1,-1,-1,1,1,1,1,1,-1,-1,1,1,1,1,-1,-1,-1,1,-1,1,1,1,-1,-1,1,1,1,1,1,1,-1,-1,1,1,1,1,-1,-1,-1,-1,1,1,1,-1,-1,-1,1,1,1,1,1,-1,1,-1,1,1,1,1,-1,1,-1,1,1,1,1,-1,-1,1,1,1,1,-1,1,1,-1,1,1,1,1,-1,-1,-1,1,1,1,1,1,-1,-1,1,1,1,1,-1,-1,-1,1,1,1,1,1,-1,-1,1,1,1,1,-1,-1,-1,1,1,1,1,1,-1,-1,1,1,1,1,1,-1,-1,-1,1,1,1,1,-1,-1,-1,1,1,1,1,1,-1,-1,1,1,1,1,1,-1,-1,1,1,1,1,1,-1,1,1,1,1,1,-1,-1,1,1,1,1,-1,1,-1,1,1,1,1,1,-1,-1,-1,1,1,1,1,1,-1,-1,1,-1,1,1,1,-1,-1,1,1,1,1,1,-1,1,1,-1,1,1,1,-1,1,1,1,1,1,1,1,-1,1,-1,1,-1,1,-1,-1,1,1,1,1,1,-1,-1,1,-1,-1,1,1,1,-1,1,1,-1,1,1,-1,1,1,-1,-1,1,1,-1,-1,1,-1,1,-1,1,1,1,1,-1,1,-1,1,1,1,1,-1,1,-1,1,1,1,1,-1,-1,1,1,1,1,1,1,-1,1,1,-1,-1,1,1,1,-1,1,1,1,1,-1,1,-1,1,1,1,-1,1,1,1,1,1,1,1,-1,-1,1,1,-1,1,1,1,1,-1,1,1,1,1,1,1,1,1,1,1,1,1,-1,1,1,1,1,1,1,-1,1,1,1,-1,1,1,1,-1,1,1,-1,1,1,-1,1,1,-1,1,1,1,-1,1,1,1,-1,1,1,-1,1,1,1,-1,1,1,-1,1,1,1,1,-1,1,-1,1,-1,1,-1,1,1,1,-1,-1,1,1,-1,1,-1,1,1,1,-1,-1,-1,-1,1,1,1,-1,1,1,-1,1,1,-1,1,1,1,1,1,1,-1,-1,1,1,-1,1,1,1,1,-1,1,1,1,-1,1,-1,1,-1,1,-1,1,1,-1,-1,-1,1,-1,1,1,-1,1,-1,1,-1,1,1,1,-1,-1,1,-1,-1,1,-1,1,-1,1,1,-1,-1,1,1,-1,-1,1,-1,1,1,-1,-1,1,1,1,1,1,-1,-1,-1,1,-1,1,-1,-1,-1,1,1,1,1,-1,1,-1,1,-1,1,1,-1,-1,1,1,-1,1,1,-1,-1,-1,1,-1,1,1,-1,-1,-1,1,-1,-1,1,1,-1,-1,1,-1,1,-1,1,-1,-1,1,1,-1,-1,1,-1,-1,1,-1,1,-1,1,-1,-1,1,-1,-1,1,1,-1,-1,-1,1,-1,1,1,-1,-1,1,1,-1,-1,1,1,1,-1,1,-1,1,-1,1,1,1,-1,1,1,-1,-1,1,1,1,1,-1,-1,1,-1,1,1,1,-1,-1,-1,-1,-1,1,1,1,-1,-1,-1,1,1,-1,1,-1,-1,-1,1,1,-1,1,-1,-1,-1,1,1,-1,1,-1,-1,-1,-1,1,1,1,-1,1,-1,-1,1,-1,1,-1,-1,1,1,-1,-1,1,1,-1,-1,-1,-1,-1,1,1,-1,-1,-1,1,-1,1,1,-1,-1,1,-1,1,1,-1,-1,-1,-1,-1,1,1,-1,1,-1,-1,1,1,1,1,-1,-1,-1,-1,-1,1,-1,1,-1,-1,1,-1,1,1,-1,1,-1,-1,1,1,1,-1,1,-1,1,-1,1,1,-1,-1,-1,-1,-1,1,1,-1,1,-1,1,-1,1,1,-1,-1,1,-1,-1,1,1,-1,-1,-1,1,-1,1,1,1,-1,1,-1,-1,1,-1,1,-1,1,-1,-1,1,-1,-1,1,-1,1,-1,1,1,-1,1,-1,1,-1,1,-1,1,-1,1,-1,-1,1,1,-1,1,-1,-1,-1,-1,1,-1,1,-1,1,-1,-1,1,-1,1,1,-1,-1,-1,-1,1,1,1,1,-1,-1,1,-1,-1,1,1,-1,-1,-1,-1,1,-1,1,-1,-1,1,1,-1,1,1,-1,-1,1,-1,-1,1,1,-1,-1,-1,-1,1,-1,1,-1,-1,-1,-1,-1,1,-1,-1,1,-1,-1,1,-1,1,-1,-1,-1,-1,-1,1,1,1,-1,-1,-1,1,1,1,-1,-1,-1,1,-1,-1,1,1,-1,-1,-1,1,1,1,-1,-1,-1,-1,1,-1,1,-1,-1,1,-1,-1,1,1,-1,-1,-1,-1,-1,-1,1,1,-1,-1,1,-1,1,1,-1,-1,-1,1,-1,1,1,-1,-1,1,-1,-1,1,1,1,-1,1,-1,1,1,1,-1,-1,1,-1,-1,1,-1,-1,-1,1,-1,-1,1,1,-1,1,1,-1,-1,1,1,-1,-1,1,-1,-1,1,1,-1,-1,1,-1,-1,1,1,1,-1,-1,1,-1,1,1,-1,-1,1,-1,-1,1,-1,1,-1,-1,1,-1,-1,1,1,-1,-1,1,-1,1,-1,1,-1,-1,1,-1,1,1,1,-1,-1,1,1,-1,-1,-1,-1,1,-1,1,-1,1,-1,-1,1,1,-1,1,-1,1,-1,1,1,1,-1,1,-1,1,-1,1,-1,-1,1,1,-1,1,-1,1,-1,-1,1,-1,-1,-1,1,-1,1,1,-1,-1,1,-1,-1,-1,1,-1,1,-1,1,-1,-1,1,-1,1,-1,1,-1,-1,1,-1,-1,1,-1,-1,-1,1,-1,-1,-1,-1,1,-1,1,1,-1,1,1,-1,1,1,-1,-1,1,1,-1,-1,1,-1,-1,1,1,-1,1,1,-1,-1,-1,-1,1,-1,-1,-1,-1,-1,1,-1,1,1,-1,1,1,-1,1,1,1,1,-1,1,-1,1,1,1,-1,-1,1,-1,-1,1,1,-1,-1,1,-1,1,1,1,-1,-1,1,-1,1,1,1,1,-1,1,-1,-1,1,1,1,-1,-1,1,-1,1,-1,1,-1,1,-1,1,1,-2660.0,1,2000,445,1000,True
2330,-1,-1,1,1,1,1,-1,1,-1,-1,-1,-1,-1,1,-1,-1,1,-1,1,-1,-1,1,-1,-1,-1,1,-1,-1,-1,-1,-1,-1,1,-1,-1,1,1,-1,-1,1,-1,-1,1,-1,-1,-1,-1,-1,1,-1,1,-1,1,1,-1,-1,-1,1,-1,-1,1,-1,-1,1,-1,-1,-1,-1,-1,-1,1,-1,-1,-1,1,-1,-1,1,-1,-1,-1,-1,-1,-1,-1,-1,-1,1,-1,-1,-1,-1,-1,-1,1,-1,-1,1,-1,1,-1,1,-1,-1,1,-1,-1,-1,1,-1,-1,1,-1,1,-1,1,-1,-1,1,-1,-1,-1,1,1,-1,-1,-1,-1,-1,1,1,-1,1,-1,-1,1,1,1,-1,-1,-1,-1,1,1,1,-1,1,-1,-1,-1,1,1,-1,-1,1,-1,1,1,1,-1,1,-1,-1,-1,1,1,-1,1,1,-1,1,1,-1,-1,1,-1,-1,-1,1,-1,1,-1,1,-1,1,1,-1,1,1,-1,-1,1,1,1,1,1,1,-1,1,1,-1,1,1,1,-1,1,1,1,-1,1,1,-1,1,1,-1,1,1,1,1,1,1,1,1,1,1,1,-1,1,-1,-1,1,1,-1,1,-1,1,-1,1,1,1,1,1,-1,1,1,1,1,1,-1,1,-1,1,1,1,1,1,-1,1,1,1,1,-1,1,-1,1,-1,1,-1,-1,1,-1,1,-1,1,1,-1,1,-1,1,-1,1,-1,1,1,-1,-1,1,1,1,1,1,1,-1,1,1,1,-1,-1,1,-1,-1,1,-1,-1,-1,-1,1,-1,1,1,1,-1,1,-1,-1,1,-1,-1,-1,-1,1,-1,-1,1,-1,-1,1,1,-1,1,-1,-1,-1,1,-1,-1,1,-1,-1,1,1,1,-1,1,-1,-1,1,1,-1,1,1,-1,1,-1,1,-1,-1,1,-1,1,1,1,1,1,1,-1,-1,1,1,1,1,-1,-1,-1,1,1,1,1,-1,-1,1,-1,1,1,1,-1,-1,1,-1,1,-1,1,1,-1,1,-1,1,1,1,1,-1,-1,1,1,1,-1,-1,-1,1,1,-1,-1,1,1,-1,1,-1,1,-1,1,-1,1,1,-1,1,1,1,-1,1,1,-1,1,-1,1,-1,-1,1,-1,1,1,1,1,-1,1,1,-1,1,1,-1,-1,1,-1,-1,1,-1,1,-1,-1,1,-1,-1,1,-1,-1,-1,1,-1,1,-1,1,-1,1,-1,-1,1,-1,-1,-1,-1,1,-1,-1,1,1,-1,-1,1,-1,1,1,-1,1,-1,1,-1,1,-1,1,-1,-1,-1,-1,-1,-1,-1,1,-1,1,-1,1,-1,1,-1,-1,-1,1,1,-1,1,-1,-1,-1,-1,1,-1,-1,1,-1,-1,1,-1,1,1,1,1,-1,-1,1,-1,-1,1,-1,-1,-1,-1,-1,1,-1,1,-1,-1,-1,-1,1,-1,1,-1,-1,1,-1,1,1,1,-1,-1,-1,1,1,-1,1,-1,1,-1,1,1,1,-1,1,1,-1,1,1,1,1,1,-1,1,-1,1,1,-1,1,-1,1,-1,-1,1,-1,-1,1,-1,-1,1,-1,-1,-1,1,1,-1,1,1,-1,-1,1,1,-1,-1,1,-1,-1,-1,-1,-1,1,1,-1,-1,-1,-1,-1,1,1,-1,-1,1,1,1,-1,1,-1,-1,1,1,-1,1,1,-1,-1,-1,1,-1,-1,1,1,-1,1,1,1,1,1,-1,1,1,1,-1,1,1,1,-1,1,1,-1,1,1,-1,1,1,1,-1,1,1,-1,-1,1,-1,1,-1,1,-1,1,1,-1,-1,1,1,-1,1,1,1,1,1,1,1,1,1,1,1,1,1,-1,1,-1,1,-1,1,1,1,1,1,1,1,1,1,-1,1,-1,1,-1,1,1,1,-1,1,-1,1,1,1,1,1,1,1,1,1,1,-1,1,1,-1,-1,1,-1,-1,1,1,1,-1,1,1,-1,1,-1,-1,1,1,-1,-1,1,-1,1,-1,1,1,-1,1,-1,1,-1,1,-1,1,1,-1,1,1,1,1,-1,1,-1,1,-1,1,1,-1,1,-1,1,-1,1,1,-1,1,1,1,1,1,-1,1,1,-1,1,1,1,1,-1,1,-1,1,-1,1,1,-1,1,1,-1,1,1,-1,1,1,1,-1,1,1,1,-1,1,-1,-1,1,1,-1,1,1,-1,1,-1,1,-1,-1,1,1,-1,1,1,-1,-1,1,1,-1,1,1,-1,-1,-1,1,1,1,1,-1,1,1,1,-1,1,1,-1,-1,1,-1,1,1,1,-1,-1,-1,1,-1,1,1,-1,1,-1,-1,1,1,1,-1,-1,-1,-1,-1,1,-1,-1,-1,1,-1,1,1,-1,-1,-1,1,-1,1,1,1,-1,1,-1,-1,1,1,1,-1,1,-1,1,1,1,-1,-1,1,-1,-1,1,1,1,-1,1,-1,-1,1,1,1,1,1,-1,-1,1,1,-1,1,1,-1,-1,1,1,1,1,1,-1,-1,1,1,1,1,1,1,-1,1,1,-1,1,1,-1,-1,1,-1,1,1,1,1,-1,-1,1,-1,1,1,1,-1,1,1,1,1,-1,1,-1,1,1,1,1,1,1,-1,-1,1,1,1,1,-1,1,-1,1,1,1,1,-1,1,-1,1,1,1,-1,-1,1,-1,1,1,-1,1,-1,-1,-1,1,1,1,-1,1,-1,-1,1,1,1,-1,-1,-1,-1,1,1,1,-1,-1,-1,-1,-1,1,1,-1,1,-1,-1,-1,1,1,-1,-1,1,-1,1,1,1,1,1,1,-1,-1,1,1,-1,-1,1,1,1,1,1,-1,1,-1,-1,1,1,-1,-1,1,-1,-1,-1,1,1,-1,1,1,1,1,1,-1,-1,-1,-1,1,-1,-1,-1,-1,1,-1,1,1,1,-1,1,1,-1,1,1,1,1,-1,1,-1,1,1,1,1,-1,1,-1,1,1,1,1,-1,1,-1,1,1,1,1,-1,1,-1,1,1,1,-1,-1,1,-1,-1,1,1,-1,-1,-1,1,-1,1,1,1,-1,1,-1,-1,1,-2660.0,1,2000,445,1500,True
2331,1,1,-1,-1,1,1,-1,1,1,1,1,-1,1,1,1,1,-1,1,-1,-1,-1,1,1,1,1,-1,-1,-1,1,1,1,1,1,-1,-1,1,-1,1,1,-1,-1,-1,1,1,1,1,-1,-1,1,-1,1,1,1,1,-1,-1,1,-1,1,1,-1,-1,-1,1,1,1,1,-1,-1,-1,1,-1,1,1,1,-1,-1,1,-1,1,1,-1,-1,-1,-1,1,1,1,-1,-1,-1,1,-1,1,1,-1,-1,1,-1,1,1,1,-1,-1,1,-1,-1,1,1,-1,-1,1,-1,-1,1,1,-1,-1,1,-1,-1,1,1,1,-1,-1,-1,-1,1,1,1,-1,1,-1,-1,1,1,1,-1,-1,-1,-1,1,1,1,-1,1,-1,-1,-1,1,1,-1,-1,1,-1,1,1,1,-1,1,-1,-1,-1,1,1,-1,1,1,-1,1,1,-1,-1,1,-1,-1,1,1,-1,1,-1,1,-1,1,1,-1,1,1,-1,-1,-1,1,-1,1,1,1,-1,1,1,1,-1,1,1,-1,1,1,-1,-1,1,1,-1,1,1,-1,1,1,1,1,1,1,1,1,1,1,1,1,1,-1,-1,1,1,-1,1,-1,1,-1,1,1,1,1,1,-1,1,1,1,1,1,-1,-1,1,1,1,1,1,1,1,1,1,1,1,1,-1,1,1,-1,1,-1,-1,-1,1,1,-1,1,1,1,1,1,1,-1,1,-1,1,1,-1,1,1,1,1,1,1,1,1,1,1,1,-1,-1,1,1,-1,1,-1,-1,-1,1,1,-1,1,1,1,-1,1,1,1,1,-1,-1,-1,-1,1,-1,-1,1,-1,-1,1,1,-1,1,-1,1,-1,1,1,-1,1,-1,-1,1,1,1,-1,1,-1,-1,1,1,-1,1,1,-1,1,-1,1,-1,1,1,-1,1,1,1,1,1,1,-1,-1,1,1,1,1,-1,-1,-1,1,1,1,1,-1,-1,1,-1,1,1,1,-1,-1,1,-1,1,-1,1,1,-1,1,-1,1,1,1,1,-1,-1,1,1,1,-1,-1,-1,1,1,-1,-1,1,1,-1,1,-1,1,-1,1,-1,1,1,-1,1,1,1,-1,1,1,-1,1,-1,1,-1,-1,1,-1,1,1,1,1,-1,1,1,-1,1,1,-1,-1,1,-1,-1,1,-1,1,-1,-1,1,-1,1,1,-1,-1,-1,1,-1,1,-1,1,-1,-1,1,-1,1,-1,-1,-1,-1,1,-1,-1,1,1,-1,-1,1,-1,1,1,-1,1,-1,1,-1,1,-1,1,-1,-1,-1,-1,1,-1,-1,1,-1,1,-1,1,-1,1,-1,-1,-1,1,1,-1,1,-1,-1,-1,-1,1,-1,-1,-1,-1,-1,1,-1,1,1,-1,1,-1,-1,1,-1,-1,1,-1,-1,-1,1,-1,1,-1,1,-1,-1,-1,-1,1,-1,1,-1,-1,1,-1,1,1,1,-1,-1,-1,1,1,-1,1,-1,-1,-1,1,1,1,-1,1,1,-1,1,1,1,1,1,1,1,-1,1,1,-1,1,-1,1,1,-1,1,-1,-1,1,-1,-1,1,-1,-1,-1,1,1,-1,1,1,-1,-1,1,1,-1,-1,1,-1,-1,-1,-1,-1,-1,1,-1,-1,-1,-1,-1,-1,1,-1,-1,1,1,1,1,1,-1,-1,1,1,-1,-1,1,-1,-1,-1,1,-1,-1,1,1,-1,1,1,1,-1,1,-1,1,1,1,-1,-1,1,1,-1,1,1,-1,1,1,-1,1,1,1,-1,1,1,-1,-1,1,-1,1,1,1,-1,1,1,1,-1,-1,1,-1,1,1,1,1,-1,1,1,1,1,1,1,1,1,-1,1,-1,1,-1,-1,1,1,1,1,1,1,-1,1,-1,1,-1,1,1,-1,1,1,-1,1,-1,1,-1,1,1,1,1,1,1,-1,1,-1,1,1,-1,-1,-1,-1,-1,1,1,1,-1,-1,1,-1,1,-1,1,1,-1,-1,-1,1,-1,1,-1,-1,1,-1,1,-1,1,-1,-1,1,-1,1,-1,1,-1,-1,-1,-1,1,-1,1,-1,-1,-1,-1,1,-1,1,-1,-1,-1,-1,1,1,1,1,-1,-1,1,1,-1,1,1,-1,-1,-1,1,-1,1,-1,-1,-1,-1,1,1,-1,1,-1,-1,1,1,1,-1,1,-1,-1,-1,1,-1,-1,1,-1,-1,1,1,-1,1,-1,-1,1,-1,1,1,-1,1,-1,-1,-1,1,1,-1,1,1,-1,-1,-1,1,1,1,-1,-1,1,1,1,-1,1,1,-1,-1,1,-1,1,1,1,-1,-1,-1,1,-1,1,-1,-1,1,-1,-1,1,1,1,-1,-1,-1,-1,-1,1,1,-1,-1,1,-1,1,1,-1,-1,-1,1,-1,1,1,1,-1,1,1,-1,1,1,1,-1,1,-1,1,1,1,-1,-1,1,-1,-1,1,-1,1,1,-1,-1,-1,1,1,1,-1,1,-1,-1,1,1,1,1,-1,-1,-1,1,1,1,1,1,-1,-1,1,1,1,1,1,-1,-1,1,1,1,1,-1,-1,-1,1,-1,1,1,1,-1,-1,-1,1,-1,1,1,-1,-1,1,1,1,1,1,-1,-1,1,1,1,1,1,-1,-1,-1,-1,1,1,1,-1,1,-1,1,1,1,-1,-1,1,-1,1,1,1,-1,-1,1,-1,1,1,-1,1,-1,-1,-1,1,1,1,1,-1,-1,-1,1,1,1,-1,-1,-1,-1,1,1,1,-1,1,-1,-1,-1,1,1,-1,1,-1,-1,-1,1,1,1,-1,1,-1,1,1,1,1,-1,1,-1,-1,1,1,-1,-1,1,1,1,1,1,-1,1,-1,-1,1,1,-1,-1,1,-1,-1,-1,1,1,-1,1,-1,1,1,1,-1,-1,-1,-1,-1,-1,-1,-1,-1,1,-1,1,1,1,-1,1,1,-1,1,1,1,1,-1,1,-1,1,1,1,1,-1,1,-1,1,1,1,1,-1,1,-1,1,1,1,1,-1,1,-1,1,1,1,-1,-1,1,-1,-1,1,1,-1,-1,-1,1,-1,1,1,1,-1,1,-1,-1,1,-2660.0,1,2000,445,1500,True
2332,1,1,-1,-1,1,1,-1,1,1,1,1,-1,-1,1,1,1,-1,1,-1,-1,-1,1,1,1,1,1,-1,-1,1,1,1,1,-1,-1,-1,1,-1,1,1,1,-1,-1,1,1,1,1,1,1,-1,-1,1,1,-1,1,-1,-1,1,-1,1,1,1,-1,-1,-1,1,1,1,1,1,-1,1,-1,1,1,1,1,-1,1,-1,1,1,1,1,-1,-1,1,1,1,1,1,1,1,-1,1,1,1,-1,-1,-1,1,1,1,1,1,-1,-1,-1,1,1,1,1,-1,-1,-1,1,1,1,1,1,-1,-1,1,1,1,1,-1,-1,-1,1,1,1,1,-1,-1,-1,1,1,1,1,-1,-1,-1,1,1,1,1,1,-1,-1,-1,1,1,1,-1,1,-1,1,-1,1,1,-1,-1,-1,-1,1,-1,1,-1,1,-1,-1,-1,1,1,-1,-1,-1,1,1,1,-1,1,1,-1,-1,-1,1,-1,-1,-1,-1,-1,-1,1,-1,-1,1,-1,-1,-1,1,-1,-1,1,-1,-1,1,1,1,-1,1,-1,1,-1,1,-1,-1,1,-1,1,-1,1,1,-1,1,1,-1,-1,-1,1,-1,1,1,-1,-1,1,1,-1,1,-1,-1,-1,1,-1,-1,1,1,-1,-1,-1,1,-1,1,-1,-1,-1,1,-1,-1,1,-1,1,-1,1,1,-1,1,1,-1,-1,1,-1,1,1,1,-1,-1,1,-1,1,1,1,1,-1,-1,1,-1,1,1,1,-1,1,1,-1,1,-1,-1,-1,1,1,1,1,1,-1,-1,1,1,-1,1,1,1,-1,1,1,1,1,1,1,-1,1,-1,1,1,-1,1,-1,1,-1,1,1,1,1,-1,1,-1,1,1,1,-1,-1,1,1,-1,1,1,-1,1,1,-1,1,1,1,-1,1,1,1,-1,1,1,1,1,1,-1,1,1,1,1,1,1,-1,1,-1,1,-1,1,1,-1,1,-1,1,1,-1,1,-1,1,-1,1,1,-1,1,-1,1,1,-1,1,-1,1,-1,-1,1,-1,1,-1,1,-1,1,-1,-1,1,1,-1,-1,1,1,-1,1,-1,1,-1,1,-1,1,1,-1,1,1,1,1,-1,1,-1,1,-1,1,-1,-1,1,-1,1,1,-1,1,-1,1,1,-1,1,-1,-1,-1,1,-1,-1,1,-1,1,-1,-1,1,-1,1,-1,-1,-1,-1,1,-1,1,-1,1,-1,-1,1,-1,1,-1,-1,-1,-1,1,-1,-1,1,1,-1,-1,1,-1,1,1,-1,1,-1,1,-1,1,-1,1,-1,-1,-1,-1,1,-1,-1,1,-1,1,-1,1,-1,1,-1,-1,-1,1,1,1,1,-1,-1,-1,-1,1,-1,-1,-1,-1,-1,1,-1,1,1,-1,1,-1,-1,1,-1,-1,1,-1,-1,-1,1,-1,1,-1,1,-1,-1,1,-1,1,-1,1,-1,-1,1,-1,1,1,1,-1,-1,-1,1,1,-1,1,-1,-1,-1,1,1,1,-1,1,1,-1,1,1,1,1,1,-1,1,-1,1,1,-1,1,-1,1,-1,-1,1,-1,-1,1,-1,-1,1,-1,-1,-1,1,1,-1,-1,1,-1,-1,1,1,-1,-1,1,-1,-1,-1,-1,-1,-1,1,-1,-1,-1,-1,-1,-1,1,-1,-1,1,1,1,1,1,-1,1,-1,1,-1,-1,1,-1,1,-1,1,-1,-1,1,1,-1,1,1,1,-1,1,1,-1,-1,1,-1,-1,1,1,-1,-1,1,-1,1,1,-1,-1,1,1,-1,1,1,-1,1,1,-1,1,1,1,1,-1,1,1,-1,-1,1,1,-1,1,1,1,-1,1,1,-1,-1,1,1,1,1,1,-1,1,1,-1,-1,1,1,-1,-1,1,1,-1,1,1,-1,-1,1,1,-1,1,1,1,-1,-1,1,-1,1,1,-1,-1,1,1,-1,1,1,1,-1,1,-1,-1,-1,-1,1,-1,1,-1,-1,1,-1,-1,1,-1,1,-1,1,1,-1,-1,1,-1,-1,1,-1,1,-1,1,-1,-1,1,1,-1,-1,1,1,-1,-1,1,1,-1,1,-1,-1,-1,1,-1,-1,1,-1,-1,-1,1,1,1,1,1,-1,-1,1,1,-1,1,1,-1,-1,1,1,-1,1,-1,-1,-1,1,1,1,-1,1,-1,-1,1,1,1,-1,1,-1,-1,1,1,-1,-1,1,-1,-1,1,1,-1,1,-1,-1,1,1,1,1,-1,1,-1,1,1,1,1,-1,1,1,1,1,1,1,1,1,-1,-1,1,1,1,-1,1,-1,1,1,1,-1,1,1,-1,1,1,1,1,-1,1,1,-1,1,1,-1,1,1,-1,-1,1,1,-1,-1,1,1,-1,1,1,-1,1,1,-1,-1,-1,1,-1,1,1,-1,-1,1,-1,-1,1,1,1,-1,1,-1,1,1,1,-1,1,1,-1,-1,1,1,-1,-1,-1,-1,-1,1,1,-1,1,-1,-1,-1,1,1,-1,-1,1,-1,-1,1,1,-1,-1,-1,-1,-1,1,1,1,-1,-1,1,-1,1,1,-1,-1,-1,-1,-1,1,-1,1,-1,-1,-1,1,1,1,1,-1,-1,1,-1,1,1,1,-1,1,-1,1,1,1,1,-1,-1,-1,1,-1,-1,-1,-1,-1,-1,1,-1,1,-1,-1,-1,-1,1,-1,1,1,-1,1,1,1,-1,1,-1,1,-1,1,-1,-1,1,1,-1,1,1,1,-1,1,1,-1,1,-1,1,-1,1,1,-1,1,1,-1,-1,-1,1,-1,1,-1,1,-1,-1,1,1,1,-1,1,-1,1,1,-1,-1,1,-1,-1,-1,1,-1,1,1,-1,1,1,1,1,1,-1,1,-1,1,1,1,1,-1,1,-1,-1,1,-1,1,-1,1,1,1,1,-1,1,1,-1,-1,-1,1,1,1,-1,1,1,1,1,1,1,-1,-1,1,1,1,1,1,-1,-1,1,1,1,1,1,1,-1,1,1,1,1,1,1,-1,1,1,1,1,1,-1,-1,1,-1,1,1,1,1,-1,1,1,1,1,1,-1,1,-1,1,1,-1,1,1,-1,1,1,-2660.0,1,2000,445,500,True
2333,-1,-1,1,1,1,1,-1,1,-1,-1,-1,1,-1,1,-1,-1,1,-1,1,1,-1,1,-1,-1,-1,1,-1,-1,-1,-1,-1,-1,1,1,-1,1,1,-1,-1,-1,1,-1,1,-1,-1,-1,-1,-1,1,-1,-1,-1,1,-1,1,-1,-1,1,-1,-1,-1,1,1,1,-1,-1,-1,-1,-1,-1,1,-1,-1,-1,-1,-1,-1,1,-1,-1,-1,1,1,-1,-1,-1,-1,-1,-1,1,1,-1,-1,-1,-1,-1,-1,1,-1,1,-1,-1,-1,-1,-1,-1,-1,-1,-1,-1,-1,1,-1,-1,-1,-1,-1,-1,1,-1,-1,-1,-1,-1,-1,1,-1,-1,1,-1,-1,-1,-1,-1,-1,1,-1,-1,-1,-1,-1,-1,1,-1,-1,-1,1,-1,-1,-1,-1,-1,-1,-1,1,-1,-1,1,-1,-1,-1,-1,-1,-1,-1,-1,1,-1,1,-1,-1,-1,-1,-1,-1,-1,-1,1,-1,-1,-1,1,1,-1,-1,-1,-1,-1,-1,-1,-1,1,-1,-1,-1,-1,1,-1,1,-1,-1,1,-1,1,-1,1,-1,-1,-1,-1,1,-1,1,-1,-1,-1,-1,1,1,1,-1,1,-1,-1,1,1,-1,1,-1,-1,-1,1,-1,1,-1,1,-1,-1,1,1,1,-1,1,1,-1,1,1,1,-1,-1,1,-1,1,1,-1,1,1,-1,-1,1,1,1,-1,1,-1,-1,1,-1,-1,-1,1,-1,1,1,1,-1,-1,1,-1,1,1,-1,1,-1,1,-1,-1,1,1,1,-1,1,1,-1,1,1,-1,-1,-1,1,1,1,-1,-1,-1,1,1,-1,1,1,1,-1,-1,1,1,1,-1,-1,-1,1,1,1,-1,1,-1,-1,1,-1,1,1,-1,-1,-1,1,-1,1,1,-1,-1,-1,1,1,-1,1,-1,-1,1,-1,-1,1,1,-1,-1,1,1,1,-1,1,-1,1,1,1,-1,1,1,-1,-1,1,1,-1,1,-1,-1,-1,1,1,-1,1,-1,-1,-1,1,1,1,1,-1,-1,1,1,1,-1,1,1,-1,-1,1,1,-1,-1,1,-1,-1,-1,1,-1,1,-1,1,-1,-1,-1,-1,1,1,-1,-1,1,1,-1,1,1,-1,-1,1,1,-1,1,1,-1,1,1,-1,1,1,-1,-1,-1,-1,1,1,1,1,-1,-1,1,-1,-1,1,-1,-1,-1,1,-1,1,-1,-1,-1,-1,1,-1,-1,1,1,-1,1,1,-1,1,-1,1,-1,-1,1,-1,1,-1,1,-1,-1,1,-1,-1,1,1,-1,-1,1,-1,1,1,1,1,-1,1,-1,1,-1,1,-1,-1,1,-1,-1,-1,1,-1,1,1,-1,1,-1,1,-1,1,-1,1,1,-1,1,-1,1,-1,-1,-1,-1,-1,-1,1,-1,1,-1,-1,1,-1,1,-1,-1,1,-1,-1,1,-1,1,-1,-1,1,1,-1,1,1,-1,-1,1,1,-1,1,-1,-1,1,-1,-1,1,1,1,-1,-1,-1,1,-1,1,1,1,-1,-1,1,1,-1,1,1,-1,1,1,1,1,1,-1,1,-1,1,1,-1,1,-1,-1,1,-1,1,-1,-1,1,-1,-1,1,-1,-1,-1,1,1,-1,1,1,-1,-1,1,-1,-1,-1,1,-1,-1,-1,1,1,1,1,-1,-1,-1,-1,-1,1,1,-1,-1,1,1,1,-1,1,-1,-1,-1,1,-1,1,1,-1,-1,-1,-1,-1,-1,1,1,-1,1,-1,1,1,1,-1,1,1,1,-1,1,1,1,-1,1,1,-1,1,1,-1,1,1,1,-1,1,1,-1,-1,1,-1,1,1,1,-1,1,1,1,-1,1,1,-1,1,1,1,1,1,1,1,1,1,1,1,1,1,-1,1,1,1,-1,1,1,1,1,1,1,1,1,1,-1,1,1,1,1,1,1,1,-1,1,-1,1,1,1,1,1,1,1,1,1,1,-1,1,1,1,-1,1,-1,-1,1,1,1,-1,1,1,-1,1,1,1,1,1,-1,-1,1,1,1,-1,1,1,-1,1,1,-1,-1,1,-1,1,1,1,1,-1,1,1,-1,1,1,1,-1,1,1,-1,1,1,1,-1,1,1,-1,1,1,-1,-1,1,-1,1,1,-1,-1,-1,1,1,-1,1,-1,-1,-1,1,1,-1,1,1,1,-1,1,1,-1,1,1,1,-1,1,1,1,1,-1,1,-1,1,1,1,1,1,-1,-1,1,1,1,1,-1,-1,1,1,1,1,1,-1,-1,-1,1,1,1,1,-1,1,-1,1,1,1,1,-1,-1,-1,1,-1,1,1,-1,1,1,1,1,1,1,1,-1,1,1,1,1,1,-1,1,1,1,1,1,1,-1,-1,1,-1,1,1,1,-1,1,1,1,1,1,-1,-1,1,1,1,1,1,1,-1,1,1,-1,1,1,-1,1,1,1,1,1,1,-1,-1,1,1,1,1,-1,1,-1,1,1,1,1,-1,-1,-1,1,1,1,1,-1,1,-1,1,1,1,1,1,-1,-1,1,1,-1,1,1,-1,-1,1,1,-1,1,-1,-1,-1,1,-1,1,1,1,-1,1,1,1,-1,1,1,-1,-1,1,1,-1,1,1,-1,1,1,1,-1,1,1,-1,1,-1,1,1,1,1,-1,1,-1,1,1,1,-1,-1,1,-1,1,1,1,1,1,-1,-1,1,1,-1,1,1,1,1,1,-1,1,-1,1,1,-1,1,-1,1,1,-1,1,-1,1,-1,1,1,1,-1,-1,-1,1,1,1,-1,1,-1,1,-1,1,-1,1,1,-1,1,-1,1,1,1,-1,-1,1,1,1,1,1,-1,-1,1,1,1,1,-1,1,1,-1,1,1,1,-1,1,-1,1,-1,1,1,-1,-1,1,1,-1,1,1,1,-1,1,1,1,1,1,-1,-1,1,-1,1,-1,1,-1,-1,1,1,1,1,1,-1,-1,1,1,1,1,1,1,-1,1,-1,1,1,1,1,-1,1,1,1,1,1,-1,-1,1,1,1,-1,1,1,-1,-1,1,1,-1,1,-1,1,-1,1,1,-1,1,1,-1,-1,1,-2660.0,1,2000,445,500,True
2334,-1,-1,1,1,1,1,-1,1,-1,-1,-1,1,-1,1,-1,-1,1,-1,1,1,1,1,-1,-1,-1,1,-1,-1,1,-1,-1,-1,1,1,-1,1,1,-1,-1,-1,1,-1,1,-1,-1,-1,-1,-1,1,-1,1,-1,1,-1,1,-1,-1,1,-1,-1,-1,1,1,1,-1,-1,-1,-1,-1,-1,1,-1,-1,-1,-1,-1,1,1,-1,-1,-1,1,1,-1,-1,-1,-1,-1,-1,1,-1,-1,-1,-1,-1,-1,-1,1,-1,1,-1,-1,-1,-1,1,-1,-1,-1,-1,-1,-1,1,-1,1,-1,-1,-1,-1,1,-1,-1,1,-1,-1,-1,1,-1,-1,1,-1,-1,-1,1,-1,1,-1,-1,-1,-1,1,-1,-1,1,-1,-1,-1,-1,-1,-1,1,-1,-1,-1,1,1,-1,1,1,-1,-1,1,-1,-1,1,-1,-1,1,1,-1,1,-1,-1,-1,-1,1,-1,1,1,-1,-1,1,-1,1,1,-1,-1,-1,1,1,-1,1,1,-1,-1,1,1,-1,1,1,-1,1,-1,1,-1,-1,1,-1,-1,-1,1,-1,1,1,-1,-1,1,1,-1,1,1,-1,1,1,1,-1,-1,1,1,-1,-1,1,-1,1,1,-1,1,-1,1,-1,1,1,-1,-1,1,1,-1,1,1,-1,-1,1,1,-1,1,-1,-1,1,1,1,-1,1,1,-1,1,1,-1,1,-1,-1,-1,1,1,-1,-1,-1,1,-1,1,1,-1,-1,-1,1,-1,-1,1,1,1,-1,1,-1,1,1,1,1,-1,-1,-1,-1,1,-1,1,-1,-1,-1,-1,1,-1,1,-1,-1,1,-1,1,1,1,-1,-1,-1,1,1,-1,1,1,-1,-1,-1,1,-1,1,1,1,-1,-1,-1,1,1,-1,-1,-1,1,-1,1,1,-1,-1,-1,-1,1,-1,1,-1,1,-1,1,1,-1,1,-1,-1,-1,-1,-1,1,1,-1,-1,-1,-1,-1,1,1,-1,1,-1,-1,1,1,1,1,-1,-1,-1,1,1,1,-1,1,1,-1,-1,1,1,1,-1,-1,-1,-1,-1,1,1,-1,1,-1,-1,1,-1,1,-1,1,1,-1,1,1,1,-1,1,-1,-1,1,1,-1,1,-1,1,-1,1,1,-1,1,-1,-1,1,1,1,1,1,-1,1,-1,-1,-1,1,1,1,-1,-1,1,1,1,-1,1,-1,1,-1,-1,1,-1,1,-1,-1,1,1,1,-1,1,-1,1,-1,-1,1,1,1,-1,-1,-1,-1,1,1,1,-1,-1,1,-1,1,1,-1,-1,1,-1,1,-1,1,1,-1,-1,1,-1,1,-1,-1,1,-1,-1,1,1,-1,1,-1,-1,1,-1,1,-1,-1,1,-1,1,-1,1,-1,-1,-1,-1,-1,1,1,-1,-1,1,-1,1,-1,1,1,-1,-1,1,-1,1,-1,1,-1,-1,1,-1,-1,-1,1,-1,-1,-1,-1,1,-1,1,-1,-1,1,-1,-1,1,1,-1,-1,-1,-1,-1,1,1,-1,-1,-1,1,-1,-1,1,1,1,-1,1,-1,1,-1,1,1,1,-1,1,1,1,-1,-1,1,1,-1,1,1,-1,1,1,1,1,-1,1,-1,1,-1,1,1,1,1,-1,-1,1,1,-1,1,1,-1,-1,1,1,1,1,1,-1,-1,1,1,1,1,1,-1,-1,-1,1,-1,1,1,1,-1,-1,1,1,1,1,-1,1,-1,1,-1,1,1,1,-1,-1,-1,1,1,1,1,1,-1,1,1,1,-1,1,-1,-1,-1,1,1,-1,1,-1,-1,-1,1,1,1,1,-1,1,1,-1,1,-1,1,1,-1,-1,1,1,1,1,-1,-1,1,1,1,-1,1,1,-1,-1,1,1,-1,1,-1,-1,1,1,-1,1,1,1,-1,-1,1,1,-1,1,1,-1,1,1,1,-1,1,1,1,-1,1,-1,-1,1,1,-1,1,1,1,-1,1,1,1,-1,1,-1,-1,1,1,1,-1,1,-1,-1,1,1,-1,1,1,-1,-1,1,1,-1,1,1,1,-1,1,-1,1,-1,1,-1,-1,1,1,-1,-1,1,1,-1,1,1,-1,1,1,-1,-1,1,-1,1,-1,1,1,-1,1,1,1,1,1,-1,1,1,-1,1,1,1,1,-1,1,-1,1,-1,1,1,-1,-1,1,-1,1,1,1,-1,1,1,-1,1,1,1,1,1,-1,-1,1,1,1,1,1,-1,1,-1,1,1,1,1,-1,-1,1,1,1,1,1,1,-1,1,1,1,1,1,-1,1,1,1,1,1,-1,1,-1,1,1,-1,1,1,1,1,1,1,1,1,1,-1,1,1,1,1,1,1,1,-1,1,1,1,1,1,1,-1,1,-1,1,1,-1,1,1,1,1,1,1,1,1,1,1,1,1,1,1,1,1,1,-1,1,1,1,1,1,1,1,1,1,1,1,1,1,1,1,-1,1,-1,1,1,1,-1,1,1,1,1,1,1,1,-1,1,1,1,1,1,1,1,-1,1,1,1,-1,1,1,-1,1,1,1,-1,1,-1,-1,-1,1,-1,-1,1,1,-1,1,1,1,-1,1,1,-1,1,1,1,-1,1,1,-1,1,1,1,-1,1,1,-1,1,-1,1,1,1,1,-1,1,-1,1,1,1,-1,1,1,1,1,1,1,-1,-1,1,1,1,1,-1,1,-1,1,1,1,-1,1,1,-1,1,1,1,-1,1,-1,-1,1,-1,1,-1,1,-1,1,-1,1,1,1,1,-1,1,1,1,-1,-1,1,1,-1,1,1,-1,-1,1,1,-1,-1,-1,1,1,1,-1,-1,-1,-1,1,1,-1,-1,1,1,1,1,1,-1,-1,1,1,1,1,-1,1,-1,1,-1,1,1,-1,1,-1,-1,-1,-1,-1,-1,-1,-1,1,-1,1,1,1,-1,1,1,-1,-1,1,-1,-1,-1,1,-1,1,1,1,1,-1,1,-1,1,1,1,-1,-1,1,-1,1,1,1,-1,-1,1,-1,1,-1,-1,-1,-1,1,-1,-1,1,1,-1,-1,-1,-1,1,1,-1,1,-1,1,1,-1,1,-2660.0,1,2000,445,1500,True
2335,-1,-1,1,1,1,1,-1,1,-1,-1,-1,1,-1,1,-1,-1,1,-1,1,-1,-1,1,-1,-1,-1,1,-1,-1,-1,-1,-1,-1,1,-1,-1,1,1,-1,-1,1,-1,-1,1,-1,-1,-1,1,1,-1,-1,-1,-1,1,1,-1,-1,-1,1,-1,-1,1,1,-1,1,-1,-1,-1,1,1,-1,1,-1,-1,-1,1,1,-1,1,-1,-1,-1,1,1,-1,-1,-1,-1,1,1,1,1,-1,-1,-1,1,1,-1,-1,-1,1,-1,1,1,1,-1,-1,-1,-1,1,1,1,-1,-1,-1,-1,1,1,1,1,-1,-1,-1,-1,1,1,-1,-1,-1,-1,1,1,1,-1,-1,-1,1,1,1,1,-1,-1,-1,1,-1,1,1,1,-1,-1,-1,-1,1,1,-1,1,-1,1,1,1,1,-1,-1,-1,-1,1,-1,1,-1,1,-1,1,-1,1,1,-1,-1,-1,-1,1,1,-1,1,1,-1,1,-1,1,-1,-1,-1,-1,1,-1,1,-1,-1,1,-1,1,-1,1,-1,-1,1,-1,1,1,1,1,-1,1,-1,1,-1,1,-1,-1,1,1,1,-1,1,1,-1,1,1,-1,1,-1,1,-1,1,-1,1,-1,1,1,-1,1,1,1,-1,1,-1,-1,1,1,1,-1,-1,1,-1,1,1,-1,-1,1,-1,-1,1,1,1,-1,1,1,-1,1,-1,-1,-1,1,-1,1,1,1,-1,-1,1,-1,1,1,-1,1,-1,-1,1,-1,1,1,1,-1,1,1,-1,1,1,-1,-1,1,1,1,1,-1,-1,-1,1,1,-1,1,1,1,-1,1,1,1,1,-1,-1,-1,1,-1,1,1,1,-1,-1,1,-1,1,1,-1,1,-1,1,-1,1,1,-1,-1,-1,1,1,-1,1,-1,-1,1,1,-1,1,1,-1,1,1,1,1,-1,1,-1,1,1,1,-1,1,1,-1,-1,1,1,-1,1,-1,-1,-1,1,1,-1,1,-1,-1,1,-1,1,1,1,-1,-1,1,-1,1,-1,1,1,-1,1,-1,1,-1,-1,1,-1,-1,1,1,-1,1,-1,-1,1,1,-1,-1,1,1,-1,1,-1,1,-1,1,-1,1,1,-1,1,-1,1,-1,1,1,-1,-1,1,1,-1,-1,1,-1,1,-1,-1,1,-1,1,1,-1,-1,1,-1,-1,1,-1,-1,1,-1,1,-1,-1,1,-1,-1,1,-1,-1,-1,1,-1,1,-1,1,-1,1,-1,-1,-1,-1,-1,-1,-1,1,-1,-1,1,1,-1,-1,1,-1,1,-1,-1,1,-1,1,-1,-1,1,1,-1,-1,-1,-1,-1,-1,-1,1,-1,1,-1,-1,1,1,-1,-1,-1,1,-1,1,1,-1,-1,-1,-1,-1,-1,-1,1,-1,-1,1,-1,1,1,1,1,-1,-1,1,-1,-1,1,-1,-1,-1,1,-1,1,-1,1,-1,-1,-1,-1,1,-1,1,-1,-1,1,-1,1,1,1,-1,-1,-1,-1,1,-1,1,-1,-1,-1,1,1,1,-1,1,1,-1,1,1,1,1,1,-1,1,-1,1,1,-1,1,-1,1,-1,-1,1,-1,-1,1,-1,-1,1,-1,-1,-1,1,1,-1,1,1,-1,-1,1,1,-1,-1,1,-1,-1,-1,-1,-1,1,1,-1,-1,-1,-1,-1,1,1,-1,-1,1,1,1,-1,1,-1,-1,1,1,-1,1,1,-1,-1,-1,1,-1,-1,1,1,-1,1,1,1,1,1,-1,1,1,1,-1,1,1,1,-1,1,1,-1,1,1,-1,1,1,1,-1,1,1,-1,-1,1,-1,1,1,1,-1,1,1,-1,-1,1,1,-1,1,1,-1,1,1,1,1,1,1,1,1,1,1,-1,1,-1,1,-1,1,1,1,1,1,1,1,1,1,-1,1,-1,1,-1,1,1,1,-1,1,-1,1,1,1,1,1,1,1,1,1,1,-1,1,1,-1,-1,1,-1,-1,1,1,1,-1,1,1,-1,1,-1,1,1,1,-1,-1,1,-1,1,-1,1,1,-1,1,-1,1,-1,1,-1,1,1,-1,1,-1,1,1,-1,1,-1,1,-1,1,1,-1,1,-1,1,-1,1,1,-1,1,1,1,1,1,-1,1,1,-1,1,1,1,1,-1,1,-1,1,-1,1,1,-1,1,1,-1,1,1,1,-1,1,1,-1,1,1,1,-1,1,-1,-1,1,1,-1,1,1,-1,1,-1,1,-1,1,1,1,-1,1,1,1,1,1,1,-1,1,1,-1,1,1,1,1,1,1,-1,1,1,1,-1,1,1,-1,1,1,-1,1,1,1,1,1,1,1,-1,1,1,-1,1,1,-1,1,1,1,-1,1,1,-1,-1,1,-1,-1,1,1,-1,1,1,-1,-1,-1,1,-1,1,1,1,-1,1,-1,-1,1,1,1,-1,1,-1,1,1,1,-1,1,1,-1,-1,1,1,-1,-1,-1,-1,-1,1,1,-1,1,-1,-1,-1,1,1,-1,-1,1,-1,-1,1,1,-1,-1,-1,-1,-1,1,1,-1,-1,-1,1,-1,1,1,-1,-1,-1,-1,-1,1,-1,-1,-1,-1,-1,1,1,1,-1,-1,-1,1,-1,1,1,-1,-1,1,-1,1,1,1,1,-1,-1,-1,1,-1,1,-1,-1,-1,-1,1,-1,1,-1,-1,-1,-1,1,1,1,-1,-1,1,1,-1,1,1,-1,1,-1,1,1,1,1,1,-1,1,1,1,1,1,1,-1,1,-1,1,-1,1,1,-1,1,1,-1,1,1,1,-1,1,-1,1,1,-1,1,1,1,-1,1,1,-1,1,-1,-1,1,-1,-1,1,1,-1,1,1,-1,-1,1,1,1,1,-1,1,1,1,1,1,1,-1,1,1,1,1,1,1,-1,-1,1,1,1,-1,1,1,-1,-1,-1,1,1,1,-1,-1,1,1,1,1,1,-1,-1,-1,1,1,1,1,-1,-1,1,1,1,1,1,1,-1,1,1,1,1,1,1,-1,1,1,1,1,1,-1,-1,1,-1,1,1,1,1,-1,-1,1,1,1,1,-1,1,-1,1,1,-1,1,1,-1,1,1,-2660.0,1,2000,445,500,True
2336,1,1,1,1,1,1,-1,-1,1,-1,-1,1,-1,1,1,1,1,-1,1,1,-1,-1,1,-1,-1,1,-1,-1,1,1,1,-1,1,1,-1,-1,1,-1,-1,-1,1,-1,-1,1,1,-1,-1,-1,1,1,1,-1,1,-1,1,-1,1,-1,1,-1,-1,1,1,-1,1,1,-1,-1,-1,-1,-1,1,1,1,-1,-1,-1,-1,1,1,1,1,1,-1,1,1,1,-1,-1,1,-1,1,1,1,-1,-1,-1,1,1,-1,1,1,-1,-1,1,1,1,1,1,-1,-1,1,1,-1,1,1,-1,-1,1,1,1,1,1,-1,-1,1,1,1,-1,1,-1,-1,-1,1,1,1,1,1,-1,-1,1,1,1,1,1,-1,1,1,1,1,1,-1,-1,-1,-1,1,1,1,1,-1,1,1,1,1,-1,1,-1,1,-1,1,1,1,-1,-1,-1,1,1,1,1,-1,-1,1,-1,1,1,1,-1,-1,-1,1,1,-1,1,-1,1,-1,-1,1,-1,1,-1,1,-1,-1,1,-1,1,-1,-1,1,-1,1,-1,1,1,-1,1,-1,1,-1,1,-1,-1,-1,-1,-1,1,1,-1,-1,1,-1,1,-1,1,-1,-1,-1,-1,1,-1,1,-1,1,-1,-1,1,-1,1,-1,1,-1,-1,1,1,1,-1,1,-1,-1,1,-1,1,1,-1,-1,1,-1,1,1,1,-1,-1,-1,-1,1,1,1,-1,-1,-1,-1,1,1,1,-1,-1,1,-1,-1,1,1,1,-1,1,-1,1,1,1,-1,-1,1,-1,1,1,1,1,-1,1,1,-1,1,1,1,-1,1,-1,-1,1,-1,1,-1,1,1,-1,1,1,1,-1,1,-1,-1,1,1,-1,-1,1,-1,1,1,1,1,-1,1,-1,1,1,1,-1,1,1,-1,-1,1,1,-1,-1,1,-1,1,1,1,1,1,1,-1,1,1,1,1,1,-1,-1,1,1,1,1,1,-1,-1,-1,1,1,1,1,-1,-1,1,-1,1,-1,1,1,-1,-1,1,1,1,1,1,-1,-1,1,1,1,1,-1,-1,-1,-1,-1,-1,1,-1,-1,-1,1,1,-1,1,-1,1,-1,1,1,1,1,-1,-1,1,1,1,-1,1,-1,-1,-1,-1,1,1,1,1,-1,-1,1,-1,1,1,-1,-1,1,-1,-1,1,-1,1,-1,-1,1,-1,1,1,-1,-1,1,1,-1,1,-1,1,-1,-1,1,-1,1,-1,-1,-1,-1,1,-1,-1,1,1,-1,-1,1,-1,1,1,-1,1,-1,1,-1,1,-1,1,-1,-1,1,-1,-1,-1,-1,-1,1,1,-1,1,-1,1,-1,1,-1,1,1,-1,1,-1,1,-1,-1,1,-1,-1,-1,1,-1,1,-1,-1,1,-1,1,-1,-1,1,-1,-1,1,-1,1,-1,-1,-1,1,-1,1,1,-1,-1,-1,1,-1,1,-1,-1,1,-1,1,1,1,1,-1,-1,1,1,-1,1,1,-1,-1,1,1,1,-1,1,1,-1,1,1,1,1,-1,-1,1,-1,-1,-1,1,-1,1,1,-1,1,-1,1,-1,1,-1,-1,-1,1,1,-1,1,1,-1,-1,-1,1,-1,1,1,-1,1,-1,1,-1,-1,-1,-1,-1,-1,1,-1,-1,-1,-1,-1,-1,1,-1,1,1,1,1,-1,1,-1,1,1,-1,-1,-1,1,-1,-1,1,-1,1,-1,-1,1,1,1,1,-1,-1,1,1,1,1,-1,1,-1,-1,1,1,1,-1,-1,-1,-1,1,1,1,-1,1,-1,1,-1,1,-1,1,1,-1,-1,1,1,1,-1,-1,-1,-1,1,1,1,1,-1,-1,-1,1,1,1,1,-1,-1,-1,1,-1,1,-1,-1,-1,1,1,1,1,1,-1,-1,-1,1,1,1,1,-1,-1,-1,1,1,-1,1,-1,-1,-1,1,1,1,1,-1,-1,1,1,1,1,-1,-1,1,1,-1,1,1,-1,-1,-1,1,1,1,1,1,-1,1,1,1,1,1,-1,-1,-1,1,-1,1,-1,-1,-1,-1,1,-1,1,1,-1,-1,-1,1,-1,1,1,-1,1,-1,1,1,1,1,-1,-1,1,-1,-1,1,1,-1,-1,-1,1,1,-1,-1,-1,1,-1,1,-1,1,-1,-1,1,-1,1,-1,-1,1,-1,1,-1,1,-1,-1,1,-1,1,-1,-1,-1,1,1,-1,-1,-1,-1,-1,1,-1,-1,-1,1,-1,-1,1,-1,1,1,-1,-1,-1,-1,-1,-1,1,-1,-1,-1,1,1,1,1,-1,-1,1,-1,-1,-1,-1,1,-1,-1,1,1,1,1,1,-1,-1,1,-1,1,1,-1,1,-1,-1,1,1,1,-1,-1,-1,-1,-1,1,-1,-1,-1,1,-1,1,1,1,1,-1,-1,-1,1,1,1,1,-1,1,-1,1,1,-1,1,-1,-1,1,1,1,1,-1,1,-1,-1,1,1,1,1,-1,-1,-1,1,1,1,1,-1,-1,-1,1,1,1,1,1,-1,-1,1,1,1,1,1,-1,-1,1,1,-1,1,1,-1,-1,1,1,-1,1,-1,-1,-1,1,-1,-1,1,1,-1,-1,-1,1,-1,1,1,-1,-1,1,1,-1,1,1,-1,-1,1,1,-1,1,1,-1,-1,-1,1,1,1,1,-1,1,-1,1,1,1,-1,-1,1,-1,1,1,1,1,-1,1,-1,1,1,-1,1,-1,-1,-1,1,-1,1,-1,1,-1,-1,1,-1,1,1,-1,-1,-1,1,-1,1,1,1,-1,-1,-1,1,1,-1,1,-1,-1,1,-1,1,-1,1,-1,-1,1,-1,1,1,1,1,-1,-1,1,1,1,1,1,1,1,1,1,-1,1,-1,-1,1,1,1,1,1,-1,-1,-1,-1,1,1,1,-1,1,1,1,-1,1,1,-1,-1,-1,-1,1,1,1,-1,1,1,1,-1,1,1,-1,1,1,1,1,1,1,-1,1,1,1,1,1,1,-1,1,1,1,1,-1,1,-1,1,1,1,1,1,1,-1,1,1,1,-1,1,1,-1,-1,1,1,-1,1,1,1,-1,1,1,-1,1,1,-1,-1,1,-2660.0,1,2000,445,500,True
2337,1,1,-1,-1,1,1,-1,1,1,1,1,-1,-1,-1,1,1,-1,1,-1,-1,-1,1,1,1,1,1,-1,-1,1,1,1,1,-1,-1,-1,1,-1,1,1,1,-1,-1,1,1,1,1,1,1,-1,-1,1,1,-1,1,-1,1,-1,-1,1,1,1,-1,-1,1,1,1,1,1,1,-1,1,-1,1,1,1,1,1,1,-1,1,1,-1,1,-1,-1,1,1,1,1,1,1,-1,-1,1,1,1,-1,1,-1,1,1,1,1,1,-1,-1,-1,1,1,1,1,1,-1,-1,1,1,1,1,1,-1,-1,1,1,1,1,1,-1,-1,1,1,1,1,-1,-1,-1,1,1,1,1,-1,-1,-1,1,1,1,1,1,-1,-1,-1,1,1,1,1,1,-1,1,1,1,1,-1,-1,-1,-1,1,-1,1,-1,1,-1,1,-1,1,1,-1,-1,-1,1,1,1,-1,1,1,-1,1,-1,1,-1,-1,-1,-1,1,-1,1,-1,-1,1,-1,1,-1,1,-1,-1,1,-1,1,1,1,1,-1,1,-1,1,-1,1,-1,-1,1,-1,1,-1,1,1,-1,1,1,-1,1,-1,1,-1,1,1,1,-1,1,1,-1,1,-1,1,-1,1,-1,-1,1,1,1,-1,-1,1,-1,1,-1,-1,-1,1,-1,-1,1,-1,1,-1,1,1,-1,1,1,-1,-1,1,-1,1,1,1,-1,-1,1,-1,1,1,1,1,-1,-1,1,-1,1,1,1,-1,1,1,-1,1,1,-1,-1,1,1,1,1,1,-1,-1,1,1,-1,1,1,1,-1,1,1,1,1,1,1,-1,1,-1,1,1,-1,1,-1,1,-1,1,1,1,1,-1,1,-1,1,1,1,-1,-1,1,1,-1,1,1,-1,1,1,-1,1,1,1,-1,1,1,1,-1,1,1,1,1,1,-1,1,1,1,1,1,1,-1,1,-1,1,-1,1,1,-1,1,-1,1,1,-1,1,1,1,-1,1,1,1,1,-1,1,1,-1,1,-1,1,-1,-1,1,-1,1,-1,1,-1,1,-1,-1,1,1,-1,-1,1,1,-1,1,-1,1,-1,1,-1,1,1,-1,1,-1,1,1,-1,1,-1,-1,1,1,-1,-1,1,-1,1,1,1,1,-1,1,1,-1,-1,1,-1,-1,1,1,-1,1,-1,1,-1,-1,1,-1,-1,1,-1,-1,-1,1,-1,1,-1,1,-1,-1,1,-1,1,1,-1,-1,-1,1,-1,-1,1,1,-1,-1,1,-1,1,1,-1,1,-1,1,-1,1,-1,1,-1,-1,-1,1,-1,-1,-1,1,-1,1,-1,1,-1,1,-1,-1,-1,1,1,-1,1,-1,-1,-1,-1,-1,1,-1,-1,-1,-1,1,-1,-1,1,-1,1,-1,-1,1,1,-1,1,-1,-1,-1,-1,1,1,-1,1,-1,-1,-1,1,1,-1,1,-1,-1,-1,-1,1,1,1,-1,-1,-1,-1,1,-1,1,-1,1,-1,-1,1,1,-1,1,1,-1,-1,1,1,1,1,-1,1,1,1,1,-1,1,-1,1,-1,-1,1,-1,-1,1,-1,-1,1,-1,-1,-1,1,1,-1,1,1,-1,-1,1,1,-1,-1,1,-1,-1,-1,-1,-1,1,1,-1,-1,-1,-1,-1,-1,1,-1,-1,1,1,1,1,1,-1,1,-1,1,-1,-1,1,-1,-1,-1,1,-1,-1,1,1,-1,1,1,1,-1,1,1,-1,-1,1,-1,-1,1,1,-1,-1,1,-1,1,1,-1,-1,1,1,-1,1,1,-1,-1,1,-1,1,1,1,1,-1,1,1,-1,-1,1,1,-1,1,1,1,-1,1,1,-1,-1,1,1,1,1,1,-1,1,1,-1,-1,1,1,-1,-1,1,1,-1,1,1,-1,-1,1,1,-1,1,1,-1,-1,-1,1,-1,1,1,-1,-1,1,1,-1,1,-1,1,-1,1,-1,-1,-1,-1,1,-1,1,-1,-1,1,-1,-1,1,-1,1,-1,-1,-1,-1,-1,1,-1,-1,1,-1,1,-1,1,-1,-1,-1,1,-1,-1,1,1,-1,-1,-1,1,-1,1,-1,-1,-1,-1,1,-1,1,-1,-1,-1,-1,1,1,1,1,-1,-1,1,1,-1,1,1,-1,-1,-1,1,-1,1,-1,-1,-1,-1,1,1,-1,1,-1,-1,-1,1,1,-1,1,-1,-1,-1,1,-1,-1,1,-1,-1,1,1,-1,1,-1,-1,1,1,1,1,-1,1,-1,1,1,1,1,-1,1,1,-1,1,1,-1,1,1,-1,-1,1,1,1,-1,1,-1,-1,1,1,-1,1,1,-1,1,1,1,-1,1,1,1,-1,1,1,1,-1,1,-1,-1,1,1,-1,-1,1,1,-1,1,1,-1,1,1,-1,-1,-1,1,-1,1,1,-1,-1,1,-1,-1,1,1,1,-1,1,-1,1,1,1,-1,1,1,-1,-1,1,1,-1,-1,-1,-1,-1,1,1,-1,1,-1,-1,-1,1,1,-1,-1,1,-1,-1,1,1,-1,-1,-1,-1,-1,1,1,1,-1,-1,1,-1,1,1,-1,-1,1,-1,-1,1,-1,1,-1,-1,-1,1,1,1,1,-1,-1,1,-1,1,1,1,-1,1,-1,1,1,1,1,-1,-1,-1,1,-1,1,-1,-1,-1,-1,1,-1,1,-1,-1,-1,-1,1,-1,1,-1,-1,1,1,-1,-1,1,-1,1,-1,1,1,1,1,1,-1,1,1,1,-1,1,1,-1,1,-1,1,-1,1,1,-1,1,1,-1,-1,1,1,-1,1,-1,1,-1,1,1,-1,1,-1,1,-1,1,1,-1,-1,1,-1,-1,1,1,-1,1,1,-1,-1,1,1,1,1,-1,1,1,-1,-1,1,1,-1,1,-1,1,-1,-1,1,-1,-1,1,-1,-1,1,1,1,-1,1,1,1,1,1,-1,-1,-1,1,1,-1,1,-1,-1,1,-1,1,1,1,-1,-1,1,-1,1,1,1,1,-1,-1,-1,1,1,1,1,-1,1,-1,-1,-1,1,-1,-1,1,1,1,1,1,1,-1,-1,1,1,-1,1,-1,1,-1,1,1,-1,1,1,-1,-1,1,-2660.0,1,2000,445,500,True
2338,-1,-1,1,1,1,1,-1,1,-1,-1,-1,1,-1,1,-1,-1,1,-1,1,1,-1,1,-1,-1,-1,1,-1,-1,1,-1,-1,-1,1,1,-1,1,1,-1,-1,-1,1,-1,1,-1,-1,-1,-1,-1,1,-1,-1,-1,1,-1,1,-1,-1,1,-1,-1,-1,1,1,1,-1,-1,-1,-1,-1,-1,1,-1,-1,-1,-1,-1,-1,1,-1,-1,-1,1,1,-1,-1,-1,-1,-1,-1,1,-1,-1,-1,-1,-1,-1,-1,1,-1,1,-1,-1,-1,-1,1,-1,-1,-1,-1,-1,-1,1,-1,-1,-1,-1,-1,-1,1,-1,-1,-1,-1,-1,-1,1,-1,-1,1,-1,-1,-1,-1,-1,-1,1,-1,-1,-1,-1,-1,-1,1,-1,-1,-1,1,-1,-1,-1,-1,-1,-1,-1,1,-1,1,1,-1,-1,-1,1,-1,-1,1,-1,1,-1,1,-1,1,-1,-1,-1,-1,-1,-1,-1,-1,-1,-1,1,1,-1,1,-1,-1,-1,-1,-1,-1,1,-1,-1,-1,-1,1,-1,1,1,-1,1,-1,1,-1,1,-1,-1,-1,-1,1,-1,1,1,-1,-1,-1,1,1,1,-1,1,-1,-1,1,1,-1,1,-1,-1,-1,1,-1,1,-1,1,-1,-1,1,1,1,-1,1,1,-1,1,1,1,-1,-1,1,-1,1,1,-1,1,1,-1,-1,1,1,1,-1,1,-1,-1,1,-1,-1,-1,1,-1,1,1,1,-1,-1,1,-1,1,1,-1,1,-1,1,-1,-1,1,1,1,-1,1,1,-1,1,1,-1,-1,-1,1,1,1,-1,-1,-1,1,1,-1,1,1,1,-1,-1,1,1,1,-1,-1,-1,1,1,1,-1,1,-1,-1,1,-1,1,1,-1,1,-1,1,-1,1,1,-1,-1,-1,1,1,-1,1,-1,-1,1,-1,-1,1,1,-1,-1,1,-1,1,-1,1,-1,1,1,1,-1,1,1,-1,-1,1,1,-1,1,-1,-1,-1,1,1,-1,1,-1,-1,-1,1,1,1,1,-1,-1,1,1,1,-1,1,1,-1,-1,1,1,-1,-1,1,-1,-1,1,1,-1,1,-1,-1,-1,-1,-1,-1,1,1,-1,-1,1,1,-1,1,-1,-1,1,1,1,-1,1,1,-1,1,1,-1,1,1,-1,-1,-1,-1,1,1,1,1,-1,-1,1,-1,-1,1,-1,-1,1,1,-1,1,-1,1,-1,-1,1,-1,-1,1,-1,-1,1,1,-1,1,-1,1,-1,-1,1,-1,1,-1,-1,-1,-1,1,-1,-1,1,1,-1,-1,1,-1,1,1,-1,1,-1,1,-1,1,-1,1,-1,-1,1,-1,-1,-1,-1,-1,1,1,-1,1,-1,1,-1,1,-1,1,1,-1,1,-1,1,-1,-1,-1,1,-1,-1,1,-1,1,-1,-1,1,-1,1,-1,-1,1,1,-1,1,-1,1,-1,-1,1,1,-1,1,1,-1,-1,1,1,-1,1,-1,-1,-1,-1,1,1,1,1,-1,-1,-1,1,-1,1,1,1,-1,-1,1,1,-1,1,1,-1,-1,1,1,1,-1,1,1,1,1,1,-1,1,-1,1,-1,1,-1,-1,-1,1,-1,-1,1,-1,-1,-1,1,1,-1,1,1,-1,-1,1,1,-1,-1,1,-1,-1,-1,-1,-1,1,1,-1,-1,-1,-1,-1,1,1,-1,-1,1,1,1,-1,1,-1,-1,1,1,-1,1,1,-1,-1,-1,1,-1,-1,1,1,-1,1,1,1,1,1,-1,1,1,1,-1,1,1,1,-1,1,1,-1,1,1,-1,1,1,1,-1,1,1,-1,-1,1,-1,1,1,1,-1,1,1,1,-1,1,1,-1,1,1,1,1,1,1,1,1,1,1,1,1,1,-1,1,1,1,-1,1,1,1,1,1,1,1,1,1,-1,1,1,1,1,1,1,1,-1,1,-1,1,1,1,1,1,1,1,1,1,1,-1,1,1,1,-1,1,-1,-1,1,1,1,-1,1,1,-1,1,1,1,1,1,-1,-1,1,1,1,-1,1,1,-1,1,1,-1,-1,1,-1,1,-1,1,1,1,1,1,-1,1,1,1,-1,1,1,-1,1,1,1,-1,1,1,-1,1,1,1,-1,1,-1,1,1,-1,-1,-1,1,1,-1,1,-1,-1,-1,1,1,-1,1,1,-1,1,1,1,-1,1,-1,1,-1,1,1,-1,1,-1,1,-1,1,1,1,1,1,-1,-1,1,-1,1,1,-1,-1,1,1,1,1,1,-1,-1,-1,-1,1,1,1,-1,1,-1,1,1,1,1,-1,-1,-1,1,-1,1,1,-1,1,1,1,1,1,1,1,-1,1,1,1,-1,1,-1,1,1,1,1,1,1,-1,-1,1,-1,1,1,1,-1,1,1,1,1,1,-1,-1,1,1,1,1,1,1,-1,1,1,-1,1,1,-1,1,1,1,1,1,1,-1,-1,1,1,1,1,-1,1,-1,1,1,1,1,-1,-1,-1,1,1,1,1,-1,1,-1,1,1,1,1,1,-1,-1,1,1,-1,1,1,-1,-1,1,1,-1,1,-1,-1,-1,1,-1,1,1,1,-1,1,1,1,-1,1,1,-1,-1,1,1,-1,1,1,-1,1,1,1,-1,1,1,-1,1,-1,1,1,1,1,-1,1,-1,1,1,1,-1,-1,1,-1,1,1,1,1,1,-1,-1,1,1,-1,1,1,1,1,1,-1,1,-1,1,1,-1,1,-1,1,1,-1,1,-1,1,-1,1,1,1,-1,-1,1,1,1,1,-1,1,-1,1,-1,1,-1,1,1,-1,1,-1,1,1,1,-1,-1,1,1,1,1,1,-1,-1,1,1,1,1,-1,1,1,-1,1,1,1,-1,1,-1,1,-1,1,1,-1,-1,1,-1,1,-1,1,1,-1,1,1,-1,1,1,-1,-1,-1,1,1,-1,1,-1,-1,1,-1,1,1,1,-1,-1,1,1,1,1,1,1,-1,1,-1,1,1,1,1,-1,1,1,1,1,1,-1,-1,1,1,1,-1,1,1,-1,-1,1,1,-1,1,-1,1,-1,1,1,-1,1,1,-1,-1,1,-2660.0,1,2000,445,500,True
2339,-1,-1,1,1,1,1,-1,1,-1,-1,-1,1,-1,-1,-1,-1,1,-1,1,-1,-1,-1,-1,-1,-1,1,-1,-1,-1,-1,-1,-1,1,-1,-1,-1,1,-1,-1,1,-1,-1,-1,-1,-1,-1,-1,1,-1,1,-1,-1,1,1,-1,1,-1,1,-1,-1,-1,1,-1,1,-1,-1,-1,-1,1,-1,-1,1,-1,-1,-1,1,1,-1,1,-1,-1,1,1,-1,1,-1,-1,-1,1,1,1,-1,-1,-1,-1,1,-1,1,1,1,-1,-1,1,1,-1,1,-1,-1,-1,1,1,1,1,1,-1,-1,-1,1,1,1,-1,-1,-1,-1,1,1,1,-1,1,-1,-1,1,-1,1,-1,1,-1,-1,1,-1,1,-1,1,-1,-1,1,1,1,1,-1,-1,-1,-1,1,-1,1,-1,1,-1,-1,-1,1,1,1,-1,-1,1,-1,-1,1,-1,-1,-1,1,-1,1,-1,1,-1,-1,-1,1,-1,1,-1,-1,-1,-1,-1,1,1,1,-1,-1,-1,-1,-1,1,1,-1,-1,1,-1,-1,1,1,-1,-1,-1,-1,-1,1,1,-1,1,-1,-1,-1,-1,1,-1,1,1,-1,-1,-1,1,1,-1,-1,-1,-1,1,1,-1,1,-1,-1,-1,1,1,-1,1,1,-1,-1,-1,1,-1,-1,1,-1,-1,1,-1,1,1,-1,-1,-1,1,1,-1,1,-1,-1,1,-1,-1,-1,1,-1,1,-1,1,-1,-1,1,-1,1,-1,-1,1,-1,1,-1,-1,1,-1,1,-1,1,1,-1,1,-1,-1,-1,-1,1,1,1,-1,-1,-1,1,1,-1,1,1,1,-1,-1,1,1,1,-1,-1,-1,1,1,1,1,1,-1,-1,1,-1,1,1,-1,-1,-1,1,-1,1,1,-1,-1,-1,1,1,-1,1,-1,-1,1,-1,-1,1,1,-1,1,1,-1,1,-1,1,-1,1,1,1,-1,1,1,-1,-1,1,1,-1,1,-1,-1,-1,1,1,-1,1,-1,-1,1,-1,1,1,1,-1,-1,1,1,1,-1,1,1,-1,1,1,1,-1,-1,1,-1,1,-1,1,-1,1,-1,-1,1,1,1,-1,1,-1,-1,1,-1,1,-1,1,-1,1,1,-1,1,-1,1,-1,1,1,-1,-1,1,1,-1,-1,-1,-1,1,1,1,1,-1,1,1,-1,-1,1,-1,-1,1,1,-1,1,-1,1,-1,-1,1,-1,-1,1,-1,-1,-1,1,-1,1,-1,1,-1,1,1,-1,-1,-1,-1,-1,-1,1,-1,-1,1,1,-1,-1,1,-1,1,-1,-1,1,-1,1,-1,-1,1,1,-1,-1,-1,1,-1,-1,-1,1,-1,1,-1,-1,1,1,-1,1,-1,1,-1,1,1,-1,1,-1,-1,-1,-1,-1,-1,1,-1,1,-1,1,1,-1,1,-1,-1,1,-1,-1,1,-1,1,-1,-1,-1,1,-1,1,1,-1,-1,-1,1,-1,1,-1,-1,-1,-1,1,1,1,1,-1,-1,-1,1,-1,1,1,-1,-1,-1,1,1,-1,1,1,-1,-1,1,1,1,-1,1,1,1,-1,-1,1,-1,1,1,-1,1,-1,1,-1,1,-1,-1,-1,1,1,-1,1,1,-1,1,-1,1,-1,1,1,-1,1,-1,1,-1,-1,-1,-1,1,-1,1,-1,-1,-1,-1,1,-1,1,-1,1,1,1,1,-1,1,-1,1,1,-1,1,-1,1,-1,-1,1,-1,1,-1,-1,1,1,1,1,1,-1,1,1,1,1,-1,1,-1,-1,1,1,1,-1,-1,-1,1,1,1,1,-1,-1,-1,1,-1,1,-1,1,1,-1,-1,1,1,1,-1,1,-1,-1,1,1,1,1,1,1,-1,1,1,1,1,-1,1,-1,1,-1,1,-1,1,1,-1,1,1,1,1,1,1,-1,1,-1,1,1,1,1,-1,1,1,-1,1,1,1,-1,1,1,1,1,1,1,-1,1,1,-1,-1,1,-1,-1,1,1,1,-1,1,-1,-1,1,-1,-1,1,1,-1,-1,1,-1,1,-1,1,1,-1,1,-1,1,-1,1,-1,-1,1,-1,1,-1,1,1,-1,1,-1,1,-1,1,1,-1,1,-1,1,-1,1,1,-1,1,1,1,-1,1,-1,1,1,1,-1,-1,1,1,-1,1,-1,1,-1,1,1,-1,1,1,-1,1,1,1,-1,1,1,-1,-1,1,1,1,1,-1,-1,1,1,1,1,1,1,-1,-1,1,1,1,1,-1,-1,1,1,1,1,1,1,-1,-1,1,1,1,1,-1,1,1,1,1,1,1,1,-1,-1,1,1,1,1,-1,1,1,1,1,1,1,-1,1,1,1,1,1,1,1,-1,1,1,1,1,1,-1,-1,1,-1,1,1,1,-1,1,1,-1,1,1,-1,-1,1,1,1,1,1,1,-1,1,1,-1,1,1,-1,1,1,1,1,1,1,-1,1,1,1,1,1,-1,1,-1,1,1,-1,1,-1,-1,-1,1,1,-1,1,-1,1,-1,1,1,1,1,1,-1,-1,1,1,-1,1,1,-1,-1,1,1,-1,1,-1,-1,-1,1,-1,1,-1,1,-1,1,1,1,-1,1,1,-1,-1,1,1,-1,-1,1,-1,1,1,1,1,-1,1,-1,1,-1,1,-1,1,1,-1,1,-1,1,-1,-1,-1,-1,1,1,1,-1,1,1,1,-1,1,1,-1,-1,1,1,1,1,1,1,-1,-1,1,1,1,1,1,-1,1,-1,1,-1,1,1,-1,1,1,-1,1,1,1,-1,1,-1,1,1,1,1,-1,1,1,1,-1,1,1,-1,-1,1,-1,-1,1,1,-1,1,1,-1,-1,1,1,1,1,-1,1,1,1,-1,1,1,-1,1,1,1,-1,-1,1,-1,-1,1,-1,-1,1,1,1,-1,-1,1,1,1,1,-1,-1,1,1,1,-1,1,-1,-1,-1,1,1,1,1,-1,-1,1,1,1,1,1,1,-1,1,1,1,1,1,1,-1,1,1,-1,-1,1,-1,-1,1,-1,1,1,1,1,-1,-1,1,1,-1,1,-1,1,-1,1,1,-1,1,1,-1,-1,1,-2660.0,1,2000,445,500,True
2340,-1,-1,1,1,1,1,-1,1,-1,-1,-1,1,-1,-1,-1,-1,1,-1,1,-1,-1,1,-1,-1,-1,1,-1,-1,-1,-1,-1,-1,1,-1,-1,1,1,-1,-1,1,-1,-1,1,-1,-1,-1,1,1,-1,-1,-1,-1,-1,1,-1,1,-1,1,-1,-1,1,1,-1,1,-1,-1,-1,1,1,-1,1,-1,-1,-1,1,1,1,1,-1,-1,-1,1,1,-1,-1,-1,-1,1,1,1,1,-1,-1,-1,1,1,-1,1,-1,1,-1,1,1,1,-1,-1,-1,-1,1,1,1,1,-1,-1,-1,1,1,1,1,-1,-1,-1,-1,1,1,1,-1,-1,1,1,1,1,-1,-1,-1,1,1,1,1,-1,-1,-1,1,-1,1,1,1,-1,-1,-1,-1,1,1,1,1,-1,-1,1,1,1,-1,-1,-1,-1,1,-1,1,-1,1,-1,1,-1,1,1,-1,-1,-1,-1,1,1,-1,1,1,-1,1,-1,1,-1,-1,-1,-1,1,-1,1,-1,-1,1,-1,1,-1,1,-1,-1,1,-1,1,1,1,1,-1,1,-1,1,-1,1,-1,-1,1,1,1,-1,1,1,-1,1,1,-1,1,-1,1,-1,1,-1,1,-1,1,1,-1,1,1,1,-1,1,-1,-1,1,1,1,-1,-1,1,-1,1,1,-1,-1,1,-1,-1,1,1,1,-1,1,1,-1,1,-1,-1,-1,1,-1,1,1,1,-1,-1,1,-1,1,1,-1,1,-1,-1,1,-1,1,1,1,-1,1,1,-1,1,1,-1,-1,1,1,1,1,-1,-1,-1,1,1,-1,1,1,1,-1,1,1,1,1,-1,-1,-1,1,-1,1,-1,1,-1,-1,1,-1,1,1,-1,-1,-1,1,-1,1,1,-1,-1,-1,1,1,-1,1,-1,-1,1,-1,-1,1,1,-1,1,1,-1,1,-1,1,-1,1,1,1,-1,1,1,-1,-1,1,1,-1,1,-1,-1,-1,1,1,-1,1,-1,-1,1,-1,1,1,1,-1,-1,1,-1,1,-1,1,1,-1,1,-1,1,-1,-1,1,-1,-1,1,1,-1,1,-1,-1,1,1,-1,-1,1,1,-1,1,-1,1,-1,1,-1,1,1,-1,1,-1,1,-1,1,1,-1,-1,1,1,-1,-1,1,-1,1,1,1,1,-1,1,1,-1,-1,1,-1,-1,1,-1,-1,1,-1,1,-1,-1,1,-1,-1,1,-1,-1,-1,1,-1,1,-1,1,-1,-1,1,-1,-1,-1,-1,-1,-1,1,-1,-1,1,1,-1,-1,1,-1,1,-1,-1,1,-1,1,-1,-1,1,1,-1,-1,-1,-1,-1,-1,-1,1,-1,1,-1,-1,1,1,-1,-1,-1,1,-1,1,1,-1,-1,-1,-1,-1,-1,-1,1,-1,-1,1,-1,1,1,1,1,-1,-1,1,-1,-1,1,-1,-1,-1,-1,-1,1,-1,1,-1,-1,-1,-1,1,-1,1,-1,-1,1,-1,1,1,1,-1,-1,-1,1,1,-1,1,-1,-1,-1,1,1,1,-1,1,1,-1,1,1,1,1,1,1,1,-1,1,1,-1,1,-1,1,-1,-1,1,-1,-1,1,-1,-1,1,-1,-1,-1,1,1,-1,1,1,-1,-1,1,1,-1,-1,1,-1,-1,-1,-1,-1,1,1,-1,-1,-1,-1,-1,1,1,-1,-1,1,1,1,-1,1,-1,-1,1,1,-1,1,1,-1,-1,-1,1,-1,-1,1,1,-1,1,1,1,1,1,-1,1,1,1,-1,1,1,1,-1,1,1,-1,1,1,-1,1,1,1,-1,1,1,-1,-1,1,-1,1,1,1,-1,1,1,-1,-1,1,1,-1,1,1,1,1,1,1,1,1,1,1,1,1,1,-1,1,-1,1,-1,1,1,1,1,1,1,1,1,1,-1,1,-1,1,-1,1,1,1,-1,1,-1,1,1,1,1,1,1,1,1,1,1,-1,1,1,-1,-1,1,-1,-1,1,1,1,-1,1,1,-1,1,-1,-1,1,1,-1,-1,1,-1,1,-1,1,1,-1,1,-1,1,-1,1,-1,1,1,-1,1,-1,1,1,-1,1,-1,1,-1,1,1,-1,1,-1,1,-1,1,1,-1,1,1,1,1,1,-1,1,1,-1,1,1,1,1,-1,1,-1,1,-1,1,1,-1,1,1,-1,1,1,1,-1,1,1,-1,1,1,1,-1,1,-1,-1,1,1,-1,1,1,-1,1,-1,1,-1,1,1,1,-1,1,1,1,1,1,1,-1,1,1,-1,1,1,1,1,1,1,-1,1,1,1,-1,1,1,-1,1,1,-1,1,1,-1,1,1,1,1,-1,1,1,-1,1,1,-1,1,1,1,-1,1,1,-1,-1,1,-1,-1,1,1,-1,1,1,-1,-1,-1,1,-1,1,1,1,-1,1,-1,-1,1,1,1,-1,1,-1,1,1,1,-1,1,1,-1,-1,1,-1,-1,-1,-1,1,-1,1,1,-1,1,-1,-1,-1,1,1,-1,-1,-1,1,-1,1,1,-1,-1,-1,-1,-1,1,1,-1,-1,-1,1,-1,1,1,-1,-1,-1,-1,-1,1,-1,1,-1,-1,-1,1,1,1,-1,-1,-1,1,-1,1,1,-1,-1,1,-1,1,1,1,1,-1,-1,-1,1,-1,1,-1,-1,-1,-1,1,-1,1,-1,-1,-1,-1,1,1,1,-1,-1,1,1,-1,1,1,-1,1,-1,1,1,1,-1,1,-1,1,1,1,1,1,1,-1,1,-1,1,-1,1,1,-1,1,1,-1,-1,-1,1,-1,1,-1,1,1,1,1,-1,1,-1,1,1,-1,1,-1,-1,1,-1,-1,1,1,-1,1,1,-1,-1,1,1,1,1,-1,1,1,1,-1,1,1,-1,1,1,-1,-1,-1,1,-1,-1,1,1,-1,1,1,1,-1,-1,-1,1,1,1,-1,-1,1,1,1,-1,1,-1,-1,-1,1,1,1,1,-1,-1,1,1,1,1,1,1,-1,1,1,1,1,1,1,-1,1,1,-1,-1,1,-1,-1,1,-1,1,1,1,1,-1,-1,1,1,-1,1,-1,1,-1,1,1,-1,1,1,-1,-1,1,-2660.0,1,2000,445,500,True
2341,-1,-1,1,1,1,1,-1,1,-1,-1,-1,1,-1,-1,-1,-1,1,-1,1,-1,-1,-1,-1,-1,-1,1,-1,-1,-1,-1,-1,-1,1,-1,-1,-1,1,-1,-1,1,-1,-1,-1,-1,-1,-1,-1,1,-1,1,-1,-1,1,1,-1,1,-1,1,-1,-1,-1,1,-1,1,-1,-1,-1,-1,1,-1,-1,1,-1,-1,-1,1,1,-1,1,-1,-1,1,1,-1,1,-1,-1,-1,1,1,1,-1,1,-1,-1,1,-1,1,1,1,-1,-1,1,1,-1,1,1,-1,-1,1,1,1,1,1,-1,-1,-1,1,1,1,1,-1,-1,-1,1,1,1,1,-1,-1,-1,1,-1,1,1,-1,-1,-1,1,-1,1,1,1,-1,-1,1,1,1,1,1,-1,-1,-1,1,-1,1,1,-1,-1,-1,-1,1,1,1,-1,-1,1,-1,-1,1,-1,-1,-1,1,-1,1,1,1,-1,-1,-1,1,-1,1,-1,-1,-1,-1,-1,1,1,1,-1,-1,-1,-1,-1,1,-1,-1,-1,1,-1,-1,1,-1,-1,-1,-1,-1,-1,1,-1,-1,1,-1,-1,-1,1,-1,-1,1,1,-1,-1,-1,1,1,-1,-1,-1,-1,1,-1,1,-1,-1,-1,-1,1,-1,1,-1,1,-1,-1,-1,-1,1,-1,1,-1,-1,1,1,1,1,-1,-1,-1,1,-1,-1,1,-1,-1,1,-1,1,1,1,-1,1,-1,-1,1,1,1,-1,1,-1,-1,1,-1,1,-1,-1,1,-1,-1,1,1,1,-1,1,-1,1,1,-1,1,1,1,-1,1,1,1,1,-1,1,1,-1,1,1,1,1,1,-1,-1,1,1,1,1,1,1,-1,1,1,-1,1,1,-1,-1,1,1,-1,1,1,-1,1,1,1,1,-1,1,-1,1,1,-1,-1,1,1,-1,-1,1,-1,1,-1,1,-1,1,1,1,-1,1,1,-1,1,1,1,-1,1,-1,-1,1,1,1,-1,1,-1,-1,-1,1,1,1,1,-1,-1,1,-1,1,-1,1,1,-1,-1,1,1,-1,-1,1,-1,-1,1,1,-1,1,-1,1,-1,-1,-1,-1,1,1,-1,-1,1,1,-1,1,1,-1,-1,1,1,-1,1,1,-1,1,1,-1,1,1,-1,-1,-1,-1,1,1,1,1,-1,-1,1,-1,-1,1,-1,-1,-1,-1,-1,1,-1,-1,-1,1,-1,-1,-1,1,1,-1,1,1,-1,1,-1,1,-1,-1,1,-1,-1,-1,1,1,-1,1,-1,-1,1,1,-1,-1,1,-1,1,-1,1,-1,-1,1,-1,-1,1,1,-1,1,1,-1,-1,-1,-1,-1,1,1,-1,-1,1,-1,-1,1,-1,1,-1,1,-1,-1,1,-1,-1,-1,-1,-1,-1,1,-1,1,-1,1,-1,-1,1,-1,-1,1,-1,-1,-1,-1,1,-1,-1,-1,-1,-1,1,1,-1,-1,-1,1,-1,1,-1,-1,1,-1,-1,1,-1,1,-1,-1,1,-1,1,-1,1,-1,-1,1,-1,-1,1,1,1,-1,1,-1,1,-1,-1,1,1,-1,-1,-1,1,-1,-1,-1,1,1,-1,1,-1,1,-1,1,-1,1,1,-1,1,1,1,1,-1,1,-1,1,-1,1,1,-1,1,-1,-1,1,1,1,-1,1,-1,-1,-1,1,1,-1,1,-1,1,1,1,-1,-1,1,-1,-1,1,1,1,-1,1,-1,-1,-1,1,1,-1,-1,1,1,-1,-1,1,-1,1,1,1,1,1,1,-1,-1,1,1,-1,1,-1,-1,1,1,1,1,-1,-1,-1,1,-1,1,1,1,1,-1,-1,1,1,1,-1,-1,-1,-1,1,1,1,1,1,-1,-1,1,1,1,-1,-1,-1,-1,1,1,1,1,1,-1,1,1,1,1,1,1,-1,-1,1,1,1,1,1,-1,-1,1,1,-1,1,1,-1,-1,1,1,1,1,1,-1,1,1,1,1,1,1,1,1,-1,1,1,-1,1,-1,1,1,1,1,1,1,1,1,1,1,1,1,1,1,1,-1,1,-1,1,1,-1,1,-1,1,1,-1,1,1,1,-1,1,1,-1,1,1,1,1,1,-1,1,1,1,1,-1,1,-1,-1,1,1,1,1,-1,-1,-1,1,1,1,-1,1,-1,-1,1,1,-1,-1,-1,1,-1,1,1,-1,-1,-1,1,-1,1,1,1,-1,1,1,-1,1,1,-1,-1,1,-1,-1,1,1,-1,-1,1,-1,1,1,1,-1,-1,-1,-1,-1,1,1,-1,-1,1,1,-1,1,1,1,1,-1,-1,-1,1,1,1,-1,1,-1,1,1,1,1,-1,1,-1,1,1,1,1,-1,-1,1,1,1,1,1,1,-1,-1,1,-1,1,1,-1,-1,1,1,-1,1,1,-1,-1,1,1,1,1,1,1,-1,1,1,-1,1,-1,-1,1,1,1,1,1,1,-1,-1,1,1,1,1,-1,1,-1,1,1,-1,1,-1,-1,-1,1,1,-1,1,-1,1,-1,1,1,1,1,1,-1,-1,1,1,-1,1,1,-1,-1,1,1,-1,1,-1,-1,-1,1,-1,1,-1,1,-1,1,1,1,-1,1,1,-1,-1,1,1,-1,-1,1,-1,1,1,1,1,-1,1,-1,1,-1,1,-1,1,1,-1,1,-1,1,-1,-1,-1,-1,1,1,1,-1,1,1,1,-1,1,1,-1,-1,1,1,1,1,1,1,-1,-1,1,1,1,1,1,-1,1,-1,1,-1,1,1,-1,1,1,-1,-1,-1,1,-1,1,-1,1,1,1,1,-1,1,1,1,1,-1,1,-1,-1,1,-1,-1,1,1,-1,1,1,-1,-1,1,1,1,1,-1,1,1,1,-1,1,1,-1,1,1,-1,-1,-1,1,-1,-1,1,1,-1,1,1,1,-1,-1,-1,1,1,1,-1,-1,1,1,1,-1,1,-1,-1,-1,1,1,1,1,-1,-1,1,1,1,1,1,1,-1,1,1,1,1,1,1,-1,1,1,-1,-1,1,-1,-1,1,-1,1,1,1,1,-1,-1,1,1,-1,1,-1,1,-1,1,1,-1,1,1,-1,-1,1,-2660.0,1,2000,445,500,True
2342,-1,-1,1,1,1,1,-1,1,-1,-1,-1,1,-1,1,-1,-1,1,-1,1,1,-1,1,-1,-1,-1,1,-1,-1,-1,-1,-1,-1,1,1,-1,1,1,-1,-1,-1,1,-1,1,-1,-1,-1,-1,-1,1,-1,-1,-1,1,-1,1,-1,-1,1,-1,-1,-1,1,1,1,-1,-1,-1,-1,-1,-1,1,-1,-1,-1,-1,-1,-1,1,-1,-1,-1,1,1,-1,-1,-1,-1,-1,-1,1,-1,-1,-1,-1,-1,-1,-1,1,-1,1,-1,-1,-1,-1,1,-1,-1,-1,-1,-1,-1,1,-1,-1,-1,-1,-1,-1,1,-1,-1,-1,-1,-1,-1,1,-1,-1,1,-1,-1,-1,-1,-1,-1,1,-1,-1,-1,-1,-1,-1,1,-1,-1,-1,1,-1,-1,-1,-1,-1,-1,-1,1,-1,1,1,-1,-1,-1,1,-1,-1,-1,-1,1,-1,1,-1,-1,-1,-1,-1,-1,-1,-1,1,-1,-1,-1,1,1,-1,-1,-1,-1,-1,-1,-1,-1,1,-1,-1,1,-1,1,-1,1,-1,-1,1,-1,1,-1,1,-1,-1,-1,-1,1,-1,1,-1,-1,-1,-1,1,-1,1,-1,1,-1,-1,1,1,-1,1,-1,-1,1,1,1,1,-1,1,-1,-1,1,-1,1,-1,1,1,-1,1,1,1,-1,-1,1,-1,1,-1,-1,1,1,1,-1,1,-1,1,-1,1,-1,-1,1,1,-1,-1,1,-1,-1,1,1,-1,-1,1,-1,-1,1,1,1,-1,1,-1,-1,1,1,1,-1,1,1,-1,1,1,-1,-1,-1,1,-1,1,1,-1,-1,1,1,-1,1,1,1,-1,-1,1,-1,1,1,1,-1,1,1,-1,1,-1,1,-1,-1,1,-1,1,1,1,-1,-1,-1,1,1,1,-1,-1,1,1,-1,1,1,-1,-1,-1,1,-1,1,1,1,-1,1,1,-1,1,1,-1,-1,-1,-1,1,1,1,1,-1,-1,-1,1,-1,1,1,-1,-1,1,1,-1,1,1,1,1,1,1,-1,1,-1,1,-1,-1,1,1,-1,1,1,-1,-1,-1,1,-1,1,-1,1,-1,1,-1,-1,1,-1,-1,-1,1,1,-1,1,1,1,-1,1,-1,1,-1,1,1,-1,1,-1,1,-1,1,-1,1,1,-1,-1,-1,-1,1,-1,-1,1,-1,-1,1,-1,-1,1,-1,-1,1,1,-1,1,-1,1,-1,-1,1,-1,-1,1,-1,-1,1,1,-1,1,-1,1,-1,-1,1,-1,-1,-1,-1,-1,-1,1,-1,-1,1,1,-1,-1,-1,-1,1,-1,-1,1,-1,1,-1,-1,1,1,-1,-1,1,-1,-1,-1,-1,-1,1,1,-1,-1,1,1,-1,1,-1,1,-1,1,1,-1,1,-1,-1,-1,-1,-1,-1,1,-1,1,-1,1,1,-1,1,-1,-1,1,-1,-1,1,-1,1,-1,1,-1,1,-1,1,1,-1,-1,-1,1,-1,1,-1,-1,1,-1,1,1,1,1,-1,-1,-1,1,-1,1,1,-1,-1,1,1,1,-1,1,1,-1,1,1,1,1,1,1,1,-1,1,1,-1,1,-1,1,-1,1,-1,-1,-1,1,-1,-1,1,-1,-1,-1,1,1,-1,1,1,-1,-1,1,1,-1,-1,1,-1,-1,-1,-1,-1,1,1,-1,-1,-1,-1,-1,1,1,-1,-1,1,1,1,-1,1,-1,1,1,1,-1,1,1,-1,-1,-1,1,-1,-1,1,1,-1,1,1,1,1,1,1,-1,-1,1,-1,1,1,1,-1,-1,1,-1,1,1,-1,-1,1,1,-1,1,1,-1,-1,1,-1,1,1,1,1,-1,1,1,-1,1,1,1,-1,1,1,1,1,1,1,-1,-1,1,1,1,1,1,-1,1,1,-1,1,1,1,-1,-1,1,1,1,-1,1,-1,-1,1,1,1,1,1,-1,-1,-1,1,1,1,1,-1,-1,1,1,1,1,-1,1,-1,1,-1,1,-1,-1,1,-1,1,-1,1,1,-1,1,-1,1,1,1,-1,-1,-1,-1,1,-1,1,1,-1,1,1,-1,-1,1,-1,1,1,-1,1,1,1,1,-1,1,-1,1,-1,1,1,-1,-1,-1,1,-1,1,1,-1,1,-1,1,-1,1,-1,1,1,1,-1,-1,1,1,-1,1,-1,1,-1,1,1,-1,1,-1,1,-1,1,1,-1,1,1,1,-1,1,1,1,1,1,1,-1,1,1,1,1,1,-1,-1,1,1,1,1,-1,-1,1,1,1,1,1,-1,-1,-1,-1,1,1,1,-1,1,1,1,1,1,1,-1,-1,-1,1,1,1,1,1,1,1,1,1,-1,1,1,-1,1,1,1,1,1,-1,1,1,1,1,1,1,1,-1,1,-1,1,1,1,1,-1,1,1,1,1,-1,1,1,1,1,1,1,1,1,1,1,-1,1,1,1,1,1,1,1,1,1,1,-1,1,1,1,1,-1,1,-1,1,1,1,1,-1,1,-1,1,1,1,1,-1,1,-1,1,1,1,1,1,-1,1,1,1,-1,1,1,-1,1,1,1,-1,1,-1,-1,-1,1,-1,1,1,1,-1,1,1,1,-1,1,1,-1,-1,1,1,-1,1,1,-1,1,1,1,-1,1,1,-1,1,-1,1,1,1,1,-1,1,-1,1,1,1,-1,1,1,1,1,1,1,1,-1,1,1,1,1,-1,1,-1,1,1,-1,-1,1,-1,1,1,1,1,-1,1,1,-1,1,-1,1,-1,1,1,1,-1,1,1,1,1,-1,1,1,1,-1,-1,1,-1,1,-1,1,-1,-1,1,1,1,-1,-1,1,1,1,1,1,-1,-1,1,1,1,1,1,1,1,1,1,1,1,-1,1,1,1,-1,1,1,1,-1,1,1,1,-1,1,1,-1,-1,-1,-1,1,1,1,-1,1,1,1,-1,1,1,-1,-1,1,1,1,1,1,-1,1,1,1,1,1,1,-1,1,1,1,1,1,1,-1,1,1,1,1,1,1,-1,1,-1,1,-1,1,1,-1,-1,1,1,-1,1,1,-1,1,1,1,-1,1,1,1,-1,1,-2660.0,1,2000,445,500,True
2343,1,1,-1,-1,1,1,-1,-1,1,1,1,-1,-1,-1,1,1,-1,1,-1,-1,-1,-1,1,1,1,1,-1,-1,1,1,1,1,-1,-1,-1,-1,1,1,1,1,-1,-1,-1,1,1,1,1,1,-1,1,1,1,-1,1,-1,1,1,-1,1,1,1,-1,-1,-1,1,1,1,1,1,-1,-1,1,1,1,1,1,1,-1,1,1,1,-1,1,-1,1,1,1,1,1,1,1,1,1,1,1,1,-1,1,1,-1,1,1,1,1,-1,1,1,1,1,1,1,1,1,-1,1,1,1,1,1,1,1,1,1,1,1,1,1,1,-1,1,1,1,-1,1,1,-1,1,1,1,-1,1,1,-1,1,1,1,1,1,1,1,1,1,1,1,-1,1,1,-1,1,1,-1,1,1,1,-1,-1,1,-1,-1,1,-1,-1,1,1,-1,1,1,1,1,1,-1,1,-1,1,1,-1,1,-1,-1,1,1,-1,-1,1,-1,-1,-1,1,-1,-1,1,-1,-1,-1,1,-1,1,1,1,-1,-1,1,-1,-1,1,-1,-1,-1,1,-1,-1,1,1,-1,-1,-1,1,-1,-1,1,-1,-1,1,1,-1,1,1,-1,-1,1,1,-1,1,-1,-1,-1,-1,1,-1,-1,1,-1,-1,1,1,1,1,-1,-1,-1,-1,1,-1,1,1,-1,-1,1,-1,-1,1,-1,1,-1,-1,-1,-1,1,-1,1,-1,-1,-1,-1,-1,1,-1,-1,-1,1,-1,1,1,-1,1,-1,-1,-1,1,1,1,1,-1,-1,-1,1,1,-1,1,-1,1,-1,-1,1,1,1,-1,-1,-1,1,-1,1,1,1,-1,-1,1,-1,1,1,-1,-1,-1,1,-1,1,1,-1,-1,-1,1,1,-1,1,-1,-1,1,-1,-1,1,1,-1,1,1,1,1,-1,1,-1,1,1,1,-1,1,1,-1,-1,1,1,-1,1,-1,-1,-1,1,1,-1,1,-1,-1,1,-1,1,1,1,-1,-1,1,1,1,-1,1,1,-1,1,-1,1,-1,-1,1,-1,-1,1,1,-1,1,-1,-1,1,1,1,-1,1,1,-1,1,-1,1,-1,1,-1,1,1,-1,1,-1,1,-1,1,1,-1,-1,1,1,-1,-1,1,-1,1,1,1,1,-1,1,1,-1,-1,1,-1,-1,1,1,-1,1,-1,1,-1,-1,1,-1,-1,1,-1,-1,-1,1,-1,1,-1,1,-1,1,1,-1,-1,-1,-1,-1,-1,1,-1,-1,1,1,-1,-1,1,-1,1,-1,-1,1,-1,1,-1,-1,1,1,-1,-1,-1,1,-1,-1,-1,1,-1,1,-1,-1,1,1,-1,-1,-1,1,-1,1,1,-1,-1,-1,-1,-1,-1,-1,1,-1,-1,1,-1,1,1,1,1,-1,-1,1,-1,-1,1,-1,-1,-1,-1,-1,1,-1,1,-1,-1,-1,-1,1,-1,1,-1,-1,1,-1,1,1,1,-1,-1,-1,-1,1,-1,1,-1,1,-1,-1,1,1,-1,1,1,-1,1,1,1,1,1,-1,1,-1,-1,-1,1,-1,-1,1,-1,1,-1,1,-1,1,-1,-1,-1,1,1,-1,1,1,-1,-1,-1,1,-1,1,1,-1,1,-1,1,-1,-1,-1,-1,-1,-1,1,-1,-1,-1,-1,-1,-1,1,1,1,1,1,1,-1,1,-1,1,1,-1,-1,-1,1,-1,-1,1,-1,1,-1,-1,1,1,1,1,-1,-1,1,1,1,1,-1,1,-1,-1,1,1,1,-1,-1,-1,1,1,1,1,-1,1,-1,1,-1,1,-1,1,1,-1,1,1,1,-1,-1,-1,-1,1,1,1,-1,1,-1,-1,-1,1,1,1,1,-1,-1,-1,1,-1,1,-1,-1,-1,1,1,1,1,1,-1,1,-1,1,-1,1,-1,-1,-1,-1,1,1,-1,1,-1,-1,-1,1,1,1,1,-1,-1,1,-1,1,-1,-1,-1,1,1,1,1,1,-1,-1,-1,1,1,-1,-1,1,-1,1,-1,1,-1,1,-1,-1,-1,1,1,-1,1,-1,-1,1,-1,1,-1,1,-1,-1,1,-1,1,-1,1,-1,-1,-1,1,1,-1,1,-1,-1,-1,1,1,1,1,1,-1,1,-1,1,-1,1,1,-1,-1,1,1,-1,1,-1,-1,-1,1,1,1,-1,1,-1,-1,1,1,1,-1,1,-1,-1,1,1,-1,-1,1,-1,-1,1,1,-1,1,-1,-1,1,1,1,-1,-1,1,-1,1,1,1,1,-1,1,1,1,1,1,-1,1,1,-1,-1,1,1,1,-1,1,-1,1,1,1,-1,1,1,-1,1,1,1,-1,1,1,1,-1,1,1,1,-1,1,-1,-1,1,1,-1,-1,1,1,-1,1,1,-1,1,1,-1,-1,-1,-1,-1,1,1,-1,-1,1,1,-1,1,1,1,-1,1,-1,1,1,1,-1,1,1,-1,1,1,1,-1,-1,-1,1,-1,1,1,-1,1,-1,-1,-1,1,1,-1,-1,-1,1,-1,1,1,-1,-1,-1,-1,-1,1,1,1,-1,-1,1,-1,1,1,-1,-1,-1,-1,-1,1,-1,1,-1,-1,-1,1,1,1,1,-1,-1,1,-1,1,1,1,-1,1,-1,1,1,1,1,-1,-1,-1,1,-1,1,-1,-1,-1,-1,1,-1,1,-1,-1,-1,-1,1,1,1,1,-1,1,1,-1,1,1,-1,1,-1,1,1,1,-1,1,-1,1,1,1,1,1,1,-1,1,-1,1,-1,1,1,-1,1,1,-1,-1,-1,1,-1,1,-1,1,1,1,1,-1,1,-1,1,-1,1,1,-1,-1,1,-1,-1,1,1,-1,1,1,-1,-1,1,1,1,1,-1,1,1,1,-1,1,1,-1,1,1,1,-1,-1,1,-1,-1,1,1,-1,1,1,1,-1,-1,1,1,1,1,-1,-1,1,1,1,-1,1,-1,-1,-1,1,1,1,1,-1,-1,1,1,1,1,1,1,-1,1,1,1,1,1,1,-1,1,1,-1,-1,1,-1,-1,1,-1,1,1,1,1,-1,-1,1,1,-1,1,-1,1,-1,1,1,-1,1,1,-1,-1,1,-2660.0,1,2000,445,500,True
2344,-1,-1,1,1,1,1,-1,1,-1,-1,-1,1,-1,1,-1,-1,1,-1,1,1,-1,1,-1,-1,-1,1,-1,-1,-1,-1,-1,-1,1,1,-1,1,1,-1,-1,-1,1,-1,1,-1,-1,-1,-1,1,-1,-1,-1,-1,1,-1,1,-1,-1,1,-1,-1,-1,1,1,1,-1,1,-1,-1,-1,-1,1,-1,1,1,-1,-1,-1,1,-1,-1,-1,1,1,-1,-1,-1,-1,-1,-1,1,-1,-1,-1,1,-1,-1,-1,1,-1,1,1,1,-1,-1,1,-1,-1,1,1,-1,-1,1,-1,-1,1,1,-1,-1,1,-1,-1,1,1,-1,-1,1,-1,-1,1,1,-1,-1,1,-1,1,1,1,-1,-1,-1,-1,-1,1,1,1,-1,1,-1,-1,1,1,-1,-1,-1,1,-1,1,1,1,-1,1,-1,1,1,1,1,-1,1,-1,1,1,1,-1,-1,1,-1,1,1,1,-1,1,-1,1,1,1,1,-1,1,1,-1,1,1,1,-1,1,1,-1,1,1,-1,1,-1,1,-1,1,1,1,-1,-1,1,-1,1,1,-1,1,1,1,-1,1,1,1,1,1,1,-1,-1,1,1,-1,-1,1,-1,1,1,1,-1,-1,1,-1,1,1,-1,1,1,1,-1,1,1,1,-1,1,1,-1,1,1,1,1,1,1,-1,1,1,-1,1,1,-1,1,-1,1,1,1,1,-1,-1,1,1,1,1,1,-1,-1,-1,1,1,1,-1,1,1,-1,1,1,1,1,1,1,-1,1,1,-1,1,-1,1,-1,1,1,1,-1,-1,1,1,-1,1,1,1,1,1,-1,-1,1,-1,1,-1,1,1,-1,1,1,1,-1,1,-1,-1,1,1,1,-1,1,-1,1,1,1,-1,1,1,-1,1,1,-1,-1,1,1,-1,1,-1,1,1,-1,1,-1,1,1,1,-1,1,1,-1,1,1,1,-1,1,-1,-1,1,1,1,-1,1,-1,-1,1,1,1,-1,1,-1,-1,-1,-1,1,-1,1,1,-1,1,1,1,1,-1,1,-1,-1,-1,1,-1,1,-1,-1,1,-1,-1,-1,1,1,-1,1,-1,1,-1,1,-1,1,-1,1,1,1,1,-1,1,-1,1,1,-1,1,-1,-1,-1,-1,1,1,1,1,-1,-1,1,1,1,1,-1,-1,1,-1,-1,1,-1,1,-1,1,-1,1,1,-1,-1,-1,1,1,-1,1,-1,1,-1,-1,1,-1,1,1,-1,-1,-1,1,-1,-1,1,1,-1,-1,1,-1,1,1,-1,1,-1,1,-1,-1,1,1,-1,-1,1,-1,1,1,-1,-1,1,1,-1,1,-1,1,-1,1,-1,1,1,-1,1,-1,1,-1,-1,1,-1,-1,-1,1,-1,-1,1,-1,1,-1,1,-1,-1,1,-1,-1,1,-1,1,-1,1,1,1,-1,1,1,-1,1,-1,1,-1,1,-1,-1,1,-1,1,1,1,1,-1,-1,1,1,-1,1,1,-1,1,1,1,1,-1,1,1,-1,1,1,1,1,-1,-1,1,-1,1,1,1,-1,-1,1,-1,-1,1,1,-1,1,-1,-1,1,-1,1,-1,1,1,-1,1,1,1,-1,1,1,-1,-1,1,1,-1,-1,-1,-1,1,1,1,-1,-1,-1,-1,1,1,1,-1,1,1,1,-1,1,1,-1,1,1,-1,1,1,1,-1,-1,1,-1,-1,1,1,1,1,1,1,1,1,-1,1,1,1,-1,1,1,-1,1,1,1,-1,1,1,-1,1,1,1,-1,1,1,1,-1,1,-1,1,1,-1,-1,1,1,1,-1,1,-1,-1,1,1,1,1,1,1,-1,1,1,1,1,1,1,-1,1,-1,1,-1,1,-1,1,1,1,1,1,1,1,-1,1,-1,1,1,1,1,-1,1,1,-1,1,1,-1,-1,1,1,1,1,1,1,-1,1,1,-1,-1,1,-1,1,-1,1,1,-1,1,-1,-1,1,-1,1,1,1,-1,-1,1,-1,1,-1,-1,-1,-1,-1,1,-1,-1,1,-1,-1,1,-1,1,1,1,-1,-1,-1,-1,1,-1,1,-1,-1,1,-1,1,-1,1,-1,1,-1,-1,-1,-1,1,-1,-1,-1,1,-1,-1,1,1,-1,-1,1,-1,-1,1,-1,-1,-1,-1,1,-1,1,-1,1,-1,-1,1,-1,1,-1,-1,1,1,1,-1,-1,-1,-1,-1,1,-1,-1,-1,1,-1,-1,1,-1,1,1,-1,-1,-1,-1,-1,-1,1,-1,-1,-1,1,1,1,1,-1,1,-1,1,-1,-1,1,-1,1,-1,1,-1,1,1,1,-1,-1,1,-1,1,1,-1,1,-1,-1,1,1,1,-1,-1,-1,-1,-1,1,-1,1,-1,1,-1,1,1,1,1,-1,-1,-1,1,1,1,1,-1,1,-1,1,1,-1,1,-1,-1,1,1,1,1,-1,1,-1,-1,1,1,1,1,-1,1,-1,1,1,1,-1,-1,-1,-1,1,1,1,1,-1,1,-1,1,1,1,1,1,-1,-1,1,1,-1,1,1,-1,-1,-1,1,-1,1,-1,-1,-1,1,-1,-1,1,1,-1,-1,-1,1,-1,1,1,-1,-1,1,-1,-1,1,1,-1,1,1,1,-1,1,1,-1,1,-1,-1,1,1,1,-1,1,-1,1,1,1,-1,1,-1,1,-1,1,1,-1,1,1,-1,-1,1,-1,1,1,-1,-1,1,-1,1,1,-1,1,-1,-1,-1,1,-1,-1,1,-1,1,-1,1,-1,1,-1,-1,-1,1,1,-1,1,1,-1,-1,-1,1,1,-1,1,-1,-1,-1,1,1,-1,1,-1,-1,1,1,-1,-1,-1,1,-1,1,1,-1,1,1,-1,1,1,-1,-1,1,1,-1,-1,-1,1,-1,1,1,-1,1,1,-1,-1,-1,-1,1,-1,-1,-1,-1,1,-1,-1,1,1,-1,1,1,-1,1,1,1,1,-1,1,-1,1,1,1,1,-1,1,-1,-1,1,1,1,-1,1,-1,1,1,1,1,-1,1,-1,1,1,1,-1,-1,1,-1,-1,1,1,-1,-1,-1,1,-1,1,1,1,-1,1,-1,-1,1,-2660.0,1,2000,445,1500,True
2345,1,1,-1,-1,1,1,-1,1,1,1,1,-1,1,-1,1,1,-1,1,-1,-1,-1,1,1,1,1,1,-1,-1,1,1,1,1,-1,-1,-1,1,-1,1,1,1,-1,-1,1,1,1,1,1,1,-1,-1,1,1,-1,1,-1,1,-1,-1,1,1,1,-1,-1,1,1,1,1,1,1,-1,1,-1,1,1,1,1,1,1,-1,1,1,1,1,-1,-1,1,1,1,1,1,1,-1,-1,1,1,1,-1,1,-1,1,1,1,1,1,-1,-1,-1,1,1,1,1,1,-1,-1,1,1,1,1,1,-1,-1,1,1,1,1,1,-1,-1,1,1,1,1,-1,-1,-1,1,1,1,1,-1,-1,-1,-1,1,1,1,1,-1,-1,-1,1,1,1,1,1,-1,-1,-1,1,1,-1,1,-1,-1,1,-1,1,-1,1,-1,-1,-1,1,1,-1,-1,-1,1,1,1,-1,1,1,-1,-1,-1,1,-1,-1,-1,-1,-1,-1,1,-1,-1,1,-1,-1,-1,1,-1,-1,1,-1,-1,1,1,1,-1,1,-1,1,1,-1,-1,-1,1,-1,1,-1,1,1,-1,1,1,-1,-1,-1,1,-1,1,1,-1,-1,1,1,-1,1,-1,-1,-1,-1,-1,-1,1,1,-1,-1,-1,1,-1,1,-1,-1,-1,1,-1,-1,1,-1,1,-1,1,1,-1,1,1,-1,-1,1,-1,1,1,1,-1,-1,1,-1,1,1,1,1,-1,-1,1,-1,1,1,1,-1,1,1,-1,1,1,-1,-1,-1,1,1,1,1,-1,-1,1,1,-1,1,1,1,-1,1,1,1,1,1,1,-1,1,1,1,1,-1,1,-1,1,-1,1,1,1,1,-1,1,-1,1,1,1,-1,-1,1,-1,-1,1,1,-1,1,-1,1,1,1,1,-1,1,-1,1,-1,1,1,1,1,1,-1,1,1,1,1,1,1,-1,1,-1,1,-1,1,1,-1,1,-1,1,1,-1,1,1,1,-1,1,1,-1,1,-1,1,1,-1,1,-1,1,-1,-1,1,-1,1,-1,1,-1,1,-1,-1,1,1,-1,-1,1,1,-1,1,-1,1,-1,1,-1,1,1,-1,1,-1,1,1,-1,1,-1,-1,1,1,-1,-1,1,-1,1,1,1,1,-1,1,1,-1,-1,1,-1,-1,1,-1,-1,1,-1,1,-1,-1,1,-1,-1,1,-1,-1,-1,1,-1,1,-1,1,-1,-1,1,-1,-1,-1,-1,-1,-1,1,-1,-1,1,1,-1,-1,1,-1,1,-1,-1,1,-1,1,-1,-1,1,1,-1,-1,-1,-1,-1,-1,-1,1,-1,1,-1,-1,1,1,-1,-1,-1,1,-1,1,1,-1,-1,-1,-1,-1,-1,-1,1,-1,-1,1,-1,1,1,1,1,-1,-1,1,-1,-1,1,-1,-1,-1,-1,-1,1,-1,1,-1,-1,-1,-1,1,-1,1,-1,-1,1,-1,1,1,1,-1,-1,-1,1,1,-1,1,-1,-1,-1,1,1,1,-1,1,1,-1,1,1,1,1,1,1,1,-1,1,1,-1,1,-1,1,-1,-1,1,-1,-1,1,-1,-1,1,-1,-1,-1,1,1,-1,1,1,-1,-1,1,1,-1,-1,1,-1,-1,-1,-1,-1,1,1,-1,-1,-1,-1,-1,1,1,-1,-1,1,1,1,1,1,-1,1,-1,1,-1,-1,1,-1,-1,-1,1,-1,-1,1,1,-1,1,1,1,-1,1,1,-1,-1,1,-1,-1,1,1,-1,-1,1,-1,1,1,-1,-1,1,1,-1,1,1,-1,-1,1,-1,1,1,1,1,-1,1,-1,-1,-1,1,1,-1,1,-1,1,-1,1,1,-1,-1,1,1,1,1,1,-1,1,1,-1,-1,1,1,-1,-1,1,1,-1,1,1,-1,-1,1,-1,-1,1,1,-1,-1,-1,1,-1,1,1,-1,-1,1,1,-1,1,1,1,-1,1,-1,-1,-1,-1,1,-1,1,-1,-1,1,-1,-1,1,-1,1,-1,1,1,-1,-1,1,-1,-1,1,-1,1,-1,1,-1,-1,1,1,-1,-1,1,-1,-1,-1,1,1,-1,1,-1,-1,-1,1,-1,-1,1,-1,-1,-1,1,1,1,1,1,-1,-1,1,1,-1,1,1,-1,-1,1,1,-1,1,-1,-1,-1,1,1,1,-1,1,-1,-1,1,1,1,-1,1,-1,-1,1,1,-1,-1,1,-1,-1,1,1,-1,1,-1,-1,1,1,1,1,-1,1,-1,1,1,1,1,-1,1,1,1,1,1,1,1,1,-1,-1,-1,1,1,-1,1,-1,1,1,1,-1,1,1,-1,1,1,1,1,-1,1,1,-1,1,1,-1,1,1,-1,-1,1,1,-1,-1,1,1,-1,1,-1,-1,1,1,-1,-1,-1,1,-1,1,1,-1,-1,1,1,-1,1,1,1,-1,1,-1,1,1,1,-1,1,1,-1,-1,1,-1,-1,-1,-1,1,-1,1,1,-1,1,1,-1,-1,1,1,-1,-1,-1,1,-1,1,1,-1,-1,1,-1,-1,1,1,1,-1,-1,1,-1,1,1,-1,-1,1,-1,-1,1,-1,1,-1,-1,-1,1,1,1,1,-1,1,-1,-1,1,1,1,-1,1,-1,1,1,1,1,-1,-1,-1,1,-1,1,-1,-1,-1,-1,1,-1,1,-1,-1,-1,-1,1,1,1,-1,-1,1,1,-1,1,1,-1,1,-1,1,1,1,-1,1,-1,1,-1,1,1,1,1,-1,1,1,1,-1,1,1,-1,1,1,-1,-1,-1,1,-1,1,-1,1,1,1,1,-1,1,-1,1,1,-1,1,-1,-1,1,-1,-1,1,1,-1,1,1,-1,-1,1,1,1,1,-1,1,1,1,-1,1,1,-1,1,1,-1,-1,-1,1,-1,-1,1,1,-1,1,1,1,-1,-1,-1,1,1,1,-1,-1,1,1,1,-1,1,-1,-1,-1,1,1,1,1,-1,-1,1,1,1,1,1,1,-1,1,1,1,1,1,1,-1,1,1,-1,-1,1,-1,-1,1,-1,1,1,1,1,-1,-1,1,1,-1,1,-1,1,-1,1,1,-1,1,1,-1,-1,1,-2660.0,1,2000,445,500,True
2346,-1,-1,1,1,1,1,-1,1,-1,-1,-1,1,-1,1,-1,-1,1,-1,1,1,1,1,-1,-1,-1,1,-1,-1,1,-1,-1,-1,1,1,-1,1,1,-1,-1,-1,1,-1,1,-1,-1,-1,-1,-1,1,-1,-1,-1,1,-1,1,-1,-1,1,-1,-1,-1,1,1,1,-1,-1,-1,-1,-1,-1,1,-1,-1,-1,-1,-1,1,1,-1,-1,-1,1,1,-1,-1,-1,-1,-1,-1,1,-1,-1,-1,-1,-1,-1,-1,1,-1,1,-1,-1,-1,-1,1,-1,-1,-1,-1,-1,-1,1,-1,-1,-1,-1,-1,-1,1,-1,-1,-1,-1,-1,-1,1,-1,-1,1,-1,-1,-1,1,-1,-1,1,-1,-1,-1,1,-1,-1,1,-1,-1,-1,-1,-1,-1,-1,-1,-1,-1,1,1,-1,1,1,-1,-1,1,-1,-1,-1,-1,-1,-1,1,1,-1,-1,-1,-1,-1,1,-1,-1,1,-1,-1,1,-1,1,-1,-1,-1,-1,1,1,-1,-1,1,-1,1,1,1,1,-1,1,-1,-1,1,1,1,-1,1,-1,-1,-1,1,1,-1,1,-1,-1,1,1,1,1,1,-1,1,1,1,1,1,-1,1,-1,-1,1,1,1,-1,1,1,-1,1,1,1,-1,1,-1,1,1,1,1,-1,1,-1,-1,1,1,1,1,1,-1,1,1,1,-1,-1,1,-1,1,-1,1,-1,1,1,-1,1,-1,1,-1,1,1,-1,1,-1,1,-1,1,1,1,-1,1,1,-1,-1,1,-1,-1,1,1,-1,1,1,1,-1,-1,1,-1,-1,1,-1,1,-1,1,1,-1,1,-1,-1,-1,1,-1,-1,1,-1,1,-1,-1,1,-1,1,1,1,-1,1,-1,-1,1,1,-1,-1,1,-1,-1,1,-1,1,-1,1,-1,-1,1,1,-1,1,1,-1,1,-1,1,-1,1,1,-1,1,1,1,1,1,1,-1,1,1,1,1,1,-1,-1,1,1,1,1,1,-1,-1,1,-1,1,1,1,-1,-1,1,-1,1,-1,1,1,-1,1,-1,1,1,1,1,-1,-1,1,1,1,-1,-1,-1,1,1,-1,-1,1,1,-1,1,-1,1,-1,1,-1,1,1,-1,1,1,1,-1,-1,1,-1,1,-1,1,-1,-1,1,-1,1,1,1,1,-1,1,1,-1,1,1,-1,-1,1,-1,-1,1,-1,1,-1,-1,1,-1,1,1,-1,-1,1,1,-1,1,-1,1,-1,-1,1,-1,1,-1,-1,-1,-1,1,-1,-1,1,1,-1,-1,1,-1,1,1,-1,1,-1,1,-1,1,-1,1,-1,-1,-1,-1,-1,-1,-1,1,-1,1,-1,1,-1,1,-1,-1,-1,1,1,-1,1,-1,-1,-1,-1,1,-1,-1,-1,-1,-1,1,-1,-1,1,-1,1,-1,-1,1,-1,-1,1,-1,-1,-1,1,-1,1,-1,1,-1,-1,-1,-1,1,-1,1,-1,-1,1,-1,1,1,1,-1,-1,-1,1,1,-1,1,-1,-1,-1,1,1,1,-1,1,1,-1,1,1,1,1,1,-1,1,-1,1,1,-1,1,-1,1,1,-1,1,-1,-1,1,-1,-1,1,-1,-1,-1,1,1,-1,1,1,-1,-1,1,1,-1,-1,1,-1,-1,-1,-1,-1,1,1,-1,-1,-1,-1,-1,1,1,-1,-1,1,1,1,-1,1,-1,-1,1,1,-1,1,1,-1,-1,-1,1,-1,-1,1,1,-1,1,1,1,1,1,-1,1,1,1,-1,1,1,1,-1,1,1,-1,1,1,-1,1,1,1,-1,1,1,-1,-1,1,-1,1,1,1,-1,1,1,1,-1,1,1,1,1,1,1,1,1,1,1,1,1,1,1,1,1,-1,1,-1,1,-1,1,1,1,1,1,1,1,1,-1,1,1,-1,1,1,1,1,1,1,1,-1,1,1,1,1,1,1,1,1,1,1,-1,1,1,1,-1,1,-1,-1,1,1,1,-1,1,1,1,1,-1,1,1,1,-1,1,1,-1,1,-1,1,1,-1,-1,-1,1,-1,1,-1,1,1,-1,1,-1,1,1,1,1,-1,1,-1,1,1,-1,1,-1,1,-1,1,1,-1,-1,-1,1,1,1,-1,1,1,-1,1,1,1,1,-1,-1,1,-1,-1,1,1,-1,-1,-1,-1,1,1,1,-1,-1,1,-1,1,1,1,1,-1,-1,-1,1,1,1,-1,-1,-1,1,-1,1,1,-1,-1,1,-1,1,1,1,-1,-1,1,-1,1,1,1,-1,-1,1,1,1,1,1,1,-1,1,-1,1,1,-1,1,-1,-1,1,1,1,1,-1,-1,1,-1,1,1,1,1,-1,-1,1,1,1,1,1,-1,-1,-1,1,-1,1,1,1,-1,1,1,1,1,1,-1,-1,1,1,1,1,1,1,-1,1,1,-1,1,-1,-1,1,1,1,1,1,1,-1,-1,1,1,1,1,1,-1,-1,1,1,1,1,1,1,-1,1,1,1,1,1,1,-1,1,1,1,1,1,1,-1,1,1,-1,1,1,-1,-1,1,1,-1,1,1,1,-1,1,-1,-1,1,1,1,-1,-1,1,-1,1,1,1,-1,1,1,-1,1,-1,1,-1,1,1,-1,1,1,1,-1,-1,1,1,1,1,-1,1,-1,1,1,1,1,-1,1,-1,1,1,1,-1,-1,1,-1,1,1,-1,1,-1,-1,-1,1,-1,1,-1,1,-1,-1,1,-1,1,-1,-1,-1,-1,1,-1,1,-1,1,-1,-1,-1,1,1,-1,1,-1,-1,-1,-1,1,-1,1,1,-1,1,-1,1,1,1,1,-1,-1,1,1,-1,-1,1,1,1,1,-1,-1,1,-1,-1,1,1,-1,-1,1,-1,-1,-1,-1,1,-1,1,-1,1,1,-1,1,-1,-1,-1,-1,-1,-1,-1,-1,1,-1,1,1,1,-1,1,1,-1,1,1,-1,-1,-1,1,-1,1,1,1,1,-1,1,-1,1,1,1,-1,-1,1,-1,1,1,1,1,-1,1,-1,1,1,-1,-1,-1,1,-1,-1,1,1,-1,-1,-1,1,-1,1,-1,1,-1,1,-1,-1,1,-2660.0,1,2000,445,1500,True
2347,1,1,-1,-1,1,1,-1,1,1,1,1,-1,-1,1,1,1,-1,1,-1,-1,-1,1,1,1,1,1,-1,-1,1,1,1,1,-1,-1,-1,1,-1,1,1,1,-1,-1,1,1,1,1,1,1,-1,-1,1,1,-1,1,-1,-1,1,-1,1,1,1,-1,-1,-1,1,1,1,1,1,-1,1,-1,1,1,1,1,-1,1,-1,1,1,-1,1,-1,-1,1,1,1,1,1,1,1,-1,1,1,1,-1,-1,-1,1,1,1,1,1,-1,-1,-1,1,1,1,1,-1,-1,-1,1,1,1,1,1,-1,-1,1,1,1,1,-1,-1,-1,1,1,1,1,-1,-1,-1,1,1,1,1,-1,-1,-1,1,1,1,1,1,-1,-1,-1,1,1,1,-1,1,-1,1,-1,1,1,-1,-1,-1,-1,1,-1,1,-1,1,-1,-1,-1,1,1,-1,-1,-1,1,1,1,-1,1,1,-1,-1,-1,1,-1,-1,-1,-1,-1,-1,1,-1,-1,1,-1,-1,-1,1,-1,-1,1,-1,-1,1,1,1,-1,1,-1,1,-1,1,-1,-1,1,-1,1,-1,1,1,-1,1,1,-1,-1,-1,1,-1,1,1,-1,-1,1,1,-1,1,-1,-1,-1,1,-1,-1,1,1,-1,-1,-1,1,-1,1,-1,-1,-1,1,-1,-1,1,-1,1,-1,1,1,-1,1,1,-1,-1,1,-1,1,1,1,-1,-1,1,-1,1,1,1,1,-1,-1,1,-1,1,1,1,-1,1,1,-1,1,1,-1,-1,1,1,1,1,1,-1,-1,1,1,-1,1,1,1,-1,1,1,1,1,1,1,-1,1,-1,1,1,-1,1,-1,1,-1,1,1,1,1,-1,1,-1,1,1,1,-1,-1,1,1,-1,1,1,-1,1,1,-1,1,1,1,-1,1,1,1,-1,1,1,1,1,1,-1,1,1,1,1,1,1,-1,1,-1,1,-1,1,1,-1,1,-1,1,1,-1,1,1,1,-1,1,1,1,1,-1,1,1,-1,1,-1,1,-1,-1,1,-1,1,-1,1,-1,1,-1,-1,1,1,1,1,1,1,1,1,1,-1,-1,1,-1,1,1,-1,1,-1,1,1,-1,1,-1,-1,1,1,-1,-1,1,-1,1,1,1,1,-1,1,1,-1,-1,1,-1,-1,1,1,-1,1,-1,1,-1,-1,1,-1,-1,1,-1,-1,-1,1,-1,1,-1,1,-1,-1,1,-1,-1,-1,-1,-1,-1,1,-1,-1,1,1,-1,-1,1,-1,1,-1,-1,1,-1,1,-1,-1,1,1,-1,-1,-1,1,-1,-1,-1,1,-1,1,-1,-1,1,1,-1,-1,-1,1,-1,1,1,-1,-1,-1,-1,-1,-1,-1,-1,-1,-1,1,-1,1,1,-1,1,-1,-1,1,-1,-1,1,-1,-1,-1,-1,-1,1,-1,1,-1,-1,-1,-1,1,-1,1,-1,-1,-1,-1,1,1,1,-1,-1,-1,-1,1,-1,1,-1,-1,-1,-1,1,1,-1,1,1,-1,-1,1,1,1,1,1,1,1,1,1,-1,1,-1,1,-1,-1,1,-1,-1,1,-1,-1,1,-1,-1,-1,1,1,-1,-1,1,-1,-1,1,1,-1,-1,1,-1,-1,-1,-1,-1,-1,1,-1,-1,-1,-1,-1,-1,1,-1,-1,1,1,1,1,1,-1,1,-1,1,-1,-1,1,-1,-1,-1,1,-1,-1,1,1,-1,1,1,1,-1,1,1,-1,-1,1,-1,-1,1,1,-1,-1,1,-1,1,1,-1,-1,1,1,-1,1,1,-1,-1,1,-1,1,1,1,1,-1,1,1,-1,-1,1,1,-1,1,1,1,-1,1,1,-1,-1,1,1,1,1,1,-1,1,1,-1,-1,1,1,-1,-1,1,1,-1,1,1,-1,-1,1,1,-1,1,1,-1,-1,-1,1,-1,1,1,-1,-1,1,1,-1,1,1,1,-1,1,-1,-1,-1,-1,1,-1,1,-1,-1,1,-1,-1,1,-1,1,-1,1,1,-1,-1,1,-1,-1,1,-1,1,-1,1,-1,-1,1,1,-1,-1,1,-1,-1,-1,1,1,-1,1,-1,-1,-1,1,-1,-1,1,-1,-1,-1,1,1,1,1,1,-1,-1,1,1,-1,1,1,-1,-1,1,1,-1,1,-1,-1,-1,1,1,1,-1,1,-1,-1,1,1,1,-1,1,-1,-1,1,1,-1,-1,1,-1,-1,1,1,-1,1,-1,-1,1,1,1,-1,-1,1,-1,1,1,1,1,-1,1,1,1,1,1,-1,1,1,-1,-1,1,1,1,-1,1,-1,1,1,1,-1,1,1,-1,1,1,1,-1,1,1,1,-1,1,1,1,-1,1,-1,-1,1,1,-1,-1,1,1,-1,1,1,-1,1,1,-1,-1,-1,1,-1,1,1,-1,-1,1,-1,-1,1,1,1,-1,1,-1,1,1,1,-1,1,1,-1,-1,1,-1,-1,-1,-1,-1,1,1,1,-1,1,-1,-1,-1,1,1,-1,-1,1,-1,-1,1,1,-1,-1,-1,-1,-1,1,1,1,-1,-1,1,-1,1,1,-1,-1,-1,-1,-1,1,-1,1,-1,-1,-1,1,1,1,1,-1,-1,1,-1,1,1,1,-1,1,-1,1,1,1,1,-1,-1,-1,1,-1,1,-1,-1,-1,-1,1,-1,1,-1,-1,-1,-1,1,1,1,-1,-1,1,1,-1,1,1,-1,1,-1,1,1,1,1,1,-1,1,1,1,1,1,1,-1,1,-1,1,-1,1,1,-1,1,1,-1,1,1,1,-1,1,-1,1,1,1,1,1,1,-1,1,-1,1,1,-1,-1,1,-1,-1,1,1,-1,1,1,-1,-1,1,1,1,1,-1,1,1,1,1,1,1,-1,1,1,1,1,-1,1,-1,-1,1,-1,1,-1,1,1,-1,-1,1,1,1,1,-1,-1,1,1,1,1,1,-1,-1,-1,1,1,1,1,-1,-1,1,-1,1,1,1,1,-1,1,1,1,1,1,1,-1,1,1,1,1,1,-1,-1,1,-1,1,1,1,1,-1,-1,1,1,1,1,-1,1,-1,1,1,-1,1,1,-1,-1,1,-2660.0,1,2000,445,500,True
2348,-1,-1,1,1,1,1,-1,1,-1,-1,-1,1,-1,1,-1,-1,1,-1,1,1,-1,1,-1,-1,-1,1,-1,-1,-1,-1,-1,-1,1,1,-1,1,1,-1,-1,-1,1,-1,1,-1,-1,-1,-1,1,-1,-1,-1,-1,1,-1,1,-1,-1,1,-1,-1,-1,1,1,1,-1,-1,-1,-1,-1,-1,1,-1,-1,-1,-1,-1,-1,1,-1,-1,-1,1,1,-1,-1,-1,-1,-1,-1,1,-1,-1,-1,-1,-1,-1,-1,1,-1,1,-1,-1,-1,-1,1,-1,-1,-1,-1,-1,-1,1,-1,-1,-1,-1,-1,-1,1,-1,-1,-1,-1,-1,-1,1,-1,-1,1,-1,-1,-1,1,-1,-1,1,-1,-1,-1,-1,-1,-1,1,-1,-1,-1,1,-1,-1,-1,-1,-1,-1,-1,1,-1,1,1,-1,-1,1,1,-1,-1,-1,-1,-1,1,1,-1,-1,-1,-1,-1,1,-1,-1,1,-1,-1,1,-1,1,-1,-1,-1,-1,1,1,-1,-1,1,-1,1,1,1,1,-1,1,-1,-1,1,1,1,-1,1,-1,-1,-1,1,1,-1,1,-1,-1,1,1,1,1,1,-1,1,1,1,1,1,-1,1,-1,-1,1,1,1,-1,1,1,-1,1,1,1,-1,1,-1,1,1,1,1,-1,1,-1,-1,1,1,1,1,1,-1,1,1,1,-1,-1,1,-1,1,-1,1,-1,1,1,-1,1,-1,1,-1,1,1,-1,1,-1,1,-1,1,1,1,-1,1,1,-1,-1,1,-1,-1,1,1,1,1,1,1,-1,-1,1,-1,-1,1,-1,1,-1,1,1,-1,1,-1,-1,-1,1,-1,-1,1,-1,1,-1,-1,1,-1,1,1,1,-1,1,-1,-1,1,1,-1,-1,-1,-1,-1,1,-1,1,-1,1,-1,-1,1,1,-1,1,-1,-1,1,-1,1,-1,-1,-1,-1,1,1,1,1,1,1,-1,1,1,1,1,1,-1,-1,1,1,1,1,1,-1,-1,1,-1,1,1,1,-1,-1,1,-1,1,-1,1,1,-1,1,-1,1,1,1,1,-1,-1,1,1,1,-1,-1,-1,1,1,-1,-1,1,1,-1,1,-1,1,-1,1,-1,1,1,-1,1,1,1,-1,1,1,-1,1,-1,1,-1,-1,1,-1,1,1,1,1,-1,1,1,-1,1,1,-1,-1,1,-1,-1,1,-1,1,-1,-1,1,-1,1,1,-1,-1,-1,1,-1,1,-1,1,-1,1,1,-1,1,-1,-1,-1,-1,1,-1,-1,1,1,-1,-1,1,-1,1,1,-1,1,-1,1,-1,1,-1,1,-1,-1,-1,-1,-1,-1,-1,-1,-1,1,-1,1,-1,1,-1,-1,-1,1,-1,1,1,-1,-1,-1,-1,-1,-1,-1,-1,-1,-1,1,-1,-1,1,-1,-1,-1,-1,1,-1,-1,1,-1,-1,-1,-1,-1,1,-1,-1,-1,-1,-1,1,1,-1,1,-1,-1,1,-1,1,1,1,-1,-1,-1,-1,1,-1,1,-1,-1,-1,-1,1,1,-1,1,1,-1,1,1,1,1,1,1,1,-1,1,1,-1,1,-1,1,-1,1,-1,-1,-1,1,-1,-1,1,-1,-1,1,1,1,-1,1,1,-1,1,1,1,-1,-1,1,-1,-1,1,-1,-1,1,1,-1,-1,-1,-1,-1,1,1,-1,1,1,1,1,-1,1,-1,-1,1,1,-1,1,1,-1,-1,-1,1,-1,-1,1,1,-1,1,1,1,1,1,-1,1,1,1,-1,1,1,1,-1,1,1,-1,1,1,-1,1,1,1,-1,1,1,-1,-1,1,-1,1,1,1,-1,1,1,1,-1,1,1,1,1,1,1,1,1,1,1,1,1,1,1,1,1,-1,1,-1,1,-1,1,1,1,1,1,1,1,1,-1,1,1,-1,1,1,1,1,1,1,1,-1,1,1,1,1,1,1,1,1,1,1,-1,1,1,-1,1,1,-1,-1,1,1,1,1,1,1,1,1,-1,1,-1,1,-1,1,1,-1,1,-1,1,1,-1,-1,-1,1,-1,1,-1,1,1,-1,1,1,1,1,1,1,-1,1,1,1,1,-1,1,-1,1,-1,1,1,-1,-1,-1,1,1,1,-1,1,1,-1,1,1,1,1,-1,-1,1,-1,1,1,1,-1,-1,-1,-1,1,1,1,-1,-1,1,-1,1,1,1,1,-1,-1,-1,1,1,1,-1,-1,-1,1,-1,1,1,-1,-1,1,-1,1,1,1,-1,-1,1,-1,1,1,1,-1,-1,1,1,1,1,1,1,-1,1,-1,1,1,1,1,-1,-1,1,1,1,1,-1,-1,1,-1,1,1,1,1,-1,-1,1,1,1,1,1,-1,-1,-1,1,-1,1,1,1,-1,1,1,1,1,1,-1,-1,1,1,1,1,1,1,-1,1,1,-1,1,-1,-1,1,1,1,1,1,1,-1,-1,1,1,1,1,1,-1,-1,1,1,1,1,1,1,-1,1,1,1,1,1,1,-1,1,1,1,1,1,1,-1,1,1,-1,1,1,-1,-1,1,1,-1,1,1,1,-1,1,-1,-1,1,1,1,-1,-1,1,-1,1,1,1,-1,1,1,-1,1,-1,1,-1,1,1,-1,1,1,1,-1,-1,1,1,1,1,-1,1,-1,1,1,1,1,-1,1,-1,1,1,1,-1,-1,1,-1,1,1,-1,1,-1,-1,1,1,-1,1,-1,1,-1,-1,1,-1,1,-1,-1,-1,1,1,-1,1,-1,-1,-1,-1,-1,1,1,-1,1,-1,-1,1,-1,1,-1,-1,1,-1,1,-1,1,1,1,1,-1,1,1,1,-1,-1,1,1,1,1,1,-1,1,-1,-1,1,1,-1,-1,1,-1,-1,1,-1,1,-1,1,-1,1,1,1,-1,-1,1,-1,-1,1,-1,-1,-1,1,-1,1,-1,1,-1,1,1,-1,1,1,1,1,-1,1,-1,1,1,1,1,-1,1,-1,1,1,1,1,-1,1,-1,1,1,1,1,-1,1,-1,1,1,1,-1,-1,1,-1,-1,1,1,-1,-1,-1,1,-1,1,-1,1,-1,1,-1,-1,1,-2660.0,1,2000,445,1500,True
2349,-1,-1,1,1,1,1,-1,1,-1,-1,-1,1,-1,1,-1,-1,1,-1,1,1,1,1,-1,-1,-1,1,-1,-1,-1,-1,-1,-1,1,1,-1,1,1,-1,-1,-1,1,-1,1,-1,-1,-1,-1,-1,1,-1,-1,-1,1,-1,1,-1,-1,1,-1,-1,-1,1,1,1,-1,-1,-1,-1,-1,-1,1,-1,-1,-1,-1,-1,1,1,-1,-1,-1,1,1,-1,-1,-1,-1,-1,-1,1,-1,-1,-1,-1,-1,-1,-1,1,-1,1,-1,-1,-1,-1,1,-1,-1,-1,-1,-1,-1,1,-1,-1,-1,-1,-1,-1,1,-1,-1,-1,-1,-1,-1,1,-1,-1,1,-1,-1,-1,1,-1,-1,1,-1,-1,-1,1,-1,-1,1,-1,-1,-1,-1,-1,-1,-1,-1,-1,-1,1,1,-1,1,1,-1,-1,1,1,-1,-1,-1,-1,-1,1,1,-1,-1,-1,-1,-1,1,-1,-1,1,-1,-1,1,-1,1,-1,-1,-1,-1,1,1,-1,-1,1,-1,-1,1,1,1,-1,1,-1,-1,1,1,1,-1,1,-1,-1,-1,1,1,-1,1,-1,-1,1,1,1,1,1,-1,1,1,1,1,1,-1,1,-1,-1,1,1,-1,1,-1,1,-1,1,1,1,1,-1,1,1,1,1,1,1,-1,-1,1,1,1,1,-1,1,1,1,1,1,1,1,-1,1,1,-1,1,-1,-1,-1,1,1,-1,1,1,-1,-1,1,1,-1,1,-1,1,-1,1,1,1,1,1,1,-1,1,1,1,1,1,-1,-1,-1,1,-1,1,-1,-1,-1,1,1,-1,1,1,1,-1,-1,1,1,1,-1,-1,-1,1,1,-1,-1,1,-1,-1,1,1,-1,1,-1,1,-1,1,1,1,1,-1,-1,-1,1,-1,1,1,-1,-1,1,-1,-1,1,1,-1,1,1,1,1,-1,1,-1,1,1,1,-1,1,1,-1,-1,1,1,-1,1,-1,-1,-1,1,1,-1,1,-1,-1,1,-1,1,-1,1,-1,-1,1,-1,1,-1,1,1,-1,1,-1,1,1,-1,1,-1,-1,1,1,-1,1,-1,-1,1,1,-1,-1,1,1,-1,1,-1,1,-1,1,-1,1,1,-1,1,1,1,-1,1,1,-1,1,-1,1,-1,-1,1,-1,1,1,1,1,-1,1,1,1,1,1,-1,-1,1,-1,-1,1,-1,1,-1,-1,1,-1,1,1,-1,-1,-1,1,-1,1,-1,1,-1,-1,1,-1,1,1,-1,-1,-1,1,-1,-1,1,1,-1,-1,1,-1,1,1,-1,1,-1,1,-1,-1,1,1,-1,-1,-1,-1,1,1,-1,1,-1,1,-1,1,-1,1,-1,-1,1,-1,1,-1,1,-1,-1,-1,-1,1,-1,-1,1,-1,-1,-1,1,-1,1,1,1,-1,-1,1,-1,-1,1,-1,-1,-1,1,1,1,-1,1,-1,-1,-1,-1,1,-1,1,-1,-1,1,-1,1,1,1,-1,-1,-1,1,1,-1,1,-1,-1,-1,1,1,1,-1,1,1,-1,1,1,1,1,1,-1,1,-1,1,1,-1,1,-1,1,-1,1,-1,-1,-1,1,-1,-1,1,-1,-1,-1,1,1,-1,1,1,-1,-1,1,1,-1,-1,1,-1,-1,-1,-1,-1,1,1,-1,-1,-1,-1,-1,1,1,-1,-1,1,1,1,-1,1,-1,-1,1,1,-1,1,1,-1,-1,-1,1,-1,-1,1,1,-1,1,1,1,1,1,-1,1,1,1,-1,1,1,1,-1,1,1,-1,1,1,-1,1,1,1,-1,1,1,-1,-1,1,-1,1,1,1,-1,1,1,-1,-1,1,1,-1,1,1,-1,1,1,1,1,1,1,1,1,1,1,-1,1,-1,1,-1,1,1,1,1,1,1,1,1,1,-1,1,-1,1,-1,1,1,1,-1,1,-1,1,1,1,1,1,1,1,1,1,1,-1,1,1,-1,-1,1,-1,-1,1,1,1,-1,1,1,-1,1,-1,1,1,1,-1,-1,1,-1,1,-1,1,1,-1,1,-1,1,-1,1,-1,1,1,-1,1,1,1,1,-1,1,-1,1,-1,1,1,-1,1,-1,1,-1,1,1,-1,1,1,1,1,1,-1,1,1,-1,1,1,1,1,-1,1,-1,1,-1,1,1,-1,1,1,-1,1,1,1,-1,1,1,-1,1,1,1,1,1,-1,-1,1,1,1,1,1,-1,1,-1,1,1,1,1,1,-1,1,1,1,1,1,1,-1,1,-1,1,1,1,1,1,1,1,1,1,1,1,-1,1,1,1,1,1,-1,1,1,1,1,1,1,1,-1,1,1,1,1,1,-1,1,1,1,1,1,1,-1,-1,1,-1,1,1,1,-1,1,1,1,1,1,-1,-1,1,1,1,1,1,1,-1,1,1,-1,1,1,-1,1,1,1,1,1,1,-1,-1,1,1,1,1,-1,1,-1,1,1,1,1,-1,-1,-1,1,1,1,1,-1,1,-1,1,1,1,1,1,-1,-1,1,1,-1,1,1,-1,-1,-1,1,-1,1,-1,-1,-1,1,-1,-1,1,1,-1,-1,-1,1,-1,1,1,-1,-1,1,1,-1,1,1,-1,1,1,1,-1,1,1,-1,1,-1,1,1,1,1,-1,1,-1,1,1,1,-1,1,-1,1,1,1,1,-1,1,1,-1,1,1,-1,1,1,-1,-1,1,-1,1,1,-1,1,-1,1,-1,1,-1,-1,1,-1,1,-1,1,-1,1,-1,-1,-1,1,1,-1,-1,1,-1,-1,-1,1,1,-1,1,-1,-1,-1,1,1,-1,-1,-1,-1,1,1,-1,-1,-1,1,-1,1,-1,-1,1,1,-1,1,1,-1,-1,1,-1,-1,-1,-1,1,-1,1,1,-1,1,-1,1,-1,-1,-1,1,-1,-1,-1,-1,-1,-1,-1,1,1,-1,1,1,-1,1,1,-1,-1,-1,1,-1,1,1,1,1,-1,1,-1,-1,1,1,-1,-1,1,-1,1,1,1,1,-1,1,-1,1,1,-1,-1,-1,1,-1,-1,1,1,-1,-1,-1,1,-1,1,-1,1,-1,1,-1,-1,1,-2660.0,1,2000,445,1500,True
2350,-1,-1,1,1,1,1,-1,1,-1,-1,-1,1,-1,1,-1,-1,1,-1,1,1,-1,1,-1,-1,-1,1,-1,-1,1,-1,-1,-1,1,1,-1,1,1,-1,-1,-1,1,-1,1,-1,-1,-1,1,1,-1,-1,-1,-1,1,1,1,-1,-1,1,-1,-1,1,1,1,1,-1,1,-1,1,1,-1,1,-1,-1,-1,1,-1,-1,1,-1,-1,-1,1,1,-1,-1,-1,-1,1,1,1,-1,-1,-1,1,-1,1,-1,1,-1,1,1,1,1,-1,1,-1,-1,1,1,1,-1,1,-1,-1,1,1,1,-1,1,-1,-1,1,1,1,-1,1,-1,-1,1,1,-1,-1,1,-1,-1,1,1,1,-1,-1,-1,-1,1,1,1,-1,1,-1,-1,-1,1,1,-1,-1,1,-1,-1,1,1,-1,1,1,-1,-1,1,1,-1,1,1,-1,1,1,-1,-1,1,-1,-1,1,1,-1,1,-1,1,-1,1,1,-1,1,1,-1,-1,-1,1,1,1,1,1,-1,1,1,-1,1,1,1,-1,1,1,1,-1,1,1,-1,1,1,1,1,1,1,1,1,1,-1,1,1,1,1,-1,1,-1,-1,1,1,-1,1,1,-1,-1,1,1,1,1,1,-1,1,1,1,1,1,-1,1,-1,1,1,1,1,1,-1,1,1,1,1,-1,1,-1,1,-1,1,-1,-1,1,-1,1,-1,1,1,1,1,-1,1,-1,1,-1,1,1,1,-1,1,1,1,1,1,1,-1,1,1,1,-1,-1,1,-1,-1,1,-1,-1,-1,1,1,-1,1,1,1,-1,1,-1,-1,1,-1,-1,-1,-1,1,-1,-1,1,-1,-1,1,1,-1,1,-1,-1,-1,1,-1,-1,1,-1,-1,1,1,1,-1,1,-1,-1,1,1,-1,1,1,-1,1,-1,1,-1,-1,1,-1,1,1,1,1,1,1,-1,-1,1,1,1,1,-1,-1,-1,1,1,1,1,-1,-1,1,-1,1,1,1,-1,-1,1,-1,1,-1,1,1,-1,1,-1,1,1,1,1,-1,-1,1,1,1,1,-1,-1,1,1,-1,-1,1,1,-1,1,-1,1,-1,1,-1,1,1,-1,1,1,1,-1,1,1,-1,1,-1,1,-1,-1,1,-1,1,1,1,1,-1,1,1,-1,1,1,-1,-1,1,-1,-1,1,-1,1,-1,-1,1,-1,-1,1,-1,-1,-1,1,-1,1,-1,1,-1,1,1,-1,1,1,-1,-1,-1,1,-1,-1,1,1,-1,-1,1,-1,1,1,-1,1,-1,1,-1,1,1,1,-1,-1,-1,-1,1,1,-1,1,-1,1,-1,1,-1,1,-1,-1,-1,1,1,-1,1,-1,-1,-1,-1,1,-1,-1,-1,-1,-1,-1,1,-1,1,-1,1,-1,-1,1,-1,-1,1,-1,-1,-1,1,-1,1,-1,1,-1,-1,1,-1,1,-1,1,-1,-1,1,-1,1,1,1,-1,-1,-1,1,1,-1,1,-1,1,-1,1,1,1,-1,1,1,-1,1,1,1,1,1,-1,1,-1,1,1,-1,1,-1,1,-1,-1,1,-1,-1,1,-1,-1,1,-1,-1,-1,1,1,-1,1,1,-1,-1,1,1,-1,-1,1,-1,-1,-1,-1,-1,1,1,-1,-1,-1,-1,-1,1,1,-1,-1,1,1,1,-1,1,-1,-1,1,1,-1,1,1,-1,-1,-1,1,-1,-1,1,1,-1,1,1,1,1,1,-1,1,1,1,-1,1,1,1,-1,1,1,-1,1,1,-1,1,1,1,-1,1,1,-1,-1,1,-1,1,1,1,-1,1,1,1,-1,1,1,-1,1,1,1,1,1,1,1,1,1,1,1,1,1,-1,1,-1,1,-1,1,1,1,1,1,1,1,1,1,-1,1,-1,1,1,1,1,1,-1,1,-1,1,1,1,1,1,1,1,1,1,1,-1,1,1,-1,-1,1,-1,-1,1,1,1,-1,1,1,-1,1,-1,-1,1,1,-1,-1,1,-1,1,-1,-1,1,-1,1,-1,1,-1,1,-1,1,1,-1,1,1,1,-1,-1,1,-1,1,-1,1,-1,-1,1,-1,1,-1,1,-1,-1,1,1,1,1,1,-1,1,1,-1,1,1,1,1,-1,1,-1,1,-1,1,-1,1,1,1,-1,1,1,-1,1,1,1,-1,1,1,1,-1,1,-1,-1,1,1,-1,1,1,-1,1,-1,-1,1,-1,1,1,-1,1,1,-1,-1,1,1,-1,1,1,-1,-1,-1,1,1,1,1,-1,-1,1,1,-1,1,1,-1,-1,1,-1,1,1,1,-1,-1,-1,1,-1,1,1,-1,1,-1,-1,1,1,1,-1,-1,-1,-1,-1,1,-1,-1,-1,1,-1,1,1,-1,-1,-1,-1,-1,1,1,1,-1,-1,-1,-1,1,1,-1,1,-1,-1,1,1,1,-1,-1,1,-1,-1,1,1,-1,-1,1,-1,-1,1,1,-1,1,-1,-1,-1,1,1,-1,-1,1,-1,-1,1,1,-1,-1,1,1,-1,1,1,-1,1,1,-1,-1,1,1,-1,1,1,-1,-1,1,-1,-1,-1,1,1,-1,-1,1,-1,1,-1,1,-1,1,1,-1,1,-1,1,-1,1,1,-1,1,1,1,-1,-1,-1,-1,1,1,-1,1,-1,1,-1,1,1,-1,1,-1,1,1,1,-1,-1,1,-1,-1,1,-1,1,-1,-1,-1,1,-1,1,-1,1,-1,-1,1,-1,1,-1,-1,-1,-1,1,-1,1,-1,1,-1,-1,-1,1,1,-1,1,-1,-1,-1,-1,1,-1,1,-1,1,-1,-1,1,1,1,1,-1,-1,1,1,-1,-1,1,1,-1,1,1,-1,1,-1,-1,1,1,-1,-1,1,-1,-1,-1,-1,1,-1,1,1,-1,1,1,-1,-1,1,-1,1,-1,-1,-1,-1,1,-1,-1,1,1,-1,1,1,-1,1,1,1,1,-1,1,-1,1,1,1,1,-1,1,-1,-1,1,1,1,-1,1,-1,1,1,1,1,-1,1,-1,1,1,1,-1,-1,1,-1,-1,1,1,-1,-1,-1,1,-1,1,1,1,-1,1,-1,-1,1,-2660.0,1,2000,445,1500,True
2351,-1,-1,-1,-1,1,1,-1,1,-1,1,1,-1,1,1,-1,-1,-1,1,-1,-1,-1,1,-1,1,1,1,-1,-1,-1,-1,1,1,-1,-1,-1,1,1,-1,1,1,-1,-1,1,-1,1,1,1,-1,1,-1,-1,1,-1,1,-1,-1,-1,1,1,1,1,-1,-1,1,-1,-1,1,1,-1,-1,1,-1,1,1,1,-1,-1,1,-1,1,1,-1,-1,-1,-1,1,1,1,-1,-1,-1,-1,1,1,1,-1,-1,1,-1,1,1,1,-1,-1,1,-1,1,1,1,-1,-1,-1,-1,1,1,1,-1,-1,1,-1,-1,1,1,1,-1,-1,-1,-1,1,1,1,-1,1,-1,1,1,1,1,-1,1,-1,-1,1,1,1,-1,1,-1,-1,1,1,1,-1,-1,1,-1,1,1,1,-1,1,-1,-1,1,-1,1,-1,1,-1,1,1,1,-1,-1,1,-1,1,1,1,-1,1,-1,1,-1,-1,1,-1,1,1,-1,1,1,1,1,1,1,-1,1,-1,1,-1,1,1,-1,-1,-1,1,1,-1,1,-1,1,-1,1,-1,1,1,-1,-1,-1,1,1,1,1,-1,-1,-1,1,-1,-1,1,-1,1,-1,-1,1,-1,1,-1,1,-1,1,-1,1,1,-1,1,-1,1,1,-1,1,-1,1,1,1,-1,1,1,-1,-1,-1,1,-1,1,-1,1,-1,1,1,-1,1,-1,-1,-1,1,1,-1,1,-1,1,-1,1,1,-1,-1,1,1,-1,-1,1,1,-1,1,1,-1,1,1,1,1,-1,1,-1,1,1,-1,1,-1,1,1,-1,1,1,1,1,1,-1,-1,1,-1,-1,-1,-1,1,-1,1,1,1,-1,1,-1,-1,1,1,1,-1,1,-1,1,1,1,-1,-1,1,-1,1,1,1,-1,1,1,-1,1,-1,1,1,-1,1,-1,1,1,1,-1,1,1,-1,1,1,1,-1,1,-1,-1,1,1,1,-1,1,-1,-1,1,1,1,-1,1,-1,-1,-1,-1,1,-1,1,1,-1,1,1,1,1,1,1,-1,-1,-1,1,-1,1,-1,-1,1,-1,-1,-1,1,1,-1,1,-1,1,-1,1,-1,1,-1,1,1,1,1,-1,1,-1,1,1,-1,1,-1,-1,-1,-1,1,1,1,1,-1,-1,1,1,1,1,-1,-1,1,-1,-1,1,-1,1,-1,1,-1,1,1,1,-1,-1,1,1,-1,1,-1,1,-1,-1,1,-1,1,1,-1,-1,-1,1,-1,-1,1,1,-1,-1,1,-1,1,1,-1,1,-1,1,-1,-1,1,1,-1,-1,1,-1,1,1,-1,-1,1,1,-1,1,-1,1,-1,1,-1,-1,1,-1,1,-1,1,-1,-1,1,-1,-1,-1,1,-1,-1,1,-1,1,-1,1,-1,-1,1,-1,-1,1,-1,1,-1,1,1,1,-1,1,1,-1,-1,-1,1,-1,1,-1,-1,1,-1,1,1,1,1,-1,-1,1,1,-1,1,1,-1,-1,1,1,1,-1,1,1,-1,1,1,1,1,-1,-1,1,-1,1,1,-1,1,-1,1,-1,-1,1,1,-1,1,-1,-1,1,-1,1,-1,1,1,-1,1,1,1,-1,1,1,-1,-1,1,1,-1,-1,-1,-1,1,1,1,-1,-1,-1,-1,1,1,1,-1,1,1,1,-1,1,1,-1,1,1,-1,1,1,1,-1,-1,1,-1,-1,1,1,-1,1,1,1,1,1,1,1,1,1,-1,1,1,-1,1,1,1,-1,1,1,-1,1,1,1,-1,1,1,1,-1,1,-1,1,-1,1,-1,1,1,1,-1,1,1,1,1,1,1,1,1,1,-1,1,1,1,1,-1,1,-1,1,-1,1,-1,1,-1,1,1,1,1,1,1,-1,1,1,-1,1,1,1,-1,-1,1,1,-1,1,1,-1,-1,1,1,1,1,1,-1,1,1,1,1,-1,1,-1,1,-1,1,1,-1,1,-1,1,1,-1,1,1,-1,1,1,1,-1,1,-1,-1,-1,1,-1,1,-1,-1,-1,-1,1,1,-1,1,1,-1,-1,1,-1,-1,1,-1,1,-1,1,1,-1,1,-1,1,-1,1,-1,-1,-1,-1,-1,-1,1,1,1,-1,-1,-1,-1,1,-1,1,-1,-1,-1,-1,-1,-1,-1,1,-1,-1,-1,1,-1,-1,1,-1,-1,-1,-1,-1,1,1,-1,-1,-1,-1,-1,1,-1,-1,-1,1,-1,-1,1,-1,1,-1,-1,-1,-1,-1,-1,-1,1,-1,-1,-1,1,1,-1,-1,-1,1,-1,1,-1,-1,-1,1,-1,-1,1,1,1,-1,-1,-1,-1,1,-1,1,1,-1,1,-1,-1,1,1,-1,-1,-1,-1,-1,-1,1,1,-1,-1,1,-1,1,1,-1,-1,-1,1,-1,1,1,-1,-1,1,-1,-1,1,1,1,-1,1,-1,1,1,1,-1,-1,1,-1,-1,1,1,1,-1,1,-1,-1,1,1,-1,1,1,-1,-1,1,1,-1,1,1,-1,-1,1,1,-1,1,1,-1,-1,1,1,1,1,1,1,-1,-1,1,1,1,1,-1,-1,1,-1,1,1,1,1,-1,-1,1,-1,1,1,1,-1,1,1,1,1,-1,1,-1,1,1,1,1,1,1,1,-1,1,1,1,1,-1,1,-1,1,1,1,1,1,-1,1,1,1,1,-1,1,1,-1,1,1,-1,1,1,-1,-1,1,1,1,1,-1,1,-1,1,1,1,-1,-1,1,-1,1,1,1,-1,1,-1,-1,-1,1,1,-1,-1,1,-1,-1,1,1,-1,-1,1,-1,-1,1,1,1,-1,1,-1,-1,1,1,-1,-1,-1,1,-1,1,1,-1,1,1,-1,1,1,-1,-1,1,-1,-1,-1,1,1,-1,1,1,-1,1,1,-1,-1,-1,-1,1,-1,-1,-1,-1,1,-1,-1,1,1,-1,1,1,-1,1,1,1,1,-1,1,-1,1,1,1,-1,-1,1,-1,-1,1,1,-1,-1,1,-1,1,1,1,-1,-1,1,-1,1,1,1,1,-1,1,-1,-1,1,1,-1,-1,-1,1,-1,1,-1,1,-1,1,-1,-1,1,-2660.0,1,2000,445,1500,True
2352,-1,-1,1,1,1,1,-1,1,-1,-1,-1,1,-1,1,-1,-1,1,-1,1,1,1,-1,-1,-1,-1,1,-1,-1,-1,-1,-1,-1,1,1,-1,-1,1,-1,-1,-1,1,-1,-1,-1,-1,-1,-1,-1,1,1,-1,-1,1,-1,1,-1,-1,1,-1,-1,-1,1,1,1,-1,-1,-1,-1,-1,-1,-1,1,-1,-1,-1,-1,1,-1,1,-1,-1,1,1,-1,1,-1,-1,1,-1,1,-1,-1,1,1,-1,-1,-1,1,1,1,-1,1,-1,-1,1,1,1,-1,-1,-1,-1,1,1,1,-1,1,-1,-1,1,1,1,-1,-1,-1,-1,1,1,1,-1,1,-1,-1,1,1,1,-1,-1,-1,-1,1,1,1,-1,1,-1,-1,-1,1,1,1,1,-1,-1,1,-1,1,1,1,1,-1,1,1,1,1,-1,1,-1,1,-1,1,1,1,-1,-1,1,1,1,-1,1,-1,1,-1,-1,1,1,1,-1,1,1,1,1,-1,1,1,1,1,-1,1,-1,1,-1,1,1,-1,1,-1,1,1,-1,1,-1,1,-1,1,1,1,1,-1,-1,-1,1,-1,-1,1,-1,-1,1,1,-1,-1,1,-1,1,1,-1,1,-1,1,-1,1,-1,1,-1,1,1,-1,-1,1,1,-1,-1,1,-1,1,1,1,-1,1,1,-1,1,-1,1,-1,1,-1,1,-1,1,1,-1,1,-1,-1,-1,1,1,-1,1,-1,-1,-1,-1,1,1,-1,1,1,-1,-1,1,-1,-1,1,1,-1,1,1,1,-1,-1,1,-1,1,1,-1,1,-1,1,1,-1,1,-1,-1,-1,1,-1,-1,1,-1,1,-1,1,1,-1,1,1,1,-1,1,-1,-1,1,1,-1,-1,1,-1,1,1,-1,1,-1,1,-1,1,1,1,-1,1,1,-1,1,-1,1,-1,-1,1,-1,1,1,1,1,1,1,-1,1,1,1,1,1,-1,-1,1,1,1,1,1,-1,-1,1,1,1,1,1,-1,-1,-1,-1,1,-1,1,1,-1,1,1,1,1,1,1,-1,-1,-1,1,1,-1,-1,-1,1,-1,-1,-1,1,1,-1,1,-1,1,-1,1,-1,1,-1,1,1,1,1,-1,1,-1,1,1,-1,1,-1,-1,-1,-1,1,1,1,1,-1,-1,1,-1,1,1,-1,-1,1,-1,-1,1,-1,1,-1,1,-1,1,-1,1,-1,-1,1,1,-1,1,-1,1,-1,-1,1,-1,1,-1,-1,-1,-1,1,-1,-1,1,1,-1,-1,1,-1,1,1,-1,1,-1,1,-1,1,-1,1,-1,1,1,-1,1,-1,-1,-1,1,1,-1,1,-1,1,-1,1,-1,1,1,-1,1,-1,1,-1,-1,1,-1,-1,-1,1,-1,1,-1,1,1,-1,1,-1,-1,1,-1,-1,1,-1,1,-1,1,-1,1,-1,1,1,-1,1,-1,1,-1,1,-1,-1,1,-1,1,1,-1,1,-1,-1,1,1,-1,-1,1,-1,-1,1,1,1,1,1,1,-1,1,1,1,-1,-1,-1,1,-1,-1,-1,1,-1,-1,1,-1,1,-1,1,-1,1,-1,-1,-1,1,1,-1,1,1,-1,1,-1,1,-1,1,1,-1,1,-1,1,-1,-1,-1,-1,1,-1,1,-1,-1,-1,-1,1,-1,1,-1,1,1,1,-1,-1,1,-1,1,1,-1,1,-1,1,-1,-1,1,-1,1,-1,-1,1,1,1,1,1,-1,1,1,1,1,-1,1,-1,-1,1,1,1,-1,-1,-1,1,1,1,1,-1,-1,-1,1,-1,1,-1,1,1,-1,-1,1,1,1,-1,-1,-1,-1,1,1,1,1,1,-1,-1,1,1,1,1,-1,-1,-1,1,-1,1,-1,1,-1,-1,1,1,1,1,1,-1,-1,1,-1,1,1,1,-1,-1,1,1,-1,1,1,-1,-1,1,1,1,1,1,-1,-1,1,1,-1,1,1,1,1,-1,1,1,-1,1,-1,1,1,-1,1,1,1,1,1,1,-1,1,1,1,-1,1,-1,1,-1,1,1,1,-1,1,-1,1,-1,1,1,-1,-1,-1,1,-1,1,1,1,1,-1,-1,1,1,1,-1,-1,-1,-1,-1,1,1,1,1,1,-1,-1,1,1,1,-1,1,-1,-1,1,1,-1,-1,-1,1,-1,1,-1,1,-1,-1,1,-1,1,1,-1,-1,1,1,-1,1,-1,-1,-1,1,-1,-1,1,-1,-1,-1,1,-1,1,1,-1,-1,-1,-1,-1,-1,1,-1,-1,-1,1,1,-1,1,-1,1,-1,1,-1,-1,1,1,-1,-1,1,1,1,1,1,-1,-1,1,-1,1,1,-1,1,-1,-1,1,1,1,1,-1,-1,-1,-1,1,-1,1,-1,1,-1,1,1,1,1,-1,-1,-1,-1,1,1,1,-1,1,-1,1,1,-1,1,-1,-1,1,1,1,1,-1,1,-1,-1,1,1,1,1,1,-1,-1,1,1,1,1,1,1,-1,1,1,1,1,1,1,-1,1,1,1,1,1,1,-1,1,1,-1,1,1,-1,-1,1,1,-1,1,1,1,-1,1,-1,1,1,1,1,-1,-1,1,-1,1,-1,1,-1,1,1,-1,1,-1,1,-1,1,1,-1,1,1,1,-1,-1,-1,1,1,1,-1,1,-1,1,1,1,1,-1,1,-1,1,1,1,-1,-1,1,-1,1,1,-1,1,-1,-1,-1,-1,-1,1,-1,1,-1,-1,1,-1,1,-1,-1,-1,-1,1,-1,1,-1,1,-1,-1,-1,1,1,-1,1,-1,-1,-1,-1,1,-1,-1,1,-1,1,-1,1,1,1,1,-1,-1,1,-1,-1,-1,1,1,1,1,-1,-1,1,-1,-1,1,1,-1,-1,1,-1,-1,-1,-1,1,-1,1,-1,1,1,-1,1,-1,-1,-1,1,-1,-1,-1,-1,1,-1,1,1,1,-1,1,1,-1,1,1,-1,-1,-1,1,-1,1,1,1,1,-1,1,-1,1,1,1,-1,-1,1,-1,1,1,1,1,-1,1,-1,1,1,-1,-1,-1,1,-1,-1,1,1,-1,-1,-1,1,-1,1,-1,1,-1,1,-1,-1,1,-2660.0,1,2000,445,1500,True
2353,-1,-1,1,1,1,1,-1,1,-1,-1,-1,1,-1,1,-1,-1,1,-1,1,1,-1,1,-1,-1,-1,1,-1,-1,1,-1,-1,-1,1,1,-1,1,1,-1,-1,-1,1,-1,1,-1,-1,-1,1,1,-1,-1,-1,-1,1,1,1,-1,-1,1,-1,-1,1,1,1,1,-1,1,-1,1,1,-1,1,-1,-1,-1,1,-1,-1,1,-1,-1,-1,1,1,-1,-1,-1,-1,1,1,1,-1,-1,-1,1,-1,1,-1,1,-1,1,1,1,1,-1,1,-1,-1,1,1,1,-1,1,-1,-1,1,1,1,-1,1,-1,-1,1,1,1,-1,1,-1,-1,1,1,-1,-1,1,-1,-1,1,1,1,-1,-1,-1,-1,1,1,1,-1,1,-1,-1,-1,1,1,-1,-1,1,-1,1,1,1,-1,1,1,-1,-1,1,1,-1,1,1,-1,1,1,1,-1,1,-1,-1,1,1,-1,1,-1,1,-1,1,1,-1,1,1,-1,-1,-1,1,1,1,1,1,-1,1,1,-1,1,1,1,-1,1,1,1,-1,1,1,-1,1,1,1,1,1,1,1,1,1,-1,-1,1,1,1,-1,1,-1,-1,1,1,1,-1,1,-1,-1,1,1,1,-1,1,-1,1,1,1,1,-1,-1,1,-1,1,1,1,1,1,-1,1,1,1,-1,-1,1,-1,1,-1,1,-1,-1,1,-1,1,-1,1,-1,-1,1,-1,1,-1,1,-1,1,1,1,-1,1,1,-1,1,1,1,-1,1,1,-1,-1,-1,1,-1,-1,1,-1,-1,-1,1,1,-1,1,1,-1,-1,1,-1,-1,1,-1,-1,-1,-1,1,-1,-1,1,-1,-1,1,1,-1,1,-1,-1,-1,1,-1,-1,1,-1,-1,1,1,1,-1,1,-1,-1,1,1,-1,1,1,-1,1,-1,1,-1,-1,1,-1,1,1,1,1,1,1,-1,-1,1,1,1,1,-1,-1,-1,1,1,1,1,-1,-1,1,-1,1,1,1,-1,-1,1,-1,1,-1,1,1,-1,1,-1,1,1,1,1,-1,-1,1,1,1,1,-1,-1,1,1,-1,-1,1,1,-1,1,-1,1,-1,1,-1,1,1,-1,1,1,1,-1,1,1,-1,1,-1,1,-1,-1,1,-1,1,1,1,1,-1,1,1,-1,1,1,-1,-1,1,-1,-1,1,-1,1,-1,-1,1,-1,1,1,-1,-1,-1,1,-1,1,-1,1,-1,-1,1,-1,1,-1,-1,-1,-1,1,-1,-1,1,1,-1,-1,1,-1,1,1,-1,1,-1,1,-1,1,-1,1,-1,-1,-1,-1,1,-1,-1,1,-1,1,-1,1,-1,1,-1,-1,-1,1,1,-1,1,-1,-1,-1,-1,1,-1,-1,1,-1,-1,1,-1,1,1,1,1,-1,-1,1,-1,-1,1,-1,-1,-1,1,-1,1,-1,1,-1,-1,1,-1,1,-1,1,-1,-1,1,-1,1,1,1,-1,-1,-1,1,1,-1,1,-1,1,-1,1,1,1,-1,1,1,-1,1,1,1,1,1,-1,1,-1,1,1,-1,1,-1,1,-1,1,-1,-1,-1,1,-1,-1,1,-1,-1,-1,1,1,-1,1,1,-1,-1,1,1,-1,-1,1,-1,-1,-1,-1,-1,1,1,-1,-1,-1,-1,-1,1,1,-1,-1,1,1,1,-1,1,-1,-1,1,1,-1,1,1,-1,-1,-1,1,-1,-1,1,1,-1,1,1,1,1,1,-1,1,1,1,-1,1,1,1,-1,1,1,-1,1,1,-1,1,1,1,-1,1,1,-1,-1,1,-1,1,1,1,-1,1,1,-1,-1,1,1,1,1,1,-1,1,1,1,1,1,1,1,1,1,1,-1,1,-1,1,-1,1,1,1,1,1,1,1,1,-1,1,1,-1,1,-1,1,1,1,1,1,-1,1,1,1,1,1,1,1,1,1,1,-1,1,1,-1,-1,1,-1,-1,1,1,1,-1,1,1,-1,1,-1,-1,1,1,-1,1,1,-1,1,-1,-1,1,-1,1,-1,1,-1,1,-1,1,1,-1,1,-1,1,-1,1,1,-1,1,-1,1,-1,1,1,-1,1,-1,1,-1,-1,1,1,1,1,1,-1,1,1,-1,1,1,1,1,-1,1,-1,1,-1,1,-1,1,1,1,-1,1,1,-1,1,1,1,-1,1,1,1,-1,1,-1,-1,1,1,-1,-1,1,-1,1,-1,-1,1,-1,1,1,-1,1,1,-1,-1,1,1,-1,1,1,-1,-1,-1,1,1,1,1,-1,-1,1,1,-1,1,1,-1,-1,1,-1,1,1,1,-1,-1,-1,1,-1,1,1,-1,1,-1,-1,1,1,1,-1,-1,-1,-1,-1,1,-1,-1,-1,1,-1,1,1,-1,-1,-1,-1,-1,1,1,1,-1,-1,-1,-1,1,1,-1,1,-1,-1,1,1,1,-1,-1,1,-1,-1,1,1,-1,-1,1,-1,-1,1,1,-1,1,-1,-1,-1,1,1,-1,-1,1,-1,-1,1,1,-1,-1,1,1,-1,1,1,-1,1,1,-1,-1,1,1,-1,-1,1,-1,-1,1,-1,-1,-1,1,1,-1,-1,1,-1,1,-1,1,-1,1,1,-1,1,-1,1,-1,1,1,-1,1,1,1,-1,-1,-1,-1,1,1,-1,1,-1,1,-1,1,1,-1,1,-1,1,1,1,-1,-1,1,-1,1,1,-1,1,-1,-1,-1,1,-1,1,-1,1,-1,-1,1,-1,1,-1,-1,-1,-1,1,-1,1,-1,-1,-1,-1,-1,1,1,-1,1,-1,-1,-1,-1,1,-1,1,-1,-1,1,-1,1,1,1,1,-1,-1,1,1,-1,-1,1,1,1,1,1,-1,1,-1,-1,1,1,-1,-1,1,-1,-1,-1,-1,1,-1,1,1,1,1,1,-1,-1,-1,-1,-1,-1,-1,-1,-1,1,-1,1,1,1,-1,1,1,-1,1,1,1,1,-1,1,-1,1,1,1,1,-1,1,-1,1,1,1,1,-1,1,-1,1,1,1,1,-1,1,-1,1,1,1,-1,-1,1,-1,-1,1,1,-1,-1,-1,1,-1,1,-1,1,-1,1,-1,-1,1,-2660.0,1,2000,445,1500,True
2354,-1,-1,1,1,1,1,-1,1,-1,-1,-1,1,-1,1,-1,-1,1,-1,1,1,-1,-1,-1,-1,-1,1,-1,-1,-1,-1,-1,-1,1,1,-1,-1,1,-1,-1,-1,1,-1,-1,-1,-1,-1,1,1,-1,1,-1,-1,1,1,1,-1,-1,1,-1,-1,1,1,1,1,-1,-1,-1,1,1,-1,-1,1,-1,-1,1,-1,-1,-1,1,-1,-1,1,1,-1,1,-1,-1,1,1,1,-1,-1,-1,-1,-1,1,-1,1,1,1,-1,1,1,-1,1,1,-1,-1,1,1,-1,1,1,1,-1,1,1,-1,1,1,-1,-1,1,1,-1,1,1,-1,1,1,-1,-1,1,1,-1,1,1,1,-1,-1,1,-1,1,1,1,-1,1,1,1,-1,1,1,-1,-1,-1,1,-1,1,1,-1,1,1,1,1,1,1,-1,1,1,-1,1,1,-1,-1,1,1,-1,-1,1,-1,1,-1,-1,1,1,1,-1,1,1,1,1,1,1,1,1,1,-1,1,1,1,-1,1,1,-1,1,1,1,-1,-1,1,-1,-1,1,1,-1,1,1,-1,1,1,1,1,1,1,-1,-1,1,1,-1,-1,1,-1,1,1,-1,1,-1,1,-1,1,1,1,-1,1,1,-1,-1,1,1,-1,-1,1,-1,1,1,1,-1,1,1,-1,1,-1,1,-1,1,-1,1,-1,1,1,-1,1,-1,-1,1,1,1,-1,1,-1,-1,-1,1,1,1,-1,1,1,-1,1,1,-1,-1,1,1,-1,1,1,1,-1,-1,1,-1,1,1,-1,1,-1,1,1,-1,1,-1,-1,-1,1,-1,-1,1,-1,1,-1,1,1,-1,1,1,1,-1,1,-1,-1,1,1,-1,-1,1,-1,1,1,-1,1,-1,1,-1,1,1,1,-1,1,1,-1,1,-1,1,-1,1,1,-1,1,1,1,1,1,1,-1,1,1,1,1,1,-1,-1,1,1,1,1,1,-1,-1,1,1,1,1,1,-1,-1,-1,-1,1,-1,1,1,-1,1,1,1,1,1,1,-1,-1,-1,1,1,-1,-1,-1,1,-1,-1,-1,1,1,-1,1,-1,1,-1,1,-1,1,-1,1,1,1,1,-1,1,-1,1,1,-1,1,-1,-1,-1,-1,1,1,1,1,-1,-1,1,-1,1,1,-1,-1,1,-1,-1,1,-1,-1,-1,1,-1,1,1,1,1,-1,1,1,-1,1,-1,1,-1,-1,1,-1,1,-1,1,-1,-1,1,-1,-1,1,1,-1,-1,1,-1,1,1,1,1,-1,1,-1,1,-1,1,-1,1,1,-1,1,-1,1,-1,1,1,-1,1,-1,-1,-1,1,-1,1,1,1,-1,-1,1,-1,-1,1,-1,1,-1,1,-1,1,-1,1,-1,-1,1,-1,-1,1,-1,-1,-1,1,1,-1,1,-1,-1,-1,1,1,-1,-1,-1,1,-1,1,-1,-1,1,-1,-1,1,-1,1,-1,-1,1,-1,1,-1,1,1,-1,1,-1,-1,1,1,1,-1,1,-1,1,-1,1,-1,1,-1,-1,-1,1,-1,-1,-1,1,1,-1,1,-1,1,-1,1,-1,1,1,-1,1,1,1,1,-1,1,-1,1,-1,1,1,-1,1,-1,-1,1,1,1,-1,1,-1,-1,-1,1,1,-1,1,-1,1,1,1,1,-1,1,-1,1,1,1,1,-1,1,-1,-1,-1,1,1,-1,-1,1,1,-1,-1,1,-1,-1,1,1,1,1,1,-1,1,1,1,1,-1,-1,-1,1,1,1,1,-1,-1,-1,1,-1,1,-1,1,1,-1,-1,1,1,1,-1,1,-1,-1,1,1,1,1,1,1,-1,1,1,1,-1,-1,1,-1,1,-1,1,1,1,1,-1,1,1,1,1,1,1,-1,1,-1,1,1,1,1,-1,1,1,-1,1,1,1,1,1,1,1,1,1,1,-1,-1,1,-1,1,1,-1,-1,-1,1,1,-1,1,-1,-1,1,-1,1,1,1,-1,-1,1,-1,1,1,1,1,-1,-1,1,-1,1,1,-1,-1,1,-1,1,-1,1,-1,-1,-1,-1,1,-1,1,1,-1,1,-1,-1,1,1,1,-1,-1,-1,-1,-1,1,-1,1,-1,1,-1,-1,1,1,-1,-1,1,-1,-1,1,1,-1,-1,-1,1,-1,1,-1,1,-1,-1,1,-1,1,1,-1,-1,1,1,-1,1,-1,-1,-1,1,-1,-1,1,-1,-1,-1,1,-1,1,1,-1,-1,-1,-1,-1,-1,1,-1,-1,-1,1,1,-1,1,-1,1,-1,1,-1,-1,1,-1,-1,-1,1,1,1,1,-1,-1,-1,1,-1,1,1,-1,1,-1,-1,1,1,1,-1,-1,-1,-1,-1,1,-1,-1,-1,1,-1,1,1,-1,-1,-1,-1,-1,-1,1,1,-1,1,1,-1,1,1,-1,1,-1,-1,1,1,1,-1,-1,1,-1,-1,1,1,-1,-1,1,-1,-1,1,1,-1,1,1,-1,-1,1,1,-1,-1,1,1,-1,1,1,-1,-1,1,1,-1,1,1,-1,1,1,-1,-1,1,1,-1,-1,1,1,-1,1,-1,-1,-1,1,1,-1,-1,1,-1,1,1,1,-1,1,1,-1,1,-1,1,-1,1,1,-1,1,1,1,-1,-1,-1,-1,1,1,-1,1,-1,1,-1,1,1,-1,1,-1,1,1,1,-1,-1,1,-1,1,1,-1,1,-1,-1,-1,1,-1,1,-1,1,-1,-1,1,-1,1,-1,-1,-1,-1,1,-1,1,-1,1,-1,-1,-1,1,1,-1,1,-1,-1,-1,-1,1,1,-1,1,-1,1,-1,1,1,1,1,-1,-1,1,1,-1,-1,1,1,1,1,1,-1,1,-1,-1,1,1,-1,-1,1,-1,-1,-1,-1,1,-1,1,1,1,1,1,-1,-1,-1,-1,-1,-1,-1,-1,-1,1,-1,1,1,1,-1,1,1,-1,1,1,1,1,-1,1,-1,1,1,1,1,-1,1,-1,1,1,1,1,-1,1,-1,1,1,1,1,-1,1,-1,1,-1,1,-1,-1,1,-1,-1,1,1,-1,-1,-1,1,-1,1,1,1,-1,1,-1,-1,1,-2660.0,1,2000,445,1500,True
2355,-1,-1,1,1,1,1,-1,1,-1,-1,-1,1,-1,1,-1,-1,1,-1,1,1,1,-1,-1,-1,-1,1,-1,-1,-1,-1,-1,-1,1,1,-1,-1,1,-1,-1,-1,1,-1,-1,-1,-1,-1,-1,-1,1,1,-1,-1,1,-1,1,-1,-1,1,-1,-1,-1,1,1,1,-1,-1,-1,-1,-1,-1,-1,1,-1,-1,-1,-1,1,-1,1,-1,-1,1,1,-1,1,-1,-1,1,-1,1,-1,-1,-1,-1,-1,-1,-1,1,1,1,-1,-1,-1,-1,1,1,1,-1,-1,-1,-1,1,1,1,-1,-1,-1,-1,1,1,1,-1,-1,-1,-1,1,1,1,1,-1,-1,-1,1,1,1,-1,-1,-1,-1,1,1,1,1,-1,-1,-1,-1,1,1,1,-1,-1,-1,1,-1,1,1,1,-1,-1,1,1,1,1,-1,-1,1,1,-1,1,-1,-1,-1,-1,1,1,1,1,-1,-1,1,-1,-1,1,-1,-1,-1,1,1,1,1,1,-1,-1,1,1,1,1,1,-1,-1,1,1,-1,1,1,-1,-1,-1,1,-1,1,1,-1,-1,1,1,-1,1,1,-1,1,1,1,-1,-1,1,1,-1,-1,1,-1,1,1,-1,1,-1,1,-1,1,1,-1,1,1,1,-1,-1,1,-1,-1,1,1,-1,1,-1,1,1,1,1,-1,1,1,-1,1,-1,-1,1,-1,-1,-1,1,1,-1,-1,1,1,-1,1,1,-1,-1,-1,1,-1,1,-1,1,1,-1,1,-1,1,1,1,1,-1,-1,-1,-1,1,-1,1,-1,-1,-1,1,1,-1,1,1,-1,1,-1,1,-1,1,-1,-1,-1,1,1,-1,1,1,-1,-1,-1,1,-1,1,-1,-1,-1,-1,-1,-1,1,-1,-1,-1,1,1,-1,1,-1,-1,-1,-1,1,-1,1,-1,1,-1,-1,-1,-1,1,-1,-1,-1,-1,1,1,1,-1,-1,-1,-1,-1,1,-1,-1,-1,-1,-1,1,1,-1,-1,1,-1,-1,1,1,-1,-1,1,1,-1,-1,1,1,-1,1,-1,-1,-1,1,1,-1,-1,-1,-1,-1,1,-1,-1,1,1,1,-1,1,1,-1,1,-1,-1,-1,1,-1,1,-1,1,-1,1,1,-1,1,1,-1,-1,1,1,-1,-1,-1,1,-1,-1,-1,1,-1,1,-1,-1,-1,1,-1,-1,1,-1,1,-1,-1,1,-1,-1,1,-1,-1,1,-1,-1,-1,1,-1,-1,-1,1,-1,1,1,-1,-1,-1,-1,-1,-1,1,-1,-1,1,1,-1,-1,1,-1,-1,-1,-1,1,-1,1,-1,1,1,1,-1,-1,-1,1,-1,-1,-1,1,-1,1,1,-1,1,1,-1,1,-1,1,-1,1,1,-1,1,-1,1,1,-1,-1,-1,1,-1,1,-1,1,1,-1,1,-1,-1,1,-1,-1,1,-1,1,1,1,-1,1,-1,1,1,1,1,-1,1,-1,1,-1,1,1,-1,1,1,1,-1,1,1,1,1,-1,1,-1,-1,1,1,1,1,-1,-1,-1,1,1,1,1,1,-1,1,1,-1,-1,-1,1,-1,-1,1,1,1,-1,1,-1,1,-1,-1,-1,1,1,-1,1,1,-1,1,-1,1,-1,1,1,-1,1,-1,1,-1,-1,-1,-1,1,-1,1,-1,-1,-1,-1,1,-1,1,-1,1,1,1,-1,-1,1,-1,1,1,-1,1,-1,1,-1,-1,1,-1,1,-1,-1,1,1,1,1,1,-1,1,1,1,1,-1,1,-1,-1,1,1,1,-1,-1,-1,1,1,1,1,-1,-1,-1,1,-1,1,-1,1,1,-1,-1,1,1,1,-1,-1,-1,-1,1,1,1,1,1,-1,-1,1,1,1,1,1,-1,-1,1,-1,1,-1,1,-1,1,1,1,1,1,1,-1,-1,1,-1,1,1,1,-1,-1,1,1,-1,1,1,-1,-1,1,1,1,1,1,1,-1,1,1,-1,-1,1,-1,-1,1,1,1,-1,1,-1,-1,1,-1,1,1,1,-1,-1,1,-1,1,-1,1,1,-1,1,-1,1,-1,1,-1,-1,1,-1,1,-1,1,1,-1,1,-1,1,-1,1,-1,-1,1,-1,1,-1,1,1,-1,1,1,1,1,1,-1,1,1,1,-1,-1,1,1,-1,1,-1,1,-1,1,1,-1,-1,1,-1,1,1,1,-1,1,1,-1,-1,1,1,1,1,1,-1,1,1,1,1,1,1,-1,1,1,1,1,1,1,-1,-1,1,1,1,1,1,-1,1,-1,1,1,1,-1,1,1,1,1,1,-1,1,-1,-1,1,1,1,1,-1,1,1,1,1,1,1,-1,1,1,1,1,1,1,1,-1,1,1,1,1,1,1,1,-1,-1,1,1,1,1,-1,1,1,1,1,-1,1,1,-1,1,1,1,1,1,1,1,-1,1,1,1,-1,1,-1,1,1,1,1,1,1,-1,1,1,-1,1,1,1,-1,1,1,-1,1,1,1,-1,1,1,-1,1,1,-1,-1,1,1,1,-1,1,1,1,-1,1,1,-1,1,1,-1,-1,1,-1,-1,1,-1,1,-1,1,1,-1,1,1,-1,-1,1,1,-1,1,1,1,-1,1,1,-1,1,1,-1,-1,1,1,-1,1,1,-1,1,1,1,-1,1,1,-1,1,1,-1,1,1,-1,-1,1,1,-1,-1,1,1,-1,1,-1,1,-1,1,1,-1,-1,1,1,-1,-1,1,-1,-1,1,-1,-1,-1,1,1,-1,1,-1,1,-1,1,-1,1,1,-1,1,1,1,-1,-1,1,-1,1,-1,1,-1,-1,1,1,-1,1,-1,1,1,-1,-1,-1,1,-1,1,1,-1,-1,1,-1,1,1,1,-1,-1,1,-1,1,-1,-1,1,-1,1,-1,1,1,-1,1,-1,1,-1,-1,-1,-1,-1,-1,1,-1,1,1,1,-1,1,1,-1,-1,1,-1,-1,-1,1,-1,1,1,1,1,-1,1,-1,1,1,1,-1,-1,1,-1,1,1,1,-1,-1,1,-1,1,-1,-1,-1,-1,1,-1,-1,1,1,-1,-1,-1,-1,1,1,-1,1,-1,1,1,-1,1,-2660.0,1,2000,445,1500,True
2356,-1,-1,1,1,1,1,-1,1,-1,-1,-1,1,-1,1,-1,-1,1,-1,1,1,-1,1,-1,-1,-1,1,-1,-1,-1,-1,-1,-1,1,1,-1,1,1,-1,-1,-1,1,-1,1,-1,-1,-1,1,1,-1,-1,-1,-1,1,1,1,-1,-1,1,-1,-1,1,1,1,1,-1,1,-1,1,1,-1,1,-1,-1,-1,1,-1,-1,1,-1,-1,-1,1,1,-1,-1,-1,-1,1,1,1,-1,-1,-1,1,-1,1,-1,1,-1,1,1,1,1,-1,1,-1,-1,1,1,1,-1,1,-1,-1,1,1,1,-1,1,-1,-1,1,1,1,-1,1,-1,-1,1,1,-1,-1,1,-1,-1,1,1,1,-1,-1,-1,-1,1,1,1,-1,1,-1,-1,-1,1,1,-1,-1,1,-1,1,1,1,-1,1,1,-1,-1,1,1,-1,1,1,-1,1,1,1,-1,1,-1,-1,1,1,-1,1,-1,1,-1,1,1,-1,1,1,-1,-1,-1,1,1,1,1,1,-1,1,1,-1,1,1,1,-1,1,1,1,-1,1,1,-1,1,1,1,1,1,1,1,1,1,-1,1,1,1,1,-1,1,-1,-1,1,1,1,-1,1,-1,-1,1,1,1,-1,1,-1,1,1,1,1,-1,-1,1,-1,1,1,-1,1,1,-1,1,1,1,-1,-1,1,-1,1,-1,1,-1,-1,1,-1,1,-1,1,-1,1,1,-1,1,-1,1,-1,1,1,1,-1,1,1,-1,1,1,1,-1,1,1,1,-1,-1,1,-1,-1,1,-1,-1,-1,1,1,-1,1,1,-1,-1,1,-1,-1,1,-1,-1,-1,-1,1,-1,-1,1,-1,-1,1,1,-1,1,-1,-1,-1,1,-1,-1,1,-1,-1,1,1,1,-1,1,-1,-1,1,1,-1,1,1,-1,1,-1,1,-1,-1,1,-1,1,1,1,1,1,1,-1,-1,1,1,1,1,-1,-1,-1,1,1,1,1,-1,-1,1,-1,1,1,1,-1,-1,1,-1,1,-1,1,1,-1,1,-1,1,1,1,1,-1,-1,1,1,1,-1,-1,-1,1,1,-1,-1,1,1,-1,1,-1,1,-1,1,-1,1,1,-1,1,1,1,-1,1,1,-1,1,-1,1,-1,-1,1,-1,1,1,1,1,-1,1,1,-1,1,1,-1,-1,1,-1,-1,1,-1,1,-1,-1,1,-1,-1,1,-1,-1,-1,1,-1,1,-1,1,-1,-1,1,-1,1,1,-1,-1,-1,1,-1,-1,1,1,-1,-1,1,-1,1,1,-1,1,-1,1,-1,1,1,1,-1,-1,-1,-1,1,1,-1,1,-1,1,-1,1,-1,1,-1,-1,-1,1,1,-1,1,-1,-1,-1,-1,1,-1,-1,1,-1,-1,-1,1,-1,1,1,1,-1,-1,1,-1,-1,1,-1,-1,-1,1,1,1,-1,1,-1,-1,1,-1,1,-1,1,-1,-1,1,-1,1,1,1,-1,-1,-1,1,1,-1,1,-1,1,-1,1,1,1,-1,1,1,-1,1,1,1,1,1,1,1,-1,1,1,-1,1,-1,1,-1,1,-1,-1,-1,1,-1,-1,1,-1,-1,-1,1,1,-1,1,1,-1,-1,1,1,-1,-1,1,-1,-1,-1,-1,-1,1,1,-1,-1,-1,-1,-1,1,1,-1,-1,1,1,1,-1,1,-1,-1,1,1,-1,1,1,-1,-1,-1,1,-1,-1,1,1,-1,1,1,1,1,1,-1,1,1,1,-1,1,1,1,-1,1,1,-1,1,1,-1,1,1,1,-1,1,1,-1,-1,1,-1,1,1,1,-1,1,1,-1,-1,1,1,1,1,1,-1,1,1,1,1,1,1,1,1,1,1,-1,1,-1,1,-1,1,1,1,1,1,1,1,1,-1,1,1,-1,1,-1,1,1,1,1,1,-1,1,1,1,1,1,1,1,1,1,1,-1,1,1,-1,-1,1,-1,-1,1,1,1,-1,1,1,-1,1,-1,-1,1,1,-1,1,1,-1,1,-1,-1,1,-1,1,-1,1,-1,1,-1,1,1,-1,1,1,1,-1,1,1,-1,1,-1,1,-1,1,1,-1,1,-1,1,-1,-1,1,1,1,1,1,-1,1,1,-1,1,1,1,1,-1,1,-1,1,-1,1,-1,1,1,1,-1,1,1,-1,1,1,1,-1,1,1,1,-1,1,-1,-1,1,1,-1,-1,1,-1,1,-1,-1,1,-1,1,1,-1,1,1,-1,-1,1,1,-1,1,1,-1,-1,-1,1,1,1,1,-1,-1,1,1,-1,1,1,-1,-1,1,-1,1,1,1,-1,-1,-1,1,-1,1,1,-1,1,-1,-1,1,1,1,-1,-1,-1,-1,-1,1,-1,-1,-1,1,-1,1,1,-1,-1,-1,-1,-1,1,1,1,-1,-1,1,-1,1,1,-1,1,-1,-1,1,1,1,-1,-1,1,-1,-1,1,1,-1,-1,1,-1,-1,1,1,-1,1,-1,-1,-1,1,1,-1,-1,1,-1,-1,1,1,-1,-1,1,1,-1,1,1,-1,1,1,-1,-1,1,1,-1,-1,1,-1,-1,1,-1,1,-1,1,1,-1,-1,1,-1,1,-1,1,-1,1,1,-1,1,-1,1,-1,1,1,-1,1,1,1,-1,-1,-1,-1,1,1,-1,1,-1,1,-1,1,1,-1,1,-1,1,1,1,-1,-1,1,-1,-1,1,-1,1,-1,-1,-1,1,-1,1,-1,1,-1,-1,1,-1,1,-1,-1,-1,-1,1,-1,1,-1,1,-1,-1,-1,1,1,-1,1,-1,-1,-1,-1,1,-1,1,-1,1,-1,-1,1,1,1,1,-1,-1,1,1,-1,-1,1,1,-1,1,1,-1,1,-1,-1,1,1,-1,-1,1,-1,-1,-1,-1,1,-1,1,1,-1,1,1,-1,-1,-1,-1,1,-1,-1,-1,-1,1,-1,-1,1,1,-1,1,1,-1,1,1,1,1,-1,1,-1,1,1,1,1,-1,1,-1,-1,1,1,1,-1,1,-1,1,1,1,1,-1,1,-1,1,1,1,-1,-1,1,-1,-1,1,1,-1,-1,-1,1,-1,1,-1,1,-1,1,-1,-1,1,-2660.0,1,2000,445,1500,True
2357,-1,-1,1,1,1,1,-1,1,-1,-1,-1,1,-1,1,-1,-1,1,-1,1,1,1,1,-1,-1,-1,1,-1,-1,-1,-1,-1,-1,1,1,-1,1,1,-1,-1,-1,1,-1,1,-1,-1,-1,-1,-1,1,-1,-1,-1,1,-1,1,-1,-1,1,-1,-1,-1,1,1,1,-1,-1,-1,-1,-1,-1,1,-1,-1,-1,-1,-1,1,1,-1,-1,-1,1,1,-1,-1,-1,-1,-1,-1,1,-1,-1,-1,-1,-1,-1,-1,1,-1,1,-1,-1,-1,-1,1,-1,-1,-1,-1,-1,-1,1,-1,-1,-1,-1,-1,-1,1,-1,-1,-1,-1,-1,-1,1,-1,-1,1,-1,-1,-1,1,-1,-1,1,-1,-1,-1,1,-1,-1,1,-1,-1,-1,-1,-1,-1,-1,-1,-1,-1,1,1,-1,-1,1,-1,-1,1,-1,-1,-1,1,-1,-1,1,1,-1,1,-1,-1,-1,1,-1,-1,-1,-1,-1,1,-1,1,-1,1,-1,-1,1,1,-1,-1,1,-1,-1,1,1,1,-1,1,1,-1,1,1,1,-1,1,-1,-1,-1,1,1,-1,1,1,-1,1,1,1,1,1,-1,1,1,1,1,1,-1,1,-1,-1,1,1,-1,1,-1,1,-1,1,1,1,1,-1,1,1,1,1,1,1,-1,-1,1,1,1,1,-1,-1,1,1,-1,1,1,1,-1,1,-1,1,1,-1,-1,-1,1,1,-1,1,1,-1,-1,1,1,-1,1,-1,1,-1,1,-1,1,1,1,1,-1,1,1,1,1,1,-1,-1,-1,1,-1,1,-1,-1,-1,1,1,-1,1,1,1,-1,-1,1,-1,1,-1,-1,-1,1,1,-1,-1,1,-1,-1,1,1,-1,1,-1,-1,-1,1,1,-1,-1,-1,-1,-1,1,1,-1,1,-1,-1,1,1,-1,1,-1,-1,1,1,1,-1,1,-1,-1,1,1,1,1,1,1,-1,-1,1,1,1,1,-1,-1,-1,1,1,1,1,-1,-1,1,-1,1,1,1,-1,-1,1,-1,1,-1,1,1,-1,1,-1,1,1,1,1,-1,-1,1,1,1,-1,-1,-1,1,1,-1,-1,1,1,-1,1,-1,1,-1,1,-1,1,1,-1,1,1,1,-1,1,1,-1,1,-1,1,-1,-1,1,-1,1,1,1,1,-1,1,1,-1,1,1,-1,-1,1,-1,-1,1,-1,1,-1,-1,1,-1,1,1,-1,-1,-1,1,-1,1,-1,1,-1,1,1,-1,1,-1,-1,-1,-1,1,-1,-1,1,1,-1,-1,1,-1,1,1,-1,1,-1,1,-1,1,-1,1,-1,-1,-1,-1,-1,-1,-1,1,-1,1,-1,1,-1,1,-1,-1,-1,1,1,1,1,-1,-1,-1,-1,1,-1,-1,-1,-1,-1,1,-1,1,1,-1,1,-1,-1,1,-1,-1,1,-1,-1,-1,-1,-1,1,-1,1,-1,-1,-1,-1,1,-1,1,-1,-1,1,-1,1,1,1,-1,-1,-1,1,1,-1,1,-1,-1,-1,1,1,1,-1,1,1,-1,1,1,1,1,1,-1,1,-1,1,1,-1,1,-1,1,-1,-1,1,-1,-1,1,-1,-1,1,-1,-1,1,1,1,-1,1,1,-1,1,1,1,-1,-1,1,-1,-1,1,-1,-1,1,1,-1,-1,-1,-1,-1,1,1,-1,1,1,1,1,-1,1,-1,-1,1,1,-1,1,1,-1,-1,-1,1,-1,-1,1,1,-1,1,1,1,1,1,-1,1,1,1,-1,1,1,1,-1,1,1,-1,1,1,-1,1,1,1,-1,1,1,-1,-1,1,-1,1,1,1,-1,1,1,1,-1,1,1,-1,1,1,1,1,1,1,1,1,1,1,1,1,1,-1,1,-1,1,-1,1,1,1,1,1,1,1,1,1,-1,1,-1,1,1,1,1,1,-1,1,-1,1,1,1,1,1,1,1,1,1,1,-1,1,1,-1,-1,1,-1,-1,1,1,1,-1,1,1,-1,1,-1,-1,1,1,-1,-1,1,-1,1,-1,1,1,-1,1,-1,1,-1,1,-1,1,1,-1,1,1,1,1,-1,1,-1,1,-1,1,1,-1,1,-1,1,-1,1,1,-1,1,1,1,1,1,-1,1,1,-1,1,1,1,1,-1,1,-1,1,-1,1,1,-1,1,1,-1,1,1,1,-1,1,1,-1,1,1,1,-1,1,-1,-1,1,1,1,1,1,-1,1,-1,1,-1,1,1,1,-1,1,1,1,1,1,1,-1,1,-1,1,1,1,1,1,1,1,1,1,1,1,-1,1,1,-1,1,1,-1,1,1,1,1,1,1,1,-1,1,1,1,-1,1,-1,1,1,1,1,1,1,-1,-1,1,-1,1,1,1,-1,1,1,1,1,1,-1,-1,1,1,1,1,1,1,-1,1,1,-1,1,1,-1,1,1,1,1,1,1,-1,-1,1,1,1,1,-1,1,-1,1,1,1,1,-1,-1,-1,1,1,1,1,-1,1,-1,1,1,1,1,1,-1,-1,1,1,-1,1,1,-1,-1,1,1,-1,1,-1,-1,-1,1,-1,-1,1,1,-1,-1,-1,1,-1,1,1,-1,-1,1,1,-1,1,1,-1,-1,1,1,-1,1,1,-1,-1,-1,1,1,1,1,-1,1,-1,1,1,1,-1,-1,1,-1,1,1,1,-1,-1,1,-1,1,1,-1,1,-1,-1,-1,1,-1,1,1,-1,-1,-1,1,-1,1,-1,-1,-1,-1,1,-1,1,-1,1,-1,-1,-1,1,1,-1,1,-1,-1,-1,-1,1,-1,1,1,-1,1,-1,1,1,-1,1,-1,-1,1,1,-1,-1,1,1,1,1,-1,-1,1,-1,-1,1,1,-1,-1,1,-1,-1,-1,-1,1,-1,1,-1,1,1,-1,1,-1,-1,-1,-1,-1,-1,-1,-1,1,-1,1,1,1,-1,1,1,-1,1,1,-1,-1,-1,1,-1,1,1,1,1,-1,1,-1,1,1,1,-1,1,1,-1,1,1,1,1,-1,1,-1,1,-1,-1,-1,-1,1,-1,-1,1,1,-1,-1,1,1,-1,1,-1,1,-1,1,-1,-1,1,-2660.0,1,2000,445,1500,True
2358,-1,-1,1,1,1,1,-1,1,-1,-1,-1,1,-1,1,-1,-1,1,-1,1,1,1,1,-1,-1,-1,1,-1,-1,-1,-1,-1,-1,1,1,-1,1,1,-1,-1,-1,1,-1,1,-1,-1,-1,-1,-1,1,-1,1,-1,1,-1,1,-1,-1,1,-1,-1,-1,1,1,1,-1,-1,-1,-1,-1,-1,1,-1,-1,-1,-1,-1,-1,1,-1,-1,-1,1,1,-1,-1,-1,-1,-1,-1,1,-1,-1,-1,-1,-1,-1,-1,1,-1,1,-1,-1,-1,-1,1,-1,-1,-1,-1,-1,-1,1,-1,1,-1,-1,-1,-1,1,-1,-1,-1,-1,-1,-1,1,-1,-1,1,-1,-1,-1,1,-1,-1,1,-1,-1,-1,-1,-1,-1,1,-1,-1,-1,1,-1,-1,-1,-1,-1,-1,-1,1,-1,1,1,-1,-1,1,1,-1,-1,-1,-1,-1,1,1,-1,-1,-1,-1,-1,1,-1,-1,1,-1,-1,1,-1,1,-1,-1,-1,-1,1,1,-1,-1,1,-1,1,1,1,1,-1,1,-1,-1,1,1,1,-1,1,-1,-1,-1,1,1,-1,1,-1,-1,1,1,1,1,1,1,1,1,1,1,1,-1,1,-1,-1,1,1,-1,-1,1,1,-1,1,1,1,-1,1,-1,1,1,1,1,-1,1,-1,-1,1,1,-1,1,1,-1,1,1,1,1,-1,1,-1,1,-1,1,-1,1,1,-1,1,-1,1,-1,1,1,-1,1,-1,1,-1,1,1,1,-1,1,1,1,-1,1,-1,-1,1,1,1,1,1,1,-1,-1,1,-1,-1,1,-1,1,-1,1,1,1,1,-1,-1,-1,1,-1,-1,1,-1,1,-1,-1,1,-1,1,1,1,-1,1,-1,-1,1,1,-1,-1,1,-1,-1,1,-1,1,-1,1,-1,-1,1,1,-1,1,1,-1,1,-1,1,-1,1,1,-1,1,1,1,1,1,1,-1,1,1,1,1,1,-1,-1,1,1,1,1,1,-1,-1,1,-1,1,1,1,-1,-1,1,-1,1,-1,1,1,-1,1,-1,1,1,1,1,-1,-1,1,1,1,-1,-1,-1,1,1,-1,-1,1,1,-1,1,-1,1,-1,1,-1,1,1,-1,1,1,1,-1,1,1,-1,1,-1,1,-1,-1,1,-1,1,1,1,1,-1,1,1,-1,1,1,-1,-1,1,-1,-1,1,-1,1,-1,-1,1,-1,-1,1,-1,-1,1,1,-1,1,-1,1,-1,-1,1,-1,1,-1,-1,-1,-1,1,-1,-1,1,1,-1,-1,1,-1,1,1,-1,1,-1,1,-1,1,-1,1,-1,-1,-1,-1,1,-1,-1,-1,-1,1,-1,1,-1,1,-1,-1,-1,1,1,-1,1,-1,-1,-1,-1,1,-1,-1,-1,-1,-1,1,-1,-1,1,-1,-1,-1,-1,1,-1,-1,1,-1,-1,-1,-1,-1,1,-1,-1,-1,-1,-1,-1,1,-1,1,-1,-1,1,-1,1,1,1,-1,-1,-1,1,1,-1,1,-1,-1,-1,1,1,1,-1,1,1,-1,1,1,1,1,1,1,1,-1,1,1,-1,1,-1,1,-1,1,-1,-1,-1,1,-1,-1,1,-1,-1,-1,1,1,-1,1,1,-1,-1,1,1,-1,-1,1,-1,-1,-1,-1,-1,1,1,-1,-1,-1,-1,-1,1,1,-1,-1,1,1,1,-1,1,-1,-1,1,1,-1,1,1,-1,-1,-1,1,-1,-1,1,1,-1,1,1,1,1,1,-1,1,1,1,-1,1,1,1,-1,1,1,-1,1,1,-1,1,1,1,-1,1,1,-1,-1,1,-1,1,-1,1,-1,1,1,1,-1,1,1,-1,1,1,1,1,1,1,1,1,1,1,1,1,1,-1,1,-1,1,-1,1,1,1,1,1,1,1,1,-1,1,1,-1,1,1,1,1,1,-1,1,-1,1,1,1,1,1,1,1,1,1,1,-1,1,1,-1,1,1,-1,-1,1,1,1,1,1,1,-1,1,-1,1,-1,1,-1,1,1,-1,1,-1,1,1,-1,1,-1,1,-1,1,-1,1,1,-1,1,1,1,1,1,1,-1,1,1,1,1,-1,1,-1,1,-1,1,1,-1,-1,-1,1,1,1,-1,1,1,-1,1,1,1,1,-1,-1,1,-1,1,1,1,-1,-1,-1,-1,1,1,1,-1,-1,1,-1,1,1,1,1,-1,-1,-1,1,1,1,-1,-1,-1,1,-1,1,1,-1,-1,1,-1,1,1,1,-1,-1,1,-1,1,-1,1,-1,-1,1,1,1,1,1,1,-1,1,-1,1,1,1,-1,-1,1,1,1,1,1,-1,-1,1,-1,1,1,1,1,-1,-1,1,1,1,1,1,-1,-1,-1,1,-1,1,1,1,-1,1,1,1,1,1,-1,-1,1,1,1,1,1,1,-1,1,1,-1,1,-1,-1,1,1,1,1,1,1,-1,-1,1,-1,1,1,1,-1,-1,1,1,1,1,1,1,-1,1,1,1,1,1,1,-1,1,1,1,1,1,1,-1,1,1,-1,1,1,-1,-1,1,1,-1,1,1,1,-1,1,-1,-1,1,1,1,-1,-1,1,-1,1,1,1,-1,1,1,-1,1,-1,1,-1,1,1,-1,1,1,1,-1,-1,1,1,1,1,-1,1,-1,1,1,1,1,-1,1,-1,1,1,1,-1,-1,1,-1,1,1,-1,1,-1,-1,-1,1,-1,1,-1,1,-1,-1,1,-1,1,-1,-1,-1,-1,1,-1,1,-1,-1,-1,-1,-1,1,1,-1,1,-1,-1,1,-1,1,-1,1,-1,-1,1,-1,1,1,1,1,-1,-1,1,1,-1,-1,1,1,1,1,1,-1,1,-1,-1,1,1,-1,-1,1,-1,-1,-1,-1,1,-1,1,-1,1,1,1,-1,-1,-1,-1,-1,-1,-1,-1,-1,1,-1,1,1,1,-1,1,1,-1,1,1,1,1,-1,1,-1,1,1,1,1,-1,1,-1,1,1,1,1,-1,1,-1,1,1,1,1,-1,1,-1,1,1,-1,-1,-1,1,-1,-1,1,1,-1,-1,-1,1,-1,1,-1,1,-1,1,-1,-1,1,-2660.0,1,2000,445,1500,True
2359,-1,-1,1,1,1,1,-1,1,-1,-1,-1,1,-1,1,-1,-1,1,-1,1,1,-1,1,-1,-1,-1,1,-1,-1,-1,-1,-1,-1,1,1,-1,1,1,-1,-1,-1,1,-1,1,-1,-1,-1,1,1,-1,-1,-1,-1,1,1,1,-1,-1,1,-1,-1,1,1,1,1,-1,1,-1,1,1,-1,1,-1,-1,-1,1,-1,-1,1,-1,-1,-1,1,1,-1,-1,-1,-1,1,1,1,-1,-1,-1,1,-1,1,-1,1,-1,1,1,1,1,-1,1,-1,-1,1,1,1,-1,1,-1,-1,1,1,1,-1,1,-1,-1,1,1,1,-1,1,-1,-1,1,1,-1,-1,1,-1,-1,1,1,1,-1,-1,-1,-1,1,1,1,-1,1,-1,-1,-1,1,1,-1,-1,1,-1,1,1,1,-1,1,-1,-1,-1,1,1,-1,1,1,-1,1,1,1,-1,1,-1,-1,1,1,-1,1,-1,1,-1,1,1,-1,1,1,-1,-1,-1,1,1,1,1,1,-1,1,1,-1,1,1,1,-1,1,1,1,-1,1,1,-1,1,1,1,1,1,1,1,1,1,-1,-1,1,1,1,-1,1,-1,-1,1,1,1,-1,1,-1,1,1,1,1,-1,1,-1,1,1,1,1,-1,1,-1,-1,1,1,1,1,1,-1,1,1,1,-1,-1,1,-1,1,-1,1,-1,1,1,-1,1,-1,1,-1,1,1,-1,1,-1,1,-1,1,1,1,-1,1,1,-1,-1,1,1,-1,1,1,-1,1,1,1,-1,-1,1,-1,-1,1,-1,1,-1,1,1,-1,1,-1,-1,-1,1,-1,-1,1,-1,1,-1,1,1,-1,1,1,1,-1,1,-1,-1,1,1,-1,-1,1,-1,-1,1,-1,1,-1,1,-1,-1,1,1,-1,1,1,-1,1,-1,1,-1,1,1,-1,1,1,1,1,1,1,-1,1,1,1,1,1,-1,-1,1,1,1,1,1,-1,-1,1,-1,1,1,1,-1,-1,1,-1,1,-1,1,1,-1,1,-1,1,1,1,1,-1,-1,1,1,1,1,-1,-1,1,1,-1,-1,1,1,-1,1,-1,1,-1,1,-1,1,1,-1,1,1,1,-1,-1,1,-1,1,-1,1,-1,-1,1,-1,1,1,1,1,-1,1,1,-1,1,1,-1,-1,1,-1,-1,1,-1,1,-1,-1,1,-1,1,1,-1,-1,1,1,-1,1,-1,1,-1,-1,1,-1,1,-1,-1,-1,-1,1,-1,-1,1,1,-1,-1,1,-1,1,1,-1,1,-1,1,-1,1,-1,1,-1,-1,-1,-1,-1,-1,-1,1,-1,1,-1,1,-1,1,-1,-1,-1,1,1,1,1,-1,-1,-1,-1,1,-1,-1,-1,-1,-1,1,-1,1,1,-1,1,-1,-1,1,-1,-1,1,-1,-1,-1,-1,-1,1,-1,1,-1,-1,-1,-1,1,-1,1,-1,-1,1,-1,1,1,1,-1,-1,-1,1,1,-1,1,-1,-1,-1,1,1,1,-1,1,1,-1,1,1,1,1,1,1,1,-1,1,1,-1,1,-1,1,1,-1,1,-1,-1,1,-1,-1,1,-1,-1,-1,1,1,-1,1,1,-1,-1,1,1,-1,-1,1,-1,-1,-1,-1,-1,1,1,-1,-1,-1,-1,-1,1,1,-1,-1,1,1,1,-1,1,-1,-1,1,1,-1,1,1,-1,-1,-1,1,-1,-1,1,1,-1,1,1,1,1,1,-1,1,1,1,-1,1,1,1,-1,1,1,-1,1,1,-1,1,1,1,-1,1,1,-1,-1,1,-1,1,1,1,-1,1,1,1,-1,1,1,1,1,1,1,1,1,1,1,1,1,1,1,1,1,-1,1,-1,1,-1,1,1,1,1,1,1,1,1,-1,1,1,-1,1,1,1,1,1,1,1,-1,1,1,1,1,1,1,1,1,1,1,-1,1,1,1,-1,1,-1,-1,1,1,1,-1,1,1,1,1,-1,1,1,1,-1,1,1,-1,1,-1,-1,1,-1,-1,-1,1,-1,1,-1,1,1,-1,1,1,1,-1,1,1,-1,1,-1,1,-1,1,1,-1,1,-1,1,-1,-1,-1,-1,1,1,1,-1,1,1,-1,1,1,1,1,-1,-1,1,-1,1,1,-1,-1,-1,-1,-1,1,1,-1,1,-1,1,-1,1,1,1,-1,-1,-1,-1,1,1,-1,-1,-1,-1,1,-1,-1,1,-1,-1,1,-1,1,1,-1,-1,-1,1,-1,1,1,-1,-1,-1,1,1,1,1,-1,1,-1,1,-1,1,1,-1,-1,-1,1,1,1,1,-1,-1,-1,1,-1,1,1,-1,1,-1,-1,1,1,1,-1,-1,-1,-1,-1,1,-1,-1,-1,1,-1,1,1,-1,-1,-1,-1,-1,1,1,1,-1,-1,1,-1,1,1,-1,1,-1,-1,1,1,1,-1,-1,1,-1,-1,1,1,-1,-1,1,-1,-1,1,1,-1,1,-1,1,-1,1,1,-1,-1,1,1,-1,1,1,-1,-1,1,1,-1,1,1,-1,1,1,-1,-1,1,1,-1,-1,1,1,-1,1,-1,-1,-1,1,1,-1,-1,1,-1,1,-1,1,-1,1,1,-1,1,-1,1,-1,1,1,-1,1,1,1,-1,-1,1,-1,1,1,-1,1,-1,1,-1,1,1,-1,1,-1,1,1,1,-1,-1,1,-1,1,1,-1,1,-1,-1,-1,1,-1,1,-1,1,-1,-1,1,-1,1,-1,-1,-1,-1,1,-1,1,-1,1,-1,-1,-1,1,1,-1,1,-1,-1,-1,-1,1,-1,1,-1,-1,1,-1,1,1,1,1,-1,-1,1,1,-1,-1,1,1,1,1,1,-1,1,-1,-1,1,1,-1,-1,1,-1,-1,-1,-1,1,-1,1,-1,1,1,1,-1,-1,-1,-1,-1,-1,-1,-1,-1,1,-1,1,1,1,-1,1,1,-1,1,1,1,1,-1,1,-1,1,1,1,1,-1,1,-1,1,1,1,1,-1,1,-1,1,1,1,1,-1,1,-1,1,-1,1,-1,-1,1,-1,-1,1,1,-1,-1,-1,1,-1,1,1,1,-1,1,-1,-1,1,-2660.0,1,2000,445,1500,True
2360,-1,-1,1,1,1,1,-1,1,-1,-1,-1,1,-1,1,-1,-1,1,-1,1,1,1,1,-1,-1,-1,1,-1,-1,-1,-1,-1,-1,1,1,-1,1,1,-1,-1,-1,1,-1,1,-1,-1,-1,-1,-1,1,-1,-1,-1,1,-1,1,-1,-1,1,-1,-1,-1,1,1,1,-1,1,-1,-1,-1,-1,1,-1,1,1,-1,-1,-1,1,-1,-1,-1,1,1,-1,-1,-1,-1,-1,-1,1,-1,-1,-1,1,-1,-1,-1,1,-1,1,1,1,-1,-1,1,-1,-1,1,1,-1,-1,1,-1,-1,1,1,-1,-1,1,-1,-1,1,1,-1,-1,1,-1,-1,1,1,-1,-1,1,-1,-1,1,1,-1,-1,-1,-1,-1,1,1,1,-1,1,-1,-1,1,1,-1,-1,-1,1,-1,1,1,-1,-1,1,-1,-1,1,1,1,-1,1,-1,1,1,1,-1,-1,1,-1,1,1,1,-1,1,-1,1,1,1,1,-1,1,1,-1,1,1,1,-1,1,1,-1,1,1,1,-1,1,1,-1,-1,1,1,-1,-1,1,-1,1,-1,1,-1,1,1,-1,1,1,1,-1,-1,1,-1,-1,1,1,-1,-1,1,-1,1,1,-1,1,-1,1,-1,1,1,1,-1,1,1,-1,1,1,1,-1,-1,1,-1,1,1,1,-1,1,1,-1,1,-1,1,-1,1,-1,1,-1,1,1,-1,1,-1,-1,-1,1,1,-1,1,-1,-1,-1,-1,1,1,-1,1,1,-1,-1,1,-1,-1,1,1,-1,1,1,1,-1,-1,1,-1,1,1,-1,1,-1,1,1,-1,1,-1,-1,-1,1,-1,-1,1,-1,1,-1,1,1,-1,1,1,1,-1,1,-1,-1,1,1,-1,-1,1,-1,-1,1,-1,1,-1,1,-1,-1,1,1,-1,1,1,-1,1,-1,1,-1,1,1,-1,1,1,1,1,1,1,-1,1,1,1,1,1,-1,-1,1,1,1,1,1,-1,-1,1,-1,1,1,1,-1,-1,1,-1,1,-1,1,1,-1,1,-1,1,1,1,1,-1,-1,1,1,1,-1,-1,-1,1,1,-1,-1,1,1,-1,1,-1,1,-1,1,-1,1,1,-1,1,1,1,-1,-1,1,-1,1,-1,1,-1,-1,1,-1,1,1,1,1,-1,1,1,-1,1,1,-1,-1,1,-1,-1,1,-1,1,-1,-1,1,-1,-1,1,-1,-1,1,1,-1,1,-1,1,-1,-1,1,-1,1,-1,-1,-1,-1,1,-1,-1,1,1,-1,-1,1,-1,1,1,-1,1,-1,1,-1,1,-1,1,-1,-1,-1,-1,1,-1,-1,1,-1,1,-1,1,-1,1,-1,-1,-1,1,1,-1,1,-1,-1,-1,-1,1,-1,-1,1,-1,-1,1,-1,1,1,1,1,-1,-1,1,-1,-1,1,-1,-1,-1,1,-1,1,-1,1,-1,-1,-1,-1,1,-1,1,-1,-1,1,-1,1,1,1,-1,-1,-1,1,1,-1,1,-1,-1,-1,1,1,1,-1,1,1,-1,1,1,1,1,1,1,1,-1,1,1,1,-1,-1,1,1,-1,1,1,-1,1,-1,-1,1,-1,1,-1,1,1,-1,1,1,1,-1,1,1,-1,-1,1,1,-1,-1,-1,-1,1,1,1,-1,-1,-1,-1,1,1,1,-1,1,1,1,-1,1,1,-1,1,1,-1,1,1,1,-1,-1,1,-1,-1,1,1,-1,1,1,1,1,1,1,1,1,1,-1,1,1,-1,1,1,1,-1,1,1,-1,1,1,1,-1,1,1,1,-1,1,-1,1,1,1,-1,1,1,-1,-1,1,1,1,1,1,-1,1,1,1,-1,1,1,1,1,1,1,-1,1,-1,1,-1,1,-1,1,1,1,1,1,1,1,-1,1,-1,1,-1,1,1,-1,1,1,-1,1,1,-1,-1,1,1,1,1,1,1,-1,1,1,1,-1,1,-1,1,-1,1,1,-1,1,-1,1,1,-1,1,1,1,-1,-1,1,-1,1,-1,-1,-1,1,-1,-1,1,-1,1,-1,-1,1,-1,1,-1,1,-1,-1,1,-1,1,-1,1,-1,-1,1,-1,1,-1,1,-1,-1,-1,-1,1,1,1,-1,1,1,-1,1,1,1,1,-1,-1,1,-1,-1,1,-1,-1,-1,-1,-1,1,1,-1,1,-1,1,-1,1,1,-1,-1,-1,-1,-1,1,-1,-1,-1,-1,-1,1,-1,-1,-1,-1,-1,1,-1,1,1,-1,-1,-1,1,-1,1,1,-1,-1,-1,1,1,1,1,-1,1,-1,1,-1,1,1,-1,-1,-1,1,1,1,1,1,-1,-1,1,-1,1,1,-1,1,-1,-1,1,1,1,-1,-1,-1,-1,-1,1,-1,-1,-1,1,-1,1,1,1,1,1,-1,-1,1,1,1,1,-1,1,-1,1,1,-1,1,-1,-1,1,1,1,1,-1,1,-1,-1,1,1,1,1,1,-1,-1,1,1,1,-1,1,1,-1,1,1,1,1,1,1,-1,1,1,1,1,1,1,-1,1,1,-1,1,1,-1,-1,1,1,-1,1,1,1,-1,1,-1,-1,1,1,1,-1,-1,1,-1,1,1,1,-1,1,1,-1,1,1,1,-1,1,1,-1,1,1,1,-1,-1,-1,1,1,1,-1,1,-1,1,1,1,1,-1,1,-1,1,1,1,-1,-1,1,-1,1,1,-1,1,-1,-1,-1,1,-1,1,-1,1,-1,-1,1,-1,1,-1,-1,-1,-1,1,-1,1,-1,1,-1,-1,-1,1,1,-1,1,-1,-1,-1,-1,1,-1,-1,1,-1,1,-1,1,1,1,1,-1,-1,1,1,-1,-1,1,1,1,1,1,-1,1,-1,-1,1,1,-1,-1,1,-1,-1,-1,-1,1,-1,1,-1,1,1,1,-1,-1,-1,-1,1,-1,-1,-1,-1,1,-1,1,1,1,-1,1,1,-1,1,1,1,1,-1,1,-1,1,1,1,1,-1,1,-1,1,1,1,1,-1,1,-1,1,1,1,1,-1,1,-1,1,1,-1,-1,-1,1,-1,-1,1,1,-1,-1,-1,1,-1,1,-1,1,-1,1,-1,-1,1,-2660.0,1,2000,445,1500,True
2361,-1,-1,1,1,1,1,-1,1,-1,-1,-1,1,-1,1,-1,-1,1,-1,1,1,1,1,-1,-1,-1,1,-1,-1,-1,-1,-1,-1,1,1,-1,1,1,-1,-1,-1,1,-1,1,-1,-1,-1,-1,-1,1,-1,1,-1,1,-1,1,-1,-1,1,-1,-1,-1,1,1,1,-1,-1,-1,-1,-1,-1,1,-1,-1,-1,-1,-1,1,1,-1,1,-1,1,1,-1,-1,-1,-1,-1,-1,1,-1,-1,1,-1,-1,-1,-1,1,-1,1,-1,-1,-1,-1,1,-1,1,-1,-1,-1,-1,1,-1,1,1,-1,-1,-1,1,-1,1,-1,-1,-1,-1,1,-1,-1,1,-1,-1,-1,1,-1,1,-1,-1,-1,-1,1,-1,-1,1,-1,-1,-1,-1,-1,-1,1,-1,-1,-1,1,1,-1,1,-1,-1,-1,1,-1,-1,1,-1,-1,-1,1,-1,1,-1,-1,-1,-1,1,-1,1,1,-1,-1,1,-1,1,-1,-1,-1,-1,1,-1,-1,1,1,-1,1,1,1,1,-1,-1,-1,-1,1,1,1,-1,-1,-1,-1,-1,1,1,1,-1,-1,1,1,1,1,-1,-1,-1,1,1,1,1,1,-1,1,-1,-1,1,1,1,-1,1,-1,-1,1,1,-1,-1,1,-1,1,1,1,1,-1,1,-1,-1,1,1,-1,1,1,-1,1,-1,1,-1,-1,-1,1,-1,1,1,-1,1,1,1,1,-1,1,-1,1,1,1,1,-1,1,-1,1,1,1,-1,1,1,-1,-1,1,1,1,1,1,-1,1,1,1,1,-1,1,-1,1,1,1,-1,-1,1,-1,-1,1,1,1,-1,1,-1,-1,1,-1,1,-1,-1,1,-1,1,1,1,-1,1,-1,-1,1,1,1,1,1,-1,1,1,1,-1,-1,1,-1,1,1,1,-1,1,1,-1,-1,1,1,1,-1,1,-1,1,1,1,-1,1,1,-1,1,1,1,-1,1,-1,-1,1,1,1,-1,1,-1,-1,-1,1,1,-1,1,-1,-1,1,-1,1,-1,1,1,-1,-1,1,1,1,1,1,-1,-1,1,1,-1,1,-1,1,-1,-1,-1,-1,1,1,-1,-1,1,1,-1,1,1,-1,-1,1,1,1,1,1,-1,1,1,1,-1,1,-1,-1,-1,-1,1,1,1,1,-1,-1,1,1,1,1,-1,-1,-1,-1,-1,1,-1,-1,-1,1,-1,1,1,1,1,-1,1,1,-1,1,-1,1,-1,-1,1,-1,1,1,1,1,-1,1,-1,-1,1,1,-1,-1,1,-1,1,1,1,-1,-1,1,-1,-1,1,1,-1,1,1,-1,1,1,-1,-1,1,1,-1,1,-1,-1,-1,1,-1,-1,1,-1,-1,-1,1,-1,-1,1,-1,-1,-1,1,-1,-1,1,-1,-1,-1,1,-1,-1,1,-1,-1,-1,-1,1,-1,1,1,-1,-1,1,1,-1,-1,1,1,-1,1,-1,-1,1,-1,-1,1,-1,1,-1,-1,1,-1,1,-1,1,-1,-1,1,-1,-1,1,1,1,-1,1,-1,1,-1,-1,1,1,-1,1,1,-1,1,-1,-1,1,-1,1,-1,-1,1,-1,1,1,-1,-1,-1,1,1,1,1,1,-1,-1,1,-1,1,-1,1,-1,-1,-1,1,1,1,1,-1,-1,-1,-1,1,1,1,-1,1,1,1,1,-1,1,-1,-1,-1,1,1,1,1,-1,-1,-1,-1,1,-1,1,1,-1,1,-1,-1,1,1,1,-1,1,1,1,1,1,-1,1,1,-1,1,1,1,-1,1,1,1,-1,-1,1,-1,-1,1,1,1,-1,1,1,1,1,1,-1,1,1,1,1,1,1,1,1,1,-1,1,1,1,-1,-1,1,1,1,1,1,1,1,-1,1,1,1,1,1,1,-1,1,1,1,1,1,1,-1,-1,1,1,-1,1,1,-1,-1,1,1,1,1,1,-1,1,1,1,1,1,1,1,1,-1,1,1,-1,1,-1,1,1,1,1,1,1,1,1,1,1,1,1,1,1,1,-1,1,-1,1,1,-1,1,-1,1,1,-1,1,1,1,-1,1,1,-1,1,-1,1,1,1,-1,1,1,1,1,-1,1,-1,-1,1,-1,1,1,-1,-1,-1,1,1,1,-1,1,-1,-1,1,1,-1,-1,-1,1,-1,1,1,-1,-1,-1,1,-1,1,1,1,-1,1,1,-1,1,1,-1,-1,1,-1,-1,1,1,-1,-1,1,-1,1,1,1,-1,-1,-1,-1,-1,-1,1,-1,-1,1,1,-1,1,1,1,-1,-1,-1,-1,1,1,1,-1,1,-1,1,1,1,1,-1,1,-1,1,1,1,1,-1,-1,1,1,1,1,1,-1,-1,-1,1,-1,1,1,1,-1,1,1,1,1,1,-1,-1,1,1,1,1,1,1,-1,1,1,-1,1,-1,-1,1,1,1,1,1,1,-1,-1,1,-1,1,1,-1,-1,-1,1,1,1,1,-1,-1,-1,1,1,1,1,1,-1,-1,1,1,1,1,1,-1,-1,1,1,-1,1,1,-1,-1,-1,1,-1,1,-1,-1,-1,1,-1,-1,1,1,-1,-1,-1,1,-1,1,1,-1,-1,1,1,-1,1,-1,1,-1,1,1,-1,1,1,-1,1,-1,1,1,1,1,-1,1,-1,1,1,1,1,1,-1,1,1,1,1,1,1,1,-1,1,1,-1,1,1,-1,-1,1,-1,1,1,-1,1,-1,1,-1,1,-1,-1,1,-1,1,-1,1,-1,1,-1,-1,-1,1,1,-1,1,1,-1,-1,-1,1,-1,1,-1,1,-1,-1,1,1,-1,1,-1,-1,1,1,-1,-1,-1,1,-1,1,-1,-1,1,1,-1,1,1,-1,-1,1,-1,-1,-1,-1,1,-1,1,1,-1,1,-1,1,-1,-1,-1,1,-1,-1,-1,-1,1,-1,-1,1,1,-1,1,1,-1,1,1,-1,-1,-1,1,-1,1,1,1,1,-1,1,-1,-1,-1,1,-1,1,1,-1,1,1,1,1,-1,1,-1,1,1,-1,-1,-1,1,-1,-1,1,1,-1,1,1,1,-1,1,-1,1,-1,1,-1,-1,1,-2660.0,1,2000,445,1500,True
2362,-1,-1,1,1,1,1,-1,1,-1,-1,-1,1,-1,1,-1,-1,1,-1,1,1,1,1,-1,-1,-1,1,-1,-1,1,-1,-1,-1,1,1,-1,1,1,-1,-1,-1,1,-1,1,-1,-1,-1,-1,-1,1,-1,1,-1,1,-1,1,-1,-1,1,-1,-1,-1,1,1,1,-1,-1,-1,-1,-1,-1,1,-1,-1,-1,-1,-1,-1,1,-1,-1,-1,1,1,-1,-1,-1,-1,1,-1,1,-1,-1,-1,-1,-1,-1,-1,1,-1,1,-1,-1,-1,-1,1,-1,-1,-1,-1,-1,-1,1,-1,1,-1,-1,-1,-1,1,-1,-1,-1,-1,-1,-1,1,-1,-1,1,-1,-1,-1,1,-1,-1,-1,-1,-1,-1,-1,-1,-1,-1,-1,-1,-1,1,-1,-1,-1,-1,-1,-1,-1,1,-1,1,-1,-1,-1,1,1,-1,-1,-1,-1,-1,1,1,-1,-1,-1,-1,-1,1,-1,-1,-1,-1,-1,1,-1,1,-1,-1,-1,-1,1,1,-1,-1,1,-1,1,1,1,-1,1,-1,-1,-1,1,1,1,-1,1,-1,-1,-1,1,1,-1,1,-1,-1,1,1,1,1,1,-1,1,1,1,1,1,-1,-1,-1,-1,1,1,-1,1,-1,1,-1,1,1,1,1,-1,-1,1,1,1,1,1,1,-1,-1,1,1,1,1,1,-1,1,1,1,1,1,-1,-1,1,-1,1,-1,1,1,-1,1,-1,1,-1,1,-1,-1,1,-1,1,-1,1,1,-1,-1,1,1,1,-1,-1,-1,-1,1,1,1,1,-1,1,-1,-1,1,-1,-1,1,-1,1,-1,1,1,-1,1,-1,-1,-1,1,-1,-1,1,-1,-1,-1,-1,1,-1,-1,1,1,-1,1,-1,-1,1,1,1,-1,1,-1,-1,1,-1,1,-1,1,-1,-1,1,1,-1,1,1,-1,1,-1,1,-1,-1,1,-1,1,1,1,1,1,1,-1,-1,1,1,1,1,-1,-1,-1,1,1,1,1,-1,-1,1,-1,1,1,1,-1,-1,1,-1,1,-1,1,1,-1,1,-1,1,1,1,1,-1,-1,1,1,1,1,-1,-1,1,1,-1,-1,1,1,-1,1,-1,1,-1,1,-1,1,1,-1,1,1,1,-1,1,1,-1,1,-1,1,-1,-1,1,-1,1,1,1,1,-1,1,1,-1,1,1,-1,-1,1,-1,-1,1,-1,1,-1,-1,1,-1,1,1,-1,-1,-1,1,-1,1,-1,1,-1,1,-1,-1,1,-1,-1,-1,-1,1,-1,-1,1,1,-1,-1,1,-1,1,1,-1,1,-1,1,-1,1,-1,1,-1,-1,-1,-1,-1,-1,-1,1,-1,1,-1,1,-1,1,-1,-1,-1,1,-1,1,1,-1,-1,-1,-1,-1,-1,-1,-1,-1,-1,1,-1,-1,1,-1,1,-1,-1,1,-1,-1,1,-1,-1,-1,-1,-1,1,-1,1,-1,-1,-1,1,1,-1,1,-1,-1,1,-1,1,1,1,-1,-1,-1,-1,1,-1,1,-1,1,-1,-1,1,1,-1,1,1,-1,1,1,1,1,1,-1,1,-1,1,1,-1,1,-1,1,-1,-1,1,-1,-1,1,-1,-1,1,-1,-1,-1,1,1,-1,1,1,-1,-1,1,-1,-1,-1,1,-1,-1,-1,-1,-1,1,1,-1,-1,-1,-1,-1,1,1,-1,-1,1,1,1,-1,1,-1,-1,1,1,-1,1,1,-1,-1,-1,1,-1,-1,1,1,-1,1,1,1,1,1,-1,1,1,1,-1,1,1,1,-1,1,1,-1,1,1,-1,1,1,1,-1,1,1,-1,-1,1,-1,1,-1,1,-1,1,1,1,-1,1,1,-1,1,1,1,1,1,1,1,1,1,1,1,1,1,-1,1,-1,1,-1,1,1,1,1,1,1,1,1,1,-1,1,-1,1,1,1,1,1,-1,1,-1,1,1,1,1,1,1,1,1,1,1,-1,1,1,-1,-1,1,-1,-1,1,1,1,-1,1,1,-1,1,-1,1,1,1,1,1,1,-1,1,-1,1,1,-1,1,-1,1,-1,1,1,-1,1,-1,1,1,1,1,-1,1,-1,1,-1,1,1,-1,1,-1,1,-1,1,1,1,-1,1,1,1,1,1,-1,1,-1,1,1,1,1,1,-1,-1,1,-1,1,1,-1,-1,1,-1,1,1,1,-1,-1,1,-1,1,1,1,1,1,-1,-1,1,1,1,-1,-1,-1,1,-1,1,-1,1,-1,1,-1,1,1,1,1,-1,1,-1,1,1,1,1,-1,1,1,1,1,1,1,-1,1,-1,1,1,1,1,1,-1,1,1,1,1,-1,-1,1,-1,1,1,1,1,1,-1,1,1,1,1,1,1,-1,-1,1,-1,1,1,-1,-1,1,1,1,1,1,-1,-1,1,1,1,1,1,1,-1,1,1,-1,1,1,-1,1,1,1,1,1,1,-1,-1,1,1,1,1,1,-1,-1,1,1,1,1,1,1,-1,1,1,1,1,1,1,-1,1,1,1,1,1,1,-1,1,1,-1,1,1,1,-1,1,1,-1,1,1,1,-1,1,-1,-1,1,1,1,-1,-1,1,-1,1,1,1,-1,1,1,-1,1,-1,1,-1,1,1,-1,1,1,1,-1,-1,1,1,1,1,1,1,-1,1,1,1,1,-1,1,-1,1,1,1,-1,-1,1,-1,1,1,-1,1,-1,-1,1,1,-1,1,-1,1,-1,-1,1,-1,1,-1,-1,-1,1,1,-1,1,-1,1,-1,-1,-1,1,1,-1,1,-1,-1,1,-1,1,-1,1,-1,-1,1,-1,1,1,1,1,-1,1,1,1,-1,-1,1,1,1,1,1,-1,1,-1,-1,1,1,-1,-1,1,-1,-1,1,-1,1,-1,1,-1,1,1,1,-1,-1,-1,-1,-1,1,-1,-1,-1,1,-1,1,-1,1,-1,1,1,-1,1,1,1,1,-1,1,-1,1,1,1,1,-1,1,-1,1,1,1,1,-1,1,-1,1,1,1,1,-1,1,-1,1,1,-1,-1,-1,1,-1,-1,1,1,-1,-1,-1,1,-1,1,-1,1,-1,1,-1,-1,1,-2660.0,1,2000,445,1500,True
2363,-1,-1,1,1,1,-1,-1,1,-1,-1,-1,-1,1,1,-1,-1,1,-1,1,-1,-1,-1,-1,-1,-1,1,-1,-1,-1,-1,-1,-1,1,-1,-1,-1,1,-1,-1,1,-1,-1,-1,-1,-1,-1,-1,-1,1,1,-1,-1,1,1,-1,-1,-1,1,-1,-1,1,-1,-1,1,-1,-1,-1,-1,-1,-1,-1,1,-1,-1,1,-1,-1,-1,1,-1,-1,-1,-1,-1,1,-1,-1,1,-1,-1,-1,-1,-1,-1,1,-1,-1,1,1,1,-1,1,-1,-1,1,1,-1,-1,1,-1,-1,1,1,1,-1,1,-1,-1,1,1,-1,-1,1,1,-1,-1,1,-1,1,1,1,-1,1,1,-1,1,1,1,-1,-1,1,-1,1,1,1,-1,1,1,1,-1,1,1,-1,-1,-1,1,-1,1,1,-1,1,1,1,1,1,1,-1,1,-1,1,1,1,-1,-1,1,1,-1,-1,1,-1,1,-1,-1,1,1,1,-1,1,1,1,1,1,1,-1,1,1,-1,1,1,1,1,-1,1,-1,1,1,1,-1,-1,1,-1,1,1,1,-1,1,1,-1,-1,1,1,1,1,1,-1,-1,1,1,-1,-1,1,-1,1,1,-1,1,-1,1,-1,1,1,1,-1,1,1,-1,-1,1,1,-1,1,1,-1,1,1,1,1,1,1,-1,1,1,-1,1,1,-1,1,-1,1,-1,1,1,-1,-1,1,1,1,1,1,-1,-1,-1,1,1,-1,1,1,1,-1,1,1,1,1,1,1,-1,1,1,-1,1,-1,1,-1,1,1,1,1,-1,1,1,-1,1,1,1,1,1,-1,-1,1,-1,1,-1,1,1,-1,1,1,1,-1,1,-1,-1,1,1,1,1,1,-1,1,1,1,-1,1,1,-1,1,1,-1,-1,1,1,-1,1,-1,1,1,-1,1,-1,1,1,1,-1,1,1,-1,1,1,1,-1,1,-1,-1,1,1,1,-1,1,-1,-1,1,1,1,-1,1,-1,-1,-1,-1,1,-1,1,1,-1,1,1,1,1,-1,1,-1,-1,-1,1,-1,1,-1,-1,1,-1,-1,-1,1,1,-1,1,-1,1,-1,1,-1,1,-1,1,1,1,1,-1,1,-1,1,1,-1,1,-1,-1,-1,-1,1,1,1,1,-1,-1,1,1,1,-1,-1,-1,1,-1,-1,1,-1,-1,-1,1,-1,1,1,-1,1,-1,1,1,-1,1,-1,1,-1,-1,1,-1,1,1,1,-1,-1,1,-1,-1,1,1,-1,-1,-1,-1,1,1,1,1,-1,1,-1,-1,1,1,-1,1,1,-1,1,1,1,-1,1,1,-1,1,-1,-1,-1,1,-1,-1,1,-1,-1,-1,1,-1,-1,1,-1,1,-1,1,-1,-1,1,-1,-1,-1,1,-1,-1,1,-1,-1,-1,-1,1,-1,1,1,-1,-1,1,1,-1,-1,-1,1,-1,1,-1,-1,1,-1,-1,1,-1,1,-1,-1,1,-1,1,-1,1,-1,-1,1,-1,-1,1,1,1,-1,1,-1,1,-1,-1,-1,1,-1,-1,-1,1,-1,-1,-1,1,1,-1,1,-1,1,-1,1,-1,1,1,-1,1,1,1,1,-1,1,-1,1,-1,1,1,-1,1,-1,-1,1,1,1,-1,1,-1,-1,-1,1,1,-1,1,-1,1,1,1,1,-1,1,-1,1,1,1,1,-1,1,-1,-1,-1,1,1,-1,-1,1,1,-1,-1,1,-1,1,1,1,1,1,1,-1,-1,1,1,1,-1,-1,-1,1,1,1,1,-1,-1,-1,1,-1,1,-1,1,1,-1,-1,1,1,1,-1,1,-1,-1,1,1,1,1,1,1,-1,1,1,1,-1,-1,1,-1,1,-1,1,1,1,1,-1,1,1,1,1,1,1,-1,1,-1,1,1,1,1,-1,1,1,-1,1,1,1,-1,1,1,1,1,1,1,-1,1,1,-1,1,1,-1,-1,-1,1,1,-1,1,-1,-1,1,-1,1,1,1,-1,-1,1,-1,1,1,1,1,-1,-1,1,-1,1,1,-1,-1,1,-1,1,-1,1,-1,-1,-1,-1,1,-1,1,1,-1,1,-1,-1,1,1,1,-1,-1,-1,1,-1,1,-1,1,-1,1,-1,-1,1,1,-1,-1,-1,1,-1,1,1,-1,-1,-1,1,-1,1,-1,1,-1,-1,1,-1,1,1,-1,1,1,1,-1,1,-1,-1,-1,1,-1,-1,1,-1,-1,-1,1,-1,1,1,-1,-1,-1,-1,-1,-1,1,-1,-1,-1,1,1,1,1,-1,1,-1,1,-1,-1,1,-1,-1,-1,1,-1,1,1,-1,-1,-1,1,-1,1,1,-1,1,-1,-1,1,1,1,-1,-1,-1,-1,-1,1,-1,-1,-1,1,-1,1,1,-1,-1,-1,1,-1,1,1,1,-1,1,1,-1,1,1,1,-1,1,-1,1,1,1,-1,-1,1,-1,-1,1,1,1,1,-1,1,-1,1,1,1,-1,1,-1,-1,1,1,-1,1,-1,1,-1,1,1,1,1,1,-1,-1,1,1,1,1,1,-1,-1,-1,1,-1,1,-1,-1,-1,1,-1,1,1,1,-1,-1,-1,1,-1,1,1,-1,-1,1,1,1,1,1,-1,1,1,1,1,1,1,-1,1,-1,1,1,1,1,-1,1,-1,1,1,1,-1,1,-1,1,1,1,1,-1,-1,1,-1,1,1,-1,1,1,-1,-1,1,1,1,1,-1,1,-1,1,1,1,-1,-1,1,-1,1,1,1,-1,1,-1,-1,-1,1,1,-1,-1,1,-1,-1,1,1,1,-1,1,-1,-1,1,1,1,-1,1,-1,-1,1,1,-1,-1,-1,1,-1,-1,1,-1,1,1,-1,1,1,-1,-1,1,1,-1,-1,1,1,-1,1,1,-1,1,1,-1,-1,-1,-1,1,-1,-1,-1,-1,-1,1,-1,1,1,-1,1,1,-1,1,1,1,1,-1,1,-1,1,1,1,1,-1,1,-1,-1,1,1,1,-1,1,-1,1,1,1,1,-1,1,-1,1,1,1,-1,-1,1,-1,-1,1,1,-1,-1,-1,1,-1,1,1,1,-1,1,-1,-1,1,-2660.0,1,2000,445,1500,True
2364,-1,-1,1,1,1,1,-1,1,-1,-1,1,-1,-1,1,-1,-1,1,-1,1,-1,-1,1,-1,-1,-1,1,-1,-1,1,-1,-1,-1,1,-1,-1,1,1,-1,-1,1,-1,-1,1,-1,-1,-1,-1,-1,1,1,-1,-1,1,1,-1,-1,1,1,-1,-1,1,-1,-1,1,-1,1,-1,-1,-1,-1,1,-1,-1,-1,1,-1,-1,-1,1,-1,-1,-1,-1,-1,1,-1,-1,1,-1,-1,-1,1,-1,1,1,-1,-1,1,1,1,1,1,-1,-1,1,1,-1,1,1,-1,-1,1,1,-1,1,1,-1,-1,1,1,-1,1,1,1,-1,1,1,-1,1,1,1,-1,-1,1,-1,1,1,1,-1,-1,1,-1,1,1,1,-1,1,1,1,-1,1,1,-1,-1,-1,1,-1,1,1,-1,1,-1,1,1,1,1,-1,1,1,-1,1,1,-1,-1,-1,1,-1,1,1,-1,-1,1,-1,1,1,1,-1,-1,-1,1,1,1,1,-1,1,-1,-1,1,1,1,1,-1,-1,-1,1,1,-1,-1,-1,1,1,-1,1,1,-1,-1,1,-1,1,1,1,1,-1,-1,-1,-1,1,1,-1,-1,1,-1,1,1,-1,1,-1,-1,-1,1,1,1,-1,1,-1,-1,-1,1,-1,-1,1,-1,-1,1,1,1,1,1,-1,-1,1,1,-1,1,-1,-1,1,-1,-1,-1,1,-1,-1,-1,1,1,1,1,-1,-1,1,-1,1,1,-1,1,-1,1,-1,1,1,1,1,-1,1,-1,-1,1,-1,1,-1,1,-1,-1,-1,1,-1,-1,1,1,-1,-1,1,1,-1,1,-1,-1,-1,-1,1,-1,-1,1,-1,-1,1,1,-1,1,-1,-1,-1,1,-1,1,1,-1,-1,1,1,-1,-1,1,-1,-1,1,-1,-1,1,1,-1,1,-1,1,1,-1,1,-1,1,1,1,-1,1,1,-1,-1,1,1,-1,1,-1,-1,-1,1,1,-1,1,-1,-1,1,-1,1,-1,1,-1,-1,1,-1,1,-1,1,1,-1,1,-1,1,1,1,1,-1,-1,1,1,-1,1,-1,-1,1,1,-1,-1,1,1,-1,1,-1,1,-1,1,-1,1,1,-1,1,1,1,-1,1,1,-1,1,-1,1,-1,-1,1,-1,1,1,1,1,-1,1,1,1,1,1,-1,-1,1,-1,-1,1,-1,1,-1,-1,1,-1,1,1,-1,-1,-1,1,-1,1,-1,1,-1,-1,1,-1,1,1,-1,-1,-1,1,-1,-1,1,1,-1,-1,1,-1,1,1,-1,1,-1,1,-1,-1,1,1,-1,-1,-1,-1,1,1,-1,1,-1,1,-1,1,-1,1,-1,-1,-1,-1,1,-1,1,-1,-1,-1,-1,1,-1,-1,-1,-1,-1,-1,1,-1,1,-1,1,-1,-1,1,-1,-1,1,-1,-1,-1,1,-1,1,-1,1,-1,-1,-1,-1,1,-1,1,-1,-1,1,-1,1,1,1,-1,-1,-1,1,1,-1,1,-1,-1,-1,1,1,1,-1,1,1,-1,1,1,1,1,1,-1,1,-1,-1,1,-1,1,-1,1,-1,-1,1,1,-1,1,-1,-1,-1,1,1,-1,1,1,-1,1,-1,1,-1,1,1,-1,-1,-1,1,-1,-1,-1,-1,1,-1,1,-1,-1,-1,-1,1,-1,1,-1,1,1,1,-1,-1,1,-1,1,1,-1,1,-1,1,-1,-1,1,-1,-1,-1,-1,1,1,1,1,1,1,-1,1,1,1,-1,1,-1,1,1,1,1,-1,-1,-1,1,1,1,1,-1,1,-1,1,-1,1,-1,1,1,-1,-1,1,1,1,-1,1,-1,-1,1,1,1,1,1,1,-1,1,1,1,1,1,1,-1,1,-1,1,-1,1,1,-1,1,1,1,1,1,1,-1,1,-1,1,1,1,1,-1,1,1,-1,1,1,1,1,1,1,1,1,1,1,-1,1,1,-1,-1,1,-1,-1,1,1,1,-1,1,-1,-1,1,-1,1,1,1,-1,-1,1,-1,1,-1,-1,1,-1,1,-1,1,-1,1,-1,-1,1,-1,1,1,1,-1,-1,1,-1,1,-1,1,-1,-1,1,-1,1,-1,1,-1,-1,1,1,1,1,1,-1,1,1,-1,1,1,1,1,-1,1,-1,1,-1,1,-1,-1,1,1,-1,1,1,-1,-1,1,1,-1,1,1,1,-1,1,-1,-1,1,1,-1,1,1,-1,1,-1,-1,1,-1,1,1,-1,1,1,-1,-1,1,1,-1,1,1,-1,-1,-1,1,1,1,1,-1,1,1,1,-1,1,1,-1,-1,1,-1,1,1,1,-1,-1,-1,1,-1,1,1,-1,1,-1,-1,1,1,1,-1,-1,-1,-1,-1,1,-1,-1,-1,1,-1,1,1,-1,-1,-1,1,-1,1,1,1,-1,1,1,-1,1,1,1,-1,1,-1,1,1,1,-1,-1,1,-1,-1,1,1,1,1,-1,1,-1,1,1,1,-1,1,-1,-1,1,1,-1,1,-1,1,-1,1,1,1,1,1,-1,-1,1,1,1,1,1,-1,-1,-1,1,-1,1,-1,-1,-1,1,-1,1,1,1,-1,-1,-1,1,-1,1,1,-1,-1,1,1,1,1,1,-1,1,1,1,1,1,1,-1,1,-1,1,1,1,1,-1,1,-1,1,1,1,-1,1,-1,1,1,1,1,1,1,1,-1,1,1,-1,1,1,-1,-1,1,1,1,1,-1,1,-1,1,1,1,1,1,1,-1,1,1,1,1,1,-1,-1,-1,1,1,-1,1,1,-1,-1,1,1,-1,1,-1,1,-1,1,1,1,-1,1,-1,-1,1,1,1,1,-1,1,-1,1,1,-1,1,1,-1,1,1,1,1,1,-1,-1,-1,1,1,1,1,1,-1,1,1,-1,1,1,-1,1,-1,-1,1,1,1,-1,-1,1,1,-1,1,1,-1,1,1,1,1,1,1,-1,1,1,1,1,1,1,-1,-1,1,1,1,-1,1,-1,1,1,1,1,-1,1,-1,1,1,1,-1,1,1,-1,-1,1,1,-1,1,1,1,-1,1,1,-1,1,1,-1,-1,1,-2660.0,1,2000,445,1500,True
2365,-1,-1,1,1,1,1,-1,1,-1,-1,-1,1,-1,1,-1,-1,1,-1,1,1,-1,1,-1,-1,-1,1,-1,-1,1,-1,-1,-1,1,1,-1,1,1,1,-1,-1,1,-1,1,-1,-1,-1,-1,-1,1,-1,1,-1,1,-1,1,-1,-1,1,1,-1,-1,1,1,1,-1,1,-1,-1,-1,-1,1,-1,1,1,-1,-1,-1,1,-1,-1,-1,1,1,-1,-1,1,1,-1,-1,1,-1,-1,1,1,-1,-1,-1,1,-1,1,1,1,-1,-1,1,-1,1,1,1,-1,-1,1,-1,1,1,1,-1,-1,1,-1,-1,1,1,-1,-1,1,-1,-1,1,1,-1,-1,1,-1,1,1,1,1,-1,-1,-1,-1,1,1,1,-1,1,-1,-1,1,1,-1,-1,-1,1,-1,1,1,1,-1,1,1,-1,1,1,1,-1,1,-1,1,1,1,-1,-1,1,-1,1,1,1,-1,1,-1,1,-1,-1,1,-1,1,1,-1,1,1,1,1,1,1,-1,1,-1,1,-1,1,1,-1,-1,-1,1,1,-1,1,-1,1,-1,-1,1,1,1,-1,-1,-1,1,-1,-1,1,-1,-1,1,1,-1,-1,1,-1,1,-1,1,-1,1,1,-1,1,-1,1,-1,1,1,-1,-1,-1,1,-1,-1,1,-1,1,1,1,-1,1,1,-1,-1,-1,1,-1,1,-1,1,-1,1,1,-1,1,-1,-1,-1,1,1,-1,1,-1,1,-1,1,1,1,-1,1,1,-1,-1,1,1,-1,1,1,-1,1,1,1,-1,-1,1,-1,1,1,-1,1,-1,1,1,-1,1,-1,-1,-1,1,-1,-1,1,-1,1,-1,1,1,-1,1,1,1,-1,1,-1,-1,1,1,-1,-1,1,-1,1,1,-1,1,-1,1,-1,1,1,1,-1,1,1,-1,1,-1,1,-1,1,1,-1,1,1,1,1,1,1,-1,1,1,1,1,1,-1,-1,1,1,1,1,1,-1,-1,1,1,1,1,1,-1,-1,-1,-1,1,-1,1,1,-1,1,1,1,1,1,1,-1,-1,-1,1,1,-1,-1,-1,1,-1,-1,-1,1,1,-1,1,-1,1,-1,1,-1,1,-1,1,1,1,1,-1,1,-1,1,1,-1,1,-1,-1,-1,-1,1,1,1,1,-1,-1,1,-1,1,1,-1,-1,1,-1,-1,1,-1,1,-1,1,-1,1,1,1,-1,-1,1,1,-1,1,-1,1,-1,-1,1,-1,1,-1,-1,-1,-1,1,-1,-1,1,1,-1,-1,-1,-1,1,1,-1,1,-1,1,-1,1,-1,1,-1,1,1,-1,1,-1,-1,-1,1,1,-1,1,-1,1,-1,1,-1,1,1,1,1,-1,1,-1,-1,1,-1,-1,-1,1,-1,1,-1,1,1,-1,1,-1,-1,1,-1,-1,1,-1,1,-1,-1,-1,1,-1,1,1,-1,-1,-1,1,-1,1,-1,-1,1,-1,1,1,-1,1,-1,-1,1,1,-1,-1,1,-1,-1,1,1,1,1,1,1,-1,1,1,1,-1,1,1,1,-1,1,1,-1,1,-1,1,-1,-1,1,1,-1,1,-1,-1,1,-1,1,-1,1,1,-1,1,1,1,-1,1,1,-1,-1,1,1,-1,-1,-1,-1,1,1,1,-1,-1,-1,-1,1,1,1,-1,1,1,1,-1,1,1,-1,1,1,-1,1,1,1,-1,-1,1,-1,-1,1,1,1,1,1,1,1,1,1,1,1,1,-1,1,1,-1,1,1,1,-1,1,1,-1,1,1,1,-1,1,1,1,-1,1,-1,1,-1,1,-1,1,1,1,-1,1,1,1,1,1,1,1,1,1,-1,1,1,1,1,-1,1,1,1,-1,1,-1,1,-1,1,1,1,1,1,1,-1,1,1,-1,1,-1,1,-1,-1,1,1,-1,1,1,-1,-1,1,1,1,1,1,-1,1,1,1,-1,1,1,-1,1,-1,1,1,-1,1,-1,1,1,-1,1,1,-1,1,1,1,-1,1,1,-1,-1,1,-1,1,-1,1,-1,-1,1,1,-1,1,-1,1,-1,1,-1,-1,1,-1,1,-1,1,1,-1,-1,1,-1,-1,1,-1,-1,1,-1,1,-1,1,1,1,-1,-1,1,-1,1,-1,-1,1,-1,1,-1,-1,-1,-1,1,-1,1,-1,1,-1,-1,1,-1,1,-1,-1,-1,1,1,-1,-1,-1,-1,-1,1,-1,-1,-1,1,-1,-1,1,-1,1,1,-1,-1,-1,-1,-1,-1,1,-1,-1,-1,1,1,1,1,-1,1,-1,1,-1,-1,1,-1,-1,-1,1,-1,1,1,1,-1,-1,1,-1,1,1,-1,1,-1,-1,1,1,1,-1,-1,-1,-1,-1,1,-1,-1,-1,1,-1,1,1,1,1,-1,-1,-1,-1,1,1,1,-1,1,-1,1,1,-1,1,-1,-1,1,1,1,1,-1,1,-1,-1,1,-1,1,1,1,-1,-1,1,1,1,1,-1,1,-1,1,1,1,1,1,1,-1,1,1,1,1,1,1,-1,1,1,-1,1,1,-1,-1,1,1,-1,1,1,1,-1,1,-1,1,1,1,1,-1,-1,1,-1,1,-1,1,-1,1,1,-1,1,-1,1,-1,1,1,-1,1,1,1,-1,-1,1,1,1,1,-1,1,-1,1,1,1,1,-1,1,-1,1,1,1,-1,-1,1,-1,1,1,-1,1,-1,-1,-1,1,-1,1,-1,1,-1,-1,1,-1,1,-1,-1,-1,-1,1,-1,1,-1,1,-1,-1,-1,1,1,-1,1,-1,-1,1,-1,1,-1,1,1,-1,1,-1,1,1,1,1,-1,-1,1,1,-1,-1,1,1,1,1,1,-1,1,-1,-1,1,1,-1,-1,1,-1,-1,-1,-1,1,-1,1,1,1,1,1,-1,-1,-1,-1,-1,-1,-1,-1,-1,1,-1,1,1,1,-1,1,1,-1,1,1,1,1,-1,1,-1,1,1,1,1,-1,1,-1,1,1,1,1,-1,1,-1,1,1,1,1,-1,1,-1,1,1,1,-1,-1,1,-1,-1,1,1,-1,-1,-1,1,-1,1,-1,1,-1,1,-1,-1,1,-2660.0,1,2000,445,1500,True
2366,-1,-1,1,1,1,1,-1,1,-1,-1,-1,1,-1,1,-1,-1,1,-1,1,1,1,1,-1,-1,-1,1,-1,-1,-1,-1,-1,-1,1,1,-1,1,1,-1,-1,-1,1,-1,1,-1,-1,1,-1,-1,1,-1,-1,-1,1,1,1,-1,-1,1,-1,-1,-1,1,1,1,-1,1,-1,-1,-1,-1,1,-1,-1,-1,1,-1,-1,1,-1,-1,-1,1,1,-1,-1,-1,-1,1,-1,1,-1,-1,-1,1,1,-1,-1,1,-1,1,1,1,-1,-1,1,-1,-1,1,1,-1,-1,1,-1,-1,1,1,-1,-1,1,-1,-1,1,1,1,-1,1,-1,-1,1,1,1,-1,1,-1,-1,1,1,1,-1,-1,-1,-1,1,1,1,-1,1,-1,-1,-1,1,1,-1,-1,1,-1,1,1,1,-1,1,1,-1,-1,1,1,-1,1,1,-1,1,1,-1,-1,1,-1,-1,1,1,-1,1,-1,1,-1,1,1,-1,1,1,-1,-1,-1,1,-1,1,1,1,-1,1,1,1,-1,1,1,-1,1,1,-1,-1,1,1,-1,1,1,-1,1,1,1,1,1,1,1,1,1,1,1,-1,1,-1,-1,1,1,1,-1,1,1,-1,1,1,1,-1,1,-1,1,1,1,1,-1,1,-1,1,1,1,-1,1,1,1,1,1,1,-1,-1,-1,1,1,-1,1,-1,-1,-1,1,1,-1,1,-1,1,1,1,1,-1,1,-1,1,1,-1,1,1,1,-1,1,1,1,1,1,1,-1,-1,1,-1,1,-1,1,-1,-1,-1,1,1,-1,1,1,-1,-1,1,1,1,1,-1,-1,-1,-1,1,-1,1,1,-1,-1,1,1,-1,1,-1,1,-1,1,1,1,1,-1,-1,1,1,-1,1,1,-1,-1,1,1,-1,1,1,-1,-1,1,1,1,-1,1,-1,1,1,1,-1,1,1,-1,-1,1,1,-1,1,-1,-1,-1,1,1,1,1,-1,-1,-1,-1,1,-1,1,-1,-1,1,1,1,-1,1,1,-1,1,-1,1,1,-1,1,-1,-1,1,1,-1,1,-1,1,-1,1,1,-1,1,1,-1,-1,1,-1,-1,1,1,-1,1,-1,1,1,1,1,-1,1,-1,1,-1,1,-1,-1,1,-1,-1,1,-1,1,-1,1,1,-1,1,-1,-1,-1,-1,1,-1,1,-1,-1,-1,-1,1,-1,1,-1,1,-1,1,1,-1,1,-1,1,-1,-1,1,-1,1,-1,1,1,-1,1,-1,-1,1,1,-1,-1,1,-1,1,1,1,-1,-1,1,-1,1,-1,1,-1,-1,-1,1,-1,-1,-1,1,-1,1,-1,1,-1,-1,-1,-1,-1,1,1,-1,-1,1,-1,-1,-1,1,-1,-1,-1,-1,-1,1,-1,-1,-1,-1,-1,1,-1,1,-1,-1,-1,1,-1,-1,1,-1,-1,-1,1,-1,-1,-1,-1,1,-1,1,-1,-1,1,-1,-1,1,1,-1,-1,-1,1,-1,1,1,-1,1,-1,1,-1,-1,1,1,1,-1,1,-1,1,-1,1,1,1,-1,1,1,-1,1,-1,-1,1,-1,1,-1,-1,1,-1,1,1,-1,-1,-1,1,1,1,1,1,-1,-1,1,-1,1,-1,1,-1,-1,-1,1,1,1,1,-1,-1,-1,-1,1,1,1,-1,-1,1,1,1,-1,1,-1,-1,-1,1,1,1,1,-1,-1,-1,-1,1,-1,1,1,-1,1,-1,1,1,1,-1,1,1,1,1,1,1,1,-1,1,-1,1,1,1,-1,1,1,1,-1,1,1,-1,-1,1,1,1,1,1,-1,1,1,1,-1,1,1,1,1,1,1,1,1,1,1,1,1,1,-1,1,1,-1,1,1,1,1,1,1,1,1,1,1,-1,1,-1,1,1,1,1,1,1,1,1,1,1,-1,1,1,1,1,1,1,1,1,1,1,-1,1,1,1,-1,1,-1,-1,1,1,1,-1,1,1,-1,1,1,-1,1,1,-1,1,1,1,1,1,-1,1,-1,1,-1,1,-1,1,-1,1,1,-1,1,-1,1,-1,1,-1,1,-1,1,1,-1,1,1,-1,1,-1,1,-1,-1,1,1,1,1,1,-1,1,1,-1,1,1,1,1,-1,1,1,-1,1,1,-1,1,1,1,-1,1,1,-1,1,1,1,-1,1,1,1,-1,-1,-1,-1,1,1,-1,-1,1,-1,1,-1,-1,1,-1,1,-1,-1,1,1,-1,-1,1,1,-1,1,1,-1,-1,1,-1,1,1,1,-1,-1,1,1,-1,1,1,-1,-1,1,-1,1,1,1,-1,-1,-1,-1,1,-1,1,-1,1,-1,1,-1,1,1,-1,-1,-1,-1,-1,1,-1,-1,-1,1,-1,1,1,-1,-1,-1,1,-1,1,1,1,-1,1,1,-1,1,1,1,-1,1,-1,1,1,1,-1,-1,1,-1,-1,1,1,1,1,-1,-1,1,1,1,1,-1,1,-1,-1,1,1,1,1,-1,1,-1,1,1,1,1,1,-1,-1,1,1,-1,1,1,-1,-1,1,1,-1,1,-1,-1,-1,1,-1,1,1,1,-1,-1,1,1,-1,1,1,-1,-1,1,1,-1,1,1,-1,-1,1,1,-1,1,1,-1,1,-1,1,1,1,1,-1,1,-1,1,1,1,-1,1,-1,1,1,1,1,-1,-1,1,-1,1,1,-1,1,1,-1,-1,1,-1,1,1,-1,1,-1,1,-1,1,-1,-1,1,-1,1,-1,1,-1,1,-1,-1,-1,1,1,-1,-1,1,-1,-1,-1,1,1,-1,1,-1,1,-1,1,1,-1,1,-1,-1,1,1,-1,-1,-1,1,1,1,1,-1,1,1,-1,1,1,-1,-1,1,1,-1,-1,-1,1,-1,1,1,1,1,1,-1,-1,-1,-1,-1,-1,-1,-1,-1,-1,1,1,1,1,-1,1,1,-1,1,1,1,1,-1,1,-1,1,1,1,1,-1,1,-1,1,1,1,1,-1,1,-1,1,1,1,1,-1,1,-1,1,1,-1,-1,-1,1,-1,1,1,1,-1,-1,-1,1,-1,1,-1,1,-1,1,-1,1,1,-2660.0,1,2000,445,1500,True
2367,-1,-1,1,1,1,1,-1,1,-1,-1,-1,1,-1,1,-1,-1,1,-1,1,1,1,-1,-1,-1,-1,1,-1,-1,-1,-1,-1,-1,1,1,-1,-1,1,-1,-1,-1,1,-1,-1,-1,-1,-1,-1,-1,1,1,-1,-1,1,-1,1,-1,-1,1,-1,-1,-1,1,1,1,-1,-1,-1,-1,-1,-1,-1,1,-1,-1,-1,-1,1,-1,1,-1,-1,1,1,-1,1,-1,-1,-1,-1,1,-1,-1,-1,-1,-1,-1,1,1,1,1,-1,-1,-1,-1,1,1,1,-1,-1,-1,-1,1,1,1,-1,-1,-1,-1,1,1,1,-1,-1,-1,-1,1,1,1,1,-1,-1,-1,1,1,1,-1,-1,-1,-1,1,1,1,1,-1,-1,-1,-1,1,1,1,-1,-1,-1,1,-1,1,1,1,-1,-1,1,1,1,1,-1,-1,-1,1,-1,1,-1,-1,-1,-1,1,1,1,1,-1,-1,1,-1,-1,1,-1,-1,-1,1,1,1,1,1,-1,-1,1,1,-1,1,1,-1,-1,1,1,-1,1,1,-1,-1,-1,1,-1,1,1,-1,-1,1,1,-1,1,1,-1,1,1,1,-1,-1,1,1,-1,-1,1,-1,1,1,-1,1,-1,1,-1,1,1,-1,1,1,1,-1,1,1,-1,-1,1,1,-1,1,-1,1,1,1,-1,-1,1,1,-1,1,-1,1,1,-1,-1,-1,1,1,-1,-1,1,1,-1,1,1,-1,-1,-1,1,-1,1,-1,1,1,-1,1,-1,1,1,1,1,-1,1,-1,-1,1,-1,1,-1,-1,-1,1,1,-1,1,1,-1,1,-1,1,-1,1,-1,-1,-1,1,1,-1,1,1,-1,-1,-1,1,-1,1,-1,-1,-1,-1,-1,-1,1,-1,-1,-1,1,1,-1,1,-1,-1,-1,-1,1,-1,1,-1,1,-1,1,-1,-1,1,-1,-1,-1,-1,1,1,1,-1,-1,-1,-1,-1,1,-1,-1,-1,-1,-1,1,1,-1,-1,1,-1,-1,1,1,-1,-1,1,1,-1,-1,1,1,-1,1,-1,-1,-1,1,1,-1,1,-1,-1,-1,1,-1,-1,1,1,1,-1,1,-1,-1,1,-1,-1,-1,1,-1,1,-1,1,-1,1,1,-1,1,1,-1,-1,1,1,-1,-1,-1,1,-1,-1,-1,1,-1,1,-1,-1,-1,1,-1,-1,1,-1,1,-1,-1,1,-1,-1,1,-1,-1,1,-1,-1,-1,1,-1,-1,-1,1,-1,1,1,-1,-1,-1,-1,-1,-1,1,-1,-1,1,1,-1,-1,1,-1,1,-1,-1,1,-1,1,-1,1,1,1,-1,-1,-1,1,-1,-1,-1,1,-1,1,1,-1,1,1,-1,1,-1,1,-1,1,1,-1,1,-1,1,1,-1,-1,-1,1,-1,1,-1,1,1,-1,1,-1,-1,1,-1,-1,1,-1,1,1,1,-1,1,-1,1,1,1,1,-1,1,-1,1,-1,1,1,-1,1,1,1,-1,1,1,1,1,-1,1,-1,-1,1,1,1,1,-1,-1,-1,1,1,1,1,1,-1,1,1,-1,-1,-1,1,-1,1,1,-1,1,-1,1,-1,1,-1,-1,-1,1,1,-1,1,1,-1,1,-1,1,-1,1,1,-1,1,-1,1,-1,-1,-1,-1,1,-1,1,-1,-1,-1,-1,1,-1,1,-1,1,1,1,-1,-1,1,-1,1,1,-1,1,-1,1,-1,-1,1,-1,1,-1,-1,1,1,1,1,1,-1,1,1,1,1,-1,1,-1,-1,1,1,1,-1,-1,-1,-1,1,1,1,-1,-1,-1,1,-1,1,-1,1,1,-1,-1,1,1,1,-1,-1,-1,-1,1,1,1,1,1,-1,-1,1,1,1,1,1,-1,-1,1,-1,1,-1,1,-1,1,1,-1,1,1,1,-1,-1,1,-1,1,1,1,-1,-1,1,1,-1,1,1,-1,-1,1,1,1,1,1,1,-1,1,1,-1,-1,1,-1,-1,1,1,1,-1,1,-1,-1,1,-1,1,1,1,-1,-1,1,-1,1,-1,1,1,-1,1,-1,1,-1,1,-1,-1,1,-1,1,1,1,1,-1,1,-1,1,-1,1,-1,-1,1,-1,1,-1,1,1,-1,1,1,1,1,1,-1,1,1,1,-1,-1,1,1,-1,1,-1,1,-1,1,1,-1,-1,1,-1,1,1,1,-1,1,1,-1,-1,1,1,1,1,1,-1,1,1,1,1,1,1,-1,1,1,1,1,1,1,-1,-1,1,1,1,1,1,-1,1,-1,1,1,1,1,1,1,1,1,1,-1,1,-1,1,1,1,1,1,1,1,1,1,1,1,1,-1,1,1,1,1,1,1,1,-1,1,1,1,1,1,1,1,-1,-1,1,1,1,1,-1,1,1,1,1,-1,1,1,-1,1,1,1,1,1,1,1,-1,1,1,1,-1,1,-1,1,1,1,1,1,1,-1,1,1,-1,1,1,1,-1,1,1,-1,1,1,1,-1,1,1,-1,1,1,-1,-1,1,1,1,-1,1,1,1,-1,1,1,-1,1,1,-1,-1,1,-1,-1,1,-1,1,1,1,1,-1,1,1,-1,-1,1,1,-1,1,1,1,-1,1,1,-1,1,1,-1,-1,1,1,-1,1,1,-1,1,1,1,-1,1,1,-1,1,1,-1,1,1,-1,-1,1,1,-1,-1,1,1,-1,1,-1,1,-1,1,1,-1,-1,1,1,-1,-1,1,-1,-1,1,-1,-1,-1,1,1,-1,1,-1,1,-1,1,-1,1,1,-1,1,1,1,-1,-1,1,-1,1,-1,1,-1,-1,1,1,-1,1,-1,1,1,-1,-1,-1,1,-1,1,1,-1,-1,1,-1,1,1,1,-1,-1,1,-1,1,-1,-1,1,-1,1,-1,1,1,-1,1,-1,1,-1,-1,-1,-1,-1,-1,1,-1,1,1,1,-1,1,1,-1,-1,1,-1,-1,-1,1,-1,1,1,1,1,-1,1,-1,1,1,1,-1,1,1,-1,1,1,1,-1,-1,1,-1,1,-1,-1,-1,-1,1,-1,-1,1,1,-1,-1,1,-1,1,1,-1,1,-1,1,1,-1,1,-2660.0,1,2000,445,1500,True
2368,-1,-1,1,1,1,1,-1,1,-1,-1,-1,1,-1,1,-1,-1,1,-1,1,-1,-1,1,-1,-1,-1,1,-1,-1,-1,-1,-1,-1,1,-1,-1,1,1,-1,-1,1,-1,-1,1,-1,-1,-1,1,1,-1,-1,-1,-1,1,1,-1,-1,-1,1,-1,-1,1,1,-1,1,-1,1,-1,1,1,-1,1,-1,-1,-1,1,1,-1,1,-1,-1,-1,1,1,-1,-1,-1,-1,1,1,-1,1,-1,-1,1,-1,1,1,-1,-1,1,1,1,1,1,1,-1,-1,1,1,1,1,-1,-1,-1,1,1,1,1,1,-1,-1,1,1,1,1,-1,-1,-1,1,1,1,1,1,-1,-1,1,1,1,1,1,-1,-1,1,1,1,1,1,-1,-1,-1,1,1,1,1,1,-1,1,1,1,1,1,1,-1,-1,1,1,-1,1,1,-1,1,1,1,1,1,-1,-1,1,1,1,1,-1,1,-1,1,1,1,1,1,-1,-1,-1,1,1,1,1,1,-1,1,1,-1,-1,1,1,-1,1,1,1,1,1,1,-1,1,1,-1,-1,1,1,-1,1,1,1,1,1,1,1,-1,1,-1,-1,1,1,-1,-1,1,1,1,1,1,-1,-1,1,-1,-1,1,1,1,-1,1,-1,1,1,1,-1,1,1,1,-1,1,1,-1,-1,-1,1,1,-1,1,1,1,-1,1,1,-1,1,1,1,1,1,1,-1,1,1,1,1,-1,1,1,1,1,1,1,1,1,1,1,-1,-1,1,-1,1,-1,1,1,1,1,1,1,-1,-1,1,1,-1,1,1,1,-1,1,1,1,-1,1,-1,1,-1,1,1,1,1,-1,1,1,1,1,1,-1,1,1,1,1,1,1,-1,1,1,1,1,1,-1,-1,1,1,1,-1,1,-1,1,-1,1,1,-1,1,1,-1,1,1,-1,1,1,1,-1,1,1,1,-1,1,1,-1,1,1,1,-1,1,1,1,1,1,1,1,-1,1,-1,1,1,1,-1,1,1,-1,-1,1,1,1,-1,1,-1,1,1,1,-1,-1,-1,-1,1,1,1,-1,1,1,-1,1,1,-1,1,1,1,-1,1,1,-1,-1,1,-1,1,1,1,1,1,-1,1,-1,-1,-1,1,-1,1,-1,-1,1,1,1,-1,-1,-1,1,-1,-1,1,-1,1,-1,-1,1,1,1,1,-1,-1,1,-1,-1,1,-1,1,-1,-1,-1,1,1,1,1,-1,-1,1,-1,1,1,-1,-1,1,-1,1,-1,1,-1,-1,-1,1,-1,1,-1,-1,-1,-1,-1,1,1,-1,1,-1,-1,1,-1,1,-1,-1,1,-1,1,-1,1,-1,-1,-1,-1,-1,1,1,-1,-1,1,-1,1,-1,1,1,-1,-1,1,-1,1,-1,1,-1,-1,1,-1,-1,-1,1,-1,-1,-1,-1,1,-1,1,-1,-1,1,-1,-1,1,1,-1,-1,-1,-1,-1,1,1,-1,1,-1,1,-1,-1,1,1,1,-1,1,-1,1,-1,1,-1,1,-1,1,1,-1,1,-1,1,1,-1,1,-1,1,-1,1,1,1,-1,-1,-1,-1,-1,1,1,1,-1,-1,-1,1,1,-1,1,-1,-1,-1,1,1,1,1,-1,-1,-1,1,1,1,1,-1,-1,-1,-1,1,-1,1,-1,1,-1,-1,1,1,1,-1,-1,1,-1,1,-1,1,1,-1,-1,-1,-1,1,1,1,-1,1,-1,1,1,1,1,-1,-1,-1,-1,1,1,-1,-1,-1,-1,-1,1,1,-1,1,-1,1,1,1,1,1,-1,-1,-1,-1,1,1,-1,1,-1,-1,1,1,1,1,-1,1,-1,-1,1,1,1,-1,1,-1,1,1,1,1,-1,1,-1,-1,1,-1,1,-1,1,-1,1,1,1,1,1,-1,1,-1,1,1,1,-1,-1,-1,1,1,1,-1,1,-1,1,-1,1,-1,-1,1,-1,1,-1,1,1,-1,-1,1,-1,1,1,-1,1,-1,1,-1,1,-1,1,-1,1,-1,1,-1,1,-1,1,-1,1,-1,-1,1,-1,1,-1,1,-1,1,1,-1,1,-1,1,1,-1,1,-1,-1,1,1,1,1,1,-1,1,-1,-1,1,1,1,1,-1,-1,1,-1,1,1,-1,1,1,-1,1,1,1,-1,1,-1,-1,1,1,1,1,-1,-1,1,-1,1,1,-1,-1,-1,-1,1,-1,-1,1,-1,-1,1,-1,1,1,-1,-1,-1,-1,1,1,1,-1,-1,-1,1,1,1,1,-1,-1,1,-1,-1,1,1,-1,-1,-1,1,1,1,1,-1,1,-1,1,-1,1,1,-1,1,-1,-1,1,1,1,-1,-1,-1,-1,-1,1,-1,-1,-1,1,-1,1,1,-1,-1,-1,1,-1,1,1,1,-1,1,1,-1,1,1,-1,-1,1,-1,1,1,1,-1,-1,1,-1,-1,1,1,-1,-1,-1,1,-1,1,1,-1,1,1,-1,-1,1,1,-1,-1,1,1,-1,1,1,-1,-1,1,-1,-1,1,1,-1,-1,-1,-1,-1,1,1,-1,-1,1,-1,-1,1,-1,-1,-1,1,-1,1,1,1,-1,-1,-1,-1,-1,1,1,-1,-1,1,-1,1,1,1,1,-1,-1,-1,1,-1,1,-1,-1,-1,-1,1,-1,1,-1,-1,-1,-1,1,1,1,-1,-1,-1,1,-1,1,1,-1,1,-1,1,1,1,1,1,-1,1,-1,1,1,1,1,-1,1,-1,1,-1,1,1,-1,-1,1,-1,1,1,1,-1,1,-1,1,1,-1,1,-1,1,-1,1,1,-1,1,-1,1,-1,-1,-1,1,1,-1,-1,-1,-1,-1,1,1,1,-1,1,1,1,1,1,-1,-1,1,1,1,1,1,-1,-1,1,-1,1,1,1,-1,-1,-1,-1,-1,-1,-1,-1,-1,-1,-1,1,1,1,-1,1,1,-1,-1,1,1,1,-1,1,-1,1,1,1,-1,-1,1,-1,1,1,1,-1,-1,1,-1,1,1,1,-1,-1,1,-1,1,-1,1,1,-1,1,-1,-1,1,1,1,-1,-1,-1,1,1,-1,1,-1,1,-1,-1,1,-2660.0,1,2000,445,1000,True
2369,-1,-1,1,1,1,1,-1,1,-1,-1,-1,1,-1,1,-1,-1,1,-1,1,1,-1,1,-1,-1,-1,1,-1,-1,-1,-1,-1,-1,1,1,-1,1,1,-1,-1,-1,1,-1,1,-1,-1,-1,-1,-1,1,-1,-1,-1,1,-1,1,-1,-1,1,-1,-1,-1,1,1,1,-1,-1,-1,-1,-1,-1,1,-1,-1,-1,-1,-1,-1,1,-1,-1,-1,1,1,-1,-1,-1,-1,1,-1,1,-1,-1,-1,-1,-1,-1,-1,1,-1,1,-1,-1,-1,-1,1,-1,-1,-1,-1,-1,-1,1,-1,-1,-1,-1,-1,-1,1,-1,-1,-1,-1,-1,-1,1,-1,-1,1,-1,-1,-1,1,-1,-1,1,-1,-1,-1,-1,-1,-1,1,-1,-1,-1,1,-1,-1,-1,-1,-1,-1,-1,1,-1,-1,1,-1,-1,1,-1,-1,-1,-1,-1,-1,1,1,-1,-1,-1,-1,-1,1,-1,-1,1,-1,-1,1,-1,1,-1,-1,-1,-1,1,1,-1,-1,1,-1,-1,1,1,1,-1,1,-1,-1,1,1,1,-1,1,-1,-1,-1,1,1,-1,1,-1,1,1,1,1,1,1,-1,1,1,1,1,1,-1,1,-1,-1,1,1,-1,1,-1,1,-1,1,1,1,1,-1,1,1,1,1,1,1,-1,-1,1,1,1,1,-1,1,1,1,1,1,1,1,-1,1,1,-1,1,-1,-1,-1,1,1,-1,1,1,-1,-1,1,1,-1,1,-1,1,1,1,1,1,1,1,1,-1,1,1,1,1,1,-1,-1,-1,1,-1,1,-1,-1,-1,1,1,-1,-1,1,1,-1,-1,1,1,1,-1,-1,-1,1,1,-1,-1,1,-1,-1,1,1,-1,1,-1,-1,-1,1,-1,-1,-1,-1,-1,-1,1,-1,1,1,-1,-1,1,-1,-1,1,-1,-1,1,1,-1,1,-1,-1,-1,1,1,1,-1,1,1,-1,-1,1,1,-1,1,-1,-1,-1,1,1,-1,1,-1,-1,1,-1,1,1,1,-1,-1,1,-1,1,-1,1,1,-1,1,-1,1,-1,-1,1,-1,-1,1,1,-1,1,-1,-1,1,1,-1,-1,1,1,-1,1,-1,1,-1,1,-1,1,1,-1,1,-1,1,-1,1,1,-1,-1,1,1,-1,-1,1,-1,1,-1,-1,1,-1,1,1,-1,-1,1,-1,-1,1,-1,-1,1,-1,1,-1,-1,1,-1,-1,1,-1,-1,-1,1,-1,1,-1,1,-1,1,1,-1,-1,-1,-1,-1,-1,1,-1,-1,1,1,-1,-1,1,-1,1,-1,-1,1,-1,1,-1,-1,1,1,-1,-1,-1,-1,-1,-1,-1,1,-1,1,-1,-1,1,1,-1,-1,-1,1,-1,1,1,-1,-1,-1,-1,-1,-1,-1,-1,-1,-1,1,-1,1,1,-1,1,-1,-1,1,-1,-1,1,-1,-1,-1,1,-1,1,-1,1,-1,-1,-1,-1,1,-1,1,-1,-1,1,-1,1,1,1,-1,-1,-1,-1,1,-1,1,-1,-1,-1,1,1,1,-1,1,1,-1,1,1,1,1,1,-1,1,-1,1,1,-1,1,-1,1,-1,-1,1,-1,-1,1,-1,-1,1,-1,-1,1,1,1,-1,1,1,-1,1,1,1,-1,-1,1,-1,-1,1,-1,-1,1,1,-1,-1,-1,-1,-1,1,1,-1,1,1,1,1,-1,1,-1,-1,1,1,-1,1,1,-1,-1,-1,1,-1,-1,1,1,-1,1,1,1,1,1,-1,1,1,1,-1,1,1,1,-1,1,1,-1,1,1,-1,1,1,1,-1,1,1,-1,-1,1,-1,1,1,1,-1,1,1,1,-1,1,1,-1,1,1,1,1,1,1,1,1,1,1,1,1,1,-1,1,-1,1,-1,1,1,1,1,1,1,1,1,1,-1,1,-1,1,1,1,1,1,-1,1,-1,1,1,1,1,1,1,1,1,1,1,-1,1,1,-1,-1,1,-1,-1,1,1,1,-1,1,1,-1,1,-1,-1,1,1,-1,-1,1,-1,1,-1,1,1,-1,1,-1,1,-1,1,-1,1,1,-1,1,1,1,1,-1,1,-1,1,-1,1,1,-1,1,-1,1,-1,1,1,-1,1,1,1,1,1,-1,1,1,-1,1,1,1,1,-1,1,-1,1,-1,1,1,-1,1,1,-1,1,1,1,-1,1,1,-1,1,1,1,1,1,-1,-1,1,1,1,1,1,-1,1,-1,1,1,1,1,1,-1,1,1,1,1,1,1,-1,1,1,1,1,1,1,1,1,1,1,1,1,1,-1,1,1,-1,1,1,-1,1,1,1,1,1,1,1,-1,1,1,1,1,1,-1,1,1,1,1,1,1,-1,-1,1,-1,1,1,1,-1,1,1,1,1,1,-1,-1,1,1,1,1,1,1,-1,1,1,-1,1,1,-1,1,1,1,1,1,1,-1,-1,1,1,1,1,-1,1,-1,1,1,1,1,-1,-1,-1,1,1,1,1,-1,1,-1,1,1,1,1,1,-1,-1,1,1,-1,1,1,-1,-1,1,1,-1,1,-1,-1,-1,1,-1,-1,1,1,-1,1,1,1,-1,1,1,-1,-1,1,1,-1,1,1,-1,1,1,1,-1,1,1,-1,1,-1,1,1,1,1,-1,1,-1,1,1,1,-1,1,1,1,1,1,1,-1,1,-1,1,1,1,-1,1,1,1,1,-1,-1,1,1,-1,1,1,1,-1,1,-1,-1,1,-1,1,-1,1,-1,1,-1,1,1,1,1,-1,-1,1,1,-1,-1,1,-1,-1,1,1,-1,-1,1,1,-1,1,-1,1,1,1,-1,-1,-1,-1,1,1,1,-1,1,1,1,1,1,-1,-1,1,1,1,1,-1,1,-1,1,-1,1,1,1,-1,-1,-1,-1,-1,-1,-1,-1,-1,1,-1,1,1,1,-1,1,1,-1,-1,1,1,1,-1,1,-1,1,1,1,1,-1,1,-1,1,1,1,1,-1,1,-1,1,1,1,1,-1,1,-1,1,-1,1,-1,-1,1,-1,-1,1,1,-1,-1,-1,-1,1,1,-1,1,-1,1,-1,-1,1,-2660.0,1,2000,445,1500,True
2370,-1,-1,1,1,1,1,-1,1,-1,-1,-1,1,-1,1,-1,-1,1,-1,1,1,-1,1,-1,-1,-1,1,-1,-1,1,-1,-1,-1,1,1,-1,1,-1,1,1,-1,1,-1,1,-1,-1,1,-1,1,-1,-1,-1,-1,1,1,1,-1,-1,1,-1,-1,1,1,1,1,-1,1,-1,1,1,-1,1,-1,-1,-1,1,-1,-1,1,-1,-1,-1,1,1,-1,-1,-1,-1,1,1,1,-1,-1,-1,1,1,1,-1,1,-1,1,1,1,1,-1,1,-1,-1,1,1,1,-1,1,-1,-1,1,1,1,-1,1,-1,-1,1,1,1,-1,1,-1,-1,1,1,1,-1,1,-1,-1,1,1,1,-1,-1,-1,-1,1,1,1,-1,1,-1,-1,-1,1,1,-1,-1,1,-1,1,1,1,-1,1,1,-1,-1,1,1,-1,1,1,-1,1,1,1,-1,1,-1,-1,1,1,-1,1,-1,1,-1,1,1,-1,1,1,-1,-1,-1,1,1,1,1,1,-1,1,1,-1,1,1,1,-1,1,1,1,-1,1,1,-1,1,1,-1,1,1,1,1,1,1,1,1,1,1,1,-1,1,-1,-1,1,1,1,-1,1,1,1,1,1,1,-1,1,-1,1,1,1,1,-1,-1,1,-1,1,1,-1,1,1,-1,1,1,1,-1,-1,1,-1,1,-1,1,-1,-1,1,-1,1,-1,1,-1,-1,1,-1,1,-1,1,-1,1,1,-1,-1,1,1,-1,1,1,1,-1,1,1,1,-1,-1,1,-1,-1,1,-1,-1,-1,-1,1,-1,1,1,1,-1,1,-1,-1,1,-1,-1,-1,-1,1,-1,-1,1,-1,-1,1,1,-1,1,-1,-1,-1,1,-1,-1,1,-1,-1,1,1,1,-1,1,-1,-1,1,1,-1,1,1,-1,1,-1,1,-1,1,1,-1,1,1,1,1,1,1,-1,-1,1,1,1,1,-1,-1,-1,1,1,1,1,-1,-1,1,-1,1,1,1,-1,-1,1,-1,1,-1,1,1,-1,1,-1,1,1,1,1,-1,-1,1,1,1,-1,-1,-1,1,1,-1,-1,1,1,-1,1,-1,1,-1,1,-1,1,1,-1,1,1,1,-1,1,1,-1,1,-1,1,-1,-1,1,-1,1,1,1,1,-1,1,1,-1,1,1,-1,-1,1,-1,-1,1,-1,1,-1,-1,1,-1,1,1,-1,-1,-1,1,-1,1,-1,1,-1,-1,1,-1,1,-1,-1,-1,-1,1,-1,-1,1,1,-1,-1,1,-1,1,1,-1,1,-1,1,-1,1,-1,1,-1,-1,-1,-1,1,-1,-1,1,-1,1,-1,1,-1,1,-1,-1,-1,1,1,-1,1,-1,-1,-1,-1,1,-1,-1,-1,-1,-1,1,-1,1,1,-1,1,-1,-1,1,-1,-1,1,-1,-1,-1,1,-1,1,-1,1,-1,-1,-1,-1,1,-1,1,-1,-1,1,-1,1,1,1,-1,-1,-1,1,1,-1,1,-1,1,-1,1,1,1,-1,1,1,-1,1,1,1,1,1,1,1,-1,1,1,-1,1,-1,1,-1,-1,1,-1,-1,1,-1,-1,1,-1,-1,-1,1,1,-1,1,1,-1,-1,1,1,-1,-1,1,-1,-1,-1,-1,-1,1,1,-1,-1,-1,-1,-1,1,1,-1,-1,1,1,1,-1,1,-1,-1,1,1,-1,1,1,-1,-1,-1,1,-1,-1,1,1,-1,1,1,1,1,1,-1,1,1,1,-1,-1,1,1,-1,1,1,-1,1,1,-1,1,1,1,-1,1,1,-1,-1,1,-1,1,1,1,-1,1,1,1,-1,1,1,1,1,1,1,1,1,1,1,1,1,1,1,1,1,-1,1,-1,1,-1,1,1,1,1,1,1,1,1,-1,1,1,-1,1,1,1,1,1,-1,1,-1,1,1,1,1,1,1,1,1,1,1,-1,1,1,-1,-1,1,-1,-1,1,1,1,-1,1,1,-1,1,-1,-1,1,1,-1,1,1,-1,1,-1,-1,1,-1,1,-1,1,-1,1,-1,1,1,-1,1,1,1,-1,1,1,-1,1,-1,1,-1,1,1,-1,1,-1,-1,-1,-1,1,1,1,1,1,-1,1,1,-1,1,1,1,1,-1,1,-1,1,-1,1,-1,1,1,1,-1,1,1,-1,1,1,1,-1,1,1,1,-1,1,-1,-1,1,1,-1,-1,1,-1,1,-1,-1,1,-1,1,1,-1,1,1,-1,-1,1,1,-1,1,1,-1,-1,-1,1,1,1,1,-1,-1,1,1,-1,1,1,-1,-1,1,-1,1,1,-1,-1,-1,-1,1,-1,1,1,-1,1,-1,-1,1,1,1,-1,-1,-1,-1,-1,1,-1,-1,-1,1,-1,1,1,-1,-1,-1,1,-1,1,1,1,-1,1,-1,-1,1,1,1,-1,1,-1,1,1,1,-1,-1,1,-1,-1,1,1,-1,-1,1,-1,-1,1,1,-1,1,1,-1,-1,1,1,-1,-1,1,-1,-1,1,1,-1,-1,1,-1,-1,1,1,-1,1,-1,1,-1,1,1,-1,-1,1,-1,-1,1,-1,1,-1,1,1,-1,-1,1,-1,1,-1,1,-1,1,1,-1,1,-1,1,-1,1,1,-1,1,1,1,-1,-1,-1,-1,1,1,-1,1,-1,1,-1,1,1,-1,1,-1,1,1,1,-1,-1,1,-1,1,1,-1,1,-1,-1,-1,1,-1,1,-1,1,-1,-1,1,-1,1,-1,-1,-1,-1,1,-1,1,-1,-1,-1,-1,-1,1,1,-1,1,-1,-1,-1,-1,1,-1,1,-1,-1,1,-1,1,1,1,1,-1,-1,1,1,-1,-1,1,1,1,1,1,-1,1,-1,-1,1,1,-1,-1,1,-1,-1,-1,-1,1,-1,1,-1,1,1,1,-1,-1,-1,-1,1,-1,-1,-1,-1,1,-1,1,1,1,-1,1,1,-1,1,1,1,1,-1,1,-1,1,1,1,1,-1,1,-1,1,1,1,1,-1,1,-1,1,1,1,1,-1,1,-1,1,1,1,-1,-1,1,-1,-1,1,1,-1,-1,-1,1,-1,1,1,1,-1,1,-1,-1,1,-2660.0,1,2000,445,1500,True
2371,1,1,-1,-1,1,1,-1,1,1,1,1,1,-1,1,1,1,-1,1,1,1,-1,1,1,1,1,1,-1,-1,1,1,1,1,1,1,-1,1,-1,1,1,-1,1,-1,1,1,1,1,1,1,-1,-1,1,1,-1,1,1,-1,1,-1,1,1,1,1,1,-1,1,1,1,1,1,-1,1,-1,1,1,1,-1,-1,1,-1,1,1,1,1,-1,-1,1,1,1,1,1,-1,1,-1,1,1,1,-1,1,-1,-1,1,1,1,-1,1,-1,-1,1,1,1,-1,1,-1,-1,1,1,1,-1,1,-1,-1,1,1,1,-1,1,-1,-1,1,1,1,-1,1,-1,-1,1,1,1,-1,-1,-1,-1,-1,1,1,-1,1,-1,-1,-1,1,1,-1,-1,1,-1,-1,1,1,-1,1,-1,-1,-1,1,1,-1,1,1,-1,1,1,1,-1,1,-1,-1,1,1,-1,1,-1,1,-1,1,1,-1,1,1,-1,-1,-1,1,1,1,1,1,-1,-1,1,-1,1,1,1,-1,-1,1,1,-1,1,1,-1,1,1,-1,1,1,1,-1,1,1,1,1,1,1,1,-1,1,-1,-1,1,1,-1,-1,1,1,1,1,1,-1,-1,1,-1,1,1,1,1,-1,1,-1,-1,1,1,-1,1,1,-1,1,1,1,-1,-1,1,-1,1,-1,1,1,1,1,-1,1,-1,1,1,1,1,-1,1,-1,1,1,1,1,-1,-1,1,1,1,1,1,-1,-1,1,1,-1,-1,1,1,-1,-1,1,1,1,1,-1,1,-1,1,1,1,-1,1,-1,-1,1,1,1,1,-1,-1,-1,1,-1,1,1,1,1,-1,1,1,1,1,1,1,-1,1,1,1,1,-1,1,1,1,1,1,1,1,-1,1,1,1,-1,1,1,-1,1,1,1,1,1,1,1,-1,1,-1,1,1,1,1,-1,1,1,1,1,1,1,-1,1,1,-1,-1,1,1,-1,1,1,1,1,1,1,-1,-1,1,-1,1,1,1,1,-1,1,1,-1,1,1,-1,1,1,-1,-1,1,1,-1,1,1,-1,1,-1,1,-1,1,-1,-1,-1,1,-1,-1,1,-1,1,-1,1,1,-1,1,1,-1,-1,1,-1,-1,-1,1,-1,1,1,-1,1,1,1,-1,1,-1,-1,1,1,1,1,-1,1,-1,1,1,1,1,1,-1,-1,1,-1,1,-1,1,-1,-1,-1,1,1,1,1,-1,-1,1,-1,1,1,1,-1,-1,-1,1,-1,1,1,-1,-1,1,-1,1,1,1,1,-1,-1,1,1,1,1,-1,-1,1,-1,1,1,-1,1,-1,1,-1,1,1,-1,1,-1,-1,1,1,1,-1,1,-1,1,-1,1,1,-1,-1,1,-1,1,1,1,1,-1,1,-1,-1,-1,1,1,-1,1,-1,1,-1,1,-1,-1,1,-1,-1,1,-1,1,-1,-1,1,-1,1,-1,1,1,-1,1,-1,-1,1,1,1,-1,1,-1,1,-1,-1,-1,1,-1,1,1,-1,-1,1,-1,1,-1,1,-1,1,-1,1,1,1,-1,-1,-1,-1,-1,1,-1,1,-1,-1,-1,1,1,-1,1,-1,-1,-1,1,1,-1,1,-1,-1,-1,1,1,-1,1,-1,-1,-1,-1,1,1,1,-1,1,-1,-1,1,-1,1,-1,-1,1,-1,1,-1,1,1,-1,-1,-1,-1,-1,1,1,-1,1,-1,1,-1,1,1,-1,-1,-1,-1,1,1,-1,-1,-1,-1,-1,1,1,-1,1,-1,1,1,1,1,1,-1,-1,-1,-1,-1,1,-1,1,-1,-1,1,-1,1,1,-1,1,-1,-1,1,1,1,-1,1,-1,1,-1,1,1,-1,1,-1,1,-1,1,1,-1,1,-1,-1,-1,1,1,-1,-1,1,-1,-1,1,1,-1,-1,-1,-1,-1,1,1,1,-1,1,-1,-1,1,-1,1,-1,1,-1,-1,1,-1,-1,1,1,1,-1,1,1,-1,1,-1,1,-1,1,-1,-1,1,-1,1,-1,1,1,-1,1,-1,-1,-1,-1,1,-1,1,-1,1,-1,-1,1,-1,1,-1,1,-1,-1,-1,1,1,-1,-1,-1,-1,1,-1,-1,-1,-1,-1,-1,-1,-1,1,-1,-1,-1,-1,1,1,-1,1,-1,-1,-1,1,-1,-1,1,-1,-1,-1,-1,-1,1,1,-1,-1,-1,-1,-1,1,-1,-1,-1,1,-1,-1,1,-1,1,-1,-1,-1,-1,1,-1,-1,1,-1,-1,-1,-1,1,-1,-1,-1,-1,1,-1,-1,-1,-1,-1,-1,-1,-1,-1,1,-1,-1,-1,-1,-1,1,1,1,-1,1,-1,1,-1,1,-1,-1,-1,-1,-1,-1,1,1,-1,-1,1,-1,1,1,-1,-1,-1,1,-1,1,1,-1,-1,1,1,-1,1,1,1,-1,1,-1,1,1,1,-1,-1,1,-1,-1,1,1,-1,-1,1,-1,-1,1,1,-1,1,1,1,-1,1,1,-1,-1,1,-1,-1,1,-1,-1,-1,1,1,-1,1,1,-1,1,-1,1,-1,1,1,-1,-1,1,1,-1,1,-1,-1,-1,1,1,-1,-1,1,-1,1,-1,1,-1,-1,1,-1,1,-1,1,-1,-1,1,-1,1,1,1,-1,1,-1,-1,1,1,1,-1,1,1,-1,1,1,-1,1,-1,1,1,1,-1,-1,-1,1,1,1,-1,1,-1,1,1,-1,-1,1,-1,1,-1,1,1,-1,1,-1,-1,-1,1,1,-1,1,-1,-1,1,1,-1,1,1,-1,1,-1,1,-1,-1,1,-1,1,-1,1,-1,-1,1,1,1,1,1,1,1,1,-1,-1,1,-1,1,1,1,-1,1,-1,1,1,1,-1,-1,1,1,1,-1,-1,1,-1,1,1,1,1,1,-1,-1,-1,1,-1,-1,-1,-1,-1,1,-1,1,1,1,-1,1,1,1,-1,1,1,1,-1,1,1,1,1,1,1,-1,1,1,1,1,1,1,-1,-1,1,-1,1,1,1,-1,1,1,1,-1,1,-1,-1,1,1,1,1,1,-1,-1,-1,1,1,1,-1,1,-1,1,-1,1,1,-2658.0,1,2000,445,1000,True
2372,1,1,-1,-1,1,1,-1,1,1,1,1,-1,-1,1,1,1,-1,1,-1,-1,-1,1,1,1,1,1,-1,-1,1,1,1,1,-1,-1,-1,1,-1,1,1,1,-1,-1,1,1,1,1,1,1,-1,-1,1,1,-1,1,-1,-1,1,-1,1,1,1,-1,-1,-1,1,1,1,1,1,-1,1,-1,1,1,1,1,-1,1,-1,1,1,-1,1,-1,-1,1,1,1,1,-1,-1,1,-1,1,1,1,1,1,-1,1,1,1,1,1,1,-1,-1,1,1,1,1,-1,-1,-1,1,1,1,1,1,-1,-1,1,1,1,1,-1,-1,-1,1,1,1,1,1,-1,-1,1,1,1,1,1,-1,-1,1,1,1,1,1,-1,-1,-1,1,1,1,1,1,-1,-1,1,1,1,1,1,-1,1,1,1,-1,1,1,-1,1,1,1,1,1,-1,-1,1,1,1,1,-1,1,-1,1,1,1,1,1,-1,-1,-1,1,1,1,1,1,-1,1,1,-1,1,1,1,-1,-1,1,1,1,1,1,-1,1,1,-1,1,1,1,-1,1,1,1,1,1,1,1,-1,1,-1,1,-1,1,-1,-1,1,1,1,1,1,-1,-1,1,-1,-1,1,1,1,-1,1,1,-1,1,1,-1,1,1,-1,-1,1,1,-1,-1,1,-1,1,-1,1,1,1,1,-1,1,-1,1,1,1,1,-1,1,-1,1,1,1,1,-1,-1,1,1,1,1,1,1,-1,1,-1,-1,-1,1,1,1,-1,-1,1,1,1,-1,1,-1,-1,1,1,-1,1,1,1,-1,1,1,1,-1,-1,-1,1,-1,1,1,1,1,-1,1,1,1,1,1,1,1,-1,1,1,1,1,-1,1,-1,1,1,1,1,-1,1,1,1,-1,1,1,1,-1,1,1,-1,1,1,-1,1,1,-1,1,1,1,-1,1,1,1,-1,1,1,-1,1,1,1,-1,1,1,-1,1,1,1,1,-1,1,-1,1,1,1,-1,1,1,1,-1,1,1,1,-1,1,-1,1,1,1,-1,-1,-1,-1,1,1,1,-1,1,1,-1,1,1,-1,1,-1,1,1,1,1,-1,1,1,1,-1,1,1,1,1,-1,1,1,-1,-1,1,-1,1,-1,1,-1,1,1,-1,-1,-1,1,-1,-1,1,-1,1,-1,1,-1,1,1,1,-1,-1,1,-1,-1,1,-1,1,-1,1,-1,1,1,1,1,-1,-1,1,-1,1,1,-1,-1,1,1,1,-1,1,-1,-1,1,-1,-1,1,-1,-1,-1,1,-1,1,1,-1,1,-1,1,-1,1,1,-1,-1,1,1,1,-1,1,-1,-1,-1,1,-1,1,1,-1,-1,1,-1,1,-1,1,1,-1,-1,1,-1,1,-1,1,-1,-1,1,-1,-1,-1,1,-1,-1,1,-1,1,-1,1,-1,-1,1,-1,-1,1,1,-1,-1,-1,1,-1,1,1,-1,-1,-1,1,-1,-1,1,1,1,-1,1,-1,1,-1,1,1,1,-1,1,1,-1,1,-1,1,1,1,-1,-1,1,-1,1,1,1,-1,-1,1,-1,-1,1,-1,1,-1,1,-1,1,1,-1,1,-1,1,-1,1,1,-1,1,-1,1,-1,1,1,-1,1,-1,-1,-1,-1,1,1,1,-1,1,-1,-1,1,-1,1,-1,1,1,-1,1,-1,1,1,-1,-1,-1,-1,-1,1,1,-1,1,-1,1,-1,1,1,-1,-1,1,-1,1,1,-1,-1,-1,-1,-1,1,1,-1,1,-1,1,1,1,1,1,-1,-1,-1,-1,-1,1,-1,1,-1,-1,1,-1,1,1,-1,1,-1,-1,1,1,1,-1,1,-1,1,-1,1,1,-1,-1,-1,-1,-1,1,1,-1,1,-1,1,-1,1,1,1,-1,1,-1,-1,1,1,-1,-1,-1,1,-1,1,1,1,-1,1,-1,-1,-1,-1,1,-1,1,-1,-1,1,-1,-1,1,-1,1,-1,-1,1,-1,1,-1,1,-1,1,-1,1,-1,1,-1,-1,-1,1,-1,1,-1,-1,-1,-1,1,-1,1,-1,1,-1,-1,1,-1,1,1,-1,-1,-1,-1,1,1,1,1,-1,-1,1,-1,-1,1,1,-1,-1,-1,-1,1,-1,1,-1,-1,1,1,-1,1,1,-1,-1,1,-1,-1,1,1,-1,-1,-1,-1,1,-1,1,-1,-1,-1,-1,-1,1,-1,-1,1,-1,-1,1,-1,1,-1,-1,-1,-1,-1,1,1,1,-1,-1,-1,1,1,1,-1,-1,-1,1,-1,-1,1,-1,1,-1,-1,1,1,1,-1,-1,-1,-1,1,-1,1,1,-1,1,-1,-1,1,1,-1,-1,-1,-1,-1,-1,1,1,-1,-1,1,-1,1,1,-1,-1,-1,1,-1,1,1,-1,-1,1,-1,-1,1,1,1,-1,1,-1,1,1,1,-1,-1,1,-1,-1,1,-1,-1,-1,1,-1,-1,1,1,-1,1,1,-1,-1,1,1,-1,-1,1,-1,-1,1,1,-1,-1,1,-1,-1,1,1,1,-1,-1,1,-1,1,1,-1,-1,1,-1,-1,1,-1,1,-1,1,1,-1,-1,1,1,-1,-1,1,-1,1,1,1,-1,-1,1,-1,1,1,1,-1,-1,1,1,-1,-1,-1,-1,1,-1,1,-1,1,-1,-1,1,1,-1,1,1,-1,-1,1,1,1,-1,1,-1,1,-1,1,-1,-1,1,1,-1,1,-1,1,-1,1,1,-1,-1,-1,1,-1,1,1,-1,-1,1,-1,-1,-1,1,-1,1,-1,1,-1,-1,1,-1,1,-1,1,-1,1,1,-1,-1,1,-1,-1,-1,1,-1,-1,-1,-1,1,1,1,1,-1,1,1,-1,1,1,-1,-1,1,1,-1,-1,1,-1,-1,1,1,1,1,1,-1,-1,-1,-1,-1,-1,-1,-1,-1,-1,1,1,1,1,-1,1,1,-1,1,1,1,-1,-1,1,-1,1,1,1,-1,-1,1,-1,1,1,1,-1,-1,1,-1,1,1,1,-1,-1,1,-1,1,1,1,1,-1,1,-1,1,1,1,-1,-1,-1,1,-1,1,1,1,-1,1,-1,1,1,-2658.0,1,2000,445,1000,True
2373,1,1,-1,-1,1,1,-1,-1,1,1,1,-1,1,-1,1,1,-1,1,-1,-1,-1,-1,1,1,1,1,-1,-1,1,1,1,1,-1,-1,-1,-1,1,-1,1,1,-1,-1,-1,1,1,1,1,1,-1,1,1,1,-1,1,-1,1,1,-1,1,1,1,-1,-1,-1,1,1,1,1,1,-1,-1,1,1,1,1,1,1,-1,1,1,1,-1,1,-1,1,1,1,1,1,1,1,1,1,1,1,1,-1,1,1,-1,1,1,1,1,-1,1,1,1,1,1,1,1,1,-1,1,1,1,1,1,1,1,1,1,1,1,1,1,1,-1,1,1,1,-1,1,1,-1,1,1,1,-1,1,1,-1,1,1,1,1,1,1,1,1,1,1,1,-1,1,-1,-1,1,1,-1,1,1,1,-1,-1,1,-1,-1,1,-1,-1,1,1,-1,1,1,1,1,1,-1,1,-1,1,1,-1,1,-1,-1,1,1,-1,-1,1,-1,-1,-1,1,-1,-1,1,-1,-1,-1,1,-1,1,1,1,-1,-1,1,-1,-1,1,-1,-1,-1,1,-1,-1,1,1,-1,-1,-1,1,-1,-1,1,-1,-1,1,1,-1,1,1,-1,-1,1,1,-1,1,1,-1,-1,-1,1,-1,-1,1,-1,-1,1,1,-1,1,-1,-1,-1,1,1,-1,1,1,-1,1,-1,1,-1,1,-1,1,-1,1,-1,1,1,-1,1,-1,-1,-1,-1,-1,1,-1,1,-1,1,1,1,1,-1,1,-1,1,1,-1,1,1,1,-1,1,1,1,1,-1,1,1,1,-1,1,1,1,1,-1,-1,1,-1,1,1,1,1,-1,1,1,-1,1,1,-1,-1,1,1,-1,1,1,-1,1,1,1,1,-1,1,-1,1,1,-1,-1,1,1,-1,-1,1,-1,1,-1,1,-1,1,1,1,-1,1,1,-1,1,1,1,-1,1,-1,-1,1,1,1,-1,1,-1,-1,-1,1,1,1,1,-1,-1,1,-1,1,-1,1,1,-1,-1,1,1,-1,-1,1,-1,-1,1,1,-1,1,-1,-1,-1,-1,-1,-1,1,1,-1,-1,1,1,-1,1,-1,-1,-1,1,1,-1,1,-1,-1,1,1,-1,1,1,-1,-1,-1,-1,1,1,1,1,-1,-1,1,-1,-1,1,-1,-1,1,-1,-1,1,-1,1,-1,-1,1,-1,-1,1,-1,-1,1,1,-1,1,-1,1,-1,-1,1,-1,-1,-1,-1,-1,-1,1,-1,-1,1,1,-1,-1,1,-1,1,-1,-1,1,-1,1,-1,-1,1,1,-1,-1,1,-1,-1,-1,-1,-1,1,1,-1,-1,1,1,-1,1,-1,1,-1,1,1,-1,1,-1,-1,-1,-1,-1,-1,1,-1,1,-1,1,1,-1,1,-1,-1,1,-1,-1,1,-1,1,-1,-1,-1,1,-1,1,1,-1,-1,-1,1,-1,1,-1,-1,-1,-1,1,1,1,1,-1,-1,-1,1,-1,1,1,-1,-1,-1,1,1,-1,1,1,-1,-1,1,1,1,-1,-1,1,1,-1,-1,1,-1,-1,1,-1,1,-1,1,-1,1,-1,-1,-1,1,1,-1,1,1,-1,-1,-1,1,-1,1,1,-1,1,-1,1,-1,-1,-1,-1,-1,-1,1,-1,-1,-1,-1,-1,-1,1,-1,1,1,1,1,-1,1,-1,1,1,-1,-1,-1,1,-1,-1,1,-1,1,-1,-1,1,1,1,1,-1,-1,1,1,1,1,-1,1,-1,-1,1,1,1,-1,-1,-1,1,1,1,1,-1,1,-1,1,-1,1,-1,1,1,-1,-1,1,1,1,-1,-1,-1,-1,1,1,1,1,-1,-1,-1,1,1,1,1,-1,-1,-1,1,1,1,-1,-1,-1,1,1,1,1,1,-1,1,-1,1,1,1,1,-1,-1,-1,1,1,-1,1,-1,-1,-1,1,1,1,1,-1,-1,1,-1,1,1,-1,-1,1,1,-1,1,1,-1,-1,-1,1,1,1,1,1,-1,1,-1,1,1,1,-1,-1,-1,1,-1,1,-1,-1,-1,1,-1,-1,1,1,-1,-1,1,-1,1,1,1,-1,1,-1,1,-1,1,1,-1,1,-1,1,-1,1,1,-1,-1,1,-1,-1,-1,-1,-1,-1,-1,1,-1,1,-1,-1,-1,-1,1,1,-1,1,-1,-1,-1,1,-1,-1,1,-1,-1,-1,1,1,1,1,-1,-1,-1,1,-1,1,-1,-1,-1,1,1,-1,1,-1,1,-1,1,1,-1,-1,-1,-1,1,1,1,-1,1,1,-1,-1,-1,1,1,-1,-1,-1,-1,1,1,-1,1,1,1,-1,1,1,-1,1,-1,1,1,-1,1,-1,-1,1,1,-1,-1,1,1,-1,-1,1,1,-1,1,1,-1,1,1,-1,-1,-1,1,-1,1,1,-1,-1,1,1,-1,1,1,1,-1,1,-1,1,1,1,-1,1,1,-1,-1,1,1,-1,-1,-1,1,-1,1,1,-1,1,-1,-1,-1,1,1,-1,-1,-1,1,-1,1,1,-1,-1,-1,-1,-1,1,1,1,-1,-1,1,-1,1,1,-1,-1,-1,-1,-1,1,-1,1,-1,-1,-1,1,1,1,1,-1,-1,-1,-1,1,1,1,-1,1,-1,1,1,1,1,-1,-1,-1,1,-1,1,-1,-1,-1,-1,1,-1,1,-1,-1,-1,-1,1,1,1,-1,-1,1,1,-1,1,1,-1,1,-1,1,1,1,1,1,-1,-1,1,1,1,1,1,-1,1,-1,1,-1,1,1,-1,1,1,-1,1,1,1,-1,1,-1,1,1,1,1,-1,1,-1,1,-1,1,1,-1,-1,1,-1,-1,1,1,-1,1,1,-1,-1,1,1,1,1,-1,1,1,1,-1,1,1,-1,1,1,1,-1,-1,1,-1,-1,1,-1,-1,1,1,1,-1,-1,1,1,1,1,-1,-1,1,1,1,-1,1,-1,-1,-1,1,1,1,1,-1,-1,1,-1,1,1,1,1,-1,1,1,1,1,1,1,-1,1,1,-1,-1,1,-1,-1,1,-1,1,1,1,1,-1,-1,1,1,-1,1,-1,1,-1,1,1,-1,1,1,-1,-1,1,-2658.0,1,2000,445,500,True
2374,1,1,-1,-1,1,1,-1,1,1,1,1,-1,1,1,1,1,-1,1,-1,-1,-1,1,1,1,1,-1,1,-1,1,1,1,1,-1,-1,-1,1,-1,1,1,1,-1,-1,1,1,1,1,1,-1,1,-1,1,1,-1,1,-1,-1,-1,-1,1,1,1,-1,-1,1,1,1,1,1,-1,-1,1,-1,1,1,1,-1,-1,1,-1,1,1,-1,-1,-1,-1,1,1,1,-1,-1,-1,-1,-1,1,1,-1,-1,1,-1,1,1,1,-1,-1,1,-1,-1,1,1,-1,-1,1,-1,-1,1,1,-1,-1,1,-1,-1,1,1,1,-1,-1,-1,-1,1,1,1,-1,1,-1,-1,1,1,1,-1,-1,-1,-1,-1,1,1,-1,1,-1,-1,-1,1,1,-1,-1,1,-1,1,1,1,-1,1,1,-1,-1,1,1,-1,1,1,-1,1,1,-1,-1,1,-1,-1,1,1,-1,1,-1,1,-1,-1,1,-1,1,1,-1,-1,-1,1,1,1,1,1,-1,-1,1,-1,1,1,1,-1,-1,1,1,-1,1,1,-1,1,1,-1,1,1,1,-1,1,1,1,1,1,1,1,-1,1,-1,-1,1,1,-1,-1,1,1,-1,1,1,-1,-1,1,-1,1,1,1,1,-1,1,-1,-1,1,1,-1,1,1,-1,1,1,1,-1,-1,1,-1,1,-1,1,1,1,1,-1,1,-1,1,1,1,1,-1,1,-1,1,1,1,1,-1,-1,1,1,1,-1,1,-1,-1,1,1,-1,1,1,1,-1,-1,1,1,1,1,-1,1,-1,1,1,1,1,-1,-1,-1,1,1,1,1,-1,-1,-1,1,-1,1,1,1,1,-1,1,1,1,1,1,1,-1,1,1,1,1,-1,1,1,1,1,1,1,1,-1,1,1,1,-1,1,1,-1,1,1,1,1,1,1,1,-1,1,-1,1,1,1,1,-1,1,1,1,1,1,1,-1,1,1,-1,-1,1,1,-1,1,1,1,1,1,1,-1,1,1,-1,1,1,1,1,1,1,1,-1,1,1,-1,1,1,-1,-1,1,1,-1,1,1,-1,1,-1,1,-1,1,-1,-1,-1,1,-1,-1,1,-1,1,-1,1,1,-1,1,1,-1,-1,1,-1,-1,-1,1,-1,1,1,-1,1,1,1,-1,1,-1,-1,1,-1,1,1,-1,1,-1,1,1,1,1,1,-1,-1,1,-1,1,-1,1,-1,-1,-1,1,1,1,1,-1,-1,1,-1,1,1,1,-1,-1,-1,1,-1,1,1,-1,-1,1,-1,1,1,1,1,-1,-1,1,1,1,1,-1,-1,1,1,1,1,-1,1,-1,1,-1,1,1,-1,1,-1,-1,1,1,1,-1,1,-1,1,-1,1,1,-1,-1,1,-1,1,1,1,1,-1,1,-1,-1,-1,1,1,-1,1,-1,1,-1,1,-1,-1,1,-1,-1,1,-1,1,-1,-1,1,-1,1,-1,1,1,-1,1,-1,-1,1,1,1,-1,1,-1,1,-1,-1,-1,1,-1,1,1,-1,-1,-1,-1,1,1,-1,-1,-1,1,1,1,1,-1,-1,-1,-1,-1,1,1,1,-1,-1,-1,1,1,-1,1,-1,-1,-1,1,1,1,1,-1,-1,-1,1,1,1,1,-1,-1,-1,-1,1,-1,1,-1,1,-1,-1,1,-1,1,-1,-1,1,-1,1,-1,1,1,-1,-1,-1,-1,-1,1,1,-1,-1,-1,1,-1,1,1,-1,-1,-1,-1,1,1,-1,-1,-1,-1,-1,1,1,-1,1,-1,1,1,1,1,1,-1,-1,-1,-1,-1,1,-1,1,-1,-1,1,-1,1,1,-1,1,-1,-1,1,1,1,-1,1,-1,1,-1,1,1,-1,-1,-1,1,-1,1,1,-1,1,-1,-1,-1,1,1,1,-1,1,-1,-1,1,1,-1,-1,-1,-1,-1,1,1,1,-1,1,-1,-1,-1,-1,1,-1,1,-1,-1,1,-1,-1,1,-1,1,-1,1,1,-1,1,-1,1,-1,1,-1,-1,1,-1,1,-1,1,1,-1,1,-1,-1,-1,-1,1,-1,1,-1,1,-1,-1,1,-1,1,-1,1,-1,-1,1,-1,1,-1,-1,-1,-1,1,1,-1,-1,-1,-1,-1,-1,-1,1,-1,-1,-1,-1,1,-1,-1,1,-1,-1,-1,1,-1,-1,1,-1,-1,-1,-1,-1,1,1,-1,-1,-1,-1,-1,1,-1,-1,-1,1,-1,-1,1,-1,1,-1,-1,-1,-1,1,-1,-1,1,-1,-1,-1,-1,1,-1,-1,-1,1,-1,1,-1,-1,-1,-1,-1,-1,-1,1,1,-1,-1,-1,-1,-1,1,1,1,-1,1,-1,1,-1,1,-1,-1,-1,-1,-1,-1,1,1,-1,-1,1,-1,1,1,-1,-1,-1,1,-1,1,1,-1,-1,1,1,-1,1,1,1,-1,1,-1,1,1,1,-1,-1,1,-1,1,1,1,1,-1,1,-1,-1,1,1,-1,1,1,1,-1,1,1,1,1,1,1,-1,1,-1,-1,1,1,1,-1,1,1,1,1,1,1,-1,1,1,1,-1,1,1,-1,1,-1,1,1,1,1,-1,-1,1,-1,1,1,1,-1,-1,1,1,1,-1,1,-1,-1,1,1,1,1,1,-1,1,-1,1,1,1,1,-1,1,1,1,1,1,-1,1,-1,1,1,1,-1,-1,-1,1,1,1,-1,1,-1,1,1,-1,1,1,-1,1,-1,1,1,1,1,-1,-1,-1,1,1,1,1,-1,-1,1,1,-1,1,1,-1,1,-1,1,-1,1,1,-1,1,-1,1,-1,-1,1,1,1,1,1,1,1,1,-1,-1,1,-1,1,-1,1,-1,1,-1,1,1,1,-1,-1,1,1,1,-1,1,1,-1,1,1,1,1,1,-1,-1,-1,1,-1,-1,-1,-1,-1,1,-1,1,1,1,-1,1,1,1,-1,1,1,1,-1,1,1,1,1,1,1,-1,1,1,1,1,1,1,-1,-1,1,-1,1,1,1,-1,1,1,1,-1,1,-1,-1,1,1,1,1,1,-1,-1,-1,1,1,1,1,1,-1,1,-1,1,1,-2658.0,1,2000,445,1000,True
2375,-1,-1,1,1,1,1,-1,1,-1,-1,-1,1,-1,1,-1,-1,1,-1,1,1,1,1,-1,-1,-1,1,-1,-1,-1,-1,-1,-1,1,1,-1,1,1,-1,-1,-1,1,-1,1,-1,-1,-1,-1,-1,1,-1,-1,-1,1,-1,1,-1,-1,1,-1,-1,-1,1,1,1,-1,-1,-1,-1,-1,-1,1,-1,-1,-1,-1,-1,1,1,-1,-1,-1,1,1,-1,-1,-1,-1,-1,-1,1,-1,-1,-1,-1,-1,-1,-1,1,-1,1,-1,-1,-1,-1,1,-1,-1,-1,-1,-1,-1,1,-1,-1,-1,-1,-1,-1,1,-1,-1,-1,-1,-1,-1,1,-1,-1,1,-1,-1,-1,1,-1,-1,-1,-1,-1,-1,1,-1,-1,-1,-1,-1,-1,-1,-1,-1,-1,-1,-1,-1,1,1,-1,1,-1,-1,-1,1,-1,-1,-1,-1,-1,-1,1,1,-1,-1,-1,-1,-1,1,-1,-1,-1,-1,-1,1,-1,1,-1,-1,-1,-1,1,1,-1,-1,1,-1,-1,1,1,-1,1,-1,-1,1,-1,1,1,-1,1,-1,-1,-1,1,1,-1,1,-1,-1,1,1,1,1,1,-1,1,1,1,1,1,-1,-1,-1,-1,1,1,-1,1,-1,1,-1,1,1,1,1,-1,1,1,1,1,1,1,-1,-1,1,1,1,-1,-1,-1,1,1,1,1,1,1,-1,1,1,-1,1,-1,-1,-1,1,1,-1,1,-1,-1,-1,1,1,-1,1,-1,1,-1,1,1,1,1,1,1,-1,1,1,1,1,1,-1,-1,-1,1,-1,1,-1,-1,-1,1,1,-1,1,1,1,-1,-1,1,1,1,-1,-1,-1,1,1,-1,1,1,-1,-1,1,1,-1,1,-1,-1,-1,1,1,1,1,-1,-1,-1,1,-1,1,1,-1,-1,1,-1,-1,1,1,-1,1,1,1,1,-1,1,-1,1,1,1,-1,1,1,-1,-1,1,1,-1,1,-1,-1,-1,1,1,-1,1,-1,-1,1,-1,1,-1,1,-1,-1,1,-1,1,-1,1,1,-1,1,-1,1,1,-1,1,-1,-1,1,1,-1,1,-1,-1,1,1,-1,-1,1,1,-1,1,-1,1,-1,1,-1,1,1,-1,1,1,1,-1,1,1,-1,1,-1,1,-1,-1,1,-1,1,1,-1,1,-1,1,1,-1,1,-1,-1,-1,1,-1,-1,1,-1,1,-1,-1,1,-1,1,-1,-1,-1,-1,1,-1,1,-1,1,-1,1,1,-1,1,-1,-1,-1,-1,1,-1,-1,1,1,-1,-1,1,-1,1,1,-1,1,-1,1,-1,1,-1,1,-1,-1,-1,-1,-1,-1,-1,1,-1,1,-1,1,-1,1,-1,-1,-1,1,1,1,1,-1,-1,-1,-1,1,-1,-1,1,-1,-1,1,-1,1,1,1,1,-1,-1,1,-1,-1,1,-1,-1,-1,1,-1,1,-1,1,-1,-1,-1,-1,1,-1,1,-1,-1,1,-1,1,1,1,-1,-1,-1,1,1,-1,1,-1,-1,-1,1,1,1,-1,1,1,-1,1,1,1,1,1,-1,1,-1,1,1,-1,1,-1,1,-1,-1,1,-1,-1,1,-1,-1,1,-1,-1,-1,1,1,-1,1,1,-1,-1,1,1,-1,-1,1,-1,-1,-1,-1,-1,1,1,-1,-1,-1,-1,-1,1,1,-1,-1,1,1,1,-1,1,-1,-1,1,1,-1,1,1,-1,-1,-1,1,-1,-1,1,1,-1,1,1,1,1,1,-1,1,1,1,-1,1,1,1,-1,1,1,-1,1,1,-1,1,1,1,-1,1,1,-1,-1,1,-1,1,1,1,-1,1,1,-1,-1,1,1,-1,1,1,-1,1,1,1,1,1,1,1,1,1,1,-1,1,-1,1,-1,1,1,1,1,1,1,1,1,1,-1,1,-1,1,-1,1,1,1,-1,1,-1,1,1,1,1,1,1,1,1,1,1,-1,1,1,-1,-1,1,-1,-1,1,1,1,-1,1,1,-1,1,-1,-1,1,1,1,1,1,-1,1,-1,1,1,-1,1,-1,1,-1,1,1,-1,1,-1,1,-1,1,1,-1,1,-1,1,-1,1,1,-1,1,-1,1,-1,1,1,1,1,1,1,1,1,1,-1,1,-1,1,1,1,1,1,1,-1,1,-1,1,1,-1,1,1,-1,1,1,1,-1,1,1,-1,1,1,1,1,1,-1,-1,1,1,1,1,1,-1,1,-1,1,1,1,1,1,-1,1,1,1,1,1,1,-1,1,-1,1,1,1,1,1,1,1,1,1,1,1,-1,1,1,1,1,1,-1,1,1,1,1,1,1,1,-1,1,1,1,1,1,-1,1,1,1,1,1,1,-1,-1,1,-1,1,1,1,-1,1,1,1,1,1,-1,-1,1,1,1,1,1,1,-1,1,1,-1,1,1,-1,1,1,1,1,1,1,-1,-1,1,1,1,1,-1,1,-1,1,1,1,-1,-1,-1,-1,1,1,1,1,-1,1,-1,1,1,1,1,1,-1,-1,1,1,-1,1,1,-1,-1,1,1,-1,1,-1,-1,-1,1,-1,1,1,1,-1,-1,-1,1,-1,1,1,-1,-1,1,1,-1,1,1,-1,1,1,1,-1,1,1,-1,1,-1,1,1,1,1,-1,1,-1,1,1,1,-1,1,-1,1,1,1,1,-1,1,1,-1,1,1,-1,1,1,-1,-1,1,-1,1,1,-1,1,-1,1,-1,1,-1,-1,1,-1,1,-1,1,-1,1,-1,-1,-1,1,1,-1,-1,1,-1,-1,-1,1,1,-1,1,-1,1,-1,1,1,-1,1,-1,-1,1,1,-1,-1,-1,1,1,1,-1,-1,1,1,-1,1,1,-1,-1,1,1,-1,-1,-1,1,-1,1,1,1,1,-1,1,-1,-1,-1,-1,-1,-1,-1,-1,-1,1,1,1,1,-1,1,1,-1,1,1,-1,-1,-1,1,-1,1,1,1,1,-1,1,-1,1,1,1,-1,-1,1,-1,1,1,1,1,-1,1,-1,1,1,-1,-1,-1,1,-1,1,1,1,-1,-1,-1,1,-1,1,-1,1,-1,1,-1,1,1,-2658.0,1,2000,445,1500,True
2376,-1,-1,1,1,1,1,-1,1,-1,-1,-1,1,-1,1,-1,-1,1,-1,1,1,1,1,-1,-1,-1,1,-1,-1,-1,-1,-1,-1,1,1,-1,1,1,-1,-1,-1,1,-1,1,-1,-1,-1,1,-1,1,-1,-1,-1,1,-1,1,-1,-1,1,-1,-1,-1,1,1,1,-1,-1,-1,-1,-1,-1,1,-1,-1,-1,-1,-1,1,1,-1,-1,-1,1,1,-1,-1,-1,-1,-1,-1,1,-1,-1,-1,-1,-1,-1,1,1,-1,1,-1,-1,-1,-1,1,-1,-1,-1,-1,-1,-1,1,-1,-1,-1,-1,-1,-1,1,-1,-1,-1,-1,-1,-1,1,-1,-1,1,-1,-1,-1,1,-1,-1,1,-1,-1,-1,1,-1,-1,1,-1,-1,-1,-1,-1,-1,-1,-1,-1,-1,1,1,-1,1,1,-1,-1,1,-1,-1,-1,-1,-1,-1,1,1,-1,-1,-1,-1,-1,1,-1,-1,1,-1,-1,1,-1,1,-1,-1,-1,-1,1,1,-1,-1,1,-1,1,1,1,1,-1,1,-1,-1,1,1,1,-1,1,-1,-1,-1,1,1,-1,1,-1,-1,1,1,1,1,1,-1,1,1,1,1,1,-1,1,-1,-1,1,1,1,-1,1,1,-1,1,1,1,-1,1,-1,1,1,1,1,-1,1,-1,-1,1,1,1,1,1,-1,1,1,1,-1,-1,1,-1,1,-1,1,-1,1,1,-1,1,-1,1,-1,1,1,-1,1,-1,1,-1,1,1,1,-1,1,1,-1,-1,1,-1,-1,1,1,-1,1,1,1,-1,-1,1,-1,-1,1,-1,1,-1,1,1,-1,1,-1,-1,-1,1,-1,-1,1,-1,1,-1,1,1,-1,-1,1,1,-1,1,-1,-1,1,1,-1,-1,1,-1,-1,1,-1,1,-1,1,-1,-1,1,1,-1,1,1,-1,1,-1,1,-1,-1,1,-1,1,1,1,1,1,1,-1,-1,1,1,1,1,-1,-1,-1,1,1,1,1,-1,-1,1,-1,1,1,1,-1,-1,1,-1,1,-1,1,1,-1,1,-1,1,1,1,1,-1,-1,1,1,1,-1,-1,-1,1,1,-1,-1,1,1,-1,1,-1,1,-1,1,-1,1,1,-1,1,1,1,-1,1,1,-1,1,-1,1,-1,-1,1,-1,1,1,1,1,-1,1,1,-1,1,1,-1,-1,1,-1,-1,1,-1,1,-1,-1,1,-1,1,1,-1,-1,-1,1,-1,1,-1,1,1,-1,1,-1,1,-1,-1,-1,-1,1,-1,-1,1,1,-1,-1,1,-1,1,1,-1,1,-1,1,-1,1,-1,1,-1,-1,-1,-1,1,-1,-1,1,-1,1,-1,1,-1,1,-1,-1,-1,1,1,-1,1,-1,-1,-1,-1,1,-1,-1,1,-1,-1,1,-1,1,1,1,1,-1,-1,1,-1,-1,1,-1,-1,-1,1,-1,1,-1,1,-1,-1,1,-1,1,-1,1,-1,-1,1,-1,1,1,1,-1,-1,-1,1,1,-1,1,-1,-1,-1,1,1,1,-1,1,1,-1,1,1,1,1,1,-1,1,-1,1,1,-1,1,-1,1,1,-1,1,-1,-1,1,-1,-1,1,-1,-1,-1,1,1,-1,1,1,-1,-1,1,1,-1,-1,1,-1,-1,-1,-1,-1,1,1,-1,-1,-1,-1,-1,1,1,-1,-1,1,1,1,-1,1,-1,-1,1,1,-1,1,1,-1,-1,-1,1,-1,-1,1,1,-1,1,1,1,1,1,-1,1,1,1,-1,1,1,1,-1,1,1,-1,1,1,-1,1,1,1,-1,1,1,-1,-1,1,1,1,1,1,-1,1,1,-1,-1,1,1,1,1,1,-1,1,1,1,1,1,1,1,1,1,1,-1,1,-1,1,-1,1,1,1,1,1,1,1,1,-1,1,1,-1,1,-1,1,1,1,1,1,-1,1,1,1,1,1,1,1,1,1,1,-1,1,1,-1,-1,1,-1,-1,1,1,1,-1,1,1,1,1,-1,-1,1,1,-1,1,1,-1,1,-1,1,1,-1,1,-1,1,-1,1,-1,1,1,-1,1,-1,1,1,1,1,-1,1,-1,1,1,-1,1,-1,1,-1,1,1,-1,-1,1,1,1,1,-1,1,1,-1,1,1,1,1,-1,-1,-1,1,-1,1,1,-1,-1,1,-1,1,1,1,-1,-1,1,-1,1,1,1,1,-1,-1,-1,1,1,1,-1,-1,-1,1,-1,1,1,-1,-1,1,-1,1,1,1,-1,-1,1,-1,1,-1,1,-1,-1,1,1,1,1,1,1,-1,1,-1,1,1,-1,1,-1,1,1,1,1,1,-1,-1,1,-1,1,1,1,1,-1,-1,1,1,1,1,1,-1,-1,-1,1,-1,1,1,1,-1,1,1,1,1,1,-1,-1,1,1,1,1,1,1,-1,1,1,-1,1,-1,-1,1,1,1,1,1,1,-1,-1,1,1,1,1,1,-1,-1,1,1,1,1,1,1,-1,1,1,1,1,1,1,-1,1,1,1,1,1,1,-1,1,1,-1,1,1,-1,-1,1,1,1,1,1,1,-1,1,-1,-1,1,1,1,-1,-1,1,-1,1,1,1,-1,1,1,-1,1,-1,1,-1,1,1,-1,1,1,1,-1,-1,-1,1,1,1,-1,1,-1,1,1,1,1,-1,1,-1,1,1,1,-1,-1,1,-1,-1,1,-1,1,-1,-1,-1,1,-1,1,-1,1,-1,-1,1,-1,1,-1,-1,-1,-1,1,-1,1,-1,1,-1,-1,-1,1,1,-1,1,-1,-1,-1,-1,1,1,-1,1,-1,1,-1,1,1,1,1,-1,-1,1,-1,-1,-1,1,1,1,1,-1,-1,1,-1,-1,1,1,-1,-1,1,-1,-1,-1,-1,1,-1,1,1,1,1,-1,1,-1,1,-1,1,-1,-1,-1,-1,1,-1,1,1,1,-1,1,1,-1,1,1,-1,-1,-1,1,-1,1,1,1,1,-1,1,-1,1,1,1,-1,-1,1,-1,1,1,1,-1,-1,1,-1,1,1,-1,-1,-1,1,-1,-1,1,1,-1,-1,-1,1,-1,1,-1,1,-1,1,-1,-1,1,-2658.0,1,2000,445,1500,True
2377,-1,-1,1,1,1,1,-1,1,-1,-1,-1,1,-1,1,-1,-1,1,-1,1,-1,-1,1,-1,-1,-1,1,-1,-1,-1,-1,-1,-1,1,-1,-1,1,1,-1,-1,1,-1,-1,1,-1,-1,-1,-1,1,-1,-1,-1,-1,1,1,-1,-1,-1,1,-1,-1,-1,1,-1,1,-1,1,-1,-1,1,-1,1,-1,-1,-1,1,1,1,1,-1,-1,-1,1,1,-1,-1,-1,-1,1,1,-1,1,-1,-1,1,-1,1,1,-1,-1,1,1,1,1,1,1,-1,-1,1,1,1,1,-1,-1,-1,1,1,1,1,1,-1,-1,1,1,1,1,-1,-1,-1,1,1,1,1,1,-1,-1,1,1,1,1,1,-1,-1,1,1,1,1,-1,-1,-1,-1,1,1,1,1,1,-1,1,1,1,1,1,1,-1,-1,1,1,-1,1,1,-1,1,1,1,1,1,-1,-1,1,1,1,1,-1,1,-1,1,1,1,1,1,-1,-1,-1,1,1,1,1,1,-1,1,1,-1,-1,1,1,-1,1,1,1,1,1,1,-1,1,1,1,-1,1,1,-1,1,1,-1,1,1,1,1,-1,1,-1,-1,1,1,-1,-1,1,-1,1,1,1,-1,-1,1,-1,-1,1,1,1,-1,1,-1,1,1,1,-1,1,1,-1,1,-1,1,-1,-1,1,1,1,1,1,1,1,1,1,1,-1,1,1,1,1,1,1,-1,1,1,1,1,1,1,1,1,1,1,1,1,1,1,1,-1,-1,1,1,1,-1,1,1,1,1,1,1,-1,1,1,1,-1,1,1,1,1,1,1,1,-1,1,-1,1,-1,1,1,1,1,-1,1,1,1,1,1,-1,1,1,1,1,1,1,-1,1,1,1,1,1,1,-1,1,1,1,-1,1,1,1,-1,1,1,-1,1,1,-1,1,1,-1,1,1,1,-1,1,1,1,-1,1,1,-1,1,1,1,-1,1,1,1,1,1,1,1,-1,1,-1,1,-1,1,-1,1,1,1,-1,-1,1,1,-1,1,-1,1,1,1,-1,-1,-1,-1,1,1,1,-1,1,1,-1,1,1,-1,1,-1,1,-1,1,1,-1,-1,1,-1,1,1,1,1,1,-1,1,-1,-1,-1,1,-1,1,-1,-1,1,1,1,-1,-1,-1,1,-1,1,1,-1,1,-1,-1,1,1,1,1,-1,-1,1,-1,-1,1,-1,1,-1,-1,-1,-1,1,1,1,-1,-1,1,-1,1,1,-1,-1,1,-1,1,-1,1,-1,-1,-1,1,-1,1,-1,-1,-1,-1,-1,1,1,-1,1,-1,-1,1,1,1,-1,-1,1,-1,1,-1,1,-1,-1,-1,-1,-1,1,1,-1,-1,1,-1,1,-1,1,1,-1,-1,1,-1,1,-1,1,-1,-1,1,-1,-1,-1,1,-1,-1,-1,-1,1,-1,1,-1,-1,1,-1,-1,1,1,-1,-1,-1,-1,-1,1,1,-1,-1,-1,1,-1,-1,1,1,1,-1,1,-1,1,-1,1,-1,1,-1,1,1,-1,-1,1,1,1,-1,1,-1,1,-1,1,1,1,-1,-1,-1,1,-1,1,1,1,-1,-1,-1,1,1,-1,1,-1,-1,-1,1,1,1,1,-1,-1,-1,1,1,1,1,-1,-1,-1,-1,1,-1,1,-1,1,-1,-1,1,1,1,-1,1,1,-1,1,-1,1,1,-1,-1,-1,-1,1,1,1,-1,-1,-1,1,1,1,1,-1,-1,1,-1,1,1,-1,-1,-1,-1,-1,1,1,-1,1,-1,1,1,1,1,1,-1,-1,-1,-1,1,1,-1,1,-1,-1,1,1,1,1,-1,1,-1,-1,1,1,1,-1,1,-1,1,1,1,1,-1,-1,-1,-1,1,-1,1,-1,1,-1,1,1,1,1,1,-1,1,-1,1,1,1,-1,-1,-1,1,1,1,-1,1,-1,1,-1,1,-1,-1,1,-1,1,-1,1,1,-1,-1,1,-1,1,1,-1,1,-1,1,-1,1,-1,1,-1,1,-1,1,-1,1,-1,1,-1,1,-1,-1,1,-1,1,-1,1,-1,1,1,-1,1,-1,1,1,-1,1,-1,-1,1,1,1,1,1,-1,1,-1,-1,1,1,1,1,-1,-1,1,-1,1,1,-1,1,1,-1,1,1,1,-1,1,-1,-1,1,1,1,1,-1,-1,1,-1,1,1,-1,-1,-1,-1,1,-1,-1,1,-1,-1,1,-1,1,1,-1,-1,-1,-1,1,1,1,-1,-1,-1,1,1,1,1,-1,-1,1,-1,-1,1,1,-1,-1,-1,1,1,1,1,-1,1,-1,1,-1,1,1,-1,1,-1,-1,1,1,1,-1,-1,-1,-1,-1,1,-1,-1,-1,1,-1,1,1,-1,-1,-1,-1,-1,1,1,1,-1,-1,1,-1,1,1,-1,1,-1,-1,1,1,1,-1,-1,1,-1,-1,1,1,1,-1,-1,-1,-1,1,1,-1,1,-1,-1,-1,1,1,-1,-1,1,-1,-1,1,1,1,-1,1,-1,-1,1,1,-1,-1,-1,-1,-1,1,1,-1,-1,1,-1,-1,1,-1,1,-1,1,-1,-1,1,1,-1,-1,-1,1,-1,1,1,-1,-1,1,-1,1,1,1,1,-1,-1,-1,1,-1,1,-1,-1,-1,-1,1,-1,1,-1,-1,-1,-1,1,1,1,-1,-1,-1,1,-1,1,1,-1,1,-1,1,1,1,-1,1,-1,1,-1,1,1,1,1,-1,1,-1,1,-1,1,1,-1,-1,1,-1,1,1,1,-1,1,-1,1,1,-1,1,-1,1,-1,1,1,-1,1,-1,1,-1,1,-1,1,1,-1,-1,-1,-1,-1,1,1,-1,-1,1,1,1,1,1,-1,-1,1,1,1,1,1,1,-1,1,-1,1,1,1,1,-1,-1,-1,-1,-1,-1,-1,-1,-1,-1,1,1,1,-1,1,1,-1,-1,1,1,-1,-1,1,-1,1,1,1,-1,-1,1,-1,1,1,1,-1,1,1,-1,1,1,1,-1,-1,1,-1,1,-1,1,1,-1,1,-1,-1,1,1,1,-1,1,-1,1,1,1,1,-1,1,-1,-1,1,-2658.0,1,2000,445,1000,True
2378,1,1,-1,-1,1,1,-1,1,1,1,1,-1,-1,1,1,1,-1,1,-1,-1,-1,1,1,1,1,1,-1,-1,1,1,1,1,-1,-1,-1,1,-1,1,1,1,-1,-1,1,1,1,1,1,1,-1,-1,1,1,1,1,-1,-1,-1,-1,1,1,1,-1,-1,-1,1,1,1,1,1,-1,1,-1,1,1,1,1,-1,1,-1,1,1,1,1,-1,-1,1,1,1,1,-1,-1,1,-1,1,1,1,1,1,-1,1,1,1,1,1,1,-1,-1,1,1,1,1,-1,-1,-1,1,1,1,1,1,-1,-1,1,1,1,1,-1,-1,-1,1,1,1,1,1,-1,-1,1,1,1,1,1,-1,-1,-1,1,1,1,1,-1,-1,-1,1,1,1,1,1,-1,-1,1,1,1,1,1,-1,-1,1,1,1,1,1,-1,1,1,1,1,1,-1,-1,1,1,1,1,-1,1,-1,1,1,1,1,1,-1,-1,-1,1,1,1,1,1,-1,-1,1,-1,-1,1,1,-1,-1,1,1,1,1,1,-1,1,1,-1,-1,1,1,-1,1,1,1,1,1,1,1,-1,1,-1,-1,1,1,-1,-1,1,1,1,1,1,-1,-1,1,-1,-1,1,1,1,-1,1,-1,1,1,1,-1,1,1,1,1,1,1,-1,-1,-1,1,1,-1,1,1,1,-1,1,1,-1,1,1,1,1,1,1,-1,1,1,1,1,-1,1,1,1,1,1,1,1,1,1,1,-1,-1,1,-1,1,-1,1,1,1,1,1,1,-1,1,1,1,-1,1,1,1,1,1,1,1,-1,1,-1,1,-1,1,1,1,1,-1,1,1,1,1,1,-1,1,1,1,1,1,1,-1,1,1,1,1,1,1,-1,1,1,1,-1,1,1,1,-1,1,1,-1,1,1,-1,1,1,-1,1,1,1,-1,1,1,1,1,1,1,-1,1,1,1,-1,1,1,1,1,1,1,1,-1,1,-1,1,1,1,-1,1,1,-1,-1,1,1,1,-1,1,-1,1,1,1,-1,-1,-1,-1,1,1,1,-1,1,1,-1,1,1,-1,1,1,1,-1,1,1,-1,1,1,-1,1,1,1,1,1,-1,1,-1,-1,-1,1,-1,1,-1,-1,1,1,1,-1,-1,-1,1,-1,-1,1,-1,1,-1,-1,1,1,1,1,-1,-1,1,-1,-1,1,-1,1,-1,-1,-1,1,1,1,1,-1,-1,1,-1,1,1,-1,-1,1,-1,1,-1,1,-1,-1,-1,1,-1,1,-1,-1,-1,-1,-1,1,1,-1,1,-1,-1,1,-1,1,-1,-1,1,-1,1,-1,1,-1,-1,-1,-1,-1,1,1,-1,-1,1,-1,1,-1,1,1,-1,-1,1,-1,1,-1,1,-1,-1,1,-1,-1,-1,1,-1,-1,-1,-1,1,-1,1,-1,-1,1,-1,-1,1,1,-1,-1,-1,-1,-1,1,1,-1,-1,-1,1,-1,-1,1,1,1,-1,1,-1,1,-1,1,1,1,-1,1,1,-1,-1,-1,1,1,1,-1,-1,1,-1,1,1,1,-1,-1,-1,1,-1,1,1,1,-1,-1,-1,1,1,-1,1,-1,-1,-1,1,1,-1,1,-1,-1,-1,1,1,-1,1,-1,-1,-1,-1,1,1,1,-1,1,-1,-1,1,-1,1,-1,1,1,-1,1,-1,1,1,-1,-1,-1,-1,-1,1,1,-1,-1,-1,1,-1,1,1,-1,-1,1,-1,1,1,-1,-1,-1,-1,-1,1,1,-1,1,-1,1,1,1,1,1,-1,-1,-1,-1,-1,1,-1,1,-1,-1,1,-1,1,1,-1,1,-1,-1,1,1,1,-1,1,-1,1,-1,1,1,-1,1,-1,-1,-1,1,1,-1,1,-1,1,-1,1,1,1,-1,1,-1,-1,1,1,-1,-1,-1,1,-1,1,1,-1,-1,1,-1,-1,-1,-1,1,-1,1,-1,-1,1,-1,-1,1,-1,1,-1,1,1,-1,1,-1,1,-1,1,-1,1,-1,1,-1,-1,1,1,-1,1,-1,-1,-1,-1,1,-1,1,-1,1,-1,-1,1,-1,1,1,-1,-1,-1,-1,1,1,1,1,-1,-1,1,-1,-1,1,1,-1,-1,-1,-1,1,-1,1,-1,-1,1,1,-1,1,1,-1,-1,1,-1,-1,1,1,-1,-1,-1,-1,1,-1,1,-1,-1,-1,-1,-1,1,-1,-1,1,-1,-1,1,-1,1,-1,-1,-1,-1,-1,1,1,1,-1,-1,-1,1,1,1,-1,-1,-1,1,-1,-1,1,1,-1,-1,-1,1,1,1,-1,-1,-1,-1,1,-1,1,-1,-1,1,-1,-1,1,1,-1,-1,-1,-1,-1,-1,1,1,-1,-1,1,-1,1,1,-1,-1,-1,1,-1,1,1,-1,-1,1,1,-1,1,1,1,-1,1,-1,1,1,1,-1,-1,1,-1,-1,1,1,-1,-1,-1,-1,-1,1,1,-1,1,1,-1,-1,1,1,-1,-1,1,-1,-1,1,1,-1,-1,1,-1,-1,1,1,1,-1,-1,-1,-1,1,1,-1,-1,1,-1,-1,1,-1,1,-1,1,-1,1,1,1,1,-1,-1,-1,-1,1,1,1,-1,1,-1,1,1,1,1,-1,-1,-1,1,-1,1,-1,-1,-1,-1,1,-1,1,-1,-1,-1,-1,1,1,1,-1,-1,-1,1,-1,1,1,-1,1,-1,1,1,1,1,1,-1,1,-1,1,1,1,1,-1,1,-1,1,-1,1,1,-1,-1,1,-1,1,1,1,-1,1,-1,1,1,-1,1,-1,1,-1,1,1,-1,1,-1,1,-1,-1,-1,1,1,-1,-1,-1,-1,-1,1,1,1,-1,1,1,1,1,1,-1,-1,1,1,1,1,1,-1,-1,1,-1,1,1,1,-1,-1,-1,-1,-1,-1,-1,-1,-1,1,-1,1,1,1,-1,1,1,-1,-1,1,1,1,-1,1,-1,1,1,1,-1,-1,1,-1,1,1,1,-1,-1,1,-1,1,1,1,-1,-1,1,-1,1,-1,1,1,-1,1,-1,-1,1,1,-1,-1,-1,-1,1,1,-1,1,-1,1,-1,-1,1,-2658.0,1,2000,445,1000,True
2379,-1,-1,1,1,1,1,-1,1,-1,-1,-1,1,-1,1,-1,-1,1,-1,1,-1,-1,1,-1,-1,-1,1,-1,-1,-1,-1,-1,-1,1,-1,-1,1,1,-1,-1,1,-1,-1,1,-1,-1,-1,1,1,-1,-1,-1,-1,1,1,-1,-1,-1,1,-1,-1,1,1,-1,1,-1,1,-1,1,1,-1,1,-1,-1,-1,1,1,-1,1,-1,-1,-1,1,1,-1,-1,-1,-1,1,1,-1,-1,-1,-1,1,-1,1,1,1,-1,1,1,1,1,1,1,-1,-1,1,1,1,1,-1,-1,-1,1,1,1,1,1,-1,-1,1,1,1,1,-1,-1,-1,1,1,1,1,1,-1,-1,1,1,1,1,1,-1,-1,1,1,1,1,1,-1,-1,-1,1,1,1,1,1,-1,1,1,1,1,1,-1,-1,-1,1,1,1,1,1,-1,1,1,1,1,1,-1,-1,1,1,1,1,-1,1,-1,1,1,1,1,1,-1,-1,-1,1,1,1,1,1,-1,1,1,-1,-1,1,1,-1,1,1,1,1,1,1,-1,1,1,-1,-1,1,1,-1,1,1,1,1,1,1,1,-1,1,-1,-1,1,1,-1,-1,1,1,1,1,1,-1,-1,1,-1,-1,1,1,1,-1,1,-1,1,1,1,-1,1,1,1,-1,1,1,-1,-1,-1,1,1,-1,1,1,1,-1,1,1,-1,1,1,1,1,1,1,-1,1,1,1,1,-1,1,1,1,1,1,1,1,1,1,1,-1,-1,1,-1,1,-1,1,1,1,1,1,1,-1,1,1,1,-1,1,1,1,1,1,1,1,-1,1,-1,1,-1,1,1,1,1,-1,1,1,1,1,1,-1,1,1,1,1,1,1,-1,1,1,1,1,1,1,-1,1,1,1,-1,1,1,1,-1,1,1,1,1,1,-1,1,1,-1,1,1,1,-1,1,1,1,1,1,1,-1,1,1,1,-1,1,1,1,1,1,1,1,-1,1,-1,1,-1,1,-1,1,1,1,-1,-1,1,1,-1,1,-1,1,1,1,-1,-1,-1,-1,1,1,1,-1,1,1,-1,1,1,-1,-1,1,1,-1,1,1,-1,1,1,1,1,1,1,1,-1,-1,1,-1,-1,-1,1,-1,1,-1,-1,1,1,1,-1,-1,-1,1,-1,1,1,1,-1,1,-1,1,1,1,1,1,-1,1,-1,-1,1,-1,1,-1,-1,-1,1,1,1,1,-1,-1,1,-1,1,1,1,-1,1,-1,1,-1,1,1,-1,-1,1,-1,1,1,1,-1,-1,-1,1,1,1,1,-1,-1,1,1,1,1,-1,1,-1,1,-1,1,1,-1,-1,-1,-1,1,1,1,-1,1,-1,1,-1,1,1,-1,-1,1,-1,1,1,1,1,-1,1,-1,-1,-1,1,1,-1,-1,-1,1,-1,1,-1,-1,1,-1,-1,1,-1,1,-1,-1,-1,-1,1,-1,1,-1,-1,1,-1,-1,1,1,1,-1,1,-1,1,-1,-1,1,1,-1,1,1,-1,-1,1,1,1,-1,1,-1,1,-1,1,1,1,-1,-1,-1,1,-1,1,1,1,-1,-1,-1,1,1,-1,1,-1,-1,-1,1,1,1,1,-1,-1,-1,1,1,1,1,-1,-1,-1,-1,1,-1,1,-1,1,-1,-1,1,1,1,-1,-1,1,-1,1,-1,1,1,-1,-1,-1,-1,1,1,1,-1,-1,-1,1,1,1,1,-1,-1,-1,-1,1,1,-1,-1,-1,-1,-1,1,1,-1,1,-1,1,1,1,1,1,-1,-1,-1,-1,1,1,-1,1,-1,-1,1,1,1,1,-1,1,-1,-1,1,1,1,-1,1,-1,1,1,1,1,-1,-1,-1,1,1,-1,1,-1,1,-1,-1,1,1,1,-1,-1,1,-1,1,1,1,-1,-1,-1,-1,1,1,-1,1,-1,1,-1,1,-1,-1,1,-1,1,-1,1,1,-1,-1,1,-1,1,1,-1,1,-1,1,-1,1,-1,1,-1,-1,1,-1,1,1,-1,1,-1,1,-1,-1,1,-1,1,-1,1,-1,1,1,-1,1,-1,1,-1,1,1,-1,-1,1,1,-1,-1,1,-1,1,-1,-1,-1,-1,1,1,-1,-1,1,-1,-1,1,-1,1,1,-1,1,-1,1,-1,1,-1,-1,1,-1,1,1,-1,-1,1,1,-1,1,-1,-1,-1,1,-1,-1,-1,1,-1,-1,1,-1,1,1,-1,-1,-1,-1,-1,-1,1,-1,-1,-1,1,1,-1,1,-1,-1,1,-1,-1,-1,1,-1,-1,-1,1,1,1,1,-1,1,-1,1,-1,1,1,-1,1,-1,-1,1,1,1,-1,-1,-1,-1,-1,1,-1,-1,-1,1,-1,1,1,-1,-1,-1,1,-1,-1,1,1,-1,1,1,-1,1,1,-1,-1,1,-1,1,1,1,-1,-1,1,-1,-1,1,1,-1,-1,-1,-1,-1,1,1,-1,1,1,-1,-1,1,1,-1,-1,1,-1,-1,1,1,-1,-1,1,-1,-1,1,1,-1,-1,-1,-1,-1,1,1,-1,-1,1,-1,-1,1,-1,-1,-1,1,-1,-1,-1,1,-1,-1,-1,-1,-1,1,1,-1,-1,1,-1,1,1,1,1,-1,-1,-1,1,-1,1,-1,-1,-1,-1,1,-1,1,-1,-1,-1,-1,1,1,1,-1,-1,-1,1,-1,1,1,-1,1,-1,1,1,1,-1,1,-1,1,-1,1,1,1,1,-1,1,-1,1,-1,1,1,-1,-1,1,-1,1,1,1,-1,1,-1,1,1,-1,1,-1,1,-1,1,1,-1,1,-1,1,-1,1,-1,1,1,-1,-1,-1,-1,-1,1,1,1,-1,1,1,1,1,1,-1,-1,1,1,1,1,1,-1,-1,1,-1,1,1,1,-1,-1,-1,-1,-1,-1,-1,-1,-1,1,-1,1,1,1,-1,1,1,-1,-1,1,1,-1,-1,1,-1,1,1,1,-1,-1,1,-1,1,1,1,-1,-1,1,-1,1,1,1,-1,-1,1,-1,1,-1,1,1,-1,1,-1,-1,1,1,-1,-1,-1,-1,1,1,-1,1,-1,1,-1,-1,1,-2658.0,1,2000,445,1000,True
2380,-1,-1,1,1,1,1,-1,1,-1,-1,-1,1,-1,1,-1,-1,1,-1,1,1,-1,1,-1,-1,-1,1,-1,-1,-1,-1,-1,-1,1,1,-1,1,1,-1,-1,-1,1,-1,1,-1,-1,-1,-1,-1,1,-1,-1,-1,1,-1,1,-1,-1,1,-1,-1,-1,1,1,1,-1,-1,-1,-1,-1,-1,1,-1,-1,-1,-1,-1,-1,1,-1,-1,-1,1,1,-1,-1,-1,-1,-1,-1,1,-1,-1,-1,-1,-1,-1,-1,1,-1,1,-1,-1,-1,-1,1,-1,-1,-1,-1,-1,-1,1,-1,-1,-1,-1,-1,-1,1,-1,-1,1,-1,-1,-1,1,-1,-1,1,-1,-1,-1,1,-1,-1,1,-1,-1,-1,-1,-1,-1,1,-1,-1,-1,1,-1,-1,-1,-1,-1,-1,-1,1,-1,1,1,-1,-1,1,1,-1,-1,-1,-1,-1,1,1,-1,-1,-1,-1,-1,1,-1,-1,1,-1,-1,1,-1,1,-1,-1,-1,-1,1,1,-1,-1,1,-1,1,1,1,1,-1,1,-1,-1,1,1,1,-1,1,-1,-1,-1,1,1,-1,1,1,-1,1,1,1,-1,1,-1,1,1,1,1,1,-1,1,-1,-1,1,1,-1,-1,-1,1,-1,1,1,-1,-1,1,-1,1,1,1,1,-1,-1,1,-1,1,1,-1,1,1,-1,1,1,1,-1,-1,1,-1,1,-1,1,1,-1,1,-1,1,-1,1,1,1,-1,-1,1,-1,1,1,1,-1,-1,-1,1,1,1,1,-1,-1,-1,1,1,-1,-1,-1,1,-1,-1,1,1,-1,-1,-1,1,-1,1,1,1,-1,1,-1,-1,1,1,1,-1,1,-1,-1,1,-1,1,-1,-1,1,-1,1,1,1,-1,-1,1,-1,1,1,1,-1,-1,1,1,1,1,1,-1,1,-1,1,1,1,-1,-1,-1,-1,1,1,1,-1,-1,-1,1,-1,1,-1,1,-1,-1,1,-1,1,1,1,-1,-1,1,-1,1,1,-1,1,-1,1,-1,1,1,1,1,-1,1,-1,-1,1,-1,1,-1,1,1,-1,1,1,-1,-1,1,-1,1,1,-1,-1,1,1,-1,-1,1,-1,1,1,1,-1,1,-1,1,1,-1,1,-1,1,-1,-1,1,1,-1,-1,1,1,1,1,1,1,1,-1,1,1,-1,1,1,-1,1,1,-1,1,-1,-1,1,1,1,-1,1,1,1,-1,1,1,-1,-1,1,1,1,-1,1,1,-1,1,1,-1,1,1,1,-1,1,1,1,-1,1,1,-1,1,-1,1,1,-1,1,-1,-1,1,1,-1,1,-1,-1,-1,1,1,1,1,-1,-1,1,-1,1,-1,1,-1,-1,1,1,1,-1,1,-1,-1,1,1,-1,1,1,-1,-1,1,1,1,-1,1,1,-1,-1,1,-1,1,-1,1,-1,1,1,-1,-1,-1,1,-1,-1,1,-1,1,-1,1,-1,-1,1,-1,-1,1,1,-1,-1,-1,1,-1,1,1,-1,1,-1,1,-1,-1,1,1,1,-1,1,-1,1,-1,1,-1,-1,-1,1,1,-1,-1,1,-1,1,-1,1,-1,1,-1,1,1,1,-1,-1,-1,-1,-1,1,1,1,-1,-1,-1,1,1,-1,1,-1,-1,-1,1,1,1,1,-1,-1,1,1,1,1,1,-1,-1,-1,-1,1,-1,1,-1,1,-1,-1,1,1,1,-1,1,1,1,1,-1,1,1,-1,-1,-1,-1,1,1,1,-1,1,-1,1,1,1,1,-1,-1,-1,-1,1,1,-1,-1,-1,-1,-1,1,1,-1,1,-1,1,1,1,1,1,-1,-1,-1,-1,1,1,-1,1,-1,-1,1,1,1,1,-1,1,-1,-1,1,1,1,-1,1,-1,1,1,1,1,-1,1,-1,-1,1,-1,1,-1,1,-1,1,1,1,1,1,-1,1,-1,1,1,1,-1,-1,-1,1,1,1,-1,1,-1,1,-1,1,-1,-1,1,-1,1,-1,1,1,-1,-1,1,-1,1,1,-1,1,-1,1,-1,1,1,1,-1,1,-1,1,-1,1,-1,1,-1,1,-1,-1,1,1,1,-1,1,-1,1,1,-1,1,-1,1,1,-1,1,1,-1,1,1,1,1,1,-1,1,1,-1,1,1,1,1,-1,1,-1,1,-1,1,1,-1,1,1,-1,1,1,1,-1,1,-1,1,1,1,1,1,-1,1,-1,1,1,1,1,1,-1,1,-1,1,1,-1,1,-1,1,1,1,1,1,1,-1,1,1,-1,1,1,1,-1,1,1,1,1,1,1,-1,1,1,1,1,-1,1,1,1,1,1,1,-1,1,1,-1,1,1,1,-1,1,-1,1,1,1,1,1,1,1,-1,1,-1,1,1,-1,1,-1,1,1,1,1,-1,1,-1,1,1,1,1,-1,1,-1,1,-1,1,1,1,-1,1,1,1,1,1,1,1,1,1,1,1,1,1,-1,-1,1,1,1,1,1,1,-1,1,1,1,1,-1,1,1,-1,1,1,1,1,1,-1,1,-1,1,1,1,1,1,1,-1,1,1,1,1,-1,1,-1,1,1,1,-1,-1,1,-1,1,1,1,1,-1,1,-1,1,-1,1,-1,-1,1,-1,1,1,1,-1,1,-1,1,1,1,1,-1,-1,1,1,1,1,1,-1,-1,1,1,1,-1,-1,1,-1,1,1,-1,1,-1,-1,-1,1,-1,1,-1,1,-1,-1,1,-1,1,-1,-1,-1,1,-1,-1,1,-1,-1,1,-1,-1,1,1,-1,1,-1,-1,-1,-1,1,-1,1,-1,1,-1,-1,1,1,1,1,1,-1,1,1,-1,-1,1,1,-1,1,1,-1,1,-1,-1,1,1,-1,-1,1,-1,1,-1,-1,1,-1,1,1,-1,1,1,-1,-1,-1,1,-1,-1,-1,-1,-1,1,-1,1,1,1,-1,1,1,1,-1,1,1,1,-1,1,1,-1,1,1,1,-1,1,1,1,1,1,1,-1,-1,1,-1,1,1,1,-1,1,1,-1,-1,1,-1,-1,1,1,1,1,1,-1,-1,-1,1,-1,1,1,1,-1,1,-1,1,1,-2658.0,1,2000,445,1000,True
2381,1,1,-1,-1,1,1,-1,1,1,1,1,-1,1,1,1,1,-1,1,-1,-1,-1,1,1,1,1,1,-1,-1,1,1,1,1,-1,-1,-1,1,-1,1,1,1,-1,-1,1,1,1,1,1,1,-1,-1,1,1,-1,1,-1,-1,-1,-1,1,1,1,-1,-1,1,1,1,1,1,1,-1,1,-1,1,1,1,1,-1,1,-1,1,1,-1,1,-1,-1,1,1,1,1,-1,-1,-1,-1,1,1,1,1,1,-1,1,1,1,1,1,1,-1,-1,1,1,1,1,-1,-1,-1,1,1,1,1,1,-1,-1,1,1,1,1,-1,-1,-1,1,1,1,1,1,-1,-1,1,1,1,1,1,-1,-1,1,1,1,1,1,-1,-1,-1,1,1,1,1,1,-1,1,1,1,1,1,1,-1,-1,1,1,1,1,1,-1,1,1,1,1,1,-1,-1,1,1,1,1,-1,1,-1,1,1,1,1,1,-1,-1,-1,1,1,1,1,1,-1,-1,1,-1,-1,1,1,-1,-1,1,1,1,1,1,-1,1,1,-1,-1,1,1,-1,1,1,1,1,1,1,1,-1,1,-1,1,1,1,-1,-1,1,1,1,1,1,-1,-1,1,-1,-1,1,1,1,-1,1,-1,1,1,1,-1,1,1,1,-1,1,1,-1,-1,-1,1,1,-1,1,1,1,-1,1,1,-1,1,1,1,1,1,1,-1,1,1,1,1,-1,1,1,1,1,1,1,1,1,1,1,-1,-1,1,-1,1,-1,1,1,1,1,1,1,-1,1,1,1,-1,1,1,1,1,1,1,1,-1,1,-1,1,-1,1,1,1,1,-1,1,1,1,1,1,-1,1,1,1,1,1,1,-1,1,1,1,1,1,1,-1,1,1,1,-1,1,1,1,-1,1,1,-1,1,1,-1,1,1,-1,1,1,1,-1,1,1,1,-1,1,1,-1,1,1,1,-1,1,1,1,1,1,1,1,-1,1,-1,1,-1,1,-1,1,1,-1,-1,-1,1,1,-1,1,-1,1,1,1,-1,-1,-1,-1,1,-1,1,-1,1,1,-1,1,1,-1,1,-1,1,-1,1,1,-1,1,1,-1,1,1,1,1,1,-1,1,-1,-1,-1,1,-1,1,-1,-1,1,1,1,-1,-1,-1,1,-1,1,1,-1,1,-1,-1,1,1,1,1,-1,-1,1,-1,-1,1,-1,1,-1,-1,-1,1,1,1,1,-1,-1,1,-1,1,1,-1,-1,1,-1,1,-1,1,-1,-1,-1,1,-1,1,-1,-1,-1,-1,-1,1,1,-1,1,-1,-1,1,1,1,-1,-1,1,-1,1,-1,1,-1,-1,-1,-1,-1,1,1,-1,-1,1,-1,1,-1,1,1,-1,-1,1,-1,1,-1,1,-1,-1,1,-1,-1,-1,1,-1,-1,-1,-1,1,-1,1,-1,-1,1,-1,-1,1,1,-1,-1,-1,-1,-1,1,1,-1,-1,-1,1,-1,-1,1,1,1,-1,1,-1,1,-1,1,1,1,-1,1,1,-1,-1,1,-1,1,-1,1,-1,1,-1,1,1,1,-1,-1,-1,1,-1,1,1,1,-1,-1,-1,1,1,-1,1,-1,-1,-1,1,1,1,1,-1,-1,1,1,1,1,1,-1,-1,-1,-1,1,1,1,-1,1,-1,-1,1,-1,1,-1,-1,1,-1,1,-1,1,1,-1,-1,-1,-1,-1,1,1,-1,-1,-1,1,-1,1,1,-1,-1,-1,-1,1,1,-1,-1,-1,-1,-1,1,1,-1,1,-1,1,1,1,1,1,-1,-1,-1,-1,-1,1,-1,1,-1,-1,1,-1,1,1,-1,1,-1,-1,1,1,1,-1,1,-1,1,-1,1,1,-1,1,-1,-1,-1,1,1,-1,1,-1,1,-1,1,1,-1,-1,1,-1,-1,1,1,-1,-1,-1,1,-1,1,1,-1,-1,1,-1,-1,-1,-1,1,-1,1,-1,-1,1,-1,-1,1,-1,1,-1,1,1,-1,1,-1,1,-1,1,-1,1,-1,1,-1,-1,1,1,-1,1,-1,-1,-1,-1,1,-1,1,-1,1,-1,-1,1,-1,1,1,-1,-1,-1,-1,1,1,1,1,-1,-1,1,-1,-1,1,1,-1,-1,-1,-1,1,-1,1,-1,-1,1,1,1,1,1,-1,-1,1,-1,-1,1,1,-1,-1,-1,-1,1,-1,1,-1,-1,-1,-1,-1,1,-1,-1,1,-1,-1,1,-1,1,-1,-1,-1,-1,-1,1,1,1,-1,-1,-1,1,1,1,-1,-1,-1,1,-1,-1,1,-1,-1,-1,-1,1,1,1,-1,-1,1,-1,1,-1,1,1,-1,1,-1,-1,1,1,-1,-1,-1,-1,-1,-1,1,1,-1,-1,1,-1,1,1,-1,-1,-1,1,-1,1,1,-1,-1,1,1,-1,1,1,1,-1,1,-1,1,1,1,-1,-1,1,-1,-1,1,1,-1,-1,-1,-1,-1,1,1,-1,1,1,-1,-1,1,1,-1,-1,1,-1,-1,1,1,-1,-1,1,-1,-1,1,1,1,-1,-1,-1,-1,1,1,-1,-1,1,-1,-1,1,-1,1,-1,1,-1,1,1,1,1,-1,-1,-1,-1,1,1,1,-1,1,-1,1,1,1,1,-1,-1,-1,1,-1,1,-1,-1,-1,-1,1,-1,1,-1,-1,-1,-1,1,1,1,1,-1,-1,1,-1,1,1,-1,1,-1,1,1,1,1,1,-1,1,-1,1,1,1,1,-1,1,-1,1,-1,1,1,-1,-1,1,-1,1,1,1,-1,1,-1,1,1,-1,1,-1,1,-1,1,1,-1,1,-1,1,-1,1,-1,1,1,-1,-1,-1,-1,-1,1,1,1,-1,1,1,1,1,1,-1,-1,1,1,1,1,1,-1,-1,1,-1,1,1,1,-1,-1,-1,-1,-1,-1,-1,-1,-1,-1,1,1,1,1,-1,1,1,-1,-1,1,1,-1,-1,1,-1,1,1,1,-1,-1,1,-1,1,1,1,-1,-1,1,-1,1,1,1,-1,-1,1,-1,1,-1,1,1,-1,1,-1,-1,1,1,-1,-1,-1,-1,1,1,-1,1,-1,1,-1,-1,1,-2658.0,1,2000,445,1000,True
2382,1,1,-1,-1,1,1,-1,1,1,1,1,-1,-1,-1,1,1,-1,1,-1,-1,1,1,1,1,1,1,-1,-1,1,1,1,1,-1,-1,-1,1,-1,1,1,1,-1,-1,1,1,1,1,1,1,-1,-1,1,1,-1,1,-1,1,-1,-1,1,1,1,-1,-1,-1,1,1,1,1,1,-1,1,-1,1,1,1,1,1,1,-1,1,1,1,1,-1,-1,1,1,1,1,1,-1,1,-1,1,1,1,-1,1,-1,1,1,1,1,1,1,-1,-1,1,1,1,1,-1,-1,-1,1,1,1,1,1,-1,-1,1,1,1,1,-1,-1,-1,1,1,1,1,1,-1,-1,1,1,1,1,1,-1,-1,1,1,1,1,1,-1,-1,-1,1,1,1,1,1,-1,-1,1,1,1,1,1,-1,-1,1,1,1,1,1,-1,1,1,1,1,1,-1,-1,1,1,1,1,-1,1,-1,1,1,1,1,1,-1,-1,-1,1,1,1,1,1,-1,-1,1,-1,1,1,1,-1,-1,1,1,1,1,1,-1,1,1,-1,1,1,1,-1,1,1,1,1,1,1,1,-1,1,-1,1,-1,1,-1,-1,1,1,1,1,1,-1,-1,1,-1,-1,1,1,1,-1,1,1,-1,1,1,-1,1,1,-1,-1,1,1,-1,-1,1,-1,1,-1,1,1,1,1,-1,1,-1,1,1,1,1,-1,1,-1,1,1,1,1,-1,-1,1,1,1,1,1,1,-1,1,1,-1,-1,1,1,1,-1,1,1,1,1,-1,1,-1,1,1,1,-1,1,1,1,1,1,1,1,-1,-1,-1,1,-1,1,1,1,1,-1,1,1,1,1,1,1,1,1,1,1,1,1,-1,1,1,1,1,1,1,-1,1,1,1,-1,1,1,1,-1,1,1,1,1,1,-1,1,1,-1,1,1,1,-1,1,1,1,1,1,1,-1,1,1,1,-1,1,1,1,1,1,1,1,-1,1,-1,1,-1,1,-1,1,1,1,-1,-1,1,1,-1,1,-1,1,1,1,-1,-1,-1,-1,1,-1,1,-1,1,1,-1,1,1,-1,-1,1,1,-1,1,1,-1,1,1,1,1,1,1,1,-1,-1,1,-1,-1,-1,1,-1,1,-1,-1,1,1,1,-1,-1,-1,1,-1,1,1,1,-1,1,-1,1,1,1,1,1,-1,1,-1,-1,1,-1,1,-1,-1,-1,-1,1,1,1,-1,-1,1,-1,1,1,1,-1,1,-1,1,-1,1,1,-1,-1,1,-1,1,1,1,-1,-1,-1,1,1,1,1,-1,-1,1,1,1,1,-1,1,-1,1,1,1,1,-1,-1,-1,-1,1,1,1,-1,1,-1,1,-1,1,1,-1,-1,1,-1,1,1,1,1,-1,1,-1,-1,1,1,1,-1,-1,-1,-1,1,1,-1,-1,1,-1,-1,1,-1,1,-1,-1,-1,-1,1,-1,1,-1,-1,1,-1,-1,1,1,1,-1,1,-1,1,-1,-1,-1,1,-1,1,1,-1,-1,1,1,1,1,-1,-1,1,-1,1,1,1,-1,-1,-1,1,-1,1,1,1,-1,-1,-1,1,1,-1,1,-1,-1,-1,1,1,-1,1,-1,-1,1,1,1,-1,1,-1,-1,-1,-1,1,1,1,-1,1,-1,-1,1,-1,1,-1,-1,1,1,1,-1,1,1,-1,-1,-1,-1,-1,1,1,-1,-1,-1,-1,-1,1,1,-1,-1,-1,1,1,1,-1,-1,-1,-1,1,1,1,-1,1,-1,1,-1,1,1,1,-1,-1,-1,-1,-1,1,-1,1,-1,-1,1,-1,1,1,-1,1,-1,-1,1,1,1,-1,1,-1,-1,-1,1,1,-1,-1,-1,-1,-1,1,1,-1,1,-1,-1,-1,1,1,-1,-1,1,-1,-1,1,1,-1,-1,-1,-1,-1,1,1,1,-1,1,-1,-1,-1,-1,1,-1,1,-1,-1,1,-1,-1,1,-1,1,-1,1,1,-1,1,-1,1,-1,1,-1,-1,1,-1,1,-1,1,1,-1,1,-1,-1,-1,-1,1,-1,1,-1,1,-1,-1,1,-1,1,-1,1,-1,-1,-1,1,1,-1,-1,-1,-1,1,-1,-1,-1,-1,-1,-1,-1,-1,1,-1,-1,-1,-1,1,1,-1,1,-1,-1,-1,1,-1,-1,1,-1,-1,-1,-1,-1,1,1,-1,-1,-1,-1,-1,1,-1,-1,-1,1,-1,-1,1,-1,1,-1,-1,-1,-1,-1,-1,-1,1,-1,-1,-1,1,1,-1,-1,-1,-1,1,-1,-1,-1,-1,-1,-1,-1,1,1,1,-1,-1,-1,-1,1,-1,1,1,-1,1,-1,-1,1,1,-1,-1,-1,-1,-1,-1,1,1,-1,-1,1,-1,1,1,-1,-1,-1,1,-1,-1,1,-1,-1,1,-1,-1,1,1,1,-1,1,-1,1,1,1,-1,-1,1,-1,-1,1,1,-1,-1,1,-1,-1,1,1,-1,1,1,-1,-1,1,1,-1,-1,1,-1,-1,1,1,-1,-1,1,-1,-1,1,1,1,-1,-1,1,-1,1,1,-1,-1,1,-1,-1,1,-1,1,-1,1,1,-1,-1,1,1,-1,-1,1,-1,1,1,1,-1,-1,1,-1,1,1,1,-1,-1,1,1,-1,1,-1,-1,1,-1,1,-1,1,-1,-1,1,1,1,1,1,-1,-1,1,1,-1,1,1,-1,1,-1,1,1,1,1,1,-1,1,-1,1,1,1,1,-1,-1,-1,1,-1,1,1,-1,-1,1,-1,1,1,1,-1,1,-1,1,1,-1,1,-1,1,-1,1,1,-1,1,-1,-1,1,-1,-1,1,1,-1,-1,-1,-1,-1,1,1,1,-1,1,1,1,1,1,-1,-1,1,1,1,1,-1,-1,-1,1,-1,1,1,1,-1,-1,-1,-1,-1,-1,-1,-1,-1,1,-1,1,1,1,-1,1,1,-1,-1,1,-1,-1,-1,1,-1,1,1,1,-1,-1,1,-1,1,1,1,-1,-1,1,-1,1,1,-1,-1,-1,1,-1,1,-1,1,1,-1,1,-1,-1,1,1,-1,-1,-1,-1,1,1,-1,1,-1,1,-1,-1,1,-2658.0,1,2000,445,1000,True
2383,-1,-1,1,1,1,1,-1,1,-1,-1,1,-1,-1,1,-1,-1,1,-1,1,-1,-1,1,-1,-1,-1,1,-1,-1,-1,-1,-1,-1,1,-1,-1,1,1,-1,-1,1,-1,-1,1,-1,-1,-1,-1,-1,1,-1,-1,-1,1,1,-1,-1,-1,1,-1,-1,1,-1,-1,1,-1,-1,-1,-1,-1,-1,1,-1,-1,-1,1,-1,-1,1,-1,-1,-1,-1,-1,-1,-1,-1,-1,1,-1,-1,1,-1,-1,-1,1,-1,-1,-1,-1,1,-1,1,-1,-1,1,-1,-1,-1,1,-1,-1,-1,-1,-1,-1,1,-1,-1,1,-1,-1,-1,1,1,-1,-1,-1,-1,-1,1,1,-1,1,-1,-1,1,1,1,-1,1,-1,-1,1,1,1,-1,1,-1,-1,-1,1,1,-1,-1,1,-1,-1,1,1,-1,1,-1,-1,-1,1,1,-1,1,1,-1,1,1,-1,-1,1,-1,-1,-1,1,-1,1,-1,1,-1,1,1,-1,1,1,-1,-1,1,1,1,1,1,1,-1,1,1,-1,1,1,1,-1,1,1,1,-1,1,1,-1,1,1,-1,1,1,1,1,1,1,1,1,1,1,1,-1,1,-1,-1,1,1,-1,1,-1,1,-1,1,1,1,1,1,-1,1,1,1,1,1,-1,1,-1,1,1,1,1,1,-1,1,1,1,1,-1,1,-1,1,-1,1,-1,-1,1,-1,1,-1,1,1,-1,1,-1,1,-1,1,-1,1,1,-1,-1,1,1,1,1,1,1,-1,1,1,1,-1,-1,1,-1,-1,1,-1,-1,-1,1,1,-1,1,1,1,-1,1,-1,-1,1,-1,-1,-1,-1,1,-1,1,1,-1,-1,1,1,-1,1,-1,-1,-1,1,-1,-1,1,-1,-1,1,1,1,-1,1,-1,-1,1,1,-1,1,1,-1,1,-1,1,-1,-1,1,-1,1,1,1,1,1,1,-1,-1,1,1,1,1,-1,-1,-1,1,1,1,1,-1,-1,1,-1,1,1,1,-1,-1,1,-1,1,-1,1,1,-1,1,-1,1,1,1,1,-1,-1,1,1,1,-1,-1,-1,1,1,-1,-1,1,1,-1,1,-1,1,-1,1,-1,1,1,-1,1,1,1,-1,1,1,-1,1,-1,1,-1,-1,1,-1,1,1,1,1,-1,1,1,-1,1,1,-1,-1,1,-1,-1,1,-1,1,-1,-1,1,-1,-1,1,-1,-1,-1,1,-1,1,-1,1,-1,1,-1,-1,1,-1,-1,-1,-1,1,-1,-1,1,1,-1,-1,1,-1,1,1,-1,1,-1,1,-1,1,-1,1,-1,-1,-1,-1,1,-1,-1,1,-1,1,-1,1,-1,1,-1,-1,-1,1,1,1,1,-1,-1,-1,-1,1,-1,-1,1,-1,-1,1,-1,1,1,1,1,-1,-1,1,-1,-1,1,-1,-1,-1,1,-1,1,-1,1,-1,-1,-1,-1,1,-1,1,-1,-1,1,-1,1,1,1,-1,-1,-1,1,1,-1,1,-1,-1,-1,1,1,1,-1,1,1,-1,1,1,1,1,1,1,1,-1,1,1,-1,1,-1,1,-1,-1,1,-1,-1,1,-1,-1,1,-1,-1,-1,1,1,-1,1,1,-1,-1,1,1,-1,-1,1,-1,-1,-1,-1,-1,1,1,-1,-1,-1,-1,-1,1,1,-1,-1,1,1,1,-1,1,-1,-1,1,1,-1,1,1,-1,-1,-1,1,-1,-1,1,1,-1,1,1,1,1,1,-1,1,1,1,-1,1,1,1,-1,1,1,-1,1,1,-1,1,1,1,-1,1,1,-1,-1,1,-1,1,1,1,-1,1,1,-1,-1,1,1,-1,1,1,-1,1,1,1,1,1,1,1,1,1,1,-1,1,-1,1,-1,1,1,1,1,1,1,1,1,1,-1,1,-1,1,-1,1,1,1,-1,1,-1,1,1,1,1,1,1,1,1,1,1,-1,1,1,-1,-1,1,-1,-1,1,1,1,-1,1,1,-1,1,-1,-1,1,1,-1,-1,1,-1,1,-1,1,1,-1,1,-1,1,-1,1,-1,1,1,-1,1,1,1,1,-1,1,-1,1,-1,1,1,-1,1,-1,1,-1,1,1,-1,1,1,1,1,1,-1,1,1,-1,1,1,1,1,-1,1,-1,1,-1,1,1,-1,1,1,-1,1,1,-1,-1,1,1,-1,1,1,1,-1,1,-1,-1,1,1,-1,1,1,-1,1,-1,1,-1,-1,1,1,-1,1,1,-1,-1,1,1,-1,1,1,-1,-1,-1,1,1,1,1,-1,1,1,1,-1,1,1,-1,-1,1,-1,1,1,1,-1,-1,-1,1,-1,1,1,-1,1,-1,-1,1,1,1,-1,-1,-1,-1,-1,1,-1,-1,-1,1,-1,1,1,-1,-1,-1,1,-1,1,1,1,-1,1,-1,-1,1,1,1,-1,1,-1,1,1,1,-1,-1,1,-1,-1,1,1,1,-1,1,-1,-1,1,1,1,1,1,-1,-1,1,1,-1,1,1,-1,-1,1,1,1,1,1,-1,-1,1,1,1,1,1,1,-1,1,1,-1,1,1,-1,-1,1,-1,1,1,1,1,-1,-1,1,-1,1,1,1,-1,1,1,1,1,-1,1,-1,1,1,1,1,1,1,-1,-1,-1,1,1,1,-1,1,-1,1,1,1,1,-1,1,-1,1,1,1,-1,-1,1,-1,1,1,-1,1,-1,-1,-1,1,1,1,-1,1,-1,-1,1,1,1,-1,-1,-1,-1,1,1,1,-1,-1,-1,-1,-1,1,1,-1,1,-1,-1,-1,1,1,-1,1,-1,-1,1,1,1,1,1,1,-1,-1,1,1,-1,-1,1,1,1,1,1,-1,1,-1,-1,1,1,-1,-1,1,-1,-1,-1,1,1,-1,1,1,1,1,1,-1,-1,-1,-1,-1,-1,-1,-1,-1,1,-1,1,1,1,-1,1,1,-1,1,1,1,1,-1,1,-1,1,1,1,-1,-1,1,-1,1,1,1,-1,-1,1,-1,1,1,1,-1,-1,1,-1,1,1,1,1,-1,1,-1,-1,1,1,1,-1,-1,1,-1,1,1,1,-1,1,-1,-1,1,-2658.0,1,2000,445,1500,True
2384,1,1,-1,-1,1,-1,-1,1,1,1,1,-1,1,1,1,1,-1,1,-1,-1,-1,1,1,1,1,-1,-1,-1,1,1,1,1,1,-1,-1,1,-1,1,1,1,-1,-1,1,1,1,1,-1,-1,1,-1,1,1,-1,1,-1,-1,1,-1,1,1,1,-1,-1,-1,1,1,1,-1,-1,-1,1,-1,1,1,1,-1,-1,1,-1,1,1,-1,-1,-1,-1,1,1,1,-1,-1,-1,1,1,1,1,-1,-1,1,-1,1,1,1,-1,-1,1,-1,1,1,1,-1,-1,1,-1,-1,1,1,-1,-1,1,-1,1,1,1,1,-1,1,-1,-1,1,1,1,-1,-1,-1,1,1,1,1,-1,-1,-1,-1,1,1,1,-1,1,-1,-1,1,1,1,-1,-1,1,-1,1,1,1,-1,1,1,-1,1,-1,1,-1,1,-1,1,1,1,-1,-1,-1,-1,1,1,1,-1,-1,1,1,-1,-1,1,-1,-1,-1,-1,1,1,1,-1,1,-1,1,-1,-1,1,1,-1,-1,1,-1,-1,1,-1,-1,1,1,1,-1,1,-1,-1,1,1,-1,-1,1,1,-1,-1,1,1,-1,1,-1,-1,1,1,-1,-1,1,1,-1,-1,1,-1,-1,1,-1,1,-1,1,1,-1,1,-1,1,-1,1,-1,1,1,1,1,-1,1,-1,-1,-1,1,-1,-1,1,1,1,-1,1,-1,-1,1,1,1,1,1,-1,-1,1,1,1,1,-1,1,-1,1,1,-1,1,1,1,-1,1,-1,1,1,-1,1,-1,1,1,1,1,1,-1,-1,1,1,-1,1,1,1,1,1,1,1,1,-1,1,-1,1,-1,1,1,1,1,-1,1,1,1,1,1,-1,1,1,1,1,1,1,-1,1,1,1,1,1,-1,1,-1,1,1,-1,1,1,1,-1,1,1,1,1,1,-1,1,1,-1,1,1,1,-1,1,1,1,1,1,1,-1,1,1,1,-1,1,1,1,1,1,1,1,-1,1,-1,1,-1,1,-1,1,1,-1,-1,-1,1,1,-1,1,-1,1,1,1,-1,-1,-1,-1,1,1,1,-1,1,1,-1,1,1,-1,-1,1,1,-1,1,1,-1,1,1,-1,1,1,1,1,1,-1,1,-1,-1,-1,1,-1,1,-1,-1,1,1,1,-1,-1,-1,1,-1,1,1,-1,1,-1,-1,1,1,1,1,1,-1,1,-1,-1,1,-1,1,-1,-1,-1,1,1,1,1,-1,-1,1,-1,1,1,-1,-1,1,-1,1,-1,1,1,-1,-1,1,-1,1,1,-1,-1,-1,-1,1,1,-1,1,-1,-1,1,-1,1,-1,-1,1,-1,1,1,1,-1,-1,-1,-1,-1,1,1,1,-1,1,-1,1,-1,1,-1,-1,-1,1,-1,1,1,-1,1,-1,1,-1,-1,1,-1,-1,-1,-1,-1,-1,1,-1,-1,-1,1,-1,-1,1,-1,-1,-1,-1,-1,-1,1,-1,-1,-1,-1,1,-1,-1,1,1,1,-1,1,-1,1,-1,1,1,1,-1,1,1,-1,-1,1,1,1,-1,1,-1,1,-1,1,1,1,-1,-1,-1,-1,-1,1,-1,1,-1,-1,-1,1,1,-1,1,-1,-1,-1,1,1,-1,1,-1,-1,-1,1,1,-1,1,-1,-1,-1,-1,1,1,1,-1,1,-1,-1,1,-1,1,-1,-1,1,1,1,-1,1,1,-1,-1,-1,-1,-1,1,1,-1,-1,-1,-1,-1,1,-1,-1,-1,-1,1,1,1,-1,-1,-1,-1,1,1,1,-1,1,-1,1,-1,-1,1,1,-1,-1,-1,-1,-1,1,-1,1,-1,-1,1,-1,1,1,-1,1,-1,-1,1,-1,1,-1,1,-1,-1,-1,-1,1,-1,-1,-1,-1,-1,-1,1,-1,1,-1,-1,-1,-1,-1,1,-1,1,-1,-1,-1,-1,-1,-1,-1,-1,-1,-1,1,1,-1,1,1,-1,-1,1,-1,-1,1,1,-1,-1,1,-1,1,1,1,-1,1,1,-1,1,-1,1,-1,-1,1,-1,1,-1,1,-1,-1,1,-1,1,1,1,-1,-1,1,-1,1,-1,1,-1,-1,1,-1,1,1,1,-1,-1,1,-1,1,1,1,-1,-1,1,1,-1,1,1,-1,-1,1,-1,1,-1,1,-1,-1,-1,-1,-1,1,1,-1,-1,1,-1,-1,1,1,-1,-1,-1,-1,1,-1,1,-1,-1,-1,-1,1,-1,-1,-1,1,-1,-1,1,-1,1,-1,-1,-1,-1,-1,-1,1,1,-1,-1,-1,1,1,1,-1,-1,-1,1,-1,-1,1,-1,1,-1,-1,1,1,1,-1,-1,-1,-1,1,-1,1,1,-1,1,-1,-1,1,1,-1,-1,-1,-1,-1,-1,1,1,-1,-1,1,-1,1,1,-1,-1,-1,1,-1,1,1,-1,-1,1,1,-1,1,1,1,-1,1,-1,1,1,1,-1,-1,1,-1,-1,1,1,1,1,-1,1,-1,1,1,1,-1,1,-1,-1,1,1,-1,1,-1,1,-1,1,1,1,1,1,-1,-1,1,1,1,1,1,-1,-1,1,1,1,1,-1,-1,-1,1,-1,1,1,1,-1,1,1,1,-1,1,1,-1,-1,1,1,1,1,1,-1,1,1,1,1,1,1,-1,1,-1,1,1,1,1,-1,1,-1,1,1,1,-1,1,1,1,1,1,1,1,1,-1,1,1,1,-1,1,1,1,1,-1,1,1,1,-1,1,1,1,1,1,1,1,1,-1,1,1,1,1,1,-1,1,1,1,1,-1,1,1,1,-1,1,1,-1,1,-1,1,-1,1,1,1,-1,-1,-1,1,1,1,1,1,-1,-1,1,-1,1,-1,1,1,1,1,1,1,1,1,1,1,1,1,1,1,-1,-1,1,1,1,-1,1,1,-1,-1,-1,-1,1,1,-1,-1,1,1,1,-1,1,1,-1,-1,1,1,1,1,1,-1,1,1,1,1,1,1,-1,1,1,1,1,1,1,-1,1,1,1,1,-1,1,-1,1,-1,1,-1,1,1,-1,-1,1,1,-1,1,1,-1,1,1,1,-1,1,1,1,-1,1,-2658.0,1,2000,445,1000,True
2385,-1,-1,1,1,1,1,-1,1,-1,-1,-1,1,-1,1,-1,-1,1,-1,1,1,-1,-1,-1,-1,-1,1,-1,-1,-1,-1,-1,-1,1,1,-1,-1,1,-1,-1,-1,1,-1,-1,-1,-1,-1,-1,1,-1,1,-1,-1,1,-1,1,-1,-1,1,-1,-1,-1,1,1,1,-1,-1,-1,-1,-1,-1,-1,1,-1,-1,-1,-1,-1,-1,1,-1,-1,1,1,-1,1,-1,-1,-1,-1,1,-1,-1,-1,-1,-1,-1,-1,1,1,1,-1,-1,-1,-1,1,1,-1,-1,-1,-1,-1,1,1,1,-1,-1,-1,-1,1,1,-1,-1,-1,-1,-1,1,1,-1,1,-1,-1,-1,1,1,-1,1,-1,-1,-1,-1,1,-1,1,-1,-1,-1,1,1,1,-1,-1,-1,-1,-1,-1,1,-1,1,-1,-1,1,-1,1,1,-1,-1,1,1,1,-1,-1,-1,-1,-1,1,1,-1,1,-1,-1,1,-1,-1,1,-1,-1,-1,1,1,1,-1,1,-1,-1,1,1,-1,1,1,-1,-1,-1,1,-1,1,1,-1,-1,-1,1,1,-1,1,-1,-1,1,1,-1,1,1,-1,1,1,1,-1,-1,1,1,-1,-1,1,-1,-1,1,-1,1,-1,1,-1,1,1,-1,1,1,1,-1,1,1,-1,-1,1,1,-1,1,-1,1,1,1,1,-1,1,1,-1,1,1,-1,-1,1,-1,-1,1,1,-1,-1,1,-1,-1,1,1,-1,1,1,1,-1,1,1,1,1,1,1,-1,1,1,1,1,-1,-1,-1,-1,1,-1,1,1,-1,-1,1,1,-1,1,1,-1,-1,-1,1,1,1,1,1,-1,1,1,-1,1,-1,1,-1,1,1,-1,1,1,1,-1,1,1,1,1,1,-1,-1,1,-1,1,1,1,-1,1,-1,-1,1,1,1,-1,1,1,1,-1,1,1,1,1,1,-1,1,1,1,1,1,1,-1,1,-1,1,-1,1,1,-1,1,-1,1,1,-1,1,-1,1,-1,1,1,-1,1,-1,1,1,-1,1,-1,1,1,-1,1,-1,1,-1,1,-1,1,-1,-1,1,1,-1,-1,1,1,-1,1,-1,1,-1,1,-1,-1,1,-1,1,1,1,-1,1,1,-1,1,-1,1,-1,-1,1,-1,1,1,1,1,-1,1,1,1,1,1,-1,-1,1,-1,-1,1,-1,1,-1,-1,1,-1,1,-1,-1,-1,-1,1,-1,1,-1,1,1,-1,1,-1,1,1,-1,-1,-1,1,-1,-1,1,1,-1,-1,1,-1,1,1,-1,1,-1,1,-1,-1,1,1,-1,-1,-1,-1,1,1,-1,1,-1,1,-1,1,-1,1,-1,-1,-1,1,1,-1,1,-1,-1,-1,-1,1,-1,-1,1,-1,-1,-1,1,-1,1,1,1,-1,-1,1,-1,-1,1,-1,-1,-1,1,1,1,-1,1,-1,-1,1,-1,1,-1,1,-1,-1,1,-1,1,1,1,-1,-1,-1,1,1,-1,1,-1,-1,1,1,1,1,-1,1,1,-1,1,1,1,1,1,1,1,-1,-1,1,-1,1,-1,1,1,1,1,1,-1,1,-1,-1,-1,1,1,-1,1,1,-1,1,-1,1,-1,1,1,-1,1,-1,1,-1,-1,-1,-1,1,-1,1,-1,-1,-1,-1,1,-1,1,-1,1,1,1,-1,-1,1,-1,1,1,-1,1,-1,1,-1,-1,1,-1,1,-1,-1,1,1,1,1,1,-1,-1,1,-1,1,-1,1,-1,1,-1,-1,1,-1,-1,-1,1,-1,1,1,-1,-1,-1,1,1,1,1,1,1,-1,-1,-1,1,-1,-1,1,-1,-1,1,1,-1,1,1,1,1,-1,-1,1,1,-1,1,-1,-1,1,1,-1,1,1,-1,-1,-1,1,1,1,1,-1,-1,-1,1,-1,1,1,-1,1,-1,-1,1,1,1,1,-1,-1,1,1,1,1,-1,1,-1,-1,-1,1,-1,-1,1,-1,1,-1,1,1,-1,-1,1,-1,1,1,-1,-1,-1,-1,1,-1,1,1,-1,1,-1,1,-1,1,-1,-1,1,-1,1,-1,1,1,-1,1,-1,1,-1,1,1,-1,1,-1,1,-1,1,1,-1,1,1,1,1,1,-1,1,1,-1,1,1,1,1,-1,1,-1,1,-1,1,1,-1,1,1,-1,1,1,1,-1,1,1,-1,1,1,1,1,1,-1,-1,1,1,1,1,1,-1,1,-1,1,1,1,1,1,-1,1,1,1,1,1,1,-1,1,1,1,1,1,1,1,1,1,1,1,1,1,-1,1,1,1,1,1,-1,1,1,1,1,1,1,1,-1,1,1,1,1,1,-1,1,1,1,1,1,1,-1,-1,1,-1,1,1,1,-1,1,1,1,1,1,-1,-1,1,1,1,1,1,1,-1,1,1,-1,1,1,-1,1,1,1,1,1,1,-1,-1,1,1,1,1,-1,1,-1,1,1,1,1,-1,-1,-1,1,1,1,1,-1,1,-1,1,1,1,1,1,-1,-1,1,1,-1,1,1,-1,-1,-1,1,-1,1,-1,-1,-1,1,-1,1,1,1,-1,-1,-1,1,-1,1,1,-1,-1,1,-1,-1,1,1,-1,1,1,1,-1,1,1,-1,1,-1,-1,1,1,1,-1,1,-1,1,1,1,-1,1,-1,1,-1,1,1,-1,1,1,-1,1,1,-1,1,1,-1,-1,1,-1,1,1,-1,1,-1,-1,-1,1,-1,-1,1,-1,1,-1,1,-1,1,-1,-1,-1,1,1,-1,-1,1,-1,-1,-1,1,1,-1,1,-1,-1,-1,1,1,-1,1,-1,-1,1,1,-1,-1,-1,1,-1,1,1,-1,1,1,-1,1,1,-1,-1,1,1,-1,-1,-1,1,-1,1,1,-1,1,1,-1,-1,-1,-1,1,-1,-1,-1,-1,-1,1,-1,1,1,-1,1,1,-1,1,1,1,1,-1,1,-1,1,1,1,1,-1,1,-1,1,1,1,1,-1,1,-1,-1,1,1,1,-1,1,-1,1,1,1,-1,-1,1,-1,-1,1,1,-1,-1,-1,1,-1,1,-1,1,-1,1,-1,-1,1,-2658.0,1,2000,445,1500,True
2386,-1,-1,-1,-1,1,1,-1,1,-1,1,1,-1,-1,1,-1,-1,1,1,-1,-1,-1,1,-1,1,1,-1,-1,-1,-1,-1,1,1,1,-1,-1,1,1,-1,1,1,-1,-1,1,-1,-1,1,1,-1,1,-1,-1,1,-1,1,-1,-1,-1,1,-1,1,1,-1,-1,1,-1,1,1,1,-1,-1,1,-1,1,1,1,-1,-1,1,-1,1,1,-1,-1,-1,-1,1,1,1,-1,-1,-1,-1,1,1,1,-1,-1,1,-1,1,1,1,-1,-1,1,-1,1,1,1,-1,-1,1,-1,1,1,1,-1,-1,1,-1,-1,1,1,1,-1,1,-1,-1,1,1,1,-1,1,-1,1,1,1,1,-1,-1,-1,-1,1,1,1,-1,1,-1,-1,1,1,1,-1,-1,1,-1,1,1,1,-1,1,1,-1,-1,1,1,-1,1,1,-1,1,1,-1,-1,1,-1,-1,1,1,-1,1,-1,1,-1,-1,1,-1,1,1,-1,-1,1,1,1,1,1,1,-1,-1,1,-1,1,1,1,-1,-1,1,1,-1,1,1,-1,1,1,-1,1,1,1,-1,1,1,1,1,1,1,1,-1,1,-1,-1,1,1,-1,-1,1,1,-1,1,1,-1,-1,1,-1,1,1,1,1,-1,1,1,-1,1,1,-1,1,1,-1,1,1,1,-1,-1,1,-1,1,-1,1,1,1,1,-1,1,-1,1,1,1,1,-1,1,-1,1,1,1,1,-1,-1,1,1,1,1,1,1,-1,1,1,-1,1,1,1,-1,-1,1,1,1,1,-1,1,-1,1,1,1,1,1,-1,-1,1,1,1,1,-1,1,-1,1,-1,1,1,1,1,-1,1,1,1,1,1,1,-1,1,1,1,1,1,1,1,1,1,1,1,1,-1,1,1,1,1,-1,1,-1,1,1,1,1,1,1,1,-1,-1,1,1,1,1,1,-1,1,1,1,1,1,1,1,1,1,1,1,1,-1,-1,1,1,-1,-1,1,1,-1,-1,1,-1,1,1,1,1,-1,1,1,-1,1,1,-1,1,1,1,-1,-1,-1,-1,1,1,1,-1,1,-1,-1,1,1,-1,1,1,1,-1,1,1,-1,1,1,-1,-1,1,1,-1,-1,1,1,1,-1,1,-1,1,1,1,-1,1,1,1,-1,-1,1,1,1,1,1,-1,1,1,-1,1,1,1,1,-1,1,1,-1,1,-1,1,-1,1,-1,-1,-1,1,1,-1,-1,1,-1,1,1,-1,-1,1,-1,1,1,-1,1,-1,-1,1,-1,1,1,1,-1,1,1,1,1,1,1,-1,1,-1,1,1,1,-1,-1,1,1,1,-1,1,-1,-1,1,-1,1,-1,1,-1,-1,1,-1,-1,1,1,-1,-1,1,-1,1,-1,1,1,-1,1,-1,-1,-1,1,1,-1,-1,1,1,-1,1,-1,-1,1,-1,-1,1,1,1,-1,-1,1,-1,1,1,1,1,-1,1,-1,-1,1,1,1,-1,1,-1,1,-1,-1,1,1,-1,1,1,-1,-1,1,1,1,-1,1,-1,1,-1,1,1,1,-1,-1,-1,-1,-1,1,1,1,-1,-1,-1,1,1,-1,1,-1,-1,-1,1,1,1,1,-1,-1,1,1,1,1,1,-1,-1,-1,-1,1,-1,1,-1,1,-1,-1,1,1,1,-1,-1,1,1,-1,-1,1,1,-1,-1,-1,-1,1,1,1,-1,-1,-1,1,1,1,1,-1,-1,1,-1,1,1,-1,-1,-1,-1,-1,1,1,-1,1,-1,-1,1,-1,1,1,-1,-1,-1,-1,1,1,-1,1,-1,-1,1,1,1,1,-1,-1,-1,-1,-1,1,1,-1,1,-1,1,1,-1,1,-1,-1,-1,-1,1,-1,1,-1,-1,-1,1,1,-1,1,1,-1,1,1,1,-1,1,-1,-1,-1,1,1,-1,1,1,-1,1,-1,1,-1,-1,1,-1,-1,-1,-1,1,-1,-1,-1,1,1,-1,1,1,-1,-1,1,1,-1,1,-1,-1,1,-1,-1,-1,-1,1,-1,1,-1,-1,1,-1,1,-1,-1,1,-1,1,-1,1,-1,1,-1,1,1,-1,1,-1,-1,1,-1,-1,-1,1,-1,1,-1,-1,-1,-1,-1,-1,1,-1,-1,-1,-1,1,-1,-1,1,-1,-1,-1,1,-1,-1,1,-1,-1,-1,-1,-1,1,1,-1,-1,-1,-1,-1,1,-1,-1,-1,1,-1,-1,1,-1,1,-1,-1,-1,-1,-1,-1,-1,1,-1,-1,-1,1,1,-1,-1,-1,1,-1,1,-1,-1,-1,1,-1,-1,1,1,1,-1,-1,-1,-1,1,-1,1,1,-1,1,-1,-1,1,1,-1,-1,-1,-1,-1,-1,1,1,-1,-1,1,-1,1,1,-1,-1,-1,1,-1,1,1,-1,-1,1,-1,-1,1,1,1,-1,1,-1,1,1,1,-1,-1,1,-1,-1,1,1,1,-1,1,-1,-1,1,1,-1,1,1,-1,-1,1,1,-1,1,1,-1,-1,1,1,1,1,1,-1,-1,1,1,1,1,1,1,-1,-1,1,1,-1,1,-1,-1,1,-1,1,1,1,1,-1,-1,1,-1,1,1,1,-1,1,1,1,1,-1,1,-1,1,1,1,1,1,1,-1,-1,1,1,1,1,-1,1,-1,1,1,1,1,1,-1,1,1,1,1,-1,-1,1,-1,1,1,-1,1,-1,-1,-1,1,1,1,-1,1,-1,-1,1,1,1,-1,-1,-1,-1,1,1,1,-1,-1,1,-1,-1,1,1,-1,1,-1,-1,-1,1,1,-1,1,-1,1,-1,1,1,1,1,1,-1,-1,1,1,-1,-1,1,1,-1,1,1,-1,1,-1,-1,1,1,-1,-1,1,1,1,-1,1,1,-1,1,1,-1,1,1,-1,-1,-1,1,-1,-1,-1,-1,-1,1,1,1,-1,1,-1,1,1,1,-1,1,1,1,-1,1,1,-1,1,1,1,-1,1,1,1,1,1,1,-1,-1,1,-1,1,1,1,-1,1,1,-1,1,1,-1,-1,1,1,1,1,1,-1,-1,-1,1,-1,1,1,1,-1,1,-1,1,1,-2658.0,1,2000,445,1000,True
2387,1,1,-1,-1,1,1,-1,-1,1,1,1,-1,-1,1,1,1,-1,1,-1,-1,-1,-1,1,1,1,1,-1,-1,1,1,1,1,-1,-1,-1,-1,1,-1,1,1,-1,-1,-1,1,1,1,1,1,-1,1,1,1,-1,1,-1,-1,1,-1,1,1,1,-1,-1,-1,1,1,1,1,1,-1,-1,1,1,1,1,1,-1,-1,1,1,1,-1,1,-1,1,1,1,1,1,1,1,1,1,1,1,1,-1,-1,1,-1,1,1,1,1,-1,1,1,1,1,1,1,-1,1,1,1,1,1,1,1,1,1,1,1,1,1,-1,1,1,-1,1,1,1,-1,1,1,-1,1,1,1,-1,1,1,-1,1,1,1,1,1,1,1,1,1,1,-1,-1,1,-1,-1,1,1,-1,1,1,1,-1,-1,1,-1,-1,1,-1,-1,1,1,-1,1,1,1,1,1,-1,1,-1,1,1,-1,1,-1,-1,1,1,-1,-1,1,-1,-1,-1,1,-1,-1,1,-1,-1,-1,1,-1,1,1,1,-1,-1,1,-1,-1,1,-1,-1,-1,1,-1,-1,1,1,-1,-1,-1,1,-1,-1,1,-1,-1,1,1,-1,1,1,-1,-1,1,1,-1,1,-1,-1,-1,-1,1,-1,-1,1,-1,-1,1,1,1,1,-1,-1,-1,-1,1,-1,1,1,-1,1,-1,-1,-1,1,-1,1,-1,-1,-1,-1,1,-1,1,-1,-1,-1,-1,-1,1,-1,1,-1,1,-1,1,1,-1,1,-1,-1,-1,1,1,1,1,-1,-1,-1,1,1,-1,1,1,1,-1,-1,1,1,1,-1,-1,-1,1,-1,1,1,1,-1,-1,1,-1,1,1,-1,1,-1,1,-1,1,1,-1,-1,-1,1,1,-1,1,-1,-1,1,-1,-1,1,1,-1,1,1,-1,1,-1,1,-1,1,1,1,-1,1,1,-1,-1,1,1,-1,1,-1,-1,-1,1,1,-1,1,-1,-1,1,-1,1,1,1,-1,-1,1,-1,1,-1,1,1,-1,1,-1,1,-1,-1,1,-1,-1,1,1,-1,1,-1,-1,1,1,-1,-1,1,1,-1,1,-1,1,-1,1,-1,1,1,-1,1,-1,1,-1,1,1,-1,-1,1,1,-1,-1,1,-1,1,1,1,1,-1,1,1,-1,-1,1,-1,-1,1,-1,-1,1,-1,1,-1,-1,1,-1,-1,1,-1,-1,-1,1,-1,-1,1,1,-1,1,-1,-1,-1,-1,-1,-1,-1,1,-1,-1,1,1,-1,-1,1,-1,1,-1,-1,1,-1,1,-1,-1,1,1,-1,-1,-1,-1,-1,-1,-1,1,-1,1,-1,-1,1,1,-1,-1,-1,1,-1,1,1,-1,-1,-1,1,1,-1,-1,-1,-1,-1,1,-1,1,1,-1,1,-1,-1,1,-1,-1,1,-1,-1,-1,1,-1,1,-1,1,-1,-1,1,-1,1,-1,1,-1,-1,1,-1,1,1,1,-1,-1,-1,1,1,-1,1,-1,1,-1,1,1,1,-1,1,1,-1,1,1,1,1,1,-1,1,-1,-1,-1,1,-1,-1,1,-1,1,-1,1,-1,1,-1,-1,-1,1,1,-1,1,1,-1,-1,-1,1,-1,1,1,-1,1,-1,1,-1,-1,-1,-1,-1,-1,1,-1,-1,-1,-1,-1,-1,1,-1,1,1,1,1,-1,1,-1,1,1,-1,-1,-1,1,-1,-1,1,-1,1,-1,-1,1,1,1,1,-1,-1,1,1,1,1,-1,1,-1,-1,1,1,1,-1,-1,-1,1,1,1,1,-1,-1,-1,1,-1,1,-1,1,1,-1,-1,1,1,1,-1,-1,-1,1,1,1,1,1,-1,-1,-1,1,1,1,1,-1,-1,-1,1,-1,1,-1,-1,-1,1,1,1,1,1,-1,1,-1,1,-1,1,1,-1,-1,-1,1,1,-1,1,-1,-1,-1,1,1,1,1,-1,-1,1,-1,1,-1,-1,-1,1,1,1,1,1,-1,-1,-1,1,1,-1,-1,1,-1,1,-1,1,-1,1,-1,-1,-1,1,1,-1,1,-1,-1,1,-1,1,-1,1,1,-1,1,-1,1,-1,1,-1,1,-1,1,1,-1,1,-1,1,-1,1,1,1,1,1,-1,1,-1,1,-1,1,1,-1,-1,1,1,-1,1,-1,-1,-1,1,1,1,-1,1,-1,-1,1,1,1,-1,1,-1,-1,1,1,-1,-1,1,-1,-1,1,1,-1,1,-1,-1,1,1,1,1,-1,1,-1,1,1,1,1,-1,1,1,1,1,1,1,1,1,-1,-1,1,1,1,-1,1,-1,1,1,1,-1,1,1,-1,1,1,1,1,-1,1,1,-1,1,1,-1,1,1,-1,-1,1,1,-1,-1,1,1,-1,1,1,-1,1,1,-1,-1,-1,-1,-1,1,1,-1,-1,1,1,-1,1,1,1,-1,1,-1,1,1,1,-1,1,1,-1,-1,1,1,-1,-1,-1,1,-1,1,1,-1,1,-1,-1,-1,1,1,-1,-1,-1,1,-1,1,-1,-1,-1,1,-1,-1,1,1,1,-1,-1,1,-1,1,1,-1,-1,1,-1,-1,1,-1,1,-1,-1,-1,1,1,1,1,-1,-1,1,-1,1,1,1,-1,1,-1,1,1,1,1,-1,-1,-1,1,1,-1,-1,-1,-1,-1,1,1,1,-1,-1,-1,-1,1,-1,1,-1,-1,1,1,-1,1,1,-1,1,-1,1,1,1,-1,1,-1,1,1,1,1,-1,1,-1,1,-1,1,-1,1,1,-1,1,1,-1,1,-1,1,-1,1,-1,1,1,-1,1,1,1,-1,1,-1,-1,1,-1,-1,1,-1,-1,1,1,-1,1,1,-1,-1,1,1,1,1,-1,1,1,1,1,1,1,-1,1,1,-1,1,-1,1,-1,-1,1,1,1,-1,1,1,-1,-1,-1,1,1,1,-1,-1,1,1,1,1,1,-1,-1,-1,1,1,1,1,-1,-1,1,1,1,1,1,1,-1,1,1,1,1,1,1,-1,-1,1,1,1,1,-1,-1,1,-1,1,1,1,1,-1,-1,1,1,1,1,-1,1,-1,1,1,-1,1,1,-1,-1,1,-2658.0,1,2000,445,500,True
2388,1,1,-1,-1,1,1,-1,1,1,1,1,-1,-1,1,1,1,-1,1,-1,-1,-1,1,1,1,1,1,-1,-1,1,1,1,1,-1,-1,-1,1,-1,1,1,1,-1,-1,1,1,1,1,1,1,-1,-1,1,1,-1,1,-1,-1,1,-1,1,1,1,-1,-1,-1,1,1,1,1,1,-1,1,-1,1,1,1,1,-1,1,-1,1,1,1,1,-1,-1,1,1,1,1,-1,-1,1,-1,1,1,1,1,1,-1,-1,1,1,1,1,1,-1,-1,1,1,1,1,-1,-1,-1,1,1,1,1,1,-1,-1,1,1,1,1,-1,-1,-1,1,1,1,1,1,-1,-1,1,1,1,1,1,-1,-1,-1,1,1,1,1,-1,-1,-1,1,1,1,1,1,-1,-1,1,1,1,1,-1,-1,-1,1,1,1,1,1,-1,1,1,1,1,1,-1,-1,1,1,1,1,-1,1,-1,1,1,1,1,1,-1,-1,-1,1,1,1,1,1,-1,-1,1,-1,-1,1,1,-1,-1,1,1,1,1,1,-1,1,1,-1,-1,1,1,-1,1,1,1,1,1,1,1,-1,1,-1,1,1,1,-1,-1,1,1,1,1,1,-1,-1,1,-1,-1,1,1,1,-1,1,-1,1,1,1,-1,1,1,1,-1,1,1,-1,-1,-1,1,1,-1,1,1,1,-1,1,1,-1,1,1,1,1,1,1,-1,1,1,1,1,-1,1,1,1,1,1,1,1,1,1,1,-1,-1,1,-1,1,-1,1,1,1,1,1,1,-1,1,1,1,-1,1,1,1,1,1,1,1,-1,1,-1,1,-1,1,1,1,1,-1,1,1,1,1,1,-1,1,1,1,1,1,1,-1,1,1,1,1,1,-1,-1,1,1,1,-1,1,-1,1,-1,1,1,1,1,1,-1,1,1,-1,1,1,1,-1,1,1,1,1,1,1,-1,1,1,1,-1,1,1,1,1,1,1,1,-1,1,-1,1,-1,1,-1,1,1,-1,-1,-1,1,1,-1,1,-1,1,1,1,-1,-1,-1,-1,1,1,1,-1,1,1,-1,1,1,-1,-1,1,1,-1,1,1,-1,1,1,-1,1,1,1,1,1,-1,1,-1,-1,-1,1,-1,1,-1,-1,1,1,1,-1,-1,-1,1,-1,1,1,-1,1,-1,-1,1,1,1,1,1,-1,1,-1,-1,1,-1,1,-1,-1,-1,-1,1,1,1,-1,-1,1,-1,1,1,-1,-1,1,-1,1,-1,1,1,-1,-1,1,-1,1,1,-1,-1,-1,-1,1,1,-1,1,-1,-1,1,1,1,-1,-1,1,-1,1,1,1,-1,-1,-1,-1,-1,1,1,1,-1,1,-1,1,-1,1,-1,-1,-1,1,-1,1,1,-1,1,-1,1,-1,-1,1,-1,-1,-1,-1,-1,-1,1,-1,-1,-1,1,-1,-1,1,-1,-1,-1,-1,-1,-1,1,-1,-1,-1,-1,1,-1,-1,1,1,1,-1,1,-1,1,1,1,-1,1,-1,1,1,-1,-1,1,1,1,-1,1,-1,1,-1,1,1,1,-1,-1,-1,1,-1,1,-1,1,-1,-1,-1,1,1,-1,1,-1,-1,-1,1,1,-1,1,-1,-1,1,1,1,-1,1,-1,-1,-1,-1,1,1,1,-1,1,-1,-1,1,-1,1,-1,-1,1,-1,1,-1,1,1,-1,-1,-1,-1,-1,1,1,-1,1,-1,-1,-1,1,1,-1,-1,-1,1,1,1,-1,-1,-1,-1,1,1,1,-1,1,-1,1,-1,1,1,1,-1,-1,-1,-1,-1,1,-1,1,-1,-1,1,-1,1,1,-1,1,-1,-1,1,1,1,-1,1,-1,-1,-1,1,1,-1,1,-1,-1,-1,1,1,-1,1,-1,-1,-1,1,1,1,-1,1,-1,-1,1,1,-1,-1,-1,-1,-1,1,1,1,-1,1,1,-1,1,-1,1,-1,1,1,-1,1,-1,-1,1,1,-1,-1,1,1,-1,1,-1,1,-1,1,-1,-1,1,-1,1,-1,1,1,-1,1,1,1,-1,-1,1,-1,1,-1,1,-1,-1,1,-1,1,1,1,-1,-1,-1,1,1,1,1,-1,-1,1,-1,-1,1,1,-1,-1,-1,-1,1,-1,1,-1,-1,1,1,-1,1,1,-1,-1,1,-1,-1,1,1,-1,-1,-1,-1,1,-1,1,-1,-1,-1,-1,1,-1,-1,-1,1,-1,-1,1,-1,1,-1,-1,-1,-1,-1,-1,1,1,-1,-1,-1,1,1,1,-1,-1,-1,1,-1,-1,1,-1,-1,-1,-1,1,1,1,-1,-1,1,-1,1,-1,1,1,-1,1,-1,-1,1,1,-1,-1,-1,-1,-1,-1,1,1,-1,-1,1,-1,1,1,-1,-1,-1,1,-1,1,1,-1,-1,1,1,-1,1,1,1,-1,1,-1,1,1,1,-1,-1,1,-1,-1,1,1,-1,-1,-1,1,-1,1,1,-1,1,1,-1,-1,1,1,-1,-1,1,1,-1,1,1,-1,-1,1,-1,-1,1,1,1,-1,-1,-1,-1,1,1,-1,-1,1,-1,-1,1,-1,1,-1,1,-1,1,1,1,1,-1,-1,-1,-1,1,1,1,-1,1,-1,1,1,1,1,-1,-1,-1,1,-1,1,-1,-1,-1,-1,1,-1,1,-1,-1,-1,1,1,1,1,-1,-1,-1,1,-1,1,1,-1,1,-1,1,1,1,1,1,-1,1,-1,1,1,1,1,-1,1,-1,1,-1,1,1,-1,-1,1,-1,1,1,1,-1,1,-1,1,1,-1,1,-1,1,-1,1,1,-1,1,-1,1,-1,1,-1,1,1,-1,-1,-1,-1,-1,1,1,1,-1,1,1,1,1,1,-1,-1,1,1,1,1,1,-1,-1,1,-1,1,1,1,-1,-1,-1,-1,-1,-1,-1,-1,-1,1,-1,1,1,1,-1,1,1,-1,-1,1,1,1,-1,1,-1,1,1,1,-1,-1,1,-1,1,1,1,-1,-1,1,-1,1,1,1,-1,-1,1,-1,1,-1,1,1,-1,1,-1,-1,1,1,-1,-1,-1,-1,1,1,-1,1,-1,1,-1,-1,1,-2658.0,1,2000,445,1000,True
2389,1,1,-1,-1,1,-1,-1,1,1,1,1,-1,1,1,1,1,-1,1,-1,-1,-1,1,1,1,1,-1,-1,-1,1,1,1,1,-1,-1,-1,1,-1,1,1,1,-1,-1,1,1,1,1,1,-1,1,-1,1,1,-1,1,-1,-1,1,-1,1,1,1,-1,-1,-1,1,1,1,1,-1,-1,1,-1,1,1,1,-1,-1,1,1,1,1,-1,-1,-1,-1,1,1,1,-1,-1,-1,1,-1,1,1,-1,-1,1,-1,1,1,1,-1,-1,1,-1,-1,1,1,-1,-1,-1,-1,-1,1,1,-1,-1,1,-1,-1,1,1,1,-1,-1,-1,-1,1,1,1,-1,1,-1,-1,1,1,1,-1,1,-1,-1,-1,1,1,-1,1,-1,-1,-1,1,1,-1,-1,1,-1,-1,1,1,-1,1,1,-1,-1,1,1,-1,1,1,-1,1,1,-1,-1,1,-1,-1,1,1,-1,1,-1,1,-1,1,1,-1,1,1,-1,-1,-1,1,1,1,1,1,-1,-1,1,-1,1,1,1,-1,-1,1,1,-1,1,1,-1,1,1,-1,1,1,1,-1,1,1,1,1,1,1,1,-1,1,-1,-1,1,1,-1,-1,1,1,-1,1,1,-1,-1,1,-1,1,1,1,1,-1,1,1,-1,1,1,-1,1,1,-1,1,1,1,-1,-1,1,-1,1,-1,1,1,1,1,-1,1,-1,1,1,1,1,-1,1,-1,1,1,1,1,-1,-1,1,1,1,1,1,1,-1,1,1,-1,-1,1,1,-1,-1,1,1,1,1,-1,1,-1,1,1,1,-1,1,-1,-1,1,1,1,1,-1,1,-1,1,-1,1,1,1,1,-1,1,1,1,1,1,-1,-1,1,1,1,1,1,1,1,1,1,1,1,1,-1,1,1,1,-1,1,1,-1,1,1,1,-1,1,1,1,-1,1,-1,1,1,1,1,-1,1,1,-1,1,1,1,-1,1,1,-1,1,1,1,-1,1,1,1,-1,1,1,-1,-1,1,-1,1,1,1,1,-1,1,1,-1,1,1,-1,1,1,-1,-1,-1,-1,-1,-1,1,-1,1,1,-1,1,1,-1,1,-1,1,-1,-1,1,-1,-1,1,1,1,-1,1,1,1,-1,1,-1,-1,-1,1,-1,1,-1,-1,1,1,1,-1,-1,-1,-1,1,1,1,-1,1,-1,-1,1,1,1,1,-1,-1,-1,1,-1,1,-1,1,-1,-1,-1,-1,1,1,1,-1,-1,1,-1,1,1,-1,-1,-1,-1,1,-1,1,-1,-1,-1,1,-1,1,-1,-1,-1,-1,-1,1,1,-1,1,-1,-1,1,-1,1,-1,-1,1,-1,1,-1,1,-1,-1,1,-1,-1,1,1,-1,-1,1,-1,1,-1,1,1,-1,-1,1,-1,1,-1,1,-1,-1,1,-1,-1,-1,1,-1,-1,1,-1,1,-1,1,-1,-1,1,-1,-1,1,1,-1,-1,-1,1,-1,1,1,-1,1,-1,1,-1,-1,1,1,1,-1,1,-1,1,-1,1,-1,1,-1,1,1,-1,-1,1,1,1,1,-1,-1,1,-1,1,1,1,-1,-1,-1,-1,-1,1,-1,1,-1,-1,-1,1,1,-1,1,-1,-1,-1,1,1,-1,1,-1,-1,1,1,1,-1,1,-1,-1,-1,-1,1,1,1,-1,1,-1,-1,1,-1,1,-1,-1,1,-1,1,-1,1,1,-1,-1,-1,-1,-1,1,1,-1,1,-1,1,-1,-1,1,-1,-1,-1,-1,1,1,-1,-1,-1,-1,-1,1,1,-1,1,-1,1,1,1,1,1,-1,-1,-1,-1,-1,1,-1,1,-1,-1,1,-1,1,1,-1,1,-1,-1,1,1,1,-1,1,-1,1,-1,1,1,-1,-1,-1,-1,-1,1,1,-1,1,-1,1,-1,1,1,1,-1,1,-1,-1,1,1,-1,-1,-1,1,-1,1,1,1,-1,1,-1,-1,-1,-1,1,-1,1,-1,-1,1,-1,-1,1,-1,1,-1,1,1,-1,1,-1,1,-1,1,-1,1,-1,1,-1,-1,1,1,-1,1,-1,-1,-1,-1,1,-1,1,-1,1,-1,-1,1,-1,1,1,-1,-1,-1,-1,1,1,1,1,-1,-1,1,-1,-1,1,1,-1,-1,-1,-1,1,-1,1,-1,-1,1,1,1,1,1,-1,-1,1,-1,-1,1,1,-1,-1,-1,-1,1,-1,1,-1,-1,-1,-1,-1,1,-1,-1,1,-1,-1,1,-1,1,-1,-1,-1,-1,-1,1,1,1,-1,-1,-1,1,1,1,-1,-1,-1,1,-1,-1,1,-1,-1,-1,-1,1,1,1,-1,-1,-1,-1,1,-1,1,1,-1,1,-1,-1,1,1,-1,-1,-1,-1,-1,-1,1,1,-1,-1,1,-1,1,1,-1,-1,-1,1,-1,1,1,-1,-1,1,-1,-1,1,1,1,-1,1,-1,1,1,1,-1,-1,1,-1,-1,1,1,1,-1,1,-1,-1,1,1,-1,1,1,-1,-1,1,1,1,1,1,-1,-1,1,-1,-1,1,1,-1,-1,1,1,1,1,1,1,-1,1,1,1,1,1,-1,-1,1,-1,1,1,1,1,-1,-1,1,-1,1,1,1,-1,1,1,1,1,-1,1,-1,1,1,1,1,1,1,-1,1,-1,1,1,1,-1,1,1,1,1,1,1,-1,1,-1,1,1,1,-1,-1,1,1,1,1,-1,1,-1,1,1,-1,1,1,-1,1,-1,1,1,1,1,-1,-1,-1,1,1,1,1,-1,-1,1,1,-1,1,1,-1,1,-1,1,-1,1,1,-1,1,-1,1,-1,1,1,1,1,1,1,1,1,1,-1,-1,1,-1,1,-1,1,-1,1,-1,1,1,1,-1,-1,1,-1,1,-1,1,1,-1,1,-1,1,1,1,-1,-1,-1,1,-1,-1,-1,-1,-1,1,-1,1,1,1,-1,1,1,1,-1,1,1,1,-1,1,1,1,1,1,-1,-1,1,1,1,1,1,-1,-1,-1,1,-1,1,1,-1,-1,1,1,1,-1,1,1,-1,1,1,1,1,1,-1,-1,-1,1,1,1,-1,1,-1,1,-1,1,1,-2658.0,1,2000,445,1000,True
2390,1,1,-1,-1,1,1,-1,1,1,1,1,-1,1,1,1,1,-1,1,-1,-1,-1,1,1,1,1,-1,-1,-1,1,1,1,1,1,-1,-1,1,-1,1,1,1,-1,-1,1,1,1,1,1,-1,1,-1,1,1,-1,1,-1,-1,-1,-1,1,1,1,-1,-1,1,1,1,1,1,-1,-1,1,-1,1,1,1,-1,-1,1,-1,1,1,-1,-1,-1,-1,1,1,1,-1,-1,1,-1,1,1,1,-1,-1,-1,-1,1,1,1,-1,-1,1,-1,1,1,1,-1,-1,-1,-1,-1,1,1,-1,-1,1,-1,1,1,1,1,-1,-1,-1,-1,1,1,1,-1,1,-1,1,1,1,1,-1,1,-1,-1,1,1,1,-1,1,-1,-1,1,1,1,-1,-1,1,-1,1,1,1,-1,1,1,-1,1,-1,1,-1,1,-1,1,1,1,-1,-1,1,-1,1,1,1,-1,1,-1,1,-1,-1,1,-1,1,1,-1,1,1,1,1,1,1,1,-1,-1,1,-1,1,1,1,-1,-1,1,1,-1,1,1,1,-1,1,-1,1,1,1,-1,-1,1,1,1,1,1,1,-1,1,-1,-1,1,1,1,-1,1,1,-1,1,1,-1,-1,1,-1,1,1,1,1,-1,1,1,-1,1,1,-1,1,1,-1,1,1,1,-1,-1,1,-1,1,-1,1,1,1,1,-1,1,-1,1,-1,1,1,-1,1,-1,1,1,1,1,-1,-1,1,1,1,-1,1,1,-1,1,1,-1,1,1,1,1,-1,1,1,1,1,-1,1,-1,1,-1,-1,1,1,1,1,1,1,1,1,-1,-1,1,1,-1,1,1,1,1,-1,1,1,1,1,1,1,1,1,1,1,1,1,-1,1,1,1,1,1,1,-1,1,1,1,-1,1,1,1,-1,1,1,1,1,1,-1,1,-1,1,1,1,1,-1,1,1,1,1,1,1,-1,1,1,1,-1,1,1,1,1,1,1,-1,-1,1,-1,1,-1,1,-1,1,1,1,-1,-1,1,1,-1,1,-1,1,1,-1,-1,-1,-1,-1,1,1,1,-1,1,1,-1,1,1,-1,-1,1,1,-1,1,1,-1,-1,1,-1,1,1,1,-1,-1,-1,1,-1,-1,-1,-1,-1,1,-1,-1,1,1,1,1,-1,-1,1,-1,1,-1,-1,1,-1,-1,1,1,-1,1,1,-1,1,-1,-1,1,-1,1,-1,-1,-1,-1,-1,-1,1,-1,-1,1,-1,1,-1,1,-1,1,-1,1,1,-1,1,-1,-1,1,-1,1,-1,1,-1,-1,-1,1,1,1,1,-1,-1,1,1,-1,1,-1,1,-1,1,1,-1,1,-1,-1,-1,-1,1,-1,1,-1,1,-1,1,-1,1,1,-1,-1,1,-1,1,1,-1,1,-1,1,-1,-1,-1,1,1,-1,-1,-1,1,-1,1,-1,-1,1,-1,-1,1,1,1,-1,-1,-1,-1,-1,1,1,-1,-1,1,-1,-1,-1,1,1,-1,1,-1,1,1,-1,-1,1,-1,1,1,-1,-1,1,1,1,-1,1,-1,1,-1,1,1,1,-1,-1,-1,1,-1,1,1,1,-1,-1,-1,1,1,-1,1,-1,-1,-1,1,1,1,1,-1,-1,1,1,1,1,1,-1,-1,-1,-1,1,-1,1,-1,1,-1,-1,1,-1,1,-1,1,1,1,-1,-1,1,1,-1,-1,-1,-1,-1,1,1,-1,-1,1,-1,-1,1,-1,-1,-1,1,-1,1,1,-1,-1,-1,-1,-1,1,1,-1,1,-1,-1,1,-1,1,1,-1,1,-1,-1,-1,1,1,-1,1,-1,1,-1,1,-1,-1,-1,1,1,1,-1,1,-1,1,1,-1,-1,-1,1,-1,-1,1,1,-1,-1,1,-1,-1,1,1,-1,-1,-1,1,-1,1,1,-1,-1,-1,-1,-1,1,1,-1,-1,1,1,-1,1,-1,-1,-1,1,1,-1,1,-1,1,-1,1,-1,1,-1,1,-1,1,1,-1,1,1,-1,-1,1,1,-1,1,-1,-1,-1,-1,1,-1,1,1,-1,-1,-1,1,-1,1,1,-1,-1,-1,1,-1,1,1,-1,-1,-1,1,-1,-1,1,-1,-1,-1,1,1,1,-1,-1,-1,-1,1,-1,1,-1,-1,-1,-1,-1,-1,-1,1,-1,-1,-1,1,-1,-1,1,-1,-1,-1,-1,-1,1,1,-1,-1,-1,-1,-1,1,-1,-1,-1,1,-1,-1,1,-1,1,-1,-1,-1,-1,-1,-1,-1,1,-1,-1,-1,1,1,1,-1,-1,-1,1,-1,-1,-1,-1,1,-1,-1,1,1,1,-1,-1,-1,-1,1,-1,1,1,-1,1,-1,-1,1,1,-1,-1,-1,-1,-1,-1,1,1,-1,-1,1,-1,1,1,-1,-1,-1,1,-1,1,1,-1,-1,1,-1,-1,1,1,1,-1,1,-1,1,1,1,-1,-1,1,-1,-1,1,1,1,-1,1,-1,-1,1,1,-1,1,1,-1,-1,1,1,1,1,1,-1,-1,1,1,1,1,1,-1,-1,1,1,1,1,1,1,-1,1,1,1,-1,1,-1,-1,1,-1,1,1,1,1,-1,1,1,-1,1,1,1,-1,1,1,1,1,-1,1,-1,1,1,1,1,1,1,1,-1,1,1,1,1,-1,1,-1,1,1,1,1,1,1,1,1,1,1,-1,1,-1,1,1,1,-1,1,1,1,1,-1,1,1,1,-1,1,1,1,1,1,-1,-1,1,-1,1,1,1,-1,1,-1,1,1,1,1,-1,-1,1,1,-1,1,1,-1,-1,1,1,-1,1,1,1,-1,1,-1,1,1,1,-1,-1,-1,-1,1,1,1,-1,1,1,1,1,1,-1,-1,1,1,1,1,1,1,-1,1,-1,1,1,1,-1,-1,-1,-1,-1,-1,-1,-1,-1,-1,-1,1,1,1,-1,1,1,-1,-1,1,1,1,-1,1,-1,1,1,1,-1,-1,1,-1,1,1,1,-1,-1,1,-1,1,1,1,-1,-1,1,-1,1,-1,1,1,-1,1,-1,-1,1,1,1,-1,-1,-1,1,1,-1,1,-1,1,-1,-1,1,-2658.0,1,2000,445,1000,True
2391,-1,-1,1,1,1,1,-1,1,-1,-1,-1,1,-1,1,-1,-1,1,-1,1,1,-1,1,-1,-1,-1,1,-1,-1,1,-1,-1,-1,1,1,-1,1,1,-1,-1,-1,1,-1,1,-1,-1,-1,1,-1,1,-1,-1,-1,1,-1,1,-1,-1,1,-1,1,1,1,1,1,-1,1,-1,-1,-1,-1,1,-1,1,1,1,-1,-1,1,-1,-1,1,-1,-1,-1,-1,-1,-1,1,-1,1,-1,-1,-1,1,1,-1,-1,1,-1,1,1,1,-1,-1,1,-1,-1,1,1,-1,-1,1,-1,-1,1,1,-1,-1,1,-1,-1,1,1,1,-1,1,-1,-1,1,1,1,-1,1,-1,-1,1,1,1,-1,-1,-1,-1,1,1,1,-1,1,-1,-1,1,1,1,-1,-1,1,-1,1,1,1,-1,1,-1,-1,1,1,1,-1,1,-1,1,1,1,-1,-1,1,-1,1,1,1,-1,1,-1,1,1,1,1,-1,1,1,-1,1,1,1,1,1,1,-1,1,1,1,-1,1,1,-1,-1,1,1,1,-1,1,-1,1,1,1,-1,1,1,-1,1,1,1,1,1,1,-1,-1,1,1,-1,-1,1,-1,1,1,-1,1,-1,1,-1,1,1,1,-1,1,1,-1,1,1,-1,1,-1,1,-1,1,1,1,-1,1,1,-1,1,-1,1,-1,1,-1,1,-1,-1,1,-1,1,-1,-1,-1,1,1,-1,1,-1,1,-1,1,1,-1,-1,1,1,-1,1,1,1,-1,1,1,-1,-1,-1,1,1,-1,1,-1,-1,-1,1,-1,-1,1,1,1,-1,1,1,1,1,-1,-1,-1,-1,-1,-1,1,1,-1,-1,1,1,-1,1,-1,-1,-1,1,1,1,1,-1,-1,1,1,-1,1,1,-1,-1,1,1,-1,1,1,-1,1,-1,1,1,-1,1,-1,1,1,1,-1,1,1,-1,-1,1,1,-1,1,-1,-1,-1,1,1,-1,1,-1,-1,1,-1,1,-1,1,-1,-1,1,-1,1,-1,1,1,-1,1,-1,1,1,-1,1,-1,-1,1,1,-1,1,-1,-1,1,1,-1,-1,1,1,-1,1,-1,1,-1,1,-1,1,1,-1,1,1,1,-1,1,1,-1,1,-1,1,-1,-1,1,-1,1,1,1,1,-1,1,1,1,1,1,-1,-1,1,-1,-1,1,-1,1,-1,-1,1,-1,1,1,-1,-1,-1,1,-1,1,-1,1,-1,1,1,-1,1,1,-1,-1,-1,1,-1,-1,1,1,-1,-1,1,-1,1,1,-1,1,-1,1,-1,-1,1,1,-1,-1,-1,-1,1,1,-1,1,-1,1,-1,1,-1,1,-1,-1,-1,-1,1,-1,1,-1,-1,-1,-1,1,-1,-1,1,-1,-1,-1,1,1,1,1,1,-1,-1,1,-1,-1,1,-1,-1,-1,1,1,1,-1,1,-1,-1,-1,-1,1,-1,1,-1,-1,1,-1,1,1,1,-1,-1,-1,1,1,-1,1,-1,-1,-1,1,1,1,-1,1,1,-1,1,1,1,1,1,1,1,-1,1,1,-1,1,-1,1,-1,-1,1,1,-1,1,-1,-1,1,-1,1,-1,1,1,-1,1,1,1,-1,1,1,-1,-1,1,1,-1,-1,-1,-1,1,1,1,-1,-1,-1,-1,1,1,1,-1,1,1,1,-1,1,1,-1,1,1,-1,1,1,1,-1,-1,1,-1,-1,1,1,1,1,1,1,1,1,1,1,1,1,-1,1,1,-1,1,1,1,-1,1,1,-1,1,1,1,-1,1,1,1,-1,1,-1,1,1,1,-1,1,1,-1,-1,1,1,1,1,1,-1,1,1,1,-1,1,1,1,1,1,1,-1,1,-1,1,-1,1,-1,1,1,1,1,1,1,1,-1,1,-1,1,-1,1,1,-1,1,1,-1,1,1,-1,-1,1,1,1,1,1,1,-1,1,1,-1,-1,1,-1,-1,1,1,1,-1,1,-1,-1,1,-1,-1,1,1,-1,-1,1,-1,1,-1,-1,1,-1,1,-1,1,-1,1,-1,-1,1,-1,1,-1,1,-1,-1,1,-1,1,-1,1,-1,-1,1,-1,1,-1,1,-1,-1,1,1,1,1,1,-1,1,1,-1,1,1,1,-1,-1,1,-1,1,-1,1,-1,-1,1,1,-1,1,1,-1,1,1,1,-1,1,1,-1,-1,1,-1,-1,1,-1,-1,1,1,-1,1,-1,-1,-1,-1,1,1,-1,1,-1,-1,-1,1,1,-1,1,1,-1,-1,-1,1,1,1,1,-1,1,1,1,-1,1,-1,-1,-1,1,-1,1,1,1,-1,-1,-1,1,-1,1,1,-1,1,-1,-1,1,1,1,-1,-1,-1,-1,-1,1,-1,-1,-1,1,-1,1,1,1,-1,-1,1,-1,1,1,1,-1,1,-1,-1,1,1,1,-1,1,-1,1,1,1,-1,-1,1,-1,-1,1,-1,1,-1,1,-1,-1,1,1,1,1,1,-1,-1,1,1,1,1,1,-1,-1,1,1,-1,1,1,-1,-1,1,1,-1,1,1,1,-1,-1,1,1,-1,1,-1,-1,1,-1,-1,1,1,1,-1,-1,1,-1,1,1,1,-1,1,1,-1,1,-1,1,-1,1,1,-1,1,1,1,1,-1,1,1,1,1,-1,1,-1,1,1,1,1,1,-1,1,1,1,1,-1,1,1,-1,1,1,-1,1,1,-1,-1,1,-1,1,1,-1,1,-1,1,-1,1,-1,-1,1,-1,1,-1,1,-1,1,-1,-1,-1,1,1,-1,-1,1,-1,-1,-1,1,-1,-1,1,-1,-1,-1,1,1,-1,1,-1,-1,1,1,-1,-1,-1,1,-1,1,1,-1,1,1,-1,1,1,-1,-1,1,-1,-1,-1,-1,1,-1,1,1,-1,1,1,-1,-1,-1,-1,1,-1,-1,-1,-1,-1,-1,-1,1,1,-1,1,1,-1,1,1,1,1,-1,1,-1,1,1,1,1,-1,1,-1,-1,1,1,1,-1,1,-1,1,1,1,1,-1,1,-1,1,1,1,-1,-1,1,-1,-1,1,1,-1,-1,-1,1,-1,1,-1,1,-1,1,-1,-1,1,-2658.0,1,2000,445,1500,True
2392,1,1,-1,-1,1,1,-1,1,1,1,1,-1,-1,1,1,1,-1,1,-1,-1,-1,1,1,1,1,-1,-1,-1,1,1,1,1,1,-1,-1,1,-1,1,1,1,-1,-1,1,1,1,1,1,-1,1,-1,1,1,-1,1,-1,-1,1,-1,1,1,1,-1,-1,-1,1,1,1,1,-1,-1,1,-1,1,1,1,-1,-1,1,-1,1,1,-1,-1,-1,-1,1,1,1,-1,-1,1,1,-1,1,1,-1,-1,-1,-1,1,1,1,-1,-1,1,-1,-1,1,1,-1,-1,-1,-1,-1,1,1,-1,-1,1,-1,-1,1,1,1,-1,-1,-1,-1,1,1,1,-1,1,-1,-1,1,1,1,-1,1,-1,-1,-1,1,1,-1,1,-1,-1,-1,1,1,-1,-1,1,-1,1,1,1,-1,1,-1,-1,-1,1,1,-1,1,1,-1,1,1,-1,-1,1,-1,-1,1,1,-1,1,-1,1,-1,1,1,-1,1,1,-1,-1,-1,1,1,1,1,1,-1,-1,1,-1,1,1,1,-1,-1,1,1,-1,1,1,-1,1,1,-1,1,1,1,-1,1,1,1,1,1,1,1,-1,1,-1,-1,1,1,-1,-1,1,1,-1,1,1,-1,-1,1,-1,1,1,1,1,-1,1,1,-1,1,1,-1,1,1,-1,1,-1,1,-1,-1,1,-1,1,1,1,1,1,1,-1,1,-1,1,1,1,1,-1,1,-1,1,1,1,1,-1,-1,1,1,1,1,1,1,-1,1,1,-1,-1,1,1,-1,-1,1,1,1,1,-1,1,-1,1,1,1,-1,1,-1,-1,1,1,1,1,-1,1,-1,1,-1,1,1,1,1,-1,1,1,1,1,1,-1,-1,1,1,1,1,1,1,1,1,1,1,1,1,-1,1,1,1,-1,1,1,-1,1,1,1,1,1,1,1,-1,1,-1,1,1,1,1,-1,1,1,1,1,1,1,1,1,1,-1,1,1,-1,-1,1,1,1,-1,1,1,-1,1,1,-1,1,1,1,1,1,1,1,-1,1,1,-1,1,1,-1,-1,-1,-1,-1,1,1,-1,1,1,-1,-1,1,-1,-1,1,1,1,-1,1,-1,1,1,1,-1,-1,1,1,-1,-1,1,-1,-1,-1,1,-1,1,-1,-1,1,1,1,-1,-1,-1,-1,1,-1,1,-1,1,-1,-1,1,1,1,1,-1,-1,-1,1,-1,1,-1,1,-1,-1,-1,1,1,1,1,-1,-1,1,-1,1,1,-1,-1,-1,-1,1,-1,1,-1,-1,-1,1,-1,1,1,-1,-1,-1,-1,1,1,-1,1,-1,-1,1,1,1,-1,-1,1,-1,1,1,1,-1,-1,1,1,-1,1,1,1,-1,1,-1,1,-1,1,-1,-1,-1,1,-1,1,1,1,-1,-1,1,-1,-1,1,-1,-1,-1,1,-1,-1,1,-1,-1,-1,1,-1,-1,1,-1,-1,-1,-1,1,-1,1,-1,-1,1,-1,1,-1,-1,1,1,1,-1,1,-1,1,1,1,-1,1,-1,1,1,-1,-1,-1,-1,1,-1,1,-1,1,-1,1,1,1,-1,-1,-1,1,-1,1,-1,1,-1,-1,-1,1,1,-1,1,-1,-1,-1,1,1,-1,1,-1,-1,-1,1,1,-1,1,-1,-1,-1,-1,1,1,1,-1,1,-1,-1,1,-1,1,-1,-1,1,-1,1,-1,1,1,-1,-1,-1,-1,-1,1,1,-1,1,-1,-1,-1,1,1,-1,-1,-1,1,1,1,-1,-1,-1,-1,1,1,1,-1,1,-1,1,-1,1,1,1,-1,-1,-1,-1,-1,1,-1,1,-1,-1,1,-1,1,1,-1,1,-1,-1,1,1,1,-1,1,-1,-1,-1,1,1,-1,-1,-1,-1,-1,1,1,-1,1,-1,-1,-1,1,1,1,-1,1,-1,-1,1,1,-1,-1,-1,-1,-1,1,1,-1,-1,1,1,-1,-1,-1,1,-1,1,1,-1,1,-1,-1,1,-1,-1,-1,1,1,-1,1,-1,1,-1,1,-1,-1,1,-1,1,-1,1,1,-1,1,-1,1,-1,-1,1,-1,1,-1,1,-1,-1,1,-1,1,1,1,-1,-1,-1,1,1,1,1,-1,-1,1,-1,-1,1,1,-1,-1,-1,-1,1,-1,1,-1,-1,1,1,-1,1,1,-1,-1,1,-1,-1,1,1,-1,-1,-1,-1,1,-1,1,-1,-1,-1,-1,1,1,-1,-1,1,-1,-1,1,-1,1,-1,-1,-1,-1,-1,1,1,1,-1,-1,-1,1,1,1,-1,-1,-1,1,-1,-1,1,-1,-1,-1,-1,1,1,1,-1,-1,-1,-1,1,-1,1,1,-1,1,-1,-1,1,1,-1,-1,-1,-1,-1,-1,1,1,-1,-1,1,-1,1,1,-1,-1,-1,1,-1,1,1,-1,-1,1,-1,-1,1,1,1,-1,1,-1,1,1,1,-1,-1,1,-1,-1,1,1,1,-1,1,-1,-1,1,1,-1,1,1,-1,-1,1,1,-1,1,1,-1,-1,1,-1,1,1,1,-1,-1,1,1,1,1,1,1,-1,1,1,1,-1,1,-1,-1,1,-1,1,1,1,1,-1,-1,1,-1,1,1,1,-1,1,1,1,1,-1,1,-1,1,1,1,1,1,1,-1,1,-1,1,1,1,-1,1,1,1,1,1,1,-1,1,-1,1,1,1,-1,-1,1,1,1,1,-1,1,-1,-1,1,-1,1,1,-1,1,-1,1,-1,1,1,-1,-1,-1,1,1,1,1,-1,-1,1,1,-1,1,1,-1,1,-1,1,-1,1,1,-1,1,-1,1,-1,1,1,1,1,1,1,1,1,1,-1,-1,1,-1,1,1,1,-1,1,-1,1,1,1,-1,-1,1,-1,1,-1,1,1,-1,1,1,1,1,1,-1,-1,-1,1,-1,-1,-1,-1,-1,1,-1,1,1,1,-1,1,1,1,-1,1,1,1,-1,1,1,1,1,1,-1,-1,1,1,1,1,1,-1,1,-1,1,-1,1,1,-1,-1,1,1,1,-1,1,1,-1,1,1,1,1,1,1,-1,1,1,-1,1,-1,1,-1,1,-1,1,1,-2658.0,1,2000,445,1000,True
2393,1,1,-1,-1,1,1,-1,1,1,1,1,-1,-1,1,1,1,-1,1,-1,-1,-1,1,1,1,1,1,-1,-1,1,1,1,1,-1,-1,-1,1,-1,1,1,1,-1,-1,1,1,1,1,1,1,-1,1,1,1,-1,1,-1,-1,-1,-1,1,1,1,-1,-1,-1,1,1,1,1,1,-1,1,-1,1,1,1,1,-1,-1,1,1,1,1,1,-1,-1,1,1,1,1,-1,-1,1,-1,1,1,1,1,1,-1,1,1,1,1,1,1,-1,-1,1,1,1,1,-1,-1,-1,1,1,1,1,1,-1,-1,1,1,1,1,-1,-1,-1,1,1,1,1,1,-1,-1,1,1,1,1,1,-1,-1,1,1,1,1,1,-1,-1,-1,1,1,1,1,1,-1,-1,1,1,1,1,1,-1,-1,1,1,-1,1,1,-1,1,1,1,1,1,-1,-1,1,1,1,1,-1,1,-1,1,1,1,1,1,-1,-1,-1,1,1,1,1,1,-1,-1,1,-1,1,1,1,-1,-1,1,1,1,1,1,-1,1,1,-1,1,1,1,-1,1,1,1,1,1,1,1,-1,1,-1,1,-1,1,-1,-1,1,1,1,1,1,-1,-1,1,-1,-1,1,1,1,-1,1,1,-1,1,1,-1,1,1,-1,-1,1,1,-1,-1,1,-1,1,-1,1,1,1,1,-1,1,-1,1,1,1,1,-1,1,-1,1,1,1,1,-1,-1,1,1,1,1,1,1,-1,1,1,-1,-1,1,1,1,-1,1,1,1,1,-1,1,-1,1,1,1,-1,1,1,1,-1,1,1,1,-1,-1,1,1,-1,1,1,1,1,-1,1,1,1,1,1,1,1,1,1,1,1,1,-1,-1,1,1,1,1,1,-1,1,1,1,-1,1,1,1,-1,1,1,-1,1,1,-1,1,1,-1,1,1,1,-1,1,1,1,-1,1,1,-1,1,1,1,-1,-1,1,-1,1,1,1,1,-1,1,-1,1,1,1,-1,-1,1,1,-1,1,1,1,1,1,-1,1,1,1,-1,1,-1,-1,1,1,1,-1,-1,1,-1,1,1,-1,1,-1,1,1,1,1,-1,1,-1,1,-1,1,1,1,1,-1,1,1,1,-1,1,1,1,1,1,1,1,1,-1,-1,-1,1,-1,-1,1,-1,1,-1,1,1,1,1,-1,1,-1,1,-1,-1,1,1,1,-1,1,1,-1,1,1,1,-1,-1,1,-1,1,1,-1,-1,1,1,1,-1,1,1,-1,-1,1,-1,1,-1,-1,-1,1,1,1,1,-1,1,-1,1,-1,1,1,-1,-1,-1,1,-1,-1,1,-1,-1,-1,1,-1,1,1,-1,-1,-1,1,1,-1,1,1,-1,-1,1,-1,1,-1,1,-1,-1,1,1,-1,-1,1,-1,-1,-1,-1,1,-1,1,-1,-1,1,-1,-1,1,1,-1,-1,-1,1,-1,1,1,-1,-1,-1,1,-1,-1,1,1,1,-1,1,-1,1,-1,1,-1,1,-1,1,1,-1,1,-1,1,1,1,-1,-1,1,-1,1,1,1,-1,-1,-1,-1,-1,1,1,1,-1,-1,-1,1,1,-1,1,-1,-1,-1,1,1,-1,1,-1,-1,-1,1,1,-1,1,-1,-1,-1,-1,1,1,1,-1,1,-1,-1,1,-1,1,-1,1,1,-1,1,-1,1,1,-1,-1,-1,-1,-1,1,1,-1,1,-1,1,-1,-1,1,-1,-1,-1,-1,1,1,-1,-1,-1,-1,-1,1,1,-1,1,-1,1,1,1,1,1,-1,-1,-1,-1,-1,1,-1,1,-1,-1,1,-1,1,1,-1,1,-1,-1,1,1,1,-1,1,-1,1,-1,1,1,-1,-1,-1,-1,-1,1,1,-1,1,-1,1,-1,1,1,-1,-1,1,-1,-1,1,1,-1,-1,-1,1,-1,1,1,-1,-1,1,-1,-1,-1,-1,1,-1,1,-1,-1,1,-1,-1,1,-1,1,-1,1,1,-1,1,-1,1,-1,1,-1,1,-1,1,-1,-1,1,1,-1,1,-1,-1,-1,-1,1,-1,1,-1,1,-1,-1,1,-1,1,1,-1,-1,-1,-1,1,1,1,1,-1,-1,1,-1,-1,1,1,-1,-1,-1,-1,1,1,-1,-1,-1,1,1,1,-1,1,-1,-1,1,-1,-1,-1,1,-1,-1,-1,-1,1,-1,1,-1,-1,-1,-1,-1,1,-1,-1,1,-1,-1,1,-1,1,-1,-1,-1,-1,1,-1,1,1,-1,-1,-1,1,1,1,-1,-1,-1,1,1,-1,1,-1,-1,-1,-1,-1,1,1,-1,-1,-1,-1,1,-1,1,1,-1,1,-1,-1,1,1,-1,-1,-1,-1,-1,-1,1,1,-1,-1,1,-1,1,1,-1,-1,-1,1,-1,1,1,-1,-1,1,-1,-1,1,1,1,-1,1,-1,1,1,1,-1,-1,1,-1,-1,1,1,-1,-1,1,-1,-1,1,1,-1,1,1,-1,-1,1,1,-1,-1,1,-1,-1,1,1,-1,-1,1,-1,-1,1,1,1,-1,-1,1,-1,-1,1,-1,-1,1,-1,-1,1,-1,1,-1,-1,1,-1,-1,1,1,-1,-1,1,-1,1,1,1,-1,-1,1,-1,1,1,1,-1,-1,1,1,-1,1,-1,-1,1,-1,1,-1,1,-1,-1,1,1,-1,1,1,-1,-1,1,1,1,-1,1,-1,1,-1,1,-1,-1,1,1,-1,1,-1,1,-1,1,1,-1,-1,-1,1,-1,1,1,-1,-1,1,-1,-1,-1,1,-1,1,-1,1,-1,-1,1,-1,1,-1,1,-1,-1,1,-1,-1,1,-1,-1,-1,1,-1,-1,-1,-1,1,-1,1,1,-1,1,1,-1,1,1,-1,-1,1,1,-1,-1,1,-1,-1,1,1,-1,1,1,-1,-1,-1,-1,1,-1,-1,-1,-1,1,-1,-1,1,1,-1,1,1,-1,1,1,1,-1,-1,1,-1,1,1,1,-1,-1,1,-1,-1,1,1,-1,-1,1,-1,1,1,1,-1,-1,1,-1,1,1,1,1,-1,1,-1,-1,1,1,-1,-1,-1,1,-1,1,-1,1,-1,1,-1,-1,1,-2658.0,1,2000,445,1000,True
2394,1,1,-1,-1,1,-1,-1,1,1,1,1,-1,1,1,1,1,-1,1,-1,-1,-1,1,1,1,1,-1,-1,-1,1,1,1,1,1,-1,-1,1,-1,1,1,1,-1,-1,1,1,1,1,1,-1,1,-1,1,1,-1,1,-1,-1,-1,-1,1,1,-1,-1,-1,1,1,1,1,1,-1,-1,1,-1,1,1,1,-1,-1,1,-1,1,1,-1,-1,-1,-1,1,1,1,-1,-1,-1,-1,-1,1,1,-1,-1,1,-1,1,1,1,-1,-1,1,-1,-1,1,1,-1,-1,-1,-1,-1,1,1,-1,-1,1,-1,-1,1,1,1,-1,-1,-1,-1,1,1,1,-1,1,-1,-1,1,1,1,-1,1,-1,-1,-1,1,1,-1,1,-1,-1,-1,1,1,-1,-1,1,-1,-1,1,1,-1,1,1,-1,-1,1,1,-1,1,1,-1,1,1,-1,-1,1,-1,-1,1,1,-1,1,-1,1,-1,1,1,-1,1,1,-1,-1,-1,1,1,1,1,1,-1,-1,1,-1,1,1,1,-1,-1,1,1,-1,1,1,-1,1,1,-1,1,1,1,-1,1,1,1,1,1,1,1,-1,1,-1,-1,1,1,-1,-1,1,1,-1,1,1,-1,-1,1,-1,1,1,1,1,-1,1,1,-1,1,1,-1,1,1,-1,1,1,1,-1,-1,1,-1,1,-1,1,1,1,1,-1,1,-1,1,1,1,1,-1,1,-1,1,1,1,1,-1,-1,1,1,1,1,1,1,-1,1,1,-1,-1,1,1,-1,-1,1,1,1,1,-1,1,-1,1,1,1,-1,1,-1,-1,-1,1,1,1,-1,1,-1,1,-1,1,1,1,1,-1,1,1,1,1,1,-1,-1,1,1,1,1,1,1,1,1,1,1,1,1,-1,1,1,1,-1,1,1,-1,1,1,1,1,1,1,1,-1,1,-1,1,1,1,1,-1,1,1,1,1,1,1,-1,1,1,-1,1,1,-1,-1,1,1,1,-1,1,1,-1,1,1,-1,1,1,1,1,1,1,1,-1,1,1,-1,1,1,-1,-1,-1,-1,-1,1,1,-1,1,1,-1,-1,1,-1,-1,1,1,1,-1,1,-1,1,1,1,-1,-1,1,1,-1,-1,1,-1,-1,-1,1,-1,1,-1,-1,1,1,1,-1,-1,-1,-1,1,-1,1,1,-1,1,-1,1,1,1,1,1,-1,-1,1,-1,1,-1,1,-1,-1,-1,-1,1,1,1,-1,-1,1,-1,1,1,1,-1,-1,-1,1,-1,1,1,-1,-1,1,-1,1,1,1,-1,-1,-1,1,1,1,1,-1,-1,1,-1,1,1,-1,1,-1,1,1,1,1,-1,1,1,-1,1,1,1,-1,1,-1,1,-1,1,1,-1,-1,1,-1,1,1,1,1,-1,1,-1,-1,1,1,1,-1,1,-1,-1,1,1,-1,-1,1,-1,-1,1,-1,1,-1,-1,1,-1,1,-1,1,1,-1,1,-1,-1,1,1,1,-1,1,-1,1,-1,-1,-1,1,-1,1,1,-1,1,-1,1,1,-1,1,-1,1,-1,1,1,1,-1,-1,-1,-1,-1,1,1,1,-1,-1,-1,1,1,-1,1,-1,-1,-1,1,1,1,1,-1,-1,-1,1,1,1,1,-1,-1,-1,-1,1,1,1,-1,1,-1,-1,1,-1,1,-1,-1,1,-1,1,-1,1,1,-1,-1,-1,-1,-1,1,1,-1,-1,-1,-1,-1,1,1,-1,-1,-1,1,1,1,-1,-1,-1,-1,1,1,1,-1,1,-1,1,-1,1,1,1,-1,-1,-1,-1,-1,1,-1,1,-1,-1,1,-1,1,1,-1,1,-1,-1,1,1,1,-1,1,-1,-1,-1,1,1,-1,-1,-1,-1,-1,1,1,-1,1,-1,-1,-1,1,1,-1,-1,1,-1,-1,1,1,-1,-1,-1,-1,-1,1,1,-1,-1,1,-1,-1,-1,-1,1,-1,1,-1,-1,1,-1,-1,1,-1,1,-1,1,1,-1,1,-1,1,-1,1,-1,-1,1,-1,1,-1,1,1,-1,1,-1,-1,-1,-1,1,-1,1,-1,1,-1,-1,1,-1,1,-1,1,-1,-1,-1,1,1,-1,-1,-1,-1,1,-1,-1,-1,-1,-1,-1,-1,-1,1,-1,-1,-1,-1,1,1,-1,1,-1,-1,-1,1,-1,-1,1,-1,-1,-1,-1,-1,1,1,-1,-1,-1,-1,-1,1,-1,-1,-1,1,-1,-1,1,-1,1,-1,-1,-1,-1,-1,-1,-1,1,-1,-1,-1,1,1,-1,-1,-1,-1,1,-1,-1,-1,-1,-1,-1,-1,1,-1,1,-1,-1,-1,-1,1,-1,1,1,-1,1,-1,-1,1,1,-1,-1,-1,-1,-1,-1,1,1,-1,-1,1,-1,1,1,-1,-1,-1,1,-1,-1,1,-1,-1,1,-1,-1,1,1,1,-1,1,-1,1,1,1,-1,-1,1,-1,-1,1,1,1,-1,1,-1,-1,1,1,-1,1,1,-1,-1,1,1,1,1,1,-1,-1,1,-1,1,1,1,-1,-1,1,1,1,1,1,1,-1,1,1,1,1,1,-1,-1,1,-1,1,1,1,1,-1,-1,1,-1,1,1,1,-1,1,1,1,1,-1,1,-1,1,1,1,1,1,1,-1,1,-1,1,1,1,-1,1,1,1,1,1,1,-1,1,-1,1,1,1,-1,-1,1,1,1,1,-1,1,-1,-1,1,-1,1,1,-1,1,-1,1,-1,1,1,-1,-1,-1,1,1,1,1,-1,-1,1,1,-1,1,1,-1,1,-1,1,-1,1,1,-1,1,-1,1,-1,1,1,1,1,1,1,1,1,1,-1,-1,1,-1,1,-1,1,-1,1,-1,-1,1,1,-1,-1,1,-1,1,-1,1,1,-1,1,1,1,1,1,-1,-1,-1,1,-1,-1,-1,-1,-1,1,-1,1,1,1,-1,1,1,1,-1,1,1,1,-1,1,1,1,1,1,-1,-1,1,1,1,1,1,-1,-1,-1,1,-1,1,1,-1,-1,1,1,1,-1,1,1,-1,1,1,1,1,1,-1,-1,-1,1,-1,1,-1,1,-1,1,-1,1,1,-2658.0,1,2000,445,1000,True
2395,1,1,-1,-1,1,1,-1,1,1,1,1,-1,1,-1,1,1,-1,1,-1,-1,-1,1,1,1,1,1,-1,-1,1,1,1,1,-1,-1,-1,1,-1,1,1,1,-1,-1,1,1,1,1,1,1,-1,-1,1,1,-1,1,-1,1,-1,-1,1,1,1,-1,-1,-1,1,1,1,1,1,-1,1,-1,1,1,1,1,1,1,-1,1,1,1,1,-1,-1,1,1,1,1,1,1,1,-1,1,1,1,-1,1,-1,-1,1,1,1,1,-1,-1,-1,1,1,1,1,1,-1,-1,1,1,1,1,1,-1,-1,1,1,1,1,1,-1,-1,1,1,1,1,-1,-1,-1,-1,1,1,1,-1,-1,-1,-1,1,1,1,1,-1,-1,-1,1,1,1,1,1,-1,1,-1,1,1,-1,1,-1,-1,1,-1,1,-1,1,-1,-1,-1,1,1,-1,-1,-1,1,1,1,-1,1,1,-1,-1,-1,1,-1,-1,-1,-1,-1,-1,1,-1,-1,1,-1,-1,-1,1,-1,-1,1,-1,-1,1,1,1,-1,1,-1,1,1,-1,-1,-1,1,-1,1,-1,1,1,-1,1,1,-1,-1,-1,1,-1,1,1,-1,1,1,1,-1,1,-1,-1,-1,-1,-1,-1,1,1,-1,1,-1,1,-1,1,-1,-1,-1,1,-1,-1,1,-1,1,-1,-1,1,-1,1,1,1,-1,-1,1,-1,1,1,1,1,-1,1,-1,1,1,1,-1,-1,1,-1,1,1,1,-1,-1,1,-1,1,-1,1,1,1,-1,1,1,1,1,1,-1,1,-1,1,1,1,1,-1,1,1,1,1,1,1,-1,-1,1,1,-1,1,1,1,-1,1,1,1,1,1,1,1,1,1,1,1,1,-1,1,-1,1,1,1,1,-1,-1,1,1,1,1,-1,1,1,-1,1,1,1,1,1,-1,1,-1,1,1,1,1,-1,1,1,1,1,1,1,-1,1,1,1,1,1,1,1,1,1,1,-1,-1,1,-1,1,-1,1,-1,1,1,1,-1,-1,1,1,-1,1,-1,1,1,1,1,-1,-1,-1,1,-1,1,1,-1,1,-1,1,1,1,-1,1,1,-1,1,1,1,-1,1,1,1,1,1,1,-1,-1,1,1,1,-1,1,-1,1,-1,-1,1,1,1,1,-1,-1,1,-1,1,1,1,-1,1,-1,1,1,1,1,1,-1,1,-1,-1,1,-1,1,-1,-1,-1,-1,-1,1,1,-1,-1,1,-1,1,1,-1,-1,1,-1,-1,1,-1,1,-1,-1,1,-1,1,1,1,-1,-1,-1,1,1,1,1,-1,-1,1,1,1,1,-1,1,-1,1,1,-1,1,-1,-1,-1,-1,1,-1,1,-1,1,-1,1,1,1,1,-1,-1,1,-1,1,-1,1,1,-1,-1,-1,1,-1,1,1,-1,-1,-1,1,-1,1,-1,-1,1,-1,1,-1,1,1,-1,-1,-1,1,-1,1,1,1,-1,-1,1,1,1,1,1,-1,1,1,-1,-1,-1,1,1,-1,1,1,-1,-1,1,1,-1,1,-1,-1,1,-1,1,-1,1,-1,-1,-1,-1,-1,-1,1,1,-1,-1,-1,1,-1,-1,1,-1,-1,-1,1,-1,-1,1,-1,-1,1,1,-1,-1,1,-1,-1,-1,-1,-1,1,1,-1,1,-1,-1,-1,-1,1,-1,-1,1,1,-1,-1,1,1,-1,-1,-1,1,-1,1,1,-1,-1,-1,1,-1,1,1,-1,-1,1,-1,1,1,-1,-1,-1,-1,1,1,1,-1,1,-1,-1,1,1,1,1,-1,-1,-1,1,-1,1,1,-1,-1,-1,1,-1,1,1,-1,-1,-1,1,1,1,1,-1,1,-1,1,-1,1,1,-1,-1,-1,-1,-1,1,1,-1,-1,-1,1,-1,1,1,1,-1,1,1,-1,1,1,-1,-1,-1,1,-1,1,1,-1,-1,1,-1,-1,1,-1,1,-1,-1,-1,-1,1,-1,-1,-1,1,1,-1,1,1,-1,-1,1,1,-1,1,-1,-1,1,-1,-1,-1,1,1,-1,1,-1,-1,-1,1,1,-1,-1,1,-1,-1,-1,1,-1,1,-1,1,-1,-1,1,-1,-1,1,-1,-1,1,-1,-1,1,-1,-1,-1,-1,-1,-1,-1,1,-1,-1,-1,1,-1,-1,1,-1,-1,-1,1,-1,-1,1,-1,-1,-1,1,-1,1,1,-1,-1,-1,1,-1,1,-1,-1,-1,1,1,-1,1,-1,1,-1,1,1,-1,-1,-1,-1,1,1,1,-1,1,1,-1,-1,-1,-1,1,-1,-1,-1,-1,1,1,-1,1,1,1,-1,1,1,-1,1,-1,1,1,-1,1,1,-1,1,1,-1,-1,1,1,-1,-1,1,1,-1,1,1,-1,1,1,-1,-1,-1,1,-1,-1,1,-1,-1,1,1,-1,1,1,1,-1,1,-1,1,1,1,-1,1,1,-1,-1,1,1,-1,-1,1,-1,-1,1,1,-1,1,1,1,-1,1,1,-1,-1,1,1,-1,1,1,-1,-1,-1,1,-1,1,1,1,-1,-1,1,-1,1,1,-1,-1,1,1,-1,1,-1,1,-1,-1,1,-1,-1,1,1,-1,-1,1,-1,1,1,1,-1,1,-1,1,1,1,1,-1,-1,1,1,-1,1,-1,-1,-1,1,1,-1,1,-1,-1,-1,-1,1,1,1,-1,-1,-1,1,-1,1,1,-1,1,-1,1,1,1,-1,1,-1,1,-1,1,1,1,1,-1,1,-1,1,-1,1,1,-1,1,-1,-1,-1,-1,1,-1,1,-1,1,1,1,1,-1,1,-1,1,-1,1,1,-1,-1,1,-1,-1,1,1,-1,1,1,-1,-1,1,1,1,1,-1,1,1,1,-1,1,1,-1,1,1,1,-1,-1,1,-1,-1,1,1,-1,1,1,1,-1,-1,1,1,1,1,-1,-1,1,1,1,-1,1,-1,-1,-1,1,1,1,1,-1,-1,1,1,1,1,1,1,-1,1,1,1,1,1,1,-1,1,1,-1,-1,1,1,-1,1,-1,1,1,1,1,-1,-1,1,1,-1,1,1,1,-1,1,1,-1,1,1,-1,-1,1,-2658.0,1,2000,445,1000,True
2396,-1,-1,1,1,1,1,-1,1,-1,-1,-1,1,-1,1,-1,-1,1,-1,1,1,-1,1,-1,-1,-1,1,-1,-1,-1,-1,-1,-1,1,1,-1,1,1,-1,-1,-1,1,-1,1,-1,-1,-1,-1,-1,1,-1,-1,-1,1,-1,1,-1,-1,1,-1,-1,-1,1,1,1,-1,-1,-1,-1,-1,-1,1,-1,-1,-1,-1,-1,-1,1,-1,-1,-1,1,1,-1,-1,-1,-1,1,-1,1,-1,-1,-1,-1,-1,-1,-1,1,-1,1,-1,-1,-1,-1,1,-1,-1,-1,-1,-1,-1,1,-1,-1,-1,-1,-1,-1,1,-1,-1,-1,-1,-1,-1,1,-1,-1,1,-1,-1,-1,-1,-1,-1,1,-1,-1,-1,-1,-1,-1,1,-1,-1,-1,1,-1,-1,-1,-1,-1,-1,-1,1,-1,1,1,-1,-1,1,-1,-1,-1,1,-1,1,-1,1,-1,1,-1,-1,-1,-1,-1,-1,-1,-1,-1,-1,1,1,-1,1,-1,-1,-1,-1,-1,-1,1,-1,-1,1,-1,1,-1,1,1,-1,1,-1,1,-1,1,-1,-1,-1,1,1,-1,1,1,-1,-1,1,1,-1,1,-1,1,-1,-1,1,1,-1,1,-1,-1,1,1,-1,1,-1,1,-1,-1,1,-1,1,-1,1,1,-1,1,1,1,-1,-1,1,-1,1,-1,-1,-1,1,1,-1,1,-1,1,-1,1,-1,-1,1,1,-1,-1,1,-1,-1,1,1,-1,-1,1,-1,-1,1,1,1,-1,1,-1,-1,1,1,1,-1,1,1,-1,1,-1,-1,-1,1,-1,-1,1,1,-1,-1,1,1,-1,1,1,1,-1,-1,1,-1,1,1,1,-1,1,1,-1,1,-1,1,-1,1,1,-1,1,1,1,-1,1,-1,-1,1,1,-1,-1,1,1,1,1,1,-1,1,1,-1,-1,1,1,-1,1,1,-1,1,1,1,1,1,1,1,-1,1,1,1,1,1,1,-1,-1,1,-1,1,1,1,-1,-1,1,1,-1,1,1,-1,-1,1,1,1,1,1,-1,1,-1,1,-1,1,1,1,1,-1,1,-1,1,1,-1,-1,-1,1,1,1,1,-1,1,1,1,1,-1,1,-1,-1,1,1,-1,1,-1,1,-1,1,1,-1,-1,1,-1,-1,-1,1,-1,1,-1,1,1,-1,1,1,-1,-1,1,-1,-1,1,1,-1,-1,1,1,-1,-1,1,-1,-1,1,-1,-1,-1,1,-1,-1,1,1,-1,-1,1,-1,-1,-1,-1,-1,-1,1,-1,-1,1,1,-1,-1,-1,-1,-1,-1,-1,1,-1,1,-1,1,1,1,-1,-1,-1,1,-1,-1,-1,1,-1,1,-1,-1,1,1,-1,1,-1,1,-1,1,1,-1,1,-1,1,-1,-1,-1,-1,1,-1,1,-1,1,1,-1,1,-1,-1,1,-1,-1,1,-1,1,1,1,-1,1,-1,1,1,1,1,-1,1,-1,1,-1,1,1,-1,1,1,1,-1,1,1,1,1,-1,1,-1,-1,1,-1,1,1,-1,-1,-1,1,-1,1,1,1,-1,1,1,1,1,1,-1,1,-1,1,-1,-1,1,-1,-1,1,-1,-1,1,-1,-1,-1,1,1,-1,1,1,-1,-1,1,1,-1,-1,1,-1,-1,-1,-1,-1,1,1,-1,-1,-1,-1,-1,1,1,-1,-1,1,1,1,-1,1,-1,-1,1,1,-1,1,1,-1,-1,-1,1,-1,-1,1,1,-1,1,1,1,1,1,1,-1,-1,1,-1,1,1,1,-1,-1,1,-1,1,1,-1,-1,1,1,-1,1,1,-1,1,1,-1,1,1,1,1,-1,1,1,-1,1,1,-1,1,1,1,1,1,1,1,-1,-1,1,1,1,1,1,-1,1,1,-1,1,1,1,-1,-1,1,1,1,-1,1,-1,-1,1,1,1,1,1,-1,-1,-1,1,1,1,1,-1,-1,1,1,1,1,-1,1,-1,1,-1,1,-1,-1,1,-1,1,-1,1,1,-1,1,-1,-1,1,1,-1,-1,-1,-1,1,-1,1,1,-1,1,-1,1,-1,1,-1,1,-1,-1,1,1,1,1,-1,1,-1,1,-1,1,1,-1,-1,-1,1,-1,1,1,-1,1,1,1,1,1,-1,1,1,-1,1,-1,1,1,-1,1,-1,1,-1,1,1,-1,1,1,-1,1,1,1,-1,1,1,-1,-1,1,1,-1,1,-1,-1,1,1,1,1,1,-1,-1,1,1,-1,1,1,-1,-1,-1,1,1,1,1,1,-1,1,1,1,1,1,-1,1,1,1,1,1,1,1,-1,-1,1,-1,1,1,-1,1,1,1,1,1,1,-1,1,1,1,1,-1,1,1,-1,1,1,1,1,1,-1,-1,-1,-1,1,1,1,-1,1,1,1,1,1,-1,-1,1,-1,1,1,1,1,-1,1,1,-1,1,1,-1,1,1,-1,1,1,1,-1,1,1,-1,1,1,-1,-1,-1,1,-1,1,1,-1,-1,-1,1,-1,1,1,-1,1,-1,1,-1,1,1,1,-1,-1,1,1,-1,1,1,-1,-1,1,-1,-1,1,-1,-1,-1,1,1,1,1,1,-1,-1,1,-1,-1,1,1,-1,-1,-1,1,-1,1,1,-1,-1,1,-1,-1,1,1,-1,-1,1,-1,1,1,1,-1,1,1,-1,1,1,-1,-1,1,-1,-1,1,1,1,-1,-1,1,-1,1,-1,1,-1,1,1,-1,-1,1,-1,1,-1,1,-1,-1,1,1,-1,-1,1,1,-1,1,1,-1,1,1,-1,1,1,-1,1,-1,1,1,-1,1,-1,1,-1,1,-1,-1,1,1,1,1,1,1,1,1,1,1,1,-1,1,1,1,-1,1,-1,1,1,1,1,1,1,1,1,1,-1,1,1,1,-1,1,-1,1,-1,1,1,1,-1,1,-1,1,1,1,-1,1,1,1,-1,1,1,1,-1,1,1,1,1,1,1,-1,-1,1,1,1,1,1,1,1,1,1,1,1,1,-1,1,1,1,-1,1,1,-1,1,1,-1,1,1,1,1,1,1,-1,1,1,-1,1,1,1,-1,1,1,1,-1,1,-2658.0,1,2000,445,500,True
2397,1,1,-1,-1,1,-1,-1,1,1,1,1,-1,1,1,1,1,-1,1,-1,-1,-1,1,1,1,1,-1,1,-1,1,1,1,1,-1,-1,-1,1,-1,1,1,-1,-1,-1,1,1,1,1,1,-1,1,-1,1,1,-1,1,-1,-1,1,-1,1,1,1,-1,-1,-1,1,1,1,1,-1,-1,1,-1,1,1,1,-1,-1,1,1,1,1,-1,-1,-1,-1,1,1,1,-1,-1,-1,1,-1,1,1,-1,-1,1,-1,1,1,1,-1,-1,1,-1,-1,1,1,-1,-1,-1,-1,-1,1,1,-1,-1,1,-1,-1,1,1,1,-1,-1,-1,-1,1,1,1,-1,1,-1,-1,1,1,1,-1,1,-1,-1,-1,1,1,-1,1,-1,-1,-1,1,1,-1,-1,1,-1,1,1,1,-1,1,1,-1,-1,1,1,-1,1,1,-1,1,1,-1,-1,1,-1,-1,1,1,-1,1,-1,1,-1,1,1,-1,1,1,-1,-1,-1,1,1,1,1,1,-1,-1,1,-1,1,1,1,-1,-1,1,1,-1,1,1,-1,1,1,1,1,1,1,-1,1,1,-1,-1,1,1,1,-1,1,-1,-1,1,1,-1,-1,1,-1,1,1,1,-1,-1,1,-1,1,1,1,1,-1,1,-1,-1,1,1,-1,1,1,-1,1,1,1,-1,-1,1,-1,1,-1,1,1,1,1,-1,1,-1,1,1,1,1,-1,1,-1,1,1,1,1,1,-1,1,1,1,-1,1,-1,-1,1,1,-1,1,1,1,-1,-1,1,1,1,1,-1,1,-1,1,1,-1,1,-1,-1,-1,1,1,1,1,-1,1,-1,1,-1,1,1,1,1,-1,1,1,1,1,1,1,-1,1,1,1,1,-1,1,1,1,1,1,1,1,-1,1,1,1,-1,1,1,-1,1,1,1,1,1,1,1,-1,1,-1,1,1,1,1,-1,1,1,1,1,1,1,-1,1,1,-1,1,1,-1,-1,1,1,1,-1,1,1,-1,-1,1,-1,1,1,1,1,-1,1,1,-1,1,1,-1,1,1,-1,-1,-1,-1,-1,1,1,-1,1,1,-1,-1,1,-1,-1,1,1,1,-1,1,-1,1,1,1,-1,-1,1,1,-1,-1,1,1,1,-1,1,-1,1,1,1,-1,1,1,-1,-1,-1,1,1,1,1,1,-1,1,1,-1,1,1,1,1,-1,1,1,-1,1,-1,1,-1,1,-1,-1,1,1,1,-1,-1,1,-1,1,1,1,-1,1,1,1,-1,1,1,-1,-1,1,-1,1,1,1,-1,1,1,1,1,1,1,-1,1,-1,1,1,1,-1,-1,1,1,-1,1,1,-1,-1,1,-1,1,1,1,-1,-1,1,1,-1,1,1,-1,-1,1,-1,1,1,1,1,-1,1,-1,-1,-1,1,1,-1,-1,1,1,-1,1,-1,-1,1,-1,-1,1,-1,1,-1,-1,1,-1,1,-1,1,-1,-1,1,-1,-1,1,1,1,-1,1,-1,1,-1,-1,-1,1,-1,1,1,-1,-1,1,1,1,-1,1,-1,1,-1,1,1,1,-1,-1,-1,1,-1,1,-1,1,-1,-1,-1,1,1,-1,1,-1,-1,-1,1,1,-1,1,-1,-1,1,1,1,-1,1,-1,-1,-1,-1,1,1,1,-1,1,-1,-1,1,-1,1,-1,-1,1,-1,1,-1,1,1,-1,-1,-1,-1,-1,1,1,-1,-1,-1,1,-1,-1,1,-1,-1,1,-1,1,1,-1,-1,-1,-1,-1,1,1,-1,1,-1,1,1,1,1,1,-1,-1,-1,-1,-1,1,-1,1,-1,-1,1,-1,1,1,-1,1,-1,-1,1,1,1,-1,1,-1,1,-1,1,1,-1,-1,-1,1,-1,1,1,-1,1,-1,-1,-1,1,1,1,-1,1,-1,-1,1,1,-1,-1,-1,-1,-1,1,1,1,-1,1,-1,-1,-1,-1,1,-1,1,-1,-1,1,-1,-1,1,-1,1,-1,1,1,-1,1,-1,1,-1,1,-1,-1,1,-1,1,-1,1,1,-1,1,-1,-1,-1,-1,1,-1,1,-1,1,-1,-1,1,-1,1,-1,1,-1,-1,-1,-1,1,-1,-1,-1,-1,1,1,-1,-1,-1,-1,-1,-1,-1,1,-1,-1,-1,-1,1,-1,-1,1,-1,-1,-1,1,-1,-1,1,-1,-1,-1,-1,-1,1,1,-1,-1,-1,-1,-1,1,-1,-1,-1,1,-1,-1,1,-1,1,-1,-1,-1,-1,-1,-1,-1,1,-1,-1,-1,1,1,-1,-1,-1,-1,1,-1,-1,-1,-1,-1,-1,-1,1,-1,1,-1,-1,-1,-1,1,-1,1,1,-1,1,-1,-1,1,1,-1,-1,-1,-1,-1,-1,1,1,-1,-1,1,-1,1,1,1,-1,-1,-1,-1,-1,1,-1,-1,-1,1,-1,1,1,1,-1,-1,-1,1,1,1,-1,-1,1,-1,-1,1,1,1,-1,1,-1,-1,1,1,-1,1,-1,1,-1,1,1,1,1,1,1,-1,1,1,-1,1,1,1,-1,1,1,1,1,1,-1,-1,-1,1,1,-1,1,1,-1,1,-1,1,1,1,1,-1,-1,1,-1,1,-1,1,-1,1,1,1,1,-1,1,-1,1,1,1,1,1,1,-1,-1,1,1,1,1,-1,1,-1,1,1,1,1,1,-1,1,1,1,1,-1,-1,1,-1,1,1,-1,1,-1,-1,-1,1,1,1,-1,1,-1,-1,1,1,1,-1,-1,1,-1,1,1,1,-1,-1,1,-1,-1,1,1,-1,1,-1,-1,-1,1,1,-1,1,-1,1,-1,1,1,1,1,1,-1,-1,1,1,-1,-1,1,1,-1,-1,1,-1,1,-1,-1,1,1,-1,-1,1,-1,-1,-1,1,1,-1,1,1,-1,1,1,-1,-1,-1,1,-1,-1,-1,-1,-1,1,1,1,-1,1,-1,1,1,1,1,1,1,1,-1,1,1,-1,1,1,-1,-1,1,1,1,1,1,-1,-1,-1,1,-1,1,1,-1,-1,1,1,-1,1,1,1,-1,1,1,1,1,1,-1,-1,-1,1,-1,1,-1,1,-1,1,-1,1,1,-2658.0,1,2000,445,1000,True
2398,1,1,-1,-1,1,1,-1,1,1,1,1,-1,-1,1,1,1,-1,1,-1,-1,-1,1,1,1,1,1,-1,-1,1,1,1,1,-1,-1,-1,1,-1,1,1,1,-1,-1,1,1,1,1,1,1,-1,-1,1,1,1,1,-1,-1,-1,-1,1,1,1,-1,-1,-1,1,1,1,1,1,-1,1,-1,1,1,1,1,-1,1,-1,1,1,1,1,-1,-1,1,1,1,1,-1,-1,1,-1,1,1,1,1,1,-1,-1,1,1,1,1,1,-1,-1,1,1,1,1,-1,-1,-1,1,1,1,1,1,-1,-1,1,1,1,1,-1,-1,-1,1,1,1,1,1,-1,-1,1,1,1,1,1,-1,-1,-1,1,1,1,1,-1,-1,-1,1,1,1,1,1,-1,-1,1,1,1,1,1,-1,-1,1,1,1,1,1,-1,1,1,1,1,1,-1,-1,1,1,1,1,-1,1,-1,1,1,1,1,1,-1,-1,-1,1,1,1,1,1,-1,-1,1,1,-1,1,1,-1,-1,1,1,1,1,1,-1,1,1,-1,-1,1,1,-1,1,1,1,1,1,1,1,-1,1,-1,1,1,1,-1,-1,1,1,1,1,1,-1,-1,1,-1,-1,1,1,1,-1,1,-1,1,1,1,-1,1,1,1,1,1,1,-1,-1,-1,1,1,-1,1,1,1,-1,1,1,-1,1,1,1,1,1,1,-1,1,1,1,1,-1,1,1,1,1,1,1,1,1,1,1,-1,-1,1,-1,1,-1,1,1,1,1,1,1,-1,-1,1,1,-1,1,1,1,-1,1,1,1,-1,1,-1,1,-1,1,1,1,1,-1,1,1,1,1,1,-1,1,1,1,1,1,1,-1,1,1,1,1,1,-1,-1,1,1,1,-1,1,1,1,-1,1,1,-1,1,1,-1,1,1,-1,1,1,1,-1,1,1,1,-1,1,1,-1,1,1,1,-1,1,1,1,1,1,1,1,-1,1,-1,1,1,1,-1,1,1,-1,-1,1,1,1,-1,1,-1,1,1,1,-1,-1,-1,-1,1,1,1,-1,1,1,-1,1,1,-1,1,1,1,-1,1,1,-1,1,1,-1,1,1,1,1,1,-1,1,-1,-1,-1,1,-1,1,-1,-1,1,1,1,-1,-1,-1,1,-1,-1,1,-1,1,-1,-1,1,1,1,1,-1,-1,1,-1,-1,1,-1,1,-1,-1,-1,-1,1,1,1,-1,-1,1,-1,1,1,-1,-1,1,-1,1,-1,1,-1,-1,-1,1,-1,1,-1,-1,-1,-1,-1,1,1,-1,1,-1,-1,1,-1,1,-1,-1,1,-1,1,-1,1,-1,-1,-1,-1,-1,1,1,-1,-1,1,-1,1,-1,1,1,-1,-1,1,-1,1,-1,1,-1,-1,1,-1,-1,-1,1,-1,-1,-1,-1,1,-1,1,-1,-1,1,-1,-1,1,1,-1,-1,-1,-1,-1,1,1,-1,-1,-1,1,-1,-1,1,1,1,-1,1,-1,1,-1,1,-1,1,-1,1,1,-1,1,-1,1,1,1,-1,-1,1,-1,1,1,1,-1,-1,-1,-1,-1,1,1,1,-1,-1,-1,1,1,-1,1,-1,-1,-1,1,1,-1,1,-1,-1,-1,1,1,-1,1,-1,-1,-1,-1,1,1,1,-1,1,-1,-1,1,-1,1,-1,-1,1,-1,1,-1,1,1,-1,-1,-1,-1,-1,1,1,-1,-1,-1,1,-1,1,1,-1,-1,-1,-1,1,1,-1,-1,-1,-1,-1,1,1,-1,1,-1,1,1,1,1,1,-1,-1,-1,-1,-1,1,-1,1,-1,-1,1,-1,1,1,-1,1,-1,-1,1,1,1,-1,1,-1,1,-1,1,1,-1,1,-1,-1,-1,1,1,-1,1,-1,1,-1,1,1,-1,-1,1,-1,-1,1,1,-1,-1,-1,1,-1,1,1,1,-1,1,-1,-1,1,-1,1,-1,1,-1,-1,1,-1,-1,1,-1,1,-1,1,1,-1,1,-1,1,-1,1,-1,1,-1,1,-1,-1,1,1,-1,1,-1,-1,-1,-1,1,-1,1,-1,1,-1,-1,1,-1,1,1,-1,-1,-1,-1,1,1,1,1,-1,-1,1,-1,-1,1,1,-1,-1,-1,-1,1,-1,1,-1,-1,1,1,-1,1,1,-1,-1,1,-1,-1,1,1,-1,-1,-1,-1,1,-1,1,-1,-1,-1,-1,-1,1,-1,-1,1,-1,-1,1,-1,1,-1,-1,-1,-1,-1,1,1,1,-1,-1,-1,1,1,1,-1,-1,-1,1,-1,-1,1,1,-1,-1,-1,1,1,1,-1,-1,-1,-1,1,-1,1,-1,-1,1,-1,-1,1,1,-1,-1,-1,-1,-1,-1,1,1,-1,-1,1,-1,1,1,-1,-1,-1,1,-1,1,1,-1,-1,1,1,-1,1,1,1,-1,1,-1,1,1,1,-1,-1,1,-1,-1,1,1,-1,-1,-1,1,-1,1,1,-1,-1,1,-1,-1,1,1,-1,-1,-1,1,-1,1,1,-1,-1,1,-1,-1,1,1,1,-1,-1,-1,-1,1,1,-1,-1,1,-1,-1,1,-1,1,-1,-1,-1,1,1,1,1,-1,1,-1,-1,1,1,1,-1,1,-1,1,1,1,1,-1,-1,-1,1,-1,1,-1,-1,-1,-1,1,-1,1,-1,-1,-1,1,1,1,1,1,-1,-1,1,-1,1,1,-1,1,-1,1,1,1,-1,1,-1,1,-1,1,1,1,1,-1,1,-1,1,-1,1,1,-1,-1,1,-1,1,1,1,-1,1,-1,1,1,-1,1,-1,1,-1,1,1,-1,1,-1,1,-1,1,-1,1,1,-1,-1,-1,-1,-1,1,1,1,-1,1,1,1,1,1,-1,-1,1,1,1,1,1,-1,-1,1,-1,1,1,1,-1,-1,-1,-1,-1,-1,-1,-1,-1,-1,1,1,1,1,-1,1,1,-1,-1,1,1,1,-1,1,-1,1,1,1,-1,-1,1,-1,1,1,1,-1,-1,1,-1,1,1,1,-1,-1,1,-1,1,-1,1,1,-1,1,-1,-1,1,1,-1,-1,-1,-1,1,1,-1,1,-1,1,-1,-1,1,-2658.0,1,2000,445,1000,True
2399,-1,-1,1,1,1,1,-1,1,-1,-1,-1,1,-1,1,-1,-1,1,-1,1,1,-1,1,-1,-1,-1,1,-1,-1,1,-1,-1,-1,1,1,-1,1,1,-1,-1,-1,1,-1,1,-1,-1,-1,-1,-1,1,-1,1,-1,1,-1,1,-1,-1,1,-1,-1,-1,1,1,1,-1,-1,-1,-1,-1,-1,1,-1,-1,-1,-1,-1,-1,1,-1,-1,-1,1,1,-1,-1,-1,-1,-1,-1,1,1,-1,-1,-1,-1,-1,-1,1,-1,1,-1,-1,-1,-1,1,-1,-1,-1,-1,-1,-1,1,-1,1,-1,-1,-1,-1,1,-1,-1,1,-1,-1,-1,1,-1,-1,1,-1,-1,-1,-1,-1,-1,1,-1,-1,-1,1,-1,-1,1,-1,-1,-1,-1,-1,-1,-1,-1,-1,-1,1,1,-1,1,1,-1,-1,1,-1,-1,-1,-1,-1,-1,1,1,-1,-1,-1,-1,-1,1,-1,-1,1,-1,-1,1,-1,1,-1,-1,-1,-1,1,-1,-1,-1,1,-1,1,1,1,1,-1,1,-1,-1,1,-1,1,-1,1,-1,-1,-1,1,1,-1,1,-1,-1,1,1,1,-1,1,1,1,1,1,1,1,-1,1,-1,-1,1,1,-1,-1,1,1,-1,1,1,-1,-1,1,-1,1,1,1,1,-1,1,-1,-1,1,1,-1,1,1,-1,1,1,1,-1,-1,1,-1,1,1,1,1,1,1,-1,1,1,1,1,-1,1,-1,-1,1,1,1,1,1,1,-1,1,1,1,1,1,-1,-1,1,1,-1,-1,1,-1,1,1,1,1,1,1,1,-1,1,1,1,1,-1,1,-1,1,1,1,1,1,1,-1,1,1,-1,1,1,1,-1,1,1,1,1,1,1,-1,1,1,1,1,1,1,-1,1,1,1,1,1,-1,1,-1,1,1,-1,1,-1,1,1,1,1,-1,1,1,-1,-1,1,-1,1,1,1,-1,-1,1,1,-1,1,1,-1,-1,1,1,-1,1,1,-1,-1,1,1,1,-1,1,-1,1,-1,1,-1,1,1,-1,-1,-1,1,1,-1,1,-1,1,1,1,-1,-1,-1,-1,1,1,1,-1,1,1,-1,1,1,-1,1,1,1,-1,1,1,-1,1,1,-1,1,-1,1,1,1,-1,1,1,1,-1,1,-1,1,-1,-1,1,1,1,-1,-1,-1,1,1,1,1,-1,1,-1,-1,1,1,1,1,-1,-1,-1,1,-1,1,-1,1,-1,-1,-1,-1,1,1,1,-1,-1,1,-1,1,1,-1,-1,1,-1,1,-1,1,-1,-1,-1,1,-1,1,-1,-1,-1,-1,-1,1,1,-1,1,-1,-1,1,1,1,-1,-1,1,-1,1,-1,1,-1,-1,-1,-1,-1,1,1,-1,-1,1,-1,1,-1,1,1,-1,-1,1,-1,1,-1,1,-1,-1,-1,-1,-1,-1,1,-1,-1,-1,1,1,-1,1,-1,-1,-1,-1,-1,1,1,-1,-1,-1,-1,-1,1,1,-1,-1,-1,-1,-1,-1,1,1,1,-1,-1,-1,1,-1,1,1,1,1,1,1,-1,-1,1,1,1,-1,1,-1,1,-1,1,1,1,-1,-1,-1,1,-1,1,1,1,-1,-1,-1,1,1,-1,1,-1,-1,-1,1,1,1,1,-1,-1,1,1,1,1,1,-1,-1,-1,-1,1,-1,1,-1,1,-1,-1,1,1,1,-1,-1,1,-1,1,-1,1,1,-1,-1,-1,-1,1,1,1,-1,1,-1,1,1,1,1,-1,-1,1,-1,1,1,-1,-1,-1,-1,-1,1,1,-1,1,-1,1,1,-1,1,1,-1,-1,-1,-1,1,1,-1,1,-1,-1,1,1,1,1,-1,1,-1,-1,1,1,1,-1,1,-1,1,1,1,1,-1,1,-1,-1,1,-1,1,-1,1,-1,1,1,1,1,1,-1,1,-1,1,1,1,-1,-1,-1,1,1,1,-1,1,-1,1,-1,1,-1,-1,1,-1,1,-1,1,1,-1,-1,1,-1,1,1,-1,1,-1,1,-1,1,1,1,-1,1,-1,1,-1,1,-1,1,-1,1,-1,-1,1,1,1,-1,1,-1,1,1,-1,1,-1,1,1,-1,1,1,-1,1,1,1,1,1,-1,1,-1,-1,1,1,1,1,-1,-1,1,-1,1,1,1,-1,1,-1,1,1,1,1,-1,1,-1,1,1,1,1,1,-1,1,-1,1,1,1,-1,-1,-1,1,-1,1,1,-1,-1,1,-1,1,1,1,-1,-1,-1,1,1,1,1,-1,-1,1,1,1,1,1,-1,1,-1,-1,1,1,1,1,-1,1,1,1,1,1,-1,-1,1,-1,1,1,1,1,-1,-1,1,1,1,1,1,1,-1,-1,1,-1,1,1,-1,-1,1,1,1,1,1,-1,-1,1,1,1,1,1,1,-1,1,1,-1,1,-1,-1,1,1,1,1,1,1,-1,-1,1,1,1,1,-1,1,-1,1,1,1,1,1,-1,-1,1,1,1,1,1,1,-1,1,1,1,1,1,1,-1,1,1,-1,1,1,1,-1,1,1,-1,1,1,1,1,1,-1,1,1,1,1,1,1,1,-1,1,1,1,-1,1,1,-1,1,-1,1,1,1,1,-1,1,1,1,1,-1,1,1,1,1,-1,1,-1,1,1,1,1,1,1,-1,1,1,1,1,1,-1,1,1,1,-1,1,1,1,1,1,-1,1,-1,1,1,1,1,-1,1,-1,1,1,-1,1,-1,1,-1,1,-1,1,1,1,1,-1,-1,1,1,1,-1,1,-1,-1,1,-1,1,-1,1,1,-1,-1,-1,1,1,1,-1,-1,-1,-1,1,1,1,-1,-1,1,1,1,1,-1,-1,-1,1,1,1,-1,1,-1,-1,-1,1,-1,-1,1,-1,-1,1,-1,1,-1,-1,-1,-1,-1,1,-1,1,-1,1,-1,1,-1,1,1,1,-1,-1,1,-1,-1,1,1,-1,-1,1,1,1,1,-1,1,-1,1,-1,1,1,-1,-1,-1,1,-1,1,1,1,1,-1,1,1,1,1,-1,1,-1,-1,1,1,1,-1,1,-1,1,-1,1,-2658.0,1,2000,445,1000,True
2400,-1,-1,-1,-1,1,1,-1,1,-1,1,1,-1,-1,1,-1,-1,-1,1,-1,-1,-1,1,-1,1,1,-1,-1,-1,1,-1,1,1,1,-1,-1,1,1,-1,1,1,-1,-1,1,-1,-1,1,1,-1,1,-1,-1,1,-1,1,-1,-1,-1,1,1,1,1,-1,-1,1,-1,-1,1,1,-1,-1,1,-1,1,1,1,-1,-1,1,-1,1,1,-1,-1,-1,-1,1,1,1,-1,-1,-1,-1,1,1,1,-1,-1,1,-1,1,1,1,-1,-1,1,-1,1,1,1,-1,-1,-1,-1,1,1,1,-1,-1,1,-1,-1,1,1,1,-1,-1,-1,-1,1,1,1,-1,1,-1,1,1,1,1,-1,1,-1,-1,1,1,1,-1,1,-1,-1,1,1,1,-1,-1,1,-1,1,1,1,-1,1,1,-1,1,-1,1,-1,1,-1,1,1,1,-1,-1,1,-1,1,1,1,-1,1,-1,1,-1,-1,1,-1,1,1,-1,1,1,1,1,1,1,-1,1,-1,1,-1,1,1,-1,-1,-1,1,1,-1,1,-1,1,-1,1,-1,1,1,-1,-1,-1,1,1,1,1,-1,-1,-1,1,-1,-1,1,-1,1,-1,1,1,-1,1,-1,1,-1,1,-1,1,1,-1,1,-1,1,1,-1,1,-1,1,1,1,-1,1,1,-1,-1,-1,1,-1,1,-1,1,-1,1,1,-1,1,-1,-1,-1,1,1,-1,1,-1,-1,-1,1,1,-1,-1,1,1,-1,-1,1,1,-1,1,1,-1,1,1,1,-1,-1,1,-1,1,1,-1,1,-1,1,-1,1,1,1,-1,-1,1,-1,-1,1,-1,1,-1,1,1,-1,1,1,1,-1,1,1,1,1,1,1,-1,1,-1,1,1,1,1,1,1,-1,1,1,1,-1,1,1,-1,-1,1,1,-1,1,1,-1,1,1,1,1,-1,1,-1,1,1,1,1,-1,1,-1,1,1,1,1,-1,1,-1,-1,1,1,-1,-1,1,-1,1,-1,1,1,-1,1,1,-1,1,1,1,1,1,1,-1,1,1,1,-1,1,1,-1,-1,-1,-1,-1,1,1,-1,1,1,-1,-1,1,-1,-1,1,1,1,-1,1,-1,1,1,1,-1,-1,1,1,-1,-1,1,1,1,-1,1,-1,1,1,1,-1,1,1,-1,-1,-1,1,1,-1,1,-1,1,-1,1,-1,1,1,1,1,-1,1,1,-1,1,-1,1,-1,1,-1,1,1,1,1,-1,-1,1,-1,1,1,-1,-1,1,1,1,-1,1,1,-1,-1,1,-1,1,1,-1,-1,1,1,1,1,-1,1,-1,1,-1,-1,1,-1,-1,-1,1,1,1,1,-1,-1,-1,1,-1,1,1,1,-1,-1,1,1,-1,1,-1,-1,-1,1,-1,1,1,-1,1,-1,1,-1,-1,1,-1,-1,-1,-1,-1,-1,1,-1,-1,-1,1,-1,-1,1,-1,-1,-1,-1,1,-1,1,-1,-1,1,-1,1,-1,-1,1,1,1,-1,1,-1,1,-1,1,-1,1,-1,1,1,1,-1,-1,-1,1,-1,1,1,-1,1,1,1,1,-1,1,-1,1,-1,1,1,1,1,-1,-1,1,1,-1,1,1,-1,-1,1,1,1,1,1,-1,-1,1,1,1,1,1,-1,-1,-1,1,-1,1,1,1,-1,-1,1,1,1,1,-1,1,-1,1,-1,1,1,1,-1,-1,-1,1,1,1,1,1,-1,-1,1,1,-1,1,-1,-1,1,1,1,-1,1,-1,-1,1,1,1,1,1,-1,1,-1,-1,1,-1,1,1,-1,-1,1,1,1,1,-1,-1,1,1,1,-1,1,1,-1,-1,-1,1,-1,1,-1,-1,-1,1,-1,1,1,1,-1,-1,1,-1,1,1,1,-1,-1,1,-1,-1,1,1,1,-1,1,-1,-1,1,1,-1,-1,1,-1,1,1,1,1,1,1,-1,1,1,1,1,1,1,-1,1,1,1,1,1,-1,1,1,1,1,-1,1,-1,-1,1,-1,1,-1,1,-1,-1,1,-1,1,1,1,-1,-1,1,-1,1,-1,1,1,-1,1,-1,1,1,1,1,-1,1,-1,1,1,1,-1,-1,1,1,-1,1,1,-1,-1,1,-1,1,-1,1,-1,-1,-1,-1,-1,1,1,-1,-1,1,-1,-1,1,1,-1,-1,-1,-1,-1,-1,1,-1,-1,-1,-1,1,-1,-1,-1,1,-1,-1,1,-1,1,-1,-1,-1,-1,-1,-1,1,1,-1,-1,-1,1,1,1,-1,-1,-1,1,-1,-1,1,-1,1,-1,-1,1,1,1,-1,-1,-1,-1,1,-1,1,1,-1,1,-1,-1,1,1,-1,-1,-1,-1,-1,-1,1,1,-1,-1,1,-1,1,1,-1,-1,-1,1,-1,1,1,-1,-1,1,-1,-1,1,1,1,-1,1,-1,1,1,1,-1,-1,1,-1,-1,1,1,1,-1,1,-1,-1,1,1,-1,1,1,-1,-1,1,1,1,1,1,-1,-1,1,1,1,1,1,-1,-1,1,1,1,1,1,1,-1,-1,1,1,-1,1,-1,-1,1,-1,1,1,1,1,-1,-1,1,-1,1,1,1,-1,1,1,1,1,-1,1,-1,1,1,1,1,1,1,-1,-1,1,1,1,1,-1,1,-1,1,1,1,1,1,-1,1,1,1,1,-1,-1,1,-1,1,1,-1,1,-1,-1,-1,1,1,1,-1,1,-1,-1,1,1,1,-1,-1,1,-1,1,1,1,-1,-1,1,-1,-1,1,1,-1,1,-1,-1,-1,1,1,-1,1,-1,1,-1,1,1,1,1,1,-1,-1,1,1,-1,-1,1,1,-1,1,1,-1,1,-1,-1,1,1,-1,-1,1,1,1,-1,1,1,-1,1,1,-1,1,1,-1,-1,-1,1,-1,-1,-1,-1,-1,1,-1,1,1,1,-1,1,1,1,-1,1,1,1,-1,1,1,-1,1,1,-1,-1,1,1,1,1,1,-1,-1,-1,1,-1,1,1,-1,-1,1,1,-1,1,1,1,-1,1,1,1,1,1,-1,-1,-1,1,-1,1,-1,1,-1,1,-1,1,1,-2658.0,1,2000,445,1000,True
2401,-1,-1,1,1,1,1,-1,1,-1,-1,-1,1,-1,1,-1,-1,1,-1,1,1,1,1,-1,-1,-1,1,-1,-1,-1,-1,-1,-1,1,1,-1,1,1,-1,-1,-1,1,-1,1,-1,-1,-1,-1,-1,1,-1,1,-1,1,-1,1,-1,-1,1,-1,-1,-1,1,1,1,-1,-1,-1,-1,-1,-1,1,-1,-1,-1,-1,-1,1,1,-1,1,-1,1,1,-1,-1,-1,-1,-1,-1,1,-1,-1,1,-1,-1,-1,-1,1,-1,1,-1,-1,-1,-1,1,-1,1,-1,-1,-1,-1,1,-1,1,1,-1,-1,-1,1,-1,1,-1,-1,-1,-1,1,-1,-1,1,-1,-1,-1,1,-1,1,-1,-1,-1,-1,1,-1,-1,1,-1,-1,-1,-1,-1,-1,1,-1,-1,-1,1,1,-1,1,1,-1,-1,1,1,-1,1,-1,-1,1,1,-1,1,-1,-1,-1,-1,1,-1,1,1,-1,-1,1,-1,1,-1,-1,-1,-1,1,-1,-1,1,1,-1,1,1,1,1,-1,-1,-1,-1,1,1,1,-1,-1,-1,-1,-1,1,1,1,-1,-1,-1,1,1,1,-1,-1,1,1,1,1,1,1,-1,1,-1,-1,1,1,1,-1,1,1,-1,1,1,-1,-1,1,-1,1,1,1,1,-1,1,-1,-1,1,1,-1,1,1,-1,1,-1,1,-1,-1,1,-1,1,1,1,1,1,1,-1,1,-1,1,-1,1,1,-1,1,-1,1,1,1,1,1,-1,1,1,1,-1,1,-1,-1,1,1,-1,1,1,1,-1,-1,1,1,1,1,-1,1,-1,1,1,-1,1,-1,-1,-1,1,1,1,1,-1,1,-1,1,-1,1,1,1,1,-1,1,1,1,1,1,-1,-1,1,1,1,1,-1,1,1,1,1,1,1,1,-1,1,1,1,1,-1,1,-1,1,1,1,1,1,1,1,-1,-1,1,1,1,1,1,-1,1,1,1,1,1,1,-1,1,1,1,1,1,-1,-1,1,1,-1,-1,1,1,-1,-1,1,-1,1,1,1,1,-1,1,1,-1,1,1,-1,1,1,1,-1,-1,-1,-1,1,1,1,-1,1,-1,-1,1,1,-1,1,1,1,-1,1,1,-1,1,1,-1,-1,1,1,-1,-1,1,-1,-1,-1,1,-1,1,-1,-1,1,1,1,1,-1,-1,-1,1,1,1,1,-1,1,-1,1,1,1,1,1,-1,-1,1,-1,1,-1,1,-1,-1,-1,1,1,1,1,-1,-1,1,-1,1,1,-1,-1,-1,-1,-1,1,-1,1,-1,-1,1,-1,1,1,1,-1,-1,-1,1,1,1,1,-1,-1,1,1,-1,1,-1,1,-1,1,1,-1,1,-1,1,1,-1,1,-1,1,-1,1,-1,1,-1,1,1,-1,-1,1,-1,1,-1,1,1,-1,1,-1,-1,-1,1,1,-1,1,-1,1,-1,1,-1,-1,1,-1,-1,1,1,1,-1,-1,1,-1,1,1,1,1,-1,1,-1,-1,1,1,1,-1,1,-1,1,-1,-1,-1,1,-1,1,1,-1,-1,1,1,1,1,-1,-1,1,-1,1,1,1,-1,-1,-1,1,-1,1,1,1,-1,-1,-1,1,1,-1,1,-1,-1,-1,1,1,1,1,-1,-1,1,1,1,1,1,-1,-1,-1,-1,1,-1,1,-1,1,-1,-1,1,1,1,-1,1,1,1,-1,-1,1,1,-1,-1,-1,-1,1,1,1,-1,-1,-1,1,1,1,-1,-1,-1,1,-1,1,1,-1,-1,-1,-1,-1,-1,1,-1,1,-1,-1,1,-1,1,1,-1,-1,-1,-1,1,1,1,-1,-1,-1,1,1,1,-1,-1,-1,-1,-1,1,-1,1,-1,1,-1,1,1,-1,1,-1,-1,-1,-1,1,-1,1,-1,-1,-1,1,1,-1,-1,1,-1,1,1,1,-1,-1,-1,-1,-1,1,1,-1,1,1,-1,1,-1,1,1,1,1,-1,-1,-1,1,-1,1,-1,-1,1,1,1,1,1,-1,-1,1,1,1,1,1,-1,1,-1,-1,1,-1,1,-1,1,-1,-1,1,1,1,-1,-1,1,-1,1,-1,1,-1,1,-1,1,1,1,1,-1,-1,1,-1,1,-1,1,1,1,-1,-1,1,1,1,-1,-1,1,-1,1,1,-1,-1,-1,1,-1,1,1,-1,-1,-1,1,-1,1,1,1,-1,1,1,-1,1,1,-1,-1,1,-1,-1,1,1,-1,-1,1,-1,1,1,1,-1,-1,-1,-1,-1,-1,1,-1,-1,1,1,1,1,1,1,-1,1,-1,-1,1,1,-1,-1,1,-1,1,1,1,-1,-1,1,-1,1,1,1,1,-1,-1,1,1,1,1,1,-1,-1,-1,1,-1,1,1,1,-1,1,1,1,1,1,-1,-1,-1,1,1,1,1,1,-1,1,1,-1,1,-1,-1,1,1,1,1,1,1,-1,-1,1,1,1,1,1,-1,-1,1,1,1,1,1,1,-1,1,1,1,1,1,1,-1,1,-1,1,1,1,1,-1,1,1,-1,1,1,-1,-1,1,1,-1,1,1,1,-1,1,-1,1,1,1,1,-1,-1,1,-1,1,1,1,-1,1,1,-1,1,-1,1,-1,1,1,-1,1,1,1,-1,1,-1,1,1,1,-1,1,1,1,1,1,1,-1,1,-1,1,1,1,-1,-1,1,1,1,1,-1,1,-1,-1,1,-1,-1,1,-1,1,-1,1,-1,-1,1,-1,-1,-1,1,1,-1,1,-1,-1,1,1,-1,1,1,-1,1,-1,1,-1,-1,1,-1,1,-1,1,-1,-1,1,1,1,1,1,1,1,-1,-1,-1,1,-1,1,1,-1,-1,1,-1,-1,1,1,-1,-1,1,-1,1,-1,-1,1,-1,1,1,1,1,-1,1,-1,-1,1,-1,-1,-1,-1,-1,1,-1,1,1,1,-1,1,1,1,-1,1,-1,-1,-1,1,1,1,1,1,1,-1,1,1,1,1,1,-1,1,-1,1,-1,1,1,-1,-1,1,1,1,-1,-1,-1,-1,1,1,1,1,1,-1,1,1,1,1,1,-1,1,-1,1,-1,1,1,-2658.0,1,2000,445,1000,True
2402,1,1,-1,-1,1,1,-1,-1,1,1,1,-1,1,1,1,1,-1,1,-1,-1,-1,-1,1,1,1,1,-1,-1,1,1,1,1,-1,-1,-1,-1,1,1,1,1,-1,-1,-1,1,1,1,1,1,-1,1,1,1,-1,1,-1,-1,1,-1,1,1,1,-1,-1,-1,1,1,1,1,1,-1,-1,1,1,1,1,1,-1,-1,1,1,1,1,1,-1,1,1,1,1,1,1,1,1,1,1,1,1,-1,-1,1,-1,1,1,1,1,-1,1,1,1,1,1,1,-1,1,1,1,1,1,1,1,1,1,1,1,1,1,-1,1,1,-1,1,1,1,-1,1,1,-1,1,1,1,-1,1,1,-1,1,1,1,1,1,1,1,1,1,1,-1,-1,1,-1,-1,1,1,-1,1,1,1,-1,-1,1,-1,-1,1,-1,-1,1,1,-1,1,1,1,1,1,-1,1,-1,1,1,-1,1,-1,-1,1,1,-1,-1,1,-1,-1,-1,1,-1,-1,1,-1,-1,-1,1,-1,1,1,1,-1,-1,1,-1,-1,1,-1,-1,-1,1,-1,-1,1,1,-1,-1,-1,1,-1,-1,1,-1,-1,1,1,-1,1,1,-1,-1,1,1,-1,1,-1,-1,-1,-1,1,-1,-1,1,-1,-1,1,1,1,1,-1,-1,-1,-1,1,-1,1,1,-1,-1,1,-1,-1,1,-1,1,-1,-1,-1,-1,1,-1,1,-1,-1,-1,-1,-1,1,-1,-1,-1,1,-1,1,1,-1,1,-1,-1,-1,1,1,1,1,-1,-1,-1,1,1,-1,1,-1,1,-1,-1,1,1,1,-1,-1,-1,1,-1,1,1,1,-1,-1,1,-1,1,1,-1,-1,-1,1,-1,1,1,-1,-1,-1,1,1,-1,1,-1,-1,1,-1,-1,1,1,-1,1,1,-1,1,-1,1,-1,1,1,1,-1,1,1,-1,-1,1,1,-1,1,-1,-1,-1,1,1,-1,1,-1,-1,1,-1,1,1,1,-1,-1,1,1,1,-1,1,1,-1,1,-1,1,-1,-1,1,-1,1,-1,1,-1,1,-1,-1,1,1,-1,-1,1,1,-1,1,-1,1,-1,1,-1,1,1,-1,1,-1,1,-1,1,1,-1,-1,1,1,-1,-1,-1,-1,1,-1,-1,1,-1,1,1,-1,-1,1,-1,-1,1,1,-1,1,-1,1,-1,-1,1,-1,-1,1,-1,-1,-1,1,-1,1,-1,1,-1,1,1,-1,-1,-1,-1,-1,-1,1,-1,-1,1,1,-1,-1,1,-1,1,-1,-1,1,-1,1,-1,-1,1,1,-1,-1,-1,1,-1,-1,-1,1,-1,1,-1,-1,1,1,-1,1,-1,1,-1,1,1,-1,1,-1,-1,-1,-1,-1,-1,1,-1,1,-1,1,1,-1,1,-1,-1,1,-1,-1,1,-1,1,-1,1,-1,1,-1,1,1,-1,-1,-1,1,-1,1,-1,-1,1,-1,1,1,1,1,-1,-1,-1,1,-1,1,1,-1,-1,1,1,1,-1,1,1,-1,1,1,1,1,-1,-1,1,-1,-1,-1,1,-1,-1,1,1,1,-1,1,-1,1,-1,-1,-1,1,1,-1,1,1,-1,-1,-1,1,-1,1,1,-1,1,-1,1,-1,-1,-1,-1,-1,-1,1,-1,-1,-1,-1,-1,-1,1,1,1,1,1,1,-1,1,-1,1,1,-1,-1,-1,1,-1,-1,1,-1,1,-1,-1,1,1,1,1,-1,-1,1,1,1,1,-1,1,-1,-1,1,1,1,-1,-1,-1,1,1,1,1,-1,-1,-1,1,-1,1,-1,1,-1,-1,1,1,1,1,-1,-1,-1,1,1,1,1,1,-1,-1,-1,1,1,1,1,-1,-1,-1,1,-1,1,-1,-1,-1,1,-1,-1,1,1,-1,1,-1,1,-1,1,1,-1,-1,-1,1,1,-1,1,-1,-1,-1,1,1,1,1,-1,-1,1,-1,1,-1,-1,-1,1,1,1,1,1,-1,-1,-1,1,1,-1,1,1,-1,1,-1,1,-1,1,-1,-1,-1,1,1,-1,1,-1,-1,1,-1,1,-1,1,-1,-1,1,-1,1,-1,1,-1,-1,-1,1,1,-1,1,-1,-1,-1,1,1,1,1,-1,-1,1,-1,-1,1,-1,-1,-1,-1,1,1,-1,1,-1,-1,-1,1,1,1,-1,1,-1,-1,1,1,1,-1,-1,-1,-1,1,1,-1,-1,1,-1,-1,1,1,1,-1,-1,-1,1,1,1,-1,-1,1,-1,1,1,1,1,-1,-1,1,1,1,1,-1,1,-1,-1,-1,1,1,1,-1,-1,-1,1,1,1,-1,1,1,-1,1,1,1,-1,1,1,1,-1,1,1,1,-1,1,-1,-1,1,1,-1,-1,1,1,-1,1,1,-1,1,1,-1,-1,-1,-1,-1,1,1,-1,-1,1,1,-1,1,1,1,-1,1,-1,1,1,1,-1,1,1,-1,-1,1,1,-1,-1,-1,1,-1,1,1,-1,1,-1,-1,-1,1,1,-1,-1,-1,1,-1,1,1,-1,-1,-1,-1,-1,1,1,1,-1,-1,1,-1,1,1,-1,-1,-1,-1,-1,1,-1,1,-1,-1,-1,1,1,1,1,-1,-1,1,-1,1,1,1,-1,1,-1,1,1,1,1,-1,-1,-1,1,-1,1,-1,-1,-1,-1,1,-1,1,-1,-1,-1,-1,1,1,1,-1,-1,1,1,-1,1,1,-1,1,-1,1,1,1,1,1,-1,1,1,1,1,1,1,-1,1,-1,1,-1,1,1,-1,1,1,-1,1,1,1,-1,1,-1,1,1,-1,1,1,1,-1,1,1,-1,1,-1,-1,1,-1,-1,1,1,-1,1,1,-1,-1,1,1,1,1,-1,1,1,1,1,1,1,-1,1,1,1,1,-1,1,-1,-1,1,1,1,-1,1,1,-1,-1,-1,1,1,1,-1,-1,1,1,1,1,1,-1,-1,-1,1,1,1,1,-1,-1,1,1,1,1,1,1,-1,1,1,1,1,1,1,-1,1,1,1,1,1,-1,-1,1,-1,1,1,1,1,-1,-1,1,1,1,1,-1,1,-1,1,1,-1,1,1,-1,-1,1,-2658.0,1,2000,445,500,True
2403,-1,-1,1,1,1,1,-1,1,-1,-1,-1,1,-1,1,-1,-1,1,-1,1,-1,-1,1,-1,-1,-1,1,-1,-1,-1,-1,-1,-1,1,-1,-1,1,1,-1,-1,1,-1,-1,1,-1,-1,-1,1,1,-1,-1,-1,-1,1,1,-1,-1,-1,1,-1,-1,1,1,-1,1,-1,1,-1,1,1,-1,1,-1,-1,-1,1,1,1,1,-1,-1,-1,1,1,-1,-1,-1,-1,1,1,-1,-1,-1,-1,1,-1,1,1,1,-1,1,1,1,1,1,1,-1,-1,1,1,1,1,-1,-1,-1,1,1,1,1,1,-1,-1,1,1,1,1,-1,-1,-1,1,1,1,1,1,-1,-1,1,1,1,1,1,-1,-1,1,1,1,1,-1,-1,-1,-1,1,1,1,1,1,-1,-1,1,1,1,1,1,-1,-1,1,1,1,1,1,-1,1,1,1,1,1,-1,-1,1,1,1,1,-1,1,-1,1,1,1,1,1,-1,-1,-1,1,1,1,1,1,-1,1,1,-1,-1,1,1,-1,-1,1,1,1,1,1,-1,1,1,1,-1,1,1,-1,1,1,-1,1,1,1,1,-1,1,-1,1,1,1,-1,-1,1,-1,1,1,1,-1,-1,1,-1,-1,1,1,1,-1,1,-1,1,1,1,-1,1,1,1,-1,1,1,-1,-1,1,1,1,-1,1,1,1,1,1,1,-1,1,1,1,1,1,1,-1,1,1,1,1,1,1,1,1,1,1,1,1,1,1,1,-1,-1,1,1,1,-1,1,1,1,1,1,1,-1,1,1,1,-1,1,1,1,1,1,1,1,-1,1,-1,1,-1,1,1,1,1,-1,1,1,1,1,1,-1,1,1,1,1,1,1,-1,1,1,1,1,1,1,-1,1,1,1,-1,1,1,1,-1,1,1,-1,1,1,-1,1,1,-1,1,1,1,-1,1,1,1,-1,1,1,-1,1,1,1,-1,1,1,1,1,1,1,1,-1,1,-1,1,-1,1,-1,1,1,1,-1,-1,1,1,-1,1,-1,1,1,1,-1,-1,-1,-1,1,1,1,-1,1,1,-1,1,1,-1,1,-1,1,-1,1,1,-1,1,1,1,1,1,1,1,1,-1,1,-1,-1,-1,1,-1,1,-1,-1,1,1,1,-1,-1,-1,1,-1,1,1,-1,1,-1,-1,1,1,1,1,-1,-1,1,-1,-1,1,-1,1,-1,-1,-1,-1,-1,1,1,-1,-1,1,-1,1,1,-1,-1,1,-1,-1,1,1,-1,-1,-1,1,-1,1,-1,-1,-1,-1,-1,1,1,-1,1,-1,-1,1,1,1,-1,-1,1,-1,1,1,1,-1,-1,-1,-1,-1,1,1,-1,-1,1,-1,1,-1,1,1,-1,-1,1,-1,1,-1,1,-1,-1,1,-1,-1,-1,1,-1,-1,-1,-1,1,-1,1,-1,-1,1,-1,-1,1,1,-1,-1,-1,-1,-1,1,1,-1,1,-1,1,-1,-1,1,1,1,-1,1,-1,1,-1,1,-1,1,-1,1,1,-1,-1,1,1,1,1,-1,-1,1,-1,1,1,1,-1,-1,-1,-1,-1,1,1,1,-1,-1,-1,1,1,-1,1,-1,-1,-1,1,1,1,1,-1,-1,1,1,1,1,1,-1,-1,-1,-1,1,-1,1,-1,1,-1,-1,1,1,1,-1,-1,1,1,-1,-1,1,1,-1,-1,-1,-1,1,1,1,-1,-1,-1,1,1,1,1,-1,-1,1,-1,1,1,-1,-1,-1,-1,-1,1,1,-1,1,-1,-1,1,1,1,1,-1,-1,-1,-1,1,1,-1,1,-1,-1,1,1,1,1,-1,1,-1,-1,1,1,1,-1,1,-1,1,1,1,1,-1,1,-1,-1,1,1,1,-1,1,-1,1,1,1,1,1,-1,1,-1,1,1,1,-1,-1,-1,1,1,1,1,-1,-1,1,-1,1,-1,-1,1,-1,1,-1,1,1,-1,-1,1,-1,1,1,-1,1,-1,1,-1,1,-1,1,-1,1,-1,1,-1,1,-1,1,-1,1,-1,-1,1,-1,1,-1,1,-1,1,1,-1,1,-1,1,1,-1,1,-1,-1,1,1,1,1,1,-1,1,-1,-1,1,1,1,1,-1,-1,1,-1,1,1,-1,1,1,1,1,1,1,-1,1,-1,-1,1,1,1,1,-1,-1,1,-1,1,1,-1,-1,-1,-1,1,-1,-1,1,-1,-1,1,-1,1,1,-1,-1,-1,-1,1,1,1,-1,-1,-1,1,1,1,1,-1,-1,1,-1,-1,1,1,-1,-1,-1,1,1,1,1,-1,1,-1,1,-1,1,1,-1,1,-1,-1,1,1,1,-1,-1,-1,-1,-1,1,-1,-1,-1,1,-1,1,1,-1,-1,-1,-1,-1,1,1,1,-1,-1,1,-1,1,1,-1,-1,-1,-1,1,1,1,-1,-1,1,-1,-1,1,1,-1,-1,-1,-1,-1,1,1,-1,1,-1,-1,-1,1,1,-1,-1,1,-1,-1,1,1,-1,-1,1,-1,-1,1,1,-1,-1,-1,-1,-1,1,1,-1,-1,1,-1,-1,1,-1,1,-1,1,-1,-1,-1,1,-1,-1,-1,1,-1,1,1,-1,-1,1,-1,1,1,1,1,-1,-1,-1,1,-1,1,-1,-1,-1,-1,1,-1,1,-1,-1,-1,-1,1,1,1,-1,-1,-1,1,-1,1,1,-1,1,-1,1,1,1,1,1,-1,1,-1,1,1,1,1,-1,1,-1,1,-1,1,1,-1,-1,1,-1,1,1,1,-1,1,-1,1,1,-1,1,-1,1,-1,1,1,-1,1,-1,1,-1,1,-1,1,1,-1,-1,-1,-1,-1,1,1,-1,-1,1,1,1,1,1,-1,-1,1,1,1,1,1,-1,-1,1,-1,1,1,1,1,-1,-1,-1,-1,-1,-1,-1,-1,-1,1,1,1,1,-1,1,1,-1,-1,1,1,-1,-1,1,-1,1,1,1,-1,-1,1,-1,1,1,1,-1,-1,1,-1,1,1,1,-1,-1,1,-1,1,-1,1,1,-1,1,-1,-1,1,1,-1,-1,-1,-1,1,1,1,1,-1,1,-1,-1,1,-2658.0,1,2000,445,1000,True
2404,-1,-1,1,1,1,1,-1,1,-1,-1,-1,1,-1,1,-1,-1,1,-1,1,1,-1,1,-1,-1,-1,1,-1,-1,1,-1,-1,-1,1,1,-1,1,1,-1,-1,-1,1,-1,1,-1,-1,-1,-1,-1,1,-1,1,-1,1,-1,1,-1,-1,1,-1,-1,-1,1,1,1,-1,-1,-1,-1,-1,-1,1,-1,-1,-1,-1,-1,-1,1,-1,-1,-1,1,1,-1,-1,-1,-1,-1,-1,1,-1,-1,-1,-1,-1,-1,-1,1,-1,1,-1,-1,-1,-1,1,-1,-1,-1,-1,-1,-1,1,-1,1,-1,-1,-1,-1,1,-1,-1,-1,-1,-1,-1,1,-1,-1,1,-1,-1,-1,-1,-1,-1,1,-1,-1,-1,-1,-1,-1,1,-1,-1,-1,1,-1,-1,-1,-1,-1,-1,-1,1,-1,1,1,-1,-1,-1,-1,-1,-1,1,-1,1,-1,1,-1,1,-1,-1,-1,-1,-1,-1,-1,-1,-1,-1,1,1,-1,1,-1,-1,-1,-1,-1,-1,1,-1,-1,-1,-1,1,-1,1,1,-1,1,-1,1,-1,1,-1,-1,-1,-1,1,-1,1,1,-1,-1,-1,1,-1,1,-1,1,-1,-1,1,1,-1,1,-1,-1,-1,1,1,1,-1,1,-1,-1,1,-1,1,-1,1,1,-1,1,1,1,-1,-1,1,-1,1,-1,-1,-1,1,-1,-1,1,-1,1,-1,1,-1,-1,1,1,-1,-1,1,-1,1,1,1,-1,-1,1,-1,1,1,1,1,-1,1,-1,-1,1,1,1,-1,1,1,-1,1,1,-1,-1,-1,1,1,1,1,-1,-1,1,1,-1,1,1,1,-1,-1,1,1,1,1,1,-1,1,1,1,1,-1,1,-1,-1,1,1,1,1,1,-1,-1,-1,1,1,1,-1,-1,1,1,-1,1,1,-1,-1,-1,1,1,1,1,1,-1,1,1,-1,1,1,-1,-1,-1,-1,1,1,1,1,-1,-1,-1,1,-1,1,1,-1,-1,1,1,-1,1,1,1,1,1,1,-1,1,-1,1,-1,-1,1,1,-1,1,1,-1,-1,-1,1,-1,1,-1,1,-1,1,-1,-1,1,-1,-1,-1,1,1,1,1,1,1,-1,1,-1,1,-1,1,1,-1,1,-1,1,-1,1,-1,1,1,-1,-1,-1,-1,1,-1,-1,1,-1,-1,1,-1,-1,1,-1,-1,1,1,-1,1,-1,1,-1,-1,1,-1,-1,1,-1,-1,1,1,-1,1,-1,1,-1,-1,1,-1,-1,-1,-1,-1,-1,1,-1,-1,1,1,-1,-1,-1,-1,1,-1,-1,1,-1,1,-1,-1,1,1,-1,-1,1,-1,-1,-1,-1,-1,1,1,-1,-1,1,1,-1,1,-1,1,-1,1,1,-1,1,-1,-1,-1,-1,-1,-1,1,-1,1,-1,1,1,-1,1,-1,-1,1,-1,-1,1,-1,1,-1,1,-1,1,-1,1,1,-1,-1,-1,1,-1,1,-1,-1,1,-1,1,1,1,1,-1,-1,-1,1,-1,1,1,-1,-1,1,1,1,-1,1,1,-1,1,1,1,1,1,-1,1,-1,1,1,-1,1,-1,1,1,-1,1,-1,-1,1,-1,-1,1,-1,-1,-1,1,1,-1,1,1,-1,-1,1,1,-1,-1,1,-1,-1,-1,-1,-1,1,1,-1,-1,-1,-1,-1,1,1,-1,-1,1,1,1,-1,1,-1,1,1,1,-1,1,1,-1,1,-1,1,-1,-1,1,1,-1,1,1,1,1,1,1,-1,-1,1,-1,1,1,1,-1,-1,1,-1,1,1,-1,-1,1,1,-1,1,1,-1,1,1,-1,1,-1,1,1,-1,1,1,-1,1,1,1,-1,1,1,1,1,1,1,-1,-1,1,1,1,1,1,-1,1,1,-1,1,1,1,-1,-1,1,1,1,-1,1,-1,-1,1,1,1,1,1,-1,-1,-1,1,1,1,1,-1,-1,1,1,1,1,-1,1,-1,1,-1,1,-1,-1,1,-1,1,-1,1,1,-1,1,-1,1,1,1,-1,-1,-1,-1,1,-1,1,1,-1,1,1,-1,-1,1,-1,1,1,-1,1,1,1,1,-1,1,-1,1,-1,1,1,-1,-1,-1,1,-1,1,1,-1,1,-1,1,-1,1,-1,1,1,1,-1,-1,1,1,-1,1,-1,1,-1,1,1,-1,1,-1,1,-1,1,1,-1,1,1,1,-1,1,1,-1,1,1,1,-1,1,1,1,1,1,-1,-1,1,-1,1,1,-1,-1,1,1,1,1,1,-1,-1,-1,-1,1,1,1,-1,1,-1,1,1,1,-1,1,-1,-1,1,-1,1,1,1,1,1,1,1,1,1,1,-1,1,1,1,-1,1,-1,1,1,1,1,1,1,1,-1,1,-1,1,1,1,1,-1,1,1,1,1,-1,1,-1,1,1,1,1,1,1,1,1,-1,1,1,1,1,1,1,1,1,1,1,-1,1,1,1,1,-1,1,-1,1,1,1,1,-1,1,-1,1,1,1,1,-1,1,-1,1,1,1,1,1,-1,1,1,1,-1,1,1,-1,1,1,1,-1,1,-1,-1,-1,1,-1,-1,1,1,-1,1,1,1,-1,1,1,-1,1,1,1,-1,1,1,-1,1,1,1,-1,1,1,-1,1,-1,1,1,1,1,-1,1,-1,1,1,1,-1,1,1,1,1,1,1,1,-1,1,1,1,1,-1,1,-1,1,1,1,-1,1,-1,1,1,1,1,-1,1,1,-1,1,-1,1,-1,1,1,1,-1,1,1,1,1,1,-1,1,1,-1,-1,1,-1,1,-1,1,-1,-1,1,1,1,-1,-1,1,1,1,1,1,-1,-1,1,1,1,1,-1,1,1,1,1,1,1,-1,1,1,1,-1,1,1,-1,-1,1,1,1,-1,1,1,-1,-1,-1,-1,1,1,-1,-1,1,1,1,-1,1,-1,-1,-1,1,1,1,1,-1,-1,1,1,1,1,1,1,-1,1,1,1,1,1,1,-1,1,1,1,1,1,-1,-1,1,-1,1,-1,1,1,-1,-1,1,1,-1,1,-1,1,1,1,1,-1,1,1,-1,-1,1,-2658.0,1,2000,445,500,True
2405,-1,-1,1,1,1,1,-1,1,-1,-1,-1,1,-1,-1,-1,-1,1,-1,1,-1,-1,1,-1,-1,-1,1,-1,-1,1,-1,-1,-1,1,-1,-1,1,1,-1,-1,1,-1,-1,1,-1,-1,-1,-1,1,-1,-1,-1,-1,1,1,-1,1,-1,1,-1,-1,-1,1,-1,1,-1,-1,-1,-1,1,-1,1,-1,-1,-1,-1,1,1,1,-1,-1,-1,1,1,-1,-1,-1,-1,-1,1,1,1,-1,-1,-1,-1,1,-1,1,-1,1,-1,-1,1,1,-1,-1,-1,-1,-1,1,1,1,-1,-1,-1,-1,-1,1,1,-1,-1,1,-1,-1,1,1,-1,-1,1,-1,-1,1,-1,-1,-1,1,-1,-1,1,-1,-1,-1,1,-1,-1,1,1,-1,-1,-1,-1,-1,-1,1,1,-1,1,1,-1,-1,-1,-1,-1,-1,-1,-1,1,-1,1,-1,-1,-1,-1,1,-1,-1,-1,1,-1,-1,-1,1,1,-1,-1,-1,-1,-1,-1,-1,-1,1,-1,-1,-1,-1,1,-1,1,-1,-1,1,-1,1,-1,1,-1,-1,-1,-1,1,-1,1,-1,1,-1,-1,1,-1,1,-1,1,-1,-1,1,1,-1,1,-1,-1,-1,1,1,-1,1,-1,-1,-1,1,-1,-1,1,-1,1,-1,1,1,-1,1,-1,1,-1,1,-1,1,1,1,-1,-1,1,-1,-1,-1,1,-1,-1,1,1,1,1,1,-1,1,1,1,1,1,1,-1,1,1,1,1,1,1,-1,-1,1,1,-1,1,1,1,-1,1,1,1,1,-1,1,1,1,1,1,1,1,1,-1,1,1,1,1,1,1,1,1,1,1,1,1,1,1,1,-1,1,1,1,-1,1,1,1,1,1,1,-1,1,1,1,1,1,1,1,-1,1,1,1,1,-1,-1,1,1,1,-1,1,1,1,-1,1,1,1,1,1,-1,1,1,1,1,1,1,-1,1,1,1,1,1,1,-1,1,1,1,-1,1,1,1,1,1,1,1,-1,1,-1,1,-1,1,-1,1,1,-1,-1,1,1,1,-1,1,-1,1,1,1,-1,-1,-1,-1,1,1,1,-1,1,1,-1,1,1,-1,-1,1,1,-1,1,1,-1,1,1,-1,1,1,1,-1,-1,-1,1,1,1,-1,-1,-1,1,-1,-1,1,1,1,1,-1,-1,1,-1,1,-1,-1,1,-1,-1,1,1,-1,1,1,-1,1,-1,-1,1,-1,1,-1,1,-1,-1,-1,-1,1,-1,-1,1,-1,1,-1,1,-1,1,1,-1,1,-1,1,-1,1,-1,-1,1,-1,1,-1,-1,-1,1,1,1,1,-1,1,-1,1,-1,1,-1,1,1,-1,1,-1,1,-1,-1,-1,-1,1,-1,1,-1,1,-1,-1,-1,1,1,-1,-1,1,-1,1,1,-1,1,-1,-1,1,-1,-1,1,1,-1,-1,1,1,-1,1,-1,-1,1,-1,-1,1,1,1,-1,-1,-1,-1,1,1,1,-1,-1,-1,-1,-1,-1,1,1,-1,1,-1,1,1,-1,1,1,-1,1,1,-1,-1,1,1,1,-1,1,-1,1,-1,1,1,1,-1,-1,-1,1,-1,1,1,1,-1,-1,-1,1,1,-1,1,-1,-1,-1,1,1,1,1,-1,-1,-1,1,1,1,1,-1,-1,-1,-1,1,-1,1,-1,1,-1,-1,1,1,1,-1,-1,1,1,-1,-1,1,1,-1,-1,-1,-1,1,1,1,-1,-1,1,-1,1,1,1,-1,-1,1,-1,1,1,-1,-1,-1,-1,-1,1,1,-1,1,-1,-1,1,1,1,1,-1,1,-1,-1,1,1,1,-1,1,-1,1,1,1,1,-1,-1,1,1,1,1,1,-1,1,1,-1,1,1,1,-1,-1,1,1,1,-1,1,-1,-1,1,-1,1,1,1,-1,-1,1,1,1,1,1,-1,-1,1,1,1,1,-1,1,-1,1,-1,1,-1,-1,1,-1,1,-1,1,1,-1,-1,1,-1,1,1,-1,1,-1,1,1,-1,1,1,-1,-1,1,-1,-1,1,-1,1,-1,1,1,-1,1,1,1,-1,1,1,-1,1,-1,1,-1,1,1,-1,1,1,-1,-1,1,1,-1,1,-1,1,1,-1,-1,-1,1,1,-1,-1,1,-1,-1,1,1,-1,-1,-1,1,-1,1,1,-1,-1,-1,1,-1,1,1,1,-1,1,1,-1,1,1,-1,-1,1,-1,-1,1,1,-1,-1,1,-1,1,1,1,-1,-1,-1,-1,-1,1,1,-1,-1,1,1,-1,1,1,1,1,-1,-1,-1,1,-1,1,-1,1,1,1,1,1,1,-1,1,-1,1,1,1,1,-1,-1,1,1,1,1,1,1,-1,-1,1,-1,1,1,-1,-1,1,1,-1,1,1,-1,-1,1,1,1,1,1,1,-1,1,1,-1,1,-1,-1,1,1,1,1,1,1,-1,-1,1,-1,1,1,-1,1,-1,1,1,-1,1,-1,-1,-1,1,1,-1,1,-1,1,-1,1,1,1,1,1,-1,-1,1,1,-1,1,1,-1,-1,1,1,-1,1,-1,-1,-1,1,-1,1,-1,1,-1,1,1,1,-1,-1,1,-1,-1,1,1,-1,-1,1,-1,1,1,1,1,-1,1,-1,1,-1,1,-1,1,1,-1,1,-1,1,-1,-1,-1,-1,1,-1,1,-1,1,1,1,-1,-1,1,-1,-1,1,1,1,1,1,1,-1,-1,1,1,-1,1,1,-1,1,-1,1,-1,1,1,-1,1,1,-1,-1,-1,1,-1,1,-1,1,-1,1,1,-1,1,1,1,-1,1,1,-1,-1,1,-1,-1,1,1,-1,1,1,-1,-1,1,1,1,1,-1,1,1,-1,-1,1,1,-1,1,-1,1,-1,-1,1,-1,-1,1,1,-1,1,1,1,-1,1,1,1,1,1,-1,-1,1,-1,1,-1,1,-1,-1,1,1,1,1,1,-1,-1,1,1,1,1,1,1,-1,1,-1,1,1,1,1,-1,1,1,-1,-1,1,-1,-1,1,1,1,1,1,1,-1,-1,1,1,-1,1,-1,1,-1,1,1,-1,1,1,-1,-1,1,-2658.0,1,2000,445,500,True
2406,1,1,-1,-1,1,1,-1,1,1,1,1,-1,1,1,1,1,-1,1,-1,-1,-1,1,1,1,1,-1,1,-1,1,1,1,1,1,-1,-1,1,-1,1,1,1,-1,-1,1,1,1,1,1,-1,1,-1,1,1,-1,1,-1,-1,-1,-1,1,1,-1,-1,-1,-1,1,1,1,1,-1,-1,1,-1,1,1,1,-1,-1,1,1,1,1,-1,-1,-1,-1,1,1,1,-1,-1,-1,1,-1,1,1,-1,-1,1,-1,1,1,1,-1,-1,1,-1,-1,1,1,-1,-1,1,-1,-1,1,1,1,-1,1,-1,-1,1,1,1,-1,-1,-1,-1,1,1,1,-1,-1,-1,-1,1,1,1,-1,-1,-1,-1,-1,1,1,-1,1,-1,-1,-1,1,1,-1,-1,1,-1,-1,1,1,-1,1,1,-1,-1,1,1,-1,1,1,-1,1,1,-1,-1,-1,-1,-1,1,1,-1,-1,1,1,-1,1,1,-1,-1,-1,-1,-1,-1,1,1,1,-1,1,-1,-1,1,-1,1,-1,1,-1,-1,1,1,-1,1,1,-1,1,1,1,-1,1,1,-1,1,1,-1,-1,-1,1,1,-1,1,-1,-1,1,1,1,-1,1,-1,-1,-1,1,-1,-1,1,-1,1,-1,1,1,-1,1,-1,1,-1,1,-1,1,1,-1,1,-1,1,-1,-1,1,1,-1,-1,1,1,1,1,1,-1,-1,1,1,1,1,1,-1,-1,1,1,1,1,1,-1,-1,1,1,1,1,1,1,-1,1,1,-1,1,1,-1,-1,1,1,1,1,1,1,-1,1,1,1,-1,1,1,-1,1,1,1,1,-1,1,-1,1,-1,1,1,1,1,-1,1,1,1,1,1,-1,-1,1,1,1,1,1,1,-1,1,1,1,1,1,-1,1,1,1,1,-1,1,-1,-1,1,1,1,1,1,1,1,1,1,1,1,1,1,1,-1,1,1,1,1,1,1,-1,1,1,1,1,1,1,-1,1,-1,-1,1,-1,1,1,-1,1,1,1,1,1,1,-1,1,-1,1,1,-1,-1,-1,1,-1,-1,-1,1,1,-1,1,-1,1,-1,1,-1,1,-1,1,1,1,1,-1,1,-1,1,1,-1,1,-1,-1,-1,-1,1,1,1,1,-1,-1,1,-1,1,1,-1,-1,1,-1,-1,1,-1,1,-1,1,-1,1,-1,1,-1,-1,1,1,-1,1,-1,1,-1,-1,1,-1,1,1,-1,-1,-1,1,-1,-1,1,1,-1,-1,-1,-1,1,1,-1,1,-1,1,-1,1,1,1,-1,1,1,-1,1,1,-1,-1,1,1,-1,1,-1,1,-1,1,-1,1,1,-1,1,-1,1,-1,-1,1,-1,-1,-1,1,-1,-1,1,-1,1,-1,1,-1,-1,1,-1,-1,1,-1,1,-1,-1,1,1,-1,1,1,-1,-1,1,1,-1,1,-1,-1,-1,1,1,1,-1,1,-1,-1,1,1,-1,-1,1,1,-1,1,1,1,1,1,1,-1,1,1,1,-1,-1,1,1,-1,1,1,-1,1,-1,1,-1,1,-1,-1,-1,1,-1,-1,1,-1,-1,-1,1,1,-1,1,1,-1,-1,1,1,-1,-1,1,-1,-1,-1,-1,-1,-1,1,-1,-1,-1,-1,-1,-1,1,-1,-1,1,1,1,1,1,-1,-1,1,1,-1,-1,1,-1,-1,-1,1,-1,-1,1,1,-1,1,1,1,-1,1,1,-1,-1,1,-1,-1,-1,1,-1,-1,1,-1,1,1,-1,-1,1,1,-1,1,1,-1,1,1,-1,1,1,1,1,-1,1,1,-1,-1,1,1,-1,1,1,1,-1,1,1,-1,-1,1,1,1,1,1,-1,1,1,-1,-1,1,1,-1,-1,1,1,-1,1,1,-1,-1,1,1,-1,1,1,-1,-1,-1,1,-1,1,1,-1,-1,1,1,-1,1,1,-1,-1,-1,1,-1,-1,-1,1,-1,1,-1,-1,1,-1,-1,-1,1,1,-1,1,1,-1,-1,1,1,-1,1,-1,-1,1,-1,1,-1,1,1,-1,-1,1,-1,-1,-1,1,-1,-1,1,-1,-1,-1,1,-1,1,-1,1,-1,-1,-1,1,-1,1,-1,-1,-1,1,-1,1,-1,-1,-1,-1,-1,-1,-1,1,-1,-1,-1,1,1,-1,1,-1,-1,-1,1,-1,-1,1,-1,-1,-1,-1,-1,1,1,-1,-1,-1,-1,-1,1,-1,-1,-1,1,-1,-1,1,-1,1,-1,-1,-1,-1,-1,-1,-1,1,-1,-1,-1,1,1,-1,-1,-1,-1,1,-1,-1,-1,-1,-1,-1,-1,1,-1,1,-1,-1,-1,-1,1,-1,1,1,-1,1,-1,-1,1,1,-1,-1,-1,-1,-1,-1,1,1,-1,-1,1,-1,1,1,-1,-1,-1,-1,-1,1,1,-1,-1,-1,1,-1,1,1,1,-1,-1,-1,1,1,1,-1,-1,1,-1,-1,1,1,1,-1,-1,-1,-1,1,1,-1,1,-1,-1,-1,1,1,1,1,1,-1,-1,1,1,1,-1,1,-1,-1,1,1,1,1,1,-1,-1,1,1,1,-1,1,-1,-1,1,-1,1,1,1,-1,-1,-1,1,-1,1,1,-1,-1,1,1,1,1,1,-1,-1,1,1,1,1,1,-1,-1,-1,1,1,1,1,-1,1,-1,1,1,1,-1,-1,1,-1,1,1,1,1,-1,1,-1,1,1,-1,1,-1,-1,-1,1,1,1,-1,1,-1,-1,1,1,1,1,-1,-1,-1,1,1,1,1,1,-1,-1,-1,1,1,-1,1,-1,-1,1,1,1,-1,1,-1,1,-1,-1,1,1,1,1,-1,-1,1,1,1,1,1,1,-1,-1,1,-1,1,-1,-1,1,1,1,1,1,-1,-1,-1,1,1,1,1,1,-1,1,1,-1,1,1,-1,1,-1,-1,1,1,1,-1,-1,1,1,-1,1,1,-1,1,1,1,1,1,1,-1,1,1,1,1,1,1,-1,-1,-1,1,1,1,1,-1,1,1,1,1,-1,1,-1,1,1,1,-1,1,1,-1,-1,1,1,-1,1,1,1,-1,1,1,-1,1,1,-1,-1,1,-2658.0,1,2000,445,500,True
2407,1,1,1,1,1,1,-1,1,1,-1,-1,1,-1,1,1,1,1,-1,1,1,-1,1,1,-1,-1,1,-1,-1,1,1,-1,-1,1,1,-1,1,-1,1,-1,-1,1,-1,1,1,-1,-1,-1,-1,1,1,1,-1,1,-1,1,-1,1,-1,1,-1,-1,1,1,1,1,1,-1,-1,-1,-1,1,-1,1,1,-1,-1,-1,1,1,-1,-1,1,1,-1,-1,1,1,-1,-1,1,-1,1,-1,1,-1,-1,-1,1,-1,1,1,1,-1,-1,1,-1,-1,1,1,-1,-1,1,-1,-1,1,1,-1,-1,1,-1,-1,1,1,-1,-1,1,-1,-1,1,1,-1,-1,-1,-1,-1,1,1,-1,-1,-1,-1,-1,1,1,1,-1,1,-1,-1,-1,1,-1,-1,-1,1,-1,-1,1,-1,-1,-1,-1,-1,-1,1,1,-1,-1,1,-1,1,1,-1,-1,-1,-1,-1,1,1,-1,-1,1,1,-1,1,1,-1,-1,-1,-1,-1,-1,1,-1,1,-1,1,-1,1,1,-1,1,-1,1,-1,1,1,-1,-1,-1,1,-1,1,1,1,1,-1,1,-1,1,1,-1,-1,-1,1,1,-1,1,-1,-1,1,1,1,-1,1,-1,-1,-1,1,-1,-1,1,-1,1,-1,1,1,-1,1,-1,1,-1,1,-1,1,1,-1,1,-1,1,-1,-1,1,1,-1,-1,1,1,1,1,1,-1,-1,1,1,1,1,1,-1,-1,1,1,1,1,1,-1,-1,1,1,1,1,1,1,-1,1,1,-1,1,1,1,-1,1,1,1,1,1,1,-1,1,-1,1,-1,1,1,-1,1,1,1,1,-1,1,-1,1,-1,1,1,1,1,-1,1,1,1,1,1,-1,1,1,1,1,1,1,-1,-1,1,1,1,1,1,-1,1,1,1,1,-1,1,1,-1,1,1,1,1,1,-1,1,1,1,1,1,1,-1,1,-1,1,1,1,1,-1,1,-1,1,1,1,1,-1,1,-1,1,-1,-1,1,-1,1,1,-1,1,1,1,1,-1,1,-1,1,-1,1,-1,1,-1,-1,1,-1,-1,-1,1,1,1,1,-1,1,-1,1,-1,1,-1,1,1,1,1,-1,1,-1,1,1,-1,1,-1,-1,-1,-1,1,1,1,1,-1,-1,1,1,1,1,-1,-1,1,-1,-1,1,-1,1,-1,1,-1,1,1,1,-1,-1,1,1,-1,1,-1,1,-1,-1,1,-1,1,1,-1,-1,-1,1,-1,-1,1,1,-1,-1,1,-1,1,1,-1,1,-1,1,-1,-1,1,1,-1,1,1,-1,1,1,-1,-1,1,1,-1,1,-1,1,-1,1,-1,-1,1,-1,1,-1,1,-1,-1,1,-1,-1,-1,1,-1,-1,1,-1,1,-1,1,-1,-1,1,-1,-1,1,-1,1,-1,1,1,1,-1,1,1,-1,-1,1,1,-1,1,-1,-1,1,1,1,1,1,1,-1,-1,1,1,-1,1,1,-1,-1,1,1,1,1,1,1,-1,1,1,1,-1,1,1,1,-1,1,1,-1,1,-1,1,1,-1,1,-1,-1,1,-1,-1,1,-1,-1,-1,1,1,-1,1,1,-1,-1,1,1,-1,-1,1,-1,-1,-1,-1,-1,-1,1,-1,-1,-1,-1,-1,-1,1,-1,-1,1,1,1,1,1,-1,1,1,1,-1,-1,1,-1,1,-1,1,-1,-1,1,1,-1,1,1,1,-1,1,1,-1,-1,1,-1,-1,-1,1,-1,-1,1,-1,1,1,-1,-1,1,1,-1,1,1,-1,-1,1,-1,1,1,1,1,-1,1,1,-1,-1,1,1,-1,1,1,1,-1,1,1,-1,-1,1,1,1,1,1,-1,1,1,-1,-1,1,1,-1,-1,1,1,-1,1,1,-1,-1,1,1,-1,1,1,-1,-1,-1,1,-1,1,1,-1,-1,1,1,-1,1,1,1,-1,1,-1,-1,-1,-1,1,-1,1,-1,-1,1,-1,-1,-1,1,1,-1,-1,1,-1,-1,1,1,-1,1,-1,-1,1,-1,-1,-1,-1,1,-1,-1,1,-1,1,-1,1,-1,-1,1,-1,1,-1,1,-1,1,-1,1,-1,-1,-1,1,-1,-1,-1,1,-1,1,-1,1,-1,-1,1,-1,-1,-1,1,-1,-1,1,-1,1,1,-1,1,-1,1,-1,1,-1,-1,1,-1,1,-1,-1,-1,1,1,-1,-1,-1,-1,-1,1,-1,-1,-1,1,-1,-1,1,-1,1,1,-1,-1,-1,-1,-1,-1,1,-1,-1,-1,1,1,-1,1,-1,-1,1,-1,-1,-1,1,-1,-1,-1,1,-1,1,1,1,-1,-1,1,-1,1,1,-1,1,-1,-1,1,1,1,-1,-1,-1,-1,-1,1,-1,-1,-1,1,-1,1,1,1,1,1,-1,-1,1,1,1,1,-1,1,-1,1,1,-1,1,-1,-1,1,1,1,1,-1,1,-1,-1,1,1,1,1,-1,-1,-1,1,1,1,-1,-1,-1,-1,1,1,1,1,1,-1,-1,1,1,1,1,1,-1,-1,1,1,-1,1,1,-1,-1,-1,1,-1,1,-1,-1,-1,1,-1,-1,1,1,-1,-1,-1,1,-1,1,1,-1,-1,1,1,-1,1,1,-1,1,1,1,-1,1,1,-1,1,-1,1,1,1,1,-1,1,-1,1,1,1,1,1,-1,1,1,1,1,1,1,1,-1,1,1,-1,1,1,-1,-1,1,-1,1,-1,1,1,-1,1,-1,1,1,-1,1,-1,1,-1,1,1,1,-1,-1,-1,1,1,-1,1,1,-1,-1,-1,1,-1,1,1,-1,-1,-1,1,1,1,-1,-1,-1,1,1,1,1,-1,1,-1,1,1,1,1,1,-1,1,1,1,1,1,-1,-1,-1,-1,1,1,1,1,-1,1,1,-1,1,1,-1,1,-1,-1,1,1,1,-1,-1,1,1,-1,1,1,-1,1,1,1,1,1,1,-1,1,1,1,1,1,1,-1,-1,-1,1,1,1,1,-1,1,1,1,1,1,1,-1,1,1,1,-1,1,1,-1,-1,1,1,-1,1,1,1,-1,1,1,-1,1,1,-1,-1,1,-2658.0,1,2000,445,500,True
2408,-1,-1,1,1,1,1,-1,1,-1,-1,-1,1,-1,-1,-1,-1,1,-1,1,-1,-1,1,-1,-1,-1,1,-1,-1,1,-1,-1,-1,1,-1,-1,1,1,-1,-1,1,-1,-1,1,-1,-1,-1,-1,1,-1,-1,-1,-1,1,1,-1,1,-1,1,-1,-1,-1,1,-1,1,-1,-1,-1,-1,1,-1,1,-1,-1,-1,-1,1,1,1,-1,-1,-1,1,1,-1,-1,-1,-1,-1,1,1,1,-1,-1,-1,-1,1,-1,1,-1,1,-1,-1,1,1,-1,-1,-1,-1,-1,1,1,1,-1,-1,-1,-1,-1,1,1,-1,-1,-1,-1,-1,1,1,-1,-1,1,-1,-1,1,-1,-1,-1,1,-1,-1,1,-1,-1,-1,1,-1,-1,1,1,-1,-1,-1,-1,-1,-1,1,1,-1,1,1,-1,-1,-1,1,-1,-1,-1,-1,1,-1,1,-1,-1,-1,-1,1,-1,-1,-1,1,-1,-1,-1,1,1,-1,-1,-1,-1,-1,-1,-1,-1,1,-1,-1,-1,-1,1,-1,1,-1,-1,1,-1,1,-1,1,-1,-1,-1,-1,1,-1,1,-1,-1,-1,-1,1,-1,1,-1,1,1,-1,1,1,-1,1,-1,-1,-1,1,1,1,-1,1,-1,-1,1,-1,1,-1,1,1,-1,1,1,1,-1,-1,1,-1,1,-1,-1,-1,1,-1,-1,1,-1,1,-1,1,-1,-1,1,1,-1,-1,1,-1,1,1,1,-1,-1,1,-1,1,1,1,1,-1,1,-1,-1,1,1,1,-1,1,1,-1,1,1,-1,-1,-1,1,1,1,1,-1,-1,1,1,-1,1,1,1,-1,-1,1,1,1,1,1,-1,1,1,1,1,-1,1,-1,1,-1,1,1,1,1,-1,1,-1,1,1,1,-1,-1,1,1,-1,1,1,-1,1,-1,-1,1,1,1,-1,1,1,1,-1,1,1,1,1,1,-1,1,1,1,1,1,1,-1,1,-1,1,-1,1,1,-1,1,-1,1,1,-1,1,-1,1,-1,1,1,1,1,-1,1,1,-1,1,-1,1,-1,-1,1,-1,1,-1,1,-1,1,-1,-1,1,1,1,-1,1,1,1,1,-1,1,-1,1,-1,1,1,-1,1,1,1,-1,1,1,-1,1,-1,1,-1,-1,1,-1,1,1,-1,1,-1,1,1,-1,1,-1,-1,-1,1,1,-1,1,-1,1,-1,-1,1,-1,1,-1,-1,-1,1,1,-1,1,-1,1,-1,-1,1,-1,1,-1,-1,-1,-1,1,-1,-1,1,1,-1,-1,1,-1,1,1,-1,1,-1,1,-1,1,-1,1,-1,-1,-1,1,-1,-1,-1,1,-1,1,-1,1,-1,1,-1,-1,-1,1,1,-1,1,-1,-1,-1,-1,-1,-1,-1,1,-1,-1,1,-1,1,1,1,1,-1,-1,1,-1,-1,1,-1,-1,-1,-1,-1,1,-1,1,-1,-1,-1,-1,1,-1,1,-1,-1,1,-1,1,1,1,-1,-1,-1,-1,1,-1,1,-1,-1,-1,-1,1,1,-1,1,1,-1,1,1,1,1,1,1,1,-1,1,1,-1,1,-1,1,-1,-1,1,-1,-1,1,-1,-1,1,-1,-1,-1,1,1,-1,1,1,-1,-1,1,1,-1,-1,1,-1,-1,-1,-1,-1,1,1,-1,-1,-1,-1,-1,1,1,-1,-1,1,1,1,-1,1,-1,1,1,1,-1,1,1,-1,-1,-1,1,-1,-1,1,1,-1,1,1,1,1,1,1,-1,-1,1,-1,1,1,1,-1,-1,1,-1,1,1,-1,-1,1,1,-1,1,1,-1,1,1,-1,1,1,1,1,-1,1,-1,-1,1,1,1,-1,1,-1,1,1,1,1,-1,-1,1,1,1,1,1,-1,1,1,-1,1,1,1,-1,-1,1,1,1,-1,1,-1,-1,1,-1,1,1,1,-1,-1,-1,1,1,1,1,-1,-1,1,1,1,1,-1,1,-1,1,-1,1,-1,-1,1,-1,1,-1,1,1,-1,1,-1,1,1,1,-1,-1,-1,-1,1,-1,1,1,-1,1,-1,1,-1,1,-1,1,-1,-1,1,-1,1,1,-1,1,-1,1,-1,1,1,-1,-1,-1,1,-1,1,1,-1,1,1,1,1,1,-1,1,1,-1,1,1,1,1,-1,1,-1,-1,-1,1,1,-1,1,1,-1,1,1,1,-1,1,1,-1,1,1,1,1,1,-1,-1,1,1,1,1,1,-1,1,-1,1,1,1,1,-1,-1,1,1,1,1,1,1,-1,1,-1,1,1,1,-1,1,1,1,1,1,1,1,-1,1,1,-1,1,1,-1,1,1,1,1,1,1,-1,1,1,1,1,1,1,1,-1,1,1,1,1,1,-1,-1,1,-1,1,1,1,-1,1,1,-1,1,1,-1,-1,1,1,1,1,1,1,-1,1,1,-1,1,1,-1,1,1,1,1,1,1,-1,1,1,-1,1,1,-1,1,-1,1,1,-1,1,-1,-1,-1,1,1,-1,1,-1,1,-1,1,1,1,1,1,-1,-1,1,1,-1,1,1,-1,-1,1,1,-1,1,-1,-1,-1,1,-1,1,-1,1,-1,1,1,1,-1,-1,1,-1,-1,1,1,-1,-1,1,-1,1,1,1,1,-1,1,-1,1,-1,1,-1,1,1,-1,1,-1,1,-1,-1,-1,-1,1,-1,1,-1,1,1,1,1,-1,1,-1,-1,1,1,-1,-1,1,1,-1,-1,1,1,-1,1,1,-1,1,-1,1,-1,1,1,-1,1,1,-1,-1,-1,1,-1,1,-1,1,-1,1,1,-1,1,1,1,-1,1,1,-1,-1,1,-1,-1,1,1,-1,1,1,-1,1,1,1,1,1,-1,1,-1,1,-1,1,1,-1,1,-1,1,-1,-1,1,-1,1,1,1,-1,1,1,1,-1,1,1,1,1,1,-1,1,1,1,1,-1,1,-1,-1,1,1,1,1,1,-1,-1,1,1,1,1,1,1,-1,1,1,1,1,1,1,-1,1,1,-1,-1,1,-1,-1,1,1,1,1,1,1,-1,1,1,1,-1,1,-1,1,-1,1,1,-1,1,1,-1,1,1,-2658.0,1,2000,445,500,True
2409,-1,-1,1,1,1,1,-1,1,-1,-1,-1,1,-1,-1,-1,-1,1,-1,1,-1,-1,1,-1,-1,-1,1,-1,-1,-1,-1,-1,-1,1,-1,-1,1,1,-1,-1,1,-1,-1,1,-1,-1,-1,-1,1,-1,-1,-1,-1,1,1,-1,1,-1,1,-1,-1,-1,1,-1,1,-1,-1,-1,-1,1,-1,1,-1,-1,-1,-1,1,1,1,-1,-1,-1,1,1,-1,-1,-1,-1,-1,1,1,1,-1,-1,-1,-1,1,-1,1,-1,1,-1,-1,1,1,-1,-1,-1,-1,-1,1,1,1,-1,-1,-1,-1,-1,1,1,-1,-1,-1,-1,-1,1,1,-1,-1,1,-1,-1,1,-1,-1,-1,1,-1,-1,1,-1,-1,-1,1,-1,-1,1,1,-1,-1,-1,-1,-1,-1,1,1,-1,1,1,-1,-1,-1,1,-1,-1,-1,-1,1,-1,1,-1,-1,-1,-1,1,-1,-1,-1,1,-1,-1,-1,1,1,-1,-1,-1,-1,-1,-1,-1,-1,1,-1,-1,-1,-1,1,-1,1,-1,-1,1,-1,1,-1,1,-1,-1,-1,-1,1,-1,1,-1,1,-1,-1,1,-1,1,-1,1,-1,-1,1,1,-1,1,-1,-1,-1,1,-1,-1,1,-1,-1,-1,1,-1,1,-1,1,1,-1,1,1,-1,1,-1,1,-1,1,-1,-1,1,1,-1,-1,1,-1,1,-1,1,-1,-1,1,1,1,1,1,-1,1,1,1,-1,1,1,-1,1,1,1,1,1,1,-1,-1,1,1,1,1,1,1,-1,1,-1,1,1,-1,1,1,1,1,1,1,1,1,-1,1,1,1,-1,1,1,1,1,1,1,1,1,1,1,1,-1,1,1,1,-1,1,1,1,1,1,1,-1,1,1,1,1,1,1,1,-1,1,1,1,1,-1,-1,1,1,1,-1,1,1,1,-1,1,1,1,1,1,-1,1,-1,1,1,1,1,-1,1,1,1,1,1,1,-1,1,1,1,-1,1,1,1,1,1,1,-1,-1,1,-1,1,-1,1,-1,1,1,-1,-1,-1,1,1,-1,1,-1,1,1,-1,-1,-1,-1,-1,1,1,1,-1,1,1,-1,1,1,-1,-1,1,1,-1,1,1,-1,-1,1,-1,1,1,1,-1,-1,-1,1,1,1,-1,-1,-1,1,-1,-1,1,1,1,1,-1,-1,1,-1,1,-1,-1,1,-1,-1,1,1,-1,1,1,-1,1,-1,-1,1,-1,1,-1,-1,-1,-1,-1,-1,1,-1,-1,1,-1,1,-1,1,-1,1,-1,-1,1,-1,1,-1,-1,1,-1,1,-1,1,-1,-1,-1,1,1,1,1,-1,-1,1,1,-1,1,-1,1,-1,1,1,-1,1,-1,-1,-1,-1,1,-1,1,-1,1,-1,1,-1,1,1,-1,-1,1,-1,1,1,-1,1,-1,-1,-1,-1,-1,1,1,-1,-1,-1,1,-1,1,-1,-1,-1,-1,-1,1,1,1,-1,-1,-1,-1,1,1,1,1,-1,-1,-1,-1,-1,1,1,-1,1,-1,1,1,1,-1,1,-1,1,1,-1,-1,1,1,1,-1,1,-1,1,-1,1,1,1,-1,-1,-1,1,-1,1,1,1,-1,-1,-1,1,1,-1,1,-1,-1,-1,1,1,1,1,-1,-1,1,1,1,1,1,-1,-1,-1,-1,1,-1,1,-1,1,-1,-1,1,1,1,-1,-1,1,1,-1,-1,1,1,-1,-1,-1,-1,1,1,1,-1,-1,1,-1,1,1,1,-1,-1,1,-1,1,1,-1,-1,-1,-1,-1,1,1,-1,1,-1,-1,1,1,1,1,-1,1,-1,-1,1,1,-1,1,1,-1,1,1,1,1,-1,-1,1,1,1,1,1,-1,1,1,-1,1,1,1,-1,-1,1,1,1,-1,1,-1,1,1,-1,1,1,1,-1,-1,1,1,1,1,1,-1,-1,1,1,1,1,-1,1,-1,1,-1,1,-1,-1,1,-1,1,-1,1,1,-1,-1,1,-1,1,1,-1,1,-1,1,1,-1,1,1,-1,-1,1,-1,-1,1,-1,1,-1,1,1,-1,1,1,1,-1,1,1,-1,1,1,-1,-1,1,1,-1,1,1,1,-1,-1,1,-1,1,-1,-1,-1,1,-1,-1,1,1,-1,-1,1,-1,-1,1,1,-1,-1,-1,1,-1,1,1,-1,1,-1,1,-1,1,1,1,1,1,1,-1,1,1,-1,-1,1,-1,-1,1,1,1,-1,1,-1,1,1,1,-1,-1,-1,-1,-1,1,1,-1,-1,1,1,-1,1,1,1,1,-1,-1,-1,1,-1,1,-1,1,1,1,1,1,1,-1,1,-1,1,1,1,1,-1,-1,1,1,1,1,1,1,-1,-1,1,-1,1,1,-1,-1,1,1,-1,1,1,-1,-1,1,1,1,1,1,1,-1,1,1,-1,1,-1,-1,1,1,1,1,1,1,-1,-1,1,1,1,1,-1,1,-1,1,1,-1,1,-1,-1,-1,1,1,-1,1,-1,1,-1,1,1,1,1,1,-1,-1,1,1,-1,1,1,-1,-1,1,1,-1,1,-1,-1,-1,1,-1,1,-1,1,-1,1,1,1,-1,-1,1,-1,-1,1,1,-1,-1,1,-1,1,1,1,1,-1,1,-1,1,-1,1,-1,1,1,-1,1,-1,1,-1,-1,-1,-1,1,1,1,-1,1,1,1,-1,1,1,-1,-1,1,1,1,1,1,1,-1,-1,1,1,1,1,1,-1,1,-1,1,-1,1,1,-1,1,1,-1,1,1,1,-1,1,-1,1,1,1,1,-1,1,1,1,-1,1,1,-1,-1,1,-1,-1,1,1,-1,1,1,-1,-1,1,1,1,1,-1,1,1,1,-1,1,1,-1,1,1,1,-1,-1,1,-1,-1,1,1,-1,1,1,1,-1,-1,1,1,1,1,-1,-1,1,1,1,-1,1,-1,-1,-1,1,1,1,1,-1,-1,1,1,1,1,1,1,-1,1,1,1,1,1,1,-1,1,1,-1,-1,1,-1,-1,1,-1,1,1,1,1,-1,-1,1,1,-1,1,-1,1,-1,1,1,-1,1,1,-1,-1,1,-2658.0,1,2000,445,500,True
2410,-1,-1,1,1,1,1,-1,1,-1,-1,1,-1,1,1,-1,-1,1,1,-1,-1,1,1,-1,-1,1,-1,-1,-1,-1,-1,-1,-1,1,-1,-1,1,1,-1,-1,1,-1,-1,1,-1,-1,-1,1,-1,1,-1,-1,-1,1,1,-1,-1,-1,1,-1,1,-1,-1,-1,1,-1,1,-1,-1,-1,-1,1,-1,1,1,1,-1,-1,1,-1,-1,1,-1,-1,-1,-1,-1,-1,1,-1,-1,-1,-1,-1,1,1,-1,-1,1,-1,1,1,1,-1,-1,1,-1,-1,1,1,-1,-1,1,-1,-1,1,1,-1,-1,1,-1,-1,1,1,1,-1,-1,-1,-1,1,1,1,-1,1,-1,-1,1,1,1,-1,-1,-1,-1,1,1,1,-1,1,-1,-1,-1,1,1,-1,-1,1,-1,1,1,1,-1,1,-1,-1,-1,1,1,-1,1,1,-1,1,1,-1,-1,1,-1,-1,1,1,-1,1,-1,1,-1,1,1,-1,1,1,-1,-1,-1,1,1,1,1,1,-1,1,1,-1,1,1,1,-1,1,1,1,-1,1,1,-1,1,1,-1,1,1,1,-1,1,1,1,1,1,1,1,-1,1,-1,-1,1,1,-1,-1,1,1,-1,1,1,-1,-1,1,-1,1,1,1,1,-1,1,1,-1,1,1,-1,1,1,-1,1,1,1,-1,-1,1,-1,1,-1,1,1,1,1,-1,1,-1,1,1,1,1,-1,1,-1,1,1,1,1,-1,-1,1,1,1,1,1,1,-1,1,1,-1,-1,1,1,-1,-1,1,1,1,1,-1,1,-1,1,1,1,-1,1,-1,-1,1,1,1,1,-1,1,-1,1,-1,1,1,1,1,-1,1,1,1,1,1,-1,-1,1,1,1,1,1,1,1,1,1,1,1,1,-1,1,1,1,-1,1,1,-1,1,1,1,-1,1,1,1,-1,1,-1,1,1,1,1,-1,1,1,-1,1,1,1,-1,1,1,-1,1,1,-1,-1,1,1,1,-1,1,1,-1,-1,1,-1,1,1,1,1,-1,1,1,-1,1,1,-1,1,1,-1,-1,-1,-1,-1,1,1,-1,1,1,-1,-1,1,-1,1,-1,1,1,-1,1,-1,1,1,1,-1,-1,1,1,1,-1,1,-1,-1,-1,1,-1,1,-1,-1,1,1,1,-1,-1,-1,-1,1,1,1,-1,1,-1,-1,1,1,1,1,-1,-1,-1,1,-1,1,-1,1,-1,-1,-1,1,1,1,1,-1,-1,1,-1,1,1,-1,-1,-1,-1,1,-1,1,-1,-1,-1,1,-1,1,-1,-1,-1,-1,-1,1,1,-1,1,-1,-1,1,-1,1,-1,-1,1,-1,1,-1,1,-1,-1,1,-1,-1,1,1,-1,-1,1,-1,1,-1,1,1,-1,-1,1,-1,1,-1,1,-1,-1,1,-1,-1,-1,1,-1,-1,1,-1,1,-1,1,-1,-1,1,-1,-1,1,1,-1,-1,-1,1,-1,1,1,-1,1,-1,1,-1,-1,1,1,1,-1,1,-1,1,-1,1,-1,1,-1,1,1,-1,-1,1,-1,1,-1,1,-1,1,-1,1,1,1,-1,-1,-1,1,-1,1,1,1,-1,-1,-1,1,1,-1,1,-1,-1,-1,1,1,1,1,-1,-1,1,1,1,1,1,-1,-1,-1,-1,1,-1,1,-1,1,-1,-1,1,1,1,-1,1,1,-1,1,-1,1,1,-1,-1,-1,-1,1,1,1,-1,-1,-1,1,1,1,1,-1,-1,-1,-1,1,1,-1,-1,-1,-1,-1,1,1,-1,1,-1,1,1,1,1,1,-1,-1,-1,-1,1,1,-1,1,-1,-1,1,1,1,1,-1,1,-1,-1,1,1,1,-1,1,-1,1,1,1,1,-1,-1,-1,-1,1,-1,1,-1,1,-1,1,1,1,1,1,-1,1,-1,1,1,1,-1,-1,-1,1,1,1,-1,1,-1,1,-1,1,-1,-1,1,-1,1,-1,-1,1,-1,-1,1,-1,1,1,-1,1,-1,1,-1,1,-1,1,-1,1,-1,1,-1,1,-1,1,-1,1,-1,-1,1,-1,1,-1,1,-1,1,1,-1,1,-1,1,1,-1,1,-1,-1,1,1,1,1,1,-1,1,-1,-1,1,1,1,-1,-1,-1,1,-1,1,1,-1,1,1,-1,1,1,1,-1,1,-1,-1,1,1,1,-1,-1,-1,1,-1,1,-1,-1,-1,-1,-1,1,-1,-1,1,-1,-1,1,-1,1,-1,-1,-1,-1,-1,1,1,1,-1,-1,-1,1,1,1,-1,-1,-1,1,-1,-1,1,-1,-1,-1,-1,1,1,1,1,-1,-1,-1,1,-1,1,-1,-1,1,-1,-1,1,1,1,-1,-1,-1,-1,-1,1,-1,-1,-1,1,-1,1,1,-1,-1,-1,1,-1,1,1,-1,-1,1,-1,-1,1,1,1,-1,1,-1,1,1,1,-1,-1,1,-1,-1,1,1,1,-1,1,-1,-1,1,1,-1,1,1,-1,-1,1,1,1,1,1,-1,-1,1,-1,1,1,1,-1,-1,1,1,1,1,1,1,-1,1,1,1,-1,1,-1,-1,1,-1,1,1,1,1,-1,-1,1,-1,1,1,1,-1,1,1,1,1,-1,1,-1,1,1,1,1,1,1,-1,1,-1,1,1,1,-1,1,1,1,1,1,1,-1,1,-1,1,1,1,-1,-1,1,1,1,1,-1,1,-1,-1,1,-1,1,1,-1,1,-1,1,1,1,1,-1,-1,-1,1,1,1,1,-1,-1,1,1,-1,1,1,-1,1,-1,1,-1,1,1,-1,1,-1,1,-1,1,1,1,1,1,1,1,1,1,-1,-1,1,-1,1,1,1,-1,1,-1,1,1,1,-1,-1,1,-1,1,-1,1,1,-1,1,1,1,1,1,-1,-1,-1,1,-1,-1,-1,-1,-1,1,-1,1,1,1,-1,1,1,1,-1,1,1,1,-1,1,1,1,1,1,1,-1,1,1,1,1,1,1,-1,-1,1,-1,1,1,1,-1,1,1,1,-1,-1,-1,-1,1,1,1,1,1,-1,-1,-1,1,1,1,-1,1,-1,1,-1,1,1,-2658.0,1,2000,445,1000,True
2411,1,1,1,1,1,1,-1,1,1,-1,-1,1,-1,1,1,1,1,-1,1,1,-1,1,1,-1,-1,1,-1,-1,1,1,1,-1,1,1,-1,1,-1,1,-1,-1,1,-1,1,1,1,-1,-1,-1,1,-1,1,-1,1,-1,1,-1,1,-1,1,-1,-1,1,1,-1,1,1,1,-1,-1,-1,1,-1,1,1,-1,-1,-1,1,1,1,1,1,1,-1,-1,1,1,-1,-1,1,-1,1,-1,1,-1,-1,-1,1,-1,-1,1,1,-1,-1,1,-1,-1,1,1,-1,-1,1,-1,-1,1,1,-1,-1,1,-1,-1,1,1,-1,-1,1,-1,-1,1,1,-1,-1,-1,-1,-1,1,1,1,-1,-1,-1,-1,-1,1,1,-1,1,-1,-1,-1,1,-1,-1,-1,1,-1,-1,1,1,-1,1,1,-1,-1,1,1,-1,1,1,-1,1,1,-1,-1,-1,-1,-1,1,1,-1,-1,1,1,-1,1,1,-1,-1,-1,-1,-1,-1,1,-1,1,-1,1,-1,-1,1,-1,1,-1,1,-1,-1,1,-1,-1,1,1,-1,1,1,1,-1,1,1,1,1,1,-1,-1,-1,1,1,-1,1,-1,-1,1,1,-1,-1,1,-1,-1,-1,1,1,-1,1,-1,1,-1,1,1,-1,1,-1,1,-1,1,1,1,1,1,1,-1,1,1,-1,1,1,-1,-1,1,-1,1,1,1,-1,-1,1,-1,1,1,1,-1,-1,1,-1,1,1,1,-1,-1,1,1,-1,1,1,1,-1,1,1,1,1,1,-1,-1,1,-1,1,1,1,1,-1,1,1,1,1,1,1,-1,1,-1,-1,1,-1,1,-1,-1,1,-1,1,1,1,-1,1,-1,-1,1,1,-1,-1,1,-1,1,1,1,1,-1,1,-1,1,1,1,-1,1,1,-1,-1,1,1,-1,-1,1,-1,1,1,1,1,1,1,-1,1,1,1,1,1,-1,-1,1,1,1,1,1,-1,-1,-1,1,1,1,1,-1,-1,1,-1,1,-1,1,1,-1,-1,1,1,1,1,1,-1,-1,1,1,1,-1,-1,1,-1,-1,-1,-1,1,1,-1,-1,1,1,-1,1,1,-1,-1,1,1,1,1,1,-1,1,1,1,-1,1,-1,-1,-1,-1,1,1,1,1,-1,-1,1,-1,1,1,-1,-1,-1,-1,-1,1,-1,-1,-1,1,-1,1,-1,1,1,-1,1,1,-1,1,-1,1,-1,-1,1,-1,1,-1,1,1,-1,1,-1,-1,1,1,-1,-1,1,-1,1,1,1,-1,-1,1,-1,1,-1,1,-1,1,1,-1,1,-1,-1,-1,1,1,-1,1,-1,-1,-1,1,-1,1,1,-1,-1,-1,1,-1,-1,1,-1,-1,-1,1,-1,1,-1,-1,-1,-1,1,-1,-1,1,-1,-1,-1,-1,1,-1,1,-1,-1,-1,1,1,-1,-1,-1,1,-1,1,-1,-1,1,-1,-1,1,-1,1,-1,-1,1,-1,1,-1,1,1,-1,1,-1,-1,1,1,1,-1,1,-1,1,-1,-1,1,1,-1,1,1,-1,1,-1,-1,1,-1,1,-1,-1,1,-1,1,1,-1,-1,-1,1,1,1,-1,1,-1,-1,1,-1,1,-1,1,-1,-1,-1,1,1,-1,1,-1,-1,-1,-1,1,-1,1,-1,-1,1,1,1,1,1,-1,-1,-1,1,1,-1,1,-1,-1,-1,-1,1,-1,1,1,-1,1,-1,-1,-1,1,-1,1,1,1,1,-1,-1,1,-1,1,-1,1,1,1,-1,1,1,1,-1,1,1,-1,-1,1,1,1,1,1,-1,1,1,1,-1,-1,1,-1,1,1,1,1,-1,1,1,1,1,1,-1,1,1,-1,1,1,1,1,-1,1,1,1,1,1,1,-1,1,1,1,1,1,1,-1,1,1,-1,1,-1,1,-1,1,1,1,1,1,1,-1,1,1,1,1,1,1,-1,1,-1,1,1,1,-1,-1,1,-1,1,1,1,1,-1,1,1,1,1,1,1,-1,1,-1,-1,1,-1,1,-1,1,1,-1,1,1,-1,-1,-1,1,-1,1,1,-1,1,-1,1,-1,1,-1,1,-1,-1,-1,-1,1,-1,-1,-1,-1,1,1,-1,-1,-1,1,-1,-1,-1,1,-1,-1,1,-1,1,-1,-1,1,-1,1,-1,1,-1,-1,1,-1,1,-1,-1,-1,1,1,-1,-1,-1,-1,-1,1,-1,-1,-1,1,-1,-1,1,-1,1,-1,-1,-1,-1,-1,-1,-1,1,-1,-1,-1,1,1,-1,1,-1,-1,1,-1,-1,-1,1,-1,-1,-1,1,-1,1,1,1,-1,-1,1,-1,1,1,-1,1,-1,-1,1,1,1,-1,-1,-1,-1,-1,1,-1,1,-1,1,-1,1,1,1,1,-1,-1,-1,1,1,1,1,-1,1,-1,1,1,-1,1,-1,-1,1,1,1,1,-1,1,-1,-1,1,1,1,1,-1,-1,-1,1,1,1,1,-1,-1,-1,1,1,1,1,1,-1,-1,1,1,1,1,1,-1,-1,1,1,-1,1,1,-1,-1,1,1,-1,1,-1,-1,-1,1,-1,1,1,1,-1,-1,-1,1,-1,1,1,-1,-1,1,1,-1,1,1,-1,-1,1,1,-1,1,1,-1,-1,-1,1,1,1,1,-1,1,-1,1,1,1,-1,-1,1,-1,1,1,1,1,-1,1,-1,1,1,-1,1,-1,-1,-1,1,-1,1,-1,1,-1,-1,1,-1,1,1,-1,-1,-1,1,-1,1,1,-1,-1,-1,-1,1,1,-1,1,-1,-1,-1,-1,1,-1,1,-1,-1,1,-1,1,1,1,1,-1,-1,1,1,1,1,1,1,1,1,1,-1,1,-1,-1,1,1,1,1,1,-1,-1,-1,-1,1,1,1,-1,1,1,1,-1,1,1,-1,1,-1,-1,1,1,1,-1,1,1,1,-1,1,1,-1,1,1,1,1,1,1,-1,1,1,1,1,1,1,-1,1,1,1,1,1,1,-1,1,1,1,1,-1,1,-1,1,1,1,-1,1,1,-1,-1,1,1,-1,1,1,1,-1,1,1,-1,1,1,-1,-1,1,-2658.0,1,2000,445,500,True
2412,1,1,-1,-1,1,1,-1,1,1,1,1,-1,-1,1,1,1,-1,1,-1,-1,-1,1,1,1,1,1,-1,-1,1,1,1,1,-1,-1,-1,1,-1,1,1,1,-1,-1,1,1,1,1,1,1,-1,-1,1,1,1,1,-1,-1,1,-1,1,1,1,-1,-1,-1,1,1,1,1,1,-1,1,-1,1,1,1,1,-1,1,-1,1,1,-1,1,-1,-1,1,1,1,1,-1,-1,1,-1,1,1,1,1,1,-1,1,1,1,1,1,1,-1,-1,1,1,1,1,-1,-1,-1,1,1,1,1,1,-1,-1,1,1,1,1,-1,-1,-1,1,1,1,1,1,-1,-1,1,1,1,1,1,-1,-1,1,1,1,1,1,-1,-1,-1,1,1,1,1,1,-1,1,1,1,1,1,1,-1,-1,1,1,1,1,1,-1,1,1,1,1,1,-1,-1,1,1,1,1,-1,1,-1,1,1,1,1,1,-1,-1,-1,1,1,1,1,1,-1,-1,1,-1,1,1,1,-1,-1,1,1,1,1,1,-1,1,1,-1,1,1,1,-1,1,1,1,1,1,1,1,-1,1,-1,1,1,1,-1,-1,1,1,1,1,1,-1,-1,1,-1,-1,1,1,1,-1,1,1,-1,1,1,-1,1,1,-1,-1,1,1,-1,-1,1,-1,1,-1,1,1,1,1,-1,1,-1,1,1,1,1,-1,1,-1,1,1,1,1,-1,-1,1,1,1,1,1,1,-1,1,1,-1,-1,1,1,1,-1,1,1,1,1,-1,1,-1,1,1,1,-1,1,1,1,-1,1,1,1,-1,-1,1,1,-1,1,1,1,1,-1,1,1,1,1,1,1,1,1,1,1,1,1,-1,-1,1,1,1,1,1,-1,1,1,1,-1,1,1,1,-1,1,1,-1,1,1,-1,1,1,-1,1,1,1,-1,1,1,1,-1,1,1,-1,1,1,1,-1,1,1,-1,1,1,1,1,-1,1,-1,1,1,1,-1,1,1,1,1,1,1,1,-1,1,-1,1,1,1,-1,-1,-1,-1,1,1,1,-1,1,1,-1,1,1,-1,1,1,1,1,1,1,-1,1,1,1,-1,1,1,1,1,-1,1,1,1,-1,1,-1,1,1,1,1,1,1,-1,-1,-1,1,-1,-1,1,-1,1,-1,1,1,1,1,1,-1,-1,1,-1,-1,1,-1,1,-1,1,1,1,1,1,1,-1,-1,1,-1,1,1,-1,-1,1,1,1,-1,1,-1,-1,-1,1,-1,1,-1,-1,-1,1,1,1,1,-1,1,-1,1,-1,-1,1,-1,1,-1,1,-1,-1,1,-1,-1,-1,1,-1,1,1,-1,-1,-1,1,-1,-1,1,1,-1,-1,1,-1,1,-1,1,-1,-1,1,-1,-1,-1,1,-1,-1,-1,-1,1,-1,1,-1,-1,1,-1,-1,1,1,-1,-1,-1,1,-1,1,1,-1,-1,-1,1,-1,-1,1,1,1,-1,1,-1,1,-1,1,1,1,-1,1,1,-1,1,-1,-1,1,1,-1,-1,1,-1,1,1,1,-1,-1,-1,1,-1,1,-1,1,-1,-1,-1,1,1,-1,1,-1,-1,-1,1,1,-1,1,-1,-1,-1,1,1,-1,1,-1,-1,-1,-1,1,1,1,-1,1,-1,-1,1,-1,1,-1,1,1,-1,1,-1,1,1,-1,-1,-1,-1,-1,1,1,-1,1,-1,1,-1,1,1,-1,-1,-1,-1,1,1,-1,-1,-1,-1,-1,1,1,-1,1,-1,1,1,1,1,1,-1,-1,-1,-1,-1,1,-1,1,-1,-1,1,-1,1,1,-1,1,-1,-1,1,1,1,-1,1,-1,1,-1,1,1,-1,1,-1,-1,-1,1,1,-1,1,-1,1,-1,1,1,-1,-1,1,-1,-1,1,1,-1,-1,-1,1,-1,1,1,-1,-1,1,-1,-1,-1,-1,1,-1,1,-1,-1,1,-1,-1,1,-1,1,-1,1,1,-1,1,-1,1,-1,1,-1,1,-1,1,-1,-1,1,1,-1,1,-1,-1,-1,-1,1,-1,1,-1,1,-1,-1,1,-1,1,1,-1,-1,-1,-1,1,1,1,1,-1,-1,1,-1,-1,1,1,-1,-1,-1,-1,1,-1,1,-1,-1,1,1,1,1,1,-1,-1,1,-1,-1,1,1,-1,-1,-1,-1,1,-1,1,-1,-1,-1,-1,-1,1,-1,-1,1,-1,-1,1,-1,1,-1,-1,-1,-1,-1,1,1,1,-1,-1,-1,1,1,1,-1,-1,-1,1,-1,-1,1,1,-1,-1,-1,1,1,1,-1,-1,-1,-1,1,-1,1,-1,-1,1,-1,-1,1,1,-1,-1,-1,-1,-1,-1,1,1,-1,-1,1,-1,1,1,-1,-1,-1,1,-1,1,1,-1,-1,1,-1,-1,1,1,1,-1,1,-1,1,1,1,-1,-1,1,-1,-1,1,1,-1,-1,1,-1,-1,1,1,-1,1,1,-1,-1,1,1,-1,-1,1,-1,-1,1,1,-1,-1,1,-1,-1,1,1,1,-1,-1,1,-1,-1,1,-1,-1,1,-1,-1,1,-1,1,-1,-1,1,-1,-1,1,1,-1,-1,1,-1,1,1,1,-1,-1,1,-1,1,1,1,-1,-1,1,1,-1,1,-1,-1,1,-1,1,-1,1,-1,-1,1,1,-1,1,1,-1,-1,1,1,1,-1,1,-1,1,-1,1,-1,-1,1,1,-1,1,-1,1,-1,1,1,-1,-1,-1,1,-1,1,1,-1,-1,1,-1,-1,-1,1,-1,1,-1,1,-1,-1,1,-1,1,-1,1,-1,-1,1,-1,-1,1,-1,-1,-1,1,-1,-1,-1,-1,1,-1,1,1,-1,1,1,-1,1,1,-1,-1,1,-1,-1,-1,1,-1,-1,1,1,-1,1,1,-1,-1,-1,-1,1,-1,-1,-1,-1,1,-1,-1,1,1,-1,1,1,-1,1,1,1,1,-1,1,-1,1,1,1,-1,-1,1,-1,-1,1,1,-1,-1,1,-1,1,1,1,-1,-1,1,-1,1,1,1,1,-1,1,-1,-1,1,1,-1,-1,-1,1,-1,1,1,1,-1,1,-1,-1,1,-2658.0,1,2000,445,1000,True
2413,1,1,-1,-1,1,-1,-1,1,1,1,1,-1,1,1,1,1,-1,1,-1,-1,1,1,1,1,1,-1,-1,-1,1,1,1,1,-1,-1,-1,1,-1,1,1,1,-1,-1,1,1,1,1,1,-1,1,-1,1,1,-1,1,-1,-1,1,-1,1,1,1,-1,-1,-1,1,1,1,1,-1,-1,1,-1,1,1,1,-1,-1,1,-1,1,1,-1,-1,-1,-1,1,1,1,-1,-1,-1,1,-1,1,1,-1,-1,1,-1,1,1,1,-1,-1,1,-1,-1,1,1,-1,-1,1,-1,-1,1,1,-1,-1,1,-1,-1,1,1,1,-1,-1,-1,-1,-1,1,1,-1,1,-1,-1,1,1,1,-1,-1,-1,-1,-1,1,1,-1,1,-1,-1,1,1,1,-1,-1,1,-1,-1,1,1,-1,1,-1,-1,1,1,1,-1,1,1,-1,1,1,-1,-1,1,-1,-1,1,1,-1,1,-1,1,-1,1,1,-1,1,1,-1,-1,-1,1,1,1,1,1,-1,1,1,-1,1,1,1,-1,-1,1,1,-1,1,1,-1,1,1,1,1,1,1,-1,1,1,-1,1,1,1,1,-1,1,-1,-1,1,1,-1,-1,1,-1,-1,1,1,-1,-1,1,-1,1,1,1,1,-1,1,-1,-1,1,1,-1,1,1,-1,1,1,1,-1,-1,1,-1,1,-1,1,1,1,1,-1,1,-1,1,1,1,1,-1,1,-1,1,1,1,1,1,-1,1,1,1,-1,1,-1,-1,1,1,-1,1,1,1,-1,-1,1,1,1,1,-1,1,-1,1,1,-1,1,-1,-1,-1,1,1,1,1,-1,1,-1,1,-1,1,1,1,1,-1,1,1,1,1,1,1,-1,1,1,1,1,-1,1,1,1,1,1,1,1,-1,1,1,1,-1,1,1,-1,1,1,1,1,1,1,1,-1,1,-1,1,1,1,1,-1,1,1,1,1,1,1,-1,1,1,-1,1,1,-1,-1,1,1,1,-1,1,1,-1,1,1,-1,1,1,1,1,1,1,1,-1,1,1,-1,1,1,-1,-1,-1,-1,-1,1,1,-1,1,1,-1,-1,1,-1,-1,1,1,1,-1,1,-1,1,1,1,-1,-1,1,1,1,-1,1,1,1,-1,1,-1,1,1,1,-1,1,1,-1,-1,-1,1,1,-1,1,-1,1,-1,1,-1,1,1,1,-1,-1,1,1,-1,1,-1,1,-1,1,-1,1,1,1,1,-1,-1,1,-1,1,1,-1,-1,1,-1,1,-1,1,-1,-1,-1,1,-1,1,1,-1,-1,1,1,1,1,-1,1,-1,1,1,1,1,-1,-1,-1,1,1,1,1,-1,-1,-1,1,-1,1,1,1,-1,-1,1,1,-1,1,-1,-1,-1,1,-1,1,1,1,-1,-1,1,-1,-1,1,-1,-1,-1,-1,-1,1,1,-1,-1,-1,1,-1,-1,1,-1,-1,-1,-1,1,-1,1,-1,-1,-1,-1,1,-1,-1,1,1,1,-1,1,-1,1,-1,1,1,1,-1,1,1,-1,-1,-1,-1,1,-1,1,-1,1,-1,1,1,1,-1,-1,-1,-1,-1,1,-1,1,-1,-1,-1,1,1,-1,1,-1,-1,-1,1,1,-1,1,-1,-1,-1,1,1,-1,1,-1,-1,-1,-1,1,1,1,-1,1,-1,-1,1,-1,1,-1,-1,1,-1,1,-1,1,1,-1,-1,-1,-1,-1,1,1,-1,1,-1,-1,-1,1,1,-1,-1,-1,1,1,1,-1,-1,-1,-1,1,1,1,-1,1,-1,1,-1,1,1,1,-1,-1,-1,-1,-1,1,-1,1,-1,-1,1,-1,1,1,-1,1,-1,-1,1,1,1,-1,1,-1,-1,-1,1,1,-1,1,-1,-1,-1,1,1,-1,1,-1,-1,-1,1,1,1,-1,1,-1,-1,1,1,-1,-1,-1,-1,-1,-1,1,1,-1,1,1,-1,1,-1,1,-1,1,1,-1,1,-1,-1,1,-1,1,-1,1,1,-1,1,-1,1,-1,-1,-1,-1,1,-1,1,-1,-1,1,-1,1,1,1,-1,-1,1,-1,1,-1,1,-1,-1,1,-1,1,1,1,-1,-1,-1,-1,1,1,1,-1,-1,1,1,-1,1,1,-1,-1,-1,-1,1,-1,1,-1,-1,1,-1,-1,1,1,-1,-1,1,-1,-1,1,1,-1,-1,-1,-1,1,-1,1,-1,-1,-1,-1,-1,1,-1,-1,1,-1,-1,1,-1,1,-1,-1,-1,-1,-1,1,1,1,-1,-1,-1,1,1,1,-1,-1,-1,1,-1,-1,1,-1,-1,-1,-1,1,1,1,-1,-1,-1,-1,1,-1,1,1,-1,1,-1,-1,1,1,-1,-1,-1,-1,-1,-1,1,1,-1,-1,1,-1,1,1,-1,-1,-1,-1,-1,1,1,-1,-1,-1,1,-1,1,1,1,-1,-1,-1,1,1,1,-1,-1,1,-1,-1,1,1,1,-1,1,-1,-1,1,1,-1,1,-1,1,-1,1,1,1,1,1,1,-1,1,1,-1,1,1,1,-1,1,1,1,1,1,-1,-1,-1,1,1,-1,1,1,-1,1,-1,1,1,1,1,-1,-1,1,-1,1,-1,1,-1,1,1,1,1,-1,1,-1,1,1,1,1,1,1,-1,-1,1,1,1,1,-1,1,-1,1,1,1,1,1,-1,1,1,1,1,-1,-1,1,-1,1,1,-1,1,-1,-1,-1,1,1,1,-1,1,-1,-1,1,1,1,-1,-1,1,-1,1,1,1,-1,-1,1,-1,-1,1,1,-1,1,-1,-1,-1,1,1,-1,1,-1,1,-1,1,1,1,1,1,-1,-1,1,1,-1,-1,1,1,-1,-1,1,-1,1,-1,-1,1,1,-1,-1,1,-1,1,-1,1,1,-1,1,1,-1,1,1,-1,-1,-1,1,-1,-1,-1,-1,-1,1,-1,1,1,1,-1,1,1,1,-1,1,1,1,-1,1,1,-1,1,1,1,-1,1,1,1,1,1,1,-1,-1,1,-1,1,1,1,-1,1,1,-1,1,-1,-1,-1,1,1,1,1,1,-1,-1,-1,1,-1,1,-1,1,-1,1,-1,1,1,-2658.0,1,2000,445,1000,True
2414,1,1,-1,-1,1,-1,-1,1,1,1,1,-1,1,1,1,1,-1,1,-1,-1,-1,1,1,1,1,-1,1,-1,1,1,1,1,-1,-1,-1,1,-1,1,1,1,-1,-1,1,1,1,1,1,-1,1,-1,1,1,-1,1,-1,-1,1,-1,1,1,1,-1,-1,1,1,1,1,1,-1,-1,1,-1,1,1,1,-1,-1,1,-1,1,1,-1,-1,-1,-1,1,1,1,-1,-1,1,1,-1,1,1,-1,-1,-1,-1,1,1,1,-1,-1,1,-1,-1,1,1,-1,-1,-1,-1,-1,1,1,-1,-1,1,-1,-1,1,1,1,-1,-1,-1,-1,1,1,1,-1,1,-1,-1,1,1,1,-1,1,-1,-1,1,1,1,-1,1,-1,-1,-1,1,1,-1,-1,1,-1,-1,1,1,-1,1,-1,-1,-1,1,1,-1,1,1,-1,1,1,-1,-1,1,-1,-1,1,1,-1,1,-1,1,-1,1,1,-1,1,1,-1,-1,-1,1,1,1,1,1,-1,1,1,-1,1,1,1,-1,1,1,1,-1,1,1,-1,1,1,-1,1,1,1,-1,1,1,1,1,1,1,1,-1,1,-1,-1,1,1,-1,-1,1,1,-1,1,1,-1,-1,1,-1,1,1,1,1,-1,1,1,-1,1,1,-1,1,1,-1,1,1,1,-1,-1,1,-1,1,-1,1,1,1,1,-1,1,-1,1,1,1,1,-1,1,-1,1,1,1,1,-1,-1,1,1,1,1,1,1,-1,1,1,-1,-1,1,1,-1,-1,1,1,1,1,-1,1,-1,1,1,1,-1,1,-1,-1,1,1,1,1,-1,1,-1,1,-1,1,1,1,1,-1,1,1,1,1,1,-1,-1,1,1,1,1,1,1,1,1,1,1,1,1,-1,1,1,1,-1,1,1,-1,1,1,1,-1,1,1,1,-1,1,-1,1,1,1,1,-1,1,1,-1,1,1,1,-1,1,1,-1,-1,1,1,-1,1,1,1,1,1,1,-1,-1,1,-1,1,1,1,1,-1,1,1,-1,1,-1,-1,1,1,-1,1,1,1,-1,-1,1,-1,1,-1,1,-1,1,-1,1,-1,1,-1,-1,1,-1,1,-1,-1,1,-1,1,1,1,-1,1,-1,-1,-1,1,-1,1,-1,-1,1,1,1,-1,1,-1,-1,1,1,1,-1,1,-1,-1,1,1,1,1,1,-1,-1,1,-1,1,-1,1,-1,-1,-1,-1,-1,1,1,-1,-1,1,-1,1,1,-1,-1,-1,-1,-1,1,-1,1,-1,1,1,-1,1,-1,-1,1,-1,-1,1,1,-1,1,-1,-1,1,1,1,-1,-1,1,-1,1,1,-1,1,-1,1,1,-1,1,-1,1,-1,1,-1,1,-1,1,1,-1,-1,1,-1,1,-1,-1,1,1,1,-1,-1,-1,1,1,1,1,-1,1,-1,1,-1,1,1,-1,-1,1,1,-1,1,1,1,-1,1,1,-1,-1,1,1,-1,-1,-1,-1,-1,1,1,-1,1,1,-1,1,1,-1,1,1,-1,-1,1,1,1,-1,1,-1,1,-1,1,1,1,-1,-1,-1,1,-1,1,1,1,-1,-1,-1,1,1,-1,1,-1,-1,-1,1,1,-1,1,-1,-1,1,1,1,-1,1,-1,-1,-1,-1,1,1,1,-1,1,-1,-1,1,-1,1,-1,-1,1,1,-1,-1,1,1,-1,-1,-1,-1,-1,1,1,-1,-1,-1,1,-1,1,1,-1,-1,1,-1,1,1,-1,-1,-1,-1,-1,1,1,-1,1,-1,-1,1,1,1,1,-1,-1,-1,-1,-1,1,-1,1,-1,-1,1,-1,1,1,-1,1,-1,-1,1,1,1,-1,1,-1,1,-1,1,1,-1,1,-1,1,-1,1,1,-1,1,-1,1,-1,1,1,1,-1,1,1,-1,1,1,-1,-1,-1,1,-1,1,1,1,-1,1,-1,-1,-1,-1,1,-1,1,-1,-1,1,-1,-1,1,1,1,-1,-1,1,-1,1,1,-1,-1,1,-1,1,-1,1,-1,-1,-1,1,-1,1,1,1,-1,-1,1,-1,1,-1,-1,-1,-1,1,-1,1,1,-1,-1,-1,-1,1,1,1,1,-1,-1,1,-1,-1,1,-1,-1,-1,-1,-1,1,-1,1,-1,-1,1,1,-1,1,1,-1,-1,1,-1,-1,1,-1,-1,-1,-1,-1,1,-1,1,-1,-1,-1,-1,1,-1,1,-1,1,-1,-1,-1,-1,-1,-1,-1,-1,-1,1,-1,1,1,-1,-1,-1,-1,1,1,-1,-1,-1,1,-1,-1,1,-1,1,-1,-1,-1,1,1,-1,-1,-1,-1,-1,1,1,1,-1,1,-1,1,-1,1,-1,-1,-1,-1,-1,-1,-1,1,-1,-1,1,-1,1,1,-1,-1,-1,1,-1,1,-1,-1,-1,1,-1,-1,1,1,1,-1,1,-1,1,1,-1,-1,-1,1,-1,-1,1,-1,1,-1,1,-1,1,1,-1,-1,1,1,-1,-1,1,-1,1,1,1,-1,-1,1,-1,-1,1,1,-1,-1,1,1,1,1,1,1,-1,1,-1,1,-1,1,-1,-1,1,1,1,1,1,1,-1,1,-1,-1,1,1,1,-1,-1,1,1,1,-1,1,-1,1,-1,1,1,1,1,-1,1,-1,1,1,1,-1,1,1,-1,1,1,1,-1,1,-1,-1,1,1,-1,-1,-1,1,-1,1,-1,1,-1,1,1,-1,1,1,-1,1,-1,1,-1,1,1,-1,-1,-1,1,1,1,1,-1,-1,1,1,-1,1,1,-1,1,-1,1,-1,1,1,-1,1,-1,1,-1,1,1,1,1,1,1,1,1,1,-1,-1,1,-1,1,-1,1,-1,1,-1,1,1,1,-1,-1,1,1,1,-1,1,1,-1,1,-1,1,1,1,-1,-1,-1,1,-1,-1,-1,-1,-1,1,-1,1,1,1,-1,1,1,1,-1,1,1,1,-1,1,1,1,1,1,-1,-1,1,1,1,1,1,-1,-1,-1,1,-1,1,1,-1,-1,1,1,1,-1,1,1,-1,1,1,1,1,1,1,-1,-1,1,1,1,-1,1,-1,1,-1,1,1,-2658.0,1,2000,445,1000,True
2415,-1,-1,1,1,1,1,-1,1,-1,-1,-1,1,-1,1,-1,-1,1,-1,1,1,1,1,-1,-1,-1,1,-1,-1,-1,-1,-1,-1,1,1,-1,1,1,1,-1,-1,1,-1,1,-1,-1,-1,-1,-1,1,-1,1,-1,1,-1,1,-1,-1,1,1,-1,-1,1,1,1,-1,1,-1,-1,-1,-1,1,-1,1,1,-1,-1,1,1,-1,-1,-1,1,1,-1,-1,1,1,-1,-1,1,-1,-1,1,1,-1,-1,-1,1,-1,1,1,1,-1,-1,1,-1,1,1,1,-1,-1,1,-1,1,1,1,-1,-1,1,-1,-1,1,1,-1,-1,1,-1,-1,1,1,-1,-1,1,-1,1,1,1,-1,-1,1,-1,-1,1,1,1,-1,-1,-1,-1,1,1,-1,-1,1,1,-1,1,1,-1,-1,1,1,-1,1,1,1,-1,1,-1,1,1,1,-1,-1,1,-1,1,1,1,-1,1,-1,1,-1,1,1,-1,1,1,-1,1,-1,1,-1,1,1,-1,1,-1,1,-1,1,1,-1,1,-1,1,-1,-1,1,-1,1,-1,1,-1,1,1,-1,1,-1,1,-1,-1,1,-1,-1,1,1,-1,-1,1,-1,1,1,-1,1,-1,1,-1,1,-1,1,-1,1,1,-1,1,1,1,-1,-1,1,-1,1,1,1,-1,1,1,-1,1,-1,1,-1,1,-1,1,-1,1,1,-1,1,-1,-1,-1,1,1,-1,1,-1,-1,-1,-1,1,1,-1,1,1,-1,-1,1,-1,-1,1,1,-1,1,1,1,-1,-1,1,-1,1,1,-1,1,-1,1,-1,-1,1,-1,-1,-1,1,-1,-1,1,-1,1,-1,1,1,-1,1,1,1,-1,1,1,-1,1,1,-1,-1,1,-1,-1,1,-1,1,-1,1,-1,-1,1,1,-1,1,1,-1,1,-1,1,-1,-1,1,-1,1,1,1,1,1,1,-1,1,1,1,1,1,1,-1,1,1,1,1,1,1,-1,1,-1,1,1,1,1,-1,1,-1,1,-1,1,1,1,1,-1,1,1,1,1,1,-1,1,1,1,1,1,1,1,1,-1,-1,1,1,1,1,-1,1,-1,1,1,1,1,-1,1,1,1,1,-1,1,-1,1,-1,1,1,1,1,-1,1,1,1,-1,1,1,1,-1,1,1,1,1,1,-1,-1,1,-1,-1,1,-1,1,-1,-1,1,1,1,1,1,-1,1,-1,-1,1,-1,1,-1,1,1,-1,1,-1,1,-1,-1,1,-1,1,-1,1,-1,1,1,1,1,-1,1,-1,-1,1,-1,1,-1,-1,-1,1,1,1,1,-1,1,-1,1,-1,1,1,-1,-1,1,1,-1,1,-1,-1,-1,-1,1,-1,1,1,-1,-1,-1,1,1,-1,1,1,-1,-1,1,-1,1,-1,-1,-1,-1,1,-1,-1,-1,1,-1,-1,1,-1,1,-1,1,-1,-1,1,-1,-1,1,1,-1,-1,-1,1,-1,1,1,-1,-1,1,1,-1,-1,-1,1,1,-1,1,-1,1,1,1,-1,1,-1,1,1,1,-1,-1,1,1,-1,1,1,-1,1,1,1,1,-1,1,-1,-1,-1,1,1,1,1,-1,-1,1,1,-1,1,1,-1,-1,1,1,1,1,1,-1,-1,1,1,1,1,1,-1,-1,-1,1,-1,1,1,1,-1,-1,1,1,1,1,-1,1,-1,1,-1,1,1,-1,-1,-1,-1,1,1,1,1,1,-1,1,1,1,-1,1,-1,-1,-1,1,1,-1,1,-1,-1,-1,1,1,1,1,-1,-1,1,-1,1,-1,1,1,-1,-1,1,1,1,1,-1,-1,1,1,1,-1,1,1,-1,-1,-1,1,-1,1,-1,-1,1,1,-1,-1,1,1,-1,1,1,-1,-1,1,1,-1,1,1,-1,-1,1,1,-1,1,1,-1,-1,1,1,-1,1,1,-1,1,-1,1,1,-1,1,-1,1,-1,1,1,-1,1,-1,1,1,-1,1,1,-1,1,1,1,-1,1,-1,-1,-1,1,-1,-1,1,-1,-1,1,-1,1,-1,1,-1,1,-1,-1,1,-1,1,-1,1,-1,1,1,-1,1,-1,-1,-1,-1,-1,-1,1,1,1,-1,1,1,-1,1,1,1,-1,1,-1,1,-1,-1,1,-1,-1,-1,-1,-1,1,1,-1,1,-1,1,-1,1,1,-1,-1,-1,-1,-1,1,-1,-1,-1,-1,-1,1,-1,-1,1,-1,-1,1,-1,1,1,-1,-1,-1,1,-1,1,1,-1,-1,-1,1,1,1,1,-1,1,-1,1,-1,1,1,-1,-1,-1,1,1,1,1,1,-1,-1,1,-1,1,1,-1,1,-1,-1,1,1,1,-1,-1,-1,-1,-1,1,-1,1,-1,1,-1,1,1,1,1,1,-1,-1,1,1,1,1,-1,1,-1,1,1,-1,1,-1,-1,1,1,1,1,-1,1,-1,-1,1,1,1,1,1,-1,-1,1,1,1,-1,1,1,-1,1,1,1,1,1,1,-1,1,1,1,1,1,1,-1,1,1,-1,1,1,-1,-1,1,1,-1,1,1,1,-1,1,-1,-1,1,1,1,-1,-1,1,-1,1,1,1,-1,1,-1,-1,1,1,1,-1,1,1,-1,1,1,1,-1,-1,-1,1,1,1,-1,1,-1,1,1,1,1,-1,1,1,-1,1,1,-1,-1,1,-1,1,1,-1,1,-1,-1,-1,1,-1,1,-1,1,-1,-1,-1,-1,1,-1,-1,-1,-1,1,-1,1,-1,-1,-1,-1,-1,1,1,-1,1,-1,-1,-1,-1,1,-1,1,-1,1,-1,-1,1,1,1,1,-1,-1,1,-1,-1,-1,1,1,-1,1,-1,-1,1,-1,-1,1,1,-1,-1,1,-1,-1,-1,-1,1,-1,1,1,-1,1,-1,1,-1,1,-1,1,-1,-1,-1,-1,1,-1,-1,1,1,-1,1,1,-1,1,1,-1,-1,-1,1,-1,1,1,1,1,-1,1,-1,-1,1,1,-1,-1,1,-1,1,1,1,1,-1,1,-1,1,1,-1,-1,-1,1,-1,-1,1,1,-1,-1,-1,1,-1,1,-1,1,-1,1,-1,-1,1,-2658.0,1,2000,445,1500,True
2416,-1,-1,1,1,1,1,-1,1,-1,-1,-1,1,-1,1,-1,-1,1,-1,1,1,-1,1,-1,-1,-1,1,-1,-1,-1,-1,-1,-1,1,1,-1,1,1,-1,-1,-1,1,-1,1,-1,-1,-1,1,1,-1,-1,-1,-1,1,1,1,-1,-1,1,-1,-1,1,1,1,1,-1,1,-1,1,1,-1,1,-1,-1,-1,1,-1,-1,1,-1,-1,-1,1,1,-1,-1,-1,-1,1,1,1,-1,-1,-1,1,-1,1,-1,1,-1,1,1,1,1,-1,1,-1,-1,1,1,1,-1,1,-1,-1,1,1,1,-1,1,-1,-1,1,1,1,-1,1,-1,-1,1,1,-1,-1,1,-1,1,1,1,1,-1,-1,-1,-1,1,1,1,-1,1,-1,-1,1,1,1,-1,-1,1,-1,1,1,1,-1,1,-1,1,1,1,1,-1,1,-1,1,1,1,-1,-1,1,-1,1,1,1,-1,1,-1,1,1,1,1,-1,1,1,-1,1,1,1,1,1,1,-1,1,1,1,-1,1,1,-1,1,1,-1,-1,-1,1,-1,1,1,1,-1,1,1,-1,1,1,1,1,1,1,-1,-1,1,1,-1,-1,1,-1,1,1,-1,1,-1,1,-1,1,1,1,-1,1,1,-1,1,1,-1,1,-1,1,-1,1,1,1,-1,1,1,-1,1,-1,1,-1,1,-1,1,-1,-1,1,-1,1,-1,-1,1,1,1,-1,1,-1,-1,-1,1,1,-1,-1,1,1,-1,1,1,1,-1,1,1,-1,-1,-1,1,1,-1,1,-1,-1,-1,1,-1,-1,1,1,-1,-1,1,1,1,1,-1,-1,-1,-1,-1,1,1,1,-1,-1,1,1,-1,1,-1,-1,-1,1,1,1,1,-1,-1,1,1,-1,-1,1,-1,-1,1,1,-1,1,1,-1,1,-1,1,1,-1,1,-1,1,1,1,-1,1,1,-1,-1,1,1,-1,1,-1,-1,-1,1,1,-1,1,-1,-1,1,-1,1,-1,1,-1,-1,1,-1,1,-1,1,1,-1,1,-1,1,1,1,1,-1,-1,1,1,-1,1,-1,-1,1,1,-1,-1,1,1,-1,1,-1,1,-1,1,-1,1,1,-1,1,1,1,-1,1,1,-1,1,-1,1,-1,-1,1,-1,1,1,1,1,-1,1,1,1,1,1,-1,-1,1,-1,-1,1,-1,1,-1,-1,1,-1,1,1,-1,-1,-1,1,-1,1,-1,1,-1,-1,1,-1,1,1,1,-1,-1,1,-1,-1,1,1,-1,-1,1,-1,1,1,-1,1,-1,1,-1,-1,1,1,-1,-1,-1,-1,1,1,-1,1,-1,1,-1,1,-1,1,-1,-1,1,-1,1,-1,1,-1,-1,-1,-1,1,-1,-1,-1,-1,-1,-1,1,-1,1,-1,1,-1,-1,1,-1,-1,1,-1,-1,-1,1,-1,1,-1,1,-1,-1,-1,-1,1,-1,1,-1,-1,1,-1,1,1,1,-1,-1,-1,1,1,-1,1,-1,-1,-1,1,1,1,-1,1,1,-1,1,1,1,1,1,1,1,-1,1,1,1,-1,-1,-1,-1,-1,1,1,-1,1,-1,-1,1,-1,1,-1,1,1,-1,1,1,1,-1,1,-1,-1,-1,1,1,-1,-1,-1,-1,1,1,1,-1,-1,-1,-1,1,1,1,-1,1,1,1,-1,1,1,-1,1,1,-1,1,1,1,-1,-1,1,-1,-1,1,1,-1,1,1,1,1,1,-1,1,1,1,-1,1,1,-1,1,1,1,-1,1,1,-1,1,1,1,-1,1,1,1,-1,1,-1,1,1,-1,-1,1,1,1,-1,1,-1,-1,1,1,1,1,1,1,-1,1,1,1,1,1,1,-1,1,-1,1,-1,1,-1,1,1,1,1,1,1,1,-1,1,-1,1,1,1,1,-1,1,1,-1,1,1,-1,-1,1,1,1,1,1,1,-1,1,1,-1,-1,1,-1,-1,1,1,1,-1,1,-1,-1,1,-1,-1,1,1,-1,-1,1,-1,1,-1,-1,1,-1,1,-1,1,-1,1,-1,-1,1,-1,1,-1,1,-1,-1,1,-1,1,-1,1,-1,-1,1,-1,1,-1,1,-1,-1,1,1,1,1,1,-1,1,1,-1,1,1,1,1,-1,1,-1,1,-1,1,-1,-1,1,1,-1,1,1,-1,-1,1,1,-1,1,1,1,-1,1,-1,-1,1,1,-1,1,1,-1,1,-1,-1,1,-1,1,1,-1,1,1,-1,-1,1,1,-1,1,1,-1,-1,-1,1,1,1,1,-1,1,1,1,-1,1,1,-1,-1,1,-1,1,1,1,-1,-1,-1,1,-1,1,1,-1,1,-1,-1,1,1,1,-1,-1,-1,-1,-1,1,-1,-1,-1,1,-1,1,1,-1,-1,-1,1,-1,1,1,1,-1,1,-1,-1,1,1,-1,1,-1,-1,1,1,1,-1,-1,1,-1,-1,1,1,-1,-1,1,-1,-1,1,1,-1,1,1,-1,-1,1,1,-1,-1,1,-1,-1,1,1,-1,-1,1,-1,-1,1,1,-1,1,1,1,-1,-1,1,-1,1,1,-1,-1,1,-1,1,-1,1,1,-1,-1,1,-1,1,1,1,-1,1,1,-1,1,-1,1,-1,1,1,-1,1,1,1,1,-1,1,-1,1,1,-1,1,-1,1,-1,1,1,1,-1,1,1,1,1,-1,1,1,-1,1,1,-1,1,1,-1,-1,1,-1,1,1,-1,1,-1,1,-1,1,-1,-1,1,-1,1,-1,1,-1,1,-1,-1,-1,1,1,-1,-1,1,-1,-1,-1,1,-1,-1,1,-1,-1,-1,1,1,-1,1,-1,-1,1,1,-1,-1,-1,1,-1,1,1,-1,1,1,-1,1,1,-1,-1,1,-1,-1,-1,-1,1,-1,1,1,-1,1,1,-1,-1,1,-1,1,-1,-1,-1,-1,1,-1,-1,1,1,-1,1,1,-1,1,1,1,1,-1,1,-1,1,1,1,1,-1,1,-1,-1,1,1,1,-1,1,-1,1,1,1,1,-1,1,-1,1,1,1,-1,-1,1,-1,-1,1,1,-1,-1,-1,1,-1,1,1,1,-1,1,-1,-1,1,-2658.0,1,2000,445,1500,True
2417,-1,-1,1,1,1,1,-1,1,-1,-1,-1,1,-1,1,-1,-1,1,-1,1,1,-1,1,-1,-1,-1,1,-1,-1,1,-1,-1,-1,1,1,-1,-1,1,-1,-1,-1,1,-1,-1,-1,-1,1,-1,-1,1,1,-1,-1,1,1,1,-1,1,-1,-1,-1,-1,1,1,1,-1,1,-1,-1,-1,-1,1,-1,-1,-1,1,-1,-1,-1,1,-1,-1,1,1,-1,1,-1,-1,1,-1,1,-1,1,-1,1,1,-1,-1,1,1,1,1,1,-1,-1,1,1,-1,1,1,-1,-1,1,1,-1,1,1,-1,-1,1,1,-1,1,1,1,-1,1,1,-1,1,1,1,-1,1,1,-1,1,1,1,-1,-1,1,-1,1,1,1,-1,1,1,1,-1,1,1,-1,-1,-1,1,-1,1,1,-1,1,-1,1,1,1,1,-1,1,1,-1,1,1,-1,-1,1,1,-1,1,1,-1,1,-1,-1,1,1,1,-1,1,1,1,1,1,1,-1,1,1,-1,1,1,1,1,-1,1,-1,1,1,1,-1,-1,1,1,-1,1,1,-1,1,1,-1,1,1,1,1,1,1,-1,-1,1,1,-1,-1,1,-1,1,1,-1,1,-1,1,-1,1,1,1,-1,1,1,-1,-1,1,-1,-1,1,1,-1,1,1,1,1,1,1,-1,1,1,-1,1,1,-1,1,-1,-1,-1,1,1,-1,-1,1,1,-1,1,1,-1,1,-1,1,-1,-1,1,1,1,-1,1,-1,1,1,1,1,-1,-1,-1,-1,1,-1,1,-1,-1,-1,1,1,-1,1,1,-1,1,-1,1,1,1,-1,-1,-1,1,1,-1,1,1,-1,-1,-1,1,-1,1,-1,-1,-1,-1,-1,1,1,-1,-1,-1,1,-1,1,1,-1,-1,-1,-1,1,-1,1,-1,1,-1,1,1,-1,1,-1,-1,-1,-1,-1,1,1,-1,-1,-1,-1,-1,1,-1,-1,-1,-1,-1,1,1,-1,-1,1,-1,1,1,1,-1,-1,1,-1,-1,-1,1,1,-1,1,-1,-1,-1,-1,1,-1,1,-1,1,-1,1,-1,-1,1,1,-1,-1,1,1,-1,1,-1,1,-1,1,-1,1,1,-1,1,-1,1,-1,1,1,-1,-1,1,1,-1,-1,1,-1,1,-1,-1,1,-1,1,1,-1,-1,1,-1,-1,1,-1,-1,1,-1,1,-1,-1,1,-1,-1,1,-1,-1,-1,1,-1,1,-1,1,-1,1,-1,-1,-1,-1,-1,-1,-1,1,-1,-1,1,1,-1,-1,1,-1,1,-1,-1,1,-1,1,-1,-1,1,1,-1,-1,-1,-1,-1,-1,-1,1,-1,1,-1,-1,1,1,-1,-1,-1,1,-1,1,1,-1,-1,-1,-1,-1,-1,-1,-1,-1,-1,1,-1,1,1,-1,1,-1,-1,1,-1,-1,1,-1,-1,-1,1,-1,1,-1,1,-1,-1,-1,-1,1,-1,1,-1,-1,1,-1,1,1,1,-1,-1,-1,-1,1,-1,1,-1,-1,-1,1,1,1,-1,1,1,-1,1,1,1,1,1,-1,1,-1,-1,1,-1,1,-1,1,1,-1,1,1,-1,1,-1,-1,-1,1,1,-1,1,1,-1,-1,-1,1,-1,1,1,-1,-1,-1,1,-1,-1,-1,-1,1,-1,1,-1,-1,-1,-1,-1,-1,1,-1,1,1,1,1,-1,1,-1,1,1,-1,1,-1,1,-1,-1,1,-1,1,-1,-1,1,1,1,1,1,1,-1,1,1,1,-1,1,-1,1,1,1,1,-1,-1,-1,1,1,1,1,-1,1,-1,1,-1,1,-1,1,1,-1,-1,1,1,1,-1,1,-1,-1,1,1,1,1,1,1,-1,1,1,1,1,1,1,-1,1,-1,1,-1,1,1,-1,1,1,1,1,1,1,-1,1,-1,1,1,1,1,-1,1,1,-1,1,1,1,1,1,1,1,1,1,1,-1,1,1,-1,-1,1,-1,-1,1,1,1,-1,1,-1,-1,1,-1,1,1,1,-1,-1,1,-1,1,-1,-1,1,-1,1,-1,1,-1,1,-1,-1,1,-1,1,1,1,-1,-1,1,-1,1,-1,1,-1,-1,1,-1,1,-1,1,-1,-1,1,1,1,1,1,-1,1,1,-1,1,1,1,1,-1,1,-1,1,-1,1,-1,-1,1,1,-1,1,1,-1,1,-1,1,-1,1,1,1,-1,1,1,-1,1,1,-1,1,1,-1,1,-1,-1,1,-1,1,1,-1,1,1,-1,1,1,1,-1,1,1,-1,1,1,1,1,1,1,-1,1,-1,1,-1,1,1,-1,-1,1,1,1,1,1,-1,1,1,1,-1,1,1,-1,1,1,-1,1,1,1,-1,-1,1,1,-1,1,-1,-1,-1,1,1,1,1,-1,-1,-1,1,1,1,1,1,-1,1,1,1,1,1,1,-1,1,1,1,1,1,-1,-1,1,1,-1,1,1,1,1,-1,1,-1,1,1,1,-1,1,1,-1,1,1,1,1,-1,1,-1,1,1,1,1,1,-1,1,1,1,-1,1,1,-1,1,1,1,-1,1,-1,-1,-1,1,-1,1,1,1,-1,1,1,1,-1,1,1,-1,-1,1,1,-1,1,1,-1,1,1,1,-1,1,1,-1,1,-1,1,1,1,1,-1,1,-1,1,1,1,-1,1,1,1,1,1,1,-1,-1,1,1,1,1,-1,1,-1,1,1,1,-1,1,1,-1,1,1,1,-1,1,-1,-1,1,-1,1,-1,1,-1,1,-1,1,1,1,1,-1,1,1,1,-1,-1,1,1,-1,1,1,-1,-1,1,1,-1,-1,-1,1,1,1,-1,-1,-1,-1,1,1,1,-1,1,1,1,1,1,-1,-1,1,1,1,1,-1,1,-1,1,-1,1,1,1,-1,-1,1,-1,-1,-1,-1,-1,-1,1,-1,1,1,1,-1,1,1,-1,-1,1,1,1,-1,1,-1,1,1,1,1,-1,1,-1,1,1,1,1,-1,1,-1,1,1,1,1,-1,1,-1,1,-1,1,-1,-1,1,-1,-1,1,1,-1,-1,-1,-1,1,1,1,1,-1,1,1,-1,1,-2658.0,1,2000,445,1500,True
2418,-1,-1,1,1,1,1,-1,1,-1,-1,-1,1,-1,1,-1,-1,1,-1,1,-1,-1,1,-1,-1,-1,1,-1,-1,-1,-1,-1,-1,1,-1,-1,1,1,-1,-1,1,-1,-1,1,-1,-1,-1,-1,1,-1,-1,-1,-1,1,1,-1,-1,-1,1,-1,-1,-1,1,-1,1,-1,1,-1,-1,1,-1,1,-1,-1,-1,1,1,-1,1,-1,-1,-1,1,1,-1,-1,-1,-1,1,1,-1,-1,-1,-1,1,-1,1,1,1,-1,1,1,1,1,1,1,-1,-1,1,1,1,1,-1,-1,-1,1,1,1,1,1,-1,-1,1,1,1,1,-1,-1,-1,1,1,1,1,1,-1,-1,1,1,1,1,1,-1,-1,1,1,1,1,1,-1,-1,-1,1,1,1,1,1,-1,1,1,1,1,1,-1,-1,-1,1,1,1,1,1,-1,1,1,1,1,1,-1,-1,1,1,1,1,-1,1,-1,1,1,1,1,1,-1,-1,-1,1,1,1,1,1,-1,1,1,-1,1,1,1,-1,1,1,1,1,1,1,-1,1,1,-1,1,1,1,-1,1,1,1,1,1,1,1,-1,1,-1,1,1,1,-1,-1,1,1,1,1,1,-1,-1,1,-1,-1,1,1,1,-1,1,1,-1,1,1,-1,1,1,-1,-1,1,1,-1,-1,1,-1,1,-1,1,1,1,1,-1,1,-1,1,1,1,1,-1,1,-1,1,1,1,1,-1,-1,1,1,1,1,1,1,-1,1,1,-1,-1,1,1,1,-1,1,1,1,1,-1,1,-1,1,1,1,-1,1,1,1,1,1,1,1,-1,-1,1,1,-1,1,1,1,1,-1,1,1,1,1,1,1,1,1,1,1,1,1,-1,1,1,1,1,1,1,-1,1,1,1,-1,1,1,1,-1,1,1,1,1,1,-1,1,1,-1,1,1,1,-1,1,1,1,1,1,1,-1,1,1,1,-1,1,1,1,1,1,1,1,-1,1,-1,1,-1,1,-1,1,1,1,-1,-1,1,1,-1,1,-1,1,1,1,-1,-1,-1,-1,1,1,1,-1,1,1,-1,1,1,-1,-1,1,1,-1,1,1,-1,1,1,1,1,1,1,1,1,-1,1,-1,-1,-1,1,-1,1,-1,-1,1,1,1,-1,-1,-1,1,-1,1,1,1,-1,1,-1,1,1,1,1,1,-1,-1,-1,-1,1,-1,1,-1,-1,-1,1,1,1,1,-1,-1,1,-1,1,1,1,-1,1,-1,1,-1,1,1,-1,-1,1,-1,1,1,1,-1,-1,-1,1,1,1,1,-1,-1,1,1,1,1,-1,1,-1,1,1,1,1,-1,1,1,-1,1,1,1,-1,1,-1,1,-1,1,1,-1,-1,1,-1,1,1,1,1,-1,1,-1,-1,1,1,1,-1,1,-1,-1,1,1,-1,-1,1,-1,-1,1,-1,1,-1,-1,1,-1,1,-1,1,1,-1,1,-1,-1,1,1,1,-1,1,-1,1,-1,1,-1,1,-1,1,1,-1,-1,1,1,1,-1,1,-1,1,-1,1,1,1,-1,-1,-1,1,-1,1,1,1,-1,-1,-1,1,1,-1,1,-1,-1,-1,1,1,1,1,-1,-1,1,1,1,1,1,-1,-1,-1,-1,1,-1,1,-1,1,-1,-1,1,1,1,-1,-1,1,1,1,-1,1,1,-1,-1,-1,-1,1,1,1,-1,-1,-1,-1,1,1,1,-1,-1,-1,1,1,1,-1,-1,-1,-1,1,1,1,-1,1,-1,1,-1,1,1,1,-1,-1,-1,-1,1,1,-1,1,-1,-1,1,1,1,1,-1,1,-1,-1,1,1,1,-1,1,-1,-1,1,1,1,-1,1,-1,-1,1,-1,1,-1,1,-1,-1,1,1,1,-1,-1,1,-1,1,1,1,-1,-1,-1,-1,1,1,-1,1,-1,1,-1,1,-1,-1,1,-1,1,-1,1,1,-1,-1,1,1,1,1,-1,1,-1,1,-1,1,-1,1,-1,-1,1,-1,1,1,-1,1,-1,1,-1,-1,1,-1,1,-1,1,-1,1,1,-1,1,-1,1,-1,1,1,-1,-1,1,1,-1,-1,1,-1,1,-1,-1,-1,-1,1,1,-1,-1,1,-1,-1,1,-1,1,1,-1,1,-1,1,-1,1,-1,-1,1,-1,1,1,-1,-1,1,1,-1,1,-1,-1,-1,1,-1,-1,-1,1,-1,-1,1,-1,1,1,-1,-1,-1,-1,-1,-1,1,-1,-1,-1,1,1,-1,1,-1,-1,1,-1,-1,-1,1,-1,-1,-1,1,1,1,1,-1,-1,-1,1,-1,1,1,-1,1,-1,-1,1,1,1,-1,-1,-1,-1,-1,1,-1,-1,-1,1,-1,1,1,-1,-1,-1,1,-1,1,1,1,-1,1,-1,-1,1,1,-1,-1,1,-1,1,1,1,-1,-1,1,-1,-1,1,1,1,-1,1,-1,-1,1,1,-1,1,1,-1,-1,1,1,-1,-1,1,-1,-1,1,-1,1,-1,1,-1,-1,1,1,-1,-1,-1,1,-1,1,1,-1,-1,1,-1,-1,1,-1,1,-1,1,1,-1,-1,1,-1,-1,-1,1,-1,1,1,-1,-1,-1,1,-1,1,1,1,-1,-1,1,-1,1,-1,-1,-1,1,-1,1,1,1,-1,-1,1,1,1,-1,1,-1,-1,1,1,-1,1,1,-1,1,-1,1,1,1,-1,1,-1,1,-1,1,1,-1,1,-1,-1,-1,1,-1,1,1,-1,-1,1,-1,1,-1,1,-1,1,-1,1,1,-1,1,-1,1,-1,1,1,-1,1,-1,-1,1,-1,-1,1,1,-1,-1,-1,-1,-1,1,1,1,-1,1,1,1,1,1,-1,-1,1,1,1,-1,1,-1,-1,1,-1,1,1,1,-1,-1,-1,-1,-1,-1,-1,-1,-1,-1,1,1,1,1,-1,1,1,-1,-1,1,1,-1,-1,1,-1,1,1,1,-1,-1,1,-1,1,1,1,-1,-1,1,-1,1,1,1,-1,-1,1,-1,1,-1,1,1,-1,1,-1,-1,1,1,-1,-1,-1,-1,1,1,-1,1,-1,1,-1,-1,1,-2658.0,1,2000,445,1000,True
2419,1,1,-1,-1,1,1,-1,1,1,1,1,-1,-1,1,1,1,-1,1,-1,-1,-1,1,1,1,1,1,-1,-1,1,1,1,1,-1,-1,-1,1,-1,1,1,1,-1,-1,1,1,1,1,1,1,-1,-1,1,1,-1,1,-1,-1,1,-1,1,1,1,-1,-1,-1,1,1,1,1,1,-1,1,-1,1,1,1,1,-1,-1,1,1,1,-1,1,-1,-1,1,1,1,1,-1,-1,1,-1,1,1,1,1,1,-1,1,1,1,1,1,1,-1,-1,1,1,1,1,-1,-1,-1,1,1,1,1,1,-1,-1,1,1,1,1,-1,-1,-1,1,1,1,1,1,-1,-1,1,1,1,1,1,-1,-1,-1,1,1,1,1,-1,-1,-1,1,1,1,1,1,-1,1,1,1,1,1,-1,-1,-1,1,1,1,1,1,-1,1,1,1,1,1,-1,-1,1,1,1,1,-1,1,-1,1,1,1,1,1,-1,-1,-1,1,1,1,1,1,-1,-1,1,-1,-1,1,1,-1,-1,1,1,1,1,1,-1,1,1,-1,-1,1,1,-1,1,1,1,1,1,1,1,-1,1,-1,-1,1,1,-1,-1,1,1,1,1,1,-1,-1,1,-1,-1,1,1,1,-1,1,-1,1,1,1,-1,1,1,1,-1,1,1,-1,-1,-1,1,1,-1,1,1,1,-1,1,1,-1,1,1,1,1,1,1,-1,1,1,1,1,-1,1,1,1,1,1,1,1,1,1,1,-1,-1,1,-1,1,-1,1,1,1,1,1,1,-1,1,1,1,-1,1,1,1,1,1,1,1,-1,1,-1,1,-1,1,1,1,1,-1,1,1,1,1,1,-1,1,1,1,1,1,1,-1,1,1,1,1,1,1,-1,1,1,1,-1,1,1,1,-1,1,1,-1,1,1,-1,1,1,-1,1,1,1,-1,1,1,1,-1,1,1,-1,1,1,1,-1,1,1,1,1,1,1,1,-1,1,-1,1,-1,1,-1,1,1,1,-1,-1,1,1,-1,1,-1,1,1,1,-1,-1,-1,-1,1,1,1,-1,1,1,-1,1,1,-1,1,1,1,-1,1,1,-1,1,1,-1,1,1,1,1,1,-1,1,-1,-1,-1,1,-1,1,-1,-1,1,1,1,-1,-1,-1,1,-1,1,1,-1,1,-1,-1,1,1,1,1,-1,-1,1,-1,-1,1,-1,1,-1,-1,-1,1,1,1,1,-1,-1,1,-1,1,1,-1,-1,1,-1,1,-1,1,-1,-1,-1,1,-1,1,-1,-1,-1,-1,-1,1,1,-1,1,-1,-1,1,-1,1,-1,-1,1,-1,1,-1,1,-1,-1,-1,-1,-1,1,1,-1,-1,1,-1,1,-1,1,1,-1,-1,1,-1,1,-1,1,-1,-1,1,-1,-1,-1,1,-1,-1,-1,-1,1,-1,1,-1,-1,1,-1,-1,1,1,-1,-1,-1,-1,-1,1,1,-1,-1,-1,1,-1,-1,1,1,1,-1,1,-1,1,-1,1,1,1,-1,1,1,-1,-1,1,-1,1,-1,1,-1,1,-1,1,1,1,-1,-1,-1,-1,-1,1,-1,1,-1,-1,-1,1,1,-1,1,-1,-1,-1,1,1,-1,1,-1,-1,-1,1,1,-1,1,-1,-1,-1,-1,1,1,1,-1,1,-1,-1,1,-1,1,-1,-1,1,1,1,-1,1,1,-1,-1,-1,-1,-1,1,1,-1,-1,-1,1,-1,-1,1,-1,-1,-1,-1,1,1,-1,-1,-1,-1,-1,1,1,-1,1,-1,1,1,1,1,1,-1,-1,-1,-1,-1,1,-1,1,-1,-1,1,-1,1,1,-1,1,-1,-1,1,1,1,-1,1,-1,1,-1,1,1,-1,-1,-1,-1,-1,1,1,-1,1,-1,1,-1,1,1,-1,-1,1,-1,-1,1,1,-1,-1,-1,1,-1,1,1,-1,-1,1,-1,-1,-1,-1,1,-1,1,-1,-1,1,-1,-1,1,-1,1,-1,1,1,-1,1,-1,1,-1,1,-1,1,-1,1,-1,-1,1,1,-1,1,-1,-1,-1,-1,1,-1,1,-1,1,-1,-1,1,-1,1,1,-1,-1,-1,-1,1,1,1,1,-1,-1,1,-1,-1,1,1,-1,-1,-1,-1,1,-1,1,-1,-1,1,1,1,1,1,-1,-1,1,-1,-1,1,1,-1,-1,-1,-1,1,-1,1,-1,-1,-1,-1,-1,1,-1,-1,1,-1,-1,1,-1,1,-1,-1,-1,-1,-1,1,1,1,-1,-1,-1,1,1,1,-1,-1,-1,1,-1,-1,1,-1,-1,-1,-1,1,1,1,-1,-1,-1,-1,1,-1,1,1,-1,1,-1,-1,1,1,-1,-1,-1,-1,-1,-1,1,1,-1,-1,1,-1,1,1,-1,-1,-1,1,-1,1,1,-1,-1,1,1,-1,1,1,1,-1,1,-1,1,1,1,-1,-1,1,-1,-1,1,1,-1,-1,-1,-1,-1,1,1,-1,1,1,-1,-1,1,1,-1,-1,1,-1,-1,1,1,-1,-1,1,-1,-1,1,1,1,-1,-1,-1,-1,1,1,-1,-1,1,-1,-1,1,-1,1,-1,1,-1,-1,1,1,1,-1,-1,-1,-1,1,1,1,-1,1,-1,1,1,1,1,-1,-1,-1,1,-1,1,-1,-1,-1,-1,1,-1,1,-1,-1,-1,-1,1,1,1,1,-1,-1,1,-1,1,1,-1,1,-1,1,1,1,1,1,-1,1,-1,1,1,1,1,-1,1,-1,1,-1,1,1,-1,-1,1,-1,1,1,1,-1,1,-1,1,1,-1,1,-1,1,-1,1,1,-1,1,-1,1,-1,1,-1,1,1,-1,-1,-1,-1,-1,1,1,1,-1,1,1,1,1,1,-1,-1,1,1,1,1,1,-1,-1,1,-1,1,1,1,-1,-1,-1,-1,-1,-1,-1,-1,-1,1,-1,1,1,1,-1,1,1,-1,-1,1,1,-1,-1,1,-1,1,1,1,-1,-1,1,-1,1,1,1,-1,-1,1,-1,1,1,1,-1,-1,1,-1,1,-1,1,1,-1,1,-1,-1,1,1,-1,-1,-1,-1,1,1,1,1,-1,1,-1,-1,1,-2658.0,1,2000,445,1000,True
2420,1,1,-1,-1,1,1,-1,1,1,1,1,-1,1,1,1,1,-1,1,-1,-1,-1,1,1,1,1,1,-1,-1,1,1,1,1,-1,-1,-1,1,-1,1,1,1,-1,-1,1,1,1,1,1,1,-1,1,1,1,-1,1,-1,-1,-1,-1,1,1,1,-1,-1,-1,1,1,1,1,1,-1,1,-1,1,1,1,1,-1,1,-1,1,1,-1,1,-1,-1,1,1,1,1,-1,-1,1,-1,1,1,1,1,1,-1,1,1,1,1,1,1,-1,-1,1,1,1,1,-1,-1,-1,1,1,1,1,1,-1,-1,1,1,1,1,-1,-1,-1,1,1,1,1,1,-1,-1,1,1,1,1,1,-1,-1,1,1,1,1,1,-1,-1,-1,1,1,1,1,1,-1,-1,1,1,1,1,1,-1,-1,1,1,1,1,1,-1,1,1,1,1,1,-1,-1,1,1,1,1,-1,1,-1,1,1,1,1,1,-1,-1,-1,1,1,1,1,1,-1,-1,1,-1,1,1,1,-1,-1,1,1,1,1,1,-1,1,1,-1,1,1,1,-1,1,1,1,1,1,1,1,-1,1,-1,1,1,1,-1,-1,1,1,1,1,1,-1,-1,1,-1,-1,1,1,1,-1,1,1,-1,1,1,-1,1,1,-1,-1,1,1,-1,-1,1,-1,1,-1,1,1,1,1,-1,1,-1,1,1,1,1,-1,1,-1,1,1,1,1,-1,-1,1,1,1,1,1,1,-1,1,1,-1,-1,1,1,1,-1,1,1,1,1,-1,1,-1,1,1,1,-1,1,1,1,1,1,1,1,-1,-1,1,1,-1,1,1,1,1,-1,1,1,1,1,1,1,1,1,1,1,1,1,-1,1,1,1,1,1,1,-1,1,1,1,-1,1,1,1,-1,1,1,-1,1,1,-1,1,1,-1,1,1,1,-1,1,1,1,-1,1,1,-1,1,1,1,-1,1,1,-1,1,1,1,1,-1,1,-1,1,-1,1,-1,1,1,1,-1,-1,1,1,-1,1,-1,1,1,1,-1,-1,-1,-1,1,1,1,-1,1,1,-1,1,1,-1,1,-1,1,1,1,1,-1,-1,1,1,-1,1,1,1,1,-1,1,1,1,-1,1,-1,1,1,1,1,1,1,-1,-1,-1,1,-1,1,1,-1,1,-1,1,-1,1,1,1,-1,-1,1,-1,-1,1,-1,1,-1,1,1,1,1,1,1,-1,-1,1,-1,1,1,-1,-1,1,1,1,-1,1,-1,-1,-1,1,-1,1,-1,-1,-1,1,1,1,1,-1,1,-1,1,-1,-1,1,-1,-1,-1,1,-1,1,1,-1,-1,-1,1,-1,1,1,-1,-1,-1,1,1,-1,1,1,-1,-1,1,-1,1,-1,1,-1,-1,1,1,-1,-1,1,-1,-1,-1,-1,1,-1,1,-1,-1,1,-1,-1,1,1,-1,-1,-1,1,-1,1,1,-1,-1,-1,1,-1,-1,1,1,1,-1,1,-1,1,-1,1,-1,1,-1,1,1,-1,-1,1,-1,1,1,-1,-1,1,-1,1,1,1,-1,-1,-1,1,-1,1,1,1,-1,-1,-1,1,1,-1,1,-1,-1,-1,1,1,-1,1,-1,-1,1,1,1,-1,1,-1,-1,-1,-1,1,1,1,-1,1,-1,-1,1,-1,1,-1,1,1,-1,1,-1,1,1,-1,-1,-1,-1,-1,1,1,-1,-1,-1,1,-1,1,1,-1,-1,-1,1,1,1,-1,-1,-1,-1,-1,1,1,-1,1,-1,-1,1,1,1,1,-1,-1,-1,-1,-1,1,-1,1,-1,-1,1,-1,1,1,-1,1,-1,-1,1,1,1,-1,1,-1,1,-1,1,1,-1,1,-1,-1,-1,1,1,-1,1,-1,1,-1,1,1,-1,-1,1,-1,-1,1,1,-1,-1,-1,1,-1,1,1,-1,-1,1,-1,-1,-1,-1,1,-1,1,-1,-1,1,-1,-1,1,-1,1,-1,1,1,-1,1,-1,1,-1,1,-1,1,-1,1,-1,-1,1,1,-1,1,-1,-1,-1,-1,1,-1,1,-1,1,-1,-1,1,-1,1,1,-1,-1,-1,-1,1,1,1,1,-1,-1,1,-1,-1,1,1,-1,-1,-1,-1,1,-1,1,-1,-1,1,1,-1,1,1,-1,-1,1,-1,-1,1,1,-1,-1,-1,-1,1,-1,1,-1,-1,-1,-1,-1,1,-1,-1,1,-1,-1,1,-1,1,-1,-1,-1,-1,-1,1,1,1,-1,-1,-1,1,1,1,-1,-1,-1,1,-1,-1,1,-1,-1,-1,-1,1,1,1,-1,-1,-1,-1,1,-1,1,1,-1,1,-1,-1,1,1,-1,-1,-1,-1,-1,-1,1,1,-1,-1,1,-1,1,1,-1,-1,-1,1,-1,1,1,-1,-1,1,-1,-1,1,1,1,-1,1,-1,1,1,1,-1,-1,1,-1,-1,1,1,-1,-1,1,-1,-1,1,1,-1,1,1,-1,-1,1,1,-1,-1,1,-1,-1,1,1,-1,-1,1,-1,-1,1,1,1,-1,-1,1,-1,-1,1,-1,-1,1,-1,-1,1,-1,1,-1,-1,1,-1,-1,1,1,-1,-1,1,-1,1,1,1,-1,-1,1,-1,1,1,1,-1,-1,1,1,-1,1,-1,-1,1,-1,1,-1,1,-1,-1,1,1,-1,1,1,-1,-1,1,1,1,-1,1,-1,-1,-1,1,-1,-1,1,1,-1,1,-1,1,-1,1,1,-1,-1,-1,1,-1,1,1,-1,-1,1,-1,-1,-1,1,-1,1,-1,1,-1,-1,1,-1,1,-1,1,-1,-1,1,-1,-1,1,-1,-1,-1,1,-1,-1,-1,-1,1,-1,1,1,-1,1,1,-1,1,1,-1,-1,1,1,-1,-1,1,-1,-1,1,1,-1,1,1,-1,-1,-1,-1,1,-1,-1,-1,-1,-1,-1,-1,1,1,-1,1,1,-1,1,1,1,-1,-1,1,-1,1,1,1,-1,-1,1,-1,1,1,1,-1,-1,1,-1,-1,1,1,-1,-1,1,-1,1,1,1,1,-1,1,-1,-1,1,1,-1,-1,-1,1,-1,1,-1,1,-1,1,-1,-1,1,-2658.0,1,2000,445,1000,True
2421,-1,-1,1,1,1,1,-1,1,-1,-1,-1,1,-1,1,-1,-1,1,-1,1,1,-1,-1,-1,-1,-1,1,-1,-1,-1,-1,-1,-1,1,1,-1,-1,1,-1,-1,-1,1,-1,-1,-1,-1,-1,-1,-1,1,1,-1,-1,1,1,1,-1,-1,1,-1,-1,-1,1,1,1,-1,-1,-1,-1,-1,-1,-1,1,-1,-1,1,-1,-1,-1,1,-1,-1,-1,1,-1,1,-1,-1,1,-1,1,-1,-1,-1,-1,1,-1,-1,1,1,1,-1,1,-1,-1,1,1,-1,-1,1,-1,-1,1,1,1,-1,1,-1,-1,1,1,-1,-1,1,1,-1,1,1,-1,1,1,1,-1,1,1,-1,1,1,1,-1,-1,1,-1,1,1,1,-1,1,1,1,-1,1,1,-1,-1,-1,1,-1,1,1,-1,1,1,1,1,1,1,-1,1,1,-1,1,1,-1,-1,1,1,-1,-1,1,-1,1,-1,-1,1,1,1,-1,1,1,1,1,1,1,-1,1,1,-1,1,1,1,1,-1,1,1,1,1,1,-1,-1,1,1,-1,1,1,-1,1,1,-1,1,1,1,1,1,1,-1,-1,1,1,-1,-1,1,-1,1,1,-1,1,-1,1,-1,1,1,1,-1,1,1,-1,-1,1,-1,-1,1,1,-1,1,1,-1,1,1,1,-1,1,1,-1,1,1,-1,-1,-1,-1,-1,1,1,-1,-1,1,1,-1,1,1,-1,-1,-1,1,-1,-1,1,1,-1,-1,1,-1,1,1,1,1,-1,-1,-1,-1,1,-1,1,-1,-1,-1,1,1,-1,1,-1,-1,1,-1,1,1,1,-1,-1,-1,1,1,-1,1,1,-1,-1,-1,1,-1,1,-1,-1,-1,-1,-1,1,1,-1,-1,-1,1,-1,1,1,-1,-1,-1,-1,1,-1,1,-1,1,-1,1,1,-1,1,-1,-1,-1,-1,-1,1,1,-1,-1,-1,-1,-1,1,-1,-1,-1,-1,-1,1,1,-1,-1,1,-1,1,1,1,-1,-1,1,-1,-1,-1,1,1,-1,1,-1,-1,-1,-1,1,-1,-1,-1,1,-1,1,-1,-1,1,1,-1,-1,1,-1,-1,1,-1,1,-1,1,-1,1,1,-1,1,-1,1,-1,1,1,-1,-1,1,1,-1,-1,1,-1,1,-1,-1,1,-1,1,1,-1,-1,1,-1,-1,1,-1,-1,1,-1,1,-1,-1,1,-1,-1,1,-1,-1,-1,1,-1,1,-1,1,-1,1,-1,-1,-1,-1,-1,-1,-1,1,-1,-1,1,1,-1,-1,1,-1,1,-1,-1,1,-1,1,-1,-1,1,1,-1,-1,-1,-1,-1,-1,-1,1,-1,1,-1,-1,1,1,-1,-1,-1,1,-1,1,1,-1,-1,-1,-1,-1,-1,-1,1,-1,-1,1,-1,1,1,1,1,-1,-1,1,-1,-1,1,-1,-1,-1,1,-1,1,-1,1,-1,-1,-1,-1,1,-1,1,-1,-1,1,-1,1,1,1,-1,-1,-1,-1,1,-1,1,-1,1,-1,1,1,1,-1,1,1,-1,1,1,1,1,1,-1,1,-1,-1,-1,1,-1,1,1,-1,1,-1,1,-1,1,-1,-1,-1,1,1,-1,1,1,-1,1,-1,1,-1,1,1,-1,1,-1,1,-1,-1,-1,-1,1,-1,1,-1,-1,-1,-1,1,-1,1,1,1,1,1,-1,-1,1,-1,1,1,-1,1,-1,-1,1,-1,1,-1,1,-1,1,1,1,1,1,1,-1,-1,1,1,1,-1,1,-1,1,1,1,1,-1,-1,-1,1,1,1,1,-1,-1,-1,1,-1,1,-1,1,1,-1,-1,1,1,-1,-1,1,-1,-1,1,1,1,1,1,1,-1,1,1,1,1,-1,1,-1,1,-1,1,-1,1,1,-1,1,1,1,1,1,1,-1,1,-1,1,-1,1,1,-1,1,1,-1,1,1,1,1,1,1,1,1,1,1,-1,1,1,-1,-1,1,-1,-1,1,1,1,-1,1,-1,-1,1,-1,-1,1,1,-1,-1,1,-1,1,-1,1,1,-1,1,-1,1,-1,1,-1,-1,1,-1,1,-1,1,-1,-1,1,-1,1,-1,1,1,-1,1,-1,1,-1,1,1,-1,1,1,1,1,1,-1,1,1,-1,1,1,1,1,-1,1,-1,1,-1,1,1,-1,1,1,-1,1,1,-1,1,-1,1,-1,1,1,1,-1,1,1,-1,1,1,-1,1,1,-1,1,-1,1,-1,-1,1,1,-1,1,1,-1,1,1,1,-1,1,1,-1,1,1,1,1,1,1,-1,1,-1,1,-1,1,1,-1,-1,1,1,1,1,1,-1,1,1,1,-1,1,1,-1,1,1,-1,1,1,1,-1,-1,1,1,1,1,-1,-1,-1,1,1,1,1,-1,-1,-1,1,1,1,1,1,-1,1,1,1,1,1,1,-1,1,1,1,1,1,-1,-1,1,1,-1,1,1,1,1,-1,1,-1,1,1,1,-1,1,1,-1,1,1,1,1,-1,1,-1,1,1,1,1,1,-1,1,1,1,-1,1,1,-1,1,1,1,-1,1,-1,-1,-1,1,-1,1,1,1,-1,1,1,1,-1,1,1,-1,-1,1,1,-1,1,1,-1,1,1,1,-1,1,1,-1,1,-1,1,1,1,1,-1,1,-1,1,1,1,-1,1,1,1,1,1,1,-1,-1,1,1,1,1,-1,1,-1,1,1,-1,-1,1,1,-1,1,1,1,-1,1,-1,-1,1,-1,1,-1,1,-1,1,-1,1,1,1,1,-1,1,1,1,-1,-1,1,1,-1,1,1,-1,-1,1,1,-1,-1,-1,1,1,1,-1,-1,-1,-1,1,1,1,-1,1,1,1,1,1,-1,-1,1,1,1,1,-1,1,-1,1,-1,1,1,1,-1,-1,1,-1,-1,-1,-1,-1,-1,1,-1,1,1,1,-1,1,1,-1,-1,1,1,1,-1,1,-1,1,1,1,1,-1,1,-1,1,1,1,1,-1,1,-1,1,1,1,1,-1,1,-1,1,-1,1,-1,-1,1,-1,-1,1,1,-1,-1,-1,-1,1,1,-1,1,-1,1,1,-1,1,-2658.0,1,2000,445,1500,True
2422,-1,-1,1,1,1,1,-1,1,-1,-1,-1,1,-1,1,-1,-1,1,-1,1,1,1,1,-1,-1,-1,1,-1,-1,-1,-1,-1,-1,1,1,-1,1,1,-1,-1,-1,1,-1,1,-1,-1,-1,1,1,-1,-1,-1,-1,1,1,1,-1,-1,1,-1,-1,1,1,1,1,-1,1,-1,1,1,-1,1,-1,-1,-1,1,-1,1,1,-1,-1,-1,1,1,-1,-1,-1,-1,1,1,1,-1,-1,-1,1,-1,1,-1,1,-1,1,1,1,1,-1,1,-1,-1,1,1,1,-1,-1,-1,-1,1,1,1,-1,1,-1,-1,1,1,1,-1,-1,-1,-1,1,1,-1,-1,1,-1,-1,1,1,1,-1,1,-1,-1,1,1,1,-1,1,-1,-1,-1,1,1,-1,1,1,-1,1,1,1,-1,1,-1,-1,-1,1,1,-1,1,1,-1,1,1,1,-1,1,-1,-1,1,1,-1,1,-1,1,-1,1,1,-1,1,1,-1,-1,-1,1,1,1,1,1,-1,1,1,-1,1,1,1,-1,1,1,1,-1,1,1,-1,1,1,1,1,1,1,1,1,1,-1,-1,1,1,1,-1,1,-1,-1,1,1,-1,1,1,-1,-1,1,1,1,1,1,-1,1,1,1,1,1,-1,1,-1,1,1,1,1,1,-1,1,1,1,1,-1,1,-1,1,-1,1,-1,-1,1,-1,1,-1,1,1,1,1,1,1,-1,1,-1,1,1,1,-1,1,1,1,1,1,1,-1,1,1,1,-1,-1,1,1,-1,1,-1,-1,-1,1,-1,-1,1,1,1,-1,1,1,1,1,-1,-1,-1,1,-1,1,-1,1,-1,-1,1,1,-1,1,-1,-1,-1,1,1,1,-1,-1,-1,1,1,-1,1,1,-1,-1,1,1,-1,1,-1,-1,1,-1,1,1,-1,-1,-1,1,1,1,-1,1,1,-1,-1,1,1,-1,1,-1,-1,-1,1,1,-1,1,-1,-1,1,-1,1,-1,1,-1,-1,1,-1,1,-1,1,1,-1,1,-1,1,1,-1,1,-1,-1,1,1,-1,1,-1,-1,1,1,-1,-1,1,1,-1,1,-1,1,-1,1,-1,1,1,-1,1,1,1,-1,1,1,-1,1,-1,1,-1,-1,1,-1,1,1,1,1,-1,1,1,1,1,1,-1,-1,1,-1,-1,1,-1,1,-1,-1,1,-1,1,1,-1,-1,-1,1,-1,1,-1,1,-1,-1,1,-1,1,1,-1,-1,-1,1,-1,-1,1,1,-1,-1,1,-1,1,1,-1,1,-1,1,-1,-1,1,1,-1,-1,-1,-1,1,1,-1,1,-1,1,-1,1,-1,1,-1,-1,-1,-1,1,-1,1,-1,-1,-1,-1,1,-1,-1,-1,-1,-1,-1,1,-1,1,-1,1,-1,-1,1,-1,-1,1,-1,-1,-1,1,1,1,-1,1,-1,-1,-1,-1,1,-1,1,-1,-1,1,-1,1,1,1,-1,-1,-1,1,1,-1,1,-1,1,-1,1,1,1,-1,1,1,-1,1,1,1,1,1,1,1,-1,1,1,-1,1,-1,1,-1,-1,1,-1,-1,1,-1,-1,1,-1,-1,1,1,1,-1,1,1,-1,1,1,1,-1,-1,1,-1,-1,1,-1,-1,1,1,-1,-1,-1,-1,-1,1,1,-1,1,1,1,1,-1,1,-1,-1,1,1,-1,1,1,-1,-1,-1,1,-1,-1,1,1,-1,1,1,1,1,1,-1,1,1,1,-1,1,1,1,-1,1,1,-1,1,1,-1,1,1,1,-1,1,1,-1,-1,1,-1,1,1,1,-1,1,1,1,-1,1,1,-1,1,1,1,1,1,1,1,1,1,1,1,1,1,-1,1,-1,1,-1,1,1,1,1,1,1,1,1,1,-1,1,-1,1,1,1,1,1,-1,1,-1,1,1,1,1,1,1,1,1,1,1,-1,1,1,-1,-1,1,-1,-1,1,1,1,-1,1,1,-1,1,-1,1,1,1,-1,-1,1,-1,1,-1,-1,1,-1,1,-1,1,-1,1,-1,1,1,-1,1,-1,1,-1,-1,1,-1,1,-1,1,-1,-1,1,-1,1,-1,1,-1,-1,1,1,1,1,1,-1,1,1,-1,1,1,1,1,-1,1,-1,1,-1,1,-1,1,1,1,-1,1,1,-1,1,1,1,-1,1,1,1,-1,1,-1,-1,1,1,-1,-1,1,-1,1,-1,-1,1,-1,1,1,-1,1,1,-1,-1,1,1,-1,1,1,-1,-1,-1,1,1,1,1,-1,-1,1,1,-1,1,1,-1,-1,1,-1,1,1,1,-1,-1,-1,1,-1,1,1,-1,1,-1,-1,1,1,1,-1,-1,-1,-1,-1,1,-1,-1,-1,1,-1,1,1,-1,-1,-1,-1,-1,1,1,1,-1,-1,-1,-1,1,1,-1,1,-1,-1,1,1,1,-1,-1,1,-1,-1,1,1,-1,-1,1,-1,-1,1,1,-1,1,-1,-1,-1,1,1,-1,-1,1,-1,-1,1,1,-1,-1,1,-1,-1,1,1,-1,1,1,1,-1,-1,1,-1,-1,1,-1,-1,1,-1,-1,-1,1,1,-1,-1,1,-1,1,-1,1,-1,1,1,-1,1,-1,1,-1,1,1,-1,1,1,1,1,-1,1,-1,1,1,-1,1,-1,1,-1,1,1,1,-1,1,1,1,1,-1,1,1,-1,1,1,-1,1,1,-1,-1,1,-1,1,1,-1,1,-1,1,-1,1,-1,-1,1,-1,1,-1,1,-1,1,-1,-1,-1,1,1,-1,-1,1,-1,-1,-1,1,-1,-1,1,-1,-1,-1,1,1,-1,1,-1,-1,1,-1,-1,-1,-1,1,-1,1,1,-1,1,1,-1,1,1,-1,-1,1,-1,-1,-1,-1,1,-1,1,1,-1,1,1,-1,-1,-1,-1,1,-1,-1,-1,-1,-1,-1,-1,1,1,-1,1,1,-1,1,1,-1,-1,-1,1,-1,1,1,1,-1,-1,1,-1,-1,1,1,-1,-1,1,-1,1,1,1,-1,-1,1,-1,1,1,1,1,-1,1,-1,-1,1,1,-1,-1,-1,1,-1,1,-1,1,-1,1,-1,-1,1,-2658.0,1,2000,445,1500,True
2423,1,1,-1,-1,1,1,-1,1,1,1,1,-1,-1,1,1,1,-1,1,-1,-1,-1,1,1,1,1,1,-1,-1,1,1,1,1,-1,-1,-1,1,-1,1,1,1,-1,-1,1,1,1,1,1,1,-1,-1,1,1,-1,1,-1,-1,1,-1,1,1,1,-1,-1,-1,1,1,1,1,1,-1,1,-1,1,1,1,1,-1,1,-1,1,1,1,1,-1,-1,1,1,1,1,1,-1,1,-1,1,1,1,-1,1,-1,1,1,1,1,1,1,-1,-1,1,1,1,1,-1,-1,-1,1,1,1,1,1,-1,-1,1,1,1,1,-1,-1,-1,1,1,1,1,1,-1,-1,1,1,1,1,1,-1,-1,-1,1,1,1,1,-1,-1,-1,1,1,1,1,1,-1,-1,1,1,1,1,1,-1,-1,1,1,1,1,1,-1,1,1,1,1,1,-1,-1,1,1,1,1,-1,1,-1,1,1,1,1,1,-1,-1,-1,1,1,1,1,1,-1,-1,1,-1,-1,1,1,-1,-1,1,1,1,1,1,-1,1,1,-1,-1,1,1,-1,1,1,-1,-1,1,1,1,-1,1,-1,-1,1,1,-1,-1,1,1,1,1,1,-1,-1,1,-1,-1,1,1,1,-1,1,-1,1,1,1,-1,1,1,-1,1,1,1,-1,-1,1,-1,1,-1,1,1,1,1,-1,1,-1,1,1,1,1,-1,1,-1,1,1,1,1,-1,1,1,1,1,1,1,1,1,1,1,-1,-1,1,1,1,-1,1,1,1,1,-1,1,-1,1,1,1,-1,1,1,1,1,1,1,1,-1,-1,1,1,-1,1,1,1,1,-1,1,1,1,1,1,1,1,1,1,1,1,1,-1,1,1,1,1,1,1,-1,1,1,1,1,-1,1,1,-1,1,1,1,1,1,-1,1,1,1,1,1,1,-1,1,1,1,1,1,1,-1,1,1,1,1,1,1,-1,1,1,1,-1,-1,1,-1,1,-1,1,-1,1,1,1,-1,-1,1,1,-1,1,-1,1,1,1,1,-1,-1,-1,1,1,1,1,-1,1,-1,1,1,1,-1,1,1,1,1,1,1,-1,1,1,-1,1,1,1,-1,-1,1,1,1,-1,1,-1,1,1,1,1,1,1,1,-1,-1,1,-1,1,1,1,-1,1,1,1,1,1,1,1,-1,1,-1,-1,1,-1,1,-1,1,1,-1,-1,1,1,-1,-1,1,-1,1,1,-1,-1,1,1,-1,1,-1,1,-1,-1,1,-1,1,1,1,-1,1,1,1,1,1,1,-1,1,-1,1,-1,1,-1,-1,1,-1,1,-1,1,-1,-1,1,-1,1,-1,1,-1,-1,1,-1,-1,1,1,-1,-1,1,-1,1,-1,1,1,-1,1,1,-1,-1,1,1,-1,-1,1,1,-1,1,-1,-1,1,1,-1,1,1,1,-1,-1,1,-1,1,1,1,1,-1,1,-1,-1,1,1,1,-1,1,-1,1,-1,-1,1,1,-1,1,1,-1,-1,1,1,1,-1,1,-1,1,-1,1,1,1,-1,-1,-1,-1,-1,1,-1,1,-1,-1,-1,1,1,-1,1,-1,-1,-1,1,1,-1,1,-1,-1,1,1,1,-1,1,-1,-1,-1,-1,1,1,1,-1,1,-1,-1,1,-1,1,-1,-1,1,1,-1,-1,1,1,-1,-1,-1,-1,-1,1,1,-1,-1,-1,1,-1,1,1,-1,-1,1,-1,1,1,-1,-1,-1,-1,-1,1,1,-1,1,-1,-1,1,1,1,1,-1,-1,-1,-1,-1,1,-1,1,-1,-1,1,-1,1,1,-1,-1,-1,-1,1,1,1,-1,1,-1,1,-1,1,1,-1,-1,-1,-1,-1,1,1,-1,-1,-1,1,-1,1,1,1,-1,1,1,-1,1,1,-1,-1,-1,1,-1,1,1,1,-1,1,-1,-1,-1,-1,1,-1,-1,-1,-1,1,-1,-1,-1,1,1,-1,1,1,-1,-1,1,1,-1,1,-1,-1,1,-1,-1,-1,1,1,-1,1,-1,-1,-1,-1,1,-1,-1,1,-1,-1,-1,1,-1,1,-1,1,-1,-1,-1,-1,-1,1,-1,-1,-1,1,-1,1,-1,-1,-1,-1,-1,-1,-1,1,-1,-1,-1,1,1,-1,1,-1,-1,-1,1,-1,-1,1,-1,-1,-1,-1,-1,1,1,-1,-1,-1,-1,-1,1,-1,-1,-1,1,-1,-1,1,-1,1,-1,-1,-1,-1,-1,-1,-1,1,-1,-1,-1,1,1,-1,-1,-1,-1,1,-1,-1,-1,-1,-1,-1,-1,1,-1,1,-1,-1,-1,-1,1,-1,1,1,-1,1,-1,-1,1,1,-1,-1,-1,-1,-1,-1,1,1,-1,-1,1,-1,1,1,-1,-1,-1,1,-1,-1,1,-1,-1,1,1,-1,1,1,1,-1,1,-1,1,1,1,-1,-1,1,-1,-1,1,1,-1,-1,1,-1,-1,1,1,-1,1,1,-1,-1,1,1,-1,-1,1,-1,-1,1,1,-1,-1,1,-1,-1,1,1,1,-1,-1,1,-1,-1,1,-1,-1,1,-1,-1,1,-1,1,-1,1,1,-1,-1,1,1,-1,-1,1,-1,1,1,1,-1,1,-1,1,1,1,1,-1,-1,1,1,-1,1,-1,-1,-1,-1,1,-1,1,-1,-1,1,1,-1,1,1,-1,-1,-1,1,1,-1,1,-1,1,-1,1,-1,-1,1,1,-1,1,-1,1,-1,1,1,-1,1,-1,1,-1,1,1,-1,-1,1,-1,-1,-1,1,-1,1,-1,1,-1,-1,1,1,-1,-1,1,-1,-1,1,-1,1,-1,1,-1,-1,1,-1,-1,-1,-1,1,-1,1,1,-1,1,1,-1,1,1,-1,-1,1,1,-1,-1,1,-1,-1,1,1,-1,1,1,-1,-1,-1,-1,1,-1,-1,-1,-1,1,-1,-1,1,1,-1,1,1,-1,1,1,1,-1,-1,1,-1,1,1,1,-1,-1,1,-1,-1,-1,1,-1,-1,1,-1,1,1,1,-1,-1,1,-1,1,1,1,1,-1,1,-1,-1,1,1,-1,-1,-1,1,-1,1,-1,1,-1,1,-1,-1,1,-2658.0,1,2000,445,1000,True
2424,-1,-1,1,1,1,1,-1,1,-1,-1,-1,1,-1,1,-1,-1,1,-1,1,1,1,-1,-1,-1,-1,1,-1,-1,-1,-1,-1,-1,1,1,-1,-1,1,-1,-1,-1,1,-1,-1,-1,-1,-1,1,-1,1,1,-1,-1,1,-1,1,-1,-1,1,-1,-1,-1,1,1,1,-1,-1,-1,-1,-1,-1,-1,1,-1,-1,1,-1,1,-1,1,-1,-1,-1,-1,1,1,-1,-1,1,-1,1,-1,-1,-1,-1,1,-1,-1,1,1,1,-1,1,-1,-1,1,1,-1,-1,1,-1,-1,1,1,1,-1,1,-1,-1,1,1,-1,-1,1,1,-1,1,1,-1,1,1,1,-1,1,1,-1,1,1,1,-1,1,1,-1,1,1,1,-1,-1,1,1,-1,1,1,-1,1,-1,1,-1,1,1,-1,1,1,1,1,1,1,-1,1,1,-1,1,1,-1,-1,1,1,-1,-1,1,-1,1,-1,-1,1,1,1,-1,1,1,1,1,1,1,-1,1,1,-1,1,1,1,1,-1,1,-1,1,1,1,-1,-1,1,-1,-1,1,1,-1,1,1,-1,1,1,1,1,1,1,-1,-1,1,1,-1,-1,1,-1,1,1,-1,1,-1,1,-1,1,1,1,-1,1,1,-1,-1,1,-1,-1,1,1,-1,1,1,1,1,1,1,-1,1,1,-1,1,1,-1,1,-1,-1,-1,1,1,-1,-1,1,1,-1,1,1,-1,-1,-1,1,-1,-1,1,1,1,-1,1,-1,1,1,1,1,-1,-1,-1,-1,1,-1,1,-1,-1,-1,-1,1,-1,1,1,-1,1,-1,1,1,1,-1,-1,-1,1,1,-1,1,1,-1,-1,-1,1,-1,1,-1,1,-1,-1,-1,1,1,-1,-1,-1,1,-1,-1,1,-1,-1,-1,-1,1,-1,1,-1,1,-1,1,1,-1,1,-1,-1,-1,-1,-1,1,1,-1,-1,-1,-1,-1,1,-1,-1,-1,-1,-1,1,1,-1,-1,1,-1,1,1,1,-1,-1,1,-1,-1,-1,1,1,-1,1,-1,-1,-1,-1,1,-1,-1,-1,1,-1,1,-1,-1,1,1,-1,-1,1,1,-1,1,-1,1,-1,1,-1,1,1,-1,1,-1,1,-1,1,1,-1,-1,1,1,-1,-1,1,-1,1,-1,-1,1,-1,1,1,-1,-1,1,-1,-1,1,-1,-1,1,-1,1,-1,-1,1,-1,-1,1,-1,-1,-1,1,-1,1,-1,1,-1,-1,1,-1,-1,-1,-1,-1,-1,1,-1,-1,1,1,-1,-1,1,-1,1,-1,-1,1,-1,1,-1,-1,1,1,-1,-1,-1,-1,-1,-1,-1,1,-1,1,-1,-1,1,1,-1,-1,-1,1,-1,1,1,-1,-1,-1,-1,-1,-1,-1,1,-1,-1,1,-1,1,1,1,1,-1,-1,1,-1,-1,1,-1,-1,-1,1,-1,1,-1,1,-1,-1,-1,-1,1,-1,1,-1,-1,1,-1,1,1,1,-1,-1,-1,-1,1,-1,1,-1,-1,-1,1,1,1,-1,1,1,-1,1,1,1,1,1,-1,1,-1,-1,-1,1,-1,-1,1,-1,1,-1,1,-1,1,-1,-1,-1,1,1,-1,1,1,-1,1,-1,1,-1,1,1,-1,1,-1,1,-1,-1,-1,-1,1,-1,1,-1,-1,-1,-1,1,-1,1,-1,1,1,1,1,-1,1,-1,1,1,-1,1,-1,1,-1,-1,1,-1,1,-1,-1,1,1,1,1,1,-1,-1,1,1,1,-1,1,-1,1,1,1,1,-1,-1,-1,1,1,1,1,-1,-1,-1,1,-1,1,-1,1,1,-1,-1,1,1,-1,-1,1,-1,-1,1,1,-1,1,1,1,-1,1,1,1,1,-1,1,-1,1,-1,1,-1,1,1,-1,1,1,1,1,1,1,-1,1,-1,1,-1,1,1,-1,1,1,-1,1,1,1,1,1,1,1,1,1,1,-1,1,1,-1,-1,1,-1,-1,1,1,1,-1,1,-1,-1,1,-1,1,1,1,-1,-1,1,-1,1,-1,1,1,-1,1,-1,1,-1,1,-1,-1,1,-1,1,-1,1,-1,-1,1,-1,1,-1,1,1,-1,1,-1,1,-1,1,1,-1,1,1,1,1,1,-1,1,1,-1,1,1,1,1,-1,1,-1,1,-1,1,1,-1,1,1,-1,1,1,-1,1,-1,1,-1,1,1,1,-1,1,1,-1,1,1,-1,1,1,-1,1,-1,1,-1,-1,1,1,-1,1,1,-1,1,1,1,-1,1,1,-1,1,1,1,1,1,1,-1,1,-1,1,-1,1,1,-1,-1,1,1,1,1,1,-1,1,1,1,-1,1,1,-1,1,1,-1,1,1,1,-1,-1,1,1,-1,1,-1,-1,-1,1,1,1,1,1,-1,-1,1,1,1,1,1,-1,1,1,1,1,1,1,-1,1,1,1,1,1,-1,-1,1,1,-1,1,1,1,1,-1,1,-1,1,1,1,-1,1,1,-1,1,1,1,1,-1,1,-1,1,1,-1,1,1,-1,1,1,1,-1,1,1,-1,1,1,1,1,1,-1,-1,-1,1,-1,-1,1,1,-1,1,1,1,-1,1,1,-1,-1,1,1,-1,1,1,-1,1,1,1,-1,1,1,-1,1,-1,1,1,1,1,-1,1,-1,1,1,1,-1,1,1,1,1,1,1,-1,-1,1,1,1,1,-1,1,-1,1,1,1,-1,1,1,-1,1,1,1,-1,1,-1,-1,1,-1,1,-1,1,-1,1,-1,1,1,1,1,-1,1,1,1,-1,-1,1,1,-1,1,1,-1,-1,1,1,-1,-1,-1,1,1,1,-1,-1,-1,-1,1,1,-1,-1,1,1,1,1,1,-1,-1,1,1,1,1,-1,1,-1,1,-1,1,1,-1,1,-1,1,-1,-1,-1,-1,-1,-1,1,-1,1,1,1,-1,1,1,-1,-1,1,-1,-1,-1,1,-1,1,1,1,1,-1,1,-1,1,1,1,-1,-1,1,-1,1,1,1,-1,-1,1,-1,1,-1,-1,-1,-1,1,-1,-1,1,1,-1,-1,-1,-1,1,1,-1,1,-1,1,1,-1,1,-2658.0,1,2000,445,1500,True
2425,1,1,-1,-1,1,1,-1,1,1,1,1,-1,-1,1,1,1,-1,1,-1,-1,-1,1,1,1,1,-1,-1,-1,1,1,1,1,-1,-1,-1,1,-1,1,1,-1,-1,-1,1,1,1,1,1,-1,1,1,1,1,-1,1,-1,-1,1,-1,1,1,1,-1,-1,1,1,1,1,1,-1,-1,1,-1,1,1,1,-1,-1,1,-1,1,1,-1,-1,-1,-1,1,1,1,-1,-1,-1,1,-1,1,1,-1,-1,1,-1,1,1,1,-1,-1,1,-1,-1,1,1,-1,-1,-1,-1,-1,1,1,-1,-1,1,-1,-1,1,1,1,-1,-1,-1,-1,1,1,1,-1,1,-1,-1,1,1,1,-1,1,-1,-1,1,1,1,-1,1,-1,-1,-1,1,1,-1,-1,1,-1,-1,1,1,-1,1,-1,-1,-1,1,1,-1,1,1,-1,1,1,-1,-1,1,-1,-1,1,1,-1,1,-1,1,-1,1,1,-1,1,1,-1,-1,-1,1,1,1,1,1,-1,1,1,-1,1,1,1,-1,1,1,1,-1,1,1,-1,1,1,-1,1,1,1,-1,1,1,1,1,1,1,1,-1,1,-1,-1,1,1,-1,-1,1,1,-1,1,1,-1,-1,1,-1,1,1,1,1,-1,1,1,-1,1,1,-1,1,1,-1,1,1,1,-1,-1,1,-1,1,-1,1,1,1,1,-1,1,-1,1,1,1,1,-1,1,-1,1,1,1,1,-1,-1,1,1,1,1,1,1,-1,1,1,-1,-1,1,1,-1,-1,1,1,1,1,-1,1,-1,1,1,1,-1,1,-1,-1,1,1,1,1,-1,1,-1,1,-1,1,1,1,1,-1,1,1,1,1,1,-1,-1,1,1,1,1,1,1,1,1,1,1,1,1,-1,1,1,1,-1,1,1,-1,1,1,1,1,1,1,1,-1,1,-1,1,1,1,1,-1,1,1,1,1,1,1,-1,1,1,-1,1,1,-1,-1,1,1,1,-1,1,1,-1,-1,1,-1,1,1,1,1,-1,1,1,-1,1,1,-1,1,1,-1,-1,-1,-1,-1,1,1,-1,1,1,-1,-1,1,-1,-1,1,1,1,-1,1,-1,1,1,1,-1,-1,1,1,-1,-1,1,-1,-1,-1,1,-1,1,-1,1,-1,1,1,-1,-1,-1,-1,1,1,1,1,-1,1,-1,-1,1,1,1,1,-1,-1,1,-1,1,-1,1,-1,-1,-1,-1,1,1,1,-1,-1,1,-1,1,1,1,-1,-1,-1,1,-1,1,1,-1,-1,1,-1,1,1,1,-1,-1,-1,1,1,1,1,-1,-1,1,1,1,1,-1,1,-1,1,1,1,1,-1,1,1,-1,1,1,1,-1,1,-1,1,-1,1,1,-1,-1,1,-1,1,1,1,1,1,1,-1,-1,1,1,1,-1,1,-1,1,1,1,-1,-1,1,-1,-1,1,-1,1,-1,-1,1,-1,1,-1,1,1,-1,1,-1,-1,1,1,1,-1,1,-1,1,-1,-1,-1,-1,-1,1,1,-1,-1,1,1,1,-1,1,-1,1,-1,1,1,1,-1,-1,-1,1,-1,1,1,1,-1,-1,-1,1,1,-1,1,-1,-1,-1,1,1,-1,1,-1,-1,1,1,1,-1,1,-1,-1,-1,-1,1,1,1,-1,1,-1,-1,1,-1,1,-1,1,1,-1,1,-1,1,1,-1,-1,-1,-1,-1,1,1,-1,1,-1,-1,-1,1,1,-1,-1,-1,1,1,1,-1,-1,-1,-1,1,1,1,-1,1,-1,1,-1,1,1,1,-1,-1,-1,-1,-1,1,-1,1,-1,-1,1,-1,1,1,-1,1,-1,-1,1,1,1,-1,1,-1,-1,-1,1,1,-1,-1,-1,-1,-1,1,1,-1,1,-1,-1,-1,1,1,-1,-1,1,-1,-1,1,1,-1,-1,-1,-1,-1,1,1,-1,-1,1,-1,-1,-1,-1,1,-1,1,-1,-1,1,-1,-1,1,-1,1,-1,-1,1,-1,1,-1,1,-1,1,-1,-1,1,-1,1,-1,-1,1,-1,1,-1,-1,-1,-1,1,-1,1,-1,1,-1,-1,1,-1,1,-1,1,-1,-1,-1,1,1,-1,-1,-1,-1,1,-1,-1,-1,-1,-1,-1,-1,-1,1,-1,-1,-1,-1,1,1,-1,1,-1,-1,-1,1,-1,-1,1,-1,-1,-1,-1,-1,1,1,-1,-1,-1,-1,-1,1,-1,-1,-1,1,-1,-1,1,-1,1,-1,-1,-1,-1,-1,-1,-1,1,-1,-1,-1,1,1,1,-1,-1,-1,1,-1,-1,-1,-1,-1,-1,-1,1,-1,1,-1,-1,-1,-1,1,-1,1,1,-1,1,-1,-1,1,1,-1,-1,-1,-1,-1,-1,1,1,-1,-1,1,-1,1,1,1,-1,-1,1,-1,-1,1,-1,-1,1,-1,-1,1,1,1,-1,1,-1,1,1,1,-1,-1,1,-1,-1,1,1,1,-1,1,-1,-1,-1,1,-1,1,1,-1,-1,1,1,1,1,1,-1,-1,1,-1,-1,1,1,-1,-1,1,1,1,1,1,1,-1,1,1,1,-1,1,-1,-1,1,1,1,1,1,1,-1,-1,1,-1,1,1,1,-1,1,1,1,1,-1,1,-1,1,1,1,1,1,1,-1,1,-1,1,1,1,-1,1,1,1,1,1,1,-1,1,-1,1,1,1,-1,-1,1,1,1,1,-1,1,-1,-1,1,-1,1,1,-1,1,-1,1,-1,1,1,-1,-1,-1,1,1,1,1,-1,-1,1,1,-1,1,1,-1,1,-1,1,-1,1,1,-1,1,-1,1,-1,1,1,1,1,1,1,1,1,1,-1,-1,1,1,1,1,1,-1,1,-1,-1,1,1,-1,-1,1,-1,1,-1,1,1,-1,1,1,1,1,1,-1,-1,-1,1,-1,-1,-1,-1,-1,1,1,1,1,1,-1,1,1,1,-1,1,1,1,-1,1,1,1,1,1,-1,-1,1,1,1,1,1,-1,-1,-1,1,-1,1,1,-1,-1,1,1,1,-1,1,1,-1,1,1,1,1,1,-1,-1,-1,1,1,1,1,1,-1,1,-1,1,1,-2658.0,1,2000,445,1000,True
2426,1,1,-1,-1,1,-1,-1,1,1,1,1,-1,1,1,1,1,-1,1,-1,-1,-1,1,1,1,1,-1,-1,-1,1,1,1,1,1,-1,-1,1,-1,1,1,1,-1,-1,1,1,1,1,1,-1,1,1,1,1,-1,1,-1,-1,1,-1,1,1,-1,-1,-1,-1,1,1,1,1,-1,-1,1,-1,1,1,1,-1,-1,-1,1,1,1,-1,-1,-1,-1,1,1,1,-1,-1,-1,1,-1,1,1,-1,-1,1,-1,1,1,1,-1,-1,1,-1,-1,1,1,-1,-1,1,-1,-1,1,1,-1,-1,1,-1,-1,1,1,1,-1,-1,-1,-1,1,1,-1,-1,-1,-1,-1,1,1,1,-1,-1,-1,-1,1,1,1,-1,1,-1,-1,-1,1,1,-1,-1,1,-1,-1,1,1,-1,-1,1,-1,-1,1,1,-1,-1,1,-1,1,1,-1,-1,-1,-1,-1,1,1,-1,-1,1,1,-1,1,1,-1,-1,-1,-1,-1,-1,1,-1,-1,-1,1,-1,-1,1,-1,1,-1,1,-1,-1,1,-1,-1,-1,1,-1,1,1,1,-1,-1,1,-1,1,1,1,-1,-1,1,1,-1,1,-1,-1,-1,1,1,-1,1,-1,-1,-1,1,-1,-1,1,-1,1,-1,1,1,-1,1,-1,1,-1,1,-1,1,1,1,-1,-1,1,-1,-1,-1,1,-1,-1,1,1,1,1,1,-1,1,1,1,1,1,1,-1,1,1,1,1,1,1,-1,-1,1,1,1,1,1,1,-1,1,-1,-1,1,-1,1,1,1,1,1,1,1,1,-1,1,-1,1,-1,1,1,1,1,1,1,1,-1,1,1,1,-1,1,1,1,-1,1,1,1,1,1,1,-1,1,1,1,1,1,1,1,-1,1,1,1,1,-1,-1,1,1,1,1,-1,1,1,-1,1,1,1,1,1,-1,1,1,1,1,1,1,-1,1,-1,1,1,1,1,-1,1,-1,1,1,1,1,-1,1,-1,1,-1,-1,1,-1,1,1,-1,1,1,1,-1,-1,1,-1,1,-1,1,-1,1,-1,-1,1,-1,-1,-1,1,1,-1,1,-1,1,-1,1,-1,1,-1,1,1,1,1,-1,1,-1,1,1,-1,1,-1,-1,-1,-1,1,1,-1,1,-1,-1,1,-1,1,-1,-1,-1,1,-1,-1,1,-1,1,-1,-1,1,-1,1,-1,-1,-1,1,1,-1,1,-1,1,-1,-1,1,-1,1,-1,-1,-1,-1,1,-1,-1,1,1,-1,-1,-1,-1,1,1,-1,1,-1,1,-1,1,-1,1,-1,-1,1,-1,1,-1,-1,-1,1,1,-1,1,-1,1,-1,1,-1,1,1,-1,1,-1,1,-1,-1,1,-1,-1,-1,1,-1,1,-1,1,1,-1,1,-1,-1,1,-1,-1,1,-1,1,-1,-1,-1,1,-1,1,1,-1,-1,-1,1,-1,1,-1,-1,1,-1,1,1,1,1,-1,-1,1,1,-1,1,1,1,-1,1,1,1,-1,1,1,-1,1,1,1,1,-1,1,1,-1,-1,1,-1,1,-1,1,1,1,-1,-1,-1,1,-1,-1,1,-1,-1,-1,1,1,-1,1,1,-1,-1,1,1,-1,-1,1,-1,-1,-1,-1,-1,-1,1,-1,-1,-1,-1,-1,-1,1,-1,-1,1,1,1,1,1,-1,1,1,1,-1,-1,1,-1,1,-1,1,-1,-1,1,1,-1,1,1,1,-1,1,1,-1,-1,1,-1,-1,-1,1,-1,-1,1,-1,1,1,-1,-1,1,1,-1,1,1,-1,1,1,-1,1,1,1,1,-1,1,1,-1,-1,1,1,-1,1,1,1,-1,1,1,-1,-1,1,1,1,1,1,-1,1,1,-1,-1,1,1,-1,-1,1,1,-1,1,1,-1,-1,1,1,-1,1,1,-1,-1,-1,1,-1,1,1,-1,-1,1,1,-1,1,1,-1,-1,1,-1,-1,-1,-1,1,-1,1,-1,-1,1,-1,-1,-1,1,1,-1,1,1,-1,-1,1,-1,-1,1,-1,-1,1,-1,-1,-1,1,1,-1,-1,1,1,-1,-1,1,-1,-1,1,-1,-1,-1,1,-1,1,1,-1,-1,-1,-1,-1,-1,1,-1,-1,-1,1,-1,1,-1,-1,-1,-1,-1,-1,-1,1,-1,-1,-1,1,1,-1,1,-1,-1,-1,1,-1,-1,1,-1,-1,-1,-1,-1,1,1,-1,-1,-1,-1,-1,1,-1,-1,-1,1,-1,-1,1,-1,1,-1,-1,-1,-1,-1,-1,-1,1,-1,-1,-1,1,1,-1,-1,-1,-1,1,-1,-1,-1,-1,-1,-1,-1,1,1,1,-1,-1,1,-1,1,-1,1,1,-1,1,-1,-1,1,1,-1,-1,-1,-1,-1,-1,1,1,-1,-1,1,-1,1,1,-1,-1,-1,1,-1,1,1,-1,-1,1,1,-1,1,1,1,1,-1,-1,1,1,1,-1,-1,1,-1,-1,1,1,1,1,-1,1,-1,1,1,-1,1,-1,-1,-1,1,1,1,1,-1,1,-1,1,1,1,1,1,-1,-1,1,1,1,1,1,-1,-1,1,1,1,1,-1,-1,-1,1,-1,1,1,1,-1,1,1,1,-1,1,1,-1,-1,1,1,1,1,1,-1,1,1,1,1,1,1,-1,1,-1,1,1,1,1,-1,1,-1,1,1,1,-1,-1,1,-1,1,1,1,1,1,1,-1,1,1,-1,1,1,-1,-1,1,1,1,-1,1,1,-1,1,1,1,1,-1,1,-1,1,1,1,1,1,-1,-1,-1,1,1,1,-1,1,-1,1,1,1,-1,1,1,-1,1,1,1,1,1,-1,-1,-1,1,1,1,1,-1,1,1,-1,1,1,-1,1,-1,1,1,1,1,-1,1,-1,-1,1,1,1,-1,1,1,1,1,-1,1,1,-1,1,-1,-1,1,1,-1,1,1,1,1,-1,1,-1,-1,1,1,1,1,1,-1,-1,1,1,1,1,1,1,-1,1,1,1,1,1,1,-1,1,1,1,1,1,-1,-1,1,1,1,-1,1,1,-1,1,1,1,-1,1,-1,1,-1,1,1,-1,1,1,-1,1,1,-2658.0,1,2000,445,500,True
2427,1,1,-1,-1,1,-1,-1,1,1,1,1,-1,1,1,1,1,-1,1,-1,-1,-1,1,1,1,1,-1,-1,-1,1,1,1,1,1,-1,-1,1,-1,1,1,1,-1,-1,1,1,1,1,1,-1,1,1,1,1,-1,1,-1,-1,1,-1,1,1,1,-1,-1,-1,1,1,1,1,-1,-1,1,-1,1,1,1,-1,-1,1,-1,1,1,-1,-1,-1,-1,1,1,1,-1,-1,-1,1,-1,1,1,-1,-1,1,-1,1,1,1,-1,-1,1,-1,-1,1,1,-1,-1,1,-1,-1,1,1,-1,-1,1,-1,-1,1,1,1,-1,-1,-1,-1,1,1,1,-1,1,-1,-1,1,1,1,-1,-1,-1,-1,1,1,1,-1,1,-1,-1,-1,1,1,-1,-1,1,-1,1,1,1,-1,1,1,-1,-1,1,1,-1,1,1,-1,1,1,-1,-1,1,-1,-1,1,1,-1,1,-1,1,-1,1,1,-1,1,1,-1,-1,-1,1,1,1,1,1,-1,-1,1,-1,1,1,1,-1,-1,1,1,-1,1,1,-1,1,1,-1,1,1,1,-1,1,1,1,1,1,1,1,-1,1,-1,-1,1,1,-1,-1,1,1,-1,1,1,-1,-1,1,-1,1,1,1,1,-1,1,1,-1,1,1,-1,1,1,-1,1,1,1,-1,-1,1,-1,1,-1,1,1,1,1,-1,1,-1,1,1,1,1,-1,1,-1,1,1,1,1,-1,-1,1,1,1,1,1,1,-1,1,1,-1,-1,1,1,-1,-1,1,1,1,1,-1,1,-1,1,1,1,-1,1,-1,-1,1,1,1,1,-1,1,-1,1,-1,1,1,1,1,-1,1,1,1,1,1,-1,-1,1,1,1,1,1,1,1,1,1,1,1,1,-1,1,1,1,-1,1,1,-1,1,1,1,1,1,1,1,-1,1,-1,1,1,1,1,-1,1,1,1,1,1,1,-1,1,1,-1,1,1,-1,-1,1,1,1,-1,1,1,-1,-1,1,-1,1,1,1,1,-1,1,1,-1,1,1,-1,1,1,-1,-1,-1,-1,-1,1,1,-1,1,1,-1,-1,1,-1,-1,1,1,1,-1,1,-1,1,1,1,-1,-1,1,1,1,-1,1,-1,-1,-1,1,-1,1,-1,-1,1,1,1,-1,-1,-1,-1,1,1,1,1,-1,1,-1,1,1,1,1,1,-1,-1,1,-1,1,-1,1,-1,-1,-1,1,1,1,1,-1,-1,1,-1,1,1,1,-1,1,-1,1,-1,1,1,-1,-1,1,-1,1,1,1,-1,-1,-1,1,1,1,1,-1,-1,1,1,1,1,-1,1,-1,1,-1,1,1,-1,1,-1,-1,1,1,1,-1,1,-1,1,-1,1,1,-1,-1,1,-1,1,1,1,1,-1,1,-1,-1,-1,1,1,-1,1,-1,1,-1,1,-1,-1,1,-1,-1,1,-1,1,-1,-1,1,-1,1,-1,1,1,-1,1,-1,-1,1,1,1,-1,1,-1,1,-1,-1,-1,1,-1,-1,1,-1,-1,1,1,1,1,-1,-1,1,-1,1,1,1,-1,-1,-1,1,-1,1,1,1,-1,-1,-1,1,1,-1,1,-1,-1,-1,1,1,-1,1,-1,-1,-1,1,1,-1,1,-1,-1,-1,-1,1,1,1,-1,1,-1,-1,1,-1,1,-1,-1,1,1,1,-1,1,1,-1,-1,-1,-1,-1,1,1,-1,1,-1,1,-1,1,1,-1,-1,-1,-1,1,1,-1,-1,-1,-1,-1,1,1,-1,1,-1,1,1,1,1,1,-1,-1,-1,-1,-1,1,-1,1,-1,-1,1,-1,1,1,-1,1,-1,-1,1,1,1,-1,1,-1,1,-1,1,1,-1,-1,-1,1,-1,1,1,-1,1,-1,-1,-1,1,1,1,-1,1,-1,-1,1,1,-1,-1,-1,-1,-1,1,1,-1,-1,1,-1,-1,-1,-1,1,-1,1,-1,-1,1,-1,-1,1,-1,1,-1,1,1,-1,1,-1,1,-1,1,-1,-1,1,-1,1,-1,1,1,-1,1,-1,-1,-1,-1,1,-1,1,-1,1,-1,-1,1,-1,1,-1,1,-1,-1,-1,1,1,-1,-1,-1,-1,1,-1,-1,-1,-1,-1,-1,-1,-1,1,-1,-1,-1,-1,1,1,-1,1,-1,-1,-1,1,-1,-1,1,-1,-1,-1,-1,-1,1,1,-1,-1,-1,-1,-1,1,-1,-1,-1,1,-1,-1,1,-1,1,-1,-1,-1,-1,-1,-1,-1,1,-1,-1,-1,1,1,-1,-1,-1,-1,1,-1,-1,-1,-1,1,-1,-1,1,1,1,-1,-1,-1,-1,1,-1,1,1,-1,1,-1,-1,1,1,-1,-1,-1,-1,-1,-1,1,1,-1,-1,1,-1,1,1,-1,-1,-1,1,-1,1,1,-1,-1,1,-1,-1,1,1,1,-1,1,-1,1,1,1,-1,-1,1,-1,-1,1,1,1,-1,1,-1,-1,1,1,-1,1,1,-1,-1,1,1,1,1,1,-1,-1,1,-1,1,1,1,-1,-1,1,1,1,1,1,1,-1,1,1,1,-1,1,-1,-1,1,-1,1,1,1,1,-1,-1,1,-1,1,1,1,-1,1,1,1,1,-1,1,-1,1,1,1,1,1,1,-1,1,-1,1,1,1,-1,1,1,1,1,1,1,-1,1,-1,1,1,1,-1,-1,1,1,1,1,-1,1,-1,-1,1,-1,1,1,-1,1,-1,1,1,1,1,-1,-1,-1,1,1,1,1,-1,-1,1,1,-1,1,1,-1,1,-1,1,-1,1,1,-1,1,-1,1,-1,1,1,1,1,1,1,1,1,1,-1,-1,1,-1,1,-1,1,-1,1,-1,-1,1,1,-1,-1,1,-1,1,-1,1,1,-1,1,1,1,1,1,-1,-1,-1,1,-1,-1,-1,-1,-1,1,-1,1,1,1,-1,1,1,1,-1,1,1,1,-1,1,1,1,1,1,1,-1,1,1,1,1,1,1,-1,-1,1,-1,1,1,1,-1,1,1,1,-1,1,-1,-1,1,1,1,1,1,-1,-1,-1,1,1,1,-1,1,-1,1,-1,1,1,-2658.0,1,2000,445,1000,True
2428,-1,-1,-1,-1,1,1,-1,1,-1,1,1,-1,-1,1,-1,-1,1,1,-1,-1,1,1,-1,1,1,-1,-1,-1,-1,-1,1,1,1,-1,-1,1,1,-1,1,1,-1,-1,1,-1,-1,1,1,-1,1,-1,-1,1,-1,1,-1,-1,-1,1,-1,1,-1,-1,-1,1,-1,-1,1,1,-1,-1,1,-1,1,1,1,-1,-1,1,-1,-1,1,-1,-1,-1,-1,-1,1,1,-1,-1,-1,-1,-1,1,1,-1,-1,1,-1,1,1,1,-1,-1,1,-1,-1,1,1,-1,-1,1,-1,-1,1,1,1,-1,1,-1,-1,1,1,1,-1,1,-1,-1,1,1,-1,-1,1,-1,-1,1,1,1,-1,-1,-1,-1,1,1,-1,-1,1,-1,-1,-1,1,1,-1,-1,1,-1,1,1,1,-1,1,-1,-1,-1,1,-1,-1,1,1,-1,1,1,-1,-1,1,-1,-1,1,1,-1,1,-1,1,-1,1,1,-1,1,1,-1,-1,-1,1,1,1,1,1,-1,1,1,-1,1,1,1,-1,1,1,-1,-1,1,1,-1,1,1,-1,1,1,1,-1,1,1,1,1,1,1,1,-1,1,-1,-1,1,1,-1,-1,1,1,-1,1,1,-1,-1,1,-1,1,1,1,1,-1,1,-1,-1,1,1,-1,1,1,-1,1,1,1,-1,-1,1,-1,1,-1,1,1,1,1,-1,1,-1,1,1,1,1,-1,1,-1,1,1,1,1,1,-1,1,1,1,-1,1,-1,-1,1,1,-1,1,1,1,-1,-1,1,1,-1,1,-1,1,-1,1,1,-1,1,-1,-1,-1,1,1,1,1,-1,1,-1,1,-1,1,1,1,1,-1,1,1,1,1,1,1,-1,1,1,1,1,-1,1,1,1,1,-1,1,1,-1,1,1,1,-1,1,1,-1,1,1,1,-1,1,1,1,-1,1,-1,1,1,1,1,-1,1,1,-1,1,1,1,1,1,1,-1,1,1,-1,-1,1,1,1,-1,1,1,-1,-1,1,-1,1,1,1,1,-1,1,1,-1,1,1,-1,1,1,-1,-1,-1,-1,-1,1,1,-1,1,1,-1,-1,1,-1,1,-1,1,-1,-1,1,-1,1,1,1,-1,-1,1,1,1,-1,1,1,1,-1,1,-1,1,1,1,-1,1,1,-1,-1,-1,1,1,1,1,-1,1,-1,1,-1,1,1,1,-1,-1,1,1,-1,1,-1,1,-1,1,-1,-1,-1,1,1,-1,-1,1,-1,1,1,-1,-1,1,1,1,1,1,-1,-1,-1,1,-1,1,-1,-1,-1,1,1,1,1,-1,1,-1,1,-1,1,1,-1,-1,-1,1,1,1,1,-1,-1,-1,1,-1,1,1,-1,-1,-1,1,1,-1,1,1,-1,-1,1,-1,1,-1,1,-1,-1,1,-1,-1,-1,1,-1,-1,-1,-1,1,-1,1,-1,-1,1,-1,-1,1,1,-1,-1,-1,1,-1,1,1,-1,-1,-1,1,-1,-1,1,1,1,-1,1,-1,1,-1,1,-1,1,-1,1,1,-1,-1,1,1,1,-1,1,-1,1,-1,1,1,1,-1,-1,-1,1,-1,1,1,1,-1,-1,-1,1,1,-1,1,-1,-1,-1,1,1,1,1,-1,-1,1,1,1,1,1,-1,-1,-1,-1,1,-1,1,-1,1,-1,-1,1,1,1,-1,-1,1,1,-1,-1,1,1,-1,-1,-1,-1,1,1,1,-1,-1,-1,1,1,1,1,-1,-1,1,-1,1,1,-1,-1,-1,-1,-1,1,1,-1,1,-1,-1,1,1,1,1,-1,-1,-1,-1,1,1,-1,1,-1,-1,1,1,1,1,-1,1,-1,-1,1,1,1,-1,1,-1,1,1,1,1,-1,1,-1,-1,1,-1,1,-1,1,-1,1,1,1,1,1,-1,1,-1,1,1,1,-1,-1,-1,1,1,1,-1,1,-1,1,-1,1,-1,-1,1,-1,1,-1,1,1,-1,-1,1,1,1,1,-1,1,-1,1,-1,1,-1,1,-1,1,-1,1,-1,-1,-1,1,-1,1,-1,-1,1,-1,1,-1,1,-1,1,1,-1,1,-1,1,1,-1,1,-1,-1,-1,1,1,1,-1,-1,1,1,-1,1,1,-1,-1,-1,-1,1,-1,1,-1,-1,-1,-1,-1,1,1,-1,-1,1,-1,-1,1,1,-1,-1,-1,-1,1,-1,1,-1,-1,-1,-1,-1,1,-1,-1,1,-1,-1,1,-1,1,-1,-1,-1,-1,-1,1,1,1,-1,-1,-1,1,1,1,-1,-1,-1,1,-1,-1,1,-1,-1,-1,-1,1,1,1,-1,1,-1,-1,1,-1,1,1,-1,1,-1,-1,1,1,-1,-1,-1,-1,-1,-1,1,1,-1,-1,1,-1,1,1,-1,-1,1,-1,-1,1,1,-1,-1,1,1,-1,1,1,-1,1,-1,-1,1,1,1,-1,-1,1,-1,-1,1,1,1,-1,1,-1,-1,1,1,-1,1,1,1,-1,1,1,1,-1,1,1,-1,1,1,1,1,1,1,-1,1,1,1,1,1,-1,-1,-1,1,1,1,1,1,-1,1,-1,1,1,1,1,-1,-1,1,-1,1,1,1,-1,1,1,1,1,-1,1,-1,1,1,1,1,1,1,-1,-1,1,1,1,1,-1,1,-1,1,1,1,1,1,-1,1,1,1,1,-1,-1,1,-1,1,1,-1,1,-1,-1,-1,1,1,1,-1,1,1,-1,1,1,1,-1,-1,1,-1,1,1,1,-1,-1,1,-1,-1,1,1,-1,1,-1,-1,-1,1,1,-1,1,-1,1,-1,1,1,1,1,1,1,-1,1,1,-1,-1,1,1,-1,1,1,-1,1,-1,-1,1,1,-1,-1,1,1,-1,-1,1,1,-1,1,1,-1,1,1,-1,-1,-1,1,-1,-1,-1,-1,-1,1,1,1,1,1,-1,1,1,1,-1,1,1,1,-1,1,1,-1,1,1,1,-1,1,1,1,1,1,1,-1,-1,1,-1,1,1,1,-1,1,1,-1,1,-1,-1,-1,1,1,1,1,1,-1,-1,-1,1,-1,1,-1,1,-1,1,-1,1,1,-2658.0,1,2000,445,1000,True
2429,-1,-1,1,1,1,1,-1,1,-1,-1,-1,-1,-1,1,-1,-1,1,-1,1,-1,1,1,-1,-1,-1,1,-1,-1,1,-1,-1,-1,1,-1,-1,-1,1,-1,-1,1,-1,-1,-1,-1,-1,1,-1,-1,1,1,-1,-1,1,1,-1,-1,1,-1,-1,-1,1,-1,-1,1,-1,1,-1,-1,-1,-1,1,-1,-1,-1,1,-1,-1,-1,1,-1,-1,-1,-1,-1,1,-1,-1,1,-1,-1,-1,1,-1,1,1,-1,-1,1,1,1,1,1,-1,-1,1,1,-1,1,1,-1,-1,1,1,-1,1,1,-1,-1,1,1,-1,1,1,1,-1,-1,1,-1,1,1,1,-1,1,1,-1,1,1,1,-1,-1,1,-1,1,1,1,-1,1,1,1,-1,1,1,-1,-1,-1,1,-1,1,1,-1,1,-1,1,1,1,1,-1,1,1,-1,1,1,-1,-1,1,1,-1,1,1,-1,1,-1,-1,1,1,1,-1,1,1,1,1,1,1,1,1,1,-1,1,1,1,-1,1,1,-1,1,1,1,1,-1,1,1,-1,1,1,-1,1,1,-1,1,1,1,1,1,1,-1,-1,1,1,-1,-1,1,-1,1,1,-1,1,-1,1,-1,1,1,1,-1,1,1,-1,-1,1,-1,1,-1,1,-1,1,1,1,-1,1,1,-1,1,-1,1,-1,1,-1,1,-1,-1,1,-1,1,-1,-1,1,1,1,-1,1,-1,1,-1,1,1,-1,-1,1,1,-1,1,1,1,-1,1,1,-1,-1,-1,1,1,-1,1,-1,-1,-1,1,-1,-1,1,1,-1,-1,1,1,1,1,-1,-1,-1,1,-1,1,1,1,-1,-1,1,1,-1,1,-1,-1,-1,1,1,-1,1,-1,-1,1,1,-1,1,1,-1,-1,1,1,-1,1,1,-1,1,-1,1,1,-1,1,-1,1,1,1,-1,1,1,-1,-1,1,1,-1,1,-1,-1,-1,1,1,-1,1,-1,-1,1,-1,1,-1,1,-1,-1,1,-1,1,-1,1,1,-1,1,-1,1,1,-1,1,-1,-1,-1,1,-1,1,-1,-1,1,1,-1,-1,1,1,-1,1,-1,1,-1,1,-1,1,-1,-1,1,1,1,-1,1,1,-1,1,-1,1,-1,-1,-1,-1,1,1,1,1,-1,1,1,1,1,1,-1,-1,1,-1,-1,1,-1,1,-1,-1,1,-1,1,1,-1,-1,-1,1,-1,1,-1,1,-1,1,1,-1,1,1,1,-1,-1,1,-1,-1,1,1,-1,-1,1,-1,1,1,1,1,-1,1,-1,-1,1,1,-1,-1,-1,-1,1,1,-1,1,-1,1,-1,1,-1,1,-1,1,-1,-1,1,-1,1,-1,1,-1,-1,1,-1,-1,-1,1,-1,-1,1,-1,1,-1,1,-1,-1,1,-1,-1,1,-1,1,-1,1,1,1,-1,1,1,-1,-1,-1,1,-1,1,-1,-1,1,-1,1,1,1,1,-1,-1,1,1,-1,1,1,-1,-1,1,1,1,-1,1,1,-1,1,1,1,1,1,1,1,-1,-1,1,-1,1,-1,-1,-1,-1,1,1,-1,1,-1,-1,-1,1,1,-1,1,1,-1,-1,-1,1,-1,1,-1,-1,-1,-1,1,-1,-1,-1,-1,1,-1,1,-1,-1,-1,-1,-1,-1,1,-1,1,1,1,1,-1,1,-1,1,1,-1,1,-1,1,-1,-1,1,-1,1,-1,-1,1,1,1,1,1,1,-1,1,1,1,-1,1,-1,1,1,1,1,-1,-1,-1,1,1,1,1,-1,1,-1,1,-1,1,-1,1,1,-1,-1,1,1,1,-1,1,-1,-1,1,1,1,1,1,1,-1,1,1,1,1,1,1,-1,1,-1,1,-1,1,1,-1,1,1,1,1,1,1,-1,1,-1,1,1,1,1,-1,1,1,-1,1,1,1,1,1,1,1,1,1,1,-1,1,1,-1,-1,1,-1,-1,1,1,1,-1,1,-1,-1,1,-1,-1,1,1,-1,-1,1,-1,1,-1,-1,1,-1,1,-1,1,-1,1,-1,-1,1,-1,1,-1,1,-1,-1,1,-1,1,-1,1,-1,-1,1,-1,1,-1,1,-1,-1,1,1,1,-1,1,-1,1,1,1,-1,-1,1,1,-1,1,-1,1,-1,1,-1,-1,1,1,-1,1,1,-1,1,1,1,-1,-1,1,1,-1,1,-1,-1,1,1,-1,1,1,1,-1,-1,-1,1,-1,1,1,-1,1,1,-1,-1,1,1,-1,-1,1,-1,-1,-1,1,1,1,1,-1,1,1,1,-1,-1,1,-1,-1,1,-1,1,1,1,-1,-1,-1,1,-1,1,1,-1,1,-1,-1,1,1,1,-1,-1,-1,-1,-1,1,-1,-1,-1,1,-1,1,1,-1,-1,-1,-1,-1,1,1,1,-1,1,-1,-1,1,1,1,-1,1,-1,1,1,1,-1,-1,1,-1,-1,1,-1,1,-1,1,-1,-1,1,1,1,1,1,-1,-1,1,1,-1,1,1,-1,-1,1,1,1,1,1,-1,-1,1,1,1,1,1,1,-1,-1,1,-1,1,1,-1,-1,1,-1,1,1,1,1,-1,-1,1,-1,1,1,1,-1,1,1,1,1,-1,1,-1,1,1,1,1,1,1,1,-1,1,1,1,1,-1,1,-1,1,1,1,1,1,-1,1,1,1,1,-1,1,1,-1,1,1,-1,1,1,-1,-1,1,1,1,1,-1,1,-1,1,1,1,-1,-1,1,-1,1,1,1,-1,1,-1,-1,-1,1,1,-1,-1,1,-1,-1,1,1,1,-1,1,-1,-1,1,1,1,-1,1,-1,-1,1,1,-1,-1,-1,1,-1,1,1,-1,1,1,-1,1,1,-1,-1,1,1,-1,-1,1,1,-1,1,1,-1,1,1,-1,-1,-1,-1,1,-1,-1,-1,-1,1,-1,-1,1,1,-1,1,1,-1,1,1,1,1,-1,1,-1,1,1,1,1,-1,1,-1,-1,1,1,1,-1,1,-1,1,1,1,1,-1,1,-1,1,1,-1,-1,-1,1,-1,-1,1,1,-1,-1,-1,1,-1,1,-1,1,-1,1,-1,-1,1,-2658.0,1,2000,445,1500,True
2430,-1,-1,-1,-1,1,1,-1,1,-1,1,1,-1,-1,1,-1,-1,1,1,-1,-1,1,1,-1,1,1,-1,-1,-1,1,-1,1,1,-1,-1,-1,1,1,-1,1,1,-1,-1,1,-1,-1,1,1,-1,1,-1,-1,1,-1,1,-1,-1,-1,1,-1,1,1,-1,-1,1,-1,-1,1,1,-1,-1,1,-1,1,1,1,-1,-1,1,-1,-1,1,-1,-1,-1,-1,1,1,1,-1,-1,-1,-1,1,1,1,-1,-1,1,-1,1,1,1,-1,-1,1,-1,1,1,1,-1,-1,1,-1,1,1,1,-1,-1,1,-1,-1,1,1,1,-1,-1,-1,-1,1,1,1,-1,1,-1,1,1,1,1,-1,-1,-1,-1,1,1,1,-1,1,-1,-1,1,1,1,-1,-1,1,-1,1,1,1,-1,1,1,-1,1,-1,1,-1,1,-1,1,1,1,-1,-1,1,-1,1,1,1,-1,1,-1,1,-1,-1,1,-1,1,1,-1,1,1,1,1,1,1,1,-1,-1,1,-1,1,1,1,-1,-1,1,1,-1,1,1,1,-1,1,1,1,1,1,-1,-1,1,-1,-1,1,1,1,-1,1,-1,-1,1,1,-1,-1,1,-1,-1,1,1,-1,-1,1,-1,1,1,1,1,-1,1,-1,-1,1,1,-1,1,1,-1,1,1,1,-1,-1,1,-1,1,-1,1,1,1,1,-1,1,-1,1,1,1,1,-1,1,-1,1,1,1,1,1,-1,1,1,1,-1,1,-1,-1,1,1,-1,1,1,1,-1,-1,1,1,1,1,-1,1,-1,1,1,-1,1,-1,-1,-1,1,1,1,1,-1,1,-1,1,-1,1,1,1,1,-1,1,1,1,1,1,-1,-1,1,1,1,1,-1,1,-1,1,1,1,1,1,-1,1,1,1,-1,1,1,-1,-1,1,1,1,1,1,1,1,1,-1,1,1,1,1,1,1,1,1,1,1,1,1,1,1,-1,1,1,1,1,1,1,1,-1,1,-1,1,1,1,-1,1,1,1,1,1,1,1,-1,1,1,-1,1,1,-1,-1,-1,-1,1,1,1,-1,1,1,-1,1,1,-1,-1,1,1,1,1,1,-1,1,1,1,-1,1,1,1,1,-1,1,1,1,-1,1,-1,1,-1,1,1,1,1,-1,-1,-1,1,-1,-1,1,-1,1,-1,1,1,1,1,1,-1,-1,1,-1,-1,1,-1,1,-1,1,-1,1,1,1,1,-1,-1,1,-1,1,1,-1,-1,1,1,1,-1,1,-1,-1,1,-1,-1,1,1,-1,-1,1,-1,1,1,-1,1,-1,1,-1,-1,1,-1,-1,1,1,-1,1,1,-1,-1,-1,1,-1,1,1,1,-1,1,-1,-1,-1,1,-1,-1,-1,1,-1,1,1,1,-1,-1,1,-1,-1,1,-1,-1,-1,1,-1,-1,1,-1,-1,-1,1,-1,-1,1,-1,-1,-1,-1,1,-1,1,-1,-1,-1,-1,1,-1,-1,1,1,1,-1,1,-1,1,1,1,1,1,-1,1,1,-1,-1,-1,-1,1,-1,1,-1,-1,1,1,1,1,-1,-1,-1,1,-1,1,1,1,-1,-1,-1,1,1,-1,1,-1,-1,-1,1,1,1,1,-1,-1,-1,1,1,1,1,-1,-1,-1,-1,1,-1,1,-1,1,-1,-1,1,1,1,-1,-1,1,-1,1,-1,1,1,-1,-1,-1,-1,1,1,1,-1,-1,-1,-1,1,1,-1,-1,-1,-1,1,1,1,-1,-1,-1,-1,1,1,1,-1,1,-1,1,-1,-1,1,1,-1,-1,-1,-1,1,1,-1,1,-1,-1,1,1,1,1,-1,1,-1,-1,-1,1,1,-1,1,-1,-1,1,-1,1,-1,1,-1,-1,1,-1,1,-1,1,-1,-1,1,-1,-1,1,-1,1,-1,1,-1,-1,-1,-1,-1,-1,1,-1,1,1,-1,1,1,1,-1,1,-1,-1,1,1,1,-1,1,-1,1,1,-1,-1,1,1,-1,1,-1,1,1,-1,1,-1,1,-1,1,-1,-1,1,-1,1,1,1,1,-1,1,-1,1,-1,1,1,-1,1,-1,1,1,1,1,-1,1,-1,1,1,1,-1,-1,1,1,-1,1,1,-1,-1,1,-1,1,-1,1,-1,-1,-1,-1,-1,1,1,-1,-1,1,-1,-1,1,1,-1,-1,-1,-1,1,-1,1,-1,-1,-1,-1,1,1,-1,-1,1,-1,-1,1,-1,1,-1,-1,-1,-1,-1,1,1,1,-1,-1,-1,1,1,1,-1,-1,-1,1,-1,-1,1,-1,1,-1,-1,1,1,1,-1,-1,-1,-1,1,-1,1,1,-1,1,-1,-1,1,1,-1,-1,-1,-1,-1,-1,1,1,-1,-1,1,-1,1,1,-1,-1,-1,-1,-1,1,1,-1,-1,-1,1,-1,1,1,1,-1,-1,-1,1,1,1,-1,-1,1,-1,-1,1,1,1,-1,1,-1,-1,1,1,-1,1,-1,1,-1,1,1,-1,1,1,1,-1,1,1,-1,1,1,1,-1,1,1,1,1,1,-1,-1,1,1,1,-1,1,1,-1,1,-1,1,1,1,1,-1,-1,1,-1,1,-1,1,-1,1,1,1,1,-1,1,-1,1,1,1,1,1,1,-1,-1,-1,1,1,1,-1,1,-1,1,1,1,1,-1,1,-1,1,1,1,-1,-1,1,-1,1,1,-1,1,-1,-1,-1,-1,1,1,-1,1,-1,-1,1,1,1,-1,-1,-1,-1,1,1,1,-1,-1,-1,-1,-1,1,1,-1,1,-1,-1,-1,1,1,-1,1,1,-1,1,1,1,1,1,1,-1,-1,1,1,-1,-1,1,1,1,1,1,-1,1,-1,-1,1,1,-1,-1,1,-1,-1,-1,1,1,-1,1,-1,1,1,1,-1,-1,1,-1,1,-1,-1,-1,-1,1,-1,1,1,1,-1,1,1,-1,1,1,1,1,-1,1,-1,1,1,1,1,-1,1,-1,1,1,1,1,-1,1,-1,1,1,1,1,-1,1,-1,1,1,-1,-1,-1,1,-1,-1,1,1,-1,-1,-1,1,-1,1,-1,1,-1,1,-1,-1,1,-2658.0,1,2000,445,1000,True
2431,-1,-1,1,1,1,1,-1,1,-1,-1,-1,1,-1,1,-1,-1,1,-1,1,1,1,1,-1,-1,-1,1,-1,-1,-1,-1,-1,-1,1,1,-1,1,1,-1,-1,-1,1,-1,1,-1,-1,-1,-1,-1,1,-1,-1,-1,1,-1,1,-1,-1,1,-1,-1,-1,1,1,1,-1,1,-1,-1,-1,-1,1,-1,-1,-1,-1,-1,1,1,-1,-1,-1,1,1,-1,-1,-1,-1,1,-1,1,-1,-1,-1,1,-1,-1,-1,1,-1,1,1,1,-1,-1,1,-1,-1,1,1,-1,-1,1,-1,-1,1,1,-1,-1,1,-1,-1,1,1,-1,-1,1,-1,-1,1,1,-1,-1,1,-1,-1,1,1,1,-1,1,-1,-1,1,1,-1,-1,-1,-1,-1,-1,1,1,-1,1,1,-1,1,1,1,-1,1,-1,-1,-1,1,1,-1,1,1,-1,1,1,-1,-1,1,-1,-1,1,1,-1,1,-1,1,-1,1,1,-1,1,1,-1,-1,-1,1,1,1,1,1,-1,1,1,-1,1,1,1,-1,1,1,1,-1,1,1,-1,1,1,1,1,1,1,1,1,1,-1,-1,1,1,1,-1,1,-1,-1,1,1,1,-1,1,-1,-1,1,1,1,-1,1,-1,1,1,1,1,-1,-1,1,-1,1,1,1,1,1,-1,1,1,1,1,-1,1,-1,1,-1,1,-1,-1,1,-1,1,-1,1,-1,-1,1,-1,1,-1,1,-1,1,1,1,-1,1,1,-1,1,1,1,-1,1,1,1,-1,-1,1,-1,-1,1,-1,-1,-1,1,1,-1,1,1,-1,-1,1,-1,-1,1,-1,-1,-1,-1,1,-1,-1,1,-1,-1,1,1,-1,1,-1,-1,-1,1,-1,-1,1,-1,-1,1,1,1,-1,1,-1,-1,1,1,-1,1,1,-1,1,-1,1,-1,-1,1,-1,1,1,1,1,1,1,-1,-1,1,1,1,1,-1,-1,-1,1,1,1,1,-1,-1,1,-1,1,1,1,-1,-1,1,-1,1,-1,1,1,-1,1,-1,1,1,1,1,-1,-1,1,1,1,1,-1,-1,1,1,-1,-1,1,1,-1,1,-1,1,-1,1,-1,1,1,-1,1,1,1,-1,1,1,-1,1,-1,1,-1,-1,1,-1,1,1,1,1,-1,1,1,-1,1,1,-1,-1,1,-1,-1,1,-1,1,-1,-1,1,-1,1,1,-1,-1,-1,1,-1,1,-1,1,-1,-1,1,-1,1,1,-1,-1,-1,1,-1,-1,1,1,-1,-1,1,-1,1,1,-1,1,-1,1,-1,1,1,1,-1,-1,-1,-1,1,1,-1,1,-1,1,-1,1,-1,1,-1,-1,-1,1,1,-1,1,-1,-1,-1,-1,1,-1,-1,1,-1,-1,-1,1,-1,1,1,1,-1,-1,1,-1,-1,1,-1,-1,-1,1,-1,1,-1,1,-1,-1,1,-1,1,-1,1,-1,-1,1,-1,1,1,1,-1,-1,-1,1,1,-1,1,-1,-1,-1,1,1,1,-1,1,1,-1,1,1,1,1,1,-1,1,-1,1,1,-1,1,-1,1,-1,-1,1,-1,-1,1,-1,-1,1,-1,-1,-1,1,1,-1,1,1,-1,-1,1,1,-1,-1,1,-1,-1,-1,-1,-1,1,1,-1,-1,-1,-1,-1,1,1,-1,-1,1,1,1,-1,1,-1,-1,1,1,-1,1,1,-1,-1,-1,1,-1,-1,1,1,-1,1,1,1,1,1,-1,1,1,1,-1,1,1,1,-1,1,1,-1,1,1,-1,1,1,1,-1,1,1,-1,-1,1,-1,1,1,1,-1,1,1,-1,-1,1,1,1,1,1,-1,1,1,1,1,1,1,1,1,1,1,-1,1,-1,1,-1,1,1,1,1,1,1,1,1,-1,1,1,-1,1,-1,1,1,1,1,1,-1,1,1,1,1,1,1,1,1,1,1,-1,1,1,-1,-1,1,-1,-1,1,1,1,-1,1,1,-1,1,-1,1,1,1,-1,1,1,-1,1,-1,-1,1,-1,1,-1,1,-1,1,-1,1,1,-1,1,1,1,-1,1,1,-1,1,-1,1,-1,1,1,-1,1,-1,1,-1,-1,1,1,1,1,1,-1,1,1,-1,1,1,1,1,-1,1,-1,1,-1,1,-1,1,1,1,-1,1,1,-1,1,1,1,-1,1,1,1,-1,1,-1,-1,1,1,-1,-1,1,-1,1,-1,-1,1,-1,1,1,-1,1,1,-1,-1,1,1,-1,1,1,-1,-1,-1,1,1,1,1,-1,-1,1,1,-1,1,1,-1,-1,1,-1,1,1,1,1,-1,-1,1,-1,1,1,-1,1,-1,-1,1,1,1,-1,-1,-1,-1,-1,1,-1,-1,-1,1,-1,1,1,1,1,-1,-1,-1,1,1,1,-1,-1,1,-1,1,1,-1,1,-1,-1,1,1,1,1,-1,1,-1,-1,1,1,1,-1,1,-1,-1,1,1,1,1,-1,-1,-1,1,1,1,1,1,-1,-1,1,1,1,1,1,1,-1,1,1,-1,1,1,-1,-1,1,1,-1,1,1,-1,-1,1,-1,1,1,1,1,-1,-1,1,-1,1,-1,1,-1,1,1,-1,1,-1,1,-1,1,1,-1,1,1,1,-1,-1,-1,1,1,1,-1,1,-1,1,1,1,1,-1,1,-1,1,1,1,-1,-1,1,-1,1,1,-1,1,-1,-1,-1,-1,-1,1,-1,1,-1,-1,1,-1,1,-1,-1,-1,-1,1,-1,1,-1,-1,-1,-1,-1,1,1,-1,1,-1,-1,-1,-1,1,-1,1,-1,1,-1,-1,1,1,1,1,-1,-1,1,-1,-1,-1,1,1,-1,1,-1,-1,1,-1,-1,1,1,-1,-1,1,-1,-1,-1,-1,1,-1,1,1,-1,1,-1,1,-1,1,-1,1,-1,-1,-1,-1,1,-1,-1,1,1,-1,1,1,-1,1,1,-1,-1,-1,1,-1,1,1,1,1,-1,1,-1,-1,1,1,-1,-1,1,-1,1,1,1,-1,-1,1,-1,1,1,-1,-1,-1,1,-1,-1,1,1,-1,-1,-1,1,-1,1,-1,1,-1,1,-1,-1,1,-2656.0,1,2000,445,1500,True
2432,-1,-1,-1,-1,1,1,-1,1,-1,1,1,-1,1,1,-1,-1,1,1,-1,-1,-1,1,-1,1,1,1,-1,-1,-1,-1,1,1,-1,-1,-1,1,1,-1,1,1,-1,-1,1,-1,-1,1,1,-1,1,-1,-1,1,-1,1,-1,-1,-1,1,-1,1,1,-1,-1,1,-1,-1,1,1,-1,-1,1,-1,1,1,1,-1,-1,1,-1,-1,1,-1,-1,-1,-1,1,1,1,-1,-1,-1,-1,1,1,1,-1,-1,1,-1,1,1,1,-1,-1,1,-1,1,1,1,-1,-1,-1,-1,1,1,1,-1,-1,1,-1,-1,1,1,1,-1,-1,-1,-1,1,1,1,-1,1,-1,1,1,1,1,-1,1,-1,-1,1,1,1,-1,1,-1,-1,1,1,1,-1,-1,1,-1,1,1,1,-1,1,1,-1,1,-1,1,-1,1,-1,1,1,1,-1,-1,1,-1,1,1,1,-1,1,-1,1,-1,-1,1,-1,1,1,-1,1,1,1,1,1,1,1,-1,-1,1,-1,1,1,1,-1,-1,1,1,-1,1,1,1,-1,1,-1,1,1,1,-1,-1,1,1,1,1,1,1,-1,1,-1,-1,1,1,-1,-1,-1,1,-1,1,1,-1,-1,1,-1,1,1,1,1,-1,1,-1,-1,1,1,-1,1,1,-1,1,1,1,-1,-1,1,-1,1,-1,1,1,1,1,-1,1,-1,1,1,1,1,-1,1,-1,1,1,1,1,-1,-1,1,1,1,-1,1,-1,-1,1,1,-1,1,1,1,-1,-1,1,1,1,1,-1,1,-1,1,1,-1,1,-1,-1,-1,1,1,1,1,-1,-1,-1,1,-1,1,1,1,1,-1,1,1,1,1,1,1,-1,1,1,1,1,-1,1,1,1,1,1,1,1,-1,1,1,1,-1,1,1,-1,1,1,1,1,1,1,1,-1,1,-1,1,1,1,1,-1,1,1,1,1,1,1,1,1,1,-1,-1,1,1,-1,1,1,1,1,1,1,-1,-1,1,-1,1,1,1,1,-1,1,1,-1,1,1,-1,1,1,-1,-1,1,1,-1,1,1,-1,1,-1,1,-1,1,-1,-1,-1,1,-1,-1,1,-1,1,-1,1,1,-1,1,1,1,-1,1,-1,-1,-1,1,-1,1,1,-1,1,1,1,-1,1,-1,-1,1,1,1,1,-1,1,-1,1,1,1,1,1,-1,-1,1,-1,1,-1,1,-1,-1,-1,1,1,1,1,-1,-1,1,-1,1,1,1,-1,-1,-1,1,-1,1,1,-1,-1,1,-1,1,1,1,1,-1,-1,1,1,1,1,-1,-1,1,1,1,1,-1,1,-1,1,-1,1,1,-1,1,-1,-1,1,1,1,-1,1,-1,1,-1,1,1,-1,-1,1,-1,1,1,1,1,-1,1,-1,-1,-1,1,1,-1,1,-1,1,-1,1,-1,-1,1,-1,-1,1,-1,1,-1,-1,1,-1,1,-1,1,1,-1,1,-1,-1,1,1,1,-1,1,-1,1,-1,-1,-1,1,-1,1,1,-1,-1,1,1,1,1,-1,-1,1,-1,1,1,1,-1,-1,-1,-1,-1,1,1,1,-1,-1,-1,1,1,-1,1,-1,-1,-1,1,1,1,1,-1,-1,1,1,1,1,1,-1,-1,-1,-1,1,-1,1,-1,1,-1,-1,1,1,1,-1,1,1,-1,1,-1,1,1,-1,-1,-1,-1,1,1,1,-1,-1,-1,1,1,1,-1,-1,-1,-1,-1,1,1,-1,-1,-1,-1,-1,1,1,-1,1,-1,1,1,-1,1,1,-1,-1,-1,-1,1,1,-1,1,-1,-1,1,1,1,1,-1,1,-1,-1,-1,1,1,-1,1,-1,1,1,-1,1,-1,1,-1,1,1,-1,1,-1,1,-1,-1,1,-1,-1,1,-1,1,-1,1,-1,-1,-1,-1,-1,-1,1,-1,1,1,-1,1,-1,1,-1,1,-1,-1,1,-1,1,-1,1,-1,1,-1,1,-1,1,1,-1,1,-1,1,1,-1,1,-1,1,-1,1,-1,-1,1,-1,1,-1,-1,1,-1,1,-1,1,-1,1,1,-1,1,-1,1,-1,1,1,-1,1,-1,1,-1,-1,-1,-1,1,1,-1,-1,-1,-1,-1,1,-1,1,-1,-1,-1,-1,-1,-1,-1,1,-1,-1,-1,1,-1,-1,1,-1,-1,-1,-1,-1,1,1,-1,-1,-1,-1,-1,1,-1,-1,-1,1,-1,-1,1,-1,1,-1,-1,-1,-1,1,-1,-1,1,-1,-1,-1,-1,1,-1,-1,-1,1,-1,1,-1,-1,-1,1,-1,-1,-1,1,1,-1,-1,-1,-1,-1,1,1,1,-1,1,-1,1,-1,1,-1,-1,-1,-1,-1,-1,1,1,-1,-1,1,-1,1,1,-1,-1,-1,-1,-1,1,1,-1,-1,1,1,-1,1,1,1,-1,1,-1,1,1,1,-1,-1,1,-1,-1,1,1,1,-1,1,-1,-1,1,1,-1,1,1,1,-1,1,1,-1,1,1,1,-1,1,-1,-1,1,1,1,-1,1,1,1,1,1,1,-1,1,1,1,-1,1,1,-1,1,-1,1,1,1,1,-1,-1,1,-1,1,1,1,-1,-1,1,1,1,-1,1,-1,-1,1,1,1,1,1,-1,1,-1,1,1,1,1,-1,1,1,1,1,1,-1,1,-1,1,1,1,-1,-1,-1,1,1,1,-1,1,-1,1,1,-1,1,1,-1,1,-1,1,1,1,1,-1,-1,-1,1,1,1,1,-1,-1,1,1,-1,1,1,-1,1,-1,1,-1,1,1,-1,1,-1,1,-1,1,1,1,1,1,1,1,1,1,-1,-1,1,-1,1,1,1,-1,1,-1,1,1,1,-1,-1,1,-1,1,-1,1,1,-1,1,-1,1,1,1,-1,-1,-1,1,-1,-1,-1,-1,-1,1,-1,1,1,1,-1,1,1,1,-1,1,1,1,-1,1,1,1,1,1,-1,-1,1,1,1,1,1,-1,-1,-1,1,-1,1,1,-1,-1,1,1,1,-1,1,1,-1,1,1,1,1,1,-1,-1,-1,1,-1,1,1,1,-1,1,-1,1,1,-2656.0,1,2000,445,1000,True
2433,-1,-1,1,1,1,1,-1,1,-1,-1,-1,1,-1,1,-1,-1,1,-1,1,1,1,1,-1,-1,-1,1,-1,-1,1,-1,-1,-1,1,1,-1,-1,1,1,1,-1,1,-1,-1,-1,-1,1,-1,-1,1,1,-1,-1,1,1,1,-1,1,-1,-1,-1,-1,1,1,1,-1,1,-1,-1,-1,-1,1,-1,-1,-1,1,-1,1,-1,1,-1,-1,1,1,-1,1,-1,-1,1,-1,1,-1,1,-1,1,1,-1,-1,1,1,1,1,1,-1,-1,1,1,-1,1,1,-1,-1,1,1,-1,1,1,-1,-1,1,1,-1,1,1,1,-1,1,1,-1,1,1,1,-1,1,1,-1,1,1,1,-1,1,1,-1,1,1,1,-1,-1,1,1,-1,1,1,-1,1,-1,1,-1,1,1,-1,1,1,1,1,1,1,-1,1,1,-1,1,1,-1,-1,1,1,-1,1,1,-1,1,-1,-1,1,1,1,-1,1,1,1,1,1,1,-1,1,1,-1,1,1,1,1,-1,1,-1,1,1,1,-1,-1,1,-1,-1,1,1,-1,1,1,-1,1,1,1,1,1,1,-1,-1,1,1,-1,-1,1,-1,1,1,-1,1,-1,1,-1,1,1,1,-1,1,1,-1,-1,1,-1,-1,1,1,-1,1,1,1,1,1,1,-1,1,1,-1,1,1,-1,1,-1,-1,-1,1,1,-1,-1,1,1,-1,1,1,-1,-1,-1,1,-1,-1,1,1,1,-1,1,-1,1,1,1,1,-1,-1,-1,-1,1,-1,1,-1,-1,-1,-1,1,-1,1,1,-1,1,-1,1,1,1,-1,-1,-1,1,1,-1,1,1,-1,-1,-1,1,-1,1,-1,-1,-1,-1,-1,1,1,-1,-1,-1,1,-1,-1,1,-1,-1,-1,-1,1,-1,1,-1,1,-1,1,1,-1,1,-1,-1,-1,-1,-1,1,1,-1,-1,-1,-1,-1,1,-1,-1,1,-1,-1,1,1,-1,-1,1,-1,1,1,1,-1,-1,1,-1,-1,-1,1,1,-1,1,-1,-1,-1,-1,1,-1,1,-1,1,-1,1,-1,-1,1,1,-1,-1,1,1,-1,1,-1,1,-1,1,-1,1,1,-1,1,-1,1,-1,1,1,-1,-1,1,1,-1,-1,1,-1,1,-1,-1,1,-1,1,1,-1,-1,1,-1,-1,1,-1,-1,1,-1,1,-1,-1,1,-1,-1,1,-1,-1,-1,1,-1,1,-1,1,-1,-1,1,-1,-1,-1,-1,-1,-1,1,-1,-1,1,1,-1,-1,1,-1,1,-1,-1,1,-1,1,-1,-1,1,1,-1,-1,-1,-1,-1,-1,-1,1,-1,1,-1,-1,1,1,-1,-1,-1,1,-1,1,1,-1,-1,-1,-1,-1,-1,-1,-1,-1,-1,1,-1,1,1,-1,1,-1,-1,1,-1,-1,1,-1,-1,-1,1,-1,1,-1,1,-1,-1,-1,-1,1,-1,1,-1,-1,1,-1,1,1,1,-1,-1,-1,-1,1,-1,1,-1,-1,-1,1,1,1,-1,1,1,-1,1,1,1,1,1,-1,1,-1,-1,-1,1,-1,-1,1,-1,-1,1,1,-1,1,-1,-1,-1,1,1,-1,1,1,-1,-1,1,1,-1,1,1,-1,-1,-1,1,-1,-1,-1,-1,1,-1,1,-1,-1,-1,-1,-1,-1,1,-1,1,1,1,1,-1,1,-1,1,1,-1,1,-1,1,-1,-1,1,-1,1,-1,-1,1,1,1,1,1,1,-1,1,1,1,-1,1,-1,1,1,1,1,-1,-1,-1,1,1,1,1,-1,1,-1,1,-1,1,-1,1,1,-1,-1,1,1,1,-1,1,-1,-1,1,1,1,1,1,1,-1,1,1,1,1,1,1,-1,1,-1,1,-1,1,1,-1,1,-1,1,1,1,1,-1,1,-1,1,1,1,1,-1,1,1,-1,1,1,1,1,1,1,1,1,1,1,-1,1,1,-1,-1,1,-1,-1,1,1,1,-1,1,-1,-1,1,-1,1,1,1,-1,-1,1,-1,1,-1,-1,1,-1,1,-1,1,-1,1,-1,-1,1,-1,1,1,1,-1,-1,1,-1,1,-1,1,-1,-1,1,-1,1,-1,-1,-1,-1,1,1,1,1,1,-1,1,1,-1,1,1,1,1,-1,1,-1,1,-1,1,-1,-1,1,1,-1,1,1,-1,1,-1,1,-1,1,1,1,-1,1,1,-1,1,1,-1,1,1,-1,1,-1,-1,-1,-1,1,1,-1,1,1,-1,1,1,1,-1,1,1,-1,1,1,1,1,1,1,-1,1,-1,1,-1,1,1,-1,-1,1,1,1,1,-1,-1,1,1,1,-1,1,1,-1,1,1,-1,1,1,1,-1,-1,1,1,-1,1,-1,-1,-1,1,1,1,1,-1,-1,-1,1,1,1,1,1,-1,1,1,1,1,1,1,-1,1,1,1,1,1,-1,-1,1,1,-1,1,1,1,1,-1,1,-1,1,1,1,-1,1,1,-1,1,1,1,1,-1,1,-1,1,1,1,1,1,-1,1,1,1,-1,1,1,-1,1,1,1,-1,1,-1,-1,-1,1,-1,1,1,1,-1,1,1,1,-1,1,1,-1,-1,1,1,-1,1,1,-1,1,1,1,-1,1,1,-1,1,-1,1,1,1,1,-1,1,-1,1,1,1,-1,1,1,1,1,1,1,-1,-1,1,1,1,1,-1,1,-1,1,1,-1,-1,1,1,-1,1,1,1,-1,1,-1,-1,1,-1,1,-1,1,-1,1,-1,1,1,1,1,-1,1,1,1,-1,-1,1,1,-1,1,1,-1,-1,1,1,-1,-1,-1,1,1,-1,-1,-1,-1,-1,1,1,-1,-1,1,1,1,1,1,-1,-1,1,1,1,1,-1,1,-1,1,-1,1,1,-1,1,-1,1,-1,-1,-1,-1,-1,-1,1,-1,1,1,1,-1,1,1,-1,-1,1,-1,-1,-1,1,-1,1,1,1,1,-1,1,-1,1,1,1,-1,-1,1,-1,1,1,1,-1,-1,1,-1,1,-1,-1,-1,-1,1,-1,-1,1,1,-1,-1,-1,-1,1,1,-1,1,-1,1,1,-1,1,-2656.0,1,2000,445,1500,True
2434,1,1,-1,-1,1,-1,-1,1,1,1,1,-1,1,1,1,1,-1,1,-1,-1,-1,1,1,1,1,-1,-1,-1,1,1,1,1,-1,-1,-1,1,-1,1,1,1,-1,-1,1,1,1,1,1,-1,1,-1,1,1,-1,1,-1,-1,-1,-1,1,1,1,-1,-1,1,1,1,1,1,-1,-1,1,-1,1,1,1,-1,-1,1,-1,1,1,-1,-1,-1,-1,1,1,1,-1,1,-1,-1,1,1,1,-1,-1,1,-1,1,1,1,-1,-1,1,-1,1,1,1,-1,-1,1,-1,-1,1,1,-1,-1,1,-1,1,1,1,1,-1,1,-1,-1,1,1,1,-1,1,-1,1,1,1,1,-1,-1,-1,-1,1,1,1,-1,1,-1,-1,1,1,1,-1,-1,1,-1,1,1,1,-1,1,-1,-1,1,-1,1,-1,1,-1,1,1,1,-1,-1,1,-1,1,1,1,-1,1,-1,1,-1,-1,1,-1,1,1,-1,1,1,1,1,1,1,1,-1,-1,1,-1,1,1,1,-1,-1,1,1,-1,1,1,1,-1,1,-1,1,1,1,-1,-1,1,1,1,1,1,1,-1,1,-1,-1,1,1,-1,-1,-1,1,1,1,1,-1,-1,1,-1,1,1,1,1,-1,1,1,-1,1,1,-1,1,1,-1,1,1,1,-1,-1,1,-1,1,-1,1,1,1,1,-1,1,-1,1,1,1,1,-1,1,-1,1,1,1,1,-1,-1,1,1,1,-1,1,1,-1,1,1,-1,1,1,1,-1,-1,1,1,1,1,-1,1,-1,1,1,-1,1,1,-1,-1,1,1,1,1,-1,1,-1,1,-1,1,1,1,1,-1,1,1,1,1,1,1,-1,1,1,1,1,1,1,1,1,1,1,1,1,-1,1,1,1,-1,1,1,-1,1,1,1,1,1,1,1,-1,1,-1,1,1,1,1,-1,1,1,1,1,1,1,-1,1,1,-1,1,1,-1,-1,1,1,1,-1,1,1,-1,-1,1,-1,1,1,1,1,-1,1,1,-1,1,1,-1,1,1,-1,-1,-1,-1,-1,-1,1,-1,1,1,-1,-1,1,-1,-1,1,1,1,-1,1,-1,1,1,1,-1,-1,1,1,1,-1,1,1,1,-1,1,-1,1,1,1,-1,1,1,-1,-1,-1,1,1,1,1,-1,1,-1,1,-1,1,1,1,1,-1,1,1,-1,1,-1,1,-1,1,-1,1,1,1,1,-1,-1,1,-1,1,1,-1,-1,1,1,1,-1,1,1,-1,-1,1,-1,1,1,-1,-1,1,1,1,1,-1,1,-1,1,-1,1,1,-1,-1,-1,1,1,1,1,-1,-1,-1,1,-1,1,1,1,-1,-1,1,1,-1,1,-1,-1,-1,1,-1,1,1,-1,1,-1,1,-1,-1,1,-1,-1,-1,-1,1,-1,1,-1,-1,-1,1,-1,-1,1,-1,-1,-1,-1,1,-1,1,-1,-1,1,-1,1,-1,-1,1,1,1,-1,1,-1,1,-1,1,-1,1,-1,1,1,-1,-1,1,1,1,-1,1,-1,1,-1,1,1,1,-1,-1,-1,1,-1,1,1,1,-1,-1,-1,1,1,-1,1,-1,-1,-1,1,1,1,1,-1,-1,1,1,1,-1,1,-1,-1,-1,-1,1,1,1,-1,1,-1,-1,1,-1,1,-1,-1,1,-1,1,-1,1,1,-1,-1,-1,-1,-1,1,1,-1,-1,-1,-1,-1,1,-1,-1,-1,-1,1,1,1,-1,-1,-1,-1,1,1,1,-1,1,-1,1,-1,-1,1,1,-1,-1,-1,-1,-1,1,-1,1,-1,-1,1,-1,1,1,-1,1,-1,-1,1,-1,1,-1,1,-1,-1,-1,-1,1,-1,-1,-1,-1,-1,-1,1,-1,1,-1,-1,-1,-1,-1,1,-1,1,-1,-1,-1,-1,-1,-1,-1,-1,-1,-1,1,1,-1,1,1,-1,-1,1,-1,-1,1,1,1,-1,1,-1,1,1,1,-1,1,1,-1,1,-1,1,-1,-1,1,-1,1,-1,1,-1,-1,1,-1,1,1,1,-1,-1,1,-1,1,-1,1,-1,-1,1,-1,1,1,1,-1,-1,1,-1,1,1,1,-1,-1,1,1,-1,1,1,-1,-1,1,-1,1,-1,1,-1,-1,-1,-1,-1,1,1,-1,-1,1,-1,-1,1,1,-1,-1,-1,-1,1,-1,1,-1,-1,-1,-1,1,-1,-1,-1,1,-1,-1,1,-1,1,-1,-1,-1,-1,-1,-1,1,1,-1,-1,-1,1,1,1,-1,-1,1,1,-1,-1,1,-1,1,-1,-1,1,1,1,-1,-1,-1,-1,1,-1,1,1,-1,1,-1,-1,1,1,-1,-1,-1,-1,-1,-1,1,1,-1,-1,1,-1,1,1,-1,-1,-1,1,-1,1,1,-1,-1,1,-1,-1,1,1,1,-1,1,-1,1,1,1,-1,-1,1,-1,-1,1,1,1,-1,1,-1,-1,1,1,-1,1,1,-1,-1,1,1,-1,1,1,-1,-1,1,1,-1,1,1,-1,-1,1,1,1,1,-1,1,-1,-1,1,1,1,1,-1,-1,1,-1,1,1,1,1,-1,-1,1,-1,1,-1,1,-1,1,1,1,1,-1,1,-1,1,1,1,1,1,1,-1,-1,1,1,1,1,-1,1,-1,1,1,1,1,1,-1,1,1,1,1,-1,-1,1,-1,1,1,-1,1,-1,-1,-1,1,1,1,-1,1,-1,-1,1,1,1,-1,-1,1,-1,1,1,1,-1,-1,1,-1,-1,1,1,-1,1,-1,-1,-1,1,1,-1,1,-1,1,-1,1,1,1,1,1,-1,-1,1,1,-1,-1,1,1,-1,-1,1,-1,1,-1,-1,1,1,-1,-1,1,1,-1,-1,-1,1,-1,1,1,-1,1,1,-1,-1,-1,1,-1,-1,-1,-1,-1,1,-1,1,-1,1,-1,1,1,1,-1,1,1,1,-1,1,1,-1,1,1,1,-1,1,1,1,1,1,1,-1,-1,1,-1,1,1,1,-1,1,1,-1,1,1,-1,-1,1,1,1,1,1,-1,-1,-1,1,-1,1,1,1,-1,1,-1,1,1,-2656.0,1,2000,445,1000,True
2435,1,1,-1,-1,1,1,-1,1,1,1,1,-1,1,1,1,1,-1,1,-1,-1,-1,1,1,1,1,1,-1,-1,1,1,1,1,-1,-1,-1,1,-1,1,1,1,-1,-1,1,1,1,1,1,1,-1,1,1,1,-1,1,-1,-1,1,-1,1,1,1,-1,-1,1,1,1,1,1,1,-1,1,-1,1,1,1,1,1,1,1,1,1,-1,1,-1,-1,1,1,1,1,-1,1,1,-1,1,1,1,1,-1,-1,-1,1,1,1,1,1,-1,-1,1,1,1,1,-1,-1,-1,1,1,1,1,1,-1,-1,1,1,1,1,-1,-1,-1,1,1,1,1,1,-1,-1,1,1,1,1,1,-1,-1,-1,1,1,1,1,-1,-1,-1,1,1,1,1,1,-1,-1,-1,1,1,1,-1,-1,-1,1,-1,1,1,1,-1,-1,-1,1,1,1,-1,-1,1,1,1,1,-1,1,-1,-1,-1,1,1,1,-1,-1,-1,-1,1,1,1,1,-1,-1,-1,1,-1,1,1,-1,-1,1,1,1,1,1,-1,1,1,-1,-1,1,1,-1,1,-1,1,1,1,1,1,-1,-1,-1,1,1,1,-1,-1,1,1,1,1,1,-1,-1,1,-1,-1,1,1,1,-1,-1,-1,1,1,1,-1,1,-1,1,1,1,1,-1,-1,-1,1,1,-1,1,1,-1,-1,1,1,-1,1,1,1,-1,1,1,-1,1,1,1,-1,-1,1,1,1,1,1,-1,1,1,1,1,-1,-1,1,-1,1,-1,1,1,-1,-1,1,1,-1,1,1,1,-1,1,1,1,1,1,1,-1,1,1,-1,1,-1,1,-1,1,1,-1,1,1,1,-1,1,1,1,1,1,1,-1,1,-1,1,1,1,1,1,-1,-1,1,1,1,-1,1,-1,1,-1,1,1,-1,1,1,-1,1,1,-1,1,1,1,-1,1,1,1,-1,1,1,-1,1,1,1,1,1,1,-1,1,1,1,1,1,1,-1,1,-1,1,-1,1,1,1,-1,-1,1,1,-1,1,-1,1,1,1,-1,1,-1,-1,1,-1,1,-1,1,1,-1,1,1,-1,1,-1,1,1,1,1,-1,1,-1,1,-1,1,1,1,1,-1,1,1,1,-1,1,1,1,1,1,1,1,1,-1,1,-1,1,-1,1,1,-1,1,-1,1,1,1,1,-1,1,-1,1,-1,-1,1,1,1,-1,1,1,-1,-1,1,1,-1,-1,1,-1,1,1,-1,-1,1,1,1,1,1,1,-1,-1,1,-1,1,-1,-1,-1,1,1,1,1,-1,1,-1,1,-1,1,1,-1,-1,-1,1,-1,1,1,-1,-1,-1,1,-1,1,1,-1,-1,-1,1,-1,-1,1,1,-1,-1,1,-1,1,-1,1,-1,-1,1,1,-1,-1,1,-1,-1,-1,-1,1,-1,1,-1,-1,1,-1,-1,1,1,-1,-1,-1,1,-1,1,1,-1,1,-1,1,-1,-1,1,1,1,-1,1,-1,1,-1,1,1,1,-1,1,1,-1,-1,1,1,1,-1,1,-1,1,-1,1,1,1,-1,-1,-1,1,-1,1,1,1,-1,-1,-1,1,1,-1,1,-1,-1,-1,1,1,-1,1,-1,-1,1,1,1,-1,1,-1,-1,-1,-1,1,1,1,-1,1,-1,-1,1,-1,1,-1,-1,1,1,-1,-1,1,1,-1,-1,-1,-1,-1,1,1,-1,-1,-1,1,-1,-1,1,-1,-1,1,-1,1,1,-1,-1,-1,-1,-1,1,1,-1,1,-1,-1,1,1,1,1,-1,-1,-1,-1,-1,1,-1,1,-1,-1,1,-1,1,1,-1,1,-1,-1,1,1,1,-1,1,-1,1,-1,1,1,-1,-1,-1,-1,-1,1,1,-1,1,-1,1,-1,1,1,-1,-1,1,-1,-1,1,1,-1,-1,-1,1,-1,1,1,1,-1,1,-1,-1,1,-1,1,-1,1,-1,-1,1,-1,-1,1,-1,1,-1,1,1,-1,1,-1,1,-1,1,-1,1,-1,1,-1,-1,1,1,-1,1,-1,-1,-1,-1,1,-1,1,-1,1,-1,-1,1,-1,1,1,-1,-1,-1,1,1,1,1,1,-1,-1,1,1,-1,1,1,-1,-1,-1,1,-1,1,-1,-1,-1,1,1,1,-1,1,-1,-1,1,1,-1,-1,1,-1,-1,1,-1,1,-1,1,-1,-1,1,1,-1,1,-1,-1,1,-1,1,-1,-1,1,-1,1,1,1,1,-1,1,1,1,1,1,-1,1,1,-1,-1,-1,1,-1,-1,1,-1,1,1,1,-1,1,1,-1,1,1,1,1,-1,1,1,-1,1,1,-1,1,1,-1,-1,1,1,-1,-1,1,1,-1,1,-1,-1,1,1,-1,-1,-1,1,-1,1,1,-1,-1,1,1,-1,1,1,1,-1,1,-1,1,1,1,-1,1,1,-1,-1,1,1,-1,-1,-1,1,-1,1,1,-1,1,1,-1,-1,1,1,-1,-1,-1,1,-1,1,1,-1,-1,1,-1,-1,1,1,1,-1,-1,-1,-1,-1,1,-1,-1,1,-1,-1,1,-1,1,-1,-1,-1,-1,-1,1,1,-1,1,-1,-1,1,1,1,-1,1,-1,1,1,1,1,-1,-1,-1,1,-1,1,-1,-1,-1,-1,1,-1,1,-1,-1,-1,1,-1,1,1,1,-1,-1,-1,1,-1,1,-1,1,-1,1,-1,-1,1,1,-1,1,-1,1,-1,1,1,-1,1,-1,1,-1,1,1,-1,-1,1,-1,-1,-1,1,-1,1,-1,1,-1,-1,1,-1,1,-1,1,-1,-1,1,-1,1,-1,1,-1,-1,1,-1,-1,-1,-1,1,-1,1,-1,-1,1,1,-1,1,1,-1,-1,1,-1,-1,-1,1,-1,-1,1,1,-1,1,1,-1,-1,-1,-1,1,-1,-1,-1,-1,1,-1,-1,1,1,-1,1,1,-1,1,1,1,-1,-1,1,-1,1,1,1,-1,-1,1,-1,-1,1,1,-1,-1,1,-1,1,1,1,-1,-1,1,-1,1,1,1,1,-1,1,-1,-1,1,1,1,-1,-1,1,-1,1,1,1,-1,1,-1,-1,1,-2656.0,1,2000,445,1000,True
2436,-1,-1,1,1,1,1,-1,1,-1,-1,-1,1,-1,1,-1,-1,1,-1,1,1,-1,1,-1,-1,-1,1,-1,-1,1,-1,-1,-1,1,1,-1,1,1,-1,-1,-1,1,-1,1,-1,-1,-1,-1,-1,1,-1,-1,-1,1,-1,1,-1,-1,1,-1,-1,-1,1,1,1,-1,-1,-1,-1,-1,-1,1,-1,-1,-1,-1,-1,-1,1,-1,-1,-1,1,1,-1,-1,-1,-1,1,-1,1,1,-1,-1,-1,-1,-1,-1,-1,-1,1,-1,-1,-1,-1,1,-1,-1,-1,-1,-1,-1,-1,-1,-1,-1,-1,-1,-1,1,-1,-1,-1,-1,-1,-1,-1,-1,-1,1,-1,-1,-1,1,-1,-1,1,-1,-1,-1,1,-1,-1,1,-1,-1,-1,1,-1,-1,-1,-1,-1,-1,-1,1,-1,-1,1,-1,-1,1,1,-1,-1,1,-1,1,1,1,-1,1,-1,-1,-1,1,-1,-1,-1,-1,-1,1,-1,1,-1,1,-1,-1,1,1,-1,-1,1,-1,-1,1,1,1,-1,1,1,-1,-1,1,1,-1,1,-1,-1,-1,1,1,-1,1,1,-1,1,1,1,1,1,-1,1,1,1,1,1,-1,1,-1,-1,1,1,-1,1,-1,1,-1,1,1,1,1,-1,1,1,1,1,1,1,-1,-1,1,1,1,1,-1,-1,1,1,1,1,1,1,-1,1,1,-1,1,-1,-1,-1,1,1,-1,1,1,-1,-1,1,1,-1,1,-1,1,-1,1,1,1,1,1,1,-1,1,1,1,1,1,-1,-1,-1,1,-1,1,-1,-1,-1,1,-1,-1,1,1,1,-1,-1,1,1,1,-1,-1,-1,1,1,-1,-1,1,-1,-1,1,1,-1,1,-1,-1,-1,1,1,-1,-1,-1,-1,-1,1,-1,-1,1,-1,-1,1,-1,-1,1,-1,-1,1,1,1,1,-1,-1,-1,1,1,1,-1,1,1,-1,-1,1,1,-1,1,-1,-1,-1,1,1,-1,1,-1,-1,1,-1,1,-1,1,-1,-1,1,-1,1,-1,1,1,-1,1,-1,1,1,1,1,-1,-1,1,1,-1,1,-1,-1,1,1,-1,-1,1,1,-1,1,-1,1,-1,1,-1,1,1,-1,1,1,1,-1,1,1,-1,1,-1,1,-1,-1,1,-1,1,1,1,1,-1,1,1,1,1,1,-1,-1,1,-1,-1,1,-1,1,-1,-1,1,-1,1,1,-1,-1,-1,1,-1,1,-1,1,-1,-1,1,-1,1,1,-1,-1,-1,1,-1,-1,1,1,-1,-1,1,-1,1,1,-1,1,-1,1,-1,-1,1,1,-1,-1,-1,-1,1,1,-1,1,-1,1,-1,1,-1,1,-1,-1,-1,-1,1,-1,1,-1,-1,-1,-1,1,-1,-1,-1,-1,-1,-1,1,1,1,-1,1,-1,-1,1,-1,-1,1,-1,-1,-1,1,-1,1,-1,1,-1,-1,-1,-1,1,-1,1,-1,-1,1,-1,1,1,1,-1,-1,-1,1,1,-1,1,-1,1,-1,1,1,1,-1,1,1,-1,1,1,1,1,1,-1,1,-1,1,1,-1,1,-1,1,-1,1,-1,-1,-1,1,-1,-1,1,-1,-1,1,1,1,-1,1,1,-1,1,1,1,-1,-1,1,-1,-1,1,-1,-1,1,1,-1,-1,-1,-1,-1,1,1,-1,1,1,1,1,-1,1,-1,-1,1,1,-1,1,1,-1,-1,-1,1,-1,-1,1,1,-1,1,1,1,1,1,-1,1,1,1,-1,1,1,1,-1,1,1,-1,1,1,-1,1,1,1,-1,1,1,-1,-1,1,-1,1,1,1,-1,1,1,1,-1,1,1,-1,1,1,1,1,1,1,1,1,1,1,1,1,1,-1,1,-1,1,-1,1,1,1,1,1,1,1,1,1,-1,1,-1,1,1,1,1,1,-1,1,-1,1,1,1,1,1,1,1,1,1,1,-1,1,1,-1,-1,1,-1,-1,1,1,1,-1,1,1,-1,1,-1,-1,1,1,-1,-1,1,-1,1,-1,1,1,-1,1,-1,1,-1,1,-1,1,1,-1,1,-1,1,1,-1,1,-1,1,-1,1,1,-1,1,-1,1,-1,1,1,-1,1,1,1,1,1,-1,1,1,-1,1,1,1,1,-1,1,-1,1,-1,1,1,-1,1,1,-1,1,1,1,-1,1,1,-1,1,1,1,-1,1,-1,-1,1,1,1,1,1,-1,1,-1,1,-1,1,1,1,-1,1,1,1,1,1,1,-1,1,-1,1,1,1,1,1,1,1,1,1,1,1,-1,1,1,-1,1,1,-1,1,1,1,1,1,1,1,-1,1,1,1,-1,1,-1,1,1,1,1,1,1,-1,-1,1,-1,1,1,1,-1,1,1,1,1,1,-1,-1,1,1,1,1,1,1,-1,1,1,-1,1,1,-1,1,1,1,1,1,1,-1,-1,1,1,1,1,-1,1,-1,1,1,1,1,-1,-1,-1,1,1,1,1,-1,1,-1,1,1,1,1,1,-1,-1,1,1,-1,1,1,-1,-1,-1,1,-1,1,-1,-1,-1,1,-1,-1,1,1,-1,-1,-1,1,-1,1,1,-1,-1,1,1,-1,1,1,-1,1,1,1,-1,1,1,-1,1,-1,1,1,1,1,-1,1,-1,1,1,1,-1,1,-1,1,1,1,1,-1,1,1,-1,1,1,-1,1,1,-1,-1,1,-1,1,1,-1,1,-1,1,-1,1,-1,-1,1,-1,1,-1,1,-1,1,-1,-1,-1,1,1,-1,1,1,-1,-1,-1,1,1,-1,1,-1,-1,-1,1,1,-1,1,-1,-1,1,-1,-1,-1,-1,1,-1,1,1,-1,1,1,-1,1,1,-1,-1,1,-1,-1,-1,-1,1,-1,1,1,-1,1,1,-1,-1,-1,-1,1,-1,-1,-1,-1,1,-1,-1,1,1,-1,1,1,-1,1,1,1,1,-1,1,-1,1,1,1,-1,-1,1,-1,-1,1,1,-1,-1,1,-1,1,1,1,-1,-1,1,-1,1,1,1,1,-1,1,-1,-1,1,1,1,-1,-1,1,-1,1,-1,1,-1,1,-1,-1,1,-2656.0,1,2000,445,1500,True
2437,1,1,-1,-1,1,1,-1,1,1,1,1,-1,1,1,1,1,-1,1,-1,-1,-1,1,1,1,1,1,-1,-1,1,1,1,1,-1,-1,-1,1,-1,1,1,1,-1,-1,1,1,1,1,1,1,-1,-1,1,1,1,1,-1,-1,-1,-1,1,1,1,-1,-1,1,1,1,1,1,1,-1,1,-1,1,1,1,1,-1,1,-1,1,1,1,1,-1,-1,1,1,1,1,-1,1,-1,-1,1,1,1,1,-1,-1,1,1,1,1,1,1,-1,-1,1,1,1,1,-1,-1,-1,1,1,1,1,1,-1,-1,1,1,1,1,-1,-1,-1,1,1,1,1,1,-1,-1,1,1,1,1,1,-1,-1,1,1,1,1,1,-1,-1,-1,1,1,1,1,1,-1,-1,1,1,1,1,-1,-1,-1,1,1,-1,1,1,-1,1,1,1,1,1,-1,-1,1,1,1,1,-1,1,-1,1,1,1,1,1,-1,-1,-1,1,1,1,1,1,-1,1,1,-1,-1,1,1,-1,1,1,1,1,1,1,-1,1,1,-1,-1,1,1,-1,1,1,1,1,1,1,1,-1,1,-1,-1,1,1,-1,-1,1,1,1,1,1,-1,-1,1,-1,-1,1,1,1,-1,1,-1,1,1,1,-1,1,1,1,1,1,1,-1,-1,-1,1,1,-1,1,1,1,-1,1,1,-1,1,1,1,1,1,1,-1,1,1,1,1,-1,1,1,1,1,1,1,1,1,1,1,-1,-1,1,1,1,-1,1,1,1,1,1,1,-1,1,1,1,-1,1,1,1,1,1,1,1,-1,1,-1,1,-1,1,1,1,1,-1,1,1,1,1,1,-1,1,1,1,1,1,1,-1,1,1,1,1,1,1,-1,1,1,1,-1,1,1,1,-1,1,1,1,1,1,-1,1,1,-1,1,1,1,-1,1,1,1,1,1,1,-1,1,1,1,-1,1,1,1,1,1,1,1,-1,1,-1,1,-1,1,-1,1,1,1,-1,-1,1,1,-1,1,-1,1,1,1,-1,-1,-1,-1,1,-1,1,-1,1,1,-1,1,1,-1,-1,1,1,-1,1,1,-1,1,1,1,1,1,1,1,-1,-1,1,-1,-1,-1,1,-1,1,-1,-1,1,1,1,-1,1,-1,1,-1,1,1,1,-1,1,-1,1,1,1,1,1,-1,1,-1,-1,1,-1,1,-1,-1,-1,-1,-1,1,1,-1,-1,1,-1,1,1,1,-1,1,-1,-1,1,-1,1,-1,-1,1,-1,1,1,1,1,-1,-1,1,1,1,1,-1,-1,1,1,-1,1,-1,1,-1,1,1,-1,1,-1,-1,-1,-1,1,1,1,-1,1,-1,1,-1,1,1,-1,-1,1,-1,1,-1,1,1,-1,1,-1,-1,-1,1,1,-1,-1,-1,1,-1,1,-1,-1,1,-1,-1,1,1,1,-1,-1,-1,-1,1,1,1,-1,-1,1,-1,-1,1,1,1,-1,1,-1,1,-1,-1,-1,1,-1,1,1,-1,-1,1,1,1,-1,1,-1,1,-1,1,1,1,-1,-1,-1,-1,-1,1,1,1,-1,-1,-1,1,1,-1,1,-1,-1,-1,1,1,1,1,-1,-1,1,1,1,-1,1,-1,-1,-1,-1,1,1,1,-1,1,-1,-1,1,-1,1,-1,-1,1,1,-1,-1,1,1,-1,-1,-1,-1,-1,1,1,-1,-1,-1,1,-1,1,1,-1,-1,1,-1,1,1,-1,-1,-1,-1,-1,1,1,-1,1,-1,-1,1,1,1,1,-1,-1,-1,-1,-1,1,-1,1,-1,-1,1,-1,1,1,-1,1,-1,-1,1,1,1,-1,1,-1,1,-1,1,1,-1,1,-1,-1,-1,1,1,-1,1,-1,1,-1,1,1,-1,-1,1,1,-1,1,1,-1,-1,-1,1,-1,1,1,1,-1,1,-1,-1,-1,-1,1,-1,1,-1,-1,1,-1,-1,1,1,1,-1,-1,1,-1,1,-1,1,-1,1,-1,-1,1,-1,-1,-1,-1,1,-1,1,-1,-1,-1,-1,1,-1,1,1,-1,-1,-1,1,-1,1,-1,1,-1,-1,-1,1,1,-1,-1,-1,-1,1,-1,-1,-1,-1,-1,-1,-1,-1,1,-1,-1,-1,-1,1,1,-1,1,-1,-1,-1,1,-1,-1,1,-1,-1,-1,-1,-1,1,1,-1,-1,-1,-1,-1,1,-1,-1,-1,1,-1,-1,1,-1,1,-1,-1,-1,-1,-1,-1,-1,1,-1,-1,-1,1,1,-1,-1,-1,-1,1,-1,-1,-1,1,-1,-1,-1,1,-1,1,-1,-1,1,-1,1,1,1,-1,-1,1,-1,-1,-1,1,-1,-1,-1,-1,-1,-1,1,1,-1,-1,1,-1,1,1,-1,-1,-1,1,-1,1,1,-1,-1,1,1,-1,1,1,1,-1,1,-1,1,1,1,-1,-1,1,-1,-1,1,1,-1,-1,-1,-1,-1,1,1,-1,1,1,-1,-1,1,1,-1,-1,1,-1,-1,1,1,-1,-1,1,-1,-1,1,1,1,-1,-1,-1,-1,1,1,-1,-1,1,-1,-1,1,-1,1,-1,1,-1,-1,-1,1,1,-1,-1,1,-1,1,1,1,-1,1,-1,1,1,1,1,-1,-1,-1,1,-1,1,-1,-1,-1,-1,1,-1,1,-1,-1,-1,-1,1,1,1,-1,-1,-1,1,-1,1,1,-1,1,-1,1,1,1,-1,1,-1,1,-1,1,1,1,1,-1,1,-1,1,-1,1,1,-1,-1,1,-1,1,1,1,-1,1,-1,1,1,-1,1,-1,1,-1,1,1,-1,1,-1,1,-1,1,-1,1,1,-1,-1,-1,-1,-1,1,1,1,-1,1,1,1,1,1,-1,-1,1,1,1,1,1,-1,-1,1,-1,1,1,1,-1,-1,-1,-1,-1,-1,-1,-1,-1,-1,-1,1,1,1,-1,1,1,-1,-1,1,1,-1,-1,1,-1,1,1,1,-1,-1,1,-1,1,1,1,-1,-1,1,-1,1,1,1,-1,-1,1,-1,1,-1,1,1,-1,1,-1,-1,1,1,1,-1,-1,-1,1,1,-1,1,-1,1,-1,-1,1,-2656.0,1,2000,445,1000,True
2438,1,1,-1,-1,1,1,-1,1,1,1,1,-1,1,1,1,1,-1,1,-1,-1,-1,1,1,1,1,1,-1,-1,1,1,1,1,-1,-1,-1,1,-1,1,1,1,-1,-1,1,1,1,1,1,1,-1,-1,1,1,-1,1,-1,-1,-1,-1,1,1,1,-1,-1,1,1,1,1,1,1,-1,1,-1,1,1,1,1,-1,1,-1,1,1,-1,1,-1,-1,1,1,1,1,1,1,-1,-1,1,1,1,-1,-1,-1,1,1,1,1,1,-1,-1,-1,1,1,1,1,-1,-1,-1,1,1,1,1,1,-1,-1,1,1,1,1,-1,-1,-1,1,1,1,1,-1,-1,-1,1,1,1,1,-1,-1,-1,1,1,1,1,1,-1,-1,-1,1,1,1,-1,1,-1,-1,1,1,1,-1,-1,-1,-1,1,1,1,-1,1,-1,1,1,1,1,-1,-1,-1,1,1,1,-1,1,1,-1,1,1,1,-1,-1,-1,-1,-1,1,1,-1,-1,1,-1,-1,1,-1,1,-1,1,-1,-1,1,1,1,-1,1,-1,1,1,1,1,-1,1,-1,1,1,-1,-1,-1,1,1,-1,1,-1,1,-1,1,-1,-1,1,-1,1,-1,1,-1,-1,1,-1,-1,-1,1,1,-1,1,1,-1,-1,1,-1,1,1,-1,-1,-1,1,-1,-1,1,-1,1,-1,1,1,1,1,-1,-1,1,1,1,1,1,1,-1,1,1,1,1,1,-1,-1,-1,1,1,1,1,1,-1,-1,1,-1,-1,1,1,-1,1,1,1,1,1,-1,1,-1,1,1,1,-1,1,1,1,1,1,1,1,-1,-1,1,1,-1,1,1,1,-1,1,1,1,1,1,1,1,1,1,1,1,1,1,1,-1,1,1,1,1,1,-1,1,1,1,-1,1,1,1,-1,1,1,1,1,1,-1,1,1,-1,1,1,1,-1,1,1,1,1,1,1,-1,1,1,1,-1,1,1,1,1,1,1,1,-1,1,-1,1,-1,1,-1,1,1,1,-1,-1,1,1,-1,1,-1,1,1,1,-1,-1,-1,-1,1,1,1,-1,1,1,-1,1,1,-1,-1,1,1,-1,1,1,-1,1,1,1,1,1,1,1,-1,-1,1,1,1,-1,1,-1,1,-1,-1,1,1,1,-1,1,-1,1,-1,1,1,1,-1,1,-1,1,1,1,1,1,-1,1,-1,-1,1,-1,1,-1,-1,-1,1,1,1,1,-1,-1,1,-1,1,1,1,-1,1,-1,1,-1,1,1,-1,-1,1,-1,1,1,1,1,-1,-1,1,1,1,1,-1,-1,1,-1,1,1,-1,1,-1,1,-1,1,1,-1,-1,-1,-1,1,1,1,-1,1,-1,1,-1,1,1,-1,-1,1,-1,1,1,1,1,-1,-1,-1,-1,-1,1,1,-1,-1,-1,1,-1,1,-1,-1,-1,-1,-1,1,-1,1,-1,-1,-1,-1,1,-1,1,-1,-1,-1,-1,-1,1,1,1,-1,1,-1,1,-1,-1,1,1,-1,1,1,-1,-1,1,-1,1,-1,1,-1,1,-1,1,1,1,-1,-1,-1,1,-1,1,1,1,-1,-1,-1,1,1,-1,1,-1,-1,-1,1,1,1,1,-1,-1,-1,1,1,-1,1,-1,-1,-1,-1,1,1,1,-1,1,-1,-1,1,-1,1,-1,1,1,-1,1,-1,1,1,-1,-1,-1,-1,-1,1,1,-1,1,-1,1,-1,1,1,-1,-1,-1,-1,1,1,-1,-1,-1,-1,-1,1,1,-1,1,-1,1,1,1,1,1,-1,-1,-1,-1,-1,1,-1,1,-1,-1,1,-1,1,1,-1,1,-1,-1,1,1,1,-1,1,-1,1,-1,1,1,-1,1,-1,1,-1,1,1,-1,1,-1,-1,-1,1,1,1,-1,1,-1,-1,1,1,-1,-1,-1,-1,-1,1,1,-1,-1,1,-1,-1,-1,-1,1,-1,1,-1,-1,1,-1,-1,1,1,1,-1,1,1,-1,1,-1,1,-1,1,-1,-1,1,-1,1,-1,1,1,-1,1,-1,-1,-1,-1,1,-1,1,-1,1,-1,-1,1,-1,1,-1,1,-1,-1,-1,1,1,-1,-1,-1,-1,1,-1,-1,-1,-1,-1,-1,-1,-1,1,-1,-1,-1,-1,1,1,-1,1,-1,-1,-1,1,-1,-1,1,-1,-1,-1,-1,-1,1,1,-1,-1,-1,-1,-1,1,-1,-1,-1,1,-1,-1,1,-1,1,-1,-1,-1,-1,-1,-1,-1,1,-1,-1,-1,-1,1,1,-1,-1,-1,1,-1,-1,-1,-1,-1,-1,-1,1,-1,1,-1,-1,-1,-1,1,1,1,1,-1,1,-1,-1,-1,1,-1,-1,-1,-1,-1,-1,1,1,-1,-1,1,-1,1,1,-1,-1,-1,1,-1,1,1,-1,-1,-1,-1,-1,1,1,1,-1,-1,-1,1,1,1,-1,-1,1,-1,-1,1,1,-1,-1,1,-1,-1,1,1,-1,1,-1,-1,-1,1,1,-1,-1,1,-1,-1,1,1,-1,-1,1,-1,-1,1,1,1,-1,-1,1,-1,1,1,-1,-1,1,-1,-1,1,-1,1,-1,-1,1,-1,-1,1,1,-1,-1,1,-1,1,1,1,-1,-1,1,-1,1,1,1,-1,-1,1,1,-1,1,-1,-1,1,-1,1,-1,1,-1,-1,1,-1,1,1,1,1,-1,1,1,-1,1,1,-1,1,-1,1,1,1,1,1,-1,-1,1,1,1,1,1,-1,1,-1,1,-1,1,1,-1,1,1,-1,1,1,1,-1,1,-1,1,1,1,1,1,-1,1,1,-1,1,1,-1,-1,1,-1,-1,1,1,-1,1,1,-1,-1,1,1,1,1,-1,1,1,1,1,1,1,-1,1,1,1,1,1,1,-1,-1,1,1,1,-1,1,1,-1,-1,1,1,1,1,-1,-1,1,1,1,1,1,-1,-1,-1,1,1,1,1,-1,-1,1,1,1,1,1,1,-1,1,1,1,1,1,1,-1,1,1,1,1,1,-1,-1,1,-1,1,1,1,1,-1,-1,1,1,1,1,-1,1,-1,1,1,-1,1,1,-1,-1,1,-2656.0,1,2000,445,1000,True
2439,-1,-1,1,1,1,1,-1,1,-1,-1,-1,1,-1,1,-1,-1,1,-1,1,1,1,1,-1,-1,-1,1,-1,-1,-1,-1,-1,-1,1,1,-1,1,1,-1,-1,-1,1,-1,1,-1,-1,-1,-1,-1,1,-1,-1,-1,1,-1,1,-1,-1,1,-1,-1,-1,1,1,1,-1,-1,-1,-1,-1,-1,1,-1,-1,-1,-1,-1,1,1,-1,-1,-1,1,1,-1,-1,-1,-1,-1,-1,1,-1,-1,-1,-1,-1,-1,-1,1,-1,1,-1,-1,-1,-1,1,-1,-1,-1,-1,-1,-1,1,-1,-1,-1,-1,-1,-1,1,-1,-1,-1,-1,-1,-1,1,-1,-1,1,-1,-1,-1,1,-1,-1,1,-1,-1,-1,1,-1,-1,1,-1,-1,-1,-1,-1,-1,-1,-1,-1,-1,1,1,-1,-1,1,-1,-1,1,1,-1,-1,1,-1,1,1,1,-1,1,-1,-1,-1,1,-1,-1,-1,-1,-1,1,-1,1,-1,1,-1,-1,1,1,-1,-1,1,-1,-1,1,1,1,-1,1,1,-1,1,1,1,-1,1,-1,-1,-1,1,1,-1,1,1,-1,1,1,1,1,1,-1,1,1,1,1,1,-1,1,-1,-1,1,1,-1,1,-1,1,-1,1,1,1,1,-1,1,1,1,1,1,1,-1,-1,1,1,1,1,-1,-1,1,1,1,1,1,1,-1,1,-1,-1,1,-1,-1,-1,1,1,-1,1,1,-1,-1,1,1,-1,-1,-1,1,-1,1,-1,1,1,1,1,-1,1,1,1,-1,1,-1,-1,-1,1,-1,-1,-1,-1,-1,1,1,-1,-1,1,1,-1,-1,1,-1,-1,-1,-1,-1,1,1,-1,-1,1,-1,-1,-1,1,-1,1,1,1,-1,-1,-1,1,-1,-1,-1,-1,1,-1,1,-1,-1,-1,-1,-1,1,-1,1,-1,1,-1,1,1,-1,-1,-1,-1,-1,-1,-1,1,1,-1,-1,-1,-1,-1,1,1,-1,-1,-1,-1,1,1,1,-1,-1,1,1,1,1,1,-1,1,1,-1,-1,1,1,1,-1,1,-1,-1,-1,1,1,-1,-1,1,-1,1,1,1,-1,1,-1,-1,1,1,1,-1,1,1,-1,1,1,-1,1,1,1,-1,1,1,-1,1,1,-1,1,1,1,1,1,-1,1,-1,-1,-1,1,1,1,-1,-1,1,1,1,-1,1,-1,1,-1,-1,1,-1,1,-1,-1,1,1,1,-1,1,-1,1,-1,-1,1,1,1,-1,-1,-1,-1,1,1,1,-1,-1,1,-1,1,1,-1,-1,1,-1,1,-1,1,1,-1,-1,1,-1,1,-1,-1,-1,-1,-1,1,1,-1,1,-1,-1,1,-1,1,-1,-1,1,-1,1,-1,1,-1,-1,-1,-1,-1,1,1,-1,-1,1,-1,1,-1,1,1,-1,-1,1,-1,1,-1,1,-1,-1,1,-1,-1,-1,1,-1,-1,-1,-1,1,-1,1,-1,-1,1,-1,-1,1,1,-1,-1,-1,-1,-1,1,1,-1,-1,-1,1,-1,-1,1,1,1,-1,1,-1,1,-1,1,-1,1,-1,1,1,-1,1,-1,1,1,1,-1,-1,1,-1,1,1,1,-1,-1,1,-1,-1,1,1,1,-1,1,-1,1,1,-1,1,-1,1,-1,1,1,1,1,-1,1,-1,1,1,1,1,-1,-1,-1,-1,1,-1,1,-1,1,-1,-1,1,1,1,-1,-1,1,-1,1,-1,1,1,-1,-1,-1,-1,1,1,-1,1,1,-1,1,1,1,1,-1,1,-1,-1,1,1,-1,1,-1,-1,-1,1,1,-1,1,-1,1,1,1,1,-1,1,1,-1,-1,1,1,-1,1,-1,-1,1,1,1,1,1,1,-1,-1,1,1,-1,1,-1,-1,1,1,1,1,1,1,-1,-1,1,1,-1,1,1,-1,1,1,1,1,-1,1,1,-1,1,1,1,1,1,-1,1,1,1,-1,1,1,1,-1,1,-1,-1,1,1,1,-1,1,1,-1,1,1,-1,1,1,-1,-1,1,1,-1,1,1,1,-1,1,-1,1,-1,1,-1,1,1,1,-1,-1,1,1,-1,1,1,-1,1,1,1,-1,1,-1,1,-1,1,1,-1,1,1,1,1,1,-1,1,1,-1,1,1,1,1,-1,1,-1,1,-1,1,1,-1,1,1,-1,1,1,1,-1,1,1,-1,1,1,1,-1,1,1,-1,1,1,1,1,1,-1,1,-1,1,-1,1,1,-1,-1,1,1,1,1,1,-1,-1,1,-1,1,1,1,-1,1,1,1,1,1,1,1,-1,1,1,-1,1,1,1,1,1,1,1,1,1,1,-1,1,1,1,-1,1,-1,1,1,1,1,1,1,1,-1,1,-1,1,1,1,1,-1,1,1,1,1,-1,1,1,1,1,1,1,1,1,1,1,-1,1,1,1,1,1,1,1,1,1,1,-1,1,1,1,1,-1,1,-1,1,1,1,1,-1,1,-1,1,1,1,1,-1,1,-1,1,1,1,1,1,-1,1,1,1,-1,1,1,-1,1,1,1,-1,1,-1,-1,-1,1,-1,1,1,1,-1,1,1,1,-1,1,1,-1,1,1,1,-1,1,1,-1,1,1,1,-1,1,1,-1,1,-1,1,1,1,1,-1,1,-1,1,1,1,-1,1,1,1,1,1,1,-1,-1,1,1,1,1,-1,1,-1,1,1,-1,-1,1,1,-1,1,1,1,-1,1,-1,-1,1,-1,1,-1,1,-1,1,-1,1,1,1,1,-1,1,1,1,-1,-1,1,-1,1,-1,1,-1,-1,1,1,-1,-1,-1,1,1,1,-1,-1,-1,-1,1,1,-1,-1,1,1,1,1,1,-1,-1,1,1,1,1,-1,1,-1,1,-1,1,1,-1,1,-1,1,-1,-1,-1,-1,-1,-1,1,-1,1,1,1,-1,1,1,-1,-1,1,-1,-1,-1,1,-1,1,1,1,1,-1,1,-1,1,1,1,-1,-1,1,-1,1,1,1,1,-1,1,-1,1,-1,-1,-1,-1,1,-1,-1,1,1,-1,-1,-1,-1,1,1,-1,1,-1,1,1,-1,1,-2656.0,1,2000,445,1500,True
2440,-1,-1,-1,-1,1,1,-1,1,-1,1,1,-1,-1,1,-1,-1,1,1,-1,-1,-1,1,-1,1,1,-1,-1,-1,1,-1,1,1,1,-1,-1,1,1,-1,1,1,-1,-1,1,-1,-1,1,1,-1,1,-1,-1,1,-1,1,-1,-1,-1,1,-1,1,-1,-1,-1,1,-1,1,1,1,-1,-1,1,-1,1,1,1,-1,-1,1,-1,1,1,-1,-1,-1,-1,1,1,1,-1,-1,-1,-1,1,1,1,-1,-1,1,-1,1,1,1,-1,-1,1,-1,1,1,1,-1,-1,-1,-1,1,1,1,-1,-1,1,-1,-1,1,1,1,-1,-1,-1,-1,1,1,1,-1,1,-1,1,1,1,1,-1,1,-1,-1,1,1,1,-1,1,-1,-1,1,1,1,-1,-1,1,-1,1,1,1,-1,1,-1,-1,-1,1,1,-1,1,1,-1,1,1,-1,-1,1,-1,-1,1,1,-1,1,-1,1,-1,1,1,-1,1,1,-1,-1,-1,1,1,1,1,1,-1,-1,1,-1,1,1,1,-1,-1,1,1,-1,1,1,-1,1,1,-1,1,1,1,-1,1,1,1,1,1,1,1,-1,1,-1,-1,1,1,-1,-1,1,1,-1,1,1,-1,-1,1,-1,1,1,1,1,-1,1,1,-1,1,1,-1,1,1,-1,1,1,1,-1,-1,1,-1,1,-1,1,1,1,1,-1,1,-1,1,1,1,1,-1,1,-1,1,1,1,1,-1,-1,1,1,1,1,1,1,-1,1,1,-1,-1,1,1,-1,-1,1,1,1,1,-1,1,-1,1,1,1,-1,1,-1,-1,1,1,1,1,-1,1,-1,1,-1,1,1,1,1,-1,1,1,1,1,1,1,-1,1,1,1,1,1,1,1,1,1,1,1,1,-1,1,1,1,-1,1,1,-1,1,1,1,1,1,1,1,-1,1,-1,1,1,1,1,-1,1,1,1,1,1,1,-1,1,1,-1,1,1,-1,-1,1,1,1,-1,1,1,-1,-1,1,-1,1,1,1,1,-1,1,1,-1,1,1,-1,1,1,-1,-1,-1,-1,-1,-1,1,-1,1,1,-1,-1,1,-1,-1,1,1,1,-1,1,-1,1,1,1,-1,-1,1,1,1,-1,1,1,1,-1,1,-1,1,1,1,-1,1,1,-1,-1,-1,1,1,1,1,-1,1,-1,1,-1,1,1,1,-1,-1,1,1,-1,1,-1,1,-1,1,-1,-1,1,1,1,-1,-1,1,-1,1,1,-1,-1,1,1,1,-1,1,-1,-1,-1,1,-1,1,1,-1,-1,1,1,1,1,-1,1,-1,1,-1,1,1,-1,1,-1,1,1,1,1,-1,-1,-1,1,-1,1,1,1,-1,-1,1,-1,-1,1,-1,-1,-1,1,-1,1,1,1,-1,-1,1,-1,-1,1,-1,-1,-1,-1,-1,-1,1,-1,-1,-1,1,-1,-1,1,-1,-1,-1,-1,1,-1,1,-1,-1,-1,-1,1,-1,-1,1,1,1,-1,1,-1,1,-1,1,1,1,-1,1,1,-1,-1,1,1,1,-1,1,-1,1,-1,1,1,1,-1,-1,-1,-1,-1,1,1,1,-1,-1,-1,1,1,-1,1,-1,-1,-1,1,1,1,1,-1,-1,1,1,1,1,1,-1,-1,-1,-1,1,-1,1,-1,1,-1,-1,1,1,1,-1,-1,1,-1,1,-1,1,1,-1,-1,-1,-1,1,1,1,-1,-1,-1,-1,1,1,1,-1,-1,-1,1,1,1,-1,-1,-1,-1,1,1,1,-1,1,-1,1,-1,-1,1,1,-1,-1,-1,-1,1,1,-1,1,-1,-1,1,1,1,1,-1,1,-1,-1,-1,1,1,-1,1,-1,-1,1,-1,1,-1,-1,-1,-1,1,-1,1,-1,1,-1,-1,1,-1,1,1,-1,1,-1,1,-1,1,-1,-1,-1,-1,1,-1,1,-1,-1,1,1,1,-1,-1,1,-1,1,1,-1,1,-1,-1,1,-1,1,-1,1,1,-1,1,-1,1,-1,1,-1,-1,1,-1,1,-1,-1,1,-1,1,-1,1,1,-1,1,-1,1,-1,1,1,-1,1,-1,1,1,1,1,-1,-1,1,1,1,1,-1,-1,1,-1,-1,1,1,-1,-1,-1,-1,1,-1,1,-1,-1,1,1,-1,1,1,-1,-1,1,-1,-1,1,1,-1,-1,-1,-1,1,-1,1,-1,-1,-1,-1,-1,1,-1,-1,1,-1,-1,1,-1,1,-1,-1,-1,-1,-1,1,1,1,-1,-1,-1,1,1,1,-1,-1,-1,1,-1,-1,1,-1,1,-1,-1,1,1,1,-1,-1,-1,-1,1,-1,1,1,-1,1,-1,-1,1,1,-1,-1,-1,-1,-1,-1,1,1,-1,-1,1,-1,1,1,-1,-1,-1,1,-1,1,1,-1,-1,1,-1,-1,1,1,1,-1,1,-1,1,1,1,-1,-1,1,-1,-1,1,-1,1,-1,1,-1,-1,1,1,-1,1,1,-1,-1,1,1,1,1,1,-1,-1,1,1,1,1,1,-1,-1,1,1,1,1,1,1,-1,-1,1,1,-1,1,-1,-1,1,-1,1,1,1,1,-1,-1,1,-1,1,1,1,-1,1,1,1,1,-1,1,-1,1,1,1,1,1,1,-1,-1,1,1,1,1,-1,1,-1,1,1,1,1,1,-1,1,1,1,1,-1,-1,1,-1,1,1,-1,1,-1,-1,-1,1,1,1,-1,1,-1,-1,1,1,1,-1,-1,-1,-1,1,1,1,-1,-1,1,-1,-1,1,1,-1,1,-1,-1,-1,1,1,-1,1,-1,1,-1,1,1,1,1,1,-1,-1,1,1,-1,-1,1,1,-1,1,1,-1,1,-1,-1,1,1,-1,-1,1,1,-1,-1,1,1,-1,1,1,-1,1,1,-1,-1,-1,1,-1,-1,-1,-1,-1,1,-1,1,1,1,-1,1,1,1,-1,1,1,1,-1,1,1,-1,1,1,-1,-1,1,1,1,1,1,-1,-1,-1,1,-1,1,1,-1,-1,1,1,-1,1,1,1,-1,1,1,1,1,1,-1,-1,-1,1,-1,1,-1,1,-1,1,-1,1,1,-2656.0,1,2000,445,1000,True
2441,1,1,-1,-1,1,-1,-1,1,1,1,1,-1,1,1,1,1,-1,1,-1,-1,-1,1,1,1,1,-1,-1,-1,1,1,1,1,-1,-1,-1,1,-1,1,1,1,-1,-1,1,1,1,1,1,-1,1,-1,1,1,-1,1,-1,-1,1,-1,1,1,1,-1,-1,-1,1,1,1,1,-1,-1,1,-1,1,1,1,-1,-1,-1,1,1,1,-1,-1,-1,-1,1,1,1,-1,-1,1,1,-1,1,1,-1,-1,-1,-1,1,1,1,-1,-1,1,-1,-1,1,1,-1,-1,-1,-1,-1,1,1,-1,-1,1,-1,-1,1,1,1,-1,-1,-1,-1,1,1,1,-1,1,-1,-1,1,1,1,-1,1,-1,-1,1,1,1,-1,1,-1,-1,-1,1,1,-1,-1,1,-1,-1,1,1,-1,1,1,-1,-1,1,1,-1,1,1,-1,1,1,-1,-1,1,-1,-1,1,1,-1,1,-1,1,-1,1,1,-1,1,1,-1,-1,-1,1,1,1,1,1,-1,-1,1,-1,1,1,1,-1,-1,1,1,-1,1,1,-1,1,1,-1,1,1,1,-1,1,1,1,1,1,1,1,-1,1,-1,-1,1,1,-1,-1,1,1,-1,1,1,-1,-1,1,-1,1,1,1,1,-1,1,1,-1,1,1,-1,1,1,-1,1,1,1,-1,-1,1,-1,1,-1,1,1,1,1,-1,1,-1,1,1,1,1,-1,1,-1,1,1,1,1,-1,-1,1,1,1,1,1,1,-1,1,1,-1,-1,1,1,-1,-1,1,1,1,1,-1,1,-1,-1,1,1,-1,1,-1,-1,-1,1,1,1,-1,1,-1,1,-1,1,1,1,1,-1,1,1,1,1,1,-1,-1,1,1,1,1,1,1,1,1,1,1,1,1,-1,1,1,1,-1,1,1,-1,1,1,1,-1,1,1,1,-1,1,-1,1,1,1,1,-1,1,1,-1,1,1,1,-1,1,1,-1,-1,1,1,-1,1,1,1,1,1,1,-1,1,1,-1,-1,1,1,1,1,1,1,1,1,-1,-1,1,1,-1,-1,1,1,-1,1,1,-1,1,-1,1,-1,1,-1,1,-1,1,-1,-1,1,-1,1,-1,-1,1,-1,1,1,1,-1,1,-1,-1,-1,1,1,1,-1,-1,1,1,1,-1,1,-1,-1,1,-1,1,1,-1,1,-1,1,1,1,1,1,-1,-1,1,-1,1,1,1,-1,-1,-1,1,1,1,1,-1,-1,1,-1,1,1,1,-1,-1,-1,1,-1,1,1,-1,-1,1,-1,1,1,-1,1,-1,-1,1,1,-1,1,-1,-1,1,1,1,-1,-1,1,-1,1,1,1,-1,-1,1,-1,-1,1,1,-1,-1,1,-1,1,-1,1,-1,1,-1,1,-1,1,1,1,-1,-1,1,-1,-1,1,-1,-1,-1,1,-1,-1,1,-1,-1,-1,1,-1,-1,1,-1,-1,-1,-1,1,-1,1,-1,-1,1,-1,1,-1,-1,1,1,1,-1,1,-1,1,1,1,1,1,-1,1,1,-1,1,-1,-1,1,1,-1,-1,1,-1,1,1,1,-1,-1,-1,1,-1,1,-1,1,-1,-1,-1,1,1,-1,1,-1,-1,-1,1,1,-1,1,-1,-1,-1,1,1,-1,1,-1,-1,-1,-1,1,1,1,-1,1,-1,-1,1,-1,1,-1,-1,1,-1,1,-1,1,1,-1,-1,-1,-1,-1,1,1,-1,1,-1,-1,-1,-1,1,-1,-1,-1,1,1,1,-1,-1,-1,-1,1,1,1,-1,1,-1,1,-1,1,1,1,-1,-1,-1,-1,-1,1,-1,1,-1,-1,1,-1,1,1,-1,1,-1,-1,1,1,1,-1,1,-1,-1,-1,1,1,-1,1,-1,-1,-1,1,1,-1,1,-1,-1,-1,1,1,1,-1,1,-1,-1,1,1,-1,-1,-1,-1,-1,1,1,-1,-1,1,1,-1,-1,-1,1,-1,-1,1,-1,1,-1,-1,1,1,-1,-1,1,1,-1,1,-1,1,-1,1,-1,1,-1,1,1,-1,1,1,-1,1,-1,1,-1,-1,1,-1,1,-1,1,-1,-1,1,-1,1,-1,1,-1,-1,-1,1,1,-1,1,-1,-1,1,-1,-1,1,1,-1,-1,-1,-1,1,-1,1,-1,-1,1,1,1,-1,1,-1,-1,1,-1,-1,-1,1,-1,-1,-1,-1,1,-1,1,-1,-1,-1,-1,-1,1,-1,-1,1,-1,-1,1,-1,1,-1,-1,-1,-1,1,-1,1,1,-1,-1,-1,-1,1,1,-1,-1,-1,1,1,-1,1,-1,-1,-1,-1,-1,1,1,-1,-1,-1,-1,-1,1,-1,1,-1,1,-1,1,-1,1,-1,-1,-1,-1,-1,-1,1,1,-1,-1,1,-1,1,1,-1,-1,-1,1,-1,1,1,-1,-1,1,-1,-1,1,1,1,-1,1,-1,1,1,1,-1,-1,1,-1,-1,1,1,1,-1,1,-1,-1,1,1,-1,1,1,-1,-1,1,1,-1,1,1,-1,-1,1,1,-1,1,1,-1,-1,1,1,1,1,1,1,-1,1,1,1,-1,1,-1,-1,1,-1,1,1,1,1,-1,-1,1,-1,1,1,1,-1,-1,1,1,1,-1,1,-1,1,1,1,1,1,1,-1,1,-1,1,1,1,-1,1,1,1,1,1,1,-1,1,-1,1,1,1,-1,-1,-1,1,1,1,-1,1,-1,1,1,-1,1,1,-1,1,-1,1,1,1,1,-1,-1,-1,1,1,1,1,-1,-1,1,1,-1,1,1,-1,1,-1,1,-1,1,1,-1,1,-1,1,-1,1,1,1,1,1,1,1,1,1,-1,-1,1,-1,1,-1,1,-1,1,-1,1,1,1,-1,-1,1,1,1,-1,1,1,-1,1,-1,1,1,1,-1,-1,-1,1,-1,-1,-1,-1,-1,1,-1,1,1,1,-1,1,1,1,-1,1,1,1,-1,1,1,1,1,1,-1,-1,1,1,1,1,1,-1,-1,-1,1,-1,1,1,-1,-1,1,1,1,-1,1,1,-1,1,1,1,1,1,1,-1,-1,1,1,1,-1,1,-1,1,-1,1,1,-2656.0,1,2000,445,1000,True
2442,-1,-1,1,1,1,1,-1,1,-1,-1,-1,1,-1,1,-1,-1,1,-1,1,-1,-1,1,-1,-1,-1,1,-1,-1,1,-1,-1,-1,1,-1,-1,1,1,-1,-1,1,-1,-1,1,-1,-1,-1,1,1,-1,-1,1,-1,1,1,-1,-1,-1,1,-1,-1,1,1,-1,1,-1,-1,-1,1,1,-1,1,-1,-1,-1,1,1,-1,1,-1,-1,-1,1,1,-1,-1,-1,-1,1,1,-1,-1,-1,-1,-1,1,1,1,1,-1,1,-1,1,1,1,1,-1,-1,-1,1,1,1,-1,-1,1,-1,1,1,1,1,-1,-1,-1,-1,1,1,-1,-1,-1,-1,1,1,1,1,-1,-1,1,1,1,1,1,-1,-1,1,-1,1,1,1,-1,-1,-1,-1,1,1,1,1,-1,1,1,1,1,1,-1,-1,-1,1,-1,1,1,1,-1,1,-1,1,1,1,-1,-1,-1,1,1,1,-1,1,-1,1,-1,1,1,1,-1,-1,1,-1,1,1,1,1,-1,1,-1,1,-1,1,1,-1,1,1,1,1,1,1,-1,1,-1,1,-1,1,1,-1,1,-1,1,1,1,1,1,-1,1,-1,1,1,1,-1,1,-1,1,1,1,1,-1,1,-1,1,-1,1,1,1,1,-1,-1,1,1,1,-1,-1,-1,1,1,1,1,-1,1,-1,1,1,-1,1,1,-1,-1,1,1,-1,1,1,-1,-1,1,1,-1,1,1,1,-1,-1,1,1,1,1,1,-1,1,1,1,1,-1,-1,-1,1,1,-1,1,1,-1,-1,1,1,-1,1,1,1,-1,1,1,-1,1,1,1,-1,1,1,-1,1,-1,1,-1,1,1,-1,1,1,1,-1,1,1,-1,1,1,-1,-1,1,-1,1,1,1,-1,1,1,1,-1,1,1,-1,1,1,-1,1,1,1,1,1,1,1,-1,1,-1,1,1,1,1,-1,1,1,-1,1,1,1,-1,1,1,-1,1,1,-1,-1,1,1,1,1,1,1,-1,-1,1,-1,1,1,1,1,-1,1,1,-1,1,1,-1,1,1,-1,1,-1,-1,1,1,1,-1,1,1,-1,-1,1,-1,1,-1,1,1,1,1,-1,1,-1,1,-1,-1,1,1,1,-1,1,1,1,-1,1,1,1,-1,1,1,1,1,-1,1,-1,1,1,1,1,-1,1,-1,1,-1,1,1,-1,1,-1,1,1,-1,1,1,-1,-1,1,-1,-1,-1,1,1,-1,-1,1,-1,1,1,-1,-1,1,-1,1,1,1,1,-1,-1,1,-1,1,-1,-1,-1,1,1,1,1,-1,1,-1,1,-1,1,1,-1,-1,1,1,1,1,1,-1,-1,-1,1,-1,1,1,-1,-1,-1,1,1,-1,1,1,-1,-1,1,-1,1,-1,1,-1,-1,1,-1,-1,-1,1,-1,-1,1,-1,1,-1,1,-1,-1,1,-1,-1,1,1,-1,-1,-1,1,-1,1,1,-1,-1,1,1,-1,-1,1,1,1,-1,1,-1,1,-1,1,1,1,-1,1,1,-1,-1,1,1,1,-1,1,-1,1,-1,1,1,1,-1,-1,-1,-1,-1,1,1,1,-1,-1,-1,1,1,-1,1,-1,-1,-1,1,1,1,1,-1,-1,1,1,1,1,1,-1,-1,-1,-1,1,-1,1,-1,1,-1,-1,1,1,1,-1,-1,1,1,-1,-1,1,1,-1,-1,-1,-1,1,1,1,-1,1,-1,1,1,1,1,-1,-1,1,-1,1,1,-1,-1,-1,-1,-1,1,1,-1,1,-1,-1,1,-1,1,1,-1,-1,-1,-1,1,1,-1,1,-1,-1,1,1,1,1,-1,1,-1,-1,1,1,1,-1,1,-1,1,1,1,1,-1,-1,-1,-1,1,-1,1,-1,1,-1,1,1,1,1,-1,-1,1,-1,1,1,1,-1,-1,-1,1,1,1,-1,1,-1,1,-1,1,-1,-1,1,-1,1,-1,1,1,-1,-1,1,-1,1,1,-1,-1,-1,1,-1,1,1,1,-1,1,-1,1,-1,1,-1,1,-1,1,-1,-1,1,1,-1,1,1,-1,1,1,1,-1,-1,1,1,-1,1,1,-1,1,1,1,1,1,-1,1,1,-1,1,1,1,1,-1,1,-1,1,-1,1,1,-1,1,1,-1,1,1,1,-1,1,1,-1,1,1,1,-1,1,-1,-1,1,1,-1,1,1,-1,1,-1,1,-1,1,1,-1,-1,1,1,1,1,1,1,-1,1,1,-1,1,1,-1,1,1,1,-1,1,1,-1,-1,1,1,-1,1,1,-1,1,1,-1,1,1,1,1,-1,1,1,-1,1,1,-1,1,1,1,-1,1,1,-1,-1,1,-1,-1,1,1,-1,1,1,-1,-1,-1,1,-1,1,1,1,-1,1,-1,-1,1,1,1,-1,1,-1,1,1,1,-1,1,1,-1,-1,1,1,-1,-1,-1,-1,-1,1,1,-1,1,-1,-1,-1,1,1,-1,-1,1,-1,-1,1,1,-1,-1,-1,-1,-1,1,1,-1,-1,-1,-1,-1,1,1,-1,-1,-1,-1,-1,1,-1,-1,-1,-1,-1,-1,-1,1,-1,-1,-1,1,-1,1,-1,-1,-1,1,-1,-1,1,1,1,-1,-1,-1,-1,-1,-1,-1,-1,-1,-1,1,-1,1,-1,-1,-1,-1,1,1,-1,-1,-1,-1,-1,1,-1,1,-1,1,-1,-1,-1,-1,1,1,-1,1,-1,-1,-1,-1,1,-1,1,-1,-1,-1,1,1,-1,-1,-1,1,-1,-1,1,-1,-1,1,-1,-1,-1,1,-1,1,-1,-1,1,-1,1,-1,1,-1,1,-1,-1,1,-1,-1,-1,1,1,-1,1,1,-1,1,-1,-1,1,1,-1,-1,1,-1,1,-1,1,-1,-1,1,1,-1,1,1,-1,-1,1,1,-1,-1,-1,-1,-1,1,-1,1,1,1,-1,1,1,1,-1,1,1,-1,-1,1,1,-1,1,1,-1,-1,1,1,1,1,1,-1,-1,1,1,-1,1,1,-1,-1,1,1,-1,1,1,1,-1,1,1,1,1,1,-1,-1,-1,-1,1,1,-1,1,-1,1,1,-1,1,-2656.0,1,2000,445,1000,True
2443,1,1,-1,-1,1,1,-1,1,1,1,1,-1,-1,1,1,1,-1,1,-1,-1,-1,1,1,1,1,-1,-1,-1,1,1,1,1,1,-1,-1,1,-1,1,1,1,-1,-1,1,1,1,1,-1,-1,1,-1,1,1,-1,1,-1,-1,-1,-1,1,1,-1,-1,-1,1,1,1,1,-1,-1,-1,1,-1,1,1,1,-1,-1,1,-1,1,1,-1,-1,-1,-1,1,1,1,-1,-1,1,-1,1,1,1,-1,-1,-1,-1,-1,1,1,-1,-1,1,-1,1,1,1,-1,-1,-1,-1,1,1,1,-1,-1,1,-1,-1,1,1,1,-1,-1,-1,1,-1,1,1,-1,1,-1,1,1,1,1,-1,1,-1,1,-1,1,1,-1,1,-1,-1,1,1,1,-1,-1,1,-1,1,1,-1,-1,1,-1,1,1,-1,1,-1,1,1,1,1,1,-1,-1,1,-1,1,-1,1,-1,1,-1,-1,1,1,1,-1,1,1,1,1,-1,1,-1,1,1,-1,1,-1,1,1,-1,1,-1,1,-1,1,-1,-1,1,1,1,-1,1,-1,1,1,-1,1,-1,1,1,1,1,-1,-1,1,1,-1,-1,1,-1,1,1,-1,1,-1,1,-1,1,-1,1,-1,1,1,-1,-1,1,1,-1,1,1,-1,1,1,1,1,1,1,-1,1,-1,-1,1,1,-1,1,-1,1,-1,1,1,-1,-1,1,1,1,1,1,-1,1,-1,-1,1,-1,1,1,1,-1,-1,1,1,1,1,1,-1,1,1,-1,1,-1,1,-1,1,1,1,1,-1,1,1,-1,1,1,1,1,1,-1,-1,1,-1,1,-1,-1,1,-1,1,1,1,-1,1,-1,-1,1,1,1,1,1,-1,-1,1,1,-1,-1,1,-1,-1,1,-1,-1,1,1,-1,1,-1,1,1,-1,1,-1,1,1,1,-1,1,1,-1,1,1,1,-1,1,-1,-1,1,1,1,-1,1,-1,-1,1,-1,1,-1,1,-1,-1,1,-1,1,-1,1,1,-1,1,-1,1,1,-1,1,-1,-1,1,1,-1,1,-1,-1,1,1,-1,-1,1,1,-1,1,-1,1,-1,1,-1,1,1,-1,1,1,1,-1,1,1,-1,1,-1,1,-1,-1,1,-1,1,1,1,1,-1,1,1,1,1,1,-1,-1,1,-1,-1,1,-1,1,-1,-1,1,-1,1,1,-1,-1,-1,1,-1,1,-1,1,-1,-1,1,-1,1,1,-1,-1,-1,1,-1,-1,1,1,-1,-1,1,-1,1,1,-1,1,-1,1,-1,-1,1,1,-1,-1,-1,-1,1,1,-1,-1,-1,1,-1,1,-1,1,-1,-1,1,-1,1,-1,1,-1,-1,-1,-1,1,-1,-1,-1,-1,-1,-1,1,1,1,-1,-1,-1,-1,1,-1,-1,1,-1,-1,-1,1,-1,1,-1,-1,-1,-1,-1,-1,1,-1,1,-1,-1,1,-1,1,1,1,-1,-1,-1,1,1,-1,1,-1,-1,-1,1,1,1,-1,1,1,-1,1,1,1,1,1,1,1,-1,1,1,-1,1,-1,1,-1,-1,1,1,-1,1,-1,-1,1,1,1,-1,1,1,-1,1,1,1,-1,1,1,-1,-1,1,1,-1,-1,-1,-1,1,1,1,-1,-1,-1,-1,-1,1,1,-1,1,1,1,1,1,1,-1,1,1,-1,-1,1,-1,-1,-1,1,-1,-1,1,1,1,1,1,1,-1,1,-1,1,1,1,-1,-1,1,1,1,1,1,-1,1,-1,1,1,1,1,-1,1,-1,1,-1,1,-1,1,-1,-1,-1,1,1,1,-1,1,-1,-1,1,1,1,1,-1,-1,-1,1,1,1,1,1,-1,-1,1,-1,1,-1,-1,-1,-1,1,1,1,1,-1,1,-1,1,-1,1,1,-1,-1,-1,1,1,-1,1,-1,1,-1,1,1,1,1,-1,-1,1,-1,1,-1,1,-1,1,1,-1,1,1,1,-1,-1,1,1,-1,1,1,-1,1,-1,1,-1,1,-1,-1,-1,1,-1,-1,1,-1,-1,1,-1,1,-1,1,1,-1,-1,-1,1,-1,1,1,-1,1,1,1,-1,1,-1,-1,1,-1,-1,-1,1,1,-1,-1,1,1,-1,1,1,-1,-1,1,-1,1,-1,1,-1,-1,-1,-1,-1,-1,1,-1,-1,1,-1,1,-1,1,-1,-1,-1,-1,-1,-1,1,-1,-1,-1,-1,-1,1,-1,-1,1,-1,-1,1,-1,1,-1,-1,-1,-1,1,-1,1,1,-1,-1,-1,1,1,1,-1,-1,1,-1,1,-1,1,-1,1,-1,-1,-1,1,1,-1,1,-1,-1,1,-1,1,1,-1,1,-1,-1,1,1,-1,-1,-1,-1,-1,-1,1,1,-1,-1,1,-1,1,1,-1,-1,-1,1,-1,1,1,-1,-1,1,1,-1,1,1,1,-1,1,-1,1,1,1,-1,-1,1,-1,-1,1,-1,1,1,-1,1,-1,1,1,1,-1,1,-1,-1,1,1,1,1,-1,1,-1,1,1,1,1,1,-1,-1,1,1,1,1,1,-1,-1,-1,1,1,1,-1,-1,-1,1,-1,1,1,1,-1,-1,-1,1,-1,1,1,-1,-1,1,1,1,1,1,-1,1,1,1,1,1,1,-1,1,-1,1,1,1,1,-1,1,-1,1,1,1,-1,1,-1,1,1,1,1,-1,-1,1,-1,1,1,-1,1,1,-1,-1,1,1,1,1,-1,1,-1,1,1,1,-1,-1,1,-1,1,1,1,-1,1,-1,-1,-1,1,1,-1,-1,1,-1,-1,1,1,1,-1,1,-1,-1,1,1,1,-1,-1,-1,-1,1,1,-1,-1,-1,1,-1,1,1,-1,1,1,-1,1,1,-1,-1,1,1,-1,-1,1,1,-1,1,1,-1,1,1,-1,-1,-1,-1,1,-1,-1,-1,-1,1,-1,-1,1,1,-1,1,1,-1,1,1,1,1,-1,1,-1,1,1,1,-1,-1,1,-1,-1,1,1,-1,-1,1,-1,1,1,1,-1,-1,1,-1,1,1,1,1,-1,1,-1,-1,1,1,1,-1,-1,1,-1,1,-1,1,-1,1,-1,-1,1,-2656.0,1,2000,445,1500,True
2444,-1,-1,1,1,1,1,-1,1,-1,-1,-1,1,-1,1,-1,-1,1,-1,1,1,-1,1,-1,-1,-1,1,-1,-1,1,-1,-1,-1,1,1,-1,1,1,-1,-1,-1,1,-1,1,-1,-1,-1,-1,-1,1,-1,1,-1,1,-1,1,-1,-1,1,-1,-1,-1,1,1,1,-1,-1,-1,-1,-1,-1,1,-1,-1,-1,-1,-1,-1,1,-1,1,-1,1,1,-1,-1,-1,-1,1,-1,1,-1,-1,1,-1,-1,-1,-1,1,-1,1,-1,-1,-1,-1,1,-1,1,-1,-1,-1,-1,1,-1,1,1,-1,-1,-1,1,-1,1,-1,-1,-1,-1,1,-1,-1,1,-1,-1,-1,1,-1,1,-1,-1,-1,-1,-1,-1,-1,1,-1,-1,-1,1,-1,-1,1,-1,-1,-1,-1,1,-1,1,1,-1,-1,1,1,-1,1,-1,-1,-1,1,-1,1,-1,-1,-1,-1,1,-1,1,1,-1,-1,1,-1,1,-1,-1,-1,-1,1,1,-1,1,1,-1,1,1,1,1,-1,-1,-1,-1,1,1,1,-1,-1,-1,-1,-1,1,1,1,-1,-1,-1,1,1,1,-1,-1,-1,1,1,1,1,1,-1,-1,-1,-1,1,1,1,-1,-1,1,-1,1,1,-1,-1,-1,-1,1,1,1,1,-1,-1,-1,-1,1,1,-1,1,1,-1,1,1,1,-1,-1,-1,-1,1,-1,1,1,-1,-1,-1,1,-1,1,-1,-1,-1,-1,1,-1,1,1,-1,-1,-1,-1,1,1,1,-1,-1,-1,-1,1,1,-1,-1,-1,1,-1,-1,1,1,-1,-1,1,1,-1,1,1,1,-1,-1,-1,-1,1,1,1,-1,1,-1,-1,1,-1,1,-1,1,1,-1,1,1,1,-1,1,1,-1,1,1,-1,-1,-1,1,1,1,1,-1,1,1,-1,1,1,1,-1,1,1,-1,1,1,1,1,1,1,1,-1,1,1,1,1,1,1,-1,1,1,-1,1,1,1,1,1,1,1,-1,1,1,-1,1,1,1,1,1,1,-1,-1,1,-1,1,1,1,1,-1,1,1,-1,1,1,-1,1,1,-1,1,1,1,-1,1,1,-1,1,-1,1,-1,1,-1,1,-1,1,-1,-1,1,-1,1,-1,1,1,-1,1,1,1,-1,1,-1,-1,-1,1,1,1,1,-1,1,1,1,-1,1,-1,-1,1,1,1,-1,1,1,-1,1,1,1,-1,1,-1,-1,1,-1,1,1,1,-1,-1,-1,-1,-1,1,1,-1,-1,1,-1,1,1,-1,-1,-1,-1,1,1,1,1,-1,-1,1,-1,1,-1,-1,1,-1,-1,1,1,-1,1,-1,-1,1,1,1,-1,-1,1,-1,1,1,1,-1,-1,1,-1,-1,1,1,-1,-1,1,-1,1,-1,1,1,-1,-1,1,-1,1,-1,1,-1,-1,1,-1,-1,-1,1,-1,-1,1,-1,1,-1,1,-1,-1,1,-1,-1,1,1,-1,-1,-1,1,-1,1,1,-1,1,-1,1,-1,-1,1,1,1,-1,1,-1,1,-1,1,-1,1,-1,1,1,-1,-1,1,1,1,-1,1,-1,1,-1,1,1,1,-1,-1,-1,-1,-1,1,1,1,-1,-1,-1,1,1,-1,1,-1,-1,-1,1,1,1,1,-1,-1,-1,1,1,1,1,-1,-1,-1,-1,1,-1,1,-1,1,-1,-1,1,1,1,-1,-1,1,1,-1,-1,1,1,-1,-1,-1,-1,1,1,1,-1,-1,-1,1,1,1,-1,-1,-1,1,-1,1,1,-1,-1,-1,-1,-1,-1,1,-1,1,-1,-1,1,-1,1,1,-1,-1,-1,-1,1,1,1,-1,-1,-1,1,1,1,-1,-1,-1,-1,-1,-1,1,1,-1,1,-1,1,1,-1,1,-1,-1,-1,-1,1,-1,1,-1,1,-1,1,1,-1,-1,1,-1,1,-1,1,-1,-1,-1,-1,-1,1,1,-1,1,1,-1,1,-1,1,1,1,1,-1,1,-1,1,-1,1,-1,1,-1,1,1,1,1,-1,1,-1,1,1,1,1,1,-1,1,-1,1,-1,1,-1,1,-1,-1,1,1,1,1,1,-1,1,1,-1,1,-1,1,1,-1,1,1,1,1,1,1,1,1,-1,1,1,-1,1,1,1,1,1,1,-1,1,-1,1,1,-1,1,1,-1,1,1,1,-1,1,1,-1,1,1,1,1,1,-1,-1,1,1,1,1,1,-1,1,-1,1,1,1,1,-1,-1,1,1,1,1,1,1,-1,1,-1,1,1,1,-1,1,1,1,1,1,1,-1,-1,1,1,1,1,1,-1,1,1,1,1,-1,1,-1,1,1,1,1,1,1,1,-1,1,1,1,1,1,-1,-1,1,-1,1,1,1,-1,1,1,1,1,1,-1,-1,1,1,1,1,1,1,-1,1,1,-1,1,1,-1,1,1,1,1,1,1,-1,-1,1,1,1,1,1,-1,-1,1,1,1,1,1,-1,-1,1,1,1,1,1,1,-1,1,-1,1,1,1,1,-1,1,1,-1,1,1,1,-1,1,1,-1,1,1,-1,-1,1,-1,-1,1,1,1,-1,-1,1,-1,1,1,1,-1,-1,1,-1,1,-1,1,-1,-1,1,-1,1,1,1,-1,1,-1,1,1,1,1,-1,1,1,1,1,1,-1,1,-1,1,1,1,-1,-1,-1,1,1,1,-1,1,-1,1,1,-1,-1,1,-1,1,-1,1,1,-1,1,-1,-1,-1,1,1,-1,1,-1,-1,1,1,-1,1,1,-1,1,-1,1,-1,-1,1,-1,1,-1,1,-1,-1,1,1,1,1,1,1,1,1,-1,-1,1,-1,1,1,1,-1,1,-1,1,1,1,-1,-1,1,1,1,-1,-1,1,-1,1,1,1,1,1,-1,-1,-1,1,-1,-1,-1,-1,-1,1,-1,1,1,1,-1,1,1,1,-1,1,1,1,-1,1,1,1,1,1,1,-1,1,1,1,1,1,1,-1,-1,1,-1,1,1,1,-1,1,1,1,-1,1,-1,-1,1,1,1,1,1,-1,-1,-1,1,-1,1,1,1,-1,1,-1,1,1,-2656.0,1,2000,445,1000,True
2445,-1,-1,1,1,1,1,-1,1,-1,-1,-1,1,-1,1,-1,-1,1,-1,1,1,-1,1,-1,-1,-1,1,-1,-1,-1,-1,-1,-1,1,1,-1,1,1,-1,-1,-1,1,-1,1,-1,-1,-1,-1,-1,1,-1,1,-1,1,-1,1,-1,-1,1,-1,-1,-1,1,1,1,-1,-1,-1,-1,-1,-1,1,-1,-1,-1,-1,-1,-1,1,-1,-1,-1,1,1,-1,-1,-1,-1,-1,-1,1,-1,-1,-1,-1,-1,-1,-1,1,-1,1,-1,-1,-1,-1,1,-1,-1,-1,-1,-1,-1,1,-1,1,-1,-1,-1,-1,1,-1,-1,1,-1,-1,-1,1,-1,-1,1,-1,-1,-1,1,-1,-1,1,-1,-1,-1,-1,-1,-1,1,-1,-1,-1,1,-1,-1,-1,-1,-1,-1,-1,1,-1,1,1,-1,-1,1,1,-1,-1,-1,-1,-1,1,1,-1,-1,-1,-1,-1,1,-1,-1,1,-1,-1,1,-1,1,-1,-1,-1,-1,1,1,-1,-1,1,-1,1,1,1,1,-1,1,-1,-1,1,1,1,-1,1,-1,-1,-1,1,1,-1,1,-1,1,1,1,1,-1,1,-1,1,1,1,1,1,-1,1,-1,1,1,1,-1,-1,1,-1,-1,1,1,-1,-1,1,-1,1,1,1,1,-1,1,-1,1,1,1,-1,1,1,1,1,1,1,-1,-1,-1,1,-1,-1,1,1,1,1,1,1,-1,1,1,1,1,1,1,-1,1,1,1,-1,1,1,1,1,1,-1,1,1,1,1,1,-1,1,1,-1,1,-1,1,1,-1,1,1,1,-1,1,1,-1,1,1,1,-1,-1,1,1,1,1,1,-1,1,-1,1,1,1,1,-1,1,1,1,1,1,1,-1,1,1,1,1,1,-1,1,1,1,1,1,1,1,-1,1,1,-1,1,1,-1,1,1,1,-1,1,1,1,-1,1,-1,1,1,1,1,-1,1,1,-1,1,1,1,-1,1,1,-1,1,1,-1,-1,1,1,1,-1,1,1,-1,1,1,-1,1,1,1,1,1,1,1,-1,1,1,-1,1,1,-1,-1,-1,-1,-1,1,1,-1,1,1,-1,-1,1,-1,1,-1,1,1,1,1,-1,-1,1,1,-1,-1,1,1,1,-1,1,-1,1,-1,1,-1,1,-1,-1,1,1,1,-1,-1,-1,-1,1,-1,1,-1,1,-1,-1,1,1,1,1,-1,-1,-1,1,-1,1,-1,1,-1,-1,-1,-1,1,1,1,-1,-1,1,-1,1,1,-1,-1,-1,-1,1,-1,1,-1,-1,-1,1,-1,1,-1,-1,-1,-1,-1,1,1,-1,1,-1,-1,1,-1,1,-1,-1,1,-1,1,-1,1,-1,-1,1,1,-1,1,1,-1,-1,1,-1,1,-1,1,1,-1,-1,1,-1,1,-1,1,-1,-1,1,-1,-1,-1,1,-1,-1,1,-1,1,-1,1,-1,-1,1,-1,-1,1,1,-1,-1,-1,1,-1,1,1,-1,1,-1,1,-1,-1,1,1,1,-1,1,-1,1,-1,1,-1,1,-1,1,1,-1,1,-1,1,1,1,-1,-1,1,-1,1,1,1,-1,-1,-1,-1,-1,1,1,1,-1,-1,-1,1,1,-1,1,-1,-1,-1,1,1,1,1,-1,-1,-1,1,1,1,1,-1,-1,-1,-1,1,-1,1,-1,1,-1,-1,1,1,1,-1,-1,1,-1,1,-1,1,1,-1,-1,-1,-1,1,1,1,-1,1,-1,1,1,1,1,-1,-1,-1,-1,1,1,-1,-1,-1,-1,-1,1,1,-1,1,-1,1,1,-1,1,1,-1,-1,-1,-1,1,1,-1,1,-1,-1,1,1,1,1,-1,1,-1,-1,1,1,1,-1,1,-1,1,1,1,1,-1,1,-1,-1,1,-1,1,-1,1,-1,1,1,1,1,1,-1,1,-1,1,1,1,-1,-1,-1,1,1,1,-1,1,-1,1,-1,1,-1,-1,1,-1,1,-1,1,1,-1,-1,1,1,1,1,-1,1,-1,1,-1,1,1,1,-1,1,-1,1,-1,1,-1,1,-1,1,-1,-1,1,1,1,-1,1,-1,1,1,-1,1,-1,1,1,-1,1,1,-1,-1,1,1,1,1,-1,1,1,-1,1,1,1,1,-1,-1,1,-1,1,1,1,-1,-1,1,1,1,1,1,-1,-1,-1,1,1,1,1,1,-1,1,-1,1,1,1,-1,-1,-1,1,-1,1,1,-1,-1,1,-1,1,1,1,-1,-1,-1,1,1,-1,1,-1,-1,1,1,1,1,1,1,1,-1,-1,1,1,-1,1,-1,1,1,1,1,1,1,-1,1,-1,1,1,1,1,-1,-1,1,1,1,1,1,1,-1,-1,1,-1,1,1,-1,-1,1,1,1,1,1,-1,-1,1,1,1,1,1,1,-1,1,1,-1,1,-1,-1,1,1,1,1,1,1,-1,-1,1,1,1,1,-1,1,-1,1,1,1,1,-1,-1,-1,1,1,1,1,1,-1,-1,1,-1,1,1,1,-1,-1,1,1,-1,1,1,-1,-1,1,1,-1,1,-1,-1,-1,1,-1,1,1,1,-1,-1,-1,1,-1,1,1,-1,-1,1,1,-1,1,-1,-1,-1,1,1,-1,1,1,-1,-1,1,-1,1,1,1,-1,1,1,1,1,1,-1,-1,1,-1,1,1,1,-1,-1,1,1,1,1,-1,1,-1,-1,1,-1,-1,1,1,-1,-1,1,-1,-1,1,-1,-1,-1,1,1,-1,1,-1,-1,1,1,-1,1,1,-1,1,-1,1,-1,-1,1,-1,1,-1,1,-1,-1,1,1,-1,1,1,1,1,1,-1,-1,1,-1,1,1,1,-1,1,-1,-1,1,1,-1,-1,1,-1,1,-1,-1,1,-1,1,1,1,1,1,-1,-1,1,1,-1,-1,-1,-1,-1,1,-1,1,1,1,-1,1,1,1,-1,1,1,1,-1,1,1,-1,1,1,1,-1,1,1,1,1,1,1,-1,1,1,-1,1,1,1,-1,1,1,-1,1,1,-1,-1,1,1,1,1,1,-1,-1,-1,-1,1,1,-1,1,-1,1,1,-1,1,-2656.0,1,2000,445,1000,True
2446,1,1,-1,-1,1,1,-1,1,1,1,1,-1,-1,1,1,1,-1,1,-1,-1,-1,1,1,1,1,1,-1,-1,1,1,1,1,-1,-1,-1,1,-1,1,1,1,-1,-1,1,1,1,1,1,1,-1,-1,1,1,-1,1,-1,-1,1,-1,1,1,1,-1,-1,1,1,1,1,1,1,-1,1,-1,1,1,1,1,-1,1,-1,1,1,-1,1,-1,-1,1,1,1,1,-1,1,1,-1,1,1,1,1,-1,-1,1,1,1,1,1,1,-1,-1,1,1,1,1,-1,-1,-1,1,1,1,1,1,-1,-1,1,1,1,1,-1,-1,-1,1,1,1,1,1,-1,-1,1,1,1,1,1,-1,-1,1,1,1,1,1,-1,-1,-1,1,1,1,1,1,-1,-1,1,1,1,1,-1,-1,-1,1,1,-1,1,1,-1,1,1,1,1,1,-1,-1,1,1,1,1,-1,1,-1,1,1,1,1,1,-1,-1,-1,1,1,1,1,1,-1,-1,1,-1,-1,1,1,-1,-1,1,1,1,1,1,-1,1,1,-1,-1,1,1,-1,1,1,1,1,1,1,1,-1,1,-1,1,1,1,-1,-1,1,1,1,1,1,-1,-1,1,-1,-1,1,1,1,-1,1,-1,1,1,1,-1,1,1,1,-1,1,1,-1,-1,-1,1,1,-1,1,1,1,-1,1,1,-1,1,1,1,1,1,1,-1,1,1,1,1,-1,1,1,1,1,1,1,1,1,1,1,-1,-1,1,-1,1,-1,1,1,1,1,1,1,-1,1,1,1,-1,1,1,1,-1,1,1,1,-1,1,-1,1,-1,1,1,1,1,-1,1,1,1,1,1,-1,1,1,1,1,1,1,-1,1,1,1,1,1,1,-1,1,1,1,-1,1,1,1,-1,1,1,1,1,1,-1,1,1,-1,1,1,1,-1,1,1,1,1,1,1,-1,1,1,1,-1,1,1,1,1,1,1,1,-1,1,-1,1,1,1,-1,1,1,1,-1,1,1,1,-1,1,-1,1,1,1,-1,-1,-1,-1,1,1,1,-1,1,1,-1,1,1,-1,-1,1,1,-1,1,1,-1,1,1,1,1,1,1,1,-1,-1,1,-1,-1,-1,1,-1,1,-1,-1,1,1,1,-1,1,-1,1,-1,-1,1,1,-1,1,-1,1,1,1,1,1,-1,1,-1,-1,1,-1,1,-1,-1,-1,1,1,1,1,-1,-1,1,-1,1,1,1,-1,1,-1,1,-1,1,1,-1,-1,1,-1,1,1,1,1,-1,-1,1,1,1,1,-1,-1,1,-1,1,1,-1,1,-1,1,1,1,1,-1,-1,-1,-1,1,1,1,-1,1,-1,1,-1,1,1,-1,-1,1,-1,1,1,1,1,-1,1,-1,-1,1,1,1,-1,-1,-1,1,1,1,-1,-1,1,-1,-1,1,-1,1,-1,-1,-1,-1,1,-1,1,-1,-1,1,-1,-1,1,1,1,-1,1,-1,1,-1,-1,-1,1,-1,1,1,-1,1,-1,1,1,-1,1,-1,1,-1,1,1,1,-1,-1,-1,-1,-1,1,1,1,-1,-1,-1,1,1,-1,1,-1,-1,-1,1,1,-1,1,-1,-1,-1,1,1,-1,1,-1,-1,-1,-1,1,1,1,-1,1,-1,-1,1,-1,1,-1,-1,1,-1,1,-1,1,1,-1,-1,-1,-1,-1,1,1,-1,-1,-1,-1,-1,1,1,-1,-1,-1,1,1,1,-1,-1,-1,-1,1,1,1,-1,1,-1,1,-1,1,1,1,-1,-1,-1,-1,-1,1,-1,1,-1,-1,1,-1,1,1,-1,1,-1,-1,1,1,1,-1,1,-1,-1,-1,1,1,-1,-1,-1,-1,-1,1,1,-1,1,-1,-1,-1,1,1,-1,-1,1,-1,-1,1,1,-1,-1,-1,-1,-1,1,1,-1,-1,1,-1,-1,-1,-1,1,-1,1,-1,-1,1,-1,-1,1,-1,1,-1,1,1,-1,1,-1,1,-1,1,-1,-1,1,-1,1,-1,1,1,-1,1,-1,-1,-1,-1,1,-1,1,-1,1,-1,-1,1,-1,1,-1,1,-1,-1,-1,1,1,-1,-1,-1,-1,1,-1,-1,-1,-1,-1,-1,-1,-1,1,-1,-1,-1,-1,1,1,-1,1,-1,-1,-1,1,-1,-1,1,-1,-1,-1,-1,-1,1,1,-1,-1,-1,-1,-1,1,-1,-1,-1,1,-1,-1,1,-1,1,-1,-1,-1,-1,-1,-1,-1,1,-1,-1,-1,1,1,1,-1,-1,-1,1,-1,-1,-1,-1,-1,-1,-1,1,-1,1,-1,-1,1,-1,1,1,1,1,-1,1,-1,-1,-1,1,-1,-1,-1,-1,-1,-1,1,1,-1,-1,1,-1,1,1,-1,-1,-1,1,-1,1,1,-1,-1,1,1,-1,1,1,1,-1,1,-1,1,1,1,-1,-1,1,-1,-1,1,1,-1,-1,-1,-1,-1,1,1,-1,1,1,-1,-1,1,1,-1,-1,1,-1,-1,1,1,-1,-1,1,-1,-1,1,1,1,-1,-1,-1,-1,1,1,-1,-1,1,-1,-1,1,-1,1,-1,1,-1,-1,-1,1,1,-1,-1,-1,-1,1,1,1,-1,1,-1,1,1,1,1,-1,-1,-1,1,-1,1,-1,-1,-1,-1,1,-1,1,-1,-1,-1,-1,1,1,1,-1,-1,-1,1,-1,1,1,-1,1,-1,1,1,1,-1,1,-1,1,-1,1,1,1,1,-1,1,-1,1,-1,1,1,-1,-1,1,-1,1,1,1,-1,1,-1,1,1,-1,1,-1,1,-1,1,1,-1,1,-1,1,-1,-1,-1,1,1,-1,-1,-1,-1,-1,1,1,1,-1,1,1,1,1,1,-1,-1,1,1,1,1,1,-1,-1,1,-1,1,1,1,-1,-1,-1,-1,-1,-1,-1,-1,-1,-1,-1,1,1,1,-1,1,1,-1,-1,1,1,1,-1,1,-1,1,1,1,-1,-1,1,-1,1,1,1,-1,-1,1,-1,1,1,1,-1,-1,1,-1,1,-1,1,1,-1,1,-1,-1,1,1,1,-1,-1,-1,1,1,-1,1,-1,1,-1,-1,1,-2656.0,1,2000,445,1000,True
2447,-1,-1,1,1,1,1,-1,1,-1,-1,-1,1,-1,1,-1,-1,1,-1,1,1,1,1,-1,-1,-1,1,-1,-1,-1,-1,-1,-1,1,1,-1,1,1,-1,-1,-1,1,-1,1,-1,-1,-1,1,-1,1,-1,1,-1,1,-1,1,-1,-1,1,-1,-1,-1,1,1,1,-1,-1,-1,-1,-1,-1,1,-1,-1,-1,1,-1,1,1,-1,-1,-1,-1,-1,1,-1,-1,-1,1,-1,1,-1,-1,-1,-1,1,-1,-1,1,-1,1,-1,1,-1,-1,1,-1,-1,-1,1,-1,-1,1,-1,1,-1,1,-1,-1,1,-1,-1,-1,1,1,-1,1,-1,-1,-1,1,1,-1,1,-1,-1,1,1,1,-1,1,-1,-1,1,1,1,-1,-1,-1,-1,-1,1,1,-1,1,1,-1,-1,1,1,-1,1,-1,-1,-1,1,1,-1,1,1,-1,1,1,-1,-1,1,-1,-1,-1,1,-1,1,-1,1,-1,1,1,-1,1,1,-1,-1,1,1,-1,1,1,1,-1,1,1,1,-1,1,1,-1,1,1,-1,-1,1,1,-1,1,1,-1,1,1,1,1,1,1,1,1,1,1,1,1,1,-1,-1,1,1,-1,1,-1,1,-1,1,1,1,1,1,-1,1,1,1,1,1,1,-1,1,1,1,1,1,1,1,1,1,1,1,1,-1,1,1,-1,1,-1,1,-1,1,1,-1,1,1,1,1,1,1,-1,1,-1,-1,1,-1,1,1,1,1,-1,1,1,1,1,1,1,1,1,-1,1,-1,1,-1,1,1,1,-1,-1,1,1,-1,1,1,1,1,1,-1,-1,1,-1,1,-1,1,1,-1,1,1,1,-1,1,-1,-1,1,1,1,-1,1,-1,-1,1,1,-1,-1,1,-1,-1,1,-1,-1,1,1,-1,1,-1,1,1,-1,1,-1,1,1,1,-1,1,1,-1,1,1,1,-1,1,-1,-1,1,1,1,-1,1,-1,-1,1,-1,1,-1,1,-1,-1,1,-1,1,-1,1,1,-1,1,-1,1,1,-1,1,-1,-1,1,1,-1,1,-1,-1,1,1,-1,-1,1,1,-1,1,-1,1,-1,1,-1,1,1,-1,1,1,1,-1,1,1,-1,1,-1,1,-1,-1,1,-1,1,1,1,1,-1,1,1,1,1,1,-1,-1,1,-1,-1,1,-1,1,-1,-1,1,-1,1,1,-1,-1,-1,1,-1,1,-1,1,-1,1,-1,-1,1,1,-1,-1,-1,1,-1,-1,1,1,-1,-1,1,-1,1,1,-1,1,-1,1,-1,-1,1,1,-1,-1,-1,-1,1,1,-1,-1,-1,1,-1,1,-1,1,-1,-1,1,-1,1,-1,1,-1,-1,-1,-1,1,-1,-1,-1,-1,-1,-1,1,-1,1,-1,-1,-1,-1,1,-1,-1,1,-1,-1,-1,1,1,1,-1,-1,-1,-1,-1,1,1,-1,1,-1,-1,1,-1,1,1,1,-1,-1,-1,1,1,-1,1,-1,1,-1,1,1,1,-1,1,1,-1,1,1,1,1,1,-1,1,-1,1,1,-1,1,-1,1,1,-1,1,-1,-1,1,-1,-1,1,-1,-1,-1,1,1,-1,1,1,-1,-1,1,1,-1,-1,1,-1,-1,-1,-1,-1,1,1,-1,-1,-1,-1,-1,1,1,-1,-1,1,1,1,-1,1,-1,-1,1,1,-1,1,1,-1,-1,-1,1,-1,-1,1,1,-1,1,1,1,1,1,-1,1,1,1,-1,1,1,1,-1,1,1,-1,1,1,-1,1,1,1,-1,1,1,-1,-1,1,-1,1,-1,1,-1,1,1,1,-1,1,1,-1,1,1,1,1,1,1,1,1,1,1,1,1,1,-1,1,-1,1,-1,1,1,1,1,1,1,1,1,1,-1,1,-1,1,1,1,1,1,-1,1,-1,1,1,1,1,1,1,1,1,1,1,-1,-1,1,-1,1,1,-1,-1,-1,1,1,1,1,1,-1,1,-1,1,-1,1,-1,-1,1,-1,1,-1,1,1,-1,-1,-1,1,-1,1,-1,-1,1,-1,1,1,1,1,-1,1,-1,1,1,1,1,-1,1,-1,1,-1,1,1,-1,-1,-1,1,1,1,-1,1,1,-1,1,1,1,1,-1,-1,1,-1,1,1,1,-1,-1,-1,-1,1,1,-1,1,-1,1,-1,1,1,1,-1,1,-1,-1,1,1,-1,-1,-1,-1,1,-1,1,-1,-1,-1,1,-1,1,1,-1,-1,-1,1,-1,1,1,-1,-1,-1,1,1,1,1,-1,1,-1,1,-1,1,1,-1,-1,-1,1,1,1,1,-1,1,-1,1,-1,1,1,-1,1,-1,-1,1,1,1,-1,-1,-1,-1,-1,1,-1,-1,-1,1,-1,1,1,1,-1,-1,1,-1,1,1,1,-1,1,1,-1,1,1,1,-1,1,-1,1,1,1,-1,-1,1,-1,-1,1,1,1,1,-1,1,-1,1,1,1,-1,1,-1,-1,1,1,1,1,-1,1,-1,1,1,-1,1,1,-1,-1,1,1,-1,1,1,-1,-1,-1,1,1,1,-1,-1,-1,1,-1,-1,1,1,-1,-1,-1,1,-1,1,1,-1,-1,1,1,-1,1,1,-1,1,1,1,-1,1,1,-1,1,-1,1,1,1,1,-1,1,-1,1,1,1,-1,1,-1,1,1,1,1,-1,1,1,-1,1,1,-1,1,1,-1,-1,1,-1,1,1,-1,1,-1,1,-1,1,-1,-1,1,-1,1,-1,1,-1,1,-1,-1,-1,1,1,-1,1,1,-1,-1,-1,1,1,-1,1,-1,-1,-1,1,1,-1,1,-1,-1,1,1,-1,-1,-1,1,-1,1,-1,-1,1,1,-1,1,1,-1,-1,1,1,-1,-1,-1,1,-1,1,1,-1,1,-1,1,-1,1,-1,1,-1,-1,-1,-1,1,-1,-1,1,1,-1,1,1,-1,1,1,-1,-1,-1,1,-1,1,1,1,1,-1,1,-1,-1,-1,1,-1,-1,1,-1,1,1,1,1,-1,1,-1,1,1,-1,-1,-1,1,-1,-1,1,1,-1,-1,-1,1,-1,1,-1,1,-1,1,-1,-1,1,-2656.0,1,2000,445,1500,True
2448,1,1,-1,-1,1,1,-1,1,1,1,1,-1,-1,1,1,1,-1,1,-1,-1,-1,1,1,1,1,-1,-1,-1,1,1,1,1,1,-1,-1,1,-1,1,1,-1,-1,-1,1,1,1,1,-1,-1,1,-1,1,1,1,1,-1,-1,1,-1,1,1,-1,-1,-1,1,1,1,1,-1,-1,-1,1,-1,1,1,1,-1,-1,1,-1,1,1,-1,-1,-1,-1,1,1,1,-1,1,1,1,-1,1,1,-1,-1,1,-1,-1,1,1,-1,-1,1,-1,-1,1,1,-1,-1,1,-1,-1,1,1,-1,-1,1,-1,-1,1,1,1,-1,1,-1,-1,1,1,1,-1,-1,-1,-1,1,1,1,-1,1,-1,-1,-1,1,1,-1,-1,-1,-1,-1,1,1,-1,1,1,-1,-1,1,1,-1,1,-1,-1,-1,1,1,-1,1,1,-1,1,1,-1,-1,1,-1,-1,1,1,-1,1,-1,1,-1,1,1,-1,-1,-1,-1,-1,-1,1,-1,1,1,1,-1,-1,-1,1,-1,1,1,-1,-1,1,-1,-1,1,1,-1,1,1,-1,-1,1,1,-1,1,1,1,-1,1,1,1,-1,1,-1,-1,1,1,-1,-1,1,1,-1,1,1,-1,-1,1,-1,1,1,1,1,-1,1,-1,1,1,1,-1,1,1,1,1,1,1,-1,-1,-1,1,-1,1,1,1,1,-1,1,1,-1,1,1,1,1,1,1,-1,1,1,1,1,-1,1,1,1,1,1,1,1,1,1,1,-1,-1,1,-1,1,-1,1,1,1,1,1,1,-1,1,1,1,-1,1,1,-1,1,1,1,1,-1,1,-1,1,-1,1,1,1,1,-1,1,1,1,1,1,1,-1,1,1,1,1,1,-1,1,1,1,1,1,1,1,-1,1,1,-1,1,1,-1,1,1,1,-1,1,1,1,-1,1,-1,1,1,1,1,-1,1,1,1,1,1,1,-1,1,1,-1,1,1,-1,-1,1,1,1,-1,1,1,-1,1,1,-1,1,1,1,1,1,1,1,-1,1,1,-1,1,1,-1,-1,-1,-1,-1,1,1,-1,1,1,-1,-1,1,-1,1,-1,1,1,1,1,-1,-1,1,1,-1,-1,1,1,1,-1,1,-1,1,-1,1,-1,1,-1,-1,1,1,1,-1,-1,-1,-1,1,-1,1,-1,1,-1,-1,1,1,1,1,-1,-1,-1,1,-1,1,-1,1,-1,-1,-1,1,1,1,1,-1,-1,1,-1,1,1,-1,-1,-1,-1,1,-1,1,-1,-1,-1,1,-1,1,-1,-1,-1,-1,-1,1,1,-1,1,-1,-1,1,1,1,-1,-1,1,-1,1,-1,1,-1,-1,1,1,-1,1,1,-1,-1,1,-1,1,-1,1,1,-1,-1,1,-1,1,-1,1,-1,-1,1,-1,-1,-1,1,-1,-1,1,-1,1,-1,1,-1,-1,1,-1,-1,1,1,-1,-1,-1,1,-1,1,1,-1,1,-1,1,-1,-1,1,1,1,-1,1,-1,1,-1,1,-1,1,-1,1,1,-1,-1,-1,-1,1,-1,1,-1,-1,1,1,1,1,-1,-1,-1,-1,-1,1,1,1,-1,-1,-1,1,1,-1,1,-1,-1,-1,1,1,-1,1,-1,-1,-1,1,1,-1,1,-1,-1,-1,-1,1,1,1,-1,1,-1,-1,1,-1,1,-1,1,1,-1,1,-1,1,1,-1,-1,-1,-1,-1,1,1,-1,1,-1,1,-1,1,1,-1,-1,-1,-1,1,1,-1,-1,-1,-1,-1,1,1,-1,1,-1,1,1,1,1,1,-1,-1,-1,-1,-1,1,-1,1,-1,-1,1,-1,1,1,-1,1,-1,-1,1,1,1,-1,1,-1,1,-1,1,1,-1,-1,-1,-1,-1,1,1,-1,1,-1,1,-1,1,1,-1,-1,1,-1,-1,1,1,-1,-1,-1,1,-1,1,1,1,-1,1,-1,-1,1,-1,1,-1,1,-1,-1,1,-1,-1,1,-1,1,-1,1,1,-1,1,-1,1,-1,1,-1,1,-1,1,-1,-1,1,1,-1,1,-1,-1,-1,-1,1,-1,1,-1,1,-1,-1,1,-1,1,1,-1,-1,-1,-1,1,1,1,1,-1,-1,1,-1,-1,1,1,-1,-1,-1,-1,1,-1,1,-1,-1,1,1,-1,1,1,-1,-1,1,-1,-1,1,1,-1,-1,-1,-1,1,-1,1,-1,-1,-1,-1,-1,1,-1,-1,1,-1,-1,1,-1,1,-1,-1,-1,-1,-1,1,1,1,-1,-1,-1,1,1,1,-1,-1,-1,1,-1,-1,1,1,-1,1,-1,1,1,1,-1,-1,-1,-1,1,-1,1,-1,-1,1,-1,-1,1,1,-1,-1,-1,-1,-1,-1,1,1,-1,-1,1,-1,1,1,-1,-1,-1,1,-1,1,1,1,-1,1,1,-1,1,1,1,-1,1,-1,1,1,1,-1,-1,1,-1,-1,1,1,1,1,-1,-1,-1,1,1,1,-1,1,-1,-1,1,1,1,1,-1,1,-1,1,-1,1,1,1,-1,-1,1,1,1,1,1,-1,-1,1,1,1,1,-1,-1,-1,1,-1,1,1,1,-1,-1,-1,1,-1,1,1,-1,-1,1,1,1,1,1,-1,-1,1,1,1,1,1,-1,-1,1,-1,1,1,1,-1,1,1,1,1,1,-1,-1,1,-1,1,1,1,-1,-1,1,1,1,1,-1,1,-1,-1,1,-1,1,1,1,-1,-1,1,-1,1,1,1,-1,-1,1,1,1,1,1,-1,1,1,-1,1,1,-1,1,-1,1,-1,1,1,-1,1,-1,1,-1,1,1,1,-1,1,1,1,1,1,-1,-1,1,-1,1,1,1,-1,1,-1,-1,1,1,-1,-1,1,-1,1,-1,-1,1,-1,1,1,1,1,-1,1,-1,-1,1,-1,-1,-1,-1,-1,1,-1,1,1,1,-1,1,1,1,-1,1,1,1,-1,1,1,-1,1,1,1,-1,1,1,1,1,1,-1,1,1,1,-1,1,1,-1,-1,1,1,-1,-1,1,-1,-1,-1,1,1,1,1,-1,1,1,-1,1,1,1,-1,1,-1,1,-1,1,-2656.0,1,2000,445,1000,True
2449,-1,-1,1,1,1,1,-1,1,-1,-1,-1,1,-1,1,-1,-1,1,-1,1,1,-1,1,-1,-1,-1,1,-1,-1,1,-1,-1,-1,1,1,-1,-1,1,-1,-1,-1,1,-1,-1,-1,-1,-1,-1,-1,1,1,-1,-1,1,-1,1,-1,1,-1,-1,-1,-1,1,1,1,-1,-1,-1,-1,-1,-1,1,-1,-1,-1,-1,-1,-1,-1,1,-1,-1,1,1,-1,1,-1,-1,-1,-1,1,-1,1,-1,-1,-1,-1,-1,1,1,1,-1,-1,-1,-1,1,1,-1,-1,-1,-1,-1,1,1,-1,-1,-1,-1,-1,1,1,-1,-1,-1,-1,-1,1,1,-1,1,-1,-1,-1,1,1,-1,1,-1,-1,-1,-1,1,-1,1,-1,-1,-1,1,1,1,-1,-1,-1,-1,-1,-1,1,-1,1,-1,-1,1,-1,1,1,-1,1,-1,1,1,-1,1,1,-1,-1,1,1,-1,-1,1,-1,1,-1,-1,1,1,1,-1,1,1,1,1,1,1,-1,1,1,-1,1,1,1,-1,1,1,-1,1,1,-1,-1,-1,1,1,-1,1,1,-1,1,1,-1,1,1,1,-1,-1,1,-1,-1,1,1,-1,-1,1,-1,-1,1,-1,1,-1,1,-1,1,1,1,-1,1,1,-1,1,1,-1,1,-1,1,-1,1,1,1,-1,1,1,-1,1,-1,1,-1,1,-1,-1,1,1,1,-1,1,-1,-1,1,-1,1,-1,1,-1,1,1,1,1,-1,-1,1,1,1,1,1,1,-1,1,1,-1,-1,-1,1,1,-1,1,1,-1,-1,1,-1,-1,1,1,1,-1,1,1,1,1,1,1,-1,1,-1,1,1,-1,1,-1,1,1,-1,1,1,1,-1,1,1,1,1,1,-1,1,1,-1,1,1,1,-1,1,1,-1,1,1,1,-1,1,1,1,-1,1,1,1,1,1,-1,1,1,1,1,1,1,-1,1,-1,1,-1,1,1,-1,1,-1,1,1,-1,1,-1,1,-1,1,1,-1,1,-1,1,1,-1,1,-1,1,1,-1,1,-1,1,-1,1,-1,1,-1,-1,1,1,-1,-1,1,1,-1,1,-1,1,-1,1,-1,1,1,-1,1,1,1,-1,1,1,-1,1,-1,1,-1,-1,1,-1,1,1,-1,1,-1,1,1,-1,1,-1,-1,-1,1,-1,-1,1,-1,1,-1,-1,1,-1,1,-1,-1,-1,-1,1,-1,1,-1,1,-1,-1,1,-1,1,-1,-1,-1,-1,1,-1,-1,1,1,-1,-1,1,-1,1,1,-1,1,-1,1,-1,1,-1,1,-1,-1,-1,-1,1,-1,-1,1,-1,1,-1,1,-1,1,-1,-1,-1,1,1,-1,1,-1,-1,-1,-1,1,-1,-1,-1,-1,-1,1,-1,1,1,-1,1,-1,-1,1,-1,-1,1,-1,-1,-1,1,-1,1,-1,1,-1,-1,1,-1,1,-1,1,-1,-1,1,-1,1,1,1,-1,-1,-1,1,1,-1,1,-1,1,-1,1,1,1,-1,1,1,-1,1,1,1,1,1,-1,1,-1,-1,1,-1,1,-1,1,-1,-1,1,1,-1,1,-1,-1,-1,1,1,-1,1,1,-1,-1,-1,1,-1,1,1,-1,-1,-1,1,-1,-1,-1,-1,1,-1,1,-1,-1,-1,-1,-1,-1,1,-1,1,1,1,1,-1,1,-1,1,1,-1,1,-1,1,-1,-1,1,-1,1,-1,-1,1,1,1,1,1,1,-1,1,-1,1,-1,1,-1,1,-1,-1,1,-1,-1,-1,1,-1,1,1,-1,1,-1,1,1,1,-1,1,1,-1,-1,-1,1,1,-1,1,-1,-1,1,1,1,1,1,1,1,-1,-1,1,1,1,1,-1,-1,1,1,-1,1,1,-1,-1,-1,1,1,1,1,-1,-1,-1,1,1,1,1,-1,-1,-1,-1,1,1,1,1,-1,-1,1,1,1,1,-1,1,-1,-1,-1,1,-1,-1,1,-1,1,-1,1,-1,-1,1,-1,-1,1,1,-1,-1,-1,-1,1,-1,1,1,-1,1,-1,1,-1,1,-1,1,-1,-1,1,-1,1,-1,-1,1,-1,1,-1,1,1,-1,-1,-1,1,-1,1,1,-1,1,1,1,1,1,-1,1,1,-1,1,1,1,1,-1,1,-1,1,-1,1,1,-1,1,1,-1,1,1,1,-1,1,1,-1,1,1,1,-1,1,-1,-1,1,1,1,-1,1,-1,1,-1,1,-1,-1,1,1,-1,1,1,-1,-1,1,1,-1,1,-1,1,-1,-1,1,1,1,1,1,1,1,1,-1,1,1,-1,-1,1,-1,1,1,1,1,-1,-1,1,-1,1,1,1,-1,-1,-1,1,1,1,1,-1,-1,-1,-1,1,-1,1,-1,1,-1,1,1,1,1,1,-1,-1,1,1,1,1,-1,-1,-1,1,1,-1,1,-1,-1,1,1,1,1,-1,1,-1,-1,1,1,1,1,1,-1,-1,1,1,1,-1,1,-1,-1,1,1,1,1,1,-1,-1,1,1,1,1,1,-1,-1,1,1,-1,1,1,1,-1,1,1,-1,1,1,-1,-1,1,-1,-1,1,1,1,-1,-1,1,-1,1,1,1,-1,1,1,-1,1,1,1,-1,1,1,-1,1,1,1,1,-1,-1,1,1,1,-1,1,-1,1,1,1,1,1,-1,1,1,1,1,-1,1,1,-1,-1,1,-1,1,1,-1,-1,1,-1,1,1,-1,1,-1,1,-1,1,-1,-1,1,-1,1,-1,1,-1,1,-1,-1,-1,1,1,-1,-1,1,-1,-1,-1,1,-1,-1,1,-1,1,-1,1,1,-1,1,-1,-1,1,1,-1,-1,-1,1,1,1,1,-1,1,1,-1,1,1,-1,-1,1,1,-1,-1,-1,1,-1,1,1,1,1,1,-1,-1,-1,-1,1,-1,-1,-1,-1,-1,1,1,1,1,-1,1,1,-1,1,1,1,1,-1,1,-1,1,1,1,1,-1,1,-1,1,1,1,1,-1,1,-1,1,1,1,1,-1,1,-1,1,1,1,-1,-1,1,-1,1,1,1,-1,-1,-1,1,-1,1,-1,1,-1,1,-1,1,1,-2656.0,1,2000,445,1500,True
2450,1,1,-1,-1,1,1,-1,1,1,1,1,-1,1,1,1,1,-1,1,-1,-1,-1,1,1,1,1,1,-1,-1,1,1,1,1,-1,-1,-1,1,-1,1,1,1,-1,-1,1,1,1,1,1,1,-1,-1,1,1,1,1,-1,-1,1,-1,1,1,1,-1,-1,-1,1,1,1,1,1,-1,1,-1,1,1,1,1,-1,1,-1,1,1,-1,1,-1,-1,1,1,1,1,-1,-1,1,-1,1,1,1,1,1,-1,1,1,1,1,1,1,-1,-1,1,1,1,1,-1,-1,-1,1,1,1,1,1,-1,-1,1,1,1,1,-1,-1,-1,1,1,1,1,1,-1,-1,1,1,1,1,1,-1,-1,1,1,1,1,1,-1,-1,-1,1,1,1,1,1,-1,-1,1,1,1,1,-1,-1,-1,1,1,-1,1,1,-1,1,1,1,1,1,-1,-1,1,1,1,1,-1,1,-1,1,1,1,1,1,-1,-1,-1,1,1,1,1,1,-1,-1,1,-1,-1,1,1,-1,-1,1,1,1,1,1,-1,1,1,-1,-1,1,1,-1,1,1,1,1,1,1,1,-1,1,-1,-1,1,1,-1,-1,1,1,1,1,1,-1,-1,1,-1,-1,1,1,1,-1,1,-1,1,1,1,-1,1,1,1,-1,1,1,-1,-1,-1,1,1,-1,1,1,1,-1,1,1,-1,1,1,1,1,1,1,-1,1,1,1,1,-1,1,1,1,1,1,1,1,1,1,1,-1,-1,1,-1,1,-1,1,1,1,1,1,1,-1,1,1,1,-1,1,1,1,1,1,1,1,-1,1,-1,1,-1,1,1,1,1,-1,1,1,1,1,1,-1,1,1,1,1,1,1,-1,1,1,1,1,1,1,-1,1,1,1,-1,1,1,1,-1,1,1,-1,1,1,-1,1,1,-1,1,1,1,-1,1,1,1,-1,1,1,-1,1,1,1,-1,-1,1,1,1,1,1,1,1,1,-1,1,-1,1,-1,-1,1,-1,-1,-1,1,1,1,1,-1,1,1,1,-1,-1,1,-1,1,-1,1,-1,1,-1,-1,1,1,-1,1,-1,1,-1,1,1,-1,1,-1,-1,1,1,1,1,1,-1,1,-1,-1,-1,1,-1,1,-1,-1,1,1,1,-1,1,-1,1,-1,1,1,-1,1,-1,-1,1,1,1,1,1,-1,1,-1,-1,1,-1,1,-1,-1,-1,1,1,1,1,-1,-1,1,-1,1,1,-1,-1,1,-1,1,-1,1,1,-1,-1,1,-1,1,-1,-1,1,-1,-1,1,1,-1,1,-1,-1,1,-1,1,-1,-1,1,-1,1,-1,1,-1,-1,-1,-1,-1,1,1,-1,-1,1,-1,1,-1,1,1,-1,-1,1,-1,1,-1,1,-1,-1,1,-1,-1,-1,1,-1,-1,-1,-1,1,-1,1,-1,-1,1,-1,-1,1,1,-1,-1,-1,-1,-1,1,1,-1,1,-1,1,-1,-1,1,1,1,-1,1,-1,1,-1,1,-1,1,-1,1,1,-1,-1,1,1,1,-1,1,-1,1,-1,1,1,1,-1,-1,-1,-1,-1,1,-1,1,-1,-1,-1,1,1,-1,1,-1,-1,-1,1,1,-1,1,-1,-1,1,1,1,-1,1,-1,-1,-1,-1,1,1,1,-1,1,-1,-1,1,-1,1,-1,-1,1,-1,1,-1,1,1,-1,-1,-1,-1,-1,1,1,-1,1,-1,1,-1,1,1,-1,-1,1,-1,1,1,-1,-1,-1,-1,-1,1,1,-1,1,-1,1,1,1,1,1,-1,-1,-1,-1,-1,1,-1,1,-1,-1,1,-1,1,1,-1,1,-1,-1,1,1,1,-1,1,-1,1,-1,1,1,-1,1,-1,-1,-1,1,1,-1,1,-1,1,-1,1,1,1,-1,1,-1,-1,1,1,-1,-1,-1,1,-1,1,1,-1,-1,1,-1,-1,-1,-1,1,-1,1,-1,-1,1,-1,-1,1,-1,1,-1,1,1,-1,1,-1,1,-1,1,-1,1,-1,1,-1,-1,1,1,-1,1,-1,-1,-1,-1,1,-1,1,-1,1,-1,-1,1,-1,1,1,-1,-1,-1,-1,1,1,1,1,-1,-1,1,-1,-1,1,1,-1,-1,-1,-1,1,-1,1,-1,-1,1,1,1,1,1,-1,-1,1,-1,-1,1,1,-1,-1,-1,-1,1,-1,1,-1,-1,-1,-1,-1,1,-1,-1,1,-1,-1,1,-1,1,-1,-1,-1,-1,1,-1,1,1,-1,-1,-1,-1,1,1,-1,-1,-1,1,1,-1,1,1,-1,-1,-1,-1,1,1,-1,-1,1,-1,-1,1,1,-1,-1,1,-1,1,-1,1,-1,-1,-1,-1,-1,-1,1,1,-1,-1,1,-1,1,1,-1,-1,-1,1,-1,1,1,-1,-1,1,1,-1,1,1,1,-1,1,-1,1,1,1,-1,-1,1,-1,-1,1,1,-1,-1,-1,-1,1,1,1,-1,1,1,-1,-1,1,1,-1,-1,1,-1,-1,1,1,-1,-1,1,-1,-1,1,1,1,-1,-1,-1,-1,1,1,-1,-1,1,-1,-1,1,-1,1,-1,1,-1,1,1,1,1,-1,-1,-1,-1,1,1,1,-1,1,-1,1,1,1,1,-1,-1,-1,1,-1,1,-1,-1,-1,-1,1,-1,1,-1,-1,-1,-1,1,1,1,1,-1,-1,1,-1,1,1,-1,1,-1,1,1,1,1,1,-1,1,-1,1,1,1,1,-1,1,-1,1,-1,1,1,-1,-1,1,-1,1,1,1,-1,1,-1,1,1,-1,1,-1,1,-1,1,1,-1,1,-1,1,-1,1,-1,1,1,-1,-1,-1,-1,-1,1,1,1,-1,1,1,1,1,1,-1,-1,1,1,1,1,1,-1,-1,1,-1,1,1,1,-1,-1,-1,-1,-1,-1,-1,-1,-1,-1,-1,1,1,1,-1,1,1,-1,-1,1,1,1,-1,1,-1,1,1,1,-1,-1,1,-1,1,1,1,-1,-1,1,-1,1,1,1,-1,-1,1,-1,1,-1,1,1,-1,1,-1,-1,1,1,-1,-1,-1,-1,1,1,-1,1,-1,1,-1,-1,1,-2656.0,1,2000,445,1000,True
2451,-1,-1,-1,-1,1,-1,1,1,-1,1,1,-1,1,1,-1,-1,-1,1,-1,-1,1,1,-1,1,1,-1,1,-1,1,-1,1,1,1,-1,-1,1,1,-1,1,1,-1,-1,1,-1,1,1,1,-1,1,-1,-1,1,-1,1,-1,-1,-1,1,1,1,1,-1,-1,1,-1,-1,1,1,-1,-1,1,-1,1,1,1,-1,-1,1,-1,1,1,-1,-1,-1,-1,1,1,1,-1,-1,-1,-1,1,1,1,-1,-1,1,-1,1,1,1,-1,-1,1,-1,1,1,1,-1,-1,1,-1,1,1,1,-1,-1,1,-1,-1,1,1,1,-1,-1,-1,-1,1,1,1,-1,1,-1,1,1,1,1,-1,-1,-1,-1,1,1,1,-1,1,-1,-1,1,1,1,-1,-1,1,-1,1,1,1,-1,1,-1,-1,1,-1,1,-1,1,-1,1,1,1,-1,-1,1,-1,1,1,1,-1,1,-1,1,-1,-1,1,-1,1,1,-1,1,1,1,1,1,1,1,-1,-1,1,-1,1,1,1,-1,-1,1,1,-1,1,1,1,-1,1,-1,1,1,1,-1,-1,1,1,1,1,1,1,-1,1,-1,-1,1,1,-1,-1,-1,1,1,1,1,-1,-1,1,-1,1,1,1,1,-1,1,-1,-1,1,1,-1,1,1,-1,1,1,1,-1,-1,1,-1,1,-1,1,1,1,1,-1,1,-1,1,1,1,1,-1,1,-1,1,1,1,1,-1,-1,1,1,1,-1,1,-1,-1,1,1,-1,1,1,1,-1,-1,1,1,1,1,-1,1,-1,1,1,-1,1,-1,-1,-1,1,1,1,1,-1,-1,-1,1,-1,1,1,1,1,-1,1,1,1,1,1,1,-1,1,1,1,1,-1,1,1,1,1,1,1,1,-1,1,1,1,-1,1,1,-1,1,1,1,1,1,1,1,-1,1,-1,1,1,1,1,-1,1,1,1,1,1,1,-1,1,1,-1,-1,1,1,-1,1,1,1,1,1,1,-1,-1,1,-1,1,1,1,1,-1,1,1,-1,1,1,-1,1,1,-1,-1,1,1,-1,-1,1,-1,1,-1,1,-1,1,-1,-1,-1,1,-1,-1,1,-1,1,-1,1,1,-1,1,1,1,-1,1,-1,-1,-1,1,-1,1,1,-1,1,1,1,-1,1,-1,-1,1,1,1,1,-1,1,-1,1,1,1,1,1,-1,-1,1,-1,1,-1,1,-1,-1,-1,1,1,1,1,-1,-1,1,-1,1,1,1,-1,-1,-1,1,-1,1,1,-1,-1,1,-1,1,1,1,1,-1,-1,1,1,1,1,-1,-1,1,1,1,1,-1,1,-1,1,-1,1,1,-1,1,1,-1,1,1,1,-1,1,-1,1,-1,1,1,-1,-1,1,-1,1,1,1,1,-1,1,-1,-1,-1,1,1,-1,1,-1,1,-1,1,-1,-1,1,-1,-1,1,-1,1,-1,-1,1,-1,1,-1,1,1,-1,1,-1,-1,1,1,1,-1,1,-1,1,-1,-1,-1,1,-1,1,1,-1,-1,1,1,1,-1,1,-1,1,-1,1,1,1,-1,-1,-1,1,-1,1,1,1,-1,-1,-1,1,1,-1,1,-1,-1,-1,1,1,1,1,-1,-1,1,1,1,1,1,-1,-1,-1,-1,1,-1,1,-1,1,-1,-1,1,1,1,-1,-1,1,-1,1,-1,1,1,-1,-1,-1,-1,1,1,1,-1,-1,-1,1,1,1,-1,-1,-1,1,-1,1,1,-1,-1,-1,-1,-1,1,1,-1,1,-1,1,1,-1,1,1,-1,-1,-1,-1,1,1,-1,1,-1,-1,1,1,1,1,-1,1,-1,-1,-1,1,1,-1,1,-1,1,1,-1,1,-1,1,-1,1,1,-1,1,-1,1,-1,-1,1,-1,-1,1,-1,1,-1,1,-1,-1,-1,-1,-1,-1,1,-1,1,1,-1,1,-1,1,-1,1,-1,-1,1,-1,1,-1,1,-1,1,-1,1,-1,1,1,-1,1,-1,1,-1,-1,1,-1,1,-1,1,-1,-1,1,-1,1,-1,-1,-1,-1,1,-1,1,-1,1,1,-1,1,-1,1,-1,1,1,-1,1,-1,1,-1,-1,-1,-1,1,1,-1,-1,-1,-1,-1,1,-1,1,-1,-1,-1,-1,-1,-1,-1,1,-1,-1,-1,1,-1,-1,1,-1,-1,-1,-1,-1,1,1,-1,-1,-1,-1,-1,1,-1,-1,-1,1,-1,-1,1,-1,1,-1,-1,-1,-1,1,-1,-1,1,-1,-1,-1,-1,1,-1,-1,-1,1,-1,1,-1,-1,-1,1,-1,-1,-1,1,1,-1,-1,-1,-1,-1,1,1,1,-1,1,-1,1,-1,1,-1,-1,-1,-1,-1,-1,1,1,-1,-1,1,-1,1,1,-1,-1,-1,1,-1,1,1,-1,-1,1,1,-1,1,1,1,-1,1,-1,1,1,1,-1,-1,1,-1,1,1,1,1,-1,1,-1,-1,1,1,-1,1,1,1,-1,1,1,-1,1,1,1,-1,1,-1,1,1,1,1,-1,1,1,1,1,-1,1,-1,1,1,1,-1,1,1,-1,1,-1,1,1,1,1,-1,-1,1,-1,1,-1,1,-1,-1,1,1,1,-1,1,-1,-1,1,1,1,1,1,-1,1,-1,1,1,1,1,-1,1,1,1,1,1,-1,1,-1,1,1,1,-1,-1,-1,1,1,1,-1,1,-1,1,1,-1,1,1,-1,1,-1,1,-1,1,1,-1,-1,-1,1,1,1,1,-1,-1,1,1,-1,1,1,-1,1,-1,1,-1,1,1,-1,1,-1,1,-1,1,1,1,1,1,1,1,1,1,-1,-1,1,-1,1,-1,1,-1,1,-1,1,1,1,-1,-1,1,-1,1,-1,1,1,-1,1,-1,1,1,1,-1,-1,-1,1,-1,-1,-1,-1,-1,1,-1,1,1,1,-1,1,1,1,-1,1,1,1,-1,1,1,1,1,1,1,-1,1,1,1,1,1,1,-1,-1,1,-1,1,1,1,-1,1,1,1,-1,-1,-1,-1,1,1,1,1,1,-1,-1,-1,1,-1,1,-1,1,-1,1,-1,1,1,-2656.0,1,2000,445,1000,True
2452,-1,-1,1,1,1,1,-1,1,-1,-1,-1,-1,-1,1,-1,-1,1,-1,1,-1,-1,1,-1,-1,-1,1,-1,-1,-1,-1,-1,-1,1,-1,-1,1,1,-1,-1,1,-1,-1,1,-1,-1,-1,-1,-1,1,-1,-1,-1,1,1,-1,-1,-1,1,-1,-1,1,-1,-1,1,-1,-1,-1,-1,-1,-1,1,-1,-1,-1,1,-1,-1,1,-1,-1,-1,-1,-1,-1,-1,-1,-1,1,-1,-1,-1,-1,-1,-1,1,-1,-1,1,-1,1,-1,1,-1,-1,1,-1,-1,-1,1,-1,-1,1,-1,-1,-1,1,-1,-1,1,-1,-1,-1,1,1,-1,1,-1,-1,1,1,1,-1,1,-1,-1,1,1,1,-1,-1,-1,-1,1,1,1,-1,1,-1,-1,-1,1,1,-1,-1,1,-1,-1,1,1,-1,1,1,-1,-1,1,1,-1,1,1,-1,1,1,-1,-1,1,-1,-1,-1,1,-1,1,-1,1,-1,1,1,-1,1,1,-1,-1,1,1,1,1,1,1,-1,1,1,-1,1,1,1,-1,1,1,1,-1,1,1,-1,1,1,-1,1,1,1,1,1,1,1,1,1,1,1,-1,1,-1,-1,1,1,-1,1,-1,1,-1,1,1,1,1,1,-1,1,1,1,1,1,-1,1,-1,1,1,1,1,1,-1,1,1,1,1,-1,1,-1,1,-1,1,-1,-1,1,-1,1,-1,1,1,1,1,-1,1,-1,1,-1,1,1,-1,-1,1,1,1,1,1,1,-1,1,1,1,-1,-1,1,-1,-1,1,-1,-1,-1,1,1,-1,1,1,1,-1,1,-1,-1,1,-1,-1,-1,-1,1,-1,-1,1,-1,-1,1,1,-1,1,-1,-1,-1,1,-1,-1,-1,-1,-1,1,1,1,-1,1,-1,-1,1,1,-1,1,-1,-1,1,-1,1,-1,-1,-1,-1,1,1,1,1,1,1,-1,-1,1,1,1,1,-1,-1,-1,1,1,1,1,-1,-1,1,-1,1,1,1,-1,-1,1,-1,1,-1,1,1,-1,1,-1,1,1,1,1,-1,-1,1,1,1,-1,-1,-1,1,1,-1,-1,1,1,-1,1,-1,1,-1,1,-1,1,1,-1,1,1,1,-1,1,1,-1,1,-1,1,-1,-1,1,-1,1,1,1,1,-1,1,1,-1,1,1,-1,-1,1,-1,-1,1,-1,1,-1,-1,1,-1,-1,1,-1,-1,-1,1,-1,1,-1,1,-1,-1,1,-1,1,-1,1,-1,-1,1,-1,-1,1,1,-1,-1,1,-1,1,1,-1,1,-1,1,-1,1,-1,1,-1,-1,-1,-1,-1,-1,-1,1,-1,1,-1,1,-1,1,-1,-1,-1,1,1,-1,1,-1,-1,-1,-1,1,-1,-1,1,-1,-1,1,-1,-1,1,1,1,-1,-1,1,-1,-1,1,-1,-1,-1,-1,-1,1,-1,1,-1,-1,-1,-1,1,-1,1,-1,-1,1,-1,1,1,1,-1,-1,-1,1,1,-1,1,-1,-1,-1,1,1,1,-1,1,1,-1,1,1,1,1,1,-1,1,-1,1,1,-1,1,-1,-1,1,1,-1,-1,-1,1,-1,-1,1,-1,-1,1,1,1,-1,1,1,-1,1,1,-1,-1,-1,1,-1,-1,1,-1,-1,1,1,-1,-1,-1,-1,-1,1,1,-1,1,1,1,1,-1,1,-1,-1,1,1,-1,1,1,-1,-1,-1,1,-1,-1,1,1,-1,1,1,1,1,1,-1,1,1,1,-1,1,1,1,-1,1,1,-1,1,1,-1,1,1,1,-1,1,1,-1,-1,1,-1,1,1,1,-1,1,1,-1,-1,1,1,-1,1,1,-1,1,1,1,1,1,1,1,1,1,1,-1,1,-1,1,-1,1,1,1,1,1,1,1,1,1,-1,1,-1,1,-1,1,1,1,-1,1,-1,1,1,1,1,1,1,1,1,1,1,-1,1,1,-1,-1,1,-1,-1,1,1,1,-1,1,1,-1,1,-1,-1,1,1,-1,-1,1,-1,1,-1,1,1,-1,1,-1,1,-1,1,-1,1,1,-1,1,-1,1,1,-1,1,-1,1,-1,1,1,-1,1,-1,1,-1,1,1,-1,1,1,1,1,1,-1,1,1,-1,1,1,1,1,-1,1,-1,1,-1,1,1,-1,1,1,-1,1,1,-1,1,1,1,-1,1,1,1,-1,1,-1,-1,1,1,-1,1,1,-1,1,-1,1,-1,-1,1,1,-1,1,1,-1,-1,1,1,-1,1,1,-1,-1,-1,1,1,1,1,-1,1,1,1,-1,1,1,-1,-1,1,-1,1,1,1,-1,-1,-1,1,-1,1,1,-1,1,-1,-1,1,1,1,-1,-1,-1,-1,-1,1,-1,-1,-1,1,-1,1,1,-1,-1,-1,1,-1,1,1,1,-1,1,-1,-1,1,1,1,-1,1,-1,1,1,1,-1,-1,1,-1,-1,1,1,1,-1,1,-1,-1,1,1,1,1,1,-1,-1,1,1,-1,1,1,-1,-1,1,1,1,1,1,-1,-1,1,1,1,1,1,1,-1,1,1,-1,1,1,-1,-1,1,-1,1,1,1,1,-1,-1,1,-1,1,1,1,-1,1,1,1,1,-1,1,-1,1,1,1,1,1,1,-1,-1,1,1,1,1,-1,1,-1,1,1,1,1,-1,1,-1,1,1,1,-1,-1,1,-1,1,1,-1,1,-1,-1,-1,1,1,1,-1,1,-1,-1,1,1,1,-1,-1,-1,-1,1,1,1,-1,1,-1,-1,-1,1,1,-1,1,-1,-1,-1,1,1,-1,1,-1,-1,1,1,1,1,1,1,-1,-1,1,1,-1,-1,1,1,1,1,1,-1,1,-1,-1,1,1,-1,-1,1,-1,-1,-1,1,1,-1,1,-1,1,1,1,-1,-1,1,-1,1,-1,-1,-1,-1,1,-1,1,1,1,-1,1,1,-1,1,1,1,1,-1,1,-1,1,1,1,1,-1,1,-1,1,1,1,1,-1,1,-1,1,1,1,1,-1,1,-1,1,1,1,-1,-1,1,-1,-1,1,1,-1,-1,-1,1,-1,1,-1,1,-1,1,-1,-1,1,-2656.0,1,2000,445,1500,True
2453,1,1,-1,-1,1,1,-1,1,1,1,1,-1,1,1,1,1,-1,1,-1,-1,-1,1,1,1,1,1,-1,-1,1,1,1,1,-1,-1,-1,1,-1,1,1,1,-1,-1,1,1,1,1,1,1,-1,-1,1,1,-1,1,-1,-1,1,-1,1,1,1,-1,-1,-1,1,1,1,1,1,-1,1,-1,1,1,1,1,-1,1,1,1,1,1,1,-1,-1,1,1,1,1,-1,-1,1,-1,1,1,1,1,1,-1,1,1,1,1,1,1,-1,-1,1,1,1,1,-1,-1,-1,1,1,1,1,1,-1,-1,1,1,1,1,-1,-1,-1,1,1,1,1,1,-1,-1,1,1,1,1,1,-1,-1,-1,1,1,1,1,-1,-1,-1,1,1,1,1,1,-1,-1,1,1,1,1,1,-1,-1,1,1,1,1,1,-1,1,1,1,1,1,-1,-1,1,1,1,1,-1,1,-1,-1,1,1,1,1,-1,-1,-1,1,1,1,1,1,-1,-1,1,-1,1,1,1,-1,-1,1,1,1,1,1,-1,1,1,-1,1,1,1,-1,1,1,1,1,1,1,1,-1,1,-1,1,-1,1,-1,-1,1,1,1,1,1,-1,-1,1,-1,-1,1,1,1,-1,1,1,-1,1,1,-1,1,1,-1,-1,1,1,-1,-1,1,-1,1,-1,1,1,1,1,-1,1,-1,1,1,1,1,-1,1,-1,1,1,1,1,-1,-1,1,1,1,1,1,1,-1,1,1,-1,-1,1,1,1,-1,1,1,1,1,-1,1,-1,1,1,1,-1,1,1,1,1,1,1,1,-1,-1,-1,1,-1,1,1,1,1,-1,1,1,1,1,1,1,1,1,1,1,1,1,-1,1,1,1,1,1,1,-1,1,1,1,1,-1,1,1,-1,1,1,1,1,1,-1,1,1,1,1,1,1,-1,1,1,1,1,1,1,-1,1,1,1,1,1,1,1,1,1,1,-1,-1,1,-1,1,-1,1,-1,1,1,1,-1,-1,1,1,-1,1,-1,1,1,1,1,-1,-1,-1,1,1,1,1,-1,1,-1,1,1,1,-1,1,1,-1,1,1,1,-1,1,1,1,1,1,1,-1,-1,1,-1,-1,-1,1,-1,1,-1,-1,1,1,1,1,-1,-1,1,-1,1,1,1,-1,1,-1,1,1,1,1,1,-1,1,-1,-1,1,-1,1,-1,-1,-1,-1,-1,1,1,-1,-1,1,-1,1,1,-1,-1,1,-1,-1,1,-1,1,-1,-1,1,-1,1,1,1,-1,-1,-1,1,1,1,1,-1,-1,1,1,-1,1,-1,1,-1,1,1,-1,1,-1,-1,-1,-1,1,-1,1,-1,1,-1,1,1,1,1,-1,-1,1,-1,1,-1,1,1,-1,1,-1,1,-1,1,1,-1,-1,-1,1,-1,1,-1,-1,1,-1,1,-1,1,1,-1,-1,-1,1,-1,1,1,-1,-1,1,1,1,1,1,1,-1,1,1,-1,-1,-1,-1,1,-1,1,1,-1,-1,1,1,-1,1,-1,-1,1,-1,1,-1,1,-1,-1,-1,-1,-1,-1,-1,1,-1,-1,-1,1,-1,-1,1,-1,-1,-1,1,-1,-1,1,-1,-1,-1,1,-1,-1,1,-1,-1,-1,-1,-1,1,1,-1,1,-1,-1,-1,-1,1,-1,-1,1,1,-1,-1,1,1,-1,-1,-1,1,-1,1,1,-1,-1,-1,1,-1,-1,1,-1,-1,1,-1,1,1,-1,-1,-1,-1,1,1,1,-1,1,-1,-1,1,1,1,1,-1,-1,-1,1,-1,1,-1,1,-1,-1,1,-1,1,1,-1,-1,-1,1,1,1,1,-1,1,-1,1,-1,1,1,-1,-1,-1,-1,-1,1,1,-1,-1,-1,1,-1,1,1,1,-1,1,1,-1,1,1,-1,-1,-1,1,-1,1,1,-1,-1,1,-1,-1,-1,-1,1,-1,-1,-1,-1,1,-1,-1,-1,1,1,-1,1,1,-1,-1,1,1,-1,1,-1,-1,1,-1,-1,-1,1,1,-1,1,-1,-1,-1,-1,1,-1,-1,1,-1,-1,-1,1,-1,1,-1,1,-1,-1,1,-1,-1,1,-1,-1,-1,1,-1,1,-1,-1,-1,-1,-1,-1,-1,1,-1,-1,-1,1,1,-1,1,-1,-1,-1,1,-1,-1,1,-1,-1,-1,-1,-1,1,1,-1,-1,-1,-1,-1,1,-1,-1,-1,1,-1,-1,1,-1,1,-1,-1,-1,-1,-1,-1,-1,1,-1,-1,-1,1,1,1,-1,-1,-1,1,-1,-1,-1,-1,-1,-1,-1,1,1,1,-1,-1,-1,-1,1,-1,1,1,-1,1,-1,-1,1,1,-1,-1,-1,-1,-1,-1,1,1,-1,-1,1,-1,1,1,-1,-1,-1,1,-1,1,1,-1,-1,1,-1,-1,1,1,1,-1,1,-1,1,1,1,-1,-1,1,-1,-1,1,1,-1,-1,1,-1,-1,1,1,-1,1,1,-1,-1,1,1,-1,-1,1,-1,-1,1,1,-1,-1,1,-1,-1,1,1,1,-1,-1,1,-1,1,1,-1,-1,1,-1,-1,1,-1,1,-1,-1,1,-1,-1,1,1,-1,-1,1,-1,1,1,1,-1,-1,1,-1,1,1,1,-1,-1,1,1,-1,1,-1,-1,1,-1,1,-1,1,-1,-1,1,1,1,1,1,-1,-1,1,1,-1,1,1,-1,1,-1,1,1,1,1,1,-1,1,-1,1,1,1,1,-1,-1,-1,1,-1,1,1,-1,-1,1,-1,1,1,1,-1,1,-1,1,1,-1,1,-1,1,-1,1,1,-1,1,-1,-1,1,-1,-1,1,1,-1,-1,-1,-1,-1,1,1,1,-1,1,1,1,1,1,-1,-1,1,1,1,1,1,-1,-1,1,-1,1,1,1,-1,-1,-1,-1,-1,-1,-1,-1,-1,1,-1,1,1,1,-1,1,1,-1,-1,1,1,-1,-1,1,-1,1,1,1,-1,-1,1,-1,1,1,1,-1,-1,1,-1,1,1,1,-1,-1,1,-1,1,-1,1,1,-1,1,-1,-1,1,1,-1,-1,-1,-1,1,1,1,1,-1,1,-1,-1,1,-2656.0,1,2000,445,1000,True
2454,-1,-1,1,1,1,1,-1,1,-1,-1,-1,1,-1,1,-1,-1,1,-1,1,1,1,1,-1,-1,-1,1,-1,-1,-1,-1,-1,-1,1,1,-1,1,1,-1,-1,-1,1,-1,1,-1,-1,-1,-1,-1,1,-1,1,-1,1,-1,1,-1,-1,1,-1,-1,-1,1,1,1,-1,-1,-1,-1,-1,-1,1,-1,-1,-1,-1,-1,1,1,-1,-1,-1,1,1,-1,-1,-1,-1,1,-1,1,-1,-1,-1,-1,-1,-1,1,1,-1,1,-1,-1,-1,-1,1,-1,-1,-1,-1,-1,-1,1,-1,1,-1,-1,-1,-1,1,-1,-1,-1,-1,-1,-1,1,-1,-1,1,-1,-1,-1,1,-1,-1,-1,-1,-1,-1,1,-1,-1,-1,-1,-1,-1,-1,-1,-1,-1,-1,-1,-1,1,1,-1,-1,-1,-1,-1,1,-1,-1,-1,-1,-1,1,1,1,-1,-1,-1,-1,-1,1,-1,-1,-1,-1,-1,1,-1,1,-1,-1,-1,-1,1,1,-1,-1,1,-1,-1,1,1,-1,1,-1,-1,1,-1,1,1,-1,1,-1,-1,-1,1,1,-1,1,-1,-1,1,1,1,1,1,-1,1,1,1,1,1,-1,-1,-1,-1,1,1,-1,1,-1,1,-1,1,1,1,1,-1,-1,1,1,1,1,1,1,-1,1,1,1,1,-1,-1,1,1,1,1,1,1,-1,1,1,-1,1,-1,1,-1,1,1,-1,1,1,1,1,1,1,-1,1,-1,1,-1,-1,1,1,1,1,1,1,1,1,1,1,1,1,1,-1,1,-1,1,-1,1,1,1,1,-1,-1,1,1,-1,1,1,1,1,-1,-1,1,-1,1,-1,-1,1,-1,1,1,1,-1,1,-1,-1,1,1,1,-1,-1,-1,1,1,1,1,-1,1,-1,1,1,1,-1,1,-1,-1,1,-1,1,-1,1,-1,-1,1,1,1,1,1,1,-1,1,1,1,1,1,-1,-1,1,1,1,1,1,-1,-1,1,1,1,1,1,-1,-1,-1,-1,1,-1,1,1,-1,1,1,1,1,1,1,-1,-1,-1,1,1,-1,-1,-1,1,-1,-1,-1,1,1,-1,1,-1,1,-1,1,-1,1,-1,1,1,1,1,-1,1,-1,1,1,-1,1,-1,-1,-1,-1,1,1,1,1,-1,-1,1,-1,1,1,-1,-1,1,-1,-1,1,-1,1,-1,-1,1,-1,1,1,-1,-1,1,1,-1,1,-1,1,-1,-1,1,-1,1,-1,1,-1,-1,1,-1,-1,1,1,-1,-1,-1,-1,1,1,1,1,-1,1,-1,1,-1,1,-1,-1,1,-1,1,-1,-1,-1,1,1,-1,1,-1,1,-1,1,-1,1,1,1,1,-1,1,-1,-1,1,-1,-1,-1,1,-1,1,-1,-1,1,-1,1,-1,-1,1,-1,-1,1,-1,1,-1,1,-1,1,-1,1,1,-1,1,-1,1,-1,1,-1,-1,1,-1,1,1,1,1,-1,-1,1,1,-1,1,1,1,-1,1,1,1,-1,1,1,-1,1,1,1,1,-1,-1,1,-1,1,1,-1,1,-1,-1,-1,-1,1,-1,-1,1,-1,-1,1,-1,-1,1,1,1,-1,1,1,-1,1,1,-1,-1,-1,1,-1,-1,1,-1,-1,1,1,-1,-1,-1,-1,-1,1,1,-1,1,1,1,1,-1,1,-1,-1,1,1,-1,1,1,-1,-1,-1,1,-1,-1,1,1,-1,1,1,1,1,1,-1,1,1,1,-1,1,1,1,-1,1,1,-1,1,1,-1,1,1,1,-1,1,1,-1,-1,1,-1,1,-1,1,-1,1,1,1,-1,1,1,-1,1,1,1,1,1,1,1,1,1,1,1,1,1,-1,1,-1,1,-1,1,1,1,1,1,1,1,1,1,-1,1,-1,1,1,1,1,1,-1,1,-1,1,1,1,1,1,1,1,1,1,1,1,-1,1,1,-1,1,-1,-1,-1,1,1,-1,1,1,-1,1,-1,1,1,1,-1,-1,1,-1,1,-1,1,1,-1,-1,1,-1,-1,1,1,-1,1,-1,1,1,1,1,-1,-1,-1,1,-1,1,1,-1,1,-1,1,-1,1,1,1,-1,-1,1,-1,1,1,-1,-1,1,-1,-1,1,1,1,-1,-1,1,-1,1,1,-1,-1,-1,1,-1,1,1,-1,1,-1,1,-1,1,1,1,-1,1,1,-1,1,1,1,-1,1,-1,-1,1,-1,1,-1,1,-1,1,1,1,1,-1,-1,-1,-1,-1,1,1,-1,1,1,1,1,1,1,1,-1,-1,-1,1,1,1,-1,1,1,1,1,1,1,-1,1,-1,1,1,1,1,-1,-1,1,1,1,1,1,1,-1,-1,1,-1,1,1,1,-1,1,1,1,1,1,1,-1,1,1,1,1,1,1,-1,1,1,-1,1,1,-1,1,1,1,1,1,1,-1,-1,1,1,1,1,-1,-1,-1,1,1,1,-1,1,-1,-1,1,1,1,1,-1,1,-1,1,1,1,1,1,-1,-1,1,1,-1,1,1,-1,-1,1,1,-1,1,-1,-1,-1,1,-1,-1,1,1,-1,-1,-1,1,-1,1,1,-1,-1,1,1,-1,1,1,-1,-1,1,1,-1,1,1,-1,-1,-1,-1,1,1,1,-1,1,-1,1,1,1,-1,-1,1,-1,1,1,1,-1,-1,1,-1,1,1,-1,1,-1,-1,-1,-1,-1,1,1,-1,-1,-1,1,-1,1,-1,-1,-1,-1,1,-1,1,-1,1,-1,-1,-1,1,1,-1,1,-1,-1,-1,-1,1,1,-1,1,-1,1,-1,1,1,-1,1,-1,-1,1,-1,-1,-1,1,1,1,1,-1,-1,1,-1,-1,1,1,-1,-1,1,-1,-1,-1,-1,1,-1,1,1,1,1,-1,1,-1,-1,-1,-1,-1,-1,-1,-1,1,-1,1,1,1,-1,1,1,-1,1,1,-1,-1,-1,1,-1,1,1,1,1,-1,1,-1,1,1,1,-1,-1,1,-1,1,1,1,1,-1,1,-1,1,1,-1,-1,-1,1,-1,-1,1,1,-1,-1,-1,1,-1,1,-1,1,-1,1,-1,-1,1,-2656.0,1,2000,445,1500,True
2455,1,1,-1,-1,1,1,-1,1,1,1,1,-1,1,1,1,1,-1,1,-1,-1,-1,1,1,1,1,1,-1,-1,1,1,1,1,-1,-1,-1,1,-1,1,1,1,-1,-1,1,1,1,1,1,1,-1,-1,1,1,1,1,-1,-1,1,-1,1,1,1,-1,-1,-1,1,1,1,1,1,-1,1,-1,1,1,1,1,-1,1,1,1,1,-1,1,-1,-1,1,1,1,1,-1,1,1,-1,1,1,1,1,-1,-1,-1,1,1,1,1,1,-1,-1,1,1,1,1,-1,-1,-1,1,1,1,1,1,-1,-1,1,1,1,1,-1,-1,-1,1,1,1,1,1,-1,-1,1,1,1,1,1,-1,-1,-1,1,1,1,1,-1,-1,-1,1,1,1,1,1,-1,-1,1,1,1,1,-1,-1,-1,1,1,-1,1,1,-1,1,1,1,1,1,-1,-1,1,1,1,1,-1,1,-1,1,1,1,1,1,-1,-1,-1,1,1,1,1,1,-1,-1,1,-1,-1,1,1,-1,-1,1,1,1,1,1,-1,1,1,-1,-1,1,1,-1,1,1,1,1,1,1,1,-1,1,-1,-1,1,1,-1,-1,1,1,1,1,1,-1,-1,1,-1,-1,1,1,1,-1,1,-1,1,1,1,-1,1,1,1,-1,1,1,-1,-1,-1,1,1,-1,1,1,1,-1,1,1,-1,1,1,1,1,1,1,-1,1,1,1,1,-1,1,1,1,1,1,1,1,1,1,1,-1,-1,1,-1,1,-1,1,1,1,1,1,1,-1,1,1,1,-1,1,1,1,1,1,1,1,-1,1,-1,1,-1,1,1,1,1,-1,1,1,1,1,1,-1,1,1,1,1,1,1,-1,1,1,1,1,1,-1,-1,1,1,1,-1,1,1,1,-1,1,1,1,1,1,-1,1,1,-1,1,1,1,-1,1,1,1,1,1,1,-1,1,1,1,-1,1,1,1,1,1,1,1,-1,1,-1,1,-1,1,-1,1,1,-1,-1,-1,1,1,-1,1,-1,1,1,1,-1,-1,-1,-1,1,1,1,-1,1,1,-1,1,1,-1,-1,1,1,-1,1,1,-1,1,1,-1,1,1,1,1,-1,-1,1,-1,-1,-1,1,-1,1,-1,-1,1,1,1,-1,-1,-1,1,-1,1,1,-1,1,-1,-1,1,1,1,1,-1,-1,1,-1,-1,1,-1,1,-1,-1,-1,1,1,1,1,-1,-1,1,-1,1,1,-1,-1,1,-1,1,-1,1,-1,-1,-1,1,-1,1,1,-1,-1,-1,-1,1,1,-1,1,-1,-1,1,1,1,-1,-1,1,-1,1,1,1,-1,-1,-1,-1,-1,1,1,1,-1,1,-1,1,-1,1,-1,-1,-1,1,-1,1,1,1,-1,-1,1,-1,-1,1,-1,-1,-1,-1,-1,-1,1,-1,-1,-1,1,-1,-1,1,-1,-1,-1,-1,-1,-1,1,-1,-1,-1,-1,1,-1,-1,1,1,1,-1,1,-1,1,-1,1,-1,1,-1,1,1,-1,-1,1,-1,1,-1,1,-1,1,-1,1,1,1,-1,-1,-1,-1,-1,1,-1,1,-1,-1,-1,1,1,-1,1,-1,-1,-1,1,1,-1,1,-1,-1,-1,1,1,-1,1,-1,-1,-1,-1,1,1,1,-1,1,-1,-1,1,-1,1,-1,1,1,1,1,-1,1,1,-1,-1,-1,-1,-1,1,1,-1,1,-1,-1,-1,-1,1,-1,-1,-1,1,1,1,-1,-1,-1,-1,1,1,1,-1,1,-1,1,-1,1,1,1,-1,-1,-1,-1,-1,1,-1,1,-1,-1,1,-1,1,1,-1,1,-1,-1,1,1,1,-1,1,-1,-1,-1,1,1,-1,1,-1,-1,-1,1,1,-1,1,-1,-1,-1,1,1,1,-1,1,-1,-1,1,1,-1,-1,-1,-1,-1,1,1,-1,-1,1,1,-1,1,-1,1,-1,1,1,-1,1,-1,-1,1,-1,-1,-1,1,1,-1,1,-1,1,-1,1,-1,-1,1,-1,1,-1,1,1,-1,1,-1,1,-1,-1,1,-1,1,-1,1,-1,-1,1,-1,1,1,1,-1,-1,-1,1,1,1,1,-1,-1,1,-1,-1,1,1,-1,-1,-1,-1,1,-1,1,-1,-1,1,1,-1,1,1,-1,-1,1,-1,-1,1,1,-1,-1,-1,-1,1,-1,1,-1,-1,-1,-1,1,1,-1,-1,1,-1,-1,1,-1,1,-1,-1,-1,-1,-1,1,1,1,-1,-1,-1,1,1,1,-1,-1,-1,1,-1,-1,1,1,-1,-1,-1,1,1,1,-1,-1,-1,-1,1,-1,1,-1,-1,1,-1,-1,1,1,-1,-1,-1,-1,-1,-1,1,1,-1,-1,1,-1,1,1,-1,-1,-1,1,-1,1,1,-1,-1,1,1,-1,1,1,1,-1,1,-1,1,1,1,-1,-1,1,-1,-1,1,1,-1,-1,-1,1,-1,1,1,-1,1,1,-1,-1,1,1,-1,-1,1,1,-1,1,1,-1,-1,1,-1,-1,1,1,1,-1,-1,-1,-1,1,1,-1,-1,1,-1,-1,1,-1,1,-1,1,-1,1,1,1,1,-1,-1,-1,-1,1,1,1,-1,1,-1,1,1,1,1,-1,-1,-1,1,-1,1,-1,-1,-1,-1,1,-1,1,-1,-1,-1,-1,1,1,1,1,-1,-1,1,-1,1,1,-1,1,-1,1,1,1,1,1,-1,1,-1,1,1,1,1,-1,1,-1,1,-1,1,1,-1,-1,1,-1,1,1,1,-1,1,-1,1,1,-1,1,-1,1,-1,1,1,-1,1,-1,1,-1,1,-1,1,1,-1,-1,-1,-1,-1,1,1,1,-1,1,1,1,1,1,-1,-1,1,1,1,1,1,-1,-1,1,-1,1,1,1,-1,-1,-1,-1,-1,-1,-1,-1,-1,1,-1,1,1,1,-1,1,1,-1,-1,1,1,-1,-1,1,-1,1,1,1,-1,-1,1,-1,1,1,1,-1,-1,1,-1,1,1,1,-1,-1,1,-1,1,-1,1,1,-1,1,-1,-1,1,1,1,-1,-1,-1,1,1,1,1,-1,1,-1,-1,1,-2656.0,1,2000,445,1000,True
2456,-1,-1,1,1,1,1,-1,1,-1,-1,-1,1,-1,1,-1,-1,1,-1,1,1,1,1,-1,-1,-1,1,-1,-1,-1,-1,-1,-1,1,1,-1,1,1,-1,-1,-1,1,-1,1,-1,-1,-1,-1,-1,1,-1,-1,-1,1,-1,1,-1,-1,1,-1,-1,-1,1,1,1,-1,-1,-1,-1,-1,-1,1,-1,-1,-1,-1,-1,1,1,-1,-1,-1,1,1,-1,-1,-1,-1,1,-1,1,-1,-1,-1,-1,-1,-1,-1,1,-1,1,-1,-1,-1,-1,1,-1,-1,-1,-1,-1,-1,1,-1,-1,-1,-1,-1,-1,1,-1,-1,-1,-1,-1,-1,1,-1,-1,1,-1,-1,-1,1,-1,-1,1,-1,-1,-1,1,-1,-1,1,-1,-1,-1,-1,-1,-1,-1,-1,-1,-1,1,1,-1,-1,1,-1,-1,1,-1,-1,-1,-1,-1,1,1,1,-1,-1,-1,-1,-1,1,-1,-1,1,-1,-1,1,-1,1,-1,-1,-1,-1,1,1,-1,-1,1,-1,1,1,1,1,-1,1,-1,-1,1,1,1,-1,1,-1,-1,-1,1,1,-1,1,-1,-1,1,1,1,1,1,-1,1,1,1,1,1,-1,1,-1,-1,1,1,-1,1,-1,1,-1,1,1,1,1,-1,-1,1,1,1,1,1,-1,-1,-1,1,1,1,1,1,-1,1,1,1,1,1,-1,-1,1,-1,1,-1,-1,-1,-1,1,-1,1,1,-1,-1,-1,1,-1,1,-1,1,-1,-1,-1,1,1,1,1,-1,-1,-1,1,1,1,-1,-1,1,-1,-1,1,-1,-1,-1,-1,1,-1,1,1,1,-1,-1,-1,-1,1,-1,-1,-1,1,-1,-1,-1,1,-1,-1,1,1,-1,1,-1,-1,-1,1,1,-1,1,-1,-1,-1,-1,1,1,1,-1,-1,1,1,-1,1,1,-1,1,1,1,-1,1,1,-1,1,1,1,1,-1,1,-1,-1,1,1,1,-1,-1,-1,-1,1,1,1,-1,-1,-1,1,-1,1,-1,-1,-1,-1,1,1,1,1,-1,1,-1,1,-1,1,1,1,1,-1,-1,1,-1,1,-1,-1,-1,1,1,1,1,-1,1,-1,1,-1,-1,1,-1,-1,1,1,-1,1,1,-1,-1,1,1,-1,1,-1,-1,-1,-1,1,-1,1,1,1,1,-1,1,-1,1,1,-1,-1,-1,1,-1,-1,1,1,1,-1,1,-1,1,1,-1,-1,-1,-1,1,-1,1,1,1,-1,1,-1,-1,1,-1,-1,-1,-1,-1,-1,-1,1,1,-1,-1,1,-1,1,1,-1,1,-1,1,-1,-1,1,1,-1,-1,-1,-1,1,1,-1,-1,-1,1,-1,1,-1,1,-1,-1,1,-1,1,1,1,-1,-1,-1,-1,1,-1,-1,-1,-1,-1,-1,1,1,1,-1,-1,1,-1,1,-1,-1,1,-1,-1,-1,1,-1,1,-1,-1,-1,-1,-1,-1,1,-1,1,-1,-1,1,-1,1,1,1,-1,-1,-1,1,1,-1,1,-1,1,-1,1,1,1,-1,1,1,-1,1,1,1,1,1,1,1,-1,1,1,-1,1,-1,1,-1,-1,1,-1,-1,1,-1,-1,1,-1,-1,-1,1,1,-1,1,1,-1,-1,1,1,-1,-1,1,-1,-1,-1,-1,-1,1,1,-1,-1,-1,-1,-1,1,1,-1,-1,1,1,1,-1,1,-1,-1,1,1,-1,1,1,-1,-1,-1,1,-1,-1,1,1,-1,1,1,1,1,1,-1,1,1,1,-1,1,1,1,-1,1,1,-1,1,1,-1,1,1,1,-1,1,1,-1,-1,1,-1,1,1,1,-1,1,1,1,-1,1,1,-1,1,1,1,1,1,1,1,1,1,1,1,1,1,-1,1,-1,1,-1,1,1,1,1,1,1,1,1,1,-1,1,-1,1,1,1,1,1,-1,1,-1,1,1,1,1,1,1,1,1,1,1,-1,1,1,-1,1,1,-1,-1,1,1,-1,1,1,1,-1,1,-1,1,1,1,-1,-1,1,-1,1,-1,1,1,-1,1,-1,1,-1,1,-1,1,1,-1,1,1,1,1,-1,1,-1,1,1,1,1,-1,1,-1,1,-1,1,1,-1,1,1,-1,1,1,-1,1,1,-1,1,1,1,1,-1,1,-1,1,-1,1,1,-1,1,1,-1,1,1,1,-1,1,1,-1,1,1,1,1,1,-1,-1,1,1,1,1,1,-1,1,-1,1,1,1,1,1,-1,1,1,1,1,1,1,-1,1,-1,1,1,1,1,-1,1,1,1,1,1,1,-1,1,1,1,1,1,-1,1,1,1,1,-1,1,-1,1,-1,1,1,1,1,1,1,1,1,1,1,1,-1,1,1,-1,1,1,1,-1,1,1,1,1,1,-1,-1,1,1,1,1,1,1,-1,1,1,-1,1,1,-1,-1,1,1,1,1,1,-1,1,1,1,1,1,1,-1,-1,1,1,1,1,1,1,-1,1,1,1,1,1,1,-1,1,1,1,1,1,1,-1,1,1,-1,1,1,1,-1,-1,1,-1,1,1,1,-1,1,-1,-1,1,1,1,-1,-1,1,-1,1,1,1,-1,-1,1,-1,1,-1,1,-1,1,1,-1,1,1,1,-1,-1,1,1,1,1,1,-1,-1,1,1,1,1,-1,-1,1,1,1,1,-1,-1,1,-1,1,1,-1,1,-1,-1,-1,1,-1,1,-1,1,-1,-1,1,-1,1,-1,-1,-1,-1,1,-1,1,-1,-1,1,-1,-1,1,1,-1,1,-1,-1,-1,-1,1,-1,1,-1,1,-1,-1,1,1,1,1,-1,-1,1,-1,-1,-1,1,1,-1,1,-1,-1,1,-1,-1,1,1,-1,-1,1,1,-1,-1,-1,1,-1,1,1,-1,1,-1,1,-1,-1,1,-1,-1,-1,-1,-1,1,1,1,1,1,-1,1,1,1,-1,1,-1,-1,-1,1,1,-1,1,1,1,-1,1,1,1,1,1,-1,-1,-1,1,-1,1,1,1,-1,1,1,-1,1,-1,-1,-1,1,1,1,1,1,-1,-1,-1,1,-1,1,-1,1,-1,1,-1,1,1,-2656.0,1,2000,445,1500,True
2457,-1,-1,1,1,1,-1,-1,1,-1,-1,1,-1,1,1,-1,-1,1,-1,1,-1,1,1,-1,-1,-1,1,-1,-1,1,-1,-1,-1,1,-1,-1,-1,1,-1,-1,1,-1,-1,-1,-1,-1,1,-1,-1,1,1,-1,-1,1,1,-1,-1,1,-1,-1,-1,1,-1,-1,1,-1,1,-1,-1,-1,-1,1,-1,-1,-1,1,-1,-1,-1,1,-1,-1,-1,-1,-1,1,-1,-1,1,-1,-1,-1,1,-1,1,1,-1,-1,1,1,1,1,1,-1,-1,1,1,-1,1,1,-1,-1,1,1,-1,1,1,-1,-1,1,1,-1,1,1,1,-1,-1,1,-1,1,1,1,-1,1,1,-1,1,1,1,-1,-1,1,-1,1,1,1,-1,1,1,1,-1,1,1,-1,-1,-1,1,-1,1,1,-1,1,1,1,1,1,1,-1,1,1,-1,1,1,-1,-1,1,1,-1,1,1,-1,1,-1,-1,1,1,1,-1,1,1,1,1,1,1,-1,1,1,-1,1,1,1,1,-1,1,-1,1,1,1,-1,-1,1,-1,-1,1,1,-1,1,1,-1,1,1,1,1,1,1,-1,-1,1,1,-1,-1,1,-1,1,1,-1,1,-1,1,-1,1,1,1,-1,1,1,-1,-1,1,-1,-1,1,1,-1,1,1,-1,1,1,1,-1,1,1,-1,1,1,-1,1,-1,-1,-1,1,1,-1,-1,1,1,-1,1,1,-1,-1,-1,1,-1,-1,1,1,1,-1,1,-1,1,1,1,1,-1,-1,-1,-1,1,-1,1,-1,-1,-1,-1,1,-1,1,1,-1,1,-1,1,1,1,-1,-1,-1,1,1,-1,1,1,-1,-1,-1,1,-1,1,-1,-1,-1,-1,-1,1,1,-1,-1,-1,1,-1,-1,1,-1,-1,-1,-1,1,-1,1,-1,1,-1,1,1,-1,1,-1,-1,-1,-1,-1,1,1,-1,-1,-1,-1,-1,1,-1,-1,-1,-1,-1,1,1,-1,-1,1,-1,1,1,1,-1,-1,1,-1,-1,-1,1,1,-1,1,-1,-1,-1,-1,1,-1,1,-1,1,-1,1,-1,-1,1,1,-1,-1,1,1,-1,1,-1,1,-1,1,-1,1,1,-1,1,-1,1,-1,1,1,-1,-1,1,1,-1,-1,1,-1,1,-1,-1,1,-1,1,1,-1,-1,1,-1,-1,1,-1,-1,1,-1,1,-1,-1,1,-1,-1,1,-1,-1,-1,1,-1,1,-1,1,-1,-1,1,-1,-1,-1,-1,-1,-1,1,-1,-1,1,1,-1,-1,1,-1,1,-1,-1,1,-1,1,-1,-1,1,1,-1,-1,-1,-1,-1,-1,-1,1,-1,1,-1,-1,1,1,-1,-1,-1,1,-1,1,1,-1,-1,-1,-1,-1,-1,-1,-1,-1,-1,1,-1,1,1,-1,1,-1,-1,1,-1,-1,1,-1,-1,-1,1,-1,1,-1,1,-1,-1,-1,-1,1,-1,1,-1,-1,1,-1,1,1,1,-1,-1,-1,-1,1,-1,1,-1,1,-1,1,1,1,-1,1,1,-1,1,1,1,1,1,-1,1,-1,-1,-1,1,-1,-1,1,-1,-1,1,1,-1,1,-1,-1,-1,1,1,-1,1,1,-1,-1,1,1,-1,1,1,-1,-1,-1,1,-1,-1,-1,-1,1,-1,1,-1,-1,-1,-1,-1,-1,1,-1,1,1,1,1,-1,1,-1,1,1,-1,1,-1,1,-1,-1,1,-1,1,-1,-1,1,1,1,1,1,1,-1,1,1,1,-1,1,-1,1,1,1,1,-1,-1,-1,1,1,1,1,-1,1,-1,1,-1,1,-1,1,1,-1,-1,1,1,1,-1,1,-1,-1,1,1,1,1,1,1,-1,1,1,1,1,1,1,-1,1,-1,1,-1,1,1,-1,1,1,1,1,1,1,-1,1,-1,1,1,1,1,-1,1,1,-1,1,1,1,1,1,1,1,1,1,1,-1,1,1,-1,-1,1,-1,-1,1,1,1,-1,1,-1,-1,1,-1,1,1,1,-1,-1,1,-1,1,-1,-1,1,-1,1,-1,1,-1,1,-1,-1,1,-1,1,-1,1,-1,-1,1,-1,1,-1,1,-1,-1,1,-1,1,-1,1,-1,-1,1,1,1,1,1,-1,1,1,-1,1,1,1,1,-1,1,-1,1,-1,1,-1,-1,1,1,-1,1,1,-1,1,-1,1,-1,1,1,1,-1,1,1,-1,1,1,-1,1,1,-1,1,-1,-1,-1,-1,1,1,-1,1,1,-1,1,1,1,-1,1,1,-1,1,1,1,1,1,1,-1,1,-1,1,-1,1,1,-1,-1,1,1,1,1,1,-1,1,1,1,-1,1,1,-1,1,1,-1,1,1,1,-1,-1,1,1,-1,1,-1,-1,-1,1,1,1,1,-1,-1,-1,1,1,1,1,1,-1,1,1,1,1,1,1,-1,1,1,1,1,1,-1,-1,1,1,-1,1,1,1,1,-1,1,-1,1,1,1,-1,1,1,-1,1,1,-1,1,-1,1,-1,1,1,1,1,1,-1,1,1,1,1,1,1,-1,1,1,1,-1,1,-1,-1,-1,1,-1,1,1,1,-1,1,1,1,-1,1,1,-1,-1,1,1,1,1,1,-1,1,1,1,1,1,1,-1,1,-1,1,1,1,1,-1,1,-1,1,1,1,-1,1,1,1,1,1,1,-1,-1,1,1,1,1,-1,1,-1,1,1,1,1,1,1,-1,1,1,1,1,1,-1,-1,1,-1,1,1,1,-1,1,-1,1,1,1,1,-1,1,1,1,-1,1,1,1,-1,1,1,-1,1,1,1,-1,-1,-1,1,1,1,-1,-1,-1,-1,1,-1,1,-1,1,1,1,1,1,-1,-1,1,1,1,1,1,1,-1,1,-1,1,1,1,-1,-1,1,-1,-1,-1,-1,-1,-1,1,-1,1,1,1,-1,1,1,-1,-1,1,1,1,-1,1,-1,1,1,1,1,-1,1,-1,1,1,1,1,-1,1,-1,1,1,1,1,-1,1,-1,1,-1,-1,-1,-1,1,-1,-1,1,1,-1,-1,-1,-1,1,1,-1,1,-1,1,1,-1,1,-2656.0,1,2000,445,1500,True
2458,1,1,-1,-1,1,-1,1,1,1,1,1,-1,1,1,1,1,-1,1,-1,-1,1,1,1,1,1,-1,-1,-1,1,1,1,1,1,-1,-1,1,-1,1,1,1,-1,-1,1,1,1,1,1,-1,1,-1,1,1,-1,1,-1,-1,-1,-1,1,1,1,-1,-1,1,1,1,1,1,-1,-1,1,-1,1,1,1,-1,-1,1,-1,1,1,-1,-1,-1,-1,1,1,1,-1,-1,-1,-1,1,1,1,-1,-1,1,-1,1,1,1,-1,-1,1,-1,1,1,1,-1,-1,1,-1,-1,1,1,-1,-1,1,-1,1,1,1,1,-1,-1,-1,-1,1,1,1,-1,1,-1,1,1,1,1,-1,-1,-1,-1,1,1,1,-1,1,-1,-1,1,1,1,-1,-1,1,-1,1,1,1,-1,1,1,-1,1,-1,1,-1,1,-1,1,1,1,-1,-1,1,-1,1,1,1,-1,1,-1,1,-1,-1,1,-1,1,1,-1,1,1,1,1,1,1,1,-1,-1,1,-1,1,1,1,-1,-1,1,1,-1,1,1,1,-1,1,-1,1,1,1,-1,-1,1,1,1,1,1,1,-1,1,-1,-1,1,1,-1,-1,1,1,-1,1,1,-1,-1,1,-1,1,1,1,1,-1,1,1,-1,1,1,-1,1,1,-1,1,1,1,-1,-1,1,-1,1,-1,1,1,1,1,-1,1,-1,1,1,1,1,-1,1,-1,1,1,1,1,-1,-1,1,1,1,-1,1,1,-1,1,1,-1,1,1,1,-1,-1,1,1,1,1,-1,1,-1,1,1,-1,1,1,-1,-1,1,1,1,1,-1,1,-1,1,-1,1,1,1,1,-1,1,1,1,1,1,1,-1,1,1,1,1,1,1,1,1,1,1,1,1,-1,1,1,1,-1,1,1,-1,1,1,1,1,1,1,1,-1,1,-1,1,1,1,1,-1,1,1,1,1,1,1,-1,1,1,-1,1,1,-1,-1,1,1,1,-1,1,1,-1,-1,1,-1,1,1,1,1,-1,1,1,-1,1,1,-1,1,1,-1,-1,-1,-1,-1,-1,1,-1,1,1,-1,-1,1,-1,1,-1,1,-1,-1,1,-1,1,1,1,-1,-1,1,1,1,-1,1,1,1,-1,1,-1,1,1,1,-1,1,1,-1,-1,-1,1,1,1,1,-1,1,-1,1,-1,1,1,1,-1,-1,1,1,-1,1,-1,1,-1,1,-1,-1,-1,1,1,-1,1,-1,-1,1,1,-1,-1,1,1,-1,1,1,-1,-1,-1,1,-1,1,-1,-1,-1,1,1,1,1,-1,1,-1,1,-1,1,1,-1,-1,-1,1,1,1,1,-1,-1,-1,1,-1,1,1,-1,-1,-1,1,-1,-1,1,1,-1,-1,1,-1,1,-1,1,-1,-1,1,-1,-1,-1,1,-1,-1,-1,1,1,-1,1,-1,-1,1,-1,-1,1,1,-1,-1,-1,1,-1,1,1,-1,-1,-1,1,-1,-1,1,1,1,-1,1,-1,1,-1,1,-1,1,-1,1,1,-1,-1,1,1,1,-1,1,-1,1,-1,1,1,1,-1,-1,-1,1,-1,1,1,1,-1,-1,-1,1,1,-1,1,-1,-1,-1,1,1,1,1,-1,-1,1,1,1,1,1,-1,-1,-1,-1,1,-1,1,-1,1,-1,-1,1,-1,1,-1,1,1,1,-1,-1,1,1,-1,-1,-1,-1,-1,1,1,-1,-1,-1,1,-1,1,-1,-1,-1,1,-1,1,1,-1,-1,-1,-1,-1,1,1,-1,1,-1,-1,1,-1,1,1,-1,-1,-1,-1,-1,1,-1,1,-1,-1,1,-1,1,1,-1,1,-1,-1,1,-1,1,-1,1,-1,1,-1,-1,1,-1,1,-1,-1,-1,-1,1,-1,1,-1,1,-1,-1,-1,1,-1,1,-1,-1,-1,-1,-1,-1,-1,1,-1,-1,1,1,-1,1,-1,-1,-1,1,-1,-1,1,-1,1,-1,1,-1,1,-1,1,-1,1,1,-1,1,-1,1,-1,1,1,-1,-1,1,-1,-1,-1,1,-1,1,-1,-1,-1,-1,1,-1,1,-1,1,-1,-1,1,-1,1,1,-1,-1,-1,1,-1,1,1,1,-1,-1,1,1,-1,1,1,-1,-1,1,-1,1,-1,1,-1,-1,-1,-1,-1,1,1,-1,-1,1,-1,-1,1,1,-1,-1,-1,-1,1,-1,1,-1,-1,-1,-1,-1,1,-1,-1,1,-1,-1,1,-1,1,-1,-1,-1,-1,-1,1,1,1,-1,-1,-1,1,1,1,-1,-1,-1,1,-1,-1,1,-1,1,-1,-1,1,1,1,-1,-1,-1,-1,1,-1,1,1,-1,1,-1,-1,1,1,-1,-1,-1,-1,-1,-1,1,1,-1,-1,1,-1,1,1,-1,-1,-1,1,-1,1,1,-1,-1,1,-1,-1,1,1,1,-1,1,-1,1,1,1,-1,-1,1,-1,-1,1,1,1,-1,1,-1,-1,1,1,-1,1,1,-1,-1,1,1,-1,1,1,-1,-1,1,1,1,1,1,-1,-1,1,1,1,1,1,1,-1,-1,1,1,-1,1,-1,-1,1,-1,1,1,1,1,-1,-1,1,-1,1,1,1,-1,1,1,1,1,-1,1,-1,1,1,1,1,1,1,-1,-1,1,1,1,1,-1,1,-1,1,1,1,1,1,-1,1,1,1,1,-1,-1,1,-1,1,1,-1,1,-1,-1,-1,1,1,1,-1,1,1,-1,1,1,1,-1,-1,1,-1,1,1,1,-1,-1,1,-1,-1,1,1,-1,1,-1,-1,-1,1,1,-1,1,-1,1,-1,1,1,1,1,1,1,-1,1,1,-1,-1,1,1,-1,-1,1,-1,1,-1,-1,1,1,-1,-1,1,1,-1,-1,1,1,-1,1,1,-1,1,1,-1,-1,-1,1,-1,-1,-1,-1,-1,1,-1,1,-1,1,-1,1,1,1,1,1,1,1,-1,1,1,-1,1,1,1,-1,1,1,1,1,1,1,-1,-1,1,-1,1,1,1,-1,1,1,-1,1,-1,-1,-1,1,1,1,1,1,-1,-1,-1,1,-1,1,-1,1,-1,1,-1,1,1,-2656.0,1,2000,445,1000,True
2459,-1,-1,1,1,1,1,-1,1,-1,-1,-1,1,-1,1,-1,-1,1,-1,1,1,1,1,-1,-1,-1,1,-1,-1,-1,-1,-1,-1,1,1,-1,1,1,-1,-1,-1,1,-1,1,-1,-1,-1,-1,-1,1,-1,1,-1,1,-1,1,-1,-1,1,-1,-1,-1,1,1,1,-1,-1,-1,-1,-1,-1,1,-1,-1,-1,-1,-1,1,1,-1,1,-1,1,1,-1,-1,-1,-1,-1,-1,1,-1,-1,1,-1,-1,-1,-1,1,-1,1,-1,-1,-1,-1,1,-1,1,-1,-1,-1,-1,1,-1,1,-1,-1,-1,-1,1,-1,1,-1,-1,-1,-1,1,-1,1,-1,-1,-1,-1,1,-1,1,-1,-1,-1,-1,1,-1,1,-1,-1,1,-1,-1,-1,-1,1,-1,-1,-1,1,1,-1,1,-1,-1,-1,1,-1,1,1,-1,1,-1,1,1,1,1,1,-1,-1,1,-1,1,-1,-1,-1,1,-1,-1,1,1,1,-1,1,1,1,1,-1,1,-1,1,1,-1,1,-1,1,-1,1,1,-1,1,-1,-1,-1,-1,1,-1,1,-1,1,-1,1,1,-1,1,-1,1,-1,-1,1,-1,-1,1,1,-1,-1,1,-1,1,1,-1,1,-1,1,-1,1,-1,1,-1,1,1,-1,1,1,1,1,-1,1,-1,1,1,1,-1,1,1,-1,1,-1,1,-1,1,-1,1,-1,1,1,-1,1,-1,-1,1,1,1,-1,1,-1,-1,-1,-1,1,1,-1,1,1,-1,-1,1,-1,-1,1,1,-1,1,1,1,-1,-1,1,-1,1,1,-1,1,-1,1,1,-1,1,-1,-1,-1,1,-1,-1,1,-1,1,-1,1,1,-1,1,1,1,-1,1,-1,-1,1,1,-1,-1,1,-1,-1,1,-1,1,-1,1,-1,-1,1,1,-1,1,1,-1,1,-1,1,-1,1,1,-1,1,1,1,1,1,1,-1,1,1,1,1,1,-1,-1,1,1,1,1,1,-1,-1,1,-1,1,1,1,-1,-1,1,-1,1,-1,1,1,-1,1,-1,1,1,1,1,-1,-1,1,1,1,-1,-1,-1,1,1,-1,-1,1,1,-1,1,-1,1,-1,1,-1,1,1,-1,1,1,1,-1,1,1,-1,1,-1,1,-1,-1,1,-1,1,1,1,1,-1,1,1,-1,1,1,-1,-1,1,-1,-1,1,-1,1,-1,-1,1,-1,1,1,-1,-1,-1,1,-1,1,-1,1,-1,1,1,-1,1,-1,-1,-1,-1,1,-1,-1,1,1,-1,-1,1,-1,1,1,-1,1,-1,1,-1,1,-1,1,-1,-1,-1,-1,-1,-1,-1,-1,-1,1,-1,1,-1,1,-1,-1,-1,1,1,-1,1,-1,-1,-1,-1,1,-1,-1,-1,-1,-1,1,-1,1,1,-1,-1,-1,-1,1,-1,-1,1,-1,-1,-1,1,-1,1,-1,-1,-1,-1,-1,-1,1,-1,1,-1,-1,1,-1,1,1,1,-1,-1,-1,1,1,-1,1,-1,-1,-1,1,1,1,-1,1,1,-1,1,1,1,1,1,1,1,-1,1,1,1,-1,-1,1,-1,-1,1,1,-1,1,-1,-1,1,1,1,-1,1,1,-1,1,1,1,-1,1,1,-1,-1,1,1,-1,-1,-1,-1,1,1,1,-1,-1,-1,-1,1,1,1,-1,1,1,1,-1,1,1,-1,1,1,-1,1,1,1,-1,-1,1,-1,-1,1,1,1,1,1,1,1,1,-1,1,1,1,-1,1,1,1,1,1,1,-1,1,-1,-1,1,1,1,-1,-1,-1,1,-1,1,-1,1,-1,-1,-1,1,1,1,-1,1,-1,-1,1,1,1,1,1,-1,-1,1,1,1,1,1,-1,-1,1,-1,1,-1,1,-1,-1,1,1,1,1,1,-1,-1,1,-1,1,1,1,-1,-1,1,1,-1,1,1,-1,-1,1,1,1,1,1,-1,1,-1,1,-1,1,1,1,1,-1,1,-1,1,1,-1,1,1,-1,1,-1,1,1,-1,1,-1,1,-1,1,-1,1,-1,-1,1,-1,1,1,-1,1,-1,1,1,1,1,-1,1,-1,1,1,1,1,1,1,-1,1,-1,1,1,-1,-1,-1,1,1,1,1,1,1,-1,1,1,1,1,1,-1,1,-1,1,1,1,-1,-1,-1,-1,1,1,1,1,-1,1,-1,1,1,1,-1,-1,-1,-1,1,1,1,-1,-1,-1,1,-1,1,1,-1,-1,1,-1,1,1,-1,-1,-1,1,-1,1,1,1,-1,-1,1,1,1,1,1,1,-1,1,-1,1,1,1,-1,-1,-1,1,1,1,-1,-1,-1,1,-1,1,1,1,-1,-1,-1,1,1,1,1,-1,-1,-1,-1,1,-1,1,-1,1,-1,1,1,1,1,1,-1,-1,1,1,1,1,-1,1,-1,1,1,-1,1,-1,-1,1,1,1,1,-1,1,-1,-1,1,-1,1,1,1,-1,-1,1,1,1,-1,1,1,-1,1,1,1,1,1,1,-1,1,1,1,1,1,1,-1,1,1,-1,1,1,-1,-1,1,1,-1,1,1,1,-1,1,-1,1,1,1,1,-1,-1,1,-1,1,1,1,-1,1,1,-1,1,1,1,-1,1,1,-1,1,1,1,-1,-1,1,1,1,1,-1,1,-1,1,1,1,1,-1,1,-1,1,1,1,-1,-1,1,-1,1,1,-1,1,-1,-1,-1,1,-1,1,-1,1,-1,-1,1,-1,1,-1,-1,-1,-1,1,-1,1,-1,-1,-1,-1,-1,1,1,-1,1,-1,-1,-1,-1,1,-1,-1,1,-1,1,-1,1,1,1,1,-1,-1,1,-1,-1,-1,1,1,1,1,-1,-1,1,-1,-1,1,1,-1,-1,1,-1,-1,-1,-1,1,-1,1,1,1,1,-1,1,-1,-1,-1,-1,-1,-1,-1,-1,1,-1,1,1,1,-1,1,1,-1,1,1,-1,-1,-1,1,-1,1,1,1,1,-1,1,-1,1,1,1,-1,-1,1,-1,1,1,1,-1,-1,1,-1,1,1,-1,-1,-1,1,-1,-1,1,1,-1,-1,-1,1,-1,1,-1,1,-1,1,-1,-1,1,-2656.0,1,2000,445,1500,True
2460,-1,-1,1,1,1,1,-1,1,-1,-1,-1,1,-1,1,-1,-1,1,-1,1,-1,-1,1,-1,-1,-1,1,-1,-1,-1,-1,-1,-1,1,-1,-1,1,1,-1,-1,1,-1,-1,1,-1,-1,-1,-1,-1,1,-1,-1,-1,1,1,-1,-1,-1,1,-1,-1,1,-1,-1,1,-1,-1,-1,-1,-1,-1,1,-1,-1,-1,1,-1,-1,1,-1,-1,-1,-1,-1,-1,-1,-1,-1,1,-1,-1,-1,-1,-1,-1,1,-1,-1,1,-1,1,-1,1,-1,-1,1,-1,-1,-1,1,-1,-1,1,-1,-1,-1,1,-1,-1,1,-1,-1,-1,1,1,-1,-1,-1,-1,-1,1,1,-1,1,-1,-1,1,1,1,-1,-1,-1,-1,1,1,1,-1,1,-1,-1,-1,1,1,-1,-1,1,-1,-1,1,1,-1,1,-1,-1,-1,1,1,-1,1,1,-1,1,1,-1,-1,1,-1,-1,-1,1,-1,1,-1,1,-1,1,1,-1,1,1,-1,-1,1,1,1,1,1,1,-1,1,1,-1,1,1,1,-1,1,1,1,-1,1,1,-1,1,1,-1,1,1,1,1,1,1,1,1,1,1,1,-1,1,-1,-1,1,1,-1,1,1,1,-1,1,1,1,1,1,-1,1,1,1,1,1,1,-1,-1,1,1,1,1,1,-1,1,1,1,1,1,-1,-1,1,-1,1,-1,1,1,-1,1,-1,1,1,1,1,-1,1,-1,1,-1,1,1,-1,-1,1,1,1,1,1,1,-1,1,1,1,1,1,1,-1,-1,1,-1,1,1,-1,1,-1,1,1,-1,1,1,-1,-1,1,-1,-1,1,-1,1,-1,-1,1,-1,1,1,1,-1,1,-1,-1,1,1,-1,-1,-1,-1,1,1,1,1,-1,1,-1,1,1,1,-1,1,-1,-1,1,-1,1,-1,-1,-1,-1,1,1,1,1,1,1,-1,1,1,1,1,1,-1,-1,1,1,1,1,1,-1,-1,1,1,1,1,1,-1,-1,-1,-1,1,-1,1,1,-1,1,1,1,1,1,1,-1,-1,-1,1,1,-1,-1,-1,1,-1,-1,-1,1,1,-1,1,-1,1,-1,1,-1,1,-1,1,1,1,1,-1,1,-1,1,1,-1,1,-1,-1,-1,-1,1,1,1,1,-1,-1,1,-1,1,1,-1,-1,1,-1,-1,1,-1,1,-1,1,-1,1,1,1,-1,-1,1,1,-1,1,-1,1,-1,-1,1,-1,1,1,-1,-1,-1,1,-1,-1,1,1,-1,-1,-1,-1,1,1,-1,1,-1,1,-1,1,1,1,-1,-1,1,-1,1,1,-1,-1,1,1,-1,1,-1,1,-1,1,-1,1,1,-1,1,-1,1,-1,-1,1,-1,-1,-1,1,-1,-1,1,-1,1,-1,1,-1,-1,1,-1,-1,1,-1,1,-1,-1,1,1,-1,1,1,-1,-1,1,1,-1,1,-1,-1,-1,1,1,1,1,1,-1,-1,1,1,-1,1,1,1,-1,1,1,1,-1,1,1,-1,1,1,1,1,1,-1,1,-1,1,1,-1,1,-1,1,-1,-1,1,-1,-1,1,-1,-1,1,-1,-1,1,1,1,-1,1,1,-1,1,1,1,-1,-1,1,-1,-1,1,-1,-1,1,1,-1,-1,-1,-1,-1,1,1,-1,1,1,1,1,-1,1,-1,-1,1,1,-1,1,1,-1,-1,-1,1,-1,-1,1,1,-1,1,1,1,1,1,-1,1,1,1,-1,1,1,1,-1,1,1,-1,1,1,-1,1,1,1,-1,1,1,-1,-1,1,-1,1,1,1,-1,1,1,1,-1,1,1,-1,1,1,1,1,1,1,1,1,1,1,1,1,1,-1,1,-1,1,-1,1,1,1,1,1,1,1,1,1,-1,1,-1,1,1,1,1,1,-1,1,-1,1,1,1,1,1,1,1,1,1,1,-1,-1,1,1,-1,1,-1,-1,-1,1,1,-1,1,1,-1,1,-1,1,1,1,-1,-1,1,-1,1,-1,1,1,-1,-1,1,-1,-1,1,-1,-1,1,-1,1,1,1,1,-1,-1,-1,1,-1,1,1,-1,1,-1,1,-1,1,1,-1,-1,-1,1,-1,1,1,-1,-1,1,-1,-1,1,1,-1,-1,-1,1,-1,1,1,-1,-1,-1,1,-1,1,-1,1,-1,-1,1,-1,1,1,-1,1,1,1,-1,1,-1,-1,-1,1,-1,-1,1,-1,-1,-1,1,-1,1,1,-1,-1,-1,-1,-1,-1,1,-1,-1,-1,1,1,-1,1,-1,1,-1,1,-1,-1,1,-1,-1,-1,1,-1,1,1,-1,-1,-1,1,-1,1,1,-1,1,-1,-1,1,1,1,-1,-1,-1,-1,-1,1,-1,-1,-1,1,-1,1,1,-1,-1,-1,1,-1,1,1,1,-1,1,1,-1,1,1,1,-1,1,-1,1,1,1,-1,-1,1,-1,-1,1,1,1,-1,1,-1,-1,1,1,1,1,1,-1,-1,1,1,-1,1,1,-1,-1,1,1,1,1,1,-1,-1,1,1,1,1,1,1,-1,1,1,-1,1,1,-1,-1,1,-1,1,1,1,1,-1,-1,1,-1,1,1,1,-1,1,1,1,1,-1,1,-1,1,1,1,1,1,1,-1,-1,1,1,1,1,-1,1,-1,1,1,1,1,-1,1,-1,1,1,1,-1,-1,1,-1,1,1,-1,1,-1,-1,-1,1,1,1,-1,1,-1,-1,1,1,1,-1,-1,-1,-1,1,1,1,-1,-1,-1,-1,-1,1,1,-1,1,-1,-1,1,1,1,-1,1,-1,1,-1,1,1,1,1,1,-1,-1,1,1,-1,-1,1,1,-1,1,1,-1,1,-1,-1,1,1,-1,-1,1,-1,-1,-1,1,1,-1,1,1,-1,1,1,-1,-1,-1,-1,1,-1,-1,-1,-1,1,-1,-1,1,1,-1,1,1,-1,1,1,1,1,-1,1,-1,1,1,1,1,-1,1,-1,-1,-1,1,1,-1,1,-1,1,1,1,1,-1,1,-1,1,1,1,-1,-1,1,-1,-1,1,1,-1,-1,-1,1,-1,1,1,1,-1,1,-1,-1,1,-2656.0,1,2000,445,1500,True
2461,1,1,-1,-1,1,1,-1,1,1,1,1,-1,-1,1,1,1,-1,1,-1,-1,-1,1,1,1,1,1,-1,-1,1,1,1,1,-1,-1,-1,1,-1,1,1,1,-1,-1,1,1,1,1,1,1,-1,-1,1,1,1,1,-1,-1,-1,-1,1,1,1,-1,-1,-1,1,1,1,1,1,-1,1,-1,1,1,1,1,-1,1,-1,1,1,-1,1,-1,-1,1,1,1,1,-1,1,1,-1,1,1,1,1,-1,-1,1,1,1,1,1,1,-1,-1,1,1,1,1,-1,-1,-1,1,1,1,1,1,-1,-1,1,1,1,1,-1,-1,-1,1,1,1,1,1,-1,-1,1,1,1,1,1,-1,-1,1,1,1,1,1,-1,-1,-1,1,1,1,1,1,-1,-1,1,1,1,1,1,-1,-1,1,1,-1,1,1,-1,1,1,1,1,1,-1,-1,1,1,1,1,-1,1,-1,1,1,1,1,1,-1,-1,-1,1,1,1,1,1,-1,-1,1,-1,-1,1,1,-1,-1,1,1,1,1,1,-1,1,1,1,-1,1,1,-1,1,1,-1,1,1,1,1,-1,1,-1,1,1,1,-1,-1,1,-1,1,1,1,-1,-1,1,-1,-1,1,1,1,-1,1,-1,1,1,1,-1,1,1,-1,1,1,1,-1,-1,1,1,1,-1,1,1,1,1,1,1,-1,1,1,1,1,1,1,-1,1,1,1,1,1,1,1,1,1,1,1,1,1,1,1,-1,-1,1,1,1,-1,1,1,1,1,1,1,-1,1,1,1,-1,1,1,1,1,1,1,1,-1,1,-1,1,-1,1,1,1,1,-1,1,1,1,1,1,-1,1,1,1,1,1,1,-1,1,1,1,1,1,1,-1,1,1,1,-1,1,1,1,-1,1,1,1,1,1,-1,1,-1,1,1,1,1,-1,1,1,1,1,1,1,-1,1,1,1,-1,1,1,1,1,1,1,1,-1,1,-1,1,-1,1,-1,1,1,1,-1,-1,1,1,-1,1,-1,1,1,-1,-1,-1,-1,-1,1,1,1,-1,1,1,-1,1,1,-1,-1,1,1,-1,1,1,-1,1,1,1,1,1,1,-1,-1,-1,1,-1,-1,-1,-1,-1,1,-1,-1,1,1,1,-1,1,-1,1,-1,1,-1,1,-1,1,-1,1,1,-1,1,1,-1,1,-1,-1,1,-1,1,-1,-1,-1,-1,-1,-1,1,-1,-1,1,-1,1,-1,1,-1,1,-1,1,1,-1,1,-1,-1,1,-1,1,-1,1,1,-1,-1,1,1,1,1,-1,-1,1,1,-1,1,-1,1,-1,1,1,-1,1,-1,-1,-1,-1,1,-1,1,-1,1,-1,1,-1,1,1,-1,-1,1,-1,1,1,-1,1,-1,1,-1,-1,-1,1,1,-1,-1,-1,1,-1,1,-1,-1,1,-1,-1,1,1,1,-1,-1,-1,-1,1,1,1,1,-1,1,-1,-1,1,1,1,-1,1,-1,1,-1,-1,-1,1,-1,1,1,-1,-1,1,1,1,1,-1,-1,1,-1,1,1,1,-1,-1,-1,-1,-1,1,1,1,-1,-1,-1,1,1,-1,1,-1,-1,-1,1,1,-1,1,-1,-1,1,1,1,-1,1,-1,-1,-1,-1,1,1,1,-1,1,-1,-1,1,-1,1,-1,-1,1,1,-1,-1,1,1,-1,-1,-1,-1,-1,1,1,-1,-1,1,-1,-1,1,1,-1,-1,1,-1,1,1,-1,-1,-1,-1,-1,1,1,-1,1,-1,-1,1,1,1,1,-1,1,-1,-1,-1,1,-1,1,1,-1,1,-1,1,1,-1,-1,1,1,1,1,1,-1,1,1,-1,-1,1,1,-1,-1,1,-1,-1,1,1,-1,-1,1,1,-1,1,1,1,-1,1,1,-1,1,1,-1,-1,1,1,-1,1,1,-1,-1,1,-1,-1,-1,-1,1,-1,1,-1,-1,1,-1,-1,1,-1,1,-1,1,1,-1,1,1,1,-1,1,-1,-1,1,-1,-1,-1,1,1,-1,1,1,-1,-1,-1,1,-1,1,1,-1,-1,-1,1,-1,1,-1,1,-1,-1,-1,1,1,-1,-1,-1,-1,1,-1,-1,-1,-1,-1,-1,-1,-1,1,-1,-1,-1,-1,1,1,-1,1,-1,-1,-1,1,-1,-1,1,-1,-1,-1,-1,-1,1,1,-1,-1,-1,-1,-1,1,-1,-1,-1,1,-1,-1,1,-1,1,-1,-1,-1,-1,-1,-1,-1,1,-1,-1,-1,1,1,1,-1,-1,-1,1,-1,-1,-1,1,-1,-1,-1,1,1,1,-1,-1,1,-1,1,1,1,-1,-1,1,-1,-1,-1,1,-1,-1,-1,-1,-1,-1,1,1,-1,-1,1,-1,1,1,-1,-1,-1,-1,-1,1,1,-1,-1,-1,1,-1,1,1,1,-1,-1,-1,1,1,1,-1,-1,1,-1,-1,1,1,-1,-1,-1,-1,-1,1,1,-1,1,-1,-1,-1,1,1,-1,-1,1,-1,-1,1,1,-1,-1,1,-1,-1,1,1,1,-1,-1,-1,-1,1,1,-1,-1,1,-1,-1,1,-1,1,-1,1,-1,-1,-1,1,1,-1,-1,1,-1,1,1,1,-1,1,-1,1,1,1,1,-1,-1,-1,1,-1,1,-1,-1,-1,-1,1,-1,1,-1,-1,-1,-1,1,1,1,-1,-1,-1,1,-1,1,1,-1,1,-1,1,1,1,-1,1,-1,1,-1,1,1,1,1,-1,1,-1,1,-1,1,1,-1,-1,1,-1,1,1,1,-1,1,-1,1,1,-1,1,-1,1,-1,1,1,-1,1,-1,1,-1,1,-1,1,1,-1,-1,-1,-1,-1,1,1,1,-1,1,1,1,1,1,-1,-1,1,1,1,1,1,-1,-1,1,-1,1,1,1,-1,-1,-1,-1,-1,-1,-1,-1,-1,1,-1,1,1,1,-1,1,1,-1,-1,1,1,1,-1,1,-1,1,1,1,-1,-1,1,-1,1,1,1,-1,-1,1,-1,1,1,1,-1,-1,1,-1,1,-1,1,1,-1,1,-1,-1,1,1,1,-1,-1,-1,1,1,-1,1,-1,1,-1,-1,1,-2656.0,1,2000,445,1000,True
2462,1,1,-1,-1,1,1,-1,1,1,1,1,-1,-1,-1,1,1,-1,1,-1,-1,1,1,1,1,1,1,-1,-1,1,1,1,1,-1,-1,-1,1,-1,1,1,1,-1,-1,1,1,1,1,1,1,-1,-1,1,1,-1,1,-1,1,1,-1,1,1,1,-1,-1,-1,1,1,1,1,1,-1,1,-1,1,1,1,1,1,-1,1,1,1,1,1,-1,-1,1,1,1,1,-1,-1,1,-1,1,1,1,1,1,-1,-1,1,1,1,1,1,-1,-1,1,1,1,1,-1,-1,-1,1,1,1,1,1,-1,-1,1,1,1,1,-1,-1,-1,1,1,1,1,1,-1,-1,1,1,1,1,1,-1,-1,-1,1,1,1,-1,-1,-1,-1,1,1,1,1,1,-1,-1,1,1,1,1,1,-1,-1,1,1,-1,1,1,-1,1,1,1,1,1,-1,-1,1,1,1,1,-1,1,-1,1,1,1,1,1,-1,-1,-1,1,1,1,1,1,-1,-1,1,1,-1,1,1,-1,-1,1,1,1,1,1,-1,1,1,1,-1,1,1,-1,1,1,-1,1,1,1,1,-1,1,-1,1,1,1,-1,-1,1,-1,1,1,1,-1,-1,1,-1,-1,1,1,1,-1,1,-1,1,1,1,-1,1,1,-1,1,1,1,-1,-1,1,1,1,-1,1,1,1,1,1,1,-1,1,1,1,1,1,1,-1,1,1,1,1,1,1,1,1,1,1,1,1,1,1,1,-1,-1,1,1,1,-1,1,1,1,1,1,1,-1,1,1,1,-1,1,1,1,1,1,1,1,-1,1,-1,1,-1,1,1,1,1,-1,1,1,1,1,1,1,1,1,1,1,1,1,-1,-1,1,1,1,1,1,-1,1,1,1,-1,1,1,1,-1,1,1,-1,1,1,-1,1,1,-1,1,1,1,1,1,1,1,1,1,1,-1,1,1,1,-1,1,1,-1,1,1,1,1,-1,1,-1,1,-1,1,-1,1,1,1,1,-1,1,1,-1,1,1,1,1,1,-1,-1,-1,-1,1,-1,1,-1,1,1,-1,1,1,-1,1,-1,1,1,1,1,-1,-1,1,1,-1,1,1,1,1,-1,1,1,1,-1,1,-1,1,-1,1,1,1,1,-1,-1,-1,1,-1,1,1,-1,1,-1,-1,1,1,1,1,-1,-1,1,-1,-1,1,-1,1,-1,1,-1,-1,-1,1,1,-1,-1,1,-1,1,1,-1,-1,1,1,-1,1,1,-1,-1,1,-1,-1,1,-1,-1,-1,1,-1,1,1,-1,1,-1,1,-1,1,1,-1,-1,1,1,-1,1,1,-1,-1,-1,1,-1,1,1,-1,-1,1,-1,1,-1,1,1,-1,-1,1,-1,1,-1,1,-1,-1,1,-1,-1,-1,1,-1,-1,1,-1,1,-1,1,-1,-1,1,-1,-1,1,1,-1,-1,-1,1,-1,1,1,-1,1,-1,1,-1,-1,1,1,1,-1,1,-1,1,-1,1,1,1,-1,1,1,-1,-1,1,1,1,-1,1,-1,1,-1,1,1,1,-1,-1,-1,1,-1,1,-1,1,-1,-1,-1,1,1,-1,1,-1,-1,-1,1,1,-1,1,-1,-1,1,1,1,-1,1,-1,-1,-1,-1,1,1,1,-1,1,-1,-1,1,-1,1,-1,-1,1,1,-1,-1,1,1,-1,-1,-1,-1,-1,1,1,-1,-1,-1,1,-1,-1,1,-1,-1,1,-1,1,1,-1,-1,-1,-1,-1,1,1,-1,1,-1,-1,1,1,1,1,-1,-1,-1,-1,-1,1,-1,1,-1,-1,1,-1,1,1,-1,1,-1,-1,1,1,1,-1,1,-1,1,-1,1,1,-1,1,-1,-1,-1,1,1,-1,1,-1,1,-1,1,1,-1,-1,1,-1,-1,1,1,-1,-1,-1,1,-1,1,1,-1,-1,1,-1,-1,1,-1,1,-1,1,-1,-1,1,-1,-1,1,-1,1,-1,1,1,-1,1,-1,1,-1,1,-1,1,-1,1,-1,-1,1,1,-1,1,-1,-1,-1,-1,1,-1,1,-1,1,-1,-1,1,-1,1,1,-1,-1,-1,-1,1,1,1,1,-1,-1,1,-1,-1,1,1,-1,-1,-1,-1,1,-1,1,-1,-1,1,1,-1,1,1,-1,-1,1,-1,-1,1,1,-1,-1,-1,-1,1,-1,1,-1,-1,-1,-1,-1,1,-1,-1,1,-1,-1,1,-1,1,-1,-1,-1,-1,-1,1,1,1,-1,-1,-1,1,1,1,-1,-1,-1,1,-1,-1,1,-1,-1,-1,-1,1,1,1,-1,-1,1,-1,1,-1,1,1,-1,1,-1,-1,1,1,-1,-1,-1,-1,-1,-1,1,1,-1,-1,1,-1,1,1,-1,-1,-1,-1,-1,1,1,-1,-1,-1,1,-1,1,1,1,-1,-1,-1,1,1,1,-1,-1,1,-1,-1,1,1,-1,-1,-1,-1,-1,1,1,-1,1,-1,-1,-1,1,1,-1,-1,1,-1,-1,1,1,-1,-1,1,-1,-1,1,1,1,-1,-1,-1,-1,1,1,-1,-1,1,-1,-1,1,-1,1,-1,-1,-1,-1,-1,1,1,-1,-1,1,-1,1,1,1,-1,1,-1,-1,1,1,1,-1,-1,-1,-1,-1,-1,-1,-1,-1,-1,1,-1,1,-1,-1,-1,-1,1,-1,1,1,-1,-1,-1,1,-1,1,-1,1,-1,1,-1,-1,1,1,-1,1,-1,1,-1,1,1,-1,1,-1,1,-1,1,1,-1,-1,1,-1,-1,-1,1,-1,1,-1,1,-1,-1,1,-1,1,-1,1,-1,1,1,-1,1,-1,1,-1,-1,1,-1,-1,-1,-1,1,1,1,-1,-1,1,1,-1,1,-1,-1,-1,1,-1,-1,-1,1,1,-1,1,1,1,1,1,1,-1,-1,-1,1,-1,-1,-1,-1,1,-1,1,1,1,-1,1,1,-1,1,1,-1,-1,-1,1,-1,1,1,1,-1,-1,1,-1,1,1,1,-1,-1,1,-1,1,1,-1,-1,-1,1,-1,1,1,1,1,-1,1,-1,-1,1,1,-1,-1,-1,1,-1,1,-1,1,-1,1,-1,-1,1,-2656.0,1,2000,445,1000,True
2463,-1,-1,-1,-1,1,1,-1,1,-1,1,1,-1,-1,1,-1,-1,-1,1,-1,-1,1,1,-1,1,1,-1,1,-1,-1,-1,1,1,1,1,-1,1,1,-1,1,1,-1,-1,1,-1,1,1,1,-1,1,-1,-1,1,-1,1,-1,-1,-1,1,1,1,-1,-1,1,1,-1,-1,1,1,-1,-1,1,-1,1,1,1,-1,1,1,-1,1,1,-1,-1,1,-1,1,1,1,-1,-1,-1,-1,1,1,1,-1,1,1,-1,1,1,1,-1,-1,1,-1,1,1,1,-1,-1,1,-1,1,1,1,-1,-1,1,-1,-1,1,1,1,-1,1,-1,-1,1,1,1,-1,1,-1,1,1,1,1,-1,1,-1,-1,1,1,1,-1,-1,-1,-1,1,1,1,-1,1,1,-1,1,1,1,-1,1,-1,-1,1,-1,1,-1,1,-1,1,1,1,-1,-1,1,-1,1,1,1,-1,1,-1,1,-1,-1,1,-1,1,1,-1,1,1,1,1,1,1,1,-1,-1,1,-1,1,1,1,-1,-1,1,1,-1,1,1,1,-1,1,-1,1,1,1,-1,-1,1,1,1,1,1,1,-1,1,-1,-1,1,1,1,-1,-1,1,-1,1,1,-1,-1,1,-1,1,1,1,1,-1,1,1,-1,1,1,-1,1,1,-1,1,-1,1,-1,-1,1,-1,1,1,1,-1,1,1,-1,1,-1,1,-1,1,1,-1,1,-1,1,-1,-1,1,-1,-1,1,1,-1,-1,1,1,-1,1,1,-1,1,1,1,1,-1,1,-1,1,1,-1,1,-1,1,1,-1,1,1,1,1,1,-1,-1,1,-1,-1,-1,-1,1,-1,1,1,1,-1,1,-1,-1,1,1,1,1,1,-1,-1,1,1,-1,1,1,-1,-1,1,1,-1,1,1,-1,1,-1,1,1,-1,1,-1,1,1,1,-1,1,1,-1,1,1,1,-1,1,-1,-1,1,1,1,-1,1,-1,-1,1,-1,1,-1,1,-1,-1,1,-1,1,-1,1,1,-1,1,-1,1,1,-1,1,-1,-1,1,1,-1,1,-1,-1,1,1,-1,-1,1,1,-1,1,-1,1,-1,1,-1,1,1,-1,1,1,1,-1,-1,1,-1,1,-1,1,-1,-1,1,-1,1,1,1,1,-1,1,1,1,1,-1,-1,-1,1,-1,-1,1,-1,1,-1,-1,1,-1,1,-1,-1,-1,1,1,-1,1,-1,1,-1,-1,1,-1,1,1,-1,-1,-1,1,-1,-1,1,1,-1,-1,1,-1,1,1,-1,1,-1,1,-1,-1,1,1,-1,-1,-1,-1,1,1,-1,1,-1,1,-1,1,-1,1,-1,-1,-1,-1,1,-1,1,-1,-1,-1,-1,1,-1,-1,1,-1,-1,-1,1,-1,1,1,-1,-1,-1,1,-1,-1,1,-1,-1,-1,1,1,1,-1,-1,-1,-1,-1,1,1,-1,1,-1,-1,1,1,1,1,1,-1,-1,-1,1,1,-1,1,-1,-1,-1,1,1,1,-1,1,1,-1,1,1,1,1,1,-1,1,-1,1,1,-1,1,-1,1,-1,-1,1,-1,-1,1,-1,-1,1,-1,-1,-1,1,1,-1,1,1,-1,-1,1,1,-1,-1,1,-1,-1,-1,-1,-1,1,1,-1,-1,-1,-1,-1,1,1,-1,-1,1,1,1,-1,1,-1,-1,1,1,-1,1,1,-1,-1,-1,1,-1,-1,1,1,-1,1,1,1,1,1,1,-1,1,1,-1,1,1,-1,1,1,1,-1,1,1,-1,1,1,1,-1,1,1,-1,-1,1,-1,1,-1,1,1,1,1,-1,-1,1,1,1,1,1,-1,1,1,1,-1,1,1,1,1,-1,1,1,1,-1,1,-1,1,-1,1,1,1,1,1,1,-1,1,1,-1,1,-1,1,-1,-1,1,1,-1,1,1,-1,-1,1,1,1,1,1,-1,1,-1,1,1,-1,1,-1,1,-1,1,1,1,1,-1,1,1,-1,1,-1,-1,1,1,1,-1,1,-1,-1,1,1,-1,-1,1,-1,-1,-1,1,1,-1,1,1,-1,-1,1,1,-1,1,1,1,-1,1,1,-1,1,-1,1,-1,1,-1,-1,1,1,-1,-1,1,1,-1,1,1,-1,-1,1,-1,1,-1,1,-1,-1,-1,-1,-1,-1,1,-1,-1,1,-1,1,-1,1,-1,-1,-1,-1,-1,-1,1,-1,-1,-1,-1,-1,1,-1,-1,1,-1,-1,1,-1,1,-1,-1,-1,-1,1,-1,1,1,-1,-1,-1,1,1,1,-1,-1,1,-1,1,-1,1,-1,1,-1,-1,1,1,1,-1,-1,-1,-1,1,-1,1,1,-1,1,-1,-1,1,1,-1,-1,-1,-1,-1,-1,1,1,-1,-1,1,-1,1,1,-1,-1,-1,1,-1,1,1,-1,-1,1,-1,-1,1,1,1,-1,1,-1,1,1,1,-1,-1,1,-1,-1,1,1,1,-1,1,-1,-1,1,1,-1,1,1,-1,-1,1,1,1,1,1,-1,-1,1,1,1,1,1,-1,-1,1,1,1,1,1,1,-1,-1,1,1,1,1,-1,-1,1,-1,1,1,1,1,-1,-1,1,-1,1,1,1,-1,1,1,1,1,-1,1,-1,1,1,1,1,1,1,1,-1,1,1,1,1,-1,1,-1,1,1,1,1,1,-1,1,1,1,1,-1,1,1,-1,1,1,-1,1,1,-1,-1,1,1,1,1,-1,1,-1,1,1,1,-1,-1,1,-1,1,-1,1,-1,1,-1,-1,-1,1,1,-1,-1,1,-1,-1,1,-1,1,-1,1,-1,-1,-1,1,1,1,-1,-1,-1,1,1,-1,-1,-1,1,-1,1,-1,-1,1,1,-1,1,1,-1,-1,1,1,-1,-1,-1,1,-1,1,1,-1,1,-1,1,-1,-1,-1,1,-1,-1,-1,-1,-1,1,-1,1,1,-1,1,1,-1,1,1,-1,-1,-1,1,-1,1,1,1,1,-1,1,-1,-1,-1,1,-1,1,1,-1,1,1,1,1,-1,1,-1,1,1,-1,-1,-1,1,-1,-1,1,1,-1,-1,1,1,-1,1,-1,1,-1,1,-1,1,1,-2656.0,1,2000,445,1500,True
2464,-1,-1,1,1,1,1,-1,1,-1,-1,-1,1,-1,1,-1,-1,1,-1,1,1,1,1,-1,-1,-1,1,-1,-1,-1,-1,-1,-1,1,1,-1,1,1,-1,-1,-1,1,-1,1,-1,-1,-1,-1,-1,1,-1,1,-1,1,-1,1,-1,-1,1,-1,-1,-1,1,1,1,-1,-1,-1,-1,-1,-1,1,-1,-1,-1,-1,-1,1,1,-1,-1,-1,1,1,-1,-1,-1,-1,-1,-1,1,-1,-1,-1,-1,-1,-1,-1,1,-1,1,-1,-1,-1,-1,1,-1,-1,-1,-1,-1,-1,1,-1,1,-1,-1,-1,-1,1,-1,-1,-1,-1,-1,-1,1,-1,-1,1,-1,-1,-1,1,-1,-1,-1,-1,-1,-1,1,-1,-1,-1,-1,-1,-1,-1,-1,-1,-1,-1,-1,-1,1,1,-1,1,-1,-1,-1,1,1,-1,-1,-1,-1,1,1,1,-1,-1,-1,-1,-1,1,-1,-1,-1,-1,-1,1,-1,1,-1,-1,-1,-1,1,1,-1,-1,1,-1,-1,1,1,-1,1,-1,-1,-1,1,1,1,-1,1,-1,-1,-1,1,1,-1,1,-1,-1,1,1,1,1,1,-1,1,1,1,1,1,-1,-1,-1,-1,1,1,-1,1,-1,1,-1,1,1,1,1,-1,1,1,1,1,1,1,-1,-1,1,1,1,1,-1,-1,1,1,-1,1,1,1,-1,1,1,1,1,-1,-1,-1,1,1,-1,1,-1,1,-1,1,1,-1,1,-1,1,-1,1,-1,1,1,1,-1,-1,1,1,1,1,1,1,-1,-1,1,-1,1,-1,-1,-1,1,1,-1,1,1,1,-1,-1,1,1,1,-1,-1,-1,1,1,-1,-1,1,-1,-1,1,1,-1,1,-1,-1,-1,1,1,1,1,-1,-1,-1,1,-1,1,1,-1,-1,1,-1,-1,1,1,-1,1,1,1,1,-1,1,-1,1,1,1,-1,1,1,-1,-1,1,1,-1,1,-1,-1,-1,1,1,-1,1,-1,-1,1,-1,1,-1,1,-1,-1,1,1,1,-1,1,1,-1,1,-1,1,1,-1,1,-1,-1,1,1,-1,1,-1,-1,1,1,1,-1,1,1,-1,1,-1,1,-1,1,-1,1,1,-1,1,1,1,-1,1,1,-1,1,-1,1,-1,-1,1,-1,1,1,-1,1,-1,1,1,-1,1,-1,-1,-1,1,1,-1,1,-1,1,-1,-1,1,-1,1,-1,-1,-1,-1,1,-1,1,-1,1,-1,-1,1,-1,1,-1,-1,-1,-1,1,-1,-1,1,1,-1,-1,1,-1,1,1,-1,1,-1,1,-1,1,-1,1,-1,-1,-1,1,-1,-1,-1,-1,-1,1,-1,1,-1,1,-1,-1,-1,1,1,-1,1,-1,-1,-1,-1,1,-1,-1,-1,-1,-1,1,-1,1,1,-1,-1,1,-1,1,-1,-1,1,-1,-1,-1,1,-1,1,-1,1,-1,-1,-1,-1,1,-1,-1,-1,-1,1,-1,1,1,1,-1,-1,-1,1,1,-1,1,-1,1,-1,1,1,1,-1,1,1,-1,1,1,1,1,1,1,1,-1,1,1,-1,1,-1,1,1,-1,1,-1,-1,1,-1,-1,1,-1,-1,-1,1,1,-1,1,1,-1,-1,1,1,-1,-1,1,-1,-1,-1,-1,-1,1,1,-1,-1,-1,-1,-1,1,1,-1,-1,1,1,1,-1,1,-1,-1,1,1,-1,1,1,-1,-1,-1,1,-1,-1,1,1,-1,1,1,1,1,1,-1,1,1,1,-1,1,1,1,-1,1,1,-1,1,1,-1,1,1,1,-1,1,1,-1,-1,1,-1,1,-1,1,-1,1,1,1,-1,1,1,-1,1,1,1,1,1,1,1,1,1,1,1,1,1,-1,1,-1,1,-1,1,1,1,1,1,1,1,1,1,-1,1,-1,1,1,1,1,1,-1,1,-1,1,1,1,1,1,1,1,1,1,1,-1,1,1,-1,1,1,-1,-1,1,1,1,1,1,1,-1,1,-1,1,1,1,1,1,1,-1,1,-1,1,1,-1,1,-1,1,-1,1,1,-1,1,-1,1,1,1,1,-1,1,-1,1,1,1,1,-1,1,-1,1,-1,1,1,1,1,1,1,1,1,1,-1,1,-1,1,1,1,1,1,1,-1,1,1,1,1,-1,-1,1,-1,1,1,1,-1,1,1,-1,1,1,1,1,1,-1,-1,1,1,1,1,1,-1,1,-1,1,-1,1,1,-1,-1,1,1,1,1,1,1,-1,1,-1,1,1,1,-1,1,1,1,1,1,1,1,-1,1,1,1,1,1,-1,1,1,1,1,1,1,-1,1,-1,1,1,1,1,1,-1,1,1,1,1,1,-1,-1,1,-1,1,1,1,-1,1,1,1,1,1,-1,-1,1,1,1,1,1,1,-1,1,1,-1,1,1,-1,1,1,1,1,1,1,-1,-1,1,1,1,1,-1,1,-1,1,1,1,1,-1,-1,-1,1,1,1,1,-1,1,-1,1,1,1,1,1,-1,-1,1,1,-1,1,1,-1,-1,1,1,-1,1,-1,-1,-1,1,-1,1,1,1,-1,-1,-1,1,-1,1,1,-1,-1,1,1,-1,1,1,-1,1,1,1,-1,1,1,-1,1,-1,1,1,1,1,-1,1,-1,1,1,1,-1,1,-1,1,1,1,1,-1,-1,1,-1,1,1,-1,1,1,-1,-1,1,-1,1,1,-1,1,-1,1,-1,1,-1,-1,1,-1,1,-1,1,-1,1,-1,-1,-1,1,1,-1,-1,1,-1,-1,-1,1,-1,-1,1,-1,1,-1,1,1,-1,1,-1,-1,1,1,-1,-1,-1,1,1,1,-1,-1,1,1,-1,1,1,-1,-1,1,1,-1,-1,-1,1,-1,1,1,1,1,-1,1,-1,-1,-1,-1,-1,-1,-1,-1,-1,1,1,1,1,-1,1,1,-1,1,1,-1,-1,-1,1,-1,1,1,1,1,-1,1,-1,1,1,1,-1,1,1,-1,1,1,1,1,-1,1,-1,1,1,-1,-1,-1,1,-1,1,1,1,-1,-1,1,1,-1,1,-1,1,-1,1,-1,1,1,-2656.0,1,2000,445,1500,True
2465,1,1,-1,-1,1,1,-1,1,1,1,1,-1,1,1,1,1,-1,1,-1,-1,-1,1,1,1,1,-1,-1,-1,1,1,1,1,1,-1,-1,1,-1,1,1,-1,-1,-1,1,1,1,1,1,-1,1,-1,1,1,1,1,-1,-1,-1,-1,1,1,1,-1,-1,1,1,1,1,1,-1,-1,1,-1,1,1,1,-1,-1,1,-1,1,1,-1,-1,-1,-1,1,1,1,-1,-1,-1,-1,-1,1,1,-1,-1,1,-1,1,1,1,-1,-1,1,-1,-1,1,1,-1,-1,-1,-1,-1,1,1,-1,-1,1,-1,-1,1,1,1,-1,-1,-1,-1,-1,1,1,-1,1,-1,-1,1,1,1,-1,1,-1,-1,-1,1,1,-1,1,-1,-1,1,1,1,-1,-1,1,-1,-1,1,1,-1,1,1,-1,1,1,1,-1,1,1,-1,1,1,-1,-1,1,-1,-1,1,1,-1,1,-1,1,-1,1,1,-1,1,1,-1,-1,-1,1,1,1,1,1,-1,1,1,-1,1,1,1,-1,-1,1,1,-1,1,1,-1,1,1,-1,1,1,1,-1,1,1,1,1,1,1,1,-1,1,-1,-1,1,1,-1,-1,1,1,-1,1,1,-1,-1,1,-1,1,1,1,1,-1,1,1,-1,1,1,-1,1,1,-1,1,1,1,-1,-1,1,-1,1,-1,1,1,1,1,-1,1,-1,1,1,1,1,-1,1,-1,1,1,1,1,-1,-1,1,1,1,1,1,1,-1,1,1,-1,1,1,1,-1,-1,1,1,1,1,-1,1,-1,1,1,1,-1,1,-1,-1,1,1,1,1,-1,1,-1,1,-1,1,1,1,1,-1,1,1,1,1,1,-1,-1,1,1,1,1,1,1,1,1,1,1,1,1,-1,1,1,1,1,-1,1,-1,1,1,1,1,1,1,1,-1,-1,1,1,1,1,1,-1,1,1,1,1,1,1,-1,1,1,1,1,1,-1,-1,1,1,-1,-1,1,1,-1,-1,1,-1,1,1,1,1,-1,1,1,-1,1,1,-1,1,1,1,-1,-1,-1,-1,1,1,1,-1,1,-1,-1,1,1,-1,1,1,1,-1,1,1,-1,1,1,-1,-1,1,1,-1,-1,1,-1,-1,-1,1,-1,1,-1,-1,1,1,1,1,-1,-1,-1,1,1,1,1,-1,1,-1,1,1,1,1,1,-1,-1,1,-1,1,-1,1,-1,-1,-1,-1,-1,1,1,-1,-1,1,-1,1,1,-1,-1,-1,-1,-1,1,-1,1,-1,-1,1,-1,1,1,1,-1,-1,-1,1,1,1,1,-1,-1,1,1,-1,1,-1,1,-1,1,1,-1,1,-1,1,-1,-1,1,-1,1,-1,1,-1,1,1,1,1,-1,-1,1,-1,1,-1,1,1,-1,1,-1,1,-1,1,1,-1,1,-1,1,-1,1,-1,-1,1,-1,1,-1,1,1,-1,-1,1,1,-1,1,1,1,-1,1,1,1,1,1,1,-1,1,1,-1,-1,1,-1,1,-1,1,1,-1,-1,1,1,-1,-1,1,-1,1,-1,1,-1,1,-1,-1,-1,1,-1,-1,1,1,-1,-1,-1,1,-1,-1,1,-1,-1,-1,1,-1,1,1,-1,-1,1,1,-1,-1,1,-1,-1,-1,-1,-1,1,1,-1,1,-1,-1,-1,-1,1,-1,-1,1,1,-1,-1,1,1,-1,-1,-1,1,-1,1,1,-1,-1,-1,1,-1,1,1,-1,-1,1,-1,1,1,-1,-1,-1,-1,1,1,1,-1,1,-1,-1,1,1,1,1,-1,-1,-1,1,-1,1,-1,1,-1,-1,1,-1,1,1,-1,-1,-1,1,1,1,1,-1,1,-1,1,-1,1,1,-1,-1,-1,-1,-1,1,1,-1,-1,-1,1,-1,1,1,-1,-1,1,1,-1,1,1,-1,-1,-1,1,-1,-1,1,-1,-1,1,-1,-1,1,-1,1,-1,-1,-1,-1,1,-1,-1,-1,1,1,-1,1,1,-1,-1,1,1,-1,-1,-1,-1,1,-1,-1,-1,-1,1,-1,1,-1,-1,-1,-1,1,-1,-1,1,-1,-1,-1,1,-1,1,-1,1,-1,-1,-1,-1,-1,1,-1,-1,-1,1,-1,1,-1,-1,-1,-1,-1,-1,-1,1,-1,-1,-1,1,1,-1,1,-1,-1,-1,1,-1,-1,1,-1,-1,-1,-1,-1,1,1,-1,-1,-1,-1,-1,1,-1,-1,-1,1,-1,-1,1,-1,1,-1,-1,-1,-1,-1,-1,-1,1,-1,-1,-1,1,1,1,-1,-1,-1,1,-1,-1,-1,1,-1,-1,-1,1,-1,1,-1,-1,-1,-1,1,-1,1,-1,-1,1,-1,-1,1,1,-1,-1,-1,-1,-1,-1,1,1,-1,-1,1,-1,1,1,-1,-1,-1,1,-1,1,1,-1,-1,1,-1,-1,1,1,1,-1,1,-1,1,1,1,-1,-1,1,-1,-1,1,1,1,-1,1,-1,-1,1,1,-1,1,1,-1,-1,1,1,1,1,1,-1,-1,1,-1,-1,1,1,-1,-1,1,1,1,1,1,1,-1,1,1,1,-1,1,-1,-1,1,-1,1,1,1,1,-1,-1,1,-1,1,1,1,-1,1,1,1,1,-1,1,-1,1,1,1,1,1,1,-1,1,-1,1,1,1,-1,1,1,1,1,1,1,-1,1,-1,1,1,1,-1,-1,1,1,1,1,-1,1,-1,-1,1,-1,1,1,-1,1,-1,1,1,1,1,-1,-1,-1,1,1,1,1,-1,-1,1,1,-1,1,1,-1,1,-1,1,-1,1,1,-1,1,-1,1,-1,1,1,1,1,1,1,1,1,1,-1,-1,1,-1,1,1,1,-1,1,-1,-1,1,1,-1,-1,1,-1,1,-1,1,1,-1,1,1,1,1,1,-1,-1,-1,1,-1,-1,-1,-1,-1,1,-1,1,1,1,-1,1,1,1,-1,1,1,1,-1,1,1,1,1,1,-1,-1,1,1,1,1,1,-1,-1,-1,1,-1,1,1,-1,-1,1,1,1,-1,1,1,-1,1,1,1,1,1,-1,-1,-1,1,-1,1,1,1,-1,1,-1,1,1,-2656.0,1,2000,445,1000,True
2466,-1,-1,-1,-1,1,1,-1,1,-1,1,1,-1,1,1,-1,-1,-1,1,-1,-1,-1,1,-1,1,1,-1,-1,-1,1,-1,1,1,1,-1,-1,1,1,-1,1,1,-1,-1,1,-1,1,1,1,-1,1,-1,-1,1,-1,1,-1,-1,-1,1,1,1,-1,-1,-1,1,-1,-1,1,1,-1,-1,1,-1,1,1,1,-1,-1,1,-1,1,1,-1,-1,-1,-1,1,1,1,-1,-1,-1,-1,1,1,1,-1,-1,1,-1,1,1,1,-1,-1,1,-1,1,1,1,-1,-1,1,-1,1,1,1,-1,-1,1,-1,-1,1,1,1,-1,-1,-1,-1,1,1,1,-1,1,-1,1,1,1,1,-1,-1,-1,-1,1,1,1,-1,1,-1,-1,1,1,1,-1,-1,1,-1,1,1,1,-1,1,-1,-1,1,-1,1,-1,1,-1,1,1,1,-1,-1,1,-1,1,1,1,-1,1,-1,1,-1,-1,1,-1,1,1,-1,1,1,1,1,1,1,1,-1,-1,1,-1,1,1,1,-1,-1,1,1,-1,1,1,1,-1,1,-1,1,1,1,-1,-1,1,1,1,1,1,1,-1,1,-1,-1,1,1,-1,-1,-1,1,-1,1,1,-1,-1,1,-1,1,1,1,1,-1,1,-1,-1,1,1,-1,1,1,-1,1,1,1,-1,-1,1,-1,1,-1,1,1,1,1,-1,1,-1,1,1,1,1,-1,1,-1,1,1,1,1,-1,-1,1,1,1,-1,1,-1,-1,1,1,-1,1,1,1,-1,-1,1,1,1,1,-1,1,-1,1,1,-1,1,-1,-1,-1,1,1,1,1,-1,-1,-1,1,-1,1,1,1,1,-1,1,1,1,1,1,1,-1,1,1,1,1,-1,1,1,1,1,1,1,1,-1,1,1,1,-1,1,1,-1,1,1,1,1,1,1,1,-1,1,-1,1,1,1,1,-1,1,1,1,1,1,1,1,1,1,-1,-1,1,1,-1,1,1,1,1,1,1,-1,1,1,-1,1,1,1,1,1,1,1,-1,1,1,-1,1,1,-1,-1,1,1,-1,1,1,-1,1,-1,1,-1,1,-1,-1,-1,1,-1,-1,1,-1,1,-1,1,1,-1,1,1,1,-1,1,-1,-1,-1,1,-1,1,1,-1,1,1,1,-1,1,-1,-1,1,-1,1,1,-1,1,-1,1,1,1,1,1,-1,-1,1,-1,1,-1,1,-1,-1,-1,1,1,1,1,-1,-1,1,-1,1,1,1,-1,-1,-1,1,-1,1,1,-1,-1,1,-1,1,1,1,1,-1,-1,1,1,1,1,-1,-1,1,-1,1,1,-1,1,-1,1,1,1,1,-1,1,1,-1,1,1,1,-1,1,-1,1,-1,1,1,-1,-1,1,-1,1,1,1,1,-1,1,-1,-1,1,1,1,-1,1,-1,-1,1,1,-1,-1,1,-1,-1,1,-1,1,-1,-1,1,-1,1,-1,1,1,-1,1,-1,-1,1,1,1,-1,1,-1,1,-1,1,-1,1,-1,1,1,-1,-1,-1,-1,1,-1,1,-1,1,-1,1,1,1,-1,-1,-1,1,-1,1,1,1,-1,-1,-1,1,1,-1,1,-1,-1,-1,1,1,1,1,-1,-1,-1,1,1,1,1,-1,-1,-1,-1,1,-1,1,-1,1,-1,-1,1,1,1,-1,-1,1,-1,1,-1,1,1,-1,-1,-1,-1,1,1,1,-1,1,-1,-1,1,1,-1,-1,-1,-1,1,1,1,-1,-1,-1,-1,1,1,1,-1,1,-1,1,-1,-1,1,1,-1,-1,-1,-1,1,1,-1,1,-1,-1,1,1,1,1,-1,1,-1,-1,-1,1,1,-1,1,-1,-1,1,-1,1,-1,1,-1,-1,1,-1,1,-1,1,-1,-1,1,-1,-1,1,-1,1,-1,1,-1,-1,-1,-1,-1,-1,1,-1,1,1,-1,1,-1,1,-1,1,-1,-1,1,-1,1,-1,1,-1,1,-1,1,-1,1,1,-1,1,-1,1,-1,-1,1,-1,1,-1,1,-1,-1,1,-1,1,-1,-1,-1,-1,1,-1,1,-1,1,1,-1,1,-1,1,-1,1,1,-1,1,-1,1,-1,-1,-1,-1,1,1,-1,-1,-1,-1,-1,1,-1,1,-1,-1,-1,-1,-1,-1,-1,1,-1,-1,-1,1,-1,-1,1,-1,-1,-1,-1,-1,1,1,-1,-1,-1,-1,-1,1,-1,-1,-1,1,-1,-1,1,-1,1,-1,-1,-1,-1,1,-1,-1,1,-1,-1,-1,-1,1,-1,-1,-1,1,-1,1,-1,-1,-1,1,-1,-1,-1,-1,1,-1,-1,-1,-1,-1,1,1,1,-1,1,-1,1,-1,1,-1,-1,-1,-1,-1,-1,1,1,-1,-1,1,-1,1,1,-1,-1,-1,-1,-1,1,1,-1,-1,1,1,-1,1,1,1,-1,1,-1,1,1,1,-1,-1,1,-1,1,1,1,1,-1,1,-1,-1,1,1,-1,1,1,1,-1,1,1,1,1,1,1,-1,1,-1,1,1,1,1,-1,1,1,1,1,1,1,-1,1,1,1,1,1,1,-1,1,-1,1,1,1,1,-1,-1,1,-1,1,1,1,-1,-1,1,1,1,-1,1,-1,-1,1,1,1,1,1,-1,1,-1,1,1,1,1,-1,1,1,1,1,1,-1,1,-1,1,1,1,-1,-1,-1,1,1,1,-1,1,-1,1,1,-1,1,1,-1,1,-1,1,-1,1,1,-1,-1,-1,1,1,1,1,-1,-1,1,1,-1,1,1,-1,1,-1,1,-1,1,1,-1,1,-1,1,-1,1,1,1,1,1,1,1,1,1,-1,-1,1,-1,1,1,1,-1,1,-1,1,1,1,-1,-1,1,-1,1,-1,1,1,-1,1,-1,1,1,1,-1,-1,-1,1,-1,-1,-1,-1,-1,1,-1,1,1,1,-1,1,1,1,-1,1,1,1,-1,1,1,1,1,1,1,-1,1,1,1,1,1,1,-1,-1,1,-1,1,1,1,-1,1,1,1,-1,1,-1,-1,1,1,1,1,1,-1,-1,-1,1,1,1,1,1,-1,1,-1,1,1,-2656.0,1,2000,445,1000,True
2467,1,1,-1,-1,1,1,-1,1,1,1,1,-1,1,1,1,1,-1,1,-1,-1,-1,1,1,1,1,1,-1,-1,1,1,1,1,-1,-1,-1,1,-1,1,1,1,-1,-1,1,1,1,1,1,1,-1,1,1,1,-1,1,-1,-1,1,-1,1,1,1,-1,-1,1,1,1,1,1,1,-1,1,-1,1,1,1,1,-1,1,-1,1,1,-1,1,-1,-1,1,1,1,1,-1,1,1,-1,1,1,1,1,-1,-1,-1,1,1,1,1,1,-1,-1,1,1,1,1,-1,-1,-1,1,1,1,1,1,-1,-1,1,1,1,1,-1,-1,-1,1,1,1,1,1,-1,-1,1,1,1,1,1,-1,-1,-1,1,1,1,1,-1,-1,-1,1,1,1,1,1,-1,-1,1,1,1,1,-1,-1,-1,1,1,1,1,1,-1,1,1,1,1,1,-1,-1,1,1,1,1,-1,1,-1,1,1,1,1,1,-1,-1,-1,1,1,1,1,1,-1,-1,1,-1,1,1,1,-1,-1,1,1,1,1,1,-1,1,1,-1,1,1,1,-1,1,1,1,1,1,1,1,-1,1,-1,1,-1,1,-1,-1,1,1,1,1,1,-1,-1,1,-1,-1,1,1,1,-1,1,1,-1,1,1,-1,1,1,-1,-1,1,1,-1,-1,1,-1,1,-1,1,1,1,1,-1,1,-1,1,1,1,1,-1,1,-1,1,1,1,1,-1,-1,1,1,1,1,1,1,-1,1,1,-1,-1,1,1,1,-1,1,1,1,1,-1,1,-1,1,1,1,-1,1,1,1,1,1,1,1,-1,-1,-1,1,-1,1,1,1,1,-1,1,1,1,1,1,1,1,1,1,1,1,1,-1,-1,1,1,1,1,1,-1,1,1,1,-1,1,1,1,-1,1,1,1,1,1,-1,1,1,-1,1,1,1,-1,1,1,1,1,1,1,-1,1,1,1,-1,1,1,-1,1,1,1,1,-1,1,-1,1,-1,1,-1,1,1,1,-1,-1,1,1,-1,1,-1,1,1,1,-1,-1,-1,-1,1,1,1,-1,1,1,-1,1,1,-1,-1,1,1,1,1,1,-1,1,1,1,-1,1,1,1,-1,-1,1,1,1,-1,1,-1,1,1,1,1,1,1,-1,-1,-1,1,-1,1,1,1,-1,1,1,1,1,1,1,1,-1,1,-1,-1,1,-1,1,-1,1,1,1,1,1,1,-1,-1,1,-1,1,1,1,-1,1,1,1,-1,1,1,-1,-1,1,-1,1,1,1,-1,1,1,1,1,1,1,-1,1,-1,1,1,1,-1,-1,1,-1,-1,1,1,-1,-1,1,-1,1,1,1,-1,-1,1,-1,-1,1,1,-1,-1,1,-1,1,1,1,1,-1,1,1,-1,-1,1,1,-1,-1,1,1,-1,1,-1,-1,1,-1,-1,1,-1,1,-1,-1,1,-1,1,-1,1,1,-1,1,-1,-1,1,1,1,-1,1,-1,1,-1,1,-1,1,-1,1,1,-1,-1,1,-1,1,-1,1,-1,1,-1,1,1,1,-1,-1,-1,1,-1,1,1,1,-1,-1,-1,1,1,-1,1,-1,-1,-1,1,1,-1,1,-1,-1,-1,1,1,-1,1,-1,-1,-1,-1,1,1,1,-1,1,-1,-1,1,-1,1,-1,-1,1,-1,1,-1,1,1,-1,-1,-1,-1,-1,1,1,-1,-1,-1,1,-1,1,1,-1,-1,1,-1,1,1,-1,-1,-1,-1,-1,1,1,-1,1,-1,1,1,1,1,1,-1,-1,-1,-1,-1,1,-1,1,-1,-1,1,-1,1,1,-1,1,-1,-1,1,1,1,-1,1,-1,1,-1,1,1,-1,-1,-1,1,-1,1,1,-1,1,-1,-1,-1,1,1,-1,-1,1,-1,-1,1,1,-1,-1,-1,-1,-1,1,1,-1,-1,1,-1,-1,1,-1,1,-1,1,-1,-1,1,-1,-1,1,-1,1,-1,1,1,-1,1,-1,1,-1,1,-1,-1,1,-1,1,-1,1,1,-1,1,-1,-1,-1,-1,1,-1,1,-1,1,-1,-1,1,-1,1,-1,1,-1,-1,-1,1,1,-1,-1,-1,-1,1,-1,-1,-1,-1,-1,-1,-1,-1,1,-1,-1,-1,-1,1,1,-1,1,-1,-1,-1,1,-1,-1,1,-1,-1,-1,-1,-1,1,1,-1,-1,-1,-1,-1,1,-1,-1,-1,1,-1,-1,1,-1,1,-1,-1,-1,-1,-1,-1,-1,1,-1,-1,-1,1,1,1,-1,-1,-1,1,-1,-1,-1,-1,-1,-1,-1,1,1,1,-1,-1,-1,-1,1,-1,1,1,-1,1,-1,-1,1,1,-1,-1,-1,-1,-1,-1,1,1,-1,-1,1,-1,1,1,-1,-1,-1,1,-1,1,1,-1,-1,1,-1,-1,1,1,1,-1,1,-1,1,1,1,-1,-1,1,-1,-1,1,1,-1,-1,1,-1,-1,1,1,-1,1,1,-1,-1,1,1,-1,-1,1,-1,-1,1,1,-1,-1,1,-1,-1,1,1,1,-1,-1,1,-1,-1,1,-1,-1,1,-1,-1,1,-1,1,-1,-1,1,-1,-1,1,1,-1,-1,1,-1,1,1,1,-1,-1,1,-1,1,1,1,-1,-1,1,1,-1,1,-1,-1,1,-1,1,-1,1,-1,-1,1,1,-1,1,1,1,-1,1,1,1,-1,1,-1,1,-1,1,-1,-1,1,1,-1,1,-1,1,-1,1,1,-1,-1,-1,1,-1,1,1,-1,-1,1,-1,-1,-1,1,-1,1,-1,1,-1,-1,1,-1,1,-1,1,-1,-1,1,-1,-1,1,-1,-1,-1,1,-1,-1,-1,-1,1,-1,1,1,-1,1,1,-1,1,1,-1,-1,1,1,-1,-1,1,-1,-1,1,1,-1,1,1,-1,-1,-1,-1,1,-1,-1,-1,-1,1,-1,-1,1,1,-1,1,1,-1,1,1,1,1,-1,1,-1,1,1,1,-1,-1,1,-1,-1,-1,1,-1,-1,1,-1,1,1,1,-1,-1,1,-1,1,1,1,1,-1,1,-1,-1,1,1,1,-1,-1,1,-1,1,1,1,-1,1,-1,-1,1,-2656.0,1,2000,445,1000,True
2468,-1,-1,1,1,1,1,-1,1,-1,-1,-1,1,-1,1,-1,-1,1,-1,1,1,1,1,-1,-1,-1,1,-1,-1,1,-1,-1,-1,1,1,-1,1,1,-1,-1,-1,1,-1,1,-1,-1,1,-1,-1,1,-1,-1,-1,1,-1,1,-1,-1,1,-1,-1,-1,1,1,1,-1,1,-1,-1,-1,-1,1,-1,-1,-1,-1,-1,1,1,-1,-1,-1,1,1,-1,-1,-1,-1,1,-1,1,-1,-1,-1,1,-1,-1,1,1,-1,1,1,1,-1,-1,1,-1,-1,1,1,-1,-1,1,-1,-1,1,1,-1,-1,1,-1,-1,1,1,-1,-1,1,-1,-1,1,1,-1,-1,1,-1,-1,1,1,1,-1,1,-1,-1,1,1,-1,-1,-1,-1,-1,-1,1,1,-1,1,1,-1,1,1,1,-1,1,-1,-1,-1,1,1,-1,1,1,-1,1,1,-1,-1,1,-1,-1,1,1,-1,1,-1,1,-1,1,1,-1,1,1,-1,-1,-1,1,1,1,1,1,-1,1,1,-1,1,1,1,-1,1,1,1,-1,1,1,-1,1,1,1,1,1,1,1,1,1,-1,-1,1,1,1,-1,1,-1,-1,1,1,-1,-1,1,-1,-1,1,1,1,-1,1,-1,1,1,1,1,-1,-1,1,-1,1,1,-1,1,1,-1,1,1,1,1,-1,1,-1,1,-1,1,-1,-1,1,-1,1,-1,1,-1,-1,1,-1,1,-1,1,-1,1,1,1,-1,1,1,1,1,1,1,-1,1,1,1,-1,-1,1,-1,-1,1,-1,-1,-1,1,1,-1,1,1,1,-1,1,-1,-1,1,-1,-1,-1,-1,1,-1,-1,1,-1,-1,1,1,-1,1,-1,-1,-1,1,-1,-1,1,-1,-1,1,1,1,-1,1,-1,-1,1,1,-1,1,1,-1,1,-1,1,-1,-1,1,-1,1,1,1,1,1,1,-1,-1,1,1,1,1,-1,-1,-1,1,1,1,1,-1,-1,1,-1,1,1,1,-1,-1,1,-1,1,-1,1,1,-1,1,-1,1,1,1,1,-1,-1,1,1,1,-1,-1,-1,1,1,-1,-1,1,1,-1,1,-1,1,-1,1,-1,1,1,-1,1,1,1,-1,1,1,-1,1,-1,1,-1,-1,1,-1,1,1,1,1,-1,1,1,-1,1,1,-1,-1,1,-1,-1,1,-1,1,-1,-1,1,-1,-1,1,-1,-1,-1,1,-1,1,-1,1,-1,1,-1,-1,1,-1,-1,-1,-1,1,-1,-1,1,1,-1,-1,1,-1,1,1,-1,1,-1,1,-1,1,-1,1,-1,-1,-1,-1,-1,-1,-1,1,-1,1,-1,1,-1,1,-1,-1,-1,1,1,1,1,-1,-1,-1,-1,1,-1,-1,-1,-1,-1,1,-1,1,1,-1,1,-1,-1,1,-1,-1,1,-1,-1,-1,-1,-1,1,-1,1,-1,-1,-1,-1,1,-1,1,-1,-1,1,-1,1,1,1,-1,-1,-1,1,1,-1,1,-1,-1,-1,1,1,1,-1,1,1,-1,1,1,1,1,1,1,1,-1,1,1,-1,1,-1,1,-1,-1,1,-1,-1,1,-1,-1,1,-1,-1,-1,1,1,-1,1,1,-1,-1,1,1,-1,-1,1,-1,-1,-1,-1,-1,1,1,-1,-1,-1,-1,-1,1,1,-1,-1,1,1,1,-1,1,-1,-1,1,1,-1,1,1,-1,-1,-1,1,-1,-1,1,1,-1,1,1,1,1,1,-1,1,1,1,-1,1,1,1,-1,1,1,-1,1,1,-1,1,1,1,-1,1,1,-1,-1,1,-1,1,1,1,-1,1,1,1,-1,1,1,-1,1,1,1,1,1,1,1,1,1,1,1,1,1,-1,1,-1,1,-1,1,1,1,1,1,1,1,1,-1,1,1,-1,1,1,1,1,1,-1,1,-1,1,1,1,1,1,1,1,1,1,1,-1,1,1,-1,-1,1,-1,-1,1,1,1,-1,1,1,-1,1,-1,1,1,1,-1,1,1,-1,1,-1,-1,1,-1,1,-1,1,-1,1,-1,1,1,-1,1,1,1,-1,1,1,-1,1,-1,1,-1,1,1,-1,1,-1,1,-1,-1,1,1,1,1,1,-1,1,1,-1,1,1,1,1,-1,1,-1,1,-1,1,-1,1,1,1,-1,1,1,-1,1,1,1,-1,1,1,1,-1,1,-1,-1,1,1,-1,-1,1,-1,1,-1,-1,1,-1,1,1,-1,1,1,-1,-1,1,1,-1,1,1,-1,-1,-1,1,1,1,1,-1,-1,1,1,-1,1,1,-1,-1,1,-1,1,1,1,1,-1,-1,1,-1,1,1,-1,1,-1,-1,1,1,1,-1,-1,-1,-1,-1,1,-1,-1,-1,1,-1,1,1,1,1,-1,-1,-1,1,1,1,-1,-1,1,-1,1,1,-1,1,-1,-1,1,1,1,1,-1,1,-1,-1,1,1,1,-1,1,-1,-1,1,1,1,1,-1,-1,-1,1,1,1,1,1,-1,-1,1,1,1,1,1,1,-1,1,1,-1,1,1,-1,-1,1,1,-1,1,1,-1,-1,1,-1,1,1,1,1,-1,-1,1,-1,1,-1,1,-1,1,1,-1,1,-1,1,-1,1,1,-1,1,1,1,-1,-1,1,1,1,1,-1,1,-1,1,1,1,1,-1,1,-1,1,1,1,-1,-1,1,-1,1,1,-1,1,-1,-1,-1,1,-1,1,-1,1,-1,-1,1,-1,1,-1,-1,-1,-1,1,-1,1,-1,-1,-1,-1,-1,1,1,-1,1,-1,-1,-1,-1,1,-1,1,-1,-1,1,-1,1,1,1,1,-1,-1,1,-1,-1,-1,1,1,1,1,-1,-1,1,-1,-1,1,1,-1,-1,1,-1,-1,-1,-1,1,-1,1,-1,1,1,-1,1,-1,-1,-1,-1,-1,-1,-1,-1,1,-1,1,1,1,-1,1,1,-1,1,1,-1,-1,-1,1,-1,1,1,1,1,-1,1,-1,1,1,1,-1,-1,1,-1,1,1,1,1,-1,1,-1,1,1,-1,-1,-1,1,-1,-1,1,1,-1,-1,-1,1,-1,1,-1,1,-1,1,-1,-1,1,-2656.0,1,2000,445,1500,True
2469,-1,-1,1,1,1,1,-1,1,-1,-1,-1,1,-1,1,-1,-1,1,-1,1,1,1,1,-1,-1,-1,1,-1,-1,1,-1,-1,-1,1,1,-1,1,1,-1,-1,-1,1,-1,1,-1,-1,-1,-1,-1,1,-1,1,-1,1,-1,1,-1,-1,1,-1,-1,-1,1,1,1,-1,-1,-1,-1,-1,-1,1,-1,-1,-1,-1,-1,1,1,-1,1,-1,1,1,-1,-1,-1,-1,-1,-1,1,-1,-1,1,-1,-1,-1,-1,1,-1,1,-1,-1,-1,-1,1,-1,1,-1,-1,-1,-1,1,-1,1,1,-1,-1,-1,1,-1,1,-1,-1,-1,-1,1,-1,-1,1,-1,-1,-1,1,-1,1,-1,-1,-1,-1,1,-1,-1,1,-1,-1,-1,-1,-1,-1,1,-1,-1,-1,1,1,-1,1,-1,-1,-1,1,-1,-1,1,-1,-1,-1,1,-1,1,-1,-1,-1,-1,1,-1,1,1,-1,-1,1,-1,1,-1,-1,-1,-1,1,1,-1,1,1,-1,1,1,1,1,-1,-1,-1,-1,1,1,1,-1,-1,-1,-1,-1,1,1,1,-1,-1,-1,1,1,1,-1,-1,-1,1,1,1,1,1,-1,1,-1,-1,1,1,1,-1,1,1,-1,1,1,-1,-1,1,-1,1,1,1,1,-1,1,-1,-1,1,1,-1,1,1,-1,1,1,1,-1,-1,1,-1,1,-1,1,-1,1,1,-1,1,-1,1,-1,1,1,-1,1,-1,1,-1,1,1,1,-1,1,1,-1,-1,1,-1,-1,1,1,-1,1,1,1,-1,-1,1,-1,1,1,-1,1,-1,1,1,-1,1,-1,-1,-1,1,-1,-1,1,-1,1,-1,-1,1,-1,1,1,1,-1,1,-1,-1,1,1,-1,-1,1,-1,-1,1,-1,1,-1,1,-1,-1,1,1,-1,1,1,-1,1,-1,1,-1,1,1,-1,1,1,1,1,1,1,-1,1,1,1,1,1,-1,-1,1,1,1,1,1,-1,-1,1,-1,1,1,1,-1,-1,1,-1,1,-1,1,1,-1,1,-1,1,1,1,1,-1,-1,1,1,1,-1,-1,-1,1,1,-1,-1,1,1,-1,1,-1,1,-1,1,-1,1,1,-1,1,1,1,-1,1,1,-1,1,-1,1,-1,-1,1,-1,1,1,1,1,-1,1,1,-1,1,1,-1,-1,1,-1,-1,1,-1,1,-1,-1,1,-1,-1,1,-1,-1,1,1,-1,1,-1,1,-1,-1,1,-1,1,-1,-1,-1,-1,1,-1,-1,1,1,-1,-1,1,-1,1,1,-1,1,-1,1,-1,1,-1,1,-1,-1,-1,-1,1,-1,-1,-1,-1,1,-1,1,-1,1,-1,-1,-1,1,1,1,1,-1,-1,-1,-1,1,-1,-1,-1,-1,-1,1,-1,1,1,-1,-1,-1,-1,1,-1,-1,1,-1,-1,-1,1,-1,1,-1,-1,-1,-1,1,-1,1,-1,1,-1,-1,1,-1,1,1,1,-1,-1,-1,1,1,-1,1,-1,-1,-1,1,1,1,-1,1,1,-1,1,1,1,1,1,-1,1,-1,1,1,-1,1,-1,1,-1,-1,1,-1,-1,1,-1,-1,1,-1,-1,-1,1,1,-1,1,1,-1,-1,1,1,-1,-1,1,-1,-1,-1,-1,-1,1,1,-1,-1,-1,-1,-1,1,1,-1,-1,1,1,1,-1,1,-1,-1,1,1,-1,1,1,-1,-1,-1,1,-1,-1,1,1,-1,1,1,1,1,1,1,-1,1,1,-1,1,1,-1,1,1,1,-1,1,1,-1,1,1,1,-1,-1,1,-1,-1,1,-1,1,-1,1,1,1,1,1,-1,1,1,1,1,1,1,1,1,1,-1,1,1,1,1,1,-1,1,1,-1,1,-1,1,-1,1,1,1,1,1,1,-1,1,1,-1,1,1,1,-1,-1,1,1,-1,1,1,-1,-1,1,1,1,1,1,-1,1,1,1,-1,1,1,1,1,-1,1,1,1,1,-1,1,1,-1,1,-1,1,1,1,1,-1,1,-1,1,1,1,-1,-1,1,-1,1,-1,1,1,-1,1,1,1,1,1,-1,-1,1,1,1,-1,1,1,-1,1,-1,1,1,1,-1,-1,1,1,1,-1,1,1,-1,1,1,1,1,1,-1,1,-1,1,1,1,-1,-1,-1,-1,1,1,1,-1,-1,1,-1,1,1,1,1,-1,-1,-1,1,1,1,-1,-1,-1,1,-1,1,1,-1,-1,1,-1,1,1,1,-1,-1,1,-1,1,-1,1,-1,-1,1,1,1,1,1,1,-1,1,-1,1,1,1,1,-1,-1,1,1,1,1,-1,-1,1,-1,1,1,1,1,-1,-1,1,1,1,1,1,-1,-1,-1,1,-1,1,1,1,-1,1,1,1,1,1,-1,-1,1,1,1,1,1,1,-1,1,1,-1,1,-1,-1,1,1,1,1,1,1,-1,-1,1,1,1,1,-1,-1,-1,1,1,1,1,1,1,-1,1,1,1,1,1,1,-1,1,1,1,1,1,1,-1,1,1,-1,1,1,-1,-1,1,1,-1,1,1,1,-1,1,-1,-1,1,1,1,-1,-1,1,-1,1,1,1,-1,1,1,-1,1,-1,1,-1,1,1,-1,1,1,1,-1,-1,-1,1,1,1,-1,1,-1,1,1,1,1,-1,1,-1,1,1,1,-1,-1,1,-1,1,1,-1,1,-1,-1,-1,-1,-1,1,-1,1,-1,-1,1,-1,1,-1,-1,-1,-1,1,-1,1,-1,-1,-1,-1,-1,1,1,-1,1,-1,-1,-1,-1,1,1,-1,1,-1,1,-1,1,1,1,1,-1,-1,1,1,-1,-1,1,1,1,1,-1,-1,1,-1,-1,1,1,-1,-1,1,-1,-1,-1,-1,1,-1,1,1,1,1,-1,1,-1,-1,-1,-1,-1,-1,-1,-1,1,-1,1,1,1,-1,1,1,-1,1,1,-1,-1,-1,1,-1,1,1,1,1,-1,1,-1,1,1,1,-1,-1,1,-1,1,1,1,-1,-1,1,-1,1,1,-1,-1,-1,1,-1,-1,1,1,-1,-1,-1,1,-1,1,-1,1,-1,1,-1,-1,1,-2656.0,1,2000,445,1500,True
2470,1,1,-1,-1,1,1,-1,1,1,1,1,-1,-1,1,1,1,-1,1,-1,-1,-1,1,1,1,1,-1,-1,-1,1,1,1,1,-1,-1,-1,1,-1,1,1,1,-1,-1,1,1,1,1,1,-1,1,1,1,1,-1,1,-1,-1,1,-1,1,1,1,-1,-1,1,1,1,1,1,-1,-1,1,-1,1,1,1,-1,-1,1,1,1,1,-1,-1,-1,-1,1,1,1,-1,-1,-1,1,-1,1,1,-1,-1,1,-1,1,1,1,-1,-1,1,-1,-1,1,1,-1,-1,1,-1,-1,1,1,-1,-1,1,-1,-1,1,1,1,-1,-1,-1,-1,1,1,1,-1,1,-1,-1,1,1,1,-1,-1,-1,-1,-1,1,1,-1,1,-1,-1,-1,1,1,-1,-1,1,-1,-1,1,1,-1,1,-1,-1,-1,1,1,-1,1,1,-1,1,1,-1,-1,1,-1,-1,1,1,-1,1,-1,1,-1,1,1,-1,1,1,-1,-1,-1,1,1,1,1,1,-1,-1,1,-1,1,1,1,-1,-1,1,1,-1,1,1,-1,1,1,1,1,1,1,-1,1,1,-1,-1,1,1,1,-1,1,-1,-1,1,1,-1,-1,1,-1,-1,1,1,-1,-1,1,-1,1,1,1,1,-1,1,-1,-1,1,1,-1,1,1,-1,1,1,1,-1,-1,1,-1,1,-1,1,1,1,1,-1,1,-1,1,1,1,1,-1,1,-1,1,1,1,1,1,-1,1,1,1,-1,1,-1,-1,1,1,-1,1,1,1,-1,-1,1,1,1,1,-1,1,-1,1,1,-1,1,-1,-1,-1,1,1,1,1,-1,-1,-1,1,-1,1,1,1,1,-1,1,1,1,1,1,1,-1,1,1,1,1,-1,1,1,1,1,1,1,1,-1,1,1,1,-1,1,1,-1,1,1,1,1,1,1,1,-1,1,-1,1,1,1,1,-1,1,1,1,1,1,1,1,1,1,-1,-1,1,1,-1,1,1,1,1,1,1,-1,-1,1,-1,1,1,1,1,-1,1,1,-1,1,1,-1,1,1,-1,-1,1,1,-1,-1,1,-1,1,-1,1,-1,1,-1,-1,-1,1,-1,-1,1,-1,1,-1,1,1,-1,1,1,-1,-1,1,-1,-1,-1,1,-1,1,1,-1,1,1,1,-1,1,-1,-1,1,1,1,1,-1,1,-1,1,1,1,1,1,-1,-1,1,-1,1,-1,1,-1,-1,-1,1,1,1,1,-1,-1,1,-1,1,1,1,-1,-1,-1,1,-1,1,1,-1,-1,1,-1,1,1,1,1,-1,-1,1,1,1,1,-1,-1,1,1,1,1,-1,1,-1,1,-1,1,1,-1,1,-1,-1,1,1,1,-1,1,-1,1,-1,1,1,-1,-1,1,-1,1,1,1,1,-1,1,-1,-1,-1,1,1,-1,1,-1,1,-1,1,-1,-1,1,-1,-1,1,-1,1,-1,-1,1,-1,1,-1,1,1,-1,1,-1,-1,1,1,1,-1,1,-1,1,-1,-1,-1,1,-1,1,1,-1,-1,1,-1,1,-1,1,-1,1,-1,1,1,1,-1,-1,-1,-1,-1,1,1,1,-1,-1,-1,1,1,-1,1,-1,-1,-1,1,1,-1,1,-1,-1,1,1,1,-1,1,-1,-1,-1,-1,1,1,1,-1,1,-1,-1,1,-1,1,-1,-1,1,-1,1,-1,1,1,-1,-1,-1,-1,-1,1,1,-1,1,-1,1,-1,-1,1,-1,-1,-1,-1,1,1,-1,-1,-1,-1,-1,1,1,-1,1,-1,1,1,1,1,1,-1,-1,-1,-1,-1,1,-1,1,-1,-1,1,-1,1,1,-1,1,-1,-1,1,1,1,-1,1,-1,1,-1,1,1,-1,1,-1,1,-1,1,1,-1,1,-1,-1,-1,1,1,1,-1,1,-1,-1,1,1,-1,-1,-1,-1,-1,1,1,1,-1,1,-1,-1,-1,-1,1,-1,1,-1,-1,1,-1,-1,1,1,1,-1,1,1,-1,1,-1,1,-1,1,-1,-1,1,-1,1,-1,1,1,-1,1,-1,-1,-1,-1,1,-1,1,-1,1,-1,-1,1,-1,1,-1,1,-1,-1,-1,-1,1,-1,-1,-1,-1,1,1,-1,-1,-1,-1,-1,-1,-1,1,-1,-1,-1,-1,1,-1,-1,1,-1,-1,-1,1,-1,-1,1,-1,-1,-1,-1,-1,1,1,-1,-1,-1,-1,-1,1,-1,-1,-1,1,-1,-1,1,-1,1,-1,-1,-1,-1,1,-1,-1,1,-1,-1,-1,-1,1,-1,-1,-1,1,-1,1,-1,-1,-1,-1,-1,-1,-1,1,1,-1,-1,1,-1,-1,1,1,1,-1,1,-1,1,-1,1,-1,-1,-1,-1,-1,-1,1,1,-1,-1,1,-1,1,1,-1,-1,-1,-1,-1,1,1,-1,-1,-1,1,-1,1,1,1,-1,-1,-1,1,1,1,-1,-1,1,-1,1,1,1,1,-1,1,-1,-1,1,1,-1,1,-1,1,-1,1,1,1,1,1,1,-1,1,-1,-1,1,1,1,-1,1,1,1,1,1,1,-1,1,1,1,1,1,1,-1,1,-1,1,1,1,1,-1,-1,1,-1,1,-1,1,-1,-1,1,1,1,-1,1,-1,-1,1,1,1,1,1,-1,1,-1,1,1,1,1,-1,1,1,1,1,1,-1,1,-1,1,1,1,-1,-1,-1,1,1,1,-1,1,-1,1,1,-1,1,1,-1,1,-1,1,1,1,1,-1,-1,-1,1,1,1,1,-1,-1,1,1,-1,1,1,-1,1,-1,1,-1,1,1,-1,1,-1,1,-1,1,1,1,1,1,1,1,1,1,-1,-1,1,-1,1,1,1,-1,1,-1,1,1,1,-1,-1,1,1,1,-1,1,1,-1,1,-1,1,1,1,-1,-1,-1,1,-1,-1,-1,-1,-1,1,-1,1,1,1,-1,1,1,1,-1,1,1,1,-1,1,1,1,1,1,1,-1,1,1,1,1,1,1,-1,-1,1,-1,1,1,1,-1,1,1,1,-1,1,-1,-1,1,1,1,1,1,-1,-1,-1,1,-1,1,-1,1,-1,1,-1,1,1,-2656.0,1,2000,445,1000,True
2471,-1,-1,1,1,1,-1,-1,1,-1,-1,1,-1,1,1,-1,-1,1,1,-1,-1,-1,1,-1,-1,1,-1,-1,-1,1,-1,-1,-1,1,-1,-1,1,1,-1,-1,1,-1,-1,1,-1,-1,-1,1,-1,1,-1,-1,-1,1,1,-1,-1,-1,1,-1,1,1,-1,-1,1,-1,1,-1,-1,-1,-1,1,-1,1,1,1,-1,-1,1,-1,-1,1,-1,-1,-1,-1,-1,-1,1,-1,-1,-1,-1,-1,1,1,-1,-1,1,-1,1,1,1,-1,-1,1,-1,-1,1,1,-1,-1,-1,-1,-1,1,1,-1,-1,1,-1,-1,1,1,1,-1,-1,-1,-1,1,1,1,-1,1,-1,1,1,1,1,-1,1,-1,-1,1,1,1,-1,1,-1,-1,1,1,1,-1,-1,1,-1,1,1,1,-1,1,1,-1,1,1,1,-1,1,1,1,1,1,-1,-1,1,-1,1,1,1,-1,1,-1,-1,1,-1,1,-1,1,1,-1,1,1,1,1,1,1,-1,1,1,1,-1,1,1,-1,-1,1,1,1,-1,1,-1,1,-1,1,-1,1,1,-1,1,1,1,1,1,1,-1,-1,1,1,-1,-1,1,-1,1,1,-1,1,-1,1,-1,1,1,1,-1,1,1,-1,1,1,1,1,-1,1,-1,1,1,1,-1,1,1,-1,-1,-1,1,-1,1,-1,1,-1,1,1,-1,1,-1,-1,-1,1,1,-1,1,-1,1,-1,-1,1,-1,-1,1,1,-1,-1,1,1,-1,1,1,-1,1,1,1,1,-1,1,-1,1,1,-1,1,-1,1,1,-1,1,1,1,1,1,-1,-1,1,-1,-1,-1,-1,1,-1,1,1,1,-1,1,-1,-1,1,1,1,-1,1,-1,-1,1,1,-1,-1,1,-1,-1,1,1,-1,1,1,-1,1,-1,1,1,-1,1,-1,1,1,1,-1,1,1,-1,1,1,1,-1,1,-1,-1,1,1,1,-1,1,-1,-1,1,-1,1,-1,1,-1,-1,1,-1,1,-1,1,1,-1,1,-1,1,1,-1,1,-1,-1,1,1,-1,1,-1,-1,1,1,-1,-1,1,1,-1,1,-1,1,-1,1,-1,1,1,-1,1,1,1,-1,1,1,-1,1,-1,1,-1,-1,1,-1,1,1,1,1,-1,1,1,1,1,1,-1,-1,1,-1,-1,1,-1,1,-1,-1,1,-1,1,1,-1,-1,-1,1,-1,1,-1,1,-1,-1,1,-1,1,1,-1,-1,-1,1,-1,-1,1,1,-1,-1,1,-1,1,1,-1,1,-1,1,-1,-1,1,1,-1,-1,-1,-1,1,1,-1,-1,-1,1,-1,1,-1,1,-1,-1,-1,-1,1,-1,1,-1,-1,-1,-1,1,-1,-1,-1,-1,-1,-1,1,-1,1,-1,-1,-1,-1,1,-1,-1,1,-1,-1,-1,1,1,1,-1,-1,-1,-1,-1,1,1,-1,1,-1,-1,1,-1,1,1,1,-1,-1,-1,1,1,-1,1,-1,1,-1,1,1,1,-1,1,1,-1,1,1,1,1,1,-1,1,-1,1,1,-1,1,-1,1,1,-1,1,1,-1,1,-1,-1,1,-1,1,-1,1,1,-1,1,1,1,-1,1,1,-1,-1,1,1,-1,-1,-1,-1,1,1,1,-1,-1,-1,-1,1,1,1,-1,1,1,1,-1,1,1,-1,1,1,-1,1,1,1,-1,-1,1,-1,-1,1,1,-1,1,1,1,1,1,-1,1,1,1,-1,1,1,1,1,1,1,-1,1,1,-1,1,1,1,-1,1,1,1,-1,1,-1,1,1,1,-1,1,1,1,-1,1,1,1,1,1,1,1,1,1,-1,1,1,1,1,1,1,-1,1,-1,1,-1,1,-1,1,1,1,1,1,1,1,-1,1,-1,1,1,1,1,-1,1,1,-1,1,1,-1,-1,1,1,1,1,1,1,-1,-1,1,-1,1,1,-1,1,-1,1,1,1,1,-1,1,1,-1,1,1,1,-1,-1,1,-1,1,-1,-1,-1,1,-1,-1,1,-1,1,-1,-1,1,-1,1,1,1,-1,-1,1,-1,1,1,1,-1,-1,1,-1,1,-1,1,-1,1,-1,-1,1,1,1,-1,1,1,-1,1,1,1,-1,-1,-1,1,-1,1,1,-1,-1,-1,-1,-1,1,1,-1,1,-1,1,-1,1,1,-1,-1,-1,-1,-1,1,-1,-1,-1,-1,-1,1,-1,-1,1,-1,-1,1,-1,1,-1,-1,-1,-1,1,-1,1,1,-1,-1,-1,1,1,1,-1,-1,1,-1,1,-1,1,-1,-1,-1,-1,-1,1,1,1,-1,-1,-1,1,-1,1,-1,-1,1,-1,-1,1,1,1,-1,-1,-1,-1,-1,1,-1,-1,-1,1,-1,1,1,-1,-1,-1,1,-1,1,1,-1,-1,1,-1,-1,1,1,1,-1,1,-1,1,1,1,-1,-1,1,-1,-1,1,1,1,-1,1,-1,-1,1,1,-1,1,1,-1,-1,1,1,-1,1,1,-1,-1,1,1,1,1,1,-1,-1,1,1,1,1,1,1,-1,-1,1,1,-1,1,-1,-1,1,-1,1,1,1,1,-1,-1,1,-1,1,1,1,-1,1,1,1,1,-1,1,-1,1,1,1,1,1,1,1,-1,1,1,1,1,-1,1,-1,1,1,1,1,1,-1,1,1,1,1,-1,1,1,-1,1,1,-1,1,1,-1,-1,1,1,1,1,-1,1,-1,1,1,1,-1,-1,1,-1,1,1,1,-1,1,-1,-1,-1,1,1,-1,-1,1,-1,-1,1,1,-1,-1,1,-1,-1,1,1,1,-1,1,-1,-1,1,1,-1,-1,-1,1,-1,-1,1,-1,1,1,-1,1,1,-1,-1,1,-1,-1,-1,1,1,-1,1,1,-1,1,1,-1,-1,-1,-1,1,-1,-1,-1,-1,1,-1,-1,1,1,-1,1,1,-1,1,1,1,1,-1,1,-1,1,1,1,-1,-1,1,-1,-1,-1,1,-1,-1,1,-1,1,1,1,-1,-1,1,-1,1,1,1,1,-1,1,-1,-1,1,1,-1,-1,-1,1,-1,1,-1,1,-1,1,-1,-1,1,-2656.0,1,2000,445,1500,True
2472,-1,-1,1,1,1,1,-1,1,-1,-1,-1,1,-1,1,-1,-1,1,-1,1,1,-1,1,-1,-1,-1,1,-1,-1,-1,-1,-1,-1,1,1,-1,1,1,-1,-1,-1,1,-1,1,-1,-1,-1,-1,-1,1,-1,-1,-1,1,-1,1,-1,-1,1,-1,-1,-1,1,1,1,-1,-1,-1,-1,-1,-1,1,-1,-1,-1,-1,-1,-1,1,-1,-1,-1,1,1,-1,-1,-1,-1,1,-1,1,-1,-1,-1,-1,-1,-1,-1,1,-1,1,-1,-1,-1,-1,1,-1,-1,-1,-1,-1,-1,1,-1,-1,-1,-1,-1,-1,1,-1,-1,-1,-1,-1,-1,1,-1,-1,1,-1,-1,-1,1,-1,-1,-1,-1,-1,-1,-1,-1,-1,-1,-1,-1,-1,1,-1,-1,-1,-1,-1,-1,-1,1,-1,1,-1,-1,-1,1,-1,-1,-1,1,1,-1,1,1,-1,1,1,-1,-1,1,-1,-1,-1,1,-1,1,-1,1,-1,-1,1,-1,1,1,-1,-1,-1,1,1,1,1,1,-1,-1,1,-1,1,1,1,-1,-1,1,-1,-1,1,1,-1,-1,1,-1,1,1,1,1,-1,1,-1,-1,1,1,1,-1,1,1,-1,1,1,1,-1,1,-1,-1,1,1,1,-1,1,1,1,1,1,1,-1,-1,1,-1,1,1,1,1,1,-1,1,1,1,-1,-1,1,-1,1,-1,1,-1,-1,1,-1,1,-1,1,-1,-1,1,-1,1,-1,1,-1,-1,1,1,-1,1,1,1,-1,1,1,-1,1,1,1,-1,-1,1,-1,-1,1,-1,-1,-1,1,1,-1,1,1,1,-1,1,-1,-1,1,-1,-1,-1,-1,1,-1,-1,1,-1,-1,1,1,-1,1,-1,1,-1,1,-1,-1,1,-1,-1,1,1,1,-1,1,-1,-1,1,1,-1,1,1,-1,1,-1,1,-1,-1,1,-1,1,1,1,1,1,1,-1,-1,1,1,1,1,-1,-1,-1,1,1,1,1,-1,-1,1,-1,1,1,1,-1,-1,1,-1,1,-1,1,1,-1,1,-1,1,1,1,1,-1,-1,1,1,1,-1,-1,-1,1,1,-1,-1,1,1,-1,1,-1,1,-1,1,-1,1,1,-1,1,1,1,-1,1,1,-1,1,-1,1,-1,-1,1,-1,1,1,1,1,-1,1,1,-1,1,1,-1,-1,1,-1,-1,1,-1,1,-1,-1,1,-1,1,1,-1,-1,-1,1,-1,1,-1,1,-1,-1,1,-1,1,1,-1,-1,-1,1,-1,-1,1,1,-1,-1,1,-1,1,1,-1,1,-1,1,-1,1,1,1,-1,-1,-1,-1,1,1,-1,1,-1,1,-1,1,-1,1,-1,-1,-1,1,1,-1,1,-1,-1,-1,-1,1,-1,-1,1,-1,-1,-1,1,-1,1,1,1,-1,-1,1,-1,-1,1,-1,-1,-1,-1,1,1,-1,1,-1,-1,-1,1,1,-1,1,-1,-1,-1,1,1,1,1,-1,-1,-1,1,1,-1,1,-1,1,-1,1,1,1,-1,1,1,-1,1,1,1,1,1,1,1,-1,1,1,-1,1,-1,1,-1,-1,1,-1,-1,1,-1,-1,1,-1,-1,-1,1,1,-1,1,1,-1,-1,1,1,-1,-1,1,-1,-1,-1,-1,-1,1,1,-1,-1,-1,-1,-1,1,1,-1,-1,1,1,1,-1,1,-1,-1,1,1,-1,1,1,-1,-1,-1,1,-1,-1,1,1,-1,1,1,1,1,1,-1,1,1,1,-1,1,1,1,-1,1,1,-1,1,1,-1,1,1,1,-1,1,1,-1,-1,1,-1,1,1,1,-1,1,1,-1,-1,1,1,1,1,1,1,1,1,1,1,1,1,1,1,1,1,-1,1,-1,1,-1,1,1,1,1,1,1,1,1,1,1,1,-1,1,-1,1,1,1,-1,1,-1,1,1,1,1,1,1,1,1,1,1,1,1,1,-1,-1,1,-1,1,1,1,1,-1,1,1,1,1,-1,-1,1,1,1,1,1,-1,1,-1,1,1,1,1,-1,1,-1,1,1,1,1,-1,1,-1,1,1,1,1,-1,1,-1,1,1,1,1,-1,1,-1,1,1,-1,1,1,1,1,1,1,1,1,-1,1,1,1,1,1,1,-1,1,-1,1,1,1,1,1,-1,1,1,1,1,1,1,-1,1,1,1,-1,1,-1,-1,1,1,1,-1,1,-1,1,-1,1,-1,-1,1,1,-1,1,1,-1,-1,1,1,-1,1,1,-1,-1,-1,1,1,1,1,1,-1,1,1,-1,1,1,-1,-1,1,-1,1,1,1,1,-1,-1,1,-1,1,1,1,-1,-1,-1,1,1,1,1,-1,-1,-1,-1,1,-1,1,-1,1,-1,1,1,1,1,1,-1,-1,1,1,1,1,-1,-1,-1,1,1,-1,1,-1,-1,1,1,1,1,-1,-1,-1,-1,1,1,1,1,1,-1,-1,1,1,1,1,-1,-1,-1,1,1,1,1,1,-1,-1,1,1,1,1,-1,1,-1,1,1,-1,1,1,-1,-1,1,1,-1,1,1,-1,-1,1,-1,-1,1,1,1,-1,-1,1,-1,1,1,1,-1,1,1,-1,1,-1,1,-1,1,1,-1,1,1,1,-1,-1,1,1,1,1,-1,1,-1,1,1,1,1,-1,1,-1,1,1,1,-1,-1,1,-1,1,1,-1,1,-1,-1,-1,1,-1,1,-1,1,-1,-1,1,-1,1,-1,-1,-1,-1,1,-1,1,-1,-1,-1,-1,-1,1,1,-1,1,-1,-1,1,-1,1,-1,1,-1,1,-1,-1,1,1,1,1,-1,-1,1,1,-1,-1,1,1,-1,1,1,-1,1,-1,-1,1,1,-1,-1,1,-1,-1,-1,-1,1,-1,1,1,-1,1,1,-1,-1,-1,-1,1,-1,-1,-1,-1,1,-1,-1,1,1,-1,1,1,-1,1,1,1,1,-1,1,-1,1,1,1,1,-1,1,-1,-1,-1,1,1,-1,1,-1,1,1,1,1,-1,1,-1,1,1,1,-1,-1,1,-1,-1,1,1,-1,-1,-1,1,-1,1,1,1,-1,1,-1,-1,1,-2656.0,1,2000,445,1500,True
2473,1,1,-1,-1,1,1,-1,1,1,1,1,-1,-1,1,1,1,-1,1,-1,-1,-1,1,1,1,1,-1,-1,-1,1,1,1,1,1,-1,-1,1,-1,1,1,-1,-1,-1,1,1,1,1,1,-1,1,1,1,1,-1,1,-1,-1,1,-1,1,1,1,-1,-1,-1,1,1,1,1,-1,-1,1,-1,1,1,1,-1,-1,1,-1,1,1,-1,-1,-1,-1,1,1,1,-1,-1,-1,1,-1,1,1,-1,-1,1,-1,1,1,1,-1,-1,1,-1,-1,1,1,-1,-1,1,-1,-1,1,1,-1,-1,1,-1,-1,1,1,1,-1,-1,-1,-1,1,1,1,-1,1,-1,-1,1,1,1,-1,-1,-1,-1,-1,1,1,-1,1,-1,-1,-1,1,1,-1,-1,1,-1,-1,1,1,-1,1,1,-1,-1,1,1,-1,1,1,-1,1,1,-1,-1,1,-1,-1,1,1,-1,1,-1,1,-1,1,1,-1,1,1,-1,-1,-1,1,1,1,1,1,-1,-1,1,-1,1,1,1,-1,-1,1,1,-1,1,1,-1,1,1,-1,1,1,1,-1,1,1,1,1,1,1,1,-1,1,-1,-1,1,1,-1,-1,1,1,-1,1,1,-1,-1,1,-1,1,1,1,1,-1,1,1,-1,1,1,-1,1,1,-1,1,1,1,-1,-1,1,-1,1,-1,1,1,1,1,-1,1,-1,1,1,1,1,-1,1,-1,1,1,1,1,-1,-1,1,1,1,1,1,1,-1,1,1,-1,-1,1,1,-1,-1,1,1,1,1,-1,1,-1,1,1,1,-1,1,-1,-1,1,1,1,1,-1,1,-1,1,-1,1,1,1,1,-1,1,1,1,1,1,1,-1,1,1,1,1,1,1,1,1,1,1,1,1,-1,1,1,1,-1,1,1,-1,1,1,1,-1,1,1,1,-1,1,-1,1,1,1,1,-1,1,1,-1,1,1,1,1,1,1,-1,1,1,-1,-1,1,1,1,-1,1,1,-1,-1,1,-1,1,1,1,1,-1,1,1,-1,1,1,-1,1,1,-1,-1,-1,-1,-1,1,1,-1,1,1,-1,-1,1,-1,1,-1,1,1,-1,1,-1,1,1,1,-1,-1,1,1,1,-1,1,1,1,-1,1,-1,1,1,1,-1,1,1,-1,1,-1,1,1,1,1,-1,1,-1,1,-1,1,1,1,1,-1,1,1,-1,1,-1,1,-1,1,-1,-1,-1,1,1,-1,-1,1,-1,1,1,-1,-1,1,-1,1,1,-1,1,-1,-1,1,-1,1,-1,-1,-1,1,1,1,1,-1,1,-1,1,-1,1,1,-1,-1,-1,1,1,1,-1,1,-1,-1,1,-1,1,-1,1,-1,-1,1,-1,1,1,-1,-1,-1,1,-1,1,1,-1,1,-1,1,-1,1,-1,1,-1,-1,-1,1,1,-1,1,-1,-1,1,-1,1,-1,1,-1,-1,-1,1,1,-1,1,-1,-1,-1,1,1,1,1,1,1,-1,1,1,-1,-1,1,1,1,-1,-1,1,-1,-1,1,1,-1,1,-1,-1,1,-1,1,-1,1,-1,-1,-1,1,-1,-1,1,1,-1,-1,-1,1,-1,-1,1,-1,-1,-1,1,-1,-1,1,-1,-1,-1,1,-1,-1,1,-1,-1,-1,-1,-1,1,1,-1,1,-1,-1,-1,-1,1,-1,-1,1,1,-1,-1,1,1,-1,-1,-1,1,-1,1,1,-1,1,-1,1,-1,1,1,-1,-1,1,-1,1,1,-1,-1,-1,-1,1,1,1,-1,1,-1,-1,1,1,1,1,-1,-1,-1,1,-1,1,-1,1,-1,-1,1,-1,1,1,-1,1,-1,1,1,1,1,-1,1,-1,1,-1,1,1,-1,-1,-1,-1,-1,1,1,-1,1,-1,1,-1,1,1,-1,-1,1,1,-1,1,1,-1,-1,-1,1,-1,1,1,1,-1,1,-1,-1,-1,-1,1,-1,1,-1,-1,1,-1,-1,1,1,1,-1,1,1,-1,1,1,1,-1,1,-1,1,-1,1,-1,-1,1,1,-1,1,1,-1,-1,-1,1,-1,1,-1,1,-1,-1,1,-1,1,1,-1,-1,-1,-1,1,1,1,1,-1,-1,1,-1,-1,1,1,-1,-1,-1,-1,1,-1,1,-1,-1,1,1,-1,1,1,-1,-1,1,-1,-1,1,-1,-1,-1,-1,-1,1,-1,1,-1,-1,-1,-1,1,-1,-1,-1,1,-1,1,-1,-1,1,-1,-1,-1,-1,-1,-1,1,1,-1,-1,-1,1,1,1,-1,-1,-1,1,-1,-1,1,-1,-1,-1,-1,1,1,1,-1,-1,-1,-1,1,-1,1,1,-1,1,-1,-1,1,1,-1,-1,-1,-1,-1,-1,1,1,-1,-1,1,-1,1,1,-1,-1,-1,1,-1,1,1,-1,-1,1,-1,-1,1,1,1,-1,1,-1,1,1,1,-1,-1,1,-1,-1,1,1,1,-1,1,-1,-1,1,1,-1,1,1,-1,-1,1,1,1,1,1,-1,-1,1,1,-1,1,1,-1,-1,1,1,1,1,1,1,-1,-1,1,1,1,1,-1,-1,1,-1,1,1,1,1,-1,-1,1,-1,1,1,1,-1,1,1,1,1,-1,1,-1,1,1,1,1,1,1,-1,-1,1,1,1,1,-1,1,-1,1,1,1,1,1,-1,1,1,1,1,-1,-1,1,-1,1,1,-1,1,-1,-1,-1,1,1,1,-1,1,-1,-1,1,1,1,-1,-1,-1,-1,1,1,1,-1,-1,1,-1,-1,1,1,-1,1,-1,-1,-1,1,1,-1,1,-1,1,-1,1,1,1,1,1,-1,-1,1,1,-1,-1,1,1,-1,1,1,-1,1,-1,-1,1,1,-1,-1,1,1,1,-1,1,1,-1,1,1,-1,1,1,-1,-1,-1,1,-1,-1,-1,-1,-1,1,-1,1,-1,1,-1,1,1,1,-1,1,1,1,-1,1,1,-1,1,1,1,-1,1,1,1,1,1,1,-1,-1,1,-1,1,1,1,-1,1,1,-1,1,1,-1,-1,1,1,1,1,1,-1,-1,-1,1,-1,1,1,1,-1,1,-1,1,1,-2656.0,1,2000,445,1000,True
2474,-1,-1,1,1,1,1,-1,1,-1,-1,-1,1,-1,1,-1,-1,1,-1,1,1,-1,1,-1,-1,-1,1,-1,-1,1,-1,-1,-1,1,1,-1,1,1,1,-1,-1,1,-1,1,-1,-1,-1,-1,-1,1,-1,1,-1,1,-1,1,-1,-1,1,1,-1,-1,1,1,1,-1,1,-1,-1,-1,-1,1,-1,1,1,-1,-1,-1,1,-1,-1,-1,1,1,-1,-1,1,1,-1,-1,1,-1,-1,1,1,-1,-1,-1,1,-1,1,1,1,-1,-1,1,-1,1,1,1,-1,-1,1,-1,1,1,1,-1,-1,1,-1,-1,1,1,-1,-1,1,-1,-1,1,1,-1,-1,1,-1,1,1,1,-1,-1,-1,-1,-1,1,1,1,-1,1,-1,-1,1,1,-1,-1,-1,1,-1,1,1,-1,-1,1,1,-1,1,1,1,-1,1,-1,1,1,1,-1,-1,1,-1,1,1,1,-1,1,-1,1,-1,-1,1,-1,1,1,-1,1,1,1,-1,1,1,1,-1,-1,1,-1,1,1,1,-1,-1,1,-1,-1,1,1,1,-1,1,-1,1,1,1,-1,-1,1,-1,-1,1,1,1,-1,1,-1,-1,1,1,1,-1,-1,1,-1,1,1,-1,-1,1,-1,1,1,1,1,-1,1,-1,-1,1,1,-1,1,1,-1,1,1,1,-1,-1,1,-1,1,-1,1,-1,1,1,-1,1,-1,1,-1,1,1,-1,1,-1,1,-1,1,1,1,-1,1,1,-1,-1,1,-1,-1,1,1,-1,1,1,1,-1,-1,1,-1,1,1,-1,1,-1,1,1,-1,1,-1,-1,-1,1,-1,-1,1,-1,1,-1,-1,1,-1,1,1,1,-1,1,-1,-1,1,1,-1,-1,1,-1,-1,1,-1,1,-1,1,-1,-1,1,1,-1,1,1,-1,1,-1,1,-1,1,1,-1,1,1,1,1,1,1,-1,1,1,1,1,1,-1,-1,1,1,1,1,1,-1,-1,1,-1,1,1,1,-1,-1,1,-1,1,1,1,1,-1,1,-1,1,1,1,1,-1,-1,1,1,1,-1,-1,-1,1,1,-1,-1,1,1,-1,1,-1,1,-1,1,-1,1,1,-1,1,1,1,-1,1,1,-1,1,-1,1,-1,-1,1,-1,1,1,1,1,-1,1,1,-1,1,1,-1,-1,1,-1,-1,1,-1,1,-1,-1,1,-1,-1,1,-1,-1,-1,1,-1,1,-1,1,-1,-1,1,-1,1,-1,-1,-1,-1,1,-1,-1,1,1,-1,-1,1,-1,1,1,-1,1,-1,1,-1,1,-1,1,-1,-1,-1,-1,1,-1,-1,-1,-1,1,-1,1,-1,1,-1,-1,-1,1,1,-1,1,-1,-1,-1,-1,1,-1,-1,-1,-1,-1,1,-1,1,1,-1,-1,-1,-1,1,-1,-1,1,-1,-1,-1,1,-1,1,-1,1,-1,-1,1,-1,1,-1,-1,-1,-1,1,-1,1,1,1,-1,-1,-1,1,1,-1,1,-1,-1,-1,1,1,1,-1,1,1,-1,1,1,1,1,1,1,1,-1,1,1,-1,1,-1,1,1,-1,1,-1,-1,1,-1,-1,1,-1,-1,-1,1,1,-1,1,1,-1,-1,1,1,-1,-1,1,-1,-1,-1,-1,-1,1,1,-1,-1,-1,-1,-1,1,1,-1,1,1,1,1,-1,1,-1,-1,1,1,-1,1,1,-1,-1,-1,1,-1,-1,1,1,-1,1,1,1,1,1,1,-1,1,1,-1,1,1,-1,1,1,1,-1,1,1,-1,1,1,1,-1,1,1,-1,-1,1,-1,1,-1,1,1,1,1,1,-1,1,1,1,1,1,1,1,1,1,-1,1,1,1,1,-1,1,1,1,-1,1,-1,1,-1,1,1,1,1,1,1,-1,1,1,-1,1,1,1,-1,-1,1,1,-1,1,1,-1,-1,1,1,1,1,1,-1,1,1,1,-1,1,1,-1,1,-1,1,1,1,1,-1,1,1,-1,1,1,-1,1,1,1,-1,1,-1,-1,-1,1,-1,-1,1,-1,-1,-1,1,1,-1,1,1,1,-1,1,-1,-1,1,1,1,-1,1,1,-1,1,-1,-1,-1,1,-1,-1,1,1,1,-1,1,1,-1,1,1,1,-1,1,-1,1,-1,1,1,-1,-1,-1,-1,-1,1,1,-1,1,-1,1,-1,1,1,-1,-1,-1,-1,-1,1,-1,-1,-1,-1,-1,1,-1,-1,1,-1,-1,1,-1,1,1,-1,-1,-1,1,-1,1,1,-1,-1,-1,1,1,1,1,-1,1,-1,1,-1,1,1,-1,-1,-1,1,1,1,1,1,-1,-1,1,-1,1,1,-1,1,-1,-1,1,1,1,-1,-1,-1,-1,-1,1,-1,1,-1,1,-1,1,1,1,1,1,-1,-1,1,1,1,1,-1,1,-1,1,1,-1,1,-1,-1,1,1,1,1,-1,1,-1,-1,1,-1,1,1,1,-1,-1,1,1,1,-1,1,1,-1,1,1,1,1,1,1,-1,1,1,1,1,1,1,-1,1,1,-1,1,1,-1,-1,1,1,-1,1,1,1,-1,1,-1,1,1,1,1,-1,-1,1,-1,1,1,1,-1,1,1,-1,1,1,1,-1,1,1,-1,1,1,1,-1,-1,-1,1,1,1,-1,1,-1,1,1,1,1,-1,1,-1,1,1,1,-1,-1,1,-1,1,1,-1,1,-1,-1,-1,1,-1,1,-1,1,-1,-1,1,-1,1,-1,-1,-1,-1,1,-1,1,-1,-1,1,-1,-1,1,1,-1,1,-1,-1,-1,-1,1,-1,1,-1,-1,1,-1,1,1,1,1,-1,-1,1,1,-1,-1,1,1,1,1,1,-1,1,-1,-1,1,1,-1,-1,1,-1,-1,-1,-1,1,-1,1,1,1,1,1,-1,-1,-1,-1,-1,-1,-1,-1,-1,1,-1,1,1,1,-1,1,1,-1,1,1,1,1,-1,1,-1,1,1,1,1,-1,1,-1,1,1,1,1,-1,1,-1,1,1,1,1,-1,1,-1,1,1,1,-1,-1,1,-1,-1,1,1,-1,-1,-1,1,-1,1,-1,1,-1,1,-1,-1,1,-2656.0,1,2000,445,1500,True
2475,-1,-1,1,1,1,1,-1,1,-1,-1,-1,1,-1,1,-1,-1,1,-1,1,1,1,1,-1,-1,-1,1,-1,-1,-1,-1,-1,-1,1,1,-1,1,1,-1,-1,-1,1,-1,1,-1,-1,-1,-1,-1,1,-1,1,-1,1,-1,1,-1,-1,1,-1,-1,-1,1,1,1,-1,-1,-1,-1,-1,-1,1,-1,-1,-1,-1,-1,1,1,-1,1,-1,1,1,-1,-1,-1,-1,-1,-1,1,-1,-1,1,-1,-1,-1,-1,1,-1,1,-1,-1,-1,-1,1,-1,1,-1,-1,-1,-1,1,-1,1,-1,-1,-1,-1,1,-1,1,-1,-1,-1,-1,1,-1,1,-1,-1,-1,-1,1,-1,1,-1,-1,-1,-1,1,-1,1,-1,-1,-1,-1,-1,-1,-1,1,-1,-1,-1,1,1,-1,1,-1,-1,-1,1,-1,1,1,-1,1,-1,1,1,1,1,1,-1,-1,1,-1,1,-1,-1,-1,1,-1,-1,1,1,1,-1,1,-1,1,1,-1,1,-1,1,1,-1,1,-1,1,-1,1,1,-1,1,-1,-1,-1,-1,1,1,1,-1,1,-1,1,1,-1,1,-1,1,-1,-1,1,-1,-1,1,1,-1,-1,1,-1,1,1,-1,1,-1,1,-1,1,-1,1,-1,1,1,-1,-1,1,1,1,-1,1,-1,1,1,1,-1,1,-1,-1,1,-1,1,-1,1,1,-1,-1,1,1,-1,1,-1,-1,1,1,1,-1,1,-1,1,-1,-1,1,1,-1,1,1,-1,-1,1,-1,-1,1,1,-1,1,1,1,-1,-1,1,-1,1,1,-1,1,-1,1,-1,-1,1,-1,-1,-1,1,-1,-1,1,-1,1,-1,1,1,-1,1,1,1,-1,1,-1,-1,1,1,-1,-1,1,-1,-1,1,-1,1,-1,1,-1,-1,1,1,-1,1,1,-1,1,-1,1,-1,-1,1,-1,1,1,1,1,1,1,-1,1,1,1,1,1,-1,-1,1,1,1,1,1,-1,-1,1,-1,1,1,1,-1,-1,1,-1,1,-1,1,1,-1,1,-1,1,1,1,1,-1,-1,1,1,1,1,-1,-1,1,1,-1,-1,1,1,-1,1,-1,1,-1,1,-1,1,1,-1,1,1,1,-1,-1,1,-1,1,-1,1,-1,-1,1,-1,1,1,1,1,-1,1,1,-1,1,1,-1,-1,1,-1,-1,1,-1,1,-1,-1,1,-1,1,1,-1,-1,1,1,-1,1,-1,1,-1,-1,1,-1,1,-1,-1,-1,-1,1,-1,-1,1,1,-1,-1,1,-1,1,1,-1,1,-1,1,-1,1,-1,1,-1,-1,-1,-1,-1,-1,-1,1,-1,1,-1,1,-1,1,-1,-1,-1,1,1,1,1,-1,-1,-1,-1,1,-1,-1,1,-1,-1,1,-1,1,1,1,-1,-1,-1,1,-1,-1,1,-1,-1,-1,1,-1,1,-1,-1,-1,-1,-1,-1,1,-1,1,-1,-1,1,-1,1,1,1,-1,-1,-1,1,1,-1,1,-1,-1,-1,1,1,1,-1,1,1,-1,1,1,1,1,1,1,1,-1,1,1,-1,1,-1,1,-1,-1,1,1,-1,1,-1,-1,1,1,1,-1,1,1,-1,1,1,1,-1,1,1,-1,-1,1,1,-1,-1,-1,-1,1,1,1,-1,-1,-1,-1,1,1,1,1,1,1,1,-1,1,1,-1,1,1,-1,1,1,-1,1,-1,1,-1,-1,1,1,1,1,1,1,1,1,-1,1,1,1,-1,1,1,1,1,1,1,-1,1,-1,1,1,1,1,-1,-1,-1,1,-1,1,-1,1,-1,-1,-1,1,1,-1,-1,1,-1,-1,1,1,-1,1,1,-1,-1,1,1,1,1,1,-1,-1,1,-1,1,-1,1,-1,-1,1,1,1,1,1,-1,-1,1,1,1,-1,1,-1,-1,1,1,-1,1,1,-1,-1,1,1,1,1,1,-1,1,-1,1,1,-1,1,1,1,-1,1,1,1,1,-1,1,1,-1,1,1,1,1,-1,1,-1,1,-1,1,-1,1,-1,-1,1,-1,1,1,-1,1,-1,1,1,1,1,-1,1,-1,1,1,1,1,1,1,-1,1,-1,1,1,-1,-1,-1,1,1,1,1,1,1,-1,1,1,1,1,1,-1,1,-1,1,1,1,-1,-1,-1,-1,1,1,1,1,-1,1,-1,1,1,1,-1,-1,-1,-1,1,1,1,-1,-1,-1,1,-1,1,1,-1,-1,1,-1,1,1,-1,-1,-1,1,-1,1,1,1,-1,-1,1,1,1,1,1,1,-1,1,-1,1,1,1,-1,-1,1,1,1,1,1,-1,-1,1,-1,1,1,1,-1,-1,-1,1,1,1,1,-1,-1,-1,-1,1,-1,1,-1,1,-1,1,1,1,1,1,-1,-1,1,1,1,1,-1,1,-1,1,1,-1,1,-1,-1,1,1,1,1,-1,1,-1,-1,1,-1,1,1,1,-1,-1,1,1,1,-1,1,1,-1,1,1,1,1,1,1,-1,1,1,1,1,1,1,-1,1,1,-1,1,1,-1,-1,1,1,-1,1,1,1,-1,1,-1,-1,1,1,1,-1,-1,1,-1,1,1,1,-1,1,1,-1,1,1,1,-1,1,1,-1,1,1,1,-1,-1,1,1,1,1,-1,1,-1,1,1,1,1,-1,1,-1,1,1,1,-1,-1,1,-1,1,1,-1,1,-1,-1,-1,1,-1,1,-1,1,-1,-1,1,-1,1,-1,-1,-1,-1,1,-1,1,-1,-1,-1,-1,-1,1,1,-1,1,-1,-1,-1,-1,1,-1,1,-1,-1,1,-1,1,1,1,1,-1,-1,1,-1,-1,-1,1,1,1,1,-1,-1,1,-1,-1,1,1,-1,-1,1,-1,-1,-1,-1,1,-1,1,1,1,1,-1,1,-1,-1,-1,-1,-1,-1,-1,-1,1,-1,1,1,1,-1,1,1,-1,1,1,-1,-1,-1,1,-1,1,1,1,1,-1,1,-1,1,1,1,-1,1,1,-1,1,1,1,-1,-1,1,-1,1,-1,-1,-1,-1,1,-1,-1,1,1,-1,1,1,1,-1,1,-1,1,-1,1,-1,-1,1,-2656.0,1,2000,445,1500,True
2476,1,1,-1,-1,1,-1,-1,1,1,1,1,-1,1,1,1,1,-1,1,-1,-1,-1,1,1,1,1,-1,1,-1,1,1,1,1,1,-1,-1,1,-1,1,1,1,-1,-1,1,1,1,1,-1,-1,1,1,1,1,-1,1,-1,-1,-1,-1,1,1,-1,-1,-1,-1,1,1,1,-1,-1,-1,1,-1,1,1,1,-1,-1,1,-1,1,1,-1,-1,-1,-1,1,1,1,-1,-1,1,1,-1,1,1,-1,-1,-1,-1,1,1,1,-1,-1,-1,-1,-1,1,1,-1,-1,1,-1,-1,1,1,-1,-1,1,-1,-1,1,1,1,-1,-1,-1,-1,1,1,1,-1,-1,-1,-1,1,1,1,-1,-1,-1,-1,1,1,1,-1,1,-1,-1,-1,1,-1,-1,-1,1,-1,1,1,-1,-1,-1,1,-1,-1,1,-1,1,-1,1,-1,-1,-1,-1,-1,-1,-1,-1,1,-1,-1,-1,1,1,-1,1,-1,-1,-1,-1,-1,-1,-1,1,-1,1,-1,1,-1,1,-1,1,-1,-1,1,-1,1,-1,-1,-1,1,1,-1,1,-1,-1,-1,1,1,1,1,-1,1,-1,-1,1,1,-1,1,-1,-1,1,1,-1,1,-1,1,-1,-1,1,1,1,-1,1,1,-1,1,1,1,-1,-1,1,-1,1,1,-1,1,1,1,-1,1,1,1,-1,1,-1,-1,1,-1,-1,-1,1,-1,-1,1,1,-1,-1,1,-1,-1,1,-1,1,-1,1,-1,-1,1,1,1,-1,1,1,-1,1,1,-1,-1,-1,1,-1,1,-1,-1,-1,1,1,-1,1,1,1,-1,-1,1,-1,1,-1,-1,-1,1,1,-1,-1,1,-1,-1,1,1,-1,1,-1,-1,-1,1,-1,1,1,-1,-1,-1,1,1,-1,1,-1,-1,1,-1,1,-1,1,-1,1,1,-1,1,-1,1,-1,1,1,1,-1,1,1,-1,-1,1,1,-1,1,-1,-1,-1,1,1,1,1,-1,-1,1,-1,1,1,1,-1,-1,1,-1,1,-1,1,1,-1,1,-1,1,-1,1,1,-1,-1,1,1,-1,1,-1,-1,1,1,-1,-1,1,1,-1,1,-1,1,-1,1,-1,1,1,-1,1,-1,1,-1,1,1,-1,-1,1,1,-1,-1,1,-1,1,-1,-1,1,-1,1,1,-1,-1,1,-1,-1,1,-1,-1,1,-1,1,-1,-1,1,-1,-1,1,-1,-1,-1,1,-1,1,-1,1,-1,1,1,-1,-1,-1,-1,-1,-1,1,-1,-1,1,1,-1,-1,1,-1,1,-1,-1,1,-1,1,-1,-1,1,1,-1,-1,-1,-1,-1,-1,-1,1,-1,1,-1,-1,1,1,-1,-1,-1,1,-1,1,1,-1,-1,-1,-1,-1,-1,-1,1,-1,-1,1,-1,1,1,1,1,-1,-1,1,-1,-1,1,-1,-1,-1,1,-1,1,-1,1,-1,-1,-1,-1,1,-1,1,-1,-1,1,-1,1,1,1,-1,-1,-1,-1,1,-1,1,-1,-1,-1,1,1,1,-1,1,1,-1,1,1,1,1,1,-1,1,-1,1,1,-1,1,-1,1,-1,1,-1,-1,-1,1,-1,-1,1,-1,-1,-1,1,1,-1,1,1,-1,-1,1,1,-1,-1,1,-1,-1,-1,-1,-1,-1,1,-1,-1,-1,-1,-1,-1,1,-1,-1,1,1,1,1,1,-1,-1,1,1,-1,-1,1,-1,-1,-1,1,-1,-1,1,1,-1,1,1,1,-1,1,-1,1,1,1,-1,-1,1,1,-1,1,1,-1,1,1,-1,1,1,1,-1,1,1,-1,-1,1,-1,1,1,1,-1,1,1,-1,-1,-1,1,-1,1,1,-1,1,-1,1,1,1,1,1,1,1,1,-1,1,-1,1,-1,-1,1,1,1,1,1,1,-1,1,-1,1,-1,1,-1,-1,1,1,-1,1,-1,1,-1,1,1,1,1,1,1,-1,1,-1,1,1,-1,-1,-1,-1,-1,1,1,1,-1,-1,1,-1,1,-1,-1,1,-1,-1,-1,1,-1,1,-1,-1,1,-1,1,-1,1,-1,-1,1,-1,1,-1,1,-1,-1,-1,-1,1,-1,1,-1,-1,-1,-1,1,-1,1,-1,-1,-1,-1,1,1,1,1,-1,-1,1,1,-1,1,1,-1,-1,-1,1,-1,1,-1,-1,-1,1,1,1,-1,1,-1,-1,-1,1,1,-1,1,-1,-1,1,1,-1,-1,1,-1,-1,1,1,-1,1,-1,-1,1,1,1,1,-1,1,-1,1,1,1,1,-1,1,1,-1,1,1,1,1,1,-1,-1,1,1,1,-1,1,-1,1,1,1,-1,1,1,-1,1,-1,1,1,-1,1,1,-1,1,1,-1,1,1,1,-1,1,1,-1,-1,1,1,-1,1,1,-1,1,1,-1,-1,1,-1,-1,1,1,-1,-1,1,1,-1,1,1,1,-1,1,-1,1,1,1,-1,1,1,-1,-1,1,1,1,1,-1,1,-1,1,1,1,-1,-1,-1,-1,1,1,1,1,-1,1,-1,1,1,1,1,1,-1,-1,1,1,1,1,1,-1,-1,1,1,1,1,-1,-1,-1,1,-1,1,1,1,-1,1,1,1,-1,1,1,-1,-1,1,1,1,1,1,-1,1,1,1,1,1,1,-1,1,-1,1,1,1,1,-1,1,-1,1,1,1,-1,1,1,1,1,1,1,1,-1,1,1,1,1,-1,1,-1,1,1,1,1,1,-1,1,1,1,1,1,1,1,-1,1,-1,1,1,1,1,1,-1,1,1,1,1,-1,1,1,1,-1,1,1,-1,1,-1,1,-1,1,1,1,1,-1,-1,1,1,1,1,1,-1,-1,1,-1,1,-1,1,1,1,1,1,1,1,1,1,1,1,1,1,1,-1,-1,1,1,1,-1,1,1,-1,-1,-1,1,1,1,1,-1,1,1,1,1,1,1,-1,-1,1,1,1,1,1,-1,1,1,1,1,1,1,-1,1,1,1,1,1,1,-1,1,1,1,1,1,1,-1,1,-1,1,1,1,1,-1,-1,1,1,-1,1,1,-1,1,1,1,-1,1,1,1,-1,1,-2656.0,1,2000,445,500,True
2477,1,1,-1,-1,1,1,-1,1,1,1,1,-1,1,1,1,1,-1,1,-1,-1,-1,1,1,1,1,1,-1,-1,1,1,1,1,-1,-1,-1,1,-1,1,1,1,-1,-1,1,1,1,1,1,1,-1,-1,1,1,-1,1,-1,-1,1,-1,1,1,1,-1,-1,1,1,1,1,1,1,-1,1,-1,1,1,1,1,1,-1,1,1,1,-1,1,-1,-1,1,1,1,1,-1,-1,1,-1,1,1,1,1,1,-1,-1,1,1,1,1,1,-1,-1,1,1,1,1,-1,-1,-1,1,1,1,1,1,-1,-1,1,1,1,1,-1,-1,-1,1,1,1,1,1,-1,-1,1,1,1,1,1,-1,-1,-1,1,1,1,-1,-1,-1,-1,1,1,1,1,1,-1,1,1,1,1,1,-1,-1,-1,1,1,1,1,1,-1,1,1,1,1,1,-1,-1,1,1,1,1,-1,1,-1,1,1,1,1,1,-1,-1,-1,1,1,1,1,1,-1,-1,1,-1,1,1,1,-1,-1,1,1,1,1,1,-1,1,1,-1,1,1,1,-1,1,1,1,1,1,1,1,-1,1,-1,1,-1,1,-1,-1,1,1,1,1,1,-1,-1,1,-1,-1,1,1,1,-1,1,1,-1,1,1,-1,1,1,-1,-1,1,1,-1,-1,1,-1,1,-1,1,1,1,1,-1,1,-1,1,1,1,1,-1,1,-1,1,1,1,1,-1,-1,1,1,1,1,1,1,-1,1,1,-1,-1,1,1,1,-1,1,1,1,1,-1,1,-1,-1,1,1,-1,1,1,1,-1,1,1,1,-1,-1,-1,1,-1,1,1,1,1,-1,1,1,1,1,1,1,1,1,1,1,1,1,-1,1,1,1,1,1,1,-1,1,1,1,-1,1,1,1,-1,1,1,-1,1,1,-1,1,1,-1,1,1,1,-1,1,1,1,1,1,1,-1,1,1,1,-1,1,1,-1,1,1,1,1,-1,1,-1,1,1,1,-1,1,1,1,-1,1,1,1,-1,1,-1,1,1,1,-1,-1,-1,-1,1,1,1,-1,1,1,-1,1,1,-1,1,-1,1,1,1,1,-1,1,1,1,-1,1,1,1,1,-1,1,1,1,-1,1,-1,1,1,1,1,1,1,-1,-1,-1,1,-1,-1,1,-1,1,-1,1,1,1,1,1,-1,-1,1,-1,-1,1,-1,1,-1,1,1,-1,1,1,1,-1,-1,1,-1,1,1,-1,-1,1,1,1,-1,1,-1,-1,-1,1,-1,1,-1,-1,-1,1,1,1,1,-1,1,-1,1,-1,-1,1,-1,-1,-1,1,-1,1,1,-1,-1,-1,1,-1,1,1,-1,-1,-1,1,-1,-1,1,1,-1,-1,1,-1,1,-1,1,-1,-1,1,1,-1,-1,1,-1,-1,-1,1,1,-1,1,-1,-1,1,1,-1,1,1,-1,-1,-1,1,-1,1,1,-1,-1,-1,1,-1,-1,1,1,1,-1,1,-1,1,-1,1,-1,1,-1,1,1,-1,1,-1,1,1,-1,1,-1,1,-1,1,1,1,-1,-1,-1,-1,-1,1,1,1,-1,-1,-1,1,1,-1,1,-1,-1,-1,1,1,-1,1,-1,-1,-1,1,1,-1,1,-1,-1,-1,-1,1,1,1,-1,1,-1,-1,1,-1,1,-1,-1,1,-1,1,-1,1,1,-1,-1,-1,-1,-1,1,1,-1,-1,-1,1,-1,-1,1,-1,-1,-1,1,1,1,-1,-1,-1,-1,-1,1,1,-1,1,-1,-1,1,1,1,1,-1,-1,-1,-1,-1,1,-1,1,-1,-1,1,-1,1,1,-1,1,-1,-1,1,1,1,-1,1,-1,1,-1,1,1,-1,-1,-1,-1,-1,1,1,-1,1,-1,1,-1,1,1,1,-1,1,-1,-1,1,1,-1,-1,-1,1,-1,1,1,1,-1,1,-1,-1,1,-1,1,-1,1,-1,-1,1,-1,-1,1,-1,1,-1,1,1,-1,1,-1,1,-1,1,-1,1,-1,1,-1,-1,1,1,-1,1,-1,-1,-1,-1,1,-1,1,-1,1,-1,-1,1,-1,1,1,-1,-1,-1,-1,1,1,1,1,-1,-1,1,-1,-1,1,1,-1,-1,-1,-1,1,-1,1,-1,-1,1,1,-1,1,1,-1,-1,1,-1,-1,1,1,-1,-1,-1,-1,1,-1,1,-1,-1,-1,-1,-1,1,-1,-1,1,-1,-1,1,-1,1,-1,-1,-1,-1,-1,1,1,1,-1,-1,-1,1,1,1,-1,-1,-1,1,-1,-1,1,-1,-1,-1,-1,1,1,1,-1,-1,-1,-1,1,-1,1,1,-1,1,-1,-1,1,1,-1,-1,-1,-1,-1,-1,1,1,-1,-1,1,-1,1,1,-1,-1,-1,1,-1,1,1,-1,-1,1,-1,-1,1,1,1,-1,1,-1,1,1,1,-1,-1,1,-1,-1,1,1,-1,-1,1,-1,-1,1,1,-1,1,1,-1,-1,1,1,-1,-1,1,-1,-1,1,1,-1,-1,1,-1,-1,1,1,1,-1,-1,1,-1,-1,1,-1,-1,1,-1,-1,1,-1,1,-1,-1,1,-1,-1,1,1,-1,-1,1,-1,1,1,1,-1,-1,1,-1,1,1,1,-1,-1,1,1,-1,1,-1,-1,1,-1,1,-1,1,-1,-1,1,1,-1,1,1,-1,-1,1,1,1,-1,1,-1,1,-1,1,-1,-1,1,1,-1,1,-1,1,-1,1,1,-1,-1,-1,1,-1,1,1,-1,-1,1,-1,-1,-1,1,-1,1,-1,1,-1,-1,1,-1,1,-1,1,-1,-1,1,-1,-1,1,-1,-1,-1,1,-1,-1,-1,-1,1,-1,1,-1,-1,1,1,-1,1,1,-1,-1,1,1,-1,-1,1,1,-1,1,1,-1,1,1,1,-1,-1,-1,1,-1,-1,-1,-1,-1,-1,-1,1,1,-1,1,1,-1,1,1,1,-1,-1,1,-1,1,1,1,-1,-1,1,-1,-1,-1,1,-1,-1,1,-1,1,1,1,-1,-1,1,-1,1,1,1,1,-1,1,-1,-1,1,1,-1,-1,-1,1,-1,1,-1,1,-1,1,-1,-1,1,-2656.0,1,2000,445,1000,True
2478,1,1,-1,-1,1,1,-1,1,1,1,1,-1,-1,1,1,1,-1,1,-1,-1,-1,1,1,1,1,-1,-1,-1,1,1,1,1,1,-1,-1,1,-1,1,1,-1,-1,-1,1,1,1,1,-1,-1,1,1,1,1,1,1,-1,-1,1,-1,1,1,-1,-1,-1,1,1,1,1,-1,-1,-1,1,-1,1,1,1,-1,-1,1,1,1,1,-1,-1,-1,-1,1,1,1,-1,1,-1,1,-1,1,1,-1,-1,1,-1,1,1,1,-1,-1,1,-1,-1,1,1,-1,-1,-1,-1,-1,1,1,-1,-1,1,-1,-1,1,1,1,-1,-1,-1,-1,1,1,1,-1,1,-1,-1,1,1,1,-1,1,-1,-1,1,1,1,-1,1,-1,-1,-1,1,1,-1,1,1,-1,-1,1,1,-1,1,1,-1,-1,1,1,-1,1,1,-1,1,1,-1,-1,1,-1,-1,1,1,-1,1,-1,1,-1,1,1,-1,1,1,-1,-1,-1,1,-1,1,1,1,-1,1,1,1,-1,1,1,-1,-1,1,-1,-1,1,1,-1,1,1,-1,-1,1,1,1,1,1,1,-1,-1,1,1,-1,1,-1,-1,1,1,1,-1,1,1,-1,-1,1,1,-1,1,-1,1,-1,1,1,-1,1,-1,1,-1,1,-1,1,1,1,1,-1,1,-1,-1,-1,1,-1,-1,1,-1,1,-1,1,-1,-1,1,-1,1,1,1,-1,-1,1,-1,1,1,-1,1,-1,1,-1,1,1,1,1,-1,1,1,-1,1,-1,1,-1,1,-1,1,1,1,-1,-1,1,1,1,-1,1,1,-1,1,-1,-1,1,-1,1,-1,1,1,-1,1,1,1,-1,1,-1,-1,1,1,-1,-1,1,-1,1,1,1,-1,-1,1,-1,1,1,-1,-1,1,1,-1,-1,1,-1,1,-1,1,-1,1,1,1,-1,1,1,-1,1,1,1,-1,1,-1,-1,1,1,1,-1,1,-1,-1,-1,1,1,-1,1,-1,-1,1,-1,1,-1,1,1,-1,-1,1,1,1,1,1,-1,-1,1,1,-1,1,-1,1,-1,-1,-1,-1,1,1,-1,-1,1,1,-1,1,1,-1,-1,1,1,1,1,1,-1,1,1,1,-1,1,-1,-1,-1,-1,1,1,1,1,-1,-1,1,1,1,1,-1,-1,-1,-1,-1,1,-1,-1,-1,1,-1,1,1,1,1,1,1,1,-1,1,-1,1,-1,-1,1,-1,1,1,1,1,-1,1,-1,-1,1,1,-1,-1,1,-1,1,1,1,-1,-1,1,-1,-1,1,1,-1,1,1,-1,1,1,-1,-1,1,1,-1,1,-1,-1,-1,1,-1,-1,1,-1,-1,-1,1,-1,-1,1,-1,-1,-1,1,-1,-1,1,-1,-1,-1,1,-1,-1,1,-1,-1,-1,1,1,-1,1,1,-1,-1,1,1,-1,-1,-1,1,-1,1,-1,-1,1,-1,-1,1,-1,1,-1,-1,1,-1,1,-1,1,-1,-1,1,-1,-1,1,1,1,-1,1,-1,1,-1,-1,1,1,-1,1,1,-1,1,-1,-1,1,-1,1,-1,-1,1,-1,1,1,-1,-1,-1,1,1,1,1,1,-1,-1,1,-1,1,-1,1,-1,-1,-1,1,1,-1,1,-1,-1,-1,-1,1,-1,1,-1,-1,1,1,1,1,1,-1,-1,-1,1,1,-1,1,-1,-1,-1,-1,1,-1,1,1,-1,1,-1,-1,-1,1,-1,1,1,-1,1,-1,-1,1,-1,1,-1,1,1,1,-1,1,1,1,-1,1,1,-1,-1,1,1,1,1,1,-1,1,1,1,-1,-1,1,1,1,1,1,1,-1,1,1,1,1,1,-1,1,1,-1,1,1,1,1,-1,1,1,1,1,1,1,-1,1,1,1,1,1,1,-1,1,1,-1,1,-1,1,-1,1,1,1,1,1,1,-1,1,1,-1,1,1,1,-1,-1,-1,1,1,1,-1,-1,1,-1,1,1,1,1,-1,-1,1,1,1,1,1,-1,1,-1,-1,1,-1,1,-1,-1,1,-1,1,1,-1,-1,-1,1,-1,1,1,-1,-1,-1,1,-1,1,-1,1,-1,-1,-1,1,1,-1,-1,-1,-1,1,-1,-1,-1,-1,-1,-1,-1,-1,1,-1,-1,-1,-1,1,1,-1,1,-1,-1,-1,1,-1,-1,1,-1,-1,-1,-1,-1,-1,1,-1,-1,-1,-1,-1,1,-1,-1,-1,1,-1,-1,1,-1,1,-1,-1,-1,-1,-1,-1,-1,1,-1,-1,-1,1,1,-1,-1,-1,-1,1,-1,-1,-1,1,-1,-1,-1,1,-1,1,-1,-1,1,-1,1,-1,1,-1,-1,1,-1,-1,1,1,-1,-1,-1,-1,-1,-1,1,1,-1,-1,1,-1,1,1,-1,-1,-1,1,-1,-1,1,1,-1,1,1,-1,1,1,1,-1,1,-1,1,1,1,-1,-1,1,-1,-1,1,-1,1,1,-1,1,-1,1,1,1,-1,1,-1,-1,1,1,1,1,-1,1,-1,1,1,1,1,1,-1,-1,1,1,1,1,1,-1,-1,-1,1,1,1,-1,-1,-1,1,-1,1,1,1,-1,-1,-1,1,-1,1,1,-1,-1,1,1,1,1,1,-1,1,1,1,1,1,1,-1,1,-1,1,1,1,1,-1,1,-1,1,1,1,-1,1,-1,1,1,1,1,1,1,1,-1,1,1,-1,1,1,-1,-1,1,1,1,1,-1,1,-1,1,1,1,1,1,1,-1,1,1,1,1,1,-1,-1,-1,1,1,-1,1,1,-1,-1,1,1,1,1,-1,1,-1,1,1,1,-1,1,-1,-1,1,-1,1,1,-1,1,-1,1,1,-1,1,1,-1,1,1,-1,1,1,-1,-1,-1,1,-1,1,1,1,-1,1,1,-1,1,1,-1,1,-1,-1,-1,1,1,-1,-1,1,1,-1,1,1,-1,1,1,1,-1,1,1,-1,1,1,1,-1,1,1,-1,-1,1,1,-1,-1,1,-1,1,1,1,-1,-1,1,-1,1,1,1,1,-1,1,-1,-1,1,1,-1,-1,1,1,-1,1,1,1,-1,1,-1,-1,1,-2656.0,1,2000,445,500,True
2479,1,1,-1,-1,1,-1,-1,-1,1,1,1,-1,1,1,1,1,-1,1,-1,-1,-1,-1,1,1,1,-1,1,-1,1,1,1,1,1,-1,-1,-1,1,-1,1,1,-1,-1,-1,1,1,1,1,-1,1,1,1,1,-1,1,-1,-1,1,-1,1,1,1,-1,-1,-1,1,1,1,1,-1,-1,-1,1,1,1,1,-1,-1,-1,1,1,1,-1,-1,-1,1,1,1,1,-1,-1,1,1,1,1,1,-1,-1,-1,1,-1,1,1,-1,-1,-1,1,1,1,1,-1,-1,1,1,1,1,1,-1,-1,1,1,1,1,1,1,-1,-1,1,1,-1,1,1,-1,-1,1,1,1,1,1,-1,-1,1,1,1,1,1,-1,1,1,1,1,1,1,-1,-1,-1,1,1,1,1,-1,-1,1,1,1,-1,1,-1,-1,-1,1,1,1,-1,-1,-1,1,1,1,1,-1,-1,1,-1,1,-1,1,-1,-1,-1,1,1,1,1,1,-1,-1,-1,1,-1,1,-1,1,-1,-1,1,-1,1,1,-1,-1,-1,1,-1,1,-1,1,-1,-1,1,-1,1,-1,-1,-1,-1,-1,1,1,-1,-1,-1,-1,1,-1,-1,1,-1,-1,-1,1,-1,1,-1,1,-1,-1,-1,-1,1,-1,1,-1,-1,1,1,1,-1,1,-1,-1,1,-1,1,-1,1,-1,1,-1,1,1,-1,1,1,-1,-1,1,1,-1,-1,1,-1,-1,1,1,-1,-1,-1,1,-1,-1,1,-1,-1,-1,1,-1,1,1,1,1,1,1,-1,1,1,-1,1,-1,1,1,-1,1,-1,1,1,1,-1,-1,1,-1,-1,1,1,1,-1,1,1,-1,1,1,-1,-1,1,1,1,1,1,-1,1,1,-1,1,-1,1,-1,1,1,-1,-1,1,1,-1,1,-1,1,1,1,1,-1,1,1,1,-1,-1,1,-1,1,1,1,-1,-1,-1,-1,1,1,1,-1,-1,-1,-1,1,1,1,-1,-1,-1,-1,-1,-1,1,-1,-1,1,-1,1,1,1,1,-1,1,-1,-1,-1,1,-1,1,-1,-1,1,-1,-1,-1,-1,1,-1,1,-1,1,-1,-1,-1,1,-1,1,1,1,-1,-1,1,-1,1,1,-1,-1,-1,-1,-1,-1,1,1,1,1,-1,-1,1,1,1,-1,-1,-1,1,-1,-1,1,1,1,-1,1,-1,1,1,-1,-1,-1,1,1,-1,1,1,1,-1,-1,1,-1,1,-1,-1,-1,-1,1,-1,-1,1,1,-1,-1,1,-1,1,1,-1,1,-1,1,-1,-1,1,1,-1,-1,1,-1,1,1,-1,-1,1,1,-1,1,-1,1,-1,1,-1,-1,1,1,1,-1,1,-1,-1,1,-1,-1,-1,1,-1,-1,1,1,1,-1,1,-1,-1,1,-1,-1,1,-1,1,-1,1,-1,1,-1,1,1,-1,-1,1,1,-1,1,-1,-1,1,-1,1,1,1,1,-1,-1,1,1,-1,1,1,-1,-1,1,1,1,-1,1,1,-1,1,1,1,1,-1,1,1,-1,-1,-1,1,-1,-1,1,1,1,-1,1,-1,1,-1,-1,-1,1,1,-1,1,1,-1,-1,-1,1,-1,1,1,-1,1,-1,1,-1,-1,-1,-1,-1,-1,1,-1,-1,-1,-1,-1,-1,1,-1,1,1,1,1,-1,1,-1,1,1,-1,-1,-1,1,-1,-1,1,-1,1,-1,-1,1,1,1,1,-1,-1,1,1,1,1,-1,1,-1,-1,1,1,1,-1,-1,-1,1,1,1,1,-1,-1,-1,1,-1,1,-1,1,-1,-1,-1,1,1,1,-1,-1,-1,-1,1,1,1,1,-1,-1,-1,1,1,1,1,-1,-1,-1,1,-1,1,-1,-1,-1,1,1,1,1,1,-1,-1,-1,1,-1,1,1,-1,-1,-1,1,1,-1,1,-1,-1,-1,1,1,1,1,-1,-1,1,1,1,-1,-1,-1,1,1,-1,1,1,-1,-1,-1,1,1,-1,1,1,-1,1,1,1,-1,1,-1,-1,-1,1,-1,1,-1,-1,-1,-1,1,1,-1,1,-1,-1,-1,1,-1,-1,1,-1,1,-1,1,1,-1,1,-1,1,-1,1,-1,-1,-1,-1,-1,-1,1,1,1,-1,-1,-1,-1,1,-1,1,-1,-1,-1,-1,-1,-1,-1,1,-1,-1,-1,1,-1,-1,1,-1,-1,-1,-1,-1,1,1,-1,-1,-1,-1,-1,1,-1,-1,-1,1,-1,-1,1,-1,1,-1,-1,-1,-1,-1,-1,-1,1,-1,-1,-1,1,1,-1,-1,-1,1,-1,1,-1,-1,-1,1,-1,-1,1,1,1,-1,-1,-1,-1,1,-1,1,1,-1,1,-1,-1,1,1,-1,-1,-1,-1,-1,-1,1,1,-1,-1,1,-1,1,1,-1,-1,-1,-1,-1,1,1,-1,-1,1,1,-1,1,1,1,-1,1,-1,1,1,1,-1,-1,1,-1,-1,1,1,1,-1,1,-1,-1,1,1,-1,1,1,1,-1,1,1,1,1,1,1,-1,1,1,1,1,1,1,-1,1,1,1,1,1,1,-1,-1,1,1,-1,1,1,-1,1,-1,1,1,1,1,-1,-1,1,-1,1,1,1,-1,1,1,1,1,-1,1,1,1,1,1,1,1,1,1,-1,1,1,1,1,-1,1,-1,1,1,1,1,1,-1,1,1,1,1,-1,1,1,-1,1,1,-1,1,1,-1,-1,1,1,1,-1,1,1,-1,1,1,1,1,-1,1,-1,1,1,1,1,1,-1,-1,-1,1,1,1,-1,1,-1,-1,1,1,1,-1,1,1,-1,1,1,-1,1,-1,-1,-1,1,1,1,1,-1,1,-1,-1,1,1,-1,1,-1,1,1,1,1,-1,1,-1,-1,1,1,1,-1,1,-1,1,1,-1,1,1,1,-1,-1,1,1,1,-1,1,1,-1,1,1,1,-1,1,-1,1,1,1,1,-1,1,-1,1,1,1,1,1,1,1,1,1,1,1,1,1,-1,1,1,1,1,-1,1,-1,1,1,1,1,1,1,1,1,1,-1,1,-1,1,-1,1,1,-1,1,1,-1,1,1,-2656.0,1,2000,445,500,True
2480,-1,-1,1,1,1,1,-1,1,-1,-1,-1,1,-1,1,-1,-1,1,-1,1,-1,-1,1,-1,-1,-1,1,-1,-1,-1,-1,-1,-1,1,-1,-1,1,1,-1,-1,1,-1,-1,1,-1,-1,-1,-1,1,-1,1,-1,-1,1,1,-1,-1,1,1,-1,-1,1,1,-1,1,-1,-1,1,-1,1,-1,1,1,-1,-1,1,1,-1,-1,1,-1,-1,-1,1,-1,1,-1,-1,1,1,1,1,1,-1,-1,1,1,-1,-1,1,1,-1,1,1,1,-1,1,-1,-1,1,1,1,-1,1,1,-1,1,1,1,1,1,-1,-1,-1,1,1,-1,1,-1,1,1,1,1,-1,1,-1,1,1,1,1,-1,1,-1,1,-1,1,1,1,1,1,-1,-1,1,1,-1,-1,1,-1,1,1,1,-1,-1,1,1,1,-1,1,-1,1,-1,1,-1,1,1,-1,1,-1,-1,1,1,-1,1,-1,1,1,-1,1,-1,-1,1,1,1,-1,1,-1,-1,-1,1,1,-1,1,-1,-1,-1,1,1,1,1,1,-1,1,-1,1,-1,1,-1,-1,-1,1,1,-1,1,1,-1,-1,-1,1,1,-1,1,-1,-1,1,1,-1,1,1,-1,-1,1,1,-1,1,-1,-1,-1,-1,1,-1,-1,1,-1,-1,1,-1,1,1,-1,-1,-1,1,1,-1,1,1,-1,1,-1,-1,-1,1,1,1,-1,1,-1,-1,1,-1,1,1,-1,1,-1,1,1,-1,1,-1,1,-1,1,1,-1,1,-1,-1,-1,-1,1,1,1,-1,-1,-1,1,1,-1,1,1,-1,-1,-1,1,1,1,-1,-1,-1,1,1,1,1,1,-1,-1,1,1,1,1,-1,-1,-1,1,1,1,1,-1,-1,-1,1,1,-1,1,-1,-1,1,-1,1,1,1,-1,1,1,-1,1,-1,1,-1,1,1,1,-1,1,1,-1,-1,1,1,-1,1,-1,-1,-1,1,1,-1,1,-1,-1,1,-1,1,-1,1,-1,-1,1,-1,1,-1,1,1,-1,1,-1,1,1,-1,1,-1,-1,1,1,-1,1,-1,-1,1,1,-1,-1,1,1,-1,1,-1,1,-1,1,-1,1,1,-1,1,1,1,-1,1,1,-1,1,-1,1,-1,-1,1,-1,1,1,-1,1,-1,1,1,1,1,-1,-1,-1,1,-1,-1,1,-1,1,-1,-1,1,-1,1,-1,-1,-1,-1,1,-1,1,-1,1,-1,-1,1,-1,1,1,-1,-1,-1,1,-1,-1,1,1,-1,-1,1,-1,1,1,-1,1,-1,1,-1,-1,1,1,-1,-1,-1,-1,1,1,-1,1,-1,1,-1,1,-1,1,-1,-1,-1,1,1,-1,1,-1,-1,-1,-1,1,-1,-1,1,-1,-1,-1,1,-1,1,1,1,-1,-1,1,-1,-1,1,-1,-1,-1,1,1,1,-1,1,-1,-1,1,-1,1,-1,1,-1,-1,1,-1,1,1,1,-1,-1,-1,1,1,-1,1,-1,-1,1,1,1,1,-1,1,1,-1,1,1,1,1,1,1,1,-1,-1,1,-1,1,-1,1,-1,-1,1,1,-1,1,-1,-1,-1,1,1,-1,1,1,-1,1,-1,1,-1,1,1,-1,-1,-1,1,-1,-1,-1,-1,1,-1,1,-1,-1,-1,-1,1,-1,1,-1,1,1,1,-1,-1,1,-1,1,1,-1,1,-1,1,-1,-1,1,-1,-1,-1,-1,1,1,1,1,1,-1,-1,1,1,1,-1,1,-1,1,1,1,1,-1,-1,-1,1,1,1,1,-1,-1,-1,1,-1,1,-1,1,1,-1,-1,1,1,-1,-1,1,-1,-1,1,1,-1,1,1,1,-1,1,1,1,1,-1,1,-1,1,-1,1,-1,1,1,-1,1,1,1,1,1,1,-1,1,-1,1,-1,1,1,-1,1,1,-1,1,1,1,1,1,1,1,1,1,1,-1,1,1,-1,-1,1,-1,-1,1,1,1,-1,1,-1,-1,1,-1,-1,1,1,-1,-1,1,-1,1,-1,1,1,-1,1,-1,1,-1,1,-1,-1,1,-1,1,1,1,-1,-1,1,-1,1,-1,1,1,-1,1,-1,1,-1,1,1,-1,1,1,1,1,1,-1,1,1,-1,1,1,1,1,-1,1,-1,1,-1,1,1,-1,1,1,-1,1,1,1,-1,1,1,-1,1,1,1,-1,1,-1,-1,1,1,-1,1,1,-1,1,-1,1,-1,1,1,1,-1,1,-1,1,1,1,1,-1,1,1,-1,1,1,1,1,1,1,-1,1,1,1,-1,1,1,-1,1,1,-1,1,1,1,1,1,1,1,-1,1,1,-1,1,1,-1,1,1,1,-1,1,1,-1,-1,1,-1,-1,1,1,-1,1,1,-1,-1,-1,-1,-1,1,1,1,-1,1,1,-1,1,1,1,-1,1,-1,1,1,1,-1,1,1,-1,-1,1,1,1,-1,-1,1,-1,1,1,-1,1,-1,-1,-1,1,1,-1,-1,-1,1,-1,1,1,1,-1,-1,-1,-1,1,1,-1,-1,-1,-1,-1,-1,1,-1,-1,-1,-1,-1,1,-1,1,-1,-1,-1,-1,-1,1,-1,-1,-1,-1,-1,1,-1,-1,-1,1,-1,1,1,1,1,-1,-1,-1,1,-1,-1,-1,-1,-1,-1,1,-1,1,-1,-1,-1,1,-1,1,-1,-1,-1,-1,-1,1,-1,1,-1,1,-1,1,-1,-1,1,1,-1,1,-1,1,-1,-1,1,-1,1,-1,1,-1,1,1,-1,1,1,-1,-1,-1,1,-1,1,-1,1,-1,-1,1,1,1,-1,1,-1,-1,1,-1,-1,1,-1,-1,-1,1,-1,1,1,-1,1,-1,1,1,1,-1,1,-1,1,1,1,1,-1,1,-1,-1,1,1,1,-1,1,-1,1,1,-1,1,1,-1,1,-1,1,1,1,-1,1,-1,1,1,1,1,-1,-1,1,1,1,1,1,-1,-1,1,1,1,1,1,1,-1,-1,1,1,1,1,1,-1,1,1,1,1,1,-1,-1,1,1,1,1,1,1,-1,-1,1,1,1,1,-1,1,-1,1,1,-1,1,1,-1,1,1,-2656.0,1,2000,445,500,True
2481,1,1,1,1,1,1,-1,1,1,-1,-1,1,-1,1,1,1,1,-1,1,1,-1,1,1,-1,-1,1,-1,-1,1,1,-1,-1,1,1,-1,1,-1,1,-1,-1,1,-1,1,1,-1,-1,-1,-1,1,-1,1,-1,1,-1,1,-1,1,-1,1,-1,-1,1,1,-1,1,1,-1,-1,-1,-1,1,-1,1,1,-1,-1,-1,1,1,-1,-1,1,1,-1,-1,1,1,-1,-1,1,-1,1,-1,1,-1,-1,-1,1,-1,1,1,1,-1,-1,1,-1,-1,1,1,-1,-1,1,-1,-1,1,1,-1,-1,1,-1,-1,1,1,-1,-1,1,-1,-1,1,1,-1,-1,-1,-1,-1,1,1,-1,-1,-1,-1,-1,1,1,1,-1,1,-1,-1,-1,1,-1,-1,-1,1,-1,-1,1,-1,-1,1,-1,-1,-1,1,1,-1,-1,1,-1,1,1,-1,-1,-1,-1,-1,1,1,-1,-1,1,1,-1,1,1,-1,-1,-1,-1,-1,-1,1,-1,-1,-1,1,-1,1,1,-1,1,-1,1,-1,1,1,-1,-1,-1,1,-1,1,1,-1,1,-1,1,-1,1,1,-1,-1,-1,1,1,-1,1,-1,-1,-1,1,1,-1,1,1,-1,-1,1,-1,-1,1,-1,1,-1,1,1,-1,1,-1,1,-1,1,-1,1,1,-1,1,-1,1,-1,-1,1,-1,1,-1,1,1,1,1,-1,1,-1,1,1,1,1,-1,-1,-1,1,1,1,1,1,-1,-1,1,1,-1,1,-1,-1,-1,1,1,1,1,1,1,1,1,1,1,1,-1,1,-1,1,1,1,1,-1,1,1,1,1,1,1,-1,-1,1,1,-1,1,1,1,-1,1,1,1,1,1,1,1,1,1,1,1,1,-1,1,-1,1,1,1,1,-1,-1,1,1,1,1,-1,1,1,-1,1,1,1,1,1,-1,1,1,1,1,1,1,-1,1,-1,1,1,1,1,-1,1,-1,1,1,1,1,-1,1,-1,1,-1,-1,1,-1,1,1,-1,1,1,1,1,-1,1,-1,1,-1,1,-1,1,-1,-1,1,-1,-1,-1,1,1,-1,1,-1,1,-1,1,-1,1,-1,1,1,1,1,-1,1,-1,1,1,-1,1,-1,-1,-1,-1,1,1,1,1,-1,-1,1,1,1,1,-1,-1,1,-1,-1,1,-1,1,-1,1,-1,1,1,1,-1,-1,1,1,-1,1,-1,1,-1,-1,1,-1,1,1,1,-1,-1,1,-1,-1,1,1,-1,-1,1,-1,1,1,1,1,-1,1,-1,-1,1,1,-1,-1,1,-1,1,1,-1,-1,1,1,-1,1,-1,1,-1,1,-1,-1,1,-1,1,-1,1,-1,-1,1,-1,-1,-1,1,-1,-1,1,1,1,-1,1,-1,-1,1,-1,-1,1,-1,1,-1,1,-1,1,-1,1,1,-1,-1,-1,1,-1,1,-1,-1,1,-1,1,1,1,1,-1,-1,1,1,-1,1,1,-1,-1,1,1,1,-1,1,1,-1,1,1,1,1,-1,-1,1,-1,1,1,-1,1,-1,-1,-1,-1,1,-1,-1,1,-1,-1,1,-1,-1,-1,1,1,-1,-1,1,-1,-1,1,-1,-1,-1,1,-1,-1,-1,-1,-1,-1,1,-1,-1,-1,-1,-1,-1,1,-1,-1,1,1,1,1,1,-1,-1,1,1,-1,-1,1,-1,-1,-1,1,-1,-1,1,1,-1,1,1,1,-1,1,1,-1,-1,1,-1,-1,-1,1,-1,-1,1,-1,1,1,-1,-1,1,1,-1,1,1,-1,-1,1,-1,1,1,1,1,-1,1,1,-1,-1,1,1,-1,1,1,1,-1,1,1,-1,-1,1,1,1,1,1,-1,1,1,-1,-1,1,1,-1,-1,1,1,-1,1,1,-1,-1,1,1,-1,1,1,-1,-1,-1,1,-1,1,1,-1,-1,1,1,-1,1,-1,1,-1,1,-1,-1,-1,-1,1,-1,1,-1,-1,1,-1,-1,-1,1,1,1,-1,1,-1,-1,1,-1,-1,1,-1,-1,1,-1,-1,-1,-1,1,-1,-1,1,-1,1,-1,1,-1,-1,1,-1,1,-1,1,-1,1,1,-1,-1,-1,-1,-1,-1,1,-1,1,-1,1,1,1,-1,-1,1,-1,-1,-1,1,-1,-1,1,-1,-1,-1,-1,1,-1,1,-1,1,-1,-1,1,-1,1,-1,-1,-1,1,1,-1,-1,-1,-1,-1,1,-1,-1,-1,1,-1,-1,1,-1,1,1,-1,-1,-1,-1,-1,-1,1,-1,-1,-1,1,1,-1,1,-1,1,-1,1,-1,-1,1,-1,-1,-1,1,-1,1,1,1,-1,-1,1,-1,1,1,-1,1,-1,-1,1,1,1,-1,-1,-1,-1,-1,1,-1,-1,-1,1,-1,1,1,1,1,1,-1,-1,-1,1,1,1,-1,1,-1,1,1,-1,1,-1,-1,1,1,1,1,-1,1,-1,-1,1,1,1,1,1,-1,-1,1,1,1,-1,1,1,-1,1,1,1,1,1,1,-1,1,1,1,1,1,1,-1,1,1,-1,1,1,1,-1,-1,1,-1,1,1,1,-1,1,-1,-1,1,1,1,-1,-1,1,-1,1,1,1,-1,1,1,-1,1,1,-1,1,1,1,-1,1,1,1,1,-1,1,1,1,1,-1,1,-1,1,1,1,1,1,-1,1,1,1,1,-1,1,1,-1,1,1,-1,1,1,-1,-1,1,-1,1,-1,1,1,-1,1,-1,1,1,-1,1,-1,1,-1,1,1,1,-1,-1,-1,1,1,1,-1,1,-1,-1,-1,1,1,-1,1,-1,-1,-1,1,-1,1,-1,-1,-1,1,1,1,1,-1,1,-1,1,1,1,-1,1,-1,1,1,1,1,-1,-1,-1,-1,-1,1,1,-1,1,-1,1,1,-1,1,1,-1,1,-1,-1,1,1,-1,-1,-1,1,1,-1,1,-1,-1,1,1,1,1,1,-1,-1,1,1,1,1,1,1,-1,-1,1,1,1,1,1,-1,1,1,1,1,1,1,-1,1,1,1,-1,1,1,-1,-1,1,1,-1,1,1,1,-1,1,1,-1,1,1,-1,-1,1,-2656.0,1,2000,445,500,True
2482,-1,-1,1,1,1,1,-1,1,-1,-1,-1,1,-1,-1,-1,-1,1,-1,1,-1,-1,1,-1,-1,-1,1,-1,-1,-1,-1,-1,-1,1,-1,-1,1,1,-1,-1,1,-1,-1,1,-1,-1,-1,-1,1,-1,-1,-1,-1,1,1,-1,1,-1,1,-1,-1,-1,1,-1,1,-1,-1,-1,-1,1,-1,1,-1,-1,-1,-1,1,1,1,-1,-1,-1,1,1,-1,-1,-1,-1,-1,1,1,1,-1,-1,-1,-1,1,-1,1,-1,1,-1,-1,1,1,-1,-1,-1,-1,-1,1,1,1,-1,-1,-1,-1,-1,1,1,-1,-1,-1,-1,-1,1,1,-1,-1,1,-1,-1,1,-1,-1,-1,-1,-1,-1,1,-1,-1,-1,-1,-1,-1,1,1,-1,-1,-1,-1,-1,-1,1,1,-1,-1,1,-1,-1,-1,-1,-1,-1,1,-1,1,-1,1,-1,-1,-1,-1,1,-1,-1,-1,-1,-1,-1,-1,1,1,-1,1,-1,-1,-1,-1,-1,-1,1,-1,-1,-1,-1,1,-1,1,1,-1,1,-1,1,-1,1,-1,-1,-1,-1,1,-1,1,1,-1,-1,-1,1,1,1,-1,1,1,-1,1,1,1,1,-1,-1,-1,1,-1,1,-1,1,-1,-1,1,1,1,-1,1,1,-1,1,1,1,-1,-1,1,-1,1,1,-1,1,1,-1,-1,1,1,1,-1,1,-1,-1,1,-1,-1,-1,1,-1,1,1,1,-1,-1,1,-1,1,1,-1,1,-1,1,-1,-1,1,1,1,-1,1,1,-1,1,1,-1,-1,-1,1,1,1,-1,-1,-1,1,1,-1,1,1,1,-1,-1,1,1,1,-1,-1,-1,1,1,1,1,1,-1,-1,1,-1,1,1,-1,-1,-1,1,-1,1,1,-1,-1,-1,1,1,-1,1,-1,-1,1,-1,-1,1,1,-1,1,1,1,1,-1,1,-1,1,1,1,-1,1,1,-1,-1,1,1,-1,1,-1,-1,-1,1,1,-1,1,-1,-1,1,-1,1,1,1,-1,-1,1,-1,1,-1,1,1,-1,1,-1,1,-1,-1,1,-1,-1,1,1,-1,1,-1,-1,1,1,-1,-1,1,1,-1,1,-1,1,-1,1,-1,1,1,-1,1,-1,1,-1,1,1,-1,-1,1,1,-1,-1,1,-1,1,1,1,1,-1,1,1,-1,-1,1,-1,-1,1,-1,-1,1,-1,1,-1,-1,1,-1,-1,1,-1,-1,-1,1,-1,1,-1,1,-1,1,-1,-1,1,-1,-1,-1,-1,1,-1,-1,1,1,-1,-1,1,-1,1,1,-1,1,-1,1,-1,1,-1,1,-1,-1,-1,-1,-1,-1,-1,1,-1,1,-1,1,-1,1,-1,-1,-1,1,1,-1,1,-1,-1,-1,-1,-1,-1,-1,-1,-1,-1,1,-1,-1,1,-1,1,-1,-1,1,-1,-1,1,-1,-1,-1,-1,1,1,-1,1,-1,-1,-1,1,1,-1,1,-1,-1,1,-1,1,1,1,-1,-1,-1,-1,1,-1,1,-1,1,-1,-1,1,1,-1,1,1,-1,1,1,1,1,1,1,1,-1,1,1,-1,1,-1,1,-1,-1,1,-1,-1,1,-1,-1,1,-1,-1,-1,1,1,-1,1,1,-1,-1,1,1,-1,-1,1,-1,-1,-1,-1,-1,1,1,-1,-1,-1,-1,-1,1,1,-1,-1,1,1,1,-1,1,-1,-1,1,1,-1,1,1,-1,-1,-1,1,-1,-1,1,1,-1,1,1,1,1,1,-1,1,1,1,-1,1,1,1,-1,1,1,-1,1,1,-1,1,1,1,-1,1,1,-1,-1,1,-1,1,1,1,-1,1,1,1,-1,1,1,-1,1,1,1,1,1,1,1,1,1,1,1,1,1,-1,1,-1,1,-1,1,1,1,1,1,1,1,1,1,-1,1,-1,1,1,1,1,1,-1,1,-1,1,1,1,1,1,1,1,1,1,1,-1,1,1,-1,-1,1,-1,-1,1,1,1,-1,1,1,-1,1,-1,-1,1,1,-1,-1,1,-1,1,-1,1,1,-1,1,-1,1,-1,1,1,-1,1,-1,1,-1,1,1,-1,1,-1,1,-1,1,1,-1,1,-1,1,-1,1,1,-1,1,1,1,1,1,-1,1,1,-1,1,1,1,1,-1,1,-1,1,-1,1,1,-1,1,1,-1,1,1,1,-1,1,1,-1,1,1,1,-1,1,-1,-1,1,1,1,1,1,-1,1,-1,1,-1,1,1,1,-1,1,1,1,1,1,1,-1,1,-1,1,1,1,1,1,1,1,1,1,1,1,-1,1,1,-1,1,1,-1,1,1,1,1,1,1,1,-1,1,1,1,-1,1,-1,1,1,1,1,1,1,-1,-1,1,-1,1,1,1,-1,1,1,-1,1,1,-1,-1,1,1,1,1,1,1,-1,1,1,-1,1,1,-1,1,1,1,1,1,1,-1,-1,1,1,1,1,-1,1,-1,1,1,-1,1,-1,-1,-1,1,1,-1,1,-1,1,-1,1,1,1,1,1,-1,-1,1,1,-1,1,1,-1,-1,1,1,-1,1,-1,-1,-1,1,-1,1,-1,1,-1,1,1,1,-1,1,1,-1,-1,1,1,-1,-1,1,-1,1,1,1,1,-1,1,-1,1,-1,1,-1,1,1,-1,1,-1,1,-1,-1,-1,-1,1,-1,1,-1,1,1,1,-1,-1,1,-1,-1,1,1,1,1,1,1,-1,-1,1,1,-1,1,1,-1,1,-1,1,-1,1,1,-1,1,1,-1,-1,-1,1,-1,1,-1,1,-1,1,1,-1,1,1,1,-1,1,1,-1,-1,1,-1,-1,1,1,-1,1,1,-1,-1,1,1,1,1,-1,1,1,-1,-1,1,1,-1,1,-1,1,-1,-1,1,-1,-1,1,1,-1,1,1,1,-1,1,1,1,1,1,-1,-1,1,-1,1,-1,1,-1,-1,1,1,1,1,1,-1,-1,1,1,1,1,1,1,-1,1,-1,1,1,1,1,-1,1,1,-1,-1,1,-1,-1,1,1,1,1,1,1,-1,-1,1,1,-1,1,-1,1,-1,1,1,-1,1,1,-1,-1,1,-2656.0,1,2000,445,500,True
2483,1,1,-1,-1,1,1,-1,-1,1,1,1,-1,1,1,1,1,-1,1,-1,-1,-1,-1,1,1,1,1,-1,-1,1,1,1,1,-1,-1,-1,-1,1,1,1,1,-1,-1,-1,1,1,1,1,1,-1,1,1,1,-1,1,-1,-1,1,-1,1,1,1,-1,-1,-1,1,1,1,1,1,-1,-1,1,1,1,1,1,-1,-1,1,1,1,-1,1,-1,1,1,1,1,1,1,1,1,-1,1,1,1,-1,-1,1,1,1,1,1,1,-1,1,-1,1,1,1,1,-1,1,-1,1,1,1,1,1,1,-1,1,1,1,1,-1,1,-1,1,1,1,1,-1,1,-1,1,1,1,1,-1,1,-1,1,1,1,1,1,1,1,-1,1,1,1,-1,-1,1,-1,1,1,1,-1,1,1,1,1,-1,1,-1,1,-1,1,-1,1,1,-1,1,-1,1,1,1,-1,1,-1,1,1,-1,1,-1,-1,1,-1,1,-1,1,-1,-1,-1,1,1,-1,1,-1,-1,-1,1,1,1,1,1,-1,-1,-1,1,-1,1,-1,-1,-1,1,1,-1,1,1,-1,-1,-1,1,1,-1,1,-1,-1,-1,1,-1,1,1,-1,-1,1,1,-1,1,-1,-1,-1,-1,1,-1,-1,1,-1,-1,1,-1,-1,1,-1,-1,-1,1,1,-1,1,1,-1,1,-1,-1,-1,1,-1,1,-1,1,1,-1,1,-1,1,-1,-1,1,-1,-1,1,-1,1,-1,1,-1,1,1,-1,1,-1,-1,-1,1,1,1,1,-1,-1,-1,1,1,-1,1,1,-1,-1,1,1,1,1,-1,-1,-1,1,-1,1,1,1,-1,-1,1,-1,1,1,-1,-1,-1,1,-1,1,1,-1,-1,-1,1,1,-1,1,-1,-1,1,1,-1,1,1,-1,-1,1,1,1,-1,1,-1,1,1,1,-1,1,1,-1,-1,1,1,-1,1,-1,-1,-1,1,1,-1,1,-1,-1,-1,1,1,-1,1,-1,-1,1,1,1,-1,1,1,-1,-1,1,1,-1,-1,1,-1,-1,-1,1,-1,1,-1,1,-1,-1,-1,-1,1,1,-1,-1,1,1,-1,1,1,-1,-1,1,1,1,1,1,-1,-1,1,1,-1,1,-1,-1,-1,-1,1,1,-1,1,-1,-1,1,-1,1,-1,-1,-1,-1,1,-1,1,-1,-1,-1,-1,1,-1,1,-1,1,-1,1,1,-1,1,-1,1,-1,-1,1,-1,1,-1,1,1,-1,1,-1,-1,1,1,-1,-1,-1,-1,1,1,1,-1,-1,1,-1,1,-1,1,-1,-1,1,-1,1,-1,-1,1,1,1,-1,1,-1,-1,-1,1,-1,1,1,-1,-1,1,1,-1,-1,1,-1,-1,-1,1,-1,1,-1,-1,-1,-1,1,-1,-1,1,-1,-1,-1,1,1,-1,1,-1,-1,-1,1,1,-1,-1,-1,1,-1,1,-1,-1,1,-1,-1,1,1,1,-1,-1,1,-1,1,1,1,-1,-1,1,-1,-1,1,1,1,-1,1,-1,1,-1,-1,-1,1,-1,-1,-1,1,-1,-1,-1,1,1,-1,1,-1,1,-1,1,-1,1,1,-1,1,1,1,-1,1,1,-1,1,-1,1,1,-1,1,-1,-1,1,1,-1,-1,1,-1,-1,-1,1,-1,-1,1,-1,1,1,1,1,-1,1,-1,-1,1,1,-1,-1,1,-1,-1,-1,1,1,-1,-1,1,1,-1,1,-1,1,-1,1,1,1,1,1,-1,1,1,1,-1,1,-1,-1,1,1,1,1,-1,1,-1,1,-1,1,1,1,1,-1,-1,1,1,1,-1,-1,-1,-1,1,1,1,1,-1,1,1,1,1,1,-1,-1,1,-1,1,1,1,1,-1,1,-1,1,1,1,-1,-1,1,-1,1,1,1,1,-1,1,-1,1,1,-1,1,-1,1,1,1,1,1,1,-1,1,-1,1,1,1,-1,-1,-1,-1,1,1,1,-1,-1,1,-1,1,1,-1,1,-1,-1,-1,1,1,1,1,-1,1,-1,1,1,-1,-1,-1,-1,-1,1,1,1,-1,-1,-1,-1,1,1,1,-1,-1,-1,-1,1,1,1,1,-1,-1,-1,1,1,1,-1,-1,-1,1,1,1,-1,-1,-1,-1,-1,1,-1,1,-1,-1,-1,-1,1,1,1,-1,-1,-1,-1,1,1,1,-1,-1,-1,-1,1,-1,1,-1,-1,-1,1,1,1,-1,-1,-1,1,1,1,-1,-1,1,-1,1,1,1,-1,-1,-1,1,-1,1,1,-1,1,-1,-1,-1,1,1,-1,-1,-1,-1,-1,1,1,-1,1,1,-1,1,1,1,1,-1,1,1,-1,1,1,-1,1,1,-1,-1,1,1,-1,-1,1,1,-1,1,1,-1,1,1,-1,-1,-1,1,-1,1,1,-1,-1,1,-1,-1,1,1,1,-1,1,-1,1,1,1,-1,1,1,-1,-1,1,1,-1,-1,-1,-1,-1,1,1,-1,1,-1,-1,-1,1,1,-1,-1,1,-1,-1,1,1,-1,-1,-1,-1,-1,1,1,1,-1,-1,1,-1,1,1,-1,-1,1,-1,-1,1,-1,1,-1,-1,-1,1,1,1,1,-1,-1,1,-1,1,1,1,-1,1,-1,1,1,1,1,-1,-1,-1,1,-1,-1,-1,-1,-1,-1,1,-1,1,-1,-1,-1,-1,1,-1,1,-1,-1,1,1,1,-1,1,-1,1,-1,1,-1,-1,1,1,-1,1,1,1,-1,1,1,-1,1,-1,1,-1,1,1,-1,1,1,-1,-1,-1,1,-1,1,-1,1,-1,-1,1,1,1,-1,1,-1,1,1,-1,-1,1,-1,-1,-1,1,-1,1,1,-1,1,1,1,1,1,-1,1,-1,1,1,1,1,-1,1,-1,-1,1,1,1,-1,1,1,1,1,-1,1,1,-1,-1,-1,1,1,1,-1,1,1,1,1,1,1,-1,-1,1,1,1,1,1,-1,-1,1,1,1,1,1,1,-1,1,1,1,1,1,1,-1,1,1,1,1,1,-1,-1,1,1,1,1,1,1,-1,1,1,1,1,1,-1,1,-1,1,1,-1,1,1,-1,1,1,-2656.0,1,2000,445,500,True
2484,-1,-1,1,1,1,1,-1,1,-1,-1,-1,1,-1,1,-1,-1,1,-1,1,-1,-1,-1,-1,-1,-1,1,-1,-1,-1,-1,-1,-1,1,-1,-1,-1,1,-1,-1,1,-1,-1,-1,-1,-1,-1,1,1,-1,1,-1,-1,-1,1,-1,-1,-1,1,-1,-1,1,1,-1,1,-1,-1,-1,1,1,-1,-1,1,-1,-1,1,1,1,-1,1,-1,-1,1,1,-1,1,-1,-1,1,1,-1,-1,-1,1,-1,1,1,1,1,1,1,-1,1,1,1,1,1,1,-1,1,1,1,-1,1,1,-1,1,1,1,1,1,1,-1,-1,1,1,-1,1,1,-1,1,1,1,1,1,1,1,1,1,1,1,1,1,1,-1,1,1,-1,1,1,1,-1,1,1,1,-1,1,1,1,1,1,1,1,1,1,1,-1,1,1,-1,1,-1,-1,1,1,1,1,1,-1,1,1,1,-1,-1,1,1,-1,1,1,1,1,1,1,-1,1,1,1,-1,1,1,-1,1,-1,1,-1,1,1,1,1,1,1,-1,1,1,-1,1,-1,1,-1,1,1,-1,1,1,1,-1,-1,1,1,-1,1,1,-1,1,1,-1,1,1,1,-1,1,1,-1,1,-1,1,-1,-1,1,-1,-1,1,1,-1,1,-1,-1,1,1,1,-1,1,1,-1,1,1,-1,1,-1,-1,-1,1,1,-1,-1,1,-1,-1,1,1,-1,-1,-1,1,-1,1,1,1,1,-1,1,-1,1,1,1,1,-1,-1,-1,-1,1,-1,1,-1,-1,-1,1,1,-1,1,1,1,-1,-1,1,1,1,-1,-1,-1,1,1,-1,1,1,-1,-1,1,1,-1,1,-1,-1,-1,1,1,1,1,-1,-1,-1,1,-1,1,1,-1,-1,1,-1,-1,1,1,-1,1,1,-1,1,-1,1,-1,1,1,1,-1,1,1,-1,-1,1,1,-1,1,-1,-1,-1,1,1,-1,1,-1,-1,1,-1,1,-1,1,-1,-1,1,-1,1,-1,1,1,-1,1,-1,1,1,1,1,-1,-1,1,1,-1,1,-1,-1,1,1,-1,-1,1,1,-1,1,-1,1,-1,1,-1,1,1,-1,1,1,1,-1,1,1,-1,1,-1,1,-1,-1,1,-1,1,1,1,1,-1,1,1,1,1,1,-1,-1,1,-1,-1,1,-1,1,-1,-1,1,-1,1,1,-1,-1,-1,1,-1,1,-1,1,-1,1,-1,-1,1,1,-1,-1,-1,1,-1,-1,1,1,-1,-1,1,-1,1,1,-1,1,-1,1,-1,-1,1,1,-1,-1,-1,-1,1,1,-1,1,-1,1,-1,1,-1,1,-1,-1,-1,-1,1,-1,1,-1,-1,-1,-1,1,-1,-1,1,-1,-1,-1,1,-1,1,1,1,-1,-1,1,-1,-1,1,-1,-1,-1,1,1,1,-1,1,-1,-1,-1,1,1,-1,1,-1,-1,1,1,1,1,1,-1,-1,-1,1,1,-1,1,-1,-1,-1,1,1,1,-1,1,1,-1,1,1,1,1,1,-1,1,-1,-1,-1,1,-1,-1,1,1,1,-1,1,-1,1,-1,-1,-1,1,1,-1,1,1,-1,1,-1,1,-1,1,1,-1,1,-1,1,-1,-1,-1,-1,1,-1,1,-1,-1,-1,-1,1,-1,1,-1,1,1,1,-1,-1,1,-1,1,1,-1,1,-1,1,-1,-1,1,-1,1,-1,-1,1,1,1,1,1,-1,1,1,1,1,-1,1,-1,-1,1,1,1,-1,-1,-1,1,1,1,1,-1,-1,-1,1,-1,1,-1,1,1,-1,-1,1,1,-1,-1,-1,-1,-1,1,1,1,1,1,-1,-1,1,1,1,1,-1,-1,-1,1,-1,1,-1,1,-1,1,1,1,1,1,1,-1,-1,1,-1,1,-1,1,-1,-1,1,1,-1,1,1,-1,-1,1,1,1,1,1,-1,-1,1,1,-1,-1,1,-1,-1,1,1,1,-1,1,-1,-1,1,-1,-1,1,1,-1,-1,1,-1,1,-1,1,1,-1,1,-1,1,-1,1,-1,-1,1,-1,1,1,1,1,-1,1,-1,1,-1,1,1,-1,1,-1,1,-1,1,1,-1,1,1,1,1,1,1,1,1,-1,1,1,1,1,-1,1,-1,1,-1,1,1,-1,1,1,-1,1,1,1,-1,1,1,-1,1,1,1,-1,1,-1,-1,1,1,-1,1,1,-1,1,-1,1,-1,1,1,1,-1,1,1,1,1,1,1,-1,1,1,-1,1,1,1,1,1,1,-1,1,1,1,-1,1,1,-1,1,1,-1,1,1,-1,1,1,1,1,-1,1,1,-1,1,1,-1,1,1,1,-1,1,1,-1,-1,1,-1,-1,1,1,-1,1,1,-1,-1,-1,-1,-1,1,1,1,-1,1,1,-1,1,1,1,-1,1,-1,1,1,1,-1,1,1,-1,-1,1,1,-1,-1,-1,1,-1,1,1,-1,1,-1,-1,-1,1,1,-1,-1,-1,1,-1,1,1,-1,-1,1,-1,-1,1,1,-1,-1,-1,-1,-1,-1,1,-1,-1,-1,-1,-1,1,-1,1,-1,-1,-1,-1,-1,1,-1,-1,-1,-1,-1,1,1,-1,-1,1,-1,1,1,1,1,-1,-1,-1,1,-1,1,-1,-1,-1,-1,1,-1,1,-1,-1,-1,1,-1,1,1,-1,-1,-1,-1,1,-1,1,-1,1,-1,1,-1,-1,1,1,-1,1,-1,1,-1,1,1,-1,1,-1,1,-1,1,1,-1,-1,1,-1,-1,-1,1,-1,1,-1,1,-1,-1,1,-1,1,-1,1,-1,-1,1,-1,1,-1,-1,-1,-1,1,-1,-1,-1,-1,1,-1,1,-1,-1,1,1,-1,1,1,-1,-1,1,-1,-1,-1,1,1,-1,1,1,-1,1,1,1,-1,-1,-1,1,-1,-1,-1,-1,-1,-1,-1,1,1,-1,1,1,-1,1,1,1,-1,-1,1,-1,1,1,1,-1,-1,1,-1,-1,-1,1,-1,-1,1,-1,1,1,1,-1,-1,1,-1,1,1,1,1,-1,1,-1,-1,1,1,-1,-1,-1,1,-1,1,-1,1,-1,1,-1,-1,1,-2656.0,1,2000,445,500,True
2485,-1,-1,1,1,1,1,-1,1,-1,-1,-1,1,-1,-1,-1,-1,1,-1,1,-1,-1,1,-1,-1,-1,1,-1,-1,-1,-1,-1,-1,1,-1,-1,1,1,-1,-1,1,-1,-1,1,-1,-1,-1,1,1,-1,-1,-1,-1,1,1,-1,1,-1,1,-1,-1,1,1,-1,1,-1,-1,-1,1,1,-1,1,-1,-1,-1,1,1,1,1,-1,-1,-1,-1,1,-1,-1,-1,-1,1,1,1,1,-1,-1,-1,1,1,-1,1,-1,1,-1,1,1,1,-1,-1,-1,-1,1,1,1,1,-1,-1,-1,1,1,1,1,-1,-1,-1,-1,1,1,1,-1,-1,-1,1,1,1,-1,-1,-1,1,1,1,1,-1,-1,-1,1,-1,1,1,1,-1,-1,-1,-1,1,1,1,1,-1,-1,1,1,1,-1,-1,-1,-1,1,-1,1,-1,1,-1,1,-1,1,1,-1,-1,-1,-1,1,1,-1,1,1,-1,1,-1,1,-1,-1,-1,-1,1,-1,1,-1,-1,1,-1,1,-1,1,-1,-1,1,-1,1,1,1,1,-1,1,-1,1,-1,1,-1,-1,1,1,1,-1,1,1,-1,1,1,-1,1,-1,1,-1,1,-1,1,-1,1,1,-1,1,1,1,-1,1,-1,-1,1,1,1,-1,-1,1,-1,1,1,-1,1,1,-1,-1,1,1,1,-1,1,1,-1,1,-1,-1,-1,1,-1,1,1,1,-1,-1,1,-1,1,1,-1,1,-1,-1,1,-1,1,1,1,-1,1,1,-1,1,1,-1,-1,1,1,1,1,-1,-1,-1,1,1,-1,-1,1,1,-1,-1,1,1,1,-1,-1,-1,1,-1,1,-1,1,-1,-1,1,-1,1,1,-1,-1,-1,1,-1,1,-1,-1,-1,-1,1,1,-1,1,-1,-1,1,-1,-1,1,-1,-1,1,1,1,1,-1,-1,-1,1,1,1,-1,1,1,-1,-1,1,1,-1,1,-1,-1,-1,1,1,-1,1,-1,-1,1,-1,1,-1,1,-1,-1,1,-1,1,-1,1,1,-1,1,-1,1,-1,-1,1,-1,-1,1,1,-1,1,-1,-1,1,1,-1,-1,1,1,-1,1,-1,1,-1,1,-1,1,1,-1,1,1,1,-1,1,1,-1,1,-1,1,-1,-1,1,-1,1,1,-1,1,-1,1,1,-1,1,-1,-1,-1,1,-1,-1,1,-1,1,-1,-1,1,-1,1,-1,-1,-1,-1,1,-1,1,-1,1,-1,-1,1,-1,1,-1,-1,-1,-1,1,-1,-1,1,1,-1,-1,1,-1,1,1,-1,1,-1,1,-1,1,-1,1,-1,-1,-1,-1,-1,-1,-1,1,-1,1,-1,1,-1,1,-1,-1,-1,1,1,1,1,-1,-1,-1,-1,1,-1,-1,-1,-1,-1,1,-1,1,1,-1,1,-1,-1,1,-1,-1,1,-1,-1,-1,-1,-1,1,-1,1,-1,-1,-1,-1,1,-1,1,-1,-1,1,-1,1,1,1,-1,-1,-1,1,1,-1,1,-1,-1,-1,1,1,1,-1,1,1,-1,1,1,1,1,1,-1,1,-1,1,1,-1,1,-1,1,-1,-1,1,-1,-1,1,-1,-1,1,-1,-1,1,1,1,-1,1,1,-1,1,1,1,-1,-1,1,-1,-1,1,-1,-1,1,1,-1,-1,-1,-1,-1,1,1,-1,1,1,1,1,-1,1,-1,-1,1,1,-1,1,1,-1,-1,-1,1,-1,-1,1,1,-1,1,1,1,1,1,-1,1,1,1,-1,1,1,1,-1,1,1,-1,1,1,-1,1,1,1,-1,1,1,-1,-1,1,-1,1,1,1,-1,1,1,1,-1,1,1,-1,1,1,1,1,1,1,1,1,1,1,1,1,1,-1,1,-1,1,-1,1,1,1,1,1,1,1,1,1,-1,1,-1,1,1,1,1,1,-1,1,-1,1,1,1,1,1,1,1,1,1,1,-1,1,1,-1,-1,1,-1,-1,1,1,1,-1,1,1,-1,1,-1,-1,1,1,-1,-1,1,-1,1,-1,1,1,-1,1,-1,1,-1,1,-1,1,1,-1,1,-1,1,1,-1,1,-1,1,-1,1,1,-1,1,-1,1,-1,1,1,-1,1,1,1,1,1,-1,1,1,-1,1,1,1,1,-1,1,-1,1,-1,1,1,-1,1,1,-1,1,1,1,-1,1,1,-1,1,1,1,-1,1,-1,-1,1,1,-1,1,1,-1,1,-1,1,-1,1,1,1,-1,1,1,1,1,1,1,-1,1,1,-1,1,1,1,1,1,1,-1,1,1,1,-1,1,1,-1,1,1,-1,1,1,1,1,1,1,1,-1,1,1,-1,1,1,-1,1,1,1,-1,1,1,-1,-1,1,-1,-1,1,1,-1,1,1,-1,-1,-1,-1,-1,1,1,1,-1,1,1,-1,1,1,1,-1,1,-1,1,1,1,-1,1,1,-1,-1,1,1,-1,-1,-1,1,-1,1,1,-1,1,-1,-1,-1,1,1,-1,-1,-1,1,-1,1,1,-1,-1,-1,-1,-1,1,1,-1,-1,-1,1,-1,1,1,-1,-1,-1,-1,-1,1,-1,-1,-1,-1,-1,1,1,1,-1,-1,-1,1,-1,1,1,-1,-1,1,-1,1,1,1,1,-1,-1,-1,1,-1,1,-1,-1,-1,-1,1,-1,1,-1,-1,-1,-1,1,-1,1,-1,-1,1,1,1,-1,1,-1,1,-1,1,-1,-1,1,1,-1,1,1,1,-1,1,1,-1,1,-1,1,-1,1,1,-1,1,1,-1,-1,-1,1,-1,1,-1,1,-1,1,1,-1,1,-1,1,-1,1,1,-1,-1,1,-1,-1,-1,1,-1,1,1,-1,1,1,1,1,1,-1,1,-1,1,-1,1,1,-1,1,-1,-1,-1,-1,1,-1,1,1,1,-1,1,1,1,-1,-1,-1,1,1,1,-1,1,1,1,1,-1,1,-1,-1,1,1,1,1,1,-1,-1,1,1,1,1,1,1,-1,1,1,1,1,1,1,-1,1,1,-1,-1,1,-1,-1,1,1,1,1,1,1,-1,1,1,1,-1,1,-1,1,-1,1,1,-1,1,1,-1,1,1,-2656.0,1,2000,445,500,True
2486,1,1,-1,-1,1,-1,-1,1,1,1,1,-1,1,1,1,1,-1,1,-1,-1,-1,1,1,1,1,-1,1,-1,1,1,1,1,1,-1,-1,1,-1,1,1,1,-1,-1,1,1,1,1,-1,-1,1,-1,1,1,1,1,-1,-1,1,-1,1,1,1,-1,-1,1,1,1,1,-1,-1,-1,1,-1,1,1,-1,1,-1,1,-1,1,1,-1,-1,-1,-1,1,1,-1,-1,-1,-1,1,-1,1,-1,-1,-1,1,-1,-1,1,-1,-1,-1,-1,-1,-1,1,-1,-1,-1,1,-1,-1,1,1,-1,-1,1,-1,-1,1,1,-1,-1,-1,-1,-1,1,-1,-1,-1,-1,-1,-1,-1,-1,-1,-1,-1,-1,-1,-1,1,-1,-1,1,-1,-1,-1,1,-1,-1,-1,1,-1,-1,-1,-1,-1,-1,-1,-1,-1,-1,-1,1,-1,1,-1,-1,-1,-1,-1,-1,-1,-1,1,-1,-1,-1,1,1,-1,-1,-1,-1,-1,-1,-1,-1,-1,-1,-1,1,-1,1,-1,-1,-1,-1,1,-1,1,-1,-1,-1,-1,-1,1,1,-1,1,1,-1,-1,1,1,-1,1,-1,1,-1,-1,1,1,-1,-1,-1,-1,1,1,1,-1,1,1,-1,-1,1,-1,-1,-1,1,1,-1,1,1,-1,-1,-1,1,-1,1,-1,-1,-1,1,1,-1,1,-1,1,-1,1,-1,-1,1,1,-1,-1,1,-1,-1,1,1,-1,-1,1,-1,-1,1,1,1,-1,1,-1,-1,1,1,1,-1,1,1,-1,1,1,-1,-1,-1,1,-1,1,1,-1,-1,1,1,-1,1,-1,1,-1,-1,1,-1,1,1,1,-1,1,1,-1,1,-1,1,-1,1,1,-1,1,1,1,-1,1,-1,1,1,1,-1,-1,1,1,-1,1,1,-1,1,-1,1,-1,1,1,-1,1,1,1,-1,1,1,1,1,1,-1,1,1,1,1,1,1,-1,1,-1,1,-1,1,1,1,1,-1,1,1,-1,1,1,1,-1,1,1,-1,1,-1,1,1,-1,1,-1,1,-1,1,1,-1,1,-1,1,-1,1,-1,-1,1,1,-1,-1,1,1,-1,1,-1,1,-1,1,-1,1,1,-1,1,-1,1,1,-1,1,-1,-1,1,1,-1,-1,1,-1,1,-1,-1,1,-1,1,1,-1,-1,1,-1,-1,1,-1,-1,1,-1,1,-1,-1,1,-1,-1,1,-1,-1,-1,1,-1,1,-1,1,-1,-1,1,-1,-1,-1,-1,-1,-1,1,-1,-1,1,1,-1,-1,1,-1,1,-1,-1,1,-1,1,-1,-1,1,1,-1,-1,-1,-1,-1,-1,-1,1,-1,1,-1,-1,1,1,-1,-1,-1,1,-1,1,1,-1,-1,-1,-1,-1,-1,-1,-1,-1,-1,1,-1,1,1,-1,1,-1,-1,1,-1,-1,1,-1,-1,-1,1,-1,1,-1,1,-1,-1,-1,-1,1,-1,1,-1,-1,1,-1,1,1,1,-1,-1,-1,-1,1,-1,1,-1,-1,-1,1,1,1,-1,1,1,-1,1,1,1,1,1,-1,1,-1,1,1,-1,1,-1,1,-1,-1,1,-1,-1,1,-1,-1,1,-1,-1,-1,1,1,-1,1,1,-1,-1,1,1,-1,-1,1,-1,-1,-1,-1,-1,-1,1,-1,-1,-1,-1,-1,-1,1,-1,-1,1,1,1,1,1,-1,1,-1,1,-1,-1,1,-1,1,-1,1,-1,-1,1,1,-1,1,1,1,-1,1,1,-1,-1,1,-1,-1,1,1,-1,-1,1,-1,1,1,-1,-1,1,1,-1,1,1,-1,-1,1,-1,1,1,1,1,-1,1,1,-1,-1,1,1,-1,1,1,1,-1,1,1,-1,-1,1,1,1,1,1,-1,1,1,-1,-1,1,1,-1,-1,1,1,-1,1,1,-1,-1,1,1,-1,1,1,-1,-1,-1,1,-1,1,1,-1,-1,1,1,-1,1,1,1,-1,1,-1,-1,1,-1,1,-1,1,-1,-1,1,-1,-1,1,-1,1,-1,1,1,-1,-1,1,-1,-1,1,-1,1,-1,1,-1,-1,1,1,-1,-1,1,-1,-1,1,1,1,-1,1,-1,-1,-1,1,-1,-1,1,-1,-1,-1,1,1,1,1,1,-1,1,-1,1,-1,1,1,-1,-1,1,1,-1,1,-1,-1,-1,1,1,1,-1,1,-1,-1,1,1,1,-1,1,-1,1,1,1,-1,-1,1,-1,1,1,1,-1,1,-1,-1,1,1,1,1,-1,1,-1,1,1,1,1,-1,1,1,1,1,1,1,1,1,-1,1,-1,1,1,-1,1,1,1,1,1,-1,1,1,1,1,1,1,1,-1,1,-1,1,-1,1,-1,1,1,-1,1,1,1,-1,-1,1,1,1,1,1,-1,1,1,-1,1,1,-1,-1,1,1,-1,1,1,1,-1,1,1,1,1,1,-1,1,1,1,1,1,1,-1,-1,1,1,1,1,-1,1,-1,1,1,1,1,-1,-1,-1,1,1,1,1,-1,1,-1,1,1,1,1,1,-1,-1,1,1,1,1,1,-1,-1,1,1,1,1,-1,-1,-1,1,-1,1,1,1,-1,1,1,1,-1,1,1,-1,-1,1,1,1,1,1,-1,1,1,1,1,1,1,-1,1,-1,1,1,1,1,-1,1,-1,1,1,1,-1,1,1,1,1,1,1,1,-1,1,1,1,1,-1,1,-1,1,1,1,1,1,-1,1,1,1,1,1,1,1,-1,1,-1,1,1,1,1,1,-1,1,1,1,1,-1,1,1,1,-1,1,1,-1,1,-1,1,-1,1,1,1,1,-1,-1,1,1,1,1,1,-1,-1,1,-1,1,-1,1,1,1,1,1,1,1,-1,1,1,1,1,1,1,1,-1,1,1,1,-1,1,1,-1,-1,-1,-1,1,1,1,-1,1,1,1,1,1,1,-1,-1,1,1,1,1,1,-1,1,1,1,1,1,1,-1,1,1,1,1,-1,1,-1,1,1,1,1,1,1,-1,1,-1,1,1,1,1,-1,-1,1,1,-1,1,1,-1,1,1,1,-1,1,1,1,-1,1,-2656.0,1,2000,445,500,True
2487,1,1,-1,-1,1,1,-1,-1,1,1,1,-1,-1,-1,1,1,-1,1,-1,-1,-1,-1,1,1,1,1,-1,-1,1,1,1,1,-1,-1,-1,-1,1,-1,1,1,-1,-1,-1,1,1,1,1,1,-1,1,1,1,-1,1,-1,1,1,-1,1,1,1,-1,-1,-1,1,1,1,1,1,-1,-1,1,1,1,1,1,1,-1,1,1,1,1,1,-1,1,1,1,1,1,1,1,1,1,1,1,1,-1,1,1,-1,1,1,1,1,-1,1,1,1,1,1,1,1,1,1,1,1,1,1,1,1,1,1,1,1,1,1,1,1,-1,1,1,1,-1,1,1,-1,1,1,1,-1,1,1,-1,1,1,1,1,1,1,1,1,1,1,1,-1,1,1,-1,1,1,-1,1,1,1,-1,-1,1,-1,-1,1,-1,-1,1,1,-1,1,1,1,1,1,-1,1,-1,1,1,-1,1,-1,-1,1,1,-1,-1,1,-1,-1,-1,1,-1,-1,1,-1,-1,-1,1,-1,1,1,1,-1,-1,1,-1,-1,1,-1,-1,-1,1,-1,-1,1,1,-1,-1,-1,1,-1,-1,1,-1,-1,1,1,-1,1,1,-1,-1,1,1,-1,1,-1,-1,-1,-1,1,-1,-1,1,-1,-1,1,1,1,1,-1,-1,-1,-1,1,-1,1,1,-1,-1,1,-1,-1,1,-1,1,-1,-1,-1,-1,1,-1,1,-1,-1,-1,-1,-1,1,-1,-1,-1,1,-1,1,1,-1,1,-1,-1,-1,1,1,1,1,-1,-1,-1,1,1,-1,1,-1,1,-1,-1,1,1,1,-1,-1,-1,1,-1,1,1,1,-1,-1,1,-1,1,1,-1,-1,-1,1,-1,1,1,-1,-1,-1,1,-1,-1,1,-1,-1,1,-1,-1,1,1,-1,1,1,-1,1,-1,1,-1,1,1,1,-1,1,1,-1,-1,1,1,-1,1,-1,-1,-1,1,1,-1,1,-1,-1,1,-1,1,-1,1,-1,-1,1,-1,1,-1,1,1,-1,1,-1,1,-1,-1,1,-1,1,-1,1,-1,1,-1,-1,1,1,-1,-1,1,1,-1,1,-1,1,-1,1,-1,1,1,-1,1,1,1,-1,1,1,-1,1,-1,1,-1,-1,1,-1,1,1,-1,1,-1,1,1,-1,1,-1,-1,-1,1,-1,-1,1,-1,1,-1,-1,1,-1,1,-1,-1,-1,-1,1,-1,1,-1,1,-1,1,1,-1,1,-1,-1,-1,-1,1,-1,-1,1,1,-1,-1,1,-1,1,1,-1,1,-1,1,-1,1,-1,1,-1,-1,1,-1,1,-1,-1,1,-1,1,-1,1,-1,1,-1,1,-1,1,1,-1,1,-1,1,-1,-1,1,-1,-1,-1,1,-1,1,-1,-1,1,-1,1,-1,-1,1,-1,-1,1,-1,1,-1,1,-1,1,-1,1,1,-1,1,-1,1,-1,1,-1,-1,1,-1,1,1,1,1,-1,-1,1,1,-1,1,1,1,-1,1,1,1,-1,1,1,-1,1,1,1,1,-1,1,1,-1,-1,-1,1,-1,-1,1,1,1,-1,1,-1,1,-1,-1,-1,1,1,-1,1,1,-1,-1,-1,1,-1,1,1,-1,1,-1,1,-1,-1,-1,-1,-1,-1,1,-1,-1,-1,-1,-1,-1,1,1,1,1,1,1,-1,1,-1,1,1,-1,-1,-1,1,1,-1,1,-1,1,-1,-1,1,1,1,1,-1,-1,1,1,1,1,-1,1,-1,-1,1,1,1,-1,-1,-1,1,1,1,1,-1,-1,-1,1,-1,1,-1,1,-1,-1,1,1,1,1,-1,-1,-1,1,1,1,1,1,-1,-1,-1,1,1,1,1,-1,-1,-1,1,-1,1,-1,-1,-1,1,-1,-1,1,1,-1,1,-1,1,-1,1,1,-1,-1,-1,1,1,-1,1,-1,-1,-1,1,1,1,1,-1,-1,1,-1,1,-1,-1,-1,1,1,1,1,1,-1,-1,-1,1,1,-1,-1,1,-1,1,-1,1,-1,1,-1,-1,-1,1,1,-1,1,-1,-1,1,-1,1,-1,1,-1,-1,1,-1,1,-1,1,-1,1,-1,1,1,-1,1,-1,1,-1,1,1,1,-1,-1,-1,1,-1,-1,1,-1,-1,-1,-1,1,1,-1,1,-1,-1,-1,1,1,1,-1,1,-1,-1,1,1,1,-1,-1,-1,-1,1,1,-1,-1,1,-1,-1,1,1,-1,-1,-1,-1,1,1,1,1,-1,1,-1,1,1,1,1,-1,-1,1,1,1,1,1,1,-1,-1,-1,1,1,1,-1,-1,-1,1,1,1,-1,1,1,-1,1,1,1,1,-1,1,1,-1,1,1,-1,1,1,-1,-1,1,1,-1,-1,1,1,-1,1,1,-1,1,1,-1,-1,-1,-1,-1,1,1,-1,-1,1,1,-1,1,1,1,-1,1,-1,1,1,1,-1,1,1,-1,-1,1,1,-1,-1,-1,1,-1,1,1,-1,1,-1,-1,-1,1,1,-1,-1,-1,1,-1,1,1,-1,-1,-1,-1,-1,1,1,1,-1,-1,1,-1,1,1,-1,-1,-1,-1,-1,1,-1,1,-1,-1,-1,1,1,1,1,-1,-1,1,-1,1,1,1,-1,1,-1,1,1,1,1,-1,-1,-1,1,-1,-1,-1,-1,-1,-1,1,-1,1,-1,-1,-1,-1,1,-1,1,-1,-1,1,1,1,-1,1,-1,1,-1,1,-1,-1,1,1,-1,1,-1,1,-1,1,1,-1,1,1,1,-1,1,1,-1,1,1,-1,-1,-1,1,-1,1,-1,1,-1,-1,1,-1,1,-1,1,-1,1,1,-1,-1,1,-1,-1,-1,1,-1,1,1,-1,1,1,1,1,1,-1,1,-1,1,-1,1,1,1,1,-1,-1,-1,-1,1,-1,1,1,1,-1,1,1,1,-1,-1,-1,1,1,1,-1,1,1,1,1,-1,1,-1,-1,1,1,1,1,1,-1,-1,1,1,1,1,1,1,-1,1,1,1,1,1,1,-1,1,1,-1,-1,1,-1,-1,1,1,1,1,1,1,-1,1,1,1,-1,1,-1,1,-1,1,1,-1,1,1,-1,1,1,-2656.0,1,2000,445,500,True
2488,1,1,-1,-1,1,1,-1,-1,1,1,1,-1,1,-1,1,1,-1,1,-1,-1,-1,-1,1,1,1,1,-1,-1,1,1,1,1,-1,-1,-1,-1,1,1,1,1,-1,-1,-1,1,1,1,1,1,-1,1,1,1,-1,1,-1,1,1,-1,1,1,1,-1,-1,-1,1,1,1,1,1,-1,-1,1,1,1,1,1,1,-1,1,-1,1,-1,1,-1,1,1,1,1,1,1,1,1,-1,1,1,1,-1,1,1,1,1,1,1,1,-1,1,-1,1,1,1,1,1,1,-1,1,1,1,1,1,1,-1,1,1,1,1,1,1,-1,1,1,1,1,-1,1,-1,1,1,1,1,-1,1,-1,1,1,1,1,1,1,1,-1,1,1,1,1,-1,1,-1,1,1,1,-1,1,1,1,-1,-1,1,-1,-1,1,-1,-1,1,1,-1,1,-1,1,1,1,-1,1,-1,1,1,-1,1,-1,-1,1,1,1,-1,1,-1,-1,-1,1,1,-1,1,-1,-1,-1,1,1,-1,1,1,-1,-1,1,1,-1,1,-1,-1,-1,1,1,-1,1,1,-1,-1,-1,1,-1,-1,1,-1,-1,1,1,-1,1,1,-1,-1,1,1,-1,1,-1,-1,-1,-1,1,1,-1,1,-1,-1,1,-1,-1,1,-1,-1,-1,1,1,-1,1,1,-1,1,-1,-1,-1,1,-1,1,-1,1,1,1,1,-1,1,-1,-1,1,1,-1,1,-1,1,-1,1,-1,1,1,-1,1,-1,1,1,-1,1,1,1,-1,1,1,1,1,-1,1,1,-1,1,1,1,1,1,-1,-1,1,-1,1,1,1,1,-1,1,1,-1,1,1,-1,-1,1,1,-1,1,1,-1,1,1,1,-1,-1,1,-1,1,1,-1,1,1,1,-1,1,-1,1,1,-1,1,-1,1,1,1,-1,1,1,-1,1,1,1,-1,1,-1,-1,1,1,1,-1,1,-1,-1,1,1,1,1,1,-1,-1,-1,-1,1,-1,1,1,-1,1,1,1,-1,-1,1,-1,-1,-1,1,-1,1,-1,-1,1,-1,-1,-1,1,1,-1,1,-1,1,-1,1,-1,1,-1,1,1,-1,1,-1,1,-1,1,-1,1,1,-1,-1,-1,-1,1,1,1,1,-1,-1,1,-1,-1,1,-1,-1,1,-1,-1,1,-1,1,-1,-1,1,-1,-1,1,-1,-1,1,1,-1,-1,-1,1,-1,-1,1,-1,-1,-1,-1,-1,-1,1,-1,-1,1,1,-1,-1,-1,-1,1,-1,-1,1,-1,1,-1,-1,1,1,-1,-1,1,-1,-1,-1,-1,-1,1,1,-1,-1,1,1,-1,1,-1,1,-1,1,1,-1,1,-1,1,1,-1,-1,-1,1,-1,1,-1,1,1,-1,1,-1,-1,1,-1,-1,1,-1,1,-1,1,-1,1,-1,1,1,-1,1,-1,1,-1,1,-1,-1,1,-1,1,1,1,1,-1,-1,1,1,-1,1,1,1,-1,1,1,1,-1,1,1,-1,1,1,1,1,1,-1,1,-1,-1,-1,1,-1,-1,1,1,1,-1,1,-1,1,-1,-1,-1,1,1,-1,1,1,-1,-1,-1,1,-1,1,1,-1,1,-1,1,-1,-1,-1,-1,-1,-1,1,-1,-1,-1,-1,-1,-1,1,-1,1,1,1,1,-1,1,-1,1,1,-1,-1,-1,1,-1,-1,1,-1,1,-1,-1,1,1,1,1,-1,-1,1,1,1,1,-1,1,-1,-1,1,1,1,-1,-1,-1,1,1,1,1,-1,1,-1,1,-1,1,-1,1,1,-1,-1,1,1,1,-1,-1,-1,-1,1,1,1,1,-1,1,-1,1,1,1,1,-1,1,-1,1,-1,1,-1,-1,1,-1,1,1,1,1,-1,1,-1,1,-1,1,1,-1,1,-1,1,1,-1,1,-1,1,-1,1,1,1,1,-1,1,-1,-1,1,-1,-1,-1,-1,-1,-1,1,1,-1,1,-1,-1,1,-1,1,1,-1,-1,-1,1,-1,1,-1,-1,1,-1,-1,1,-1,-1,-1,-1,-1,1,-1,1,-1,-1,-1,-1,-1,-1,1,-1,-1,-1,-1,1,-1,1,-1,-1,-1,1,-1,-1,1,-1,-1,-1,-1,-1,1,-1,-1,-1,-1,-1,-1,-1,1,-1,-1,-1,-1,-1,-1,1,-1,-1,-1,-1,1,-1,1,-1,-1,-1,1,-1,1,1,-1,-1,-1,1,-1,1,-1,-1,-1,1,1,-1,1,-1,1,-1,1,1,-1,-1,-1,-1,1,1,1,-1,1,1,1,-1,-1,1,-1,1,-1,-1,-1,1,1,-1,1,1,1,-1,1,1,-1,1,-1,1,1,-1,1,-1,-1,1,1,-1,-1,1,1,-1,-1,1,1,-1,1,1,-1,1,1,-1,-1,-1,1,-1,1,1,-1,-1,1,1,-1,1,1,1,-1,1,-1,1,1,1,-1,1,1,-1,-1,1,1,-1,-1,-1,1,-1,1,1,-1,1,-1,-1,-1,1,1,-1,-1,-1,1,-1,1,-1,-1,-1,1,-1,-1,1,1,1,-1,-1,1,-1,1,1,-1,-1,-1,-1,-1,1,-1,1,-1,-1,-1,1,1,1,1,-1,-1,-1,-1,1,1,1,-1,1,-1,1,1,1,1,-1,-1,-1,1,1,-1,-1,-1,-1,-1,1,1,1,-1,-1,-1,-1,1,-1,1,1,-1,1,1,-1,1,1,-1,1,-1,1,1,1,-1,1,-1,1,-1,1,1,-1,1,-1,1,1,1,-1,1,1,-1,1,1,-1,1,-1,1,-1,1,-1,1,1,-1,1,-1,1,-1,1,-1,-1,1,-1,-1,1,-1,-1,1,1,-1,1,1,-1,-1,1,1,1,1,-1,1,1,1,-1,1,1,-1,1,1,-1,-1,-1,1,-1,-1,1,1,-1,1,1,1,-1,-1,-1,1,1,1,-1,-1,1,1,1,-1,1,-1,-1,-1,1,1,1,1,-1,-1,1,1,1,1,1,1,-1,1,1,1,1,1,1,-1,1,1,-1,-1,1,-1,-1,1,-1,1,1,1,1,-1,-1,1,1,-1,1,-1,1,-1,1,1,-1,1,1,-1,-1,1,-2656.0,1,2000,445,500,True
2489,-1,-1,1,1,1,1,-1,1,-1,-1,-1,1,-1,-1,-1,-1,1,-1,1,-1,-1,-1,-1,-1,-1,1,-1,-1,-1,-1,-1,-1,1,-1,-1,-1,1,-1,-1,1,-1,-1,-1,-1,-1,-1,-1,1,-1,1,-1,-1,1,1,-1,1,-1,1,-1,-1,-1,1,-1,1,-1,-1,-1,-1,1,-1,-1,1,-1,-1,1,1,1,-1,1,-1,-1,-1,1,-1,1,-1,-1,1,1,1,1,-1,-1,-1,-1,1,-1,1,1,1,-1,-1,1,1,-1,1,-1,-1,-1,1,1,1,1,1,-1,-1,1,1,1,1,-1,-1,-1,1,1,1,1,-1,1,-1,1,1,-1,1,-1,1,-1,1,1,-1,1,-1,1,-1,-1,1,1,1,1,-1,-1,1,1,1,-1,1,-1,1,1,1,-1,1,1,1,-1,-1,1,-1,-1,1,-1,-1,1,1,-1,1,-1,1,1,1,-1,1,-1,1,-1,-1,1,-1,-1,1,1,1,-1,1,-1,-1,-1,1,1,-1,1,-1,-1,-1,1,1,-1,1,1,-1,-1,1,1,-1,1,-1,-1,-1,1,1,-1,1,1,-1,-1,-1,1,1,-1,1,-1,-1,1,1,-1,1,1,-1,-1,1,1,-1,1,-1,-1,-1,-1,1,-1,-1,1,-1,-1,1,-1,1,1,-1,-1,-1,1,1,-1,1,1,-1,1,-1,-1,-1,1,1,-1,-1,1,-1,-1,1,-1,-1,-1,-1,1,-1,1,1,-1,1,-1,1,-1,1,1,-1,1,-1,-1,-1,-1,1,1,1,-1,-1,-1,1,1,-1,1,1,1,-1,-1,1,1,1,-1,-1,-1,1,1,1,1,1,-1,-1,1,1,1,1,-1,-1,-1,1,1,1,1,-1,-1,-1,1,1,-1,1,-1,-1,1,-1,1,1,1,-1,1,1,-1,1,-1,1,-1,1,1,1,-1,1,1,-1,-1,1,1,-1,1,-1,-1,-1,1,1,-1,1,-1,-1,1,-1,1,-1,1,-1,-1,1,-1,1,-1,1,1,-1,1,-1,1,1,1,1,-1,-1,1,1,-1,1,-1,-1,1,1,-1,-1,1,1,-1,1,-1,1,-1,1,-1,1,1,-1,1,1,1,-1,1,1,-1,1,-1,1,-1,-1,1,-1,1,1,1,1,-1,1,1,1,1,1,-1,-1,1,-1,-1,1,-1,1,-1,-1,1,-1,1,1,-1,-1,-1,1,-1,1,-1,1,-1,-1,1,-1,1,1,-1,-1,-1,1,-1,-1,1,1,-1,-1,1,-1,1,1,-1,1,-1,1,-1,-1,1,1,-1,-1,-1,-1,1,1,-1,1,-1,1,-1,1,-1,1,-1,-1,-1,-1,1,-1,1,-1,-1,-1,-1,1,-1,-1,-1,-1,-1,-1,1,1,1,-1,1,-1,-1,1,-1,-1,1,-1,-1,-1,1,1,1,-1,1,-1,-1,-1,-1,1,-1,1,-1,-1,1,-1,1,1,1,-1,-1,-1,1,1,-1,1,-1,1,-1,1,1,1,-1,1,1,-1,1,1,1,1,1,1,1,-1,-1,-1,1,-1,-1,1,1,1,-1,1,-1,1,-1,-1,-1,1,1,-1,1,1,-1,1,-1,1,-1,1,1,-1,1,-1,1,-1,-1,-1,-1,1,-1,1,-1,-1,-1,-1,1,-1,1,-1,1,1,1,-1,-1,1,-1,1,1,-1,1,-1,1,-1,-1,1,-1,1,-1,-1,1,1,1,1,1,-1,1,1,1,1,-1,1,-1,-1,1,1,1,-1,-1,-1,1,1,1,1,-1,-1,-1,1,-1,1,-1,1,1,-1,-1,1,1,1,-1,1,-1,-1,1,1,1,1,1,1,-1,1,1,1,1,-1,1,-1,1,-1,1,-1,1,1,-1,1,1,1,1,1,1,-1,1,-1,1,1,1,1,-1,1,1,-1,1,1,1,-1,1,1,1,1,1,1,-1,1,1,-1,-1,1,-1,-1,1,1,1,-1,1,-1,-1,1,-1,-1,1,1,-1,-1,1,-1,1,-1,1,1,-1,1,-1,1,-1,1,-1,-1,1,-1,1,1,1,1,-1,1,-1,1,-1,1,1,-1,1,-1,1,-1,1,1,-1,1,1,1,1,1,-1,1,1,-1,1,1,1,1,-1,1,-1,1,-1,1,1,-1,1,1,-1,1,1,1,-1,1,1,-1,1,1,1,1,1,-1,-1,1,1,1,1,1,-1,1,-1,1,1,1,1,1,-1,1,1,1,1,1,1,-1,1,1,1,1,1,1,1,1,1,1,1,1,1,-1,1,1,-1,1,1,-1,1,1,1,1,-1,1,1,-1,1,-1,1,1,1,-1,1,1,1,1,1,1,-1,-1,1,-1,1,1,1,-1,1,1,-1,-1,-1,-1,-1,1,1,1,-1,1,1,-1,1,1,1,-1,1,-1,1,1,1,-1,1,1,-1,-1,1,1,1,-1,-1,1,-1,1,1,-1,1,-1,-1,-1,1,1,-1,-1,-1,1,-1,1,1,1,-1,-1,-1,-1,1,1,-1,-1,-1,-1,-1,-1,1,-1,-1,-1,-1,-1,1,-1,1,-1,-1,-1,-1,-1,1,-1,-1,-1,-1,-1,1,1,-1,-1,1,-1,1,1,1,1,-1,-1,-1,1,-1,1,-1,-1,-1,-1,1,-1,1,-1,-1,-1,1,-1,1,1,-1,-1,-1,-1,1,-1,1,-1,1,-1,1,-1,-1,1,1,-1,1,-1,1,-1,1,1,-1,1,-1,1,-1,1,1,-1,1,1,-1,-1,-1,1,-1,1,-1,1,-1,-1,1,-1,1,-1,1,-1,-1,1,-1,-1,1,-1,-1,-1,1,-1,1,1,-1,1,-1,1,1,1,-1,1,-1,1,-1,1,1,-1,-1,-1,-1,-1,-1,1,-1,1,-1,1,-1,1,1,1,-1,1,-1,1,1,1,-1,-1,-1,1,1,-1,1,-1,-1,1,1,1,1,1,-1,-1,1,1,1,1,1,1,-1,-1,1,1,1,1,1,-1,1,1,-1,-1,1,1,-1,1,1,1,1,1,1,-1,-1,1,1,-1,1,1,1,-1,1,1,-1,1,1,-1,-1,1,-2656.0,1,2000,445,500,True
2490,-1,-1,1,1,1,1,-1,1,-1,-1,-1,1,-1,1,-1,-1,1,-1,1,-1,-1,1,-1,-1,-1,1,-1,-1,1,-1,-1,-1,1,-1,-1,-1,1,-1,-1,1,-1,-1,-1,-1,-1,-1,-1,1,-1,1,-1,-1,1,1,-1,-1,1,-1,-1,-1,1,1,-1,1,-1,-1,1,-1,1,-1,1,-1,-1,-1,1,1,-1,-1,1,-1,-1,1,1,-1,1,-1,-1,1,1,1,1,1,-1,-1,1,1,-1,-1,1,1,-1,1,1,1,-1,1,-1,-1,1,1,1,-1,1,-1,-1,1,1,1,1,1,-1,-1,-1,1,1,-1,1,-1,1,1,1,1,-1,1,-1,1,1,1,1,-1,1,-1,1,-1,1,1,1,1,1,-1,-1,1,1,-1,-1,1,-1,1,1,1,-1,1,1,1,1,-1,1,-1,1,-1,1,-1,1,1,-1,1,-1,-1,1,1,-1,1,-1,1,1,-1,1,-1,-1,1,1,1,-1,1,-1,-1,-1,1,1,-1,1,-1,-1,-1,1,1,1,1,1,-1,-1,-1,1,-1,1,-1,-1,-1,1,1,-1,1,1,-1,-1,-1,1,1,-1,1,-1,-1,1,1,-1,1,1,-1,-1,1,1,-1,1,-1,-1,-1,-1,1,-1,-1,1,-1,-1,1,-1,-1,1,-1,-1,-1,1,1,-1,1,1,-1,1,-1,-1,-1,1,-1,1,-1,1,-1,-1,1,-1,1,-1,-1,1,-1,-1,1,-1,1,-1,1,-1,1,1,-1,1,-1,-1,-1,1,1,1,1,-1,-1,-1,1,1,-1,1,1,-1,-1,1,1,1,1,-1,-1,-1,1,-1,1,1,1,-1,-1,1,-1,1,1,-1,-1,-1,1,-1,1,1,-1,-1,-1,1,1,-1,1,-1,-1,1,1,-1,1,1,-1,-1,1,1,1,-1,1,-1,1,1,1,-1,1,1,-1,-1,1,1,-1,1,-1,-1,-1,1,1,-1,1,-1,-1,-1,1,1,1,1,-1,-1,1,1,1,-1,1,1,-1,-1,1,1,-1,-1,1,-1,-1,1,1,-1,1,-1,-1,-1,-1,-1,-1,1,1,-1,-1,1,1,-1,1,-1,-1,-1,1,1,-1,1,-1,-1,1,1,-1,1,1,-1,-1,-1,-1,1,-1,-1,1,-1,-1,1,-1,-1,1,-1,-1,-1,1,-1,1,-1,1,-1,-1,1,-1,-1,1,-1,-1,1,1,-1,1,-1,1,-1,-1,1,-1,-1,-1,-1,-1,-1,1,-1,-1,1,1,-1,-1,1,-1,1,-1,-1,1,-1,1,-1,-1,1,1,-1,-1,1,-1,-1,-1,-1,-1,1,1,-1,-1,1,1,-1,1,-1,1,-1,1,1,-1,1,-1,-1,-1,-1,-1,-1,1,-1,1,-1,1,1,-1,1,-1,-1,1,-1,-1,1,-1,1,-1,1,-1,1,-1,1,1,-1,-1,-1,1,-1,1,-1,-1,1,-1,1,1,1,1,-1,-1,-1,1,-1,1,1,-1,-1,1,1,1,-1,1,1,-1,1,1,1,1,-1,1,1,-1,-1,-1,1,-1,1,1,-1,-1,1,1,-1,1,-1,-1,-1,1,1,-1,1,1,-1,-1,1,1,-1,1,1,-1,-1,-1,1,-1,-1,-1,-1,1,-1,1,-1,-1,-1,-1,-1,-1,1,-1,1,1,1,1,-1,1,-1,1,1,-1,1,-1,1,-1,-1,1,-1,1,-1,-1,1,1,1,1,1,1,-1,1,1,1,-1,1,-1,1,1,1,1,-1,-1,-1,1,1,1,1,-1,1,-1,1,-1,1,-1,1,1,-1,-1,1,1,1,-1,1,-1,-1,1,1,1,1,1,1,-1,1,1,1,1,1,1,-1,1,1,1,-1,1,1,-1,1,1,1,1,1,1,-1,1,1,1,1,1,1,-1,1,1,-1,1,1,1,1,1,1,1,1,1,1,-1,1,1,1,-1,1,-1,-1,1,1,1,-1,1,-1,-1,1,1,1,1,1,-1,-1,1,1,1,-1,1,1,-1,1,1,-1,-1,1,-1,-1,1,1,1,-1,1,-1,-1,1,1,1,-1,1,1,-1,1,1,1,-1,1,1,-1,1,1,1,-1,1,-1,1,1,-1,-1,-1,1,1,-1,1,-1,-1,-1,1,1,-1,1,1,1,-1,1,1,-1,1,-1,1,-1,1,1,-1,1,-1,1,-1,1,-1,1,1,1,-1,-1,1,-1,1,1,-1,-1,1,-1,1,1,1,-1,-1,-1,1,-1,1,1,-1,1,-1,1,-1,1,1,-1,-1,-1,1,-1,1,1,-1,1,1,1,1,1,1,1,-1,1,1,-1,1,1,-1,1,1,1,-1,1,1,-1,-1,1,-1,-1,1,1,-1,1,1,-1,-1,-1,1,-1,1,1,1,-1,1,-1,-1,1,1,1,-1,1,-1,1,1,1,-1,1,1,-1,-1,1,-1,1,-1,-1,-1,-1,1,1,-1,1,-1,-1,-1,1,1,-1,-1,1,-1,-1,1,1,1,-1,-1,-1,-1,1,1,-1,-1,-1,1,-1,1,1,-1,-1,-1,-1,-1,1,-1,1,-1,-1,-1,1,1,1,-1,-1,-1,1,-1,1,1,-1,-1,1,-1,1,1,1,1,-1,-1,-1,1,-1,1,-1,-1,-1,-1,1,-1,1,-1,-1,-1,-1,1,1,1,-1,-1,1,1,-1,1,1,-1,1,-1,1,1,1,-1,1,-1,1,1,1,1,1,1,-1,1,-1,1,-1,1,1,-1,1,1,-1,1,1,1,-1,1,-1,1,1,-1,1,1,1,-1,1,1,-1,1,-1,-1,1,-1,-1,1,1,-1,1,1,-1,-1,1,1,1,1,-1,1,1,1,1,1,1,-1,1,1,1,1,1,1,-1,-1,1,1,1,-1,1,1,-1,-1,-1,1,1,1,-1,-1,1,1,1,1,1,-1,-1,-1,1,1,1,1,-1,-1,1,1,1,1,1,1,-1,1,1,1,1,1,1,-1,1,1,1,1,1,-1,-1,1,-1,1,1,1,1,-1,-1,1,1,1,1,-1,1,-1,1,1,-1,1,1,-1,-1,1,-2656.0,1,2000,445,500,True
2491,1,1,-1,-1,1,1,-1,1,1,1,1,-1,-1,1,1,1,-1,1,-1,-1,-1,1,1,1,1,-1,-1,-1,1,1,1,1,1,-1,-1,1,-1,1,1,-1,-1,-1,1,1,1,1,-1,-1,1,1,1,1,1,1,-1,-1,1,-1,1,1,-1,-1,-1,1,1,1,1,-1,-1,-1,1,-1,1,1,1,-1,-1,1,-1,1,1,-1,-1,-1,-1,1,1,1,-1,-1,1,1,-1,1,1,-1,-1,-1,-1,-1,1,1,-1,-1,1,-1,-1,1,1,-1,-1,-1,-1,-1,1,1,-1,-1,1,-1,-1,1,1,1,-1,-1,-1,-1,1,1,1,-1,1,-1,-1,1,1,1,-1,1,-1,-1,-1,1,1,-1,1,-1,-1,-1,1,1,-1,-1,1,-1,-1,1,1,-1,1,-1,-1,-1,1,1,-1,1,1,-1,1,1,-1,-1,1,-1,-1,1,1,-1,1,-1,1,-1,1,1,-1,1,1,-1,-1,-1,1,-1,1,1,1,-1,-1,1,1,-1,1,1,-1,-1,1,-1,-1,1,1,-1,1,1,-1,1,1,1,-1,1,1,1,1,1,1,1,-1,1,-1,-1,1,1,-1,-1,1,1,-1,1,1,-1,-1,1,-1,1,1,1,1,-1,1,-1,1,1,1,-1,1,1,1,1,-1,1,-1,-1,-1,1,1,1,1,1,1,-1,1,1,-1,1,1,1,1,1,1,-1,1,1,1,1,-1,1,1,1,1,1,1,1,1,1,1,-1,-1,1,-1,1,-1,1,1,1,1,1,1,-1,1,1,1,-1,1,1,-1,1,1,1,1,-1,1,-1,1,-1,1,1,1,1,-1,1,1,1,1,1,1,-1,1,1,1,1,1,-1,1,1,1,1,1,1,1,-1,1,1,-1,1,1,-1,1,1,1,-1,1,1,1,-1,1,-1,1,1,1,1,-1,1,1,1,1,1,1,-1,1,1,-1,1,1,-1,-1,1,1,1,-1,1,1,-1,-1,1,-1,1,1,1,1,-1,1,1,-1,1,1,-1,1,1,-1,-1,-1,-1,-1,1,1,-1,1,1,-1,-1,1,-1,1,-1,1,1,1,1,-1,1,1,1,-1,-1,1,1,1,-1,1,-1,1,-1,1,-1,1,-1,-1,1,1,1,-1,-1,-1,-1,1,1,1,-1,1,-1,-1,1,1,1,1,-1,-1,-1,1,-1,1,-1,1,-1,-1,-1,1,1,1,1,-1,-1,1,-1,1,1,-1,-1,-1,-1,1,-1,1,-1,-1,-1,1,-1,1,-1,-1,-1,-1,-1,1,1,-1,1,-1,-1,1,-1,1,-1,-1,1,-1,1,-1,1,-1,-1,1,-1,-1,1,1,-1,-1,1,-1,-1,-1,1,1,-1,-1,1,-1,1,-1,1,-1,-1,1,-1,-1,-1,1,-1,-1,1,-1,1,-1,1,-1,-1,1,-1,-1,1,1,-1,-1,-1,1,-1,1,1,-1,1,-1,1,-1,-1,1,1,1,-1,1,-1,1,-1,1,-1,1,-1,1,1,-1,-1,1,1,1,-1,1,-1,1,-1,1,1,1,-1,-1,-1,-1,-1,1,1,1,-1,-1,-1,1,1,-1,1,-1,-1,-1,1,1,-1,1,-1,-1,-1,1,1,-1,1,-1,-1,-1,-1,1,1,1,-1,1,-1,-1,1,-1,1,-1,-1,1,-1,1,-1,1,1,-1,-1,-1,-1,-1,1,1,-1,-1,-1,1,-1,1,1,-1,-1,-1,-1,1,1,-1,-1,-1,-1,-1,1,1,-1,1,-1,1,1,1,1,1,-1,-1,-1,-1,-1,1,-1,1,-1,-1,1,-1,1,1,-1,1,-1,-1,1,1,1,-1,1,-1,1,-1,1,1,-1,1,-1,-1,-1,1,1,-1,1,-1,1,-1,1,1,-1,-1,1,-1,-1,1,1,-1,-1,-1,1,-1,1,1,-1,-1,1,-1,-1,1,-1,1,-1,1,-1,-1,1,-1,-1,1,-1,1,-1,1,1,-1,1,-1,1,-1,1,-1,1,-1,1,-1,-1,1,1,-1,1,-1,-1,-1,-1,1,-1,1,-1,1,-1,-1,1,-1,1,1,-1,-1,-1,-1,1,1,1,1,-1,-1,1,-1,-1,1,1,-1,-1,-1,-1,1,-1,1,-1,-1,1,1,-1,1,1,-1,-1,1,-1,-1,1,1,-1,-1,-1,-1,1,-1,1,-1,-1,-1,-1,-1,1,-1,-1,1,-1,-1,1,-1,1,-1,-1,-1,-1,-1,1,1,1,-1,-1,-1,1,1,1,-1,-1,-1,1,-1,-1,1,1,-1,-1,-1,1,1,1,-1,-1,1,-1,1,-1,1,-1,-1,1,-1,-1,1,1,-1,-1,-1,-1,-1,-1,1,1,-1,-1,1,-1,1,1,-1,-1,-1,1,-1,1,1,1,-1,1,1,-1,1,1,1,-1,1,-1,1,1,1,-1,-1,1,-1,-1,1,1,1,1,-1,-1,-1,1,1,1,-1,1,-1,-1,1,1,1,1,-1,1,-1,1,-1,1,1,1,-1,-1,1,1,1,1,1,-1,-1,1,1,1,1,-1,-1,-1,1,-1,1,1,1,-1,-1,-1,1,-1,1,1,-1,-1,1,1,1,1,1,-1,-1,1,1,1,1,1,-1,-1,1,-1,1,1,1,-1,1,1,1,1,1,-1,-1,1,-1,1,1,1,-1,-1,1,1,1,1,-1,1,-1,-1,1,-1,1,1,1,-1,-1,1,1,1,1,-1,-1,-1,1,1,1,1,-1,-1,1,1,-1,1,1,-1,1,-1,1,-1,1,1,1,-1,-1,1,-1,1,1,1,-1,1,1,1,1,1,-1,-1,1,-1,1,1,1,-1,1,-1,-1,1,1,-1,-1,1,-1,1,-1,1,1,-1,1,1,1,1,1,-1,-1,1,1,-1,-1,-1,-1,-1,1,-1,1,1,1,-1,1,1,1,-1,1,1,1,-1,1,1,1,1,1,-1,-1,1,1,1,1,1,-1,1,1,1,-1,1,1,-1,-1,1,1,-1,1,1,1,-1,1,1,1,1,1,1,-1,1,-1,1,1,1,1,-1,1,1,-1,1,-2656.0,1,2000,445,1000,True
2492,-1,-1,1,1,1,1,-1,1,-1,-1,-1,1,-1,-1,-1,-1,1,-1,1,-1,-1,1,-1,-1,-1,1,-1,-1,1,-1,-1,-1,1,-1,-1,1,1,-1,-1,1,-1,-1,1,-1,-1,-1,-1,1,-1,-1,-1,-1,1,1,-1,1,-1,1,-1,-1,-1,1,-1,1,-1,-1,-1,-1,1,-1,1,-1,-1,-1,-1,1,1,1,-1,-1,-1,1,1,-1,-1,-1,-1,-1,1,1,1,-1,-1,-1,-1,1,-1,1,-1,1,-1,-1,1,1,-1,-1,-1,-1,-1,1,1,1,-1,-1,-1,-1,-1,1,1,-1,-1,-1,-1,-1,1,1,-1,-1,1,-1,-1,1,-1,-1,-1,1,-1,-1,1,-1,-1,-1,1,-1,-1,1,1,-1,-1,-1,-1,-1,-1,1,1,-1,1,1,-1,-1,-1,1,-1,-1,-1,-1,1,-1,1,-1,-1,-1,-1,1,-1,-1,-1,1,-1,-1,-1,1,1,-1,-1,-1,-1,-1,-1,-1,-1,1,-1,-1,-1,-1,1,-1,1,-1,-1,1,-1,1,-1,1,-1,-1,-1,-1,1,-1,1,-1,1,-1,-1,1,1,1,-1,1,-1,-1,1,1,-1,1,-1,-1,-1,1,-1,-1,1,-1,-1,-1,1,1,-1,1,-1,1,-1,1,1,-1,1,-1,1,-1,1,1,1,1,1,-1,-1,1,1,-1,-1,1,-1,-1,1,-1,1,1,1,-1,1,1,-1,1,1,1,-1,1,1,-1,1,-1,1,-1,-1,1,1,-1,1,1,1,-1,1,1,1,1,-1,1,1,1,-1,1,1,1,1,-1,1,1,1,1,1,1,1,1,-1,-1,1,1,1,1,1,1,-1,1,1,-1,1,1,-1,-1,1,1,-1,1,1,-1,1,1,1,1,-1,1,-1,1,1,-1,-1,1,1,-1,-1,1,-1,1,-1,1,-1,1,1,1,-1,1,1,-1,1,1,1,-1,1,-1,-1,1,1,1,-1,1,-1,-1,-1,1,1,1,1,-1,-1,1,-1,1,-1,1,1,-1,-1,1,1,-1,-1,1,-1,-1,1,1,-1,1,-1,1,-1,-1,-1,-1,1,1,-1,-1,1,1,-1,1,1,-1,-1,1,1,-1,1,1,-1,1,1,-1,1,1,-1,-1,-1,-1,1,1,1,1,-1,-1,1,-1,-1,1,-1,-1,1,-1,-1,1,-1,-1,-1,-1,1,-1,-1,1,1,-1,1,1,-1,1,-1,1,-1,-1,1,-1,-1,-1,1,-1,-1,1,-1,-1,1,1,-1,-1,1,-1,1,-1,1,1,-1,1,-1,-1,1,1,-1,-1,1,-1,-1,-1,1,-1,1,1,-1,-1,1,1,-1,1,-1,1,-1,1,1,-1,1,-1,-1,-1,-1,-1,-1,1,-1,1,-1,1,1,-1,1,-1,-1,1,-1,-1,1,-1,1,-1,-1,-1,1,-1,1,1,-1,-1,-1,1,-1,1,-1,-1,-1,-1,-1,1,1,1,-1,-1,-1,1,-1,1,1,-1,-1,-1,1,1,-1,1,1,-1,1,1,1,1,1,1,1,-1,1,1,-1,1,-1,-1,1,-1,1,-1,-1,1,-1,-1,1,-1,-1,-1,1,1,-1,1,1,-1,-1,1,-1,-1,-1,1,-1,-1,-1,1,1,1,1,-1,-1,-1,-1,-1,1,1,-1,-1,1,1,1,-1,1,-1,-1,-1,1,-1,1,1,-1,-1,-1,-1,-1,-1,1,1,-1,1,-1,1,1,1,-1,1,1,1,-1,1,1,1,-1,1,1,-1,1,1,-1,1,1,1,-1,1,1,-1,-1,1,-1,1,1,1,-1,1,1,1,-1,1,1,-1,1,1,1,1,1,1,1,1,1,1,1,1,1,-1,1,1,1,-1,1,1,1,1,1,1,1,1,-1,1,1,1,1,1,1,1,1,-1,1,-1,1,1,1,1,1,1,1,1,1,1,-1,1,1,1,-1,1,-1,-1,1,1,1,-1,1,1,-1,1,1,1,1,1,-1,1,1,1,1,-1,1,1,-1,-1,1,-1,-1,1,-1,1,-1,1,1,-1,1,1,1,-1,1,1,-1,1,1,-1,1,1,1,-1,1,1,-1,-1,1,1,-1,1,-1,1,1,-1,-1,-1,1,1,-1,-1,1,-1,-1,1,1,-1,-1,-1,1,-1,1,1,-1,-1,-1,1,-1,1,1,1,-1,1,1,-1,1,1,-1,-1,1,-1,-1,1,1,-1,-1,1,-1,1,1,1,-1,-1,-1,-1,-1,1,1,-1,-1,1,1,-1,1,1,1,1,-1,-1,-1,1,1,1,-1,1,1,1,1,1,1,-1,1,-1,1,1,1,1,-1,-1,1,1,1,1,1,1,-1,-1,1,-1,1,1,-1,-1,1,1,-1,1,1,-1,-1,1,1,1,1,1,1,-1,1,1,-1,1,-1,-1,1,1,1,1,1,1,-1,-1,1,1,1,1,-1,1,-1,1,1,-1,1,-1,-1,-1,1,1,-1,1,-1,1,-1,1,1,1,1,1,-1,-1,1,1,-1,1,1,-1,-1,1,1,-1,1,-1,-1,-1,1,-1,1,-1,1,-1,1,1,1,-1,-1,1,-1,-1,1,1,-1,-1,1,-1,1,1,1,1,-1,1,-1,1,-1,1,-1,1,1,-1,1,-1,1,-1,-1,-1,-1,1,1,1,-1,1,1,1,-1,1,1,-1,-1,1,1,1,1,1,1,-1,-1,1,1,1,1,1,-1,1,-1,1,-1,1,1,-1,1,1,-1,1,1,1,-1,1,-1,1,1,1,1,-1,1,1,1,-1,1,1,-1,-1,1,-1,-1,1,1,-1,1,1,-1,-1,1,1,1,1,-1,1,1,1,-1,1,1,-1,1,1,1,-1,-1,1,-1,-1,1,1,-1,1,1,1,-1,-1,1,1,1,1,-1,-1,1,1,1,-1,1,-1,-1,-1,1,1,1,1,-1,-1,1,1,1,1,1,1,-1,1,1,1,1,1,1,-1,1,1,-1,-1,1,-1,-1,1,-1,1,1,1,1,-1,-1,1,1,-1,1,-1,1,-1,1,1,-1,1,1,-1,-1,1,-2656.0,1,2000,445,500,True
2493,-1,-1,1,1,1,1,-1,1,-1,-1,-1,1,-1,1,-1,-1,1,-1,1,1,1,1,-1,-1,-1,1,-1,-1,-1,-1,-1,-1,1,1,-1,1,1,-1,-1,-1,1,-1,1,-1,-1,-1,-1,-1,1,-1,-1,-1,1,-1,1,-1,-1,1,-1,-1,-1,1,1,1,-1,-1,-1,-1,-1,-1,1,-1,-1,-1,-1,-1,1,1,-1,-1,-1,1,1,-1,-1,-1,-1,1,-1,1,-1,-1,-1,-1,-1,-1,-1,1,-1,1,-1,-1,-1,-1,1,-1,-1,-1,-1,-1,-1,1,-1,-1,-1,-1,-1,-1,1,-1,-1,-1,-1,-1,-1,-1,-1,-1,1,-1,-1,-1,1,-1,-1,-1,-1,-1,-1,1,-1,-1,-1,-1,-1,-1,1,-1,-1,-1,-1,-1,-1,1,1,-1,1,-1,-1,-1,1,-1,-1,-1,-1,-1,1,1,1,-1,-1,-1,-1,-1,1,-1,-1,-1,-1,-1,1,-1,1,-1,-1,-1,-1,-1,-1,-1,-1,1,-1,-1,1,1,1,1,-1,-1,1,-1,1,1,-1,1,-1,-1,-1,1,1,-1,1,1,-1,-1,1,1,1,1,-1,1,-1,-1,1,1,-1,-1,1,-1,1,1,1,1,-1,1,-1,-1,1,1,1,-1,1,1,-1,1,1,1,-1,-1,1,-1,1,1,-1,-1,1,1,-1,1,1,1,-1,1,-1,-1,1,-1,-1,-1,1,-1,-1,1,-1,-1,-1,1,-1,-1,1,-1,1,-1,1,-1,-1,1,-1,1,-1,-1,1,-1,1,1,-1,-1,-1,1,-1,1,-1,-1,-1,1,1,-1,1,1,1,-1,-1,1,-1,1,-1,-1,-1,1,1,-1,1,1,-1,-1,-1,1,-1,1,-1,1,-1,-1,-1,1,1,-1,-1,-1,1,1,-1,1,-1,-1,-1,-1,1,-1,1,-1,1,-1,1,1,-1,1,-1,-1,-1,-1,-1,1,1,-1,-1,-1,-1,-1,1,-1,-1,-1,-1,-1,1,1,-1,-1,-1,1,1,1,1,-1,-1,1,1,-1,-1,1,1,-1,-1,1,-1,-1,-1,1,-1,-1,-1,1,-1,1,-1,1,-1,-1,-1,-1,1,1,-1,-1,1,1,-1,1,1,-1,-1,1,1,-1,1,1,-1,-1,1,-1,1,1,-1,-1,-1,-1,1,-1,-1,1,-1,-1,1,-1,-1,1,-1,-1,-1,1,-1,1,-1,-1,-1,-1,1,-1,-1,1,1,1,1,1,-1,1,-1,1,-1,-1,1,-1,-1,-1,1,1,-1,1,-1,-1,1,1,-1,-1,-1,-1,1,-1,1,-1,-1,1,-1,-1,1,1,-1,-1,1,-1,-1,-1,-1,1,1,1,-1,-1,1,-1,-1,1,-1,1,-1,1,-1,-1,1,-1,-1,-1,-1,-1,-1,1,-1,1,-1,1,-1,-1,1,-1,-1,1,-1,-1,-1,1,1,-1,-1,-1,-1,-1,1,1,-1,-1,-1,1,-1,1,-1,-1,-1,-1,-1,1,1,1,-1,-1,-1,-1,1,1,1,-1,-1,-1,-1,-1,-1,1,1,-1,-1,-1,1,1,1,-1,1,1,1,1,-1,1,-1,-1,1,-1,1,-1,-1,1,-1,1,1,-1,-1,-1,1,1,1,1,1,-1,-1,1,-1,1,-1,1,-1,-1,-1,1,1,1,1,-1,-1,-1,-1,1,1,1,-1,-1,1,1,1,-1,1,-1,-1,-1,1,1,1,1,-1,-1,-1,-1,1,-1,1,1,-1,1,-1,-1,1,1,-1,1,1,-1,1,1,1,1,-1,1,-1,1,1,1,-1,1,1,1,-1,1,1,-1,-1,1,1,1,1,1,-1,1,1,1,-1,1,1,1,1,1,1,1,1,1,1,1,1,1,-1,1,1,-1,1,1,1,1,1,1,1,1,1,1,1,1,1,-1,1,1,1,1,1,1,1,-1,1,-1,1,1,1,1,1,1,1,1,1,1,-1,1,1,1,-1,1,-1,-1,1,1,1,-1,1,1,-1,1,1,-1,1,1,1,1,1,1,1,-1,1,1,-1,1,1,-1,-1,1,1,-1,1,1,1,-1,1,1,-1,1,1,1,-1,1,1,-1,1,1,1,-1,1,1,1,1,1,1,-1,1,1,-1,-1,1,-1,-1,1,1,1,1,-1,1,-1,1,1,-1,1,1,1,-1,1,1,-1,1,1,1,-1,1,1,1,1,1,1,-1,1,1,1,1,1,-1,-1,1,-1,1,1,-1,-1,1,1,1,1,1,-1,-1,-1,-1,1,1,1,-1,1,-1,1,1,-1,1,1,-1,-1,1,1,1,1,1,1,1,1,1,1,1,1,-1,1,1,1,-1,1,-1,1,1,1,1,1,1,1,-1,1,-1,1,1,1,1,-1,1,1,1,1,-1,1,1,1,1,1,1,1,1,1,1,-1,1,1,1,1,1,1,1,1,-1,1,-1,1,1,1,1,-1,1,-1,1,1,1,-1,1,1,-1,1,1,1,1,-1,1,-1,1,1,1,1,-1,1,1,1,1,-1,1,1,-1,1,1,1,-1,1,-1,-1,-1,1,-1,-1,1,1,-1,1,1,1,-1,1,1,-1,-1,1,1,-1,1,1,-1,1,1,1,-1,1,1,-1,1,-1,1,1,1,1,-1,1,-1,1,1,1,-1,1,1,1,1,1,1,1,-1,1,1,1,1,-1,1,-1,1,1,1,-1,1,-1,1,1,1,1,-1,1,1,-1,1,-1,1,-1,1,1,1,-1,1,1,1,1,-1,1,1,1,1,-1,1,1,1,-1,1,-1,-1,1,1,1,-1,-1,1,1,-1,1,1,-1,-1,1,1,1,-1,1,1,1,1,1,-1,1,1,1,1,1,-1,-1,1,-1,-1,1,-1,1,-1,1,1,-1,-1,1,-1,-1,1,1,-1,1,1,1,-1,1,1,-1,-1,1,-1,-1,1,1,-1,1,-1,1,-1,1,1,-1,1,1,1,-1,-1,1,-1,1,1,1,-1,-1,1,-1,1,-1,-1,-1,-1,1,-1,-1,1,1,-1,1,1,-1,1,1,-1,1,-1,1,1,-1,1,-2656.0,1,2000,445,500,True
2494,-1,-1,1,1,1,1,-1,1,-1,-1,-1,1,-1,1,-1,-1,1,-1,1,1,-1,-1,-1,-1,-1,1,-1,-1,-1,-1,-1,-1,1,1,-1,-1,1,-1,-1,-1,1,-1,-1,-1,-1,-1,-1,1,-1,1,-1,-1,1,-1,1,-1,-1,1,-1,-1,-1,1,1,1,-1,-1,-1,-1,-1,-1,-1,1,-1,-1,-1,-1,-1,-1,1,-1,-1,1,1,-1,1,-1,-1,-1,-1,1,-1,-1,-1,-1,-1,-1,-1,1,1,1,-1,-1,-1,-1,1,1,-1,-1,-1,-1,-1,1,1,1,-1,-1,-1,-1,1,1,-1,-1,-1,-1,-1,1,1,-1,1,-1,-1,-1,-1,1,-1,1,-1,-1,-1,-1,1,-1,1,-1,-1,-1,1,1,1,-1,-1,-1,-1,-1,-1,1,-1,1,-1,-1,-1,1,1,1,-1,-1,1,-1,-1,1,-1,-1,-1,-1,-1,1,-1,1,-1,-1,-1,1,-1,1,-1,-1,-1,-1,-1,1,1,1,-1,1,-1,-1,-1,1,1,-1,-1,1,-1,-1,1,1,-1,-1,-1,-1,-1,1,1,-1,-1,1,-1,-1,1,1,-1,1,1,-1,-1,-1,1,1,-1,-1,-1,-1,1,1,-1,1,-1,-1,-1,1,1,-1,-1,1,-1,-1,-1,1,-1,-1,-1,-1,-1,1,-1,1,-1,1,-1,-1,1,1,-1,-1,1,-1,1,-1,-1,-1,-1,1,-1,-1,1,1,-1,1,-1,-1,-1,-1,1,-1,1,-1,-1,1,-1,1,-1,-1,-1,-1,1,-1,-1,-1,-1,1,1,1,-1,-1,-1,1,-1,-1,1,1,-1,1,-1,-1,1,1,-1,-1,-1,1,-1,1,1,1,-1,-1,-1,-1,1,1,-1,1,-1,-1,1,1,1,-1,-1,-1,-1,1,-1,1,-1,-1,-1,-1,-1,1,1,-1,1,-1,-1,1,-1,1,-1,-1,-1,-1,-1,1,1,-1,-1,-1,-1,-1,1,-1,-1,-1,-1,-1,-1,1,-1,-1,-1,1,-1,1,1,-1,-1,1,1,-1,-1,1,1,-1,-1,1,-1,-1,1,1,-1,-1,-1,1,-1,1,-1,1,-1,-1,-1,-1,1,1,-1,-1,1,1,-1,1,1,-1,1,1,-1,1,1,1,-1,1,1,-1,-1,1,-1,-1,-1,1,-1,1,1,1,-1,-1,1,-1,1,1,-1,-1,-1,1,1,1,-1,-1,-1,-1,1,-1,-1,1,1,-1,1,1,1,1,-1,1,-1,-1,1,1,1,1,1,1,-1,1,1,1,1,1,-1,-1,-1,1,1,1,1,-1,1,1,1,-1,1,1,-1,-1,-1,1,1,1,-1,-1,-1,1,1,1,-1,-1,1,-1,1,-1,1,-1,-1,1,-1,1,-1,1,-1,-1,-1,1,-1,-1,1,-1,-1,-1,-1,-1,1,1,-1,-1,1,-1,1,-1,1,-1,-1,1,-1,-1,-1,1,-1,-1,1,-1,1,-1,1,-1,-1,1,-1,-1,-1,-1,1,-1,1,-1,-1,1,-1,1,-1,1,1,1,1,-1,1,-1,1,-1,1,-1,1,-1,-1,-1,1,-1,-1,-1,1,1,-1,1,-1,1,-1,1,-1,1,1,-1,1,1,1,1,-1,1,-1,1,-1,1,1,-1,1,-1,-1,1,1,1,-1,1,-1,-1,-1,1,1,-1,1,-1,1,1,1,-1,-1,1,-1,-1,1,1,1,-1,1,-1,-1,-1,1,1,-1,-1,1,1,-1,-1,1,-1,1,1,1,1,-1,1,-1,-1,1,1,-1,1,-1,-1,1,1,1,1,-1,-1,-1,1,-1,1,1,-1,1,-1,-1,1,1,1,-1,1,-1,-1,1,1,1,-1,1,1,-1,1,1,1,1,-1,1,-1,1,1,1,-1,1,1,-1,1,1,1,1,1,1,-1,1,1,1,-1,1,1,-1,1,1,-1,-1,1,1,-1,1,1,1,-1,1,1,-1,1,1,1,1,1,-1,-1,1,1,1,1,1,-1,-1,1,1,-1,1,1,-1,-1,1,1,1,1,1,1,-1,1,1,-1,1,1,-1,-1,1,1,1,1,1,1,-1,1,1,-1,1,1,1,-1,1,-1,1,1,1,1,-1,1,1,1,1,1,-1,1,1,-1,1,1,1,1,-1,1,-1,-1,1,1,1,-1,-1,1,1,1,1,1,-1,1,1,1,1,1,1,1,1,1,-1,1,1,1,1,1,1,-1,1,1,1,1,1,-1,-1,1,1,1,1,1,-1,-1,1,1,1,1,1,-1,1,1,1,1,1,-1,1,-1,1,1,1,1,1,1,-1,-1,1,1,1,1,1,-1,1,1,1,1,1,-1,-1,-1,1,1,1,1,1,-1,1,-1,1,1,-1,1,-1,-1,1,1,1,-1,1,-1,1,1,1,1,1,1,-1,1,-1,1,1,1,1,-1,1,1,1,1,1,-1,-1,1,1,1,-1,1,1,1,1,1,1,1,1,1,-1,1,1,1,1,1,1,-1,1,1,1,1,1,1,-1,-1,-1,1,1,1,1,-1,1,-1,1,1,1,1,-1,-1,-1,1,1,1,1,1,1,-1,1,1,1,1,1,-1,-1,1,-1,1,1,1,1,-1,1,1,1,1,-1,-1,1,1,1,1,1,-1,1,1,1,1,1,1,1,1,1,1,1,1,1,-1,1,1,-1,1,1,-1,-1,1,-1,1,-1,1,1,-1,1,-1,1,-1,-1,1,-1,1,-1,1,1,1,-1,-1,-1,1,1,1,-1,1,-1,-1,-1,1,1,-1,1,-1,-1,-1,1,-1,1,-1,-1,-1,1,1,1,1,-1,1,-1,1,1,1,-1,1,-1,1,1,1,1,-1,-1,-1,-1,-1,1,1,-1,1,-1,1,1,-1,1,1,-1,1,-1,-1,1,1,-1,-1,-1,1,1,-1,1,-1,-1,1,1,1,1,1,-1,-1,1,1,1,1,1,1,-1,-1,1,1,1,1,1,-1,1,1,1,1,1,1,-1,1,1,1,-1,1,1,-1,-1,1,1,-1,1,1,1,-1,1,1,-1,1,1,-1,-1,1,-2656.0,1,2000,445,500,True
2495,-1,-1,1,1,1,1,-1,1,-1,-1,-1,1,-1,-1,-1,-1,1,-1,1,-1,-1,1,-1,-1,-1,1,-1,-1,1,-1,-1,-1,1,-1,-1,1,1,-1,-1,1,-1,-1,1,-1,-1,-1,-1,1,-1,-1,-1,-1,1,1,-1,1,-1,1,-1,-1,-1,1,-1,1,-1,-1,-1,-1,1,-1,1,-1,-1,-1,-1,1,1,1,-1,-1,-1,1,1,-1,-1,-1,-1,-1,1,1,1,-1,-1,-1,-1,1,-1,1,-1,1,-1,-1,1,1,-1,-1,-1,-1,-1,1,1,1,-1,-1,-1,-1,-1,1,1,-1,-1,-1,-1,-1,1,1,-1,-1,1,-1,-1,1,-1,-1,-1,1,-1,-1,1,-1,-1,-1,1,-1,-1,1,1,-1,-1,-1,-1,-1,-1,1,1,-1,1,1,-1,-1,-1,-1,-1,-1,-1,-1,1,-1,1,-1,-1,-1,-1,1,-1,-1,-1,1,-1,-1,-1,1,1,-1,-1,-1,-1,-1,-1,-1,-1,1,-1,-1,-1,-1,1,-1,1,-1,-1,1,-1,1,-1,1,-1,-1,-1,-1,1,-1,1,-1,1,-1,-1,1,1,1,-1,1,1,-1,1,1,-1,1,-1,-1,-1,1,-1,-1,1,-1,-1,-1,1,1,-1,1,-1,1,-1,1,1,-1,1,-1,1,-1,1,-1,1,1,1,-1,-1,1,1,-1,-1,1,-1,-1,1,-1,1,1,1,-1,1,1,-1,1,1,1,-1,1,1,-1,1,1,1,-1,-1,1,1,-1,1,1,1,-1,1,1,1,1,-1,1,1,1,-1,1,1,1,1,-1,1,1,1,1,1,1,1,1,-1,-1,1,1,1,1,1,1,-1,1,1,-1,1,1,-1,-1,1,1,-1,1,1,-1,1,1,1,1,-1,1,-1,1,1,-1,-1,1,1,-1,-1,1,1,1,-1,1,-1,1,1,1,-1,1,1,-1,1,1,1,-1,1,-1,-1,1,1,1,-1,1,-1,-1,-1,1,1,-1,1,-1,-1,1,-1,1,-1,1,1,-1,-1,1,1,-1,-1,1,-1,-1,1,1,-1,1,-1,1,-1,-1,-1,-1,1,1,-1,-1,1,1,-1,1,1,-1,-1,1,1,1,1,1,-1,1,1,1,-1,1,-1,-1,-1,-1,1,1,1,1,-1,-1,1,-1,1,1,-1,-1,1,-1,-1,1,-1,-1,-1,-1,1,-1,1,-1,1,-1,1,1,-1,1,-1,1,-1,-1,1,-1,1,1,1,1,-1,1,-1,-1,1,1,-1,-1,1,-1,1,1,1,-1,-1,1,-1,1,1,1,-1,-1,1,-1,1,1,-1,1,1,1,-1,1,-1,-1,-1,1,-1,1,1,-1,-1,1,1,-1,-1,1,-1,-1,-1,1,-1,-1,1,-1,-1,-1,1,-1,-1,1,-1,-1,-1,1,1,-1,-1,1,-1,-1,1,1,-1,-1,1,1,-1,1,-1,-1,-1,1,-1,1,1,1,-1,-1,1,-1,1,1,1,-1,-1,1,-1,-1,1,1,1,-1,1,-1,1,1,-1,-1,1,-1,1,1,-1,1,-1,-1,1,-1,1,-1,-1,1,-1,1,1,-1,-1,-1,1,1,1,1,1,-1,-1,1,-1,1,-1,1,-1,-1,-1,1,1,1,1,-1,-1,-1,-1,1,1,1,-1,-1,1,1,1,-1,1,-1,-1,-1,1,1,1,1,-1,-1,-1,-1,1,-1,1,1,-1,1,-1,1,1,1,-1,1,1,1,1,1,1,1,-1,1,-1,1,1,1,-1,1,1,1,-1,1,1,-1,-1,1,1,1,1,1,-1,1,1,1,-1,1,1,-1,1,1,1,1,1,1,1,1,1,1,-1,1,1,-1,1,1,1,1,1,1,1,1,1,1,-1,1,-1,1,1,1,1,1,1,1,1,-1,1,-1,1,1,1,1,1,1,1,1,1,1,-1,1,1,1,-1,1,-1,-1,1,1,1,-1,1,1,-1,1,1,-1,1,1,-1,1,1,1,1,-1,1,1,-1,-1,1,-1,-1,1,-1,1,-1,1,1,-1,1,1,1,-1,1,1,-1,1,1,-1,1,1,1,-1,1,1,-1,-1,1,1,-1,1,-1,1,1,-1,-1,-1,1,1,-1,-1,1,-1,-1,1,1,-1,-1,-1,1,-1,1,1,-1,-1,-1,1,-1,1,1,1,-1,1,1,-1,1,1,-1,-1,1,-1,-1,1,1,-1,-1,1,-1,1,1,1,-1,-1,-1,-1,-1,1,1,-1,-1,1,1,1,1,1,1,-1,-1,-1,-1,1,1,1,-1,1,1,1,1,1,1,-1,1,-1,1,1,1,1,-1,-1,1,1,1,1,1,1,-1,-1,1,-1,1,1,-1,-1,1,1,-1,1,1,-1,-1,1,1,1,1,1,1,-1,1,1,-1,1,-1,-1,1,1,1,1,1,1,-1,-1,1,1,1,1,-1,1,-1,1,1,-1,1,-1,-1,-1,1,1,-1,1,-1,1,-1,1,1,1,1,1,-1,-1,1,1,-1,1,1,-1,-1,1,1,-1,1,-1,-1,-1,1,-1,1,-1,1,-1,1,1,1,-1,-1,1,-1,-1,1,1,-1,-1,1,-1,1,1,1,1,-1,1,-1,1,-1,1,-1,1,1,-1,1,-1,1,-1,-1,-1,-1,1,-1,1,-1,1,1,1,1,-1,1,-1,-1,1,1,-1,-1,1,1,-1,-1,1,1,-1,1,1,-1,1,-1,1,-1,1,1,-1,1,1,-1,-1,-1,1,-1,1,-1,1,-1,1,1,-1,1,1,1,-1,-1,1,-1,-1,1,-1,-1,-1,1,-1,1,1,-1,1,-1,1,1,1,-1,1,-1,1,-1,1,1,-1,1,-1,-1,-1,-1,1,-1,1,-1,1,-1,1,1,1,-1,1,-1,1,1,1,-1,-1,-1,1,1,-1,1,-1,-1,1,1,1,1,1,-1,-1,1,1,1,1,1,1,-1,1,-1,1,1,1,1,-1,-1,1,-1,-1,1,-1,-1,1,1,1,1,1,1,-1,-1,1,1,-1,1,-1,1,-1,1,1,-1,1,1,-1,-1,1,-2656.0,1,2000,445,500,True
2496,1,1,-1,-1,1,1,-1,-1,1,1,1,-1,-1,-1,1,1,-1,1,-1,-1,-1,-1,1,1,1,1,-1,-1,1,1,1,1,-1,-1,-1,-1,1,1,1,1,-1,-1,-1,1,1,1,1,1,-1,1,1,1,-1,1,-1,1,1,-1,1,1,1,-1,-1,-1,1,1,1,1,1,-1,-1,1,1,1,1,1,1,-1,1,1,1,-1,1,-1,1,1,1,1,1,1,1,1,1,1,1,1,-1,1,1,-1,1,1,1,1,-1,1,1,1,1,1,1,1,1,1,1,1,1,1,1,1,1,1,1,1,1,1,1,1,-1,1,1,1,-1,1,1,-1,1,1,1,-1,1,1,-1,1,1,1,1,1,1,1,1,1,1,1,-1,1,1,-1,1,1,-1,1,1,1,-1,-1,1,-1,-1,1,-1,-1,1,1,-1,1,1,1,1,1,-1,1,-1,1,1,-1,1,-1,-1,1,1,-1,-1,1,-1,-1,-1,1,-1,-1,1,-1,-1,-1,1,-1,1,1,1,-1,-1,1,-1,-1,1,-1,-1,-1,1,-1,-1,1,1,-1,-1,-1,1,-1,-1,1,-1,-1,1,1,-1,1,1,-1,-1,1,1,-1,1,-1,-1,-1,-1,1,-1,-1,1,-1,-1,1,1,1,1,-1,-1,-1,-1,1,-1,1,1,-1,-1,1,-1,-1,1,-1,1,-1,-1,-1,-1,1,-1,1,-1,-1,-1,-1,-1,1,-1,-1,-1,1,-1,1,1,-1,1,-1,-1,-1,1,1,1,1,-1,-1,-1,1,1,-1,1,1,1,-1,-1,1,1,1,-1,-1,-1,1,-1,1,1,1,-1,-1,1,-1,1,1,-1,1,-1,1,-1,1,1,-1,-1,-1,1,1,-1,1,-1,1,1,-1,-1,1,1,-1,-1,1,1,1,-1,1,-1,1,1,1,-1,1,1,-1,-1,1,1,-1,1,-1,-1,-1,1,1,-1,1,-1,-1,-1,1,1,1,1,-1,-1,1,1,1,-1,1,1,-1,-1,1,1,-1,-1,1,-1,-1,-1,1,-1,1,-1,-1,-1,-1,-1,-1,1,1,-1,-1,1,1,-1,1,-1,1,-1,1,1,-1,1,-1,-1,-1,1,-1,1,1,-1,-1,-1,-1,1,-1,-1,1,-1,-1,1,-1,-1,1,-1,-1,-1,1,-1,1,-1,1,-1,-1,1,-1,-1,1,-1,-1,1,1,-1,1,-1,1,-1,-1,1,-1,-1,-1,-1,-1,-1,1,-1,-1,1,1,-1,-1,-1,-1,1,-1,-1,1,-1,1,-1,-1,1,1,-1,-1,1,-1,-1,-1,-1,-1,1,1,-1,-1,1,1,-1,1,-1,1,-1,1,1,-1,1,-1,-1,-1,-1,-1,-1,1,-1,1,-1,1,1,-1,1,-1,-1,1,-1,-1,1,-1,1,-1,1,-1,1,-1,1,1,-1,-1,-1,1,-1,1,-1,-1,1,-1,1,1,1,1,-1,-1,-1,1,-1,1,1,-1,-1,1,1,1,-1,1,1,-1,1,1,1,1,-1,-1,1,-1,-1,-1,1,-1,-1,1,1,1,-1,1,-1,1,-1,-1,-1,1,1,-1,1,1,-1,-1,-1,1,-1,1,1,-1,1,-1,1,-1,-1,-1,-1,-1,-1,1,-1,-1,-1,-1,-1,-1,1,1,1,1,1,1,-1,1,-1,1,1,-1,-1,-1,1,-1,-1,1,-1,1,-1,-1,1,1,1,1,-1,-1,1,1,1,1,-1,1,-1,-1,1,1,1,-1,-1,-1,1,1,1,1,-1,-1,-1,1,-1,1,-1,1,1,-1,1,1,1,1,-1,-1,-1,1,1,1,1,1,-1,-1,-1,1,1,1,1,-1,-1,-1,1,-1,1,-1,-1,-1,1,1,1,1,1,-1,1,-1,1,1,1,1,-1,-1,-1,1,1,-1,1,-1,-1,-1,1,1,1,1,-1,-1,1,-1,1,1,-1,-1,1,1,1,1,1,-1,-1,-1,1,1,1,1,1,-1,1,-1,1,1,1,-1,-1,-1,1,1,1,-1,-1,-1,1,-1,1,1,1,-1,-1,1,-1,1,1,1,-1,-1,-1,1,-1,1,1,-1,-1,-1,1,1,1,1,-1,-1,1,-1,-1,1,-1,-1,-1,-1,1,1,-1,1,-1,-1,-1,1,1,1,1,-1,-1,-1,1,1,-1,1,-1,-1,-1,1,1,-1,1,-1,-1,-1,1,1,1,-1,-1,-1,1,1,1,-1,-1,1,-1,1,1,1,-1,-1,-1,1,1,1,1,-1,1,1,-1,-1,1,1,-1,-1,-1,-1,1,1,1,-1,1,1,-1,1,1,1,1,-1,1,1,-1,1,1,-1,1,1,-1,-1,1,1,-1,-1,1,1,-1,1,1,-1,1,1,-1,-1,-1,-1,-1,1,1,-1,-1,1,1,-1,1,1,1,-1,1,-1,1,1,1,-1,1,1,-1,-1,1,1,-1,-1,-1,1,-1,1,1,-1,1,-1,-1,-1,1,1,-1,-1,-1,1,-1,1,1,-1,-1,-1,-1,-1,1,1,1,-1,-1,1,-1,1,1,-1,-1,-1,-1,-1,1,-1,1,-1,-1,-1,1,1,1,1,-1,-1,1,-1,1,1,1,-1,1,-1,1,1,1,1,-1,-1,-1,1,-1,1,-1,-1,-1,-1,1,-1,1,-1,-1,-1,-1,1,1,1,-1,-1,1,1,-1,1,1,-1,1,-1,1,1,1,-1,1,-1,1,1,1,1,1,1,-1,1,-1,1,-1,1,1,-1,1,1,-1,1,1,1,-1,1,-1,1,1,-1,1,-1,1,-1,1,1,-1,1,-1,-1,1,-1,-1,1,1,-1,1,1,-1,-1,1,1,1,1,-1,1,1,1,-1,1,1,-1,1,1,1,-1,-1,1,-1,-1,1,1,-1,1,1,1,-1,-1,-1,1,1,1,-1,-1,1,1,1,-1,1,-1,-1,-1,1,1,1,1,-1,-1,1,1,1,1,1,1,-1,1,1,1,1,1,1,-1,1,1,-1,-1,1,-1,-1,1,-1,1,1,1,1,-1,-1,1,1,-1,1,-1,1,-1,1,1,-1,1,1,-1,-1,1,-2656.0,1,2000,445,500,True
2497,-1,-1,1,1,1,1,-1,1,-1,-1,-1,1,-1,1,-1,-1,1,-1,1,1,-1,1,-1,-1,-1,1,-1,-1,1,-1,-1,-1,1,1,-1,1,1,-1,-1,-1,1,-1,1,-1,-1,-1,-1,-1,1,-1,-1,-1,1,-1,1,-1,-1,1,-1,-1,-1,1,1,1,-1,-1,-1,-1,-1,-1,1,-1,-1,-1,-1,-1,-1,1,-1,-1,-1,1,1,-1,-1,-1,-1,1,-1,1,-1,-1,-1,-1,-1,-1,-1,1,-1,1,-1,-1,-1,-1,1,-1,-1,-1,-1,-1,-1,1,-1,-1,-1,-1,-1,-1,1,-1,-1,-1,-1,-1,-1,1,-1,-1,1,-1,-1,-1,1,-1,-1,1,-1,-1,-1,-1,-1,-1,1,-1,-1,-1,1,-1,-1,-1,-1,-1,-1,-1,1,-1,1,1,-1,-1,1,1,-1,-1,-1,-1,-1,1,1,-1,-1,-1,-1,-1,1,-1,-1,1,-1,-1,1,-1,1,-1,-1,-1,-1,1,1,-1,-1,1,-1,1,1,1,1,-1,1,-1,-1,1,1,1,-1,1,-1,-1,-1,1,1,-1,1,-1,-1,1,1,1,1,1,1,1,1,1,1,1,-1,1,-1,-1,1,1,-1,-1,1,1,-1,1,1,1,-1,1,-1,1,1,1,1,-1,1,-1,-1,1,1,-1,1,1,-1,1,1,1,1,-1,1,-1,1,-1,1,-1,1,1,-1,1,-1,1,-1,1,1,-1,1,-1,1,-1,1,-1,-1,-1,1,1,1,-1,1,1,-1,1,1,1,1,1,1,1,-1,1,-1,1,1,1,-1,-1,-1,1,1,1,1,1,1,1,-1,-1,1,1,-1,-1,-1,1,-1,1,1,1,-1,1,-1,-1,1,1,1,1,-1,-1,1,1,1,-1,1,1,-1,1,1,1,-1,1,-1,-1,-1,1,1,1,-1,-1,-1,1,1,1,-1,1,1,-1,1,1,1,-1,1,-1,-1,1,1,1,-1,1,-1,-1,-1,1,1,-1,1,-1,-1,1,-1,1,-1,1,1,-1,-1,1,1,1,-1,1,-1,-1,1,1,-1,1,-1,-1,-1,-1,-1,-1,1,1,-1,-1,1,1,-1,1,-1,-1,-1,1,1,1,1,-1,-1,1,1,1,-1,1,-1,-1,-1,-1,1,1,1,1,-1,-1,1,1,1,1,-1,-1,-1,-1,-1,1,-1,1,-1,1,-1,1,1,1,-1,-1,1,1,-1,1,-1,1,-1,-1,1,-1,1,1,-1,-1,-1,1,-1,-1,1,1,-1,-1,1,-1,1,1,-1,1,-1,1,-1,-1,1,1,-1,1,1,-1,1,1,-1,-1,1,1,-1,1,-1,1,-1,1,-1,-1,1,-1,1,-1,1,-1,-1,1,-1,-1,-1,1,-1,-1,1,-1,1,-1,1,-1,-1,1,-1,-1,1,-1,1,-1,1,1,1,-1,1,1,-1,-1,-1,1,-1,1,-1,-1,1,-1,1,1,1,1,-1,-1,1,1,-1,1,1,1,-1,1,1,1,1,1,1,-1,1,1,1,-1,-1,1,1,-1,1,1,-1,1,-1,1,1,1,-1,-1,-1,1,-1,-1,1,-1,-1,1,1,1,-1,1,1,-1,1,1,1,-1,-1,1,-1,-1,1,-1,-1,1,1,-1,-1,-1,-1,-1,1,1,-1,1,1,1,1,-1,1,-1,-1,1,1,-1,1,1,-1,-1,-1,1,-1,-1,1,1,-1,1,1,1,1,1,-1,1,1,1,-1,1,1,1,-1,1,1,-1,1,1,-1,1,1,1,-1,1,1,-1,-1,1,-1,1,1,1,-1,1,1,1,-1,1,1,-1,1,1,1,1,1,1,1,1,1,1,1,1,1,-1,1,1,1,-1,1,1,1,1,1,1,1,1,-1,1,1,1,1,1,1,1,1,-1,1,-1,1,1,1,1,1,1,1,1,1,1,-1,1,1,1,-1,1,-1,-1,1,1,1,-1,1,1,-1,1,1,1,1,1,-1,1,1,1,1,1,1,1,-1,-1,1,-1,-1,1,-1,1,-1,1,1,-1,1,1,1,-1,1,1,-1,1,1,-1,1,1,-1,1,1,1,-1,-1,1,1,-1,1,-1,1,1,-1,-1,-1,1,1,-1,-1,1,-1,-1,1,1,-1,-1,-1,1,-1,1,1,-1,-1,-1,1,-1,1,1,1,-1,-1,1,-1,1,1,-1,-1,1,-1,-1,1,1,-1,-1,1,-1,1,1,1,-1,-1,-1,-1,-1,-1,1,-1,-1,1,1,-1,1,1,-1,1,-1,-1,-1,1,1,1,-1,1,-1,1,1,1,-1,-1,1,-1,1,1,1,1,-1,-1,1,1,1,1,1,1,-1,-1,1,-1,1,1,-1,-1,1,1,1,1,1,-1,-1,-1,1,1,1,1,1,-1,1,1,-1,1,-1,-1,1,1,1,1,1,1,-1,-1,1,1,1,1,1,-1,-1,1,1,1,1,1,-1,-1,1,1,1,1,1,-1,-1,1,1,1,1,1,-1,-1,1,1,-1,1,1,1,-1,-1,1,-1,1,1,-1,-1,1,-1,-1,1,1,1,-1,-1,1,-1,1,1,1,-1,1,1,-1,1,-1,1,-1,1,1,-1,1,1,1,1,-1,1,1,1,1,-1,1,-1,1,1,1,1,1,-1,1,1,1,1,-1,1,1,-1,1,1,-1,1,1,-1,-1,1,-1,1,1,-1,1,-1,1,-1,1,-1,-1,1,-1,1,-1,1,-1,1,-1,-1,-1,1,1,-1,-1,1,-1,-1,-1,1,-1,-1,1,-1,-1,-1,1,1,-1,1,-1,-1,1,1,-1,-1,-1,1,-1,1,1,-1,1,1,-1,1,1,-1,-1,1,-1,-1,-1,-1,1,-1,1,1,-1,1,1,-1,-1,-1,-1,1,-1,-1,-1,-1,1,-1,-1,1,1,-1,1,1,-1,1,1,1,1,-1,1,-1,1,1,1,1,-1,1,-1,-1,1,1,1,-1,1,-1,1,1,1,1,-1,1,-1,1,1,1,-1,-1,1,-1,-1,1,1,-1,-1,-1,1,-1,1,-1,1,-1,1,-1,-1,1,-2656.0,1,2000,445,500,True
2498,-1,-1,1,1,1,1,-1,1,-1,-1,-1,1,-1,-1,-1,-1,1,-1,1,-1,-1,-1,-1,-1,-1,1,-1,-1,-1,-1,-1,-1,1,-1,-1,-1,1,-1,-1,1,-1,-1,-1,-1,-1,-1,1,1,-1,1,-1,-1,1,1,-1,1,-1,1,-1,-1,1,1,-1,1,-1,-1,-1,1,1,-1,-1,1,-1,-1,1,1,1,-1,1,-1,-1,1,1,-1,1,-1,-1,1,1,1,1,-1,-1,-1,1,1,-1,1,1,1,-1,1,1,1,-1,1,-1,-1,1,1,1,1,1,1,-1,1,1,1,1,1,-1,-1,-1,1,1,1,1,-1,1,1,1,1,-1,1,-1,1,1,1,1,-1,1,-1,1,-1,1,1,1,1,1,-1,-1,1,1,1,-1,1,-1,1,1,1,-1,1,1,1,1,-1,1,-1,1,-1,1,-1,1,1,-1,1,-1,-1,1,1,-1,1,-1,1,1,-1,1,-1,-1,1,1,1,-1,1,-1,-1,-1,1,1,-1,1,-1,-1,-1,1,1,1,1,1,-1,-1,-1,1,-1,1,-1,-1,-1,1,1,-1,1,1,-1,-1,-1,1,1,-1,1,-1,-1,1,1,-1,1,1,-1,-1,1,1,-1,1,-1,-1,-1,-1,1,-1,-1,1,-1,-1,1,-1,-1,1,-1,-1,-1,1,1,-1,1,1,-1,1,-1,-1,-1,1,-1,1,-1,1,-1,-1,1,-1,1,-1,-1,1,-1,-1,1,-1,1,-1,1,-1,1,1,-1,1,-1,-1,-1,1,1,1,1,-1,-1,-1,1,1,-1,1,1,-1,-1,-1,1,1,1,-1,-1,-1,1,-1,1,1,1,-1,-1,1,-1,1,1,1,1,-1,1,-1,1,1,-1,-1,-1,1,1,-1,1,-1,-1,1,-1,-1,1,1,-1,1,1,-1,1,-1,1,-1,1,1,1,-1,1,1,-1,-1,1,1,-1,1,1,-1,-1,1,1,-1,1,1,-1,1,-1,1,1,1,1,-1,1,1,1,-1,1,-1,1,1,-1,1,-1,-1,-1,1,-1,1,1,-1,1,1,1,1,1,1,-1,1,-1,1,1,-1,1,-1,1,1,1,1,-1,1,-1,1,1,-1,1,-1,-1,1,1,1,1,1,-1,1,1,1,-1,1,1,1,-1,-1,1,1,1,1,1,-1,1,-1,1,1,-1,1,-1,-1,1,1,1,1,1,-1,1,-1,-1,1,-1,1,-1,1,-1,1,1,-1,1,-1,-1,1,-1,1,-1,1,-1,1,1,-1,1,-1,1,-1,1,-1,-1,1,-1,-1,1,-1,-1,1,1,-1,1,-1,1,-1,1,1,-1,-1,1,1,-1,1,-1,-1,-1,-1,-1,-1,1,-1,-1,-1,1,-1,-1,1,1,1,-1,-1,1,-1,1,1,-1,-1,-1,-1,1,1,-1,1,-1,-1,-1,1,1,-1,1,-1,-1,1,-1,1,-1,1,-1,-1,-1,-1,1,-1,1,-1,-1,-1,-1,1,1,-1,1,1,-1,1,1,-1,1,1,1,1,-1,-1,-1,1,-1,1,1,-1,1,-1,1,-1,-1,1,-1,-1,1,1,-1,-1,-1,-1,1,-1,1,-1,-1,1,-1,1,-1,1,-1,-1,1,-1,1,-1,1,-1,1,1,-1,1,-1,1,-1,-1,-1,-1,-1,-1,1,-1,-1,-1,-1,1,-1,1,-1,1,1,-1,1,-1,-1,1,-1,-1,1,1,-1,-1,1,1,-1,1,1,-1,1,1,-1,-1,-1,-1,-1,1,1,-1,-1,1,-1,-1,1,1,-1,-1,1,1,-1,-1,1,1,-1,1,1,-1,-1,1,-1,-1,1,1,1,-1,1,1,-1,1,-1,1,-1,1,-1,-1,1,1,1,-1,1,1,-1,1,1,1,-1,1,1,-1,1,1,1,-1,1,1,-1,1,1,1,1,1,1,-1,1,1,1,-1,1,1,1,-1,1,-1,-1,1,1,1,-1,1,-1,-1,1,-1,1,1,1,-1,-1,1,-1,1,-1,1,1,-1,1,-1,1,-1,1,-1,-1,1,-1,1,-1,1,-1,-1,1,-1,1,-1,1,1,-1,1,-1,1,-1,1,1,-1,1,1,1,1,1,-1,1,1,-1,1,1,1,1,-1,1,-1,-1,1,1,1,-1,1,1,-1,1,1,1,-1,1,1,-1,1,1,1,-1,1,-1,-1,1,1,-1,1,1,-1,1,-1,1,-1,1,1,-1,-1,1,1,1,1,1,1,-1,1,1,-1,1,1,-1,1,1,1,-1,1,1,1,-1,1,1,-1,1,1,-1,1,1,-1,1,1,1,-1,1,1,1,-1,1,1,1,-1,1,1,-1,1,1,-1,-1,1,-1,-1,1,1,-1,1,1,-1,-1,-1,-1,-1,1,1,1,-1,1,1,-1,1,1,1,-1,1,-1,1,1,1,-1,1,1,-1,-1,1,-1,-1,-1,-1,1,-1,1,1,-1,1,-1,-1,-1,1,1,-1,-1,-1,1,-1,1,1,-1,-1,1,-1,-1,1,1,-1,-1,-1,1,-1,1,1,-1,-1,-1,-1,-1,1,-1,-1,-1,-1,-1,1,1,1,-1,-1,-1,1,-1,1,1,-1,-1,1,-1,1,1,1,1,-1,-1,-1,1,-1,1,-1,-1,-1,-1,1,-1,1,-1,-1,-1,-1,1,-1,1,-1,-1,1,1,-1,-1,1,-1,1,-1,1,1,1,1,1,-1,1,1,1,-1,1,1,-1,1,-1,1,-1,1,1,-1,1,1,-1,-1,-1,1,-1,1,-1,1,-1,1,1,-1,1,-1,1,-1,1,1,-1,-1,1,-1,-1,1,1,-1,1,1,-1,-1,1,1,1,1,-1,1,1,-1,-1,1,1,-1,1,-1,1,-1,-1,1,-1,-1,1,1,-1,1,1,1,-1,1,1,1,1,1,-1,-1,1,-1,1,-1,1,-1,-1,1,1,1,1,1,-1,-1,1,1,1,1,1,1,-1,1,-1,1,1,1,1,-1,1,1,-1,-1,1,-1,-1,1,1,1,1,1,1,-1,-1,1,1,-1,1,-1,1,-1,1,1,-1,1,1,-1,-1,1,-2656.0,1,2000,445,500,True
2499,1,1,1,1,1,1,-1,-1,1,-1,-1,1,-1,1,1,1,1,-1,1,1,-1,-1,1,-1,-1,1,-1,-1,1,1,1,-1,1,1,-1,-1,1,-1,-1,-1,1,-1,-1,1,1,-1,-1,-1,1,1,1,-1,1,-1,1,-1,1,-1,1,-1,-1,1,1,-1,1,1,-1,-1,-1,-1,-1,1,1,1,-1,-1,-1,-1,1,1,1,1,1,-1,1,1,1,-1,-1,1,1,1,-1,1,-1,-1,-1,1,1,-1,1,1,-1,-1,-1,1,-1,1,1,-1,-1,1,1,-1,1,1,-1,-1,1,1,-1,1,1,-1,-1,1,1,-1,1,1,-1,-1,-1,1,-1,1,1,1,-1,-1,1,-1,-1,1,1,-1,1,1,1,-1,1,-1,-1,-1,-1,1,-1,1,1,-1,-1,1,1,-1,1,1,-1,-1,1,-1,1,1,-1,-1,-1,1,-1,1,1,-1,-1,1,-1,1,1,1,-1,-1,-1,1,-1,-1,1,-1,-1,-1,-1,1,-1,1,-1,1,-1,-1,1,-1,1,-1,-1,-1,-1,-1,1,1,1,-1,-1,-1,1,1,1,1,-1,-1,-1,-1,-1,1,-1,-1,-1,-1,-1,-1,1,-1,-1,-1,-1,1,-1,1,1,1,-1,-1,-1,-1,1,-1,1,-1,-1,1,1,1,1,-1,-1,-1,1,-1,1,1,-1,-1,1,-1,1,1,1,-1,1,-1,-1,1,1,1,-1,1,-1,-1,1,1,1,-1,-1,1,-1,1,1,1,1,-1,1,-1,1,1,-1,1,1,1,-1,1,1,1,1,-1,1,1,1,-1,1,1,1,1,-1,-1,1,-1,1,1,1,1,-1,1,1,-1,1,1,-1,1,1,1,-1,1,1,-1,1,1,1,1,-1,1,-1,1,1,-1,-1,1,1,-1,-1,1,1,1,-1,1,-1,1,1,1,-1,1,1,-1,1,1,1,-1,1,-1,-1,1,1,1,-1,1,-1,-1,-1,1,1,1,1,-1,-1,1,-1,1,-1,1,1,-1,-1,1,1,-1,-1,1,-1,-1,1,1,-1,1,-1,-1,-1,-1,-1,-1,1,1,-1,-1,1,1,-1,1,-1,-1,-1,1,1,-1,1,-1,-1,1,1,-1,1,1,-1,-1,-1,-1,1,-1,-1,1,-1,-1,1,-1,-1,1,-1,-1,1,-1,-1,1,-1,1,-1,-1,1,-1,-1,1,-1,-1,1,1,-1,1,-1,1,-1,-1,1,-1,-1,-1,-1,-1,-1,1,-1,-1,1,1,-1,-1,1,-1,1,-1,-1,1,-1,1,-1,-1,1,1,-1,-1,1,-1,-1,-1,-1,-1,1,1,-1,-1,1,1,-1,1,-1,1,-1,1,1,-1,1,-1,-1,-1,-1,-1,-1,1,-1,1,-1,1,1,-1,1,-1,-1,1,-1,-1,1,-1,1,-1,1,-1,1,-1,1,1,-1,-1,-1,1,-1,1,-1,-1,1,-1,1,1,1,1,-1,-1,-1,1,-1,1,1,-1,-1,1,1,1,-1,1,1,-1,1,1,1,1,-1,-1,1,-1,-1,-1,1,-1,-1,1,-1,1,-1,1,-1,1,-1,-1,-1,1,1,-1,1,1,-1,-1,1,1,-1,1,1,-1,1,-1,1,-1,-1,-1,-1,-1,-1,1,-1,-1,-1,-1,-1,-1,1,-1,1,1,1,1,-1,1,-1,1,1,-1,-1,-1,1,-1,-1,1,-1,1,-1,-1,1,1,1,1,-1,-1,-1,1,1,1,-1,1,-1,1,1,1,1,-1,-1,-1,1,1,1,1,-1,1,-1,1,-1,1,-1,1,1,-1,-1,1,1,1,-1,-1,-1,-1,1,1,1,1,-1,1,1,1,1,1,1,-1,1,-1,1,1,1,-1,-1,1,1,1,1,1,1,-1,1,-1,1,1,1,1,-1,1,1,1,1,-1,1,-1,1,1,1,1,1,1,-1,1,1,-1,1,1,-1,-1,1,-1,1,1,1,-1,-1,1,-1,1,1,1,1,-1,1,1,1,1,1,-1,-1,1,-1,-1,1,-1,-1,-1,1,1,-1,1,1,-1,-1,-1,1,-1,1,1,-1,1,-1,1,-1,1,1,-1,-1,-1,-1,-1,1,1,-1,-1,-1,1,-1,-1,-1,-1,1,-1,-1,-1,1,-1,-1,1,-1,1,1,-1,1,-1,1,-1,1,-1,-1,1,-1,1,-1,-1,-1,1,1,-1,-1,-1,-1,-1,1,-1,-1,-1,1,-1,-1,1,-1,1,1,-1,-1,-1,-1,-1,-1,1,-1,-1,-1,1,1,1,1,-1,-1,1,-1,-1,-1,1,-1,-1,-1,1,1,1,1,1,-1,-1,1,-1,1,1,-1,1,-1,-1,1,1,1,-1,-1,-1,-1,-1,1,-1,-1,-1,1,-1,1,1,1,1,-1,-1,-1,1,1,1,1,-1,1,-1,1,1,-1,1,-1,-1,1,1,1,1,-1,1,-1,-1,1,1,1,1,-1,1,-1,1,1,1,1,-1,-1,-1,1,1,1,1,-1,1,-1,1,1,1,1,1,-1,-1,1,1,-1,1,1,-1,-1,1,1,-1,1,-1,-1,-1,1,-1,1,1,1,-1,1,1,1,-1,1,1,-1,-1,1,1,-1,1,1,-1,1,1,1,-1,1,1,-1,1,-1,1,1,1,1,-1,1,-1,1,1,1,-1,-1,1,1,1,1,1,1,1,-1,1,1,1,-1,1,1,1,1,-1,-1,1,-1,1,1,1,1,-1,1,1,-1,1,-1,1,-1,1,1,1,-1,1,1,1,1,1,-1,1,1,-1,-1,1,-1,1,1,1,-1,-1,1,1,1,-1,-1,1,1,1,1,1,-1,-1,1,1,1,1,-1,1,1,1,1,1,1,-1,1,1,1,-1,1,1,-1,-1,1,1,-1,1,1,1,-1,-1,-1,1,1,1,-1,-1,1,1,1,-1,1,-1,-1,-1,1,1,1,1,-1,-1,1,1,1,1,1,1,-1,1,1,1,1,1,1,-1,1,1,1,1,1,-1,-1,1,-1,1,-1,1,1,-1,-1,1,1,-1,1,-1,1,-1,1,1,-1,1,1,-1,-1,1,-2656.0,1,2000,445,500,True
2500,-1,-1,1,1,1,1,-1,1,-1,-1,-1,1,-1,-1,-1,-1,1,-1,1,-1,-1,1,-1,-1,-1,1,-1,-1,-1,-1,-1,-1,1,-1,-1,1,1,-1,-1,1,-1,-1,1,-1,-1,-1,-1,1,-1,-1,-1,-1,1,1,-1,1,-1,1,-1,-1,-1,1,-1,1,-1,-1,-1,-1,1,-1,1,-1,-1,-1,-1,1,1,1,-1,-1,-1,1,1,-1,-1,-1,-1,-1,1,1,1,-1,-1,-1,-1,1,-1,1,-1,1,-1,-1,1,1,-1,-1,-1,-1,-1,1,1,1,-1,-1,-1,-1,-1,1,1,-1,-1,1,-1,-1,1,1,-1,-1,1,-1,-1,1,-1,-1,-1,1,-1,-1,1,-1,-1,-1,1,-1,-1,1,1,-1,-1,-1,-1,-1,-1,1,1,-1,1,1,-1,-1,-1,1,-1,-1,-1,-1,1,-1,1,-1,-1,-1,-1,1,-1,-1,-1,1,-1,-1,-1,1,1,-1,-1,-1,-1,-1,-1,-1,-1,1,-1,1,-1,-1,1,-1,1,-1,-1,1,-1,1,-1,1,-1,-1,-1,-1,1,-1,1,-1,1,1,-1,1,-1,1,-1,-1,-1,-1,1,1,-1,1,-1,-1,-1,1,-1,-1,1,-1,-1,-1,1,-1,-1,1,-1,1,-1,1,1,-1,1,-1,1,-1,1,-1,1,1,-1,1,-1,1,-1,-1,-1,1,1,-1,1,1,1,1,1,1,-1,1,1,1,1,1,-1,-1,1,1,1,1,1,-1,-1,1,1,1,1,1,-1,-1,1,-1,1,1,-1,1,1,1,1,1,1,1,1,-1,1,1,-1,1,1,1,1,1,1,1,1,1,1,1,1,-1,1,1,1,1,1,1,1,1,1,1,-1,1,1,1,1,1,1,1,-1,1,1,1,1,-1,1,1,1,1,1,-1,1,1,-1,1,1,1,1,1,-1,1,1,1,1,1,1,-1,1,-1,1,1,1,1,1,1,-1,1,1,1,1,-1,1,-1,1,-1,-1,1,-1,1,1,-1,1,1,1,1,-1,1,-1,1,-1,1,-1,1,-1,-1,1,-1,-1,-1,1,1,1,1,-1,1,-1,1,-1,1,-1,1,1,1,1,-1,1,-1,1,1,-1,1,-1,-1,-1,-1,1,1,-1,1,-1,-1,1,-1,1,-1,-1,-1,1,-1,-1,1,-1,1,-1,-1,1,-1,1,-1,-1,-1,1,1,-1,1,-1,1,-1,-1,1,-1,1,-1,-1,-1,-1,1,-1,-1,1,1,-1,-1,1,-1,1,1,-1,1,-1,1,-1,1,-1,1,-1,-1,1,-1,-1,-1,-1,-1,1,1,-1,1,-1,1,-1,1,-1,1,1,-1,1,-1,1,-1,-1,1,-1,-1,-1,1,-1,1,-1,1,1,-1,1,-1,-1,1,-1,-1,1,-1,1,-1,1,-1,1,-1,1,1,-1,-1,-1,1,-1,1,-1,-1,1,-1,1,1,1,1,-1,-1,1,1,-1,1,1,-1,-1,1,1,1,-1,1,1,-1,1,1,1,1,-1,-1,1,-1,1,1,-1,1,-1,1,-1,-1,1,-1,-1,1,-1,-1,1,-1,-1,-1,1,1,-1,1,1,-1,-1,1,1,-1,-1,1,-1,-1,-1,-1,-1,1,1,-1,-1,-1,-1,-1,1,1,-1,-1,1,1,1,-1,1,-1,-1,1,1,-1,1,1,-1,-1,-1,1,-1,-1,1,1,-1,1,1,1,1,1,1,-1,-1,1,-1,1,1,1,-1,-1,1,-1,1,1,-1,-1,1,1,-1,1,1,-1,1,1,-1,1,1,1,1,-1,1,1,-1,1,1,-1,1,1,1,1,1,1,1,-1,-1,1,1,1,1,1,-1,1,1,-1,1,1,1,-1,-1,1,1,1,-1,1,-1,-1,1,1,1,1,1,1,-1,-1,1,1,1,1,-1,-1,1,1,1,1,-1,1,-1,1,-1,1,-1,-1,1,-1,1,-1,1,1,-1,-1,-1,1,1,1,-1,1,-1,-1,1,-1,1,1,-1,-1,1,-1,-1,1,-1,1,-1,-1,1,-1,1,1,1,-1,-1,1,-1,1,-1,1,-1,1,1,-1,1,1,-1,-1,-1,1,-1,1,-1,1,-1,1,-1,-1,1,1,-1,-1,1,-1,-1,1,1,-1,-1,-1,1,-1,1,1,-1,-1,-1,1,-1,1,1,1,-1,1,1,-1,1,1,-1,-1,1,-1,-1,1,1,-1,-1,1,-1,1,1,1,-1,-1,-1,-1,-1,-1,1,-1,-1,1,1,1,1,1,1,-1,1,-1,-1,1,-1,1,-1,1,1,1,1,1,1,-1,1,-1,1,1,1,1,-1,-1,1,1,1,1,1,1,-1,-1,1,-1,1,1,-1,-1,1,1,-1,1,1,-1,-1,1,1,1,1,-1,1,-1,1,1,-1,1,-1,-1,1,1,1,1,1,1,-1,-1,1,1,1,1,-1,1,-1,1,1,-1,1,-1,-1,-1,1,1,-1,1,1,1,-1,1,1,1,1,1,-1,-1,1,1,-1,1,1,-1,-1,1,1,-1,1,-1,-1,-1,1,-1,1,-1,1,-1,1,1,1,-1,-1,1,-1,-1,1,1,-1,-1,1,-1,1,1,1,1,-1,1,-1,1,-1,1,-1,1,1,-1,1,-1,1,-1,-1,1,1,-1,1,1,-1,1,-1,-1,1,-1,1,-1,-1,1,-1,-1,-1,1,1,-1,-1,1,1,-1,1,1,-1,1,-1,1,-1,1,1,-1,1,1,-1,-1,-1,1,-1,1,-1,1,-1,-1,1,-1,1,-1,1,-1,1,1,-1,-1,1,-1,-1,-1,1,-1,1,1,-1,1,1,1,1,1,-1,1,-1,1,-1,1,1,-1,1,-1,-1,-1,-1,1,-1,1,1,1,-1,1,1,1,-1,-1,-1,1,1,1,-1,1,1,1,1,-1,1,-1,-1,1,1,1,1,1,-1,-1,1,1,1,1,1,1,-1,1,1,1,1,1,1,-1,1,1,-1,-1,1,1,-1,1,1,1,1,1,1,-1,1,1,1,-1,1,1,1,-1,1,1,-1,1,1,-1,1,1,-2656.0,1,2000,445,500,True
2501,-1,-1,1,1,1,1,-1,1,-1,-1,-1,1,-1,-1,-1,-1,1,-1,1,-1,-1,1,-1,-1,-1,1,-1,-1,-1,-1,-1,-1,1,-1,-1,1,1,-1,-1,1,-1,-1,1,-1,-1,-1,-1,1,-1,-1,-1,-1,1,1,-1,1,-1,1,-1,-1,-1,1,-1,1,-1,-1,-1,-1,1,-1,1,-1,-1,-1,-1,1,1,1,-1,-1,-1,1,1,-1,-1,-1,-1,-1,1,1,1,-1,-1,-1,-1,1,-1,1,-1,1,-1,-1,1,1,-1,-1,-1,-1,-1,1,1,1,-1,-1,-1,-1,-1,1,1,-1,-1,1,-1,-1,1,1,-1,-1,1,-1,-1,1,-1,-1,-1,1,-1,-1,1,-1,-1,-1,1,-1,-1,1,1,-1,-1,-1,-1,-1,-1,1,1,-1,1,1,-1,-1,-1,1,-1,-1,-1,-1,1,-1,1,-1,-1,-1,-1,1,-1,-1,-1,1,-1,-1,-1,1,1,-1,-1,-1,-1,-1,-1,-1,-1,1,-1,-1,-1,-1,1,-1,1,-1,-1,1,-1,1,-1,1,-1,-1,-1,-1,1,-1,1,-1,1,-1,-1,1,-1,1,-1,1,1,-1,1,1,-1,1,-1,-1,-1,1,1,-1,1,-1,-1,-1,1,-1,-1,1,-1,1,-1,1,1,-1,1,-1,1,-1,1,-1,1,1,1,-1,-1,1,-1,-1,-1,1,-1,-1,1,1,1,1,1,-1,1,1,1,-1,1,1,-1,1,1,1,1,1,1,-1,-1,1,1,1,1,1,1,-1,1,-1,-1,1,-1,1,1,1,1,1,1,1,1,-1,1,1,1,-1,1,1,1,1,1,1,1,1,1,1,1,-1,1,1,1,-1,1,1,1,1,1,1,-1,1,1,1,1,1,1,1,-1,1,1,1,1,-1,-1,1,1,1,-1,1,-1,1,-1,1,1,1,1,1,-1,1,-1,1,1,1,1,-1,1,1,1,1,1,1,-1,1,1,1,-1,1,1,1,1,1,1,1,-1,1,-1,1,-1,1,-1,1,1,-1,-1,-1,1,1,-1,1,-1,1,1,-1,-1,-1,-1,-1,1,1,1,-1,1,1,-1,1,1,-1,-1,1,1,-1,1,1,-1,1,1,-1,1,1,1,-1,-1,-1,1,-1,-1,-1,-1,-1,1,-1,-1,1,1,1,-1,1,-1,1,-1,1,-1,1,-1,-1,-1,1,1,-1,1,1,-1,1,-1,-1,1,-1,1,-1,-1,-1,-1,-1,-1,1,-1,-1,1,-1,1,-1,1,-1,1,-1,1,1,-1,1,-1,-1,1,-1,1,-1,1,1,-1,-1,1,1,1,1,-1,-1,1,1,-1,1,-1,1,-1,1,1,-1,1,-1,-1,-1,-1,1,-1,1,-1,1,-1,1,-1,1,1,-1,-1,1,-1,1,1,-1,1,-1,1,-1,-1,-1,1,1,-1,-1,-1,1,-1,1,-1,-1,1,-1,-1,1,1,1,-1,-1,-1,-1,-1,1,1,-1,-1,1,-1,-1,1,1,1,-1,1,-1,1,-1,-1,1,1,-1,1,1,-1,-1,1,1,1,-1,1,-1,1,-1,1,1,1,-1,-1,-1,-1,-1,1,1,1,-1,-1,-1,1,1,-1,1,-1,-1,-1,1,1,1,1,-1,-1,1,1,1,1,1,-1,-1,-1,-1,1,-1,1,-1,1,-1,-1,1,1,1,-1,-1,1,1,-1,-1,1,1,-1,-1,-1,-1,1,1,1,-1,-1,1,-1,1,1,1,-1,-1,1,-1,1,1,-1,-1,-1,-1,-1,1,1,-1,1,-1,-1,1,1,1,1,-1,1,-1,-1,1,1,1,-1,1,-1,1,1,1,1,-1,-1,1,1,1,1,1,-1,1,1,-1,1,1,1,-1,-1,1,-1,1,-1,1,-1,-1,1,1,1,1,1,1,-1,1,1,1,1,1,-1,-1,1,1,1,1,-1,1,-1,1,-1,1,-1,-1,1,-1,1,-1,1,1,-1,-1,1,1,1,1,-1,1,-1,1,1,1,1,1,-1,-1,1,-1,-1,1,-1,1,-1,1,1,-1,1,1,1,-1,1,1,-1,1,-1,1,-1,1,-1,1,1,1,-1,1,1,-1,-1,1,-1,1,-1,-1,-1,-1,1,1,-1,-1,1,-1,-1,1,1,-1,1,-1,1,-1,1,1,-1,1,-1,1,-1,1,1,1,-1,1,1,-1,1,1,-1,-1,1,-1,-1,1,1,-1,-1,1,-1,1,1,1,-1,-1,-1,-1,-1,-1,1,-1,-1,-1,1,1,1,1,1,1,-1,-1,-1,1,-1,1,-1,1,-1,1,1,1,1,-1,1,1,1,1,1,1,-1,-1,-1,1,1,1,1,1,-1,-1,1,-1,1,1,-1,-1,1,1,-1,1,1,-1,-1,1,1,1,1,1,1,-1,1,1,-1,1,-1,-1,1,1,1,1,1,1,-1,-1,1,-1,1,1,-1,1,-1,1,1,-1,1,-1,-1,-1,1,1,-1,1,-1,1,-1,1,1,1,1,1,-1,-1,1,1,-1,1,1,-1,-1,1,1,-1,1,-1,-1,-1,1,-1,1,-1,1,-1,1,1,1,-1,-1,1,-1,-1,1,1,-1,-1,1,-1,1,1,1,1,-1,1,-1,1,-1,1,-1,1,1,-1,1,-1,1,-1,-1,-1,-1,1,1,1,-1,1,1,1,-1,1,1,-1,-1,1,1,1,1,-1,1,-1,-1,1,1,1,1,1,-1,1,-1,1,-1,1,1,-1,1,1,-1,1,1,1,-1,1,-1,1,1,-1,1,-1,1,1,1,1,-1,1,-1,-1,1,-1,-1,1,1,-1,1,1,-1,-1,1,1,1,1,-1,1,1,1,-1,1,1,-1,1,1,1,-1,-1,1,-1,-1,1,1,-1,1,1,1,-1,-1,-1,1,1,1,-1,-1,1,1,1,-1,1,-1,-1,-1,1,1,1,1,-1,-1,1,1,1,1,1,1,-1,1,1,1,1,1,1,-1,1,1,-1,-1,1,-1,-1,1,-1,1,1,1,1,-1,-1,1,1,-1,1,-1,1,1,1,1,-1,1,1,-1,-1,1,-2656.0,1,2000,445,500,True
2502,-1,-1,-1,-1,1,1,-1,1,-1,1,1,-1,-1,1,-1,-1,-1,1,-1,-1,-1,1,-1,1,1,1,-1,-1,1,-1,1,1,-1,-1,-1,1,1,-1,1,1,-1,-1,1,-1,1,1,1,1,-1,-1,-1,1,-1,1,-1,-1,-1,1,1,1,1,-1,-1,1,-1,-1,1,1,1,-1,1,-1,1,1,1,1,-1,1,-1,1,1,1,1,-1,-1,1,1,1,1,-1,-1,-1,1,1,1,1,1,1,-1,1,1,1,1,1,1,-1,1,1,1,1,1,-1,-1,1,1,1,1,1,1,-1,-1,1,1,1,1,-1,-1,-1,1,1,1,1,1,-1,1,1,1,1,1,1,-1,-1,1,1,1,1,1,-1,-1,1,1,1,1,1,1,-1,1,-1,1,1,1,1,-1,1,-1,-1,1,1,-1,1,-1,-1,1,1,1,-1,1,1,1,1,1,-1,1,-1,-1,-1,1,1,1,-1,1,1,-1,1,1,1,1,-1,-1,-1,1,-1,1,1,-1,-1,1,1,1,1,1,1,-1,-1,1,-1,1,1,-1,-1,-1,1,1,1,1,1,-1,-1,-1,1,1,1,1,-1,-1,1,1,1,1,-1,-1,-1,1,-1,1,1,1,-1,-1,-1,1,1,1,-1,-1,-1,1,-1,1,1,-1,-1,-1,1,1,-1,1,1,-1,-1,1,1,-1,1,-1,-1,-1,1,1,-1,1,1,1,-1,1,1,1,1,1,-1,-1,1,1,1,1,-1,-1,-1,-1,1,-1,1,1,-1,-1,1,1,-1,1,1,1,-1,-1,1,1,1,1,1,-1,1,1,-1,1,-1,1,-1,1,1,-1,1,1,1,-1,1,1,1,1,1,-1,-1,1,-1,1,1,1,-1,1,-1,-1,1,1,1,-1,1,-1,1,-1,1,1,1,1,1,-1,1,-1,1,1,1,1,-1,1,1,1,-1,1,1,-1,1,1,1,-1,-1,1,-1,1,1,1,1,1,1,-1,1,-1,1,-1,1,1,1,-1,-1,1,1,-1,1,-1,1,1,1,-1,1,1,1,1,-1,1,-1,1,-1,-1,1,1,-1,1,-1,1,-1,1,1,-1,1,-1,1,1,1,1,1,1,-1,1,-1,-1,-1,1,1,1,-1,-1,1,1,1,-1,1,-1,1,-1,1,1,-1,1,-1,-1,1,1,1,-1,1,-1,1,-1,-1,1,1,1,-1,-1,-1,-1,-1,1,1,-1,-1,1,-1,1,1,-1,-1,1,-1,-1,1,1,1,-1,-1,1,-1,1,-1,-1,1,-1,-1,1,1,-1,1,-1,-1,1,1,1,-1,-1,1,-1,1,1,1,-1,-1,-1,-1,-1,1,1,-1,-1,1,-1,1,-1,1,1,-1,-1,1,-1,1,-1,1,-1,-1,1,-1,-1,-1,1,-1,-1,-1,-1,1,-1,1,-1,-1,1,-1,-1,1,1,-1,-1,-1,-1,-1,1,1,-1,1,-1,1,-1,-1,1,1,1,-1,1,-1,1,-1,1,1,1,-1,1,1,-1,-1,1,1,1,-1,1,-1,1,-1,1,1,1,-1,-1,-1,-1,-1,1,1,1,-1,-1,-1,1,1,-1,1,-1,-1,-1,1,1,1,1,-1,-1,1,1,1,1,1,-1,-1,-1,-1,1,-1,1,-1,1,-1,-1,1,1,1,-1,-1,1,1,-1,-1,1,1,-1,-1,-1,-1,1,1,1,-1,-1,-1,1,1,1,-1,-1,-1,1,-1,1,1,-1,-1,-1,-1,-1,1,1,-1,1,-1,-1,1,-1,1,1,-1,-1,-1,-1,1,1,1,-1,-1,-1,1,1,1,-1,-1,-1,-1,-1,-1,1,1,-1,1,-1,1,1,-1,1,-1,-1,-1,-1,1,-1,1,-1,1,-1,1,1,-1,-1,1,-1,1,-1,1,-1,-1,-1,-1,-1,1,1,-1,1,1,-1,1,-1,1,-1,1,1,-1,1,-1,1,-1,1,-1,1,-1,1,-1,1,1,-1,1,-1,1,-1,1,1,1,-1,1,-1,-1,-1,1,-1,1,-1,-1,-1,-1,1,1,1,-1,1,1,-1,1,-1,1,1,-1,1,-1,1,1,1,1,1,-1,-1,1,1,-1,1,1,-1,-1,1,1,-1,1,-1,-1,-1,1,1,1,-1,1,-1,-1,1,1,1,-1,1,-1,-1,1,1,-1,-1,1,-1,-1,1,1,-1,1,-1,-1,1,1,1,-1,-1,1,-1,1,1,1,1,-1,1,1,1,1,1,-1,1,1,-1,-1,1,1,-1,-1,1,-1,1,1,1,-1,1,1,-1,1,1,1,-1,1,-1,1,-1,1,1,1,-1,1,-1,-1,1,1,-1,-1,1,1,-1,1,1,-1,1,1,-1,-1,-1,-1,-1,1,1,-1,-1,1,1,-1,1,1,1,-1,1,-1,1,1,1,-1,1,1,-1,-1,1,1,-1,-1,-1,1,-1,1,1,-1,1,-1,-1,-1,1,1,-1,-1,-1,1,-1,1,1,-1,-1,1,-1,-1,1,1,1,-1,-1,-1,-1,1,1,-1,-1,-1,-1,-1,1,-1,1,-1,-1,-1,-1,-1,1,1,-1,-1,-1,-1,1,1,1,-1,1,-1,1,1,1,1,-1,-1,-1,1,-1,1,-1,-1,-1,-1,1,-1,1,-1,-1,-1,1,-1,1,1,-1,-1,-1,1,-1,1,1,-1,1,-1,1,1,1,-1,1,-1,1,-1,1,1,1,1,-1,1,-1,1,-1,1,1,-1,-1,1,-1,1,1,1,-1,1,-1,1,1,-1,1,-1,1,-1,1,1,-1,1,-1,1,-1,1,-1,1,1,-1,-1,-1,-1,-1,1,1,1,-1,1,1,1,1,1,-1,-1,1,1,1,1,1,-1,-1,1,-1,1,1,1,-1,-1,-1,-1,-1,-1,-1,-1,-1,-1,-1,1,1,1,-1,1,1,-1,-1,1,1,1,-1,1,-1,1,1,1,-1,-1,1,-1,1,1,1,-1,-1,1,-1,1,1,1,-1,-1,1,-1,1,-1,1,1,-1,1,-1,-1,1,1,-1,-1,-1,-1,1,1,-1,1,-1,1,-1,-1,1,-2656.0,1,2000,445,1000,True
2503,1,1,-1,-1,1,1,-1,1,1,1,1,-1,1,1,1,1,-1,1,-1,-1,-1,1,1,1,1,1,-1,-1,1,1,1,1,-1,-1,-1,1,-1,1,1,1,-1,-1,1,1,1,1,1,1,-1,1,1,1,1,1,-1,-1,-1,-1,1,1,1,-1,-1,-1,1,1,1,1,1,-1,1,-1,1,1,1,1,-1,1,-1,1,1,-1,1,-1,-1,1,1,1,1,-1,1,1,-1,1,1,1,1,-1,-1,1,1,1,1,1,1,-1,-1,1,1,1,1,-1,-1,-1,1,1,1,1,1,-1,-1,1,1,1,1,-1,-1,-1,1,1,1,1,1,-1,-1,1,1,1,1,1,-1,-1,-1,1,1,1,1,-1,-1,-1,1,1,1,1,1,-1,-1,1,1,1,1,1,-1,-1,1,1,1,1,1,-1,1,1,1,1,1,-1,-1,1,1,1,1,-1,1,-1,1,1,1,1,1,-1,-1,-1,1,1,1,1,1,-1,-1,1,-1,1,1,1,-1,-1,1,1,1,1,1,-1,1,1,-1,1,1,1,-1,1,1,1,1,1,1,1,-1,1,-1,1,1,1,-1,-1,1,1,1,1,1,-1,-1,1,-1,-1,1,1,1,-1,1,1,-1,1,1,-1,1,1,-1,-1,1,1,-1,-1,1,-1,1,-1,1,1,1,1,-1,1,-1,1,1,1,1,-1,1,-1,1,1,1,1,-1,-1,1,1,1,1,1,1,-1,1,1,-1,-1,1,1,1,-1,1,1,1,1,-1,1,-1,1,1,1,-1,1,1,1,1,1,1,1,-1,-1,1,1,-1,1,1,1,1,-1,1,1,1,1,1,1,1,1,1,1,1,1,-1,1,1,1,1,1,1,-1,1,1,1,-1,1,1,1,-1,1,1,1,1,1,-1,1,1,-1,1,1,1,-1,1,1,1,1,1,1,-1,1,1,1,-1,1,1,1,1,1,1,1,-1,1,-1,1,-1,1,-1,1,1,1,-1,-1,1,1,-1,1,-1,1,1,1,-1,-1,-1,-1,1,-1,1,-1,1,1,-1,1,1,-1,-1,1,1,-1,1,1,-1,1,1,1,1,1,1,1,-1,-1,1,-1,-1,-1,1,-1,1,-1,-1,1,1,1,-1,-1,-1,1,-1,1,1,1,-1,1,-1,1,1,1,1,1,-1,-1,-1,-1,1,-1,1,-1,-1,-1,-1,1,1,1,-1,-1,1,-1,1,1,1,-1,1,-1,1,-1,1,1,-1,-1,1,-1,1,1,1,-1,-1,-1,1,1,1,1,-1,-1,1,-1,1,1,-1,1,-1,1,-1,1,1,-1,1,-1,-1,1,1,1,-1,1,-1,1,-1,1,1,-1,-1,1,-1,1,1,1,1,-1,1,-1,-1,-1,1,1,-1,1,-1,1,-1,1,-1,-1,1,-1,-1,1,-1,1,-1,-1,1,-1,1,-1,1,1,-1,1,-1,-1,1,1,1,-1,1,-1,1,-1,-1,-1,1,-1,1,1,-1,-1,1,1,1,1,-1,-1,1,-1,1,1,1,-1,-1,-1,1,-1,1,1,1,-1,-1,-1,1,1,-1,1,-1,-1,-1,1,1,-1,1,-1,-1,1,1,1,-1,1,-1,-1,-1,-1,1,1,1,-1,1,-1,-1,1,-1,1,-1,-1,1,1,1,-1,1,1,-1,-1,-1,-1,-1,1,1,-1,-1,-1,1,-1,1,1,-1,-1,-1,-1,1,1,-1,-1,-1,-1,-1,1,1,-1,1,-1,1,1,1,1,1,-1,-1,-1,-1,-1,1,-1,1,-1,-1,1,-1,1,1,-1,1,-1,-1,1,1,1,-1,1,-1,1,-1,1,1,-1,1,-1,1,-1,1,1,-1,1,-1,-1,-1,1,1,-1,-1,1,-1,-1,1,1,-1,-1,-1,-1,-1,1,1,1,-1,1,-1,-1,-1,-1,1,-1,1,-1,-1,1,-1,-1,1,1,1,-1,1,1,-1,1,-1,1,-1,1,-1,-1,1,-1,1,-1,1,1,-1,1,-1,-1,-1,-1,1,-1,1,-1,1,-1,-1,1,-1,1,-1,1,-1,-1,-1,1,1,-1,-1,-1,-1,1,-1,-1,-1,-1,-1,-1,-1,-1,1,-1,-1,-1,-1,1,1,-1,1,-1,-1,-1,1,-1,-1,1,-1,-1,-1,-1,-1,1,1,-1,-1,-1,-1,-1,1,-1,-1,-1,1,-1,-1,1,-1,1,-1,-1,-1,-1,-1,-1,-1,1,-1,-1,-1,1,1,1,-1,-1,-1,1,-1,-1,-1,1,-1,-1,-1,1,-1,1,-1,-1,-1,-1,1,-1,1,-1,-1,1,-1,-1,1,1,-1,-1,-1,-1,-1,-1,1,1,-1,-1,1,-1,1,1,-1,-1,-1,1,-1,-1,1,-1,-1,1,-1,-1,1,1,1,-1,1,-1,1,1,1,-1,-1,1,-1,-1,1,1,-1,-1,1,-1,-1,1,1,-1,1,1,-1,-1,1,1,-1,-1,1,-1,-1,1,-1,-1,-1,1,-1,-1,1,1,1,-1,-1,1,-1,1,1,-1,-1,1,-1,-1,1,-1,1,-1,1,1,-1,-1,1,1,-1,-1,1,-1,1,1,1,-1,-1,1,-1,1,1,1,-1,-1,1,-1,1,-1,-1,-1,1,-1,1,1,1,-1,-1,1,1,1,-1,1,1,-1,1,1,-1,1,1,-1,1,-1,1,1,1,-1,1,-1,1,-1,1,1,1,1,-1,-1,-1,1,-1,1,1,-1,-1,1,-1,1,-1,1,-1,1,-1,1,1,-1,1,-1,1,-1,1,1,-1,1,-1,-1,1,-1,-1,1,1,-1,-1,-1,-1,-1,1,1,1,-1,1,1,1,1,1,-1,-1,1,1,1,-1,1,-1,-1,1,-1,1,1,1,-1,-1,-1,-1,-1,-1,-1,-1,-1,1,-1,1,1,1,-1,1,1,-1,-1,1,1,1,-1,1,-1,1,1,1,-1,-1,1,-1,1,1,1,-1,-1,1,-1,1,1,1,-1,-1,1,-1,1,-1,1,1,-1,1,-1,-1,1,1,1,-1,-1,-1,1,1,1,1,-1,1,-1,-1,1,-2656.0,1,2000,445,1000,True
2504,1,1,-1,-1,1,1,-1,1,1,1,1,-1,-1,1,1,1,-1,1,-1,-1,-1,1,1,1,1,1,-1,-1,1,1,1,1,-1,-1,-1,1,-1,1,1,1,-1,-1,1,1,1,1,1,1,-1,1,1,1,-1,1,-1,-1,-1,-1,1,1,1,-1,-1,-1,1,1,1,1,1,-1,1,-1,1,1,1,1,-1,1,-1,1,1,-1,1,-1,-1,1,1,1,1,-1,1,1,-1,1,1,1,1,-1,-1,1,1,1,1,1,1,-1,-1,1,1,1,1,-1,-1,-1,1,1,1,1,1,-1,-1,1,1,1,1,-1,-1,-1,1,1,1,1,1,-1,-1,1,1,1,1,1,-1,-1,-1,1,1,1,1,-1,-1,-1,1,1,1,1,1,-1,1,1,1,1,1,1,-1,-1,1,1,-1,1,1,-1,1,1,1,1,1,-1,-1,1,1,1,1,-1,1,-1,1,1,1,1,1,-1,-1,-1,1,1,1,1,1,-1,-1,1,-1,-1,1,1,-1,-1,1,1,1,1,1,-1,1,1,-1,-1,1,1,-1,1,1,1,1,1,1,1,-1,1,-1,-1,1,1,-1,-1,1,1,1,1,1,-1,-1,1,-1,-1,1,1,1,-1,1,-1,1,1,1,-1,1,1,-1,1,1,1,-1,-1,-1,1,1,-1,1,1,1,-1,1,1,-1,1,1,1,1,1,1,-1,1,1,1,1,-1,1,1,1,1,1,1,1,1,1,1,-1,-1,1,1,1,-1,1,1,1,1,-1,1,-1,1,1,1,-1,1,1,1,1,1,1,1,-1,1,-1,1,-1,1,1,1,1,-1,1,1,1,1,1,-1,1,1,1,1,1,1,-1,1,1,1,1,1,1,-1,1,1,1,-1,1,1,1,-1,1,1,1,1,1,-1,1,1,-1,1,1,1,-1,1,1,1,1,1,1,-1,1,1,1,-1,1,1,1,1,1,1,1,-1,1,-1,1,1,1,-1,1,1,1,-1,1,1,1,-1,1,-1,1,1,1,-1,-1,-1,-1,1,1,1,-1,1,1,-1,1,1,-1,-1,1,1,-1,1,1,-1,1,1,1,1,1,1,1,1,-1,1,-1,-1,-1,1,-1,1,-1,-1,1,1,1,-1,1,-1,1,-1,-1,1,1,-1,1,-1,1,1,1,1,1,-1,1,-1,-1,1,-1,1,-1,-1,-1,1,1,1,1,-1,-1,1,-1,1,1,1,-1,1,-1,1,-1,1,1,-1,-1,1,-1,1,1,1,1,-1,-1,1,1,1,1,-1,-1,1,1,1,1,-1,1,-1,1,-1,1,1,-1,-1,-1,-1,1,1,1,-1,1,-1,1,-1,1,1,-1,-1,1,-1,1,1,1,1,-1,1,-1,-1,-1,1,1,-1,-1,-1,1,-1,1,-1,-1,1,-1,-1,1,-1,1,-1,-1,-1,-1,1,-1,1,1,-1,1,-1,-1,1,1,1,-1,1,-1,1,-1,-1,1,1,-1,1,1,-1,-1,-1,1,1,1,-1,-1,1,-1,1,1,1,-1,-1,-1,1,-1,1,1,1,-1,-1,-1,1,1,-1,1,-1,-1,-1,1,1,-1,1,-1,-1,-1,1,1,-1,1,-1,-1,-1,-1,1,1,1,-1,1,-1,-1,1,-1,1,-1,-1,1,-1,1,-1,1,1,-1,-1,-1,-1,-1,1,1,-1,-1,-1,1,-1,1,1,-1,-1,-1,-1,1,1,-1,-1,-1,-1,-1,1,1,-1,1,-1,1,1,1,1,1,-1,-1,-1,-1,-1,1,-1,1,-1,-1,1,-1,1,1,-1,1,-1,-1,1,1,1,-1,1,-1,1,-1,1,1,-1,-1,-1,1,-1,1,1,-1,1,-1,-1,-1,1,1,1,-1,1,-1,-1,1,1,-1,-1,-1,-1,-1,1,1,-1,-1,1,-1,-1,-1,-1,1,-1,1,-1,-1,1,-1,-1,1,-1,1,-1,1,1,-1,1,-1,1,-1,1,-1,-1,1,-1,1,-1,1,1,-1,1,-1,-1,-1,-1,1,-1,1,-1,1,-1,-1,1,-1,1,-1,1,-1,-1,-1,1,1,-1,-1,-1,-1,1,-1,-1,-1,-1,-1,-1,-1,-1,1,-1,-1,-1,-1,1,1,-1,1,-1,-1,-1,1,-1,-1,1,-1,-1,-1,-1,-1,1,1,-1,-1,-1,-1,-1,1,-1,-1,-1,1,-1,-1,1,-1,1,-1,-1,-1,-1,-1,-1,-1,1,-1,-1,-1,1,1,-1,-1,-1,-1,1,-1,-1,-1,-1,1,-1,-1,1,-1,1,-1,-1,-1,-1,1,1,1,1,-1,1,-1,-1,-1,1,-1,-1,-1,-1,-1,-1,1,1,-1,-1,1,-1,1,1,-1,-1,-1,1,-1,1,1,-1,-1,1,1,-1,1,1,1,-1,1,-1,1,1,1,-1,-1,1,-1,-1,1,1,-1,-1,-1,-1,-1,1,1,-1,1,1,-1,-1,1,1,-1,-1,1,-1,-1,1,1,-1,-1,1,-1,-1,1,1,1,-1,-1,-1,-1,1,1,-1,-1,1,-1,-1,1,-1,1,-1,1,-1,-1,-1,1,1,-1,-1,1,-1,1,1,1,-1,1,-1,1,1,1,1,-1,-1,-1,1,-1,1,-1,-1,-1,-1,1,-1,1,-1,-1,-1,-1,1,1,1,-1,-1,-1,1,-1,1,1,-1,1,-1,1,1,1,-1,1,-1,1,-1,1,1,1,1,-1,1,-1,1,-1,1,1,-1,-1,1,-1,1,1,1,-1,1,-1,1,1,-1,1,-1,1,-1,1,1,-1,1,-1,1,-1,1,-1,1,1,-1,-1,-1,-1,-1,1,1,1,-1,1,1,1,1,1,-1,-1,1,1,1,1,1,-1,-1,1,-1,1,1,1,-1,-1,-1,-1,-1,-1,-1,-1,-1,-1,1,1,1,1,-1,1,1,-1,-1,1,1,1,-1,1,-1,1,1,1,-1,-1,1,-1,1,1,1,-1,-1,1,-1,1,1,1,-1,-1,1,-1,1,-1,1,1,-1,1,-1,-1,1,1,1,-1,-1,-1,1,1,1,1,-1,1,-1,-1,1,-2656.0,1,2000,445,1000,True
2505,1,1,-1,-1,1,1,-1,1,1,1,1,-1,1,1,1,1,-1,1,-1,-1,-1,1,1,1,1,-1,1,-1,1,1,1,1,-1,-1,-1,1,-1,1,1,1,-1,-1,1,1,1,1,1,-1,1,-1,1,1,-1,1,-1,-1,-1,-1,1,1,1,-1,-1,1,1,1,1,1,-1,-1,1,-1,1,1,1,-1,-1,1,-1,1,1,-1,-1,-1,-1,1,1,1,-1,-1,-1,-1,1,1,1,-1,-1,1,-1,-1,1,1,-1,-1,1,-1,1,1,1,-1,-1,-1,-1,1,1,1,-1,-1,1,-1,1,1,1,1,-1,-1,-1,1,-1,1,1,-1,1,-1,1,1,1,1,-1,1,-1,-1,1,1,1,-1,1,-1,-1,1,1,1,-1,-1,1,-1,1,1,1,-1,1,-1,-1,1,-1,1,-1,1,-1,1,1,1,-1,-1,1,-1,1,1,1,-1,1,-1,1,-1,-1,1,-1,1,1,-1,1,1,1,1,1,1,1,-1,-1,1,-1,1,1,1,-1,-1,1,1,-1,1,1,1,-1,1,-1,1,1,1,-1,-1,1,1,1,1,1,1,-1,1,-1,-1,1,1,1,-1,1,1,-1,1,1,-1,-1,1,-1,1,1,1,1,-1,1,1,-1,1,1,-1,1,1,-1,1,1,1,-1,-1,1,-1,1,-1,1,-1,1,1,-1,1,-1,1,-1,1,1,-1,1,-1,-1,-1,1,1,-1,-1,1,-1,-1,-1,1,1,-1,1,-1,-1,1,1,1,-1,-1,-1,-1,1,1,-1,1,-1,-1,-1,1,1,1,-1,-1,-1,-1,-1,1,-1,1,-1,-1,1,-1,1,1,1,-1,1,1,1,1,1,1,-1,-1,-1,1,1,1,1,1,-1,-1,1,1,1,-1,1,1,-1,-1,1,1,-1,1,-1,-1,1,1,1,1,-1,1,-1,1,1,1,1,-1,1,-1,1,1,1,1,1,1,-1,-1,1,1,-1,-1,1,-1,1,-1,1,1,-1,1,1,-1,1,1,1,1,1,1,-1,1,1,1,-1,1,1,-1,-1,-1,-1,1,1,1,-1,1,1,-1,-1,1,-1,-1,1,1,1,-1,1,-1,1,1,1,-1,-1,1,1,1,-1,1,1,1,-1,1,-1,1,1,1,-1,1,1,-1,-1,-1,1,1,-1,1,-1,1,-1,1,-1,1,1,1,-1,-1,1,1,-1,1,-1,1,-1,1,-1,1,1,1,1,-1,-1,1,-1,1,1,-1,-1,1,1,1,-1,1,-1,-1,-1,1,-1,1,1,-1,-1,1,1,1,1,-1,1,-1,1,-1,1,1,-1,1,-1,1,1,1,1,-1,-1,-1,1,-1,1,1,1,-1,-1,1,1,-1,1,-1,-1,-1,1,-1,1,1,1,-1,-1,1,-1,-1,1,-1,-1,-1,-1,-1,-1,1,-1,-1,-1,1,-1,-1,1,-1,-1,-1,-1,1,-1,1,-1,-1,-1,-1,1,-1,-1,1,1,1,-1,1,-1,1,-1,1,-1,1,-1,1,1,-1,1,-1,1,1,-1,1,-1,1,-1,1,1,1,-1,-1,1,-1,-1,1,1,1,-1,1,-1,1,1,-1,1,-1,1,-1,1,1,1,1,-1,1,1,1,1,-1,1,-1,1,-1,-1,1,1,1,-1,1,-1,-1,1,-1,1,-1,1,1,-1,1,-1,1,1,-1,-1,-1,-1,-1,1,1,-1,1,-1,-1,-1,1,-1,1,1,-1,1,1,1,-1,1,-1,-1,1,1,1,-1,1,-1,1,-1,-1,1,1,1,1,-1,-1,-1,1,1,1,-1,-1,1,-1,-1,-1,1,1,-1,-1,1,-1,1,1,-1,-1,-1,-1,-1,1,1,1,-1,-1,-1,-1,1,1,1,-1,-1,-1,-1,-1,1,1,1,-1,-1,-1,-1,1,1,-1,-1,-1,-1,1,1,1,1,1,-1,1,1,1,1,1,1,-1,-1,1,1,1,-1,-1,-1,1,1,1,1,-1,1,-1,-1,1,-1,1,-1,1,-1,-1,1,-1,1,1,1,-1,-1,1,-1,1,-1,1,-1,-1,1,-1,1,1,1,-1,-1,1,-1,1,1,1,-1,-1,1,1,-1,1,1,-1,-1,1,-1,1,-1,1,-1,-1,-1,-1,-1,1,1,-1,-1,1,-1,-1,1,1,-1,-1,-1,-1,1,-1,1,-1,-1,-1,-1,1,1,-1,-1,1,-1,-1,1,-1,1,-1,-1,-1,-1,-1,1,1,1,-1,-1,-1,1,1,1,-1,-1,-1,1,-1,-1,1,-1,1,-1,-1,1,1,1,-1,-1,-1,-1,1,-1,1,1,-1,1,-1,-1,1,1,-1,-1,-1,-1,-1,-1,1,1,-1,-1,1,-1,1,1,-1,-1,-1,1,-1,1,1,-1,-1,1,-1,-1,1,1,1,-1,1,-1,1,1,1,-1,-1,1,-1,-1,1,1,1,-1,1,-1,-1,1,1,-1,1,1,-1,-1,1,1,1,1,1,-1,-1,1,1,-1,1,1,-1,-1,1,1,1,1,1,1,-1,-1,1,1,1,1,-1,-1,1,-1,1,1,1,1,-1,-1,1,-1,1,1,1,-1,1,1,1,1,-1,1,-1,1,1,1,1,1,1,-1,-1,1,1,1,1,-1,1,-1,1,1,1,1,1,-1,1,1,1,1,-1,-1,1,-1,1,1,-1,1,-1,-1,-1,1,1,1,-1,1,-1,-1,1,1,1,-1,-1,-1,-1,1,1,1,-1,-1,1,-1,-1,1,1,-1,1,-1,-1,-1,1,1,-1,1,-1,1,-1,-1,1,1,1,1,-1,-1,1,1,-1,-1,1,1,-1,-1,1,-1,1,-1,-1,1,1,-1,-1,1,-1,-1,-1,1,1,-1,1,1,-1,1,1,-1,-1,-1,1,-1,-1,-1,-1,-1,1,-1,1,1,1,-1,1,1,1,-1,1,1,1,-1,1,1,-1,1,1,-1,-1,1,1,1,1,1,-1,-1,-1,1,-1,1,1,-1,-1,1,1,-1,1,1,1,-1,1,1,1,1,1,-1,-1,-1,1,-1,1,1,1,-1,1,-1,1,1,-2656.0,1,2000,445,1000,True
2506,1,1,-1,-1,1,1,-1,1,1,1,1,-1,1,1,1,1,-1,1,-1,-1,-1,1,1,1,1,1,-1,-1,1,1,1,1,-1,-1,-1,1,-1,1,1,1,-1,-1,1,1,1,1,1,1,-1,-1,1,1,-1,1,-1,-1,1,-1,1,1,1,-1,-1,-1,1,1,1,1,1,-1,1,-1,1,1,1,1,-1,1,-1,1,1,1,1,-1,-1,1,1,1,1,-1,-1,1,-1,1,1,1,1,1,-1,-1,1,1,1,1,1,-1,-1,1,1,1,1,-1,-1,-1,1,1,1,1,1,-1,-1,1,1,1,1,-1,-1,-1,1,1,1,1,1,-1,-1,-1,1,1,1,1,-1,-1,-1,1,1,1,1,-1,-1,-1,1,1,1,1,1,-1,-1,-1,1,1,1,-1,-1,-1,1,-1,1,1,1,-1,-1,-1,1,1,1,-1,-1,1,1,1,1,-1,1,-1,-1,-1,1,1,1,-1,-1,-1,-1,1,1,1,1,-1,-1,-1,1,-1,1,1,-1,-1,1,1,1,1,1,-1,1,1,-1,-1,1,1,-1,1,-1,1,1,1,1,1,-1,-1,1,1,1,1,1,-1,1,-1,1,1,1,-1,-1,-1,1,-1,1,1,1,-1,1,-1,1,1,1,-1,-1,-1,1,-1,1,1,-1,1,-1,1,1,-1,1,1,1,-1,1,1,-1,1,1,1,1,1,1,-1,1,1,1,-1,-1,1,1,1,1,1,1,1,1,1,1,-1,1,1,-1,1,-1,1,1,1,1,1,1,-1,1,1,1,-1,1,1,1,1,1,1,1,-1,1,-1,1,-1,1,1,1,1,-1,1,1,1,1,1,-1,1,1,1,1,1,1,-1,1,1,1,1,1,1,-1,1,1,1,1,-1,1,1,-1,1,1,1,1,1,-1,1,-1,1,1,1,1,-1,1,1,1,1,1,1,-1,1,1,1,1,1,1,1,1,1,1,-1,-1,1,-1,1,-1,1,-1,1,1,1,-1,-1,1,1,-1,1,-1,1,1,1,1,-1,-1,-1,1,-1,1,1,-1,1,-1,1,1,1,-1,1,1,-1,1,1,1,-1,1,1,1,1,1,1,-1,-1,1,-1,-1,-1,1,-1,1,-1,-1,1,1,1,1,-1,-1,1,-1,1,1,1,-1,1,-1,1,1,1,1,1,-1,1,-1,-1,1,-1,1,-1,-1,-1,-1,-1,1,1,-1,-1,1,-1,1,1,-1,-1,1,-1,-1,1,-1,1,-1,-1,1,-1,1,1,1,-1,-1,-1,1,1,1,1,-1,-1,1,1,-1,1,-1,1,-1,1,1,-1,1,-1,-1,-1,-1,1,-1,1,-1,1,-1,1,1,1,1,-1,-1,1,-1,1,-1,1,1,-1,1,-1,1,-1,1,1,-1,-1,-1,1,-1,1,-1,-1,1,-1,1,-1,1,1,-1,-1,-1,1,-1,1,1,1,-1,1,1,1,1,1,1,-1,1,1,-1,-1,-1,-1,1,-1,1,1,-1,-1,1,1,-1,-1,1,-1,1,-1,1,-1,1,-1,-1,-1,-1,-1,-1,-1,1,-1,-1,-1,1,-1,-1,1,-1,-1,-1,1,-1,-1,1,-1,-1,1,1,-1,-1,1,-1,-1,-1,-1,-1,1,1,-1,1,-1,-1,-1,-1,1,-1,-1,1,1,-1,-1,1,1,-1,-1,-1,1,-1,1,1,-1,-1,-1,1,-1,1,1,-1,-1,1,-1,1,1,-1,-1,-1,-1,1,1,1,-1,1,-1,-1,1,1,1,1,-1,-1,-1,1,-1,1,1,-1,-1,-1,1,-1,1,1,-1,-1,-1,1,1,1,1,-1,1,-1,1,-1,1,1,-1,-1,-1,-1,-1,1,1,-1,-1,-1,1,-1,1,1,1,-1,1,1,-1,1,1,-1,-1,-1,1,-1,1,1,-1,-1,1,-1,-1,1,-1,1,-1,-1,-1,-1,1,-1,-1,-1,1,1,-1,1,1,-1,-1,1,1,-1,1,-1,-1,1,-1,-1,-1,1,1,-1,1,-1,-1,-1,1,1,-1,-1,1,-1,-1,-1,1,-1,1,-1,1,-1,-1,1,-1,-1,1,-1,-1,1,-1,-1,1,-1,-1,-1,-1,-1,-1,-1,1,-1,-1,-1,1,-1,-1,1,-1,-1,-1,1,-1,-1,1,-1,-1,-1,1,-1,1,1,-1,-1,-1,1,-1,1,-1,-1,-1,1,1,-1,1,-1,1,-1,1,1,-1,-1,-1,-1,1,1,1,-1,1,1,-1,-1,-1,-1,1,1,-1,-1,-1,1,1,-1,1,1,1,-1,1,1,-1,1,-1,1,1,-1,1,-1,-1,1,1,-1,-1,1,1,-1,-1,1,1,-1,1,1,-1,1,1,-1,-1,-1,1,-1,-1,1,-1,-1,1,1,-1,1,1,1,-1,1,-1,1,1,1,-1,1,1,-1,-1,1,1,-1,-1,1,-1,-1,1,1,-1,1,-1,-1,-1,1,1,-1,-1,-1,1,-1,1,1,-1,-1,-1,-1,-1,1,1,1,-1,-1,-1,-1,1,1,-1,-1,1,-1,-1,1,-1,1,-1,-1,-1,-1,-1,1,1,-1,1,-1,-1,1,1,1,-1,1,-1,1,1,1,1,-1,-1,-1,1,-1,1,-1,-1,-1,-1,1,-1,1,-1,-1,-1,-1,1,1,1,-1,-1,-1,1,-1,1,1,-1,1,-1,1,1,1,-1,1,-1,1,-1,1,1,1,1,-1,1,-1,1,-1,1,1,-1,-1,1,-1,1,1,1,-1,1,-1,1,1,-1,1,-1,1,-1,1,1,-1,1,-1,1,-1,1,-1,1,1,-1,-1,-1,-1,-1,1,1,1,-1,1,1,1,1,1,-1,-1,1,1,1,1,1,-1,-1,1,-1,1,1,1,-1,-1,-1,-1,-1,-1,-1,-1,-1,-1,-1,1,1,1,-1,1,1,-1,-1,1,1,1,-1,1,-1,1,1,1,-1,-1,1,-1,1,1,1,-1,-1,1,-1,1,1,1,-1,-1,1,-1,1,-1,1,1,-1,1,-1,-1,1,1,-1,-1,-1,-1,1,1,1,1,-1,1,-1,-1,1,-2656.0,1,2000,445,1000,True
2507,1,1,-1,-1,1,1,-1,1,1,1,1,-1,1,1,1,1,-1,1,-1,-1,-1,1,1,1,1,-1,1,-1,1,1,1,1,-1,-1,-1,1,-1,1,1,1,-1,-1,1,1,1,1,1,-1,1,-1,1,1,1,1,-1,-1,1,-1,1,1,1,-1,-1,-1,1,1,1,1,-1,-1,1,-1,1,1,1,-1,-1,1,-1,1,1,-1,-1,-1,-1,1,1,1,-1,-1,1,1,-1,1,1,-1,-1,-1,-1,1,1,1,-1,-1,1,-1,-1,1,1,-1,-1,-1,-1,-1,1,1,-1,-1,1,-1,-1,1,1,1,-1,-1,-1,-1,1,1,1,-1,1,-1,-1,1,1,1,-1,1,-1,-1,-1,1,1,-1,1,-1,-1,-1,1,1,-1,-1,1,-1,1,1,1,-1,1,1,-1,-1,1,1,-1,1,1,-1,1,1,-1,-1,1,-1,-1,1,1,-1,1,-1,1,-1,1,1,-1,1,1,-1,-1,-1,1,1,1,1,1,-1,-1,1,-1,1,-1,1,-1,-1,1,1,-1,1,1,-1,1,1,-1,1,1,1,-1,1,1,1,1,1,1,1,-1,1,-1,-1,1,1,-1,-1,1,1,-1,1,1,-1,-1,1,-1,1,1,1,1,-1,1,1,-1,1,1,-1,1,1,-1,1,-1,1,-1,-1,1,-1,1,1,1,1,1,1,-1,1,1,1,1,1,1,-1,-1,1,1,1,1,1,-1,-1,1,1,1,1,1,1,-1,1,1,-1,1,1,1,1,1,1,1,1,1,-1,-1,1,1,1,1,-1,1,-1,1,1,1,1,1,-1,-1,1,1,-1,1,1,1,-1,1,1,1,1,1,1,-1,1,1,1,1,1,1,-1,1,1,1,1,1,-1,-1,1,1,1,1,-1,1,1,1,1,1,1,1,1,-1,-1,1,1,1,1,1,-1,-1,1,1,1,1,1,-1,-1,1,1,1,1,1,-1,-1,1,1,-1,-1,1,-1,-1,-1,1,-1,1,1,1,-1,-1,1,1,-1,1,-1,1,1,1,1,-1,-1,-1,-1,-1,1,1,-1,1,-1,-1,1,1,-1,1,1,1,-1,1,1,-1,1,1,-1,-1,1,1,-1,-1,1,1,1,-1,1,-1,1,1,1,-1,1,1,1,-1,-1,1,1,1,1,1,-1,1,1,-1,1,1,1,1,-1,1,1,-1,1,-1,1,-1,1,-1,-1,-1,1,1,-1,-1,1,-1,1,1,-1,-1,1,1,1,1,-1,1,-1,-1,1,-1,1,1,1,-1,1,1,1,1,1,1,-1,1,-1,1,-1,1,-1,-1,1,1,1,-1,1,-1,-1,1,-1,1,-1,1,-1,-1,1,1,-1,1,1,-1,-1,1,-1,1,-1,1,1,-1,1,-1,-1,-1,1,1,-1,-1,1,1,-1,1,-1,-1,1,-1,-1,1,1,1,-1,-1,1,-1,1,1,1,1,-1,1,-1,-1,1,1,1,-1,1,-1,1,-1,1,1,1,-1,1,1,-1,-1,1,1,1,-1,1,-1,1,-1,1,1,1,-1,-1,-1,-1,-1,1,-1,1,-1,-1,-1,1,1,-1,1,-1,-1,-1,1,1,-1,1,-1,-1,1,1,1,-1,1,-1,-1,-1,-1,1,1,1,-1,1,-1,-1,1,-1,1,-1,-1,1,1,-1,-1,1,1,-1,-1,-1,-1,-1,1,1,-1,-1,-1,1,-1,1,1,-1,-1,1,-1,1,1,-1,-1,-1,-1,-1,1,1,-1,1,-1,-1,1,1,1,1,-1,-1,-1,-1,-1,1,-1,1,-1,-1,1,-1,1,1,-1,-1,-1,-1,1,1,1,-1,1,-1,1,-1,1,1,-1,-1,-1,-1,-1,1,1,-1,-1,-1,1,-1,1,1,1,-1,1,1,-1,1,1,-1,-1,-1,1,-1,1,1,-1,-1,1,-1,-1,-1,-1,1,-1,-1,-1,-1,1,-1,-1,-1,1,1,-1,1,1,-1,-1,1,1,-1,1,-1,-1,1,-1,-1,-1,1,1,-1,1,-1,-1,-1,-1,1,-1,-1,1,-1,-1,-1,1,-1,1,-1,1,-1,-1,-1,-1,-1,1,-1,-1,-1,1,-1,1,-1,-1,-1,-1,-1,-1,-1,1,-1,-1,-1,1,1,-1,1,-1,-1,-1,1,-1,-1,1,-1,-1,-1,-1,-1,1,1,-1,-1,-1,-1,-1,1,-1,-1,-1,1,-1,-1,1,-1,1,-1,-1,-1,-1,-1,-1,-1,1,-1,-1,-1,1,1,1,-1,-1,-1,1,1,-1,-1,1,-1,-1,-1,1,-1,1,-1,-1,-1,-1,1,-1,1,-1,-1,1,-1,-1,1,1,-1,-1,-1,-1,-1,-1,1,1,-1,-1,1,-1,1,1,-1,-1,-1,1,-1,-1,1,-1,-1,1,-1,-1,1,1,1,-1,1,-1,1,1,1,-1,-1,1,-1,-1,1,1,1,-1,1,-1,-1,1,1,-1,1,1,-1,-1,1,1,-1,1,1,1,-1,1,1,-1,1,1,-1,-1,1,1,1,1,1,1,-1,-1,1,1,1,1,1,-1,1,-1,1,1,1,1,-1,-1,1,-1,1,1,1,-1,1,1,1,1,-1,1,1,1,1,1,1,1,1,1,-1,1,1,1,1,-1,1,-1,1,1,1,1,1,-1,1,1,1,1,1,1,1,-1,1,1,-1,1,1,-1,-1,1,1,1,-1,1,1,-1,1,1,1,-1,1,1,-1,1,1,1,-1,1,-1,-1,-1,1,1,-1,-1,1,-1,-1,1,1,1,-1,1,1,-1,-1,1,1,-1,-1,-1,-1,1,1,-1,-1,-1,1,-1,-1,1,-1,-1,1,-1,1,1,-1,-1,1,1,1,-1,1,1,-1,-1,1,-1,1,1,-1,-1,-1,1,-1,-1,-1,-1,-1,-1,1,1,-1,1,-1,1,-1,1,1,1,1,1,-1,-1,1,-1,1,1,-1,-1,-1,1,1,1,1,-1,1,-1,1,-1,1,1,-1,-1,-1,1,-1,1,1,1,1,-1,1,1,1,1,1,-1,-1,1,-1,1,1,1,-1,1,-1,1,1,-2656.0,1,2000,445,1000,True
2508,1,1,-1,-1,1,-1,-1,1,1,1,1,-1,1,1,1,1,-1,1,-1,-1,-1,1,1,1,1,-1,-1,-1,1,1,1,1,-1,-1,-1,1,-1,1,1,1,-1,-1,1,1,1,1,1,-1,1,1,1,1,-1,1,-1,-1,1,-1,1,1,1,-1,-1,1,1,1,1,1,-1,-1,1,-1,1,1,1,-1,-1,1,-1,1,1,-1,-1,-1,-1,1,1,1,-1,-1,-1,1,-1,1,1,-1,-1,1,-1,1,1,1,-1,-1,1,-1,-1,1,1,-1,-1,-1,-1,-1,1,1,-1,-1,1,-1,-1,1,1,1,-1,-1,-1,-1,1,1,1,-1,1,-1,-1,1,1,1,-1,1,-1,-1,-1,1,1,-1,1,-1,-1,-1,1,1,-1,-1,1,-1,-1,1,1,-1,1,-1,-1,-1,1,1,-1,1,1,-1,1,1,-1,-1,1,-1,-1,1,1,-1,1,-1,1,-1,1,1,-1,1,1,-1,-1,-1,1,1,1,1,1,-1,-1,1,-1,1,1,1,-1,-1,1,1,-1,1,1,-1,1,1,-1,1,1,1,-1,1,1,1,1,1,1,1,-1,1,-1,-1,1,1,-1,-1,1,1,-1,1,1,-1,-1,1,-1,1,1,1,1,-1,1,1,-1,1,1,-1,1,1,-1,1,-1,1,-1,-1,1,-1,1,1,1,1,1,1,-1,1,-1,1,1,1,1,-1,1,-1,1,1,1,1,-1,-1,1,1,1,1,1,1,-1,1,1,-1,-1,1,1,-1,-1,1,1,1,1,-1,1,-1,1,1,1,-1,1,-1,-1,1,1,1,1,-1,1,-1,1,-1,1,1,1,1,-1,1,1,1,1,1,-1,-1,1,1,1,1,1,1,1,1,1,1,1,1,-1,1,1,1,-1,1,1,-1,1,1,1,-1,1,1,1,-1,1,-1,1,1,1,1,-1,1,1,-1,1,1,1,-1,1,1,-1,1,1,-1,-1,1,1,1,-1,1,1,-1,-1,1,-1,1,1,1,1,-1,1,1,-1,1,1,-1,1,1,-1,-1,-1,-1,-1,-1,1,-1,1,1,-1,-1,1,-1,1,1,1,1,-1,1,-1,1,1,1,-1,-1,1,1,1,-1,1,-1,-1,-1,1,-1,1,-1,-1,1,1,1,-1,-1,-1,-1,1,1,1,-1,1,-1,-1,1,1,1,1,-1,-1,-1,1,-1,1,-1,1,-1,-1,-1,1,1,1,1,-1,-1,1,-1,1,1,-1,-1,-1,-1,1,-1,1,-1,-1,-1,1,-1,1,-1,-1,-1,-1,-1,1,1,-1,1,-1,-1,1,-1,1,-1,-1,1,-1,1,1,1,-1,-1,1,1,-1,1,1,-1,-1,1,-1,1,-1,1,1,-1,-1,1,-1,1,1,-1,-1,-1,1,-1,-1,1,1,-1,-1,1,-1,-1,1,1,-1,-1,1,-1,-1,1,1,-1,-1,-1,1,-1,1,1,-1,1,-1,1,-1,-1,1,1,1,-1,1,-1,1,-1,1,-1,1,-1,1,1,-1,-1,1,-1,1,-1,1,-1,1,-1,1,1,1,-1,-1,-1,-1,-1,1,1,1,-1,-1,-1,1,1,-1,1,-1,-1,-1,1,1,-1,1,-1,-1,1,1,1,-1,1,-1,-1,-1,-1,1,1,1,-1,1,-1,-1,1,-1,1,-1,-1,1,1,1,-1,1,1,-1,-1,-1,-1,-1,1,1,-1,1,-1,-1,-1,1,1,-1,-1,-1,1,1,1,-1,-1,-1,-1,1,1,1,-1,1,-1,1,-1,1,1,1,-1,-1,-1,-1,-1,1,-1,1,-1,-1,1,-1,1,1,-1,1,-1,-1,1,1,1,-1,1,-1,-1,-1,1,1,-1,-1,-1,-1,-1,1,1,-1,1,-1,1,-1,1,1,1,-1,1,-1,-1,1,1,-1,-1,-1,-1,-1,1,1,1,-1,1,-1,-1,-1,-1,1,-1,1,-1,-1,1,-1,-1,1,1,1,-1,1,1,-1,1,-1,1,-1,1,-1,1,-1,1,-1,-1,1,1,-1,1,1,-1,-1,-1,1,-1,1,-1,1,-1,-1,1,-1,1,1,-1,-1,-1,-1,1,1,1,1,-1,-1,1,-1,-1,1,1,-1,-1,-1,-1,1,-1,1,-1,-1,1,1,-1,1,1,-1,-1,1,-1,-1,1,1,-1,-1,-1,-1,1,-1,1,-1,-1,-1,-1,-1,1,-1,-1,1,-1,-1,1,-1,1,-1,-1,-1,-1,-1,1,1,1,-1,-1,-1,1,1,1,-1,-1,-1,1,-1,-1,1,-1,-1,-1,-1,1,1,1,-1,-1,-1,-1,1,-1,1,1,-1,1,-1,-1,1,1,-1,-1,-1,-1,-1,-1,1,1,-1,-1,1,-1,1,1,-1,-1,-1,1,-1,1,1,-1,-1,1,-1,-1,1,1,1,-1,1,-1,1,1,1,-1,-1,1,-1,-1,1,1,1,-1,1,-1,-1,1,1,-1,1,1,-1,-1,1,1,1,1,1,-1,-1,1,-1,-1,1,1,-1,-1,1,1,1,1,1,1,-1,1,1,1,-1,1,-1,-1,1,-1,1,1,1,1,-1,-1,1,-1,1,1,1,-1,1,1,1,1,-1,1,-1,1,1,1,1,1,1,-1,1,-1,1,1,1,-1,1,1,1,1,1,1,-1,1,-1,1,1,1,-1,-1,1,1,1,1,-1,1,-1,-1,1,-1,1,1,-1,1,-1,1,-1,1,1,-1,-1,-1,1,1,1,1,-1,-1,1,1,-1,1,1,-1,1,-1,1,-1,1,1,-1,1,-1,1,-1,1,1,1,1,1,1,1,1,1,-1,-1,1,-1,1,-1,1,-1,1,-1,-1,1,1,-1,-1,1,-1,1,-1,1,1,-1,1,1,1,1,1,-1,-1,-1,1,-1,-1,-1,-1,-1,1,-1,1,1,1,-1,1,1,1,-1,1,1,1,-1,1,1,1,1,1,-1,-1,1,1,1,1,1,-1,1,-1,1,-1,1,1,-1,-1,1,1,1,-1,1,1,-1,1,1,1,1,1,-1,-1,1,1,1,1,-1,1,-1,1,-1,1,1,-2656.0,1,2000,445,1000,True
2509,-1,-1,1,1,1,1,-1,1,-1,-1,-1,1,-1,1,-1,-1,1,-1,1,1,-1,1,-1,-1,-1,1,-1,-1,1,-1,-1,-1,1,1,-1,1,1,-1,-1,-1,1,-1,1,-1,-1,-1,-1,1,-1,-1,1,-1,1,-1,1,-1,-1,1,-1,-1,-1,1,1,1,-1,-1,-1,-1,-1,-1,1,-1,-1,-1,-1,-1,-1,1,-1,1,-1,1,1,-1,-1,-1,-1,-1,-1,1,-1,-1,1,-1,-1,-1,-1,1,-1,1,-1,-1,-1,-1,1,-1,1,-1,-1,-1,-1,1,-1,1,-1,-1,-1,-1,1,-1,1,-1,-1,-1,-1,1,-1,1,-1,-1,-1,-1,1,-1,1,-1,-1,-1,-1,-1,-1,1,-1,-1,-1,-1,1,-1,-1,1,-1,-1,-1,-1,1,-1,1,-1,-1,-1,1,-1,1,1,-1,1,-1,1,1,1,1,1,-1,-1,1,-1,1,-1,-1,-1,1,-1,-1,1,1,1,-1,1,1,1,1,-1,1,-1,1,1,-1,1,-1,1,-1,1,1,-1,1,-1,-1,-1,-1,1,-1,1,-1,1,-1,1,1,-1,1,-1,1,-1,-1,1,-1,-1,1,1,-1,-1,1,-1,1,1,-1,1,-1,1,-1,1,-1,1,-1,1,1,-1,-1,1,1,-1,-1,1,-1,1,1,1,-1,1,1,-1,1,-1,1,-1,1,-1,-1,-1,1,1,-1,1,-1,-1,1,1,1,-1,1,-1,-1,-1,-1,1,1,-1,1,-1,-1,-1,1,-1,-1,1,1,-1,1,1,1,-1,-1,1,-1,1,1,-1,1,-1,1,-1,-1,1,-1,-1,-1,1,-1,-1,1,-1,1,-1,1,1,-1,1,1,1,-1,1,-1,-1,1,1,-1,-1,1,-1,-1,1,-1,1,-1,1,-1,-1,1,1,-1,1,1,-1,1,-1,1,-1,1,1,-1,1,1,1,1,1,1,-1,1,1,1,1,1,-1,-1,1,1,1,1,1,-1,-1,1,-1,1,1,1,-1,-1,1,-1,1,-1,1,1,-1,1,-1,1,1,1,1,-1,-1,1,1,1,-1,-1,-1,1,1,-1,-1,1,1,-1,1,-1,1,-1,1,-1,1,1,-1,1,1,1,-1,-1,1,-1,1,-1,1,-1,-1,1,-1,1,1,1,1,-1,1,1,-1,1,1,-1,-1,1,-1,-1,1,-1,1,-1,-1,1,-1,1,1,-1,-1,1,1,-1,1,-1,1,-1,-1,1,-1,1,-1,-1,-1,-1,1,-1,-1,1,1,-1,-1,1,-1,1,1,-1,1,-1,1,-1,1,-1,1,-1,-1,-1,-1,-1,-1,-1,1,-1,1,-1,1,-1,1,-1,-1,-1,1,1,-1,1,-1,-1,-1,-1,1,-1,-1,-1,-1,-1,1,-1,1,1,-1,1,-1,-1,1,-1,-1,1,-1,-1,-1,1,-1,1,-1,1,-1,-1,-1,-1,1,-1,1,-1,-1,1,-1,1,1,1,-1,-1,-1,1,1,-1,1,-1,1,-1,1,1,1,-1,1,1,-1,1,1,1,1,1,-1,1,-1,1,1,1,-1,1,1,1,-1,1,1,-1,1,-1,-1,1,1,1,-1,1,1,-1,1,1,1,-1,1,1,-1,-1,1,1,-1,-1,-1,-1,1,1,1,-1,-1,-1,-1,1,1,1,1,1,1,1,-1,1,1,-1,1,1,-1,1,1,1,-1,-1,1,-1,-1,1,1,1,1,1,1,1,1,-1,1,1,1,-1,1,1,1,1,1,1,-1,1,-1,1,1,1,1,-1,-1,-1,1,-1,1,-1,1,-1,-1,-1,1,1,1,-1,1,-1,-1,1,1,1,1,1,-1,-1,1,1,1,1,1,-1,-1,1,-1,1,-1,1,-1,-1,1,1,1,1,1,-1,-1,1,1,1,1,1,-1,-1,1,1,-1,1,1,-1,-1,1,1,1,1,1,-1,1,-1,1,1,-1,1,1,1,-1,1,1,-1,1,-1,1,1,-1,1,1,1,1,-1,1,-1,1,-1,1,-1,1,-1,-1,1,-1,1,1,-1,1,-1,1,1,1,1,-1,1,-1,1,-1,1,1,1,1,-1,1,-1,1,1,-1,-1,-1,1,1,1,1,1,1,-1,1,1,1,1,1,-1,1,-1,1,1,1,-1,-1,-1,-1,1,1,1,1,-1,1,-1,1,1,1,-1,-1,-1,-1,1,1,1,-1,-1,-1,1,-1,1,1,-1,-1,1,-1,1,1,-1,-1,-1,1,-1,1,1,1,-1,-1,1,1,1,1,1,1,-1,1,-1,1,1,1,-1,-1,-1,1,1,1,1,-1,-1,1,-1,1,1,1,1,-1,-1,1,1,1,1,-1,-1,-1,-1,1,-1,1,-1,1,-1,1,1,1,1,1,-1,-1,1,1,1,1,-1,1,-1,1,1,-1,1,-1,-1,1,1,1,1,-1,1,-1,-1,1,1,1,1,1,-1,-1,1,1,1,-1,1,1,-1,1,1,1,1,1,1,-1,1,1,1,1,1,1,-1,1,1,-1,1,1,-1,-1,1,1,-1,1,1,1,-1,1,-1,-1,1,1,1,-1,-1,1,-1,1,1,1,-1,1,1,-1,1,1,1,-1,1,1,-1,1,1,1,-1,-1,1,1,1,1,-1,1,-1,1,1,1,1,-1,1,-1,1,1,1,-1,-1,1,-1,1,1,-1,1,-1,-1,-1,1,-1,1,-1,1,-1,-1,1,-1,1,-1,-1,-1,-1,1,-1,1,-1,1,-1,-1,-1,1,1,-1,1,-1,-1,-1,-1,1,-1,-1,1,-1,1,-1,1,1,1,1,-1,-1,1,1,-1,-1,1,1,1,1,1,-1,1,-1,-1,1,1,-1,-1,1,-1,-1,-1,-1,1,-1,1,-1,1,1,1,-1,-1,-1,-1,1,-1,-1,-1,-1,1,-1,1,1,1,-1,1,1,-1,1,1,1,1,-1,1,-1,1,1,1,1,-1,1,-1,1,1,1,1,-1,1,-1,1,1,1,1,-1,1,-1,1,1,1,-1,-1,1,-1,-1,1,1,-1,-1,-1,1,-1,1,1,1,-1,1,-1,-1,1,-2656.0,1,2000,445,1500,True
2510,1,1,-1,-1,1,1,-1,1,1,1,1,-1,-1,1,1,1,-1,1,-1,-1,-1,1,1,1,1,1,-1,-1,1,1,1,1,-1,-1,-1,1,-1,1,1,1,-1,-1,1,1,1,1,1,1,-1,-1,1,1,-1,1,-1,-1,-1,-1,1,1,1,-1,-1,1,1,1,1,1,1,-1,1,-1,1,1,1,1,-1,1,-1,1,1,-1,1,-1,-1,1,1,1,1,-1,1,-1,-1,1,1,1,1,-1,-1,-1,1,1,1,1,1,-1,-1,1,1,1,1,-1,-1,-1,1,1,1,1,1,-1,-1,1,1,1,1,-1,-1,-1,1,1,1,1,1,-1,-1,1,1,1,1,1,-1,-1,-1,1,1,1,1,-1,-1,-1,1,1,1,1,1,-1,1,1,1,1,1,-1,-1,-1,1,1,1,1,1,-1,1,1,1,1,1,-1,-1,1,1,1,1,-1,1,-1,1,1,1,1,1,-1,-1,-1,1,1,1,1,1,-1,-1,1,-1,-1,1,1,-1,-1,1,1,1,1,1,-1,1,1,-1,-1,1,1,-1,1,1,1,1,1,1,1,-1,1,-1,1,1,1,-1,-1,1,1,1,1,1,-1,-1,1,-1,-1,1,1,1,-1,1,-1,1,1,1,-1,1,1,1,1,1,1,-1,-1,-1,1,1,-1,1,1,1,-1,1,1,-1,1,1,1,1,1,1,-1,1,1,1,1,-1,1,1,1,1,1,1,1,1,1,1,-1,-1,1,1,1,-1,1,1,1,1,1,1,-1,1,1,1,-1,1,1,1,1,1,1,1,-1,1,-1,1,-1,1,1,1,1,-1,1,1,1,1,1,-1,1,1,1,1,1,1,-1,1,1,1,1,1,1,-1,1,1,1,-1,1,1,1,-1,1,1,1,1,1,-1,1,1,-1,1,1,1,-1,1,1,1,1,1,1,-1,1,1,1,-1,1,1,1,1,1,1,1,-1,1,-1,1,1,1,-1,1,1,1,-1,1,1,1,-1,1,-1,1,1,1,-1,-1,-1,-1,1,1,1,-1,1,1,-1,1,1,-1,-1,1,1,-1,1,1,-1,1,1,1,1,1,1,1,1,-1,1,-1,-1,-1,1,-1,1,-1,-1,1,1,1,-1,-1,-1,1,-1,-1,1,1,-1,1,-1,1,1,1,1,1,-1,1,-1,-1,1,-1,1,-1,-1,-1,-1,1,1,1,-1,-1,1,-1,1,1,1,-1,1,-1,1,-1,1,1,-1,-1,1,-1,1,1,1,-1,-1,-1,1,1,1,1,-1,-1,1,1,1,1,-1,1,-1,1,-1,1,1,-1,-1,-1,-1,1,1,1,-1,1,-1,1,-1,1,1,-1,-1,1,-1,1,1,1,1,-1,1,-1,-1,-1,1,1,-1,-1,-1,1,-1,1,-1,-1,1,-1,-1,1,-1,1,-1,-1,-1,-1,1,-1,1,-1,-1,1,-1,-1,1,1,1,-1,1,-1,1,-1,-1,1,1,-1,1,1,-1,-1,-1,1,1,-1,1,-1,-1,1,1,1,1,-1,-1,-1,1,-1,1,1,1,-1,-1,-1,1,1,-1,1,-1,-1,-1,1,1,1,1,-1,-1,-1,1,1,1,1,-1,-1,-1,-1,1,1,1,-1,1,-1,-1,1,-1,1,-1,-1,1,-1,1,-1,1,1,-1,-1,-1,-1,-1,1,1,-1,1,-1,1,-1,1,1,-1,-1,1,-1,1,1,-1,-1,-1,-1,-1,1,1,-1,1,-1,1,1,1,1,1,-1,-1,-1,-1,-1,1,-1,1,-1,-1,1,-1,1,1,-1,1,-1,-1,1,1,1,-1,1,-1,1,-1,1,1,-1,-1,-1,1,-1,1,1,-1,1,-1,-1,-1,1,1,-1,-1,1,-1,-1,1,1,-1,-1,-1,-1,-1,1,1,1,-1,1,-1,-1,1,-1,1,-1,1,-1,-1,1,-1,-1,1,-1,1,-1,1,1,-1,1,-1,1,-1,1,-1,-1,1,-1,1,-1,1,1,-1,1,-1,-1,-1,-1,1,-1,1,-1,1,-1,-1,1,-1,1,-1,1,-1,-1,-1,1,1,-1,-1,-1,-1,1,-1,-1,-1,-1,-1,-1,-1,-1,1,-1,-1,-1,-1,1,1,-1,1,-1,-1,-1,1,-1,-1,1,-1,-1,-1,-1,-1,1,1,-1,-1,-1,-1,-1,1,-1,-1,-1,1,-1,-1,1,-1,1,-1,-1,-1,-1,-1,-1,-1,1,-1,-1,-1,1,1,-1,-1,-1,-1,1,-1,-1,-1,-1,-1,-1,-1,1,-1,1,-1,-1,1,-1,1,-1,1,1,-1,1,-1,-1,1,1,-1,-1,-1,-1,-1,-1,1,1,-1,-1,1,-1,1,1,-1,-1,-1,1,-1,1,1,-1,-1,1,1,-1,1,1,1,-1,1,-1,1,1,1,-1,-1,1,-1,-1,1,1,-1,-1,-1,-1,-1,1,1,-1,1,1,-1,-1,1,1,-1,-1,1,-1,-1,1,1,-1,-1,1,-1,-1,1,1,1,-1,-1,-1,-1,1,1,-1,-1,1,-1,-1,1,-1,1,-1,1,-1,-1,-1,1,1,-1,-1,1,-1,1,1,1,-1,1,-1,1,1,1,1,-1,-1,-1,1,-1,1,-1,-1,-1,-1,1,-1,1,-1,-1,-1,-1,1,1,1,1,-1,-1,1,-1,1,1,-1,1,-1,1,1,1,-1,1,-1,1,-1,1,1,1,1,-1,1,-1,1,-1,1,1,-1,-1,1,-1,1,1,1,-1,1,-1,1,1,-1,1,-1,1,-1,1,1,-1,1,-1,1,-1,1,-1,1,1,-1,-1,-1,-1,-1,1,1,1,-1,1,1,1,1,1,-1,-1,1,1,1,1,1,-1,-1,1,-1,1,1,1,-1,-1,-1,-1,-1,-1,-1,-1,-1,1,-1,1,1,1,-1,1,1,-1,-1,1,1,-1,-1,1,-1,1,1,1,-1,-1,1,-1,1,1,1,-1,-1,1,-1,1,1,1,-1,-1,1,-1,1,-1,1,1,-1,1,-1,-1,1,1,1,-1,-1,-1,1,1,-1,1,-1,1,-1,-1,1,-2656.0,1,2000,445,1000,True
2511,-1,-1,-1,-1,1,-1,-1,1,-1,1,1,-1,1,1,-1,-1,1,1,-1,-1,1,1,-1,1,1,-1,1,-1,-1,-1,1,1,1,-1,-1,1,1,-1,1,1,-1,-1,1,-1,-1,1,1,-1,1,-1,-1,1,-1,1,-1,-1,-1,1,-1,1,1,-1,-1,1,-1,1,1,1,-1,-1,1,-1,1,1,1,-1,-1,1,-1,1,1,-1,-1,-1,-1,1,1,1,-1,-1,-1,-1,1,1,1,-1,-1,1,-1,1,1,1,-1,-1,1,-1,1,1,1,-1,-1,1,-1,1,1,1,-1,-1,1,-1,-1,1,1,1,-1,-1,-1,-1,1,1,1,-1,1,-1,1,1,1,1,-1,-1,-1,-1,1,1,1,-1,1,-1,-1,1,1,1,-1,-1,1,-1,1,1,1,-1,1,1,-1,-1,1,1,-1,1,1,-1,1,1,-1,-1,1,-1,1,1,1,-1,1,-1,1,-1,-1,1,-1,1,1,-1,-1,1,1,1,1,1,1,-1,-1,1,-1,1,1,1,-1,-1,1,1,-1,1,1,-1,1,1,-1,1,1,1,-1,1,1,1,1,1,1,1,-1,1,-1,-1,1,1,1,-1,1,1,-1,1,1,-1,-1,1,-1,1,1,1,1,-1,1,1,-1,1,1,-1,1,1,-1,1,1,1,-1,-1,1,-1,1,-1,1,1,1,1,-1,1,-1,1,1,1,1,-1,1,-1,1,1,1,1,-1,-1,1,1,1,1,1,1,-1,1,1,-1,-1,1,1,-1,-1,1,1,1,1,-1,1,-1,1,1,1,-1,1,-1,-1,1,1,1,1,-1,1,-1,1,-1,1,1,1,1,-1,1,1,1,1,1,-1,-1,1,1,1,1,1,1,-1,1,1,1,1,1,-1,1,1,1,1,-1,1,-1,-1,1,1,1,1,1,1,1,1,1,1,1,1,1,1,1,1,1,1,1,1,1,1,1,1,1,1,1,1,1,1,-1,-1,1,-1,1,-1,1,-1,1,1,1,1,-1,1,1,-1,1,-1,1,1,1,1,-1,-1,-1,1,1,1,1,-1,1,-1,1,1,1,-1,1,1,1,1,1,1,-1,1,1,1,1,1,1,-1,-1,1,-1,1,-1,1,-1,1,-1,-1,1,1,1,1,-1,-1,1,-1,1,1,1,-1,1,-1,1,1,1,1,1,-1,-1,-1,-1,1,-1,1,-1,-1,-1,-1,-1,1,1,-1,-1,1,-1,1,1,-1,-1,-1,-1,-1,1,-1,1,-1,-1,1,-1,1,1,1,-1,-1,-1,1,1,1,1,-1,-1,1,1,-1,1,-1,1,-1,1,1,-1,1,-1,1,-1,-1,1,-1,1,-1,1,-1,1,1,1,1,-1,-1,1,-1,1,-1,1,1,-1,1,-1,1,-1,1,1,-1,1,-1,1,-1,1,-1,-1,1,-1,1,-1,1,1,-1,-1,1,1,-1,1,1,1,-1,1,1,1,1,1,1,-1,1,1,-1,-1,-1,-1,1,-1,1,1,-1,-1,1,1,1,1,-1,-1,1,-1,1,-1,1,-1,-1,-1,1,-1,-1,1,1,-1,-1,-1,1,-1,-1,1,-1,-1,-1,1,-1,1,1,-1,-1,-1,1,-1,1,1,-1,-1,-1,-1,-1,-1,1,-1,1,-1,-1,-1,1,1,-1,1,1,1,-1,-1,1,1,-1,-1,-1,1,1,1,1,-1,-1,-1,1,1,1,1,-1,-1,1,-1,1,1,-1,-1,-1,-1,1,1,1,-1,1,-1,-1,1,-1,1,1,-1,-1,-1,1,1,1,1,-1,-1,-1,1,1,1,1,-1,-1,-1,1,-1,1,1,-1,1,-1,1,1,-1,1,-1,-1,-1,-1,1,-1,1,-1,-1,-1,1,1,-1,1,-1,-1,1,1,1,-1,1,-1,-1,-1,1,1,-1,1,-1,-1,1,-1,1,-1,-1,1,-1,-1,-1,-1,1,-1,-1,-1,1,1,-1,1,1,-1,-1,1,1,-1,1,-1,-1,1,-1,-1,-1,-1,1,-1,1,-1,-1,1,-1,1,-1,-1,1,-1,1,-1,1,-1,1,-1,1,1,-1,1,-1,-1,1,-1,-1,-1,1,-1,1,-1,-1,-1,-1,-1,-1,-1,1,-1,-1,-1,1,1,-1,1,-1,-1,-1,1,-1,-1,1,-1,-1,-1,-1,-1,1,1,-1,-1,-1,-1,-1,1,-1,-1,-1,-1,-1,-1,1,-1,1,-1,-1,-1,-1,-1,-1,-1,1,-1,-1,-1,1,1,-1,-1,-1,-1,1,1,-1,-1,-1,-1,-1,-1,1,1,1,-1,-1,-1,-1,1,-1,1,1,-1,1,-1,-1,1,1,-1,-1,-1,-1,-1,-1,1,1,-1,-1,1,-1,1,1,-1,-1,-1,1,-1,1,1,-1,-1,1,-1,-1,1,1,1,-1,1,-1,1,1,1,-1,-1,1,-1,-1,1,1,1,-1,1,-1,-1,1,1,-1,1,1,-1,-1,1,1,-1,1,1,-1,-1,1,-1,1,1,1,-1,-1,1,1,1,1,1,1,-1,1,1,1,1,1,-1,-1,1,-1,1,1,1,1,-1,-1,1,-1,1,1,1,-1,1,1,1,1,-1,1,-1,1,1,1,1,1,1,-1,1,-1,1,1,1,-1,1,1,1,1,1,1,-1,1,-1,1,1,1,-1,-1,1,1,1,1,-1,1,-1,1,1,-1,1,1,-1,1,-1,1,1,1,1,-1,-1,-1,1,1,1,1,-1,-1,-1,1,-1,1,1,-1,1,-1,1,-1,1,1,-1,1,-1,1,-1,1,1,1,1,1,-1,1,1,1,-1,-1,1,-1,1,-1,1,-1,1,-1,1,1,1,-1,-1,1,-1,1,-1,1,1,-1,1,-1,1,1,1,-1,-1,-1,-1,-1,-1,-1,-1,-1,1,-1,1,1,1,-1,1,1,-1,-1,1,1,1,-1,1,-1,1,1,1,1,-1,1,-1,1,1,1,1,-1,1,-1,1,1,1,1,-1,1,-1,1,-1,-1,-1,-1,1,-1,-1,1,1,-1,-1,-1,1,-1,1,-1,1,-1,1,-1,-1,1,-2656.0,1,2000,445,1000,True
2512,-1,-1,1,1,1,1,-1,1,-1,-1,-1,-1,1,1,-1,-1,1,-1,1,-1,-1,-1,-1,-1,-1,1,-1,-1,-1,-1,-1,-1,1,-1,-1,-1,1,-1,-1,1,-1,-1,-1,-1,-1,-1,-1,-1,1,1,-1,-1,1,1,-1,-1,-1,1,-1,-1,1,-1,-1,1,-1,1,-1,-1,-1,-1,-1,1,-1,-1,1,-1,-1,-1,1,-1,-1,-1,-1,-1,1,-1,-1,1,-1,1,-1,-1,-1,1,1,-1,-1,1,1,1,1,1,-1,-1,1,1,-1,1,1,-1,-1,-1,1,-1,1,1,-1,-1,1,1,-1,1,1,1,-1,-1,1,-1,1,1,1,-1,1,1,-1,1,1,1,-1,1,1,-1,1,1,1,-1,1,1,1,-1,1,1,-1,1,-1,1,-1,1,1,-1,1,1,1,1,1,1,-1,1,1,-1,1,1,-1,-1,1,1,-1,1,1,-1,1,-1,-1,1,1,1,-1,-1,-1,1,1,1,1,-1,1,1,-1,1,1,1,1,-1,1,-1,1,1,1,-1,-1,1,-1,-1,1,1,-1,-1,1,-1,1,1,1,1,-1,-1,-1,-1,1,1,-1,-1,1,-1,1,1,-1,1,-1,-1,-1,1,1,1,-1,1,-1,-1,-1,1,-1,-1,1,-1,-1,1,1,1,1,1,-1,-1,1,1,-1,1,-1,-1,1,-1,-1,-1,1,-1,-1,-1,1,1,1,1,-1,-1,-1,-1,1,1,-1,1,-1,1,-1,1,1,1,1,-1,1,-1,-1,-1,-1,1,-1,1,-1,-1,-1,1,-1,-1,1,1,1,-1,1,1,1,1,-1,-1,-1,-1,1,-1,1,1,-1,-1,1,1,-1,1,-1,1,-1,1,-1,1,1,-1,-1,1,1,-1,1,1,-1,-1,1,-1,-1,1,1,-1,1,-1,1,1,-1,1,-1,1,1,1,-1,1,1,-1,-1,1,1,-1,1,-1,-1,-1,1,1,-1,1,-1,-1,1,-1,1,-1,1,-1,-1,1,-1,1,-1,1,1,-1,1,-1,1,1,-1,1,-1,-1,1,1,-1,1,-1,-1,1,1,-1,-1,1,1,-1,1,-1,1,-1,1,-1,1,1,-1,1,1,1,-1,1,1,-1,1,-1,1,-1,-1,1,-1,1,1,-1,1,-1,1,1,-1,1,-1,-1,-1,1,-1,-1,1,-1,1,-1,-1,1,-1,1,-1,-1,-1,-1,1,-1,1,-1,1,-1,1,-1,-1,1,-1,-1,-1,-1,1,-1,-1,1,1,-1,-1,1,-1,1,1,-1,1,-1,1,-1,1,-1,1,-1,-1,-1,-1,1,-1,-1,1,-1,1,-1,1,-1,1,-1,-1,-1,1,1,-1,1,-1,-1,-1,-1,1,-1,-1,1,-1,-1,1,-1,1,1,1,1,-1,-1,1,-1,-1,1,-1,-1,-1,1,-1,1,-1,1,-1,-1,-1,-1,1,-1,1,-1,-1,1,-1,1,1,1,-1,-1,-1,1,1,-1,1,-1,-1,-1,1,1,1,-1,1,1,-1,1,1,1,1,1,1,1,-1,-1,-1,1,-1,1,1,1,1,-1,1,-1,1,-1,-1,-1,1,1,-1,1,1,-1,1,-1,1,-1,1,1,-1,1,-1,1,-1,-1,-1,-1,1,-1,1,-1,-1,-1,-1,1,-1,1,-1,1,1,1,-1,-1,1,-1,1,1,-1,1,-1,1,-1,-1,1,-1,1,-1,-1,1,1,1,1,1,1,-1,1,1,1,-1,1,-1,1,1,1,1,-1,-1,-1,1,1,1,1,-1,-1,-1,1,-1,1,-1,1,1,-1,-1,1,1,-1,-1,1,-1,-1,1,1,-1,1,1,1,-1,1,1,1,1,-1,1,-1,1,-1,1,-1,1,1,-1,1,1,1,1,1,1,-1,1,-1,1,-1,1,1,-1,1,1,-1,1,1,1,1,1,1,1,1,1,1,-1,1,1,-1,-1,1,-1,-1,1,1,1,-1,1,-1,-1,1,-1,1,1,1,-1,-1,1,-1,1,-1,-1,1,-1,1,-1,1,-1,1,-1,-1,1,-1,1,-1,1,-1,-1,1,-1,1,-1,1,-1,-1,1,-1,1,-1,1,-1,-1,1,1,1,1,1,-1,1,1,-1,1,1,1,1,-1,1,-1,1,-1,1,-1,-1,1,1,-1,1,1,-1,1,1,1,-1,1,1,1,-1,1,-1,-1,1,1,-1,1,1,-1,1,-1,-1,1,-1,1,1,-1,1,1,-1,-1,1,1,-1,1,1,-1,-1,-1,1,1,1,1,-1,1,1,1,-1,1,1,-1,-1,1,-1,1,1,1,-1,-1,-1,1,-1,1,1,-1,1,-1,-1,1,1,1,-1,-1,-1,-1,-1,1,-1,-1,-1,1,-1,1,1,-1,-1,-1,1,-1,1,1,1,-1,1,1,-1,1,1,1,-1,1,-1,1,1,1,-1,-1,1,-1,-1,1,1,1,1,-1,1,-1,1,1,1,-1,1,-1,-1,1,1,-1,1,-1,1,-1,1,1,1,1,1,-1,-1,1,1,1,1,1,-1,-1,1,1,-1,1,-1,-1,-1,1,-1,1,1,1,-1,-1,-1,1,-1,1,1,-1,-1,1,1,1,1,1,-1,1,1,1,1,1,1,-1,1,-1,-1,1,1,1,-1,1,-1,1,1,1,-1,1,-1,1,1,1,1,1,1,1,-1,1,1,-1,1,1,-1,-1,1,1,1,1,-1,1,-1,1,1,1,1,1,1,-1,1,1,1,1,1,-1,-1,-1,1,1,-1,1,1,-1,-1,1,1,1,1,1,-1,1,1,1,1,-1,1,-1,-1,1,-1,1,1,-1,1,1,1,1,-1,1,1,-1,1,1,-1,1,1,1,-1,-1,1,-1,1,1,1,1,1,1,-1,1,-1,-1,1,-1,-1,-1,1,-1,1,1,1,1,-1,1,1,-1,1,1,1,1,1,1,-1,1,1,1,-1,1,1,-1,1,1,1,-1,-1,1,-1,1,1,1,-1,-1,1,-1,1,1,1,1,-1,1,-1,1,1,1,-1,1,1,1,-1,1,-1,1,-1,1,-1,1,1,-2656.0,1,2000,445,1500,True
2513,-1,-1,1,1,1,1,-1,1,-1,-1,-1,1,-1,1,-1,-1,1,-1,1,1,-1,1,-1,-1,-1,1,-1,-1,1,-1,-1,-1,1,1,-1,1,1,-1,-1,-1,1,-1,1,-1,-1,-1,-1,1,-1,-1,-1,-1,1,-1,1,-1,-1,1,-1,-1,-1,1,1,1,-1,-1,-1,-1,-1,-1,1,-1,-1,-1,-1,-1,-1,1,-1,-1,-1,1,1,-1,-1,-1,-1,-1,-1,1,-1,-1,-1,-1,-1,-1,-1,1,-1,1,-1,-1,-1,-1,1,-1,-1,-1,-1,-1,-1,1,-1,-1,-1,-1,-1,-1,1,-1,-1,-1,-1,-1,-1,1,-1,-1,1,-1,-1,-1,1,-1,-1,-1,-1,1,-1,-1,-1,-1,-1,-1,-1,-1,1,-1,-1,-1,-1,-1,-1,-1,1,-1,1,1,1,-1,1,-1,-1,-1,1,-1,-1,1,1,-1,1,1,-1,-1,1,-1,-1,-1,1,-1,1,-1,1,-1,-1,1,-1,1,1,-1,-1,-1,1,1,1,1,1,-1,-1,1,-1,1,1,1,-1,-1,1,-1,-1,1,1,-1,-1,1,-1,1,1,1,1,-1,1,1,1,1,1,1,-1,1,-1,-1,1,1,1,-1,-1,1,-1,1,1,1,-1,1,-1,1,1,1,1,-1,1,1,-1,1,1,1,1,1,-1,1,1,1,-1,-1,1,-1,1,-1,1,-1,1,1,-1,1,-1,1,-1,1,1,-1,1,-1,1,-1,1,1,1,-1,1,1,-1,-1,1,-1,-1,1,1,-1,1,1,1,-1,-1,1,-1,1,1,-1,1,-1,1,1,-1,1,-1,-1,-1,1,-1,-1,1,-1,1,-1,-1,1,-1,1,1,1,-1,1,-1,-1,1,1,-1,-1,1,-1,1,1,-1,1,-1,1,-1,1,1,1,-1,1,1,-1,1,-1,1,-1,-1,1,-1,1,1,1,1,1,1,-1,1,1,1,1,1,-1,-1,1,1,1,1,1,-1,-1,1,1,1,1,1,-1,-1,1,-1,1,-1,1,1,-1,1,-1,1,1,1,1,-1,-1,1,1,1,-1,-1,-1,1,1,-1,-1,1,1,-1,1,-1,1,-1,1,-1,1,1,-1,1,1,1,-1,1,1,-1,1,-1,1,-1,-1,1,-1,1,1,1,1,-1,1,1,-1,1,1,-1,-1,1,-1,-1,1,-1,1,-1,-1,1,-1,-1,1,-1,-1,-1,1,-1,1,-1,1,-1,1,1,-1,1,-1,-1,-1,-1,1,-1,-1,1,1,-1,-1,1,-1,1,1,-1,1,-1,1,-1,1,-1,1,-1,-1,-1,-1,1,-1,-1,-1,-1,1,-1,1,-1,1,-1,-1,-1,1,1,-1,1,-1,-1,-1,-1,1,-1,-1,-1,-1,-1,1,-1,-1,1,-1,-1,-1,-1,1,-1,-1,1,-1,-1,-1,1,-1,1,-1,-1,-1,-1,-1,-1,1,-1,1,-1,-1,1,-1,1,1,1,-1,-1,-1,1,1,-1,1,-1,-1,-1,1,1,1,-1,1,1,-1,1,1,1,1,1,-1,1,-1,1,1,-1,1,-1,1,-1,-1,1,-1,-1,1,-1,-1,1,-1,-1,-1,1,1,-1,1,1,-1,-1,1,1,-1,-1,1,-1,-1,-1,-1,-1,1,1,-1,-1,-1,-1,-1,1,1,-1,-1,1,1,1,-1,1,-1,-1,1,1,-1,1,1,-1,-1,-1,1,-1,-1,1,1,-1,1,1,1,1,1,-1,1,1,1,-1,1,1,1,-1,1,1,-1,1,1,-1,1,1,1,-1,1,1,-1,-1,1,-1,1,1,1,-1,1,1,1,-1,1,1,1,1,1,1,1,1,1,1,1,1,1,1,1,1,-1,1,-1,1,-1,1,1,1,1,1,1,1,1,1,1,1,-1,1,1,1,1,1,1,1,-1,1,1,1,1,1,1,1,1,1,1,1,1,1,-1,1,1,-1,1,-1,1,-1,1,1,1,1,1,-1,1,-1,1,1,1,1,-1,1,-1,1,1,1,-1,-1,1,-1,1,1,1,1,-1,1,1,1,1,1,-1,-1,1,1,1,1,1,1,-1,1,-1,1,1,-1,-1,-1,1,1,1,1,1,1,-1,1,1,1,1,1,-1,1,-1,1,1,1,-1,-1,-1,-1,1,1,1,1,-1,-1,-1,1,1,1,-1,-1,1,-1,1,1,1,-1,-1,-1,1,-1,1,-1,-1,-1,1,-1,1,1,-1,-1,-1,1,-1,1,-1,-1,-1,-1,1,1,1,1,1,1,-1,1,-1,1,1,-1,-1,-1,1,1,1,1,1,-1,-1,1,-1,1,1,1,-1,-1,-1,1,1,1,1,-1,-1,-1,-1,1,-1,1,-1,1,-1,1,1,1,1,1,-1,-1,1,1,1,1,1,1,-1,1,1,-1,1,-1,-1,1,1,1,1,-1,1,-1,-1,1,1,1,-1,1,-1,-1,1,1,1,1,1,1,-1,1,1,1,1,1,1,-1,1,1,1,1,1,1,-1,1,1,-1,1,1,-1,-1,1,1,-1,1,1,1,-1,1,-1,1,1,1,1,-1,-1,1,-1,1,1,1,-1,1,1,-1,1,-1,1,-1,1,1,-1,1,1,1,-1,-1,1,1,1,1,-1,1,-1,1,1,1,1,-1,1,-1,1,1,1,-1,-1,1,-1,1,1,-1,1,-1,-1,-1,1,-1,1,-1,1,-1,-1,1,-1,1,-1,-1,-1,-1,1,-1,1,-1,1,-1,-1,-1,1,1,-1,1,-1,-1,-1,-1,1,-1,1,-1,-1,1,-1,1,1,1,1,-1,-1,1,1,-1,-1,1,1,1,1,1,-1,1,-1,-1,1,1,-1,-1,1,-1,-1,-1,-1,1,-1,1,-1,1,1,1,-1,-1,1,-1,-1,-1,-1,-1,-1,1,-1,1,1,1,-1,1,1,-1,1,1,1,1,-1,1,-1,1,1,1,1,-1,1,-1,1,1,1,1,-1,1,-1,1,1,1,1,-1,1,-1,1,1,1,-1,-1,1,-1,-1,1,1,-1,-1,-1,1,-1,1,1,1,-1,1,-1,-1,1,-2656.0,1,2000,445,1500,True
2514,1,1,-1,-1,1,1,-1,1,1,1,1,-1,1,-1,1,1,-1,1,-1,-1,-1,1,1,1,1,1,-1,-1,1,1,1,1,-1,-1,-1,1,-1,1,1,1,-1,-1,1,1,1,1,1,1,-1,-1,1,1,-1,1,-1,1,1,-1,1,1,1,-1,-1,-1,1,1,1,1,1,-1,1,-1,1,1,1,1,1,1,-1,1,1,-1,1,-1,-1,1,1,1,1,1,1,1,-1,1,1,1,-1,1,-1,-1,1,1,1,1,-1,-1,-1,1,1,1,1,1,-1,-1,1,1,1,1,1,-1,-1,1,1,1,1,1,-1,-1,1,1,1,1,-1,-1,-1,-1,1,1,1,-1,-1,-1,-1,1,1,1,1,-1,-1,-1,1,1,1,1,1,-1,-1,-1,1,1,-1,-1,-1,-1,1,-1,1,-1,1,-1,-1,-1,1,1,-1,-1,-1,1,1,1,-1,1,1,-1,-1,-1,1,-1,-1,-1,-1,-1,-1,1,-1,-1,1,-1,-1,-1,1,-1,-1,1,-1,-1,1,1,1,-1,1,-1,1,1,-1,-1,-1,1,-1,1,-1,1,1,-1,1,1,-1,-1,1,1,-1,1,1,-1,1,-1,1,-1,1,-1,-1,-1,1,1,-1,1,1,-1,1,-1,1,-1,1,-1,-1,-1,1,-1,-1,1,-1,1,-1,1,1,-1,1,1,1,-1,1,-1,1,1,1,1,1,1,-1,1,1,1,1,-1,-1,1,-1,1,1,1,1,1,1,-1,1,1,1,1,-1,1,1,1,1,1,1,1,1,-1,1,1,1,-1,1,1,1,1,1,1,1,-1,1,1,1,-1,1,1,1,-1,1,1,1,1,1,1,-1,1,1,1,1,1,1,1,-1,1,1,1,1,-1,-1,1,1,1,1,-1,1,1,-1,1,1,1,1,1,-1,1,1,1,1,1,1,-1,1,-1,1,1,1,1,-1,1,-1,1,1,1,1,1,1,-1,1,-1,-1,1,-1,1,1,-1,1,1,1,-1,-1,1,-1,1,-1,1,-1,1,-1,-1,1,-1,-1,-1,1,1,-1,1,-1,1,-1,1,-1,1,-1,1,1,-1,1,-1,1,-1,1,-1,1,1,-1,-1,-1,-1,1,1,1,1,-1,-1,1,-1,-1,1,-1,-1,1,-1,-1,1,-1,1,-1,-1,1,-1,-1,1,-1,-1,1,1,-1,1,-1,1,-1,-1,1,-1,-1,-1,-1,-1,-1,1,-1,-1,1,1,-1,-1,1,-1,1,-1,-1,1,-1,1,-1,-1,1,1,-1,-1,1,-1,-1,-1,-1,-1,1,1,-1,-1,1,1,-1,1,-1,1,-1,1,1,-1,1,-1,-1,-1,-1,-1,-1,1,-1,1,-1,1,1,-1,1,-1,-1,1,-1,-1,1,-1,1,-1,-1,-1,1,-1,1,1,-1,-1,-1,1,-1,1,-1,-1,-1,-1,1,1,1,1,-1,-1,-1,1,-1,1,1,-1,-1,-1,1,1,-1,1,1,-1,1,1,1,1,-1,-1,1,-1,1,1,-1,1,-1,1,1,-1,1,-1,-1,1,-1,-1,1,-1,-1,-1,1,1,-1,-1,1,-1,-1,1,1,-1,-1,1,-1,-1,-1,-1,-1,-1,1,-1,-1,-1,-1,-1,-1,1,-1,-1,1,1,1,1,1,-1,1,1,1,-1,-1,1,-1,1,-1,1,-1,-1,1,1,-1,1,1,1,-1,1,1,-1,-1,1,-1,-1,1,1,-1,-1,1,-1,1,1,-1,-1,1,1,-1,1,1,-1,-1,1,-1,1,1,1,1,-1,1,1,-1,-1,1,1,-1,1,1,1,-1,1,1,-1,-1,1,1,1,1,1,-1,1,1,-1,-1,1,1,-1,-1,1,1,-1,1,1,-1,-1,1,1,-1,1,1,-1,-1,-1,1,-1,1,1,-1,-1,1,1,-1,1,1,1,-1,1,-1,-1,1,-1,1,-1,1,-1,-1,1,-1,-1,-1,1,1,-1,1,1,-1,-1,1,-1,-1,1,-1,-1,1,-1,-1,-1,1,1,-1,-1,1,-1,-1,1,1,-1,-1,1,-1,-1,-1,1,-1,1,1,-1,-1,-1,1,-1,-1,1,-1,-1,1,-1,-1,1,-1,-1,-1,-1,-1,-1,1,-1,-1,-1,-1,1,-1,-1,1,-1,-1,-1,1,-1,-1,1,-1,-1,-1,1,-1,1,1,-1,-1,-1,1,-1,1,-1,-1,-1,1,1,-1,1,-1,1,-1,1,1,-1,-1,-1,-1,1,1,1,-1,1,1,-1,-1,-1,-1,1,-1,-1,-1,-1,1,1,-1,1,1,1,-1,1,1,-1,1,-1,1,1,-1,1,-1,-1,1,1,-1,-1,1,1,-1,-1,1,1,-1,1,1,-1,1,1,-1,-1,-1,1,-1,1,1,-1,-1,1,1,-1,1,1,1,-1,1,-1,1,1,1,-1,1,1,-1,-1,1,1,-1,-1,1,-1,-1,1,1,-1,1,-1,-1,-1,1,1,-1,-1,-1,1,-1,1,1,-1,-1,-1,-1,-1,1,1,1,-1,-1,1,-1,1,1,-1,-1,1,-1,-1,1,-1,1,-1,-1,-1,1,1,1,1,-1,1,-1,-1,1,1,1,-1,1,-1,1,1,1,1,-1,-1,-1,1,-1,1,-1,-1,-1,-1,1,-1,1,-1,-1,-1,-1,1,1,1,-1,-1,1,1,-1,1,1,-1,1,-1,1,1,1,1,1,-1,-1,1,1,1,1,1,-1,1,-1,1,-1,1,1,-1,1,1,-1,1,1,1,-1,1,-1,1,1,1,1,-1,1,-1,1,-1,1,1,-1,-1,1,-1,-1,1,1,-1,1,1,-1,-1,1,1,1,1,-1,1,1,1,-1,1,1,-1,1,1,1,-1,-1,1,-1,-1,1,1,-1,1,1,1,-1,-1,1,1,1,1,-1,-1,1,1,1,-1,1,-1,-1,-1,1,1,1,1,-1,-1,1,1,1,1,1,1,-1,1,1,1,1,1,1,-1,1,1,-1,-1,1,-1,-1,1,-1,1,1,1,1,-1,-1,1,1,-1,1,-1,1,-1,1,1,-1,1,1,-1,-1,1,-2656.0,1,2000,445,500,True
2515,1,1,-1,-1,1,-1,-1,1,1,1,1,-1,1,1,1,1,-1,1,-1,-1,-1,1,1,1,1,-1,-1,-1,1,1,1,1,1,-1,-1,1,-1,1,1,1,-1,-1,1,1,1,1,-1,-1,1,1,1,1,-1,1,-1,-1,1,-1,1,1,-1,-1,-1,1,1,1,1,-1,-1,-1,1,-1,1,1,1,-1,-1,1,-1,1,1,-1,-1,-1,-1,1,1,1,-1,1,-1,1,-1,1,1,-1,-1,1,-1,1,1,1,-1,-1,1,-1,-1,1,1,-1,-1,-1,-1,-1,1,1,-1,-1,1,-1,-1,1,1,1,-1,-1,-1,-1,1,1,1,-1,1,-1,-1,1,1,1,-1,1,-1,-1,-1,1,1,-1,1,-1,-1,-1,1,1,-1,1,1,-1,-1,1,1,-1,1,-1,-1,-1,1,1,-1,1,1,-1,1,1,-1,-1,1,-1,-1,1,1,-1,1,-1,1,-1,1,1,-1,-1,-1,-1,-1,-1,1,-1,1,1,1,-1,-1,1,1,-1,1,1,-1,-1,1,-1,-1,1,1,-1,1,1,-1,-1,1,1,1,1,1,1,-1,-1,1,1,-1,1,-1,-1,1,1,-1,-1,1,1,-1,-1,1,1,-1,1,-1,1,-1,1,1,-1,1,-1,1,-1,1,1,1,1,1,1,-1,1,1,-1,-1,1,-1,-1,1,-1,1,-1,1,-1,-1,1,-1,1,1,1,-1,-1,1,-1,1,1,-1,-1,-1,1,1,-1,1,1,1,-1,1,1,1,1,-1,1,-1,1,-1,1,1,1,1,-1,1,1,1,1,1,1,-1,1,-1,-1,1,-1,1,-1,-1,1,-1,1,1,1,-1,1,-1,-1,1,1,-1,1,1,-1,1,1,1,1,-1,1,-1,1,1,-1,1,-1,1,-1,-1,1,1,1,-1,1,-1,1,1,1,-1,1,1,-1,1,1,1,-1,1,-1,-1,1,1,1,1,1,-1,-1,-1,1,1,1,1,-1,-1,1,-1,1,-1,1,1,-1,-1,1,1,-1,-1,1,-1,-1,1,1,-1,1,-1,1,-1,-1,-1,-1,1,1,-1,-1,1,1,-1,1,1,-1,-1,1,1,-1,1,1,-1,1,1,-1,1,1,-1,-1,-1,-1,1,-1,-1,1,-1,-1,1,-1,-1,1,-1,-1,1,-1,-1,1,-1,-1,-1,-1,1,-1,-1,1,1,-1,1,1,-1,1,-1,1,-1,-1,1,-1,-1,-1,1,-1,-1,1,-1,-1,1,1,-1,-1,1,-1,1,-1,1,1,-1,1,-1,-1,1,1,-1,-1,1,-1,-1,-1,1,-1,1,1,-1,-1,1,1,-1,1,-1,1,-1,1,1,-1,1,-1,-1,-1,-1,-1,-1,1,-1,1,-1,1,1,-1,1,-1,-1,1,-1,-1,1,-1,1,-1,1,-1,1,-1,1,1,-1,-1,-1,1,-1,1,-1,-1,1,-1,-1,1,1,1,-1,-1,-1,1,-1,1,1,-1,-1,1,1,1,-1,1,1,-1,1,1,1,1,-1,-1,1,-1,1,1,-1,1,-1,-1,1,-1,1,-1,-1,1,-1,-1,1,-1,-1,-1,1,1,-1,1,1,-1,-1,1,-1,-1,-1,1,-1,-1,-1,1,1,-1,1,-1,-1,-1,-1,-1,-1,1,-1,-1,1,1,1,1,1,-1,-1,-1,1,-1,-1,1,-1,-1,-1,-1,-1,-1,1,1,-1,1,-1,1,-1,1,-1,1,1,1,-1,-1,1,1,-1,1,1,-1,1,1,-1,1,1,1,-1,1,1,-1,-1,1,-1,1,1,1,-1,1,1,1,-1,-1,1,-1,1,1,1,1,-1,1,1,1,1,1,1,1,1,-1,1,1,1,-1,-1,1,1,1,1,1,1,-1,1,1,1,1,1,1,-1,1,1,-1,1,-1,1,-1,1,1,1,1,1,1,-1,1,1,1,1,1,-1,-1,-1,-1,1,1,1,-1,-1,1,-1,1,1,1,1,-1,1,1,1,1,1,-1,-1,1,-1,-1,1,-1,-1,-1,1,1,-1,1,1,1,-1,-1,1,-1,1,1,-1,-1,-1,1,-1,1,1,-1,-1,-1,-1,-1,1,1,-1,-1,-1,1,1,-1,-1,-1,-1,-1,-1,-1,1,-1,-1,-1,-1,1,-1,-1,1,-1,-1,-1,1,-1,-1,1,-1,-1,-1,-1,-1,-1,1,-1,-1,-1,-1,-1,1,-1,-1,-1,1,-1,-1,1,-1,1,-1,-1,-1,-1,-1,-1,-1,1,-1,-1,-1,1,1,1,-1,-1,-1,1,-1,-1,-1,-1,-1,-1,-1,1,1,1,-1,-1,1,-1,1,-1,1,1,-1,1,-1,-1,1,1,-1,-1,-1,-1,-1,-1,1,1,-1,-1,1,-1,1,1,-1,-1,-1,1,-1,1,1,-1,-1,1,1,-1,1,1,1,-1,1,-1,1,1,1,-1,-1,1,-1,-1,1,1,1,1,-1,1,-1,1,1,1,-1,1,-1,-1,1,1,1,1,-1,1,-1,1,1,1,1,1,-1,-1,1,1,1,1,1,-1,-1,1,1,1,1,-1,-1,-1,1,-1,1,1,1,-1,1,1,1,-1,1,1,-1,-1,1,1,1,1,1,-1,1,1,1,1,1,1,-1,1,-1,1,1,1,1,-1,1,-1,1,1,1,-1,1,1,1,1,1,1,1,-1,1,1,1,1,-1,1,-1,1,1,1,1,1,-1,1,1,1,1,1,1,1,-1,1,-1,1,1,1,1,1,-1,1,1,1,1,-1,1,1,1,-1,1,1,-1,1,-1,1,-1,1,1,1,1,-1,-1,1,1,-1,1,1,-1,-1,1,-1,1,-1,1,1,1,1,1,-1,1,1,1,1,1,1,-1,1,-1,-1,1,1,1,-1,1,1,-1,-1,-1,-1,-1,1,1,-1,1,1,1,-1,1,1,-1,-1,1,1,1,1,1,-1,1,1,1,-1,1,1,-1,1,1,1,-1,1,1,-1,1,1,1,-1,-1,1,-1,1,-1,1,1,-1,1,-1,-1,1,1,-1,1,1,-1,1,1,1,1,-1,1,1,-1,1,-2656.0,1,2000,445,500,True
2516,-1,-1,1,1,1,1,-1,1,-1,-1,-1,1,-1,1,-1,-1,1,-1,1,1,-1,-1,-1,-1,-1,1,-1,-1,-1,-1,-1,-1,1,1,-1,-1,1,-1,-1,-1,1,-1,-1,-1,-1,-1,-1,-1,1,1,-1,-1,1,-1,1,-1,-1,1,-1,-1,-1,1,1,1,-1,-1,-1,-1,-1,-1,-1,1,-1,-1,-1,-1,-1,-1,1,-1,-1,1,1,-1,1,-1,-1,-1,-1,1,-1,-1,-1,-1,-1,-1,-1,1,1,1,-1,-1,-1,-1,1,1,1,-1,-1,-1,-1,1,1,1,-1,-1,-1,-1,1,1,1,-1,-1,-1,-1,1,1,1,1,-1,-1,-1,-1,1,1,1,-1,-1,-1,-1,1,1,1,-1,-1,-1,1,1,1,1,-1,-1,-1,-1,-1,1,1,1,-1,-1,-1,1,1,1,-1,-1,1,-1,-1,1,-1,-1,-1,-1,-1,1,1,1,-1,-1,-1,1,-1,1,-1,-1,-1,-1,-1,1,1,1,-1,-1,-1,-1,-1,1,1,-1,-1,1,-1,-1,1,1,-1,-1,-1,-1,-1,1,1,-1,1,-1,-1,-1,1,1,-1,1,-1,-1,-1,-1,1,1,-1,-1,1,-1,1,1,-1,1,-1,-1,-1,1,1,-1,1,1,-1,-1,-1,1,-1,-1,1,-1,-1,1,-1,-1,1,-1,-1,-1,1,1,-1,1,-1,-1,1,-1,-1,-1,1,-1,1,-1,1,1,-1,1,-1,1,-1,-1,1,-1,1,-1,-1,1,-1,1,-1,1,1,-1,1,-1,1,-1,-1,1,1,1,-1,-1,-1,1,1,-1,1,1,-1,1,-1,1,1,1,-1,-1,-1,1,1,1,1,1,-1,-1,-1,1,1,1,-1,-1,-1,-1,-1,1,1,-1,-1,-1,1,1,-1,1,-1,-1,-1,-1,1,1,1,-1,1,-1,-1,1,-1,1,-1,-1,-1,-1,-1,1,1,-1,-1,-1,-1,-1,1,-1,-1,-1,-1,-1,1,1,-1,-1,1,-1,-1,1,1,-1,-1,1,1,-1,-1,1,1,-1,1,-1,-1,1,-1,1,-1,-1,-1,-1,-1,1,-1,-1,1,1,1,1,1,1,-1,1,-1,1,-1,1,-1,1,-1,1,1,-1,1,-1,1,1,-1,-1,1,1,-1,-1,-1,1,-1,1,1,1,-1,1,-1,1,-1,1,-1,-1,1,-1,1,1,-1,1,-1,1,-1,1,1,1,-1,-1,-1,1,1,1,-1,1,-1,1,1,1,1,1,-1,-1,-1,1,1,1,1,1,-1,-1,1,-1,1,1,-1,1,-1,1,1,-1,1,1,-1,1,1,1,1,1,-1,-1,1,1,1,1,-1,1,-1,1,1,-1,1,-1,1,-1,1,1,-1,1,-1,-1,-1,1,1,-1,1,-1,1,-1,-1,1,1,1,-1,-1,1,-1,1,-1,1,1,1,-1,1,1,1,-1,1,1,-1,-1,1,-1,1,1,1,1,-1,1,1,-1,1,1,-1,-1,1,1,-1,1,1,1,1,1,1,-1,1,1,1,-1,1,1,1,-1,-1,-1,1,-1,-1,1,-1,1,-1,1,-1,1,-1,-1,-1,1,1,-1,1,1,-1,1,-1,1,-1,1,1,-1,1,-1,1,-1,-1,-1,-1,1,-1,1,-1,-1,-1,-1,1,-1,1,-1,1,1,1,-1,-1,1,-1,1,1,-1,1,-1,1,-1,-1,1,-1,1,-1,-1,1,1,1,1,1,-1,1,1,1,1,-1,1,-1,-1,1,1,1,-1,-1,-1,1,1,1,1,-1,-1,-1,1,-1,1,-1,1,1,-1,-1,1,1,1,-1,-1,-1,-1,1,1,1,1,1,-1,-1,1,1,1,1,1,-1,-1,1,-1,1,-1,1,-1,1,1,1,1,1,1,-1,-1,1,-1,1,1,1,-1,-1,1,1,-1,1,1,-1,-1,1,1,1,1,1,1,-1,1,1,-1,1,1,-1,-1,1,1,-1,1,1,-1,-1,1,-1,1,1,1,-1,-1,1,-1,1,1,1,1,-1,1,1,-1,1,1,-1,-1,1,-1,1,1,1,1,-1,1,-1,1,1,1,1,-1,1,-1,-1,1,1,1,-1,1,1,-1,-1,1,-1,1,1,1,-1,1,1,1,-1,1,-1,1,-1,1,1,-1,-1,1,-1,1,1,1,-1,1,1,-1,-1,1,1,1,1,1,-1,-1,1,1,1,1,1,-1,-1,1,1,1,1,1,-1,1,1,1,1,1,1,-1,-1,-1,1,1,1,1,-1,-1,1,1,1,-1,1,-1,-1,1,1,1,1,-1,-1,-1,1,1,1,1,-1,1,-1,1,1,1,1,1,-1,-1,1,1,1,1,1,1,-1,-1,1,1,1,1,-1,-1,1,1,1,-1,1,-1,1,1,1,1,1,1,-1,-1,-1,1,1,1,-1,-1,-1,1,1,1,1,1,-1,1,1,1,-1,1,-1,1,1,1,1,-1,1,1,-1,-1,1,1,-1,1,1,-1,1,1,1,1,-1,1,-1,-1,-1,1,1,-1,1,-1,1,-1,1,-1,-1,1,-1,-1,1,1,1,-1,1,-1,1,-1,1,1,-1,1,-1,-1,-1,1,1,-1,1,1,1,-1,1,1,-1,1,-1,-1,1,1,1,-1,1,-1,1,1,1,-1,1,-1,1,1,1,1,1,-1,-1,-1,1,1,-1,1,-1,1,-1,1,-1,1,-1,1,1,-1,1,-1,1,1,-1,1,-1,1,-1,1,1,1,-1,-1,-1,1,1,1,-1,1,-1,-1,-1,1,-1,1,-1,1,-1,-1,1,1,1,-1,-1,-1,1,1,1,1,-1,-1,-1,1,1,1,-1,1,1,-1,1,1,1,-1,1,-1,-1,-1,1,1,-1,-1,-1,1,1,-1,1,1,-1,1,-1,-1,1,1,-1,-1,-1,1,1,-1,1,-1,-1,1,1,1,1,1,-1,-1,1,1,1,1,1,1,-1,-1,-1,1,1,1,1,-1,1,1,1,1,1,-1,-1,1,1,1,-1,1,1,-1,-1,1,1,-1,1,-1,1,-1,1,1,-1,1,1,-1,-1,1,-2656.0,1,2000,445,1500,True
2517,1,1,-1,-1,1,1,-1,1,1,1,1,-1,-1,-1,1,1,-1,1,-1,-1,-1,1,1,1,1,1,-1,-1,1,1,1,1,-1,-1,-1,1,-1,1,1,1,-1,-1,1,1,1,1,1,1,-1,-1,1,1,-1,1,-1,1,1,-1,1,1,1,-1,-1,-1,1,1,1,1,1,-1,1,-1,1,1,1,1,1,1,1,1,1,-1,1,-1,-1,1,1,1,1,1,1,1,-1,1,1,1,-1,1,-1,-1,1,1,1,1,-1,-1,-1,1,1,1,1,1,-1,-1,1,1,1,1,1,-1,-1,1,1,1,1,1,-1,-1,1,1,1,1,-1,-1,-1,-1,1,1,1,-1,-1,-1,-1,1,1,1,1,-1,-1,-1,1,1,1,1,1,-1,-1,-1,1,1,-1,1,-1,-1,1,-1,1,-1,1,-1,-1,-1,1,1,-1,-1,-1,1,-1,1,-1,1,1,-1,-1,-1,1,-1,-1,-1,-1,-1,-1,1,-1,-1,1,-1,-1,-1,1,-1,-1,1,-1,-1,1,1,1,-1,1,-1,1,1,-1,-1,-1,1,-1,1,-1,1,1,-1,1,1,-1,-1,1,1,-1,1,-1,-1,1,-1,1,-1,1,-1,-1,-1,1,-1,-1,1,1,-1,-1,-1,1,-1,1,-1,-1,-1,1,-1,-1,1,-1,1,-1,1,1,-1,1,1,-1,-1,1,1,-1,1,1,-1,-1,1,1,-1,1,1,1,-1,1,1,-1,1,1,1,-1,1,1,-1,1,-1,-1,-1,-1,1,1,1,1,-1,-1,1,1,-1,1,1,1,-1,-1,1,1,1,1,1,-1,1,1,1,1,-1,1,-1,1,1,1,1,1,1,-1,1,1,1,1,1,-1,-1,1,1,-1,1,1,-1,1,-1,1,1,1,1,-1,1,-1,1,-1,1,1,1,1,1,-1,1,1,1,1,1,1,-1,1,-1,1,-1,1,1,-1,1,-1,1,1,-1,1,-1,1,-1,1,1,-1,1,-1,1,1,-1,1,-1,1,1,-1,1,-1,1,-1,1,-1,1,-1,-1,1,1,-1,-1,1,1,-1,1,-1,1,-1,1,-1,1,1,-1,1,1,1,1,-1,1,-1,1,-1,1,-1,-1,1,-1,1,1,1,1,-1,1,1,1,1,1,-1,-1,1,-1,-1,1,-1,1,-1,-1,1,-1,1,-1,-1,-1,-1,1,-1,1,-1,1,-1,-1,1,-1,1,1,-1,-1,-1,1,-1,-1,1,1,-1,-1,1,-1,1,1,-1,1,-1,1,-1,-1,1,1,-1,-1,-1,-1,1,1,-1,1,-1,1,-1,1,-1,1,-1,-1,-1,1,1,-1,1,-1,-1,-1,-1,1,-1,-1,1,-1,-1,-1,1,1,1,1,1,-1,-1,1,-1,-1,1,-1,-1,-1,1,-1,1,-1,1,-1,-1,1,-1,1,-1,1,-1,-1,1,-1,1,1,1,-1,-1,-1,1,1,-1,1,-1,-1,1,1,1,1,-1,1,1,-1,1,1,1,1,1,-1,1,-1,1,1,-1,1,-1,1,-1,-1,1,-1,-1,1,-1,-1,1,-1,-1,-1,1,1,-1,-1,1,-1,-1,1,1,-1,-1,1,-1,-1,-1,-1,-1,-1,1,-1,-1,-1,-1,-1,-1,1,-1,-1,1,1,1,1,1,-1,1,-1,1,-1,-1,1,-1,-1,-1,1,-1,-1,1,1,-1,1,1,1,-1,1,1,-1,-1,1,-1,-1,-1,1,-1,-1,1,-1,1,1,-1,-1,1,1,-1,1,1,-1,1,1,-1,1,1,1,1,-1,1,-1,-1,-1,1,-1,1,1,1,1,-1,1,1,-1,-1,1,1,1,1,1,-1,1,1,-1,-1,1,1,-1,-1,1,1,-1,1,1,-1,-1,1,-1,-1,1,1,-1,-1,-1,1,-1,1,1,-1,-1,1,1,-1,1,1,1,-1,1,-1,-1,1,-1,1,-1,1,-1,-1,1,-1,-1,1,-1,1,-1,1,1,-1,-1,1,-1,-1,1,-1,1,-1,1,-1,-1,1,1,-1,-1,1,-1,-1,1,1,1,-1,1,-1,-1,-1,1,-1,-1,1,-1,-1,-1,1,1,1,1,1,-1,1,-1,1,-1,1,1,-1,-1,-1,1,-1,1,-1,-1,-1,1,1,1,-1,1,-1,-1,1,1,1,-1,1,-1,-1,1,1,-1,-1,1,-1,-1,1,1,-1,1,-1,-1,1,1,1,1,-1,1,-1,1,1,1,1,-1,1,1,1,1,1,1,1,1,-1,-1,-1,1,1,-1,1,-1,1,1,1,-1,1,1,-1,-1,1,1,1,-1,1,1,-1,1,1,-1,1,1,-1,-1,1,1,-1,-1,1,1,-1,1,1,-1,1,1,-1,-1,1,-1,-1,1,1,-1,-1,1,1,-1,1,1,1,-1,1,-1,1,1,1,-1,1,1,-1,-1,1,1,-1,-1,-1,1,-1,1,1,-1,1,-1,-1,-1,1,1,-1,-1,-1,1,-1,1,1,-1,-1,-1,-1,-1,1,1,1,-1,-1,-1,-1,-1,1,-1,-1,1,-1,-1,1,-1,1,-1,-1,-1,-1,-1,1,1,-1,1,-1,-1,1,-1,1,-1,1,-1,1,1,1,1,-1,-1,-1,1,-1,-1,-1,-1,-1,-1,1,-1,1,-1,-1,-1,1,-1,1,-1,1,-1,-1,-1,1,-1,1,-1,1,-1,1,-1,-1,1,1,-1,1,-1,1,-1,-1,1,-1,1,-1,1,-1,1,1,-1,1,-1,-1,-1,-1,1,-1,1,-1,1,-1,-1,1,-1,1,-1,1,-1,-1,1,-1,-1,1,-1,-1,-1,1,-1,1,1,-1,1,-1,1,1,1,-1,1,-1,1,-1,1,1,-1,1,-1,-1,-1,-1,1,-1,1,-1,1,-1,1,1,1,-1,1,-1,1,1,1,-1,-1,-1,1,1,-1,1,-1,-1,1,1,1,1,1,-1,-1,1,1,1,1,1,1,-1,1,1,1,1,1,1,-1,-1,1,-1,-1,1,1,-1,1,1,1,1,1,1,-1,-1,1,1,-1,1,1,1,-1,1,1,-1,1,1,-1,-1,1,-2656.0,1,2000,445,500,True
2518,-1,-1,1,1,1,1,-1,1,-1,-1,-1,1,-1,1,-1,-1,1,-1,1,1,1,1,-1,-1,-1,1,-1,-1,1,-1,-1,-1,1,1,-1,1,1,-1,-1,-1,1,-1,1,-1,-1,-1,-1,-1,1,-1,1,-1,1,-1,1,-1,-1,1,-1,-1,-1,1,1,1,-1,-1,-1,-1,-1,-1,1,-1,-1,-1,-1,-1,-1,1,-1,1,-1,1,1,-1,-1,-1,-1,1,-1,1,-1,-1,1,-1,-1,-1,-1,1,-1,1,-1,-1,-1,-1,1,-1,1,-1,-1,-1,-1,1,-1,1,1,-1,-1,-1,1,-1,1,-1,-1,-1,-1,1,-1,-1,1,-1,-1,-1,1,-1,1,-1,-1,-1,-1,-1,-1,-1,1,-1,-1,-1,1,-1,-1,1,-1,-1,-1,-1,1,-1,1,-1,-1,-1,1,1,-1,1,-1,-1,-1,1,-1,1,-1,-1,-1,-1,1,-1,1,1,-1,-1,1,-1,1,-1,-1,-1,-1,1,1,-1,1,1,-1,-1,1,1,1,-1,-1,-1,-1,1,1,1,-1,-1,-1,-1,-1,1,1,1,-1,-1,1,1,1,1,-1,-1,-1,1,1,1,1,1,-1,-1,-1,-1,1,1,1,-1,-1,1,-1,1,1,-1,-1,-1,1,1,1,1,1,-1,-1,-1,1,1,1,-1,-1,-1,1,1,1,1,-1,-1,-1,1,1,-1,1,-1,-1,-1,1,1,-1,1,-1,-1,-1,1,1,-1,1,-1,-1,-1,1,-1,1,1,-1,-1,-1,1,1,1,1,-1,-1,-1,-1,1,-1,1,-1,-1,-1,1,1,-1,1,1,-1,-1,-1,1,1,1,-1,-1,-1,1,1,-1,1,1,-1,-1,1,1,-1,1,-1,1,-1,1,1,-1,1,-1,-1,-1,1,-1,1,1,-1,-1,1,-1,-1,1,1,-1,-1,1,-1,1,-1,1,-1,1,1,1,-1,1,1,-1,-1,1,1,-1,1,-1,-1,-1,1,1,-1,1,-1,-1,-1,-1,1,-1,1,-1,-1,1,1,1,-1,1,1,-1,1,-1,1,1,-1,1,-1,-1,1,1,-1,1,-1,1,-1,1,1,1,1,1,1,-1,1,-1,-1,1,1,-1,1,-1,1,-1,1,1,-1,1,-1,1,1,1,-1,-1,1,-1,1,-1,-1,1,-1,1,1,-1,-1,1,-1,-1,-1,1,-1,1,-1,-1,-1,-1,1,-1,-1,1,1,1,1,1,-1,1,-1,1,-1,-1,1,-1,-1,-1,1,1,-1,1,-1,-1,1,1,-1,-1,1,-1,1,-1,1,-1,-1,1,-1,-1,1,1,-1,-1,-1,1,-1,-1,-1,1,-1,1,-1,-1,1,-1,-1,-1,-1,1,-1,1,-1,1,-1,-1,-1,-1,-1,-1,-1,-1,-1,1,-1,1,-1,-1,-1,1,-1,1,-1,-1,-1,1,-1,-1,-1,-1,-1,-1,1,-1,-1,-1,-1,1,-1,1,-1,-1,-1,-1,-1,1,1,-1,-1,-1,-1,-1,1,1,-1,1,-1,-1,-1,-1,1,1,1,-1,-1,-1,1,-1,1,1,1,1,1,1,-1,1,-1,-1,1,1,-1,-1,-1,1,-1,1,1,-1,-1,-1,1,1,1,1,1,-1,-1,1,-1,1,-1,1,-1,-1,-1,1,1,1,1,-1,-1,-1,-1,1,1,1,-1,-1,1,1,1,-1,1,-1,-1,-1,1,1,1,1,-1,-1,-1,-1,1,-1,1,1,-1,1,-1,1,1,1,1,-1,1,-1,1,1,1,-1,1,1,-1,1,1,1,-1,1,1,1,-1,-1,1,-1,-1,1,1,1,-1,1,1,1,1,1,-1,1,1,1,1,1,1,1,1,1,-1,1,1,1,-1,-1,1,1,1,1,1,1,1,-1,1,1,1,1,-1,1,-1,1,1,1,1,1,1,-1,-1,1,1,-1,1,1,-1,-1,1,1,1,1,1,-1,1,1,1,1,-1,1,1,1,1,1,1,-1,1,-1,1,1,1,-1,1,1,1,1,1,1,1,1,1,1,1,1,-1,1,-1,1,-1,1,1,-1,1,-1,1,1,1,1,1,-1,1,1,-1,1,1,-1,1,-1,1,1,1,1,1,1,1,1,-1,1,1,-1,1,1,1,1,1,1,1,-1,1,1,1,-1,1,1,-1,1,1,1,-1,1,1,-1,1,1,1,1,1,-1,-1,1,1,1,1,1,-1,1,-1,1,1,1,1,-1,-1,1,1,1,1,1,1,-1,1,-1,1,1,1,-1,1,1,1,1,1,1,1,-1,1,1,1,1,1,-1,1,1,1,1,1,1,-1,1,-1,1,1,1,1,1,-1,1,1,1,1,1,-1,-1,1,-1,1,1,1,-1,1,1,1,1,1,-1,-1,1,1,1,1,1,1,-1,1,1,-1,1,1,-1,1,1,1,1,1,1,-1,-1,1,1,1,1,-1,1,-1,1,1,1,1,-1,-1,-1,1,1,1,1,-1,1,-1,1,1,1,1,1,-1,-1,1,1,-1,1,1,-1,-1,1,1,-1,1,-1,-1,-1,1,-1,-1,1,1,-1,-1,-1,1,-1,1,1,-1,-1,1,1,-1,1,1,-1,1,1,1,-1,1,1,-1,1,-1,1,1,1,1,-1,1,-1,1,1,1,-1,1,-1,1,1,1,1,-1,1,-1,1,1,1,-1,1,1,1,1,1,-1,1,1,-1,1,1,1,-1,1,-1,-1,1,-1,1,-1,1,-1,1,-1,1,1,1,1,-1,-1,1,1,1,-1,1,1,-1,1,1,1,-1,1,1,-1,1,-1,1,1,1,-1,-1,-1,-1,1,1,1,-1,1,1,1,1,1,-1,-1,1,1,1,1,-1,1,-1,1,-1,1,-1,1,-1,-1,-1,-1,-1,1,-1,-1,-1,1,-1,1,1,1,-1,1,1,-1,-1,1,1,1,-1,1,-1,1,-1,1,1,-1,1,-1,1,1,1,1,-1,1,-1,1,1,1,1,-1,1,-1,1,-1,-1,-1,-1,1,-1,-1,1,1,-1,-1,-1,-1,1,1,-1,1,-1,1,-1,-1,1,-2656.0,1,2000,445,1500,True
2519,1,1,-1,-1,1,1,-1,1,1,1,1,-1,1,1,1,1,-1,1,-1,-1,-1,1,1,1,1,-1,-1,-1,1,1,1,1,-1,-1,-1,1,-1,1,1,1,-1,-1,1,1,1,1,1,-1,1,-1,1,1,-1,1,-1,-1,-1,-1,1,1,1,-1,-1,1,1,1,1,1,-1,-1,1,-1,1,1,1,-1,-1,1,-1,1,1,-1,-1,-1,-1,1,1,1,-1,-1,-1,-1,1,1,1,-1,-1,1,-1,1,1,1,-1,-1,1,-1,1,1,1,-1,-1,1,-1,-1,1,1,-1,-1,1,-1,1,1,1,1,-1,-1,-1,-1,1,1,1,-1,1,-1,1,1,1,1,-1,-1,-1,-1,1,1,1,-1,1,-1,-1,1,1,1,-1,-1,1,-1,1,1,1,-1,1,-1,-1,1,-1,1,-1,1,-1,1,1,1,-1,-1,1,-1,1,1,1,-1,1,-1,1,-1,-1,1,-1,1,1,-1,1,1,1,1,1,1,1,-1,-1,1,-1,1,1,1,-1,-1,1,1,-1,1,1,1,-1,1,-1,1,1,1,-1,-1,1,1,1,1,1,1,-1,1,-1,-1,1,1,-1,-1,-1,1,-1,1,1,-1,-1,1,-1,1,1,1,1,-1,1,1,-1,1,1,-1,1,1,-1,1,1,1,-1,-1,1,-1,1,-1,1,1,1,1,-1,1,-1,1,1,1,1,-1,1,-1,1,1,1,1,-1,-1,1,1,1,-1,1,1,-1,1,1,-1,1,1,1,-1,-1,1,1,1,1,-1,1,-1,1,1,-1,1,1,-1,-1,1,1,1,1,-1,1,-1,1,-1,1,1,1,1,-1,1,1,1,1,1,-1,-1,1,1,1,1,1,1,-1,1,1,1,1,1,-1,1,1,1,-1,1,1,-1,-1,1,1,1,1,1,1,1,1,-1,1,1,1,1,1,1,1,1,1,1,1,1,1,1,-1,1,1,1,1,1,1,1,-1,1,-1,1,-1,1,-1,1,1,1,1,-1,1,1,-1,1,1,1,1,1,-1,-1,-1,-1,1,1,1,-1,1,1,-1,1,1,-1,-1,1,1,1,1,1,-1,1,1,1,-1,1,1,1,1,-1,1,-1,-1,-1,1,-1,1,-1,-1,1,1,1,-1,-1,-1,1,-1,1,1,1,-1,1,-1,1,1,1,1,1,-1,1,-1,-1,1,-1,1,-1,-1,-1,1,1,1,1,-1,-1,1,-1,1,1,1,-1,1,-1,1,-1,1,1,-1,-1,1,-1,1,1,1,-1,-1,-1,1,1,1,1,-1,-1,1,-1,1,1,-1,1,-1,1,1,1,1,-1,-1,1,-1,1,1,1,-1,1,-1,1,-1,1,1,-1,-1,1,-1,1,1,1,1,-1,1,-1,-1,1,1,1,-1,1,-1,1,1,1,-1,-1,1,-1,-1,1,-1,1,-1,-1,1,-1,1,-1,1,-1,-1,1,-1,-1,1,1,1,-1,1,-1,1,-1,-1,1,1,-1,1,1,-1,-1,1,-1,1,-1,1,-1,1,-1,1,1,1,-1,-1,-1,-1,-1,1,1,1,-1,-1,-1,1,1,-1,1,-1,-1,-1,1,1,1,1,-1,-1,1,1,1,1,1,-1,-1,-1,-1,1,-1,1,-1,1,-1,-1,1,-1,1,-1,-1,1,-1,1,-1,1,1,-1,-1,-1,-1,-1,1,1,-1,1,-1,-1,-1,1,-1,-1,-1,-1,1,1,1,-1,-1,-1,-1,1,1,1,-1,1,-1,1,-1,-1,1,1,-1,-1,-1,-1,-1,1,-1,1,-1,-1,1,-1,1,1,-1,1,-1,-1,1,-1,1,-1,1,-1,-1,-1,-1,1,-1,1,-1,-1,-1,-1,1,-1,1,-1,-1,-1,-1,-1,1,-1,1,-1,-1,-1,-1,-1,-1,-1,-1,-1,-1,1,1,-1,1,-1,-1,-1,1,-1,-1,1,-1,-1,-1,1,-1,1,-1,1,-1,1,1,-1,1,-1,1,-1,-1,1,-1,1,-1,1,-1,-1,1,-1,1,-1,-1,-1,-1,1,-1,1,-1,1,-1,-1,1,-1,1,-1,1,-1,-1,1,-1,1,-1,-1,-1,-1,1,1,-1,-1,-1,-1,-1,1,-1,1,-1,-1,-1,-1,-1,-1,-1,1,-1,-1,-1,1,-1,-1,1,-1,-1,-1,-1,-1,1,1,-1,-1,-1,-1,-1,1,-1,-1,-1,1,-1,-1,1,-1,1,-1,-1,-1,-1,-1,-1,-1,1,-1,-1,-1,1,1,-1,-1,-1,1,1,-1,-1,-1,-1,1,-1,-1,1,-1,1,-1,-1,-1,-1,1,-1,1,1,-1,1,-1,-1,1,1,-1,-1,-1,-1,-1,-1,1,1,-1,-1,1,-1,1,1,-1,-1,-1,1,-1,-1,1,-1,-1,1,-1,-1,1,1,1,-1,1,-1,1,1,1,-1,-1,1,-1,-1,1,-1,1,-1,1,-1,-1,1,1,-1,1,1,-1,-1,1,1,1,1,1,-1,-1,1,1,-1,1,1,-1,-1,1,1,1,1,1,1,-1,1,1,1,1,1,-1,-1,1,-1,1,1,1,1,-1,-1,1,-1,1,1,1,-1,1,1,1,1,-1,1,-1,1,1,1,1,1,1,-1,1,-1,1,1,1,-1,1,-1,1,1,1,1,-1,1,1,1,1,1,-1,-1,1,1,1,1,-1,1,-1,1,1,-1,1,1,-1,1,-1,1,-1,1,1,-1,-1,-1,-1,1,1,1,-1,1,-1,1,-1,1,1,-1,1,-1,1,-1,1,1,-1,1,-1,1,-1,1,1,1,1,1,-1,1,1,1,-1,-1,1,-1,1,1,1,-1,1,-1,1,1,1,-1,-1,1,-1,1,-1,1,1,-1,1,-1,1,1,1,-1,-1,-1,-1,-1,-1,-1,-1,-1,1,-1,1,1,1,-1,1,1,-1,-1,1,1,1,-1,1,-1,1,1,1,1,-1,1,-1,1,1,1,1,-1,1,-1,1,1,1,1,-1,1,-1,1,-1,1,-1,-1,1,-1,-1,1,1,-1,-1,-1,1,1,1,-1,1,-1,1,-1,-1,1,-2656.0,1,2000,445,1000,True
2520,1,1,-1,-1,1,1,-1,1,1,1,1,-1,1,1,1,1,-1,1,-1,-1,-1,1,1,1,1,1,-1,-1,1,1,1,1,-1,-1,-1,1,-1,1,1,1,-1,-1,1,1,1,1,1,1,-1,-1,1,1,-1,1,-1,-1,-1,-1,1,1,1,-1,-1,-1,1,1,1,1,1,-1,1,-1,1,1,1,1,-1,1,-1,1,1,-1,1,-1,-1,1,1,1,1,-1,-1,1,-1,1,1,1,1,1,-1,-1,1,1,1,1,1,-1,-1,1,1,1,1,-1,-1,-1,1,1,1,1,1,-1,-1,1,1,1,1,-1,-1,-1,1,1,1,1,1,-1,-1,-1,1,1,1,1,-1,-1,-1,1,1,1,1,-1,-1,-1,1,1,1,1,1,-1,-1,-1,1,1,1,1,-1,-1,1,-1,1,1,1,-1,-1,-1,1,1,1,-1,-1,1,1,1,1,-1,1,-1,-1,-1,1,1,1,-1,-1,-1,-1,1,1,1,1,-1,-1,-1,1,-1,1,1,-1,-1,1,1,1,1,1,-1,1,1,-1,-1,1,1,-1,1,-1,1,1,1,1,1,-1,-1,1,1,1,1,-1,-1,1,-1,1,1,1,-1,-1,-1,1,-1,1,1,1,-1,1,-1,1,1,1,-1,-1,-1,1,-1,1,1,-1,1,-1,1,1,-1,1,1,1,-1,1,1,-1,1,1,1,1,1,1,-1,1,1,1,-1,-1,1,1,1,1,1,1,1,1,1,1,-1,1,1,-1,1,-1,1,1,1,1,1,1,-1,1,1,1,1,1,1,1,1,1,1,1,-1,1,-1,1,-1,1,1,1,1,-1,1,1,1,1,1,-1,-1,1,1,1,1,1,-1,1,1,1,1,1,1,-1,1,1,1,-1,1,1,1,-1,1,1,1,1,1,-1,1,1,-1,1,1,1,-1,1,1,1,1,1,1,-1,1,1,1,-1,1,1,1,1,1,1,-1,-1,1,-1,1,-1,1,-1,1,1,1,-1,-1,1,1,-1,1,-1,1,1,1,-1,-1,-1,-1,1,-1,1,-1,1,1,-1,1,1,-1,-1,1,1,-1,1,1,-1,-1,1,1,1,1,1,1,-1,-1,1,-1,-1,-1,1,-1,1,-1,-1,1,1,1,-1,1,-1,1,-1,1,1,1,-1,1,-1,1,1,1,1,1,-1,1,-1,-1,1,-1,1,-1,-1,-1,-1,1,1,1,-1,-1,1,-1,1,1,1,-1,1,-1,1,-1,1,1,-1,-1,1,-1,1,1,1,1,-1,-1,1,1,1,1,-1,-1,1,1,1,1,-1,1,-1,1,-1,1,1,-1,-1,-1,-1,1,1,1,-1,1,-1,1,-1,1,1,-1,-1,1,-1,1,1,1,1,-1,1,-1,-1,-1,1,1,-1,-1,-1,1,-1,1,-1,-1,1,-1,-1,1,-1,1,-1,-1,-1,-1,1,-1,1,-1,-1,1,-1,-1,1,1,1,-1,1,-1,1,-1,-1,1,1,-1,1,1,-1,-1,1,1,1,1,-1,-1,1,-1,1,1,1,-1,-1,-1,1,-1,1,1,1,-1,-1,-1,1,1,-1,1,-1,-1,-1,1,1,-1,1,-1,-1,1,1,1,-1,1,-1,-1,-1,-1,1,1,1,-1,1,-1,-1,1,-1,1,-1,-1,1,-1,1,-1,1,1,-1,-1,-1,-1,-1,1,1,-1,-1,-1,1,-1,1,1,-1,-1,-1,-1,1,1,-1,-1,-1,-1,-1,1,1,-1,1,-1,1,1,1,1,1,-1,-1,-1,-1,-1,1,-1,1,-1,-1,1,-1,1,1,-1,1,-1,-1,1,1,1,-1,1,-1,1,-1,1,1,-1,-1,-1,1,-1,1,1,-1,1,-1,-1,-1,1,1,1,-1,1,-1,-1,1,1,-1,-1,-1,-1,-1,1,1,-1,-1,1,-1,-1,1,-1,1,-1,1,-1,-1,1,-1,-1,1,1,1,-1,1,1,-1,1,-1,1,-1,1,-1,-1,1,-1,1,-1,1,1,-1,1,-1,-1,-1,1,1,-1,1,-1,1,-1,-1,1,-1,1,-1,1,-1,-1,1,-1,-1,-1,-1,-1,1,-1,-1,1,-1,-1,-1,-1,-1,-1,1,-1,-1,-1,-1,1,-1,-1,1,-1,-1,-1,1,-1,-1,1,-1,-1,-1,1,-1,1,1,-1,-1,-1,1,-1,1,-1,-1,-1,1,1,-1,1,-1,1,-1,1,1,-1,-1,-1,-1,1,1,1,-1,1,1,1,-1,-1,-1,1,-1,-1,-1,-1,1,1,-1,1,1,1,-1,1,1,-1,1,1,1,1,-1,1,-1,-1,-1,1,-1,-1,1,1,-1,-1,1,1,-1,1,1,-1,1,1,-1,-1,-1,1,-1,-1,1,-1,-1,1,1,-1,1,1,1,-1,1,-1,1,1,1,-1,1,1,-1,-1,1,1,-1,-1,1,-1,-1,1,1,-1,1,-1,-1,-1,1,1,-1,-1,-1,1,-1,1,1,-1,-1,-1,-1,-1,1,1,1,-1,-1,-1,-1,1,1,-1,-1,1,-1,-1,1,-1,1,-1,-1,-1,-1,-1,1,1,-1,1,-1,-1,1,1,1,-1,1,-1,1,1,1,1,-1,-1,-1,1,-1,1,-1,-1,-1,-1,1,-1,1,-1,-1,-1,-1,1,1,1,-1,-1,-1,1,-1,1,1,-1,1,-1,1,1,1,-1,1,-1,1,-1,1,1,1,1,-1,1,-1,1,-1,1,1,-1,-1,1,-1,1,1,1,-1,1,-1,1,1,-1,1,-1,1,-1,1,1,-1,1,-1,1,-1,1,-1,1,1,-1,-1,-1,-1,-1,1,1,1,-1,1,1,1,1,1,-1,-1,1,1,1,1,1,-1,-1,1,-1,1,1,1,-1,-1,-1,-1,-1,-1,-1,-1,-1,1,-1,1,1,1,-1,1,1,-1,-1,1,1,-1,-1,1,-1,1,1,1,-1,-1,1,-1,1,1,1,-1,-1,1,-1,1,1,1,-1,-1,1,-1,1,-1,1,1,-1,1,-1,-1,1,1,-1,-1,-1,-1,1,1,-1,1,-1,1,-1,-1,1,-2656.0,1,2000,445,1000,True
2521,1,1,-1,-1,1,1,-1,1,1,1,1,-1,-1,1,1,1,-1,1,-1,-1,-1,1,1,1,1,1,-1,-1,1,1,1,1,-1,-1,-1,1,-1,1,1,1,-1,-1,1,1,1,1,1,1,-1,1,1,1,-1,1,-1,-1,1,-1,1,1,1,-1,-1,-1,1,1,1,1,1,-1,1,-1,1,1,1,1,-1,1,-1,1,1,-1,1,-1,-1,1,1,1,1,-1,1,1,-1,1,1,1,1,-1,-1,1,1,1,1,1,1,-1,-1,1,1,1,1,-1,-1,-1,1,1,1,1,1,-1,-1,1,1,1,1,-1,-1,-1,1,1,1,1,1,-1,-1,1,1,1,1,1,-1,-1,1,1,1,1,1,-1,-1,-1,1,1,1,1,1,-1,-1,1,1,1,1,1,-1,-1,1,1,1,1,1,-1,1,1,1,1,1,-1,-1,1,1,1,1,-1,1,-1,1,1,1,1,1,-1,-1,-1,1,1,1,1,1,-1,1,1,-1,-1,1,1,-1,1,1,1,1,1,1,-1,1,1,-1,-1,1,1,-1,1,1,1,1,1,1,1,-1,1,-1,-1,1,1,-1,-1,1,1,1,1,1,-1,-1,1,-1,-1,1,1,1,-1,1,-1,1,1,1,-1,1,1,1,1,1,1,-1,-1,-1,1,1,-1,1,1,1,-1,1,1,-1,1,1,1,1,1,1,-1,1,1,1,1,-1,1,1,1,1,1,1,1,1,1,1,-1,-1,1,-1,1,-1,1,1,1,1,1,1,-1,1,1,1,-1,1,1,1,1,1,1,1,-1,1,-1,1,-1,1,1,1,1,-1,1,1,1,1,1,1,-1,1,1,1,1,1,-1,-1,1,1,1,1,1,-1,1,1,1,-1,1,1,1,-1,1,1,-1,1,1,-1,1,1,-1,1,1,1,1,1,1,1,-1,1,1,-1,1,1,1,-1,1,1,-1,1,1,1,1,-1,1,-1,1,-1,1,-1,1,1,1,1,-1,1,1,-1,1,-1,1,1,1,-1,-1,-1,-1,1,1,1,-1,1,1,-1,1,1,-1,1,1,1,1,1,1,-1,1,1,1,-1,1,1,1,1,-1,1,1,1,-1,1,-1,1,-1,1,1,1,1,-1,-1,-1,1,-1,1,1,-1,1,-1,-1,1,1,1,1,-1,-1,1,-1,-1,1,-1,1,-1,1,-1,1,1,1,1,-1,-1,1,-1,1,1,-1,-1,1,1,1,-1,1,-1,-1,1,-1,-1,1,-1,-1,-1,1,-1,1,1,-1,1,-1,1,-1,-1,1,-1,-1,1,1,-1,-1,1,-1,-1,-1,1,-1,1,1,-1,-1,1,-1,1,-1,1,1,-1,-1,1,-1,1,-1,1,-1,-1,1,-1,-1,-1,1,-1,-1,1,-1,1,-1,1,-1,-1,1,-1,-1,1,1,-1,-1,-1,1,-1,1,1,-1,-1,-1,1,-1,-1,1,1,1,-1,1,-1,1,-1,1,-1,1,-1,-1,1,-1,-1,1,-1,1,1,-1,-1,1,-1,1,1,1,-1,-1,-1,-1,-1,1,1,1,-1,-1,-1,1,1,-1,1,-1,-1,-1,1,1,-1,1,-1,-1,1,1,1,-1,1,-1,-1,-1,-1,1,1,1,-1,1,-1,-1,1,-1,1,-1,-1,1,1,1,-1,1,1,-1,-1,-1,-1,-1,1,1,-1,-1,-1,1,-1,1,1,-1,-1,-1,-1,1,1,-1,-1,-1,-1,-1,1,1,-1,1,-1,1,1,1,1,1,-1,-1,-1,-1,-1,1,-1,1,-1,-1,1,-1,1,1,-1,1,-1,-1,1,1,1,-1,1,-1,1,-1,1,1,-1,-1,-1,-1,-1,1,1,-1,1,-1,1,-1,1,1,1,-1,1,-1,-1,1,1,-1,-1,-1,1,-1,1,1,-1,-1,1,-1,-1,-1,-1,1,-1,1,-1,-1,1,-1,-1,1,-1,1,-1,-1,1,-1,1,-1,1,-1,1,-1,1,-1,1,-1,-1,-1,1,-1,1,-1,-1,-1,-1,1,-1,1,-1,1,-1,-1,1,-1,1,1,-1,-1,-1,-1,1,1,1,1,-1,-1,1,-1,-1,1,1,-1,-1,-1,-1,1,-1,1,-1,-1,1,1,1,1,1,-1,-1,1,-1,-1,1,1,-1,-1,-1,-1,1,-1,1,-1,-1,-1,-1,-1,1,-1,-1,1,-1,-1,1,-1,1,-1,-1,-1,-1,-1,1,1,1,-1,-1,-1,1,1,1,-1,-1,-1,1,-1,-1,1,-1,-1,-1,-1,1,1,1,-1,-1,1,-1,1,-1,1,1,-1,1,-1,-1,1,1,-1,-1,-1,-1,-1,-1,1,1,-1,-1,1,-1,1,1,-1,-1,-1,1,-1,1,1,-1,-1,1,1,-1,1,1,1,-1,1,-1,1,1,1,-1,-1,1,-1,-1,1,1,-1,-1,-1,-1,-1,1,1,-1,1,1,-1,-1,1,1,-1,-1,1,-1,-1,1,1,-1,-1,1,-1,-1,1,1,1,-1,-1,-1,-1,1,1,-1,-1,1,-1,-1,1,-1,1,-1,1,-1,-1,-1,1,1,-1,-1,-1,-1,1,1,1,-1,1,-1,-1,1,1,1,-1,-1,-1,-1,-1,-1,-1,-1,-1,-1,1,-1,1,-1,-1,-1,-1,1,-1,1,1,-1,-1,-1,1,-1,1,-1,1,-1,1,-1,-1,-1,1,-1,1,-1,1,-1,1,1,-1,1,-1,1,-1,1,1,-1,-1,1,-1,-1,-1,1,-1,1,-1,1,-1,-1,1,-1,1,-1,1,-1,1,1,-1,1,-1,1,-1,-1,1,-1,-1,-1,-1,1,1,1,1,-1,1,1,-1,1,1,-1,-1,1,-1,-1,-1,1,-1,-1,1,-1,1,1,1,-1,-1,-1,-1,-1,-1,-1,-1,-1,1,-1,1,1,1,-1,1,1,-1,1,1,1,1,-1,1,-1,1,1,1,-1,-1,1,-1,1,1,1,-1,-1,1,-1,1,1,1,-1,-1,1,-1,1,1,1,1,-1,1,-1,-1,1,1,1,-1,-1,1,-1,1,-1,1,-1,1,-1,-1,1,-2656.0,1,2000,445,1000,True
2522,-1,-1,1,1,1,1,-1,1,-1,-1,-1,1,-1,1,-1,-1,1,-1,1,1,-1,-1,-1,-1,-1,1,-1,-1,-1,-1,-1,-1,1,1,-1,-1,1,-1,-1,-1,1,-1,-1,-1,-1,-1,-1,-1,1,1,-1,-1,1,-1,1,-1,-1,1,-1,-1,-1,1,1,1,-1,-1,-1,-1,-1,-1,-1,1,-1,-1,-1,-1,-1,-1,1,-1,-1,1,1,-1,1,-1,-1,-1,-1,1,-1,-1,-1,-1,-1,-1,-1,1,1,1,-1,-1,-1,-1,1,1,-1,-1,-1,-1,-1,1,1,1,-1,-1,-1,-1,1,1,-1,-1,-1,-1,-1,1,1,-1,1,-1,-1,-1,-1,1,-1,1,-1,-1,-1,-1,1,-1,1,-1,-1,-1,1,1,1,-1,-1,-1,-1,-1,-1,1,-1,1,-1,-1,-1,1,1,1,-1,-1,1,-1,-1,1,-1,-1,-1,-1,-1,1,-1,1,-1,-1,-1,1,-1,1,-1,-1,-1,-1,-1,1,1,1,-1,-1,-1,-1,-1,1,1,-1,-1,1,-1,-1,1,1,-1,-1,-1,-1,-1,1,1,-1,1,-1,-1,-1,-1,1,-1,1,-1,-1,-1,-1,1,1,-1,-1,-1,-1,1,1,-1,1,-1,-1,-1,1,1,-1,1,1,-1,-1,-1,1,-1,-1,1,-1,-1,1,-1,1,1,-1,-1,-1,1,1,-1,1,-1,-1,1,-1,-1,-1,1,-1,1,-1,1,1,-1,1,-1,1,-1,-1,1,1,1,-1,-1,1,-1,1,-1,1,1,-1,1,-1,1,-1,-1,1,1,1,-1,-1,-1,1,1,-1,1,1,-1,1,-1,1,1,1,-1,-1,-1,1,1,1,1,1,-1,-1,-1,1,1,1,-1,-1,-1,-1,-1,1,1,-1,-1,-1,1,1,-1,1,-1,-1,-1,-1,1,1,1,-1,1,-1,1,1,-1,1,-1,-1,-1,-1,-1,1,1,-1,-1,-1,-1,-1,1,-1,-1,-1,-1,-1,1,1,-1,-1,1,-1,-1,1,1,-1,-1,1,1,-1,-1,1,1,-1,1,-1,-1,1,-1,1,-1,-1,-1,-1,-1,1,-1,-1,1,1,1,1,1,-1,-1,1,-1,1,-1,1,-1,1,-1,1,1,-1,1,-1,1,1,-1,-1,1,1,-1,-1,-1,1,-1,1,1,1,-1,1,-1,1,-1,1,-1,-1,1,-1,1,1,-1,1,-1,1,-1,1,1,1,-1,-1,1,1,1,1,-1,1,-1,-1,1,1,1,-1,-1,-1,-1,1,1,1,1,1,-1,-1,1,1,1,1,-1,1,-1,1,1,-1,1,1,-1,1,1,1,1,1,-1,-1,1,1,1,1,-1,1,-1,1,1,-1,1,-1,1,-1,1,1,-1,1,1,-1,-1,1,1,-1,1,-1,1,-1,-1,1,1,-1,1,-1,1,-1,1,-1,1,1,1,-1,1,1,1,-1,1,1,-1,-1,1,-1,-1,1,1,1,-1,1,1,-1,1,1,-1,-1,1,1,-1,1,1,1,1,1,1,-1,1,1,1,-1,1,1,1,1,-1,-1,1,-1,1,1,1,1,-1,1,-1,1,-1,-1,-1,1,1,-1,1,1,-1,1,-1,1,-1,1,1,-1,1,-1,1,-1,-1,-1,-1,1,-1,1,-1,-1,-1,-1,1,-1,1,-1,1,1,1,-1,-1,1,-1,1,1,-1,1,-1,1,-1,-1,1,-1,1,-1,-1,1,1,1,1,1,-1,1,1,1,1,-1,1,-1,-1,1,1,1,-1,-1,-1,1,1,1,1,-1,-1,-1,1,-1,1,-1,1,1,-1,-1,1,1,1,-1,1,-1,-1,1,1,1,1,1,1,-1,1,1,1,1,-1,1,-1,1,-1,1,-1,1,1,-1,1,1,1,1,1,1,-1,1,-1,1,1,1,1,-1,1,1,-1,1,1,1,-1,1,1,1,1,1,1,-1,1,1,-1,1,1,-1,-1,1,1,-1,1,1,-1,-1,1,-1,1,1,1,-1,-1,1,-1,1,1,1,1,-1,1,1,-1,1,1,-1,-1,1,-1,1,-1,1,1,-1,1,-1,1,1,1,1,-1,1,-1,-1,1,1,1,-1,1,1,-1,-1,1,-1,1,1,1,-1,1,1,1,-1,1,-1,1,-1,1,1,-1,-1,1,-1,1,1,1,-1,1,1,-1,-1,1,1,1,1,1,-1,-1,1,1,1,1,1,-1,-1,1,1,1,1,1,-1,1,1,1,1,1,1,-1,-1,1,1,1,1,1,-1,-1,1,1,1,-1,1,-1,-1,1,-1,1,1,-1,-1,-1,1,1,1,1,-1,1,-1,1,1,1,1,1,-1,-1,1,1,1,1,1,1,-1,-1,1,1,1,1,-1,-1,1,1,1,-1,1,-1,1,1,1,1,1,1,-1,-1,-1,1,1,1,-1,1,1,1,1,1,1,1,-1,-1,1,1,-1,1,-1,1,1,1,1,-1,1,1,-1,-1,1,1,-1,1,1,-1,1,1,1,1,-1,1,-1,-1,-1,1,1,-1,1,-1,1,-1,1,-1,-1,1,-1,-1,-1,1,1,-1,1,-1,1,-1,1,1,-1,1,-1,-1,-1,1,1,-1,1,1,1,-1,1,1,-1,1,-1,1,1,1,1,-1,1,-1,1,1,1,-1,1,-1,1,1,1,1,1,-1,-1,-1,1,1,-1,1,-1,1,-1,1,-1,1,-1,1,1,-1,1,-1,1,1,-1,1,-1,1,-1,1,1,1,-1,-1,1,1,1,1,-1,1,-1,-1,-1,1,-1,1,-1,1,-1,-1,1,1,1,-1,-1,-1,1,1,1,1,-1,-1,-1,1,1,1,-1,1,1,-1,1,1,1,-1,1,1,-1,-1,1,1,-1,-1,-1,1,1,-1,1,1,-1,1,-1,-1,1,1,-1,-1,-1,1,1,-1,1,-1,-1,1,-1,1,1,1,-1,-1,1,1,1,1,1,1,-1,1,-1,1,1,1,1,-1,1,-1,1,1,1,-1,-1,1,1,1,-1,1,1,-1,-1,1,1,-1,1,-1,1,-1,1,1,-1,1,1,-1,-1,1,-2654.0,1,2000,445,500,True
2523,-1,-1,1,1,1,1,-1,1,-1,-1,-1,1,-1,1,-1,-1,1,-1,1,-1,-1,1,-1,-1,-1,1,-1,-1,1,-1,-1,-1,1,-1,-1,1,1,-1,-1,1,-1,-1,1,-1,-1,-1,1,1,-1,-1,-1,-1,1,1,-1,-1,-1,1,-1,-1,1,1,-1,1,-1,-1,-1,1,1,-1,1,-1,-1,-1,1,1,-1,1,-1,-1,-1,-1,1,-1,-1,-1,-1,1,1,1,1,-1,-1,-1,1,1,-1,-1,-1,1,-1,1,1,1,-1,-1,-1,-1,1,1,1,-1,-1,-1,-1,1,1,1,1,-1,-1,-1,-1,1,1,-1,-1,-1,-1,1,1,1,-1,-1,-1,1,1,1,1,-1,-1,-1,1,-1,1,1,1,-1,-1,-1,-1,1,1,-1,1,-1,-1,1,1,1,-1,-1,-1,-1,1,-1,1,-1,1,-1,1,-1,1,1,-1,-1,-1,-1,1,1,-1,1,1,-1,1,-1,1,-1,-1,-1,-1,1,-1,1,-1,-1,1,-1,1,-1,1,-1,-1,1,-1,1,1,1,1,-1,1,-1,1,-1,1,-1,-1,1,1,1,-1,1,1,-1,1,1,-1,1,-1,1,-1,1,-1,1,-1,1,1,-1,1,1,1,-1,1,-1,-1,1,1,1,-1,-1,1,-1,1,1,-1,-1,1,-1,-1,1,1,1,-1,1,1,-1,1,-1,-1,-1,1,-1,1,1,1,-1,-1,1,-1,1,1,-1,1,-1,-1,1,-1,1,1,1,-1,1,1,-1,1,1,-1,-1,1,1,1,1,-1,-1,-1,1,1,-1,1,1,1,-1,1,1,1,1,-1,-1,-1,1,-1,1,-1,1,-1,-1,1,-1,1,1,-1,-1,-1,1,-1,1,-1,-1,-1,-1,1,1,-1,1,-1,-1,1,1,-1,1,-1,-1,1,1,1,1,-1,-1,-1,1,1,1,-1,1,1,-1,-1,1,1,-1,1,-1,-1,-1,1,1,-1,1,-1,-1,1,-1,1,1,1,-1,-1,1,-1,1,-1,1,1,-1,1,-1,1,-1,-1,1,-1,-1,1,1,-1,1,-1,-1,1,1,-1,-1,1,1,-1,1,-1,1,-1,1,-1,1,1,-1,1,-1,1,-1,1,1,-1,-1,1,1,-1,-1,1,-1,1,1,1,1,-1,1,1,-1,-1,1,-1,-1,1,-1,-1,1,-1,1,-1,-1,1,-1,-1,1,-1,-1,-1,1,-1,1,-1,1,-1,1,-1,-1,1,-1,1,-1,-1,1,-1,-1,1,1,-1,-1,1,-1,1,1,-1,1,-1,1,-1,1,-1,1,-1,-1,-1,-1,-1,-1,-1,1,-1,1,-1,1,-1,1,-1,-1,-1,1,1,-1,1,-1,-1,-1,-1,-1,-1,-1,-1,-1,-1,1,-1,-1,1,1,1,-1,-1,1,-1,-1,1,-1,-1,-1,-1,1,1,-1,1,-1,-1,-1,1,1,-1,1,-1,-1,1,-1,1,1,1,-1,-1,-1,-1,1,-1,1,-1,-1,-1,-1,1,1,1,1,1,-1,1,1,1,1,1,-1,1,-1,1,1,-1,1,-1,-1,-1,-1,1,-1,-1,1,-1,-1,1,-1,-1,1,1,1,-1,1,1,-1,1,1,-1,-1,-1,1,-1,-1,1,-1,-1,1,1,-1,-1,-1,-1,-1,1,1,-1,1,1,1,1,-1,1,-1,-1,1,1,-1,1,1,-1,-1,-1,1,-1,-1,1,1,-1,1,1,1,1,1,-1,1,1,1,-1,1,1,1,-1,1,1,-1,1,1,-1,1,1,1,-1,1,1,-1,-1,1,-1,1,1,1,-1,1,1,-1,-1,1,1,-1,1,1,1,1,1,1,1,1,1,1,1,1,1,-1,1,-1,1,-1,1,1,1,1,1,1,-1,1,1,-1,1,-1,1,1,1,1,1,-1,1,-1,1,1,1,1,1,1,1,1,1,1,-1,1,1,-1,-1,1,-1,-1,1,1,1,-1,1,1,-1,1,-1,-1,1,1,-1,-1,1,-1,1,-1,1,1,-1,1,-1,1,-1,1,-1,1,1,-1,1,-1,1,1,-1,1,-1,1,-1,1,1,-1,1,-1,1,-1,1,1,-1,1,1,1,1,1,-1,1,1,-1,1,1,1,1,-1,1,-1,1,-1,1,1,-1,1,1,-1,1,1,1,-1,1,1,-1,1,1,1,-1,1,-1,-1,1,1,-1,1,1,-1,1,-1,1,-1,1,1,1,-1,1,1,1,1,1,1,-1,1,1,-1,1,1,1,1,1,1,-1,1,1,1,-1,1,1,-1,1,1,-1,1,1,1,1,1,1,1,-1,1,1,-1,1,1,-1,1,1,1,-1,1,1,-1,-1,1,-1,-1,1,1,-1,1,1,-1,-1,-1,1,-1,1,1,1,-1,1,-1,-1,1,1,1,-1,1,-1,1,1,1,-1,1,1,-1,-1,1,1,-1,-1,-1,-1,-1,1,1,-1,1,-1,-1,-1,1,1,-1,-1,1,-1,-1,1,1,-1,-1,-1,-1,-1,1,1,-1,-1,-1,1,-1,1,1,-1,-1,-1,-1,-1,1,-1,-1,-1,-1,-1,1,1,1,-1,-1,-1,1,-1,1,1,-1,-1,1,-1,1,1,1,1,-1,-1,-1,1,-1,1,-1,-1,-1,-1,1,-1,1,-1,-1,-1,-1,1,-1,1,-1,-1,1,1,-1,-1,1,-1,1,-1,1,1,1,1,1,-1,1,1,1,-1,1,1,-1,1,-1,1,-1,1,1,-1,1,1,-1,-1,-1,1,-1,1,-1,1,-1,1,1,1,1,-1,1,-1,1,1,-1,-1,1,-1,-1,1,1,-1,1,1,-1,-1,1,1,1,1,-1,1,1,-1,1,1,1,-1,1,-1,1,1,1,1,-1,-1,1,1,1,-1,1,1,-1,1,1,1,1,1,-1,-1,1,-1,1,1,1,-1,-1,1,1,1,1,1,-1,-1,1,1,1,1,1,1,-1,1,-1,1,1,1,1,-1,1,1,1,1,1,-1,-1,1,1,1,1,1,1,-1,-1,1,1,1,1,-1,1,-1,1,1,-1,1,1,-1,-1,1,-2654.0,1,2000,445,500,True
2524,-1,-1,1,1,1,1,-1,1,-1,-1,-1,1,-1,1,-1,-1,1,-1,1,-1,-1,1,-1,-1,-1,1,-1,-1,-1,-1,-1,-1,1,-1,-1,1,1,-1,-1,1,-1,-1,1,-1,-1,-1,1,1,-1,-1,1,-1,-1,1,-1,-1,-1,1,-1,-1,1,1,-1,1,-1,-1,-1,1,1,-1,1,-1,-1,-1,1,1,-1,1,-1,-1,-1,1,1,-1,-1,-1,-1,1,1,1,1,-1,-1,-1,1,1,-1,-1,-1,1,-1,1,1,1,-1,-1,-1,-1,1,1,1,-1,-1,1,-1,1,1,1,1,-1,-1,-1,-1,1,1,-1,-1,-1,1,1,1,1,-1,-1,-1,1,1,1,1,-1,-1,-1,1,-1,1,1,1,-1,-1,-1,-1,1,1,-1,1,-1,1,1,1,1,-1,1,-1,-1,1,-1,1,-1,1,-1,1,-1,1,1,-1,-1,-1,-1,1,1,-1,1,1,-1,1,-1,1,-1,-1,-1,-1,1,-1,1,-1,-1,1,-1,1,-1,1,-1,-1,1,-1,1,1,1,1,-1,1,-1,1,-1,1,-1,-1,1,1,1,-1,1,1,-1,1,1,-1,1,-1,1,-1,1,-1,1,-1,1,1,-1,1,1,1,-1,1,-1,-1,1,1,1,-1,-1,1,-1,1,1,-1,-1,1,-1,-1,1,1,1,-1,1,1,-1,1,-1,-1,-1,1,-1,1,1,1,-1,-1,1,-1,1,1,-1,1,-1,-1,1,-1,1,1,1,-1,1,1,-1,1,1,-1,-1,1,1,1,1,-1,-1,-1,1,1,-1,1,1,1,-1,-1,1,1,1,-1,-1,-1,1,-1,1,-1,1,-1,-1,1,-1,1,1,-1,1,-1,1,-1,1,-1,-1,-1,-1,1,1,-1,1,-1,-1,1,-1,-1,1,-1,-1,1,1,-1,1,-1,-1,-1,1,1,1,-1,1,1,-1,-1,1,1,-1,1,-1,-1,-1,1,1,-1,1,-1,-1,1,-1,1,-1,1,-1,-1,1,-1,1,-1,1,1,-1,1,-1,1,-1,-1,1,-1,-1,1,1,-1,1,-1,-1,1,1,-1,-1,1,1,-1,1,-1,1,-1,1,-1,1,1,-1,1,1,1,-1,1,1,-1,1,-1,1,-1,-1,1,-1,1,1,-1,1,-1,1,1,-1,1,-1,-1,-1,1,-1,-1,1,-1,1,-1,-1,1,-1,1,-1,-1,-1,-1,1,-1,1,-1,1,-1,-1,1,-1,1,-1,-1,-1,-1,1,-1,-1,1,1,-1,-1,1,-1,1,1,-1,1,-1,1,-1,1,-1,1,-1,-1,-1,-1,1,-1,-1,1,-1,1,-1,1,-1,1,-1,-1,-1,1,1,1,1,-1,-1,-1,-1,1,-1,-1,1,-1,-1,1,-1,1,1,1,1,-1,-1,1,-1,-1,1,-1,-1,-1,1,-1,1,-1,1,-1,-1,-1,-1,1,-1,1,-1,-1,1,-1,1,1,1,-1,-1,-1,1,1,-1,1,-1,-1,-1,1,1,1,-1,1,1,-1,1,1,1,1,1,-1,1,-1,1,1,-1,1,-1,1,-1,-1,1,-1,-1,1,-1,-1,1,-1,-1,1,1,1,-1,1,1,-1,1,1,1,-1,-1,1,-1,-1,1,-1,-1,1,1,-1,-1,-1,-1,-1,1,1,-1,1,1,1,1,-1,1,-1,-1,1,1,-1,1,1,-1,-1,-1,1,-1,-1,1,1,-1,1,1,1,1,1,-1,1,1,1,-1,1,1,1,-1,1,1,-1,1,1,-1,1,1,1,-1,1,1,-1,-1,1,-1,1,-1,1,-1,1,1,-1,-1,1,1,-1,1,1,1,1,1,1,1,1,1,1,1,1,1,-1,1,-1,1,-1,1,1,1,1,1,1,1,1,1,-1,1,-1,1,-1,1,1,1,-1,1,-1,1,1,1,1,1,1,1,1,1,1,-1,1,1,-1,-1,1,-1,-1,1,1,1,-1,1,1,-1,1,-1,1,1,1,-1,-1,1,-1,1,-1,1,1,-1,1,-1,1,-1,1,-1,1,1,-1,1,1,1,1,-1,1,-1,1,-1,1,1,-1,1,-1,1,-1,1,1,-1,1,1,1,1,1,-1,1,1,-1,1,1,1,1,-1,1,-1,1,-1,1,1,-1,1,1,-1,1,1,1,-1,1,1,-1,1,1,1,-1,1,-1,-1,1,1,-1,1,1,-1,1,-1,1,-1,1,1,1,-1,1,1,1,1,1,1,-1,1,1,-1,1,1,1,1,1,1,-1,1,1,1,-1,1,1,-1,1,1,-1,1,1,-1,1,1,1,1,-1,1,1,-1,1,1,-1,1,1,1,-1,1,1,-1,-1,1,-1,-1,1,1,-1,1,1,-1,-1,-1,-1,-1,1,1,1,-1,1,1,-1,1,1,1,-1,1,-1,1,1,1,-1,1,1,-1,-1,1,1,-1,-1,-1,1,-1,1,1,-1,1,-1,-1,-1,1,1,-1,-1,-1,1,-1,1,1,-1,-1,1,-1,-1,1,1,-1,-1,-1,1,-1,1,1,-1,-1,-1,-1,-1,1,-1,-1,-1,-1,-1,1,1,1,-1,-1,-1,1,-1,1,1,-1,-1,1,-1,1,1,1,1,-1,-1,-1,1,-1,-1,-1,-1,-1,-1,1,-1,1,-1,-1,-1,-1,1,-1,1,-1,-1,1,1,1,-1,1,-1,1,-1,1,-1,-1,1,1,-1,1,1,1,-1,1,1,-1,1,-1,1,-1,1,1,-1,1,1,-1,-1,-1,1,-1,1,-1,1,-1,-1,1,1,1,-1,1,-1,1,1,-1,-1,1,-1,-1,-1,1,-1,1,1,-1,1,1,1,1,1,-1,1,-1,1,1,1,1,-1,1,-1,-1,1,-1,1,-1,1,1,1,1,-1,1,1,-1,-1,-1,1,1,1,-1,1,1,1,1,1,1,-1,-1,1,1,1,1,1,-1,-1,1,1,1,1,1,1,-1,1,1,1,1,1,1,-1,1,1,1,1,1,-1,-1,1,-1,1,1,1,1,-1,1,1,1,1,1,-1,1,-1,1,1,-1,1,1,-1,1,1,-2654.0,1,2000,445,500,True
2525,-1,-1,1,1,1,1,-1,1,-1,-1,-1,1,-1,1,-1,-1,1,-1,1,1,-1,-1,-1,-1,-1,1,-1,-1,-1,-1,-1,-1,1,1,-1,-1,1,-1,-1,-1,1,-1,-1,-1,-1,-1,-1,-1,1,1,-1,-1,1,-1,1,-1,-1,1,-1,-1,-1,1,1,1,-1,-1,-1,-1,-1,-1,-1,1,-1,-1,-1,-1,-1,-1,1,-1,-1,1,1,-1,1,-1,-1,-1,-1,1,-1,-1,-1,-1,-1,-1,-1,1,1,1,-1,-1,-1,-1,1,1,-1,-1,-1,-1,-1,1,1,1,-1,-1,-1,-1,1,1,-1,-1,-1,-1,-1,1,1,-1,1,-1,-1,-1,-1,1,-1,1,-1,-1,-1,-1,1,-1,1,-1,-1,-1,1,1,1,-1,-1,-1,-1,-1,-1,1,-1,1,-1,-1,-1,1,1,1,-1,-1,1,-1,-1,1,-1,-1,-1,-1,-1,1,-1,1,-1,-1,-1,1,-1,1,-1,-1,-1,-1,-1,1,1,1,-1,1,-1,-1,-1,1,1,-1,-1,1,-1,-1,1,1,-1,-1,-1,-1,-1,1,1,-1,-1,1,-1,-1,1,1,-1,1,1,-1,-1,-1,1,1,-1,-1,-1,-1,1,1,-1,1,-1,-1,-1,1,1,-1,-1,1,-1,-1,1,1,-1,-1,-1,-1,-1,1,-1,1,-1,1,-1,-1,1,1,-1,-1,1,-1,1,-1,-1,-1,-1,1,1,-1,1,1,-1,1,-1,1,-1,-1,1,-1,1,-1,-1,1,-1,1,-1,-1,-1,-1,1,-1,-1,-1,-1,1,1,1,-1,-1,-1,1,-1,-1,1,1,-1,1,-1,-1,1,1,-1,-1,-1,1,-1,1,1,1,-1,-1,-1,-1,1,1,-1,1,-1,-1,1,1,1,-1,-1,-1,-1,1,-1,1,-1,-1,-1,-1,-1,1,1,-1,1,-1,-1,1,-1,1,-1,-1,-1,-1,-1,1,1,-1,-1,-1,-1,-1,1,-1,-1,-1,-1,-1,-1,1,-1,-1,1,-1,-1,1,1,-1,-1,1,1,-1,-1,1,1,-1,1,-1,-1,1,-1,1,-1,-1,-1,-1,-1,1,-1,-1,1,1,1,1,1,1,-1,1,-1,1,-1,1,-1,1,-1,-1,1,-1,1,-1,1,1,-1,-1,1,1,-1,-1,-1,1,-1,1,1,1,-1,1,-1,1,-1,1,-1,-1,1,-1,1,1,-1,1,-1,1,-1,1,1,1,-1,-1,1,1,1,1,-1,1,-1,-1,1,1,1,1,-1,-1,-1,1,1,1,1,1,-1,-1,1,-1,1,1,-1,1,-1,1,1,-1,1,1,-1,1,1,1,1,1,-1,-1,1,1,1,1,-1,1,-1,1,1,-1,1,-1,1,-1,1,1,-1,1,1,-1,-1,1,1,-1,1,-1,1,-1,-1,1,1,1,1,-1,1,-1,1,-1,1,1,1,-1,1,1,1,-1,1,1,-1,-1,1,-1,-1,1,1,1,-1,1,1,-1,1,1,-1,-1,1,1,-1,1,1,1,1,1,1,-1,1,1,1,-1,1,1,1,1,-1,-1,1,-1,-1,1,-1,1,-1,1,-1,1,-1,-1,-1,1,1,-1,1,1,-1,1,-1,1,-1,1,1,-1,1,-1,1,-1,-1,-1,-1,1,-1,1,-1,-1,-1,-1,1,-1,1,-1,1,1,1,1,-1,1,-1,1,1,-1,1,-1,1,-1,-1,1,-1,1,-1,-1,1,1,1,1,1,-1,1,1,1,1,-1,1,-1,-1,1,1,1,-1,-1,-1,-1,1,1,1,-1,-1,-1,1,-1,1,-1,1,1,-1,-1,1,1,1,-1,1,-1,-1,1,1,1,1,1,1,-1,1,1,1,1,-1,1,-1,1,-1,1,-1,1,1,-1,1,1,1,1,1,1,-1,1,-1,1,-1,1,1,-1,1,1,-1,1,1,1,-1,1,1,1,1,1,1,-1,1,1,-1,1,1,-1,-1,1,1,-1,1,1,-1,-1,1,-1,1,1,1,-1,-1,1,-1,1,1,1,1,-1,1,1,-1,1,1,-1,-1,1,-1,1,1,1,1,-1,1,-1,1,1,1,1,-1,1,-1,-1,1,1,1,-1,1,1,-1,-1,1,-1,1,1,1,-1,1,1,1,-1,1,-1,1,-1,1,1,-1,-1,1,-1,1,1,1,-1,1,1,-1,-1,1,1,1,1,1,-1,-1,1,1,1,1,1,-1,-1,1,1,1,1,1,-1,1,1,1,1,1,1,-1,-1,-1,1,1,1,1,-1,-1,1,1,1,-1,1,-1,-1,1,1,1,1,1,-1,-1,1,1,1,1,-1,1,-1,1,1,1,1,1,-1,-1,1,1,1,1,1,1,-1,-1,1,1,-1,1,-1,-1,1,1,1,-1,1,-1,1,1,1,1,1,1,-1,-1,-1,1,1,1,-1,1,-1,1,1,1,1,1,-1,-1,1,1,-1,1,-1,1,1,1,1,1,1,1,-1,-1,1,1,1,1,1,-1,1,1,1,1,1,1,-1,-1,-1,1,1,1,1,-1,1,-1,1,1,1,1,-1,-1,1,1,1,1,1,-1,1,-1,1,1,1,1,-1,-1,-1,1,-1,1,1,1,1,-1,1,1,1,1,-1,1,1,1,1,1,1,-1,1,1,1,1,1,-1,1,1,1,1,1,1,-1,-1,1,1,-1,1,1,1,-1,1,-1,1,-1,1,1,-1,1,-1,1,-1,-1,1,-1,1,-1,1,1,1,-1,-1,1,1,1,1,-1,1,-1,-1,-1,1,1,-1,1,1,-1,-1,1,-1,1,-1,-1,-1,1,1,1,1,-1,-1,-1,1,1,1,-1,1,1,-1,1,1,1,-1,1,1,-1,-1,1,1,-1,-1,-1,1,1,-1,1,1,-1,1,-1,-1,1,1,-1,-1,-1,1,1,-1,1,-1,-1,1,-1,1,1,1,-1,-1,1,1,1,1,1,1,-1,-1,-1,1,1,1,1,-1,1,-1,1,1,1,-1,-1,1,1,1,-1,1,1,-1,-1,-1,1,-1,1,-1,1,-1,1,1,-1,1,1,-1,-1,1,-2654.0,1,2000,445,500,True
2526,-1,-1,1,1,1,1,-1,1,-1,-1,-1,1,-1,-1,-1,-1,1,-1,1,-1,-1,-1,-1,-1,-1,1,-1,-1,-1,-1,-1,-1,1,-1,-1,-1,1,-1,-1,1,-1,-1,-1,-1,-1,-1,1,1,-1,1,-1,-1,-1,1,-1,1,-1,1,-1,-1,1,1,-1,1,-1,-1,-1,1,1,-1,-1,1,-1,-1,1,1,1,-1,1,-1,-1,1,1,-1,1,-1,-1,1,1,1,1,-1,-1,-1,1,1,-1,1,1,1,-1,1,1,1,-1,1,-1,-1,1,1,1,1,1,1,-1,1,1,1,1,1,-1,-1,1,1,1,1,1,1,-1,1,1,1,-1,1,-1,1,1,1,1,-1,1,-1,1,1,1,1,1,1,1,-1,1,1,1,1,-1,1,-1,1,1,1,-1,-1,1,-1,1,1,1,-1,1,-1,1,1,1,1,-1,1,-1,-1,1,1,-1,1,-1,1,1,1,1,-1,-1,1,1,1,1,1,-1,-1,-1,1,1,1,-1,1,-1,-1,1,1,1,1,1,-1,1,-1,1,1,-1,-1,-1,-1,1,1,1,1,1,-1,-1,-1,1,1,-1,1,-1,-1,1,1,1,1,1,-1,-1,1,1,1,-1,1,-1,-1,-1,1,1,-1,1,-1,-1,1,1,1,1,-1,-1,-1,1,1,-1,1,1,-1,1,-1,1,-1,1,-1,1,-1,1,1,1,1,-1,1,1,-1,1,1,-1,1,-1,1,-1,1,1,1,1,-1,1,-1,1,1,-1,1,1,1,-1,1,1,1,1,-1,1,1,-1,1,1,1,1,1,-1,-1,1,-1,1,1,-1,1,-1,1,1,-1,1,1,-1,-1,1,1,-1,1,1,-1,1,1,1,1,-1,1,-1,1,1,-1,-1,1,1,-1,1,-1,1,1,-1,1,-1,1,1,1,-1,1,1,-1,1,1,1,-1,1,-1,-1,1,1,1,-1,1,-1,-1,1,1,1,-1,1,-1,-1,-1,-1,1,-1,1,1,-1,1,1,1,-1,-1,1,-1,-1,-1,1,-1,1,-1,-1,1,-1,-1,-1,1,1,-1,1,-1,1,-1,1,-1,1,-1,1,1,1,1,-1,1,-1,1,1,-1,1,-1,-1,-1,-1,1,1,-1,1,-1,-1,1,-1,1,-1,-1,-1,1,-1,-1,1,-1,-1,-1,1,-1,1,1,-1,1,-1,1,1,-1,1,-1,1,-1,-1,1,-1,1,-1,1,-1,-1,1,-1,-1,1,1,-1,-1,-1,-1,1,1,1,1,-1,1,-1,1,-1,1,-1,1,1,-1,-1,-1,1,-1,1,1,-1,1,-1,-1,-1,1,-1,1,1,-1,-1,-1,1,-1,-1,1,-1,1,-1,1,-1,1,-1,1,-1,-1,1,-1,-1,1,-1,-1,-1,1,1,-1,1,-1,-1,-1,1,1,-1,-1,-1,1,-1,1,-1,-1,1,-1,-1,1,-1,1,-1,-1,1,-1,1,-1,1,1,-1,1,-1,-1,1,1,1,-1,1,-1,1,-1,1,-1,1,-1,-1,1,-1,1,-1,-1,1,1,1,1,-1,1,-1,1,-1,1,1,-1,1,1,1,1,-1,1,-1,1,-1,1,1,-1,1,-1,-1,1,1,1,-1,1,-1,-1,-1,1,1,-1,1,-1,1,1,1,-1,-1,1,-1,1,1,1,1,-1,1,-1,-1,-1,1,1,-1,-1,1,1,-1,-1,1,-1,-1,1,1,1,1,1,-1,1,1,1,1,-1,-1,-1,1,1,1,1,-1,-1,-1,1,-1,1,-1,1,1,-1,-1,1,1,1,-1,1,-1,-1,1,1,1,1,1,1,-1,1,1,1,-1,-1,1,-1,1,-1,1,1,1,1,-1,1,1,1,1,1,1,-1,1,-1,1,1,1,1,-1,1,1,-1,1,1,1,1,1,1,1,1,1,1,-1,-1,1,-1,1,1,-1,-1,-1,1,1,-1,1,1,-1,1,-1,1,1,1,-1,-1,1,-1,1,1,1,1,-1,-1,1,-1,1,1,-1,-1,1,-1,1,-1,1,1,-1,-1,-1,1,-1,1,1,-1,1,-1,-1,1,1,1,-1,-1,-1,1,-1,1,1,-1,-1,1,-1,-1,1,1,-1,-1,-1,1,-1,1,1,-1,-1,-1,1,-1,1,-1,1,-1,-1,1,-1,1,1,-1,1,1,1,-1,1,-1,-1,-1,1,-1,-1,1,-1,-1,-1,1,-1,1,1,-1,-1,-1,-1,-1,-1,1,-1,-1,-1,1,1,1,1,-1,1,-1,1,-1,-1,1,-1,-1,-1,1,-1,1,-1,-1,1,-1,1,-1,1,1,-1,1,-1,-1,1,1,1,-1,-1,-1,-1,-1,1,-1,-1,-1,1,-1,1,1,-1,-1,-1,1,-1,1,1,1,-1,1,1,-1,1,1,1,-1,1,-1,1,1,1,-1,-1,1,-1,-1,1,1,-1,-1,-1,1,-1,1,1,-1,1,1,-1,-1,1,1,-1,-1,1,1,-1,1,1,-1,-1,1,-1,-1,1,1,-1,-1,-1,1,-1,1,1,-1,-1,1,-1,-1,1,-1,1,-1,1,-1,1,-1,1,-1,-1,-1,-1,-1,1,1,-1,-1,-1,-1,1,1,1,1,-1,-1,-1,1,-1,1,-1,-1,-1,-1,1,-1,1,-1,-1,-1,-1,1,-1,1,-1,-1,1,1,1,-1,1,-1,1,-1,1,-1,-1,1,1,-1,-1,1,1,-1,1,1,-1,1,-1,1,-1,1,1,-1,1,1,-1,-1,-1,1,-1,1,-1,1,-1,-1,1,-1,1,-1,1,-1,1,1,-1,-1,1,-1,-1,-1,1,-1,1,1,-1,1,1,1,1,1,-1,1,-1,1,-1,1,1,-1,1,-1,-1,-1,-1,1,-1,1,1,1,-1,1,1,1,-1,1,-1,1,1,1,-1,1,1,1,1,-1,1,-1,-1,1,1,1,1,1,-1,-1,1,1,1,1,1,1,-1,1,1,1,1,1,1,-1,1,1,-1,-1,1,-1,-1,1,1,1,1,1,1,-1,1,1,1,-1,1,-1,1,-1,1,1,-1,1,1,-1,1,1,-2654.0,1,2000,445,500,True
2527,1,1,-1,-1,1,1,-1,1,1,1,1,-1,1,1,1,1,-1,1,-1,-1,-1,1,1,1,1,-1,-1,-1,1,1,1,1,1,-1,-1,1,-1,1,1,1,-1,-1,1,1,1,1,-1,-1,1,-1,1,1,-1,1,-1,-1,-1,-1,1,1,1,-1,-1,-1,1,1,1,-1,-1,-1,1,-1,1,1,1,-1,-1,1,-1,1,1,-1,-1,-1,-1,1,1,1,-1,1,-1,1,-1,1,1,-1,-1,1,-1,1,1,1,-1,-1,1,-1,-1,1,1,-1,-1,-1,-1,-1,1,1,-1,-1,1,-1,-1,1,1,1,-1,-1,-1,-1,1,1,1,-1,1,-1,-1,1,1,1,-1,1,-1,-1,1,1,1,-1,1,-1,-1,-1,1,1,-1,1,1,-1,1,1,1,-1,1,1,-1,-1,1,1,-1,1,1,-1,1,1,-1,-1,1,-1,-1,1,1,-1,1,-1,1,-1,1,1,-1,-1,-1,-1,-1,-1,1,-1,1,1,1,-1,-1,-1,1,-1,1,1,-1,-1,1,-1,-1,1,1,-1,1,1,-1,-1,1,1,-1,1,1,1,-1,-1,1,1,-1,1,-1,-1,1,1,-1,-1,1,1,-1,-1,1,-1,-1,1,-1,1,-1,1,1,-1,1,-1,1,-1,1,-1,1,1,1,1,-1,1,-1,-1,-1,1,-1,-1,1,1,1,-1,1,-1,-1,1,1,1,1,1,-1,-1,1,1,1,1,-1,1,-1,1,1,1,1,1,1,-1,1,-1,-1,1,-1,1,-1,1,1,1,1,1,-1,-1,1,1,1,-1,1,1,-1,1,1,1,1,-1,1,-1,1,-1,1,1,1,1,-1,1,1,1,1,1,-1,-1,1,1,1,1,1,-1,-1,1,1,1,1,-1,-1,1,1,1,-1,1,1,1,-1,1,1,1,1,1,-1,1,-1,1,1,1,1,-1,1,1,1,1,1,1,-1,1,1,1,-1,1,1,-1,1,1,1,-1,-1,1,-1,1,-1,1,-1,1,1,1,1,-1,1,1,-1,1,-1,1,1,-1,-1,-1,-1,-1,1,-1,1,-1,1,1,-1,1,1,-1,-1,1,1,1,1,1,-1,-1,1,1,-1,1,1,-1,-1,-1,1,1,1,-1,-1,-1,1,1,1,1,1,1,1,-1,-1,1,-1,1,-1,-1,1,-1,1,1,1,-1,1,1,-1,1,-1,-1,1,-1,1,-1,1,1,-1,-1,-1,1,-1,-1,1,-1,1,-1,1,-1,1,1,1,1,-1,1,-1,-1,1,-1,1,-1,1,-1,1,1,1,1,1,1,-1,1,-1,1,-1,1,-1,-1,1,-1,1,-1,1,-1,-1,1,-1,1,-1,1,-1,-1,1,-1,1,1,1,-1,-1,1,-1,1,1,-1,1,-1,1,1,1,-1,1,1,-1,-1,-1,1,-1,1,-1,-1,1,-1,1,1,1,1,-1,-1,1,1,-1,1,1,-1,-1,1,1,1,-1,1,1,-1,1,1,1,1,1,1,1,-1,1,1,-1,-1,1,1,-1,1,-1,-1,1,-1,1,-1,1,-1,-1,-1,1,-1,-1,1,1,-1,-1,-1,1,-1,-1,1,-1,-1,-1,1,-1,-1,1,-1,-1,1,1,-1,-1,1,-1,-1,-1,-1,1,1,1,-1,1,-1,-1,-1,-1,1,-1,-1,1,1,-1,-1,1,1,-1,-1,-1,-1,-1,1,1,-1,-1,1,-1,-1,1,1,-1,-1,1,-1,1,1,-1,-1,-1,-1,-1,1,1,-1,1,-1,-1,1,1,1,1,-1,1,-1,-1,-1,1,-1,1,1,-1,1,-1,1,1,-1,-1,1,1,1,1,1,-1,1,1,-1,-1,1,1,-1,-1,1,1,-1,1,1,-1,1,1,1,-1,1,1,1,-1,1,1,-1,1,1,-1,-1,1,1,-1,1,1,-1,-1,1,-1,-1,-1,-1,1,-1,1,-1,-1,1,-1,-1,1,-1,1,-1,1,1,-1,1,1,-1,-1,1,-1,-1,1,-1,-1,-1,1,1,-1,1,1,1,-1,-1,1,-1,1,1,-1,-1,-1,1,-1,1,1,-1,-1,-1,-1,-1,-1,1,-1,-1,-1,1,-1,1,-1,-1,-1,-1,-1,-1,1,-1,-1,-1,-1,1,1,-1,1,-1,-1,-1,1,-1,-1,1,-1,-1,-1,-1,-1,1,1,-1,-1,-1,-1,-1,1,-1,-1,-1,1,-1,-1,1,-1,1,-1,-1,-1,-1,-1,-1,-1,1,-1,-1,-1,1,1,-1,-1,-1,-1,1,-1,-1,-1,-1,-1,1,-1,1,1,1,-1,-1,-1,-1,1,-1,1,1,-1,1,-1,-1,1,1,-1,-1,-1,-1,-1,-1,1,1,-1,-1,1,-1,1,1,-1,-1,-1,1,-1,1,1,-1,-1,1,1,-1,1,1,1,-1,1,-1,1,1,1,-1,-1,1,-1,-1,1,1,1,1,-1,1,-1,1,1,1,-1,1,-1,-1,1,1,1,1,-1,1,-1,1,1,1,1,1,-1,-1,1,1,1,1,1,-1,-1,-1,1,1,1,-1,-1,-1,1,-1,1,1,1,-1,-1,-1,1,-1,1,1,-1,-1,1,1,1,1,1,-1,1,1,1,1,1,1,-1,1,-1,1,1,1,1,-1,1,-1,1,1,1,-1,1,-1,1,1,1,1,1,1,1,-1,1,1,-1,1,1,-1,-1,1,1,1,1,-1,1,-1,1,1,1,1,1,1,-1,1,1,1,1,1,-1,-1,-1,1,1,-1,1,1,-1,-1,1,1,-1,1,-1,1,-1,1,1,1,-1,1,-1,-1,1,-1,1,1,-1,1,-1,1,1,-1,1,1,-1,1,1,-1,1,1,-1,-1,-1,1,-1,1,1,1,-1,1,1,-1,1,1,-1,1,-1,-1,-1,1,1,-1,-1,1,1,-1,1,1,-1,1,1,1,-1,1,1,-1,1,1,1,-1,-1,1,-1,-1,1,1,-1,1,1,-1,1,1,1,-1,-1,1,-1,1,1,1,1,-1,1,-1,-1,1,1,-1,1,1,1,-1,1,1,1,-1,1,-1,-1,1,-2654.0,1,2000,445,500,True
2528,-1,-1,1,1,1,1,-1,1,-1,-1,-1,1,-1,1,-1,-1,1,-1,1,1,-1,1,-1,-1,-1,1,-1,-1,1,-1,-1,-1,1,1,-1,-1,1,-1,-1,-1,1,-1,-1,-1,-1,-1,1,1,-1,1,-1,-1,1,1,1,-1,1,-1,1,-1,1,1,1,1,-1,1,-1,1,1,-1,1,-1,-1,-1,1,-1,-1,-1,1,-1,-1,1,1,-1,1,-1,-1,1,1,1,-1,1,-1,1,-1,1,-1,1,1,1,1,1,1,-1,1,1,-1,1,1,1,-1,1,1,-1,1,1,1,-1,1,1,-1,1,1,1,-1,1,1,-1,1,1,-1,-1,1,1,-1,1,1,1,-1,-1,1,-1,1,1,1,-1,1,1,1,-1,1,1,-1,-1,-1,1,-1,1,1,-1,1,-1,1,1,1,1,-1,1,1,-1,1,1,1,-1,1,1,-1,1,1,-1,1,-1,-1,1,1,1,-1,1,1,1,1,1,1,1,1,1,-1,1,1,1,-1,1,1,-1,1,1,1,1,-1,1,1,-1,1,1,1,1,1,-1,1,1,1,-1,-1,1,-1,-1,1,1,-1,-1,1,-1,-1,1,1,-1,-1,1,-1,1,1,-1,1,1,1,-1,1,1,1,-1,-1,1,-1,1,1,1,-1,1,1,-1,1,1,1,-1,1,-1,-1,1,1,1,-1,1,-1,-1,1,1,1,-1,1,-1,1,1,1,1,1,-1,1,1,1,1,1,-1,-1,1,1,-1,1,1,1,-1,-1,1,1,1,1,-1,1,-1,1,1,-1,1,-1,-1,-1,1,1,1,1,-1,1,-1,1,-1,1,1,1,1,-1,1,1,1,1,1,-1,-1,1,1,1,1,-1,1,-1,1,1,1,1,1,-1,1,1,1,1,-1,1,-1,-1,1,1,1,1,1,1,1,1,1,1,1,1,1,1,-1,1,1,1,1,1,1,-1,1,1,1,1,1,1,-1,1,-1,-1,1,-1,1,1,-1,1,1,1,1,1,1,-1,1,-1,1,1,-1,-1,-1,1,-1,-1,-1,1,1,-1,1,-1,1,-1,1,-1,1,-1,1,1,1,1,-1,1,-1,1,1,-1,1,-1,-1,-1,-1,1,1,1,1,-1,-1,1,-1,1,1,-1,-1,1,-1,-1,1,-1,1,-1,1,-1,1,1,1,-1,-1,1,1,-1,1,-1,1,-1,-1,1,-1,1,-1,-1,-1,-1,1,-1,-1,1,1,-1,-1,1,-1,1,1,-1,1,-1,1,-1,1,-1,1,-1,-1,1,-1,-1,-1,-1,-1,1,1,-1,1,-1,1,-1,1,-1,1,1,1,1,-1,1,-1,-1,1,-1,-1,-1,1,-1,1,-1,-1,1,-1,1,-1,-1,1,-1,-1,1,-1,1,-1,-1,-1,1,-1,1,1,-1,-1,-1,1,-1,1,-1,-1,1,-1,1,1,1,1,-1,-1,1,1,-1,1,1,-1,-1,1,1,1,-1,1,1,-1,1,1,1,1,1,1,1,-1,-1,1,-1,1,-1,1,-1,-1,1,1,-1,1,-1,-1,-1,1,1,-1,1,1,-1,-1,-1,1,-1,1,1,-1,-1,-1,1,-1,-1,-1,-1,1,-1,1,-1,-1,-1,-1,-1,-1,1,-1,1,1,1,1,-1,1,-1,1,1,-1,1,-1,1,-1,-1,1,-1,1,-1,-1,1,1,1,1,1,1,-1,1,-1,1,-1,1,-1,1,-1,-1,1,-1,-1,-1,1,-1,1,1,-1,1,-1,1,1,1,-1,1,1,-1,-1,-1,1,1,-1,1,-1,-1,1,1,1,1,1,1,1,-1,-1,1,1,1,1,-1,-1,1,1,-1,1,1,-1,-1,-1,1,1,1,1,-1,-1,-1,1,1,1,1,-1,1,-1,-1,1,1,1,1,-1,-1,1,1,1,1,-1,1,-1,1,-1,1,-1,-1,1,-1,1,-1,1,-1,-1,-1,-1,1,1,1,-1,-1,-1,-1,1,-1,-1,1,-1,-1,1,-1,-1,1,-1,-1,-1,-1,1,1,1,-1,-1,-1,-1,1,-1,1,-1,-1,-1,-1,1,-1,1,-1,1,-1,-1,-1,-1,1,-1,-1,-1,1,-1,-1,1,1,-1,-1,1,-1,-1,1,-1,-1,-1,-1,1,-1,1,-1,1,-1,-1,1,-1,1,1,-1,1,1,1,-1,1,-1,-1,-1,1,-1,-1,-1,-1,-1,-1,1,-1,1,1,-1,-1,-1,-1,-1,-1,1,-1,-1,-1,1,1,1,1,-1,1,-1,1,-1,-1,1,-1,-1,-1,1,-1,1,1,-1,1,-1,1,-1,1,1,-1,1,-1,-1,1,1,1,-1,-1,-1,-1,-1,1,-1,-1,-1,1,-1,1,1,-1,-1,-1,-1,-1,1,1,1,-1,-1,1,-1,1,1,-1,1,-1,-1,1,1,1,-1,-1,1,-1,-1,1,-1,-1,-1,1,-1,-1,1,1,-1,1,-1,1,-1,1,1,-1,-1,1,1,-1,1,1,-1,-1,1,1,-1,1,1,-1,1,1,-1,-1,1,1,-1,-1,1,1,-1,1,-1,-1,-1,1,1,-1,-1,1,-1,1,-1,1,-1,1,1,-1,1,-1,1,-1,1,1,-1,1,1,1,-1,-1,1,-1,1,1,-1,1,-1,1,-1,1,1,-1,1,-1,1,1,1,-1,-1,1,-1,1,1,-1,1,-1,-1,-1,1,-1,1,-1,1,-1,-1,1,-1,1,-1,-1,-1,-1,1,-1,1,-1,-1,-1,-1,-1,1,1,-1,1,-1,-1,1,-1,1,-1,1,1,-1,1,-1,1,1,1,1,-1,-1,1,1,-1,-1,1,1,1,1,1,-1,1,-1,-1,1,1,-1,-1,1,-1,-1,-1,-1,1,-1,1,-1,1,1,1,-1,-1,-1,-1,-1,-1,-1,-1,-1,1,-1,1,1,1,-1,1,1,-1,1,1,1,1,-1,1,-1,1,1,1,1,-1,1,-1,1,1,1,1,-1,1,-1,1,1,1,1,-1,1,-1,1,1,1,-1,-1,1,-1,-1,1,1,-1,-1,-1,1,-1,1,1,1,-1,1,-1,-1,1,-2654.0,1,2000,445,1500,True
2529,-1,-1,1,1,1,1,-1,1,-1,-1,-1,1,-1,1,-1,-1,1,-1,1,1,1,1,-1,-1,-1,1,-1,-1,-1,-1,-1,-1,1,1,-1,1,1,-1,-1,-1,1,-1,1,-1,-1,-1,-1,-1,1,-1,1,-1,1,-1,1,-1,-1,1,-1,-1,-1,1,1,1,-1,-1,-1,-1,-1,-1,1,-1,-1,-1,-1,-1,1,1,-1,-1,-1,1,1,-1,-1,-1,-1,-1,-1,1,-1,-1,-1,-1,-1,-1,-1,1,-1,1,-1,-1,-1,-1,1,-1,-1,-1,-1,-1,-1,1,-1,1,-1,-1,-1,-1,1,-1,-1,-1,-1,-1,-1,1,-1,-1,1,-1,-1,-1,1,-1,-1,-1,-1,-1,-1,1,-1,-1,-1,-1,-1,-1,-1,-1,-1,-1,-1,-1,-1,1,1,-1,1,-1,-1,-1,1,-1,-1,-1,-1,-1,-1,1,1,-1,-1,-1,-1,-1,1,-1,-1,-1,-1,-1,1,-1,1,-1,-1,-1,-1,1,1,-1,-1,1,-1,-1,1,1,1,1,-1,-1,-1,1,1,1,-1,1,-1,-1,-1,1,1,-1,1,-1,1,1,1,1,1,1,-1,1,1,1,1,1,1,-1,-1,-1,1,1,-1,1,-1,1,-1,1,1,1,1,-1,1,1,1,1,1,1,-1,-1,1,1,1,1,1,1,1,1,1,1,1,1,-1,1,1,-1,1,-1,-1,-1,1,1,-1,1,1,-1,-1,1,1,-1,1,-1,1,-1,1,1,1,1,1,1,-1,1,1,1,1,1,-1,-1,-1,1,-1,1,-1,-1,-1,1,1,-1,1,1,1,-1,-1,1,1,1,-1,-1,-1,1,1,-1,-1,1,-1,-1,1,1,-1,1,-1,-1,-1,1,1,-1,1,-1,-1,-1,1,-1,1,1,-1,-1,1,-1,-1,1,1,-1,1,1,-1,1,-1,1,-1,1,1,1,-1,1,1,-1,-1,1,1,-1,1,-1,-1,-1,1,1,-1,1,-1,-1,1,-1,1,-1,1,-1,-1,1,-1,1,-1,1,1,-1,1,-1,1,1,1,1,-1,-1,1,1,-1,1,-1,-1,1,1,-1,-1,1,1,-1,1,-1,1,-1,1,-1,1,1,-1,1,1,1,-1,1,1,-1,1,-1,1,-1,-1,1,-1,1,1,1,1,-1,1,1,1,1,1,-1,-1,1,-1,-1,1,-1,1,-1,-1,1,-1,1,1,-1,-1,-1,1,-1,1,-1,1,-1,-1,1,-1,1,1,-1,-1,-1,1,-1,-1,1,1,-1,-1,1,-1,1,1,-1,1,-1,1,-1,-1,1,1,-1,-1,-1,-1,1,1,-1,1,-1,1,-1,1,-1,1,-1,-1,1,-1,1,-1,1,-1,-1,-1,-1,1,-1,-1,-1,-1,-1,-1,1,1,1,-1,1,-1,-1,1,-1,-1,1,-1,-1,-1,1,-1,1,-1,1,-1,-1,-1,-1,1,-1,1,-1,-1,1,-1,1,1,1,-1,-1,-1,1,1,-1,1,-1,-1,-1,1,1,1,-1,1,1,-1,1,1,1,1,1,-1,1,-1,1,1,-1,1,-1,1,-1,-1,1,-1,-1,1,-1,-1,1,-1,-1,-1,1,1,-1,1,1,-1,-1,1,-1,-1,-1,1,-1,-1,-1,-1,-1,1,1,-1,-1,-1,-1,-1,1,1,-1,-1,1,1,1,-1,1,-1,-1,1,1,-1,1,1,-1,-1,-1,1,-1,-1,1,1,-1,1,1,1,1,1,-1,1,1,1,-1,1,1,1,-1,1,1,-1,1,1,-1,1,1,1,-1,1,1,-1,-1,1,-1,1,-1,1,-1,1,1,1,-1,1,1,-1,1,1,1,1,1,1,1,1,1,1,1,1,1,-1,1,-1,1,-1,1,1,1,1,1,1,1,1,1,-1,1,-1,1,1,1,1,1,-1,1,-1,1,1,1,1,1,1,1,1,1,1,-1,1,1,-1,-1,1,-1,-1,1,1,1,-1,1,1,-1,1,-1,-1,1,1,1,-1,1,-1,1,-1,1,1,-1,1,-1,1,-1,1,1,-1,1,-1,1,1,1,1,-1,1,-1,1,-1,1,1,-1,1,-1,1,-1,1,1,1,1,1,1,1,1,1,-1,1,-1,1,1,1,1,1,1,-1,1,-1,1,1,-1,1,1,-1,1,1,1,-1,1,1,-1,1,1,1,1,1,-1,-1,1,1,1,1,1,-1,1,-1,1,-1,1,1,1,-1,1,1,1,1,1,1,-1,1,1,1,1,1,1,1,1,1,1,1,1,1,-1,1,1,1,1,1,-1,1,1,1,1,1,1,1,-1,1,1,1,1,1,-1,1,1,1,1,1,1,-1,-1,1,-1,1,1,1,-1,1,1,1,1,1,-1,-1,1,1,1,1,1,1,-1,1,1,-1,1,1,-1,1,1,1,1,1,1,-1,-1,1,1,1,1,-1,1,-1,1,1,1,1,-1,-1,-1,1,1,1,1,-1,1,-1,1,1,1,1,1,-1,-1,1,1,-1,1,1,-1,-1,-1,1,-1,1,-1,-1,-1,1,-1,-1,1,1,-1,-1,-1,1,-1,1,1,-1,-1,1,1,-1,1,1,-1,1,1,1,-1,1,1,-1,1,-1,1,1,1,1,-1,1,-1,1,1,1,-1,1,-1,1,1,1,1,-1,1,1,-1,1,1,-1,1,1,-1,-1,1,-1,1,1,-1,1,-1,1,-1,1,-1,-1,1,-1,1,-1,1,-1,1,-1,-1,-1,1,1,-1,-1,1,-1,-1,-1,1,-1,-1,1,-1,-1,-1,1,1,-1,1,-1,-1,1,1,-1,-1,-1,1,-1,1,-1,-1,1,1,-1,1,1,-1,-1,1,-1,-1,-1,-1,1,-1,1,1,-1,1,-1,1,-1,-1,-1,1,-1,-1,-1,-1,1,-1,-1,1,1,-1,1,1,-1,1,1,-1,-1,-1,1,-1,1,1,1,1,-1,1,-1,-1,1,1,-1,-1,1,-1,1,1,1,-1,-1,1,-1,1,1,-1,-1,-1,1,-1,-1,1,1,-1,-1,-1,1,-1,1,-1,1,-1,1,-1,-1,1,-2654.0,1,2000,445,1500,True
2530,1,1,-1,-1,1,1,-1,1,1,1,1,-1,-1,1,1,1,-1,1,-1,-1,-1,1,1,1,1,1,-1,-1,1,1,1,1,-1,-1,-1,1,-1,1,1,1,-1,-1,1,1,1,1,1,1,-1,-1,1,1,-1,1,-1,-1,1,-1,1,1,1,-1,-1,-1,1,1,1,1,1,-1,1,-1,1,1,1,1,1,1,1,1,1,-1,1,-1,-1,1,1,1,1,-1,-1,1,-1,1,1,1,1,1,-1,-1,1,1,1,1,1,-1,-1,1,1,1,1,-1,-1,-1,1,1,1,1,1,-1,-1,1,1,1,1,-1,-1,-1,1,1,1,1,1,-1,-1,1,1,1,1,1,-1,-1,-1,1,1,1,-1,-1,-1,-1,1,1,1,1,1,-1,-1,1,1,1,1,1,-1,-1,1,1,-1,1,1,-1,1,1,1,1,1,-1,-1,1,1,1,1,-1,1,-1,1,1,1,1,1,-1,-1,-1,1,1,1,1,1,-1,-1,1,-1,-1,1,1,-1,-1,1,1,1,1,1,-1,1,1,1,-1,1,1,-1,1,1,-1,1,1,1,1,-1,1,-1,1,1,1,-1,-1,1,-1,1,1,1,-1,-1,1,-1,-1,1,1,1,-1,1,-1,1,1,1,-1,1,1,-1,1,1,1,-1,-1,1,1,1,-1,1,1,1,1,1,1,-1,1,1,1,1,1,1,-1,1,1,1,1,1,1,1,1,1,1,1,1,1,1,1,-1,-1,1,1,1,-1,1,1,1,1,1,1,-1,1,1,1,-1,1,1,1,1,1,1,1,-1,1,-1,1,-1,1,1,1,1,-1,1,1,1,1,1,1,1,1,1,1,1,1,-1,-1,1,1,1,1,1,-1,1,1,1,-1,1,1,1,-1,1,1,-1,1,1,-1,1,1,-1,1,1,1,1,1,1,1,-1,1,1,-1,1,1,1,-1,1,1,-1,1,1,1,1,-1,1,-1,1,-1,1,-1,1,1,1,-1,-1,1,1,-1,1,1,1,1,1,-1,-1,-1,-1,1,1,1,-1,1,1,-1,1,1,-1,1,-1,1,1,1,1,-1,-1,1,1,-1,1,1,1,1,-1,1,1,1,-1,1,-1,1,-1,1,1,1,1,-1,-1,-1,1,-1,1,1,-1,1,-1,1,1,1,1,1,-1,-1,1,-1,-1,1,-1,1,-1,1,-1,-1,1,1,1,-1,-1,1,-1,1,1,-1,-1,1,1,1,-1,1,-1,-1,1,-1,-1,1,-1,-1,-1,-1,-1,1,1,-1,1,-1,1,-1,-1,1,-1,-1,1,1,-1,1,1,-1,-1,-1,1,-1,1,1,-1,-1,1,-1,-1,-1,1,1,-1,-1,1,-1,1,-1,1,-1,-1,-1,-1,-1,-1,1,-1,-1,-1,-1,1,-1,1,-1,-1,1,-1,-1,1,1,-1,-1,-1,1,-1,1,1,-1,-1,-1,1,-1,-1,1,1,1,-1,1,-1,1,-1,1,1,1,-1,1,1,-1,-1,1,1,1,1,-1,-1,1,-1,1,1,1,-1,-1,-1,1,-1,1,-1,1,-1,-1,-1,1,1,-1,1,-1,-1,-1,1,1,-1,1,-1,-1,1,1,1,-1,1,-1,-1,-1,-1,1,1,1,-1,1,-1,-1,1,-1,1,-1,1,1,-1,1,-1,1,1,-1,-1,-1,-1,-1,1,1,-1,-1,-1,1,-1,-1,1,-1,-1,-1,1,1,1,-1,-1,-1,-1,-1,1,1,-1,1,-1,-1,1,1,1,1,-1,-1,-1,-1,-1,1,-1,1,-1,-1,1,-1,1,1,-1,1,-1,-1,1,1,1,-1,1,-1,1,-1,1,1,-1,1,-1,-1,-1,1,1,-1,1,-1,1,-1,1,1,-1,-1,1,-1,-1,1,1,-1,-1,-1,1,-1,1,1,-1,-1,1,-1,-1,1,-1,1,-1,1,-1,-1,1,-1,-1,1,-1,1,-1,1,1,-1,1,-1,1,-1,1,-1,1,-1,1,-1,-1,1,1,-1,1,-1,-1,-1,-1,1,-1,1,-1,1,-1,-1,1,-1,1,1,-1,-1,-1,-1,1,1,1,1,-1,-1,1,-1,-1,1,1,-1,-1,-1,-1,1,-1,1,-1,-1,1,1,-1,1,1,-1,-1,1,-1,-1,1,1,-1,-1,-1,-1,1,-1,1,-1,-1,-1,-1,-1,1,-1,-1,1,-1,-1,1,-1,1,-1,-1,-1,-1,-1,1,1,1,-1,-1,-1,1,1,1,-1,-1,-1,1,-1,-1,1,-1,-1,-1,-1,1,1,1,-1,-1,1,-1,1,-1,1,1,-1,1,-1,-1,1,1,-1,-1,-1,-1,-1,-1,1,1,-1,-1,1,-1,1,1,-1,-1,-1,-1,-1,1,1,-1,-1,-1,1,-1,1,1,1,-1,-1,-1,1,1,1,-1,-1,1,-1,-1,1,1,-1,-1,-1,-1,-1,1,1,-1,1,-1,-1,-1,1,1,-1,-1,1,-1,-1,1,1,-1,-1,1,-1,-1,1,1,1,-1,-1,-1,-1,1,1,-1,-1,1,-1,-1,1,-1,1,-1,-1,-1,-1,-1,1,1,-1,-1,1,-1,1,1,1,-1,1,-1,-1,1,1,1,-1,-1,-1,-1,-1,1,-1,-1,-1,-1,1,-1,1,-1,-1,-1,-1,1,-1,1,-1,-1,-1,-1,1,-1,1,-1,1,-1,1,-1,-1,1,1,-1,1,-1,1,-1,1,1,-1,1,-1,1,-1,1,1,-1,-1,1,-1,-1,-1,1,-1,1,-1,1,-1,1,1,-1,1,-1,1,-1,1,1,-1,1,-1,1,-1,-1,1,-1,-1,-1,-1,1,1,1,-1,-1,1,1,-1,1,1,-1,-1,1,1,-1,-1,1,1,-1,1,1,1,1,1,1,-1,-1,-1,1,-1,-1,-1,-1,1,-1,1,1,1,-1,1,1,-1,1,1,1,-1,-1,1,-1,1,1,1,-1,-1,1,-1,1,1,1,-1,-1,1,-1,1,1,1,-1,-1,1,-1,1,1,1,1,-1,1,-1,-1,1,1,-1,-1,-1,1,-1,1,-1,1,-1,1,-1,-1,1,-2654.0,1,2000,445,1000,True
2531,-1,-1,1,1,1,1,-1,1,-1,-1,-1,1,-1,1,-1,-1,1,-1,1,1,-1,1,-1,-1,-1,1,-1,-1,-1,-1,-1,-1,1,1,-1,1,1,-1,-1,-1,1,-1,1,-1,-1,-1,1,-1,1,-1,-1,-1,1,-1,1,-1,-1,1,-1,-1,-1,1,1,1,-1,-1,-1,-1,-1,-1,1,-1,-1,-1,-1,-1,-1,1,-1,-1,-1,1,1,-1,-1,-1,-1,-1,-1,1,-1,-1,-1,-1,-1,-1,-1,1,-1,1,-1,-1,-1,-1,1,-1,-1,-1,-1,-1,-1,1,-1,-1,-1,-1,-1,-1,1,-1,-1,1,-1,-1,-1,1,-1,-1,1,-1,-1,-1,1,-1,-1,1,-1,-1,-1,-1,-1,-1,1,-1,-1,-1,1,-1,-1,-1,-1,-1,-1,-1,1,-1,1,1,-1,-1,1,-1,-1,-1,-1,-1,-1,1,1,-1,-1,-1,-1,-1,1,-1,-1,1,-1,-1,1,-1,1,-1,-1,-1,-1,1,1,-1,-1,1,-1,1,1,1,1,-1,1,-1,-1,1,1,1,-1,1,-1,-1,-1,1,1,-1,1,-1,-1,1,1,1,-1,1,1,1,1,1,1,1,-1,1,-1,-1,1,1,-1,-1,1,1,-1,1,1,-1,-1,1,-1,1,1,1,1,-1,1,-1,-1,1,1,-1,1,1,-1,1,1,1,-1,-1,1,-1,1,-1,1,1,1,1,-1,1,-1,1,1,-1,1,-1,1,-1,1,1,1,1,1,-1,1,1,1,1,1,-1,-1,1,1,-1,-1,1,-1,1,-1,1,1,-1,-1,1,-1,-1,1,1,1,-1,-1,-1,1,1,1,1,-1,1,-1,-1,1,-1,1,-1,-1,-1,1,1,1,1,-1,-1,1,1,1,1,-1,-1,-1,-1,1,1,1,-1,-1,-1,-1,1,1,1,-1,1,-1,1,-1,1,1,-1,-1,-1,-1,1,1,-1,1,-1,-1,-1,1,1,1,1,-1,-1,-1,1,1,1,-1,1,-1,1,1,1,1,1,1,-1,-1,1,-1,1,-1,1,-1,-1,-1,-1,1,1,1,-1,-1,1,1,1,-1,-1,1,1,1,1,1,-1,1,1,-1,1,1,-1,1,-1,1,-1,1,1,-1,1,1,-1,1,1,1,1,1,1,1,-1,-1,-1,1,1,-1,1,-1,1,1,1,-1,1,-1,1,-1,1,1,-1,1,1,-1,1,1,1,1,1,1,1,-1,-1,1,-1,-1,1,-1,-1,-1,1,1,-1,1,-1,1,-1,1,1,1,-1,1,-1,1,-1,1,-1,1,-1,1,-1,1,1,1,1,-1,-1,1,-1,1,-1,1,-1,1,1,1,-1,1,-1,-1,1,1,1,-1,1,-1,-1,-1,1,1,1,-1,1,-1,1,-1,1,-1,1,-1,1,-1,1,1,1,-1,-1,1,-1,-1,1,1,-1,-1,-1,-1,1,1,-1,1,-1,1,-1,-1,1,-1,1,-1,-1,-1,-1,1,-1,1,1,-1,1,-1,-1,1,1,1,-1,1,-1,1,-1,1,1,1,-1,1,1,-1,-1,1,1,1,-1,1,-1,1,-1,1,1,1,-1,-1,-1,-1,-1,1,1,1,-1,-1,-1,1,1,-1,1,-1,-1,-1,1,1,1,1,-1,-1,1,1,1,1,1,-1,-1,-1,-1,1,-1,1,-1,1,-1,-1,1,1,1,-1,1,1,-1,1,-1,1,1,-1,-1,-1,-1,1,1,1,-1,-1,-1,-1,1,1,1,-1,-1,-1,1,1,1,-1,-1,-1,-1,1,1,1,-1,1,-1,1,-1,1,1,1,-1,-1,-1,-1,1,1,-1,1,-1,-1,1,1,1,1,-1,1,-1,-1,1,1,1,-1,1,-1,-1,1,1,1,-1,1,-1,-1,1,-1,1,-1,1,-1,-1,1,1,1,1,-1,1,-1,1,1,1,-1,-1,-1,-1,1,1,-1,1,-1,1,1,1,-1,-1,1,-1,1,1,1,1,-1,-1,1,1,1,1,-1,1,-1,1,-1,1,1,1,-1,1,-1,-1,1,1,-1,1,-1,1,-1,1,1,1,1,1,1,-1,1,1,-1,1,-1,1,-1,1,1,1,-1,1,1,-1,-1,1,-1,1,1,-1,1,1,1,1,-1,-1,1,-1,1,1,1,-1,1,-1,1,-1,1,1,-1,1,1,-1,1,1,1,1,-1,-1,1,-1,1,1,-1,1,-1,1,-1,1,1,-1,1,-1,1,1,1,1,-1,1,-1,1,-1,1,1,-1,1,-1,-1,-1,1,1,1,1,-1,1,1,1,1,-1,1,1,-1,-1,1,1,-1,1,-1,1,-1,1,1,1,-1,1,-1,1,1,1,1,-1,1,-1,1,-1,1,1,-1,1,-1,-1,1,1,1,-1,1,-1,1,1,1,1,1,1,-1,1,-1,1,-1,1,-1,-1,1,1,1,1,1,1,-1,1,1,1,-1,1,-1,1,1,1,1,1,1,1,-1,1,1,1,1,1,1,1,1,1,1,1,1,1,-1,1,-1,1,1,1,1,-1,1,1,1,1,1,1,1,-1,-1,1,1,1,1,-1,1,-1,1,1,1,1,-1,1,-1,1,-1,1,1,1,1,-1,1,1,1,1,-1,1,1,1,1,1,1,-1,1,1,1,1,1,1,1,1,1,1,-1,1,-1,1,1,1,-1,1,1,1,1,1,-1,1,-1,1,1,1,1,-1,1,-1,-1,1,-1,1,-1,1,-1,1,-1,1,1,1,1,-1,-1,1,1,-1,-1,1,-1,-1,1,1,-1,-1,1,1,-1,-1,-1,1,1,1,-1,-1,-1,-1,1,1,1,-1,1,1,1,1,1,-1,-1,1,1,1,1,-1,1,-1,1,-1,1,1,1,-1,-1,-1,-1,-1,-1,-1,-1,-1,-1,-1,1,1,1,-1,1,1,-1,-1,1,1,1,-1,1,-1,1,1,1,1,-1,1,-1,1,1,1,1,-1,1,-1,1,1,1,1,-1,1,-1,1,-1,1,-1,-1,1,-1,-1,1,1,-1,-1,-1,-1,1,1,-1,1,-1,1,-1,-1,1,-2654.0,1,2000,445,1000,True
2532,1,1,1,1,1,1,-1,1,1,-1,-1,1,-1,1,1,1,1,-1,1,1,-1,1,1,-1,-1,1,-1,-1,1,1,-1,-1,1,1,-1,1,-1,1,-1,-1,1,-1,1,1,1,-1,-1,1,-1,1,1,1,1,-1,1,-1,1,-1,1,-1,-1,1,1,1,1,1,-1,-1,-1,-1,1,-1,1,1,-1,-1,-1,-1,1,-1,-1,1,1,-1,-1,1,1,-1,-1,1,-1,1,-1,1,-1,-1,-1,1,-1,1,1,1,-1,-1,1,1,-1,1,1,-1,-1,1,-1,-1,1,1,-1,-1,1,1,-1,1,1,-1,-1,1,-1,-1,1,1,-1,-1,-1,-1,-1,1,1,1,-1,-1,1,-1,-1,1,1,-1,1,-1,-1,1,1,-1,-1,-1,1,-1,1,1,1,-1,-1,-1,-1,1,1,1,-1,-1,1,1,1,1,-1,-1,-1,-1,1,1,1,-1,-1,1,-1,1,1,1,-1,-1,-1,-1,1,-1,1,-1,-1,-1,-1,1,-1,1,-1,1,-1,-1,1,-1,1,-1,-1,-1,-1,1,-1,1,1,-1,-1,-1,1,-1,1,1,-1,-1,-1,-1,1,1,-1,-1,-1,-1,1,1,-1,1,-1,-1,-1,1,-1,1,1,1,-1,-1,1,1,1,-1,1,-1,-1,1,1,1,1,-1,-1,-1,1,-1,1,1,-1,-1,1,-1,1,1,1,-1,1,-1,-1,1,1,1,-1,1,1,-1,-1,1,1,-1,-1,1,-1,-1,1,1,1,-1,1,-1,1,1,-1,1,1,1,-1,1,1,1,1,-1,1,1,-1,1,1,1,1,1,-1,-1,1,-1,1,1,1,1,-1,1,1,-1,1,1,-1,-1,1,1,-1,1,1,-1,-1,1,1,1,-1,1,-1,-1,1,-1,-1,1,1,-1,1,-1,1,1,-1,1,-1,1,1,1,-1,1,1,-1,1,1,1,-1,1,-1,-1,1,1,1,-1,1,-1,-1,1,-1,1,1,1,-1,-1,-1,-1,1,-1,1,1,-1,1,-1,1,-1,-1,1,-1,-1,1,1,-1,1,-1,-1,1,-1,-1,-1,1,1,-1,1,-1,1,-1,1,-1,1,-1,-1,1,-1,1,1,-1,1,-1,-1,1,1,-1,-1,-1,-1,1,1,1,1,-1,-1,1,-1,-1,1,-1,-1,1,-1,-1,1,-1,1,-1,-1,1,-1,-1,1,-1,-1,1,1,-1,1,-1,1,-1,-1,1,-1,1,-1,-1,-1,-1,1,-1,-1,1,1,-1,-1,1,-1,1,1,-1,1,-1,1,-1,1,-1,1,-1,-1,1,-1,-1,-1,-1,-1,1,1,-1,1,-1,1,-1,1,-1,1,1,-1,1,-1,1,-1,-1,-1,-1,-1,-1,1,-1,1,-1,-1,1,-1,1,-1,-1,1,-1,-1,1,-1,1,-1,-1,1,1,-1,1,1,-1,-1,1,1,-1,1,-1,-1,1,-1,1,1,1,1,-1,-1,-1,1,-1,1,1,1,-1,-1,1,1,-1,1,1,-1,1,1,1,1,-1,-1,1,-1,-1,1,-1,1,-1,1,-1,-1,1,1,-1,1,-1,-1,-1,1,1,-1,1,1,-1,1,-1,1,-1,1,1,-1,-1,-1,1,-1,-1,-1,-1,-1,1,1,-1,-1,-1,-1,-1,1,1,-1,1,1,1,1,1,1,-1,1,1,-1,-1,1,1,-1,-1,1,-1,-1,1,1,1,1,1,1,-1,1,-1,1,1,1,-1,-1,-1,1,1,1,1,-1,1,1,-1,1,1,1,-1,1,1,1,-1,1,-1,1,1,1,-1,1,1,1,-1,-1,1,1,1,1,1,1,-1,1,-1,1,1,1,1,1,1,-1,1,-1,1,-1,-1,1,-1,1,1,1,1,-1,1,-1,1,1,1,1,-1,1,-1,1,1,-1,1,-1,1,-1,1,1,1,1,-1,1,1,-1,1,1,-1,-1,-1,1,-1,1,1,-1,1,-1,1,1,-1,1,1,-1,1,1,1,-1,1,-1,-1,-1,1,-1,1,-1,-1,-1,1,-1,1,-1,1,-1,1,-1,-1,1,-1,1,-1,-1,-1,1,1,-1,1,-1,-1,-1,-1,-1,-1,1,-1,1,-1,1,1,1,-1,-1,1,-1,1,-1,1,-1,-1,1,-1,-1,-1,-1,1,-1,1,-1,1,-1,1,1,-1,1,-1,-1,-1,-1,1,-1,-1,-1,-1,-1,1,-1,-1,-1,1,-1,-1,1,-1,1,1,-1,-1,-1,1,-1,-1,1,-1,-1,-1,1,1,-1,1,-1,1,-1,1,-1,-1,1,-1,-1,-1,1,1,1,1,1,-1,-1,1,-1,1,1,-1,1,-1,-1,1,1,1,-1,-1,-1,-1,-1,1,-1,-1,-1,1,-1,1,1,1,1,-1,-1,-1,1,1,1,1,1,1,-1,1,1,-1,1,-1,-1,1,1,1,1,-1,1,-1,-1,1,1,1,1,-1,1,-1,1,1,1,1,-1,-1,-1,1,1,1,1,-1,1,-1,1,1,1,1,1,-1,-1,1,1,-1,1,1,-1,-1,1,1,-1,1,-1,-1,-1,1,-1,-1,1,1,-1,1,1,1,-1,1,1,-1,-1,1,1,-1,1,1,-1,1,1,1,-1,1,1,-1,1,-1,1,1,1,1,-1,1,-1,1,1,1,-1,-1,1,-1,1,1,1,1,1,-1,-1,1,1,-1,1,1,1,1,1,-1,1,-1,1,1,-1,1,-1,1,1,-1,1,-1,1,-1,1,1,1,-1,-1,-1,1,1,1,-1,1,-1,1,-1,1,-1,1,1,-1,1,-1,1,1,1,-1,-1,1,1,1,1,1,-1,-1,1,1,1,1,-1,1,1,-1,1,1,1,-1,1,-1,1,-1,1,1,-1,-1,1,1,1,-1,1,1,-1,1,1,-1,1,1,-1,-1,1,-1,1,-1,1,-1,-1,1,1,1,1,1,-1,-1,1,1,1,1,1,1,-1,1,-1,1,1,1,1,-1,1,1,1,1,1,-1,-1,1,1,1,-1,1,1,-1,-1,1,1,-1,1,-1,1,-1,1,1,-1,1,1,-1,-1,1,-2654.0,1,2000,445,500,True
2533,-1,-1,1,1,1,1,-1,1,-1,-1,-1,1,-1,1,-1,-1,1,-1,1,1,-1,1,-1,-1,-1,1,-1,-1,-1,-1,-1,-1,1,1,-1,1,1,-1,-1,-1,1,-1,1,-1,-1,-1,-1,1,-1,-1,1,-1,1,-1,1,-1,-1,1,1,-1,-1,1,1,1,-1,1,-1,-1,-1,-1,1,-1,1,1,-1,-1,-1,1,-1,-1,-1,1,1,-1,-1,1,1,-1,-1,1,-1,-1,1,1,-1,-1,-1,1,-1,1,1,1,-1,-1,1,-1,1,1,1,-1,-1,1,-1,1,1,1,-1,-1,1,-1,-1,1,1,-1,-1,1,-1,-1,1,1,-1,-1,-1,-1,1,1,1,1,-1,-1,-1,-1,1,1,1,-1,1,-1,-1,1,1,-1,-1,-1,1,-1,1,1,1,-1,1,-1,-1,1,1,1,-1,1,-1,1,1,1,-1,-1,-1,-1,1,1,1,-1,-1,1,1,-1,1,1,-1,-1,-1,-1,1,-1,1,-1,1,-1,1,-1,1,1,-1,1,-1,1,-1,-1,1,-1,-1,1,1,1,-1,1,1,-1,1,1,-1,-1,1,-1,-1,-1,1,1,-1,1,-1,-1,1,1,1,-1,1,-1,-1,-1,1,-1,-1,1,-1,1,-1,1,1,-1,1,-1,1,-1,1,-1,1,1,-1,1,-1,1,-1,-1,1,1,-1,-1,1,-1,-1,1,1,-1,-1,1,-1,-1,1,1,-1,-1,-1,-1,-1,1,1,-1,-1,1,-1,-1,1,1,1,-1,1,-1,-1,-1,1,-1,-1,1,-1,-1,-1,1,1,-1,1,-1,1,-1,1,1,-1,1,-1,-1,-1,-1,1,-1,1,1,-1,-1,1,1,-1,1,1,1,-1,1,-1,-1,1,-1,-1,1,1,1,-1,1,-1,-1,1,1,-1,1,1,-1,1,-1,1,-1,-1,1,-1,1,1,1,1,1,1,-1,-1,1,1,1,1,1,-1,-1,1,1,1,1,1,-1,1,-1,1,1,1,1,-1,1,-1,1,1,1,-1,1,1,-1,1,1,1,-1,1,-1,1,1,1,-1,1,1,1,1,-1,-1,1,1,1,1,-1,1,-1,1,1,1,1,-1,1,1,1,1,-1,1,-1,1,-1,1,1,1,1,-1,1,1,1,-1,1,1,1,-1,1,1,1,1,1,-1,-1,1,-1,1,1,-1,1,-1,-1,1,1,1,1,1,-1,1,-1,-1,1,-1,1,-1,1,-1,1,1,-1,1,-1,-1,1,-1,1,-1,1,-1,1,1,-1,1,-1,1,-1,1,-1,-1,1,-1,-1,-1,1,-1,1,1,-1,1,-1,1,-1,1,1,-1,-1,1,1,1,1,-1,-1,-1,-1,1,-1,1,1,-1,-1,1,-1,1,-1,1,1,-1,-1,1,-1,1,-1,-1,-1,-1,1,-1,-1,-1,1,-1,-1,1,-1,1,-1,1,-1,-1,1,-1,-1,1,1,-1,-1,-1,1,-1,1,1,-1,-1,-1,1,-1,-1,1,1,1,-1,1,-1,1,-1,1,1,1,-1,1,1,-1,-1,1,1,1,-1,1,-1,1,-1,1,1,1,-1,-1,-1,-1,-1,1,1,1,-1,-1,-1,1,1,-1,1,-1,-1,-1,1,1,1,1,-1,-1,-1,1,1,1,1,-1,-1,-1,-1,1,-1,1,-1,1,-1,-1,1,1,1,-1,-1,1,1,-1,-1,1,1,-1,-1,-1,-1,1,1,1,-1,1,-1,1,1,1,-1,1,-1,1,-1,1,1,-1,1,-1,-1,-1,1,1,-1,1,-1,-1,1,-1,1,1,1,1,-1,-1,1,1,1,1,-1,-1,1,1,1,-1,1,1,-1,-1,-1,1,1,1,-1,-1,1,1,-1,1,1,1,-1,-1,1,-1,1,1,1,-1,1,1,-1,-1,1,1,1,1,1,-1,-1,1,1,-1,1,1,-1,1,1,1,1,-1,1,-1,1,1,1,1,-1,1,-1,1,1,-1,1,1,-1,1,1,1,-1,1,1,-1,-1,1,1,-1,1,-1,-1,-1,1,1,-1,1,-1,1,-1,1,1,-1,1,1,1,-1,1,1,-1,1,-1,-1,-1,-1,1,1,1,1,1,-1,1,1,-1,1,1,1,-1,-1,1,-1,-1,1,1,-1,1,1,1,-1,1,1,-1,1,1,1,-1,1,1,-1,-1,1,-1,-1,1,-1,-1,-1,1,-1,1,-1,-1,1,-1,1,1,-1,1,1,-1,-1,1,1,-1,1,1,-1,-1,-1,1,1,1,1,-1,-1,1,1,-1,1,1,-1,-1,1,-1,1,1,1,1,-1,-1,1,-1,1,1,-1,1,-1,-1,1,1,1,-1,-1,-1,-1,-1,1,-1,-1,-1,1,-1,1,1,1,1,1,-1,-1,1,1,1,1,-1,1,-1,1,1,-1,1,-1,-1,1,1,1,1,-1,1,-1,-1,1,-1,1,1,-1,-1,-1,1,1,1,1,-1,-1,-1,1,1,1,1,1,-1,-1,1,1,1,1,1,-1,-1,1,1,-1,1,1,-1,-1,1,1,-1,1,-1,-1,-1,1,-1,-1,1,1,-1,-1,-1,1,-1,1,1,-1,-1,1,1,-1,1,1,-1,-1,1,1,-1,1,1,1,-1,-1,-1,1,1,1,-1,1,-1,1,1,1,-1,-1,1,-1,1,1,1,1,-1,1,-1,1,1,-1,1,-1,-1,-1,-1,-1,1,-1,1,-1,-1,1,-1,1,1,-1,-1,-1,1,-1,1,1,-1,1,-1,-1,1,1,-1,1,-1,-1,-1,-1,1,-1,1,1,-1,1,-1,1,1,1,1,-1,-1,1,1,1,1,1,1,1,1,1,-1,1,-1,-1,1,1,1,1,1,-1,-1,-1,-1,1,1,1,-1,1,1,1,-1,1,1,-1,-1,-1,-1,1,1,1,-1,1,1,1,-1,1,1,-1,1,1,1,1,1,1,-1,1,1,1,1,1,1,-1,1,1,1,1,-1,1,-1,1,1,1,1,-1,1,-1,1,1,1,-1,1,1,-1,-1,1,1,-1,1,1,1,-1,1,1,-1,1,1,-1,-1,1,-2654.0,1,2000,445,1500,True
2534,1,1,-1,-1,1,1,-1,1,1,1,1,1,-1,1,1,1,-1,1,1,1,1,1,1,1,1,1,-1,-1,1,1,1,1,1,1,-1,1,-1,1,1,-1,1,-1,1,1,1,1,1,1,-1,-1,1,1,-1,1,1,-1,-1,-1,1,1,1,1,1,1,1,1,1,1,1,-1,1,-1,1,1,1,-1,1,1,-1,1,1,1,1,-1,-1,1,1,1,1,1,-1,-1,-1,1,1,1,-1,1,-1,1,1,1,1,-1,1,-1,-1,1,1,1,-1,-1,-1,-1,1,1,1,-1,1,-1,-1,1,1,1,-1,-1,-1,-1,1,1,1,-1,1,-1,-1,1,1,1,-1,1,-1,-1,-1,1,1,-1,1,-1,-1,-1,1,1,-1,1,1,-1,-1,-1,1,-1,1,1,-1,-1,1,-1,-1,1,1,-1,-1,-1,1,-1,1,-1,-1,1,1,1,1,-1,1,-1,-1,-1,1,-1,-1,-1,-1,-1,-1,1,-1,1,1,-1,-1,-1,1,-1,1,1,-1,-1,1,1,-1,1,1,-1,1,1,-1,-1,1,1,-1,1,-1,1,1,-1,1,1,-1,-1,-1,-1,1,1,1,-1,1,1,1,-1,1,-1,-1,1,-1,1,-1,1,1,-1,-1,-1,1,-1,1,-1,1,-1,1,1,-1,1,-1,-1,-1,1,-1,-1,1,1,-1,-1,1,-1,-1,1,1,1,-1,1,1,-1,1,1,1,-1,-1,1,-1,1,1,1,-1,1,1,-1,1,1,-1,-1,-1,1,-1,1,1,-1,-1,1,-1,-1,1,1,1,-1,1,1,-1,1,1,1,-1,1,1,-1,1,-1,1,-1,1,1,-1,1,1,1,-1,1,1,-1,1,1,-1,-1,1,-1,-1,1,1,-1,1,-1,-1,1,1,1,-1,1,1,1,-1,1,1,1,1,1,-1,1,1,1,1,1,1,-1,1,-1,1,-1,1,1,-1,1,-1,1,1,-1,1,-1,1,-1,1,1,-1,1,-1,1,1,-1,1,-1,1,1,1,1,-1,1,-1,1,-1,1,-1,-1,1,1,-1,-1,1,1,-1,1,-1,1,-1,1,-1,1,1,-1,1,1,1,1,-1,1,-1,1,-1,1,-1,-1,1,-1,1,1,1,1,-1,1,1,1,1,1,-1,-1,1,-1,-1,1,-1,1,-1,-1,1,-1,1,1,-1,-1,-1,1,-1,1,-1,1,-1,-1,1,-1,1,1,-1,-1,-1,1,-1,-1,1,1,-1,-1,1,-1,1,1,-1,1,-1,1,-1,-1,1,1,-1,-1,-1,-1,1,1,-1,1,-1,1,-1,1,-1,1,-1,-1,-1,-1,1,-1,1,-1,-1,-1,-1,1,-1,-1,1,-1,-1,-1,1,-1,1,1,1,-1,-1,1,-1,-1,1,-1,-1,-1,1,1,1,-1,1,-1,-1,-1,1,1,-1,1,-1,-1,1,-1,1,1,1,-1,-1,-1,1,1,-1,1,-1,1,-1,1,1,1,-1,1,1,-1,1,1,1,1,1,1,1,-1,1,1,-1,1,-1,1,-1,-1,1,-1,-1,1,-1,-1,1,-1,-1,-1,1,1,-1,1,1,-1,-1,1,1,-1,-1,1,-1,-1,-1,-1,-1,1,1,-1,-1,-1,-1,-1,1,1,-1,-1,1,1,1,1,1,-1,1,-1,1,-1,-1,1,-1,-1,-1,1,-1,-1,1,1,-1,1,1,1,-1,1,1,-1,-1,1,-1,-1,1,1,-1,-1,1,-1,1,1,-1,-1,1,1,-1,1,1,-1,-1,1,-1,1,1,1,1,-1,1,-1,-1,-1,1,1,-1,1,1,1,-1,1,1,-1,-1,1,1,1,1,1,-1,1,1,-1,-1,1,1,-1,-1,1,1,-1,1,1,-1,-1,1,-1,-1,1,1,-1,-1,-1,1,-1,1,1,-1,-1,1,1,-1,1,1,1,-1,1,-1,-1,-1,-1,1,-1,1,-1,-1,1,-1,-1,1,-1,1,-1,1,1,-1,-1,1,-1,-1,1,-1,1,-1,1,-1,-1,1,1,-1,-1,1,1,-1,-1,1,1,-1,1,-1,-1,-1,1,-1,-1,1,-1,-1,-1,1,1,1,1,1,-1,-1,1,1,-1,1,1,-1,-1,-1,1,-1,1,-1,-1,-1,1,1,1,-1,1,-1,-1,1,1,1,-1,1,-1,-1,1,-1,-1,-1,1,-1,-1,1,1,-1,1,-1,-1,1,-1,1,1,-1,1,-1,1,1,1,1,-1,1,1,1,1,1,1,1,1,-1,-1,-1,1,1,-1,1,-1,1,1,1,-1,1,1,-1,1,1,1,1,-1,1,1,-1,1,1,-1,1,1,-1,-1,1,1,-1,-1,1,1,-1,1,-1,-1,1,1,-1,-1,-1,1,-1,1,1,-1,-1,1,1,-1,1,1,1,-1,1,-1,1,1,1,-1,1,1,-1,-1,1,1,-1,-1,-1,1,-1,1,1,-1,1,1,-1,-1,1,1,-1,-1,-1,1,-1,1,1,-1,-1,1,-1,-1,1,1,-1,-1,-1,-1,-1,-1,1,-1,-1,1,-1,-1,1,-1,-1,-1,1,-1,-1,-1,1,-1,1,-1,-1,-1,1,1,-1,1,1,-1,1,1,1,-1,1,-1,-1,1,-1,1,-1,1,-1,-1,1,-1,1,-1,1,-1,1,-1,1,1,1,1,1,1,1,-1,1,1,1,-1,1,-1,-1,1,-1,1,-1,-1,1,-1,1,-1,1,1,-1,1,-1,1,-1,1,1,-1,-1,-1,-1,1,1,-1,1,1,-1,-1,-1,1,1,1,-1,1,-1,-1,1,1,-1,1,-1,-1,1,-1,1,1,-1,1,-1,1,1,-1,1,1,-1,1,1,-1,1,1,-1,-1,-1,-1,-1,1,1,1,-1,1,1,-1,1,1,-1,1,-1,-1,-1,1,1,-1,-1,1,1,-1,1,1,-1,1,1,-1,-1,1,1,-1,1,1,1,-1,-1,1,-1,-1,-1,1,-1,1,1,-1,1,1,1,-1,-1,1,-1,1,1,1,1,-1,1,-1,-1,1,1,-1,1,1,1,-1,1,-1,1,-1,1,-1,-1,1,-2654.0,1,2000,445,500,True
2535,-1,-1,1,1,1,1,-1,1,-1,-1,-1,1,-1,1,-1,-1,1,-1,1,1,-1,1,-1,-1,-1,1,-1,-1,-1,-1,-1,-1,1,1,-1,1,1,-1,-1,-1,1,-1,1,-1,-1,-1,-1,1,-1,-1,-1,-1,1,-1,1,-1,-1,1,-1,-1,-1,1,1,1,-1,-1,-1,-1,-1,-1,1,-1,-1,-1,-1,-1,-1,1,-1,-1,-1,1,1,-1,-1,-1,-1,-1,-1,1,1,-1,-1,-1,-1,-1,-1,-1,-1,1,-1,-1,-1,-1,-1,-1,-1,-1,-1,-1,-1,1,-1,-1,-1,-1,-1,-1,1,-1,-1,-1,-1,-1,-1,1,-1,-1,1,-1,-1,-1,-1,-1,-1,1,-1,-1,-1,-1,-1,-1,1,-1,-1,-1,1,-1,-1,-1,-1,-1,-1,-1,1,-1,1,1,-1,-1,-1,-1,-1,-1,1,-1,1,-1,1,-1,1,-1,-1,-1,-1,-1,-1,-1,-1,-1,-1,1,1,-1,1,-1,-1,-1,-1,-1,-1,1,-1,-1,1,-1,1,-1,1,1,-1,1,-1,1,-1,1,-1,-1,-1,1,1,-1,1,1,-1,-1,1,1,-1,1,-1,1,-1,-1,1,1,-1,1,-1,-1,1,1,1,1,-1,1,-1,-1,1,-1,1,-1,1,1,-1,1,1,1,-1,-1,1,-1,1,-1,-1,-1,1,1,-1,1,-1,1,-1,1,-1,-1,1,1,-1,-1,1,-1,-1,1,1,-1,-1,1,-1,-1,1,1,1,-1,1,-1,-1,1,1,1,-1,1,1,-1,1,1,-1,-1,-1,1,-1,1,1,-1,-1,1,1,-1,1,-1,1,-1,-1,1,-1,1,1,1,-1,1,1,-1,1,-1,1,-1,-1,1,-1,1,1,1,-1,-1,-1,1,1,1,-1,-1,1,1,-1,1,1,-1,-1,-1,1,-1,1,1,1,-1,1,1,-1,1,1,-1,-1,-1,-1,1,1,1,1,-1,-1,-1,1,-1,1,1,-1,-1,1,1,-1,1,1,1,1,1,1,-1,1,-1,1,-1,-1,1,1,-1,1,1,-1,-1,-1,1,-1,1,-1,1,-1,1,-1,-1,1,-1,-1,-1,1,1,-1,1,1,1,-1,1,-1,1,-1,1,1,-1,1,-1,1,-1,1,-1,1,1,-1,-1,-1,-1,1,1,1,1,-1,-1,1,-1,-1,1,-1,-1,1,1,-1,1,-1,1,-1,-1,1,-1,-1,1,-1,-1,1,1,-1,1,-1,1,-1,-1,1,-1,1,1,-1,-1,-1,1,-1,-1,1,1,-1,-1,-1,-1,1,1,-1,1,-1,1,-1,1,-1,1,-1,-1,1,-1,-1,-1,-1,-1,1,1,-1,1,-1,1,-1,1,-1,1,1,-1,1,-1,1,-1,-1,-1,1,-1,-1,1,-1,1,-1,1,1,-1,1,-1,-1,1,-1,-1,1,-1,1,-1,-1,1,1,-1,1,1,-1,-1,1,1,-1,1,-1,-1,-1,-1,1,1,1,1,-1,-1,-1,1,-1,1,1,-1,-1,-1,1,1,-1,1,1,-1,-1,1,1,1,1,-1,1,1,1,1,-1,1,-1,1,-1,-1,1,-1,-1,1,-1,-1,1,-1,-1,-1,1,1,-1,1,1,-1,-1,1,1,-1,-1,1,-1,-1,-1,-1,-1,1,1,-1,-1,-1,-1,-1,1,1,-1,-1,1,1,1,-1,1,-1,1,1,1,-1,1,1,-1,1,-1,1,-1,-1,1,1,-1,1,1,1,1,1,1,-1,-1,1,-1,1,1,1,-1,-1,1,-1,1,1,-1,-1,1,1,-1,1,1,-1,-1,1,-1,1,1,1,1,-1,1,1,-1,1,1,1,-1,1,1,1,1,1,1,-1,-1,1,1,1,1,1,-1,1,1,-1,1,1,1,-1,-1,1,1,1,-1,1,-1,-1,1,1,1,1,1,-1,-1,-1,1,1,1,1,-1,-1,1,1,1,1,-1,1,-1,1,-1,1,-1,-1,1,-1,1,-1,1,1,-1,1,-1,1,1,1,-1,-1,-1,-1,1,-1,1,1,-1,1,1,-1,-1,1,-1,1,1,-1,1,-1,1,1,-1,1,-1,1,-1,1,1,-1,1,-1,1,-1,1,1,-1,1,-1,1,-1,1,-1,1,1,1,-1,-1,1,1,-1,1,-1,1,-1,1,1,-1,1,-1,1,-1,1,1,-1,1,1,1,-1,1,1,-1,1,1,1,-1,1,1,1,1,1,-1,-1,1,-1,1,1,-1,-1,1,1,1,1,1,-1,-1,-1,-1,1,1,1,-1,1,-1,1,1,1,-1,1,-1,-1,1,-1,1,1,1,1,1,1,1,1,1,1,-1,1,1,1,-1,1,-1,1,1,1,1,1,1,1,-1,1,-1,1,1,1,1,-1,1,1,1,1,-1,1,-1,1,1,1,1,1,1,1,1,-1,1,1,1,1,1,1,1,1,1,1,-1,1,1,1,1,-1,1,-1,1,1,1,1,-1,1,-1,1,1,1,1,-1,1,-1,1,1,1,1,1,-1,1,1,1,-1,1,1,-1,1,1,1,-1,1,-1,-1,-1,1,-1,-1,1,1,-1,1,1,1,-1,1,1,-1,-1,1,1,-1,1,1,-1,1,1,1,-1,1,1,-1,1,-1,1,1,1,1,-1,1,-1,1,1,1,-1,1,1,-1,1,1,1,1,-1,1,-1,1,1,-1,1,-1,1,1,1,-1,1,-1,1,1,-1,1,-1,1,1,-1,1,-1,1,-1,1,1,1,-1,-1,1,1,1,-1,1,1,-1,1,-1,1,-1,1,1,-1,1,-1,1,1,1,-1,-1,1,1,1,1,1,-1,-1,1,1,1,-1,1,1,1,-1,1,1,1,-1,1,-1,1,-1,1,1,1,-1,1,-1,1,-1,1,1,-1,1,1,1,1,1,1,-1,-1,1,1,-1,1,1,-1,1,-1,1,1,1,1,-1,1,1,1,1,1,1,-1,-1,1,1,1,1,1,-1,1,-1,1,1,-1,1,-1,1,1,1,1,1,1,-1,-1,1,1,1,1,1,-1,1,-1,1,-1,1,1,1,-1,1,-2654.0,1,2000,445,500,True
2536,1,1,-1,-1,1,1,-1,1,1,1,1,-1,-1,1,1,1,-1,1,-1,-1,-1,1,1,1,1,1,-1,-1,1,1,1,1,-1,-1,-1,1,-1,1,1,1,-1,-1,1,1,1,1,1,1,-1,-1,1,1,-1,1,-1,-1,1,-1,1,1,1,-1,-1,-1,1,1,1,1,1,-1,1,-1,1,1,1,1,-1,1,-1,1,1,1,1,-1,-1,1,1,1,1,-1,-1,1,-1,1,1,1,1,1,-1,-1,1,1,1,1,1,-1,-1,1,1,1,1,-1,-1,-1,1,1,1,1,1,-1,-1,1,1,1,1,-1,-1,-1,1,1,1,1,1,-1,-1,-1,1,1,1,1,-1,-1,-1,1,1,1,1,-1,-1,-1,1,1,1,1,1,-1,-1,-1,1,1,1,-1,-1,-1,1,-1,1,1,1,-1,-1,-1,1,1,1,-1,-1,1,1,1,1,-1,1,-1,-1,-1,1,1,1,-1,-1,-1,-1,1,1,1,1,-1,-1,-1,1,-1,1,1,-1,-1,1,1,1,1,1,-1,1,1,-1,-1,1,1,-1,1,-1,1,1,1,1,1,-1,-1,1,1,1,1,-1,-1,1,-1,1,1,1,-1,-1,-1,1,-1,1,1,1,-1,1,-1,1,1,1,-1,-1,-1,1,-1,1,1,-1,1,-1,1,1,-1,1,1,1,-1,1,1,-1,1,1,1,1,1,1,-1,1,1,1,-1,-1,1,1,1,1,1,1,1,1,1,1,-1,1,1,-1,1,-1,1,1,1,1,1,1,-1,1,1,1,-1,1,1,1,1,1,1,1,-1,1,-1,1,-1,1,1,1,1,-1,1,1,1,1,1,-1,1,1,1,1,1,1,-1,1,1,1,1,1,1,-1,1,1,1,-1,1,1,1,-1,1,1,1,1,1,-1,1,1,-1,1,1,1,-1,1,1,1,1,1,1,-1,1,1,1,-1,1,1,1,1,1,1,1,-1,1,-1,1,-1,1,-1,1,1,1,-1,-1,1,1,-1,1,-1,1,1,1,-1,-1,-1,-1,1,1,1,-1,1,1,-1,1,1,-1,-1,1,1,-1,1,1,-1,1,1,1,1,1,1,1,-1,-1,1,-1,-1,-1,1,-1,1,-1,-1,1,1,1,-1,-1,-1,1,-1,1,1,1,-1,1,-1,1,1,1,1,1,-1,1,-1,-1,1,-1,1,-1,-1,-1,-1,1,1,1,-1,-1,1,-1,1,1,1,-1,1,-1,1,-1,1,1,-1,-1,1,-1,1,1,1,-1,-1,-1,1,1,1,1,-1,-1,1,-1,1,1,-1,1,-1,1,1,1,1,-1,-1,-1,-1,1,1,1,-1,1,-1,1,-1,1,1,-1,-1,1,-1,1,1,1,1,-1,1,-1,-1,1,1,1,-1,-1,-1,-1,1,1,-1,-1,1,-1,-1,1,-1,1,-1,-1,-1,-1,1,-1,1,-1,-1,1,-1,-1,1,1,1,-1,1,-1,1,-1,-1,-1,1,-1,1,1,-1,-1,1,1,1,-1,1,-1,1,-1,1,1,1,-1,-1,-1,-1,-1,1,-1,1,-1,-1,-1,1,1,-1,1,-1,-1,-1,1,1,-1,1,-1,-1,-1,1,1,-1,1,-1,-1,-1,-1,1,1,1,-1,1,-1,-1,1,-1,1,-1,-1,1,-1,1,-1,1,1,-1,-1,-1,-1,-1,1,1,-1,-1,-1,-1,-1,1,1,-1,-1,-1,1,1,1,-1,-1,-1,-1,1,1,1,-1,1,-1,1,-1,1,1,1,-1,-1,-1,-1,-1,1,-1,1,-1,-1,1,-1,1,1,-1,1,-1,-1,1,1,1,-1,1,-1,-1,-1,1,1,-1,-1,-1,-1,-1,1,1,-1,1,-1,-1,-1,1,1,-1,-1,1,-1,-1,1,1,-1,-1,-1,-1,-1,1,1,-1,-1,1,-1,-1,1,-1,1,-1,1,-1,-1,1,-1,-1,1,-1,1,-1,1,1,-1,1,-1,1,-1,1,-1,-1,1,-1,1,-1,1,1,-1,1,-1,-1,-1,1,1,-1,1,-1,1,-1,-1,1,-1,1,-1,1,-1,-1,1,-1,1,-1,-1,-1,1,-1,-1,-1,-1,-1,-1,-1,-1,-1,1,-1,-1,-1,-1,1,-1,-1,1,-1,-1,-1,1,-1,-1,1,-1,-1,-1,1,-1,1,1,-1,-1,-1,1,-1,1,-1,-1,-1,1,-1,-1,1,-1,1,-1,1,1,-1,-1,-1,-1,1,1,1,-1,1,1,1,-1,-1,-1,1,-1,-1,-1,-1,1,1,-1,1,-1,1,-1,1,1,-1,1,-1,1,1,-1,1,-1,-1,1,1,-1,-1,1,1,-1,-1,1,1,-1,1,1,-1,1,1,-1,-1,-1,1,-1,1,1,-1,-1,1,1,-1,1,1,1,-1,1,-1,1,1,1,-1,1,1,-1,-1,1,1,-1,-1,1,-1,-1,1,1,-1,1,-1,-1,-1,1,1,-1,-1,-1,1,-1,1,1,-1,-1,-1,-1,-1,1,1,1,-1,-1,-1,-1,1,1,-1,-1,1,-1,-1,1,-1,1,-1,-1,-1,-1,-1,1,1,-1,1,-1,-1,1,1,1,-1,1,-1,1,1,1,1,-1,-1,-1,1,-1,1,-1,-1,-1,-1,1,-1,1,-1,-1,-1,-1,1,1,1,-1,-1,-1,1,-1,1,1,-1,1,-1,1,1,1,1,1,-1,1,-1,1,1,1,1,-1,1,-1,1,-1,1,1,-1,-1,1,-1,1,1,1,-1,1,-1,1,1,-1,1,-1,1,-1,1,1,-1,1,-1,1,-1,1,-1,1,1,-1,-1,-1,-1,-1,1,1,1,-1,1,1,1,1,1,-1,-1,1,1,1,1,1,-1,-1,1,-1,1,1,1,-1,-1,-1,-1,-1,-1,-1,-1,-1,1,-1,1,1,1,-1,1,1,-1,-1,1,1,1,-1,1,-1,1,1,1,-1,-1,1,-1,1,1,1,-1,-1,1,-1,1,1,1,-1,-1,1,-1,1,-1,1,1,-1,1,-1,-1,1,1,-1,-1,-1,-1,1,1,1,1,-1,1,-1,-1,1,-2654.0,1,2000,445,1000,True
2537,1,1,-1,-1,1,1,-1,1,1,1,1,-1,1,1,1,1,-1,1,-1,-1,-1,1,1,1,1,1,-1,-1,1,1,1,1,-1,-1,-1,1,-1,1,1,1,-1,-1,1,1,1,1,1,1,-1,-1,1,1,-1,1,-1,-1,1,-1,1,1,1,-1,-1,-1,1,1,1,1,1,-1,1,-1,1,1,1,1,-1,1,-1,1,1,-1,1,-1,-1,1,1,1,1,1,1,1,-1,1,1,1,-1,-1,-1,1,1,1,1,1,-1,-1,-1,1,1,1,1,-1,-1,-1,1,1,1,1,1,-1,-1,1,1,1,1,-1,-1,-1,1,1,1,1,-1,-1,-1,1,1,1,1,-1,-1,-1,-1,1,1,1,1,-1,-1,-1,1,1,1,-1,1,-1,-1,1,1,1,-1,-1,-1,-1,1,1,1,-1,1,-1,1,1,1,1,-1,-1,-1,1,1,1,-1,1,1,-1,1,1,1,-1,-1,-1,-1,-1,1,1,-1,-1,1,-1,-1,1,-1,1,-1,1,-1,-1,1,1,1,-1,1,-1,1,1,1,1,-1,1,-1,1,1,-1,-1,-1,1,1,-1,1,-1,1,-1,1,1,-1,1,-1,1,-1,1,-1,-1,1,-1,-1,-1,1,1,-1,1,1,-1,-1,1,-1,1,1,-1,-1,-1,1,-1,-1,1,-1,1,-1,1,1,1,1,-1,-1,1,1,1,1,1,1,-1,1,1,1,1,1,-1,-1,-1,1,1,1,1,1,-1,-1,1,1,-1,1,1,-1,1,1,1,1,1,-1,1,-1,1,1,1,-1,1,1,1,1,1,1,1,-1,-1,1,1,-1,1,1,1,-1,1,1,1,1,1,1,1,1,1,1,1,1,1,1,-1,1,1,1,1,1,-1,1,1,1,1,-1,1,1,-1,1,1,1,1,1,-1,1,1,1,1,1,1,-1,1,-1,1,1,1,1,-1,1,-1,1,1,1,1,-1,1,-1,1,-1,-1,1,-1,1,1,-1,1,1,1,1,-1,1,-1,1,-1,1,-1,1,-1,-1,1,-1,-1,-1,1,1,-1,1,-1,1,-1,1,-1,1,-1,1,1,1,1,-1,1,-1,1,1,-1,1,-1,-1,-1,-1,1,1,-1,1,-1,-1,1,-1,1,-1,-1,-1,1,-1,-1,1,-1,1,-1,1,-1,1,1,-1,-1,-1,1,1,-1,1,-1,1,-1,-1,1,-1,1,-1,-1,-1,-1,1,-1,-1,1,1,-1,-1,1,-1,1,1,-1,1,-1,1,-1,1,-1,1,-1,-1,1,-1,-1,-1,-1,-1,1,1,-1,1,-1,1,-1,1,-1,1,1,-1,1,-1,1,-1,-1,1,-1,-1,-1,1,-1,1,-1,1,1,-1,1,-1,-1,1,-1,-1,1,-1,1,-1,-1,-1,1,-1,1,1,-1,-1,-1,1,-1,1,-1,-1,1,-1,1,1,1,1,-1,-1,1,1,-1,1,1,1,-1,1,1,1,-1,1,1,-1,1,1,1,1,-1,-1,1,-1,1,1,-1,1,-1,1,-1,-1,1,-1,-1,1,-1,-1,1,-1,-1,-1,1,1,-1,-1,1,-1,-1,1,1,-1,-1,1,-1,-1,-1,-1,-1,-1,1,-1,-1,-1,-1,-1,-1,1,-1,-1,1,1,1,1,1,-1,-1,1,1,-1,-1,1,-1,-1,-1,1,-1,-1,1,1,-1,1,1,1,-1,1,1,-1,-1,1,-1,-1,1,1,-1,-1,1,-1,1,1,-1,-1,1,1,-1,1,1,-1,-1,1,-1,1,1,1,1,-1,1,1,-1,-1,1,1,-1,1,1,1,-1,1,1,-1,-1,1,1,1,1,1,-1,1,1,-1,-1,1,1,-1,-1,1,1,-1,1,1,-1,-1,1,1,-1,1,1,-1,-1,-1,1,-1,1,1,-1,-1,1,1,-1,1,1,-1,-1,1,-1,-1,-1,-1,1,-1,1,-1,-1,1,-1,-1,-1,1,1,-1,1,1,-1,-1,1,-1,-1,1,-1,-1,1,-1,-1,-1,1,1,-1,-1,1,1,-1,-1,1,-1,-1,1,-1,-1,-1,1,-1,-1,1,-1,-1,-1,-1,-1,-1,-1,-1,-1,-1,1,-1,1,-1,-1,-1,-1,-1,-1,1,-1,-1,-1,-1,1,1,-1,1,-1,-1,-1,1,-1,-1,1,-1,-1,-1,-1,-1,1,1,-1,-1,-1,-1,-1,1,-1,-1,-1,1,-1,-1,1,-1,1,-1,-1,-1,-1,-1,-1,-1,1,-1,-1,-1,1,1,1,-1,-1,-1,1,1,-1,-1,-1,-1,-1,-1,1,-1,1,-1,-1,-1,-1,1,-1,1,1,-1,1,-1,-1,1,1,-1,-1,-1,-1,-1,-1,1,1,-1,-1,1,-1,1,1,-1,-1,-1,1,-1,1,1,-1,-1,-1,-1,-1,1,1,1,-1,-1,-1,1,1,1,-1,-1,1,-1,-1,1,1,-1,-1,1,-1,-1,1,1,-1,1,-1,-1,-1,1,1,-1,-1,1,-1,-1,1,1,-1,-1,1,-1,-1,1,1,1,-1,-1,1,-1,1,1,-1,-1,1,-1,-1,1,-1,1,-1,-1,1,-1,-1,1,1,-1,-1,1,-1,1,1,1,-1,-1,1,-1,1,1,1,-1,-1,1,1,-1,1,-1,-1,1,-1,1,-1,1,-1,-1,1,-1,1,-1,1,-1,-1,1,1,1,-1,1,-1,1,-1,1,-1,-1,1,1,-1,-1,1,1,-1,1,1,-1,1,-1,1,-1,1,1,-1,1,1,-1,-1,-1,1,-1,1,-1,1,-1,-1,1,1,-1,1,1,-1,1,1,-1,-1,1,-1,-1,-1,1,-1,1,1,-1,1,1,1,1,1,-1,1,-1,1,1,1,1,-1,1,-1,-1,1,1,1,-1,1,1,1,1,-1,1,1,-1,-1,-1,1,1,1,-1,1,1,1,1,1,1,-1,-1,1,1,1,1,1,-1,-1,1,1,1,1,1,1,-1,1,1,1,1,1,1,-1,1,1,1,1,1,-1,-1,1,1,1,1,1,1,-1,1,1,1,1,1,-1,1,-1,1,1,-1,1,1,-1,1,1,-2654.0,1,2000,445,500,True
2538,1,1,-1,-1,1,1,-1,1,1,1,1,-1,-1,1,1,1,-1,1,-1,-1,-1,1,1,1,1,1,-1,-1,1,1,1,1,-1,-1,-1,1,-1,1,1,1,-1,-1,1,1,1,1,1,1,-1,-1,1,1,-1,1,-1,-1,-1,-1,1,1,1,-1,-1,1,1,1,1,1,1,-1,1,-1,1,1,1,1,-1,1,-1,1,1,-1,1,-1,-1,1,1,1,1,1,1,-1,-1,1,1,1,-1,-1,-1,1,1,1,1,1,-1,-1,-1,1,1,1,1,-1,-1,-1,1,1,1,1,1,-1,-1,1,1,1,1,-1,-1,-1,1,1,1,1,-1,-1,-1,1,1,1,1,-1,-1,-1,-1,1,1,1,1,-1,-1,-1,1,1,1,-1,1,-1,-1,1,1,1,-1,1,-1,-1,1,1,1,-1,1,-1,1,1,1,1,-1,-1,-1,1,1,1,-1,1,1,-1,1,1,1,-1,-1,-1,-1,-1,1,1,-1,-1,1,-1,-1,1,-1,1,-1,1,-1,-1,1,1,1,-1,1,-1,1,1,1,1,-1,1,-1,1,1,-1,-1,-1,1,1,-1,1,-1,1,-1,1,1,-1,1,-1,1,-1,1,-1,-1,1,-1,-1,-1,1,1,-1,1,1,-1,-1,1,-1,1,1,-1,-1,-1,1,-1,-1,1,-1,1,-1,1,1,1,1,-1,-1,1,1,1,1,1,1,-1,1,1,1,1,1,-1,-1,-1,1,1,1,1,1,-1,-1,1,1,-1,1,1,-1,1,1,1,1,1,-1,1,-1,1,1,1,-1,1,1,1,1,1,1,1,-1,-1,1,1,-1,1,1,1,-1,1,1,1,1,1,1,1,1,1,1,1,1,1,1,-1,1,1,1,1,1,-1,1,1,1,1,-1,1,1,-1,1,1,1,1,1,-1,1,1,1,1,1,1,-1,1,-1,1,1,1,1,-1,1,-1,1,1,1,1,-1,1,-1,1,-1,-1,1,-1,1,1,-1,1,1,1,1,-1,1,-1,1,-1,1,-1,1,-1,-1,1,-1,-1,-1,1,1,-1,1,-1,1,-1,1,-1,1,-1,1,1,1,1,-1,1,-1,1,1,-1,1,-1,-1,-1,-1,1,1,-1,1,-1,-1,1,-1,1,-1,-1,-1,1,-1,-1,1,-1,1,-1,1,-1,1,1,-1,-1,-1,1,1,-1,1,-1,1,-1,-1,1,-1,1,-1,-1,-1,-1,1,-1,-1,1,1,-1,-1,-1,-1,1,1,-1,1,-1,1,-1,1,-1,1,-1,1,1,-1,1,-1,-1,-1,1,1,-1,1,-1,1,-1,1,-1,1,1,1,1,-1,1,-1,-1,1,-1,-1,-1,1,-1,1,-1,1,1,-1,1,-1,-1,1,-1,-1,1,-1,1,-1,1,-1,1,-1,1,1,-1,-1,-1,1,-1,1,-1,-1,1,-1,1,1,-1,1,-1,-1,1,1,-1,-1,1,1,-1,1,1,1,1,1,1,-1,1,1,1,-1,1,-1,1,-1,1,1,-1,1,-1,1,-1,1,-1,-1,-1,1,-1,-1,1,-1,-1,-1,1,1,-1,1,1,-1,-1,1,1,-1,-1,1,-1,-1,-1,-1,-1,1,1,-1,-1,-1,-1,-1,1,1,-1,-1,1,1,1,-1,1,-1,-1,1,1,-1,-1,1,-1,-1,-1,1,-1,-1,1,1,-1,1,1,1,-1,1,1,-1,-1,1,-1,-1,1,1,-1,-1,1,-1,1,1,-1,-1,1,1,-1,1,1,-1,1,1,-1,1,1,1,1,-1,1,1,-1,-1,1,1,-1,1,1,1,-1,1,1,-1,-1,1,1,1,1,1,-1,1,1,-1,-1,1,1,-1,-1,1,1,-1,1,1,-1,-1,1,1,-1,1,1,-1,-1,-1,1,-1,1,1,-1,-1,1,1,-1,1,1,1,-1,-1,1,-1,-1,-1,1,-1,1,-1,-1,1,-1,-1,-1,1,1,-1,1,1,-1,-1,1,1,-1,1,-1,-1,1,-1,1,-1,1,1,-1,-1,1,-1,-1,-1,1,-1,-1,1,-1,-1,-1,1,-1,1,-1,1,-1,-1,-1,1,-1,1,-1,-1,-1,1,-1,1,-1,-1,-1,-1,-1,-1,-1,1,-1,-1,-1,1,1,-1,1,-1,-1,-1,1,-1,-1,1,-1,-1,-1,-1,-1,1,1,-1,-1,-1,-1,-1,1,-1,-1,-1,1,-1,-1,1,-1,1,-1,-1,-1,-1,-1,-1,-1,1,-1,-1,-1,1,1,-1,-1,-1,-1,1,-1,-1,-1,-1,1,-1,-1,1,1,1,-1,-1,-1,-1,1,-1,1,1,-1,1,-1,-1,1,1,-1,-1,-1,-1,-1,-1,1,1,-1,-1,1,-1,1,1,-1,-1,-1,1,-1,1,1,-1,-1,-1,-1,-1,1,1,1,-1,-1,-1,1,1,1,-1,-1,1,-1,-1,1,1,-1,-1,1,-1,-1,1,1,-1,1,-1,-1,-1,1,1,-1,-1,1,-1,-1,1,1,-1,-1,1,-1,-1,1,1,1,-1,-1,1,-1,1,1,-1,-1,1,-1,-1,1,-1,1,-1,-1,1,-1,-1,1,1,-1,-1,1,-1,1,1,1,-1,-1,1,-1,1,1,1,-1,-1,1,1,-1,-1,-1,-1,1,-1,1,-1,1,-1,-1,1,-1,1,-1,1,-1,-1,1,1,1,-1,1,-1,1,-1,1,-1,-1,1,1,-1,-1,1,1,-1,1,1,-1,1,-1,1,-1,1,1,-1,1,1,-1,-1,-1,1,-1,1,-1,1,-1,-1,1,1,-1,1,1,-1,1,1,-1,-1,1,-1,-1,-1,1,-1,1,1,-1,1,1,1,1,1,-1,1,-1,1,1,1,1,-1,1,-1,-1,1,1,1,-1,1,1,1,1,-1,1,1,-1,-1,-1,1,1,1,-1,1,1,1,1,1,1,-1,-1,1,1,1,1,1,-1,-1,1,1,1,1,1,1,-1,1,1,1,1,1,1,-1,1,1,1,1,1,-1,-1,1,1,1,1,1,1,-1,1,1,1,1,1,-1,1,-1,1,1,-1,1,1,-1,1,1,-2654.0,1,2000,445,500,True
2539,1,1,-1,-1,1,-1,-1,1,1,1,1,-1,1,1,1,1,-1,1,-1,-1,-1,1,1,1,1,-1,-1,-1,1,1,1,1,1,-1,-1,1,-1,1,1,-1,-1,-1,1,1,1,1,-1,-1,1,-1,1,1,-1,1,-1,-1,1,-1,1,1,1,-1,-1,-1,1,1,1,-1,-1,-1,1,-1,1,1,1,-1,-1,1,-1,1,1,-1,-1,-1,-1,1,1,1,-1,-1,1,1,-1,1,1,-1,-1,1,-1,1,1,1,-1,-1,1,-1,-1,1,1,-1,-1,1,-1,-1,1,1,-1,-1,1,-1,-1,1,1,1,-1,1,-1,-1,1,1,1,-1,-1,-1,-1,1,1,1,-1,1,-1,-1,-1,1,1,-1,-1,-1,-1,-1,1,1,-1,1,1,-1,1,1,1,-1,1,-1,-1,-1,1,1,-1,1,1,-1,1,1,-1,-1,1,-1,-1,1,1,-1,1,-1,1,-1,1,1,-1,1,1,-1,-1,-1,1,1,1,1,1,-1,-1,1,-1,1,1,1,-1,-1,1,1,-1,1,1,-1,1,1,-1,1,1,1,-1,1,1,1,1,1,1,1,-1,1,-1,-1,1,1,-1,-1,1,1,-1,1,1,-1,-1,1,-1,1,1,1,1,-1,1,1,-1,1,1,-1,1,1,-1,1,1,1,-1,-1,1,-1,1,-1,1,1,1,1,-1,1,-1,1,1,1,1,-1,1,-1,1,1,1,1,-1,-1,1,1,1,1,1,1,-1,1,1,-1,-1,1,1,-1,-1,1,1,1,1,-1,1,-1,1,1,1,-1,1,-1,-1,-1,1,1,1,-1,1,-1,1,-1,1,1,1,1,-1,1,1,1,1,1,-1,-1,1,1,1,1,1,1,1,1,1,1,1,1,-1,1,1,1,-1,1,1,-1,1,1,1,1,1,1,1,-1,1,-1,1,1,1,1,-1,1,1,1,1,1,1,1,1,1,-1,1,1,-1,-1,1,1,1,-1,1,1,-1,1,1,-1,1,1,1,1,1,1,1,-1,1,1,-1,1,1,-1,-1,-1,-1,-1,1,1,-1,1,1,-1,-1,1,-1,-1,1,1,1,-1,1,-1,1,1,1,-1,-1,1,1,1,-1,1,-1,-1,-1,1,-1,1,-1,1,-1,1,1,-1,-1,-1,-1,1,-1,1,-1,1,-1,-1,-1,1,1,1,1,-1,-1,1,-1,1,-1,1,-1,-1,-1,1,1,1,1,-1,-1,1,-1,1,1,-1,-1,1,-1,1,-1,1,1,-1,-1,1,-1,1,1,-1,-1,-1,-1,1,1,-1,1,-1,-1,1,-1,1,-1,-1,1,-1,1,1,1,-1,-1,1,-1,-1,1,1,1,-1,1,-1,1,-1,1,-1,-1,-1,1,-1,1,1,-1,1,-1,1,-1,-1,1,-1,-1,-1,1,-1,-1,1,-1,-1,-1,1,-1,-1,1,-1,-1,-1,-1,1,-1,1,-1,-1,1,-1,1,-1,-1,1,1,1,-1,1,-1,1,-1,1,-1,1,-1,1,1,-1,1,-1,-1,1,-1,1,-1,1,-1,1,1,1,-1,-1,-1,1,-1,1,-1,1,-1,-1,-1,1,1,-1,1,-1,-1,-1,1,1,-1,1,-1,-1,-1,1,1,-1,1,-1,-1,-1,-1,1,1,1,-1,1,-1,-1,1,-1,1,-1,-1,1,-1,1,-1,1,1,-1,-1,-1,-1,-1,1,1,-1,-1,-1,-1,-1,1,1,-1,-1,-1,1,1,1,-1,-1,-1,-1,1,1,1,-1,1,-1,1,-1,1,1,1,-1,-1,-1,-1,-1,1,-1,1,-1,-1,1,-1,1,1,-1,1,-1,-1,1,1,1,-1,1,-1,-1,-1,1,1,-1,1,-1,-1,-1,1,1,-1,1,-1,-1,-1,1,1,1,-1,1,-1,-1,1,1,-1,-1,-1,-1,-1,1,1,-1,-1,1,1,-1,-1,-1,1,-1,1,1,-1,1,-1,-1,1,1,-1,-1,1,1,-1,1,-1,1,-1,1,-1,-1,1,-1,1,-1,1,1,-1,1,1,1,-1,-1,1,-1,1,-1,1,-1,-1,1,-1,1,1,1,-1,-1,-1,1,1,1,1,-1,-1,1,-1,-1,1,1,-1,-1,-1,-1,1,-1,1,-1,-1,1,1,-1,1,1,-1,-1,1,-1,-1,1,1,-1,-1,-1,-1,1,-1,1,-1,-1,-1,-1,1,-1,-1,-1,1,-1,-1,1,-1,1,-1,-1,-1,-1,-1,-1,1,1,-1,-1,-1,1,1,1,-1,-1,-1,1,-1,-1,1,-1,-1,-1,-1,1,1,1,-1,-1,-1,-1,1,-1,1,1,-1,1,-1,-1,1,1,-1,-1,-1,-1,-1,-1,1,1,-1,-1,1,-1,1,1,-1,-1,-1,1,-1,1,1,1,-1,1,-1,-1,1,1,1,-1,1,-1,1,1,1,-1,-1,1,-1,-1,1,1,1,-1,1,-1,-1,1,1,1,1,1,-1,-1,1,1,1,1,1,-1,-1,1,-1,1,1,1,-1,-1,1,1,1,1,1,1,-1,1,1,1,1,1,-1,-1,1,-1,1,1,1,1,-1,-1,1,-1,1,1,1,-1,1,1,1,1,-1,1,-1,1,1,1,1,1,1,-1,1,-1,1,1,1,-1,1,1,1,1,1,1,-1,1,-1,1,1,1,-1,-1,1,1,1,1,-1,1,-1,-1,1,-1,1,1,-1,1,-1,1,1,1,1,-1,-1,-1,1,1,1,1,-1,-1,1,1,-1,1,1,-1,1,-1,1,-1,1,1,-1,1,-1,1,-1,1,1,1,1,1,1,1,1,1,-1,-1,1,1,1,-1,1,-1,1,-1,-1,1,1,-1,-1,1,-1,1,-1,1,1,-1,1,1,1,1,-1,1,-1,-1,1,-1,-1,-1,-1,-1,1,1,1,1,1,-1,1,1,1,-1,1,1,1,-1,1,1,1,1,1,1,-1,1,1,1,1,1,-1,-1,-1,1,-1,1,1,-1,-1,1,1,1,-1,1,-1,-1,1,1,1,1,1,1,-1,-1,1,1,1,1,-1,-1,1,-1,1,1,-2654.0,1,2000,445,1000,True
2540,-1,-1,1,1,1,1,-1,1,-1,-1,-1,1,-1,1,-1,-1,1,-1,1,1,-1,1,-1,-1,-1,1,-1,-1,-1,-1,-1,-1,1,1,-1,1,1,-1,-1,-1,1,-1,1,-1,-1,-1,1,1,-1,-1,-1,-1,1,1,1,-1,-1,1,-1,-1,1,1,1,1,-1,-1,-1,1,1,-1,1,-1,-1,-1,1,-1,-1,1,-1,-1,-1,1,1,-1,-1,-1,-1,1,1,1,-1,-1,-1,-1,1,1,-1,1,-1,1,-1,1,1,-1,1,-1,-1,-1,1,1,-1,1,-1,-1,-1,1,1,-1,1,-1,-1,-1,1,1,-1,1,-1,-1,-1,1,-1,-1,1,-1,-1,1,1,1,-1,-1,-1,-1,1,1,1,-1,1,-1,-1,-1,1,1,-1,-1,1,-1,-1,1,1,-1,1,-1,-1,-1,1,1,-1,1,1,-1,1,1,-1,-1,1,-1,-1,-1,1,-1,1,-1,1,-1,1,1,-1,1,1,-1,-1,1,1,1,1,1,1,-1,1,1,-1,1,1,1,-1,1,1,-1,-1,1,1,-1,1,1,-1,1,1,1,1,1,1,1,1,1,1,1,-1,1,-1,-1,1,1,-1,1,-1,1,-1,1,1,1,1,1,-1,1,1,1,1,1,1,-1,-1,1,1,1,1,1,-1,1,1,1,1,-1,1,-1,1,-1,1,-1,1,1,-1,1,-1,1,1,1,1,-1,1,-1,1,-1,1,1,1,-1,1,1,1,-1,1,-1,-1,1,1,1,1,1,1,-1,-1,1,-1,1,1,-1,1,-1,1,1,-1,1,-1,-1,-1,1,-1,-1,1,-1,1,-1,-1,1,-1,1,1,1,-1,1,-1,-1,1,1,-1,-1,1,-1,-1,1,-1,1,-1,1,-1,-1,1,1,-1,1,1,-1,1,-1,1,-1,1,1,-1,1,1,1,1,1,1,-1,1,1,1,1,1,-1,-1,1,1,1,1,1,-1,-1,1,-1,1,1,1,-1,-1,1,-1,1,-1,1,1,-1,1,-1,1,1,1,1,-1,-1,1,1,1,1,-1,-1,1,1,-1,-1,1,1,-1,1,-1,1,-1,1,-1,1,1,-1,1,1,1,-1,1,1,-1,1,-1,1,-1,-1,1,-1,1,1,1,1,-1,1,1,-1,1,1,-1,-1,1,-1,-1,1,-1,1,-1,-1,1,-1,1,1,-1,-1,-1,1,-1,1,-1,1,-1,1,1,-1,1,1,1,-1,-1,1,-1,-1,1,1,-1,-1,1,-1,1,1,1,1,-1,1,-1,1,1,1,-1,-1,-1,-1,1,1,-1,-1,-1,1,-1,1,-1,1,-1,-1,-1,1,1,-1,1,-1,-1,-1,-1,1,-1,-1,-1,-1,-1,-1,1,-1,1,-1,-1,-1,-1,1,-1,-1,1,-1,-1,-1,-1,1,1,-1,-1,-1,-1,-1,1,1,-1,1,-1,-1,-1,1,1,1,1,-1,-1,-1,1,1,-1,1,-1,-1,-1,1,1,1,-1,1,1,-1,1,1,1,1,1,1,1,-1,1,1,-1,1,-1,-1,-1,-1,1,-1,-1,1,-1,-1,1,-1,-1,-1,1,1,-1,1,1,-1,-1,1,-1,-1,-1,1,-1,-1,-1,-1,-1,1,1,-1,-1,-1,-1,-1,1,1,-1,-1,1,1,1,-1,1,-1,-1,1,1,-1,1,1,-1,-1,-1,1,-1,-1,1,1,-1,1,1,1,1,1,-1,1,1,1,-1,1,1,1,-1,1,1,-1,1,1,-1,1,1,1,-1,1,1,-1,-1,1,-1,1,1,1,-1,1,1,1,-1,1,1,-1,1,1,1,1,1,1,1,1,1,1,1,1,1,-1,1,-1,1,-1,1,1,1,1,1,1,1,1,1,-1,1,-1,1,1,1,1,1,-1,1,-1,1,1,1,1,1,1,1,1,1,1,-1,1,1,-1,1,1,-1,-1,-1,1,-1,1,1,1,-1,1,-1,1,1,1,-1,-1,1,-1,1,-1,1,1,1,-1,-1,1,-1,1,-1,-1,1,-1,1,1,1,1,-1,1,-1,1,1,1,1,-1,1,-1,1,-1,1,1,-1,-1,-1,1,1,1,-1,1,1,-1,1,1,1,1,-1,-1,1,-1,1,1,1,-1,-1,-1,-1,1,1,-1,1,-1,1,-1,1,1,1,-1,-1,-1,-1,1,1,-1,-1,-1,-1,1,-1,1,-1,-1,-1,1,-1,1,1,-1,-1,-1,1,-1,1,1,-1,-1,-1,1,1,1,1,-1,1,-1,1,-1,1,1,-1,-1,-1,-1,1,1,1,-1,-1,-1,1,-1,1,1,-1,1,-1,-1,1,1,1,-1,-1,-1,-1,-1,1,-1,-1,-1,1,-1,1,1,-1,-1,-1,-1,-1,1,1,1,-1,1,1,-1,1,1,-1,1,-1,-1,1,1,1,-1,-1,1,-1,-1,1,1,-1,-1,-1,-1,-1,1,1,-1,1,1,1,-1,1,1,-1,-1,1,1,-1,1,1,-1,-1,1,1,-1,1,1,-1,1,1,-1,-1,1,1,1,-1,1,1,-1,1,-1,1,-1,1,1,-1,-1,1,-1,1,1,1,-1,1,1,-1,1,-1,1,-1,1,1,-1,1,1,1,-1,-1,1,-1,1,1,-1,1,-1,1,-1,1,1,-1,1,-1,1,1,1,-1,-1,1,-1,1,1,-1,1,-1,-1,-1,1,-1,1,-1,1,-1,-1,1,-1,1,-1,-1,-1,-1,1,-1,1,-1,1,-1,-1,-1,1,1,-1,1,-1,-1,1,-1,1,-1,1,-1,1,-1,-1,1,1,1,1,-1,-1,1,1,-1,-1,1,1,-1,1,1,-1,1,-1,-1,1,1,-1,-1,1,-1,-1,-1,-1,1,-1,1,1,-1,1,1,-1,-1,-1,-1,1,-1,-1,-1,-1,1,-1,-1,1,1,-1,1,1,-1,1,1,1,1,-1,1,-1,1,1,1,1,-1,1,-1,-1,-1,1,1,-1,1,-1,1,1,1,1,-1,1,-1,1,1,1,-1,-1,1,-1,-1,1,1,-1,-1,-1,1,-1,1,-1,1,-1,1,-1,-1,1,-2654.0,1,2000,445,1500,True
2541,1,1,-1,-1,1,1,-1,1,1,1,1,-1,1,1,1,1,-1,1,-1,-1,-1,1,1,1,1,-1,-1,-1,1,1,1,1,1,-1,-1,1,-1,1,1,1,-1,-1,1,1,1,1,1,-1,1,-1,1,1,-1,1,-1,-1,1,-1,1,1,-1,-1,-1,-1,1,1,1,1,-1,-1,1,-1,1,1,1,-1,-1,-1,1,1,1,1,-1,-1,-1,1,1,1,-1,-1,1,1,-1,1,1,-1,-1,-1,-1,-1,1,1,-1,-1,-1,-1,-1,1,1,-1,-1,1,-1,-1,1,1,1,-1,1,-1,-1,1,1,1,-1,-1,-1,-1,1,1,-1,-1,-1,-1,-1,1,1,1,-1,-1,-1,-1,-1,1,1,-1,1,-1,-1,-1,1,1,-1,-1,1,-1,1,1,1,-1,-1,1,-1,-1,1,1,-1,-1,1,-1,1,1,-1,-1,-1,-1,-1,1,1,-1,-1,1,1,-1,1,1,-1,-1,-1,-1,-1,-1,1,-1,-1,-1,1,-1,-1,1,-1,1,-1,1,-1,-1,1,-1,-1,-1,1,-1,1,1,1,-1,-1,1,1,1,1,1,-1,-1,1,1,-1,1,-1,-1,-1,1,-1,-1,1,-1,-1,-1,1,1,-1,1,1,1,-1,1,1,-1,1,-1,1,-1,1,-1,1,1,1,-1,-1,1,1,-1,1,1,-1,-1,1,-1,1,1,1,-1,1,1,-1,1,1,1,-1,1,1,-1,1,1,1,-1,-1,1,1,1,1,1,1,-1,1,1,-1,1,-1,1,1,1,-1,1,1,1,1,-1,1,1,1,-1,1,1,1,1,-1,-1,1,-1,1,1,1,1,-1,1,1,-1,1,1,-1,-1,1,1,-1,1,1,-1,1,1,1,1,-1,1,-1,1,1,-1,-1,1,1,-1,-1,1,-1,1,-1,1,-1,1,1,1,-1,1,1,-1,1,1,1,-1,1,-1,-1,1,1,1,-1,1,-1,-1,-1,1,1,1,1,-1,-1,1,-1,1,-1,1,1,-1,-1,1,1,-1,-1,1,-1,-1,1,1,-1,1,-1,-1,-1,-1,-1,-1,1,1,-1,-1,1,1,-1,1,-1,1,-1,1,1,-1,1,-1,-1,1,1,-1,1,1,-1,-1,-1,-1,1,1,1,1,-1,-1,1,-1,-1,1,-1,-1,1,-1,-1,1,-1,1,-1,-1,1,-1,-1,1,-1,-1,1,1,-1,1,-1,1,-1,-1,1,-1,1,-1,-1,-1,-1,1,-1,-1,1,1,-1,-1,1,-1,1,1,-1,1,-1,1,-1,1,-1,1,-1,-1,1,-1,-1,-1,-1,-1,1,1,-1,1,-1,1,-1,1,-1,1,1,-1,1,-1,1,-1,-1,-1,-1,-1,-1,1,-1,1,-1,-1,1,-1,1,-1,-1,1,-1,-1,1,-1,1,-1,-1,1,1,-1,1,1,-1,-1,1,1,-1,1,-1,-1,1,-1,1,1,1,1,-1,-1,-1,1,-1,1,1,1,-1,-1,1,1,-1,1,1,-1,1,1,1,1,-1,-1,1,-1,1,1,-1,1,-1,1,-1,-1,1,-1,-1,1,-1,-1,1,-1,-1,-1,1,1,-1,-1,1,-1,-1,1,1,-1,-1,1,-1,-1,-1,-1,-1,-1,1,-1,-1,-1,-1,-1,-1,1,-1,-1,1,1,1,1,1,-1,-1,1,1,-1,-1,1,-1,-1,-1,1,-1,-1,1,1,-1,1,1,1,-1,1,-1,1,1,1,-1,-1,-1,1,-1,1,1,-1,1,1,-1,1,1,1,-1,1,1,-1,-1,1,-1,1,1,1,-1,1,1,1,-1,-1,1,-1,1,1,1,1,-1,1,1,1,1,1,1,1,1,-1,1,-1,1,-1,-1,1,1,1,1,1,1,-1,1,1,1,1,1,1,-1,1,1,-1,1,-1,1,-1,1,1,1,1,1,1,-1,1,1,1,1,1,-1,-1,1,-1,1,1,1,-1,-1,1,-1,1,1,1,1,-1,1,1,1,1,1,-1,-1,1,-1,-1,1,-1,-1,-1,1,1,-1,1,1,-1,-1,-1,1,-1,1,1,-1,-1,-1,1,-1,1,1,-1,-1,-1,-1,1,1,1,-1,-1,-1,1,-1,-1,-1,-1,-1,-1,-1,-1,1,-1,-1,-1,-1,1,1,-1,1,-1,-1,-1,1,-1,-1,1,-1,-1,-1,-1,-1,-1,1,-1,-1,-1,-1,-1,1,-1,-1,-1,1,-1,-1,1,-1,1,-1,-1,-1,-1,-1,-1,-1,1,-1,-1,-1,1,1,-1,-1,-1,-1,1,-1,-1,-1,-1,-1,-1,-1,1,1,1,-1,-1,-1,-1,1,-1,1,1,-1,1,-1,-1,1,1,-1,-1,-1,-1,-1,-1,1,1,-1,-1,1,-1,1,1,-1,-1,-1,-1,-1,1,1,-1,-1,1,1,-1,1,1,-1,1,-1,-1,1,1,1,-1,-1,1,-1,-1,1,1,1,1,-1,1,-1,1,1,-1,1,-1,-1,-1,1,1,1,1,-1,1,-1,1,1,1,-1,1,-1,-1,1,1,1,1,1,-1,-1,1,1,1,1,-1,-1,-1,1,-1,1,1,1,-1,1,1,1,-1,1,1,-1,-1,1,1,1,1,1,-1,1,1,1,1,1,1,-1,1,-1,1,1,1,1,-1,1,-1,1,1,1,-1,-1,1,-1,1,1,1,1,1,-1,-1,1,1,-1,1,1,1,1,-1,1,1,-1,1,1,-1,1,1,1,1,-1,1,-1,1,1,1,1,1,-1,-1,-1,1,1,1,-1,1,-1,1,1,1,-1,1,1,-1,1,1,1,1,1,-1,-1,1,1,1,1,1,-1,-1,1,1,1,1,-1,1,1,-1,1,1,1,-1,1,-1,1,1,1,1,-1,-1,1,1,1,-1,1,1,-1,1,1,1,1,1,-1,-1,1,-1,1,1,1,-1,-1,1,1,1,1,1,-1,-1,1,1,1,1,1,1,-1,1,-1,1,1,1,1,-1,1,1,1,1,1,-1,-1,1,1,1,1,1,1,-1,-1,1,1,-1,1,-1,1,-1,1,1,-1,1,1,-1,-1,1,-2654.0,1,2000,445,500,True
2542,-1,-1,1,1,1,1,-1,1,-1,-1,-1,1,-1,-1,-1,-1,1,-1,1,-1,-1,1,-1,-1,-1,1,-1,-1,-1,-1,-1,-1,1,-1,-1,1,1,-1,-1,1,-1,-1,1,-1,-1,-1,-1,1,-1,-1,-1,-1,1,1,-1,1,-1,1,-1,-1,1,1,-1,1,-1,-1,-1,-1,1,-1,1,-1,-1,-1,1,1,1,1,-1,-1,-1,1,1,-1,-1,-1,-1,1,1,1,1,-1,-1,-1,1,1,-1,1,-1,1,-1,1,1,1,-1,-1,-1,-1,1,1,1,1,-1,-1,-1,1,1,1,1,-1,-1,-1,-1,1,1,1,-1,-1,1,1,1,1,-1,-1,-1,1,1,1,1,-1,-1,-1,1,-1,1,1,1,-1,-1,-1,-1,1,1,1,1,-1,1,1,1,1,-1,-1,-1,-1,1,-1,1,-1,1,-1,1,-1,1,1,-1,-1,-1,-1,1,1,-1,1,1,-1,1,-1,1,-1,-1,-1,-1,1,-1,1,-1,-1,1,-1,1,-1,1,-1,-1,1,-1,1,1,1,1,-1,1,-1,1,-1,1,-1,-1,1,-1,1,-1,1,1,-1,1,1,-1,1,-1,1,-1,1,1,1,-1,1,1,-1,1,-1,1,-1,1,-1,-1,1,1,1,-1,-1,1,-1,1,-1,-1,-1,1,-1,-1,1,-1,1,-1,1,1,-1,1,1,-1,-1,1,-1,1,1,1,-1,-1,1,-1,1,1,1,1,-1,-1,1,-1,1,1,1,-1,1,1,-1,1,1,-1,-1,1,1,1,1,1,-1,-1,1,1,-1,1,1,1,-1,-1,1,1,1,1,1,-1,1,-1,1,1,-1,1,-1,1,-1,1,1,1,1,-1,1,-1,1,1,1,-1,-1,1,-1,1,1,1,-1,1,-1,1,1,1,1,-1,1,-1,1,1,1,1,1,1,1,-1,-1,1,1,1,1,1,-1,-1,-1,1,-1,1,1,-1,-1,-1,1,1,-1,1,-1,-1,-1,1,1,-1,1,-1,-1,1,-1,1,-1,1,-1,-1,1,-1,1,-1,1,-1,1,-1,-1,1,1,-1,-1,-1,1,1,1,-1,1,-1,-1,-1,1,1,-1,1,-1,-1,1,-1,1,-1,1,-1,-1,-1,-1,1,-1,1,1,1,1,-1,1,1,-1,1,-1,-1,-1,1,-1,-1,1,1,1,-1,-1,1,-1,1,-1,-1,-1,-1,1,-1,1,1,1,-1,-1,1,-1,1,-1,-1,-1,-1,1,-1,-1,1,1,-1,-1,1,-1,1,1,-1,1,-1,1,-1,1,1,1,-1,-1,-1,-1,1,1,-1,1,-1,1,-1,1,-1,1,-1,-1,-1,1,1,1,1,-1,-1,-1,-1,1,-1,-1,-1,-1,-1,-1,1,1,1,-1,1,-1,-1,1,-1,-1,1,-1,-1,-1,1,-1,1,-1,1,-1,-1,1,-1,1,-1,1,-1,-1,1,-1,1,1,1,-1,-1,-1,1,1,-1,1,-1,-1,-1,1,1,1,-1,1,1,-1,1,1,1,1,1,-1,1,-1,1,1,-1,1,-1,1,-1,-1,1,-1,-1,1,-1,-1,1,-1,-1,-1,1,1,-1,1,1,-1,-1,1,1,-1,-1,1,-1,-1,-1,-1,-1,1,1,-1,-1,-1,-1,-1,1,1,-1,-1,1,1,1,-1,1,-1,1,-1,1,-1,1,1,-1,-1,-1,1,-1,-1,1,1,-1,1,1,1,1,1,1,-1,-1,1,-1,1,1,1,-1,-1,1,-1,1,1,-1,-1,1,1,-1,1,1,-1,-1,1,-1,1,1,1,1,-1,1,1,-1,1,1,1,-1,1,1,1,1,1,1,-1,-1,1,1,1,1,1,-1,1,1,-1,1,1,1,-1,-1,1,1,1,-1,1,-1,-1,1,1,1,1,1,-1,-1,-1,1,1,1,1,-1,-1,1,1,1,1,-1,1,-1,1,-1,1,-1,-1,1,-1,1,-1,1,1,-1,-1,1,-1,1,1,-1,-1,-1,-1,1,-1,1,1,-1,1,-1,1,-1,1,-1,1,-1,-1,1,-1,1,1,-1,1,-1,1,-1,1,1,-1,1,-1,1,-1,1,1,-1,1,1,1,1,1,-1,1,1,-1,1,1,1,1,-1,1,-1,1,-1,1,1,-1,1,1,-1,1,1,1,-1,1,1,-1,1,1,1,-1,1,-1,-1,1,1,-1,1,1,-1,1,-1,1,-1,1,1,1,-1,1,1,1,1,1,1,-1,1,1,-1,1,1,1,1,1,1,-1,1,1,1,-1,1,1,-1,1,1,-1,1,1,1,1,1,1,1,-1,1,1,-1,1,1,-1,1,1,1,-1,1,1,-1,-1,1,-1,-1,1,1,-1,1,1,-1,-1,-1,-1,-1,1,1,1,-1,1,1,-1,1,1,1,-1,1,-1,1,1,1,-1,1,1,-1,-1,1,1,1,-1,-1,1,-1,1,1,-1,1,-1,-1,-1,1,1,-1,-1,-1,1,-1,1,1,1,-1,1,-1,-1,1,1,-1,-1,-1,1,-1,1,1,-1,-1,-1,-1,-1,1,-1,1,-1,-1,-1,1,1,1,-1,-1,-1,1,-1,1,1,-1,-1,1,-1,1,1,1,1,-1,-1,-1,1,-1,-1,-1,-1,-1,-1,1,-1,1,-1,-1,-1,-1,1,-1,1,-1,-1,1,1,1,-1,1,-1,1,-1,1,-1,-1,-1,1,-1,1,-1,1,-1,1,1,-1,1,1,1,-1,1,1,-1,1,-1,1,-1,-1,1,-1,1,-1,1,-1,-1,1,-1,1,-1,1,1,-1,1,-1,-1,1,-1,1,-1,1,-1,1,1,-1,1,-1,1,1,1,-1,1,-1,1,-1,1,1,-1,1,-1,-1,-1,-1,1,-1,1,-1,1,-1,1,1,-1,1,-1,-1,1,1,1,-1,1,1,1,1,-1,1,-1,1,-1,1,1,1,1,-1,1,-1,1,1,1,1,1,1,1,1,1,1,1,-1,1,-1,1,-1,-1,1,-1,1,-1,1,1,1,1,1,1,1,1,1,-1,1,-1,1,-1,1,1,-1,1,1,-1,1,1,-2654.0,1,2000,445,500,True
2543,1,1,-1,-1,1,1,-1,1,1,1,1,-1,-1,1,1,1,-1,1,-1,-1,-1,1,1,1,1,1,-1,-1,1,1,1,1,-1,-1,-1,1,-1,1,1,1,-1,-1,1,1,1,1,1,1,-1,-1,1,1,1,1,-1,-1,1,-1,1,1,1,-1,-1,1,1,1,1,1,1,-1,1,-1,1,1,1,1,-1,-1,1,1,1,1,1,-1,-1,1,1,1,1,-1,1,1,-1,1,1,1,1,-1,-1,1,1,1,1,1,1,-1,-1,1,1,1,1,-1,-1,-1,1,1,1,1,1,-1,-1,1,1,1,1,-1,-1,-1,1,1,1,1,1,-1,-1,1,1,1,1,1,-1,-1,1,1,1,1,1,-1,-1,-1,1,1,1,1,1,-1,1,1,1,1,1,-1,-1,-1,1,1,-1,1,1,-1,1,1,1,1,1,-1,-1,1,1,1,1,-1,1,-1,1,1,1,1,1,-1,-1,-1,1,1,1,1,1,-1,-1,1,-1,-1,1,1,-1,-1,1,1,1,1,1,-1,1,1,-1,-1,1,1,-1,1,1,1,1,1,1,1,-1,1,-1,1,1,1,-1,-1,1,1,1,1,1,-1,-1,1,-1,-1,1,1,1,-1,1,-1,1,1,1,-1,1,1,1,-1,1,1,-1,-1,-1,1,1,-1,1,1,1,-1,1,1,-1,1,1,1,1,1,1,-1,1,1,1,1,-1,1,1,1,1,1,1,1,1,1,1,-1,-1,1,-1,1,-1,1,1,1,1,1,1,-1,1,1,1,-1,1,1,1,1,1,1,1,-1,1,-1,1,-1,1,1,1,1,-1,1,1,1,1,1,1,-1,1,1,1,1,1,-1,-1,1,1,1,1,1,-1,1,1,1,-1,1,1,1,-1,1,1,1,1,1,-1,1,1,-1,1,1,1,1,1,1,1,1,1,1,-1,1,1,1,-1,1,1,1,1,1,1,1,-1,1,-1,1,-1,1,-1,1,1,1,-1,-1,1,1,-1,1,-1,1,1,1,-1,-1,-1,-1,1,1,1,-1,1,1,-1,1,1,-1,-1,1,1,-1,1,1,-1,1,1,1,1,1,1,1,-1,-1,1,1,1,-1,1,-1,1,-1,-1,1,1,1,-1,-1,-1,1,-1,1,1,1,-1,1,-1,1,1,1,1,1,-1,-1,1,-1,1,-1,1,-1,-1,-1,1,1,1,1,-1,-1,1,-1,1,1,1,-1,1,-1,1,-1,1,1,-1,-1,1,-1,1,1,1,-1,-1,-1,1,1,1,1,-1,-1,1,1,1,1,-1,1,-1,1,-1,1,1,-1,1,1,-1,1,1,1,-1,1,-1,1,-1,1,1,-1,-1,1,-1,1,1,1,1,-1,1,-1,-1,-1,1,1,-1,1,-1,1,-1,1,-1,-1,1,-1,-1,1,-1,1,-1,-1,1,-1,1,-1,1,1,-1,1,-1,-1,1,1,1,-1,1,-1,1,-1,-1,-1,1,-1,1,1,-1,-1,1,-1,1,-1,1,-1,1,-1,1,1,1,-1,-1,-1,1,-1,1,1,1,-1,-1,-1,1,1,-1,1,-1,-1,-1,1,1,-1,1,-1,-1,1,1,1,-1,1,-1,-1,-1,-1,1,1,1,-1,1,-1,-1,1,-1,1,-1,1,1,-1,1,-1,1,1,-1,-1,-1,-1,-1,1,1,-1,-1,-1,1,-1,-1,1,-1,-1,-1,-1,1,1,-1,-1,-1,-1,-1,1,1,-1,1,-1,1,1,1,1,1,-1,-1,-1,-1,-1,1,-1,1,-1,-1,1,-1,1,1,-1,1,-1,-1,1,1,1,-1,1,-1,1,-1,1,1,-1,-1,-1,1,-1,1,1,-1,1,-1,-1,-1,1,1,1,-1,1,-1,-1,1,1,-1,-1,-1,-1,-1,1,1,-1,-1,1,-1,-1,-1,-1,1,-1,1,-1,-1,1,-1,-1,1,-1,1,-1,1,1,-1,1,-1,1,-1,1,-1,-1,1,-1,1,-1,1,1,-1,1,-1,-1,-1,-1,1,-1,1,-1,1,-1,-1,1,-1,1,-1,1,-1,-1,-1,1,1,-1,-1,-1,-1,1,-1,-1,-1,-1,-1,-1,-1,-1,1,-1,-1,-1,-1,1,1,-1,1,-1,-1,-1,1,-1,-1,1,-1,-1,-1,-1,-1,1,1,-1,-1,-1,-1,-1,1,-1,-1,-1,1,-1,-1,1,-1,1,-1,-1,-1,-1,-1,-1,-1,1,-1,-1,-1,1,1,-1,-1,-1,-1,1,-1,-1,-1,1,-1,-1,-1,1,-1,1,-1,-1,1,-1,1,-1,1,-1,-1,1,-1,-1,1,1,-1,-1,-1,-1,-1,-1,1,1,-1,-1,1,-1,1,1,-1,-1,-1,1,-1,-1,1,-1,-1,1,1,-1,1,1,1,-1,1,-1,1,1,1,-1,-1,1,-1,-1,1,1,-1,-1,-1,-1,-1,1,1,-1,1,1,-1,-1,1,1,-1,-1,1,-1,-1,1,-1,-1,-1,1,-1,-1,1,1,1,-1,-1,-1,-1,1,1,-1,-1,1,-1,-1,1,-1,1,-1,1,-1,-1,-1,1,1,-1,-1,-1,-1,1,1,1,-1,1,-1,-1,1,1,1,-1,-1,-1,-1,1,-1,-1,-1,-1,-1,1,1,1,-1,-1,-1,-1,1,-1,1,1,-1,-1,1,-1,1,1,-1,1,-1,1,1,1,-1,1,-1,1,-1,1,1,-1,1,-1,1,-1,1,-1,1,1,-1,-1,1,-1,1,-1,1,-1,1,-1,1,1,-1,1,-1,1,-1,1,-1,-1,1,-1,1,-1,1,-1,1,1,-1,-1,-1,-1,-1,1,1,1,-1,1,1,1,1,1,-1,-1,1,1,1,-1,1,-1,-1,1,-1,1,1,1,-1,-1,-1,-1,-1,-1,-1,-1,-1,1,-1,1,1,1,-1,1,1,-1,-1,1,1,-1,-1,1,-1,1,1,1,-1,-1,1,-1,1,1,1,-1,-1,1,-1,-1,1,1,-1,-1,1,-1,1,-1,1,1,-1,1,-1,-1,1,1,1,-1,-1,1,-1,1,1,1,-1,1,-1,-1,1,-2654.0,1,2000,445,1000,True
2544,-1,-1,1,1,1,1,-1,1,-1,-1,-1,-1,1,1,-1,-1,1,-1,1,-1,-1,1,-1,-1,-1,1,-1,-1,1,-1,-1,-1,1,-1,-1,1,1,-1,-1,1,-1,-1,1,-1,-1,-1,-1,-1,1,-1,-1,-1,1,1,-1,-1,-1,1,-1,-1,1,-1,-1,1,-1,-1,-1,-1,-1,-1,1,-1,-1,-1,1,-1,-1,1,-1,-1,-1,-1,-1,-1,-1,-1,-1,1,-1,-1,1,-1,-1,-1,1,-1,-1,-1,-1,1,-1,1,-1,-1,-1,-1,-1,-1,1,-1,-1,1,-1,-1,-1,1,-1,-1,1,-1,-1,-1,1,1,-1,-1,-1,-1,1,1,1,-1,-1,-1,-1,1,1,1,-1,-1,-1,-1,1,1,1,-1,1,-1,-1,-1,1,1,-1,-1,1,-1,1,1,1,-1,-1,-1,-1,-1,1,1,-1,-1,1,-1,1,1,-1,-1,-1,-1,-1,-1,1,-1,-1,1,1,-1,1,1,-1,-1,-1,-1,-1,1,1,-1,1,-1,1,-1,1,1,1,-1,-1,1,-1,1,1,-1,-1,1,1,-1,1,1,-1,-1,1,1,1,1,1,1,-1,-1,1,1,1,1,-1,-1,1,1,-1,1,-1,1,-1,-1,1,1,1,1,-1,1,-1,1,1,1,-1,-1,1,-1,1,1,1,-1,1,1,-1,1,1,1,-1,1,-1,-1,1,-1,-1,-1,1,-1,-1,1,1,1,-1,1,-1,-1,1,-1,1,-1,-1,1,-1,1,1,1,-1,1,1,-1,1,1,-1,-1,-1,1,-1,1,-1,-1,-1,1,-1,-1,1,1,1,-1,1,1,-1,1,-1,-1,-1,1,1,-1,-1,1,-1,-1,1,1,-1,1,-1,-1,-1,1,-1,-1,1,-1,-1,-1,1,-1,1,1,-1,-1,1,-1,1,-1,1,-1,1,1,1,1,-1,1,-1,1,1,1,-1,1,1,-1,-1,1,1,-1,1,-1,-1,-1,1,1,-1,1,-1,-1,1,-1,1,1,1,-1,-1,1,1,1,-1,1,1,-1,1,-1,1,-1,-1,1,-1,-1,1,1,-1,1,-1,-1,1,1,1,-1,1,1,-1,1,1,-1,-1,1,-1,1,1,-1,1,-1,1,-1,1,1,-1,-1,1,1,-1,-1,1,-1,1,-1,-1,1,-1,1,1,-1,-1,1,-1,-1,1,1,-1,1,-1,1,-1,-1,1,-1,-1,1,-1,-1,-1,1,-1,1,-1,1,-1,-1,1,-1,-1,-1,-1,-1,-1,1,-1,-1,1,1,-1,-1,1,-1,1,-1,-1,1,-1,1,-1,-1,1,1,-1,-1,-1,1,-1,-1,-1,1,-1,1,-1,-1,1,1,-1,-1,-1,1,-1,1,1,-1,-1,-1,-1,-1,-1,-1,1,-1,-1,1,-1,1,1,1,1,-1,-1,1,-1,-1,1,-1,-1,-1,1,-1,1,-1,1,-1,-1,-1,-1,1,-1,1,-1,-1,1,-1,1,1,1,-1,-1,-1,-1,1,-1,1,-1,-1,-1,1,1,1,-1,1,1,-1,1,1,1,1,1,-1,1,-1,1,1,-1,1,-1,1,-1,-1,1,-1,-1,1,-1,-1,1,-1,-1,-1,1,1,-1,1,1,-1,-1,1,1,-1,-1,1,-1,-1,-1,-1,-1,1,1,-1,-1,-1,-1,-1,1,1,-1,-1,1,1,1,-1,1,-1,-1,1,1,-1,1,1,-1,-1,-1,1,-1,-1,1,1,-1,1,1,1,1,1,-1,1,1,1,-1,1,1,1,-1,1,1,-1,1,1,-1,1,1,1,-1,1,1,-1,-1,1,-1,1,1,1,-1,1,1,-1,-1,1,1,-1,1,1,-1,1,1,1,1,1,1,1,1,1,1,-1,1,-1,1,-1,1,1,1,1,1,1,1,1,1,-1,1,-1,1,-1,1,1,1,-1,1,-1,1,1,1,1,1,1,1,1,1,1,-1,1,1,-1,-1,1,-1,-1,1,1,1,-1,1,1,-1,1,-1,1,1,1,-1,-1,1,-1,1,-1,1,1,-1,1,-1,1,-1,1,-1,-1,1,-1,1,-1,1,1,-1,1,-1,1,-1,1,1,-1,1,-1,1,-1,1,1,-1,1,1,1,1,1,-1,1,1,-1,1,1,1,1,-1,1,-1,1,-1,1,1,-1,1,1,-1,1,1,-1,1,-1,1,-1,1,1,1,-1,1,-1,-1,1,1,-1,1,1,-1,1,-1,1,-1,-1,1,-1,-1,1,1,-1,1,1,1,-1,1,1,-1,1,1,-1,1,1,1,-1,-1,1,1,-1,1,1,-1,-1,1,-1,1,1,1,-1,1,1,-1,1,1,1,-1,1,1,1,-1,1,1,-1,-1,1,-1,-1,1,-1,-1,-1,1,-1,1,1,-1,-1,-1,1,-1,1,1,1,-1,1,1,-1,1,1,1,-1,1,-1,1,1,1,-1,-1,1,-1,1,1,1,1,1,-1,1,-1,1,1,1,-1,1,-1,-1,1,1,-1,1,-1,1,-1,1,1,1,1,1,-1,-1,1,1,1,1,1,-1,-1,1,1,-1,1,-1,-1,-1,1,-1,1,1,1,-1,1,1,1,-1,1,1,-1,-1,1,1,1,1,1,-1,1,1,1,1,1,1,-1,1,-1,1,1,1,1,-1,1,-1,1,1,1,-1,1,1,1,1,1,1,1,1,-1,1,1,1,-1,1,1,1,1,-1,1,1,1,-1,1,1,1,1,1,1,1,1,-1,1,1,1,1,1,-1,1,1,1,1,-1,1,1,1,-1,1,1,-1,1,-1,1,-1,1,1,1,-1,1,-1,1,1,1,1,1,-1,-1,1,1,1,-1,1,1,1,1,1,1,1,1,1,1,1,1,1,1,1,-1,1,1,1,-1,1,1,-1,-1,-1,1,1,1,1,-1,1,1,1,1,1,1,-1,-1,1,1,1,1,1,-1,1,1,1,1,1,1,-1,1,1,1,1,1,1,-1,1,1,1,1,1,1,-1,1,-1,1,1,1,1,-1,-1,1,1,1,1,1,-1,1,1,1,-1,1,1,1,-1,1,-2654.0,1,2000,445,1500,True
2545,1,1,-1,-1,1,1,-1,1,1,1,1,-1,1,1,1,1,-1,1,-1,-1,-1,1,1,1,1,-1,1,-1,1,1,1,1,1,-1,-1,1,-1,1,1,1,-1,-1,1,1,1,1,-1,-1,1,-1,1,1,-1,1,-1,-1,1,-1,1,1,1,-1,-1,-1,1,1,1,-1,-1,-1,1,-1,1,1,1,-1,-1,1,-1,1,1,-1,-1,-1,-1,1,1,1,-1,1,1,1,-1,1,1,-1,-1,1,-1,1,1,1,-1,-1,1,-1,-1,1,1,-1,-1,1,-1,-1,1,1,-1,-1,1,-1,-1,1,1,1,-1,1,-1,-1,1,1,1,-1,-1,-1,-1,1,1,1,-1,1,-1,-1,1,1,1,-1,-1,-1,-1,-1,1,1,-1,1,1,-1,-1,1,1,-1,1,-1,-1,-1,1,1,-1,1,1,-1,1,1,-1,-1,1,-1,-1,1,1,-1,1,-1,1,-1,1,1,-1,-1,-1,-1,-1,-1,1,-1,1,1,1,-1,1,1,1,-1,1,1,-1,-1,1,-1,-1,1,1,-1,1,1,-1,-1,1,1,-1,1,1,1,-1,1,1,1,-1,1,-1,-1,1,1,-1,-1,1,1,-1,1,1,-1,-1,1,-1,1,1,1,1,-1,1,-1,1,1,1,-1,1,1,1,1,1,1,-1,-1,-1,1,-1,1,1,1,1,-1,1,1,-1,1,1,1,1,1,1,-1,1,1,1,1,-1,1,1,1,1,1,1,1,1,1,1,-1,-1,1,-1,1,-1,1,1,1,1,1,1,-1,1,1,1,-1,1,1,-1,1,1,1,1,-1,1,-1,1,-1,1,1,1,1,-1,1,1,1,1,1,1,-1,1,1,1,1,1,-1,1,1,1,1,1,1,1,-1,1,1,-1,1,1,-1,1,1,1,1,1,1,1,-1,1,-1,1,1,1,1,-1,1,1,1,1,1,1,1,1,1,-1,1,1,-1,-1,1,1,1,-1,1,1,-1,-1,1,-1,1,1,1,1,-1,1,1,-1,1,1,-1,1,1,-1,-1,-1,-1,-1,1,1,-1,1,1,-1,-1,1,-1,-1,1,1,1,1,1,-1,1,1,1,-1,-1,1,1,1,-1,1,-1,1,-1,1,-1,1,-1,-1,1,1,1,-1,-1,-1,-1,1,1,1,1,-1,1,-1,1,1,1,1,1,-1,-1,1,-1,1,-1,1,-1,-1,-1,1,1,1,1,-1,-1,1,-1,1,1,1,-1,1,-1,1,-1,1,1,-1,-1,1,-1,1,1,1,-1,-1,-1,1,1,1,1,-1,-1,1,-1,1,1,-1,1,-1,1,1,1,1,-1,1,-1,-1,1,1,1,-1,1,-1,1,-1,1,1,-1,-1,1,-1,1,1,1,1,-1,1,-1,-1,1,1,1,-1,1,-1,-1,1,1,-1,-1,1,-1,-1,1,-1,1,-1,-1,1,-1,1,-1,1,1,-1,1,-1,-1,1,1,1,-1,1,-1,1,-1,-1,-1,1,-1,1,1,-1,-1,1,-1,1,-1,1,-1,1,-1,1,1,1,-1,-1,-1,-1,-1,1,-1,1,-1,-1,-1,1,1,-1,1,-1,-1,-1,1,1,-1,1,-1,-1,-1,1,1,-1,1,-1,-1,-1,-1,1,1,1,-1,1,-1,-1,1,-1,1,-1,-1,1,-1,1,-1,1,1,-1,-1,-1,-1,-1,1,1,-1,1,-1,-1,-1,1,1,-1,-1,-1,1,1,1,-1,-1,-1,-1,1,1,1,-1,1,-1,1,-1,1,1,1,-1,-1,-1,-1,-1,1,-1,1,-1,-1,1,-1,1,1,-1,1,-1,-1,1,1,1,-1,1,-1,-1,-1,1,1,-1,1,-1,-1,-1,1,1,-1,1,-1,-1,-1,1,1,-1,-1,1,-1,-1,1,1,-1,-1,-1,-1,-1,1,1,1,-1,1,-1,-1,-1,-1,1,-1,1,-1,-1,1,-1,-1,1,-1,1,-1,-1,1,-1,1,-1,1,-1,1,-1,-1,1,-1,1,-1,-1,1,-1,1,-1,-1,-1,-1,1,-1,1,-1,1,-1,-1,1,-1,1,-1,1,-1,-1,-1,1,1,-1,-1,-1,-1,1,-1,-1,-1,-1,-1,-1,-1,-1,1,-1,-1,-1,-1,1,1,-1,1,-1,-1,-1,1,-1,-1,1,-1,-1,-1,-1,-1,1,1,-1,-1,-1,-1,-1,1,-1,-1,-1,1,-1,-1,1,-1,1,-1,-1,-1,-1,-1,-1,-1,1,-1,-1,-1,1,1,1,-1,-1,-1,1,-1,-1,-1,-1,-1,-1,-1,1,-1,1,-1,-1,-1,-1,1,-1,1,1,-1,1,-1,-1,1,1,-1,-1,-1,-1,-1,-1,1,1,-1,-1,1,-1,1,1,-1,-1,-1,1,-1,-1,1,-1,-1,1,1,-1,1,1,1,-1,1,-1,1,1,1,-1,-1,1,-1,-1,1,1,1,1,-1,-1,-1,1,1,1,-1,1,-1,-1,1,1,1,1,-1,1,-1,1,-1,1,1,1,-1,-1,1,1,1,1,1,-1,-1,1,1,1,1,-1,-1,-1,1,-1,1,1,1,-1,-1,-1,1,-1,1,1,-1,-1,1,1,1,1,1,-1,-1,1,1,1,1,1,-1,-1,1,-1,1,1,1,-1,1,1,1,1,1,-1,-1,1,-1,1,1,1,-1,-1,1,1,1,1,-1,1,-1,-1,1,-1,1,1,1,-1,-1,1,1,1,1,1,-1,-1,1,1,1,1,1,-1,1,1,-1,1,1,-1,1,-1,1,-1,1,1,-1,1,-1,1,-1,-1,1,1,-1,1,1,1,1,1,-1,-1,1,-1,1,-1,1,-1,1,-1,-1,1,1,-1,-1,1,-1,1,-1,-1,1,-1,1,1,1,1,-1,1,-1,-1,1,-1,-1,-1,-1,-1,1,-1,1,1,1,-1,1,1,1,-1,1,1,1,-1,1,1,1,1,1,1,-1,1,1,1,1,1,-1,1,1,1,-1,1,1,-1,-1,1,1,-1,-1,1,-1,-1,1,1,1,1,1,-1,1,1,-1,1,1,1,-1,1,-1,1,-1,1,-2654.0,1,2000,445,1000,True
2546,1,1,-1,-1,1,1,-1,1,1,1,1,-1,-1,1,1,1,-1,1,-1,-1,-1,1,1,1,1,1,-1,-1,1,1,1,1,-1,-1,-1,1,-1,1,1,1,-1,-1,1,1,1,1,1,1,-1,-1,1,1,-1,1,-1,-1,1,-1,1,1,1,-1,-1,-1,1,1,1,1,1,-1,1,-1,1,1,1,1,-1,-1,1,1,1,-1,1,-1,-1,1,1,1,1,1,1,1,-1,1,1,1,-1,-1,-1,1,1,1,1,1,-1,-1,-1,1,1,1,1,-1,-1,-1,1,1,1,1,1,-1,-1,1,1,1,1,-1,-1,-1,1,1,1,1,-1,-1,-1,1,1,1,1,-1,-1,-1,1,1,1,1,1,-1,-1,-1,1,1,1,-1,1,-1,-1,1,1,1,-1,1,-1,1,1,1,1,-1,1,-1,1,1,1,1,-1,-1,-1,1,1,1,-1,1,1,-1,1,1,1,-1,-1,-1,-1,-1,1,1,-1,-1,1,-1,1,1,-1,1,-1,1,-1,-1,1,1,1,-1,1,-1,1,1,1,1,-1,1,-1,1,1,-1,-1,-1,1,1,-1,1,-1,1,-1,1,1,-1,1,-1,1,-1,1,-1,-1,1,-1,-1,-1,1,1,-1,1,1,-1,-1,1,-1,1,1,-1,-1,-1,1,-1,-1,1,-1,1,-1,1,1,1,1,-1,-1,1,1,1,1,1,1,-1,1,1,1,1,1,-1,-1,-1,1,1,1,1,1,-1,-1,1,1,1,1,1,-1,1,1,1,1,1,-1,1,-1,1,-1,1,-1,1,1,1,1,1,1,1,-1,-1,1,1,-1,1,1,1,-1,1,1,1,1,1,1,1,1,1,1,1,1,1,1,-1,1,1,1,1,1,-1,1,1,1,1,-1,1,1,-1,1,1,1,1,1,-1,1,1,1,1,1,1,-1,1,-1,1,1,1,1,-1,1,-1,1,1,1,1,-1,1,-1,1,-1,-1,1,-1,1,1,-1,1,1,1,1,-1,1,-1,1,-1,1,-1,1,-1,-1,1,-1,-1,-1,1,1,1,1,-1,1,-1,1,-1,1,-1,1,1,1,1,-1,1,-1,1,1,-1,1,-1,-1,-1,-1,1,1,-1,1,-1,-1,1,-1,1,-1,-1,-1,1,-1,-1,1,-1,1,-1,1,-1,1,1,-1,-1,-1,1,1,-1,1,-1,1,-1,-1,1,-1,1,-1,-1,-1,-1,1,-1,-1,1,1,-1,-1,1,-1,1,1,-1,1,-1,1,-1,1,-1,1,-1,1,1,-1,1,-1,-1,-1,1,1,-1,1,-1,1,-1,1,-1,1,1,1,1,-1,1,-1,-1,1,-1,-1,-1,1,-1,1,-1,-1,1,1,1,-1,-1,1,-1,-1,1,-1,1,-1,1,-1,1,-1,1,1,-1,1,-1,1,-1,1,-1,-1,1,-1,1,1,-1,1,-1,-1,1,1,-1,-1,1,-1,-1,1,1,1,1,1,1,-1,1,1,1,-1,-1,-1,1,-1,1,1,-1,1,-1,1,1,-1,1,-1,-1,1,-1,-1,1,-1,-1,-1,1,1,-1,-1,1,-1,-1,1,1,-1,-1,1,-1,-1,-1,-1,-1,-1,1,-1,-1,-1,-1,-1,-1,1,-1,-1,1,1,1,1,1,-1,1,1,1,-1,-1,1,-1,1,-1,1,-1,-1,1,1,-1,1,1,1,-1,1,1,-1,-1,1,-1,-1,-1,1,-1,-1,1,-1,1,1,-1,-1,1,1,-1,1,1,-1,-1,1,-1,1,1,1,1,-1,1,1,-1,-1,1,1,-1,1,1,1,-1,1,1,-1,-1,1,1,1,1,1,-1,1,1,-1,-1,1,1,-1,-1,1,1,-1,1,1,-1,-1,1,-1,-1,1,1,-1,-1,-1,1,-1,1,1,-1,-1,1,1,-1,1,1,-1,-1,-1,1,-1,-1,-1,1,-1,1,-1,-1,1,-1,-1,-1,1,1,-1,-1,1,-1,-1,1,1,-1,1,-1,-1,1,-1,1,-1,-1,1,-1,-1,1,-1,-1,-1,1,-1,-1,1,-1,-1,-1,1,-1,1,-1,1,-1,-1,-1,-1,-1,1,-1,-1,-1,1,-1,1,-1,-1,-1,-1,-1,-1,1,-1,-1,-1,-1,1,1,-1,1,-1,-1,-1,1,-1,-1,1,-1,-1,-1,-1,-1,1,1,-1,-1,-1,-1,-1,1,-1,-1,-1,1,-1,-1,1,-1,1,-1,-1,-1,-1,-1,-1,-1,1,-1,-1,-1,1,1,-1,-1,-1,-1,1,-1,-1,-1,-1,-1,-1,-1,1,1,1,-1,-1,-1,-1,1,-1,1,1,-1,1,-1,-1,1,1,-1,-1,-1,-1,-1,-1,1,1,-1,-1,1,-1,1,1,-1,-1,-1,1,-1,1,1,-1,-1,-1,-1,-1,1,1,1,-1,-1,-1,1,1,1,-1,-1,1,-1,-1,1,1,-1,-1,1,-1,-1,1,1,-1,1,-1,-1,-1,1,1,-1,-1,1,-1,-1,1,1,-1,-1,1,-1,-1,1,1,1,-1,-1,1,-1,1,1,-1,-1,1,-1,-1,1,-1,1,-1,-1,1,-1,-1,1,1,-1,-1,1,-1,1,1,1,-1,-1,1,-1,1,1,1,-1,-1,1,1,-1,-1,-1,-1,1,-1,1,-1,1,-1,-1,1,-1,1,-1,1,-1,-1,1,1,1,-1,1,-1,1,-1,1,-1,-1,1,1,-1,-1,1,1,-1,1,1,-1,1,-1,1,-1,1,1,-1,1,1,-1,-1,-1,1,-1,1,-1,1,-1,-1,1,1,-1,1,1,-1,1,1,-1,-1,1,-1,-1,-1,1,-1,1,1,-1,1,1,1,1,1,-1,1,-1,1,1,1,1,-1,1,-1,-1,1,-1,1,-1,1,1,1,1,-1,1,1,-1,-1,-1,1,1,1,-1,1,1,1,1,1,1,-1,-1,1,1,1,1,1,-1,-1,1,1,1,1,1,1,-1,1,1,1,1,1,1,-1,1,1,1,1,1,-1,-1,1,1,1,1,1,1,-1,1,1,1,1,1,-1,1,-1,1,1,-1,1,1,-1,1,1,-2654.0,1,2000,445,500,True
2547,1,1,-1,-1,1,-1,1,1,1,1,1,-1,1,1,1,1,-1,1,-1,-1,1,1,1,1,1,-1,1,1,1,1,1,1,-1,-1,1,1,-1,1,1,1,-1,1,1,1,1,1,1,-1,1,-1,1,1,-1,1,-1,-1,-1,-1,1,1,1,-1,-1,1,1,1,1,1,1,1,1,-1,1,1,1,1,1,1,-1,1,1,-1,-1,1,-1,1,1,1,1,-1,1,-1,-1,1,1,1,1,-1,-1,1,1,1,1,1,-1,-1,-1,1,1,1,1,1,-1,-1,1,1,1,1,-1,-1,-1,1,1,1,1,1,-1,-1,1,1,1,1,-1,-1,-1,1,1,1,1,-1,-1,-1,1,1,1,1,-1,-1,-1,-1,1,1,1,-1,1,-1,1,1,1,1,-1,-1,-1,-1,1,1,1,-1,1,-1,1,1,1,1,-1,-1,-1,1,1,1,1,1,1,-1,1,1,1,-1,-1,-1,-1,-1,1,1,-1,-1,1,-1,-1,1,-1,1,-1,1,-1,-1,1,1,1,-1,1,-1,1,1,-1,1,-1,1,-1,1,1,1,1,1,1,1,-1,1,-1,1,-1,1,1,-1,1,1,1,1,1,-1,-1,1,-1,-1,1,1,1,-1,-1,1,-1,1,1,-1,1,1,-1,-1,1,1,-1,-1,1,-1,1,1,1,1,1,1,-1,1,1,1,1,-1,1,-1,1,1,1,1,1,1,-1,1,1,1,1,1,1,1,-1,1,1,-1,-1,-1,1,1,1,1,1,-1,-1,1,-1,1,1,1,1,-1,1,1,1,1,1,1,-1,-1,-1,1,1,-1,1,-1,1,-1,1,1,1,1,-1,1,1,1,1,1,-1,1,1,-1,1,1,1,-1,1,1,-1,1,1,1,-1,1,1,1,1,1,1,1,1,1,-1,-1,1,1,1,1,1,-1,-1,1,1,-1,1,1,-1,-1,1,1,1,-1,1,-1,-1,1,1,1,-1,1,-1,-1,-1,1,1,-1,1,1,-1,-1,1,1,-1,1,-1,1,1,1,1,1,-1,-1,-1,-1,1,1,-1,1,-1,-1,1,-1,1,-1,1,-1,-1,1,1,1,-1,1,-1,-1,1,1,1,-1,1,1,1,-1,1,1,1,1,1,-1,1,1,1,-1,-1,1,1,1,1,-1,1,-1,1,-1,1,1,1,1,-1,1,1,-1,1,-1,1,-1,1,-1,-1,1,-1,1,-1,-1,1,-1,1,-1,1,-1,1,1,-1,1,-1,1,-1,-1,1,-1,1,-1,-1,-1,1,1,1,1,-1,1,-1,1,-1,1,1,-1,-1,-1,1,1,1,-1,-1,-1,-1,1,-1,1,1,-1,-1,-1,1,-1,-1,1,-1,-1,-1,1,-1,1,-1,-1,-1,-1,1,-1,-1,-1,1,-1,-1,-1,1,1,-1,1,-1,-1,1,-1,-1,1,1,-1,-1,-1,1,-1,1,1,-1,-1,-1,1,-1,-1,1,1,1,-1,1,-1,1,-1,1,1,1,-1,1,1,-1,-1,1,1,1,-1,1,-1,1,-1,1,1,1,-1,-1,-1,1,-1,1,1,1,-1,-1,-1,1,1,-1,1,-1,-1,-1,1,1,1,1,-1,-1,1,1,1,1,1,-1,-1,-1,-1,1,1,1,-1,1,-1,-1,1,-1,1,-1,-1,1,1,-1,-1,1,1,-1,-1,-1,-1,-1,1,1,-1,-1,-1,1,-1,1,1,-1,-1,-1,-1,1,1,-1,-1,-1,-1,-1,1,1,-1,1,-1,-1,1,1,1,1,-1,-1,-1,-1,-1,1,1,-1,-1,-1,1,-1,1,1,-1,-1,-1,-1,1,1,1,-1,1,-1,1,-1,1,1,-1,-1,1,-1,-1,1,1,-1,-1,-1,1,-1,1,1,1,-1,1,1,-1,1,1,-1,-1,-1,1,-1,1,1,1,-1,1,-1,-1,-1,-1,1,-1,1,-1,-1,1,-1,1,-1,1,1,-1,1,1,-1,-1,1,1,-1,1,-1,1,-1,1,-1,-1,1,1,-1,-1,1,-1,-1,-1,1,1,-1,1,1,-1,-1,1,-1,-1,1,-1,-1,-1,-1,1,1,1,1,-1,-1,1,1,-1,1,1,-1,-1,-1,1,-1,-1,1,-1,-1,1,1,1,-1,1,-1,-1,1,1,1,-1,1,-1,-1,-1,1,-1,-1,1,-1,-1,-1,1,-1,1,-1,-1,1,-1,1,1,-1,1,-1,-1,-1,1,1,-1,1,1,-1,-1,-1,1,1,1,-1,-1,-1,1,1,-1,1,-1,-1,-1,1,-1,1,1,-1,-1,-1,-1,1,-1,1,1,-1,1,-1,-1,1,1,-1,-1,-1,-1,-1,-1,1,1,-1,-1,1,-1,1,1,-1,-1,-1,1,-1,1,1,-1,-1,1,-1,-1,1,1,1,-1,1,-1,1,1,1,-1,-1,1,-1,-1,1,1,-1,-1,1,-1,-1,1,1,-1,1,1,-1,-1,1,1,-1,-1,1,-1,-1,1,1,-1,-1,1,-1,-1,1,1,1,-1,-1,1,-1,-1,1,1,-1,1,-1,-1,1,-1,1,-1,-1,1,-1,-1,1,1,-1,-1,1,-1,1,1,1,-1,-1,1,-1,1,1,1,-1,-1,1,1,-1,1,-1,-1,1,-1,1,-1,1,1,-1,1,1,-1,1,1,1,-1,1,1,1,-1,1,-1,1,-1,1,-1,-1,1,1,-1,1,-1,1,-1,1,1,-1,-1,1,1,-1,1,1,-1,-1,-1,1,-1,-1,-1,-1,1,-1,1,-1,-1,1,-1,1,-1,1,1,-1,1,-1,-1,1,-1,1,-1,-1,1,-1,-1,-1,1,-1,-1,-1,1,-1,1,-1,1,-1,1,-1,1,1,-1,-1,1,1,-1,-1,1,-1,1,-1,1,-1,-1,1,-1,-1,1,1,-1,-1,1,1,-1,-1,1,-1,-1,1,-1,1,1,1,1,-1,1,-1,1,-1,1,-1,-1,1,1,1,-1,1,1,-1,1,-1,1,1,1,1,-1,1,-1,1,-1,-1,1,-1,1,1,1,-1,1,1,-1,1,-1,1,1,-1,1,-1,-1,1,1,-2654.0,1,2000,445,1000,True
2548,1,1,-1,-1,1,1,-1,1,1,1,1,-1,-1,1,1,1,-1,1,-1,-1,-1,1,1,1,1,1,-1,-1,1,1,1,1,-1,-1,-1,1,-1,1,1,1,-1,-1,1,1,1,1,1,1,-1,-1,1,1,1,1,-1,-1,-1,-1,1,1,1,-1,-1,-1,1,1,1,1,1,-1,1,-1,1,1,1,1,-1,1,-1,1,1,-1,1,-1,-1,1,1,1,1,-1,-1,1,-1,1,1,1,1,1,-1,1,1,1,1,1,1,-1,-1,1,1,1,1,-1,-1,-1,1,1,1,1,1,-1,-1,1,1,1,1,-1,-1,-1,1,1,1,1,1,-1,-1,1,1,1,1,1,-1,-1,1,1,1,1,1,-1,-1,-1,1,1,1,1,1,-1,-1,1,1,1,1,1,-1,-1,1,1,1,1,1,-1,1,1,1,1,1,-1,-1,1,1,1,1,-1,1,-1,1,1,1,1,1,-1,-1,-1,1,1,1,1,1,-1,-1,1,-1,-1,1,1,-1,-1,1,1,1,1,1,-1,1,1,-1,-1,1,1,-1,1,1,1,1,1,1,1,-1,1,-1,-1,1,1,1,-1,1,1,1,1,1,-1,-1,1,-1,-1,1,1,1,-1,1,-1,1,1,1,-1,1,1,1,1,1,1,-1,-1,-1,1,1,-1,1,1,1,-1,1,1,-1,1,1,1,1,1,1,-1,1,1,1,1,-1,1,1,1,1,1,1,1,1,1,1,-1,-1,1,1,1,-1,1,1,1,1,-1,1,-1,1,1,1,-1,1,1,1,1,1,1,1,-1,1,-1,1,-1,1,1,1,1,-1,1,1,1,1,1,1,1,1,1,1,1,1,-1,1,1,1,1,1,1,-1,1,1,1,-1,1,1,1,-1,1,1,1,1,1,-1,1,1,1,1,1,1,1,1,1,1,1,1,1,-1,1,1,1,-1,1,1,-1,1,1,1,1,-1,1,-1,1,1,1,-1,1,1,1,-1,1,1,1,-1,1,-1,1,1,1,-1,-1,-1,-1,1,1,1,-1,1,1,-1,1,1,-1,-1,1,1,1,1,1,-1,1,1,1,-1,1,1,1,-1,-1,1,1,-1,-1,1,-1,1,-1,1,-1,1,1,-1,-1,-1,1,-1,-1,1,1,-1,1,1,-1,1,1,1,1,-1,1,-1,-1,1,-1,1,-1,1,-1,1,1,1,1,-1,-1,1,-1,1,1,1,-1,1,1,1,-1,1,1,-1,1,-1,-1,1,1,1,-1,1,-1,1,1,1,1,-1,1,-1,-1,1,1,-1,1,1,1,-1,1,1,-1,-1,1,-1,1,1,1,-1,1,-1,1,-1,1,1,-1,-1,1,-1,1,1,1,1,-1,-1,-1,-1,-1,1,1,-1,-1,-1,1,-1,1,-1,-1,1,-1,-1,1,-1,1,-1,-1,1,-1,1,-1,1,-1,-1,1,-1,-1,1,1,1,-1,1,-1,1,-1,1,1,1,-1,1,1,-1,-1,-1,1,1,1,-1,-1,1,-1,1,1,1,-1,-1,-1,1,-1,1,1,1,-1,-1,-1,1,1,-1,1,-1,-1,-1,1,1,-1,1,-1,-1,-1,1,1,-1,1,-1,-1,-1,-1,1,1,1,-1,1,-1,-1,1,-1,1,-1,-1,1,-1,1,-1,1,1,-1,-1,-1,-1,-1,1,1,-1,-1,-1,1,-1,1,1,-1,-1,-1,-1,1,1,-1,-1,-1,-1,-1,1,1,-1,1,-1,1,1,1,1,1,-1,-1,-1,-1,-1,1,1,-1,-1,-1,1,-1,1,1,-1,-1,-1,-1,1,1,1,-1,1,-1,1,-1,1,1,-1,-1,-1,1,-1,1,1,-1,1,-1,-1,-1,1,1,-1,-1,1,-1,-1,1,1,-1,-1,-1,-1,-1,1,1,1,-1,1,-1,-1,-1,-1,1,-1,1,-1,-1,1,-1,-1,1,-1,1,-1,1,1,-1,1,-1,1,-1,1,-1,-1,1,-1,1,-1,1,1,-1,1,-1,-1,-1,-1,1,-1,1,-1,1,-1,-1,1,-1,1,-1,1,-1,-1,-1,1,1,-1,-1,-1,-1,1,-1,-1,-1,-1,-1,-1,-1,-1,1,-1,-1,-1,-1,1,1,-1,1,-1,-1,-1,1,-1,-1,1,-1,-1,-1,-1,-1,1,1,-1,-1,-1,-1,-1,1,-1,-1,-1,1,-1,-1,1,-1,1,-1,-1,-1,-1,-1,-1,-1,1,-1,-1,-1,1,1,1,-1,-1,-1,1,-1,-1,-1,1,-1,-1,-1,1,-1,1,-1,-1,1,-1,1,-1,1,-1,-1,1,-1,-1,1,1,-1,-1,-1,-1,-1,-1,1,1,-1,-1,1,-1,1,1,-1,-1,-1,1,-1,1,1,-1,-1,1,1,-1,1,1,1,-1,1,-1,1,1,1,-1,-1,1,-1,-1,1,1,-1,-1,-1,-1,-1,1,1,-1,1,1,-1,-1,1,1,-1,-1,1,-1,-1,1,1,-1,-1,1,-1,-1,1,1,1,-1,-1,-1,-1,1,1,-1,-1,1,-1,-1,1,-1,1,-1,1,-1,-1,-1,1,1,-1,-1,1,-1,1,1,1,-1,1,-1,-1,1,1,1,-1,-1,-1,-1,-1,1,-1,-1,-1,-1,1,-1,1,-1,-1,-1,-1,1,-1,1,1,-1,-1,-1,1,-1,1,-1,1,-1,1,-1,-1,1,1,-1,1,-1,1,-1,1,1,-1,1,-1,1,-1,1,1,-1,-1,1,-1,-1,-1,1,-1,1,-1,1,-1,-1,1,-1,1,-1,1,-1,1,1,-1,1,-1,1,-1,-1,1,-1,-1,-1,-1,1,1,1,1,-1,1,1,-1,1,1,-1,-1,1,1,-1,-1,1,-1,-1,1,1,1,1,1,-1,-1,-1,-1,-1,-1,-1,-1,-1,-1,1,1,1,1,-1,1,1,-1,1,1,1,-1,-1,1,-1,1,1,1,-1,-1,1,-1,1,1,1,-1,-1,1,-1,1,1,1,-1,-1,1,-1,1,1,1,1,-1,1,-1,1,1,1,-1,-1,-1,1,-1,1,1,1,-1,1,-1,1,1,-2654.0,1,2000,445,1000,True
2549,-1,-1,1,1,1,1,-1,1,-1,-1,-1,1,-1,-1,-1,-1,1,-1,1,-1,-1,1,-1,-1,-1,1,-1,-1,1,-1,-1,-1,1,-1,-1,1,1,-1,-1,1,-1,-1,1,-1,-1,-1,-1,1,-1,-1,-1,-1,1,1,-1,1,-1,1,-1,-1,-1,1,-1,1,-1,-1,-1,-1,1,-1,1,-1,-1,-1,-1,1,1,1,-1,-1,-1,1,1,-1,-1,-1,-1,-1,1,1,1,-1,-1,-1,-1,1,-1,1,-1,1,-1,-1,1,1,-1,-1,-1,-1,-1,1,1,1,-1,-1,-1,-1,-1,1,1,-1,-1,-1,-1,-1,1,1,-1,-1,1,-1,-1,1,-1,-1,-1,1,-1,-1,1,-1,-1,-1,1,-1,-1,1,1,-1,-1,-1,-1,-1,-1,1,1,-1,1,1,-1,-1,-1,-1,-1,-1,1,-1,1,-1,1,-1,1,-1,-1,1,-1,-1,-1,-1,-1,-1,-1,1,1,-1,1,-1,-1,-1,-1,-1,-1,1,-1,-1,-1,-1,1,-1,1,1,-1,1,-1,1,-1,1,-1,-1,-1,-1,1,-1,1,1,-1,-1,-1,1,-1,1,-1,1,-1,-1,1,1,-1,1,-1,-1,-1,1,1,1,-1,1,-1,-1,1,-1,1,-1,1,1,-1,1,1,1,-1,-1,1,-1,1,-1,-1,-1,1,-1,-1,1,-1,1,-1,1,-1,-1,1,1,-1,-1,1,-1,1,1,1,-1,-1,1,-1,1,1,1,1,-1,1,-1,-1,1,1,1,-1,1,1,-1,1,1,-1,-1,-1,1,1,1,1,-1,-1,1,1,-1,1,-1,1,-1,-1,1,1,1,1,1,-1,1,1,1,1,-1,1,-1,1,-1,1,1,1,1,-1,1,-1,1,1,1,-1,-1,1,1,-1,1,1,-1,1,-1,-1,1,1,1,-1,1,-1,1,-1,1,1,1,1,1,-1,1,1,1,1,1,1,-1,1,1,1,-1,1,1,-1,1,1,1,1,1,1,-1,1,1,1,1,1,1,-1,1,-1,1,-1,1,1,-1,-1,-1,1,1,-1,1,-1,1,1,-1,-1,1,-1,-1,1,1,1,-1,1,1,-1,1,1,-1,1,-1,1,1,1,1,-1,1,-1,1,-1,1,1,-1,-1,-1,1,1,-1,-1,-1,1,1,-1,1,-1,1,1,-1,1,-1,1,-1,1,-1,-1,1,-1,1,-1,1,-1,-1,1,-1,1,-1,-1,1,-1,1,-1,1,-1,-1,-1,-1,1,-1,-1,1,-1,1,-1,1,-1,1,1,-1,1,-1,1,-1,1,-1,-1,1,-1,-1,-1,1,-1,1,1,-1,1,-1,1,-1,1,-1,-1,-1,1,1,-1,1,1,-1,-1,-1,1,-1,1,1,-1,-1,1,-1,1,-1,1,1,-1,-1,1,-1,1,1,-1,-1,-1,1,-1,-1,-1,1,-1,-1,1,-1,1,-1,1,-1,-1,1,-1,-1,1,1,-1,-1,-1,1,-1,1,1,-1,-1,-1,1,-1,-1,-1,1,1,-1,1,-1,1,1,1,1,1,-1,1,1,-1,-1,1,1,1,-1,1,-1,1,-1,1,1,1,-1,-1,-1,1,-1,1,1,1,-1,-1,-1,1,1,-1,1,-1,-1,-1,1,1,1,1,-1,-1,1,1,1,1,1,-1,-1,-1,-1,1,-1,1,-1,1,-1,-1,1,1,1,-1,1,1,1,-1,-1,1,1,-1,-1,-1,-1,1,1,1,-1,-1,1,-1,1,1,1,-1,-1,1,-1,1,1,-1,-1,-1,-1,-1,1,1,-1,1,-1,-1,1,1,1,1,-1,1,-1,-1,1,1,1,-1,1,-1,1,1,1,1,-1,-1,1,-1,1,1,1,-1,1,1,-1,1,1,1,-1,-1,1,1,1,-1,1,-1,-1,1,-1,1,1,1,-1,-1,1,1,1,1,1,-1,-1,1,1,1,1,-1,1,-1,1,-1,1,-1,-1,1,-1,1,-1,1,1,-1,-1,1,-1,1,1,-1,-1,-1,1,1,-1,1,1,-1,1,-1,1,-1,1,-1,1,-1,1,1,1,1,1,-1,1,-1,1,-1,1,1,-1,-1,1,1,-1,1,1,-1,1,1,1,1,1,-1,1,1,-1,1,1,1,1,-1,1,-1,1,-1,1,1,-1,1,1,-1,1,1,1,-1,1,1,-1,1,1,1,-1,1,-1,-1,1,1,1,1,1,1,1,-1,1,-1,1,1,-1,-1,1,1,1,1,1,1,-1,1,-1,1,1,1,-1,1,1,1,1,1,1,-1,-1,1,1,-1,1,1,-1,1,1,1,1,1,1,1,-1,1,1,1,-1,1,-1,1,1,1,1,1,1,-1,-1,1,-1,1,1,1,-1,1,1,-1,1,1,-1,-1,1,1,1,1,1,1,-1,1,1,-1,1,1,-1,1,1,1,1,1,1,-1,-1,1,1,1,1,-1,1,-1,1,1,-1,1,-1,-1,-1,1,1,-1,1,-1,1,-1,1,1,1,1,1,-1,-1,1,1,-1,1,1,-1,-1,1,1,-1,1,-1,-1,-1,1,-1,1,-1,1,-1,1,1,1,-1,-1,1,-1,-1,1,1,-1,-1,1,-1,1,1,1,1,-1,1,-1,1,-1,-1,-1,1,1,-1,1,-1,1,-1,-1,-1,-1,1,-1,1,-1,1,1,1,1,-1,1,-1,-1,1,1,-1,-1,-1,1,-1,-1,1,1,-1,1,1,-1,1,-1,1,-1,1,1,-1,1,1,-1,-1,-1,1,-1,1,-1,1,-1,-1,1,-1,1,1,1,-1,1,1,-1,-1,1,-1,-1,-1,1,-1,1,1,-1,1,1,1,1,1,-1,1,-1,1,-1,1,1,-1,1,-1,-1,-1,-1,1,-1,1,1,1,-1,1,1,1,-1,-1,-1,1,1,1,-1,1,1,1,1,-1,1,-1,-1,1,1,1,1,1,-1,-1,1,1,1,1,1,1,-1,1,1,1,1,1,1,-1,1,1,-1,-1,1,-1,-1,1,1,1,1,1,1,-1,1,1,1,-1,1,-1,1,-1,1,1,-1,1,1,-1,1,1,-2654.0,1,2000,445,500,True
2550,-1,-1,1,1,1,1,-1,1,-1,-1,-1,1,-1,1,-1,-1,1,-1,1,1,-1,-1,-1,-1,-1,1,-1,-1,-1,-1,-1,-1,1,1,-1,-1,1,-1,-1,-1,1,-1,-1,-1,-1,-1,-1,1,-1,1,-1,-1,1,-1,1,-1,-1,1,-1,-1,-1,1,1,1,-1,-1,-1,-1,-1,-1,-1,1,-1,-1,-1,-1,-1,-1,1,-1,-1,1,1,-1,1,-1,-1,-1,-1,1,-1,-1,-1,-1,-1,-1,-1,1,1,1,-1,-1,-1,-1,1,1,-1,-1,-1,-1,-1,1,1,1,-1,-1,-1,-1,1,1,-1,-1,-1,-1,-1,1,1,-1,1,-1,-1,-1,1,1,-1,1,-1,-1,-1,-1,1,-1,1,-1,-1,-1,1,1,1,-1,-1,-1,-1,-1,-1,1,-1,1,-1,-1,1,-1,1,1,-1,1,-1,1,1,-1,1,1,-1,-1,1,1,-1,-1,1,-1,1,-1,-1,1,1,1,-1,1,1,1,-1,1,1,-1,1,1,-1,1,1,1,-1,1,1,-1,1,1,-1,-1,-1,1,1,-1,1,1,-1,1,1,-1,1,1,1,-1,-1,1,-1,-1,1,1,-1,-1,1,-1,-1,1,-1,1,-1,1,-1,1,1,1,-1,1,1,-1,1,1,-1,1,-1,1,-1,1,1,1,-1,1,1,-1,1,-1,1,-1,1,-1,-1,1,1,1,-1,1,-1,-1,1,-1,1,-1,1,-1,1,1,1,1,-1,-1,1,1,1,1,1,1,-1,1,1,-1,-1,-1,1,1,-1,1,1,-1,-1,1,-1,-1,1,1,1,-1,1,1,1,1,1,1,-1,1,-1,1,1,-1,1,-1,1,1,-1,1,1,1,-1,1,1,1,1,1,-1,1,1,-1,1,1,1,-1,1,1,-1,1,1,1,-1,1,1,1,-1,1,1,1,1,1,-1,1,1,1,1,1,1,-1,1,-1,1,-1,1,1,-1,1,-1,1,1,-1,1,-1,1,-1,1,1,-1,1,-1,1,1,-1,1,-1,1,1,-1,1,-1,1,-1,1,-1,1,-1,-1,1,1,-1,-1,1,1,1,1,-1,1,-1,1,-1,1,1,-1,1,1,1,-1,1,1,-1,1,-1,1,-1,-1,1,-1,1,1,-1,1,-1,1,1,-1,1,-1,-1,-1,1,-1,-1,1,-1,1,-1,-1,1,-1,1,-1,-1,-1,-1,1,-1,1,-1,1,-1,-1,1,-1,1,-1,-1,-1,-1,1,-1,-1,1,1,-1,-1,1,-1,1,1,-1,1,-1,1,-1,1,-1,1,-1,-1,-1,-1,-1,-1,-1,1,-1,1,-1,1,-1,1,-1,-1,-1,1,1,-1,1,-1,-1,-1,-1,1,-1,-1,1,-1,-1,1,-1,-1,1,1,1,-1,-1,1,-1,-1,1,-1,-1,-1,1,-1,1,-1,1,-1,-1,-1,-1,1,-1,1,-1,-1,1,-1,1,1,1,-1,-1,-1,1,1,-1,1,-1,1,-1,1,1,1,-1,1,1,-1,1,1,1,1,1,-1,1,-1,-1,1,-1,1,-1,1,1,1,1,1,-1,1,-1,-1,-1,1,1,-1,1,1,-1,1,-1,1,-1,1,1,-1,1,-1,1,-1,-1,-1,-1,1,-1,1,-1,-1,-1,-1,1,-1,1,-1,1,1,1,1,-1,1,-1,1,1,-1,1,-1,1,-1,-1,1,-1,1,-1,-1,1,1,1,1,1,-1,-1,1,-1,1,-1,1,-1,1,-1,-1,1,-1,-1,-1,1,-1,1,1,-1,-1,-1,1,1,1,-1,1,1,-1,-1,-1,1,-1,-1,1,-1,-1,1,1,1,1,1,1,1,-1,-1,1,1,-1,1,-1,-1,1,1,-1,1,1,-1,-1,-1,1,1,1,1,-1,-1,-1,1,-1,1,1,-1,-1,-1,-1,1,1,1,1,-1,-1,1,1,1,1,-1,1,-1,-1,-1,1,-1,-1,1,-1,1,-1,1,1,-1,1,-1,1,1,1,-1,-1,-1,-1,1,-1,1,1,-1,1,-1,1,-1,1,-1,1,-1,-1,1,1,1,-1,-1,1,-1,1,-1,1,1,-1,-1,-1,1,-1,1,1,-1,1,1,1,1,1,-1,1,1,-1,1,1,1,1,-1,1,-1,1,-1,1,1,-1,1,1,-1,1,1,1,-1,1,1,-1,1,1,1,-1,1,-1,-1,1,1,1,-1,1,-1,1,-1,1,-1,-1,1,1,-1,1,1,-1,-1,1,1,-1,1,1,1,-1,-1,1,1,1,1,1,1,1,1,-1,1,1,-1,-1,1,-1,1,1,1,1,-1,-1,1,-1,1,1,1,-1,-1,-1,1,1,1,1,-1,-1,-1,-1,1,-1,1,-1,1,-1,1,1,1,1,1,-1,-1,1,1,1,1,-1,-1,-1,1,1,-1,1,-1,-1,1,1,1,1,-1,1,-1,-1,1,1,1,1,1,-1,-1,1,1,1,-1,1,-1,-1,1,1,1,1,1,-1,-1,1,1,1,1,1,-1,-1,1,1,-1,1,1,1,-1,1,1,-1,1,1,-1,-1,1,-1,-1,1,1,1,-1,-1,1,-1,1,1,1,-1,1,1,-1,1,1,1,-1,1,1,-1,1,1,1,1,-1,1,1,1,1,-1,1,-1,1,1,1,1,1,-1,1,1,1,1,-1,1,1,-1,1,1,-1,1,1,-1,-1,1,-1,1,1,-1,1,-1,1,-1,1,-1,-1,1,-1,1,-1,1,-1,1,-1,-1,-1,1,1,-1,-1,1,-1,-1,-1,1,-1,-1,1,-1,1,-1,1,1,-1,-1,-1,-1,1,1,-1,-1,-1,1,1,1,1,-1,1,1,-1,1,1,-1,-1,1,1,-1,-1,-1,1,-1,1,1,1,1,1,-1,-1,-1,-1,-1,-1,-1,-1,-1,-1,1,1,1,1,-1,1,1,-1,1,1,1,1,-1,1,-1,1,1,1,1,-1,1,-1,1,1,1,1,-1,1,-1,1,1,1,1,-1,1,-1,1,1,1,-1,-1,1,-1,1,1,1,-1,-1,-1,1,-1,1,-1,1,-1,1,-1,1,1,-2654.0,1,2000,445,1500,True
2551,-1,-1,1,1,1,1,-1,1,-1,-1,-1,1,-1,1,-1,-1,1,-1,1,1,-1,1,-1,-1,-1,1,-1,-1,1,-1,-1,-1,1,1,-1,-1,1,-1,-1,-1,1,-1,-1,-1,-1,-1,1,1,-1,1,-1,-1,1,1,1,-1,1,-1,-1,-1,1,1,1,1,-1,-1,-1,1,1,-1,1,-1,-1,-1,1,-1,-1,-1,1,-1,-1,1,1,-1,1,-1,-1,1,1,1,-1,1,-1,-1,1,1,-1,1,1,1,-1,1,1,-1,1,1,-1,-1,1,1,-1,1,1,-1,-1,1,1,-1,1,1,-1,-1,1,1,-1,1,1,-1,1,1,1,-1,1,1,-1,1,1,1,-1,-1,1,-1,1,1,1,-1,1,1,1,-1,1,1,-1,-1,-1,1,-1,1,1,-1,1,-1,1,1,1,1,-1,1,1,-1,1,1,1,-1,1,1,-1,-1,1,1,1,-1,-1,1,1,1,-1,1,1,1,-1,1,1,1,1,1,-1,1,1,1,-1,1,1,-1,1,1,1,1,-1,1,1,-1,1,1,-1,1,1,-1,1,1,1,1,1,1,-1,-1,1,1,-1,-1,1,-1,-1,1,-1,1,1,1,-1,1,1,1,-1,1,1,-1,1,1,1,1,-1,1,-1,1,1,1,-1,1,1,-1,1,-1,1,-1,1,-1,-1,1,1,1,-1,1,-1,-1,1,1,1,-1,1,-1,1,1,1,1,-1,-1,1,1,1,-1,1,1,-1,1,1,-1,1,1,1,-1,-1,1,1,1,1,-1,1,-1,1,1,-1,1,1,-1,-1,1,1,-1,1,-1,1,-1,1,-1,1,1,1,1,-1,1,1,-1,1,1,-1,-1,1,1,-1,1,1,1,-1,1,1,-1,1,1,-1,1,1,1,1,-1,1,-1,-1,1,1,1,1,1,1,1,1,1,1,1,1,1,1,-1,1,1,1,1,1,1,-1,1,1,-1,1,1,1,-1,1,-1,-1,1,-1,1,1,-1,1,-1,1,1,1,1,-1,1,1,1,1,1,-1,-1,1,1,-1,-1,1,1,-1,1,-1,1,-1,1,-1,1,1,-1,1,1,1,-1,1,1,-1,1,-1,1,-1,-1,1,-1,1,1,1,1,-1,1,1,-1,1,1,-1,-1,1,-1,-1,1,-1,1,-1,-1,1,-1,1,1,-1,-1,1,1,-1,1,-1,1,1,-1,1,-1,1,-1,-1,-1,-1,1,-1,-1,1,1,-1,-1,1,-1,1,1,-1,1,-1,1,-1,1,-1,1,-1,-1,-1,-1,1,-1,-1,1,-1,1,-1,1,-1,1,-1,-1,-1,1,1,-1,1,-1,-1,-1,-1,1,-1,-1,1,-1,-1,1,-1,-1,1,1,1,-1,-1,1,-1,-1,1,-1,-1,-1,1,-1,1,-1,1,-1,-1,-1,-1,1,-1,1,-1,-1,1,-1,1,1,1,-1,-1,-1,1,1,-1,1,-1,-1,-1,1,1,1,-1,1,1,-1,1,1,1,1,1,-1,1,-1,-1,1,-1,1,-1,1,-1,-1,1,1,-1,1,-1,-1,-1,1,1,-1,1,1,-1,-1,-1,1,-1,1,1,-1,-1,-1,1,-1,-1,-1,-1,1,-1,1,-1,-1,-1,-1,-1,-1,1,-1,1,1,1,1,-1,1,-1,1,1,-1,1,-1,1,-1,-1,1,-1,1,-1,-1,1,1,1,1,1,1,-1,1,-1,1,-1,1,-1,1,-1,-1,1,-1,-1,-1,1,-1,1,1,-1,1,-1,1,1,1,1,1,1,-1,-1,-1,1,-1,-1,1,-1,-1,1,1,-1,1,1,1,1,-1,-1,1,1,1,1,-1,-1,1,1,-1,1,1,-1,-1,-1,1,1,1,1,-1,-1,-1,1,-1,1,1,-1,1,-1,-1,1,1,1,1,-1,-1,1,1,1,1,-1,1,-1,1,-1,1,-1,-1,1,-1,1,-1,1,1,-1,-1,-1,1,1,1,-1,-1,1,-1,1,-1,1,1,-1,-1,-1,1,-1,1,-1,-1,1,-1,1,-1,1,-1,-1,1,-1,1,-1,1,1,-1,1,-1,1,-1,1,1,-1,-1,-1,1,1,1,-1,1,1,-1,1,1,1,1,-1,-1,1,-1,1,1,1,-1,-1,-1,-1,1,1,-1,1,-1,1,-1,1,1,1,-1,-1,-1,-1,1,1,-1,-1,-1,-1,1,-1,1,-1,-1,-1,1,-1,1,1,-1,-1,-1,1,-1,1,1,-1,-1,-1,1,1,1,1,-1,1,-1,1,-1,1,1,-1,-1,-1,-1,1,1,-1,-1,-1,-1,1,-1,1,1,-1,1,-1,-1,1,1,1,-1,-1,-1,-1,-1,1,-1,-1,-1,1,-1,1,1,-1,-1,-1,1,-1,1,1,1,-1,1,-1,-1,1,1,1,-1,1,-1,1,1,1,-1,-1,1,-1,-1,1,1,-1,-1,1,-1,-1,1,1,-1,1,1,-1,-1,1,1,-1,-1,1,-1,-1,1,1,-1,-1,1,-1,-1,1,1,-1,-1,-1,1,-1,1,1,-1,-1,1,-1,-1,1,-1,-1,-1,1,1,-1,-1,1,-1,1,-1,1,-1,1,1,-1,1,-1,1,-1,1,1,-1,1,1,1,-1,-1,-1,-1,1,1,-1,1,-1,1,-1,1,1,-1,1,-1,1,1,1,-1,-1,1,-1,1,1,-1,1,-1,-1,-1,1,-1,1,-1,1,-1,-1,1,-1,1,-1,-1,-1,-1,1,-1,1,-1,1,-1,-1,-1,1,1,-1,1,-1,-1,-1,-1,1,-1,1,-1,-1,1,-1,1,1,1,1,-1,-1,1,1,-1,-1,1,1,1,1,1,-1,1,-1,-1,1,1,-1,-1,1,-1,-1,-1,-1,1,-1,1,1,1,1,1,-1,-1,-1,-1,-1,-1,-1,-1,-1,1,-1,1,1,1,-1,1,1,-1,1,1,1,1,-1,1,-1,1,1,1,1,-1,1,-1,1,1,1,1,-1,1,-1,1,1,1,1,-1,1,-1,1,1,1,-1,-1,1,-1,-1,1,1,-1,-1,-1,1,-1,1,1,1,-1,1,-1,-1,1,-2654.0,1,2000,445,1500,True
2552,1,1,-1,-1,1,1,-1,1,1,1,1,-1,1,1,1,1,-1,1,-1,-1,-1,1,1,1,1,-1,-1,-1,1,1,1,1,1,-1,-1,1,-1,1,1,1,-1,-1,1,1,1,1,1,-1,1,1,1,1,-1,1,-1,-1,1,-1,1,1,1,-1,-1,-1,1,1,1,1,-1,-1,1,-1,1,1,1,-1,-1,1,-1,1,1,-1,-1,-1,-1,1,1,1,-1,-1,1,1,-1,1,1,-1,-1,-1,-1,1,1,1,-1,-1,-1,-1,-1,1,1,-1,-1,1,-1,-1,1,1,-1,-1,-1,-1,-1,1,1,1,-1,1,-1,-1,-1,1,1,-1,-1,-1,-1,1,1,1,-1,-1,-1,-1,-1,1,1,-1,1,-1,-1,1,1,1,-1,-1,1,-1,-1,1,1,-1,-1,1,-1,1,1,1,-1,-1,1,-1,1,1,-1,1,-1,-1,-1,1,1,-1,-1,1,1,-1,1,1,-1,-1,-1,-1,-1,-1,1,1,-1,-1,1,-1,1,1,-1,1,-1,1,-1,-1,1,1,1,-1,1,-1,1,1,-1,1,-1,1,-1,1,1,1,1,1,1,1,-1,1,-1,-1,1,1,-1,-1,1,1,-1,1,1,-1,-1,1,-1,1,1,1,1,-1,1,1,-1,1,1,-1,1,1,-1,-1,1,1,-1,-1,1,-1,1,1,1,1,1,1,-1,1,1,1,1,1,1,-1,-1,1,1,1,1,1,-1,-1,1,1,1,1,1,1,-1,1,1,-1,-1,1,1,-1,1,1,1,1,1,-1,1,1,1,1,1,-1,1,1,1,1,1,1,1,-1,-1,1,1,-1,1,1,1,-1,1,1,1,1,1,1,1,1,1,1,1,1,1,1,-1,1,1,1,1,1,-1,-1,1,1,-1,1,1,1,1,1,1,-1,1,1,-1,-1,1,-1,1,1,1,-1,-1,1,1,-1,1,1,-1,-1,1,1,-1,1,1,-1,-1,1,1,1,-1,1,-1,1,-1,1,-1,1,1,1,-1,-1,1,1,-1,1,-1,1,1,1,-1,-1,-1,-1,1,1,1,-1,1,1,-1,1,1,-1,1,-1,1,-1,1,1,-1,-1,1,-1,1,-1,1,1,1,-1,1,1,1,-1,1,-1,1,-1,-1,1,1,1,-1,-1,-1,1,1,1,1,-1,1,-1,-1,1,1,1,1,-1,-1,-1,1,-1,1,-1,1,-1,-1,-1,-1,-1,1,1,-1,-1,1,-1,1,1,-1,-1,1,-1,1,1,1,-1,-1,-1,1,-1,1,-1,-1,-1,-1,-1,1,1,-1,1,-1,-1,1,1,1,-1,-1,1,-1,1,1,1,-1,-1,-1,-1,-1,1,1,-1,-1,1,-1,-1,-1,1,1,-1,-1,1,-1,1,-1,1,-1,-1,-1,-1,-1,-1,1,-1,-1,-1,-1,1,-1,1,-1,-1,-1,-1,-1,1,1,-1,-1,-1,-1,-1,1,1,-1,-1,-1,-1,-1,-1,1,1,1,-1,-1,-1,1,-1,1,-1,1,1,-1,1,-1,-1,1,1,1,1,-1,-1,1,-1,1,1,1,-1,-1,-1,1,-1,1,1,1,-1,-1,-1,1,1,-1,1,-1,-1,-1,1,1,-1,1,-1,-1,1,1,1,-1,1,-1,-1,-1,-1,1,1,1,-1,1,-1,-1,1,-1,1,-1,-1,1,1,-1,-1,1,1,-1,-1,-1,-1,-1,1,1,-1,-1,-1,1,-1,1,1,-1,-1,1,-1,1,1,-1,-1,-1,-1,-1,1,1,-1,1,-1,-1,1,1,1,1,-1,-1,-1,-1,-1,1,-1,1,-1,-1,1,-1,1,1,-1,1,-1,-1,1,1,1,-1,1,-1,1,-1,1,1,-1,1,-1,-1,-1,1,1,-1,1,-1,1,-1,1,1,1,-1,1,-1,-1,1,1,-1,-1,-1,1,-1,-1,1,-1,-1,1,-1,-1,1,-1,1,-1,1,-1,-1,1,-1,-1,1,-1,1,-1,1,1,-1,1,-1,1,-1,-1,-1,1,-1,1,-1,-1,-1,1,-1,1,-1,-1,-1,-1,1,-1,1,-1,1,-1,-1,1,-1,1,1,-1,-1,-1,-1,1,1,1,1,-1,-1,1,-1,-1,1,1,-1,-1,-1,-1,1,-1,1,-1,-1,1,1,1,1,1,-1,-1,1,-1,-1,1,1,-1,-1,-1,-1,1,-1,1,-1,-1,-1,-1,-1,1,-1,-1,1,-1,-1,1,-1,1,-1,-1,-1,-1,-1,1,1,1,-1,-1,-1,1,1,1,-1,-1,-1,1,-1,-1,1,-1,-1,-1,-1,1,1,1,-1,-1,-1,-1,1,-1,1,1,-1,1,-1,-1,1,1,-1,-1,-1,-1,-1,-1,1,1,-1,-1,1,-1,1,1,-1,-1,-1,1,-1,1,1,-1,-1,1,-1,-1,1,1,1,-1,1,-1,1,1,1,-1,-1,1,-1,-1,1,1,1,-1,1,-1,-1,1,1,-1,1,1,-1,-1,1,1,-1,1,1,-1,-1,1,1,1,1,1,-1,-1,1,1,1,1,1,1,-1,1,1,1,1,1,1,-1,1,-1,1,1,1,1,-1,1,1,-1,1,1,1,-1,1,1,1,1,-1,1,-1,1,1,1,1,1,1,1,-1,1,1,1,1,-1,1,-1,1,1,1,1,-1,1,-1,1,1,1,1,1,-1,1,1,1,1,1,1,1,1,1,1,1,-1,1,1,1,1,1,1,-1,-1,1,-1,1,1,1,-1,1,-1,1,1,1,1,1,-1,1,1,1,1,1,-1,-1,1,-1,1,1,1,-1,1,-1,-1,1,1,1,-1,-1,-1,-1,1,1,1,1,-1,1,1,1,1,1,-1,-1,1,1,1,1,1,-1,-1,-1,1,-1,-1,1,-1,1,-1,-1,1,1,1,-1,1,-1,1,1,1,1,-1,-1,1,-1,1,1,1,-1,-1,1,-1,-1,1,1,-1,-1,1,1,1,1,1,1,1,1,-1,1,1,1,1,-1,1,-1,1,1,1,1,-1,1,1,1,1,1,1,-1,-1,1,1,1,-1,1,-1,1,-1,1,-2654.0,1,2000,445,1000,True
2553,1,1,-1,-1,1,-1,-1,1,1,1,1,-1,1,1,1,1,-1,1,-1,-1,-1,1,1,1,1,-1,-1,-1,1,1,1,1,1,-1,-1,1,-1,1,1,1,-1,-1,1,1,1,1,-1,-1,1,-1,1,1,1,1,-1,-1,-1,-1,1,1,-1,-1,-1,-1,1,1,1,-1,-1,-1,1,-1,1,1,1,-1,-1,1,-1,1,1,-1,-1,-1,-1,1,1,1,-1,-1,1,1,-1,1,1,-1,-1,-1,-1,1,1,1,-1,-1,-1,-1,-1,1,1,-1,-1,1,-1,-1,1,1,-1,-1,1,-1,-1,1,1,1,-1,-1,-1,-1,1,1,1,-1,-1,-1,-1,1,1,1,-1,-1,-1,-1,1,1,1,-1,1,-1,-1,-1,1,1,-1,-1,1,-1,1,1,1,-1,-1,1,-1,-1,1,1,-1,-1,1,-1,1,1,-1,-1,-1,-1,-1,1,1,-1,-1,1,1,-1,1,1,-1,-1,-1,-1,-1,-1,1,-1,1,-1,1,-1,-1,1,1,-1,-1,1,-1,-1,1,-1,-1,-1,1,-1,1,1,-1,-1,-1,1,-1,1,1,1,-1,-1,1,1,-1,1,-1,-1,1,1,-1,-1,1,1,-1,-1,1,-1,-1,1,-1,1,-1,1,1,-1,1,-1,1,-1,1,-1,1,1,1,-1,-1,1,-1,-1,-1,1,-1,1,1,1,1,-1,1,-1,1,1,1,1,1,1,-1,1,1,1,1,1,-1,1,-1,1,1,1,1,1,1,-1,1,-1,-1,1,-1,1,1,1,1,1,1,1,-1,1,1,1,1,-1,1,1,1,1,1,1,1,-1,1,1,1,-1,1,1,1,-1,1,1,1,1,1,1,-1,1,1,1,1,1,1,-1,1,1,1,1,1,-1,1,-1,1,1,-1,1,-1,1,1,1,1,-1,1,1,-1,-1,1,-1,1,1,1,-1,-1,1,1,1,1,1,-1,-1,1,1,-1,1,1,-1,-1,1,1,1,-1,1,-1,1,1,1,-1,1,1,-1,-1,1,1,1,-1,1,-1,1,1,1,-1,-1,-1,-1,1,1,1,-1,1,1,-1,1,1,-1,1,-1,1,-1,1,1,-1,-1,1,-1,1,-1,1,1,1,-1,1,1,1,-1,1,-1,1,-1,-1,1,1,1,-1,-1,-1,1,1,-1,1,-1,1,-1,-1,1,1,1,1,-1,-1,-1,1,-1,1,-1,1,-1,-1,-1,1,1,1,1,-1,-1,1,-1,1,1,-1,-1,1,-1,1,-1,1,-1,-1,-1,1,-1,1,-1,-1,-1,-1,-1,1,1,-1,1,-1,-1,1,-1,1,-1,-1,1,-1,1,-1,1,-1,-1,-1,-1,-1,1,1,-1,-1,1,-1,-1,-1,1,1,-1,-1,1,-1,1,-1,1,-1,-1,-1,-1,-1,-1,1,-1,-1,-1,1,1,-1,1,-1,-1,-1,-1,-1,1,1,-1,-1,-1,-1,-1,1,1,-1,-1,-1,-1,-1,-1,1,1,1,-1,-1,-1,1,-1,1,1,-1,1,1,1,-1,-1,-1,-1,1,1,-1,-1,1,-1,1,1,1,-1,-1,-1,-1,-1,1,1,1,-1,-1,-1,1,1,-1,1,-1,-1,-1,1,1,-1,1,-1,-1,-1,1,1,-1,1,-1,-1,-1,-1,1,1,1,-1,1,-1,-1,1,-1,1,-1,1,1,-1,1,-1,1,1,-1,-1,-1,-1,-1,1,1,-1,-1,-1,1,-1,1,1,-1,-1,-1,-1,1,1,-1,-1,-1,-1,-1,1,1,-1,1,-1,1,1,1,1,1,-1,-1,-1,-1,-1,1,-1,1,-1,-1,1,-1,1,1,-1,1,-1,-1,1,1,1,-1,1,-1,1,-1,1,1,-1,-1,-1,-1,-1,1,1,-1,1,-1,1,-1,1,1,1,-1,1,-1,-1,1,1,-1,-1,-1,1,-1,1,1,-1,-1,1,-1,-1,-1,-1,1,-1,1,-1,-1,1,-1,-1,1,-1,1,-1,1,1,-1,1,-1,1,-1,1,-1,1,-1,1,-1,-1,1,1,-1,1,-1,-1,-1,-1,1,-1,1,-1,1,-1,-1,1,-1,1,1,-1,-1,-1,-1,1,1,1,1,-1,-1,1,-1,-1,1,1,-1,-1,-1,-1,1,-1,1,-1,-1,1,1,-1,1,1,-1,-1,1,-1,-1,1,1,-1,-1,-1,-1,1,-1,1,-1,-1,-1,-1,-1,1,-1,-1,1,-1,-1,1,-1,1,-1,-1,-1,-1,-1,1,1,1,-1,-1,-1,1,1,1,-1,-1,-1,1,-1,-1,1,1,-1,-1,-1,1,1,1,1,-1,-1,-1,1,-1,1,-1,-1,1,-1,-1,1,1,1,-1,-1,-1,-1,-1,1,1,-1,-1,1,-1,1,1,-1,-1,-1,1,-1,1,1,-1,-1,1,1,-1,1,1,1,-1,1,-1,1,1,1,-1,-1,1,-1,-1,1,1,1,1,-1,1,-1,1,1,1,-1,1,-1,-1,1,1,1,1,-1,1,-1,1,1,1,1,1,-1,-1,1,1,1,1,1,1,-1,1,1,1,1,-1,-1,-1,1,1,1,1,1,-1,1,1,1,-1,1,1,-1,-1,1,1,1,1,1,-1,1,1,1,1,1,1,-1,1,-1,1,1,1,1,-1,1,-1,1,1,1,-1,1,1,-1,1,1,1,1,1,-1,1,1,1,-1,1,1,1,1,1,1,1,1,-1,1,1,1,1,1,1,1,1,-1,1,1,1,1,1,-1,1,1,1,1,-1,1,1,1,1,1,1,-1,1,1,-1,1,1,1,1,-1,-1,-1,1,1,1,1,1,-1,-1,1,-1,1,1,-1,1,1,1,1,1,1,-1,1,1,1,1,1,1,-1,-1,1,-1,1,-1,1,1,-1,-1,1,1,1,1,-1,-1,1,-1,1,1,-1,-1,1,-1,1,1,1,1,-1,1,-1,-1,1,1,1,-1,1,1,1,1,1,1,-1,1,-1,1,1,1,1,-1,1,-1,1,1,1,1,-1,1,1,1,1,-1,1,1,-1,1,1,1,-1,1,-1,1,-1,1,-2654.0,1,2000,445,1000,True
2554,1,1,-1,-1,1,-1,-1,1,1,1,1,-1,1,1,1,1,-1,1,-1,-1,-1,1,1,1,1,-1,-1,-1,1,1,1,1,1,-1,-1,1,-1,1,1,1,-1,-1,1,1,1,1,1,-1,1,-1,1,1,1,1,-1,-1,1,-1,1,1,1,-1,-1,-1,1,1,1,1,-1,-1,1,-1,1,1,1,-1,-1,1,1,1,1,-1,-1,-1,-1,1,1,1,-1,-1,-1,1,-1,1,1,-1,-1,1,-1,1,1,1,-1,-1,1,-1,-1,1,1,-1,-1,-1,-1,-1,1,1,-1,-1,1,-1,-1,1,1,1,-1,-1,-1,-1,1,1,1,-1,1,-1,-1,1,1,1,-1,1,-1,-1,1,1,1,-1,1,-1,-1,-1,1,1,-1,-1,1,-1,-1,1,1,-1,1,1,-1,1,1,1,-1,1,1,-1,1,1,-1,-1,1,-1,-1,1,1,-1,1,-1,1,-1,1,1,-1,1,1,-1,-1,-1,1,1,1,1,1,-1,1,1,-1,1,1,1,-1,1,1,1,-1,1,1,-1,1,1,-1,1,1,1,-1,1,1,1,1,1,1,1,-1,1,-1,-1,1,1,-1,-1,1,1,-1,1,1,-1,-1,1,-1,1,1,1,1,-1,-1,1,-1,1,1,-1,1,1,-1,1,1,1,-1,-1,1,-1,1,-1,1,1,1,1,-1,1,-1,1,1,-1,1,-1,1,-1,1,1,1,1,-1,-1,1,1,1,1,1,1,-1,1,1,-1,-1,1,-1,1,-1,1,1,-1,-1,-1,-1,-1,1,1,1,-1,1,-1,1,1,1,1,-1,1,-1,1,1,-1,1,1,-1,-1,-1,1,1,1,-1,-1,1,1,1,1,1,1,-1,1,-1,1,1,1,-1,-1,-1,1,1,1,-1,1,-1,1,-1,1,1,-1,-1,-1,-1,1,1,-1,1,-1,-1,-1,1,1,1,1,-1,-1,-1,1,1,1,-1,1,-1,1,1,1,1,1,1,-1,-1,1,-1,1,-1,1,-1,-1,-1,-1,1,1,1,-1,-1,1,1,1,-1,-1,1,1,1,1,1,-1,1,1,-1,1,1,-1,1,-1,1,-1,1,1,-1,-1,1,-1,1,1,1,1,1,1,1,1,1,-1,1,-1,1,-1,-1,1,1,1,-1,1,-1,1,-1,1,1,-1,1,1,-1,1,1,1,1,-1,1,-1,-1,-1,1,-1,1,1,-1,-1,-1,-1,1,1,1,-1,1,-1,1,1,-1,1,-1,-1,-1,1,1,-1,1,-1,1,-1,1,-1,-1,1,-1,-1,1,1,-1,-1,1,-1,1,1,1,-1,1,1,-1,1,1,1,-1,-1,1,1,-1,1,1,-1,-1,-1,-1,1,-1,1,1,-1,1,1,-1,1,-1,1,-1,-1,1,-1,-1,-1,1,-1,-1,1,-1,1,-1,1,-1,-1,1,-1,-1,1,1,-1,-1,-1,1,-1,1,1,-1,1,-1,1,-1,-1,1,1,1,-1,1,-1,1,-1,1,1,1,-1,1,1,-1,-1,1,1,1,1,-1,-1,1,-1,1,1,1,-1,-1,-1,1,-1,1,-1,1,-1,-1,-1,1,1,-1,1,-1,-1,-1,1,1,-1,1,-1,-1,1,1,1,-1,1,-1,-1,-1,-1,1,1,1,-1,1,-1,-1,1,-1,1,-1,-1,1,1,-1,-1,1,1,-1,-1,-1,-1,-1,1,1,-1,-1,-1,1,-1,-1,1,-1,-1,1,-1,1,1,-1,-1,-1,-1,-1,1,1,-1,1,-1,-1,1,1,1,1,-1,-1,-1,-1,-1,1,-1,1,-1,-1,1,-1,1,1,-1,1,-1,-1,1,1,1,-1,1,-1,1,-1,1,1,-1,1,-1,-1,-1,1,1,-1,1,-1,1,-1,1,1,1,-1,1,-1,-1,1,1,-1,-1,-1,1,-1,1,1,1,-1,1,-1,-1,-1,-1,1,-1,1,-1,-1,1,-1,-1,1,-1,1,-1,-1,1,-1,1,-1,1,-1,1,-1,1,-1,1,-1,-1,-1,1,-1,1,-1,-1,-1,-1,1,-1,1,-1,1,-1,-1,1,-1,1,1,-1,-1,-1,-1,1,1,1,1,-1,-1,1,-1,-1,1,1,-1,-1,-1,1,1,-1,1,-1,-1,1,1,-1,1,1,-1,-1,1,1,-1,1,1,-1,-1,-1,1,1,-1,1,-1,-1,-1,1,-1,1,-1,-1,1,-1,1,-1,-1,1,-1,-1,-1,1,-1,1,1,1,-1,-1,1,-1,1,1,-1,-1,-1,1,-1,1,1,1,-1,-1,-1,1,1,1,-1,-1,-1,-1,1,-1,1,-1,-1,1,-1,1,-1,1,-1,-1,-1,-1,1,-1,1,1,-1,-1,-1,1,-1,-1,-1,-1,-1,1,1,-1,1,-1,-1,1,-1,1,-1,1,1,-1,1,1,-1,1,1,-1,-1,1,1,1,-1,1,1,-1,1,1,-1,-1,1,-1,1,1,1,1,-1,1,-1,1,1,1,1,-1,1,1,1,1,-1,1,-1,-1,1,1,1,1,1,1,1,1,-1,1,1,1,1,-1,1,1,1,1,1,-1,1,-1,1,1,-1,1,-1,1,1,1,-1,1,1,1,1,1,1,1,1,1,1,-1,1,1,1,1,1,1,1,1,1,1,1,1,-1,1,1,1,-1,1,-1,1,1,1,-1,1,1,1,1,-1,1,1,-1,1,1,1,-1,1,1,-1,-1,1,1,1,1,1,-1,1,-1,1,-1,1,1,-1,-1,1,1,-1,1,1,1,-1,1,-1,-1,1,1,1,-1,-1,-1,1,1,1,-1,-1,-1,-1,1,-1,1,-1,1,1,1,1,1,-1,-1,1,1,1,-1,1,1,-1,1,-1,1,1,1,-1,-1,1,-1,-1,-1,-1,-1,-1,1,-1,1,1,1,-1,1,1,-1,-1,1,1,1,-1,1,-1,1,1,1,-1,-1,1,-1,1,1,1,-1,-1,1,-1,1,1,1,-1,-1,1,-1,1,-1,1,1,-1,1,-1,-1,1,1,-1,-1,-1,1,-1,1,-1,1,-1,1,-1,-1,1,-2654.0,1,2000,445,1000,True
2555,1,1,-1,-1,1,-1,-1,1,1,1,1,-1,1,1,1,1,-1,1,-1,-1,-1,1,1,1,1,-1,-1,-1,1,1,1,1,1,-1,-1,1,-1,1,1,1,-1,-1,1,1,1,1,-1,-1,1,-1,1,1,-1,1,-1,-1,1,-1,1,1,1,-1,-1,-1,1,1,1,-1,-1,-1,1,-1,1,1,1,-1,-1,1,-1,1,1,-1,-1,-1,-1,1,1,1,-1,-1,1,1,-1,1,1,-1,-1,-1,-1,1,1,1,-1,-1,1,-1,-1,1,1,-1,-1,-1,-1,-1,1,1,-1,-1,1,-1,-1,1,1,1,-1,-1,-1,-1,1,1,1,-1,1,-1,-1,1,1,1,-1,1,-1,-1,-1,1,1,-1,1,-1,-1,-1,1,1,-1,-1,1,-1,-1,1,1,-1,1,1,-1,-1,1,1,-1,1,1,-1,1,1,-1,-1,1,-1,-1,1,1,-1,1,-1,1,-1,1,1,-1,1,1,-1,-1,-1,1,-1,1,1,1,-1,-1,1,1,-1,1,1,-1,-1,1,-1,-1,1,1,-1,1,1,-1,1,1,1,-1,1,1,1,1,1,1,1,-1,1,-1,-1,1,1,-1,-1,1,1,-1,1,1,-1,-1,1,-1,1,1,1,1,-1,1,-1,1,1,1,-1,1,1,1,1,1,1,-1,-1,-1,1,1,-1,1,1,1,-1,1,1,-1,1,1,1,1,1,1,-1,1,1,1,1,-1,1,1,1,1,1,1,1,1,1,1,-1,-1,1,-1,1,-1,1,1,1,1,1,1,-1,1,1,1,-1,1,1,-1,1,1,1,1,-1,1,-1,1,-1,1,1,1,1,-1,1,1,1,1,1,1,-1,1,1,1,1,1,-1,1,1,1,1,1,1,1,-1,1,1,-1,1,1,-1,1,1,1,1,1,1,1,-1,1,-1,1,1,1,1,-1,1,1,1,1,1,1,1,1,1,-1,1,1,-1,-1,1,1,1,-1,1,1,-1,-1,1,-1,1,1,1,1,-1,1,1,-1,1,1,-1,1,1,-1,-1,-1,-1,-1,1,1,-1,1,1,-1,-1,1,-1,-1,1,1,1,1,1,-1,1,1,1,-1,-1,1,1,-1,-1,1,-1,-1,-1,1,-1,1,-1,-1,1,1,1,-1,-1,-1,-1,1,1,1,1,-1,1,-1,1,1,1,1,1,-1,-1,1,-1,1,-1,1,-1,-1,-1,-1,1,1,1,-1,-1,1,-1,1,1,1,-1,-1,-1,1,-1,1,1,-1,-1,1,-1,1,1,1,-1,-1,-1,1,1,1,1,-1,-1,1,-1,1,1,-1,1,-1,1,-1,1,1,-1,1,1,-1,1,1,1,-1,1,-1,1,-1,1,1,-1,-1,1,-1,1,1,1,1,-1,1,-1,-1,-1,1,1,-1,1,-1,1,-1,1,-1,-1,1,-1,-1,1,-1,1,-1,-1,1,-1,1,-1,1,1,-1,1,-1,-1,1,1,1,-1,1,-1,1,-1,1,-1,1,-1,1,1,-1,-1,1,1,1,-1,1,-1,1,-1,1,1,1,-1,-1,-1,-1,-1,1,-1,1,-1,-1,-1,1,1,-1,1,-1,-1,-1,1,1,-1,1,-1,-1,1,1,1,-1,1,-1,-1,-1,-1,1,1,1,-1,1,-1,-1,1,-1,1,-1,-1,1,-1,1,-1,1,1,-1,-1,-1,-1,-1,1,1,-1,-1,-1,1,-1,1,1,-1,-1,-1,-1,1,1,-1,-1,-1,-1,-1,1,1,-1,1,-1,1,1,1,1,1,-1,-1,-1,-1,-1,1,-1,1,-1,-1,1,-1,1,1,-1,1,-1,-1,1,1,1,-1,1,-1,1,-1,1,1,-1,1,-1,1,-1,1,1,-1,1,-1,-1,-1,1,1,1,-1,1,-1,-1,1,1,-1,-1,-1,-1,-1,1,1,1,-1,1,-1,-1,-1,-1,1,-1,1,-1,-1,1,-1,-1,1,-1,1,-1,1,1,-1,1,-1,1,-1,1,-1,-1,1,-1,1,-1,1,1,-1,1,-1,-1,-1,-1,1,-1,1,-1,1,-1,-1,1,-1,1,-1,1,-1,-1,-1,1,1,-1,-1,-1,-1,1,-1,-1,-1,-1,-1,-1,-1,-1,1,-1,-1,-1,-1,1,1,-1,1,-1,-1,-1,1,-1,-1,1,-1,-1,-1,-1,-1,1,1,-1,-1,-1,-1,-1,1,-1,-1,-1,1,-1,-1,1,-1,1,-1,-1,-1,-1,-1,-1,-1,1,-1,-1,-1,1,1,-1,-1,-1,-1,1,-1,-1,-1,-1,1,-1,-1,1,1,1,-1,-1,1,-1,1,-1,1,1,-1,1,-1,-1,1,1,-1,-1,-1,-1,-1,-1,1,1,-1,-1,1,-1,1,1,-1,-1,-1,1,-1,1,1,-1,-1,1,1,-1,1,1,1,-1,1,-1,1,1,1,-1,-1,1,-1,-1,1,1,1,1,-1,-1,-1,1,1,1,-1,1,-1,-1,1,1,1,1,-1,1,-1,1,-1,1,1,1,-1,-1,1,1,1,1,1,-1,-1,1,1,1,1,-1,-1,-1,1,-1,1,1,1,-1,-1,-1,1,-1,1,1,-1,-1,1,1,1,1,1,-1,-1,1,1,1,1,1,-1,-1,1,-1,1,1,1,-1,1,1,1,1,1,-1,-1,1,-1,1,1,1,-1,-1,1,1,1,1,-1,1,-1,-1,1,-1,1,1,1,-1,-1,1,-1,1,1,-1,-1,-1,1,1,1,1,-1,-1,1,1,-1,1,1,-1,1,-1,1,-1,1,1,1,-1,-1,1,-1,1,1,1,-1,1,1,1,1,1,-1,-1,1,-1,1,-1,1,-1,1,-1,-1,1,1,-1,-1,1,-1,1,-1,1,1,-1,1,1,1,1,1,-1,-1,-1,1,-1,-1,-1,-1,-1,1,-1,1,1,1,-1,1,1,1,-1,1,1,1,-1,1,1,1,1,1,-1,-1,1,1,1,1,1,-1,-1,1,1,-1,1,1,-1,-1,1,1,-1,-1,1,1,-1,1,1,1,1,1,1,-1,-1,-1,1,1,1,1,-1,1,1,-1,1,-2654.0,1,2000,445,1000,True
2556,1,1,-1,-1,1,-1,-1,1,1,1,1,-1,1,1,1,1,-1,1,-1,-1,-1,1,1,1,1,-1,1,-1,1,1,1,1,1,-1,-1,1,-1,1,1,-1,-1,-1,1,1,1,1,1,-1,1,-1,1,1,-1,1,-1,-1,1,-1,1,1,1,-1,-1,-1,1,1,1,1,-1,-1,1,-1,1,1,1,-1,-1,1,-1,1,1,-1,-1,-1,-1,1,1,1,-1,-1,-1,1,-1,1,1,-1,-1,1,-1,1,1,1,-1,-1,1,-1,-1,1,1,-1,-1,1,-1,-1,1,1,-1,-1,1,-1,-1,1,1,1,-1,1,-1,-1,1,1,1,-1,1,-1,-1,1,1,1,-1,-1,-1,-1,1,1,1,-1,1,-1,-1,-1,1,1,-1,-1,1,-1,-1,1,1,-1,1,-1,-1,-1,1,1,-1,1,1,-1,1,1,-1,-1,1,-1,-1,1,1,-1,1,-1,1,-1,1,1,-1,1,1,-1,-1,-1,1,1,1,1,1,-1,-1,1,-1,1,1,1,-1,-1,1,1,-1,1,1,-1,1,1,-1,1,1,1,-1,1,1,1,1,1,1,1,-1,1,-1,-1,1,1,-1,-1,1,1,-1,1,1,-1,-1,1,-1,1,1,1,1,-1,1,1,-1,1,1,-1,1,1,-1,1,1,1,-1,-1,1,-1,1,-1,1,1,1,1,-1,1,-1,1,1,1,1,-1,1,-1,1,1,1,1,-1,-1,1,1,1,1,1,1,-1,1,1,-1,-1,1,1,-1,-1,1,1,1,1,-1,1,-1,1,1,1,-1,1,-1,-1,1,1,1,1,-1,1,-1,1,-1,1,1,1,1,-1,1,1,1,1,1,-1,-1,1,1,1,1,1,1,1,1,1,1,1,1,-1,1,1,1,-1,1,1,-1,1,1,1,-1,1,1,1,-1,1,-1,1,1,1,1,-1,1,1,-1,1,1,1,1,1,1,-1,-1,1,1,-1,1,1,1,1,1,1,-1,-1,1,-1,1,1,1,1,1,1,1,-1,1,1,-1,1,1,-1,-1,1,1,-1,1,1,-1,1,-1,1,-1,1,-1,1,-1,1,-1,-1,1,-1,1,-1,-1,1,-1,1,1,1,-1,1,-1,-1,-1,1,-1,1,-1,-1,1,1,1,-1,1,-1,-1,1,1,1,-1,1,-1,-1,1,1,1,1,1,-1,-1,1,-1,1,-1,1,-1,-1,-1,-1,-1,1,1,-1,-1,1,-1,1,1,-1,-1,-1,-1,1,1,-1,1,-1,1,1,-1,1,-1,-1,1,-1,-1,1,1,-1,1,-1,-1,1,1,1,-1,-1,1,-1,1,1,-1,1,-1,1,1,-1,1,-1,1,-1,1,-1,1,1,1,1,-1,-1,1,-1,1,1,-1,1,1,1,-1,1,-1,1,1,1,1,-1,1,-1,1,-1,1,1,-1,1,-1,1,-1,1,1,1,1,-1,1,-1,-1,1,1,1,1,-1,-1,-1,1,1,1,-1,1,-1,1,1,-1,1,1,-1,-1,1,1,-1,-1,1,-1,1,-1,1,-1,1,-1,-1,-1,-1,-1,-1,-1,1,-1,-1,-1,1,-1,-1,1,-1,-1,-1,1,-1,-1,1,-1,-1,-1,1,-1,-1,1,-1,-1,-1,-1,-1,1,1,-1,1,-1,-1,-1,-1,1,-1,-1,1,1,-1,-1,1,1,-1,-1,-1,1,-1,1,1,-1,-1,-1,1,-1,1,1,-1,-1,1,-1,1,1,-1,-1,-1,-1,1,1,1,-1,1,-1,-1,1,1,1,1,-1,-1,-1,1,-1,1,-1,1,-1,-1,1,-1,1,1,-1,1,-1,1,1,1,1,-1,1,-1,1,-1,1,1,-1,1,-1,1,-1,1,1,-1,1,-1,1,-1,1,1,1,-1,1,1,-1,1,1,-1,-1,-1,1,-1,1,1,-1,-1,1,-1,-1,-1,-1,1,-1,1,-1,-1,1,-1,-1,1,1,1,-1,1,1,-1,1,1,-1,-1,1,-1,1,-1,1,-1,-1,1,1,-1,1,1,1,-1,-1,1,-1,1,-1,-1,-1,-1,1,-1,1,1,-1,-1,-1,-1,1,1,1,1,-1,-1,1,-1,-1,1,-1,-1,-1,-1,-1,1,-1,1,-1,-1,1,1,-1,1,1,-1,-1,1,-1,-1,1,-1,-1,-1,-1,-1,1,-1,1,-1,-1,-1,-1,1,-1,1,-1,1,-1,-1,-1,-1,-1,-1,-1,-1,-1,1,-1,1,1,-1,-1,-1,-1,1,1,-1,-1,-1,1,1,-1,-1,-1,-1,-1,-1,-1,1,1,-1,-1,-1,-1,-1,1,1,1,-1,1,-1,1,-1,1,-1,-1,-1,-1,-1,-1,-1,1,-1,-1,1,-1,1,1,-1,-1,-1,1,-1,1,-1,-1,-1,1,-1,-1,1,1,1,-1,1,-1,1,1,-1,-1,-1,1,-1,-1,1,-1,1,-1,1,-1,1,1,-1,-1,1,1,-1,-1,1,-1,1,1,1,-1,-1,1,-1,-1,1,1,-1,-1,1,1,1,1,1,1,-1,1,-1,1,-1,1,-1,-1,1,1,1,1,1,1,-1,1,-1,-1,1,1,1,-1,-1,1,1,1,-1,1,-1,1,-1,1,1,1,1,-1,1,-1,1,1,1,-1,1,1,-1,1,1,1,-1,1,-1,-1,1,1,-1,-1,-1,1,-1,1,-1,1,-1,1,1,-1,1,1,-1,1,-1,1,-1,1,1,-1,-1,-1,1,1,1,1,-1,-1,1,1,-1,1,1,-1,1,-1,1,-1,1,1,-1,1,-1,1,-1,1,1,1,1,1,1,1,1,1,-1,-1,1,-1,1,-1,1,-1,1,-1,1,1,1,-1,-1,1,1,1,-1,1,1,-1,1,-1,1,1,1,-1,-1,-1,1,-1,-1,-1,-1,-1,1,-1,1,1,1,-1,1,1,1,-1,1,1,1,-1,1,1,1,1,1,1,-1,1,1,1,1,1,1,-1,-1,1,-1,1,1,1,-1,1,1,1,-1,1,-1,-1,1,1,1,1,1,-1,-1,-1,1,-1,1,-1,1,-1,1,-1,1,1,-2654.0,1,2000,445,1000,True
2557,1,1,-1,-1,1,1,-1,-1,1,1,1,-1,-1,1,1,1,-1,1,-1,-1,-1,-1,1,1,1,1,-1,-1,1,1,1,1,-1,-1,-1,-1,1,1,1,1,-1,-1,-1,1,1,1,1,1,-1,1,1,1,-1,1,-1,-1,1,-1,1,1,1,-1,-1,-1,1,1,1,1,1,-1,-1,1,1,1,1,1,-1,-1,1,1,1,-1,1,-1,1,1,1,1,1,1,1,1,1,1,1,1,-1,-1,1,-1,1,1,1,1,-1,1,1,1,1,1,1,-1,1,1,1,1,1,1,1,1,1,1,1,1,1,-1,1,1,-1,1,1,1,-1,1,1,-1,1,1,1,-1,1,1,-1,1,1,1,1,1,1,1,1,1,1,-1,-1,1,-1,-1,1,1,-1,1,1,1,-1,-1,1,-1,-1,1,-1,-1,1,1,-1,1,1,1,1,1,-1,1,-1,1,1,-1,1,-1,-1,1,1,-1,-1,1,-1,-1,1,1,-1,-1,1,-1,-1,-1,1,-1,1,1,1,-1,-1,1,-1,1,-1,-1,-1,-1,1,-1,-1,1,1,-1,-1,-1,1,-1,-1,1,-1,-1,1,1,1,-1,1,-1,-1,1,1,-1,1,-1,-1,-1,-1,1,1,-1,1,-1,-1,1,1,-1,1,-1,-1,-1,1,-1,-1,1,1,-1,1,-1,1,-1,1,1,-1,-1,1,1,1,1,-1,-1,-1,-1,-1,-1,-1,1,-1,1,-1,1,1,1,1,-1,1,-1,1,1,-1,1,1,1,-1,1,1,1,1,-1,1,1,1,-1,1,1,1,1,-1,-1,1,-1,1,1,1,1,-1,1,1,1,1,1,-1,-1,1,1,1,1,1,-1,1,1,1,1,-1,1,-1,1,1,-1,1,1,1,-1,-1,1,1,1,-1,1,-1,1,1,1,-1,1,1,-1,1,1,1,-1,1,-1,-1,1,1,1,-1,1,-1,-1,-1,1,1,-1,1,-1,-1,1,-1,1,-1,1,1,-1,-1,1,1,1,-1,1,-1,-1,1,1,-1,1,-1,-1,-1,-1,-1,-1,1,1,-1,-1,1,1,-1,1,-1,1,-1,1,1,1,1,-1,-1,1,1,1,-1,1,-1,-1,-1,-1,1,1,1,1,-1,-1,1,1,1,1,-1,-1,1,-1,-1,1,-1,1,-1,-1,1,-1,1,-1,-1,-1,1,1,-1,1,-1,1,-1,-1,1,-1,1,1,-1,-1,-1,1,-1,-1,1,1,-1,-1,1,-1,1,1,-1,1,-1,1,-1,-1,1,1,-1,-1,1,-1,1,1,-1,-1,1,1,-1,1,-1,1,-1,1,-1,-1,1,-1,1,-1,1,-1,-1,1,-1,-1,-1,1,-1,-1,1,1,1,-1,1,-1,-1,1,-1,-1,1,-1,1,-1,1,1,1,-1,1,1,-1,-1,-1,1,-1,1,-1,-1,1,-1,1,1,1,1,-1,-1,1,1,-1,1,1,-1,-1,1,1,1,-1,1,1,-1,1,1,1,1,-1,1,1,-1,-1,-1,1,-1,1,1,1,1,-1,1,-1,1,-1,-1,-1,1,1,-1,1,1,-1,-1,-1,1,-1,1,1,-1,1,-1,1,-1,-1,-1,-1,-1,-1,1,-1,-1,-1,-1,-1,-1,1,-1,1,1,1,1,-1,1,-1,1,1,-1,-1,-1,1,-1,-1,1,-1,1,-1,-1,1,1,1,1,-1,-1,1,1,1,1,-1,1,-1,-1,1,1,1,-1,-1,-1,1,1,1,1,-1,-1,-1,1,-1,1,-1,1,1,-1,-1,1,1,1,-1,-1,-1,-1,1,1,1,1,-1,-1,-1,1,1,1,1,-1,-1,-1,1,-1,1,-1,-1,-1,1,1,1,1,1,-1,1,-1,1,1,1,1,-1,-1,-1,1,1,-1,1,-1,-1,-1,1,1,1,1,-1,-1,1,-1,1,1,-1,-1,1,1,-1,1,1,-1,-1,-1,1,1,1,1,1,-1,1,-1,1,1,1,-1,-1,-1,1,-1,1,-1,-1,-1,1,-1,-1,1,1,-1,-1,1,-1,-1,1,1,-1,-1,-1,1,-1,1,1,-1,-1,-1,1,-1,1,1,-1,-1,1,-1,-1,-1,-1,-1,-1,-1,1,-1,1,-1,-1,-1,-1,1,1,-1,1,-1,-1,-1,1,-1,-1,1,-1,-1,-1,1,-1,-1,1,-1,-1,-1,1,-1,1,-1,-1,-1,1,-1,-1,1,-1,1,-1,1,1,-1,-1,-1,-1,1,1,1,-1,1,1,-1,-1,-1,-1,1,-1,-1,-1,-1,1,1,-1,1,1,1,-1,1,1,-1,1,-1,1,1,-1,1,-1,-1,1,1,-1,-1,1,1,-1,-1,1,1,-1,1,1,-1,1,1,-1,-1,-1,1,-1,1,1,-1,-1,1,1,-1,1,1,1,-1,1,-1,1,1,1,-1,1,1,-1,-1,1,1,-1,-1,-1,1,-1,1,1,-1,1,-1,-1,-1,1,1,-1,-1,-1,1,-1,1,1,-1,-1,-1,-1,-1,1,1,1,-1,-1,-1,-1,-1,1,-1,-1,1,-1,-1,1,-1,1,-1,-1,-1,-1,-1,1,1,-1,1,-1,-1,1,1,1,-1,1,-1,1,1,1,1,-1,-1,-1,1,-1,1,-1,-1,-1,-1,1,-1,1,-1,-1,-1,1,-1,1,1,-1,-1,-1,-1,1,-1,1,-1,1,-1,1,-1,-1,1,1,-1,1,-1,1,-1,1,1,-1,1,-1,1,-1,1,1,-1,1,1,-1,-1,-1,1,-1,1,-1,1,-1,-1,1,1,1,-1,1,-1,-1,1,-1,-1,1,-1,-1,-1,1,-1,1,1,-1,1,-1,1,1,1,-1,1,-1,1,1,1,1,-1,1,-1,-1,1,1,1,-1,1,-1,1,1,-1,1,1,-1,1,-1,1,1,1,-1,-1,-1,1,1,1,1,-1,-1,1,1,1,1,1,-1,-1,1,1,1,1,1,1,-1,-1,1,1,1,1,1,-1,1,1,1,1,1,1,-1,1,1,1,1,1,1,-1,-1,1,1,1,1,1,1,-1,1,1,-1,1,1,-1,-1,1,-2654.0,1,2000,445,500,True
2558,-1,-1,1,1,1,-1,-1,1,-1,-1,-1,-1,1,1,-1,-1,1,-1,1,-1,1,1,-1,-1,-1,1,-1,-1,1,-1,-1,-1,1,-1,-1,1,1,-1,-1,1,-1,-1,1,-1,-1,-1,-1,-1,1,-1,1,-1,1,1,-1,-1,-1,1,-1,1,1,-1,-1,1,-1,1,-1,-1,-1,-1,1,-1,1,1,1,-1,-1,1,-1,-1,1,-1,-1,-1,-1,-1,-1,1,-1,-1,-1,-1,1,1,1,-1,-1,1,-1,1,1,1,-1,-1,1,-1,1,1,1,-1,-1,1,-1,1,1,1,-1,-1,1,-1,-1,1,1,1,-1,-1,-1,-1,1,1,1,-1,1,-1,1,1,1,1,-1,-1,-1,-1,1,1,1,-1,1,-1,-1,1,1,1,-1,-1,1,-1,1,1,1,-1,1,-1,-1,1,1,1,-1,1,-1,1,1,1,-1,-1,1,-1,1,1,1,-1,1,-1,1,-1,1,1,-1,1,1,-1,1,-1,1,1,1,1,1,-1,1,1,-1,1,1,1,-1,-1,1,1,-1,1,1,1,-1,1,-1,1,1,1,-1,-1,1,1,1,1,1,1,-1,1,-1,-1,1,1,1,-1,1,1,-1,1,1,-1,-1,1,-1,-1,1,1,1,-1,-1,1,-1,1,1,-1,1,1,-1,1,1,1,-1,-1,1,-1,1,-1,1,-1,-1,1,-1,1,-1,1,-1,-1,1,-1,1,-1,-1,-1,1,1,-1,-1,1,1,-1,-1,1,1,-1,1,1,-1,-1,-1,1,1,-1,1,-1,-1,-1,1,-1,-1,1,-1,-1,-1,1,1,1,1,-1,-1,-1,1,-1,-1,1,1,-1,-1,1,1,-1,1,1,1,-1,1,1,-1,1,-1,-1,1,1,-1,1,1,-1,-1,1,1,-1,1,1,-1,1,-1,1,1,-1,1,-1,1,1,1,-1,1,1,-1,-1,1,1,-1,1,1,-1,-1,1,1,-1,1,1,-1,1,-1,1,-1,1,1,-1,1,-1,1,-1,1,-1,1,1,-1,1,1,-1,-1,1,-1,1,1,-1,1,1,1,1,1,-1,-1,1,1,1,1,-1,1,-1,1,1,1,1,-1,1,1,1,1,-1,1,-1,1,-1,1,1,1,1,-1,1,1,1,-1,1,1,1,1,1,1,1,1,1,-1,-1,1,-1,1,1,-1,1,-1,1,1,1,1,1,1,-1,1,-1,-1,1,-1,1,-1,1,1,-1,1,-1,1,-1,-1,1,-1,1,-1,1,-1,1,1,1,1,-1,1,-1,-1,1,-1,1,-1,-1,-1,1,1,1,1,-1,1,-1,1,-1,1,1,-1,-1,-1,1,-1,1,-1,-1,-1,-1,1,-1,1,1,-1,-1,-1,1,-1,-1,1,1,-1,-1,1,-1,1,-1,-1,-1,-1,1,1,-1,-1,1,-1,-1,-1,1,1,-1,1,-1,-1,1,-1,-1,1,1,-1,-1,-1,1,-1,1,1,-1,-1,-1,1,-1,-1,-1,1,1,-1,1,-1,1,1,1,-1,1,-1,1,1,-1,-1,1,1,1,-1,1,-1,1,-1,1,1,1,-1,-1,-1,1,-1,1,1,1,-1,-1,-1,1,1,-1,1,-1,-1,-1,1,1,1,1,-1,-1,-1,1,1,1,1,-1,-1,-1,-1,1,-1,1,-1,1,-1,-1,1,1,1,-1,-1,1,1,-1,-1,1,1,-1,-1,-1,-1,1,1,1,-1,1,-1,1,1,1,-1,1,-1,-1,-1,1,1,-1,1,-1,-1,-1,1,1,-1,1,-1,-1,1,-1,1,1,1,1,-1,-1,1,1,1,1,-1,-1,1,1,1,-1,1,1,-1,-1,-1,1,1,1,-1,-1,1,1,-1,1,1,1,-1,1,1,-1,1,1,1,-1,1,1,-1,-1,1,1,1,1,1,-1,-1,1,1,-1,1,1,-1,1,1,1,1,-1,1,-1,1,1,1,1,-1,1,-1,1,1,-1,1,1,1,-1,1,1,-1,1,-1,-1,-1,1,1,-1,1,-1,1,-1,1,1,-1,1,-1,1,-1,1,1,-1,1,-1,1,-1,1,1,-1,1,-1,1,-1,-1,1,1,1,1,1,-1,1,1,-1,1,1,1,-1,-1,1,-1,1,-1,1,-1,1,1,1,-1,1,1,-1,1,1,1,-1,1,1,-1,-1,1,-1,-1,1,-1,-1,-1,1,-1,1,-1,-1,1,-1,1,1,-1,1,-1,-1,-1,1,1,-1,1,1,-1,-1,-1,1,1,1,1,-1,-1,1,1,-1,1,-1,-1,-1,1,-1,1,1,1,-1,-1,-1,1,-1,1,1,-1,1,-1,-1,1,1,1,-1,-1,-1,-1,-1,1,-1,-1,-1,1,-1,1,1,-1,-1,-1,1,-1,1,1,1,-1,1,-1,-1,1,1,1,-1,1,-1,1,1,1,-1,-1,1,-1,-1,1,1,1,-1,1,-1,-1,1,1,1,1,1,-1,-1,1,1,-1,1,1,-1,-1,1,1,1,1,1,-1,-1,1,1,1,1,-1,1,-1,-1,1,-1,1,1,-1,-1,1,-1,1,1,1,1,-1,-1,1,-1,1,1,1,-1,1,1,1,1,-1,1,-1,1,1,1,1,1,1,1,-1,1,1,1,1,-1,1,-1,1,1,1,1,1,-1,1,1,1,1,-1,1,1,-1,1,1,-1,1,1,-1,-1,1,1,1,1,-1,1,-1,1,1,1,-1,-1,1,-1,1,1,1,-1,1,-1,-1,-1,1,1,-1,-1,1,-1,-1,1,1,-1,-1,1,-1,-1,1,1,1,-1,1,-1,-1,1,1,-1,-1,-1,1,-1,-1,1,-1,1,1,-1,1,1,-1,-1,1,-1,-1,-1,1,1,-1,1,1,-1,1,1,-1,-1,-1,-1,1,-1,-1,-1,-1,1,-1,-1,1,1,-1,1,1,-1,1,1,1,1,-1,1,-1,1,1,1,1,-1,1,-1,-1,-1,1,1,-1,1,-1,1,1,1,1,-1,1,-1,1,1,-1,-1,-1,1,-1,-1,1,1,-1,-1,-1,1,-1,1,-1,1,-1,1,-1,-1,1,-2654.0,1,2000,445,1500,True
2559,1,1,-1,-1,1,1,-1,-1,1,1,1,-1,1,1,1,1,-1,1,-1,-1,-1,-1,1,1,1,1,-1,-1,1,1,1,1,-1,-1,-1,-1,1,1,1,1,-1,-1,-1,1,1,1,1,1,-1,1,1,1,-1,1,-1,-1,1,-1,1,1,1,-1,-1,-1,1,1,1,1,1,-1,-1,1,1,1,1,1,-1,-1,1,1,1,-1,1,-1,1,1,1,1,1,1,1,1,1,1,1,1,-1,-1,1,-1,1,1,1,1,-1,1,1,1,1,1,1,-1,1,-1,1,1,1,1,1,1,1,1,1,1,1,-1,1,1,-1,1,1,1,-1,1,1,1,1,1,1,-1,1,1,1,1,1,1,1,1,1,1,1,1,1,-1,-1,1,1,1,1,1,-1,1,1,1,-1,1,1,-1,-1,1,1,1,1,1,-1,1,1,1,1,1,-1,1,-1,1,1,1,1,-1,-1,1,1,-1,1,1,-1,-1,-1,1,-1,1,-1,1,-1,-1,1,-1,1,1,1,-1,-1,1,-1,-1,1,1,-1,-1,1,-1,1,-1,-1,-1,-1,-1,1,1,-1,1,-1,-1,1,1,-1,1,1,-1,-1,1,-1,1,-1,-1,-1,-1,-1,1,1,-1,-1,-1,-1,1,1,1,-1,-1,-1,-1,1,-1,1,-1,1,-1,1,-1,1,1,-1,-1,1,-1,1,1,1,-1,-1,1,-1,-1,-1,1,1,-1,-1,1,-1,-1,1,-1,-1,-1,1,-1,1,1,1,-1,1,1,-1,1,1,-1,1,-1,1,1,-1,1,-1,1,1,1,-1,-1,1,-1,-1,1,1,1,-1,1,1,-1,1,1,-1,-1,1,1,-1,1,1,-1,1,1,-1,1,-1,1,-1,-1,1,-1,-1,1,1,-1,1,-1,1,1,-1,1,-1,1,1,1,-1,1,1,-1,1,1,1,-1,1,-1,-1,1,1,1,-1,1,-1,-1,1,1,1,1,1,-1,-1,-1,-1,1,-1,1,1,-1,1,1,1,1,-1,1,-1,-1,-1,1,-1,1,-1,-1,1,-1,-1,-1,1,1,-1,1,-1,1,-1,1,-1,1,-1,1,1,-1,1,-1,1,-1,1,1,1,1,-1,-1,-1,-1,1,1,1,1,-1,-1,1,-1,-1,1,-1,-1,1,-1,-1,1,-1,1,-1,-1,1,-1,-1,1,-1,-1,1,1,-1,1,-1,1,-1,-1,1,-1,-1,-1,-1,-1,-1,1,-1,-1,1,1,-1,-1,-1,-1,1,-1,-1,1,-1,1,-1,-1,1,1,-1,-1,1,-1,-1,-1,-1,-1,1,1,-1,-1,1,1,-1,1,-1,1,-1,1,1,-1,1,-1,-1,-1,-1,-1,-1,1,-1,1,-1,1,1,-1,1,-1,-1,1,-1,-1,1,-1,1,-1,1,-1,1,-1,1,1,-1,-1,-1,1,-1,1,-1,-1,1,-1,1,1,1,1,-1,-1,-1,1,-1,1,1,-1,-1,1,1,1,-1,1,1,-1,1,1,1,1,-1,-1,1,-1,-1,-1,1,-1,-1,1,-1,1,-1,1,-1,1,-1,-1,-1,1,1,-1,1,1,-1,-1,-1,1,-1,1,1,-1,1,-1,1,-1,-1,-1,-1,-1,-1,1,-1,-1,-1,-1,-1,-1,1,-1,1,1,1,1,-1,1,-1,1,1,-1,-1,-1,1,-1,-1,1,-1,1,-1,-1,1,1,1,1,-1,-1,1,1,1,1,-1,1,-1,-1,1,1,1,-1,-1,-1,1,1,1,1,-1,1,-1,1,-1,1,-1,1,1,-1,-1,1,1,1,-1,-1,-1,-1,1,1,1,1,-1,-1,-1,1,1,1,1,-1,-1,-1,1,-1,1,-1,-1,-1,-1,1,1,1,1,-1,-1,-1,1,-1,1,1,-1,-1,-1,1,1,-1,1,-1,-1,-1,1,1,1,1,-1,-1,1,-1,1,-1,1,-1,1,1,-1,1,1,-1,-1,-1,1,1,-1,1,1,-1,1,-1,1,-1,1,-1,-1,-1,1,-1,1,-1,-1,-1,-1,-1,1,-1,1,1,-1,-1,-1,1,-1,1,-1,-1,-1,1,1,-1,1,-1,-1,1,-1,-1,-1,1,-1,-1,-1,1,1,1,-1,-1,-1,-1,1,-1,-1,1,-1,-1,-1,-1,-1,-1,1,-1,-1,-1,1,-1,-1,1,-1,-1,-1,-1,-1,1,1,-1,-1,-1,-1,-1,1,-1,-1,-1,1,-1,-1,1,-1,1,-1,-1,-1,-1,-1,-1,-1,1,-1,-1,-1,1,1,-1,-1,-1,1,-1,1,-1,-1,-1,1,-1,-1,1,1,1,-1,-1,-1,-1,1,-1,1,1,-1,1,-1,-1,1,1,-1,-1,-1,-1,-1,-1,1,1,-1,-1,1,-1,1,1,-1,-1,-1,-1,-1,1,1,-1,-1,-1,1,-1,1,1,1,-1,-1,-1,1,1,1,-1,-1,1,-1,-1,1,1,-1,-1,1,-1,-1,1,1,-1,1,1,1,-1,1,1,-1,-1,1,1,-1,1,1,-1,-1,1,1,-1,1,1,1,-1,-1,1,-1,1,1,-1,-1,1,1,-1,1,-1,1,-1,-1,1,-1,-1,1,1,-1,-1,1,-1,1,1,1,-1,-1,1,1,1,1,1,-1,-1,1,1,-1,1,-1,-1,1,-1,1,-1,1,-1,-1,1,-1,1,1,1,1,-1,1,1,-1,1,1,-1,1,-1,1,1,1,1,1,-1,-1,1,1,1,1,1,-1,1,-1,1,-1,1,1,-1,1,1,-1,1,1,1,-1,1,-1,1,1,-1,1,1,-1,1,1,1,-1,1,-1,-1,1,-1,-1,1,1,-1,1,1,-1,-1,1,1,1,1,-1,1,1,1,1,1,1,-1,1,1,1,1,1,1,-1,-1,1,1,1,-1,1,1,-1,-1,-1,1,1,1,-1,-1,1,1,1,1,1,-1,-1,-1,1,1,1,1,-1,-1,1,1,1,1,1,1,-1,1,1,1,1,1,1,-1,1,1,1,1,1,-1,-1,1,-1,1,1,1,1,-1,-1,1,1,1,1,-1,1,-1,1,1,-1,1,1,-1,-1,1,-2654.0,1,2000,445,500,True
2560,1,1,-1,-1,1,1,-1,1,1,1,1,-1,-1,1,1,1,-1,1,-1,-1,1,1,1,1,1,-1,1,-1,1,1,1,1,1,1,-1,1,-1,1,1,-1,-1,-1,1,1,1,1,-1,-1,1,-1,1,1,-1,1,-1,-1,-1,-1,1,1,-1,-1,1,1,1,1,1,-1,-1,-1,1,-1,1,1,1,-1,1,1,-1,1,1,-1,-1,1,-1,1,1,1,-1,-1,-1,-1,-1,1,1,-1,1,1,-1,-1,1,1,-1,-1,1,-1,-1,1,1,-1,-1,1,-1,-1,1,1,-1,-1,1,-1,-1,1,1,1,-1,1,-1,-1,1,1,1,-1,1,-1,-1,1,1,1,-1,1,-1,-1,-1,1,1,-1,-1,-1,-1,-1,1,1,-1,1,1,-1,-1,1,1,-1,1,1,-1,-1,1,1,-1,1,1,-1,1,1,-1,-1,1,-1,-1,1,1,-1,1,-1,1,-1,1,1,-1,1,1,-1,-1,-1,1,-1,1,1,1,-1,-1,1,1,-1,1,1,-1,-1,1,-1,-1,1,1,-1,1,1,-1,1,1,1,-1,1,1,1,1,1,1,1,-1,1,-1,-1,1,1,-1,-1,1,1,-1,1,1,-1,-1,1,-1,1,1,1,1,-1,1,-1,1,1,1,-1,1,1,1,1,1,1,-1,-1,-1,1,1,-1,1,1,1,-1,1,1,-1,1,1,1,1,1,1,-1,1,1,1,1,-1,1,1,1,1,1,1,1,1,1,1,-1,-1,1,-1,1,-1,1,1,1,1,1,1,-1,1,1,1,-1,1,1,-1,1,1,1,1,-1,1,-1,1,-1,1,1,1,1,-1,1,1,1,1,1,1,-1,1,1,1,1,1,-1,1,1,1,1,1,1,1,-1,1,1,-1,1,1,-1,1,1,1,1,1,1,1,-1,1,-1,1,1,1,1,-1,1,1,1,1,1,1,-1,1,1,-1,1,1,-1,-1,1,1,1,-1,1,1,-1,-1,1,-1,1,1,1,1,-1,1,1,-1,1,1,-1,1,1,-1,-1,-1,-1,-1,-1,1,-1,1,1,-1,-1,1,-1,-1,1,1,1,1,1,-1,1,1,1,-1,-1,1,1,-1,-1,1,-1,1,-1,1,-1,1,-1,-1,1,1,1,-1,-1,-1,-1,1,1,1,-1,1,-1,-1,1,1,1,1,-1,-1,-1,1,-1,1,-1,1,-1,-1,-1,-1,1,1,1,-1,-1,1,-1,1,1,-1,-1,-1,-1,1,-1,1,-1,-1,-1,1,-1,1,1,-1,-1,-1,-1,1,1,-1,1,-1,-1,1,-1,1,-1,-1,1,-1,1,1,1,-1,-1,1,-1,-1,1,1,1,-1,1,-1,-1,-1,1,-1,-1,-1,1,-1,1,1,1,-1,-1,1,-1,-1,1,-1,-1,-1,1,-1,-1,1,-1,-1,-1,1,-1,-1,1,-1,-1,-1,-1,1,-1,1,-1,-1,1,-1,1,-1,-1,1,1,1,-1,1,-1,1,1,1,-1,1,-1,1,1,-1,-1,1,1,1,1,-1,-1,1,-1,1,1,1,-1,-1,-1,1,-1,1,1,1,-1,-1,-1,1,1,-1,1,-1,-1,-1,1,1,1,1,-1,-1,1,1,1,1,1,-1,-1,-1,-1,1,-1,1,-1,1,-1,-1,1,-1,1,-1,1,1,-1,1,-1,1,1,-1,-1,-1,-1,-1,1,1,-1,1,-1,-1,-1,1,1,-1,-1,-1,1,1,1,-1,-1,-1,-1,1,1,1,-1,1,-1,1,-1,1,1,1,-1,-1,-1,-1,-1,1,-1,1,-1,-1,1,-1,1,1,-1,1,-1,-1,1,1,1,-1,1,-1,-1,-1,1,1,-1,1,-1,-1,-1,1,1,-1,1,-1,-1,-1,1,1,1,-1,1,-1,-1,1,1,-1,-1,-1,-1,-1,1,1,1,-1,1,1,-1,1,-1,1,-1,1,1,-1,1,-1,-1,1,1,-1,-1,1,1,-1,1,-1,1,-1,1,-1,-1,1,-1,1,-1,1,1,-1,1,-1,1,-1,-1,1,-1,1,-1,1,-1,-1,1,-1,1,1,1,-1,-1,-1,1,1,1,1,-1,-1,1,-1,-1,1,1,-1,-1,-1,-1,1,-1,1,-1,-1,1,1,-1,1,1,-1,-1,1,-1,-1,1,1,-1,-1,-1,-1,1,-1,1,-1,-1,-1,-1,1,1,-1,-1,1,-1,-1,1,-1,1,-1,-1,-1,-1,-1,1,1,1,-1,-1,-1,1,1,1,-1,-1,-1,1,-1,-1,1,-1,-1,-1,-1,1,1,1,-1,-1,-1,-1,1,-1,1,1,-1,1,-1,-1,1,1,1,-1,-1,-1,-1,-1,1,1,-1,-1,1,-1,1,1,-1,-1,-1,1,-1,1,1,1,-1,1,1,-1,1,1,1,-1,1,-1,1,1,1,-1,-1,1,-1,-1,1,1,1,1,-1,-1,-1,1,1,1,-1,1,-1,-1,1,1,1,1,-1,1,-1,1,-1,1,1,1,-1,-1,1,1,1,1,1,-1,-1,1,1,1,1,-1,-1,-1,1,-1,1,1,1,-1,-1,-1,1,-1,1,1,-1,-1,1,1,1,1,1,-1,-1,1,1,1,1,1,-1,-1,1,-1,1,1,1,-1,1,1,1,1,1,-1,-1,1,-1,1,1,1,-1,-1,1,1,1,1,-1,1,-1,-1,1,-1,1,1,1,-1,-1,1,1,1,1,-1,-1,-1,1,1,-1,1,-1,-1,1,1,-1,1,1,-1,1,-1,1,-1,1,-1,1,-1,-1,1,-1,-1,1,1,-1,1,1,1,1,1,-1,-1,1,-1,1,1,-1,-1,1,-1,-1,1,1,-1,-1,1,-1,1,-1,-1,1,-1,1,1,1,1,-1,1,-1,-1,1,-1,-1,-1,-1,-1,1,-1,1,1,1,-1,1,1,1,-1,1,-1,-1,-1,1,1,-1,1,1,1,-1,1,1,1,1,1,-1,-1,1,1,-1,1,1,-1,-1,1,1,-1,1,-1,-1,-1,1,1,1,1,1,-1,-1,-1,-1,1,1,-1,1,-1,1,1,-1,1,-2654.0,1,2000,445,1000,True
2561,1,1,-1,-1,1,-1,-1,1,1,1,1,-1,1,1,1,1,-1,1,-1,-1,-1,1,1,1,1,-1,-1,-1,1,1,1,1,1,-1,-1,1,-1,1,1,1,-1,-1,1,1,1,1,-1,-1,1,-1,1,1,-1,1,-1,-1,1,-1,1,1,-1,-1,-1,-1,1,1,1,-1,-1,-1,1,-1,1,1,1,-1,-1,1,-1,1,1,-1,-1,-1,-1,1,1,1,-1,-1,-1,1,1,1,1,-1,-1,1,-1,1,1,1,-1,-1,1,-1,1,1,1,-1,-1,-1,-1,-1,1,1,-1,-1,1,-1,1,1,1,1,-1,-1,-1,-1,1,1,1,-1,1,-1,1,1,1,1,-1,1,-1,-1,1,1,1,-1,1,-1,-1,1,1,-1,-1,-1,1,-1,1,-1,-1,-1,1,-1,-1,1,-1,1,-1,1,-1,1,-1,-1,-1,-1,1,-1,1,1,1,-1,1,-1,1,-1,-1,-1,-1,1,1,-1,1,1,-1,-1,1,1,1,-1,-1,-1,1,-1,1,1,-1,-1,1,-1,-1,1,1,1,-1,1,-1,1,1,1,-1,-1,-1,1,1,1,1,1,-1,-1,-1,-1,1,1,1,-1,-1,1,-1,1,1,-1,-1,1,-1,1,1,1,1,-1,-1,-1,1,1,1,-1,-1,-1,1,1,-1,1,-1,-1,-1,1,1,1,1,1,-1,-1,1,1,-1,1,-1,-1,-1,1,1,-1,1,1,-1,-1,-1,1,1,1,1,-1,-1,1,1,1,1,-1,-1,-1,-1,1,-1,1,1,-1,-1,1,1,-1,1,1,1,-1,1,1,1,1,1,1,-1,1,1,-1,1,-1,1,-1,1,1,-1,1,1,1,-1,1,-1,1,1,1,-1,-1,1,-1,1,1,1,-1,1,-1,-1,1,1,1,-1,1,-1,1,-1,1,1,1,1,1,-1,1,1,1,1,1,1,-1,1,1,1,-1,1,1,-1,1,1,1,-1,-1,1,1,1,1,1,1,1,1,-1,1,-1,1,-1,1,1,-1,-1,-1,1,1,-1,1,-1,1,1,1,-1,1,1,1,1,1,1,-1,1,-1,-1,1,1,-1,1,-1,1,-1,1,1,-1,1,-1,-1,1,1,1,1,1,-1,1,-1,-1,-1,1,1,1,-1,-1,1,1,1,-1,1,-1,1,-1,1,1,-1,1,-1,-1,1,1,1,-1,1,-1,1,-1,-1,1,1,1,-1,-1,-1,-1,-1,1,1,-1,-1,1,-1,1,1,-1,-1,1,-1,-1,1,1,1,-1,-1,1,-1,1,-1,-1,1,-1,-1,1,1,-1,1,-1,-1,1,1,1,-1,-1,1,-1,1,1,1,-1,-1,-1,-1,-1,1,1,-1,-1,1,-1,1,-1,1,1,-1,-1,1,-1,1,-1,1,-1,-1,1,-1,-1,-1,1,-1,-1,-1,-1,1,-1,1,-1,-1,1,-1,-1,1,1,-1,-1,-1,-1,-1,1,1,-1,1,-1,1,-1,-1,1,1,1,-1,1,-1,1,-1,1,1,1,-1,1,1,-1,-1,1,1,1,-1,1,-1,1,-1,1,1,1,-1,-1,-1,-1,-1,1,-1,1,-1,-1,-1,1,1,-1,1,-1,-1,-1,1,1,-1,1,-1,-1,-1,1,1,-1,1,-1,-1,-1,-1,1,1,1,-1,1,-1,-1,1,-1,1,-1,1,1,1,-1,-1,1,1,-1,-1,-1,-1,-1,1,1,-1,-1,-1,1,-1,1,-1,-1,-1,1,-1,1,1,-1,-1,-1,-1,-1,1,1,-1,1,-1,-1,1,-1,1,1,-1,-1,-1,-1,-1,1,1,-1,-1,-1,1,-1,1,1,-1,-1,-1,-1,1,-1,1,-1,1,-1,1,-1,-1,1,-1,-1,-1,-1,-1,-1,1,-1,1,-1,1,-1,-1,-1,1,-1,1,-1,-1,-1,-1,-1,-1,-1,1,-1,-1,1,1,-1,1,-1,-1,-1,1,1,-1,1,-1,-1,-1,1,-1,1,-1,1,-1,1,1,-1,1,-1,1,-1,1,1,1,-1,1,-1,-1,-1,1,-1,1,-1,-1,-1,-1,1,1,1,-1,1,-1,-1,1,-1,1,1,-1,-1,-1,1,1,1,1,1,-1,-1,1,1,-1,1,1,-1,-1,1,1,-1,1,-1,-1,-1,1,1,1,-1,1,-1,-1,1,1,1,-1,1,-1,-1,1,1,-1,-1,1,-1,-1,1,1,-1,1,-1,-1,1,1,1,-1,-1,1,-1,1,1,1,1,-1,1,1,1,1,1,-1,1,1,-1,-1,-1,1,-1,-1,1,-1,1,1,1,-1,1,1,-1,1,1,1,-1,1,1,1,-1,1,1,1,-1,1,-1,-1,1,1,-1,-1,1,1,-1,1,-1,-1,1,1,-1,-1,-1,1,-1,1,1,-1,-1,1,1,-1,1,1,1,-1,1,-1,1,1,1,-1,1,1,-1,-1,1,1,1,1,-1,1,-1,1,1,1,-1,1,-1,-1,1,1,1,1,-1,1,-1,1,1,1,1,1,-1,-1,1,1,1,1,1,-1,-1,1,1,1,1,-1,-1,-1,1,-1,1,1,1,-1,1,1,1,-1,1,1,-1,-1,1,1,1,1,1,-1,1,1,1,1,1,1,-1,1,-1,1,1,1,1,-1,1,-1,1,1,1,-1,1,1,1,1,1,1,-1,1,-1,1,1,1,-1,1,1,1,1,-1,1,1,1,-1,1,1,1,1,1,-1,-1,1,-1,1,1,1,-1,1,-1,1,1,1,1,-1,-1,1,1,-1,1,1,1,-1,1,1,-1,1,1,1,-1,1,-1,1,1,1,-1,-1,-1,-1,1,-1,1,-1,1,1,1,1,1,-1,-1,1,1,1,1,1,1,-1,1,-1,1,1,1,-1,-1,-1,-1,-1,-1,-1,-1,-1,1,-1,1,1,1,-1,1,1,-1,-1,1,1,1,-1,1,-1,1,1,1,-1,-1,1,-1,1,1,1,-1,1,1,-1,1,1,1,-1,-1,1,-1,1,-1,1,1,-1,1,-1,-1,1,1,-1,-1,1,-1,1,1,-1,1,-1,1,-1,-1,1,-2654.0,1,2000,445,1000,True
2562,1,1,-1,-1,1,1,-1,1,1,1,1,-1,-1,1,1,1,-1,1,-1,-1,-1,1,1,1,1,-1,-1,-1,1,1,1,1,-1,-1,-1,1,-1,1,1,1,-1,-1,1,1,1,1,1,-1,1,-1,1,1,1,1,-1,-1,-1,-1,1,1,1,-1,-1,1,1,1,1,1,-1,-1,1,-1,1,1,1,-1,-1,1,-1,1,1,-1,-1,-1,-1,1,1,1,-1,-1,-1,-1,-1,1,1,-1,-1,1,-1,1,1,1,-1,-1,1,-1,-1,1,1,-1,-1,-1,-1,-1,1,1,-1,-1,1,-1,-1,1,1,1,-1,-1,-1,-1,1,1,1,-1,1,-1,-1,1,1,1,-1,1,-1,-1,1,1,1,-1,1,-1,-1,-1,1,1,-1,-1,1,-1,-1,1,1,-1,1,-1,-1,-1,1,1,-1,1,1,-1,1,1,-1,-1,1,-1,-1,1,1,-1,1,-1,1,-1,1,1,-1,1,1,-1,-1,-1,1,1,1,1,1,-1,1,1,-1,1,1,1,-1,1,1,1,-1,1,1,-1,1,1,-1,1,1,1,-1,1,1,1,1,1,1,1,-1,1,-1,-1,1,1,-1,-1,1,1,1,1,1,-1,-1,1,-1,1,1,1,1,-1,-1,1,-1,1,1,-1,1,1,-1,1,-1,1,-1,-1,1,-1,1,1,1,1,-1,1,-1,1,-1,1,1,1,-1,-1,1,-1,1,1,1,-1,-1,-1,1,1,1,1,1,1,-1,1,1,-1,-1,-1,1,-1,-1,1,1,-1,-1,-1,1,-1,1,1,1,-1,1,-1,-1,1,1,1,-1,1,-1,-1,1,-1,1,-1,-1,1,-1,1,1,1,-1,-1,1,-1,1,1,1,-1,-1,1,1,1,1,1,-1,1,-1,1,1,1,-1,-1,-1,-1,1,1,1,-1,-1,-1,1,-1,1,-1,1,-1,-1,1,-1,1,1,1,-1,-1,1,-1,1,1,1,1,-1,1,-1,1,1,1,1,-1,1,-1,-1,1,-1,1,-1,1,1,-1,1,1,-1,-1,1,-1,1,1,-1,-1,-1,-1,-1,1,1,-1,1,1,1,-1,1,-1,1,1,-1,1,-1,1,-1,1,1,1,-1,-1,1,1,1,1,1,1,1,-1,1,1,-1,1,1,1,1,1,-1,1,-1,-1,1,1,1,-1,1,1,1,-1,1,1,-1,-1,1,1,1,-1,1,1,-1,1,1,-1,-1,-1,1,1,1,1,1,-1,1,1,-1,1,-1,1,-1,1,1,-1,-1,1,1,-1,1,-1,-1,-1,1,1,1,1,-1,-1,1,-1,1,1,1,-1,-1,1,1,1,1,1,-1,-1,1,1,-1,1,1,-1,-1,1,1,1,-1,1,1,-1,-1,1,-1,1,-1,1,-1,1,1,-1,-1,-1,1,-1,-1,1,-1,1,-1,1,-1,-1,1,-1,-1,1,1,-1,-1,-1,1,-1,1,1,-1,1,-1,1,-1,-1,1,1,1,-1,1,-1,1,-1,1,-1,-1,-1,1,1,-1,-1,1,1,1,-1,1,-1,1,-1,1,1,1,-1,-1,-1,-1,-1,1,1,1,-1,-1,-1,1,1,-1,1,-1,-1,-1,1,1,1,1,-1,-1,-1,1,1,1,1,-1,-1,-1,-1,1,-1,1,-1,1,-1,-1,1,-1,1,-1,-1,1,1,-1,-1,1,1,-1,-1,-1,-1,-1,1,1,-1,-1,-1,1,-1,1,1,-1,-1,1,-1,1,1,-1,-1,-1,-1,-1,1,1,-1,1,-1,-1,1,1,1,1,-1,-1,-1,-1,-1,1,-1,1,-1,-1,1,-1,1,1,-1,1,-1,-1,1,1,1,-1,1,-1,1,-1,1,1,-1,1,-1,-1,-1,1,1,-1,1,-1,1,-1,1,1,1,-1,1,-1,-1,1,1,-1,-1,-1,1,-1,1,-1,1,-1,1,-1,-1,-1,-1,1,-1,1,-1,-1,1,-1,-1,1,-1,1,-1,-1,1,-1,1,-1,1,-1,1,-1,1,-1,1,-1,-1,-1,1,-1,1,-1,-1,-1,-1,1,-1,1,-1,1,-1,-1,1,-1,1,1,-1,-1,-1,-1,1,1,1,1,-1,-1,1,1,-1,1,1,-1,-1,-1,1,-1,-1,1,-1,-1,1,1,1,-1,1,-1,-1,1,-1,-1,1,1,-1,-1,-1,1,1,-1,1,-1,-1,1,1,-1,1,-1,-1,1,-1,1,-1,-1,1,-1,-1,-1,1,-1,1,1,1,-1,-1,1,-1,1,1,-1,-1,-1,1,-1,1,1,1,-1,-1,1,1,1,1,-1,-1,-1,1,1,-1,1,-1,-1,1,1,-1,1,1,-1,-1,-1,-1,1,1,1,1,-1,-1,-1,1,-1,1,-1,-1,-1,1,1,-1,1,-1,-1,1,-1,1,-1,1,1,-1,1,1,-1,1,1,-1,-1,1,1,1,1,1,1,-1,1,1,-1,-1,1,-1,1,1,1,1,-1,1,1,1,1,-1,1,1,-1,-1,1,1,-1,1,-1,1,1,1,-1,1,1,1,1,1,-1,1,1,1,-1,1,1,1,1,1,-1,-1,1,-1,1,-1,1,1,-1,1,1,1,-1,1,-1,-1,1,1,1,1,1,-1,1,-1,1,1,1,1,-1,-1,1,1,1,1,-1,1,-1,1,1,1,-1,-1,1,-1,1,1,-1,1,-1,-1,-1,-1,1,1,-1,1,-1,-1,1,1,1,-1,-1,-1,1,1,1,1,-1,-1,1,-1,-1,1,1,-1,1,-1,-1,-1,1,1,-1,1,-1,1,-1,1,1,1,1,1,1,-1,1,1,-1,-1,1,1,-1,1,1,-1,1,-1,-1,1,1,-1,-1,1,1,1,-1,1,1,-1,1,1,-1,1,1,-1,-1,-1,1,-1,-1,-1,-1,-1,1,-1,1,1,1,-1,1,1,1,-1,1,1,1,-1,1,1,-1,1,1,-1,-1,1,1,1,1,1,-1,1,-1,1,-1,1,1,-1,-1,1,1,-1,1,1,1,-1,1,1,1,1,1,-1,-1,1,1,-1,1,-1,1,-1,1,-1,1,1,-2654.0,1,2000,445,1000,True
2563,1,1,-1,-1,1,1,-1,1,1,1,1,-1,-1,-1,1,1,-1,1,-1,-1,1,1,1,1,1,1,-1,-1,1,1,1,1,-1,-1,-1,1,-1,1,1,1,-1,-1,1,1,1,1,1,1,-1,1,1,1,-1,1,-1,1,-1,-1,1,1,1,-1,-1,-1,1,1,1,1,1,-1,1,-1,1,1,1,1,1,1,1,1,1,-1,1,-1,-1,1,1,1,1,1,-1,1,-1,1,1,1,-1,1,-1,-1,1,1,1,1,1,-1,-1,1,1,1,1,-1,-1,-1,1,1,1,1,1,-1,-1,1,1,1,1,-1,-1,-1,1,1,1,1,1,-1,-1,1,1,1,1,1,-1,-1,-1,1,1,1,1,-1,-1,-1,1,1,1,1,1,-1,-1,1,1,1,1,1,-1,-1,1,1,1,1,1,-1,1,1,1,1,1,-1,-1,1,1,1,1,-1,1,-1,1,1,1,1,1,-1,-1,-1,1,1,1,1,1,-1,-1,1,-1,-1,1,1,-1,-1,1,1,1,1,1,-1,1,1,-1,-1,1,1,-1,1,1,1,1,1,1,1,-1,1,-1,1,1,1,-1,-1,1,1,1,1,1,-1,-1,1,-1,-1,1,1,1,-1,1,-1,1,1,1,-1,1,1,1,-1,1,1,-1,-1,-1,1,1,-1,1,1,1,-1,1,1,-1,1,1,1,1,1,1,-1,1,1,1,1,-1,1,1,1,1,1,1,1,1,1,1,-1,-1,1,-1,1,-1,1,1,1,1,1,1,-1,-1,1,1,-1,1,1,1,-1,1,1,1,-1,1,-1,1,-1,1,1,1,1,-1,1,1,1,1,1,-1,1,1,1,1,1,1,-1,1,1,1,1,1,1,-1,1,1,1,-1,1,1,1,-1,1,1,1,1,1,-1,1,1,-1,1,1,1,-1,1,1,1,1,1,1,-1,1,1,1,-1,1,1,1,1,1,1,1,-1,1,-1,1,1,1,-1,1,1,1,-1,1,1,1,-1,1,-1,1,1,1,-1,-1,-1,-1,1,1,1,-1,1,1,-1,1,1,-1,-1,1,1,-1,1,1,-1,1,1,1,1,1,1,1,1,-1,1,-1,-1,-1,1,-1,1,-1,-1,1,1,1,-1,1,-1,1,-1,-1,1,1,-1,1,-1,1,1,1,1,1,-1,1,-1,-1,1,-1,1,-1,-1,-1,1,1,1,1,-1,-1,1,-1,1,1,1,-1,1,-1,1,-1,1,1,-1,-1,1,-1,1,1,1,1,-1,-1,1,1,1,1,-1,-1,1,1,1,1,-1,1,-1,1,-1,1,1,-1,-1,-1,-1,1,1,1,-1,1,-1,1,-1,1,1,-1,-1,1,-1,1,1,1,1,-1,1,-1,-1,-1,1,1,-1,1,-1,1,-1,1,-1,-1,1,-1,-1,1,-1,1,-1,-1,1,-1,1,-1,1,-1,-1,1,-1,-1,1,1,1,-1,1,-1,1,-1,1,1,1,-1,1,1,-1,1,-1,1,1,1,-1,-1,1,-1,1,1,1,-1,-1,-1,-1,-1,1,1,1,-1,-1,-1,1,1,-1,1,-1,-1,-1,1,1,-1,1,-1,-1,-1,1,1,-1,1,-1,-1,-1,-1,1,1,1,-1,1,-1,-1,1,-1,1,-1,-1,1,-1,1,-1,1,1,-1,-1,-1,-1,-1,1,1,-1,1,-1,1,-1,-1,1,-1,-1,-1,-1,1,1,-1,-1,-1,-1,-1,1,1,-1,1,-1,1,1,1,1,1,-1,-1,-1,-1,-1,1,-1,1,-1,-1,1,-1,1,1,-1,1,-1,-1,1,1,1,-1,1,-1,1,-1,1,1,-1,1,-1,1,-1,1,1,-1,1,-1,-1,-1,1,1,1,-1,1,-1,-1,1,1,-1,-1,-1,-1,-1,1,1,1,-1,1,-1,-1,1,-1,1,-1,1,-1,-1,1,-1,-1,1,-1,1,-1,1,1,-1,1,-1,1,-1,1,-1,-1,1,-1,1,-1,1,1,-1,1,-1,-1,-1,-1,1,-1,1,-1,1,-1,-1,1,-1,1,-1,1,-1,-1,-1,1,1,-1,-1,-1,-1,1,-1,-1,-1,-1,-1,-1,-1,-1,1,-1,-1,-1,-1,1,1,-1,1,-1,-1,-1,1,-1,-1,1,-1,-1,-1,-1,-1,1,1,-1,-1,-1,-1,-1,1,-1,-1,-1,1,-1,-1,1,-1,1,-1,-1,-1,-1,-1,-1,-1,1,-1,-1,-1,1,1,-1,-1,-1,-1,1,-1,-1,-1,-1,1,-1,-1,1,-1,1,-1,-1,1,-1,1,1,1,1,-1,1,-1,-1,-1,1,-1,-1,-1,-1,-1,-1,1,1,-1,-1,1,-1,1,1,-1,-1,-1,1,-1,1,1,-1,-1,1,1,-1,1,1,1,-1,1,-1,1,1,1,-1,-1,1,-1,-1,1,-1,-1,-1,-1,-1,-1,1,1,-1,1,1,-1,-1,1,1,-1,-1,1,-1,-1,1,1,-1,-1,1,-1,-1,1,1,1,-1,-1,-1,-1,1,1,-1,-1,1,-1,-1,1,-1,1,-1,1,-1,-1,-1,1,1,-1,-1,-1,-1,1,1,1,-1,1,-1,1,1,1,1,-1,-1,-1,1,-1,-1,-1,-1,-1,-1,1,-1,1,-1,-1,-1,-1,1,1,1,1,-1,-1,1,-1,1,1,-1,1,-1,1,1,1,-1,1,-1,1,-1,1,1,1,1,-1,1,-1,1,-1,1,1,-1,-1,1,-1,1,-1,1,-1,1,-1,1,1,-1,1,-1,1,-1,1,1,-1,1,-1,1,-1,1,-1,1,1,-1,-1,-1,-1,-1,1,1,1,-1,1,1,1,1,1,-1,-1,1,1,1,-1,-1,-1,-1,1,-1,1,1,1,-1,-1,-1,-1,-1,-1,-1,-1,-1,-1,-1,1,1,1,-1,1,1,-1,-1,1,-1,-1,-1,1,-1,1,1,1,-1,-1,1,-1,1,1,1,-1,-1,1,-1,1,1,-1,-1,-1,1,-1,1,-1,1,1,-1,1,-1,-1,1,1,-1,-1,-1,-1,1,1,-1,1,-1,1,-1,-1,1,-2654.0,1,2000,445,1000,True
2564,-1,-1,1,1,1,1,-1,1,-1,-1,-1,1,-1,1,-1,-1,1,-1,1,1,1,1,-1,-1,-1,1,-1,-1,-1,-1,-1,-1,1,1,-1,1,1,-1,-1,-1,1,-1,1,-1,-1,-1,-1,-1,1,-1,1,-1,1,1,1,-1,-1,1,-1,-1,-1,1,1,1,-1,-1,-1,-1,-1,-1,1,-1,-1,-1,1,-1,-1,1,-1,-1,-1,-1,1,-1,-1,-1,-1,1,-1,1,-1,-1,-1,-1,1,-1,-1,1,-1,1,-1,1,-1,-1,1,-1,-1,-1,1,-1,-1,1,-1,1,-1,1,-1,-1,1,-1,-1,-1,1,1,-1,1,-1,-1,-1,1,1,-1,1,-1,-1,1,1,1,-1,-1,-1,-1,1,1,1,-1,1,-1,-1,-1,1,1,-1,-1,1,-1,1,1,1,-1,1,1,-1,-1,1,1,-1,1,1,-1,1,1,-1,-1,1,-1,-1,-1,1,-1,1,-1,1,-1,1,1,-1,1,1,-1,-1,1,1,-1,1,1,1,-1,1,1,1,-1,1,1,-1,1,1,-1,-1,1,1,-1,1,1,-1,1,1,1,1,1,1,1,1,1,1,1,1,1,-1,-1,1,1,-1,1,-1,1,-1,1,1,1,1,1,-1,1,1,1,1,1,1,-1,1,1,1,1,1,1,1,1,1,1,1,1,-1,1,1,-1,1,-1,1,-1,1,1,-1,1,1,1,1,1,1,-1,1,-1,-1,1,-1,1,1,1,1,-1,1,1,1,1,1,1,1,1,-1,1,-1,1,-1,1,1,1,1,-1,1,1,-1,1,1,1,1,1,-1,-1,1,-1,1,-1,-1,1,-1,1,1,1,-1,1,-1,-1,1,1,1,1,1,-1,-1,1,1,-1,1,1,-1,-1,1,-1,-1,1,1,-1,1,1,1,1,-1,1,-1,1,1,1,-1,1,1,-1,1,1,1,-1,1,-1,-1,1,1,1,-1,1,-1,-1,1,-1,1,-1,1,-1,-1,1,-1,1,-1,1,1,-1,1,-1,1,1,1,1,-1,-1,1,1,-1,1,-1,-1,1,1,-1,-1,1,1,-1,1,-1,1,-1,1,-1,1,1,-1,1,1,1,-1,-1,1,-1,1,-1,1,-1,-1,1,-1,1,1,1,1,-1,1,1,-1,1,1,-1,-1,1,-1,-1,1,-1,1,-1,-1,1,-1,1,1,-1,-1,1,1,-1,1,-1,1,-1,-1,1,-1,1,-1,-1,-1,-1,1,-1,-1,1,1,-1,-1,1,-1,1,1,-1,1,-1,1,-1,1,-1,1,-1,-1,-1,-1,1,-1,-1,1,-1,1,-1,1,-1,1,-1,-1,-1,1,1,-1,1,-1,-1,-1,-1,1,-1,-1,-1,-1,-1,1,-1,-1,1,-1,1,-1,-1,1,-1,-1,1,-1,-1,-1,1,-1,1,-1,1,-1,-1,1,-1,1,-1,1,-1,-1,1,-1,1,1,1,-1,-1,-1,1,1,-1,1,-1,-1,-1,1,1,1,-1,1,1,-1,1,1,1,1,1,-1,1,-1,1,1,-1,1,-1,1,-1,1,-1,-1,-1,1,-1,-1,1,-1,-1,-1,1,1,-1,1,1,-1,-1,1,1,-1,-1,1,-1,-1,-1,-1,-1,1,1,-1,-1,-1,-1,-1,1,1,-1,-1,1,1,1,-1,1,-1,-1,1,1,-1,1,1,-1,-1,-1,1,-1,-1,1,1,-1,1,1,1,1,1,-1,1,1,1,-1,1,1,1,-1,1,1,-1,1,1,-1,1,1,1,-1,1,1,-1,-1,1,-1,1,-1,1,-1,1,1,1,-1,1,1,-1,1,1,1,1,1,1,1,1,1,1,1,1,1,-1,1,-1,1,-1,1,1,1,1,1,1,1,1,1,-1,1,-1,1,1,1,1,1,-1,1,-1,1,1,1,1,1,1,1,1,1,1,-1,-1,1,1,-1,1,-1,-1,-1,1,1,-1,1,1,-1,1,-1,1,1,1,-1,-1,1,-1,1,-1,1,1,-1,-1,-1,1,-1,1,-1,-1,1,-1,1,-1,1,1,-1,1,-1,1,-1,1,1,-1,1,-1,1,-1,1,1,-1,-1,-1,1,1,1,-1,1,1,-1,1,1,1,1,-1,-1,1,-1,1,1,1,-1,-1,-1,-1,1,1,-1,1,-1,1,-1,1,1,1,-1,-1,-1,-1,1,1,-1,-1,-1,-1,1,-1,1,-1,-1,-1,1,-1,1,1,-1,-1,-1,1,-1,1,1,-1,-1,-1,1,1,1,1,-1,1,-1,1,-1,1,1,-1,-1,-1,-1,1,1,1,-1,-1,-1,1,-1,1,1,-1,1,-1,-1,1,1,1,-1,-1,-1,-1,-1,1,-1,-1,-1,1,-1,1,1,-1,-1,-1,1,-1,1,1,1,-1,1,1,-1,1,1,1,-1,1,-1,1,1,1,-1,-1,1,-1,-1,1,1,1,1,-1,1,-1,1,1,1,-1,1,-1,-1,1,1,1,1,-1,1,-1,1,1,1,1,1,-1,-1,1,1,-1,1,1,-1,-1,1,1,-1,1,-1,-1,-1,1,-1,1,1,1,-1,-1,-1,1,-1,1,1,-1,-1,1,1,-1,1,1,-1,1,1,1,-1,1,1,-1,1,-1,-1,1,1,1,-1,1,-1,1,1,1,-1,1,-1,1,1,1,1,-1,1,1,-1,1,1,-1,1,1,-1,-1,1,-1,1,1,-1,1,-1,1,-1,1,-1,-1,1,-1,1,-1,1,-1,1,-1,-1,-1,1,1,-1,-1,1,-1,-1,-1,1,1,-1,1,-1,1,-1,1,1,-1,-1,-1,-1,1,1,-1,-1,-1,1,1,1,1,-1,1,1,-1,1,1,-1,-1,1,-1,-1,-1,-1,1,-1,1,-1,1,1,1,-1,-1,-1,-1,1,-1,-1,-1,-1,-1,-1,1,1,1,-1,1,1,-1,1,1,1,1,-1,1,-1,1,1,1,1,-1,1,-1,1,1,1,1,-1,1,-1,1,1,1,1,-1,1,-1,1,1,-1,-1,-1,1,-1,-1,1,1,-1,-1,-1,1,-1,1,-1,1,-1,1,-1,-1,1,-2654.0,1,2000,445,1500,True
2565,-1,-1,1,1,1,1,-1,1,-1,-1,-1,1,-1,1,-1,-1,1,-1,1,1,-1,1,-1,-1,-1,1,-1,-1,1,-1,-1,-1,1,1,-1,1,1,-1,-1,-1,1,-1,1,-1,-1,-1,-1,1,-1,-1,-1,-1,1,-1,1,-1,-1,1,-1,-1,-1,1,1,1,-1,-1,-1,-1,-1,-1,1,-1,-1,-1,-1,-1,-1,1,-1,-1,-1,1,1,-1,-1,-1,-1,-1,-1,1,-1,-1,-1,-1,-1,-1,-1,1,-1,1,-1,-1,-1,-1,1,-1,-1,-1,-1,-1,-1,1,-1,-1,-1,-1,-1,-1,1,-1,-1,-1,-1,-1,-1,1,-1,-1,1,-1,-1,-1,-1,-1,-1,1,-1,-1,-1,-1,-1,-1,1,-1,-1,-1,1,-1,-1,-1,-1,-1,-1,-1,1,-1,1,1,-1,-1,-1,1,-1,-1,-1,-1,1,-1,1,-1,-1,-1,-1,-1,-1,-1,-1,1,-1,-1,-1,1,1,-1,-1,-1,-1,-1,-1,-1,-1,1,-1,1,-1,-1,1,-1,1,-1,-1,1,-1,1,-1,1,-1,-1,-1,-1,1,-1,1,-1,-1,1,-1,1,-1,1,-1,1,1,-1,1,1,-1,1,-1,-1,-1,1,1,1,-1,1,-1,-1,1,-1,1,-1,-1,1,-1,1,1,1,-1,-1,-1,-1,1,-1,-1,1,-1,-1,-1,1,-1,1,-1,-1,1,-1,1,1,-1,-1,-1,1,-1,1,1,-1,-1,-1,-1,-1,1,1,1,-1,1,-1,-1,1,1,1,-1,-1,-1,-1,1,1,-1,-1,-1,1,1,1,1,-1,-1,1,-1,-1,1,1,1,-1,-1,-1,1,1,1,1,-1,1,-1,1,1,-1,1,-1,-1,-1,1,1,1,1,-1,-1,1,1,1,1,-1,-1,-1,1,-1,1,1,-1,-1,-1,-1,1,1,1,1,-1,-1,1,-1,1,1,-1,-1,-1,-1,1,1,1,1,-1,-1,-1,1,-1,1,1,-1,-1,-1,1,-1,1,1,1,-1,1,1,-1,1,-1,1,-1,-1,1,1,-1,1,1,-1,-1,-1,1,-1,1,-1,1,-1,1,-1,-1,1,-1,-1,-1,1,1,1,1,1,1,-1,1,-1,1,-1,1,-1,-1,1,-1,1,-1,1,-1,1,1,-1,-1,-1,-1,1,1,1,1,-1,-1,1,-1,-1,1,-1,-1,1,1,-1,1,-1,1,-1,-1,1,-1,-1,1,-1,-1,1,1,-1,1,-1,1,-1,-1,1,-1,-1,-1,-1,-1,-1,1,-1,-1,1,1,-1,-1,-1,-1,1,-1,-1,1,-1,1,-1,-1,1,1,-1,-1,1,-1,-1,-1,-1,-1,1,1,-1,-1,1,1,-1,1,-1,1,-1,1,1,-1,1,-1,-1,-1,-1,-1,-1,1,-1,1,-1,1,1,-1,1,-1,-1,1,-1,-1,1,-1,1,-1,1,-1,1,-1,1,1,-1,1,-1,1,-1,1,-1,-1,1,-1,1,1,1,1,-1,-1,1,1,-1,1,1,1,-1,1,1,1,-1,1,1,-1,1,1,1,1,-1,-1,1,-1,1,1,-1,1,-1,1,-1,-1,1,-1,-1,1,-1,-1,1,-1,-1,-1,1,1,-1,1,1,-1,-1,1,1,-1,-1,1,-1,-1,-1,-1,-1,1,1,-1,-1,-1,-1,-1,1,1,-1,-1,1,1,1,-1,1,-1,-1,1,1,-1,1,1,-1,-1,-1,1,-1,-1,1,1,-1,1,1,1,1,1,1,-1,-1,1,-1,1,1,1,-1,-1,1,-1,1,1,-1,-1,1,1,-1,1,1,-1,-1,1,-1,1,1,1,1,-1,1,1,-1,1,1,1,-1,1,1,1,1,1,1,-1,-1,1,1,1,1,1,-1,1,1,-1,1,1,1,-1,-1,1,1,1,-1,1,-1,-1,1,1,1,1,1,-1,-1,-1,1,1,1,1,-1,-1,1,1,1,1,-1,1,-1,1,-1,1,-1,-1,1,-1,1,-1,1,1,-1,1,-1,1,1,1,-1,-1,-1,-1,1,-1,1,1,-1,1,1,-1,-1,1,-1,1,-1,-1,1,1,1,1,-1,1,-1,1,-1,1,1,-1,-1,1,1,-1,1,1,-1,1,-1,1,-1,1,-1,1,1,1,-1,-1,1,1,-1,1,-1,1,-1,1,1,-1,1,-1,1,-1,1,1,-1,1,1,1,-1,1,1,1,1,1,1,-1,1,1,1,1,1,-1,-1,1,1,1,1,-1,-1,1,1,1,1,1,-1,-1,-1,1,1,1,1,-1,1,-1,1,1,1,1,-1,-1,-1,1,-1,1,1,1,1,1,1,1,-1,1,1,-1,1,1,1,1,1,-1,1,1,1,1,1,1,1,-1,1,-1,1,1,-1,1,-1,1,1,1,1,-1,1,-1,1,1,1,1,1,1,1,1,-1,1,1,1,1,1,1,1,1,1,1,-1,1,1,1,1,-1,1,1,1,1,1,1,1,1,-1,1,1,1,1,1,1,1,1,1,1,1,1,1,1,1,1,-1,1,1,1,1,1,1,-1,1,1,1,1,1,-1,1,1,1,1,1,1,1,-1,1,1,1,1,1,1,-1,1,-1,1,1,1,1,-1,1,1,1,1,1,-1,1,1,1,1,1,-1,1,1,1,1,1,1,1,1,1,1,1,1,-1,1,1,1,-1,1,1,1,1,-1,-1,1,-1,1,1,1,1,-1,1,-1,1,1,-1,1,-1,1,1,1,-1,-1,-1,1,1,1,-1,1,1,-1,-1,1,1,-1,1,1,-1,-1,1,-1,1,-1,-1,1,1,1,1,1,-1,-1,1,1,1,1,-1,1,1,1,1,1,1,-1,1,1,-1,-1,1,1,-1,-1,1,1,1,-1,1,1,-1,-1,-1,-1,1,1,-1,-1,1,1,1,-1,1,-1,-1,-1,1,1,1,1,-1,-1,1,1,1,1,1,1,-1,1,1,1,1,1,1,-1,1,1,1,1,1,1,-1,1,-1,1,-1,1,1,-1,-1,1,1,-1,1,1,1,-1,1,1,-1,1,1,-1,-1,1,-2654.0,1,2000,445,500,True
2566,1,1,-1,-1,1,1,-1,1,1,1,1,-1,1,1,1,1,-1,1,-1,-1,-1,1,1,1,1,1,-1,-1,1,1,1,1,-1,-1,-1,1,-1,1,1,1,-1,-1,1,1,1,1,1,1,-1,-1,1,1,-1,1,-1,-1,1,-1,1,1,1,-1,-1,-1,1,1,1,1,1,-1,1,-1,1,1,1,1,-1,1,-1,1,1,-1,1,-1,-1,1,1,1,1,1,1,1,-1,1,1,1,-1,-1,-1,1,1,1,1,1,-1,-1,-1,1,1,1,1,-1,-1,-1,1,1,1,1,1,-1,-1,1,1,1,1,-1,-1,-1,1,1,1,1,-1,-1,-1,1,1,1,1,-1,-1,-1,1,1,1,1,1,-1,-1,-1,1,1,1,-1,1,-1,-1,1,1,1,-1,1,-1,-1,1,1,1,-1,1,-1,1,1,1,1,-1,-1,-1,1,1,1,-1,1,1,-1,1,1,1,-1,-1,-1,-1,-1,1,1,-1,-1,1,-1,1,1,-1,1,-1,1,-1,-1,1,1,1,-1,1,-1,1,1,1,1,-1,1,-1,1,1,-1,-1,-1,1,1,-1,1,-1,1,-1,1,1,-1,1,-1,1,-1,1,-1,-1,1,-1,-1,-1,1,1,-1,1,1,-1,-1,1,-1,1,1,-1,-1,-1,1,-1,-1,1,-1,1,-1,1,1,1,1,-1,-1,1,1,1,1,1,1,-1,1,1,1,1,1,-1,-1,-1,1,1,1,1,1,-1,-1,1,1,-1,1,1,-1,1,1,1,1,1,-1,1,-1,1,1,1,-1,1,1,1,1,1,1,1,-1,-1,1,1,-1,1,1,1,-1,1,1,1,1,1,1,1,1,1,1,1,1,1,1,-1,1,1,1,1,1,-1,1,1,1,1,-1,1,1,-1,1,1,1,1,1,-1,1,1,1,1,1,1,-1,1,-1,1,1,1,1,-1,1,-1,1,1,1,1,-1,1,-1,1,-1,-1,1,-1,1,1,-1,1,1,1,1,-1,1,-1,1,-1,1,-1,1,-1,-1,1,-1,-1,-1,1,1,1,1,-1,1,-1,1,-1,1,-1,1,1,1,1,-1,1,-1,1,1,-1,1,-1,-1,-1,-1,1,1,-1,1,-1,-1,1,-1,1,-1,-1,-1,1,-1,-1,1,-1,1,-1,1,-1,1,1,-1,-1,-1,1,1,-1,1,-1,1,-1,-1,1,-1,1,-1,-1,-1,-1,1,-1,-1,1,1,-1,-1,1,-1,1,1,-1,1,-1,1,-1,1,-1,1,-1,1,1,-1,-1,-1,-1,-1,1,1,-1,1,-1,1,-1,1,-1,1,1,-1,1,-1,1,-1,-1,1,-1,-1,-1,1,-1,1,-1,1,1,-1,1,-1,-1,1,-1,-1,1,-1,1,-1,1,-1,1,-1,1,1,-1,-1,-1,1,-1,1,-1,-1,1,-1,1,1,1,1,-1,-1,1,1,-1,1,1,-1,-1,1,1,1,1,1,1,-1,1,1,1,-1,1,-1,1,-1,1,1,-1,1,-1,1,-1,-1,1,-1,-1,1,-1,-1,1,-1,-1,-1,1,1,-1,-1,1,-1,-1,1,1,-1,-1,1,-1,-1,-1,-1,-1,-1,1,-1,-1,-1,-1,-1,-1,1,-1,-1,1,1,1,1,1,-1,-1,1,1,-1,-1,1,-1,1,-1,1,-1,-1,1,1,-1,1,1,1,-1,1,1,-1,-1,1,-1,-1,1,1,-1,-1,1,-1,1,1,-1,-1,1,1,-1,1,1,-1,1,1,-1,1,1,1,1,-1,1,1,-1,-1,1,1,-1,1,1,1,-1,1,1,-1,-1,1,1,1,1,1,-1,1,1,-1,-1,1,1,-1,-1,1,1,-1,1,1,-1,-1,1,1,-1,1,1,-1,-1,-1,1,-1,1,1,-1,-1,1,1,-1,1,1,-1,-1,1,1,-1,-1,-1,1,-1,1,-1,-1,1,-1,-1,-1,1,1,-1,-1,1,-1,-1,1,1,-1,1,-1,-1,1,-1,-1,-1,-1,1,-1,-1,1,-1,-1,-1,1,-1,-1,1,-1,-1,-1,1,-1,1,-1,1,-1,-1,-1,-1,-1,-1,-1,-1,-1,1,-1,1,-1,-1,-1,-1,-1,-1,1,-1,-1,-1,-1,1,1,-1,1,-1,-1,-1,1,-1,-1,1,-1,-1,-1,-1,-1,1,1,-1,-1,-1,-1,-1,1,-1,-1,-1,1,-1,-1,1,-1,1,-1,-1,-1,-1,-1,-1,-1,1,-1,-1,-1,1,1,1,-1,-1,-1,1,1,-1,-1,-1,-1,-1,-1,1,1,1,-1,-1,-1,-1,1,-1,1,1,-1,1,-1,-1,1,1,-1,-1,-1,-1,-1,-1,1,1,-1,-1,1,-1,1,1,-1,-1,-1,1,-1,-1,1,-1,-1,-1,-1,-1,1,1,1,-1,-1,-1,1,1,1,-1,-1,1,-1,-1,1,1,-1,-1,1,-1,-1,1,1,-1,1,-1,-1,-1,1,1,-1,-1,1,-1,-1,1,1,-1,-1,1,-1,-1,1,1,1,-1,-1,1,-1,1,1,-1,-1,1,-1,-1,1,-1,1,-1,-1,1,-1,-1,1,1,-1,-1,1,-1,1,1,1,-1,-1,1,-1,1,1,1,-1,-1,1,1,-1,1,-1,-1,1,-1,1,-1,1,-1,-1,1,-1,1,-1,1,1,-1,1,1,1,-1,1,-1,1,-1,1,-1,-1,1,1,-1,-1,1,1,-1,1,1,-1,1,-1,1,-1,1,1,-1,1,1,-1,-1,-1,1,-1,1,-1,1,-1,-1,1,1,-1,1,1,-1,1,1,-1,-1,1,-1,-1,-1,1,-1,1,1,-1,1,1,1,1,1,-1,1,-1,1,1,1,1,-1,1,-1,-1,1,-1,1,-1,1,1,1,1,-1,1,1,-1,1,-1,1,1,1,-1,1,1,1,1,1,1,-1,-1,1,1,1,1,1,-1,-1,1,1,1,1,1,1,-1,1,1,1,1,1,1,-1,1,1,1,1,1,-1,-1,1,1,1,1,1,1,-1,1,1,1,1,1,-1,1,-1,1,1,-1,1,1,-1,1,1,-2654.0,1,2000,445,500,True
2567,-1,-1,1,1,1,1,-1,1,-1,-1,-1,1,-1,1,-1,-1,1,-1,1,1,1,1,-1,-1,-1,1,-1,-1,-1,-1,-1,-1,1,1,-1,1,1,-1,-1,-1,1,-1,1,-1,-1,-1,-1,-1,1,-1,-1,-1,1,-1,1,-1,-1,1,-1,-1,-1,1,1,1,-1,1,-1,-1,-1,-1,1,-1,-1,-1,-1,-1,1,1,-1,-1,-1,1,1,-1,-1,-1,-1,1,-1,1,-1,-1,-1,1,-1,-1,-1,1,-1,1,1,1,-1,-1,1,-1,-1,1,1,-1,-1,1,-1,-1,1,1,-1,-1,1,-1,-1,1,1,-1,-1,1,-1,-1,1,1,-1,-1,1,-1,-1,1,1,1,-1,1,-1,-1,1,1,-1,-1,-1,-1,-1,-1,1,1,-1,1,1,-1,1,1,1,-1,1,-1,-1,-1,1,1,-1,1,1,-1,1,1,-1,-1,1,-1,-1,1,1,-1,1,-1,1,-1,1,1,-1,1,1,-1,-1,-1,1,1,1,1,1,-1,1,1,-1,1,1,1,-1,1,1,1,-1,1,1,-1,1,1,1,1,1,1,1,1,1,-1,1,1,1,1,-1,1,-1,-1,1,1,1,-1,1,-1,1,1,1,1,-1,1,-1,1,1,1,1,-1,-1,1,-1,1,1,-1,1,1,-1,1,1,1,1,-1,1,-1,1,-1,1,-1,-1,1,-1,1,-1,1,-1,1,1,-1,1,-1,1,-1,1,1,1,-1,1,1,-1,1,1,1,-1,1,1,1,-1,-1,1,-1,-1,1,-1,-1,-1,1,1,-1,1,1,1,-1,1,-1,-1,1,-1,-1,-1,-1,1,-1,-1,1,-1,-1,1,1,-1,1,-1,-1,-1,1,-1,-1,-1,-1,-1,1,1,1,-1,1,-1,-1,1,1,-1,1,-1,-1,1,-1,1,-1,-1,-1,-1,1,1,1,1,1,1,-1,-1,1,1,1,1,-1,-1,-1,1,1,1,1,-1,-1,1,-1,1,1,1,-1,-1,1,-1,1,-1,1,1,-1,1,-1,1,1,1,1,-1,-1,1,1,1,-1,-1,-1,1,1,-1,-1,1,1,-1,1,-1,1,-1,1,-1,1,1,-1,1,1,1,-1,1,1,-1,1,-1,1,-1,-1,1,-1,1,1,1,1,-1,1,1,-1,1,1,-1,-1,1,-1,-1,1,-1,1,-1,-1,1,-1,1,1,-1,-1,-1,1,-1,1,-1,1,-1,-1,1,-1,1,-1,-1,-1,-1,1,-1,-1,1,1,-1,-1,1,-1,1,1,-1,1,-1,1,-1,1,-1,1,-1,-1,-1,-1,1,-1,-1,1,-1,1,-1,1,-1,1,-1,-1,-1,1,1,-1,1,-1,-1,-1,1,1,-1,-1,1,-1,-1,1,-1,1,1,1,1,-1,-1,1,-1,-1,1,-1,-1,-1,1,-1,1,-1,1,-1,-1,-1,-1,1,-1,1,-1,-1,1,-1,1,1,1,-1,-1,-1,1,1,-1,1,-1,1,-1,1,1,1,-1,1,1,-1,1,1,1,1,1,-1,1,-1,1,1,-1,1,-1,1,-1,-1,1,-1,-1,1,-1,-1,1,-1,-1,1,1,1,-1,1,1,-1,1,1,1,-1,-1,1,-1,-1,1,-1,-1,1,1,-1,-1,-1,-1,-1,1,1,-1,1,1,1,1,-1,1,-1,-1,1,1,-1,1,1,-1,-1,-1,1,-1,-1,1,1,-1,1,1,1,1,1,-1,1,1,1,-1,1,1,1,-1,1,1,-1,1,1,-1,1,1,1,-1,1,1,-1,-1,1,-1,1,1,1,-1,1,1,-1,-1,1,1,1,1,1,-1,1,1,1,1,1,1,1,1,1,1,-1,1,-1,1,-1,1,1,1,1,1,1,1,1,-1,1,1,-1,1,-1,1,1,1,-1,1,-1,1,1,1,1,1,1,1,1,1,1,-1,1,1,-1,-1,1,-1,-1,1,1,1,-1,1,1,-1,1,-1,-1,1,1,-1,1,1,-1,1,-1,-1,1,-1,1,-1,1,-1,1,-1,1,1,-1,1,1,1,-1,1,1,-1,1,-1,1,-1,1,1,-1,1,-1,1,-1,-1,1,1,1,1,1,-1,1,1,-1,1,1,1,1,-1,1,-1,1,-1,1,-1,1,1,1,-1,1,1,-1,1,1,1,-1,1,1,1,-1,1,-1,-1,1,1,-1,-1,1,-1,1,-1,-1,1,-1,1,1,-1,1,1,-1,-1,1,1,-1,1,1,-1,-1,-1,1,1,1,1,-1,-1,1,1,-1,1,1,-1,-1,1,-1,1,1,1,1,-1,-1,1,-1,1,1,-1,1,-1,-1,1,1,1,-1,-1,-1,-1,-1,1,-1,-1,-1,1,-1,1,1,1,1,-1,1,-1,1,1,1,-1,-1,-1,-1,1,1,-1,1,-1,-1,1,1,1,1,-1,1,-1,-1,1,1,1,-1,1,-1,-1,1,1,1,1,-1,-1,-1,1,1,1,1,1,-1,-1,1,-1,1,1,1,1,-1,1,1,-1,1,1,-1,-1,1,1,-1,1,1,-1,-1,1,-1,-1,1,1,1,-1,-1,1,-1,1,-1,1,-1,1,1,-1,1,-1,1,-1,1,1,-1,1,1,1,-1,-1,-1,1,1,1,-1,1,-1,1,1,1,1,-1,1,-1,1,1,1,-1,-1,1,-1,1,1,-1,1,-1,-1,-1,1,-1,1,-1,1,-1,-1,1,-1,1,-1,-1,-1,-1,1,-1,1,-1,1,-1,-1,-1,1,1,-1,1,-1,-1,-1,-1,1,-1,1,-1,-1,1,-1,1,1,1,1,-1,-1,1,1,-1,-1,1,1,1,1,-1,-1,1,-1,-1,1,1,-1,-1,1,-1,-1,-1,-1,1,-1,1,-1,1,1,-1,1,-1,1,-1,1,-1,-1,-1,-1,1,-1,1,1,1,-1,1,1,-1,1,1,-1,-1,-1,1,-1,1,1,1,1,-1,1,-1,1,1,1,-1,-1,1,-1,1,1,1,-1,-1,1,-1,1,1,-1,-1,-1,1,-1,-1,1,1,-1,-1,-1,1,-1,1,-1,1,-1,1,-1,-1,1,-2654.0,1,2000,445,1500,True
2568,-1,-1,1,1,1,1,-1,1,-1,-1,-1,1,-1,-1,-1,-1,1,-1,1,-1,-1,-1,-1,-1,-1,1,-1,-1,-1,-1,-1,-1,1,-1,-1,-1,1,-1,-1,1,-1,-1,-1,-1,-1,-1,1,1,-1,1,-1,-1,1,1,-1,1,-1,1,-1,-1,1,1,-1,1,-1,-1,-1,1,1,-1,-1,1,-1,-1,1,1,1,-1,1,-1,-1,-1,1,-1,1,-1,-1,1,1,1,1,-1,1,-1,-1,1,-1,1,1,1,-1,-1,1,1,-1,1,1,-1,-1,1,1,1,1,1,-1,-1,1,1,1,1,1,-1,-1,1,1,1,1,1,-1,-1,1,1,-1,1,1,-1,-1,1,1,-1,1,1,-1,-1,-1,1,1,1,1,1,-1,1,1,1,-1,1,1,-1,-1,1,-1,1,1,1,-1,-1,1,-1,-1,1,1,-1,1,1,-1,1,1,-1,-1,1,-1,1,-1,1,-1,-1,1,-1,-1,1,1,1,-1,1,-1,-1,1,1,-1,-1,1,-1,-1,-1,1,-1,1,1,1,-1,-1,1,-1,1,-1,-1,-1,-1,1,-1,-1,1,1,-1,-1,-1,1,-1,1,1,-1,-1,1,1,-1,1,1,-1,-1,1,1,-1,1,-1,-1,-1,1,1,1,-1,1,-1,-1,1,-1,-1,1,-1,-1,-1,1,1,-1,-1,1,-1,1,-1,-1,-1,-1,1,-1,-1,1,1,1,-1,1,-1,-1,-1,-1,-1,-1,1,-1,1,-1,-1,-1,-1,1,-1,1,-1,1,-1,1,1,1,1,-1,1,1,-1,1,-1,1,1,1,1,-1,1,1,1,-1,-1,1,-1,-1,1,1,1,-1,1,1,-1,1,1,-1,-1,1,1,1,1,1,-1,1,1,-1,1,-1,1,-1,1,1,-1,-1,1,1,-1,-1,1,1,1,-1,1,-1,1,1,1,-1,1,1,-1,1,1,1,-1,1,-1,-1,1,1,1,-1,1,-1,-1,-1,1,1,-1,1,-1,-1,1,-1,1,-1,1,1,-1,-1,1,1,1,-1,1,-1,-1,1,1,-1,1,-1,-1,-1,-1,-1,-1,1,1,-1,-1,1,1,-1,1,-1,1,-1,1,1,1,1,-1,-1,1,1,1,-1,1,-1,-1,-1,-1,1,1,1,1,-1,-1,1,1,1,1,-1,-1,1,-1,-1,1,-1,1,-1,-1,1,-1,1,-1,-1,-1,1,1,-1,1,-1,1,-1,-1,1,-1,1,1,-1,-1,-1,1,-1,-1,1,1,-1,-1,1,-1,1,1,-1,1,-1,1,-1,-1,1,1,-1,-1,1,-1,1,1,-1,-1,1,1,-1,1,-1,1,-1,1,-1,-1,1,-1,1,-1,1,-1,-1,1,-1,-1,-1,1,-1,-1,1,-1,1,-1,1,-1,-1,1,-1,-1,1,-1,1,-1,1,1,1,-1,1,1,-1,-1,1,1,-1,1,-1,-1,1,-1,1,1,1,1,-1,-1,1,1,-1,1,1,-1,-1,1,1,1,-1,1,1,-1,1,1,1,1,-1,1,1,-1,-1,-1,1,-1,-1,1,1,1,-1,1,-1,1,-1,-1,-1,1,1,-1,1,1,-1,1,-1,1,-1,1,1,-1,1,-1,1,-1,-1,-1,-1,1,-1,1,-1,-1,-1,-1,1,-1,1,-1,1,1,1,1,-1,1,-1,1,1,-1,1,-1,1,-1,-1,1,-1,1,-1,-1,1,1,1,1,1,-1,1,1,1,1,-1,1,-1,-1,1,1,1,-1,-1,-1,-1,1,1,1,-1,-1,-1,1,-1,1,-1,1,1,-1,-1,1,1,1,-1,-1,-1,-1,1,1,1,1,1,-1,-1,1,1,1,1,-1,-1,-1,1,-1,1,-1,1,-1,1,1,1,1,1,1,-1,-1,1,1,1,1,1,-1,-1,1,1,-1,1,1,-1,-1,1,1,1,1,1,-1,1,-1,1,1,-1,1,1,1,-1,1,1,-1,1,-1,1,1,1,1,1,1,1,-1,1,1,1,-1,1,-1,1,-1,1,-1,-1,1,1,-1,-1,1,1,-1,1,1,-1,-1,1,1,-1,1,1,-1,1,1,1,-1,1,1,1,-1,1,1,-1,1,1,-1,1,-1,-1,-1,1,1,1,-1,1,-1,-1,1,1,-1,-1,-1,1,-1,1,1,1,-1,-1,1,-1,1,1,-1,1,-1,1,-1,1,1,1,-1,1,-1,-1,1,-1,1,-1,1,-1,1,1,1,1,-1,-1,-1,-1,-1,1,1,-1,1,1,1,1,1,-1,1,-1,-1,-1,1,1,1,-1,1,1,1,1,1,1,-1,1,-1,1,-1,1,-1,1,-1,1,1,1,1,1,1,-1,-1,1,-1,1,1,1,-1,1,1,-1,-1,1,1,-1,1,1,1,-1,1,1,-1,1,1,1,-1,1,-1,1,1,1,-1,1,1,-1,-1,1,-1,-1,-1,1,-1,-1,1,1,-1,1,1,1,-1,1,1,-1,-1,-1,1,-1,1,1,-1,1,-1,1,-1,1,1,-1,-1,-1,1,-1,-1,1,-1,-1,1,1,-1,1,-1,-1,-1,-1,1,-1,-1,1,-1,-1,-1,1,-1,1,1,-1,-1,1,-1,1,1,1,1,-1,-1,1,1,-1,1,-1,-1,-1,-1,1,-1,1,-1,-1,-1,1,-1,1,1,-1,-1,-1,1,1,-1,1,-1,1,-1,1,-1,-1,1,1,-1,1,-1,1,-1,1,1,-1,1,-1,1,-1,1,1,-1,1,1,-1,-1,-1,1,-1,1,-1,1,-1,-1,1,-1,1,-1,1,-1,-1,1,-1,-1,1,-1,-1,-1,1,-1,1,1,-1,1,-1,1,1,1,-1,1,-1,1,-1,1,1,-1,1,-1,-1,-1,-1,1,-1,1,-1,1,-1,1,1,1,-1,1,-1,1,1,1,-1,1,-1,1,1,-1,1,-1,-1,1,1,1,1,1,-1,-1,1,1,1,1,1,1,-1,-1,-1,1,1,1,1,-1,1,1,-1,-1,1,1,-1,1,1,1,1,1,1,-1,-1,1,1,-1,1,1,1,-1,1,1,-1,1,1,-1,-1,1,-2654.0,1,2000,445,500,True
2569,-1,-1,1,1,1,1,-1,1,-1,-1,-1,1,-1,1,-1,-1,1,-1,1,1,-1,1,-1,-1,-1,1,-1,-1,-1,-1,-1,-1,1,1,-1,1,1,-1,-1,-1,1,-1,1,-1,-1,-1,-1,1,-1,-1,-1,-1,1,-1,1,-1,-1,1,-1,-1,-1,1,1,1,-1,-1,-1,-1,-1,-1,1,-1,-1,-1,-1,-1,-1,1,-1,-1,-1,1,1,-1,-1,-1,-1,-1,-1,1,-1,-1,-1,-1,-1,-1,-1,1,-1,1,-1,-1,-1,-1,1,-1,-1,-1,-1,-1,-1,1,-1,-1,-1,-1,-1,-1,1,-1,-1,-1,-1,-1,-1,1,-1,-1,1,-1,-1,-1,-1,-1,-1,1,-1,-1,-1,-1,-1,-1,1,-1,-1,-1,1,-1,-1,-1,-1,-1,-1,-1,1,-1,1,1,-1,-1,-1,-1,-1,-1,1,-1,1,-1,1,-1,1,-1,-1,-1,-1,-1,-1,-1,-1,-1,-1,1,1,-1,1,-1,-1,-1,-1,-1,-1,1,-1,-1,-1,-1,1,-1,1,1,-1,1,-1,1,-1,1,-1,-1,-1,-1,1,-1,1,1,-1,-1,-1,1,1,1,-1,1,-1,-1,1,1,-1,1,-1,-1,1,1,-1,1,-1,1,-1,-1,1,1,1,-1,1,1,-1,1,1,1,-1,-1,1,-1,1,1,-1,1,1,-1,-1,1,1,1,-1,1,-1,-1,1,-1,-1,-1,1,-1,1,1,1,-1,-1,1,-1,1,1,-1,1,1,1,-1,-1,1,1,1,-1,1,1,-1,1,1,-1,-1,-1,1,1,1,-1,-1,-1,1,1,-1,1,1,1,-1,-1,1,1,1,-1,-1,-1,1,1,1,1,1,-1,-1,-1,1,1,1,-1,1,-1,-1,-1,1,1,-1,-1,-1,1,1,-1,1,-1,-1,-1,-1,1,1,1,-1,1,-1,1,1,-1,1,-1,-1,-1,-1,-1,1,1,-1,-1,-1,-1,-1,1,-1,-1,-1,-1,-1,1,1,-1,-1,-1,1,1,1,1,-1,-1,1,1,-1,-1,1,1,-1,-1,1,-1,-1,-1,1,-1,-1,-1,1,-1,1,-1,-1,-1,-1,-1,-1,1,1,-1,-1,1,1,-1,1,-1,-1,-1,1,1,-1,1,-1,-1,-1,1,-1,1,1,-1,-1,-1,-1,1,-1,-1,1,-1,-1,1,-1,-1,1,-1,-1,-1,1,-1,1,-1,1,-1,-1,1,-1,-1,1,-1,-1,1,1,-1,1,-1,1,-1,-1,1,-1,-1,-1,-1,-1,-1,1,-1,-1,1,1,-1,-1,-1,-1,1,-1,-1,1,-1,1,-1,-1,1,1,-1,-1,1,-1,-1,-1,-1,-1,1,1,-1,-1,1,1,-1,1,-1,1,-1,1,1,-1,1,-1,-1,-1,-1,-1,-1,1,-1,1,-1,1,1,-1,1,-1,-1,1,-1,-1,1,-1,1,-1,-1,-1,1,-1,1,1,-1,-1,-1,1,-1,1,-1,-1,-1,-1,1,1,1,1,-1,-1,-1,1,-1,1,1,-1,-1,-1,1,1,-1,1,1,-1,1,1,1,1,-1,1,1,-1,1,1,-1,1,-1,1,-1,-1,1,-1,-1,1,-1,-1,1,-1,-1,-1,1,1,-1,1,1,-1,-1,1,1,-1,-1,1,-1,-1,-1,-1,-1,1,1,-1,-1,-1,-1,-1,1,1,-1,-1,1,1,1,-1,1,-1,-1,1,1,-1,1,1,-1,-1,-1,1,-1,-1,1,1,-1,1,1,1,1,1,-1,1,1,1,-1,1,1,1,-1,1,1,-1,1,1,-1,1,1,1,-1,1,1,-1,-1,1,-1,1,1,1,-1,1,1,1,-1,1,1,-1,1,1,1,1,1,1,1,1,1,1,1,1,1,-1,1,1,1,-1,1,1,1,1,1,1,1,1,1,-1,1,1,1,1,1,1,1,-1,1,-1,1,1,1,1,1,1,1,1,1,1,-1,1,1,1,-1,1,-1,-1,1,1,1,-1,1,1,-1,1,1,1,1,1,-1,-1,1,1,1,-1,1,1,-1,1,1,-1,-1,1,-1,1,1,1,1,-1,1,1,-1,1,1,1,-1,1,1,-1,1,1,1,-1,1,1,-1,1,1,1,-1,1,-1,1,1,1,-1,-1,1,1,-1,1,-1,1,-1,1,1,-1,1,1,1,-1,1,1,-1,1,1,1,-1,1,1,-1,1,1,1,-1,1,1,1,1,1,-1,-1,1,-1,1,1,-1,-1,1,1,1,1,1,-1,-1,-1,-1,1,1,1,-1,1,-1,1,1,1,-1,1,-1,-1,1,-1,1,1,1,1,1,1,1,1,1,1,-1,1,1,1,-1,1,-1,1,1,1,1,1,1,1,-1,1,-1,1,1,1,1,-1,1,1,1,1,-1,1,1,1,1,1,1,1,1,1,1,-1,1,1,1,1,1,1,1,1,1,1,-1,1,1,1,1,-1,1,-1,1,1,1,1,-1,1,-1,1,1,1,1,-1,1,-1,1,1,1,1,1,-1,1,1,1,-1,1,1,-1,1,1,1,-1,1,-1,-1,-1,1,-1,1,1,1,-1,1,1,1,-1,1,1,-1,1,1,1,-1,1,1,-1,1,1,1,-1,1,1,-1,1,-1,1,1,1,1,-1,1,-1,1,1,1,-1,1,1,1,1,1,1,1,-1,1,1,1,1,-1,1,-1,1,1,1,-1,1,-1,1,1,1,1,-1,1,1,-1,1,-1,1,-1,1,1,1,-1,1,1,1,1,1,-1,1,1,1,-1,1,-1,1,-1,1,-1,-1,1,1,1,-1,-1,1,1,1,1,1,-1,-1,1,1,1,1,-1,1,1,1,1,1,1,-1,1,1,1,-1,1,1,-1,-1,1,1,1,-1,1,1,-1,-1,1,-1,1,1,-1,-1,1,1,1,-1,1,-1,-1,-1,1,1,1,1,-1,-1,1,1,1,1,1,1,-1,1,1,1,1,1,1,-1,1,1,1,1,1,-1,-1,1,-1,1,-1,1,1,-1,-1,1,1,-1,1,-1,1,1,1,1,-1,1,1,-1,-1,1,-2654.0,1,2000,445,500,True
2570,1,1,-1,-1,1,1,-1,-1,1,1,1,-1,-1,-1,1,1,-1,1,-1,-1,-1,-1,1,1,1,1,-1,-1,1,1,1,1,-1,-1,-1,-1,1,-1,1,1,-1,-1,-1,1,1,1,1,1,-1,1,1,1,-1,1,-1,1,1,-1,1,1,1,-1,-1,-1,1,1,1,1,1,-1,1,1,1,1,1,1,1,-1,1,1,1,-1,1,-1,1,1,1,1,1,1,1,1,-1,1,1,1,-1,1,1,1,1,1,1,1,-1,1,-1,1,1,1,1,1,1,-1,1,1,1,1,1,1,-1,1,1,1,1,1,1,-1,1,1,1,1,-1,1,-1,1,1,1,1,-1,1,-1,1,1,1,1,1,1,1,-1,1,1,1,1,-1,1,-1,1,1,1,-1,-1,1,1,1,-1,1,-1,1,-1,1,-1,1,1,-1,1,-1,1,1,1,-1,1,-1,1,1,-1,1,-1,-1,1,-1,1,-1,1,-1,-1,-1,1,1,-1,1,-1,-1,-1,1,1,1,1,1,-1,1,-1,1,-1,1,-1,-1,-1,1,1,-1,1,1,-1,-1,-1,1,1,-1,1,-1,-1,-1,1,-1,1,1,-1,-1,1,1,-1,1,-1,-1,-1,1,1,-1,-1,1,-1,-1,1,-1,-1,1,-1,-1,-1,1,1,-1,1,1,-1,-1,1,-1,-1,1,-1,1,-1,1,-1,-1,1,-1,1,1,1,1,-1,-1,1,-1,1,1,1,-1,1,1,-1,1,-1,-1,-1,1,1,1,1,1,-1,-1,1,1,-1,1,1,-1,-1,1,1,1,1,1,1,-1,1,-1,1,1,-1,1,-1,1,-1,1,1,1,1,-1,1,-1,1,1,1,-1,-1,1,1,-1,1,1,-1,1,1,-1,1,1,1,-1,1,1,1,-1,1,1,1,1,1,-1,1,1,1,1,1,1,-1,1,-1,1,-1,1,1,-1,1,-1,1,1,-1,1,1,1,-1,1,1,-1,1,-1,1,1,-1,1,-1,1,-1,-1,1,-1,1,-1,1,-1,1,-1,-1,1,1,-1,-1,1,1,-1,1,-1,1,-1,1,-1,1,1,-1,1,-1,1,-1,-1,1,-1,-1,1,1,-1,-1,1,-1,1,-1,-1,1,-1,1,1,-1,-1,1,-1,-1,1,-1,-1,1,-1,1,-1,-1,1,-1,-1,1,-1,-1,-1,1,-1,1,-1,1,1,-1,1,-1,-1,-1,-1,-1,-1,1,-1,-1,1,1,-1,-1,1,-1,1,-1,-1,1,-1,1,-1,-1,1,1,-1,-1,-1,-1,-1,-1,-1,1,-1,1,-1,-1,1,1,-1,-1,-1,1,-1,1,1,-1,-1,-1,-1,-1,-1,-1,1,-1,-1,1,-1,1,1,1,1,-1,-1,1,-1,-1,1,-1,-1,-1,-1,-1,1,-1,1,-1,-1,-1,-1,1,-1,1,-1,-1,-1,-1,1,1,1,-1,-1,-1,-1,1,-1,1,-1,1,-1,-1,1,1,-1,1,1,-1,-1,1,1,1,1,-1,1,1,-1,1,-1,1,-1,1,-1,-1,1,1,-1,1,-1,-1,-1,1,1,-1,1,1,-1,-1,-1,1,-1,1,1,-1,1,-1,1,-1,-1,-1,-1,-1,-1,1,-1,-1,-1,-1,-1,-1,1,-1,1,1,1,1,-1,1,-1,1,1,-1,-1,-1,1,-1,-1,1,-1,1,-1,-1,1,1,1,1,-1,1,-1,1,-1,1,-1,1,-1,1,-1,-1,1,-1,-1,-1,1,-1,1,1,-1,1,-1,1,1,1,1,1,1,-1,-1,-1,1,-1,-1,-1,-1,-1,1,1,-1,1,-1,1,1,-1,-1,1,1,-1,1,-1,-1,1,1,-1,-1,1,-1,-1,-1,1,1,-1,1,-1,-1,-1,1,-1,-1,1,-1,1,-1,-1,1,-1,1,1,-1,-1,1,1,-1,1,-1,1,-1,1,-1,-1,-1,-1,1,-1,1,-1,-1,1,-1,-1,1,-1,1,-1,-1,-1,-1,-1,1,-1,-1,1,-1,1,-1,1,-1,-1,-1,-1,1,-1,1,-1,-1,-1,-1,1,-1,1,-1,1,-1,-1,1,-1,1,-1,1,-1,-1,1,1,1,1,-1,-1,1,1,-1,1,1,-1,-1,-1,1,-1,1,-1,-1,-1,-1,1,1,-1,1,-1,-1,-1,1,1,-1,1,-1,-1,-1,1,-1,-1,1,-1,-1,1,1,-1,1,-1,-1,-1,1,1,1,-1,1,-1,1,1,1,1,-1,1,1,-1,1,1,1,1,1,-1,-1,1,1,1,-1,1,-1,-1,1,1,-1,1,1,-1,1,1,1,1,-1,1,1,-1,1,1,-1,1,1,-1,-1,1,1,-1,-1,1,1,-1,1,1,-1,1,1,-1,-1,-1,1,-1,1,1,-1,-1,1,-1,-1,1,1,1,-1,1,-1,1,1,1,-1,1,1,-1,-1,1,1,-1,-1,-1,-1,-1,1,1,-1,1,-1,-1,-1,1,1,-1,-1,1,-1,-1,1,1,-1,-1,-1,-1,-1,1,1,1,-1,-1,1,-1,1,1,-1,-1,-1,-1,-1,1,-1,1,-1,-1,-1,1,1,1,1,-1,-1,1,-1,1,1,1,-1,1,-1,1,1,1,1,-1,-1,-1,1,-1,1,-1,-1,-1,-1,1,-1,1,-1,-1,-1,-1,1,1,1,-1,-1,1,1,-1,1,1,-1,1,-1,1,1,1,1,1,-1,1,1,1,1,1,1,-1,1,-1,1,-1,1,1,-1,1,1,-1,1,1,1,-1,1,-1,1,1,1,1,-1,1,-1,1,1,1,1,-1,-1,1,-1,-1,1,1,-1,1,1,-1,-1,1,1,1,1,-1,1,1,1,-1,1,1,-1,1,1,1,-1,-1,1,-1,-1,1,-1,-1,1,1,1,-1,-1,1,1,1,1,-1,-1,1,1,1,-1,1,-1,-1,-1,1,1,1,1,-1,-1,1,-1,1,1,1,1,-1,1,1,1,1,1,1,-1,1,1,-1,-1,1,-1,-1,1,-1,1,1,1,1,-1,-1,1,1,-1,1,-1,1,-1,1,1,-1,1,1,-1,-1,1,-2654.0,1,2000,445,500,True
2571,1,1,-1,-1,1,1,-1,1,1,1,1,-1,1,-1,1,1,-1,1,-1,-1,-1,1,1,1,1,1,-1,-1,1,1,1,1,-1,-1,-1,1,-1,1,1,1,-1,-1,1,1,1,1,1,1,-1,-1,1,1,-1,1,-1,1,1,-1,1,1,1,-1,-1,-1,1,1,1,1,1,-1,1,-1,1,1,1,1,1,1,-1,1,1,1,1,-1,-1,1,1,1,1,1,1,1,-1,1,1,1,-1,1,-1,-1,1,1,1,1,-1,-1,-1,1,1,1,1,1,-1,-1,1,1,1,1,1,-1,-1,1,1,1,1,1,-1,-1,1,1,1,1,-1,-1,-1,-1,1,1,1,-1,-1,-1,-1,1,1,1,1,-1,-1,-1,1,1,1,1,1,-1,-1,-1,1,1,-1,-1,-1,-1,1,-1,1,-1,1,-1,-1,-1,1,1,-1,-1,-1,1,1,1,-1,1,1,-1,-1,-1,1,-1,-1,-1,-1,-1,-1,1,-1,-1,1,-1,-1,-1,1,-1,-1,1,-1,-1,1,1,1,-1,1,-1,1,1,-1,-1,-1,1,-1,1,-1,1,1,-1,1,1,-1,-1,-1,1,-1,1,-1,-1,1,-1,1,-1,1,-1,-1,-1,1,-1,-1,1,1,-1,1,-1,1,-1,1,-1,-1,-1,1,-1,-1,1,-1,1,-1,1,1,-1,1,1,1,-1,1,-1,1,1,1,1,1,1,-1,1,1,1,1,-1,-1,1,-1,1,1,1,1,1,1,-1,1,-1,1,1,-1,1,1,1,1,1,1,1,1,-1,1,1,-1,1,1,1,1,1,1,1,1,-1,1,1,1,-1,1,1,1,-1,1,1,1,1,1,1,-1,1,1,1,1,1,1,1,-1,1,1,1,1,-1,-1,1,1,1,-1,1,-1,1,-1,1,1,1,1,1,-1,1,1,-1,1,1,1,-1,1,1,1,1,1,1,-1,1,1,1,-1,1,1,1,1,1,1,-1,-1,1,-1,1,-1,1,-1,1,1,-1,-1,-1,1,1,-1,1,-1,1,1,1,-1,-1,-1,-1,1,1,1,-1,1,1,-1,1,1,-1,-1,1,1,-1,1,1,-1,-1,1,-1,1,1,1,1,1,-1,1,-1,-1,-1,1,-1,1,-1,-1,1,1,1,-1,1,-1,1,-1,1,1,1,-1,-1,-1,1,1,1,1,1,-1,1,-1,-1,1,-1,1,-1,-1,-1,1,1,1,1,-1,-1,1,-1,1,1,1,-1,1,-1,1,-1,1,1,-1,-1,1,-1,1,1,1,1,-1,-1,1,1,1,1,-1,-1,1,1,1,1,-1,1,-1,1,-1,1,1,-1,-1,-1,-1,1,1,1,-1,1,-1,1,-1,1,1,-1,-1,1,-1,1,1,1,1,-1,1,-1,-1,-1,1,1,-1,-1,-1,1,-1,1,-1,-1,1,-1,-1,1,-1,1,-1,-1,-1,-1,1,-1,1,1,-1,1,-1,-1,1,1,1,-1,1,-1,1,-1,-1,-1,1,-1,1,1,-1,-1,1,1,1,-1,1,-1,1,-1,1,1,1,-1,-1,-1,1,-1,1,-1,1,-1,-1,-1,1,1,-1,1,-1,-1,-1,1,1,-1,1,-1,-1,1,1,1,-1,1,-1,-1,-1,-1,1,1,1,-1,1,-1,-1,1,-1,1,-1,-1,1,-1,1,-1,1,1,-1,-1,-1,-1,-1,1,1,-1,-1,-1,1,-1,1,1,-1,-1,-1,-1,1,1,-1,-1,-1,-1,-1,1,1,-1,1,-1,1,1,1,1,1,-1,-1,-1,-1,-1,1,-1,1,-1,-1,1,-1,1,1,-1,1,-1,-1,1,1,1,-1,1,-1,1,-1,1,1,-1,1,-1,1,-1,1,1,-1,1,-1,-1,-1,1,1,1,-1,1,-1,-1,1,1,-1,-1,-1,-1,-1,1,1,1,-1,1,-1,-1,1,-1,1,-1,1,-1,-1,1,-1,-1,1,1,1,-1,1,1,-1,1,-1,1,-1,1,-1,-1,1,-1,1,-1,1,1,-1,1,-1,-1,-1,1,1,-1,1,-1,1,-1,-1,1,-1,1,-1,1,-1,-1,1,-1,-1,-1,-1,-1,1,-1,-1,1,-1,-1,-1,-1,-1,-1,1,-1,-1,-1,-1,1,-1,-1,1,-1,-1,-1,1,-1,-1,1,-1,-1,-1,1,-1,1,1,-1,-1,-1,1,-1,1,-1,-1,-1,1,1,-1,1,-1,1,-1,1,1,-1,-1,-1,-1,1,1,1,-1,1,1,-1,-1,-1,-1,1,-1,-1,-1,-1,1,1,-1,1,-1,1,-1,1,1,-1,1,1,1,1,-1,1,-1,-1,-1,1,-1,-1,1,1,-1,-1,1,1,-1,1,1,-1,1,1,-1,-1,-1,1,-1,1,1,-1,-1,1,1,-1,1,1,1,-1,1,-1,1,1,1,-1,1,1,-1,-1,1,1,-1,-1,-1,1,-1,1,1,-1,1,-1,-1,-1,1,1,-1,-1,-1,1,-1,1,1,-1,-1,-1,-1,-1,1,1,1,-1,-1,1,-1,1,1,-1,-1,1,-1,-1,1,-1,1,-1,-1,-1,1,1,1,1,-1,1,-1,-1,1,1,1,-1,1,-1,1,1,1,1,-1,-1,-1,1,-1,1,-1,-1,-1,-1,1,-1,1,-1,-1,-1,-1,1,1,1,1,-1,1,1,-1,1,1,-1,1,-1,1,1,1,1,1,-1,1,1,1,1,1,1,-1,1,-1,1,-1,1,1,-1,1,1,-1,1,1,1,-1,1,-1,1,1,-1,1,-1,1,-1,1,1,-1,1,-1,-1,1,-1,-1,1,1,-1,1,1,-1,-1,1,1,1,1,-1,1,1,1,-1,1,1,-1,1,1,1,-1,-1,1,-1,-1,1,1,-1,1,1,1,-1,-1,-1,1,1,1,-1,-1,1,1,1,-1,1,-1,-1,-1,1,1,1,1,-1,-1,1,1,1,1,1,1,-1,1,1,1,1,1,1,-1,1,1,-1,-1,1,-1,-1,1,-1,1,1,1,1,-1,-1,1,1,-1,1,-1,1,1,1,1,-1,1,1,-1,-1,1,-2654.0,1,2000,445,1000,True
2572,-1,-1,1,1,1,1,-1,1,-1,-1,-1,1,-1,1,-1,-1,1,-1,1,1,-1,1,-1,-1,-1,1,-1,-1,-1,-1,-1,-1,1,1,-1,1,1,-1,-1,-1,1,-1,1,-1,-1,-1,-1,-1,1,-1,-1,-1,1,-1,1,-1,-1,1,-1,-1,-1,1,1,1,-1,-1,-1,-1,-1,-1,1,-1,-1,-1,-1,-1,-1,1,-1,-1,-1,1,1,-1,-1,-1,-1,-1,-1,1,-1,-1,-1,-1,-1,-1,-1,1,-1,1,-1,-1,-1,-1,1,-1,-1,-1,-1,-1,-1,1,-1,-1,-1,-1,-1,-1,1,-1,-1,-1,-1,-1,-1,1,-1,-1,1,-1,-1,-1,-1,-1,-1,1,-1,-1,-1,-1,-1,-1,1,-1,-1,-1,1,-1,-1,-1,-1,-1,-1,-1,1,-1,1,1,-1,-1,-1,-1,-1,-1,-1,-1,1,-1,1,-1,-1,-1,-1,-1,-1,-1,-1,1,-1,-1,-1,1,1,-1,-1,-1,-1,-1,-1,-1,-1,1,-1,1,-1,-1,1,-1,1,-1,-1,1,-1,1,-1,1,-1,-1,-1,-1,1,-1,1,-1,-1,1,-1,1,1,1,-1,1,1,-1,1,1,-1,1,-1,-1,-1,1,-1,-1,1,1,-1,-1,1,1,-1,1,-1,1,-1,1,1,-1,1,-1,-1,-1,1,-1,1,1,-1,1,-1,1,1,-1,1,-1,1,-1,1,-1,1,1,-1,1,1,1,-1,1,1,-1,-1,1,1,-1,1,1,1,-1,-1,1,1,-1,1,-1,-1,-1,1,1,1,1,1,1,1,1,-1,1,1,-1,1,-1,1,1,1,1,-1,1,1,1,-1,-1,1,-1,-1,1,1,1,-1,1,1,-1,1,1,-1,-1,1,1,1,1,1,-1,1,1,-1,1,-1,1,-1,1,1,-1,-1,1,1,-1,-1,1,1,1,1,1,-1,1,1,1,-1,-1,1,-1,1,1,1,-1,-1,-1,-1,1,1,1,-1,-1,-1,-1,-1,1,1,-1,-1,-1,-1,1,-1,1,-1,-1,1,-1,-1,1,1,1,-1,1,-1,-1,1,1,-1,1,-1,1,-1,-1,-1,-1,-1,1,-1,-1,1,1,-1,-1,1,-1,-1,1,1,1,-1,1,-1,1,1,1,-1,-1,-1,-1,-1,-1,1,1,1,1,-1,-1,1,1,1,-1,1,-1,1,-1,-1,1,1,-1,-1,-1,1,-1,1,-1,1,-1,1,1,-1,1,1,1,-1,-1,1,-1,1,-1,1,-1,-1,1,-1,-1,1,1,-1,-1,1,-1,1,1,-1,1,-1,1,-1,-1,1,1,-1,-1,1,-1,1,1,-1,-1,1,1,-1,1,1,1,-1,1,-1,-1,1,1,1,-1,1,-1,-1,1,-1,-1,-1,1,-1,-1,1,1,1,-1,1,-1,-1,1,-1,-1,1,-1,1,-1,1,-1,1,-1,1,1,-1,-1,-1,1,-1,1,-1,-1,1,-1,1,1,1,1,-1,-1,1,1,-1,1,1,-1,-1,1,1,1,-1,1,1,-1,1,1,1,1,-1,1,1,-1,1,1,-1,1,-1,-1,-1,-1,1,-1,-1,1,-1,-1,1,-1,-1,-1,1,1,-1,1,1,-1,-1,1,-1,-1,-1,1,-1,-1,-1,-1,-1,1,1,-1,-1,-1,-1,-1,1,1,-1,-1,1,1,1,-1,1,-1,-1,-1,1,-1,1,1,-1,-1,-1,-1,-1,-1,1,1,-1,1,-1,1,1,1,-1,1,1,1,-1,1,1,1,-1,1,1,-1,1,1,-1,1,1,1,-1,1,1,-1,-1,1,-1,1,1,1,-1,1,1,1,-1,1,1,-1,1,1,1,1,1,1,1,1,1,1,1,1,1,-1,1,1,1,-1,1,1,1,1,1,1,1,1,-1,1,1,1,1,1,1,1,1,-1,1,-1,1,1,1,1,1,1,1,1,1,1,-1,1,1,1,-1,1,-1,-1,1,1,1,-1,1,1,-1,1,1,1,1,1,-1,1,1,1,1,-1,1,1,-1,-1,1,-1,-1,1,-1,1,-1,1,1,-1,1,1,1,-1,1,1,-1,1,1,-1,1,1,1,-1,1,1,-1,-1,1,1,-1,1,-1,1,1,-1,-1,-1,1,1,-1,-1,1,-1,-1,1,1,-1,-1,-1,1,-1,1,1,-1,-1,-1,1,-1,1,1,1,-1,1,1,-1,1,1,-1,-1,1,-1,-1,1,1,-1,-1,1,-1,1,1,1,-1,-1,-1,-1,-1,1,1,-1,-1,1,1,1,1,1,1,-1,-1,-1,-1,1,-1,1,-1,1,1,1,1,1,-1,-1,1,-1,1,1,1,1,-1,-1,1,1,1,1,1,-1,-1,-1,1,-1,1,1,1,-1,1,1,1,1,1,-1,-1,1,1,1,1,1,1,-1,1,1,-1,1,-1,-1,1,1,1,1,1,1,-1,-1,1,-1,1,1,-1,-1,-1,1,1,1,1,1,1,-1,1,1,1,1,1,1,-1,1,1,1,1,1,1,-1,1,1,-1,1,1,1,-1,-1,1,-1,1,1,1,-1,1,-1,1,1,1,1,-1,-1,1,-1,1,1,1,-1,1,1,-1,1,-1,1,1,1,1,-1,1,1,1,1,-1,1,1,1,1,-1,1,-1,1,1,1,1,1,-1,1,1,1,1,1,1,1,-1,1,1,-1,1,1,-1,-1,1,-1,1,-1,1,1,-1,1,-1,1,-1,-1,1,-1,1,-1,1,1,1,-1,-1,-1,1,1,1,-1,1,-1,-1,-1,1,1,-1,1,1,-1,-1,1,-1,1,-1,-1,-1,1,1,1,1,-1,1,-1,1,1,1,-1,1,-1,1,1,1,1,-1,1,-1,-1,-1,1,1,-1,1,-1,1,1,-1,1,1,1,-1,-1,-1,1,1,-1,1,1,1,1,-1,1,-1,1,-1,1,1,1,1,-1,1,-1,1,1,1,1,1,1,1,1,1,1,1,1,1,-1,1,1,1,1,-1,1,-1,1,1,-1,1,1,1,1,1,1,-1,1,-1,1,-1,1,1,-1,1,1,-1,1,1,-2654.0,1,2000,445,500,True
2573,1,1,-1,-1,1,1,-1,1,1,1,1,-1,1,1,1,1,-1,1,-1,-1,-1,1,1,1,1,-1,-1,-1,1,1,1,1,1,-1,-1,1,-1,1,1,1,-1,-1,1,1,1,1,1,-1,1,-1,1,1,-1,1,-1,-1,1,-1,1,1,1,-1,-1,-1,1,1,1,1,-1,-1,1,-1,1,1,1,-1,-1,1,1,1,1,-1,-1,-1,-1,1,1,1,-1,-1,-1,1,-1,1,1,-1,-1,1,-1,1,1,1,-1,-1,1,-1,-1,1,1,-1,-1,1,-1,-1,1,1,-1,-1,1,-1,-1,1,1,1,-1,1,-1,-1,1,1,1,-1,1,-1,-1,1,1,1,-1,-1,-1,-1,1,1,1,-1,1,-1,-1,-1,1,1,-1,-1,1,-1,-1,1,1,-1,1,1,-1,-1,1,1,-1,1,1,-1,1,1,-1,-1,1,-1,-1,1,1,-1,1,-1,1,-1,-1,1,-1,1,1,-1,-1,-1,1,1,1,1,1,-1,-1,1,-1,1,1,1,-1,-1,1,1,-1,1,1,-1,1,-1,1,1,1,1,-1,1,1,-1,-1,1,1,1,-1,1,-1,-1,1,1,-1,-1,1,-1,1,1,1,-1,-1,1,-1,1,1,1,1,-1,1,-1,-1,1,1,-1,1,1,-1,1,1,1,-1,-1,1,-1,1,-1,1,1,1,1,-1,1,-1,1,1,1,1,-1,1,-1,1,1,1,1,1,-1,1,1,1,1,1,1,-1,1,1,-1,1,1,1,-1,-1,1,1,1,1,-1,1,-1,1,1,-1,1,-1,-1,-1,1,1,1,1,-1,1,-1,1,-1,1,1,1,1,-1,1,1,1,1,1,-1,-1,1,1,1,1,-1,1,1,1,1,1,1,1,-1,1,1,1,1,-1,1,-1,1,1,1,1,1,1,1,-1,1,1,1,1,1,1,-1,1,1,1,1,1,1,1,1,1,1,1,1,-1,-1,1,1,-1,-1,1,1,-1,-1,1,-1,1,1,1,1,1,1,1,-1,1,1,-1,1,1,1,-1,-1,-1,-1,1,1,1,-1,1,-1,-1,1,1,-1,1,1,1,-1,1,1,-1,1,1,-1,-1,1,1,-1,-1,1,-1,-1,-1,1,-1,1,-1,-1,1,1,1,1,-1,-1,-1,1,1,1,1,-1,1,-1,1,1,1,1,1,-1,-1,1,-1,1,-1,1,-1,-1,-1,-1,-1,1,1,-1,-1,1,-1,1,1,-1,-1,-1,-1,1,1,-1,1,-1,-1,1,-1,1,1,1,-1,-1,-1,1,1,1,1,-1,-1,1,1,-1,1,-1,1,-1,1,1,-1,1,-1,1,1,-1,1,-1,1,-1,1,-1,1,1,1,1,-1,-1,1,-1,1,-1,1,1,-1,1,-1,1,-1,1,1,-1,1,-1,1,-1,1,-1,-1,1,-1,1,-1,1,1,-1,-1,1,1,-1,1,1,1,-1,1,1,1,1,1,1,-1,1,1,-1,-1,-1,-1,1,-1,1,1,-1,-1,1,1,-1,1,-1,-1,1,-1,1,-1,1,-1,-1,-1,-1,-1,-1,-1,1,-1,-1,-1,1,-1,-1,1,-1,-1,-1,1,-1,-1,1,-1,-1,-1,1,-1,-1,1,-1,-1,-1,-1,-1,1,1,-1,1,-1,-1,-1,-1,1,-1,1,1,1,-1,-1,1,1,-1,-1,-1,1,-1,1,1,-1,-1,-1,1,-1,-1,1,-1,-1,1,-1,1,1,-1,-1,-1,-1,1,1,1,-1,1,-1,-1,1,1,1,1,-1,-1,-1,1,-1,1,-1,1,-1,-1,1,-1,1,1,-1,-1,-1,1,1,1,1,-1,1,-1,1,-1,1,1,-1,-1,-1,-1,-1,1,1,-1,-1,-1,1,-1,1,1,1,-1,1,1,-1,1,1,-1,-1,-1,1,-1,1,1,1,-1,1,-1,-1,-1,-1,1,-1,-1,-1,-1,1,-1,-1,-1,1,1,-1,1,1,-1,-1,1,1,-1,1,-1,-1,1,-1,-1,-1,1,1,-1,1,-1,-1,-1,-1,1,-1,-1,1,-1,-1,-1,1,-1,1,-1,1,-1,-1,1,-1,-1,1,-1,-1,-1,1,-1,1,-1,-1,-1,-1,-1,-1,-1,1,-1,-1,-1,1,-1,-1,1,-1,-1,-1,1,-1,-1,1,-1,-1,-1,-1,-1,1,1,-1,-1,-1,-1,-1,1,-1,-1,-1,1,-1,-1,1,-1,1,-1,-1,-1,-1,-1,-1,-1,1,-1,-1,-1,1,1,1,-1,-1,1,-1,1,-1,-1,-1,-1,-1,-1,1,-1,1,-1,-1,-1,-1,1,-1,1,1,-1,1,-1,-1,1,1,-1,-1,-1,-1,-1,-1,1,1,-1,-1,1,-1,1,1,-1,-1,-1,-1,-1,1,1,-1,-1,-1,1,-1,1,1,1,-1,-1,-1,1,1,1,-1,-1,1,-1,-1,1,1,1,-1,1,-1,-1,1,1,-1,1,-1,1,-1,1,1,1,1,1,1,-1,1,-1,1,1,1,1,-1,1,1,1,1,1,-1,-1,1,1,1,1,1,1,-1,1,-1,1,1,1,1,-1,-1,1,-1,1,-1,1,-1,1,1,1,1,-1,1,-1,1,1,1,1,1,1,-1,1,-1,1,1,1,-1,1,1,1,1,1,1,-1,1,-1,1,1,1,-1,-1,1,1,1,1,-1,1,-1,-1,1,-1,1,1,-1,1,-1,1,-1,1,1,-1,-1,-1,1,1,1,1,-1,-1,1,1,-1,1,1,-1,1,-1,1,-1,1,1,-1,1,-1,1,-1,1,1,1,1,1,1,1,1,1,-1,-1,1,-1,1,1,1,-1,1,-1,1,1,1,-1,-1,1,-1,1,-1,1,1,-1,1,1,1,1,1,-1,-1,-1,1,-1,-1,-1,-1,-1,1,-1,1,1,1,-1,1,1,1,-1,1,1,1,-1,1,1,1,1,1,1,-1,1,1,1,1,1,1,-1,-1,1,-1,1,1,1,-1,1,1,1,-1,1,-1,-1,1,1,1,1,1,-1,-1,-1,1,-1,1,-1,1,-1,1,-1,1,1,-2654.0,1,2000,445,1000,True
2574,1,1,-1,-1,1,1,-1,1,1,1,1,-1,-1,1,1,1,-1,1,-1,-1,-1,1,1,1,1,1,-1,-1,1,1,1,1,-1,-1,-1,1,-1,1,1,1,-1,-1,1,1,1,1,1,1,-1,-1,1,1,-1,1,-1,-1,1,-1,1,1,1,-1,-1,-1,1,1,1,1,1,-1,1,-1,1,1,1,1,-1,1,1,1,1,1,1,-1,-1,1,1,1,1,-1,1,1,-1,1,1,1,1,-1,-1,-1,1,1,1,1,1,-1,-1,1,1,1,1,-1,-1,-1,1,1,1,1,1,-1,-1,1,1,1,1,-1,-1,-1,1,1,1,1,1,-1,-1,1,1,1,1,1,-1,-1,-1,1,1,1,1,-1,-1,-1,1,1,1,1,1,-1,-1,1,1,1,1,-1,-1,-1,1,1,-1,1,1,-1,1,1,1,1,1,-1,-1,1,1,1,1,-1,1,-1,1,1,1,1,1,-1,-1,-1,1,1,1,1,1,-1,-1,1,-1,-1,1,1,-1,-1,1,1,1,1,1,-1,1,1,-1,-1,1,1,-1,1,1,1,1,1,1,1,-1,1,-1,1,1,1,-1,-1,1,1,1,1,1,-1,-1,1,-1,-1,1,1,1,-1,1,-1,1,1,1,-1,1,1,1,-1,1,1,-1,-1,-1,1,1,-1,1,1,1,-1,1,1,-1,1,1,1,1,1,1,-1,1,1,1,1,-1,1,1,1,1,1,1,1,1,1,1,-1,-1,1,-1,1,-1,1,1,1,1,1,1,-1,1,1,1,-1,1,1,1,1,1,1,1,-1,1,-1,1,-1,1,1,1,1,-1,1,1,1,1,1,1,1,1,1,1,1,1,-1,-1,1,1,1,1,1,-1,1,1,1,-1,1,1,1,-1,1,1,1,1,1,-1,1,1,-1,1,1,1,-1,1,1,1,1,1,1,1,1,1,1,-1,1,1,-1,1,1,1,1,-1,1,-1,1,1,1,-1,1,1,1,-1,1,1,1,-1,1,-1,1,1,1,-1,-1,-1,-1,1,1,1,-1,1,1,-1,1,1,-1,-1,1,1,1,1,1,-1,1,1,1,-1,1,1,1,-1,-1,1,1,1,-1,1,-1,1,1,1,1,1,1,-1,-1,-1,1,-1,-1,1,-1,1,-1,1,1,1,1,1,-1,-1,1,-1,-1,1,-1,1,-1,1,1,1,1,1,1,-1,-1,1,-1,1,1,-1,-1,1,1,1,-1,1,-1,-1,-1,1,-1,1,1,-1,-1,1,1,1,1,-1,1,-1,1,-1,-1,1,-1,-1,1,1,-1,1,1,-1,-1,-1,1,-1,1,1,1,-1,-1,1,1,-1,1,-1,-1,-1,1,-1,1,1,1,-1,-1,1,-1,-1,1,-1,-1,-1,1,-1,-1,1,-1,-1,-1,1,-1,-1,1,-1,-1,-1,-1,1,-1,1,-1,-1,-1,1,1,-1,-1,1,1,1,-1,1,-1,1,-1,1,1,1,-1,1,1,-1,-1,-1,1,1,-1,1,-1,1,-1,1,1,1,-1,-1,-1,-1,-1,1,-1,1,-1,-1,-1,1,1,-1,1,-1,-1,-1,1,1,-1,1,-1,-1,-1,1,1,-1,1,-1,-1,-1,-1,1,1,1,-1,1,-1,-1,1,-1,1,-1,-1,1,-1,1,-1,1,1,-1,-1,-1,-1,-1,1,1,-1,1,-1,-1,-1,-1,1,-1,-1,-1,1,1,1,-1,-1,-1,-1,1,1,1,-1,1,-1,1,-1,1,1,1,-1,-1,-1,-1,-1,1,-1,1,-1,-1,1,-1,1,1,-1,1,-1,-1,1,1,1,-1,1,-1,-1,-1,1,1,-1,1,-1,-1,-1,1,1,-1,1,-1,-1,-1,1,1,1,-1,1,-1,-1,1,1,-1,-1,-1,-1,-1,1,1,-1,-1,1,1,-1,1,-1,1,-1,1,1,-1,1,-1,-1,1,1,1,-1,1,1,-1,1,-1,1,-1,1,-1,-1,1,-1,1,-1,1,1,-1,1,1,1,-1,-1,1,-1,1,-1,1,-1,-1,1,-1,1,1,1,-1,-1,-1,1,1,1,1,-1,-1,1,-1,-1,1,1,-1,-1,-1,-1,1,-1,1,-1,-1,1,1,-1,1,1,-1,-1,1,-1,-1,1,1,-1,-1,-1,-1,1,-1,1,-1,-1,-1,-1,1,1,-1,-1,1,-1,-1,1,-1,1,-1,-1,-1,-1,-1,1,1,1,-1,-1,-1,1,1,1,-1,-1,-1,1,-1,-1,1,-1,1,-1,-1,1,1,1,-1,-1,1,-1,1,-1,1,1,-1,1,-1,-1,1,1,-1,-1,-1,-1,-1,-1,1,1,-1,-1,1,-1,1,1,-1,-1,-1,1,-1,1,1,-1,-1,1,1,-1,1,1,1,-1,1,-1,1,1,1,-1,-1,1,-1,-1,1,1,-1,-1,-1,-1,-1,1,1,-1,1,1,-1,-1,1,1,-1,-1,1,-1,-1,1,1,-1,-1,1,-1,-1,1,1,1,-1,-1,-1,-1,-1,1,-1,-1,1,-1,-1,1,-1,1,-1,1,-1,-1,-1,1,1,-1,-1,-1,-1,1,-1,1,-1,1,-1,-1,1,1,1,-1,-1,-1,1,-1,-1,-1,-1,-1,-1,1,-1,1,-1,-1,-1,1,-1,1,-1,1,-1,-1,-1,1,-1,1,-1,1,-1,1,-1,-1,1,1,-1,1,-1,1,-1,-1,1,-1,1,-1,1,-1,1,1,-1,-1,1,-1,-1,-1,1,-1,1,-1,1,-1,-1,1,-1,1,-1,1,-1,-1,1,-1,1,-1,1,-1,-1,1,-1,-1,-1,-1,1,-1,1,1,-1,1,1,-1,1,1,-1,-1,1,1,-1,-1,1,-1,-1,1,1,-1,1,1,-1,-1,-1,-1,1,-1,-1,-1,-1,1,-1,-1,1,1,-1,1,1,-1,1,1,1,1,-1,1,-1,1,1,1,-1,-1,1,-1,-1,1,1,-1,-1,1,-1,1,1,1,-1,-1,1,-1,1,1,1,1,-1,1,-1,-1,1,1,1,-1,-1,1,-1,1,1,1,-1,1,-1,-1,1,-2654.0,1,2000,445,1000,True
2575,-1,-1,1,1,1,1,-1,1,-1,-1,-1,1,-1,1,-1,-1,1,-1,1,1,1,1,-1,-1,-1,1,-1,-1,1,-1,-1,-1,1,1,-1,1,1,-1,-1,-1,1,-1,1,-1,-1,-1,-1,-1,1,-1,-1,-1,1,-1,1,-1,-1,1,-1,-1,-1,1,1,1,-1,-1,-1,-1,-1,-1,1,-1,-1,-1,-1,-1,1,1,-1,-1,-1,1,1,-1,-1,-1,-1,-1,-1,1,-1,-1,-1,-1,-1,-1,-1,1,-1,1,-1,-1,-1,-1,1,-1,-1,-1,-1,-1,-1,1,-1,-1,-1,-1,-1,-1,1,-1,-1,-1,-1,-1,-1,1,-1,-1,1,-1,-1,-1,1,-1,-1,-1,-1,-1,-1,1,-1,-1,-1,-1,-1,-1,-1,-1,-1,-1,-1,-1,-1,1,1,-1,-1,-1,-1,-1,1,1,-1,-1,1,1,-1,1,1,-1,1,1,-1,-1,1,-1,-1,-1,1,-1,1,-1,1,-1,-1,1,-1,1,1,-1,-1,-1,1,-1,1,1,1,-1,-1,1,-1,1,1,1,-1,-1,1,-1,-1,1,1,-1,-1,1,-1,1,1,1,1,-1,1,-1,-1,1,1,1,-1,1,-1,-1,1,1,1,-1,-1,1,-1,1,1,1,-1,1,-1,1,1,1,1,-1,1,1,-1,1,1,1,1,1,-1,1,1,1,-1,-1,1,-1,1,-1,1,-1,1,1,-1,1,-1,1,-1,1,1,-1,1,-1,1,-1,1,1,1,-1,1,1,-1,-1,1,-1,-1,1,1,-1,1,1,1,-1,-1,1,-1,1,1,-1,1,-1,1,1,-1,1,-1,-1,-1,1,-1,-1,1,-1,1,-1,-1,1,-1,1,1,1,-1,1,-1,-1,1,1,-1,-1,1,-1,-1,1,-1,1,-1,1,-1,-1,1,1,-1,1,1,-1,1,-1,1,-1,-1,1,-1,1,1,1,1,1,1,-1,1,1,1,1,1,-1,-1,1,1,1,1,1,-1,-1,1,-1,1,1,1,-1,-1,1,-1,1,-1,1,1,-1,1,-1,1,1,1,1,-1,-1,1,1,1,-1,-1,-1,1,1,-1,-1,1,1,-1,1,-1,1,-1,1,-1,1,1,-1,1,1,1,-1,-1,1,-1,1,-1,1,-1,-1,1,-1,1,1,1,1,-1,1,1,-1,1,1,-1,-1,1,-1,-1,1,-1,1,-1,-1,1,-1,1,1,-1,-1,1,1,-1,1,-1,1,-1,-1,1,-1,1,1,-1,-1,-1,1,-1,-1,1,1,-1,-1,1,-1,1,1,-1,1,-1,1,-1,1,1,1,-1,-1,-1,-1,1,1,-1,1,-1,1,-1,1,-1,1,-1,-1,-1,1,1,-1,1,-1,-1,-1,-1,1,-1,-1,1,-1,-1,-1,1,-1,1,1,-1,-1,-1,1,-1,-1,1,-1,-1,-1,-1,1,1,-1,-1,-1,-1,-1,1,1,-1,1,-1,-1,-1,1,1,1,1,-1,-1,-1,1,1,-1,1,-1,-1,-1,1,1,1,-1,1,1,-1,1,1,1,1,1,-1,1,-1,1,1,-1,1,-1,1,-1,-1,1,-1,-1,1,-1,-1,1,-1,-1,-1,1,1,-1,1,1,-1,-1,1,1,-1,-1,1,-1,-1,-1,-1,-1,1,1,-1,-1,-1,-1,-1,1,1,-1,-1,1,1,1,-1,1,-1,-1,1,1,-1,1,1,-1,-1,-1,1,-1,-1,1,1,-1,1,1,1,1,1,-1,1,1,1,-1,1,1,1,-1,1,1,-1,1,1,-1,1,1,1,-1,1,1,-1,-1,1,-1,1,1,1,-1,1,1,-1,-1,1,1,1,1,1,1,1,1,1,1,1,1,1,1,1,1,-1,1,-1,1,-1,1,1,1,1,1,1,1,1,1,1,1,-1,1,-1,1,1,1,1,1,-1,1,1,1,1,1,1,1,1,1,1,1,1,1,1,-1,1,-1,1,-1,1,1,1,1,1,1,1,-1,1,1,1,1,1,1,-1,1,-1,1,1,1,-1,-1,1,-1,1,1,1,1,-1,1,1,1,1,1,1,-1,1,1,1,1,1,1,-1,1,-1,1,1,-1,-1,-1,1,1,1,1,1,1,-1,1,1,1,1,1,-1,1,-1,1,1,1,-1,-1,-1,-1,1,1,1,1,-1,1,-1,1,1,1,-1,-1,-1,-1,1,1,1,-1,-1,-1,1,-1,1,-1,-1,-1,1,-1,1,1,-1,-1,-1,1,-1,1,-1,-1,-1,-1,1,1,1,1,1,1,-1,1,-1,1,1,-1,-1,-1,-1,1,1,1,1,-1,-1,1,-1,1,1,1,-1,-1,-1,1,1,1,1,-1,-1,-1,-1,1,-1,1,-1,1,-1,1,1,1,1,1,-1,-1,1,1,1,1,-1,1,-1,1,1,-1,1,-1,-1,1,1,1,1,-1,1,-1,-1,1,1,1,1,1,-1,-1,1,1,1,-1,1,1,-1,1,1,1,1,1,1,-1,1,1,1,1,1,1,-1,1,1,-1,1,1,-1,-1,1,1,-1,1,1,1,-1,1,-1,1,1,1,1,-1,-1,1,-1,1,1,1,-1,1,1,-1,1,1,1,-1,1,1,-1,1,1,1,-1,-1,1,1,1,1,-1,1,-1,1,1,1,1,-1,1,-1,1,1,1,-1,-1,1,-1,1,1,-1,1,-1,-1,-1,1,-1,1,-1,1,-1,-1,1,-1,1,-1,-1,-1,-1,1,-1,1,-1,1,-1,-1,-1,1,1,-1,1,-1,-1,1,-1,1,-1,1,-1,1,-1,-1,1,1,1,1,-1,-1,1,1,-1,-1,1,1,-1,1,-1,-1,1,-1,-1,1,1,-1,-1,1,-1,-1,-1,-1,1,-1,1,1,-1,1,-1,1,-1,-1,-1,1,-1,-1,-1,-1,1,-1,-1,1,1,-1,1,1,-1,1,1,-1,-1,-1,1,-1,1,1,1,1,-1,1,-1,-1,-1,1,-1,-1,1,-1,1,1,1,-1,-1,1,-1,1,1,-1,-1,-1,1,-1,-1,1,1,-1,-1,-1,1,-1,1,-1,1,-1,1,-1,-1,1,-2654.0,1,2000,445,1500,True
2576,-1,-1,1,1,1,1,-1,1,-1,-1,-1,1,-1,1,-1,-1,1,-1,1,1,-1,1,-1,-1,-1,1,-1,-1,1,-1,-1,-1,1,1,-1,1,1,-1,-1,-1,1,-1,1,-1,-1,-1,-1,1,-1,-1,-1,-1,1,-1,1,-1,-1,1,-1,-1,-1,1,1,1,-1,-1,-1,-1,-1,-1,1,-1,-1,-1,-1,-1,-1,1,-1,-1,-1,1,1,-1,-1,-1,-1,1,-1,1,-1,-1,-1,-1,-1,-1,-1,1,-1,1,-1,-1,-1,-1,1,-1,-1,-1,-1,-1,-1,1,-1,-1,-1,-1,-1,-1,1,-1,-1,1,-1,-1,-1,1,-1,-1,1,-1,-1,-1,-1,-1,-1,1,-1,-1,-1,-1,-1,-1,1,-1,-1,-1,1,-1,-1,-1,-1,-1,-1,-1,1,-1,1,1,-1,-1,1,-1,-1,-1,-1,-1,1,-1,1,-1,-1,-1,-1,-1,-1,-1,-1,1,-1,-1,-1,1,1,-1,-1,-1,-1,-1,-1,-1,-1,1,-1,1,-1,-1,1,-1,1,-1,-1,1,-1,1,-1,1,-1,-1,-1,-1,1,-1,1,-1,-1,1,-1,1,-1,1,-1,1,1,-1,1,1,-1,1,-1,-1,-1,1,1,-1,1,1,-1,-1,1,-1,-1,1,-1,1,-1,1,1,-1,1,-1,-1,-1,1,-1,1,1,-1,-1,-1,1,-1,-1,1,-1,1,-1,1,1,-1,-1,-1,1,-1,1,1,1,-1,1,-1,-1,1,1,1,1,1,-1,-1,1,1,1,-1,-1,-1,-1,1,1,-1,-1,-1,1,1,1,1,-1,-1,1,-1,-1,1,1,1,-1,-1,-1,1,1,1,1,-1,1,-1,1,1,-1,1,-1,-1,-1,1,1,1,1,-1,-1,1,1,1,1,-1,-1,-1,1,-1,1,1,-1,-1,-1,-1,1,1,1,1,-1,-1,1,-1,1,1,-1,-1,-1,-1,1,1,1,1,-1,-1,-1,1,-1,1,1,-1,-1,-1,1,-1,1,1,1,-1,1,1,-1,1,-1,1,-1,-1,1,1,-1,1,1,-1,-1,-1,1,-1,1,-1,1,-1,1,-1,-1,1,-1,-1,-1,1,1,1,1,1,1,-1,1,-1,1,-1,1,-1,-1,1,-1,1,-1,1,-1,1,1,-1,-1,-1,-1,1,1,1,1,-1,-1,1,-1,-1,1,-1,-1,1,1,-1,1,-1,1,-1,-1,1,-1,-1,1,-1,-1,1,1,-1,-1,1,1,-1,-1,1,-1,-1,-1,-1,-1,-1,1,-1,-1,1,1,-1,-1,-1,-1,1,-1,-1,1,-1,1,-1,-1,1,1,-1,-1,1,-1,1,-1,-1,-1,1,1,-1,-1,1,1,-1,1,-1,1,-1,1,1,-1,1,-1,1,1,-1,-1,-1,1,-1,1,-1,1,1,-1,1,-1,-1,1,-1,-1,1,-1,1,-1,1,-1,1,-1,1,1,-1,1,-1,1,-1,1,-1,-1,1,-1,1,1,1,1,-1,-1,1,1,-1,1,1,1,-1,1,1,1,-1,1,1,-1,1,1,1,1,1,-1,1,-1,1,1,-1,1,-1,1,1,-1,1,-1,-1,1,-1,-1,1,-1,-1,-1,1,1,-1,1,1,-1,-1,1,1,-1,-1,1,-1,-1,-1,-1,-1,1,1,-1,-1,-1,-1,-1,1,1,-1,-1,1,1,1,-1,1,-1,1,1,1,-1,1,1,-1,-1,-1,1,-1,-1,1,1,-1,1,1,1,1,1,1,-1,-1,1,-1,1,1,1,-1,-1,1,-1,1,1,-1,-1,1,1,-1,1,1,-1,-1,1,-1,1,1,1,1,-1,1,1,-1,1,1,1,-1,1,1,1,1,1,1,-1,-1,1,1,1,1,1,-1,1,1,-1,1,1,1,-1,-1,1,1,1,-1,1,-1,-1,1,1,1,1,1,-1,-1,-1,1,1,1,1,-1,-1,1,1,1,1,-1,1,-1,1,-1,1,-1,-1,1,-1,1,-1,1,1,-1,1,-1,1,1,1,-1,1,-1,-1,1,-1,1,1,-1,1,1,-1,-1,1,-1,1,-1,-1,1,-1,1,1,1,1,-1,1,-1,1,-1,1,-1,1,1,-1,1,1,-1,1,-1,1,-1,1,-1,1,1,1,-1,-1,1,1,-1,1,-1,1,-1,1,1,-1,1,-1,1,-1,1,1,-1,1,1,1,-1,1,1,1,-1,1,1,-1,1,1,-1,1,1,-1,-1,1,1,-1,1,-1,-1,1,1,1,-1,1,-1,-1,-1,1,1,1,1,-1,1,-1,1,1,1,-1,1,-1,-1,1,1,-1,1,1,1,1,1,1,-1,1,1,-1,1,1,1,1,1,-1,1,1,1,1,1,1,1,-1,1,-1,1,1,-1,1,-1,1,1,1,1,-1,1,-1,1,1,1,1,1,1,1,1,-1,1,1,1,1,1,1,1,1,1,1,-1,1,1,1,1,-1,1,1,1,1,1,1,1,1,-1,1,1,1,1,1,1,1,1,-1,1,1,1,1,1,1,1,-1,1,1,1,1,1,1,-1,1,1,1,1,1,-1,1,1,1,1,1,1,1,-1,1,1,1,1,1,1,-1,1,-1,1,1,1,1,-1,1,1,1,1,1,-1,1,1,1,1,1,1,1,1,1,1,1,1,-1,1,1,1,1,1,-1,1,1,1,-1,1,1,1,1,-1,-1,1,-1,1,1,1,-1,-1,1,-1,-1,1,-1,1,-1,1,1,1,-1,1,-1,1,1,1,-1,1,1,-1,-1,1,1,-1,1,-1,-1,-1,1,-1,1,-1,-1,1,1,1,1,1,-1,-1,1,1,1,1,-1,1,1,1,1,1,1,-1,1,1,-1,-1,1,1,-1,-1,1,1,1,-1,1,1,-1,-1,-1,-1,1,1,-1,-1,1,1,1,-1,1,-1,-1,-1,1,1,1,1,-1,-1,1,1,1,1,1,1,-1,1,1,1,1,1,1,-1,-1,1,1,1,1,1,-1,1,-1,1,-1,1,1,-1,-1,1,1,-1,1,1,1,-1,1,1,-1,1,1,-1,-1,1,-2654.0,1,2000,445,500,True
2577,-1,-1,1,1,-1,1,-1,1,-1,-1,-1,1,-1,-1,-1,-1,1,-1,1,1,-1,-1,-1,-1,-1,1,1,1,-1,-1,-1,-1,1,1,1,-1,1,-1,-1,-1,1,-1,-1,-1,-1,-1,-1,1,-1,1,-1,-1,1,-1,1,1,-1,1,-1,-1,-1,1,1,1,-1,-1,-1,-1,1,1,-1,1,-1,-1,-1,1,1,-1,1,-1,-1,1,1,1,1,-1,-1,-1,1,1,1,-1,-1,-1,-1,1,1,1,1,1,-1,-1,1,1,-1,1,-1,-1,-1,1,1,1,1,1,-1,-1,-1,1,-1,1,-1,-1,-1,-1,1,1,1,-1,1,-1,-1,1,-1,1,-1,1,-1,-1,1,1,1,-1,1,-1,-1,1,1,1,1,-1,-1,-1,-1,1,-1,1,-1,1,-1,-1,-1,1,1,1,-1,-1,1,-1,-1,1,-1,-1,-1,1,-1,1,-1,1,-1,-1,-1,1,-1,1,-1,-1,-1,-1,-1,1,1,1,-1,-1,-1,-1,-1,1,1,-1,-1,1,-1,-1,1,1,-1,-1,-1,-1,-1,1,1,-1,1,-1,-1,-1,1,1,-1,1,1,-1,-1,-1,1,1,-1,-1,-1,-1,1,1,-1,1,-1,-1,-1,1,1,-1,1,1,-1,-1,-1,1,-1,-1,1,-1,-1,1,-1,1,1,-1,-1,-1,1,1,-1,1,-1,-1,1,-1,-1,-1,1,-1,1,-1,1,-1,-1,1,-1,1,-1,-1,1,-1,1,-1,-1,1,-1,1,-1,1,1,-1,1,-1,-1,-1,-1,1,1,1,-1,-1,-1,1,1,-1,1,1,-1,-1,-1,1,1,1,-1,-1,-1,1,1,1,1,1,-1,-1,1,-1,1,1,-1,-1,-1,1,-1,1,1,-1,-1,-1,1,1,-1,1,-1,-1,1,-1,-1,1,1,-1,1,1,-1,1,-1,1,-1,1,1,1,-1,1,1,-1,-1,1,1,-1,1,-1,-1,-1,1,1,-1,1,-1,-1,1,-1,1,-1,1,-1,-1,1,1,1,-1,1,1,-1,1,-1,1,-1,-1,1,-1,-1,1,1,-1,1,-1,-1,1,1,1,-1,1,1,-1,1,-1,1,-1,1,-1,1,1,-1,1,1,1,-1,1,1,-1,1,-1,1,-1,-1,1,-1,1,1,-1,1,-1,1,1,-1,1,-1,-1,-1,1,1,-1,1,-1,1,-1,-1,1,-1,1,-1,-1,-1,-1,1,-1,1,-1,1,-1,-1,1,-1,1,-1,-1,-1,-1,1,-1,-1,1,1,-1,-1,1,-1,1,1,-1,1,-1,1,-1,1,-1,1,-1,-1,-1,1,-1,-1,-1,1,-1,1,-1,1,-1,1,-1,-1,-1,1,1,1,1,-1,-1,-1,-1,-1,-1,-1,1,-1,-1,1,-1,1,1,1,1,-1,-1,1,-1,-1,1,-1,-1,-1,-1,-1,1,-1,1,-1,-1,-1,1,1,-1,1,-1,-1,1,-1,1,1,1,-1,-1,-1,-1,1,-1,1,-1,-1,-1,-1,1,1,-1,1,1,-1,1,1,1,1,1,-1,1,-1,-1,-1,1,-1,-1,1,-1,1,-1,1,-1,1,-1,-1,-1,1,1,-1,1,1,-1,1,-1,1,-1,1,1,-1,1,-1,1,-1,-1,-1,-1,1,-1,1,-1,-1,-1,-1,1,-1,1,-1,1,1,1,1,-1,1,-1,1,1,-1,1,-1,1,-1,-1,1,-1,1,-1,-1,1,1,1,1,1,-1,1,1,1,1,-1,1,-1,-1,1,1,1,-1,-1,-1,1,1,1,1,-1,-1,-1,1,-1,1,-1,1,1,-1,-1,1,1,-1,-1,1,-1,-1,1,1,1,1,1,1,-1,1,1,1,1,-1,1,-1,1,-1,1,-1,1,1,-1,1,1,1,1,1,1,-1,1,-1,1,-1,1,1,-1,1,1,-1,1,1,1,-1,1,1,1,1,1,1,-1,1,1,-1,-1,1,-1,-1,1,1,1,-1,1,-1,-1,1,-1,-1,1,1,-1,-1,1,-1,1,-1,1,1,-1,1,-1,1,-1,1,-1,-1,1,-1,1,1,1,1,-1,1,-1,1,-1,1,1,-1,1,-1,1,-1,1,1,-1,1,1,1,1,1,-1,1,1,-1,1,1,1,1,-1,1,-1,1,-1,1,1,-1,1,1,-1,1,1,1,-1,1,1,-1,1,1,1,1,1,-1,-1,1,1,1,1,1,-1,1,-1,1,1,1,1,1,-1,1,1,1,1,1,1,-1,1,1,1,1,1,-1,1,1,1,1,1,1,1,-1,1,1,-1,1,1,-1,1,1,1,1,1,1,-1,1,1,1,1,1,1,1,-1,1,1,1,1,1,-1,-1,1,-1,1,1,1,-1,1,1,1,1,1,-1,-1,1,1,1,1,1,1,-1,1,1,-1,1,1,-1,1,1,1,1,1,1,-1,1,1,1,1,1,-1,1,-1,1,1,1,1,-1,-1,-1,1,1,1,1,-1,1,-1,1,1,1,1,1,-1,-1,1,1,-1,1,1,-1,-1,1,1,-1,1,-1,-1,-1,1,-1,-1,-1,1,-1,1,1,1,1,-1,1,-1,-1,1,1,-1,-1,1,-1,1,1,1,-1,-1,1,-1,1,-1,1,-1,1,1,-1,1,-1,1,-1,-1,-1,-1,1,-1,1,-1,1,1,1,1,-1,1,-1,-1,1,1,-1,-1,1,-1,-1,-1,1,1,-1,1,-1,-1,1,-1,1,-1,1,-1,-1,1,1,-1,-1,-1,-1,-1,1,-1,1,-1,1,-1,-1,1,1,1,-1,1,-1,-1,-1,1,-1,-1,1,-1,-1,1,1,-1,1,1,1,-1,1,-1,1,-1,1,-1,1,1,-1,1,-1,1,-1,-1,1,-1,1,1,1,-1,1,1,1,-1,-1,1,1,1,1,-1,1,1,-1,-1,1,1,-1,-1,1,1,-1,1,1,-1,-1,1,1,1,1,1,1,-1,1,1,-1,1,1,1,-1,1,1,-1,-1,1,-1,-1,1,1,1,1,1,1,-1,1,1,1,-1,1,-1,1,-1,1,1,-1,1,1,-1,1,1,-2654.0,1,2000,445,500,True
2578,1,1,-1,-1,1,1,-1,1,1,1,1,-1,1,1,1,1,-1,1,-1,-1,1,1,1,1,1,-1,-1,-1,1,1,1,1,-1,-1,-1,1,-1,1,1,1,-1,-1,1,1,1,1,1,-1,1,-1,1,1,-1,1,-1,-1,1,-1,1,1,1,-1,-1,-1,1,1,1,1,-1,-1,1,-1,1,1,1,-1,-1,1,-1,1,1,-1,-1,-1,-1,1,1,1,-1,-1,-1,1,1,1,1,-1,-1,1,-1,-1,1,1,-1,-1,1,-1,1,1,1,-1,-1,1,-1,1,1,1,-1,-1,1,-1,1,1,1,1,-1,1,-1,1,-1,1,1,-1,1,-1,1,1,1,1,-1,-1,-1,-1,1,1,1,-1,1,-1,-1,1,1,1,-1,-1,1,-1,1,1,1,-1,1,1,-1,1,-1,1,-1,1,-1,1,1,1,-1,-1,1,-1,1,1,1,-1,1,-1,1,-1,-1,1,-1,1,1,-1,1,1,1,1,1,1,1,-1,-1,1,-1,1,1,1,-1,-1,1,1,-1,1,1,1,-1,1,-1,1,1,1,-1,-1,1,1,1,1,1,1,-1,1,-1,-1,1,1,-1,-1,-1,1,-1,1,1,-1,-1,1,-1,1,1,1,1,-1,1,-1,-1,1,1,-1,1,1,-1,1,1,1,-1,-1,1,-1,1,-1,1,1,1,1,-1,1,-1,1,1,1,1,-1,1,-1,1,1,1,1,-1,-1,1,1,1,-1,1,-1,-1,1,1,-1,1,1,1,-1,-1,1,1,1,1,-1,1,-1,1,1,-1,1,-1,-1,-1,1,1,1,1,-1,-1,-1,1,-1,1,1,1,1,-1,1,1,1,1,1,1,-1,1,1,1,1,-1,1,1,1,1,1,1,1,-1,1,1,1,-1,1,1,-1,1,1,1,1,1,1,1,-1,1,-1,1,1,1,1,-1,1,1,1,1,1,1,1,1,1,-1,-1,1,1,-1,1,1,1,1,1,1,-1,-1,1,-1,1,1,1,1,-1,1,1,-1,1,1,-1,1,1,-1,-1,1,1,-1,1,1,-1,1,-1,1,-1,1,-1,-1,-1,1,-1,-1,1,-1,1,-1,1,1,-1,1,1,1,-1,1,-1,-1,-1,1,-1,1,1,-1,1,1,1,-1,1,-1,-1,1,1,1,1,-1,1,-1,1,1,1,1,1,-1,-1,1,-1,1,-1,1,-1,-1,-1,1,1,1,1,-1,-1,1,-1,1,1,1,-1,-1,-1,1,-1,1,1,-1,-1,1,-1,1,1,1,1,-1,-1,1,1,1,1,-1,-1,1,1,1,1,-1,1,-1,1,1,1,1,-1,1,-1,-1,1,1,1,-1,1,-1,1,-1,1,1,-1,-1,1,-1,1,1,1,1,-1,1,-1,-1,1,1,1,-1,1,-1,-1,1,1,-1,-1,1,-1,-1,1,-1,1,-1,-1,1,-1,1,-1,1,1,-1,1,-1,-1,1,1,1,-1,1,-1,1,-1,-1,-1,1,-1,1,1,-1,-1,1,1,1,-1,1,-1,1,-1,1,1,1,-1,-1,-1,1,-1,1,-1,1,-1,-1,-1,1,1,-1,1,-1,-1,-1,1,1,-1,1,-1,-1,-1,1,1,-1,1,-1,-1,-1,-1,1,1,1,-1,1,-1,-1,1,-1,1,-1,-1,1,-1,1,-1,1,1,-1,-1,-1,-1,-1,1,1,-1,-1,-1,-1,-1,1,-1,-1,-1,-1,1,1,1,-1,-1,-1,-1,1,1,1,-1,1,-1,1,-1,-1,1,1,-1,-1,-1,-1,-1,1,-1,1,-1,-1,1,-1,-1,1,-1,1,-1,-1,1,-1,1,-1,1,-1,-1,-1,-1,1,-1,1,-1,-1,-1,-1,1,-1,1,-1,-1,-1,-1,-1,1,-1,1,-1,-1,-1,-1,-1,-1,-1,-1,-1,-1,1,1,-1,1,-1,-1,1,1,-1,-1,1,-1,-1,-1,1,-1,1,-1,1,-1,1,1,-1,1,-1,1,-1,-1,1,-1,1,-1,1,-1,-1,1,-1,1,-1,-1,-1,-1,1,-1,1,-1,1,-1,-1,1,-1,1,-1,1,-1,-1,1,-1,1,-1,-1,-1,-1,1,1,-1,-1,-1,-1,-1,1,-1,1,-1,-1,-1,-1,-1,-1,-1,1,-1,-1,-1,1,-1,-1,1,-1,-1,-1,-1,-1,1,1,-1,-1,-1,-1,-1,1,-1,-1,-1,1,-1,-1,1,-1,1,-1,-1,-1,-1,1,-1,-1,1,-1,-1,-1,-1,1,-1,-1,-1,1,-1,1,-1,-1,-1,1,-1,-1,-1,1,1,-1,-1,-1,-1,-1,1,1,1,-1,1,-1,1,-1,1,-1,-1,-1,-1,-1,-1,1,1,-1,-1,1,-1,1,1,-1,-1,-1,1,-1,1,1,-1,-1,1,1,-1,1,1,1,-1,1,-1,1,1,1,-1,-1,1,-1,-1,1,1,1,-1,1,-1,-1,1,1,-1,1,1,1,-1,1,1,-1,1,1,1,-1,1,-1,-1,1,1,1,-1,1,1,1,1,1,1,-1,1,1,1,-1,1,1,-1,1,-1,1,1,1,1,-1,-1,1,-1,1,1,1,-1,-1,1,1,1,-1,1,-1,-1,1,1,1,1,1,-1,1,-1,1,1,1,1,-1,1,1,1,1,1,-1,1,-1,1,1,1,-1,-1,-1,1,1,1,-1,1,-1,1,1,-1,1,1,-1,1,-1,1,1,1,1,-1,-1,-1,1,1,1,1,-1,-1,1,1,-1,1,1,-1,1,-1,1,-1,1,1,-1,1,-1,1,-1,1,1,1,1,1,1,1,1,1,-1,-1,1,-1,1,1,1,-1,1,-1,1,1,1,-1,-1,1,1,1,-1,1,1,-1,1,1,1,1,1,-1,-1,-1,1,-1,-1,-1,-1,-1,1,-1,1,1,1,-1,1,1,1,-1,1,1,1,-1,1,1,1,1,1,1,-1,1,1,1,1,1,1,-1,-1,1,-1,1,1,1,-1,1,1,1,-1,-1,-1,-1,1,1,1,1,1,-1,-1,-1,1,1,1,-1,1,-1,1,-1,1,1,-2654.0,1,2000,445,1000,True
2579,1,1,-1,-1,1,1,-1,1,1,1,1,-1,1,1,1,1,-1,1,-1,-1,-1,1,1,1,1,-1,-1,-1,1,1,1,1,1,-1,-1,1,-1,1,1,1,-1,-1,1,1,1,1,1,-1,1,-1,1,1,-1,1,-1,-1,1,-1,1,1,1,-1,-1,1,1,1,1,1,-1,-1,1,-1,1,1,1,-1,-1,1,-1,1,1,-1,-1,-1,-1,1,1,1,-1,-1,-1,1,-1,1,1,-1,-1,1,-1,1,1,1,-1,-1,-1,-1,-1,1,1,-1,-1,1,-1,-1,1,1,-1,-1,1,-1,-1,1,1,1,-1,-1,-1,-1,1,1,1,-1,-1,-1,-1,1,1,1,-1,-1,-1,-1,-1,1,1,-1,1,-1,-1,-1,1,1,-1,-1,1,-1,-1,1,1,-1,-1,1,-1,-1,1,1,-1,-1,1,-1,1,1,-1,-1,-1,-1,-1,1,1,-1,-1,1,1,-1,1,1,-1,-1,-1,-1,-1,-1,1,1,-1,-1,1,1,-1,1,-1,1,-1,1,-1,-1,1,1,-1,-1,1,-1,1,1,-1,1,-1,1,1,1,1,-1,-1,-1,1,1,-1,1,-1,-1,-1,1,-1,-1,1,1,-1,-1,1,1,-1,1,-1,1,-1,1,1,-1,1,-1,1,-1,1,1,1,1,-1,1,-1,1,1,-1,1,-1,1,-1,1,-1,1,1,-1,1,-1,1,-1,1,1,-1,-1,-1,1,-1,1,1,-1,-1,-1,1,1,-1,1,-1,-1,-1,1,1,1,1,1,1,1,1,-1,1,1,-1,1,-1,1,1,1,1,-1,1,1,1,-1,-1,1,-1,-1,1,1,1,-1,1,1,-1,1,1,-1,-1,1,1,1,1,1,-1,1,1,-1,1,-1,1,-1,1,1,-1,-1,1,1,-1,-1,1,1,1,-1,1,-1,1,1,1,-1,1,1,-1,1,1,1,-1,1,-1,-1,1,1,1,-1,1,-1,-1,-1,1,1,-1,1,-1,-1,1,-1,1,-1,1,1,-1,-1,1,1,1,-1,1,-1,-1,1,1,-1,1,-1,-1,-1,-1,-1,-1,1,1,-1,-1,1,1,-1,1,-1,1,-1,1,1,1,1,1,-1,1,1,1,-1,1,-1,-1,-1,-1,1,1,1,1,-1,-1,1,1,1,1,-1,-1,1,-1,-1,1,-1,1,-1,-1,1,-1,1,1,-1,-1,1,1,-1,1,-1,1,-1,-1,1,-1,1,1,-1,-1,-1,1,-1,-1,1,1,-1,-1,1,-1,1,1,-1,1,-1,1,-1,-1,1,1,-1,-1,1,-1,1,1,-1,-1,1,1,-1,1,-1,1,-1,1,-1,-1,1,-1,1,-1,1,-1,-1,1,-1,-1,-1,1,-1,-1,1,1,1,-1,1,-1,-1,1,-1,-1,1,-1,1,-1,1,1,1,-1,1,1,-1,-1,-1,1,-1,1,-1,-1,1,-1,1,1,1,1,-1,-1,1,1,-1,1,1,-1,-1,1,1,1,-1,1,1,-1,1,1,1,1,-1,-1,1,-1,1,1,-1,1,-1,1,1,-1,1,-1,-1,1,-1,-1,1,-1,-1,-1,1,1,-1,1,1,-1,-1,1,1,-1,-1,1,-1,-1,-1,-1,-1,-1,1,-1,-1,-1,-1,-1,-1,1,-1,-1,1,1,1,1,1,-1,-1,1,1,-1,-1,1,-1,-1,-1,1,-1,-1,1,1,-1,1,1,1,-1,1,-1,1,1,1,-1,-1,1,1,-1,1,1,-1,1,1,-1,1,1,1,-1,1,1,-1,-1,1,-1,1,1,1,-1,1,1,1,-1,-1,1,-1,1,1,1,1,-1,1,1,1,1,1,1,1,1,-1,1,-1,1,-1,-1,1,1,1,1,1,1,-1,1,-1,1,1,1,1,-1,1,1,-1,1,-1,1,-1,1,1,1,1,1,1,-1,1,1,1,1,1,-1,-1,-1,-1,1,1,1,-1,-1,1,-1,1,1,1,1,-1,1,1,1,1,1,-1,-1,1,-1,-1,1,-1,-1,-1,1,1,-1,1,1,-1,-1,-1,1,-1,1,1,-1,-1,-1,1,1,1,1,-1,-1,-1,-1,-1,1,1,-1,-1,-1,1,1,-1,-1,-1,-1,-1,-1,-1,1,-1,-1,-1,-1,1,-1,-1,1,-1,-1,-1,1,-1,-1,1,-1,-1,-1,-1,-1,-1,1,-1,-1,-1,-1,-1,1,-1,-1,-1,1,-1,-1,1,-1,1,-1,-1,-1,-1,-1,-1,-1,1,-1,-1,-1,1,1,-1,-1,-1,-1,1,-1,-1,-1,-1,-1,-1,-1,1,1,1,-1,-1,-1,-1,1,-1,1,1,-1,1,-1,-1,1,1,-1,-1,-1,-1,-1,-1,1,1,-1,-1,1,-1,1,1,-1,-1,-1,1,-1,1,1,-1,-1,1,1,-1,1,1,1,-1,1,-1,1,1,1,-1,-1,1,-1,-1,1,1,1,-1,1,-1,-1,1,1,-1,1,1,1,-1,1,1,1,1,1,1,-1,1,1,1,1,1,1,-1,1,1,1,1,1,1,-1,-1,1,1,1,1,1,-1,1,-1,1,1,1,1,-1,-1,1,-1,1,1,1,-1,1,1,1,1,1,-1,1,1,1,1,1,1,1,1,-1,1,1,1,1,-1,1,-1,1,1,1,1,1,-1,1,1,1,1,-1,1,1,-1,1,1,-1,1,1,-1,-1,1,1,1,-1,1,1,-1,1,1,1,1,-1,1,-1,1,1,1,1,1,-1,-1,-1,1,1,1,-1,1,-1,-1,1,1,1,-1,1,-1,-1,1,1,-1,1,-1,-1,-1,1,1,1,1,-1,1,-1,1,1,1,-1,1,-1,1,1,1,1,-1,-1,-1,-1,1,1,1,-1,1,-1,1,1,-1,1,1,-1,1,-1,-1,1,1,-1,-1,-1,1,1,1,1,-1,-1,1,1,1,1,1,-1,-1,1,1,1,1,1,1,-1,-1,1,1,1,1,1,-1,1,1,1,1,1,1,-1,1,1,1,1,1,1,-1,-1,1,1,-1,1,1,1,-1,1,1,-1,1,1,-1,-1,1,-2654.0,1,2000,445,500,True
2580,1,1,-1,-1,1,1,-1,1,1,1,1,-1,1,1,1,1,-1,1,-1,-1,-1,1,1,1,1,-1,-1,-1,1,1,1,1,-1,-1,-1,1,-1,1,1,1,-1,-1,1,1,1,1,1,-1,1,-1,1,1,-1,1,-1,-1,1,-1,1,1,1,-1,-1,-1,1,1,1,1,-1,-1,1,-1,1,1,1,-1,-1,1,-1,1,1,-1,-1,-1,-1,1,1,1,-1,-1,-1,1,1,1,1,-1,-1,1,-1,1,1,1,-1,-1,1,-1,1,1,1,-1,-1,1,-1,-1,1,1,-1,-1,1,-1,1,1,1,1,-1,-1,-1,-1,1,1,1,-1,1,-1,1,1,1,1,-1,-1,-1,-1,1,1,1,-1,1,-1,-1,1,1,1,-1,-1,1,-1,1,1,1,-1,1,1,-1,1,-1,1,-1,1,-1,1,1,1,-1,-1,1,-1,1,1,1,-1,1,-1,1,-1,-1,1,-1,1,1,-1,1,1,1,1,1,1,1,-1,-1,1,-1,1,1,1,-1,-1,1,1,-1,1,1,1,-1,1,-1,1,1,1,-1,-1,1,1,1,1,1,1,-1,1,-1,-1,1,1,-1,-1,-1,1,-1,1,1,-1,-1,1,-1,1,1,1,1,-1,1,1,-1,1,1,-1,1,1,-1,1,1,1,-1,-1,1,-1,1,-1,1,1,1,1,-1,1,-1,1,1,1,1,-1,1,-1,1,1,1,1,-1,-1,1,1,1,-1,1,1,-1,1,1,-1,1,1,1,-1,-1,1,1,1,1,-1,1,-1,1,1,-1,1,1,-1,-1,1,1,1,1,-1,1,-1,1,-1,1,1,1,1,-1,1,1,1,1,1,1,-1,1,1,1,1,1,1,1,1,1,1,1,1,-1,1,1,1,-1,1,1,-1,1,1,1,1,1,1,1,-1,1,-1,1,1,1,1,-1,1,1,1,1,1,1,-1,1,1,-1,1,1,-1,-1,1,1,1,-1,1,1,-1,-1,1,-1,1,1,1,1,-1,1,1,-1,1,1,-1,1,1,-1,-1,-1,-1,-1,-1,1,-1,1,1,-1,-1,1,-1,-1,1,1,-1,-1,1,-1,1,1,1,-1,-1,1,1,1,-1,1,1,1,-1,1,-1,1,1,1,-1,1,1,-1,-1,-1,1,1,1,1,-1,1,-1,1,-1,1,1,1,-1,-1,1,1,-1,1,-1,1,-1,1,-1,-1,1,-1,1,-1,-1,1,-1,1,1,-1,-1,1,1,1,-1,1,-1,-1,-1,1,-1,1,1,-1,-1,1,1,1,1,-1,1,-1,1,-1,1,1,-1,-1,-1,1,1,1,1,-1,-1,-1,1,-1,1,1,1,-1,-1,1,1,-1,1,-1,-1,-1,1,-1,1,1,1,-1,-1,1,-1,-1,1,-1,-1,-1,-1,-1,1,1,-1,-1,-1,1,-1,-1,1,-1,-1,-1,-1,1,-1,1,-1,-1,-1,-1,1,-1,-1,1,1,1,-1,1,-1,1,1,1,-1,1,-1,1,1,-1,-1,1,1,1,1,-1,-1,1,-1,1,1,1,-1,-1,-1,1,-1,1,-1,1,-1,-1,-1,1,1,-1,1,-1,-1,-1,1,1,-1,1,-1,-1,1,1,1,-1,1,-1,-1,-1,-1,1,1,1,-1,1,-1,-1,1,-1,1,-1,-1,1,-1,1,-1,1,1,-1,-1,-1,-1,-1,1,1,-1,-1,-1,-1,-1,1,-1,-1,-1,-1,1,1,1,-1,-1,-1,-1,1,1,1,-1,1,-1,1,-1,-1,1,1,-1,-1,-1,-1,-1,1,-1,1,-1,-1,1,-1,1,1,-1,1,-1,-1,1,-1,1,-1,1,-1,-1,-1,-1,1,-1,1,-1,-1,-1,-1,1,-1,1,-1,-1,-1,-1,-1,1,-1,1,-1,-1,-1,-1,-1,-1,1,-1,-1,-1,1,1,-1,1,1,-1,-1,1,-1,-1,1,1,1,-1,1,-1,1,-1,-1,-1,1,1,-1,1,-1,1,-1,1,1,-1,1,-1,1,-1,-1,1,-1,1,1,1,-1,-1,1,-1,1,-1,1,-1,-1,1,-1,1,1,1,-1,-1,1,-1,1,1,1,-1,-1,1,1,-1,1,1,-1,-1,1,-1,1,-1,1,-1,-1,-1,-1,-1,1,1,-1,-1,1,-1,-1,1,1,-1,-1,-1,-1,1,-1,1,-1,-1,-1,-1,-1,1,-1,-1,1,-1,-1,1,-1,1,-1,-1,-1,-1,-1,1,1,1,-1,-1,-1,1,1,1,-1,-1,1,-1,-1,-1,1,-1,1,-1,-1,1,1,1,-1,-1,-1,-1,1,-1,1,1,-1,1,-1,-1,1,1,-1,-1,-1,-1,-1,-1,1,1,-1,-1,1,-1,1,1,-1,-1,-1,1,-1,1,1,-1,-1,1,-1,-1,1,1,1,-1,1,-1,1,1,1,-1,-1,1,-1,-1,1,1,1,-1,1,-1,-1,1,1,-1,1,1,-1,-1,1,1,1,1,1,-1,-1,1,1,-1,1,1,-1,-1,1,1,1,1,1,1,-1,-1,1,1,-1,1,-1,-1,1,-1,1,1,1,1,-1,-1,1,-1,1,1,1,-1,1,1,1,1,-1,1,-1,1,1,1,1,1,1,-1,-1,1,1,1,1,-1,1,-1,1,1,1,1,1,-1,1,1,1,1,-1,-1,1,-1,1,1,-1,1,-1,-1,-1,1,1,1,-1,1,1,-1,1,1,1,-1,-1,1,-1,1,1,1,-1,-1,1,-1,-1,1,1,-1,1,-1,-1,-1,1,1,-1,1,-1,1,-1,1,1,1,1,1,1,-1,1,1,-1,-1,1,1,-1,1,1,-1,1,-1,-1,1,1,-1,-1,1,1,-1,-1,1,1,-1,1,1,-1,1,1,-1,-1,-1,1,-1,-1,-1,-1,-1,1,-1,1,1,1,-1,1,1,1,-1,1,1,1,-1,1,1,-1,1,1,1,-1,1,1,1,1,1,1,-1,-1,1,-1,1,1,1,-1,1,1,-1,1,1,-1,-1,1,1,1,1,1,-1,-1,-1,1,-1,1,-1,1,-1,1,-1,1,1,-2654.0,1,2000,445,1000,True
2581,1,1,-1,-1,1,-1,-1,1,1,1,1,-1,1,1,1,1,-1,1,-1,-1,-1,1,1,1,1,-1,1,-1,1,1,1,1,1,-1,-1,1,-1,1,1,1,-1,-1,1,1,1,1,-1,-1,1,1,1,1,-1,1,-1,-1,1,-1,1,1,1,-1,-1,1,1,1,1,-1,-1,-1,1,-1,1,1,1,-1,-1,1,-1,1,1,-1,-1,-1,-1,1,1,1,-1,1,-1,1,1,1,1,-1,-1,1,-1,-1,1,1,-1,-1,1,-1,1,1,1,-1,-1,-1,-1,1,1,1,-1,-1,1,-1,-1,1,1,1,-1,-1,-1,1,-1,1,1,-1,1,-1,1,1,1,1,-1,1,-1,1,-1,1,1,-1,1,-1,-1,1,1,1,-1,1,1,-1,1,1,-1,-1,1,-1,1,1,-1,1,-1,1,1,1,1,1,-1,-1,1,-1,1,-1,1,-1,1,-1,-1,1,1,1,-1,-1,-1,1,1,-1,1,-1,1,1,-1,1,-1,1,1,-1,1,-1,1,-1,1,-1,-1,1,-1,1,-1,1,-1,-1,1,-1,1,-1,1,1,-1,-1,-1,-1,1,1,-1,-1,1,-1,1,1,-1,1,-1,-1,-1,1,1,1,-1,1,-1,-1,-1,1,1,-1,1,-1,-1,1,1,1,1,1,-1,-1,1,-1,-1,1,-1,-1,1,-1,1,-1,1,-1,-1,-1,1,1,1,1,-1,-1,1,-1,-1,1,-1,1,-1,1,-1,-1,1,1,1,-1,1,-1,1,1,-1,1,-1,1,-1,1,1,1,-1,-1,1,1,-1,1,1,1,-1,1,-1,-1,1,-1,1,-1,-1,1,-1,1,1,1,-1,1,-1,-1,1,1,-1,-1,1,-1,-1,1,1,-1,-1,1,-1,-1,1,-1,-1,1,1,-1,1,-1,1,1,-1,1,-1,1,1,1,-1,1,1,-1,1,1,1,-1,1,-1,-1,1,1,1,-1,1,-1,-1,1,-1,1,-1,1,-1,-1,1,-1,1,-1,1,1,-1,1,-1,1,1,1,1,-1,-1,1,1,-1,1,-1,-1,1,1,-1,-1,1,1,-1,1,-1,1,-1,1,-1,1,1,-1,1,1,1,-1,-1,1,-1,1,-1,1,-1,-1,1,-1,1,1,1,1,-1,1,1,1,1,1,-1,-1,1,-1,-1,1,-1,1,-1,-1,1,-1,1,1,-1,-1,1,1,-1,1,-1,1,-1,-1,1,-1,1,1,-1,-1,-1,1,-1,-1,1,1,-1,-1,1,-1,1,1,-1,1,-1,1,-1,-1,1,1,-1,-1,-1,-1,1,1,-1,1,-1,1,-1,1,-1,1,-1,-1,-1,1,1,-1,1,-1,-1,-1,-1,1,-1,-1,1,-1,-1,-1,1,1,1,1,1,-1,-1,1,-1,-1,1,-1,-1,-1,1,1,1,-1,1,-1,-1,1,-1,1,-1,1,-1,-1,1,-1,1,1,1,-1,-1,-1,1,1,-1,1,-1,-1,1,1,1,1,-1,1,1,-1,1,1,1,1,1,1,1,-1,1,1,-1,1,-1,1,-1,-1,1,1,-1,1,-1,-1,1,1,1,-1,1,1,-1,1,1,1,-1,1,1,-1,-1,1,1,-1,-1,-1,-1,-1,1,1,-1,-1,-1,-1,-1,1,1,-1,1,1,1,1,1,1,-1,1,1,-1,-1,1,1,-1,-1,1,-1,-1,1,1,1,1,1,1,-1,1,-1,1,1,1,-1,-1,1,1,1,1,1,-1,1,-1,1,1,1,1,-1,1,-1,1,-1,1,-1,1,-1,-1,-1,1,1,-1,-1,1,-1,-1,1,1,1,1,-1,-1,-1,1,1,1,1,1,-1,-1,1,-1,1,-1,-1,-1,1,1,1,1,1,-1,1,-1,1,1,1,-1,-1,-1,-1,1,1,-1,1,-1,1,-1,1,1,1,1,-1,-1,1,-1,1,1,-1,-1,1,1,-1,1,1,-1,-1,-1,1,1,-1,1,1,-1,1,-1,1,-1,1,-1,-1,-1,1,-1,-1,1,-1,-1,1,-1,1,-1,1,-1,-1,-1,-1,1,-1,1,-1,-1,-1,1,1,-1,1,-1,-1,1,-1,-1,-1,1,1,-1,-1,1,1,-1,1,1,-1,-1,1,-1,1,-1,-1,-1,-1,-1,-1,-1,-1,1,-1,-1,1,-1,1,-1,1,-1,-1,-1,-1,-1,-1,1,-1,-1,-1,-1,-1,1,-1,-1,1,-1,-1,1,-1,1,-1,-1,-1,-1,1,-1,1,1,-1,-1,-1,1,1,1,-1,-1,1,-1,1,-1,1,-1,1,-1,-1,1,1,1,-1,1,-1,-1,1,-1,1,1,-1,1,-1,-1,1,1,-1,-1,-1,-1,-1,-1,1,1,-1,-1,1,-1,1,1,-1,-1,-1,1,-1,1,1,-1,-1,1,1,-1,1,1,1,-1,1,-1,1,1,1,-1,-1,1,-1,-1,1,-1,1,1,-1,1,-1,1,1,1,-1,1,-1,-1,1,1,1,1,-1,1,-1,1,1,1,1,1,-1,-1,1,1,1,1,1,-1,-1,-1,1,1,1,-1,-1,-1,1,-1,1,1,1,-1,-1,-1,1,-1,1,1,-1,-1,1,-1,1,1,1,-1,1,1,1,1,1,1,-1,1,-1,-1,1,1,1,-1,1,-1,1,1,1,-1,1,-1,1,-1,1,1,1,1,1,-1,1,1,-1,1,1,-1,-1,1,1,1,1,-1,1,-1,-1,1,1,1,1,1,-1,1,1,1,1,-1,-1,-1,-1,1,1,-1,1,1,-1,-1,1,1,-1,1,-1,1,-1,1,1,1,-1,1,-1,-1,1,-1,1,1,-1,1,-1,-1,1,-1,1,1,-1,1,1,-1,1,1,-1,-1,-1,1,-1,1,1,1,-1,1,1,-1,1,1,-1,1,-1,-1,-1,1,1,-1,-1,1,1,-1,1,1,-1,1,1,1,-1,1,1,-1,1,1,1,-1,-1,1,-1,-1,1,1,-1,1,1,-1,1,1,1,-1,-1,1,-1,1,1,1,1,-1,1,-1,-1,1,1,-1,1,1,1,-1,1,1,1,-1,1,-1,-1,1,-2654.0,1,2000,445,1500,True
2582,-1,-1,1,1,1,1,-1,1,-1,-1,-1,1,-1,1,-1,-1,1,-1,1,1,-1,1,-1,-1,-1,1,-1,-1,1,-1,-1,-1,1,1,-1,1,1,-1,-1,-1,1,-1,1,-1,-1,-1,-1,-1,1,-1,1,-1,1,-1,1,-1,-1,1,-1,-1,-1,1,1,1,-1,-1,-1,-1,-1,-1,1,-1,-1,-1,-1,-1,-1,1,-1,-1,-1,1,1,-1,-1,-1,-1,-1,-1,1,-1,-1,-1,-1,-1,-1,-1,1,-1,1,-1,-1,-1,-1,1,-1,-1,-1,-1,-1,-1,1,-1,1,-1,-1,-1,-1,1,-1,-1,-1,-1,-1,-1,1,-1,-1,1,-1,-1,-1,-1,-1,-1,-1,-1,-1,-1,-1,-1,-1,1,-1,-1,-1,1,-1,-1,-1,-1,-1,-1,-1,1,-1,1,-1,-1,-1,-1,-1,-1,-1,1,-1,1,-1,1,-1,-1,-1,-1,-1,-1,-1,-1,1,-1,-1,-1,1,1,-1,-1,-1,-1,-1,-1,-1,-1,1,-1,-1,-1,-1,1,-1,1,-1,-1,1,-1,1,-1,1,-1,-1,-1,-1,1,-1,1,1,-1,-1,-1,1,-1,1,-1,1,-1,-1,1,1,-1,-1,1,-1,-1,1,-1,-1,1,-1,-1,-1,1,-1,1,-1,1,1,-1,1,1,-1,-1,-1,1,-1,1,-1,-1,-1,1,-1,-1,1,-1,1,-1,1,-1,-1,1,1,-1,-1,1,-1,1,1,1,-1,-1,1,-1,1,1,1,1,-1,1,-1,-1,1,1,1,-1,1,1,-1,1,-1,-1,-1,-1,1,1,1,1,-1,-1,1,1,-1,1,1,1,-1,-1,1,1,1,1,1,-1,1,1,1,1,-1,1,-1,-1,1,1,1,1,1,-1,-1,-1,1,1,1,1,-1,1,1,-1,1,1,1,-1,-1,1,1,1,1,-1,-1,1,1,-1,1,1,-1,-1,-1,-1,1,1,1,-1,-1,-1,-1,1,1,1,-1,-1,-1,1,1,1,1,-1,1,1,1,1,1,1,1,1,-1,-1,1,-1,1,-1,1,-1,-1,-1,-1,1,1,-1,1,-1,1,1,1,-1,-1,-1,-1,1,1,1,-1,1,1,-1,1,1,-1,-1,1,1,-1,1,1,-1,-1,1,-1,1,1,1,1,-1,-1,1,-1,-1,-1,1,-1,1,-1,-1,1,1,1,-1,1,-1,1,-1,1,1,-1,1,-1,-1,1,1,1,1,1,-1,1,-1,-1,1,-1,1,-1,-1,-1,-1,1,1,1,-1,-1,1,-1,1,1,-1,-1,1,-1,1,-1,1,1,-1,-1,1,-1,1,1,1,-1,-1,-1,1,1,1,1,-1,-1,1,1,1,1,-1,1,-1,1,1,1,1,-1,-1,-1,-1,1,1,1,-1,1,-1,1,-1,1,1,-1,-1,1,-1,1,1,1,1,-1,1,-1,-1,1,1,1,-1,-1,-1,1,1,1,-1,-1,1,-1,-1,1,-1,1,-1,-1,-1,-1,1,-1,1,-1,-1,1,-1,-1,1,1,1,-1,1,-1,1,-1,-1,1,1,-1,1,1,-1,-1,1,1,1,-1,1,-1,1,-1,1,1,1,-1,-1,-1,1,-1,1,1,1,-1,-1,-1,1,1,-1,1,-1,-1,-1,1,1,1,1,-1,-1,-1,1,1,1,1,-1,-1,-1,-1,1,-1,1,-1,1,-1,-1,1,1,1,-1,-1,1,-1,1,-1,1,1,-1,-1,-1,-1,1,1,1,-1,-1,-1,-1,1,1,1,-1,-1,-1,1,1,1,-1,-1,-1,-1,1,1,1,-1,1,-1,1,-1,-1,1,1,-1,-1,-1,-1,1,1,-1,1,-1,-1,1,1,1,1,-1,-1,-1,-1,1,1,1,-1,1,-1,-1,1,1,1,-1,1,-1,-1,1,-1,1,-1,1,-1,-1,1,1,1,-1,-1,1,-1,1,1,1,-1,-1,-1,-1,1,1,-1,1,-1,1,-1,1,-1,-1,1,-1,1,-1,1,1,-1,-1,1,-1,1,1,-1,1,-1,1,-1,1,1,1,-1,1,1,-1,1,1,-1,1,-1,1,-1,-1,1,1,1,-1,1,-1,1,1,1,-1,-1,1,-1,1,1,-1,1,1,1,1,-1,1,1,-1,-1,1,-1,-1,1,1,-1,1,-1,1,-1,1,1,1,1,1,1,-1,1,1,-1,1,-1,1,-1,1,1,1,1,1,1,-1,1,1,1,1,1,-1,-1,1,-1,1,1,-1,-1,1,1,1,1,1,-1,-1,-1,-1,1,1,1,-1,1,-1,1,1,-1,1,-1,-1,-1,1,1,1,1,1,1,1,1,1,1,1,1,-1,1,1,1,-1,1,-1,1,1,1,1,1,1,1,-1,1,-1,1,1,1,1,-1,1,1,1,1,-1,1,1,1,1,1,1,1,1,1,1,-1,1,1,1,1,1,1,1,1,-1,1,-1,1,-1,1,1,-1,1,-1,1,1,1,1,-1,1,-1,1,1,1,1,-1,1,-1,1,1,1,1,1,-1,1,1,1,-1,1,1,-1,1,1,1,-1,1,-1,-1,-1,1,-1,-1,1,1,-1,1,1,1,-1,1,1,-1,-1,1,1,-1,1,1,-1,1,1,1,-1,1,1,-1,1,-1,1,1,1,1,-1,1,-1,1,1,1,-1,1,1,1,1,1,1,1,-1,1,1,1,1,-1,1,-1,1,1,-1,-1,1,-1,1,1,1,1,-1,1,1,-1,1,-1,1,-1,1,1,1,-1,1,1,1,1,1,-1,1,1,-1,-1,1,-1,1,-1,1,-1,-1,1,1,1,-1,-1,1,1,1,1,1,-1,-1,1,1,1,1,-1,1,1,1,1,1,1,-1,1,1,1,-1,1,1,-1,-1,1,1,1,-1,1,1,-1,-1,-1,-1,1,1,-1,-1,1,1,1,-1,1,-1,-1,-1,1,1,1,1,-1,-1,1,1,1,1,1,1,-1,1,1,1,1,1,1,-1,1,1,1,1,1,-1,-1,1,-1,1,-1,1,1,-1,-1,1,1,-1,1,-1,1,-1,1,1,-1,1,1,-1,-1,1,-2654.0,1,2000,445,1500,True
2583,-1,-1,1,1,1,1,-1,1,-1,-1,-1,1,-1,1,-1,-1,1,-1,1,1,-1,1,-1,-1,-1,1,-1,-1,1,-1,-1,-1,1,1,-1,1,1,-1,-1,-1,1,-1,1,-1,-1,-1,-1,-1,1,-1,-1,-1,1,-1,1,-1,-1,1,-1,-1,-1,1,1,1,-1,-1,-1,-1,-1,-1,1,-1,-1,-1,-1,-1,-1,1,-1,-1,-1,1,1,-1,-1,-1,-1,1,-1,1,-1,-1,-1,-1,-1,-1,-1,1,-1,1,-1,-1,-1,-1,1,-1,-1,-1,-1,-1,-1,1,-1,-1,-1,-1,-1,-1,1,-1,-1,-1,-1,-1,-1,1,-1,-1,1,-1,-1,-1,-1,-1,-1,1,-1,-1,-1,-1,-1,-1,1,-1,-1,-1,1,-1,-1,-1,-1,-1,-1,-1,1,-1,1,1,-1,-1,-1,1,-1,-1,-1,-1,1,-1,1,-1,-1,-1,-1,-1,-1,-1,-1,1,-1,-1,-1,1,1,-1,-1,-1,-1,-1,-1,-1,-1,1,-1,-1,-1,-1,1,-1,1,-1,-1,1,-1,1,-1,1,-1,-1,-1,-1,1,-1,1,-1,-1,-1,-1,1,-1,1,-1,1,-1,-1,1,1,-1,1,-1,-1,-1,1,1,1,-1,1,-1,-1,1,-1,1,-1,1,1,-1,1,1,1,-1,-1,1,-1,1,-1,-1,-1,1,-1,-1,1,-1,1,-1,1,-1,-1,1,1,-1,-1,1,-1,1,1,1,-1,-1,1,-1,1,1,1,1,-1,1,-1,-1,1,1,1,-1,1,1,-1,1,1,-1,-1,-1,1,1,1,1,-1,-1,1,1,-1,1,1,1,-1,-1,1,1,1,1,1,-1,1,1,1,1,-1,1,-1,-1,1,1,1,1,1,-1,-1,-1,1,1,1,-1,-1,1,1,-1,1,1,-1,-1,-1,1,1,1,1,1,-1,1,1,-1,1,1,-1,-1,-1,-1,1,1,1,1,-1,-1,-1,1,-1,1,1,-1,-1,1,1,-1,1,1,1,1,-1,1,-1,1,-1,-1,-1,-1,1,1,-1,1,1,-1,1,1,1,-1,1,-1,1,-1,1,-1,-1,1,-1,-1,-1,1,1,-1,1,-1,1,-1,1,-1,1,-1,1,1,1,1,-1,1,-1,1,1,-1,1,-1,-1,-1,1,1,1,1,1,-1,-1,1,1,1,1,-1,-1,1,-1,-1,1,-1,1,-1,1,-1,1,1,1,-1,-1,1,1,1,1,-1,1,-1,-1,1,1,1,1,-1,-1,-1,1,1,1,1,1,-1,1,-1,-1,1,1,-1,1,-1,1,1,-1,1,1,-1,1,1,1,1,1,-1,-1,1,1,-1,1,-1,1,-1,1,1,-1,1,-1,1,-1,1,1,-1,1,-1,-1,-1,1,1,-1,1,-1,1,-1,-1,1,-1,1,-1,-1,1,-1,1,-1,1,1,1,-1,1,1,-1,-1,1,1,-1,-1,1,-1,1,1,1,1,-1,1,-1,-1,1,1,-1,-1,1,1,-1,1,1,1,1,1,1,-1,1,1,1,-1,1,-1,1,-1,1,1,-1,1,-1,1,-1,-1,1,-1,-1,1,-1,-1,1,-1,-1,-1,1,1,-1,1,1,-1,-1,1,1,-1,-1,1,-1,-1,-1,-1,-1,1,1,-1,-1,-1,-1,-1,1,1,-1,-1,1,1,1,-1,1,-1,1,1,1,-1,1,1,-1,-1,-1,1,-1,-1,1,1,-1,1,1,1,1,1,1,-1,-1,1,-1,1,1,1,-1,-1,1,-1,1,1,-1,-1,1,1,-1,1,1,-1,-1,1,-1,1,1,1,1,-1,1,1,-1,1,1,1,-1,1,1,1,1,1,1,-1,-1,1,1,1,1,1,-1,1,1,-1,1,1,1,-1,-1,1,1,1,-1,1,-1,-1,1,-1,1,1,1,-1,-1,-1,1,1,1,1,-1,-1,1,1,1,1,-1,1,-1,-1,1,1,-1,-1,1,-1,-1,1,1,1,-1,1,-1,1,1,1,-1,-1,-1,-1,1,1,1,1,-1,1,1,-1,1,1,-1,1,1,-1,1,1,1,1,-1,1,-1,1,1,1,1,-1,-1,1,-1,1,1,1,-1,1,-1,1,-1,1,-1,1,1,1,-1,1,1,1,-1,1,-1,1,-1,1,1,-1,1,-1,1,-1,1,1,-1,1,1,1,-1,1,1,1,1,1,1,-1,1,1,1,1,1,-1,-1,1,1,1,1,1,-1,1,1,1,1,1,-1,-1,-1,1,1,1,1,1,-1,-1,1,1,1,-1,1,-1,-1,1,-1,1,1,1,-1,-1,1,1,1,1,1,1,-1,1,1,1,1,-1,-1,-1,1,1,1,1,1,1,-1,-1,1,1,1,1,-1,-1,1,1,1,-1,1,-1,1,1,1,1,1,1,-1,1,-1,1,1,1,1,-1,1,1,1,1,1,-1,-1,1,1,1,-1,1,-1,1,1,1,1,-1,1,-1,1,1,1,1,-1,1,-1,1,1,1,1,1,-1,1,-1,-1,-1,1,1,-1,1,-1,1,-1,1,-1,-1,-1,1,-1,-1,1,1,-1,1,-1,1,-1,1,1,-1,1,-1,1,-1,1,1,-1,1,1,1,-1,1,1,-1,1,-1,1,1,1,1,-1,1,-1,1,1,1,-1,1,-1,1,1,1,1,1,-1,1,-1,1,1,-1,1,-1,-1,-1,1,-1,1,-1,1,1,-1,1,-1,1,1,-1,1,-1,1,-1,1,1,1,-1,-1,-1,1,1,1,-1,1,-1,-1,-1,1,-1,1,-1,1,-1,-1,1,1,1,-1,-1,-1,1,1,1,1,-1,1,-1,1,1,1,-1,1,-1,1,1,1,1,-1,-1,-1,-1,-1,1,1,-1,1,-1,1,1,-1,1,1,-1,1,-1,-1,1,1,-1,-1,-1,1,1,-1,1,-1,-1,1,1,1,1,1,-1,-1,1,1,1,1,1,1,-1,-1,-1,1,1,1,1,-1,1,1,1,1,1,-1,-1,1,1,1,-1,1,1,-1,-1,1,1,-1,1,-1,1,-1,1,1,-1,1,1,-1,-1,1,-2654.0,1,2000,445,500,True
2584,1,1,-1,-1,1,-1,-1,1,1,1,1,-1,1,1,1,1,-1,1,-1,-1,-1,1,1,1,1,-1,-1,-1,1,1,1,1,-1,-1,-1,1,-1,1,1,1,-1,-1,1,1,1,1,1,-1,1,-1,1,1,-1,1,-1,-1,-1,-1,1,1,1,-1,-1,1,1,1,1,1,-1,-1,1,-1,1,1,1,-1,-1,1,-1,1,1,-1,-1,-1,-1,1,1,1,-1,-1,-1,-1,1,1,1,-1,-1,1,-1,-1,1,1,-1,-1,1,-1,1,1,1,-1,-1,1,-1,1,1,1,-1,-1,1,-1,1,1,1,1,-1,-1,-1,1,-1,1,1,-1,1,-1,1,1,1,1,-1,-1,-1,1,1,1,1,-1,1,-1,-1,1,1,1,-1,-1,1,-1,1,1,1,-1,1,-1,-1,1,-1,1,-1,1,-1,1,1,1,-1,-1,1,-1,1,1,1,-1,1,-1,1,-1,-1,1,-1,1,1,-1,1,1,1,1,1,1,1,-1,-1,1,-1,1,1,1,-1,-1,1,1,-1,1,1,1,-1,1,-1,1,1,1,-1,-1,1,1,1,1,1,1,-1,1,-1,-1,1,1,-1,-1,-1,1,1,1,1,-1,-1,1,-1,1,1,1,1,-1,1,-1,-1,1,1,-1,1,1,-1,1,1,1,-1,-1,1,-1,1,-1,1,1,1,1,-1,1,-1,1,1,1,1,-1,1,-1,1,1,1,1,-1,-1,1,1,1,-1,1,-1,-1,1,1,-1,1,1,1,-1,-1,1,1,1,1,-1,1,-1,1,1,-1,1,-1,-1,-1,1,1,1,1,-1,-1,-1,1,-1,1,1,1,1,-1,1,1,1,1,1,1,-1,1,1,1,1,-1,1,1,1,1,1,1,1,-1,1,1,1,-1,1,1,-1,1,1,1,1,1,1,1,-1,1,-1,1,1,1,1,-1,1,1,1,1,1,1,1,1,1,-1,-1,1,1,-1,1,1,1,1,1,1,-1,1,1,-1,1,1,1,1,1,1,1,-1,1,1,-1,-1,1,-1,-1,1,1,-1,1,1,-1,1,-1,1,-1,1,-1,-1,-1,1,-1,-1,1,-1,1,-1,1,1,-1,1,1,1,-1,1,-1,-1,-1,1,-1,1,1,-1,1,1,1,-1,1,-1,-1,1,-1,1,1,-1,1,-1,1,1,1,1,1,-1,-1,1,-1,1,-1,1,-1,-1,-1,1,1,1,1,-1,-1,1,-1,1,1,1,-1,-1,-1,1,-1,1,1,-1,-1,1,-1,1,1,1,1,-1,-1,1,1,1,1,-1,-1,1,-1,1,1,-1,1,-1,1,-1,1,1,-1,1,1,-1,1,1,1,-1,1,-1,1,-1,1,1,-1,-1,1,-1,1,1,1,1,-1,1,-1,-1,-1,1,1,-1,1,-1,1,-1,1,-1,-1,1,-1,-1,1,-1,1,-1,-1,1,-1,1,-1,1,1,-1,1,-1,-1,1,1,1,-1,1,-1,1,-1,1,-1,1,-1,1,1,-1,-1,-1,-1,1,-1,1,-1,-1,1,1,1,1,-1,-1,-1,1,-1,1,1,1,-1,-1,-1,1,1,-1,1,-1,-1,-1,1,1,1,1,-1,-1,-1,1,1,1,1,-1,-1,-1,-1,1,1,1,-1,1,-1,-1,1,-1,1,-1,-1,1,-1,1,-1,1,1,-1,-1,-1,-1,-1,1,1,-1,-1,-1,1,-1,1,-1,-1,-1,-1,-1,1,1,-1,-1,-1,-1,-1,1,1,-1,1,-1,1,1,-1,1,1,-1,-1,-1,-1,-1,1,-1,1,-1,-1,1,-1,-1,1,-1,1,-1,-1,1,-1,1,-1,1,-1,1,-1,-1,1,-1,1,-1,1,-1,-1,1,-1,1,-1,-1,-1,-1,-1,1,-1,1,-1,-1,-1,-1,-1,-1,-1,-1,-1,-1,1,1,-1,1,-1,-1,1,1,-1,-1,1,-1,-1,-1,1,-1,1,1,1,-1,1,1,-1,1,-1,1,-1,-1,1,-1,1,-1,1,-1,-1,1,-1,1,-1,-1,-1,-1,1,-1,1,-1,1,-1,-1,1,-1,1,-1,1,-1,-1,1,-1,1,-1,-1,-1,-1,1,1,-1,-1,-1,-1,-1,1,-1,1,-1,-1,-1,-1,-1,-1,-1,1,-1,-1,-1,1,-1,-1,1,-1,-1,-1,-1,-1,1,1,-1,-1,-1,-1,-1,1,-1,-1,-1,1,-1,-1,1,-1,1,-1,-1,-1,-1,1,-1,-1,1,-1,-1,-1,-1,1,-1,-1,-1,1,-1,1,-1,-1,-1,1,-1,-1,-1,-1,1,-1,-1,-1,-1,-1,1,1,1,-1,1,-1,1,-1,1,-1,-1,-1,-1,-1,-1,1,1,-1,-1,1,-1,1,1,-1,-1,-1,1,-1,1,1,-1,-1,1,1,-1,1,1,1,-1,1,-1,1,1,1,-1,-1,1,-1,1,1,1,1,-1,1,-1,-1,1,1,-1,1,1,1,-1,1,1,-1,1,1,1,-1,1,-1,-1,1,1,1,-1,1,1,1,1,-1,1,-1,1,1,1,-1,1,1,-1,1,-1,1,1,1,1,-1,-1,1,-1,1,-1,1,-1,-1,1,1,1,-1,1,-1,-1,1,1,1,1,1,-1,1,-1,1,1,1,1,-1,1,1,1,1,1,-1,1,-1,1,1,1,-1,-1,-1,1,1,1,-1,1,-1,1,1,-1,1,1,-1,1,-1,1,-1,1,1,-1,-1,-1,1,1,1,1,-1,-1,1,1,-1,1,1,-1,1,-1,1,-1,1,1,-1,1,-1,1,-1,1,1,1,1,1,1,1,1,1,-1,-1,1,-1,1,-1,1,-1,1,-1,1,1,1,-1,-1,1,1,1,-1,1,1,-1,1,1,1,1,1,-1,-1,-1,1,-1,-1,-1,-1,-1,1,-1,1,1,1,-1,1,1,1,-1,1,1,1,-1,1,1,1,1,1,1,-1,1,1,1,1,1,1,-1,-1,1,-1,1,1,1,-1,1,1,1,-1,1,-1,-1,1,1,1,1,1,-1,-1,-1,1,-1,1,1,1,-1,1,-1,1,1,-2654.0,1,2000,445,1000,True
2585,-1,-1,1,1,1,1,-1,1,-1,-1,-1,1,-1,1,-1,-1,1,-1,1,1,-1,1,-1,-1,-1,1,-1,-1,-1,-1,-1,-1,1,1,-1,1,1,-1,-1,-1,1,-1,1,-1,-1,-1,-1,-1,1,-1,-1,-1,1,1,1,-1,-1,1,-1,-1,-1,1,1,1,-1,-1,-1,-1,-1,-1,1,-1,-1,-1,1,-1,-1,1,-1,-1,-1,-1,1,-1,-1,-1,-1,1,-1,1,1,-1,-1,-1,1,-1,-1,1,-1,1,-1,1,-1,-1,1,-1,-1,-1,1,-1,-1,1,-1,-1,-1,1,-1,-1,1,-1,-1,-1,1,1,-1,1,-1,-1,1,1,1,-1,-1,-1,-1,1,1,1,-1,1,-1,-1,1,1,1,-1,-1,-1,-1,-1,1,1,-1,1,1,-1,-1,1,1,-1,1,-1,-1,-1,1,1,-1,1,1,-1,1,1,-1,-1,1,-1,-1,-1,1,-1,1,-1,1,-1,1,1,-1,1,1,-1,-1,1,1,-1,1,1,1,-1,1,1,1,-1,1,1,-1,1,1,-1,-1,1,1,-1,1,1,-1,1,1,1,1,1,1,1,1,1,1,1,-1,1,-1,-1,1,1,-1,1,-1,1,-1,1,1,1,1,1,-1,1,1,1,1,1,-1,-1,1,1,1,1,-1,-1,1,1,1,1,1,1,-1,1,1,-1,1,-1,-1,-1,1,1,-1,1,1,-1,-1,1,1,-1,1,-1,1,-1,-1,1,1,1,1,1,-1,1,1,1,1,1,-1,-1,-1,1,-1,1,-1,-1,-1,1,-1,-1,1,1,1,-1,1,1,1,1,-1,-1,-1,1,1,-1,-1,1,-1,-1,1,1,-1,1,-1,-1,-1,1,1,1,1,-1,-1,-1,1,-1,1,1,-1,-1,1,-1,-1,1,1,-1,1,1,1,1,-1,1,-1,1,1,1,-1,1,1,-1,-1,1,1,-1,1,-1,-1,-1,1,1,-1,1,-1,-1,1,-1,1,-1,1,-1,-1,1,-1,1,-1,1,1,-1,1,-1,1,1,-1,1,-1,-1,1,1,-1,1,-1,-1,1,1,-1,-1,1,1,-1,1,-1,1,-1,1,-1,1,1,-1,1,1,1,-1,1,1,-1,1,-1,1,-1,-1,1,-1,1,1,1,1,-1,1,1,1,1,1,-1,-1,1,-1,-1,1,-1,1,-1,-1,1,-1,1,-1,-1,-1,-1,1,-1,1,-1,1,-1,-1,1,-1,1,1,-1,-1,-1,1,-1,-1,1,1,-1,-1,1,-1,1,1,-1,1,-1,1,-1,-1,1,1,-1,-1,-1,-1,1,1,-1,1,-1,1,-1,1,-1,1,-1,-1,-1,-1,1,-1,1,-1,-1,-1,-1,1,-1,-1,-1,-1,-1,-1,1,-1,1,-1,1,-1,-1,1,-1,-1,1,-1,-1,-1,1,1,1,-1,1,-1,-1,-1,-1,1,-1,1,-1,-1,1,-1,1,1,1,-1,-1,-1,1,1,-1,1,-1,-1,-1,1,1,1,-1,1,1,-1,1,1,1,1,1,-1,1,-1,1,1,-1,1,-1,1,-1,-1,1,-1,-1,1,-1,-1,1,-1,-1,-1,1,1,-1,1,1,-1,-1,1,1,-1,-1,1,-1,-1,-1,-1,-1,1,1,-1,-1,-1,-1,-1,1,1,-1,-1,1,1,1,-1,1,-1,-1,1,1,-1,1,1,-1,-1,-1,1,-1,-1,1,1,-1,1,1,1,1,1,-1,1,1,1,-1,1,1,1,-1,1,1,-1,1,1,-1,1,1,1,-1,1,1,-1,-1,1,-1,1,1,1,-1,1,1,1,-1,1,1,-1,1,1,1,1,1,1,1,1,1,1,1,1,1,-1,1,-1,1,-1,1,1,1,1,1,1,1,1,1,-1,1,-1,1,1,1,1,1,-1,1,-1,1,1,1,1,1,1,1,1,1,1,-1,1,1,-1,-1,1,-1,-1,1,1,1,-1,1,1,-1,1,-1,1,1,1,-1,-1,1,-1,1,-1,1,1,-1,1,-1,1,-1,1,-1,1,1,-1,1,-1,1,1,-1,1,-1,1,-1,1,1,-1,1,-1,1,-1,1,1,-1,1,1,1,1,1,-1,1,1,-1,1,1,1,1,-1,1,-1,1,-1,1,1,-1,1,1,-1,1,1,-1,1,1,1,-1,1,1,1,-1,1,-1,-1,1,1,-1,1,1,-1,1,-1,1,-1,1,1,1,-1,1,1,-1,1,1,1,-1,1,1,-1,1,1,1,1,1,1,-1,-1,1,1,-1,1,1,-1,-1,1,-1,1,1,1,-1,1,1,1,-1,1,1,-1,1,1,-1,1,1,1,-1,-1,1,-1,-1,1,-1,-1,-1,1,-1,1,1,-1,-1,-1,1,-1,1,1,1,-1,1,1,-1,1,1,1,-1,1,-1,1,1,1,-1,-1,1,-1,-1,1,1,1,1,-1,1,-1,1,1,1,-1,1,-1,-1,1,1,1,1,-1,1,-1,1,1,1,1,1,-1,-1,1,1,-1,1,1,-1,-1,-1,1,-1,1,-1,-1,-1,1,-1,1,1,1,-1,-1,-1,1,-1,1,1,-1,-1,1,1,-1,1,1,-1,1,1,1,-1,1,1,-1,1,-1,1,1,1,1,-1,1,-1,1,1,1,-1,1,-1,1,1,1,1,-1,1,1,-1,1,1,-1,1,1,-1,-1,1,-1,1,1,-1,1,-1,1,-1,1,-1,-1,1,-1,1,-1,1,-1,1,-1,-1,-1,1,1,-1,1,1,-1,-1,-1,1,1,-1,1,-1,-1,-1,1,1,-1,1,-1,-1,1,1,-1,-1,-1,1,-1,1,1,-1,1,1,-1,1,1,-1,-1,1,1,-1,-1,-1,1,-1,1,1,-1,1,-1,1,-1,-1,-1,1,-1,-1,-1,-1,-1,1,-1,1,1,-1,1,1,-1,1,1,1,1,-1,1,-1,1,1,1,1,-1,1,-1,1,1,1,-1,-1,1,-1,-1,1,1,-1,-1,1,-1,1,1,1,1,-1,1,-1,-1,1,1,1,-1,-1,1,-1,1,1,-1,-1,1,-1,-1,1,-2654.0,1,2000,445,1500,True
2586,1,1,-1,-1,1,1,-1,1,1,1,1,-1,-1,1,1,1,-1,1,-1,-1,-1,1,1,1,1,1,-1,-1,1,1,1,1,-1,-1,-1,1,-1,1,1,1,-1,-1,1,1,1,1,1,1,-1,-1,1,1,-1,1,-1,-1,1,-1,1,1,1,-1,-1,-1,1,1,1,1,1,-1,1,-1,1,1,1,1,-1,1,-1,1,1,1,1,-1,-1,1,1,1,1,-1,1,1,-1,1,1,1,1,-1,-1,1,1,1,1,1,1,-1,-1,1,1,1,1,-1,-1,-1,1,1,1,1,1,-1,-1,1,1,1,1,-1,-1,-1,1,1,1,1,1,-1,-1,1,1,1,1,1,-1,-1,1,1,1,1,1,-1,-1,-1,1,1,1,1,1,-1,-1,1,1,1,1,-1,-1,-1,1,1,-1,1,1,-1,1,1,1,1,1,-1,-1,1,1,1,1,-1,1,-1,1,1,1,1,1,-1,-1,-1,1,1,1,1,1,-1,-1,1,-1,-1,1,1,-1,-1,1,1,1,1,1,-1,1,1,-1,-1,1,1,-1,1,1,1,1,1,1,1,-1,1,-1,1,1,1,-1,-1,1,1,1,1,1,-1,-1,1,-1,-1,1,1,1,-1,1,-1,1,1,1,-1,1,1,1,1,1,1,-1,-1,-1,1,1,-1,1,1,1,-1,1,1,-1,1,1,1,1,1,1,-1,1,1,1,1,-1,1,1,1,1,1,1,1,1,1,1,-1,1,1,-1,1,-1,1,1,1,1,1,1,-1,1,1,1,-1,1,1,1,1,1,1,1,-1,1,-1,1,-1,1,1,1,1,-1,1,1,1,1,1,-1,1,1,1,1,1,1,-1,1,1,1,1,1,1,-1,1,1,1,-1,1,1,1,-1,1,1,1,1,1,-1,1,1,-1,1,1,1,-1,1,1,1,1,1,1,-1,1,1,1,-1,1,1,1,1,1,1,-1,-1,1,-1,1,-1,1,-1,1,1,1,-1,-1,1,1,-1,1,-1,1,1,1,-1,-1,-1,-1,1,-1,1,-1,1,1,-1,1,1,-1,-1,1,1,-1,1,1,-1,-1,1,1,1,1,1,1,1,-1,1,-1,-1,-1,1,-1,1,-1,-1,1,1,1,-1,-1,-1,1,-1,1,1,1,-1,1,-1,1,1,1,1,1,-1,1,-1,-1,1,-1,1,-1,-1,-1,1,1,1,1,-1,-1,1,-1,1,1,1,-1,1,-1,1,-1,1,1,-1,-1,1,-1,1,1,1,-1,-1,-1,1,1,1,1,-1,-1,1,-1,1,1,-1,1,-1,1,1,1,1,-1,-1,-1,-1,1,1,1,-1,1,-1,1,-1,1,1,-1,-1,1,-1,1,1,1,1,-1,1,-1,-1,1,1,1,-1,-1,-1,1,1,1,-1,-1,1,-1,-1,1,-1,1,-1,-1,-1,-1,1,-1,1,-1,-1,1,-1,-1,1,1,1,-1,1,-1,1,-1,-1,1,1,-1,1,1,-1,-1,1,1,1,-1,1,-1,1,-1,1,1,1,-1,-1,-1,-1,-1,1,-1,1,-1,-1,-1,1,1,-1,1,-1,-1,-1,1,1,-1,1,-1,-1,1,1,1,-1,1,-1,-1,-1,-1,1,1,1,-1,1,-1,-1,1,-1,1,-1,-1,1,-1,1,-1,1,1,-1,-1,-1,-1,-1,1,1,-1,-1,-1,-1,-1,1,1,-1,-1,-1,1,1,1,-1,-1,-1,-1,1,1,1,-1,1,-1,1,-1,1,1,1,-1,-1,-1,-1,-1,1,-1,1,-1,-1,1,-1,1,1,-1,1,-1,-1,1,1,1,-1,1,-1,-1,-1,1,1,-1,1,-1,-1,-1,1,1,-1,1,-1,-1,-1,1,1,1,-1,1,-1,-1,1,1,-1,-1,-1,-1,-1,1,1,-1,-1,1,-1,-1,-1,-1,1,-1,1,-1,-1,1,-1,-1,1,-1,1,-1,1,1,-1,1,-1,1,-1,1,-1,-1,1,-1,1,-1,1,1,-1,1,-1,-1,-1,-1,1,-1,1,-1,1,-1,-1,1,-1,1,-1,1,-1,-1,-1,-1,-1,-1,-1,-1,-1,1,-1,1,-1,-1,-1,-1,-1,-1,1,-1,-1,-1,-1,1,1,-1,1,-1,-1,-1,1,-1,-1,1,-1,-1,-1,-1,-1,1,1,-1,-1,-1,-1,-1,1,-1,-1,-1,1,-1,-1,1,-1,1,-1,-1,-1,-1,-1,-1,-1,1,-1,-1,-1,1,1,-1,-1,-1,-1,1,-1,-1,-1,-1,-1,-1,-1,1,1,1,-1,-1,1,-1,1,-1,1,1,-1,1,-1,-1,1,1,-1,-1,-1,-1,-1,-1,1,1,-1,-1,1,-1,1,1,-1,-1,-1,1,-1,1,1,-1,-1,1,1,-1,1,1,1,-1,1,-1,1,1,1,-1,-1,1,-1,-1,1,1,-1,-1,-1,-1,-1,1,1,-1,1,1,-1,-1,1,1,-1,-1,1,-1,-1,1,1,-1,-1,1,-1,-1,1,1,1,-1,-1,-1,-1,1,1,-1,-1,1,-1,-1,1,-1,1,-1,1,-1,-1,-1,1,1,-1,-1,-1,-1,1,1,1,-1,1,-1,1,1,1,1,-1,-1,-1,1,-1,1,-1,-1,-1,-1,1,-1,1,-1,-1,-1,-1,1,1,1,-1,-1,-1,1,-1,1,1,-1,1,-1,1,1,1,1,1,-1,1,-1,1,1,1,1,-1,1,-1,1,-1,1,1,-1,-1,1,-1,1,1,1,-1,1,-1,1,1,-1,1,-1,1,-1,1,1,-1,1,-1,1,-1,1,-1,1,1,-1,-1,-1,-1,-1,1,1,1,-1,1,1,1,1,1,-1,-1,1,1,1,1,1,-1,-1,1,-1,1,1,1,-1,-1,-1,-1,-1,-1,-1,-1,-1,-1,-1,1,1,1,-1,1,1,-1,-1,1,1,-1,-1,1,-1,1,1,1,-1,-1,1,-1,1,1,1,-1,-1,1,-1,1,1,1,-1,-1,1,-1,1,-1,1,1,-1,1,-1,-1,1,1,1,-1,-1,-1,1,1,-1,1,-1,1,-1,-1,1,-2654.0,1,2000,445,1000,True
2587,1,1,-1,-1,1,-1,-1,1,1,1,1,-1,1,1,1,1,-1,1,-1,-1,-1,1,1,1,1,-1,-1,-1,1,1,1,1,1,-1,-1,1,-1,1,1,1,-1,-1,1,1,1,1,1,-1,1,1,1,1,-1,1,-1,-1,1,-1,1,1,1,-1,-1,1,1,1,1,1,-1,-1,1,-1,1,1,1,-1,-1,1,-1,1,1,-1,-1,-1,-1,1,1,1,-1,-1,1,1,-1,1,1,-1,-1,-1,-1,-1,1,1,-1,-1,1,-1,-1,1,1,-1,-1,-1,-1,-1,1,1,-1,-1,1,-1,-1,1,1,1,-1,-1,-1,-1,1,1,1,-1,1,-1,-1,1,1,1,-1,1,-1,-1,-1,1,1,-1,1,-1,-1,-1,1,1,-1,-1,1,-1,-1,1,1,-1,1,1,-1,-1,1,1,-1,1,1,-1,1,1,-1,-1,1,-1,-1,1,1,-1,1,-1,1,-1,1,1,-1,1,1,-1,-1,-1,1,1,1,1,1,-1,-1,1,-1,1,1,1,-1,-1,1,1,-1,1,1,-1,1,1,-1,1,1,1,-1,1,1,1,1,1,1,1,-1,1,-1,-1,1,1,1,-1,1,1,-1,1,1,-1,-1,1,-1,1,1,1,1,-1,1,1,-1,1,1,-1,1,1,-1,1,-1,1,-1,-1,1,-1,1,1,1,1,1,1,-1,1,-1,1,1,1,1,-1,1,-1,1,1,1,1,-1,-1,1,1,1,1,1,1,-1,1,1,-1,-1,1,1,-1,-1,1,1,1,1,-1,1,-1,1,1,1,-1,1,-1,-1,1,1,1,1,-1,1,-1,1,-1,1,1,1,1,-1,1,1,1,1,1,-1,-1,1,1,1,1,1,1,1,1,1,1,1,1,-1,1,1,1,1,-1,1,-1,1,1,1,1,1,1,1,-1,-1,1,1,1,1,1,-1,1,1,1,1,1,1,-1,1,1,1,1,1,-1,-1,1,1,-1,-1,1,1,-1,-1,1,-1,1,1,1,1,-1,1,1,-1,1,-1,-1,1,1,1,-1,-1,1,1,1,1,1,-1,1,-1,1,1,1,-1,1,1,-1,-1,1,1,-1,1,1,1,-1,1,1,-1,-1,1,-1,-1,-1,1,-1,1,-1,-1,1,1,1,1,-1,-1,1,1,1,1,1,-1,1,-1,1,1,1,1,1,-1,-1,1,-1,1,-1,1,-1,-1,-1,-1,-1,1,1,-1,-1,1,-1,1,1,-1,-1,1,-1,-1,1,-1,1,-1,-1,1,-1,1,1,1,-1,-1,-1,1,1,1,1,-1,-1,1,1,-1,1,-1,1,-1,1,1,-1,1,-1,1,-1,-1,1,-1,1,-1,1,-1,1,1,1,1,-1,-1,1,-1,1,-1,1,1,-1,1,-1,1,-1,1,1,-1,1,-1,1,-1,1,-1,-1,1,-1,1,-1,1,1,-1,-1,1,1,-1,1,1,1,-1,1,1,1,1,1,1,-1,1,1,-1,-1,-1,-1,1,-1,1,1,-1,-1,1,1,-1,-1,1,-1,1,-1,1,-1,1,-1,-1,-1,-1,-1,-1,1,1,-1,-1,-1,1,-1,-1,1,-1,-1,-1,1,-1,-1,1,-1,-1,1,1,-1,-1,1,-1,-1,-1,-1,-1,1,1,-1,1,-1,-1,-1,-1,1,-1,-1,1,1,-1,-1,1,1,-1,-1,-1,1,-1,1,1,-1,-1,-1,1,-1,1,1,-1,-1,1,-1,1,1,-1,-1,-1,-1,1,1,1,-1,1,-1,-1,1,1,1,1,-1,-1,-1,1,-1,1,1,-1,-1,-1,1,-1,1,1,-1,-1,-1,1,1,1,1,-1,1,-1,1,-1,1,1,-1,-1,-1,-1,-1,1,1,-1,-1,-1,1,-1,1,1,1,-1,1,1,-1,1,1,-1,-1,-1,1,-1,1,1,-1,-1,1,-1,-1,1,-1,1,-1,-1,-1,-1,1,-1,-1,-1,1,1,-1,1,1,-1,-1,1,1,-1,1,-1,-1,1,-1,-1,-1,1,1,-1,1,-1,-1,-1,-1,1,-1,-1,1,-1,-1,-1,1,-1,1,-1,1,-1,-1,-1,-1,-1,1,-1,-1,-1,1,-1,1,-1,-1,-1,-1,-1,-1,-1,1,-1,-1,-1,1,1,-1,1,-1,-1,-1,1,-1,-1,1,-1,-1,-1,-1,-1,1,1,-1,-1,-1,-1,-1,1,-1,-1,-1,1,-1,-1,1,-1,1,-1,-1,-1,-1,-1,-1,-1,1,-1,-1,-1,1,1,1,-1,-1,-1,1,-1,-1,-1,-1,-1,-1,-1,1,1,1,-1,-1,-1,-1,1,-1,1,1,-1,1,-1,-1,1,1,-1,-1,-1,-1,-1,-1,1,1,-1,-1,1,-1,1,1,-1,-1,-1,1,-1,-1,1,-1,-1,1,-1,-1,1,1,1,-1,1,-1,1,1,1,-1,-1,1,-1,-1,1,1,1,-1,1,-1,-1,1,1,-1,1,1,-1,-1,1,1,-1,1,1,-1,-1,1,-1,1,1,1,-1,-1,1,1,1,1,1,1,-1,1,1,1,-1,1,-1,-1,1,-1,1,1,1,1,-1,-1,1,-1,1,1,1,-1,1,1,1,1,-1,1,-1,1,1,1,1,1,1,-1,1,-1,1,1,1,-1,1,1,1,1,1,1,-1,1,-1,1,1,1,-1,-1,-1,1,1,1,-1,1,-1,1,1,-1,1,1,-1,1,-1,1,1,1,1,-1,-1,1,-1,1,1,1,-1,-1,1,1,-1,1,1,-1,1,-1,1,-1,1,1,-1,1,-1,1,-1,1,1,1,1,1,-1,1,1,1,-1,-1,1,-1,1,-1,1,-1,1,-1,1,1,1,-1,-1,1,-1,1,-1,1,1,-1,1,-1,1,1,1,-1,-1,-1,1,-1,-1,-1,-1,-1,1,-1,1,1,1,-1,1,1,1,-1,1,1,1,-1,1,1,1,1,1,-1,-1,1,1,1,1,1,-1,1,-1,1,-1,1,1,-1,-1,1,1,1,-1,1,1,-1,1,1,1,1,1,1,-1,1,1,1,1,-1,1,-1,1,-1,1,1,-2654.0,1,2000,445,1000,True
2588,1,1,-1,-1,1,1,-1,1,1,1,1,-1,-1,1,1,1,-1,1,-1,-1,-1,1,1,1,1,1,-1,-1,1,1,1,1,-1,-1,-1,1,-1,1,1,1,-1,-1,1,1,1,1,1,1,-1,-1,1,1,-1,1,-1,-1,-1,-1,1,1,1,-1,-1,1,1,1,1,1,1,-1,1,-1,1,1,1,1,-1,1,-1,1,1,-1,1,-1,-1,1,1,1,1,-1,-1,-1,-1,1,1,1,1,1,-1,-1,1,1,1,1,1,-1,-1,1,1,1,1,-1,-1,-1,1,1,1,1,1,-1,-1,1,1,1,1,-1,-1,-1,1,1,1,1,1,-1,-1,-1,1,1,1,1,-1,-1,-1,1,1,1,1,-1,-1,-1,1,1,1,1,1,-1,-1,-1,1,1,1,-1,-1,-1,1,-1,1,1,1,-1,-1,-1,1,1,1,-1,-1,1,1,1,1,-1,1,-1,-1,-1,1,1,1,-1,-1,-1,-1,1,1,1,1,-1,-1,-1,1,-1,1,1,-1,-1,1,1,1,1,1,-1,1,1,-1,-1,1,1,-1,1,-1,1,1,1,1,1,-1,-1,-1,1,1,1,-1,-1,1,-1,1,1,1,-1,-1,-1,1,-1,1,1,1,-1,1,-1,1,1,1,-1,-1,-1,1,1,1,1,-1,1,-1,1,1,-1,1,1,1,-1,1,1,-1,1,1,1,1,1,1,-1,1,1,1,-1,-1,1,1,1,1,1,1,1,1,1,1,-1,1,1,-1,1,-1,1,1,1,1,1,1,-1,1,1,1,1,1,1,1,1,1,1,1,-1,1,-1,1,-1,1,1,1,1,-1,1,1,1,1,1,-1,1,1,1,1,1,1,-1,1,1,1,1,1,-1,-1,1,1,1,-1,1,-1,1,-1,1,1,1,1,1,-1,1,1,-1,1,1,1,-1,1,1,1,1,1,1,-1,1,1,1,-1,1,1,1,1,1,1,-1,-1,1,-1,1,-1,1,-1,1,1,-1,-1,-1,1,1,-1,1,-1,1,1,1,-1,-1,-1,-1,1,-1,1,-1,1,1,-1,1,1,-1,-1,1,1,-1,1,1,-1,-1,1,-1,1,1,1,1,1,-1,1,-1,-1,-1,1,-1,1,-1,-1,1,1,1,-1,-1,-1,1,-1,1,1,1,-1,-1,-1,1,1,1,1,1,-1,1,-1,-1,1,-1,1,-1,-1,-1,-1,1,1,1,-1,-1,1,-1,1,1,1,-1,1,-1,1,-1,1,1,-1,-1,1,-1,1,1,1,-1,-1,-1,1,1,1,1,-1,-1,1,1,1,1,-1,1,-1,1,1,1,1,-1,-1,-1,-1,1,1,1,-1,1,-1,1,-1,1,1,-1,-1,1,-1,1,1,1,1,-1,1,-1,-1,1,1,1,-1,-1,-1,-1,1,1,-1,-1,1,-1,-1,1,-1,1,-1,-1,-1,-1,1,-1,1,-1,-1,1,-1,-1,1,1,1,-1,1,-1,1,-1,-1,-1,1,-1,1,1,-1,-1,1,1,1,-1,1,-1,1,-1,1,1,1,-1,-1,-1,-1,-1,1,1,1,-1,-1,-1,1,1,-1,1,-1,-1,-1,1,1,1,1,-1,-1,1,1,1,1,1,-1,-1,-1,-1,1,1,1,-1,1,-1,-1,1,-1,1,-1,-1,1,-1,1,-1,1,1,-1,-1,-1,-1,-1,1,1,-1,1,-1,-1,-1,1,1,-1,-1,-1,1,1,1,-1,-1,-1,-1,1,1,1,-1,1,-1,1,-1,1,1,1,-1,-1,-1,-1,-1,1,-1,1,-1,-1,1,-1,1,1,-1,1,-1,-1,1,1,1,-1,1,-1,-1,-1,1,1,-1,1,-1,-1,-1,1,1,-1,1,-1,-1,-1,1,1,-1,-1,1,-1,-1,1,1,-1,-1,-1,-1,-1,1,1,-1,-1,1,-1,-1,1,-1,1,-1,1,-1,-1,1,-1,-1,1,1,1,-1,1,1,-1,1,-1,1,-1,1,-1,-1,1,-1,1,-1,1,1,-1,1,-1,-1,-1,1,1,-1,1,-1,1,-1,-1,1,-1,1,-1,1,-1,-1,1,-1,-1,-1,-1,-1,1,-1,-1,1,-1,-1,-1,-1,-1,-1,1,-1,-1,-1,-1,1,-1,-1,1,-1,-1,-1,1,-1,-1,1,-1,-1,-1,1,-1,1,1,-1,-1,-1,1,-1,1,-1,-1,-1,1,1,-1,1,-1,1,-1,1,1,-1,-1,-1,-1,1,1,1,-1,1,1,-1,-1,-1,-1,1,-1,-1,-1,-1,1,1,-1,1,1,1,-1,1,1,-1,1,-1,1,1,-1,1,-1,-1,1,1,-1,-1,1,1,-1,-1,1,1,-1,1,1,-1,1,1,-1,-1,-1,1,-1,1,1,-1,-1,1,1,-1,1,1,1,-1,1,-1,1,1,1,-1,1,1,-1,-1,1,1,-1,-1,-1,1,-1,1,1,-1,1,-1,-1,-1,1,1,-1,-1,-1,1,-1,1,1,-1,-1,-1,-1,-1,1,1,1,-1,-1,-1,-1,1,1,-1,-1,1,-1,-1,1,-1,1,-1,-1,-1,1,1,1,1,-1,1,-1,-1,1,1,1,-1,1,-1,1,1,1,1,-1,-1,-1,1,-1,1,-1,-1,-1,-1,1,-1,1,-1,-1,-1,1,1,1,1,1,-1,-1,1,-1,1,1,-1,1,-1,1,1,1,-1,1,-1,1,-1,1,1,1,1,-1,1,-1,1,-1,1,1,-1,-1,1,-1,1,1,1,-1,1,-1,1,1,-1,1,-1,1,-1,1,1,-1,1,-1,1,-1,1,-1,1,1,-1,-1,-1,-1,-1,1,1,1,-1,1,1,1,1,1,-1,-1,1,1,1,1,1,-1,-1,1,-1,1,1,1,-1,-1,-1,-1,-1,-1,-1,-1,-1,1,-1,1,1,1,-1,1,1,-1,-1,1,1,1,-1,1,-1,1,1,1,-1,-1,1,-1,1,1,1,-1,-1,1,-1,1,1,1,-1,-1,1,-1,1,-1,1,1,-1,1,-1,-1,1,1,-1,-1,-1,-1,1,1,1,1,-1,1,-1,-1,1,-2654.0,1,2000,445,1000,True
2589,-1,-1,-1,-1,1,1,-1,1,-1,1,1,-1,-1,1,-1,-1,1,1,1,-1,-1,1,-1,1,1,1,-1,-1,-1,-1,1,1,-1,-1,-1,1,1,-1,1,1,-1,-1,1,-1,-1,1,1,-1,1,-1,-1,1,-1,1,-1,-1,-1,1,-1,1,1,-1,-1,1,-1,-1,1,1,-1,-1,1,-1,1,1,1,-1,-1,1,-1,-1,1,-1,-1,-1,-1,-1,1,1,-1,-1,-1,-1,-1,1,1,-1,-1,1,-1,1,1,1,-1,-1,1,-1,-1,1,1,-1,-1,1,-1,-1,1,1,-1,-1,1,-1,-1,1,1,1,-1,1,-1,-1,1,1,1,-1,1,-1,-1,1,1,1,-1,-1,-1,-1,1,1,1,-1,1,-1,-1,-1,1,1,-1,-1,1,-1,1,1,1,-1,1,-1,-1,-1,1,1,-1,1,1,-1,1,1,-1,-1,1,-1,-1,1,1,-1,1,-1,1,-1,1,1,-1,1,1,-1,-1,-1,1,1,1,1,1,-1,1,1,-1,1,1,1,-1,1,1,1,-1,1,1,-1,1,1,-1,1,1,1,-1,1,1,1,1,1,1,1,-1,1,-1,-1,1,1,-1,-1,1,1,-1,1,1,-1,-1,1,-1,1,1,1,1,-1,1,1,-1,1,1,-1,1,1,-1,1,1,1,-1,-1,1,-1,1,-1,1,1,1,1,-1,1,-1,1,1,1,1,-1,1,-1,1,1,1,1,-1,-1,1,1,1,1,1,1,-1,1,1,-1,-1,1,1,-1,-1,1,1,1,1,-1,1,-1,1,1,1,-1,1,-1,-1,1,1,1,1,-1,1,-1,1,-1,1,1,1,1,-1,1,1,1,1,1,-1,-1,1,1,1,1,1,1,1,1,1,1,1,1,-1,1,1,1,-1,1,1,-1,1,1,1,1,1,1,1,-1,1,-1,1,1,1,1,-1,1,1,1,1,1,1,1,1,1,-1,1,1,-1,-1,1,1,1,-1,1,1,-1,1,1,-1,1,1,1,1,1,1,1,-1,1,1,-1,1,1,-1,-1,-1,-1,-1,1,1,-1,1,1,-1,-1,1,-1,-1,1,1,1,-1,1,-1,1,1,1,-1,-1,1,1,1,-1,1,-1,-1,-1,1,-1,1,-1,1,-1,1,1,-1,-1,-1,-1,1,-1,1,1,-1,1,-1,-1,1,1,1,1,-1,-1,1,-1,1,-1,1,-1,-1,-1,1,1,1,1,-1,-1,1,-1,1,1,1,-1,-1,-1,1,-1,1,1,-1,-1,1,-1,1,1,1,-1,-1,-1,1,1,1,1,-1,-1,1,1,1,1,-1,1,-1,1,1,1,1,-1,1,-1,-1,1,1,1,-1,1,-1,1,-1,1,1,-1,-1,1,-1,1,1,1,1,-1,1,-1,-1,1,1,1,-1,1,-1,-1,1,1,-1,-1,1,-1,-1,1,-1,1,-1,-1,1,-1,1,-1,1,1,-1,1,-1,-1,1,1,1,-1,1,-1,1,-1,1,-1,1,-1,1,1,-1,-1,-1,-1,1,-1,1,-1,1,-1,1,1,1,-1,-1,-1,1,-1,1,1,1,-1,-1,-1,1,1,-1,1,-1,-1,-1,1,1,1,1,-1,-1,-1,1,1,1,1,-1,-1,-1,-1,1,-1,1,-1,1,-1,-1,1,1,1,-1,-1,1,-1,1,-1,1,1,-1,-1,-1,-1,1,1,1,-1,-1,-1,-1,1,1,1,-1,-1,-1,1,1,1,-1,-1,-1,-1,1,1,1,-1,1,-1,1,-1,1,1,1,-1,-1,-1,-1,1,1,-1,1,-1,-1,1,1,1,1,-1,1,-1,-1,1,1,1,-1,1,-1,-1,1,1,1,-1,-1,-1,-1,1,-1,1,-1,1,-1,-1,1,1,1,1,-1,1,-1,1,1,1,-1,-1,-1,-1,1,1,-1,1,-1,1,-1,1,-1,-1,1,-1,1,-1,1,1,-1,-1,1,-1,1,1,-1,1,-1,1,-1,1,-1,1,-1,-1,1,-1,1,-1,-1,1,-1,1,-1,-1,1,-1,1,-1,1,-1,1,1,-1,1,-1,1,-1,1,1,-1,-1,1,1,-1,-1,-1,-1,1,-1,-1,-1,-1,-1,-1,-1,-1,1,-1,-1,-1,-1,1,1,-1,1,-1,-1,-1,1,-1,-1,1,-1,-1,-1,-1,-1,1,1,-1,-1,-1,-1,-1,1,-1,-1,-1,1,-1,-1,1,-1,1,-1,-1,-1,-1,-1,-1,-1,1,-1,-1,-1,1,1,-1,-1,-1,-1,1,-1,-1,-1,-1,-1,-1,-1,1,-1,1,-1,-1,-1,-1,1,-1,1,1,-1,1,-1,-1,1,1,-1,-1,-1,-1,-1,-1,1,1,-1,-1,1,-1,1,1,-1,-1,-1,1,-1,1,1,-1,-1,1,-1,-1,1,1,1,-1,1,-1,1,1,1,-1,-1,1,-1,-1,1,1,1,-1,1,-1,-1,1,1,-1,1,1,-1,-1,1,1,-1,1,1,-1,-1,1,-1,-1,1,1,-1,-1,1,1,1,1,1,1,-1,1,1,-1,1,1,-1,-1,1,-1,1,1,1,1,-1,-1,1,-1,1,1,1,-1,1,1,1,1,-1,1,-1,1,1,1,1,1,1,-1,1,-1,1,1,1,-1,1,1,1,1,1,1,-1,1,-1,1,1,1,-1,-1,1,1,1,1,-1,1,-1,-1,1,-1,1,1,-1,1,-1,1,1,1,1,-1,-1,-1,1,1,1,1,-1,-1,1,1,-1,1,1,-1,1,-1,1,-1,1,1,-1,1,-1,1,-1,1,1,1,1,1,1,1,1,1,-1,-1,1,1,1,1,1,-1,1,-1,-1,1,1,-1,-1,1,-1,1,-1,1,1,-1,1,1,1,1,1,-1,-1,-1,1,-1,-1,-1,-1,-1,1,1,1,1,1,-1,1,1,1,-1,1,1,1,-1,1,1,1,1,1,1,-1,1,1,1,1,1,1,-1,-1,1,-1,1,1,1,-1,1,1,1,-1,1,-1,-1,1,1,1,1,1,-1,-1,-1,1,1,1,-1,1,-1,1,-1,1,1,-2654.0,1,2000,445,1000,True
2590,1,1,-1,-1,1,1,-1,1,1,1,1,-1,-1,1,1,1,-1,1,-1,-1,-1,1,1,1,1,1,-1,-1,1,1,1,1,-1,-1,-1,1,-1,1,1,1,-1,-1,1,1,1,1,1,1,-1,-1,1,1,1,1,-1,-1,-1,-1,1,1,1,-1,-1,1,1,1,1,1,1,-1,1,-1,1,1,1,1,-1,1,-1,1,1,-1,1,-1,-1,1,1,1,1,-1,-1,-1,-1,1,1,1,1,1,-1,1,1,1,1,1,1,-1,-1,1,1,1,1,-1,-1,-1,1,1,1,1,1,-1,-1,1,1,1,1,-1,-1,-1,1,1,1,1,1,-1,-1,1,1,1,1,1,-1,-1,1,1,1,1,1,-1,-1,-1,1,1,1,1,1,-1,-1,1,1,1,1,-1,-1,-1,1,1,-1,1,1,-1,1,1,1,1,1,-1,-1,1,1,1,1,-1,1,-1,1,1,1,1,1,-1,-1,-1,1,1,1,1,1,-1,-1,1,-1,-1,1,1,-1,-1,1,1,1,1,1,-1,1,1,-1,-1,1,1,-1,1,1,1,1,1,1,1,-1,1,-1,-1,1,1,-1,-1,1,1,1,1,1,-1,-1,1,-1,-1,1,1,1,-1,1,-1,1,1,1,-1,1,1,-1,1,1,1,-1,-1,-1,1,1,-1,1,1,1,-1,1,1,-1,1,1,1,1,1,1,-1,1,1,1,1,-1,1,1,1,1,1,1,1,1,1,1,-1,-1,1,1,1,-1,1,1,1,1,-1,1,-1,1,1,1,-1,1,1,1,-1,1,1,1,-1,1,-1,1,-1,1,1,1,1,-1,1,1,1,1,1,-1,-1,1,1,1,1,1,-1,1,1,1,1,1,1,-1,1,1,1,-1,1,1,1,-1,1,1,1,1,1,-1,1,1,-1,1,1,1,-1,1,1,1,1,1,1,-1,1,1,1,-1,1,1,1,1,1,1,1,-1,1,-1,1,1,1,-1,1,1,1,-1,1,1,1,-1,1,-1,1,1,1,-1,-1,-1,-1,1,1,1,-1,1,1,-1,1,1,-1,-1,1,1,-1,1,1,-1,1,1,-1,1,1,1,1,1,-1,1,1,1,-1,1,-1,1,-1,-1,1,1,1,-1,-1,-1,1,-1,-1,1,-1,1,-1,-1,1,1,1,1,-1,-1,1,-1,-1,1,-1,1,-1,1,-1,-1,1,1,1,-1,-1,1,-1,1,1,-1,-1,1,1,1,-1,1,-1,-1,1,-1,-1,1,1,-1,-1,-1,-1,1,1,-1,1,-1,1,-1,-1,1,-1,-1,1,1,-1,1,1,-1,-1,-1,-1,-1,1,1,1,-1,1,-1,-1,-1,1,-1,-1,-1,1,-1,1,1,1,-1,-1,-1,1,-1,1,-1,-1,-1,-1,1,-1,1,-1,-1,-1,1,-1,-1,1,-1,-1,-1,-1,-1,-1,1,-1,-1,-1,-1,-1,-1,-1,1,1,1,-1,1,-1,1,1,1,1,1,-1,1,1,-1,1,-1,1,1,-1,1,-1,1,-1,1,1,1,-1,-1,-1,-1,-1,1,1,1,-1,-1,-1,1,1,-1,1,-1,-1,-1,1,1,1,1,-1,-1,-1,1,1,1,1,-1,-1,-1,-1,1,1,1,-1,1,-1,-1,1,-1,1,-1,-1,1,-1,1,-1,1,1,-1,-1,-1,-1,-1,1,1,-1,-1,-1,-1,-1,1,1,-1,-1,-1,1,1,1,-1,-1,-1,-1,1,1,1,-1,1,-1,1,-1,1,1,1,-1,-1,-1,-1,-1,1,-1,1,-1,-1,1,-1,1,1,-1,1,-1,-1,1,1,1,-1,1,-1,-1,-1,1,1,-1,1,-1,-1,-1,1,1,-1,1,-1,-1,-1,1,1,1,-1,1,-1,-1,1,1,-1,-1,-1,-1,-1,1,1,-1,-1,1,1,-1,-1,-1,1,-1,1,1,-1,1,-1,-1,1,1,-1,-1,1,1,-1,1,-1,1,-1,1,-1,-1,1,-1,1,-1,1,1,-1,1,-1,1,-1,-1,1,-1,1,-1,1,-1,-1,1,-1,1,1,1,-1,-1,-1,1,1,1,1,-1,-1,1,-1,-1,1,1,-1,-1,-1,-1,1,-1,1,-1,-1,1,1,-1,1,1,-1,-1,1,-1,-1,1,1,-1,-1,-1,-1,1,-1,1,-1,-1,-1,-1,-1,1,-1,-1,1,-1,-1,1,-1,1,-1,-1,-1,-1,-1,1,1,1,-1,-1,-1,1,1,1,-1,-1,-1,1,-1,-1,1,1,-1,-1,-1,1,1,1,-1,-1,-1,-1,1,-1,1,-1,-1,1,-1,-1,1,1,-1,-1,-1,-1,-1,-1,1,1,-1,-1,1,-1,1,1,-1,-1,-1,1,-1,1,1,-1,-1,1,1,-1,1,1,1,-1,1,-1,1,1,1,-1,-1,1,-1,-1,1,1,-1,-1,-1,-1,-1,1,1,-1,1,1,-1,-1,1,1,-1,-1,1,-1,-1,1,1,-1,-1,1,-1,-1,1,1,1,-1,-1,-1,-1,1,1,-1,-1,1,-1,-1,1,-1,1,-1,1,-1,-1,1,1,1,-1,-1,1,-1,1,1,1,-1,1,-1,1,1,1,1,-1,-1,-1,1,-1,1,-1,-1,-1,-1,1,-1,1,-1,-1,-1,-1,1,-1,1,-1,-1,-1,1,-1,-1,1,-1,1,-1,1,1,1,-1,1,-1,1,-1,1,-1,1,1,-1,1,-1,1,-1,1,1,-1,-1,1,-1,-1,-1,1,-1,1,-1,1,-1,1,1,-1,1,-1,1,-1,1,1,-1,1,-1,1,-1,1,1,-1,-1,-1,-1,-1,1,1,1,-1,1,1,1,-1,1,-1,-1,1,1,-1,1,1,-1,-1,1,-1,1,1,1,-1,-1,-1,-1,1,1,-1,-1,-1,1,-1,1,-1,1,-1,1,1,-1,1,1,1,-1,-1,1,-1,1,1,1,-1,-1,1,-1,1,-1,1,-1,-1,1,-1,1,1,1,-1,-1,1,-1,1,1,1,1,-1,1,-1,-1,1,1,-1,-1,-1,1,-1,1,-1,1,-1,1,-1,-1,1,-2654.0,1,2000,445,1000,True
2591,1,1,-1,-1,1,1,-1,1,1,1,1,-1,-1,1,1,1,-1,1,-1,-1,-1,1,1,1,1,-1,-1,-1,1,1,1,1,1,-1,-1,1,-1,1,1,-1,-1,-1,1,1,1,1,-1,-1,1,1,1,1,-1,1,-1,-1,1,-1,1,1,-1,-1,-1,1,1,1,1,-1,-1,-1,1,-1,1,1,1,-1,-1,1,-1,1,1,-1,-1,-1,-1,1,1,1,-1,-1,-1,1,-1,1,1,-1,-1,1,-1,1,1,1,-1,-1,-1,-1,-1,1,1,-1,-1,1,-1,-1,1,1,-1,-1,1,-1,-1,1,1,1,-1,-1,-1,-1,-1,1,1,-1,-1,-1,-1,1,1,1,-1,-1,-1,-1,-1,1,1,-1,1,-1,-1,1,1,1,-1,-1,1,-1,-1,1,1,-1,-1,1,-1,1,1,1,-1,-1,1,-1,1,1,-1,-1,-1,-1,-1,1,1,-1,-1,1,1,-1,1,1,-1,-1,-1,-1,-1,-1,1,-1,1,-1,1,-1,1,1,1,-1,-1,1,-1,-1,1,-1,-1,-1,1,-1,1,1,-1,1,-1,1,-1,1,1,1,-1,-1,1,1,-1,1,-1,-1,1,1,-1,-1,1,1,-1,-1,1,-1,-1,1,-1,1,-1,1,1,-1,1,-1,1,-1,1,-1,1,1,1,1,-1,1,-1,-1,-1,1,-1,1,1,1,1,-1,1,-1,1,1,1,1,1,1,-1,1,1,1,1,1,-1,1,-1,1,1,1,1,1,1,-1,1,-1,-1,1,-1,1,1,1,1,1,1,1,-1,1,1,1,1,-1,1,1,1,1,1,1,1,-1,1,1,1,-1,1,1,1,-1,1,1,1,1,1,1,-1,1,1,1,1,1,1,-1,1,1,1,1,1,-1,1,-1,1,1,-1,1,1,1,1,1,1,1,1,1,-1,-1,1,-1,1,1,1,-1,-1,1,1,1,1,1,-1,-1,1,1,-1,1,1,-1,-1,1,1,1,-1,1,-1,1,-1,1,-1,1,1,-1,-1,-1,1,1,-1,1,-1,1,1,1,-1,-1,-1,-1,1,-1,1,-1,1,1,-1,1,1,-1,-1,1,1,-1,1,1,-1,1,1,-1,1,-1,1,1,-1,-1,1,1,1,-1,1,-1,1,-1,-1,1,1,1,-1,-1,-1,1,1,1,1,-1,1,-1,-1,1,1,1,1,1,-1,-1,1,-1,1,-1,1,-1,-1,-1,1,1,1,1,-1,-1,1,-1,1,1,-1,-1,1,-1,1,-1,1,1,-1,-1,1,-1,1,1,1,-1,-1,-1,1,1,1,1,-1,-1,1,-1,1,1,-1,1,-1,1,-1,1,1,-1,-1,-1,-1,1,1,1,-1,1,-1,-1,-1,1,1,-1,-1,1,-1,1,1,1,1,-1,-1,-1,-1,-1,1,1,-1,-1,1,1,-1,1,-1,-1,-1,-1,-1,1,-1,1,-1,-1,-1,-1,1,-1,1,-1,-1,-1,-1,-1,1,1,1,-1,-1,-1,1,-1,-1,-1,1,1,1,1,-1,-1,1,-1,1,-1,1,-1,1,-1,1,1,1,-1,-1,-1,1,-1,1,1,1,-1,-1,-1,1,1,-1,1,-1,-1,-1,1,1,-1,1,-1,-1,1,1,1,-1,1,-1,-1,-1,-1,1,1,1,-1,1,-1,-1,1,-1,1,-1,1,1,-1,1,-1,1,1,-1,-1,-1,-1,-1,1,1,-1,1,-1,1,-1,1,1,-1,-1,1,-1,1,1,-1,-1,-1,-1,-1,1,1,-1,1,-1,1,1,1,1,1,-1,-1,-1,-1,-1,1,-1,1,-1,-1,1,-1,1,1,-1,1,-1,-1,1,1,1,-1,1,-1,1,-1,1,1,-1,-1,-1,1,-1,1,1,-1,1,-1,-1,-1,1,1,1,-1,1,-1,-1,1,1,-1,-1,-1,-1,-1,-1,1,1,-1,1,-1,-1,1,-1,1,-1,1,-1,-1,1,-1,-1,1,-1,1,-1,1,1,-1,1,-1,1,-1,-1,-1,-1,1,-1,1,-1,-1,1,-1,1,-1,-1,-1,-1,1,-1,1,-1,1,-1,-1,1,-1,1,-1,1,-1,-1,-1,1,1,1,-1,-1,-1,1,-1,-1,-1,-1,-1,-1,-1,-1,1,-1,-1,-1,-1,1,1,-1,1,-1,-1,-1,1,-1,-1,1,-1,-1,-1,-1,-1,1,1,-1,-1,-1,-1,-1,1,-1,-1,-1,1,-1,-1,1,-1,1,-1,-1,-1,-1,-1,-1,-1,1,-1,-1,-1,1,1,-1,-1,-1,-1,1,-1,-1,-1,-1,-1,-1,-1,1,1,1,-1,-1,1,-1,1,-1,1,1,-1,1,-1,-1,1,1,1,-1,-1,-1,-1,-1,1,1,-1,-1,1,-1,1,1,-1,-1,-1,1,-1,1,1,1,-1,1,1,-1,1,1,1,-1,1,-1,1,1,1,-1,-1,1,-1,-1,1,1,1,1,-1,1,-1,1,1,1,-1,1,-1,-1,1,1,1,1,-1,1,-1,1,1,1,1,1,-1,-1,1,1,1,1,1,1,-1,1,1,1,1,-1,-1,-1,1,-1,1,1,1,-1,1,1,1,-1,1,1,-1,-1,1,1,1,1,1,-1,1,1,1,1,1,1,-1,1,-1,1,1,1,1,-1,1,-1,1,1,1,-1,-1,1,-1,1,1,1,1,1,-1,1,1,1,-1,1,1,1,1,1,1,1,1,-1,1,1,1,1,1,1,1,1,-1,1,1,1,1,1,-1,1,1,1,1,-1,1,1,1,1,1,1,-1,1,1,-1,1,1,1,1,-1,-1,-1,1,1,1,1,1,-1,-1,1,1,1,1,-1,1,1,1,1,1,1,-1,1,1,1,1,1,1,-1,-1,1,-1,1,-1,1,1,-1,-1,1,-1,1,1,-1,-1,1,-1,1,1,-1,-1,1,-1,1,1,1,1,-1,1,-1,-1,1,1,1,-1,1,1,1,1,1,1,-1,1,-1,1,1,1,1,-1,1,-1,1,1,-1,1,-1,1,1,1,1,-1,1,1,-1,1,1,1,-1,1,-1,1,-1,1,-2652.0,1,2000,445,1000,True
2592,-1,-1,1,1,1,1,-1,1,-1,-1,-1,1,-1,1,-1,-1,1,-1,1,1,-1,1,-1,-1,-1,1,-1,-1,1,-1,-1,-1,1,1,-1,1,1,-1,-1,-1,1,-1,1,-1,-1,-1,-1,1,-1,-1,1,-1,1,-1,1,-1,-1,1,-1,-1,-1,1,1,1,-1,-1,-1,-1,-1,-1,1,-1,-1,-1,-1,-1,-1,1,-1,-1,-1,1,1,-1,-1,-1,-1,-1,-1,1,-1,-1,-1,-1,-1,-1,-1,1,-1,1,-1,-1,-1,-1,1,-1,-1,-1,-1,-1,-1,1,-1,1,-1,-1,-1,-1,1,-1,-1,-1,-1,-1,-1,1,-1,-1,1,-1,-1,-1,-1,-1,-1,1,-1,-1,-1,-1,-1,-1,1,-1,-1,-1,1,-1,-1,-1,-1,-1,-1,-1,1,-1,1,1,-1,-1,-1,1,-1,-1,-1,-1,1,-1,1,-1,-1,-1,-1,-1,-1,-1,-1,1,-1,-1,-1,1,1,-1,-1,-1,-1,-1,-1,-1,-1,1,-1,-1,1,-1,1,-1,1,-1,-1,1,-1,1,-1,1,-1,-1,-1,1,1,-1,1,-1,-1,-1,1,1,-1,1,-1,1,-1,-1,1,1,-1,1,-1,-1,1,1,1,-1,-1,1,-1,-1,1,-1,1,-1,1,1,-1,1,1,-1,-1,-1,1,-1,1,-1,-1,-1,1,1,-1,1,-1,1,-1,1,-1,-1,1,1,-1,-1,1,-1,-1,1,1,-1,-1,1,-1,-1,1,1,1,-1,1,-1,-1,1,1,1,-1,1,1,-1,1,1,-1,-1,-1,1,-1,1,1,-1,-1,1,1,-1,1,1,1,-1,-1,1,-1,1,1,1,-1,1,1,-1,1,-1,1,-1,-1,1,-1,1,1,1,-1,-1,-1,1,1,1,1,-1,1,1,-1,1,1,1,-1,-1,1,-1,1,1,-1,-1,1,1,-1,1,1,-1,-1,-1,-1,1,1,1,1,-1,-1,-1,1,1,1,-1,-1,-1,1,1,1,1,-1,1,-1,1,1,1,1,1,1,-1,-1,1,-1,1,-1,1,-1,-1,1,-1,1,1,-1,1,-1,1,1,-1,-1,-1,-1,-1,1,1,1,-1,1,1,-1,1,1,-1,-1,1,-1,1,1,1,-1,1,1,-1,-1,1,1,-1,-1,1,-1,-1,-1,-1,-1,-1,1,-1,-1,1,1,1,-1,1,1,-1,-1,1,-1,-1,1,-1,-1,1,1,-1,-1,1,1,-1,-1,-1,1,-1,1,1,-1,-1,-1,-1,-1,1,1,-1,1,-1,1,-1,-1,1,-1,-1,1,1,-1,1,1,1,1,-1,1,-1,-1,1,-1,-1,1,1,-1,1,1,-1,1,1,-1,1,-1,1,-1,1,1,-1,1,-1,1,1,-1,1,1,-1,1,1,-1,1,-1,1,1,-1,1,1,-1,1,1,-1,1,1,1,-1,-1,-1,1,1,1,1,-1,1,-1,1,-1,1,1,-1,-1,1,1,-1,1,1,1,-1,-1,1,-1,-1,1,1,-1,-1,-1,1,1,1,1,-1,1,1,1,1,1,-1,1,1,-1,-1,1,1,1,-1,1,-1,1,-1,1,1,1,-1,-1,-1,-1,-1,1,1,1,-1,-1,-1,1,1,-1,1,-1,-1,-1,1,1,1,1,-1,-1,1,1,1,1,1,-1,-1,-1,-1,1,-1,1,-1,1,-1,-1,1,1,1,-1,1,1,1,-1,-1,1,1,-1,-1,-1,-1,1,1,1,-1,-1,1,-1,1,1,1,-1,-1,1,-1,1,1,-1,-1,-1,-1,-1,1,1,-1,1,-1,-1,1,-1,1,1,-1,1,-1,-1,1,1,1,-1,1,-1,1,1,1,1,-1,-1,1,-1,1,1,1,-1,1,1,-1,1,1,1,-1,-1,1,1,1,-1,1,-1,-1,1,-1,1,1,1,-1,-1,1,1,1,1,1,-1,-1,1,1,1,1,-1,1,-1,1,-1,1,-1,-1,1,-1,1,-1,1,1,-1,-1,1,-1,1,1,-1,1,-1,1,1,-1,1,1,-1,1,1,1,-1,1,-1,1,-1,1,1,-1,1,1,1,-1,1,1,-1,1,1,-1,-1,1,1,-1,1,1,-1,1,1,1,1,1,-1,1,1,-1,1,1,1,1,-1,1,-1,1,-1,1,1,-1,1,1,1,1,1,1,-1,1,-1,1,-1,1,1,1,1,1,-1,1,1,1,1,1,1,-1,-1,1,1,1,1,-1,-1,1,1,1,1,1,-1,-1,-1,-1,1,1,1,-1,1,1,1,1,1,-1,1,-1,-1,1,1,1,1,1,1,1,1,1,1,1,1,-1,1,1,1,1,1,-1,-1,1,1,1,1,1,1,-1,-1,-1,1,1,1,1,-1,1,1,1,1,-1,1,-1,-1,1,1,1,1,1,-1,1,-1,1,1,1,1,-1,-1,1,1,1,1,-1,-1,-1,1,1,-1,1,1,-1,1,1,1,-1,1,1,-1,-1,1,1,-1,1,1,-1,-1,1,1,1,-1,1,-1,-1,-1,1,1,-1,1,1,-1,-1,1,-1,-1,1,-1,1,-1,1,1,-1,1,1,-1,-1,1,1,-1,1,1,-1,-1,1,1,-1,1,1,-1,-1,1,1,-1,1,1,-1,1,1,1,-1,1,1,-1,1,1,-1,1,1,-1,-1,1,1,1,-1,1,1,-1,1,-1,1,-1,1,1,-1,-1,1,-1,1,1,1,-1,-1,1,1,-1,1,1,1,-1,1,1,1,-1,1,-1,1,1,-1,1,1,1,-1,-1,1,-1,1,-1,1,-1,-1,1,1,1,-1,-1,1,1,1,1,1,-1,-1,1,1,1,-1,1,1,1,1,1,1,1,1,-1,1,-1,-1,1,1,-1,-1,1,1,1,-1,1,1,-1,-1,-1,-1,1,1,1,-1,1,1,1,-1,1,1,-1,-1,1,1,1,1,1,-1,1,1,1,1,1,1,-1,1,1,1,1,-1,1,-1,1,1,1,1,1,1,-1,1,-1,1,-1,1,1,-1,-1,1,1,-1,1,1,-1,1,1,1,-1,1,1,1,-1,1,-2652.0,1,2000,445,500,True
2593,1,1,-1,-1,1,1,-1,1,1,1,1,-1,1,1,1,1,-1,1,-1,-1,-1,1,1,1,1,1,-1,-1,1,1,1,1,-1,-1,-1,1,-1,1,1,1,-1,-1,1,1,1,1,1,1,-1,-1,1,1,-1,1,-1,-1,1,-1,1,1,1,-1,-1,-1,1,1,1,1,1,-1,1,-1,1,1,1,1,-1,1,-1,1,1,1,1,-1,-1,1,1,1,1,-1,-1,1,-1,1,1,1,1,1,-1,-1,1,1,1,1,1,-1,-1,1,1,1,1,-1,-1,-1,1,1,1,1,1,-1,-1,1,1,1,1,-1,-1,-1,1,1,1,1,1,-1,-1,-1,1,1,1,1,-1,-1,-1,1,1,1,1,-1,-1,-1,1,1,1,1,1,-1,1,-1,1,1,1,1,-1,-1,1,-1,1,1,1,-1,-1,-1,1,1,1,-1,-1,1,1,1,1,-1,1,-1,-1,-1,1,1,1,-1,-1,-1,-1,1,1,1,1,-1,-1,-1,1,-1,1,1,-1,-1,1,1,1,1,1,-1,1,1,-1,-1,1,1,-1,1,-1,1,1,1,1,1,-1,-1,-1,1,1,1,-1,-1,1,1,1,1,1,-1,-1,-1,-1,-1,1,1,1,-1,1,-1,1,1,1,-1,-1,-1,1,1,1,1,-1,1,-1,1,1,-1,1,1,1,-1,1,1,-1,1,1,1,1,1,1,-1,1,1,1,-1,-1,1,1,1,1,1,1,1,1,1,-1,-1,1,1,-1,1,-1,-1,1,1,1,1,1,-1,-1,1,1,1,1,1,1,-1,1,1,1,-1,1,-1,1,-1,1,1,1,1,-1,1,1,1,1,1,1,1,-1,1,1,1,1,-1,1,-1,1,1,1,-1,-1,1,1,1,-1,1,1,1,-1,1,1,1,1,1,-1,1,1,-1,1,1,1,-1,1,1,1,1,1,1,-1,1,1,1,-1,1,1,1,1,1,1,-1,-1,1,-1,1,1,1,-1,1,1,1,-1,1,1,1,-1,1,-1,1,1,1,-1,-1,-1,-1,1,1,1,-1,1,1,-1,1,1,-1,-1,1,1,-1,1,1,-1,-1,1,1,1,1,1,1,-1,-1,1,-1,-1,-1,1,-1,1,-1,-1,1,1,1,-1,1,-1,1,-1,-1,1,1,-1,1,-1,1,1,1,1,1,-1,1,-1,-1,1,-1,1,-1,-1,-1,1,1,1,1,-1,-1,1,-1,1,1,1,-1,1,-1,1,-1,1,1,-1,-1,1,-1,1,1,1,1,-1,-1,1,1,1,1,-1,-1,1,1,1,1,-1,1,-1,1,-1,1,1,-1,-1,-1,-1,1,1,1,-1,1,-1,1,-1,1,1,-1,-1,1,-1,1,1,1,1,-1,1,-1,-1,-1,1,1,-1,-1,-1,1,-1,1,-1,-1,1,-1,-1,1,-1,1,-1,-1,-1,-1,1,-1,1,-1,-1,1,-1,-1,1,1,1,-1,1,-1,1,-1,-1,1,1,-1,1,1,-1,1,-1,-1,1,1,-1,-1,1,-1,1,1,1,-1,-1,1,-1,-1,1,-1,1,-1,1,-1,1,1,-1,1,-1,1,-1,1,1,-1,1,-1,1,-1,1,1,-1,1,-1,-1,-1,-1,1,1,1,-1,1,-1,-1,1,-1,1,-1,1,1,-1,1,-1,1,1,-1,-1,-1,-1,-1,1,1,-1,1,-1,1,-1,1,1,-1,-1,-1,-1,1,1,-1,-1,-1,-1,-1,1,1,-1,1,-1,1,1,1,1,1,-1,-1,-1,-1,-1,1,-1,1,-1,-1,1,-1,1,1,-1,1,-1,-1,1,1,1,-1,1,-1,1,-1,1,1,-1,1,-1,1,-1,1,1,-1,1,-1,-1,-1,1,1,1,-1,1,-1,-1,1,1,-1,-1,-1,-1,-1,1,1,1,-1,1,-1,-1,1,-1,1,-1,1,-1,-1,1,-1,-1,1,-1,1,-1,1,1,-1,1,-1,1,-1,1,-1,-1,1,-1,1,-1,1,1,-1,1,-1,-1,-1,1,1,-1,1,-1,1,-1,-1,1,-1,1,-1,1,-1,-1,1,-1,-1,-1,-1,-1,1,-1,-1,1,-1,-1,-1,-1,-1,-1,1,-1,-1,-1,-1,1,-1,-1,1,-1,-1,-1,1,-1,-1,1,-1,-1,-1,1,-1,1,1,-1,-1,-1,1,-1,1,-1,-1,-1,1,1,-1,1,-1,1,-1,1,1,-1,-1,-1,-1,1,1,1,-1,1,1,-1,-1,-1,-1,1,-1,-1,-1,-1,1,1,-1,1,-1,1,-1,1,1,-1,1,1,1,1,-1,1,-1,-1,-1,1,-1,-1,1,1,-1,-1,1,1,-1,1,1,-1,1,1,-1,-1,-1,1,-1,-1,1,-1,-1,1,1,-1,1,1,1,-1,1,-1,1,1,1,-1,1,1,-1,-1,1,1,-1,-1,-1,1,-1,1,1,-1,1,1,-1,-1,1,1,-1,-1,-1,1,-1,1,1,-1,-1,1,-1,-1,1,1,1,-1,-1,-1,-1,1,1,-1,-1,1,-1,-1,1,-1,1,-1,-1,-1,-1,-1,1,1,-1,1,-1,-1,1,1,1,-1,1,-1,1,1,1,1,-1,-1,-1,1,-1,1,-1,-1,-1,-1,1,-1,1,-1,-1,-1,1,1,1,1,1,-1,-1,1,-1,1,1,-1,1,-1,1,1,1,-1,1,-1,1,-1,1,1,1,1,-1,1,-1,1,-1,1,1,-1,-1,1,-1,1,1,1,-1,1,-1,1,1,-1,1,-1,1,-1,1,1,-1,1,-1,1,-1,-1,-1,1,1,-1,-1,-1,-1,-1,1,1,1,-1,1,1,1,1,1,-1,-1,1,1,1,1,1,-1,-1,1,-1,1,1,1,-1,-1,-1,-1,-1,-1,-1,-1,-1,-1,-1,1,1,1,-1,1,1,-1,-1,1,1,-1,-1,1,-1,1,1,1,-1,-1,1,-1,1,1,1,-1,-1,1,-1,1,1,1,-1,-1,1,-1,1,-1,1,1,-1,1,-1,-1,1,1,-1,-1,-1,-1,1,1,-1,1,-1,1,-1,-1,1,-2652.0,1,2000,445,1000,True
2594,1,1,-1,-1,1,1,-1,1,1,1,1,-1,1,1,1,1,-1,1,-1,-1,-1,1,1,1,1,1,-1,-1,1,1,1,1,-1,-1,-1,1,-1,1,1,1,-1,-1,1,1,1,1,1,1,-1,-1,1,1,-1,1,-1,-1,1,-1,1,1,1,-1,-1,1,1,1,1,1,1,-1,1,-1,1,1,1,1,-1,1,-1,1,1,-1,1,-1,-1,1,1,1,1,1,1,1,-1,1,1,1,-1,-1,-1,1,1,1,1,1,-1,-1,-1,1,1,1,1,-1,-1,-1,1,1,1,1,1,-1,-1,1,1,1,1,-1,-1,-1,1,1,1,1,-1,-1,-1,1,1,1,1,-1,-1,-1,1,1,1,1,1,-1,-1,-1,1,1,1,-1,1,-1,-1,1,1,1,-1,-1,-1,1,-1,-1,1,-1,1,-1,-1,-1,1,1,-1,-1,-1,1,1,1,-1,1,1,-1,1,-1,1,-1,-1,-1,-1,1,-1,1,-1,-1,1,-1,1,-1,1,-1,-1,1,-1,1,-1,1,1,-1,1,-1,1,-1,1,-1,-1,1,-1,1,-1,1,1,-1,1,1,-1,-1,-1,1,-1,1,1,-1,1,1,1,-1,1,-1,1,-1,1,-1,-1,1,1,1,-1,-1,1,-1,1,-1,-1,-1,1,-1,-1,1,-1,1,-1,1,1,1,1,1,-1,-1,1,-1,1,1,1,-1,-1,1,-1,1,1,1,1,-1,-1,1,-1,1,1,1,-1,1,1,-1,1,1,-1,-1,1,1,1,1,1,-1,-1,1,1,1,1,1,1,-1,-1,1,1,1,1,1,-1,1,-1,1,1,-1,1,-1,1,-1,1,1,1,1,-1,1,-1,1,1,1,-1,-1,1,-1,1,1,1,-1,1,-1,1,-1,1,1,-1,1,-1,1,1,1,1,1,1,1,-1,-1,1,1,1,1,1,-1,-1,-1,1,-1,1,1,-1,-1,-1,1,1,-1,1,-1,-1,-1,1,1,-1,1,-1,1,1,-1,1,-1,1,-1,-1,1,-1,1,-1,1,-1,1,-1,-1,1,1,-1,-1,1,1,-1,1,-1,1,-1,1,-1,1,1,-1,1,-1,1,1,-1,1,-1,-1,1,-1,-1,-1,1,-1,1,1,1,1,-1,1,1,-1,-1,1,-1,-1,1,-1,-1,1,1,1,-1,-1,1,-1,-1,1,-1,-1,-1,1,-1,-1,1,1,-1,-1,1,-1,-1,1,-1,-1,-1,1,-1,-1,1,1,-1,-1,1,-1,1,-1,-1,1,-1,1,-1,-1,-1,1,-1,-1,-1,-1,-1,-1,-1,1,-1,1,-1,1,-1,1,-1,-1,-1,1,-1,1,1,-1,-1,-1,-1,-1,-1,-1,1,-1,-1,1,-1,-1,1,1,1,-1,-1,1,-1,-1,1,-1,-1,-1,-1,1,1,-1,1,-1,-1,-1,1,1,-1,1,-1,-1,-1,-1,1,1,1,-1,-1,-1,-1,1,-1,1,-1,1,-1,-1,1,1,-1,1,1,-1,-1,1,1,1,1,-1,1,1,1,1,-1,1,-1,1,-1,-1,1,-1,-1,1,-1,-1,1,-1,-1,-1,1,1,-1,1,1,-1,-1,1,1,-1,-1,1,-1,-1,-1,-1,-1,-1,1,-1,-1,-1,-1,-1,-1,1,-1,-1,1,1,1,1,1,-1,1,-1,1,-1,-1,1,-1,-1,-1,1,-1,-1,1,1,-1,1,1,1,-1,1,1,-1,-1,1,-1,-1,1,1,-1,-1,1,-1,1,1,-1,-1,1,1,-1,1,1,-1,-1,1,-1,1,1,1,1,-1,1,-1,-1,-1,1,1,-1,1,-1,1,-1,1,1,-1,-1,1,1,1,1,1,-1,1,1,-1,-1,1,1,-1,-1,1,1,-1,1,1,-1,-1,1,-1,-1,1,1,-1,-1,-1,1,-1,1,1,-1,-1,1,1,-1,1,1,-1,-1,1,-1,-1,-1,-1,1,-1,1,-1,-1,1,-1,-1,1,-1,1,-1,-1,1,-1,-1,1,-1,-1,1,-1,1,-1,1,-1,-1,-1,1,-1,-1,1,-1,-1,-1,-1,1,-1,1,-1,-1,-1,-1,-1,-1,1,-1,-1,-1,1,1,1,1,1,-1,-1,-1,1,-1,1,1,-1,-1,-1,1,-1,1,-1,-1,-1,1,1,1,-1,1,-1,-1,-1,1,1,-1,1,-1,-1,1,1,-1,-1,1,-1,-1,1,1,-1,1,-1,-1,1,1,1,1,-1,1,-1,-1,1,1,1,-1,1,1,1,1,1,1,1,1,-1,-1,-1,1,1,-1,1,-1,1,1,1,-1,1,1,-1,1,1,1,1,-1,1,1,-1,1,1,-1,1,1,-1,-1,1,1,-1,-1,1,1,-1,1,1,-1,1,1,-1,-1,-1,-1,-1,1,1,-1,-1,1,1,-1,1,1,1,-1,1,-1,1,1,1,-1,1,1,-1,-1,1,1,-1,-1,-1,1,-1,1,1,-1,1,-1,-1,-1,1,1,-1,-1,-1,1,-1,1,1,-1,-1,1,-1,-1,1,1,1,-1,-1,1,-1,1,1,-1,-1,1,-1,-1,1,-1,1,-1,-1,-1,1,1,1,1,-1,-1,1,-1,1,1,1,-1,1,-1,1,1,1,1,-1,-1,-1,1,-1,1,-1,-1,-1,-1,1,-1,1,-1,-1,-1,-1,1,-1,1,1,-1,1,1,-1,1,1,-1,1,-1,1,1,1,1,1,-1,1,-1,1,1,1,1,-1,1,1,1,-1,1,1,-1,1,1,-1,1,1,1,-1,1,-1,1,1,1,1,1,1,-1,1,-1,1,1,-1,-1,1,-1,-1,1,1,-1,1,1,-1,-1,1,1,1,1,-1,1,1,-1,1,1,1,-1,1,-1,1,1,-1,1,-1,-1,1,-1,1,-1,1,1,-1,1,1,1,1,1,-1,-1,1,-1,1,1,-1,-1,1,-1,1,1,1,1,-1,1,-1,-1,1,1,1,-1,1,1,-1,1,1,1,-1,1,-1,1,1,1,1,-1,1,-1,1,1,1,1,-1,1,1,1,1,1,1,1,-1,1,1,1,-1,1,-1,1,-1,1,-2652.0,1,2000,445,500,True
2595,1,1,-1,-1,1,-1,-1,1,1,1,1,-1,1,1,1,1,-1,1,-1,-1,-1,1,1,1,1,-1,-1,-1,1,1,1,1,1,-1,-1,1,-1,1,1,-1,-1,-1,1,1,1,1,1,-1,1,1,1,1,-1,1,-1,-1,1,-1,1,1,1,-1,-1,-1,1,1,1,1,-1,-1,1,-1,1,1,1,-1,-1,1,-1,1,1,-1,-1,-1,-1,1,1,1,-1,-1,1,1,-1,1,1,-1,-1,-1,-1,1,1,1,-1,-1,1,-1,-1,1,1,-1,-1,-1,-1,-1,1,1,-1,-1,1,-1,-1,1,1,1,-1,-1,-1,-1,1,1,1,-1,1,-1,-1,1,1,1,-1,1,-1,-1,-1,1,1,-1,1,-1,-1,-1,1,1,-1,-1,1,-1,1,1,1,-1,1,1,-1,-1,1,1,-1,1,1,-1,1,1,-1,-1,1,-1,-1,1,1,-1,1,-1,1,-1,1,1,-1,1,1,-1,-1,-1,1,1,1,1,1,-1,-1,1,-1,1,1,1,-1,-1,1,1,-1,1,1,-1,1,1,-1,1,1,1,1,1,1,1,1,1,1,1,-1,1,-1,-1,1,1,1,-1,1,1,-1,1,1,1,-1,1,-1,1,1,1,1,-1,-1,1,-1,1,1,1,1,1,-1,1,1,1,-1,-1,1,-1,1,-1,1,-1,-1,1,-1,1,-1,1,-1,-1,1,-1,1,-1,1,-1,1,1,-1,-1,1,1,-1,1,1,1,-1,1,1,1,-1,-1,1,-1,-1,1,-1,-1,-1,-1,1,-1,1,1,1,-1,1,-1,-1,1,-1,-1,-1,-1,1,-1,-1,1,-1,-1,1,1,-1,1,-1,-1,-1,1,-1,-1,-1,-1,-1,1,1,1,-1,1,-1,-1,1,1,-1,1,-1,-1,1,-1,1,-1,-1,-1,-1,1,1,1,1,1,1,-1,-1,1,1,1,1,-1,-1,-1,1,1,1,1,-1,-1,1,-1,1,1,1,-1,-1,1,-1,1,-1,1,1,-1,1,-1,1,1,1,1,-1,-1,1,1,1,-1,-1,-1,1,1,-1,-1,1,1,-1,1,-1,1,-1,1,-1,1,1,-1,1,1,1,-1,1,1,-1,1,-1,1,-1,-1,1,-1,1,1,1,1,-1,1,1,-1,1,1,-1,-1,1,-1,-1,1,-1,1,-1,-1,1,-1,-1,1,-1,-1,-1,1,-1,1,-1,1,-1,1,1,-1,1,-1,-1,-1,-1,1,-1,-1,1,1,-1,-1,1,-1,1,1,-1,1,-1,1,-1,1,-1,1,-1,-1,-1,-1,1,-1,-1,1,-1,1,-1,1,-1,1,-1,-1,-1,1,1,-1,1,-1,-1,-1,-1,1,-1,-1,-1,-1,-1,1,-1,-1,1,-1,1,-1,-1,1,-1,-1,1,-1,-1,-1,1,-1,1,-1,1,-1,-1,1,-1,1,-1,1,-1,-1,1,-1,1,1,1,-1,-1,-1,1,1,-1,1,-1,-1,-1,1,1,1,-1,1,1,-1,1,1,1,1,1,-1,1,-1,-1,1,-1,1,-1,1,-1,1,-1,-1,-1,1,-1,-1,1,-1,-1,1,1,1,-1,1,1,-1,1,1,1,-1,-1,1,-1,-1,1,-1,-1,-1,1,-1,-1,-1,-1,-1,-1,1,-1,1,1,1,1,1,1,-1,-1,1,1,-1,-1,1,-1,-1,-1,1,-1,-1,1,1,-1,1,1,1,-1,1,-1,1,1,1,-1,-1,1,1,-1,1,1,-1,1,1,-1,1,1,1,-1,1,1,-1,-1,1,-1,1,1,1,-1,1,1,1,-1,-1,1,1,1,1,1,1,-1,1,1,1,1,1,1,1,1,-1,1,-1,1,-1,-1,1,1,1,1,1,1,-1,1,1,1,-1,1,1,-1,1,1,-1,1,-1,1,-1,1,1,1,1,1,1,-1,1,1,1,1,-1,-1,-1,-1,-1,1,1,1,-1,-1,1,-1,1,-1,1,1,-1,1,1,1,-1,1,-1,-1,1,-1,1,-1,1,-1,-1,1,1,1,-1,1,1,-1,-1,1,1,-1,1,-1,-1,-1,1,1,-1,1,-1,-1,-1,-1,1,1,1,1,-1,-1,1,1,-1,1,1,-1,-1,-1,1,-1,1,-1,-1,-1,1,1,1,-1,1,-1,-1,1,1,1,-1,1,-1,-1,-1,1,-1,-1,1,-1,-1,-1,1,-1,1,-1,-1,1,-1,1,1,-1,1,-1,-1,-1,1,1,-1,1,1,-1,-1,-1,1,1,1,-1,-1,-1,1,1,-1,1,-1,1,-1,1,-1,1,1,-1,-1,-1,-1,1,-1,1,1,-1,1,-1,-1,1,1,-1,-1,-1,-1,-1,-1,1,1,-1,-1,1,-1,1,1,-1,-1,-1,1,-1,1,1,-1,-1,1,-1,-1,1,1,1,-1,1,-1,1,1,1,-1,-1,1,-1,-1,1,1,1,-1,1,-1,-1,1,1,-1,1,1,-1,-1,1,1,1,1,1,-1,-1,1,1,-1,1,1,-1,-1,1,1,1,1,1,1,-1,1,1,1,1,1,-1,-1,1,-1,1,1,1,1,-1,-1,1,-1,1,1,1,-1,1,1,1,1,-1,1,-1,1,1,1,1,1,1,-1,-1,-1,1,1,1,-1,1,-1,1,1,1,1,-1,1,-1,1,1,1,-1,-1,1,-1,1,1,-1,1,-1,-1,-1,1,1,1,-1,1,-1,-1,1,1,1,-1,-1,-1,-1,1,1,1,-1,-1,-1,-1,-1,1,1,-1,1,-1,-1,-1,1,1,-1,1,-1,-1,1,1,1,1,1,1,-1,-1,1,1,-1,-1,1,1,1,-1,1,-1,1,-1,-1,1,1,-1,-1,1,-1,-1,-1,1,1,-1,1,1,1,1,1,-1,-1,1,-1,-1,-1,-1,-1,-1,1,-1,1,1,1,-1,1,1,-1,1,1,1,1,-1,1,-1,1,1,1,-1,-1,1,-1,1,1,1,-1,-1,1,-1,1,1,1,-1,-1,1,-1,1,1,1,1,-1,1,-1,-1,1,1,1,-1,-1,1,-1,1,1,1,-1,1,-1,-1,1,-2652.0,1,2000,445,1500,True
2596,-1,-1,1,1,1,-1,-1,1,-1,-1,-1,-1,1,1,-1,-1,1,-1,1,-1,1,1,-1,-1,-1,1,-1,-1,1,-1,-1,-1,1,-1,-1,1,1,-1,-1,1,-1,-1,1,-1,-1,-1,-1,-1,1,1,-1,-1,1,1,-1,-1,1,1,-1,-1,1,-1,-1,1,-1,-1,-1,-1,-1,-1,1,-1,-1,-1,1,-1,-1,-1,1,-1,-1,-1,-1,-1,1,-1,-1,1,-1,-1,-1,1,-1,-1,1,-1,-1,1,1,1,-1,1,-1,-1,1,-1,-1,-1,1,-1,-1,1,1,-1,-1,1,-1,-1,1,1,-1,-1,1,1,-1,-1,1,-1,1,1,1,-1,1,1,-1,1,1,1,-1,-1,1,-1,1,1,1,-1,1,1,1,-1,1,1,-1,-1,-1,1,-1,1,1,-1,1,-1,1,1,1,1,-1,1,1,-1,1,1,-1,-1,1,1,-1,-1,1,-1,1,-1,-1,1,1,1,-1,1,1,1,-1,1,1,-1,1,1,-1,1,1,1,1,-1,1,-1,1,1,1,-1,-1,1,1,-1,1,1,-1,1,1,-1,1,1,1,1,1,1,-1,-1,1,1,-1,-1,1,-1,-1,1,-1,1,-1,1,-1,1,1,1,-1,1,1,-1,1,1,-1,-1,1,1,-1,1,1,-1,1,1,1,-1,1,1,-1,1,1,-1,-1,1,-1,-1,1,1,-1,-1,1,1,-1,1,1,-1,1,1,1,-1,-1,1,1,1,1,1,-1,1,1,1,1,-1,-1,-1,-1,1,-1,1,1,-1,-1,1,-1,-1,1,1,-1,-1,-1,1,1,1,1,1,-1,1,1,-1,1,-1,1,-1,1,1,-1,1,1,1,-1,1,1,1,1,1,-1,-1,1,-1,-1,1,1,-1,1,-1,-1,1,1,1,-1,1,1,1,-1,1,1,1,1,1,-1,1,1,1,1,1,1,-1,1,-1,1,-1,1,1,-1,1,-1,1,1,-1,1,-1,1,-1,1,1,-1,1,-1,1,1,-1,1,-1,1,1,-1,1,-1,1,-1,1,-1,1,-1,-1,1,1,-1,-1,1,1,-1,1,-1,1,-1,1,-1,-1,1,-1,1,1,1,-1,1,1,-1,1,-1,1,-1,-1,1,-1,1,1,1,1,-1,1,1,1,1,1,-1,-1,1,-1,-1,1,-1,1,-1,-1,1,-1,1,1,-1,-1,-1,1,-1,1,-1,1,-1,-1,1,-1,1,1,-1,-1,-1,1,-1,-1,1,1,-1,-1,1,-1,1,1,-1,1,-1,1,-1,-1,1,1,-1,-1,-1,-1,1,1,-1,1,-1,1,-1,1,-1,1,-1,-1,-1,-1,1,-1,1,-1,-1,-1,-1,1,-1,-1,1,-1,-1,-1,1,1,1,1,1,-1,-1,1,-1,-1,1,-1,-1,-1,1,1,1,-1,1,-1,-1,-1,-1,1,-1,1,-1,-1,1,-1,1,1,1,-1,-1,-1,1,1,-1,1,-1,-1,-1,1,1,1,-1,1,1,-1,1,1,1,1,1,1,1,-1,-1,1,-1,1,-1,1,-1,-1,1,1,-1,1,-1,-1,-1,1,1,-1,1,1,-1,1,-1,1,-1,1,1,-1,-1,-1,1,-1,-1,-1,-1,1,-1,1,-1,-1,-1,-1,-1,-1,1,-1,1,1,1,-1,-1,1,-1,1,1,-1,1,-1,1,-1,-1,1,-1,-1,-1,-1,1,1,1,1,1,1,-1,1,-1,1,-1,1,-1,1,-1,-1,1,-1,-1,-1,1,-1,1,1,-1,1,-1,1,1,1,-1,1,1,-1,-1,-1,1,-1,-1,1,-1,-1,1,1,-1,1,1,1,1,-1,-1,1,1,1,1,-1,-1,1,1,-1,1,1,-1,-1,-1,1,1,1,1,-1,-1,-1,1,-1,1,1,-1,1,-1,-1,1,1,1,1,-1,-1,1,1,1,1,-1,1,-1,1,-1,1,-1,-1,1,-1,1,-1,1,1,-1,-1,1,-1,1,1,-1,-1,-1,-1,1,-1,1,1,-1,1,-1,1,-1,1,-1,-1,1,-1,1,-1,1,-1,-1,1,-1,1,-1,1,1,-1,1,-1,1,-1,1,1,-1,1,1,1,1,1,-1,1,1,-1,1,1,1,1,-1,1,-1,1,-1,1,1,-1,1,1,-1,1,1,-1,1,-1,1,-1,1,1,1,-1,1,-1,-1,1,1,-1,1,1,-1,1,-1,1,-1,-1,1,1,-1,1,1,-1,1,1,1,-1,1,1,-1,1,1,1,1,1,1,-1,-1,1,1,-1,1,1,-1,-1,1,-1,1,1,1,-1,1,1,1,-1,1,1,-1,1,1,-1,1,1,1,-1,-1,1,-1,-1,1,-1,-1,-1,1,-1,1,1,-1,-1,-1,1,-1,1,1,1,-1,1,1,-1,1,1,1,-1,1,-1,1,1,1,-1,-1,1,-1,-1,1,1,1,1,-1,1,-1,1,1,1,-1,1,-1,-1,1,1,-1,1,-1,1,-1,1,1,1,1,1,-1,-1,1,1,1,1,1,-1,-1,-1,1,-1,1,-1,-1,-1,1,-1,1,1,1,-1,-1,-1,1,-1,1,1,-1,-1,1,1,1,1,1,-1,1,1,1,1,1,1,-1,1,-1,1,1,1,1,-1,1,-1,1,1,1,-1,1,-1,1,1,1,1,-1,1,1,-1,1,1,-1,1,1,-1,-1,1,1,1,1,-1,1,-1,1,1,1,-1,-1,1,-1,1,1,1,-1,1,-1,-1,-1,1,1,-1,1,1,-1,-1,1,1,1,-1,1,-1,-1,1,1,1,-1,1,-1,-1,1,1,-1,-1,-1,1,-1,-1,1,-1,1,1,-1,1,1,-1,-1,1,-1,-1,-1,1,1,-1,1,1,-1,1,1,-1,-1,-1,-1,1,-1,-1,-1,-1,1,-1,-1,1,1,-1,1,1,-1,1,1,1,1,-1,1,-1,1,1,1,1,-1,1,-1,-1,1,1,1,-1,1,-1,1,1,1,1,-1,1,-1,1,1,-1,-1,-1,1,-1,-1,1,1,-1,-1,-1,1,-1,1,-1,1,-1,1,-1,-1,1,-2652.0,1,2000,445,1500,True
2597,-1,-1,1,1,1,1,-1,1,-1,-1,-1,1,-1,1,-1,-1,1,-1,1,1,-1,-1,-1,-1,-1,1,-1,-1,-1,-1,-1,-1,1,1,-1,-1,1,-1,-1,-1,1,-1,-1,-1,-1,-1,1,1,-1,1,-1,-1,1,1,1,-1,-1,1,-1,-1,1,1,1,1,-1,1,-1,1,1,-1,-1,1,-1,-1,1,-1,-1,-1,1,-1,-1,1,1,-1,1,-1,-1,1,1,1,-1,-1,-1,1,-1,1,-1,1,1,1,1,1,1,-1,1,1,-1,1,1,1,-1,1,1,-1,1,1,1,-1,1,1,-1,1,1,1,-1,1,1,-1,1,1,-1,-1,1,1,-1,1,1,1,-1,-1,1,-1,1,1,1,-1,1,1,1,-1,1,1,-1,-1,-1,1,-1,1,1,-1,1,1,-1,-1,1,1,-1,1,1,-1,1,1,1,-1,1,1,-1,1,1,-1,1,-1,-1,-1,1,1,-1,1,1,1,-1,-1,1,1,1,1,1,-1,1,1,-1,1,1,1,-1,-1,1,1,-1,1,1,-1,1,1,1,1,1,1,-1,1,1,-1,-1,1,-1,-1,-1,1,-1,-1,1,-1,1,-1,1,-1,1,1,1,-1,-1,1,-1,1,1,-1,-1,-1,-1,1,-1,1,-1,-1,1,1,-1,1,1,-1,-1,-1,1,-1,1,-1,-1,1,1,1,-1,1,-1,-1,1,-1,1,-1,1,-1,1,1,1,1,1,-1,1,1,1,1,1,1,-1,1,1,-1,-1,-1,1,-1,-1,1,1,-1,-1,1,1,-1,1,-1,1,-1,1,-1,-1,1,1,1,-1,-1,1,-1,1,-1,1,-1,1,1,-1,1,1,1,-1,1,-1,-1,1,1,-1,1,1,1,-1,1,1,-1,1,1,-1,1,1,1,-1,1,1,-1,-1,1,1,1,1,1,1,1,1,1,1,1,1,1,1,-1,1,-1,1,1,1,1,-1,1,1,-1,1,1,1,-1,1,1,-1,1,-1,1,1,-1,1,-1,1,1,1,1,-1,1,-1,1,1,1,-1,-1,1,1,-1,-1,1,1,-1,1,-1,1,-1,1,-1,1,1,-1,1,1,1,-1,1,1,-1,1,-1,1,-1,-1,1,-1,1,1,1,1,-1,1,1,-1,1,1,-1,-1,1,-1,-1,1,-1,1,-1,-1,1,-1,1,1,-1,-1,-1,1,-1,1,-1,1,-1,-1,1,-1,1,-1,-1,-1,-1,1,-1,-1,1,1,-1,-1,1,-1,1,1,-1,1,-1,1,-1,1,-1,1,-1,-1,-1,-1,-1,-1,-1,1,-1,1,-1,1,-1,1,-1,-1,-1,1,1,1,1,-1,-1,-1,-1,1,-1,-1,1,-1,-1,1,-1,1,1,1,1,-1,-1,1,-1,-1,1,-1,-1,-1,-1,-1,1,-1,1,-1,-1,-1,-1,1,-1,1,-1,-1,1,-1,1,1,1,-1,-1,-1,1,1,-1,1,-1,1,-1,1,1,1,-1,1,1,-1,1,1,1,1,1,1,1,-1,-1,-1,-1,1,-1,1,-1,1,-1,1,-1,1,-1,-1,-1,1,1,-1,1,1,-1,1,-1,1,-1,1,1,-1,1,-1,1,-1,-1,-1,-1,1,-1,1,-1,-1,-1,-1,1,-1,1,-1,1,1,1,1,-1,1,-1,1,1,-1,1,-1,-1,1,-1,1,-1,1,-1,-1,1,1,1,1,1,-1,1,-1,-1,1,-1,1,-1,1,1,-1,1,-1,-1,-1,1,-1,1,1,-1,-1,-1,1,1,1,-1,1,1,1,1,-1,1,-1,-1,-1,1,1,-1,1,1,1,1,1,1,-1,-1,1,1,-1,1,1,-1,1,1,-1,1,1,1,-1,-1,1,1,1,1,1,-1,-1,1,-1,1,1,1,-1,-1,-1,1,1,1,1,-1,-1,1,1,1,1,1,1,-1,-1,-1,1,-1,-1,1,-1,1,-1,1,1,-1,1,-1,-1,1,1,-1,1,-1,-1,1,-1,-1,1,-1,1,-1,1,-1,1,-1,1,-1,-1,1,-1,1,-1,1,1,-1,1,-1,1,-1,1,-1,-1,1,-1,1,-1,-1,1,1,1,1,1,-1,1,1,-1,1,1,1,1,-1,1,-1,1,-1,1,-1,1,1,1,-1,1,1,-1,1,1,1,-1,1,1,1,-1,1,-1,-1,1,1,-1,-1,1,-1,1,-1,-1,1,-1,1,1,-1,1,1,-1,-1,1,1,-1,1,1,-1,-1,-1,1,1,1,1,-1,-1,1,1,-1,1,1,-1,-1,1,-1,1,1,1,-1,-1,-1,1,-1,1,1,-1,1,-1,-1,1,1,1,-1,-1,-1,-1,-1,1,-1,-1,-1,1,-1,1,1,-1,-1,-1,-1,-1,1,1,1,-1,-1,-1,-1,1,1,-1,1,-1,-1,1,1,1,-1,-1,1,-1,-1,1,1,-1,-1,1,-1,-1,1,1,-1,1,-1,-1,-1,1,1,-1,-1,1,-1,-1,1,1,-1,-1,1,1,-1,1,1,-1,1,1,-1,-1,1,1,-1,-1,1,-1,-1,1,-1,-1,-1,1,1,-1,-1,1,-1,1,-1,1,-1,1,1,-1,1,-1,1,-1,1,1,-1,1,1,1,-1,-1,1,-1,1,1,-1,1,-1,1,-1,1,1,-1,1,-1,1,1,1,-1,-1,1,-1,1,1,-1,1,-1,-1,-1,1,-1,1,-1,1,-1,-1,1,-1,1,-1,-1,-1,-1,1,-1,1,-1,-1,-1,-1,-1,1,1,-1,1,-1,-1,1,-1,1,-1,1,-1,-1,1,-1,1,1,1,1,-1,-1,1,1,-1,-1,1,1,1,1,1,-1,1,-1,-1,1,1,-1,-1,1,-1,-1,-1,-1,1,-1,1,-1,1,1,1,-1,-1,-1,-1,-1,-1,-1,-1,-1,1,-1,1,1,1,-1,1,1,-1,1,1,1,1,-1,1,-1,1,1,1,1,-1,1,-1,1,1,1,1,-1,1,-1,1,1,1,1,-1,1,-1,1,1,1,-1,-1,1,-1,-1,1,1,-1,-1,-1,1,-1,1,1,1,-1,1,-1,-1,1,-2652.0,1,2000,445,1500,True
2598,1,1,-1,-1,1,-1,-1,-1,1,1,1,-1,1,1,1,1,-1,1,-1,-1,-1,-1,1,1,1,-1,-1,-1,1,1,1,1,1,-1,-1,-1,1,1,1,1,-1,-1,-1,1,1,1,-1,-1,1,1,1,1,-1,1,-1,-1,1,-1,1,1,1,-1,-1,-1,1,1,1,-1,-1,-1,-1,1,1,1,1,-1,-1,-1,1,1,1,-1,-1,-1,1,1,1,1,-1,-1,-1,1,1,1,1,-1,-1,1,1,-1,1,1,-1,-1,1,1,1,1,1,-1,-1,1,1,1,1,1,-1,-1,1,1,1,1,1,1,-1,-1,1,1,-1,1,1,-1,1,1,1,1,1,1,-1,-1,1,1,-1,1,1,-1,1,1,1,1,1,1,-1,-1,-1,1,1,1,1,-1,1,1,1,1,-1,1,-1,1,-1,1,1,1,-1,-1,1,1,1,-1,1,-1,1,-1,-1,1,1,1,-1,1,1,1,1,-1,1,-1,1,1,1,1,-1,1,1,-1,1,-1,1,-1,1,-1,-1,1,-1,1,-1,1,-1,1,1,-1,-1,-1,1,1,1,1,-1,-1,1,1,-1,-1,1,-1,1,1,-1,1,-1,1,-1,1,-1,1,-1,1,1,-1,1,1,-1,-1,1,1,-1,1,1,-1,1,1,1,-1,1,-1,-1,1,1,-1,1,-1,-1,-1,1,1,-1,-1,1,1,-1,1,1,-1,-1,-1,-1,-1,-1,1,1,1,-1,1,-1,1,1,1,1,-1,1,-1,-1,1,-1,1,-1,-1,-1,1,1,-1,1,1,-1,1,-1,1,1,1,-1,-1,-1,1,1,-1,1,1,-1,-1,-1,1,-1,1,-1,-1,-1,-1,-1,1,1,-1,-1,-1,1,-1,1,1,-1,-1,-1,-1,1,-1,1,-1,1,-1,1,1,-1,1,-1,-1,-1,-1,-1,1,1,-1,-1,-1,-1,-1,1,-1,-1,-1,-1,-1,1,1,-1,-1,-1,-1,-1,1,1,-1,-1,1,1,-1,-1,1,1,-1,1,-1,-1,-1,-1,1,-1,-1,1,-1,-1,1,-1,1,-1,-1,1,-1,1,1,-1,-1,1,-1,-1,1,1,-1,1,-1,1,-1,1,1,-1,1,-1,-1,1,1,-1,-1,1,-1,1,-1,-1,1,-1,1,1,-1,-1,1,-1,-1,-1,1,-1,1,-1,-1,-1,-1,1,-1,-1,1,1,-1,1,1,-1,1,-1,1,-1,-1,1,-1,-1,-1,1,1,-1,1,-1,-1,1,1,-1,-1,1,-1,1,-1,1,-1,-1,1,-1,-1,1,1,-1,-1,-1,1,-1,-1,-1,1,-1,1,-1,-1,1,-1,-1,-1,-1,1,-1,1,-1,1,-1,-1,-1,-1,-1,-1,-1,-1,-1,1,-1,1,-1,-1,-1,1,-1,1,-1,-1,-1,-1,-1,-1,1,-1,-1,-1,1,-1,-1,-1,-1,1,-1,1,-1,-1,1,-1,-1,1,1,-1,-1,-1,-1,-1,1,1,-1,1,-1,1,-1,-1,1,1,1,-1,1,-1,1,-1,1,1,1,-1,-1,-1,1,-1,-1,-1,1,1,-1,1,-1,1,-1,1,-1,1,1,-1,1,1,1,-1,-1,1,-1,1,-1,1,1,-1,1,-1,-1,1,1,-1,-1,1,-1,-1,-1,1,-1,-1,1,-1,1,1,1,1,-1,1,-1,-1,1,1,-1,-1,1,-1,-1,-1,1,1,-1,-1,1,1,-1,-1,-1,-1,1,1,1,1,1,1,-1,-1,1,1,-1,1,-1,-1,-1,1,1,1,-1,-1,-1,1,-1,1,1,1,-1,-1,-1,1,1,1,-1,-1,-1,-1,1,1,1,1,-1,-1,-1,1,1,1,-1,-1,-1,-1,1,1,1,1,-1,-1,-1,1,1,1,-1,-1,1,-1,1,1,1,1,-1,-1,-1,1,1,-1,1,-1,-1,-1,1,1,1,1,-1,-1,1,-1,1,1,-1,-1,1,1,-1,1,1,-1,-1,-1,1,1,1,-1,1,-1,1,-1,1,1,1,1,-1,-1,1,1,-1,1,-1,-1,1,-1,1,-1,1,-1,-1,-1,-1,1,1,-1,1,-1,-1,1,1,-1,1,-1,-1,1,-1,1,1,1,1,-1,-1,1,1,-1,1,1,-1,-1,1,1,1,-1,1,-1,-1,1,1,1,-1,1,-1,-1,1,-1,1,-1,1,-1,-1,-1,1,1,-1,1,-1,-1,1,1,-1,1,-1,-1,1,-1,1,-1,-1,1,-1,-1,1,1,1,-1,1,1,-1,1,1,-1,1,1,-1,-1,1,-1,1,-1,1,-1,1,-1,1,1,1,1,-1,-1,1,1,-1,1,-1,1,-1,1,1,1,-1,1,-1,-1,-1,1,1,-1,1,1,-1,-1,1,1,1,1,-1,-1,-1,1,1,1,1,-1,-1,1,1,1,1,1,1,-1,1,1,1,1,1,-1,-1,1,1,1,1,1,1,1,-1,1,-1,1,1,1,-1,1,1,1,1,1,-1,1,-1,1,1,1,1,1,1,1,-1,1,1,1,1,1,1,-1,1,1,1,1,1,-1,-1,-1,1,-1,1,1,1,-1,1,1,1,-1,1,1,-1,1,1,1,1,1,1,-1,1,1,1,1,1,1,-1,1,-1,1,1,1,1,-1,1,-1,1,1,1,-1,1,1,1,1,1,1,-1,-1,1,1,1,1,-1,1,-1,1,1,-1,1,1,1,-1,1,1,1,1,1,-1,-1,1,-1,1,1,1,-1,1,-1,1,1,1,1,-1,1,1,1,-1,1,1,1,-1,1,1,-1,1,1,1,-1,-1,-1,1,1,1,-1,-1,-1,-1,1,-1,1,-1,1,1,1,1,1,-1,-1,1,1,1,1,1,1,-1,1,-1,1,1,1,-1,-1,1,-1,-1,-1,-1,-1,-1,1,-1,1,1,1,-1,1,1,-1,-1,1,1,1,-1,1,-1,1,1,1,1,-1,1,-1,1,1,1,1,-1,1,-1,1,1,1,1,-1,1,-1,1,-1,1,-1,-1,1,-1,-1,1,1,-1,-1,-1,-1,1,1,-1,1,-1,1,1,-1,1,-2652.0,1,2000,445,1500,True
2599,-1,-1,1,1,1,1,-1,1,-1,-1,-1,1,-1,1,-1,-1,1,-1,1,1,-1,1,-1,-1,-1,1,-1,-1,-1,-1,-1,-1,1,1,-1,1,1,-1,-1,-1,1,-1,1,-1,-1,-1,-1,-1,1,-1,-1,-1,1,-1,1,-1,-1,1,-1,-1,-1,1,1,1,-1,-1,-1,-1,-1,-1,1,-1,-1,-1,-1,-1,-1,1,-1,-1,-1,1,1,-1,-1,-1,-1,1,-1,1,-1,-1,-1,-1,-1,-1,-1,1,-1,1,-1,-1,-1,-1,1,-1,-1,-1,-1,-1,-1,1,-1,-1,-1,-1,-1,-1,1,-1,-1,1,-1,-1,-1,1,-1,-1,1,-1,-1,-1,-1,-1,-1,1,-1,-1,-1,-1,-1,-1,1,-1,-1,-1,1,-1,-1,-1,-1,-1,-1,-1,1,-1,1,1,-1,-1,1,-1,-1,-1,-1,-1,1,-1,1,-1,-1,-1,-1,-1,-1,-1,-1,1,-1,-1,-1,1,1,-1,-1,-1,-1,-1,-1,-1,-1,1,-1,1,-1,-1,1,-1,1,-1,-1,1,-1,1,-1,1,-1,-1,-1,-1,1,-1,1,-1,-1,1,-1,1,-1,1,-1,1,1,-1,1,1,-1,1,-1,-1,-1,1,1,-1,1,1,-1,-1,1,-1,-1,1,-1,1,-1,1,1,-1,1,-1,-1,-1,1,-1,1,1,-1,-1,-1,1,-1,-1,1,-1,1,-1,1,1,-1,-1,-1,1,1,1,1,1,-1,-1,-1,1,1,1,1,1,1,-1,-1,1,1,1,-1,-1,-1,-1,1,1,-1,-1,-1,1,1,1,1,-1,-1,1,-1,-1,1,-1,1,-1,-1,-1,1,1,1,1,-1,1,-1,1,1,-1,1,-1,-1,-1,1,1,1,1,-1,-1,1,1,1,1,1,-1,-1,1,-1,1,1,1,-1,-1,-1,1,1,1,-1,-1,-1,1,-1,1,1,-1,-1,-1,-1,1,1,1,1,-1,-1,-1,1,-1,1,-1,-1,-1,-1,1,-1,1,-1,1,-1,1,1,-1,1,1,1,-1,-1,1,1,-1,-1,1,-1,-1,-1,1,-1,1,-1,1,-1,1,-1,-1,-1,-1,-1,-1,1,1,1,-1,1,1,-1,1,-1,1,-1,1,-1,-1,1,1,-1,1,1,-1,1,1,-1,-1,-1,1,-1,1,1,1,-1,-1,1,-1,-1,1,-1,-1,-1,1,1,1,-1,1,-1,-1,1,-1,-1,1,-1,-1,-1,1,1,-1,-1,1,1,-1,1,1,-1,-1,-1,-1,-1,1,1,-1,1,1,-1,-1,-1,1,1,-1,-1,1,-1,1,1,-1,1,1,-1,-1,-1,1,1,-1,-1,1,-1,1,1,-1,1,1,-1,1,-1,1,-1,1,1,-1,1,-1,1,-1,-1,-1,1,-1,1,1,-1,1,1,1,1,-1,1,1,-1,-1,1,-1,1,1,1,-1,1,-1,1,1,1,1,-1,1,-1,1,-1,1,1,-1,1,1,1,-1,1,1,1,1,-1,1,-1,-1,1,-1,1,1,-1,1,1,1,-1,1,1,1,1,1,1,-1,1,1,-1,1,-1,1,-1,-1,1,-1,-1,1,-1,-1,1,-1,-1,-1,1,1,-1,1,1,-1,-1,1,1,-1,-1,1,-1,-1,-1,-1,-1,1,1,-1,-1,-1,-1,-1,1,1,-1,-1,1,1,1,-1,1,-1,1,-1,1,-1,1,1,-1,1,-1,1,-1,-1,1,1,-1,1,1,1,1,1,1,-1,-1,1,-1,1,1,1,-1,-1,1,-1,1,1,-1,-1,1,1,-1,1,1,-1,1,1,1,1,1,1,1,-1,1,-1,-1,1,1,1,-1,1,-1,1,1,1,1,-1,-1,1,1,1,1,1,-1,1,1,-1,1,1,1,-1,-1,1,1,1,-1,1,-1,-1,1,-1,1,1,1,-1,-1,1,1,1,1,1,-1,-1,1,1,1,1,-1,1,-1,1,-1,1,-1,-1,1,-1,1,-1,1,1,-1,-1,1,-1,1,1,-1,1,-1,1,1,-1,1,1,-1,1,1,1,-1,1,-1,1,-1,1,1,-1,1,1,1,-1,1,1,-1,1,-1,1,-1,1,1,-1,1,1,-1,1,1,1,1,1,-1,1,1,-1,1,1,1,1,-1,1,-1,1,-1,1,1,-1,1,1,1,1,1,1,-1,1,-1,1,-1,1,1,1,-1,1,-1,1,1,1,-1,1,1,-1,-1,1,1,-1,1,-1,-1,1,1,1,-1,1,-1,-1,1,1,1,1,1,-1,1,1,1,1,1,-1,1,-1,-1,1,1,-1,1,1,1,1,1,1,-1,1,1,-1,1,1,1,1,1,-1,-1,1,1,1,1,1,1,-1,-1,-1,1,1,-1,1,-1,1,1,1,1,-1,1,-1,-1,1,1,1,1,1,-1,1,-1,1,1,1,1,-1,1,1,1,1,1,-1,-1,-1,1,1,-1,1,1,-1,-1,1,1,1,1,1,-1,-1,1,1,1,1,1,-1,-1,1,1,1,1,1,-1,-1,-1,1,1,1,1,-1,-1,-1,1,1,1,1,-1,1,1,1,1,1,1,1,-1,-1,1,1,1,1,1,-1,-1,1,-1,1,1,1,1,-1,1,1,1,1,1,-1,1,1,1,1,1,1,-1,1,1,1,1,1,-1,-1,1,1,1,1,-1,1,-1,1,-1,1,1,1,1,-1,-1,1,-1,1,1,1,-1,-1,1,-1,1,1,-1,1,-1,1,1,1,-1,1,-1,1,1,1,-1,1,1,1,-1,1,1,-1,1,-1,-1,-1,1,-1,1,-1,-1,1,1,1,1,1,-1,-1,1,1,1,1,-1,1,1,1,1,1,1,-1,1,1,1,-1,1,1,-1,-1,1,-1,1,-1,1,1,-1,-1,1,-1,1,1,-1,-1,1,1,1,-1,1,-1,-1,-1,1,1,1,1,-1,-1,1,1,1,1,1,1,-1,1,1,1,1,1,1,-1,1,1,1,1,1,-1,-1,1,-1,1,-1,1,1,-1,-1,1,1,-1,1,-1,1,-1,1,1,-1,1,1,-1,-1,1,-2652.0,1,2000,445,500,True
2600,1,1,-1,-1,1,-1,-1,1,1,1,1,-1,1,1,1,1,-1,1,-1,-1,1,1,1,1,1,-1,-1,-1,1,1,1,1,-1,-1,-1,1,-1,1,1,1,-1,-1,1,1,1,1,1,-1,1,-1,1,1,-1,1,-1,-1,-1,-1,1,1,1,-1,-1,1,1,1,1,1,-1,-1,1,-1,1,1,1,-1,-1,1,-1,1,1,-1,-1,-1,-1,1,1,1,-1,-1,-1,-1,1,1,1,-1,-1,1,-1,-1,1,1,-1,-1,1,-1,1,1,1,-1,-1,1,-1,1,1,1,-1,-1,1,-1,1,1,1,1,-1,-1,-1,1,-1,1,1,-1,1,-1,1,1,1,1,-1,-1,-1,1,1,1,1,-1,1,-1,-1,1,1,1,-1,-1,1,-1,1,1,1,-1,1,1,-1,1,-1,1,-1,1,-1,1,1,1,-1,-1,1,-1,1,1,1,-1,1,-1,1,-1,1,1,-1,1,1,-1,1,-1,1,1,1,1,1,-1,-1,1,-1,1,1,1,-1,-1,1,1,-1,1,1,1,-1,1,-1,1,1,1,-1,-1,1,1,1,1,1,1,-1,1,-1,-1,1,1,-1,-1,-1,1,1,1,1,-1,-1,1,-1,1,1,1,1,-1,1,-1,-1,1,1,-1,1,1,-1,1,1,1,-1,-1,1,-1,1,-1,1,1,1,1,-1,1,-1,1,1,1,1,-1,1,-1,1,1,1,1,-1,-1,1,1,1,-1,1,-1,-1,1,1,-1,1,1,1,-1,-1,1,1,1,1,-1,1,-1,1,1,-1,1,-1,-1,-1,1,1,1,1,-1,-1,-1,1,-1,1,1,1,1,-1,1,1,1,1,1,1,-1,1,1,1,1,-1,1,1,1,1,1,1,1,-1,1,1,1,-1,1,1,-1,1,1,1,1,1,1,1,-1,1,-1,1,1,1,1,-1,1,1,1,1,1,1,-1,1,1,-1,-1,1,1,-1,1,1,1,1,1,1,-1,-1,1,-1,1,1,1,1,-1,1,1,-1,1,1,-1,1,1,-1,-1,1,1,-1,1,1,-1,1,-1,1,-1,1,-1,-1,-1,1,-1,-1,1,-1,1,-1,1,1,-1,1,1,1,-1,1,-1,-1,-1,1,-1,1,1,-1,1,1,1,-1,1,-1,-1,1,1,1,1,-1,1,-1,1,1,1,1,1,-1,-1,1,-1,1,-1,1,-1,-1,-1,1,1,1,1,-1,-1,1,-1,1,1,1,-1,-1,-1,1,-1,1,1,-1,-1,1,-1,1,1,1,1,-1,-1,1,1,1,1,-1,-1,1,-1,1,1,-1,1,-1,1,-1,1,1,-1,1,-1,-1,1,1,1,-1,1,-1,1,-1,1,1,-1,-1,1,-1,1,1,1,1,-1,1,-1,-1,-1,1,1,-1,1,-1,1,-1,1,-1,-1,1,-1,-1,1,-1,1,-1,-1,1,-1,1,-1,1,1,-1,1,-1,-1,1,1,1,-1,1,-1,1,-1,-1,-1,1,-1,1,1,-1,-1,1,-1,1,-1,1,-1,1,-1,1,1,1,-1,-1,-1,-1,-1,1,1,1,-1,-1,-1,1,1,-1,1,-1,-1,-1,1,1,1,1,-1,-1,-1,1,1,-1,1,-1,-1,-1,-1,1,1,1,-1,1,-1,-1,1,-1,1,-1,-1,1,-1,1,-1,1,1,-1,-1,-1,-1,-1,1,1,-1,-1,-1,1,-1,1,-1,-1,-1,-1,-1,1,1,-1,-1,-1,-1,-1,1,1,-1,1,-1,1,1,-1,1,1,-1,-1,-1,-1,-1,1,-1,1,-1,-1,1,-1,-1,1,-1,1,-1,-1,1,-1,1,-1,1,-1,1,-1,-1,1,-1,-1,-1,1,-1,-1,1,-1,1,-1,-1,-1,-1,-1,1,-1,1,-1,-1,-1,-1,-1,-1,-1,-1,-1,-1,1,1,-1,1,-1,-1,1,1,-1,-1,1,-1,-1,-1,1,-1,1,-1,1,-1,1,1,-1,1,-1,1,-1,-1,1,-1,1,-1,1,-1,-1,1,-1,1,-1,-1,-1,-1,1,-1,1,-1,1,-1,-1,1,-1,1,-1,1,-1,1,-1,-1,1,-1,-1,-1,-1,1,1,-1,-1,-1,-1,-1,1,-1,1,-1,-1,-1,-1,-1,-1,-1,1,-1,-1,-1,1,-1,-1,1,-1,-1,-1,-1,-1,1,1,-1,-1,-1,-1,-1,1,-1,-1,-1,1,-1,-1,1,-1,1,-1,-1,-1,-1,1,-1,-1,1,-1,-1,-1,-1,1,-1,-1,-1,1,-1,1,-1,-1,-1,1,-1,-1,-1,1,1,-1,-1,-1,-1,-1,1,1,1,-1,1,-1,1,-1,1,-1,-1,-1,-1,-1,-1,1,1,-1,-1,1,-1,1,1,-1,-1,-1,-1,-1,1,1,-1,-1,1,1,-1,1,1,1,-1,1,-1,1,1,1,-1,-1,1,-1,-1,1,1,1,-1,1,-1,-1,1,1,-1,1,1,1,-1,1,1,1,1,1,1,-1,1,-1,-1,1,1,1,-1,1,1,1,1,-1,1,-1,1,1,1,-1,1,1,-1,1,-1,1,1,1,1,-1,-1,1,-1,1,-1,1,-1,-1,1,1,1,-1,1,-1,-1,1,1,1,1,1,-1,1,-1,1,1,1,1,-1,1,1,1,1,1,-1,1,-1,1,1,1,-1,-1,-1,1,1,1,-1,1,-1,1,1,-1,1,1,-1,1,-1,1,1,1,1,-1,-1,-1,1,1,1,1,-1,-1,1,1,-1,1,1,-1,1,-1,1,-1,1,1,-1,1,-1,1,-1,1,1,1,1,1,1,1,1,1,-1,-1,1,-1,1,-1,1,-1,1,-1,1,1,1,-1,-1,1,1,1,-1,1,1,-1,1,-1,1,1,1,-1,-1,-1,1,-1,-1,-1,-1,-1,1,-1,1,1,1,-1,1,1,1,-1,1,1,1,-1,1,1,1,1,1,1,-1,1,1,1,1,1,1,-1,-1,1,-1,1,1,1,-1,1,1,1,-1,-1,-1,-1,1,1,1,1,1,-1,-1,-1,1,1,1,-1,1,-1,1,-1,1,1,-2652.0,1,2000,445,1000,True
2601,-1,-1,1,1,1,-1,-1,1,-1,-1,1,-1,1,1,-1,-1,1,-1,1,-1,-1,1,-1,-1,-1,1,-1,-1,1,-1,-1,-1,1,-1,-1,1,1,-1,-1,1,-1,-1,1,-1,-1,-1,-1,-1,1,-1,1,-1,1,1,-1,-1,-1,1,-1,-1,1,-1,-1,1,-1,-1,-1,-1,-1,-1,1,-1,-1,-1,1,-1,-1,1,-1,-1,-1,-1,-1,-1,-1,-1,-1,1,-1,-1,-1,-1,-1,-1,1,-1,-1,1,-1,1,-1,1,-1,-1,1,-1,-1,-1,1,-1,-1,-1,-1,1,-1,1,-1,-1,1,-1,-1,-1,1,1,-1,-1,-1,-1,1,1,1,-1,1,-1,-1,1,1,1,-1,1,-1,-1,1,1,1,-1,1,-1,-1,-1,1,1,-1,-1,1,-1,1,1,1,-1,1,1,-1,-1,1,1,-1,1,1,-1,1,1,-1,-1,1,-1,-1,-1,1,-1,1,-1,1,-1,1,1,-1,1,1,-1,-1,1,1,1,1,1,1,-1,1,1,-1,1,1,1,-1,1,1,1,-1,1,1,-1,1,1,-1,1,1,1,1,1,1,1,1,1,1,1,-1,1,-1,-1,1,1,-1,1,-1,1,-1,1,1,1,1,1,-1,1,1,1,1,1,1,1,-1,1,1,1,1,1,-1,1,1,1,1,-1,1,-1,1,-1,1,-1,1,1,-1,1,-1,1,1,1,1,-1,1,-1,1,-1,-1,1,-1,-1,1,1,1,-1,1,1,-1,1,1,1,1,1,1,-1,-1,1,-1,1,1,-1,1,-1,-1,1,-1,1,1,-1,-1,1,-1,-1,1,-1,1,-1,-1,1,-1,1,1,1,-1,1,-1,-1,1,1,-1,-1,-1,-1,-1,1,1,1,-1,1,-1,-1,1,1,-1,1,-1,-1,1,-1,1,-1,1,-1,-1,1,1,1,1,1,1,-1,1,1,1,1,1,-1,-1,1,1,1,1,1,-1,-1,1,-1,1,1,1,-1,-1,1,-1,1,-1,1,1,-1,1,-1,1,1,1,1,-1,-1,1,1,1,-1,-1,-1,1,1,-1,-1,1,1,-1,1,-1,1,-1,1,-1,1,1,-1,1,1,1,-1,1,1,-1,1,-1,1,-1,-1,1,-1,1,1,1,1,-1,1,1,-1,1,1,-1,-1,1,-1,-1,1,-1,1,-1,-1,1,-1,-1,1,-1,-1,-1,1,-1,1,-1,1,-1,1,1,-1,1,-1,-1,-1,-1,1,-1,-1,1,1,-1,-1,1,-1,1,1,-1,1,-1,1,-1,1,-1,1,-1,-1,-1,-1,1,-1,-1,-1,-1,1,-1,1,-1,1,-1,-1,-1,1,1,1,1,-1,-1,-1,-1,1,-1,-1,-1,-1,-1,1,-1,1,1,-1,-1,-1,-1,1,-1,-1,1,-1,-1,-1,1,-1,1,-1,1,-1,-1,-1,-1,1,-1,-1,-1,-1,1,-1,1,1,1,-1,-1,-1,1,1,-1,1,-1,1,-1,1,1,1,-1,1,1,-1,1,1,1,1,1,-1,1,-1,1,1,-1,1,-1,1,1,1,-1,-1,-1,1,-1,-1,1,-1,-1,1,1,1,-1,1,1,-1,1,1,1,-1,-1,1,-1,-1,1,-1,-1,1,1,-1,-1,-1,-1,-1,1,1,-1,1,1,1,1,-1,1,-1,-1,1,1,-1,1,1,-1,-1,-1,1,-1,-1,1,1,-1,1,1,1,1,1,-1,1,1,1,-1,1,1,1,-1,1,1,-1,1,1,-1,1,1,1,-1,1,1,-1,-1,1,-1,1,-1,1,-1,1,1,1,-1,1,1,-1,1,1,1,1,1,1,1,1,1,1,1,1,1,-1,1,-1,1,-1,1,1,1,1,1,1,1,1,1,-1,1,-1,1,1,1,1,1,-1,1,-1,1,1,1,1,1,1,1,1,1,1,-1,1,1,-1,1,1,-1,-1,-1,1,-1,1,1,1,-1,1,-1,1,1,1,-1,-1,1,-1,1,-1,1,1,-1,-1,-1,1,-1,1,-1,-1,1,-1,1,1,1,1,-1,1,-1,1,1,1,1,-1,1,-1,1,-1,1,1,-1,-1,-1,1,1,1,-1,1,1,-1,1,1,1,1,-1,-1,1,-1,1,1,1,-1,-1,-1,-1,1,1,-1,1,-1,1,-1,1,1,1,-1,-1,-1,-1,1,1,-1,-1,-1,-1,1,-1,1,-1,-1,-1,1,-1,1,1,-1,-1,-1,1,-1,1,1,-1,-1,-1,1,1,1,1,-1,1,-1,1,-1,1,1,-1,-1,-1,1,1,1,1,-1,-1,-1,1,-1,1,1,-1,1,-1,-1,1,1,1,-1,-1,-1,-1,-1,1,-1,-1,-1,1,-1,1,1,-1,-1,-1,1,-1,1,1,1,-1,1,-1,-1,1,1,1,-1,1,-1,1,1,1,-1,-1,1,-1,-1,1,1,1,-1,1,-1,-1,1,1,1,1,1,-1,-1,1,1,-1,1,1,-1,-1,1,1,1,1,1,-1,-1,1,1,1,1,1,1,-1,1,1,-1,1,1,-1,-1,1,-1,1,1,1,1,-1,-1,1,-1,1,1,1,-1,1,1,1,1,-1,1,-1,1,1,1,1,1,1,-1,-1,-1,1,1,1,-1,1,-1,1,1,1,1,-1,1,-1,1,1,1,-1,-1,1,-1,1,1,-1,1,-1,-1,-1,1,1,1,-1,1,-1,-1,1,1,1,-1,-1,-1,-1,1,1,1,-1,-1,-1,-1,-1,1,1,-1,1,-1,-1,-1,1,1,-1,-1,1,-1,1,1,1,1,1,1,-1,-1,1,1,-1,-1,1,1,1,-1,1,-1,1,-1,-1,1,1,-1,-1,1,-1,-1,-1,1,1,-1,1,-1,1,1,1,-1,-1,-1,-1,-1,-1,-1,-1,-1,1,-1,1,1,1,-1,1,1,-1,1,1,1,1,-1,1,-1,1,1,1,-1,-1,1,-1,1,1,1,-1,-1,1,-1,1,1,1,-1,-1,1,-1,1,1,1,1,-1,1,-1,-1,1,1,-1,-1,-1,1,-1,1,1,1,-1,1,-1,-1,1,-2652.0,1,2000,445,1500,True
2602,-1,-1,1,1,1,1,-1,1,-1,-1,-1,1,-1,-1,-1,-1,1,-1,1,-1,-1,1,-1,-1,-1,1,-1,-1,1,-1,-1,-1,1,-1,-1,1,1,-1,-1,1,-1,-1,1,-1,-1,-1,1,1,-1,-1,-1,-1,-1,1,-1,1,-1,1,-1,-1,1,1,-1,1,-1,-1,-1,1,1,-1,1,-1,-1,-1,1,1,1,1,-1,-1,-1,1,1,-1,-1,-1,-1,1,1,1,1,-1,-1,-1,1,1,-1,1,-1,1,-1,1,1,1,-1,-1,-1,-1,1,1,1,1,-1,-1,-1,1,1,1,1,-1,-1,-1,-1,1,1,1,-1,-1,-1,1,1,1,-1,-1,-1,1,1,1,1,-1,-1,-1,1,-1,1,1,1,-1,-1,-1,-1,1,1,1,1,-1,1,1,1,1,-1,-1,-1,-1,1,-1,1,-1,1,-1,1,-1,1,1,-1,-1,-1,-1,1,1,-1,1,1,-1,1,-1,1,-1,-1,-1,-1,1,-1,1,-1,-1,1,-1,1,-1,1,-1,-1,1,-1,1,1,1,1,-1,1,-1,1,-1,1,-1,-1,1,1,1,-1,1,1,-1,1,1,-1,1,-1,1,-1,1,-1,1,-1,1,1,-1,1,1,1,-1,1,-1,-1,1,1,1,-1,-1,1,-1,1,1,-1,-1,1,-1,-1,1,1,1,-1,1,1,-1,1,-1,-1,-1,1,-1,1,1,1,-1,-1,1,-1,1,1,-1,1,-1,-1,1,-1,1,1,1,-1,1,1,-1,1,1,-1,-1,1,1,1,1,-1,-1,-1,1,1,-1,1,1,1,-1,1,1,1,1,-1,-1,-1,1,-1,1,-1,1,-1,-1,1,-1,1,1,-1,-1,-1,1,-1,1,1,-1,-1,-1,1,1,-1,1,-1,-1,1,1,-1,1,1,-1,-1,1,1,1,-1,1,-1,1,1,1,-1,1,1,-1,-1,1,1,-1,1,-1,-1,-1,1,1,-1,1,-1,-1,-1,1,1,1,1,-1,-1,1,1,1,-1,1,1,-1,-1,1,1,-1,-1,1,-1,-1,-1,1,-1,1,-1,-1,-1,-1,-1,-1,1,1,-1,-1,1,1,-1,1,-1,-1,1,-1,1,-1,1,1,-1,1,1,-1,1,1,-1,-1,-1,-1,1,-1,-1,1,-1,-1,1,-1,-1,1,-1,-1,1,1,-1,1,-1,1,-1,-1,1,-1,-1,1,-1,-1,1,1,-1,1,-1,1,-1,-1,1,-1,-1,-1,-1,-1,-1,1,-1,-1,1,1,-1,-1,1,-1,1,-1,-1,1,-1,1,-1,-1,1,1,-1,-1,1,-1,-1,-1,-1,-1,1,1,-1,-1,1,1,-1,1,-1,1,-1,1,1,-1,1,-1,-1,-1,-1,-1,-1,1,-1,1,-1,1,1,-1,1,-1,-1,1,-1,-1,1,-1,1,-1,1,-1,1,-1,1,1,-1,-1,-1,1,-1,1,-1,-1,1,-1,1,1,1,1,-1,-1,-1,1,-1,1,1,-1,-1,1,1,1,-1,1,1,-1,1,1,1,1,1,1,1,-1,1,1,-1,1,-1,1,-1,-1,1,-1,-1,1,-1,-1,1,-1,-1,-1,1,1,-1,1,1,-1,-1,1,1,-1,-1,1,-1,-1,-1,-1,-1,1,1,-1,-1,-1,-1,-1,1,1,-1,-1,1,1,1,-1,1,-1,-1,1,1,-1,1,1,-1,-1,-1,1,-1,-1,1,1,-1,1,1,1,1,1,-1,1,1,1,-1,1,1,1,-1,1,1,-1,1,1,-1,1,1,1,-1,1,1,-1,-1,1,-1,1,1,1,-1,1,1,1,-1,1,1,-1,1,1,1,1,1,1,1,1,1,1,1,1,1,-1,1,1,1,-1,1,1,1,1,1,1,1,1,1,-1,1,1,1,1,1,1,1,-1,1,-1,1,1,1,1,1,1,1,1,1,1,-1,1,1,1,-1,1,-1,-1,1,1,1,-1,1,1,-1,1,1,1,1,1,-1,-1,1,1,1,-1,1,1,-1,1,1,-1,-1,1,-1,1,1,1,1,-1,1,1,-1,1,1,1,-1,1,1,-1,1,-1,1,-1,1,1,-1,1,1,1,-1,1,-1,1,1,-1,-1,-1,1,1,-1,1,-1,-1,-1,1,1,-1,1,1,-1,1,1,1,-1,1,1,1,-1,1,1,-1,1,-1,1,-1,1,-1,1,1,1,-1,-1,1,-1,1,1,-1,-1,1,1,1,1,1,-1,-1,-1,1,-1,1,1,-1,1,-1,1,-1,1,1,-1,-1,-1,1,-1,1,1,-1,1,1,-1,1,1,1,1,-1,1,1,-1,1,1,-1,1,1,1,-1,1,1,-1,-1,1,-1,-1,1,1,-1,1,1,-1,-1,-1,1,-1,1,1,1,-1,1,-1,-1,1,1,1,-1,1,-1,1,1,1,-1,1,1,-1,-1,1,-1,-1,-1,-1,-1,-1,1,1,-1,1,-1,-1,-1,1,1,-1,-1,1,-1,-1,1,1,-1,-1,-1,-1,-1,1,1,-1,-1,-1,1,-1,1,1,-1,-1,-1,-1,-1,1,-1,-1,-1,-1,-1,1,1,1,-1,-1,-1,1,-1,1,1,-1,-1,1,-1,1,1,1,1,-1,-1,-1,1,-1,1,-1,-1,-1,-1,1,-1,1,-1,-1,-1,-1,1,1,1,-1,-1,1,1,-1,1,1,-1,1,-1,1,1,1,-1,1,-1,1,1,1,1,1,1,-1,1,-1,1,-1,1,1,-1,1,1,-1,1,1,1,-1,1,-1,1,1,-1,1,-1,1,-1,1,1,-1,1,-1,-1,1,-1,-1,1,1,-1,1,1,-1,-1,1,1,1,1,-1,1,1,1,-1,1,1,-1,1,1,1,-1,-1,1,-1,-1,1,1,-1,1,1,1,-1,-1,-1,1,1,1,-1,-1,1,1,1,-1,1,-1,-1,-1,1,1,1,1,-1,-1,1,1,1,1,1,1,-1,1,1,1,1,1,1,-1,1,1,-1,-1,1,-1,-1,1,-1,1,1,1,1,-1,-1,1,1,-1,1,-1,1,-1,1,1,-1,1,1,-1,-1,1,-2652.0,1,2000,445,500,True
2603,-1,-1,1,1,1,1,-1,1,-1,-1,-1,1,-1,1,-1,-1,1,-1,1,1,-1,-1,-1,-1,-1,1,-1,-1,-1,-1,-1,-1,1,1,-1,-1,1,-1,-1,-1,1,-1,-1,-1,-1,-1,-1,1,-1,1,-1,-1,1,-1,1,-1,-1,1,-1,-1,-1,1,1,1,-1,-1,-1,-1,-1,-1,-1,1,-1,-1,-1,-1,-1,-1,1,-1,-1,1,1,-1,1,-1,-1,-1,-1,1,-1,-1,-1,-1,-1,-1,-1,1,1,1,-1,-1,-1,-1,1,1,1,-1,-1,-1,-1,1,1,1,-1,-1,-1,-1,1,1,1,-1,-1,-1,-1,1,1,1,1,-1,-1,-1,-1,1,1,-1,-1,-1,-1,-1,1,1,1,-1,-1,-1,1,1,1,1,-1,-1,-1,-1,-1,1,1,1,-1,-1,-1,1,1,1,-1,-1,1,-1,-1,1,-1,-1,-1,-1,-1,1,1,1,-1,-1,-1,1,-1,1,-1,-1,-1,-1,-1,1,1,1,-1,-1,-1,-1,-1,1,1,-1,-1,1,-1,-1,1,1,-1,-1,-1,-1,-1,1,1,-1,-1,-1,-1,-1,1,1,-1,1,-1,-1,-1,-1,1,1,-1,-1,-1,-1,1,1,-1,1,-1,-1,-1,1,1,-1,1,1,-1,-1,1,1,-1,-1,1,-1,-1,1,-1,1,1,-1,-1,-1,1,1,-1,1,-1,-1,1,-1,-1,-1,1,-1,1,-1,1,1,-1,1,-1,1,-1,-1,1,-1,1,-1,-1,1,-1,1,-1,1,1,-1,1,-1,-1,-1,-1,1,1,1,-1,-1,-1,1,1,-1,1,1,-1,1,-1,1,1,1,-1,-1,-1,1,1,1,1,1,-1,-1,-1,-1,1,1,-1,-1,-1,-1,1,1,1,-1,-1,-1,1,1,-1,1,-1,-1,-1,-1,-1,1,1,-1,1,-1,1,1,1,1,-1,-1,-1,-1,-1,-1,1,-1,-1,-1,-1,-1,-1,-1,-1,-1,-1,-1,-1,-1,-1,-1,-1,1,1,-1,-1,-1,-1,1,1,-1,1,-1,1,-1,-1,1,-1,1,-1,1,-1,-1,-1,1,-1,1,-1,-1,-1,-1,-1,1,-1,1,-1,-1,1,1,1,-1,-1,1,-1,1,1,-1,-1,1,-1,-1,1,1,-1,-1,-1,-1,-1,1,1,1,1,1,-1,-1,1,1,1,-1,-1,-1,-1,1,-1,1,1,1,-1,-1,1,1,1,-1,-1,-1,1,1,1,1,1,1,-1,-1,1,1,1,-1,-1,-1,-1,1,1,1,1,1,-1,-1,-1,1,1,1,-1,1,-1,1,1,-1,1,1,-1,-1,1,-1,1,1,-1,-1,1,1,1,-1,1,1,-1,1,1,-1,1,1,1,-1,1,1,-1,1,-1,-1,-1,1,1,-1,1,1,1,-1,1,-1,1,1,-1,-1,1,-1,1,-1,1,-1,1,-1,1,1,-1,-1,-1,1,-1,1,-1,-1,1,-1,1,1,1,1,-1,-1,1,1,-1,1,1,1,-1,1,1,1,-1,1,1,-1,1,1,1,1,-1,-1,1,-1,-1,-1,1,-1,1,1,-1,1,-1,1,-1,1,-1,-1,-1,1,1,-1,1,1,-1,1,-1,1,-1,1,1,-1,1,-1,1,-1,-1,-1,-1,1,-1,1,-1,-1,-1,-1,1,-1,1,-1,1,1,1,1,-1,1,-1,1,1,-1,1,-1,1,-1,-1,1,-1,1,-1,-1,1,1,1,1,1,-1,1,1,1,1,-1,1,-1,-1,1,1,1,-1,-1,-1,-1,1,1,1,-1,-1,-1,1,-1,1,-1,1,1,-1,-1,1,1,1,-1,-1,-1,-1,1,1,1,1,1,-1,-1,1,1,1,1,1,-1,-1,1,-1,1,-1,1,-1,1,1,1,1,1,1,-1,-1,1,1,1,1,1,-1,-1,1,1,-1,1,1,-1,-1,1,1,1,1,1,1,-1,1,1,1,-1,1,-1,-1,1,1,1,-1,1,-1,-1,1,1,1,1,1,-1,-1,1,1,1,-1,1,1,-1,1,1,-1,-1,1,-1,-1,1,1,1,-1,1,1,-1,1,1,1,-1,1,-1,-1,1,1,1,-1,1,1,-1,1,1,1,-1,1,-1,1,1,1,-1,-1,1,1,-1,1,-1,1,-1,1,1,-1,-1,1,1,-1,1,1,-1,1,1,1,-1,1,1,1,1,1,1,-1,1,1,1,1,1,-1,-1,1,1,1,1,-1,-1,1,1,1,1,1,-1,-1,-1,1,1,1,1,-1,-1,-1,1,1,1,-1,1,-1,-1,1,1,1,1,1,-1,-1,1,1,1,1,1,-1,1,1,1,1,1,-1,-1,-1,1,1,1,1,1,-1,-1,-1,1,1,1,1,-1,1,1,1,1,-1,1,-1,1,1,1,1,1,1,-1,-1,-1,1,1,1,1,-1,1,1,1,1,1,-1,-1,1,1,1,-1,1,-1,-1,1,1,1,-1,1,-1,-1,1,1,1,-1,1,-1,1,1,1,1,1,-1,1,-1,-1,-1,1,1,-1,1,-1,1,-1,1,-1,-1,-1,1,-1,-1,1,1,-1,1,-1,1,-1,1,1,-1,1,-1,1,-1,1,1,-1,1,-1,1,-1,1,1,-1,1,-1,-1,1,1,1,-1,-1,-1,1,1,1,-1,1,-1,1,1,1,1,1,1,-1,-1,1,1,-1,1,1,-1,-1,1,-1,1,-1,1,1,-1,1,-1,1,1,-1,1,-1,1,-1,1,1,1,1,-1,-1,1,1,1,-1,1,-1,-1,-1,1,-1,1,1,1,-1,-1,1,1,1,-1,1,-1,1,1,1,1,-1,1,-1,1,1,1,-1,1,-1,1,1,1,1,-1,1,1,-1,-1,1,1,-1,1,-1,1,1,-1,1,1,1,-1,-1,-1,1,1,-1,1,1,1,1,-1,1,-1,1,-1,1,1,1,1,-1,1,-1,1,1,1,1,1,1,1,1,1,1,1,1,1,-1,1,1,1,1,-1,1,-1,-1,1,-1,1,1,1,1,1,1,-1,1,-1,1,-1,1,1,-1,1,1,-1,1,1,-2652.0,1,2000,445,500,True
2604,1,1,-1,-1,1,1,-1,1,1,1,1,-1,1,1,1,1,-1,1,-1,-1,1,1,1,1,1,-1,1,-1,1,1,1,1,-1,-1,-1,1,-1,1,1,1,-1,-1,1,1,1,1,1,-1,1,-1,1,1,1,1,-1,-1,-1,-1,1,1,1,-1,-1,-1,1,1,1,1,-1,-1,1,-1,1,1,1,-1,-1,-1,1,1,1,-1,-1,-1,-1,1,1,1,-1,-1,-1,1,-1,1,1,-1,-1,1,-1,1,1,1,-1,-1,1,-1,-1,1,1,-1,-1,1,-1,-1,1,1,-1,-1,1,-1,-1,1,1,1,-1,-1,-1,-1,1,1,1,-1,1,-1,-1,1,1,1,-1,-1,-1,-1,1,1,1,-1,1,-1,-1,-1,1,1,-1,-1,1,-1,-1,1,1,-1,1,1,-1,-1,1,1,-1,1,1,-1,1,1,-1,-1,1,-1,-1,1,1,-1,1,-1,1,-1,1,1,-1,1,1,-1,-1,-1,1,1,1,1,1,-1,1,1,-1,1,1,1,-1,-1,1,1,-1,1,1,-1,1,1,-1,1,1,1,-1,1,1,1,1,1,1,1,-1,1,-1,-1,1,1,-1,-1,1,1,1,1,1,-1,-1,1,-1,1,1,1,1,-1,-1,1,-1,1,1,-1,1,1,-1,1,1,1,-1,-1,1,-1,1,-1,1,1,1,1,-1,1,-1,1,1,-1,1,-1,1,-1,1,1,1,1,-1,-1,1,1,1,1,1,1,-1,1,1,-1,-1,-1,1,-1,-1,1,1,-1,-1,-1,1,-1,1,1,1,-1,1,-1,-1,1,1,1,-1,1,-1,-1,1,-1,1,-1,-1,1,-1,1,1,1,-1,-1,1,-1,1,1,-1,-1,-1,1,1,1,1,-1,-1,1,-1,1,1,1,-1,-1,1,-1,1,1,1,-1,-1,-1,1,-1,1,-1,1,-1,-1,1,-1,1,1,1,-1,-1,1,1,1,1,-1,1,-1,1,-1,1,1,1,1,-1,1,-1,-1,1,-1,1,-1,1,1,-1,1,1,1,-1,1,-1,1,1,-1,-1,1,1,-1,1,1,-1,1,-1,1,-1,1,-1,1,1,-1,1,-1,1,-1,-1,1,1,-1,-1,1,1,1,1,-1,1,1,-1,1,1,-1,1,1,1,1,1,-1,1,1,-1,1,1,1,1,-1,1,1,-1,1,1,1,-1,1,1,1,-1,1,-1,-1,1,1,-1,1,1,1,-1,1,1,1,-1,1,1,1,1,-1,1,1,-1,1,-1,1,-1,1,-1,1,1,1,1,1,1,1,-1,1,-1,1,-1,1,1,1,-1,1,-1,1,1,1,1,-1,1,-1,1,-1,1,1,1,-1,-1,1,1,-1,1,-1,1,-1,1,-1,1,1,1,-1,-1,1,-1,-1,1,1,-1,-1,1,-1,1,1,-1,1,-1,1,-1,-1,1,-1,1,-1,-1,1,-1,1,-1,1,1,-1,1,-1,-1,1,1,1,-1,1,-1,1,-1,1,1,1,-1,1,1,-1,-1,1,1,1,1,-1,-1,1,-1,1,1,1,-1,-1,-1,-1,-1,1,1,1,-1,-1,-1,1,1,-1,1,-1,-1,-1,1,1,-1,1,-1,-1,1,1,1,-1,1,-1,-1,-1,-1,1,1,1,-1,1,-1,-1,1,-1,1,-1,-1,1,-1,1,-1,1,1,-1,-1,-1,-1,-1,1,1,-1,-1,-1,-1,-1,-1,1,-1,-1,-1,1,1,1,-1,-1,-1,-1,1,1,1,-1,1,-1,1,-1,1,1,1,-1,-1,-1,-1,-1,1,-1,1,-1,-1,1,-1,1,1,-1,1,-1,-1,1,1,1,-1,1,-1,-1,-1,1,1,-1,-1,-1,-1,-1,1,1,-1,1,-1,-1,-1,1,1,-1,-1,1,-1,-1,1,1,-1,-1,-1,-1,-1,1,1,1,-1,1,1,-1,-1,-1,1,-1,1,1,-1,1,-1,-1,1,1,1,-1,-1,1,-1,1,-1,1,-1,1,-1,1,-1,-1,1,-1,-1,1,-1,1,-1,-1,-1,-1,1,1,1,-1,1,-1,-1,1,-1,1,-1,1,-1,-1,-1,1,1,-1,-1,-1,-1,1,1,-1,1,1,-1,-1,-1,1,1,-1,1,-1,-1,1,1,-1,1,-1,-1,-1,1,1,1,-1,1,-1,-1,-1,1,-1,1,-1,-1,-1,-1,1,-1,1,-1,-1,1,-1,1,-1,1,1,-1,-1,-1,1,-1,1,-1,1,-1,-1,1,-1,-1,-1,-1,-1,-1,1,-1,1,1,1,-1,-1,1,1,-1,-1,-1,-1,-1,1,-1,1,-1,-1,-1,1,-1,1,-1,1,-1,-1,-1,-1,1,1,1,1,-1,-1,-1,1,-1,-1,-1,-1,-1,1,1,-1,1,-1,-1,1,-1,1,-1,1,1,-1,1,1,-1,-1,1,-1,-1,1,1,1,-1,1,1,-1,1,-1,1,1,1,-1,1,1,1,1,-1,1,-1,1,1,-1,1,-1,1,-1,1,1,-1,1,-1,-1,1,1,-1,1,1,-1,1,1,1,1,1,1,-1,-1,1,1,1,1,-1,-1,1,-1,1,-1,1,1,-1,1,1,1,-1,1,-1,-1,1,1,1,1,1,-1,1,-1,1,1,1,1,-1,-1,1,1,1,1,1,-1,1,1,1,1,-1,-1,1,-1,1,1,-1,1,-1,-1,-1,-1,1,1,-1,1,-1,-1,1,1,1,-1,-1,-1,1,1,1,1,-1,-1,1,-1,-1,1,1,-1,1,-1,-1,-1,1,1,-1,1,-1,1,-1,-1,1,1,1,1,1,-1,1,1,-1,-1,1,1,-1,-1,1,-1,1,-1,-1,1,1,-1,-1,1,-1,1,-1,1,1,-1,1,1,-1,1,1,-1,-1,-1,1,-1,-1,-1,-1,-1,1,-1,1,1,1,-1,1,1,1,-1,1,1,1,-1,1,1,-1,1,1,1,-1,1,1,1,1,1,1,-1,-1,1,-1,1,1,1,-1,1,1,-1,-1,-1,-1,-1,1,1,1,1,1,-1,-1,-1,1,-1,1,-1,1,-1,1,-1,1,1,-2652.0,1,2000,445,1000,True
2605,-1,-1,1,1,1,1,-1,1,-1,-1,-1,1,-1,1,-1,-1,1,-1,1,1,-1,1,-1,-1,-1,1,-1,-1,1,-1,-1,-1,1,1,-1,1,1,-1,-1,-1,1,-1,1,-1,-1,-1,-1,1,-1,-1,-1,-1,1,-1,1,-1,-1,1,-1,-1,-1,1,1,1,-1,-1,-1,-1,-1,-1,1,-1,-1,-1,-1,-1,-1,1,-1,-1,-1,1,1,-1,-1,-1,-1,-1,-1,1,-1,-1,-1,-1,-1,-1,-1,1,-1,1,-1,-1,-1,-1,1,-1,-1,-1,-1,-1,-1,1,-1,-1,-1,-1,-1,-1,1,-1,-1,1,-1,-1,-1,1,-1,-1,1,-1,-1,-1,-1,-1,-1,1,-1,-1,-1,-1,-1,-1,1,-1,-1,-1,1,-1,-1,-1,-1,-1,-1,-1,1,-1,1,1,-1,-1,-1,1,-1,-1,-1,-1,1,-1,1,-1,-1,-1,-1,-1,-1,-1,-1,1,-1,-1,-1,1,1,-1,-1,-1,-1,-1,-1,-1,-1,1,-1,1,-1,-1,1,-1,1,-1,-1,1,-1,1,-1,1,-1,-1,-1,-1,1,-1,1,-1,-1,1,-1,1,-1,1,-1,1,1,-1,1,1,-1,1,-1,-1,-1,1,-1,-1,1,1,-1,-1,1,-1,-1,1,-1,1,-1,1,1,-1,1,-1,-1,-1,1,-1,1,1,-1,1,-1,1,-1,-1,1,-1,1,-1,1,1,-1,-1,-1,1,-1,1,1,1,-1,-1,-1,-1,1,1,1,-1,1,-1,-1,1,1,1,-1,-1,-1,-1,1,-1,-1,-1,-1,1,1,1,1,-1,-1,1,-1,-1,1,1,1,-1,-1,-1,1,1,1,1,-1,1,-1,1,1,-1,1,-1,-1,-1,1,1,1,1,-1,-1,1,1,1,1,1,-1,-1,1,-1,1,1,1,-1,-1,-1,1,1,1,-1,-1,-1,1,-1,1,1,-1,-1,-1,-1,1,1,-1,1,-1,-1,-1,1,1,1,1,-1,-1,-1,1,1,1,-1,1,-1,1,1,1,1,1,1,-1,-1,1,-1,1,-1,1,-1,-1,1,-1,1,1,-1,1,-1,1,1,1,-1,-1,-1,-1,1,1,1,-1,1,1,-1,1,1,-1,1,1,-1,1,1,1,-1,1,1,-1,-1,1,1,1,1,1,-1,1,1,-1,1,-1,1,-1,1,1,1,1,-1,1,1,1,-1,1,1,-1,1,-1,-1,1,1,1,1,-1,1,1,-1,-1,1,-1,1,1,1,1,-1,-1,1,1,1,1,1,-1,1,1,-1,1,1,1,1,1,1,-1,1,-1,1,-1,1,-1,-1,1,1,1,1,1,-1,-1,1,1,-1,1,1,-1,1,-1,1,-1,1,1,-1,1,-1,1,-1,1,1,-1,-1,-1,1,1,-1,1,1,-1,1,1,-1,1,-1,1,-1,-1,1,-1,-1,-1,1,-1,-1,-1,-1,1,-1,1,-1,-1,1,-1,-1,1,1,-1,-1,-1,1,-1,1,1,-1,1,-1,1,-1,-1,1,1,1,-1,1,-1,1,-1,1,-1,1,-1,1,1,-1,-1,1,1,1,1,-1,-1,1,-1,1,1,1,-1,-1,-1,-1,-1,1,1,1,-1,-1,-1,1,1,-1,1,-1,-1,-1,1,1,1,1,-1,-1,-1,1,1,1,1,-1,-1,-1,-1,1,-1,1,-1,1,-1,-1,1,1,1,-1,-1,1,1,-1,-1,1,1,-1,-1,-1,-1,1,1,1,-1,-1,-1,1,1,1,1,-1,-1,1,-1,1,1,-1,-1,-1,-1,-1,1,1,-1,1,-1,-1,1,1,1,1,-1,-1,-1,-1,1,1,-1,1,-1,-1,1,1,1,1,-1,1,-1,-1,1,1,1,-1,1,-1,1,1,1,1,-1,-1,-1,-1,1,-1,1,-1,1,-1,1,1,1,1,1,-1,1,-1,1,1,1,-1,-1,-1,1,1,1,-1,1,-1,1,-1,1,-1,-1,1,-1,1,-1,1,1,-1,-1,1,1,1,1,-1,1,-1,1,-1,1,1,1,-1,1,-1,1,-1,1,-1,1,-1,1,-1,-1,1,1,1,-1,1,-1,1,1,-1,1,-1,1,1,-1,1,1,-1,1,1,1,1,1,-1,1,1,-1,1,1,1,1,-1,1,-1,-1,1,1,1,-1,1,1,1,1,1,1,-1,1,-1,1,1,1,1,1,-1,1,-1,1,1,1,-1,1,1,1,-1,1,1,-1,1,-1,-1,1,1,1,-1,1,-1,1,1,1,1,1,1,-1,1,1,1,1,1,1,-1,1,1,1,1,-1,1,1,1,1,1,1,-1,1,1,-1,1,1,1,1,1,-1,-1,1,1,1,1,1,1,-1,1,-1,1,1,-1,1,-1,-1,1,1,1,-1,1,-1,1,1,1,1,1,1,-1,1,-1,1,1,1,1,-1,1,1,1,1,1,-1,-1,1,1,1,-1,1,1,1,1,1,1,1,1,1,-1,1,1,1,1,1,1,-1,1,1,1,1,1,1,-1,-1,-1,1,1,1,1,-1,1,-1,1,1,1,1,-1,-1,-1,1,1,1,1,1,1,-1,1,1,1,1,1,-1,-1,1,-1,1,1,1,1,-1,1,1,1,1,-1,-1,1,1,1,1,1,-1,1,1,1,1,1,1,1,1,1,1,1,1,1,-1,1,1,-1,1,1,-1,-1,1,-1,1,-1,1,1,-1,1,-1,1,-1,-1,1,-1,1,-1,1,1,1,-1,-1,-1,1,1,1,-1,1,-1,-1,-1,1,1,-1,1,-1,-1,-1,1,-1,1,-1,-1,-1,1,1,1,1,-1,1,-1,1,1,1,-1,1,-1,1,1,1,1,-1,-1,-1,-1,-1,1,1,-1,1,-1,1,1,-1,1,1,-1,1,-1,-1,1,1,-1,-1,-1,1,1,-1,1,-1,-1,1,1,1,1,1,-1,-1,1,1,1,1,1,1,-1,-1,1,1,1,1,1,-1,1,1,1,1,1,1,-1,1,1,1,-1,1,1,-1,-1,1,1,-1,1,1,1,-1,1,1,-1,1,1,-1,-1,1,-2652.0,1,2000,445,500,True
2606,1,1,1,1,1,1,-1,1,1,-1,-1,1,-1,1,1,1,1,-1,1,1,-1,1,1,-1,-1,1,-1,-1,1,1,1,-1,1,1,-1,1,-1,1,-1,-1,1,-1,1,1,1,-1,-1,1,-1,-1,1,-1,1,-1,1,-1,1,-1,1,-1,-1,1,1,-1,1,1,-1,-1,-1,-1,1,-1,1,1,-1,-1,-1,1,-1,1,-1,1,1,-1,-1,1,1,-1,-1,1,-1,1,-1,1,-1,-1,-1,1,-1,1,1,1,-1,-1,1,-1,-1,1,1,-1,-1,1,-1,-1,1,1,-1,-1,1,-1,-1,1,1,-1,-1,1,-1,-1,1,1,-1,-1,-1,-1,-1,1,1,1,-1,-1,-1,-1,1,1,1,-1,1,-1,-1,-1,1,-1,-1,-1,1,-1,-1,1,1,-1,1,-1,-1,-1,1,1,-1,1,1,-1,1,1,-1,-1,-1,-1,-1,1,1,-1,-1,1,1,-1,1,1,-1,-1,-1,-1,-1,-1,1,-1,1,-1,1,-1,1,1,-1,1,-1,1,-1,-1,1,-1,-1,1,1,-1,1,1,1,-1,1,1,-1,1,1,-1,-1,-1,1,1,-1,1,-1,-1,1,1,1,-1,1,-1,-1,-1,1,-1,-1,1,-1,1,-1,1,1,-1,1,-1,1,-1,1,-1,1,1,-1,1,-1,1,-1,-1,1,1,-1,-1,1,1,1,1,1,-1,-1,1,1,1,1,1,-1,-1,1,1,1,1,1,-1,-1,1,1,1,1,1,1,-1,1,1,1,1,1,-1,-1,1,1,1,1,1,1,-1,1,1,1,-1,1,1,-1,1,1,1,1,-1,1,-1,1,-1,1,1,1,1,-1,1,1,1,1,1,-1,-1,1,1,1,1,1,1,1,1,1,1,1,1,-1,-1,1,1,-1,1,1,-1,1,1,1,1,1,1,1,-1,1,1,1,1,1,1,-1,-1,1,1,1,1,1,-1,-1,1,1,1,1,-1,-1,-1,1,-1,-1,1,1,-1,1,-1,1,1,1,1,1,1,-1,1,-1,1,1,-1,-1,-1,1,-1,-1,-1,-1,1,-1,1,-1,1,-1,-1,-1,1,-1,1,1,1,1,-1,1,-1,1,1,-1,-1,-1,-1,-1,-1,1,1,1,1,-1,-1,1,1,1,1,-1,-1,1,-1,-1,1,1,1,-1,1,-1,1,1,-1,-1,-1,1,1,-1,1,1,1,-1,-1,1,-1,1,-1,-1,-1,-1,1,-1,-1,1,1,-1,-1,1,-1,1,1,-1,1,-1,1,-1,-1,1,1,-1,-1,1,-1,1,1,-1,-1,1,1,-1,1,-1,1,-1,1,-1,-1,1,1,1,-1,1,-1,-1,1,-1,-1,-1,1,-1,-1,1,1,1,-1,1,-1,-1,1,-1,-1,1,-1,1,-1,1,-1,1,-1,1,1,-1,-1,1,1,-1,1,-1,-1,1,-1,1,1,1,1,-1,-1,1,1,-1,1,1,-1,-1,1,1,1,-1,1,1,-1,1,1,1,1,-1,1,1,-1,1,1,-1,1,-1,1,1,-1,1,-1,-1,1,-1,-1,1,-1,-1,-1,1,1,-1,-1,1,-1,-1,1,1,-1,-1,1,-1,-1,-1,-1,-1,-1,1,-1,-1,-1,-1,-1,-1,1,-1,-1,1,1,1,1,1,-1,1,1,1,-1,-1,1,-1,-1,-1,1,-1,-1,1,1,-1,1,1,1,-1,1,1,-1,-1,1,-1,-1,1,1,-1,-1,1,-1,1,1,-1,-1,1,1,-1,1,1,-1,-1,1,-1,1,1,1,1,-1,1,1,-1,-1,1,1,-1,1,1,1,-1,1,1,-1,-1,1,1,1,1,1,-1,1,1,-1,-1,1,1,-1,-1,1,1,-1,1,1,-1,-1,1,1,-1,1,1,-1,-1,-1,1,-1,1,1,-1,-1,1,1,-1,1,1,1,-1,1,-1,-1,-1,-1,1,-1,1,-1,-1,1,-1,-1,-1,1,1,-1,-1,1,-1,-1,1,-1,-1,1,-1,-1,1,-1,-1,-1,-1,1,-1,-1,1,-1,-1,-1,1,-1,-1,1,-1,1,-1,1,-1,1,1,-1,-1,-1,-1,-1,-1,-1,-1,1,-1,1,-1,1,-1,-1,1,-1,-1,-1,1,-1,-1,1,-1,1,1,-1,1,-1,1,-1,1,-1,-1,1,-1,1,-1,-1,-1,1,1,-1,-1,-1,-1,-1,1,-1,-1,-1,1,-1,-1,1,-1,1,1,-1,-1,-1,-1,-1,-1,1,-1,-1,-1,1,1,-1,1,-1,-1,1,-1,-1,-1,1,-1,-1,-1,1,1,1,1,1,-1,-1,1,-1,1,1,-1,1,-1,-1,1,1,1,-1,-1,-1,-1,-1,1,-1,1,-1,1,-1,1,1,1,1,-1,-1,-1,-1,1,1,1,-1,1,-1,1,1,-1,1,-1,-1,1,1,1,1,-1,1,-1,-1,1,1,1,1,-1,-1,-1,1,1,1,1,-1,-1,-1,1,1,1,1,1,-1,-1,1,1,1,1,1,-1,-1,1,1,-1,1,1,-1,-1,-1,1,-1,1,-1,-1,-1,1,-1,-1,1,1,-1,-1,-1,1,-1,1,1,-1,-1,1,1,-1,1,1,-1,-1,1,1,-1,1,1,-1,-1,-1,1,1,1,1,-1,1,-1,1,1,1,-1,-1,-1,1,1,1,1,1,-1,1,-1,1,1,-1,1,-1,-1,-1,1,-1,1,-1,1,-1,-1,1,-1,1,1,-1,-1,-1,1,-1,1,1,-1,1,-1,-1,1,1,-1,1,-1,-1,-1,-1,1,-1,1,-1,1,-1,-1,1,1,1,1,-1,-1,1,1,1,1,1,1,-1,1,1,-1,1,-1,-1,1,1,1,1,1,1,1,-1,-1,1,1,1,1,-1,1,1,-1,1,1,1,-1,-1,-1,1,1,1,-1,1,-1,1,-1,1,1,1,-1,1,1,1,1,1,1,-1,1,1,1,1,1,1,1,1,1,1,1,1,1,-1,1,1,1,1,1,1,-1,1,1,-1,1,1,1,1,1,1,-1,1,1,-1,1,1,1,-1,1,1,1,-1,1,-2652.0,1,2000,445,500,True
2607,-1,-1,1,1,1,1,-1,1,-1,-1,-1,1,-1,1,-1,-1,1,-1,1,1,-1,-1,-1,-1,-1,1,-1,-1,-1,-1,-1,-1,1,1,-1,-1,1,-1,-1,-1,1,-1,-1,-1,-1,-1,-1,-1,1,1,-1,-1,1,-1,1,-1,-1,1,-1,-1,-1,1,1,1,-1,1,-1,-1,-1,-1,-1,1,-1,-1,-1,-1,-1,-1,1,-1,-1,1,1,-1,1,-1,-1,1,-1,1,-1,-1,-1,1,-1,-1,-1,1,1,1,1,1,-1,-1,1,1,-1,1,1,-1,-1,1,1,-1,1,1,-1,-1,1,1,1,-1,1,-1,-1,1,1,-1,1,1,-1,-1,1,1,-1,1,1,1,-1,-1,1,-1,1,1,-1,-1,1,1,1,-1,1,1,-1,-1,-1,-1,1,1,1,-1,1,1,-1,-1,1,1,-1,1,1,-1,1,1,-1,-1,1,1,-1,1,1,-1,1,-1,-1,-1,1,1,-1,1,1,1,-1,-1,1,1,1,1,1,-1,1,1,-1,1,1,1,-1,1,1,-1,-1,1,1,-1,1,1,-1,1,1,1,-1,1,1,1,1,1,-1,-1,-1,1,-1,-1,1,-1,1,-1,1,1,-1,1,-1,-1,-1,1,-1,1,1,-1,-1,-1,-1,1,-1,1,-1,-1,1,1,-1,1,1,-1,-1,-1,1,-1,1,-1,-1,1,1,1,-1,1,-1,-1,1,-1,1,-1,1,-1,1,1,1,1,-1,-1,1,1,1,1,1,1,-1,1,1,-1,-1,-1,1,1,-1,1,1,-1,-1,1,-1,-1,1,-1,1,-1,1,1,1,1,1,1,-1,1,-1,-1,1,-1,1,-1,1,1,-1,1,1,1,-1,1,1,1,1,1,-1,1,1,-1,-1,1,1,-1,1,1,-1,1,1,1,-1,1,1,1,-1,1,1,1,1,1,-1,1,1,1,1,1,1,-1,1,-1,1,-1,1,1,-1,1,-1,1,1,-1,1,-1,1,-1,1,1,-1,1,-1,1,1,-1,1,-1,1,1,-1,1,-1,1,-1,1,-1,1,-1,-1,1,1,-1,-1,1,1,-1,1,-1,1,-1,1,-1,1,1,-1,1,1,1,-1,1,1,-1,1,-1,1,-1,-1,1,-1,1,1,1,1,-1,1,1,1,1,1,-1,-1,1,-1,-1,1,-1,1,-1,-1,1,-1,1,1,-1,-1,-1,1,-1,1,-1,1,-1,-1,1,-1,1,1,-1,-1,-1,1,-1,-1,1,1,-1,-1,1,-1,1,1,-1,1,-1,1,-1,-1,1,1,-1,-1,-1,-1,1,1,-1,1,-1,1,-1,1,-1,1,-1,-1,1,-1,1,-1,1,-1,-1,-1,-1,1,-1,-1,-1,-1,-1,-1,1,-1,1,-1,1,-1,-1,1,-1,-1,1,-1,-1,-1,1,-1,1,-1,1,-1,-1,-1,-1,1,-1,1,-1,-1,1,-1,1,1,1,-1,-1,-1,1,1,-1,1,-1,-1,-1,1,1,1,-1,1,1,-1,1,1,1,1,1,-1,1,-1,-1,-1,-1,1,-1,1,1,1,-1,1,-1,1,-1,-1,-1,1,1,-1,1,1,-1,1,-1,1,-1,1,1,-1,1,-1,1,-1,-1,-1,-1,1,-1,1,-1,-1,-1,-1,1,-1,1,-1,1,1,1,-1,-1,1,-1,1,1,-1,1,-1,-1,1,-1,1,-1,1,-1,-1,1,1,1,1,1,-1,1,-1,-1,1,-1,1,-1,1,1,-1,1,-1,-1,-1,1,-1,1,1,-1,-1,-1,1,1,1,-1,1,1,1,1,-1,1,1,-1,-1,1,1,-1,1,1,1,1,1,1,-1,-1,1,1,-1,1,1,-1,1,1,-1,1,1,1,-1,-1,1,1,1,-1,1,-1,-1,1,1,1,1,1,1,-1,-1,1,1,1,1,-1,-1,1,1,1,1,-1,1,-1,-1,-1,1,-1,-1,1,-1,1,-1,1,1,-1,1,-1,-1,1,1,-1,1,-1,-1,1,-1,-1,1,-1,1,-1,1,-1,1,-1,1,-1,-1,1,1,1,-1,1,1,-1,1,-1,1,-1,1,-1,-1,1,-1,1,-1,-1,1,1,1,1,1,-1,1,1,-1,1,1,1,1,-1,1,-1,1,-1,1,-1,1,1,1,-1,1,1,-1,1,1,1,-1,1,1,1,-1,1,-1,-1,1,1,-1,-1,1,-1,1,-1,-1,1,-1,1,1,-1,1,1,-1,-1,1,1,-1,1,1,-1,-1,-1,1,1,1,1,-1,-1,1,1,-1,1,1,-1,-1,1,-1,1,1,1,1,-1,-1,1,-1,1,1,-1,1,-1,-1,1,1,1,-1,-1,-1,-1,-1,1,-1,-1,-1,1,-1,1,1,1,1,1,-1,-1,1,1,1,-1,1,-1,-1,1,1,-1,1,1,-1,1,1,1,1,-1,1,-1,-1,1,1,1,-1,1,-1,-1,1,1,1,1,1,-1,-1,1,1,1,1,1,-1,-1,1,1,1,1,1,-1,-1,1,1,-1,1,1,1,-1,-1,1,-1,1,1,-1,-1,1,-1,1,1,1,1,-1,-1,1,-1,1,1,1,-1,1,1,-1,1,-1,1,-1,1,1,-1,1,1,1,1,-1,1,1,1,1,-1,1,-1,1,1,1,1,1,-1,1,1,1,1,-1,1,1,-1,1,1,-1,1,1,-1,-1,1,-1,1,1,-1,1,-1,1,-1,1,-1,-1,1,-1,1,-1,1,-1,1,-1,-1,-1,1,1,-1,-1,1,-1,-1,-1,1,-1,-1,1,-1,-1,-1,1,1,-1,-1,-1,-1,1,1,-1,-1,-1,1,-1,1,1,-1,1,1,-1,1,1,-1,-1,1,-1,-1,-1,-1,1,-1,1,1,-1,1,1,-1,-1,-1,-1,1,-1,-1,-1,-1,1,-1,-1,1,1,-1,1,1,-1,1,1,1,1,-1,1,-1,1,1,1,1,-1,1,-1,-1,1,1,1,-1,1,-1,1,1,1,1,-1,1,-1,1,1,1,-1,-1,1,-1,-1,1,1,-1,-1,-1,1,-1,1,-1,1,-1,1,-1,-1,1,-2652.0,1,2000,445,1500,True
2608,1,1,-1,-1,1,-1,-1,1,1,1,1,-1,1,1,1,1,-1,1,-1,-1,-1,1,1,1,1,-1,-1,-1,1,1,1,1,1,-1,-1,1,-1,1,1,1,-1,-1,1,1,1,1,-1,-1,1,-1,1,1,1,1,-1,-1,-1,-1,1,1,-1,-1,-1,-1,1,1,1,-1,-1,-1,1,-1,1,1,-1,-1,-1,1,-1,1,1,-1,-1,-1,-1,1,1,-1,-1,-1,1,1,-1,1,-1,-1,-1,-1,-1,-1,1,-1,-1,-1,-1,-1,-1,1,-1,-1,-1,1,-1,-1,1,1,-1,-1,1,-1,-1,1,1,-1,-1,-1,-1,-1,1,-1,-1,-1,-1,-1,-1,-1,-1,-1,-1,-1,-1,-1,-1,1,-1,-1,1,-1,-1,-1,1,-1,-1,-1,1,-1,-1,-1,-1,-1,-1,1,-1,-1,-1,-1,1,-1,1,-1,-1,-1,-1,-1,-1,-1,-1,1,-1,-1,-1,1,1,-1,-1,-1,-1,-1,-1,-1,-1,-1,-1,-1,-1,-1,1,-1,-1,-1,-1,1,-1,1,-1,-1,-1,-1,-1,-1,1,-1,1,1,-1,-1,-1,1,-1,1,-1,1,-1,-1,1,1,-1,-1,-1,-1,-1,1,1,-1,-1,1,-1,-1,1,-1,-1,-1,1,1,-1,1,1,-1,-1,-1,1,-1,1,-1,-1,-1,1,-1,-1,1,-1,1,-1,1,-1,-1,1,1,-1,-1,1,-1,1,1,1,-1,-1,1,-1,1,1,1,1,-1,1,-1,-1,1,1,1,-1,1,1,-1,1,1,-1,-1,-1,1,1,1,1,-1,-1,1,1,-1,1,1,1,-1,-1,1,1,1,1,1,-1,1,1,1,1,-1,1,-1,1,-1,1,1,1,1,-1,1,-1,1,1,1,-1,-1,1,1,-1,1,1,-1,1,-1,-1,1,1,1,-1,1,1,1,-1,1,1,1,1,1,-1,1,1,1,1,1,1,-1,1,-1,1,-1,1,1,-1,1,-1,1,1,-1,1,-1,1,-1,1,1,-1,1,-1,1,1,-1,1,-1,1,-1,-1,1,-1,1,-1,1,-1,1,-1,-1,1,1,-1,-1,1,1,-1,1,-1,1,-1,1,-1,1,1,-1,1,1,1,-1,1,1,-1,1,-1,1,-1,-1,1,-1,1,1,-1,1,-1,1,1,-1,1,-1,-1,-1,1,-1,-1,1,-1,1,-1,-1,1,-1,1,-1,-1,-1,1,1,-1,1,-1,1,-1,-1,1,-1,1,-1,-1,-1,-1,1,-1,-1,1,1,-1,-1,1,-1,1,1,-1,1,-1,1,-1,1,-1,1,-1,-1,-1,-1,1,-1,-1,1,-1,1,-1,1,-1,1,-1,-1,-1,1,1,-1,1,-1,-1,-1,-1,1,-1,-1,1,-1,-1,1,-1,-1,1,1,1,-1,-1,1,-1,-1,1,-1,-1,-1,1,-1,1,-1,1,-1,-1,-1,-1,1,-1,1,-1,-1,1,-1,1,1,1,-1,-1,-1,1,1,-1,1,-1,1,-1,1,1,1,-1,1,1,-1,1,1,1,1,1,-1,1,-1,1,1,-1,1,-1,1,-1,1,-1,-1,-1,1,-1,-1,1,-1,-1,-1,1,1,-1,1,1,-1,-1,1,1,-1,-1,1,-1,-1,-1,-1,-1,-1,1,-1,-1,-1,-1,-1,-1,1,-1,-1,1,1,1,1,1,-1,-1,1,1,-1,-1,1,-1,-1,-1,1,-1,-1,1,1,-1,1,1,1,-1,1,1,-1,-1,1,-1,-1,1,1,-1,-1,1,-1,1,1,-1,-1,1,1,-1,1,1,-1,-1,1,-1,1,1,1,1,-1,1,-1,-1,-1,1,1,-1,1,-1,1,-1,1,1,-1,-1,1,1,1,1,1,-1,1,1,-1,-1,1,1,-1,-1,1,1,-1,1,1,-1,-1,1,-1,-1,1,1,-1,-1,-1,1,-1,1,1,-1,-1,1,1,-1,1,1,1,-1,1,-1,-1,1,-1,1,-1,1,-1,-1,1,-1,1,-1,1,1,-1,1,1,-1,-1,1,-1,-1,1,-1,1,-1,1,-1,-1,1,1,-1,-1,1,-1,-1,1,1,1,-1,1,-1,-1,-1,1,-1,-1,1,-1,-1,-1,1,1,1,1,1,-1,1,1,1,-1,1,1,-1,-1,1,1,-1,-1,1,-1,-1,1,1,1,-1,1,-1,-1,1,1,1,-1,1,-1,1,1,1,-1,-1,1,-1,1,1,1,-1,1,-1,-1,1,1,1,1,-1,1,-1,1,1,1,1,-1,1,1,1,1,1,1,1,1,-1,1,-1,1,1,-1,1,1,1,1,1,-1,1,1,1,1,1,1,1,-1,1,-1,1,-1,1,-1,1,1,-1,1,1,1,-1,-1,1,1,1,1,1,-1,1,1,-1,1,1,-1,-1,1,1,-1,1,1,1,-1,1,1,1,1,1,-1,1,1,1,1,1,1,-1,-1,1,1,1,1,-1,1,-1,1,1,1,1,-1,-1,-1,1,1,1,1,-1,1,-1,1,1,1,1,1,-1,-1,1,1,1,1,1,-1,-1,1,1,1,1,-1,-1,-1,1,-1,1,1,1,-1,1,1,1,-1,1,1,-1,-1,1,1,1,1,1,-1,1,1,1,1,1,1,-1,1,-1,-1,1,1,1,-1,1,-1,1,1,1,-1,-1,1,-1,1,1,1,1,1,1,-1,1,1,-1,1,1,-1,-1,1,1,1,-1,1,1,-1,1,1,1,1,-1,1,-1,1,1,1,1,1,-1,-1,-1,1,1,1,-1,1,-1,-1,1,1,-1,1,1,-1,1,1,1,1,1,-1,-1,-1,1,1,1,1,-1,1,1,-1,1,1,-1,1,-1,1,1,1,1,-1,1,-1,-1,1,1,1,-1,1,1,1,1,-1,1,1,-1,1,-1,1,1,1,-1,1,1,1,1,1,1,-1,-1,1,1,1,1,1,-1,-1,1,1,1,1,1,1,-1,1,1,1,1,1,1,-1,1,1,1,1,1,-1,-1,1,1,1,1,1,1,-1,1,1,1,1,1,-1,1,-1,1,1,-1,1,1,-1,1,1,-2652.0,1,2000,445,500,True
2609,-1,-1,1,1,1,1,-1,1,-1,-1,-1,1,-1,1,-1,-1,1,-1,1,-1,-1,-1,-1,-1,-1,1,-1,-1,-1,-1,-1,-1,1,-1,-1,-1,1,-1,-1,1,-1,-1,-1,-1,-1,-1,1,1,-1,1,-1,-1,-1,1,-1,-1,-1,1,-1,-1,1,1,-1,1,-1,-1,-1,1,1,-1,-1,1,-1,-1,1,1,-1,-1,1,-1,-1,1,1,-1,1,-1,-1,1,1,1,1,-1,-1,-1,1,1,-1,-1,1,1,-1,1,1,1,-1,1,-1,-1,1,1,1,-1,1,1,-1,1,1,1,1,1,-1,-1,-1,1,1,-1,1,-1,1,1,1,1,-1,1,-1,1,1,1,1,-1,1,-1,1,-1,1,1,1,1,1,-1,-1,1,1,-1,-1,1,-1,1,1,1,-1,-1,1,1,1,-1,1,-1,1,-1,1,-1,1,1,-1,1,-1,-1,1,1,-1,1,-1,1,1,-1,1,-1,-1,1,1,1,-1,1,-1,-1,-1,1,1,-1,1,-1,-1,-1,1,1,1,1,1,-1,1,-1,1,-1,1,-1,-1,-1,1,1,-1,1,1,-1,-1,-1,1,1,-1,1,-1,-1,1,1,-1,1,1,-1,-1,1,1,-1,1,-1,-1,-1,-1,1,-1,-1,1,-1,-1,1,-1,1,1,-1,-1,-1,1,1,-1,1,1,-1,1,-1,-1,-1,1,1,-1,-1,1,1,-1,1,-1,-1,1,-1,1,-1,1,1,-1,1,-1,1,-1,1,1,-1,1,-1,1,-1,-1,1,1,1,-1,-1,-1,1,1,-1,1,1,-1,1,-1,1,1,1,-1,-1,-1,1,1,1,1,1,-1,-1,-1,1,1,1,-1,-1,-1,-1,-1,1,1,-1,-1,-1,1,1,-1,1,-1,-1,-1,-1,1,1,1,-1,1,-1,1,1,-1,1,-1,-1,-1,-1,-1,1,1,-1,-1,-1,-1,-1,1,-1,-1,-1,-1,-1,1,1,-1,-1,-1,1,1,1,1,-1,-1,1,1,-1,-1,1,1,-1,-1,1,-1,-1,-1,1,-1,-1,-1,1,-1,1,-1,1,-1,-1,-1,-1,1,1,1,-1,1,1,-1,1,1,-1,1,1,1,-1,1,1,-1,1,1,-1,1,1,-1,-1,-1,-1,1,1,1,1,-1,-1,1,-1,-1,1,-1,-1,1,1,-1,1,-1,-1,-1,-1,1,-1,-1,1,1,1,1,1,-1,1,-1,1,-1,-1,1,-1,1,-1,1,1,-1,1,-1,-1,1,1,-1,-1,1,-1,1,1,1,-1,-1,1,-1,1,-1,1,-1,-1,1,-1,-1,-1,-1,1,1,1,-1,1,-1,-1,-1,1,-1,1,1,-1,-1,1,1,-1,-1,-1,-1,-1,-1,1,-1,1,-1,-1,-1,-1,1,-1,-1,1,-1,-1,-1,1,1,-1,-1,1,-1,-1,1,1,-1,-1,1,1,-1,1,-1,-1,1,-1,-1,1,1,1,-1,-1,-1,-1,1,1,1,1,-1,-1,-1,-1,-1,1,1,-1,1,-1,1,1,1,-1,1,-1,-1,1,-1,1,-1,-1,1,1,1,1,-1,1,-1,1,-1,1,1,-1,1,1,1,1,-1,1,-1,1,-1,1,1,-1,1,-1,-1,1,1,1,-1,1,-1,-1,-1,1,1,-1,1,-1,1,1,1,1,-1,1,-1,-1,1,1,1,-1,1,-1,-1,-1,1,1,-1,-1,1,1,-1,-1,1,-1,-1,1,1,-1,1,1,-1,1,1,1,-1,1,-1,-1,1,1,1,1,-1,-1,-1,1,-1,1,1,1,1,-1,-1,1,1,1,-1,1,-1,-1,1,1,1,1,1,1,-1,1,1,1,-1,-1,1,-1,1,1,1,1,1,1,-1,1,1,1,1,1,1,-1,1,1,1,1,1,1,-1,1,1,-1,1,1,1,1,1,1,1,1,1,1,-1,1,1,1,-1,1,-1,-1,1,1,1,-1,1,-1,-1,1,1,-1,1,1,-1,-1,1,1,1,-1,1,1,-1,1,1,-1,-1,1,-1,-1,1,1,1,1,1,-1,-1,1,1,1,-1,1,1,-1,1,-1,1,-1,1,1,-1,1,1,1,-1,1,-1,1,1,-1,-1,-1,1,1,-1,1,-1,-1,-1,1,1,-1,-1,1,-1,1,1,1,-1,1,1,1,-1,1,1,-1,1,1,1,-1,1,-1,1,1,1,-1,-1,1,-1,1,1,-1,-1,1,1,1,1,1,-1,-1,-1,1,-1,1,1,-1,1,-1,1,-1,1,-1,1,-1,-1,1,-1,1,1,1,1,1,-1,1,1,1,1,-1,1,1,-1,1,1,-1,1,1,1,-1,1,1,1,-1,1,-1,-1,1,1,1,-1,1,-1,-1,-1,-1,1,-1,1,1,-1,1,1,1,1,1,1,-1,1,1,1,1,1,-1,1,1,1,-1,1,1,-1,-1,-1,1,-1,1,1,-1,1,-1,1,-1,1,1,-1,-1,-1,1,-1,1,1,-1,-1,-1,1,1,1,1,-1,-1,-1,-1,1,1,1,-1,-1,-1,-1,-1,1,-1,-1,-1,-1,-1,1,1,1,-1,-1,-1,-1,-1,1,1,-1,-1,1,-1,1,1,1,1,-1,-1,-1,1,-1,1,-1,-1,-1,-1,1,-1,1,-1,-1,-1,1,1,-1,1,-1,-1,-1,-1,1,-1,1,-1,1,-1,-1,1,1,1,1,-1,1,-1,1,-1,1,1,-1,1,-1,1,-1,1,1,-1,1,1,-1,-1,-1,1,-1,1,-1,1,-1,1,1,1,1,-1,1,-1,1,1,-1,-1,1,-1,-1,1,1,-1,1,1,-1,-1,1,1,1,1,-1,1,1,-1,1,1,1,-1,1,-1,1,1,-1,1,-1,-1,1,1,1,-1,1,1,-1,1,1,1,1,1,-1,-1,1,-1,1,1,1,-1,-1,1,1,1,1,1,-1,-1,1,1,1,1,1,1,-1,1,-1,1,1,1,1,-1,1,1,1,1,1,1,-1,1,1,1,1,1,1,-1,-1,1,1,1,1,1,1,-1,1,1,-1,1,1,-1,-1,1,-2652.0,1,2000,445,500,True
2610,-1,-1,1,1,1,1,-1,1,-1,-1,-1,1,-1,-1,-1,-1,1,-1,1,-1,-1,1,-1,-1,-1,1,-1,-1,1,-1,-1,-1,1,-1,-1,1,1,-1,-1,1,-1,-1,1,-1,-1,-1,1,1,-1,-1,-1,-1,1,1,-1,1,-1,1,-1,-1,1,1,-1,1,-1,-1,-1,1,1,-1,1,-1,-1,-1,1,1,1,1,-1,-1,-1,-1,1,-1,-1,-1,-1,1,1,1,1,-1,-1,-1,-1,1,-1,1,-1,1,-1,-1,1,1,-1,-1,-1,-1,-1,1,1,1,-1,-1,-1,-1,1,1,1,-1,-1,-1,-1,1,1,1,-1,-1,1,-1,1,1,-1,-1,-1,-1,-1,1,1,-1,-1,-1,-1,-1,-1,1,1,-1,-1,-1,-1,1,1,1,1,-1,-1,-1,1,1,-1,1,-1,-1,1,-1,1,-1,1,-1,1,-1,1,1,-1,-1,-1,-1,1,1,-1,1,1,-1,-1,-1,1,-1,-1,-1,-1,1,-1,1,-1,-1,-1,1,-1,-1,1,-1,-1,1,-1,1,1,1,1,-1,1,-1,1,1,-1,-1,-1,1,1,1,-1,1,1,-1,1,1,-1,-1,-1,1,-1,1,-1,1,-1,1,1,-1,1,1,1,-1,1,-1,-1,1,1,1,1,-1,1,-1,1,1,-1,-1,1,-1,-1,1,1,1,-1,-1,1,-1,1,-1,1,-1,-1,1,-1,1,1,1,1,-1,1,-1,1,-1,1,-1,-1,1,-1,1,1,1,-1,-1,1,-1,1,1,1,-1,1,1,1,1,-1,1,1,-1,1,-1,1,1,-1,1,-1,1,1,1,-1,-1,1,-1,-1,1,-1,1,-1,1,1,-1,1,1,-1,-1,1,1,1,1,1,-1,1,1,-1,1,-1,1,-1,1,1,-1,-1,1,1,-1,1,-1,1,1,-1,1,-1,1,1,1,-1,1,1,-1,1,1,1,-1,1,-1,-1,1,1,1,-1,1,-1,-1,1,1,1,-1,1,-1,-1,-1,-1,1,-1,1,1,-1,1,1,1,1,-1,1,-1,-1,-1,1,-1,1,-1,-1,1,-1,-1,-1,1,1,-1,1,-1,1,-1,1,-1,1,-1,1,1,1,1,-1,1,-1,1,1,-1,1,-1,-1,-1,-1,1,1,-1,1,-1,-1,1,-1,1,-1,-1,-1,1,-1,-1,1,-1,1,-1,1,-1,1,1,-1,-1,-1,1,1,-1,1,-1,1,-1,-1,1,-1,1,-1,-1,-1,-1,1,-1,-1,1,1,-1,-1,-1,-1,1,1,-1,1,-1,1,-1,1,-1,1,-1,1,1,-1,1,-1,-1,-1,1,1,-1,1,-1,1,-1,1,-1,1,1,1,1,-1,1,-1,-1,1,-1,-1,-1,1,-1,1,-1,-1,1,-1,1,-1,-1,1,-1,-1,1,-1,1,-1,1,-1,1,-1,1,1,-1,1,-1,1,-1,1,-1,-1,1,-1,1,1,-1,1,-1,-1,1,1,-1,-1,1,-1,-1,1,1,1,1,1,1,-1,1,1,1,-1,-1,-1,1,-1,1,1,-1,1,-1,1,-1,-1,1,-1,-1,1,-1,-1,1,-1,-1,-1,1,1,-1,1,1,-1,-1,1,1,-1,-1,1,-1,-1,-1,-1,-1,1,1,-1,-1,-1,-1,-1,1,1,-1,-1,1,1,1,-1,1,-1,-1,1,1,-1,1,1,-1,-1,-1,1,-1,-1,1,1,-1,1,1,1,1,1,-1,1,1,1,-1,1,1,1,-1,1,1,-1,1,1,-1,1,1,1,-1,1,1,-1,-1,1,-1,1,1,1,-1,1,1,1,-1,1,1,-1,1,1,1,1,1,1,1,1,1,1,1,1,1,-1,1,-1,1,-1,1,1,1,1,1,1,1,1,1,-1,1,-1,1,1,1,1,1,-1,1,-1,1,1,1,1,1,1,1,1,1,1,1,-1,1,-1,1,1,-1,-1,-1,1,1,-1,1,1,-1,1,-1,1,1,1,-1,-1,1,-1,1,1,1,1,-1,-1,1,-1,1,1,1,-1,1,-1,1,-1,1,1,-1,-1,-1,1,-1,1,1,-1,1,-1,-1,1,1,1,1,-1,-1,1,-1,1,1,-1,-1,1,-1,-1,1,1,1,-1,-1,1,-1,1,1,-1,-1,-1,1,-1,1,1,1,-1,-1,1,-1,1,1,-1,1,1,1,-1,1,1,1,-1,1,-1,-1,1,-1,1,-1,1,-1,1,1,1,1,-1,-1,-1,-1,1,1,1,-1,1,1,1,1,1,-1,1,-1,-1,-1,1,-1,1,-1,1,1,1,1,1,1,-1,1,-1,1,-1,1,-1,1,-1,1,1,1,1,1,1,-1,-1,1,-1,1,1,1,-1,1,1,-1,-1,-1,1,-1,-1,1,1,-1,1,1,-1,1,1,1,-1,1,-1,1,1,1,-1,1,1,-1,-1,1,1,-1,-1,1,-1,-1,1,1,-1,1,1,1,-1,1,1,-1,-1,1,1,-1,1,1,-1,-1,-1,1,-1,1,1,-1,-1,-1,1,-1,1,1,-1,-1,1,1,-1,1,-1,1,-1,-1,1,-1,-1,1,-1,-1,-1,1,-1,1,1,-1,-1,1,-1,1,1,1,1,-1,-1,1,1,-1,-1,-1,-1,-1,-1,1,-1,1,-1,-1,-1,1,-1,1,1,-1,-1,-1,1,1,-1,-1,-1,1,-1,1,-1,-1,1,1,-1,1,-1,1,-1,1,1,-1,1,-1,1,-1,1,1,-1,1,1,-1,-1,-1,1,-1,1,-1,1,-1,-1,1,-1,1,-1,1,-1,1,1,-1,-1,1,-1,-1,-1,1,-1,1,1,-1,1,1,1,1,1,-1,1,-1,1,-1,1,1,-1,1,-1,-1,-1,-1,1,-1,1,1,1,-1,1,1,1,-1,-1,-1,1,1,1,-1,1,1,1,1,-1,1,-1,-1,1,1,1,1,1,-1,-1,1,1,1,1,1,1,-1,1,1,1,1,1,1,-1,1,1,-1,-1,1,1,-1,1,1,1,1,1,1,-1,1,1,1,-1,1,1,1,-1,1,1,-1,1,1,-1,1,1,-2652.0,1,2000,445,500,True
2611,-1,-1,1,1,1,1,-1,1,-1,-1,-1,1,-1,-1,-1,-1,1,-1,1,-1,-1,-1,-1,-1,-1,1,-1,-1,-1,-1,-1,-1,1,-1,-1,-1,1,-1,-1,1,-1,-1,-1,-1,-1,-1,1,1,-1,1,-1,-1,1,1,-1,1,-1,1,-1,-1,1,1,-1,1,-1,-1,-1,1,1,-1,-1,1,-1,-1,1,1,1,-1,1,-1,-1,-1,1,-1,1,-1,-1,1,1,1,1,-1,-1,-1,-1,1,-1,1,1,1,-1,-1,1,1,-1,1,1,-1,-1,1,1,1,1,1,-1,-1,1,1,1,1,1,-1,-1,1,1,1,1,1,1,-1,1,1,-1,1,1,-1,-1,1,1,-1,1,1,1,-1,-1,1,1,1,1,-1,-1,1,1,1,-1,1,1,-1,1,1,-1,1,1,1,-1,-1,1,-1,-1,1,-1,-1,1,1,-1,1,1,-1,-1,1,-1,1,-1,1,-1,-1,1,-1,-1,1,1,1,-1,1,-1,-1,-1,1,-1,-1,1,-1,-1,-1,1,1,-1,1,1,-1,-1,1,-1,-1,1,-1,-1,-1,1,-1,-1,1,1,-1,-1,-1,1,-1,-1,1,-1,-1,1,1,-1,1,1,-1,-1,1,1,-1,1,1,-1,-1,-1,1,1,-1,1,-1,-1,1,-1,-1,1,-1,-1,-1,1,1,-1,1,1,-1,1,-1,-1,-1,1,-1,1,-1,1,1,1,1,-1,1,-1,-1,-1,-1,-1,1,-1,1,-1,-1,1,1,1,-1,1,-1,1,1,-1,1,1,1,-1,1,1,1,1,-1,1,1,1,-1,1,1,1,1,-1,-1,1,-1,1,1,1,1,-1,1,1,-1,1,1,-1,-1,1,1,-1,1,1,-1,1,1,1,1,-1,1,-1,1,1,-1,-1,1,1,-1,-1,1,-1,1,-1,1,-1,1,1,1,-1,1,1,-1,1,1,1,-1,1,-1,-1,1,1,1,-1,1,-1,-1,-1,1,1,-1,1,-1,-1,1,-1,1,-1,1,1,-1,-1,1,1,-1,-1,1,-1,-1,1,1,-1,1,-1,-1,-1,-1,-1,-1,1,1,-1,-1,1,1,-1,1,-1,1,-1,1,1,1,1,-1,-1,1,1,1,-1,1,-1,-1,-1,-1,1,1,-1,1,-1,-1,1,-1,1,-1,-1,-1,1,-1,-1,1,-1,1,-1,-1,1,-1,1,-1,-1,-1,1,1,-1,1,-1,1,-1,-1,1,-1,1,-1,-1,-1,-1,1,-1,-1,1,1,-1,-1,1,-1,1,1,-1,1,-1,1,-1,1,-1,1,-1,-1,1,-1,1,-1,-1,-1,1,1,-1,1,-1,1,-1,1,-1,1,1,1,1,-1,1,-1,-1,1,-1,-1,-1,1,-1,1,-1,1,1,-1,1,-1,-1,1,-1,-1,1,-1,1,-1,1,-1,1,-1,1,1,-1,1,-1,1,-1,1,-1,-1,1,-1,1,1,1,1,-1,-1,1,1,-1,1,1,1,-1,1,1,1,-1,1,1,-1,1,1,1,1,-1,-1,1,-1,-1,-1,1,-1,-1,1,1,1,-1,1,-1,1,-1,-1,-1,1,1,-1,1,1,-1,1,-1,1,-1,1,1,-1,1,-1,1,-1,-1,-1,-1,1,-1,1,-1,-1,-1,-1,1,-1,1,-1,1,1,1,1,-1,1,-1,1,1,-1,1,-1,1,-1,-1,1,-1,1,-1,-1,1,1,1,1,1,-1,1,1,1,1,-1,1,-1,-1,1,1,1,-1,-1,-1,1,1,1,1,-1,-1,-1,1,-1,1,-1,1,1,-1,-1,1,1,1,-1,-1,-1,-1,1,1,1,1,1,-1,-1,1,1,1,1,1,-1,-1,1,-1,1,-1,1,-1,1,1,1,1,1,1,-1,-1,1,1,1,1,1,-1,-1,1,1,-1,1,1,-1,-1,1,1,1,1,1,1,-1,-1,1,1,-1,1,-1,1,-1,1,1,-1,1,-1,1,1,1,1,1,1,-1,-1,1,1,1,-1,1,1,1,-1,1,-1,-1,1,1,-1,-1,1,1,-1,1,1,-1,-1,1,1,-1,1,1,-1,1,1,1,-1,1,1,1,-1,1,1,-1,1,1,-1,-1,-1,-1,-1,1,1,1,-1,1,-1,-1,1,1,-1,-1,-1,1,-1,1,1,-1,1,-1,1,-1,1,1,1,-1,-1,1,-1,1,1,1,-1,1,-1,-1,1,-1,1,-1,1,-1,1,1,1,1,-1,-1,-1,-1,1,1,1,-1,1,1,-1,1,1,1,1,-1,-1,-1,1,1,1,-1,1,1,1,1,-1,1,-1,1,-1,1,-1,1,1,-1,-1,1,1,1,1,1,1,-1,-1,1,-1,1,1,1,-1,1,1,-1,-1,-1,1,-1,1,1,1,-1,1,1,-1,1,1,1,-1,1,-1,1,1,1,-1,1,1,-1,-1,1,1,-1,-1,-1,1,-1,1,1,-1,1,-1,-1,-1,1,1,-1,-1,-1,1,-1,1,1,-1,-1,-1,-1,-1,1,1,-1,-1,-1,1,-1,1,1,-1,-1,-1,-1,-1,1,-1,1,-1,-1,-1,1,1,1,-1,-1,-1,-1,-1,1,1,-1,-1,1,-1,1,1,1,1,-1,-1,-1,1,-1,-1,-1,-1,-1,-1,1,-1,1,-1,-1,-1,-1,1,-1,1,-1,-1,1,1,1,-1,1,-1,1,-1,1,-1,-1,1,1,-1,-1,1,1,-1,1,1,-1,1,-1,1,-1,1,1,-1,1,1,-1,-1,-1,1,-1,1,-1,1,-1,-1,1,-1,1,-1,1,-1,1,1,-1,-1,1,-1,-1,-1,1,-1,1,1,-1,1,1,1,1,1,-1,1,-1,1,-1,1,1,-1,1,-1,-1,-1,-1,1,-1,1,1,1,-1,1,1,1,-1,-1,-1,1,1,1,-1,1,1,1,1,-1,1,-1,-1,1,1,1,1,1,-1,-1,1,1,1,1,1,1,-1,1,1,1,1,1,1,-1,1,1,-1,-1,1,-1,-1,1,-1,1,1,1,1,-1,1,1,1,-1,1,-1,1,-1,1,1,-1,1,1,-1,1,1,-2652.0,1,2000,445,500,True
2612,-1,-1,1,1,1,1,-1,1,-1,-1,-1,1,-1,1,-1,-1,1,-1,1,-1,-1,1,-1,-1,-1,1,-1,-1,-1,-1,-1,-1,1,-1,-1,1,1,-1,-1,1,-1,-1,1,-1,-1,-1,1,1,-1,-1,-1,-1,1,1,-1,-1,-1,1,-1,-1,1,1,-1,1,-1,-1,-1,1,1,-1,1,-1,-1,-1,1,1,1,1,-1,-1,-1,-1,1,-1,-1,-1,-1,1,1,-1,1,-1,-1,-1,1,1,1,-1,-1,1,-1,1,1,1,-1,-1,-1,-1,1,1,1,-1,-1,-1,-1,1,1,1,1,-1,-1,-1,-1,1,1,-1,-1,-1,-1,1,1,1,-1,-1,-1,1,1,1,1,-1,-1,-1,1,-1,1,1,1,-1,-1,-1,-1,1,1,-1,1,-1,1,1,1,1,-1,1,-1,-1,1,-1,1,-1,1,-1,1,-1,1,1,-1,-1,-1,-1,1,1,-1,1,1,-1,1,-1,1,-1,-1,-1,-1,1,-1,1,-1,-1,1,-1,1,-1,1,-1,-1,1,-1,1,1,1,1,-1,1,-1,1,-1,1,-1,-1,1,-1,1,-1,1,1,-1,1,1,-1,1,-1,1,-1,1,1,1,-1,1,1,-1,1,-1,1,-1,1,-1,-1,1,1,1,-1,-1,1,-1,1,-1,-1,1,1,-1,-1,1,-1,1,-1,1,1,1,1,1,-1,-1,1,-1,1,1,1,-1,-1,1,-1,1,1,1,1,-1,-1,1,-1,1,1,1,-1,1,1,-1,1,1,-1,-1,1,1,1,1,1,-1,-1,1,1,1,1,1,1,-1,-1,1,1,1,1,1,-1,1,-1,1,1,-1,1,-1,1,-1,1,1,1,1,-1,1,-1,1,1,1,-1,-1,1,-1,1,1,1,-1,1,-1,1,-1,1,1,-1,1,-1,1,1,1,1,1,1,1,-1,-1,1,1,1,1,1,-1,-1,-1,1,-1,1,1,-1,-1,-1,1,1,-1,1,-1,-1,-1,1,1,-1,1,-1,-1,1,-1,1,-1,1,-1,-1,1,-1,1,-1,1,-1,1,-1,-1,1,1,-1,-1,-1,1,-1,1,-1,1,-1,-1,-1,1,1,-1,1,-1,-1,1,-1,1,-1,1,-1,-1,-1,-1,1,-1,1,1,-1,1,-1,1,1,-1,1,-1,-1,-1,1,-1,-1,1,1,1,-1,-1,1,-1,1,-1,-1,-1,-1,1,-1,1,1,1,-1,-1,1,-1,1,-1,-1,-1,-1,1,-1,-1,1,1,-1,-1,1,-1,1,1,-1,1,-1,1,-1,1,1,1,-1,-1,-1,-1,1,1,-1,1,-1,1,-1,1,-1,1,-1,-1,-1,1,1,1,1,-1,-1,-1,-1,1,-1,-1,-1,-1,-1,-1,1,1,1,-1,1,-1,-1,1,-1,-1,1,-1,-1,-1,1,-1,1,-1,1,-1,-1,1,-1,1,-1,1,-1,-1,1,-1,1,1,1,-1,-1,-1,1,1,-1,1,-1,-1,-1,1,1,1,-1,1,1,-1,1,1,1,1,1,-1,1,-1,1,1,-1,1,-1,1,-1,-1,1,-1,-1,1,-1,-1,1,-1,-1,-1,1,1,-1,1,1,-1,-1,1,1,-1,-1,1,-1,-1,-1,-1,-1,1,1,-1,-1,-1,-1,-1,1,1,-1,-1,1,1,1,-1,1,-1,1,-1,1,-1,1,1,-1,-1,-1,1,-1,-1,1,1,-1,1,1,1,1,1,1,-1,-1,1,-1,1,1,1,-1,-1,1,-1,1,1,-1,-1,1,1,-1,1,1,-1,-1,1,-1,1,1,1,1,-1,1,1,-1,1,1,1,-1,1,1,1,1,1,1,-1,-1,1,1,1,1,1,-1,1,1,-1,1,1,1,-1,-1,1,1,1,-1,1,-1,-1,1,1,1,1,1,-1,-1,-1,1,1,1,1,-1,-1,1,1,1,1,-1,1,-1,1,-1,1,-1,-1,1,-1,1,-1,1,1,-1,-1,1,-1,1,1,-1,-1,-1,-1,1,-1,1,1,-1,1,-1,1,-1,1,-1,1,-1,-1,1,1,1,1,-1,1,-1,1,-1,1,1,-1,-1,-1,1,-1,1,1,-1,1,1,1,1,1,-1,1,1,-1,1,1,1,1,-1,1,-1,1,-1,1,1,-1,1,1,-1,1,1,1,-1,1,1,-1,1,1,1,-1,1,-1,-1,1,1,-1,1,1,-1,1,-1,1,-1,1,1,1,-1,1,1,1,1,1,1,-1,1,1,-1,1,1,1,1,1,1,-1,1,1,1,-1,1,1,-1,1,1,-1,1,1,1,1,1,1,1,-1,1,1,-1,1,1,-1,1,1,1,-1,1,1,-1,-1,1,-1,-1,1,1,-1,1,1,-1,-1,-1,-1,-1,1,1,1,-1,1,1,-1,1,1,1,-1,1,-1,1,1,1,-1,1,1,-1,-1,1,1,-1,-1,-1,1,-1,1,1,-1,1,-1,-1,-1,1,1,-1,-1,-1,1,-1,1,1,-1,-1,-1,-1,-1,1,1,-1,-1,-1,1,-1,1,1,-1,-1,-1,-1,-1,1,-1,-1,-1,-1,-1,1,1,1,-1,-1,-1,1,-1,1,1,-1,-1,1,-1,1,1,1,1,-1,-1,-1,1,-1,-1,-1,-1,-1,-1,1,-1,1,-1,-1,-1,-1,1,-1,1,-1,-1,1,1,1,-1,1,-1,1,-1,1,-1,-1,1,1,-1,1,-1,1,-1,1,1,-1,1,1,1,-1,1,1,-1,1,-1,1,-1,-1,1,-1,1,-1,1,-1,-1,1,-1,1,-1,1,1,-1,1,-1,-1,1,-1,1,-1,1,-1,1,1,-1,1,-1,1,1,1,-1,1,-1,1,-1,1,1,-1,1,-1,-1,1,-1,1,-1,1,-1,1,1,-1,1,1,1,-1,-1,1,1,1,-1,1,1,1,1,1,-1,-1,1,-1,1,1,1,1,-1,1,-1,1,1,1,1,-1,1,1,1,1,1,1,-1,1,1,1,1,1,1,-1,1,-1,1,1,1,1,-1,1,1,1,1,1,1,1,-1,1,1,1,-1,1,-1,1,1,1,-2652.0,1,2000,445,500,True
2613,1,1,-1,-1,1,1,-1,-1,1,1,1,-1,1,1,1,1,-1,1,-1,-1,-1,-1,1,1,1,-1,-1,-1,1,1,1,1,1,-1,-1,-1,1,1,1,1,-1,-1,-1,1,1,1,-1,-1,1,1,1,1,-1,1,-1,-1,1,-1,1,1,1,-1,-1,-1,1,1,1,-1,-1,-1,-1,1,1,1,1,-1,-1,-1,1,-1,1,-1,-1,-1,1,1,1,1,-1,1,-1,1,-1,1,1,-1,-1,1,1,1,1,1,-1,-1,1,1,-1,1,1,-1,-1,-1,1,-1,1,1,-1,-1,1,1,-1,1,1,1,-1,-1,1,-1,1,1,1,-1,1,1,-1,1,1,1,-1,1,1,-1,1,1,1,-1,1,1,1,-1,1,1,-1,1,-1,1,-1,1,-1,-1,1,1,1,1,-1,1,-1,1,-1,1,-1,-1,-1,-1,1,1,-1,1,1,-1,1,-1,-1,1,1,-1,-1,-1,-1,1,1,1,-1,-1,1,1,-1,1,1,-1,1,-1,1,-1,1,1,-1,-1,-1,1,-1,1,1,-1,1,-1,1,-1,1,1,-1,1,-1,-1,-1,-1,1,-1,-1,-1,1,-1,1,1,-1,1,-1,-1,-1,1,1,-1,1,1,-1,-1,1,1,-1,-1,1,-1,-1,1,-1,1,1,1,-1,-1,1,1,-1,1,-1,-1,1,-1,-1,-1,1,-1,-1,-1,1,-1,-1,1,-1,-1,-1,-1,1,-1,1,-1,-1,1,-1,1,-1,1,1,-1,1,-1,-1,-1,-1,1,-1,1,-1,-1,-1,1,1,-1,1,1,1,-1,-1,1,-1,1,-1,-1,-1,1,1,-1,1,1,-1,-1,-1,1,-1,1,-1,-1,1,-1,-1,1,1,-1,-1,-1,1,1,-1,1,-1,1,-1,-1,1,-1,1,-1,1,-1,1,1,-1,1,-1,-1,-1,-1,-1,1,1,-1,-1,-1,-1,-1,1,-1,-1,-1,-1,-1,1,1,-1,-1,-1,1,1,1,1,-1,-1,1,1,-1,-1,1,1,-1,-1,1,-1,-1,-1,1,-1,-1,-1,1,-1,1,-1,-1,-1,-1,-1,-1,1,-1,-1,-1,1,1,-1,1,-1,-1,-1,1,1,-1,1,-1,-1,-1,1,-1,1,1,-1,-1,-1,-1,1,-1,-1,1,-1,-1,1,-1,-1,1,-1,-1,-1,1,-1,1,-1,1,-1,-1,1,-1,-1,1,-1,-1,1,1,-1,1,-1,1,-1,-1,1,-1,-1,-1,-1,-1,-1,1,-1,-1,1,1,-1,-1,-1,-1,1,-1,-1,1,-1,1,-1,-1,1,1,-1,-1,1,-1,-1,-1,-1,-1,1,1,-1,-1,1,1,-1,1,-1,1,-1,1,1,-1,1,-1,-1,-1,-1,-1,-1,1,-1,1,-1,1,1,-1,1,-1,-1,1,-1,-1,1,-1,1,-1,1,-1,1,-1,1,1,-1,-1,-1,1,-1,1,-1,-1,1,-1,1,1,1,1,-1,-1,-1,1,-1,1,1,1,-1,1,1,1,-1,1,1,-1,1,1,1,1,-1,1,1,-1,-1,-1,1,-1,1,1,1,1,-1,1,-1,1,-1,-1,-1,1,1,-1,1,1,-1,-1,-1,1,-1,1,1,-1,1,-1,1,-1,-1,-1,-1,-1,-1,1,-1,-1,-1,-1,-1,-1,1,-1,1,1,1,1,-1,1,-1,1,1,-1,-1,-1,1,-1,-1,1,-1,1,-1,-1,1,1,1,1,-1,-1,1,1,1,1,-1,1,-1,-1,1,1,1,-1,-1,-1,-1,1,1,1,-1,1,-1,1,-1,1,-1,1,1,-1,-1,1,1,1,-1,-1,-1,-1,1,1,1,1,-1,1,-1,1,1,1,1,-1,1,-1,1,1,1,-1,-1,1,-1,1,1,1,1,-1,1,-1,1,1,1,1,-1,1,-1,1,1,-1,1,-1,1,-1,1,1,1,1,-1,1,-1,1,1,1,-1,-1,-1,-1,1,1,1,-1,1,-1,-1,1,1,1,1,-1,-1,-1,1,1,1,-1,-1,1,-1,1,1,-1,-1,-1,-1,-1,1,1,1,-1,-1,-1,-1,1,1,1,-1,-1,-1,-1,1,1,1,-1,-1,-1,1,1,1,1,-1,-1,-1,-1,-1,1,-1,-1,-1,-1,-1,1,-1,1,-1,-1,-1,1,1,1,1,-1,-1,-1,-1,1,-1,1,-1,-1,-1,1,1,1,1,-1,-1,-1,1,1,1,-1,-1,-1,1,1,1,-1,-1,1,-1,1,1,1,-1,-1,-1,1,1,1,1,-1,1,-1,-1,-1,1,-1,1,-1,-1,-1,1,1,1,1,1,1,-1,1,1,1,1,-1,1,1,-1,1,1,-1,1,1,-1,-1,1,1,1,-1,1,1,-1,1,1,1,-1,1,-1,-1,-1,-1,1,1,1,-1,-1,1,1,1,1,1,1,-1,1,1,1,1,1,-1,1,1,1,-1,1,1,1,1,-1,1,-1,1,1,1,-1,-1,1,-1,1,1,1,1,-1,1,-1,1,1,1,1,1,-1,1,1,1,1,1,1,-1,1,1,1,1,1,-1,-1,-1,1,-1,1,1,1,-1,1,1,1,-1,1,1,-1,-1,1,1,1,1,1,-1,1,1,1,1,1,1,-1,1,-1,1,1,1,1,-1,1,-1,1,1,1,-1,1,1,1,1,1,1,1,-1,1,1,1,1,-1,1,-1,1,1,-1,1,1,-1,1,1,1,1,1,1,1,-1,1,-1,1,1,1,1,1,-1,1,1,1,1,-1,1,1,1,-1,1,1,-1,1,-1,1,-1,1,1,1,1,-1,-1,1,1,-1,1,1,-1,-1,1,1,1,-1,1,1,1,1,1,-1,1,-1,1,1,1,1,-1,1,1,-1,1,1,1,-1,1,1,-1,-1,-1,-1,-1,1,1,-1,1,1,1,-1,1,1,-1,-1,1,1,-1,1,1,-1,1,1,1,-1,-1,1,-1,1,1,1,-1,1,1,-1,1,1,1,-1,-1,1,-1,1,-1,1,1,-1,1,-1,-1,1,1,-1,1,1,-1,1,1,-1,1,-1,1,1,-1,1,-2652.0,1,2000,445,500,True
2614,-1,-1,1,1,1,1,-1,1,-1,-1,-1,1,-1,-1,-1,-1,1,-1,1,-1,-1,1,-1,-1,-1,1,-1,-1,-1,-1,-1,-1,1,-1,-1,1,1,-1,-1,1,-1,-1,1,-1,-1,-1,1,1,-1,-1,-1,-1,-1,1,-1,1,-1,1,-1,-1,1,1,-1,1,-1,-1,-1,1,1,-1,1,-1,-1,-1,1,1,1,1,-1,-1,-1,1,1,-1,-1,-1,-1,1,1,1,1,-1,-1,-1,1,1,-1,1,-1,1,-1,1,1,1,-1,-1,-1,-1,1,1,1,1,-1,-1,-1,1,1,1,1,-1,-1,-1,-1,1,1,1,-1,-1,-1,1,1,1,-1,-1,-1,1,1,1,1,-1,-1,-1,1,-1,1,1,1,-1,-1,-1,-1,1,1,1,1,-1,1,1,1,1,-1,1,-1,-1,1,-1,1,-1,1,-1,1,-1,1,1,-1,-1,-1,-1,1,1,-1,1,1,-1,1,-1,1,-1,-1,-1,-1,1,-1,1,-1,-1,1,-1,1,-1,1,-1,-1,1,-1,1,1,1,1,-1,1,-1,1,-1,1,-1,-1,1,-1,1,-1,1,1,-1,1,1,-1,1,-1,1,-1,1,-1,1,-1,1,1,-1,1,-1,1,-1,1,-1,-1,1,1,1,-1,-1,1,-1,1,-1,-1,-1,1,-1,-1,1,-1,1,-1,1,-1,-1,1,1,-1,-1,1,-1,-1,1,1,-1,1,1,1,-1,1,1,1,1,-1,1,-1,1,1,1,-1,1,1,-1,1,-1,-1,-1,1,-1,-1,1,1,-1,-1,1,1,-1,1,1,1,-1,1,1,-1,1,1,1,-1,-1,1,-1,1,-1,1,-1,1,1,-1,1,1,1,-1,1,1,-1,1,1,-1,-1,1,-1,1,1,1,-1,1,1,1,-1,1,1,-1,1,1,-1,1,1,1,1,1,1,1,-1,1,1,1,1,1,1,-1,-1,1,-1,1,1,1,-1,-1,1,1,-1,1,-1,-1,-1,1,1,-1,1,1,-1,1,-1,1,-1,1,1,1,1,-1,1,-1,1,1,-1,-1,-1,1,1,-1,-1,-1,1,-1,1,-1,1,-1,-1,-1,1,1,-1,1,1,1,1,-1,1,-1,1,-1,-1,-1,-1,1,-1,1,1,1,1,-1,1,1,1,1,1,-1,-1,1,-1,-1,1,1,1,-1,-1,1,-1,1,-1,-1,-1,-1,1,-1,1,1,1,-1,-1,1,-1,1,-1,-1,-1,-1,1,-1,-1,1,1,-1,-1,1,-1,1,1,-1,1,-1,1,-1,-1,1,1,-1,-1,-1,-1,1,1,-1,1,-1,1,-1,1,1,1,-1,-1,1,-1,1,1,1,-1,-1,-1,-1,1,-1,-1,1,-1,-1,-1,1,1,1,1,1,-1,-1,1,-1,-1,1,-1,-1,-1,1,-1,1,-1,1,-1,-1,-1,-1,1,-1,1,-1,-1,1,1,1,1,1,-1,-1,-1,1,1,-1,1,-1,-1,-1,1,1,1,-1,1,1,-1,1,1,1,1,1,1,1,-1,1,1,-1,1,-1,1,-1,1,-1,-1,-1,1,-1,-1,1,-1,-1,-1,1,1,-1,1,1,-1,-1,1,1,-1,-1,1,-1,-1,-1,-1,-1,1,1,-1,-1,-1,-1,-1,1,1,-1,-1,1,1,1,-1,1,-1,1,-1,1,-1,1,1,-1,-1,-1,1,-1,-1,1,1,-1,1,1,1,1,1,1,-1,-1,1,-1,1,1,1,-1,-1,1,-1,1,1,-1,-1,1,1,-1,1,1,-1,1,1,-1,1,1,1,1,-1,1,-1,-1,1,1,-1,1,1,1,1,1,1,1,-1,-1,1,1,1,1,1,-1,1,1,-1,1,1,1,-1,-1,1,1,1,-1,1,-1,-1,1,-1,1,1,1,-1,-1,-1,1,1,1,1,-1,-1,1,1,1,1,-1,1,-1,1,-1,1,-1,-1,1,-1,1,-1,1,1,-1,-1,1,-1,1,1,-1,-1,-1,-1,1,-1,1,1,-1,1,-1,1,-1,1,-1,1,-1,-1,1,-1,1,1,-1,1,-1,1,-1,1,1,-1,1,-1,1,-1,1,1,-1,1,1,1,1,1,-1,1,1,-1,1,1,1,1,-1,1,-1,1,-1,1,1,-1,1,1,-1,1,1,1,-1,1,1,-1,1,1,1,-1,1,-1,-1,1,1,-1,1,1,-1,1,-1,1,-1,1,1,1,-1,1,1,1,1,1,1,-1,1,1,-1,1,1,1,1,1,1,-1,1,1,1,-1,1,1,-1,1,1,-1,1,1,-1,1,1,-1,1,-1,1,1,-1,1,1,-1,1,1,1,-1,1,1,-1,-1,1,-1,-1,1,1,-1,1,1,-1,-1,-1,1,-1,1,1,1,-1,1,1,-1,1,1,1,-1,1,-1,1,1,1,-1,1,1,-1,-1,1,1,-1,-1,-1,-1,-1,1,1,-1,1,-1,-1,-1,1,1,-1,-1,1,-1,-1,1,1,-1,-1,-1,-1,-1,1,1,-1,-1,-1,-1,-1,-1,1,-1,-1,-1,-1,-1,1,-1,-1,-1,-1,-1,-1,-1,1,-1,-1,-1,1,-1,1,1,-1,-1,1,-1,-1,1,1,1,-1,-1,-1,-1,-1,1,-1,-1,-1,-1,1,-1,1,-1,-1,-1,-1,-1,1,1,-1,-1,1,-1,1,-1,1,-1,1,-1,-1,-1,-1,1,1,-1,1,-1,-1,-1,1,1,-1,1,-1,1,-1,1,1,-1,1,-1,1,-1,-1,1,-1,1,1,-1,-1,-1,1,-1,1,1,-1,1,-1,1,-1,-1,1,1,-1,-1,1,-1,1,1,1,1,-1,1,1,1,1,-1,-1,1,-1,1,1,1,1,1,-1,-1,-1,1,1,1,-1,1,-1,1,1,1,1,-1,-1,1,1,1,1,-1,1,1,1,-1,1,1,1,-1,1,1,1,1,1,1,-1,1,1,1,1,1,1,1,1,1,1,1,1,1,-1,1,-1,-1,1,1,1,-1,-1,1,1,1,1,1,1,1,1,-1,1,1,-1,1,1,1,-1,1,1,1,-1,1,-2652.0,1,2000,445,500,True
2615,-1,-1,1,1,1,-1,1,1,-1,-1,-1,-1,1,1,-1,-1,1,-1,-1,-1,1,1,-1,-1,-1,-1,1,1,-1,-1,-1,-1,1,-1,1,1,1,-1,-1,-1,-1,1,1,-1,-1,-1,-1,-1,1,-1,-1,-1,1,-1,-1,1,-1,1,-1,-1,-1,-1,-1,1,-1,-1,-1,-1,-1,1,1,-1,-1,-1,-1,1,1,1,-1,-1,-1,1,-1,1,-1,-1,-1,-1,-1,1,1,-1,-1,-1,-1,-1,1,-1,-1,1,-1,-1,-1,1,-1,-1,-1,-1,-1,-1,1,1,-1,-1,-1,-1,-1,1,1,-1,-1,1,-1,-1,1,1,-1,-1,1,-1,-1,1,-1,-1,-1,1,-1,-1,1,-1,-1,-1,1,-1,-1,1,1,-1,-1,-1,-1,-1,-1,1,1,-1,1,1,-1,1,-1,1,-1,-1,-1,-1,1,-1,1,-1,-1,-1,-1,1,-1,-1,-1,1,-1,-1,-1,1,1,-1,-1,-1,-1,-1,-1,-1,-1,1,-1,1,-1,-1,1,-1,1,-1,-1,1,-1,1,-1,1,-1,-1,-1,-1,1,-1,1,-1,1,1,-1,1,-1,1,1,-1,-1,-1,1,1,-1,1,-1,-1,-1,1,1,-1,1,-1,-1,-1,1,-1,-1,1,-1,1,-1,1,1,-1,1,-1,1,-1,1,-1,1,1,-1,1,-1,1,-1,-1,1,-1,1,-1,1,1,1,1,-1,1,1,1,1,-1,1,1,-1,1,1,1,1,1,1,-1,-1,1,1,1,1,1,-1,-1,1,1,-1,-1,1,1,1,1,1,-1,-1,1,1,-1,1,1,1,-1,1,1,1,1,1,1,-1,1,-1,1,1,-1,1,-1,1,-1,1,1,1,1,-1,1,1,1,1,1,-1,1,1,1,-1,1,1,-1,1,1,-1,1,1,1,-1,1,1,1,-1,1,1,1,1,1,-1,1,1,1,1,1,1,-1,1,-1,1,-1,1,1,-1,1,-1,1,1,-1,1,-1,1,-1,1,1,-1,1,-1,1,1,-1,1,-1,1,1,1,1,-1,1,-1,1,-1,1,-1,-1,1,1,-1,-1,1,1,-1,1,-1,1,-1,1,-1,1,1,-1,1,1,1,-1,1,1,-1,1,-1,1,-1,-1,1,-1,1,1,1,1,-1,1,1,1,1,1,-1,-1,1,-1,-1,1,-1,1,-1,-1,1,-1,1,1,-1,-1,1,1,-1,1,-1,1,1,-1,1,-1,1,1,-1,-1,-1,1,-1,-1,1,1,-1,-1,1,-1,1,1,-1,1,-1,1,-1,-1,1,1,-1,-1,-1,-1,1,1,-1,1,-1,1,-1,1,-1,1,-1,-1,-1,-1,1,-1,1,-1,-1,-1,-1,1,-1,-1,1,-1,-1,-1,1,1,1,1,1,-1,-1,1,-1,-1,1,-1,-1,-1,1,-1,1,-1,1,-1,-1,-1,-1,1,-1,1,-1,-1,1,-1,1,1,1,-1,-1,-1,1,1,-1,1,-1,-1,-1,1,1,1,-1,1,1,-1,1,1,1,1,1,1,1,-1,1,1,-1,1,-1,1,-1,1,-1,-1,-1,1,-1,-1,1,-1,-1,-1,1,1,-1,1,1,-1,-1,1,1,-1,-1,1,-1,-1,-1,-1,-1,1,1,-1,-1,-1,-1,-1,1,1,-1,-1,1,1,1,-1,1,-1,1,1,1,-1,1,1,-1,-1,-1,1,-1,-1,1,1,-1,1,1,1,1,1,1,-1,-1,1,-1,1,1,1,-1,-1,1,-1,1,1,-1,-1,1,1,-1,1,1,-1,-1,1,1,1,1,1,1,-1,1,-1,-1,1,1,1,-1,1,-1,1,1,1,1,-1,-1,1,1,1,1,1,-1,1,1,-1,1,1,1,-1,-1,1,1,1,-1,1,-1,-1,1,-1,1,1,1,-1,-1,-1,1,1,1,1,-1,-1,1,1,1,1,-1,1,-1,1,-1,1,-1,-1,1,-1,1,-1,1,1,-1,1,-1,1,1,1,-1,1,-1,-1,1,-1,1,1,-1,1,-1,1,-1,1,-1,1,-1,-1,1,-1,1,1,1,1,-1,1,-1,1,-1,1,-1,-1,1,-1,1,1,-1,1,1,1,1,1,-1,1,1,-1,1,1,1,1,-1,1,-1,-1,1,1,1,-1,1,1,-1,1,1,1,-1,1,1,-1,1,1,1,1,1,-1,-1,1,1,1,-1,1,-1,1,-1,1,1,-1,1,1,-1,1,1,1,-1,1,1,-1,1,-1,1,-1,-1,1,1,1,1,1,1,1,1,-1,1,1,1,-1,1,-1,1,1,1,1,-1,-1,1,-1,1,1,1,1,-1,-1,1,1,1,1,1,1,-1,-1,1,-1,1,1,-1,-1,1,1,1,1,1,-1,-1,1,1,1,1,-1,-1,-1,1,1,-1,1,-1,-1,1,1,1,1,1,1,-1,-1,1,1,1,1,-1,-1,-1,1,1,1,1,-1,-1,-1,1,1,1,1,1,-1,-1,1,1,1,1,1,-1,-1,1,1,1,1,1,1,-1,-1,1,1,1,1,-1,-1,1,-1,1,1,1,1,-1,-1,1,-1,1,1,1,-1,1,1,1,1,-1,1,-1,1,1,1,-1,1,1,1,-1,1,1,-1,1,-1,1,-1,1,1,-1,1,1,-1,1,1,-1,1,-1,1,1,-1,1,-1,-1,1,1,-1,-1,1,1,-1,-1,1,1,-1,1,1,-1,1,-1,1,-1,1,1,-1,1,1,-1,-1,-1,-1,-1,1,-1,1,-1,-1,1,-1,1,-1,1,-1,-1,1,-1,-1,1,-1,-1,-1,-1,-1,1,1,-1,1,-1,-1,1,1,-1,1,-1,1,-1,1,1,-1,-1,-1,-1,-1,-1,1,-1,1,-1,1,-1,1,1,1,-1,1,-1,1,1,1,-1,-1,-1,1,-1,-1,1,-1,-1,1,1,1,1,1,-1,-1,1,1,-1,1,1,1,-1,-1,1,-1,1,1,1,-1,1,1,1,1,1,-1,-1,1,1,-1,-1,1,1,-1,-1,1,-1,1,1,-1,1,-1,1,1,-1,1,1,-1,-1,1,-2652.0,1,2000,445,500,True
2616,1,1,-1,-1,1,1,-1,-1,1,1,1,-1,1,-1,-1,1,-1,1,-1,-1,-1,1,1,1,1,1,-1,-1,1,1,1,1,-1,-1,-1,-1,1,1,1,1,-1,-1,-1,1,1,1,1,1,-1,1,1,1,-1,1,-1,1,1,-1,1,1,1,-1,-1,1,1,1,1,1,1,-1,1,1,1,1,1,1,1,-1,1,1,1,-1,1,-1,1,1,1,1,1,1,1,1,-1,1,1,1,-1,1,1,1,1,1,1,1,-1,1,-1,1,1,1,1,1,1,-1,1,1,1,1,1,1,-1,1,1,1,1,1,1,-1,1,1,1,1,-1,1,-1,1,1,1,1,-1,1,-1,1,1,1,1,1,1,1,-1,1,1,1,1,-1,1,-1,1,1,1,-1,-1,1,1,1,-1,1,-1,1,-1,1,-1,1,1,-1,1,-1,1,1,1,-1,1,-1,1,1,-1,1,-1,-1,1,-1,1,-1,1,-1,-1,-1,1,1,-1,1,-1,-1,-1,1,1,1,1,1,-1,1,-1,1,-1,1,-1,-1,-1,1,1,-1,1,1,-1,-1,-1,1,1,-1,1,-1,-1,-1,1,-1,1,1,-1,-1,1,1,-1,1,-1,-1,-1,1,1,-1,-1,1,-1,-1,1,1,1,1,-1,-1,-1,1,1,-1,1,1,-1,-1,1,-1,-1,1,-1,1,-1,1,-1,-1,1,-1,1,1,1,1,-1,-1,1,-1,1,1,1,-1,1,1,-1,1,-1,-1,-1,1,1,1,1,1,-1,-1,1,1,-1,1,1,-1,-1,-1,1,1,1,1,1,-1,1,-1,1,1,-1,1,-1,1,-1,1,1,1,1,-1,1,-1,1,1,1,-1,-1,1,1,-1,1,1,-1,1,-1,-1,1,1,1,-1,1,-1,1,-1,1,1,1,1,1,-1,1,1,1,1,1,1,-1,1,-1,1,-1,1,1,-1,1,-1,1,1,-1,1,1,1,-1,1,1,1,1,-1,1,1,-1,1,-1,1,-1,-1,1,-1,1,-1,1,-1,1,-1,-1,1,1,1,1,1,1,-1,1,-1,1,-1,1,-1,-1,1,-1,1,-1,1,-1,1,1,-1,-1,1,1,-1,-1,1,-1,1,-1,-1,1,-1,1,1,-1,-1,1,-1,-1,1,1,-1,1,-1,1,-1,-1,1,-1,-1,1,-1,-1,-1,1,-1,1,-1,1,1,-1,1,-1,-1,-1,-1,-1,-1,1,-1,-1,1,1,-1,-1,1,-1,1,-1,-1,1,-1,1,-1,-1,1,1,-1,-1,-1,1,-1,-1,-1,1,-1,1,-1,-1,1,1,-1,-1,-1,1,-1,1,1,-1,-1,-1,-1,-1,-1,-1,1,-1,-1,1,-1,1,1,1,1,-1,-1,1,-1,-1,1,-1,-1,-1,1,-1,1,-1,1,-1,-1,-1,-1,1,-1,1,-1,-1,1,-1,1,1,1,-1,-1,-1,-1,1,-1,1,-1,1,-1,1,1,1,-1,1,1,-1,1,1,1,1,1,-1,1,-1,-1,1,-1,1,-1,1,-1,-1,1,1,-1,1,-1,-1,-1,1,1,-1,1,1,-1,-1,-1,1,-1,1,1,-1,-1,-1,1,-1,-1,-1,-1,1,-1,1,-1,-1,-1,-1,-1,-1,1,-1,1,1,1,1,-1,1,-1,1,1,-1,-1,-1,1,-1,-1,1,-1,1,-1,-1,1,1,1,1,-1,1,-1,1,-1,1,-1,1,-1,1,-1,-1,1,-1,-1,-1,1,-1,1,1,-1,1,-1,1,1,1,1,1,1,-1,-1,-1,1,-1,-1,-1,-1,-1,1,1,-1,1,-1,1,1,-1,-1,1,1,-1,1,-1,-1,1,1,-1,-1,1,-1,-1,-1,1,1,-1,1,-1,-1,-1,1,-1,-1,1,-1,1,-1,-1,1,-1,1,1,-1,-1,1,1,-1,1,-1,1,-1,1,-1,-1,-1,-1,1,-1,1,-1,-1,1,-1,-1,1,-1,1,-1,-1,-1,-1,-1,1,-1,-1,1,-1,1,-1,1,-1,-1,-1,-1,1,-1,1,-1,-1,-1,-1,1,-1,1,-1,-1,-1,-1,1,-1,1,-1,-1,-1,-1,1,1,1,1,-1,-1,1,1,-1,1,1,-1,-1,-1,1,-1,1,-1,-1,-1,-1,1,1,-1,1,-1,-1,-1,1,1,-1,1,-1,-1,-1,1,-1,-1,1,-1,-1,1,1,-1,1,-1,-1,-1,1,1,-1,-1,1,-1,1,1,1,1,-1,1,1,-1,1,1,-1,1,1,-1,-1,1,1,1,-1,1,-1,-1,1,1,-1,1,1,-1,1,1,1,-1,1,1,1,-1,1,1,1,-1,1,-1,-1,1,1,-1,-1,1,1,-1,1,1,-1,1,1,-1,-1,-1,-1,-1,1,1,-1,-1,1,1,-1,1,1,1,-1,1,-1,1,1,1,-1,1,1,-1,-1,1,1,-1,-1,-1,1,-1,1,1,-1,1,-1,-1,-1,1,1,-1,-1,-1,1,-1,1,1,-1,-1,-1,-1,-1,1,1,1,-1,-1,1,-1,1,1,-1,-1,-1,-1,-1,1,-1,1,-1,-1,-1,1,1,1,1,-1,-1,1,-1,1,1,1,-1,1,-1,1,1,1,1,-1,-1,-1,1,-1,1,-1,-1,-1,-1,1,-1,1,-1,-1,-1,-1,1,1,1,1,-1,1,1,-1,1,1,-1,1,-1,1,1,1,1,1,-1,1,1,1,1,1,1,-1,1,-1,1,-1,1,1,-1,1,1,-1,1,1,1,-1,1,-1,1,1,-1,1,-1,1,-1,1,1,-1,1,-1,-1,1,-1,-1,1,1,-1,1,1,-1,-1,1,1,1,1,-1,1,1,1,-1,1,1,-1,1,1,1,-1,-1,1,-1,-1,1,1,-1,1,1,1,-1,-1,-1,1,1,1,-1,-1,1,1,1,-1,1,-1,-1,-1,1,1,1,1,-1,-1,1,1,1,1,1,1,-1,1,1,1,1,1,1,-1,1,1,-1,-1,1,-1,-1,1,-1,1,1,1,1,-1,-1,1,1,-1,1,-1,1,-1,1,1,-1,1,1,-1,-1,1,-2652.0,1,2000,445,500,True
2617,-1,-1,1,1,1,1,-1,1,-1,-1,-1,1,-1,1,-1,-1,1,-1,1,1,1,1,-1,-1,-1,1,-1,-1,1,-1,-1,-1,1,1,-1,1,1,1,-1,-1,1,-1,1,-1,-1,-1,-1,-1,1,-1,1,-1,1,-1,1,-1,-1,1,1,-1,-1,1,1,1,-1,1,-1,-1,-1,-1,1,-1,1,1,-1,-1,1,1,-1,-1,-1,1,1,-1,-1,1,1,-1,-1,1,-1,-1,1,1,-1,-1,1,1,-1,1,1,1,-1,-1,1,-1,1,1,1,-1,-1,1,-1,1,1,1,-1,-1,1,-1,-1,1,1,-1,-1,1,-1,-1,1,1,-1,-1,1,-1,1,1,1,1,-1,1,-1,-1,1,1,1,-1,-1,-1,-1,1,1,-1,-1,1,1,-1,1,1,1,-1,1,-1,-1,1,1,1,-1,1,-1,1,1,1,-1,-1,1,-1,1,1,1,-1,1,-1,1,-1,1,1,-1,1,1,-1,1,-1,1,1,1,1,1,-1,1,1,-1,1,1,1,-1,-1,1,1,-1,1,1,1,-1,1,1,1,1,1,-1,-1,1,-1,-1,1,1,1,-1,1,-1,-1,1,1,1,-1,1,-1,1,1,1,-1,-1,1,-1,1,1,1,1,-1,-1,1,-1,1,1,-1,1,1,-1,1,1,1,-1,-1,1,-1,1,-1,1,-1,-1,1,-1,1,-1,1,-1,-1,1,-1,1,-1,1,-1,-1,1,1,-1,1,1,-1,-1,1,1,-1,1,1,-1,-1,-1,1,-1,-1,1,-1,-1,-1,1,1,-1,1,-1,-1,-1,1,-1,-1,1,-1,-1,-1,-1,1,-1,-1,1,-1,-1,1,1,-1,1,-1,-1,-1,1,-1,-1,1,-1,-1,1,1,1,-1,1,-1,-1,1,1,-1,1,1,-1,1,-1,1,-1,-1,1,-1,1,1,1,1,1,1,-1,-1,1,1,1,1,-1,-1,-1,1,1,1,1,-1,-1,1,-1,1,1,1,-1,-1,1,-1,1,-1,1,1,-1,1,-1,1,1,1,1,-1,-1,1,1,1,-1,-1,-1,1,1,-1,-1,1,1,-1,1,-1,1,-1,1,-1,1,1,-1,1,1,1,-1,1,1,-1,1,-1,1,-1,-1,1,-1,1,1,1,1,-1,1,1,-1,1,1,-1,-1,1,-1,-1,1,-1,1,-1,-1,1,-1,1,1,-1,-1,-1,1,-1,1,-1,1,-1,-1,1,-1,1,1,-1,-1,-1,1,-1,-1,1,1,-1,-1,1,-1,1,1,-1,1,-1,1,-1,1,1,1,-1,-1,-1,-1,1,1,-1,1,-1,1,-1,1,-1,1,-1,-1,-1,1,1,-1,1,-1,-1,-1,-1,1,-1,-1,1,-1,-1,-1,1,-1,1,1,1,-1,-1,1,-1,-1,1,-1,-1,-1,-1,1,1,-1,1,-1,-1,-1,1,1,-1,1,-1,-1,-1,1,1,1,1,-1,-1,-1,1,1,-1,1,-1,-1,-1,1,1,1,-1,1,1,-1,1,1,1,1,1,-1,1,-1,1,1,-1,1,-1,1,-1,-1,1,-1,-1,1,-1,-1,1,-1,-1,-1,1,1,-1,1,1,-1,-1,1,1,-1,-1,1,-1,-1,-1,-1,-1,1,1,-1,-1,-1,-1,-1,1,1,-1,1,1,1,1,-1,1,-1,-1,1,1,-1,1,1,-1,1,-1,1,-1,-1,1,1,-1,1,1,1,1,1,1,-1,1,1,-1,1,1,-1,1,1,1,-1,1,1,-1,1,1,1,-1,1,1,-1,-1,1,-1,1,-1,1,1,1,1,-1,-1,1,1,1,1,1,1,1,1,1,-1,1,1,1,1,-1,1,1,1,-1,1,-1,1,-1,1,1,1,1,1,1,-1,1,1,-1,1,-1,1,-1,-1,1,1,-1,1,1,-1,-1,1,1,1,1,1,-1,1,1,1,-1,-1,1,-1,1,1,1,1,-1,1,-1,1,1,-1,1,1,-1,1,1,1,-1,1,-1,-1,-1,1,1,-1,1,-1,-1,-1,1,1,-1,1,-1,1,-1,1,1,-1,1,-1,1,-1,1,1,-1,1,-1,-1,-1,-1,1,1,1,1,1,-1,1,1,-1,1,1,1,-1,-1,1,-1,1,-1,1,-1,1,1,1,-1,1,1,-1,1,1,1,-1,1,1,-1,-1,1,-1,-1,1,-1,-1,-1,1,-1,1,-1,-1,1,-1,1,1,-1,1,1,-1,-1,1,1,-1,1,1,-1,-1,-1,1,1,1,1,-1,-1,1,1,-1,1,1,-1,-1,1,-1,1,1,1,1,-1,-1,1,-1,1,1,-1,1,-1,-1,1,1,1,-1,-1,-1,-1,-1,1,-1,1,-1,1,-1,1,1,1,1,-1,-1,-1,1,1,1,1,-1,1,-1,1,1,-1,1,-1,-1,1,1,1,1,-1,1,-1,-1,1,1,1,1,1,-1,-1,1,1,1,1,-1,-1,-1,1,1,1,1,1,-1,-1,1,1,1,1,1,1,-1,1,1,-1,1,1,-1,-1,1,1,-1,1,1,-1,-1,1,-1,1,1,1,1,-1,-1,1,-1,1,-1,1,-1,1,1,-1,1,-1,1,-1,1,1,-1,1,1,1,-1,-1,1,1,1,1,-1,1,-1,1,1,1,1,-1,1,-1,1,1,1,-1,-1,1,-1,1,1,-1,1,-1,-1,-1,1,-1,1,-1,1,-1,-1,1,-1,1,-1,-1,-1,-1,1,-1,1,-1,-1,-1,-1,-1,1,1,-1,1,-1,-1,1,-1,1,-1,1,-1,1,-1,-1,1,1,1,1,-1,-1,1,-1,-1,-1,1,1,-1,1,-1,-1,1,-1,-1,1,1,-1,-1,1,-1,-1,-1,-1,1,-1,1,1,-1,1,-1,1,-1,-1,-1,1,-1,-1,-1,-1,1,-1,-1,1,1,-1,1,1,-1,1,1,-1,-1,-1,1,-1,1,1,1,1,-1,1,-1,-1,-1,1,-1,-1,1,-1,1,1,1,-1,-1,1,-1,1,1,-1,-1,-1,1,-1,-1,1,1,-1,-1,-1,1,-1,1,-1,1,-1,1,-1,-1,1,-2652.0,1,2000,445,1500,True
2618,-1,-1,1,1,1,1,-1,1,-1,-1,-1,1,-1,1,-1,-1,1,-1,1,1,-1,-1,-1,-1,-1,1,-1,-1,-1,-1,-1,-1,1,1,-1,-1,1,-1,-1,-1,1,-1,-1,-1,-1,-1,1,1,-1,1,-1,-1,-1,1,1,-1,-1,1,-1,-1,1,1,1,1,-1,-1,-1,1,1,-1,-1,1,-1,-1,1,-1,-1,-1,1,-1,-1,1,1,-1,1,-1,-1,1,1,1,-1,-1,-1,-1,1,1,-1,1,1,1,-1,1,1,-1,1,1,-1,-1,1,1,-1,1,1,1,-1,1,1,-1,1,1,-1,-1,1,1,-1,1,1,1,-1,1,1,-1,1,1,-1,1,1,1,-1,-1,1,-1,1,1,1,-1,1,1,1,-1,1,1,-1,-1,-1,1,-1,1,1,-1,1,-1,1,1,1,1,-1,1,1,-1,1,1,-1,-1,1,1,-1,-1,1,-1,1,-1,-1,1,1,1,-1,1,1,1,-1,1,1,1,1,1,-1,1,1,1,-1,1,1,-1,1,1,1,1,-1,1,1,-1,1,1,-1,1,1,-1,1,1,1,1,1,1,-1,-1,1,1,-1,-1,1,-1,-1,1,-1,1,-1,1,-1,1,1,1,-1,-1,1,-1,1,1,-1,1,-1,1,-1,1,1,1,-1,1,1,-1,1,1,1,-1,1,-1,-1,1,1,1,-1,1,-1,-1,1,1,1,-1,1,-1,1,1,1,1,-1,-1,1,1,1,-1,1,1,-1,1,1,-1,1,1,1,1,-1,1,1,-1,1,-1,1,-1,1,1,-1,1,1,1,1,1,1,1,1,-1,-1,1,1,-1,1,1,1,1,-1,1,1,-1,1,1,1,1,1,1,1,1,1,-1,-1,1,1,-1,1,1,-1,1,1,1,1,-1,1,1,-1,1,1,1,1,1,-1,1,1,1,1,1,1,-1,1,-1,1,1,1,1,-1,1,-1,1,1,1,1,-1,1,-1,1,-1,-1,1,-1,1,1,-1,1,1,1,1,1,1,-1,1,-1,1,-1,1,-1,-1,1,-1,-1,-1,1,1,-1,1,-1,1,-1,1,-1,1,-1,1,1,1,1,-1,1,-1,1,1,-1,1,-1,-1,-1,-1,1,1,1,1,-1,-1,1,1,1,1,-1,-1,1,-1,-1,1,-1,1,-1,-1,1,-1,1,1,-1,-1,1,1,-1,1,-1,1,-1,-1,1,-1,1,1,-1,-1,-1,1,-1,-1,1,1,-1,-1,-1,-1,1,1,-1,1,-1,1,-1,-1,1,1,-1,-1,1,-1,1,1,-1,-1,1,1,-1,1,-1,1,-1,1,-1,1,1,-1,1,-1,1,-1,-1,1,-1,-1,-1,1,-1,-1,1,1,1,-1,1,-1,-1,1,-1,-1,1,-1,1,-1,1,1,1,-1,1,1,-1,1,-1,1,-1,1,-1,-1,1,-1,1,1,1,1,-1,-1,1,1,-1,1,1,-1,1,1,1,1,-1,1,1,-1,1,1,1,1,-1,-1,1,-1,1,1,-1,1,-1,1,-1,-1,1,1,-1,1,-1,-1,-1,1,1,-1,1,1,-1,1,-1,1,-1,1,1,-1,1,-1,1,-1,-1,-1,-1,1,-1,1,-1,-1,-1,-1,1,-1,1,-1,1,1,1,-1,-1,1,-1,1,1,-1,1,-1,1,-1,-1,1,-1,1,-1,-1,1,1,1,1,1,-1,-1,1,-1,1,-1,1,-1,1,-1,-1,1,-1,-1,-1,1,-1,1,1,-1,-1,-1,1,1,1,-1,1,1,-1,-1,-1,1,1,-1,1,-1,-1,1,1,1,1,1,1,1,-1,-1,1,1,-1,1,-1,-1,1,1,-1,1,1,-1,-1,-1,1,1,1,1,-1,-1,-1,1,1,1,1,-1,1,-1,-1,1,1,1,1,-1,-1,1,1,1,1,-1,1,-1,1,-1,1,-1,-1,1,-1,1,-1,1,1,-1,-1,-1,1,1,1,-1,-1,-1,-1,1,-1,1,1,-1,-1,1,-1,-1,1,-1,-1,1,-1,1,-1,1,1,-1,1,-1,1,-1,1,1,-1,1,-1,1,-1,1,1,-1,-1,-1,1,-1,1,-1,1,1,1,-1,-1,1,1,-1,1,-1,1,-1,1,1,-1,-1,-1,1,-1,1,-1,1,-1,-1,1,-1,1,1,-1,1,1,1,-1,1,-1,-1,-1,1,-1,-1,1,-1,-1,-1,1,-1,1,1,-1,-1,-1,-1,-1,-1,1,-1,-1,-1,1,1,1,1,-1,1,-1,1,-1,-1,1,-1,-1,-1,1,1,1,-1,-1,-1,-1,1,-1,1,1,-1,1,-1,-1,1,1,1,-1,-1,-1,-1,-1,1,-1,-1,-1,1,-1,1,1,-1,-1,-1,1,-1,1,1,1,-1,1,-1,-1,1,1,1,-1,1,-1,1,1,1,-1,-1,1,-1,-1,1,1,-1,-1,1,-1,-1,1,1,-1,1,1,-1,-1,1,1,-1,-1,1,-1,-1,1,1,-1,-1,1,-1,-1,1,1,-1,1,-1,1,-1,-1,1,-1,-1,1,-1,-1,1,-1,1,-1,1,1,-1,-1,1,-1,1,1,1,-1,1,-1,-1,1,-1,1,-1,1,1,-1,1,1,1,1,-1,-1,-1,1,1,-1,1,-1,1,-1,1,1,1,-1,1,-1,1,1,-1,1,1,-1,1,1,-1,1,1,-1,-1,1,-1,1,1,-1,1,-1,-1,-1,1,-1,-1,1,-1,1,-1,1,-1,1,-1,-1,-1,1,1,-1,-1,1,-1,-1,-1,1,-1,-1,1,-1,-1,-1,1,1,-1,1,-1,-1,1,1,-1,-1,-1,1,-1,1,1,-1,1,1,-1,1,1,-1,-1,1,-1,-1,-1,-1,1,-1,1,1,-1,1,1,-1,-1,-1,-1,1,-1,-1,-1,-1,1,-1,-1,1,1,-1,1,1,-1,1,1,1,1,-1,1,-1,1,1,1,1,-1,1,-1,-1,1,1,1,-1,1,-1,1,1,1,1,-1,1,-1,1,1,1,-1,-1,1,-1,-1,1,1,-1,-1,-1,1,-1,1,-1,1,-1,1,-1,-1,1,-2652.0,1,2000,445,1500,True
2619,-1,-1,1,1,1,1,-1,1,-1,-1,-1,1,-1,1,-1,-1,1,-1,1,1,-1,1,-1,-1,-1,1,-1,-1,-1,-1,-1,-1,1,1,-1,1,1,-1,-1,-1,1,-1,1,-1,-1,-1,-1,-1,1,-1,1,-1,1,-1,1,-1,-1,1,-1,-1,-1,1,1,1,-1,-1,-1,-1,-1,-1,1,-1,-1,-1,-1,-1,-1,1,-1,1,-1,1,1,-1,-1,-1,-1,-1,-1,1,1,-1,1,-1,-1,-1,-1,-1,-1,1,-1,-1,-1,-1,-1,-1,1,-1,-1,-1,-1,1,-1,1,1,-1,-1,-1,1,-1,1,-1,-1,-1,-1,1,-1,-1,1,-1,-1,-1,-1,-1,1,-1,-1,-1,-1,-1,-1,-1,1,-1,-1,-1,1,-1,-1,1,-1,-1,-1,-1,1,-1,1,-1,-1,-1,-1,-1,-1,1,-1,-1,1,-1,-1,1,-1,-1,-1,-1,-1,-1,1,1,-1,-1,-1,1,1,-1,-1,-1,-1,-1,-1,-1,1,1,-1,1,1,-1,1,-1,-1,-1,-1,1,-1,1,-1,-1,-1,-1,-1,1,1,1,-1,-1,1,-1,1,1,-1,-1,-1,-1,-1,-1,1,1,-1,1,-1,-1,1,1,1,-1,1,-1,-1,-1,1,-1,-1,1,-1,1,-1,1,1,-1,1,-1,1,-1,1,-1,1,1,-1,1,-1,1,-1,-1,1,1,-1,-1,1,-1,1,1,1,-1,-1,1,-1,1,1,1,-1,-1,1,-1,1,1,1,-1,-1,1,-1,-1,1,1,1,-1,1,-1,1,1,1,-1,-1,1,-1,1,1,1,1,-1,1,1,-1,1,1,1,-1,1,-1,-1,1,-1,1,-1,1,1,-1,1,1,1,-1,1,-1,-1,1,1,-1,-1,1,-1,-1,1,1,1,-1,1,-1,-1,1,1,-1,1,1,-1,1,-1,1,-1,-1,1,-1,1,1,1,1,1,1,-1,1,1,1,1,1,-1,-1,1,1,1,1,1,-1,-1,1,-1,1,1,1,-1,-1,1,-1,1,-1,1,1,-1,1,-1,1,1,1,1,-1,-1,1,1,1,-1,-1,-1,1,1,-1,-1,1,1,-1,1,-1,1,-1,1,-1,1,1,-1,1,1,1,-1,1,1,-1,1,-1,1,-1,-1,1,-1,1,1,1,1,-1,1,1,-1,1,1,-1,-1,1,-1,-1,1,-1,1,-1,-1,1,-1,-1,1,-1,-1,-1,1,-1,1,-1,1,-1,1,1,-1,1,1,-1,-1,-1,1,-1,-1,1,1,-1,-1,1,-1,1,1,-1,1,-1,1,-1,-1,1,1,-1,-1,-1,-1,1,1,-1,-1,-1,1,-1,1,-1,1,-1,-1,-1,1,1,-1,1,-1,-1,-1,-1,1,-1,-1,-1,-1,-1,-1,1,1,1,-1,-1,-1,-1,1,-1,-1,1,-1,-1,-1,1,-1,1,-1,-1,-1,-1,1,-1,1,-1,1,-1,-1,1,-1,1,1,1,-1,-1,-1,1,1,-1,1,-1,-1,1,1,1,1,-1,1,1,-1,1,1,1,1,1,-1,1,-1,1,1,-1,1,-1,1,-1,-1,1,-1,-1,1,-1,-1,1,-1,-1,-1,1,1,-1,1,1,-1,-1,1,1,-1,-1,1,-1,-1,-1,-1,-1,1,1,-1,-1,-1,-1,-1,1,1,-1,-1,1,1,1,-1,1,-1,-1,1,1,-1,1,1,-1,-1,-1,1,-1,-1,1,1,-1,1,1,1,1,1,1,-1,1,1,-1,1,1,-1,1,1,1,-1,1,1,-1,1,1,1,-1,-1,1,-1,-1,1,-1,1,-1,1,1,1,1,1,-1,1,1,1,1,1,1,1,1,1,-1,1,1,1,1,1,-1,1,1,-1,1,-1,1,-1,1,1,1,1,1,1,-1,1,1,-1,1,1,1,-1,-1,1,1,-1,1,1,-1,-1,1,1,1,1,1,-1,1,1,1,-1,1,1,1,1,-1,1,-1,1,1,-1,1,1,-1,1,-1,1,1,1,1,-1,1,-1,1,1,1,-1,-1,1,-1,1,-1,1,1,-1,1,1,1,1,1,-1,-1,1,1,1,-1,1,1,-1,1,-1,1,1,1,-1,-1,1,1,1,-1,1,1,-1,1,1,1,1,1,-1,1,-1,1,1,1,-1,-1,-1,-1,1,1,1,-1,-1,1,-1,1,1,1,1,-1,-1,-1,1,1,1,-1,-1,-1,1,-1,1,1,-1,-1,1,-1,1,1,1,-1,-1,1,-1,1,1,1,-1,-1,1,1,1,1,1,1,-1,1,-1,1,1,1,1,-1,-1,1,1,1,1,1,-1,1,-1,1,1,1,1,-1,-1,1,1,1,1,1,-1,-1,-1,1,-1,1,1,-1,-1,1,1,1,1,1,-1,-1,1,1,1,1,-1,1,-1,1,1,-1,1,-1,-1,1,1,1,1,1,1,-1,-1,1,1,1,1,-1,-1,-1,1,1,1,1,-1,-1,-1,1,1,1,1,1,-1,-1,1,1,1,1,1,-1,-1,1,1,-1,1,1,-1,-1,1,1,-1,1,-1,-1,-1,1,-1,-1,1,1,-1,-1,-1,1,-1,1,1,-1,-1,1,-1,-1,1,1,-1,-1,1,1,-1,1,1,-1,-1,-1,-1,1,1,1,-1,1,-1,1,1,1,-1,-1,1,1,-1,1,1,1,-1,1,-1,-1,1,-1,1,-1,-1,-1,1,-1,1,-1,1,-1,-1,-1,-1,1,1,-1,-1,-1,1,-1,1,1,1,-1,-1,-1,1,1,-1,1,-1,-1,-1,-1,1,-1,1,-1,1,-1,-1,1,1,1,1,-1,-1,1,1,1,1,1,1,-1,1,1,-1,1,-1,-1,1,1,1,1,1,-1,-1,-1,-1,1,1,1,1,-1,1,-1,-1,1,1,-1,1,-1,1,1,1,1,-1,-1,1,1,-1,1,1,-1,1,1,1,1,1,1,-1,1,1,1,1,1,1,-1,-1,1,1,1,-1,1,-1,1,1,1,1,1,1,-1,1,1,1,1,1,1,-1,-1,1,1,1,1,1,1,-1,1,1,-1,1,1,-1,-1,1,-2652.0,1,2000,445,1500,True
2620,-1,-1,1,1,1,1,-1,1,-1,-1,-1,1,-1,1,-1,-1,1,-1,1,-1,-1,1,-1,-1,-1,1,-1,-1,-1,-1,-1,-1,1,-1,-1,1,1,-1,-1,1,-1,-1,1,-1,-1,-1,1,-1,1,-1,-1,-1,1,1,1,-1,-1,1,-1,-1,1,1,-1,1,-1,1,-1,1,1,-1,1,-1,-1,-1,1,1,-1,1,-1,-1,-1,1,1,-1,-1,-1,-1,1,1,-1,-1,-1,-1,1,-1,1,-1,1,-1,1,1,1,1,1,-1,-1,-1,1,1,1,-1,1,-1,-1,1,1,1,-1,1,-1,-1,1,1,1,1,-1,-1,-1,1,1,1,1,-1,-1,-1,1,1,1,1,-1,-1,-1,1,1,1,1,1,-1,-1,-1,1,1,1,-1,1,-1,1,1,1,1,-1,1,-1,-1,1,1,1,-1,1,-1,1,1,1,1,-1,-1,-1,1,1,1,-1,1,1,-1,1,1,1,1,-1,-1,-1,-1,1,1,1,-1,1,-1,1,1,-1,1,-1,1,-1,1,1,1,1,-1,1,-1,1,1,-1,1,-1,1,-1,1,1,1,1,1,1,1,-1,1,-1,1,-1,1,-1,-1,1,1,1,1,1,-1,-1,1,-1,-1,1,1,1,-1,1,1,-1,1,1,-1,1,1,-1,-1,1,1,-1,-1,1,-1,1,1,1,1,1,1,-1,1,1,1,1,1,1,-1,1,1,1,1,1,1,-1,-1,1,1,1,1,1,1,-1,1,1,-1,-1,1,1,1,1,1,1,1,1,-1,1,1,1,1,1,-1,1,1,1,1,1,1,1,-1,-1,1,1,-1,1,1,1,-1,1,1,1,1,1,1,1,1,1,1,1,1,1,-1,1,1,1,1,1,1,-1,1,1,1,-1,1,1,1,1,1,1,-1,1,1,-1,-1,1,-1,1,1,1,-1,-1,1,1,-1,1,1,-1,-1,1,1,-1,1,1,-1,-1,1,1,1,-1,1,1,-1,-1,1,-1,1,1,1,-1,-1,1,1,-1,1,-1,1,1,1,-1,-1,-1,-1,-1,1,1,-1,1,1,-1,-1,1,-1,1,-1,1,-1,-1,1,-1,-1,1,1,-1,-1,1,1,1,-1,1,1,1,-1,1,-1,1,1,1,-1,1,1,-1,-1,-1,1,1,1,1,-1,1,-1,1,-1,1,1,1,-1,-1,1,1,-1,1,-1,1,-1,1,-1,-1,-1,1,1,-1,-1,1,-1,1,1,-1,-1,1,1,-1,1,1,-1,-1,-1,1,-1,1,-1,-1,-1,1,1,1,1,-1,1,-1,1,-1,1,1,-1,-1,1,1,1,1,1,-1,-1,-1,1,-1,1,1,-1,-1,-1,1,-1,-1,1,1,-1,-1,1,-1,1,-1,1,-1,-1,1,-1,-1,-1,1,-1,-1,1,-1,1,-1,1,-1,-1,1,-1,-1,1,1,-1,-1,-1,1,-1,1,1,-1,-1,1,1,-1,-1,1,1,1,-1,1,-1,1,-1,1,-1,1,-1,1,1,-1,-1,1,1,1,-1,1,-1,1,-1,1,1,1,-1,-1,-1,1,-1,1,1,1,-1,-1,-1,1,1,-1,1,-1,-1,-1,1,1,1,1,-1,-1,1,1,1,1,1,-1,-1,-1,-1,1,-1,1,-1,1,-1,-1,1,1,1,-1,1,1,1,-1,-1,1,1,-1,-1,-1,-1,1,1,1,-1,-1,-1,1,1,1,1,-1,-1,1,-1,1,1,-1,-1,-1,-1,-1,1,1,-1,1,-1,-1,1,1,1,1,-1,-1,-1,-1,1,1,-1,1,-1,-1,1,1,1,1,-1,1,-1,-1,1,1,1,-1,1,-1,1,1,1,1,-1,1,-1,-1,1,-1,1,-1,1,-1,1,1,1,1,1,-1,1,-1,1,1,1,-1,-1,-1,1,1,1,-1,1,-1,1,-1,1,-1,-1,1,-1,1,-1,1,1,-1,-1,1,-1,1,1,-1,1,-1,1,-1,1,-1,1,-1,1,-1,1,-1,1,-1,1,-1,1,-1,-1,1,-1,1,-1,1,-1,1,1,-1,1,-1,1,1,-1,1,-1,-1,1,1,1,1,1,-1,1,-1,-1,1,1,1,1,-1,-1,1,-1,1,1,-1,1,1,-1,1,1,1,-1,1,-1,-1,1,1,1,1,-1,-1,1,-1,1,1,-1,-1,-1,-1,1,-1,-1,1,-1,-1,1,-1,1,1,-1,-1,-1,-1,1,1,1,-1,-1,-1,1,1,1,1,-1,-1,1,-1,-1,1,1,-1,-1,-1,1,1,1,1,-1,-1,-1,1,-1,1,1,-1,1,-1,-1,1,1,1,-1,-1,-1,-1,-1,1,-1,-1,-1,1,-1,1,1,-1,-1,-1,1,-1,1,1,1,-1,1,-1,-1,1,1,-1,-1,1,-1,1,1,1,-1,-1,1,-1,-1,1,1,-1,-1,1,-1,-1,1,1,-1,1,1,-1,-1,1,1,-1,-1,1,-1,-1,1,1,-1,-1,1,-1,-1,1,1,-1,-1,-1,1,-1,-1,1,-1,-1,1,1,-1,1,-1,-1,-1,-1,1,-1,-1,1,-1,-1,-1,1,-1,1,-1,-1,-1,-1,1,-1,1,1,-1,-1,-1,1,1,-1,-1,-1,-1,1,-1,1,-1,1,-1,-1,1,1,-1,1,-1,1,-1,-1,1,-1,-1,1,1,-1,1,1,-1,-1,1,1,-1,1,-1,1,-1,-1,1,-1,-1,-1,1,-1,1,1,-1,-1,1,1,-1,-1,1,-1,1,-1,1,-1,-1,-1,1,-1,-1,1,1,-1,1,1,-1,1,-1,1,-1,1,1,-1,-1,-1,1,-1,1,1,1,-1,1,-1,1,1,1,-1,1,1,-1,-1,1,1,-1,-1,1,-1,1,1,-1,-1,-1,1,-1,-1,-1,1,-1,-1,1,1,1,1,1,-1,-1,1,-1,1,1,1,1,-1,1,-1,1,1,1,-1,-1,1,1,1,1,1,1,-1,1,-1,1,1,1,1,-1,1,-1,1,1,1,1,-1,1,1,1,1,-1,1,-1,1,-1,1,1,-1,1,-1,-1,1,1,-2652.0,1,2000,445,1000,True
2621,1,1,-1,-1,1,-1,1,1,1,1,1,-1,1,1,1,1,-1,1,-1,-1,1,1,1,1,1,-1,1,1,1,1,1,1,-1,-1,1,1,-1,1,1,1,-1,1,1,1,1,1,1,-1,1,-1,1,1,-1,1,-1,1,1,-1,1,1,1,-1,-1,-1,1,1,1,1,-1,1,1,-1,1,1,1,-1,1,1,-1,1,1,-1,-1,1,-1,1,1,1,-1,-1,1,1,-1,1,1,-1,1,-1,-1,-1,1,1,-1,1,-1,-1,-1,1,1,1,1,1,-1,-1,1,1,1,1,-1,-1,-1,1,1,1,-1,1,-1,-1,1,1,1,1,-1,-1,-1,1,1,1,1,-1,-1,-1,-1,1,1,1,-1,-1,-1,-1,1,1,1,-1,1,-1,1,1,1,1,-1,1,-1,-1,1,1,1,-1,1,-1,1,1,1,1,-1,-1,-1,1,1,1,1,1,1,-1,1,1,1,-1,-1,-1,-1,-1,1,1,1,-1,1,-1,-1,1,-1,1,-1,1,-1,-1,1,1,1,-1,1,-1,1,1,-1,1,-1,1,-1,1,1,1,1,1,1,1,-1,1,-1,1,-1,1,-1,-1,1,1,1,1,1,-1,-1,1,-1,-1,1,1,1,-1,1,1,-1,1,1,-1,1,1,-1,-1,1,1,-1,-1,1,-1,1,1,1,1,1,1,-1,1,1,1,1,1,1,-1,1,1,1,1,1,1,-1,-1,1,1,1,1,1,1,-1,1,1,-1,-1,1,1,1,1,1,1,1,1,-1,1,1,1,1,1,-1,1,1,1,1,1,1,1,-1,-1,1,1,-1,1,1,1,-1,1,1,1,1,1,1,1,1,1,1,1,1,1,-1,1,1,1,1,1,-1,1,-1,1,1,-1,1,1,1,1,1,1,-1,1,1,-1,-1,1,-1,1,1,1,-1,-1,1,1,1,1,1,-1,-1,1,1,-1,1,1,-1,-1,1,1,1,-1,1,-1,1,-1,1,-1,1,1,1,-1,-1,1,1,-1,1,-1,1,1,1,-1,-1,-1,-1,1,-1,1,-1,1,1,-1,1,1,-1,1,1,1,-1,1,1,-1,1,1,-1,1,-1,1,1,1,-1,1,1,1,-1,1,-1,1,-1,-1,1,1,1,-1,-1,-1,1,1,1,1,-1,1,-1,-1,1,1,1,1,-1,-1,-1,1,-1,1,-1,1,-1,-1,1,-1,-1,1,1,-1,-1,1,-1,1,1,-1,-1,1,-1,1,1,1,-1,-1,1,-1,-1,1,-1,-1,-1,-1,-1,1,1,-1,1,-1,1,-1,1,1,-1,-1,1,-1,1,1,1,-1,-1,-1,-1,-1,1,1,-1,-1,1,-1,-1,-1,1,1,-1,-1,1,-1,1,-1,1,-1,-1,-1,1,-1,-1,1,-1,-1,-1,1,1,-1,1,-1,-1,-1,-1,-1,1,1,-1,-1,-1,-1,-1,1,1,-1,1,-1,-1,-1,-1,1,1,1,-1,-1,-1,1,-1,1,-1,1,1,1,1,-1,-1,1,1,1,1,-1,-1,1,-1,1,1,1,-1,-1,-1,-1,-1,1,-1,1,-1,-1,-1,1,1,-1,1,-1,-1,-1,1,1,-1,1,-1,-1,1,1,1,-1,1,-1,-1,-1,-1,1,1,1,-1,1,-1,-1,1,-1,1,-1,1,1,1,-1,-1,1,1,-1,-1,-1,-1,-1,1,1,-1,-1,-1,1,-1,1,1,-1,-1,1,-1,1,1,-1,-1,-1,-1,-1,1,1,-1,1,-1,-1,1,1,1,1,-1,-1,-1,-1,-1,1,-1,1,-1,-1,1,-1,1,1,-1,1,-1,-1,1,1,1,-1,1,-1,1,-1,1,1,-1,1,-1,-1,-1,1,1,-1,1,-1,1,-1,1,1,-1,-1,1,-1,-1,1,1,-1,-1,-1,1,-1,1,1,1,-1,1,-1,-1,1,-1,1,-1,1,-1,-1,1,-1,-1,1,-1,1,-1,1,1,-1,1,-1,1,-1,1,-1,1,-1,1,-1,-1,1,1,-1,1,-1,-1,-1,-1,1,-1,1,-1,1,-1,-1,1,-1,1,1,-1,-1,-1,-1,1,1,1,1,-1,-1,1,-1,-1,1,1,-1,-1,-1,-1,1,-1,1,-1,-1,1,1,-1,1,1,-1,-1,1,-1,-1,1,1,-1,-1,-1,-1,1,-1,1,-1,-1,-1,-1,-1,1,-1,-1,1,-1,-1,1,-1,1,-1,-1,-1,-1,-1,1,1,1,-1,-1,-1,1,1,1,-1,-1,-1,1,-1,-1,1,-1,-1,-1,-1,1,1,1,-1,-1,-1,-1,1,-1,1,1,-1,1,-1,-1,1,1,-1,-1,-1,-1,-1,-1,1,1,-1,-1,1,-1,1,1,-1,-1,-1,1,-1,1,1,-1,-1,1,-1,-1,1,1,1,-1,1,-1,1,1,1,-1,-1,1,-1,-1,1,1,1,-1,1,-1,-1,1,1,-1,1,1,-1,-1,1,1,-1,-1,1,1,-1,1,1,-1,-1,1,-1,-1,1,1,1,-1,-1,1,-1,1,1,1,-1,1,1,-1,1,-1,1,1,-1,1,-1,1,1,-1,1,-1,1,-1,1,1,1,1,-1,1,-1,1,1,1,-1,-1,1,1,-1,1,1,-1,1,-1,1,-1,1,1,-1,1,1,1,-1,1,1,-1,1,1,-1,1,1,1,-1,-1,1,1,1,1,1,-1,1,-1,1,1,1,1,-1,-1,-1,1,-1,1,1,-1,-1,1,-1,1,1,-1,-1,1,-1,1,1,1,1,-1,1,-1,1,-1,1,1,-1,-1,1,-1,-1,1,-1,1,-1,-1,-1,-1,1,-1,-1,1,-1,1,1,-1,-1,1,-1,-1,1,-1,1,1,1,-1,-1,-1,1,-1,-1,1,-1,1,-1,1,1,1,1,-1,1,-1,1,-1,-1,1,-1,-1,1,-1,1,1,1,1,-1,1,-1,-1,-1,1,1,-1,1,1,-1,-1,1,1,-1,1,-1,1,1,1,1,-1,1,-1,1,-1,1,1,-1,1,1,1,-1,1,1,-1,-1,1,1,1,-1,1,-1,1,-1,1,-2652.0,1,2000,445,1000,True
2622,1,1,-1,-1,1,1,-1,1,1,1,1,-1,1,-1,1,1,-1,1,-1,-1,-1,1,1,1,1,1,-1,-1,1,1,1,1,-1,-1,-1,1,-1,1,1,1,-1,-1,1,1,1,1,1,1,-1,1,1,1,-1,1,-1,1,1,-1,1,1,1,-1,-1,1,1,1,1,1,1,-1,1,-1,1,1,1,1,1,-1,1,-1,1,1,1,-1,-1,1,1,1,1,1,1,1,-1,1,1,1,-1,1,-1,1,1,1,1,1,-1,1,-1,1,1,1,1,1,-1,-1,1,1,1,1,1,1,-1,1,1,1,1,1,-1,-1,1,1,1,1,-1,-1,-1,1,1,1,1,-1,1,-1,-1,1,1,1,1,-1,-1,1,1,1,1,1,1,-1,1,-1,1,1,-1,-1,-1,1,-1,-1,1,-1,1,1,-1,-1,1,1,-1,-1,1,1,1,1,-1,1,-1,1,-1,-1,1,-1,-1,-1,1,-1,-1,1,-1,-1,-1,1,-1,-1,1,-1,-1,-1,1,-1,1,1,1,-1,-1,1,-1,-1,1,-1,-1,-1,1,-1,-1,1,1,-1,-1,-1,1,-1,-1,1,-1,-1,1,1,-1,1,1,-1,-1,1,1,-1,1,-1,-1,-1,1,1,-1,-1,1,-1,-1,1,1,1,1,-1,-1,-1,1,1,-1,1,1,-1,1,-1,-1,-1,1,-1,1,-1,-1,-1,-1,1,-1,1,1,-1,-1,-1,-1,1,-1,1,-1,1,-1,1,1,-1,1,-1,-1,-1,1,1,1,1,-1,-1,-1,1,1,-1,1,1,1,-1,-1,1,1,1,-1,-1,-1,1,-1,1,1,1,-1,-1,1,-1,1,1,-1,-1,-1,1,-1,1,1,-1,-1,-1,1,1,-1,1,-1,-1,1,-1,-1,1,1,-1,1,1,1,1,-1,1,-1,1,1,1,-1,1,1,-1,-1,1,1,-1,1,-1,-1,-1,1,1,-1,1,-1,-1,1,-1,1,-1,1,-1,-1,1,-1,1,-1,1,1,-1,1,-1,1,-1,-1,1,-1,-1,1,1,-1,1,-1,-1,1,1,-1,-1,1,1,-1,1,-1,1,-1,1,-1,1,1,-1,1,1,1,-1,1,1,-1,1,-1,1,-1,-1,1,-1,1,1,-1,1,-1,1,1,-1,1,-1,-1,-1,1,-1,-1,1,-1,1,-1,-1,1,-1,1,-1,-1,-1,-1,1,-1,1,-1,1,-1,-1,1,-1,1,-1,-1,-1,-1,1,-1,-1,1,1,-1,-1,1,-1,1,1,-1,1,-1,1,-1,1,-1,1,-1,-1,-1,-1,1,-1,-1,1,-1,1,-1,1,-1,1,-1,-1,-1,1,1,-1,1,-1,-1,-1,-1,1,-1,-1,1,-1,-1,1,-1,1,1,1,1,-1,-1,1,-1,-1,1,-1,-1,-1,1,-1,1,-1,1,-1,-1,1,-1,1,-1,1,-1,-1,1,-1,1,1,1,-1,-1,-1,1,1,-1,1,-1,-1,-1,1,1,1,-1,1,1,-1,1,1,1,1,1,1,1,-1,-1,1,-1,1,-1,1,-1,-1,1,1,-1,1,-1,-1,-1,1,1,-1,1,1,-1,1,-1,1,-1,1,1,-1,-1,-1,1,-1,-1,-1,-1,-1,1,1,-1,-1,-1,-1,-1,1,1,-1,1,1,1,1,1,1,-1,1,1,-1,-1,1,1,-1,-1,1,-1,-1,1,1,-1,1,1,1,-1,1,-1,1,1,1,-1,-1,-1,1,1,1,1,-1,1,1,-1,1,1,1,-1,1,1,1,-1,1,-1,1,1,1,-1,1,1,-1,-1,-1,1,1,1,1,-1,1,-1,1,-1,1,1,1,1,1,1,-1,1,-1,1,-1,-1,1,-1,1,1,1,1,-1,1,-1,1,-1,1,-1,-1,1,-1,1,1,-1,1,-1,1,-1,1,1,1,1,-1,1,1,-1,1,-1,-1,-1,-1,1,1,1,1,-1,1,-1,1,1,-1,-1,1,-1,1,-1,1,-1,1,-1,-1,-1,1,1,-1,1,-1,-1,1,-1,1,-1,1,1,-1,-1,-1,1,-1,1,-1,-1,-1,1,1,-1,1,-1,-1,-1,1,1,1,1,1,-1,-1,1,1,-1,1,1,-1,-1,1,1,-1,1,-1,-1,-1,1,1,1,-1,1,-1,-1,1,1,1,-1,1,-1,-1,1,1,-1,-1,1,-1,-1,1,1,-1,1,-1,-1,1,1,1,1,-1,1,-1,1,1,1,1,-1,1,1,1,1,1,1,1,1,-1,-1,1,1,1,-1,1,-1,1,1,1,-1,1,1,-1,1,1,1,1,-1,1,1,-1,1,1,-1,1,1,-1,-1,1,1,-1,-1,1,1,-1,1,1,-1,1,1,-1,-1,-1,-1,-1,1,1,-1,-1,1,1,-1,1,1,1,-1,1,-1,1,1,1,-1,1,1,-1,-1,1,1,-1,-1,-1,1,-1,1,1,-1,1,-1,-1,-1,1,1,-1,-1,-1,1,-1,1,1,-1,-1,1,-1,-1,1,1,1,-1,-1,1,-1,1,1,-1,-1,-1,-1,-1,1,-1,1,-1,-1,-1,1,1,1,1,-1,-1,1,-1,1,1,1,-1,1,-1,1,1,1,1,-1,-1,-1,1,-1,-1,-1,-1,-1,-1,1,-1,1,-1,-1,-1,-1,1,-1,1,1,-1,1,1,1,-1,1,-1,1,-1,1,-1,-1,-1,1,-1,1,1,1,-1,1,1,-1,1,-1,1,-1,1,1,-1,1,1,-1,-1,-1,1,-1,1,-1,1,-1,-1,1,-1,1,-1,1,-1,1,1,-1,-1,1,-1,-1,-1,1,-1,1,1,-1,1,1,1,1,1,-1,1,-1,1,-1,1,1,-1,1,-1,-1,-1,-1,1,-1,1,1,1,-1,1,1,1,-1,1,-1,1,1,1,-1,1,1,1,1,-1,1,-1,-1,1,1,1,1,1,-1,-1,1,1,1,1,1,1,-1,1,1,1,1,1,1,-1,1,1,-1,-1,1,-1,-1,1,1,1,1,1,1,-1,1,1,1,-1,1,-1,1,-1,1,1,-1,1,1,-1,1,1,-2652.0,1,2000,445,500,True
2623,-1,-1,1,1,1,1,-1,1,-1,-1,-1,1,-1,1,-1,-1,1,-1,1,1,1,1,-1,-1,-1,1,-1,-1,-1,-1,-1,-1,1,1,-1,1,1,-1,-1,-1,1,-1,1,-1,-1,-1,-1,-1,1,-1,-1,-1,1,-1,1,-1,-1,1,-1,-1,-1,1,1,1,-1,-1,-1,-1,-1,-1,1,-1,-1,-1,-1,-1,1,1,-1,-1,-1,1,1,-1,-1,-1,-1,-1,-1,1,-1,-1,-1,-1,-1,-1,-1,1,-1,1,-1,-1,-1,-1,1,-1,-1,-1,-1,-1,-1,1,-1,-1,-1,-1,-1,-1,1,-1,-1,-1,-1,-1,-1,1,-1,-1,1,-1,-1,-1,1,-1,-1,-1,-1,-1,-1,-1,-1,-1,-1,-1,-1,-1,-1,-1,-1,-1,-1,-1,-1,1,1,-1,1,1,-1,-1,1,1,-1,-1,1,1,-1,1,1,-1,1,1,-1,-1,1,-1,-1,-1,1,-1,1,-1,1,-1,-1,1,-1,1,1,-1,-1,-1,1,-1,1,1,1,-1,-1,1,-1,1,1,1,-1,-1,1,-1,-1,1,1,-1,-1,1,-1,1,1,1,1,-1,1,-1,-1,1,1,1,-1,1,-1,-1,1,1,1,-1,-1,1,-1,1,1,1,-1,1,-1,1,1,1,1,-1,1,-1,-1,1,1,1,1,1,-1,1,1,1,-1,-1,1,-1,1,-1,1,-1,1,1,-1,1,-1,1,-1,1,1,-1,1,-1,1,-1,-1,1,1,-1,1,1,-1,-1,1,-1,-1,1,1,-1,1,1,1,-1,-1,1,-1,1,1,-1,1,-1,1,1,-1,1,-1,-1,-1,1,-1,-1,1,-1,1,-1,1,1,-1,1,1,1,-1,1,-1,-1,1,1,-1,-1,1,-1,-1,1,-1,1,-1,1,-1,-1,1,1,-1,1,1,-1,1,-1,1,-1,1,1,-1,1,1,1,1,1,1,-1,1,1,1,1,1,-1,-1,1,1,1,1,1,-1,-1,1,-1,1,1,1,-1,-1,1,-1,1,-1,1,1,-1,1,-1,1,1,1,1,-1,-1,1,1,1,-1,-1,-1,1,1,-1,-1,1,1,-1,1,-1,1,-1,1,-1,1,1,-1,1,1,1,-1,-1,1,-1,1,-1,1,-1,-1,1,-1,1,1,1,1,-1,1,1,-1,1,1,-1,-1,1,-1,-1,1,-1,1,-1,-1,1,-1,-1,1,-1,-1,1,1,-1,1,-1,1,-1,-1,1,-1,1,-1,-1,-1,-1,1,-1,-1,1,1,-1,-1,1,-1,1,1,-1,1,-1,1,-1,1,-1,1,-1,-1,-1,-1,1,-1,-1,1,-1,1,-1,1,-1,1,-1,-1,-1,1,1,1,1,-1,-1,-1,-1,1,-1,-1,1,-1,-1,1,-1,-1,1,1,1,-1,-1,1,-1,-1,1,-1,-1,-1,-1,-1,1,-1,1,-1,-1,-1,-1,1,-1,1,-1,-1,1,-1,1,1,1,-1,-1,-1,1,1,-1,1,-1,-1,-1,1,1,1,-1,1,1,-1,1,1,1,1,1,-1,1,-1,1,1,-1,1,-1,1,-1,-1,1,-1,-1,1,-1,-1,1,-1,-1,-1,1,1,-1,1,1,-1,-1,1,1,-1,-1,1,-1,-1,-1,-1,-1,1,1,-1,-1,-1,-1,-1,1,1,-1,-1,1,1,1,-1,1,-1,-1,1,1,-1,1,1,-1,-1,-1,1,-1,-1,1,1,-1,1,1,1,1,1,-1,1,1,1,-1,1,1,1,-1,1,1,-1,1,1,-1,1,1,1,-1,1,1,-1,-1,1,-1,1,1,1,-1,1,1,-1,-1,1,1,1,1,1,-1,1,1,1,1,1,1,1,1,1,1,-1,1,-1,1,-1,1,1,1,1,1,1,1,1,1,1,1,1,1,-1,1,1,1,1,1,-1,1,1,1,1,1,1,1,1,1,1,1,-1,1,1,-1,1,-1,1,-1,1,1,-1,1,1,1,1,-1,1,1,1,1,1,1,-1,1,-1,1,1,1,-1,-1,1,-1,1,1,1,1,-1,1,-1,1,1,1,1,-1,1,-1,1,1,1,1,-1,1,-1,1,1,-1,-1,-1,1,1,1,1,1,1,-1,1,1,1,1,1,-1,1,-1,-1,1,1,-1,-1,-1,-1,1,1,1,1,-1,1,-1,1,1,1,-1,-1,-1,-1,1,1,1,-1,-1,-1,1,-1,1,-1,-1,-1,1,-1,1,1,-1,-1,-1,1,-1,1,-1,-1,-1,-1,1,1,1,1,1,1,-1,1,-1,1,1,-1,-1,-1,-1,1,1,1,1,-1,-1,1,-1,1,1,1,1,-1,-1,1,1,1,1,-1,-1,-1,-1,1,-1,1,-1,1,-1,1,1,1,1,1,-1,-1,1,1,1,1,-1,1,-1,1,1,-1,1,-1,-1,1,1,1,1,-1,1,-1,-1,1,1,1,1,1,-1,-1,1,1,1,-1,1,1,-1,1,1,1,1,1,1,-1,1,1,1,1,1,1,-1,1,1,-1,1,1,-1,-1,1,1,-1,1,1,1,-1,1,-1,-1,1,1,1,-1,-1,1,-1,1,1,1,-1,1,1,-1,1,1,1,-1,1,1,-1,1,1,1,-1,-1,1,1,1,1,-1,1,-1,1,1,1,1,-1,1,-1,1,1,1,-1,-1,1,-1,1,1,-1,1,-1,-1,-1,1,-1,1,-1,1,-1,-1,1,-1,1,-1,-1,-1,-1,1,-1,1,-1,1,-1,-1,-1,1,1,-1,1,-1,-1,1,-1,1,-1,-1,1,-1,1,-1,1,1,1,1,-1,-1,1,1,-1,-1,1,1,1,1,1,-1,1,-1,-1,1,1,-1,-1,1,-1,-1,-1,-1,1,-1,1,-1,1,1,-1,1,-1,-1,-1,-1,-1,-1,-1,-1,1,-1,1,1,1,-1,1,1,-1,1,1,-1,-1,-1,1,-1,1,1,1,1,-1,1,-1,1,1,1,1,-1,1,-1,1,1,1,1,-1,1,-1,1,1,-1,-1,-1,1,-1,-1,1,1,-1,-1,-1,1,-1,1,-1,1,-1,1,-1,-1,1,-2652.0,1,2000,445,1500,True
2624,-1,-1,1,1,1,1,-1,1,-1,-1,-1,1,-1,1,-1,-1,1,-1,1,-1,-1,1,-1,-1,-1,1,-1,-1,1,-1,-1,-1,1,-1,-1,1,1,-1,-1,1,-1,-1,1,-1,-1,-1,1,1,-1,-1,1,-1,1,1,-1,-1,-1,1,-1,-1,1,1,-1,1,-1,1,-1,1,1,-1,1,-1,-1,-1,1,1,-1,1,-1,-1,-1,1,1,-1,-1,-1,-1,1,1,-1,-1,-1,-1,1,-1,1,1,1,-1,1,1,1,1,1,1,-1,-1,1,1,1,1,-1,-1,-1,1,1,1,1,1,-1,-1,1,1,1,1,-1,-1,-1,1,1,1,1,1,-1,-1,1,1,1,1,1,-1,-1,1,1,1,1,1,-1,-1,-1,1,1,1,1,1,-1,1,1,1,1,1,1,-1,-1,1,1,1,1,1,-1,1,1,1,1,1,-1,-1,1,1,1,1,-1,1,-1,1,1,1,1,1,-1,-1,-1,1,1,1,1,1,-1,1,1,1,-1,1,1,-1,1,1,1,1,1,1,-1,1,1,1,-1,1,1,-1,1,1,1,1,1,1,1,-1,1,-1,1,1,1,-1,-1,1,-1,1,1,1,-1,-1,1,1,-1,1,1,1,-1,1,-1,1,1,1,-1,1,1,1,1,-1,1,-1,-1,1,1,1,1,1,1,1,1,1,1,-1,1,1,1,1,1,1,-1,1,1,1,1,1,1,1,1,1,1,1,1,1,1,1,-1,-1,1,-1,1,-1,1,1,1,1,1,1,-1,1,1,1,-1,1,1,1,1,1,1,1,-1,1,-1,1,-1,1,1,1,1,-1,1,1,1,1,1,-1,1,1,1,1,1,1,-1,1,1,1,1,1,-1,-1,1,1,1,-1,1,1,1,-1,1,1,1,1,1,-1,1,1,-1,1,1,1,-1,1,1,1,1,1,1,-1,1,1,1,-1,1,1,1,1,1,1,1,-1,1,-1,1,-1,1,-1,1,1,-1,-1,-1,1,1,-1,1,-1,1,1,1,-1,-1,-1,-1,1,-1,1,-1,1,1,-1,1,1,-1,-1,1,1,-1,1,1,-1,1,1,-1,1,1,1,1,-1,-1,1,1,1,-1,1,-1,1,-1,-1,1,1,1,-1,-1,-1,1,-1,1,1,-1,1,-1,-1,1,1,1,1,-1,-1,1,-1,-1,1,-1,1,-1,1,-1,1,1,1,1,-1,-1,1,-1,1,1,-1,-1,1,1,1,-1,1,-1,-1,1,-1,-1,1,1,-1,-1,-1,-1,1,1,-1,1,-1,1,-1,1,1,-1,-1,1,1,-1,1,1,-1,-1,-1,-1,-1,1,1,1,-1,1,-1,-1,-1,1,-1,-1,-1,1,-1,1,1,1,-1,-1,-1,1,-1,1,-1,-1,-1,-1,1,-1,1,-1,-1,-1,1,-1,-1,1,-1,-1,-1,-1,-1,-1,1,-1,-1,-1,-1,-1,-1,-1,1,1,1,-1,1,-1,1,-1,1,-1,1,-1,1,1,-1,-1,1,-1,1,-1,1,-1,1,-1,1,1,1,-1,-1,-1,-1,-1,1,1,1,-1,-1,-1,1,1,-1,1,-1,-1,-1,1,1,1,1,-1,-1,1,1,1,1,1,-1,-1,-1,-1,1,-1,1,-1,1,-1,-1,1,1,1,-1,-1,1,1,1,-1,1,1,-1,-1,-1,-1,1,1,1,-1,-1,-1,-1,1,1,1,-1,-1,-1,1,1,1,-1,-1,-1,-1,1,1,1,-1,1,-1,1,-1,1,1,1,-1,-1,-1,-1,1,1,-1,1,-1,-1,1,1,1,1,-1,1,-1,-1,1,1,1,-1,1,-1,-1,1,1,1,-1,1,-1,-1,1,-1,1,-1,1,-1,-1,1,1,1,1,-1,1,-1,1,1,1,-1,-1,-1,-1,1,1,-1,1,-1,1,1,1,-1,-1,1,-1,1,1,1,1,-1,-1,1,-1,1,1,-1,1,-1,1,-1,1,-1,1,-1,-1,1,-1,1,1,-1,1,-1,1,-1,1,1,-1,1,-1,1,-1,1,1,-1,1,-1,1,1,1,1,-1,-1,1,1,1,1,1,-1,1,-1,-1,1,1,1,1,-1,-1,1,-1,1,1,-1,1,1,-1,1,1,1,-1,1,-1,-1,1,1,1,1,-1,-1,1,-1,1,1,-1,-1,-1,1,1,-1,-1,1,-1,-1,1,-1,1,1,-1,-1,-1,-1,1,1,1,-1,-1,-1,1,1,1,1,-1,-1,1,-1,-1,1,1,-1,-1,-1,1,1,1,1,-1,1,-1,1,-1,1,1,-1,1,-1,-1,1,1,1,-1,-1,-1,-1,-1,1,-1,-1,-1,1,-1,1,1,-1,-1,-1,-1,-1,1,1,1,-1,-1,1,-1,1,1,-1,-1,-1,-1,1,1,1,-1,-1,1,-1,-1,1,1,-1,-1,-1,1,-1,1,1,-1,1,-1,-1,-1,1,1,-1,-1,-1,1,-1,1,1,-1,-1,-1,-1,-1,1,1,-1,-1,-1,-1,-1,1,1,-1,-1,-1,-1,-1,1,-1,-1,-1,-1,-1,1,1,1,-1,-1,-1,-1,-1,1,1,-1,-1,1,-1,1,1,1,1,-1,-1,-1,1,-1,1,-1,-1,-1,-1,1,-1,1,-1,-1,-1,1,1,-1,1,-1,-1,-1,1,-1,-1,1,-1,1,-1,1,1,1,-1,1,-1,1,-1,1,-1,1,1,-1,1,-1,1,-1,1,1,-1,-1,1,-1,-1,-1,1,-1,1,-1,1,-1,1,1,-1,1,-1,1,-1,1,1,-1,1,-1,-1,-1,1,1,-1,-1,-1,-1,-1,1,1,1,-1,1,1,1,-1,1,-1,-1,1,1,-1,1,1,-1,-1,1,-1,1,1,1,-1,-1,-1,-1,1,1,-1,-1,-1,-1,-1,1,-1,1,-1,1,1,-1,1,1,1,-1,-1,1,-1,1,1,1,-1,-1,1,-1,1,-1,1,-1,1,1,-1,1,1,1,-1,-1,1,-1,1,1,1,1,-1,1,-1,-1,1,1,-1,-1,1,1,-1,1,1,1,-1,1,-1,-1,1,-2652.0,1,2000,445,1000,True
2625,1,1,-1,-1,1,1,-1,1,1,1,1,-1,-1,1,1,1,-1,1,-1,-1,-1,1,1,1,1,-1,-1,-1,1,1,1,1,-1,-1,-1,1,-1,1,1,1,-1,-1,1,1,1,1,1,-1,1,-1,1,1,-1,1,-1,-1,-1,-1,1,1,1,-1,-1,1,1,1,1,1,-1,-1,1,-1,1,1,1,-1,-1,1,-1,1,1,-1,-1,-1,-1,1,1,1,-1,-1,-1,-1,1,1,1,-1,-1,1,-1,-1,1,1,-1,-1,1,-1,1,1,1,-1,-1,-1,-1,1,1,1,-1,-1,1,-1,1,1,1,1,-1,-1,-1,1,-1,1,1,-1,1,-1,1,1,1,1,-1,1,-1,-1,1,1,1,-1,1,-1,-1,1,1,1,-1,-1,1,-1,1,1,1,-1,1,-1,-1,1,-1,1,-1,1,-1,1,1,1,-1,-1,1,-1,1,1,1,-1,1,-1,1,-1,-1,1,-1,1,1,-1,1,1,1,1,1,1,1,-1,-1,1,-1,1,1,1,-1,-1,1,1,-1,1,1,1,-1,1,1,1,1,1,-1,-1,1,-1,-1,1,1,1,-1,1,-1,-1,1,1,-1,-1,1,-1,-1,1,1,-1,-1,1,-1,1,1,1,1,-1,1,-1,-1,1,1,-1,1,1,-1,1,-1,1,-1,-1,1,-1,1,1,1,1,1,1,-1,1,-1,1,1,1,1,-1,1,-1,1,1,1,1,1,-1,1,1,1,-1,1,1,-1,1,1,-1,1,1,1,-1,-1,1,1,1,1,-1,1,-1,1,1,-1,1,-1,-1,-1,1,1,1,1,-1,1,-1,1,-1,1,1,1,1,-1,1,1,1,1,1,1,-1,1,1,1,1,-1,1,1,1,1,1,1,1,-1,1,1,1,-1,1,1,-1,1,1,1,1,1,1,1,-1,1,-1,1,1,1,1,-1,1,1,1,1,1,1,-1,1,1,-1,1,1,-1,-1,1,1,1,-1,1,1,-1,-1,1,-1,1,1,1,1,-1,1,1,-1,1,1,-1,1,1,-1,-1,-1,-1,-1,-1,1,-1,1,1,-1,-1,1,-1,-1,1,1,1,-1,1,-1,1,1,1,-1,-1,1,1,1,-1,1,1,1,-1,1,-1,1,1,1,-1,1,1,-1,-1,-1,1,1,1,1,-1,1,-1,1,-1,1,1,1,-1,-1,1,1,-1,1,-1,1,-1,1,-1,1,1,-1,1,-1,-1,1,-1,1,1,-1,-1,1,1,1,-1,1,-1,-1,-1,1,-1,1,1,-1,-1,1,1,1,1,-1,1,-1,1,-1,1,1,-1,1,-1,1,1,1,1,-1,-1,-1,1,-1,1,1,1,-1,-1,1,-1,-1,1,-1,-1,-1,1,-1,1,1,1,-1,-1,1,-1,-1,1,-1,-1,-1,-1,-1,-1,1,-1,-1,-1,1,-1,-1,1,-1,-1,-1,-1,1,-1,1,-1,-1,1,-1,1,-1,-1,1,1,1,-1,1,-1,1,-1,1,-1,1,-1,1,1,-1,-1,1,-1,1,-1,1,-1,1,-1,1,1,1,-1,-1,-1,-1,-1,1,1,1,-1,-1,-1,1,1,-1,1,-1,-1,-1,1,1,1,1,-1,-1,1,1,1,1,1,-1,-1,-1,-1,1,-1,1,-1,1,-1,-1,1,-1,1,-1,1,1,-1,1,-1,1,1,-1,-1,-1,-1,-1,1,1,-1,-1,-1,-1,-1,1,-1,-1,-1,-1,1,1,1,-1,-1,-1,-1,1,1,1,-1,1,-1,1,-1,-1,1,1,-1,-1,-1,-1,-1,1,-1,1,-1,-1,1,-1,-1,1,-1,1,-1,-1,1,-1,1,-1,1,-1,-1,-1,-1,1,-1,1,-1,-1,-1,-1,1,-1,1,-1,-1,-1,-1,-1,1,-1,1,-1,-1,-1,-1,-1,-1,1,-1,-1,-1,1,1,-1,1,1,-1,1,1,-1,-1,1,1,-1,-1,1,-1,1,-1,1,-1,1,1,-1,1,-1,1,-1,-1,1,-1,1,-1,1,-1,-1,1,-1,1,1,1,-1,-1,1,-1,1,-1,1,-1,-1,1,-1,1,1,1,-1,-1,1,-1,1,1,1,-1,-1,1,1,-1,1,1,-1,-1,1,-1,1,-1,1,-1,-1,-1,-1,-1,1,1,-1,-1,1,-1,-1,1,1,-1,-1,-1,-1,1,-1,1,-1,-1,-1,-1,-1,1,-1,-1,1,-1,-1,1,-1,1,-1,-1,-1,-1,-1,1,1,1,-1,-1,-1,1,1,1,-1,-1,-1,1,-1,-1,1,-1,1,-1,-1,1,1,1,-1,-1,-1,-1,1,-1,1,1,-1,1,-1,-1,1,1,-1,-1,-1,-1,-1,-1,1,1,-1,-1,1,-1,1,1,-1,-1,-1,-1,-1,1,1,-1,-1,-1,1,-1,1,1,1,-1,-1,-1,1,1,1,-1,-1,1,-1,-1,1,1,1,-1,1,-1,-1,1,1,-1,1,-1,1,-1,1,1,-1,1,1,1,-1,1,1,-1,1,1,1,-1,1,1,1,1,1,-1,-1,-1,1,1,1,1,1,-1,1,-1,1,1,1,1,-1,-1,1,-1,1,-1,1,-1,1,1,1,1,-1,1,-1,1,1,1,1,1,1,-1,-1,1,1,1,1,-1,1,-1,1,1,1,1,1,-1,1,1,1,1,-1,-1,1,-1,1,1,-1,1,-1,-1,-1,1,1,1,-1,1,-1,-1,1,1,1,-1,-1,-1,-1,1,1,1,-1,-1,1,-1,-1,1,1,-1,1,-1,-1,-1,1,1,-1,1,-1,1,-1,1,1,1,1,1,-1,-1,1,1,-1,-1,1,1,-1,1,1,-1,1,-1,-1,1,1,-1,-1,1,-1,-1,-1,1,1,-1,1,1,-1,1,1,-1,-1,-1,1,-1,-1,-1,-1,-1,1,1,1,1,1,-1,1,1,1,1,1,1,1,-1,1,1,-1,1,1,-1,-1,1,1,1,1,1,-1,1,-1,1,-1,1,1,-1,-1,1,1,-1,1,1,1,-1,1,1,1,1,1,-1,-1,1,1,-1,1,-1,1,-1,1,-1,1,1,-2652.0,1,2000,445,1000,True
2626,1,1,-1,-1,1,1,-1,-1,1,1,1,-1,-1,1,1,1,-1,1,-1,-1,-1,-1,1,1,1,-1,-1,-1,1,1,1,1,1,-1,-1,-1,1,1,1,1,-1,-1,-1,1,1,1,1,-1,1,1,1,1,-1,1,-1,-1,1,-1,1,1,1,-1,-1,-1,1,1,1,1,-1,-1,-1,1,1,1,1,-1,-1,-1,1,1,1,-1,-1,-1,1,1,1,1,-1,-1,-1,1,1,1,1,-1,-1,1,1,-1,1,1,-1,-1,1,1,1,1,1,-1,-1,1,1,-1,1,1,-1,-1,1,1,1,1,1,1,-1,1,1,1,-1,1,1,-1,1,1,1,1,1,1,-1,-1,1,1,1,1,1,-1,1,1,1,1,1,1,-1,-1,-1,1,1,1,1,-1,1,1,1,1,-1,1,-1,1,-1,1,1,1,-1,-1,1,1,1,1,1,-1,1,-1,-1,1,1,1,-1,1,1,1,1,-1,1,1,1,1,-1,1,-1,1,-1,1,1,-1,1,-1,1,1,-1,1,-1,1,-1,1,-1,1,1,-1,1,-1,1,1,1,1,-1,-1,1,1,-1,-1,1,-1,1,1,-1,1,1,1,-1,1,-1,1,-1,1,1,-1,-1,1,-1,1,-1,1,-1,1,1,1,-1,1,1,-1,1,-1,1,-1,1,-1,1,-1,-1,1,-1,1,-1,-1,1,-1,-1,-1,1,-1,-1,-1,-1,1,-1,-1,1,1,-1,1,1,1,-1,1,1,-1,1,1,1,-1,-1,1,-1,-1,-1,-1,1,-1,1,1,-1,-1,1,-1,-1,1,-1,-1,-1,1,-1,-1,1,1,-1,-1,-1,1,-1,1,-1,-1,-1,-1,1,-1,1,-1,-1,-1,-1,1,-1,1,-1,-1,-1,1,-1,1,1,-1,1,-1,1,-1,-1,1,-1,1,-1,-1,1,1,1,-1,-1,-1,-1,1,1,-1,-1,1,-1,-1,1,1,-1,-1,1,-1,-1,1,1,-1,-1,1,1,-1,1,1,1,-1,1,-1,-1,1,1,1,-1,-1,1,-1,1,-1,-1,-1,1,1,1,1,1,1,-1,1,-1,1,-1,1,-1,1,-1,1,-1,1,1,-1,1,1,-1,1,-1,1,-1,-1,-1,1,-1,1,1,1,-1,1,-1,1,1,1,-1,-1,1,-1,1,1,-1,1,-1,1,-1,1,1,1,-1,-1,1,1,1,1,-1,1,-1,-1,1,1,1,1,-1,-1,-1,1,1,1,1,1,-1,-1,1,-1,1,1,-1,1,-1,1,1,-1,1,1,-1,1,1,1,1,1,-1,-1,1,1,1,1,-1,1,-1,1,1,-1,1,-1,1,-1,1,1,-1,1,-1,-1,-1,1,1,-1,1,-1,1,-1,-1,1,1,1,-1,-1,1,-1,1,-1,1,1,1,-1,1,1,1,-1,-1,1,-1,-1,1,-1,1,-1,1,1,-1,1,1,-1,1,1,-1,-1,1,1,-1,1,1,1,1,1,1,-1,1,1,1,-1,1,1,1,-1,-1,-1,1,-1,-1,1,-1,1,-1,1,-1,1,-1,-1,-1,1,1,-1,1,1,-1,-1,-1,1,-1,1,1,-1,1,-1,1,-1,-1,-1,-1,-1,-1,1,-1,-1,-1,-1,-1,-1,1,-1,1,1,1,1,-1,1,-1,1,1,-1,-1,-1,1,-1,-1,1,-1,1,-1,-1,1,1,1,1,-1,-1,1,1,1,1,-1,1,-1,-1,1,1,1,-1,-1,-1,1,1,1,1,-1,1,-1,1,-1,1,-1,1,1,-1,-1,1,1,1,-1,-1,-1,-1,1,1,1,1,-1,-1,-1,1,1,1,1,-1,-1,-1,1,-1,1,-1,-1,-1,-1,1,1,1,1,-1,-1,-1,1,-1,1,-1,-1,-1,-1,1,1,-1,1,-1,-1,-1,1,1,1,1,-1,-1,1,-1,1,-1,1,-1,1,1,-1,1,-1,1,-1,-1,1,1,-1,1,1,-1,1,-1,1,-1,1,1,-1,-1,1,-1,1,-1,1,-1,-1,1,1,-1,1,1,-1,-1,-1,1,-1,1,1,-1,-1,1,1,-1,-1,1,-1,1,-1,1,1,-1,-1,-1,-1,1,1,-1,-1,1,-1,-1,1,1,-1,1,-1,-1,-1,1,1,1,-1,1,-1,-1,1,1,1,-1,-1,-1,-1,-1,1,-1,-1,-1,-1,-1,1,1,1,-1,-1,-1,1,-1,1,1,-1,1,-1,-1,-1,1,1,-1,-1,1,-1,-1,1,1,-1,-1,-1,-1,1,-1,1,-1,-1,-1,1,-1,1,-1,-1,-1,-1,-1,-1,1,-1,1,-1,1,-1,1,-1,1,-1,-1,-1,-1,-1,-1,1,1,-1,1,-1,-1,-1,1,-1,-1,-1,-1,-1,-1,1,-1,1,-1,-1,1,-1,1,-1,-1,1,-1,1,1,-1,1,-1,-1,-1,1,1,1,-1,1,1,-1,1,-1,1,1,1,-1,1,1,1,1,-1,-1,-1,1,1,-1,1,-1,1,1,1,1,-1,1,-1,-1,1,1,-1,1,1,-1,1,1,1,1,1,1,-1,-1,1,1,1,1,-1,-1,1,-1,1,-1,1,1,1,-1,1,1,-1,1,-1,1,1,1,1,1,1,-1,-1,-1,1,1,1,1,-1,-1,1,1,1,1,1,-1,1,1,1,1,-1,-1,1,-1,1,1,-1,1,-1,-1,-1,1,1,1,-1,1,-1,-1,1,1,1,-1,-1,-1,-1,1,1,1,-1,-1,1,-1,-1,1,1,-1,1,-1,-1,-1,1,1,-1,1,-1,1,-1,1,1,1,1,1,-1,-1,1,1,-1,-1,1,1,-1,1,1,-1,1,-1,-1,1,1,-1,-1,1,-1,-1,-1,1,1,-1,1,1,-1,1,1,-1,-1,1,-1,1,-1,-1,-1,-1,1,-1,-1,1,1,-1,1,1,-1,1,1,1,1,-1,1,-1,1,1,1,1,-1,1,-1,-1,1,1,1,-1,1,-1,1,1,1,1,-1,1,-1,1,1,1,-1,-1,1,-1,-1,1,1,-1,-1,-1,1,-1,1,1,1,-1,1,-1,-1,1,-2652.0,1,2000,445,1500,True
2627,1,1,-1,-1,1,1,-1,1,1,1,1,-1,1,-1,1,1,-1,1,-1,-1,-1,1,1,1,1,1,-1,-1,1,1,1,1,-1,-1,-1,1,-1,1,1,1,-1,-1,1,1,1,1,1,1,-1,-1,1,1,-1,1,-1,1,1,-1,1,1,1,-1,-1,-1,1,1,1,1,1,-1,1,-1,1,1,1,1,1,1,-1,1,1,-1,1,-1,-1,1,1,1,1,1,1,1,-1,1,1,1,-1,1,-1,-1,1,1,1,1,-1,-1,-1,1,1,1,1,1,-1,-1,1,1,1,1,1,-1,-1,1,1,1,1,1,-1,-1,1,1,1,1,-1,-1,-1,-1,1,1,1,-1,-1,-1,-1,1,1,1,1,-1,-1,-1,1,1,1,1,1,-1,1,-1,1,1,-1,1,-1,-1,1,-1,1,-1,1,-1,-1,-1,1,1,-1,-1,-1,1,1,1,-1,1,1,-1,-1,-1,1,-1,-1,-1,-1,-1,-1,1,-1,-1,1,-1,-1,-1,1,-1,-1,1,-1,-1,1,1,1,-1,1,-1,1,1,-1,-1,-1,1,-1,1,-1,1,1,-1,1,1,-1,-1,1,1,-1,1,1,-1,1,-1,1,-1,1,-1,-1,-1,1,-1,-1,1,1,-1,1,-1,1,-1,1,-1,-1,-1,1,-1,-1,1,-1,1,-1,1,1,-1,1,1,1,-1,1,-1,1,1,1,1,1,1,-1,1,1,1,1,-1,-1,1,-1,1,1,1,1,1,1,-1,-1,1,1,1,-1,1,1,-1,1,1,1,1,1,-1,-1,1,1,1,1,1,1,-1,1,1,1,-1,1,1,1,-1,1,1,1,-1,1,1,1,1,1,1,-1,1,1,1,1,1,1,-1,-1,-1,1,1,1,-1,1,1,1,1,-1,1,1,1,-1,1,1,1,1,1,-1,1,1,1,1,1,1,-1,1,1,1,1,1,1,-1,1,1,1,-1,1,1,1,1,1,1,-1,-1,1,-1,1,1,1,-1,1,1,-1,-1,1,1,1,-1,1,-1,1,1,-1,-1,-1,-1,-1,1,1,1,-1,1,1,-1,1,1,-1,-1,1,1,-1,1,1,-1,-1,1,-1,1,1,1,-1,-1,-1,1,-1,1,-1,-1,-1,1,-1,-1,1,1,1,1,-1,-1,1,-1,1,-1,-1,1,-1,-1,1,1,-1,1,1,-1,1,-1,-1,1,-1,1,-1,-1,-1,-1,-1,-1,1,-1,-1,1,-1,1,-1,1,-1,1,-1,-1,1,-1,1,-1,-1,1,-1,1,-1,1,-1,-1,-1,1,1,1,1,-1,-1,1,1,-1,1,-1,1,-1,1,1,-1,1,-1,-1,-1,-1,1,-1,1,-1,1,-1,1,-1,1,1,-1,-1,1,-1,1,1,-1,1,-1,1,-1,-1,-1,1,1,-1,-1,-1,1,-1,1,-1,-1,1,-1,-1,1,1,1,-1,-1,-1,-1,1,1,1,-1,-1,1,-1,-1,-1,1,1,-1,1,-1,1,1,-1,-1,1,-1,1,1,-1,1,-1,1,1,-1,1,-1,1,-1,1,1,1,-1,-1,1,-1,-1,1,-1,1,-1,1,-1,1,1,-1,1,-1,1,-1,1,1,-1,1,-1,1,-1,1,1,-1,1,-1,-1,-1,-1,1,1,1,-1,1,-1,-1,1,-1,1,-1,1,1,1,-1,-1,1,1,-1,-1,-1,-1,-1,1,1,-1,-1,1,-1,-1,1,1,-1,-1,1,-1,1,1,-1,-1,-1,-1,-1,1,1,-1,1,-1,-1,1,1,1,1,-1,1,-1,-1,-1,1,1,-1,1,-1,1,-1,1,1,-1,-1,1,1,1,1,1,-1,1,1,-1,-1,1,1,-1,-1,1,1,-1,1,1,-1,-1,1,1,-1,1,1,-1,-1,1,1,-1,1,1,-1,-1,1,1,-1,1,1,-1,-1,1,-1,-1,1,-1,1,-1,1,-1,-1,1,-1,-1,1,-1,1,-1,1,1,-1,1,1,-1,-1,1,-1,-1,1,-1,-1,-1,1,1,-1,1,1,-1,-1,1,1,-1,1,1,-1,-1,-1,1,-1,1,1,-1,-1,-1,1,-1,-1,1,-1,-1,1,-1,-1,1,-1,-1,-1,-1,-1,-1,1,-1,-1,-1,-1,1,-1,-1,1,-1,-1,-1,1,-1,-1,1,-1,-1,-1,1,-1,1,1,-1,-1,-1,1,-1,1,-1,-1,-1,1,-1,-1,1,-1,1,-1,1,1,-1,-1,-1,-1,1,1,1,-1,1,1,-1,-1,-1,-1,1,-1,-1,-1,-1,1,1,-1,1,1,1,-1,1,1,-1,1,-1,1,1,-1,1,-1,-1,1,1,-1,-1,1,1,-1,-1,1,1,-1,1,1,-1,1,1,-1,-1,-1,1,-1,1,1,-1,-1,1,1,-1,1,1,1,-1,1,-1,1,1,1,-1,1,1,-1,-1,1,1,-1,-1,1,-1,-1,1,1,-1,1,-1,-1,-1,1,1,-1,-1,-1,1,-1,1,1,-1,-1,-1,-1,-1,1,1,1,-1,-1,1,-1,1,1,-1,-1,1,-1,-1,1,-1,1,-1,-1,-1,1,1,1,1,-1,1,-1,-1,1,1,1,-1,1,-1,1,1,1,1,-1,-1,-1,1,-1,1,-1,-1,-1,-1,1,-1,1,-1,-1,-1,-1,1,1,1,-1,-1,1,1,-1,1,1,-1,1,-1,1,1,1,1,1,-1,1,-1,1,1,1,1,-1,1,1,1,-1,1,1,-1,1,1,-1,1,1,1,-1,1,-1,1,1,-1,1,-1,1,-1,1,1,-1,1,-1,-1,1,-1,-1,1,1,-1,1,1,-1,-1,1,1,1,1,-1,1,1,1,-1,1,1,-1,1,1,1,-1,-1,1,-1,-1,1,1,-1,1,1,1,-1,-1,-1,1,1,1,-1,-1,1,1,1,-1,1,-1,-1,-1,1,1,1,1,-1,-1,1,1,1,1,1,1,-1,1,1,1,1,1,1,-1,1,1,-1,-1,1,-1,-1,1,-1,1,1,1,1,-1,-1,1,1,-1,1,-1,1,-1,1,1,-1,1,1,-1,-1,1,-2652.0,1,2000,445,500,True
2628,1,1,-1,-1,1,1,-1,1,1,1,1,-1,-1,1,1,1,-1,1,-1,-1,-1,1,1,1,1,1,-1,-1,1,1,1,1,-1,-1,-1,1,-1,1,1,1,-1,-1,1,1,1,1,1,1,-1,-1,1,1,-1,1,-1,-1,1,-1,1,1,1,-1,-1,-1,1,1,1,1,1,-1,1,-1,1,1,1,1,-1,1,-1,1,1,-1,1,-1,-1,1,1,1,1,-1,-1,1,-1,1,1,1,1,1,-1,-1,1,1,1,1,1,-1,-1,1,1,1,1,-1,-1,-1,1,1,1,1,1,-1,-1,1,1,1,1,-1,-1,-1,1,1,1,1,1,-1,-1,1,1,1,1,1,-1,-1,-1,1,1,1,1,-1,-1,-1,1,1,1,1,1,-1,-1,-1,1,1,1,-1,-1,-1,1,-1,1,1,1,-1,-1,-1,1,1,1,-1,-1,1,1,1,1,-1,1,-1,-1,-1,1,1,1,-1,-1,-1,-1,1,1,1,1,-1,-1,-1,1,-1,1,1,-1,-1,1,1,1,1,1,-1,1,-1,1,-1,1,1,-1,1,-1,1,1,1,1,1,-1,-1,-1,1,1,1,1,-1,-1,1,1,1,1,-1,-1,-1,1,-1,1,1,1,-1,-1,-1,1,1,1,-1,-1,-1,1,1,1,1,-1,1,-1,1,1,-1,1,1,-1,-1,1,1,-1,1,1,-1,-1,1,1,-1,1,1,1,-1,-1,1,1,1,1,1,-1,1,1,1,1,1,-1,-1,1,1,-1,1,1,-1,-1,1,1,-1,1,-1,1,-1,1,1,-1,1,1,1,-1,1,1,-1,1,-1,1,-1,1,1,-1,1,1,1,-1,1,1,-1,1,1,-1,-1,1,-1,1,1,1,-1,1,1,1,-1,1,1,-1,1,1,-1,1,1,1,1,1,1,1,-1,1,1,1,1,1,1,-1,1,1,-1,1,1,1,-1,1,1,1,-1,1,-1,-1,1,1,1,-1,1,1,-1,-1,1,1,-1,1,1,1,-1,1,1,-1,1,1,-1,1,1,1,1,-1,-1,1,1,1,1,-1,1,-1,-1,1,-1,1,-1,1,1,1,1,1,1,-1,1,-1,-1,1,1,1,-1,1,1,1,-1,1,1,1,1,1,1,1,1,1,-1,-1,1,1,1,1,-1,1,-1,1,-1,1,1,1,1,-1,1,1,-1,1,-1,1,-1,1,-1,1,1,-1,1,-1,-1,1,-1,1,-1,1,-1,1,1,1,1,-1,1,-1,-1,1,-1,1,-1,-1,-1,1,1,1,1,-1,1,-1,1,-1,1,1,-1,-1,-1,1,1,1,-1,-1,-1,-1,1,-1,1,1,-1,-1,-1,1,1,-1,1,1,-1,-1,1,-1,1,-1,-1,-1,-1,1,-1,-1,-1,1,-1,-1,-1,1,1,-1,1,-1,-1,1,-1,-1,1,1,-1,-1,-1,1,-1,1,1,-1,1,-1,1,-1,-1,-1,1,1,-1,1,-1,1,1,1,1,1,-1,1,1,-1,-1,1,1,1,-1,1,-1,1,-1,1,1,1,-1,-1,-1,-1,-1,1,-1,1,-1,-1,-1,1,1,-1,1,-1,-1,-1,1,1,-1,1,-1,-1,1,1,1,-1,1,-1,-1,-1,-1,1,1,1,-1,1,-1,-1,1,-1,1,-1,1,1,1,-1,-1,1,1,-1,-1,-1,-1,-1,1,1,-1,-1,-1,1,-1,1,1,-1,-1,-1,-1,1,1,-1,-1,-1,-1,-1,1,1,-1,1,-1,-1,1,1,1,1,-1,-1,-1,-1,-1,1,1,-1,-1,-1,1,-1,1,1,-1,-1,-1,-1,1,1,1,-1,1,-1,1,-1,1,1,-1,-1,1,1,-1,1,1,-1,-1,-1,1,-1,1,1,-1,-1,1,1,-1,1,1,-1,-1,-1,1,-1,1,1,1,-1,1,-1,-1,1,-1,1,-1,1,-1,-1,1,-1,1,-1,1,1,-1,1,1,-1,-1,1,-1,-1,1,-1,1,-1,1,-1,-1,1,1,-1,-1,1,1,-1,-1,1,1,-1,1,-1,-1,-1,1,-1,-1,1,-1,-1,-1,1,1,1,1,1,-1,-1,1,1,-1,1,1,-1,-1,1,1,-1,-1,-1,-1,-1,1,1,1,-1,1,-1,-1,1,1,1,-1,1,-1,-1,1,1,-1,-1,1,-1,-1,1,1,-1,1,-1,-1,1,1,1,1,-1,1,-1,1,1,1,1,-1,1,1,1,1,1,1,1,1,-1,-1,1,1,1,-1,1,-1,1,1,1,-1,1,1,-1,1,1,1,1,-1,1,1,-1,1,1,-1,1,1,-1,-1,1,1,-1,-1,1,1,-1,1,1,-1,1,1,-1,-1,-1,1,-1,1,1,-1,-1,1,-1,-1,1,1,1,-1,1,-1,1,1,1,-1,1,1,-1,-1,1,1,-1,-1,-1,-1,-1,1,1,-1,1,-1,-1,-1,1,1,-1,-1,1,-1,-1,1,1,-1,-1,-1,-1,-1,1,1,1,-1,-1,-1,-1,-1,1,-1,-1,-1,-1,-1,1,-1,1,-1,-1,-1,-1,-1,1,1,-1,-1,1,-1,1,1,1,-1,1,-1,-1,1,1,1,-1,-1,-1,-1,-1,1,-1,-1,-1,-1,1,-1,1,-1,-1,-1,-1,-1,1,1,-1,-1,-1,-1,1,-1,1,-1,1,-1,-1,-1,-1,1,1,-1,1,-1,-1,-1,1,1,-1,1,-1,-1,-1,1,1,-1,-1,-1,1,-1,-1,1,-1,-1,1,-1,-1,-1,1,-1,1,-1,-1,1,-1,1,-1,1,-1,1,-1,-1,1,-1,-1,-1,1,1,-1,1,1,-1,1,-1,-1,1,1,-1,-1,1,-1,1,-1,1,-1,-1,1,1,-1,1,1,-1,-1,1,1,-1,-1,-1,-1,-1,1,-1,1,-1,1,-1,1,1,1,-1,1,1,1,-1,1,1,-1,1,1,-1,-1,1,1,1,1,1,-1,-1,1,1,-1,1,1,-1,-1,1,1,-1,1,1,1,-1,1,1,1,1,1,-1,-1,-1,-1,1,1,-1,1,-1,1,1,-1,1,-2652.0,1,2000,445,1000,True
2629,-1,-1,1,1,1,-1,-1,1,-1,-1,1,-1,1,1,-1,-1,1,-1,1,-1,-1,1,-1,-1,-1,1,-1,-1,1,-1,-1,-1,1,-1,-1,1,1,-1,-1,1,-1,-1,1,-1,-1,-1,-1,-1,1,-1,-1,-1,1,1,-1,-1,-1,1,-1,-1,1,-1,-1,1,-1,1,-1,-1,-1,-1,1,-1,-1,-1,1,-1,-1,1,-1,-1,-1,-1,-1,-1,-1,-1,-1,1,-1,-1,-1,-1,-1,1,1,-1,-1,1,-1,1,1,1,-1,-1,1,-1,-1,1,1,-1,-1,1,-1,-1,1,1,-1,-1,1,-1,-1,1,1,1,-1,-1,-1,-1,1,1,1,-1,1,-1,1,1,1,1,-1,-1,-1,-1,1,1,1,-1,1,-1,-1,1,1,1,-1,-1,1,-1,1,1,1,-1,1,-1,1,1,1,1,-1,1,-1,1,1,1,-1,-1,1,-1,1,1,1,-1,1,-1,1,1,1,1,-1,1,1,-1,1,1,1,-1,1,1,-1,1,1,1,1,-1,1,-1,1,1,1,-1,-1,1,-1,1,1,1,-1,1,1,-1,1,1,1,1,1,1,-1,-1,1,1,-1,-1,1,-1,1,1,-1,1,-1,1,-1,1,1,1,-1,1,1,-1,1,1,-1,-1,1,1,-1,1,1,-1,1,1,1,-1,1,1,-1,1,1,-1,1,-1,-1,-1,1,1,-1,-1,1,1,-1,1,1,-1,-1,-1,1,-1,-1,1,1,1,-1,1,-1,1,1,1,1,-1,-1,-1,-1,1,-1,1,-1,-1,-1,1,1,-1,1,-1,-1,-1,1,1,1,1,-1,-1,-1,1,1,-1,1,1,-1,-1,1,1,-1,1,1,1,-1,1,1,-1,1,-1,-1,-1,1,-1,-1,1,-1,-1,1,-1,-1,1,1,-1,-1,1,-1,1,-1,1,-1,1,1,1,-1,1,1,-1,-1,1,1,-1,1,1,-1,-1,1,1,-1,1,1,1,-1,1,1,-1,1,1,-1,1,1,1,-1,1,1,1,-1,1,1,1,-1,1,1,-1,-1,1,-1,1,-1,1,-1,1,-1,-1,1,1,1,-1,1,1,-1,1,1,-1,1,1,1,1,1,1,-1,1,1,1,-1,1,1,1,1,-1,1,1,1,-1,1,1,1,1,1,1,1,1,-1,1,-1,1,-1,-1,1,-1,1,-1,1,1,1,1,-1,1,-1,1,-1,-1,1,1,1,-1,1,1,-1,1,1,1,-1,-1,1,-1,1,1,-1,-1,1,1,1,-1,1,1,-1,-1,1,-1,1,-1,-1,-1,1,1,1,1,-1,1,-1,1,-1,-1,1,-1,-1,1,1,-1,1,1,-1,-1,-1,1,-1,1,1,-1,-1,-1,1,-1,-1,1,1,-1,-1,1,-1,1,-1,1,-1,-1,1,1,-1,-1,1,-1,-1,1,-1,1,-1,1,-1,-1,1,-1,-1,1,1,-1,-1,-1,1,-1,1,1,-1,-1,1,1,-1,-1,1,1,1,-1,1,-1,1,-1,1,-1,1,-1,1,1,1,-1,-1,1,1,-1,1,1,-1,1,1,1,1,-1,1,-1,1,-1,1,1,1,1,-1,-1,1,1,-1,1,1,-1,-1,1,1,1,1,1,-1,-1,1,1,1,1,1,-1,-1,-1,1,-1,1,-1,1,-1,-1,1,1,1,1,-1,1,-1,1,-1,1,1,-1,-1,-1,-1,1,1,-1,1,1,-1,1,1,1,-1,1,-1,-1,1,1,1,-1,1,-1,-1,-1,1,1,1,1,-1,-1,1,1,-1,-1,1,1,-1,-1,1,-1,-1,1,-1,-1,1,1,1,-1,1,1,-1,-1,1,1,-1,1,-1,-1,1,1,-1,1,1,1,-1,-1,1,1,-1,1,1,-1,1,1,1,-1,1,1,1,-1,1,-1,-1,1,1,-1,1,1,1,-1,1,1,1,-1,1,-1,-1,1,1,1,-1,1,-1,-1,1,1,-1,1,1,-1,-1,1,1,-1,1,-1,-1,-1,1,-1,1,-1,1,-1,-1,1,1,-1,-1,1,-1,-1,1,1,-1,1,1,-1,-1,1,1,1,-1,1,-1,-1,1,1,1,1,1,-1,1,1,-1,1,1,1,1,-1,1,-1,1,-1,1,-1,-1,1,1,-1,1,1,-1,1,-1,1,-1,1,1,1,-1,1,-1,-1,1,1,-1,1,1,-1,1,-1,-1,-1,-1,1,-1,-1,1,1,-1,1,1,-1,-1,1,1,-1,1,1,-1,1,1,1,-1,-1,1,-1,-1,1,1,-1,-1,1,-1,1,1,1,-1,1,1,1,-1,1,1,-1,1,1,-1,1,1,1,-1,-1,1,-1,-1,1,-1,-1,-1,1,-1,1,1,-1,-1,-1,1,-1,1,1,1,-1,1,1,-1,1,1,1,-1,1,-1,1,1,1,-1,-1,1,-1,-1,1,1,1,1,-1,1,-1,1,1,1,-1,1,-1,-1,1,1,-1,1,-1,1,-1,1,1,1,1,1,-1,-1,1,1,1,1,1,-1,-1,-1,1,-1,1,-1,-1,-1,1,-1,1,1,1,-1,-1,-1,1,-1,1,1,-1,-1,1,-1,1,1,1,-1,1,1,1,1,1,1,-1,1,-1,-1,1,1,1,-1,1,-1,1,1,1,-1,1,-1,1,-1,1,1,-1,1,1,-1,1,1,-1,1,1,-1,-1,1,1,1,1,-1,1,-1,-1,1,1,-1,-1,1,-1,1,1,1,-1,1,-1,-1,-1,1,1,-1,-1,1,-1,-1,1,1,1,-1,1,-1,-1,1,1,1,-1,1,-1,-1,1,1,-1,-1,-1,1,-1,-1,1,-1,1,1,-1,1,1,-1,-1,1,-1,-1,-1,1,1,-1,1,1,-1,1,1,-1,-1,1,-1,1,-1,-1,-1,-1,1,-1,-1,1,1,-1,1,1,-1,1,1,1,1,-1,1,-1,1,1,1,1,-1,1,-1,-1,1,1,1,-1,1,-1,1,1,1,1,-1,1,-1,1,1,1,-1,-1,1,-1,-1,1,1,-1,-1,-1,1,-1,1,-1,1,-1,1,-1,-1,1,-2652.0,1,2000,445,1500,True
2630,1,1,-1,-1,1,1,-1,1,1,1,1,-1,-1,1,1,1,-1,1,-1,-1,-1,1,1,1,1,1,-1,-1,1,1,1,1,-1,-1,-1,1,-1,1,1,1,-1,-1,1,1,1,1,1,1,-1,1,1,1,-1,1,-1,-1,-1,-1,1,1,1,-1,-1,-1,1,1,1,1,1,-1,1,-1,1,1,1,1,-1,1,-1,1,1,-1,1,-1,-1,1,1,1,1,1,-1,1,-1,1,1,1,-1,1,-1,1,1,1,1,1,1,-1,-1,1,1,1,1,-1,-1,-1,1,1,1,1,1,-1,-1,1,1,1,1,-1,-1,-1,1,1,1,1,1,-1,-1,1,1,1,1,1,-1,-1,1,1,1,1,1,-1,-1,-1,1,1,1,1,1,-1,-1,1,1,1,1,1,-1,-1,1,1,1,1,1,-1,1,1,1,1,1,-1,-1,1,1,1,1,-1,1,-1,1,1,-1,1,1,-1,-1,-1,1,1,1,1,1,-1,1,1,-1,-1,1,1,-1,-1,1,1,1,1,1,-1,1,1,1,1,1,1,-1,1,1,-1,-1,1,1,1,-1,1,-1,-1,1,1,-1,-1,1,-1,1,1,1,-1,-1,1,-1,1,1,1,1,-1,1,-1,1,1,1,-1,1,1,-1,1,-1,1,-1,-1,1,1,-1,1,1,1,1,1,1,1,-1,1,1,1,1,1,1,-1,1,1,1,1,1,-1,1,1,1,1,1,1,1,1,1,-1,-1,1,1,1,-1,1,1,1,1,1,1,-1,1,1,1,-1,1,1,-1,1,1,1,1,-1,1,-1,1,-1,1,1,1,1,-1,1,1,1,1,1,1,-1,1,1,1,1,1,-1,1,1,1,1,1,1,1,-1,1,1,-1,1,1,-1,1,1,1,-1,1,1,1,-1,1,-1,1,1,1,1,-1,1,1,-1,1,1,1,-1,1,1,-1,1,1,-1,-1,1,1,1,-1,1,1,-1,-1,1,-1,1,1,1,1,-1,1,1,-1,1,1,-1,1,1,-1,-1,-1,-1,-1,-1,1,-1,1,1,-1,-1,1,-1,1,1,1,1,1,1,-1,1,1,1,-1,-1,1,1,1,-1,1,1,1,-1,1,-1,1,-1,1,1,1,1,-1,-1,-1,1,1,1,1,-1,1,-1,1,-1,1,1,1,-1,-1,1,1,-1,1,-1,1,-1,1,-1,-1,-1,1,1,-1,-1,1,-1,1,1,-1,-1,1,1,-1,1,1,-1,-1,-1,1,-1,1,-1,-1,-1,1,1,1,1,-1,1,-1,1,1,1,1,-1,-1,1,1,1,1,1,-1,-1,-1,1,-1,1,1,-1,-1,-1,1,1,-1,1,1,-1,-1,1,-1,1,-1,1,-1,-1,1,-1,-1,-1,1,-1,-1,1,-1,1,-1,1,-1,-1,1,-1,-1,1,1,-1,-1,-1,1,-1,1,1,-1,-1,1,1,-1,-1,1,1,1,-1,1,-1,1,-1,1,-1,1,-1,1,1,-1,-1,1,1,1,1,-1,-1,1,-1,1,1,1,-1,-1,-1,1,-1,1,1,1,-1,-1,-1,1,1,-1,1,-1,-1,-1,1,1,-1,1,-1,-1,1,1,1,-1,1,-1,-1,-1,-1,1,1,1,-1,1,-1,-1,1,-1,1,-1,-1,1,1,-1,-1,1,1,-1,-1,-1,-1,-1,1,1,-1,1,-1,1,-1,1,1,-1,-1,1,-1,1,1,-1,-1,-1,-1,-1,1,1,-1,1,-1,-1,1,1,1,1,-1,-1,-1,-1,-1,1,-1,1,-1,-1,1,-1,1,1,-1,1,-1,-1,1,1,1,-1,1,-1,1,-1,1,1,-1,1,-1,-1,-1,1,1,-1,1,-1,1,-1,1,1,-1,-1,1,-1,-1,1,1,-1,-1,-1,1,-1,1,1,-1,-1,1,-1,-1,-1,-1,1,-1,1,-1,-1,1,-1,-1,1,-1,1,-1,-1,1,-1,1,-1,1,-1,1,-1,1,-1,1,-1,-1,-1,1,-1,1,-1,-1,-1,-1,1,-1,1,-1,1,-1,-1,1,-1,1,1,-1,-1,-1,-1,1,1,1,1,-1,-1,1,-1,-1,1,1,-1,-1,-1,-1,1,-1,1,-1,-1,1,1,-1,1,1,-1,-1,1,-1,-1,1,1,-1,-1,-1,-1,1,-1,1,-1,-1,-1,-1,-1,1,-1,-1,1,-1,-1,1,-1,1,-1,-1,-1,-1,-1,1,1,1,-1,-1,-1,1,1,1,-1,-1,-1,1,-1,-1,1,-1,-1,-1,-1,1,1,1,-1,-1,-1,-1,1,-1,1,1,-1,1,-1,-1,1,1,-1,-1,-1,-1,-1,-1,1,1,-1,-1,1,-1,1,1,-1,-1,-1,-1,-1,1,1,-1,-1,-1,1,-1,1,1,1,-1,-1,-1,1,1,1,-1,-1,1,-1,-1,1,1,-1,-1,-1,-1,-1,1,1,-1,1,-1,-1,-1,1,1,-1,-1,1,-1,-1,1,1,-1,-1,1,-1,-1,1,1,1,-1,1,-1,-1,1,1,-1,-1,1,-1,-1,1,-1,1,-1,1,-1,-1,-1,1,1,-1,-1,1,-1,1,-1,1,-1,1,-1,-1,1,1,1,-1,-1,-1,-1,-1,-1,-1,-1,1,-1,1,-1,1,-1,-1,1,1,-1,1,-1,-1,-1,-1,-1,1,-1,1,-1,1,1,-1,-1,-1,1,1,-1,1,-1,-1,-1,-1,1,-1,1,-1,-1,-1,1,1,-1,-1,1,1,-1,-1,1,-1,-1,1,-1,-1,-1,1,1,-1,1,-1,1,-1,1,-1,1,-1,1,-1,-1,1,-1,-1,-1,1,1,-1,1,1,-1,1,-1,-1,1,1,-1,-1,1,1,-1,-1,1,-1,-1,1,1,-1,1,1,-1,-1,1,1,-1,-1,-1,-1,-1,1,-1,1,1,1,-1,1,1,1,-1,1,1,-1,-1,1,1,-1,1,1,-1,-1,1,1,1,1,1,-1,1,1,1,-1,1,1,-1,-1,1,1,-1,-1,1,1,-1,1,1,1,1,1,-1,-1,1,-1,1,1,1,1,-1,1,1,-1,1,-2652.0,1,2000,445,1000,True
2631,1,1,-1,-1,1,1,-1,1,1,1,1,-1,1,1,1,1,-1,1,-1,-1,-1,1,1,1,1,1,-1,-1,1,1,1,1,-1,-1,-1,1,-1,1,1,1,-1,-1,1,1,1,1,1,1,-1,-1,1,1,-1,1,-1,-1,1,-1,1,1,1,-1,-1,1,1,1,1,1,1,-1,1,-1,1,1,1,1,-1,1,-1,1,1,1,1,-1,-1,1,1,1,1,-1,-1,1,-1,1,1,1,1,1,-1,1,1,1,1,1,1,-1,-1,1,1,1,1,-1,-1,-1,1,1,1,1,1,-1,-1,1,1,1,1,-1,-1,-1,1,1,1,1,1,-1,-1,1,1,1,1,1,-1,-1,-1,1,1,1,1,-1,-1,-1,1,1,1,1,1,-1,1,1,1,1,1,1,-1,-1,1,1,1,1,1,-1,1,1,1,1,1,-1,-1,1,1,1,1,-1,1,-1,1,1,1,1,1,-1,-1,-1,1,1,1,1,1,-1,-1,1,-1,1,1,1,-1,-1,1,1,1,1,1,-1,1,1,-1,1,1,1,-1,1,1,1,1,1,1,1,-1,1,-1,1,1,1,-1,-1,1,1,1,1,1,-1,-1,1,-1,1,1,1,1,-1,1,1,-1,1,1,-1,1,1,-1,1,1,1,-1,-1,1,-1,1,-1,1,1,1,1,-1,1,-1,1,1,1,1,-1,1,-1,1,1,1,1,-1,-1,1,1,1,1,1,1,-1,1,1,-1,-1,1,1,-1,-1,1,1,1,1,-1,1,-1,1,1,1,-1,1,-1,-1,1,1,1,1,-1,1,-1,1,-1,1,1,1,1,-1,1,1,1,1,1,-1,-1,1,1,1,1,1,1,-1,1,1,1,1,1,-1,1,1,1,-1,1,1,-1,-1,1,1,1,1,1,1,1,1,-1,1,1,1,1,1,1,1,1,1,1,1,1,1,1,-1,1,1,1,1,1,1,1,-1,1,-1,1,1,1,-1,1,1,1,1,1,1,1,-1,1,1,-1,1,1,-1,-1,-1,-1,1,1,1,-1,1,1,-1,1,1,-1,-1,1,1,1,1,1,-1,1,1,1,-1,1,1,1,-1,-1,1,1,1,-1,1,-1,1,-1,1,1,1,1,-1,-1,-1,1,-1,-1,1,1,-1,1,1,1,1,1,1,1,-1,1,-1,-1,1,-1,1,-1,1,-1,-1,1,1,1,-1,-1,1,-1,1,1,1,-1,1,1,1,-1,1,1,-1,1,-1,-1,1,1,1,-1,-1,-1,1,1,1,1,-1,1,-1,1,1,1,-1,1,-1,1,1,1,1,-1,-1,-1,-1,1,1,1,-1,1,-1,1,-1,1,1,-1,-1,1,-1,1,1,1,1,-1,-1,-1,-1,1,1,1,-1,-1,-1,-1,1,1,-1,-1,1,-1,-1,1,-1,1,-1,-1,-1,-1,1,-1,1,1,-1,-1,-1,-1,1,1,1,-1,1,-1,1,-1,-1,-1,1,-1,1,1,-1,-1,-1,1,1,-1,1,-1,1,-1,1,1,1,-1,-1,-1,-1,-1,1,1,1,-1,-1,-1,1,1,-1,1,-1,-1,-1,1,1,-1,1,-1,-1,-1,1,1,-1,1,-1,-1,-1,-1,1,1,1,-1,1,-1,-1,1,-1,1,-1,1,1,-1,1,-1,1,1,-1,-1,-1,-1,-1,1,1,-1,-1,-1,-1,-1,1,1,-1,-1,-1,1,1,1,-1,-1,-1,-1,1,1,1,-1,1,-1,1,-1,1,1,1,-1,-1,-1,-1,-1,1,-1,1,-1,-1,1,-1,1,1,-1,1,-1,-1,1,1,1,-1,1,-1,-1,-1,1,1,-1,-1,-1,-1,-1,1,1,-1,1,-1,-1,-1,1,1,-1,-1,1,-1,-1,1,1,-1,-1,-1,-1,-1,1,1,-1,-1,1,-1,-1,-1,-1,1,-1,1,-1,-1,1,-1,-1,1,-1,1,-1,1,1,-1,1,-1,1,-1,1,-1,-1,1,-1,1,-1,1,1,-1,1,-1,-1,-1,-1,1,-1,1,-1,1,-1,-1,1,-1,1,-1,1,-1,-1,-1,1,1,-1,-1,-1,-1,1,-1,-1,-1,-1,-1,-1,-1,-1,1,-1,-1,-1,-1,1,1,-1,1,-1,-1,-1,1,-1,-1,1,-1,-1,-1,-1,-1,1,1,-1,-1,-1,-1,-1,1,-1,-1,-1,1,-1,-1,1,-1,1,-1,-1,-1,-1,-1,-1,-1,1,-1,-1,-1,1,1,-1,-1,-1,-1,1,-1,-1,-1,-1,-1,-1,-1,1,-1,1,-1,-1,-1,-1,1,-1,1,1,-1,1,-1,-1,1,1,-1,-1,-1,-1,-1,-1,1,1,-1,-1,1,-1,1,1,-1,-1,-1,1,-1,1,1,-1,-1,1,-1,-1,1,1,1,-1,1,-1,1,1,1,-1,-1,1,-1,-1,1,1,-1,-1,1,-1,-1,1,1,-1,1,1,-1,-1,1,1,-1,-1,1,-1,-1,1,1,-1,-1,1,-1,-1,1,1,1,-1,-1,1,-1,1,1,-1,-1,1,-1,-1,1,-1,1,-1,-1,1,-1,-1,1,1,-1,-1,1,-1,1,1,1,-1,-1,1,-1,1,1,1,-1,-1,1,-1,-1,1,-1,-1,1,-1,1,-1,1,-1,-1,1,-1,1,-1,1,1,-1,-1,-1,1,-1,1,-1,-1,1,-1,-1,1,1,1,-1,-1,1,-1,-1,1,1,-1,-1,-1,-1,1,1,1,-1,-1,-1,-1,-1,-1,1,-1,-1,1,-1,-1,1,1,-1,1,-1,1,-1,1,1,-1,-1,1,1,-1,1,1,-1,-1,-1,1,1,1,1,1,-1,1,-1,-1,1,1,-1,-1,1,-1,-1,1,1,-1,-1,1,1,1,1,1,-1,-1,-1,-1,-1,1,-1,-1,-1,1,-1,1,1,1,-1,1,1,-1,1,1,1,-1,-1,1,-1,1,1,1,-1,-1,1,-1,1,1,1,-1,-1,1,-1,1,1,1,-1,-1,1,-1,1,1,1,1,-1,1,-1,-1,1,1,-1,-1,-1,1,-1,1,-1,1,-1,1,-1,-1,1,-2652.0,1,2000,445,1000,True
2632,-1,-1,1,1,1,1,-1,1,-1,-1,-1,1,-1,1,-1,-1,1,-1,1,1,-1,1,-1,-1,-1,1,-1,-1,1,-1,-1,-1,1,1,-1,-1,1,-1,-1,-1,1,-1,-1,-1,-1,-1,1,1,-1,1,-1,-1,1,1,1,-1,1,-1,-1,-1,1,1,1,1,-1,-1,-1,1,1,-1,1,-1,-1,-1,1,-1,-1,-1,1,-1,-1,-1,1,-1,1,-1,-1,1,1,1,-1,1,-1,-1,1,1,-1,1,1,1,-1,1,1,-1,1,1,-1,-1,1,1,-1,1,1,-1,-1,1,1,-1,1,1,-1,-1,-1,1,-1,1,1,-1,1,1,1,-1,1,1,-1,1,1,1,-1,-1,1,-1,1,-1,1,-1,1,1,1,-1,-1,1,-1,-1,-1,1,-1,1,1,-1,1,-1,1,1,1,-1,-1,1,1,-1,1,-1,1,-1,1,1,-1,-1,1,1,1,-1,-1,1,1,-1,1,1,1,1,-1,1,-1,1,1,1,-1,1,1,-1,-1,1,1,-1,1,1,1,1,-1,1,1,-1,1,-1,-1,1,1,-1,1,1,-1,1,1,1,-1,-1,1,1,-1,1,1,-1,-1,1,-1,1,1,1,-1,1,1,-1,-1,1,1,-1,1,1,-1,-1,1,1,-1,1,-1,-1,1,1,1,-1,1,1,-1,1,1,-1,-1,1,-1,-1,1,1,-1,-1,1,-1,-1,1,1,-1,1,1,1,-1,-1,1,1,1,1,1,-1,1,1,1,1,-1,-1,-1,-1,1,-1,1,1,-1,-1,1,1,-1,1,1,-1,-1,1,1,1,1,1,1,-1,1,1,-1,1,-1,1,-1,1,1,-1,1,1,1,-1,1,1,1,1,1,-1,-1,1,-1,1,1,1,-1,1,-1,1,1,1,1,-1,1,1,1,-1,1,1,1,1,1,-1,1,1,1,1,1,1,-1,1,-1,1,-1,1,1,-1,1,-1,1,1,-1,1,-1,1,-1,1,1,-1,1,-1,1,1,-1,1,-1,1,1,-1,1,-1,1,-1,1,-1,1,-1,-1,1,1,-1,-1,1,1,-1,1,-1,1,-1,1,-1,-1,1,-1,1,1,1,-1,1,1,-1,1,-1,1,-1,-1,1,-1,1,1,1,1,-1,1,1,1,1,1,-1,-1,1,-1,-1,1,-1,1,-1,-1,1,-1,1,-1,-1,-1,-1,1,-1,1,-1,1,1,-1,1,-1,1,1,-1,-1,-1,1,-1,-1,1,1,-1,-1,1,-1,1,1,-1,1,-1,1,-1,-1,1,1,-1,-1,-1,-1,1,1,-1,1,-1,1,-1,1,-1,1,-1,-1,1,-1,1,-1,1,-1,-1,-1,-1,1,-1,-1,1,-1,-1,-1,1,-1,1,1,1,-1,-1,1,-1,-1,1,-1,-1,-1,1,1,1,-1,1,-1,-1,-1,-1,1,-1,1,-1,-1,1,-1,1,1,1,-1,-1,-1,1,1,-1,1,-1,-1,-1,1,1,1,-1,1,1,-1,1,1,1,1,1,-1,1,-1,-1,1,-1,1,-1,1,-1,-1,1,1,-1,1,-1,-1,-1,1,1,-1,1,1,-1,-1,-1,1,-1,1,1,-1,-1,-1,1,-1,-1,-1,-1,1,-1,1,-1,-1,-1,-1,-1,-1,1,-1,1,1,1,1,-1,1,-1,1,1,-1,1,-1,1,-1,-1,1,-1,1,-1,-1,1,1,1,1,1,1,-1,1,-1,1,-1,1,-1,1,-1,-1,1,-1,-1,-1,1,-1,1,1,-1,1,-1,1,1,1,1,1,1,-1,-1,-1,1,-1,-1,1,-1,-1,1,1,-1,1,1,1,1,-1,-1,1,1,1,1,-1,-1,1,1,-1,1,1,-1,-1,-1,1,1,1,1,-1,-1,-1,1,-1,1,1,-1,1,-1,-1,1,1,1,1,-1,-1,1,1,1,1,-1,1,-1,1,-1,1,-1,-1,1,-1,1,-1,1,1,-1,-1,1,-1,1,1,-1,-1,-1,-1,1,-1,1,1,-1,1,-1,1,-1,1,-1,-1,1,-1,1,-1,1,-1,-1,1,-1,1,-1,1,1,-1,1,-1,1,-1,1,1,-1,1,1,1,1,1,-1,1,1,-1,1,1,1,1,-1,1,-1,1,-1,1,1,-1,1,1,-1,1,1,1,-1,1,1,-1,1,1,1,-1,1,-1,-1,1,1,-1,1,1,-1,1,-1,1,-1,1,1,1,-1,1,1,1,1,1,1,-1,1,1,-1,1,1,1,1,1,1,-1,1,1,1,-1,1,1,-1,1,1,-1,1,1,1,1,1,1,1,-1,1,1,-1,1,1,-1,1,1,1,-1,1,1,-1,-1,1,-1,-1,1,-1,-1,1,1,-1,-1,-1,1,-1,1,1,1,-1,1,1,-1,1,1,1,-1,1,-1,1,1,1,-1,1,1,-1,-1,1,1,-1,-1,-1,1,-1,1,1,-1,1,1,-1,-1,1,1,-1,-1,1,1,-1,1,1,-1,-1,1,-1,-1,1,1,-1,-1,-1,-1,-1,-1,1,-1,-1,1,-1,-1,1,-1,1,-1,1,-1,-1,-1,1,-1,1,-1,-1,-1,1,1,-1,1,-1,-1,1,1,1,-1,1,-1,-1,1,-1,1,-1,1,-1,-1,1,-1,1,-1,1,-1,1,-1,1,1,1,1,-1,-1,1,-1,1,1,-1,-1,1,-1,-1,1,-1,1,-1,-1,1,-1,1,-1,1,-1,-1,1,-1,1,-1,1,-1,1,-1,-1,-1,1,1,-1,1,1,-1,-1,-1,1,-1,-1,1,-1,-1,-1,1,1,-1,-1,-1,-1,1,1,-1,-1,-1,1,-1,1,1,-1,1,1,-1,1,1,-1,-1,1,1,-1,-1,-1,1,-1,1,1,-1,1,1,-1,-1,-1,-1,1,-1,-1,-1,-1,1,-1,-1,1,1,-1,1,1,-1,1,1,1,1,-1,1,-1,1,1,1,1,-1,1,-1,1,1,1,1,-1,1,-1,-1,1,1,1,-1,1,-1,1,1,1,-1,-1,1,-1,-1,1,1,-1,-1,-1,1,-1,1,-1,1,-1,1,-1,-1,1,-2652.0,1,2000,445,500,True
2633,-1,-1,1,1,1,1,-1,1,-1,-1,-1,1,-1,-1,-1,-1,1,-1,1,-1,-1,1,-1,-1,-1,1,-1,-1,1,-1,-1,-1,1,-1,-1,1,1,-1,-1,1,-1,-1,1,-1,-1,-1,-1,1,-1,-1,-1,-1,1,1,-1,1,-1,1,-1,-1,-1,1,-1,1,-1,-1,-1,-1,1,-1,1,-1,-1,-1,-1,1,1,1,-1,-1,-1,1,1,-1,-1,-1,-1,-1,1,1,1,-1,-1,-1,-1,1,-1,1,-1,1,-1,-1,1,1,-1,-1,-1,-1,-1,1,1,1,-1,-1,-1,-1,-1,1,1,-1,-1,-1,-1,-1,1,1,-1,-1,1,-1,-1,1,-1,-1,-1,1,-1,-1,1,-1,-1,-1,1,-1,-1,1,1,-1,-1,-1,-1,-1,-1,1,1,-1,-1,1,-1,-1,-1,-1,-1,-1,-1,-1,1,-1,1,-1,-1,-1,-1,1,-1,-1,-1,1,-1,-1,-1,1,1,-1,-1,-1,-1,-1,-1,-1,-1,1,-1,-1,-1,-1,1,-1,1,-1,-1,1,-1,1,-1,1,-1,-1,-1,-1,1,-1,1,-1,-1,-1,-1,1,1,1,-1,1,-1,-1,1,1,-1,1,-1,-1,-1,1,-1,1,-1,1,-1,-1,1,1,1,-1,1,1,-1,1,1,1,-1,-1,1,-1,1,1,-1,1,1,-1,-1,1,1,1,-1,1,-1,-1,1,-1,-1,-1,1,-1,1,1,1,-1,-1,1,-1,1,1,-1,1,-1,1,-1,-1,1,1,1,-1,1,1,-1,1,1,-1,-1,-1,1,1,1,-1,-1,-1,1,1,-1,-1,1,1,-1,-1,1,1,1,-1,-1,-1,1,1,1,-1,1,-1,-1,1,-1,1,1,-1,-1,-1,1,-1,1,-1,-1,-1,-1,1,1,-1,1,-1,-1,1,-1,-1,1,-1,-1,1,1,-1,1,-1,-1,-1,1,1,1,-1,1,1,-1,-1,1,1,-1,1,-1,-1,-1,1,1,-1,1,-1,-1,1,-1,1,-1,1,-1,-1,1,-1,1,-1,1,1,-1,1,-1,1,-1,-1,1,-1,-1,1,1,-1,1,-1,-1,1,1,-1,-1,1,1,-1,1,-1,1,-1,1,-1,1,1,-1,1,1,1,-1,1,1,-1,1,-1,1,-1,-1,1,-1,1,1,1,1,-1,1,1,-1,1,1,-1,-1,1,-1,-1,1,-1,1,-1,-1,1,-1,-1,1,-1,-1,-1,1,-1,1,-1,1,-1,-1,1,-1,1,-1,-1,-1,-1,1,-1,-1,1,1,-1,-1,1,-1,1,1,-1,1,-1,1,-1,1,-1,1,-1,-1,-1,-1,1,-1,-1,1,-1,1,-1,1,-1,1,-1,-1,-1,1,1,1,1,-1,-1,-1,-1,1,-1,-1,-1,-1,-1,1,-1,-1,1,-1,1,-1,-1,1,-1,-1,1,-1,-1,-1,1,-1,1,-1,1,-1,-1,-1,-1,1,-1,1,-1,-1,1,-1,1,1,1,-1,-1,-1,1,1,-1,1,-1,-1,-1,1,1,1,-1,1,1,-1,1,1,1,1,1,-1,1,-1,1,1,-1,1,-1,1,-1,-1,1,-1,-1,1,-1,-1,1,-1,-1,1,1,1,-1,1,1,-1,1,1,1,-1,-1,1,-1,-1,1,-1,-1,1,1,-1,-1,-1,-1,-1,1,1,-1,1,1,1,1,-1,1,-1,-1,1,1,-1,1,1,-1,-1,-1,1,-1,-1,1,1,-1,1,1,1,1,1,-1,1,1,1,-1,1,1,1,-1,1,1,-1,1,1,-1,1,1,1,-1,1,1,-1,-1,1,-1,1,1,1,-1,1,1,1,-1,1,1,-1,1,1,1,1,1,1,1,1,1,1,1,1,1,-1,1,-1,1,-1,1,1,1,1,1,1,1,1,1,-1,1,-1,1,1,1,1,1,-1,1,-1,1,1,1,1,1,1,1,1,1,1,-1,1,1,-1,-1,1,-1,-1,1,1,1,-1,1,1,-1,1,-1,-1,1,1,-1,-1,1,-1,1,-1,1,1,-1,1,-1,1,-1,1,-1,1,1,-1,1,-1,1,1,-1,1,-1,1,-1,1,1,-1,1,-1,1,-1,1,1,-1,1,1,1,1,1,-1,1,1,-1,1,1,1,1,-1,1,-1,1,-1,1,1,-1,1,1,-1,1,1,1,-1,1,1,-1,1,1,1,1,1,-1,-1,1,1,1,1,1,-1,1,-1,1,1,1,1,1,-1,1,1,1,1,1,1,-1,1,-1,1,1,1,1,1,1,1,1,1,1,1,-1,1,1,1,1,1,-1,1,1,1,1,-1,1,1,-1,1,1,1,1,1,-1,1,1,1,1,1,1,-1,-1,1,-1,1,1,1,-1,1,1,-1,1,1,-1,-1,1,1,1,1,1,1,-1,1,1,-1,1,1,-1,1,1,1,1,1,1,-1,-1,1,1,1,1,-1,1,-1,1,1,-1,1,-1,-1,-1,1,1,-1,1,-1,1,-1,1,1,1,1,1,-1,-1,1,1,-1,1,1,-1,-1,1,1,-1,1,-1,-1,-1,1,-1,1,-1,1,-1,1,1,1,-1,1,1,-1,-1,1,1,-1,-1,1,-1,1,1,1,1,-1,1,-1,1,-1,1,-1,1,1,-1,1,-1,1,-1,-1,-1,-1,1,-1,1,-1,1,1,1,1,-1,1,-1,-1,1,1,-1,-1,1,1,-1,-1,1,1,-1,1,1,-1,1,-1,1,-1,1,1,-1,1,1,-1,-1,-1,1,-1,1,-1,1,-1,-1,1,-1,1,1,1,-1,1,1,-1,-1,1,-1,-1,-1,1,-1,1,1,-1,1,1,1,1,1,-1,1,-1,1,-1,1,1,-1,-1,-1,-1,-1,-1,1,-1,-1,1,1,-1,1,1,1,-1,-1,-1,1,1,1,-1,-1,1,1,1,-1,1,-1,-1,1,1,1,1,1,-1,-1,1,1,1,1,1,1,-1,1,1,1,1,1,1,-1,1,1,-1,-1,1,-1,-1,1,1,1,1,1,1,-1,-1,1,1,-1,1,-1,1,-1,1,1,-1,1,1,-1,-1,1,-2652.0,1,2000,445,500,True
2634,1,1,-1,-1,1,1,-1,1,1,1,1,-1,-1,1,1,1,-1,1,-1,-1,-1,1,1,1,1,1,-1,-1,1,1,1,1,-1,-1,-1,1,-1,1,1,1,-1,-1,1,1,1,1,1,1,-1,1,1,1,-1,1,-1,-1,-1,-1,1,1,1,-1,-1,-1,1,1,1,1,1,-1,1,-1,1,1,1,1,-1,1,-1,1,1,-1,1,-1,-1,1,1,1,1,1,1,1,-1,1,1,1,-1,-1,-1,1,1,1,1,1,-1,-1,-1,1,1,1,1,-1,-1,-1,1,1,1,1,1,-1,-1,1,1,1,1,-1,-1,-1,1,1,1,1,-1,-1,-1,1,1,1,1,-1,-1,-1,-1,1,1,1,1,-1,-1,-1,1,1,1,-1,1,-1,1,-1,1,1,-1,1,-1,-1,1,-1,1,-1,1,-1,-1,-1,1,1,-1,-1,-1,1,1,1,-1,1,1,-1,-1,-1,1,-1,-1,-1,-1,-1,-1,1,-1,-1,1,-1,-1,-1,1,-1,-1,1,-1,-1,1,1,1,-1,1,-1,1,1,-1,-1,-1,1,-1,1,-1,1,1,-1,1,1,-1,-1,-1,1,-1,1,-1,-1,1,1,1,-1,1,-1,-1,1,-1,-1,-1,1,1,-1,-1,-1,1,-1,1,-1,-1,-1,1,-1,-1,1,-1,-1,-1,-1,1,-1,1,1,-1,-1,-1,1,-1,1,1,1,-1,-1,1,-1,1,1,1,-1,-1,1,-1,1,1,1,-1,-1,1,-1,1,-1,-1,-1,-1,1,1,1,1,-1,-1,-1,1,-1,1,1,1,-1,-1,1,1,1,1,1,-1,1,-1,1,1,-1,1,-1,-1,-1,1,1,1,1,-1,-1,1,1,1,1,1,-1,-1,1,-1,1,1,1,-1,-1,-1,1,1,1,-1,-1,-1,1,-1,1,1,-1,-1,-1,-1,1,1,-1,1,-1,-1,-1,1,1,1,-1,-1,-1,-1,1,1,1,-1,1,-1,1,1,1,1,1,1,-1,-1,1,1,1,-1,1,-1,-1,-1,1,1,1,-1,1,-1,1,1,1,-1,-1,-1,1,1,1,1,-1,1,1,-1,1,1,-1,1,1,1,-1,1,1,-1,1,1,-1,1,1,1,1,1,1,1,1,1,-1,1,1,-1,1,-1,1,1,1,-1,1,-1,1,-1,-1,1,-1,1,1,-1,1,1,1,1,-1,1,1,-1,-1,1,1,-1,1,1,-1,1,1,1,1,1,1,1,-1,1,1,-1,-1,1,1,1,-1,1,-1,-1,1,-1,-1,1,-1,-1,-1,1,-1,1,1,-1,1,1,1,-1,-1,1,-1,-1,1,1,-1,-1,1,-1,-1,1,1,-1,1,1,-1,-1,1,-1,-1,-1,1,1,-1,-1,1,-1,1,-1,1,-1,1,1,-1,-1,-1,1,-1,-1,-1,-1,1,-1,1,-1,-1,1,-1,-1,1,1,-1,-1,-1,1,-1,1,1,-1,1,-1,1,-1,-1,1,1,1,-1,1,-1,1,-1,1,-1,-1,-1,1,1,-1,-1,-1,-1,1,1,-1,-1,1,-1,1,1,1,-1,-1,-1,-1,-1,1,1,1,-1,-1,-1,1,1,-1,1,-1,-1,-1,1,1,-1,1,-1,-1,-1,1,1,-1,1,-1,-1,-1,-1,1,1,1,-1,1,-1,-1,1,-1,1,-1,-1,1,-1,1,-1,1,1,-1,-1,-1,-1,-1,1,1,-1,-1,-1,1,-1,1,1,-1,-1,1,-1,1,1,-1,-1,-1,-1,-1,1,1,-1,1,-1,1,1,1,1,1,-1,-1,-1,-1,-1,1,-1,1,-1,-1,1,-1,1,1,-1,1,-1,-1,1,1,1,-1,1,-1,1,-1,1,1,-1,1,-1,-1,-1,1,1,-1,1,-1,1,-1,1,1,1,-1,1,-1,-1,1,1,-1,-1,-1,1,-1,1,1,1,-1,1,-1,-1,-1,-1,1,-1,1,-1,-1,1,-1,-1,1,-1,1,-1,1,1,-1,1,-1,1,-1,1,-1,1,-1,1,-1,-1,1,1,-1,1,-1,-1,-1,-1,1,-1,1,-1,1,-1,-1,1,-1,1,1,-1,-1,-1,1,1,1,1,1,-1,-1,1,1,-1,1,1,-1,-1,-1,1,-1,-1,1,-1,-1,1,1,1,-1,1,-1,-1,1,1,-1,1,1,-1,-1,1,-1,1,-1,1,-1,-1,1,1,-1,1,-1,-1,1,-1,1,-1,-1,1,-1,1,1,1,-1,1,1,1,1,1,1,-1,1,1,-1,-1,-1,1,-1,1,1,-1,1,1,1,1,1,1,-1,1,1,1,1,-1,1,1,-1,1,1,-1,1,1,-1,-1,1,1,1,1,1,1,-1,1,-1,1,-1,1,-1,-1,-1,1,1,-1,1,-1,-1,1,1,1,-1,1,1,-1,1,1,-1,1,1,-1,1,1,1,1,1,1,-1,-1,1,1,-1,-1,1,-1,1,1,1,-1,1,1,-1,-1,1,1,1,1,-1,-1,-1,-1,1,1,-1,1,1,-1,-1,1,1,1,1,-1,-1,1,1,1,-1,1,1,-1,-1,1,1,-1,1,1,-1,-1,1,1,-1,1,1,-1,1,-1,1,1,1,1,-1,-1,1,1,-1,-1,-1,-1,-1,1,1,-1,1,-1,-1,-1,1,1,-1,1,1,-1,-1,1,-1,-1,1,-1,1,-1,1,1,-1,1,1,-1,1,-1,1,-1,1,1,-1,1,-1,1,-1,1,1,-1,1,1,-1,-1,-1,1,-1,1,-1,1,-1,-1,1,1,1,-1,1,-1,1,1,-1,-1,1,-1,-1,-1,1,-1,1,1,-1,-1,1,1,1,1,-1,1,1,1,1,1,1,-1,1,-1,-1,1,-1,1,-1,-1,1,1,1,-1,1,1,-1,-1,-1,1,1,1,-1,-1,1,1,1,1,1,-1,-1,1,1,1,1,1,-1,-1,1,1,1,1,1,1,-1,1,1,1,1,1,1,-1,1,1,1,1,1,1,-1,1,1,1,1,1,1,-1,-1,1,1,1,1,1,1,-1,1,1,-1,1,1,-1,-1,1,-2652.0,1,2000,445,500,True
2635,-1,-1,1,1,1,1,-1,1,-1,-1,-1,1,-1,-1,-1,-1,1,-1,1,-1,-1,1,-1,-1,-1,1,-1,-1,-1,-1,-1,-1,1,-1,-1,1,1,-1,-1,1,-1,-1,1,-1,-1,-1,-1,1,-1,-1,-1,-1,1,1,-1,1,-1,1,-1,-1,-1,1,-1,1,-1,-1,-1,-1,1,-1,1,-1,-1,-1,-1,1,1,1,-1,-1,-1,1,1,-1,-1,-1,-1,-1,1,1,1,-1,-1,-1,-1,1,-1,1,-1,1,-1,-1,1,1,-1,-1,-1,-1,-1,1,1,1,-1,-1,-1,-1,-1,1,1,-1,-1,-1,-1,-1,1,1,-1,-1,1,-1,-1,1,-1,-1,-1,1,-1,-1,1,-1,-1,-1,1,-1,-1,1,1,-1,-1,-1,-1,-1,-1,1,1,-1,1,1,-1,-1,-1,1,-1,-1,1,-1,1,-1,1,-1,1,-1,-1,1,-1,-1,-1,-1,-1,-1,-1,1,1,-1,1,-1,-1,-1,-1,-1,-1,1,-1,-1,-1,-1,1,-1,1,1,-1,1,-1,1,-1,1,-1,-1,-1,-1,1,-1,1,1,-1,-1,-1,1,1,1,-1,1,-1,-1,1,1,-1,1,-1,-1,-1,1,-1,1,-1,1,-1,-1,1,1,1,-1,1,1,-1,1,1,1,-1,-1,1,-1,1,1,-1,-1,1,-1,-1,1,1,1,-1,1,-1,-1,1,-1,-1,-1,1,-1,1,1,1,-1,-1,1,-1,1,1,-1,1,-1,1,-1,-1,1,1,1,-1,1,1,-1,1,1,-1,-1,-1,1,1,1,-1,-1,-1,1,1,-1,1,1,1,-1,-1,1,1,1,-1,-1,-1,1,1,1,-1,1,-1,-1,1,-1,1,1,-1,1,-1,1,-1,1,1,-1,-1,-1,1,1,-1,1,-1,-1,1,-1,-1,1,1,-1,-1,1,1,1,-1,1,-1,1,1,1,-1,1,1,-1,-1,1,1,-1,1,-1,-1,-1,1,1,-1,1,-1,-1,-1,1,1,1,1,-1,-1,1,1,1,-1,1,1,-1,-1,1,1,-1,-1,1,-1,-1,1,1,-1,1,-1,1,-1,-1,-1,-1,1,1,-1,-1,1,1,-1,1,1,-1,1,1,1,-1,1,1,-1,1,1,-1,1,1,-1,-1,-1,-1,1,1,1,1,-1,-1,1,-1,-1,1,-1,-1,1,1,-1,1,-1,-1,-1,-1,1,-1,-1,1,1,-1,1,1,-1,1,-1,1,-1,-1,1,-1,-1,-1,1,1,-1,1,-1,-1,1,1,-1,-1,1,-1,1,-1,1,-1,-1,1,-1,-1,1,1,-1,-1,1,-1,-1,-1,-1,1,1,1,-1,-1,1,-1,-1,1,-1,1,-1,1,-1,-1,1,-1,-1,-1,-1,-1,-1,1,-1,1,-1,1,-1,-1,1,-1,-1,1,-1,-1,-1,1,1,-1,1,-1,-1,-1,1,1,-1,-1,-1,1,-1,1,-1,-1,1,-1,-1,1,1,1,-1,-1,-1,-1,1,1,1,-1,-1,1,-1,-1,-1,1,1,-1,1,-1,1,1,1,1,1,-1,1,1,-1,1,-1,-1,1,1,-1,-1,-1,1,-1,1,1,-1,-1,-1,1,1,1,1,1,-1,-1,1,-1,1,-1,1,-1,-1,-1,1,1,1,1,-1,-1,-1,-1,1,1,1,-1,-1,1,1,1,-1,1,-1,-1,-1,1,1,1,1,-1,-1,-1,-1,1,-1,1,1,-1,1,-1,1,1,1,-1,1,1,1,1,1,1,1,-1,1,-1,1,1,1,-1,1,1,1,-1,1,1,-1,-1,1,1,1,1,1,-1,1,1,1,-1,1,1,-1,1,1,1,1,1,1,1,1,1,1,-1,1,1,-1,1,1,1,1,1,1,1,1,1,1,1,1,1,-1,1,1,1,1,1,1,1,-1,1,-1,1,1,1,1,1,1,1,1,1,1,-1,1,1,1,-1,1,-1,-1,1,1,1,-1,1,1,-1,1,1,-1,1,1,-1,-1,1,1,1,-1,1,1,-1,1,1,-1,-1,1,-1,1,1,1,1,-1,1,1,-1,1,1,1,-1,1,1,-1,1,-1,1,-1,1,1,-1,1,1,1,-1,1,-1,1,1,-1,-1,-1,1,1,-1,1,-1,-1,-1,1,1,-1,1,1,-1,1,1,1,-1,1,-1,1,-1,1,1,-1,1,-1,1,-1,1,1,1,1,1,-1,-1,1,-1,1,1,-1,-1,1,1,1,1,1,-1,-1,-1,-1,1,1,1,-1,1,-1,1,1,1,1,-1,-1,-1,1,-1,1,1,-1,1,1,1,1,1,1,1,-1,1,1,1,-1,1,-1,1,1,1,1,1,1,-1,-1,1,-1,1,1,1,-1,1,1,-1,1,1,-1,-1,1,1,1,1,1,1,-1,1,1,-1,1,1,-1,1,1,1,1,1,1,-1,-1,1,1,1,1,-1,1,-1,1,1,-1,1,-1,-1,-1,1,1,-1,1,-1,1,-1,1,1,1,1,1,-1,-1,1,1,-1,1,1,-1,-1,1,1,-1,1,-1,-1,-1,1,-1,1,-1,1,-1,1,1,1,-1,-1,1,-1,-1,1,1,-1,-1,1,-1,1,1,1,1,-1,1,-1,1,-1,1,-1,1,1,-1,1,-1,1,-1,-1,-1,-1,1,1,1,-1,1,1,1,-1,1,1,-1,-1,1,1,1,1,-1,1,-1,-1,1,1,1,1,1,-1,1,-1,1,-1,1,1,-1,1,1,-1,1,1,1,-1,1,-1,1,1,-1,1,-1,1,1,1,1,-1,1,-1,-1,1,-1,-1,1,1,-1,1,1,-1,-1,1,1,1,1,-1,1,1,1,-1,1,1,-1,1,1,1,-1,-1,1,-1,-1,1,1,-1,1,1,1,-1,-1,-1,1,1,1,-1,-1,1,1,1,-1,1,-1,-1,-1,1,1,1,1,-1,-1,1,1,1,1,1,1,-1,1,1,1,1,1,1,-1,1,1,-1,-1,1,-1,-1,1,-1,1,1,1,1,-1,-1,1,1,-1,1,-1,1,-1,1,1,-1,1,1,-1,-1,1,-2652.0,1,2000,445,500,True
2636,1,1,-1,-1,1,-1,1,1,1,1,1,-1,1,1,1,1,-1,1,-1,-1,1,1,1,1,1,-1,1,1,1,1,1,1,1,-1,1,1,-1,1,1,1,-1,1,1,1,1,1,1,-1,1,-1,1,1,-1,1,-1,1,-1,-1,1,1,1,-1,-1,-1,1,1,1,1,-1,1,1,-1,1,1,1,-1,1,1,-1,1,1,-1,-1,1,-1,1,1,1,-1,-1,1,1,-1,1,1,-1,1,-1,-1,1,1,1,-1,1,-1,-1,-1,1,1,1,1,1,-1,-1,1,1,1,1,-1,-1,-1,1,1,1,-1,1,-1,-1,1,1,1,1,-1,-1,-1,1,1,1,1,-1,-1,-1,-1,1,1,1,-1,-1,-1,-1,1,1,1,-1,1,-1,-1,1,1,1,-1,1,-1,-1,1,1,1,-1,1,-1,1,1,1,1,-1,-1,-1,1,1,1,-1,1,1,-1,1,1,1,1,-1,-1,-1,-1,1,1,1,-1,1,-1,-1,1,-1,1,-1,1,-1,-1,1,1,1,-1,1,-1,1,1,-1,1,-1,1,-1,1,1,1,1,1,1,1,-1,1,-1,1,-1,1,-1,-1,1,1,1,1,1,-1,-1,1,-1,-1,1,1,1,-1,1,1,-1,1,1,-1,1,1,-1,-1,1,1,-1,-1,1,-1,1,1,1,1,1,1,-1,1,1,1,1,1,1,-1,1,1,1,1,1,1,-1,1,1,1,1,1,1,1,-1,1,1,-1,-1,1,1,1,1,1,1,1,1,-1,-1,1,1,1,1,-1,1,1,1,1,1,1,1,-1,-1,1,1,-1,1,1,1,-1,1,1,1,1,1,1,-1,1,1,1,1,1,1,-1,1,1,1,1,1,-1,1,-1,1,1,-1,1,1,1,1,1,1,-1,1,1,-1,-1,1,-1,1,1,1,-1,-1,1,1,-1,1,1,-1,-1,1,1,-1,1,1,-1,-1,1,1,1,-1,1,-1,1,-1,1,-1,1,1,-1,-1,-1,1,1,-1,1,-1,1,1,1,-1,-1,-1,-1,1,-1,1,-1,1,1,-1,1,1,-1,1,-1,1,-1,1,1,-1,-1,1,-1,1,-1,1,1,1,-1,1,1,1,-1,1,-1,1,-1,-1,1,1,1,-1,-1,-1,1,1,1,1,-1,1,-1,-1,1,1,1,1,-1,-1,-1,1,-1,1,-1,1,-1,-1,-1,-1,-1,1,1,-1,-1,1,-1,1,1,-1,-1,1,-1,-1,1,1,-1,-1,-1,1,-1,1,-1,-1,-1,-1,-1,1,1,-1,1,-1,-1,1,1,1,-1,-1,1,-1,1,1,1,-1,-1,-1,-1,-1,1,1,-1,-1,1,-1,-1,-1,1,1,-1,-1,1,-1,1,-1,1,-1,-1,-1,-1,-1,-1,1,-1,-1,-1,1,1,-1,1,-1,-1,-1,-1,-1,1,1,-1,-1,-1,-1,-1,1,1,-1,1,-1,-1,-1,-1,1,1,1,-1,-1,-1,1,-1,1,1,1,1,1,1,-1,-1,1,1,1,1,-1,-1,1,-1,1,1,1,-1,-1,-1,-1,-1,1,1,1,-1,-1,-1,1,1,-1,1,-1,-1,-1,1,1,-1,1,-1,-1,1,1,1,-1,1,-1,-1,-1,-1,1,1,1,-1,1,-1,-1,1,-1,1,-1,-1,1,1,-1,-1,1,1,-1,-1,-1,-1,-1,1,1,-1,1,-1,1,-1,1,1,-1,-1,1,-1,1,1,-1,-1,-1,-1,-1,1,1,-1,1,-1,-1,1,1,1,1,-1,-1,-1,-1,-1,1,-1,1,-1,-1,1,-1,1,1,-1,1,-1,-1,1,1,1,-1,1,-1,1,-1,1,1,-1,1,-1,-1,-1,1,1,-1,1,-1,1,-1,1,1,-1,-1,1,-1,-1,1,1,-1,-1,-1,1,-1,1,1,1,-1,1,-1,-1,-1,-1,1,-1,1,-1,-1,1,-1,-1,1,-1,1,-1,1,1,-1,1,-1,1,-1,1,-1,1,-1,1,-1,-1,1,1,-1,1,-1,-1,-1,-1,1,-1,1,-1,1,-1,-1,1,-1,1,1,-1,-1,-1,-1,1,1,1,1,-1,-1,1,-1,-1,1,1,-1,-1,-1,-1,1,-1,1,-1,-1,1,1,-1,1,1,-1,-1,1,-1,-1,1,1,-1,-1,-1,-1,1,-1,1,-1,-1,-1,-1,-1,1,-1,-1,1,-1,-1,1,-1,1,-1,-1,-1,-1,-1,1,1,1,-1,-1,-1,1,1,1,-1,-1,-1,1,-1,-1,1,-1,-1,-1,-1,1,1,1,-1,-1,-1,-1,1,-1,1,1,-1,1,-1,-1,1,1,-1,-1,-1,-1,-1,-1,1,1,-1,-1,1,-1,1,1,-1,-1,-1,1,-1,1,1,-1,-1,1,-1,-1,1,1,1,-1,1,-1,1,1,1,-1,-1,1,-1,-1,1,1,1,-1,1,-1,-1,1,1,-1,1,1,-1,-1,1,1,-1,-1,1,1,-1,1,1,1,-1,1,-1,-1,1,1,1,-1,-1,1,-1,1,1,1,-1,1,1,-1,1,-1,1,1,-1,1,1,1,1,-1,1,-1,1,-1,1,1,1,1,-1,1,1,1,1,1,-1,-1,1,1,-1,1,1,-1,1,-1,1,-1,1,1,-1,1,1,1,-1,1,1,-1,1,1,-1,1,1,1,-1,-1,1,1,1,1,1,-1,1,-1,1,1,1,1,-1,-1,1,1,-1,1,1,-1,-1,1,-1,1,1,-1,-1,1,-1,1,1,1,1,-1,1,-1,1,-1,1,1,-1,-1,-1,-1,-1,1,-1,1,-1,-1,-1,-1,1,-1,-1,1,-1,1,1,1,-1,1,-1,-1,1,1,1,1,1,-1,-1,-1,1,-1,-1,1,-1,-1,1,-1,1,1,1,-1,-1,-1,1,-1,-1,1,-1,-1,1,-1,1,1,1,1,-1,1,-1,-1,-1,1,1,-1,1,1,1,-1,1,1,-1,1,-1,1,1,1,1,-1,1,-1,1,-1,1,1,-1,1,1,1,-1,1,1,-1,-1,1,1,1,-1,1,-1,1,-1,1,-2652.0,1,2000,445,1000,True
2637,-1,-1,1,1,1,1,-1,1,-1,-1,-1,1,-1,-1,-1,-1,1,-1,1,-1,-1,-1,-1,-1,-1,1,-1,-1,-1,-1,-1,-1,1,-1,-1,-1,1,-1,-1,1,-1,-1,-1,-1,-1,-1,-1,1,-1,1,-1,-1,1,1,-1,1,-1,1,-1,-1,-1,1,-1,1,-1,-1,-1,-1,1,-1,-1,1,-1,-1,-1,1,1,-1,1,-1,-1,1,1,-1,1,-1,-1,-1,1,1,1,-1,-1,-1,-1,1,-1,1,1,1,-1,-1,1,1,-1,1,1,-1,-1,1,1,1,1,1,-1,-1,-1,1,1,1,1,-1,-1,-1,1,1,1,1,1,-1,-1,1,-1,1,1,-1,-1,-1,1,-1,1,1,1,-1,-1,1,1,1,1,1,-1,-1,-1,1,-1,1,1,1,-1,-1,-1,1,1,1,-1,-1,1,-1,-1,1,-1,-1,-1,1,-1,1,1,1,-1,-1,-1,1,-1,1,-1,-1,-1,-1,-1,1,1,1,-1,-1,-1,-1,-1,1,1,-1,-1,1,-1,-1,1,1,-1,-1,-1,-1,-1,1,1,-1,-1,-1,-1,-1,1,1,-1,1,-1,-1,-1,-1,1,1,-1,-1,-1,-1,1,1,-1,1,-1,-1,-1,1,1,-1,1,1,-1,-1,1,1,-1,-1,1,-1,-1,1,-1,1,1,-1,-1,-1,1,1,-1,1,-1,-1,1,-1,-1,-1,1,-1,1,-1,1,1,-1,1,-1,1,-1,-1,1,-1,1,-1,-1,1,-1,1,-1,1,1,-1,1,-1,-1,-1,-1,1,1,1,-1,-1,-1,1,1,-1,1,1,-1,1,-1,1,1,1,-1,-1,-1,1,1,1,1,1,-1,-1,-1,1,1,1,-1,-1,-1,-1,-1,1,1,-1,-1,-1,1,1,-1,1,-1,-1,-1,-1,1,1,1,-1,1,-1,1,1,-1,1,-1,-1,-1,-1,-1,1,1,-1,-1,-1,-1,-1,1,-1,-1,-1,-1,-1,1,1,-1,-1,-1,1,1,1,1,-1,-1,1,1,-1,-1,1,1,-1,-1,1,-1,-1,-1,1,-1,-1,-1,1,-1,1,-1,-1,-1,-1,-1,-1,1,1,-1,-1,1,1,-1,1,-1,-1,1,1,1,-1,1,-1,-1,1,1,-1,1,1,-1,-1,-1,-1,1,-1,-1,1,-1,-1,1,-1,-1,1,-1,-1,1,1,-1,1,-1,1,-1,-1,1,-1,-1,1,-1,-1,1,1,-1,1,-1,1,-1,-1,1,-1,-1,-1,-1,-1,-1,1,-1,-1,1,1,-1,-1,1,-1,1,-1,-1,1,-1,1,-1,-1,1,1,-1,-1,1,-1,-1,-1,-1,-1,1,1,-1,-1,1,1,-1,1,-1,1,-1,1,1,-1,1,-1,-1,-1,-1,-1,-1,1,-1,1,-1,1,1,-1,1,-1,-1,1,-1,-1,1,-1,1,-1,1,-1,1,-1,1,1,-1,-1,-1,1,-1,1,-1,-1,1,-1,1,1,1,1,-1,-1,-1,1,-1,1,1,1,-1,1,1,1,-1,1,1,-1,1,1,1,1,-1,-1,1,-1,-1,-1,1,-1,-1,1,-1,1,-1,1,-1,1,-1,-1,-1,1,1,-1,1,1,-1,1,-1,1,-1,1,1,-1,1,-1,1,-1,-1,-1,-1,1,-1,1,-1,-1,-1,-1,1,-1,1,-1,1,1,1,1,-1,1,-1,1,1,-1,1,-1,1,-1,-1,1,-1,1,-1,-1,1,1,1,1,1,-1,1,1,1,1,-1,1,-1,-1,1,1,1,-1,-1,-1,-1,1,1,1,-1,-1,-1,1,-1,1,-1,1,1,-1,-1,1,1,1,-1,-1,-1,-1,1,1,1,1,1,-1,-1,1,1,1,1,1,-1,-1,1,1,1,-1,1,-1,1,1,1,1,1,1,-1,-1,1,1,1,1,1,-1,-1,1,1,-1,1,1,-1,-1,1,1,1,1,1,1,-1,1,1,1,-1,1,-1,-1,1,1,1,-1,1,-1,-1,1,1,1,1,1,-1,-1,1,1,1,-1,1,1,-1,1,1,-1,-1,1,-1,-1,1,1,1,1,1,1,-1,1,1,1,-1,1,-1,-1,1,-1,1,-1,1,1,-1,1,1,1,-1,1,-1,1,1,-1,-1,-1,1,1,-1,1,-1,-1,-1,1,1,-1,-1,1,-1,1,1,1,-1,1,1,1,-1,1,1,1,1,1,1,-1,1,1,1,1,1,-1,-1,1,1,1,1,-1,-1,1,1,1,1,1,-1,-1,-1,1,1,1,1,-1,1,1,1,1,1,-1,1,-1,-1,1,1,1,1,1,1,1,1,1,1,1,1,-1,1,1,1,1,1,-1,1,1,1,1,1,1,1,-1,1,-1,1,1,1,1,-1,1,-1,1,1,-1,1,-1,1,1,1,1,1,1,1,1,-1,1,1,1,1,1,1,1,1,1,1,-1,1,1,1,1,-1,1,-1,1,1,-1,1,-1,1,-1,1,1,-1,1,-1,1,-1,1,1,1,1,1,-1,1,1,1,-1,1,1,-1,1,1,1,-1,1,-1,-1,-1,1,-1,1,-1,1,-1,1,1,1,-1,1,1,-1,1,1,1,-1,-1,1,-1,1,1,1,1,-1,1,-1,1,-1,1,-1,1,1,-1,1,-1,1,-1,-1,-1,1,1,1,1,-1,1,1,-1,1,1,1,-1,-1,1,-1,1,1,-1,1,-1,-1,1,1,1,1,1,-1,1,-1,1,-1,1,1,-1,1,1,-1,1,1,1,-1,1,-1,1,1,-1,1,-1,1,1,-1,1,-1,1,-1,-1,1,-1,-1,1,1,-1,1,1,-1,-1,1,1,1,1,-1,1,1,1,-1,1,1,-1,1,1,1,-1,-1,1,-1,-1,1,1,-1,1,1,1,-1,-1,-1,1,1,1,-1,-1,1,1,1,-1,1,-1,-1,-1,1,1,1,1,-1,-1,1,1,1,1,1,1,-1,1,1,1,1,1,1,-1,1,1,-1,-1,1,-1,-1,1,-1,1,1,1,1,-1,-1,1,1,-1,1,-1,1,-1,1,1,-1,1,1,-1,1,1,-2652.0,1,2000,445,500,True
2638,1,1,-1,-1,1,1,-1,1,1,1,1,-1,1,-1,1,1,-1,1,-1,-1,1,1,1,1,1,1,-1,-1,1,1,1,1,-1,-1,-1,1,-1,1,1,1,-1,-1,1,1,1,1,1,1,-1,-1,1,1,1,1,-1,1,1,-1,1,1,1,-1,1,-1,1,1,1,1,1,-1,1,-1,1,1,1,1,1,1,-1,1,1,1,1,-1,-1,1,1,1,1,1,-1,1,-1,1,1,1,-1,1,-1,-1,1,1,1,1,1,-1,-1,1,1,1,1,-1,-1,-1,1,1,1,1,1,-1,-1,1,1,1,1,-1,-1,-1,1,1,1,1,1,-1,-1,1,1,1,1,1,-1,-1,-1,1,1,1,1,-1,-1,-1,1,1,1,1,1,-1,1,1,1,1,1,1,-1,-1,1,1,1,1,1,-1,1,1,1,1,1,-1,-1,1,1,1,1,-1,1,-1,1,1,1,1,1,-1,-1,-1,1,1,1,1,1,-1,-1,1,-1,1,1,1,-1,-1,1,1,1,1,1,-1,1,1,-1,1,1,1,-1,1,1,1,1,1,1,1,-1,1,-1,-1,1,1,-1,-1,1,1,1,1,1,-1,-1,1,-1,1,1,1,1,-1,1,1,-1,1,1,-1,1,1,-1,1,1,1,-1,-1,1,-1,1,-1,1,1,1,1,-1,1,-1,1,1,1,1,-1,1,-1,1,1,1,1,-1,-1,1,1,1,1,1,1,-1,1,1,-1,-1,1,1,-1,-1,1,1,1,1,-1,1,-1,1,1,1,-1,1,-1,-1,1,1,1,1,-1,1,-1,1,-1,1,1,1,1,-1,1,1,1,1,1,1,-1,1,1,1,1,1,1,1,1,1,1,1,1,-1,1,1,1,-1,1,1,-1,1,1,1,-1,1,1,1,-1,1,-1,1,1,1,1,-1,1,1,-1,1,1,1,1,1,1,-1,1,1,-1,-1,1,1,1,-1,1,1,-1,-1,1,-1,1,1,1,1,-1,1,1,-1,1,1,-1,1,1,-1,-1,-1,-1,-1,-1,1,-1,1,1,-1,-1,1,-1,1,-1,1,1,-1,1,-1,-1,1,1,-1,-1,1,1,1,-1,1,1,1,-1,1,-1,1,1,1,-1,1,1,-1,-1,-1,1,1,1,1,-1,1,-1,1,-1,1,1,1,-1,-1,1,1,-1,1,-1,1,-1,1,-1,-1,-1,1,1,-1,-1,1,-1,1,1,-1,-1,1,1,1,1,1,-1,-1,-1,1,-1,1,-1,-1,-1,1,1,1,1,-1,1,-1,1,-1,1,1,-1,-1,1,1,1,1,1,-1,-1,-1,1,-1,1,1,-1,-1,-1,1,1,-1,1,1,-1,-1,1,-1,1,-1,1,-1,-1,1,-1,-1,-1,1,-1,-1,1,-1,1,-1,1,-1,-1,1,-1,-1,1,1,-1,-1,-1,1,-1,1,1,-1,-1,1,1,-1,-1,1,1,1,-1,1,-1,1,-1,1,1,1,-1,1,1,-1,-1,1,1,1,-1,1,-1,1,-1,1,1,1,-1,-1,-1,-1,-1,1,-1,1,-1,-1,-1,1,1,-1,1,-1,-1,-1,1,1,-1,1,-1,-1,1,1,1,-1,1,-1,-1,-1,-1,1,1,1,-1,1,-1,-1,1,-1,1,-1,1,1,1,-1,-1,1,1,-1,-1,-1,-1,-1,1,1,-1,-1,-1,1,-1,1,1,-1,-1,1,-1,1,1,-1,-1,-1,-1,-1,1,1,-1,1,-1,-1,1,1,1,1,-1,-1,-1,-1,-1,1,-1,1,-1,-1,1,-1,1,1,-1,1,-1,-1,1,1,1,-1,1,-1,1,-1,1,1,-1,1,-1,-1,-1,1,1,-1,1,-1,1,-1,1,1,-1,-1,1,-1,-1,1,1,-1,-1,-1,1,-1,1,1,-1,-1,1,-1,-1,1,-1,1,-1,1,-1,-1,1,-1,-1,1,1,1,-1,1,1,-1,1,-1,1,-1,1,-1,1,-1,1,-1,-1,1,1,-1,1,-1,-1,-1,-1,1,-1,1,-1,1,-1,-1,1,-1,1,1,-1,-1,-1,-1,1,1,1,1,-1,-1,1,-1,-1,1,1,-1,-1,-1,-1,1,-1,1,-1,-1,1,1,-1,1,1,-1,-1,1,-1,-1,1,1,-1,-1,-1,-1,1,-1,1,-1,-1,-1,-1,-1,1,-1,-1,1,-1,-1,1,-1,1,-1,-1,-1,-1,-1,1,1,1,-1,-1,-1,1,1,1,-1,-1,-1,1,-1,-1,1,1,-1,-1,-1,1,1,1,-1,-1,-1,-1,1,-1,1,-1,-1,1,-1,-1,1,1,-1,-1,-1,-1,-1,-1,1,1,-1,-1,1,-1,1,1,-1,-1,-1,1,-1,1,1,-1,-1,1,-1,-1,1,1,1,-1,1,-1,1,1,1,-1,-1,1,-1,-1,1,1,-1,-1,1,-1,-1,1,1,-1,1,1,-1,-1,1,1,-1,-1,1,-1,-1,1,1,-1,-1,1,-1,-1,1,1,1,-1,-1,1,-1,-1,1,-1,-1,1,-1,-1,1,-1,1,-1,1,1,-1,-1,1,1,-1,-1,1,-1,1,-1,1,-1,-1,1,-1,1,1,1,-1,-1,1,-1,-1,-1,-1,-1,1,-1,1,-1,1,-1,-1,1,1,-1,1,-1,1,-1,-1,-1,1,-1,1,-1,-1,1,-1,-1,-1,1,1,-1,-1,1,-1,-1,-1,1,-1,-1,-1,-1,-1,1,1,-1,-1,-1,1,-1,-1,1,-1,-1,1,-1,-1,-1,-1,1,-1,1,-1,1,-1,1,-1,-1,1,1,-1,-1,1,-1,-1,-1,1,1,-1,1,1,-1,1,-1,-1,1,1,-1,-1,1,-1,1,-1,-1,-1,-1,1,1,-1,1,1,-1,-1,-1,1,-1,-1,-1,-1,-1,1,-1,1,1,1,-1,1,1,1,-1,1,-1,-1,-1,1,1,-1,1,1,-1,-1,1,1,1,1,1,-1,-1,-1,1,-1,1,-1,-1,-1,1,1,-1,1,1,1,-1,1,1,1,1,1,-1,-1,-1,1,-1,1,-1,1,-1,1,-1,1,1,-2650.0,1,2000,445,1000,True
2639,-1,-1,1,1,1,1,-1,1,-1,-1,-1,1,-1,1,-1,-1,1,-1,1,-1,-1,1,-1,-1,-1,1,-1,-1,-1,-1,-1,-1,1,-1,-1,1,1,-1,-1,1,-1,-1,1,-1,-1,-1,1,1,-1,-1,1,-1,1,1,-1,-1,-1,1,-1,-1,1,1,-1,1,-1,-1,-1,1,1,-1,1,-1,-1,-1,1,1,-1,1,-1,-1,-1,1,1,-1,-1,-1,-1,1,1,-1,-1,-1,-1,-1,1,1,1,1,-1,1,-1,1,1,1,1,-1,-1,-1,1,1,1,-1,-1,1,-1,1,1,1,1,-1,-1,-1,-1,1,1,-1,-1,-1,1,1,1,1,1,-1,-1,1,1,1,1,1,-1,-1,1,-1,1,1,1,-1,-1,-1,-1,1,1,1,1,-1,1,1,1,1,1,1,-1,-1,1,-1,1,1,1,-1,1,-1,1,1,1,-1,-1,-1,1,1,1,-1,1,-1,1,-1,1,1,1,-1,-1,1,-1,1,1,1,1,-1,1,-1,1,-1,1,1,-1,1,1,1,1,1,1,-1,1,-1,1,-1,1,1,-1,1,-1,1,1,1,1,1,-1,1,-1,1,1,1,-1,1,-1,1,1,1,1,-1,1,-1,1,-1,1,1,1,1,-1,-1,1,1,1,-1,-1,-1,1,1,1,1,-1,1,-1,1,1,-1,1,1,-1,-1,1,1,-1,1,1,-1,-1,1,1,-1,1,1,1,-1,-1,1,1,1,1,1,-1,1,1,1,1,-1,-1,-1,1,1,-1,1,1,-1,-1,1,1,-1,1,1,1,-1,1,1,-1,1,1,1,-1,1,1,-1,1,-1,1,-1,1,1,-1,1,1,1,-1,1,1,-1,1,1,-1,-1,1,1,1,1,1,-1,1,1,-1,1,1,1,-1,1,1,-1,1,1,1,1,1,1,1,-1,1,-1,1,1,1,1,-1,1,1,-1,1,1,1,-1,1,1,1,-1,1,-1,-1,1,1,1,1,1,1,-1,-1,1,-1,1,1,1,1,-1,1,1,-1,1,1,-1,1,1,-1,1,1,1,-1,-1,1,-1,1,-1,1,-1,1,-1,1,-1,1,1,-1,1,-1,1,-1,1,-1,-1,1,1,1,-1,1,1,1,-1,1,1,1,1,1,-1,1,1,-1,1,-1,1,1,1,1,-1,1,1,1,-1,1,1,-1,1,-1,1,1,-1,1,1,1,-1,1,-1,-1,1,1,1,-1,-1,1,-1,1,1,-1,-1,1,1,1,-1,1,1,-1,-1,1,-1,1,-1,-1,-1,1,1,1,1,-1,1,-1,1,1,1,1,-1,-1,-1,1,1,-1,1,-1,-1,-1,1,-1,1,1,-1,-1,-1,1,1,-1,1,1,-1,-1,1,-1,1,-1,1,-1,-1,1,-1,-1,-1,1,-1,-1,-1,-1,1,-1,1,-1,-1,1,-1,-1,1,1,-1,-1,-1,1,-1,1,1,-1,-1,-1,1,-1,-1,1,1,1,-1,1,-1,1,-1,1,1,1,-1,1,1,-1,-1,1,1,1,-1,1,-1,1,-1,1,1,1,-1,-1,-1,-1,-1,1,1,1,-1,-1,-1,1,1,-1,1,-1,-1,-1,1,1,1,1,-1,-1,1,1,1,1,1,-1,-1,-1,-1,1,-1,1,-1,1,-1,-1,1,1,1,-1,1,1,1,1,-1,1,1,-1,-1,-1,-1,1,1,1,-1,1,-1,1,1,1,1,-1,-1,-1,-1,1,1,-1,-1,-1,-1,-1,1,1,-1,1,-1,1,1,-1,1,1,-1,-1,-1,-1,1,1,-1,1,-1,-1,1,1,1,1,-1,1,-1,-1,1,1,1,-1,1,-1,1,1,1,1,-1,-1,-1,-1,1,-1,1,-1,1,-1,1,1,1,1,-1,-1,1,-1,1,1,1,-1,-1,-1,1,1,1,-1,1,-1,1,-1,1,-1,-1,1,-1,1,-1,1,1,-1,-1,1,-1,1,1,-1,-1,-1,1,-1,1,1,1,-1,1,-1,1,-1,1,-1,1,-1,1,-1,-1,1,1,-1,1,1,-1,1,1,1,-1,-1,1,1,-1,1,1,-1,1,1,1,1,1,-1,1,1,-1,1,1,1,1,-1,1,-1,1,-1,1,1,-1,1,1,-1,1,1,1,-1,1,1,-1,1,1,1,-1,1,-1,-1,1,1,-1,1,1,-1,1,-1,1,-1,1,1,-1,-1,1,1,1,1,1,1,-1,1,1,-1,1,1,-1,1,1,1,-1,1,1,-1,-1,1,1,-1,1,1,-1,1,1,1,1,1,1,-1,1,1,1,-1,1,1,1,-1,1,1,-1,1,1,-1,-1,1,-1,-1,1,1,-1,1,1,-1,-1,-1,1,-1,1,1,1,-1,1,-1,-1,1,1,1,-1,1,-1,1,1,1,-1,1,1,-1,-1,1,1,-1,-1,-1,-1,-1,1,1,-1,1,-1,-1,-1,1,1,-1,-1,1,-1,-1,1,1,-1,-1,-1,-1,-1,1,1,-1,-1,-1,-1,-1,-1,1,-1,-1,-1,-1,-1,1,-1,-1,-1,-1,-1,-1,-1,1,-1,-1,-1,1,-1,-1,1,-1,-1,1,-1,-1,1,1,1,-1,-1,-1,-1,-1,1,-1,-1,-1,-1,-1,-1,1,-1,-1,-1,-1,-1,1,1,-1,-1,-1,-1,1,-1,1,-1,1,-1,-1,-1,-1,1,1,-1,1,-1,-1,-1,1,1,-1,1,-1,-1,-1,1,1,-1,-1,-1,1,-1,-1,1,-1,-1,1,-1,-1,-1,1,-1,1,-1,1,1,-1,1,-1,1,-1,1,-1,-1,1,-1,-1,-1,1,1,-1,1,1,-1,1,-1,-1,1,1,-1,-1,1,-1,-1,-1,1,-1,-1,1,1,-1,1,1,-1,-1,-1,1,-1,-1,-1,-1,-1,1,-1,1,1,1,-1,1,1,1,-1,1,1,1,-1,1,1,-1,1,1,-1,-1,1,1,1,1,1,-1,-1,-1,1,-1,1,1,-1,-1,1,1,-1,-1,1,1,-1,1,1,1,1,1,-1,-1,-1,1,-1,1,-1,1,-1,1,-1,1,1,-2650.0,1,2000,445,1000,True
2640,1,1,-1,-1,1,-1,1,1,1,1,1,-1,1,1,1,1,-1,1,-1,-1,1,1,1,1,1,-1,1,1,1,1,1,1,-1,-1,1,1,-1,1,1,1,-1,1,1,1,1,1,1,-1,1,-1,1,1,-1,1,-1,1,1,-1,1,1,1,-1,-1,-1,1,1,1,1,1,1,1,-1,1,1,1,1,1,1,1,1,1,-1,-1,1,-1,1,1,1,1,-1,1,1,-1,1,1,1,1,-1,-1,-1,1,1,1,1,-1,1,-1,1,1,1,1,1,-1,-1,1,1,1,1,-1,-1,-1,1,1,1,1,1,-1,-1,1,1,1,1,-1,-1,-1,1,1,1,1,-1,-1,-1,-1,1,1,1,-1,-1,-1,-1,1,1,1,-1,1,-1,-1,1,1,1,-1,-1,-1,-1,1,1,1,-1,1,-1,1,1,1,1,-1,-1,-1,1,1,1,-1,1,1,-1,1,1,1,-1,-1,-1,-1,-1,1,1,-1,-1,1,-1,-1,1,-1,1,-1,1,-1,-1,1,1,1,-1,1,-1,1,1,-1,1,-1,1,-1,1,1,1,1,1,1,1,-1,1,-1,1,-1,1,-1,-1,1,1,1,1,1,-1,-1,1,-1,-1,1,1,1,-1,1,1,-1,1,1,-1,1,1,-1,-1,1,1,-1,-1,1,-1,1,1,1,1,1,1,-1,1,1,1,1,1,1,-1,1,1,1,1,1,1,-1,-1,1,1,1,1,1,1,-1,1,1,-1,-1,1,1,1,1,1,1,1,1,-1,1,1,1,1,1,-1,1,1,1,1,1,1,1,-1,-1,1,1,-1,1,1,1,-1,1,1,1,1,1,1,1,1,1,1,1,1,1,-1,1,1,1,1,1,-1,1,-1,1,1,-1,1,1,1,1,1,1,-1,1,1,-1,-1,1,-1,1,1,1,-1,-1,1,1,1,1,1,-1,-1,1,1,-1,1,1,-1,-1,1,1,1,-1,1,-1,1,-1,1,-1,1,1,1,-1,-1,1,1,-1,1,-1,1,1,1,-1,-1,-1,-1,1,-1,1,-1,1,1,-1,1,1,-1,1,1,1,-1,1,1,-1,-1,1,1,1,-1,1,1,1,-1,1,1,1,-1,1,-1,1,-1,-1,1,1,1,-1,-1,-1,1,1,1,1,-1,1,-1,-1,1,1,1,1,-1,-1,-1,1,-1,1,-1,1,-1,-1,1,-1,-1,1,1,-1,-1,1,-1,1,1,-1,-1,1,-1,1,1,1,-1,-1,1,-1,-1,1,-1,-1,-1,-1,-1,1,1,-1,1,-1,1,-1,1,1,-1,-1,1,-1,1,1,1,-1,-1,-1,-1,-1,1,1,-1,-1,1,-1,-1,-1,1,1,-1,-1,1,-1,1,-1,1,-1,-1,-1,1,-1,-1,1,-1,-1,-1,1,1,-1,1,-1,-1,-1,-1,-1,1,1,-1,-1,-1,-1,-1,1,1,-1,1,-1,-1,-1,-1,1,1,1,-1,-1,-1,1,-1,1,1,1,1,1,1,-1,-1,1,1,1,-1,1,-1,1,-1,1,1,1,-1,-1,-1,-1,-1,1,-1,1,-1,-1,-1,1,1,-1,1,-1,-1,-1,1,1,-1,1,-1,-1,1,1,1,-1,1,-1,-1,-1,-1,1,1,1,-1,1,-1,-1,1,-1,1,-1,-1,1,1,-1,-1,1,1,-1,-1,-1,-1,-1,1,1,-1,-1,-1,1,-1,-1,1,-1,-1,1,-1,1,1,-1,-1,-1,-1,-1,1,1,-1,1,-1,-1,1,1,1,1,-1,-1,-1,-1,-1,1,-1,1,-1,-1,1,-1,1,1,-1,1,-1,-1,1,1,1,-1,1,-1,1,-1,1,1,-1,-1,-1,-1,-1,1,1,-1,1,-1,1,-1,1,1,1,-1,1,-1,-1,1,1,-1,-1,-1,1,-1,1,1,-1,-1,1,-1,-1,1,-1,1,-1,1,-1,-1,1,-1,-1,1,-1,1,-1,1,1,-1,1,-1,1,-1,1,-1,1,-1,1,-1,-1,1,1,-1,1,-1,-1,-1,-1,1,-1,1,-1,1,-1,-1,1,-1,1,1,-1,-1,-1,-1,1,1,1,1,-1,-1,1,-1,-1,1,1,-1,-1,-1,-1,1,-1,1,-1,-1,1,1,-1,1,1,-1,-1,1,-1,-1,1,1,-1,-1,-1,-1,1,-1,1,-1,-1,-1,-1,-1,1,-1,-1,1,-1,-1,1,-1,1,-1,-1,-1,-1,-1,1,1,1,-1,-1,-1,1,1,1,-1,-1,-1,1,-1,-1,1,-1,-1,-1,-1,1,1,1,-1,-1,-1,-1,1,-1,1,1,-1,1,-1,-1,1,1,-1,-1,-1,-1,-1,-1,1,1,-1,-1,1,-1,1,1,-1,-1,-1,1,-1,1,1,-1,-1,1,-1,-1,1,1,1,-1,1,-1,1,1,1,-1,-1,1,-1,-1,1,1,-1,-1,1,-1,-1,1,1,-1,1,1,-1,-1,1,1,-1,-1,1,1,-1,1,1,-1,-1,1,-1,-1,1,1,1,-1,-1,1,-1,1,1,1,-1,1,1,-1,1,-1,1,-1,-1,1,-1,-1,1,1,-1,-1,1,-1,1,1,1,-1,-1,1,-1,1,1,1,-1,-1,1,1,-1,1,-1,-1,1,-1,1,-1,1,1,-1,1,1,1,-1,1,-1,-1,1,1,-1,1,1,-1,1,-1,1,1,1,1,1,-1,1,-1,1,1,1,1,-1,-1,-1,1,-1,1,1,-1,-1,1,-1,1,1,-1,-1,1,-1,1,1,1,1,-1,1,-1,1,-1,1,1,-1,-1,1,-1,-1,1,-1,1,-1,-1,-1,-1,1,-1,-1,1,-1,1,1,-1,-1,1,-1,-1,1,-1,1,1,1,-1,-1,-1,1,-1,-1,1,-1,1,-1,1,1,1,1,-1,1,-1,1,-1,-1,1,-1,-1,1,-1,1,1,1,1,-1,1,-1,-1,-1,1,-1,-1,1,1,-1,-1,1,1,-1,1,-1,1,1,1,1,-1,1,-1,1,-1,1,1,-1,1,1,1,-1,1,1,-1,-1,1,1,1,-1,1,-1,1,-1,1,-2650.0,1,2000,445,1000,True
2641,1,1,-1,-1,1,-1,1,1,1,1,1,-1,1,1,1,1,-1,1,-1,-1,1,1,1,1,1,-1,1,1,1,1,1,1,1,-1,1,1,-1,1,1,1,-1,1,1,1,1,1,1,-1,1,-1,1,1,-1,1,-1,1,1,-1,1,1,1,-1,-1,-1,1,1,1,1,-1,1,1,-1,1,1,1,1,1,1,1,1,1,-1,-1,1,-1,1,1,1,1,-1,1,1,-1,1,1,1,1,-1,-1,1,1,1,1,1,-1,-1,-1,1,1,1,1,1,-1,-1,1,1,1,1,-1,-1,-1,1,1,1,1,1,-1,-1,1,1,1,1,-1,-1,-1,1,1,1,1,-1,-1,-1,-1,1,1,1,-1,-1,-1,-1,1,1,1,-1,1,-1,-1,1,1,1,-1,1,-1,-1,1,1,1,-1,1,-1,1,1,1,1,-1,-1,-1,1,1,1,-1,1,1,-1,1,1,1,1,-1,-1,-1,-1,1,1,-1,-1,1,-1,-1,1,-1,1,-1,1,-1,-1,1,1,1,-1,1,-1,1,1,-1,1,-1,1,-1,1,1,1,1,1,1,1,-1,1,-1,1,-1,1,-1,-1,1,1,1,1,1,-1,-1,1,-1,-1,1,1,1,-1,1,1,-1,1,1,-1,1,1,-1,-1,1,1,-1,-1,1,-1,1,1,1,1,1,1,-1,1,1,1,1,1,1,-1,1,1,1,1,1,1,-1,1,1,1,1,1,1,1,-1,1,1,-1,-1,1,1,1,1,1,1,1,1,-1,-1,1,1,1,1,-1,1,1,1,1,1,1,1,-1,-1,1,1,-1,1,1,1,-1,1,1,1,1,1,1,-1,1,1,1,1,1,1,-1,1,1,1,1,1,-1,1,-1,1,1,-1,1,1,1,1,1,1,-1,1,1,-1,-1,1,-1,1,1,1,-1,-1,1,1,-1,1,1,-1,-1,1,1,-1,1,1,-1,-1,1,1,1,-1,1,-1,1,-1,1,-1,1,1,-1,-1,-1,1,1,-1,1,-1,1,1,1,-1,-1,-1,-1,1,1,1,-1,1,1,-1,1,1,-1,1,-1,1,-1,1,1,-1,1,1,-1,1,-1,1,1,1,-1,1,1,1,-1,1,-1,1,-1,-1,1,1,1,-1,-1,-1,1,1,1,1,-1,1,-1,-1,1,1,1,1,-1,-1,-1,1,-1,1,-1,1,-1,-1,-1,-1,-1,1,1,-1,-1,1,-1,1,1,-1,-1,1,-1,1,1,1,-1,-1,-1,1,-1,1,-1,-1,-1,-1,-1,1,1,-1,1,-1,-1,1,1,1,-1,-1,1,-1,1,1,1,-1,-1,-1,-1,-1,1,1,-1,-1,1,-1,-1,-1,1,1,-1,-1,1,-1,1,-1,1,-1,-1,-1,-1,-1,-1,1,-1,-1,-1,1,1,-1,1,-1,-1,-1,-1,-1,1,1,-1,-1,-1,-1,-1,1,1,-1,-1,-1,-1,-1,-1,1,1,1,-1,-1,-1,1,-1,1,1,1,1,1,1,-1,-1,1,1,1,-1,1,-1,1,-1,1,1,1,-1,-1,-1,-1,-1,1,-1,1,-1,-1,-1,1,1,-1,1,-1,-1,-1,1,1,-1,1,-1,-1,-1,1,1,-1,1,-1,-1,-1,-1,1,1,1,-1,1,-1,-1,1,-1,1,-1,-1,1,1,-1,-1,1,1,-1,-1,-1,-1,-1,1,1,-1,-1,-1,1,-1,-1,1,-1,-1,1,-1,1,1,-1,-1,-1,-1,-1,1,1,-1,1,-1,-1,1,1,1,1,-1,-1,-1,-1,-1,1,-1,1,-1,-1,1,-1,1,1,-1,1,-1,-1,1,1,1,-1,1,-1,1,-1,1,1,-1,1,-1,-1,-1,1,1,-1,1,-1,1,-1,1,1,-1,-1,1,-1,-1,1,1,-1,-1,-1,1,-1,1,1,-1,-1,1,-1,-1,-1,-1,1,-1,1,-1,-1,1,-1,-1,1,-1,1,-1,1,1,-1,1,-1,1,-1,1,-1,1,-1,1,-1,-1,1,1,-1,1,-1,-1,-1,-1,1,-1,1,-1,1,-1,-1,1,-1,1,1,-1,-1,-1,-1,1,1,1,1,-1,-1,1,-1,-1,1,1,-1,-1,-1,-1,1,-1,1,-1,-1,1,1,-1,1,1,-1,-1,1,-1,-1,1,1,-1,-1,-1,-1,1,-1,1,-1,-1,-1,-1,-1,1,-1,-1,1,-1,-1,1,-1,1,-1,-1,-1,-1,-1,1,1,1,-1,-1,-1,1,1,1,-1,-1,-1,1,-1,-1,1,-1,-1,-1,-1,1,1,1,-1,-1,-1,-1,1,-1,1,1,-1,1,-1,-1,1,1,-1,-1,-1,-1,-1,-1,1,1,-1,-1,1,-1,1,1,-1,-1,-1,1,-1,1,1,-1,-1,1,-1,-1,1,1,1,-1,1,-1,1,1,1,-1,-1,1,-1,-1,1,1,-1,-1,1,-1,-1,1,1,-1,1,1,1,-1,1,1,-1,-1,1,1,-1,1,1,1,-1,1,-1,-1,1,1,-1,-1,-1,1,-1,1,1,1,-1,1,1,-1,1,-1,1,-1,-1,1,1,1,1,-1,-1,-1,1,-1,1,1,1,-1,-1,1,1,1,1,1,-1,-1,1,1,-1,1,1,-1,-1,-1,1,-1,1,1,-1,1,1,1,-1,1,1,-1,1,1,-1,1,1,-1,1,-1,1,1,1,1,1,-1,1,-1,1,1,1,1,-1,-1,1,1,-1,1,1,-1,-1,1,-1,1,1,-1,-1,1,-1,1,1,1,1,-1,1,-1,1,-1,1,1,-1,-1,-1,-1,-1,1,1,1,-1,-1,-1,-1,1,-1,-1,1,-1,1,1,1,-1,1,-1,-1,1,1,1,1,1,-1,-1,-1,1,-1,-1,1,-1,1,1,-1,1,1,1,-1,-1,-1,1,-1,-1,1,-1,-1,1,-1,1,1,1,1,-1,1,-1,-1,-1,1,-1,-1,1,1,1,-1,1,1,-1,1,-1,1,1,1,1,-1,1,-1,1,-1,-1,1,-1,1,1,1,-1,1,1,-1,-1,1,1,1,-1,1,-1,1,-1,1,-2650.0,1,2000,445,1000,True
2642,-1,-1,1,1,1,1,-1,1,-1,-1,1,-1,-1,1,-1,-1,1,1,-1,-1,-1,1,-1,-1,1,-1,-1,-1,1,-1,-1,-1,1,-1,-1,1,1,-1,-1,1,-1,-1,1,-1,-1,-1,1,-1,1,-1,1,-1,1,1,-1,-1,-1,1,-1,1,1,-1,-1,1,-1,1,-1,-1,-1,-1,1,-1,1,1,1,-1,-1,1,-1,-1,1,-1,-1,-1,-1,-1,-1,1,-1,1,-1,-1,1,1,1,-1,-1,1,-1,1,1,1,-1,-1,1,-1,1,1,1,-1,-1,1,-1,1,1,1,-1,-1,1,-1,-1,1,1,1,-1,1,-1,-1,1,1,1,-1,1,-1,1,1,1,1,-1,-1,-1,-1,1,1,1,-1,1,-1,-1,1,1,1,-1,-1,1,-1,1,1,1,-1,1,-1,-1,1,-1,1,-1,1,-1,1,1,1,-1,-1,1,-1,1,1,1,-1,1,-1,1,-1,1,1,-1,1,1,-1,1,-1,1,1,1,1,1,-1,1,1,-1,1,1,1,-1,-1,1,1,-1,1,1,1,-1,1,-1,1,1,1,-1,-1,1,1,1,1,1,1,-1,1,-1,-1,1,1,1,-1,1,1,-1,1,1,-1,-1,1,-1,1,1,1,1,-1,-1,1,-1,1,1,-1,1,1,-1,1,1,1,-1,-1,1,-1,1,-1,1,-1,-1,1,-1,1,-1,1,-1,-1,1,-1,1,-1,1,-1,1,1,-1,-1,1,1,-1,-1,1,1,-1,1,1,-1,-1,-1,1,-1,-1,1,-1,-1,-1,-1,1,-1,1,1,-1,-1,1,-1,-1,1,-1,-1,-1,-1,1,-1,-1,1,-1,-1,1,1,-1,1,-1,1,-1,1,-1,-1,1,-1,-1,1,1,1,-1,1,-1,-1,1,1,-1,1,1,-1,1,-1,1,-1,-1,1,-1,1,1,1,1,1,1,-1,-1,1,1,1,1,-1,-1,-1,1,1,1,1,-1,-1,1,-1,1,1,1,-1,-1,1,-1,1,-1,1,1,-1,1,-1,1,1,1,1,-1,-1,1,1,1,-1,-1,-1,1,1,-1,-1,1,1,-1,1,-1,1,-1,1,-1,1,1,-1,1,1,1,-1,1,1,-1,1,-1,1,-1,-1,1,-1,1,1,1,1,-1,1,1,-1,1,1,-1,-1,1,-1,-1,1,-1,1,-1,-1,1,-1,-1,1,-1,-1,-1,1,-1,1,-1,1,-1,-1,1,-1,1,-1,-1,-1,-1,1,-1,-1,1,1,-1,-1,1,-1,1,1,-1,1,-1,1,-1,1,-1,1,-1,-1,-1,-1,-1,-1,-1,1,-1,1,-1,1,-1,1,-1,-1,-1,1,1,-1,1,-1,-1,-1,-1,1,-1,-1,1,-1,-1,1,-1,1,1,1,1,-1,-1,1,-1,-1,1,-1,-1,-1,-1,-1,1,-1,1,-1,-1,-1,-1,1,-1,1,-1,-1,1,-1,1,1,1,-1,-1,-1,1,1,-1,1,-1,-1,-1,1,1,1,-1,1,1,-1,1,1,1,1,1,1,1,-1,1,1,-1,1,-1,1,-1,-1,1,-1,-1,1,-1,-1,1,-1,-1,-1,1,1,-1,1,1,-1,-1,1,1,-1,-1,1,-1,-1,-1,-1,-1,1,1,-1,-1,-1,-1,-1,1,1,-1,-1,1,1,1,-1,1,-1,-1,1,1,-1,1,1,-1,-1,-1,1,-1,-1,1,1,-1,1,1,1,1,1,1,-1,1,1,-1,1,1,-1,1,1,1,-1,1,1,-1,1,1,1,-1,1,1,-1,-1,1,-1,1,-1,1,1,1,1,-1,-1,1,1,1,1,1,-1,1,1,1,-1,1,1,1,1,-1,1,1,1,-1,1,-1,1,-1,1,1,1,1,1,1,-1,1,1,-1,1,-1,1,-1,-1,1,1,-1,1,1,-1,-1,1,1,1,1,1,-1,1,1,1,-1,-1,1,-1,1,1,1,1,-1,1,-1,1,1,-1,-1,1,1,-1,1,1,-1,1,-1,-1,-1,1,1,-1,1,-1,1,-1,1,1,-1,1,-1,1,-1,1,1,-1,1,-1,1,-1,1,1,-1,1,-1,1,-1,-1,1,1,1,1,1,-1,1,1,-1,1,1,1,-1,1,1,-1,1,-1,1,-1,1,1,1,-1,1,1,-1,1,1,1,-1,1,1,-1,-1,1,-1,-1,1,-1,-1,1,1,-1,1,-1,-1,1,-1,1,1,-1,1,-1,-1,-1,1,1,-1,1,1,-1,-1,-1,1,1,1,-1,-1,-1,1,1,-1,1,-1,1,-1,1,-1,1,1,1,-1,-1,-1,1,-1,1,-1,-1,1,-1,-1,1,1,1,-1,-1,-1,-1,-1,1,-1,-1,-1,1,-1,1,1,-1,-1,-1,1,-1,1,1,-1,-1,1,-1,-1,1,1,1,-1,1,-1,1,1,1,-1,-1,1,-1,-1,1,1,1,-1,1,-1,-1,1,1,-1,1,1,-1,-1,1,1,1,1,1,-1,-1,1,1,1,1,1,-1,-1,1,1,1,1,1,1,-1,1,1,1,1,1,-1,-1,1,-1,1,1,1,1,-1,-1,1,-1,1,1,1,-1,1,1,1,1,-1,1,-1,1,1,1,1,1,1,-1,-1,1,1,1,1,-1,1,-1,1,1,1,1,-1,1,-1,1,1,1,-1,-1,1,-1,1,1,-1,1,-1,-1,-1,1,1,1,-1,1,-1,-1,1,1,1,-1,-1,-1,-1,1,1,1,-1,1,-1,-1,-1,1,1,-1,1,-1,-1,-1,1,1,-1,1,1,-1,1,1,1,1,1,1,-1,-1,1,1,-1,-1,1,1,1,1,1,-1,1,-1,-1,1,1,-1,-1,1,-1,-1,-1,-1,1,-1,1,1,1,1,1,-1,-1,-1,-1,1,-1,-1,-1,-1,1,-1,1,1,1,-1,1,1,-1,1,1,1,1,-1,1,-1,1,1,1,1,-1,1,-1,1,1,1,1,-1,1,-1,1,1,1,1,-1,1,-1,1,1,1,-1,-1,1,-1,-1,1,1,-1,-1,-1,1,-1,1,-1,1,-1,1,-1,-1,1,-2650.0,1,2000,445,1500,True
2643,-1,-1,1,1,1,1,-1,1,-1,-1,-1,1,-1,1,-1,-1,1,-1,1,1,1,1,-1,-1,-1,1,-1,-1,-1,-1,-1,-1,1,1,-1,1,1,-1,-1,-1,1,-1,1,-1,-1,-1,-1,-1,1,-1,1,-1,1,-1,1,-1,-1,1,-1,-1,-1,1,1,1,-1,-1,-1,-1,-1,-1,1,-1,-1,-1,-1,-1,1,1,-1,-1,-1,1,1,-1,-1,-1,-1,-1,-1,1,-1,-1,-1,-1,-1,-1,1,1,-1,1,-1,-1,-1,-1,1,-1,-1,-1,-1,-1,-1,1,-1,1,-1,-1,-1,-1,1,-1,-1,-1,-1,-1,-1,1,-1,-1,1,-1,-1,-1,1,-1,-1,1,-1,-1,-1,1,-1,-1,1,-1,-1,-1,-1,-1,-1,-1,-1,-1,-1,1,1,-1,-1,1,-1,-1,1,-1,-1,-1,-1,-1,-1,1,1,-1,-1,-1,-1,-1,1,-1,-1,1,-1,-1,1,-1,1,-1,-1,-1,-1,1,1,-1,-1,1,-1,1,1,1,1,-1,1,-1,-1,1,1,1,-1,1,-1,-1,-1,1,1,-1,1,-1,-1,1,1,1,1,1,-1,1,1,1,1,1,-1,1,-1,-1,1,1,-1,1,-1,1,-1,1,1,1,1,-1,-1,1,1,1,1,1,-1,-1,-1,1,1,1,-1,1,-1,1,1,1,1,1,-1,-1,1,-1,1,-1,-1,-1,-1,1,-1,1,1,-1,-1,-1,1,-1,1,-1,1,-1,1,-1,1,1,1,1,-1,-1,-1,1,1,1,-1,-1,-1,1,-1,1,-1,-1,-1,1,-1,-1,1,1,1,-1,-1,-1,1,1,-1,-1,-1,1,-1,-1,-1,1,-1,-1,-1,-1,-1,1,-1,-1,-1,-1,1,1,1,-1,-1,-1,-1,-1,1,1,-1,-1,-1,-1,-1,1,1,-1,1,-1,-1,1,-1,1,-1,1,-1,-1,-1,1,1,-1,-1,-1,-1,-1,1,-1,-1,-1,-1,-1,-1,1,-1,-1,1,-1,-1,1,1,-1,-1,1,1,-1,-1,1,1,-1,1,-1,-1,-1,-1,1,-1,-1,1,-1,-1,1,-1,-1,1,1,1,1,1,1,-1,1,-1,1,-1,1,-1,1,1,-1,1,-1,1,-1,1,1,-1,-1,1,1,-1,-1,1,-1,1,-1,-1,1,-1,1,1,-1,-1,1,-1,-1,1,1,-1,1,-1,1,-1,-1,1,1,-1,1,-1,-1,-1,1,-1,1,-1,1,-1,1,1,-1,-1,-1,-1,-1,-1,1,-1,-1,1,1,-1,-1,1,-1,1,-1,-1,1,-1,1,-1,-1,1,1,-1,-1,-1,1,-1,-1,-1,1,-1,1,-1,-1,1,1,-1,-1,-1,1,-1,1,1,-1,-1,-1,-1,-1,-1,-1,-1,-1,-1,1,-1,1,1,-1,1,-1,-1,1,-1,-1,1,-1,-1,-1,1,-1,1,-1,1,-1,-1,-1,-1,1,-1,1,-1,-1,1,-1,1,1,1,-1,-1,-1,-1,1,-1,1,-1,-1,-1,1,1,1,-1,1,1,-1,1,1,1,1,1,1,1,-1,1,1,-1,1,-1,1,1,-1,1,-1,-1,1,-1,-1,1,-1,-1,-1,1,1,-1,1,1,-1,-1,1,1,-1,-1,1,-1,-1,-1,-1,-1,1,1,-1,-1,-1,-1,-1,1,1,-1,-1,1,1,1,-1,1,-1,-1,1,1,-1,1,1,-1,-1,-1,1,-1,-1,1,1,-1,1,1,1,1,1,-1,1,1,1,-1,1,1,1,-1,1,1,-1,1,1,-1,1,1,1,-1,1,1,-1,-1,1,-1,1,-1,1,-1,1,1,1,-1,1,1,-1,1,1,1,1,1,1,1,1,1,1,1,1,1,-1,1,-1,1,-1,1,1,1,1,1,1,1,1,1,-1,1,-1,1,1,1,1,1,-1,1,-1,1,1,1,1,1,1,1,1,1,1,-1,1,1,-1,-1,1,-1,-1,1,1,1,-1,1,1,-1,1,-1,1,1,1,-1,-1,1,-1,1,-1,1,1,-1,1,-1,1,-1,1,-1,1,1,-1,1,-1,1,1,-1,1,-1,1,-1,1,1,-1,1,-1,1,-1,1,1,-1,1,1,1,1,1,-1,1,1,-1,1,1,1,1,-1,1,-1,1,-1,1,1,-1,1,1,-1,1,1,1,-1,1,1,-1,1,1,1,1,1,-1,-1,1,1,1,1,1,-1,1,-1,1,1,1,1,-1,-1,1,1,1,1,1,1,-1,1,-1,1,1,1,-1,1,1,1,1,1,1,1,-1,1,1,-1,1,1,1,1,1,1,1,1,1,-1,1,1,1,1,1,1,1,-1,1,1,1,1,1,1,-1,1,-1,1,1,-1,1,-1,1,1,1,1,-1,1,1,1,1,1,1,1,1,1,1,-1,1,1,1,-1,1,1,1,1,1,1,1,1,1,1,1,-1,1,-1,1,1,1,1,1,1,-1,1,1,1,1,1,1,1,1,1,1,1,1,1,1,1,1,-1,1,1,1,1,1,1,-1,1,1,1,1,1,-1,-1,1,1,1,1,1,1,-1,1,1,1,1,-1,1,-1,1,-1,1,1,1,1,-1,1,1,1,1,-1,1,1,1,1,1,1,-1,1,1,1,1,1,1,1,1,1,1,-1,1,-1,1,1,1,-1,1,1,1,1,1,-1,1,-1,1,1,1,1,-1,1,-1,-1,1,-1,1,-1,1,-1,1,-1,1,1,1,1,-1,-1,1,1,-1,-1,1,1,-1,1,1,-1,-1,1,1,-1,1,-1,1,1,-1,-1,-1,-1,-1,1,1,-1,-1,1,1,1,1,1,-1,-1,1,1,1,1,-1,1,-1,1,-1,1,1,-1,1,-1,-1,-1,-1,-1,-1,-1,-1,-1,-1,1,1,1,-1,1,1,-1,-1,1,-1,-1,-1,1,-1,1,1,1,1,-1,1,-1,1,1,1,-1,-1,1,-1,1,1,1,-1,-1,1,-1,1,-1,-1,-1,-1,1,-1,-1,1,1,-1,-1,-1,-1,1,1,-1,1,-1,1,-1,-1,1,-2650.0,1,2000,445,1500,True
2644,-1,-1,1,1,1,1,-1,1,-1,-1,-1,1,-1,-1,-1,-1,1,-1,1,-1,1,1,-1,-1,-1,1,-1,-1,-1,-1,-1,-1,1,-1,-1,1,1,-1,-1,1,-1,-1,1,-1,-1,-1,-1,1,-1,-1,1,-1,1,1,-1,1,-1,1,-1,-1,1,1,-1,1,-1,-1,-1,-1,1,-1,1,-1,-1,-1,1,1,1,1,-1,-1,-1,-1,1,-1,-1,-1,-1,1,1,1,-1,-1,-1,-1,-1,1,-1,1,-1,1,-1,-1,1,1,1,-1,-1,-1,-1,1,1,-1,-1,1,-1,-1,1,1,1,-1,-1,-1,-1,1,1,-1,-1,-1,1,-1,1,1,1,-1,-1,1,-1,1,1,1,-1,-1,1,-1,-1,1,1,-1,-1,-1,-1,1,1,1,1,-1,1,1,1,1,1,-1,-1,-1,-1,-1,1,1,1,-1,-1,-1,1,1,1,-1,-1,1,1,1,1,-1,1,-1,-1,-1,1,1,1,-1,-1,1,-1,1,1,1,1,-1,1,-1,1,-1,1,1,-1,1,-1,1,1,1,1,-1,1,-1,1,-1,1,1,-1,1,-1,1,1,1,1,1,-1,-1,-1,1,1,1,-1,-1,1,1,1,1,1,-1,1,-1,1,-1,1,1,1,-1,1,-1,1,1,1,-1,-1,-1,1,-1,1,1,-1,1,-1,1,1,-1,1,1,1,-1,1,1,-1,1,1,-1,1,1,1,-1,1,1,1,1,-1,1,1,1,1,1,-1,1,1,1,1,-1,1,1,-1,1,-1,1,1,1,1,1,1,-1,1,1,1,-1,1,1,1,1,1,1,1,-1,1,-1,1,-1,1,1,1,1,-1,1,1,1,1,1,-1,1,1,1,1,1,1,-1,1,1,1,1,1,-1,-1,1,1,1,-1,1,-1,1,-1,1,1,1,1,1,-1,1,1,-1,1,1,1,-1,1,1,1,1,1,1,-1,1,1,1,-1,1,1,1,1,1,1,-1,-1,1,-1,1,-1,1,-1,1,1,-1,-1,-1,1,1,-1,1,-1,1,1,1,-1,-1,-1,-1,1,1,1,-1,1,1,-1,1,1,-1,-1,1,1,-1,1,1,-1,-1,1,-1,1,1,1,1,1,-1,1,-1,-1,-1,1,-1,1,-1,-1,1,1,1,-1,-1,-1,1,-1,1,1,1,-1,-1,-1,1,1,1,1,1,-1,1,-1,-1,1,-1,1,-1,-1,-1,-1,1,1,1,-1,-1,1,-1,1,1,1,-1,1,-1,1,-1,1,1,-1,-1,1,-1,1,1,1,-1,-1,-1,1,1,1,1,-1,-1,1,1,1,1,-1,1,-1,1,-1,1,1,-1,-1,-1,-1,1,1,1,-1,1,-1,1,-1,1,1,-1,-1,1,-1,1,1,1,1,-1,1,-1,-1,-1,1,1,-1,-1,-1,1,-1,1,-1,-1,1,-1,-1,1,-1,1,-1,-1,-1,-1,1,-1,1,-1,-1,1,-1,-1,1,1,1,-1,1,-1,1,-1,-1,-1,1,-1,1,1,-1,-1,1,1,1,-1,1,-1,1,-1,1,1,1,-1,-1,-1,-1,-1,1,1,1,-1,-1,-1,1,1,-1,1,-1,-1,-1,1,1,1,1,-1,-1,-1,1,1,1,1,-1,-1,-1,-1,1,-1,1,-1,1,-1,-1,1,1,1,-1,1,1,-1,1,-1,1,1,-1,-1,-1,-1,1,1,1,-1,1,-1,1,1,1,1,-1,-1,1,-1,1,1,-1,-1,-1,-1,-1,1,1,-1,1,-1,1,1,-1,1,1,-1,-1,-1,-1,1,1,-1,1,-1,-1,1,1,1,1,-1,1,-1,-1,1,1,1,-1,1,-1,1,1,1,1,-1,-1,-1,1,1,-1,1,-1,1,-1,-1,1,1,1,-1,-1,1,-1,1,1,1,-1,-1,-1,-1,1,1,-1,1,-1,1,-1,1,-1,-1,1,-1,1,-1,1,1,-1,-1,1,-1,1,1,-1,1,-1,1,-1,1,1,1,-1,-1,1,-1,1,1,-1,1,-1,1,-1,-1,1,1,1,-1,1,-1,1,1,1,-1,-1,1,-1,1,1,1,1,-1,-1,-1,-1,1,-1,-1,-1,1,-1,-1,1,1,-1,-1,1,-1,-1,1,1,-1,-1,-1,1,-1,1,1,-1,1,-1,1,-1,1,1,1,-1,1,1,-1,1,1,-1,-1,1,-1,-1,1,1,1,-1,1,-1,1,1,1,1,-1,-1,-1,-1,-1,1,1,-1,1,1,1,1,1,-1,1,-1,-1,-1,1,-1,1,-1,1,-1,1,1,1,1,-1,1,-1,1,-1,1,1,-1,-1,1,1,1,1,1,1,-1,-1,1,-1,1,1,1,-1,1,1,-1,-1,-1,1,-1,1,1,1,-1,1,1,-1,1,1,1,-1,1,-1,1,1,1,-1,1,1,-1,-1,1,1,1,-1,-1,1,-1,1,1,-1,1,-1,-1,-1,1,1,-1,-1,-1,1,-1,1,1,1,-1,-1,-1,-1,1,1,-1,-1,-1,-1,-1,1,1,-1,-1,-1,-1,-1,1,-1,1,-1,-1,-1,1,1,1,-1,-1,-1,-1,-1,1,1,-1,-1,1,-1,1,1,1,1,-1,-1,-1,1,-1,1,-1,-1,-1,-1,1,-1,1,-1,-1,-1,1,1,1,1,-1,-1,-1,1,-1,1,1,-1,1,-1,1,1,1,-1,1,-1,1,-1,1,1,1,1,-1,1,-1,1,-1,1,1,-1,-1,1,-1,1,1,1,-1,1,-1,1,1,-1,1,-1,1,-1,1,1,-1,1,-1,1,-1,1,-1,1,1,-1,-1,-1,-1,-1,1,1,1,-1,1,1,1,1,1,-1,-1,1,1,1,1,-1,-1,-1,1,-1,1,1,1,-1,-1,-1,-1,-1,-1,-1,-1,-1,-1,1,1,1,1,-1,1,1,-1,-1,1,-1,-1,-1,1,-1,1,1,1,-1,-1,1,-1,1,1,1,-1,-1,1,-1,1,1,-1,-1,-1,1,-1,1,-1,1,1,-1,1,-1,-1,1,1,-1,-1,-1,-1,1,1,-1,1,-1,1,-1,-1,1,-2650.0,1,2000,445,1000,True
2645,-1,-1,1,1,1,1,-1,1,-1,-1,-1,1,-1,1,-1,-1,1,-1,1,1,1,1,-1,-1,-1,1,-1,-1,1,-1,-1,-1,1,1,-1,1,1,-1,-1,-1,1,-1,1,-1,-1,-1,-1,-1,1,-1,-1,-1,1,1,1,-1,-1,1,-1,1,-1,1,1,1,-1,1,-1,-1,-1,-1,1,-1,1,1,1,-1,1,1,-1,-1,1,-1,1,-1,-1,-1,-1,1,-1,1,-1,-1,-1,1,1,-1,1,1,-1,1,1,1,-1,-1,1,-1,-1,1,1,-1,-1,1,-1,-1,1,1,-1,-1,1,-1,-1,1,1,1,-1,1,-1,-1,1,1,1,-1,1,-1,-1,1,1,1,-1,1,-1,-1,1,1,1,-1,-1,-1,-1,1,1,1,-1,1,1,-1,1,1,1,-1,1,-1,-1,1,1,1,-1,1,-1,1,1,1,-1,-1,1,-1,1,1,1,-1,1,-1,1,1,1,1,-1,1,1,-1,1,1,1,-1,1,1,-1,1,1,1,1,-1,1,-1,-1,1,1,-1,-1,1,-1,1,1,1,-1,1,1,-1,1,1,1,1,1,1,-1,-1,1,1,-1,-1,1,-1,1,1,-1,1,-1,1,-1,1,1,1,-1,1,1,-1,1,1,-1,-1,1,1,-1,1,1,1,1,1,1,-1,1,1,-1,1,1,-1,1,-1,-1,-1,1,1,-1,-1,-1,1,1,1,1,-1,-1,-1,1,1,-1,1,1,1,-1,1,1,1,1,1,1,-1,-1,1,-1,1,-1,1,-1,-1,-1,1,1,-1,1,-1,1,-1,1,1,1,1,-1,-1,-1,-1,1,-1,1,1,-1,-1,1,1,-1,1,1,1,-1,1,1,1,1,-1,-1,1,1,-1,1,1,-1,-1,1,-1,-1,1,1,-1,1,-1,1,1,-1,1,-1,1,1,1,-1,1,1,-1,-1,1,1,-1,1,1,-1,-1,1,1,-1,1,1,-1,1,-1,1,-1,1,1,-1,1,-1,1,-1,1,-1,1,1,-1,1,1,-1,-1,1,-1,1,1,-1,1,1,1,1,1,-1,-1,1,1,1,1,-1,1,-1,1,1,1,1,-1,1,1,1,1,-1,1,-1,1,-1,1,1,1,1,-1,1,1,-1,-1,1,1,1,-1,1,-1,1,1,1,-1,-1,1,-1,1,1,-1,1,-1,1,-1,1,1,1,1,-1,1,-1,-1,1,-1,1,-1,1,-1,-1,1,-1,1,-1,-1,1,-1,1,-1,1,-1,1,1,1,1,-1,1,-1,1,-1,-1,1,-1,-1,-1,1,-1,1,1,-1,1,-1,1,-1,1,1,-1,-1,1,1,-1,1,-1,-1,-1,-1,1,-1,1,-1,-1,-1,1,-1,1,1,1,1,-1,-1,1,-1,1,1,-1,-1,-1,1,-1,1,-1,1,-1,-1,1,-1,1,-1,1,-1,-1,1,-1,1,-1,1,-1,-1,-1,1,1,-1,1,-1,1,-1,1,1,1,1,1,1,-1,1,1,-1,1,1,-1,1,-1,1,1,1,-1,1,1,-1,-1,1,1,-1,-1,1,-1,1,-1,1,-1,-1,-1,-1,1,1,1,-1,-1,1,-1,-1,1,1,-1,-1,1,-1,1,1,1,-1,1,1,-1,1,1,1,-1,-1,-1,-1,-1,1,-1,1,-1,-1,-1,1,1,1,-1,1,1,-1,-1,1,1,1,-1,-1,1,1,1,1,1,1,-1,1,1,1,-1,1,-1,-1,-1,1,1,-1,1,-1,-1,1,1,1,1,1,-1,-1,1,1,1,-1,1,1,-1,1,1,1,1,1,-1,-1,1,1,1,-1,1,1,-1,1,1,1,-1,1,-1,-1,1,1,-1,1,1,1,-1,-1,1,1,-1,1,1,-1,1,1,1,-1,1,1,-1,1,1,-1,-1,1,1,-1,1,1,1,-1,1,1,1,-1,1,-1,-1,1,1,1,-1,1,-1,-1,1,-1,1,1,1,-1,-1,1,-1,1,-1,-1,-1,-1,1,-1,1,-1,1,-1,-1,1,-1,1,-1,1,-1,-1,1,-1,1,-1,1,-1,-1,1,-1,1,-1,1,-1,-1,1,1,1,1,1,-1,1,1,-1,1,1,1,-1,-1,1,-1,-1,-1,1,-1,-1,1,1,-1,1,1,-1,1,1,1,-1,1,1,-1,-1,1,-1,-1,1,-1,-1,1,1,-1,1,-1,-1,1,-1,1,1,-1,1,-1,-1,-1,1,1,-1,1,1,-1,-1,-1,1,1,1,1,-1,1,1,1,-1,1,-1,-1,-1,1,-1,1,1,1,-1,-1,-1,1,-1,1,1,-1,1,-1,-1,1,1,1,-1,-1,-1,-1,-1,1,-1,-1,-1,1,-1,1,1,-1,-1,-1,1,-1,1,1,1,-1,1,1,-1,1,1,1,-1,1,-1,1,1,1,-1,-1,1,-1,-1,1,1,1,1,-1,1,-1,1,1,1,-1,1,-1,-1,1,1,1,1,-1,1,-1,1,1,1,1,1,-1,-1,1,1,-1,1,1,-1,-1,1,1,-1,1,-1,-1,-1,1,-1,1,1,1,-1,-1,-1,1,-1,1,1,-1,-1,1,1,-1,1,1,-1,1,1,1,-1,1,1,-1,1,-1,-1,1,1,1,-1,1,-1,1,1,1,-1,1,-1,1,1,1,1,-1,1,1,-1,1,1,-1,1,1,-1,-1,1,-1,1,1,-1,1,-1,1,-1,1,-1,-1,1,-1,1,-1,1,-1,1,-1,-1,-1,1,1,-1,-1,1,-1,-1,-1,1,1,-1,1,-1,1,-1,1,1,-1,1,-1,-1,1,-1,-1,-1,-1,1,1,1,-1,-1,1,1,-1,1,1,-1,-1,1,1,-1,-1,-1,1,-1,1,1,1,1,-1,1,-1,-1,-1,-1,-1,-1,-1,-1,-1,1,1,1,1,-1,1,1,-1,1,1,-1,-1,-1,1,-1,1,1,1,1,-1,1,-1,1,1,1,-1,-1,1,-1,1,1,1,1,-1,1,-1,1,1,-1,-1,-1,1,-1,1,1,1,-1,-1,-1,1,-1,1,-1,1,-1,1,-1,1,1,-2650.0,1,2000,445,1500,True
2646,1,1,-1,-1,1,1,-1,1,1,1,1,-1,-1,1,1,1,-1,1,-1,-1,-1,1,1,1,1,1,-1,-1,1,1,1,1,-1,-1,-1,1,-1,1,1,1,-1,-1,1,1,1,1,1,1,-1,1,1,1,1,1,-1,-1,1,-1,1,1,1,-1,-1,1,1,1,1,1,1,-1,1,-1,1,1,1,1,-1,1,1,1,1,-1,1,-1,-1,1,1,1,1,1,-1,1,-1,1,1,1,-1,1,-1,-1,1,1,1,1,1,-1,-1,1,1,1,1,-1,-1,-1,1,1,1,1,1,-1,-1,1,1,1,1,-1,-1,-1,1,1,1,1,1,-1,-1,1,1,1,1,1,-1,-1,-1,1,1,1,1,-1,-1,-1,1,1,1,1,1,-1,-1,1,1,1,1,-1,-1,-1,1,1,-1,1,1,-1,1,1,1,1,1,-1,-1,1,1,1,1,-1,1,-1,1,1,-1,1,1,-1,-1,-1,1,1,1,1,1,-1,-1,1,-1,-1,1,1,-1,-1,1,1,1,1,1,-1,1,1,1,1,1,1,-1,1,1,-1,-1,1,1,1,-1,1,-1,-1,1,1,-1,-1,1,-1,-1,1,1,-1,-1,1,-1,1,1,1,1,-1,1,-1,1,1,1,-1,1,1,-1,1,1,1,-1,-1,-1,1,-1,-1,1,1,1,-1,1,1,-1,1,1,1,1,1,1,-1,1,1,1,1,-1,1,1,1,1,1,1,1,1,1,1,-1,-1,1,-1,1,-1,1,1,1,1,1,1,-1,1,1,1,-1,1,1,-1,1,1,1,1,-1,1,-1,1,-1,1,1,1,1,-1,1,1,1,1,1,1,-1,1,1,1,1,1,-1,1,1,1,1,1,1,1,-1,1,1,-1,1,1,-1,1,1,1,-1,1,1,1,-1,1,-1,1,1,1,1,-1,1,1,1,1,1,1,1,1,1,-1,1,1,-1,-1,1,1,1,-1,1,1,-1,-1,1,-1,1,1,1,1,-1,1,1,-1,1,1,-1,1,1,-1,-1,-1,-1,-1,-1,1,-1,1,1,-1,-1,1,-1,1,-1,1,1,1,1,-1,1,1,1,-1,-1,1,1,1,-1,1,1,1,-1,1,-1,1,1,1,1,1,1,-1,-1,-1,1,1,1,1,-1,1,-1,1,-1,1,1,1,-1,-1,1,1,-1,1,-1,1,-1,1,-1,-1,-1,1,1,-1,-1,1,-1,1,1,-1,-1,1,-1,1,1,1,-1,-1,-1,1,-1,1,-1,-1,-1,1,1,1,1,-1,1,-1,1,1,1,1,-1,-1,-1,1,1,1,1,-1,-1,-1,1,-1,1,1,-1,-1,-1,1,-1,-1,1,1,-1,-1,1,-1,1,-1,1,-1,-1,1,-1,-1,-1,1,-1,-1,-1,1,1,-1,1,-1,-1,1,-1,-1,1,1,-1,-1,-1,1,-1,1,1,-1,-1,-1,1,-1,-1,1,1,1,-1,1,-1,1,-1,1,-1,1,-1,1,1,-1,-1,1,1,1,-1,1,-1,1,-1,1,1,1,-1,-1,-1,1,-1,1,1,1,-1,-1,-1,1,1,-1,1,-1,-1,-1,1,1,-1,1,-1,-1,1,1,1,-1,1,-1,-1,-1,-1,1,1,1,-1,1,-1,-1,1,-1,1,-1,1,1,1,-1,-1,1,1,-1,-1,-1,-1,-1,1,1,-1,-1,-1,1,-1,-1,1,-1,-1,1,-1,1,1,-1,-1,-1,-1,-1,1,1,-1,1,-1,-1,1,1,1,1,-1,-1,-1,-1,-1,1,-1,1,-1,-1,1,-1,1,1,-1,1,-1,-1,1,1,1,-1,1,-1,1,-1,1,1,-1,1,-1,-1,-1,1,1,-1,1,-1,1,-1,1,1,-1,-1,1,-1,-1,1,1,-1,-1,-1,1,-1,1,1,1,-1,1,-1,-1,1,-1,1,-1,1,-1,-1,1,-1,-1,1,-1,1,-1,1,1,-1,1,-1,1,-1,1,-1,1,-1,1,-1,-1,1,1,-1,1,-1,-1,-1,-1,1,-1,1,-1,1,-1,-1,1,-1,1,1,-1,-1,-1,-1,1,1,1,1,-1,-1,1,-1,-1,1,1,-1,-1,-1,-1,1,-1,1,-1,-1,1,1,-1,1,1,-1,-1,1,-1,-1,1,1,-1,-1,-1,-1,1,-1,1,-1,-1,-1,-1,-1,1,-1,-1,1,-1,-1,1,-1,1,-1,-1,-1,-1,-1,1,1,1,-1,-1,-1,1,1,1,-1,-1,-1,1,-1,-1,1,1,-1,-1,-1,1,1,1,-1,-1,1,-1,1,-1,1,-1,-1,1,-1,-1,1,1,-1,-1,-1,-1,-1,-1,1,1,-1,-1,1,-1,1,1,-1,-1,-1,1,-1,1,1,-1,-1,-1,1,-1,1,1,1,-1,1,-1,1,1,1,-1,-1,1,-1,-1,1,1,-1,-1,1,-1,-1,1,1,-1,1,-1,-1,-1,1,1,-1,-1,1,-1,-1,1,1,-1,-1,1,-1,-1,1,1,1,-1,1,-1,-1,-1,1,-1,-1,1,-1,-1,1,-1,1,-1,1,-1,-1,-1,1,1,-1,-1,-1,-1,1,1,1,-1,1,-1,-1,1,1,1,-1,-1,-1,-1,-1,1,-1,-1,1,-1,1,-1,1,-1,-1,1,1,-1,1,1,1,-1,-1,-1,1,-1,1,-1,1,1,-1,-1,-1,1,1,-1,1,-1,-1,-1,1,1,-1,1,-1,-1,-1,1,1,-1,-1,-1,1,-1,-1,1,-1,-1,1,-1,-1,-1,1,1,-1,1,-1,1,-1,1,-1,1,-1,1,-1,-1,1,-1,-1,-1,1,1,-1,1,1,-1,1,-1,-1,1,1,-1,-1,1,-1,1,-1,1,-1,-1,1,1,-1,1,1,-1,-1,-1,1,-1,-1,-1,-1,-1,1,-1,1,-1,1,-1,1,1,1,-1,1,1,-1,-1,1,1,-1,1,1,-1,-1,1,1,1,1,1,-1,-1,1,1,-1,1,1,-1,-1,1,1,-1,1,1,1,-1,1,1,1,1,1,-1,-1,-1,-1,1,1,-1,1,-1,1,1,-1,1,-2650.0,1,2000,445,1000,True
2647,1,1,-1,-1,1,1,-1,-1,1,1,1,-1,1,1,1,1,-1,1,-1,-1,1,-1,1,1,1,-1,1,-1,1,1,1,1,1,-1,-1,-1,1,-1,1,1,-1,-1,-1,1,1,1,1,-1,1,1,1,1,-1,1,-1,-1,1,-1,1,1,-1,-1,-1,-1,1,1,1,1,-1,-1,-1,1,1,1,1,-1,-1,-1,1,1,1,-1,-1,-1,1,1,1,1,-1,-1,-1,1,1,1,1,-1,-1,1,1,-1,1,1,-1,-1,1,1,1,1,1,-1,-1,1,1,-1,1,1,-1,-1,1,1,1,1,1,1,-1,1,1,1,-1,1,1,-1,1,1,1,1,1,1,-1,-1,1,1,1,1,1,-1,1,1,1,1,1,1,-1,-1,-1,1,1,1,1,-1,1,1,1,1,-1,1,-1,1,-1,1,1,1,-1,-1,1,1,1,1,1,-1,1,-1,-1,1,1,1,-1,1,1,1,1,-1,1,1,1,1,-1,1,-1,1,-1,1,1,-1,1,-1,1,1,-1,1,-1,1,-1,1,-1,1,1,-1,1,-1,1,1,1,1,-1,-1,1,1,-1,-1,1,-1,1,1,-1,1,-1,1,-1,1,-1,1,-1,1,1,-1,-1,1,-1,1,-1,1,-1,1,1,1,-1,1,1,-1,1,-1,1,-1,1,-1,1,-1,-1,1,-1,1,-1,-1,1,-1,-1,-1,1,-1,-1,-1,-1,1,-1,-1,1,1,-1,1,1,1,-1,1,1,-1,1,-1,1,-1,-1,1,-1,-1,-1,-1,1,-1,1,1,-1,-1,1,-1,-1,1,-1,-1,-1,1,-1,-1,1,1,-1,-1,-1,1,-1,1,-1,-1,-1,-1,1,-1,1,-1,-1,-1,-1,1,-1,1,-1,-1,-1,1,-1,1,1,-1,1,-1,1,-1,-1,1,-1,1,-1,-1,1,1,1,-1,-1,-1,-1,1,1,-1,-1,1,-1,-1,1,1,-1,-1,1,-1,-1,1,1,-1,-1,1,1,-1,1,1,1,-1,1,-1,-1,1,1,1,-1,-1,1,-1,1,-1,-1,-1,1,1,1,1,1,1,-1,1,-1,1,-1,1,-1,1,-1,1,-1,1,1,-1,1,1,-1,1,-1,1,-1,-1,-1,1,-1,1,1,1,-1,1,-1,1,1,1,-1,-1,1,-1,1,1,-1,1,-1,1,-1,1,1,1,-1,-1,1,1,1,1,-1,1,-1,-1,1,1,1,1,1,-1,-1,1,1,1,1,1,-1,-1,1,1,1,1,-1,1,-1,1,1,-1,1,1,-1,1,1,1,1,1,-1,-1,1,1,1,1,-1,1,-1,1,1,-1,1,-1,1,-1,1,1,-1,1,-1,-1,-1,1,1,-1,1,1,1,-1,-1,1,1,1,-1,-1,1,-1,1,-1,1,-1,1,-1,1,1,1,-1,-1,1,-1,-1,1,-1,1,-1,1,1,-1,1,1,-1,1,1,-1,-1,1,1,-1,1,1,1,1,1,1,-1,1,1,1,-1,1,1,1,-1,-1,-1,1,-1,-1,-1,-1,1,-1,1,-1,1,-1,-1,-1,1,1,-1,1,1,-1,-1,-1,1,-1,1,-1,-1,1,-1,1,-1,-1,-1,-1,-1,-1,1,-1,-1,-1,-1,-1,-1,1,-1,1,1,1,1,-1,1,-1,1,1,-1,-1,-1,1,-1,-1,1,-1,1,-1,-1,1,1,1,1,-1,-1,1,1,1,1,-1,1,-1,-1,1,1,1,-1,-1,-1,1,1,1,1,-1,1,-1,1,-1,1,-1,1,1,-1,-1,1,1,1,-1,-1,-1,-1,1,1,1,1,-1,-1,-1,1,1,1,1,-1,-1,-1,1,-1,1,-1,-1,-1,-1,1,1,1,1,-1,-1,-1,1,-1,1,-1,-1,-1,-1,1,1,-1,1,-1,-1,-1,1,1,1,1,-1,-1,1,-1,1,-1,1,-1,1,1,-1,1,-1,1,-1,-1,1,1,-1,1,1,-1,1,-1,1,-1,1,1,-1,-1,1,-1,1,-1,1,-1,-1,1,1,-1,1,1,-1,-1,-1,1,-1,1,1,1,-1,1,1,-1,-1,1,1,1,-1,1,1,-1,-1,-1,-1,1,1,-1,-1,1,-1,-1,1,1,-1,1,-1,-1,-1,1,1,1,-1,1,-1,-1,1,1,1,-1,-1,-1,-1,-1,1,-1,1,-1,-1,-1,1,1,1,-1,-1,-1,1,-1,1,1,-1,1,-1,-1,-1,1,1,-1,-1,1,-1,-1,1,1,-1,-1,-1,-1,1,-1,1,-1,-1,-1,1,-1,1,-1,-1,-1,-1,-1,-1,1,-1,1,-1,1,-1,1,1,1,-1,-1,-1,-1,-1,-1,1,1,-1,1,-1,-1,-1,1,-1,-1,-1,-1,-1,-1,1,-1,1,-1,-1,1,-1,1,-1,-1,1,-1,1,1,-1,1,-1,-1,-1,1,1,1,-1,1,1,-1,1,-1,1,1,1,-1,1,1,1,1,-1,-1,1,1,1,-1,1,-1,1,1,1,1,-1,1,-1,-1,1,1,1,1,1,-1,1,1,-1,1,1,1,-1,-1,1,1,1,1,-1,-1,1,-1,1,1,1,1,1,-1,1,1,-1,1,-1,1,1,1,1,1,1,-1,-1,-1,1,1,1,1,-1,-1,1,1,1,1,1,-1,1,1,1,1,-1,-1,1,-1,1,1,-1,1,-1,-1,-1,1,1,1,-1,1,-1,-1,1,1,1,-1,-1,-1,-1,1,1,1,-1,-1,1,-1,-1,1,1,-1,1,-1,-1,-1,1,1,-1,1,-1,1,-1,-1,1,1,1,1,-1,-1,1,1,-1,-1,1,1,-1,-1,1,-1,1,-1,-1,1,1,-1,-1,1,-1,-1,-1,1,1,-1,1,1,-1,1,1,-1,-1,-1,-1,1,-1,-1,-1,-1,1,-1,-1,1,1,-1,1,1,-1,1,1,1,1,-1,1,-1,1,1,1,1,-1,1,-1,-1,1,1,1,-1,1,-1,1,1,1,1,-1,1,-1,1,1,-1,-1,-1,1,-1,-1,1,1,-1,-1,-1,1,-1,1,-1,1,-1,1,-1,-1,1,-2650.0,1,2000,445,1500,True
2648,1,1,-1,-1,1,-1,1,1,1,1,1,-1,1,1,1,1,-1,1,-1,-1,1,1,1,1,1,-1,1,1,1,1,1,1,-1,-1,1,1,-1,1,1,1,-1,1,1,1,1,1,1,-1,1,-1,1,1,-1,1,-1,-1,1,-1,1,1,1,-1,-1,-1,1,1,1,1,-1,1,1,-1,1,1,1,-1,1,1,-1,1,1,-1,-1,1,-1,1,1,1,-1,-1,1,1,-1,1,1,-1,1,-1,-1,1,1,1,-1,1,-1,-1,-1,1,1,1,1,1,-1,-1,1,1,1,1,-1,-1,-1,1,1,1,-1,1,-1,-1,1,1,1,1,-1,-1,-1,1,1,1,1,-1,-1,-1,-1,1,1,1,-1,-1,-1,-1,1,1,1,-1,1,-1,1,1,1,1,-1,1,-1,-1,1,1,1,-1,1,-1,1,1,1,1,-1,-1,-1,1,1,1,-1,1,1,-1,1,1,1,1,-1,-1,-1,-1,1,1,1,-1,1,-1,-1,1,-1,1,-1,1,-1,-1,1,1,1,-1,1,-1,1,1,-1,1,-1,1,-1,1,1,1,1,1,1,1,-1,1,-1,1,-1,1,-1,-1,1,1,1,1,1,-1,-1,1,-1,-1,1,1,1,-1,1,1,-1,1,1,-1,1,1,-1,-1,1,1,-1,-1,1,-1,1,1,1,1,1,1,-1,1,1,1,1,1,1,-1,1,1,1,1,1,1,-1,-1,1,1,1,1,1,1,-1,1,1,-1,-1,1,1,1,1,1,1,1,1,-1,1,1,1,1,1,-1,1,1,1,1,1,1,1,-1,-1,1,1,-1,1,1,1,-1,1,1,1,1,1,1,1,1,1,1,1,1,1,-1,1,1,1,1,1,-1,1,-1,1,1,-1,1,1,1,1,1,1,-1,1,1,-1,-1,1,-1,1,1,1,-1,-1,1,1,-1,1,1,-1,-1,1,1,-1,1,1,-1,-1,1,1,1,-1,1,-1,-1,-1,1,-1,1,1,1,-1,-1,1,1,-1,1,-1,1,1,1,-1,-1,-1,-1,-1,1,1,-1,1,1,-1,-1,1,-1,1,-1,1,-1,-1,1,-1,-1,1,1,-1,-1,1,1,1,-1,1,1,-1,-1,1,-1,1,1,1,-1,1,1,-1,-1,-1,1,1,1,1,-1,1,-1,1,-1,1,1,1,-1,-1,1,1,-1,1,-1,1,-1,1,-1,1,1,1,1,-1,-1,1,-1,1,1,-1,-1,1,1,1,-1,1,-1,-1,-1,1,-1,1,-1,-1,-1,1,1,1,1,-1,1,-1,1,-1,-1,1,-1,-1,-1,1,1,-1,1,-1,-1,-1,1,-1,1,1,-1,-1,-1,1,-1,-1,1,1,-1,-1,1,-1,1,-1,1,-1,-1,1,-1,-1,-1,1,-1,-1,-1,1,1,-1,1,-1,-1,1,-1,-1,1,1,-1,-1,-1,1,-1,1,1,-1,1,-1,1,-1,-1,1,1,1,-1,1,-1,1,-1,1,-1,1,-1,1,1,-1,-1,1,-1,1,1,-1,-1,1,-1,1,1,1,-1,-1,-1,1,-1,1,-1,1,-1,-1,-1,1,1,-1,1,-1,-1,-1,1,1,-1,1,-1,-1,-1,1,1,-1,1,-1,-1,-1,-1,1,1,1,-1,1,-1,-1,1,-1,1,-1,-1,1,-1,1,-1,1,1,-1,-1,-1,-1,-1,1,1,-1,-1,-1,1,-1,1,1,-1,-1,-1,-1,1,1,-1,-1,-1,-1,-1,1,1,-1,1,-1,1,1,1,1,1,-1,-1,-1,-1,-1,1,-1,1,-1,-1,1,-1,1,1,-1,1,-1,-1,1,1,1,-1,1,-1,1,-1,1,1,-1,-1,-1,-1,-1,1,1,-1,1,-1,1,-1,1,1,-1,-1,1,-1,-1,1,1,-1,-1,-1,1,-1,1,1,-1,-1,1,-1,-1,-1,-1,1,-1,1,-1,-1,1,-1,-1,1,-1,1,-1,1,1,-1,1,-1,1,-1,1,-1,1,-1,1,-1,-1,1,1,-1,1,-1,-1,-1,-1,1,-1,1,-1,1,-1,-1,1,-1,1,1,-1,-1,-1,-1,1,1,1,1,-1,-1,1,-1,-1,1,1,-1,-1,-1,-1,1,-1,1,-1,-1,1,1,-1,1,1,-1,-1,1,-1,-1,1,1,-1,-1,-1,-1,1,-1,1,-1,-1,-1,-1,-1,1,-1,-1,1,-1,-1,1,-1,1,-1,-1,-1,-1,-1,1,1,1,-1,-1,-1,1,1,1,-1,-1,-1,1,-1,-1,1,-1,-1,-1,-1,1,1,1,-1,-1,-1,-1,1,-1,1,1,-1,1,-1,-1,1,1,-1,-1,-1,-1,-1,-1,1,1,-1,-1,1,-1,1,1,-1,-1,-1,1,-1,1,1,-1,-1,1,-1,-1,1,1,1,-1,1,-1,1,1,1,-1,-1,1,-1,-1,1,1,1,-1,1,-1,-1,1,1,-1,1,1,-1,-1,1,1,-1,-1,1,1,-1,1,1,-1,-1,1,-1,-1,1,1,1,-1,-1,1,-1,-1,1,1,-1,1,1,-1,1,-1,1,1,-1,1,-1,-1,1,-1,1,-1,1,-1,1,1,1,1,-1,1,-1,1,1,1,-1,-1,1,1,-1,1,1,-1,1,-1,1,-1,1,1,-1,1,1,-1,1,1,1,-1,1,1,1,-1,1,1,-1,-1,1,-1,-1,1,1,-1,1,-1,1,-1,1,1,-1,-1,-1,1,-1,1,1,-1,-1,1,1,-1,-1,-1,-1,1,-1,1,-1,-1,1,-1,-1,-1,1,1,-1,1,-1,-1,1,-1,1,-1,-1,1,-1,-1,-1,1,-1,-1,-1,1,-1,1,-1,1,-1,1,-1,-1,1,1,-1,1,1,-1,-1,1,-1,1,-1,1,-1,1,1,-1,-1,1,1,-1,-1,1,1,-1,-1,1,-1,-1,1,-1,1,1,1,1,-1,1,-1,1,-1,1,-1,-1,1,1,1,-1,1,1,-1,1,1,1,1,1,1,-1,1,-1,1,-1,-1,1,-1,1,1,1,-1,1,1,-1,-1,1,1,1,-1,1,-1,1,1,1,-2650.0,1,2000,445,1000,True
2649,1,1,-1,-1,1,-1,1,1,1,1,1,-1,1,1,1,1,-1,1,-1,-1,1,1,1,1,1,-1,1,1,1,1,1,1,-1,-1,1,1,-1,1,1,1,-1,1,1,1,1,1,1,-1,1,-1,1,1,-1,1,-1,1,1,-1,1,1,1,-1,-1,1,1,1,1,1,-1,1,1,-1,1,1,1,-1,1,1,-1,1,1,-1,-1,1,-1,1,1,1,-1,-1,1,1,-1,1,1,-1,1,-1,-1,-1,1,1,-1,1,-1,-1,-1,1,1,1,1,1,-1,-1,1,1,1,1,-1,-1,-1,1,1,1,-1,1,-1,-1,1,1,1,1,-1,-1,-1,1,1,1,1,-1,-1,-1,-1,1,1,1,-1,-1,-1,-1,1,1,1,-1,1,-1,-1,1,1,1,-1,1,-1,-1,1,1,1,-1,1,-1,1,1,1,1,-1,-1,-1,1,1,1,-1,1,1,-1,1,1,1,-1,-1,-1,-1,-1,1,1,1,-1,1,-1,-1,1,-1,1,-1,1,-1,-1,1,1,1,-1,1,-1,1,1,-1,1,-1,1,-1,1,1,1,1,1,1,1,-1,1,-1,1,-1,1,-1,-1,1,1,1,1,1,-1,-1,1,-1,-1,1,1,1,-1,1,1,-1,1,1,-1,1,1,-1,-1,1,1,-1,-1,1,-1,1,1,1,1,1,1,-1,1,1,1,1,1,1,-1,1,1,1,1,1,1,-1,-1,1,1,1,1,1,1,-1,1,1,-1,-1,1,1,1,1,1,1,1,1,-1,1,1,1,1,1,-1,1,1,1,1,1,1,1,-1,-1,1,1,-1,1,1,1,-1,1,1,1,1,1,1,1,1,1,1,1,1,1,-1,1,1,1,1,1,-1,1,-1,1,1,-1,1,1,1,1,1,1,-1,1,1,-1,-1,1,-1,1,1,1,-1,-1,1,1,-1,1,1,-1,-1,1,1,-1,1,1,-1,-1,1,1,1,-1,1,-1,1,-1,1,-1,1,1,1,-1,-1,1,1,-1,1,-1,1,1,1,-1,-1,-1,-1,1,1,1,-1,1,1,-1,1,1,-1,1,-1,1,-1,1,1,-1,1,1,-1,1,-1,1,1,1,-1,1,1,1,-1,1,-1,1,-1,-1,1,1,1,-1,-1,-1,1,1,1,1,-1,1,-1,-1,1,1,1,1,-1,-1,-1,1,-1,1,-1,1,-1,-1,-1,-1,1,1,1,-1,-1,1,-1,1,1,-1,-1,1,-1,1,-1,1,-1,-1,-1,1,-1,1,-1,-1,-1,-1,-1,1,1,-1,1,-1,-1,1,-1,1,-1,-1,1,-1,1,-1,1,-1,-1,-1,-1,-1,1,1,-1,-1,1,-1,1,-1,1,1,-1,-1,1,-1,1,-1,1,-1,-1,-1,-1,-1,-1,1,-1,-1,-1,1,1,-1,1,-1,-1,-1,-1,-1,1,1,-1,-1,-1,-1,-1,1,1,-1,-1,-1,-1,-1,-1,1,1,1,-1,-1,-1,1,-1,1,1,1,1,1,1,-1,-1,1,1,1,-1,1,-1,1,-1,1,1,1,-1,-1,-1,-1,-1,1,1,1,-1,-1,-1,1,1,-1,1,-1,-1,-1,1,1,-1,1,-1,-1,1,1,1,-1,1,-1,-1,-1,-1,1,1,1,-1,1,-1,-1,1,-1,1,-1,-1,1,-1,1,-1,1,1,-1,-1,-1,-1,-1,1,1,-1,-1,-1,1,-1,1,1,-1,-1,-1,-1,1,1,-1,-1,-1,-1,-1,1,1,-1,1,-1,1,1,1,1,1,-1,-1,-1,-1,-1,1,-1,1,-1,-1,1,-1,1,1,-1,1,-1,-1,1,1,1,-1,1,-1,1,-1,1,1,-1,1,-1,-1,-1,1,1,-1,1,-1,1,-1,1,1,-1,-1,1,-1,-1,1,1,-1,-1,-1,1,-1,1,1,1,-1,1,-1,-1,1,-1,1,-1,1,-1,-1,1,-1,-1,1,-1,1,-1,1,1,-1,1,-1,1,-1,1,-1,1,-1,1,-1,-1,1,1,-1,1,-1,-1,-1,-1,1,-1,1,-1,1,-1,-1,1,-1,1,1,-1,-1,-1,-1,1,1,1,1,-1,-1,1,-1,-1,1,1,-1,-1,-1,-1,1,-1,1,-1,-1,1,1,-1,1,1,-1,-1,1,-1,-1,1,1,-1,-1,-1,-1,1,-1,1,-1,-1,-1,-1,-1,1,-1,-1,1,-1,-1,1,-1,1,-1,-1,-1,-1,-1,1,1,1,-1,-1,-1,1,1,1,-1,-1,-1,1,-1,-1,1,-1,1,-1,-1,1,1,1,-1,-1,-1,-1,1,-1,1,1,-1,1,-1,-1,1,1,-1,-1,-1,-1,-1,-1,1,1,-1,-1,1,-1,1,1,-1,-1,-1,1,-1,1,1,-1,-1,1,-1,-1,1,1,1,-1,1,-1,1,1,1,-1,-1,1,-1,-1,1,1,1,-1,1,-1,-1,1,1,-1,1,1,-1,-1,1,1,1,-1,1,1,-1,1,1,-1,-1,1,-1,-1,1,1,1,-1,-1,1,-1,1,1,1,-1,1,1,-1,1,-1,1,1,-1,1,-1,1,1,-1,1,-1,1,-1,1,1,1,1,-1,1,-1,1,1,1,-1,-1,1,1,-1,1,1,-1,1,-1,1,-1,1,1,-1,1,1,1,-1,1,1,-1,1,1,-1,1,1,1,-1,-1,1,1,1,1,1,-1,1,-1,1,1,1,1,-1,-1,-1,1,-1,1,1,-1,-1,1,-1,1,1,-1,-1,1,-1,1,1,1,1,-1,-1,-1,1,-1,1,1,-1,-1,1,-1,-1,1,1,1,-1,-1,-1,-1,1,-1,-1,1,-1,1,1,1,-1,1,-1,-1,1,1,1,1,1,-1,-1,-1,1,-1,-1,1,-1,-1,1,-1,1,1,1,-1,1,-1,1,-1,-1,1,-1,-1,1,-1,1,1,1,1,-1,1,-1,-1,-1,1,-1,-1,1,1,1,-1,1,1,-1,1,-1,1,1,1,1,-1,1,-1,1,-1,-1,1,-1,1,1,1,-1,1,1,-1,-1,1,1,1,-1,1,-1,1,-1,1,-2650.0,1,2000,445,1000,True
2650,1,1,-1,-1,1,1,-1,1,1,1,1,-1,-1,1,1,1,-1,1,-1,-1,-1,1,1,1,1,-1,-1,-1,1,1,1,1,-1,-1,-1,1,-1,1,1,1,-1,-1,1,1,1,1,1,-1,1,-1,1,1,1,1,-1,-1,1,-1,1,1,1,-1,-1,-1,1,1,1,1,-1,-1,1,-1,1,1,1,-1,-1,1,-1,1,1,-1,-1,-1,-1,1,1,1,-1,-1,1,1,-1,1,1,-1,-1,1,-1,1,1,1,-1,-1,-1,-1,-1,1,1,-1,-1,1,-1,-1,1,1,-1,-1,-1,-1,-1,1,1,1,-1,1,-1,-1,1,1,1,-1,-1,-1,-1,1,1,1,-1,-1,-1,-1,-1,1,1,-1,1,-1,-1,-1,1,1,-1,-1,1,-1,-1,1,1,-1,-1,1,-1,-1,1,1,-1,-1,1,-1,1,1,-1,1,-1,-1,-1,1,1,-1,-1,1,1,-1,1,1,-1,-1,-1,-1,-1,-1,1,1,-1,-1,1,-1,-1,1,-1,1,-1,1,-1,-1,1,1,1,-1,1,-1,1,1,-1,1,-1,1,-1,1,1,1,1,1,1,1,-1,1,-1,-1,1,1,-1,-1,1,1,-1,1,1,-1,-1,1,-1,1,1,1,1,-1,1,1,-1,1,1,-1,1,1,-1,-1,1,1,-1,-1,1,-1,1,1,1,1,1,1,-1,1,1,1,1,1,1,-1,-1,1,1,1,1,1,-1,-1,1,1,1,1,1,1,-1,1,1,-1,-1,1,1,-1,1,1,1,1,1,-1,1,1,1,1,1,-1,1,1,1,1,1,1,1,-1,-1,1,1,-1,1,1,1,-1,1,1,1,1,1,1,1,1,1,1,1,1,1,1,-1,1,1,1,1,1,-1,-1,1,1,-1,1,1,1,1,1,1,1,1,1,-1,-1,1,-1,1,1,1,-1,-1,1,1,1,1,1,-1,-1,1,1,-1,1,1,-1,-1,1,1,1,-1,1,-1,1,-1,1,-1,1,1,1,-1,-1,1,1,-1,1,-1,1,1,1,-1,-1,-1,-1,1,1,1,-1,1,1,-1,1,1,-1,-1,1,1,-1,1,1,-1,1,1,1,1,-1,1,1,1,-1,1,1,1,-1,1,-1,1,-1,-1,1,1,1,-1,1,-1,1,1,1,1,1,-1,1,-1,1,1,1,1,1,-1,-1,1,-1,1,-1,1,-1,-1,-1,1,1,1,1,-1,-1,1,-1,1,1,1,-1,1,-1,1,-1,1,1,-1,-1,1,-1,1,1,1,1,-1,-1,1,1,1,1,-1,-1,1,-1,1,1,-1,1,-1,1,1,1,1,-1,-1,-1,-1,1,1,1,-1,1,-1,1,-1,1,1,-1,-1,1,-1,1,1,1,1,-1,-1,-1,-1,1,1,1,-1,-1,-1,-1,1,1,-1,-1,-1,-1,-1,1,-1,1,-1,-1,-1,-1,1,-1,1,-1,-1,-1,-1,-1,1,1,1,-1,-1,-1,1,-1,1,-1,1,1,1,1,-1,-1,1,1,1,1,-1,-1,1,-1,1,1,1,-1,-1,-1,-1,-1,1,-1,1,-1,-1,-1,1,1,-1,1,-1,-1,-1,1,1,-1,1,-1,-1,-1,1,1,-1,1,-1,-1,-1,-1,1,1,1,-1,1,-1,-1,1,-1,1,-1,-1,1,-1,1,-1,1,1,-1,-1,-1,-1,-1,1,1,-1,-1,-1,-1,-1,1,1,-1,-1,-1,1,1,1,-1,-1,-1,-1,1,1,1,-1,1,-1,1,-1,1,1,1,-1,-1,-1,-1,-1,1,-1,1,-1,-1,1,-1,1,1,-1,1,-1,-1,1,1,1,-1,1,-1,-1,-1,1,1,-1,1,-1,-1,-1,1,1,-1,1,-1,-1,-1,1,1,-1,-1,1,-1,-1,1,1,-1,-1,-1,-1,-1,1,1,-1,-1,1,-1,-1,-1,-1,1,-1,1,-1,-1,1,-1,-1,1,-1,1,-1,1,1,-1,1,-1,1,-1,1,-1,-1,1,-1,1,-1,1,1,-1,1,-1,-1,-1,-1,1,-1,1,-1,1,-1,-1,1,-1,1,-1,1,-1,-1,-1,1,1,-1,-1,-1,-1,1,-1,-1,-1,-1,-1,-1,-1,-1,1,-1,-1,-1,-1,1,1,-1,1,-1,-1,-1,1,-1,-1,1,-1,-1,-1,-1,-1,1,1,-1,-1,-1,-1,-1,1,-1,-1,-1,1,-1,-1,1,-1,1,-1,-1,-1,-1,-1,-1,-1,1,-1,-1,-1,1,1,-1,-1,-1,-1,1,-1,-1,-1,1,-1,-1,-1,1,-1,1,-1,-1,-1,-1,1,1,1,-1,-1,1,-1,-1,-1,1,-1,-1,-1,-1,-1,-1,1,1,-1,-1,1,-1,1,1,-1,-1,-1,1,-1,-1,1,-1,-1,1,-1,-1,1,1,1,-1,1,-1,1,1,1,-1,-1,1,-1,-1,1,1,1,-1,1,-1,-1,1,1,-1,1,1,-1,-1,1,1,-1,1,1,-1,-1,1,1,-1,1,1,-1,-1,1,1,1,1,1,1,-1,1,1,1,1,1,-1,-1,1,-1,1,1,1,1,-1,-1,1,-1,1,1,1,-1,1,1,1,1,-1,1,-1,1,1,1,1,1,1,1,-1,1,1,1,1,-1,1,-1,1,1,1,1,-1,1,-1,1,1,1,1,1,-1,1,1,1,1,1,1,1,1,1,1,1,-1,1,1,1,1,1,1,-1,-1,1,-1,1,1,1,-1,1,-1,1,1,1,1,1,-1,1,1,1,1,1,-1,-1,1,-1,1,1,1,-1,1,-1,-1,1,1,1,-1,-1,-1,-1,1,1,1,1,-1,1,1,1,1,1,-1,-1,1,1,1,1,1,-1,-1,-1,1,-1,-1,1,-1,1,-1,-1,1,1,1,-1,1,-1,1,1,1,1,-1,-1,1,-1,1,1,1,-1,-1,1,-1,-1,1,1,-1,-1,1,1,1,1,1,1,1,1,-1,1,1,1,1,-1,1,-1,1,1,-1,1,-1,1,1,1,1,-1,1,-1,-1,1,1,1,-1,1,-1,1,-1,1,-2650.0,1,2000,445,1000,True
2651,1,1,-1,-1,1,-1,1,1,1,1,1,-1,1,1,1,1,-1,1,-1,-1,1,1,1,1,1,-1,1,1,1,1,1,1,-1,-1,1,1,-1,1,1,1,-1,1,1,1,1,1,1,-1,1,-1,1,1,-1,1,-1,1,1,-1,1,1,1,-1,-1,-1,1,1,1,1,-1,1,1,-1,1,1,1,-1,1,1,1,1,1,-1,-1,1,-1,1,1,1,-1,-1,1,1,-1,1,1,-1,1,-1,-1,1,1,1,-1,1,-1,-1,-1,1,1,1,1,1,-1,-1,1,1,1,1,-1,-1,-1,1,1,1,-1,1,-1,-1,1,1,1,1,-1,-1,-1,1,1,1,1,-1,-1,-1,1,1,1,1,-1,-1,-1,-1,1,1,1,-1,1,-1,-1,1,1,1,-1,1,-1,-1,1,1,1,-1,1,-1,1,1,1,1,-1,-1,-1,1,1,1,-1,1,1,-1,1,1,1,-1,-1,-1,-1,-1,1,1,1,-1,1,-1,1,1,-1,1,-1,1,-1,1,1,1,1,-1,1,-1,1,1,-1,1,-1,1,-1,1,1,1,1,1,1,1,-1,1,-1,1,-1,1,-1,-1,1,1,1,1,1,-1,-1,1,-1,-1,1,1,1,-1,1,1,-1,1,1,-1,1,1,-1,-1,1,1,-1,-1,1,-1,1,1,1,1,1,1,-1,1,1,1,1,1,1,-1,1,1,1,1,1,1,-1,-1,1,1,1,1,1,1,-1,1,1,-1,-1,1,1,1,1,1,1,1,1,-1,1,1,1,1,1,-1,1,1,1,1,1,1,1,-1,-1,1,1,-1,1,1,1,1,1,1,1,1,1,1,1,1,1,1,1,1,1,-1,1,1,1,1,1,1,-1,1,1,1,-1,1,1,1,1,1,1,-1,1,1,-1,-1,1,-1,1,1,1,-1,-1,1,1,-1,1,1,-1,-1,1,1,-1,1,1,-1,-1,1,1,1,-1,1,-1,-1,1,1,-1,1,1,1,-1,1,1,1,-1,1,-1,1,1,1,-1,-1,-1,-1,-1,1,1,-1,1,1,-1,-1,1,-1,1,1,1,-1,-1,1,-1,1,1,1,-1,-1,1,1,1,-1,1,1,1,-1,1,-1,1,1,1,-1,1,1,-1,-1,-1,1,1,-1,1,-1,1,-1,1,-1,1,1,1,-1,-1,1,1,-1,1,-1,1,-1,1,-1,-1,1,1,1,-1,1,-1,-1,1,1,-1,-1,1,1,1,-1,1,-1,-1,-1,1,-1,1,-1,-1,-1,1,1,1,1,-1,1,-1,1,-1,-1,1,-1,-1,-1,1,1,-1,1,-1,-1,-1,1,-1,1,1,-1,-1,-1,1,1,-1,1,1,-1,-1,1,-1,1,-1,1,-1,-1,1,-1,-1,-1,1,-1,-1,-1,1,1,-1,1,-1,-1,1,-1,-1,1,1,-1,-1,-1,1,-1,1,1,-1,-1,-1,1,-1,-1,1,1,1,-1,1,-1,1,-1,1,-1,1,-1,1,1,-1,-1,-1,1,1,1,-1,-1,-1,1,1,1,1,-1,-1,-1,-1,-1,1,-1,1,-1,-1,-1,1,1,-1,1,-1,-1,-1,1,1,-1,1,-1,-1,-1,1,1,-1,1,-1,-1,-1,-1,1,1,1,-1,1,-1,-1,1,-1,1,-1,-1,1,-1,1,-1,1,1,-1,-1,-1,-1,-1,1,1,-1,-1,-1,1,-1,-1,1,-1,-1,-1,-1,1,1,-1,-1,-1,-1,-1,1,1,-1,1,-1,1,1,1,1,1,-1,-1,-1,-1,-1,1,-1,1,-1,-1,1,-1,1,1,-1,1,-1,-1,1,1,1,-1,1,-1,1,-1,1,1,-1,-1,-1,-1,-1,1,1,-1,1,-1,1,-1,1,1,1,-1,1,-1,-1,1,1,-1,-1,-1,1,-1,1,1,1,-1,1,-1,-1,-1,-1,1,-1,1,-1,-1,1,-1,-1,1,1,1,-1,-1,1,-1,1,-1,1,-1,1,-1,1,-1,1,-1,-1,-1,1,-1,1,-1,-1,-1,-1,1,-1,1,-1,1,-1,-1,1,-1,1,1,-1,-1,-1,-1,1,1,1,1,-1,-1,1,-1,-1,1,1,-1,-1,-1,-1,1,-1,1,-1,-1,1,1,-1,1,1,-1,-1,1,-1,-1,1,1,-1,-1,-1,-1,1,-1,1,-1,-1,-1,-1,-1,1,-1,-1,1,-1,-1,1,-1,1,-1,-1,-1,-1,-1,1,1,1,-1,-1,-1,1,1,1,-1,-1,-1,1,-1,-1,1,-1,-1,-1,-1,1,1,1,-1,-1,-1,-1,1,-1,1,1,-1,1,-1,-1,1,1,-1,-1,-1,-1,-1,-1,1,1,-1,-1,1,-1,1,1,-1,-1,-1,1,-1,1,1,-1,-1,1,-1,-1,1,1,1,-1,1,-1,1,1,1,-1,-1,1,-1,-1,1,1,1,-1,1,-1,-1,1,1,-1,1,1,-1,-1,1,1,1,-1,1,-1,-1,1,1,-1,-1,1,-1,-1,1,1,1,-1,-1,1,-1,-1,1,1,-1,1,-1,-1,1,-1,1,1,-1,1,-1,-1,1,-1,1,-1,1,-1,1,1,1,1,-1,1,-1,1,1,1,-1,-1,1,1,-1,1,1,-1,1,-1,1,-1,1,1,-1,1,1,-1,1,1,1,-1,-1,1,1,-1,1,1,-1,1,1,-1,-1,1,1,-1,1,-1,1,-1,1,1,-1,-1,-1,1,-1,1,1,-1,-1,1,1,-1,-1,-1,-1,1,-1,1,-1,-1,1,-1,1,-1,1,1,-1,1,-1,-1,1,-1,1,-1,1,1,-1,-1,-1,1,-1,-1,-1,1,-1,1,-1,1,-1,1,-1,1,1,-1,-1,1,1,-1,-1,1,-1,1,-1,1,-1,-1,1,-1,-1,1,1,-1,-1,1,1,-1,-1,1,-1,-1,1,1,1,1,1,1,-1,1,-1,1,-1,1,1,-1,1,1,1,-1,1,1,-1,1,-1,1,1,1,1,-1,1,-1,1,-1,1,1,-1,1,1,1,-1,1,1,-1,1,-1,1,1,-1,1,-1,-1,1,1,-2650.0,1,2000,445,1000,True
2652,1,1,1,1,1,1,-1,1,1,-1,-1,1,-1,-1,1,1,1,-1,1,-1,-1,1,1,-1,-1,1,-1,-1,1,1,-1,-1,1,-1,-1,1,-1,1,-1,1,-1,-1,1,1,1,-1,-1,1,-1,-1,1,1,1,1,-1,1,-1,-1,1,-1,-1,1,-1,-1,1,1,-1,-1,1,-1,1,-1,1,1,-1,1,1,1,1,-1,-1,1,1,-1,-1,1,1,-1,1,1,1,1,-1,1,-1,1,-1,1,-1,1,1,-1,1,1,-1,-1,-1,1,-1,1,1,1,-1,-1,1,1,-1,1,1,-1,-1,1,1,-1,1,1,-1,-1,1,-1,-1,1,-1,-1,-1,1,-1,-1,1,-1,-1,-1,1,1,-1,1,1,-1,-1,-1,1,-1,-1,1,1,-1,-1,-1,-1,-1,-1,1,-1,-1,1,-1,1,-1,1,-1,-1,-1,-1,1,-1,-1,-1,1,-1,-1,-1,1,1,-1,-1,1,-1,-1,-1,-1,-1,-1,1,-1,-1,-1,1,-1,1,-1,-1,1,-1,1,-1,1,-1,-1,-1,-1,1,-1,1,-1,1,1,-1,1,-1,1,1,-1,-1,-1,1,1,-1,1,-1,-1,-1,1,-1,-1,1,-1,-1,-1,1,-1,-1,1,-1,1,-1,1,1,-1,1,-1,1,-1,1,-1,1,1,-1,1,-1,1,-1,-1,1,1,1,-1,1,1,1,1,1,1,-1,1,1,1,1,1,-1,-1,1,1,1,1,1,-1,-1,1,1,1,1,1,-1,-1,1,-1,-1,1,-1,1,1,1,1,1,1,1,1,-1,1,1,1,-1,1,1,1,1,1,1,1,1,1,1,1,-1,1,1,1,1,1,1,1,1,1,1,-1,1,1,1,1,1,1,1,-1,1,1,1,1,-1,1,-1,1,1,-1,1,-1,1,-1,1,1,-1,1,1,-1,1,1,-1,1,1,1,-1,1,1,1,-1,1,1,1,1,1,1,-1,1,1,1,1,1,1,1,-1,1,-1,1,-1,1,-1,1,1,-1,-1,-1,1,1,-1,1,-1,1,1,1,-1,-1,-1,-1,1,-1,1,-1,1,1,-1,1,1,-1,1,-1,1,-1,1,1,-1,-1,1,-1,1,1,1,1,1,-1,1,-1,-1,-1,1,-1,1,-1,-1,1,1,1,-1,-1,-1,1,-1,1,1,-1,1,-1,-1,1,1,1,1,-1,-1,1,-1,-1,1,-1,1,-1,-1,-1,-1,-1,1,1,-1,-1,1,-1,1,1,-1,-1,1,-1,-1,1,1,-1,-1,-1,1,-1,1,-1,-1,-1,-1,-1,1,1,-1,1,-1,-1,1,1,1,-1,-1,1,-1,1,1,1,-1,-1,-1,-1,-1,1,1,-1,-1,1,-1,1,-1,1,1,-1,-1,1,-1,1,-1,1,-1,-1,1,-1,-1,-1,1,-1,-1,-1,-1,1,-1,1,-1,-1,1,-1,-1,1,1,-1,-1,-1,-1,-1,1,1,-1,-1,-1,1,-1,-1,1,1,1,-1,1,-1,1,-1,1,-1,1,-1,1,1,-1,-1,1,1,1,1,-1,-1,1,-1,1,1,1,-1,-1,-1,1,-1,1,1,1,-1,-1,-1,1,1,-1,1,-1,-1,-1,1,1,-1,1,-1,-1,1,1,1,-1,1,-1,-1,-1,-1,1,1,1,-1,1,-1,-1,1,-1,1,-1,-1,1,1,-1,-1,1,1,-1,-1,-1,-1,-1,1,1,-1,-1,-1,1,-1,-1,1,-1,-1,1,-1,1,1,-1,-1,-1,-1,-1,1,1,-1,1,-1,-1,1,1,1,1,-1,-1,-1,-1,-1,1,-1,1,-1,-1,1,-1,1,1,-1,1,-1,-1,1,1,1,-1,1,-1,1,-1,1,1,-1,-1,-1,-1,-1,1,1,-1,1,-1,1,-1,1,1,-1,-1,1,-1,-1,1,1,-1,-1,-1,1,-1,1,1,-1,-1,1,-1,-1,-1,-1,1,-1,1,-1,1,1,-1,-1,1,-1,1,-1,-1,1,-1,1,-1,1,-1,1,-1,1,-1,1,-1,-1,1,1,-1,1,-1,-1,1,-1,1,-1,1,-1,1,-1,-1,1,-1,1,1,-1,-1,-1,-1,1,1,1,1,1,-1,1,-1,-1,1,1,1,-1,-1,-1,1,-1,1,1,-1,1,1,-1,1,1,1,-1,1,-1,-1,1,1,1,1,1,-1,1,-1,1,-1,1,-1,-1,-1,1,-1,-1,1,-1,-1,1,-1,1,1,-1,-1,-1,-1,1,1,1,1,-1,-1,1,1,1,1,1,1,1,-1,-1,1,1,1,-1,-1,1,1,1,1,1,-1,-1,1,-1,1,1,1,1,-1,-1,1,1,1,1,1,1,-1,-1,1,-1,1,1,-1,-1,1,1,-1,1,1,-1,-1,1,1,1,1,-1,1,-1,1,1,-1,1,-1,-1,1,1,1,1,1,1,-1,-1,1,1,1,1,-1,1,-1,1,1,-1,1,-1,-1,-1,1,1,-1,1,1,1,-1,1,1,1,1,1,-1,-1,1,1,-1,1,1,-1,-1,1,1,-1,1,-1,-1,-1,1,-1,1,-1,1,-1,1,1,1,-1,1,1,-1,-1,1,1,-1,-1,1,-1,1,1,1,1,-1,1,-1,1,-1,1,-1,1,1,-1,1,-1,1,-1,-1,1,1,1,1,1,-1,1,-1,-1,1,1,1,-1,-1,1,-1,1,1,1,1,-1,-1,1,1,1,1,1,-1,1,-1,1,-1,1,1,-1,1,1,-1,1,1,1,-1,1,-1,1,1,-1,1,-1,1,-1,1,1,-1,1,-1,-1,1,-1,-1,1,1,-1,1,1,-1,-1,1,1,1,1,-1,1,1,1,-1,1,1,-1,1,1,1,-1,-1,1,-1,-1,1,1,-1,1,1,1,-1,-1,-1,1,1,1,-1,-1,1,1,1,-1,1,-1,-1,-1,1,1,1,1,-1,-1,1,1,1,1,1,1,-1,1,1,1,1,1,1,-1,1,1,-1,-1,1,1,-1,1,-1,1,1,1,1,-1,-1,1,1,-1,1,1,-1,1,1,1,-1,1,1,1,-1,1,-2650.0,1,2000,445,500,True
2653,-1,-1,1,1,1,1,-1,1,-1,-1,-1,1,-1,1,-1,-1,1,-1,1,1,1,1,-1,-1,-1,1,-1,-1,1,-1,-1,-1,1,1,-1,1,1,-1,-1,-1,1,-1,1,-1,-1,-1,-1,-1,1,1,-1,-1,1,-1,1,-1,1,1,-1,-1,-1,1,1,1,-1,-1,-1,-1,-1,-1,1,1,-1,-1,-1,-1,1,-1,1,-1,-1,1,1,-1,1,-1,-1,-1,-1,1,-1,1,-1,-1,-1,-1,-1,1,1,1,-1,-1,-1,-1,1,1,-1,-1,-1,-1,-1,1,1,1,-1,-1,-1,-1,1,1,-1,-1,-1,-1,-1,1,1,-1,1,-1,-1,-1,1,1,-1,1,-1,-1,-1,1,1,-1,1,-1,-1,-1,-1,1,1,-1,-1,-1,-1,1,-1,1,-1,1,-1,-1,1,-1,1,1,1,1,-1,1,1,-1,1,1,-1,-1,1,1,-1,-1,1,-1,1,-1,-1,1,1,1,-1,1,1,1,1,1,1,-1,1,1,-1,1,1,1,-1,1,1,-1,1,1,-1,-1,-1,1,1,-1,1,1,-1,1,1,-1,1,1,1,-1,-1,1,-1,-1,1,1,-1,-1,1,-1,-1,1,-1,1,-1,1,-1,1,1,1,-1,1,1,-1,1,1,-1,1,-1,1,-1,1,1,1,-1,1,1,-1,1,-1,1,-1,1,-1,-1,1,1,1,-1,1,-1,-1,1,-1,1,-1,1,-1,1,1,1,1,-1,-1,1,1,1,1,1,1,-1,1,1,-1,-1,-1,1,1,-1,1,1,-1,-1,1,-1,-1,1,1,1,-1,1,1,1,1,1,1,-1,1,-1,-1,1,-1,1,-1,1,1,-1,1,1,1,-1,1,1,1,1,1,-1,1,1,-1,1,1,1,-1,1,1,-1,1,1,1,-1,1,1,1,-1,1,1,1,1,1,-1,1,1,1,1,1,1,-1,1,-1,1,-1,1,1,-1,1,-1,1,1,-1,1,-1,1,-1,1,1,-1,1,-1,1,1,-1,1,-1,1,1,-1,1,-1,1,-1,1,-1,1,-1,-1,1,1,-1,-1,1,1,-1,1,-1,1,-1,1,-1,1,1,-1,1,1,1,-1,1,1,-1,1,-1,1,-1,-1,1,-1,1,1,1,1,-1,1,1,-1,1,-1,-1,-1,1,-1,-1,1,-1,1,-1,-1,1,-1,1,-1,-1,-1,1,1,-1,1,-1,1,-1,-1,1,-1,1,1,-1,-1,-1,1,-1,-1,1,1,-1,-1,1,-1,1,1,-1,1,-1,1,-1,-1,1,1,-1,-1,-1,-1,1,1,-1,1,-1,1,-1,1,-1,1,-1,-1,-1,1,1,-1,1,-1,-1,-1,-1,1,-1,-1,1,-1,-1,-1,1,-1,1,1,1,-1,-1,1,-1,-1,1,-1,-1,-1,1,-1,1,-1,1,-1,-1,1,-1,1,-1,1,-1,-1,1,-1,1,1,1,-1,-1,-1,1,1,-1,1,-1,-1,1,1,1,1,-1,1,1,-1,1,1,1,1,1,1,1,-1,-1,1,-1,1,-1,1,1,-1,1,1,-1,1,-1,-1,-1,1,1,-1,1,1,-1,1,-1,1,-1,1,1,-1,-1,-1,1,-1,-1,-1,-1,1,-1,1,-1,-1,-1,-1,-1,-1,1,-1,1,1,1,-1,-1,1,-1,1,1,-1,1,-1,1,-1,-1,1,-1,-1,-1,-1,1,1,1,1,1,-1,-1,1,-1,1,-1,1,-1,1,-1,-1,1,-1,-1,-1,1,-1,1,1,-1,-1,-1,1,1,1,-1,1,1,-1,-1,-1,1,-1,-1,1,-1,-1,1,1,1,1,1,1,1,-1,-1,1,1,-1,1,-1,-1,1,1,-1,1,1,-1,-1,-1,1,1,1,1,-1,-1,-1,1,-1,1,1,-1,-1,-1,-1,1,1,1,1,-1,-1,1,1,1,1,-1,1,-1,1,-1,1,-1,-1,1,-1,1,-1,1,-1,-1,1,-1,1,1,1,-1,-1,-1,-1,1,-1,1,1,-1,1,-1,1,-1,1,-1,1,-1,-1,1,1,1,-1,-1,1,-1,1,-1,1,1,-1,-1,-1,1,-1,1,1,-1,1,1,1,1,1,-1,1,1,-1,1,1,1,1,-1,1,-1,-1,1,1,1,-1,1,1,-1,1,1,1,-1,1,1,-1,1,1,1,-1,1,-1,-1,1,1,1,-1,1,-1,1,-1,1,-1,-1,1,1,-1,1,1,-1,-1,1,1,-1,1,-1,-1,-1,-1,1,1,1,1,1,1,1,1,-1,1,1,-1,-1,1,-1,1,1,1,1,-1,-1,1,-1,1,1,1,-1,-1,-1,1,1,1,1,-1,-1,-1,-1,1,-1,1,-1,1,-1,1,1,1,1,1,-1,-1,1,1,1,1,-1,-1,-1,1,1,-1,1,1,-1,1,1,1,1,-1,1,-1,-1,1,-1,1,1,1,-1,-1,1,1,1,-1,1,-1,-1,1,1,1,1,1,-1,-1,1,1,1,1,1,-1,-1,1,1,-1,1,1,1,-1,1,1,-1,1,1,-1,-1,1,-1,-1,1,1,1,-1,-1,1,-1,1,1,1,-1,1,-1,-1,1,1,1,-1,1,1,-1,1,1,1,1,-1,-1,1,1,1,-1,1,-1,1,1,1,1,1,-1,1,-1,1,1,-1,1,1,-1,1,1,-1,1,1,-1,-1,1,-1,1,1,-1,1,-1,-1,-1,1,-1,-1,1,-1,1,-1,1,-1,1,-1,-1,-1,1,1,-1,-1,1,-1,-1,-1,1,-1,-1,1,-1,-1,-1,1,1,-1,1,-1,-1,1,1,-1,-1,-1,1,-1,1,-1,-1,1,1,-1,1,1,-1,-1,1,1,-1,-1,-1,1,-1,1,1,-1,1,-1,1,-1,-1,-1,1,-1,-1,-1,-1,-1,1,-1,1,1,-1,1,1,-1,1,1,-1,-1,-1,1,-1,1,1,1,1,-1,1,-1,-1,1,1,-1,-1,1,-1,1,1,1,-1,-1,1,-1,1,1,-1,-1,-1,1,-1,-1,1,1,-1,-1,-1,1,-1,1,-1,1,-1,1,-1,-1,1,-2650.0,1,2000,445,1500,True
2654,1,1,-1,-1,1,1,-1,1,1,1,1,-1,-1,1,1,1,-1,1,-1,-1,-1,1,1,1,1,1,-1,-1,1,1,1,1,-1,-1,-1,1,-1,1,1,1,-1,-1,1,1,1,1,1,1,-1,-1,1,1,-1,1,-1,-1,1,-1,1,1,1,-1,-1,-1,1,1,1,1,1,-1,1,-1,1,1,1,1,-1,1,-1,1,1,-1,1,-1,-1,1,1,1,1,-1,1,1,-1,1,1,1,1,-1,-1,1,1,1,1,1,1,-1,-1,1,1,1,1,-1,-1,-1,1,1,1,1,1,-1,-1,1,1,1,1,-1,-1,-1,1,1,1,1,1,-1,-1,1,1,1,1,1,-1,-1,-1,1,1,1,1,-1,-1,-1,1,1,1,1,1,-1,1,1,1,1,1,-1,-1,-1,1,1,1,1,1,-1,1,1,1,1,1,-1,-1,1,1,1,1,-1,1,-1,1,1,1,1,1,-1,-1,-1,1,-1,1,1,1,-1,-1,1,1,-1,1,1,-1,-1,1,1,1,1,1,-1,1,1,-1,-1,1,1,-1,1,1,1,1,1,1,1,-1,1,-1,1,1,1,-1,-1,1,1,1,1,1,-1,-1,1,-1,-1,1,1,1,-1,1,-1,1,1,1,-1,1,1,1,-1,1,1,-1,-1,-1,1,1,-1,1,1,1,-1,1,1,-1,1,1,1,1,1,1,-1,1,1,1,1,-1,1,1,1,1,1,1,1,1,1,1,-1,-1,1,-1,1,-1,1,1,1,1,1,1,-1,1,1,1,-1,1,1,1,1,1,1,1,-1,1,-1,1,-1,1,1,1,1,-1,1,1,1,1,1,-1,-1,1,1,1,1,1,-1,1,1,1,1,1,-1,-1,1,1,1,-1,1,1,1,-1,1,1,-1,1,1,-1,1,1,-1,1,1,1,-1,1,1,1,1,1,1,-1,1,1,1,-1,1,1,1,1,1,1,1,-1,1,-1,1,-1,1,-1,1,1,-1,-1,-1,1,1,-1,1,-1,1,1,1,-1,-1,-1,-1,1,-1,1,-1,1,1,-1,1,1,-1,1,-1,1,-1,1,1,-1,1,1,-1,1,1,1,1,1,-1,1,-1,-1,-1,1,-1,1,-1,-1,1,1,1,-1,1,-1,1,-1,1,1,-1,1,-1,-1,1,1,1,1,1,-1,1,-1,-1,1,-1,1,-1,-1,-1,-1,-1,1,1,-1,-1,1,-1,1,1,-1,-1,1,-1,-1,1,-1,1,-1,-1,1,-1,1,-1,-1,-1,-1,-1,1,1,-1,1,-1,-1,1,1,1,-1,-1,1,-1,1,1,-1,1,-1,-1,-1,-1,1,-1,1,-1,1,-1,1,1,1,1,-1,-1,1,-1,1,1,-1,1,-1,1,-1,1,-1,1,-1,-1,-1,-1,1,-1,1,-1,-1,1,-1,1,-1,1,-1,-1,-1,-1,1,-1,1,-1,-1,-1,1,1,1,1,1,1,-1,1,1,-1,1,1,-1,1,-1,1,1,-1,-1,1,1,-1,-1,1,-1,1,-1,1,-1,1,-1,-1,-1,1,-1,-1,-1,1,-1,-1,-1,1,-1,-1,1,-1,-1,-1,1,-1,-1,1,-1,-1,1,1,-1,-1,1,-1,-1,-1,-1,-1,1,1,-1,1,-1,-1,-1,-1,1,-1,-1,1,1,-1,-1,1,1,-1,-1,-1,1,-1,1,1,-1,1,-1,1,-1,1,1,-1,-1,1,-1,1,1,-1,-1,-1,-1,1,1,1,-1,1,-1,-1,1,1,1,1,-1,-1,-1,1,-1,1,-1,1,-1,-1,1,-1,1,1,-1,1,-1,1,1,1,1,-1,1,-1,1,-1,1,1,-1,-1,-1,-1,-1,1,1,-1,1,-1,1,-1,1,1,1,-1,1,1,-1,1,1,-1,-1,-1,1,-1,1,1,-1,-1,1,-1,-1,-1,-1,1,-1,1,-1,-1,1,-1,-1,1,1,1,-1,1,1,-1,1,1,-1,-1,1,-1,1,-1,1,-1,-1,1,1,-1,1,1,-1,-1,-1,1,-1,1,-1,-1,-1,-1,1,-1,1,1,-1,-1,-1,-1,1,1,1,1,-1,-1,1,-1,-1,1,1,-1,-1,-1,-1,1,-1,1,-1,-1,1,1,-1,1,1,-1,-1,1,-1,-1,1,-1,-1,-1,-1,-1,1,-1,1,-1,-1,-1,-1,1,-1,-1,-1,1,-1,-1,-1,-1,1,-1,-1,-1,-1,-1,-1,1,1,-1,-1,-1,-1,1,1,-1,-1,-1,1,-1,-1,1,-1,-1,-1,-1,1,1,1,-1,-1,1,-1,1,-1,1,1,-1,1,-1,-1,1,1,-1,-1,-1,-1,-1,-1,1,1,-1,-1,1,-1,1,1,-1,-1,-1,1,-1,1,1,-1,-1,1,1,-1,1,1,1,-1,1,-1,1,1,1,-1,-1,1,-1,-1,1,1,-1,-1,-1,1,-1,1,1,-1,-1,1,-1,-1,1,1,-1,-1,-1,1,-1,1,1,-1,-1,1,-1,-1,1,1,1,-1,-1,-1,-1,1,1,-1,-1,-1,-1,-1,1,-1,1,-1,-1,-1,1,1,1,1,-1,1,-1,-1,1,1,1,-1,1,-1,1,1,1,1,-1,-1,-1,1,-1,1,-1,-1,-1,-1,1,-1,1,-1,-1,-1,-1,1,1,1,1,-1,-1,1,-1,1,1,-1,1,-1,1,1,1,-1,1,-1,1,-1,1,1,1,1,-1,1,-1,1,-1,1,1,-1,-1,1,-1,1,1,1,-1,1,-1,1,1,-1,1,-1,1,-1,1,1,-1,1,-1,1,-1,1,-1,1,1,-1,-1,-1,-1,-1,1,1,1,-1,1,1,1,1,1,-1,-1,1,1,1,1,1,-1,-1,1,-1,1,1,1,-1,-1,-1,-1,-1,-1,-1,-1,-1,1,-1,1,1,1,-1,1,1,-1,-1,1,1,1,-1,1,-1,1,1,1,-1,-1,1,-1,1,1,1,-1,-1,1,-1,1,1,1,-1,-1,1,-1,1,-1,1,1,-1,1,-1,-1,1,1,1,-1,-1,-1,1,1,-1,1,-1,1,-1,-1,1,-2650.0,1,2000,445,1000,True
2655,1,1,-1,-1,1,1,-1,1,1,1,1,-1,-1,1,1,1,-1,1,-1,-1,-1,1,1,1,1,1,-1,-1,1,1,1,1,-1,-1,-1,1,-1,1,1,1,-1,-1,1,1,1,1,1,1,-1,1,1,1,-1,1,-1,-1,-1,-1,1,1,1,-1,-1,-1,1,1,1,1,1,-1,1,-1,1,1,1,1,-1,1,1,1,1,-1,1,-1,-1,1,1,1,1,-1,1,1,-1,1,1,1,1,-1,-1,-1,1,1,1,1,1,-1,-1,1,1,1,1,-1,-1,-1,1,1,1,1,1,-1,-1,1,1,1,1,-1,-1,-1,1,1,1,1,1,-1,-1,-1,1,1,1,1,-1,-1,-1,1,1,1,1,-1,-1,-1,1,1,1,1,1,-1,1,-1,1,1,1,1,-1,-1,1,-1,1,1,1,-1,-1,-1,1,1,1,-1,-1,1,-1,1,1,-1,1,-1,-1,-1,1,1,1,-1,-1,-1,-1,1,1,1,1,-1,-1,-1,1,-1,1,1,-1,-1,1,1,1,1,1,-1,1,1,-1,-1,1,1,-1,1,-1,1,1,1,1,1,-1,-1,1,1,1,1,-1,-1,1,-1,1,1,1,-1,-1,-1,1,-1,1,1,1,-1,-1,-1,1,1,1,-1,-1,-1,1,1,1,1,-1,1,-1,1,1,-1,1,1,-1,-1,1,1,-1,1,1,-1,-1,1,1,-1,1,1,1,-1,1,1,1,1,1,1,-1,1,1,1,1,-1,-1,-1,-1,1,-1,1,1,-1,-1,1,1,-1,1,1,1,-1,-1,1,1,1,1,1,-1,1,1,-1,1,-1,1,1,-1,1,-1,1,1,1,-1,-1,1,1,1,1,1,-1,1,-1,1,1,1,1,-1,-1,-1,1,1,1,-1,-1,1,1,-1,1,1,-1,-1,-1,-1,1,1,-1,1,-1,-1,-1,1,1,1,1,-1,-1,-1,1,1,1,-1,1,1,1,1,1,1,1,1,-1,-1,1,1,1,-1,1,-1,-1,-1,1,1,1,-1,1,-1,1,1,1,-1,-1,-1,-1,1,1,1,-1,1,1,-1,1,1,-1,1,1,1,-1,1,1,-1,1,1,-1,1,1,1,1,1,-1,1,-1,-1,-1,1,-1,1,-1,-1,1,1,1,-1,1,-1,1,-1,-1,1,-1,1,-1,-1,1,1,1,1,-1,-1,1,-1,-1,1,-1,1,-1,-1,-1,1,1,1,1,-1,-1,1,-1,1,1,-1,-1,1,-1,1,-1,1,-1,-1,-1,1,-1,1,-1,-1,-1,-1,-1,1,1,-1,1,-1,-1,1,-1,1,-1,-1,1,-1,1,-1,1,-1,-1,-1,-1,-1,1,1,-1,-1,1,-1,1,-1,1,1,-1,-1,1,-1,1,-1,1,-1,-1,1,-1,-1,-1,1,-1,-1,-1,-1,1,-1,1,-1,-1,1,-1,-1,1,1,-1,-1,-1,-1,-1,1,1,-1,-1,-1,1,-1,-1,1,1,1,-1,1,-1,1,-1,1,1,1,-1,1,1,-1,-1,-1,1,1,1,-1,-1,1,-1,1,1,1,-1,-1,-1,-1,-1,1,1,1,-1,-1,-1,1,1,-1,1,-1,-1,-1,1,1,-1,1,-1,-1,-1,1,1,-1,1,-1,-1,-1,-1,1,1,1,-1,1,-1,-1,1,-1,1,-1,-1,1,-1,1,-1,1,1,-1,-1,-1,-1,-1,1,1,-1,-1,-1,1,-1,-1,1,-1,-1,-1,-1,1,1,-1,-1,-1,-1,-1,1,1,-1,1,-1,1,1,1,1,1,-1,-1,-1,-1,-1,1,-1,1,-1,-1,1,-1,1,1,-1,1,-1,-1,1,1,1,-1,1,-1,1,-1,1,1,-1,1,-1,-1,-1,1,1,-1,1,-1,1,-1,1,1,-1,-1,1,-1,-1,1,1,-1,-1,-1,1,-1,1,1,1,-1,1,-1,-1,1,-1,1,-1,1,-1,-1,1,-1,-1,1,-1,1,-1,1,1,-1,1,-1,1,-1,1,-1,1,-1,1,-1,-1,1,1,-1,1,-1,-1,-1,1,1,-1,1,-1,1,-1,-1,1,-1,1,1,-1,-1,-1,1,1,1,1,1,-1,1,-1,-1,-1,1,1,-1,-1,-1,1,1,-1,1,-1,-1,1,1,-1,1,1,-1,-1,1,1,-1,1,1,-1,-1,1,1,1,-1,1,-1,-1,1,1,-1,1,-1,-1,1,1,1,-1,-1,1,-1,1,1,1,-1,1,1,1,1,1,1,-1,1,1,-1,-1,-1,1,-1,-1,1,-1,1,1,1,1,1,1,-1,-1,1,1,1,-1,1,1,-1,1,1,-1,1,1,-1,-1,1,1,1,-1,1,1,-1,1,1,1,-1,1,-1,-1,1,-1,1,1,1,-1,-1,1,1,1,1,1,1,-1,1,1,1,1,1,-1,1,-1,1,-1,1,1,-1,-1,-1,1,-1,1,1,-1,1,-1,1,-1,1,1,-1,-1,-1,1,-1,1,1,-1,-1,-1,1,1,1,1,1,-1,-1,-1,1,1,1,-1,-1,1,-1,-1,1,-1,1,-1,-1,-1,1,1,1,1,-1,1,-1,-1,1,1,1,-1,1,-1,1,1,1,1,-1,-1,-1,1,-1,1,-1,-1,-1,-1,1,-1,1,-1,-1,-1,1,1,1,1,1,-1,-1,1,-1,1,1,-1,1,-1,1,1,1,-1,1,-1,1,-1,1,1,1,1,-1,1,-1,1,-1,1,1,-1,-1,1,-1,1,1,1,-1,1,-1,1,1,-1,1,-1,1,-1,1,1,-1,1,-1,1,-1,-1,-1,1,1,-1,-1,-1,-1,-1,1,1,1,-1,1,1,1,1,1,-1,-1,1,1,1,1,1,-1,-1,1,-1,1,1,1,-1,-1,-1,-1,-1,-1,-1,-1,-1,1,-1,1,1,1,-1,1,1,-1,-1,1,1,1,-1,1,-1,1,1,1,-1,-1,1,-1,1,1,1,-1,-1,1,-1,1,1,1,-1,-1,1,-1,1,-1,1,1,-1,1,-1,-1,1,1,1,-1,-1,-1,1,1,-1,1,-1,1,-1,-1,1,-2650.0,1,2000,445,1000,True
2656,-1,-1,1,1,1,1,-1,1,-1,-1,-1,1,-1,1,-1,-1,1,-1,1,1,-1,-1,-1,-1,-1,1,-1,-1,-1,-1,-1,-1,1,1,-1,-1,1,-1,-1,-1,1,-1,-1,-1,-1,-1,1,1,-1,1,-1,-1,1,1,1,-1,-1,1,-1,-1,1,1,1,1,-1,1,-1,1,1,-1,-1,1,-1,-1,1,-1,-1,-1,1,-1,-1,1,1,-1,1,-1,-1,1,1,1,-1,-1,-1,1,-1,1,-1,1,1,1,1,1,1,-1,1,1,-1,1,1,1,-1,1,1,-1,1,1,1,-1,1,1,-1,1,1,1,-1,1,1,-1,1,1,1,-1,1,1,-1,1,1,1,-1,-1,1,-1,1,1,1,-1,1,1,1,-1,1,1,-1,-1,-1,1,-1,1,1,-1,1,1,1,1,1,1,-1,1,-1,1,1,1,1,-1,1,1,-1,1,1,1,1,-1,-1,1,1,1,-1,1,1,1,1,1,1,1,1,1,-1,1,1,1,-1,1,1,-1,1,1,1,1,-1,1,-1,1,1,1,-1,1,1,-1,1,1,1,1,1,1,-1,-1,1,1,-1,-1,1,-1,1,1,-1,1,1,1,-1,1,1,1,-1,1,1,-1,-1,1,-1,-1,-1,1,-1,1,1,1,-1,1,1,-1,1,1,-1,-1,1,-1,1,-1,-1,-1,-1,1,-1,-1,1,1,-1,-1,1,-1,-1,-1,1,-1,1,-1,1,1,-1,1,-1,-1,-1,1,1,-1,-1,-1,-1,1,-1,1,-1,-1,-1,1,-1,-1,1,1,-1,1,-1,-1,1,1,-1,-1,-1,1,-1,1,1,1,-1,-1,-1,-1,-1,1,-1,-1,-1,-1,1,1,1,-1,-1,-1,-1,1,-1,1,-1,-1,-1,-1,-1,1,1,-1,1,-1,-1,1,-1,1,-1,1,-1,-1,-1,1,1,-1,-1,-1,-1,-1,1,-1,-1,1,-1,-1,-1,1,-1,-1,1,-1,-1,1,1,-1,-1,1,1,-1,-1,1,1,-1,1,-1,-1,-1,-1,1,-1,-1,1,-1,-1,1,-1,-1,1,1,1,1,1,-1,-1,1,-1,1,-1,1,-1,1,1,-1,1,-1,1,-1,1,1,1,-1,1,1,-1,-1,1,1,1,1,1,1,-1,1,-1,1,-1,1,-1,-1,1,1,-1,1,-1,1,-1,-1,1,1,-1,1,-1,-1,-1,1,-1,1,-1,1,-1,-1,1,-1,1,-1,-1,-1,-1,1,1,1,1,1,-1,-1,1,-1,1,1,-1,1,-1,1,-1,1,-1,1,-1,-1,-1,1,-1,-1,-1,1,-1,1,-1,1,-1,1,-1,-1,-1,1,1,-1,1,-1,-1,-1,-1,-1,-1,-1,1,-1,-1,1,-1,-1,1,1,1,-1,-1,1,-1,-1,1,-1,-1,-1,-1,1,1,-1,1,-1,-1,-1,1,1,-1,1,-1,-1,1,-1,1,1,1,-1,-1,-1,-1,1,-1,1,-1,1,-1,-1,1,1,-1,1,1,-1,1,1,1,1,1,1,-1,-1,-1,-1,1,-1,1,1,-1,1,-1,1,-1,1,-1,-1,-1,1,1,-1,1,1,-1,1,-1,1,-1,1,1,-1,1,-1,1,-1,-1,-1,-1,1,-1,1,-1,-1,-1,-1,1,-1,1,-1,1,1,1,-1,-1,1,-1,1,1,-1,1,-1,1,-1,-1,1,-1,1,-1,-1,1,1,1,1,1,-1,1,1,1,1,-1,1,-1,-1,1,1,1,-1,-1,-1,1,1,1,1,-1,-1,-1,1,-1,1,-1,1,1,-1,-1,1,1,-1,-1,1,-1,-1,1,1,-1,1,1,1,-1,1,1,1,1,-1,1,-1,1,-1,1,-1,1,1,-1,1,1,1,1,1,1,-1,1,-1,1,-1,1,1,-1,1,1,-1,1,1,1,-1,1,1,1,1,1,1,-1,1,1,-1,-1,1,-1,-1,1,1,1,-1,1,-1,-1,1,-1,1,1,1,-1,-1,1,-1,1,-1,-1,1,-1,1,-1,1,-1,1,-1,-1,1,-1,1,-1,1,-1,-1,1,-1,1,-1,1,-1,-1,1,-1,1,-1,1,-1,-1,1,1,1,1,1,-1,1,1,-1,1,1,1,1,-1,1,-1,1,-1,1,-1,-1,1,1,-1,1,1,-1,1,-1,1,-1,1,1,1,-1,1,-1,-1,1,1,-1,1,1,-1,1,-1,-1,-1,-1,1,-1,-1,1,1,-1,1,1,1,-1,1,1,-1,1,1,-1,1,1,1,-1,1,-1,1,-1,1,1,-1,-1,1,1,1,1,1,-1,1,1,-1,1,1,1,-1,1,1,1,-1,1,1,-1,-1,1,1,-1,1,-1,-1,-1,1,1,-1,1,-1,-1,-1,-1,1,-1,1,1,-1,1,1,1,-1,1,-1,-1,1,1,-1,1,1,-1,-1,1,1,1,1,1,-1,-1,-1,1,-1,1,1,-1,1,1,1,-1,1,1,-1,-1,1,1,1,1,1,-1,-1,1,1,1,-1,1,-1,-1,-1,1,1,1,1,-1,-1,1,1,1,-1,1,-1,-1,1,1,1,-1,1,-1,1,-1,1,1,-1,1,-1,1,-1,1,1,1,1,-1,1,1,1,1,-1,1,-1,1,1,1,1,-1,1,-1,1,1,1,1,-1,1,1,1,-1,1,-1,-1,1,1,-1,1,1,1,1,1,-1,1,-1,1,1,-1,1,-1,1,-1,-1,1,-1,1,-1,1,-1,1,-1,-1,-1,1,1,-1,-1,1,-1,1,-1,1,-1,-1,1,-1,1,-1,1,1,-1,-1,-1,1,1,1,-1,-1,-1,-1,1,1,1,-1,1,1,1,-1,1,-1,-1,1,1,-1,1,-1,1,-1,1,-1,1,1,1,-1,-1,-1,-1,1,1,-1,-1,-1,1,-1,1,-1,1,-1,1,1,-1,1,1,1,1,-1,1,-1,1,1,1,1,-1,1,-1,1,-1,1,1,-1,1,-1,1,1,1,1,-1,1,-1,1,1,1,-1,-1,1,-1,-1,1,1,-1,-1,-1,1,-1,1,-1,1,-1,1,-1,-1,1,-2650.0,1,2000,445,1500,True
2657,-1,-1,1,1,1,-1,-1,1,-1,-1,1,-1,1,1,-1,-1,1,-1,1,-1,-1,1,-1,-1,-1,1,-1,-1,-1,-1,-1,-1,1,-1,-1,1,1,-1,-1,1,-1,-1,1,-1,-1,1,-1,-1,1,-1,-1,-1,1,1,-1,-1,-1,1,-1,-1,1,-1,-1,1,-1,1,-1,-1,-1,-1,1,-1,-1,-1,1,-1,-1,1,-1,-1,-1,-1,-1,-1,-1,-1,-1,1,-1,-1,1,-1,-1,1,1,-1,-1,-1,-1,1,1,1,-1,-1,1,-1,-1,1,1,-1,-1,-1,-1,-1,1,1,-1,-1,1,-1,-1,1,1,1,-1,-1,-1,-1,1,1,1,-1,1,-1,-1,1,1,1,-1,1,-1,-1,1,1,1,-1,1,-1,-1,-1,1,1,-1,-1,1,-1,1,1,1,-1,1,1,-1,-1,1,1,-1,1,1,-1,1,1,-1,-1,1,-1,-1,1,1,-1,1,-1,1,-1,1,1,-1,1,1,-1,-1,-1,1,1,1,1,1,-1,1,1,-1,1,1,1,-1,1,1,1,-1,1,1,-1,1,1,-1,1,1,1,-1,1,1,1,1,1,1,1,-1,1,-1,-1,1,1,-1,-1,1,1,-1,1,1,-1,-1,1,-1,1,1,1,1,-1,1,1,-1,1,1,-1,1,1,-1,1,1,1,-1,-1,1,-1,1,1,1,1,1,1,-1,1,1,1,1,1,1,-1,1,1,1,1,1,1,-1,-1,1,1,1,1,1,1,-1,1,1,-1,-1,1,1,1,1,1,1,1,1,-1,-1,1,1,1,1,-1,1,1,1,1,1,1,1,-1,-1,1,1,-1,1,1,1,-1,1,1,1,1,1,1,1,1,1,1,1,1,1,-1,1,1,1,1,1,-1,1,-1,1,1,-1,1,1,1,1,1,1,1,1,1,-1,-1,1,-1,1,1,1,-1,-1,1,1,1,1,1,-1,-1,1,1,-1,1,1,-1,-1,1,1,1,-1,1,-1,1,1,1,-1,1,1,1,-1,1,1,1,-1,1,-1,1,1,1,-1,-1,-1,-1,1,1,1,-1,1,1,-1,1,1,-1,-1,1,1,-1,1,1,-1,1,1,1,1,-1,1,1,1,-1,1,1,1,-1,1,-1,1,-1,-1,1,1,1,-1,-1,-1,1,1,-1,1,1,-1,1,-1,1,1,1,1,1,-1,-1,1,-1,1,-1,1,-1,-1,-1,1,1,1,1,-1,-1,1,-1,1,1,1,-1,1,-1,1,-1,1,1,-1,-1,1,-1,1,1,1,-1,-1,-1,1,1,1,1,-1,-1,1,1,1,1,-1,1,-1,1,1,1,1,-1,-1,-1,-1,1,1,1,-1,1,-1,1,-1,1,1,-1,-1,1,-1,1,1,1,1,-1,-1,-1,-1,1,1,1,-1,-1,1,-1,1,1,-1,-1,-1,-1,-1,1,-1,1,-1,-1,-1,-1,1,-1,1,-1,-1,-1,-1,-1,1,1,1,-1,-1,-1,1,-1,-1,-1,1,1,1,1,-1,-1,-1,-1,1,1,-1,-1,-1,1,1,1,1,-1,-1,-1,1,-1,1,1,1,-1,-1,-1,1,1,-1,1,-1,-1,-1,1,1,1,1,-1,-1,-1,1,1,1,1,-1,-1,-1,-1,1,-1,1,-1,1,-1,-1,1,1,1,-1,1,1,-1,1,-1,1,1,-1,-1,-1,-1,1,1,1,-1,1,-1,-1,1,1,1,-1,-1,-1,1,1,1,-1,-1,-1,-1,1,1,1,-1,1,-1,1,-1,1,1,1,-1,-1,-1,-1,1,1,-1,1,-1,-1,1,1,1,1,-1,1,-1,-1,1,1,1,-1,1,-1,-1,1,1,1,-1,1,-1,-1,1,-1,1,-1,1,-1,-1,1,1,1,-1,-1,1,-1,1,1,1,-1,-1,-1,-1,1,1,-1,1,-1,1,-1,1,-1,-1,1,-1,1,-1,1,1,-1,-1,1,-1,1,1,-1,1,-1,1,-1,1,-1,1,-1,-1,1,-1,1,1,-1,1,-1,1,-1,-1,1,-1,1,-1,1,-1,1,1,-1,1,-1,1,-1,1,1,-1,-1,1,1,-1,-1,1,-1,1,-1,-1,-1,-1,1,1,-1,-1,1,-1,-1,1,-1,1,1,-1,1,-1,1,-1,1,-1,-1,1,-1,1,1,-1,-1,1,1,-1,1,-1,-1,-1,1,-1,-1,-1,1,-1,-1,1,-1,1,1,-1,-1,-1,-1,-1,-1,1,-1,-1,-1,1,1,-1,1,-1,-1,1,-1,-1,-1,1,-1,-1,-1,1,1,1,1,-1,-1,-1,1,-1,1,1,-1,1,-1,-1,1,1,1,-1,-1,-1,-1,-1,1,-1,-1,-1,1,-1,1,1,-1,-1,-1,1,-1,1,1,1,-1,1,-1,-1,1,1,1,-1,1,-1,1,1,1,-1,-1,1,-1,-1,1,1,1,-1,1,-1,-1,1,1,1,1,1,-1,-1,1,1,-1,1,1,1,-1,1,1,1,1,1,-1,-1,1,1,1,1,1,1,-1,1,1,-1,1,1,1,-1,1,-1,1,1,1,1,-1,-1,1,-1,1,1,1,-1,1,1,1,1,-1,1,1,1,1,1,1,1,1,1,-1,1,1,1,1,-1,1,-1,1,1,1,1,1,1,-1,1,1,1,-1,1,-1,1,1,1,-1,1,1,1,1,1,1,1,1,-1,1,1,1,1,1,-1,-1,1,-1,1,1,1,-1,1,-1,1,1,1,1,-1,-1,1,1,1,1,1,-1,-1,1,-1,1,1,1,1,-1,-1,-1,1,1,1,-1,-1,-1,-1,1,-1,1,-1,-1,1,1,1,1,-1,-1,-1,1,1,1,1,1,-1,-1,-1,1,-1,1,-1,-1,1,1,-1,1,-1,-1,-1,1,-1,1,-1,1,-1,1,-1,1,-1,1,1,1,-1,-1,1,-1,-1,1,-1,-1,-1,1,1,1,1,-1,1,-1,1,-1,1,1,-1,-1,-1,1,-1,1,1,1,-1,-1,1,1,1,1,1,-1,-1,-1,1,1,1,1,-1,-1,1,-1,1,-2650.0,1,2000,445,1000,True
2658,1,1,-1,-1,1,1,-1,1,1,1,1,-1,-1,1,1,1,-1,1,-1,-1,-1,1,1,1,1,1,-1,-1,1,1,1,1,-1,-1,-1,1,-1,1,1,1,-1,-1,1,1,1,1,1,1,-1,1,1,1,-1,1,-1,-1,1,-1,1,1,1,-1,-1,-1,1,1,1,1,1,-1,1,-1,1,1,1,1,-1,1,1,1,1,1,1,-1,-1,1,1,1,1,1,1,1,-1,1,1,1,-1,-1,-1,1,1,1,1,1,-1,-1,-1,1,1,1,1,-1,-1,-1,1,1,1,1,1,-1,-1,1,1,1,1,-1,-1,-1,1,1,1,1,-1,-1,-1,1,1,1,1,-1,-1,-1,1,1,1,1,1,-1,-1,-1,1,1,1,-1,1,-1,1,-1,1,1,-1,1,-1,-1,1,-1,1,-1,1,-1,-1,-1,1,1,-1,-1,-1,1,1,1,-1,1,1,-1,-1,-1,1,-1,-1,-1,-1,-1,-1,1,-1,-1,1,-1,-1,-1,1,-1,-1,1,-1,-1,1,1,1,-1,1,-1,1,1,-1,-1,-1,1,-1,1,-1,1,1,-1,1,1,-1,-1,-1,1,-1,1,-1,-1,1,1,1,-1,1,-1,-1,1,-1,-1,-1,1,1,-1,1,-1,1,-1,1,-1,-1,-1,1,-1,-1,1,-1,-1,-1,1,1,1,1,1,1,-1,1,-1,1,1,1,1,1,1,-1,1,1,1,1,-1,-1,1,-1,1,1,-1,1,1,1,-1,1,-1,1,1,-1,1,1,1,1,-1,1,1,1,1,1,1,1,1,1,1,1,1,1,1,1,-1,1,1,1,-1,1,1,1,-1,1,1,1,1,1,1,-1,1,1,1,1,1,1,-1,1,1,1,-1,1,-1,1,-1,1,1,-1,1,-1,1,1,1,1,-1,1,1,-1,-1,1,-1,1,1,1,-1,-1,1,1,-1,1,1,-1,-1,1,1,-1,1,1,-1,-1,1,1,1,-1,1,-1,1,-1,1,-1,1,1,-1,-1,-1,1,1,-1,1,-1,1,1,1,-1,-1,-1,-1,1,-1,1,-1,1,1,-1,1,1,-1,1,-1,1,-1,1,1,-1,1,1,-1,1,-1,1,1,1,-1,1,1,1,-1,1,-1,1,-1,-1,1,1,1,-1,-1,-1,1,1,1,1,-1,1,-1,-1,1,1,1,1,-1,-1,-1,1,-1,1,-1,1,-1,-1,-1,-1,-1,1,1,-1,-1,1,-1,1,1,-1,-1,1,-1,1,1,1,-1,-1,-1,1,-1,1,-1,-1,-1,-1,-1,1,1,-1,1,-1,-1,1,1,1,-1,-1,1,-1,1,1,1,-1,-1,-1,-1,-1,1,1,-1,-1,1,-1,1,-1,1,1,-1,-1,1,-1,1,-1,1,-1,-1,-1,-1,-1,-1,1,-1,-1,-1,1,1,-1,1,-1,-1,-1,-1,-1,1,1,-1,-1,-1,-1,-1,1,1,-1,-1,-1,-1,-1,-1,1,1,1,-1,-1,-1,1,-1,1,-1,1,1,-1,1,-1,-1,1,1,1,1,-1,-1,1,-1,1,1,1,-1,-1,-1,-1,-1,1,1,1,-1,-1,-1,1,1,-1,1,-1,-1,-1,1,1,-1,1,-1,-1,1,1,1,-1,1,-1,-1,-1,-1,1,1,1,-1,1,-1,-1,1,-1,1,-1,1,1,1,-1,-1,1,1,-1,-1,-1,-1,-1,1,1,-1,-1,-1,1,-1,-1,1,-1,-1,1,-1,1,1,-1,-1,-1,-1,-1,1,1,-1,1,-1,-1,1,1,1,1,-1,-1,-1,-1,-1,1,-1,1,-1,-1,1,-1,1,1,-1,1,-1,-1,1,1,1,-1,1,-1,1,-1,1,1,-1,1,-1,-1,-1,1,1,-1,1,-1,1,-1,1,1,-1,-1,1,-1,-1,1,1,-1,-1,-1,1,-1,1,1,1,-1,1,-1,-1,-1,-1,1,-1,1,-1,-1,1,-1,-1,1,-1,1,-1,1,1,-1,1,-1,1,-1,1,-1,1,-1,1,-1,-1,1,1,-1,1,-1,-1,-1,-1,1,-1,1,-1,1,-1,-1,1,-1,1,1,-1,-1,-1,1,-1,1,1,1,-1,-1,1,1,-1,1,1,-1,-1,-1,-1,1,-1,1,-1,-1,1,-1,-1,1,1,-1,-1,1,-1,-1,1,1,-1,-1,1,-1,1,-1,1,-1,-1,1,-1,-1,1,-1,-1,1,-1,-1,1,-1,1,-1,1,1,-1,-1,1,1,1,1,1,-1,1,1,1,-1,-1,-1,1,-1,-1,1,-1,1,1,-1,1,1,1,-1,1,1,-1,1,-1,1,1,-1,1,-1,-1,1,1,-1,-1,1,1,-1,-1,1,1,-1,1,1,-1,1,1,-1,-1,-1,1,-1,1,1,-1,-1,1,1,-1,1,1,1,-1,1,-1,1,1,1,-1,1,1,-1,-1,1,1,-1,-1,-1,1,-1,1,1,-1,1,1,-1,-1,1,1,-1,-1,-1,1,-1,1,1,-1,-1,1,-1,-1,1,1,1,-1,-1,1,-1,1,1,-1,-1,1,-1,-1,1,-1,1,-1,-1,-1,1,1,1,1,-1,1,-1,-1,1,1,1,-1,1,-1,1,1,1,1,-1,-1,-1,1,-1,1,-1,-1,-1,-1,1,-1,1,-1,-1,-1,-1,1,-1,1,1,-1,1,1,-1,1,1,-1,1,-1,1,1,1,1,1,-1,1,-1,1,1,1,1,-1,1,1,1,-1,1,1,-1,1,1,-1,1,1,1,-1,1,-1,1,1,1,1,1,1,-1,1,-1,1,1,-1,-1,1,-1,-1,1,1,-1,1,1,-1,-1,1,1,1,1,-1,1,1,1,1,1,1,-1,1,1,1,1,1,1,-1,-1,1,-1,1,-1,1,1,1,-1,1,1,1,1,-1,-1,1,-1,1,1,-1,-1,1,-1,1,1,1,1,-1,1,-1,-1,1,1,1,-1,1,1,1,1,1,1,-1,1,-1,1,1,1,1,-1,1,-1,1,1,1,1,-1,1,1,1,1,1,1,1,-1,1,1,1,-1,1,-1,1,-1,1,-2650.0,1,2000,445,1000,True
2659,1,1,-1,-1,1,-1,-1,1,1,1,1,-1,1,1,1,1,-1,1,-1,-1,-1,1,1,1,1,-1,1,-1,1,1,1,1,-1,-1,-1,1,-1,1,1,1,-1,-1,1,1,1,1,1,-1,1,-1,1,1,-1,1,-1,-1,1,-1,1,1,1,-1,-1,-1,1,1,1,1,-1,-1,1,-1,1,1,1,-1,-1,-1,1,1,1,-1,-1,-1,-1,1,1,1,-1,-1,-1,1,-1,1,1,-1,-1,1,-1,1,1,1,-1,-1,1,-1,-1,1,1,-1,-1,-1,-1,-1,1,1,-1,-1,1,-1,-1,1,1,1,-1,-1,-1,-1,1,1,1,-1,1,-1,-1,1,1,1,-1,1,-1,-1,1,1,1,-1,1,-1,-1,-1,1,1,-1,-1,1,-1,-1,1,1,-1,1,-1,-1,-1,1,1,-1,1,1,-1,1,1,-1,-1,1,-1,-1,1,1,-1,1,-1,1,-1,1,1,-1,1,1,-1,-1,-1,1,1,1,1,1,-1,1,1,-1,1,1,1,-1,-1,1,1,-1,1,1,-1,1,1,-1,1,1,1,-1,1,1,1,1,1,1,1,-1,1,-1,-1,1,1,-1,-1,1,1,-1,1,1,-1,-1,1,-1,1,1,1,1,-1,1,1,-1,1,1,-1,1,1,-1,1,1,1,-1,-1,1,-1,1,1,1,1,1,1,-1,1,1,1,1,1,1,-1,1,1,1,1,1,1,-1,1,1,1,1,1,1,1,-1,1,1,-1,-1,1,1,1,1,1,1,1,1,-1,-1,1,1,1,1,-1,1,1,1,1,1,1,1,-1,-1,1,1,-1,1,1,1,-1,1,1,1,1,1,1,-1,1,1,1,1,1,1,-1,1,1,1,1,1,-1,1,-1,1,1,-1,1,1,1,1,1,1,1,1,1,-1,-1,1,-1,1,1,1,-1,-1,1,1,1,1,1,-1,-1,1,1,-1,1,1,-1,-1,1,1,1,-1,1,-1,1,-1,1,-1,1,1,-1,-1,-1,1,1,-1,1,-1,1,1,1,-1,-1,-1,-1,1,1,1,-1,1,1,-1,1,1,-1,-1,1,1,-1,1,1,-1,1,1,-1,1,-1,1,1,1,-1,1,1,1,-1,1,-1,1,-1,-1,1,1,1,-1,1,-1,1,1,1,1,1,-1,-1,-1,1,1,1,1,1,-1,-1,1,-1,1,-1,1,-1,-1,-1,1,1,1,1,-1,-1,1,-1,1,1,1,-1,1,-1,1,-1,1,1,-1,-1,1,-1,1,1,1,1,-1,-1,1,1,1,1,-1,-1,1,1,1,1,-1,1,-1,1,-1,1,1,-1,-1,-1,-1,1,1,1,-1,1,-1,1,-1,1,1,-1,-1,1,-1,1,1,1,1,-1,-1,-1,-1,-1,1,1,-1,-1,-1,1,-1,1,-1,-1,-1,-1,-1,1,-1,1,-1,-1,-1,-1,1,-1,1,-1,-1,-1,-1,-1,1,1,1,-1,-1,-1,1,-1,-1,-1,1,1,1,1,-1,-1,1,1,1,-1,1,-1,1,-1,1,1,1,-1,-1,-1,1,-1,1,-1,1,-1,-1,-1,1,1,-1,1,-1,-1,-1,1,1,-1,1,-1,-1,1,1,1,-1,1,-1,-1,-1,-1,1,1,1,-1,1,-1,-1,1,-1,1,-1,-1,1,-1,1,-1,1,1,-1,-1,-1,-1,-1,1,1,-1,-1,-1,1,-1,-1,1,-1,-1,-1,-1,1,1,-1,-1,-1,-1,-1,1,1,-1,1,-1,1,1,1,1,1,-1,-1,-1,-1,-1,1,-1,1,-1,-1,1,-1,1,1,-1,1,-1,-1,1,1,1,-1,1,-1,1,-1,1,1,-1,-1,-1,1,-1,1,1,-1,1,-1,-1,-1,1,1,-1,-1,1,-1,-1,1,1,-1,-1,-1,-1,-1,1,1,1,-1,1,-1,-1,-1,-1,1,-1,1,-1,-1,1,-1,-1,1,1,1,-1,-1,1,-1,1,-1,1,-1,1,-1,-1,1,-1,1,-1,-1,1,-1,1,-1,-1,-1,-1,1,-1,1,-1,1,-1,-1,1,-1,1,-1,1,-1,-1,-1,1,1,-1,-1,-1,-1,1,-1,-1,-1,-1,-1,-1,-1,-1,1,-1,-1,-1,-1,1,1,-1,1,-1,-1,-1,1,-1,-1,1,-1,-1,-1,-1,-1,1,1,-1,-1,-1,-1,-1,1,-1,-1,-1,1,-1,-1,1,-1,1,-1,-1,-1,-1,-1,-1,-1,1,-1,-1,-1,-1,1,-1,-1,-1,-1,1,-1,-1,-1,-1,-1,-1,-1,1,-1,1,-1,-1,-1,-1,1,1,1,1,-1,1,-1,-1,-1,1,-1,-1,-1,-1,-1,-1,1,1,-1,-1,1,-1,1,1,-1,-1,-1,1,-1,1,1,-1,-1,1,-1,-1,1,1,1,-1,1,-1,1,1,1,-1,-1,1,-1,-1,1,1,1,-1,1,-1,-1,1,1,-1,1,1,-1,-1,1,1,-1,1,1,1,-1,1,1,-1,1,1,-1,-1,1,1,1,1,1,1,-1,1,1,1,1,1,1,-1,1,-1,1,1,1,1,1,1,1,-1,1,1,1,-1,1,1,1,1,-1,1,1,1,1,1,1,1,1,1,-1,1,1,1,1,-1,1,-1,1,1,1,1,1,1,-1,1,1,1,-1,1,-1,1,1,1,-1,1,1,1,1,1,1,1,1,-1,1,1,1,1,1,-1,1,1,-1,1,1,1,-1,1,-1,1,1,1,1,-1,-1,1,1,1,1,1,-1,-1,1,-1,1,1,1,1,-1,-1,-1,1,1,1,-1,-1,-1,-1,1,-1,1,-1,-1,1,1,1,1,-1,-1,-1,1,1,1,1,1,-1,-1,-1,1,-1,1,-1,-1,-1,1,-1,1,-1,-1,-1,1,-1,1,1,1,-1,1,-1,1,-1,1,1,1,-1,-1,1,-1,-1,1,-1,-1,-1,1,1,1,1,-1,1,-1,1,-1,1,1,-1,-1,-1,1,-1,1,1,1,1,-1,1,1,1,1,-1,-1,-1,-1,1,1,1,1,-1,-1,1,-1,1,-2650.0,1,2000,445,1000,True
2660,1,1,-1,-1,1,1,-1,1,1,1,1,-1,-1,1,1,1,-1,1,-1,-1,-1,1,1,1,1,1,-1,-1,1,1,1,1,-1,-1,-1,1,-1,1,1,1,-1,-1,1,1,1,1,1,1,-1,-1,1,1,-1,1,-1,-1,1,-1,1,1,1,-1,-1,-1,1,1,1,1,1,-1,1,-1,1,1,1,1,-1,-1,1,1,1,-1,1,-1,-1,1,1,1,1,-1,-1,1,-1,1,1,1,1,1,-1,-1,1,1,1,1,1,-1,-1,1,1,1,1,-1,-1,-1,1,1,1,1,1,-1,-1,1,1,1,1,-1,-1,-1,1,1,1,1,1,-1,-1,-1,1,1,1,1,-1,-1,-1,1,1,1,1,-1,-1,-1,1,1,1,1,1,-1,-1,-1,1,1,1,-1,-1,-1,1,-1,1,1,1,-1,-1,-1,1,1,1,-1,-1,1,-1,1,1,-1,1,-1,-1,-1,1,1,1,-1,-1,-1,-1,1,1,1,1,-1,-1,-1,1,-1,1,1,-1,-1,1,1,1,1,1,-1,1,1,-1,-1,1,1,-1,1,-1,1,1,1,1,1,-1,-1,1,1,1,1,1,-1,1,-1,1,1,1,-1,-1,-1,1,-1,1,1,1,-1,-1,-1,1,1,1,-1,-1,-1,1,-1,1,1,-1,1,-1,1,1,-1,1,1,-1,-1,1,1,-1,1,1,-1,-1,1,1,-1,1,1,1,-1,1,1,1,1,1,1,-1,-1,1,1,1,1,-1,-1,-1,1,-1,1,1,-1,-1,1,1,-1,1,1,1,-1,-1,1,1,1,1,1,-1,1,1,-1,1,-1,1,1,-1,1,-1,1,1,1,-1,-1,1,-1,1,1,1,-1,1,-1,1,1,1,1,-1,-1,-1,1,1,1,-1,-1,1,1,-1,1,1,-1,-1,-1,-1,1,1,1,1,-1,-1,-1,1,1,1,1,-1,-1,-1,1,1,1,-1,1,1,1,1,1,1,1,1,-1,-1,1,-1,1,-1,1,-1,-1,-1,-1,1,1,-1,1,-1,1,1,1,-1,-1,-1,-1,1,-1,1,-1,1,1,-1,1,1,-1,1,1,1,-1,1,1,-1,1,1,-1,1,1,1,1,1,-1,1,-1,-1,-1,1,-1,1,-1,-1,1,1,1,-1,1,-1,1,-1,1,1,-1,1,-1,-1,1,1,1,1,-1,-1,1,-1,-1,1,-1,1,-1,-1,-1,-1,-1,1,1,-1,-1,1,-1,1,1,-1,-1,1,-1,1,1,1,-1,-1,-1,1,-1,1,-1,-1,-1,-1,-1,1,1,-1,1,-1,-1,1,1,1,-1,-1,1,-1,1,1,1,-1,-1,-1,-1,-1,1,1,-1,-1,1,-1,1,-1,1,1,-1,-1,1,-1,1,-1,1,-1,-1,1,-1,-1,-1,1,-1,-1,-1,-1,1,-1,1,-1,-1,1,-1,-1,1,1,-1,-1,-1,-1,-1,1,1,-1,-1,-1,1,-1,-1,1,1,1,-1,1,-1,1,-1,1,-1,1,-1,1,1,-1,-1,1,1,1,-1,1,-1,1,-1,1,1,1,-1,-1,-1,-1,-1,1,-1,1,-1,-1,-1,1,1,-1,1,-1,-1,-1,1,1,-1,1,-1,-1,1,1,1,-1,1,-1,-1,-1,-1,1,1,1,-1,1,-1,-1,1,-1,1,-1,1,1,1,-1,-1,1,1,-1,-1,-1,-1,-1,1,1,-1,-1,-1,1,-1,-1,1,-1,-1,1,-1,1,1,-1,-1,-1,-1,-1,1,1,-1,1,-1,-1,1,1,1,1,-1,-1,-1,-1,-1,1,1,-1,-1,-1,1,-1,1,1,-1,1,-1,-1,1,1,1,-1,1,-1,1,-1,1,1,-1,1,-1,-1,-1,1,1,-1,1,-1,1,-1,1,1,-1,-1,1,-1,-1,1,1,-1,-1,-1,1,-1,1,1,1,-1,1,-1,-1,1,-1,1,-1,1,-1,-1,1,-1,-1,1,-1,1,-1,1,1,-1,1,-1,1,-1,1,-1,1,-1,1,-1,-1,1,1,-1,1,-1,-1,-1,1,1,-1,1,-1,1,-1,-1,1,-1,1,1,-1,-1,-1,1,1,1,1,1,-1,1,-1,-1,-1,1,1,-1,-1,-1,1,1,-1,1,-1,-1,1,1,-1,1,1,-1,-1,1,1,-1,1,1,-1,-1,1,1,1,-1,1,-1,-1,1,1,-1,1,-1,-1,1,1,1,-1,-1,1,-1,1,1,1,-1,1,1,1,1,1,1,-1,1,1,-1,-1,-1,1,-1,-1,1,-1,1,1,1,1,1,1,-1,-1,1,1,1,-1,1,1,-1,1,1,-1,1,1,-1,-1,1,1,1,-1,1,1,-1,1,1,1,-1,1,-1,-1,1,-1,1,-1,1,-1,-1,1,1,1,1,1,1,-1,1,1,1,1,1,-1,1,-1,1,-1,1,1,-1,-1,-1,1,-1,1,1,-1,1,-1,1,-1,1,1,-1,-1,-1,1,-1,1,1,-1,-1,-1,1,1,1,1,1,-1,-1,-1,1,1,1,-1,-1,1,-1,-1,1,-1,1,-1,-1,-1,1,1,1,1,-1,1,-1,-1,1,1,1,-1,1,-1,1,1,1,1,-1,-1,-1,1,-1,1,-1,-1,-1,-1,1,-1,1,-1,-1,-1,1,1,1,1,-1,-1,-1,1,-1,1,1,-1,1,-1,1,1,1,1,1,-1,1,-1,1,1,1,1,-1,1,-1,1,-1,1,1,-1,-1,1,-1,1,1,1,-1,1,-1,1,1,-1,1,-1,1,-1,1,1,-1,1,-1,1,-1,1,-1,1,1,-1,-1,-1,-1,-1,1,1,1,-1,1,1,1,1,1,-1,-1,1,1,1,1,1,-1,-1,1,-1,1,1,1,-1,-1,-1,-1,-1,-1,-1,-1,-1,1,-1,1,1,1,-1,1,1,-1,-1,1,1,-1,-1,1,-1,1,1,1,-1,-1,1,-1,1,1,1,-1,-1,1,-1,1,1,1,-1,-1,1,-1,1,-1,1,1,-1,1,-1,-1,1,1,-1,-1,-1,-1,1,1,1,1,-1,1,-1,-1,1,-2650.0,1,2000,445,1000,True
2661,1,1,-1,-1,1,1,-1,1,1,1,1,-1,-1,1,1,1,-1,1,-1,-1,-1,1,1,1,1,1,-1,-1,1,1,1,1,-1,-1,-1,1,-1,1,1,1,-1,-1,1,1,1,1,1,1,-1,-1,1,1,-1,1,-1,-1,1,-1,1,1,1,-1,-1,-1,1,1,1,1,1,-1,1,-1,1,1,1,1,-1,1,-1,1,1,-1,1,-1,-1,1,1,1,1,-1,1,1,-1,1,1,1,1,-1,-1,-1,1,1,1,1,1,-1,-1,1,1,1,1,-1,-1,-1,1,1,1,1,1,-1,-1,1,1,1,1,-1,-1,-1,1,1,1,1,1,-1,-1,1,1,1,1,1,-1,-1,-1,1,1,1,1,-1,-1,-1,1,1,1,1,1,-1,-1,-1,1,1,1,1,-1,-1,1,-1,1,1,1,-1,-1,-1,1,1,1,-1,-1,1,1,1,1,-1,1,-1,-1,-1,1,1,1,-1,-1,-1,-1,1,1,1,1,-1,-1,-1,1,-1,1,1,-1,-1,1,1,1,1,1,-1,1,-1,1,-1,1,1,-1,1,-1,1,1,1,1,1,-1,-1,-1,1,1,1,-1,-1,-1,1,1,1,1,-1,-1,-1,1,-1,1,1,1,-1,-1,-1,1,1,1,-1,-1,-1,1,1,-1,1,-1,1,-1,1,1,1,1,1,-1,-1,1,1,-1,1,1,-1,-1,1,1,-1,1,1,1,-1,-1,1,1,1,1,1,-1,1,1,1,1,-1,-1,-1,1,1,-1,1,1,-1,-1,1,1,-1,1,1,1,-1,1,1,-1,1,1,1,-1,1,1,-1,1,-1,1,-1,1,1,-1,1,1,1,-1,1,1,-1,1,1,-1,-1,1,-1,1,1,1,-1,1,1,1,-1,1,1,-1,1,1,-1,1,1,1,1,1,1,1,-1,1,-1,1,1,1,1,-1,1,1,-1,1,1,1,-1,1,1,-1,-1,1,1,-1,1,1,1,1,1,1,-1,-1,1,-1,1,1,1,1,-1,1,1,-1,1,1,-1,1,1,-1,1,1,1,-1,1,1,-1,1,-1,1,-1,1,-1,1,-1,1,-1,1,1,-1,1,-1,-1,1,-1,1,1,1,-1,1,-1,1,-1,1,1,1,-1,-1,1,1,1,-1,1,-1,-1,1,1,1,-1,1,-1,-1,1,1,1,-1,1,-1,-1,1,-1,1,1,1,-1,-1,-1,-1,-1,1,1,-1,-1,1,-1,1,1,-1,-1,-1,-1,1,1,1,1,-1,-1,1,-1,1,-1,-1,1,-1,-1,1,1,-1,1,-1,-1,1,1,1,-1,-1,1,-1,1,1,1,-1,-1,1,-1,-1,1,1,-1,-1,1,-1,-1,-1,1,1,-1,-1,1,-1,1,-1,1,-1,-1,1,-1,-1,-1,1,-1,-1,1,-1,1,-1,1,-1,-1,1,-1,-1,1,1,-1,-1,-1,1,-1,1,1,-1,1,-1,1,-1,-1,1,1,1,-1,1,-1,1,-1,1,-1,1,-1,1,1,-1,-1,1,1,1,-1,1,-1,1,-1,1,1,1,-1,-1,-1,-1,-1,1,-1,1,-1,-1,-1,1,1,-1,1,-1,-1,-1,1,1,-1,1,-1,-1,1,1,1,-1,1,-1,-1,-1,-1,1,1,1,-1,1,-1,-1,1,-1,1,-1,-1,1,1,-1,-1,1,1,-1,-1,-1,-1,-1,1,1,-1,-1,-1,1,-1,1,1,-1,-1,1,-1,1,1,-1,-1,-1,-1,-1,1,1,-1,1,-1,-1,1,1,1,1,-1,-1,-1,-1,-1,1,-1,1,-1,-1,1,-1,1,1,-1,1,-1,-1,1,1,1,-1,1,-1,1,-1,1,1,-1,1,-1,-1,-1,1,1,-1,1,-1,1,-1,1,1,1,-1,1,-1,-1,1,1,-1,-1,-1,1,-1,1,1,1,-1,1,-1,-1,1,-1,1,-1,1,-1,-1,1,-1,-1,1,-1,1,-1,1,1,-1,1,-1,1,-1,1,-1,1,-1,1,-1,-1,1,1,-1,1,-1,-1,-1,-1,1,1,1,-1,1,-1,-1,1,-1,1,1,-1,-1,-1,1,1,1,1,1,-1,-1,1,1,-1,1,1,-1,-1,1,1,-1,1,-1,-1,-1,1,1,1,-1,1,-1,-1,1,1,1,-1,1,-1,-1,1,1,-1,-1,1,-1,-1,1,1,-1,1,-1,-1,1,1,1,-1,-1,1,-1,1,1,1,1,-1,1,1,1,1,1,-1,1,1,-1,-1,1,1,-1,-1,1,-1,1,1,1,-1,1,1,-1,1,1,1,-1,1,1,1,-1,1,1,1,-1,1,-1,-1,1,1,-1,-1,1,1,-1,1,1,-1,1,1,-1,-1,-1,1,-1,1,1,-1,-1,1,-1,-1,1,1,1,-1,1,-1,1,1,1,-1,1,1,-1,1,1,1,-1,-1,-1,-1,-1,1,1,-1,1,-1,-1,-1,1,1,-1,-1,1,-1,-1,1,-1,-1,-1,-1,-1,-1,1,1,1,-1,-1,-1,-1,1,1,-1,-1,-1,-1,-1,1,-1,1,-1,-1,-1,-1,1,1,1,-1,-1,1,-1,-1,1,1,-1,1,-1,-1,1,1,1,-1,-1,-1,-1,1,-1,-1,-1,-1,-1,1,1,1,-1,-1,-1,-1,1,-1,1,-1,-1,-1,-1,-1,1,1,-1,1,-1,-1,1,1,-1,1,-1,1,-1,-1,1,1,1,-1,1,-1,-1,1,1,1,-1,-1,-1,1,1,-1,1,-1,-1,1,-1,1,-1,1,-1,1,-1,-1,1,-1,1,-1,1,-1,1,1,1,1,-1,-1,-1,1,-1,1,1,1,-1,1,-1,1,1,1,-1,-1,1,1,1,-1,1,-1,-1,1,-1,1,1,1,-1,-1,-1,1,-1,-1,-1,-1,-1,1,-1,1,1,1,-1,1,1,1,-1,1,1,-1,-1,1,1,1,1,1,-1,-1,1,1,1,1,1,-1,1,1,1,-1,1,1,-1,-1,1,1,-1,1,1,1,-1,1,1,1,1,1,1,-1,1,-1,1,1,-1,1,-1,1,1,-1,1,-2650.0,1,2000,445,1000,True
2662,-1,-1,-1,-1,1,1,-1,1,-1,1,1,-1,-1,1,-1,-1,-1,1,-1,-1,-1,1,-1,1,1,1,-1,-1,1,-1,1,1,-1,-1,-1,1,1,-1,1,1,-1,-1,1,-1,-1,1,1,1,-1,-1,-1,1,-1,1,-1,-1,-1,1,1,1,1,-1,-1,1,-1,-1,1,1,1,-1,1,-1,1,1,1,1,-1,1,-1,1,1,1,1,-1,-1,1,1,1,1,-1,1,-1,1,1,1,1,1,-1,-1,1,1,1,1,1,1,-1,1,1,1,1,1,-1,-1,1,1,1,1,1,1,-1,-1,1,1,1,1,-1,-1,-1,1,1,1,1,1,-1,1,1,1,1,1,1,-1,-1,1,1,1,1,1,-1,-1,1,1,1,1,1,1,-1,1,-1,1,1,1,-1,-1,1,-1,-1,1,1,-1,1,-1,-1,1,1,1,-1,1,1,1,1,1,-1,1,-1,-1,-1,1,1,1,-1,1,-1,-1,1,1,1,1,-1,-1,-1,1,-1,1,1,-1,-1,1,1,1,1,1,1,-1,1,-1,-1,1,1,-1,-1,-1,1,1,1,1,1,-1,-1,-1,1,1,1,-1,-1,1,1,1,1,1,-1,-1,1,-1,-1,1,1,1,-1,1,-1,1,1,1,-1,1,-1,1,-1,1,1,-1,-1,-1,1,1,-1,1,1,1,-1,1,1,-1,1,1,1,1,1,1,-1,1,1,1,-1,-1,1,1,1,1,-1,1,1,1,1,1,-1,1,1,-1,1,-1,1,1,1,1,1,1,-1,1,1,-1,1,1,1,1,-1,1,1,1,-1,1,-1,1,-1,1,1,1,1,-1,1,1,1,1,1,-1,1,1,1,1,1,1,-1,1,1,1,1,1,1,-1,1,1,1,-1,1,1,1,-1,1,1,1,1,1,-1,1,1,-1,1,1,1,-1,1,1,1,1,1,1,-1,1,1,1,-1,1,1,1,1,1,1,1,-1,1,-1,1,1,1,-1,1,1,1,-1,1,1,1,-1,1,-1,1,1,1,-1,-1,-1,-1,1,1,1,-1,1,1,-1,1,1,-1,-1,1,1,-1,1,1,-1,1,1,1,1,1,1,1,1,-1,1,-1,-1,-1,1,-1,1,-1,-1,1,1,1,-1,-1,-1,1,-1,-1,1,1,-1,1,-1,1,1,1,1,1,-1,1,-1,-1,1,-1,1,-1,-1,-1,1,1,1,1,-1,-1,1,-1,1,1,1,-1,1,-1,1,-1,1,1,-1,-1,1,-1,1,1,1,-1,-1,-1,1,1,1,1,-1,-1,1,-1,1,1,-1,1,-1,1,1,1,1,-1,-1,-1,-1,1,1,1,-1,1,-1,1,-1,1,1,-1,-1,1,-1,1,1,1,1,-1,1,-1,-1,1,1,1,-1,-1,-1,1,1,1,-1,-1,1,-1,-1,1,-1,1,-1,-1,-1,-1,1,-1,1,-1,-1,1,-1,-1,1,1,1,-1,1,-1,1,-1,1,1,1,-1,1,1,-1,1,-1,1,1,-1,1,-1,1,-1,1,1,1,-1,-1,-1,1,-1,1,1,1,-1,-1,-1,1,1,-1,1,-1,-1,-1,1,1,1,1,-1,-1,-1,1,1,1,1,-1,-1,-1,-1,1,-1,1,-1,1,-1,-1,1,1,1,-1,-1,1,-1,1,-1,1,1,-1,-1,-1,-1,1,1,1,-1,-1,-1,-1,1,1,-1,-1,-1,-1,1,1,1,-1,-1,-1,-1,1,1,1,-1,1,-1,1,-1,-1,1,1,-1,-1,-1,-1,1,1,-1,1,-1,-1,1,1,1,1,-1,1,-1,-1,-1,1,1,-1,1,-1,-1,1,-1,1,-1,1,-1,-1,1,-1,1,-1,1,-1,-1,1,-1,-1,1,-1,1,-1,1,-1,-1,-1,-1,-1,-1,1,-1,1,1,-1,1,-1,1,-1,1,-1,-1,1,-1,1,-1,1,-1,1,-1,1,-1,1,1,-1,1,-1,1,-1,1,1,-1,1,-1,1,-1,-1,1,-1,1,-1,-1,-1,-1,1,-1,1,-1,1,1,-1,1,-1,1,-1,1,1,-1,1,-1,1,-1,-1,-1,-1,1,1,-1,-1,-1,-1,-1,1,-1,1,-1,-1,-1,-1,1,-1,-1,1,-1,-1,-1,1,-1,-1,1,-1,-1,-1,1,-1,1,1,-1,-1,-1,1,-1,1,-1,-1,-1,1,-1,-1,1,-1,1,-1,1,1,-1,-1,-1,-1,1,1,1,-1,1,1,1,-1,-1,-1,1,-1,-1,-1,-1,1,1,-1,1,1,1,-1,1,1,-1,1,-1,1,1,-1,1,-1,-1,1,1,-1,-1,1,1,-1,-1,1,1,-1,1,1,-1,1,1,-1,-1,-1,1,-1,1,1,-1,-1,1,1,-1,1,1,1,-1,1,-1,1,1,1,-1,1,1,-1,-1,1,-1,-1,-1,-1,-1,-1,1,1,-1,1,1,-1,-1,1,1,-1,-1,1,-1,-1,1,1,-1,-1,1,-1,-1,1,1,1,-1,-1,-1,-1,1,1,-1,-1,1,-1,-1,1,-1,1,-1,-1,-1,-1,-1,1,1,-1,1,-1,-1,1,1,1,-1,1,-1,1,1,1,1,-1,-1,-1,1,-1,1,-1,-1,-1,-1,1,-1,1,-1,-1,-1,-1,1,1,1,-1,-1,-1,1,-1,1,1,-1,1,-1,1,1,1,1,1,-1,1,-1,1,1,1,1,-1,1,-1,1,-1,1,1,-1,-1,1,-1,1,1,1,-1,1,-1,1,1,-1,1,-1,1,-1,1,1,-1,1,-1,1,-1,-1,-1,1,1,-1,-1,-1,-1,-1,1,1,1,-1,1,1,1,1,1,-1,-1,1,1,1,1,1,-1,-1,1,-1,1,1,1,-1,-1,-1,-1,-1,-1,-1,-1,-1,-1,-1,1,1,1,-1,1,1,-1,-1,1,1,1,-1,1,-1,1,1,1,-1,-1,1,-1,1,1,1,-1,-1,1,-1,1,1,1,-1,-1,1,-1,1,-1,1,1,-1,1,-1,-1,1,1,1,-1,-1,-1,1,1,-1,1,-1,1,-1,-1,1,-2650.0,1,2000,445,1000,True
2663,1,1,-1,-1,1,1,-1,1,1,1,1,-1,-1,1,1,1,-1,1,-1,-1,-1,1,1,1,1,1,-1,-1,1,1,1,1,-1,-1,-1,1,-1,1,1,1,-1,-1,1,1,1,1,1,1,-1,1,1,1,-1,1,-1,-1,1,-1,1,1,1,-1,-1,1,1,1,1,1,1,-1,1,-1,1,1,1,1,-1,1,-1,1,1,1,1,-1,-1,1,1,1,1,-1,-1,1,-1,1,1,1,1,1,-1,-1,1,1,1,1,1,-1,-1,1,1,1,1,-1,-1,-1,1,1,1,1,1,-1,-1,1,1,1,1,-1,-1,-1,1,1,1,1,1,-1,-1,1,1,1,1,1,-1,-1,-1,1,1,1,1,-1,-1,-1,1,1,1,1,1,-1,1,1,1,1,1,-1,-1,-1,1,1,1,1,1,-1,1,1,1,1,1,-1,-1,1,1,1,1,-1,1,-1,1,1,1,1,1,-1,-1,-1,1,1,1,1,1,-1,-1,1,-1,-1,1,1,-1,-1,1,1,1,1,1,-1,1,1,-1,-1,1,1,-1,1,1,1,1,1,1,1,-1,1,-1,-1,1,1,-1,-1,1,1,1,1,1,-1,-1,1,-1,-1,1,1,1,-1,1,-1,1,1,1,-1,1,1,1,-1,1,1,-1,-1,-1,1,1,-1,1,1,1,-1,1,1,-1,1,1,1,1,1,1,-1,1,1,1,1,-1,1,1,1,1,1,1,1,1,1,1,-1,-1,1,1,1,-1,1,1,1,1,1,1,-1,1,1,1,-1,1,1,1,1,1,1,1,-1,1,-1,1,-1,1,1,1,1,-1,1,1,1,1,1,-1,1,1,1,1,1,1,-1,1,1,1,1,1,1,-1,1,1,1,-1,1,1,1,-1,1,1,-1,1,1,-1,1,1,-1,1,1,1,-1,1,1,1,-1,1,1,-1,1,1,1,-1,1,1,1,1,1,1,1,-1,1,-1,1,-1,1,-1,1,1,1,-1,-1,1,1,-1,1,-1,1,1,1,-1,-1,-1,-1,1,1,1,-1,1,1,-1,1,1,-1,1,-1,1,-1,1,1,-1,1,1,-1,1,1,1,1,1,-1,1,-1,-1,-1,1,-1,1,-1,-1,1,1,1,-1,1,-1,1,-1,1,1,-1,1,-1,-1,1,1,1,1,1,-1,1,-1,-1,1,-1,1,-1,-1,-1,-1,-1,1,1,-1,-1,1,-1,1,1,-1,-1,1,-1,-1,1,-1,1,-1,-1,1,-1,1,-1,-1,-1,-1,-1,1,1,-1,1,-1,-1,1,1,1,-1,-1,1,-1,1,1,-1,1,-1,-1,-1,-1,1,-1,1,-1,1,-1,1,1,1,1,-1,-1,1,-1,1,1,-1,1,-1,1,-1,1,-1,1,-1,-1,-1,-1,1,-1,1,-1,-1,1,-1,1,-1,1,-1,-1,-1,-1,1,-1,1,-1,1,-1,1,1,1,-1,1,1,-1,1,1,-1,1,1,-1,1,-1,1,1,-1,-1,1,1,1,-1,1,-1,1,-1,1,-1,1,-1,-1,-1,1,-1,-1,1,1,-1,-1,-1,1,-1,-1,1,-1,-1,-1,1,-1,-1,1,-1,-1,-1,1,-1,-1,1,-1,-1,-1,-1,-1,1,1,-1,1,-1,-1,-1,-1,1,-1,-1,1,1,-1,-1,1,1,-1,-1,-1,1,-1,1,1,-1,-1,-1,1,-1,1,1,-1,-1,1,-1,1,1,-1,-1,-1,-1,1,1,1,-1,1,-1,-1,1,1,1,1,-1,-1,-1,1,-1,1,-1,1,-1,-1,1,-1,1,1,-1,1,-1,1,1,1,1,-1,1,-1,1,-1,1,1,-1,-1,-1,1,-1,1,1,-1,1,-1,1,-1,1,1,-1,-1,1,1,-1,1,1,-1,-1,-1,1,-1,1,1,-1,-1,1,-1,-1,1,-1,1,-1,1,-1,-1,1,-1,-1,1,1,1,-1,1,1,-1,1,1,-1,-1,1,-1,1,-1,1,-1,-1,1,1,-1,1,1,1,-1,-1,1,-1,1,-1,-1,-1,-1,1,-1,1,1,-1,-1,-1,-1,1,1,1,-1,-1,-1,1,-1,-1,1,1,-1,-1,-1,-1,1,-1,1,-1,-1,1,1,-1,1,1,-1,-1,1,-1,-1,1,-1,-1,-1,-1,-1,1,-1,1,-1,-1,-1,-1,1,-1,-1,-1,1,-1,-1,-1,-1,1,-1,-1,-1,-1,-1,-1,1,1,-1,-1,-1,1,1,1,-1,-1,-1,1,-1,-1,1,-1,1,-1,-1,1,1,1,-1,-1,1,-1,1,-1,1,1,-1,1,-1,-1,1,1,-1,-1,-1,-1,-1,-1,1,1,-1,-1,1,-1,1,1,-1,-1,-1,1,-1,1,1,-1,-1,1,1,-1,1,1,1,-1,1,-1,1,1,1,-1,-1,1,-1,-1,1,1,-1,-1,-1,-1,-1,1,1,-1,1,1,-1,-1,1,1,-1,-1,1,-1,-1,1,1,-1,-1,1,-1,-1,1,1,1,-1,-1,-1,-1,1,1,-1,-1,1,-1,-1,1,-1,1,-1,1,-1,-1,1,1,1,-1,-1,1,-1,1,1,1,-1,1,-1,1,1,1,1,-1,-1,-1,1,-1,1,-1,-1,-1,-1,1,-1,1,-1,-1,-1,-1,1,1,1,-1,-1,-1,1,-1,1,1,-1,1,-1,1,1,1,1,1,-1,1,-1,1,1,1,1,-1,1,-1,1,-1,1,1,-1,-1,1,-1,1,1,1,-1,1,-1,1,1,-1,1,-1,1,-1,1,1,-1,1,-1,1,-1,1,-1,1,1,-1,-1,-1,-1,-1,1,1,1,-1,1,1,1,1,1,-1,-1,1,1,1,1,1,-1,-1,1,-1,1,1,1,-1,-1,-1,-1,-1,-1,-1,-1,-1,-1,1,1,1,1,-1,1,1,-1,-1,1,1,1,-1,1,-1,1,1,1,-1,-1,1,-1,1,1,1,-1,-1,1,-1,1,1,1,-1,-1,1,-1,1,-1,1,1,-1,1,-1,-1,1,1,-1,-1,-1,-1,1,1,-1,1,-1,1,-1,-1,1,-2650.0,1,2000,445,1000,True
2664,-1,-1,1,1,1,1,-1,1,-1,-1,-1,1,-1,1,-1,-1,1,-1,1,-1,-1,1,-1,-1,-1,1,-1,-1,-1,-1,-1,-1,1,-1,-1,1,1,-1,-1,1,-1,-1,1,-1,-1,-1,1,1,-1,-1,1,-1,1,1,-1,-1,-1,1,-1,-1,1,1,-1,1,-1,-1,-1,1,1,-1,1,-1,-1,-1,1,1,-1,1,-1,-1,-1,-1,1,-1,-1,-1,-1,1,1,-1,-1,-1,-1,-1,1,1,1,1,-1,1,-1,1,1,1,1,-1,-1,-1,1,1,1,-1,-1,1,-1,1,1,1,1,-1,-1,-1,-1,1,1,-1,-1,-1,-1,1,1,1,1,-1,-1,1,1,1,1,1,-1,-1,1,-1,1,1,1,-1,-1,-1,-1,1,1,1,1,-1,1,1,1,1,1,1,-1,-1,1,-1,1,1,1,-1,1,-1,1,1,1,-1,-1,-1,1,1,1,-1,1,-1,1,-1,1,1,1,-1,-1,1,-1,1,1,1,1,-1,1,-1,1,-1,1,1,-1,1,1,1,1,1,1,-1,1,-1,1,-1,1,1,-1,1,-1,1,1,1,1,1,-1,1,-1,1,1,1,-1,-1,-1,1,1,1,1,-1,1,-1,1,-1,1,1,1,-1,1,-1,1,1,1,-1,-1,-1,1,-1,1,1,-1,1,-1,1,1,-1,1,1,1,-1,1,1,-1,1,1,-1,1,1,1,-1,1,1,1,1,-1,1,1,1,1,1,-1,1,1,1,1,-1,1,1,-1,1,-1,1,1,1,1,1,1,-1,1,1,1,-1,1,1,1,1,1,1,1,-1,1,-1,1,-1,1,1,1,1,-1,1,1,1,1,1,-1,1,1,1,1,1,1,-1,1,1,1,1,1,-1,-1,1,1,1,-1,1,-1,1,-1,1,1,1,1,1,-1,1,1,-1,1,1,1,-1,1,1,1,1,1,1,-1,1,1,1,-1,1,1,1,1,1,1,-1,-1,1,-1,1,-1,1,-1,1,1,-1,-1,-1,1,1,-1,1,-1,1,1,1,-1,-1,-1,-1,1,1,1,-1,1,1,-1,1,1,-1,-1,1,1,-1,1,1,-1,-1,1,-1,1,1,1,1,-1,-1,1,-1,-1,-1,1,-1,1,-1,-1,1,1,1,-1,-1,-1,1,-1,1,1,1,-1,-1,-1,1,1,1,1,1,-1,1,-1,-1,1,-1,1,-1,-1,-1,1,1,1,1,-1,-1,1,-1,1,1,1,-1,1,-1,1,-1,1,1,-1,-1,1,-1,1,1,1,-1,-1,-1,1,1,1,1,-1,-1,1,1,1,1,-1,1,-1,1,-1,1,1,-1,-1,-1,-1,1,1,1,-1,1,-1,1,-1,1,1,-1,-1,1,-1,1,1,1,1,-1,1,-1,-1,-1,1,1,-1,-1,-1,1,-1,1,-1,-1,1,-1,-1,1,-1,1,-1,-1,-1,-1,1,-1,1,1,-1,1,-1,-1,1,1,1,-1,1,-1,1,-1,-1,-1,1,-1,1,1,-1,-1,1,-1,1,-1,1,-1,1,-1,1,1,1,-1,-1,-1,1,-1,1,1,1,-1,-1,-1,1,1,-1,1,-1,-1,-1,1,1,1,1,-1,-1,1,1,1,1,1,-1,-1,-1,-1,1,-1,1,-1,1,-1,-1,1,1,1,-1,-1,1,-1,1,-1,1,1,-1,-1,-1,-1,1,1,1,-1,-1,-1,1,1,1,1,-1,-1,1,-1,1,1,-1,-1,-1,-1,-1,1,1,-1,1,-1,1,1,-1,1,1,-1,-1,-1,-1,1,1,-1,1,-1,-1,1,1,1,1,-1,1,-1,-1,1,1,1,-1,1,-1,1,1,1,1,-1,1,-1,1,1,-1,1,-1,1,-1,-1,1,1,1,-1,-1,1,-1,1,1,1,-1,-1,-1,-1,1,1,-1,1,-1,1,-1,1,-1,-1,1,-1,1,-1,1,1,-1,-1,1,1,1,1,-1,1,-1,1,-1,1,1,1,-1,-1,1,-1,1,1,-1,1,-1,1,-1,-1,1,1,1,-1,1,-1,1,1,1,-1,-1,1,-1,1,1,1,1,-1,-1,-1,-1,1,1,-1,-1,1,-1,-1,1,1,-1,-1,1,-1,-1,1,1,-1,-1,-1,1,-1,1,1,-1,1,-1,1,-1,1,1,-1,1,1,1,-1,1,-1,-1,-1,1,-1,-1,1,-1,1,-1,1,-1,1,1,1,1,-1,-1,-1,-1,1,-1,1,-1,1,1,1,1,-1,1,1,-1,-1,-1,1,-1,1,-1,1,-1,1,1,1,1,-1,1,-1,1,1,-1,1,-1,-1,1,1,1,-1,1,1,-1,-1,1,-1,-1,1,1,-1,1,1,-1,-1,-1,1,-1,1,1,1,-1,1,1,-1,1,1,1,-1,1,-1,1,1,1,-1,1,1,-1,-1,1,1,-1,-1,-1,1,-1,1,1,-1,1,-1,-1,-1,1,1,-1,-1,-1,1,-1,1,1,-1,-1,-1,-1,-1,1,1,-1,-1,-1,-1,-1,1,1,-1,-1,1,-1,-1,1,-1,-1,-1,-1,-1,1,1,1,-1,-1,-1,-1,-1,1,1,-1,-1,1,-1,1,1,1,1,-1,-1,-1,1,-1,1,-1,-1,-1,-1,1,-1,1,-1,-1,-1,-1,1,1,1,-1,-1,-1,1,-1,1,1,-1,1,-1,1,1,1,-1,1,-1,1,-1,1,1,1,1,-1,1,-1,1,-1,1,1,-1,-1,1,-1,1,1,1,-1,1,-1,1,1,-1,1,-1,1,-1,1,1,-1,1,-1,1,-1,1,-1,1,1,-1,-1,-1,-1,-1,1,1,1,-1,1,1,1,1,1,-1,-1,1,1,1,1,1,-1,-1,1,-1,1,1,1,-1,-1,-1,-1,-1,-1,-1,-1,-1,-1,1,1,1,1,-1,1,1,-1,-1,1,1,1,-1,1,-1,1,1,1,-1,-1,1,-1,1,1,1,-1,-1,1,-1,1,1,1,-1,-1,1,-1,1,-1,1,1,-1,1,-1,-1,1,1,-1,-1,-1,-1,1,1,1,1,-1,1,-1,-1,1,-2650.0,1,2000,445,1000,True
2665,1,1,-1,-1,1,-1,1,1,1,1,1,-1,1,1,1,1,-1,1,-1,-1,1,1,1,1,1,-1,1,1,1,1,1,1,-1,-1,1,1,-1,1,1,-1,-1,1,1,1,1,1,1,-1,1,-1,1,1,1,1,-1,1,1,-1,1,1,1,-1,-1,-1,1,1,1,1,-1,1,1,-1,1,1,1,-1,1,1,-1,1,1,-1,-1,1,-1,1,1,1,-1,-1,1,1,-1,1,1,-1,1,-1,-1,-1,1,1,-1,1,-1,-1,-1,1,1,1,1,1,-1,-1,1,1,-1,1,-1,-1,-1,1,1,1,-1,1,-1,-1,1,1,1,1,-1,-1,-1,1,1,1,1,-1,-1,-1,-1,1,-1,1,-1,-1,-1,-1,1,1,1,-1,1,-1,1,-1,-1,1,-1,1,-1,-1,1,-1,1,-1,1,-1,-1,-1,1,1,-1,-1,-1,1,-1,1,-1,1,1,-1,-1,-1,1,-1,-1,-1,-1,-1,-1,1,1,-1,1,-1,-1,-1,1,1,-1,1,-1,-1,1,1,1,-1,1,-1,1,1,-1,1,-1,1,-1,1,-1,1,1,1,1,1,-1,-1,1,1,-1,1,1,-1,1,1,1,1,1,-1,-1,-1,1,-1,1,1,1,-1,-1,1,-1,1,1,-1,-1,-1,1,-1,1,1,-1,1,-1,-1,1,1,1,1,-1,-1,-1,1,1,1,1,-1,-1,-1,1,1,1,1,1,-1,1,-1,1,1,1,1,-1,-1,-1,1,1,1,-1,-1,1,-1,1,1,1,-1,-1,1,-1,1,1,1,1,-1,-1,-1,1,1,1,1,-1,1,-1,1,1,-1,1,-1,1,-1,1,1,1,1,-1,1,1,1,1,1,-1,-1,-1,1,1,1,1,-1,1,-1,-1,1,1,1,-1,1,1,1,1,1,1,1,1,1,-1,-1,-1,1,1,1,1,-1,-1,1,1,-1,1,1,-1,-1,1,1,1,-1,1,-1,-1,1,1,1,-1,1,-1,-1,-1,1,1,-1,1,1,-1,-1,1,1,-1,1,-1,1,1,1,1,1,-1,-1,-1,1,1,1,-1,1,-1,-1,1,-1,1,-1,1,-1,-1,1,1,1,-1,1,-1,-1,1,1,1,-1,1,1,1,-1,1,1,1,1,1,-1,1,1,1,-1,-1,1,1,1,1,-1,1,-1,1,-1,1,-1,-1,1,-1,1,1,-1,1,-1,1,-1,1,-1,-1,1,-1,1,-1,-1,1,-1,1,-1,1,-1,1,1,-1,1,-1,1,-1,-1,1,-1,1,-1,-1,-1,1,1,1,1,-1,1,-1,1,1,1,1,-1,-1,-1,1,1,-1,1,-1,-1,-1,1,-1,-1,1,-1,-1,-1,1,1,-1,1,1,-1,-1,1,-1,-1,1,-1,-1,-1,1,-1,-1,-1,1,-1,-1,-1,1,1,-1,1,-1,-1,1,-1,-1,1,1,-1,-1,-1,1,-1,1,1,-1,1,-1,1,-1,-1,1,1,1,-1,1,-1,1,1,1,-1,1,-1,1,1,-1,-1,1,1,1,1,-1,-1,1,-1,1,1,1,-1,-1,-1,1,1,1,-1,1,-1,-1,-1,1,1,-1,1,-1,-1,-1,1,1,-1,1,-1,-1,1,1,1,-1,1,-1,-1,-1,-1,1,1,1,-1,1,-1,-1,1,-1,1,-1,-1,1,-1,1,-1,1,1,-1,-1,-1,-1,-1,1,1,-1,-1,-1,1,-1,1,1,-1,-1,1,-1,1,1,-1,-1,-1,-1,-1,1,1,-1,1,-1,1,1,1,1,1,-1,-1,-1,-1,-1,1,1,-1,-1,-1,1,-1,1,1,-1,-1,-1,-1,1,1,1,-1,1,-1,1,-1,1,1,-1,-1,1,-1,-1,1,1,-1,-1,1,-1,-1,1,1,-1,-1,1,1,-1,1,1,-1,-1,-1,1,-1,1,1,1,-1,1,-1,-1,1,-1,1,-1,1,-1,-1,1,-1,1,-1,-1,1,-1,1,1,-1,-1,1,-1,-1,1,-1,1,-1,1,-1,-1,1,1,-1,-1,1,-1,-1,-1,1,1,-1,1,-1,-1,-1,1,-1,-1,1,-1,-1,-1,1,1,1,1,1,-1,-1,1,1,-1,1,1,-1,-1,-1,1,-1,1,-1,-1,-1,1,1,1,-1,1,-1,-1,1,1,1,-1,1,-1,-1,1,1,-1,-1,1,-1,-1,1,1,-1,1,-1,-1,1,1,1,1,-1,1,-1,1,1,1,1,-1,1,1,1,1,1,1,1,1,-1,-1,-1,1,1,-1,1,-1,1,1,1,-1,1,1,-1,1,1,1,1,-1,1,-1,1,-1,1,-1,1,1,-1,-1,1,1,-1,-1,1,1,-1,1,1,-1,1,1,1,-1,1,-1,-1,1,1,-1,-1,1,1,-1,1,1,1,-1,1,-1,1,1,1,-1,1,-1,-1,-1,1,1,1,-1,1,-1,-1,1,1,-1,1,1,1,-1,1,1,1,-1,-1,1,-1,1,1,-1,1,-1,1,-1,1,1,1,-1,-1,1,-1,-1,1,1,-1,1,1,-1,1,-1,1,1,-1,1,-1,-1,1,-1,1,-1,1,-1,1,1,1,1,-1,1,1,1,1,1,-1,-1,1,1,-1,1,1,-1,-1,1,1,-1,1,1,-1,1,1,-1,1,1,1,-1,1,1,1,-1,1,1,-1,-1,1,-1,-1,1,1,-1,1,1,1,-1,1,1,-1,-1,-1,1,-1,1,1,-1,-1,-1,1,-1,-1,-1,-1,1,-1,1,-1,-1,1,-1,1,-1,1,1,-1,1,-1,-1,1,-1,1,-1,1,1,-1,-1,-1,1,-1,-1,-1,1,-1,1,-1,1,-1,1,-1,-1,1,-1,-1,1,1,-1,-1,1,-1,1,-1,1,-1,-1,1,-1,-1,1,1,-1,-1,1,1,-1,-1,1,-1,-1,1,-1,1,1,1,1,-1,1,-1,1,-1,1,-1,-1,1,1,1,-1,1,1,-1,1,-1,1,1,1,1,-1,1,-1,1,-1,1,1,-1,1,1,1,-1,1,1,-1,1,-1,1,1,-1,1,-1,-1,1,1,-2650.0,1,2000,445,1000,True
2666,-1,-1,1,1,1,1,-1,1,-1,-1,-1,1,-1,1,-1,-1,1,-1,1,1,-1,1,-1,-1,-1,1,-1,-1,1,-1,-1,-1,1,1,-1,-1,1,-1,-1,-1,1,-1,-1,-1,-1,1,-1,1,-1,1,-1,-1,1,1,1,-1,1,-1,-1,-1,-1,1,1,1,-1,1,-1,-1,-1,-1,1,-1,-1,-1,1,-1,-1,-1,1,-1,-1,-1,1,-1,1,-1,-1,1,-1,1,-1,1,-1,1,1,-1,-1,1,1,1,1,1,-1,-1,1,1,-1,1,1,-1,-1,1,1,-1,1,1,-1,-1,1,1,-1,1,1,1,-1,1,1,-1,1,1,1,-1,1,1,-1,1,1,1,-1,-1,1,-1,1,1,1,-1,1,1,1,-1,1,1,-1,-1,-1,1,-1,1,1,-1,1,1,1,1,1,1,-1,1,1,-1,1,1,-1,-1,1,1,-1,1,1,-1,1,-1,-1,1,1,1,-1,1,1,1,1,1,1,-1,1,1,-1,1,1,1,1,-1,1,-1,1,1,1,-1,-1,1,-1,-1,1,1,-1,1,1,-1,1,1,1,1,1,1,-1,-1,1,1,-1,-1,1,-1,1,1,-1,1,-1,1,-1,1,1,1,-1,1,1,-1,-1,1,-1,-1,1,1,-1,1,1,1,1,1,1,-1,1,1,-1,1,1,-1,1,-1,-1,-1,1,1,-1,-1,1,1,-1,1,1,-1,-1,-1,1,-1,-1,1,1,1,-1,1,-1,1,1,1,1,-1,-1,-1,-1,1,-1,1,-1,-1,-1,1,1,-1,1,1,-1,1,-1,1,1,1,-1,-1,-1,1,1,-1,1,1,-1,-1,-1,1,-1,1,-1,-1,-1,-1,-1,1,1,-1,-1,-1,1,-1,-1,1,-1,-1,-1,-1,1,-1,1,-1,1,-1,-1,1,-1,1,-1,1,-1,-1,-1,1,1,-1,-1,-1,-1,-1,1,-1,-1,-1,-1,-1,1,1,-1,-1,1,-1,-1,1,1,-1,-1,1,1,-1,-1,1,1,-1,1,-1,-1,-1,-1,1,-1,-1,1,-1,-1,1,-1,-1,1,1,-1,-1,1,1,-1,1,-1,-1,-1,1,-1,1,1,-1,-1,-1,1,-1,1,1,-1,-1,1,1,-1,-1,1,-1,-1,-1,-1,1,-1,1,1,-1,-1,1,-1,-1,1,-1,1,-1,1,1,-1,-1,1,-1,-1,1,-1,-1,-1,1,-1,-1,1,1,-1,-1,1,-1,-1,-1,-1,-1,-1,1,-1,-1,1,1,-1,-1,-1,-1,-1,-1,-1,1,-1,1,-1,1,1,1,-1,-1,-1,1,-1,-1,-1,1,-1,1,1,-1,1,1,-1,1,-1,1,-1,1,1,-1,1,-1,1,1,-1,-1,-1,1,-1,1,-1,1,1,-1,1,-1,-1,1,-1,-1,1,-1,1,1,1,-1,1,-1,1,1,1,1,-1,1,-1,1,-1,1,1,-1,1,1,1,-1,1,1,1,1,-1,1,-1,-1,1,1,1,1,-1,-1,-1,1,1,1,1,1,-1,1,1,-1,-1,-1,1,-1,1,1,-1,-1,1,1,-1,1,-1,-1,-1,1,1,-1,1,1,-1,-1,1,1,-1,1,1,-1,-1,-1,1,-1,-1,-1,-1,1,-1,1,-1,-1,-1,-1,-1,-1,1,-1,1,1,1,1,-1,1,-1,1,1,-1,1,-1,1,-1,-1,1,-1,1,-1,-1,1,1,1,1,1,1,-1,1,1,1,-1,1,-1,1,1,1,1,-1,-1,-1,1,1,1,1,-1,1,-1,1,-1,1,-1,1,1,-1,-1,1,1,1,-1,1,-1,-1,1,1,1,1,1,1,-1,1,1,1,1,1,1,-1,1,-1,1,-1,1,1,-1,1,1,1,1,1,1,-1,1,-1,1,1,1,1,-1,1,1,-1,1,1,1,1,1,1,1,1,1,1,-1,1,1,-1,-1,1,-1,-1,1,1,1,-1,1,-1,-1,1,-1,1,1,1,-1,-1,1,-1,1,-1,-1,1,-1,1,-1,1,-1,1,-1,-1,1,-1,1,-1,1,-1,-1,1,-1,1,-1,1,-1,-1,1,-1,1,-1,1,-1,-1,1,1,1,1,1,-1,1,1,-1,1,-1,1,1,-1,1,-1,1,-1,1,-1,-1,1,1,-1,1,1,-1,1,-1,1,-1,-1,1,1,-1,1,-1,-1,1,1,-1,1,1,-1,-1,1,-1,1,-1,1,1,-1,-1,1,-1,1,1,1,-1,1,1,-1,1,1,1,1,1,1,-1,1,-1,1,-1,-1,1,-1,-1,1,1,1,1,1,-1,-1,1,-1,1,1,1,-1,1,1,1,-1,1,1,-1,-1,1,1,1,-1,-1,-1,-1,1,1,1,1,-1,-1,-1,1,1,1,-1,1,-1,1,1,1,1,1,1,-1,1,1,1,1,-1,-1,-1,1,1,1,1,-1,1,1,-1,1,1,1,-1,1,-1,1,1,1,1,-1,1,1,-1,1,1,-1,-1,1,1,1,-1,1,1,1,-1,1,1,-1,1,1,-1,-1,1,-1,-1,1,-1,1,1,1,1,-1,1,1,-1,-1,1,1,-1,1,1,1,-1,1,1,-1,1,1,-1,-1,1,1,-1,1,1,-1,1,1,1,-1,1,1,-1,1,1,-1,1,1,-1,-1,1,1,-1,-1,1,1,-1,1,-1,1,-1,1,1,-1,-1,1,1,-1,1,1,-1,-1,1,-1,-1,1,1,1,-1,1,-1,1,-1,1,-1,1,1,-1,1,1,1,-1,-1,1,1,-1,1,-1,-1,-1,1,1,-1,-1,1,1,1,1,-1,-1,-1,-1,1,1,1,-1,1,1,1,1,1,-1,-1,1,1,1,-1,-1,1,-1,1,-1,1,1,1,-1,-1,1,-1,-1,-1,-1,-1,-1,1,-1,1,1,1,-1,1,1,-1,-1,1,1,1,-1,1,-1,1,1,1,1,-1,1,-1,1,1,1,1,-1,1,-1,1,1,1,1,-1,1,-1,1,-1,1,-1,-1,1,-1,1,1,1,-1,-1,-1,-1,1,1,-1,1,-1,1,1,-1,1,-2650.0,1,2000,445,1500,True
2667,1,1,-1,-1,1,1,-1,1,1,1,1,-1,1,1,1,1,-1,1,-1,-1,-1,1,1,1,1,1,-1,-1,1,1,1,1,-1,-1,-1,1,-1,1,1,1,-1,-1,1,1,1,1,1,1,-1,-1,1,1,-1,1,-1,-1,1,-1,1,1,1,-1,-1,-1,1,1,1,1,1,-1,1,-1,1,1,1,1,-1,1,1,1,1,-1,1,-1,-1,1,1,1,1,1,1,1,-1,1,1,1,-1,-1,-1,1,1,1,1,1,-1,-1,-1,1,1,1,1,-1,-1,-1,1,1,1,1,1,-1,-1,1,1,1,1,-1,-1,-1,1,1,1,1,-1,-1,-1,1,1,1,1,-1,-1,-1,1,1,1,1,1,-1,-1,-1,1,1,1,-1,1,-1,1,-1,1,1,-1,-1,-1,-1,1,-1,1,-1,1,-1,-1,-1,1,1,-1,-1,-1,1,1,1,-1,1,1,-1,-1,-1,1,-1,-1,-1,-1,-1,-1,1,-1,-1,1,-1,-1,-1,1,-1,-1,1,-1,-1,1,1,1,-1,1,-1,-1,1,-1,-1,-1,1,1,-1,-1,1,1,-1,1,1,-1,-1,-1,1,-1,1,1,-1,1,1,1,-1,1,1,-1,1,-1,-1,-1,1,1,-1,1,-1,1,-1,1,1,1,-1,1,-1,-1,1,-1,-1,-1,1,1,-1,1,-1,-1,-1,1,1,-1,1,-1,1,1,1,-1,-1,1,-1,-1,-1,-1,1,-1,1,1,-1,1,1,1,-1,1,1,1,1,-1,1,1,1,-1,1,1,1,1,-1,1,1,1,1,1,1,1,1,-1,-1,1,-1,1,1,1,1,-1,1,1,1,1,1,-1,-1,1,1,1,1,1,-1,1,1,1,1,-1,1,-1,1,1,-1,1,1,1,-1,-1,1,1,1,-1,1,-1,1,1,1,-1,1,1,-1,1,1,1,-1,1,-1,-1,1,1,1,-1,1,-1,-1,-1,1,1,-1,1,-1,-1,1,-1,1,-1,1,1,-1,-1,1,1,1,-1,1,-1,-1,1,1,-1,1,-1,1,-1,-1,-1,-1,1,1,1,-1,1,1,-1,1,1,-1,-1,1,1,1,1,1,-1,1,1,1,-1,1,-1,-1,-1,-1,1,1,1,1,-1,-1,1,1,1,-1,-1,-1,-1,-1,-1,1,-1,-1,-1,1,-1,1,1,-1,1,1,1,1,-1,1,-1,1,-1,-1,1,-1,1,1,1,1,-1,1,-1,-1,1,1,-1,-1,1,-1,1,1,1,-1,-1,1,-1,-1,1,1,-1,1,1,-1,1,1,-1,-1,1,1,-1,1,-1,-1,-1,1,-1,-1,1,-1,-1,-1,1,-1,-1,1,-1,-1,-1,1,-1,-1,1,-1,-1,-1,1,-1,-1,1,-1,-1,-1,1,1,-1,1,1,-1,-1,1,1,-1,-1,1,1,-1,1,-1,-1,1,-1,-1,1,-1,1,-1,-1,1,-1,1,-1,1,-1,-1,1,-1,-1,1,1,1,-1,1,-1,1,-1,-1,1,1,-1,1,1,-1,1,-1,-1,1,-1,1,-1,-1,1,-1,1,1,-1,-1,-1,1,1,1,-1,1,-1,-1,1,-1,1,-1,1,-1,-1,-1,1,1,-1,1,-1,-1,-1,-1,1,-1,1,-1,-1,1,1,1,1,1,-1,-1,-1,1,1,-1,1,-1,-1,-1,-1,1,-1,1,1,-1,1,-1,-1,-1,1,-1,1,1,-1,1,-1,-1,1,-1,1,-1,1,1,1,-1,1,1,1,-1,1,1,-1,-1,1,1,1,1,1,-1,1,1,1,-1,-1,1,1,1,1,1,1,-1,1,1,1,1,1,-1,1,1,-1,1,1,1,1,-1,1,1,1,1,1,1,-1,1,1,1,1,1,1,-1,1,1,-1,1,-1,1,-1,1,1,1,1,1,1,-1,1,1,-1,1,1,1,-1,-1,1,-1,1,1,-1,-1,1,1,1,1,-1,1,-1,1,1,1,1,1,1,-1,1,1,-1,1,-1,1,-1,1,1,-1,1,1,-1,-1,-1,1,-1,1,1,-1,-1,-1,1,1,1,-1,1,-1,-1,1,-1,1,-1,-1,-1,-1,1,1,-1,-1,-1,-1,-1,1,-1,1,-1,-1,-1,-1,1,1,-1,1,-1,-1,-1,1,-1,-1,1,-1,-1,-1,1,-1,1,1,-1,-1,-1,1,-1,1,-1,-1,-1,1,-1,-1,1,-1,1,-1,1,1,-1,-1,-1,-1,1,1,1,-1,1,1,-1,-1,-1,-1,1,-1,-1,-1,-1,1,1,-1,1,-1,1,-1,1,1,-1,1,-1,1,1,-1,1,-1,-1,1,1,-1,-1,1,1,-1,-1,1,1,-1,1,1,-1,1,1,-1,-1,-1,1,-1,1,1,-1,-1,1,1,-1,1,1,1,-1,1,-1,1,1,1,-1,1,1,-1,-1,1,-1,-1,-1,-1,1,-1,1,1,-1,1,1,-1,-1,1,1,-1,-1,-1,1,-1,1,1,-1,-1,1,-1,-1,1,1,1,-1,-1,-1,-1,-1,1,-1,-1,1,-1,-1,1,-1,1,-1,-1,-1,-1,-1,1,1,-1,1,-1,-1,1,1,1,-1,1,-1,1,1,1,1,-1,-1,-1,1,-1,1,-1,-1,-1,-1,1,-1,1,-1,-1,-1,1,-1,1,1,-1,-1,-1,-1,1,-1,1,-1,1,-1,1,-1,-1,1,1,-1,1,-1,1,-1,1,1,-1,1,-1,1,-1,1,1,-1,1,1,-1,-1,-1,1,-1,1,-1,1,-1,-1,1,1,1,-1,1,-1,-1,1,-1,-1,1,-1,-1,-1,1,-1,1,1,-1,1,-1,1,1,1,-1,1,-1,1,1,1,1,-1,1,-1,-1,1,1,1,-1,1,-1,1,1,-1,1,1,-1,1,-1,1,1,1,-1,1,-1,1,1,1,1,-1,-1,1,1,1,1,1,-1,-1,1,1,1,1,1,1,-1,-1,-1,1,1,1,1,-1,1,1,1,1,1,1,-1,1,1,1,1,1,1,-1,-1,1,1,1,1,1,1,-1,1,1,-1,1,1,-1,1,1,-2650.0,1,2000,445,500,True
2668,-1,-1,1,1,1,1,-1,1,-1,-1,-1,1,-1,1,-1,-1,1,-1,1,1,1,1,-1,-1,-1,1,-1,-1,1,-1,-1,-1,1,1,-1,1,1,-1,-1,-1,1,-1,1,-1,-1,1,-1,-1,1,-1,-1,-1,1,-1,1,-1,-1,1,-1,-1,-1,1,1,1,-1,1,-1,-1,-1,-1,1,-1,-1,-1,-1,-1,1,1,-1,-1,-1,1,1,-1,-1,-1,-1,1,-1,1,-1,-1,-1,1,-1,-1,-1,1,-1,1,1,1,-1,-1,1,-1,-1,1,1,-1,-1,1,-1,-1,1,1,-1,-1,1,-1,-1,1,1,-1,-1,-1,-1,-1,1,1,-1,-1,1,-1,-1,1,1,1,-1,1,-1,-1,1,1,1,-1,1,-1,-1,-1,1,-1,-1,1,1,-1,1,1,1,-1,1,1,-1,-1,1,1,-1,1,1,-1,1,1,-1,-1,1,-1,-1,1,1,-1,1,-1,1,-1,1,1,-1,-1,-1,-1,-1,-1,1,-1,1,1,1,-1,1,1,-1,-1,1,1,-1,1,1,-1,-1,1,1,-1,1,1,1,-1,1,1,1,1,1,-1,-1,-1,1,1,-1,1,-1,-1,1,1,1,-1,1,-1,-1,-1,1,1,-1,1,-1,1,-1,1,1,-1,1,-1,1,-1,1,-1,1,1,-1,1,-1,1,1,-1,1,1,-1,-1,1,-1,-1,1,1,-1,-1,1,-1,1,1,1,-1,-1,1,-1,1,1,1,-1,-1,1,-1,1,1,1,1,-1,1,-1,-1,-1,1,-1,-1,1,-1,-1,-1,1,1,-1,1,1,-1,-1,1,1,-1,1,-1,-1,-1,-1,1,-1,1,1,-1,-1,1,1,-1,1,-1,-1,-1,1,-1,-1,1,-1,-1,1,1,1,-1,1,-1,-1,1,1,-1,1,1,-1,1,-1,1,-1,-1,1,-1,1,1,1,1,1,1,-1,-1,1,1,1,1,-1,-1,-1,1,1,1,1,-1,-1,1,-1,1,1,1,-1,-1,1,-1,1,-1,1,1,-1,1,-1,1,1,1,1,-1,-1,1,1,1,-1,-1,-1,1,1,-1,-1,1,1,-1,1,-1,1,-1,1,-1,1,1,-1,1,1,1,-1,1,1,-1,1,-1,1,-1,-1,1,-1,1,1,1,1,-1,1,1,-1,1,1,-1,-1,1,-1,-1,1,-1,1,-1,-1,1,-1,1,1,-1,-1,-1,1,-1,1,-1,1,-1,1,1,-1,1,-1,-1,-1,-1,1,-1,-1,1,1,-1,-1,1,-1,1,1,-1,1,-1,1,-1,1,-1,1,-1,-1,-1,-1,1,-1,-1,1,-1,1,-1,1,-1,1,-1,-1,-1,1,1,-1,1,-1,-1,-1,-1,1,-1,-1,1,-1,-1,1,-1,-1,1,1,1,-1,-1,1,-1,-1,1,-1,-1,-1,1,-1,1,-1,1,-1,-1,1,-1,1,-1,1,-1,-1,1,-1,1,1,1,-1,-1,-1,1,1,-1,1,-1,-1,-1,1,1,1,-1,1,1,-1,1,1,1,1,1,1,1,-1,1,1,-1,1,-1,1,1,-1,1,-1,-1,1,-1,-1,1,-1,-1,-1,1,1,-1,1,1,-1,-1,1,1,-1,-1,1,-1,-1,-1,-1,-1,1,1,-1,-1,-1,-1,-1,1,1,-1,-1,1,1,1,-1,1,-1,-1,1,1,-1,1,1,-1,-1,-1,1,-1,-1,1,1,-1,1,1,1,1,1,-1,1,1,1,-1,1,1,1,-1,1,1,-1,1,1,-1,1,1,1,-1,1,1,-1,-1,1,-1,1,1,1,-1,1,1,-1,-1,1,1,1,1,1,-1,1,1,1,1,1,1,1,1,1,1,-1,1,-1,1,-1,1,1,1,1,1,1,1,1,-1,1,1,-1,1,-1,1,1,1,1,1,-1,1,1,1,1,1,1,1,1,1,1,-1,1,1,-1,-1,1,-1,-1,1,1,1,-1,1,1,-1,1,-1,-1,1,1,-1,1,1,-1,1,-1,-1,1,-1,1,-1,1,-1,1,-1,1,1,-1,1,-1,1,-1,1,1,-1,1,-1,1,-1,1,1,-1,1,-1,1,-1,-1,1,1,1,1,1,-1,1,1,-1,1,1,1,1,-1,1,-1,1,-1,1,-1,1,1,1,-1,1,1,-1,1,1,1,-1,1,1,1,-1,-1,-1,-1,1,1,-1,-1,1,-1,1,-1,-1,1,-1,1,1,-1,1,1,-1,-1,1,1,-1,1,1,-1,-1,-1,1,1,1,1,-1,-1,1,1,-1,1,1,-1,-1,1,-1,1,1,1,1,-1,-1,1,-1,1,1,-1,1,-1,-1,1,1,1,-1,-1,-1,-1,-1,1,-1,-1,-1,1,-1,1,1,1,1,-1,-1,-1,1,1,1,1,-1,1,-1,1,1,-1,1,-1,-1,1,1,1,1,-1,1,-1,-1,1,1,1,1,-1,-1,-1,1,1,1,1,-1,-1,-1,1,1,1,1,1,-1,-1,1,1,1,1,1,-1,-1,1,1,-1,1,1,-1,-1,1,1,-1,1,-1,-1,-1,1,-1,-1,1,1,-1,-1,-1,1,-1,1,1,-1,-1,1,1,-1,1,1,-1,-1,1,1,-1,1,1,-1,-1,-1,-1,1,1,1,-1,1,-1,1,1,1,-1,-1,1,-1,1,1,1,1,-1,1,-1,1,1,-1,1,-1,-1,-1,1,-1,1,-1,1,-1,-1,1,-1,1,1,-1,-1,-1,1,-1,1,1,1,-1,-1,-1,1,1,-1,1,-1,-1,-1,-1,1,-1,1,1,-1,1,-1,1,1,1,1,-1,-1,1,-1,1,1,1,1,1,1,1,-1,1,-1,-1,1,1,-1,1,1,-1,-1,-1,-1,-1,1,1,-1,1,1,1,-1,1,1,-1,1,-1,-1,-1,1,1,-1,1,1,1,-1,1,1,-1,1,1,-1,-1,1,1,-1,1,1,1,-1,1,1,-1,1,1,1,-1,-1,1,-1,1,1,1,1,-1,1,-1,1,1,-1,-1,-1,1,-1,-1,1,1,-1,1,1,1,-1,1,-1,1,-1,1,-1,-1,1,-2650.0,1,2000,445,1500,True
2669,1,1,-1,-1,1,1,-1,1,1,1,1,-1,1,1,1,1,-1,1,-1,-1,-1,1,1,1,1,-1,1,-1,1,1,1,1,-1,-1,-1,1,-1,1,1,1,-1,-1,1,1,1,1,1,-1,1,-1,1,1,-1,1,-1,-1,1,-1,1,1,1,-1,-1,-1,1,1,1,1,-1,-1,1,-1,1,1,1,-1,-1,1,-1,1,1,-1,-1,-1,-1,1,1,1,-1,-1,1,1,-1,1,1,-1,-1,1,-1,1,1,1,-1,-1,-1,-1,-1,1,1,-1,-1,1,-1,-1,1,1,-1,-1,-1,-1,-1,1,1,1,-1,1,-1,-1,-1,1,1,-1,-1,-1,-1,1,1,1,-1,-1,-1,-1,-1,1,1,-1,1,-1,-1,1,1,1,-1,-1,1,-1,-1,1,1,-1,-1,1,-1,1,1,1,-1,-1,1,-1,1,1,-1,1,-1,-1,-1,1,1,-1,-1,1,1,-1,1,1,-1,-1,-1,-1,-1,-1,1,1,-1,-1,1,-1,1,1,-1,1,-1,1,-1,-1,1,1,1,-1,1,-1,1,1,-1,1,-1,1,-1,1,1,1,1,1,1,1,-1,1,-1,-1,1,1,-1,-1,1,1,-1,1,1,-1,-1,1,-1,1,1,1,1,-1,1,1,-1,1,1,-1,1,1,-1,-1,1,1,-1,-1,1,-1,1,1,1,1,1,1,-1,1,1,1,1,1,1,-1,-1,1,1,1,1,1,-1,-1,1,1,1,1,1,1,-1,1,1,-1,-1,1,1,-1,1,1,1,1,1,-1,1,1,1,1,1,-1,1,1,1,1,1,1,1,-1,-1,1,1,-1,1,1,1,-1,1,1,1,1,1,1,1,1,1,1,1,1,1,1,-1,1,1,1,1,1,-1,-1,1,1,-1,1,1,1,1,1,1,1,1,1,-1,-1,1,-1,1,1,1,-1,-1,1,1,1,1,1,-1,-1,1,1,-1,1,1,-1,-1,1,1,1,-1,1,-1,1,1,1,-1,1,1,1,-1,1,1,1,-1,1,-1,1,1,1,-1,-1,-1,-1,1,1,1,-1,1,1,-1,1,1,-1,-1,1,1,-1,1,1,-1,1,1,1,1,-1,1,1,-1,-1,1,1,1,-1,1,-1,1,-1,-1,1,1,1,-1,-1,-1,1,1,-1,1,1,-1,1,-1,1,1,1,1,1,-1,-1,1,-1,1,-1,1,-1,-1,-1,1,1,1,1,-1,-1,1,-1,1,1,1,-1,1,-1,1,-1,1,1,-1,-1,1,-1,1,1,1,-1,-1,-1,1,1,1,1,-1,-1,1,-1,1,1,-1,1,-1,1,1,1,1,-1,-1,-1,-1,1,1,1,-1,1,-1,1,-1,1,1,-1,-1,1,-1,1,1,1,1,-1,-1,-1,-1,1,1,1,-1,-1,1,-1,1,1,-1,-1,-1,-1,-1,1,-1,1,-1,-1,-1,-1,1,-1,1,-1,-1,-1,-1,-1,1,1,1,-1,-1,-1,1,-1,-1,-1,1,1,1,1,-1,-1,-1,-1,1,1,-1,-1,1,-1,1,1,1,-1,-1,-1,-1,-1,1,-1,1,-1,-1,-1,1,1,-1,1,-1,-1,-1,1,1,-1,1,-1,-1,-1,1,1,-1,1,-1,-1,-1,-1,1,1,1,-1,1,-1,-1,1,-1,1,-1,-1,1,-1,1,-1,1,1,-1,-1,-1,-1,-1,1,1,-1,-1,-1,-1,-1,1,1,-1,-1,-1,1,1,1,-1,-1,-1,-1,1,1,1,-1,1,-1,1,-1,1,1,1,-1,-1,-1,-1,-1,1,-1,1,-1,-1,1,-1,1,1,-1,1,-1,-1,1,1,1,-1,1,-1,-1,-1,1,1,-1,1,-1,-1,-1,1,1,-1,1,-1,-1,-1,1,1,1,-1,1,-1,-1,1,1,-1,-1,-1,-1,-1,-1,1,1,-1,1,-1,-1,1,-1,1,-1,1,-1,-1,1,-1,-1,1,-1,1,-1,1,1,-1,1,-1,1,-1,-1,-1,-1,1,-1,1,-1,-1,1,-1,1,-1,-1,-1,-1,1,-1,1,-1,1,-1,-1,1,-1,1,-1,1,-1,-1,-1,1,1,-1,-1,-1,-1,1,-1,-1,-1,-1,-1,-1,-1,-1,1,-1,-1,-1,-1,1,1,-1,1,-1,-1,-1,1,-1,-1,1,-1,-1,-1,-1,-1,1,1,-1,-1,-1,-1,-1,1,-1,-1,-1,1,-1,-1,1,-1,1,-1,-1,-1,-1,-1,-1,-1,1,-1,-1,-1,1,1,-1,-1,-1,-1,1,-1,-1,-1,-1,-1,-1,-1,1,-1,1,-1,-1,-1,-1,1,-1,1,1,-1,1,-1,-1,1,1,-1,-1,-1,-1,-1,-1,1,1,-1,-1,1,-1,1,1,-1,-1,-1,1,-1,-1,1,-1,-1,1,-1,-1,1,1,1,-1,1,-1,1,1,1,-1,-1,1,-1,-1,1,1,1,-1,1,-1,-1,1,1,-1,1,1,-1,-1,1,1,1,1,1,-1,-1,1,1,-1,1,1,-1,-1,1,1,1,1,1,1,-1,1,1,1,-1,1,1,-1,1,-1,1,1,1,1,-1,-1,1,-1,1,1,1,-1,1,1,1,1,-1,1,-1,1,1,1,1,1,1,1,-1,1,1,1,1,-1,1,-1,1,1,1,1,-1,1,-1,1,1,1,1,1,-1,1,1,1,1,1,1,1,1,1,1,1,-1,1,1,1,1,1,1,-1,-1,1,-1,1,1,1,-1,1,-1,1,1,1,1,1,-1,1,1,1,1,1,-1,-1,1,-1,1,-1,1,-1,1,-1,-1,1,1,1,-1,-1,-1,-1,1,-1,1,1,-1,1,1,1,1,1,-1,-1,1,1,1,1,1,-1,-1,-1,1,-1,-1,1,-1,1,1,-1,1,1,1,-1,1,-1,1,-1,1,1,-1,-1,1,-1,1,1,1,-1,-1,1,-1,-1,1,1,-1,-1,1,1,1,1,1,1,1,1,-1,1,1,1,1,-1,1,-1,1,1,-1,1,-1,1,1,1,1,-1,1,-1,-1,1,1,1,-1,1,-1,1,-1,1,-2650.0,1,2000,445,1000,True
2670,1,1,-1,-1,1,1,-1,1,1,1,1,-1,1,-1,1,1,-1,1,-1,-1,-1,1,1,1,1,1,-1,-1,1,1,1,1,-1,-1,-1,1,-1,1,1,1,-1,-1,1,1,1,1,1,1,-1,1,1,1,-1,1,-1,1,1,-1,1,1,1,-1,-1,-1,1,1,1,1,1,-1,1,-1,1,1,1,1,1,1,-1,1,1,-1,1,-1,-1,1,1,1,1,1,1,1,-1,1,1,1,-1,1,-1,1,1,1,1,1,-1,-1,-1,1,1,1,1,1,-1,-1,1,1,1,1,1,-1,-1,1,1,1,1,1,-1,-1,1,1,1,1,-1,-1,-1,1,1,1,1,-1,-1,-1,1,1,1,1,1,-1,-1,-1,1,1,1,1,1,-1,-1,1,1,1,-1,1,-1,-1,1,1,1,-1,1,-1,1,1,1,1,-1,-1,-1,1,1,1,-1,1,1,-1,1,1,1,-1,-1,-1,-1,-1,1,1,-1,-1,1,-1,1,1,-1,1,-1,1,-1,1,1,1,1,-1,1,-1,1,1,-1,1,-1,1,-1,1,1,-1,-1,-1,1,1,-1,1,-1,-1,-1,1,1,-1,1,1,1,-1,1,-1,-1,1,-1,1,-1,1,1,-1,1,-1,1,-1,1,-1,1,1,-1,1,-1,1,-1,-1,1,-1,1,-1,1,1,1,1,-1,1,-1,1,1,1,1,-1,-1,-1,1,1,1,1,-1,-1,-1,1,1,-1,1,-1,-1,-1,1,-1,1,1,1,1,1,1,1,1,1,-1,1,-1,1,1,1,1,-1,1,1,1,1,1,1,-1,-1,1,1,-1,1,1,1,-1,1,1,1,1,1,1,1,1,1,1,1,1,-1,1,-1,1,1,1,1,-1,-1,1,1,1,-1,1,1,1,-1,1,1,1,1,1,-1,1,1,1,1,1,1,-1,1,1,1,1,1,1,-1,1,1,1,-1,1,1,-1,1,1,1,1,-1,1,-1,1,-1,1,-1,1,1,1,-1,-1,1,1,-1,1,-1,1,1,-1,-1,-1,-1,-1,1,1,1,-1,1,1,-1,1,1,-1,-1,1,1,1,1,1,-1,1,1,1,-1,1,1,-1,-1,-1,1,1,1,-1,-1,-1,1,1,1,1,1,1,-1,-1,-1,1,-1,1,-1,1,-1,1,1,-1,1,-1,1,1,-1,1,-1,-1,1,-1,1,-1,1,1,-1,-1,-1,1,-1,-1,1,-1,1,-1,1,-1,1,1,1,1,-1,1,-1,-1,1,-1,1,-1,1,-1,1,1,1,-1,1,1,-1,1,-1,1,-1,1,-1,-1,1,-1,1,-1,1,-1,-1,1,-1,1,-1,1,-1,-1,1,-1,-1,1,1,-1,-1,1,-1,1,1,-1,1,-1,1,1,-1,-1,1,1,-1,-1,-1,1,-1,1,-1,-1,1,-1,-1,1,-1,1,-1,-1,1,-1,1,-1,1,1,-1,1,-1,-1,1,1,1,-1,1,-1,1,-1,-1,1,1,-1,-1,1,-1,-1,1,1,1,1,-1,-1,1,-1,1,1,1,-1,-1,-1,-1,-1,1,1,1,-1,-1,-1,1,1,-1,1,-1,-1,-1,1,1,-1,1,-1,-1,1,1,1,-1,1,-1,-1,-1,-1,1,1,1,-1,1,-1,-1,1,-1,1,-1,-1,1,1,-1,-1,1,1,-1,-1,-1,-1,-1,1,1,-1,-1,1,-1,-1,1,1,-1,-1,1,-1,1,1,-1,-1,-1,-1,-1,1,1,-1,1,-1,-1,1,1,1,1,-1,1,-1,-1,-1,1,1,-1,1,-1,1,-1,1,1,-1,-1,1,1,1,1,1,-1,1,1,-1,-1,1,1,-1,-1,1,1,-1,1,1,-1,-1,1,-1,-1,1,1,1,-1,1,1,-1,1,1,-1,-1,1,1,-1,1,1,1,-1,1,1,-1,-1,-1,1,-1,1,-1,-1,1,-1,-1,1,1,1,-1,-1,1,-1,1,1,1,-1,1,-1,-1,1,-1,1,-1,-1,1,-1,1,1,-1,-1,-1,1,-1,1,1,-1,-1,-1,1,-1,1,-1,1,-1,-1,-1,-1,1,-1,-1,-1,-1,1,1,-1,-1,-1,-1,-1,-1,-1,1,-1,-1,-1,-1,1,-1,-1,1,-1,-1,-1,1,-1,-1,1,-1,-1,-1,-1,-1,1,1,-1,-1,-1,-1,-1,1,-1,-1,-1,1,-1,-1,1,-1,1,-1,-1,-1,-1,-1,-1,-1,1,-1,-1,-1,1,1,-1,-1,-1,-1,1,-1,-1,-1,-1,-1,-1,-1,1,1,1,-1,-1,-1,-1,1,-1,1,1,-1,1,-1,-1,1,1,-1,-1,-1,-1,-1,-1,1,1,-1,-1,1,-1,1,1,-1,-1,-1,-1,-1,1,1,-1,-1,1,1,-1,1,1,1,-1,1,-1,1,1,1,-1,-1,1,-1,-1,1,1,-1,-1,1,-1,-1,1,1,-1,1,1,1,-1,1,1,-1,-1,1,1,-1,1,1,-1,-1,1,1,-1,1,1,1,-1,-1,1,-1,-1,1,-1,-1,1,1,-1,1,-1,1,-1,1,1,-1,-1,1,1,-1,-1,1,-1,1,1,1,-1,-1,1,1,1,1,1,-1,-1,1,1,-1,1,-1,-1,1,-1,1,-1,1,-1,-1,1,1,-1,1,1,1,-1,-1,1,1,-1,1,-1,1,1,1,-1,-1,1,1,-1,-1,1,1,-1,1,1,-1,1,-1,1,-1,1,1,-1,1,1,-1,-1,-1,1,-1,1,-1,1,-1,-1,1,-1,1,-1,1,-1,-1,1,-1,-1,1,-1,-1,-1,1,-1,1,1,-1,1,-1,1,1,1,-1,1,-1,1,-1,1,1,-1,1,-1,-1,-1,-1,1,-1,1,-1,1,-1,1,1,1,-1,1,-1,1,1,1,-1,1,-1,1,1,-1,1,-1,-1,1,1,1,1,1,-1,-1,1,1,1,1,1,1,-1,1,1,1,1,1,1,-1,-1,1,-1,-1,1,1,-1,1,1,1,1,1,1,-1,-1,1,1,-1,1,1,1,-1,1,1,-1,1,1,-1,-1,1,-2650.0,1,2000,445,500,True
2671,1,1,-1,-1,1,1,-1,1,1,1,1,-1,-1,-1,1,1,-1,1,-1,-1,-1,1,1,1,1,1,-1,-1,1,1,1,1,-1,-1,-1,1,-1,1,1,1,-1,-1,1,1,1,1,1,1,-1,-1,1,1,-1,1,-1,1,1,-1,1,1,1,-1,-1,-1,1,1,1,1,1,-1,1,-1,1,1,1,1,1,1,-1,1,1,-1,1,-1,-1,1,1,1,1,1,1,1,-1,1,1,1,-1,1,-1,-1,1,1,1,1,-1,-1,-1,1,1,1,1,1,-1,-1,1,1,1,1,1,-1,-1,1,1,1,1,1,-1,-1,1,1,1,1,-1,-1,-1,-1,1,1,1,-1,-1,-1,-1,1,1,1,1,-1,-1,-1,1,1,1,1,1,-1,-1,-1,1,1,-1,1,-1,-1,1,-1,1,-1,1,-1,-1,-1,1,1,-1,-1,-1,1,1,1,-1,1,1,-1,-1,-1,1,-1,-1,-1,-1,-1,-1,1,-1,-1,1,-1,-1,-1,1,-1,-1,1,-1,-1,1,1,1,-1,1,-1,1,1,-1,-1,-1,1,-1,1,-1,1,1,-1,1,1,-1,-1,-1,1,-1,1,1,-1,1,-1,1,-1,1,-1,-1,-1,1,-1,-1,1,1,-1,1,-1,1,-1,1,-1,-1,-1,1,-1,-1,1,-1,1,-1,1,1,-1,1,1,1,-1,1,1,-1,1,1,1,1,1,-1,-1,1,1,1,-1,-1,1,-1,1,1,1,1,1,1,-1,1,-1,1,1,-1,1,1,1,1,1,1,1,1,-1,1,1,1,-1,1,1,1,1,1,1,1,-1,1,1,1,-1,1,1,1,1,1,1,1,1,1,1,1,1,1,1,1,1,1,1,-1,1,1,1,1,-1,1,1,1,1,1,-1,1,1,-1,1,1,1,1,1,-1,1,1,1,1,1,1,-1,1,-1,1,1,1,1,-1,1,-1,1,1,1,1,-1,1,-1,1,-1,-1,1,-1,1,1,-1,1,1,1,1,-1,1,-1,1,-1,1,-1,1,-1,-1,1,-1,-1,-1,1,1,-1,1,-1,1,-1,1,-1,1,-1,1,1,1,1,-1,1,-1,1,1,-1,1,-1,-1,-1,-1,1,1,1,1,-1,-1,1,1,1,1,-1,-1,1,-1,-1,1,-1,1,-1,1,-1,1,1,-1,-1,-1,1,1,-1,1,-1,1,-1,-1,1,-1,1,1,-1,-1,-1,1,-1,-1,1,1,-1,-1,1,-1,1,1,-1,1,-1,1,-1,-1,1,1,-1,-1,1,-1,1,1,-1,-1,1,1,-1,1,-1,1,-1,1,-1,1,1,-1,1,-1,1,-1,-1,1,-1,-1,-1,1,-1,-1,1,1,1,-1,1,-1,-1,1,-1,-1,1,-1,1,-1,1,1,1,-1,1,1,-1,1,-1,1,-1,1,-1,-1,1,-1,1,1,1,1,-1,-1,1,1,-1,1,1,-1,1,1,1,1,-1,1,1,-1,1,1,1,1,-1,1,1,-1,1,1,-1,1,-1,1,-1,-1,1,-1,-1,1,-1,-1,1,-1,-1,-1,1,1,-1,-1,1,-1,-1,1,1,-1,-1,1,-1,-1,-1,-1,-1,-1,1,-1,-1,-1,-1,-1,-1,1,-1,-1,1,1,1,1,1,-1,-1,1,1,-1,-1,1,-1,-1,-1,1,-1,-1,1,1,-1,1,1,1,-1,1,1,-1,-1,1,-1,-1,1,1,-1,-1,1,-1,1,1,-1,-1,1,1,-1,1,1,-1,1,1,-1,1,1,1,1,-1,1,1,-1,-1,1,1,-1,1,1,1,-1,1,1,-1,-1,1,1,1,1,1,-1,1,1,-1,-1,1,1,-1,-1,1,1,-1,1,1,-1,-1,1,1,-1,1,1,1,-1,-1,1,-1,1,1,-1,-1,1,1,-1,1,1,1,-1,1,-1,-1,1,-1,1,-1,1,-1,-1,1,-1,-1,-1,1,1,-1,1,1,-1,-1,1,-1,-1,1,-1,-1,1,-1,-1,-1,1,1,-1,-1,1,-1,-1,1,1,-1,-1,1,-1,-1,-1,1,-1,-1,1,-1,-1,-1,1,-1,-1,-1,-1,-1,1,-1,-1,1,-1,-1,-1,-1,-1,-1,1,-1,-1,-1,-1,1,-1,-1,1,-1,-1,-1,1,-1,-1,1,-1,-1,-1,1,-1,1,1,-1,-1,-1,1,-1,1,-1,-1,-1,1,-1,-1,1,-1,1,-1,1,1,-1,-1,-1,-1,1,1,1,-1,1,1,1,-1,-1,-1,1,-1,-1,-1,-1,1,1,-1,1,-1,1,-1,1,1,-1,1,-1,1,1,-1,1,-1,-1,1,1,-1,-1,1,1,-1,-1,1,1,-1,1,1,-1,1,1,-1,-1,-1,1,-1,1,1,-1,-1,1,1,-1,1,1,1,-1,1,-1,1,1,1,-1,1,1,-1,-1,1,1,-1,-1,-1,1,-1,1,1,-1,1,-1,-1,-1,1,1,-1,-1,-1,1,-1,1,1,-1,-1,-1,-1,-1,1,1,1,-1,-1,-1,-1,-1,1,-1,-1,1,-1,-1,1,-1,1,-1,-1,-1,-1,-1,1,1,-1,1,-1,-1,1,-1,1,-1,1,-1,1,1,1,1,-1,-1,-1,1,-1,-1,-1,-1,-1,-1,1,-1,1,-1,-1,-1,1,-1,1,-1,-1,-1,-1,-1,1,-1,1,-1,1,-1,1,-1,-1,1,1,-1,1,-1,1,-1,-1,1,-1,1,-1,1,-1,1,1,-1,1,1,-1,-1,-1,1,-1,1,-1,1,-1,-1,1,-1,1,-1,1,-1,-1,1,-1,-1,1,-1,-1,-1,1,-1,1,1,-1,1,-1,1,1,1,-1,1,-1,1,-1,1,1,-1,1,-1,-1,-1,-1,1,-1,1,-1,1,-1,1,1,1,-1,1,-1,1,1,1,-1,1,-1,1,1,-1,1,-1,-1,1,1,1,1,1,-1,-1,1,1,1,1,1,1,-1,-1,1,1,1,1,1,-1,1,1,-1,-1,1,1,-1,1,1,1,1,1,1,-1,-1,1,1,-1,1,1,1,-1,1,1,-1,1,1,-1,-1,1,-2650.0,1,2000,445,500,True
2672,1,1,-1,-1,1,1,-1,1,1,1,1,-1,1,1,1,1,-1,1,-1,-1,-1,1,1,1,1,1,-1,-1,1,1,1,1,-1,-1,-1,1,-1,1,1,1,-1,-1,1,1,1,1,1,1,-1,-1,1,1,-1,1,-1,-1,-1,-1,1,1,1,-1,-1,1,1,1,1,1,1,-1,1,-1,1,1,1,1,-1,1,-1,1,1,-1,1,-1,-1,1,1,1,1,1,1,-1,-1,1,1,1,-1,-1,-1,1,1,1,1,1,-1,-1,-1,1,1,1,1,-1,-1,-1,1,1,1,1,1,-1,-1,1,1,1,1,-1,-1,-1,1,1,1,1,-1,-1,-1,1,1,1,1,-1,-1,-1,-1,1,1,1,1,-1,-1,-1,1,1,1,-1,1,-1,1,1,1,1,-1,-1,-1,-1,1,1,1,-1,1,-1,1,1,1,1,-1,-1,-1,1,1,1,-1,1,1,-1,1,1,1,-1,-1,-1,-1,-1,1,1,-1,-1,1,-1,-1,1,-1,1,-1,1,-1,-1,1,1,1,-1,1,-1,1,1,1,1,-1,1,-1,1,1,-1,-1,-1,1,1,-1,1,-1,1,-1,1,1,-1,1,-1,1,-1,1,-1,-1,1,-1,-1,-1,1,1,-1,1,1,-1,-1,1,-1,1,1,-1,-1,-1,1,-1,-1,1,-1,1,-1,1,1,1,1,-1,-1,1,1,1,1,1,1,-1,1,1,1,1,1,-1,-1,-1,1,1,1,1,1,-1,-1,1,-1,-1,1,1,-1,1,1,1,1,1,-1,1,-1,1,-1,1,-1,1,1,1,1,1,1,1,-1,-1,1,1,-1,1,1,1,-1,1,1,1,1,1,1,1,1,1,1,1,1,1,1,-1,1,1,1,1,1,-1,1,1,1,-1,1,1,1,-1,1,1,1,1,1,-1,1,1,1,1,1,1,-1,1,1,1,1,1,1,-1,1,1,1,-1,1,1,-1,1,1,1,-1,-1,1,-1,1,-1,1,-1,1,1,1,-1,-1,1,1,-1,1,-1,1,1,-1,-1,-1,-1,-1,1,1,1,-1,1,1,-1,1,1,-1,-1,1,1,1,1,1,-1,-1,1,1,-1,1,1,-1,-1,-1,1,1,-1,-1,-1,-1,1,-1,1,-1,1,1,1,-1,-1,1,-1,1,-1,-1,1,-1,1,-1,1,-1,1,1,-1,1,-1,-1,1,-1,1,-1,1,-1,-1,-1,-1,1,-1,-1,1,-1,1,-1,1,-1,1,1,-1,1,-1,1,-1,1,-1,-1,1,-1,1,-1,1,-1,1,1,1,1,-1,1,-1,1,-1,1,-1,1,1,-1,1,-1,1,-1,-1,1,-1,1,-1,1,-1,1,-1,1,1,1,1,-1,-1,1,-1,1,1,-1,1,-1,1,-1,1,-1,1,1,-1,-1,-1,1,-1,1,-1,-1,1,-1,1,1,1,1,-1,-1,1,1,-1,1,1,-1,-1,1,1,1,1,1,1,-1,1,1,1,1,-1,-1,1,-1,1,1,-1,-1,1,1,-1,-1,1,-1,1,-1,1,-1,1,-1,-1,-1,-1,-1,-1,1,1,-1,-1,-1,1,-1,-1,1,-1,-1,-1,1,-1,1,1,-1,-1,-1,1,-1,-1,1,-1,-1,-1,-1,1,1,1,-1,1,-1,-1,-1,-1,1,-1,1,1,1,-1,-1,1,1,-1,-1,-1,-1,-1,1,1,-1,-1,1,-1,-1,1,1,-1,-1,1,-1,1,1,-1,-1,-1,-1,-1,1,1,-1,1,-1,-1,1,1,1,1,-1,1,-1,-1,-1,1,1,-1,1,-1,1,-1,1,1,-1,-1,1,1,1,1,1,-1,1,1,-1,-1,1,1,-1,-1,1,-1,-1,1,1,-1,-1,1,1,-1,1,1,1,-1,1,1,-1,1,1,-1,-1,1,1,-1,1,1,-1,-1,1,-1,-1,-1,-1,1,-1,1,-1,-1,1,-1,-1,1,-1,1,-1,1,1,-1,1,1,-1,-1,1,-1,-1,1,-1,-1,-1,1,1,-1,1,1,-1,-1,-1,1,-1,1,1,-1,-1,-1,1,-1,1,1,-1,-1,-1,-1,1,-1,1,-1,-1,-1,1,-1,1,-1,-1,-1,-1,-1,-1,1,-1,-1,-1,-1,1,1,-1,1,-1,-1,-1,1,-1,-1,1,-1,-1,-1,-1,-1,1,1,-1,-1,-1,-1,-1,1,-1,-1,-1,1,-1,-1,1,-1,1,-1,-1,-1,-1,-1,-1,-1,1,-1,-1,-1,1,1,-1,-1,-1,-1,1,-1,-1,-1,-1,-1,-1,-1,1,1,1,-1,-1,-1,-1,1,-1,1,1,-1,1,-1,-1,1,1,-1,-1,-1,-1,-1,-1,1,1,-1,-1,1,-1,1,1,-1,-1,-1,1,-1,1,1,-1,-1,-1,-1,-1,1,1,1,-1,-1,-1,1,1,1,-1,-1,1,-1,-1,1,1,-1,-1,1,-1,-1,1,1,-1,1,-1,-1,-1,1,1,-1,-1,1,-1,-1,1,1,-1,-1,1,-1,-1,1,1,1,-1,-1,1,-1,1,1,-1,-1,1,-1,-1,1,-1,1,-1,-1,1,-1,-1,1,1,-1,-1,1,-1,1,1,1,-1,-1,1,-1,1,1,1,-1,-1,1,1,-1,-1,-1,-1,1,-1,1,-1,1,-1,-1,1,-1,1,-1,1,1,-1,1,1,1,-1,1,-1,1,-1,1,-1,-1,1,1,-1,-1,1,1,-1,1,1,-1,1,-1,1,-1,1,1,-1,1,1,-1,-1,-1,1,-1,1,-1,1,-1,-1,1,1,-1,1,1,-1,1,1,-1,-1,1,-1,-1,-1,1,-1,1,1,-1,1,1,1,1,1,-1,1,-1,1,1,1,1,-1,1,-1,-1,1,-1,1,-1,1,1,1,1,-1,1,1,-1,-1,-1,1,1,1,-1,1,1,1,1,1,1,-1,-1,1,1,1,1,1,-1,-1,1,1,1,1,1,1,-1,1,1,1,1,1,1,-1,1,1,1,1,1,-1,-1,1,1,1,1,1,1,-1,1,1,1,1,1,-1,1,-1,1,1,-1,1,1,-1,1,1,-2650.0,1,2000,445,500,True
2673,-1,-1,1,1,1,1,-1,1,-1,-1,-1,1,-1,1,-1,-1,1,-1,1,1,-1,1,-1,-1,-1,1,-1,-1,1,-1,-1,-1,1,1,-1,1,1,-1,-1,-1,1,-1,1,-1,-1,-1,-1,-1,1,-1,-1,-1,1,-1,1,-1,-1,1,-1,-1,-1,1,1,1,-1,-1,-1,-1,-1,-1,1,-1,-1,-1,-1,-1,-1,1,-1,-1,-1,1,1,-1,-1,-1,-1,-1,-1,1,-1,-1,-1,-1,-1,-1,-1,1,-1,1,-1,-1,-1,-1,1,-1,-1,-1,-1,-1,-1,1,-1,-1,-1,-1,-1,-1,1,-1,-1,-1,-1,-1,-1,1,-1,-1,1,-1,-1,-1,-1,-1,-1,1,-1,-1,-1,-1,-1,-1,1,-1,-1,-1,1,-1,-1,-1,-1,-1,-1,-1,1,-1,-1,1,-1,-1,1,1,-1,1,-1,-1,1,-1,1,-1,-1,-1,-1,-1,-1,-1,-1,1,-1,-1,-1,1,1,-1,-1,-1,-1,-1,-1,-1,-1,1,-1,1,-1,-1,1,-1,1,-1,-1,1,-1,1,-1,1,-1,-1,-1,-1,1,-1,1,-1,-1,1,-1,1,1,1,-1,1,1,-1,1,1,-1,1,-1,-1,-1,1,-1,1,-1,1,-1,-1,1,1,1,-1,-1,1,-1,1,1,1,-1,-1,-1,-1,1,1,-1,1,-1,-1,-1,1,1,1,-1,-1,1,-1,1,-1,-1,-1,-1,1,-1,1,1,-1,-1,-1,-1,-1,1,-1,1,-1,1,-1,-1,1,1,1,-1,-1,-1,-1,1,1,-1,-1,-1,1,1,1,-1,-1,-1,1,-1,-1,1,1,1,-1,-1,-1,1,1,-1,-1,-1,1,-1,1,-1,1,-1,-1,-1,-1,1,1,-1,-1,-1,-1,1,1,1,-1,-1,-1,-1,1,-1,1,-1,-1,-1,-1,-1,1,1,-1,1,-1,-1,1,-1,1,-1,-1,-1,-1,-1,1,1,-1,-1,-1,-1,-1,1,-1,-1,-1,-1,-1,-1,1,-1,-1,-1,1,-1,1,1,-1,-1,1,1,-1,-1,1,1,-1,-1,1,-1,-1,-1,1,-1,-1,-1,1,-1,1,-1,-1,-1,-1,-1,-1,1,1,-1,-1,1,1,-1,1,-1,-1,1,1,-1,-1,1,-1,-1,1,1,-1,1,1,-1,-1,-1,-1,1,1,1,1,-1,-1,1,-1,-1,1,-1,-1,1,1,-1,1,-1,1,-1,-1,1,-1,-1,1,-1,-1,1,1,-1,1,-1,1,-1,-1,1,-1,1,-1,-1,-1,-1,1,-1,-1,1,1,-1,-1,1,-1,1,1,-1,1,-1,1,-1,1,-1,1,-1,-1,1,-1,-1,-1,-1,-1,1,1,-1,1,-1,1,-1,1,-1,1,1,-1,1,-1,1,-1,-1,-1,-1,-1,-1,1,-1,1,-1,-1,1,-1,1,-1,-1,1,-1,-1,1,-1,1,-1,-1,1,1,-1,1,1,-1,-1,1,1,-1,1,-1,-1,1,-1,1,1,1,1,-1,-1,-1,1,-1,1,1,-1,-1,-1,1,1,-1,1,1,-1,1,1,1,1,-1,-1,1,-1,1,1,-1,1,-1,1,1,-1,1,-1,-1,1,-1,-1,1,-1,-1,-1,1,1,-1,1,1,-1,-1,1,1,-1,-1,1,-1,-1,-1,-1,-1,1,1,-1,-1,-1,-1,-1,1,1,-1,-1,1,1,1,-1,1,-1,-1,1,1,-1,1,1,-1,-1,-1,1,-1,-1,1,1,-1,1,1,1,1,1,-1,1,1,1,-1,1,1,1,-1,1,1,-1,1,1,-1,1,1,1,-1,1,1,-1,-1,1,-1,1,1,1,-1,1,1,1,-1,1,1,-1,1,1,1,1,1,1,1,1,1,1,1,1,1,-1,1,1,1,-1,1,1,1,1,1,1,1,1,1,-1,1,1,1,1,1,1,1,-1,1,-1,1,1,1,1,1,1,1,1,1,1,-1,1,1,1,-1,1,-1,-1,1,1,1,-1,1,1,-1,1,1,1,1,1,-1,-1,1,1,1,-1,1,1,-1,1,1,-1,-1,1,-1,1,1,1,1,-1,1,1,-1,1,1,1,-1,1,1,-1,1,-1,1,-1,1,1,-1,1,1,1,-1,1,-1,1,1,-1,-1,-1,1,1,-1,1,-1,-1,-1,1,1,-1,1,1,-1,1,1,1,-1,1,1,1,-1,1,1,1,1,1,1,-1,1,1,1,1,1,-1,-1,1,1,1,1,-1,-1,1,1,1,1,1,-1,-1,-1,-1,1,1,1,-1,1,1,1,1,1,-1,1,-1,-1,1,1,1,1,1,1,1,1,1,1,1,1,-1,1,1,1,1,1,-1,1,1,1,1,1,1,1,-1,1,-1,1,1,-1,1,-1,1,1,1,1,-1,1,1,1,1,1,1,1,1,1,1,-1,1,1,1,1,1,1,1,1,1,1,-1,1,1,1,1,-1,1,1,1,1,1,1,1,1,-1,1,1,1,1,1,1,1,1,1,1,1,1,1,1,1,1,-1,1,1,1,1,1,1,-1,1,1,1,1,1,-1,-1,1,1,1,1,1,1,-1,1,1,1,1,1,1,-1,1,-1,1,1,1,1,-1,1,1,1,1,-1,1,1,1,1,1,1,-1,1,1,1,1,1,1,-1,1,1,1,1,1,-1,-1,1,1,-1,1,1,1,1,1,-1,1,-1,1,1,-1,1,-1,1,-1,1,1,-1,1,-1,1,1,1,-1,-1,-1,1,1,1,-1,1,-1,1,-1,1,1,-1,1,-1,1,-1,1,-1,1,-1,-1,1,1,1,1,1,-1,-1,1,1,1,1,-1,1,1,-1,1,1,1,-1,1,-1,1,-1,1,1,-1,-1,1,1,1,-1,1,1,-1,1,1,-1,1,1,-1,-1,1,-1,1,-1,1,-1,-1,1,1,1,1,1,-1,-1,1,1,1,1,1,1,-1,1,-1,1,1,1,1,-1,1,1,1,1,1,1,-1,1,1,1,-1,1,1,-1,-1,1,1,-1,1,1,1,-1,1,1,-1,1,1,-1,-1,1,-2650.0,1,2000,445,500,True
2674,1,1,-1,-1,1,1,-1,1,1,1,1,-1,1,1,1,1,-1,1,-1,-1,-1,1,1,1,1,-1,1,-1,1,1,1,1,-1,-1,-1,1,-1,1,1,1,-1,-1,1,1,1,1,1,-1,1,1,1,1,-1,1,-1,-1,1,-1,1,1,1,-1,-1,1,1,1,1,1,-1,-1,1,-1,1,1,1,-1,-1,1,-1,1,1,-1,-1,-1,-1,1,1,1,-1,-1,1,1,-1,1,1,-1,-1,-1,-1,-1,1,1,-1,-1,-1,-1,-1,1,1,-1,-1,1,-1,-1,1,1,-1,-1,1,-1,-1,1,1,1,-1,-1,-1,-1,1,1,1,-1,-1,-1,-1,1,1,1,-1,-1,-1,-1,-1,1,1,-1,1,-1,-1,-1,1,1,-1,-1,1,-1,-1,1,1,-1,-1,-1,-1,-1,1,1,1,-1,1,-1,1,1,-1,-1,-1,-1,-1,1,1,-1,-1,1,1,-1,1,1,-1,-1,-1,-1,-1,-1,1,1,1,-1,1,-1,-1,1,-1,1,-1,1,-1,-1,1,1,-1,-1,1,-1,1,1,1,-1,-1,1,-1,1,1,-1,-1,-1,1,1,-1,1,-1,-1,1,1,-1,-1,1,-1,-1,-1,1,-1,-1,1,-1,1,-1,1,1,-1,1,-1,1,-1,1,-1,1,1,-1,1,-1,1,-1,-1,1,1,-1,-1,1,1,1,1,1,-1,-1,1,1,1,1,1,-1,-1,1,1,1,1,1,-1,-1,1,1,1,1,1,1,-1,1,-1,-1,1,1,-1,-1,1,1,1,1,1,1,-1,1,1,1,-1,1,1,-1,1,1,1,1,-1,1,-1,1,-1,1,1,1,1,-1,1,1,1,1,1,-1,-1,1,1,1,1,1,1,1,1,1,1,1,1,-1,-1,1,1,-1,1,1,-1,1,1,1,1,1,1,1,-1,1,-1,1,1,1,1,-1,1,1,1,1,1,1,-1,1,1,-1,1,1,-1,-1,1,1,1,-1,1,1,-1,-1,1,-1,1,1,1,1,-1,1,1,-1,1,1,-1,1,1,-1,-1,-1,-1,-1,1,1,-1,1,1,-1,-1,1,-1,-1,1,1,1,1,1,-1,1,1,1,-1,-1,1,1,1,-1,1,1,1,-1,1,-1,1,1,1,1,1,1,-1,-1,-1,1,1,1,1,1,-1,1,1,-1,1,1,1,1,-1,1,1,-1,1,-1,-1,-1,1,-1,-1,1,1,-1,-1,-1,1,-1,1,1,1,-1,1,1,1,-1,1,-1,1,-1,1,-1,1,1,1,-1,1,1,1,-1,1,-1,-1,1,-1,1,1,-1,1,-1,1,1,1,1,-1,1,-1,1,-1,1,1,1,-1,-1,1,-1,-1,1,-1,1,-1,1,-1,1,1,1,-1,-1,1,-1,-1,1,1,-1,-1,-1,1,-1,1,-1,1,-1,1,-1,-1,1,-1,1,-1,-1,1,-1,1,-1,1,1,-1,1,-1,-1,1,1,1,-1,1,-1,1,-1,1,1,1,-1,1,1,-1,-1,1,1,1,-1,1,-1,1,-1,1,1,1,-1,-1,-1,-1,-1,1,1,1,-1,-1,-1,1,1,-1,1,-1,-1,-1,1,1,-1,1,-1,-1,1,1,1,-1,1,-1,-1,-1,-1,1,1,1,-1,1,-1,-1,1,-1,1,-1,-1,1,-1,1,-1,1,1,-1,-1,-1,-1,-1,1,1,-1,-1,-1,-1,-1,1,1,-1,-1,-1,1,1,1,-1,-1,-1,-1,1,1,1,-1,1,-1,1,-1,1,1,1,-1,-1,-1,-1,-1,1,-1,1,-1,-1,1,-1,1,1,-1,1,-1,-1,1,1,1,-1,1,-1,-1,-1,1,1,-1,-1,-1,-1,-1,1,1,-1,1,-1,-1,-1,1,1,1,-1,1,-1,-1,1,1,-1,-1,-1,-1,-1,1,1,1,-1,1,1,-1,1,-1,1,-1,-1,1,-1,1,-1,-1,1,1,1,-1,1,1,-1,1,-1,1,-1,1,-1,-1,1,-1,1,-1,1,1,-1,1,-1,1,-1,-1,1,-1,1,-1,1,-1,-1,1,-1,1,-1,1,-1,-1,-1,1,1,-1,-1,-1,-1,1,-1,-1,1,1,-1,-1,-1,-1,1,-1,1,-1,-1,1,1,-1,1,-1,-1,-1,1,-1,-1,-1,1,-1,-1,-1,-1,1,1,-1,-1,-1,-1,-1,1,1,-1,-1,1,-1,-1,1,1,1,-1,-1,-1,-1,-1,1,1,1,-1,-1,-1,1,-1,-1,-1,-1,-1,1,-1,1,1,-1,-1,-1,-1,1,-1,-1,-1,-1,1,-1,1,1,-1,1,-1,1,-1,-1,1,1,-1,-1,-1,-1,-1,-1,1,1,-1,-1,1,-1,1,-1,-1,-1,-1,-1,-1,-1,1,-1,-1,-1,1,-1,1,-1,1,-1,-1,-1,1,-1,1,-1,-1,1,-1,-1,1,1,1,-1,-1,-1,-1,1,1,-1,1,-1,-1,-1,1,1,1,1,1,-1,-1,1,1,-1,1,1,-1,-1,1,1,1,1,1,-1,-1,-1,1,1,1,1,-1,-1,1,-1,1,1,1,-1,-1,-1,1,-1,1,1,-1,-1,1,1,1,1,1,-1,-1,1,1,1,1,1,-1,-1,-1,1,1,1,1,-1,1,-1,1,1,1,-1,-1,-1,1,1,1,1,1,-1,1,-1,1,1,-1,1,-1,-1,-1,1,1,1,-1,1,-1,-1,1,1,1,1,-1,-1,-1,1,1,1,1,-1,1,-1,-1,1,1,-1,1,-1,-1,-1,1,1,-1,1,-1,1,-1,-1,1,1,1,1,-1,-1,1,1,1,1,1,1,-1,-1,1,1,1,-1,-1,1,1,1,1,1,-1,-1,-1,1,1,1,1,1,-1,1,1,-1,1,1,1,-1,-1,1,1,1,1,-1,1,-1,1,1,1,1,1,-1,1,1,1,1,1,1,-1,1,1,1,1,1,1,1,1,1,1,1,1,1,-1,1,1,1,1,1,1,-1,1,1,1,1,1,1,1,1,1,-1,1,1,-1,1,1,1,-1,1,1,1,-1,1,-2650.0,1,2000,445,500,True
2675,-1,-1,1,1,1,1,-1,1,-1,-1,-1,1,-1,1,-1,-1,1,-1,1,1,-1,1,-1,-1,-1,1,-1,-1,-1,-1,-1,-1,1,1,-1,1,1,-1,-1,-1,1,-1,1,-1,-1,-1,-1,1,-1,-1,-1,-1,1,-1,1,-1,-1,1,-1,-1,-1,1,1,1,-1,-1,-1,-1,-1,-1,1,-1,-1,-1,-1,-1,-1,1,-1,-1,-1,1,1,-1,-1,-1,-1,-1,-1,1,-1,-1,-1,-1,-1,-1,-1,1,-1,1,-1,-1,-1,-1,1,-1,-1,-1,-1,-1,-1,1,-1,-1,-1,-1,-1,-1,1,-1,-1,-1,-1,-1,-1,1,-1,-1,1,-1,-1,-1,-1,-1,-1,-1,-1,-1,-1,-1,-1,-1,-1,-1,-1,-1,1,-1,-1,-1,-1,-1,-1,-1,1,-1,1,-1,-1,-1,1,-1,-1,-1,-1,-1,1,-1,1,-1,-1,-1,-1,-1,-1,-1,-1,-1,-1,-1,-1,1,1,-1,-1,-1,-1,-1,-1,-1,-1,1,-1,1,-1,-1,-1,1,-1,-1,-1,1,-1,1,-1,1,-1,-1,-1,-1,1,-1,1,-1,-1,1,-1,1,1,1,-1,1,1,-1,1,1,-1,-1,-1,-1,-1,1,1,1,-1,1,-1,-1,1,1,1,-1,-1,1,-1,1,1,1,-1,-1,-1,-1,1,1,-1,1,-1,-1,-1,1,1,1,-1,-1,1,-1,1,-1,-1,-1,-1,1,1,1,-1,-1,-1,-1,-1,1,1,-1,1,-1,1,-1,-1,1,-1,1,-1,-1,-1,-1,1,1,-1,-1,-1,1,1,1,-1,-1,-1,1,-1,1,1,1,1,-1,-1,-1,1,1,-1,-1,-1,1,-1,1,-1,1,-1,-1,-1,-1,1,1,-1,-1,1,-1,1,1,1,-1,-1,-1,-1,1,-1,1,-1,1,-1,-1,-1,1,1,-1,1,-1,-1,1,-1,1,-1,-1,-1,-1,-1,1,1,-1,-1,-1,-1,-1,1,-1,-1,-1,-1,-1,-1,1,-1,-1,-1,1,-1,1,1,-1,-1,1,1,-1,-1,1,1,-1,-1,1,-1,-1,-1,1,-1,-1,-1,1,-1,1,-1,-1,-1,-1,-1,-1,1,1,-1,-1,1,1,-1,1,-1,1,-1,1,-1,-1,1,1,-1,-1,1,-1,1,1,-1,-1,-1,-1,1,1,1,1,-1,-1,1,-1,-1,1,-1,-1,-1,1,-1,1,-1,1,-1,-1,1,-1,-1,1,-1,-1,1,1,-1,-1,1,1,-1,-1,1,-1,-1,-1,-1,-1,-1,1,-1,-1,1,1,-1,-1,1,-1,1,-1,-1,1,-1,1,-1,-1,1,1,-1,-1,1,-1,1,-1,-1,-1,1,1,-1,-1,1,1,-1,1,-1,1,-1,1,1,-1,1,-1,1,-1,-1,-1,-1,1,-1,1,-1,1,1,-1,1,-1,-1,1,-1,-1,1,-1,1,1,1,-1,1,-1,1,1,-1,1,-1,1,-1,1,-1,-1,1,-1,1,1,1,1,-1,-1,1,1,-1,1,1,1,-1,1,1,1,-1,1,1,-1,1,1,1,1,-1,-1,-1,-1,1,1,-1,1,-1,1,1,-1,1,-1,-1,1,-1,-1,1,-1,-1,-1,1,1,-1,1,1,-1,-1,1,1,-1,-1,1,-1,-1,-1,-1,-1,1,1,-1,-1,-1,-1,-1,1,1,-1,-1,1,1,1,-1,1,-1,-1,1,1,-1,1,1,-1,-1,-1,1,-1,-1,1,1,-1,1,1,1,1,1,-1,1,1,1,-1,1,1,1,-1,1,1,-1,1,1,-1,1,1,1,-1,1,1,-1,-1,1,-1,1,1,1,-1,1,1,1,-1,1,1,1,1,1,1,1,1,1,1,1,1,1,1,1,1,-1,1,-1,1,-1,1,1,1,1,1,1,1,1,1,-1,1,1,1,1,1,1,1,-1,1,-1,1,1,1,1,1,1,1,1,1,1,-1,1,1,1,-1,1,-1,-1,1,1,1,-1,1,1,-1,1,1,1,1,1,1,1,1,1,1,-1,1,1,-1,1,1,-1,-1,1,1,-1,1,1,1,1,1,1,-1,1,1,1,-1,1,1,-1,1,1,1,-1,1,1,1,1,1,1,-1,1,1,-1,-1,1,-1,-1,1,1,1,1,-1,1,-1,1,1,-1,1,1,1,-1,1,1,-1,1,-1,1,-1,1,1,1,1,1,1,-1,1,1,1,1,1,-1,-1,1,1,1,1,-1,-1,1,1,1,1,1,-1,-1,-1,1,1,1,1,-1,1,-1,1,1,1,-1,1,-1,-1,1,1,1,1,1,1,1,1,1,-1,1,1,-1,1,1,1,1,1,-1,1,1,1,1,1,1,1,-1,1,-1,1,1,-1,1,-1,1,1,1,1,-1,1,-1,1,1,1,1,1,1,1,1,-1,1,1,1,1,1,1,1,1,1,1,-1,1,1,1,1,-1,1,1,-1,1,1,1,1,1,-1,1,1,1,1,1,1,1,1,-1,1,1,1,1,1,1,1,-1,1,1,1,1,1,1,-1,1,1,1,1,1,1,1,1,1,1,1,1,1,-1,1,1,1,1,1,1,-1,1,-1,1,1,1,1,-1,1,1,1,1,1,-1,1,1,1,1,1,1,1,1,1,1,1,1,-1,1,1,1,1,1,-1,1,1,1,-1,1,1,1,1,-1,-1,1,-1,1,1,1,1,-1,1,-1,-1,1,-1,1,-1,1,1,1,-1,1,-1,1,1,1,-1,1,1,-1,-1,1,1,-1,1,-1,-1,-1,1,-1,1,-1,-1,1,1,1,1,1,-1,-1,1,1,1,1,-1,1,1,1,1,1,1,-1,1,1,-1,-1,1,1,-1,-1,1,1,1,-1,1,1,-1,-1,-1,-1,1,1,-1,-1,1,1,1,-1,1,-1,-1,-1,1,1,1,1,-1,-1,1,1,1,1,1,1,-1,1,1,1,1,1,1,-1,-1,1,1,1,1,-1,-1,1,-1,1,-1,1,1,-1,-1,1,1,-1,1,-1,1,-1,1,1,-1,1,1,-1,-1,1,-2650.0,1,2000,445,500,True
2676,1,1,-1,-1,1,-1,1,1,1,1,1,-1,1,1,1,1,-1,1,-1,-1,1,1,1,1,1,-1,1,1,1,1,1,1,-1,-1,1,1,-1,1,1,1,-1,1,1,1,1,1,1,1,1,-1,1,1,-1,1,-1,-1,1,-1,1,1,1,-1,-1,-1,1,1,1,1,1,1,1,-1,1,1,1,1,1,1,-1,1,1,-1,-1,1,-1,1,1,1,1,-1,1,1,-1,1,1,1,1,-1,-1,1,1,1,1,1,-1,-1,-1,1,1,1,1,1,-1,-1,1,1,1,1,-1,-1,-1,1,1,1,1,1,-1,-1,1,1,1,1,-1,-1,-1,1,1,1,1,-1,-1,-1,1,1,1,1,-1,-1,-1,-1,1,1,1,-1,1,-1,1,-1,1,1,-1,1,-1,-1,1,-1,1,-1,1,-1,-1,-1,1,1,-1,-1,-1,1,-1,1,-1,1,1,-1,-1,-1,1,-1,-1,-1,-1,-1,-1,1,-1,-1,1,-1,-1,-1,1,-1,-1,1,-1,-1,1,1,1,-1,1,-1,1,1,-1,-1,-1,1,-1,1,-1,1,1,-1,1,1,-1,-1,1,1,-1,1,1,-1,1,-1,1,-1,1,-1,-1,-1,1,-1,-1,1,1,-1,-1,-1,1,-1,1,-1,-1,-1,1,-1,-1,1,-1,1,-1,1,1,1,1,1,-1,-1,1,-1,1,1,1,-1,-1,1,-1,1,1,1,1,-1,-1,1,-1,1,1,1,-1,1,1,-1,1,1,-1,-1,1,1,1,1,1,-1,-1,1,1,1,1,1,1,-1,-1,1,1,1,1,1,-1,1,-1,1,1,-1,1,-1,1,-1,1,1,1,1,-1,1,-1,1,1,1,-1,-1,1,-1,1,1,1,-1,1,-1,1,-1,1,1,-1,1,1,1,1,1,1,1,1,1,-1,-1,1,1,1,1,1,-1,-1,-1,1,-1,1,1,-1,-1,-1,1,1,-1,1,-1,-1,-1,1,1,1,1,-1,1,1,-1,1,-1,1,-1,-1,1,-1,1,-1,1,-1,1,-1,-1,1,1,1,-1,1,1,-1,1,1,-1,-1,1,-1,1,1,-1,1,-1,1,1,-1,1,-1,-1,1,-1,-1,-1,1,-1,1,1,1,1,-1,1,1,-1,-1,1,-1,-1,1,1,-1,1,1,1,-1,-1,1,-1,-1,1,-1,-1,-1,1,-1,-1,1,1,1,-1,1,-1,-1,1,-1,-1,-1,1,-1,-1,1,1,-1,-1,1,-1,1,-1,-1,1,-1,1,-1,-1,-1,1,-1,-1,-1,1,-1,-1,-1,1,-1,1,-1,1,-1,1,-1,-1,-1,1,-1,1,1,-1,-1,-1,-1,-1,-1,-1,1,-1,-1,1,-1,-1,1,1,1,-1,-1,1,-1,-1,1,-1,-1,-1,-1,1,1,-1,1,-1,-1,-1,1,1,-1,1,-1,-1,-1,-1,1,1,1,-1,-1,-1,-1,1,-1,1,-1,-1,-1,-1,1,1,-1,1,1,-1,-1,1,1,1,1,1,1,1,1,1,-1,1,-1,1,-1,1,-1,-1,-1,1,-1,-1,1,-1,-1,-1,1,1,-1,-1,1,-1,-1,1,1,-1,-1,1,-1,-1,-1,-1,-1,-1,1,-1,-1,-1,-1,-1,-1,1,-1,-1,1,1,1,1,1,-1,1,-1,1,-1,-1,1,-1,-1,-1,1,-1,-1,1,1,-1,1,1,1,-1,1,1,-1,-1,1,-1,-1,1,1,-1,-1,1,-1,1,1,-1,-1,1,1,-1,1,1,-1,1,1,1,1,1,1,1,-1,1,-1,-1,-1,1,1,-1,1,-1,1,-1,1,1,-1,-1,1,1,1,1,1,-1,1,1,-1,-1,1,1,-1,-1,1,1,-1,1,1,-1,-1,1,-1,-1,1,1,-1,-1,-1,1,-1,1,1,-1,-1,1,1,-1,1,1,1,-1,1,-1,-1,-1,-1,1,-1,1,-1,-1,1,-1,-1,1,-1,1,-1,1,1,-1,-1,1,-1,-1,1,-1,1,-1,1,-1,-1,1,1,-1,-1,1,1,-1,-1,1,1,-1,1,-1,-1,-1,1,-1,-1,1,-1,-1,-1,1,1,1,1,1,-1,-1,1,1,-1,1,1,-1,-1,-1,1,-1,1,-1,-1,-1,1,1,1,-1,1,-1,-1,1,1,1,-1,1,-1,-1,1,1,-1,-1,1,-1,-1,1,1,-1,1,-1,-1,1,1,1,-1,-1,1,-1,1,1,1,1,-1,1,1,1,1,1,-1,1,1,-1,-1,-1,1,1,-1,1,-1,1,1,1,-1,1,1,-1,-1,1,1,-1,1,1,1,-1,1,1,1,-1,1,-1,-1,1,1,-1,-1,1,1,-1,1,1,-1,1,1,-1,-1,1,-1,-1,1,1,-1,-1,1,1,-1,1,1,1,-1,1,-1,1,1,1,-1,1,1,-1,1,1,1,-1,-1,1,-1,1,1,1,-1,1,-1,1,-1,1,1,-1,-1,-1,1,-1,1,1,-1,-1,-1,-1,-1,1,1,1,-1,-1,1,-1,1,1,1,-1,1,-1,-1,1,-1,1,-1,-1,-1,1,1,1,1,-1,-1,1,-1,1,1,1,-1,1,-1,1,1,1,1,-1,-1,-1,1,-1,1,-1,-1,-1,-1,1,-1,1,-1,-1,-1,-1,1,-1,1,-1,-1,1,1,-1,1,1,-1,1,-1,1,1,1,1,1,-1,1,-1,1,1,1,1,-1,1,1,1,-1,1,1,-1,1,1,-1,1,1,-1,-1,1,-1,1,1,1,1,-1,1,-1,1,-1,1,1,-1,-1,1,-1,-1,1,-1,1,1,1,-1,-1,1,-1,-1,1,-1,1,1,-1,-1,1,1,-1,1,-1,1,1,1,1,-1,-1,1,-1,-1,1,1,1,-1,1,1,1,1,1,-1,-1,1,-1,-1,1,-1,-1,1,-1,1,1,1,1,-1,1,-1,-1,-1,1,1,-1,1,1,-1,-1,1,1,-1,1,-1,1,1,1,1,-1,1,-1,1,-1,1,1,-1,1,1,1,-1,1,1,1,-1,1,1,1,-1,1,-1,1,-1,1,-2650.0,1,2000,445,500,True
2677,-1,-1,1,1,1,1,-1,1,-1,-1,-1,1,-1,1,-1,-1,1,-1,1,1,-1,-1,-1,-1,-1,1,-1,-1,-1,-1,-1,-1,1,1,-1,-1,1,-1,-1,-1,1,-1,-1,-1,-1,-1,-1,-1,1,1,-1,-1,1,-1,1,-1,-1,1,-1,-1,-1,1,1,1,-1,-1,-1,-1,-1,-1,-1,1,-1,-1,-1,-1,-1,-1,1,-1,-1,1,1,-1,1,-1,-1,-1,-1,1,-1,-1,-1,-1,-1,-1,-1,1,1,1,-1,-1,-1,-1,1,1,-1,-1,-1,-1,-1,1,1,1,-1,-1,-1,-1,1,1,-1,-1,-1,-1,-1,1,1,-1,1,-1,-1,-1,-1,1,-1,1,-1,-1,-1,-1,1,-1,1,-1,-1,-1,1,1,1,-1,-1,-1,-1,-1,-1,1,-1,1,-1,-1,-1,1,1,1,-1,-1,1,-1,-1,1,-1,-1,-1,-1,-1,1,-1,1,-1,-1,-1,1,-1,1,-1,-1,-1,-1,-1,1,1,1,-1,1,-1,-1,1,1,1,-1,-1,1,-1,-1,1,1,-1,-1,-1,-1,-1,1,1,-1,-1,1,-1,-1,-1,1,-1,1,1,-1,-1,-1,1,1,-1,-1,-1,-1,1,1,-1,1,-1,-1,-1,1,1,-1,-1,1,-1,-1,-1,1,-1,-1,-1,-1,-1,1,-1,1,-1,-1,-1,-1,1,1,-1,-1,1,1,1,-1,-1,-1,-1,-1,1,-1,1,1,-1,-1,-1,1,-1,-1,1,-1,1,-1,1,1,-1,1,-1,-1,-1,-1,1,-1,1,-1,-1,1,1,1,-1,-1,-1,1,-1,1,1,1,-1,1,-1,-1,1,1,-1,-1,-1,1,-1,1,1,1,-1,-1,-1,-1,1,1,-1,-1,-1,-1,1,1,1,-1,-1,-1,-1,-1,1,1,-1,-1,-1,-1,1,-1,1,-1,1,-1,1,1,1,1,-1,-1,-1,-1,-1,-1,1,-1,-1,-1,-1,-1,-1,-1,-1,-1,-1,-1,-1,-1,-1,-1,-1,1,1,-1,-1,-1,-1,1,1,-1,1,-1,1,-1,-1,1,-1,1,-1,1,-1,-1,-1,1,-1,1,-1,-1,-1,-1,-1,1,-1,1,-1,-1,1,1,1,-1,-1,1,-1,1,1,-1,-1,-1,-1,-1,1,1,-1,-1,-1,-1,-1,1,1,1,-1,1,-1,-1,1,1,1,-1,-1,-1,-1,1,-1,1,-1,1,-1,-1,1,1,1,-1,-1,-1,1,1,1,1,1,1,-1,-1,1,1,1,-1,-1,-1,-1,1,1,1,1,1,-1,-1,-1,1,1,-1,-1,1,-1,1,1,-1,1,1,-1,-1,1,-1,1,1,-1,-1,1,1,1,-1,1,1,-1,1,1,-1,1,1,1,-1,1,1,-1,1,-1,-1,-1,1,1,-1,1,1,1,-1,1,-1,1,1,-1,-1,1,-1,1,-1,1,-1,1,-1,1,1,1,-1,-1,1,-1,1,-1,-1,1,-1,1,1,1,1,-1,-1,1,1,-1,1,1,1,-1,1,1,1,-1,1,1,-1,1,1,1,1,1,-1,1,-1,-1,-1,1,-1,-1,1,-1,1,-1,1,-1,1,-1,-1,-1,1,1,-1,1,1,-1,1,-1,1,-1,1,1,-1,1,-1,1,-1,-1,-1,-1,1,-1,1,-1,-1,-1,-1,1,-1,1,-1,1,1,1,-1,-1,1,-1,1,1,-1,1,-1,1,-1,-1,1,-1,1,-1,-1,1,1,1,1,1,-1,1,1,1,1,-1,1,-1,-1,1,1,1,-1,-1,-1,1,1,1,1,-1,-1,-1,1,-1,1,-1,1,1,-1,-1,1,1,1,-1,1,-1,-1,1,1,1,1,1,1,-1,1,1,1,1,-1,1,-1,1,-1,1,-1,1,1,-1,1,1,1,1,1,1,-1,1,1,1,1,1,1,-1,1,1,-1,1,1,1,-1,1,1,1,1,1,1,-1,1,1,1,-1,1,-1,-1,1,1,1,-1,1,-1,-1,1,1,1,1,1,-1,-1,1,1,1,-1,1,1,-1,1,1,-1,-1,1,-1,-1,1,1,1,-1,1,1,-1,1,1,1,-1,1,1,-1,1,1,1,-1,1,1,-1,1,1,1,-1,1,-1,1,1,1,-1,-1,1,1,-1,1,-1,1,-1,1,1,-1,-1,1,1,-1,1,1,-1,1,1,1,-1,1,1,1,1,1,1,-1,1,1,1,1,1,-1,-1,1,1,1,1,-1,-1,1,1,1,1,1,-1,-1,-1,1,1,1,1,-1,-1,1,1,1,1,-1,1,-1,-1,1,-1,1,1,1,-1,-1,1,1,1,1,1,-1,1,1,1,1,1,-1,-1,-1,1,1,1,1,1,-1,-1,-1,1,1,-1,1,-1,1,1,1,1,-1,1,-1,1,1,1,1,1,1,-1,-1,-1,1,1,1,1,-1,1,1,1,1,1,-1,-1,1,1,1,-1,1,-1,-1,1,1,1,1,1,-1,-1,1,1,1,1,1,-1,1,1,1,1,1,1,1,-1,-1,-1,1,1,1,1,-1,1,-1,1,1,1,-1,1,-1,-1,1,1,1,1,-1,1,-1,1,1,1,1,-1,-1,-1,1,-1,1,1,-1,1,-1,1,1,1,1,-1,1,1,1,1,1,-1,-1,1,1,1,1,1,-1,1,1,1,1,1,1,-1,-1,1,1,-1,1,1,-1,-1,1,-1,1,-1,1,1,-1,1,-1,1,-1,1,1,-1,1,-1,1,1,1,1,-1,-1,1,1,1,-1,1,-1,-1,-1,1,1,-1,1,1,-1,-1,1,-1,1,-1,1,-1,1,1,1,1,-1,1,-1,1,1,1,-1,1,-1,1,1,1,1,-1,1,1,-1,-1,1,1,-1,1,-1,1,1,-1,1,1,1,-1,-1,-1,1,1,-1,1,1,1,1,-1,1,-1,1,-1,1,1,1,1,-1,1,1,1,1,1,1,-1,1,1,1,1,1,1,-1,1,-1,1,1,1,1,-1,1,1,-1,1,-1,1,-1,1,1,1,1,-1,1,1,-1,1,1,1,-1,1,-1,1,1,1,-2650.0,1,2000,445,500,True
2678,-1,-1,1,1,1,1,-1,1,-1,-1,-1,1,-1,1,-1,-1,1,-1,1,1,-1,1,-1,-1,-1,1,-1,-1,1,-1,-1,-1,1,1,-1,1,1,-1,-1,-1,1,-1,1,-1,-1,-1,-1,1,-1,-1,-1,-1,1,-1,1,-1,-1,1,-1,-1,-1,1,1,1,-1,-1,-1,-1,-1,-1,1,-1,-1,-1,-1,-1,-1,1,-1,-1,-1,1,1,-1,-1,-1,-1,-1,-1,1,-1,-1,-1,-1,-1,-1,-1,1,-1,1,-1,-1,-1,-1,1,-1,-1,-1,-1,-1,-1,1,-1,-1,-1,-1,-1,-1,1,-1,-1,-1,-1,-1,-1,1,-1,-1,1,-1,-1,-1,-1,-1,-1,1,-1,-1,-1,-1,-1,-1,1,-1,-1,-1,1,-1,-1,-1,-1,-1,-1,-1,1,-1,1,1,-1,-1,-1,1,-1,-1,-1,-1,1,-1,1,-1,-1,-1,-1,-1,-1,-1,-1,1,-1,-1,-1,1,1,-1,-1,-1,-1,-1,-1,-1,-1,1,-1,1,-1,-1,1,-1,1,-1,-1,1,-1,1,-1,1,-1,-1,-1,-1,1,-1,1,-1,-1,1,-1,1,-1,1,-1,1,1,-1,1,1,-1,1,-1,-1,-1,1,1,1,-1,1,-1,-1,1,-1,1,-1,-1,1,-1,1,1,1,-1,-1,-1,-1,1,-1,-1,1,-1,1,-1,1,-1,1,-1,-1,1,-1,1,1,-1,-1,-1,-1,1,1,1,-1,-1,-1,-1,1,1,1,1,-1,1,-1,-1,1,1,1,-1,-1,-1,-1,1,1,-1,-1,-1,1,1,1,1,-1,-1,1,-1,-1,1,1,1,-1,-1,-1,1,1,1,1,-1,1,-1,1,1,-1,1,-1,-1,-1,1,1,1,1,-1,-1,1,1,1,1,-1,-1,-1,1,-1,1,1,-1,-1,-1,-1,1,1,1,1,-1,-1,1,-1,1,1,-1,-1,-1,-1,1,1,1,1,-1,-1,-1,1,-1,1,1,-1,-1,-1,1,-1,1,1,1,-1,-1,1,-1,1,-1,-1,-1,-1,1,1,-1,1,1,-1,1,-1,1,-1,1,-1,1,-1,1,-1,-1,1,-1,-1,-1,1,1,-1,1,-1,1,-1,1,-1,1,-1,1,-1,1,1,-1,1,-1,1,-1,-1,1,-1,-1,-1,1,-1,1,1,1,-1,-1,1,-1,1,1,-1,-1,1,-1,1,1,-1,1,-1,1,-1,-1,1,-1,-1,-1,1,1,1,1,-1,1,-1,-1,1,1,1,1,-1,-1,-1,1,1,1,1,1,-1,1,-1,-1,1,1,-1,1,-1,1,1,-1,1,1,-1,1,1,1,1,1,-1,-1,1,1,1,1,-1,1,-1,1,1,-1,1,-1,1,-1,1,1,-1,1,-1,-1,-1,1,1,-1,1,-1,1,-1,-1,1,1,1,-1,-1,1,-1,1,-1,1,-1,1,-1,1,1,1,-1,-1,1,-1,-1,1,-1,1,-1,1,1,-1,1,1,-1,1,1,-1,-1,1,1,-1,1,1,1,1,1,1,-1,1,1,1,-1,1,1,1,-1,1,1,-1,1,-1,1,1,-1,1,-1,-1,1,-1,-1,1,-1,-1,-1,1,1,-1,1,1,-1,-1,1,1,-1,-1,1,-1,-1,-1,-1,-1,1,1,-1,-1,-1,-1,-1,1,1,-1,-1,1,1,1,-1,1,-1,-1,1,1,-1,1,1,-1,-1,-1,1,-1,-1,1,1,-1,1,1,1,1,1,1,-1,-1,1,-1,1,1,1,-1,-1,1,-1,1,1,-1,-1,1,1,-1,1,1,-1,-1,1,-1,1,1,1,1,-1,1,1,-1,1,1,1,-1,1,1,1,1,1,1,-1,-1,1,1,1,1,1,-1,1,1,-1,1,1,1,-1,-1,1,1,1,-1,1,-1,-1,1,-1,1,1,1,-1,-1,-1,1,1,1,1,-1,-1,1,1,1,1,-1,1,-1,1,1,1,-1,-1,1,-1,-1,1,1,1,-1,1,-1,1,1,1,-1,-1,-1,-1,1,1,1,1,-1,1,1,-1,1,1,-1,1,-1,-1,1,-1,1,1,-1,1,-1,1,1,1,1,-1,-1,1,-1,1,1,1,-1,1,-1,1,-1,1,-1,1,1,1,-1,1,1,1,-1,1,-1,1,-1,1,1,-1,1,-1,1,-1,1,1,-1,1,1,1,-1,1,1,1,1,1,1,-1,1,1,1,1,1,-1,-1,1,1,1,1,1,-1,1,1,1,1,1,-1,-1,-1,-1,1,1,1,1,-1,-1,1,1,1,1,-1,-1,-1,1,-1,1,1,1,-1,-1,1,1,-1,1,1,1,-1,1,1,1,1,-1,-1,-1,1,1,1,1,1,1,-1,-1,1,1,-1,1,-1,-1,1,1,1,-1,1,-1,1,1,1,1,1,1,-1,-1,-1,1,1,1,1,-1,-1,1,1,1,1,-1,-1,1,1,1,-1,1,1,1,1,1,1,1,1,1,-1,-1,1,1,1,1,1,-1,1,1,1,1,1,1,-1,-1,-1,1,1,1,1,-1,1,-1,1,1,1,1,-1,-1,1,1,1,1,1,1,1,-1,1,1,1,1,1,-1,-1,1,-1,1,1,1,1,-1,1,1,1,1,-1,1,1,1,1,1,1,-1,1,1,1,1,1,-1,1,1,1,1,1,1,1,-1,1,1,-1,1,1,-1,-1,1,-1,1,-1,1,1,-1,1,-1,1,-1,1,1,-1,1,-1,1,1,1,-1,-1,-1,1,1,1,-1,1,-1,-1,-1,1,1,-1,1,-1,-1,-1,1,-1,1,-1,-1,-1,1,1,1,1,-1,1,-1,1,1,1,-1,1,-1,1,1,1,1,-1,1,-1,-1,-1,1,1,-1,1,-1,1,1,-1,1,1,-1,1,-1,-1,1,1,-1,1,-1,1,1,-1,1,-1,-1,1,1,1,1,1,-1,-1,1,1,1,1,1,1,-1,-1,1,1,1,1,1,-1,1,1,1,1,1,-1,-1,1,1,1,-1,1,1,-1,-1,1,1,-1,1,-1,1,-1,1,1,-1,1,1,-1,-1,1,-2650.0,1,2000,445,500,True
2679,-1,-1,1,1,1,1,-1,1,-1,-1,-1,1,-1,-1,-1,-1,1,-1,1,-1,-1,1,-1,-1,-1,1,-1,-1,1,-1,-1,-1,1,-1,-1,1,1,-1,-1,1,-1,-1,1,-1,-1,-1,1,1,-1,-1,1,-1,1,1,-1,1,-1,1,-1,-1,1,1,-1,1,-1,-1,-1,1,1,-1,1,-1,-1,-1,1,1,1,1,-1,-1,-1,1,1,-1,-1,-1,-1,1,1,1,1,-1,-1,-1,1,1,-1,1,-1,1,-1,1,1,1,-1,-1,-1,-1,1,1,1,1,-1,1,-1,1,1,1,1,-1,-1,-1,-1,1,1,1,-1,-1,-1,1,1,1,-1,-1,-1,1,1,1,1,-1,-1,-1,1,-1,1,1,1,-1,-1,-1,-1,1,1,1,1,-1,1,1,1,1,-1,1,-1,-1,1,-1,1,-1,1,-1,1,-1,1,1,-1,-1,-1,-1,1,1,-1,1,1,-1,1,-1,1,-1,-1,-1,-1,1,-1,1,-1,-1,1,-1,1,-1,1,-1,-1,1,-1,1,1,1,1,-1,1,-1,1,-1,1,-1,-1,1,1,1,-1,1,1,-1,1,1,-1,1,-1,1,-1,1,-1,1,-1,1,1,-1,1,1,1,-1,1,-1,-1,1,1,1,-1,-1,1,-1,1,1,-1,-1,1,-1,-1,1,1,1,-1,1,1,-1,1,-1,-1,-1,1,-1,1,1,1,-1,-1,1,-1,1,1,-1,1,-1,-1,1,-1,1,1,1,-1,1,1,-1,1,1,-1,-1,1,1,1,1,-1,-1,-1,1,1,-1,1,1,1,-1,1,1,1,1,-1,-1,-1,1,-1,1,-1,1,-1,-1,1,-1,1,1,-1,1,-1,1,-1,1,1,-1,-1,-1,1,1,-1,1,-1,-1,1,1,-1,1,1,-1,-1,1,1,1,-1,1,-1,1,1,1,-1,1,1,-1,-1,1,1,-1,1,-1,-1,-1,1,1,-1,1,-1,-1,-1,1,1,1,1,-1,-1,1,1,1,-1,1,1,-1,-1,1,1,-1,-1,1,-1,-1,-1,1,-1,1,-1,1,-1,-1,-1,-1,1,1,-1,-1,1,1,-1,1,1,-1,1,1,1,-1,1,1,-1,1,1,-1,1,1,-1,-1,-1,-1,1,-1,-1,1,-1,-1,1,-1,-1,1,-1,-1,1,1,-1,1,-1,-1,-1,-1,1,-1,-1,1,1,-1,1,1,-1,1,-1,1,-1,-1,1,-1,-1,-1,1,-1,-1,1,-1,-1,1,1,-1,-1,1,-1,1,-1,1,1,-1,1,-1,-1,1,1,-1,-1,1,-1,-1,-1,-1,-1,1,1,-1,-1,1,1,-1,1,-1,1,-1,1,1,-1,1,-1,-1,-1,-1,-1,-1,1,-1,1,-1,1,1,-1,1,-1,-1,1,-1,-1,1,-1,1,-1,1,-1,1,-1,1,1,-1,-1,-1,1,-1,1,-1,-1,1,-1,1,1,1,1,-1,-1,-1,1,-1,1,1,-1,-1,1,1,1,-1,1,1,-1,1,1,1,1,1,1,1,-1,1,1,-1,1,-1,-1,1,-1,1,-1,-1,1,-1,-1,1,-1,-1,-1,1,1,-1,1,1,-1,-1,1,-1,-1,-1,1,-1,-1,-1,-1,-1,1,1,-1,-1,-1,-1,-1,1,1,-1,-1,1,1,1,-1,1,-1,-1,-1,1,-1,1,1,-1,-1,-1,-1,-1,-1,1,1,-1,1,-1,1,1,1,-1,1,1,1,-1,1,1,1,-1,1,1,-1,1,1,-1,1,1,1,-1,1,1,-1,-1,1,-1,1,-1,1,-1,1,1,1,-1,1,1,-1,1,1,1,1,1,1,1,1,1,1,1,1,1,-1,1,1,1,-1,1,1,1,1,1,1,1,1,1,-1,1,1,1,1,1,1,1,-1,1,-1,1,1,1,1,1,1,1,1,1,1,-1,1,1,1,-1,1,-1,-1,1,1,1,-1,1,1,-1,1,1,1,1,1,-1,-1,1,1,1,-1,1,1,-1,1,1,-1,-1,1,-1,1,-1,1,1,1,1,1,-1,1,1,1,-1,1,1,-1,1,1,1,-1,1,1,-1,1,1,1,-1,1,1,1,1,-1,-1,-1,1,1,-1,1,-1,-1,-1,1,1,-1,1,1,-1,1,1,1,-1,1,1,1,-1,1,1,-1,1,-1,1,-1,1,-1,1,1,1,-1,-1,1,-1,1,1,-1,-1,1,1,1,1,1,-1,-1,-1,1,-1,1,1,-1,1,-1,1,-1,1,1,-1,-1,-1,1,-1,1,1,-1,1,1,1,1,1,1,1,-1,1,1,-1,1,1,-1,1,1,1,-1,1,1,-1,-1,1,-1,-1,1,1,-1,1,1,-1,-1,-1,1,-1,1,1,1,-1,1,-1,-1,1,1,1,-1,1,-1,1,1,1,-1,1,1,-1,-1,1,-1,-1,-1,-1,-1,-1,1,1,-1,1,-1,-1,-1,1,1,-1,-1,1,-1,-1,1,1,-1,-1,-1,-1,-1,1,1,-1,-1,-1,1,-1,1,1,-1,-1,1,-1,-1,1,-1,1,-1,-1,-1,1,1,1,-1,-1,-1,1,-1,1,1,-1,-1,1,-1,1,1,1,1,-1,-1,-1,1,-1,1,-1,-1,-1,-1,1,-1,1,-1,-1,-1,-1,1,1,1,-1,-1,1,1,-1,1,1,-1,1,-1,1,1,1,-1,1,-1,1,1,1,1,1,1,-1,1,-1,1,-1,1,1,-1,1,1,-1,1,1,1,-1,1,-1,1,1,-1,1,-1,1,-1,1,1,-1,1,-1,-1,1,-1,-1,1,1,-1,1,1,-1,-1,1,1,1,1,-1,1,1,1,-1,1,1,-1,1,1,1,-1,-1,1,-1,-1,1,1,-1,1,1,1,-1,-1,-1,1,1,1,-1,-1,1,1,1,-1,1,-1,-1,-1,1,1,1,1,-1,-1,1,1,1,1,1,1,-1,1,1,1,1,1,1,-1,1,1,-1,-1,1,-1,-1,1,-1,1,1,1,1,-1,-1,1,1,-1,1,-1,1,-1,1,1,-1,1,1,-1,-1,1,-2650.0,1,2000,445,500,True
2680,-1,-1,1,1,1,1,-1,1,-1,-1,-1,1,-1,1,-1,-1,1,-1,1,1,-1,1,-1,-1,-1,1,-1,-1,1,-1,-1,-1,1,1,-1,1,1,-1,-1,-1,1,-1,1,-1,-1,-1,-1,1,-1,-1,-1,-1,1,-1,1,-1,-1,1,-1,-1,-1,1,1,1,-1,-1,-1,-1,-1,-1,1,-1,-1,-1,-1,-1,-1,1,-1,-1,-1,1,1,-1,-1,-1,-1,-1,-1,1,-1,-1,-1,-1,-1,-1,-1,1,-1,1,-1,-1,-1,-1,1,-1,-1,-1,-1,-1,-1,1,-1,-1,-1,-1,-1,-1,1,-1,-1,-1,-1,-1,-1,1,-1,-1,1,-1,-1,-1,-1,-1,-1,1,-1,-1,-1,-1,-1,-1,1,-1,-1,-1,1,-1,-1,-1,-1,-1,-1,-1,1,-1,1,1,-1,-1,1,-1,-1,-1,1,-1,1,-1,1,-1,1,-1,-1,-1,-1,-1,-1,-1,-1,-1,-1,1,1,-1,1,-1,-1,-1,-1,-1,-1,1,-1,-1,1,-1,1,-1,1,1,-1,1,-1,1,-1,1,-1,-1,-1,1,1,-1,1,1,-1,-1,1,1,-1,1,-1,1,-1,-1,1,1,-1,1,-1,-1,1,1,-1,1,-1,1,-1,-1,1,-1,1,-1,1,1,-1,1,1,1,-1,-1,1,-1,1,-1,-1,-1,1,1,-1,1,-1,1,-1,1,-1,-1,1,1,-1,-1,1,-1,-1,1,1,-1,-1,1,-1,-1,1,1,1,1,1,-1,-1,1,1,1,-1,1,1,-1,1,-1,-1,-1,-1,1,-1,1,1,-1,-1,1,1,-1,1,1,1,-1,-1,1,-1,1,1,1,-1,1,1,-1,1,-1,1,-1,-1,1,-1,1,1,1,-1,-1,-1,1,1,1,-1,-1,1,1,-1,1,1,-1,-1,-1,1,-1,1,1,1,-1,1,1,-1,1,1,-1,-1,-1,-1,1,1,1,-1,-1,-1,-1,1,-1,1,-1,-1,-1,1,1,-1,1,1,-1,-1,1,1,-1,1,1,1,-1,-1,1,1,-1,1,-1,-1,1,-1,1,-1,1,-1,-1,-1,1,-1,-1,1,1,1,1,1,1,-1,1,-1,1,-1,1,-1,1,-1,1,1,-1,1,-1,1,1,-1,-1,1,1,-1,-1,-1,1,1,-1,-1,1,-1,1,-1,1,-1,1,-1,-1,1,-1,1,1,-1,1,-1,1,-1,1,-1,1,-1,-1,1,1,1,1,-1,1,-1,-1,1,1,-1,-1,-1,-1,-1,1,1,-1,1,1,-1,-1,1,1,1,-1,-1,1,-1,1,1,-1,1,1,-1,1,1,1,-1,-1,-1,-1,1,1,1,-1,1,1,-1,1,1,-1,-1,1,1,-1,1,1,-1,-1,-1,-1,-1,1,1,1,-1,1,1,-1,-1,1,-1,1,-1,-1,1,-1,1,-1,1,-1,1,-1,1,1,-1,-1,-1,1,-1,-1,1,-1,1,-1,1,1,-1,1,-1,-1,-1,1,-1,-1,1,1,-1,1,1,1,1,1,1,-1,1,1,1,-1,1,1,1,-1,1,1,-1,1,-1,1,1,-1,1,-1,-1,1,-1,-1,1,-1,-1,-1,1,1,-1,1,1,-1,-1,1,1,-1,-1,1,-1,-1,-1,-1,-1,1,1,-1,-1,-1,-1,-1,1,1,-1,-1,1,1,1,-1,1,-1,-1,1,1,-1,1,1,-1,-1,-1,1,-1,-1,1,1,-1,1,1,1,1,1,1,-1,-1,1,-1,1,1,1,-1,-1,1,-1,1,1,-1,-1,1,1,-1,1,1,-1,1,1,-1,1,1,1,1,-1,1,1,-1,1,1,-1,1,1,1,1,1,1,1,-1,-1,1,1,1,1,1,-1,1,1,-1,1,1,1,-1,-1,1,1,1,-1,1,-1,-1,1,-1,1,1,1,-1,-1,-1,1,1,1,1,-1,-1,1,1,1,1,-1,1,-1,-1,1,1,-1,-1,1,-1,1,1,1,1,-1,1,-1,1,1,1,-1,-1,-1,-1,1,1,1,1,-1,1,-1,-1,1,1,-1,1,1,-1,1,1,1,1,-1,1,-1,1,1,1,1,-1,-1,-1,-1,1,1,1,-1,1,1,-1,-1,1,-1,1,1,1,-1,1,1,1,-1,1,-1,1,-1,1,1,-1,1,1,-1,1,1,1,-1,1,1,-1,-1,1,1,-1,1,1,1,-1,1,1,1,1,1,-1,-1,1,-1,1,1,1,-1,1,1,1,1,1,1,-1,-1,-1,1,1,1,1,-1,-1,1,1,1,-1,1,-1,-1,1,-1,1,1,1,-1,-1,1,1,1,1,-1,1,-1,1,1,-1,1,1,-1,-1,1,1,1,1,1,1,-1,-1,1,1,1,1,-1,-1,1,1,1,-1,1,-1,1,1,1,1,1,1,-1,1,-1,1,1,1,-1,-1,1,1,1,1,1,1,-1,1,1,1,-1,1,-1,1,1,1,1,-1,1,1,-1,1,1,1,-1,1,1,-1,1,1,1,1,-1,1,-1,1,-1,1,1,-1,1,-1,1,-1,1,-1,-1,-1,1,-1,-1,1,1,-1,1,-1,1,-1,1,1,-1,1,-1,1,-1,1,1,-1,1,1,1,-1,1,1,-1,1,-1,1,1,1,1,-1,1,-1,1,1,1,-1,1,-1,1,1,1,1,1,-1,-1,1,1,1,-1,1,-1,1,1,-1,-1,1,-1,1,-1,1,1,-1,1,1,-1,1,-1,1,-1,1,1,1,-1,1,1,1,1,-1,1,1,1,-1,-1,1,-1,1,1,1,-1,-1,1,1,1,-1,-1,1,1,1,1,1,-1,-1,1,1,1,-1,1,1,1,1,1,1,1,1,1,1,1,-1,1,1,-1,-1,1,1,1,-1,1,1,-1,-1,-1,-1,1,1,1,-1,1,1,1,-1,1,1,-1,-1,1,1,1,1,1,-1,1,1,1,1,1,1,-1,1,1,1,1,-1,1,-1,1,1,1,1,1,1,-1,1,-1,1,-1,1,1,-1,-1,1,1,-1,1,1,-1,1,1,1,-1,1,1,1,-1,1,-2650.0,1,2000,445,500,True
2681,1,1,-1,-1,1,1,-1,1,1,1,1,-1,1,1,1,1,-1,1,-1,-1,-1,1,1,1,1,1,-1,-1,1,1,1,1,-1,-1,-1,1,-1,1,1,1,-1,-1,1,1,1,1,1,1,-1,-1,1,1,-1,1,-1,-1,1,-1,1,1,1,-1,-1,-1,1,1,1,1,1,-1,1,-1,1,1,1,1,-1,1,-1,1,1,-1,1,-1,-1,1,1,1,1,1,1,1,-1,1,1,1,-1,-1,-1,1,1,1,1,1,-1,-1,-1,1,1,1,1,-1,-1,-1,1,1,1,1,1,-1,-1,1,1,1,1,-1,-1,-1,1,1,1,1,-1,-1,-1,1,1,1,1,-1,-1,-1,1,1,1,1,1,-1,-1,-1,1,1,1,-1,1,-1,-1,1,1,1,-1,-1,-1,1,1,1,1,-1,1,-1,1,1,1,1,-1,-1,-1,1,1,1,-1,1,1,-1,1,1,1,-1,-1,-1,-1,-1,1,1,-1,-1,1,-1,1,1,-1,1,-1,1,-1,1,1,1,1,-1,1,-1,1,1,1,1,-1,1,-1,1,1,-1,-1,-1,1,1,-1,1,-1,1,-1,1,1,-1,1,-1,1,-1,1,-1,-1,1,-1,1,-1,1,1,-1,1,-1,1,-1,1,-1,1,1,-1,1,-1,1,-1,-1,1,-1,1,-1,1,1,1,1,-1,1,-1,1,1,1,1,-1,-1,-1,1,1,1,1,1,-1,-1,1,1,-1,1,-1,-1,-1,1,1,1,1,1,1,1,1,1,1,1,-1,1,-1,1,1,1,1,-1,1,1,1,1,1,1,-1,-1,1,1,-1,1,1,1,-1,1,1,1,1,1,1,1,1,1,1,1,1,-1,1,-1,1,1,1,1,-1,-1,1,1,1,-1,1,1,1,-1,1,1,1,1,1,-1,1,1,1,1,1,1,-1,1,1,1,1,1,1,-1,1,1,1,-1,1,1,-1,1,1,1,1,-1,1,-1,1,-1,1,-1,1,1,1,-1,-1,1,1,-1,1,-1,1,1,-1,-1,-1,-1,-1,1,1,1,-1,1,1,-1,1,1,-1,-1,1,1,1,1,1,-1,1,1,1,-1,1,1,-1,-1,-1,1,1,1,-1,-1,-1,1,1,1,1,1,1,1,-1,-1,1,-1,1,-1,-1,1,-1,1,-1,1,-1,1,1,-1,1,-1,-1,1,-1,1,-1,1,1,-1,-1,-1,1,-1,-1,1,-1,1,-1,1,-1,1,1,-1,1,-1,1,-1,-1,1,-1,1,-1,1,-1,1,1,1,1,1,1,-1,1,-1,1,-1,1,-1,-1,1,-1,1,-1,1,-1,-1,1,-1,1,-1,1,-1,-1,1,1,-1,1,1,-1,-1,1,-1,1,1,-1,1,-1,1,1,-1,-1,1,1,-1,-1,-1,1,-1,1,-1,-1,1,-1,-1,1,1,1,-1,-1,1,-1,-1,1,1,-1,-1,1,-1,-1,-1,1,1,-1,1,-1,1,1,1,1,1,-1,1,1,-1,-1,1,1,1,-1,1,-1,1,-1,1,1,1,-1,-1,-1,1,-1,1,-1,1,-1,-1,-1,1,1,-1,1,-1,-1,-1,1,1,-1,1,-1,-1,-1,1,1,-1,1,-1,-1,-1,-1,1,1,1,-1,1,-1,-1,1,-1,1,-1,1,1,1,-1,-1,1,1,-1,-1,-1,-1,-1,1,1,-1,-1,1,-1,-1,1,1,-1,-1,1,-1,1,1,-1,-1,-1,-1,-1,1,1,-1,1,-1,-1,1,1,1,1,-1,1,-1,-1,-1,1,1,-1,1,-1,1,-1,1,1,-1,-1,1,1,1,1,1,-1,1,1,-1,-1,1,1,-1,-1,1,1,-1,1,1,-1,-1,1,-1,-1,1,1,-1,-1,1,1,-1,1,1,-1,-1,1,1,-1,1,1,1,-1,1,-1,-1,-1,-1,1,-1,1,-1,-1,1,-1,-1,1,-1,1,-1,-1,1,-1,1,1,-1,-1,1,-1,-1,1,-1,-1,-1,-1,1,-1,1,1,-1,-1,-1,1,-1,1,1,-1,-1,-1,1,-1,1,1,-1,-1,-1,-1,-1,1,1,-1,-1,-1,1,1,-1,-1,-1,-1,-1,-1,-1,1,-1,-1,-1,-1,1,-1,-1,1,-1,-1,-1,1,-1,-1,1,-1,-1,-1,-1,-1,1,1,-1,-1,-1,-1,-1,1,-1,-1,-1,1,-1,-1,1,-1,1,-1,-1,-1,-1,-1,-1,-1,1,-1,-1,-1,1,1,-1,-1,-1,-1,1,-1,-1,-1,-1,-1,-1,-1,1,1,1,-1,-1,1,-1,1,-1,1,1,-1,1,-1,-1,1,1,-1,-1,-1,-1,-1,-1,1,1,-1,-1,1,-1,1,1,-1,-1,-1,-1,-1,1,1,-1,-1,-1,1,-1,1,1,1,-1,-1,-1,1,1,1,-1,-1,1,-1,-1,1,1,-1,-1,1,-1,-1,1,1,-1,1,-1,1,-1,1,1,-1,-1,1,1,-1,1,1,-1,-1,1,1,-1,1,1,1,-1,-1,1,-1,-1,1,-1,-1,1,1,-1,1,-1,1,-1,-1,1,-1,-1,1,1,-1,-1,1,-1,1,1,1,-1,-1,1,1,1,1,1,-1,-1,1,1,-1,1,-1,-1,1,-1,1,-1,1,-1,-1,1,1,-1,1,1,-1,-1,-1,1,1,-1,1,-1,-1,1,1,-1,-1,1,1,-1,-1,1,1,-1,1,1,-1,1,-1,1,-1,1,1,-1,1,1,-1,-1,-1,1,-1,1,-1,1,-1,-1,1,1,-1,-1,1,-1,-1,1,-1,-1,1,-1,-1,-1,1,-1,1,1,-1,1,-1,1,1,1,-1,1,-1,1,1,1,1,-1,1,-1,-1,1,-1,1,-1,1,-1,1,1,-1,1,1,-1,1,-1,1,1,1,-1,1,-1,1,1,1,1,-1,-1,1,1,1,1,1,-1,-1,1,1,1,1,1,1,-1,1,1,1,1,1,1,-1,-1,1,1,1,1,1,-1,1,1,1,1,1,1,-1,-1,1,1,1,1,1,1,-1,1,1,-1,1,1,-1,-1,1,-2650.0,1,2000,445,500,True
2682,1,1,-1,-1,1,1,-1,1,1,1,1,-1,-1,-1,1,1,-1,1,-1,-1,-1,1,1,1,1,1,-1,-1,1,1,1,1,-1,-1,-1,1,-1,1,1,1,-1,-1,1,1,1,1,1,1,-1,-1,1,1,-1,1,-1,1,-1,-1,1,1,1,-1,-1,1,1,1,1,1,1,-1,1,-1,1,1,1,1,1,1,-1,1,1,1,1,-1,-1,1,1,1,1,1,1,-1,-1,1,1,1,-1,1,-1,1,1,1,1,1,-1,-1,-1,1,1,1,1,1,-1,-1,1,1,1,1,1,-1,-1,1,1,1,1,1,-1,-1,1,1,1,1,-1,-1,-1,1,1,1,1,-1,-1,-1,1,1,1,1,1,-1,-1,-1,1,1,1,1,1,-1,-1,-1,1,1,-1,1,-1,-1,1,-1,1,-1,1,-1,-1,-1,1,1,-1,-1,1,1,1,1,-1,1,1,-1,-1,-1,1,-1,-1,-1,-1,-1,-1,1,-1,-1,1,-1,-1,-1,1,-1,-1,1,-1,-1,1,1,1,-1,1,-1,-1,1,-1,-1,-1,1,1,-1,-1,1,1,-1,1,1,-1,-1,-1,1,-1,1,1,-1,1,1,1,-1,1,1,-1,1,-1,-1,-1,1,1,-1,1,-1,1,-1,1,1,1,-1,1,-1,-1,1,-1,-1,-1,1,1,-1,1,-1,-1,-1,1,1,-1,1,-1,1,1,1,1,-1,1,-1,-1,-1,-1,1,-1,1,1,-1,1,1,1,-1,1,1,1,1,-1,1,1,1,-1,1,1,1,1,-1,1,1,1,1,1,1,1,1,-1,-1,1,-1,1,1,1,1,-1,1,1,1,1,1,-1,-1,1,1,1,1,1,-1,1,1,1,1,-1,1,-1,1,1,-1,1,1,1,-1,-1,1,1,1,-1,1,-1,1,1,1,-1,1,1,-1,1,1,1,-1,1,-1,-1,1,1,1,-1,1,-1,-1,-1,1,1,-1,1,-1,-1,1,-1,1,-1,1,1,-1,-1,1,1,1,-1,1,-1,-1,1,1,-1,1,-1,-1,-1,-1,-1,-1,1,1,-1,-1,1,1,-1,1,-1,-1,-1,1,1,1,1,1,-1,1,1,1,-1,1,-1,-1,-1,-1,1,1,-1,1,-1,-1,1,-1,1,-1,-1,-1,1,-1,-1,1,-1,1,-1,-1,1,-1,1,-1,-1,-1,1,1,-1,1,-1,1,-1,-1,1,-1,1,-1,-1,-1,-1,1,-1,-1,1,1,-1,-1,1,-1,1,1,-1,1,-1,1,-1,1,-1,1,-1,-1,1,-1,1,-1,-1,-1,1,1,-1,1,-1,1,-1,1,-1,1,1,1,1,-1,1,-1,-1,1,-1,-1,-1,1,-1,1,-1,1,1,-1,1,-1,-1,1,-1,-1,1,-1,1,-1,1,-1,1,-1,1,1,-1,1,-1,1,-1,1,-1,-1,1,-1,1,1,1,1,-1,-1,1,1,-1,1,1,-1,-1,1,1,1,-1,1,1,-1,1,1,1,1,-1,1,1,-1,1,1,-1,1,-1,1,-1,-1,1,-1,-1,1,-1,-1,1,-1,-1,-1,1,1,-1,1,1,-1,-1,1,1,-1,-1,1,-1,-1,-1,-1,-1,1,1,-1,-1,-1,-1,-1,-1,1,-1,-1,1,1,1,1,1,-1,-1,1,1,-1,-1,1,-1,-1,-1,1,-1,-1,1,1,-1,1,1,1,-1,1,-1,1,1,1,-1,-1,1,1,-1,1,1,-1,1,1,-1,1,1,1,-1,1,1,-1,-1,1,-1,1,1,1,-1,1,1,1,-1,-1,1,1,1,1,1,1,-1,1,1,1,1,1,1,1,1,-1,1,1,1,-1,-1,1,1,1,1,1,1,-1,1,1,1,1,1,1,-1,1,1,-1,1,-1,1,-1,1,1,1,1,1,1,-1,1,1,-1,1,1,-1,-1,-1,1,-1,1,1,-1,-1,1,1,1,1,1,1,-1,1,1,1,1,1,-1,-1,1,1,-1,1,-1,-1,-1,1,1,-1,1,1,-1,-1,-1,1,-1,1,1,-1,-1,-1,1,1,1,1,-1,-1,-1,1,-1,1,1,-1,-1,-1,1,1,-1,-1,-1,-1,-1,1,-1,1,-1,-1,-1,-1,1,1,-1,1,-1,-1,-1,1,-1,-1,1,-1,-1,-1,1,-1,1,1,-1,-1,-1,1,-1,1,-1,-1,-1,1,-1,-1,1,-1,1,-1,1,1,-1,-1,-1,-1,1,1,1,-1,1,1,-1,-1,-1,-1,1,-1,-1,-1,-1,1,1,-1,1,1,1,-1,1,1,-1,1,-1,1,1,-1,1,-1,-1,1,1,-1,-1,1,1,-1,-1,1,1,-1,1,1,-1,1,1,-1,-1,-1,1,-1,1,1,-1,-1,1,1,-1,1,1,1,-1,1,-1,1,1,1,-1,1,1,-1,-1,1,1,-1,-1,-1,1,-1,1,1,-1,1,1,-1,-1,1,1,-1,-1,-1,1,-1,1,1,-1,-1,1,-1,-1,1,1,1,-1,-1,-1,-1,1,1,-1,-1,1,-1,-1,1,-1,1,-1,-1,-1,-1,-1,1,1,-1,1,-1,-1,1,1,1,-1,1,-1,1,1,1,1,-1,-1,-1,1,-1,-1,-1,-1,-1,-1,1,-1,1,-1,-1,-1,1,-1,1,1,-1,-1,-1,-1,1,-1,1,-1,1,-1,1,-1,-1,-1,1,-1,1,-1,1,-1,1,1,-1,1,-1,1,-1,1,1,-1,1,1,-1,-1,-1,1,-1,1,-1,1,-1,-1,1,-1,1,-1,1,-1,1,1,-1,-1,1,-1,-1,-1,1,-1,1,1,-1,1,1,1,1,1,-1,1,-1,1,-1,1,1,-1,1,-1,-1,-1,-1,1,-1,1,1,1,-1,1,1,1,-1,-1,-1,1,1,1,-1,1,1,1,1,-1,1,-1,-1,1,1,1,1,1,-1,-1,1,1,1,1,1,1,-1,1,1,1,1,1,1,-1,1,1,-1,-1,1,1,-1,1,-1,1,1,1,1,-1,1,1,1,-1,1,1,1,-1,1,1,-1,1,1,-1,1,1,-2650.0,1,2000,445,500,True
2683,-1,-1,1,1,1,1,-1,1,-1,-1,-1,1,-1,-1,-1,-1,1,-1,1,-1,-1,1,-1,-1,-1,1,-1,-1,-1,-1,-1,-1,1,-1,-1,1,1,-1,-1,1,-1,-1,1,-1,-1,-1,1,1,-1,-1,-1,-1,1,1,-1,1,-1,1,-1,-1,1,1,-1,1,-1,-1,-1,1,1,-1,1,-1,-1,-1,1,1,1,1,-1,-1,-1,-1,1,-1,-1,-1,-1,1,1,1,1,-1,-1,-1,-1,1,-1,1,-1,1,-1,-1,1,1,-1,-1,-1,-1,-1,1,1,1,-1,-1,-1,-1,1,1,1,-1,-1,-1,-1,1,1,1,-1,-1,1,-1,1,1,-1,-1,-1,1,-1,1,1,-1,-1,-1,1,-1,-1,1,1,-1,-1,-1,-1,1,1,1,1,-1,-1,1,-1,1,-1,1,-1,-1,-1,-1,1,-1,1,-1,-1,-1,1,1,-1,-1,-1,1,1,1,-1,1,1,-1,-1,-1,1,-1,-1,-1,-1,1,-1,1,-1,-1,1,-1,1,-1,1,-1,-1,1,-1,1,-1,1,1,-1,1,-1,1,-1,1,-1,-1,1,-1,1,-1,1,1,-1,1,1,-1,-1,-1,1,-1,1,1,-1,1,-1,1,-1,1,-1,1,-1,1,1,-1,1,1,-1,1,-1,1,-1,1,-1,-1,-1,1,-1,-1,1,-1,1,-1,1,1,-1,1,1,1,-1,1,-1,1,1,1,-1,1,1,-1,1,1,1,1,1,-1,1,-1,1,1,1,-1,1,1,-1,1,1,1,1,-1,1,1,1,1,1,1,1,1,-1,1,1,1,-1,1,1,1,1,1,1,1,-1,1,1,1,-1,1,1,1,-1,1,1,1,1,1,1,-1,1,1,1,1,1,1,1,-1,1,1,1,1,-1,-1,1,1,1,-1,1,1,1,-1,1,1,1,1,1,-1,1,1,1,1,1,1,-1,1,-1,1,1,1,1,-1,1,-1,1,1,1,1,1,1,-1,1,-1,-1,1,-1,1,1,-1,1,1,1,-1,-1,1,-1,1,-1,1,-1,1,-1,-1,1,-1,-1,-1,1,1,-1,1,-1,1,-1,1,-1,1,-1,1,1,-1,1,-1,1,-1,1,-1,1,1,-1,-1,-1,-1,1,1,1,1,-1,-1,1,-1,-1,1,-1,-1,1,-1,-1,1,-1,1,-1,-1,1,-1,-1,1,-1,-1,1,1,-1,1,-1,1,-1,-1,1,-1,-1,-1,-1,-1,-1,1,-1,-1,1,1,-1,-1,1,-1,1,-1,-1,1,-1,1,-1,-1,1,1,-1,-1,1,-1,-1,-1,-1,-1,1,1,-1,-1,1,1,-1,1,-1,1,-1,1,1,-1,1,-1,-1,-1,-1,-1,-1,1,-1,1,-1,1,1,-1,1,-1,-1,1,-1,-1,1,-1,1,-1,1,-1,1,-1,1,1,-1,1,-1,1,-1,1,-1,-1,1,-1,1,1,1,1,-1,-1,1,1,-1,1,1,-1,-1,1,1,1,-1,1,1,-1,1,1,1,1,-1,-1,1,-1,1,1,-1,1,-1,1,1,1,-1,-1,-1,1,-1,-1,1,-1,-1,-1,1,1,-1,1,1,-1,-1,1,1,-1,-1,1,-1,-1,-1,-1,-1,1,1,-1,-1,-1,-1,-1,1,1,-1,-1,1,1,1,-1,1,-1,1,1,1,-1,1,1,-1,-1,-1,1,-1,-1,1,1,-1,1,1,1,1,1,1,-1,-1,1,-1,1,1,1,-1,-1,1,-1,1,1,-1,-1,1,1,-1,1,1,-1,-1,1,-1,1,1,1,1,-1,1,1,-1,1,1,1,-1,1,1,1,1,1,1,-1,-1,1,1,1,1,1,-1,1,1,-1,1,1,1,-1,-1,1,1,1,1,1,-1,-1,1,1,1,1,1,-1,-1,-1,1,1,1,1,-1,-1,1,1,1,1,1,-1,-1,1,-1,1,-1,-1,1,-1,1,-1,1,1,-1,-1,-1,1,1,1,-1,1,-1,-1,1,-1,1,1,-1,-1,1,-1,-1,1,-1,1,-1,-1,1,-1,1,1,1,-1,-1,1,-1,1,1,-1,-1,1,1,-1,1,1,1,-1,-1,1,-1,1,-1,-1,-1,1,-1,-1,1,1,-1,-1,1,-1,-1,1,1,-1,-1,-1,1,-1,1,1,-1,1,-1,1,-1,1,1,1,-1,1,1,-1,1,1,-1,-1,1,-1,-1,1,1,1,-1,1,-1,1,1,1,1,-1,-1,-1,-1,1,1,1,-1,1,1,-1,1,1,-1,1,-1,-1,-1,1,-1,1,-1,1,1,1,1,1,1,-1,1,-1,1,-1,1,1,-1,-1,1,1,1,1,1,1,-1,-1,1,-1,1,1,1,-1,1,1,-1,-1,-1,1,-1,1,1,1,-1,1,1,-1,1,1,1,-1,1,-1,1,1,1,-1,1,1,-1,-1,1,1,-1,-1,-1,1,-1,1,1,-1,1,-1,-1,-1,1,1,-1,-1,-1,1,-1,1,1,-1,1,1,-1,-1,1,1,-1,-1,-1,1,-1,1,1,-1,-1,1,-1,-1,1,-1,-1,-1,-1,-1,1,1,1,-1,-1,-1,-1,-1,1,1,-1,-1,1,-1,1,1,1,1,-1,-1,-1,1,-1,-1,-1,-1,-1,-1,1,-1,1,-1,-1,-1,-1,1,1,1,-1,-1,1,1,-1,1,1,-1,1,-1,1,1,1,-1,1,-1,-1,1,1,1,1,1,-1,1,-1,1,-1,1,1,-1,1,1,-1,-1,-1,1,-1,1,-1,1,1,-1,1,-1,1,-1,1,1,-1,1,-1,-1,1,-1,-1,1,1,-1,1,1,-1,-1,1,1,1,1,-1,1,1,1,-1,1,1,-1,1,1,-1,-1,-1,1,-1,-1,1,1,-1,1,1,1,-1,-1,-1,1,1,1,-1,-1,1,1,1,-1,1,-1,-1,-1,1,1,1,1,-1,-1,1,1,1,1,1,1,-1,1,1,1,1,1,1,-1,1,1,-1,-1,1,-1,-1,1,-1,1,1,1,1,-1,-1,1,1,-1,1,-1,1,-1,1,1,-1,1,1,-1,-1,1,-2650.0,1,2000,445,500,True
2684,1,1,-1,-1,1,1,-1,1,1,1,1,-1,1,1,1,1,-1,1,-1,-1,1,1,1,1,1,1,-1,-1,1,1,1,1,-1,-1,-1,1,-1,1,1,1,-1,-1,1,1,1,1,1,1,-1,-1,1,1,-1,1,-1,-1,1,-1,1,1,1,-1,-1,-1,1,1,1,1,1,-1,1,-1,1,1,1,1,1,1,-1,1,1,-1,1,-1,-1,1,1,1,1,-1,-1,1,-1,1,1,1,1,1,-1,1,1,1,1,1,1,-1,-1,1,1,1,1,-1,-1,-1,1,1,1,1,1,-1,-1,1,1,1,1,-1,-1,-1,1,1,1,1,1,-1,-1,1,1,1,1,1,-1,-1,1,1,1,1,-1,-1,-1,-1,1,1,1,1,1,-1,-1,1,1,1,1,-1,-1,-1,1,1,1,1,1,-1,1,1,1,1,1,-1,-1,1,1,1,1,-1,1,-1,1,1,1,1,-1,-1,-1,-1,1,1,1,1,1,-1,-1,1,1,-1,1,1,-1,-1,1,1,1,1,1,-1,1,1,-1,1,1,1,-1,1,1,1,1,1,1,1,-1,1,-1,1,1,1,1,-1,1,1,1,1,1,-1,-1,1,-1,-1,1,1,1,-1,-1,1,-1,1,1,-1,1,1,-1,1,1,1,-1,-1,1,-1,1,1,1,1,1,1,-1,1,-1,1,1,-1,1,-1,1,-1,1,1,1,1,-1,1,1,1,1,1,1,1,1,1,1,-1,-1,-1,1,1,-1,1,1,-1,-1,1,-1,1,1,-1,1,-1,1,-1,-1,1,1,1,-1,-1,-1,-1,1,-1,1,-1,1,1,-1,1,1,1,-1,1,1,-1,1,1,-1,1,-1,-1,1,1,1,-1,1,1,-1,-1,1,1,-1,1,1,-1,1,1,1,1,1,1,-1,-1,-1,1,1,1,1,1,-1,1,1,-1,1,1,-1,-1,1,1,1,-1,1,-1,-1,1,1,1,1,1,1,-1,-1,1,1,-1,1,1,1,-1,1,1,-1,1,1,-1,1,1,1,1,1,1,-1,1,1,1,-1,-1,1,-1,1,1,1,-1,1,-1,1,1,1,1,-1,1,-1,-1,1,1,1,-1,1,1,1,-1,1,1,-1,1,1,1,1,1,1,-1,-1,1,1,1,1,1,-1,1,1,-1,1,1,-1,-1,-1,1,1,-1,1,1,-1,-1,1,-1,-1,1,1,1,-1,-1,1,-1,1,1,-1,-1,1,1,1,-1,1,-1,-1,-1,1,-1,1,1,-1,-1,1,1,1,1,-1,-1,-1,1,-1,-1,1,-1,-1,-1,1,1,1,1,-1,-1,-1,1,-1,1,1,-1,-1,-1,1,-1,-1,1,-1,1,-1,1,-1,1,1,1,-1,-1,1,-1,-1,1,-1,-1,-1,-1,1,-1,1,-1,-1,-1,1,-1,-1,1,-1,-1,-1,-1,1,-1,1,-1,-1,1,-1,1,-1,-1,1,1,1,-1,1,-1,1,-1,1,1,1,-1,1,1,-1,-1,1,1,1,-1,1,-1,1,-1,1,1,1,-1,-1,-1,-1,-1,1,-1,1,-1,-1,-1,1,1,-1,1,-1,-1,-1,1,1,-1,1,-1,-1,1,1,1,-1,1,-1,-1,-1,-1,1,1,1,-1,1,-1,-1,1,-1,1,-1,1,1,1,1,-1,1,1,-1,-1,-1,-1,-1,1,1,-1,-1,-1,-1,-1,1,1,-1,-1,-1,1,1,1,-1,-1,-1,-1,1,1,1,-1,1,-1,1,-1,1,1,1,-1,-1,-1,-1,-1,1,1,-1,-1,-1,1,-1,1,1,-1,-1,-1,-1,1,1,1,-1,1,-1,-1,-1,1,1,-1,-1,-1,-1,-1,1,1,-1,-1,-1,-1,-1,1,1,1,-1,1,-1,-1,1,1,-1,-1,-1,-1,-1,1,1,1,-1,-1,1,-1,-1,-1,1,-1,-1,1,-1,1,-1,1,-1,1,1,-1,1,1,-1,-1,-1,1,-1,1,-1,1,-1,1,1,-1,1,1,-1,-1,-1,1,-1,-1,1,1,-1,-1,1,-1,-1,1,-1,-1,-1,1,-1,-1,-1,1,1,1,1,-1,-1,1,1,-1,1,1,-1,-1,-1,1,-1,1,1,-1,-1,1,1,1,-1,1,-1,-1,1,1,1,-1,1,-1,-1,-1,1,-1,-1,1,-1,-1,-1,1,-1,1,-1,-1,1,-1,1,1,-1,1,-1,-1,-1,1,1,1,1,1,-1,-1,-1,1,1,1,-1,-1,-1,1,1,1,1,-1,1,-1,1,-1,1,1,-1,-1,-1,-1,-1,1,-1,1,-1,1,-1,1,1,1,-1,-1,-1,-1,-1,1,1,1,-1,-1,1,-1,1,1,-1,-1,-1,1,-1,1,1,-1,-1,1,-1,-1,1,1,1,-1,1,-1,1,-1,1,-1,-1,1,-1,1,1,1,-1,-1,1,-1,-1,1,1,-1,1,1,-1,-1,1,1,-1,-1,1,-1,-1,1,1,-1,-1,-1,1,-1,1,1,1,-1,-1,1,-1,-1,1,-1,-1,1,-1,-1,1,-1,1,-1,-1,1,-1,-1,1,1,-1,-1,1,-1,-1,1,1,-1,-1,1,-1,1,1,1,-1,-1,1,-1,-1,1,-1,-1,-1,1,-1,-1,1,-1,-1,1,1,-1,1,1,1,-1,-1,1,-1,-1,1,-1,1,-1,1,-1,-1,1,1,-1,1,-1,1,-1,1,1,-1,-1,-1,1,-1,1,1,-1,-1,-1,1,-1,-1,1,-1,-1,1,-1,-1,-1,1,-1,1,-1,1,1,-1,1,-1,1,-1,1,1,-1,1,-1,-1,-1,1,1,-1,1,-1,-1,1,-1,-1,1,1,-1,-1,1,1,-1,-1,1,1,-1,1,1,-1,1,1,1,-1,1,1,-1,-1,-1,-1,-1,1,-1,1,-1,1,-1,1,1,1,-1,1,-1,-1,-1,1,1,-1,1,1,-1,-1,-1,1,1,1,1,-1,1,-1,1,-1,1,1,-1,-1,1,1,-1,1,1,1,-1,-1,1,1,1,1,-1,1,1,-1,1,1,-1,1,-1,-1,1,-1,1,-2650.0,1,2000,445,1000,True
2685,1,1,1,1,1,1,-1,1,1,-1,-1,1,-1,1,1,1,1,-1,1,1,1,1,1,-1,-1,1,-1,-1,1,1,1,-1,1,1,-1,1,-1,1,-1,-1,1,-1,1,1,1,-1,-1,-1,1,-1,1,-1,1,-1,1,-1,1,-1,1,-1,-1,1,1,-1,1,1,-1,-1,-1,-1,1,-1,1,1,-1,-1,1,1,-1,1,1,1,1,-1,-1,1,1,-1,-1,1,-1,1,-1,1,-1,-1,-1,1,-1,1,1,1,-1,-1,1,-1,-1,1,1,-1,-1,1,-1,-1,1,1,-1,-1,1,-1,-1,1,1,-1,-1,-1,-1,-1,1,1,-1,-1,1,-1,-1,1,1,-1,-1,1,-1,-1,1,1,1,-1,1,-1,-1,-1,1,-1,-1,1,1,-1,1,-1,1,-1,1,-1,-1,-1,1,1,-1,1,1,-1,1,1,-1,-1,1,-1,-1,1,1,-1,1,-1,1,-1,-1,1,-1,-1,-1,-1,-1,-1,1,-1,1,1,1,-1,-1,-1,1,-1,1,1,-1,-1,1,-1,-1,1,1,-1,-1,-1,1,-1,1,1,1,-1,1,1,-1,-1,1,1,-1,1,-1,-1,1,1,1,-1,1,-1,-1,-1,1,1,-1,1,1,1,-1,1,1,-1,1,-1,1,-1,1,1,1,1,1,1,-1,1,-1,-1,1,1,-1,-1,1,-1,1,1,1,-1,-1,1,-1,1,1,1,-1,-1,1,-1,1,1,1,-1,-1,1,-1,-1,1,1,1,-1,1,-1,1,1,-1,1,-1,1,-1,1,1,1,1,-1,1,1,-1,1,1,1,-1,1,-1,-1,1,-1,1,-1,1,1,-1,1,1,1,-1,1,-1,-1,1,1,-1,1,1,-1,1,1,1,-1,-1,1,-1,1,1,-1,-1,1,1,-1,1,-1,1,1,-1,1,-1,1,1,1,-1,1,1,-1,1,1,1,-1,1,-1,-1,1,1,1,-1,1,-1,-1,1,1,1,1,1,-1,-1,-1,-1,1,-1,1,1,-1,1,1,1,-1,-1,1,-1,-1,-1,1,-1,1,-1,-1,1,-1,-1,-1,1,1,-1,1,-1,1,-1,1,-1,1,-1,1,1,-1,1,-1,1,-1,1,-1,1,1,-1,-1,-1,-1,1,-1,-1,1,-1,-1,1,-1,-1,1,-1,-1,1,-1,-1,1,-1,1,-1,-1,1,-1,-1,1,-1,-1,1,1,-1,1,-1,1,-1,-1,1,-1,-1,-1,-1,-1,-1,1,-1,-1,1,1,-1,-1,-1,-1,1,-1,-1,1,-1,1,-1,-1,1,1,-1,1,1,-1,-1,-1,-1,-1,1,1,-1,-1,1,1,-1,1,-1,1,-1,1,1,-1,1,-1,-1,-1,-1,-1,-1,1,-1,1,-1,1,1,-1,1,-1,-1,1,-1,-1,1,-1,1,-1,-1,-1,1,-1,1,1,-1,-1,-1,1,-1,1,-1,-1,-1,-1,1,1,1,1,-1,-1,-1,1,-1,1,1,-1,-1,-1,1,1,-1,1,1,-1,-1,1,1,1,-1,-1,1,1,1,1,-1,1,-1,1,1,-1,1,-1,-1,1,-1,-1,1,-1,-1,-1,1,1,-1,-1,1,-1,-1,1,1,-1,-1,1,-1,-1,-1,-1,-1,-1,1,-1,-1,-1,-1,-1,-1,1,-1,-1,1,1,1,1,1,-1,-1,1,1,-1,-1,1,-1,-1,-1,1,-1,-1,1,1,-1,1,1,1,-1,1,-1,1,1,1,-1,-1,1,1,-1,1,1,-1,1,1,-1,1,1,1,-1,1,1,-1,-1,1,-1,1,1,1,-1,1,1,1,-1,-1,1,1,1,1,1,1,-1,1,1,1,1,1,1,1,1,-1,1,-1,1,-1,-1,1,1,1,1,1,1,-1,1,1,1,-1,1,1,-1,1,1,1,1,-1,1,-1,1,1,1,1,1,1,-1,1,1,1,1,-1,1,-1,-1,1,-1,1,1,-1,-1,1,1,1,-1,1,1,-1,1,1,1,-1,1,-1,-1,1,1,-1,1,-1,-1,-1,1,1,1,-1,1,1,-1,-1,1,-1,-1,1,-1,1,-1,1,1,-1,1,-1,-1,-1,1,-1,-1,1,-1,-1,-1,1,1,1,-1,-1,1,-1,1,-1,-1,1,-1,1,-1,1,-1,-1,1,-1,1,-1,1,-1,-1,1,-1,1,-1,1,-1,1,1,-1,-1,-1,-1,-1,1,-1,-1,-1,1,-1,-1,1,-1,1,1,-1,-1,-1,-1,-1,-1,1,-1,-1,-1,1,1,-1,1,-1,1,-1,1,-1,-1,-1,1,-1,-1,1,1,1,1,1,-1,-1,1,-1,1,1,-1,1,-1,-1,1,1,1,-1,-1,-1,-1,-1,1,-1,-1,-1,1,-1,1,1,1,1,-1,-1,-1,1,1,1,1,-1,1,-1,1,1,-1,1,-1,-1,1,1,1,1,-1,1,-1,-1,1,1,1,1,-1,1,-1,1,1,1,-1,-1,-1,-1,1,1,1,1,-1,1,-1,1,1,1,1,1,-1,-1,1,1,-1,1,1,-1,-1,1,1,-1,1,-1,-1,-1,1,-1,1,1,1,-1,1,1,1,-1,1,1,-1,-1,1,1,-1,1,1,-1,1,1,1,-1,1,1,-1,1,-1,1,1,1,1,-1,1,-1,1,1,1,-1,-1,1,1,1,1,1,1,1,-1,1,1,1,-1,1,1,1,1,1,-1,1,-1,1,1,1,1,-1,1,1,-1,1,-1,1,-1,1,1,1,-1,1,1,1,1,-1,1,1,1,1,-1,1,1,1,1,1,1,-1,1,1,1,-1,-1,1,1,-1,1,1,-1,-1,1,1,1,-1,1,1,1,1,1,-1,1,1,1,1,1,-1,-1,1,1,-1,1,-1,1,-1,1,1,-1,-1,1,-1,-1,1,1,-1,1,1,1,-1,1,1,-1,-1,1,-1,-1,1,1,-1,1,-1,1,-1,1,1,-1,1,1,1,-1,-1,1,-1,1,1,1,-1,-1,1,-1,1,-1,-1,-1,-1,1,-1,-1,1,1,-1,1,1,1,-1,1,-1,1,-1,1,-1,1,1,-2650.0,1,2000,445,500,True
2686,1,1,-1,-1,1,1,-1,1,1,1,1,-1,1,1,1,1,-1,1,-1,-1,-1,1,1,1,1,1,-1,-1,1,1,1,1,-1,-1,-1,1,-1,1,1,1,-1,-1,1,1,1,1,1,1,-1,-1,1,1,-1,1,-1,-1,1,-1,1,1,1,-1,-1,-1,1,1,1,1,1,-1,1,-1,1,1,1,1,-1,1,-1,1,1,1,1,-1,-1,1,1,1,1,1,-1,1,-1,1,1,1,-1,1,-1,1,1,1,1,1,1,-1,-1,1,1,1,1,-1,-1,-1,1,1,1,1,1,-1,-1,1,1,1,1,-1,-1,-1,1,1,1,1,1,-1,-1,1,1,1,1,1,-1,-1,1,1,1,1,1,-1,-1,-1,1,1,1,1,1,-1,-1,-1,1,1,-1,1,-1,-1,1,-1,1,1,1,-1,-1,-1,1,1,1,-1,-1,1,1,1,1,-1,1,-1,-1,-1,1,1,1,-1,-1,-1,-1,1,1,1,1,-1,-1,-1,1,-1,1,1,-1,-1,1,1,1,1,1,-1,1,1,-1,-1,1,1,-1,1,-1,1,1,1,1,1,-1,-1,-1,-1,1,1,-1,-1,1,1,1,1,1,-1,-1,1,-1,-1,1,1,1,-1,-1,-1,1,1,1,-1,-1,-1,1,1,-1,1,-1,-1,-1,1,-1,1,1,1,-1,-1,1,1,-1,1,1,1,-1,1,1,-1,1,1,1,-1,-1,1,1,1,1,1,-1,1,1,1,1,-1,-1,-1,1,1,-1,1,1,-1,-1,1,1,-1,1,1,1,-1,1,1,-1,1,1,1,-1,1,1,-1,1,-1,1,-1,1,1,-1,1,1,1,-1,1,1,-1,1,1,-1,-1,1,-1,1,1,1,-1,1,1,1,-1,1,1,-1,1,1,-1,1,1,1,1,1,1,1,-1,1,-1,1,1,1,1,-1,1,1,-1,1,1,1,-1,1,1,-1,-1,1,1,-1,1,1,1,1,1,1,-1,-1,1,-1,1,1,1,1,-1,1,1,-1,1,1,-1,1,1,-1,1,1,1,-1,1,1,-1,1,-1,1,-1,1,-1,1,-1,1,-1,1,1,-1,1,-1,-1,1,-1,1,1,1,-1,1,-1,1,-1,1,1,1,-1,-1,1,1,1,-1,1,-1,-1,1,1,1,-1,1,1,-1,1,1,1,-1,1,-1,-1,1,-1,1,1,1,-1,-1,-1,-1,-1,1,1,-1,-1,1,-1,1,1,-1,-1,-1,-1,-1,1,1,1,-1,-1,1,-1,1,-1,-1,1,-1,-1,1,1,-1,1,-1,-1,1,1,1,-1,-1,1,-1,1,1,1,-1,-1,1,1,-1,1,1,-1,-1,1,-1,1,-1,1,1,-1,-1,1,-1,1,-1,1,-1,-1,1,-1,-1,-1,1,-1,-1,1,-1,1,-1,1,-1,-1,1,-1,-1,1,1,-1,-1,-1,1,-1,1,1,-1,1,-1,1,-1,-1,1,1,1,-1,1,-1,1,-1,1,-1,1,-1,1,1,-1,-1,1,1,1,-1,1,-1,1,-1,1,1,1,-1,-1,-1,-1,-1,1,-1,1,-1,-1,-1,1,1,-1,1,-1,-1,-1,1,1,-1,1,-1,-1,-1,1,1,-1,1,-1,-1,-1,-1,1,1,1,-1,1,-1,-1,1,-1,1,-1,-1,1,1,-1,-1,1,1,-1,-1,-1,-1,-1,1,1,-1,-1,-1,1,-1,1,1,-1,-1,1,-1,1,1,-1,-1,-1,-1,-1,1,1,-1,1,-1,-1,1,1,1,1,-1,-1,-1,-1,-1,1,-1,1,-1,-1,1,-1,1,1,-1,1,-1,-1,1,1,1,-1,1,-1,1,-1,1,1,-1,-1,-1,-1,-1,1,1,-1,1,-1,1,-1,1,1,1,-1,1,-1,-1,1,1,-1,-1,-1,1,-1,1,1,1,-1,1,-1,-1,-1,-1,1,-1,1,-1,-1,1,-1,-1,1,-1,1,-1,1,1,-1,1,-1,1,-1,1,-1,1,-1,1,-1,-1,1,1,-1,1,-1,-1,-1,-1,1,-1,1,-1,1,-1,-1,1,-1,1,1,-1,-1,-1,1,1,1,1,1,-1,-1,1,1,-1,1,1,-1,-1,-1,1,-1,1,-1,-1,-1,1,1,1,-1,1,-1,-1,1,1,1,-1,1,-1,-1,1,-1,-1,-1,1,-1,-1,1,1,-1,1,-1,-1,1,-1,1,-1,-1,1,-1,1,1,1,1,-1,1,1,1,1,1,-1,1,1,-1,-1,-1,1,-1,-1,1,-1,1,1,1,-1,1,1,-1,1,1,1,-1,1,1,1,-1,1,1,1,-1,1,-1,-1,1,1,-1,-1,1,1,-1,1,-1,-1,1,1,-1,-1,-1,1,-1,1,1,-1,-1,1,1,-1,1,1,1,-1,1,-1,1,1,1,-1,1,1,-1,-1,1,1,-1,-1,-1,-1,-1,1,1,-1,1,1,-1,-1,1,1,-1,-1,1,-1,-1,1,-1,-1,-1,1,-1,-1,1,1,1,-1,-1,-1,-1,1,1,-1,-1,1,-1,-1,1,-1,1,-1,1,-1,-1,-1,1,1,-1,-1,1,-1,-1,1,1,-1,1,-1,-1,1,1,1,-1,-1,-1,-1,1,-1,-1,-1,-1,-1,1,1,1,-1,-1,-1,-1,1,-1,1,-1,-1,-1,-1,-1,1,1,-1,1,1,-1,1,1,-1,1,-1,1,-1,-1,1,-1,1,-1,1,-1,-1,1,1,1,-1,-1,-1,1,1,-1,1,-1,-1,1,-1,1,-1,1,1,-1,1,-1,1,-1,1,-1,1,-1,1,1,1,1,-1,-1,-1,1,-1,1,1,1,-1,1,-1,1,1,1,-1,-1,1,1,1,-1,1,-1,-1,1,1,1,1,1,-1,-1,1,1,-1,-1,-1,-1,-1,1,-1,1,1,1,-1,1,1,1,-1,1,1,1,-1,1,1,-1,1,1,-1,-1,1,1,1,1,1,-1,1,1,1,-1,1,1,-1,-1,1,1,-1,-1,1,1,-1,1,1,1,1,1,-1,-1,1,-1,1,1,1,1,-1,1,1,-1,1,-2650.0,1,2000,445,1000,True
2687,-1,-1,1,1,1,1,-1,1,-1,-1,-1,1,-1,1,-1,-1,1,-1,1,-1,-1,1,-1,-1,-1,1,-1,-1,-1,-1,-1,-1,1,-1,-1,1,1,-1,-1,1,-1,-1,1,-1,-1,-1,-1,1,-1,-1,1,-1,1,1,-1,-1,-1,1,-1,-1,-1,1,-1,1,-1,-1,-1,-1,1,-1,1,-1,-1,-1,1,1,-1,1,-1,-1,-1,-1,1,-1,-1,-1,-1,1,1,-1,1,-1,-1,-1,-1,1,1,-1,-1,1,-1,-1,1,1,1,-1,-1,-1,-1,1,1,-1,-1,1,-1,-1,1,1,1,-1,-1,-1,-1,1,1,-1,-1,-1,1,-1,1,1,1,-1,-1,1,-1,1,1,1,-1,-1,1,-1,-1,1,1,-1,-1,-1,-1,1,1,1,1,-1,1,1,-1,1,1,-1,-1,-1,-1,-1,1,1,1,-1,-1,-1,1,1,1,-1,-1,1,1,1,1,-1,1,-1,-1,-1,1,1,1,-1,-1,1,-1,1,1,1,1,-1,1,-1,1,-1,1,1,-1,1,-1,1,1,1,1,-1,1,-1,1,-1,1,1,-1,1,-1,1,1,1,1,1,-1,-1,-1,1,1,1,-1,-1,1,1,1,1,1,-1,1,-1,1,-1,1,1,1,-1,1,-1,1,1,1,-1,-1,-1,1,-1,1,1,-1,1,-1,1,1,-1,1,1,1,-1,1,1,-1,1,1,-1,1,1,1,-1,1,1,1,1,-1,1,1,1,1,1,-1,1,1,1,1,-1,1,1,-1,1,-1,1,1,1,1,1,1,-1,1,1,1,-1,1,1,1,1,1,1,1,-1,1,-1,1,-1,1,1,1,1,-1,1,1,1,1,1,1,-1,1,1,1,1,1,-1,1,1,1,1,1,-1,-1,1,1,1,-1,1,1,1,-1,1,1,1,1,1,-1,1,1,-1,1,1,1,-1,1,1,1,1,1,1,-1,1,1,1,-1,1,1,1,1,1,1,-1,-1,1,-1,1,-1,1,-1,1,1,1,-1,-1,1,1,-1,1,-1,1,1,1,-1,-1,-1,-1,1,-1,1,-1,1,1,-1,1,1,-1,-1,1,1,-1,1,1,-1,-1,1,1,1,1,1,1,-1,-1,1,-1,-1,-1,1,-1,1,-1,-1,1,1,1,-1,1,-1,1,-1,1,1,1,-1,1,-1,1,1,1,1,1,-1,1,-1,-1,1,-1,1,-1,-1,-1,-1,1,1,1,-1,-1,1,-1,1,1,1,-1,1,-1,1,-1,1,1,-1,-1,1,-1,1,1,1,1,-1,-1,1,1,1,1,-1,-1,1,-1,1,1,-1,1,-1,1,-1,1,1,-1,-1,-1,-1,1,1,1,-1,1,-1,1,-1,1,1,-1,-1,1,-1,1,1,1,1,-1,1,-1,-1,-1,1,1,-1,-1,-1,1,-1,1,-1,-1,1,-1,-1,1,-1,1,-1,-1,-1,-1,1,-1,1,-1,-1,1,-1,-1,1,1,1,-1,1,-1,1,-1,1,-1,1,-1,1,1,-1,-1,1,1,1,-1,1,-1,1,-1,1,1,1,-1,-1,-1,-1,-1,1,1,1,-1,-1,-1,1,1,-1,1,-1,-1,-1,1,1,1,1,-1,-1,1,1,1,1,1,-1,-1,-1,-1,1,-1,1,-1,1,-1,-1,1,1,1,-1,1,1,-1,1,-1,1,1,-1,-1,-1,-1,1,1,1,-1,-1,-1,1,1,1,1,-1,-1,-1,-1,1,1,-1,-1,-1,-1,-1,1,1,-1,1,-1,1,1,-1,1,1,-1,-1,-1,-1,1,1,-1,1,-1,-1,1,1,1,1,-1,1,-1,-1,1,1,1,-1,1,-1,1,1,1,1,-1,-1,-1,1,1,-1,1,-1,1,-1,-1,1,1,1,-1,-1,1,-1,1,1,1,-1,-1,-1,-1,1,1,-1,1,-1,1,-1,1,-1,-1,1,-1,1,-1,1,1,-1,-1,1,1,1,1,-1,1,-1,1,-1,1,1,1,-1,-1,1,-1,1,1,-1,1,-1,1,-1,-1,1,1,1,-1,1,-1,1,1,1,-1,-1,1,-1,1,1,1,1,-1,-1,-1,-1,1,-1,-1,-1,1,-1,-1,1,1,-1,-1,1,-1,-1,1,1,-1,-1,-1,1,-1,1,1,-1,1,-1,1,-1,1,1,1,-1,1,1,-1,1,1,-1,-1,1,-1,-1,1,1,1,-1,1,-1,1,1,1,1,-1,-1,-1,-1,-1,1,1,-1,1,1,1,1,1,-1,1,-1,-1,-1,1,-1,1,-1,1,1,1,1,1,1,-1,1,1,1,-1,1,1,-1,-1,-1,1,1,1,1,1,-1,-1,1,-1,1,1,1,-1,1,1,-1,-1,-1,1,-1,1,1,1,-1,1,1,-1,1,1,1,-1,1,-1,1,1,1,-1,1,1,-1,-1,1,1,1,-1,-1,1,-1,1,1,-1,1,-1,-1,-1,1,1,-1,-1,-1,1,-1,1,1,1,1,-1,-1,-1,1,1,-1,-1,-1,-1,-1,1,1,-1,-1,-1,-1,-1,1,-1,1,-1,-1,-1,-1,-1,1,-1,-1,-1,-1,-1,1,1,-1,-1,1,-1,1,1,1,1,-1,-1,-1,1,-1,1,-1,-1,-1,-1,1,-1,1,-1,-1,-1,1,1,1,1,-1,-1,-1,1,-1,1,1,-1,1,-1,1,1,1,1,1,-1,1,-1,1,1,1,1,-1,1,-1,1,-1,1,1,-1,-1,1,-1,1,1,1,-1,1,-1,1,1,-1,1,-1,1,-1,1,1,-1,1,-1,1,-1,1,-1,1,1,-1,-1,-1,-1,-1,1,1,1,-1,1,1,1,1,1,-1,-1,1,1,1,1,1,-1,-1,1,-1,1,1,1,-1,-1,-1,-1,-1,-1,-1,-1,-1,1,-1,1,1,1,-1,1,1,-1,-1,1,1,1,-1,1,-1,1,1,1,-1,-1,1,-1,1,1,1,-1,-1,1,-1,1,1,1,-1,-1,1,-1,1,-1,1,1,-1,1,-1,-1,1,1,1,-1,-1,-1,1,1,1,1,-1,1,-1,-1,1,-2650.0,1,2000,445,1000,True
2688,1,1,-1,-1,1,-1,1,1,1,1,1,-1,1,1,1,1,-1,1,-1,-1,1,1,1,1,1,-1,1,1,1,1,1,1,-1,-1,1,1,-1,1,1,1,-1,1,1,1,1,1,1,-1,1,-1,1,1,-1,1,-1,1,-1,-1,1,1,1,-1,-1,1,1,1,1,1,-1,1,1,-1,1,1,1,1,1,1,-1,1,1,-1,-1,1,-1,1,1,1,1,-1,1,-1,-1,1,1,1,1,-1,-1,-1,1,1,1,1,-1,-1,-1,1,1,1,1,1,-1,-1,1,1,1,1,-1,-1,-1,1,1,1,1,1,-1,-1,1,1,1,1,-1,-1,-1,1,1,1,1,-1,-1,-1,-1,1,1,1,-1,-1,-1,-1,1,1,1,-1,1,-1,-1,1,1,1,-1,1,-1,-1,1,1,1,-1,1,-1,1,1,1,1,-1,-1,-1,1,1,1,1,1,1,-1,1,1,1,1,-1,-1,-1,-1,1,1,-1,-1,1,-1,-1,1,-1,1,-1,1,-1,-1,1,1,1,-1,1,-1,1,1,-1,1,-1,1,-1,1,1,1,1,1,1,1,-1,1,-1,1,-1,1,-1,-1,1,1,1,1,1,-1,-1,1,-1,-1,1,1,1,-1,1,1,-1,1,1,-1,1,1,-1,-1,1,1,-1,-1,1,-1,1,1,1,1,1,1,-1,1,1,1,1,1,1,-1,1,1,1,1,1,1,-1,1,1,1,1,1,1,1,-1,1,1,-1,-1,1,1,1,1,1,1,1,1,-1,-1,1,1,1,1,-1,1,1,1,1,1,1,1,-1,-1,1,1,-1,1,1,1,-1,1,1,1,1,1,1,-1,1,1,1,1,1,1,-1,1,1,1,1,1,-1,1,-1,1,1,-1,1,1,1,1,1,1,-1,1,1,-1,-1,1,-1,1,1,1,-1,-1,1,1,1,1,1,-1,-1,1,1,-1,1,1,-1,-1,1,1,1,-1,1,-1,1,-1,1,-1,1,1,-1,-1,-1,1,1,-1,1,-1,1,1,1,-1,-1,-1,-1,1,1,1,-1,1,1,-1,1,1,-1,1,1,1,-1,1,1,-1,-1,1,-1,1,-1,1,1,1,-1,1,1,1,-1,1,-1,1,-1,-1,1,1,1,-1,-1,-1,1,1,1,1,-1,1,-1,-1,1,1,1,1,-1,-1,-1,1,-1,1,-1,1,-1,-1,-1,-1,-1,1,1,-1,-1,1,-1,1,1,-1,-1,1,-1,1,1,1,-1,-1,-1,1,-1,1,-1,-1,-1,-1,-1,1,1,-1,1,-1,-1,1,1,1,-1,-1,1,-1,1,1,1,-1,-1,-1,-1,-1,1,1,-1,-1,1,-1,1,-1,1,1,-1,-1,1,-1,1,-1,1,-1,-1,-1,-1,-1,-1,1,-1,-1,-1,1,1,-1,1,-1,-1,-1,-1,-1,1,1,-1,-1,-1,-1,-1,1,1,-1,-1,-1,-1,-1,-1,1,1,1,-1,-1,-1,1,-1,1,1,1,1,1,1,-1,-1,1,1,1,-1,1,-1,1,-1,1,1,1,-1,-1,-1,1,-1,1,1,1,-1,-1,-1,1,1,-1,1,-1,-1,-1,1,1,1,1,-1,-1,1,1,1,-1,1,-1,-1,-1,-1,1,1,1,-1,1,-1,-1,1,-1,1,-1,1,1,1,-1,-1,1,1,-1,-1,-1,-1,-1,1,1,-1,-1,-1,1,-1,1,1,-1,-1,1,-1,1,1,-1,-1,-1,-1,-1,1,1,-1,1,-1,-1,1,1,1,1,-1,-1,-1,-1,-1,1,-1,1,-1,-1,1,-1,1,1,-1,1,-1,-1,1,1,1,-1,1,-1,1,-1,1,1,-1,-1,-1,-1,-1,1,1,-1,1,-1,1,-1,1,1,-1,-1,1,-1,-1,1,1,-1,-1,-1,1,-1,1,1,1,-1,1,-1,-1,1,-1,1,-1,1,-1,-1,1,-1,-1,1,-1,1,-1,1,1,-1,1,-1,1,-1,1,-1,1,-1,1,-1,-1,1,1,-1,1,-1,-1,-1,-1,1,-1,1,-1,1,-1,-1,1,-1,1,1,-1,-1,-1,-1,1,1,1,1,-1,-1,1,-1,-1,1,1,-1,-1,-1,-1,1,-1,1,-1,-1,1,1,-1,1,1,-1,-1,1,-1,-1,1,1,-1,-1,-1,-1,1,-1,1,-1,-1,-1,-1,-1,1,-1,-1,1,-1,-1,1,-1,1,-1,-1,-1,-1,-1,1,1,1,-1,-1,-1,1,1,1,-1,-1,-1,1,-1,-1,1,-1,-1,-1,-1,1,1,1,-1,-1,-1,-1,1,-1,1,1,-1,1,-1,-1,1,1,-1,-1,-1,-1,-1,-1,1,1,-1,-1,1,-1,1,1,-1,-1,-1,1,-1,1,1,-1,-1,1,-1,-1,1,1,1,-1,1,-1,1,1,1,-1,-1,1,-1,-1,1,1,-1,-1,1,-1,-1,1,1,-1,1,1,-1,-1,1,1,-1,-1,1,1,-1,1,1,-1,-1,1,-1,-1,1,1,1,-1,-1,1,-1,1,1,1,-1,1,1,-1,1,-1,1,-1,-1,1,1,1,1,-1,-1,-1,1,-1,1,1,1,-1,-1,1,1,1,1,1,-1,-1,1,1,-1,1,1,-1,1,-1,1,-1,1,1,-1,1,1,1,-1,1,-1,-1,1,1,-1,1,1,-1,1,-1,1,1,1,1,1,-1,1,-1,1,1,1,1,-1,-1,1,1,-1,1,1,-1,-1,1,-1,1,1,-1,-1,1,-1,1,1,1,1,-1,1,-1,1,-1,1,1,-1,-1,-1,-1,-1,1,1,1,-1,-1,-1,-1,1,-1,-1,1,-1,1,1,1,-1,1,-1,-1,1,1,1,1,1,-1,-1,-1,1,-1,-1,1,-1,-1,1,-1,1,1,1,-1,1,-1,1,-1,-1,1,-1,-1,1,-1,1,1,1,1,-1,1,-1,-1,-1,1,1,-1,1,1,1,-1,1,1,-1,1,-1,1,1,1,1,-1,1,-1,1,-1,1,1,-1,1,1,1,-1,1,1,-1,-1,1,1,1,-1,1,-1,1,-1,1,-2650.0,1,2000,445,1000,True
2689,-1,-1,1,1,1,1,-1,1,-1,-1,-1,1,-1,1,-1,-1,1,-1,1,1,-1,-1,-1,-1,-1,1,-1,-1,-1,-1,-1,-1,1,1,-1,-1,1,-1,-1,-1,1,-1,-1,-1,-1,-1,-1,-1,1,1,-1,-1,1,-1,1,-1,-1,1,-1,-1,-1,1,1,1,-1,-1,-1,-1,-1,-1,-1,1,-1,-1,-1,-1,-1,-1,1,-1,-1,1,1,-1,1,-1,-1,-1,-1,1,1,-1,-1,-1,-1,-1,-1,1,1,1,-1,-1,-1,-1,-1,1,1,-1,-1,-1,-1,1,1,1,-1,-1,-1,-1,1,1,1,-1,-1,-1,-1,1,1,1,1,-1,-1,-1,-1,1,1,-1,-1,-1,-1,-1,1,1,1,-1,-1,-1,1,1,1,1,-1,-1,-1,-1,-1,1,1,1,-1,-1,-1,1,1,1,-1,-1,1,-1,-1,1,-1,-1,-1,-1,-1,1,1,1,-1,-1,-1,1,-1,1,-1,-1,-1,-1,-1,1,1,1,-1,-1,1,-1,-1,1,1,-1,-1,1,-1,-1,1,1,-1,-1,-1,-1,-1,1,1,-1,-1,-1,-1,-1,1,1,-1,1,-1,-1,-1,-1,1,1,-1,-1,1,-1,1,1,-1,1,-1,-1,-1,1,1,-1,1,1,-1,-1,-1,1,-1,-1,1,-1,-1,1,-1,-1,1,1,-1,-1,1,1,-1,1,-1,-1,1,-1,-1,-1,1,-1,-1,-1,1,1,-1,1,-1,-1,-1,-1,1,-1,1,-1,-1,1,-1,1,-1,1,1,-1,1,-1,1,-1,-1,1,-1,1,-1,-1,-1,1,1,-1,1,1,-1,1,-1,1,-1,1,-1,-1,-1,1,1,-1,1,1,-1,-1,-1,1,-1,1,-1,1,-1,-1,-1,1,1,-1,-1,-1,1,1,-1,1,-1,-1,-1,-1,1,-1,1,-1,1,-1,-1,1,-1,1,-1,-1,-1,-1,-1,1,1,-1,-1,-1,-1,-1,1,-1,-1,-1,-1,-1,1,1,-1,-1,1,-1,-1,1,1,-1,-1,1,1,-1,-1,1,1,-1,1,-1,-1,-1,1,1,-1,-1,-1,-1,-1,1,-1,-1,1,1,1,1,1,1,-1,1,-1,1,-1,1,-1,1,-1,-1,1,-1,1,-1,1,1,-1,-1,1,1,-1,-1,-1,1,1,1,1,1,-1,1,-1,1,-1,1,-1,-1,1,-1,1,1,-1,1,-1,1,-1,1,-1,1,-1,-1,-1,1,1,1,-1,1,-1,1,1,1,1,1,-1,-1,-1,1,1,1,1,1,-1,-1,1,1,1,1,-1,1,-1,1,1,-1,1,1,-1,1,1,1,1,1,-1,-1,1,1,1,1,-1,1,-1,1,1,-1,1,-1,1,-1,1,1,-1,1,1,-1,-1,1,1,-1,1,-1,1,-1,-1,1,1,-1,1,-1,1,-1,1,-1,1,1,1,-1,1,1,1,-1,1,1,-1,-1,1,-1,-1,1,1,1,-1,1,1,-1,1,1,-1,-1,1,1,-1,1,1,1,1,1,1,-1,1,1,1,-1,1,1,1,1,-1,-1,1,-1,-1,1,-1,1,-1,1,-1,1,-1,-1,-1,1,1,-1,1,1,-1,1,-1,1,-1,1,1,-1,1,-1,1,-1,-1,-1,-1,1,-1,1,-1,-1,-1,-1,1,-1,1,-1,1,1,1,1,-1,1,-1,1,1,-1,1,-1,1,-1,-1,1,-1,1,-1,-1,1,1,1,1,1,-1,1,1,1,1,-1,1,-1,-1,1,1,1,-1,-1,-1,1,1,1,1,-1,-1,-1,1,-1,1,-1,1,1,-1,-1,1,1,1,-1,-1,-1,-1,1,1,1,1,1,-1,-1,1,1,1,1,1,-1,-1,1,-1,1,-1,1,-1,1,1,1,1,1,1,-1,-1,1,-1,1,-1,1,-1,-1,1,1,-1,1,1,-1,-1,1,1,1,1,1,1,-1,1,1,-1,1,1,-1,-1,1,1,-1,1,1,-1,-1,1,-1,1,1,1,-1,-1,1,-1,1,1,1,1,-1,1,1,-1,1,1,-1,-1,1,-1,1,1,1,1,-1,1,-1,1,1,1,-1,-1,1,-1,-1,1,1,1,-1,1,1,-1,-1,1,-1,1,1,1,-1,1,1,1,-1,1,-1,1,-1,1,1,-1,-1,1,-1,1,1,1,-1,1,1,-1,-1,1,1,1,1,1,1,-1,1,1,1,1,1,-1,-1,1,1,1,1,1,-1,1,1,1,1,1,1,-1,-1,-1,1,1,1,1,-1,-1,1,1,1,-1,1,-1,-1,1,1,1,1,1,-1,-1,1,1,1,1,-1,1,-1,1,1,1,1,1,-1,-1,1,1,1,1,1,1,-1,-1,1,1,1,1,-1,-1,1,1,1,-1,1,-1,1,1,1,1,1,1,-1,-1,-1,1,1,1,-1,1,1,1,1,1,1,1,-1,1,1,1,-1,1,-1,1,1,1,1,-1,1,1,-1,-1,1,1,-1,1,1,-1,1,1,1,1,-1,1,-1,-1,-1,1,1,-1,1,-1,1,-1,1,-1,-1,1,-1,-1,-1,1,1,-1,1,-1,1,-1,1,1,-1,1,-1,-1,-1,1,1,-1,1,1,1,-1,1,1,-1,1,-1,1,1,1,1,-1,1,-1,1,1,1,-1,1,1,1,1,1,1,1,-1,-1,-1,1,1,-1,1,-1,1,-1,1,-1,1,-1,1,1,-1,1,-1,1,1,-1,1,-1,1,-1,1,1,1,-1,-1,1,1,1,-1,1,1,-1,-1,-1,1,-1,1,-1,1,-1,-1,1,1,1,-1,-1,-1,1,1,1,1,-1,-1,-1,1,1,1,1,1,1,-1,1,1,1,-1,1,1,-1,-1,1,1,1,-1,-1,1,-1,1,1,1,-1,1,-1,1,1,1,1,-1,-1,1,1,-1,1,1,-1,1,-1,1,1,1,1,-1,1,1,1,1,1,1,-1,-1,-1,1,1,1,1,-1,1,-1,1,-1,1,1,-1,1,1,1,1,1,1,-1,-1,-1,1,-1,1,1,-1,1,-1,1,-1,1,1,1,-1,1,-2650.0,1,2000,445,1500,True
2690,1,1,-1,-1,1,-1,1,1,1,1,1,-1,1,1,1,1,-1,1,-1,-1,1,1,1,1,1,-1,1,1,1,1,1,1,-1,-1,1,1,-1,1,1,1,-1,1,1,1,1,1,1,1,1,1,1,1,-1,1,-1,-1,1,-1,1,1,1,-1,-1,1,1,1,1,1,1,1,1,-1,1,1,1,1,1,1,1,1,1,-1,-1,1,-1,1,1,1,1,-1,1,1,-1,1,1,1,1,-1,-1,1,1,1,1,1,-1,-1,-1,1,1,1,1,1,-1,-1,1,1,1,1,-1,-1,-1,1,1,1,1,1,-1,-1,1,1,1,1,-1,-1,-1,1,1,1,1,-1,-1,-1,-1,1,1,1,-1,-1,-1,-1,1,1,1,-1,1,-1,1,1,1,1,-1,-1,-1,-1,1,1,1,-1,1,-1,1,1,1,1,-1,-1,-1,1,1,1,-1,1,1,-1,1,1,1,1,-1,-1,-1,-1,1,1,-1,-1,1,-1,-1,1,-1,1,-1,1,-1,-1,1,1,1,-1,1,-1,1,1,-1,1,-1,1,-1,1,1,1,1,1,1,1,-1,1,-1,1,-1,1,-1,-1,1,1,1,1,1,-1,-1,1,-1,-1,1,1,1,-1,1,1,-1,1,1,-1,1,1,-1,-1,1,1,-1,-1,1,-1,1,1,1,1,1,1,-1,1,1,1,1,1,1,-1,1,1,1,1,1,1,-1,-1,1,1,1,1,1,1,-1,1,1,-1,-1,1,1,1,1,1,1,1,1,-1,1,1,1,1,1,-1,1,1,1,1,1,1,1,-1,-1,1,1,-1,1,1,1,-1,1,1,1,1,1,1,1,1,1,1,1,1,1,-1,1,1,1,1,1,1,-1,1,1,1,-1,1,1,1,1,1,1,-1,1,1,-1,-1,1,-1,1,1,1,-1,-1,1,1,-1,1,1,-1,-1,1,1,-1,1,1,-1,-1,1,1,1,-1,1,-1,-1,-1,1,-1,1,1,1,-1,-1,1,1,-1,1,-1,1,1,1,-1,-1,-1,-1,-1,1,1,-1,1,1,-1,-1,1,-1,1,1,1,-1,-1,1,-1,1,1,1,-1,-1,1,1,1,-1,1,1,1,-1,1,-1,1,-1,1,-1,1,1,-1,-1,-1,1,1,1,1,-1,1,-1,1,-1,1,1,1,-1,-1,1,1,-1,1,-1,1,-1,1,-1,-1,-1,1,1,-1,-1,1,-1,1,1,-1,-1,1,1,1,1,1,-1,-1,-1,1,-1,1,-1,-1,-1,1,1,1,1,-1,1,-1,1,1,1,1,-1,-1,1,1,1,1,1,-1,-1,-1,1,-1,1,1,-1,-1,-1,1,1,-1,1,1,-1,-1,1,-1,1,-1,1,-1,-1,1,-1,-1,-1,1,-1,-1,1,-1,1,-1,1,-1,-1,1,-1,-1,1,1,-1,-1,-1,1,-1,1,1,-1,-1,1,1,-1,-1,1,1,1,-1,1,-1,1,-1,1,-1,1,-1,1,1,-1,-1,1,1,1,-1,1,-1,1,-1,1,1,1,-1,-1,-1,1,-1,1,1,1,-1,-1,-1,1,1,-1,1,-1,-1,-1,1,1,-1,1,-1,-1,1,1,1,-1,1,-1,-1,-1,-1,1,1,1,-1,1,-1,-1,1,-1,1,-1,-1,1,1,-1,-1,1,1,-1,-1,-1,-1,-1,1,1,-1,1,-1,1,-1,-1,1,-1,-1,1,-1,1,1,-1,-1,-1,-1,-1,1,1,-1,1,-1,-1,1,1,1,1,-1,-1,-1,-1,-1,1,-1,1,-1,-1,1,-1,1,1,-1,1,-1,-1,1,1,1,-1,1,-1,1,-1,1,1,-1,1,-1,-1,-1,1,1,-1,1,-1,1,-1,1,1,1,-1,1,-1,-1,1,1,-1,-1,-1,1,-1,1,1,1,-1,1,-1,-1,-1,-1,1,-1,1,-1,-1,1,-1,-1,1,-1,1,-1,1,1,-1,1,-1,1,-1,1,-1,1,-1,1,-1,-1,1,1,-1,1,-1,-1,-1,-1,1,-1,1,-1,1,-1,-1,1,-1,1,1,-1,-1,-1,-1,1,1,1,1,-1,-1,1,-1,-1,1,1,-1,-1,-1,-1,1,-1,1,-1,-1,1,1,1,1,1,-1,-1,1,-1,-1,1,1,-1,-1,-1,-1,1,-1,1,-1,-1,-1,-1,-1,1,-1,-1,1,-1,-1,1,-1,1,-1,-1,-1,-1,-1,1,1,1,-1,-1,-1,1,1,1,-1,-1,-1,1,-1,-1,1,-1,-1,-1,-1,1,1,1,-1,-1,-1,-1,1,-1,1,1,-1,1,-1,-1,1,1,-1,-1,-1,-1,-1,-1,1,1,-1,-1,1,-1,1,1,-1,-1,-1,1,-1,1,1,-1,-1,1,-1,-1,1,1,1,-1,1,-1,1,1,1,-1,-1,1,-1,-1,1,1,-1,-1,1,-1,-1,1,1,-1,1,1,-1,-1,1,1,-1,-1,1,-1,-1,1,1,-1,-1,1,-1,-1,1,1,1,-1,-1,1,-1,1,1,1,-1,1,-1,-1,1,-1,1,-1,-1,1,-1,-1,1,1,-1,-1,1,-1,1,-1,1,-1,-1,1,-1,1,1,1,-1,-1,1,1,-1,-1,-1,-1,1,-1,1,-1,1,-1,-1,1,1,-1,1,-1,-1,-1,1,1,1,-1,1,-1,1,-1,1,-1,-1,1,1,-1,1,-1,1,-1,-1,1,-1,-1,-1,1,-1,1,1,-1,-1,1,1,-1,-1,-1,-1,1,-1,1,-1,-1,1,-1,1,-1,1,1,-1,1,-1,-1,1,-1,1,-1,1,1,-1,-1,-1,1,-1,-1,-1,1,-1,1,-1,1,-1,1,-1,1,1,-1,-1,1,1,-1,-1,1,-1,1,-1,1,-1,-1,1,-1,-1,1,1,-1,-1,1,1,1,-1,1,-1,-1,1,-1,1,1,1,1,-1,1,-1,1,-1,1,-1,-1,1,1,1,-1,1,1,-1,1,-1,1,1,1,1,-1,1,-1,1,-1,1,1,-1,1,1,1,-1,1,1,-1,1,-1,1,1,-1,1,-1,-1,1,1,-2650.0,1,2000,445,1000,True
2691,-1,-1,1,1,1,1,-1,1,-1,-1,-1,1,-1,-1,-1,-1,1,-1,1,-1,-1,-1,-1,-1,-1,1,-1,-1,-1,-1,-1,-1,1,-1,-1,-1,1,-1,-1,1,-1,-1,-1,-1,-1,-1,-1,1,-1,1,-1,-1,1,1,-1,1,-1,1,-1,-1,-1,1,-1,1,-1,-1,-1,-1,1,-1,-1,1,-1,-1,-1,1,1,-1,1,-1,-1,1,1,-1,1,-1,-1,-1,1,1,1,-1,-1,-1,-1,1,-1,1,1,1,-1,-1,1,1,-1,1,1,-1,-1,1,1,1,1,1,-1,-1,-1,1,1,1,1,-1,-1,-1,1,1,1,1,1,-1,-1,1,-1,1,1,-1,-1,-1,1,-1,1,1,1,-1,-1,1,1,1,1,1,-1,-1,-1,1,-1,1,1,1,-1,-1,-1,1,1,1,-1,-1,1,-1,-1,1,-1,-1,-1,1,-1,1,1,1,-1,-1,-1,1,-1,1,-1,-1,-1,-1,-1,1,1,1,-1,-1,-1,-1,1,1,1,-1,-1,1,-1,-1,1,1,-1,-1,-1,-1,-1,1,1,-1,1,1,-1,-1,1,1,-1,1,1,-1,-1,-1,1,1,-1,-1,-1,-1,1,1,-1,1,-1,-1,-1,1,1,-1,1,1,-1,-1,-1,1,-1,-1,1,-1,-1,1,-1,1,1,-1,-1,-1,1,1,-1,1,-1,-1,1,-1,-1,-1,1,-1,1,-1,1,1,-1,1,-1,1,-1,-1,1,-1,1,-1,-1,1,-1,1,-1,1,1,-1,1,-1,1,-1,-1,1,1,1,-1,-1,-1,1,1,-1,1,1,-1,1,-1,1,1,1,-1,-1,-1,1,1,1,1,1,-1,-1,-1,1,1,1,-1,-1,-1,-1,-1,1,1,-1,-1,-1,1,1,-1,1,-1,-1,-1,-1,1,1,1,-1,1,-1,1,1,-1,1,-1,-1,-1,-1,-1,1,1,-1,-1,-1,-1,-1,1,-1,-1,1,-1,-1,1,1,-1,-1,1,-1,1,1,1,-1,-1,1,-1,-1,-1,1,1,-1,1,-1,-1,-1,-1,1,-1,1,-1,1,-1,1,-1,-1,1,1,-1,-1,1,1,-1,1,-1,1,-1,1,-1,1,1,-1,1,-1,1,-1,1,1,-1,-1,1,1,-1,-1,1,-1,1,-1,-1,1,-1,1,1,-1,-1,1,-1,-1,1,-1,-1,1,-1,1,-1,-1,1,-1,-1,1,-1,-1,-1,1,-1,1,-1,1,-1,1,1,-1,-1,-1,-1,-1,-1,1,-1,-1,1,1,-1,-1,1,-1,1,-1,-1,1,-1,1,-1,-1,1,1,-1,-1,-1,-1,-1,-1,-1,-1,-1,1,-1,-1,1,1,-1,-1,-1,1,-1,1,1,-1,-1,-1,-1,-1,-1,-1,-1,-1,-1,1,-1,1,1,-1,-1,-1,-1,1,-1,-1,1,-1,-1,-1,1,-1,1,-1,-1,-1,-1,-1,-1,1,-1,1,-1,-1,1,-1,1,1,1,-1,-1,-1,-1,1,-1,1,-1,1,-1,1,1,1,-1,1,1,-1,1,1,1,1,1,1,1,-1,-1,-1,1,-1,-1,1,1,1,-1,1,-1,1,-1,-1,-1,1,1,-1,1,1,-1,1,-1,1,-1,1,1,-1,1,-1,1,-1,-1,-1,-1,1,-1,1,-1,-1,-1,-1,1,-1,1,-1,1,1,1,-1,-1,1,-1,1,1,-1,1,-1,1,-1,-1,1,-1,1,-1,-1,1,1,1,1,1,-1,1,1,1,1,-1,1,-1,-1,1,1,1,-1,-1,-1,1,1,1,1,-1,-1,-1,1,-1,1,-1,1,1,-1,-1,1,1,1,-1,-1,-1,-1,1,1,1,1,1,-1,-1,1,1,1,1,1,-1,-1,1,-1,1,-1,1,-1,1,1,1,1,1,1,-1,-1,1,-1,1,1,1,-1,-1,1,1,-1,1,1,-1,-1,1,1,1,1,1,1,-1,1,1,-1,1,1,-1,-1,1,1,-1,1,1,-1,-1,1,-1,1,1,1,-1,-1,1,-1,1,-1,1,1,-1,1,-1,1,-1,1,-1,-1,1,-1,1,1,1,1,-1,1,-1,1,1,1,-1,-1,1,-1,1,-1,1,1,-1,1,1,1,1,1,-1,1,1,-1,1,1,1,1,-1,1,-1,1,-1,1,1,-1,-1,1,-1,1,1,1,-1,1,1,-1,1,1,1,1,1,1,-1,1,1,1,1,1,-1,1,-1,1,1,1,1,1,-1,1,1,1,1,1,1,-1,1,-1,1,1,1,1,1,1,1,1,1,-1,1,-1,1,1,-1,1,1,1,1,1,1,1,1,1,1,-1,1,1,1,1,1,-1,1,1,1,1,1,1,1,-1,1,-1,1,1,1,1,1,1,-1,1,1,-1,1,1,1,1,1,1,1,1,1,1,-1,1,1,1,1,1,1,1,1,1,1,-1,1,1,1,1,-1,1,-1,1,1,-1,1,-1,1,-1,1,1,-1,1,-1,1,-1,1,1,1,1,1,-1,1,1,1,-1,1,1,-1,1,1,1,-1,1,-1,-1,-1,1,-1,1,-1,1,-1,1,1,1,-1,1,1,-1,-1,1,1,-1,-1,1,-1,1,1,1,1,-1,1,-1,1,-1,1,-1,1,1,-1,1,-1,1,-1,-1,-1,1,1,1,1,-1,1,1,-1,1,1,1,-1,-1,1,-1,1,1,1,1,-1,-1,1,1,1,1,1,-1,1,-1,1,-1,1,1,-1,1,1,-1,1,1,1,-1,1,-1,1,1,-1,1,-1,1,1,1,1,-1,1,-1,-1,1,-1,-1,1,1,-1,1,1,-1,-1,1,1,1,1,-1,1,1,1,-1,1,1,-1,1,1,1,-1,-1,1,-1,-1,1,1,-1,1,1,1,-1,-1,-1,1,1,1,-1,1,1,1,1,-1,1,-1,-1,-1,1,1,1,1,-1,-1,1,1,1,1,1,1,-1,1,1,1,1,1,1,-1,1,1,-1,-1,1,-1,-1,1,-1,1,1,1,1,-1,-1,1,1,-1,1,-1,1,1,1,1,-1,1,1,-1,-1,1,-2650.0,1,2000,445,500,True
2692,-1,-1,1,1,1,1,-1,1,-1,-1,1,-1,1,1,-1,-1,1,-1,1,-1,-1,1,-1,-1,-1,1,-1,-1,1,-1,-1,-1,1,-1,-1,1,1,-1,-1,1,-1,-1,1,-1,-1,-1,1,1,-1,-1,1,-1,1,1,-1,-1,-1,1,-1,-1,1,1,-1,1,-1,-1,-1,1,1,-1,1,-1,-1,-1,1,1,-1,1,-1,-1,-1,-1,1,-1,-1,-1,-1,1,1,-1,1,-1,-1,-1,-1,1,1,-1,-1,1,-1,-1,1,1,1,-1,-1,-1,1,1,1,-1,-1,1,-1,-1,1,1,1,-1,-1,1,-1,1,1,-1,-1,-1,1,-1,1,1,1,-1,1,-1,-1,1,1,1,-1,-1,1,-1,-1,1,1,-1,-1,1,-1,1,1,1,1,-1,1,1,-1,1,1,1,-1,1,-1,-1,1,1,-1,1,-1,-1,1,1,1,-1,1,1,1,1,1,-1,1,1,-1,-1,1,1,1,-1,1,1,-1,1,1,1,-1,1,1,-1,1,-1,1,-1,-1,1,-1,1,1,1,-1,1,1,-1,1,-1,1,-1,1,1,-1,1,1,1,-1,-1,1,1,-1,1,1,-1,1,1,-1,1,1,1,-1,1,1,-1,1,-1,1,-1,1,1,-1,-1,1,1,-1,1,-1,1,1,-1,1,-1,1,1,-1,1,1,-1,1,-1,-1,-1,1,1,-1,-1,-1,-1,-1,1,1,-1,1,-1,1,-1,1,1,1,1,-1,1,-1,1,1,1,1,-1,-1,-1,-1,1,-1,1,-1,-1,-1,1,1,-1,1,1,-1,-1,-1,1,1,1,-1,-1,-1,1,1,-1,-1,1,-1,-1,1,1,-1,1,-1,-1,-1,1,1,1,1,-1,-1,-1,1,-1,-1,1,-1,-1,1,-1,-1,1,1,-1,1,1,-1,1,-1,1,-1,1,1,1,-1,1,1,-1,-1,1,1,-1,1,-1,-1,-1,1,1,-1,1,-1,-1,1,-1,1,-1,1,-1,-1,1,-1,1,-1,1,1,-1,1,-1,1,1,-1,1,-1,-1,1,1,-1,1,-1,-1,1,1,-1,-1,1,1,-1,1,-1,1,-1,1,-1,1,1,-1,1,1,1,-1,1,1,-1,1,-1,1,-1,-1,1,-1,1,1,1,1,-1,1,1,1,1,1,-1,-1,1,-1,-1,1,-1,1,-1,-1,1,-1,1,-1,-1,-1,-1,1,-1,1,-1,1,-1,-1,1,-1,1,1,-1,-1,-1,1,-1,-1,1,1,-1,-1,1,-1,1,1,-1,1,-1,1,-1,-1,1,1,-1,-1,-1,-1,1,1,-1,1,-1,1,-1,1,-1,1,-1,-1,-1,-1,1,-1,1,-1,-1,-1,-1,1,-1,-1,-1,-1,-1,-1,1,1,1,-1,1,-1,-1,1,-1,-1,1,-1,-1,-1,1,1,1,-1,1,-1,-1,-1,-1,1,-1,1,-1,-1,1,-1,1,1,1,-1,-1,-1,1,1,-1,1,-1,-1,-1,1,1,1,-1,1,1,-1,1,1,1,1,1,1,1,-1,1,1,-1,1,-1,1,-1,-1,1,1,-1,1,-1,-1,1,-1,1,-1,1,1,-1,1,1,1,-1,1,1,-1,-1,1,1,-1,-1,-1,-1,1,1,1,-1,-1,-1,-1,1,1,1,-1,1,1,1,-1,1,1,-1,1,1,-1,1,1,1,-1,-1,1,-1,-1,1,1,-1,1,1,1,1,1,1,1,1,1,-1,1,1,-1,1,1,1,-1,1,1,-1,1,1,1,-1,1,1,1,-1,1,-1,1,-1,1,-1,1,1,1,-1,1,1,1,1,1,1,1,1,1,-1,1,1,1,1,1,1,-1,1,-1,1,-1,1,-1,1,1,1,1,1,1,1,-1,1,-1,1,1,1,1,-1,1,1,-1,1,1,-1,-1,1,1,1,1,1,1,-1,1,1,-1,-1,1,-1,-1,1,1,1,-1,1,-1,-1,1,-1,-1,1,1,-1,-1,1,-1,1,-1,1,1,-1,1,-1,1,-1,1,-1,-1,1,-1,1,-1,1,1,-1,1,-1,1,-1,1,-1,-1,1,-1,1,-1,1,1,-1,1,1,1,1,1,-1,1,1,-1,1,1,1,1,-1,1,-1,1,-1,1,1,-1,1,1,-1,1,1,1,-1,1,1,-1,1,1,1,1,1,-1,-1,1,1,1,1,1,-1,1,-1,1,1,1,1,1,-1,1,1,1,1,1,1,-1,1,-1,1,1,1,1,1,1,1,1,1,1,1,-1,1,1,-1,1,1,-1,1,1,1,1,1,1,1,-1,1,-1,1,1,1,-1,1,1,-1,1,1,1,-1,-1,1,-1,1,1,1,-1,1,1,-1,-1,-1,-1,-1,1,1,-1,-1,1,1,-1,1,1,1,-1,1,-1,1,1,1,-1,1,1,-1,-1,1,1,-1,-1,-1,1,-1,1,1,-1,1,-1,-1,-1,1,1,-1,-1,-1,1,-1,1,1,-1,1,-1,-1,-1,1,1,-1,-1,-1,-1,-1,-1,1,-1,-1,-1,-1,-1,1,-1,-1,-1,-1,-1,-1,-1,1,-1,-1,-1,-1,-1,1,1,-1,-1,1,-1,1,1,1,1,-1,-1,-1,1,-1,1,-1,-1,-1,-1,1,-1,1,-1,-1,-1,1,-1,1,1,-1,-1,-1,-1,1,-1,1,-1,1,-1,1,-1,-1,1,1,-1,1,-1,1,-1,1,1,-1,1,-1,1,-1,1,1,-1,-1,1,-1,-1,-1,1,-1,1,-1,1,-1,-1,1,-1,1,-1,1,-1,-1,1,-1,1,-1,-1,-1,-1,1,-1,-1,-1,-1,1,-1,1,1,-1,1,1,-1,1,1,-1,-1,1,1,-1,-1,1,-1,-1,1,1,-1,1,1,-1,-1,1,-1,1,-1,-1,-1,-1,1,-1,-1,1,1,-1,1,1,-1,1,1,1,1,-1,1,-1,1,1,1,-1,-1,1,-1,-1,1,1,-1,-1,1,-1,1,1,1,-1,-1,1,-1,1,1,1,1,-1,1,-1,-1,1,1,1,-1,-1,1,-1,1,1,1,-1,1,-1,-1,1,-2650.0,1,2000,445,500,True
2693,1,1,-1,-1,1,-1,-1,1,1,1,1,-1,1,1,1,1,-1,1,-1,-1,-1,1,1,1,1,-1,-1,-1,1,1,1,1,1,-1,-1,1,-1,1,1,-1,-1,-1,1,1,1,1,-1,-1,1,-1,1,1,-1,1,-1,-1,-1,-1,1,1,-1,-1,-1,1,1,1,1,-1,-1,-1,1,-1,1,1,1,-1,-1,1,-1,1,1,-1,-1,-1,-1,1,1,1,-1,-1,1,-1,-1,1,1,-1,-1,-1,-1,1,1,1,-1,-1,-1,-1,-1,1,1,-1,-1,1,-1,-1,1,1,-1,-1,1,-1,-1,1,1,1,-1,-1,-1,-1,1,1,1,-1,-1,-1,-1,1,1,1,-1,-1,-1,-1,1,1,1,-1,1,-1,-1,-1,1,1,-1,-1,1,-1,-1,1,1,-1,-1,-1,-1,-1,1,1,-1,-1,1,-1,1,1,-1,-1,-1,-1,-1,1,1,-1,-1,1,1,-1,1,1,-1,-1,-1,-1,-1,-1,1,-1,1,-1,1,-1,1,1,1,-1,-1,1,-1,1,1,-1,-1,-1,1,-1,1,1,-1,-1,-1,1,-1,1,1,1,-1,-1,1,1,-1,1,-1,-1,1,1,-1,-1,1,1,-1,-1,1,-1,-1,1,-1,1,-1,1,1,-1,1,-1,1,-1,1,-1,1,1,1,-1,-1,1,-1,-1,-1,1,-1,1,1,1,1,-1,1,-1,1,1,1,1,1,1,-1,1,1,1,1,1,-1,1,-1,1,1,1,1,1,1,-1,1,-1,-1,1,-1,1,1,1,1,1,1,1,-1,1,1,1,1,-1,1,1,1,1,1,1,1,-1,1,1,1,-1,1,1,1,-1,1,1,1,1,1,1,-1,1,1,1,1,1,1,-1,1,1,1,1,1,-1,1,-1,1,1,-1,1,-1,1,1,1,1,1,1,1,-1,-1,1,1,1,1,1,-1,-1,1,1,1,1,1,-1,-1,1,1,-1,1,1,-1,-1,1,1,1,-1,1,-1,-1,-1,1,-1,1,1,1,-1,1,1,1,-1,1,-1,1,1,-1,-1,-1,-1,-1,-1,1,1,-1,1,1,-1,-1,1,-1,-1,1,1,-1,-1,1,-1,1,1,1,-1,-1,1,-1,-1,-1,1,1,-1,-1,-1,-1,1,-1,1,-1,1,1,1,-1,-1,1,-1,1,-1,-1,1,-1,1,-1,1,-1,1,1,-1,1,1,-1,1,-1,1,-1,1,-1,-1,-1,-1,1,-1,-1,1,-1,1,-1,1,-1,1,1,-1,1,-1,1,-1,-1,1,-1,1,-1,1,-1,1,1,1,1,1,1,-1,1,1,1,-1,1,-1,1,1,1,1,-1,1,-1,-1,1,-1,1,-1,1,-1,-1,1,1,-1,1,1,-1,-1,1,-1,1,1,-1,1,-1,1,-1,-1,-1,1,1,-1,1,-1,1,-1,1,-1,-1,1,1,-1,1,1,1,-1,-1,1,-1,1,1,1,-1,1,1,-1,-1,-1,1,1,-1,1,-1,1,1,-1,1,1,-1,1,1,-1,-1,1,1,1,-1,1,-1,1,-1,1,1,1,-1,-1,-1,1,-1,1,1,1,-1,-1,-1,1,1,-1,1,-1,-1,-1,1,1,1,1,-1,-1,-1,1,1,1,1,-1,-1,-1,-1,1,1,1,-1,1,-1,-1,1,-1,1,-1,-1,1,1,-1,-1,1,1,-1,-1,-1,-1,-1,1,1,-1,-1,1,-1,-1,1,1,-1,-1,1,-1,1,1,-1,-1,-1,-1,-1,1,1,-1,1,-1,-1,1,1,1,1,-1,1,-1,-1,-1,1,-1,1,1,-1,1,-1,1,1,-1,-1,1,1,1,1,1,-1,1,1,-1,-1,1,1,-1,-1,1,1,-1,1,1,-1,-1,1,1,-1,1,1,1,-1,1,1,-1,1,1,-1,-1,1,1,-1,1,1,-1,-1,1,-1,-1,-1,-1,1,-1,1,-1,-1,1,-1,-1,1,-1,1,-1,-1,1,-1,1,1,-1,-1,1,-1,-1,1,-1,-1,-1,-1,1,-1,1,1,-1,-1,-1,1,-1,1,1,-1,-1,-1,1,-1,1,1,-1,-1,-1,-1,1,1,1,-1,-1,-1,1,-1,-1,-1,-1,-1,-1,-1,-1,1,-1,-1,-1,-1,1,1,-1,1,-1,-1,-1,1,-1,-1,1,-1,-1,-1,-1,-1,1,1,-1,-1,-1,-1,-1,1,-1,-1,-1,1,-1,-1,1,-1,1,-1,-1,-1,-1,-1,-1,-1,1,-1,-1,-1,1,1,-1,-1,-1,-1,1,-1,-1,-1,-1,-1,-1,-1,1,1,1,-1,-1,-1,-1,1,-1,1,1,-1,1,-1,-1,1,1,1,-1,-1,-1,-1,-1,1,1,-1,-1,1,-1,1,1,-1,-1,-1,1,-1,1,1,1,-1,1,1,-1,1,1,1,-1,1,-1,1,1,1,-1,-1,1,-1,-1,1,-1,1,1,-1,1,-1,1,1,1,-1,1,-1,-1,1,1,1,1,-1,1,-1,1,1,1,1,1,-1,-1,1,1,1,1,1,1,-1,1,1,1,1,-1,-1,-1,1,-1,1,1,1,-1,1,1,1,-1,1,1,-1,-1,1,-1,1,1,1,-1,1,1,1,1,1,1,-1,1,-1,-1,1,1,1,-1,1,-1,1,1,1,-1,1,-1,1,-1,1,1,1,1,1,-1,1,1,-1,1,1,-1,-1,1,1,1,1,-1,1,-1,-1,1,1,1,1,1,-1,1,1,1,1,1,1,-1,-1,1,1,-1,1,1,-1,-1,1,1,-1,1,1,1,-1,1,1,1,-1,-1,1,-1,1,1,1,1,-1,1,-1,-1,1,1,-1,1,-1,1,1,1,1,-1,1,-1,-1,1,1,1,-1,1,-1,1,1,-1,1,1,1,-1,-1,1,1,1,-1,1,1,1,1,1,-1,-1,1,-1,1,1,1,1,-1,1,1,1,1,1,1,-1,1,1,1,1,1,1,-1,1,-1,1,1,1,1,-1,1,1,-1,1,1,1,-1,1,1,-1,1,1,1,1,-1,1,1,1,-1,1,-1,1,1,1,-2650.0,1,2000,445,500,True
2694,-1,-1,1,1,1,1,-1,1,-1,-1,-1,1,-1,-1,-1,-1,1,-1,1,-1,-1,-1,-1,-1,-1,1,-1,-1,-1,-1,-1,-1,1,-1,-1,-1,1,-1,-1,1,-1,-1,-1,-1,-1,-1,-1,1,-1,1,-1,-1,1,1,-1,1,-1,1,-1,-1,-1,1,-1,1,-1,-1,-1,-1,1,-1,-1,1,-1,-1,1,1,1,-1,1,-1,-1,-1,1,-1,1,-1,-1,1,1,1,1,-1,-1,-1,-1,1,-1,1,1,1,-1,-1,1,1,-1,1,-1,-1,-1,1,1,1,1,1,-1,-1,1,1,1,1,-1,-1,-1,1,1,1,1,-1,1,-1,1,1,-1,1,-1,1,-1,1,1,-1,1,-1,1,-1,-1,1,1,1,1,-1,-1,1,1,1,-1,1,-1,1,-1,1,-1,1,1,1,-1,-1,1,-1,-1,1,-1,-1,1,1,-1,1,-1,1,1,1,-1,1,-1,1,-1,-1,1,-1,-1,1,1,1,-1,1,-1,-1,-1,1,1,-1,1,-1,-1,-1,1,1,-1,1,1,-1,-1,1,1,-1,1,-1,-1,-1,1,1,-1,1,1,-1,-1,-1,1,1,-1,1,-1,-1,1,1,-1,1,1,-1,-1,1,1,-1,1,-1,-1,-1,1,1,-1,-1,1,-1,-1,1,-1,-1,1,-1,-1,-1,1,1,-1,1,1,-1,1,-1,-1,-1,1,-1,1,-1,1,-1,-1,1,-1,1,-1,-1,1,-1,-1,1,-1,1,-1,1,-1,1,1,-1,1,-1,-1,-1,1,1,1,1,-1,-1,-1,1,1,-1,1,1,1,-1,-1,1,1,1,-1,-1,-1,1,-1,1,1,1,-1,-1,1,-1,1,1,-1,-1,-1,1,-1,1,1,-1,-1,-1,1,1,-1,1,-1,-1,1,-1,-1,1,1,-1,-1,1,-1,1,-1,1,-1,1,1,1,-1,1,1,-1,-1,1,1,-1,1,-1,-1,-1,1,1,-1,1,-1,-1,-1,1,1,-1,1,-1,-1,1,1,1,-1,1,1,-1,-1,1,1,-1,-1,1,-1,-1,-1,1,-1,1,-1,-1,-1,-1,-1,-1,1,1,-1,-1,1,1,-1,1,-1,-1,1,-1,1,1,1,-1,-1,1,1,1,-1,1,-1,-1,-1,-1,1,1,-1,1,-1,-1,1,-1,1,-1,-1,-1,1,1,-1,1,-1,1,-1,-1,1,-1,1,-1,-1,-1,1,1,-1,1,-1,1,-1,-1,1,-1,1,-1,-1,-1,-1,1,-1,-1,1,1,-1,-1,1,-1,1,1,-1,1,-1,1,-1,1,-1,1,-1,-1,1,-1,1,-1,-1,-1,1,1,-1,1,-1,1,-1,1,-1,1,1,-1,1,-1,1,-1,-1,1,-1,-1,-1,1,-1,1,-1,-1,1,-1,1,-1,-1,1,-1,-1,1,-1,1,-1,1,-1,1,-1,1,1,-1,-1,-1,1,-1,1,-1,-1,1,-1,1,1,1,1,-1,-1,1,1,-1,1,1,-1,-1,1,1,1,-1,1,1,-1,1,1,1,1,1,-1,1,-1,-1,-1,1,-1,-1,1,-1,1,-1,1,-1,1,-1,-1,-1,1,1,-1,1,1,-1,1,-1,1,-1,1,1,-1,1,-1,1,-1,-1,-1,-1,1,-1,1,-1,-1,-1,-1,1,-1,1,-1,1,1,1,1,-1,1,-1,1,1,-1,1,-1,1,-1,-1,1,-1,1,-1,-1,1,1,1,1,1,-1,1,1,1,1,-1,1,-1,-1,1,1,1,-1,-1,-1,-1,1,1,1,-1,-1,-1,1,-1,1,-1,1,1,-1,-1,1,1,1,-1,1,-1,-1,1,1,1,1,1,1,-1,1,1,1,1,-1,1,-1,1,1,1,-1,1,1,-1,1,1,1,1,1,1,-1,1,1,1,1,1,1,-1,1,1,-1,1,1,1,-1,1,1,1,1,1,1,-1,1,1,1,-1,1,-1,-1,1,1,1,-1,1,-1,-1,1,1,1,1,1,-1,-1,1,1,1,-1,1,1,-1,1,1,-1,-1,1,-1,-1,1,1,1,1,1,1,-1,1,1,1,-1,1,1,-1,1,-1,1,-1,1,1,-1,1,1,1,-1,1,-1,1,1,-1,-1,-1,1,1,-1,1,-1,-1,-1,1,1,-1,1,1,-1,1,1,1,-1,1,1,1,-1,1,1,1,1,-1,1,-1,1,1,1,1,1,-1,-1,1,1,1,1,-1,-1,1,1,1,1,1,-1,-1,-1,-1,1,1,1,-1,1,1,1,1,1,1,-1,-1,-1,1,-1,1,1,-1,1,1,1,1,1,1,1,-1,1,-1,1,1,1,-1,1,1,1,1,1,1,-1,-1,1,-1,1,1,1,-1,1,1,-1,-1,-1,-1,-1,1,1,1,-1,1,1,-1,1,1,1,-1,1,-1,1,1,1,-1,1,1,-1,-1,1,1,1,-1,-1,1,-1,1,1,-1,1,-1,-1,-1,1,1,-1,-1,-1,1,-1,1,1,1,1,1,-1,-1,1,1,-1,-1,-1,1,-1,1,1,-1,-1,-1,-1,-1,1,-1,1,-1,-1,-1,1,1,1,-1,-1,-1,1,-1,1,1,-1,-1,1,-1,1,1,1,1,-1,-1,-1,1,-1,-1,-1,-1,-1,-1,1,-1,1,-1,-1,-1,-1,1,-1,1,-1,-1,1,1,1,-1,1,-1,1,-1,1,-1,-1,1,1,-1,1,1,1,-1,1,1,-1,1,-1,1,-1,1,1,-1,1,1,-1,-1,-1,1,-1,1,-1,1,-1,-1,1,-1,1,-1,1,-1,1,1,-1,-1,1,-1,-1,-1,1,-1,1,1,-1,1,1,1,1,1,-1,1,-1,1,-1,1,1,-1,1,-1,-1,-1,-1,1,-1,1,1,1,-1,1,1,1,-1,-1,-1,1,1,1,-1,1,1,1,1,-1,1,-1,-1,1,1,1,1,1,-1,-1,1,1,1,1,1,1,-1,1,1,1,1,1,1,-1,1,1,-1,-1,1,-1,-1,1,1,1,1,1,1,-1,1,1,1,-1,1,-1,1,-1,1,1,-1,1,1,-1,1,1,-2650.0,1,2000,445,500,True
2695,1,1,-1,-1,1,1,-1,1,1,1,1,-1,1,-1,1,1,-1,1,-1,-1,-1,1,1,1,1,1,-1,-1,1,1,1,1,-1,-1,-1,1,-1,1,1,1,-1,-1,1,1,1,1,1,1,-1,-1,1,1,-1,1,-1,1,-1,-1,1,1,1,-1,-1,1,1,1,1,1,1,-1,1,-1,1,1,1,1,1,1,-1,1,1,1,1,-1,-1,1,1,1,1,1,1,-1,-1,1,1,1,-1,1,-1,-1,1,1,1,1,-1,-1,-1,1,1,1,1,1,-1,-1,1,1,1,1,1,-1,-1,1,1,1,1,1,-1,-1,1,1,1,1,-1,-1,-1,-1,1,1,1,-1,-1,-1,-1,1,1,1,1,-1,-1,-1,1,1,1,1,1,-1,1,-1,1,1,-1,-1,-1,-1,1,-1,1,-1,1,-1,-1,-1,1,1,-1,-1,-1,1,1,1,-1,1,1,-1,-1,-1,1,-1,-1,-1,-1,-1,-1,1,-1,-1,1,-1,-1,-1,1,-1,-1,1,-1,-1,1,1,1,-1,1,-1,1,1,-1,-1,-1,1,-1,1,-1,1,1,-1,1,1,-1,-1,-1,1,-1,1,1,-1,1,1,1,-1,1,-1,-1,-1,-1,-1,-1,1,1,-1,1,-1,1,-1,1,-1,-1,-1,1,-1,-1,1,-1,1,-1,1,1,-1,1,1,1,-1,1,1,-1,1,1,1,1,1,-1,-1,1,1,1,-1,-1,1,-1,1,1,1,1,1,1,-1,1,1,1,1,-1,1,1,1,1,1,1,1,1,-1,1,-1,1,1,1,1,1,1,1,1,1,-1,1,1,1,-1,1,1,1,1,1,1,1,1,1,1,1,1,1,1,1,1,1,1,-1,1,1,1,1,-1,1,1,1,1,1,-1,1,1,-1,1,1,1,1,1,-1,1,1,1,1,1,1,-1,1,-1,1,1,1,1,-1,1,-1,1,1,1,1,-1,1,-1,1,-1,-1,1,-1,1,1,-1,1,1,1,1,-1,1,-1,1,-1,1,-1,1,-1,-1,1,-1,-1,-1,1,1,-1,1,-1,1,-1,1,-1,1,-1,1,1,1,1,-1,1,-1,1,1,-1,1,-1,-1,-1,-1,1,1,1,1,-1,-1,1,1,1,1,-1,-1,1,-1,-1,1,-1,1,-1,1,-1,1,1,1,-1,-1,1,1,-1,1,-1,1,-1,-1,1,-1,1,1,-1,-1,-1,1,-1,-1,1,1,-1,-1,1,-1,1,1,-1,1,-1,1,-1,-1,1,1,-1,-1,1,-1,1,1,-1,-1,1,1,-1,1,-1,1,-1,1,-1,-1,1,-1,1,-1,1,-1,-1,1,-1,-1,-1,1,-1,-1,1,-1,1,-1,1,-1,-1,1,-1,-1,1,-1,1,-1,1,1,1,-1,1,1,-1,-1,1,1,-1,1,-1,-1,1,1,1,1,1,1,-1,-1,1,1,-1,1,1,-1,-1,1,1,1,-1,1,1,-1,1,1,1,1,-1,1,1,-1,1,1,-1,1,-1,1,-1,-1,1,-1,-1,1,-1,-1,1,-1,-1,-1,1,1,-1,1,1,-1,-1,1,1,-1,-1,1,-1,-1,-1,-1,-1,1,1,-1,-1,-1,-1,-1,1,1,-1,-1,1,1,1,1,1,-1,1,1,1,-1,-1,1,-1,1,-1,1,-1,-1,1,1,-1,1,1,1,-1,1,1,-1,-1,1,-1,-1,1,1,-1,-1,1,-1,1,1,-1,-1,1,1,-1,1,1,-1,-1,1,-1,1,1,1,1,-1,1,1,-1,-1,1,1,-1,1,1,1,-1,1,1,-1,-1,1,1,1,1,1,-1,1,1,-1,-1,1,1,-1,-1,1,1,-1,1,1,-1,-1,1,1,-1,1,1,-1,-1,-1,1,-1,1,1,-1,-1,1,1,-1,1,1,1,-1,1,-1,-1,1,-1,1,-1,1,-1,-1,1,-1,-1,-1,1,1,-1,1,1,-1,-1,1,-1,-1,1,-1,-1,1,-1,-1,-1,1,1,-1,-1,1,1,-1,1,1,-1,-1,1,-1,-1,-1,1,-1,1,1,-1,-1,-1,1,-1,-1,1,-1,-1,1,-1,-1,1,-1,-1,-1,-1,-1,-1,1,-1,-1,-1,-1,1,-1,-1,1,-1,-1,-1,1,-1,-1,1,-1,-1,-1,1,-1,1,1,-1,-1,-1,1,-1,1,-1,-1,-1,1,-1,-1,1,-1,1,-1,1,1,-1,-1,-1,-1,1,1,1,-1,1,1,-1,-1,-1,-1,1,1,-1,-1,-1,1,1,-1,1,-1,1,-1,1,1,-1,1,-1,1,1,-1,1,-1,-1,1,1,-1,-1,1,1,-1,-1,1,1,-1,1,1,-1,1,1,-1,-1,-1,1,-1,1,1,-1,-1,1,1,-1,1,1,1,-1,1,-1,1,1,1,-1,1,1,-1,-1,1,1,-1,-1,-1,1,-1,1,1,-1,1,1,-1,-1,1,1,-1,-1,-1,1,-1,1,1,-1,-1,1,-1,-1,1,1,1,-1,-1,-1,-1,-1,1,-1,-1,1,-1,-1,1,-1,1,-1,-1,-1,-1,-1,1,1,-1,1,-1,-1,1,1,1,-1,1,-1,1,1,1,1,-1,-1,-1,1,-1,1,-1,-1,-1,-1,1,-1,1,-1,-1,-1,1,-1,1,1,-1,-1,-1,-1,1,-1,1,-1,1,-1,1,-1,-1,1,1,-1,1,-1,1,-1,1,1,-1,1,-1,1,-1,1,1,-1,1,1,-1,-1,-1,1,-1,1,-1,1,-1,-1,1,-1,1,-1,1,-1,-1,1,-1,-1,1,-1,-1,-1,1,-1,1,1,-1,1,-1,1,1,1,-1,1,-1,1,-1,1,1,-1,-1,-1,-1,-1,-1,1,-1,1,-1,1,-1,1,1,1,-1,1,-1,1,1,1,-1,-1,-1,1,1,-1,1,-1,-1,1,1,1,1,1,-1,-1,1,1,1,1,1,1,-1,-1,-1,1,1,1,1,-1,1,1,-1,-1,1,1,-1,1,1,1,1,1,1,-1,-1,1,1,-1,1,1,1,-1,1,1,-1,1,1,-1,-1,1,-2650.0,1,2000,445,500,True
2696,1,1,-1,-1,1,-1,1,1,1,1,1,-1,1,1,1,1,-1,1,-1,-1,1,1,1,1,1,-1,1,1,1,1,1,1,1,-1,1,1,-1,1,1,1,-1,1,1,1,1,1,1,-1,1,1,1,1,-1,1,-1,-1,1,-1,1,1,-1,-1,-1,-1,1,1,1,1,-1,1,1,-1,1,1,1,-1,1,1,-1,1,1,-1,-1,1,-1,1,1,1,-1,-1,1,1,-1,1,1,-1,1,-1,-1,1,1,1,-1,1,-1,-1,-1,1,1,1,1,1,-1,-1,1,1,1,1,-1,-1,-1,1,1,1,-1,1,-1,-1,1,1,1,1,-1,-1,-1,1,1,1,1,-1,-1,-1,-1,1,1,1,-1,-1,-1,-1,1,1,1,-1,1,-1,1,1,1,1,-1,1,-1,-1,1,1,1,-1,1,-1,1,1,1,1,-1,-1,-1,1,1,1,1,1,1,-1,1,1,1,1,-1,-1,-1,-1,1,1,1,-1,1,-1,-1,1,-1,1,-1,1,-1,-1,1,1,1,-1,1,-1,1,1,1,1,-1,1,-1,1,1,-1,1,1,1,1,-1,1,-1,1,-1,1,-1,-1,1,-1,1,1,1,-1,-1,1,-1,-1,1,1,1,-1,1,1,-1,1,1,-1,1,1,-1,-1,1,1,-1,-1,1,-1,1,1,1,1,1,1,-1,1,1,1,1,1,1,-1,1,1,1,1,1,1,-1,-1,1,1,1,1,1,1,-1,1,1,-1,-1,1,1,1,1,1,1,1,1,-1,1,1,1,1,1,-1,1,1,1,1,1,1,1,-1,-1,1,1,-1,1,1,1,-1,1,1,1,1,1,1,1,1,1,1,1,1,1,-1,1,1,1,1,1,-1,1,-1,1,1,-1,1,1,1,1,1,1,-1,1,1,-1,-1,1,-1,1,1,1,-1,-1,1,1,-1,1,1,-1,-1,1,1,-1,1,1,-1,-1,1,1,1,-1,1,-1,1,-1,1,-1,1,1,1,-1,-1,1,1,-1,1,-1,1,1,1,-1,-1,-1,-1,1,1,1,-1,1,1,-1,1,1,-1,1,1,1,-1,1,1,-1,-1,1,-1,1,-1,1,1,1,-1,1,1,1,-1,1,-1,1,-1,-1,1,1,1,-1,-1,-1,1,1,1,1,-1,1,-1,-1,1,1,1,1,-1,-1,-1,1,-1,1,-1,1,-1,-1,-1,1,1,1,1,-1,-1,1,-1,1,1,-1,-1,1,-1,1,-1,1,-1,-1,-1,1,-1,1,-1,-1,-1,-1,-1,1,1,-1,1,-1,-1,1,-1,1,-1,-1,1,-1,1,-1,1,-1,-1,-1,-1,-1,1,1,-1,-1,1,-1,-1,-1,1,1,-1,-1,1,-1,1,-1,1,-1,-1,-1,-1,-1,-1,1,-1,-1,-1,1,1,-1,1,-1,-1,-1,-1,-1,1,1,-1,-1,-1,-1,-1,1,1,-1,1,-1,-1,-1,-1,1,1,1,-1,-1,-1,1,-1,1,1,1,1,-1,1,-1,-1,1,-1,1,1,-1,-1,1,-1,1,1,1,-1,-1,-1,1,-1,1,1,1,-1,-1,-1,1,1,-1,1,-1,-1,-1,1,1,-1,1,-1,-1,1,1,1,-1,1,-1,-1,-1,-1,1,1,1,-1,1,-1,-1,1,-1,1,-1,-1,1,-1,1,-1,1,1,-1,-1,-1,-1,-1,1,1,-1,-1,-1,1,-1,1,1,-1,-1,-1,-1,1,1,-1,-1,-1,-1,-1,1,1,-1,1,-1,1,1,1,1,1,-1,-1,-1,-1,-1,1,-1,1,-1,-1,1,-1,1,1,-1,1,-1,-1,1,1,1,-1,1,-1,1,-1,1,1,-1,-1,-1,-1,-1,1,1,-1,1,-1,1,-1,1,1,1,-1,1,-1,-1,1,1,-1,-1,-1,1,-1,1,1,-1,-1,1,-1,-1,-1,-1,1,-1,1,-1,-1,1,-1,-1,1,-1,1,-1,1,1,-1,1,-1,1,-1,1,-1,1,-1,1,-1,-1,1,1,-1,1,-1,-1,-1,-1,1,-1,1,-1,1,-1,-1,1,-1,1,1,-1,-1,-1,-1,1,1,1,1,-1,-1,1,-1,-1,1,1,-1,-1,-1,-1,1,-1,1,-1,-1,1,1,-1,1,1,-1,-1,1,-1,-1,1,1,-1,-1,-1,-1,1,-1,1,-1,-1,-1,-1,-1,1,-1,-1,1,-1,-1,1,-1,1,-1,-1,-1,-1,-1,1,1,1,-1,-1,-1,1,1,1,-1,-1,-1,1,-1,-1,1,-1,-1,-1,-1,1,1,1,-1,-1,-1,-1,1,-1,1,1,-1,1,-1,-1,1,1,-1,-1,-1,-1,-1,-1,1,1,-1,-1,1,-1,1,1,-1,-1,-1,1,-1,1,1,-1,-1,-1,-1,-1,1,1,1,-1,-1,-1,1,1,1,-1,-1,1,-1,-1,1,1,1,-1,1,-1,-1,1,1,-1,1,-1,1,-1,1,1,1,-1,1,1,-1,1,1,1,-1,1,-1,-1,1,1,1,-1,-1,1,-1,1,1,1,-1,1,1,-1,1,-1,1,1,-1,1,-1,1,1,-1,1,-1,1,-1,1,1,1,1,-1,1,1,1,1,1,-1,-1,1,1,-1,1,1,-1,1,-1,1,-1,1,1,-1,1,1,1,-1,1,1,-1,-1,1,-1,1,1,1,-1,1,1,1,1,1,1,-1,1,-1,1,1,1,1,-1,-1,-1,1,-1,1,1,1,-1,1,-1,1,1,-1,-1,1,-1,1,1,1,1,-1,1,-1,1,-1,1,1,-1,-1,1,-1,-1,1,1,1,-1,-1,-1,-1,1,-1,-1,1,-1,1,1,1,-1,1,-1,-1,1,1,1,1,1,-1,-1,-1,1,-1,-1,1,-1,1,-1,-1,1,1,1,-1,-1,-1,1,-1,-1,1,-1,-1,1,-1,1,1,1,1,-1,1,-1,-1,-1,1,-1,-1,1,1,1,-1,1,1,-1,1,-1,1,1,1,1,-1,1,-1,1,-1,1,1,-1,1,1,1,-1,1,1,-1,-1,1,1,1,-1,1,-1,1,-1,1,-2648.0,1,2000,445,1000,True
2697,1,1,1,1,1,1,-1,1,1,-1,-1,1,-1,1,1,1,1,-1,1,1,-1,1,1,-1,-1,1,-1,-1,1,1,1,-1,1,1,-1,1,-1,1,-1,-1,1,-1,1,1,1,-1,-1,-1,1,1,1,-1,1,-1,1,-1,1,-1,1,-1,-1,1,1,-1,1,1,1,-1,-1,-1,1,-1,1,1,-1,-1,-1,1,-1,1,1,1,1,-1,-1,1,1,-1,-1,1,-1,1,-1,1,-1,-1,-1,1,-1,1,1,1,-1,-1,1,-1,-1,1,1,-1,-1,1,-1,-1,1,1,-1,-1,1,-1,-1,1,1,-1,-1,1,-1,-1,1,1,-1,-1,-1,-1,-1,1,1,1,-1,-1,-1,-1,1,1,1,-1,1,-1,-1,-1,1,-1,-1,-1,1,-1,1,1,1,-1,-1,1,-1,-1,1,1,-1,-1,1,-1,1,1,-1,-1,-1,-1,-1,-1,1,-1,-1,1,1,-1,1,1,-1,-1,-1,-1,-1,-1,1,-1,1,-1,1,-1,-1,1,-1,1,-1,1,-1,-1,1,-1,-1,-1,1,-1,-1,-1,1,1,-1,1,1,-1,1,-1,-1,-1,1,1,-1,1,-1,-1,1,1,1,-1,1,-1,-1,-1,1,1,-1,1,-1,1,-1,1,1,-1,1,-1,1,-1,1,1,1,1,-1,1,-1,1,-1,-1,1,1,-1,-1,1,-1,1,1,1,-1,-1,1,-1,1,1,1,-1,-1,1,-1,1,1,1,-1,-1,1,-1,-1,1,1,1,-1,1,1,1,1,1,1,-1,1,-1,1,1,1,1,-1,-1,1,-1,1,1,1,-1,1,-1,-1,1,-1,1,-1,-1,1,-1,1,1,1,-1,1,-1,-1,1,1,-1,1,-1,-1,1,1,1,-1,-1,1,-1,1,1,1,-1,1,-1,-1,1,-1,1,1,-1,-1,-1,1,1,1,-1,1,1,-1,1,1,1,-1,1,-1,-1,1,1,1,-1,1,-1,-1,1,1,1,-1,1,-1,-1,-1,-1,1,-1,1,1,-1,1,1,1,1,-1,1,-1,-1,-1,1,-1,1,-1,-1,1,-1,-1,-1,1,1,-1,1,-1,1,-1,1,-1,1,-1,1,1,1,1,-1,1,-1,1,1,-1,1,-1,-1,-1,-1,1,1,1,1,-1,-1,1,1,1,1,-1,-1,1,-1,-1,1,-1,1,-1,1,-1,1,1,1,-1,-1,1,1,-1,1,-1,1,-1,-1,1,-1,1,1,-1,-1,-1,1,-1,-1,1,1,-1,-1,1,-1,1,1,-1,1,-1,1,-1,-1,1,1,-1,-1,1,-1,1,1,-1,-1,1,1,-1,1,-1,1,-1,1,-1,-1,1,-1,1,-1,1,-1,-1,1,-1,-1,-1,1,-1,-1,1,1,1,-1,1,-1,-1,1,-1,-1,1,-1,1,-1,1,1,1,-1,1,1,-1,-1,-1,1,-1,1,-1,-1,1,-1,1,1,1,1,-1,-1,1,1,-1,1,1,-1,-1,1,1,1,-1,1,1,-1,1,1,1,1,-1,1,1,-1,-1,1,-1,1,-1,1,-1,1,-1,-1,-1,1,-1,-1,1,-1,-1,1,1,1,-1,1,1,-1,1,1,1,-1,-1,1,-1,-1,1,-1,-1,-1,1,-1,-1,-1,-1,-1,-1,1,-1,1,1,1,1,1,1,-1,-1,1,1,-1,-1,1,-1,-1,-1,1,-1,-1,1,1,-1,1,1,1,-1,1,-1,1,1,1,-1,-1,1,1,-1,1,1,-1,1,1,-1,1,1,1,-1,1,1,-1,-1,1,-1,1,1,1,-1,1,1,1,-1,-1,1,1,1,1,1,1,-1,1,1,1,1,1,1,1,1,-1,1,-1,1,-1,-1,1,1,1,1,1,1,-1,1,1,1,-1,1,1,-1,1,1,1,1,-1,1,-1,1,1,1,1,1,1,-1,1,1,1,1,-1,1,-1,-1,1,-1,1,1,-1,-1,1,1,1,-1,1,1,-1,1,1,1,-1,1,-1,-1,1,1,-1,1,-1,-1,-1,1,1,1,-1,1,-1,-1,-1,1,-1,-1,1,-1,1,-1,1,1,-1,1,-1,-1,-1,-1,-1,-1,1,-1,-1,-1,1,1,1,-1,-1,1,-1,1,-1,1,-1,-1,1,-1,-1,-1,-1,1,-1,1,-1,1,-1,-1,1,-1,1,-1,-1,-1,1,1,-1,-1,-1,-1,-1,1,-1,-1,-1,1,-1,-1,1,-1,1,-1,-1,-1,-1,-1,-1,-1,1,-1,-1,-1,1,1,1,1,-1,1,-1,1,-1,-1,1,-1,-1,-1,1,1,1,1,1,-1,-1,1,-1,1,1,-1,1,-1,-1,1,1,1,-1,-1,-1,-1,-1,1,-1,-1,-1,1,-1,1,1,1,1,-1,-1,-1,1,1,1,1,-1,1,-1,1,1,-1,1,-1,-1,1,1,1,1,-1,1,-1,-1,1,-1,1,1,-1,-1,-1,1,1,1,1,-1,-1,-1,1,1,1,1,1,-1,-1,1,1,1,1,1,-1,-1,1,1,-1,1,1,-1,-1,-1,1,-1,1,-1,-1,-1,1,-1,-1,1,1,-1,-1,-1,1,-1,1,1,-1,-1,1,1,-1,1,1,-1,1,1,1,-1,1,1,-1,1,-1,1,1,1,1,-1,1,-1,1,1,1,1,1,-1,1,1,1,1,1,1,1,-1,1,1,-1,1,1,-1,-1,1,-1,1,-1,1,1,-1,1,-1,1,1,-1,1,-1,1,-1,1,1,1,-1,-1,-1,1,1,-1,1,1,-1,-1,-1,1,-1,1,1,-1,-1,-1,1,1,1,-1,-1,-1,1,1,1,1,-1,1,-1,1,1,1,1,1,-1,1,1,1,1,1,1,-1,-1,-1,1,1,1,1,-1,1,1,-1,1,1,-1,1,-1,-1,1,1,1,-1,-1,1,1,-1,1,1,-1,1,1,1,1,1,1,-1,1,1,1,1,1,1,-1,-1,1,1,1,1,1,-1,1,1,1,1,1,1,-1,1,1,1,-1,1,1,-1,-1,1,1,-1,1,1,1,-1,1,1,-1,1,1,-1,-1,1,-2648.0,1,2000,445,500,True
2698,1,1,-1,-1,1,1,-1,-1,1,1,1,-1,-1,1,1,1,-1,1,-1,-1,-1,-1,1,1,1,1,-1,-1,1,1,1,1,-1,-1,-1,-1,1,1,1,1,-1,-1,-1,1,1,1,1,1,-1,1,1,1,-1,1,-1,-1,1,-1,1,1,1,-1,-1,-1,1,1,1,1,1,-1,-1,1,1,1,1,1,-1,-1,1,1,1,1,1,-1,1,1,1,1,1,1,1,1,1,1,1,1,-1,-1,1,-1,1,1,1,1,-1,1,1,1,1,1,1,-1,1,1,1,1,1,1,1,1,1,1,1,1,1,-1,1,1,-1,1,1,1,-1,1,1,-1,1,1,1,-1,1,1,-1,1,1,1,1,1,1,1,1,1,1,-1,-1,1,1,-1,1,1,-1,1,1,1,-1,-1,1,-1,-1,1,-1,-1,1,1,-1,1,1,1,1,1,-1,1,-1,1,1,-1,1,-1,-1,1,1,-1,-1,1,-1,-1,-1,1,-1,-1,1,-1,-1,-1,1,-1,1,1,1,-1,-1,1,-1,-1,1,-1,-1,-1,1,-1,-1,1,1,-1,-1,-1,1,-1,-1,1,-1,-1,1,1,-1,1,1,-1,-1,1,1,-1,1,-1,-1,-1,-1,1,-1,-1,1,-1,-1,1,1,1,1,-1,-1,-1,-1,1,-1,1,1,-1,1,-1,-1,-1,1,1,-1,-1,-1,-1,-1,1,1,-1,-1,-1,-1,-1,1,1,-1,1,-1,1,-1,1,1,-1,1,-1,-1,-1,-1,1,1,1,-1,-1,-1,1,1,-1,1,1,1,-1,-1,1,1,1,-1,-1,-1,1,1,1,1,1,-1,-1,1,1,1,1,-1,1,-1,1,1,1,1,-1,-1,-1,1,1,-1,1,-1,1,1,-1,1,1,1,-1,-1,1,1,1,-1,1,-1,1,1,1,-1,1,1,-1,-1,1,1,-1,1,-1,-1,-1,1,1,-1,1,-1,-1,-1,1,1,-1,1,-1,-1,1,1,1,-1,1,1,-1,-1,1,1,1,-1,1,-1,-1,-1,1,-1,1,-1,-1,-1,-1,-1,-1,1,1,-1,-1,1,1,-1,1,-1,-1,-1,1,1,1,1,-1,-1,-1,1,1,-1,1,-1,-1,-1,-1,1,1,1,1,-1,-1,1,1,1,-1,-1,-1,-1,1,-1,1,-1,1,-1,-1,1,-1,1,-1,-1,-1,1,1,-1,1,-1,1,-1,-1,1,-1,1,1,-1,-1,-1,1,-1,-1,1,1,-1,-1,-1,-1,1,1,-1,1,-1,1,-1,-1,1,1,-1,-1,1,-1,1,1,-1,-1,1,1,-1,1,-1,1,-1,1,-1,-1,1,-1,1,-1,1,-1,-1,1,-1,-1,-1,1,-1,-1,1,-1,1,-1,1,-1,-1,1,-1,-1,1,-1,1,-1,1,1,1,-1,1,1,-1,-1,-1,1,-1,1,-1,-1,1,-1,1,1,1,1,-1,-1,1,1,-1,1,1,1,-1,1,1,1,-1,1,1,-1,1,1,1,1,-1,-1,1,-1,-1,-1,1,-1,-1,1,-1,1,-1,1,-1,1,-1,-1,-1,1,1,-1,1,1,-1,-1,-1,1,-1,1,1,-1,1,-1,1,-1,-1,-1,-1,-1,-1,1,-1,-1,-1,-1,-1,-1,1,-1,1,1,1,1,-1,1,-1,1,1,-1,-1,-1,1,-1,-1,1,-1,1,-1,-1,1,1,1,1,-1,-1,1,1,1,1,-1,1,-1,-1,1,1,1,-1,-1,-1,1,1,1,1,-1,-1,-1,1,-1,1,-1,1,-1,-1,-1,1,1,1,-1,-1,-1,1,1,1,1,1,-1,-1,-1,1,1,1,1,-1,-1,-1,1,1,1,-1,-1,-1,1,1,1,1,1,-1,1,-1,1,1,1,1,-1,-1,-1,1,1,-1,1,-1,-1,-1,1,1,1,1,-1,-1,1,-1,1,1,-1,-1,1,1,1,1,1,-1,-1,-1,1,1,1,1,1,-1,1,-1,1,1,1,-1,-1,-1,1,1,1,-1,-1,-1,1,-1,1,1,1,-1,-1,1,-1,1,1,1,-1,-1,-1,1,-1,1,1,-1,-1,-1,1,1,1,1,-1,-1,1,-1,-1,1,-1,-1,-1,-1,1,1,-1,1,-1,-1,-1,1,1,1,1,-1,-1,-1,1,1,-1,1,-1,-1,-1,1,1,-1,1,-1,-1,-1,1,1,1,-1,-1,-1,1,1,1,-1,-1,1,-1,1,1,1,-1,-1,-1,1,1,1,1,-1,1,-1,-1,-1,1,1,-1,-1,-1,-1,1,1,1,-1,1,1,-1,1,1,1,1,-1,1,1,-1,1,1,-1,1,1,-1,-1,1,1,-1,-1,1,1,-1,1,1,-1,1,1,-1,-1,-1,-1,-1,1,1,-1,-1,1,1,-1,1,1,1,-1,1,-1,1,1,1,-1,1,1,-1,-1,1,1,-1,-1,-1,1,-1,1,1,-1,1,-1,-1,-1,1,1,-1,-1,-1,1,-1,1,1,-1,-1,1,-1,-1,1,1,1,-1,-1,-1,-1,-1,1,-1,-1,-1,-1,-1,1,-1,1,-1,-1,-1,-1,-1,1,1,-1,-1,-1,-1,1,1,1,-1,1,-1,1,1,1,1,-1,-1,-1,1,-1,1,-1,-1,-1,-1,1,-1,1,-1,-1,-1,1,-1,1,1,-1,-1,-1,-1,1,-1,1,-1,1,-1,1,-1,-1,1,1,-1,1,-1,1,-1,1,1,-1,1,-1,1,-1,1,1,-1,1,-1,-1,-1,-1,1,-1,1,-1,1,-1,-1,1,1,1,-1,1,-1,-1,1,-1,-1,1,-1,-1,-1,1,-1,1,1,-1,1,-1,1,1,1,-1,1,-1,1,1,1,1,-1,1,-1,-1,1,-1,1,-1,1,-1,1,1,-1,1,1,-1,1,-1,1,1,1,-1,1,-1,1,1,1,1,-1,-1,1,1,1,1,1,-1,-1,1,1,1,1,1,1,-1,-1,1,1,1,1,1,-1,1,1,1,1,1,1,-1,1,1,1,1,1,1,-1,-1,1,1,1,1,1,1,-1,1,1,-1,1,1,-1,1,1,-2648.0,1,2000,445,500,True
2699,1,1,-1,-1,1,1,-1,-1,1,1,1,-1,-1,-1,1,1,-1,1,-1,-1,-1,-1,1,1,1,1,-1,-1,1,1,1,1,-1,-1,-1,-1,1,1,1,1,-1,-1,-1,1,1,1,1,1,-1,1,1,1,-1,1,-1,1,1,-1,1,1,1,-1,-1,-1,1,1,1,1,1,-1,-1,1,1,1,1,1,1,-1,1,-1,1,-1,1,-1,1,1,1,1,1,1,1,1,-1,1,1,1,-1,1,1,1,1,1,1,1,-1,1,-1,1,1,1,1,1,1,-1,1,1,1,1,1,1,-1,1,1,1,1,1,1,-1,1,1,1,1,-1,1,-1,1,1,1,1,-1,1,-1,1,1,1,1,1,1,1,-1,1,1,1,1,-1,1,-1,1,1,1,-1,1,1,1,-1,-1,1,-1,-1,1,-1,-1,1,1,-1,1,-1,1,1,1,-1,1,-1,1,1,-1,1,-1,-1,1,1,1,-1,1,-1,-1,-1,1,1,-1,1,-1,-1,-1,1,1,-1,1,1,-1,-1,1,1,-1,1,-1,-1,-1,-1,1,-1,1,1,-1,-1,-1,1,-1,-1,1,-1,-1,1,1,-1,1,1,-1,-1,1,1,-1,1,-1,-1,-1,-1,1,-1,-1,1,-1,-1,1,-1,-1,1,-1,-1,-1,1,1,-1,1,1,-1,1,-1,-1,-1,1,1,-1,-1,1,-1,-1,1,1,-1,-1,-1,1,-1,1,1,-1,1,-1,1,-1,1,1,-1,1,-1,-1,-1,-1,1,1,1,-1,-1,-1,1,1,-1,1,1,-1,-1,-1,1,1,1,-1,-1,-1,1,1,1,1,1,-1,-1,-1,1,1,1,-1,-1,1,-1,-1,1,1,-1,-1,-1,1,1,-1,1,-1,1,-1,-1,1,-1,1,-1,1,-1,1,1,-1,1,-1,-1,-1,-1,-1,1,1,-1,-1,-1,-1,-1,1,-1,-1,-1,-1,-1,1,1,-1,-1,-1,1,1,1,1,-1,-1,1,1,-1,-1,1,1,-1,-1,1,-1,-1,-1,1,-1,-1,-1,1,-1,1,-1,-1,-1,-1,-1,-1,1,1,-1,-1,1,1,-1,1,-1,-1,-1,1,1,-1,1,1,-1,-1,1,-1,1,1,-1,-1,-1,-1,1,-1,-1,1,-1,-1,1,-1,-1,1,-1,-1,-1,1,-1,1,-1,1,-1,-1,1,-1,-1,1,-1,-1,1,1,-1,1,-1,1,-1,-1,1,-1,-1,-1,-1,-1,-1,1,-1,-1,1,1,-1,-1,-1,-1,1,-1,-1,1,-1,1,-1,-1,1,1,-1,-1,1,-1,-1,-1,-1,-1,1,1,-1,-1,1,1,-1,1,-1,1,-1,1,1,-1,1,-1,-1,-1,-1,-1,-1,1,-1,1,-1,1,1,-1,1,-1,-1,1,-1,-1,1,-1,1,-1,1,-1,1,-1,1,1,-1,-1,-1,1,-1,1,-1,-1,1,-1,1,1,1,1,-1,-1,-1,1,-1,1,1,1,-1,1,1,1,-1,1,1,-1,1,1,1,1,-1,-1,1,-1,-1,-1,1,-1,-1,1,-1,1,-1,1,-1,1,-1,-1,-1,1,1,-1,1,1,-1,-1,-1,1,-1,1,1,-1,1,-1,1,-1,-1,-1,-1,-1,-1,1,-1,-1,-1,-1,-1,-1,1,-1,1,1,1,1,-1,1,-1,1,1,-1,-1,-1,1,-1,-1,1,-1,1,-1,-1,1,1,1,1,-1,-1,1,1,1,1,-1,1,-1,-1,1,1,1,-1,-1,-1,1,1,1,1,-1,1,-1,1,-1,1,-1,1,1,-1,-1,1,1,1,-1,-1,-1,-1,1,1,1,1,-1,1,-1,1,1,1,1,-1,1,-1,1,1,1,-1,-1,1,-1,1,1,1,1,-1,1,-1,1,1,1,1,-1,1,-1,1,1,-1,1,-1,1,-1,1,1,1,1,-1,1,-1,1,1,1,-1,-1,-1,-1,1,1,1,-1,1,-1,-1,1,1,1,1,-1,-1,-1,1,1,1,-1,-1,1,-1,1,1,-1,-1,-1,-1,-1,1,1,1,-1,-1,-1,-1,1,1,1,-1,-1,-1,-1,1,1,1,-1,-1,-1,1,1,1,1,-1,-1,-1,-1,-1,1,-1,-1,-1,-1,-1,1,-1,1,-1,-1,-1,-1,1,1,1,-1,-1,-1,-1,1,-1,1,-1,-1,-1,1,1,1,1,-1,-1,-1,1,1,1,-1,-1,-1,1,1,1,-1,-1,1,-1,1,1,1,-1,-1,-1,1,1,1,1,-1,1,-1,-1,-1,1,-1,1,-1,-1,-1,1,1,1,1,1,1,-1,1,1,1,1,-1,1,1,-1,1,1,-1,1,1,-1,-1,1,1,1,-1,1,1,-1,1,1,1,-1,1,-1,-1,-1,-1,1,-1,1,-1,-1,1,1,1,1,1,1,-1,1,1,1,1,1,-1,1,1,1,-1,1,1,-1,-1,-1,1,-1,1,1,-1,1,-1,1,-1,1,1,-1,-1,-1,1,-1,1,1,-1,-1,-1,1,1,1,1,1,-1,-1,-1,1,1,1,-1,-1,1,-1,-1,1,-1,1,-1,-1,-1,1,1,1,1,-1,-1,-1,1,1,1,1,-1,1,-1,1,1,1,1,-1,-1,-1,1,-1,1,-1,-1,-1,-1,1,-1,1,-1,-1,-1,1,1,1,1,-1,-1,-1,-1,1,1,1,-1,1,-1,-1,1,1,-1,1,-1,1,-1,1,1,1,1,-1,1,-1,1,-1,1,1,-1,1,1,-1,1,1,1,-1,1,-1,1,1,-1,1,-1,1,-1,1,1,-1,1,-1,-1,1,-1,-1,1,1,-1,1,1,-1,-1,1,1,1,1,-1,1,1,1,-1,1,1,-1,1,1,1,-1,-1,1,-1,-1,1,1,-1,1,1,1,-1,-1,-1,1,1,1,-1,-1,1,1,1,-1,1,-1,-1,-1,1,1,1,1,-1,-1,1,1,1,1,1,1,-1,1,1,1,1,1,1,-1,1,1,-1,-1,1,1,-1,1,-1,1,1,1,1,-1,-1,1,1,-1,1,1,-1,1,1,1,-1,1,1,1,-1,1,-2648.0,1,2000,445,500,True
2700,1,1,-1,-1,1,-1,1,-1,1,1,1,-1,1,1,1,1,-1,1,-1,-1,1,1,1,1,1,-1,1,1,1,1,1,1,-1,-1,1,1,1,-1,1,1,-1,1,1,1,1,1,-1,-1,1,1,1,1,1,1,-1,1,1,-1,1,1,1,-1,-1,1,1,1,1,-1,-1,1,1,1,1,1,-1,1,1,-1,1,1,1,-1,-1,1,1,1,1,1,-1,1,1,1,1,1,-1,-1,1,-1,1,-1,1,-1,-1,1,-1,1,1,1,-1,-1,1,1,1,1,1,1,-1,1,1,1,1,1,-1,-1,1,1,1,1,1,-1,-1,1,-1,1,1,-1,-1,-1,1,-1,1,1,-1,1,-1,1,1,1,1,1,1,-1,-1,1,-1,1,-1,-1,-1,1,-1,1,1,1,-1,-1,1,-1,-1,1,-1,-1,-1,1,-1,1,1,1,-1,-1,-1,1,-1,1,-1,-1,-1,-1,-1,1,1,-1,-1,1,-1,-1,-1,1,-1,-1,-1,1,-1,-1,1,-1,-1,-1,-1,-1,-1,1,-1,-1,1,1,-1,-1,1,-1,1,1,1,-1,-1,-1,1,-1,-1,1,-1,-1,1,-1,1,1,-1,-1,-1,1,-1,1,-1,1,-1,-1,-1,-1,1,-1,1,-1,-1,1,1,1,1,-1,-1,-1,1,-1,1,1,-1,-1,1,-1,1,1,1,-1,1,-1,-1,1,1,1,-1,1,-1,-1,1,1,1,-1,-1,1,-1,-1,1,1,1,-1,1,-1,1,1,-1,1,1,1,-1,1,1,1,1,-1,1,1,-1,1,1,1,1,1,-1,-1,1,1,1,1,1,1,-1,1,1,-1,1,1,-1,-1,1,1,-1,1,1,-1,1,1,1,1,-1,1,-1,1,1,-1,-1,1,1,-1,-1,1,-1,1,-1,1,-1,1,1,1,-1,1,1,-1,1,1,1,-1,1,-1,-1,1,1,1,-1,1,-1,-1,-1,1,1,-1,1,-1,-1,1,-1,1,-1,1,1,-1,-1,1,1,-1,-1,1,-1,-1,1,1,-1,1,-1,1,-1,-1,-1,-1,1,1,-1,-1,1,1,-1,1,1,-1,-1,1,1,1,1,1,-1,1,1,1,-1,1,-1,-1,-1,-1,1,1,-1,1,-1,-1,1,-1,1,-1,-1,-1,1,-1,-1,1,-1,-1,-1,-1,1,-1,1,-1,1,-1,1,1,-1,1,-1,1,-1,-1,1,-1,1,-1,1,1,-1,1,-1,-1,1,1,-1,-1,1,-1,1,1,1,-1,-1,1,-1,1,-1,1,-1,-1,1,-1,1,-1,-1,1,1,1,-1,1,-1,-1,-1,1,-1,1,1,1,-1,-1,1,-1,-1,1,-1,-1,-1,1,-1,1,-1,-1,-1,-1,1,-1,-1,1,-1,-1,-1,1,1,-1,-1,-1,-1,-1,1,1,-1,-1,-1,1,-1,1,-1,-1,1,-1,-1,1,1,1,-1,-1,1,-1,1,1,1,-1,-1,1,-1,-1,-1,1,1,-1,1,-1,1,1,1,1,1,-1,-1,-1,1,-1,-1,-1,1,-1,1,1,-1,1,-1,1,-1,1,1,-1,1,1,1,1,-1,1,-1,1,-1,1,-1,-1,1,-1,-1,1,1,1,-1,1,-1,-1,-1,1,-1,-1,1,-1,1,1,1,1,-1,1,-1,-1,1,1,-1,-1,1,-1,-1,-1,1,-1,-1,-1,1,1,-1,1,-1,-1,1,1,1,1,1,1,-1,-1,1,1,-1,1,-1,-1,1,1,1,1,-1,-1,-1,1,-1,1,1,1,-1,-1,-1,1,1,1,-1,-1,-1,-1,1,1,1,1,-1,-1,-1,1,1,1,-1,-1,-1,-1,1,1,1,1,-1,-1,1,1,1,1,1,-1,1,-1,1,1,1,1,-1,-1,-1,1,1,-1,1,-1,-1,-1,1,1,1,1,-1,-1,1,1,1,1,-1,-1,1,1,-1,1,1,-1,-1,-1,1,1,1,-1,1,-1,1,1,1,1,1,-1,-1,-1,1,-1,1,-1,-1,-1,1,1,-1,1,1,-1,-1,-1,1,-1,1,1,-1,1,-1,1,1,1,1,-1,1,-1,1,-1,1,1,-1,-1,1,1,1,-1,-1,-1,-1,-1,1,-1,1,-1,-1,-1,-1,1,-1,-1,1,-1,-1,-1,1,-1,-1,1,-1,-1,1,1,-1,1,1,-1,-1,1,-1,-1,1,-1,-1,-1,1,-1,-1,1,-1,1,-1,1,-1,-1,-1,-1,-1,1,1,-1,-1,1,1,-1,-1,1,-1,1,-1,-1,-1,1,1,1,-1,1,1,1,1,1,-1,-1,1,-1,1,-1,1,1,-1,-1,1,1,-1,1,1,1,-1,-1,1,1,1,1,-1,-1,1,1,1,1,1,-1,-1,1,1,-1,1,1,1,-1,1,1,1,1,-1,-1,1,1,1,1,1,1,-1,-1,1,-1,1,1,-1,1,-1,1,1,1,1,-1,-1,-1,1,1,1,1,1,1,-1,1,1,1,1,1,-1,-1,1,1,1,1,1,-1,-1,1,1,1,1,-1,-1,-1,1,-1,1,1,1,-1,1,1,1,-1,1,1,-1,-1,1,1,1,1,-1,-1,1,1,1,1,-1,-1,-1,1,-1,1,1,-1,1,-1,1,-1,1,1,-1,-1,-1,1,-1,1,-1,1,1,1,1,-1,1,-1,-1,1,1,-1,-1,1,1,-1,-1,1,1,-1,1,1,-1,1,-1,1,-1,1,1,-1,1,1,-1,-1,-1,-1,-1,1,-1,1,-1,1,1,-1,1,1,1,-1,1,1,-1,-1,1,-1,-1,-1,-1,-1,1,1,-1,1,1,-1,1,1,-1,1,-1,1,-1,1,1,-1,1,-1,-1,-1,-1,1,-1,1,1,1,-1,1,1,1,-1,-1,-1,1,1,1,-1,1,1,1,-1,-1,1,-1,-1,1,1,1,1,1,-1,-1,1,1,-1,1,1,1,-1,1,1,-1,1,1,1,-1,1,1,1,1,1,-1,-1,1,1,-1,1,1,1,-1,1,1,-1,1,1,-1,1,-1,1,1,-1,1,1,-1,1,1,-2648.0,1,2000,445,500,True
2701,-1,-1,1,1,1,1,-1,1,-1,-1,-1,1,-1,1,-1,-1,1,-1,1,1,-1,1,-1,-1,-1,1,-1,-1,-1,-1,-1,-1,1,1,-1,1,1,-1,-1,-1,1,-1,1,-1,-1,-1,-1,-1,1,-1,1,-1,1,-1,1,-1,-1,1,-1,-1,-1,1,1,1,-1,-1,-1,-1,-1,-1,1,-1,-1,-1,-1,-1,-1,1,-1,-1,-1,1,1,-1,-1,-1,-1,-1,-1,1,-1,-1,-1,-1,-1,-1,-1,1,-1,1,-1,-1,-1,-1,1,-1,-1,-1,-1,-1,-1,1,-1,1,-1,-1,-1,-1,1,-1,-1,1,-1,-1,-1,1,-1,-1,1,-1,-1,-1,-1,-1,1,-1,-1,-1,-1,-1,-1,-1,1,-1,-1,-1,1,-1,-1,1,-1,-1,-1,-1,1,-1,1,1,-1,-1,-1,-1,-1,1,-1,-1,1,-1,-1,1,-1,-1,-1,-1,-1,-1,1,1,-1,-1,-1,1,1,1,-1,-1,-1,-1,-1,-1,1,1,-1,1,-1,-1,-1,1,1,-1,-1,1,-1,-1,-1,1,-1,-1,-1,-1,-1,1,1,-1,-1,1,-1,-1,1,1,-1,1,1,-1,-1,-1,1,1,-1,-1,-1,-1,1,1,-1,1,-1,-1,-1,1,1,-1,-1,1,-1,-1,1,1,-1,-1,-1,-1,-1,1,-1,1,-1,-1,-1,-1,1,1,-1,-1,1,-1,1,-1,-1,-1,-1,1,-1,-1,-1,1,-1,1,-1,-1,1,-1,1,-1,1,-1,-1,1,-1,1,-1,-1,-1,-1,1,-1,-1,-1,-1,1,1,1,-1,-1,-1,1,-1,-1,1,1,-1,1,-1,-1,1,1,-1,-1,-1,1,-1,1,-1,1,-1,-1,-1,-1,1,1,-1,-1,-1,-1,1,1,1,-1,-1,-1,-1,1,-1,1,-1,-1,-1,-1,-1,1,1,-1,1,-1,-1,1,-1,1,-1,1,-1,-1,-1,1,1,-1,-1,-1,-1,-1,1,-1,-1,-1,-1,-1,-1,1,-1,-1,1,-1,-1,1,1,-1,-1,1,1,-1,-1,1,1,-1,1,-1,-1,1,-1,1,-1,-1,1,-1,-1,1,-1,-1,1,1,1,1,1,1,-1,1,-1,1,-1,1,-1,1,-1,1,1,-1,1,-1,1,1,-1,-1,1,1,-1,-1,-1,1,-1,1,1,1,-1,1,-1,1,-1,1,-1,-1,1,-1,1,1,-1,1,-1,1,-1,1,1,1,-1,-1,1,1,1,1,-1,1,-1,1,1,1,1,1,-1,-1,-1,1,1,1,1,1,-1,-1,1,1,1,1,-1,1,-1,1,1,-1,1,1,-1,1,1,1,1,1,-1,-1,1,1,1,1,-1,1,-1,1,1,-1,1,-1,1,-1,1,1,-1,1,1,-1,-1,1,1,-1,1,-1,1,-1,-1,1,1,1,1,-1,1,-1,1,-1,1,1,1,-1,1,1,1,-1,1,1,-1,-1,1,-1,1,1,1,1,-1,1,1,-1,1,1,-1,-1,1,1,-1,1,1,1,1,1,1,-1,1,1,1,-1,1,1,1,-1,1,1,-1,1,-1,1,1,-1,1,1,-1,1,-1,-1,1,-1,1,-1,1,1,-1,1,1,1,-1,1,1,-1,-1,1,1,-1,-1,-1,-1,1,1,1,-1,-1,-1,-1,1,1,1,-1,1,1,1,-1,1,1,-1,1,1,-1,1,1,1,-1,-1,1,-1,-1,1,1,1,1,1,1,1,1,1,1,1,1,-1,1,1,-1,1,1,1,-1,1,1,-1,1,1,1,-1,1,1,1,-1,1,-1,1,-1,1,-1,1,1,1,-1,1,1,1,1,1,1,1,1,1,-1,1,1,1,1,1,1,-1,1,-1,1,-1,1,-1,1,1,1,1,1,1,1,-1,1,-1,1,-1,1,1,-1,1,1,-1,1,1,-1,-1,1,1,1,1,1,1,-1,1,1,-1,1,1,-1,-1,1,1,-1,1,1,-1,-1,1,-1,1,1,1,-1,-1,1,-1,1,1,1,1,-1,1,1,-1,1,1,-1,-1,1,-1,1,-1,1,1,-1,1,-1,1,1,1,-1,-1,1,-1,-1,1,1,1,-1,1,1,-1,-1,1,-1,1,1,1,-1,1,1,1,-1,1,-1,1,-1,1,1,-1,-1,1,-1,1,1,1,-1,1,1,-1,-1,1,1,1,1,-1,-1,-1,1,1,1,1,1,-1,-1,1,1,1,1,1,-1,1,1,1,1,1,1,-1,-1,-1,1,1,1,1,-1,-1,1,1,1,-1,1,-1,-1,1,-1,1,1,-1,-1,-1,1,1,-1,1,-1,1,-1,1,1,1,1,1,-1,-1,1,1,1,1,1,1,-1,-1,1,1,-1,1,-1,-1,1,1,1,-1,1,-1,1,1,1,1,1,1,-1,-1,-1,1,1,1,-1,-1,1,1,1,1,1,1,-1,-1,1,1,-1,1,-1,1,1,1,1,1,1,1,-1,-1,1,1,1,1,1,-1,1,1,1,1,1,1,-1,-1,-1,1,1,1,1,-1,1,-1,1,1,1,1,-1,-1,-1,1,1,1,1,-1,1,-1,1,1,1,1,-1,-1,-1,1,-1,1,1,1,1,-1,1,1,1,1,-1,1,1,1,1,1,1,-1,1,1,1,1,1,-1,1,1,1,1,1,1,-1,-1,1,1,-1,1,1,1,-1,1,-1,1,-1,1,1,-1,1,-1,1,-1,-1,1,-1,1,-1,1,1,1,-1,-1,-1,1,1,1,-1,1,-1,-1,-1,1,1,-1,1,1,-1,-1,1,-1,1,-1,-1,-1,1,1,1,1,-1,-1,-1,1,1,1,-1,1,1,-1,1,1,1,-1,1,-1,-1,-1,1,1,-1,-1,-1,1,1,-1,1,1,-1,1,-1,-1,1,1,-1,-1,-1,1,1,-1,1,-1,-1,1,-1,1,1,1,-1,-1,1,1,1,1,1,1,-1,-1,-1,1,1,1,1,-1,1,-1,1,1,1,1,-1,1,1,1,-1,1,1,-1,-1,-1,1,-1,1,1,1,-1,1,1,-1,1,1,-1,-1,1,-2648.0,1,2000,445,500,True
2702,1,1,-1,-1,1,-1,1,1,1,1,1,-1,1,1,1,1,-1,1,-1,-1,1,1,1,1,1,-1,1,1,1,1,1,1,1,-1,1,1,-1,1,1,-1,-1,1,1,1,1,1,1,-1,1,-1,1,1,-1,1,-1,1,1,-1,1,1,1,-1,-1,1,1,1,1,1,-1,1,1,-1,1,1,1,-1,1,1,-1,1,1,-1,-1,1,-1,1,1,1,-1,-1,1,1,-1,1,1,-1,1,-1,-1,1,1,1,-1,1,-1,-1,-1,1,1,1,1,1,-1,-1,1,1,1,1,-1,-1,-1,1,1,1,-1,1,-1,-1,1,1,1,1,-1,-1,-1,1,1,1,1,-1,-1,-1,-1,1,1,1,-1,-1,-1,-1,1,1,1,-1,1,-1,-1,1,1,1,-1,1,-1,-1,1,1,1,-1,1,-1,1,1,1,1,-1,-1,-1,1,1,1,1,1,1,-1,1,1,1,1,-1,-1,-1,-1,1,1,1,-1,1,-1,-1,1,-1,1,-1,1,-1,-1,1,1,1,-1,1,-1,1,1,-1,1,-1,1,-1,1,1,1,1,1,1,1,-1,1,-1,1,-1,1,-1,-1,1,1,1,1,1,-1,-1,1,-1,-1,1,1,1,-1,1,1,-1,1,1,-1,1,1,-1,-1,1,1,-1,-1,1,-1,1,1,1,1,1,1,-1,1,1,1,1,1,1,-1,1,1,1,1,1,1,-1,-1,1,1,1,1,1,1,-1,1,1,-1,-1,1,1,1,1,1,1,1,1,-1,1,1,1,1,1,-1,1,1,1,1,1,1,1,-1,-1,1,1,-1,1,1,1,-1,1,1,1,1,1,1,1,1,1,1,1,1,1,-1,1,1,1,1,1,-1,1,-1,1,1,-1,1,1,1,1,1,1,1,1,1,-1,-1,1,-1,1,1,1,-1,-1,1,1,1,1,1,-1,-1,1,1,-1,1,1,-1,-1,1,1,1,-1,1,-1,1,-1,1,-1,1,1,1,-1,-1,1,1,-1,1,-1,1,1,1,-1,-1,-1,-1,1,1,1,-1,1,1,-1,1,1,-1,-1,1,1,-1,1,1,-1,1,1,1,1,-1,1,1,1,-1,1,1,1,-1,1,-1,1,-1,-1,1,1,1,-1,1,-1,1,1,1,1,1,-1,1,-1,1,1,1,1,1,-1,-1,1,-1,1,-1,1,-1,-1,-1,1,1,1,1,-1,-1,1,-1,1,1,1,-1,1,-1,1,-1,1,1,-1,-1,1,-1,1,1,1,1,-1,-1,1,1,1,1,-1,-1,1,1,1,1,-1,1,-1,1,-1,1,1,-1,-1,-1,-1,1,1,1,-1,1,-1,1,-1,1,1,-1,-1,1,-1,1,1,1,1,-1,-1,-1,-1,-1,1,1,-1,-1,1,1,-1,1,-1,-1,-1,-1,-1,1,-1,1,-1,-1,-1,-1,1,-1,1,-1,-1,-1,-1,-1,1,1,1,-1,-1,-1,1,-1,1,-1,1,1,1,1,-1,-1,1,1,1,-1,1,-1,1,-1,1,1,1,-1,-1,-1,1,-1,1,1,1,-1,-1,-1,1,1,-1,1,-1,-1,-1,1,1,-1,1,-1,-1,-1,1,1,-1,1,-1,-1,-1,-1,1,1,1,-1,1,-1,-1,1,-1,1,-1,-1,1,1,1,-1,1,1,-1,-1,-1,-1,-1,1,1,-1,1,-1,1,-1,1,1,-1,-1,1,-1,1,1,-1,-1,-1,-1,-1,1,1,-1,1,-1,1,1,1,1,1,-1,-1,-1,-1,-1,1,-1,1,-1,-1,1,-1,1,1,-1,1,-1,-1,1,1,1,-1,1,-1,1,-1,1,1,-1,1,-1,1,-1,1,1,-1,1,-1,-1,-1,1,1,1,-1,1,-1,-1,1,1,-1,-1,-1,-1,-1,1,1,-1,-1,1,-1,-1,-1,-1,1,-1,1,-1,-1,1,-1,-1,1,-1,1,-1,1,1,-1,1,-1,1,-1,1,-1,-1,1,-1,1,-1,1,1,-1,1,-1,-1,-1,-1,1,-1,1,-1,1,-1,-1,1,-1,1,-1,1,-1,-1,-1,1,1,-1,-1,-1,-1,1,-1,-1,-1,-1,-1,-1,-1,-1,1,-1,-1,-1,-1,1,1,-1,1,-1,-1,-1,1,-1,-1,1,-1,-1,-1,-1,-1,1,1,-1,-1,-1,-1,-1,1,-1,-1,-1,1,-1,-1,1,-1,1,-1,-1,-1,-1,-1,-1,-1,1,-1,-1,-1,1,1,-1,-1,-1,-1,1,-1,-1,-1,-1,-1,-1,-1,1,1,1,-1,-1,-1,-1,1,1,1,1,-1,1,-1,-1,-1,1,-1,-1,-1,-1,-1,-1,1,1,-1,-1,1,-1,1,1,-1,-1,-1,1,-1,1,1,-1,-1,1,-1,-1,1,1,1,-1,1,-1,1,1,1,-1,-1,1,-1,-1,1,1,1,-1,1,-1,-1,1,1,-1,1,1,1,-1,1,1,1,-1,1,1,-1,1,1,-1,-1,1,-1,-1,1,1,1,-1,-1,1,-1,1,1,1,-1,1,1,-1,1,-1,1,1,-1,1,-1,-1,1,-1,1,-1,1,-1,1,1,1,1,-1,1,1,1,1,1,-1,-1,1,1,-1,1,1,-1,1,-1,1,-1,1,1,-1,1,1,1,-1,1,1,-1,-1,1,-1,1,1,1,-1,1,1,1,1,1,1,-1,1,-1,1,1,1,1,-1,-1,-1,1,-1,1,1,-1,-1,1,-1,1,1,-1,-1,1,-1,1,1,1,1,-1,1,-1,1,-1,1,1,-1,-1,1,-1,-1,1,1,1,-1,-1,-1,-1,1,-1,-1,1,-1,1,1,1,-1,1,-1,-1,1,1,1,1,1,-1,-1,-1,1,-1,-1,1,-1,1,-1,-1,1,1,1,-1,1,-1,1,-1,-1,1,-1,-1,1,-1,1,1,1,1,-1,1,-1,-1,-1,1,-1,-1,1,1,1,-1,1,1,-1,1,-1,1,1,1,1,-1,1,-1,1,-1,1,1,-1,1,1,1,-1,1,1,-1,-1,1,1,1,-1,1,-1,1,-1,1,-2648.0,1,2000,445,1000,True
2703,1,1,-1,-1,1,-1,1,1,1,1,1,-1,1,1,1,1,-1,1,-1,-1,1,1,1,1,1,-1,1,1,1,1,1,1,1,-1,1,1,-1,1,1,-1,-1,1,1,1,1,1,1,-1,1,-1,1,1,-1,1,-1,1,-1,-1,1,1,1,-1,-1,1,1,1,1,1,-1,1,1,-1,1,1,1,-1,1,1,-1,1,1,-1,-1,1,-1,1,1,1,-1,-1,1,-1,-1,1,1,-1,1,-1,-1,1,1,1,-1,1,-1,-1,-1,1,1,1,1,1,-1,-1,1,1,1,1,-1,-1,-1,1,1,1,-1,1,-1,-1,1,1,1,1,-1,-1,-1,1,1,1,1,-1,-1,-1,1,1,1,1,-1,-1,-1,-1,1,1,1,-1,1,-1,-1,1,1,1,-1,-1,-1,1,1,1,1,-1,1,-1,1,1,1,1,-1,-1,-1,1,1,1,-1,1,1,-1,1,1,1,-1,-1,-1,-1,-1,1,1,1,-1,1,-1,1,1,-1,1,-1,1,-1,-1,1,1,1,-1,1,-1,1,1,-1,1,-1,1,-1,1,1,1,1,1,1,1,-1,1,-1,1,-1,1,-1,-1,1,1,1,1,1,-1,-1,1,-1,-1,1,1,1,-1,1,1,-1,1,1,-1,1,1,-1,-1,1,1,-1,-1,1,-1,1,1,1,1,1,1,-1,1,1,1,1,1,1,-1,1,1,1,1,1,1,-1,-1,1,1,1,1,1,1,-1,1,1,-1,-1,1,1,1,1,1,1,1,1,-1,1,1,1,1,1,-1,1,1,1,-1,1,1,1,-1,-1,1,1,-1,1,1,1,-1,1,1,1,1,1,1,1,1,1,1,1,1,1,-1,1,1,1,1,1,-1,1,-1,1,1,-1,1,1,1,1,1,1,1,1,1,-1,-1,1,-1,1,1,1,-1,-1,1,1,1,1,1,-1,-1,1,1,-1,1,1,-1,-1,1,1,1,-1,1,-1,1,1,1,-1,1,1,1,-1,1,1,1,-1,1,-1,1,1,1,-1,-1,-1,-1,1,1,1,-1,1,1,-1,1,1,-1,-1,1,1,-1,1,1,-1,1,1,1,1,-1,1,1,-1,-1,1,1,1,-1,1,-1,1,-1,-1,1,1,1,-1,-1,-1,1,1,-1,1,1,-1,1,-1,1,1,1,1,1,-1,-1,1,-1,1,-1,1,-1,-1,-1,1,1,1,1,-1,-1,1,-1,1,1,1,-1,1,-1,1,-1,1,1,-1,-1,1,-1,1,1,1,-1,-1,-1,1,1,1,1,-1,-1,1,-1,1,1,-1,1,-1,1,1,1,1,-1,-1,-1,-1,1,1,1,-1,1,-1,-1,-1,1,1,-1,-1,1,-1,1,1,1,1,-1,-1,-1,-1,1,1,1,-1,-1,1,-1,1,1,-1,-1,-1,-1,-1,1,-1,1,-1,-1,-1,-1,1,-1,1,1,-1,-1,-1,-1,1,1,1,-1,-1,-1,1,-1,-1,1,1,1,1,1,-1,1,-1,-1,1,-1,1,-1,1,-1,1,1,1,-1,-1,-1,1,-1,1,1,1,-1,-1,-1,1,1,-1,1,-1,-1,-1,1,1,1,1,-1,-1,-1,1,1,-1,1,-1,-1,-1,-1,1,1,1,-1,1,-1,-1,1,-1,1,-1,-1,1,-1,1,-1,1,1,-1,-1,-1,-1,-1,1,1,-1,1,-1,-1,-1,1,1,-1,-1,-1,1,1,1,-1,-1,-1,-1,1,1,1,-1,1,-1,1,-1,1,1,1,-1,-1,-1,-1,-1,1,-1,1,-1,-1,1,-1,1,1,-1,1,-1,-1,1,1,1,-1,1,-1,-1,-1,1,1,-1,1,-1,-1,-1,1,1,-1,1,-1,-1,-1,1,1,1,-1,1,-1,-1,1,1,-1,-1,-1,-1,-1,1,1,1,-1,1,-1,-1,-1,-1,1,-1,1,-1,-1,1,-1,-1,1,-1,1,-1,-1,1,-1,1,-1,1,-1,1,-1,-1,1,-1,1,-1,-1,1,-1,1,-1,-1,-1,-1,1,-1,1,-1,1,-1,-1,1,-1,1,-1,1,-1,-1,-1,1,1,-1,-1,-1,-1,1,-1,-1,-1,-1,-1,-1,-1,-1,1,-1,-1,-1,-1,1,1,-1,1,-1,-1,-1,1,-1,-1,1,-1,-1,-1,-1,-1,1,1,-1,-1,-1,-1,-1,1,-1,-1,-1,1,-1,-1,1,-1,1,-1,-1,-1,-1,-1,-1,-1,1,-1,-1,-1,1,1,1,-1,-1,-1,1,-1,-1,-1,-1,1,-1,-1,1,-1,1,-1,-1,-1,-1,1,-1,1,1,-1,1,-1,-1,1,1,-1,-1,-1,-1,-1,-1,1,1,-1,-1,1,-1,1,1,-1,-1,-1,1,-1,-1,1,-1,-1,1,-1,-1,1,1,1,-1,1,-1,1,1,1,-1,-1,1,-1,-1,1,1,1,-1,1,-1,-1,1,1,-1,1,1,1,-1,1,1,1,-1,1,1,-1,1,1,-1,-1,1,-1,-1,1,1,1,-1,-1,1,-1,1,1,1,-1,1,1,-1,1,-1,1,1,-1,1,-1,-1,1,-1,1,-1,1,-1,1,1,1,1,-1,1,1,1,1,1,-1,-1,1,1,-1,1,1,-1,1,-1,1,-1,1,1,-1,1,1,1,-1,1,1,-1,1,1,-1,1,1,1,-1,-1,1,1,1,1,1,-1,1,-1,1,1,1,1,-1,-1,-1,1,-1,1,1,-1,-1,1,-1,1,1,-1,-1,1,-1,1,1,1,1,-1,1,-1,1,-1,1,1,-1,-1,1,-1,-1,1,-1,1,-1,-1,-1,-1,1,-1,-1,1,-1,1,1,1,-1,1,-1,-1,1,1,1,1,1,-1,-1,-1,1,-1,-1,1,-1,1,1,-1,1,1,1,-1,-1,-1,1,-1,-1,1,-1,-1,1,-1,1,1,1,1,-1,1,-1,-1,-1,1,-1,-1,1,1,1,-1,1,1,-1,1,-1,1,1,1,1,-1,1,-1,1,-1,1,1,-1,1,1,1,-1,1,1,-1,-1,1,1,1,-1,1,-1,1,-1,1,-2648.0,1,2000,445,1000,True
2704,1,1,-1,-1,1,1,-1,-1,1,1,1,-1,-1,1,1,1,-1,1,-1,-1,-1,-1,1,1,1,1,-1,-1,1,1,1,1,-1,-1,-1,-1,1,-1,1,1,-1,-1,-1,1,1,1,1,1,-1,1,1,1,-1,1,-1,-1,1,-1,1,1,1,-1,-1,-1,1,1,1,1,1,-1,-1,1,1,1,1,1,-1,-1,1,1,1,-1,1,-1,1,1,1,1,1,1,1,1,-1,1,1,1,-1,-1,1,-1,1,1,1,1,-1,1,-1,1,1,1,1,-1,1,-1,1,1,1,1,1,1,-1,1,1,1,1,-1,1,-1,1,1,1,1,-1,1,-1,1,1,1,1,-1,1,-1,-1,1,1,1,1,1,1,-1,1,1,1,-1,-1,1,-1,-1,1,1,-1,1,1,-1,1,-1,1,-1,1,-1,-1,-1,1,1,-1,1,-1,1,1,1,-1,1,-1,1,-1,-1,1,-1,-1,1,-1,-1,-1,1,-1,-1,-1,1,-1,-1,1,-1,-1,-1,1,-1,1,1,1,-1,-1,-1,1,1,-1,-1,-1,-1,1,1,-1,1,1,-1,-1,-1,-1,-1,-1,1,-1,-1,-1,-1,1,1,1,-1,-1,1,-1,1,-1,-1,-1,-1,-1,-1,-1,-1,1,-1,-1,1,1,-1,1,-1,-1,-1,1,-1,-1,-1,1,-1,1,-1,-1,-1,-1,1,-1,-1,-1,1,-1,-1,1,-1,-1,-1,1,-1,-1,1,-1,1,-1,1,-1,-1,1,-1,1,-1,1,-1,-1,1,1,1,-1,-1,-1,-1,1,-1,1,-1,1,-1,-1,1,1,1,-1,-1,-1,1,-1,1,1,1,-1,-1,-1,-1,1,1,1,1,-1,-1,1,1,1,-1,1,-1,-1,1,-1,1,-1,1,-1,-1,-1,1,1,-1,-1,1,-1,1,-1,1,-1,-1,-1,-1,-1,1,1,-1,-1,-1,-1,-1,1,1,-1,-1,-1,-1,-1,1,1,-1,-1,1,-1,1,1,1,-1,1,1,-1,-1,1,1,1,-1,1,-1,-1,-1,1,1,-1,1,-1,-1,1,1,1,-1,-1,1,1,1,1,1,-1,1,1,-1,1,1,1,-1,1,1,-1,1,1,-1,1,1,-1,1,1,1,1,1,1,1,1,1,-1,1,-1,-1,1,-1,1,1,1,-1,1,-1,1,-1,-1,1,1,-1,1,-1,1,1,1,1,-1,1,1,-1,-1,1,-1,-1,1,-1,-1,-1,1,1,-1,1,-1,1,-1,1,1,1,1,1,-1,1,-1,1,-1,1,-1,1,-1,1,1,1,1,1,-1,1,-1,1,-1,1,-1,1,-1,1,-1,1,-1,-1,1,1,1,-1,1,-1,-1,-1,1,1,1,-1,1,-1,1,-1,1,-1,1,-1,1,-1,1,1,1,-1,-1,1,-1,-1,1,1,-1,-1,1,-1,1,1,-1,1,-1,1,-1,-1,1,-1,1,-1,-1,1,-1,1,-1,1,1,-1,1,-1,-1,1,1,1,-1,1,-1,1,-1,1,1,1,-1,-1,-1,1,-1,-1,1,1,1,-1,1,-1,1,1,1,-1,1,1,-1,-1,-1,1,-1,1,1,-1,-1,1,1,1,-1,1,-1,-1,1,1,-1,-1,1,-1,-1,1,1,-1,-1,1,-1,-1,-1,1,1,-1,1,1,-1,-1,1,-1,-1,1,-1,1,-1,1,1,-1,-1,1,-1,-1,-1,-1,1,-1,1,1,-1,-1,1,-1,1,1,-1,-1,1,-1,-1,1,1,-1,-1,1,1,-1,1,1,-1,1,-1,1,-1,-1,1,1,-1,-1,-1,-1,-1,1,-1,-1,1,-1,1,1,1,1,-1,-1,-1,1,-1,1,-1,-1,-1,-1,1,1,1,1,-1,-1,-1,1,-1,1,1,-1,-1,-1,1,1,1,1,1,-1,-1,1,1,1,1,-1,-1,-1,1,1,1,1,1,1,-1,1,-1,1,1,-1,1,-1,1,-1,1,-1,1,1,-1,1,1,1,1,-1,1,-1,1,-1,1,1,-1,1,-1,1,1,-1,1,-1,1,-1,-1,1,-1,1,-1,1,1,-1,1,-1,1,-1,1,1,-1,1,1,1,-1,-1,-1,-1,1,1,-1,1,1,-1,-1,-1,1,1,-1,1,-1,-1,1,1,1,1,-1,-1,-1,1,1,-1,1,1,-1,-1,1,-1,1,1,-1,-1,-1,1,1,1,1,-1,-1,1,-1,1,-1,1,1,-1,1,1,1,-1,1,-1,1,1,1,1,-1,-1,-1,-1,-1,-1,1,-1,1,1,-1,1,1,1,1,-1,-1,-1,1,1,1,-1,1,-1,1,-1,1,1,1,-1,1,-1,-1,1,1,1,1,1,1,-1,1,-1,1,-1,-1,-1,-1,-1,1,1,-1,1,-1,-1,1,1,1,-1,1,1,-1,1,1,-1,-1,1,-1,1,1,1,1,-1,1,-1,-1,-1,1,-1,1,1,-1,1,1,1,1,-1,1,-1,-1,1,1,1,-1,1,-1,-1,-1,1,1,-1,1,1,-1,-1,1,1,-1,1,-1,-1,1,1,1,1,-1,1,-1,-1,1,1,-1,1,1,-1,-1,1,1,-1,1,1,-1,1,-1,1,1,1,1,-1,-1,1,1,-1,-1,-1,-1,-1,1,1,-1,1,-1,-1,-1,-1,1,1,1,-1,-1,-1,1,-1,1,1,-1,1,-1,1,1,1,-1,1,-1,1,-1,1,1,1,1,-1,1,-1,1,-1,1,1,-1,1,1,-1,-1,-1,1,-1,1,-1,1,1,-1,1,1,1,-1,1,1,-1,1,-1,-1,1,-1,-1,1,1,-1,1,1,-1,-1,1,1,1,1,-1,1,1,1,1,1,1,-1,1,1,-1,1,1,1,-1,-1,1,1,1,-1,1,1,-1,-1,-1,1,1,1,-1,-1,1,1,1,1,1,-1,-1,-1,1,1,1,1,-1,-1,1,1,1,1,1,1,-1,1,1,1,1,1,1,-1,1,1,1,1,1,1,-1,1,-1,1,1,1,1,-1,-1,1,1,1,1,1,1,-1,1,1,-1,1,1,-1,-1,1,-2648.0,1,2000,445,500,True
2705,1,1,-1,-1,1,1,-1,1,1,1,1,-1,-1,1,1,1,-1,1,-1,-1,-1,1,1,1,1,1,-1,-1,1,1,1,1,-1,-1,-1,1,-1,1,1,1,-1,-1,1,1,1,1,1,1,-1,1,1,1,1,1,-1,-1,1,-1,1,1,1,-1,-1,-1,1,1,1,1,1,-1,1,-1,1,1,1,1,-1,1,-1,1,1,-1,1,-1,-1,1,1,1,1,1,1,1,-1,1,1,1,-1,-1,-1,-1,1,1,1,1,1,-1,-1,1,1,1,1,-1,-1,-1,1,1,1,1,1,-1,-1,1,1,1,1,-1,-1,-1,1,1,1,1,1,-1,-1,1,1,1,1,1,-1,-1,-1,1,1,1,1,-1,-1,-1,1,1,1,1,1,-1,-1,1,1,1,1,1,-1,-1,1,1,1,1,1,-1,1,1,1,1,1,-1,-1,1,1,1,1,-1,1,-1,1,1,1,1,1,-1,-1,-1,1,1,1,1,1,-1,-1,1,-1,1,1,1,-1,-1,1,1,1,1,1,-1,1,1,-1,1,1,1,-1,1,1,1,1,1,1,1,-1,1,-1,1,1,1,-1,-1,1,1,1,1,1,-1,-1,1,-1,1,1,1,1,-1,1,1,-1,1,1,-1,1,1,-1,1,1,1,-1,-1,1,-1,1,-1,1,1,1,1,-1,1,-1,1,1,1,1,-1,1,-1,1,1,1,1,-1,-1,1,1,1,1,1,1,-1,1,1,-1,-1,1,1,-1,-1,1,1,1,1,-1,1,-1,1,1,1,-1,1,-1,-1,1,1,1,1,-1,1,-1,1,-1,1,1,1,1,-1,1,1,1,1,1,1,-1,1,1,1,1,1,1,1,1,1,1,1,1,-1,1,1,1,-1,1,1,-1,1,1,1,-1,1,1,1,-1,1,-1,1,1,1,1,-1,1,1,-1,1,1,1,-1,1,1,-1,1,1,-1,-1,1,1,1,-1,1,1,-1,1,1,-1,1,1,1,1,1,1,1,-1,1,1,-1,1,1,-1,-1,-1,-1,-1,1,1,-1,1,1,-1,-1,1,-1,1,1,1,1,-1,1,-1,1,1,1,-1,-1,1,1,1,-1,1,1,1,-1,1,-1,1,1,1,-1,1,1,-1,-1,-1,1,1,-1,1,-1,1,-1,1,-1,1,1,1,-1,-1,1,1,-1,1,-1,1,-1,1,-1,1,1,1,1,-1,-1,1,-1,1,1,-1,-1,1,1,1,-1,1,-1,-1,-1,1,-1,1,-1,-1,-1,1,1,1,1,-1,1,-1,1,1,-1,1,-1,-1,-1,1,1,-1,1,-1,-1,-1,1,-1,1,1,-1,-1,-1,1,1,-1,1,1,-1,-1,1,-1,1,-1,1,-1,-1,1,-1,-1,-1,1,-1,-1,-1,1,1,-1,1,-1,-1,1,-1,-1,1,1,-1,-1,-1,1,-1,1,1,-1,1,-1,1,-1,-1,1,1,1,-1,1,-1,1,-1,1,-1,1,-1,-1,1,-1,-1,-1,-1,1,1,-1,-1,1,-1,1,1,1,-1,-1,-1,1,-1,1,1,1,-1,-1,-1,1,1,-1,1,-1,-1,-1,1,1,-1,1,-1,-1,-1,1,1,-1,1,-1,-1,-1,-1,1,1,1,-1,1,-1,-1,1,-1,1,-1,1,1,-1,1,-1,1,1,-1,-1,-1,-1,-1,1,1,-1,1,-1,1,-1,1,1,-1,-1,-1,-1,1,1,-1,-1,-1,-1,-1,1,1,-1,1,-1,1,1,1,1,1,-1,-1,-1,-1,-1,1,-1,1,-1,-1,1,-1,1,1,-1,1,-1,-1,1,1,1,-1,1,-1,1,-1,1,1,-1,-1,-1,-1,-1,1,1,-1,1,-1,1,-1,1,1,1,-1,1,-1,-1,1,1,-1,-1,-1,1,-1,1,1,-1,-1,1,-1,-1,1,-1,1,-1,1,-1,-1,1,-1,-1,1,-1,1,-1,1,1,-1,1,-1,1,-1,1,-1,1,-1,1,-1,-1,1,1,-1,1,-1,-1,-1,-1,1,-1,1,-1,1,-1,-1,1,-1,1,1,-1,-1,-1,-1,1,1,1,1,-1,-1,1,-1,-1,1,1,-1,-1,-1,-1,1,-1,1,-1,-1,1,1,-1,1,1,-1,-1,1,-1,-1,1,1,-1,-1,-1,-1,1,-1,1,-1,-1,-1,-1,-1,1,-1,-1,1,-1,-1,1,-1,1,-1,-1,-1,-1,-1,1,1,1,-1,-1,-1,1,1,1,-1,-1,-1,1,-1,-1,1,1,-1,-1,-1,1,1,1,-1,-1,-1,-1,1,-1,1,-1,-1,1,-1,-1,1,1,-1,-1,-1,-1,-1,-1,1,1,-1,-1,1,-1,1,1,-1,-1,-1,1,-1,1,1,-1,-1,1,-1,-1,1,1,1,-1,1,-1,1,1,1,-1,-1,1,-1,-1,1,1,-1,-1,1,-1,-1,1,1,-1,1,1,-1,-1,1,1,-1,-1,1,-1,-1,1,1,-1,-1,1,-1,-1,1,1,1,-1,-1,1,-1,-1,1,-1,-1,1,-1,-1,1,-1,1,-1,1,1,-1,-1,1,1,-1,-1,1,-1,1,1,1,-1,-1,1,-1,1,1,1,-1,-1,1,-1,-1,1,-1,-1,1,-1,1,-1,1,-1,-1,1,1,-1,1,1,-1,-1,-1,-1,1,-1,1,-1,-1,1,-1,-1,-1,1,1,-1,-1,1,-1,-1,1,1,-1,-1,-1,-1,-1,1,1,-1,-1,-1,1,-1,-1,1,-1,-1,1,-1,-1,-1,1,1,-1,1,-1,1,-1,1,-1,-1,1,1,-1,-1,1,-1,-1,-1,1,1,-1,1,1,-1,1,-1,-1,1,1,-1,-1,1,-1,1,-1,1,-1,-1,1,1,-1,1,1,-1,-1,-1,1,-1,-1,-1,-1,-1,1,-1,1,-1,1,-1,1,1,1,-1,1,1,1,-1,1,1,-1,1,1,-1,-1,1,1,1,1,1,-1,-1,-1,1,-1,1,1,-1,-1,1,1,-1,1,1,1,-1,1,1,1,1,1,1,-1,-1,1,-1,1,-1,1,-1,1,-1,1,1,-2648.0,1,2000,445,1000,True
2706,1,1,-1,-1,1,-1,1,1,1,1,1,-1,1,1,1,1,-1,1,-1,-1,1,1,1,1,1,-1,1,1,1,1,1,1,1,-1,1,1,-1,1,1,1,-1,1,1,1,1,1,1,-1,1,-1,1,1,-1,1,-1,1,-1,-1,1,1,1,-1,-1,1,1,1,1,1,-1,1,1,-1,1,1,1,-1,1,1,-1,1,1,-1,-1,1,-1,1,1,1,-1,-1,1,-1,-1,1,1,-1,1,-1,-1,1,1,1,-1,1,-1,-1,-1,1,1,1,1,1,-1,-1,1,1,1,1,-1,-1,-1,1,1,1,-1,1,-1,-1,1,1,1,1,-1,-1,-1,1,1,1,1,-1,-1,-1,-1,1,1,1,-1,-1,-1,-1,1,1,1,-1,1,-1,1,1,1,1,-1,-1,-1,-1,1,1,1,-1,1,-1,1,1,1,1,-1,-1,-1,1,1,1,1,1,1,-1,1,1,1,-1,-1,-1,-1,-1,1,1,1,-1,1,-1,-1,1,-1,1,-1,1,-1,-1,1,1,1,-1,1,-1,1,1,-1,1,-1,1,-1,1,1,1,1,1,1,1,-1,1,-1,1,-1,1,-1,-1,1,1,1,1,1,-1,-1,1,-1,-1,1,1,1,-1,1,1,-1,1,1,-1,1,1,-1,-1,1,1,-1,-1,1,-1,1,1,1,1,1,1,-1,1,1,1,1,1,1,-1,1,1,1,1,1,1,-1,-1,1,1,1,1,1,1,-1,1,1,-1,-1,1,1,1,1,1,1,1,1,-1,1,1,1,1,1,-1,1,1,1,1,1,1,1,-1,-1,1,1,-1,1,1,1,-1,1,1,1,1,1,1,1,1,1,1,1,1,1,-1,1,1,1,1,1,-1,1,-1,1,1,-1,1,1,1,1,1,1,1,1,1,-1,-1,1,-1,1,1,1,-1,-1,1,1,1,1,1,-1,-1,1,1,-1,1,1,-1,-1,1,1,1,-1,1,-1,1,-1,1,-1,1,1,1,-1,-1,1,1,-1,1,-1,1,1,1,-1,-1,-1,-1,1,1,1,-1,1,1,-1,1,1,-1,-1,1,1,-1,1,1,-1,1,1,1,1,-1,1,1,1,-1,1,1,1,-1,1,-1,1,-1,-1,1,1,1,-1,-1,-1,1,1,1,1,1,-1,1,-1,1,1,1,1,1,-1,-1,1,-1,1,-1,1,-1,-1,-1,-1,1,1,1,-1,-1,1,-1,1,1,1,-1,1,-1,1,-1,1,1,-1,-1,1,-1,1,1,1,-1,-1,-1,1,1,1,1,-1,-1,1,1,1,1,-1,1,-1,1,-1,1,1,-1,-1,-1,-1,1,1,1,-1,1,-1,1,-1,1,1,-1,-1,1,-1,1,1,1,1,-1,-1,-1,-1,-1,1,1,-1,-1,1,1,-1,1,-1,-1,-1,-1,-1,1,-1,1,-1,-1,-1,-1,1,-1,1,1,-1,-1,-1,-1,1,1,1,-1,-1,-1,1,-1,-1,1,1,1,1,1,-1,-1,1,1,1,-1,1,-1,1,-1,1,1,1,-1,-1,-1,-1,-1,1,1,1,-1,-1,-1,1,1,-1,1,-1,-1,-1,1,1,1,1,-1,-1,1,1,1,-1,1,-1,-1,-1,-1,1,1,1,-1,1,-1,-1,1,-1,1,-1,1,1,1,1,-1,1,1,-1,-1,-1,-1,-1,1,1,-1,-1,-1,1,-1,1,1,-1,-1,-1,-1,1,1,-1,-1,-1,-1,-1,1,1,-1,1,-1,1,1,1,1,1,-1,-1,-1,-1,-1,1,-1,1,-1,-1,1,-1,1,1,-1,1,-1,-1,1,1,1,-1,1,-1,1,-1,1,1,-1,-1,-1,1,-1,1,1,-1,1,-1,-1,-1,1,1,1,-1,1,-1,-1,1,1,-1,-1,-1,-1,-1,1,1,1,-1,1,-1,-1,-1,-1,1,-1,1,-1,-1,1,-1,-1,1,-1,1,-1,1,1,-1,1,-1,1,-1,1,-1,-1,1,-1,1,-1,1,1,-1,1,-1,-1,-1,-1,1,-1,1,-1,1,-1,-1,1,-1,1,-1,1,-1,-1,-1,1,1,-1,-1,-1,-1,1,-1,-1,-1,-1,-1,-1,-1,-1,1,-1,-1,-1,-1,1,1,-1,1,-1,-1,-1,1,-1,-1,1,-1,-1,-1,-1,-1,1,1,-1,-1,-1,-1,-1,1,-1,-1,-1,1,-1,-1,1,-1,1,-1,-1,-1,-1,-1,-1,-1,1,-1,-1,-1,1,1,-1,-1,-1,-1,1,-1,-1,-1,-1,-1,-1,-1,1,-1,1,-1,-1,-1,-1,1,-1,1,1,-1,1,-1,-1,1,1,-1,-1,-1,-1,-1,-1,1,1,-1,-1,1,-1,1,1,-1,-1,-1,1,-1,1,1,-1,-1,1,-1,-1,1,1,1,-1,1,-1,1,1,1,-1,-1,1,-1,-1,1,1,1,-1,1,-1,-1,1,1,-1,1,1,-1,-1,1,1,-1,-1,1,1,-1,1,1,1,-1,1,-1,-1,1,1,1,-1,-1,1,-1,1,1,1,-1,1,1,-1,1,-1,1,1,-1,1,-1,-1,1,-1,1,-1,1,-1,1,1,1,1,-1,1,1,1,1,1,-1,-1,1,1,-1,1,1,-1,1,-1,1,-1,1,1,-1,1,1,1,-1,1,1,-1,-1,1,-1,1,1,1,-1,1,1,1,1,1,1,-1,1,-1,1,1,1,1,-1,-1,-1,1,-1,1,1,-1,-1,1,-1,1,1,-1,-1,1,-1,1,1,1,1,-1,1,-1,1,-1,1,1,-1,-1,1,-1,-1,1,-1,1,-1,-1,-1,-1,1,-1,-1,1,-1,1,1,1,-1,1,-1,-1,1,1,1,1,1,-1,-1,-1,1,-1,-1,1,-1,1,1,-1,1,1,1,-1,1,-1,1,-1,-1,1,-1,-1,1,-1,1,1,1,1,-1,1,-1,-1,-1,1,-1,-1,1,1,1,-1,1,1,-1,1,-1,1,1,1,1,-1,1,-1,1,-1,-1,1,-1,1,1,1,-1,1,1,-1,-1,1,1,1,-1,1,-1,1,-1,1,-2648.0,1,2000,445,1000,True
2707,-1,-1,1,1,1,1,-1,1,-1,-1,-1,1,-1,-1,-1,-1,1,-1,1,-1,-1,1,-1,-1,-1,1,-1,-1,-1,-1,-1,-1,1,-1,-1,1,1,-1,-1,1,-1,-1,1,-1,-1,-1,1,1,-1,-1,-1,-1,1,1,-1,1,-1,1,-1,-1,1,1,-1,1,-1,-1,-1,1,1,-1,1,-1,-1,-1,1,1,1,1,-1,-1,-1,-1,1,-1,-1,-1,-1,1,1,1,1,-1,-1,-1,1,1,-1,1,-1,1,-1,1,1,1,-1,-1,-1,-1,1,1,1,1,-1,-1,-1,1,1,1,1,-1,-1,-1,-1,1,1,1,-1,-1,-1,1,1,1,-1,-1,-1,1,1,1,1,-1,-1,-1,1,-1,1,1,1,-1,-1,-1,-1,1,1,1,1,-1,1,1,1,1,-1,-1,-1,-1,1,-1,1,-1,1,-1,-1,-1,1,1,-1,-1,-1,1,1,1,-1,1,1,-1,-1,-1,1,-1,-1,-1,-1,1,-1,1,-1,-1,1,-1,1,-1,1,-1,-1,1,-1,1,1,1,1,-1,1,-1,1,-1,1,-1,-1,1,1,1,-1,1,1,-1,1,1,-1,-1,-1,1,-1,1,-1,-1,1,-1,1,-1,1,1,1,-1,1,-1,-1,1,1,-1,1,-1,1,-1,1,-1,-1,-1,1,-1,-1,1,1,1,-1,1,1,-1,1,-1,-1,-1,1,-1,1,1,-1,1,1,1,-1,1,1,-1,1,-1,-1,1,-1,1,1,-1,1,1,1,-1,1,1,1,1,-1,1,1,1,-1,1,1,1,1,-1,1,1,1,-1,1,1,1,1,-1,-1,1,-1,1,1,-1,1,-1,1,1,-1,1,1,-1,-1,1,1,-1,1,-1,-1,1,1,1,1,-1,1,-1,1,1,-1,-1,1,-1,-1,-1,1,-1,1,-1,-1,-1,1,1,1,-1,1,1,-1,1,1,1,-1,1,-1,-1,1,1,1,-1,1,-1,-1,-1,1,1,1,1,-1,-1,1,-1,1,-1,1,1,-1,-1,1,1,-1,-1,1,-1,-1,1,1,-1,1,-1,-1,-1,-1,-1,-1,1,1,-1,-1,1,1,-1,1,-1,-1,-1,1,1,-1,1,-1,-1,1,1,-1,1,1,-1,-1,-1,-1,1,1,1,1,-1,-1,1,-1,-1,1,-1,-1,1,-1,-1,1,-1,1,-1,-1,1,-1,-1,1,-1,-1,1,1,-1,1,-1,1,-1,-1,1,-1,-1,-1,-1,-1,-1,1,-1,-1,1,1,-1,-1,1,-1,1,-1,-1,1,-1,1,-1,-1,1,1,-1,-1,1,-1,-1,-1,-1,-1,1,1,-1,-1,1,1,-1,1,-1,1,-1,1,1,-1,1,-1,-1,-1,-1,-1,-1,1,-1,1,-1,1,1,-1,1,-1,-1,1,-1,-1,1,-1,1,-1,-1,-1,1,-1,1,1,-1,-1,-1,1,-1,1,-1,-1,-1,-1,1,1,1,1,-1,-1,-1,1,-1,1,1,-1,-1,-1,1,1,-1,1,1,-1,-1,1,1,1,-1,-1,1,1,1,1,-1,1,-1,1,-1,-1,1,-1,-1,1,-1,-1,1,-1,-1,1,1,1,-1,1,1,-1,1,1,1,-1,-1,1,-1,-1,1,-1,-1,1,1,-1,-1,-1,-1,-1,1,1,-1,1,1,1,1,-1,1,-1,-1,1,1,-1,1,1,-1,-1,-1,1,-1,-1,1,1,-1,1,1,1,1,1,-1,1,1,1,-1,1,1,1,-1,1,1,-1,1,1,-1,1,1,1,-1,1,1,-1,-1,1,-1,1,1,1,-1,1,1,1,-1,1,1,-1,1,1,1,1,1,1,1,1,1,1,1,1,1,-1,1,1,1,-1,1,1,1,1,1,1,1,1,-1,1,1,1,1,1,1,1,1,-1,1,-1,1,1,1,1,1,1,1,1,1,1,-1,1,1,1,-1,1,-1,-1,1,1,1,-1,1,1,-1,1,1,1,1,1,-1,1,1,1,1,-1,1,1,-1,-1,1,-1,-1,1,-1,1,-1,1,1,1,1,1,1,-1,1,1,-1,1,1,-1,1,1,1,-1,1,1,1,-1,1,1,-1,1,-1,-1,-1,-1,-1,-1,1,1,-1,-1,1,-1,-1,1,1,-1,-1,-1,1,-1,1,1,-1,1,-1,1,-1,1,1,1,-1,-1,1,-1,1,-1,1,-1,1,-1,-1,1,1,1,-1,1,-1,1,1,1,1,-1,-1,-1,-1,1,-1,1,-1,1,1,-1,1,-1,-1,1,-1,-1,-1,1,-1,1,-1,1,1,1,1,1,1,-1,1,-1,1,1,-1,1,-1,-1,1,1,1,-1,1,1,-1,-1,1,-1,-1,1,1,-1,1,1,-1,-1,-1,1,-1,1,1,1,-1,1,1,-1,1,1,1,-1,1,-1,1,1,1,-1,1,1,-1,-1,1,1,-1,-1,-1,1,-1,1,1,-1,1,-1,-1,-1,1,1,-1,-1,-1,1,-1,1,1,-1,-1,-1,-1,-1,1,1,-1,-1,-1,1,-1,1,1,-1,-1,-1,-1,-1,1,-1,1,-1,-1,-1,1,1,1,-1,-1,-1,-1,-1,1,1,-1,-1,1,-1,1,1,1,1,-1,-1,-1,1,-1,1,-1,-1,-1,-1,1,-1,1,-1,-1,-1,-1,1,1,1,-1,-1,1,1,-1,1,1,-1,1,-1,1,1,1,1,1,-1,1,1,1,1,1,1,-1,1,-1,1,-1,1,1,-1,1,1,-1,1,1,1,-1,1,-1,1,1,1,1,-1,1,-1,1,-1,1,1,-1,-1,1,-1,-1,1,1,-1,1,1,-1,-1,1,1,1,1,-1,1,1,1,-1,1,1,-1,1,1,1,-1,-1,1,-1,-1,1,-1,-1,1,1,1,-1,-1,1,1,1,1,-1,-1,1,1,1,-1,1,-1,-1,-1,1,1,1,1,-1,-1,1,1,1,1,1,1,-1,1,1,1,1,1,1,-1,1,1,-1,-1,1,-1,-1,1,-1,1,1,1,1,-1,-1,1,1,-1,1,-1,1,-1,1,1,-1,1,1,-1,-1,1,-2648.0,1,2000,445,500,True
2708,1,1,-1,-1,1,-1,1,1,1,1,1,-1,1,1,1,1,-1,1,-1,-1,1,1,1,1,1,-1,1,1,1,1,1,1,-1,-1,1,1,-1,1,1,1,-1,1,1,1,1,1,1,-1,1,-1,1,1,-1,1,-1,1,1,-1,1,1,1,-1,-1,-1,1,1,1,1,-1,1,1,-1,1,1,1,-1,1,1,1,1,1,-1,-1,1,-1,1,1,1,-1,-1,1,1,-1,1,1,-1,1,-1,-1,-1,1,1,-1,1,-1,1,-1,1,1,1,1,1,-1,-1,1,1,1,1,-1,-1,-1,1,1,1,-1,1,-1,-1,1,1,1,1,-1,-1,-1,1,1,1,1,-1,-1,-1,-1,1,1,1,-1,-1,-1,-1,1,1,1,-1,1,-1,1,1,1,1,-1,1,-1,-1,1,1,1,-1,1,-1,1,1,1,1,-1,-1,-1,1,1,1,-1,1,1,-1,1,1,1,1,-1,-1,-1,-1,1,1,1,-1,1,-1,-1,1,-1,1,-1,1,-1,-1,1,1,1,-1,1,-1,1,1,-1,1,-1,1,-1,1,1,1,1,1,1,1,-1,1,-1,1,-1,1,-1,-1,1,1,1,1,1,-1,-1,1,-1,-1,1,1,1,-1,1,1,-1,1,1,-1,1,1,-1,-1,1,1,-1,-1,1,-1,1,1,1,1,1,1,-1,1,1,1,1,1,1,-1,1,1,1,1,1,1,-1,-1,1,1,1,1,1,1,-1,1,1,-1,-1,1,1,1,1,1,1,1,1,-1,1,1,1,1,1,-1,1,1,1,1,1,1,1,-1,-1,1,1,-1,1,1,1,-1,1,1,1,1,1,1,1,1,1,1,1,1,1,-1,1,1,1,1,1,-1,1,-1,1,1,-1,1,1,1,1,1,1,1,1,1,-1,-1,1,-1,1,1,1,-1,-1,1,1,1,1,1,-1,-1,1,1,-1,1,1,-1,-1,1,1,1,-1,1,-1,1,-1,1,-1,1,1,1,-1,-1,1,1,-1,1,-1,1,1,1,-1,-1,-1,-1,1,1,1,-1,1,1,-1,1,1,-1,-1,1,1,-1,1,1,-1,1,1,1,1,-1,1,1,1,-1,1,1,1,-1,1,-1,1,-1,-1,1,1,1,-1,-1,-1,1,1,1,1,1,-1,1,-1,1,1,1,1,1,-1,-1,1,-1,1,-1,1,-1,-1,-1,1,1,1,1,-1,-1,1,-1,1,1,1,-1,1,-1,1,-1,1,1,-1,-1,1,-1,1,1,1,-1,-1,-1,1,1,1,1,-1,-1,1,-1,1,1,-1,1,-1,1,-1,1,1,-1,-1,-1,-1,1,1,1,-1,1,-1,-1,-1,1,1,-1,-1,1,-1,1,1,1,1,-1,-1,-1,-1,-1,1,1,-1,-1,1,1,-1,1,-1,-1,-1,-1,-1,1,-1,1,-1,-1,-1,-1,1,-1,1,-1,-1,-1,-1,-1,1,1,1,-1,-1,-1,1,-1,-1,1,1,1,1,1,-1,-1,1,-1,1,-1,1,-1,1,-1,1,1,1,-1,-1,-1,1,-1,1,-1,1,-1,-1,-1,1,1,-1,1,-1,-1,-1,1,1,-1,1,-1,-1,1,1,1,-1,1,-1,-1,-1,-1,1,1,1,-1,1,-1,-1,1,-1,1,-1,1,1,-1,1,-1,1,1,-1,-1,-1,-1,-1,1,1,-1,-1,-1,1,-1,-1,1,-1,-1,1,-1,1,1,-1,-1,-1,-1,-1,1,1,-1,1,-1,1,1,1,1,1,-1,-1,-1,-1,-1,1,-1,1,-1,-1,1,-1,1,1,-1,1,-1,-1,1,1,1,-1,1,-1,1,-1,1,1,-1,1,-1,1,-1,1,1,-1,1,-1,-1,-1,1,1,-1,-1,1,-1,-1,1,1,-1,-1,-1,-1,-1,1,1,1,-1,1,-1,-1,1,-1,1,-1,1,-1,-1,1,-1,-1,1,1,1,-1,1,1,-1,1,-1,1,-1,1,-1,-1,1,-1,1,-1,1,1,-1,1,-1,-1,-1,-1,1,-1,1,-1,1,-1,-1,1,-1,1,-1,1,-1,-1,-1,1,1,-1,-1,-1,-1,1,-1,-1,-1,-1,-1,-1,-1,-1,1,-1,-1,-1,-1,1,1,-1,1,-1,-1,-1,1,-1,-1,1,-1,-1,-1,-1,-1,1,1,-1,-1,-1,-1,-1,1,-1,-1,-1,1,-1,-1,1,-1,1,-1,-1,-1,-1,-1,-1,-1,1,-1,-1,-1,1,1,-1,-1,-1,-1,1,-1,-1,-1,-1,-1,-1,-1,1,-1,1,-1,-1,-1,-1,1,-1,1,1,-1,1,-1,-1,1,1,-1,-1,-1,-1,-1,-1,1,1,-1,-1,1,-1,1,1,-1,-1,-1,1,-1,1,1,-1,-1,1,-1,-1,1,1,1,-1,1,-1,1,1,1,-1,-1,1,-1,-1,1,-1,1,-1,1,-1,-1,1,1,-1,1,1,1,-1,1,1,1,-1,1,1,-1,1,1,-1,-1,1,-1,-1,1,1,1,-1,-1,1,-1,1,1,1,-1,1,1,-1,1,-1,1,1,-1,1,-1,-1,1,-1,1,-1,1,-1,1,1,1,1,-1,1,1,1,1,1,-1,-1,1,1,-1,1,1,-1,1,-1,1,-1,1,1,-1,1,1,1,-1,1,1,-1,1,1,-1,1,1,1,-1,-1,1,1,1,1,1,-1,1,-1,1,1,1,1,-1,-1,-1,1,-1,1,1,-1,-1,1,-1,1,1,-1,-1,1,-1,1,1,1,1,-1,1,-1,1,-1,1,1,-1,-1,1,-1,-1,1,-1,1,-1,-1,-1,-1,1,-1,-1,1,-1,1,1,1,-1,1,-1,-1,1,1,1,1,1,-1,-1,-1,1,-1,-1,1,-1,1,-1,-1,1,1,1,-1,-1,-1,1,-1,-1,1,-1,-1,1,-1,1,1,1,1,-1,1,-1,-1,-1,1,1,-1,1,1,1,-1,1,1,-1,1,-1,1,1,1,1,-1,1,-1,1,-1,-1,1,-1,1,1,1,-1,1,1,-1,-1,1,1,1,-1,1,-1,1,-1,1,-2648.0,1,2000,445,1000,True
2709,-1,-1,1,1,1,1,-1,1,-1,-1,-1,1,-1,1,-1,-1,1,-1,1,-1,-1,1,-1,-1,-1,1,-1,-1,1,-1,-1,-1,1,-1,-1,1,1,-1,-1,1,-1,-1,1,-1,-1,-1,1,1,-1,-1,1,-1,1,1,-1,-1,-1,1,-1,-1,1,1,-1,1,-1,-1,-1,1,1,-1,1,-1,-1,-1,1,1,-1,1,-1,-1,-1,1,1,-1,-1,-1,-1,1,1,1,1,-1,-1,-1,1,1,-1,-1,-1,1,-1,1,1,1,-1,-1,-1,-1,1,1,1,-1,-1,1,-1,1,1,1,1,-1,-1,-1,-1,1,1,-1,-1,-1,-1,1,1,1,-1,-1,-1,1,1,1,1,-1,-1,-1,1,-1,1,1,1,-1,-1,-1,-1,1,1,-1,1,-1,1,1,1,1,-1,-1,-1,-1,1,-1,1,-1,1,-1,1,-1,1,1,-1,-1,-1,-1,1,1,-1,1,1,-1,1,-1,1,-1,-1,-1,-1,1,-1,1,-1,-1,1,-1,1,-1,1,-1,-1,1,-1,1,1,1,1,-1,1,-1,1,-1,1,-1,-1,1,1,1,-1,1,1,-1,1,1,-1,1,-1,1,-1,1,-1,1,-1,1,1,-1,1,1,1,-1,1,-1,-1,1,1,1,-1,-1,1,-1,1,1,-1,1,1,-1,-1,1,1,1,-1,1,1,-1,1,-1,-1,-1,1,1,-1,1,1,-1,-1,1,1,-1,1,-1,1,-1,1,1,-1,1,1,1,-1,1,1,-1,1,1,-1,-1,-1,1,1,1,-1,-1,-1,1,1,-1,1,1,1,-1,-1,1,1,1,-1,-1,-1,1,1,1,-1,1,-1,-1,-1,1,1,1,-1,-1,1,-1,-1,1,1,-1,-1,-1,1,1,-1,1,-1,1,-1,-1,1,1,1,-1,1,-1,1,1,-1,1,-1,-1,-1,-1,-1,1,1,-1,-1,-1,-1,-1,1,-1,-1,-1,-1,-1,1,1,-1,-1,-1,1,1,1,1,-1,-1,1,1,-1,-1,1,1,-1,-1,1,-1,-1,-1,1,-1,-1,-1,1,-1,1,-1,1,-1,-1,-1,-1,1,1,-1,-1,1,1,-1,1,1,-1,-1,1,1,-1,1,1,-1,-1,1,-1,1,1,-1,-1,-1,-1,1,-1,-1,1,-1,-1,1,-1,-1,1,-1,-1,-1,1,-1,1,-1,-1,-1,-1,1,-1,-1,1,1,-1,1,1,-1,1,-1,1,-1,-1,1,-1,-1,-1,1,1,-1,1,-1,-1,1,1,-1,-1,-1,-1,1,-1,1,-1,-1,1,-1,-1,1,1,-1,-1,1,-1,-1,-1,-1,1,1,1,-1,-1,1,-1,-1,1,-1,1,-1,1,-1,-1,1,-1,-1,-1,-1,-1,-1,1,-1,1,-1,1,-1,-1,1,-1,-1,1,-1,-1,-1,1,1,-1,1,-1,-1,-1,1,1,-1,-1,-1,1,-1,1,-1,-1,1,-1,-1,1,1,1,-1,-1,-1,-1,1,1,1,1,-1,1,-1,-1,-1,1,1,-1,1,-1,1,1,-1,-1,1,-1,1,1,-1,1,-1,-1,1,-1,1,-1,-1,1,-1,1,1,-1,-1,-1,1,1,1,1,1,-1,-1,1,-1,1,-1,1,-1,-1,-1,1,1,1,1,-1,-1,-1,-1,1,1,1,-1,-1,1,1,1,-1,1,-1,-1,-1,1,1,1,1,-1,-1,-1,-1,1,-1,1,1,-1,1,-1,1,1,1,-1,1,1,1,1,1,1,1,-1,1,-1,1,1,1,-1,1,1,1,-1,1,1,-1,-1,1,1,1,-1,1,-1,1,1,1,-1,1,1,-1,1,1,1,1,1,1,1,1,1,1,-1,1,1,-1,1,1,1,1,1,1,1,1,1,1,1,1,1,-1,1,1,1,1,1,1,1,-1,1,-1,1,1,1,1,1,1,1,1,1,1,-1,1,1,1,-1,1,-1,-1,1,1,1,-1,1,1,-1,1,1,-1,1,1,-1,-1,1,1,1,-1,1,1,-1,1,1,-1,-1,1,-1,1,1,1,1,1,1,1,-1,1,1,1,-1,1,1,-1,1,1,1,-1,1,1,-1,1,1,1,-1,1,1,-1,-1,1,-1,-1,1,1,-1,1,-1,1,-1,1,1,-1,1,1,1,-1,1,1,-1,1,-1,1,-1,1,1,-1,1,1,1,-1,1,-1,1,1,1,-1,-1,1,-1,1,1,-1,-1,1,1,1,1,1,-1,-1,-1,1,-1,1,1,-1,1,-1,1,-1,1,-1,1,-1,-1,1,-1,1,1,1,1,1,1,1,1,1,1,-1,1,1,-1,1,1,-1,1,1,1,-1,1,1,1,-1,1,-1,-1,1,1,1,-1,1,-1,-1,-1,-1,1,-1,1,1,-1,1,1,1,1,1,1,-1,1,1,1,1,1,-1,1,1,1,-1,1,1,-1,-1,-1,1,-1,1,1,-1,1,-1,1,-1,1,1,-1,-1,-1,1,-1,1,1,-1,-1,-1,1,1,1,1,-1,-1,-1,-1,1,1,1,-1,-1,-1,-1,-1,1,-1,-1,-1,-1,-1,1,1,1,-1,-1,-1,-1,1,1,1,-1,-1,1,-1,1,1,1,1,-1,-1,-1,1,-1,1,-1,-1,-1,-1,1,-1,1,-1,-1,-1,1,1,1,1,-1,-1,-1,-1,1,1,1,-1,1,-1,-1,1,1,-1,1,-1,1,-1,1,1,1,1,-1,1,-1,1,-1,1,1,-1,1,1,-1,1,1,1,-1,1,-1,1,1,-1,1,1,1,-1,1,1,-1,1,-1,-1,1,-1,-1,1,1,-1,1,1,-1,-1,1,1,1,1,-1,1,1,1,1,1,1,-1,1,1,1,1,-1,1,-1,-1,1,1,1,-1,1,1,-1,-1,-1,1,1,1,-1,-1,1,1,1,1,1,-1,-1,-1,1,1,1,1,-1,-1,1,1,1,1,1,1,-1,1,1,1,1,1,1,-1,1,1,1,1,1,1,-1,1,-1,1,1,1,1,-1,-1,1,1,1,1,1,1,-1,1,1,-1,1,1,-1,-1,1,-2648.0,1,2000,445,500,True
2710,1,1,-1,-1,1,1,-1,1,1,1,1,-1,1,1,1,1,-1,1,-1,-1,-1,1,1,1,1,-1,1,-1,1,1,1,1,1,-1,-1,1,-1,1,1,-1,-1,-1,1,1,1,1,-1,-1,1,-1,1,1,-1,1,-1,-1,-1,-1,1,1,1,-1,-1,1,1,1,1,-1,-1,-1,1,-1,1,1,1,-1,-1,1,-1,1,1,-1,-1,-1,-1,1,1,1,-1,-1,1,-1,1,1,1,-1,-1,1,-1,1,1,1,-1,-1,1,-1,1,1,1,-1,-1,1,-1,-1,1,1,-1,-1,1,-1,1,1,1,1,-1,1,-1,-1,1,1,1,-1,-1,-1,1,1,1,1,-1,1,-1,-1,1,1,1,-1,-1,-1,-1,1,1,1,-1,1,1,-1,1,1,1,-1,1,-1,-1,1,-1,1,-1,1,-1,1,1,1,-1,-1,1,-1,1,1,1,-1,1,-1,1,-1,-1,1,-1,-1,-1,-1,1,1,1,-1,1,1,1,-1,-1,1,1,-1,1,1,-1,-1,1,-1,-1,1,1,1,-1,1,-1,-1,1,1,-1,-1,1,1,-1,1,1,1,-1,1,-1,-1,1,1,-1,-1,-1,1,-1,1,1,-1,-1,1,-1,1,1,1,1,-1,1,-1,1,1,1,-1,1,1,1,1,1,1,-1,-1,-1,1,-1,1,1,1,1,-1,1,1,-1,1,1,1,1,1,1,1,1,1,1,1,-1,1,1,1,1,-1,1,1,1,1,1,-1,1,1,-1,1,-1,1,1,1,1,1,1,-1,1,1,-1,1,1,1,-1,-1,1,1,1,-1,1,-1,1,-1,1,1,1,1,-1,1,1,1,1,1,1,-1,1,1,1,1,1,-1,1,1,1,1,1,1,1,-1,1,1,-1,1,1,-1,1,1,1,1,1,1,1,-1,1,-1,1,1,1,1,-1,1,1,1,1,1,1,-1,1,1,-1,-1,1,1,-1,1,1,1,1,1,1,-1,1,1,-1,1,1,1,1,1,1,1,-1,1,1,-1,1,1,-1,-1,1,1,-1,1,1,-1,1,-1,1,-1,1,-1,-1,-1,1,-1,1,1,-1,1,-1,-1,1,-1,1,1,-1,-1,1,-1,-1,-1,1,-1,1,-1,-1,1,1,1,-1,1,-1,-1,1,-1,1,1,-1,1,-1,1,1,1,1,1,-1,-1,1,-1,1,-1,1,-1,-1,-1,1,1,1,1,-1,-1,1,-1,1,1,1,-1,-1,-1,1,-1,1,1,-1,-1,1,-1,1,1,1,1,-1,-1,1,1,1,1,-1,-1,1,1,1,1,-1,1,-1,1,1,1,1,-1,1,1,-1,1,1,1,-1,1,-1,-1,-1,1,1,-1,-1,1,-1,1,1,1,1,-1,1,-1,-1,1,1,1,-1,1,-1,-1,1,1,-1,-1,1,-1,-1,1,-1,1,-1,-1,1,-1,1,-1,1,1,-1,1,-1,-1,1,1,1,-1,1,-1,1,-1,-1,-1,1,-1,1,1,-1,1,-1,1,1,-1,1,-1,1,-1,1,1,1,-1,-1,-1,-1,-1,1,1,1,-1,-1,-1,1,1,-1,1,-1,-1,-1,1,1,1,1,-1,-1,-1,1,1,1,1,-1,-1,-1,-1,1,-1,1,-1,1,-1,-1,1,-1,1,-1,-1,1,-1,1,-1,1,1,-1,-1,-1,-1,-1,1,1,-1,-1,-1,-1,-1,1,-1,-1,-1,-1,1,1,1,-1,-1,-1,-1,1,1,1,-1,1,-1,1,-1,-1,1,1,-1,-1,-1,-1,-1,1,-1,1,-1,-1,1,-1,1,1,-1,1,-1,-1,1,-1,1,-1,1,-1,-1,-1,-1,1,-1,-1,-1,-1,-1,-1,1,-1,1,-1,-1,-1,-1,-1,1,-1,1,-1,-1,-1,-1,-1,-1,-1,-1,-1,-1,1,1,-1,1,-1,-1,-1,1,-1,-1,1,-1,1,-1,1,-1,1,-1,1,-1,1,1,-1,1,-1,1,-1,-1,1,-1,1,-1,1,-1,-1,1,-1,1,-1,-1,-1,-1,1,-1,1,-1,1,-1,-1,1,-1,1,-1,1,-1,-1,1,-1,1,-1,-1,-1,-1,1,1,-1,-1,-1,-1,-1,1,-1,1,-1,-1,-1,-1,-1,-1,-1,1,-1,-1,-1,1,-1,-1,1,-1,-1,-1,-1,-1,1,1,-1,-1,-1,-1,-1,1,-1,-1,-1,1,-1,-1,1,-1,1,-1,-1,-1,-1,1,-1,-1,1,-1,-1,-1,-1,1,-1,-1,-1,1,-1,1,-1,-1,-1,1,-1,-1,-1,-1,1,-1,-1,1,-1,-1,1,1,1,-1,1,-1,1,-1,1,-1,-1,-1,-1,-1,-1,1,1,-1,-1,1,-1,1,1,-1,-1,-1,1,-1,1,1,1,-1,1,1,-1,1,1,1,-1,1,-1,1,1,1,-1,-1,1,-1,-1,1,1,1,1,-1,-1,-1,1,1,1,-1,1,-1,-1,1,1,1,1,-1,1,-1,1,-1,1,1,1,-1,-1,1,1,1,1,1,-1,-1,1,1,1,1,-1,-1,-1,1,-1,1,1,1,-1,-1,-1,1,-1,1,1,-1,-1,-1,1,1,1,1,-1,-1,1,1,1,1,1,-1,-1,1,-1,1,1,1,-1,1,1,1,1,1,-1,-1,1,-1,1,1,1,-1,-1,-1,1,1,1,-1,1,-1,1,1,-1,1,1,1,-1,-1,1,-1,1,1,1,-1,-1,1,1,1,1,1,-1,1,1,-1,1,1,-1,1,-1,1,-1,1,1,-1,1,-1,1,-1,-1,1,1,-1,1,1,1,1,1,-1,-1,1,-1,1,-1,1,-1,1,-1,1,1,1,-1,-1,1,1,1,-1,1,1,-1,1,-1,1,1,-1,1,-1,-1,1,-1,-1,-1,-1,-1,1,-1,1,1,1,-1,1,1,1,-1,1,1,1,-1,1,1,1,1,1,1,-1,1,1,1,1,1,-1,1,1,1,-1,1,1,-1,-1,1,1,-1,1,1,-1,-1,-1,1,1,1,1,-1,1,1,-1,1,1,1,-1,1,-1,1,-1,1,-2648.0,1,2000,445,1000,True
2711,-1,-1,1,1,1,1,-1,1,-1,-1,-1,1,-1,1,-1,-1,1,-1,1,1,-1,1,-1,-1,-1,1,-1,-1,-1,-1,-1,-1,1,1,-1,1,1,-1,-1,-1,1,-1,1,-1,-1,-1,-1,-1,1,-1,1,-1,1,-1,1,-1,-1,1,-1,-1,-1,1,1,1,-1,-1,-1,-1,-1,-1,1,-1,-1,-1,-1,-1,-1,1,-1,-1,-1,1,1,-1,-1,-1,-1,1,-1,1,-1,-1,-1,-1,-1,-1,-1,1,-1,1,-1,-1,-1,-1,1,-1,-1,-1,-1,-1,-1,1,-1,1,-1,-1,-1,-1,1,-1,-1,-1,-1,-1,-1,1,-1,-1,1,-1,-1,-1,-1,-1,-1,1,-1,-1,-1,-1,-1,-1,1,-1,-1,-1,1,-1,-1,-1,-1,-1,-1,-1,1,-1,1,1,-1,-1,-1,1,-1,-1,-1,-1,1,-1,1,-1,-1,-1,-1,-1,-1,-1,-1,1,-1,-1,-1,1,1,-1,-1,-1,-1,-1,-1,-1,-1,1,-1,-1,1,-1,1,-1,1,-1,-1,1,-1,1,-1,1,-1,-1,-1,1,1,-1,1,-1,1,-1,1,1,-1,1,-1,1,-1,-1,1,1,-1,1,-1,-1,1,1,-1,1,-1,1,-1,-1,1,-1,1,-1,1,1,-1,1,1,1,-1,-1,1,-1,1,-1,-1,1,1,1,-1,1,-1,1,-1,1,-1,-1,1,1,-1,-1,1,-1,-1,1,1,-1,-1,1,-1,-1,1,1,1,-1,1,-1,-1,1,1,1,-1,1,1,-1,1,-1,-1,-1,-1,1,-1,1,1,-1,-1,1,1,-1,1,1,1,-1,-1,1,-1,1,1,1,-1,1,1,-1,1,-1,1,-1,-1,1,-1,1,1,1,-1,-1,-1,1,1,1,-1,-1,1,1,-1,1,1,-1,-1,-1,1,-1,1,1,1,-1,1,1,-1,1,1,-1,-1,-1,-1,1,1,1,1,-1,-1,-1,1,1,1,1,-1,-1,1,1,1,1,1,1,1,-1,1,1,1,-1,1,-1,-1,1,-1,1,-1,1,-1,1,1,-1,1,1,-1,1,-1,1,1,-1,-1,-1,-1,-1,1,1,1,-1,1,1,-1,1,1,-1,-1,1,1,1,1,1,-1,-1,1,1,-1,1,1,-1,-1,1,1,1,1,-1,-1,-1,1,1,1,1,1,1,-1,1,-1,1,-1,1,-1,-1,1,1,1,1,1,-1,-1,1,1,1,-1,-1,1,-1,1,1,1,1,-1,-1,-1,1,1,1,1,-1,1,-1,-1,1,1,1,1,1,-1,1,1,-1,1,-1,1,-1,1,-1,1,1,1,1,1,1,1,1,-1,1,-1,1,1,-1,1,-1,1,-1,1,1,-1,1,-1,1,1,-1,1,-1,1,-1,-1,1,1,-1,1,1,-1,1,1,-1,1,-1,1,1,-1,-1,1,1,-1,-1,-1,1,-1,1,-1,-1,1,-1,-1,1,1,1,-1,-1,1,-1,1,1,1,1,-1,1,-1,-1,-1,1,1,-1,1,-1,1,1,1,-1,1,-1,1,1,-1,-1,1,1,1,-1,1,-1,1,-1,1,1,1,-1,-1,-1,-1,-1,1,1,1,-1,-1,-1,1,1,-1,1,-1,-1,-1,1,1,1,1,-1,-1,-1,1,1,1,1,-1,-1,-1,-1,1,-1,1,-1,1,-1,-1,1,1,1,-1,1,1,1,-1,-1,1,1,-1,-1,-1,-1,1,1,1,-1,-1,1,-1,1,1,1,-1,-1,1,-1,1,1,-1,-1,-1,-1,-1,1,1,-1,1,-1,-1,1,-1,1,1,-1,1,-1,-1,1,1,-1,1,1,-1,1,1,1,1,-1,-1,1,-1,1,1,1,-1,1,1,-1,1,1,1,-1,-1,1,1,1,-1,1,-1,1,1,-1,1,1,1,-1,-1,1,1,1,1,1,-1,-1,1,1,1,1,-1,1,-1,1,-1,1,-1,-1,1,-1,1,-1,1,1,-1,-1,1,-1,1,1,-1,-1,-1,1,1,-1,1,1,-1,1,1,1,-1,1,-1,1,-1,1,1,-1,1,1,-1,1,-1,1,-1,1,1,-1,-1,1,1,-1,1,1,-1,1,-1,1,-1,1,-1,1,1,1,-1,-1,1,1,-1,1,-1,1,-1,1,1,-1,1,-1,1,-1,1,1,-1,1,1,1,-1,1,1,1,1,1,1,-1,1,1,1,1,1,-1,-1,1,1,1,1,-1,-1,1,1,1,1,1,-1,-1,-1,-1,1,1,1,-1,1,-1,1,1,1,1,1,-1,-1,1,-1,1,1,1,-1,-1,1,1,-1,1,1,-1,1,1,1,1,1,-1,-1,-1,1,1,1,1,1,-1,-1,-1,1,1,1,1,-1,1,1,1,1,-1,1,-1,1,1,1,1,1,1,-1,-1,-1,1,1,1,1,-1,1,1,1,1,1,-1,-1,1,1,1,-1,1,-1,-1,1,1,1,-1,1,-1,-1,1,1,1,-1,1,-1,1,1,1,1,1,-1,1,-1,-1,-1,1,1,-1,1,-1,1,-1,1,-1,-1,-1,1,-1,-1,1,1,-1,1,-1,1,-1,1,1,-1,1,-1,1,-1,1,1,-1,1,1,1,-1,1,1,-1,1,-1,-1,1,1,1,-1,1,-1,1,1,1,-1,1,-1,1,1,1,1,1,-1,1,-1,1,1,-1,1,-1,-1,-1,1,-1,1,-1,1,1,-1,1,-1,1,1,-1,1,-1,1,-1,1,1,1,-1,-1,-1,1,1,-1,1,1,-1,-1,-1,1,-1,1,-1,1,-1,-1,1,1,1,-1,-1,-1,1,1,1,1,-1,1,-1,1,1,-1,1,1,-1,1,1,1,1,1,-1,-1,-1,-1,1,1,-1,1,-1,1,1,-1,1,1,-1,1,-1,-1,1,1,1,-1,-1,1,1,-1,1,1,-1,1,1,1,1,1,1,-1,1,1,1,1,1,1,-1,-1,1,1,1,-1,1,-1,1,1,1,1,-1,1,-1,1,1,1,-1,1,1,-1,-1,1,1,-1,1,1,-1,-1,1,1,-1,1,1,1,-1,1,-2648.0,1,2000,445,500,True
2712,1,1,-1,-1,1,1,-1,-1,1,1,1,-1,-1,-1,1,1,-1,1,-1,-1,-1,-1,1,1,1,-1,-1,-1,1,1,1,1,-1,-1,-1,-1,1,-1,1,1,-1,-1,-1,1,1,1,-1,1,-1,1,1,1,-1,1,-1,1,1,-1,1,1,-1,-1,-1,-1,1,1,1,1,1,-1,-1,1,1,1,-1,1,1,-1,1,1,1,1,1,-1,1,1,1,-1,1,1,1,1,1,1,-1,1,-1,1,1,-1,1,-1,1,1,-1,1,1,1,-1,1,1,1,1,1,1,1,-1,1,1,1,1,1,1,-1,1,1,1,1,-1,1,-1,1,-1,1,1,-1,-1,-1,1,-1,1,1,1,1,-1,1,1,1,1,1,1,-1,-1,1,-1,1,1,-1,1,-1,-1,1,1,1,-1,1,1,-1,-1,1,1,1,-1,1,-1,1,1,1,1,-1,-1,1,-1,1,-1,1,-1,-1,-1,1,1,-1,1,-1,-1,-1,-1,1,-1,1,-1,1,-1,-1,1,-1,-1,-1,-1,-1,-1,1,-1,-1,1,-1,-1,-1,1,-1,1,1,-1,-1,-1,-1,1,1,-1,-1,-1,-1,1,-1,1,-1,-1,-1,-1,1,-1,1,1,1,-1,-1,-1,-1,1,-1,1,-1,-1,1,1,1,1,-1,-1,-1,1,-1,1,1,-1,-1,1,-1,1,1,1,-1,1,-1,-1,1,1,1,-1,1,-1,-1,1,1,1,-1,-1,1,-1,-1,1,1,1,-1,1,-1,1,1,-1,1,1,1,-1,1,1,1,1,-1,1,1,-1,1,-1,1,1,1,-1,-1,1,-1,1,1,1,1,-1,1,1,-1,1,1,-1,-1,1,1,-1,1,1,-1,1,1,1,1,-1,1,-1,1,1,-1,-1,1,1,-1,-1,1,1,1,-1,1,-1,1,1,1,-1,1,1,-1,1,1,1,-1,1,-1,-1,1,1,1,-1,1,-1,-1,-1,1,1,1,1,-1,-1,1,-1,1,-1,1,1,-1,-1,1,1,-1,-1,1,-1,-1,1,1,-1,1,-1,1,-1,-1,-1,-1,1,1,-1,-1,1,1,-1,1,1,-1,-1,1,1,-1,1,1,-1,1,1,-1,1,1,-1,-1,-1,-1,1,1,1,1,-1,-1,1,-1,-1,1,-1,-1,1,-1,-1,1,-1,-1,-1,-1,1,-1,-1,1,1,-1,1,1,-1,1,-1,1,-1,-1,1,-1,-1,-1,1,1,-1,1,-1,-1,1,1,-1,-1,1,-1,1,-1,1,-1,-1,1,-1,-1,1,1,-1,-1,1,-1,-1,-1,-1,1,1,1,-1,-1,1,-1,-1,1,-1,1,-1,1,-1,-1,1,-1,-1,-1,-1,-1,-1,1,-1,1,-1,1,-1,-1,1,-1,-1,1,-1,-1,-1,1,1,-1,-1,-1,-1,-1,1,1,-1,-1,-1,1,-1,1,-1,-1,1,-1,-1,1,1,1,-1,-1,1,-1,1,1,1,1,-1,1,-1,-1,-1,1,1,-1,1,-1,1,1,-1,-1,1,-1,-1,-1,1,-1,-1,-1,1,1,-1,1,-1,1,-1,1,-1,1,1,-1,1,1,1,-1,-1,1,-1,1,-1,1,1,-1,1,-1,-1,1,1,-1,-1,1,-1,-1,-1,1,-1,-1,1,-1,1,1,1,1,-1,1,-1,-1,1,1,-1,-1,1,-1,-1,-1,1,1,-1,-1,1,1,-1,1,-1,-1,1,1,1,1,1,1,-1,-1,1,1,-1,1,-1,-1,1,1,1,1,-1,-1,-1,1,-1,1,1,1,-1,-1,-1,1,1,1,-1,-1,-1,1,1,1,1,1,-1,-1,-1,1,1,1,-1,-1,-1,-1,1,1,1,1,-1,-1,1,1,1,1,1,-1,-1,-1,1,1,1,1,-1,-1,-1,1,1,-1,1,-1,-1,-1,1,1,1,1,-1,-1,1,1,1,1,-1,-1,1,1,-1,1,1,-1,-1,-1,1,1,1,-1,1,-1,1,1,1,1,1,-1,-1,-1,1,-1,1,-1,-1,-1,-1,1,-1,1,1,-1,-1,-1,1,-1,1,1,-1,1,-1,1,1,1,1,-1,1,-1,1,-1,1,1,-1,-1,1,1,1,-1,-1,-1,-1,-1,1,-1,1,-1,-1,-1,-1,1,-1,-1,1,-1,-1,-1,1,-1,-1,1,-1,-1,-1,1,-1,1,1,-1,-1,1,-1,-1,1,-1,-1,-1,1,-1,-1,1,-1,1,-1,-1,-1,-1,-1,-1,-1,1,1,-1,-1,1,1,-1,-1,1,1,1,-1,-1,-1,-1,1,-1,-1,1,1,1,-1,1,-1,-1,1,-1,1,1,-1,1,-1,-1,1,1,-1,1,-1,-1,-1,-1,1,1,1,-1,1,-1,1,1,1,1,-1,-1,-1,1,1,-1,1,-1,1,-1,1,1,-1,1,-1,-1,1,1,1,1,-1,1,-1,-1,1,1,1,1,-1,1,-1,1,1,-1,1,-1,-1,-1,1,1,-1,1,-1,1,-1,1,1,1,1,1,-1,-1,1,1,1,1,1,-1,-1,1,1,-1,1,-1,-1,-1,1,-1,1,-1,1,-1,1,1,1,1,-1,1,-1,-1,1,1,1,-1,1,-1,1,1,1,1,-1,1,-1,1,-1,1,-1,1,1,-1,1,-1,1,-1,-1,-1,-1,1,1,1,-1,1,1,1,-1,1,1,-1,-1,1,1,1,1,-1,1,-1,-1,1,1,1,1,1,-1,1,-1,1,-1,1,1,-1,1,1,-1,-1,-1,1,-1,1,-1,1,1,1,1,-1,1,1,1,1,-1,1,-1,-1,1,-1,-1,1,1,-1,1,1,-1,-1,1,1,1,1,-1,1,1,1,-1,1,1,-1,1,1,-1,-1,-1,1,-1,-1,1,1,-1,1,1,1,-1,-1,-1,1,1,1,-1,-1,1,1,1,-1,1,-1,-1,-1,1,1,1,1,-1,-1,1,1,1,1,1,1,-1,1,1,1,1,1,1,-1,1,1,-1,-1,1,-1,-1,1,-1,1,1,1,1,-1,-1,1,1,-1,1,-1,1,-1,1,1,-1,1,1,-1,-1,1,-2648.0,1,2000,445,500,True
2713,1,1,-1,-1,1,1,-1,1,1,1,1,-1,-1,1,1,1,-1,1,-1,-1,-1,1,1,1,1,1,-1,-1,1,1,1,1,-1,-1,-1,1,-1,1,1,1,-1,-1,1,1,1,1,1,1,-1,-1,1,1,1,1,-1,-1,1,-1,1,1,1,-1,-1,-1,1,1,1,1,1,-1,1,-1,1,1,1,1,-1,1,-1,1,1,-1,1,-1,-1,1,1,1,1,-1,1,1,-1,1,1,1,1,-1,-1,1,1,1,1,1,1,-1,-1,1,1,1,1,-1,-1,-1,1,1,1,1,1,-1,-1,1,1,1,1,-1,-1,-1,1,1,1,1,1,-1,-1,1,1,1,1,1,-1,-1,1,1,1,1,1,-1,-1,-1,1,1,1,1,1,-1,-1,1,1,1,1,-1,-1,-1,1,1,1,1,1,-1,1,1,1,1,1,-1,-1,1,1,1,1,-1,1,-1,-1,1,1,1,1,-1,-1,1,1,1,1,1,1,-1,1,1,-1,-1,1,1,-1,1,1,1,1,1,1,-1,1,1,1,-1,1,1,1,1,1,-1,1,1,1,1,-1,1,-1,-1,1,1,-1,-1,1,-1,1,1,1,1,-1,1,-1,-1,1,1,1,-1,1,-1,1,1,1,1,1,1,1,-1,1,1,1,-1,1,1,1,-1,1,-1,1,1,1,1,-1,1,-1,1,1,1,1,-1,1,-1,1,1,1,1,1,1,1,-1,1,1,1,1,1,1,1,1,1,1,-1,1,-1,1,1,1,1,-1,1,1,1,1,1,1,1,1,-1,-1,1,-1,1,-1,-1,1,-1,1,1,1,-1,1,-1,-1,1,1,1,1,1,-1,1,1,1,-1,1,1,-1,1,1,1,-1,1,1,-1,-1,1,1,1,-1,1,-1,1,1,1,-1,1,1,-1,1,1,1,-1,1,-1,-1,1,1,1,1,1,-1,-1,-1,1,1,-1,1,-1,-1,1,-1,1,-1,1,1,-1,-1,1,1,1,-1,1,-1,-1,1,1,-1,1,-1,-1,-1,-1,-1,-1,1,1,-1,-1,1,1,-1,1,-1,1,-1,1,1,1,1,1,-1,1,1,1,-1,1,-1,-1,-1,-1,1,1,1,1,-1,-1,1,1,1,-1,-1,-1,1,-1,-1,1,-1,1,-1,-1,1,-1,1,-1,-1,-1,1,1,-1,1,-1,1,-1,-1,1,-1,1,1,-1,-1,-1,1,-1,-1,1,1,-1,-1,1,-1,1,1,-1,1,-1,1,-1,-1,1,1,-1,-1,1,-1,1,1,-1,-1,1,1,-1,1,-1,1,-1,1,-1,-1,1,-1,1,-1,1,-1,-1,1,-1,-1,-1,1,-1,-1,1,1,1,-1,1,-1,-1,1,-1,-1,1,-1,1,-1,1,-1,1,-1,1,1,-1,-1,-1,1,-1,1,-1,-1,1,-1,1,1,1,1,-1,-1,1,1,-1,1,1,-1,-1,1,1,1,-1,1,1,-1,1,1,1,1,-1,-1,1,-1,1,1,-1,1,-1,1,1,-1,1,-1,-1,1,-1,-1,1,-1,-1,-1,1,1,-1,-1,1,-1,-1,1,1,-1,-1,1,-1,-1,-1,-1,-1,-1,1,-1,-1,-1,-1,-1,-1,1,-1,-1,1,1,1,1,1,-1,-1,1,1,-1,-1,1,-1,-1,-1,1,-1,-1,1,1,-1,1,1,1,-1,1,-1,1,1,1,-1,-1,1,1,-1,1,1,-1,1,1,-1,1,1,1,-1,1,1,-1,-1,1,-1,1,1,1,-1,1,1,1,-1,-1,1,-1,1,1,1,1,-1,1,1,1,1,1,1,1,1,-1,1,-1,1,-1,-1,1,1,1,1,1,1,-1,1,1,1,1,1,1,-1,1,1,-1,1,-1,1,-1,1,1,1,1,1,1,-1,1,1,1,1,1,-1,-1,-1,-1,1,1,1,-1,-1,1,-1,1,1,1,1,-1,-1,1,1,1,1,-1,-1,1,-1,-1,1,-1,-1,-1,-1,1,-1,1,1,-1,-1,-1,1,-1,1,1,-1,-1,-1,1,-1,1,1,-1,-1,-1,1,-1,1,1,-1,-1,-1,1,1,-1,-1,-1,-1,-1,-1,-1,1,-1,-1,-1,-1,-1,-1,-1,1,-1,-1,-1,1,-1,-1,1,-1,-1,-1,-1,-1,-1,1,-1,-1,-1,-1,-1,1,-1,-1,-1,1,-1,-1,1,-1,1,-1,-1,-1,-1,-1,-1,-1,1,-1,-1,-1,1,1,-1,-1,-1,-1,1,-1,-1,-1,1,-1,-1,-1,1,1,1,-1,-1,-1,-1,1,-1,1,-1,-1,1,-1,-1,1,1,-1,-1,-1,-1,-1,-1,1,1,-1,-1,1,-1,1,1,-1,-1,-1,-1,-1,1,1,-1,-1,-1,1,-1,1,1,1,-1,-1,-1,1,1,1,-1,-1,1,-1,-1,1,1,-1,-1,-1,-1,-1,1,1,-1,1,-1,-1,-1,1,1,-1,-1,1,-1,-1,1,1,-1,-1,1,-1,-1,1,1,1,-1,-1,-1,-1,-1,1,-1,-1,1,-1,-1,1,-1,1,-1,1,-1,-1,-1,1,1,-1,-1,1,-1,1,1,1,-1,1,-1,-1,1,1,1,-1,-1,-1,1,-1,1,-1,-1,-1,-1,1,-1,1,-1,-1,-1,1,-1,1,1,-1,-1,-1,-1,1,-1,1,-1,1,-1,1,-1,-1,1,1,-1,1,-1,1,-1,1,1,-1,1,-1,1,-1,1,1,-1,-1,1,-1,-1,-1,1,-1,1,-1,1,-1,-1,1,-1,1,-1,1,-1,-1,1,-1,1,-1,1,-1,-1,1,-1,-1,-1,-1,1,-1,1,1,-1,1,1,-1,1,1,-1,-1,1,1,-1,-1,1,-1,-1,1,1,-1,1,1,-1,-1,-1,-1,1,-1,-1,-1,-1,-1,1,-1,1,1,-1,1,1,-1,1,1,1,1,-1,1,-1,1,1,1,-1,-1,1,-1,-1,1,1,-1,-1,1,-1,1,1,1,-1,-1,1,-1,1,1,1,1,-1,1,-1,-1,1,1,1,-1,-1,1,-1,1,1,1,-1,1,-1,-1,1,-2648.0,1,2000,445,500,True
2714,1,1,-1,-1,1,1,-1,1,1,1,1,-1,-1,1,1,1,-1,1,-1,-1,-1,1,1,1,1,1,-1,-1,1,1,1,1,-1,-1,-1,1,-1,1,1,1,-1,-1,1,1,1,1,1,1,-1,-1,1,1,-1,1,-1,-1,1,-1,1,1,1,-1,-1,1,1,1,1,1,1,-1,1,-1,1,1,1,1,-1,1,-1,1,1,1,1,-1,-1,1,1,1,1,1,1,1,-1,1,1,1,-1,-1,-1,1,1,1,1,1,-1,-1,-1,1,1,1,1,-1,-1,-1,1,1,1,1,1,-1,-1,1,1,1,1,-1,-1,-1,1,1,1,1,-1,-1,-1,1,1,1,1,-1,-1,-1,-1,1,1,1,1,-1,-1,-1,1,1,1,-1,1,-1,-1,-1,1,1,-1,-1,-1,-1,1,-1,1,-1,1,-1,-1,-1,1,1,-1,-1,-1,1,1,1,-1,1,1,-1,-1,-1,1,-1,-1,-1,-1,-1,-1,1,-1,-1,1,-1,-1,-1,1,-1,-1,1,-1,-1,1,1,1,-1,1,-1,1,-1,1,-1,-1,1,-1,1,-1,1,1,-1,1,1,-1,-1,-1,1,-1,1,-1,-1,-1,1,1,-1,1,-1,-1,-1,1,-1,-1,1,1,-1,-1,-1,1,-1,1,-1,-1,-1,1,-1,-1,1,-1,1,-1,1,1,1,1,1,-1,-1,1,1,1,1,1,-1,-1,1,-1,1,1,1,1,-1,1,1,-1,1,1,1,-1,1,1,-1,1,-1,-1,-1,-1,1,1,1,1,-1,-1,1,1,1,1,1,1,-1,-1,1,1,1,1,1,-1,1,1,1,1,-1,1,-1,1,1,1,1,1,1,-1,1,1,1,1,1,-1,-1,1,-1,1,1,1,-1,1,-1,1,-1,1,1,-1,1,1,1,1,1,1,1,1,1,-1,-1,1,1,1,1,1,-1,-1,-1,1,-1,1,1,-1,-1,-1,1,1,-1,1,-1,-1,-1,1,1,-1,1,-1,-1,1,-1,1,-1,1,1,-1,1,-1,1,-1,1,-1,1,-1,-1,1,1,-1,-1,-1,1,-1,1,-1,1,-1,-1,-1,1,1,-1,1,-1,-1,1,-1,1,-1,1,-1,-1,-1,-1,1,-1,1,1,-1,1,-1,1,1,1,1,-1,-1,-1,1,-1,-1,1,1,1,-1,-1,1,-1,1,-1,-1,-1,-1,1,-1,1,1,1,-1,-1,1,-1,1,-1,-1,-1,-1,1,-1,-1,1,1,-1,-1,1,-1,1,1,-1,1,-1,1,-1,-1,1,1,-1,-1,-1,-1,1,1,-1,1,-1,1,-1,1,-1,1,-1,-1,-1,-1,1,1,1,-1,-1,-1,-1,1,-1,-1,-1,-1,-1,-1,1,-1,1,-1,1,-1,-1,1,-1,-1,1,-1,-1,-1,1,-1,1,-1,1,-1,-1,-1,1,1,-1,1,-1,-1,1,-1,1,1,1,-1,-1,-1,1,1,-1,1,-1,-1,-1,1,1,1,-1,1,1,-1,1,1,1,1,1,-1,1,-1,1,1,-1,1,-1,1,-1,-1,1,-1,-1,1,-1,-1,1,-1,-1,-1,1,1,-1,1,1,-1,-1,1,1,-1,-1,1,-1,-1,-1,-1,-1,-1,1,-1,-1,-1,-1,-1,-1,1,-1,-1,1,1,1,1,1,-1,1,-1,1,-1,-1,1,-1,-1,-1,1,-1,-1,1,1,-1,1,1,1,-1,1,1,-1,-1,1,-1,-1,1,1,-1,-1,1,-1,1,1,-1,-1,1,1,-1,1,1,-1,1,1,-1,1,1,1,1,-1,1,1,-1,-1,1,-1,1,1,1,1,-1,1,1,-1,-1,1,1,1,1,1,-1,1,1,-1,-1,1,1,-1,-1,1,1,-1,1,1,-1,-1,1,1,-1,1,1,1,-1,-1,1,-1,1,1,-1,-1,1,1,-1,1,1,1,-1,1,-1,-1,-1,-1,1,-1,1,-1,-1,1,-1,-1,1,-1,1,-1,1,1,-1,-1,1,-1,-1,1,-1,1,-1,1,-1,-1,1,1,-1,-1,1,1,-1,-1,1,1,-1,1,-1,-1,-1,1,-1,-1,1,-1,-1,-1,1,1,1,1,1,-1,-1,1,1,-1,1,1,-1,-1,1,1,-1,1,-1,-1,-1,1,1,1,-1,1,-1,-1,1,1,1,-1,1,-1,-1,1,1,-1,-1,1,-1,-1,1,1,-1,1,-1,-1,1,1,1,1,-1,1,-1,1,1,1,1,-1,1,1,1,1,1,1,1,1,-1,-1,1,1,1,-1,1,-1,1,1,1,-1,1,1,-1,1,1,1,1,-1,1,1,-1,1,1,-1,1,1,-1,-1,1,1,-1,-1,1,1,-1,1,1,-1,1,1,-1,-1,-1,-1,-1,1,1,-1,-1,1,1,-1,1,1,1,-1,1,-1,1,1,1,-1,1,1,-1,-1,1,1,-1,-1,-1,1,-1,1,1,-1,1,-1,-1,-1,1,1,-1,-1,-1,1,-1,1,1,-1,-1,-1,-1,-1,1,1,1,-1,-1,-1,-1,-1,1,-1,-1,-1,-1,-1,1,-1,1,-1,-1,-1,-1,-1,1,1,-1,-1,-1,-1,1,1,1,-1,1,-1,1,1,1,1,-1,-1,-1,1,-1,1,-1,-1,-1,-1,1,-1,1,-1,-1,-1,1,-1,1,1,-1,-1,-1,-1,1,-1,1,-1,1,-1,1,-1,-1,1,1,-1,1,-1,1,-1,1,1,-1,1,-1,1,-1,1,1,-1,1,1,1,-1,-1,1,-1,1,-1,1,-1,-1,1,1,1,-1,1,1,-1,1,-1,-1,1,-1,1,-1,1,-1,1,1,-1,1,-1,1,1,1,-1,1,-1,1,1,1,1,-1,1,-1,-1,1,1,1,-1,1,-1,1,1,-1,1,1,1,-1,-1,1,1,1,-1,1,1,-1,1,1,-1,-1,1,-1,1,1,1,1,-1,1,-1,1,1,1,1,-1,1,1,1,1,1,1,-1,1,1,1,1,1,1,-1,1,-1,1,1,1,1,-1,1,1,1,1,1,1,1,-1,1,1,1,-1,1,-1,1,1,1,-2648.0,1,2000,445,500,True
2715,1,1,-1,-1,1,1,-1,1,1,1,1,-1,-1,1,1,1,-1,1,-1,-1,-1,1,1,1,1,-1,-1,-1,1,1,1,1,-1,-1,-1,1,-1,1,1,1,-1,-1,1,1,1,1,-1,-1,1,-1,1,1,1,1,-1,-1,1,-1,1,1,1,-1,-1,-1,1,1,1,-1,-1,-1,1,-1,1,1,-1,-1,-1,1,-1,1,1,-1,-1,-1,-1,1,1,1,-1,-1,1,1,-1,1,-1,-1,-1,-1,-1,-1,1,-1,-1,-1,-1,-1,-1,1,-1,-1,-1,1,-1,-1,1,1,-1,-1,1,-1,-1,1,1,-1,-1,-1,-1,-1,1,-1,-1,-1,-1,-1,-1,-1,-1,-1,-1,-1,-1,-1,-1,1,-1,-1,1,-1,-1,-1,1,-1,-1,-1,1,-1,1,-1,-1,-1,-1,1,-1,-1,-1,-1,1,-1,1,-1,-1,-1,-1,-1,-1,-1,-1,1,-1,-1,-1,1,1,-1,-1,-1,-1,-1,-1,-1,-1,-1,-1,-1,-1,-1,1,-1,-1,-1,-1,1,-1,1,-1,-1,-1,-1,-1,-1,1,-1,1,1,-1,-1,-1,1,-1,1,-1,1,-1,-1,1,1,-1,-1,-1,-1,-1,1,1,-1,1,1,-1,-1,1,-1,-1,-1,1,1,-1,1,1,-1,-1,-1,1,-1,1,-1,-1,-1,1,-1,-1,1,-1,1,-1,1,-1,-1,1,1,-1,-1,1,-1,1,1,1,-1,-1,1,-1,1,1,1,1,-1,1,-1,-1,1,1,1,-1,1,1,-1,1,1,-1,-1,-1,1,1,1,1,-1,-1,1,1,-1,1,1,1,-1,-1,1,1,1,1,1,-1,1,1,1,1,-1,1,-1,1,-1,1,1,1,1,-1,1,-1,1,1,1,-1,-1,1,1,-1,1,1,-1,1,-1,-1,1,1,1,-1,1,1,1,-1,1,1,1,1,1,-1,1,1,1,1,1,1,-1,1,-1,1,-1,1,1,-1,1,-1,1,1,-1,1,-1,1,-1,1,1,-1,1,-1,1,1,-1,1,-1,1,-1,-1,1,-1,1,-1,1,-1,1,-1,-1,1,1,-1,-1,1,1,-1,1,-1,1,-1,1,-1,-1,1,-1,1,1,1,-1,1,1,-1,1,-1,1,-1,-1,1,-1,1,1,1,1,-1,1,1,-1,1,-1,-1,-1,1,-1,-1,1,-1,1,-1,-1,1,-1,1,-1,-1,-1,-1,1,-1,1,-1,1,-1,1,1,-1,1,1,-1,-1,-1,1,-1,-1,1,1,-1,-1,1,-1,1,1,-1,1,-1,1,-1,1,1,1,-1,-1,-1,-1,1,1,-1,1,-1,1,-1,1,-1,1,-1,-1,-1,1,1,-1,1,-1,-1,-1,-1,1,-1,-1,1,-1,-1,-1,1,-1,1,1,1,-1,-1,1,-1,-1,1,-1,-1,-1,1,1,1,-1,1,-1,-1,-1,1,1,-1,1,-1,-1,1,-1,1,1,1,-1,-1,-1,1,1,-1,1,-1,-1,-1,1,1,1,-1,1,1,-1,1,1,1,1,1,1,1,-1,1,1,-1,1,-1,1,-1,-1,1,-1,-1,1,-1,-1,1,-1,-1,-1,1,1,-1,-1,1,-1,-1,1,1,-1,-1,1,-1,-1,-1,-1,-1,-1,1,-1,-1,-1,-1,-1,-1,1,-1,-1,1,1,1,1,1,-1,-1,1,1,-1,-1,1,-1,-1,-1,1,-1,-1,1,1,-1,1,1,1,-1,1,1,-1,-1,1,-1,-1,1,1,-1,-1,1,-1,1,1,-1,-1,1,1,-1,1,1,-1,-1,1,-1,1,1,1,1,-1,1,-1,-1,-1,1,1,-1,1,1,1,-1,1,1,-1,-1,1,1,1,1,1,-1,1,1,-1,-1,1,1,-1,-1,1,1,-1,1,1,-1,-1,1,-1,-1,1,1,-1,-1,-1,1,-1,1,1,-1,-1,1,1,-1,1,1,1,-1,-1,-1,-1,1,-1,1,-1,1,-1,-1,1,-1,-1,1,-1,1,-1,1,1,-1,-1,1,-1,-1,1,-1,1,-1,1,-1,-1,1,1,-1,-1,1,-1,-1,1,1,1,-1,1,-1,-1,-1,1,-1,-1,1,-1,-1,-1,1,1,1,1,1,-1,1,-1,1,-1,1,1,-1,-1,1,1,-1,1,-1,-1,-1,1,1,1,-1,1,-1,-1,1,1,1,-1,1,-1,-1,1,1,-1,-1,1,-1,1,1,1,-1,1,-1,-1,1,1,1,1,-1,1,-1,1,1,1,1,-1,1,1,1,1,1,1,1,1,-1,1,-1,1,1,-1,1,1,1,1,1,-1,1,1,1,1,1,1,1,-1,1,-1,1,-1,1,-1,1,1,-1,1,1,1,-1,-1,1,1,1,1,1,-1,1,1,1,1,1,-1,-1,1,1,-1,1,1,1,-1,1,1,1,1,1,-1,1,1,1,1,1,1,-1,-1,1,1,1,1,-1,1,-1,1,1,1,1,-1,-1,-1,1,1,1,1,-1,1,-1,1,1,1,1,1,-1,-1,1,1,1,1,1,-1,-1,1,1,1,1,-1,-1,-1,1,-1,1,1,1,-1,1,1,1,-1,1,1,-1,-1,1,1,1,1,1,-1,1,1,1,1,1,1,-1,1,-1,-1,1,1,1,-1,1,-1,1,1,1,-1,-1,1,-1,1,1,1,1,1,1,-1,1,1,-1,1,1,-1,-1,1,1,1,-1,1,1,-1,1,1,1,1,-1,1,-1,1,1,1,1,1,-1,-1,-1,1,1,1,-1,1,-1,-1,1,1,-1,1,1,-1,-1,1,1,1,1,-1,-1,-1,1,1,1,1,-1,1,-1,1,1,1,-1,1,-1,1,1,1,1,-1,1,-1,-1,1,1,1,-1,1,-1,1,1,-1,1,1,-1,1,-1,1,1,1,-1,1,-1,1,1,1,1,-1,-1,1,1,1,1,1,-1,-1,1,1,1,1,1,1,-1,-1,-1,1,1,1,1,-1,1,1,1,1,1,-1,-1,1,1,1,1,1,1,-1,-1,1,1,-1,1,-1,1,-1,1,1,-1,1,1,-1,-1,1,-2648.0,1,2000,445,500,True
2716,1,1,-1,-1,1,1,-1,1,1,1,1,-1,1,1,1,1,-1,1,-1,-1,-1,1,1,1,1,1,-1,-1,1,1,1,1,-1,-1,-1,1,-1,1,1,1,-1,-1,1,1,1,1,1,1,-1,1,1,1,-1,1,-1,-1,1,-1,1,1,1,-1,-1,1,1,1,1,1,1,-1,1,-1,1,1,1,1,-1,1,1,1,1,-1,1,-1,-1,1,1,1,1,-1,1,1,-1,1,1,1,1,-1,-1,1,1,1,1,1,1,-1,-1,1,1,1,1,-1,-1,-1,1,1,1,1,1,-1,-1,1,1,1,1,-1,-1,-1,1,1,1,1,1,-1,-1,1,1,1,1,1,-1,-1,-1,1,1,1,1,-1,-1,-1,1,1,1,1,1,-1,1,1,1,1,1,1,-1,-1,1,1,1,1,1,-1,1,1,1,1,1,-1,-1,1,1,1,1,-1,1,-1,1,1,1,1,1,-1,-1,-1,1,1,1,1,1,-1,-1,1,-1,1,1,1,-1,-1,1,1,1,1,1,-1,1,1,-1,1,1,1,-1,1,1,1,1,1,1,1,-1,1,-1,-1,1,1,1,-1,1,1,1,1,1,-1,-1,1,-1,-1,1,1,1,-1,1,1,-1,1,1,-1,1,1,-1,1,1,1,-1,-1,1,-1,1,-1,1,1,1,1,-1,1,-1,1,1,1,1,-1,1,-1,1,1,1,1,-1,-1,1,1,1,1,1,1,-1,1,1,-1,-1,1,1,-1,-1,1,1,1,1,-1,1,-1,1,1,1,-1,1,-1,-1,1,1,1,1,-1,1,-1,1,-1,1,1,1,1,-1,1,1,1,1,1,1,-1,1,1,1,1,1,1,1,1,1,1,1,1,-1,1,1,1,1,-1,1,-1,1,1,1,1,1,1,1,-1,-1,1,1,1,1,1,-1,1,1,1,1,1,1,1,1,1,1,1,1,-1,-1,1,1,-1,-1,1,1,-1,-1,1,-1,1,1,1,1,-1,1,1,-1,1,1,-1,1,1,1,-1,-1,-1,-1,-1,1,1,-1,1,-1,-1,1,1,-1,1,1,-1,-1,1,1,-1,1,1,-1,-1,1,1,-1,-1,1,1,1,-1,1,-1,1,-1,1,1,1,1,1,-1,-1,1,1,1,1,1,-1,1,1,-1,1,1,1,1,-1,1,1,-1,1,-1,1,-1,1,-1,-1,-1,1,1,-1,-1,1,-1,1,1,-1,-1,1,1,1,1,-1,1,-1,-1,1,-1,1,1,1,-1,1,1,1,1,1,1,-1,1,1,1,1,1,-1,1,1,1,1,-1,1,-1,-1,1,-1,1,-1,1,-1,-1,1,-1,-1,1,1,-1,-1,1,-1,1,-1,1,1,-1,1,-1,-1,-1,1,1,-1,1,-1,1,-1,1,-1,-1,1,-1,-1,1,1,1,-1,-1,1,-1,1,1,1,-1,1,1,-1,-1,1,1,1,-1,1,-1,1,-1,-1,-1,1,-1,1,1,-1,-1,1,1,1,-1,1,-1,1,-1,1,1,1,-1,-1,-1,1,-1,1,1,1,-1,-1,-1,1,1,-1,1,-1,-1,-1,1,1,-1,1,-1,-1,1,1,1,-1,1,-1,-1,-1,-1,1,1,1,-1,1,-1,-1,1,-1,1,-1,-1,1,1,-1,-1,1,1,-1,-1,-1,-1,-1,1,1,-1,-1,-1,1,-1,-1,1,-1,-1,1,-1,1,1,-1,-1,-1,-1,-1,1,1,-1,1,-1,-1,1,1,1,1,-1,-1,-1,-1,-1,1,1,-1,-1,-1,1,-1,1,1,-1,-1,-1,-1,1,1,1,-1,1,-1,1,-1,1,1,-1,-1,-1,-1,-1,1,1,-1,-1,-1,1,-1,1,1,-1,-1,1,1,-1,1,1,-1,-1,-1,1,-1,1,1,-1,-1,1,-1,-1,-1,-1,1,-1,-1,-1,-1,1,-1,-1,-1,1,1,-1,1,1,-1,-1,1,1,-1,1,-1,-1,1,-1,-1,-1,1,1,-1,1,-1,-1,-1,-1,1,-1,-1,1,-1,-1,-1,1,-1,1,-1,1,-1,-1,-1,-1,-1,1,-1,-1,-1,1,-1,1,-1,-1,-1,-1,-1,-1,-1,1,-1,-1,-1,1,1,-1,1,-1,-1,-1,1,-1,-1,1,-1,-1,-1,-1,-1,1,1,-1,-1,-1,-1,-1,1,-1,-1,-1,1,-1,-1,1,-1,1,-1,-1,-1,-1,-1,-1,-1,1,-1,-1,-1,1,1,-1,-1,-1,-1,1,-1,-1,-1,-1,1,-1,-1,1,-1,1,-1,-1,-1,-1,1,-1,1,1,-1,1,-1,-1,1,1,-1,-1,-1,-1,-1,-1,1,1,-1,-1,1,-1,1,1,-1,-1,-1,1,-1,-1,1,-1,-1,1,-1,-1,1,1,1,-1,1,-1,1,1,1,-1,-1,1,-1,-1,1,1,-1,-1,1,-1,-1,1,1,-1,1,1,-1,-1,1,1,-1,-1,1,-1,-1,1,1,-1,-1,1,-1,-1,1,1,1,-1,-1,1,-1,1,1,-1,-1,1,-1,-1,1,-1,1,-1,1,1,-1,-1,1,1,-1,-1,1,-1,1,-1,1,-1,-1,1,-1,1,1,1,-1,-1,1,-1,-1,-1,-1,-1,1,-1,1,-1,1,-1,-1,1,1,-1,1,-1,1,-1,-1,-1,1,-1,1,-1,-1,1,-1,-1,-1,1,1,-1,1,1,1,-1,-1,1,-1,-1,-1,1,-1,1,1,-1,-1,-1,1,-1,-1,1,-1,-1,1,-1,-1,-1,1,-1,1,1,-1,1,-1,1,-1,-1,1,1,1,-1,1,-1,-1,-1,1,1,-1,1,1,-1,1,-1,-1,1,1,-1,-1,1,1,-1,-1,1,-1,-1,1,1,-1,1,1,-1,-1,-1,1,-1,-1,-1,-1,-1,1,-1,1,1,1,-1,1,1,1,-1,1,1,-1,-1,1,1,-1,1,1,-1,-1,1,1,1,1,1,-1,-1,-1,1,-1,1,1,-1,-1,1,1,-1,1,1,1,-1,1,1,1,1,1,1,-1,-1,1,-1,1,-1,1,-1,1,-1,1,1,-2648.0,1,2000,445,1000,True
2717,1,1,-1,-1,1,-1,1,1,1,1,1,-1,1,1,1,1,-1,1,-1,-1,1,1,1,1,1,-1,1,1,1,1,1,1,1,-1,1,1,-1,1,1,-1,-1,1,1,1,1,1,1,-1,1,-1,1,1,1,1,-1,1,-1,-1,1,1,1,-1,-1,1,1,1,1,1,-1,1,1,-1,1,1,1,-1,1,1,-1,1,1,-1,-1,1,-1,1,1,1,-1,-1,1,-1,-1,1,1,-1,1,-1,-1,1,1,1,-1,1,-1,-1,-1,1,1,1,1,1,-1,-1,1,1,1,1,-1,-1,-1,1,1,1,-1,1,-1,-1,1,1,1,1,-1,-1,-1,1,1,1,1,-1,-1,-1,1,1,1,1,-1,-1,-1,-1,1,1,1,-1,1,-1,-1,1,1,1,-1,-1,-1,-1,1,1,1,-1,1,-1,1,1,1,1,-1,-1,-1,1,1,1,-1,1,1,-1,1,1,1,1,-1,-1,-1,-1,1,1,1,-1,1,-1,-1,1,-1,1,-1,1,-1,-1,1,1,1,-1,1,-1,1,1,-1,1,-1,1,-1,1,1,1,1,1,1,1,-1,1,-1,1,-1,1,-1,-1,1,1,1,1,1,-1,-1,1,-1,-1,1,1,1,-1,1,1,-1,1,1,-1,1,1,-1,-1,1,1,-1,-1,1,-1,1,1,1,1,1,1,-1,1,1,1,1,1,1,-1,1,1,1,1,1,1,-1,-1,1,1,1,1,1,1,-1,1,1,-1,-1,1,1,1,1,1,1,1,1,-1,1,1,1,1,1,-1,1,1,1,1,1,1,1,-1,-1,1,1,-1,1,1,1,-1,1,1,1,1,1,1,1,1,1,1,1,1,1,-1,1,1,1,1,1,-1,1,-1,1,1,-1,1,1,1,1,1,1,1,1,1,-1,-1,1,-1,1,1,1,-1,-1,1,1,1,1,1,-1,-1,1,1,-1,1,1,-1,-1,1,1,1,-1,1,-1,1,-1,1,-1,1,1,1,-1,-1,1,1,-1,1,-1,1,1,1,-1,-1,-1,-1,1,-1,1,-1,1,1,-1,1,1,-1,-1,1,1,-1,1,1,-1,1,1,1,1,-1,1,1,-1,-1,1,1,1,-1,1,-1,1,-1,-1,1,1,1,-1,1,-1,1,1,1,1,1,-1,1,-1,1,1,1,1,1,-1,-1,1,-1,1,-1,1,-1,-1,-1,-1,1,1,1,-1,-1,1,-1,1,1,1,-1,1,-1,1,-1,1,1,-1,-1,1,-1,1,1,1,1,-1,-1,1,1,1,1,-1,-1,1,1,1,1,-1,1,-1,1,-1,1,1,-1,-1,-1,-1,1,1,1,-1,1,-1,-1,-1,1,1,-1,-1,1,-1,1,1,1,1,-1,-1,-1,-1,-1,1,1,-1,-1,1,1,-1,1,-1,-1,-1,-1,-1,1,-1,1,-1,-1,-1,-1,1,-1,1,-1,-1,-1,-1,-1,1,1,1,-1,-1,-1,1,-1,-1,-1,1,1,1,1,-1,-1,1,1,1,-1,1,-1,1,-1,1,1,1,-1,-1,-1,-1,-1,1,1,1,-1,-1,-1,1,1,-1,1,-1,-1,-1,1,1,1,1,-1,-1,1,1,1,1,1,-1,-1,-1,-1,1,1,1,-1,1,-1,-1,1,-1,1,-1,-1,1,-1,1,-1,1,1,-1,-1,-1,-1,-1,1,1,-1,-1,-1,1,-1,1,1,-1,-1,-1,-1,1,1,-1,-1,-1,-1,-1,1,1,-1,1,-1,1,1,1,1,1,-1,-1,-1,-1,-1,1,-1,1,-1,-1,1,-1,1,1,-1,1,-1,-1,1,1,1,-1,1,-1,1,-1,1,1,-1,1,-1,1,-1,1,1,-1,1,-1,-1,-1,1,1,1,-1,1,-1,-1,1,1,-1,-1,-1,-1,-1,1,1,-1,-1,1,-1,-1,-1,-1,1,-1,1,-1,-1,1,-1,-1,1,1,1,-1,1,1,-1,1,-1,1,-1,1,-1,-1,1,-1,1,-1,1,1,-1,1,-1,-1,-1,-1,1,-1,1,-1,1,-1,-1,1,-1,1,-1,1,-1,-1,-1,1,1,-1,-1,-1,-1,1,-1,-1,-1,-1,-1,-1,-1,-1,1,-1,-1,-1,-1,1,1,-1,1,-1,-1,-1,1,-1,-1,1,-1,-1,-1,-1,-1,1,1,-1,-1,-1,-1,-1,1,-1,-1,-1,1,-1,-1,1,-1,1,-1,-1,-1,-1,-1,-1,-1,1,-1,-1,-1,1,1,-1,-1,-1,-1,1,-1,-1,-1,1,-1,-1,-1,1,-1,1,-1,-1,-1,-1,1,1,1,-1,-1,1,-1,-1,-1,1,-1,-1,-1,-1,-1,-1,1,1,-1,-1,1,-1,1,1,-1,-1,-1,1,-1,-1,1,-1,-1,1,-1,-1,1,1,1,-1,1,-1,1,1,1,-1,-1,1,-1,-1,1,1,1,-1,1,-1,-1,1,1,-1,1,1,1,-1,1,1,1,-1,1,1,-1,1,1,-1,-1,1,-1,-1,1,1,1,-1,-1,1,-1,1,1,1,-1,1,1,-1,1,-1,1,1,-1,1,-1,-1,1,-1,1,-1,1,-1,1,1,1,1,-1,1,1,1,1,1,-1,-1,1,1,-1,1,1,-1,1,-1,1,-1,1,1,-1,1,1,1,-1,1,1,-1,-1,1,-1,1,1,1,-1,1,1,1,1,1,1,-1,1,-1,1,1,1,1,-1,-1,-1,1,-1,1,1,-1,-1,1,-1,1,1,-1,-1,1,-1,1,1,1,1,-1,-1,-1,1,-1,1,1,-1,-1,1,-1,-1,1,-1,1,-1,-1,-1,-1,1,-1,-1,1,-1,1,1,1,-1,1,-1,-1,1,1,1,1,1,-1,-1,-1,1,-1,-1,1,-1,1,1,-1,1,1,1,-1,1,-1,1,-1,-1,1,-1,-1,1,-1,1,1,1,1,-1,1,-1,-1,-1,1,1,-1,1,1,1,-1,1,1,-1,1,-1,1,1,1,1,-1,1,-1,1,-1,1,1,-1,1,1,1,-1,1,1,-1,-1,1,1,1,-1,1,-1,1,-1,1,-2648.0,1,2000,445,1000,True
2718,1,1,-1,-1,1,-1,1,1,1,1,1,-1,1,1,1,1,-1,1,-1,-1,1,1,1,1,1,-1,1,1,1,1,1,1,-1,-1,1,1,-1,1,1,1,-1,1,1,1,1,1,1,-1,1,-1,1,1,1,1,-1,-1,1,-1,1,1,1,-1,-1,-1,1,1,1,1,-1,1,1,-1,1,1,1,-1,1,1,1,1,1,-1,-1,1,-1,1,1,1,-1,-1,1,1,-1,1,1,-1,1,-1,-1,1,1,1,-1,1,-1,-1,-1,1,1,1,1,1,-1,-1,1,1,1,1,-1,-1,-1,1,1,1,-1,1,-1,-1,1,1,1,1,-1,-1,-1,1,1,1,1,-1,-1,-1,1,1,1,1,-1,-1,-1,-1,1,1,1,-1,1,-1,-1,1,1,1,-1,-1,-1,-1,1,1,1,-1,1,-1,1,1,1,1,-1,-1,-1,1,1,1,-1,1,1,-1,1,1,1,-1,-1,-1,-1,-1,1,1,1,-1,1,-1,1,1,-1,1,-1,1,-1,-1,1,1,1,-1,1,-1,1,1,1,1,-1,1,-1,1,1,-1,1,1,1,1,-1,1,-1,1,-1,1,-1,-1,1,-1,1,1,1,-1,-1,1,-1,-1,1,1,1,-1,1,1,-1,1,1,-1,1,1,-1,-1,1,1,-1,-1,1,-1,1,1,1,1,1,1,-1,1,1,1,1,1,1,-1,1,1,1,1,1,1,-1,-1,1,1,1,1,1,1,-1,1,1,-1,-1,1,1,1,1,1,1,1,1,-1,1,1,1,1,1,-1,1,1,1,1,1,1,1,-1,-1,1,1,-1,1,1,1,-1,1,1,1,1,1,1,1,1,1,1,1,1,1,-1,1,1,1,1,1,-1,1,-1,1,1,-1,1,1,1,1,1,1,-1,1,1,-1,-1,1,-1,1,1,1,-1,-1,1,1,1,1,1,-1,-1,1,1,-1,1,1,-1,-1,1,1,1,-1,1,-1,1,1,1,-1,1,1,1,-1,1,1,1,-1,1,-1,1,1,1,-1,-1,-1,-1,1,1,1,-1,1,1,-1,1,1,-1,1,-1,1,-1,1,1,-1,-1,1,-1,1,-1,1,1,1,-1,1,1,1,-1,1,-1,1,-1,-1,1,1,1,-1,-1,-1,1,1,-1,1,-1,1,-1,-1,1,1,1,1,-1,-1,-1,1,-1,1,-1,1,-1,-1,-1,-1,1,1,1,-1,-1,1,-1,1,1,-1,-1,1,-1,1,-1,1,-1,-1,-1,1,-1,1,-1,-1,-1,-1,-1,1,1,-1,1,-1,-1,1,1,1,-1,-1,1,-1,1,-1,1,-1,-1,-1,-1,-1,1,1,-1,-1,1,-1,1,-1,1,1,-1,-1,1,-1,1,-1,1,-1,-1,-1,-1,-1,-1,1,-1,-1,-1,1,1,-1,1,-1,-1,-1,-1,-1,1,1,-1,-1,-1,-1,-1,1,1,-1,-1,-1,-1,-1,-1,1,1,1,-1,-1,-1,1,-1,1,-1,1,1,1,1,-1,-1,-1,1,1,-1,1,-1,1,-1,1,1,1,-1,-1,-1,-1,-1,1,-1,1,-1,-1,-1,1,1,-1,1,-1,-1,-1,1,1,-1,1,-1,-1,-1,1,1,-1,1,-1,-1,-1,-1,1,1,1,-1,1,-1,-1,1,-1,1,-1,-1,1,-1,1,-1,1,1,-1,-1,-1,-1,-1,1,1,-1,-1,-1,1,-1,-1,1,-1,-1,-1,-1,1,1,-1,-1,-1,-1,-1,1,1,-1,1,-1,1,1,1,1,1,-1,-1,-1,-1,-1,1,-1,1,-1,-1,1,-1,1,1,-1,1,-1,-1,1,1,1,-1,1,-1,1,-1,1,1,-1,-1,-1,-1,-1,1,1,-1,1,-1,1,-1,1,1,-1,-1,1,-1,-1,1,1,-1,-1,-1,1,-1,1,1,-1,-1,1,-1,-1,-1,-1,1,-1,1,-1,-1,1,-1,-1,1,-1,1,-1,-1,1,-1,1,-1,1,-1,1,-1,1,-1,1,-1,-1,-1,1,-1,1,-1,-1,-1,-1,1,-1,1,-1,1,-1,-1,1,-1,1,1,-1,-1,-1,-1,1,1,1,1,-1,-1,1,-1,-1,1,1,-1,-1,-1,-1,1,-1,1,-1,-1,1,1,-1,1,1,-1,-1,1,-1,-1,1,1,-1,-1,-1,-1,1,-1,1,-1,-1,-1,-1,-1,1,-1,-1,1,-1,-1,1,-1,1,-1,-1,-1,-1,-1,1,1,1,-1,-1,-1,1,1,1,-1,-1,-1,1,-1,-1,1,1,-1,-1,-1,1,1,1,-1,-1,-1,-1,1,-1,1,-1,-1,1,-1,-1,1,1,-1,-1,-1,-1,-1,-1,1,1,-1,-1,1,-1,1,1,-1,-1,-1,1,-1,1,1,-1,-1,-1,-1,-1,1,1,1,-1,-1,-1,1,1,1,-1,-1,1,-1,-1,1,1,1,-1,1,-1,-1,1,1,-1,1,-1,-1,-1,1,1,-1,-1,1,1,-1,1,1,-1,-1,1,-1,-1,1,1,1,-1,-1,1,-1,1,1,1,-1,1,1,-1,1,-1,1,1,-1,1,-1,1,1,-1,1,-1,1,-1,1,1,1,1,-1,1,-1,1,1,1,-1,-1,1,1,-1,1,1,-1,1,-1,1,-1,1,1,-1,1,1,1,-1,1,1,-1,1,1,-1,1,1,1,-1,-1,1,1,1,1,1,-1,1,-1,1,1,1,1,-1,-1,-1,1,-1,1,1,-1,-1,1,-1,1,1,-1,-1,1,-1,1,1,1,1,-1,1,-1,1,-1,1,1,-1,-1,1,-1,-1,1,-1,1,-1,-1,-1,-1,1,-1,-1,1,-1,1,1,1,-1,1,-1,-1,1,1,1,1,1,-1,-1,-1,1,-1,-1,1,-1,1,1,-1,1,1,1,-1,1,-1,1,-1,-1,1,-1,-1,1,-1,1,1,1,1,-1,1,-1,-1,-1,1,-1,-1,1,1,1,-1,1,1,-1,1,-1,1,1,1,1,-1,1,-1,1,-1,-1,1,-1,1,1,1,-1,1,1,-1,-1,1,1,1,-1,1,-1,1,-1,1,-2648.0,1,2000,445,1000,True
2719,1,1,-1,-1,1,-1,1,1,1,1,1,-1,1,1,1,1,-1,1,-1,-1,1,1,1,1,1,-1,1,1,1,1,1,1,-1,-1,1,1,-1,1,1,1,-1,1,1,1,1,1,1,1,1,-1,1,1,-1,1,-1,1,1,-1,1,1,1,-1,-1,-1,1,1,1,1,1,1,1,-1,1,1,1,1,1,1,-1,1,1,-1,-1,1,-1,1,1,1,1,-1,1,1,-1,1,1,1,1,-1,-1,1,1,1,1,1,-1,-1,-1,1,1,1,1,1,-1,-1,1,1,1,1,-1,-1,-1,1,1,1,1,1,-1,-1,1,1,1,1,-1,-1,-1,1,1,1,1,-1,-1,-1,1,1,1,1,-1,-1,-1,-1,1,1,1,-1,1,-1,-1,1,1,1,-1,1,-1,-1,1,1,1,-1,1,-1,1,1,1,1,-1,-1,-1,1,1,1,1,1,1,-1,1,1,1,-1,-1,-1,-1,-1,1,1,-1,-1,1,-1,-1,1,-1,1,-1,1,-1,-1,1,1,1,-1,1,-1,1,1,-1,1,-1,1,-1,1,1,1,1,1,1,1,-1,1,-1,1,-1,1,-1,-1,1,1,1,1,1,-1,-1,1,-1,-1,1,1,1,-1,1,1,-1,1,1,-1,1,1,-1,-1,1,1,-1,-1,1,-1,1,1,1,1,1,1,-1,1,1,1,1,1,1,-1,1,1,1,1,1,1,-1,-1,1,1,1,1,1,1,-1,1,1,-1,-1,1,1,1,1,1,1,1,1,-1,1,1,1,1,1,-1,1,1,1,1,1,1,1,-1,-1,1,1,-1,1,1,1,-1,1,1,1,1,1,1,1,1,1,1,1,1,1,-1,1,1,1,1,1,-1,1,-1,1,1,-1,1,1,1,1,1,1,-1,1,1,-1,-1,1,-1,1,1,1,-1,-1,1,1,-1,1,1,-1,-1,1,1,-1,1,1,-1,-1,1,1,1,-1,1,-1,1,1,1,-1,1,1,1,-1,1,1,1,-1,1,-1,1,-1,1,-1,-1,-1,-1,1,1,1,-1,1,1,-1,1,1,-1,1,-1,1,-1,1,1,-1,-1,1,-1,1,-1,1,1,1,-1,1,1,1,-1,1,-1,1,-1,-1,1,1,1,-1,-1,-1,1,1,-1,1,-1,1,-1,-1,1,1,1,1,-1,-1,-1,1,-1,1,-1,1,-1,-1,-1,1,1,1,1,-1,-1,1,-1,1,1,-1,-1,1,-1,1,-1,1,-1,-1,-1,1,-1,1,-1,-1,-1,-1,-1,1,1,-1,1,-1,-1,1,-1,1,-1,-1,1,-1,1,-1,1,-1,-1,-1,-1,-1,1,1,-1,-1,1,-1,-1,-1,1,1,-1,-1,1,-1,1,-1,1,-1,-1,-1,-1,-1,-1,1,-1,-1,-1,1,1,-1,1,-1,-1,-1,-1,-1,1,1,-1,-1,-1,-1,-1,1,1,-1,-1,-1,-1,-1,-1,1,1,1,-1,-1,-1,1,-1,1,1,1,1,1,1,-1,-1,-1,1,1,1,-1,-1,-1,1,1,1,1,-1,-1,-1,1,-1,1,-1,1,-1,-1,-1,1,1,-1,1,-1,-1,-1,1,1,-1,1,-1,-1,-1,1,1,-1,1,-1,-1,-1,-1,1,1,1,-1,1,-1,-1,1,-1,1,-1,-1,1,-1,1,-1,1,1,-1,-1,-1,-1,-1,1,1,-1,-1,-1,1,-1,1,1,-1,-1,-1,-1,1,1,-1,-1,-1,-1,-1,1,1,-1,1,-1,1,1,1,1,1,-1,-1,-1,-1,-1,1,-1,1,-1,-1,1,-1,1,1,-1,1,-1,-1,1,1,1,-1,1,-1,1,-1,1,1,-1,-1,-1,-1,-1,1,1,-1,1,-1,1,-1,1,1,-1,-1,1,-1,-1,1,1,-1,-1,-1,1,-1,1,1,1,-1,1,-1,-1,-1,-1,1,-1,1,-1,-1,1,-1,-1,1,-1,1,-1,1,1,-1,1,-1,1,-1,1,-1,1,-1,1,-1,-1,1,1,-1,1,-1,-1,-1,-1,1,-1,1,-1,1,-1,-1,1,-1,1,1,-1,-1,-1,-1,1,1,1,1,-1,-1,1,-1,-1,1,1,-1,-1,-1,-1,1,-1,1,-1,-1,1,1,-1,1,1,-1,-1,1,-1,-1,1,1,-1,-1,-1,-1,1,-1,1,-1,-1,-1,-1,-1,1,-1,-1,1,-1,-1,1,-1,1,-1,-1,-1,-1,-1,1,1,1,-1,-1,-1,1,1,1,-1,-1,-1,1,-1,-1,1,-1,-1,-1,-1,1,1,1,-1,-1,-1,-1,1,-1,1,1,-1,1,-1,-1,1,1,-1,-1,-1,-1,-1,-1,1,1,-1,-1,1,-1,1,1,-1,-1,-1,1,-1,1,1,-1,-1,1,-1,-1,1,1,1,-1,1,-1,1,1,1,-1,-1,1,-1,-1,1,1,-1,-1,1,-1,-1,1,1,-1,1,1,-1,-1,1,1,-1,-1,1,1,-1,1,1,-1,-1,1,-1,-1,1,1,1,-1,-1,1,-1,1,1,1,-1,1,1,-1,1,-1,1,-1,1,1,-1,1,1,1,-1,-1,1,-1,1,1,1,-1,-1,1,1,1,1,1,-1,-1,1,1,-1,1,-1,-1,1,-1,1,-1,1,-1,-1,1,1,1,-1,1,1,-1,1,1,-1,1,1,-1,1,-1,1,1,1,1,1,-1,1,-1,1,1,1,1,-1,-1,-1,1,-1,1,1,-1,-1,1,-1,1,1,-1,-1,1,-1,1,1,1,1,-1,1,-1,1,-1,1,1,-1,-1,1,-1,-1,1,1,1,-1,-1,-1,-1,1,-1,-1,1,-1,1,1,1,-1,1,-1,-1,1,1,1,1,1,-1,-1,-1,1,-1,-1,1,-1,-1,1,-1,1,1,1,-1,1,-1,1,-1,-1,1,-1,-1,1,-1,1,1,1,1,-1,1,-1,-1,-1,1,1,-1,1,1,1,-1,1,1,-1,1,-1,1,1,1,1,-1,1,-1,1,-1,-1,1,-1,1,1,1,-1,1,1,-1,-1,1,1,1,-1,1,-1,1,-1,1,-2648.0,1,2000,445,1000,True
2720,1,1,-1,-1,1,-1,1,1,1,1,1,-1,1,1,1,1,-1,1,-1,-1,1,1,1,1,1,-1,1,1,1,1,1,1,1,-1,1,1,-1,1,1,1,-1,1,1,1,1,1,1,-1,1,-1,1,1,-1,1,-1,1,1,-1,1,1,1,-1,-1,1,1,1,1,1,-1,1,1,-1,1,1,1,-1,1,1,1,1,1,-1,-1,1,-1,1,1,1,-1,-1,1,1,-1,1,1,-1,1,-1,-1,1,1,1,-1,1,-1,-1,-1,1,1,1,1,1,-1,-1,1,1,1,1,-1,-1,-1,1,1,1,-1,1,-1,-1,1,1,1,1,-1,-1,-1,1,1,1,1,-1,-1,-1,-1,1,1,1,-1,-1,-1,-1,1,1,1,-1,1,-1,-1,1,1,1,-1,1,-1,-1,1,1,1,-1,1,-1,1,1,1,1,-1,-1,-1,1,1,1,1,1,1,-1,1,1,1,1,-1,-1,-1,-1,1,1,1,-1,1,-1,-1,1,-1,1,-1,1,-1,-1,1,1,1,-1,1,-1,1,1,-1,1,-1,1,-1,1,1,1,1,1,1,1,-1,1,-1,1,-1,1,-1,-1,1,1,1,1,1,-1,-1,1,-1,-1,1,1,1,-1,1,1,-1,1,1,-1,1,1,-1,-1,1,1,-1,-1,1,-1,1,1,1,1,1,1,-1,1,1,1,1,1,1,-1,1,1,1,1,1,1,-1,-1,1,1,1,1,1,1,-1,1,1,-1,-1,1,1,1,1,1,1,1,1,-1,1,1,-1,1,1,-1,1,1,1,-1,1,1,1,-1,-1,1,1,-1,1,1,1,-1,1,1,1,1,1,1,1,1,1,1,1,1,1,-1,1,1,1,1,1,-1,1,-1,1,1,-1,1,1,1,1,1,1,1,1,1,-1,-1,1,-1,1,1,1,-1,-1,1,1,1,1,1,-1,-1,1,1,-1,1,1,-1,-1,1,1,1,-1,1,-1,-1,1,1,-1,1,1,1,-1,1,1,1,-1,1,-1,1,1,1,-1,-1,-1,-1,-1,1,1,-1,1,1,-1,-1,1,-1,-1,1,1,1,-1,1,-1,1,1,1,-1,-1,1,1,1,-1,1,1,-1,-1,1,-1,1,1,1,-1,1,1,-1,-1,-1,1,1,-1,1,1,-1,1,1,-1,1,1,1,1,-1,1,1,-1,1,-1,1,-1,1,-1,1,1,1,1,-1,-1,1,-1,1,1,1,-1,1,1,1,-1,1,1,-1,-1,1,-1,1,1,1,-1,1,1,1,1,1,1,-1,1,-1,-1,1,1,-1,-1,1,1,1,1,1,-1,-1,1,-1,1,1,1,-1,-1,1,-1,-1,1,1,-1,-1,1,-1,1,1,1,1,-1,1,-1,-1,1,1,1,-1,-1,1,-1,1,1,-1,-1,1,-1,-1,1,-1,1,-1,-1,1,-1,1,-1,1,-1,-1,1,-1,-1,1,1,1,-1,1,-1,1,-1,-1,-1,1,-1,1,1,-1,1,-1,-1,1,-1,1,-1,1,-1,1,1,1,-1,-1,-1,-1,-1,1,1,1,-1,-1,-1,1,1,-1,1,-1,-1,-1,1,1,-1,1,-1,-1,-1,1,1,-1,1,-1,-1,-1,-1,1,1,1,-1,1,-1,-1,1,-1,1,-1,-1,1,-1,1,-1,1,1,-1,-1,-1,-1,-1,1,1,-1,-1,-1,-1,-1,-1,1,-1,-1,-1,1,1,1,-1,-1,-1,-1,1,1,1,-1,1,-1,1,-1,1,1,1,-1,-1,-1,-1,-1,1,-1,1,-1,-1,1,-1,1,1,-1,1,-1,-1,1,1,1,-1,1,-1,-1,-1,1,1,-1,1,-1,-1,-1,1,1,-1,1,-1,-1,-1,1,1,-1,-1,1,-1,-1,1,1,-1,-1,-1,-1,-1,1,1,-1,-1,1,-1,-1,-1,-1,1,-1,1,-1,-1,1,-1,-1,1,1,1,-1,1,1,-1,1,-1,1,-1,1,-1,-1,1,-1,1,-1,1,1,-1,1,-1,-1,-1,-1,1,-1,1,-1,1,-1,-1,1,-1,1,-1,1,-1,-1,-1,1,1,-1,-1,-1,-1,1,-1,-1,-1,-1,-1,-1,-1,-1,1,-1,-1,-1,-1,1,1,-1,1,-1,-1,-1,1,-1,-1,1,-1,-1,-1,-1,-1,1,1,-1,-1,-1,-1,-1,1,-1,-1,-1,1,-1,-1,1,-1,1,-1,-1,-1,-1,-1,-1,-1,1,-1,-1,-1,1,1,1,-1,-1,-1,1,-1,-1,-1,-1,-1,-1,-1,1,-1,1,-1,-1,-1,-1,1,-1,1,1,-1,1,-1,-1,1,1,-1,-1,-1,-1,-1,-1,1,1,-1,-1,1,-1,1,1,-1,-1,-1,1,-1,1,1,-1,-1,1,-1,-1,1,1,1,-1,1,-1,1,1,1,-1,-1,1,-1,-1,1,1,1,-1,1,-1,-1,1,1,-1,1,1,-1,-1,1,1,1,-1,1,1,-1,1,1,1,-1,1,-1,-1,1,1,1,-1,-1,1,-1,-1,1,1,-1,1,1,-1,1,-1,1,1,-1,1,-1,-1,1,-1,1,-1,1,-1,1,1,1,1,-1,1,1,1,1,1,-1,-1,1,1,-1,1,1,-1,1,-1,1,-1,1,1,-1,1,1,-1,1,1,1,-1,1,1,1,-1,1,1,-1,-1,1,-1,-1,1,1,-1,1,-1,1,-1,1,1,-1,-1,-1,1,-1,1,1,-1,-1,1,-1,-1,-1,-1,-1,1,-1,1,-1,-1,1,-1,1,-1,1,1,-1,1,-1,-1,1,-1,-1,-1,1,1,-1,-1,-1,1,-1,-1,-1,1,-1,1,-1,1,-1,1,-1,-1,1,1,-1,1,1,-1,-1,1,-1,1,-1,1,-1,-1,1,-1,-1,1,1,-1,-1,1,1,-1,-1,1,-1,-1,1,-1,1,1,1,1,-1,1,1,1,-1,1,1,-1,1,1,1,-1,1,1,-1,1,1,1,1,1,1,-1,1,-1,1,-1,1,1,-1,1,1,1,-1,1,1,-1,-1,1,1,1,-1,1,-1,1,1,1,-2648.0,1,2000,445,1000,True
2721,-1,-1,1,1,1,1,-1,1,-1,-1,-1,1,-1,1,-1,-1,1,-1,1,-1,-1,-1,-1,-1,-1,1,-1,-1,-1,-1,-1,-1,1,-1,-1,-1,1,-1,-1,1,-1,-1,-1,-1,-1,-1,-1,1,-1,1,-1,-1,1,1,-1,-1,-1,1,-1,-1,-1,1,-1,1,-1,-1,-1,-1,1,-1,-1,1,-1,-1,1,1,-1,-1,1,-1,-1,-1,1,-1,1,-1,-1,1,1,1,1,-1,-1,-1,-1,1,-1,-1,1,1,-1,-1,1,1,-1,1,1,-1,-1,1,1,-1,1,1,-1,-1,1,1,1,1,1,-1,-1,1,1,-1,1,1,1,-1,1,1,-1,1,1,-1,-1,1,1,-1,1,1,1,-1,-1,1,1,1,1,1,-1,1,1,-1,-1,1,1,1,-1,1,-1,1,1,1,-1,-1,1,-1,-1,1,-1,-1,1,1,-1,1,1,1,-1,1,-1,1,-1,1,-1,-1,1,-1,-1,1,1,1,-1,1,-1,-1,-1,1,1,-1,-1,1,-1,-1,1,1,-1,1,1,-1,-1,1,1,-1,-1,1,-1,-1,1,1,-1,1,1,-1,-1,-1,1,1,-1,1,-1,-1,1,1,-1,1,1,-1,-1,1,1,-1,-1,-1,-1,-1,-1,1,1,-1,-1,-1,-1,1,1,1,-1,-1,-1,-1,1,1,-1,-1,1,1,1,-1,1,-1,-1,-1,1,-1,1,1,1,-1,-1,1,-1,-1,1,1,-1,1,-1,1,-1,1,-1,-1,-1,-1,1,-1,1,-1,1,-1,1,1,-1,1,1,-1,-1,1,1,1,-1,1,-1,-1,1,1,-1,-1,1,-1,-1,1,1,1,-1,1,1,-1,1,1,-1,-1,1,1,1,1,1,-1,1,1,-1,1,-1,1,-1,1,1,-1,-1,1,1,-1,1,-1,1,1,1,1,-1,1,1,-1,-1,-1,1,-1,1,1,1,-1,-1,-1,-1,1,1,1,-1,-1,-1,-1,1,1,1,-1,-1,-1,-1,-1,-1,1,1,-1,1,-1,1,1,1,1,-1,1,-1,-1,-1,1,-1,1,-1,-1,1,-1,-1,1,-1,-1,-1,1,-1,1,1,-1,-1,1,-1,1,1,-1,-1,-1,1,-1,1,1,-1,-1,-1,-1,-1,-1,1,1,1,1,-1,-1,1,1,1,-1,-1,-1,1,-1,-1,1,1,1,-1,1,-1,1,1,-1,-1,-1,1,1,-1,1,1,1,-1,-1,1,-1,1,-1,-1,-1,-1,1,-1,1,-1,1,-1,-1,1,-1,1,1,-1,1,-1,1,-1,-1,1,1,-1,-1,1,-1,1,1,-1,-1,1,1,-1,1,-1,1,-1,1,-1,-1,1,1,1,-1,1,-1,-1,1,-1,-1,-1,1,-1,-1,1,-1,1,-1,1,-1,-1,1,-1,-1,1,-1,1,-1,1,-1,1,-1,1,1,-1,-1,1,1,-1,1,-1,-1,1,-1,1,1,1,1,-1,-1,1,1,-1,1,1,-1,-1,1,1,1,-1,1,1,-1,1,1,1,1,1,1,1,-1,-1,-1,1,-1,1,1,-1,1,-1,1,-1,1,-1,-1,-1,1,1,-1,1,1,-1,1,-1,1,-1,1,1,-1,1,-1,1,-1,-1,-1,-1,1,-1,1,-1,-1,-1,-1,1,-1,1,-1,1,1,1,-1,-1,1,-1,1,1,-1,1,-1,1,-1,-1,1,-1,1,-1,-1,1,1,1,1,1,-1,1,1,1,1,-1,1,-1,-1,1,1,1,-1,-1,-1,1,1,1,1,-1,-1,-1,1,-1,1,-1,1,1,-1,-1,1,1,1,-1,-1,-1,-1,1,1,1,1,1,-1,-1,1,1,1,1,1,-1,-1,1,-1,1,-1,1,-1,1,1,1,1,1,1,-1,-1,1,-1,1,1,1,-1,-1,1,1,-1,1,1,-1,-1,1,1,1,1,1,1,-1,1,1,-1,-1,1,-1,-1,-1,1,1,-1,1,-1,-1,1,-1,1,1,1,-1,-1,1,-1,1,-1,1,1,-1,-1,1,-1,-1,1,-1,-1,1,-1,1,1,1,1,-1,-1,-1,1,-1,1,1,-1,1,-1,1,-1,1,1,1,-1,-1,1,-1,1,-1,-1,-1,1,-1,-1,1,1,-1,-1,1,-1,-1,1,1,-1,-1,-1,1,-1,1,1,-1,-1,-1,1,-1,1,1,1,1,1,1,-1,1,1,-1,-1,1,-1,-1,1,1,1,-1,1,-1,1,1,1,1,-1,-1,-1,-1,1,1,1,-1,1,1,-1,1,1,1,-1,1,-1,-1,1,-1,1,-1,1,-1,1,1,1,1,-1,1,-1,1,-1,1,1,1,-1,1,1,1,1,1,1,-1,-1,1,-1,1,1,1,-1,1,1,-1,-1,1,1,-1,-1,1,1,-1,1,1,-1,1,1,1,-1,1,-1,1,1,1,-1,1,1,-1,-1,1,1,1,-1,1,-1,-1,1,1,-1,1,1,1,-1,1,1,-1,-1,1,1,-1,1,1,1,1,1,1,-1,1,1,-1,-1,-1,1,-1,-1,1,-1,-1,1,1,-1,1,-1,1,-1,-1,1,-1,-1,1,-1,-1,-1,1,1,-1,1,-1,-1,-1,1,1,-1,1,1,-1,-1,1,1,-1,1,-1,-1,-1,1,-1,-1,1,-1,-1,1,1,-1,1,1,-1,-1,1,1,-1,-1,1,-1,1,-1,1,-1,-1,1,1,-1,1,1,1,-1,1,1,-1,-1,1,1,-1,1,1,-1,1,-1,1,-1,-1,1,-1,1,-1,1,-1,-1,1,1,1,-1,1,1,-1,1,-1,-1,1,-1,1,-1,1,-1,1,1,-1,1,-1,1,1,1,-1,1,-1,1,1,1,1,-1,1,-1,-1,1,-1,1,-1,1,-1,1,1,-1,1,1,1,-1,-1,1,1,1,-1,1,1,-1,1,1,-1,-1,1,1,1,1,1,1,-1,1,-1,1,1,1,1,1,1,1,1,1,1,1,1,1,-1,1,1,1,1,-1,1,-1,1,1,1,1,-1,1,1,1,1,1,1,1,1,-1,1,1,-1,1,-1,1,1,1,-2648.0,1,2000,445,500,True
2722,1,1,-1,-1,1,1,-1,1,1,1,1,-1,-1,1,1,1,-1,1,-1,-1,-1,1,1,1,1,1,-1,-1,1,1,1,1,-1,-1,-1,1,-1,1,1,1,-1,-1,1,1,1,1,1,1,-1,-1,1,1,-1,1,-1,-1,-1,-1,1,1,1,-1,-1,1,1,1,1,1,1,-1,1,-1,1,1,1,1,-1,1,-1,1,1,-1,1,-1,-1,1,1,1,1,1,-1,-1,-1,1,1,1,-1,1,-1,-1,1,1,1,1,1,-1,-1,1,1,1,1,-1,-1,-1,1,1,1,1,1,-1,-1,1,1,1,1,-1,-1,-1,1,1,1,1,1,-1,-1,1,1,1,1,1,-1,-1,-1,1,1,1,1,-1,-1,-1,1,1,1,1,1,-1,1,1,1,1,-1,-1,-1,-1,1,1,-1,1,1,-1,1,1,1,1,1,-1,-1,1,1,1,1,-1,1,-1,1,1,1,1,1,-1,-1,-1,1,1,1,1,1,-1,-1,1,-1,-1,1,1,-1,-1,1,1,1,1,1,-1,1,1,-1,-1,1,1,-1,1,1,1,1,1,1,1,-1,1,-1,-1,1,1,-1,-1,1,1,1,1,1,-1,-1,1,-1,-1,1,1,1,-1,1,-1,1,1,1,-1,1,1,1,1,1,1,-1,-1,-1,1,-1,-1,1,1,1,-1,1,1,-1,1,1,1,1,1,1,-1,1,1,1,1,-1,1,1,1,1,1,1,1,1,1,1,-1,-1,1,1,1,-1,1,1,1,1,-1,1,-1,1,1,1,-1,1,1,-1,1,1,1,1,-1,1,-1,1,-1,1,1,1,1,-1,1,1,1,1,1,1,-1,1,1,1,1,1,-1,1,1,1,1,1,1,1,-1,1,1,-1,1,1,-1,1,1,1,-1,1,1,1,-1,1,-1,1,1,1,1,-1,1,1,1,1,1,1,-1,1,1,-1,1,1,-1,-1,1,1,1,-1,1,1,-1,-1,1,-1,1,1,1,1,-1,1,1,-1,1,1,-1,1,1,-1,-1,-1,-1,1,-1,1,-1,1,1,-1,-1,1,-1,1,-1,1,1,1,1,-1,-1,1,1,-1,-1,1,1,1,-1,1,1,1,-1,1,-1,1,1,1,1,1,1,-1,-1,-1,1,1,1,1,-1,1,-1,1,-1,1,1,1,1,-1,1,1,-1,1,-1,1,-1,1,-1,1,1,-1,-1,-1,-1,1,-1,1,-1,1,-1,1,1,1,1,-1,1,-1,-1,1,-1,1,-1,-1,-1,1,1,1,1,-1,1,-1,1,1,1,1,-1,1,-1,1,1,1,1,-1,-1,-1,1,-1,1,1,-1,-1,-1,1,1,-1,1,-1,1,-1,1,-1,1,-1,1,-1,-1,1,-1,-1,-1,1,-1,-1,-1,-1,1,-1,1,-1,-1,1,1,-1,1,1,-1,-1,-1,1,-1,1,1,-1,1,-1,1,-1,-1,1,1,1,-1,1,-1,1,-1,1,1,1,-1,1,1,-1,-1,1,-1,1,-1,1,-1,1,-1,1,1,1,-1,-1,-1,1,-1,1,1,1,-1,-1,-1,1,1,-1,1,-1,-1,-1,1,1,1,1,-1,-1,1,1,1,1,1,-1,-1,-1,-1,1,1,1,-1,1,-1,-1,1,-1,1,-1,-1,1,1,-1,-1,1,1,-1,-1,-1,-1,-1,1,1,-1,1,-1,1,-1,1,1,-1,-1,-1,-1,1,1,-1,-1,-1,-1,-1,1,1,-1,1,-1,-1,1,1,1,1,-1,-1,-1,-1,-1,1,-1,1,-1,-1,1,-1,1,1,-1,1,-1,-1,1,1,1,-1,1,-1,1,-1,1,1,-1,-1,1,-1,-1,1,1,-1,1,-1,1,-1,1,1,1,-1,1,-1,-1,1,1,-1,-1,1,1,-1,1,1,1,-1,1,-1,-1,1,-1,1,-1,1,-1,-1,1,-1,-1,1,-1,1,-1,1,1,-1,1,1,1,-1,1,-1,1,-1,1,-1,-1,1,1,-1,1,1,-1,-1,-1,1,-1,1,-1,1,-1,-1,1,-1,1,1,-1,-1,-1,-1,1,1,1,1,-1,-1,1,-1,-1,1,1,-1,-1,-1,-1,1,-1,1,-1,-1,1,1,-1,1,1,-1,-1,1,-1,-1,1,1,-1,-1,-1,-1,1,1,1,-1,-1,-1,-1,-1,1,-1,-1,1,-1,-1,1,-1,1,-1,-1,-1,-1,-1,-1,1,1,-1,-1,-1,1,-1,1,-1,-1,-1,1,-1,-1,1,-1,-1,-1,-1,1,1,1,-1,-1,-1,-1,1,-1,-1,1,-1,1,-1,-1,1,1,-1,-1,-1,-1,-1,-1,1,1,-1,-1,1,-1,1,1,-1,-1,-1,1,-1,1,1,-1,-1,1,1,-1,1,1,1,-1,1,-1,1,1,1,-1,-1,1,-1,-1,1,1,-1,-1,-1,-1,-1,1,1,-1,1,1,-1,-1,1,1,-1,-1,1,-1,-1,1,1,-1,-1,1,-1,-1,1,1,1,-1,-1,-1,-1,-1,1,-1,-1,1,-1,-1,1,-1,1,-1,1,-1,-1,-1,1,1,-1,-1,1,-1,1,1,1,-1,1,-1,-1,1,1,1,-1,-1,-1,-1,-1,1,-1,-1,-1,-1,1,-1,1,-1,-1,-1,-1,-1,1,1,1,-1,-1,-1,1,-1,1,-1,1,1,-1,-1,-1,1,1,-1,1,-1,-1,-1,1,1,-1,1,-1,-1,-1,1,1,-1,-1,-1,1,-1,-1,1,-1,-1,1,-1,-1,-1,1,1,-1,1,-1,1,-1,1,-1,1,-1,1,-1,-1,1,-1,-1,-1,1,1,-1,1,1,-1,1,-1,-1,1,1,-1,-1,1,1,-1,-1,1,-1,-1,1,1,-1,1,1,-1,-1,-1,1,-1,-1,-1,-1,-1,1,-1,1,1,1,-1,1,1,1,-1,1,1,1,-1,1,1,-1,1,1,-1,-1,1,1,1,1,1,-1,-1,1,1,-1,1,1,-1,-1,1,1,-1,-1,1,1,-1,1,1,1,1,1,-1,-1,-1,-1,1,1,1,1,-1,1,1,-1,1,-2648.0,1,2000,445,1000,True
2723,1,1,-1,-1,1,1,-1,1,1,1,1,-1,1,1,1,1,-1,1,-1,-1,-1,1,1,1,1,1,-1,-1,1,1,1,1,-1,-1,-1,1,-1,1,1,1,-1,-1,1,1,1,1,1,1,-1,-1,1,1,-1,1,-1,-1,-1,-1,1,1,1,-1,-1,1,1,1,1,1,1,-1,1,-1,1,1,1,1,-1,1,-1,1,1,-1,1,-1,-1,1,1,1,1,-1,-1,-1,-1,1,1,1,1,1,-1,1,1,1,1,1,1,-1,-1,1,1,1,1,-1,-1,-1,1,1,1,1,1,-1,-1,1,1,1,1,-1,-1,-1,1,1,1,1,1,-1,-1,1,1,1,1,1,-1,-1,1,1,1,1,1,-1,-1,-1,1,1,1,1,1,-1,-1,-1,1,1,1,1,-1,-1,1,-1,1,1,1,-1,-1,-1,1,1,1,-1,-1,1,1,1,1,-1,1,-1,-1,-1,1,1,1,-1,-1,-1,-1,1,1,1,1,-1,-1,-1,1,-1,1,1,-1,-1,1,1,1,1,1,-1,1,1,-1,-1,1,1,-1,1,-1,1,1,1,1,1,-1,-1,-1,1,1,1,-1,-1,1,1,1,1,1,-1,-1,1,-1,-1,1,1,1,-1,-1,-1,1,1,1,-1,-1,-1,1,-1,1,1,-1,-1,-1,1,1,-1,1,1,-1,-1,1,1,-1,1,1,1,-1,1,1,-1,1,1,1,-1,-1,1,1,1,1,1,-1,1,1,1,1,-1,-1,-1,-1,1,-1,1,1,-1,-1,-1,1,-1,-1,1,1,-1,1,1,1,-1,1,1,-1,1,1,-1,1,-1,1,-1,-1,1,-1,1,1,1,-1,-1,1,1,1,1,1,-1,1,-1,1,1,1,1,-1,-1,-1,1,1,1,-1,-1,1,1,-1,1,1,-1,-1,-1,-1,1,1,-1,1,-1,-1,-1,1,1,1,1,-1,-1,-1,1,1,1,-1,1,1,1,1,1,1,1,1,-1,-1,1,1,1,-1,1,-1,-1,-1,1,1,1,-1,1,-1,1,1,1,-1,-1,-1,-1,1,1,1,-1,1,1,-1,1,1,-1,1,1,1,-1,1,1,-1,-1,1,-1,1,1,1,1,1,-1,1,-1,-1,-1,1,-1,1,-1,-1,1,1,1,-1,1,-1,1,-1,-1,1,-1,1,-1,-1,1,1,1,-1,-1,-1,1,-1,-1,1,-1,1,-1,-1,-1,1,1,1,-1,-1,-1,1,-1,1,1,-1,-1,1,-1,1,-1,1,1,-1,-1,1,-1,1,-1,-1,-1,-1,-1,1,1,-1,1,-1,-1,1,1,1,-1,-1,1,-1,1,-1,1,-1,-1,-1,-1,-1,1,1,-1,-1,1,-1,1,-1,1,1,-1,-1,1,-1,1,-1,1,-1,-1,1,-1,-1,-1,1,-1,-1,-1,-1,1,-1,1,-1,-1,1,-1,-1,1,1,-1,-1,-1,-1,-1,1,1,-1,-1,-1,1,-1,-1,1,1,1,-1,1,-1,1,-1,1,-1,1,-1,1,1,-1,1,-1,-1,1,-1,1,-1,1,-1,1,1,1,-1,-1,-1,-1,-1,1,1,1,-1,-1,-1,1,1,-1,1,-1,-1,-1,1,1,1,1,-1,-1,-1,1,1,1,1,-1,-1,-1,-1,1,-1,1,-1,1,-1,-1,1,-1,1,-1,-1,1,-1,1,-1,1,1,-1,-1,-1,-1,-1,1,1,-1,-1,-1,1,-1,1,1,-1,-1,-1,-1,1,1,-1,-1,-1,-1,-1,1,1,-1,1,-1,1,1,1,1,1,-1,-1,-1,-1,-1,1,-1,1,-1,-1,1,-1,1,1,-1,1,-1,-1,1,1,1,-1,1,-1,1,-1,1,1,-1,1,-1,-1,-1,1,1,-1,1,-1,1,-1,1,1,1,-1,1,-1,-1,1,1,-1,-1,-1,1,-1,1,1,1,-1,1,-1,-1,-1,-1,1,-1,1,-1,-1,1,-1,-1,1,-1,1,-1,1,1,-1,1,-1,1,-1,1,-1,1,-1,1,-1,-1,1,1,-1,1,-1,-1,-1,-1,1,-1,1,-1,1,-1,-1,1,-1,1,1,-1,-1,-1,1,1,1,1,1,-1,-1,1,1,-1,1,1,-1,-1,-1,1,-1,1,-1,-1,-1,1,1,1,1,1,-1,-1,1,1,-1,1,1,-1,-1,1,-1,1,-1,1,-1,-1,1,1,-1,1,-1,-1,1,-1,1,-1,-1,1,-1,1,1,1,-1,1,1,1,1,1,1,-1,1,1,-1,-1,-1,1,-1,-1,1,-1,1,1,1,1,1,1,-1,1,1,1,1,-1,1,1,-1,1,1,-1,1,1,-1,-1,1,1,1,-1,1,1,-1,1,-1,1,-1,1,-1,-1,-1,1,1,1,1,-1,-1,1,-1,1,1,1,1,-1,1,1,1,1,1,-1,1,1,1,-1,1,1,-1,-1,-1,1,-1,1,1,-1,1,1,1,-1,1,1,-1,-1,1,-1,-1,1,1,-1,-1,1,-1,1,1,1,1,-1,-1,-1,1,1,1,-1,-1,1,-1,-1,1,-1,1,-1,-1,-1,1,1,1,1,-1,1,-1,-1,1,1,1,-1,1,-1,1,1,1,1,-1,-1,-1,1,-1,1,-1,-1,-1,-1,1,-1,1,-1,-1,-1,1,1,1,1,-1,-1,-1,1,-1,1,1,-1,1,-1,1,1,1,1,1,-1,1,-1,1,1,1,1,-1,1,-1,1,-1,1,1,-1,-1,1,-1,1,1,1,-1,1,-1,1,1,-1,1,-1,1,-1,1,1,-1,1,-1,1,-1,-1,-1,1,1,-1,-1,-1,-1,-1,1,1,1,-1,1,1,1,1,1,-1,-1,1,1,1,1,1,-1,-1,1,-1,1,1,1,-1,-1,-1,-1,-1,-1,-1,-1,-1,-1,-1,1,1,1,-1,1,1,-1,-1,1,1,-1,-1,1,-1,1,1,1,-1,-1,1,-1,1,1,1,-1,-1,1,-1,1,1,1,-1,-1,1,-1,1,-1,1,1,-1,1,-1,-1,1,1,-1,-1,-1,-1,1,1,-1,1,-1,1,-1,-1,1,-2648.0,1,2000,445,1000,True
2724,-1,-1,1,1,1,1,-1,1,-1,-1,-1,1,-1,-1,-1,-1,1,-1,1,-1,1,1,-1,-1,-1,1,-1,-1,1,-1,-1,-1,1,-1,-1,1,1,-1,-1,1,-1,-1,1,-1,-1,-1,1,1,-1,-1,-1,-1,1,1,-1,1,-1,1,-1,-1,1,1,-1,1,-1,-1,-1,1,1,-1,1,-1,-1,-1,1,1,1,1,-1,-1,-1,-1,1,-1,-1,-1,-1,1,1,1,-1,-1,-1,-1,-1,1,-1,1,-1,1,-1,-1,1,1,1,-1,-1,-1,-1,1,1,-1,-1,-1,-1,-1,1,1,1,-1,-1,-1,-1,1,1,-1,-1,-1,1,-1,1,1,1,-1,-1,1,-1,1,1,1,-1,-1,1,-1,-1,1,1,-1,-1,-1,-1,1,1,1,1,-1,-1,1,1,1,1,1,-1,-1,-1,-1,1,1,1,-1,-1,-1,1,1,1,-1,-1,1,1,1,1,-1,1,-1,-1,-1,1,1,1,-1,-1,1,-1,1,1,1,1,-1,1,-1,1,-1,1,1,-1,1,-1,1,1,1,1,-1,1,-1,1,-1,1,1,-1,1,-1,1,1,1,1,1,-1,-1,-1,1,1,1,-1,-1,1,1,1,1,1,-1,1,-1,1,-1,1,1,1,-1,1,-1,1,1,1,-1,-1,-1,1,-1,1,1,-1,1,-1,1,1,-1,1,1,1,-1,1,1,-1,1,1,-1,1,1,1,-1,1,1,1,1,-1,1,1,1,1,1,-1,1,1,1,1,-1,1,1,-1,1,-1,1,1,1,1,1,1,-1,1,1,1,-1,1,1,1,1,1,1,1,-1,1,-1,1,-1,1,1,1,1,-1,1,1,1,1,1,1,-1,1,1,1,1,1,-1,1,1,1,1,1,-1,-1,1,1,1,-1,1,1,1,-1,1,1,1,1,1,-1,1,1,-1,1,1,1,-1,1,1,1,1,1,1,-1,1,1,1,-1,1,1,1,1,1,1,-1,-1,1,-1,1,-1,1,-1,1,1,1,-1,-1,1,1,-1,1,-1,1,1,1,-1,-1,-1,-1,1,-1,1,-1,1,1,-1,1,1,-1,-1,1,1,-1,1,1,-1,-1,1,1,1,1,1,1,1,-1,1,-1,-1,-1,1,-1,1,-1,-1,1,1,1,-1,-1,-1,1,-1,1,1,1,-1,1,-1,1,1,1,1,1,-1,1,-1,-1,1,-1,1,-1,-1,-1,1,1,1,1,-1,-1,1,-1,1,1,1,-1,1,-1,1,-1,1,1,-1,-1,1,-1,1,1,1,-1,-1,-1,1,1,1,1,-1,-1,1,-1,1,1,-1,1,-1,1,-1,1,1,-1,-1,-1,-1,1,1,1,-1,1,-1,1,-1,1,1,-1,-1,1,-1,1,1,1,1,-1,1,-1,-1,-1,1,1,-1,-1,-1,1,-1,1,-1,-1,1,-1,-1,1,-1,1,-1,-1,-1,-1,1,-1,1,-1,-1,1,-1,-1,1,1,1,-1,1,-1,1,-1,-1,1,1,-1,1,1,-1,-1,1,1,1,-1,1,-1,1,-1,1,1,1,-1,-1,-1,-1,-1,1,1,1,-1,-1,-1,1,1,-1,1,-1,-1,-1,1,1,1,1,-1,-1,1,1,1,1,1,-1,-1,-1,-1,1,-1,1,-1,1,-1,-1,1,1,1,-1,-1,1,-1,1,-1,1,1,-1,-1,-1,-1,1,1,1,-1,-1,-1,1,1,1,1,-1,-1,1,-1,1,1,-1,-1,-1,-1,-1,1,1,-1,1,-1,1,1,1,1,1,-1,-1,-1,-1,1,1,-1,1,-1,-1,1,1,1,1,-1,1,-1,-1,1,1,1,-1,1,-1,1,1,1,1,-1,-1,-1,1,1,1,1,-1,1,-1,-1,1,1,1,-1,-1,1,-1,1,1,1,-1,-1,-1,-1,1,1,1,-1,-1,1,-1,1,-1,-1,1,-1,1,-1,1,1,-1,-1,1,-1,1,1,-1,1,-1,1,-1,1,1,1,-1,-1,1,-1,1,1,-1,1,-1,1,-1,-1,1,1,1,-1,1,-1,1,1,1,-1,-1,1,-1,1,1,1,1,-1,-1,-1,-1,1,-1,-1,-1,1,-1,-1,1,1,-1,-1,1,-1,-1,1,1,-1,-1,-1,1,-1,1,1,-1,1,-1,1,-1,1,1,1,1,1,1,-1,1,1,-1,-1,1,-1,-1,1,1,1,-1,1,-1,1,1,1,1,-1,-1,-1,-1,-1,1,1,-1,1,1,-1,1,1,-1,1,-1,-1,-1,1,-1,1,-1,1,1,1,1,1,1,-1,1,-1,1,-1,1,1,-1,-1,1,1,1,1,1,1,-1,-1,1,-1,1,1,1,-1,1,1,-1,-1,-1,1,-1,1,1,1,-1,1,1,-1,1,1,1,-1,1,-1,1,1,1,-1,1,1,-1,-1,1,-1,-1,-1,-1,1,-1,1,1,-1,1,-1,-1,-1,1,1,-1,-1,-1,1,-1,1,1,-1,-1,-1,-1,-1,1,1,-1,-1,-1,-1,-1,1,1,-1,-1,-1,-1,-1,1,-1,-1,-1,-1,-1,-1,-1,1,-1,-1,-1,-1,-1,1,1,-1,-1,1,-1,1,1,1,1,-1,-1,-1,1,-1,1,-1,-1,-1,-1,1,-1,1,-1,-1,-1,1,1,1,1,-1,-1,-1,1,-1,1,1,-1,1,-1,1,1,1,-1,1,-1,1,-1,1,1,1,1,-1,1,-1,1,-1,1,1,-1,-1,1,-1,1,1,1,-1,1,-1,1,1,-1,1,-1,1,-1,1,1,-1,1,-1,1,-1,1,-1,1,1,-1,-1,-1,-1,-1,1,1,1,-1,1,1,1,1,1,-1,-1,1,1,1,1,-1,-1,-1,1,-1,1,1,1,-1,-1,-1,-1,-1,-1,-1,-1,-1,1,-1,1,1,1,-1,1,1,-1,-1,1,-1,-1,-1,1,-1,1,1,1,-1,-1,1,-1,1,1,1,-1,-1,1,-1,1,1,-1,-1,-1,1,-1,1,-1,1,1,-1,1,-1,-1,1,1,-1,-1,-1,-1,1,1,-1,1,-1,1,-1,-1,1,-2648.0,1,2000,445,1000,True
2725,1,1,-1,-1,1,1,-1,1,1,1,1,-1,-1,1,1,1,-1,1,-1,-1,-1,1,1,1,1,1,-1,-1,1,1,1,1,-1,-1,-1,1,-1,1,1,1,-1,-1,1,1,1,1,1,1,-1,-1,1,1,-1,1,-1,-1,-1,-1,1,1,1,-1,-1,1,1,1,1,1,1,-1,1,-1,1,1,1,1,-1,1,-1,1,1,1,1,-1,-1,1,1,1,1,1,1,-1,-1,1,1,1,-1,-1,-1,1,1,1,1,1,-1,-1,-1,1,1,1,1,-1,-1,-1,1,1,1,1,1,-1,-1,1,1,1,1,-1,-1,-1,1,1,1,1,-1,-1,-1,1,1,1,1,-1,-1,-1,1,1,1,1,1,-1,-1,-1,1,1,1,-1,1,-1,1,1,1,1,-1,-1,-1,-1,1,-1,1,-1,1,-1,1,-1,1,1,-1,-1,-1,1,1,1,-1,1,1,-1,1,-1,1,-1,-1,-1,-1,1,-1,1,-1,-1,1,-1,1,-1,1,-1,-1,1,-1,1,1,1,1,-1,1,-1,1,-1,1,-1,-1,1,-1,1,-1,1,1,-1,1,1,-1,1,-1,1,-1,1,1,1,-1,1,1,-1,1,-1,1,-1,1,-1,-1,1,1,1,-1,-1,1,-1,1,-1,-1,1,1,-1,-1,1,-1,1,-1,1,1,1,1,1,-1,-1,1,-1,1,1,1,-1,-1,1,-1,1,1,1,1,-1,-1,1,-1,1,1,1,-1,1,1,-1,1,1,-1,-1,1,1,1,1,1,-1,-1,1,1,1,1,-1,1,-1,-1,1,1,1,1,1,-1,1,-1,1,1,-1,1,-1,1,-1,1,1,1,1,-1,1,-1,1,1,1,-1,-1,1,-1,1,1,1,-1,1,-1,1,-1,1,1,-1,1,1,1,1,1,1,1,1,1,-1,-1,1,1,1,1,1,-1,-1,-1,1,-1,1,1,-1,-1,-1,1,1,-1,1,-1,-1,-1,1,1,-1,1,-1,-1,1,-1,1,-1,1,-1,-1,1,-1,1,-1,1,-1,1,-1,-1,1,1,-1,-1,-1,1,-1,1,-1,1,-1,-1,-1,1,1,-1,1,-1,-1,1,-1,1,-1,1,-1,-1,-1,-1,1,-1,1,1,-1,1,-1,1,1,-1,1,-1,-1,-1,1,-1,-1,1,1,1,-1,-1,1,-1,1,-1,-1,-1,-1,1,-1,1,1,1,-1,-1,1,-1,1,-1,-1,-1,-1,1,-1,-1,1,1,-1,-1,1,-1,1,1,-1,1,-1,1,-1,1,1,1,-1,-1,-1,-1,1,1,-1,1,-1,1,-1,1,-1,1,-1,-1,-1,1,1,1,1,-1,-1,-1,-1,1,-1,-1,1,-1,-1,-1,1,1,1,1,1,-1,-1,1,-1,-1,1,-1,-1,-1,1,-1,1,-1,1,-1,-1,1,-1,1,-1,1,-1,-1,1,-1,1,1,1,-1,-1,-1,1,1,-1,1,-1,-1,-1,1,1,1,-1,1,1,-1,1,1,1,1,1,1,1,-1,1,1,-1,1,-1,1,-1,-1,1,-1,-1,1,-1,-1,1,-1,-1,-1,1,1,-1,1,1,-1,-1,1,1,-1,-1,1,-1,-1,-1,-1,-1,1,1,-1,-1,-1,-1,-1,1,1,-1,-1,1,1,1,-1,1,-1,1,-1,1,-1,-1,1,-1,1,-1,1,-1,-1,1,1,-1,1,1,1,-1,1,1,-1,-1,1,-1,-1,1,1,-1,-1,1,-1,1,1,-1,-1,1,1,-1,1,1,-1,-1,1,-1,1,1,1,1,-1,1,-1,-1,-1,1,1,-1,1,-1,1,-1,1,1,-1,-1,1,1,1,1,1,-1,1,1,-1,-1,1,1,-1,-1,1,1,-1,1,1,-1,-1,1,-1,-1,1,1,-1,-1,-1,1,-1,1,1,-1,-1,1,1,-1,1,-1,1,-1,1,-1,-1,-1,-1,1,-1,1,-1,-1,1,-1,-1,1,-1,1,-1,-1,-1,-1,-1,1,-1,-1,1,-1,1,-1,1,-1,-1,-1,1,-1,-1,1,-1,-1,-1,-1,1,-1,1,-1,-1,-1,-1,-1,-1,1,-1,-1,-1,-1,1,1,1,1,-1,-1,1,1,-1,1,1,-1,-1,-1,1,-1,1,-1,-1,-1,-1,1,1,-1,1,-1,-1,-1,1,1,-1,1,-1,-1,-1,1,-1,-1,1,-1,-1,1,1,-1,1,-1,-1,-1,1,1,1,-1,1,-1,1,1,1,1,-1,1,1,-1,1,1,1,1,1,-1,-1,1,1,1,-1,1,-1,-1,1,1,-1,1,1,-1,1,1,1,1,-1,1,1,-1,1,1,-1,1,1,-1,-1,1,1,-1,-1,1,1,-1,1,1,-1,1,1,-1,-1,-1,-1,-1,1,1,-1,-1,1,1,-1,1,1,1,-1,1,-1,1,1,1,-1,1,1,-1,-1,1,1,-1,-1,-1,1,-1,1,1,-1,1,-1,-1,-1,1,1,-1,-1,-1,1,-1,1,1,-1,-1,1,-1,-1,1,1,1,-1,-1,1,-1,1,1,-1,-1,-1,-1,-1,1,-1,1,-1,-1,-1,1,1,1,1,-1,-1,1,-1,1,1,1,-1,1,-1,1,1,1,1,-1,-1,-1,1,-1,-1,-1,-1,-1,-1,1,-1,1,-1,-1,-1,-1,1,-1,1,-1,-1,1,1,1,-1,1,-1,1,-1,1,-1,-1,-1,1,-1,1,-1,1,-1,1,1,-1,1,1,1,-1,1,1,-1,1,-1,1,-1,-1,1,-1,1,-1,1,-1,-1,1,1,1,-1,1,1,-1,1,-1,-1,1,-1,1,-1,1,-1,1,1,-1,1,-1,1,1,1,-1,1,-1,1,1,1,1,-1,1,1,-1,1,1,1,-1,1,-1,1,1,-1,1,1,1,-1,-1,1,1,1,-1,1,1,1,1,1,-1,-1,1,-1,1,1,1,1,-1,1,-1,1,1,1,1,-1,1,1,1,1,1,1,-1,1,1,1,1,1,1,-1,1,-1,1,1,1,1,-1,1,1,1,1,1,1,1,-1,1,1,1,-1,1,-1,1,1,1,-2648.0,1,2000,445,500,True
2726,-1,-1,1,1,1,1,-1,1,-1,-1,-1,1,-1,1,-1,-1,1,-1,1,1,-1,1,-1,-1,-1,1,-1,-1,1,-1,-1,-1,1,1,-1,1,1,-1,-1,-1,1,-1,1,-1,-1,-1,-1,-1,1,-1,-1,-1,1,-1,1,-1,-1,1,-1,-1,-1,1,1,1,-1,-1,-1,-1,-1,-1,1,-1,-1,-1,-1,-1,-1,1,-1,-1,-1,1,1,-1,-1,-1,-1,-1,-1,1,-1,-1,-1,-1,-1,-1,-1,1,-1,1,-1,-1,-1,-1,1,-1,-1,-1,-1,-1,-1,1,-1,-1,-1,-1,-1,-1,1,-1,-1,-1,-1,-1,-1,1,-1,-1,1,-1,-1,-1,-1,-1,-1,1,-1,-1,-1,-1,-1,-1,1,-1,-1,-1,1,-1,-1,-1,-1,-1,-1,-1,1,-1,1,1,-1,-1,-1,-1,-1,-1,-1,-1,1,-1,1,-1,-1,-1,-1,-1,-1,-1,-1,1,-1,-1,-1,1,1,-1,-1,-1,-1,-1,-1,-1,-1,1,-1,-1,1,-1,1,-1,1,-1,-1,1,-1,1,-1,1,-1,-1,-1,-1,1,-1,1,-1,-1,-1,-1,1,-1,1,-1,1,-1,-1,1,1,-1,1,-1,-1,1,1,-1,1,-1,1,-1,-1,1,-1,1,-1,1,1,-1,1,1,1,-1,-1,1,-1,1,-1,-1,-1,1,1,-1,1,-1,1,-1,1,-1,-1,1,1,-1,-1,1,-1,-1,1,1,-1,-1,1,-1,-1,1,1,1,-1,1,-1,-1,1,1,1,-1,1,1,-1,1,-1,-1,-1,-1,1,-1,1,1,-1,-1,1,1,-1,1,1,1,-1,-1,1,-1,1,1,1,-1,1,1,-1,1,-1,1,-1,-1,1,-1,1,1,1,-1,-1,-1,1,1,1,-1,-1,1,1,-1,1,1,-1,-1,-1,1,-1,1,1,1,-1,1,1,-1,1,1,-1,-1,-1,-1,1,1,1,-1,-1,-1,-1,1,-1,1,1,-1,-1,1,1,-1,1,1,1,1,-1,1,-1,1,1,1,-1,-1,1,1,-1,1,1,-1,1,1,1,-1,1,-1,1,-1,1,-1,-1,1,1,-1,-1,1,1,1,1,-1,1,-1,1,-1,1,1,1,1,1,1,-1,1,1,1,1,-1,1,-1,-1,1,-1,1,1,1,1,-1,1,1,1,1,1,-1,-1,1,-1,-1,1,-1,1,-1,-1,1,1,1,1,-1,-1,-1,-1,1,1,-1,1,-1,1,-1,1,1,1,-1,-1,-1,-1,1,1,1,1,-1,-1,1,1,1,1,-1,1,-1,1,1,-1,1,1,-1,-1,-1,-1,1,1,-1,-1,-1,1,1,1,-1,1,-1,-1,1,-1,1,-1,1,-1,-1,1,-1,1,-1,-1,-1,-1,1,-1,1,1,1,-1,-1,1,1,1,-1,-1,1,-1,-1,-1,1,1,1,-1,1,1,1,-1,-1,1,-1,-1,-1,-1,1,-1,1,1,1,-1,-1,-1,1,1,-1,1,-1,1,-1,1,1,1,-1,1,1,-1,1,1,1,1,1,1,1,-1,1,1,-1,1,-1,1,-1,-1,1,-1,-1,1,-1,-1,1,-1,-1,-1,1,1,-1,1,1,-1,-1,1,1,-1,-1,1,-1,-1,-1,-1,-1,1,1,-1,-1,-1,-1,-1,1,1,-1,-1,1,1,1,-1,1,-1,1,1,1,-1,1,1,-1,1,-1,1,-1,-1,1,1,-1,1,1,1,1,1,1,-1,-1,1,-1,1,1,1,-1,-1,1,-1,1,1,-1,-1,1,1,-1,1,1,-1,1,1,-1,1,1,1,1,-1,1,1,-1,1,1,-1,1,1,1,1,1,1,1,-1,-1,1,1,1,1,1,-1,1,1,-1,1,1,1,-1,-1,1,1,1,-1,1,-1,-1,1,1,1,1,1,-1,-1,-1,1,1,1,1,-1,-1,1,1,1,1,-1,1,-1,-1,1,1,-1,-1,1,-1,-1,1,1,1,-1,1,-1,1,1,1,-1,-1,-1,-1,1,-1,1,1,-1,1,-1,1,-1,1,-1,1,1,-1,1,1,1,1,-1,1,-1,1,1,1,1,-1,-1,-1,1,-1,1,1,-1,1,1,1,1,1,-1,1,1,-1,1,1,1,1,-1,1,-1,1,1,1,1,-1,1,1,-1,1,1,1,-1,1,1,-1,1,1,1,1,1,1,-1,1,1,1,1,1,1,1,-1,1,1,1,1,-1,1,1,1,1,1,1,-1,1,-1,1,1,1,1,1,-1,1,1,1,1,1,1,-1,-1,1,1,1,1,1,1,1,1,1,1,1,1,-1,-1,1,1,1,1,-1,1,1,1,1,1,1,1,1,-1,-1,1,1,1,1,-1,1,1,1,1,-1,1,-1,1,1,1,1,1,1,-1,-1,-1,1,1,1,1,-1,1,1,1,1,1,-1,-1,1,1,1,-1,1,-1,-1,1,1,1,-1,1,-1,-1,1,1,1,-1,1,-1,1,1,1,1,1,-1,1,-1,-1,-1,1,1,-1,1,-1,1,-1,1,-1,-1,-1,1,-1,-1,1,1,-1,1,-1,1,-1,1,1,-1,1,-1,-1,-1,1,1,-1,1,1,1,-1,1,1,-1,1,-1,1,1,1,1,-1,1,-1,1,1,1,-1,1,-1,1,1,1,1,1,-1,1,-1,1,1,-1,1,-1,-1,-1,1,-1,1,-1,1,1,-1,1,-1,1,1,-1,1,-1,1,-1,1,1,1,-1,-1,-1,1,1,-1,1,1,-1,-1,-1,1,-1,1,-1,1,-1,-1,1,1,1,-1,-1,-1,1,1,1,1,-1,1,-1,1,1,1,1,1,-1,1,1,1,1,1,-1,-1,-1,-1,1,1,-1,1,-1,1,1,-1,1,1,-1,1,-1,-1,1,1,1,-1,-1,1,1,-1,1,1,-1,1,1,1,1,1,1,-1,1,1,1,1,1,1,-1,-1,1,1,1,1,1,-1,1,1,1,1,1,1,-1,1,1,1,-1,1,1,-1,-1,1,1,-1,1,1,-1,1,-1,1,-1,1,1,1,-1,1,-2648.0,1,2000,445,500,True
2727,1,1,-1,-1,1,-1,1,-1,1,1,1,-1,1,1,1,1,-1,1,-1,-1,1,-1,1,1,1,-1,1,1,1,1,1,1,-1,-1,1,-1,1,-1,1,1,-1,1,-1,1,1,1,1,1,1,1,1,1,-1,1,-1,1,1,-1,1,1,1,-1,-1,-1,1,1,1,1,1,1,-1,1,1,1,1,1,1,-1,1,1,1,-1,-1,1,1,1,1,1,1,-1,1,1,1,1,1,1,1,-1,1,-1,1,1,1,1,-1,1,1,1,1,1,1,1,1,1,1,1,1,1,-1,1,1,1,1,1,1,1,1,1,-1,1,1,1,-1,1,1,1,1,1,1,-1,1,1,1,1,1,1,-1,1,1,1,1,1,1,-1,-1,1,1,1,1,1,-1,1,1,1,-1,1,1,-1,-1,1,1,1,1,1,-1,1,1,1,1,1,1,1,-1,1,-1,1,1,1,-1,1,1,1,1,1,-1,-1,-1,1,-1,1,-1,1,-1,-1,1,-1,1,1,1,-1,-1,1,-1,1,-1,1,-1,-1,1,-1,1,1,1,1,-1,-1,1,1,-1,1,-1,-1,1,-1,-1,1,1,1,-1,1,-1,1,-1,-1,1,-1,-1,-1,1,-1,-1,1,-1,1,1,1,-1,-1,1,-1,-1,-1,1,-1,1,1,1,-1,1,1,-1,1,1,-1,-1,1,1,-1,1,1,-1,-1,1,1,-1,1,1,1,-1,-1,1,-1,-1,1,1,-1,1,1,1,1,1,1,-1,1,1,1,-1,1,1,1,1,1,-1,-1,1,1,-1,-1,1,-1,-1,1,1,1,-1,1,1,-1,1,1,1,1,1,1,1,1,1,-1,1,1,-1,-1,1,1,-1,1,1,-1,1,-1,1,-1,-1,1,1,1,1,1,-1,1,1,1,-1,-1,1,-1,1,1,1,-1,-1,1,-1,1,1,1,-1,-1,1,1,-1,1,1,-1,-1,1,-1,1,-1,1,-1,1,-1,1,-1,1,1,1,-1,-1,1,-1,1,1,-1,1,1,1,-1,-1,-1,-1,1,-1,1,-1,1,1,-1,1,1,-1,-1,1,1,-1,1,1,-1,1,1,1,1,-1,1,1,-1,-1,1,1,1,-1,1,-1,1,-1,-1,1,1,1,-1,-1,-1,1,1,1,1,1,-1,1,-1,1,1,1,1,1,-1,-1,1,-1,1,-1,1,-1,-1,-1,1,1,1,1,-1,-1,1,-1,1,1,1,-1,1,-1,1,-1,1,1,-1,-1,1,-1,1,1,1,-1,-1,-1,1,1,1,1,-1,-1,1,1,1,1,-1,1,-1,1,1,1,1,-1,-1,-1,-1,1,1,1,-1,1,-1,1,-1,1,1,-1,-1,1,-1,1,1,1,1,-1,-1,-1,-1,1,1,1,-1,-1,1,-1,1,1,-1,-1,-1,-1,-1,1,-1,1,-1,-1,-1,-1,1,-1,1,-1,-1,-1,-1,-1,1,1,1,-1,-1,-1,1,-1,1,-1,1,1,-1,-1,1,-1,1,1,1,1,-1,1,-1,-1,1,1,-1,1,1,-1,-1,-1,1,-1,-1,1,-1,-1,1,1,1,-1,1,-1,-1,1,1,-1,-1,1,-1,1,1,1,-1,-1,1,-1,-1,-1,1,1,-1,1,-1,-1,-1,1,-1,-1,1,-1,1,1,1,1,-1,-1,1,-1,-1,-1,-1,-1,1,1,1,-1,-1,1,-1,-1,1,-1,-1,1,-1,-1,1,1,-1,-1,1,-1,-1,1,1,-1,1,-1,-1,-1,-1,1,1,-1,-1,-1,-1,1,1,-1,-1,1,-1,-1,-1,1,1,-1,-1,-1,-1,-1,1,-1,-1,-1,-1,-1,1,1,1,-1,-1,-1,-1,-1,1,1,-1,-1,-1,-1,-1,1,1,1,-1,-1,-1,-1,1,1,-1,-1,-1,-1,1,1,1,1,-1,-1,1,1,1,1,1,-1,-1,-1,1,1,1,-1,1,-1,1,1,1,1,-1,1,-1,-1,1,-1,1,-1,1,-1,-1,1,-1,1,-1,-1,-1,-1,1,-1,1,-1,1,1,-1,1,-1,1,-1,1,1,-1,1,-1,1,-1,-1,-1,-1,1,1,-1,-1,-1,-1,-1,1,-1,1,-1,-1,-1,-1,-1,-1,-1,1,-1,-1,-1,1,-1,-1,1,-1,-1,-1,-1,-1,1,1,-1,-1,-1,-1,-1,1,-1,-1,-1,1,-1,-1,1,-1,1,-1,-1,-1,-1,-1,-1,-1,1,-1,-1,-1,1,1,-1,-1,-1,1,1,-1,-1,-1,-1,1,-1,-1,1,1,1,-1,-1,-1,-1,1,-1,1,1,-1,1,-1,-1,1,1,-1,-1,-1,-1,-1,-1,1,1,-1,-1,1,-1,1,1,-1,-1,-1,-1,-1,1,1,-1,-1,1,1,-1,1,1,1,-1,1,-1,1,1,1,-1,-1,1,-1,-1,1,1,-1,-1,1,-1,-1,1,1,-1,1,1,1,-1,1,1,-1,-1,1,1,-1,1,1,-1,-1,1,1,-1,1,1,1,-1,-1,1,-1,1,1,1,-1,1,1,-1,1,-1,1,-1,-1,1,-1,-1,1,1,-1,-1,1,-1,1,1,1,-1,-1,1,1,1,1,1,-1,-1,1,1,-1,1,-1,-1,-1,1,1,-1,1,-1,-1,1,1,1,-1,1,-1,-1,1,1,-1,1,1,-1,1,-1,1,1,1,1,1,-1,1,-1,1,1,1,1,-1,-1,1,1,-1,1,1,-1,-1,1,-1,1,1,-1,-1,1,-1,1,1,1,1,-1,1,-1,1,-1,1,1,-1,-1,1,-1,-1,1,1,1,-1,-1,-1,-1,1,-1,-1,1,-1,1,1,1,-1,1,-1,-1,1,1,1,1,1,-1,-1,-1,1,-1,-1,1,-1,-1,1,-1,1,1,1,-1,-1,-1,1,-1,-1,1,-1,-1,1,-1,1,1,1,1,-1,1,-1,-1,-1,1,1,-1,1,1,1,-1,1,1,-1,1,-1,1,1,1,1,-1,1,-1,1,-1,1,1,-1,1,1,1,-1,1,1,-1,-1,1,1,1,-1,1,-1,1,-1,1,-2648.0,1,2000,445,1000,True
2728,1,1,-1,-1,1,-1,1,1,1,1,1,-1,1,1,1,1,-1,1,-1,-1,1,1,1,1,1,-1,1,1,1,1,1,1,1,-1,1,1,-1,1,1,1,-1,1,1,1,1,1,1,-1,1,1,1,1,1,1,-1,1,-1,-1,1,1,1,-1,-1,-1,1,1,1,1,-1,1,1,-1,1,1,1,-1,1,1,-1,1,1,-1,-1,1,-1,1,1,1,-1,-1,1,1,-1,1,1,-1,1,-1,-1,1,1,1,-1,1,-1,-1,-1,1,1,1,1,1,-1,-1,1,1,1,1,-1,-1,-1,1,1,1,-1,1,-1,-1,1,1,1,1,-1,-1,-1,1,1,1,1,-1,-1,-1,1,1,1,1,-1,-1,-1,-1,1,1,1,-1,1,-1,-1,1,1,1,-1,1,-1,-1,1,1,1,-1,1,-1,1,1,1,1,-1,-1,-1,1,1,1,1,1,1,-1,1,1,1,-1,-1,-1,-1,-1,1,1,1,-1,1,-1,1,1,-1,1,-1,1,-1,-1,1,1,1,-1,1,-1,1,1,-1,1,-1,1,-1,1,1,1,1,1,1,1,-1,1,-1,1,-1,1,-1,-1,1,1,1,1,1,-1,-1,1,-1,-1,1,1,1,-1,1,1,-1,1,1,-1,1,1,-1,-1,1,1,-1,-1,1,-1,1,1,1,1,1,1,-1,1,1,1,1,1,1,-1,1,1,1,1,1,1,-1,-1,1,1,1,1,1,1,-1,1,1,-1,-1,1,1,1,1,1,1,1,1,-1,1,1,1,1,1,-1,1,1,1,-1,1,1,1,-1,-1,1,1,-1,1,1,1,-1,1,1,1,1,1,1,1,1,1,1,1,1,1,-1,1,1,1,1,1,-1,1,-1,1,1,-1,1,1,1,1,1,1,1,1,1,-1,-1,1,-1,1,1,1,-1,-1,1,1,1,1,1,-1,-1,1,1,-1,1,1,-1,-1,1,1,1,-1,1,-1,1,1,1,-1,1,1,1,-1,1,1,1,-1,1,-1,1,1,1,-1,-1,-1,-1,1,1,1,-1,1,1,-1,1,1,-1,-1,1,1,-1,1,1,-1,1,1,1,1,-1,1,1,1,-1,1,1,1,-1,1,-1,1,-1,-1,1,1,1,-1,-1,-1,1,1,-1,1,1,-1,1,-1,1,1,1,1,1,-1,-1,1,-1,1,-1,1,-1,-1,1,1,1,1,1,-1,-1,1,-1,1,1,1,-1,1,-1,1,-1,1,1,-1,-1,-1,-1,1,1,1,-1,-1,-1,1,1,1,1,-1,1,-1,1,1,1,-1,1,-1,1,1,1,1,-1,-1,-1,-1,1,1,1,-1,1,-1,-1,-1,1,1,-1,-1,1,-1,1,1,1,1,-1,-1,1,-1,1,1,1,-1,-1,1,-1,1,1,-1,-1,-1,-1,-1,1,-1,1,-1,-1,-1,-1,1,-1,1,1,-1,-1,-1,-1,1,1,1,-1,-1,-1,1,-1,-1,1,1,1,1,1,-1,1,-1,1,1,1,-1,-1,1,-1,1,1,1,-1,-1,-1,1,-1,1,1,1,-1,-1,-1,1,1,-1,1,-1,-1,-1,1,1,-1,1,-1,-1,-1,1,1,-1,1,-1,-1,-1,-1,1,1,1,-1,1,-1,-1,1,-1,1,-1,1,1,-1,1,-1,1,1,-1,-1,-1,-1,-1,1,1,-1,1,-1,-1,-1,1,1,-1,-1,-1,1,1,1,-1,-1,-1,-1,1,1,1,-1,1,-1,1,-1,1,1,1,-1,-1,-1,-1,-1,1,-1,1,-1,-1,1,-1,1,1,-1,1,-1,-1,1,1,1,-1,1,-1,-1,-1,1,1,-1,1,-1,-1,-1,1,1,-1,1,-1,-1,-1,1,1,1,-1,1,-1,-1,1,1,-1,-1,-1,-1,-1,1,1,1,-1,1,-1,-1,-1,-1,1,-1,1,-1,-1,1,-1,-1,1,-1,1,-1,-1,1,-1,1,-1,1,-1,1,-1,-1,1,-1,1,-1,-1,1,-1,1,-1,-1,-1,-1,1,-1,1,-1,1,-1,-1,1,-1,1,-1,1,-1,-1,-1,1,1,-1,-1,-1,-1,1,-1,-1,-1,-1,-1,-1,-1,-1,1,-1,-1,-1,-1,1,1,-1,1,-1,-1,-1,1,-1,-1,1,-1,-1,-1,-1,-1,1,1,-1,-1,-1,-1,-1,1,-1,-1,-1,1,-1,-1,1,-1,1,-1,-1,-1,-1,-1,-1,-1,1,-1,-1,-1,1,1,-1,-1,-1,-1,1,-1,-1,-1,1,-1,-1,-1,1,-1,1,-1,-1,-1,-1,1,-1,1,-1,-1,1,-1,-1,1,1,-1,-1,-1,-1,-1,-1,1,1,-1,-1,1,-1,1,1,-1,-1,-1,1,-1,-1,1,-1,-1,1,-1,-1,1,1,1,-1,1,-1,1,1,1,-1,-1,1,-1,-1,1,1,1,-1,1,-1,-1,1,1,-1,1,1,1,-1,1,1,1,-1,1,1,-1,1,1,1,-1,1,-1,-1,1,1,1,-1,-1,1,-1,1,1,1,-1,1,1,-1,1,-1,1,1,-1,1,-1,-1,1,-1,1,-1,1,-1,1,1,1,1,-1,1,1,1,1,1,-1,-1,1,1,-1,1,1,-1,1,-1,1,-1,1,1,-1,1,1,1,-1,1,1,-1,1,1,-1,1,1,1,-1,-1,1,1,1,1,1,-1,1,-1,1,1,1,1,-1,-1,-1,1,-1,1,1,-1,-1,1,-1,1,1,-1,-1,1,-1,1,1,1,1,-1,1,-1,1,-1,1,1,-1,-1,1,-1,-1,1,1,1,-1,-1,-1,-1,1,-1,-1,1,-1,1,1,-1,-1,1,-1,-1,1,-1,1,1,1,-1,-1,-1,1,-1,-1,1,-1,1,-1,1,1,1,1,-1,1,-1,1,-1,-1,1,-1,-1,1,-1,1,1,1,1,-1,1,-1,-1,-1,1,1,-1,1,1,-1,-1,1,1,-1,1,-1,1,1,1,1,-1,1,-1,1,-1,-1,1,-1,1,1,1,-1,1,1,-1,-1,1,1,1,-1,1,-1,1,-1,1,-2648.0,1,2000,445,1000,True
2729,1,1,-1,-1,1,-1,1,1,1,1,1,-1,1,1,1,1,-1,1,-1,-1,1,1,1,1,1,-1,1,1,1,1,1,1,1,-1,1,1,-1,1,1,1,-1,1,1,1,1,1,1,-1,1,1,1,1,-1,1,-1,1,-1,-1,1,1,1,-1,-1,-1,1,1,1,1,-1,1,1,-1,1,1,1,-1,1,1,-1,1,1,-1,-1,1,-1,1,1,1,-1,-1,1,1,-1,1,1,-1,1,-1,-1,1,1,1,-1,1,-1,-1,-1,1,1,1,1,1,-1,-1,1,1,1,1,-1,-1,-1,1,1,1,-1,1,-1,-1,1,1,1,1,-1,-1,-1,1,1,1,1,-1,-1,-1,-1,1,1,1,-1,-1,-1,-1,1,1,1,-1,1,-1,-1,1,1,1,-1,1,-1,-1,1,1,1,-1,1,-1,1,1,1,1,-1,-1,-1,1,1,1,-1,1,1,-1,1,1,1,1,-1,-1,-1,-1,1,1,1,-1,1,-1,-1,1,-1,1,-1,1,-1,-1,1,1,1,-1,1,-1,1,1,-1,1,-1,1,-1,1,1,1,1,1,1,1,-1,1,-1,1,-1,1,-1,-1,1,1,1,1,1,-1,-1,1,-1,-1,1,1,1,-1,1,1,-1,1,1,-1,1,1,-1,-1,1,1,-1,-1,1,-1,1,1,1,1,1,1,-1,1,1,1,1,1,1,-1,1,1,1,1,1,1,-1,-1,1,1,1,1,1,1,-1,1,1,-1,-1,1,1,1,1,1,1,1,1,-1,1,1,1,1,1,-1,1,1,1,1,1,1,1,-1,-1,1,1,-1,1,1,1,-1,1,1,1,1,1,1,1,1,1,1,1,1,1,-1,1,1,1,1,1,1,-1,1,1,1,-1,1,1,1,1,1,1,1,1,1,-1,-1,1,-1,1,1,1,-1,1,1,1,1,1,1,-1,-1,1,1,-1,1,1,-1,-1,1,1,1,-1,1,-1,-1,-1,1,-1,1,1,1,-1,-1,1,1,-1,1,-1,1,1,1,-1,-1,-1,-1,-1,1,1,-1,1,1,-1,-1,1,-1,-1,1,1,-1,-1,1,-1,1,1,1,-1,-1,1,1,1,-1,1,1,1,-1,1,-1,1,1,1,-1,1,1,-1,-1,-1,1,1,1,1,-1,1,-1,1,-1,1,1,1,-1,-1,1,1,-1,1,-1,1,-1,1,-1,1,1,1,1,-1,1,-1,-1,1,1,-1,-1,1,1,1,-1,1,-1,-1,-1,1,-1,1,1,-1,-1,1,1,1,1,-1,1,-1,1,-1,-1,1,-1,-1,-1,1,1,1,1,-1,-1,-1,1,-1,1,1,1,-1,-1,1,-1,-1,1,-1,-1,-1,1,-1,1,1,1,-1,-1,1,-1,-1,1,-1,-1,-1,-1,-1,1,1,-1,-1,-1,1,-1,-1,1,-1,-1,-1,-1,1,-1,1,-1,-1,-1,-1,1,-1,-1,1,1,1,-1,1,-1,1,1,1,1,1,-1,1,1,-1,-1,1,-1,1,1,-1,-1,1,-1,1,1,1,-1,-1,-1,-1,-1,1,1,1,-1,-1,-1,1,1,-1,1,-1,-1,-1,1,1,-1,1,-1,-1,1,1,1,-1,1,-1,-1,-1,-1,1,1,1,-1,1,-1,-1,1,-1,1,-1,-1,1,-1,1,-1,1,1,-1,-1,-1,-1,-1,1,1,-1,1,-1,-1,-1,1,1,-1,-1,-1,1,1,1,-1,-1,-1,-1,1,1,1,-1,1,-1,1,-1,1,1,1,-1,-1,-1,-1,-1,1,-1,1,-1,-1,1,-1,1,1,-1,1,-1,-1,1,1,1,-1,1,-1,-1,-1,1,1,-1,1,-1,-1,-1,1,1,-1,1,-1,-1,-1,1,1,1,-1,1,-1,-1,1,1,-1,-1,-1,-1,-1,1,1,-1,-1,1,1,-1,-1,-1,1,-1,1,1,-1,1,-1,-1,1,-1,-1,-1,1,1,-1,1,-1,1,-1,1,-1,-1,1,-1,1,-1,1,1,-1,1,-1,1,-1,-1,1,-1,1,-1,1,-1,-1,1,-1,1,1,1,-1,-1,-1,1,1,1,1,-1,-1,1,-1,-1,1,1,-1,-1,-1,-1,1,-1,1,-1,-1,1,1,-1,1,1,-1,-1,1,-1,-1,1,1,-1,-1,-1,-1,1,-1,1,-1,-1,-1,-1,1,1,-1,-1,1,-1,-1,1,-1,1,-1,-1,-1,-1,-1,1,1,1,-1,-1,-1,1,1,1,-1,-1,-1,1,-1,-1,1,-1,-1,-1,-1,1,1,1,-1,-1,-1,-1,1,-1,1,1,-1,1,-1,-1,1,1,-1,-1,-1,-1,-1,-1,1,1,-1,-1,1,-1,1,1,-1,-1,-1,1,-1,1,1,-1,-1,1,-1,-1,1,1,1,-1,1,-1,1,1,1,-1,-1,1,-1,-1,1,1,1,-1,1,-1,-1,1,1,-1,1,1,-1,-1,1,1,-1,-1,1,-1,-1,1,1,1,-1,1,-1,-1,1,1,1,-1,-1,1,-1,-1,1,1,-1,1,-1,-1,1,-1,1,1,-1,1,-1,-1,1,-1,1,-1,1,-1,1,1,1,1,-1,1,-1,1,1,1,-1,-1,1,1,-1,1,1,-1,1,-1,1,-1,1,1,-1,1,1,-1,1,1,1,-1,1,1,1,-1,1,1,-1,-1,1,-1,-1,1,1,-1,1,-1,1,-1,1,1,-1,-1,-1,1,-1,1,1,-1,-1,1,1,-1,-1,-1,-1,1,-1,1,-1,-1,1,-1,1,-1,1,1,-1,1,-1,-1,1,-1,1,-1,1,1,-1,-1,-1,1,-1,-1,-1,1,-1,1,-1,1,-1,1,-1,1,1,1,-1,1,1,-1,-1,1,-1,1,-1,1,-1,-1,1,-1,-1,1,1,-1,-1,1,1,1,-1,1,-1,-1,1,1,1,1,1,1,-1,1,-1,1,-1,1,1,-1,1,1,1,-1,1,1,-1,1,-1,1,1,1,1,-1,1,-1,1,-1,-1,1,-1,1,1,1,-1,1,1,-1,1,-1,1,1,-1,1,-1,-1,1,1,-2648.0,1,2000,445,1000,True
2730,1,1,-1,-1,1,1,-1,1,1,1,1,-1,-1,1,1,1,-1,1,-1,-1,-1,1,1,1,1,1,-1,-1,1,1,1,1,-1,-1,-1,1,-1,1,1,1,-1,-1,1,1,1,1,1,1,-1,-1,1,1,-1,1,-1,-1,1,-1,1,1,1,-1,-1,-1,1,1,1,1,1,-1,1,-1,1,1,1,1,-1,1,1,1,1,1,1,-1,-1,1,1,1,1,-1,-1,1,-1,1,1,1,1,1,-1,1,1,1,1,1,1,-1,-1,1,1,1,1,-1,-1,-1,1,1,1,1,1,-1,-1,1,1,1,1,-1,-1,-1,1,1,1,1,1,-1,-1,1,1,1,1,1,-1,-1,1,1,1,1,1,-1,-1,-1,1,1,1,1,1,-1,1,1,1,1,1,-1,-1,-1,1,1,1,1,1,-1,1,1,1,1,1,-1,-1,1,1,1,1,-1,1,-1,1,1,1,1,1,-1,-1,-1,1,1,1,1,1,-1,-1,1,-1,-1,1,1,-1,-1,1,1,1,1,1,-1,1,1,-1,-1,1,1,-1,1,1,1,1,1,1,1,-1,1,-1,1,1,1,-1,-1,1,1,1,1,1,-1,-1,1,-1,-1,1,1,1,-1,1,-1,1,1,1,-1,1,1,1,1,1,1,-1,-1,-1,1,1,-1,1,1,1,-1,1,1,-1,1,1,1,1,1,1,-1,1,1,1,1,-1,1,1,1,1,1,1,1,1,1,1,-1,-1,1,-1,1,-1,1,1,1,1,1,1,-1,1,1,1,-1,1,1,1,1,1,1,1,-1,1,-1,1,-1,1,1,1,1,-1,1,1,1,1,1,-1,1,1,1,1,1,1,-1,1,1,1,1,1,1,-1,1,1,1,-1,1,1,1,-1,1,1,-1,1,1,-1,1,1,-1,1,1,1,-1,1,1,1,-1,1,1,-1,1,1,1,-1,1,1,1,1,1,1,1,-1,1,-1,1,-1,1,-1,1,1,1,-1,-1,1,1,-1,1,-1,1,1,1,-1,-1,-1,-1,1,-1,1,-1,1,1,-1,1,1,-1,1,-1,1,-1,1,1,-1,1,1,1,1,1,1,1,1,-1,1,-1,-1,-1,1,-1,1,-1,-1,1,1,1,-1,1,-1,1,-1,1,1,-1,1,-1,-1,1,1,1,1,1,-1,1,-1,-1,1,-1,1,-1,-1,-1,-1,-1,1,1,-1,-1,1,-1,1,1,-1,-1,1,-1,-1,1,-1,1,-1,-1,1,-1,1,-1,-1,1,-1,-1,1,1,-1,1,-1,-1,1,1,1,-1,-1,1,-1,1,1,-1,-1,-1,-1,-1,-1,1,-1,1,-1,1,-1,1,1,1,-1,-1,-1,1,-1,1,1,-1,1,-1,1,-1,1,-1,1,-1,-1,-1,-1,1,-1,1,-1,-1,1,-1,1,-1,1,-1,-1,-1,-1,1,-1,1,-1,1,-1,1,1,1,1,1,1,-1,1,1,-1,-1,1,-1,1,-1,1,1,-1,-1,1,1,-1,-1,1,-1,1,-1,1,-1,1,-1,-1,-1,-1,-1,-1,-1,1,-1,-1,-1,1,-1,-1,1,-1,-1,-1,1,-1,-1,1,-1,-1,1,1,-1,-1,1,-1,-1,-1,-1,-1,1,1,-1,1,-1,-1,-1,-1,1,-1,1,1,1,-1,-1,1,1,-1,-1,-1,1,-1,1,1,-1,-1,-1,1,-1,-1,1,-1,-1,1,-1,1,1,-1,-1,-1,-1,1,1,1,-1,1,-1,-1,1,1,1,1,-1,-1,-1,1,-1,1,-1,1,-1,-1,1,-1,1,1,-1,1,-1,1,1,1,1,-1,1,-1,1,-1,1,1,-1,-1,-1,-1,-1,1,1,-1,1,-1,1,-1,1,1,-1,-1,1,1,-1,1,1,-1,-1,-1,1,-1,1,1,-1,-1,1,-1,-1,-1,-1,1,-1,1,-1,-1,1,-1,-1,1,1,1,-1,1,1,-1,1,1,1,-1,1,-1,1,-1,1,-1,-1,1,1,-1,1,1,-1,-1,-1,1,-1,1,-1,1,-1,-1,1,-1,1,1,-1,-1,-1,-1,1,1,1,1,-1,-1,1,-1,-1,1,1,-1,-1,-1,-1,1,-1,1,-1,-1,1,1,-1,1,1,-1,-1,1,-1,-1,1,1,-1,-1,-1,-1,1,-1,1,-1,-1,-1,-1,1,-1,-1,-1,1,-1,1,-1,-1,1,-1,-1,-1,-1,-1,-1,1,1,-1,-1,-1,-1,1,1,-1,-1,-1,1,-1,-1,1,-1,-1,-1,-1,1,1,1,-1,-1,1,-1,1,1,1,1,-1,1,-1,-1,-1,1,-1,-1,-1,-1,-1,-1,1,1,-1,-1,1,-1,1,1,-1,-1,-1,1,-1,1,1,-1,-1,1,1,-1,1,1,1,-1,1,-1,1,1,1,-1,-1,1,-1,-1,1,1,-1,-1,-1,-1,-1,1,1,-1,1,1,-1,-1,1,1,-1,-1,1,-1,-1,1,1,-1,-1,1,-1,-1,1,1,1,-1,-1,-1,-1,1,1,-1,-1,1,-1,-1,1,-1,1,-1,1,-1,-1,-1,1,1,-1,-1,-1,-1,1,1,1,-1,1,-1,1,1,1,1,-1,-1,-1,1,-1,1,-1,-1,-1,-1,1,-1,1,-1,-1,-1,-1,1,1,1,-1,-1,-1,1,-1,1,1,-1,1,-1,1,1,1,-1,1,-1,1,-1,1,1,1,1,-1,1,-1,1,-1,1,1,-1,-1,1,-1,1,1,1,-1,1,-1,1,1,-1,1,-1,1,-1,1,1,-1,1,-1,1,-1,1,-1,1,1,-1,-1,-1,-1,-1,1,1,1,-1,1,1,1,1,1,-1,-1,1,1,1,1,1,-1,-1,1,-1,1,1,1,-1,-1,-1,-1,-1,-1,-1,-1,-1,-1,-1,1,1,1,-1,1,1,-1,-1,1,1,1,-1,1,-1,1,1,1,-1,-1,1,-1,1,1,1,-1,-1,1,-1,1,1,1,-1,-1,1,-1,1,-1,1,1,-1,1,-1,-1,1,1,-1,-1,-1,-1,1,1,1,1,-1,1,-1,-1,1,-2648.0,1,2000,445,1000,True
2731,-1,-1,-1,-1,1,1,-1,1,-1,1,1,-1,-1,1,-1,-1,1,1,-1,-1,-1,1,-1,1,1,-1,-1,-1,-1,-1,1,1,-1,-1,-1,1,1,-1,1,1,-1,-1,1,-1,-1,1,1,-1,1,-1,-1,1,-1,1,-1,-1,-1,1,-1,1,1,-1,-1,1,-1,-1,1,1,-1,-1,1,-1,1,1,1,-1,-1,1,-1,-1,1,-1,-1,-1,-1,1,1,1,-1,-1,1,-1,1,1,1,-1,-1,-1,-1,1,1,1,-1,-1,1,-1,1,1,1,-1,-1,-1,-1,1,1,1,-1,-1,1,-1,-1,1,1,1,-1,-1,-1,-1,1,1,1,-1,1,-1,1,1,1,1,-1,1,-1,-1,1,1,1,-1,1,-1,-1,1,1,1,-1,-1,1,-1,1,1,1,-1,1,-1,-1,1,-1,1,-1,1,-1,1,1,1,-1,-1,1,-1,1,1,1,-1,1,-1,1,-1,1,1,-1,1,1,-1,1,-1,1,1,1,1,1,-1,-1,1,-1,1,1,1,-1,-1,1,1,-1,1,1,1,-1,1,-1,1,1,1,-1,-1,1,1,1,1,1,1,-1,1,-1,-1,1,1,1,-1,1,1,-1,1,1,-1,-1,1,-1,-1,1,1,1,-1,-1,1,-1,1,1,-1,1,1,-1,1,1,1,-1,-1,1,-1,1,-1,1,-1,-1,1,-1,1,-1,1,-1,-1,1,-1,1,-1,-1,-1,-1,1,-1,-1,1,1,-1,-1,1,1,-1,1,1,-1,-1,-1,1,1,-1,1,-1,-1,-1,1,-1,-1,1,-1,-1,-1,1,1,1,1,-1,-1,-1,1,-1,-1,1,1,-1,-1,1,1,-1,1,1,1,-1,1,1,1,1,-1,-1,1,1,-1,1,1,-1,-1,1,1,-1,1,1,-1,1,-1,1,1,-1,1,-1,1,1,1,-1,1,1,-1,-1,1,1,-1,1,1,-1,-1,1,1,-1,1,1,-1,1,-1,1,-1,1,1,-1,1,-1,1,-1,1,-1,1,1,-1,1,1,-1,-1,1,-1,1,1,-1,1,1,1,1,1,-1,-1,1,1,1,1,-1,1,-1,1,1,1,1,-1,1,1,1,1,-1,1,-1,1,-1,1,1,1,1,-1,1,1,1,-1,1,1,1,1,1,1,1,1,1,-1,-1,1,-1,1,1,-1,1,-1,1,1,1,1,1,1,-1,1,-1,-1,1,-1,1,-1,1,1,1,1,-1,1,-1,-1,1,-1,1,-1,1,-1,1,1,1,1,-1,1,-1,-1,1,-1,1,-1,-1,-1,1,1,1,1,-1,1,-1,1,-1,1,1,-1,1,-1,1,-1,1,-1,-1,-1,-1,1,-1,1,-1,-1,-1,-1,1,-1,1,1,1,-1,-1,1,-1,1,1,-1,-1,-1,1,1,1,-1,1,-1,-1,-1,-1,1,-1,1,-1,-1,1,-1,1,-1,1,-1,-1,-1,1,1,-1,1,-1,-1,-1,1,1,1,1,1,1,-1,1,1,-1,1,1,-1,1,-1,1,1,-1,-1,1,-1,-1,-1,1,-1,1,-1,1,-1,1,-1,-1,-1,-1,-1,-1,1,1,-1,-1,-1,1,-1,-1,1,-1,-1,-1,1,-1,1,1,-1,-1,1,1,-1,1,1,-1,-1,-1,-1,-1,-1,1,-1,1,-1,-1,-1,1,1,-1,-1,1,1,-1,-1,1,1,-1,-1,-1,1,1,1,1,-1,1,-1,1,1,1,-1,1,-1,-1,-1,1,1,-1,1,-1,-1,1,1,1,-1,1,-1,-1,1,-1,1,1,1,1,-1,1,1,1,1,1,-1,-1,1,1,1,-1,1,1,-1,1,-1,1,1,1,-1,-1,1,1,-1,1,1,1,-1,-1,1,-1,1,1,1,-1,1,1,-1,-1,1,1,-1,1,1,-1,-1,1,1,-1,1,1,-1,1,1,1,1,-1,1,-1,1,1,1,1,-1,1,-1,1,1,-1,1,1,-1,1,1,1,-1,1,-1,1,1,1,1,-1,1,-1,-1,-1,1,1,-1,1,-1,1,-1,1,1,-1,1,-1,1,-1,1,1,-1,1,-1,1,-1,-1,1,1,1,1,-1,-1,1,1,-1,1,1,-1,-1,1,1,-1,-1,-1,-1,-1,1,1,1,-1,1,-1,-1,1,1,1,-1,1,-1,-1,-1,1,-1,-1,1,-1,-1,-1,1,-1,1,-1,-1,1,-1,1,1,-1,1,-1,-1,-1,1,1,-1,1,1,-1,-1,-1,1,1,1,-1,-1,-1,1,1,-1,1,-1,1,-1,1,-1,1,1,-1,-1,-1,-1,1,-1,1,1,-1,1,-1,-1,1,1,-1,-1,-1,-1,-1,-1,1,1,-1,-1,1,-1,1,1,-1,-1,-1,1,-1,1,1,-1,-1,1,-1,-1,1,1,1,-1,1,-1,1,1,1,-1,-1,1,-1,-1,1,1,1,-1,1,-1,-1,1,1,-1,1,1,-1,-1,1,1,1,1,1,-1,-1,1,1,-1,1,1,-1,-1,1,1,1,1,-1,1,-1,-1,1,1,-1,1,-1,-1,1,-1,1,1,1,1,-1,-1,1,-1,1,1,1,-1,1,1,1,1,-1,1,-1,1,1,1,1,1,1,1,-1,1,1,1,1,-1,1,-1,1,1,1,1,1,-1,1,1,1,1,-1,1,1,-1,1,1,-1,1,1,-1,-1,1,1,1,1,-1,1,-1,1,1,1,-1,-1,1,-1,1,1,1,-1,1,-1,-1,-1,1,1,-1,-1,1,-1,-1,1,1,-1,-1,1,-1,-1,1,1,1,-1,1,-1,-1,1,1,-1,-1,-1,1,-1,1,1,-1,1,1,-1,1,1,-1,-1,1,-1,-1,-1,1,1,-1,1,1,-1,1,1,-1,-1,-1,-1,1,-1,-1,-1,-1,-1,-1,-1,1,1,-1,1,1,-1,1,1,1,1,-1,1,-1,1,1,1,-1,-1,1,-1,-1,1,1,-1,-1,1,-1,1,1,1,-1,-1,1,-1,1,1,1,1,-1,1,-1,-1,1,1,1,-1,-1,1,-1,1,1,1,-1,1,-1,-1,1,-2648.0,1,2000,445,1500,True
2732,1,1,-1,-1,1,-1,1,1,1,1,1,-1,1,1,1,1,-1,1,-1,-1,1,1,1,1,1,-1,1,1,1,1,1,1,1,-1,1,1,-1,1,1,1,-1,1,1,1,1,1,1,-1,1,-1,1,1,-1,1,-1,-1,1,-1,1,1,1,-1,-1,-1,1,1,1,1,-1,1,1,-1,1,1,1,-1,1,1,-1,1,1,-1,-1,1,-1,1,1,1,-1,-1,1,1,-1,1,1,-1,1,-1,-1,1,1,1,-1,1,-1,-1,-1,1,1,1,1,1,-1,-1,1,1,1,1,-1,-1,-1,1,1,1,-1,1,-1,-1,1,1,1,1,-1,-1,-1,1,1,1,1,-1,-1,-1,-1,1,1,1,-1,-1,-1,-1,1,1,1,-1,1,-1,1,1,1,1,-1,-1,-1,-1,1,1,1,-1,1,-1,1,1,1,1,-1,-1,-1,1,1,1,1,1,1,-1,1,1,1,1,-1,-1,-1,-1,1,1,1,-1,1,-1,-1,1,-1,1,-1,1,-1,-1,1,1,1,-1,1,-1,1,1,-1,1,-1,1,-1,1,1,1,1,1,1,1,-1,1,-1,1,-1,1,-1,-1,1,1,1,1,1,-1,-1,1,-1,-1,1,1,1,-1,1,1,-1,1,1,-1,1,1,-1,-1,1,1,-1,-1,1,-1,1,1,1,1,1,1,-1,1,1,1,1,1,1,-1,1,1,1,1,1,1,-1,-1,1,1,1,1,1,1,-1,1,1,-1,-1,1,1,1,1,1,1,1,1,-1,1,1,1,1,1,-1,1,1,1,1,1,1,1,-1,-1,1,1,-1,1,1,1,-1,1,1,1,1,1,1,1,1,1,1,1,1,1,-1,1,1,1,1,1,-1,1,-1,1,1,-1,1,1,1,1,1,1,1,1,1,-1,-1,1,-1,1,1,1,-1,-1,1,1,1,1,1,-1,-1,1,1,-1,1,1,-1,-1,1,1,1,-1,1,-1,1,-1,1,-1,1,1,1,-1,-1,1,1,-1,1,-1,1,1,1,-1,-1,-1,-1,1,1,1,-1,1,1,-1,1,1,-1,-1,1,1,-1,1,1,-1,1,1,1,1,-1,1,1,-1,-1,1,1,1,-1,1,-1,1,-1,-1,1,1,1,-1,1,-1,1,1,1,1,1,-1,1,-1,1,1,1,1,1,-1,-1,1,-1,1,-1,1,-1,-1,-1,1,1,1,1,-1,-1,1,-1,1,1,1,-1,1,-1,1,-1,1,1,-1,-1,1,-1,1,1,1,1,-1,-1,1,1,1,1,-1,-1,1,-1,1,1,-1,1,-1,1,-1,1,1,-1,-1,-1,-1,1,1,1,-1,1,-1,1,-1,1,1,-1,-1,1,-1,1,1,1,1,-1,-1,-1,-1,-1,1,1,-1,-1,1,1,-1,1,-1,-1,-1,-1,-1,1,-1,1,-1,-1,-1,-1,1,-1,1,-1,-1,-1,-1,-1,1,1,1,-1,-1,-1,1,-1,1,-1,1,1,1,1,-1,-1,1,1,1,-1,1,-1,1,-1,1,1,1,-1,-1,-1,1,-1,1,-1,1,-1,-1,-1,1,1,-1,1,-1,-1,-1,1,1,-1,1,-1,-1,1,1,1,-1,1,-1,-1,-1,-1,1,1,1,-1,1,-1,-1,1,-1,1,-1,1,1,1,1,-1,1,1,-1,-1,-1,-1,-1,1,1,-1,-1,-1,1,-1,1,1,-1,-1,-1,-1,1,1,-1,-1,-1,-1,-1,1,1,-1,1,-1,1,1,1,1,1,-1,-1,-1,-1,-1,1,-1,1,-1,-1,1,-1,1,1,-1,1,-1,-1,1,1,1,-1,1,-1,1,-1,1,1,-1,1,-1,1,-1,1,1,-1,1,-1,-1,-1,1,1,1,-1,1,-1,-1,1,1,-1,-1,-1,-1,-1,1,1,1,-1,1,-1,-1,-1,-1,1,-1,1,-1,-1,1,-1,-1,1,-1,1,-1,1,1,-1,1,-1,1,-1,1,-1,-1,1,-1,1,-1,1,1,-1,1,-1,-1,-1,-1,1,-1,1,-1,1,-1,-1,1,-1,1,-1,1,-1,-1,-1,1,1,-1,-1,-1,-1,1,-1,-1,-1,-1,-1,-1,-1,-1,1,-1,-1,-1,-1,1,1,-1,1,-1,-1,-1,1,-1,-1,1,-1,-1,-1,-1,-1,1,1,-1,-1,-1,-1,-1,1,-1,-1,-1,1,-1,-1,1,-1,1,-1,-1,-1,-1,-1,-1,-1,1,-1,-1,-1,1,1,-1,-1,-1,-1,1,-1,-1,-1,-1,-1,-1,-1,1,-1,1,-1,-1,-1,-1,1,1,1,1,-1,1,-1,-1,-1,1,-1,-1,-1,-1,-1,-1,1,1,-1,-1,1,-1,1,1,-1,-1,-1,1,-1,1,1,-1,-1,1,-1,-1,1,1,1,-1,1,-1,1,1,1,-1,-1,1,-1,-1,1,1,1,-1,1,-1,-1,1,1,-1,1,1,-1,-1,1,1,-1,-1,1,1,-1,1,1,1,-1,1,-1,-1,1,1,1,-1,-1,1,-1,1,1,1,-1,1,1,-1,1,-1,1,1,-1,1,-1,-1,1,-1,1,-1,1,-1,1,1,1,1,-1,1,1,1,1,1,-1,-1,1,1,-1,1,1,-1,1,-1,1,-1,1,1,-1,1,1,1,-1,1,1,-1,1,1,-1,1,1,1,-1,-1,1,1,1,1,1,-1,1,-1,1,1,1,1,-1,-1,-1,1,-1,1,1,-1,-1,1,-1,1,1,-1,-1,1,-1,1,1,1,1,-1,1,-1,1,-1,1,1,-1,-1,1,-1,-1,1,-1,1,-1,-1,-1,-1,1,-1,-1,1,-1,1,1,1,-1,1,-1,-1,1,1,1,1,1,-1,-1,-1,1,-1,-1,1,-1,-1,1,-1,1,1,1,-1,-1,-1,1,-1,-1,1,-1,-1,1,-1,1,1,1,1,-1,1,-1,-1,-1,1,1,-1,1,1,1,-1,1,1,-1,1,-1,1,1,1,1,-1,1,-1,1,-1,1,1,-1,1,1,1,-1,1,1,-1,-1,1,1,1,-1,1,-1,1,-1,1,-2648.0,1,2000,445,1000,True
2733,1,1,-1,-1,1,-1,1,1,1,1,1,-1,1,1,1,1,-1,1,-1,-1,1,1,1,1,1,-1,1,1,1,1,1,1,1,-1,1,1,-1,1,1,1,-1,1,1,1,1,1,1,-1,1,-1,1,1,1,1,-1,1,1,-1,1,1,-1,-1,-1,-1,1,1,1,1,-1,1,1,-1,1,1,1,-1,1,1,-1,1,1,-1,-1,1,-1,1,1,1,-1,-1,1,1,-1,1,1,-1,1,-1,-1,1,1,1,-1,1,-1,-1,-1,1,1,1,1,1,-1,-1,1,1,1,1,-1,-1,-1,1,1,1,-1,1,-1,-1,1,1,1,1,-1,-1,-1,1,1,1,1,-1,-1,-1,1,1,1,1,-1,-1,-1,-1,1,1,1,-1,1,-1,1,1,1,1,-1,1,-1,-1,1,1,1,-1,1,-1,1,1,1,1,-1,-1,-1,1,1,1,-1,1,1,-1,1,1,1,-1,-1,-1,-1,-1,1,1,1,-1,1,-1,-1,1,-1,1,-1,1,-1,-1,1,1,1,-1,1,-1,1,1,-1,1,-1,1,-1,1,1,1,1,1,1,1,-1,1,-1,1,-1,1,-1,-1,1,1,1,1,1,-1,-1,1,-1,-1,1,1,1,-1,1,1,-1,1,1,-1,1,1,-1,-1,1,1,-1,-1,1,-1,1,1,1,1,1,1,-1,1,1,1,1,1,1,-1,1,1,1,1,1,1,-1,-1,1,1,1,1,1,1,-1,1,1,-1,-1,1,1,1,1,1,1,1,1,-1,1,1,1,1,1,-1,1,1,1,-1,1,1,1,-1,-1,1,1,-1,1,1,1,-1,1,1,1,1,1,1,1,1,1,1,1,1,1,-1,1,1,1,1,1,-1,1,-1,1,1,-1,1,1,1,1,1,1,1,1,1,-1,-1,1,-1,1,1,1,-1,-1,1,1,1,1,1,-1,-1,1,1,-1,1,1,-1,-1,1,1,1,-1,1,-1,1,1,1,-1,1,1,1,-1,1,1,1,-1,1,-1,1,1,1,-1,-1,-1,-1,1,1,1,-1,1,1,-1,1,1,-1,-1,1,1,-1,1,1,-1,1,1,-1,1,-1,1,1,1,-1,1,1,1,-1,1,-1,1,-1,-1,1,1,1,-1,-1,-1,1,1,-1,1,-1,1,-1,-1,1,1,1,1,-1,-1,-1,1,-1,1,-1,1,-1,-1,-1,1,1,1,1,-1,-1,1,-1,1,1,-1,-1,1,-1,1,-1,1,-1,-1,-1,1,-1,1,1,-1,-1,-1,-1,1,1,-1,1,-1,-1,1,1,1,-1,-1,1,-1,1,1,1,-1,-1,-1,-1,-1,1,1,1,-1,1,-1,1,-1,1,-1,-1,-1,1,-1,1,1,1,-1,-1,-1,-1,-1,1,-1,-1,-1,-1,1,-1,1,-1,-1,-1,-1,-1,-1,1,-1,-1,-1,-1,-1,-1,1,-1,-1,-1,-1,-1,-1,-1,1,1,1,-1,-1,-1,1,1,1,1,1,1,1,1,-1,1,-1,1,1,1,-1,-1,1,-1,1,1,1,-1,-1,-1,-1,-1,1,-1,1,-1,-1,-1,1,1,-1,1,-1,-1,-1,1,1,-1,1,-1,-1,-1,1,1,-1,1,-1,-1,-1,-1,1,1,1,-1,1,-1,-1,1,-1,1,-1,1,1,-1,1,-1,1,1,-1,-1,-1,-1,-1,1,1,-1,-1,-1,-1,-1,1,1,-1,-1,-1,1,1,1,-1,-1,-1,-1,1,1,1,-1,1,-1,1,-1,1,1,1,-1,-1,-1,-1,-1,1,-1,1,-1,-1,1,-1,1,1,-1,1,-1,-1,1,1,1,-1,1,-1,-1,-1,1,1,-1,1,-1,-1,-1,1,1,-1,1,-1,-1,-1,1,1,-1,-1,1,-1,-1,1,1,-1,-1,-1,-1,-1,1,1,1,-1,1,1,-1,-1,-1,1,-1,1,1,-1,1,-1,-1,1,-1,-1,-1,1,1,-1,1,-1,1,-1,1,-1,-1,1,-1,1,-1,1,1,-1,1,-1,1,-1,-1,1,-1,1,-1,1,-1,-1,1,-1,1,1,1,-1,-1,-1,1,1,1,1,-1,-1,1,-1,-1,1,1,-1,-1,-1,-1,1,-1,1,-1,-1,1,1,-1,1,1,-1,-1,1,-1,-1,1,1,-1,-1,-1,-1,1,-1,1,-1,-1,-1,-1,1,1,-1,-1,1,-1,-1,1,-1,1,-1,-1,-1,-1,-1,1,1,1,-1,-1,-1,1,1,1,-1,-1,-1,1,-1,-1,1,1,-1,-1,-1,1,1,1,-1,-1,-1,-1,1,-1,1,-1,-1,1,-1,-1,1,1,-1,-1,-1,-1,-1,-1,1,1,-1,-1,1,-1,1,1,-1,-1,-1,1,-1,1,1,-1,-1,1,-1,-1,1,1,1,-1,1,-1,1,1,1,-1,-1,1,-1,-1,1,1,1,-1,1,-1,-1,1,1,-1,1,1,-1,-1,1,1,1,-1,1,1,-1,1,1,1,-1,1,-1,-1,1,1,1,-1,-1,1,-1,1,1,1,-1,1,1,-1,1,-1,1,1,-1,1,-1,1,1,-1,1,-1,1,-1,1,1,1,1,-1,1,-1,1,1,1,-1,-1,1,1,-1,1,1,-1,1,-1,1,-1,1,1,-1,1,1,1,-1,1,1,-1,1,1,-1,1,1,1,-1,-1,1,1,1,1,1,-1,1,-1,1,1,1,1,-1,-1,-1,1,-1,1,1,-1,-1,1,-1,1,1,-1,-1,1,-1,1,1,1,1,-1,1,-1,1,-1,1,1,-1,-1,1,-1,-1,1,-1,1,-1,-1,-1,-1,1,-1,-1,1,-1,1,1,1,-1,1,-1,-1,1,1,1,1,1,-1,-1,-1,1,-1,-1,1,-1,1,-1,-1,1,1,1,-1,1,-1,1,-1,-1,1,-1,-1,1,-1,1,1,1,1,-1,1,-1,-1,-1,1,1,-1,1,1,1,-1,1,1,-1,1,-1,1,1,1,1,-1,1,-1,1,-1,1,1,-1,1,1,1,-1,1,1,-1,-1,1,1,1,-1,1,-1,1,-1,1,-2648.0,1,2000,445,1000,True
2734,1,1,-1,-1,1,-1,1,1,1,1,1,-1,1,1,1,1,-1,1,-1,-1,1,1,1,1,1,-1,1,1,1,1,1,1,-1,-1,1,1,-1,1,1,1,-1,1,1,1,1,1,1,1,1,-1,1,1,-1,1,-1,-1,-1,-1,1,1,1,-1,-1,1,1,1,1,1,1,1,1,-1,1,1,1,1,1,1,-1,1,1,-1,-1,1,-1,1,1,1,1,-1,1,-1,-1,1,1,1,1,-1,-1,1,1,1,1,1,-1,-1,-1,1,1,1,1,1,-1,-1,1,1,1,1,-1,-1,-1,1,1,1,1,1,-1,-1,1,1,1,1,-1,-1,-1,1,1,1,1,-1,-1,-1,1,1,1,1,-1,-1,-1,-1,1,1,1,-1,1,-1,-1,1,1,1,-1,1,-1,-1,1,1,1,-1,1,-1,1,1,1,1,-1,-1,-1,1,1,1,1,1,1,-1,1,1,1,1,-1,-1,-1,-1,1,1,-1,-1,1,-1,-1,1,-1,1,-1,1,-1,-1,1,1,1,-1,1,-1,1,1,-1,1,-1,1,-1,1,1,1,1,1,1,1,-1,1,-1,1,-1,1,-1,-1,1,1,1,1,1,-1,-1,1,-1,-1,1,1,1,-1,1,1,-1,1,1,-1,1,1,-1,-1,1,1,-1,-1,1,-1,1,1,1,1,1,1,-1,1,1,1,1,1,1,-1,1,1,1,1,1,1,-1,-1,1,1,1,1,1,1,-1,1,1,-1,-1,1,1,1,1,1,1,1,1,-1,1,1,1,1,1,-1,1,1,1,1,1,1,1,-1,-1,1,1,-1,1,1,1,-1,1,1,1,1,1,1,1,1,1,1,1,1,1,-1,1,1,1,1,1,-1,1,-1,1,1,-1,1,1,1,1,1,1,-1,1,1,-1,-1,1,-1,1,1,1,-1,-1,1,1,1,1,1,-1,-1,1,1,-1,1,1,-1,-1,1,1,1,-1,1,-1,-1,-1,1,-1,1,1,1,-1,-1,1,1,-1,1,-1,1,1,1,-1,-1,-1,-1,-1,1,1,-1,1,1,-1,-1,1,-1,1,-1,1,1,1,1,-1,1,1,1,-1,-1,1,1,1,-1,1,1,1,-1,1,-1,1,1,1,1,1,1,-1,-1,-1,1,1,1,1,-1,1,-1,1,-1,1,1,1,-1,-1,1,1,-1,1,-1,1,-1,1,-1,1,1,1,1,-1,-1,1,-1,1,1,-1,-1,1,1,1,-1,1,-1,-1,-1,1,-1,1,-1,-1,-1,1,1,1,1,-1,1,-1,1,1,-1,1,-1,-1,1,1,1,-1,1,-1,-1,-1,1,-1,1,1,-1,-1,-1,1,1,-1,1,1,-1,-1,1,-1,1,-1,1,-1,-1,1,-1,-1,-1,1,-1,-1,1,-1,1,-1,1,-1,-1,1,-1,-1,1,1,-1,-1,-1,1,-1,1,1,-1,-1,1,1,-1,-1,1,1,1,-1,1,-1,1,-1,1,1,1,-1,1,1,-1,-1,1,1,1,-1,1,-1,1,-1,1,1,1,-1,-1,-1,-1,-1,1,1,1,-1,-1,-1,1,1,-1,1,-1,-1,-1,1,1,1,1,-1,-1,1,1,1,1,1,-1,-1,-1,-1,1,1,1,-1,1,-1,-1,1,-1,1,-1,-1,1,-1,1,-1,1,1,-1,-1,-1,-1,-1,1,1,-1,-1,-1,1,-1,1,1,-1,-1,-1,-1,1,1,-1,-1,-1,-1,-1,1,1,-1,1,-1,1,1,1,1,1,-1,-1,-1,-1,-1,1,-1,1,-1,-1,1,-1,1,1,-1,1,-1,-1,1,1,1,-1,1,-1,1,-1,1,1,-1,1,-1,-1,-1,1,1,-1,1,-1,1,-1,1,1,-1,-1,1,-1,-1,1,1,-1,-1,-1,1,-1,1,1,-1,-1,1,-1,-1,-1,-1,1,-1,1,-1,-1,1,-1,-1,1,-1,1,-1,1,1,-1,1,-1,1,-1,1,-1,1,-1,1,-1,-1,1,1,-1,1,-1,-1,-1,-1,1,-1,1,-1,1,-1,-1,1,-1,1,1,-1,-1,-1,-1,1,1,1,1,-1,-1,1,-1,-1,1,1,-1,-1,-1,-1,1,-1,1,-1,-1,1,1,-1,1,1,-1,-1,1,-1,-1,1,1,-1,-1,-1,-1,1,-1,1,-1,-1,-1,-1,-1,1,-1,-1,1,-1,-1,1,-1,1,-1,-1,-1,-1,-1,1,1,1,-1,-1,-1,1,1,1,-1,-1,-1,1,-1,-1,1,-1,-1,-1,-1,1,1,1,-1,-1,-1,-1,1,-1,1,1,-1,1,-1,-1,1,1,-1,-1,-1,-1,-1,-1,1,1,-1,-1,1,-1,1,1,-1,-1,-1,1,-1,1,1,-1,-1,1,-1,-1,1,1,1,-1,1,-1,1,1,1,-1,-1,1,-1,-1,1,-1,-1,-1,1,-1,-1,1,1,-1,1,1,-1,-1,1,1,-1,-1,1,1,-1,1,1,-1,-1,1,-1,-1,1,1,1,-1,-1,1,-1,-1,1,1,-1,1,1,-1,1,-1,1,-1,-1,1,-1,-1,1,1,-1,-1,1,-1,1,-1,1,-1,-1,1,1,1,1,1,-1,-1,1,1,-1,-1,-1,-1,1,-1,1,-1,1,-1,-1,1,1,-1,1,-1,1,-1,1,1,1,-1,-1,-1,1,-1,1,-1,-1,1,1,-1,1,-1,1,-1,-1,1,-1,-1,-1,1,-1,1,1,-1,-1,1,-1,-1,-1,-1,-1,1,-1,1,-1,-1,1,-1,1,-1,1,1,-1,1,-1,-1,1,-1,-1,-1,-1,1,-1,-1,-1,1,-1,-1,-1,1,-1,1,-1,1,-1,1,-1,-1,1,-1,-1,1,1,-1,-1,1,-1,1,-1,1,-1,1,1,-1,-1,1,1,-1,-1,-1,1,1,-1,1,-1,-1,1,-1,1,1,1,1,-1,1,-1,1,-1,1,-1,-1,1,1,1,-1,1,1,-1,1,-1,1,1,1,1,-1,1,-1,1,-1,1,1,-1,1,1,1,-1,1,1,-1,-1,1,1,1,-1,1,-1,1,-1,1,-2648.0,1,2000,445,1000,True
2735,1,1,-1,-1,1,1,-1,1,1,1,1,-1,1,1,1,1,-1,1,-1,-1,-1,1,1,1,1,1,-1,-1,1,1,1,1,-1,-1,-1,1,-1,1,1,1,-1,-1,1,1,1,1,1,1,-1,-1,1,1,-1,1,-1,-1,-1,-1,1,1,1,-1,-1,-1,1,1,1,1,1,-1,1,-1,1,1,1,1,-1,1,-1,1,1,-1,1,-1,-1,1,1,1,1,-1,1,1,-1,1,1,1,1,-1,-1,1,1,1,1,1,1,-1,-1,1,1,1,1,-1,-1,-1,1,1,1,1,1,-1,-1,1,1,1,1,-1,-1,-1,1,1,1,1,1,-1,-1,1,1,1,1,1,-1,-1,-1,1,1,1,1,-1,-1,-1,1,1,1,1,1,-1,1,1,1,1,1,1,-1,-1,1,1,1,1,1,-1,1,1,1,1,1,-1,-1,1,1,1,1,-1,1,-1,1,1,1,1,1,-1,-1,-1,1,1,1,1,1,-1,-1,1,-1,1,1,1,-1,-1,1,1,1,1,1,-1,1,1,-1,1,1,1,-1,1,1,1,1,1,1,1,-1,1,-1,1,1,1,-1,-1,1,1,1,1,1,-1,-1,1,-1,1,1,1,1,-1,1,1,-1,1,1,-1,1,1,-1,1,1,1,-1,-1,1,-1,1,-1,1,1,1,1,-1,1,-1,1,1,1,1,-1,1,-1,1,1,1,1,-1,-1,1,1,1,1,1,1,-1,1,1,-1,-1,1,1,-1,-1,1,1,1,1,-1,1,-1,1,1,1,-1,1,-1,-1,-1,1,1,1,-1,1,-1,1,-1,1,1,1,1,-1,1,1,1,1,1,-1,-1,1,1,1,1,1,1,-1,1,1,1,1,1,-1,1,1,1,-1,1,1,-1,-1,1,1,-1,1,1,1,1,1,-1,1,1,1,1,1,1,1,-1,1,1,1,1,1,1,-1,1,1,1,1,1,1,1,-1,1,-1,1,1,1,-1,1,1,1,1,1,1,1,-1,1,1,-1,1,1,-1,-1,-1,-1,1,1,1,-1,1,1,-1,1,1,-1,1,-1,1,1,1,1,-1,-1,1,-1,1,1,1,1,1,-1,1,-1,-1,-1,1,-1,1,-1,-1,1,1,1,-1,-1,-1,-1,1,-1,1,-1,1,-1,-1,1,1,1,1,-1,-1,-1,1,-1,1,-1,1,-1,-1,-1,1,1,1,1,-1,-1,1,-1,1,1,-1,-1,1,-1,1,-1,1,-1,-1,1,-1,-1,1,-1,-1,-1,-1,-1,1,1,-1,1,-1,-1,-1,1,1,-1,-1,1,-1,1,-1,1,-1,-1,-1,-1,-1,1,1,-1,-1,1,-1,-1,-1,1,1,-1,-1,1,-1,1,-1,1,-1,-1,-1,-1,-1,-1,1,-1,-1,-1,1,1,-1,1,-1,-1,-1,-1,-1,1,1,-1,-1,-1,-1,-1,1,1,-1,1,-1,-1,-1,-1,1,1,1,-1,1,-1,1,-1,1,-1,1,-1,1,1,-1,1,-1,1,1,1,-1,-1,1,-1,1,1,1,-1,-1,-1,1,-1,1,1,1,-1,-1,-1,1,1,-1,1,-1,-1,-1,1,1,-1,1,-1,-1,-1,1,1,-1,1,-1,-1,-1,-1,1,1,1,-1,1,-1,-1,1,-1,1,-1,1,1,-1,1,-1,1,1,-1,-1,-1,-1,-1,1,1,-1,-1,-1,1,-1,1,1,-1,-1,-1,-1,1,1,-1,-1,-1,-1,-1,1,1,-1,1,-1,1,1,1,1,1,-1,-1,-1,-1,-1,1,-1,1,-1,-1,1,-1,1,1,-1,1,-1,-1,1,1,1,-1,1,-1,1,-1,1,1,-1,1,-1,-1,-1,1,1,-1,1,-1,1,-1,1,1,-1,-1,1,-1,-1,1,1,-1,-1,-1,1,-1,1,1,1,-1,1,-1,-1,-1,-1,1,-1,1,-1,-1,1,-1,-1,1,-1,1,-1,1,1,-1,1,-1,1,-1,1,-1,1,-1,1,-1,-1,1,1,-1,1,-1,-1,-1,-1,1,-1,1,-1,1,-1,-1,1,-1,1,1,-1,-1,-1,-1,1,1,1,1,-1,-1,1,-1,-1,1,1,-1,-1,-1,-1,1,-1,1,-1,-1,1,1,-1,1,1,-1,-1,1,-1,-1,1,1,-1,-1,-1,-1,1,-1,1,-1,-1,-1,-1,-1,1,-1,-1,1,-1,-1,1,-1,1,-1,-1,-1,-1,-1,1,1,1,-1,-1,-1,1,1,1,-1,-1,-1,1,-1,-1,1,-1,-1,-1,-1,1,1,1,-1,-1,-1,-1,1,-1,1,1,-1,1,-1,-1,1,1,-1,-1,-1,-1,-1,-1,1,1,-1,-1,1,-1,1,1,-1,-1,-1,1,-1,1,1,-1,-1,1,-1,-1,1,1,1,-1,1,-1,1,1,1,-1,-1,1,-1,-1,1,1,-1,-1,1,-1,-1,1,1,-1,1,1,-1,-1,1,1,-1,-1,1,-1,-1,1,1,-1,-1,1,-1,-1,1,1,1,-1,-1,1,-1,1,1,-1,-1,1,-1,-1,1,-1,1,-1,-1,1,-1,1,1,1,-1,-1,1,-1,1,1,1,-1,-1,1,-1,1,1,1,-1,-1,1,-1,1,1,-1,-1,1,-1,1,-1,1,-1,-1,1,-1,1,-1,1,1,-1,-1,-1,1,1,1,-1,-1,1,-1,1,1,1,1,-1,-1,1,-1,1,1,1,-1,-1,-1,-1,1,1,1,-1,-1,-1,-1,1,1,1,-1,-1,1,-1,1,1,1,-1,1,-1,1,-1,1,1,-1,-1,1,1,-1,1,1,-1,-1,-1,1,-1,1,1,1,-1,1,-1,1,1,1,-1,-1,1,-1,1,1,1,-1,-1,1,-1,1,1,1,-1,-1,-1,-1,1,1,-1,-1,-1,1,-1,1,-1,1,-1,1,1,-1,-1,1,1,-1,-1,1,-1,1,1,1,-1,-1,1,-1,1,1,1,-1,-1,1,-1,1,1,1,-1,-1,1,-1,-1,1,1,1,-1,1,-1,1,1,1,1,-1,-1,1,1,1,1,1,-1,1,-1,-1,1,-2648.0,1,2000,445,1000,True
2736,1,1,-1,-1,1,-1,1,1,1,1,1,-1,1,1,1,1,-1,1,-1,-1,1,1,1,1,1,-1,1,1,1,1,1,1,-1,-1,1,1,-1,1,1,1,-1,1,1,1,1,1,1,-1,1,-1,1,1,1,1,-1,1,-1,-1,1,1,1,-1,-1,1,1,1,1,1,-1,1,1,-1,1,1,1,-1,1,1,-1,1,1,-1,-1,1,-1,1,1,1,-1,-1,1,-1,-1,1,1,-1,1,-1,-1,1,1,1,-1,1,-1,-1,-1,1,1,1,1,1,-1,-1,1,1,1,1,-1,-1,-1,1,1,1,-1,1,-1,-1,1,1,1,1,-1,-1,-1,1,1,1,1,-1,-1,-1,-1,1,1,1,-1,-1,-1,-1,1,1,1,-1,1,-1,-1,1,1,1,-1,-1,-1,-1,1,1,1,-1,1,-1,1,1,1,1,-1,-1,-1,1,1,1,1,1,1,-1,1,1,1,-1,-1,-1,-1,-1,1,1,1,-1,1,-1,-1,1,-1,1,-1,1,-1,-1,1,1,1,-1,1,-1,1,1,-1,1,-1,1,-1,1,1,1,1,1,1,1,-1,1,-1,1,-1,1,-1,-1,1,1,1,1,1,-1,-1,1,-1,-1,1,1,1,-1,1,1,-1,1,1,-1,1,1,-1,-1,1,1,-1,-1,1,-1,1,1,1,1,1,1,-1,1,1,1,1,1,1,-1,1,1,1,1,1,1,-1,-1,1,1,1,1,1,1,-1,1,1,-1,-1,1,1,1,1,1,1,1,1,-1,1,1,1,1,1,-1,1,1,1,1,1,1,1,-1,-1,1,1,-1,1,1,1,-1,1,1,1,1,1,1,1,1,1,1,1,1,1,-1,1,1,1,1,1,1,-1,1,1,1,-1,1,1,1,1,1,1,1,1,1,-1,-1,1,-1,1,1,1,-1,-1,1,1,1,1,1,-1,-1,1,1,-1,1,1,-1,-1,1,1,1,-1,1,-1,-1,1,1,-1,1,1,1,-1,1,1,1,-1,1,-1,1,1,1,-1,-1,-1,-1,-1,1,1,-1,1,1,-1,-1,1,-1,-1,1,1,-1,-1,1,-1,1,1,1,-1,-1,1,1,1,-1,1,1,1,-1,1,-1,1,1,1,-1,1,1,-1,-1,-1,1,1,-1,1,1,-1,1,1,-1,1,1,1,1,-1,1,1,-1,1,-1,1,-1,1,-1,1,1,1,1,-1,-1,1,-1,1,1,1,-1,1,1,1,-1,1,1,-1,-1,1,-1,1,1,1,-1,1,1,1,1,1,1,-1,1,1,-1,1,1,-1,-1,1,1,1,1,1,-1,-1,1,-1,1,1,1,-1,-1,1,-1,-1,1,1,-1,-1,1,-1,1,1,1,1,-1,1,-1,-1,1,1,1,-1,-1,1,-1,1,1,-1,-1,1,-1,-1,1,-1,1,-1,-1,1,-1,1,-1,1,-1,-1,1,-1,-1,1,1,1,-1,1,-1,1,-1,-1,-1,1,-1,1,1,-1,-1,-1,1,1,-1,1,-1,1,-1,1,1,1,-1,-1,-1,1,-1,1,1,1,-1,-1,-1,1,1,-1,1,-1,-1,-1,1,1,1,1,-1,-1,-1,1,1,1,1,-1,-1,-1,-1,1,1,1,-1,1,-1,-1,1,-1,1,-1,-1,1,-1,1,-1,1,1,-1,-1,-1,-1,-1,1,1,-1,-1,-1,-1,-1,1,1,-1,-1,-1,1,1,1,-1,-1,-1,-1,1,1,1,-1,1,-1,1,-1,1,1,1,-1,-1,-1,-1,-1,1,-1,1,-1,-1,1,-1,1,1,-1,1,-1,-1,1,1,1,-1,1,-1,-1,-1,1,1,-1,1,-1,-1,-1,1,1,-1,1,-1,-1,-1,1,1,-1,-1,1,-1,-1,1,1,-1,-1,-1,-1,-1,1,1,1,-1,1,-1,-1,-1,-1,1,-1,1,-1,-1,1,-1,-1,1,-1,1,-1,1,1,-1,1,-1,1,-1,1,-1,-1,1,-1,1,-1,1,1,-1,1,-1,-1,-1,-1,1,-1,1,-1,1,-1,-1,1,-1,1,-1,1,-1,-1,-1,1,1,-1,-1,-1,-1,1,-1,-1,-1,-1,-1,-1,-1,-1,1,-1,-1,-1,-1,1,1,-1,1,-1,-1,-1,1,-1,-1,1,-1,-1,-1,-1,-1,1,1,-1,-1,-1,-1,-1,1,-1,-1,-1,1,-1,-1,1,-1,1,-1,-1,-1,-1,-1,-1,-1,1,-1,-1,-1,1,1,-1,-1,-1,-1,1,-1,-1,-1,1,-1,-1,-1,1,1,1,-1,-1,-1,-1,1,-1,1,-1,-1,1,-1,-1,1,1,-1,-1,-1,-1,-1,-1,1,1,-1,-1,1,-1,1,1,-1,-1,-1,1,-1,1,1,-1,-1,1,-1,-1,1,1,1,-1,1,-1,1,1,1,-1,-1,1,-1,-1,1,1,1,-1,1,-1,-1,1,1,-1,1,1,-1,-1,1,1,-1,-1,1,-1,-1,1,1,-1,-1,1,-1,-1,1,1,1,-1,-1,1,-1,-1,1,1,-1,1,-1,-1,1,-1,1,1,-1,1,-1,-1,1,-1,1,-1,1,-1,1,1,1,1,-1,1,-1,1,1,1,-1,-1,1,1,-1,1,1,-1,1,-1,1,-1,1,1,-1,1,1,-1,1,1,1,-1,-1,1,1,-1,1,1,-1,1,1,-1,-1,1,1,-1,1,-1,1,-1,1,1,-1,-1,-1,1,-1,1,1,-1,-1,1,1,-1,-1,-1,-1,1,-1,1,-1,-1,1,-1,1,-1,1,1,-1,1,-1,-1,1,-1,1,-1,-1,1,-1,-1,-1,1,-1,-1,-1,1,-1,1,-1,1,-1,1,-1,1,1,-1,-1,1,1,-1,-1,1,-1,1,-1,1,-1,-1,1,-1,-1,1,1,-1,-1,1,1,-1,-1,1,-1,-1,1,-1,1,1,1,1,-1,1,-1,1,-1,1,1,-1,1,1,1,-1,1,1,-1,1,-1,1,1,1,1,-1,1,-1,1,-1,1,1,-1,1,1,1,-1,1,1,-1,1,-1,1,1,-1,1,-1,-1,1,1,-2648.0,1,2000,445,1000,True
2737,1,1,-1,-1,1,1,-1,1,1,1,1,-1,-1,-1,1,1,-1,1,-1,-1,1,1,1,1,1,1,-1,-1,1,1,1,1,-1,-1,-1,1,-1,1,1,1,-1,-1,1,1,1,1,1,1,-1,-1,1,1,-1,1,-1,1,1,-1,1,1,1,-1,1,-1,1,1,1,1,1,-1,1,-1,1,1,1,1,1,1,-1,1,1,1,1,-1,-1,1,1,1,1,1,-1,1,-1,1,1,1,-1,1,-1,1,1,1,1,1,1,-1,-1,1,1,1,1,-1,-1,-1,1,1,1,1,1,-1,-1,1,1,1,1,-1,-1,-1,1,1,1,1,1,-1,-1,1,1,1,1,1,-1,-1,-1,1,1,1,1,-1,-1,-1,1,1,1,1,1,-1,-1,-1,1,1,1,1,-1,-1,1,-1,1,1,1,-1,-1,-1,1,1,1,-1,-1,1,1,1,1,-1,1,-1,-1,-1,1,1,1,-1,-1,-1,-1,1,1,1,1,-1,-1,-1,1,-1,1,1,-1,-1,1,1,1,1,1,-1,1,1,-1,-1,1,1,-1,1,-1,1,1,1,1,1,-1,-1,-1,1,1,1,-1,-1,1,1,1,1,1,-1,-1,1,-1,-1,1,1,1,-1,-1,-1,1,1,1,-1,1,-1,1,1,1,1,-1,-1,-1,1,1,-1,1,1,-1,-1,1,1,-1,1,1,1,-1,1,1,-1,1,1,1,-1,-1,1,1,1,1,1,-1,-1,1,1,1,-1,-1,-1,-1,1,-1,1,1,-1,-1,-1,1,-1,1,1,1,-1,1,1,1,1,1,1,-1,1,1,-1,1,-1,1,-1,-1,1,-1,1,1,1,-1,-1,1,1,1,1,1,-1,1,-1,1,1,1,1,-1,-1,-1,1,1,1,-1,-1,-1,1,-1,1,1,-1,-1,-1,-1,1,1,-1,1,-1,-1,-1,1,1,1,1,-1,-1,-1,1,1,1,-1,1,-1,1,1,1,1,1,1,-1,-1,1,-1,1,-1,1,-1,-1,-1,-1,1,1,-1,1,-1,1,1,1,-1,-1,1,1,1,1,1,-1,1,1,-1,1,1,-1,1,1,1,-1,1,1,-1,1,1,-1,1,1,1,1,1,1,1,1,1,-1,1,1,-1,1,-1,1,1,1,-1,1,-1,1,-1,1,1,-1,1,1,-1,1,1,1,-1,-1,1,1,-1,-1,1,1,-1,1,1,-1,-1,1,1,-1,1,1,1,-1,1,1,-1,1,1,1,1,-1,1,-1,-1,1,-1,-1,1,-1,-1,-1,1,-1,1,1,-1,1,1,1,-1,-1,1,-1,-1,1,1,-1,-1,1,-1,-1,1,1,-1,1,1,-1,-1,1,-1,1,-1,1,1,-1,-1,1,-1,1,-1,1,-1,1,1,-1,-1,-1,1,-1,-1,1,-1,1,-1,1,-1,-1,1,-1,-1,1,1,-1,-1,-1,1,-1,1,1,-1,1,-1,1,-1,-1,1,1,1,-1,1,-1,1,-1,1,-1,-1,-1,1,1,-1,-1,1,1,1,1,-1,-1,1,-1,1,1,1,-1,-1,-1,-1,-1,1,-1,1,-1,-1,-1,1,1,-1,1,-1,-1,-1,1,1,-1,1,-1,-1,-1,1,1,-1,1,-1,-1,-1,-1,1,1,1,-1,1,-1,-1,1,-1,1,-1,-1,1,1,1,-1,1,1,-1,-1,-1,-1,-1,1,1,-1,-1,-1,1,-1,1,1,-1,-1,-1,-1,1,1,-1,-1,-1,-1,-1,1,1,-1,1,-1,1,1,1,1,1,-1,-1,-1,-1,-1,1,-1,1,-1,-1,1,-1,1,1,-1,1,-1,-1,1,1,1,-1,1,-1,1,-1,1,1,-1,1,-1,-1,-1,1,1,-1,1,-1,1,-1,1,1,1,-1,1,-1,-1,1,1,-1,-1,-1,1,-1,1,1,1,-1,1,-1,-1,-1,-1,1,-1,1,-1,-1,1,-1,-1,1,-1,1,-1,1,1,-1,1,-1,1,-1,1,-1,1,-1,1,-1,-1,1,1,-1,1,-1,-1,-1,-1,1,-1,1,-1,1,-1,-1,1,-1,1,1,-1,-1,-1,1,1,1,1,1,-1,-1,1,1,-1,1,1,-1,-1,-1,1,-1,1,-1,-1,-1,1,1,1,-1,1,-1,-1,1,1,-1,1,1,-1,-1,1,-1,1,-1,1,-1,-1,1,1,-1,1,-1,-1,1,-1,1,-1,1,1,-1,1,1,1,-1,1,1,1,1,1,1,-1,1,1,-1,-1,-1,1,-1,1,1,-1,1,1,1,1,1,1,-1,1,1,1,1,-1,1,1,-1,1,1,-1,1,1,-1,-1,1,1,1,-1,1,1,-1,1,-1,1,-1,1,-1,-1,-1,1,1,-1,1,-1,-1,1,1,1,-1,1,1,-1,1,1,-1,1,1,-1,1,1,1,1,1,1,-1,-1,-1,1,-1,-1,1,-1,1,1,1,-1,1,1,-1,-1,1,-1,1,1,-1,-1,-1,-1,-1,1,-1,1,1,-1,-1,-1,1,1,1,-1,-1,1,1,1,-1,1,1,-1,-1,-1,1,-1,1,1,-1,1,-1,1,-1,1,1,-1,1,-1,1,1,1,1,-1,-1,-1,1,-1,-1,-1,-1,-1,-1,1,-1,1,-1,-1,-1,1,1,-1,1,1,-1,-1,1,-1,-1,1,-1,1,-1,1,1,-1,-1,1,-1,1,-1,1,-1,1,1,-1,1,-1,1,-1,1,1,-1,-1,1,-1,-1,-1,1,-1,1,-1,1,-1,-1,1,-1,1,-1,1,-1,1,1,-1,1,-1,1,-1,-1,1,-1,-1,-1,-1,-1,1,1,1,-1,1,1,1,1,1,-1,-1,1,1,-1,-1,-1,-1,-1,1,-1,1,1,1,-1,-1,-1,-1,1,-1,-1,-1,-1,1,-1,1,1,1,-1,1,1,-1,1,1,-1,-1,-1,1,-1,1,1,1,-1,-1,1,-1,1,1,1,-1,-1,1,-1,1,1,-1,-1,-1,1,-1,1,1,1,1,-1,1,-1,-1,1,1,-1,-1,-1,1,-1,1,-1,1,-1,1,-1,-1,1,-2648.0,1,2000,445,1000,True
2738,-1,-1,1,1,1,1,-1,1,-1,-1,-1,1,-1,1,-1,-1,1,-1,1,1,-1,1,-1,-1,-1,1,-1,-1,-1,-1,-1,-1,1,1,-1,1,1,-1,-1,-1,1,-1,1,-1,-1,-1,1,-1,1,-1,-1,-1,1,-1,1,-1,-1,1,-1,-1,-1,1,1,1,-1,-1,-1,-1,-1,-1,1,-1,-1,-1,-1,-1,-1,1,-1,-1,-1,1,1,-1,-1,-1,-1,-1,-1,1,-1,-1,-1,-1,-1,-1,-1,1,-1,1,-1,-1,-1,-1,1,-1,-1,-1,-1,-1,-1,1,-1,-1,-1,-1,-1,-1,1,-1,-1,-1,-1,-1,-1,1,-1,-1,1,-1,-1,-1,-1,-1,-1,1,-1,-1,-1,-1,-1,-1,1,-1,-1,-1,1,-1,-1,-1,-1,-1,-1,-1,1,-1,1,1,-1,-1,-1,1,-1,-1,-1,-1,1,-1,1,-1,-1,-1,-1,-1,-1,-1,-1,1,-1,-1,-1,1,1,-1,-1,-1,-1,-1,-1,-1,-1,1,-1,1,-1,-1,1,-1,1,-1,-1,1,-1,1,-1,1,-1,-1,-1,-1,1,-1,1,-1,-1,1,-1,1,-1,1,-1,1,1,-1,1,1,-1,1,-1,-1,-1,1,1,-1,-1,1,-1,-1,1,-1,1,-1,-1,1,-1,1,1,-1,-1,-1,-1,-1,1,-1,-1,1,-1,-1,-1,1,-1,1,-1,-1,1,-1,1,1,-1,-1,-1,-1,1,1,1,-1,-1,1,-1,1,1,1,1,-1,1,-1,-1,1,1,1,-1,-1,-1,-1,1,1,-1,-1,-1,1,1,1,1,-1,-1,1,-1,-1,1,-1,1,-1,-1,-1,1,1,1,1,-1,1,-1,1,1,-1,1,-1,-1,-1,1,1,1,1,-1,-1,1,1,1,1,-1,-1,-1,1,-1,1,1,-1,-1,-1,-1,1,1,1,1,-1,-1,1,-1,1,1,-1,-1,-1,-1,1,1,1,1,-1,-1,-1,1,-1,1,1,-1,-1,-1,1,-1,1,1,1,-1,1,1,-1,1,-1,-1,-1,-1,1,1,-1,1,1,-1,-1,1,1,-1,1,-1,1,-1,1,-1,-1,1,-1,-1,-1,1,1,-1,1,-1,1,-1,1,-1,1,-1,1,-1,1,1,-1,1,-1,1,-1,-1,1,-1,-1,-1,1,-1,1,1,1,-1,-1,1,-1,1,1,-1,-1,1,-1,1,1,-1,1,-1,1,-1,-1,-1,1,-1,-1,1,1,1,1,-1,1,-1,-1,1,1,1,1,-1,-1,-1,1,1,1,1,1,-1,1,-1,1,1,1,-1,1,-1,1,1,-1,1,1,-1,1,1,1,1,1,-1,-1,1,1,1,1,-1,1,-1,1,1,-1,1,-1,1,-1,1,1,-1,1,-1,-1,-1,1,1,-1,1,1,1,-1,-1,1,1,1,-1,-1,1,-1,1,-1,1,-1,1,-1,1,1,1,-1,-1,1,-1,-1,1,-1,1,-1,1,1,-1,1,1,-1,1,1,-1,-1,1,1,-1,1,1,1,1,1,1,-1,1,1,1,-1,1,1,1,-1,1,1,-1,1,-1,1,-1,-1,1,-1,-1,1,-1,-1,1,-1,-1,-1,1,1,-1,1,1,-1,-1,1,1,-1,-1,1,-1,-1,-1,-1,-1,1,1,-1,-1,-1,-1,-1,1,1,-1,-1,1,1,1,-1,1,-1,1,1,1,-1,1,1,-1,1,-1,1,-1,-1,1,1,-1,1,1,1,1,1,1,-1,-1,1,-1,1,1,1,-1,-1,1,-1,1,1,-1,-1,1,1,-1,1,1,-1,-1,1,-1,1,1,1,1,-1,1,1,-1,1,1,1,-1,1,1,1,1,1,1,-1,-1,1,1,1,1,1,-1,1,1,-1,1,1,1,-1,-1,1,1,1,-1,1,-1,-1,1,-1,1,1,1,-1,-1,-1,1,1,1,1,-1,-1,1,1,1,1,-1,1,-1,-1,1,1,-1,-1,1,-1,-1,1,1,1,-1,1,-1,1,1,1,-1,1,-1,-1,1,1,1,1,-1,1,1,-1,1,1,-1,1,1,-1,1,1,1,1,1,1,-1,1,1,1,1,-1,-1,1,-1,1,1,1,-1,1,-1,1,-1,1,-1,1,1,1,-1,1,1,1,-1,1,-1,1,-1,1,1,-1,1,-1,1,-1,1,1,-1,1,1,1,-1,1,1,1,1,1,1,-1,1,1,1,1,1,-1,-1,1,1,1,1,1,-1,1,1,1,1,1,-1,-1,-1,-1,1,1,1,1,-1,-1,1,1,1,1,1,-1,-1,1,-1,1,1,1,-1,-1,1,1,1,1,1,1,-1,1,1,1,1,-1,-1,-1,1,1,1,1,1,1,-1,-1,1,1,-1,1,-1,-1,1,1,1,-1,1,-1,1,1,1,1,1,1,-1,-1,-1,1,1,1,1,-1,-1,1,1,1,1,-1,-1,-1,1,1,-1,1,1,1,1,1,1,1,1,1,-1,-1,1,1,1,1,1,-1,1,1,1,1,1,1,-1,-1,-1,1,1,1,1,-1,1,1,1,1,1,1,-1,-1,-1,1,1,1,1,1,1,-1,1,1,1,1,1,-1,-1,1,-1,1,1,1,1,-1,1,1,1,1,-1,-1,1,1,1,1,1,-1,1,1,1,1,1,1,1,1,1,1,1,1,1,-1,1,1,-1,1,1,-1,-1,1,-1,1,-1,1,1,-1,1,-1,1,-1,1,1,-1,1,-1,1,1,1,-1,-1,-1,1,1,1,-1,1,-1,-1,-1,1,1,-1,1,-1,-1,-1,1,-1,1,-1,-1,-1,1,1,1,1,-1,1,-1,1,1,1,-1,1,-1,1,1,1,1,-1,-1,-1,-1,-1,1,1,-1,1,-1,1,1,-1,1,1,-1,1,-1,-1,1,1,-1,-1,-1,1,1,-1,1,-1,-1,1,1,1,1,1,-1,-1,1,1,1,1,1,1,-1,-1,1,1,1,1,1,-1,1,1,1,1,1,-1,-1,1,1,1,-1,1,1,-1,-1,1,1,-1,1,-1,1,-1,1,1,-1,1,1,-1,-1,1,-2648.0,1,2000,445,500,True
2739,1,1,-1,-1,1,-1,1,1,1,1,1,-1,1,1,1,1,-1,1,-1,-1,1,1,1,1,1,-1,1,1,1,1,1,1,-1,-1,1,1,-1,1,1,1,-1,1,1,1,1,1,1,-1,1,-1,1,1,-1,1,-1,-1,1,-1,1,1,1,-1,-1,-1,1,1,1,1,-1,1,1,-1,1,1,1,-1,1,1,1,1,1,-1,-1,1,-1,1,1,1,-1,-1,1,1,-1,1,1,-1,1,-1,-1,1,1,1,-1,1,-1,-1,-1,1,1,1,1,1,-1,-1,1,1,1,1,-1,-1,-1,1,1,1,-1,1,-1,-1,1,1,1,1,-1,-1,-1,1,1,1,1,-1,-1,-1,-1,1,1,1,-1,-1,-1,-1,1,1,1,-1,1,-1,-1,1,1,1,-1,-1,-1,-1,1,1,1,-1,1,-1,1,1,1,1,-1,-1,-1,1,1,1,-1,1,1,-1,1,1,1,1,-1,-1,-1,-1,1,1,1,-1,1,-1,-1,1,-1,1,-1,1,-1,-1,1,1,1,-1,1,-1,1,1,-1,1,-1,1,-1,1,1,1,1,1,1,1,-1,1,-1,1,-1,1,-1,-1,1,1,1,1,1,-1,-1,1,-1,-1,1,1,1,-1,1,1,-1,1,1,-1,1,1,-1,-1,1,1,-1,-1,1,-1,1,1,1,1,1,1,-1,1,1,1,1,1,1,-1,1,1,1,1,1,1,-1,1,1,1,1,1,1,1,-1,1,-1,1,-1,1,1,1,1,-1,1,1,1,-1,-1,1,-1,1,1,-1,1,1,1,-1,1,1,1,-1,-1,1,1,-1,1,1,1,-1,1,1,1,1,1,1,-1,1,-1,1,1,1,1,-1,1,-1,1,1,1,-1,1,-1,1,1,-1,1,1,1,1,1,1,-1,1,1,-1,-1,1,-1,1,1,1,-1,-1,1,1,1,1,1,-1,-1,1,1,-1,1,1,-1,-1,1,1,1,-1,1,-1,1,1,1,-1,1,1,-1,-1,1,1,1,-1,1,-1,1,1,1,-1,-1,-1,-1,1,1,1,-1,1,1,-1,1,1,-1,1,-1,1,-1,1,1,-1,1,1,-1,1,-1,1,1,1,-1,1,1,1,-1,1,-1,1,-1,-1,1,1,1,-1,-1,-1,1,1,-1,1,-1,1,-1,-1,1,1,1,1,-1,-1,-1,1,-1,1,-1,1,-1,-1,-1,-1,1,1,1,-1,-1,1,-1,1,1,-1,-1,1,-1,1,-1,1,-1,-1,-1,1,-1,1,-1,-1,-1,-1,-1,1,1,-1,1,-1,-1,1,-1,1,-1,-1,1,-1,1,-1,1,-1,-1,-1,-1,-1,1,1,-1,-1,1,-1,-1,-1,1,1,-1,-1,1,-1,1,-1,1,-1,-1,-1,-1,-1,-1,1,-1,-1,-1,1,1,-1,1,-1,-1,-1,-1,-1,1,1,-1,-1,-1,-1,-1,1,1,-1,-1,-1,-1,-1,-1,1,1,1,-1,-1,-1,1,-1,1,-1,1,1,1,1,-1,1,-1,1,1,-1,1,-1,1,-1,1,1,1,-1,-1,1,-1,-1,1,-1,1,-1,1,-1,1,1,-1,1,-1,1,-1,1,1,-1,1,-1,1,-1,1,1,-1,1,-1,-1,-1,-1,1,1,1,-1,1,-1,-1,1,-1,1,-1,1,1,-1,1,-1,1,1,-1,-1,-1,-1,-1,1,1,-1,1,-1,1,-1,-1,1,-1,-1,-1,-1,1,1,-1,-1,-1,-1,-1,1,1,-1,1,-1,1,1,1,1,1,-1,-1,-1,-1,-1,1,-1,1,-1,-1,1,-1,1,1,-1,1,-1,-1,1,1,1,-1,1,-1,1,-1,1,1,-1,-1,-1,-1,-1,1,1,-1,1,-1,1,-1,1,1,-1,-1,1,-1,-1,1,1,-1,-1,-1,1,-1,1,1,-1,-1,1,-1,-1,-1,-1,1,-1,1,-1,-1,1,-1,-1,1,1,1,-1,1,1,-1,1,-1,1,-1,1,-1,1,-1,1,-1,-1,1,1,-1,1,-1,-1,-1,-1,1,-1,1,-1,1,-1,-1,1,-1,1,1,-1,-1,-1,-1,1,1,1,1,-1,-1,1,-1,-1,1,1,-1,-1,-1,-1,1,-1,1,-1,-1,1,1,-1,1,1,-1,-1,1,-1,-1,1,1,-1,-1,-1,-1,1,-1,1,-1,-1,-1,-1,-1,1,-1,-1,1,-1,-1,1,-1,1,-1,-1,-1,-1,-1,1,1,1,-1,-1,-1,1,1,1,-1,-1,-1,1,-1,-1,1,-1,1,-1,-1,1,1,1,-1,-1,-1,-1,1,-1,1,1,-1,1,-1,-1,1,1,-1,-1,-1,-1,-1,-1,1,1,-1,-1,1,-1,1,1,-1,-1,-1,1,-1,1,1,-1,-1,1,-1,-1,1,1,1,-1,1,-1,1,1,1,-1,-1,1,-1,-1,1,1,1,-1,1,-1,-1,1,1,-1,1,1,1,-1,1,1,-1,-1,1,1,-1,1,1,-1,-1,1,-1,-1,1,1,1,-1,-1,1,-1,1,1,1,-1,1,1,-1,1,-1,1,1,-1,1,1,1,1,-1,1,-1,1,-1,1,1,1,1,-1,1,1,1,1,1,-1,-1,1,1,-1,1,1,-1,-1,-1,1,-1,1,1,-1,1,1,1,-1,1,1,-1,1,1,-1,1,1,1,-1,-1,1,1,1,1,1,-1,1,-1,1,1,1,1,-1,-1,1,1,-1,1,1,-1,-1,1,-1,1,1,-1,-1,1,-1,1,1,1,1,-1,-1,-1,1,-1,1,1,-1,-1,-1,-1,-1,1,-1,1,-1,-1,-1,-1,1,-1,-1,1,-1,1,1,1,-1,1,-1,-1,1,1,1,1,1,-1,-1,-1,1,-1,-1,1,-1,-1,1,-1,1,1,1,-1,-1,-1,1,-1,-1,1,-1,-1,1,-1,1,1,1,1,-1,1,-1,-1,-1,1,-1,-1,1,1,1,-1,1,1,-1,1,-1,1,1,1,1,-1,1,-1,1,-1,1,1,-1,1,1,1,-1,1,1,-1,-1,1,1,1,-1,1,-1,1,-1,1,-2648.0,1,2000,445,1000,True
2740,1,1,-1,-1,1,1,-1,-1,1,1,1,-1,1,-1,1,1,-1,1,-1,-1,-1,1,1,1,1,1,-1,-1,1,1,1,1,-1,-1,-1,-1,1,1,1,1,-1,-1,1,1,1,1,1,1,-1,1,1,1,-1,1,-1,1,1,-1,1,1,1,-1,-1,1,1,1,1,1,1,-1,1,1,1,1,1,1,1,-1,1,-1,1,-1,1,-1,1,1,1,1,1,1,1,1,-1,1,1,1,-1,1,1,1,1,1,1,1,-1,1,-1,1,1,1,1,1,1,-1,1,1,1,1,1,1,-1,1,1,1,1,1,1,-1,1,1,1,1,-1,1,-1,1,1,1,1,-1,1,-1,1,1,1,1,1,1,1,-1,1,1,1,1,-1,1,-1,1,1,1,-1,-1,1,1,1,-1,1,-1,1,-1,1,-1,1,1,-1,1,-1,1,1,1,-1,1,-1,1,1,-1,1,-1,-1,1,1,1,-1,1,-1,-1,-1,1,1,-1,1,-1,-1,-1,1,1,1,1,1,-1,1,-1,1,-1,1,-1,-1,-1,1,1,-1,1,1,-1,-1,-1,1,1,-1,1,-1,-1,1,1,-1,1,1,-1,-1,1,1,-1,1,-1,-1,-1,-1,1,-1,-1,1,-1,-1,1,-1,1,1,-1,-1,-1,1,1,-1,1,1,-1,1,-1,-1,-1,1,1,-1,-1,1,1,-1,1,-1,-1,1,-1,1,-1,1,1,-1,1,-1,1,-1,1,1,-1,1,-1,1,-1,-1,1,1,1,-1,-1,-1,1,1,-1,1,1,-1,1,-1,1,1,1,-1,-1,-1,1,1,1,1,1,-1,-1,-1,1,1,1,-1,1,-1,-1,-1,1,1,-1,-1,-1,1,1,-1,1,-1,-1,-1,-1,1,1,1,-1,1,-1,1,1,-1,1,-1,-1,-1,-1,-1,1,1,-1,-1,-1,-1,-1,1,-1,-1,-1,-1,-1,1,1,-1,-1,-1,1,1,1,1,-1,-1,1,1,-1,-1,1,1,-1,-1,1,-1,-1,-1,1,-1,-1,-1,1,-1,1,-1,-1,-1,-1,-1,-1,1,1,-1,-1,1,1,-1,1,-1,-1,1,1,1,-1,1,-1,-1,1,1,-1,1,1,-1,-1,-1,-1,1,-1,-1,1,-1,-1,1,-1,-1,1,-1,-1,1,1,-1,1,-1,1,-1,-1,1,-1,-1,1,-1,-1,1,1,-1,1,-1,1,-1,-1,1,-1,-1,-1,-1,-1,-1,1,-1,-1,1,1,-1,-1,1,-1,1,-1,-1,1,-1,1,-1,-1,1,1,-1,-1,1,-1,-1,-1,-1,-1,1,1,-1,-1,1,1,-1,1,-1,1,-1,1,1,-1,1,-1,-1,-1,-1,-1,-1,1,-1,1,-1,1,1,-1,1,-1,-1,1,-1,-1,1,-1,1,-1,1,-1,1,-1,1,1,-1,-1,-1,1,-1,1,-1,-1,1,-1,1,1,1,1,-1,-1,-1,1,-1,1,1,1,-1,1,1,1,-1,1,1,-1,1,1,1,1,1,1,1,-1,-1,1,-1,1,-1,1,1,-1,1,1,-1,1,-1,-1,-1,1,1,-1,1,1,-1,1,-1,1,-1,1,1,-1,-1,-1,1,-1,-1,-1,-1,1,-1,1,-1,-1,-1,-1,-1,-1,1,-1,1,1,1,1,-1,1,-1,1,1,-1,-1,-1,1,-1,-1,1,-1,1,-1,-1,1,1,1,1,-1,1,-1,1,1,1,-1,1,-1,1,1,1,1,-1,-1,-1,1,1,1,1,-1,1,-1,1,-1,1,-1,1,1,-1,-1,1,1,1,-1,-1,-1,-1,1,1,1,1,-1,1,-1,1,1,1,1,-1,1,-1,1,1,1,-1,-1,1,-1,1,1,1,1,-1,1,-1,1,1,1,1,-1,1,-1,1,1,-1,1,-1,1,1,1,1,1,1,-1,1,-1,1,1,1,-1,-1,-1,-1,1,1,1,-1,1,-1,-1,1,1,1,1,-1,-1,-1,1,1,1,-1,-1,1,-1,1,1,-1,-1,-1,-1,-1,1,1,1,-1,-1,-1,-1,1,1,1,-1,-1,-1,-1,1,-1,1,-1,-1,-1,-1,1,1,1,-1,-1,-1,1,1,-1,-1,-1,-1,-1,-1,1,-1,-1,-1,-1,-1,-1,-1,1,-1,1,-1,-1,-1,1,1,1,-1,-1,-1,-1,1,1,1,-1,-1,-1,1,1,1,-1,-1,-1,1,1,1,-1,-1,1,-1,1,1,1,-1,-1,-1,1,-1,1,1,-1,1,1,-1,-1,1,-1,1,-1,-1,-1,-1,1,1,1,1,1,-1,1,1,1,1,-1,1,1,-1,1,1,-1,1,1,-1,-1,1,1,1,-1,1,1,-1,1,1,1,-1,1,-1,-1,-1,-1,1,1,1,-1,-1,1,1,1,1,1,1,-1,1,1,1,1,1,-1,1,1,1,-1,1,1,-1,-1,-1,1,-1,1,1,-1,1,-1,1,-1,1,1,-1,-1,-1,1,-1,1,1,-1,-1,-1,1,1,1,1,1,-1,-1,-1,1,1,1,-1,-1,1,-1,-1,1,-1,1,-1,-1,-1,1,1,1,1,-1,-1,-1,1,1,1,1,-1,1,-1,1,1,1,1,-1,-1,-1,1,-1,1,-1,-1,-1,-1,1,-1,1,-1,-1,-1,1,1,1,1,-1,-1,-1,-1,1,1,1,-1,1,-1,-1,1,1,-1,1,-1,1,-1,1,1,1,1,-1,1,-1,1,-1,1,1,-1,1,1,-1,1,1,1,-1,1,-1,1,1,-1,1,-1,1,-1,1,1,-1,1,-1,-1,1,-1,-1,1,1,-1,1,1,-1,-1,1,1,1,1,-1,1,1,1,-1,1,1,-1,1,1,1,-1,-1,1,-1,-1,1,1,-1,1,1,1,-1,-1,-1,1,1,1,-1,-1,1,1,1,-1,1,-1,-1,-1,1,1,1,1,-1,-1,1,1,1,1,1,1,-1,1,1,1,1,1,1,-1,1,1,-1,-1,1,1,-1,1,-1,1,1,1,1,-1,-1,1,1,-1,1,1,1,-1,1,1,-1,1,1,-1,1,1,-2648.0,1,2000,445,500,True
2741,-1,-1,1,1,1,1,-1,1,-1,-1,-1,1,-1,1,-1,-1,1,-1,1,-1,-1,1,-1,-1,-1,1,-1,-1,1,-1,-1,-1,1,-1,-1,1,1,-1,-1,1,-1,-1,1,-1,-1,-1,1,1,-1,-1,1,-1,1,1,-1,-1,-1,1,-1,-1,1,1,-1,1,-1,-1,-1,1,1,-1,1,-1,-1,-1,1,1,-1,1,-1,-1,-1,1,1,-1,-1,-1,-1,1,1,-1,-1,-1,-1,-1,1,1,1,1,-1,1,-1,1,1,1,1,-1,-1,-1,1,1,1,-1,-1,1,-1,1,1,1,1,-1,-1,-1,-1,1,1,-1,-1,-1,-1,1,1,1,1,-1,-1,1,1,1,1,1,-1,-1,1,-1,1,1,1,-1,-1,-1,-1,1,1,1,1,-1,-1,1,1,1,1,1,-1,-1,1,-1,1,1,1,-1,1,-1,1,1,1,-1,-1,-1,1,1,1,-1,1,-1,1,-1,1,1,1,-1,-1,1,-1,1,1,1,1,-1,1,-1,1,-1,1,1,-1,1,1,1,1,1,1,-1,1,-1,1,-1,1,1,1,1,-1,1,1,1,1,1,-1,1,-1,1,1,1,-1,1,-1,1,1,1,1,1,1,-1,1,-1,1,1,1,1,-1,-1,1,1,1,1,-1,-1,1,-1,1,1,1,1,-1,1,1,-1,1,-1,-1,-1,1,1,-1,1,1,-1,-1,1,1,-1,1,-1,1,-1,1,1,1,1,1,1,-1,1,1,1,1,1,-1,-1,-1,1,-1,1,-1,-1,-1,1,1,-1,1,1,1,-1,-1,1,1,1,-1,-1,-1,1,1,-1,1,1,-1,-1,1,1,-1,1,-1,-1,-1,1,1,1,1,-1,-1,-1,1,-1,1,1,-1,-1,1,-1,-1,1,1,-1,-1,1,-1,1,-1,1,-1,1,1,1,-1,1,1,-1,-1,1,1,-1,1,-1,-1,-1,1,1,-1,1,-1,-1,-1,1,1,-1,1,-1,-1,1,1,1,-1,1,1,-1,-1,1,1,1,-1,1,-1,-1,1,1,-1,1,-1,-1,-1,-1,-1,-1,1,1,-1,-1,1,1,-1,1,-1,-1,-1,1,1,1,1,-1,-1,1,1,1,-1,1,-1,-1,-1,-1,1,1,1,1,-1,-1,1,1,1,1,-1,-1,-1,1,-1,1,-1,1,-1,-1,1,-1,1,-1,-1,-1,-1,1,-1,1,-1,1,-1,-1,1,-1,1,1,-1,-1,-1,1,-1,-1,1,1,-1,-1,-1,-1,1,1,-1,1,-1,1,-1,-1,1,1,-1,-1,-1,-1,1,1,-1,1,-1,1,-1,1,-1,1,-1,1,-1,-1,1,-1,1,-1,1,-1,-1,1,-1,-1,-1,-1,-1,-1,1,-1,1,-1,1,-1,-1,1,-1,-1,1,-1,1,-1,1,1,1,-1,1,-1,-1,-1,-1,1,-1,1,-1,-1,1,-1,1,1,1,-1,-1,-1,1,1,-1,1,-1,-1,-1,1,1,1,-1,1,1,-1,1,1,1,1,1,1,1,-1,1,1,-1,1,-1,1,-1,-1,1,-1,-1,1,-1,-1,1,-1,-1,-1,1,1,-1,1,1,-1,-1,1,1,-1,-1,1,-1,-1,-1,-1,-1,1,1,-1,-1,-1,-1,-1,1,1,-1,-1,1,1,1,-1,1,-1,-1,1,1,-1,1,1,-1,-1,-1,1,-1,-1,1,1,-1,1,1,1,1,1,-1,1,1,1,-1,1,1,1,-1,1,1,-1,1,1,-1,1,1,1,-1,1,1,-1,-1,1,-1,1,-1,1,-1,1,1,1,-1,1,1,-1,1,1,1,1,1,1,1,1,1,1,1,1,1,-1,1,1,1,-1,1,1,1,1,1,1,1,1,1,-1,1,1,1,1,1,1,1,-1,1,-1,1,1,1,1,1,1,1,1,1,1,-1,1,1,1,-1,1,-1,-1,1,1,1,-1,1,1,-1,1,1,-1,1,1,-1,-1,1,1,1,-1,1,1,-1,1,1,1,-1,1,-1,1,1,1,1,-1,1,1,-1,1,1,1,-1,1,1,-1,1,1,1,-1,1,1,-1,1,1,1,1,1,-1,1,1,-1,1,1,1,1,-1,1,-1,1,-1,1,1,-1,1,1,1,1,1,1,-1,1,-1,1,-1,1,1,-1,1,-1,-1,1,1,-1,1,1,1,-1,-1,1,-1,1,1,-1,-1,1,1,1,1,1,-1,-1,1,1,-1,1,1,-1,1,1,1,-1,1,1,-1,-1,1,1,-1,1,1,-1,1,1,1,1,1,1,1,-1,1,1,-1,1,1,-1,1,1,1,-1,1,1,-1,-1,1,-1,-1,1,1,-1,1,1,-1,-1,-1,-1,-1,1,1,1,-1,1,1,-1,1,1,1,-1,1,-1,1,1,1,-1,1,1,-1,-1,1,1,-1,-1,-1,1,-1,1,1,-1,1,-1,-1,-1,1,1,-1,-1,-1,1,-1,1,1,-1,-1,-1,-1,-1,1,1,-1,-1,-1,-1,-1,-1,1,-1,-1,-1,-1,-1,1,-1,1,-1,-1,-1,-1,-1,1,-1,-1,-1,-1,-1,1,1,-1,-1,1,-1,1,1,1,1,-1,-1,-1,1,-1,1,-1,-1,-1,-1,1,-1,1,-1,-1,-1,1,-1,1,1,-1,-1,-1,-1,1,-1,1,-1,1,-1,1,-1,-1,1,1,-1,1,-1,1,-1,1,1,-1,1,-1,1,-1,1,1,-1,-1,1,-1,-1,-1,1,-1,1,-1,1,-1,-1,1,-1,1,-1,1,-1,-1,1,-1,1,-1,-1,-1,-1,1,-1,-1,-1,-1,1,-1,1,1,-1,1,1,-1,1,1,-1,-1,1,1,-1,-1,1,-1,-1,1,1,-1,1,1,-1,-1,-1,-1,1,-1,-1,-1,-1,1,-1,-1,1,1,-1,1,1,-1,1,1,1,1,-1,1,-1,1,1,1,-1,-1,1,-1,1,1,1,-1,-1,1,-1,-1,1,1,-1,-1,1,-1,1,1,1,1,-1,1,-1,-1,1,1,-1,-1,-1,1,-1,1,1,1,-1,1,-1,-1,1,-2648.0,1,2000,445,500,True
2742,1,1,-1,-1,1,1,-1,1,1,1,1,-1,-1,1,1,1,-1,1,-1,-1,-1,1,1,1,1,1,-1,-1,1,1,1,1,-1,-1,-1,1,-1,1,1,1,-1,-1,1,1,1,1,1,1,-1,1,1,1,-1,1,-1,-1,1,-1,1,1,1,-1,-1,1,1,1,1,1,1,-1,1,-1,1,1,1,1,-1,1,-1,1,1,-1,1,-1,-1,1,1,1,1,-1,-1,1,-1,1,1,1,1,1,-1,1,1,1,1,1,1,-1,-1,1,1,1,1,-1,-1,-1,1,1,1,1,1,-1,-1,1,1,1,1,-1,-1,-1,1,1,1,1,1,-1,-1,1,1,1,1,1,-1,-1,-1,1,1,1,1,-1,-1,-1,1,1,1,1,1,-1,-1,-1,1,1,1,-1,-1,-1,1,-1,1,1,1,-1,-1,-1,1,1,1,-1,-1,1,1,1,1,-1,1,-1,-1,-1,1,1,1,-1,-1,-1,-1,1,1,1,1,-1,-1,-1,1,-1,1,1,-1,-1,1,1,1,1,1,-1,1,-1,1,-1,1,1,-1,1,-1,1,1,1,1,1,-1,-1,-1,1,1,1,-1,-1,-1,1,1,1,1,-1,-1,-1,1,-1,1,1,1,-1,-1,-1,1,1,1,-1,-1,-1,1,1,1,1,-1,1,-1,1,1,-1,1,1,-1,-1,1,1,-1,1,1,-1,-1,1,1,-1,1,1,1,-1,-1,1,1,1,1,1,-1,1,1,1,1,-1,-1,-1,1,1,-1,1,1,-1,-1,1,1,-1,1,1,1,-1,1,1,-1,1,1,1,-1,1,1,-1,1,-1,1,-1,1,1,-1,1,1,1,-1,1,1,-1,1,1,-1,-1,1,-1,1,1,1,-1,1,1,1,-1,1,1,-1,1,1,-1,1,1,1,1,1,1,1,-1,1,-1,1,1,1,1,-1,1,1,-1,1,1,1,-1,1,1,-1,-1,1,1,-1,1,1,1,1,1,1,-1,-1,1,-1,-1,1,1,1,-1,1,1,-1,1,1,-1,1,1,-1,1,1,1,-1,1,1,-1,1,-1,1,-1,1,-1,1,-1,1,-1,1,1,-1,1,-1,-1,1,-1,1,1,1,-1,1,-1,1,-1,1,1,1,-1,-1,1,1,1,-1,1,-1,-1,1,1,1,-1,1,1,-1,1,1,1,-1,1,-1,-1,1,-1,1,1,1,-1,-1,-1,-1,-1,1,1,-1,-1,1,-1,1,1,-1,-1,-1,-1,1,1,1,1,-1,-1,1,-1,1,-1,-1,1,-1,-1,1,1,-1,1,-1,-1,1,1,1,-1,-1,1,-1,1,1,1,-1,-1,1,-1,-1,1,1,-1,-1,1,-1,-1,-1,1,1,-1,-1,1,-1,1,-1,1,-1,-1,1,-1,-1,-1,1,-1,-1,-1,1,1,-1,1,-1,-1,1,-1,-1,1,1,-1,-1,-1,-1,-1,1,1,-1,1,-1,-1,-1,-1,1,1,1,-1,-1,-1,1,-1,1,-1,1,1,1,1,-1,-1,1,1,1,-1,1,-1,1,-1,1,1,1,-1,-1,-1,1,-1,1,1,1,-1,-1,-1,1,1,-1,1,-1,-1,-1,1,1,-1,1,-1,-1,-1,1,1,-1,1,-1,-1,-1,-1,1,1,1,-1,1,-1,-1,1,-1,1,-1,-1,1,1,-1,-1,1,1,-1,-1,-1,-1,-1,1,1,-1,-1,-1,1,-1,1,1,-1,-1,1,-1,1,1,-1,-1,-1,-1,-1,1,1,-1,1,-1,-1,1,1,1,1,-1,-1,-1,-1,-1,1,-1,1,-1,-1,1,-1,1,1,-1,1,-1,-1,1,1,1,-1,1,-1,1,-1,1,1,-1,1,-1,-1,-1,1,1,-1,1,-1,1,-1,1,1,1,-1,1,-1,-1,1,1,-1,-1,-1,1,-1,1,1,1,-1,1,-1,-1,-1,-1,1,-1,1,-1,-1,1,-1,-1,1,-1,1,-1,1,1,-1,1,-1,1,-1,1,-1,1,-1,1,-1,-1,1,1,-1,1,-1,-1,-1,-1,1,1,1,-1,1,-1,-1,1,-1,1,1,-1,-1,-1,1,1,1,1,1,-1,-1,1,1,-1,1,1,-1,-1,1,1,-1,1,-1,-1,-1,1,1,1,-1,1,-1,-1,1,1,1,-1,1,-1,-1,1,1,-1,-1,1,-1,-1,1,1,-1,1,-1,-1,1,1,1,-1,-1,1,-1,1,1,1,1,-1,1,1,1,1,1,-1,1,1,-1,-1,1,1,1,-1,1,-1,1,1,1,-1,1,1,-1,1,1,1,-1,1,1,1,-1,1,1,1,-1,1,-1,-1,1,1,-1,-1,1,1,-1,1,1,-1,1,1,-1,-1,-1,1,-1,1,1,-1,-1,1,-1,-1,1,1,1,-1,1,-1,1,1,1,-1,1,1,-1,-1,1,1,-1,-1,-1,-1,-1,1,1,-1,1,-1,-1,-1,1,1,-1,-1,1,-1,-1,1,-1,-1,-1,-1,-1,-1,1,1,1,-1,-1,-1,-1,1,1,-1,-1,-1,-1,-1,1,-1,1,-1,-1,-1,-1,-1,1,1,-1,-1,1,-1,-1,1,1,-1,1,-1,-1,1,1,1,-1,-1,-1,-1,1,-1,-1,-1,-1,-1,1,1,1,-1,-1,-1,-1,1,-1,1,1,-1,-1,-1,-1,1,1,-1,1,-1,-1,1,1,-1,1,-1,1,-1,-1,1,1,1,-1,1,-1,-1,1,1,1,-1,-1,-1,1,1,1,1,-1,-1,1,-1,1,1,1,-1,1,-1,-1,1,-1,1,-1,1,-1,1,1,1,1,-1,-1,-1,1,-1,1,1,1,-1,1,-1,1,1,1,-1,-1,1,1,1,1,1,-1,-1,1,1,1,-1,1,-1,-1,-1,1,-1,1,-1,-1,-1,1,-1,1,-1,1,-1,1,1,1,-1,1,1,1,-1,1,1,-1,-1,1,-1,-1,1,1,1,1,1,-1,-1,1,1,-1,1,1,-1,-1,1,1,-1,1,1,1,-1,1,1,1,1,1,-1,-1,-1,-1,1,1,1,1,-1,1,1,-1,1,-2648.0,1,2000,445,1000,True
2743,1,1,-1,-1,1,1,-1,-1,1,1,1,1,-1,1,1,1,-1,1,1,1,-1,-1,1,1,1,1,-1,-1,1,1,1,1,1,1,-1,-1,1,-1,1,-1,1,-1,-1,1,1,1,1,1,-1,1,1,1,1,1,1,-1,1,-1,1,1,1,1,1,-1,1,1,1,1,1,-1,-1,1,1,1,1,-1,-1,-1,1,1,1,-1,1,-1,1,1,1,1,1,1,-1,1,-1,1,1,1,-1,1,1,1,1,1,1,-1,1,1,-1,1,1,1,-1,1,1,-1,1,1,1,-1,1,1,-1,1,1,1,-1,1,1,-1,1,1,1,-1,1,1,-1,1,1,1,-1,-1,1,-1,1,1,1,-1,1,1,1,-1,1,1,-1,-1,-1,1,-1,1,1,-1,1,1,1,1,1,1,-1,1,1,-1,1,1,1,-1,1,1,-1,1,1,1,1,-1,-1,1,1,1,-1,1,1,1,-1,1,1,1,1,1,-1,1,1,1,-1,1,1,-1,1,1,1,1,-1,1,-1,-1,1,1,-1,1,1,-1,1,1,1,1,1,1,-1,-1,1,1,-1,-1,1,-1,-1,1,-1,1,1,1,-1,1,1,1,-1,1,1,-1,-1,1,-1,-1,-1,1,-1,1,1,1,-1,1,1,-1,1,1,-1,-1,1,-1,1,-1,-1,-1,-1,1,-1,-1,1,1,-1,-1,1,-1,-1,-1,1,-1,1,-1,1,1,-1,1,-1,-1,-1,1,1,-1,-1,-1,-1,1,-1,1,-1,-1,-1,1,-1,-1,1,1,-1,1,-1,-1,1,1,-1,-1,-1,1,-1,-1,1,1,-1,-1,-1,-1,-1,1,-1,-1,-1,-1,1,1,1,-1,-1,-1,-1,1,-1,1,-1,-1,-1,-1,-1,1,1,-1,1,-1,-1,1,-1,1,-1,1,-1,-1,-1,1,1,-1,-1,-1,-1,-1,1,-1,-1,-1,-1,-1,-1,1,-1,-1,1,-1,-1,1,1,-1,-1,1,1,-1,-1,1,1,-1,1,-1,-1,1,-1,1,-1,-1,1,-1,-1,1,-1,-1,1,1,1,1,1,1,-1,1,-1,1,-1,1,-1,1,-1,-1,1,-1,1,-1,1,1,-1,-1,1,1,-1,-1,-1,1,-1,1,1,1,-1,1,-1,1,-1,1,-1,-1,1,-1,1,1,-1,1,-1,1,-1,1,1,1,-1,-1,1,1,1,1,-1,1,-1,-1,1,1,1,1,-1,-1,-1,1,1,1,1,1,-1,-1,1,-1,1,1,-1,1,-1,1,1,-1,1,1,-1,1,1,1,1,1,-1,-1,1,1,1,1,-1,1,-1,1,1,-1,1,-1,1,-1,1,1,-1,1,1,-1,-1,1,1,-1,1,-1,1,1,-1,1,1,-1,1,-1,1,-1,1,-1,1,1,1,-1,1,1,1,-1,1,1,-1,-1,1,-1,-1,1,1,1,-1,1,1,-1,-1,1,-1,-1,1,1,-1,1,1,1,1,1,1,-1,1,1,1,-1,1,1,1,1,-1,-1,1,-1,-1,1,-1,1,-1,1,-1,1,-1,-1,-1,1,1,-1,1,1,-1,-1,1,1,-1,1,1,-1,1,-1,1,-1,-1,-1,-1,-1,-1,1,-1,-1,-1,-1,-1,-1,1,-1,1,1,1,1,-1,1,-1,1,1,-1,-1,-1,1,-1,-1,1,-1,1,-1,-1,1,1,1,1,-1,-1,-1,1,1,1,-1,1,-1,1,1,1,1,-1,-1,-1,1,1,1,1,-1,1,-1,1,-1,1,-1,1,1,-1,-1,1,1,1,-1,-1,-1,-1,1,1,1,1,-1,1,1,1,1,1,1,-1,1,-1,1,-1,1,-1,-1,1,-1,1,1,1,1,-1,1,-1,1,-1,1,-1,-1,1,-1,1,1,-1,1,-1,1,1,1,1,1,1,-1,1,-1,1,1,-1,1,-1,-1,-1,1,1,1,1,-1,1,-1,1,-1,1,1,-1,-1,-1,1,-1,1,1,-1,1,-1,1,1,-1,1,-1,-1,-1,1,-1,1,1,-1,-1,-1,1,-1,1,1,1,-1,-1,1,-1,-1,1,1,-1,-1,1,1,-1,-1,-1,-1,1,1,1,-1,1,-1,-1,-1,1,-1,1,-1,-1,-1,-1,1,1,-1,1,-1,-1,1,-1,1,-1,-1,-1,-1,-1,1,-1,1,-1,-1,-1,1,1,1,-1,-1,-1,1,-1,1,1,-1,1,-1,-1,1,1,1,-1,-1,1,-1,1,1,1,-1,-1,-1,-1,1,-1,1,-1,-1,1,-1,-1,1,-1,-1,-1,-1,-1,1,1,-1,1,-1,-1,-1,1,1,1,-1,-1,-1,-1,-1,1,1,1,-1,1,-1,-1,1,1,-1,-1,-1,-1,-1,-1,1,-1,1,-1,-1,1,1,1,-1,-1,1,-1,1,1,-1,-1,1,-1,-1,1,1,1,-1,1,-1,-1,-1,1,-1,1,1,-1,1,1,1,1,-1,-1,-1,-1,1,1,1,-1,1,-1,-1,1,1,1,-1,-1,-1,-1,-1,1,1,-1,1,-1,-1,1,1,1,-1,-1,1,-1,1,1,1,-1,1,-1,1,-1,1,1,-1,-1,-1,1,-1,1,1,1,1,-1,1,1,1,1,-1,1,-1,1,1,1,1,-1,1,-1,1,1,1,-1,1,1,1,1,-1,1,-1,-1,1,1,-1,1,1,1,-1,1,-1,1,-1,1,1,-1,1,-1,1,-1,-1,1,-1,1,-1,1,-1,1,-1,-1,1,1,1,-1,-1,1,-1,-1,-1,1,1,-1,1,1,-1,-1,1,1,-1,-1,-1,-1,1,1,-1,-1,-1,-1,-1,1,1,-1,1,1,1,-1,1,-1,-1,1,1,-1,-1,-1,1,-1,1,-1,-1,1,1,-1,-1,1,-1,1,-1,-1,-1,-1,1,-1,-1,1,1,-1,1,1,-1,1,-1,1,1,-1,1,-1,1,1,1,1,-1,1,-1,-1,-1,1,1,-1,1,-1,1,-1,1,1,-1,1,-1,1,1,1,-1,-1,1,-1,-1,-1,1,-1,-1,-1,1,-1,1,-1,1,-1,1,-1,-1,1,-2648.0,1,2000,445,500,True
2744,1,1,-1,-1,1,-1,1,1,1,1,1,-1,1,1,1,1,-1,1,-1,-1,1,1,1,1,1,-1,1,1,1,1,1,1,-1,-1,1,1,-1,1,1,1,-1,1,1,1,1,1,1,-1,1,-1,1,1,-1,1,-1,-1,1,-1,1,1,1,-1,-1,-1,1,1,1,1,-1,1,1,-1,1,1,1,-1,1,1,-1,1,1,-1,-1,1,-1,1,1,1,-1,-1,1,1,-1,1,1,-1,1,-1,-1,1,1,1,-1,1,-1,-1,-1,1,1,1,1,1,-1,-1,1,1,1,1,-1,-1,-1,1,1,1,-1,1,-1,-1,1,1,1,1,-1,-1,-1,1,1,1,1,-1,-1,-1,-1,1,1,1,-1,-1,-1,-1,1,1,1,-1,1,-1,-1,1,1,1,-1,1,-1,-1,1,1,1,-1,1,-1,1,1,1,1,-1,-1,-1,1,1,1,-1,1,1,-1,1,1,1,-1,-1,-1,-1,-1,1,1,1,-1,1,-1,-1,1,-1,1,-1,1,-1,-1,1,1,1,-1,1,-1,1,1,-1,1,-1,1,-1,1,1,1,1,1,1,1,-1,1,-1,1,-1,1,-1,-1,1,1,1,1,1,-1,-1,1,-1,-1,1,1,1,-1,1,-1,-1,1,1,-1,1,1,-1,-1,1,1,-1,-1,1,-1,1,1,1,1,1,1,-1,1,1,1,1,1,1,-1,1,1,1,1,1,1,-1,1,1,1,1,-1,1,-1,-1,1,1,-1,1,1,1,-1,1,1,1,1,1,-1,-1,1,1,1,-1,1,-1,-1,1,1,1,1,1,-1,-1,1,1,-1,1,1,1,-1,1,1,1,1,1,1,1,1,1,1,1,1,-1,-1,1,1,1,1,1,-1,1,-1,1,1,-1,1,1,1,1,1,1,1,1,-1,-1,-1,1,-1,1,1,1,-1,-1,1,1,1,1,1,-1,-1,1,1,-1,1,1,-1,-1,1,1,1,-1,1,1,-1,-1,1,-1,1,1,1,-1,-1,1,1,-1,1,-1,1,1,1,-1,-1,-1,1,-1,1,1,-1,1,1,1,-1,1,-1,-1,1,1,-1,-1,1,-1,1,1,1,-1,-1,1,1,1,1,1,1,-1,-1,1,-1,1,1,1,-1,1,1,-1,1,-1,1,1,1,1,1,-1,1,1,-1,1,1,1,-1,1,1,1,-1,1,-1,1,1,1,-1,1,1,1,-1,1,1,1,-1,1,1,-1,-1,1,1,1,-1,1,-1,1,-1,1,-1,1,1,1,1,1,1,1,-1,1,-1,1,-1,1,-1,1,-1,1,-1,1,1,1,1,-1,1,-1,1,-1,1,1,1,-1,-1,1,1,-1,1,-1,1,-1,1,-1,1,1,1,-1,-1,1,-1,-1,1,1,-1,-1,-1,-1,-1,1,-1,1,-1,1,-1,-1,1,-1,1,-1,-1,1,-1,1,-1,1,1,-1,1,-1,-1,1,1,1,-1,1,-1,1,-1,1,1,1,-1,1,1,-1,-1,1,1,1,1,-1,-1,1,-1,1,1,1,-1,-1,-1,-1,-1,1,-1,1,-1,-1,-1,1,1,-1,1,-1,-1,-1,1,1,-1,1,-1,-1,1,1,1,-1,1,-1,-1,-1,-1,1,1,1,-1,1,-1,-1,1,-1,1,-1,1,1,-1,1,-1,1,1,-1,-1,-1,-1,-1,1,1,-1,-1,-1,-1,-1,1,1,-1,-1,-1,1,1,1,-1,-1,-1,-1,1,1,1,-1,1,-1,1,-1,1,1,1,-1,-1,-1,-1,-1,1,-1,1,-1,-1,1,-1,1,1,-1,1,-1,-1,1,1,1,-1,1,-1,-1,-1,1,1,-1,1,-1,-1,-1,1,1,-1,1,-1,-1,-1,1,1,1,-1,1,-1,-1,1,1,-1,-1,-1,-1,-1,1,1,1,-1,1,1,-1,-1,-1,1,-1,1,1,-1,1,-1,-1,1,1,1,-1,1,1,-1,1,-1,1,-1,1,-1,-1,1,-1,1,-1,1,1,-1,1,-1,-1,-1,-1,1,-1,1,-1,1,-1,-1,1,-1,1,-1,1,-1,-1,-1,-1,1,-1,-1,-1,-1,1,1,-1,1,1,-1,-1,-1,-1,1,-1,1,-1,-1,1,-1,-1,1,-1,-1,-1,1,-1,-1,1,1,-1,-1,-1,-1,1,1,-1,-1,-1,-1,-1,1,1,-1,-1,1,-1,-1,1,-1,1,-1,-1,-1,-1,-1,1,-1,1,-1,-1,-1,1,-1,-1,-1,-1,-1,1,-1,1,1,-1,1,-1,-1,1,-1,-1,-1,-1,-1,-1,1,1,-1,1,-1,1,-1,-1,-1,1,-1,-1,-1,-1,-1,-1,1,1,-1,-1,1,-1,-1,-1,-1,-1,-1,1,-1,-1,1,-1,-1,1,1,-1,-1,1,1,-1,1,-1,1,-1,1,-1,-1,1,-1,-1,-1,1,1,-1,1,-1,-1,1,1,-1,1,1,1,-1,-1,1,-1,-1,1,1,-1,1,1,-1,-1,1,1,1,-1,1,1,-1,-1,1,-1,-1,1,1,-1,1,1,-1,1,-1,1,1,-1,1,-1,-1,1,-1,1,-1,1,1,-1,1,1,1,-1,1,1,-1,1,1,-1,-1,1,1,-1,-1,1,-1,-1,1,-1,-1,1,1,-1,1,1,-1,1,1,1,-1,1,1,-1,-1,1,1,-1,-1,1,-1,-1,1,1,-1,1,-1,1,-1,1,1,-1,-1,1,1,-1,1,1,-1,-1,-1,1,-1,-1,-1,-1,1,-1,1,-1,-1,1,-1,-1,-1,1,1,-1,1,-1,-1,1,-1,1,-1,-1,1,-1,-1,-1,1,-1,-1,-1,1,-1,1,-1,1,-1,1,-1,-1,1,1,-1,1,1,-1,-1,1,-1,1,-1,1,-1,1,1,-1,-1,1,1,-1,-1,1,1,1,-1,1,-1,-1,1,-1,1,1,1,1,-1,1,-1,1,-1,1,-1,-1,1,1,1,-1,1,1,-1,1,-1,1,1,1,1,-1,1,1,-1,-1,-1,1,-1,1,1,1,-1,1,1,-1,-1,1,1,1,-1,1,-1,1,1,1,-2648.0,1,2000,445,1000,True
2745,1,1,-1,-1,1,1,-1,1,1,1,1,-1,-1,1,1,1,-1,1,-1,-1,-1,1,1,1,1,1,-1,-1,1,1,1,1,-1,-1,-1,1,-1,1,1,1,-1,-1,1,1,1,1,1,1,-1,1,1,1,-1,1,-1,-1,1,-1,1,1,1,-1,-1,1,1,1,1,1,1,-1,1,-1,1,1,1,1,-1,1,-1,1,1,1,1,-1,-1,1,1,1,1,1,-1,1,-1,1,1,1,-1,1,-1,1,1,1,1,1,1,-1,-1,1,1,1,1,-1,-1,-1,1,1,1,1,1,-1,-1,1,1,1,1,-1,-1,-1,1,1,1,1,1,-1,-1,1,1,1,1,1,-1,-1,1,1,1,1,1,-1,-1,-1,1,1,1,1,1,-1,-1,1,1,1,1,1,-1,-1,1,1,1,1,1,-1,1,1,1,1,1,-1,-1,1,1,1,1,-1,1,-1,1,1,-1,1,1,-1,-1,-1,1,1,1,1,1,-1,-1,1,-1,-1,1,1,-1,-1,1,1,1,1,1,-1,1,1,1,1,1,1,-1,1,1,-1,-1,1,1,1,-1,1,-1,-1,1,1,-1,-1,1,-1,-1,1,1,-1,-1,1,-1,1,1,1,1,-1,1,-1,1,1,1,-1,1,1,-1,1,1,1,-1,-1,1,1,-1,-1,1,1,1,1,1,1,-1,1,1,1,1,1,1,-1,1,1,1,1,1,-1,1,1,1,1,1,1,1,1,1,-1,-1,1,1,1,-1,1,1,1,1,1,1,-1,1,1,1,-1,1,1,-1,1,1,1,1,-1,1,-1,1,-1,1,1,1,1,-1,1,1,1,1,1,1,-1,1,1,1,1,1,-1,1,1,1,1,1,1,1,-1,1,1,-1,1,1,-1,1,1,1,1,1,1,1,-1,1,-1,1,1,1,1,-1,1,1,1,1,1,1,-1,1,1,-1,1,1,-1,-1,1,1,1,-1,1,1,-1,-1,1,-1,1,1,1,1,-1,1,1,-1,1,1,-1,1,1,-1,-1,-1,-1,-1,1,1,-1,1,1,-1,-1,1,-1,-1,1,1,1,1,1,-1,1,1,1,-1,-1,1,1,1,-1,1,1,1,-1,1,-1,1,1,1,1,1,1,-1,-1,-1,1,1,1,1,-1,1,-1,1,-1,1,1,1,-1,-1,1,1,-1,1,-1,1,-1,1,-1,1,1,1,1,-1,-1,1,-1,1,1,-1,-1,1,1,1,-1,1,-1,-1,-1,1,-1,1,1,-1,-1,1,1,1,1,-1,1,-1,1,1,1,1,-1,1,-1,1,1,1,1,-1,-1,-1,1,-1,1,1,1,-1,-1,1,1,-1,1,-1,-1,-1,1,-1,1,1,1,-1,-1,1,-1,-1,1,-1,-1,-1,-1,1,-1,1,-1,-1,-1,1,-1,-1,1,-1,-1,-1,-1,1,-1,1,-1,-1,-1,-1,1,-1,-1,1,1,1,-1,1,-1,1,-1,1,1,1,-1,1,1,-1,-1,1,1,1,-1,1,-1,1,-1,1,1,1,-1,-1,-1,1,-1,1,1,1,-1,-1,-1,1,1,-1,1,-1,-1,-1,1,1,-1,1,-1,-1,-1,1,1,-1,1,-1,-1,-1,-1,1,1,1,-1,1,-1,-1,1,-1,1,-1,-1,1,-1,1,-1,1,1,-1,-1,-1,-1,-1,1,1,-1,-1,-1,-1,-1,1,1,-1,-1,-1,1,1,1,-1,-1,-1,-1,1,1,1,-1,1,-1,1,-1,1,1,1,-1,-1,-1,-1,-1,1,-1,1,-1,-1,1,-1,1,1,-1,1,-1,-1,1,1,1,-1,1,-1,-1,-1,1,1,-1,1,-1,-1,-1,1,1,-1,1,-1,-1,-1,1,1,1,-1,1,-1,-1,1,1,-1,-1,-1,-1,-1,1,1,-1,-1,1,1,-1,-1,-1,1,-1,1,1,-1,1,-1,-1,1,1,-1,-1,1,1,-1,1,-1,1,-1,1,-1,-1,1,-1,1,-1,1,1,-1,1,-1,1,-1,-1,1,-1,1,-1,1,-1,-1,1,-1,1,1,1,-1,-1,-1,1,1,1,1,-1,-1,1,-1,-1,1,1,-1,-1,-1,-1,1,-1,1,-1,-1,1,1,-1,1,1,-1,-1,1,-1,-1,1,1,-1,-1,-1,-1,1,-1,1,-1,-1,-1,-1,1,1,-1,-1,1,-1,-1,1,-1,1,-1,-1,-1,-1,-1,1,1,1,-1,-1,-1,1,1,1,-1,-1,-1,1,-1,-1,1,-1,-1,-1,-1,1,1,1,-1,-1,1,-1,1,-1,1,1,-1,1,-1,-1,1,1,-1,-1,-1,-1,-1,-1,1,1,-1,-1,1,-1,1,1,-1,-1,-1,-1,-1,1,1,-1,-1,-1,1,-1,1,1,1,-1,-1,-1,1,1,1,-1,-1,1,-1,-1,1,1,-1,-1,-1,-1,-1,1,1,-1,1,-1,-1,-1,1,1,-1,-1,1,-1,-1,1,1,-1,-1,1,-1,-1,1,1,1,-1,1,-1,-1,-1,1,-1,-1,1,-1,-1,1,-1,1,-1,1,-1,-1,-1,1,1,-1,-1,1,-1,1,1,1,-1,1,-1,-1,1,1,1,-1,-1,-1,-1,-1,1,-1,-1,1,-1,1,-1,1,-1,-1,1,1,-1,1,1,1,-1,-1,-1,1,-1,1,-1,1,1,-1,-1,-1,1,1,-1,1,-1,-1,-1,1,1,-1,1,-1,-1,-1,1,1,-1,-1,-1,1,-1,-1,1,-1,-1,1,-1,-1,-1,1,1,-1,1,-1,1,-1,1,-1,1,-1,1,-1,-1,1,-1,-1,-1,1,1,-1,1,1,-1,1,-1,-1,1,1,-1,-1,1,-1,1,-1,1,-1,-1,1,1,-1,1,1,-1,-1,1,1,-1,-1,-1,-1,-1,1,-1,1,-1,1,-1,1,1,1,-1,1,1,1,-1,1,1,-1,1,1,-1,-1,1,1,1,1,1,-1,-1,1,1,-1,1,1,-1,-1,1,1,-1,1,1,1,-1,1,1,1,1,1,-1,-1,-1,-1,1,1,-1,1,-1,1,1,-1,1,-2648.0,1,2000,445,1000,True
2746,1,1,-1,-1,1,-1,-1,1,1,1,1,-1,1,1,1,1,-1,1,-1,-1,-1,1,1,1,1,-1,-1,-1,1,1,1,1,1,-1,-1,1,-1,1,1,1,-1,-1,1,1,1,1,1,-1,1,1,1,1,-1,1,-1,-1,1,-1,1,1,-1,-1,-1,1,1,1,1,1,-1,-1,1,-1,1,1,1,-1,-1,-1,1,1,1,-1,-1,-1,-1,1,1,1,-1,-1,-1,1,-1,1,1,-1,-1,1,-1,1,1,1,-1,-1,1,-1,-1,1,1,-1,-1,1,-1,-1,1,1,1,-1,1,1,-1,1,1,1,-1,-1,-1,-1,1,1,-1,-1,-1,-1,-1,1,1,1,-1,-1,-1,-1,-1,1,1,-1,1,-1,-1,-1,1,1,-1,-1,1,-1,-1,1,1,-1,1,-1,-1,-1,1,1,-1,1,1,-1,1,1,-1,-1,-1,-1,-1,1,-1,-1,-1,1,1,-1,1,1,-1,-1,-1,-1,-1,-1,1,-1,1,-1,1,-1,-1,1,-1,1,-1,1,-1,-1,1,-1,-1,1,1,-1,1,1,1,-1,1,1,-1,1,1,-1,-1,-1,1,1,-1,1,-1,-1,1,1,-1,-1,1,-1,-1,-1,1,-1,-1,1,-1,1,-1,1,1,-1,1,-1,1,-1,1,-1,1,1,-1,1,-1,1,-1,-1,1,1,-1,-1,1,1,1,1,1,-1,-1,1,1,1,1,1,-1,-1,1,1,1,1,1,-1,-1,1,1,-1,1,1,1,-1,1,-1,1,1,1,-1,-1,1,1,-1,1,1,1,-1,1,1,-1,1,1,1,-1,1,1,1,1,-1,1,-1,1,-1,1,1,1,1,-1,1,1,1,1,1,-1,-1,1,1,1,1,1,1,-1,1,1,1,1,1,-1,1,1,1,-1,1,1,-1,1,1,1,-1,1,1,1,-1,1,-1,1,1,1,1,-1,1,1,-1,1,1,1,-1,1,1,-1,-1,1,-1,-1,1,1,1,1,1,1,-1,-1,1,-1,-1,1,1,1,1,1,1,1,1,1,-1,1,1,-1,-1,1,-1,-1,1,1,-1,1,-1,1,-1,1,-1,1,-1,1,1,-1,1,-1,1,-1,1,-1,-1,1,1,1,-1,1,-1,-1,-1,1,-1,1,-1,-1,1,1,1,-1,1,-1,-1,1,1,1,-1,1,-1,-1,1,1,1,1,1,-1,-1,1,-1,1,-1,1,-1,-1,-1,-1,-1,1,1,-1,-1,1,-1,1,1,-1,-1,-1,-1,1,1,1,1,-1,-1,1,-1,1,-1,-1,1,-1,-1,1,1,-1,1,-1,-1,1,1,1,-1,-1,1,-1,1,1,1,-1,-1,1,-1,-1,1,1,-1,-1,1,-1,1,-1,1,1,-1,-1,1,-1,1,-1,1,-1,-1,1,-1,-1,-1,1,-1,-1,1,-1,1,-1,1,-1,-1,1,-1,-1,1,1,-1,-1,-1,1,-1,1,1,-1,1,-1,1,-1,-1,1,1,1,-1,1,-1,1,-1,1,-1,1,-1,-1,1,-1,-1,1,1,1,-1,1,-1,1,-1,1,1,-1,-1,-1,-1,-1,-1,1,1,1,-1,-1,-1,1,1,-1,1,-1,-1,-1,1,1,-1,1,-1,-1,-1,1,1,-1,1,-1,-1,-1,-1,1,1,1,-1,1,-1,-1,1,-1,1,-1,-1,1,1,-1,-1,1,1,-1,-1,-1,-1,-1,1,1,-1,-1,-1,1,-1,-1,1,-1,-1,1,-1,1,1,-1,-1,-1,-1,-1,1,1,-1,1,-1,-1,1,1,1,1,-1,-1,-1,-1,-1,1,-1,1,-1,-1,1,-1,1,1,-1,1,-1,-1,1,1,1,-1,1,-1,1,-1,1,1,-1,1,-1,-1,-1,1,1,-1,1,-1,1,-1,1,1,1,-1,1,-1,-1,1,1,-1,-1,-1,1,-1,1,1,1,-1,1,-1,-1,-1,-1,1,-1,1,-1,-1,1,-1,-1,1,-1,1,-1,1,1,-1,1,-1,1,-1,1,-1,1,-1,1,-1,-1,1,1,-1,1,-1,-1,-1,-1,1,-1,1,-1,1,-1,-1,1,-1,1,1,-1,-1,-1,-1,-1,1,1,1,-1,-1,1,1,-1,1,1,-1,-1,-1,-1,1,-1,1,-1,-1,1,-1,1,1,1,-1,-1,1,-1,-1,1,1,-1,-1,-1,-1,1,-1,1,-1,-1,-1,-1,-1,1,-1,-1,1,-1,-1,1,-1,1,-1,-1,-1,-1,1,-1,1,1,-1,-1,-1,-1,1,1,-1,-1,1,-1,1,-1,1,-1,1,-1,-1,-1,1,1,-1,-1,-1,-1,-1,1,1,1,-1,1,-1,1,-1,1,-1,-1,-1,-1,-1,-1,1,1,-1,-1,1,-1,1,1,-1,-1,1,-1,-1,1,1,-1,-1,-1,1,-1,1,1,-1,1,-1,-1,1,1,1,-1,-1,1,-1,-1,1,1,1,1,-1,-1,1,1,1,-1,1,-1,-1,-1,1,1,1,-1,1,-1,-1,1,-1,1,-1,1,-1,-1,1,1,1,1,1,-1,-1,1,1,1,1,-1,-1,-1,1,-1,1,1,1,-1,-1,-1,1,-1,1,1,-1,-1,1,1,1,1,1,-1,-1,1,1,1,1,1,-1,-1,1,-1,1,1,1,-1,1,1,1,1,1,-1,-1,1,-1,1,1,1,1,-1,1,1,1,1,-1,1,-1,-1,1,-1,1,1,-1,1,-1,1,1,1,1,1,-1,-1,1,1,1,1,1,-1,1,1,-1,1,1,-1,1,-1,1,-1,1,1,-1,1,-1,1,-1,1,1,1,1,1,1,1,1,1,1,1,1,-1,1,-1,1,-1,1,-1,-1,1,1,1,1,1,-1,1,-1,1,1,1,1,1,1,1,1,-1,1,1,1,-1,-1,-1,1,1,1,-1,1,1,1,-1,1,1,1,-1,1,1,1,1,1,1,1,1,1,1,1,1,1,1,1,1,1,1,1,1,-1,1,1,1,1,1,1,1,-1,1,-1,1,1,1,1,1,1,-1,1,1,1,1,1,1,-1,1,1,-1,1,1,-2648.0,1,2000,445,1000,True
2747,1,1,-1,-1,1,-1,1,1,1,1,1,-1,1,1,1,1,-1,1,-1,-1,1,1,1,1,1,-1,1,1,1,1,1,1,-1,-1,1,1,-1,1,1,1,-1,1,1,1,1,1,1,-1,1,1,1,1,-1,1,-1,1,-1,-1,1,1,1,-1,-1,-1,1,1,1,1,1,1,1,-1,1,1,1,1,1,1,-1,1,1,-1,-1,1,-1,1,1,1,1,-1,1,1,-1,1,1,1,1,-1,-1,1,1,1,1,1,-1,-1,-1,1,1,1,1,1,-1,-1,1,1,1,1,-1,-1,-1,1,1,1,1,1,-1,-1,1,1,1,1,-1,-1,-1,1,1,1,1,-1,-1,-1,1,1,1,1,-1,-1,-1,-1,1,1,1,-1,1,-1,-1,1,1,1,-1,1,-1,-1,1,1,1,-1,1,-1,1,1,1,1,-1,-1,-1,1,1,1,1,1,1,-1,1,1,1,1,-1,-1,-1,-1,1,1,-1,-1,1,-1,-1,1,-1,1,-1,1,-1,-1,1,1,1,-1,1,-1,1,1,-1,1,-1,1,-1,1,1,1,1,1,1,1,-1,1,-1,1,-1,1,-1,-1,1,1,1,1,1,-1,-1,1,-1,-1,1,1,1,-1,1,1,-1,1,1,-1,1,1,-1,-1,1,1,-1,-1,1,-1,1,1,1,1,1,1,-1,1,1,1,1,1,1,-1,1,1,1,1,1,1,-1,-1,1,1,1,1,1,1,-1,1,1,-1,-1,1,1,1,1,1,1,1,1,-1,1,1,1,1,1,-1,1,1,1,1,1,1,1,-1,-1,1,1,-1,1,1,1,-1,1,1,1,1,1,1,1,1,1,1,1,1,1,-1,1,1,1,1,1,-1,1,-1,1,1,-1,1,1,1,1,1,1,-1,1,1,-1,-1,1,-1,1,1,1,-1,-1,1,1,-1,1,1,-1,-1,1,1,-1,1,1,-1,-1,1,1,1,-1,1,-1,1,-1,1,-1,1,1,1,-1,-1,1,1,-1,1,-1,1,1,1,-1,-1,-1,-1,1,1,1,-1,1,1,-1,1,1,-1,1,-1,1,-1,1,1,-1,-1,1,1,1,-1,1,1,1,-1,1,1,1,-1,1,-1,1,-1,-1,1,1,1,-1,-1,-1,1,1,1,1,-1,1,-1,-1,1,1,1,1,-1,-1,-1,1,-1,1,-1,1,-1,-1,-1,1,1,1,1,-1,-1,1,-1,1,1,-1,-1,1,-1,1,-1,1,-1,-1,-1,1,-1,1,-1,-1,-1,-1,-1,1,1,-1,1,-1,-1,1,-1,1,-1,-1,1,-1,1,-1,1,-1,-1,-1,-1,-1,1,1,-1,-1,1,-1,-1,-1,1,1,-1,-1,1,-1,1,-1,1,-1,-1,-1,-1,-1,-1,1,-1,-1,-1,1,1,-1,1,-1,-1,-1,-1,-1,1,1,-1,-1,-1,-1,-1,1,1,-1,-1,-1,-1,-1,-1,1,1,1,-1,-1,-1,1,-1,1,-1,1,1,1,1,-1,-1,1,1,1,1,-1,-1,1,-1,1,1,1,-1,-1,-1,-1,-1,1,1,1,-1,-1,-1,1,1,-1,1,-1,-1,-1,1,1,-1,1,-1,-1,-1,1,1,-1,1,-1,-1,-1,-1,1,1,1,-1,1,-1,-1,1,-1,1,-1,-1,1,-1,1,-1,1,1,-1,-1,-1,-1,-1,1,1,-1,1,-1,1,-1,1,1,-1,-1,1,-1,1,1,-1,-1,-1,-1,-1,1,1,-1,1,-1,1,1,1,1,1,-1,-1,-1,-1,-1,1,-1,1,-1,-1,1,-1,1,1,-1,1,-1,-1,1,1,1,-1,1,-1,1,-1,1,1,-1,1,-1,-1,-1,1,1,-1,1,-1,1,-1,1,1,1,-1,1,-1,-1,1,1,-1,-1,-1,1,-1,1,1,-1,-1,1,-1,-1,-1,-1,1,-1,1,-1,-1,1,-1,-1,1,-1,1,-1,1,1,-1,1,-1,1,-1,1,-1,1,-1,1,-1,-1,1,1,-1,1,-1,-1,-1,-1,1,-1,1,-1,1,-1,-1,1,-1,1,1,-1,-1,-1,-1,1,1,1,1,-1,-1,1,-1,-1,1,1,-1,-1,-1,-1,1,-1,1,-1,-1,1,1,-1,1,1,-1,-1,1,-1,-1,1,1,-1,-1,-1,-1,1,-1,1,-1,-1,-1,-1,-1,1,-1,-1,1,-1,-1,1,-1,1,-1,-1,-1,-1,-1,1,1,1,-1,-1,-1,1,1,1,-1,-1,-1,1,-1,-1,1,-1,1,-1,-1,1,1,1,-1,-1,-1,-1,1,-1,1,1,-1,1,-1,-1,1,1,-1,-1,-1,-1,-1,-1,1,1,-1,-1,1,-1,1,1,-1,-1,-1,1,-1,1,1,-1,-1,1,-1,-1,1,1,1,-1,1,-1,1,1,1,-1,-1,1,-1,-1,1,1,-1,-1,1,-1,-1,1,1,-1,1,1,1,-1,1,1,-1,-1,1,1,-1,1,1,-1,-1,1,-1,-1,1,1,1,-1,-1,1,-1,1,1,1,-1,1,1,-1,1,-1,1,-1,-1,1,-1,-1,1,1,-1,-1,1,-1,1,1,1,-1,-1,1,1,1,1,1,-1,-1,1,1,-1,1,-1,-1,1,-1,1,-1,1,1,-1,1,1,1,-1,1,-1,-1,1,1,-1,1,1,-1,1,-1,1,1,1,1,1,-1,1,-1,1,1,1,1,-1,-1,-1,1,-1,1,1,-1,-1,1,-1,1,1,-1,-1,1,-1,1,1,1,1,-1,1,-1,1,-1,1,1,-1,-1,1,-1,-1,1,-1,1,-1,-1,-1,-1,1,-1,-1,1,-1,1,1,1,-1,1,-1,-1,1,1,1,1,1,-1,-1,-1,1,-1,-1,1,-1,1,1,-1,1,1,1,-1,-1,-1,1,-1,-1,1,-1,-1,1,-1,1,1,1,1,-1,1,-1,-1,-1,1,1,-1,1,1,1,-1,1,1,-1,1,-1,1,1,1,1,-1,1,-1,1,-1,1,1,-1,1,1,1,-1,1,1,-1,-1,1,1,1,-1,1,-1,1,-1,1,-2648.0,1,2000,445,1000,True
2748,-1,-1,1,1,1,1,-1,1,-1,-1,-1,1,-1,1,-1,-1,1,-1,1,-1,-1,-1,-1,-1,-1,1,-1,-1,-1,-1,-1,-1,1,-1,-1,-1,1,-1,-1,1,-1,-1,-1,-1,-1,-1,1,1,-1,1,-1,-1,1,1,-1,-1,-1,1,-1,-1,1,1,-1,1,-1,-1,-1,1,1,-1,-1,1,-1,-1,1,1,-1,-1,1,-1,-1,-1,1,-1,1,-1,-1,1,1,1,1,-1,-1,-1,-1,1,-1,-1,1,1,-1,-1,1,1,-1,1,-1,-1,-1,1,1,-1,1,1,-1,-1,1,1,1,1,-1,-1,-1,1,1,-1,1,-1,1,-1,1,1,-1,1,-1,1,-1,1,1,-1,1,-1,1,-1,-1,1,1,1,1,-1,-1,1,1,-1,-1,1,-1,1,1,1,-1,1,1,1,-1,-1,1,-1,-1,1,-1,-1,1,1,-1,1,-1,1,1,1,-1,1,-1,1,-1,-1,1,-1,-1,1,1,1,-1,1,-1,-1,-1,1,1,-1,1,-1,-1,-1,1,1,-1,1,1,-1,-1,1,1,-1,1,-1,-1,-1,1,1,-1,1,1,-1,-1,-1,1,1,-1,1,-1,-1,1,1,-1,1,1,-1,-1,1,1,-1,1,-1,-1,-1,-1,1,-1,-1,1,-1,-1,1,-1,1,1,-1,-1,-1,1,1,-1,1,1,-1,1,-1,-1,-1,1,-1,1,-1,1,1,-1,1,-1,1,-1,-1,1,-1,-1,1,-1,1,-1,1,-1,1,1,-1,1,-1,-1,-1,1,1,1,1,-1,-1,-1,1,1,-1,1,1,1,-1,-1,1,1,1,-1,-1,-1,1,-1,1,1,1,-1,-1,1,-1,1,1,-1,1,-1,1,-1,1,1,-1,-1,-1,1,-1,-1,1,-1,-1,1,-1,-1,1,1,-1,-1,1,-1,1,-1,1,-1,1,1,1,-1,1,1,-1,-1,1,1,-1,1,-1,-1,-1,1,1,-1,-1,-1,-1,-1,1,1,1,1,-1,-1,1,1,1,-1,1,1,-1,-1,1,1,-1,-1,1,-1,-1,-1,1,-1,1,-1,-1,-1,-1,-1,-1,1,1,-1,-1,1,1,-1,1,-1,1,-1,1,1,-1,1,1,-1,-1,1,-1,1,1,-1,-1,-1,-1,1,-1,-1,1,-1,-1,1,-1,-1,1,-1,-1,-1,1,-1,1,-1,1,-1,-1,1,-1,-1,1,-1,-1,1,1,-1,1,-1,1,-1,-1,1,-1,-1,-1,-1,-1,-1,1,-1,-1,1,1,-1,-1,-1,-1,1,-1,-1,1,-1,1,-1,-1,1,1,-1,-1,1,-1,-1,-1,-1,-1,1,1,-1,-1,1,1,-1,1,-1,1,-1,1,1,-1,1,-1,-1,-1,-1,-1,-1,1,-1,1,-1,1,1,-1,1,-1,-1,1,-1,-1,1,-1,1,-1,1,-1,1,-1,1,1,-1,-1,-1,1,-1,1,-1,-1,1,-1,1,1,1,1,-1,-1,-1,1,-1,1,1,-1,-1,1,1,1,-1,1,1,-1,1,1,1,1,1,-1,1,-1,-1,-1,1,-1,-1,1,1,1,-1,1,-1,1,-1,-1,-1,1,1,-1,1,1,-1,1,-1,1,-1,1,1,-1,1,-1,1,-1,-1,-1,-1,1,-1,1,-1,-1,-1,-1,1,-1,1,-1,1,1,1,-1,-1,1,-1,1,1,-1,1,-1,1,-1,-1,1,-1,1,-1,-1,1,1,1,1,1,-1,1,1,1,1,-1,1,-1,-1,1,1,1,-1,-1,-1,1,1,1,1,-1,-1,-1,1,-1,1,-1,1,1,-1,-1,1,1,1,-1,1,-1,-1,1,1,1,1,1,1,-1,1,1,1,1,-1,1,-1,1,-1,1,-1,1,1,-1,1,1,1,1,1,1,-1,1,1,1,1,1,1,-1,1,1,-1,1,1,1,-1,1,1,1,1,1,1,-1,1,1,1,-1,1,-1,-1,1,1,1,-1,1,-1,-1,1,1,1,1,1,-1,-1,1,1,1,-1,1,1,-1,1,1,-1,-1,1,-1,-1,1,1,1,-1,1,1,-1,1,1,1,-1,1,1,-1,1,1,1,-1,1,1,-1,1,1,1,-1,1,-1,1,1,1,-1,-1,1,1,-1,1,-1,1,-1,1,1,-1,1,1,1,-1,1,1,-1,1,1,1,-1,1,1,1,1,-1,1,-1,1,1,1,1,1,-1,-1,1,1,1,1,-1,-1,1,1,1,1,1,-1,-1,-1,-1,1,1,1,-1,1,-1,1,1,1,1,-1,-1,-1,1,-1,1,1,-1,1,1,1,1,1,1,1,-1,1,-1,1,1,1,-1,1,1,1,1,1,1,-1,-1,1,-1,1,1,1,-1,1,1,-1,-1,-1,-1,-1,1,1,1,-1,1,1,-1,1,1,1,-1,1,-1,1,1,1,-1,1,1,-1,-1,1,1,-1,-1,-1,1,-1,1,1,-1,1,-1,-1,-1,1,1,-1,-1,-1,1,-1,1,1,-1,-1,-1,-1,-1,1,1,-1,-1,-1,1,-1,1,1,-1,-1,-1,-1,-1,1,-1,-1,-1,-1,-1,1,1,1,-1,-1,-1,1,-1,1,1,-1,-1,1,-1,1,1,1,1,-1,-1,-1,1,-1,1,-1,-1,-1,-1,1,-1,1,-1,-1,-1,-1,1,1,1,-1,-1,1,1,-1,1,1,-1,1,-1,1,1,1,-1,1,-1,1,-1,1,1,1,1,-1,1,1,1,-1,1,1,-1,1,1,-1,1,1,1,-1,1,-1,1,1,-1,1,1,1,-1,1,1,-1,1,-1,-1,1,-1,-1,1,1,-1,1,1,-1,-1,1,1,1,1,-1,1,1,1,1,1,1,1,1,1,1,1,-1,1,-1,-1,1,1,1,-1,1,1,-1,-1,-1,1,1,1,-1,-1,1,1,1,1,1,-1,-1,-1,1,1,1,1,-1,-1,1,1,1,1,1,1,-1,1,1,1,1,1,1,-1,1,1,1,1,1,-1,-1,1,-1,1,1,1,1,-1,-1,1,1,1,1,-1,1,-1,1,1,-1,1,1,-1,-1,1,-2648.0,1,2000,445,500,True
2749,-1,-1,1,1,1,1,-1,1,-1,-1,-1,1,-1,1,-1,-1,1,-1,1,1,-1,1,-1,-1,-1,1,-1,-1,1,-1,-1,-1,1,1,-1,1,1,-1,-1,-1,1,-1,1,-1,-1,-1,1,1,-1,-1,-1,-1,-1,1,1,-1,-1,1,-1,-1,1,1,1,1,-1,-1,-1,1,1,-1,1,-1,-1,-1,1,-1,-1,1,-1,-1,-1,1,1,-1,-1,-1,-1,1,1,1,-1,-1,-1,-1,1,1,-1,1,-1,1,-1,1,1,-1,1,-1,-1,-1,1,1,-1,1,-1,-1,-1,1,1,-1,1,-1,-1,-1,1,1,-1,1,-1,-1,1,1,1,-1,1,-1,-1,1,1,1,-1,-1,-1,-1,1,1,1,-1,1,-1,-1,-1,1,1,-1,-1,1,-1,-1,1,1,-1,1,1,-1,-1,1,1,-1,1,1,-1,1,1,1,-1,1,-1,-1,-1,1,1,1,-1,1,-1,1,1,-1,1,1,-1,-1,1,1,1,1,1,1,-1,1,1,-1,1,1,1,-1,1,1,1,-1,1,1,-1,1,1,-1,1,1,1,1,1,1,1,1,1,1,1,-1,1,-1,-1,1,1,-1,1,-1,1,1,1,1,1,1,1,-1,1,1,1,1,1,-1,1,-1,1,1,1,1,1,-1,1,1,1,1,-1,1,-1,1,-1,1,-1,-1,1,-1,1,-1,1,1,-1,-1,-1,1,-1,1,-1,1,1,-1,-1,1,1,1,1,1,1,-1,1,1,1,-1,-1,1,-1,-1,1,-1,-1,-1,-1,1,-1,1,1,1,-1,1,-1,-1,1,-1,-1,-1,1,-1,-1,1,1,-1,-1,-1,1,-1,1,-1,1,-1,-1,1,-1,1,-1,-1,-1,-1,1,-1,1,-1,-1,-1,1,-1,1,1,-1,1,-1,1,-1,1,1,-1,-1,-1,-1,1,1,1,-1,-1,-1,-1,1,1,-1,-1,-1,-1,-1,1,1,-1,-1,1,-1,-1,1,1,-1,-1,1,1,-1,1,1,1,-1,1,-1,-1,1,1,1,-1,-1,-1,-1,1,-1,-1,-1,1,1,1,1,1,1,-1,1,-1,1,-1,1,-1,1,-1,1,-1,1,1,-1,1,1,-1,1,-1,1,-1,-1,-1,1,-1,1,1,1,-1,1,-1,1,1,1,-1,-1,1,-1,1,1,-1,-1,-1,1,-1,1,1,1,1,-1,1,1,1,1,-1,1,-1,1,1,1,1,1,1,-1,-1,1,1,1,1,1,-1,-1,1,-1,1,1,1,1,-1,1,1,-1,1,1,-1,1,1,1,1,1,1,-1,1,1,1,1,-1,-1,-1,1,1,-1,1,-1,-1,-1,1,1,-1,1,-1,1,-1,1,1,-1,1,-1,-1,-1,-1,1,1,1,-1,-1,-1,-1,1,-1,1,1,-1,-1,1,1,1,-1,-1,1,-1,-1,1,-1,1,-1,-1,1,-1,1,1,-1,1,-1,1,-1,1,1,-1,1,-1,-1,1,1,1,-1,1,-1,1,-1,1,1,1,-1,1,1,-1,1,-1,-1,1,1,-1,-1,-1,1,-1,1,1,-1,-1,-1,1,1,1,1,1,-1,-1,1,-1,1,-1,1,-1,-1,-1,1,1,1,1,-1,-1,-1,-1,1,1,1,-1,-1,1,1,1,-1,1,-1,-1,1,1,1,1,1,-1,-1,-1,-1,1,-1,1,1,-1,1,-1,-1,1,1,-1,1,1,1,1,1,1,1,-1,1,1,-1,1,1,-1,1,1,1,-1,1,1,-1,-1,1,-1,1,1,1,-1,1,1,1,-1,1,1,-1,1,1,1,1,1,1,1,1,1,1,-1,1,1,-1,1,-1,1,1,1,1,1,1,1,1,1,1,1,-1,1,-1,1,1,1,1,1,-1,1,-1,1,1,1,1,1,1,1,1,1,1,-1,1,1,-1,1,1,-1,-1,1,1,-1,1,1,1,-1,1,-1,1,1,1,-1,-1,1,-1,1,1,1,1,-1,1,1,-1,1,1,-1,1,1,-1,1,1,1,1,-1,1,-1,1,1,1,1,-1,1,-1,-1,1,1,1,-1,1,1,-1,-1,1,-1,1,1,1,-1,1,1,1,-1,1,-1,1,-1,1,1,-1,1,1,-1,1,1,-1,1,1,1,-1,-1,1,1,-1,1,1,-1,-1,1,-1,1,1,1,-1,-1,1,-1,-1,1,1,-1,1,1,-1,-1,1,1,-1,-1,1,-1,-1,1,1,-1,-1,1,-1,1,-1,1,-1,-1,1,-1,-1,1,-1,-1,-1,-1,-1,-1,1,-1,1,-1,1,-1,1,-1,1,-1,-1,1,-1,-1,-1,1,1,-1,-1,-1,-1,-1,1,-1,-1,-1,-1,-1,1,1,-1,1,1,-1,1,-1,1,-1,-1,1,-1,1,1,-1,-1,-1,-1,-1,1,1,1,-1,-1,-1,-1,1,-1,1,1,1,-1,1,1,1,1,-1,-1,-1,-1,1,-1,1,-1,1,-1,-1,1,-1,1,-1,-1,-1,-1,-1,1,1,-1,1,-1,-1,1,1,1,-1,-1,1,-1,1,1,-1,-1,1,-1,1,-1,1,1,1,-1,-1,1,-1,1,-1,1,1,-1,1,1,1,-1,-1,-1,-1,1,1,1,-1,-1,1,-1,1,1,1,-1,1,1,1,1,-1,-1,1,-1,1,1,-1,1,-1,-1,-1,1,-1,1,-1,1,-1,-1,1,-1,1,-1,-1,1,-1,1,-1,1,-1,-1,1,-1,-1,1,1,-1,1,-1,-1,-1,-1,1,-1,1,-1,1,-1,-1,1,1,1,1,-1,-1,1,1,-1,-1,1,1,-1,1,1,-1,1,-1,-1,1,1,-1,-1,1,-1,-1,-1,-1,1,-1,1,1,-1,1,1,-1,-1,-1,-1,1,-1,-1,-1,-1,1,-1,-1,1,1,-1,1,1,-1,1,1,1,1,-1,1,-1,1,1,1,1,-1,1,-1,-1,1,1,1,-1,1,-1,1,1,1,1,-1,1,-1,1,1,1,-1,-1,1,-1,-1,1,1,-1,-1,-1,1,-1,1,1,1,-1,1,-1,-1,1,-2648.0,1,2000,445,1500,True
2750,1,1,-1,-1,1,1,-1,1,1,1,1,-1,-1,1,1,1,-1,1,-1,-1,-1,1,1,1,1,1,-1,-1,1,1,1,1,-1,-1,-1,1,-1,1,1,1,-1,-1,1,1,1,1,1,1,-1,-1,1,1,-1,1,-1,-1,1,-1,1,1,1,-1,-1,1,1,1,1,1,1,-1,1,-1,1,1,1,1,-1,1,-1,1,1,-1,1,-1,-1,1,1,1,1,1,1,1,-1,1,1,1,-1,-1,-1,-1,1,1,1,1,-1,-1,-1,1,1,1,1,-1,-1,-1,1,1,1,1,1,-1,-1,1,1,1,1,-1,-1,-1,1,1,1,1,-1,-1,-1,1,1,1,1,-1,-1,-1,-1,1,1,1,1,-1,-1,-1,1,1,1,-1,1,-1,1,-1,1,1,-1,-1,-1,-1,1,-1,1,-1,1,-1,-1,-1,1,1,-1,-1,-1,1,1,1,-1,1,1,-1,-1,-1,1,-1,-1,-1,-1,-1,-1,1,-1,-1,1,-1,-1,-1,1,-1,-1,1,-1,-1,1,1,1,-1,1,-1,1,1,-1,-1,-1,1,-1,1,-1,1,1,-1,1,1,-1,-1,-1,1,-1,1,-1,-1,1,1,1,-1,1,-1,-1,1,-1,-1,-1,1,1,-1,-1,-1,1,-1,1,-1,-1,-1,1,-1,-1,1,-1,-1,-1,-1,1,-1,1,1,-1,-1,-1,1,-1,1,1,1,-1,-1,1,-1,1,1,1,-1,-1,1,-1,1,1,1,-1,-1,1,-1,1,-1,-1,1,-1,1,1,1,1,-1,-1,-1,1,-1,1,1,1,-1,-1,1,1,1,1,1,-1,1,-1,1,1,-1,1,-1,-1,-1,1,1,1,1,-1,-1,1,1,1,1,1,-1,-1,1,-1,1,1,1,-1,-1,-1,1,1,1,-1,-1,-1,1,-1,1,1,-1,-1,-1,-1,1,1,-1,1,-1,-1,-1,1,1,1,1,-1,-1,-1,1,1,1,1,1,-1,1,1,1,1,1,1,-1,-1,1,-1,1,-1,1,-1,-1,-1,1,1,1,-1,1,-1,1,1,1,-1,-1,-1,-1,1,1,1,-1,1,1,-1,1,1,-1,1,1,-1,-1,1,1,-1,-1,1,-1,1,1,1,1,1,-1,1,1,1,-1,1,-1,1,-1,-1,1,1,1,-1,1,-1,1,-1,1,1,-1,1,-1,-1,1,1,1,1,-1,-1,-1,-1,-1,1,-1,1,-1,-1,-1,1,1,1,1,-1,-1,1,-1,1,1,-1,-1,1,-1,1,-1,1,-1,-1,-1,1,-1,1,-1,-1,-1,-1,-1,1,1,-1,1,-1,-1,1,-1,1,-1,-1,1,-1,1,-1,1,-1,-1,1,1,-1,1,1,-1,-1,1,-1,1,-1,1,1,-1,-1,1,-1,1,-1,1,-1,-1,1,-1,-1,-1,1,-1,-1,1,-1,1,-1,1,-1,-1,1,-1,-1,1,1,-1,-1,-1,1,-1,1,1,-1,1,-1,1,-1,-1,1,1,1,-1,1,-1,1,-1,1,-1,1,-1,1,1,-1,-1,1,-1,1,-1,1,-1,1,-1,1,1,1,-1,-1,-1,-1,-1,1,1,1,-1,-1,-1,1,1,-1,1,-1,-1,-1,1,1,-1,1,-1,-1,-1,1,1,-1,1,-1,-1,-1,-1,1,1,1,-1,1,-1,-1,1,-1,1,-1,-1,1,-1,1,-1,1,1,-1,-1,-1,-1,-1,1,1,-1,-1,-1,1,-1,1,1,-1,-1,-1,-1,1,1,-1,-1,-1,-1,-1,1,1,-1,1,-1,1,1,1,1,1,-1,-1,-1,-1,-1,1,-1,1,-1,-1,1,-1,1,1,-1,1,-1,-1,1,1,1,-1,1,-1,1,-1,1,1,-1,-1,-1,-1,-1,1,1,-1,1,-1,1,-1,1,1,-1,-1,1,-1,-1,1,1,-1,-1,-1,1,-1,1,1,1,-1,1,-1,-1,1,-1,1,-1,1,-1,-1,1,-1,-1,1,-1,1,-1,1,1,-1,1,-1,1,-1,1,-1,1,-1,1,-1,-1,1,1,-1,1,-1,-1,-1,-1,1,-1,1,-1,1,-1,-1,1,-1,1,1,-1,-1,-1,1,1,1,1,1,-1,-1,1,1,-1,1,1,-1,-1,-1,1,-1,-1,1,-1,-1,1,1,1,1,1,-1,-1,1,1,-1,1,1,-1,-1,1,-1,1,-1,1,-1,-1,1,1,-1,1,-1,-1,1,-1,1,-1,-1,1,-1,1,1,1,-1,1,1,1,1,1,1,-1,1,1,-1,-1,-1,1,-1,-1,1,-1,1,1,1,1,1,1,-1,1,1,1,1,-1,1,1,-1,1,1,-1,1,1,-1,-1,1,1,1,-1,1,1,-1,1,-1,1,-1,1,-1,-1,-1,1,1,-1,1,-1,-1,1,1,1,1,1,1,-1,1,1,1,1,1,-1,1,1,1,1,1,1,-1,-1,1,1,1,1,1,-1,1,1,1,-1,1,1,-1,-1,1,1,1,1,-1,-1,-1,-1,1,1,1,1,1,-1,-1,1,1,1,1,-1,-1,1,1,1,1,-1,1,-1,-1,1,1,1,1,1,-1,-1,1,1,1,1,1,-1,1,-1,1,1,1,1,-1,-1,1,1,1,-1,-1,-1,-1,1,1,1,1,-1,-1,-1,-1,1,-1,1,1,-1,-1,1,-1,1,1,-1,1,-1,1,1,1,-1,1,-1,1,-1,1,1,-1,1,-1,1,-1,1,-1,1,1,-1,1,-1,-1,1,-1,1,-1,1,-1,1,1,-1,1,1,1,-1,1,-1,-1,1,-1,-1,1,-1,-1,1,1,-1,1,1,-1,-1,1,1,1,1,-1,1,1,1,1,1,1,-1,1,1,-1,1,-1,1,-1,-1,1,1,1,-1,1,1,-1,-1,-1,1,1,1,-1,-1,1,1,1,1,1,-1,-1,-1,1,1,1,1,-1,-1,1,1,1,1,1,1,-1,1,1,1,1,1,1,-1,1,1,1,1,1,1,-1,1,-1,1,1,1,1,-1,-1,1,1,1,1,1,1,-1,1,1,-1,1,1,-1,-1,1,-2648.0,1,2000,445,1000,True
2751,1,1,-1,-1,1,-1,1,1,1,1,1,-1,1,1,1,1,-1,1,-1,-1,1,1,1,1,1,-1,1,1,1,1,1,1,-1,-1,1,1,-1,1,1,1,-1,1,1,1,1,1,1,-1,1,-1,1,1,-1,1,-1,1,-1,-1,1,1,1,-1,-1,1,1,1,1,1,-1,1,1,-1,1,1,1,-1,1,1,-1,1,1,-1,-1,1,-1,1,1,1,-1,-1,1,-1,-1,1,1,-1,1,-1,-1,1,1,1,-1,1,-1,-1,-1,1,1,1,1,1,-1,-1,1,1,1,1,-1,-1,-1,1,1,1,-1,1,-1,-1,1,1,1,1,-1,-1,-1,1,1,1,1,-1,-1,-1,1,1,1,1,-1,-1,-1,-1,1,1,1,-1,1,-1,-1,1,1,1,-1,1,-1,-1,1,1,1,-1,1,-1,1,1,1,1,-1,-1,-1,1,1,1,-1,1,1,-1,-1,1,1,-1,-1,-1,-1,-1,1,1,1,-1,1,-1,-1,1,-1,1,-1,1,-1,-1,1,1,1,-1,1,-1,1,1,-1,1,-1,1,-1,1,1,1,1,1,1,1,-1,1,-1,1,-1,1,-1,-1,1,1,1,1,1,-1,-1,1,-1,-1,1,1,1,-1,1,-1,-1,1,1,-1,1,1,-1,-1,1,1,-1,-1,1,-1,1,1,1,1,1,1,-1,1,1,1,1,1,1,-1,1,1,1,1,1,1,-1,1,1,1,1,-1,1,-1,-1,1,1,-1,1,1,1,1,1,1,1,-1,1,-1,-1,1,1,1,1,1,-1,-1,1,1,1,1,1,-1,-1,1,1,-1,1,1,1,-1,1,1,1,1,1,1,1,1,1,1,1,1,-1,-1,1,1,1,1,1,-1,1,-1,1,1,-1,1,1,1,1,1,1,-1,1,1,-1,-1,1,-1,1,1,1,-1,-1,1,1,1,1,1,-1,-1,1,1,-1,1,1,-1,-1,1,1,1,-1,1,-1,-1,-1,1,-1,1,1,1,-1,-1,1,1,-1,1,-1,1,1,1,-1,-1,-1,-1,-1,1,1,-1,1,1,-1,-1,1,-1,1,-1,1,1,1,1,-1,-1,1,1,-1,-1,1,1,1,-1,1,1,1,-1,1,-1,1,1,1,1,1,1,-1,-1,-1,1,1,1,1,-1,1,-1,1,-1,1,1,1,-1,-1,1,1,-1,1,-1,1,-1,1,-1,-1,-1,1,1,-1,-1,1,-1,1,1,-1,-1,1,1,-1,1,1,-1,-1,-1,1,-1,1,-1,-1,-1,1,1,1,1,-1,1,-1,1,-1,1,1,-1,-1,-1,1,1,1,1,-1,-1,-1,1,-1,1,1,-1,-1,-1,1,1,-1,1,1,-1,-1,1,-1,1,-1,1,-1,-1,1,-1,-1,-1,1,-1,-1,-1,1,1,-1,1,-1,-1,1,-1,-1,1,1,-1,-1,-1,1,-1,1,1,-1,-1,-1,1,-1,-1,1,1,1,-1,1,-1,1,-1,1,1,1,-1,1,1,-1,-1,1,1,1,-1,1,-1,1,-1,1,1,1,-1,-1,-1,-1,-1,1,1,1,-1,-1,-1,1,1,-1,1,-1,-1,-1,1,1,1,1,-1,-1,-1,1,1,-1,1,-1,-1,-1,-1,1,1,1,-1,1,-1,-1,1,-1,1,-1,-1,1,1,-1,-1,1,1,-1,-1,-1,-1,-1,1,1,-1,1,-1,1,-1,1,1,-1,-1,1,-1,1,1,-1,-1,-1,-1,-1,1,1,-1,1,-1,-1,1,1,1,1,-1,-1,-1,-1,-1,1,-1,1,-1,-1,1,-1,1,1,-1,1,-1,-1,1,1,1,-1,1,-1,1,-1,1,1,-1,-1,-1,-1,-1,1,1,-1,1,-1,1,-1,1,1,-1,-1,1,-1,-1,1,1,-1,-1,-1,1,-1,1,1,1,-1,1,-1,-1,-1,-1,1,-1,1,-1,-1,1,-1,-1,1,-1,1,-1,1,1,-1,1,-1,1,-1,1,-1,1,-1,1,-1,-1,1,1,-1,1,-1,-1,-1,-1,1,-1,1,-1,1,-1,-1,1,-1,1,1,-1,-1,-1,1,-1,1,1,1,-1,-1,1,1,-1,1,1,-1,-1,-1,-1,1,-1,1,-1,-1,1,-1,-1,1,1,-1,-1,1,-1,-1,1,1,-1,-1,-1,-1,1,-1,1,-1,-1,-1,-1,-1,1,-1,-1,1,-1,-1,1,-1,1,-1,-1,-1,-1,-1,1,1,1,-1,-1,-1,1,1,1,-1,-1,-1,1,-1,-1,1,-1,-1,-1,-1,1,1,1,-1,-1,-1,-1,1,-1,1,1,-1,1,-1,-1,1,1,-1,-1,-1,-1,-1,-1,1,1,-1,-1,1,-1,1,1,-1,-1,-1,-1,-1,1,1,-1,-1,1,1,-1,1,1,1,-1,1,-1,1,1,1,-1,-1,1,-1,-1,1,1,1,-1,1,-1,-1,1,1,-1,1,1,1,-1,1,1,-1,-1,1,1,-1,1,1,-1,-1,1,1,-1,1,1,1,-1,-1,1,-1,-1,1,1,-1,1,1,-1,1,-1,1,1,-1,1,-1,-1,1,-1,1,-1,1,-1,1,1,1,1,-1,1,1,1,1,1,-1,-1,1,1,-1,1,1,-1,-1,1,1,-1,1,1,-1,1,1,-1,1,1,1,-1,1,1,1,-1,1,1,-1,-1,1,-1,-1,1,1,-1,1,-1,1,-1,1,1,-1,-1,1,1,-1,1,1,-1,-1,1,-1,-1,-1,-1,-1,1,-1,1,-1,-1,1,-1,1,-1,1,1,-1,1,-1,-1,-1,-1,-1,-1,-1,1,-1,-1,-1,1,-1,-1,-1,1,-1,1,-1,1,-1,1,-1,-1,1,-1,-1,1,1,-1,-1,1,-1,1,-1,1,-1,1,1,-1,-1,1,1,-1,1,-1,1,-1,-1,1,-1,-1,1,-1,1,1,1,1,-1,1,-1,1,-1,1,-1,-1,1,1,1,-1,1,1,-1,1,-1,1,1,1,1,-1,1,-1,1,-1,1,1,-1,1,1,1,-1,1,1,-1,-1,1,1,1,-1,1,-1,1,-1,1,-2648.0,1,2000,445,1000,True
2752,1,1,-1,-1,1,1,-1,1,1,1,1,-1,-1,1,1,1,-1,1,-1,-1,-1,1,1,1,1,-1,-1,-1,1,1,1,1,1,-1,-1,1,-1,1,1,1,-1,-1,1,1,1,1,-1,-1,1,-1,1,1,1,1,-1,-1,-1,-1,1,1,1,-1,-1,1,1,1,1,-1,-1,-1,1,-1,1,1,1,-1,-1,1,-1,1,1,-1,-1,-1,-1,1,1,1,-1,-1,-1,-1,-1,1,1,-1,-1,1,-1,1,1,1,-1,-1,1,-1,-1,1,1,-1,-1,-1,-1,-1,1,1,-1,-1,1,-1,-1,1,1,1,-1,-1,-1,-1,1,1,1,-1,1,-1,-1,1,1,1,-1,1,-1,-1,-1,1,1,-1,1,-1,-1,-1,1,1,-1,-1,1,-1,-1,1,1,-1,1,-1,-1,-1,1,1,-1,1,1,-1,1,1,-1,-1,1,-1,-1,1,1,-1,1,-1,1,-1,1,1,-1,1,1,-1,-1,-1,1,-1,1,1,1,-1,-1,1,1,-1,1,1,-1,-1,1,-1,-1,1,1,-1,1,1,-1,1,1,1,-1,1,1,1,1,1,1,1,-1,1,-1,-1,1,1,-1,-1,1,1,-1,1,1,-1,-1,1,-1,1,1,1,1,-1,1,-1,1,1,1,-1,1,1,1,1,-1,1,-1,-1,-1,1,1,1,1,1,1,-1,1,1,-1,1,1,1,1,1,1,-1,1,1,1,1,-1,1,1,1,1,1,1,1,1,1,1,-1,-1,1,-1,1,-1,1,1,1,1,1,1,-1,1,1,1,-1,1,1,-1,1,1,1,1,-1,1,-1,1,-1,1,1,1,1,-1,1,1,1,1,1,1,-1,1,1,1,1,1,-1,1,1,1,1,1,1,1,-1,1,1,-1,1,1,-1,1,1,1,-1,1,1,1,-1,1,-1,1,1,1,1,-1,1,1,1,1,1,1,-1,1,1,-1,1,1,-1,-1,1,1,1,-1,1,1,-1,-1,1,-1,1,1,1,1,-1,1,1,-1,1,1,-1,1,1,-1,-1,-1,-1,-1,-1,1,-1,1,1,-1,-1,1,-1,1,1,1,1,1,1,-1,1,1,1,-1,-1,1,1,1,-1,1,-1,1,-1,1,-1,1,-1,-1,1,1,1,-1,1,-1,-1,1,1,1,-1,1,-1,-1,1,1,1,1,1,-1,-1,1,-1,1,-1,1,-1,-1,-1,-1,-1,1,1,-1,-1,1,-1,1,1,-1,-1,-1,-1,-1,1,-1,1,-1,-1,1,-1,1,-1,-1,-1,-1,-1,1,1,-1,1,-1,-1,1,1,1,-1,-1,1,-1,1,1,-1,1,-1,1,-1,-1,1,-1,1,-1,1,-1,1,1,1,1,-1,-1,1,-1,1,1,-1,1,-1,1,-1,1,-1,1,-1,-1,1,-1,1,-1,1,-1,-1,1,-1,1,-1,1,-1,-1,-1,1,1,-1,1,-1,1,-1,1,1,1,1,1,1,-1,1,1,-1,-1,1,-1,1,-1,1,1,-1,-1,1,1,-1,-1,1,-1,1,-1,1,-1,1,-1,-1,-1,1,-1,-1,1,1,-1,-1,-1,1,-1,-1,1,-1,-1,-1,1,-1,1,1,-1,-1,1,1,-1,1,1,-1,-1,-1,-1,-1,1,1,-1,1,-1,-1,-1,-1,1,-1,-1,1,1,-1,-1,1,1,-1,-1,-1,1,-1,1,1,-1,-1,-1,1,-1,1,1,-1,-1,1,-1,1,1,-1,-1,-1,-1,1,1,1,-1,1,-1,-1,1,1,1,1,-1,-1,-1,1,-1,1,-1,1,-1,-1,1,-1,1,1,-1,1,-1,1,1,1,1,-1,1,-1,1,-1,1,1,-1,-1,-1,-1,-1,1,1,-1,1,-1,1,-1,1,1,-1,-1,1,1,-1,1,1,-1,-1,-1,1,-1,1,1,1,-1,1,-1,-1,-1,-1,1,-1,1,-1,-1,1,-1,-1,1,1,1,-1,1,1,-1,1,1,1,-1,1,-1,1,-1,1,-1,-1,1,1,-1,1,1,-1,-1,-1,1,-1,1,-1,-1,-1,-1,1,-1,1,1,1,-1,-1,-1,1,1,1,-1,-1,-1,1,-1,-1,1,1,-1,-1,-1,-1,1,-1,1,-1,-1,1,1,-1,1,1,-1,-1,1,-1,-1,1,-1,-1,-1,-1,-1,1,-1,1,-1,-1,-1,-1,1,-1,-1,-1,1,-1,-1,-1,-1,1,-1,-1,-1,-1,-1,-1,1,1,-1,-1,-1,-1,1,1,-1,-1,-1,1,-1,-1,1,1,-1,-1,-1,1,1,1,-1,-1,-1,-1,1,-1,1,-1,-1,1,-1,-1,1,1,-1,-1,-1,-1,-1,-1,1,1,-1,-1,1,-1,1,1,-1,-1,-1,1,-1,1,1,-1,-1,1,1,-1,1,1,1,-1,1,-1,1,1,1,-1,-1,1,-1,-1,1,1,1,1,-1,-1,-1,1,1,1,-1,1,-1,-1,1,1,1,1,-1,1,-1,1,-1,1,1,1,-1,-1,1,1,1,1,1,-1,-1,1,1,1,1,-1,-1,-1,1,-1,1,1,1,-1,-1,-1,1,-1,1,1,-1,-1,1,1,1,1,1,-1,-1,1,1,1,1,1,-1,-1,1,-1,1,1,1,-1,1,1,1,1,1,-1,-1,1,-1,1,1,1,-1,-1,1,1,1,1,-1,1,-1,-1,1,-1,1,1,1,-1,-1,1,1,1,1,-1,-1,-1,1,1,1,1,-1,-1,1,1,-1,1,1,-1,1,-1,1,-1,1,1,1,-1,-1,1,-1,1,1,1,-1,1,1,1,1,1,-1,-1,1,-1,1,1,1,-1,1,-1,-1,1,1,-1,-1,1,-1,1,-1,1,1,-1,1,1,1,1,1,-1,-1,-1,1,-1,-1,-1,-1,-1,1,-1,1,1,1,-1,1,1,1,-1,1,1,1,-1,1,1,1,1,1,-1,-1,1,1,1,1,1,-1,1,1,1,-1,1,1,-1,-1,1,1,-1,-1,1,1,-1,1,1,1,1,1,-1,-1,1,-1,1,1,-1,1,-1,1,1,-1,1,-2648.0,1,2000,445,1000,True
2753,1,1,-1,-1,1,1,-1,1,1,1,1,-1,-1,1,1,1,-1,1,-1,-1,-1,1,1,1,1,-1,-1,-1,1,1,1,1,-1,-1,-1,1,-1,1,1,1,-1,-1,1,1,1,1,1,-1,1,-1,1,1,-1,1,-1,-1,1,-1,1,1,1,-1,-1,-1,1,1,1,1,-1,-1,1,-1,1,1,1,-1,-1,1,-1,1,1,-1,-1,-1,-1,1,1,1,-1,-1,-1,1,-1,1,1,-1,-1,1,-1,1,1,1,-1,-1,1,-1,-1,1,1,-1,-1,-1,-1,-1,1,1,-1,-1,1,-1,-1,1,1,1,-1,-1,-1,-1,1,1,-1,-1,1,-1,-1,1,1,1,-1,1,-1,-1,1,1,1,-1,1,-1,-1,-1,1,1,-1,-1,1,-1,-1,1,1,-1,1,1,-1,1,-1,1,-1,1,1,-1,1,1,-1,-1,1,-1,-1,1,1,-1,1,-1,1,-1,1,1,-1,1,1,-1,-1,-1,1,1,1,1,1,-1,1,1,-1,1,1,1,-1,1,-1,-1,-1,1,1,-1,1,-1,1,1,1,1,-1,1,1,1,1,1,1,1,-1,1,-1,-1,1,1,-1,-1,1,1,-1,1,1,-1,-1,1,-1,1,1,1,1,-1,1,-1,-1,1,1,-1,1,1,-1,1,1,1,-1,-1,1,1,-1,1,1,1,-1,1,1,-1,1,1,1,1,-1,1,-1,1,1,1,1,1,1,-1,1,1,1,1,1,1,-1,1,1,-1,-1,1,-1,1,-1,1,1,-1,-1,1,-1,1,1,1,1,-1,1,-1,-1,1,1,1,-1,1,1,-1,1,-1,1,-1,-1,1,-1,1,1,1,-1,-1,-1,-1,1,1,1,-1,1,1,1,1,1,1,-1,-1,1,-1,1,1,-1,-1,1,-1,1,1,1,-1,-1,-1,1,-1,1,-1,1,-1,-1,1,-1,1,1,1,-1,-1,1,1,1,1,-1,1,-1,1,-1,1,1,1,1,-1,1,-1,-1,1,-1,1,-1,-1,1,-1,1,1,-1,-1,1,-1,1,1,-1,-1,1,-1,1,1,1,-1,1,-1,-1,1,1,-1,1,1,-1,1,1,1,-1,1,1,-1,1,-1,1,1,1,-1,-1,-1,1,-1,1,-1,1,-1,-1,1,1,1,-1,1,1,-1,1,1,1,-1,1,-1,-1,1,1,1,1,1,-1,-1,1,-1,1,-1,1,-1,-1,-1,-1,-1,1,1,-1,-1,1,-1,1,1,-1,-1,-1,-1,-1,1,-1,1,-1,1,1,-1,1,-1,-1,1,-1,-1,1,1,-1,1,1,-1,1,1,1,-1,-1,1,-1,1,1,-1,1,-1,1,-1,-1,1,-1,1,-1,1,-1,-1,-1,1,1,-1,-1,1,-1,1,-1,-1,1,1,1,-1,-1,-1,1,1,1,1,-1,1,-1,1,-1,1,1,-1,-1,1,1,-1,1,1,1,-1,1,1,-1,-1,1,-1,-1,-1,1,-1,-1,1,-1,-1,1,1,-1,1,1,-1,1,1,-1,-1,1,1,1,-1,1,-1,1,-1,1,1,1,-1,-1,-1,1,-1,1,-1,1,-1,-1,-1,1,1,-1,1,-1,-1,-1,1,1,-1,1,-1,-1,-1,1,1,-1,1,-1,-1,-1,-1,1,1,1,-1,1,-1,-1,1,-1,1,-1,-1,1,1,-1,-1,1,1,-1,-1,-1,-1,-1,1,1,-1,-1,-1,1,-1,1,1,-1,-1,1,-1,1,1,-1,-1,-1,-1,-1,1,1,-1,1,-1,-1,1,1,1,1,-1,-1,-1,-1,-1,1,-1,1,-1,-1,1,-1,1,1,-1,1,-1,-1,1,1,1,-1,1,-1,1,-1,1,1,-1,-1,-1,-1,-1,1,1,-1,1,-1,1,-1,1,1,-1,-1,1,1,-1,1,1,-1,-1,-1,1,-1,1,1,1,-1,1,-1,-1,-1,-1,1,-1,1,-1,-1,1,-1,-1,1,1,1,-1,-1,1,-1,1,1,-1,-1,1,-1,1,-1,1,-1,-1,-1,1,-1,1,1,-1,-1,-1,1,-1,1,-1,-1,-1,-1,1,-1,1,1,-1,-1,-1,-1,1,1,1,1,-1,-1,1,1,-1,1,-1,-1,-1,-1,1,-1,-1,1,-1,-1,1,1,1,1,1,-1,-1,-1,1,-1,1,-1,-1,-1,1,-1,1,-1,1,-1,-1,-1,1,1,-1,1,-1,1,-1,1,-1,-1,-1,-1,-1,-1,1,-1,-1,1,1,-1,-1,1,-1,1,1,-1,-1,1,-1,1,-1,-1,-1,1,-1,1,1,1,1,-1,-1,-1,1,-1,1,1,1,-1,1,-1,1,-1,1,-1,-1,-1,-1,1,-1,-1,1,-1,-1,-1,1,-1,1,-1,-1,-1,-1,1,1,-1,-1,-1,1,-1,1,1,1,1,1,-1,1,-1,1,-1,-1,-1,1,1,1,1,-1,1,-1,-1,1,1,1,-1,-1,1,-1,1,1,1,-1,1,1,1,-1,1,-1,-1,-1,1,1,-1,1,1,1,1,1,1,-1,1,1,-1,1,1,-1,-1,1,-1,1,1,1,1,-1,1,1,-1,-1,1,1,-1,1,1,1,1,1,-1,1,-1,1,-1,1,1,1,-1,1,1,-1,1,1,1,-1,1,1,-1,1,1,1,1,1,-1,-1,1,1,1,-1,1,1,-1,1,-1,1,-1,1,1,-1,1,1,-1,1,-1,1,-1,1,1,-1,1,-1,1,1,1,1,-1,1,-1,1,-1,1,1,-1,1,-1,1,1,1,1,-1,1,-1,1,-1,1,1,1,-1,1,-1,1,1,1,-1,-1,1,-1,1,1,1,-1,1,-1,1,1,1,-1,1,-1,-1,1,1,1,1,-1,1,-1,1,-1,1,-1,-1,-1,1,-1,1,-1,-1,-1,1,-1,1,1,1,-1,1,1,1,-1,1,1,1,-1,1,-1,1,1,1,-1,-1,-1,1,1,1,1,-1,1,-1,1,-1,1,1,-1,-1,-1,1,-1,1,1,1,1,-1,1,1,1,1,-1,-1,-1,-1,1,1,-1,1,-1,-1,1,-1,1,-2648.0,1,2000,445,1000,True
2754,1,1,-1,-1,1,-1,1,1,1,1,1,-1,1,1,1,1,-1,1,-1,-1,1,1,1,1,1,-1,1,1,1,1,1,1,-1,-1,1,1,-1,1,1,1,-1,1,1,1,1,1,1,1,1,-1,1,1,-1,1,-1,1,-1,-1,1,1,1,-1,-1,1,1,1,1,1,1,1,1,-1,1,1,1,1,1,1,-1,1,1,-1,-1,1,-1,1,1,1,1,-1,1,-1,-1,1,1,1,1,-1,-1,1,1,1,1,1,-1,-1,-1,1,1,1,1,1,-1,-1,1,1,1,1,-1,-1,-1,1,1,1,1,1,-1,-1,1,1,1,1,-1,-1,-1,1,1,1,1,-1,-1,-1,-1,1,1,1,-1,-1,-1,-1,1,1,1,-1,1,-1,-1,1,1,1,-1,-1,-1,-1,1,1,1,-1,1,-1,1,1,1,1,-1,-1,-1,1,1,1,-1,1,1,-1,1,1,1,1,-1,-1,-1,-1,1,1,-1,-1,1,-1,-1,1,-1,1,-1,1,-1,-1,1,1,1,-1,1,-1,1,1,-1,1,-1,1,-1,1,1,1,1,1,1,1,-1,1,-1,1,-1,1,-1,-1,1,1,1,1,1,-1,-1,1,-1,-1,1,1,1,-1,1,1,-1,1,1,-1,1,1,-1,-1,1,1,-1,-1,1,-1,1,1,1,1,1,1,-1,1,1,1,1,1,1,-1,1,1,1,1,1,1,-1,-1,1,1,1,1,1,1,-1,1,1,-1,-1,1,1,1,1,1,1,1,1,-1,1,1,1,1,1,-1,1,1,1,1,1,1,1,-1,-1,1,1,-1,1,1,1,-1,1,1,1,1,1,1,1,1,1,1,1,1,1,-1,1,1,1,1,1,-1,1,-1,1,1,-1,1,1,1,1,1,1,-1,1,1,-1,-1,1,-1,1,1,1,-1,-1,1,1,1,1,1,-1,-1,1,1,-1,1,1,-1,-1,1,1,1,-1,1,-1,-1,-1,1,-1,1,1,1,-1,-1,1,1,-1,1,-1,1,1,1,-1,-1,-1,-1,-1,1,1,-1,1,1,-1,-1,1,-1,1,-1,1,-1,-1,1,-1,-1,1,1,-1,-1,1,1,1,-1,1,1,-1,-1,1,-1,1,1,1,-1,1,1,-1,-1,-1,1,1,1,1,-1,1,-1,1,-1,1,1,1,-1,-1,1,1,-1,1,-1,1,-1,1,-1,-1,1,1,1,-1,-1,1,-1,1,1,-1,-1,1,1,1,-1,1,-1,-1,-1,1,-1,1,-1,-1,-1,1,1,1,1,-1,1,-1,1,-1,-1,1,-1,1,-1,1,1,1,1,-1,-1,-1,1,-1,1,1,-1,-1,-1,1,1,-1,1,1,-1,-1,1,-1,1,-1,1,-1,-1,1,-1,-1,-1,1,-1,-1,-1,1,1,-1,1,-1,-1,1,-1,-1,1,1,-1,-1,-1,1,-1,1,1,-1,-1,-1,1,-1,-1,1,1,1,-1,1,-1,1,-1,1,1,1,-1,1,1,-1,-1,1,1,1,-1,1,-1,1,-1,1,1,1,-1,-1,-1,1,-1,1,1,1,-1,-1,-1,1,1,-1,1,-1,-1,-1,1,1,1,1,-1,-1,1,1,1,1,1,-1,-1,-1,-1,1,1,1,-1,1,-1,-1,1,-1,1,-1,-1,1,-1,1,-1,1,1,-1,-1,-1,-1,-1,1,1,-1,-1,-1,1,-1,1,1,-1,-1,-1,1,1,1,-1,-1,-1,-1,-1,1,1,-1,1,-1,-1,1,1,1,1,-1,-1,-1,-1,-1,1,-1,1,-1,-1,1,-1,1,1,-1,1,-1,-1,1,1,1,-1,1,-1,1,-1,1,1,-1,-1,-1,-1,-1,1,1,-1,1,-1,1,-1,1,1,-1,-1,1,-1,-1,1,1,-1,-1,-1,1,-1,1,1,1,-1,1,-1,-1,-1,-1,1,-1,1,-1,-1,1,-1,-1,1,-1,1,-1,1,1,-1,1,-1,1,-1,1,-1,1,-1,1,-1,-1,1,1,-1,1,-1,-1,-1,-1,1,-1,1,-1,1,-1,-1,1,-1,1,1,-1,-1,-1,-1,1,1,1,1,-1,-1,1,-1,-1,1,1,-1,-1,-1,-1,1,-1,1,-1,-1,1,1,-1,1,1,-1,-1,1,-1,-1,1,1,-1,-1,-1,-1,1,-1,1,-1,-1,-1,-1,-1,1,-1,-1,1,-1,-1,1,-1,1,-1,-1,-1,-1,-1,1,1,1,-1,-1,-1,1,1,1,-1,-1,-1,1,-1,-1,1,-1,-1,-1,-1,1,1,1,-1,-1,-1,-1,1,-1,1,1,-1,1,-1,-1,1,1,-1,-1,-1,-1,-1,-1,1,1,-1,-1,1,-1,1,1,-1,-1,-1,1,-1,1,1,-1,-1,1,-1,-1,1,1,1,-1,1,-1,1,1,1,-1,-1,1,-1,-1,1,-1,-1,-1,1,-1,-1,1,1,-1,1,1,1,-1,1,1,-1,-1,1,1,-1,1,1,-1,-1,1,-1,-1,1,1,1,-1,-1,1,-1,-1,1,1,-1,1,1,-1,1,-1,1,-1,-1,1,-1,-1,1,1,-1,-1,1,-1,1,1,1,-1,-1,1,1,1,1,1,-1,-1,1,1,-1,1,-1,-1,1,-1,1,-1,1,-1,-1,1,1,-1,1,1,-1,-1,1,1,1,-1,1,-1,1,-1,1,-1,-1,1,1,-1,1,-1,1,-1,1,1,-1,-1,-1,1,-1,1,1,-1,-1,1,1,-1,-1,-1,-1,1,-1,1,-1,-1,1,-1,1,-1,1,1,-1,1,-1,-1,1,-1,1,-1,-1,1,-1,-1,-1,1,-1,-1,-1,1,-1,1,-1,1,-1,1,-1,-1,1,-1,-1,1,1,-1,-1,1,-1,1,-1,1,-1,1,1,-1,-1,1,1,-1,-1,1,1,-1,-1,1,-1,-1,1,-1,1,1,1,1,-1,1,-1,1,-1,1,-1,-1,1,1,1,-1,1,1,-1,1,1,1,1,1,1,-1,1,-1,1,-1,-1,1,-1,1,1,1,-1,1,1,-1,-1,1,1,1,-1,1,-1,1,1,1,-2648.0,1,2000,445,1000,True
2755,-1,-1,1,1,1,1,-1,1,-1,-1,-1,1,-1,1,-1,-1,1,-1,1,-1,-1,1,-1,-1,-1,1,-1,-1,1,-1,-1,-1,1,-1,-1,1,1,-1,-1,1,-1,-1,1,-1,-1,-1,1,1,-1,-1,-1,-1,1,1,-1,-1,-1,1,-1,-1,1,1,-1,1,-1,-1,-1,1,1,-1,1,-1,-1,-1,1,1,-1,1,-1,-1,-1,-1,1,-1,-1,-1,-1,1,1,1,1,-1,-1,-1,-1,1,-1,-1,-1,1,-1,-1,1,1,-1,-1,-1,-1,-1,1,1,-1,-1,-1,-1,-1,1,1,1,-1,-1,-1,-1,1,1,-1,-1,-1,1,-1,1,1,-1,-1,-1,-1,-1,1,1,-1,-1,-1,-1,-1,-1,1,1,-1,-1,-1,-1,1,1,-1,1,-1,-1,-1,-1,1,-1,1,-1,-1,-1,-1,1,-1,1,-1,-1,-1,1,1,-1,-1,-1,-1,-1,1,-1,1,1,-1,-1,-1,1,-1,-1,-1,-1,-1,-1,1,-1,-1,1,-1,-1,-1,1,-1,-1,1,-1,-1,1,1,1,-1,1,-1,1,1,-1,-1,-1,1,-1,1,-1,1,1,-1,1,1,-1,-1,1,1,-1,1,1,-1,1,1,1,-1,1,-1,-1,-1,1,-1,-1,1,1,-1,1,-1,1,-1,1,-1,-1,-1,1,-1,-1,1,-1,1,-1,-1,1,-1,1,1,1,-1,-1,1,-1,1,1,-1,1,-1,1,-1,1,1,1,-1,-1,1,-1,1,1,1,-1,-1,1,-1,1,1,1,-1,1,1,1,1,1,1,1,-1,1,-1,1,1,1,1,-1,1,1,1,1,1,1,-1,-1,1,1,-1,1,1,1,-1,1,1,1,1,1,1,1,1,1,1,1,1,-1,1,-1,1,1,1,1,-1,-1,1,1,1,-1,1,1,1,-1,1,1,1,1,1,-1,1,1,1,1,1,1,-1,1,-1,1,1,1,1,-1,-1,-1,1,1,1,1,-1,1,-1,1,-1,-1,1,-1,1,1,-1,1,1,1,1,-1,1,-1,1,-1,1,-1,1,-1,-1,1,-1,-1,-1,1,1,-1,1,-1,1,-1,1,-1,1,-1,1,1,1,1,-1,1,-1,1,1,-1,1,-1,-1,-1,-1,1,1,-1,1,-1,-1,1,-1,1,-1,-1,-1,1,-1,-1,1,-1,1,-1,1,-1,1,1,-1,-1,-1,1,1,-1,1,-1,1,-1,-1,1,-1,1,-1,-1,-1,-1,1,-1,-1,1,1,-1,-1,1,-1,1,1,-1,1,-1,1,-1,1,-1,1,-1,1,1,-1,1,-1,-1,-1,1,1,-1,1,-1,1,-1,1,-1,1,1,-1,1,-1,1,-1,-1,1,-1,-1,-1,1,-1,1,-1,1,1,-1,1,-1,-1,1,-1,-1,1,-1,1,-1,1,-1,1,-1,1,1,-1,-1,-1,1,-1,1,-1,-1,1,-1,1,1,-1,1,-1,-1,1,1,-1,-1,1,1,-1,1,1,1,1,1,1,-1,1,1,1,-1,-1,-1,1,-1,1,1,-1,1,-1,1,1,1,-1,-1,-1,1,-1,-1,1,-1,-1,-1,1,1,-1,1,1,-1,-1,1,1,-1,-1,1,-1,-1,-1,-1,-1,1,1,-1,-1,-1,-1,-1,1,1,-1,-1,1,1,1,-1,1,-1,1,1,1,-1,1,1,-1,1,-1,1,-1,-1,1,1,-1,1,1,1,1,1,1,-1,-1,1,-1,1,1,1,-1,-1,1,-1,1,1,-1,-1,1,1,-1,1,1,-1,-1,1,-1,1,1,1,1,-1,1,1,-1,1,1,1,-1,1,1,1,1,1,1,-1,-1,1,1,1,1,1,-1,1,1,-1,1,1,1,-1,-1,1,1,1,1,1,-1,-1,1,1,1,1,1,-1,-1,-1,1,1,1,1,-1,-1,1,1,1,1,1,1,-1,-1,1,1,-1,-1,1,-1,1,-1,1,1,-1,-1,-1,1,1,1,1,1,-1,-1,1,1,1,1,-1,-1,1,-1,1,1,1,1,-1,-1,1,-1,1,1,1,-1,-1,1,-1,1,1,1,-1,1,-1,1,1,1,1,-1,-1,1,-1,1,1,-1,-1,1,-1,-1,1,1,1,-1,1,-1,-1,1,1,1,-1,-1,1,-1,1,1,1,-1,-1,1,-1,1,1,1,1,1,1,-1,1,1,1,-1,1,-1,-1,1,1,1,-1,1,-1,1,1,1,1,-1,-1,-1,-1,1,1,1,-1,1,1,-1,1,1,-1,1,-1,-1,-1,1,1,1,-1,1,-1,1,1,1,1,-1,1,-1,1,-1,1,-1,1,-1,1,1,1,1,1,1,-1,-1,1,-1,1,1,1,-1,1,1,-1,-1,1,1,-1,-1,1,1,-1,1,1,-1,1,1,1,-1,1,-1,1,1,1,-1,1,1,-1,-1,1,1,-1,-1,1,-1,-1,1,1,-1,1,1,1,-1,1,1,-1,-1,-1,1,-1,1,1,-1,1,-1,1,-1,1,1,-1,-1,-1,1,-1,1,1,-1,-1,1,1,-1,1,-1,-1,-1,-1,1,-1,-1,1,-1,-1,-1,1,-1,1,1,-1,-1,1,-1,1,1,1,1,-1,-1,1,1,-1,-1,-1,-1,-1,-1,1,-1,1,-1,-1,-1,1,-1,1,1,-1,-1,-1,1,1,-1,1,-1,1,-1,1,-1,-1,1,1,-1,1,-1,1,-1,1,1,-1,1,-1,1,-1,1,1,-1,1,-1,-1,-1,-1,1,-1,1,-1,1,-1,-1,1,1,1,-1,1,-1,1,1,-1,-1,1,-1,-1,-1,1,-1,1,1,-1,1,1,1,1,1,-1,1,-1,1,1,1,-1,1,1,-1,-1,1,-1,1,-1,1,1,1,1,-1,1,1,-1,1,-1,1,1,1,-1,1,1,1,1,1,1,-1,-1,1,1,1,1,1,-1,-1,1,1,1,1,1,1,-1,1,1,1,1,1,1,-1,1,1,1,1,1,1,-1,1,1,1,1,1,1,-1,1,1,1,1,1,1,1,-1,1,1,-1,1,1,-1,1,1,-2648.0,1,2000,445,500,True
2756,1,1,-1,-1,1,1,-1,1,1,1,1,-1,1,1,1,1,-1,1,-1,-1,-1,1,1,1,1,1,-1,-1,1,1,1,1,-1,-1,-1,1,-1,1,1,1,-1,-1,1,1,1,1,1,1,-1,1,1,1,-1,1,-1,-1,-1,-1,1,1,1,-1,-1,-1,1,1,1,1,1,-1,1,-1,1,1,1,1,-1,1,-1,1,1,-1,1,-1,-1,1,1,1,1,1,1,1,-1,1,1,1,-1,-1,-1,1,1,1,1,1,-1,-1,-1,1,1,1,1,-1,-1,-1,1,1,1,1,1,-1,-1,1,1,1,1,-1,-1,-1,1,1,1,1,-1,-1,-1,1,1,1,1,-1,-1,-1,1,1,1,1,1,-1,-1,-1,1,1,1,-1,1,-1,-1,1,1,1,-1,1,-1,-1,1,-1,1,-1,1,-1,1,-1,1,1,-1,-1,-1,1,1,1,-1,1,1,-1,1,-1,1,-1,-1,-1,-1,1,-1,1,-1,-1,1,-1,1,-1,1,-1,-1,1,-1,1,1,1,1,-1,1,-1,1,-1,1,-1,-1,1,-1,1,-1,1,1,-1,1,1,-1,1,-1,1,-1,1,1,1,-1,1,1,-1,1,-1,1,-1,1,-1,-1,1,1,1,-1,-1,1,-1,1,-1,-1,-1,1,-1,-1,1,-1,1,-1,1,-1,1,1,1,-1,-1,1,-1,1,1,1,-1,-1,1,-1,1,1,1,1,-1,-1,1,-1,1,1,1,-1,1,1,-1,1,1,-1,-1,1,-1,1,1,1,-1,-1,1,-1,1,1,-1,1,-1,-1,1,1,1,1,1,-1,1,-1,1,1,-1,1,-1,1,-1,1,1,1,1,-1,1,-1,1,1,1,-1,-1,1,-1,1,1,1,-1,1,-1,1,-1,1,1,-1,1,-1,1,1,1,1,1,1,1,-1,-1,1,1,1,1,1,-1,-1,-1,1,-1,1,1,-1,-1,-1,1,1,-1,1,-1,-1,-1,1,1,-1,1,-1,-1,1,-1,1,-1,1,-1,-1,1,-1,1,-1,1,-1,1,-1,-1,1,1,-1,-1,-1,1,-1,1,-1,1,-1,-1,-1,1,1,-1,1,-1,1,1,-1,1,-1,1,-1,-1,-1,-1,1,-1,1,1,1,1,-1,1,1,-1,1,1,-1,-1,1,-1,-1,1,1,1,-1,-1,1,-1,1,-1,-1,-1,-1,1,-1,1,1,1,-1,-1,1,-1,1,-1,-1,-1,-1,1,-1,-1,1,1,-1,-1,1,-1,1,1,-1,1,-1,1,-1,1,1,1,-1,-1,-1,-1,1,1,-1,1,-1,1,-1,1,1,1,-1,-1,-1,1,1,1,1,-1,-1,-1,-1,1,-1,-1,-1,-1,-1,-1,1,1,1,-1,1,-1,-1,1,-1,-1,1,-1,-1,-1,1,-1,1,-1,1,-1,-1,-1,1,1,-1,1,-1,-1,1,-1,1,1,1,-1,-1,-1,1,1,-1,1,-1,-1,-1,1,1,1,-1,1,1,-1,1,1,1,1,1,-1,1,-1,1,1,-1,1,-1,1,-1,1,-1,-1,-1,1,-1,-1,1,-1,-1,-1,1,1,-1,1,1,-1,-1,1,1,-1,-1,1,-1,-1,-1,-1,-1,-1,1,-1,-1,-1,-1,-1,-1,1,-1,-1,1,1,1,1,1,-1,1,-1,1,-1,-1,1,-1,1,-1,1,-1,-1,1,1,-1,1,1,1,-1,1,1,-1,-1,1,-1,-1,1,1,-1,-1,1,-1,1,1,-1,-1,1,1,-1,1,1,-1,-1,1,-1,1,1,1,1,-1,1,1,-1,-1,1,1,-1,1,1,1,-1,1,1,-1,-1,1,1,1,1,1,-1,1,1,-1,-1,1,1,-1,-1,1,1,-1,1,1,-1,-1,1,1,-1,1,1,-1,-1,-1,1,-1,1,1,-1,-1,1,1,-1,1,-1,1,-1,1,-1,-1,-1,-1,1,-1,1,-1,-1,1,-1,-1,1,-1,1,-1,-1,-1,-1,-1,1,-1,-1,1,-1,1,-1,1,-1,-1,-1,1,-1,-1,1,-1,-1,-1,-1,1,-1,1,-1,-1,-1,-1,-1,-1,1,-1,-1,-1,-1,1,1,1,1,-1,-1,1,1,-1,1,1,-1,-1,-1,1,-1,1,-1,-1,-1,-1,1,1,-1,1,-1,-1,-1,1,1,-1,1,-1,-1,-1,1,-1,-1,1,-1,-1,1,1,-1,1,-1,-1,-1,1,1,1,-1,1,-1,1,1,1,1,-1,1,1,-1,1,1,1,1,1,-1,-1,1,1,1,-1,1,-1,-1,1,1,-1,1,1,-1,1,1,1,1,-1,1,1,-1,1,1,-1,1,1,-1,-1,1,1,-1,-1,1,1,-1,1,1,-1,1,1,-1,-1,-1,-1,-1,1,1,-1,-1,1,1,-1,1,1,1,-1,1,-1,1,1,1,-1,1,1,-1,-1,1,1,-1,-1,-1,1,-1,1,1,-1,1,-1,-1,-1,1,1,-1,-1,-1,1,-1,1,1,-1,-1,-1,-1,-1,1,1,1,-1,-1,1,-1,1,1,-1,-1,-1,-1,-1,1,-1,1,-1,-1,-1,1,1,1,1,-1,-1,1,-1,1,1,1,-1,1,-1,1,1,1,1,-1,-1,-1,1,-1,1,-1,-1,-1,1,1,-1,1,-1,-1,-1,-1,1,-1,1,-1,-1,1,1,1,-1,1,-1,1,-1,1,-1,-1,1,1,-1,1,-1,1,-1,1,1,-1,1,1,1,-1,1,1,-1,1,-1,1,-1,-1,1,-1,1,1,1,-1,-1,1,1,1,1,1,1,-1,1,-1,-1,1,-1,1,-1,1,-1,1,1,-1,1,-1,1,1,1,-1,1,-1,1,1,1,1,-1,1,1,-1,1,1,1,-1,1,-1,1,1,-1,1,1,1,-1,-1,1,1,1,-1,-1,1,-1,1,1,-1,-1,1,-1,1,1,1,1,-1,1,-1,1,1,1,1,-1,1,1,1,1,1,1,-1,1,-1,1,1,1,1,-1,1,-1,1,1,1,1,-1,1,1,1,1,1,1,1,-1,1,1,1,-1,1,-1,1,-1,1,-2648.0,1,2000,445,500,True
2757,1,1,-1,-1,1,-1,1,1,1,1,1,-1,1,1,1,1,-1,1,-1,-1,1,1,1,1,1,-1,1,1,1,1,1,1,-1,-1,1,1,-1,1,1,1,-1,1,1,1,1,1,1,-1,1,1,1,1,-1,1,-1,-1,-1,-1,1,1,1,-1,-1,-1,1,1,1,1,-1,1,1,-1,1,1,1,-1,1,1,-1,1,1,-1,-1,1,-1,1,1,1,-1,-1,1,1,-1,1,1,-1,1,-1,-1,1,1,1,-1,1,-1,-1,-1,1,1,1,1,1,-1,-1,1,1,1,1,-1,-1,-1,1,1,1,-1,1,-1,-1,1,1,1,1,-1,-1,-1,1,1,1,1,-1,-1,-1,-1,1,1,1,-1,-1,-1,-1,1,1,1,-1,1,-1,-1,1,1,1,-1,1,-1,-1,1,1,1,-1,1,-1,1,1,1,1,-1,-1,-1,1,1,1,1,1,1,-1,1,1,1,-1,-1,-1,-1,-1,1,1,1,-1,1,-1,-1,1,-1,1,-1,1,-1,-1,1,1,1,-1,1,-1,1,1,-1,1,-1,1,-1,1,1,1,1,1,1,1,-1,1,-1,1,-1,1,-1,-1,1,1,1,1,1,-1,-1,1,-1,-1,1,1,1,-1,1,1,-1,1,1,-1,1,1,-1,-1,1,1,-1,-1,1,-1,1,1,1,1,1,1,-1,1,1,1,1,1,1,-1,1,1,1,1,1,1,-1,-1,1,1,1,1,1,1,-1,1,1,-1,-1,1,1,1,1,1,1,1,1,-1,1,1,1,1,1,-1,1,1,1,-1,1,1,1,-1,-1,1,1,-1,1,1,1,-1,1,1,1,1,1,1,1,1,1,1,1,1,1,-1,1,1,1,1,1,-1,1,-1,1,1,-1,1,1,1,1,1,1,1,1,1,-1,-1,1,-1,1,1,1,-1,-1,1,1,1,1,1,-1,-1,1,1,-1,1,1,-1,-1,1,1,1,-1,1,-1,1,1,1,-1,1,1,1,-1,1,1,1,-1,1,-1,1,1,1,-1,-1,-1,-1,1,1,1,-1,1,1,-1,1,1,-1,-1,1,1,-1,1,1,-1,1,1,1,1,-1,1,1,-1,-1,1,1,1,-1,1,-1,1,-1,-1,1,1,1,-1,-1,-1,1,1,-1,1,1,-1,1,-1,1,1,1,1,1,-1,-1,1,-1,1,-1,1,-1,-1,1,1,1,1,1,-1,-1,1,-1,1,1,1,-1,1,-1,1,-1,1,1,-1,1,-1,-1,1,1,1,-1,-1,-1,1,1,1,1,-1,1,-1,-1,1,1,-1,1,-1,1,1,1,1,-1,-1,-1,-1,1,1,1,-1,1,-1,-1,-1,1,1,-1,-1,1,-1,1,1,1,1,-1,-1,1,-1,1,1,1,-1,-1,1,-1,1,1,-1,-1,-1,-1,-1,1,-1,1,-1,-1,-1,-1,1,-1,1,-1,-1,-1,-1,-1,1,1,1,-1,-1,-1,1,-1,1,-1,1,1,1,1,-1,1,-1,1,1,1,-1,-1,1,-1,1,1,1,-1,-1,-1,1,-1,1,1,1,-1,-1,-1,1,1,-1,1,-1,-1,-1,1,1,-1,1,-1,-1,-1,1,1,-1,1,-1,-1,-1,-1,1,1,1,-1,1,-1,-1,1,-1,1,-1,-1,1,-1,1,-1,1,1,-1,-1,-1,-1,-1,1,1,-1,-1,-1,-1,-1,1,1,-1,-1,-1,1,1,1,-1,-1,-1,-1,1,1,1,-1,1,-1,1,-1,1,1,1,-1,-1,-1,-1,-1,1,-1,1,-1,-1,1,-1,1,1,-1,1,-1,-1,1,1,1,-1,1,-1,-1,-1,1,1,-1,-1,-1,-1,-1,1,1,-1,1,-1,-1,-1,1,1,1,-1,1,-1,-1,1,1,-1,-1,-1,-1,-1,1,1,-1,-1,1,-1,-1,-1,-1,1,-1,1,-1,-1,1,-1,-1,1,1,1,-1,1,1,-1,1,-1,1,-1,1,-1,-1,1,-1,1,-1,1,1,-1,1,-1,-1,-1,-1,1,-1,1,-1,1,-1,-1,1,-1,1,-1,1,-1,-1,-1,1,1,-1,-1,-1,-1,1,-1,-1,-1,-1,-1,-1,-1,-1,1,-1,-1,-1,-1,1,1,-1,1,-1,-1,-1,1,-1,-1,1,-1,-1,-1,-1,-1,1,1,-1,-1,-1,-1,-1,1,-1,-1,-1,1,-1,-1,1,-1,1,-1,-1,-1,-1,-1,-1,-1,1,-1,-1,-1,1,1,-1,-1,-1,-1,1,-1,-1,-1,-1,-1,-1,-1,1,-1,1,-1,-1,-1,-1,1,-1,1,1,-1,1,-1,-1,1,1,-1,-1,-1,-1,-1,-1,1,1,-1,-1,1,-1,1,1,-1,-1,-1,1,-1,1,1,-1,-1,1,-1,-1,1,1,1,-1,1,-1,1,1,1,-1,-1,1,-1,-1,1,1,1,-1,1,-1,-1,1,1,-1,1,1,-1,-1,1,1,-1,-1,1,1,-1,1,1,-1,-1,1,-1,-1,1,1,1,-1,-1,1,-1,1,1,1,-1,1,1,-1,1,-1,1,1,-1,1,-1,-1,1,-1,1,-1,1,-1,1,1,1,1,-1,1,1,1,1,1,-1,-1,1,1,-1,1,1,-1,1,-1,1,-1,1,1,-1,1,1,1,-1,1,1,-1,1,1,-1,1,1,1,-1,-1,1,1,1,1,1,-1,1,-1,1,1,1,1,-1,-1,-1,1,-1,1,1,-1,-1,1,-1,1,1,-1,-1,1,-1,1,1,1,1,-1,1,-1,1,-1,1,1,-1,-1,1,-1,-1,1,1,1,-1,-1,-1,-1,1,-1,-1,1,-1,1,1,-1,-1,1,-1,-1,1,-1,1,1,1,-1,-1,-1,1,-1,-1,1,-1,1,-1,1,1,1,1,-1,1,-1,1,-1,-1,1,-1,-1,1,-1,1,1,1,1,-1,1,-1,-1,-1,1,1,-1,1,1,-1,-1,1,1,-1,1,-1,1,1,1,1,-1,1,-1,1,-1,1,1,-1,1,1,1,-1,1,1,-1,-1,1,1,1,-1,1,-1,1,-1,1,-2648.0,1,2000,445,1000,True
2758,1,1,-1,-1,1,-1,1,1,1,1,1,-1,1,1,1,1,-1,1,-1,-1,1,1,1,1,1,-1,1,1,1,1,1,1,-1,-1,1,1,-1,1,1,1,-1,1,1,1,1,1,1,1,1,-1,1,1,1,1,-1,1,-1,-1,1,1,1,-1,-1,1,1,1,1,1,1,1,1,-1,1,1,1,1,1,1,-1,1,1,-1,-1,1,-1,1,1,1,1,-1,1,-1,-1,1,1,1,1,-1,-1,1,1,1,1,1,-1,-1,-1,1,1,1,1,1,-1,-1,1,1,1,1,-1,-1,-1,1,1,1,1,1,-1,-1,1,1,1,1,-1,-1,-1,1,1,1,1,-1,-1,-1,-1,1,1,1,-1,-1,-1,-1,1,1,1,-1,1,-1,1,1,1,1,-1,1,-1,-1,1,1,1,-1,1,-1,1,1,1,1,-1,-1,-1,1,1,1,1,1,1,-1,1,1,1,1,-1,-1,-1,-1,1,1,-1,-1,1,-1,-1,1,-1,1,-1,1,-1,-1,1,1,1,-1,1,-1,1,1,-1,1,-1,1,-1,1,1,1,1,1,1,1,-1,1,-1,1,-1,1,1,-1,1,1,1,1,1,-1,-1,1,-1,-1,1,1,1,-1,1,1,-1,1,1,-1,1,1,-1,-1,1,1,-1,-1,1,-1,1,1,1,1,1,1,-1,1,1,1,1,1,1,-1,1,1,1,1,1,1,-1,1,1,1,1,1,1,1,-1,1,-1,1,-1,1,1,1,1,-1,1,1,1,-1,-1,1,-1,1,1,-1,1,1,1,-1,1,1,1,-1,-1,1,1,-1,1,1,1,-1,1,1,1,1,1,1,-1,1,-1,1,1,1,1,-1,1,-1,1,1,1,-1,1,-1,1,1,-1,1,1,1,1,1,1,-1,1,1,-1,-1,1,-1,1,1,1,-1,-1,1,1,-1,1,1,-1,-1,1,1,-1,1,1,-1,-1,1,1,1,-1,1,-1,1,1,1,-1,1,1,-1,-1,1,1,1,-1,1,-1,1,1,1,-1,-1,-1,-1,1,1,1,-1,1,1,-1,1,1,-1,1,-1,1,-1,1,1,-1,-1,1,-1,1,-1,1,1,1,-1,1,1,1,-1,1,-1,1,-1,-1,1,1,1,-1,-1,-1,1,1,-1,1,-1,1,-1,-1,1,1,1,1,-1,-1,-1,1,-1,1,-1,1,-1,-1,-1,1,1,1,1,-1,-1,1,-1,1,1,-1,-1,1,-1,1,-1,1,-1,-1,-1,1,-1,1,-1,-1,-1,-1,-1,1,1,-1,1,-1,-1,1,-1,1,-1,-1,1,-1,1,-1,1,-1,-1,-1,-1,-1,1,1,-1,-1,1,-1,-1,-1,1,1,-1,-1,1,-1,1,-1,1,-1,-1,-1,-1,-1,-1,1,-1,-1,-1,1,1,-1,1,-1,-1,-1,-1,-1,1,1,-1,-1,-1,-1,-1,1,1,-1,-1,-1,-1,-1,-1,1,1,1,-1,-1,-1,1,-1,1,1,1,1,1,1,-1,1,-1,1,1,1,-1,-1,1,-1,1,1,1,-1,-1,1,-1,-1,1,1,1,-1,1,-1,1,1,-1,1,-1,1,-1,1,1,1,1,-1,1,-1,1,1,-1,1,-1,-1,-1,-1,1,1,1,-1,1,-1,-1,1,-1,1,-1,1,1,-1,1,-1,1,1,-1,-1,-1,-1,-1,1,1,-1,1,-1,1,-1,1,1,-1,-1,1,-1,1,1,-1,-1,-1,-1,-1,1,1,-1,1,-1,1,1,1,1,1,-1,-1,-1,-1,-1,1,1,-1,-1,-1,1,-1,1,1,-1,1,-1,-1,1,1,1,-1,1,-1,1,-1,1,1,-1,1,-1,-1,-1,1,1,-1,1,-1,1,-1,1,1,-1,-1,1,-1,-1,1,1,-1,-1,-1,1,-1,1,1,-1,-1,1,-1,-1,-1,-1,1,-1,1,-1,-1,1,-1,-1,1,1,1,-1,1,1,-1,1,-1,1,-1,1,-1,1,-1,1,-1,-1,1,1,-1,1,-1,-1,-1,-1,1,-1,1,-1,1,-1,-1,1,-1,1,1,-1,-1,-1,-1,1,1,1,1,-1,-1,1,-1,-1,1,1,-1,-1,-1,-1,1,-1,1,-1,-1,1,1,1,1,1,-1,-1,1,-1,-1,1,1,-1,-1,-1,-1,1,-1,1,-1,-1,-1,-1,-1,1,-1,-1,1,-1,-1,1,-1,1,-1,-1,-1,-1,-1,1,1,1,-1,-1,-1,1,1,1,-1,-1,-1,1,-1,-1,1,1,-1,-1,-1,1,1,1,-1,-1,-1,-1,1,-1,1,-1,-1,1,-1,-1,1,1,-1,-1,-1,-1,-1,-1,1,1,-1,-1,1,-1,1,1,-1,-1,-1,1,-1,1,1,-1,-1,1,-1,-1,1,1,1,-1,1,-1,1,1,1,-1,-1,1,-1,-1,1,1,-1,-1,1,-1,-1,1,1,-1,1,1,-1,-1,1,1,-1,-1,1,1,-1,1,1,-1,-1,1,-1,-1,1,1,1,-1,-1,1,-1,1,1,1,-1,1,1,-1,1,-1,1,-1,-1,1,1,1,1,1,-1,-1,1,-1,1,1,1,-1,-1,1,1,1,1,1,-1,-1,1,1,-1,1,-1,-1,-1,-1,1,-1,1,-1,-1,1,1,1,-1,1,1,-1,1,1,-1,1,1,-1,1,-1,1,1,1,1,1,-1,1,-1,1,1,1,1,-1,-1,1,1,-1,1,1,-1,-1,1,-1,1,1,-1,-1,1,-1,1,1,1,1,-1,1,-1,1,-1,1,1,-1,-1,-1,-1,-1,1,-1,1,-1,-1,-1,-1,1,-1,-1,1,-1,1,1,1,-1,1,-1,-1,1,1,1,1,1,-1,-1,-1,1,-1,-1,1,-1,1,-1,-1,1,1,1,-1,1,-1,1,-1,-1,1,-1,-1,1,-1,1,1,1,1,-1,1,-1,-1,-1,1,-1,-1,1,1,1,-1,1,1,-1,1,-1,1,1,1,1,-1,1,-1,1,-1,1,1,-1,1,1,1,-1,1,1,-1,-1,1,1,1,-1,1,-1,1,-1,1,-2646.0,1,2000,445,1000,True
2759,1,1,-1,-1,1,-1,1,-1,1,1,1,-1,1,1,1,1,-1,1,-1,-1,1,-1,1,1,1,-1,1,1,1,1,1,1,1,-1,1,-1,1,-1,1,-1,-1,1,-1,1,1,1,-1,-1,1,1,1,1,1,1,-1,1,1,-1,1,1,-1,-1,-1,-1,1,1,1,-1,-1,1,-1,1,1,1,-1,1,1,-1,1,1,1,-1,-1,1,1,1,1,-1,-1,1,1,1,1,1,-1,-1,1,-1,1,-1,1,-1,-1,1,-1,1,1,1,-1,-1,1,1,1,-1,1,1,-1,1,1,1,1,1,1,-1,1,1,1,1,1,-1,-1,1,-1,1,1,-1,-1,-1,1,-1,1,1,-1,1,-1,1,1,1,1,1,1,-1,-1,1,-1,1,1,-1,-1,1,-1,1,1,1,-1,-1,1,-1,-1,1,-1,-1,-1,1,-1,1,1,1,-1,-1,-1,1,-1,1,-1,-1,1,-1,-1,1,1,-1,-1,1,-1,-1,-1,1,-1,-1,1,1,-1,-1,1,-1,-1,-1,-1,-1,-1,1,-1,1,-1,-1,-1,-1,1,-1,-1,1,1,-1,-1,-1,1,-1,1,1,-1,-1,1,1,-1,1,1,-1,-1,1,1,-1,1,1,-1,-1,-1,1,-1,-1,1,-1,-1,1,1,1,1,-1,-1,-1,1,1,-1,1,1,-1,1,-1,-1,-1,1,-1,1,-1,-1,-1,-1,1,-1,1,-1,-1,-1,-1,1,1,-1,1,-1,1,-1,1,1,-1,1,-1,-1,-1,-1,1,1,1,-1,-1,-1,1,1,-1,1,1,1,-1,-1,1,1,1,-1,-1,-1,1,1,1,1,1,-1,-1,1,-1,1,1,-1,1,-1,1,-1,1,1,-1,-1,-1,1,1,-1,1,-1,-1,1,-1,-1,1,1,-1,1,1,1,1,-1,1,-1,1,1,1,-1,1,1,-1,-1,1,1,-1,1,-1,-1,-1,1,1,-1,1,-1,-1,1,-1,1,-1,1,-1,-1,1,-1,1,-1,1,1,-1,1,-1,1,-1,-1,1,-1,-1,1,1,-1,1,-1,-1,1,1,-1,-1,1,1,-1,1,-1,1,-1,1,-1,1,1,-1,1,1,1,-1,1,1,-1,1,-1,1,-1,-1,1,-1,1,1,-1,1,-1,1,1,-1,1,-1,-1,-1,1,-1,-1,1,-1,1,-1,-1,1,-1,1,-1,-1,-1,-1,1,-1,1,-1,1,-1,1,1,-1,1,-1,-1,-1,-1,1,-1,-1,1,1,-1,-1,1,-1,1,1,-1,1,-1,1,-1,1,-1,1,-1,-1,-1,-1,-1,-1,-1,1,-1,1,-1,1,-1,1,-1,-1,-1,1,1,-1,1,-1,-1,-1,-1,1,-1,-1,1,-1,-1,1,-1,-1,1,1,1,-1,-1,1,-1,-1,1,-1,-1,-1,-1,-1,1,-1,1,-1,-1,-1,-1,1,-1,1,-1,-1,1,-1,1,1,1,-1,-1,-1,1,1,-1,1,-1,-1,-1,1,1,1,-1,1,1,-1,1,1,1,1,1,1,1,-1,-1,-1,1,-1,-1,1,-1,1,-1,1,-1,1,-1,-1,-1,1,1,-1,1,1,-1,-1,-1,1,-1,1,1,-1,1,-1,1,-1,-1,-1,-1,-1,-1,1,-1,-1,-1,-1,-1,-1,1,-1,1,1,1,1,-1,1,-1,1,1,-1,-1,-1,1,-1,-1,1,-1,1,-1,-1,1,1,1,1,-1,-1,1,1,1,1,-1,1,-1,-1,1,1,1,-1,-1,-1,1,1,1,1,-1,1,-1,1,-1,1,-1,1,1,-1,-1,1,1,-1,-1,-1,-1,-1,1,1,-1,1,-1,-1,-1,1,1,1,1,-1,-1,-1,1,-1,1,-1,-1,-1,1,1,1,1,1,-1,1,-1,1,-1,1,-1,-1,-1,-1,1,1,-1,1,-1,-1,-1,1,1,1,1,-1,-1,1,-1,1,-1,-1,-1,1,1,1,1,1,-1,-1,-1,1,1,-1,1,1,-1,1,-1,1,-1,1,-1,-1,-1,1,1,-1,1,-1,-1,1,-1,1,-1,1,-1,-1,-1,-1,1,-1,1,-1,1,-1,1,1,-1,1,-1,1,-1,1,1,1,1,1,-1,-1,1,1,-1,1,1,-1,-1,1,1,-1,1,-1,-1,-1,1,1,1,-1,1,-1,-1,1,1,1,-1,1,-1,1,1,1,-1,-1,1,-1,1,1,1,-1,1,-1,-1,1,1,1,1,-1,1,-1,1,1,1,1,-1,1,1,1,1,1,1,1,1,-1,1,1,1,1,-1,1,1,1,1,1,-1,1,1,1,1,1,1,1,-1,1,-1,1,-1,1,-1,1,1,-1,1,1,1,-1,-1,1,1,1,1,1,-1,1,1,1,1,1,-1,-1,1,1,-1,1,1,1,-1,1,1,1,1,1,-1,1,1,1,1,1,1,-1,-1,1,-1,1,1,-1,1,-1,1,1,1,1,-1,-1,-1,1,1,1,1,-1,1,-1,1,1,1,1,-1,-1,-1,1,1,1,1,-1,-1,-1,1,1,1,1,-1,-1,-1,1,-1,1,1,-1,-1,1,1,1,-1,1,1,-1,-1,1,1,1,1,-1,-1,1,1,1,1,-1,-1,-1,1,-1,1,1,-1,-1,-1,1,-1,1,1,-1,-1,-1,1,-1,1,-1,1,1,1,1,-1,1,-1,-1,-1,1,-1,-1,1,1,-1,-1,1,1,-1,1,1,-1,1,-1,1,-1,1,1,-1,1,1,-1,-1,-1,-1,-1,1,-1,1,-1,1,1,-1,1,-1,1,-1,1,1,-1,-1,1,-1,-1,-1,1,-1,1,1,-1,1,1,-1,1,1,-1,1,-1,1,-1,1,1,-1,1,-1,-1,-1,-1,1,-1,1,1,1,-1,1,1,1,-1,-1,-1,1,1,1,-1,1,1,1,-1,-1,1,-1,-1,1,1,1,1,1,-1,-1,1,1,-1,1,1,1,-1,1,1,-1,1,1,1,-1,1,1,1,1,1,-1,-1,1,1,-1,-1,1,1,-1,1,1,-1,1,1,-1,1,-1,1,1,-1,1,1,-1,1,1,-2646.0,1,2000,445,500,True
2760,1,1,-1,-1,1,1,-1,1,1,1,1,-1,1,1,1,1,-1,1,-1,-1,-1,1,1,1,1,-1,-1,-1,1,1,1,1,-1,-1,-1,1,-1,1,1,1,-1,-1,1,1,1,1,-1,-1,1,-1,1,1,1,1,-1,-1,1,-1,1,1,-1,-1,-1,1,1,1,1,-1,-1,-1,1,-1,1,1,-1,-1,-1,1,-1,1,1,-1,-1,-1,-1,1,1,1,-1,-1,-1,1,-1,1,-1,-1,-1,1,-1,-1,1,-1,-1,-1,-1,-1,-1,1,-1,-1,-1,1,-1,-1,1,1,-1,-1,1,-1,-1,1,1,-1,-1,-1,-1,-1,1,-1,-1,-1,-1,-1,-1,-1,-1,-1,-1,-1,-1,-1,-1,1,-1,-1,1,-1,-1,-1,1,-1,-1,-1,1,-1,1,-1,-1,-1,-1,1,-1,-1,1,-1,1,-1,1,-1,-1,-1,-1,-1,-1,-1,-1,1,-1,-1,-1,1,1,-1,-1,-1,-1,-1,-1,-1,-1,-1,-1,-1,-1,-1,1,-1,-1,-1,-1,1,-1,1,-1,1,-1,-1,-1,-1,1,-1,1,1,-1,-1,-1,1,-1,1,-1,1,-1,-1,1,1,-1,-1,-1,-1,1,1,1,-1,1,1,-1,-1,1,-1,-1,-1,1,1,-1,1,1,-1,-1,-1,1,-1,1,-1,-1,-1,1,-1,-1,1,-1,1,-1,1,-1,-1,1,1,-1,-1,1,-1,1,1,1,-1,-1,1,-1,1,1,1,1,-1,1,-1,-1,1,1,1,-1,1,1,-1,1,-1,-1,-1,-1,1,1,1,1,-1,-1,1,1,-1,1,1,1,-1,-1,1,1,1,1,1,-1,1,1,1,1,-1,1,-1,1,-1,1,1,1,1,-1,1,-1,1,1,1,-1,-1,1,1,-1,1,1,-1,1,-1,-1,1,1,1,-1,1,1,1,-1,1,1,1,1,1,-1,1,-1,1,1,1,1,-1,1,1,1,-1,1,1,-1,1,1,1,-1,1,1,-1,1,1,1,1,1,1,-1,1,-1,1,-1,1,1,-1,-1,-1,1,1,-1,1,-1,1,1,-1,-1,-1,-1,-1,1,1,1,-1,1,1,-1,1,1,-1,-1,1,1,1,1,1,-1,1,1,1,-1,1,1,-1,-1,-1,1,1,-1,-1,-1,-1,1,-1,1,-1,1,1,-1,1,-1,1,-1,1,-1,-1,1,-1,1,-1,1,-1,-1,1,-1,1,-1,-1,1,-1,1,-1,1,-1,-1,-1,-1,1,-1,-1,1,-1,1,-1,-1,-1,1,1,1,1,-1,1,-1,1,-1,-1,1,-1,-1,-1,-1,-1,1,1,-1,1,-1,1,-1,1,-1,1,-1,1,1,-1,1,-1,1,-1,-1,1,-1,1,1,-1,-1,1,-1,1,-1,1,1,-1,-1,1,-1,1,1,-1,1,-1,-1,-1,-1,-1,1,-1,-1,-1,-1,1,-1,1,-1,-1,1,-1,-1,1,1,-1,-1,-1,1,-1,-1,1,-1,-1,-1,1,-1,-1,-1,1,1,-1,1,-1,1,1,1,1,1,-1,1,1,-1,-1,1,1,1,-1,1,-1,1,-1,1,1,1,-1,-1,-1,-1,-1,1,1,1,-1,-1,-1,1,1,-1,1,-1,-1,-1,1,1,-1,1,-1,-1,1,1,1,-1,1,-1,-1,-1,-1,1,1,1,-1,1,-1,-1,1,-1,1,-1,1,1,1,-1,-1,1,1,-1,-1,-1,-1,-1,1,1,-1,-1,1,-1,-1,1,1,-1,-1,1,-1,1,1,-1,-1,-1,-1,-1,1,1,-1,1,-1,-1,1,1,1,1,-1,1,-1,-1,-1,1,1,-1,1,-1,1,-1,1,1,-1,-1,1,-1,1,1,1,-1,1,1,-1,-1,1,1,-1,-1,1,1,-1,1,1,-1,1,1,-1,-1,1,1,-1,-1,1,1,-1,1,1,-1,-1,1,1,-1,1,1,1,-1,1,-1,-1,1,-1,1,-1,1,-1,-1,1,-1,-1,1,-1,1,-1,1,1,-1,1,1,-1,-1,1,-1,1,1,1,-1,-1,1,1,-1,1,1,-1,-1,1,1,1,1,1,-1,-1,-1,1,-1,1,1,-1,-1,-1,1,1,1,1,1,-1,1,-1,1,-1,1,1,-1,-1,-1,1,-1,1,-1,-1,-1,1,1,-1,1,1,-1,-1,1,1,1,1,-1,-1,1,1,1,-1,-1,1,-1,1,1,1,1,-1,-1,-1,1,1,1,-1,-1,1,-1,1,1,1,-1,-1,1,1,1,1,1,-1,1,1,-1,1,-1,1,-1,-1,1,1,1,1,1,-1,1,1,1,1,1,1,1,-1,1,-1,1,-1,1,-1,1,1,-1,1,1,1,-1,-1,1,1,1,1,1,-1,1,1,1,1,1,-1,-1,1,1,-1,1,1,1,-1,1,1,1,1,1,-1,1,1,1,1,1,1,-1,-1,1,1,1,1,-1,1,-1,1,1,1,1,-1,-1,-1,1,1,1,1,-1,1,-1,1,1,1,1,1,-1,-1,1,1,1,1,1,-1,-1,1,1,1,1,-1,-1,-1,1,-1,1,1,1,-1,1,1,1,-1,1,1,-1,-1,1,1,1,1,1,-1,1,1,1,1,1,1,-1,1,-1,1,1,1,1,-1,1,-1,1,1,1,-1,-1,1,-1,1,1,1,1,1,1,-1,1,1,-1,1,1,-1,-1,1,1,1,-1,1,1,-1,1,1,1,1,-1,1,-1,1,1,1,1,1,-1,-1,-1,1,1,1,-1,1,-1,-1,1,1,-1,1,1,-1,1,1,1,1,1,-1,-1,-1,1,1,1,1,-1,1,1,1,1,1,-1,1,-1,1,1,1,1,-1,1,-1,-1,1,1,1,-1,1,1,1,1,-1,1,1,-1,1,-1,-1,1,1,-1,1,1,1,1,1,1,-1,-1,1,1,1,1,1,-1,-1,1,1,1,1,1,1,-1,1,1,1,1,1,1,-1,1,1,1,1,1,-1,-1,1,1,1,-1,1,1,-1,1,1,1,-1,1,-1,1,-1,1,1,-1,1,1,-1,1,1,-2646.0,1,2000,445,500,True
2761,1,1,-1,-1,1,1,-1,1,1,1,1,-1,1,1,1,1,-1,1,-1,-1,-1,1,1,1,1,-1,-1,-1,1,1,1,1,1,-1,-1,1,-1,1,1,-1,-1,-1,1,1,1,1,1,-1,1,1,1,1,-1,1,-1,-1,1,-1,1,1,1,-1,-1,1,1,1,1,1,-1,-1,1,-1,1,1,1,-1,-1,1,-1,1,1,-1,-1,-1,-1,1,1,1,-1,-1,1,1,1,1,1,-1,-1,-1,-1,1,1,1,-1,-1,1,-1,1,1,1,-1,-1,-1,-1,-1,1,1,-1,-1,1,-1,1,1,1,1,-1,-1,-1,-1,1,1,1,-1,1,-1,1,1,1,1,-1,1,-1,-1,1,1,1,-1,1,-1,-1,1,1,1,-1,-1,1,-1,1,1,1,-1,1,-1,-1,1,-1,1,-1,1,-1,1,1,1,-1,-1,1,-1,1,1,1,-1,1,-1,1,-1,-1,1,-1,1,1,-1,1,1,1,1,1,1,1,-1,-1,1,-1,1,1,1,-1,-1,1,1,-1,1,1,1,-1,1,-1,1,1,1,-1,-1,1,1,1,1,1,1,-1,1,-1,-1,1,1,-1,-1,-1,1,-1,1,1,-1,-1,1,-1,1,1,1,1,-1,1,-1,-1,1,1,-1,1,1,-1,1,1,1,-1,-1,1,-1,1,1,1,1,1,1,-1,1,1,1,1,1,1,-1,1,1,1,1,1,1,-1,-1,1,1,1,-1,1,-1,-1,1,1,-1,1,1,1,1,1,1,1,1,1,-1,-1,1,1,1,-1,1,-1,1,1,1,1,1,1,-1,-1,1,1,-1,1,1,1,-1,1,1,1,1,1,1,-1,1,1,1,1,1,1,-1,1,1,1,1,1,-1,1,-1,1,1,-1,1,1,1,1,1,1,1,1,1,-1,-1,1,-1,1,1,1,-1,-1,1,1,1,1,1,-1,-1,1,1,-1,1,1,-1,-1,1,1,1,-1,1,-1,1,-1,1,-1,1,1,-1,-1,-1,1,1,-1,1,-1,1,1,1,-1,-1,-1,-1,1,-1,1,-1,1,1,-1,1,1,-1,-1,1,1,-1,1,1,-1,1,1,-1,1,-1,1,1,1,-1,1,1,1,-1,1,-1,1,-1,-1,1,1,1,-1,-1,-1,1,1,1,1,-1,1,-1,-1,1,1,1,1,-1,-1,-1,1,-1,1,-1,1,-1,-1,-1,-1,-1,1,1,-1,-1,1,-1,1,1,-1,-1,1,-1,-1,1,1,-1,-1,-1,1,-1,1,-1,-1,-1,-1,-1,1,1,-1,1,-1,-1,1,1,1,-1,-1,1,-1,1,1,1,-1,-1,-1,-1,-1,1,1,-1,-1,1,-1,1,-1,1,1,-1,-1,1,-1,1,-1,1,-1,-1,-1,-1,-1,-1,1,-1,-1,-1,1,1,-1,1,-1,-1,-1,-1,-1,1,1,-1,-1,-1,-1,-1,1,1,-1,-1,-1,-1,-1,-1,1,1,1,-1,-1,-1,1,-1,1,-1,1,1,1,1,-1,-1,1,1,1,-1,1,-1,1,-1,1,1,1,-1,-1,-1,1,-1,1,1,1,-1,-1,-1,1,1,-1,1,-1,-1,-1,1,1,-1,1,-1,-1,1,1,1,-1,1,-1,-1,-1,-1,1,1,1,-1,1,-1,-1,1,-1,1,-1,-1,1,1,-1,-1,1,1,-1,-1,-1,-1,-1,1,1,-1,-1,-1,1,-1,1,-1,-1,-1,1,-1,1,1,-1,-1,-1,-1,-1,1,1,-1,1,-1,-1,1,-1,1,1,-1,-1,-1,-1,-1,1,-1,1,-1,-1,1,-1,1,1,-1,1,-1,-1,1,-1,1,-1,1,-1,1,-1,-1,1,-1,1,-1,-1,-1,-1,1,-1,1,-1,1,-1,-1,-1,1,-1,1,-1,-1,-1,-1,-1,-1,-1,1,-1,-1,1,1,-1,1,-1,-1,-1,1,-1,-1,1,-1,1,-1,1,-1,1,-1,1,-1,1,1,-1,1,-1,1,-1,1,1,-1,1,1,-1,-1,-1,1,-1,1,-1,-1,-1,-1,1,-1,1,-1,1,-1,-1,1,-1,1,1,-1,-1,-1,1,-1,1,1,1,-1,-1,1,1,-1,1,1,-1,-1,1,-1,1,-1,1,-1,-1,-1,-1,-1,1,1,-1,-1,1,-1,-1,1,1,-1,-1,-1,-1,1,-1,1,-1,-1,-1,-1,1,1,-1,-1,1,-1,-1,1,-1,1,-1,-1,-1,-1,-1,1,1,1,-1,-1,-1,1,1,1,-1,-1,1,1,-1,-1,1,-1,1,-1,-1,1,1,1,-1,-1,-1,-1,1,-1,1,1,-1,1,-1,-1,1,1,-1,-1,-1,-1,-1,-1,1,1,-1,-1,1,-1,1,1,-1,-1,-1,1,-1,1,1,-1,-1,1,1,-1,1,1,1,-1,1,-1,1,1,1,-1,-1,1,-1,-1,1,1,1,-1,1,-1,-1,1,1,-1,1,1,1,-1,1,1,1,1,1,1,-1,1,1,-1,1,1,1,-1,1,1,1,1,1,1,-1,1,1,1,-1,1,1,-1,1,-1,1,1,1,1,1,1,1,-1,1,1,1,-1,1,1,1,1,-1,1,1,1,1,1,1,1,1,1,-1,1,1,1,1,-1,1,-1,1,1,1,1,1,1,-1,1,1,1,-1,1,-1,1,1,1,-1,1,1,1,1,1,1,1,1,-1,1,1,1,1,1,-1,1,1,-1,1,1,1,-1,1,-1,1,1,1,1,-1,-1,1,1,1,1,1,1,-1,1,-1,1,1,1,1,-1,-1,-1,1,1,1,-1,-1,-1,-1,1,1,1,-1,-1,1,1,1,1,-1,-1,-1,1,1,1,1,1,-1,-1,-1,1,-1,1,-1,-1,-1,1,-1,1,-1,-1,-1,1,-1,1,-1,1,-1,1,-1,1,-1,1,1,1,-1,-1,1,-1,-1,1,-1,-1,-1,1,1,1,1,-1,-1,-1,1,-1,1,1,-1,-1,-1,1,-1,1,1,1,-1,-1,1,1,1,1,1,-1,-1,-1,1,1,-1,1,-1,-1,1,-1,1,-2646.0,1,2000,445,1000,True
2762,1,1,-1,-1,1,1,-1,1,1,1,1,-1,-1,1,1,1,-1,1,-1,-1,1,1,1,1,1,1,-1,-1,1,1,1,1,-1,-1,-1,1,-1,1,1,1,-1,-1,1,1,1,1,1,1,-1,-1,1,1,-1,1,-1,-1,1,-1,1,1,1,-1,-1,-1,1,1,1,1,1,-1,1,-1,1,1,1,1,1,1,-1,1,1,1,1,-1,-1,1,1,1,1,-1,-1,1,-1,1,1,1,1,1,-1,-1,1,1,1,1,1,-1,-1,1,1,1,1,-1,-1,-1,1,1,1,1,1,-1,-1,1,1,1,1,-1,-1,-1,1,1,1,1,1,-1,-1,1,1,1,1,1,-1,-1,-1,1,1,1,1,-1,-1,-1,1,1,1,1,1,-1,-1,1,1,1,1,1,-1,-1,1,1,-1,1,1,-1,1,1,1,1,1,-1,-1,1,1,1,1,-1,1,-1,1,1,1,1,1,-1,-1,-1,1,1,1,1,1,-1,-1,1,-1,-1,1,1,-1,-1,1,1,1,1,1,-1,1,1,-1,-1,1,1,-1,1,1,1,1,1,1,1,-1,1,-1,-1,1,1,-1,-1,1,1,1,1,1,-1,-1,1,-1,-1,1,1,1,-1,1,-1,1,1,1,-1,1,1,1,-1,1,1,-1,-1,-1,1,1,-1,1,1,1,-1,1,1,-1,1,1,1,1,1,1,-1,1,1,1,1,-1,1,1,1,1,1,1,1,1,1,1,-1,-1,1,-1,1,-1,1,1,1,1,1,1,-1,1,1,1,-1,1,1,1,1,1,1,1,-1,1,-1,1,-1,1,1,1,1,-1,1,1,1,1,1,-1,-1,1,1,1,1,1,-1,-1,1,1,1,1,-1,-1,1,1,1,-1,1,1,1,-1,1,1,-1,1,1,-1,1,1,-1,1,1,1,-1,1,1,1,-1,1,1,-1,1,1,1,-1,1,1,1,1,1,1,1,-1,1,-1,1,-1,1,-1,1,1,-1,-1,-1,1,1,-1,1,-1,1,1,1,-1,-1,-1,-1,1,-1,1,-1,1,1,-1,1,1,-1,1,-1,1,-1,1,1,-1,1,1,-1,1,1,1,1,1,-1,1,1,1,-1,1,-1,1,-1,-1,1,1,1,-1,1,-1,1,-1,1,1,-1,1,-1,-1,1,1,1,1,1,-1,1,-1,-1,1,-1,1,-1,-1,-1,-1,-1,1,1,-1,-1,1,-1,1,1,-1,-1,1,-1,-1,1,-1,1,-1,-1,1,-1,1,-1,-1,-1,-1,-1,1,1,-1,1,-1,-1,1,1,1,-1,-1,1,-1,1,1,-1,1,-1,-1,-1,-1,1,-1,1,-1,1,-1,1,1,1,1,-1,-1,1,-1,1,1,-1,1,-1,-1,-1,1,-1,1,-1,-1,-1,-1,1,-1,1,-1,-1,-1,-1,1,-1,1,-1,-1,-1,-1,1,-1,1,-1,1,-1,-1,1,1,1,1,1,-1,-1,1,-1,-1,1,-1,1,1,1,1,-1,-1,1,1,-1,1,-1,-1,1,-1,1,-1,1,-1,-1,-1,-1,-1,-1,-1,1,-1,-1,-1,1,-1,-1,1,-1,-1,-1,1,-1,-1,1,-1,-1,1,1,-1,-1,1,-1,-1,-1,-1,-1,1,1,-1,1,-1,-1,-1,-1,1,-1,-1,1,1,-1,-1,1,1,-1,-1,-1,1,-1,1,1,-1,1,-1,1,-1,1,1,-1,-1,1,-1,1,1,-1,-1,-1,-1,1,1,1,-1,1,-1,-1,1,1,1,1,-1,-1,-1,1,-1,1,-1,1,-1,-1,1,-1,1,1,-1,1,-1,1,1,1,1,-1,1,-1,1,-1,1,1,-1,-1,-1,-1,-1,1,1,-1,1,-1,1,-1,1,1,1,-1,1,1,-1,1,1,-1,-1,-1,1,-1,1,1,-1,-1,1,-1,-1,1,-1,1,-1,1,-1,-1,1,-1,-1,1,1,1,-1,1,1,-1,1,1,1,-1,1,-1,1,-1,1,-1,-1,1,1,-1,1,1,-1,-1,-1,1,-1,1,-1,1,-1,-1,1,-1,1,1,-1,-1,-1,-1,1,1,1,1,-1,-1,1,-1,-1,1,1,-1,-1,-1,-1,1,-1,1,-1,-1,1,1,-1,1,1,-1,-1,1,-1,-1,1,-1,-1,-1,-1,-1,1,-1,1,-1,-1,-1,-1,1,-1,-1,-1,1,-1,1,-1,-1,1,-1,-1,-1,-1,-1,-1,1,1,-1,-1,-1,1,1,1,-1,-1,-1,1,-1,-1,1,-1,-1,-1,-1,1,1,1,-1,-1,-1,-1,1,-1,1,1,-1,1,-1,-1,1,1,-1,-1,-1,-1,-1,-1,1,1,-1,-1,1,-1,1,1,-1,-1,-1,1,-1,1,1,-1,-1,1,1,-1,1,1,1,-1,1,-1,1,1,1,-1,-1,1,-1,-1,1,1,-1,-1,-1,1,-1,1,1,-1,1,1,-1,-1,1,1,-1,-1,1,1,-1,1,1,-1,-1,1,-1,-1,1,1,1,-1,-1,-1,-1,1,1,-1,-1,1,-1,-1,1,-1,1,-1,1,-1,1,1,1,1,-1,-1,-1,-1,1,1,1,-1,1,-1,1,1,1,1,-1,-1,-1,1,-1,1,-1,-1,-1,-1,1,-1,1,-1,-1,-1,-1,1,1,1,-1,-1,-1,1,-1,1,1,-1,1,-1,1,1,1,1,1,-1,1,-1,1,1,1,1,-1,1,-1,1,-1,1,1,-1,-1,1,-1,1,1,1,-1,1,-1,1,1,1,1,-1,1,-1,1,-1,1,1,-1,1,-1,1,-1,1,1,-1,-1,-1,-1,-1,1,1,-1,-1,1,1,1,1,1,-1,-1,1,1,1,1,1,-1,-1,1,-1,1,-1,1,-1,-1,1,-1,-1,1,-1,-1,-1,1,-1,1,1,1,-1,1,1,-1,-1,1,-1,-1,-1,1,-1,1,1,1,-1,-1,1,-1,1,1,1,-1,-1,1,-1,1,1,1,-1,-1,1,-1,1,-1,1,1,-1,1,-1,-1,1,1,-1,-1,-1,1,-1,1,-1,1,-1,1,-1,-1,1,-2646.0,1,2000,445,1000,True
2763,1,1,-1,-1,1,-1,1,1,1,1,1,-1,1,1,1,1,-1,1,-1,-1,1,1,1,1,1,-1,1,1,1,1,1,1,-1,-1,1,1,-1,1,1,1,-1,1,1,1,1,1,1,-1,1,-1,1,1,-1,1,-1,-1,1,-1,1,1,1,-1,-1,1,1,1,1,1,1,1,1,-1,1,1,1,1,1,1,-1,1,1,-1,-1,1,-1,1,1,1,1,-1,1,1,-1,1,1,1,1,-1,-1,-1,1,1,1,1,-1,-1,-1,1,1,1,1,1,-1,-1,1,1,1,1,-1,-1,-1,1,1,1,1,1,-1,-1,1,1,1,1,-1,-1,-1,1,1,1,1,-1,-1,-1,-1,1,1,1,-1,-1,-1,-1,1,1,1,-1,1,-1,-1,1,1,1,-1,-1,-1,-1,1,1,1,-1,1,-1,1,1,1,1,-1,-1,-1,1,1,1,1,1,1,-1,1,1,1,-1,-1,-1,-1,-1,1,1,-1,-1,1,-1,-1,1,-1,1,-1,1,-1,-1,1,1,1,-1,1,-1,1,1,-1,1,-1,1,-1,1,1,1,1,1,1,1,-1,1,-1,1,-1,1,-1,-1,1,1,1,1,1,-1,-1,1,-1,-1,1,1,1,-1,1,1,-1,1,1,-1,1,1,-1,-1,1,1,-1,-1,1,-1,1,1,1,1,1,1,-1,1,1,1,1,1,1,-1,1,1,1,1,1,1,-1,-1,1,1,1,1,1,1,-1,1,1,-1,-1,1,1,1,1,1,1,1,1,-1,1,1,1,1,1,-1,1,1,1,1,1,1,1,-1,-1,1,1,-1,1,1,1,-1,1,1,1,1,1,1,1,1,1,1,1,1,1,-1,1,1,1,1,1,-1,1,-1,1,1,-1,1,1,1,1,1,1,1,1,1,-1,-1,1,-1,1,1,1,-1,-1,1,1,1,1,1,-1,-1,1,1,-1,1,1,-1,-1,1,1,1,-1,1,-1,1,-1,1,-1,1,1,1,-1,-1,1,1,-1,1,-1,1,1,1,-1,-1,-1,-1,1,-1,1,-1,1,1,-1,1,1,-1,-1,1,1,-1,1,1,-1,1,1,1,1,-1,1,1,1,-1,1,1,1,-1,1,-1,1,-1,-1,1,1,1,-1,-1,-1,1,1,1,1,1,-1,1,-1,1,1,1,1,1,-1,-1,1,-1,1,-1,1,-1,-1,-1,1,1,1,1,-1,-1,1,-1,1,1,1,-1,1,-1,1,-1,1,1,-1,-1,1,-1,1,1,1,-1,-1,-1,1,1,1,1,-1,-1,1,1,1,1,-1,1,-1,1,1,1,1,-1,-1,-1,-1,1,1,1,-1,1,-1,1,-1,1,1,-1,-1,1,-1,1,1,1,1,-1,-1,-1,-1,1,1,1,-1,-1,1,1,1,1,-1,-1,-1,-1,-1,1,-1,1,-1,-1,-1,-1,1,-1,1,1,-1,-1,-1,-1,1,1,1,-1,-1,-1,1,-1,-1,-1,1,1,1,1,-1,-1,1,-1,1,-1,1,-1,1,-1,1,1,1,-1,-1,-1,1,-1,1,1,1,-1,-1,-1,1,1,-1,1,-1,-1,-1,1,1,-1,1,-1,-1,1,1,1,-1,1,-1,-1,-1,-1,1,1,1,-1,1,-1,-1,1,-1,1,-1,1,1,-1,1,-1,1,1,-1,-1,-1,-1,-1,1,1,-1,-1,-1,-1,-1,1,1,-1,-1,-1,1,1,1,-1,-1,-1,-1,1,1,1,-1,1,-1,1,-1,1,1,1,-1,-1,-1,-1,-1,1,-1,1,-1,-1,1,-1,1,1,-1,1,-1,-1,1,1,1,-1,1,-1,-1,-1,1,1,-1,1,-1,-1,-1,1,1,-1,1,-1,-1,-1,1,1,-1,-1,1,-1,-1,1,1,-1,-1,-1,-1,-1,1,1,-1,-1,1,-1,-1,1,-1,1,-1,1,-1,-1,1,-1,-1,1,-1,1,-1,1,1,-1,1,-1,1,-1,1,-1,-1,1,-1,1,-1,1,1,-1,1,-1,-1,-1,-1,1,-1,1,-1,1,-1,-1,1,-1,1,-1,1,-1,-1,-1,1,1,-1,-1,-1,-1,1,-1,-1,-1,-1,-1,-1,-1,-1,1,-1,-1,-1,-1,1,1,-1,1,-1,-1,-1,1,-1,-1,1,-1,-1,-1,-1,-1,1,1,-1,-1,-1,-1,-1,1,-1,-1,-1,1,-1,-1,1,-1,1,-1,-1,-1,-1,-1,-1,-1,1,-1,-1,-1,1,1,-1,-1,-1,-1,1,-1,-1,-1,-1,-1,-1,-1,1,1,1,-1,-1,-1,-1,1,-1,1,1,-1,1,-1,-1,1,1,-1,-1,-1,-1,-1,-1,1,1,-1,-1,1,-1,1,1,-1,-1,-1,1,-1,-1,1,-1,-1,1,-1,-1,1,1,1,-1,1,-1,1,1,1,-1,-1,1,-1,-1,1,1,-1,-1,1,-1,-1,1,1,-1,1,1,1,-1,1,1,-1,-1,1,1,-1,1,1,-1,-1,1,-1,-1,1,1,1,-1,-1,1,-1,1,1,1,-1,1,1,-1,1,-1,1,-1,-1,1,-1,-1,1,1,-1,-1,1,-1,1,1,1,-1,-1,1,-1,1,1,1,-1,-1,1,1,-1,1,-1,-1,1,-1,1,-1,1,1,-1,1,1,1,-1,1,1,-1,1,1,-1,1,1,-1,1,-1,1,1,1,1,1,-1,1,-1,1,1,1,1,-1,-1,-1,1,-1,1,1,-1,-1,1,-1,1,1,-1,-1,1,-1,1,1,1,1,-1,1,-1,1,-1,1,1,-1,-1,1,-1,-1,1,-1,1,-1,-1,-1,-1,1,-1,-1,1,-1,1,1,1,-1,1,-1,-1,1,1,1,1,1,-1,-1,-1,1,-1,-1,1,-1,1,1,-1,1,1,1,-1,1,-1,1,-1,-1,1,-1,-1,1,-1,1,1,1,1,-1,1,-1,-1,-1,1,1,-1,1,1,1,-1,1,1,-1,1,-1,1,1,1,1,-1,1,-1,1,-1,1,1,-1,1,1,1,-1,1,1,-1,-1,1,1,1,-1,1,-1,1,-1,1,-2646.0,1,2000,445,1000,True
2764,1,1,-1,-1,1,1,-1,1,1,1,1,-1,-1,-1,1,1,-1,1,-1,-1,-1,1,1,1,1,1,-1,-1,1,1,1,1,-1,-1,-1,1,-1,1,1,1,-1,-1,1,1,1,1,1,1,-1,-1,1,1,-1,1,-1,1,-1,-1,1,1,1,-1,-1,1,1,1,1,1,1,-1,1,-1,1,1,1,1,1,1,-1,1,1,-1,1,-1,-1,1,1,1,1,1,1,-1,-1,1,1,1,-1,1,-1,-1,1,1,1,1,-1,-1,-1,1,1,1,1,1,-1,-1,1,1,1,1,1,-1,-1,1,1,1,1,1,-1,-1,1,1,1,1,-1,-1,-1,-1,1,1,1,-1,-1,-1,-1,1,1,1,1,-1,-1,-1,1,1,1,1,1,-1,-1,-1,1,1,-1,-1,-1,-1,1,-1,1,-1,1,-1,-1,-1,1,1,-1,-1,-1,1,1,1,-1,1,1,-1,-1,-1,1,-1,-1,-1,-1,-1,-1,1,-1,-1,1,-1,-1,-1,1,-1,-1,1,-1,-1,1,1,1,-1,1,-1,1,1,-1,-1,-1,1,-1,1,-1,1,1,-1,1,1,-1,-1,-1,1,-1,1,1,-1,1,-1,1,-1,1,-1,-1,-1,1,-1,-1,1,1,-1,1,-1,1,-1,1,-1,-1,-1,1,-1,-1,1,-1,1,-1,1,1,-1,1,-1,1,-1,1,-1,1,1,-1,1,1,1,-1,1,-1,-1,1,-1,-1,1,-1,1,-1,1,1,1,1,-1,1,-1,1,1,-1,1,1,1,-1,1,1,1,1,-1,1,-1,1,-1,1,1,1,1,-1,-1,1,-1,1,1,1,1,-1,1,1,-1,1,1,1,1,1,1,-1,1,1,-1,1,1,1,1,-1,1,-1,1,1,-1,-1,1,1,-1,-1,1,-1,1,-1,1,-1,1,1,1,-1,1,1,-1,1,1,1,-1,1,1,-1,1,1,1,-1,1,1,-1,-1,1,1,-1,1,1,-1,1,-1,1,-1,1,-1,1,-1,1,1,-1,-1,-1,1,-1,1,1,-1,1,1,1,-1,-1,-1,-1,1,1,1,-1,1,1,-1,1,1,-1,-1,1,1,1,1,1,-1,1,1,1,-1,1,1,1,-1,-1,1,1,-1,-1,1,-1,1,-1,1,-1,1,1,-1,-1,-1,1,-1,1,1,1,-1,-1,1,-1,1,1,1,1,-1,1,-1,-1,1,-1,1,-1,1,-1,1,1,1,1,-1,-1,1,-1,1,1,1,-1,1,1,1,-1,1,1,-1,1,-1,-1,1,1,1,-1,1,-1,1,1,1,1,-1,1,-1,1,1,1,-1,1,1,1,-1,1,1,-1,-1,1,-1,1,1,1,-1,1,-1,1,-1,1,1,-1,-1,1,-1,1,1,1,1,-1,1,-1,-1,-1,1,1,-1,1,-1,1,-1,1,-1,-1,1,-1,-1,1,-1,1,-1,-1,1,-1,1,-1,1,-1,-1,1,-1,-1,1,1,1,-1,1,-1,1,-1,-1,-1,1,-1,1,1,-1,-1,1,-1,1,-1,1,-1,1,-1,1,1,1,-1,-1,-1,1,-1,1,1,1,-1,-1,-1,1,1,-1,1,-1,-1,-1,1,1,1,1,-1,-1,1,1,1,1,1,-1,-1,-1,-1,1,1,1,-1,1,-1,-1,1,-1,1,-1,-1,1,-1,1,-1,1,1,-1,-1,-1,-1,-1,1,1,-1,1,-1,1,-1,1,-1,1,-1,-1,-1,1,1,-1,1,-1,-1,-1,1,1,-1,1,-1,1,1,1,1,1,1,1,-1,-1,-1,1,1,1,-1,-1,1,-1,1,1,1,1,-1,-1,1,1,1,1,-1,-1,1,-1,1,1,1,1,-1,1,-1,1,1,1,1,-1,-1,-1,1,1,1,1,1,-1,-1,1,1,1,1,-1,-1,-1,1,1,-1,1,1,-1,-1,1,-1,1,1,1,-1,-1,1,-1,1,1,1,1,-1,1,1,1,1,-1,1,-1,1,-1,-1,1,-1,1,-1,1,1,-1,1,-1,-1,-1,1,1,-1,1,-1,1,-1,-1,1,-1,1,-1,1,-1,-1,1,-1,1,-1,-1,-1,1,-1,-1,-1,-1,-1,-1,-1,-1,-1,1,-1,-1,-1,-1,1,-1,-1,1,-1,-1,-1,1,-1,-1,1,-1,-1,-1,1,-1,-1,1,-1,-1,-1,1,-1,1,-1,-1,-1,1,-1,-1,1,-1,1,-1,1,1,-1,-1,-1,-1,1,1,1,-1,1,1,-1,-1,-1,-1,1,-1,-1,-1,-1,1,1,-1,1,1,1,-1,1,1,-1,1,-1,1,1,-1,1,-1,-1,1,1,-1,-1,1,1,-1,-1,1,1,-1,1,1,-1,1,1,-1,-1,-1,1,-1,1,1,-1,-1,1,1,-1,1,1,1,-1,1,-1,1,1,1,-1,1,1,-1,-1,1,1,-1,-1,-1,1,-1,1,1,-1,1,-1,-1,-1,1,1,-1,-1,-1,1,-1,1,1,-1,-1,-1,-1,-1,1,1,1,-1,-1,1,-1,1,1,-1,-1,1,-1,-1,1,-1,1,-1,-1,-1,1,1,1,1,-1,1,-1,-1,1,1,1,-1,1,-1,1,1,1,1,-1,-1,-1,1,-1,-1,-1,-1,-1,-1,1,-1,1,-1,-1,-1,-1,1,-1,1,-1,-1,1,1,1,-1,1,-1,1,-1,1,-1,-1,1,1,-1,1,1,1,-1,1,1,-1,1,-1,1,-1,1,1,-1,1,1,-1,-1,-1,1,-1,1,-1,1,-1,-1,1,-1,1,-1,1,-1,1,1,-1,-1,1,-1,-1,-1,1,-1,1,1,-1,1,1,1,1,1,-1,1,-1,1,-1,1,1,-1,1,-1,-1,-1,-1,1,-1,1,1,1,-1,1,1,1,-1,-1,-1,1,1,1,-1,1,1,1,1,-1,1,-1,-1,1,1,1,1,1,-1,-1,1,1,1,1,1,1,-1,1,1,1,1,1,1,-1,1,1,-1,-1,1,-1,-1,1,-1,1,1,1,1,-1,1,1,1,-1,1,-1,1,-1,1,1,-1,1,1,-1,1,1,-2646.0,1,2000,445,500,True
2765,1,1,-1,-1,1,-1,1,1,1,1,1,-1,1,1,1,1,-1,1,-1,-1,1,1,1,1,1,-1,1,1,1,1,1,1,1,-1,1,1,-1,1,1,1,-1,1,1,1,1,1,1,-1,1,-1,1,1,-1,1,-1,1,1,-1,1,1,1,-1,-1,-1,1,1,1,1,-1,1,1,-1,1,1,1,1,1,-1,1,1,1,-1,-1,1,-1,1,1,1,1,-1,1,1,-1,1,1,1,1,-1,-1,-1,1,1,1,1,-1,-1,-1,1,1,1,1,1,-1,-1,1,1,1,1,-1,-1,-1,1,1,1,1,1,-1,-1,1,1,1,1,-1,-1,-1,1,1,1,1,-1,-1,-1,-1,1,1,1,-1,-1,-1,-1,1,1,1,-1,1,-1,-1,1,1,1,-1,-1,-1,-1,1,1,1,-1,1,-1,1,1,1,1,-1,-1,-1,1,1,1,1,1,1,-1,1,1,1,1,-1,-1,-1,-1,1,1,-1,-1,1,-1,-1,1,-1,1,-1,1,-1,-1,1,1,1,-1,1,-1,1,1,-1,1,-1,1,-1,1,1,1,1,1,1,1,-1,1,-1,1,-1,1,-1,-1,1,1,1,1,1,-1,-1,1,-1,-1,1,1,1,-1,1,1,-1,1,1,-1,1,1,-1,-1,1,1,-1,-1,1,-1,1,1,1,1,1,1,-1,1,1,1,1,1,1,-1,1,1,1,1,1,1,-1,-1,1,1,1,1,1,1,-1,1,1,-1,-1,1,1,1,1,1,1,1,1,-1,1,1,1,1,1,-1,1,1,1,1,1,1,1,-1,-1,1,1,-1,1,1,1,-1,1,1,1,1,1,1,1,1,1,1,1,1,1,-1,1,1,1,1,1,-1,1,-1,1,1,-1,1,1,1,1,1,1,1,1,1,-1,-1,1,-1,1,1,1,-1,-1,1,1,1,1,1,-1,-1,1,1,-1,1,1,-1,-1,1,1,1,-1,1,-1,1,-1,1,-1,1,1,1,-1,-1,1,1,-1,1,-1,1,1,1,-1,-1,-1,-1,1,1,1,-1,1,1,-1,1,1,-1,-1,1,1,-1,1,1,-1,1,1,1,1,-1,1,1,-1,-1,1,1,1,-1,1,-1,1,-1,-1,1,1,1,-1,1,-1,1,1,1,1,1,-1,1,-1,1,1,1,1,1,-1,-1,1,-1,1,-1,1,-1,-1,-1,1,1,1,1,-1,-1,1,-1,1,1,1,-1,1,-1,1,-1,1,1,-1,-1,1,-1,1,1,1,1,-1,-1,1,1,1,1,-1,-1,1,1,1,1,-1,1,-1,1,1,1,1,-1,-1,-1,-1,1,1,1,-1,1,-1,1,-1,1,1,-1,-1,1,-1,1,1,1,1,-1,-1,-1,-1,1,1,1,-1,-1,1,-1,1,1,-1,-1,-1,-1,-1,1,-1,1,-1,-1,-1,-1,1,-1,1,1,-1,-1,-1,-1,1,1,1,-1,-1,-1,1,-1,1,-1,1,1,1,1,-1,-1,1,1,1,-1,1,-1,1,-1,1,1,1,-1,-1,-1,-1,-1,1,-1,1,-1,-1,-1,1,1,-1,1,-1,-1,-1,1,1,-1,1,-1,-1,-1,1,1,-1,1,-1,-1,-1,-1,1,1,1,-1,1,-1,-1,1,-1,1,-1,1,1,1,1,-1,1,1,-1,-1,-1,-1,-1,1,1,-1,-1,-1,-1,-1,-1,1,-1,-1,-1,1,1,1,-1,-1,-1,-1,1,1,1,-1,1,-1,1,-1,1,1,1,-1,-1,-1,-1,-1,1,-1,1,-1,-1,1,-1,1,1,-1,1,-1,-1,1,1,1,-1,1,-1,-1,-1,1,1,-1,1,-1,-1,-1,1,1,-1,1,-1,-1,-1,1,1,1,-1,1,-1,-1,1,1,-1,-1,-1,-1,-1,1,1,-1,-1,1,-1,-1,1,-1,1,-1,1,-1,-1,1,-1,-1,1,-1,1,-1,1,1,-1,1,-1,1,-1,1,-1,-1,1,-1,1,-1,1,1,-1,1,-1,-1,-1,-1,1,-1,1,-1,1,-1,-1,1,-1,1,-1,1,-1,-1,-1,1,1,-1,-1,-1,-1,1,-1,-1,-1,-1,-1,-1,-1,-1,1,-1,-1,-1,-1,1,1,-1,1,-1,-1,-1,1,-1,-1,1,-1,-1,-1,-1,-1,1,1,-1,-1,-1,-1,-1,1,-1,-1,-1,1,-1,-1,1,-1,1,-1,-1,-1,-1,-1,-1,-1,1,-1,-1,-1,-1,1,1,-1,-1,-1,1,-1,-1,-1,-1,-1,-1,-1,1,1,1,-1,-1,-1,-1,1,1,1,1,-1,1,-1,-1,-1,1,-1,-1,-1,-1,-1,-1,1,1,-1,-1,1,-1,1,1,-1,-1,-1,1,-1,-1,1,-1,-1,1,-1,-1,1,1,1,-1,1,-1,1,1,1,-1,-1,1,-1,-1,1,1,-1,-1,1,-1,-1,1,1,-1,1,1,1,-1,1,1,-1,-1,1,1,-1,1,1,1,-1,1,-1,-1,1,1,-1,-1,-1,1,-1,1,1,1,-1,1,1,-1,1,-1,1,-1,-1,1,-1,-1,1,-1,-1,-1,1,-1,1,1,1,-1,-1,1,1,1,1,1,-1,-1,1,1,-1,1,1,-1,1,-1,1,-1,1,1,-1,1,1,1,-1,1,1,-1,1,1,-1,1,1,-1,1,-1,1,1,1,1,1,-1,1,-1,1,1,1,1,-1,-1,-1,1,-1,1,1,-1,-1,1,-1,1,1,-1,-1,1,-1,1,1,1,1,-1,1,-1,1,-1,1,1,-1,-1,1,-1,-1,1,-1,1,-1,-1,-1,-1,1,-1,-1,1,-1,1,1,1,-1,1,-1,-1,1,1,1,1,1,-1,-1,-1,1,-1,-1,1,-1,1,1,-1,1,1,1,-1,-1,-1,1,-1,-1,1,-1,-1,1,-1,1,1,1,1,-1,1,-1,-1,-1,1,1,-1,1,1,1,-1,1,1,-1,1,-1,1,1,1,1,-1,1,-1,1,-1,1,1,-1,1,1,1,-1,1,1,-1,-1,1,1,1,-1,1,-1,1,-1,1,-2646.0,1,2000,445,1000,True
2766,1,1,1,1,1,1,-1,1,1,-1,-1,1,-1,1,1,1,1,-1,1,1,-1,1,1,-1,-1,1,-1,-1,1,1,1,-1,1,1,-1,1,-1,1,-1,-1,1,-1,1,1,1,-1,-1,-1,1,-1,1,-1,1,-1,1,-1,-1,-1,1,-1,-1,1,1,1,1,1,1,-1,-1,-1,1,-1,1,1,-1,-1,-1,1,-1,1,1,1,1,-1,-1,1,1,-1,-1,1,-1,-1,-1,1,-1,-1,-1,1,-1,1,1,1,-1,-1,1,-1,-1,1,1,-1,-1,1,-1,-1,1,1,-1,-1,1,-1,-1,1,1,-1,-1,1,-1,-1,1,1,-1,-1,-1,-1,-1,1,1,-1,-1,-1,-1,-1,1,1,1,-1,1,-1,-1,-1,1,-1,-1,-1,1,-1,-1,1,-1,-1,1,-1,-1,-1,1,1,-1,1,1,-1,1,1,-1,-1,-1,-1,-1,1,1,-1,-1,1,1,-1,1,1,-1,-1,-1,-1,-1,-1,1,-1,1,-1,1,-1,-1,1,-1,1,-1,1,-1,-1,1,-1,-1,1,1,-1,1,1,1,-1,1,1,-1,1,1,1,-1,-1,1,1,-1,1,1,-1,1,1,1,-1,1,-1,-1,-1,1,-1,-1,1,1,1,-1,1,1,-1,-1,1,1,-1,1,-1,1,1,1,1,-1,1,-1,-1,1,1,-1,-1,1,1,1,1,1,-1,-1,1,1,-1,-1,1,-1,-1,1,1,1,1,1,-1,-1,1,1,1,1,1,1,-1,1,1,-1,1,-1,1,-1,1,1,-1,-1,1,1,-1,1,1,1,-1,-1,1,-1,1,1,1,-1,1,1,-1,1,-1,1,-1,-1,1,-1,1,1,1,-1,-1,-1,1,1,1,-1,-1,1,1,-1,1,1,-1,-1,-1,1,-1,1,1,1,-1,1,1,-1,1,1,-1,-1,-1,-1,1,1,1,1,-1,-1,-1,1,-1,1,1,-1,-1,1,1,-1,1,1,1,1,1,1,-1,1,-1,1,-1,-1,1,1,-1,1,1,-1,-1,-1,1,-1,1,-1,1,-1,1,-1,-1,1,-1,-1,-1,1,1,-1,1,1,1,-1,1,-1,1,-1,1,1,-1,1,-1,1,-1,1,-1,1,1,-1,-1,-1,-1,1,-1,-1,1,-1,-1,1,-1,-1,1,-1,-1,1,1,-1,1,-1,1,-1,-1,1,-1,-1,1,-1,-1,1,1,-1,1,-1,1,-1,-1,1,-1,-1,-1,-1,-1,-1,1,-1,-1,1,1,-1,-1,-1,-1,1,-1,-1,1,-1,1,-1,-1,1,1,-1,-1,1,-1,-1,-1,-1,-1,1,1,-1,-1,1,1,-1,1,-1,1,-1,1,1,-1,1,-1,-1,-1,-1,-1,-1,1,-1,1,-1,1,1,-1,1,-1,-1,1,-1,-1,1,-1,1,-1,1,-1,1,-1,1,1,-1,-1,-1,1,-1,1,-1,-1,1,-1,1,1,1,1,-1,-1,-1,1,-1,1,1,-1,-1,1,1,1,-1,1,1,-1,1,1,1,1,-1,1,1,-1,1,1,-1,1,-1,1,-1,-1,1,-1,-1,1,-1,-1,1,-1,-1,-1,1,1,-1,1,1,-1,-1,1,1,-1,-1,1,-1,-1,-1,-1,-1,1,1,-1,-1,-1,-1,-1,-1,1,-1,-1,1,1,1,1,1,-1,1,1,1,-1,-1,1,-1,-1,-1,1,-1,-1,1,1,-1,1,1,1,-1,1,1,-1,-1,1,-1,-1,1,1,-1,-1,1,-1,1,1,-1,-1,1,1,-1,1,1,-1,-1,1,-1,1,1,1,1,-1,1,1,-1,-1,1,1,-1,1,1,1,-1,1,1,-1,-1,1,1,1,1,1,-1,1,1,-1,-1,1,1,-1,-1,1,1,-1,1,1,-1,-1,1,1,-1,1,1,-1,-1,-1,1,-1,1,1,-1,-1,1,1,-1,1,1,1,-1,1,-1,-1,-1,-1,1,-1,1,-1,-1,1,-1,1,-1,1,1,-1,1,1,-1,-1,1,-1,-1,1,-1,1,1,-1,-1,-1,1,1,1,-1,1,1,-1,-1,1,1,-1,1,-1,1,-1,1,-1,-1,1,-1,-1,-1,-1,1,-1,1,-1,-1,-1,1,1,1,-1,-1,1,-1,-1,1,-1,1,-1,1,-1,1,1,-1,1,-1,1,-1,1,1,1,1,-1,1,-1,-1,1,1,1,-1,-1,-1,-1,1,1,-1,-1,-1,1,-1,1,-1,-1,1,-1,-1,-1,1,-1,-1,-1,1,-1,-1,1,-1,1,-1,1,-1,1,-1,1,-1,-1,1,-1,-1,1,1,1,1,1,1,-1,1,1,-1,1,1,-1,-1,1,-1,1,1,1,-1,-1,-1,1,-1,1,-1,-1,-1,1,1,-1,1,1,1,1,-1,1,-1,1,1,1,-1,-1,1,1,1,-1,1,-1,1,1,1,1,1,-1,-1,1,-1,1,1,1,1,-1,1,-1,1,1,1,-1,-1,1,-1,1,1,1,1,-1,1,-1,1,1,1,1,-1,1,1,1,1,-1,1,1,-1,1,1,1,-1,1,-1,-1,-1,1,-1,-1,1,1,-1,1,1,1,-1,1,1,-1,1,1,1,-1,1,1,-1,1,1,1,-1,1,1,-1,1,-1,1,1,1,1,-1,1,-1,1,1,1,-1,1,1,1,1,1,1,1,-1,1,1,1,1,-1,1,-1,1,1,1,-1,1,-1,1,1,1,1,-1,1,1,-1,1,-1,1,-1,1,1,1,-1,1,1,1,1,-1,1,1,1,-1,-1,1,-1,1,-1,1,-1,-1,1,1,1,-1,-1,1,1,1,1,1,-1,-1,1,1,1,-1,1,1,1,1,1,1,1,1,1,1,1,-1,1,1,-1,-1,1,1,1,-1,1,1,-1,-1,-1,-1,1,1,1,-1,1,1,1,-1,1,1,-1,-1,1,1,1,1,1,-1,1,1,1,1,1,1,-1,1,1,1,1,-1,1,-1,1,1,1,1,1,1,-1,1,-1,1,-1,1,1,-1,-1,1,1,-1,1,1,-1,1,1,1,-1,1,1,1,-1,1,-2646.0,1,2000,445,500,True
2767,1,1,-1,-1,1,-1,1,1,1,1,1,-1,1,1,1,1,-1,1,-1,-1,1,1,1,1,1,-1,1,1,1,1,1,1,-1,-1,1,1,-1,1,1,1,-1,1,1,1,1,1,1,-1,1,1,1,1,1,1,-1,-1,1,-1,1,1,1,-1,-1,1,1,1,1,1,-1,1,1,-1,1,1,1,-1,1,-1,1,1,1,-1,-1,1,-1,1,1,1,-1,-1,1,1,-1,1,1,-1,1,-1,-1,1,1,1,-1,1,-1,-1,-1,1,1,1,1,1,-1,-1,1,1,-1,1,-1,-1,-1,1,1,1,-1,1,-1,-1,1,1,1,1,-1,-1,-1,1,1,1,1,-1,-1,-1,1,1,-1,1,-1,-1,-1,-1,1,1,1,-1,1,-1,1,-1,-1,1,-1,-1,-1,-1,1,-1,1,-1,1,-1,-1,-1,1,1,-1,-1,-1,1,-1,1,1,1,1,-1,-1,-1,1,1,-1,-1,-1,-1,-1,1,1,-1,1,-1,-1,-1,1,1,-1,1,-1,-1,1,1,1,-1,1,-1,1,1,-1,1,-1,1,-1,1,-1,1,1,1,1,1,-1,-1,1,1,-1,1,-1,-1,1,1,1,1,1,-1,-1,1,1,-1,1,1,1,-1,-1,1,-1,1,1,-1,1,-1,1,-1,1,1,-1,-1,1,-1,1,1,1,1,-1,1,-1,1,1,1,1,1,-1,-1,1,1,1,1,1,-1,-1,1,1,1,1,1,-1,-1,-1,1,1,-1,-1,-1,-1,1,1,1,1,-1,-1,1,-1,1,1,1,1,-1,-1,-1,1,1,1,1,-1,1,-1,1,1,-1,1,-1,-1,-1,1,1,1,1,-1,-1,1,1,1,1,1,-1,-1,-1,1,1,1,1,-1,-1,1,-1,1,1,-1,-1,-1,1,-1,1,1,-1,-1,-1,-1,1,1,-1,1,-1,-1,-1,1,1,1,1,-1,-1,-1,1,1,1,-1,1,-1,1,1,1,1,1,1,-1,-1,1,-1,1,-1,1,-1,-1,-1,-1,1,1,-1,1,-1,1,1,1,-1,-1,1,1,1,1,1,-1,1,1,-1,1,1,-1,1,1,1,-1,1,1,-1,-1,1,-1,1,1,1,1,1,1,1,1,1,-1,1,1,-1,1,-1,1,1,1,-1,1,-1,1,-1,1,1,-1,1,1,-1,1,1,1,-1,-1,1,1,-1,-1,1,1,-1,1,1,-1,-1,-1,1,1,1,1,1,-1,1,1,-1,1,1,1,-1,1,1,-1,-1,1,-1,-1,1,-1,-1,-1,1,-1,1,1,-1,1,1,1,-1,1,1,-1,-1,1,1,1,1,1,-1,-1,1,1,-1,1,1,-1,-1,1,-1,1,-1,1,1,-1,-1,1,-1,1,-1,1,-1,1,1,-1,-1,-1,1,-1,-1,1,-1,1,-1,1,-1,-1,1,-1,-1,1,1,-1,-1,-1,1,-1,1,1,-1,1,-1,1,-1,-1,1,1,1,-1,1,-1,1,-1,1,-1,-1,-1,1,1,-1,-1,1,1,1,-1,1,-1,1,-1,1,1,1,-1,-1,-1,-1,-1,1,1,1,-1,-1,-1,1,1,-1,1,-1,-1,-1,1,1,-1,1,-1,-1,-1,1,1,-1,1,-1,-1,-1,-1,1,1,1,-1,1,-1,-1,1,-1,1,-1,-1,1,1,-1,-1,1,1,-1,-1,-1,-1,-1,1,1,-1,-1,-1,1,-1,-1,1,-1,-1,1,-1,1,1,-1,-1,-1,-1,-1,1,1,-1,1,-1,-1,1,1,1,1,-1,-1,-1,-1,-1,1,-1,1,-1,-1,1,-1,1,1,-1,1,-1,-1,1,1,1,-1,1,-1,1,-1,1,1,-1,1,-1,-1,-1,1,1,-1,1,-1,1,-1,1,1,1,-1,1,-1,-1,1,1,-1,-1,-1,1,-1,1,1,1,-1,1,-1,-1,-1,-1,1,-1,1,-1,-1,1,-1,-1,1,-1,1,-1,1,1,-1,1,-1,1,-1,1,-1,1,-1,1,-1,-1,1,1,-1,1,-1,-1,-1,-1,1,-1,1,-1,1,-1,-1,1,-1,1,1,-1,-1,-1,1,1,1,1,1,-1,-1,1,1,-1,1,1,-1,-1,-1,1,-1,1,1,-1,-1,1,1,1,-1,1,-1,-1,1,1,-1,1,1,-1,-1,1,-1,1,-1,1,-1,-1,1,1,-1,1,-1,-1,1,-1,1,-1,-1,1,-1,1,1,1,-1,1,1,1,1,1,1,-1,1,1,-1,-1,-1,1,-1,1,1,-1,1,1,1,1,1,1,-1,1,1,1,1,-1,1,-1,1,-1,1,-1,1,1,-1,-1,1,1,1,1,1,1,-1,1,-1,1,-1,1,-1,-1,1,-1,1,-1,1,-1,-1,1,-1,1,-1,1,1,-1,1,1,-1,1,1,-1,1,-1,1,1,1,1,1,-1,1,1,-1,-1,1,-1,1,1,1,-1,1,1,1,-1,-1,1,1,1,-1,-1,1,-1,1,1,-1,1,1,-1,-1,1,1,1,1,1,-1,1,1,1,-1,1,1,1,-1,1,1,-1,1,-1,1,-1,1,1,-1,1,1,1,-1,1,1,1,1,1,-1,-1,1,1,-1,-1,1,-1,-1,1,1,-1,1,1,-1,1,1,1,-1,1,1,-1,1,1,-1,-1,1,1,-1,-1,1,1,-1,1,1,-1,1,-1,1,-1,1,1,-1,-1,1,1,-1,1,1,-1,-1,1,-1,-1,-1,-1,-1,1,-1,1,-1,-1,1,-1,1,-1,1,-1,1,1,-1,-1,-1,-1,-1,-1,-1,1,-1,-1,-1,-1,1,-1,-1,1,-1,1,1,1,-1,1,-1,-1,1,-1,-1,1,1,-1,-1,-1,1,1,-1,1,-1,-1,-1,-1,-1,1,1,-1,-1,-1,1,1,-1,1,-1,-1,-1,1,1,1,1,1,-1,-1,1,1,-1,1,-1,-1,-1,1,1,-1,1,1,1,-1,1,1,1,1,1,-1,-1,1,1,-1,1,1,-1,-1,-1,1,-1,1,1,-1,-1,-1,1,1,-1,1,-1,1,-1,1,-2646.0,1,2000,445,1000,True
2768,-1,-1,1,1,1,1,-1,1,-1,-1,-1,1,-1,1,-1,-1,1,-1,1,-1,-1,1,-1,-1,-1,1,-1,-1,-1,-1,-1,-1,1,-1,-1,1,1,-1,-1,1,-1,-1,1,-1,-1,-1,1,1,-1,-1,-1,-1,1,1,-1,-1,-1,1,-1,-1,1,1,-1,1,-1,1,-1,1,1,-1,1,-1,-1,-1,1,1,-1,1,-1,-1,-1,1,1,-1,-1,-1,-1,1,1,-1,1,-1,-1,1,-1,1,1,-1,-1,1,1,1,1,1,1,-1,-1,1,1,1,1,-1,-1,-1,1,1,1,1,1,-1,-1,1,1,1,1,-1,-1,-1,1,1,1,1,1,-1,-1,1,1,1,1,1,-1,-1,1,1,1,1,1,-1,-1,-1,1,1,1,1,1,-1,1,1,1,1,1,1,-1,-1,1,1,-1,1,1,-1,1,1,1,1,1,-1,-1,1,1,1,1,-1,1,-1,1,1,1,1,1,-1,-1,-1,1,1,1,1,1,-1,1,1,-1,-1,1,1,-1,1,1,1,1,1,1,-1,1,1,1,-1,1,1,-1,1,1,-1,-1,1,1,1,-1,1,-1,-1,1,1,-1,-1,1,-1,1,1,1,-1,-1,1,-1,-1,1,1,1,-1,1,-1,1,1,1,-1,1,1,-1,1,1,1,-1,-1,1,1,-1,-1,1,1,1,1,1,1,-1,1,1,1,1,1,1,-1,1,1,1,1,1,1,1,1,1,1,1,1,1,1,1,-1,1,1,1,1,-1,1,1,1,1,1,1,-1,1,1,-1,1,1,1,-1,1,1,1,1,-1,1,-1,1,-1,1,1,1,1,-1,1,1,1,1,1,1,-1,1,1,1,1,1,-1,1,1,1,1,1,1,1,-1,1,1,1,-1,1,-1,1,1,1,1,1,1,1,-1,1,1,1,1,1,1,-1,1,1,1,1,1,1,-1,1,1,1,1,1,-1,-1,1,1,-1,-1,1,1,-1,-1,1,-1,1,1,1,1,-1,1,1,-1,1,1,-1,1,1,1,-1,-1,-1,-1,1,1,1,-1,1,-1,-1,1,1,-1,1,1,1,1,1,1,-1,1,1,-1,-1,1,1,-1,-1,1,-1,-1,-1,1,-1,1,-1,-1,1,1,1,1,-1,-1,-1,1,1,1,1,-1,1,-1,1,1,1,1,1,-1,-1,1,-1,1,-1,1,-1,-1,-1,-1,-1,1,1,-1,-1,1,-1,1,1,-1,-1,-1,-1,-1,1,-1,1,-1,-1,1,-1,1,1,1,-1,-1,-1,1,1,1,1,-1,-1,1,1,-1,1,-1,1,-1,1,1,-1,1,-1,1,-1,-1,1,-1,1,-1,1,-1,1,-1,1,1,-1,-1,1,-1,1,-1,1,1,-1,1,-1,-1,-1,1,1,-1,1,-1,1,-1,1,-1,-1,1,-1,-1,1,1,1,-1,-1,1,-1,1,1,1,1,-1,1,-1,-1,1,1,1,-1,1,-1,1,-1,1,-1,1,-1,1,1,-1,-1,1,1,1,-1,1,-1,1,-1,1,1,1,-1,-1,-1,1,-1,1,1,1,-1,-1,-1,1,1,-1,1,-1,-1,-1,1,1,1,1,-1,-1,1,1,1,1,1,-1,-1,-1,-1,1,-1,1,-1,1,-1,-1,1,1,1,-1,-1,1,1,-1,-1,1,1,-1,-1,-1,-1,1,1,1,-1,-1,-1,1,1,1,1,-1,-1,1,-1,1,1,-1,-1,-1,-1,-1,1,1,-1,1,-1,-1,1,1,1,1,-1,-1,-1,-1,1,1,-1,1,-1,-1,1,1,1,1,-1,-1,-1,-1,1,1,1,-1,1,-1,1,1,1,1,-1,-1,-1,-1,1,-1,1,-1,-1,-1,1,1,1,1,1,-1,1,1,1,1,1,-1,-1,-1,1,1,1,-1,1,-1,1,-1,1,-1,-1,1,-1,-1,-1,1,1,-1,-1,-1,1,1,1,-1,1,-1,-1,1,1,-1,1,-1,-1,1,-1,-1,1,-1,1,-1,1,-1,-1,1,-1,1,-1,-1,1,-1,1,-1,1,-1,1,-1,1,1,-1,-1,-1,-1,1,-1,1,-1,1,-1,1,-1,-1,1,1,-1,-1,-1,1,-1,1,-1,1,-1,-1,1,-1,1,-1,1,-1,-1,1,-1,1,1,-1,-1,1,1,-1,1,-1,-1,-1,1,-1,-1,-1,1,-1,-1,1,-1,1,1,-1,-1,-1,-1,-1,-1,1,-1,-1,-1,1,1,-1,1,-1,1,-1,1,-1,-1,1,-1,-1,-1,1,-1,1,1,-1,-1,-1,1,-1,1,1,-1,1,-1,-1,1,1,1,-1,-1,-1,-1,-1,1,-1,-1,-1,1,-1,1,1,-1,-1,-1,-1,-1,1,1,1,-1,-1,1,-1,1,1,-1,1,-1,-1,1,1,1,-1,-1,1,-1,-1,1,1,-1,-1,-1,-1,-1,1,1,-1,1,-1,-1,-1,1,1,-1,-1,1,-1,-1,1,-1,-1,-1,1,-1,-1,1,1,-1,-1,-1,-1,-1,1,1,-1,-1,1,-1,-1,1,-1,1,-1,1,-1,-1,-1,1,-1,-1,-1,1,-1,1,1,-1,-1,1,-1,-1,1,1,1,-1,-1,-1,-1,1,-1,-1,-1,1,-1,1,1,1,-1,-1,-1,-1,1,-1,1,-1,-1,-1,-1,1,1,1,-1,1,1,-1,-1,1,-1,1,-1,1,-1,-1,1,1,1,-1,1,-1,-1,1,1,1,-1,-1,-1,1,1,-1,1,-1,-1,1,-1,1,-1,1,-1,-1,1,-1,1,-1,1,-1,1,-1,1,1,1,1,-1,-1,-1,1,-1,1,1,1,-1,1,-1,-1,1,1,-1,-1,1,-1,1,-1,1,-1,-1,1,1,1,1,1,-1,-1,-1,1,-1,-1,-1,-1,-1,1,-1,1,1,1,-1,1,1,1,-1,1,1,-1,-1,1,1,1,1,1,-1,-1,1,1,1,1,1,-1,-1,1,1,-1,1,1,-1,-1,1,1,-1,1,1,1,-1,1,1,1,1,1,1,-1,-1,-1,1,1,1,1,-1,1,1,-1,1,-2646.0,1,2000,445,1000,True
2769,1,1,-1,-1,1,-1,1,1,1,1,1,-1,1,1,1,1,-1,1,-1,-1,1,1,1,1,1,-1,1,1,1,1,1,1,1,-1,1,1,-1,1,1,1,-1,1,1,1,1,1,1,-1,1,-1,1,1,-1,1,-1,-1,1,-1,1,1,1,-1,-1,1,1,1,1,1,-1,1,1,-1,1,1,1,-1,1,-1,1,1,1,-1,-1,1,-1,1,1,1,-1,-1,1,1,-1,1,1,-1,1,-1,-1,1,1,1,-1,1,-1,-1,-1,1,1,1,1,1,-1,-1,1,1,1,1,-1,-1,-1,1,1,1,-1,1,-1,-1,1,1,1,1,-1,-1,-1,1,1,1,1,-1,-1,-1,1,1,1,1,-1,-1,-1,-1,1,1,1,-1,1,-1,-1,1,1,1,-1,-1,-1,-1,1,1,1,-1,1,-1,1,1,1,1,-1,-1,-1,1,1,1,-1,1,1,-1,1,1,1,-1,-1,-1,-1,-1,1,1,1,-1,1,-1,-1,1,-1,1,-1,1,-1,-1,1,1,1,-1,1,-1,1,1,-1,1,-1,1,-1,1,1,1,1,1,1,1,-1,1,-1,1,-1,1,-1,-1,1,1,1,1,1,-1,-1,1,-1,-1,1,1,1,-1,1,1,-1,1,1,-1,1,1,-1,-1,1,1,-1,-1,1,-1,1,1,1,1,1,1,-1,1,1,1,1,1,1,-1,1,1,1,1,1,1,-1,-1,1,1,1,1,1,1,-1,1,1,-1,-1,1,1,-1,1,1,1,1,1,-1,1,1,1,1,1,-1,1,1,1,1,1,1,1,-1,-1,1,1,-1,1,1,1,-1,1,1,1,1,1,1,1,1,1,1,1,1,-1,1,-1,1,1,1,1,1,-1,-1,1,1,-1,1,-1,1,1,1,1,1,1,1,-1,-1,1,-1,1,1,1,-1,-1,1,1,1,1,1,-1,-1,1,1,-1,1,1,-1,-1,1,1,1,-1,1,-1,1,-1,1,-1,1,1,1,-1,-1,1,1,-1,1,-1,1,1,1,-1,-1,-1,-1,1,1,1,-1,1,1,-1,1,1,-1,-1,1,1,-1,1,1,-1,1,1,1,1,-1,1,1,1,-1,1,1,1,-1,1,-1,1,-1,-1,1,1,1,-1,-1,-1,1,1,1,1,1,-1,1,-1,1,1,1,1,1,-1,-1,1,-1,1,-1,1,-1,-1,1,1,1,1,1,-1,-1,1,-1,1,1,1,-1,1,-1,1,-1,1,1,-1,-1,-1,-1,1,1,1,-1,-1,-1,1,1,1,1,-1,1,-1,1,1,1,-1,1,-1,1,-1,1,1,-1,-1,-1,-1,1,1,1,-1,1,-1,-1,-1,1,1,-1,-1,1,-1,1,1,1,1,-1,-1,1,-1,-1,1,1,-1,-1,1,1,-1,1,-1,-1,-1,-1,-1,1,-1,1,-1,-1,-1,-1,1,-1,1,1,-1,-1,-1,-1,1,1,1,-1,-1,-1,1,-1,-1,-1,1,1,1,1,-1,-1,1,1,1,-1,1,-1,1,-1,1,1,1,-1,-1,-1,1,-1,1,1,1,-1,-1,-1,1,1,-1,1,-1,-1,-1,1,1,-1,1,-1,-1,-1,1,1,-1,1,-1,-1,-1,-1,1,1,1,-1,1,-1,-1,1,-1,1,-1,-1,1,-1,1,-1,1,1,-1,-1,-1,-1,-1,1,1,-1,-1,-1,1,-1,-1,1,-1,-1,-1,-1,1,1,-1,-1,-1,-1,-1,1,1,-1,1,-1,1,1,1,1,1,-1,-1,-1,-1,-1,1,-1,1,-1,-1,1,-1,1,1,-1,1,-1,-1,1,1,1,-1,1,-1,1,-1,1,1,-1,1,-1,1,-1,1,1,-1,1,-1,-1,-1,1,1,-1,-1,1,-1,-1,1,1,-1,-1,-1,-1,-1,1,1,-1,-1,1,-1,-1,-1,-1,1,-1,1,-1,-1,1,-1,-1,1,-1,1,-1,1,1,-1,1,-1,1,-1,1,-1,-1,1,-1,1,-1,1,1,-1,1,-1,-1,-1,-1,1,-1,1,-1,1,-1,-1,1,-1,1,-1,1,-1,-1,-1,1,1,-1,-1,-1,-1,1,-1,-1,-1,-1,-1,-1,-1,-1,1,-1,-1,-1,-1,1,1,-1,1,-1,-1,-1,1,-1,-1,1,-1,-1,-1,-1,-1,1,1,-1,-1,-1,-1,-1,1,-1,-1,-1,1,-1,-1,1,-1,1,-1,-1,-1,-1,-1,-1,-1,1,-1,-1,-1,1,1,-1,-1,-1,-1,1,-1,-1,-1,-1,-1,-1,-1,1,-1,1,-1,-1,-1,-1,1,-1,1,1,-1,1,-1,-1,1,1,-1,-1,-1,-1,-1,-1,1,1,-1,-1,1,-1,1,1,-1,-1,-1,1,-1,-1,1,-1,-1,1,-1,-1,1,1,1,-1,1,-1,1,1,1,-1,-1,1,-1,-1,1,1,1,-1,1,-1,-1,1,1,-1,1,1,-1,-1,1,1,1,-1,1,-1,-1,1,1,1,-1,1,-1,-1,1,1,1,-1,-1,1,-1,1,1,1,-1,1,1,1,1,-1,1,1,-1,1,-1,-1,1,-1,1,-1,1,-1,1,1,1,1,-1,1,1,1,1,1,-1,-1,1,1,-1,1,1,-1,1,1,1,-1,1,1,-1,1,-1,1,-1,1,1,-1,1,1,-1,1,1,1,-1,-1,1,1,1,1,1,-1,1,1,1,1,1,1,-1,-1,-1,1,-1,1,1,-1,-1,1,-1,1,1,-1,-1,1,-1,1,1,1,1,-1,-1,-1,1,-1,1,1,-1,-1,1,-1,-1,1,1,1,-1,-1,-1,-1,1,-1,-1,1,-1,1,1,-1,-1,1,-1,-1,1,-1,1,1,1,-1,-1,-1,1,-1,-1,1,-1,1,-1,1,1,1,1,-1,1,-1,1,-1,-1,1,-1,-1,1,-1,1,1,1,1,-1,1,-1,-1,-1,1,-1,-1,1,1,-1,-1,1,1,1,1,-1,1,1,1,1,-1,1,-1,1,-1,-1,1,-1,1,1,1,-1,1,1,-1,-1,1,1,1,-1,1,-1,1,-1,1,-2646.0,1,2000,445,1000,True
2770,-1,-1,1,1,1,1,-1,1,-1,-1,-1,1,-1,-1,-1,-1,1,-1,1,-1,-1,-1,-1,-1,-1,1,-1,-1,-1,-1,-1,-1,1,-1,-1,-1,1,-1,-1,1,-1,-1,-1,-1,-1,-1,1,1,-1,1,-1,-1,1,1,-1,1,-1,1,-1,-1,1,1,-1,1,-1,-1,-1,1,1,-1,-1,1,-1,-1,1,1,1,-1,1,-1,-1,-1,1,-1,1,-1,-1,1,1,1,1,-1,-1,-1,-1,1,-1,1,1,1,-1,-1,1,1,-1,1,-1,-1,-1,1,1,1,1,1,-1,-1,1,1,1,1,-1,-1,-1,1,1,1,1,-1,1,-1,1,1,-1,1,-1,1,-1,1,1,-1,1,-1,1,-1,-1,1,1,1,1,-1,-1,1,1,1,-1,1,-1,1,-1,1,-1,1,1,1,-1,-1,1,-1,-1,1,-1,-1,1,1,-1,1,-1,1,-1,1,-1,1,-1,1,-1,-1,1,-1,-1,1,1,1,-1,1,-1,-1,-1,1,1,-1,-1,1,-1,-1,1,1,-1,1,1,-1,-1,1,1,-1,-1,1,-1,-1,1,1,-1,1,1,-1,-1,-1,1,1,-1,1,-1,-1,1,1,-1,1,1,-1,-1,1,1,-1,-1,-1,-1,-1,-1,1,-1,-1,-1,-1,-1,1,-1,1,-1,-1,-1,-1,1,1,-1,-1,1,-1,1,-1,-1,-1,-1,-1,1,-1,1,1,-1,-1,-1,1,-1,-1,1,-1,-1,1,-1,1,-1,1,-1,-1,-1,-1,1,-1,-1,-1,1,-1,1,1,-1,-1,-1,1,-1,1,1,1,1,-1,-1,-1,1,1,-1,-1,-1,1,-1,1,1,1,-1,-1,1,-1,1,1,-1,-1,-1,1,1,1,1,-1,-1,-1,-1,1,-1,1,-1,-1,1,-1,-1,1,1,-1,1,1,-1,1,1,1,-1,1,1,1,-1,-1,1,-1,-1,1,1,-1,-1,-1,-1,-1,1,1,-1,-1,-1,-1,1,-1,1,-1,-1,-1,-1,1,-1,1,-1,-1,1,-1,1,-1,1,1,-1,1,-1,-1,1,1,-1,1,-1,-1,1,1,-1,-1,-1,-1,-1,1,-1,1,-1,-1,-1,1,1,-1,1,-1,-1,-1,1,1,-1,1,-1,-1,-1,-1,1,-1,1,1,1,1,-1,1,1,1,1,-1,-1,-1,1,-1,-1,1,1,1,-1,-1,1,-1,1,-1,-1,-1,-1,1,-1,1,1,1,-1,1,1,-1,1,-1,-1,-1,-1,1,-1,-1,1,1,-1,-1,1,-1,1,1,-1,1,-1,1,-1,-1,1,1,-1,-1,-1,-1,1,1,-1,1,-1,1,-1,1,1,1,-1,-1,-1,1,1,1,1,-1,-1,-1,-1,1,-1,-1,-1,-1,-1,-1,1,1,1,-1,1,-1,-1,1,-1,-1,1,-1,-1,-1,1,-1,1,-1,1,-1,-1,1,-1,1,-1,1,-1,-1,1,1,1,1,1,-1,-1,-1,1,1,-1,1,-1,-1,1,1,1,1,-1,1,1,-1,1,1,1,1,1,1,1,-1,-1,-1,1,-1,1,1,-1,1,-1,1,-1,1,-1,-1,-1,1,1,-1,1,1,-1,1,-1,1,-1,1,1,-1,1,-1,1,-1,-1,-1,-1,1,-1,1,-1,-1,-1,-1,1,-1,1,-1,1,1,1,1,-1,1,-1,1,1,-1,1,-1,1,-1,-1,1,-1,1,-1,-1,1,1,1,1,1,-1,1,1,1,1,-1,1,-1,-1,1,1,1,-1,-1,-1,1,1,1,1,-1,-1,-1,1,-1,1,-1,1,1,-1,-1,1,1,1,-1,1,-1,-1,1,1,1,1,1,1,-1,1,1,1,1,-1,1,-1,1,-1,1,-1,1,1,-1,1,1,1,1,1,1,-1,1,-1,1,1,1,1,-1,1,1,-1,1,1,1,-1,1,1,1,1,1,1,-1,1,1,-1,-1,1,-1,-1,1,1,1,-1,1,-1,-1,1,-1,-1,1,1,-1,-1,1,-1,1,-1,1,1,-1,1,-1,1,-1,1,-1,-1,1,-1,1,-1,1,1,-1,1,-1,1,-1,1,1,-1,1,-1,1,-1,1,1,-1,1,1,1,1,1,-1,1,1,-1,1,1,1,1,-1,1,-1,1,-1,1,1,-1,1,1,-1,1,1,1,-1,1,1,-1,1,1,1,1,1,-1,-1,1,1,1,1,1,-1,1,-1,1,1,1,1,1,-1,1,1,1,1,1,1,-1,1,1,1,1,1,1,1,1,1,1,1,1,1,-1,1,1,1,1,1,-1,1,1,1,1,1,1,1,-1,1,-1,1,1,1,-1,1,1,1,1,1,1,-1,-1,1,-1,1,1,1,-1,1,1,-1,-1,1,-1,-1,1,1,1,-1,1,1,-1,1,1,1,-1,1,-1,1,1,1,-1,1,1,-1,-1,1,1,-1,-1,1,1,-1,1,1,-1,1,1,-1,-1,1,1,-1,-1,1,1,-1,1,1,-1,1,1,1,-1,1,1,-1,-1,-1,1,-1,-1,1,-1,-1,1,1,1,1,-1,-1,-1,1,1,-1,-1,1,-1,-1,-1,1,-1,1,-1,-1,-1,-1,1,1,1,1,1,-1,-1,1,1,-1,-1,-1,-1,-1,1,1,-1,1,-1,-1,1,1,-1,1,-1,-1,-1,1,1,1,-1,1,-1,1,-1,1,-1,-1,1,1,-1,1,1,1,-1,-1,1,-1,-1,1,1,-1,1,1,-1,1,-1,1,-1,-1,1,-1,1,-1,1,-1,-1,1,-1,1,-1,1,1,-1,1,-1,-1,1,-1,1,-1,1,-1,1,1,-1,1,-1,1,1,1,-1,1,-1,1,-1,1,1,-1,1,-1,-1,-1,-1,1,-1,1,-1,1,-1,1,1,1,1,-1,-1,1,1,1,-1,1,1,1,1,-1,1,-1,1,-1,1,1,1,1,-1,1,-1,1,1,1,1,1,1,1,1,1,1,1,1,1,-1,1,-1,-1,1,-1,1,-1,-1,1,1,1,1,1,1,-1,1,-1,1,-1,1,-1,1,1,-1,1,1,-1,1,1,-2646.0,1,2000,445,500,True
2771,-1,-1,1,1,1,1,-1,1,-1,-1,-1,1,-1,1,-1,-1,1,-1,1,1,-1,-1,-1,-1,-1,1,-1,-1,-1,-1,-1,-1,1,1,-1,-1,1,-1,-1,-1,1,-1,-1,-1,-1,-1,-1,-1,1,1,-1,-1,1,-1,1,-1,-1,1,-1,-1,-1,1,1,1,-1,-1,-1,-1,-1,-1,-1,1,-1,-1,-1,-1,-1,-1,1,-1,-1,1,1,-1,1,-1,-1,-1,-1,1,1,-1,-1,-1,-1,-1,-1,-1,1,1,-1,-1,-1,-1,-1,1,-1,-1,-1,-1,-1,1,1,-1,-1,-1,-1,-1,1,1,1,-1,-1,-1,-1,1,1,-1,1,-1,-1,-1,-1,1,-1,1,-1,-1,-1,-1,1,-1,1,-1,-1,-1,1,1,1,-1,-1,-1,-1,-1,-1,1,1,1,-1,-1,-1,1,1,1,-1,-1,1,-1,-1,1,-1,-1,-1,-1,-1,1,-1,1,-1,-1,-1,1,-1,1,-1,-1,-1,-1,-1,1,1,1,-1,1,1,-1,1,-1,1,-1,-1,1,-1,-1,1,1,-1,-1,-1,-1,-1,1,1,-1,1,1,-1,-1,-1,1,-1,-1,-1,-1,-1,-1,1,1,-1,-1,1,-1,1,1,1,-1,-1,-1,-1,-1,-1,1,-1,1,-1,-1,-1,-1,1,-1,1,-1,-1,1,1,1,-1,1,-1,-1,-1,-1,-1,1,-1,-1,-1,1,1,1,1,-1,-1,-1,1,1,1,1,-1,-1,-1,1,1,1,1,-1,-1,-1,-1,1,1,1,1,-1,-1,-1,1,1,-1,1,-1,-1,1,1,1,1,1,-1,1,-1,1,-1,1,1,-1,-1,1,1,1,1,1,-1,1,-1,1,1,1,1,-1,1,1,1,1,1,-1,1,1,1,1,1,1,-1,-1,-1,1,1,1,-1,-1,1,1,1,-1,1,1,1,-1,1,1,1,1,1,-1,1,-1,1,1,1,1,-1,1,1,1,1,1,1,-1,1,1,1,-1,1,1,-1,1,1,1,-1,-1,1,-1,1,-1,1,-1,1,1,1,-1,-1,1,1,-1,1,-1,1,1,-1,-1,-1,-1,-1,1,1,1,-1,1,1,-1,1,1,-1,-1,1,1,1,1,1,-1,-1,1,1,-1,1,1,-1,-1,-1,1,1,1,-1,-1,-1,1,-1,1,1,1,1,-1,-1,-1,1,-1,1,-1,1,-1,1,1,-1,1,-1,1,1,-1,1,-1,-1,1,-1,1,-1,1,-1,-1,-1,-1,1,-1,-1,1,-1,1,-1,1,-1,1,1,1,1,-1,1,-1,1,-1,-1,1,-1,1,-1,1,-1,1,1,1,1,-1,1,-1,1,-1,1,-1,1,1,-1,1,-1,1,-1,-1,1,-1,1,-1,1,-1,1,-1,1,-1,1,1,-1,-1,1,-1,1,1,1,1,-1,1,-1,-1,-1,1,1,-1,1,-1,1,-1,1,-1,-1,1,-1,-1,1,1,1,-1,-1,1,-1,-1,1,1,-1,-1,1,-1,-1,1,1,1,-1,1,-1,1,-1,-1,1,1,-1,-1,-1,1,-1,1,1,1,1,-1,1,1,-1,1,1,-1,1,1,-1,1,-1,1,1,-1,1,-1,-1,1,1,1,-1,1,1,-1,1,1,1,-1,1,1,1,1,1,1,-1,1,1,-1,-1,1,-1,-1,1,1,-1,-1,1,1,-1,1,1,1,1,-1,1,-1,-1,1,-1,-1,-1,1,-1,1,1,-1,1,-1,1,-1,-1,1,-1,1,-1,-1,-1,1,-1,-1,-1,-1,-1,-1,1,1,-1,-1,1,1,-1,1,-1,1,-1,-1,-1,1,1,-1,1,-1,1,1,1,-1,-1,-1,1,1,-1,1,1,-1,1,1,-1,1,1,-1,-1,-1,1,-1,1,-1,1,-1,-1,1,1,1,1,-1,1,-1,1,1,1,-1,-1,-1,-1,1,1,1,1,-1,1,-1,1,-1,1,-1,-1,1,-1,1,-1,1,-1,-1,-1,1,-1,1,1,-1,-1,-1,1,1,1,1,1,-1,-1,1,-1,-1,1,-1,1,-1,1,1,-1,1,1,1,-1,1,1,-1,1,1,-1,-1,1,-1,1,1,1,-1,-1,-1,-1,-1,1,-1,1,-1,1,-1,-1,1,1,-1,-1,1,-1,-1,1,1,-1,-1,-1,1,-1,1,1,-1,1,-1,1,-1,1,1,1,-1,1,1,-1,1,1,-1,-1,1,-1,-1,1,1,-1,-1,1,-1,1,1,1,-1,-1,-1,-1,-1,1,1,-1,-1,1,1,-1,1,1,1,1,-1,-1,-1,1,1,1,-1,1,-1,1,1,1,1,-1,1,-1,1,1,1,1,-1,-1,1,1,1,1,1,1,-1,-1,1,-1,1,1,-1,-1,1,1,1,1,1,-1,-1,1,1,1,1,-1,1,-1,1,1,-1,1,-1,-1,1,1,1,1,1,1,-1,-1,1,-1,1,1,-1,1,-1,1,1,1,1,-1,-1,-1,1,1,1,1,1,1,-1,1,1,1,1,1,-1,-1,1,1,-1,1,1,-1,-1,1,1,-1,1,-1,-1,-1,1,-1,1,1,1,-1,-1,-1,1,-1,1,1,-1,-1,1,1,-1,1,1,-1,1,1,1,-1,1,1,-1,1,-1,-1,1,1,1,-1,1,-1,1,1,1,1,1,-1,1,1,1,1,1,1,1,-1,1,1,-1,1,1,-1,-1,1,-1,1,-1,1,1,-1,1,-1,1,1,-1,1,-1,1,-1,1,1,1,-1,-1,-1,1,1,-1,1,1,-1,-1,-1,1,-1,1,1,-1,1,-1,1,1,1,-1,-1,-1,1,1,1,1,-1,1,1,1,1,1,1,1,-1,1,1,1,1,1,1,-1,-1,-1,1,1,1,1,1,1,-1,-1,1,1,-1,-1,-1,1,1,1,1,-1,1,1,1,-1,1,1,-1,1,1,1,1,1,1,-1,1,1,1,1,1,1,-1,1,1,1,1,1,1,-1,1,1,1,1,1,1,-1,1,1,1,1,1,1,-1,-1,1,1,1,1,1,1,-1,1,1,-1,1,1,-1,-1,1,-2646.0,1,2000,445,500,True
2772,1,1,-1,-1,1,1,-1,-1,1,1,1,-1,-1,-1,1,1,-1,1,-1,-1,-1,-1,1,1,1,1,-1,-1,1,1,1,1,-1,-1,-1,-1,1,-1,1,1,-1,-1,-1,1,1,1,1,1,-1,1,1,1,-1,1,-1,1,1,-1,1,1,1,-1,-1,-1,1,1,1,1,1,-1,-1,1,1,1,1,1,1,-1,1,1,1,1,1,-1,1,1,1,1,1,1,1,1,1,1,1,1,-1,1,1,-1,1,1,1,1,-1,1,1,1,1,1,1,1,1,1,1,1,1,1,1,1,1,1,1,1,1,1,1,1,-1,1,1,1,-1,1,1,-1,1,1,1,-1,1,1,-1,1,1,1,1,1,1,1,1,1,1,1,-1,1,1,-1,1,1,-1,1,1,1,-1,-1,1,-1,-1,1,-1,-1,1,1,-1,1,1,1,1,1,-1,1,-1,1,1,-1,1,-1,-1,1,1,-1,-1,1,-1,-1,-1,1,-1,-1,1,-1,-1,-1,1,-1,1,1,1,-1,-1,1,-1,-1,1,-1,-1,-1,1,-1,-1,1,1,-1,-1,-1,1,-1,-1,1,-1,-1,1,1,-1,1,1,-1,-1,1,1,-1,1,-1,-1,-1,-1,1,-1,-1,1,-1,-1,1,1,1,1,-1,-1,-1,-1,1,-1,1,-1,-1,-1,1,-1,-1,1,-1,-1,-1,-1,-1,-1,1,1,-1,-1,-1,-1,-1,1,1,-1,-1,-1,1,-1,1,1,-1,1,-1,-1,-1,1,-1,-1,1,-1,-1,-1,1,1,-1,1,-1,1,-1,1,1,-1,1,-1,-1,-1,1,1,-1,1,1,-1,-1,1,1,-1,1,-1,-1,-1,1,1,-1,1,-1,-1,-1,1,-1,1,1,-1,-1,1,1,1,-1,1,-1,1,1,1,-1,1,1,-1,1,1,1,1,-1,1,-1,-1,1,1,1,-1,-1,-1,-1,1,1,1,-1,-1,-1,1,-1,1,-1,-1,-1,-1,1,1,1,1,-1,1,-1,1,-1,1,1,1,1,-1,-1,1,-1,1,-1,-1,-1,1,1,1,1,-1,-1,-1,1,-1,1,-1,-1,-1,1,1,-1,1,1,1,-1,1,1,-1,1,-1,-1,-1,-1,1,-1,1,1,1,1,-1,1,-1,1,1,1,-1,-1,1,-1,1,1,1,1,-1,-1,1,-1,1,-1,-1,-1,-1,1,-1,1,1,1,-1,-1,1,-1,1,-1,-1,-1,-1,-1,-1,-1,1,1,-1,-1,1,-1,1,1,-1,1,-1,1,-1,-1,1,1,-1,-1,-1,-1,1,1,-1,-1,-1,1,-1,1,1,1,-1,-1,1,-1,1,1,1,-1,-1,-1,-1,1,-1,-1,-1,-1,-1,-1,1,-1,1,-1,-1,1,-1,1,-1,-1,1,-1,-1,-1,1,-1,1,-1,1,-1,-1,-1,1,1,-1,-1,-1,-1,1,-1,1,1,1,-1,-1,-1,1,1,-1,1,-1,1,-1,1,1,1,-1,1,1,-1,1,1,1,1,1,1,1,-1,-1,-1,1,-1,1,1,-1,1,-1,1,-1,1,-1,-1,-1,1,1,-1,1,1,-1,-1,-1,1,-1,1,1,-1,1,-1,1,-1,-1,-1,-1,-1,-1,1,-1,-1,-1,-1,-1,-1,1,1,1,1,1,1,-1,1,-1,1,1,-1,-1,-1,1,-1,-1,1,-1,1,-1,-1,1,1,1,1,-1,-1,1,1,1,1,-1,1,-1,-1,1,1,1,-1,-1,-1,1,1,1,1,-1,-1,-1,1,-1,1,-1,1,1,-1,1,1,1,1,-1,-1,-1,1,1,1,1,1,-1,-1,-1,1,1,1,1,-1,-1,-1,1,-1,1,-1,-1,-1,1,1,1,1,1,-1,1,-1,1,-1,1,1,-1,-1,-1,1,1,-1,1,-1,-1,-1,1,1,1,1,-1,-1,1,-1,1,-1,1,-1,1,1,1,1,1,1,-1,-1,1,1,-1,1,1,-1,1,-1,1,-1,1,-1,-1,-1,1,1,-1,1,-1,-1,1,-1,1,-1,1,1,-1,1,-1,1,-1,1,1,1,-1,1,1,-1,1,-1,1,-1,1,1,1,1,1,-1,1,-1,1,-1,1,1,-1,-1,1,1,-1,1,1,-1,-1,1,1,1,-1,1,-1,-1,1,1,1,-1,1,-1,-1,1,1,-1,-1,1,-1,-1,1,1,-1,1,-1,-1,1,1,1,1,-1,1,-1,1,1,1,1,-1,1,1,1,1,1,1,-1,1,-1,-1,1,1,1,-1,1,-1,1,1,1,-1,1,1,-1,1,1,1,-1,1,-1,1,-1,1,1,1,1,1,-1,-1,1,1,-1,-1,1,1,-1,1,1,-1,1,1,-1,-1,-1,-1,-1,1,1,-1,-1,1,1,-1,1,1,1,-1,1,-1,-1,1,1,-1,1,1,-1,1,1,1,-1,-1,-1,-1,-1,1,1,-1,1,-1,-1,-1,1,1,-1,-1,1,-1,-1,1,1,-1,-1,-1,-1,-1,1,1,1,-1,-1,-1,-1,-1,1,-1,-1,1,-1,-1,1,-1,1,-1,-1,-1,-1,-1,1,1,-1,-1,1,-1,1,1,1,-1,1,-1,-1,1,1,1,-1,-1,-1,-1,-1,1,-1,-1,-1,-1,1,-1,1,-1,-1,-1,-1,-1,1,1,1,-1,1,-1,1,-1,1,-1,1,-1,-1,-1,-1,1,1,-1,1,-1,-1,-1,1,1,-1,1,-1,1,-1,1,1,-1,1,-1,1,-1,-1,1,-1,1,1,-1,-1,-1,1,-1,1,1,-1,1,-1,1,-1,-1,1,1,-1,-1,1,-1,1,1,1,1,-1,1,1,1,1,-1,-1,1,-1,1,1,1,1,-1,-1,-1,-1,1,1,1,-1,1,-1,1,1,1,1,-1,-1,1,1,1,1,-1,1,-1,1,-1,1,1,1,-1,1,1,1,1,1,1,-1,1,1,1,1,1,1,1,1,1,1,1,1,1,-1,1,-1,-1,1,1,1,-1,1,1,1,1,1,1,1,1,1,-1,1,1,-1,1,1,1,-1,1,1,1,-1,1,-2646.0,1,2000,445,500,True
2773,-1,-1,1,1,1,1,-1,1,-1,-1,-1,1,-1,1,-1,-1,1,-1,1,-1,-1,1,-1,-1,-1,1,-1,-1,-1,-1,-1,-1,1,-1,-1,1,1,-1,-1,1,-1,-1,1,-1,-1,-1,1,1,-1,-1,1,-1,-1,1,-1,-1,-1,1,-1,-1,1,1,-1,1,-1,-1,-1,1,1,-1,1,-1,-1,-1,1,1,-1,1,-1,-1,-1,1,1,-1,-1,-1,-1,1,1,1,1,-1,-1,-1,1,1,-1,-1,-1,1,-1,1,1,1,-1,-1,-1,-1,1,1,1,-1,-1,1,-1,1,1,1,1,-1,-1,-1,-1,1,1,-1,-1,-1,-1,1,1,1,-1,-1,-1,1,1,1,1,-1,-1,-1,1,-1,1,1,1,-1,-1,-1,-1,1,1,-1,1,-1,-1,1,1,1,-1,-1,-1,-1,1,-1,1,-1,1,-1,1,-1,1,1,-1,-1,-1,-1,1,1,-1,1,1,-1,1,-1,1,-1,-1,-1,-1,1,-1,1,-1,-1,1,-1,1,-1,1,-1,-1,1,-1,1,1,1,1,-1,1,-1,1,-1,1,-1,-1,1,1,1,-1,1,1,-1,1,1,-1,1,-1,1,-1,1,-1,1,-1,1,1,-1,1,1,1,-1,1,-1,-1,1,1,1,-1,-1,1,-1,1,1,-1,-1,1,-1,-1,1,1,1,-1,1,1,-1,1,-1,-1,-1,1,-1,1,1,1,-1,-1,1,-1,1,1,-1,1,-1,-1,1,-1,1,1,1,-1,1,1,-1,1,1,1,-1,1,1,1,1,-1,-1,-1,1,1,-1,1,1,1,-1,-1,1,1,1,-1,-1,-1,1,-1,1,1,1,-1,-1,1,-1,1,1,-1,1,-1,1,-1,1,1,-1,-1,-1,1,1,-1,1,-1,-1,1,-1,-1,1,1,-1,-1,1,1,1,-1,1,-1,1,1,1,-1,1,1,-1,-1,1,1,-1,1,-1,-1,-1,1,1,-1,1,-1,-1,-1,1,1,1,1,-1,-1,1,1,1,-1,1,1,-1,-1,1,1,-1,-1,1,-1,-1,-1,1,-1,1,-1,1,-1,-1,-1,-1,1,1,-1,-1,1,1,-1,1,1,-1,-1,1,1,-1,1,1,-1,1,1,-1,1,1,-1,-1,-1,-1,1,1,1,1,-1,-1,1,-1,-1,1,1,-1,-1,1,-1,1,-1,-1,-1,-1,1,-1,-1,1,1,-1,1,1,-1,1,-1,1,-1,-1,1,-1,-1,-1,1,1,-1,1,-1,-1,1,1,-1,-1,1,-1,1,-1,-1,1,-1,1,-1,-1,1,1,-1,-1,1,-1,-1,-1,-1,-1,1,1,-1,-1,1,1,-1,1,-1,1,-1,1,1,-1,1,-1,-1,-1,-1,-1,-1,1,-1,1,-1,1,1,-1,1,-1,-1,1,-1,-1,1,-1,1,-1,-1,-1,1,-1,1,1,-1,-1,-1,1,-1,1,-1,-1,-1,-1,1,1,1,1,-1,-1,-1,1,-1,1,1,-1,-1,-1,1,1,-1,1,1,-1,1,1,1,1,-1,1,1,-1,1,1,-1,1,-1,-1,-1,-1,1,-1,-1,1,-1,-1,1,-1,-1,-1,1,1,-1,1,1,-1,-1,1,-1,-1,-1,1,-1,-1,-1,-1,-1,1,1,-1,-1,-1,-1,-1,1,1,-1,-1,1,1,1,-1,1,-1,-1,-1,1,-1,1,1,-1,-1,-1,-1,-1,-1,1,1,-1,1,-1,1,1,1,-1,1,1,1,-1,1,1,1,-1,1,-1,-1,1,1,-1,1,1,1,-1,1,1,-1,-1,1,1,1,-1,1,-1,1,1,1,-1,1,1,-1,1,1,1,1,1,1,1,1,1,1,1,1,1,-1,1,1,1,-1,1,1,1,1,1,1,1,1,1,-1,1,1,1,1,1,1,1,-1,1,-1,1,1,1,1,1,1,1,1,1,1,-1,1,1,1,-1,1,-1,-1,1,1,1,-1,1,1,-1,1,1,1,1,1,-1,-1,1,1,1,-1,1,1,-1,1,1,-1,-1,1,-1,1,-1,1,1,1,1,1,-1,1,1,1,-1,1,1,-1,1,1,1,-1,1,1,-1,1,1,1,-1,1,-1,1,1,-1,-1,-1,1,1,-1,1,-1,-1,-1,1,1,-1,1,1,1,-1,1,1,-1,1,1,1,-1,1,1,-1,1,-1,1,-1,1,-1,1,1,1,-1,-1,1,-1,1,1,-1,-1,1,1,1,1,1,-1,-1,-1,1,-1,1,1,-1,1,-1,1,-1,1,1,-1,-1,-1,1,-1,1,1,-1,1,1,-1,1,1,1,1,-1,1,1,-1,1,1,-1,1,1,1,-1,1,1,-1,-1,1,-1,-1,1,1,-1,1,1,-1,-1,-1,-1,-1,1,1,1,-1,1,1,-1,1,1,1,-1,1,-1,1,1,1,-1,1,1,-1,-1,1,1,-1,-1,-1,1,-1,1,1,-1,1,-1,-1,-1,1,1,-1,-1,-1,1,-1,1,1,-1,-1,-1,-1,-1,1,1,-1,-1,-1,1,-1,1,1,-1,-1,1,-1,-1,1,-1,1,-1,-1,-1,1,1,1,-1,-1,-1,1,-1,1,1,-1,-1,1,-1,1,1,1,1,-1,-1,-1,1,-1,1,-1,-1,-1,-1,1,-1,1,-1,-1,-1,-1,1,1,1,-1,-1,1,1,-1,1,1,-1,1,-1,1,1,1,1,1,-1,1,1,1,1,1,1,-1,1,-1,1,-1,1,1,-1,1,1,-1,1,1,1,-1,1,-1,1,1,1,1,1,1,-1,1,-1,1,1,-1,-1,1,-1,-1,1,1,-1,1,1,-1,-1,1,1,1,1,-1,1,1,1,1,1,1,-1,1,1,1,1,-1,1,-1,-1,1,1,1,-1,1,1,-1,-1,1,1,1,1,-1,-1,1,1,1,1,1,-1,-1,-1,1,1,1,1,-1,-1,1,1,1,1,1,1,-1,1,1,1,1,1,1,-1,1,1,1,1,1,-1,-1,1,-1,1,1,1,1,-1,-1,1,1,1,1,-1,1,-1,1,1,-1,1,1,-1,-1,1,-2646.0,1,2000,445,500,True
2774,-1,-1,1,1,-1,1,-1,1,-1,-1,-1,1,-1,1,-1,-1,1,-1,1,-1,-1,1,-1,-1,-1,1,-1,-1,-1,-1,-1,-1,-1,-1,-1,1,1,-1,-1,1,-1,-1,1,-1,-1,-1,1,-1,1,-1,-1,-1,1,-1,1,-1,-1,1,-1,-1,1,1,-1,1,-1,-1,-1,1,1,-1,1,-1,-1,-1,-1,1,-1,1,-1,-1,-1,1,1,-1,-1,-1,-1,-1,1,-1,-1,-1,-1,-1,-1,1,-1,1,-1,1,-1,-1,1,1,-1,-1,-1,-1,-1,1,-1,1,-1,-1,-1,-1,1,-1,1,-1,-1,1,-1,-1,1,-1,-1,-1,1,-1,1,1,-1,-1,-1,1,-1,1,1,-1,-1,-1,1,-1,-1,1,-1,-1,-1,-1,-1,-1,1,-1,1,-1,1,1,-1,1,-1,-1,-1,-1,-1,-1,1,-1,1,-1,-1,-1,1,1,-1,-1,-1,1,-1,1,-1,1,1,-1,-1,-1,1,-1,-1,-1,-1,1,-1,1,1,-1,1,-1,1,-1,-1,1,-1,1,-1,1,-1,1,1,-1,1,-1,1,-1,1,1,-1,1,-1,1,-1,-1,1,1,1,1,-1,1,-1,1,-1,1,-1,-1,1,-1,1,1,1,-1,-1,1,-1,-1,1,1,1,-1,1,-1,-1,1,1,-1,1,1,-1,-1,1,1,-1,-1,1,-1,1,1,1,1,1,1,-1,1,1,1,1,-1,1,1,-1,1,1,1,1,1,1,-1,1,1,1,1,1,1,-1,1,1,-1,-1,1,-1,1,1,1,1,1,1,1,-1,1,1,1,1,-1,1,-1,1,1,1,1,-1,1,-1,1,1,-1,1,1,1,-1,1,1,1,1,1,1,-1,1,1,1,1,1,1,-1,1,1,1,1,1,-1,-1,-1,1,1,-1,1,-1,1,1,1,1,-1,1,1,-1,-1,1,-1,1,1,1,-1,-1,1,1,-1,1,1,-1,-1,1,1,-1,1,1,-1,-1,1,1,1,-1,1,-1,1,-1,1,-1,1,1,-1,-1,-1,1,1,-1,1,-1,1,1,1,-1,-1,-1,-1,1,-1,1,-1,1,1,-1,1,1,-1,1,-1,1,-1,1,1,-1,-1,1,-1,1,-1,1,1,1,-1,1,1,1,-1,1,-1,1,-1,-1,1,1,1,-1,-1,-1,1,1,1,1,-1,1,-1,-1,1,1,1,1,-1,-1,-1,1,-1,1,-1,1,-1,-1,1,-1,-1,1,1,-1,-1,1,-1,1,1,-1,-1,1,-1,-1,1,1,-1,-1,-1,-1,-1,1,-1,-1,-1,-1,-1,1,1,-1,1,-1,1,-1,1,1,-1,-1,1,-1,1,1,1,-1,-1,-1,-1,-1,1,1,-1,-1,1,-1,-1,-1,1,1,-1,-1,1,-1,1,-1,1,-1,-1,-1,1,-1,-1,1,-1,-1,-1,1,1,-1,1,-1,-1,-1,-1,-1,1,1,-1,-1,-1,-1,-1,1,1,-1,1,-1,-1,-1,-1,1,1,1,-1,-1,-1,1,-1,1,1,1,1,1,1,-1,-1,1,1,1,-1,1,-1,1,-1,1,1,1,-1,-1,-1,-1,-1,1,1,1,-1,-1,-1,1,1,-1,1,-1,-1,-1,1,1,1,1,-1,-1,1,1,1,1,1,-1,-1,-1,-1,1,-1,1,-1,1,-1,-1,1,1,1,-1,-1,1,1,-1,-1,1,1,-1,-1,-1,-1,1,1,1,-1,-1,-1,1,1,1,1,-1,-1,1,-1,1,1,-1,-1,-1,-1,-1,1,1,-1,1,-1,-1,1,1,1,1,-1,-1,-1,-1,1,1,-1,1,-1,-1,1,1,1,1,-1,1,-1,-1,1,1,1,-1,1,-1,1,1,1,1,-1,1,-1,-1,1,-1,1,-1,1,-1,1,1,1,1,1,-1,1,-1,1,1,1,-1,-1,-1,1,1,1,-1,1,-1,1,-1,1,-1,-1,1,-1,1,-1,1,1,-1,-1,1,-1,1,1,-1,1,-1,1,-1,1,1,1,-1,1,-1,1,-1,1,-1,1,-1,1,-1,-1,1,1,1,-1,1,-1,1,1,-1,1,-1,1,1,-1,1,1,-1,1,1,1,1,1,-1,1,-1,-1,1,1,1,1,-1,-1,1,-1,1,1,1,-1,1,1,1,1,1,1,-1,1,-1,1,1,1,1,1,-1,1,-1,1,1,1,-1,-1,-1,1,-1,1,1,-1,-1,1,-1,1,1,1,-1,-1,-1,1,1,1,1,-1,-1,1,1,1,1,1,1,1,-1,-1,1,1,1,1,-1,1,1,1,1,1,-1,-1,1,-1,1,1,1,1,-1,-1,1,1,1,1,1,1,-1,-1,1,-1,1,1,-1,-1,1,1,1,1,1,-1,-1,1,1,-1,1,-1,1,-1,1,1,-1,1,-1,-1,1,1,1,1,1,1,-1,-1,1,1,-1,-1,-1,1,-1,1,1,-1,1,-1,-1,-1,1,1,-1,-1,1,1,-1,1,1,-1,1,1,-1,-1,1,1,-1,-1,-1,1,-1,1,1,1,-1,1,-1,-1,1,-1,-1,-1,-1,1,1,1,1,1,-1,-1,1,-1,1,1,-1,-1,-1,1,1,1,1,-1,-1,-1,1,1,-1,1,-1,-1,1,-1,1,-1,1,-1,-1,1,1,1,-1,1,1,-1,1,1,-1,1,1,1,-1,1,1,1,1,1,1,-1,1,1,1,1,1,1,-1,-1,1,1,-1,1,1,-1,-1,1,-1,1,1,1,-1,1,-1,1,1,1,-1,1,-1,-1,1,-1,1,1,1,-1,1,-1,-1,1,1,1,-1,-1,-1,-1,1,1,1,1,-1,1,1,-1,1,1,-1,1,1,-1,1,1,1,-1,-1,-1,1,-1,1,1,-1,1,-1,1,1,-1,1,-1,-1,-1,1,-1,1,1,-1,-1,1,-1,1,1,1,1,-1,1,-1,-1,1,1,-1,-1,1,1,-1,1,1,1,-1,1,-1,1,1,1,1,-1,1,-1,1,1,1,1,-1,1,1,1,1,-1,1,-1,-1,1,1,1,-1,1,-1,1,-1,1,-2646.0,1,2000,445,1000,True
2775,1,1,-1,-1,1,1,-1,1,1,1,1,-1,-1,1,1,1,-1,1,-1,-1,-1,1,1,1,1,1,-1,-1,1,1,1,1,-1,-1,-1,1,-1,1,1,1,-1,-1,1,1,1,1,1,1,-1,-1,1,1,-1,1,-1,1,1,-1,1,1,1,-1,-1,1,1,1,1,1,1,-1,1,-1,1,1,1,1,1,1,-1,1,1,1,1,-1,-1,1,1,1,1,-1,1,1,-1,1,1,1,1,-1,-1,-1,1,1,1,1,-1,-1,-1,1,1,1,1,-1,-1,-1,1,1,1,1,1,-1,-1,1,1,1,1,-1,-1,-1,1,1,1,1,-1,-1,-1,-1,1,1,1,-1,-1,-1,-1,1,1,1,1,-1,-1,-1,1,1,1,-1,1,-1,-1,-1,1,1,-1,-1,-1,-1,1,-1,1,-1,1,-1,-1,-1,1,1,-1,-1,-1,1,1,1,-1,1,1,-1,-1,-1,1,-1,-1,-1,-1,-1,-1,1,-1,-1,1,-1,-1,-1,1,-1,-1,1,-1,-1,1,1,1,-1,1,-1,1,1,-1,-1,-1,1,-1,1,-1,1,1,-1,1,1,-1,-1,-1,1,-1,1,-1,-1,1,-1,1,-1,1,-1,-1,-1,1,-1,-1,1,1,-1,1,-1,1,-1,1,-1,-1,-1,1,-1,-1,1,-1,1,-1,1,1,1,1,1,-1,-1,1,-1,1,1,1,1,1,1,-1,1,1,1,1,-1,-1,1,-1,1,1,1,1,1,1,-1,1,-1,-1,1,-1,1,1,1,1,1,1,1,1,1,1,1,1,-1,1,1,1,1,1,1,1,-1,1,1,1,-1,1,1,1,-1,1,1,1,1,1,1,-1,1,1,1,1,1,1,-1,1,1,1,1,1,-1,1,-1,1,1,-1,1,1,1,1,1,1,-1,1,1,-1,-1,1,-1,1,1,1,-1,-1,1,1,-1,1,1,-1,-1,1,1,-1,1,1,-1,-1,1,1,1,-1,1,-1,1,-1,1,-1,1,1,-1,-1,-1,1,1,-1,1,-1,1,1,1,-1,-1,-1,-1,1,-1,1,-1,1,1,-1,1,1,-1,1,-1,1,-1,1,1,-1,-1,1,-1,1,-1,1,1,1,-1,1,1,1,-1,1,-1,1,-1,-1,1,1,1,-1,-1,-1,1,1,1,1,-1,1,-1,-1,1,1,1,1,-1,-1,-1,1,-1,1,-1,1,-1,-1,-1,1,1,1,1,-1,-1,1,-1,1,1,-1,-1,1,-1,1,-1,1,-1,-1,-1,1,-1,1,-1,-1,-1,-1,-1,1,1,-1,1,-1,-1,1,1,1,-1,-1,1,-1,1,-1,1,-1,-1,-1,-1,-1,1,1,-1,-1,1,-1,1,-1,1,1,-1,-1,1,-1,1,-1,1,-1,-1,-1,-1,-1,-1,1,-1,-1,-1,1,1,-1,1,-1,-1,-1,-1,-1,1,1,-1,-1,-1,-1,-1,1,1,-1,1,-1,-1,-1,-1,1,1,1,-1,-1,-1,1,-1,1,-1,1,1,1,1,-1,-1,1,-1,1,-1,1,-1,1,-1,1,1,1,-1,-1,-1,-1,-1,1,1,1,-1,-1,-1,1,1,-1,1,-1,-1,-1,1,1,-1,1,-1,-1,1,1,1,-1,1,-1,-1,-1,-1,1,1,1,-1,1,-1,-1,1,-1,1,-1,-1,1,-1,1,-1,1,1,-1,-1,-1,-1,-1,1,1,-1,-1,-1,1,-1,1,1,-1,-1,-1,-1,1,1,-1,-1,-1,-1,-1,1,1,-1,1,-1,1,1,1,1,1,-1,-1,-1,-1,-1,1,-1,1,-1,-1,1,-1,1,1,-1,1,-1,-1,1,1,1,-1,1,-1,1,-1,1,1,-1,-1,-1,-1,-1,1,1,-1,1,-1,1,-1,1,1,-1,-1,1,-1,-1,1,1,-1,-1,-1,1,-1,1,1,-1,-1,1,-1,-1,1,-1,1,-1,1,-1,-1,1,-1,-1,1,-1,1,-1,1,1,-1,1,-1,1,-1,1,-1,1,-1,1,-1,-1,1,1,-1,1,-1,-1,-1,1,1,-1,1,-1,1,-1,-1,1,-1,1,1,-1,-1,-1,1,1,1,1,1,-1,1,-1,-1,-1,1,1,-1,-1,-1,-1,1,-1,1,-1,-1,1,1,-1,1,1,-1,-1,1,1,-1,1,1,-1,-1,1,-1,1,-1,1,-1,-1,1,-1,-1,1,-1,-1,1,1,-1,1,-1,1,-1,1,1,-1,-1,1,1,1,1,1,-1,1,1,1,-1,-1,-1,1,-1,-1,1,-1,1,1,-1,1,1,1,-1,1,1,-1,1,-1,1,1,-1,1,-1,-1,1,1,-1,-1,1,1,-1,-1,1,1,-1,1,1,-1,1,1,-1,-1,-1,1,-1,1,1,-1,-1,1,1,-1,1,1,1,-1,1,-1,1,1,1,-1,1,1,-1,-1,1,1,-1,-1,-1,1,-1,1,1,-1,1,-1,-1,-1,1,1,-1,-1,-1,1,-1,1,1,-1,-1,-1,-1,-1,1,1,1,-1,-1,1,-1,1,1,-1,-1,1,-1,-1,1,-1,1,-1,-1,-1,1,1,1,1,-1,1,-1,-1,1,1,1,-1,1,-1,1,1,1,1,-1,-1,-1,1,-1,1,-1,-1,-1,-1,1,-1,1,-1,-1,-1,-1,1,-1,1,-1,-1,1,1,-1,1,1,-1,1,-1,1,1,1,1,1,-1,1,-1,1,1,1,1,-1,1,1,1,-1,1,1,-1,1,1,-1,1,1,1,-1,1,-1,1,1,1,1,-1,1,-1,1,-1,1,1,-1,-1,1,-1,-1,1,1,-1,1,1,-1,-1,1,1,1,1,-1,1,1,1,-1,1,1,-1,1,1,1,1,-1,1,-1,-1,1,-1,1,-1,1,1,-1,-1,1,1,1,1,-1,-1,1,-1,1,1,-1,-1,1,-1,1,1,1,1,-1,1,-1,-1,1,1,1,-1,1,1,1,1,1,1,-1,1,-1,1,1,1,1,-1,1,-1,1,1,1,1,-1,1,1,1,1,1,1,1,-1,1,1,1,-1,1,-1,1,-1,1,-2646.0,1,2000,445,1000,True
2776,-1,-1,1,1,1,1,-1,1,-1,-1,-1,1,-1,1,-1,-1,1,-1,1,-1,-1,1,-1,-1,-1,1,-1,-1,1,-1,-1,-1,1,-1,-1,1,1,-1,-1,1,-1,-1,1,-1,-1,-1,1,1,-1,-1,-1,-1,1,1,-1,-1,-1,1,-1,-1,1,1,-1,1,-1,-1,-1,1,1,-1,1,-1,-1,-1,1,1,-1,1,-1,-1,-1,1,1,-1,-1,-1,-1,1,1,-1,1,-1,-1,-1,1,1,1,-1,-1,1,-1,1,1,1,1,-1,-1,-1,1,1,1,-1,-1,-1,-1,1,1,1,1,-1,-1,-1,-1,1,1,-1,-1,-1,-1,1,1,1,1,-1,-1,1,1,1,1,1,-1,-1,1,-1,1,1,1,-1,-1,-1,-1,1,1,1,1,-1,-1,1,1,1,1,1,-1,-1,1,-1,1,1,1,-1,1,-1,1,1,1,-1,-1,-1,1,1,1,-1,1,-1,1,-1,1,1,1,-1,-1,1,-1,1,1,1,1,-1,1,-1,1,-1,1,1,-1,1,1,1,1,1,1,-1,1,-1,1,-1,1,1,1,1,-1,1,1,1,1,1,-1,1,-1,1,1,1,-1,1,-1,1,1,1,1,1,1,-1,1,-1,1,1,1,1,-1,-1,1,1,1,1,-1,-1,1,-1,1,1,1,1,-1,1,1,-1,1,-1,-1,-1,1,1,-1,1,1,-1,-1,1,1,-1,1,-1,1,-1,1,1,1,1,1,1,-1,1,1,1,1,1,-1,-1,-1,1,-1,1,-1,-1,-1,1,1,-1,-1,1,1,-1,-1,1,1,1,-1,-1,-1,1,1,-1,-1,1,-1,-1,1,1,-1,1,-1,1,-1,1,1,1,-1,-1,-1,-1,1,-1,1,1,-1,-1,1,-1,-1,1,-1,-1,-1,1,-1,1,-1,-1,-1,1,1,1,-1,1,1,-1,-1,1,1,-1,1,-1,-1,-1,1,1,-1,1,-1,-1,-1,1,1,-1,1,-1,-1,1,1,1,-1,1,1,-1,-1,1,1,1,-1,1,-1,-1,1,1,-1,1,-1,-1,-1,-1,-1,-1,1,1,-1,-1,1,1,-1,1,-1,-1,1,1,1,1,1,-1,-1,1,1,1,-1,1,-1,-1,-1,-1,1,1,-1,1,-1,-1,1,-1,1,-1,-1,-1,1,1,-1,1,-1,1,-1,-1,1,-1,1,-1,-1,-1,1,1,-1,1,-1,1,-1,-1,1,-1,1,-1,-1,-1,-1,1,-1,-1,1,1,-1,-1,1,-1,1,1,-1,1,-1,1,-1,1,-1,1,-1,-1,1,-1,1,-1,-1,-1,1,1,-1,1,-1,1,-1,1,-1,1,1,1,1,-1,1,-1,-1,1,-1,-1,-1,1,-1,1,-1,1,1,-1,1,-1,-1,1,-1,-1,1,-1,1,-1,1,-1,1,-1,1,1,-1,-1,-1,1,-1,1,-1,-1,1,-1,1,1,1,1,-1,-1,1,1,-1,1,1,-1,-1,1,1,1,-1,1,1,-1,1,1,1,1,1,-1,1,-1,1,1,-1,1,-1,1,-1,-1,1,-1,-1,1,-1,-1,1,-1,-1,1,1,1,-1,1,1,-1,1,1,1,-1,-1,1,-1,-1,1,-1,-1,1,1,-1,-1,-1,-1,-1,1,1,-1,1,1,1,1,-1,1,-1,-1,1,1,-1,1,1,-1,-1,-1,1,-1,-1,1,1,-1,1,1,1,1,1,-1,1,1,1,-1,1,1,1,-1,1,1,-1,1,1,-1,1,1,1,-1,1,1,-1,-1,1,-1,1,1,1,-1,1,1,1,-1,1,1,-1,1,1,1,1,1,1,1,1,1,1,1,1,1,-1,1,1,1,-1,1,1,1,1,1,1,1,1,1,-1,1,1,1,1,1,1,1,-1,1,-1,1,1,1,1,1,1,1,1,1,1,-1,1,1,1,-1,1,-1,-1,1,1,1,-1,1,1,-1,1,1,1,1,1,-1,-1,1,1,1,-1,1,1,-1,1,1,-1,-1,1,-1,1,-1,1,1,-1,1,1,-1,1,1,1,-1,1,1,-1,1,-1,1,-1,1,1,-1,1,1,1,-1,1,1,1,1,-1,-1,-1,1,1,-1,1,-1,-1,-1,1,1,-1,1,1,-1,1,1,1,-1,1,-1,1,-1,1,1,-1,1,-1,1,-1,1,-1,1,1,1,-1,-1,1,-1,1,1,-1,-1,1,1,1,1,1,-1,-1,-1,1,-1,1,1,-1,1,-1,1,-1,1,1,-1,-1,-1,1,-1,1,1,-1,1,1,-1,1,1,1,1,-1,1,1,-1,1,1,-1,1,1,1,-1,1,1,-1,-1,1,-1,-1,1,1,-1,1,1,-1,-1,-1,-1,-1,1,1,1,-1,1,1,-1,1,1,1,-1,1,-1,1,1,1,-1,1,1,-1,-1,1,1,-1,-1,-1,1,-1,1,1,-1,1,-1,-1,-1,1,1,-1,-1,-1,1,-1,1,1,-1,-1,-1,-1,-1,1,1,-1,-1,-1,-1,-1,1,1,-1,-1,-1,-1,-1,1,-1,1,-1,-1,-1,-1,-1,1,-1,-1,-1,-1,-1,1,1,-1,-1,1,-1,1,1,1,1,-1,-1,-1,1,-1,1,-1,-1,-1,-1,1,-1,1,-1,-1,-1,1,-1,1,1,-1,-1,-1,1,1,-1,1,-1,1,-1,1,-1,-1,1,1,-1,1,-1,1,-1,1,1,-1,1,-1,1,-1,1,1,-1,-1,1,-1,-1,-1,1,-1,1,-1,1,-1,-1,1,-1,1,-1,1,-1,1,1,-1,1,-1,1,-1,-1,1,-1,-1,-1,-1,1,1,1,1,-1,1,1,-1,1,1,-1,-1,1,1,-1,-1,1,-1,-1,1,1,1,1,1,-1,-1,-1,-1,-1,-1,-1,-1,-1,-1,1,1,1,1,-1,1,1,-1,1,1,1,-1,-1,1,-1,1,1,1,-1,-1,1,-1,1,1,1,-1,-1,1,-1,1,1,1,-1,-1,1,-1,1,-1,1,1,-1,1,-1,1,1,1,1,-1,-1,1,-1,1,-1,1,-1,1,-1,1,1,-2646.0,1,2000,445,500,True
2777,1,1,-1,-1,1,-1,1,1,1,1,1,-1,1,1,1,1,-1,1,-1,-1,1,1,1,1,1,-1,1,1,1,1,1,1,1,-1,1,1,-1,1,1,1,-1,1,1,1,1,1,1,-1,1,1,1,1,-1,1,-1,-1,1,-1,1,1,-1,-1,-1,-1,1,1,1,1,-1,1,1,-1,1,1,1,-1,1,1,-1,1,1,-1,-1,1,-1,1,1,1,-1,-1,1,1,-1,1,1,-1,1,-1,-1,1,1,1,-1,1,-1,-1,-1,1,1,1,1,1,-1,-1,1,1,1,1,-1,-1,-1,1,1,1,-1,1,-1,-1,1,1,1,1,-1,-1,-1,1,1,1,1,-1,-1,-1,-1,1,1,1,-1,-1,-1,-1,1,1,1,-1,1,-1,-1,1,1,1,-1,1,-1,-1,1,1,1,-1,1,-1,1,1,1,1,-1,-1,-1,1,1,1,1,1,1,-1,1,1,1,1,-1,-1,-1,-1,1,1,1,-1,1,-1,-1,1,-1,1,-1,1,-1,-1,1,1,1,-1,1,-1,1,1,1,1,-1,1,-1,1,1,-1,1,1,1,1,-1,1,-1,1,-1,1,-1,-1,1,-1,1,1,1,-1,-1,1,-1,-1,1,1,1,-1,1,-1,-1,1,1,-1,1,1,-1,-1,1,1,-1,-1,1,-1,1,1,1,1,1,1,-1,1,1,1,1,1,1,-1,1,1,1,1,1,1,1,-1,1,1,1,-1,1,1,-1,1,1,-1,1,1,1,1,1,1,1,1,1,-1,-1,1,1,1,1,1,-1,1,1,1,1,1,1,-1,-1,1,1,-1,1,1,1,-1,1,1,1,1,1,1,-1,1,1,1,1,1,1,-1,1,1,1,1,1,-1,1,-1,1,1,-1,1,1,1,1,1,1,1,1,1,-1,-1,1,-1,1,1,1,-1,-1,1,1,1,1,1,-1,-1,1,1,-1,1,1,-1,-1,1,1,1,-1,1,-1,1,-1,1,-1,1,1,-1,-1,-1,1,1,-1,1,-1,1,1,1,-1,-1,-1,-1,1,1,1,-1,1,1,-1,1,1,-1,-1,1,1,-1,1,1,-1,1,1,-1,1,-1,1,1,1,-1,1,1,1,-1,1,-1,1,-1,-1,1,1,1,-1,-1,-1,1,1,1,1,-1,1,-1,-1,1,1,1,1,-1,-1,-1,1,-1,1,-1,1,-1,-1,-1,-1,1,1,1,-1,-1,1,-1,1,1,-1,-1,1,-1,1,-1,1,-1,-1,-1,1,-1,1,1,-1,-1,-1,-1,1,1,-1,1,-1,-1,1,1,1,-1,-1,1,-1,1,1,1,-1,-1,-1,-1,-1,1,1,1,-1,1,-1,-1,-1,1,-1,-1,-1,1,-1,1,1,1,-1,-1,-1,-1,-1,1,-1,-1,-1,-1,1,-1,1,-1,-1,-1,-1,-1,-1,1,-1,-1,-1,-1,-1,-1,1,-1,-1,-1,-1,-1,-1,-1,1,1,1,-1,-1,-1,1,-1,1,1,1,1,-1,1,-1,-1,1,1,1,1,-1,-1,1,-1,1,1,1,-1,-1,-1,-1,-1,1,1,1,-1,-1,-1,1,1,-1,1,-1,-1,-1,1,1,-1,1,-1,-1,1,1,1,-1,1,-1,-1,-1,-1,1,1,1,-1,1,-1,-1,1,-1,1,-1,-1,1,1,1,-1,1,1,-1,-1,-1,-1,-1,1,1,-1,-1,-1,-1,-1,1,1,-1,-1,-1,1,1,1,-1,-1,-1,-1,1,1,1,-1,1,-1,1,-1,1,1,1,-1,-1,-1,-1,-1,1,-1,1,-1,-1,1,-1,1,1,-1,1,-1,-1,1,1,1,-1,1,-1,-1,-1,1,1,-1,-1,-1,-1,-1,1,1,-1,1,-1,-1,-1,1,1,1,-1,1,-1,-1,1,1,-1,-1,-1,-1,-1,1,1,1,-1,1,1,-1,-1,-1,1,-1,1,1,-1,1,-1,-1,1,-1,-1,-1,1,1,-1,1,-1,1,-1,1,-1,-1,1,-1,1,-1,1,1,-1,1,1,1,-1,-1,1,-1,1,-1,1,-1,-1,1,-1,1,1,1,-1,-1,-1,-1,1,1,1,-1,-1,1,1,-1,1,1,-1,-1,-1,-1,1,-1,1,-1,-1,1,-1,-1,1,1,-1,-1,1,-1,-1,1,1,-1,-1,-1,-1,1,-1,1,-1,-1,-1,-1,-1,1,-1,-1,1,-1,-1,1,-1,1,-1,-1,-1,-1,-1,1,1,1,-1,-1,-1,1,1,1,-1,-1,-1,1,-1,-1,1,-1,1,-1,-1,1,1,1,-1,-1,-1,-1,1,-1,1,1,-1,1,-1,-1,1,1,-1,-1,-1,-1,-1,-1,1,1,-1,-1,1,-1,1,1,-1,-1,-1,-1,-1,1,1,-1,-1,-1,1,-1,1,1,1,-1,-1,-1,1,1,1,-1,-1,1,-1,-1,1,1,1,-1,1,-1,-1,1,1,-1,1,-1,1,-1,1,1,1,-1,1,1,-1,1,1,1,-1,1,1,-1,1,1,1,-1,-1,1,-1,1,1,1,-1,1,1,-1,1,-1,1,1,-1,1,1,1,1,-1,1,-1,1,-1,1,1,1,1,-1,1,1,1,1,1,-1,-1,1,1,-1,1,1,-1,1,-1,1,-1,1,1,-1,1,1,1,-1,1,1,-1,-1,1,-1,1,1,1,-1,1,1,1,1,1,1,-1,1,-1,1,1,1,1,-1,-1,1,1,-1,1,1,-1,-1,1,-1,1,1,-1,-1,1,-1,1,1,1,1,-1,1,-1,1,-1,1,1,-1,-1,1,-1,-1,1,-1,1,-1,-1,-1,-1,1,-1,-1,1,-1,1,1,1,-1,1,-1,-1,1,1,1,1,1,-1,-1,-1,1,-1,-1,1,-1,1,-1,-1,1,1,1,-1,-1,-1,1,-1,-1,1,-1,-1,1,-1,1,1,1,1,-1,1,-1,-1,-1,1,-1,-1,1,1,1,-1,1,1,-1,1,-1,1,1,1,1,-1,1,-1,1,-1,-1,1,-1,1,1,1,-1,1,1,-1,-1,1,1,1,-1,1,-1,1,-1,1,-2646.0,1,2000,445,1000,True
2778,1,1,-1,-1,1,1,-1,-1,1,1,1,1,-1,1,1,1,-1,1,1,1,-1,-1,1,1,1,1,-1,-1,1,1,1,1,1,1,-1,-1,1,-1,1,-1,1,-1,-1,1,1,1,1,1,-1,1,1,1,1,1,1,-1,1,-1,1,1,1,1,1,-1,1,1,1,1,1,-1,-1,1,1,1,1,-1,-1,-1,1,-1,1,-1,1,-1,1,1,1,1,1,1,-1,1,-1,1,1,1,-1,1,1,1,1,1,1,-1,1,1,-1,1,1,1,-1,1,1,-1,1,1,1,-1,1,1,-1,1,1,1,-1,1,1,-1,1,1,1,-1,1,1,-1,1,1,1,-1,-1,1,-1,1,1,1,-1,1,1,1,-1,1,1,-1,-1,-1,1,-1,1,1,-1,1,1,1,1,1,-1,-1,1,1,-1,1,-1,1,-1,1,1,-1,1,1,1,1,-1,-1,1,1,-1,1,1,1,1,1,1,-1,1,1,1,-1,1,1,-1,-1,1,1,-1,1,1,1,1,-1,1,-1,-1,1,1,-1,1,1,-1,1,1,-1,1,1,1,-1,-1,1,1,-1,1,1,-1,1,1,-1,1,1,1,-1,1,1,-1,-1,1,1,-1,-1,1,-1,-1,1,1,-1,1,-1,-1,1,1,1,-1,1,1,-1,1,1,-1,1,-1,-1,-1,1,1,-1,-1,1,-1,-1,1,1,-1,-1,-1,1,-1,-1,1,1,1,-1,1,-1,1,1,1,1,-1,-1,-1,-1,1,-1,1,-1,-1,-1,1,1,-1,1,1,1,-1,1,1,1,1,-1,-1,-1,1,1,-1,1,1,-1,-1,-1,1,-1,1,-1,-1,-1,-1,1,1,1,-1,-1,-1,1,-1,-1,1,-1,-1,-1,1,-1,1,1,-1,1,-1,1,1,-1,1,-1,-1,-1,1,-1,1,1,-1,-1,-1,1,-1,1,-1,-1,-1,-1,-1,1,1,-1,-1,-1,1,1,-1,1,-1,-1,1,1,1,-1,1,1,-1,-1,1,-1,1,-1,1,-1,-1,-1,1,-1,1,-1,-1,-1,-1,-1,-1,1,1,-1,-1,1,1,-1,1,-1,1,-1,1,1,1,1,-1,-1,-1,1,1,-1,1,-1,-1,-1,-1,1,1,1,1,-1,-1,1,1,1,1,-1,-1,-1,1,-1,1,-1,1,-1,-1,1,1,1,-1,-1,-1,1,1,-1,1,-1,1,-1,-1,1,-1,1,1,-1,-1,-1,1,-1,-1,1,1,-1,-1,-1,-1,1,1,-1,1,-1,1,-1,-1,1,1,-1,-1,1,-1,1,1,-1,-1,1,1,-1,1,-1,1,-1,1,-1,1,1,-1,1,-1,1,-1,-1,1,-1,-1,-1,1,-1,-1,1,1,1,-1,1,-1,-1,1,-1,-1,1,-1,1,-1,1,-1,1,-1,1,1,-1,1,-1,1,-1,1,-1,-1,1,-1,1,1,1,1,-1,-1,1,1,-1,1,1,-1,1,1,1,1,-1,1,1,-1,1,1,1,1,-1,1,1,-1,-1,-1,1,-1,-1,1,-1,1,-1,1,-1,1,-1,-1,-1,1,1,-1,1,1,-1,-1,1,1,-1,1,1,-1,1,-1,1,-1,-1,-1,-1,-1,-1,1,-1,-1,-1,-1,-1,-1,1,-1,1,1,1,1,-1,1,-1,1,1,-1,-1,-1,1,-1,-1,1,-1,1,-1,-1,1,1,1,1,-1,1,-1,1,1,1,-1,1,-1,1,1,1,1,-1,-1,-1,1,1,1,1,-1,1,-1,1,-1,1,-1,1,1,-1,-1,1,1,1,-1,-1,-1,-1,1,1,1,1,-1,1,-1,1,1,1,1,-1,1,-1,1,-1,1,-1,-1,1,-1,1,1,1,1,-1,1,-1,1,1,1,1,-1,1,-1,1,1,-1,1,-1,1,1,1,1,1,1,-1,1,-1,1,1,1,-1,-1,-1,-1,1,1,1,-1,1,-1,-1,1,1,1,1,-1,-1,-1,1,1,1,-1,-1,1,-1,1,1,-1,-1,-1,-1,-1,1,1,1,-1,-1,-1,-1,1,1,1,-1,1,-1,-1,1,1,1,-1,1,-1,-1,1,1,1,-1,-1,-1,1,1,1,-1,-1,-1,-1,-1,1,-1,1,-1,-1,-1,-1,1,1,1,-1,-1,-1,-1,1,1,1,-1,-1,-1,-1,1,1,1,-1,-1,-1,1,1,1,-1,-1,-1,1,1,1,-1,-1,1,-1,1,1,1,-1,-1,-1,1,-1,1,1,-1,1,1,-1,-1,1,-1,1,-1,-1,1,-1,1,1,1,1,1,-1,1,1,1,1,-1,1,-1,-1,1,1,-1,1,1,-1,-1,1,1,1,-1,1,1,-1,1,-1,1,-1,1,-1,-1,-1,1,1,-1,1,-1,-1,1,1,1,1,1,1,-1,1,1,1,1,1,-1,1,1,1,-1,1,1,-1,-1,-1,1,-1,1,1,-1,1,1,-1,-1,1,1,-1,-1,1,-1,-1,1,1,-1,-1,1,-1,-1,1,1,-1,-1,-1,-1,-1,-1,1,-1,-1,1,-1,-1,1,-1,-1,-1,1,-1,-1,-1,1,-1,1,-1,-1,-1,1,-1,-1,1,-1,-1,-1,1,1,-1,1,-1,-1,1,-1,-1,-1,1,-1,-1,1,-1,1,-1,1,-1,1,-1,1,-1,1,1,-1,-1,1,-1,-1,1,-1,-1,1,-1,-1,1,-1,1,-1,-1,1,-1,-1,-1,1,-1,-1,1,-1,1,-1,1,-1,1,-1,-1,-1,1,1,-1,-1,1,-1,-1,-1,1,-1,-1,1,-1,-1,-1,1,1,-1,-1,-1,-1,1,1,-1,-1,-1,1,-1,1,1,-1,1,1,-1,1,1,-1,-1,1,1,-1,-1,-1,1,-1,1,1,-1,1,1,-1,-1,1,-1,1,-1,-1,-1,-1,1,-1,-1,1,1,-1,1,1,-1,1,1,1,1,-1,1,-1,1,1,1,1,-1,1,-1,-1,1,1,1,-1,1,-1,1,1,1,1,-1,1,-1,1,1,1,-1,-1,1,-1,-1,1,1,-1,-1,-1,1,-1,1,-1,1,-1,1,-1,-1,1,-2646.0,1,2000,445,500,True
2779,1,1,-1,-1,1,1,-1,1,1,1,1,1,-1,1,1,1,-1,1,1,1,-1,1,1,1,1,1,-1,-1,1,1,1,1,1,1,-1,1,-1,1,1,-1,1,-1,1,1,1,1,1,1,-1,-1,1,1,-1,1,1,-1,-1,-1,1,1,1,1,1,1,1,1,1,1,1,-1,1,-1,1,1,1,-1,-1,1,-1,1,1,1,1,-1,-1,1,1,1,1,1,-1,-1,-1,1,1,1,-1,1,-1,1,1,1,1,-1,1,-1,-1,1,1,1,-1,1,-1,-1,1,1,1,-1,1,-1,-1,1,1,1,-1,1,-1,-1,1,1,-1,-1,1,-1,-1,1,1,1,-1,-1,-1,-1,1,1,1,-1,1,-1,-1,-1,1,1,-1,-1,1,-1,-1,1,1,-1,1,-1,-1,-1,1,1,-1,1,1,-1,1,1,-1,-1,1,-1,-1,1,1,-1,1,-1,1,-1,1,1,-1,1,1,-1,-1,-1,1,1,1,1,-1,1,-1,1,-1,1,1,1,-1,-1,1,-1,-1,1,1,-1,1,1,-1,1,1,1,1,1,1,1,1,1,1,1,-1,1,-1,-1,1,1,1,-1,1,1,-1,1,1,1,-1,1,-1,1,1,1,1,-1,1,-1,-1,1,1,1,1,1,-1,1,1,1,1,-1,1,-1,1,-1,1,-1,1,1,-1,1,-1,1,-1,1,1,-1,1,-1,1,-1,1,1,1,-1,1,1,-1,1,1,-1,-1,1,1,1,1,1,-1,1,-1,1,-1,-1,-1,1,-1,-1,1,1,1,-1,-1,-1,1,1,-1,-1,-1,1,-1,-1,1,1,-1,-1,-1,-1,-1,1,-1,1,-1,-1,1,1,1,-1,1,-1,-1,1,-1,1,-1,1,-1,-1,-1,1,1,-1,-1,1,-1,1,-1,1,-1,-1,-1,-1,-1,1,1,-1,-1,-1,-1,-1,1,-1,-1,-1,-1,-1,-1,1,-1,-1,-1,1,-1,1,1,-1,-1,1,1,-1,-1,1,1,-1,-1,1,-1,-1,-1,1,-1,-1,1,-1,-1,1,-1,-1,-1,-1,1,-1,1,1,-1,-1,1,-1,-1,1,-1,-1,1,1,-1,-1,1,-1,-1,1,1,-1,1,1,-1,-1,-1,-1,-1,1,1,1,-1,-1,1,-1,-1,1,-1,-1,1,1,1,-1,1,1,-1,-1,1,-1,-1,1,-1,-1,1,1,-1,-1,1,1,-1,-1,1,-1,-1,-1,-1,-1,-1,1,-1,-1,1,1,-1,-1,1,-1,-1,-1,-1,1,-1,1,-1,1,-1,1,-1,-1,1,1,-1,-1,-1,-1,1,1,1,-1,-1,1,-1,1,-1,1,-1,1,1,-1,1,-1,1,-1,-1,-1,-1,1,-1,1,-1,1,1,-1,1,-1,-1,1,-1,-1,1,-1,1,1,1,-1,1,-1,1,1,1,1,-1,1,-1,1,-1,1,1,-1,1,1,1,-1,1,1,1,1,-1,1,-1,-1,1,-1,1,1,-1,-1,-1,1,-1,1,1,1,-1,1,1,-1,1,1,-1,1,-1,1,1,-1,1,-1,-1,1,-1,-1,1,-1,-1,-1,1,1,-1,1,1,-1,-1,1,1,-1,-1,1,-1,-1,-1,-1,-1,1,1,-1,-1,-1,-1,-1,1,1,-1,-1,1,1,1,1,1,-1,-1,1,1,-1,-1,1,-1,-1,-1,1,-1,-1,1,1,-1,1,1,1,-1,1,-1,1,1,1,-1,-1,1,1,-1,1,1,-1,1,1,-1,1,1,1,-1,1,1,-1,-1,1,-1,1,1,1,-1,1,1,1,-1,-1,1,1,1,1,1,1,-1,1,1,1,1,1,1,1,1,-1,1,1,1,-1,-1,1,1,1,1,1,1,-1,1,-1,1,1,1,1,-1,1,1,1,1,-1,1,-1,1,1,1,1,1,1,-1,1,1,1,1,1,-1,-1,-1,-1,1,1,1,-1,-1,1,-1,1,1,1,1,-1,1,1,1,1,1,-1,-1,1,-1,1,1,-1,-1,-1,1,1,-1,1,1,1,-1,-1,1,-1,1,1,-1,-1,-1,1,-1,1,1,-1,-1,-1,-1,1,1,1,1,-1,-1,1,1,-1,-1,-1,-1,-1,-1,-1,1,-1,-1,-1,-1,1,1,1,-1,1,-1,-1,1,1,-1,1,-1,-1,-1,-1,-1,1,1,-1,-1,-1,-1,1,1,-1,1,-1,1,-1,1,-1,-1,-1,-1,-1,-1,1,-1,-1,1,1,-1,-1,1,-1,1,1,-1,-1,-1,1,-1,-1,1,-1,-1,-1,1,1,1,1,-1,-1,-1,1,-1,1,1,1,-1,1,-1,1,-1,1,-1,-1,-1,-1,1,-1,-1,1,-1,-1,1,1,-1,1,-1,-1,-1,-1,1,1,-1,-1,-1,1,1,1,1,1,-1,1,-1,1,-1,1,-1,-1,-1,1,1,1,1,-1,-1,-1,-1,1,1,1,-1,-1,1,1,1,1,1,-1,-1,-1,1,1,1,-1,-1,-1,-1,1,1,1,1,1,-1,1,1,1,1,1,-1,-1,-1,1,1,1,-1,1,-1,-1,1,1,1,1,-1,-1,1,1,1,1,1,1,-1,1,-1,1,1,1,-1,-1,1,1,1,1,1,-1,-1,1,1,1,1,1,-1,-1,1,1,1,1,-1,-1,1,1,-1,1,-1,1,-1,1,-1,1,1,1,1,-1,-1,1,-1,1,1,1,-1,-1,1,-1,-1,1,1,1,-1,1,-1,1,-1,1,-1,1,1,-1,-1,1,1,1,-1,1,1,-1,1,-1,1,-1,1,1,-1,-1,-1,1,1,1,-1,-1,-1,-1,1,1,1,-1,1,1,1,1,1,-1,-1,1,1,1,1,-1,1,-1,1,-1,1,-1,1,-1,-1,-1,-1,1,1,-1,-1,-1,1,-1,1,1,1,-1,1,1,-1,-1,1,1,1,-1,1,-1,1,1,1,1,-1,1,-1,1,1,1,1,-1,1,-1,1,1,1,1,-1,1,-1,-1,1,1,-1,-1,1,-1,1,1,1,-1,-1,-1,1,-1,1,1,1,-1,1,-1,-1,1,-2646.0,1,2000,445,500,True
2780,1,1,-1,-1,1,1,-1,1,1,1,1,1,-1,1,1,1,-1,1,1,1,-1,1,1,1,1,1,-1,-1,1,1,1,1,1,1,-1,1,-1,1,1,-1,1,-1,1,1,1,1,1,1,-1,1,1,1,-1,1,1,-1,1,-1,1,1,1,1,1,-1,1,1,1,1,1,-1,1,-1,1,1,1,-1,-1,1,-1,1,1,-1,1,-1,-1,1,1,1,1,1,-1,1,-1,1,1,1,-1,1,-1,1,1,1,1,-1,1,-1,-1,1,1,1,-1,1,-1,-1,1,1,1,-1,1,-1,-1,1,1,1,-1,1,-1,-1,1,1,1,-1,-1,-1,-1,1,1,1,-1,-1,-1,-1,-1,1,1,-1,1,-1,-1,-1,1,1,-1,-1,1,-1,-1,-1,1,-1,-1,1,-1,-1,1,-1,-1,-1,1,-1,-1,-1,1,-1,-1,-1,-1,1,1,1,-1,1,1,-1,-1,-1,1,-1,-1,-1,-1,-1,-1,1,-1,-1,1,-1,-1,-1,-1,1,-1,1,-1,-1,1,1,-1,-1,1,-1,1,1,-1,1,-1,1,-1,1,-1,1,1,-1,1,1,-1,-1,-1,1,-1,1,-1,-1,1,1,1,-1,1,-1,-1,1,-1,1,-1,1,1,-1,-1,-1,1,-1,1,-1,1,-1,1,1,-1,1,-1,-1,-1,1,1,-1,1,1,-1,-1,1,1,-1,1,1,1,-1,1,-1,-1,1,1,1,-1,-1,1,-1,1,1,1,-1,1,1,-1,1,-1,-1,-1,-1,1,1,1,1,-1,-1,1,1,-1,1,1,1,-1,1,1,1,1,1,1,-1,1,1,1,1,-1,1,-1,-1,1,1,1,1,1,-1,-1,-1,1,1,1,1,-1,1,1,-1,1,1,1,-1,-1,1,1,1,1,-1,-1,1,1,-1,1,1,-1,-1,-1,-1,1,1,-1,1,-1,-1,-1,1,1,1,1,-1,-1,1,1,1,1,-1,1,-1,1,1,1,1,1,1,-1,-1,1,-1,1,-1,1,-1,-1,-1,-1,1,1,-1,1,-1,1,1,1,-1,-1,-1,-1,1,1,1,-1,1,1,-1,1,1,-1,1,1,1,-1,1,1,-1,1,1,-1,1,1,1,1,1,1,1,1,1,-1,1,1,-1,1,-1,1,1,1,-1,1,-1,1,-1,1,1,-1,1,1,-1,1,1,1,-1,-1,1,1,-1,-1,1,1,-1,1,1,-1,-1,1,1,1,1,1,1,-1,1,1,-1,-1,1,1,1,-1,1,-1,-1,1,-1,-1,1,-1,-1,-1,1,-1,1,1,-1,-1,1,1,-1,-1,1,-1,-1,1,1,-1,-1,1,-1,-1,1,1,-1,1,1,-1,-1,1,-1,1,-1,1,1,-1,-1,1,-1,1,-1,1,-1,1,1,-1,-1,-1,1,-1,-1,1,-1,1,-1,1,-1,-1,1,-1,-1,1,1,-1,-1,-1,1,-1,1,1,-1,1,-1,1,-1,-1,1,1,1,-1,1,-1,1,-1,1,-1,-1,-1,-1,1,-1,-1,1,1,1,1,-1,-1,1,-1,1,1,1,-1,-1,-1,-1,-1,1,1,1,-1,-1,-1,1,1,-1,1,-1,-1,-1,1,1,-1,1,-1,-1,1,1,1,-1,1,-1,-1,-1,-1,1,1,1,-1,1,-1,-1,1,-1,1,-1,-1,1,1,1,-1,1,1,-1,-1,-1,-1,-1,1,1,-1,1,-1,1,-1,1,1,-1,-1,-1,-1,1,1,-1,-1,-1,-1,-1,1,1,-1,1,-1,1,1,1,1,1,-1,-1,-1,-1,-1,1,-1,1,-1,-1,1,-1,1,1,-1,1,-1,-1,1,1,1,-1,1,-1,1,-1,1,1,-1,-1,-1,-1,-1,1,1,-1,1,-1,1,-1,1,1,1,-1,1,-1,-1,1,1,-1,-1,-1,1,-1,1,1,1,-1,1,-1,-1,-1,-1,1,-1,1,-1,-1,1,-1,-1,1,-1,1,-1,1,1,-1,1,-1,1,-1,1,-1,1,-1,1,-1,-1,1,1,-1,1,-1,-1,-1,-1,1,-1,1,-1,1,-1,-1,1,-1,1,1,-1,-1,-1,1,1,1,1,1,-1,-1,1,1,-1,1,1,-1,-1,-1,1,-1,-1,1,-1,-1,1,1,1,-1,1,-1,-1,1,1,-1,1,1,-1,-1,1,-1,1,-1,1,-1,-1,1,1,-1,1,-1,-1,1,-1,1,-1,-1,1,-1,1,1,1,-1,1,1,1,1,1,1,-1,1,1,-1,-1,-1,1,-1,1,1,-1,1,1,1,1,1,1,-1,1,1,1,1,-1,1,1,-1,1,1,-1,1,1,-1,-1,1,1,1,1,1,1,-1,1,-1,1,-1,1,-1,-1,-1,1,1,-1,1,-1,-1,1,1,1,-1,1,1,-1,1,1,-1,1,1,-1,1,1,1,1,1,1,-1,-1,-1,1,-1,-1,1,-1,1,1,1,-1,1,1,-1,-1,1,-1,1,1,-1,-1,-1,1,-1,1,-1,1,-1,-1,-1,-1,1,1,1,-1,-1,1,-1,1,-1,1,1,-1,1,-1,1,-1,1,-1,1,-1,-1,1,-1,1,-1,1,-1,-1,1,1,1,-1,1,-1,-1,1,-1,-1,-1,1,-1,-1,1,-1,1,-1,1,-1,1,1,-1,1,1,1,-1,-1,1,-1,1,1,-1,1,-1,1,-1,-1,-1,1,-1,-1,1,-1,1,-1,1,-1,-1,1,-1,1,-1,1,1,1,-1,-1,-1,1,1,1,-1,1,-1,-1,-1,1,1,-1,1,-1,1,-1,1,-1,1,-1,-1,-1,1,1,1,1,-1,-1,1,1,1,1,-1,1,1,1,1,1,1,-1,1,-1,-1,-1,1,1,-1,-1,1,1,1,-1,1,1,-1,1,-1,-1,1,1,-1,-1,1,1,1,-1,1,-1,-1,1,1,1,1,1,-1,-1,1,1,1,1,1,1,-1,1,1,1,1,1,1,-1,1,1,1,1,1,1,-1,1,1,1,-1,1,1,-1,-1,1,1,-1,1,1,1,-1,1,1,-1,1,1,-1,-1,1,-2646.0,1,2000,445,500,True
2781,-1,-1,1,1,1,1,-1,1,-1,-1,-1,1,-1,1,-1,-1,1,-1,1,-1,-1,1,-1,-1,-1,1,-1,-1,-1,-1,-1,-1,1,-1,-1,1,1,-1,-1,1,-1,-1,1,-1,-1,-1,-1,1,-1,-1,-1,-1,1,1,-1,-1,-1,1,-1,-1,-1,1,-1,1,-1,-1,-1,-1,1,-1,1,-1,-1,-1,1,1,-1,1,-1,-1,-1,-1,1,-1,-1,-1,-1,1,1,-1,-1,-1,-1,-1,-1,1,1,1,-1,1,-1,-1,1,1,1,-1,-1,-1,-1,1,1,-1,-1,-1,-1,-1,1,1,1,-1,-1,-1,-1,1,1,-1,-1,-1,1,-1,1,1,1,-1,-1,-1,-1,1,1,1,-1,-1,1,-1,-1,1,1,-1,-1,-1,-1,1,1,1,1,-1,1,-1,1,1,1,-1,-1,-1,1,-1,1,1,1,-1,-1,-1,1,1,1,-1,-1,1,1,1,1,-1,1,-1,-1,-1,1,1,1,-1,-1,1,-1,1,1,1,1,-1,1,-1,1,-1,1,1,-1,1,-1,1,1,1,1,-1,1,-1,1,-1,1,1,-1,1,-1,1,1,1,1,1,-1,-1,-1,1,1,1,-1,-1,1,1,1,1,1,-1,1,-1,1,-1,1,1,1,-1,1,-1,1,1,1,-1,-1,-1,1,-1,1,1,-1,1,-1,1,1,-1,1,1,1,-1,1,1,-1,1,1,-1,1,1,1,-1,1,1,1,1,-1,1,1,1,1,1,-1,1,1,1,1,-1,1,1,-1,1,-1,1,1,1,1,1,1,-1,1,1,1,-1,1,1,1,1,1,1,1,-1,1,-1,1,-1,1,1,1,1,-1,1,1,1,1,1,-1,1,1,1,1,1,1,-1,1,1,1,1,1,1,-1,1,1,1,-1,1,1,1,-1,1,1,1,1,1,-1,1,1,-1,1,1,1,-1,1,1,1,1,1,1,-1,1,1,1,-1,1,1,1,1,1,1,-1,-1,1,-1,1,-1,1,-1,1,1,1,-1,-1,1,1,-1,1,-1,1,1,1,-1,-1,-1,-1,1,1,1,-1,1,1,-1,1,1,-1,-1,1,1,-1,1,1,-1,-1,1,1,1,1,1,1,-1,-1,1,-1,-1,-1,1,-1,1,-1,-1,1,1,1,-1,-1,-1,1,-1,1,1,1,-1,1,-1,1,1,1,1,1,-1,1,-1,-1,1,-1,1,-1,-1,-1,-1,1,1,1,-1,-1,1,-1,1,1,1,-1,1,-1,1,-1,1,1,-1,-1,1,-1,1,1,1,-1,-1,-1,1,1,1,1,-1,-1,1,1,1,1,-1,1,-1,1,1,1,1,-1,-1,-1,-1,1,1,1,-1,1,-1,1,-1,1,1,-1,-1,1,-1,1,1,1,1,-1,1,-1,-1,1,1,1,-1,-1,-1,1,1,1,-1,-1,1,-1,-1,1,-1,1,-1,-1,-1,-1,1,-1,1,-1,-1,1,-1,-1,1,1,1,-1,1,-1,1,-1,-1,1,1,-1,1,1,-1,-1,1,1,1,-1,1,-1,1,-1,1,1,1,-1,-1,-1,-1,-1,1,1,1,-1,-1,-1,1,1,-1,1,-1,-1,-1,1,1,1,1,-1,-1,-1,1,1,1,1,-1,-1,-1,-1,1,-1,1,-1,1,-1,-1,1,1,1,-1,-1,1,1,1,-1,1,1,-1,-1,-1,-1,1,1,1,-1,-1,-1,-1,1,1,1,-1,-1,-1,1,1,1,-1,-1,-1,-1,1,1,1,-1,1,-1,1,-1,1,1,1,-1,-1,-1,-1,1,1,-1,1,-1,-1,1,1,1,1,-1,1,-1,-1,1,1,1,-1,1,-1,-1,1,1,1,-1,1,-1,-1,1,-1,1,-1,1,-1,-1,1,1,1,-1,-1,1,-1,1,1,1,-1,-1,-1,-1,1,1,-1,1,-1,1,-1,1,-1,-1,1,-1,1,-1,1,1,-1,-1,1,-1,1,1,-1,1,-1,1,-1,1,1,1,-1,-1,1,-1,1,1,-1,1,-1,1,-1,-1,1,1,1,-1,1,-1,1,1,1,-1,-1,1,-1,1,1,-1,1,-1,-1,-1,-1,1,1,-1,-1,1,-1,-1,1,1,-1,-1,1,-1,-1,1,1,-1,-1,-1,1,-1,1,1,-1,1,-1,1,-1,1,1,1,-1,1,1,-1,1,1,-1,-1,1,-1,-1,1,-1,1,-1,1,-1,1,1,1,1,-1,-1,-1,-1,-1,1,1,-1,1,1,1,1,1,-1,1,-1,-1,-1,1,-1,1,-1,1,1,1,1,1,1,-1,1,-1,1,-1,1,1,-1,-1,1,1,1,1,1,1,-1,-1,1,-1,1,1,1,-1,1,1,-1,-1,-1,1,-1,1,1,1,-1,1,1,-1,1,1,1,-1,1,-1,1,1,1,-1,1,1,-1,-1,1,1,1,-1,-1,-1,-1,1,1,-1,1,-1,-1,-1,1,1,-1,-1,1,-1,-1,1,1,1,-1,-1,-1,-1,1,1,-1,-1,-1,-1,-1,1,1,-1,-1,1,-1,-1,1,-1,1,-1,-1,-1,-1,-1,1,-1,-1,-1,-1,-1,1,1,-1,-1,1,-1,1,1,1,1,-1,-1,-1,1,-1,1,-1,-1,-1,-1,1,-1,1,-1,-1,-1,-1,1,1,1,-1,-1,-1,1,-1,1,1,-1,1,-1,1,1,1,-1,1,-1,1,-1,1,1,1,1,-1,1,-1,1,-1,1,1,-1,-1,1,-1,1,1,1,-1,1,-1,1,1,-1,1,-1,1,-1,1,1,-1,1,-1,1,-1,1,-1,1,1,-1,-1,-1,-1,-1,1,1,1,-1,1,1,1,1,1,-1,-1,1,1,1,1,1,-1,-1,1,-1,1,1,1,-1,-1,-1,-1,-1,-1,-1,-1,-1,-1,-1,1,1,1,-1,1,1,-1,-1,1,1,-1,-1,1,-1,1,1,1,-1,-1,1,-1,1,1,1,-1,-1,1,-1,1,1,1,-1,-1,1,-1,1,-1,1,1,-1,1,-1,-1,1,1,-1,-1,-1,-1,1,1,-1,1,-1,1,-1,-1,1,-2646.0,1,2000,445,1000,True
2782,1,1,-1,-1,1,-1,1,1,1,1,1,-1,1,1,1,1,-1,1,-1,-1,1,1,1,1,1,-1,1,1,1,1,1,1,-1,-1,1,1,-1,1,1,1,-1,1,1,1,1,1,1,1,1,-1,1,1,-1,1,-1,1,1,-1,1,1,1,-1,-1,1,1,1,1,1,1,1,1,-1,1,1,1,1,1,1,-1,1,1,-1,-1,1,-1,1,1,1,1,-1,1,1,-1,1,1,1,1,-1,-1,1,1,1,1,1,-1,-1,-1,1,1,1,1,1,-1,-1,1,1,1,1,-1,-1,-1,1,1,1,1,1,-1,-1,1,1,1,1,-1,-1,-1,1,1,1,1,-1,-1,-1,-1,1,1,1,-1,-1,-1,-1,1,1,1,-1,1,-1,-1,1,1,1,-1,1,-1,-1,1,1,1,-1,1,-1,1,1,1,1,-1,-1,-1,1,1,1,-1,1,1,-1,1,1,1,-1,-1,-1,-1,-1,1,1,-1,-1,1,-1,-1,1,-1,1,-1,1,-1,-1,1,1,1,-1,1,-1,1,1,-1,1,-1,1,-1,1,1,1,1,1,1,1,-1,1,-1,1,-1,1,-1,-1,1,1,1,1,1,-1,-1,1,-1,-1,1,1,1,-1,1,1,-1,1,1,-1,1,1,-1,-1,1,1,-1,-1,1,-1,1,1,1,1,1,1,-1,1,1,1,1,1,1,-1,1,1,1,1,1,1,-1,-1,1,1,1,1,1,1,-1,1,1,-1,-1,1,1,1,1,1,1,1,1,-1,1,1,1,1,1,-1,1,1,1,1,1,1,1,-1,-1,1,1,-1,1,1,1,-1,1,1,1,1,1,1,1,1,1,1,1,1,1,-1,1,1,1,1,1,-1,1,-1,1,1,-1,1,1,1,1,1,1,1,1,1,-1,-1,1,-1,1,1,1,-1,-1,1,1,1,1,1,-1,-1,1,1,-1,1,1,-1,-1,1,1,1,-1,1,-1,-1,-1,1,-1,1,1,1,-1,-1,1,1,-1,1,-1,1,1,1,-1,-1,-1,-1,-1,1,1,-1,1,1,-1,-1,1,-1,-1,1,1,-1,-1,1,-1,1,1,1,-1,-1,1,1,1,-1,1,1,-1,-1,1,-1,1,1,1,-1,1,1,-1,-1,-1,1,1,1,1,-1,1,-1,1,-1,1,1,1,-1,-1,1,1,-1,1,-1,1,-1,1,-1,-1,1,1,1,-1,-1,1,-1,1,1,-1,-1,1,-1,1,-1,1,-1,-1,-1,1,-1,1,1,-1,-1,1,1,1,1,-1,1,-1,1,-1,-1,1,-1,-1,-1,1,1,1,1,-1,-1,-1,1,-1,1,1,1,-1,-1,1,1,-1,1,-1,-1,-1,1,-1,1,1,1,-1,-1,1,-1,-1,1,-1,-1,-1,-1,-1,1,1,-1,-1,-1,1,-1,-1,1,-1,-1,-1,-1,1,-1,1,-1,-1,-1,-1,1,-1,-1,1,1,1,-1,1,-1,1,-1,1,1,1,-1,1,1,-1,-1,1,1,1,-1,1,-1,1,-1,1,1,1,-1,-1,-1,1,-1,1,1,1,-1,-1,-1,1,1,-1,1,-1,-1,-1,1,1,-1,1,-1,-1,-1,1,1,-1,1,-1,-1,-1,-1,1,1,1,-1,1,-1,-1,1,-1,1,-1,-1,1,1,1,-1,1,1,-1,-1,-1,-1,-1,1,1,-1,-1,-1,-1,-1,1,1,-1,-1,-1,1,1,1,-1,-1,-1,-1,1,1,1,-1,1,-1,1,-1,1,1,1,-1,-1,-1,-1,-1,1,-1,1,-1,-1,1,-1,1,1,-1,1,-1,-1,1,1,1,-1,1,-1,-1,-1,1,1,-1,1,-1,-1,-1,1,1,-1,1,-1,-1,-1,1,1,-1,-1,1,-1,-1,1,1,-1,-1,-1,-1,-1,1,1,-1,-1,1,1,-1,-1,-1,1,-1,1,1,-1,1,-1,-1,1,1,-1,-1,1,1,-1,1,-1,1,-1,1,-1,-1,1,-1,1,-1,1,1,-1,1,-1,1,-1,-1,1,-1,1,-1,1,-1,-1,1,-1,1,1,1,-1,-1,-1,1,1,1,1,-1,-1,1,-1,-1,1,1,-1,-1,-1,-1,1,-1,1,-1,-1,1,1,-1,1,1,-1,-1,1,-1,-1,1,1,-1,-1,-1,-1,1,-1,1,-1,-1,-1,-1,1,1,-1,-1,1,-1,-1,1,-1,1,-1,-1,-1,-1,-1,1,1,1,-1,-1,-1,1,1,1,-1,-1,-1,1,-1,-1,1,-1,-1,-1,-1,1,1,1,-1,-1,-1,-1,1,-1,1,1,-1,1,-1,-1,1,1,-1,-1,-1,-1,-1,-1,1,1,-1,-1,1,-1,1,1,-1,-1,-1,1,-1,1,1,-1,-1,1,-1,-1,1,1,1,-1,1,-1,1,1,1,-1,-1,1,-1,-1,1,-1,-1,-1,1,-1,-1,1,1,-1,1,1,1,-1,1,1,-1,-1,1,1,-1,1,1,-1,-1,1,-1,-1,1,1,1,-1,-1,1,-1,-1,1,1,-1,1,1,-1,1,-1,1,-1,-1,1,-1,-1,1,1,-1,-1,1,-1,1,1,1,-1,-1,1,1,1,1,1,-1,-1,1,1,-1,1,-1,-1,1,-1,1,-1,1,-1,-1,1,1,-1,1,1,1,-1,1,1,1,-1,1,-1,1,-1,1,-1,-1,1,1,-1,1,-1,1,-1,1,1,-1,-1,-1,1,-1,1,1,-1,-1,1,1,-1,-1,-1,-1,1,-1,1,-1,-1,1,-1,1,-1,1,1,-1,1,-1,-1,1,-1,1,-1,-1,1,-1,-1,-1,1,-1,-1,-1,1,-1,1,-1,1,-1,1,-1,-1,1,1,-1,1,1,-1,-1,1,-1,1,-1,1,-1,-1,1,-1,-1,1,1,-1,-1,1,1,1,-1,1,-1,-1,1,-1,1,1,1,1,-1,1,-1,1,-1,1,-1,-1,1,1,1,-1,1,1,-1,1,1,1,1,1,1,-1,1,-1,1,-1,-1,1,-1,1,1,1,-1,1,1,-1,-1,1,1,1,-1,1,-1,1,1,1,-2646.0,1,2000,445,1000,True
2783,1,1,-1,-1,1,1,-1,1,1,1,1,-1,-1,1,1,1,-1,1,1,-1,-1,1,1,1,1,1,-1,-1,1,1,1,1,-1,-1,-1,1,-1,1,1,1,-1,-1,1,1,1,1,1,1,-1,-1,1,1,-1,1,-1,-1,1,-1,1,1,1,-1,-1,-1,1,1,1,1,1,-1,1,-1,1,1,1,1,-1,1,-1,1,1,-1,1,-1,-1,1,1,1,1,1,1,1,-1,1,1,1,-1,-1,-1,1,1,1,1,1,-1,-1,-1,1,1,1,1,-1,-1,-1,1,1,1,1,1,-1,-1,1,1,1,1,-1,-1,-1,1,1,1,1,-1,-1,-1,1,1,1,1,-1,-1,-1,1,1,1,1,1,-1,-1,-1,1,1,1,-1,1,-1,-1,1,1,1,-1,1,-1,-1,1,1,1,-1,1,-1,1,1,1,1,-1,-1,-1,1,1,1,-1,1,1,-1,1,1,1,-1,-1,-1,-1,-1,1,1,-1,-1,1,-1,1,1,-1,1,-1,1,-1,-1,1,1,1,-1,1,-1,1,1,1,1,-1,1,-1,1,1,-1,-1,-1,1,1,-1,1,-1,1,-1,1,-1,-1,1,-1,1,-1,1,-1,-1,1,-1,1,-1,1,1,-1,1,-1,1,-1,1,-1,1,1,-1,1,-1,1,-1,-1,1,1,-1,-1,1,1,1,1,1,-1,-1,1,1,1,1,1,-1,-1,1,1,1,1,1,-1,-1,1,1,1,1,1,1,-1,1,-1,-1,1,1,-1,-1,1,1,1,1,1,1,-1,1,1,1,-1,1,1,-1,1,1,1,1,-1,1,-1,1,-1,1,1,1,1,-1,1,1,1,1,1,-1,-1,1,1,1,1,1,1,-1,1,1,1,1,1,-1,-1,1,1,-1,1,1,-1,1,1,1,-1,1,1,1,-1,1,-1,1,1,1,1,-1,1,1,-1,1,1,1,-1,1,1,-1,1,1,-1,-1,1,1,1,-1,1,1,-1,-1,1,-1,1,1,1,1,-1,1,1,-1,1,1,-1,1,1,-1,-1,-1,-1,-1,1,1,-1,1,1,-1,-1,1,-1,1,1,1,1,1,1,-1,-1,1,1,-1,-1,1,1,1,-1,1,1,1,-1,1,-1,1,-1,1,1,1,1,-1,-1,-1,1,1,1,1,-1,1,-1,1,-1,1,1,1,-1,-1,1,1,-1,1,-1,1,-1,1,-1,-1,-1,1,1,-1,-1,1,-1,1,1,-1,-1,1,1,-1,1,1,-1,-1,1,1,-1,1,-1,-1,-1,1,1,1,1,-1,1,-1,1,1,1,1,-1,-1,1,1,1,1,1,-1,-1,-1,1,-1,1,1,-1,-1,-1,1,1,-1,1,1,-1,-1,1,-1,1,-1,1,-1,-1,1,-1,-1,-1,1,-1,-1,-1,1,1,-1,1,-1,-1,1,-1,-1,1,1,-1,-1,-1,1,-1,1,1,-1,-1,-1,1,-1,-1,1,1,1,-1,1,-1,1,-1,1,1,1,-1,1,1,-1,-1,1,1,1,-1,1,-1,1,-1,1,1,1,-1,-1,-1,1,-1,1,-1,1,-1,-1,-1,1,1,-1,1,-1,-1,-1,1,1,-1,1,-1,-1,1,1,1,-1,1,-1,-1,-1,-1,1,1,1,-1,1,-1,-1,1,-1,1,-1,-1,1,1,-1,-1,1,1,-1,-1,-1,-1,-1,1,1,-1,1,-1,1,-1,1,1,-1,-1,1,-1,1,1,-1,-1,-1,-1,-1,1,1,-1,1,-1,-1,1,1,1,1,-1,-1,-1,-1,-1,1,-1,1,-1,-1,1,-1,1,1,-1,1,-1,-1,1,1,1,-1,1,-1,1,-1,1,1,-1,-1,-1,-1,-1,1,1,-1,1,-1,1,-1,1,1,-1,-1,1,-1,-1,1,1,-1,-1,-1,1,-1,1,1,1,-1,1,-1,-1,-1,-1,1,-1,1,-1,-1,1,-1,-1,1,1,1,-1,-1,1,-1,1,-1,1,-1,1,-1,1,-1,1,-1,-1,-1,1,-1,1,-1,-1,-1,-1,1,-1,1,-1,1,-1,-1,1,-1,1,1,-1,-1,-1,-1,1,1,1,1,-1,-1,1,-1,-1,1,1,-1,-1,-1,-1,1,-1,1,-1,-1,1,1,-1,1,1,-1,-1,1,-1,-1,1,1,-1,-1,-1,-1,1,-1,1,-1,-1,-1,-1,-1,1,-1,-1,1,-1,-1,1,-1,1,-1,-1,-1,-1,-1,1,1,1,-1,-1,-1,1,1,1,-1,-1,-1,1,-1,-1,1,-1,-1,-1,-1,1,1,1,-1,-1,1,-1,1,-1,1,1,-1,1,-1,-1,1,1,-1,-1,-1,-1,-1,-1,1,1,-1,-1,1,-1,1,1,-1,-1,-1,-1,-1,1,1,-1,-1,-1,1,-1,1,1,1,-1,-1,-1,1,1,1,-1,-1,1,-1,-1,1,1,-1,-1,-1,-1,-1,1,1,-1,1,-1,-1,-1,1,1,-1,-1,1,-1,-1,1,1,-1,-1,1,-1,-1,1,1,1,-1,-1,-1,-1,1,1,-1,-1,1,-1,-1,1,-1,1,-1,1,-1,-1,-1,1,1,-1,-1,1,-1,1,1,1,-1,-1,1,-1,1,1,1,-1,-1,-1,-1,-1,-1,-1,-1,1,-1,1,-1,1,-1,-1,-1,-1,1,-1,1,1,-1,-1,-1,1,-1,1,-1,1,1,-1,-1,-1,1,1,-1,-1,1,-1,-1,1,1,-1,1,-1,-1,-1,1,1,-1,1,-1,1,-1,-1,1,-1,1,1,-1,-1,-1,1,1,-1,1,-1,1,-1,1,-1,-1,1,1,-1,-1,1,-1,1,1,1,1,-1,1,1,1,1,-1,-1,1,1,1,1,1,1,1,-1,1,-1,1,1,1,-1,1,1,-1,1,1,1,-1,-1,1,1,1,1,-1,1,-1,1,1,1,1,1,-1,1,1,1,1,1,1,-1,1,1,1,1,1,1,1,1,1,1,1,1,1,-1,1,1,1,1,1,1,-1,1,1,1,1,1,1,1,1,1,1,1,1,-1,1,1,1,-1,1,1,1,-1,1,-2646.0,1,2000,445,1000,True
2784,-1,-1,1,1,1,1,-1,1,-1,-1,-1,1,-1,1,-1,-1,1,-1,1,-1,-1,-1,-1,-1,-1,1,-1,-1,-1,-1,-1,-1,1,-1,-1,-1,1,-1,-1,1,-1,-1,-1,-1,-1,-1,1,1,-1,1,-1,-1,-1,1,-1,-1,-1,1,-1,-1,1,1,-1,1,-1,-1,-1,1,1,-1,-1,1,-1,-1,1,1,-1,-1,1,-1,-1,1,1,-1,1,-1,-1,1,1,1,1,-1,-1,-1,1,1,-1,-1,1,1,-1,1,1,1,-1,1,-1,-1,1,1,1,-1,1,1,-1,1,1,1,1,1,-1,-1,-1,1,1,-1,1,-1,1,1,1,1,-1,1,-1,1,1,1,1,-1,1,-1,1,-1,1,1,1,1,1,-1,-1,1,1,-1,-1,1,-1,1,1,1,-1,1,1,1,1,-1,1,-1,-1,1,-1,-1,1,1,-1,1,-1,-1,1,1,-1,1,-1,1,1,-1,1,-1,-1,1,1,1,-1,1,-1,-1,-1,1,1,-1,1,-1,-1,-1,1,1,1,1,1,-1,-1,1,1,-1,1,-1,-1,-1,1,1,-1,1,1,-1,-1,-1,1,1,-1,1,-1,-1,1,1,-1,1,1,-1,-1,1,1,-1,1,-1,-1,-1,1,1,-1,-1,1,-1,-1,1,-1,1,1,-1,-1,-1,1,1,-1,1,1,-1,1,-1,-1,-1,1,1,-1,-1,1,1,-1,1,1,-1,-1,-1,1,-1,1,1,-1,1,-1,1,-1,1,1,-1,1,-1,1,-1,-1,1,1,1,-1,-1,-1,1,1,-1,1,1,-1,1,-1,1,1,1,-1,-1,-1,1,1,1,1,1,-1,-1,-1,1,1,1,-1,-1,-1,-1,-1,1,1,-1,-1,-1,1,1,-1,1,-1,-1,-1,-1,1,1,1,-1,1,-1,1,1,-1,1,-1,-1,-1,-1,-1,1,1,-1,-1,-1,-1,-1,1,-1,-1,-1,-1,-1,1,1,-1,-1,-1,1,1,1,1,-1,-1,1,1,-1,-1,1,1,-1,-1,1,-1,-1,-1,1,-1,-1,-1,1,-1,1,-1,-1,-1,-1,-1,-1,1,1,-1,-1,1,1,-1,1,-1,-1,1,1,1,-1,1,-1,-1,1,1,-1,1,1,-1,-1,-1,-1,1,-1,-1,1,-1,-1,1,-1,-1,1,-1,-1,1,1,-1,1,-1,1,-1,-1,1,-1,-1,1,-1,-1,1,1,-1,1,-1,1,-1,-1,1,-1,-1,-1,-1,-1,-1,1,-1,-1,1,1,-1,-1,1,-1,1,-1,-1,1,-1,1,-1,-1,1,1,-1,-1,1,-1,-1,-1,-1,-1,1,1,-1,-1,1,1,-1,1,-1,1,-1,1,1,-1,1,-1,-1,-1,-1,-1,-1,1,-1,1,-1,1,1,-1,1,-1,-1,1,-1,-1,1,-1,1,-1,1,-1,1,-1,1,1,-1,-1,-1,1,-1,1,-1,-1,1,-1,1,1,1,1,-1,-1,-1,1,-1,1,1,-1,-1,1,1,1,-1,1,1,-1,1,1,1,1,-1,1,1,-1,-1,-1,1,-1,1,1,-1,1,-1,1,-1,1,-1,-1,-1,1,1,-1,1,1,-1,1,-1,1,-1,1,1,-1,1,-1,1,-1,-1,-1,-1,1,-1,1,-1,-1,-1,-1,1,-1,1,-1,1,1,1,1,-1,1,-1,1,1,-1,1,-1,1,-1,-1,1,-1,1,-1,-1,1,1,1,1,1,-1,1,1,1,1,-1,1,-1,-1,1,1,1,-1,-1,-1,-1,1,1,1,-1,-1,-1,1,-1,1,-1,1,1,-1,-1,1,1,1,-1,1,-1,-1,1,1,1,1,1,1,-1,1,1,1,1,-1,1,-1,1,1,1,-1,1,1,-1,1,1,1,1,1,1,-1,1,1,1,1,1,1,-1,1,1,-1,1,1,1,-1,1,1,1,1,1,1,-1,1,1,1,-1,1,-1,-1,1,1,1,-1,1,-1,-1,1,1,1,1,1,-1,-1,1,1,1,-1,1,1,-1,1,1,-1,-1,1,-1,-1,1,1,1,-1,1,1,-1,1,1,1,-1,1,1,-1,1,-1,1,-1,1,1,-1,1,1,1,-1,1,-1,1,1,-1,-1,-1,1,1,-1,1,-1,-1,-1,1,1,-1,-1,1,-1,1,1,1,-1,1,1,1,-1,1,1,-1,1,1,1,-1,1,-1,1,1,1,-1,-1,1,-1,1,1,-1,-1,1,1,1,1,1,-1,-1,-1,1,-1,1,1,-1,1,-1,1,-1,1,-1,1,-1,-1,1,-1,1,1,1,1,1,-1,1,1,1,1,-1,1,1,-1,1,1,-1,1,1,1,-1,1,1,1,-1,1,-1,-1,1,1,1,-1,1,-1,-1,-1,-1,1,-1,1,1,-1,1,1,1,1,1,1,-1,1,1,1,1,1,-1,1,1,1,-1,1,1,-1,-1,-1,1,-1,1,1,-1,1,-1,1,-1,1,1,-1,-1,-1,1,-1,1,1,-1,-1,-1,1,1,1,1,-1,-1,-1,-1,1,1,1,-1,-1,-1,-1,-1,1,-1,-1,-1,-1,-1,1,1,1,-1,-1,-1,-1,-1,1,1,-1,-1,1,-1,1,1,1,1,-1,-1,-1,1,-1,1,-1,-1,-1,-1,1,-1,1,-1,-1,-1,1,1,1,1,-1,-1,-1,-1,1,1,1,-1,1,-1,-1,1,1,-1,1,-1,1,-1,1,1,1,1,-1,1,-1,1,-1,1,1,-1,1,1,-1,1,1,1,-1,1,-1,1,1,-1,1,1,1,-1,1,1,-1,1,-1,-1,1,-1,-1,1,1,-1,1,1,-1,-1,1,1,1,1,-1,1,1,1,1,1,1,-1,1,1,1,1,-1,1,-1,-1,1,1,1,-1,1,1,-1,-1,-1,1,1,1,-1,1,1,1,1,1,1,-1,-1,-1,1,1,1,1,-1,-1,1,1,1,1,1,1,-1,1,1,1,1,1,1,-1,1,1,1,1,1,1,-1,1,-1,1,1,1,1,-1,-1,1,1,1,1,1,1,-1,1,1,-1,1,1,-1,-1,1,-2646.0,1,2000,445,500,True
2785,1,1,-1,-1,1,-1,1,1,1,1,1,-1,1,1,1,1,-1,1,-1,-1,1,1,1,1,1,-1,1,1,1,1,1,1,1,-1,1,1,-1,1,1,1,-1,1,1,1,1,1,1,-1,1,-1,1,1,-1,1,-1,1,-1,-1,1,1,1,-1,-1,1,1,1,1,1,-1,1,1,-1,1,1,1,1,1,1,-1,1,1,-1,-1,1,-1,1,1,1,1,-1,1,-1,-1,1,1,1,1,-1,-1,-1,1,1,1,1,-1,-1,-1,1,1,1,1,1,-1,-1,1,1,1,1,-1,-1,-1,1,1,1,1,1,-1,-1,1,1,1,1,-1,-1,-1,1,1,1,1,-1,-1,-1,-1,1,1,1,-1,-1,-1,-1,1,1,1,-1,1,-1,-1,1,1,1,-1,-1,-1,-1,1,1,1,-1,1,-1,1,1,1,1,-1,-1,-1,1,1,1,1,1,1,-1,1,1,1,1,-1,-1,-1,-1,1,1,-1,-1,1,-1,-1,1,-1,1,-1,1,-1,-1,1,1,1,-1,1,-1,1,1,-1,1,-1,1,-1,1,1,1,1,1,1,1,-1,1,-1,1,-1,1,-1,-1,1,1,1,1,1,-1,-1,1,-1,-1,1,1,1,-1,1,1,-1,1,1,-1,1,1,-1,-1,1,1,-1,-1,1,-1,1,1,1,1,1,1,-1,1,1,1,1,1,1,-1,1,1,1,1,1,1,-1,-1,1,1,1,1,1,1,-1,1,1,-1,-1,1,1,1,1,1,1,1,1,-1,1,1,1,1,1,-1,1,1,1,1,1,1,1,-1,-1,1,1,-1,1,1,1,-1,1,1,1,1,1,1,1,1,1,1,1,1,1,-1,1,1,1,1,1,-1,1,-1,1,1,-1,1,1,1,1,1,1,1,1,1,-1,-1,1,-1,1,1,1,-1,-1,1,1,1,1,1,-1,-1,1,1,-1,1,1,-1,-1,1,1,1,-1,1,-1,1,-1,1,-1,1,1,1,-1,-1,1,1,-1,1,-1,1,1,1,-1,-1,-1,-1,1,1,1,-1,1,1,-1,1,1,-1,-1,1,1,-1,1,1,-1,1,1,1,1,-1,1,1,1,-1,1,1,1,-1,1,-1,1,-1,-1,1,1,1,-1,-1,-1,1,1,1,1,-1,1,-1,-1,1,1,1,1,-1,-1,-1,1,-1,1,-1,1,-1,-1,-1,1,1,1,1,-1,-1,1,-1,1,1,-1,-1,1,-1,1,-1,1,-1,-1,-1,1,-1,1,1,-1,-1,-1,-1,1,1,-1,1,-1,-1,1,1,1,-1,-1,1,-1,1,1,1,-1,-1,-1,-1,-1,1,1,1,-1,1,-1,-1,-1,1,-1,-1,-1,1,-1,1,1,1,-1,-1,-1,-1,-1,1,-1,-1,-1,-1,1,1,1,-1,-1,-1,-1,-1,-1,1,-1,-1,-1,-1,-1,-1,1,-1,-1,-1,-1,-1,-1,-1,1,1,1,-1,-1,-1,1,-1,1,1,1,1,1,1,-1,-1,1,-1,1,-1,1,-1,1,-1,1,1,1,-1,-1,-1,1,-1,1,1,1,-1,-1,-1,1,1,-1,1,-1,-1,-1,1,1,1,1,-1,-1,1,1,1,-1,1,-1,-1,-1,-1,1,1,1,-1,1,-1,-1,1,-1,1,-1,-1,1,1,1,-1,1,1,-1,-1,-1,-1,-1,1,1,-1,-1,-1,-1,-1,1,1,-1,-1,-1,1,1,1,-1,-1,-1,-1,1,1,1,-1,1,-1,1,-1,1,1,1,-1,-1,-1,-1,-1,1,-1,1,-1,-1,1,-1,1,1,-1,1,-1,-1,1,1,1,-1,1,-1,-1,-1,1,1,-1,-1,-1,-1,-1,1,1,-1,1,-1,-1,-1,1,1,1,-1,1,-1,-1,1,1,-1,-1,-1,-1,-1,1,1,-1,-1,1,1,-1,1,-1,1,-1,1,1,-1,1,-1,-1,1,1,-1,-1,1,1,-1,1,-1,1,-1,1,-1,-1,1,-1,1,-1,1,1,-1,1,-1,1,-1,-1,1,-1,1,-1,1,-1,-1,1,-1,1,1,1,-1,-1,-1,1,1,1,1,-1,-1,1,-1,-1,1,1,-1,-1,-1,-1,1,-1,1,-1,-1,1,1,-1,1,1,-1,-1,1,-1,-1,1,1,-1,-1,-1,-1,1,-1,1,-1,-1,-1,-1,1,1,-1,-1,1,-1,-1,1,-1,1,-1,-1,-1,-1,-1,1,1,1,-1,-1,-1,1,1,1,-1,-1,-1,1,-1,-1,1,-1,-1,-1,-1,1,1,1,-1,-1,-1,-1,1,-1,1,1,-1,1,-1,-1,1,1,-1,-1,-1,-1,-1,-1,1,1,-1,-1,1,-1,1,1,-1,-1,-1,1,-1,1,1,-1,-1,1,-1,-1,1,1,1,-1,1,-1,1,1,1,-1,-1,1,-1,-1,1,-1,-1,-1,1,-1,-1,1,1,-1,1,1,-1,-1,1,1,-1,-1,1,1,-1,1,1,1,-1,1,-1,-1,1,1,-1,-1,-1,1,-1,1,1,1,-1,1,1,-1,1,-1,1,-1,-1,1,-1,-1,1,-1,-1,-1,1,-1,1,1,1,-1,-1,1,-1,1,1,1,-1,-1,1,1,-1,1,1,-1,1,-1,1,-1,1,1,-1,1,1,1,-1,1,-1,-1,1,1,-1,1,1,-1,1,-1,1,1,1,1,1,-1,1,-1,1,1,1,1,-1,-1,-1,1,-1,1,1,-1,-1,1,-1,1,1,-1,-1,1,-1,1,1,1,1,-1,1,-1,1,-1,1,1,-1,-1,1,-1,-1,1,-1,1,-1,-1,-1,-1,1,-1,-1,1,-1,1,1,1,-1,1,-1,-1,1,1,1,1,1,-1,-1,-1,1,-1,-1,1,-1,-1,1,-1,1,1,1,-1,1,-1,1,-1,-1,1,-1,-1,1,-1,1,1,1,1,-1,1,-1,-1,-1,1,-1,-1,1,1,1,-1,1,1,-1,1,-1,1,1,1,1,-1,1,-1,1,-1,-1,1,-1,1,1,1,-1,1,1,-1,-1,1,1,1,-1,1,-1,1,-1,1,-2646.0,1,2000,445,1000,True
2786,-1,-1,1,1,1,1,-1,1,-1,-1,-1,1,-1,-1,-1,-1,1,-1,1,-1,-1,1,-1,-1,-1,1,-1,-1,-1,-1,-1,-1,1,-1,-1,1,1,-1,-1,1,-1,-1,1,-1,-1,-1,-1,1,-1,-1,-1,-1,1,1,-1,1,-1,1,-1,-1,-1,1,-1,1,-1,-1,-1,-1,1,-1,1,-1,-1,-1,-1,1,1,1,-1,-1,-1,1,1,-1,-1,-1,-1,-1,1,1,1,-1,-1,-1,-1,1,-1,1,-1,1,-1,-1,1,1,-1,-1,-1,-1,-1,1,1,1,-1,-1,-1,-1,-1,1,1,-1,-1,-1,-1,-1,1,1,-1,-1,1,-1,-1,1,-1,-1,-1,-1,-1,-1,1,-1,-1,-1,-1,-1,-1,1,1,-1,-1,-1,-1,-1,-1,1,1,-1,1,-1,-1,-1,-1,1,-1,-1,-1,-1,1,-1,1,-1,-1,-1,-1,1,-1,-1,-1,-1,-1,-1,-1,1,1,-1,-1,-1,-1,-1,-1,-1,-1,-1,1,-1,-1,-1,1,-1,-1,-1,-1,1,-1,1,-1,-1,-1,-1,-1,-1,1,-1,-1,-1,1,1,-1,1,1,-1,1,-1,-1,-1,1,1,-1,1,-1,-1,-1,1,1,-1,1,-1,-1,-1,1,1,-1,1,-1,1,-1,1,1,-1,1,-1,1,-1,1,1,1,1,-1,1,-1,1,-1,-1,1,1,1,-1,1,-1,1,1,1,1,-1,1,-1,1,1,1,-1,-1,1,-1,1,1,1,-1,-1,1,-1,-1,1,1,-1,-1,1,1,1,1,1,1,1,1,-1,1,1,1,1,-1,1,1,-1,1,1,1,1,1,-1,-1,1,-1,1,1,1,1,-1,1,1,1,1,1,-1,-1,1,1,-1,1,1,-1,1,1,1,1,-1,1,-1,1,1,1,-1,1,1,-1,1,-1,1,1,-1,1,-1,1,1,1,-1,1,1,-1,1,1,1,-1,1,-1,-1,1,1,1,-1,1,-1,-1,1,1,1,-1,1,-1,-1,-1,-1,1,-1,1,1,-1,1,1,1,1,-1,1,-1,-1,-1,1,-1,1,-1,-1,1,-1,-1,-1,1,1,-1,1,-1,1,-1,1,-1,1,-1,1,1,1,1,-1,1,-1,1,1,-1,1,-1,-1,-1,-1,1,1,-1,1,-1,-1,1,-1,1,-1,-1,-1,1,-1,-1,1,-1,1,-1,1,-1,1,1,-1,-1,-1,1,1,-1,1,-1,1,-1,-1,1,-1,1,-1,-1,-1,-1,1,-1,-1,1,1,-1,-1,-1,-1,1,1,-1,1,-1,1,-1,1,-1,1,-1,-1,1,-1,1,-1,-1,-1,1,1,-1,1,-1,1,-1,1,-1,1,1,1,1,-1,1,-1,-1,1,-1,-1,-1,1,-1,1,-1,1,1,-1,1,-1,-1,1,-1,-1,1,-1,1,-1,1,-1,1,-1,1,1,-1,-1,-1,1,-1,1,-1,-1,1,-1,1,1,1,1,-1,-1,1,1,-1,1,1,-1,-1,1,1,1,-1,1,1,-1,1,1,1,1,1,-1,1,-1,1,1,-1,1,-1,1,-1,-1,1,-1,-1,1,-1,-1,1,-1,-1,-1,1,1,-1,1,1,-1,-1,1,1,-1,-1,1,-1,-1,-1,-1,-1,1,1,-1,-1,-1,-1,-1,1,1,-1,-1,1,1,1,-1,1,-1,-1,1,1,-1,1,1,-1,-1,-1,1,-1,-1,1,1,-1,1,1,1,1,1,-1,1,1,1,-1,1,1,1,-1,1,1,-1,1,1,-1,1,1,1,-1,1,1,-1,-1,1,-1,1,1,1,-1,1,1,1,-1,1,1,1,1,1,1,1,1,1,1,1,1,1,1,1,1,-1,1,-1,1,-1,1,1,1,1,1,1,1,1,1,1,1,-1,1,1,1,1,1,1,1,-1,1,1,1,1,1,1,1,1,1,1,1,1,1,-1,-1,1,-1,1,-1,1,1,-1,1,1,1,1,-1,1,1,1,1,1,1,-1,1,-1,1,1,1,-1,1,-1,-1,1,1,1,1,-1,1,-1,1,1,1,-1,-1,1,-1,1,1,1,1,-1,1,-1,1,1,-1,-1,-1,1,-1,1,1,1,1,1,-1,-1,1,1,1,-1,-1,1,-1,1,1,1,-1,-1,1,-1,1,1,1,-1,-1,1,-1,1,1,1,-1,1,1,-1,1,1,-1,-1,1,-1,-1,1,1,-1,-1,1,-1,1,1,1,-1,-1,-1,-1,-1,-1,1,-1,-1,1,1,-1,1,1,1,-1,1,-1,-1,1,1,-1,-1,1,-1,1,1,1,-1,-1,1,-1,1,1,1,1,-1,-1,1,1,1,1,1,-1,-1,-1,1,-1,1,1,-1,-1,1,1,-1,1,1,-1,-1,1,1,1,1,-1,1,-1,1,1,-1,1,-1,-1,1,1,1,1,1,1,-1,-1,1,1,1,1,-1,-1,-1,1,1,-1,1,-1,-1,-1,1,1,-1,1,1,-1,-1,1,1,1,1,1,-1,-1,1,1,-1,1,1,-1,-1,1,1,-1,1,-1,-1,-1,1,-1,1,-1,1,-1,-1,-1,1,-1,-1,1,-1,-1,1,1,-1,-1,1,-1,1,1,1,1,-1,1,-1,1,-1,-1,-1,1,1,-1,1,-1,1,-1,-1,1,1,-1,1,1,-1,1,-1,-1,1,-1,1,-1,-1,1,1,-1,-1,1,1,-1,-1,1,1,-1,1,1,-1,1,-1,1,-1,1,1,-1,1,1,-1,-1,-1,1,-1,1,-1,1,-1,-1,1,-1,1,-1,1,-1,1,1,-1,-1,1,-1,-1,-1,1,-1,1,1,-1,1,1,1,1,1,-1,1,-1,1,-1,1,1,-1,1,-1,-1,-1,-1,1,-1,1,1,1,-1,1,1,1,-1,-1,-1,1,1,1,-1,1,1,1,1,-1,1,-1,-1,1,1,1,1,1,-1,-1,1,1,1,1,1,1,-1,1,1,1,1,1,1,-1,1,1,-1,-1,1,1,-1,1,1,1,1,1,1,-1,1,1,1,-1,1,1,1,-1,1,1,-1,1,1,-1,1,1,-2646.0,1,2000,445,500,True
2787,1,1,-1,-1,1,1,-1,1,1,1,1,-1,-1,1,1,1,-1,1,-1,-1,-1,1,1,1,1,1,-1,-1,1,1,1,1,-1,-1,-1,1,-1,1,1,1,-1,-1,1,1,1,1,1,1,-1,-1,1,1,-1,1,-1,-1,-1,-1,1,1,1,-1,-1,1,1,1,1,1,1,-1,1,-1,1,1,1,1,-1,1,-1,1,1,-1,1,-1,-1,1,1,1,1,1,1,-1,-1,1,1,1,-1,-1,-1,1,1,1,1,1,1,-1,-1,1,1,1,1,-1,-1,-1,1,1,1,1,1,-1,-1,1,1,1,1,-1,-1,-1,1,1,1,1,1,-1,-1,1,1,1,1,1,-1,-1,-1,1,1,1,1,-1,-1,-1,1,1,1,1,1,-1,1,1,1,1,1,-1,-1,-1,1,1,-1,1,1,-1,1,1,1,1,1,-1,-1,1,1,1,1,-1,1,-1,1,1,1,1,1,-1,-1,-1,1,1,1,1,1,-1,-1,1,1,-1,1,1,-1,-1,1,1,1,1,1,-1,1,1,-1,1,1,1,-1,1,1,1,1,1,1,1,-1,1,-1,1,1,1,1,-1,1,1,1,1,1,-1,-1,1,-1,-1,1,1,1,-1,-1,1,-1,1,1,-1,1,1,-1,1,1,1,-1,-1,1,-1,1,1,1,1,1,1,-1,1,-1,1,1,-1,1,-1,1,-1,1,1,1,1,-1,1,1,1,1,1,1,1,1,1,1,-1,-1,-1,1,-1,-1,1,1,-1,-1,1,-1,1,1,-1,1,-1,1,-1,-1,1,1,1,-1,-1,-1,-1,1,-1,1,-1,1,1,-1,1,1,1,-1,1,1,-1,1,1,-1,1,-1,-1,1,1,1,-1,1,1,1,-1,1,1,-1,1,1,-1,1,1,1,1,1,1,1,-1,-1,1,1,1,1,1,-1,1,1,-1,1,1,1,-1,1,1,1,-1,1,-1,-1,1,1,1,-1,1,1,-1,-1,1,1,-1,1,1,1,-1,1,1,-1,1,1,-1,1,1,1,1,-1,-1,1,1,1,1,-1,1,-1,-1,1,-1,1,-1,1,1,1,1,1,1,-1,1,-1,-1,1,1,1,-1,1,1,1,-1,1,1,1,1,1,1,1,1,1,-1,-1,1,1,1,1,-1,1,-1,1,-1,1,1,1,1,-1,1,1,-1,1,-1,1,-1,1,-1,1,1,-1,1,-1,-1,1,-1,1,-1,1,-1,1,1,-1,1,-1,1,-1,-1,1,-1,1,-1,-1,-1,1,1,1,1,-1,1,-1,1,1,1,1,-1,1,-1,1,1,1,-1,-1,-1,-1,1,-1,1,-1,-1,-1,-1,1,1,1,1,1,-1,-1,1,-1,1,1,-1,-1,-1,1,-1,1,-1,1,-1,-1,-1,-1,1,-1,1,-1,-1,1,1,1,-1,1,-1,-1,-1,1,1,-1,1,-1,-1,-1,1,1,1,-1,1,1,-1,1,1,-1,1,1,-1,1,-1,1,1,-1,-1,1,1,-1,-1,1,-1,1,-1,1,-1,1,-1,-1,-1,1,-1,-1,1,1,-1,-1,-1,1,-1,-1,1,-1,-1,-1,1,-1,1,1,-1,-1,1,1,-1,1,1,-1,-1,-1,-1,-1,-1,1,-1,1,-1,-1,-1,-1,1,-1,1,1,1,-1,-1,1,1,-1,-1,-1,1,-1,1,1,-1,-1,-1,1,-1,1,1,-1,-1,-1,-1,1,1,-1,-1,-1,-1,1,1,1,-1,1,-1,-1,1,1,1,1,-1,-1,-1,1,-1,1,1,-1,-1,-1,1,-1,1,1,-1,-1,-1,1,1,1,1,-1,1,-1,1,-1,1,1,-1,-1,1,1,-1,1,1,-1,-1,-1,1,-1,1,1,1,-1,1,1,-1,1,1,-1,-1,-1,1,-1,1,1,1,-1,1,-1,-1,-1,-1,1,-1,1,-1,-1,1,-1,1,-1,1,1,-1,1,1,-1,-1,1,-1,-1,1,-1,1,-1,1,-1,-1,1,1,-1,-1,1,-1,-1,-1,1,1,-1,1,-1,-1,-1,1,-1,-1,1,-1,-1,-1,-1,1,1,1,1,-1,-1,1,1,-1,1,1,-1,-1,-1,1,-1,-1,-1,-1,-1,1,1,1,-1,1,-1,-1,1,1,1,-1,1,-1,-1,-1,1,-1,-1,1,-1,-1,-1,1,-1,1,-1,-1,1,-1,1,1,-1,1,-1,-1,-1,1,1,-1,1,1,-1,-1,-1,1,1,1,-1,-1,-1,1,1,-1,1,-1,-1,-1,1,-1,1,1,-1,-1,-1,-1,1,-1,1,1,-1,1,-1,-1,1,1,-1,-1,-1,-1,-1,-1,1,1,-1,-1,1,-1,1,1,-1,-1,-1,1,-1,1,1,-1,-1,1,-1,-1,1,1,1,-1,1,-1,1,1,1,-1,-1,1,-1,-1,1,1,-1,-1,1,-1,-1,1,1,-1,-1,1,-1,-1,1,1,-1,-1,1,-1,-1,1,1,-1,-1,-1,1,-1,1,1,1,-1,-1,1,-1,-1,1,-1,-1,1,-1,-1,1,-1,1,-1,-1,1,-1,-1,1,1,-1,-1,1,-1,1,1,1,-1,-1,1,-1,1,1,1,-1,-1,1,-1,-1,1,-1,-1,-1,1,1,-1,1,-1,-1,1,1,-1,1,1,1,-1,-1,-1,1,-1,1,-1,1,-1,-1,-1,-1,1,1,-1,1,-1,-1,-1,1,1,-1,-1,1,-1,-1,1,1,-1,-1,-1,1,-1,-1,1,-1,-1,1,-1,-1,-1,1,1,-1,1,-1,1,-1,1,-1,1,-1,1,-1,-1,1,-1,-1,-1,1,1,-1,1,1,-1,1,-1,-1,1,1,-1,-1,1,1,1,-1,1,-1,-1,1,1,-1,1,1,-1,-1,-1,1,-1,-1,-1,-1,-1,1,-1,1,1,1,-1,1,1,1,-1,1,1,1,-1,1,1,-1,1,1,-1,-1,-1,1,1,1,1,-1,-1,-1,1,-1,1,1,-1,-1,1,1,-1,-1,1,1,-1,-1,1,1,1,1,1,-1,1,-1,1,1,-1,1,-1,-1,1,-1,1,-2646.0,1,2000,445,1000,True
2788,1,1,-1,-1,1,1,-1,1,1,1,1,-1,1,1,1,1,-1,1,-1,-1,-1,1,1,1,1,-1,-1,-1,1,1,1,1,-1,-1,-1,1,-1,1,1,1,-1,-1,1,1,1,1,1,-1,1,1,1,1,-1,1,-1,-1,1,-1,1,1,1,-1,-1,1,1,1,1,1,-1,-1,1,-1,1,1,1,-1,-1,1,-1,1,1,-1,-1,-1,-1,1,1,1,-1,-1,1,1,-1,1,1,-1,-1,1,-1,-1,1,1,-1,-1,-1,-1,-1,1,1,-1,-1,1,-1,-1,1,1,-1,-1,-1,-1,-1,1,1,1,-1,1,-1,-1,1,1,1,-1,-1,-1,-1,1,1,1,-1,-1,-1,-1,-1,1,1,-1,1,-1,-1,-1,1,1,-1,-1,1,-1,-1,1,1,-1,-1,-1,-1,-1,1,1,-1,-1,1,-1,1,1,-1,1,-1,-1,-1,1,1,-1,-1,1,1,-1,1,1,-1,-1,-1,-1,-1,-1,1,1,-1,-1,1,-1,-1,1,-1,1,-1,1,-1,-1,1,1,1,-1,1,-1,1,1,-1,1,-1,1,-1,1,1,1,1,1,1,1,-1,1,-1,-1,1,1,-1,-1,1,1,-1,1,1,-1,-1,1,-1,1,1,1,1,-1,1,1,-1,1,1,-1,1,1,-1,-1,1,1,-1,-1,1,-1,1,1,1,1,1,1,-1,1,1,1,1,1,1,-1,-1,1,1,1,1,1,-1,-1,1,1,1,1,1,1,-1,1,1,-1,1,1,1,1,1,1,1,1,1,-1,-1,1,1,1,1,-1,1,-1,1,1,1,1,1,-1,-1,1,1,-1,1,1,1,-1,1,1,1,1,1,1,-1,1,1,1,1,1,1,-1,1,1,1,1,1,-1,1,-1,1,1,-1,1,1,1,1,1,1,1,1,1,-1,-1,1,-1,1,1,1,-1,-1,1,1,1,1,1,-1,-1,1,1,-1,1,1,-1,-1,1,1,-1,-1,1,-1,1,-1,1,-1,1,1,-1,-1,-1,1,1,-1,1,-1,1,1,1,-1,-1,-1,-1,1,1,1,-1,1,1,-1,1,1,-1,-1,1,1,-1,1,1,-1,-1,1,-1,1,-1,1,1,-1,-1,1,1,1,-1,1,-1,1,-1,-1,1,1,1,-1,1,-1,1,1,1,1,1,-1,-1,-1,1,1,1,1,1,-1,-1,1,-1,1,-1,1,-1,-1,-1,1,1,1,1,-1,-1,1,-1,1,1,1,-1,1,-1,1,-1,1,1,-1,-1,1,-1,1,1,1,1,-1,-1,1,1,1,1,-1,-1,1,1,1,1,-1,1,-1,1,-1,1,1,-1,-1,-1,-1,1,1,1,-1,1,-1,1,-1,1,1,-1,-1,1,-1,1,1,1,1,-1,-1,-1,-1,-1,1,1,-1,-1,-1,1,-1,1,-1,-1,-1,-1,-1,1,-1,1,-1,-1,-1,-1,1,-1,1,-1,-1,-1,-1,-1,1,1,1,-1,-1,-1,1,-1,-1,1,1,1,1,1,-1,-1,1,-1,1,-1,1,-1,1,-1,1,1,1,-1,-1,-1,-1,-1,1,1,1,-1,-1,-1,1,1,-1,1,-1,-1,-1,1,1,-1,1,-1,-1,1,1,1,-1,1,-1,-1,-1,-1,1,1,1,-1,1,-1,-1,1,-1,1,-1,1,1,-1,1,-1,1,1,-1,-1,-1,-1,-1,1,1,-1,-1,-1,1,-1,1,1,-1,-1,1,-1,1,1,-1,-1,-1,-1,-1,1,1,-1,1,-1,1,1,1,1,1,-1,-1,-1,-1,-1,1,-1,1,-1,-1,1,-1,1,1,-1,1,-1,-1,1,1,1,-1,1,-1,1,-1,1,1,-1,1,-1,1,-1,1,1,-1,1,-1,-1,-1,1,1,-1,-1,1,-1,-1,1,1,-1,-1,-1,-1,-1,1,1,-1,-1,1,-1,-1,1,-1,1,-1,1,-1,-1,1,-1,-1,1,-1,1,-1,1,1,-1,1,-1,1,-1,1,-1,-1,1,-1,1,-1,1,1,-1,1,-1,-1,-1,-1,1,-1,1,-1,1,-1,-1,1,-1,1,-1,1,-1,-1,-1,-1,-1,-1,-1,-1,-1,1,-1,1,-1,-1,-1,-1,-1,-1,1,-1,-1,-1,-1,1,1,-1,1,-1,-1,-1,1,-1,-1,1,-1,-1,-1,-1,-1,1,1,-1,-1,-1,-1,-1,1,-1,-1,-1,1,-1,-1,1,-1,1,-1,-1,-1,-1,-1,-1,-1,1,-1,-1,-1,-1,1,-1,-1,-1,-1,1,-1,-1,-1,-1,-1,-1,-1,1,1,1,-1,-1,-1,-1,1,1,1,1,-1,1,-1,-1,-1,1,-1,-1,-1,-1,-1,-1,1,1,-1,-1,1,-1,1,1,-1,-1,-1,1,-1,1,1,-1,-1,1,-1,-1,1,1,1,-1,1,-1,1,1,1,-1,-1,1,-1,-1,1,1,1,-1,1,-1,-1,1,1,-1,1,1,1,-1,1,1,-1,1,1,1,-1,1,1,-1,1,1,-1,-1,1,1,1,1,1,1,-1,1,1,1,1,1,1,-1,1,-1,1,1,1,1,1,1,1,-1,1,1,1,-1,1,1,1,1,-1,1,1,1,1,1,1,1,1,1,-1,1,1,1,1,-1,1,-1,1,1,1,1,1,1,-1,1,1,1,1,1,-1,1,1,1,1,1,1,1,1,1,1,1,-1,1,1,1,1,1,1,-1,1,1,-1,1,1,1,-1,1,-1,1,1,1,1,1,-1,1,1,1,1,1,-1,-1,1,-1,1,1,1,-1,1,-1,-1,1,1,1,-1,-1,-1,-1,1,1,1,1,-1,1,1,1,1,1,-1,-1,1,1,1,1,1,-1,-1,-1,1,-1,-1,1,-1,1,1,-1,1,1,1,-1,-1,-1,1,1,1,1,-1,-1,1,-1,1,1,1,-1,-1,1,-1,-1,1,1,-1,-1,1,1,1,1,1,1,-1,1,-1,1,1,1,1,-1,1,-1,1,1,1,1,-1,1,1,1,1,-1,1,-1,-1,1,1,1,-1,1,-1,1,-1,1,-2646.0,1,2000,445,1000,True
2789,1,1,-1,-1,1,-1,-1,1,1,1,1,-1,1,1,1,1,-1,1,-1,-1,-1,1,1,1,1,-1,-1,-1,1,1,1,1,-1,-1,-1,1,-1,1,1,1,-1,-1,1,1,1,1,1,-1,1,-1,1,1,-1,1,-1,-1,1,-1,1,1,1,-1,-1,-1,1,1,1,1,-1,-1,1,-1,1,1,1,-1,-1,1,-1,1,1,-1,-1,-1,-1,1,1,1,-1,-1,1,1,-1,1,1,-1,-1,-1,-1,1,1,1,-1,-1,1,-1,-1,1,1,-1,-1,-1,-1,-1,1,1,-1,-1,1,-1,-1,1,1,1,-1,-1,-1,-1,1,1,1,-1,1,-1,-1,1,1,1,-1,1,-1,-1,-1,1,1,-1,1,-1,-1,-1,1,1,-1,-1,1,-1,-1,-1,1,-1,1,-1,-1,-1,1,-1,-1,1,1,-1,-1,-1,-1,-1,1,-1,-1,1,-1,-1,1,-1,1,-1,-1,-1,-1,1,1,-1,-1,-1,-1,1,1,1,1,-1,-1,-1,-1,1,1,1,-1,-1,1,-1,-1,1,1,-1,1,1,-1,1,1,1,-1,1,-1,1,1,1,1,1,-1,-1,-1,-1,1,1,-1,-1,1,1,-1,1,1,-1,-1,1,-1,1,1,1,1,-1,-1,-1,-1,1,1,-1,1,1,-1,1,1,1,-1,-1,-1,-1,1,-1,1,1,-1,-1,-1,1,-1,1,1,1,-1,-1,1,-1,1,1,1,-1,1,-1,1,1,1,1,-1,-1,-1,1,1,-1,-1,-1,-1,1,-1,1,1,-1,-1,1,-1,-1,1,1,1,-1,-1,-1,1,1,1,1,-1,1,-1,1,1,-1,1,-1,-1,-1,-1,1,1,1,-1,-1,1,1,1,1,1,-1,-1,1,-1,1,1,1,-1,-1,-1,1,1,1,-1,-1,-1,1,-1,1,1,-1,-1,-1,-1,1,-1,1,-1,-1,-1,-1,1,1,1,-1,-1,-1,-1,1,1,1,-1,1,-1,1,1,1,1,1,1,-1,-1,1,-1,1,-1,1,-1,-1,-1,-1,1,1,-1,1,-1,1,1,1,-1,-1,-1,-1,1,-1,1,-1,1,1,-1,1,1,-1,1,1,1,-1,1,1,1,-1,1,-1,1,1,1,1,1,1,1,1,1,-1,1,1,-1,1,-1,1,1,1,-1,1,-1,1,-1,1,1,-1,1,1,-1,1,1,1,-1,-1,1,1,-1,-1,1,1,-1,1,1,-1,1,1,1,-1,1,1,1,-1,1,1,-1,1,1,1,1,-1,1,-1,-1,1,-1,-1,1,1,-1,-1,1,-1,1,1,-1,-1,1,1,-1,-1,1,-1,-1,1,1,-1,1,1,-1,-1,1,1,-1,1,1,-1,-1,1,-1,-1,-1,1,-1,1,-1,1,-1,1,1,1,-1,1,1,-1,-1,1,-1,-1,-1,-1,-1,1,1,-1,-1,-1,1,-1,-1,1,-1,-1,-1,-1,1,-1,1,-1,-1,1,-1,1,-1,-1,1,1,1,-1,1,-1,1,-1,1,-1,-1,-1,1,1,-1,-1,1,-1,1,-1,1,-1,1,-1,1,1,1,-1,-1,-1,-1,-1,1,-1,1,-1,-1,-1,1,1,-1,1,-1,-1,-1,1,1,-1,1,-1,-1,1,1,1,-1,1,-1,-1,-1,-1,1,1,1,-1,1,-1,-1,1,-1,1,-1,-1,1,-1,1,-1,1,1,-1,-1,-1,-1,-1,1,1,-1,-1,-1,-1,-1,1,1,-1,-1,-1,1,1,1,-1,-1,-1,-1,1,1,1,-1,1,-1,1,-1,1,1,1,-1,-1,-1,-1,-1,1,-1,1,-1,-1,1,-1,1,1,-1,-1,-1,-1,1,1,1,-1,1,-1,-1,-1,1,1,-1,-1,-1,-1,-1,1,1,-1,-1,-1,-1,-1,1,1,-1,-1,1,-1,-1,1,1,-1,-1,-1,-1,-1,1,1,1,-1,1,1,-1,-1,-1,1,-1,-1,1,-1,1,-1,-1,1,-1,1,-1,1,1,-1,1,-1,1,-1,1,-1,1,-1,1,1,-1,1,1,-1,1,-1,1,-1,-1,1,-1,1,-1,1,-1,-1,1,-1,1,-1,1,-1,-1,1,1,1,1,1,-1,-1,1,1,-1,1,1,-1,-1,-1,1,-1,1,1,-1,-1,1,1,1,-1,1,-1,-1,1,1,-1,1,1,-1,-1,1,-1,1,-1,1,-1,-1,1,1,-1,1,-1,-1,1,-1,1,-1,1,1,-1,1,1,1,-1,1,1,1,1,1,1,-1,1,1,-1,-1,-1,1,-1,1,1,-1,1,1,1,1,1,1,-1,-1,1,1,1,-1,1,1,-1,1,1,-1,1,1,-1,-1,1,1,1,1,1,1,-1,1,-1,1,-1,1,-1,-1,1,-1,1,-1,1,-1,-1,1,1,1,-1,1,1,-1,1,1,-1,1,1,-1,1,1,1,1,1,1,1,-1,-1,1,-1,-1,1,-1,1,1,1,-1,1,1,-1,1,1,1,1,1,-1,-1,1,1,1,1,-1,1,1,1,1,1,1,1,1,1,-1,1,1,1,-1,1,1,1,1,1,1,-1,1,-1,1,1,1,1,-1,1,1,1,-1,1,1,1,1,1,1,1,1,1,-1,-1,1,1,1,1,1,-1,1,1,1,1,1,1,-1,1,1,1,-1,1,-1,-1,1,1,-1,1,1,1,-1,1,1,1,-1,1,1,-1,1,1,1,-1,-1,1,-1,1,1,1,-1,1,-1,-1,-1,1,1,-1,-1,1,-1,-1,1,1,-1,-1,1,-1,1,1,1,1,-1,-1,-1,-1,1,1,-1,-1,-1,-1,1,-1,1,-1,1,1,1,1,1,-1,-1,1,1,-1,-1,1,1,-1,1,-1,1,1,1,-1,-1,-1,-1,-1,-1,-1,-1,-1,1,-1,1,1,1,-1,1,1,-1,1,1,1,1,-1,1,-1,1,1,1,-1,-1,1,-1,1,1,1,-1,-1,1,-1,1,1,1,-1,-1,1,-1,1,1,1,1,-1,1,-1,-1,1,1,1,-1,-1,1,-1,1,-1,1,-1,1,-1,-1,1,-2646.0,1,2000,445,1000,True
2790,1,1,-1,-1,1,-1,1,1,1,1,1,-1,1,1,1,1,-1,1,-1,-1,1,1,1,1,1,-1,1,1,1,1,1,1,-1,-1,1,1,-1,1,1,1,-1,1,1,1,1,1,1,-1,1,-1,1,1,-1,1,-1,1,1,-1,1,1,1,-1,-1,-1,1,1,1,1,-1,1,1,-1,1,1,1,1,1,1,-1,1,1,-1,-1,1,-1,1,1,1,1,-1,1,1,-1,1,1,1,1,-1,-1,-1,1,1,1,1,-1,-1,-1,1,1,1,1,1,-1,-1,1,1,1,1,-1,-1,-1,1,1,1,1,1,-1,-1,1,1,1,1,-1,-1,-1,1,1,1,1,-1,-1,-1,-1,1,1,1,-1,-1,-1,-1,1,1,1,-1,1,-1,-1,1,1,1,-1,-1,-1,-1,1,1,1,-1,1,-1,1,1,1,1,-1,-1,-1,1,1,1,-1,1,1,-1,1,1,1,1,-1,-1,-1,-1,1,1,-1,-1,1,-1,-1,1,-1,1,-1,1,-1,-1,1,1,1,-1,1,-1,1,1,-1,1,-1,1,-1,1,1,1,1,1,1,1,-1,1,-1,1,-1,1,-1,-1,1,1,1,1,1,-1,-1,1,-1,-1,1,1,1,-1,1,1,-1,1,1,-1,1,1,-1,-1,1,1,-1,-1,1,-1,1,1,1,1,1,1,-1,1,1,1,1,1,1,-1,1,1,1,1,1,1,-1,-1,1,1,1,1,1,1,-1,1,1,-1,-1,1,1,1,1,1,1,1,1,-1,1,1,1,1,1,-1,1,1,1,1,1,1,1,-1,-1,1,1,-1,1,1,1,-1,1,1,1,1,1,1,1,1,1,1,1,1,1,-1,1,1,1,1,1,-1,1,-1,1,1,-1,1,1,1,1,1,1,1,1,1,-1,-1,1,-1,1,1,1,-1,-1,1,1,1,1,1,-1,-1,1,1,-1,1,1,-1,-1,1,1,1,-1,1,-1,1,-1,1,-1,1,1,1,-1,-1,1,1,-1,1,-1,1,1,1,-1,-1,-1,-1,1,-1,1,-1,1,1,-1,1,1,-1,-1,1,1,-1,1,1,-1,1,1,1,1,-1,1,1,-1,-1,1,1,1,-1,1,-1,1,-1,-1,1,1,1,-1,-1,-1,1,1,1,1,1,-1,1,-1,1,1,1,1,1,-1,-1,1,-1,1,-1,1,-1,-1,1,1,1,1,1,-1,-1,1,-1,1,1,1,-1,1,-1,1,-1,1,1,-1,-1,-1,-1,1,1,1,-1,-1,-1,1,1,1,1,-1,1,-1,-1,1,1,-1,1,-1,1,-1,1,1,-1,-1,-1,-1,1,1,1,-1,1,-1,-1,-1,1,1,-1,-1,1,-1,1,1,1,1,-1,-1,1,-1,-1,1,1,-1,-1,1,1,-1,1,-1,-1,-1,-1,-1,1,-1,1,-1,-1,-1,-1,1,-1,1,-1,-1,-1,-1,-1,1,1,1,-1,-1,-1,1,-1,-1,-1,1,1,1,1,-1,-1,1,-1,1,-1,1,-1,1,-1,1,1,1,-1,-1,-1,1,-1,1,-1,1,-1,-1,-1,1,1,-1,1,-1,-1,-1,1,1,-1,1,-1,-1,1,1,1,-1,1,-1,-1,-1,-1,1,1,1,-1,1,-1,-1,1,-1,1,-1,1,1,1,1,-1,1,1,-1,-1,-1,-1,-1,1,1,-1,-1,-1,1,-1,1,1,-1,-1,1,-1,1,1,-1,-1,-1,-1,-1,1,1,-1,1,-1,1,1,1,1,1,-1,-1,-1,-1,-1,1,-1,1,-1,-1,1,-1,1,1,-1,1,-1,-1,1,1,1,-1,1,-1,1,-1,1,1,-1,1,-1,1,-1,1,1,-1,1,-1,-1,-1,1,1,-1,-1,1,-1,-1,1,1,-1,-1,-1,-1,-1,1,1,-1,-1,1,-1,-1,1,-1,1,-1,1,-1,-1,1,-1,-1,1,-1,1,-1,1,1,-1,1,-1,1,-1,1,-1,-1,1,-1,1,-1,1,1,-1,1,-1,-1,-1,-1,1,-1,1,-1,1,-1,-1,1,-1,1,-1,1,-1,-1,-1,1,1,-1,-1,-1,-1,1,-1,-1,-1,-1,-1,-1,-1,-1,1,-1,-1,-1,-1,1,1,-1,1,-1,-1,-1,1,-1,-1,1,-1,-1,-1,-1,-1,1,1,-1,-1,-1,-1,-1,1,-1,-1,-1,1,-1,-1,1,-1,1,-1,-1,-1,-1,-1,-1,-1,1,-1,-1,-1,1,1,-1,-1,-1,-1,1,-1,-1,-1,-1,-1,-1,-1,1,-1,1,-1,-1,-1,-1,1,-1,1,1,-1,1,-1,-1,1,1,-1,-1,-1,-1,-1,-1,1,1,-1,-1,1,-1,1,1,-1,-1,-1,1,-1,1,1,-1,-1,1,-1,-1,1,1,1,-1,1,-1,1,1,1,-1,-1,1,-1,-1,1,1,-1,-1,1,-1,-1,1,1,-1,1,1,-1,-1,1,1,-1,-1,1,1,-1,1,1,-1,-1,1,-1,-1,1,1,1,-1,-1,1,-1,1,1,1,-1,1,1,-1,1,-1,1,-1,-1,1,-1,-1,1,-1,-1,-1,1,-1,1,1,1,-1,-1,1,1,1,1,1,-1,-1,1,1,-1,1,1,-1,1,-1,1,-1,1,1,-1,1,1,1,-1,1,-1,-1,1,1,-1,1,1,-1,1,-1,1,1,1,1,1,-1,1,-1,1,1,1,1,-1,-1,-1,1,-1,1,1,-1,-1,1,-1,1,1,-1,-1,1,-1,1,1,1,1,-1,1,-1,1,-1,1,1,-1,-1,1,-1,-1,1,1,1,-1,-1,-1,-1,1,-1,-1,1,-1,1,1,-1,-1,1,-1,-1,1,-1,1,1,1,-1,-1,-1,1,-1,-1,1,-1,1,-1,1,1,1,1,-1,1,-1,1,-1,-1,1,-1,-1,1,-1,1,1,1,1,-1,1,-1,-1,-1,1,-1,-1,1,1,-1,-1,1,1,-1,1,-1,1,1,1,1,-1,1,-1,1,-1,1,1,-1,1,1,1,-1,1,1,-1,-1,1,1,1,-1,1,-1,1,-1,1,-2646.0,1,2000,445,1000,True
2791,1,1,-1,-1,1,1,-1,1,1,1,1,-1,-1,1,1,1,-1,1,-1,-1,-1,1,1,1,1,1,-1,-1,1,1,1,1,-1,-1,-1,1,-1,1,1,1,-1,-1,1,1,1,1,1,1,-1,-1,1,1,-1,1,-1,-1,1,-1,1,1,1,-1,-1,-1,1,1,1,1,1,-1,1,-1,1,1,1,1,-1,1,-1,1,1,1,1,-1,-1,1,1,1,1,-1,1,1,-1,1,1,1,1,-1,-1,-1,1,1,1,1,1,-1,-1,1,1,1,1,-1,-1,-1,1,1,1,1,1,-1,-1,1,1,1,1,-1,-1,-1,1,1,1,1,1,-1,-1,1,1,1,1,1,-1,-1,-1,1,1,1,1,-1,-1,-1,1,1,1,1,1,-1,-1,-1,1,1,1,1,-1,-1,1,-1,1,1,1,-1,-1,-1,1,1,1,-1,-1,1,1,1,1,-1,1,-1,-1,-1,1,1,1,-1,-1,-1,-1,1,1,1,1,-1,-1,-1,1,-1,1,1,-1,-1,1,1,1,1,1,-1,1,1,-1,-1,1,1,-1,1,-1,1,1,1,1,1,-1,-1,-1,1,1,1,-1,-1,1,1,1,1,1,-1,-1,1,-1,-1,1,1,1,-1,-1,-1,1,1,1,-1,-1,-1,1,1,1,1,-1,-1,-1,1,1,-1,1,1,-1,-1,1,1,-1,1,1,1,-1,1,1,-1,1,1,1,-1,-1,1,1,1,1,1,-1,-1,1,1,1,-1,-1,1,-1,1,-1,1,1,-1,-1,-1,1,-1,1,1,1,-1,1,1,1,1,1,1,-1,1,1,-1,1,-1,1,-1,-1,-1,-1,1,1,1,-1,-1,1,1,1,1,1,-1,1,-1,1,1,1,1,-1,-1,-1,1,1,1,-1,-1,-1,1,-1,1,1,-1,-1,-1,-1,1,1,-1,1,-1,-1,-1,1,1,1,-1,-1,-1,-1,1,1,1,1,1,-1,1,1,1,1,1,1,-1,-1,1,1,1,-1,1,-1,-1,-1,1,1,1,-1,1,-1,1,1,1,-1,-1,1,1,1,1,1,-1,1,1,-1,1,1,-1,1,1,1,-1,1,1,-1,-1,1,-1,1,1,1,1,1,1,1,1,1,-1,1,1,-1,1,-1,1,1,1,-1,1,-1,1,-1,-1,1,-1,1,1,-1,1,1,1,-1,-1,1,1,-1,-1,1,1,-1,1,1,-1,1,1,1,-1,1,1,1,-1,1,1,-1,1,1,1,1,-1,1,-1,-1,1,-1,-1,1,1,-1,-1,1,-1,1,1,-1,-1,1,1,-1,-1,1,-1,-1,1,1,-1,1,1,-1,-1,1,1,-1,1,1,-1,-1,1,-1,1,-1,1,-1,1,-1,1,-1,1,1,1,-1,1,1,-1,-1,1,-1,-1,-1,1,-1,1,1,-1,-1,-1,1,-1,-1,1,-1,-1,-1,-1,1,-1,1,-1,-1,1,-1,1,-1,-1,1,1,1,-1,1,-1,1,-1,1,-1,-1,-1,1,1,-1,-1,-1,1,1,1,-1,-1,1,-1,1,1,1,-1,-1,-1,1,-1,1,-1,1,-1,-1,-1,1,1,-1,1,-1,-1,-1,1,1,-1,1,-1,-1,-1,1,1,-1,1,-1,-1,-1,-1,1,1,1,-1,1,-1,-1,1,-1,1,-1,-1,1,-1,1,-1,1,1,-1,-1,-1,-1,-1,1,1,-1,1,-1,-1,-1,1,1,-1,-1,-1,1,1,1,-1,-1,-1,-1,1,1,1,-1,1,-1,1,-1,1,1,1,-1,-1,-1,-1,-1,1,-1,1,-1,-1,1,-1,1,1,-1,1,-1,-1,1,1,1,-1,1,-1,-1,-1,1,1,-1,1,-1,-1,-1,1,1,-1,1,-1,-1,-1,1,1,-1,-1,1,-1,-1,1,1,-1,-1,-1,-1,-1,1,1,1,-1,1,1,-1,1,-1,1,-1,-1,1,-1,1,-1,-1,1,-1,-1,-1,1,1,-1,1,-1,1,-1,1,-1,1,-1,1,1,-1,1,1,-1,1,-1,1,-1,-1,1,-1,1,-1,1,-1,-1,1,-1,1,-1,1,-1,-1,1,1,1,1,1,-1,-1,1,1,-1,1,1,-1,-1,-1,1,-1,1,1,-1,-1,1,1,1,-1,1,-1,-1,1,1,-1,1,1,-1,-1,1,-1,1,-1,1,-1,-1,1,1,-1,1,-1,-1,1,-1,1,-1,1,1,-1,1,1,1,-1,1,1,1,1,1,1,-1,1,1,-1,-1,-1,1,-1,1,1,-1,1,1,1,1,1,1,-1,1,1,1,1,-1,1,1,-1,1,1,-1,1,1,-1,-1,1,1,1,-1,1,1,-1,1,-1,1,-1,1,-1,-1,-1,1,1,-1,1,-1,-1,1,1,1,-1,1,1,-1,1,1,-1,1,1,-1,1,1,1,1,1,1,-1,-1,-1,1,-1,-1,1,-1,1,1,1,-1,-1,1,-1,-1,1,-1,1,1,-1,-1,-1,-1,-1,1,-1,1,1,-1,-1,-1,1,1,1,-1,-1,1,1,1,-1,1,1,-1,-1,-1,1,-1,1,1,-1,1,-1,1,-1,1,1,-1,1,-1,1,1,1,1,-1,-1,-1,1,-1,-1,-1,-1,-1,-1,1,-1,1,-1,-1,-1,1,1,-1,1,1,-1,-1,1,-1,-1,1,-1,1,-1,1,1,-1,1,1,-1,1,-1,1,-1,1,1,-1,1,-1,1,-1,1,1,-1,-1,1,-1,-1,-1,1,-1,1,-1,1,-1,-1,1,-1,1,-1,1,-1,1,1,-1,1,-1,-1,-1,-1,1,-1,-1,-1,-1,-1,1,1,1,-1,1,1,1,1,1,-1,-1,1,1,-1,-1,1,-1,-1,1,-1,1,1,1,-1,-1,-1,-1,-1,-1,-1,-1,-1,1,-1,1,1,1,-1,1,1,-1,1,1,1,1,-1,1,-1,1,1,1,-1,-1,1,-1,1,1,1,-1,-1,1,-1,1,1,1,-1,-1,1,-1,1,1,1,1,-1,1,-1,-1,1,1,1,-1,-1,1,-1,1,1,1,-1,1,-1,-1,1,-2646.0,1,2000,445,1000,True
2792,1,1,-1,-1,1,-1,1,1,1,1,1,-1,1,1,1,1,-1,1,-1,-1,1,1,1,1,1,-1,1,1,1,1,1,1,-1,-1,1,1,-1,1,1,1,-1,1,1,1,1,1,1,-1,1,1,1,1,-1,1,-1,1,1,-1,1,1,1,-1,-1,1,1,1,1,1,-1,1,1,-1,1,1,1,-1,1,1,-1,1,1,-1,-1,1,-1,1,1,1,-1,-1,1,1,-1,1,1,-1,1,-1,-1,1,1,1,-1,1,-1,-1,-1,1,1,1,1,1,-1,-1,1,1,1,1,-1,-1,-1,1,1,1,-1,1,-1,-1,1,1,1,1,-1,-1,-1,1,1,1,1,-1,-1,-1,1,1,1,1,-1,-1,-1,-1,1,1,1,-1,1,-1,-1,1,1,1,-1,-1,-1,-1,1,1,1,-1,1,-1,1,1,1,1,-1,-1,-1,1,1,1,-1,1,1,-1,1,1,1,-1,-1,-1,-1,-1,1,1,1,-1,1,-1,1,1,-1,1,-1,1,-1,-1,1,1,1,-1,1,-1,1,1,-1,1,-1,1,-1,1,1,1,1,1,1,1,-1,1,-1,1,-1,1,1,-1,1,1,1,1,1,-1,-1,1,-1,-1,1,1,1,-1,1,1,-1,1,1,-1,1,1,-1,-1,1,1,-1,-1,1,-1,1,1,1,1,1,1,-1,1,1,1,1,1,1,-1,1,1,1,1,1,1,-1,-1,1,1,1,1,1,1,-1,1,1,1,1,1,1,1,1,1,1,1,1,-1,1,1,1,-1,1,-1,1,1,1,1,1,1,1,-1,-1,1,1,-1,1,1,1,-1,1,1,1,1,1,1,1,1,1,1,1,1,1,-1,1,1,1,1,1,-1,1,-1,1,1,1,-1,1,1,1,1,1,1,1,1,-1,-1,1,1,1,1,1,-1,-1,1,1,1,1,1,-1,-1,1,1,1,1,1,-1,-1,1,1,-1,-1,1,-1,-1,-1,1,-1,1,1,1,-1,1,1,1,-1,1,-1,1,1,1,1,-1,-1,-1,-1,1,1,1,-1,1,-1,-1,1,1,-1,1,1,-1,-1,1,1,-1,1,1,-1,-1,1,1,-1,-1,1,1,-1,-1,1,-1,1,1,1,-1,1,1,1,-1,-1,1,1,1,1,1,-1,1,1,-1,1,1,1,1,-1,1,1,-1,1,-1,1,-1,1,-1,-1,-1,1,1,-1,-1,1,-1,1,1,-1,-1,1,-1,1,1,-1,1,-1,-1,1,-1,1,1,1,-1,1,1,1,1,1,1,-1,1,1,1,1,1,-1,-1,1,1,1,-1,1,-1,-1,1,-1,1,-1,1,-1,-1,1,1,1,1,1,-1,-1,1,-1,1,-1,1,1,-1,1,-1,1,-1,1,1,-1,-1,-1,1,-1,1,-1,-1,1,1,1,-1,1,1,-1,-1,1,1,-1,1,1,-1,-1,1,1,1,1,1,1,-1,1,1,-1,-1,-1,-1,1,-1,1,1,-1,-1,1,1,-1,-1,1,-1,1,-1,1,-1,1,-1,-1,-1,1,-1,-1,1,1,-1,-1,-1,1,-1,-1,1,-1,-1,-1,1,-1,-1,1,-1,-1,-1,1,-1,-1,1,-1,-1,-1,-1,-1,1,1,-1,1,-1,-1,-1,-1,1,-1,1,1,1,-1,-1,1,1,-1,-1,-1,1,-1,1,1,-1,-1,-1,1,-1,1,1,-1,-1,1,-1,1,1,-1,-1,-1,-1,1,1,1,-1,1,-1,-1,1,1,1,1,-1,-1,-1,1,-1,1,1,-1,-1,-1,1,-1,1,1,-1,-1,-1,1,1,1,1,-1,1,-1,1,-1,1,1,-1,-1,-1,-1,-1,1,1,-1,-1,-1,1,-1,1,1,-1,-1,1,1,-1,1,1,-1,-1,-1,1,-1,1,1,1,-1,1,-1,-1,-1,-1,1,-1,-1,-1,-1,1,-1,-1,-1,1,1,-1,-1,1,-1,-1,1,1,-1,1,-1,-1,1,-1,-1,-1,-1,1,-1,1,-1,-1,-1,-1,1,-1,-1,1,-1,-1,-1,1,-1,1,-1,1,-1,-1,-1,-1,-1,1,-1,-1,-1,1,-1,1,-1,-1,-1,-1,-1,-1,-1,1,-1,-1,-1,1,1,-1,1,-1,-1,-1,1,-1,-1,1,-1,-1,-1,-1,-1,1,1,-1,-1,-1,-1,-1,1,-1,-1,-1,1,-1,-1,1,-1,1,-1,-1,-1,-1,-1,-1,-1,1,-1,-1,-1,1,1,-1,-1,-1,-1,1,1,-1,-1,-1,-1,-1,-1,1,-1,1,-1,-1,-1,-1,1,-1,1,1,-1,1,-1,-1,1,1,-1,-1,-1,-1,-1,-1,1,1,-1,-1,1,-1,1,1,-1,-1,-1,1,-1,-1,1,-1,-1,1,-1,-1,1,1,1,-1,1,-1,1,1,1,-1,-1,1,-1,-1,1,1,1,-1,1,-1,-1,1,1,-1,1,1,-1,-1,1,1,1,-1,1,1,-1,1,1,-1,-1,1,-1,-1,1,1,1,-1,-1,1,-1,-1,1,1,-1,1,1,-1,1,-1,1,1,-1,1,-1,-1,1,-1,1,-1,1,-1,1,1,1,1,-1,1,1,1,1,1,-1,-1,1,1,-1,1,1,-1,1,-1,1,-1,1,1,-1,1,1,-1,1,1,1,-1,-1,1,1,-1,1,1,-1,1,1,-1,-1,1,1,-1,1,-1,1,-1,1,1,-1,-1,-1,1,-1,1,1,-1,-1,1,1,-1,-1,-1,-1,1,-1,1,-1,-1,1,-1,-1,-1,1,1,-1,1,-1,-1,1,-1,1,-1,-1,1,-1,-1,-1,1,-1,-1,-1,1,-1,1,-1,1,-1,1,-1,-1,1,1,-1,1,1,-1,-1,1,-1,1,-1,1,-1,-1,1,-1,-1,1,1,-1,-1,1,1,1,-1,1,-1,-1,1,-1,1,1,1,1,-1,1,-1,1,-1,1,1,-1,1,1,1,-1,1,1,-1,1,-1,1,1,1,1,-1,1,1,-1,-1,1,1,-1,1,1,1,-1,1,1,-1,-1,1,1,1,-1,1,-1,1,1,1,-2646.0,1,2000,445,1000,True
2793,1,1,-1,-1,1,-1,1,1,1,1,1,-1,1,1,1,1,-1,1,-1,-1,1,1,1,1,1,-1,1,1,1,1,1,1,-1,-1,1,1,-1,1,1,1,-1,1,1,1,1,1,1,1,1,-1,1,1,1,1,-1,1,1,-1,1,1,1,-1,-1,-1,1,1,1,1,1,1,1,-1,1,1,1,1,1,-1,1,1,1,-1,-1,1,-1,1,1,1,1,-1,1,1,-1,1,1,1,1,-1,-1,1,1,1,1,1,-1,-1,-1,1,1,1,1,1,-1,-1,1,1,1,1,-1,-1,-1,1,1,1,1,1,-1,-1,1,1,1,1,-1,-1,-1,1,1,1,1,-1,-1,-1,1,1,1,1,-1,-1,-1,-1,1,1,1,-1,1,-1,-1,1,1,1,-1,-1,-1,-1,1,1,1,-1,1,-1,1,1,1,1,-1,-1,-1,1,1,1,1,1,1,-1,1,1,1,-1,-1,-1,-1,-1,1,1,-1,-1,1,-1,-1,1,-1,1,-1,1,-1,-1,1,1,1,-1,1,-1,1,1,-1,1,-1,1,-1,1,1,1,1,1,1,1,-1,1,-1,1,-1,1,-1,-1,1,1,1,1,1,-1,-1,1,-1,-1,1,1,1,-1,1,1,-1,1,1,-1,1,1,-1,-1,1,1,-1,-1,1,-1,1,1,1,1,1,1,-1,1,1,1,1,1,1,-1,1,1,1,1,1,1,-1,-1,1,1,1,1,1,1,-1,1,1,-1,-1,1,1,1,1,1,1,1,1,-1,1,1,1,1,1,-1,1,1,1,1,1,1,1,-1,-1,1,1,-1,1,1,1,-1,1,1,1,1,1,1,1,1,1,1,1,1,1,-1,1,1,1,1,1,-1,1,-1,1,1,-1,1,1,1,1,1,1,1,1,1,-1,-1,1,-1,1,1,1,-1,-1,1,1,1,1,1,-1,-1,1,1,-1,1,1,-1,-1,1,1,1,-1,1,-1,1,-1,1,-1,1,1,1,-1,-1,1,1,-1,1,-1,1,1,1,-1,-1,-1,-1,1,-1,1,-1,1,1,-1,1,1,-1,-1,1,1,-1,1,1,-1,1,1,-1,1,-1,1,1,1,-1,1,1,1,-1,1,-1,1,-1,-1,1,1,1,-1,-1,-1,1,1,1,1,-1,1,-1,-1,1,1,1,1,-1,-1,-1,1,-1,1,-1,1,-1,-1,1,1,1,1,1,-1,-1,1,-1,1,1,-1,-1,1,-1,1,-1,1,-1,-1,-1,-1,-1,1,1,-1,-1,-1,-1,1,1,-1,1,-1,1,-1,-1,1,-1,-1,1,-1,1,1,1,-1,-1,-1,-1,-1,1,1,1,-1,1,-1,-1,-1,1,-1,-1,-1,1,-1,1,1,-1,-1,-1,-1,1,-1,1,-1,-1,-1,-1,1,1,1,-1,-1,-1,-1,-1,-1,1,-1,-1,-1,-1,-1,-1,1,-1,-1,-1,-1,-1,-1,-1,1,1,1,-1,-1,-1,1,-1,1,1,1,1,1,1,-1,-1,1,1,1,-1,1,-1,1,-1,1,1,1,-1,-1,-1,-1,-1,1,-1,1,-1,-1,-1,1,1,-1,1,-1,-1,-1,1,1,-1,1,-1,-1,1,1,1,-1,1,-1,-1,-1,-1,1,1,1,-1,1,-1,-1,1,-1,1,-1,-1,1,-1,1,-1,1,1,-1,-1,-1,-1,-1,1,1,-1,-1,-1,-1,-1,-1,1,-1,-1,-1,1,1,1,-1,-1,-1,-1,1,1,1,-1,1,-1,1,-1,1,1,1,-1,-1,-1,-1,-1,1,-1,1,-1,-1,1,-1,1,1,-1,1,-1,-1,1,1,1,-1,1,-1,-1,-1,1,1,-1,1,-1,-1,-1,1,1,-1,1,-1,-1,-1,1,1,-1,-1,1,-1,-1,1,1,-1,-1,-1,-1,-1,1,1,-1,-1,1,1,-1,-1,-1,1,-1,1,1,-1,1,-1,-1,1,1,1,-1,1,1,-1,1,-1,1,-1,1,-1,-1,1,-1,1,-1,1,1,-1,1,1,1,-1,-1,1,-1,1,-1,1,-1,-1,1,-1,1,1,1,-1,-1,-1,1,1,1,1,-1,-1,1,-1,-1,1,1,-1,-1,-1,-1,1,-1,1,-1,-1,1,1,-1,1,1,-1,-1,1,-1,-1,1,1,-1,-1,-1,-1,1,-1,1,-1,-1,-1,-1,-1,1,-1,-1,1,-1,-1,1,-1,1,-1,-1,-1,-1,-1,1,1,1,-1,-1,-1,1,1,1,-1,-1,-1,1,-1,-1,1,1,-1,-1,-1,1,1,1,-1,-1,-1,-1,1,-1,1,-1,-1,1,-1,-1,1,1,-1,-1,-1,-1,-1,-1,1,1,-1,-1,1,-1,1,1,-1,-1,-1,1,-1,1,1,-1,-1,1,-1,-1,1,1,1,-1,1,-1,1,1,1,-1,-1,1,-1,-1,1,1,-1,-1,1,-1,-1,1,1,-1,1,1,-1,-1,1,1,-1,-1,1,1,-1,1,1,-1,-1,1,-1,-1,1,1,1,-1,-1,1,-1,1,1,1,-1,1,1,-1,1,-1,1,-1,-1,1,-1,1,1,1,-1,-1,1,-1,1,1,1,-1,-1,1,1,1,1,1,-1,-1,1,1,-1,1,-1,-1,1,-1,1,-1,1,-1,-1,1,1,1,-1,1,1,-1,1,1,-1,1,1,-1,1,-1,1,1,1,1,1,-1,1,-1,1,1,1,1,-1,-1,-1,1,-1,1,1,-1,-1,1,-1,1,1,-1,-1,1,-1,1,1,1,1,-1,1,-1,1,-1,1,1,-1,-1,1,-1,-1,1,-1,1,-1,-1,-1,-1,1,-1,-1,1,-1,1,1,-1,-1,1,-1,-1,1,-1,1,1,1,-1,-1,-1,1,-1,-1,1,-1,1,-1,1,1,1,1,-1,1,-1,1,-1,-1,1,-1,-1,1,-1,1,1,1,1,-1,1,-1,-1,-1,1,1,-1,1,1,-1,-1,1,1,-1,1,-1,1,1,1,1,-1,1,-1,1,-1,1,1,-1,1,1,1,-1,1,1,-1,-1,1,1,1,-1,1,-1,1,-1,1,-2646.0,1,2000,445,1000,True
2794,1,1,-1,-1,1,-1,1,1,1,1,1,-1,1,1,1,1,-1,1,-1,-1,1,1,1,1,1,-1,1,1,1,1,1,1,1,-1,1,1,-1,1,1,1,-1,1,1,1,1,1,1,-1,1,1,1,1,-1,1,-1,1,1,-1,1,1,1,-1,-1,-1,1,1,1,1,-1,1,1,-1,1,1,1,-1,1,1,-1,1,1,-1,-1,1,-1,1,1,1,-1,-1,1,1,-1,1,1,-1,1,-1,-1,1,1,1,-1,1,-1,-1,-1,1,1,1,1,1,-1,-1,1,1,1,1,-1,-1,-1,1,1,1,-1,1,-1,-1,1,1,1,1,-1,-1,-1,1,1,1,1,-1,-1,-1,-1,1,1,1,-1,-1,-1,-1,1,1,1,-1,1,-1,1,1,1,1,-1,1,-1,-1,1,1,1,-1,1,-1,1,1,1,1,-1,-1,-1,1,1,1,-1,1,1,-1,-1,1,1,1,-1,-1,-1,-1,1,1,1,-1,1,-1,-1,1,-1,1,-1,1,-1,-1,1,1,1,-1,1,-1,1,1,1,1,-1,1,-1,1,1,-1,1,1,1,1,-1,1,-1,1,-1,1,-1,-1,1,-1,1,1,1,-1,-1,1,-1,-1,1,1,1,-1,1,-1,-1,1,1,-1,1,1,-1,-1,1,1,-1,-1,1,-1,1,1,1,1,1,1,-1,1,1,1,1,1,1,-1,1,1,1,1,1,1,1,-1,1,1,1,-1,1,-1,-1,1,1,-1,1,1,1,1,1,1,1,1,1,-1,1,1,1,1,1,1,-1,1,1,1,1,1,1,-1,-1,1,1,-1,1,1,1,-1,1,1,1,1,1,1,1,1,1,1,1,1,-1,-1,1,1,1,1,1,-1,1,-1,1,1,-1,1,1,1,1,1,1,1,1,1,-1,-1,1,-1,1,1,1,-1,-1,1,1,1,1,1,-1,-1,1,1,-1,1,1,-1,-1,1,1,1,-1,1,-1,1,-1,1,-1,1,1,1,-1,-1,1,1,-1,1,-1,1,1,1,-1,-1,-1,-1,1,1,1,-1,1,1,-1,1,1,-1,-1,1,1,-1,1,1,-1,1,1,1,1,-1,1,1,1,-1,1,1,1,-1,1,-1,1,-1,-1,1,1,1,-1,1,-1,1,1,1,1,1,-1,1,-1,1,1,1,1,1,-1,-1,1,-1,1,-1,1,-1,-1,-1,-1,1,1,1,-1,-1,1,-1,1,1,1,-1,1,-1,1,-1,1,1,-1,-1,1,-1,1,1,1,1,-1,-1,1,1,1,1,-1,-1,1,1,1,1,-1,1,-1,1,1,1,1,-1,-1,-1,-1,1,1,1,-1,1,-1,1,-1,1,1,-1,-1,1,-1,1,1,1,1,-1,-1,-1,-1,1,1,1,-1,-1,1,1,1,1,-1,-1,-1,-1,-1,1,-1,1,-1,-1,-1,-1,1,-1,1,-1,-1,-1,-1,-1,1,1,1,-1,-1,-1,1,-1,1,-1,1,1,-1,1,-1,-1,1,1,1,1,-1,-1,1,-1,1,1,1,-1,-1,-1,-1,-1,1,1,1,-1,-1,-1,1,1,-1,1,-1,-1,-1,1,1,-1,1,-1,-1,-1,1,1,-1,1,-1,-1,-1,-1,1,1,1,-1,1,-1,-1,1,-1,1,-1,1,1,-1,1,-1,1,1,-1,-1,-1,-1,-1,1,1,-1,1,-1,-1,-1,1,1,-1,-1,-1,1,1,1,-1,-1,-1,-1,1,1,1,-1,1,-1,1,-1,1,1,1,-1,-1,-1,-1,-1,1,-1,1,-1,-1,1,-1,1,1,-1,1,-1,-1,1,1,1,-1,1,-1,-1,-1,1,1,-1,1,-1,-1,-1,1,1,-1,1,-1,-1,-1,1,1,-1,-1,1,-1,-1,1,1,-1,-1,-1,-1,-1,1,1,1,-1,1,-1,-1,-1,-1,1,-1,1,-1,-1,1,-1,-1,1,-1,1,-1,1,1,-1,1,-1,1,-1,1,-1,-1,1,-1,1,-1,1,1,-1,1,-1,-1,-1,-1,1,-1,1,-1,1,-1,-1,1,-1,1,-1,1,-1,-1,1,-1,1,-1,-1,-1,-1,1,1,-1,-1,-1,-1,-1,-1,-1,1,-1,-1,-1,-1,1,-1,-1,1,-1,-1,-1,1,-1,-1,1,-1,-1,-1,-1,-1,1,1,-1,-1,-1,-1,-1,1,-1,-1,-1,1,-1,-1,1,-1,1,-1,-1,-1,-1,-1,-1,-1,1,-1,-1,-1,-1,1,1,-1,-1,-1,1,-1,-1,-1,-1,-1,-1,-1,1,1,1,-1,-1,1,-1,1,1,1,1,-1,1,-1,-1,-1,1,-1,-1,-1,-1,-1,-1,1,1,-1,-1,1,-1,1,1,-1,-1,-1,-1,-1,1,1,-1,-1,-1,1,-1,1,1,1,-1,-1,-1,1,1,1,-1,-1,1,-1,-1,1,1,1,-1,1,-1,-1,1,1,-1,1,-1,1,-1,1,1,1,-1,1,1,-1,1,1,1,-1,1,1,-1,1,1,1,-1,-1,1,-1,1,1,1,-1,1,1,-1,1,-1,1,1,-1,1,-1,-1,1,-1,1,-1,1,-1,1,1,1,1,-1,1,1,1,1,1,-1,-1,1,1,-1,1,1,-1,1,-1,1,-1,1,1,-1,1,1,1,-1,1,1,-1,1,1,-1,1,1,1,-1,-1,1,1,1,1,1,-1,1,-1,1,1,1,1,-1,-1,-1,1,-1,1,1,-1,-1,1,-1,1,1,-1,-1,1,-1,1,1,1,1,-1,1,-1,1,-1,1,1,-1,-1,1,-1,-1,1,1,1,-1,-1,-1,-1,1,-1,-1,1,-1,1,1,1,-1,1,-1,-1,1,1,1,1,1,-1,-1,-1,1,-1,-1,1,-1,1,-1,-1,1,1,1,-1,-1,-1,1,-1,-1,1,-1,-1,1,-1,1,1,1,1,-1,1,-1,-1,-1,1,1,-1,1,1,1,-1,1,1,-1,1,-1,1,1,1,1,-1,1,-1,1,-1,1,1,-1,1,1,1,-1,1,1,-1,-1,1,1,1,-1,1,-1,1,-1,1,-2646.0,1,2000,445,1000,True
2795,1,1,-1,-1,1,1,-1,1,1,1,1,-1,1,1,1,1,-1,1,-1,-1,-1,1,1,1,1,-1,-1,-1,1,1,1,1,-1,-1,-1,1,-1,1,1,1,-1,-1,1,1,1,1,1,-1,1,-1,1,1,-1,1,-1,-1,-1,-1,1,1,1,-1,-1,1,1,1,1,1,-1,-1,1,-1,1,1,1,-1,-1,1,-1,1,1,-1,-1,-1,-1,1,1,1,-1,-1,-1,-1,-1,1,1,-1,-1,1,-1,1,1,1,-1,-1,1,-1,-1,1,1,-1,-1,-1,-1,-1,1,1,-1,-1,1,-1,-1,1,1,1,-1,-1,-1,-1,1,1,1,-1,1,-1,-1,1,1,1,-1,1,-1,-1,-1,1,1,-1,1,-1,-1,-1,1,1,-1,-1,1,-1,-1,1,1,-1,1,-1,-1,-1,1,1,-1,1,1,-1,1,1,-1,-1,1,-1,-1,1,1,-1,1,-1,1,-1,1,1,-1,1,1,-1,-1,-1,1,1,1,1,1,-1,-1,1,-1,1,1,1,-1,-1,1,1,-1,1,1,-1,1,1,-1,1,1,1,-1,1,1,1,1,1,1,1,-1,1,-1,-1,1,1,-1,-1,1,1,-1,1,1,-1,-1,1,-1,1,1,1,1,-1,1,1,-1,1,1,-1,1,1,-1,1,1,1,-1,-1,1,-1,1,1,1,1,1,1,-1,1,1,1,1,1,1,-1,1,1,1,1,1,1,-1,1,1,1,1,1,1,1,-1,1,1,-1,-1,1,1,1,1,1,1,1,1,-1,-1,1,1,1,1,-1,1,1,1,1,1,1,1,-1,-1,1,1,-1,1,1,1,-1,1,1,1,1,1,1,-1,1,1,1,1,1,1,-1,1,1,1,1,1,-1,1,-1,1,1,-1,1,1,1,1,1,1,-1,1,1,-1,-1,1,-1,1,1,1,-1,-1,1,1,-1,1,1,-1,-1,1,1,-1,1,1,-1,-1,1,1,1,-1,1,-1,1,-1,1,-1,1,1,-1,-1,-1,1,1,-1,1,-1,1,1,1,-1,-1,-1,-1,1,-1,1,-1,1,1,-1,1,1,-1,1,1,1,-1,1,1,-1,1,1,-1,1,-1,1,1,1,-1,1,1,1,-1,1,-1,1,-1,-1,1,1,1,-1,1,-1,1,1,1,1,-1,1,-1,-1,1,1,1,1,1,-1,-1,1,-1,1,-1,1,-1,-1,-1,-1,-1,1,1,-1,-1,1,-1,1,1,-1,-1,1,-1,-1,1,-1,1,-1,-1,1,-1,1,-1,-1,-1,-1,-1,1,1,-1,1,-1,-1,1,1,1,-1,-1,1,-1,1,1,-1,1,-1,-1,-1,-1,1,-1,1,-1,1,-1,-1,1,1,1,-1,-1,1,-1,1,1,-1,1,-1,-1,-1,1,-1,1,-1,-1,-1,1,1,-1,1,-1,-1,-1,-1,1,-1,1,-1,-1,-1,-1,1,-1,1,-1,-1,-1,-1,1,1,-1,1,1,-1,-1,1,-1,1,1,1,1,1,1,1,-1,-1,1,1,-1,-1,1,-1,1,-1,1,-1,1,-1,-1,-1,-1,-1,-1,1,1,-1,-1,-1,1,-1,-1,1,-1,-1,-1,1,-1,1,1,-1,-1,1,1,-1,-1,1,-1,-1,-1,-1,-1,1,1,-1,1,-1,-1,-1,-1,1,-1,-1,1,1,-1,-1,1,1,-1,-1,-1,1,-1,1,1,-1,-1,-1,1,-1,1,1,-1,-1,1,-1,1,1,-1,-1,-1,-1,1,1,1,-1,1,-1,-1,1,1,1,1,-1,-1,-1,1,-1,1,-1,1,-1,-1,1,-1,1,1,-1,1,-1,1,1,1,1,-1,1,-1,1,-1,1,1,-1,1,-1,1,-1,1,1,-1,1,-1,1,-1,1,1,1,-1,1,1,-1,1,1,-1,-1,-1,1,-1,1,1,-1,-1,1,-1,-1,-1,-1,1,-1,1,-1,-1,1,-1,-1,1,1,1,-1,1,1,-1,1,1,-1,-1,1,-1,1,-1,1,-1,-1,1,1,-1,1,1,-1,-1,-1,1,-1,1,-1,-1,-1,-1,1,-1,1,1,-1,-1,-1,-1,1,1,1,-1,-1,-1,1,-1,-1,1,1,-1,-1,-1,-1,1,-1,1,-1,-1,1,1,1,1,1,-1,-1,1,-1,-1,1,-1,-1,-1,-1,-1,1,-1,1,-1,-1,-1,-1,1,-1,-1,-1,1,-1,1,-1,-1,1,-1,-1,-1,-1,-1,-1,1,1,-1,-1,-1,1,1,1,-1,-1,-1,1,-1,-1,1,-1,-1,-1,-1,1,1,1,-1,-1,-1,-1,1,-1,1,1,-1,1,-1,-1,1,1,-1,-1,-1,-1,-1,-1,1,1,-1,-1,1,-1,1,1,-1,-1,-1,1,-1,1,1,-1,-1,1,-1,-1,1,1,1,-1,1,-1,1,1,1,-1,-1,1,-1,-1,1,1,1,-1,1,-1,-1,1,1,-1,1,1,-1,-1,1,1,-1,1,1,1,-1,1,1,-1,1,1,-1,-1,1,1,1,1,1,1,-1,1,1,1,1,1,1,-1,1,-1,1,1,1,1,1,1,1,-1,1,1,1,-1,1,1,1,1,-1,1,1,1,1,1,1,1,1,1,-1,1,1,1,1,-1,1,-1,1,1,1,1,1,1,-1,1,1,1,-1,1,-1,1,1,1,-1,1,1,1,1,1,1,1,1,-1,1,1,1,1,1,-1,1,1,-1,1,1,1,-1,1,-1,1,1,1,1,-1,-1,1,1,1,1,1,1,-1,1,-1,1,1,1,1,-1,-1,-1,1,1,1,-1,-1,-1,-1,1,1,1,-1,-1,1,1,1,1,-1,-1,-1,1,1,1,1,1,-1,-1,-1,1,-1,1,-1,-1,1,1,-1,1,-1,-1,-1,-1,-1,1,-1,1,-1,1,-1,1,-1,1,1,1,-1,-1,1,-1,-1,1,-1,-1,-1,1,1,1,1,-1,-1,-1,1,-1,1,1,-1,-1,-1,1,-1,1,1,1,-1,-1,1,1,1,1,-1,-1,-1,-1,1,1,-1,1,-1,-1,1,-1,1,-2646.0,1,2000,445,1000,True
2796,1,1,-1,-1,1,1,-1,1,1,1,1,-1,-1,1,1,1,-1,1,-1,-1,-1,1,1,1,1,1,-1,-1,1,1,1,1,-1,-1,-1,1,-1,1,1,1,-1,-1,1,1,1,1,1,1,-1,-1,1,1,-1,1,-1,-1,1,-1,1,1,1,-1,-1,-1,1,1,1,1,1,-1,1,-1,1,1,1,1,-1,1,-1,1,1,1,1,-1,-1,1,1,1,1,-1,-1,1,-1,1,1,1,1,1,-1,1,1,1,1,1,1,-1,-1,1,1,1,1,-1,-1,-1,1,1,1,1,1,-1,-1,1,1,1,1,-1,-1,-1,1,1,1,1,1,-1,-1,1,1,1,1,1,-1,-1,-1,1,1,1,1,-1,-1,-1,1,1,1,1,1,-1,-1,1,1,1,1,-1,-1,-1,1,1,-1,1,1,-1,1,1,1,1,1,-1,-1,1,1,1,1,-1,1,-1,1,1,1,1,1,-1,-1,-1,1,1,1,1,1,-1,-1,1,1,-1,1,1,-1,-1,1,1,1,1,1,-1,1,1,-1,1,1,1,-1,1,1,1,1,1,1,1,-1,1,-1,1,1,1,-1,-1,1,1,1,1,1,-1,-1,1,-1,-1,1,1,1,-1,1,1,-1,1,1,-1,1,1,-1,1,1,1,-1,-1,1,-1,1,1,1,1,1,1,-1,1,-1,1,1,1,1,-1,1,-1,1,1,1,1,-1,1,1,1,1,1,1,1,1,1,1,-1,-1,1,1,1,-1,1,1,1,1,1,-1,1,1,1,1,-1,1,-1,-1,1,1,1,1,-1,-1,-1,1,-1,1,1,1,1,-1,1,1,1,1,1,1,-1,1,1,1,1,-1,-1,1,1,1,1,1,1,1,-1,1,1,-1,1,1,-1,1,1,1,-1,1,1,1,-1,1,-1,1,1,1,1,-1,1,1,-1,1,1,1,-1,1,1,-1,-1,1,-1,-1,1,1,1,1,1,1,-1,-1,1,-1,-1,1,1,1,-1,1,1,1,-1,1,-1,1,1,-1,1,1,1,-1,-1,1,-1,-1,-1,1,-1,1,-1,1,-1,1,1,1,1,-1,1,-1,1,-1,-1,1,1,1,-1,1,1,1,-1,1,1,-1,1,1,1,1,1,-1,-1,-1,1,1,1,1,1,-1,1,1,-1,1,1,1,1,-1,1,1,-1,1,1,-1,-1,1,-1,1,1,1,1,-1,-1,1,-1,1,1,1,-1,1,1,1,-1,1,1,-1,-1,1,-1,1,1,-1,-1,1,1,1,1,-1,1,-1,1,1,1,1,-1,1,-1,1,1,1,1,-1,-1,-1,1,-1,1,1,-1,-1,-1,1,1,-1,1,-1,1,-1,1,-1,1,1,-1,-1,-1,1,-1,-1,1,-1,-1,-1,-1,-1,-1,1,-1,-1,-1,1,-1,-1,1,-1,-1,-1,-1,1,-1,1,-1,-1,1,-1,1,-1,-1,1,1,1,-1,1,-1,1,-1,1,1,1,-1,1,1,-1,-1,1,1,1,-1,1,-1,1,-1,1,1,1,-1,-1,-1,-1,-1,1,-1,1,-1,-1,-1,1,1,-1,1,-1,-1,-1,1,1,-1,1,-1,-1,1,1,1,-1,1,-1,-1,-1,-1,1,1,1,-1,1,-1,-1,1,-1,1,-1,-1,1,-1,1,-1,1,1,-1,-1,-1,-1,-1,1,1,-1,-1,-1,-1,-1,1,1,-1,-1,-1,1,1,1,-1,-1,-1,-1,1,1,1,-1,1,-1,1,-1,1,1,1,-1,-1,-1,-1,-1,1,-1,1,-1,-1,1,-1,1,1,-1,1,-1,-1,1,1,1,-1,1,-1,-1,-1,1,1,-1,1,-1,-1,-1,1,1,-1,1,-1,-1,-1,1,1,1,-1,1,-1,-1,1,1,-1,-1,-1,-1,-1,1,1,-1,-1,1,1,-1,-1,-1,1,-1,-1,1,-1,1,-1,-1,1,1,-1,-1,1,1,-1,1,-1,1,-1,1,-1,1,-1,1,1,-1,1,1,-1,1,-1,1,-1,-1,1,-1,1,-1,1,-1,-1,1,-1,1,-1,1,-1,-1,-1,1,1,-1,1,-1,-1,1,-1,-1,1,1,-1,-1,-1,-1,1,-1,1,-1,-1,1,1,1,-1,1,-1,-1,1,-1,-1,-1,1,-1,-1,-1,-1,1,-1,1,-1,-1,-1,-1,-1,1,-1,-1,1,-1,-1,1,-1,1,-1,-1,-1,-1,1,-1,1,1,-1,-1,-1,1,-1,1,-1,-1,-1,1,1,-1,1,-1,-1,-1,-1,-1,1,1,-1,-1,-1,-1,-1,1,-1,1,-1,1,-1,1,1,1,-1,-1,-1,-1,-1,1,1,1,-1,-1,1,-1,1,1,-1,-1,-1,1,-1,1,1,-1,-1,1,-1,-1,1,1,1,-1,1,-1,-1,1,1,-1,-1,1,-1,1,1,1,-1,-1,1,-1,-1,1,1,-1,-1,1,-1,-1,1,1,-1,-1,1,-1,-1,1,1,-1,-1,-1,1,-1,1,1,1,-1,-1,1,-1,-1,1,-1,-1,1,-1,-1,1,-1,1,-1,-1,1,-1,-1,1,1,-1,-1,1,-1,-1,1,1,-1,-1,1,-1,1,1,1,-1,-1,1,-1,-1,1,-1,-1,-1,1,-1,-1,1,-1,-1,1,1,-1,1,1,-1,-1,-1,-1,1,-1,1,-1,1,-1,1,-1,-1,1,1,-1,1,-1,-1,-1,1,1,-1,-1,1,-1,-1,1,1,-1,-1,-1,1,-1,-1,1,-1,-1,1,-1,-1,-1,1,-1,1,-1,-1,1,-1,1,-1,1,-1,1,-1,-1,1,-1,-1,-1,1,1,-1,1,1,-1,1,-1,-1,1,1,-1,-1,1,1,-1,-1,1,-1,-1,1,1,-1,1,1,-1,-1,-1,1,-1,-1,-1,-1,-1,1,-1,1,1,1,-1,1,1,1,-1,1,1,-1,-1,1,1,-1,1,1,-1,-1,-1,1,1,1,1,-1,-1,-1,1,-1,1,1,-1,-1,1,1,-1,-1,1,1,1,-1,1,1,1,1,-1,-1,1,-1,1,1,1,1,-1,-1,1,-1,1,-2646.0,1,2000,445,1000,True
2797,1,1,-1,-1,1,-1,1,1,1,1,1,-1,1,1,1,1,-1,1,-1,-1,1,1,1,1,1,-1,1,1,1,1,1,1,-1,-1,1,1,-1,1,1,1,-1,1,1,1,1,1,1,-1,1,-1,1,1,-1,1,-1,1,1,-1,1,1,1,-1,-1,-1,1,1,1,1,-1,1,1,-1,1,1,1,1,1,1,-1,1,1,-1,-1,1,-1,1,1,1,1,-1,1,1,-1,1,1,1,1,-1,-1,1,1,1,1,1,-1,-1,-1,1,1,1,1,1,-1,-1,1,1,1,1,-1,-1,-1,1,1,1,1,1,-1,-1,1,1,1,1,-1,-1,-1,1,1,1,1,-1,-1,-1,1,1,1,1,-1,-1,-1,-1,1,1,1,-1,1,-1,-1,1,1,1,-1,-1,-1,-1,1,1,1,-1,1,-1,1,1,1,1,-1,-1,-1,1,1,1,-1,1,1,-1,1,1,1,-1,-1,-1,-1,-1,1,1,-1,-1,1,-1,-1,1,-1,1,-1,1,-1,-1,1,1,1,-1,1,-1,1,1,-1,1,-1,1,-1,1,1,1,1,1,1,1,-1,1,-1,1,-1,1,-1,-1,1,1,1,1,1,-1,-1,1,-1,-1,1,1,1,-1,1,1,-1,1,1,-1,1,1,-1,-1,1,1,-1,-1,1,-1,1,1,1,1,1,1,-1,1,1,1,1,1,1,-1,1,1,1,1,1,1,-1,-1,1,1,1,1,1,1,-1,1,1,-1,-1,1,1,1,1,1,1,1,1,-1,1,1,1,1,1,-1,1,1,1,1,1,1,1,-1,-1,1,1,-1,1,1,1,-1,1,1,1,1,1,1,1,1,1,1,1,1,1,-1,1,1,1,1,1,-1,1,-1,1,1,-1,1,1,1,1,1,1,1,1,1,-1,-1,1,-1,1,1,1,-1,-1,1,1,1,1,1,-1,-1,1,1,-1,1,1,-1,-1,1,1,1,-1,1,-1,1,1,1,-1,1,1,1,-1,1,1,1,-1,1,-1,1,-1,1,-1,-1,-1,-1,1,1,1,-1,1,1,-1,1,1,-1,-1,1,1,-1,1,1,-1,1,1,1,1,-1,1,1,-1,-1,1,1,1,-1,1,-1,1,-1,-1,1,1,1,-1,1,-1,1,1,-1,1,1,-1,1,-1,1,1,1,1,1,-1,-1,1,-1,1,-1,1,-1,-1,1,1,1,1,1,-1,-1,1,-1,1,1,1,-1,1,-1,1,-1,1,1,-1,1,-1,-1,1,1,1,1,-1,-1,1,1,1,1,-1,1,-1,-1,1,1,-1,1,-1,1,-1,1,1,-1,-1,-1,-1,1,1,1,-1,1,-1,-1,-1,1,1,-1,-1,1,-1,1,1,1,1,-1,-1,1,-1,-1,1,1,-1,-1,1,1,-1,1,-1,-1,-1,-1,-1,1,-1,1,-1,-1,-1,-1,1,-1,1,-1,-1,-1,-1,-1,1,1,1,-1,-1,-1,1,-1,1,1,1,1,1,1,-1,-1,-1,-1,1,-1,1,-1,-1,1,1,1,1,-1,-1,-1,1,-1,1,-1,1,-1,-1,-1,1,1,-1,1,-1,-1,-1,1,1,-1,1,-1,-1,-1,1,1,-1,1,-1,-1,-1,-1,1,1,1,-1,1,-1,-1,1,-1,1,-1,1,1,-1,1,-1,1,1,-1,-1,-1,-1,-1,1,1,-1,-1,-1,1,-1,1,1,-1,-1,1,-1,1,1,-1,-1,-1,-1,-1,1,1,-1,1,-1,1,1,1,1,1,-1,-1,-1,-1,-1,1,-1,1,-1,-1,1,-1,1,1,-1,1,-1,-1,1,1,1,-1,1,-1,1,-1,1,1,-1,1,-1,1,-1,1,1,-1,1,-1,-1,-1,1,1,-1,-1,1,-1,-1,1,1,-1,-1,-1,-1,-1,1,1,1,-1,1,-1,-1,-1,-1,1,-1,1,-1,-1,1,-1,-1,1,1,1,-1,1,1,-1,1,-1,1,-1,1,-1,-1,1,-1,1,-1,1,1,-1,1,-1,-1,-1,-1,1,-1,1,-1,1,-1,-1,1,-1,1,-1,1,-1,-1,-1,1,1,-1,-1,-1,-1,1,-1,-1,-1,-1,-1,-1,-1,-1,1,-1,-1,-1,-1,1,1,-1,1,-1,-1,-1,1,-1,-1,1,-1,-1,-1,-1,-1,1,1,-1,-1,-1,-1,-1,1,-1,-1,-1,1,-1,-1,1,-1,1,-1,-1,-1,-1,-1,-1,-1,1,-1,-1,-1,1,1,-1,-1,-1,-1,1,-1,-1,-1,-1,-1,-1,-1,1,-1,1,-1,-1,-1,-1,1,1,1,1,-1,1,-1,-1,-1,1,-1,-1,-1,-1,-1,-1,1,1,-1,-1,1,-1,1,1,-1,-1,-1,1,-1,-1,1,-1,-1,1,-1,-1,1,1,1,-1,1,-1,1,1,1,-1,-1,1,-1,-1,1,-1,-1,-1,1,-1,-1,1,1,-1,1,1,-1,-1,1,1,-1,-1,1,1,-1,1,1,-1,-1,1,-1,-1,1,1,1,-1,-1,1,-1,1,1,1,-1,1,1,-1,1,-1,1,-1,-1,1,-1,-1,1,-1,-1,-1,1,-1,1,1,1,-1,-1,1,1,1,1,1,-1,-1,1,1,-1,1,1,-1,1,-1,1,-1,1,1,-1,1,1,1,-1,1,1,-1,1,1,-1,1,1,-1,1,-1,1,1,1,1,1,-1,1,-1,1,1,1,1,-1,-1,-1,1,-1,1,1,-1,-1,1,-1,1,1,-1,-1,1,-1,1,1,1,1,-1,1,-1,1,-1,1,1,-1,-1,1,-1,-1,1,1,1,-1,-1,-1,-1,1,-1,-1,1,-1,1,1,-1,-1,1,-1,-1,1,-1,1,1,1,-1,-1,-1,1,-1,-1,1,-1,1,-1,1,1,1,1,-1,-1,-1,1,-1,-1,1,-1,-1,1,-1,1,1,1,1,-1,1,-1,-1,-1,1,1,-1,1,1,-1,-1,1,1,-1,1,-1,1,1,1,1,-1,1,-1,1,-1,1,1,-1,1,1,1,-1,1,1,-1,-1,1,1,1,-1,1,-1,1,-1,1,-2646.0,1,2000,445,1000,True
2798,-1,-1,1,1,1,1,-1,1,-1,-1,-1,1,-1,1,-1,-1,1,-1,1,-1,-1,1,-1,-1,-1,1,-1,-1,-1,-1,-1,-1,1,-1,-1,1,1,-1,-1,1,-1,-1,1,-1,-1,-1,1,1,-1,-1,-1,-1,1,1,-1,-1,-1,1,-1,-1,1,1,-1,1,-1,1,-1,1,1,-1,1,-1,-1,-1,1,1,-1,1,-1,-1,-1,1,1,-1,-1,-1,-1,1,1,1,1,-1,-1,1,-1,1,-1,-1,-1,1,1,1,1,1,-1,-1,-1,1,1,1,1,-1,-1,-1,1,1,1,1,-1,-1,-1,1,1,1,1,-1,-1,-1,1,1,1,1,-1,-1,-1,1,1,1,1,-1,-1,-1,1,1,1,1,1,-1,-1,-1,1,1,1,-1,1,-1,1,1,1,1,-1,-1,-1,-1,1,1,1,-1,1,-1,1,1,1,1,-1,-1,-1,1,1,1,-1,1,1,-1,1,1,1,-1,-1,-1,-1,-1,1,1,1,-1,1,-1,1,1,-1,1,-1,1,-1,1,1,1,1,-1,1,-1,1,1,-1,1,-1,1,-1,1,1,1,1,1,1,1,-1,1,-1,1,-1,1,-1,-1,1,1,1,1,1,-1,-1,1,-1,-1,1,1,1,-1,1,-1,-1,1,1,-1,1,1,-1,-1,1,1,-1,-1,1,-1,1,1,1,1,1,1,-1,1,1,1,1,1,1,-1,1,1,1,1,1,1,-1,1,1,1,1,-1,1,-1,-1,1,1,-1,1,1,1,-1,1,1,1,1,1,-1,-1,1,1,1,1,1,-1,-1,1,1,1,1,1,-1,-1,1,1,-1,1,1,1,-1,1,1,1,1,1,1,1,1,1,1,1,1,-1,-1,1,1,1,1,1,-1,1,1,1,1,-1,1,1,1,1,1,1,1,1,1,-1,-1,1,-1,1,1,1,-1,-1,1,1,1,1,1,-1,-1,1,1,-1,1,1,-1,-1,1,1,1,-1,1,-1,-1,-1,1,-1,1,1,1,-1,-1,1,1,-1,1,-1,1,1,1,-1,-1,-1,-1,-1,-1,1,-1,1,1,-1,-1,1,-1,-1,1,1,-1,-1,1,-1,1,1,1,-1,-1,1,1,-1,-1,1,1,1,-1,1,-1,1,1,1,-1,1,1,-1,-1,-1,1,1,1,1,-1,1,-1,1,-1,1,1,1,1,-1,1,1,-1,1,-1,1,-1,1,-1,1,1,1,1,-1,-1,1,-1,1,1,-1,-1,1,1,1,-1,1,1,-1,-1,1,-1,1,1,-1,-1,1,1,1,1,-1,1,-1,1,-1,1,1,-1,-1,-1,1,1,1,1,-1,-1,-1,1,-1,1,1,1,-1,-1,1,1,-1,1,-1,-1,-1,1,-1,1,1,-1,1,-1,1,-1,-1,1,-1,-1,-1,-1,1,-1,1,-1,-1,-1,1,-1,-1,1,-1,-1,-1,-1,1,-1,1,-1,-1,-1,-1,1,-1,-1,1,1,1,-1,1,-1,1,-1,1,1,1,-1,1,1,-1,-1,1,-1,1,-1,1,-1,1,-1,1,1,1,-1,-1,-1,-1,-1,1,1,1,-1,-1,-1,1,1,-1,1,-1,-1,-1,1,1,1,1,-1,-1,1,1,1,1,1,-1,-1,-1,-1,1,-1,1,-1,1,-1,-1,1,1,1,-1,-1,1,-1,1,-1,1,1,-1,-1,-1,-1,1,1,1,-1,-1,-1,-1,1,1,1,-1,-1,-1,1,1,1,-1,-1,-1,-1,1,1,1,-1,1,-1,1,-1,1,1,1,-1,-1,-1,-1,1,1,-1,1,-1,-1,1,1,1,1,-1,1,-1,-1,1,1,1,-1,1,-1,-1,1,1,1,-1,1,-1,-1,1,-1,1,-1,1,-1,-1,1,1,1,-1,-1,1,-1,1,1,1,-1,-1,-1,-1,1,1,-1,1,-1,1,1,1,-1,-1,1,-1,1,1,1,1,-1,-1,1,1,-1,1,-1,1,-1,1,-1,1,-1,1,-1,-1,1,-1,1,1,-1,1,-1,1,1,1,1,-1,1,-1,1,-1,1,1,-1,1,-1,1,1,1,1,-1,-1,-1,1,1,1,1,-1,1,1,-1,1,1,1,1,-1,-1,1,-1,1,1,-1,-1,-1,-1,1,1,1,-1,1,-1,-1,1,1,1,1,-1,-1,1,-1,1,1,-1,-1,-1,1,-1,-1,-1,1,-1,-1,1,-1,1,1,-1,-1,-1,-1,-1,1,1,-1,-1,-1,1,1,1,1,-1,-1,1,-1,-1,1,1,-1,-1,-1,1,1,1,1,-1,-1,-1,1,-1,1,1,-1,1,-1,-1,1,1,1,-1,-1,-1,-1,-1,1,-1,-1,-1,1,-1,1,1,-1,-1,-1,-1,-1,1,1,1,-1,1,1,-1,1,1,-1,-1,1,-1,1,1,1,-1,-1,1,-1,-1,1,1,-1,-1,1,-1,-1,1,1,-1,1,1,1,-1,1,1,-1,-1,1,1,-1,1,1,-1,-1,1,1,-1,1,1,-1,-1,-1,1,-1,-1,1,-1,-1,1,1,-1,1,-1,1,-1,-1,1,-1,-1,1,-1,-1,-1,1,-1,1,1,-1,-1,-1,1,1,1,1,1,-1,-1,1,1,-1,1,-1,-1,-1,1,1,-1,1,-1,-1,1,1,-1,1,1,-1,-1,1,1,1,-1,1,-1,1,-1,1,-1,-1,1,1,-1,1,-1,1,-1,1,1,-1,-1,1,1,-1,1,1,-1,-1,-1,1,-1,-1,1,-1,1,-1,1,-1,-1,1,1,-1,-1,1,1,-1,1,-1,-1,1,-1,1,-1,1,1,-1,-1,-1,1,-1,1,1,1,-1,1,-1,1,1,1,-1,-1,1,-1,-1,1,1,-1,-1,1,-1,1,1,-1,-1,-1,1,-1,-1,1,1,-1,-1,1,1,-1,1,1,-1,-1,1,1,1,1,1,1,-1,1,-1,1,1,1,-1,-1,1,1,1,1,1,1,-1,1,-1,1,1,1,1,-1,1,-1,1,1,1,1,-1,1,1,1,1,1,1,-1,1,-1,1,1,-1,1,-1,-1,1,1,-2646.0,1,2000,445,1000,True
2799,1,1,-1,-1,1,-1,1,1,1,1,1,-1,1,1,1,1,-1,1,-1,-1,1,1,1,1,1,-1,1,1,1,1,1,1,-1,-1,1,1,-1,1,1,1,-1,1,1,1,1,1,1,-1,1,-1,1,1,-1,1,-1,1,1,-1,1,1,1,-1,-1,-1,1,1,1,1,1,1,1,-1,1,1,1,1,1,1,-1,1,1,-1,-1,1,-1,1,1,1,1,-1,1,1,-1,1,1,1,1,-1,-1,1,1,1,1,1,-1,-1,-1,1,1,1,1,1,-1,-1,1,1,1,1,-1,-1,-1,1,1,1,1,1,-1,-1,1,1,1,1,-1,-1,-1,1,1,1,1,-1,-1,-1,-1,1,1,1,-1,-1,-1,-1,1,1,1,-1,1,-1,1,1,1,1,-1,-1,-1,-1,1,1,1,-1,1,-1,1,1,1,1,-1,-1,-1,1,1,1,-1,1,1,-1,1,1,1,-1,-1,-1,-1,-1,1,1,-1,-1,1,-1,-1,1,-1,1,-1,1,-1,-1,1,1,1,-1,1,-1,1,1,-1,1,-1,1,-1,1,1,1,1,1,1,1,-1,1,-1,1,-1,1,-1,-1,1,1,1,1,1,-1,-1,1,-1,-1,1,1,1,-1,1,1,-1,1,1,-1,1,1,-1,-1,1,1,-1,-1,1,-1,1,1,1,1,1,1,-1,1,1,1,1,1,1,-1,1,1,1,1,1,1,-1,-1,1,1,1,1,1,1,-1,1,1,-1,-1,1,1,1,1,1,1,1,1,-1,1,1,1,1,1,-1,1,1,1,1,1,1,1,-1,-1,1,1,-1,1,1,1,1,1,1,1,1,1,1,1,1,1,1,1,1,1,-1,1,1,1,1,1,1,-1,1,1,1,-1,1,1,1,1,1,1,1,1,1,-1,-1,1,-1,1,1,1,-1,-1,1,1,1,1,1,-1,-1,1,1,-1,1,1,-1,-1,1,1,1,-1,1,-1,-1,-1,1,-1,1,1,1,-1,-1,1,1,-1,1,-1,1,1,1,-1,-1,-1,-1,-1,1,1,-1,1,1,-1,-1,1,-1,-1,1,1,1,-1,1,-1,1,1,1,-1,-1,1,1,-1,-1,1,1,1,-1,1,-1,1,1,1,-1,1,1,-1,-1,-1,1,1,1,1,-1,1,-1,1,-1,1,1,1,-1,-1,1,1,-1,1,-1,1,-1,1,-1,1,1,1,1,-1,-1,1,-1,1,1,-1,-1,1,-1,1,-1,1,-1,-1,-1,1,-1,1,1,-1,-1,1,1,1,1,-1,1,-1,1,-1,1,1,-1,-1,-1,1,1,1,1,-1,-1,-1,1,-1,1,1,1,-1,-1,1,1,-1,1,-1,-1,-1,1,-1,1,1,1,-1,-1,1,-1,-1,1,-1,-1,-1,-1,-1,1,1,-1,-1,-1,1,-1,-1,1,-1,-1,-1,-1,1,-1,1,-1,-1,-1,-1,1,-1,-1,1,1,1,-1,1,-1,1,-1,1,-1,1,-1,1,1,-1,-1,1,1,1,-1,1,-1,1,-1,1,1,1,-1,-1,-1,1,-1,1,-1,1,-1,-1,-1,1,1,-1,1,-1,-1,-1,1,1,-1,1,-1,-1,-1,1,1,-1,1,-1,-1,-1,-1,1,1,1,-1,1,-1,-1,1,-1,1,-1,-1,1,-1,1,-1,1,1,-1,-1,-1,-1,-1,1,1,-1,-1,-1,-1,-1,1,1,-1,-1,-1,1,1,1,-1,-1,-1,-1,1,1,1,-1,1,-1,1,-1,1,1,1,-1,-1,-1,-1,-1,1,-1,1,-1,-1,1,-1,1,1,-1,1,-1,-1,1,1,1,-1,1,-1,-1,-1,1,1,-1,1,-1,-1,-1,1,1,-1,1,-1,-1,-1,1,1,1,-1,1,-1,-1,1,1,-1,-1,-1,-1,-1,1,1,-1,-1,1,1,-1,-1,-1,1,-1,1,1,-1,1,-1,-1,1,-1,1,-1,1,1,-1,1,-1,1,-1,1,-1,-1,1,-1,1,-1,1,1,-1,1,1,1,-1,-1,1,-1,1,-1,1,-1,-1,1,-1,1,1,1,-1,-1,-1,1,1,1,1,-1,-1,1,-1,-1,1,1,-1,-1,-1,-1,1,-1,1,-1,-1,1,1,-1,1,1,-1,-1,1,-1,-1,1,1,-1,-1,-1,-1,1,-1,1,-1,-1,-1,-1,1,1,-1,-1,1,-1,-1,1,-1,1,-1,-1,-1,-1,-1,1,1,1,-1,-1,-1,1,1,1,-1,-1,-1,1,-1,-1,1,-1,-1,-1,-1,1,1,1,-1,-1,-1,-1,1,-1,1,1,-1,1,-1,-1,1,1,-1,-1,-1,-1,-1,-1,1,1,-1,-1,1,-1,1,1,-1,-1,-1,1,-1,1,1,-1,-1,1,-1,-1,1,1,1,-1,1,-1,1,1,1,-1,-1,1,-1,-1,1,1,-1,-1,1,-1,-1,1,1,-1,1,1,-1,-1,1,1,-1,-1,1,-1,-1,1,1,-1,-1,1,-1,-1,1,1,1,-1,-1,1,-1,-1,1,1,-1,1,-1,-1,1,-1,1,-1,-1,1,-1,-1,1,1,-1,-1,1,-1,1,1,1,-1,-1,1,-1,1,1,1,-1,-1,1,1,-1,1,-1,-1,1,-1,1,-1,1,1,-1,1,1,-1,1,1,1,-1,1,1,1,-1,1,-1,1,-1,1,-1,-1,1,1,-1,1,-1,1,-1,1,1,-1,-1,-1,1,-1,1,1,-1,-1,1,-1,-1,-1,-1,-1,1,-1,1,-1,-1,1,-1,1,-1,1,1,-1,1,-1,-1,1,-1,-1,-1,-1,1,-1,-1,-1,1,-1,-1,-1,1,-1,1,-1,1,-1,1,-1,1,1,1,-1,1,1,-1,-1,1,-1,1,-1,1,-1,-1,1,-1,-1,1,1,-1,-1,1,1,1,-1,1,-1,-1,1,-1,1,1,1,1,-1,1,-1,1,-1,1,1,-1,1,1,1,-1,1,1,-1,1,-1,1,1,1,1,-1,1,-1,1,-1,-1,1,-1,1,1,1,-1,1,1,-1,1,-1,1,1,-1,1,-1,-1,1,1,-2646.0,1,2000,445,1000,True
2800,1,1,-1,-1,1,1,-1,1,1,1,1,-1,-1,-1,1,1,-1,1,-1,-1,1,1,1,1,1,1,-1,-1,1,1,1,1,-1,-1,-1,1,-1,1,1,1,-1,-1,1,1,1,1,1,1,-1,-1,1,1,-1,1,-1,1,-1,-1,1,1,1,-1,-1,1,1,1,1,1,1,-1,1,-1,1,1,1,1,1,1,-1,1,1,-1,1,-1,-1,1,1,1,1,-1,-1,-1,1,1,1,1,1,1,-1,1,1,1,1,1,1,-1,1,1,1,1,1,-1,-1,-1,1,1,1,1,1,-1,1,1,1,1,1,-1,-1,-1,1,1,1,1,1,-1,1,1,1,1,1,1,-1,-1,1,1,1,1,-1,-1,-1,1,1,1,1,1,1,-1,1,1,1,1,1,1,-1,1,-1,1,-1,1,-1,1,1,1,1,1,1,-1,1,1,1,1,1,-1,1,-1,-1,1,1,1,1,-1,1,1,1,1,1,1,1,-1,-1,1,-1,-1,1,1,-1,-1,1,1,1,1,1,1,-1,1,-1,-1,1,1,-1,-1,1,1,1,1,1,1,-1,1,-1,-1,1,1,-1,-1,-1,1,1,1,1,-1,-1,1,-1,-1,1,1,1,-1,1,-1,1,1,1,-1,1,1,-1,1,1,1,-1,-1,1,-1,1,-1,1,1,1,1,-1,1,-1,1,1,1,1,-1,1,-1,1,1,1,1,-1,1,1,1,1,-1,1,-1,1,1,1,-1,1,1,1,1,-1,1,1,1,1,-1,1,-1,1,1,-1,1,-1,1,1,1,1,1,1,-1,-1,1,1,-1,1,1,1,-1,-1,1,1,1,1,1,1,1,1,1,1,1,-1,-1,1,1,1,1,1,-1,-1,1,1,1,-1,1,1,1,-1,1,1,1,1,1,-1,1,1,-1,1,1,1,-1,1,1,1,1,1,1,-1,1,1,1,-1,-1,1,-1,1,1,1,1,1,1,-1,1,-1,1,-1,1,1,1,-1,-1,1,1,-1,1,-1,1,1,1,-1,-1,1,1,1,1,1,-1,1,-1,-1,1,1,-1,-1,-1,1,-1,1,1,-1,1,-1,1,1,1,1,1,1,-1,1,-1,-1,-1,1,-1,1,-1,-1,1,1,1,-1,1,-1,1,-1,1,1,1,-1,1,-1,1,1,1,1,1,-1,1,-1,-1,1,-1,1,-1,-1,-1,1,1,1,1,-1,-1,1,-1,1,1,1,-1,1,-1,1,-1,1,1,-1,-1,1,-1,1,1,1,1,-1,-1,1,1,1,1,-1,-1,1,-1,1,1,-1,1,-1,1,-1,1,1,-1,-1,-1,-1,1,1,1,-1,1,-1,1,-1,1,1,-1,-1,1,-1,1,1,1,1,-1,1,-1,-1,-1,1,1,-1,-1,-1,1,-1,1,-1,-1,1,-1,-1,1,-1,1,-1,-1,-1,-1,1,-1,1,1,-1,1,-1,-1,1,1,1,-1,1,-1,1,-1,-1,-1,1,-1,1,1,-1,-1,1,1,1,-1,1,-1,1,-1,1,1,1,-1,-1,-1,-1,-1,1,1,1,-1,-1,-1,1,1,-1,1,-1,-1,-1,1,1,1,1,-1,-1,-1,1,1,-1,1,-1,-1,-1,-1,1,1,1,-1,1,-1,-1,1,-1,1,-1,-1,1,1,1,-1,1,1,-1,-1,-1,-1,-1,1,1,-1,-1,-1,1,-1,1,-1,-1,-1,-1,-1,1,1,-1,-1,-1,-1,-1,1,1,-1,1,-1,1,1,-1,1,1,-1,-1,-1,-1,-1,1,-1,1,-1,-1,1,-1,1,1,-1,1,-1,-1,1,-1,1,-1,1,-1,1,-1,-1,1,-1,1,-1,1,-1,-1,1,-1,1,-1,-1,-1,-1,-1,1,-1,1,-1,-1,-1,-1,-1,-1,-1,-1,-1,-1,1,1,-1,1,-1,-1,-1,1,-1,-1,1,-1,-1,-1,1,-1,1,-1,1,-1,1,1,-1,1,-1,1,-1,1,1,-1,1,-1,1,-1,-1,1,-1,1,-1,-1,-1,-1,1,-1,1,-1,1,-1,-1,1,-1,1,-1,1,-1,-1,1,-1,1,-1,-1,-1,-1,1,1,-1,-1,-1,-1,-1,1,-1,1,-1,-1,-1,-1,-1,-1,-1,1,-1,-1,-1,1,-1,-1,1,-1,-1,-1,-1,-1,1,1,-1,-1,-1,-1,-1,1,-1,-1,-1,1,-1,-1,1,-1,1,-1,-1,-1,-1,1,-1,-1,1,-1,-1,-1,-1,1,-1,-1,-1,1,-1,1,-1,-1,-1,1,-1,-1,-1,-1,1,-1,-1,-1,-1,-1,1,1,1,-1,1,-1,1,-1,1,-1,-1,-1,-1,-1,-1,1,1,-1,-1,1,-1,1,1,-1,-1,-1,1,-1,1,1,-1,-1,1,1,-1,1,1,1,-1,1,-1,1,1,1,-1,-1,1,-1,-1,1,1,-1,-1,1,-1,-1,1,1,-1,1,1,1,-1,1,1,-1,-1,1,1,-1,1,1,-1,-1,1,1,-1,1,1,1,-1,-1,1,-1,1,1,-1,-1,1,1,-1,1,-1,1,-1,1,1,-1,-1,1,1,-1,-1,1,-1,1,1,1,-1,1,-1,1,1,1,1,-1,-1,1,1,-1,1,-1,-1,-1,-1,1,-1,1,-1,-1,1,1,-1,1,1,1,-1,-1,1,-1,1,1,-1,1,-1,1,1,1,-1,1,-1,1,-1,1,1,1,1,-1,1,-1,1,-1,1,1,-1,-1,1,-1,1,1,1,-1,1,-1,1,1,-1,1,-1,1,-1,1,1,-1,1,-1,1,-1,-1,-1,1,1,-1,-1,-1,-1,-1,1,1,-1,-1,1,1,1,1,-1,-1,-1,1,1,1,1,1,-1,-1,1,-1,1,1,1,-1,-1,-1,-1,-1,-1,-1,-1,-1,-1,-1,1,1,1,-1,1,1,-1,-1,1,-1,-1,-1,1,-1,1,1,1,-1,-1,1,-1,1,1,1,-1,-1,1,-1,1,1,-1,-1,-1,1,-1,1,-1,1,1,-1,1,-1,-1,1,1,-1,-1,-1,-1,1,1,-1,1,-1,1,-1,-1,1,-2646.0,1,2000,445,1000,True
2801,1,1,-1,-1,1,1,-1,1,1,1,1,-1,1,1,1,1,-1,1,-1,-1,-1,1,1,1,1,1,-1,-1,1,1,1,1,-1,-1,-1,1,-1,1,1,1,-1,-1,1,1,1,1,1,1,-1,-1,1,1,1,1,-1,-1,-1,-1,1,1,1,-1,-1,1,1,1,1,1,1,-1,1,-1,1,1,1,1,-1,1,-1,1,1,1,1,-1,-1,1,1,1,1,1,-1,-1,-1,1,1,1,-1,1,-1,1,1,1,1,1,1,-1,-1,1,1,1,1,-1,-1,-1,1,1,1,1,1,-1,-1,1,1,1,1,-1,-1,-1,1,1,1,1,1,-1,-1,1,1,1,1,1,-1,-1,1,1,1,1,1,-1,-1,-1,1,1,1,1,1,-1,-1,1,1,1,1,-1,-1,1,1,1,1,1,1,-1,1,1,1,1,1,-1,-1,1,1,1,1,-1,1,-1,1,1,1,1,1,-1,-1,-1,1,1,1,1,1,-1,1,1,-1,-1,1,1,-1,1,1,1,1,1,1,-1,1,1,-1,-1,1,1,-1,1,1,1,1,1,1,1,-1,1,-1,-1,1,1,-1,-1,1,1,1,1,1,-1,-1,1,-1,-1,1,1,1,-1,1,-1,1,1,1,-1,1,1,1,1,1,1,-1,-1,-1,1,-1,-1,1,1,1,-1,1,1,-1,1,1,1,1,1,1,-1,1,1,1,1,-1,1,1,1,1,1,1,1,1,1,1,-1,-1,1,-1,1,-1,1,1,1,1,1,1,-1,1,1,1,-1,1,1,-1,1,1,1,1,-1,1,-1,1,-1,1,1,1,1,-1,1,1,1,1,1,1,-1,1,1,1,1,1,-1,1,1,1,1,1,1,1,-1,1,1,-1,1,1,-1,1,1,1,-1,1,1,1,-1,1,-1,1,1,1,1,-1,1,1,-1,1,1,1,-1,1,1,-1,1,1,-1,-1,1,1,1,-1,1,1,-1,-1,1,-1,1,1,1,1,-1,1,1,-1,1,1,-1,1,1,-1,-1,-1,-1,-1,1,1,-1,1,1,-1,-1,1,-1,1,-1,1,1,-1,1,-1,1,1,1,-1,-1,1,1,1,-1,1,-1,-1,-1,1,-1,1,-1,-1,1,1,1,-1,-1,-1,-1,1,1,1,-1,1,-1,-1,1,1,1,1,-1,-1,-1,1,-1,1,-1,1,-1,-1,-1,-1,-1,1,1,-1,-1,1,-1,1,1,-1,-1,-1,-1,1,1,1,-1,-1,-1,1,-1,1,-1,-1,-1,-1,-1,1,1,-1,1,-1,-1,1,1,1,-1,-1,1,-1,1,1,1,-1,-1,1,-1,-1,1,1,-1,-1,1,-1,1,-1,1,1,-1,-1,1,-1,1,-1,1,-1,-1,1,-1,-1,-1,1,-1,-1,1,-1,1,-1,1,-1,-1,1,-1,-1,1,1,-1,-1,-1,1,-1,1,1,-1,1,-1,1,-1,-1,1,1,1,-1,1,-1,1,-1,1,-1,1,-1,1,1,-1,-1,1,1,1,-1,1,-1,1,-1,1,1,1,-1,-1,-1,1,-1,1,1,1,-1,-1,-1,1,1,-1,1,-1,-1,-1,1,1,1,1,-1,-1,-1,1,1,1,1,-1,-1,-1,-1,1,1,1,-1,1,-1,-1,1,-1,1,-1,-1,1,1,-1,-1,1,1,-1,-1,-1,-1,-1,1,1,-1,-1,-1,1,-1,1,1,-1,-1,1,-1,1,1,-1,-1,-1,-1,-1,1,1,-1,1,-1,-1,1,1,1,1,-1,-1,-1,-1,-1,1,-1,1,-1,-1,1,-1,1,1,-1,1,-1,-1,1,1,1,-1,1,-1,1,-1,1,1,-1,-1,-1,-1,-1,1,1,-1,1,-1,1,-1,1,1,1,-1,1,-1,-1,1,1,-1,-1,-1,1,-1,1,1,1,-1,1,-1,-1,-1,-1,1,-1,1,-1,-1,1,-1,-1,1,-1,1,-1,-1,1,-1,1,-1,1,-1,1,-1,1,-1,1,-1,-1,-1,1,-1,1,-1,-1,-1,-1,1,-1,1,-1,1,-1,-1,1,-1,1,1,-1,-1,-1,-1,1,1,1,1,-1,-1,1,-1,-1,1,1,-1,-1,-1,-1,1,-1,1,-1,-1,1,1,-1,1,1,-1,-1,1,-1,-1,1,1,-1,-1,-1,-1,1,-1,1,-1,-1,-1,-1,-1,1,-1,-1,1,-1,-1,1,-1,1,-1,-1,-1,-1,-1,1,1,1,-1,-1,-1,1,1,1,-1,-1,-1,1,-1,-1,1,1,-1,-1,-1,1,1,1,-1,-1,1,-1,1,-1,1,-1,-1,1,-1,-1,1,1,-1,-1,-1,-1,-1,-1,1,1,-1,-1,1,-1,1,1,-1,-1,-1,1,-1,1,1,-1,-1,1,1,-1,1,1,1,-1,1,-1,1,1,1,-1,-1,1,-1,-1,1,1,-1,-1,-1,-1,-1,1,1,-1,1,1,-1,-1,1,1,-1,-1,1,-1,-1,1,-1,-1,-1,1,-1,-1,1,1,1,-1,-1,-1,-1,1,1,-1,-1,1,-1,-1,1,-1,1,-1,1,-1,-1,-1,1,1,-1,-1,-1,-1,1,1,1,-1,1,-1,-1,1,1,1,-1,-1,-1,-1,1,-1,-1,-1,-1,-1,1,1,1,-1,-1,-1,-1,1,-1,1,1,-1,-1,-1,1,1,1,-1,-1,1,-1,-1,1,-1,1,-1,1,-1,-1,1,1,1,-1,1,-1,-1,1,1,1,-1,-1,-1,1,1,-1,1,-1,-1,1,-1,1,-1,1,1,-1,1,-1,1,-1,1,-1,1,-1,1,1,1,1,-1,-1,-1,1,-1,1,1,1,-1,1,-1,1,1,1,-1,-1,1,-1,1,-1,1,-1,-1,1,1,1,1,1,-1,-1,1,1,-1,-1,-1,-1,-1,1,-1,1,1,1,-1,1,1,1,-1,1,1,1,-1,1,1,1,1,1,-1,-1,1,1,1,1,1,-1,-1,1,1,-1,1,1,-1,-1,1,1,1,-1,1,1,-1,1,1,1,1,1,-1,-1,-1,-1,1,1,1,1,-1,1,1,1,1,-2646.0,1,2000,445,1000,True
2802,-1,-1,1,1,1,1,-1,1,-1,-1,-1,1,-1,1,-1,-1,1,-1,1,-1,-1,1,-1,-1,-1,1,-1,-1,-1,-1,-1,-1,1,-1,-1,1,1,-1,-1,1,-1,-1,1,-1,-1,-1,1,1,-1,-1,-1,-1,1,1,-1,-1,-1,1,-1,-1,1,1,-1,1,-1,-1,-1,1,1,-1,1,-1,-1,-1,1,1,-1,1,-1,-1,-1,-1,1,-1,-1,-1,-1,1,1,1,1,-1,-1,-1,1,1,-1,-1,-1,1,-1,1,1,1,-1,-1,-1,-1,1,1,1,-1,-1,-1,-1,1,1,1,1,-1,-1,-1,-1,1,1,-1,-1,-1,1,1,1,1,-1,-1,-1,1,1,1,1,-1,-1,-1,1,-1,1,1,1,-1,-1,-1,-1,1,1,-1,1,-1,-1,1,1,1,-1,1,-1,-1,1,-1,1,-1,1,-1,1,-1,1,1,-1,-1,-1,-1,1,1,-1,1,1,-1,1,-1,1,-1,-1,-1,-1,1,-1,1,-1,-1,1,-1,1,-1,1,-1,-1,1,-1,1,1,1,1,-1,1,-1,1,-1,1,-1,-1,1,1,1,-1,1,1,-1,1,1,-1,1,-1,1,-1,1,-1,1,-1,1,1,-1,1,1,1,-1,1,-1,-1,1,1,1,-1,-1,1,-1,1,1,-1,-1,1,-1,-1,1,1,1,-1,1,1,1,1,-1,-1,-1,1,1,1,1,1,-1,-1,1,-1,1,-1,-1,1,-1,1,1,-1,1,1,1,-1,1,1,-1,-1,1,-1,-1,-1,1,1,-1,-1,-1,-1,1,1,1,-1,1,1,-1,-1,1,1,-1,-1,-1,-1,1,1,1,-1,1,-1,-1,1,1,1,1,1,1,-1,1,1,1,-1,-1,-1,-1,1,-1,1,-1,-1,-1,1,-1,1,-1,1,-1,1,1,1,1,1,-1,-1,1,1,1,-1,-1,1,-1,-1,1,1,-1,-1,1,-1,-1,1,1,-1,-1,1,-1,1,-1,1,-1,-1,1,-1,1,-1,1,-1,-1,-1,1,1,-1,1,1,-1,-1,1,-1,1,1,-1,1,1,1,1,1,-1,-1,-1,-1,1,1,-1,1,-1,-1,1,1,1,-1,1,-1,-1,1,-1,1,-1,1,-1,-1,1,1,1,-1,1,1,-1,-1,1,1,1,-1,1,-1,1,1,1,-1,-1,1,1,1,1,-1,1,-1,1,-1,1,1,1,1,-1,1,1,-1,1,-1,1,-1,1,-1,1,1,-1,1,-1,-1,1,-1,1,-1,1,-1,1,1,-1,1,-1,1,-1,-1,1,-1,1,-1,-1,-1,1,1,1,1,-1,1,-1,1,-1,1,1,-1,-1,1,1,1,1,-1,-1,-1,-1,1,-1,1,1,-1,-1,-1,1,1,-1,1,-1,-1,-1,1,-1,1,-1,-1,-1,-1,1,-1,-1,-1,-1,-1,-1,1,-1,1,-1,1,-1,-1,1,-1,-1,1,1,-1,-1,-1,1,-1,1,1,-1,-1,1,1,-1,-1,-1,1,1,-1,1,-1,1,1,1,-1,1,-1,1,1,-1,1,1,1,1,-1,1,-1,1,-1,1,1,1,-1,-1,1,-1,-1,1,1,1,-1,1,-1,1,1,-1,1,-1,1,-1,1,1,1,1,-1,1,1,1,1,1,1,-1,-1,-1,-1,1,-1,1,-1,1,-1,-1,1,1,1,-1,-1,1,1,-1,-1,1,1,-1,-1,-1,-1,1,1,-1,1,1,-1,1,1,1,1,-1,1,-1,-1,1,1,-1,1,-1,-1,-1,1,1,-1,1,-1,-1,1,1,1,-1,1,1,-1,-1,1,1,-1,1,-1,-1,1,1,1,1,1,1,-1,-1,1,1,-1,1,-1,-1,1,1,1,1,1,1,-1,1,1,1,-1,1,1,-1,1,1,1,1,-1,1,-1,1,1,1,1,1,1,-1,1,1,1,-1,1,1,1,-1,1,-1,-1,1,1,1,1,1,1,-1,1,-1,1,1,1,-1,-1,1,-1,1,-1,1,1,-1,1,-1,1,-1,1,-1,1,1,-1,1,1,1,1,-1,1,-1,1,1,1,1,-1,1,-1,1,-1,1,1,-1,1,1,1,1,1,-1,1,1,-1,1,1,1,1,-1,1,-1,-1,1,1,1,-1,1,1,-1,1,1,1,-1,1,1,-1,1,1,1,-1,1,-1,-1,1,1,-1,1,1,-1,1,-1,1,-1,1,1,1,-1,1,1,1,1,1,1,-1,1,1,-1,1,1,1,1,1,1,-1,1,1,1,-1,1,1,-1,1,1,-1,1,1,1,1,1,1,1,-1,1,1,-1,1,1,-1,1,1,1,-1,1,1,-1,-1,1,-1,-1,1,1,-1,1,1,-1,-1,-1,-1,-1,1,1,1,-1,1,1,-1,1,1,1,-1,1,-1,1,1,1,-1,1,1,-1,-1,1,1,-1,-1,-1,1,-1,1,1,-1,1,-1,-1,-1,1,1,-1,-1,-1,1,-1,1,1,-1,-1,-1,-1,-1,1,1,-1,-1,-1,-1,-1,1,1,-1,-1,-1,-1,-1,1,-1,-1,-1,-1,-1,-1,-1,1,-1,-1,-1,-1,-1,1,-1,-1,-1,1,-1,1,1,1,1,-1,-1,-1,1,-1,-1,-1,-1,-1,-1,1,-1,1,-1,-1,-1,1,-1,1,-1,-1,-1,-1,-1,1,-1,1,-1,1,-1,1,-1,-1,1,1,-1,1,-1,1,-1,-1,1,-1,1,-1,1,-1,1,1,-1,1,1,1,-1,-1,1,-1,1,-1,1,-1,-1,1,1,1,-1,1,1,-1,1,-1,-1,1,-1,1,-1,1,-1,1,1,-1,1,-1,1,1,1,-1,1,-1,1,1,1,1,-1,1,-1,-1,1,-1,1,-1,1,-1,1,1,-1,1,1,1,-1,-1,1,1,1,-1,1,1,1,1,1,-1,-1,1,-1,1,1,1,1,-1,1,-1,1,1,1,1,-1,1,1,1,1,1,1,-1,1,1,1,1,1,1,-1,1,-1,1,1,1,1,-1,1,1,1,1,1,1,1,-1,1,1,1,-1,1,-1,1,1,1,-2646.0,1,2000,445,500,True
2803,1,1,-1,-1,1,-1,1,1,1,1,1,-1,1,1,1,1,-1,1,-1,-1,1,1,1,1,1,-1,1,1,1,1,1,1,-1,-1,1,1,-1,1,1,1,-1,1,1,1,1,1,1,-1,1,1,1,1,-1,1,-1,1,1,-1,1,1,1,-1,-1,-1,1,1,1,1,1,1,1,-1,1,1,1,1,1,1,1,1,1,-1,-1,1,-1,1,1,1,1,-1,1,1,-1,1,1,1,1,-1,-1,1,1,1,1,1,-1,-1,-1,1,1,1,1,1,-1,-1,1,1,1,1,-1,-1,-1,1,1,1,1,1,-1,-1,1,1,1,1,-1,-1,-1,1,1,1,1,-1,-1,-1,1,1,1,1,-1,-1,-1,-1,1,1,1,-1,1,-1,-1,1,1,1,-1,1,-1,-1,1,1,1,-1,1,-1,1,1,1,1,-1,-1,-1,1,1,1,1,1,1,-1,1,1,1,1,-1,-1,-1,-1,1,1,-1,-1,1,-1,1,1,-1,1,-1,1,-1,-1,1,1,1,-1,1,-1,1,1,-1,1,-1,1,-1,1,1,1,1,1,1,1,-1,1,-1,1,-1,1,-1,-1,1,1,1,1,1,-1,-1,1,-1,-1,1,1,1,-1,1,1,-1,1,1,-1,1,1,-1,-1,1,1,-1,-1,1,-1,1,1,1,1,1,1,-1,1,1,1,1,1,1,-1,1,1,1,1,1,1,-1,-1,1,1,1,1,1,1,-1,1,1,-1,-1,1,1,1,1,1,1,1,1,-1,1,1,1,1,1,-1,1,1,1,1,1,1,1,-1,-1,1,1,-1,1,1,1,-1,1,1,1,1,1,1,1,1,1,1,1,1,1,-1,1,1,1,1,1,-1,1,-1,1,1,-1,1,1,1,1,1,1,1,1,1,-1,-1,1,-1,1,1,1,-1,-1,1,1,1,1,1,-1,-1,1,1,-1,1,1,-1,-1,1,1,1,-1,1,-1,1,-1,1,-1,1,1,1,-1,1,1,1,-1,1,-1,1,1,1,-1,-1,-1,-1,1,1,1,-1,1,1,-1,1,1,-1,-1,1,1,-1,1,1,-1,1,1,1,1,-1,1,1,-1,-1,1,1,1,-1,1,-1,1,-1,-1,1,1,1,-1,-1,-1,1,1,1,1,1,-1,1,-1,1,1,1,1,1,-1,-1,1,-1,1,-1,1,-1,-1,-1,1,1,1,1,-1,-1,1,-1,1,1,1,-1,1,-1,1,-1,1,1,-1,-1,1,-1,1,1,1,-1,-1,-1,1,1,1,1,-1,-1,1,1,1,1,-1,1,-1,1,-1,1,1,-1,-1,-1,-1,1,1,1,-1,1,-1,1,-1,1,1,-1,-1,1,-1,1,1,1,1,-1,-1,-1,-1,-1,1,1,-1,-1,-1,1,-1,1,-1,-1,-1,-1,-1,1,-1,1,-1,-1,-1,-1,1,-1,1,1,-1,-1,-1,-1,1,1,1,-1,-1,-1,1,-1,-1,-1,1,1,-1,1,-1,-1,1,-1,1,1,-1,-1,1,-1,1,1,1,-1,-1,-1,1,-1,1,1,1,-1,-1,-1,1,1,-1,1,-1,-1,-1,1,1,-1,1,-1,-1,-1,1,1,-1,1,-1,-1,-1,-1,1,1,1,-1,1,-1,-1,1,-1,1,-1,-1,1,-1,1,-1,1,1,-1,-1,-1,-1,-1,1,1,-1,-1,-1,1,-1,-1,1,-1,-1,-1,-1,1,1,-1,-1,-1,-1,-1,1,1,-1,1,-1,1,1,1,1,1,-1,-1,-1,-1,-1,1,-1,1,-1,-1,1,-1,1,1,-1,1,-1,-1,1,1,1,-1,1,-1,1,-1,1,1,-1,-1,-1,1,-1,1,1,-1,1,-1,-1,-1,1,1,-1,-1,1,-1,-1,1,1,-1,-1,-1,-1,-1,1,1,-1,-1,1,-1,-1,-1,-1,1,-1,1,-1,-1,1,-1,-1,1,-1,1,-1,-1,1,-1,1,-1,1,-1,1,-1,-1,1,-1,1,-1,-1,1,-1,1,-1,-1,-1,-1,1,-1,1,-1,1,-1,-1,1,-1,1,-1,1,-1,-1,-1,1,1,-1,-1,-1,-1,1,-1,-1,-1,-1,-1,-1,-1,-1,1,-1,-1,-1,-1,1,1,-1,1,-1,-1,-1,1,-1,-1,1,-1,-1,-1,-1,-1,1,1,-1,-1,-1,-1,-1,1,-1,-1,-1,1,-1,-1,1,-1,1,-1,-1,-1,-1,-1,-1,-1,1,-1,-1,-1,1,1,-1,-1,-1,-1,1,-1,-1,-1,-1,1,-1,-1,1,1,1,-1,-1,-1,-1,1,-1,1,1,-1,1,-1,-1,1,1,-1,-1,-1,-1,-1,-1,1,1,-1,-1,1,-1,1,1,-1,-1,-1,1,-1,-1,1,-1,-1,1,-1,-1,1,1,1,-1,1,-1,1,1,1,-1,-1,1,-1,-1,1,1,-1,-1,1,-1,-1,1,1,-1,1,1,-1,-1,1,1,-1,-1,1,1,-1,1,1,-1,-1,1,-1,-1,1,1,1,-1,-1,1,-1,1,1,1,-1,1,1,-1,1,-1,1,-1,-1,1,-1,-1,1,1,-1,-1,1,-1,1,1,1,-1,-1,1,-1,1,1,1,-1,-1,1,1,-1,1,-1,-1,1,-1,1,-1,1,1,-1,1,1,1,-1,1,-1,-1,1,1,-1,1,1,-1,1,-1,1,1,1,1,1,-1,1,-1,1,1,1,1,-1,-1,-1,1,-1,1,1,-1,-1,1,-1,1,1,-1,-1,1,-1,1,1,1,1,-1,1,-1,1,-1,1,1,-1,-1,1,-1,-1,1,1,1,-1,-1,-1,-1,1,-1,-1,1,-1,1,1,1,-1,1,-1,-1,1,1,1,1,1,-1,-1,-1,1,-1,-1,1,-1,-1,1,-1,1,1,1,-1,-1,-1,1,1,-1,1,-1,-1,1,-1,1,1,1,1,-1,1,-1,-1,-1,1,-1,-1,1,1,1,-1,1,1,-1,1,-1,1,1,1,1,-1,1,-1,-1,-1,1,1,-1,1,1,1,-1,1,1,-1,-1,1,1,1,-1,1,-1,1,-1,1,-2646.0,1,2000,445,1000,True
2804,-1,-1,1,1,1,1,-1,1,-1,-1,-1,1,-1,-1,-1,-1,1,-1,1,-1,-1,1,-1,-1,-1,1,-1,-1,-1,-1,-1,-1,1,-1,-1,1,1,-1,-1,1,-1,-1,1,-1,-1,-1,-1,1,-1,-1,-1,-1,1,1,-1,1,-1,1,-1,-1,-1,1,-1,1,-1,-1,-1,-1,1,-1,1,-1,-1,-1,-1,1,1,1,-1,-1,-1,1,1,-1,-1,-1,-1,-1,1,1,1,-1,-1,-1,-1,1,-1,1,-1,1,-1,-1,1,1,-1,-1,-1,-1,-1,1,1,1,-1,-1,-1,-1,-1,1,1,-1,-1,-1,-1,-1,1,1,-1,-1,1,-1,-1,1,-1,-1,-1,1,-1,-1,1,-1,-1,-1,1,-1,-1,1,1,-1,-1,-1,-1,-1,-1,1,1,-1,-1,1,-1,-1,-1,-1,-1,-1,-1,-1,1,-1,1,-1,-1,-1,-1,1,-1,-1,-1,1,-1,-1,-1,1,1,-1,-1,-1,-1,-1,-1,-1,-1,1,-1,-1,-1,-1,1,-1,1,-1,-1,1,-1,1,-1,1,-1,-1,-1,-1,1,-1,1,-1,1,-1,-1,1,1,1,-1,1,-1,-1,1,1,-1,1,-1,-1,-1,1,-1,1,-1,1,-1,-1,1,1,1,-1,1,1,-1,1,1,1,-1,-1,1,-1,1,1,-1,1,1,-1,-1,1,1,1,-1,1,-1,-1,1,-1,-1,-1,1,-1,1,1,1,-1,-1,1,-1,1,1,-1,1,-1,1,-1,-1,1,1,1,-1,1,1,-1,1,1,-1,-1,-1,1,1,1,-1,-1,-1,1,1,-1,1,1,1,-1,-1,1,1,1,-1,-1,-1,1,1,1,1,1,-1,-1,1,-1,1,1,-1,1,-1,1,-1,1,1,-1,-1,-1,1,1,-1,1,-1,-1,1,-1,-1,1,1,-1,-1,1,-1,1,-1,1,-1,1,1,1,-1,1,1,-1,-1,1,1,-1,1,-1,-1,-1,1,1,-1,1,-1,-1,-1,1,1,-1,1,-1,-1,1,1,1,-1,1,1,-1,-1,1,1,-1,-1,1,-1,-1,1,1,-1,1,-1,-1,-1,-1,-1,-1,1,1,-1,-1,1,1,-1,1,-1,-1,-1,1,1,1,1,1,-1,1,1,1,-1,1,-1,-1,-1,-1,1,1,-1,1,-1,-1,1,-1,1,-1,-1,-1,-1,1,-1,1,-1,1,-1,-1,1,-1,1,-1,-1,-1,1,1,-1,1,-1,1,-1,-1,1,-1,1,-1,-1,-1,-1,1,-1,-1,1,1,-1,-1,1,-1,1,1,-1,1,-1,1,-1,1,-1,1,-1,-1,1,-1,1,-1,-1,-1,1,1,-1,1,-1,1,-1,1,-1,1,1,1,1,-1,1,-1,-1,1,-1,-1,-1,1,-1,1,-1,1,1,-1,1,-1,-1,1,-1,-1,1,-1,1,-1,-1,-1,1,-1,1,1,-1,-1,-1,1,-1,1,-1,-1,1,-1,1,1,1,1,-1,-1,1,1,-1,1,1,1,-1,1,1,1,-1,1,1,-1,1,1,1,1,1,1,1,-1,1,1,-1,1,-1,1,-1,-1,1,-1,-1,1,-1,-1,1,-1,-1,-1,1,1,-1,1,1,-1,-1,1,1,-1,-1,1,-1,-1,-1,-1,-1,1,1,-1,-1,-1,-1,-1,1,1,-1,-1,1,1,1,-1,1,-1,-1,1,1,-1,1,1,-1,-1,-1,1,-1,-1,1,1,-1,1,1,1,1,1,-1,1,1,1,-1,1,1,1,-1,1,1,-1,1,1,-1,1,1,1,-1,1,1,-1,-1,1,-1,1,1,1,-1,1,1,1,-1,1,1,-1,1,1,1,1,1,1,1,1,1,1,1,1,1,-1,1,1,1,-1,1,1,1,1,1,1,1,1,1,-1,1,1,1,1,1,1,1,-1,1,-1,1,1,1,1,1,1,1,1,1,1,-1,1,1,1,-1,1,-1,-1,1,1,1,-1,1,1,-1,1,1,1,1,1,-1,-1,1,1,1,-1,1,1,-1,1,1,-1,-1,1,-1,1,1,1,1,-1,1,1,-1,1,1,1,-1,1,1,-1,1,1,1,-1,1,1,-1,1,1,-1,-1,1,-1,1,1,-1,-1,-1,1,1,-1,1,-1,-1,-1,1,1,-1,1,1,1,-1,1,1,-1,1,-1,1,-1,1,1,1,1,-1,1,-1,1,1,1,1,1,-1,-1,1,1,1,1,-1,-1,1,1,1,1,1,-1,-1,-1,-1,1,1,1,-1,1,1,1,1,1,1,-1,-1,-1,1,-1,1,1,-1,1,1,1,1,1,1,1,-1,1,1,1,1,1,-1,1,1,1,1,1,1,-1,-1,1,-1,1,1,1,-1,1,1,-1,1,1,-1,-1,1,1,1,1,1,1,-1,1,1,-1,1,1,-1,1,1,1,1,1,1,-1,-1,1,1,1,1,-1,1,-1,1,1,-1,1,-1,-1,-1,1,1,-1,1,-1,1,-1,1,1,1,1,1,-1,-1,1,1,-1,1,1,-1,-1,1,1,-1,1,-1,-1,-1,1,-1,1,-1,1,-1,1,1,1,-1,1,1,-1,-1,1,1,-1,-1,1,-1,1,1,1,1,-1,1,-1,1,-1,1,-1,1,1,-1,1,-1,1,-1,-1,-1,-1,1,-1,1,-1,1,1,1,1,-1,1,-1,-1,1,1,-1,-1,1,1,-1,-1,1,1,-1,1,1,-1,1,-1,1,-1,1,1,-1,1,1,-1,-1,-1,1,-1,1,-1,1,-1,-1,1,-1,1,1,1,-1,1,1,-1,-1,1,-1,-1,-1,1,-1,1,1,-1,1,1,1,1,1,-1,1,-1,1,-1,1,1,-1,1,-1,-1,-1,-1,1,-1,1,1,1,-1,1,1,1,-1,-1,-1,1,1,1,-1,1,1,1,1,-1,1,-1,-1,1,1,1,1,1,-1,-1,1,1,1,1,1,1,-1,1,1,1,1,1,1,-1,1,1,-1,-1,1,-1,-1,1,-1,1,1,1,1,-1,1,1,1,-1,1,-1,1,-1,1,1,-1,1,1,-1,1,1,-2646.0,1,2000,445,500,True
2805,-1,-1,1,1,-1,1,-1,1,-1,-1,-1,1,-1,1,-1,-1,1,-1,1,-1,-1,1,-1,-1,-1,1,-1,-1,-1,-1,-1,-1,1,-1,-1,1,1,-1,-1,-1,1,-1,1,-1,-1,-1,1,1,-1,-1,1,-1,1,-1,1,-1,-1,1,-1,-1,1,1,-1,1,-1,-1,-1,1,1,-1,1,-1,-1,-1,-1,1,-1,1,-1,-1,-1,1,1,-1,-1,-1,-1,-1,1,1,1,-1,-1,-1,-1,1,-1,-1,-1,1,-1,-1,1,1,-1,-1,-1,-1,-1,1,1,-1,-1,1,-1,-1,1,1,1,-1,-1,1,-1,1,1,-1,-1,-1,1,-1,1,1,-1,-1,-1,1,-1,-1,1,-1,-1,-1,1,-1,-1,1,1,-1,-1,-1,-1,-1,1,-1,1,-1,1,1,1,1,-1,1,-1,-1,-1,-1,1,-1,1,-1,-1,-1,1,1,-1,-1,-1,1,-1,1,-1,1,1,-1,-1,-1,1,-1,-1,-1,-1,1,-1,1,-1,-1,1,-1,1,-1,-1,1,-1,1,-1,1,-1,1,1,-1,1,-1,1,-1,1,1,-1,1,-1,1,-1,-1,-1,-1,1,1,-1,1,-1,1,-1,1,1,-1,1,-1,1,-1,1,-1,-1,1,-1,-1,-1,1,1,-1,1,-1,-1,-1,1,-1,1,1,-1,-1,-1,1,-1,-1,1,-1,1,-1,1,1,1,1,-1,-1,1,1,1,1,1,1,-1,1,1,1,1,1,1,-1,-1,1,1,-1,1,1,-1,-1,1,1,1,1,1,-1,1,1,1,-1,1,1,1,-1,1,1,1,1,1,1,1,1,1,1,1,1,-1,1,1,-1,1,1,1,-1,1,1,1,1,1,1,1,1,1,1,1,1,1,1,-1,1,1,1,1,1,-1,1,1,1,1,-1,1,1,-1,1,1,1,1,1,-1,1,1,1,1,1,1,-1,1,-1,1,1,1,1,-1,1,-1,1,1,1,1,-1,1,-1,1,-1,-1,1,-1,1,1,-1,1,1,1,1,-1,1,-1,1,-1,1,-1,1,-1,-1,1,-1,-1,-1,1,1,-1,1,-1,1,-1,1,-1,1,-1,1,1,1,1,-1,1,-1,1,1,-1,1,-1,-1,-1,-1,1,1,-1,1,-1,-1,1,-1,1,-1,-1,-1,1,-1,-1,1,-1,1,-1,1,-1,1,1,-1,-1,-1,1,1,-1,1,-1,1,-1,-1,1,-1,1,-1,-1,-1,-1,1,-1,-1,1,1,-1,-1,-1,-1,1,1,-1,1,-1,1,-1,1,-1,1,-1,1,1,-1,-1,-1,-1,-1,1,1,-1,1,-1,1,-1,1,-1,1,1,-1,1,-1,1,-1,-1,1,-1,-1,-1,1,-1,1,-1,1,1,-1,1,-1,-1,1,-1,-1,1,-1,1,-1,-1,-1,1,-1,1,1,-1,-1,-1,1,-1,1,-1,-1,1,-1,1,1,-1,1,-1,-1,1,1,-1,-1,1,-1,-1,1,1,1,1,1,1,-1,1,1,1,-1,-1,1,1,-1,1,1,-1,1,-1,1,1,-1,1,-1,-1,1,-1,-1,1,-1,-1,-1,1,1,-1,1,1,-1,-1,1,1,-1,-1,1,-1,-1,-1,-1,-1,1,1,-1,-1,-1,-1,-1,1,1,-1,-1,1,1,1,-1,1,-1,1,1,1,-1,1,1,-1,1,-1,1,-1,-1,1,1,-1,1,1,1,1,1,1,-1,-1,1,-1,1,1,1,-1,-1,1,-1,1,1,-1,-1,1,1,-1,1,1,-1,-1,1,-1,1,-1,1,1,-1,1,1,-1,1,1,1,-1,1,1,1,1,1,1,-1,-1,1,1,1,1,1,-1,1,1,-1,1,1,1,-1,-1,1,1,1,-1,1,-1,-1,1,-1,1,1,1,-1,-1,-1,1,1,1,1,-1,-1,1,1,1,1,-1,1,-1,1,1,1,-1,-1,1,-1,1,-1,1,1,-1,1,-1,1,1,1,-1,1,-1,-1,1,1,1,1,-1,-1,1,-1,1,1,-1,1,-1,-1,1,-1,1,1,1,-1,-1,1,-1,1,-1,1,-1,1,-1,1,1,1,-1,-1,-1,1,-1,1,-1,1,1,1,-1,-1,1,1,-1,-1,-1,1,-1,1,1,-1,-1,-1,1,-1,1,1,-1,-1,-1,1,-1,1,1,1,-1,1,1,-1,1,1,-1,-1,1,-1,-1,1,1,-1,-1,1,-1,1,1,1,-1,-1,-1,-1,-1,1,1,-1,-1,1,1,1,1,1,1,-1,1,-1,-1,1,-1,1,-1,1,1,1,1,1,-1,-1,1,-1,1,1,1,1,-1,-1,1,1,1,1,1,1,-1,-1,1,-1,1,1,-1,-1,1,1,1,1,1,-1,-1,1,1,1,1,-1,-1,-1,1,1,-1,1,-1,-1,1,1,1,1,1,1,-1,-1,1,1,-1,-1,-1,-1,-1,1,1,-1,1,-1,-1,-1,1,1,1,-1,1,-1,-1,1,1,-1,-1,1,-1,-1,1,1,-1,-1,-1,1,-1,1,1,1,-1,1,-1,-1,1,-1,-1,-1,-1,1,-1,-1,1,1,-1,-1,1,-1,1,1,-1,-1,-1,1,-1,1,1,-1,-1,-1,1,1,-1,1,-1,-1,1,-1,1,-1,1,-1,-1,1,-1,1,-1,1,-1,-1,1,1,1,-1,1,-1,1,-1,1,-1,-1,1,1,-1,-1,1,1,-1,1,-1,-1,1,-1,1,-1,1,1,-1,1,1,-1,-1,-1,-1,-1,1,-1,1,-1,1,-1,1,-1,1,1,-1,1,1,-1,-1,1,-1,-1,-1,1,-1,1,1,-1,1,1,1,1,1,-1,1,-1,1,1,1,1,-1,1,-1,-1,1,-1,1,-1,1,1,1,1,-1,1,1,-1,1,-1,1,1,1,-1,1,1,1,1,1,1,-1,-1,1,1,1,1,1,-1,-1,1,1,1,1,1,1,-1,1,1,1,1,1,1,-1,1,1,1,1,1,-1,-1,1,1,1,1,1,1,-1,1,1,1,1,1,-1,1,-1,1,1,-1,1,1,-1,1,1,-2646.0,1,2000,445,500,True
2806,1,1,-1,-1,1,1,-1,1,1,1,1,-1,-1,1,1,1,-1,1,-1,-1,-1,1,1,1,1,1,-1,-1,1,1,1,1,-1,-1,-1,1,-1,1,1,1,-1,-1,1,1,1,1,1,1,-1,-1,1,1,-1,1,-1,-1,-1,-1,1,1,1,-1,-1,1,1,1,1,1,1,-1,1,-1,1,1,1,1,-1,1,-1,1,1,1,1,-1,-1,1,1,1,1,1,1,-1,-1,1,1,1,-1,-1,-1,1,1,1,1,1,-1,-1,-1,1,1,1,1,-1,-1,-1,1,1,1,1,1,-1,-1,1,1,1,1,-1,-1,-1,1,1,1,1,-1,-1,-1,1,1,1,1,-1,-1,-1,1,1,1,1,1,-1,-1,-1,1,1,1,-1,1,-1,-1,1,1,1,-1,-1,-1,-1,1,-1,1,-1,1,-1,1,-1,1,1,-1,-1,-1,1,1,1,-1,1,1,-1,1,-1,1,-1,-1,-1,-1,1,-1,1,-1,-1,1,-1,1,-1,1,-1,-1,1,-1,1,1,1,1,-1,1,-1,1,-1,1,-1,-1,1,1,1,-1,1,1,-1,1,1,-1,1,-1,1,-1,1,-1,1,-1,1,1,-1,1,1,1,-1,1,-1,-1,1,1,1,-1,-1,1,-1,1,1,-1,1,1,-1,-1,1,1,1,-1,1,1,1,1,-1,-1,-1,1,-1,1,1,1,-1,-1,1,-1,1,1,-1,1,-1,-1,1,-1,1,1,1,-1,1,1,-1,1,1,-1,-1,1,1,1,1,-1,-1,-1,1,1,1,1,1,1,-1,-1,1,1,1,-1,-1,-1,1,-1,1,-1,1,-1,-1,1,-1,1,1,-1,1,-1,1,-1,1,1,-1,-1,-1,1,-1,1,1,-1,-1,1,-1,1,-1,1,-1,1,1,-1,1,1,1,-1,1,1,1,-1,-1,1,-1,-1,1,1,-1,-1,-1,-1,-1,1,1,-1,-1,-1,-1,1,-1,1,-1,-1,-1,-1,1,1,1,-1,1,1,-1,1,-1,1,-1,-1,1,-1,-1,1,1,-1,1,-1,-1,1,1,1,-1,1,1,-1,1,-1,1,-1,1,-1,1,1,-1,1,-1,1,-1,1,1,-1,-1,1,-1,-1,-1,1,-1,1,1,1,1,-1,1,1,-1,-1,1,-1,-1,1,1,-1,1,1,1,-1,-1,1,-1,-1,1,-1,-1,-1,1,-1,-1,1,1,-1,-1,1,-1,-1,-1,-1,-1,-1,1,-1,-1,1,1,-1,-1,1,-1,1,-1,-1,1,-1,1,-1,-1,1,1,-1,-1,-1,1,-1,-1,-1,1,-1,1,-1,-1,1,1,-1,-1,-1,1,-1,1,1,-1,-1,-1,-1,-1,-1,-1,1,-1,-1,1,-1,-1,1,1,1,-1,-1,1,-1,-1,1,-1,-1,-1,-1,-1,1,-1,1,-1,-1,-1,1,1,-1,1,-1,-1,-1,-1,1,1,1,-1,-1,-1,-1,1,-1,1,-1,-1,-1,-1,1,1,-1,1,1,-1,-1,1,1,1,1,-1,1,1,1,1,-1,1,-1,1,-1,-1,1,-1,-1,1,-1,-1,1,-1,-1,-1,1,1,-1,1,1,-1,-1,1,1,-1,-1,1,-1,-1,-1,-1,-1,1,1,-1,-1,-1,-1,-1,1,1,-1,-1,1,1,1,-1,1,-1,-1,1,1,-1,-1,1,-1,-1,-1,1,-1,-1,1,1,-1,1,1,1,-1,1,-1,1,1,1,-1,-1,1,1,-1,1,1,-1,1,1,-1,1,1,1,-1,1,1,-1,-1,1,-1,1,1,1,-1,1,1,-1,-1,-1,1,-1,1,1,1,1,-1,1,1,1,1,1,1,1,1,-1,1,-1,1,-1,-1,1,1,1,1,1,1,-1,1,-1,1,-1,1,-1,-1,1,1,-1,1,-1,1,-1,1,1,1,1,1,1,-1,1,-1,1,1,-1,-1,-1,-1,-1,1,1,1,-1,-1,1,-1,1,-1,1,1,-1,-1,-1,1,-1,1,-1,-1,1,-1,1,-1,1,-1,-1,-1,1,1,-1,1,1,-1,-1,-1,1,-1,1,-1,-1,-1,-1,1,-1,1,-1,-1,-1,-1,1,1,1,1,-1,-1,1,1,-1,1,1,-1,-1,-1,1,-1,1,-1,-1,-1,-1,1,1,-1,1,-1,-1,-1,1,1,-1,1,-1,-1,-1,1,-1,-1,1,-1,-1,1,1,-1,1,-1,-1,-1,1,1,-1,-1,1,-1,1,1,1,1,-1,1,1,-1,1,1,-1,1,1,-1,-1,1,1,1,-1,1,-1,-1,1,1,-1,1,1,-1,1,1,1,-1,1,1,1,-1,1,1,1,-1,1,-1,-1,1,1,-1,-1,1,1,-1,1,1,-1,1,1,-1,-1,-1,-1,-1,1,1,-1,-1,1,1,-1,1,1,1,-1,1,-1,1,1,1,-1,1,1,-1,-1,1,1,-1,-1,-1,1,-1,1,1,-1,1,-1,-1,-1,1,1,-1,-1,-1,1,-1,1,1,-1,-1,-1,-1,-1,1,1,1,-1,-1,1,-1,1,1,-1,-1,1,-1,-1,1,-1,1,-1,-1,-1,1,1,1,1,-1,-1,1,-1,1,1,1,-1,1,-1,1,1,1,1,-1,-1,-1,1,-1,1,-1,-1,-1,-1,1,-1,1,-1,-1,-1,-1,1,-1,1,1,-1,1,1,-1,1,1,-1,1,-1,1,1,1,1,1,-1,1,-1,1,1,1,1,-1,1,1,1,-1,1,1,-1,1,1,-1,1,1,1,-1,1,-1,1,1,1,1,1,1,-1,1,-1,1,1,-1,-1,1,-1,-1,1,1,-1,1,1,-1,-1,1,1,1,1,-1,1,1,1,1,1,1,-1,1,1,1,1,-1,1,-1,-1,1,-1,1,-1,1,1,1,-1,1,1,1,1,-1,-1,1,-1,1,1,-1,-1,1,-1,1,1,1,1,-1,1,-1,-1,1,1,1,-1,1,1,1,1,1,1,-1,1,-1,1,1,1,1,-1,1,-1,1,1,1,1,-1,1,1,1,1,1,1,1,-1,1,1,1,-1,1,-1,1,-1,1,-2646.0,1,2000,445,500,True
2807,-1,-1,1,1,1,1,-1,1,-1,-1,-1,1,-1,-1,-1,-1,1,-1,1,-1,-1,1,-1,-1,-1,1,-1,-1,-1,-1,-1,-1,1,-1,-1,1,1,-1,-1,1,-1,-1,1,-1,-1,-1,1,1,-1,-1,1,-1,1,1,-1,1,-1,1,-1,-1,1,1,-1,1,-1,-1,-1,1,1,-1,1,-1,-1,-1,1,1,1,1,-1,-1,-1,1,1,-1,-1,-1,-1,1,1,1,1,-1,-1,-1,1,1,-1,1,-1,1,-1,1,1,1,-1,-1,-1,-1,1,1,1,1,-1,1,-1,1,1,1,1,-1,-1,-1,-1,1,1,1,-1,-1,1,1,1,1,-1,-1,-1,1,1,1,1,-1,-1,-1,1,-1,1,1,1,-1,-1,-1,-1,1,1,1,1,-1,-1,1,1,1,-1,1,-1,-1,1,-1,1,-1,1,-1,1,-1,1,1,-1,-1,-1,-1,1,1,-1,1,1,-1,1,-1,1,-1,-1,-1,-1,1,-1,1,-1,-1,1,-1,1,-1,1,-1,-1,1,-1,1,1,1,1,-1,1,-1,1,-1,1,-1,-1,1,1,1,-1,1,1,-1,1,1,-1,1,-1,1,-1,1,-1,1,-1,1,1,-1,1,1,1,-1,1,-1,-1,1,1,1,-1,-1,1,-1,1,1,-1,-1,1,-1,-1,1,1,1,-1,1,1,-1,1,-1,-1,-1,1,1,-1,1,1,-1,-1,1,-1,-1,1,-1,1,-1,1,1,-1,1,1,1,-1,1,1,-1,1,1,-1,-1,-1,1,1,1,-1,-1,-1,1,1,-1,1,1,1,-1,-1,1,1,1,-1,-1,-1,1,1,1,-1,1,-1,-1,-1,1,1,1,-1,1,-1,-1,-1,1,1,-1,-1,-1,1,1,-1,1,-1,-1,-1,-1,1,1,1,-1,1,-1,1,1,-1,1,-1,-1,-1,-1,-1,1,1,-1,-1,-1,-1,-1,1,-1,-1,-1,-1,-1,1,1,-1,-1,-1,1,1,1,1,-1,-1,1,1,-1,-1,1,1,-1,-1,1,-1,-1,-1,1,-1,-1,-1,1,-1,1,-1,1,-1,-1,-1,-1,1,1,-1,-1,1,1,-1,1,1,-1,-1,1,1,-1,1,1,-1,-1,1,-1,1,1,-1,-1,-1,-1,1,-1,1,1,-1,-1,1,-1,-1,1,-1,-1,-1,1,-1,1,-1,-1,-1,-1,1,-1,-1,1,1,1,1,1,-1,1,-1,1,-1,-1,1,-1,-1,-1,1,1,-1,1,-1,-1,1,1,-1,-1,1,-1,1,-1,1,-1,-1,1,-1,-1,1,1,-1,-1,1,-1,-1,-1,-1,1,1,1,-1,-1,1,-1,-1,1,-1,1,-1,1,-1,-1,1,-1,-1,-1,-1,-1,-1,1,-1,1,-1,1,-1,-1,1,-1,-1,1,-1,-1,-1,1,1,-1,1,-1,-1,-1,1,1,-1,-1,-1,1,-1,1,-1,-1,1,-1,-1,1,1,1,-1,-1,-1,-1,1,1,1,1,-1,1,-1,-1,-1,1,1,-1,1,-1,1,1,1,1,1,-1,1,1,-1,1,-1,-1,1,1,-1,-1,-1,1,-1,1,1,-1,-1,-1,1,1,1,1,1,-1,-1,1,-1,1,-1,1,-1,-1,-1,1,1,1,1,-1,-1,-1,-1,1,1,1,-1,-1,1,1,1,-1,1,-1,-1,-1,1,1,1,1,-1,-1,-1,-1,1,-1,1,1,-1,1,-1,1,1,1,-1,1,1,-1,1,1,1,1,-1,1,-1,1,1,1,-1,1,1,1,-1,1,1,-1,-1,1,1,1,-1,1,-1,1,1,1,-1,1,1,-1,1,1,1,1,1,1,1,1,1,1,-1,1,1,-1,1,1,1,1,1,1,1,1,1,1,1,1,1,-1,1,1,1,1,1,1,1,-1,1,-1,1,1,1,1,1,1,1,1,1,1,-1,1,1,1,-1,1,-1,-1,1,1,1,-1,1,1,-1,1,1,-1,1,1,-1,-1,1,1,1,-1,1,1,-1,1,1,-1,-1,1,-1,1,1,1,1,-1,1,1,-1,1,1,1,-1,1,1,-1,1,1,1,-1,1,1,-1,1,1,1,-1,1,-1,1,1,1,-1,-1,1,1,-1,1,-1,-1,-1,1,1,-1,1,1,1,-1,1,1,-1,1,1,1,-1,1,1,-1,1,1,1,-1,1,-1,1,1,1,-1,-1,1,-1,1,1,-1,-1,1,1,1,1,1,-1,-1,-1,1,-1,1,1,-1,1,-1,1,-1,1,1,1,-1,-1,1,-1,1,1,1,1,1,1,1,1,1,1,-1,1,1,-1,1,1,-1,1,1,1,-1,1,1,1,-1,1,-1,-1,1,1,1,-1,1,-1,-1,-1,-1,1,-1,1,1,-1,1,1,1,1,1,1,-1,1,1,1,1,1,-1,1,1,1,-1,1,1,-1,-1,-1,1,-1,1,1,-1,1,-1,1,-1,1,1,-1,-1,-1,1,-1,1,1,-1,-1,-1,1,1,1,1,-1,-1,-1,-1,1,1,1,-1,-1,-1,-1,-1,1,-1,-1,-1,-1,-1,1,1,1,-1,-1,-1,-1,-1,1,1,-1,-1,1,-1,1,1,1,1,-1,-1,-1,1,-1,1,-1,-1,-1,-1,1,-1,1,-1,-1,-1,1,1,1,1,-1,-1,-1,-1,1,1,1,-1,1,-1,-1,1,1,1,1,-1,1,-1,1,1,1,1,-1,1,-1,1,-1,1,1,-1,1,1,-1,1,1,1,-1,1,-1,1,1,-1,1,-1,1,-1,1,1,-1,1,-1,-1,1,-1,-1,1,1,-1,1,1,-1,-1,1,1,1,1,-1,1,1,1,-1,1,1,-1,1,1,1,-1,-1,1,-1,-1,1,1,-1,1,1,1,-1,-1,-1,1,1,1,-1,-1,1,1,1,-1,1,-1,-1,-1,1,1,1,1,-1,-1,1,1,1,1,1,1,-1,1,1,1,1,1,1,-1,1,1,-1,-1,1,1,-1,1,-1,1,1,1,1,-1,-1,1,1,-1,1,1,1,-1,1,1,-1,1,1,-1,-1,1,-2646.0,1,2000,445,500,True
2808,1,1,-1,-1,1,1,-1,1,1,1,1,-1,1,-1,1,1,-1,1,-1,-1,-1,1,1,1,1,1,-1,-1,1,1,1,1,-1,-1,-1,1,-1,1,1,1,-1,-1,1,1,1,1,1,1,-1,1,1,1,-1,1,-1,1,1,-1,1,1,1,-1,-1,-1,1,1,1,1,1,-1,1,-1,1,1,1,1,1,1,-1,1,1,1,1,-1,-1,1,1,1,1,1,1,1,-1,1,1,1,-1,1,-1,1,1,1,1,1,-1,-1,-1,1,1,1,1,1,-1,-1,1,1,1,1,1,-1,-1,1,1,1,1,1,-1,-1,1,1,1,1,-1,-1,-1,1,1,1,1,-1,-1,-1,1,1,1,1,1,-1,-1,-1,1,1,1,1,1,-1,-1,1,1,1,-1,1,-1,-1,1,1,1,-1,1,-1,1,1,1,1,-1,-1,-1,1,1,1,-1,1,1,-1,1,1,1,-1,-1,-1,-1,-1,1,1,-1,-1,1,-1,-1,1,-1,1,-1,1,-1,-1,1,1,1,-1,1,-1,1,1,1,1,-1,1,1,1,1,-1,-1,-1,1,1,-1,1,-1,1,-1,1,-1,-1,1,-1,1,-1,1,1,-1,1,-1,1,-1,1,1,-1,1,-1,1,-1,1,-1,1,1,-1,1,-1,1,1,-1,1,-1,1,-1,1,-1,1,1,-1,1,-1,1,-1,1,1,-1,-1,-1,1,-1,1,1,1,-1,-1,1,1,-1,1,-1,-1,-1,1,1,1,1,1,-1,1,1,-1,1,1,-1,1,-1,1,1,1,1,-1,1,1,1,-1,-1,1,-1,-1,1,-1,1,-1,1,1,-1,1,1,-1,1,1,1,-1,1,-1,-1,1,1,-1,1,-1,1,-1,1,1,-1,-1,1,-1,-1,-1,1,1,1,-1,-1,-1,1,1,1,-1,1,1,-1,1,1,1,-1,1,-1,-1,1,1,1,-1,1,-1,-1,-1,1,1,1,1,-1,-1,1,-1,1,-1,1,1,-1,-1,1,1,1,-1,1,-1,-1,1,1,-1,1,-1,-1,-1,-1,-1,-1,1,1,-1,-1,1,1,-1,1,-1,-1,-1,1,1,-1,1,-1,-1,1,1,1,1,1,-1,-1,-1,-1,1,1,1,1,-1,-1,1,-1,-1,1,-1,-1,1,-1,-1,1,-1,1,-1,-1,1,-1,-1,1,-1,-1,1,1,-1,1,-1,1,-1,-1,1,-1,-1,-1,-1,-1,-1,1,-1,-1,1,1,-1,-1,1,-1,1,-1,-1,1,-1,1,-1,-1,1,1,-1,-1,1,-1,-1,-1,-1,-1,1,1,-1,-1,1,1,-1,1,-1,1,-1,1,1,-1,1,-1,-1,-1,-1,-1,-1,1,-1,1,-1,1,1,-1,1,-1,-1,1,-1,-1,1,-1,1,-1,1,-1,1,-1,1,1,-1,-1,-1,1,-1,1,-1,-1,1,-1,1,1,1,1,-1,-1,1,1,-1,1,1,1,-1,1,1,1,-1,1,1,-1,1,1,1,1,-1,-1,1,-1,-1,1,-1,1,-1,1,-1,1,-1,-1,-1,1,-1,-1,1,-1,-1,1,1,1,-1,1,1,-1,1,1,1,-1,-1,1,-1,-1,1,-1,-1,-1,1,-1,-1,-1,-1,-1,-1,1,-1,1,1,1,1,1,1,-1,-1,1,1,-1,-1,1,-1,-1,-1,1,-1,-1,1,1,-1,1,1,1,-1,1,-1,1,1,1,-1,-1,1,1,-1,1,1,-1,1,1,-1,1,1,1,-1,1,1,-1,-1,1,-1,1,1,1,-1,1,1,1,-1,-1,1,-1,1,1,1,1,-1,1,1,1,1,1,1,1,1,-1,1,1,1,-1,-1,1,1,1,1,1,1,-1,1,1,1,1,1,1,-1,1,1,-1,1,-1,1,-1,1,1,1,1,1,1,-1,1,1,1,1,1,-1,-1,-1,-1,1,1,1,-1,-1,1,-1,1,1,1,1,-1,1,1,1,1,1,-1,-1,1,-1,-1,1,-1,-1,-1,1,1,-1,1,1,-1,-1,-1,1,-1,1,1,-1,-1,-1,1,-1,1,1,-1,-1,-1,-1,-1,1,1,-1,-1,-1,1,1,-1,-1,-1,-1,-1,-1,-1,1,-1,-1,-1,-1,1,-1,-1,1,-1,-1,-1,1,-1,-1,1,-1,-1,-1,-1,-1,1,1,-1,-1,-1,-1,-1,1,-1,-1,-1,1,-1,-1,1,-1,1,-1,-1,-1,-1,-1,-1,-1,1,-1,-1,-1,1,1,1,-1,-1,-1,1,-1,-1,-1,-1,-1,-1,-1,1,1,1,-1,-1,-1,-1,1,-1,1,1,-1,1,-1,-1,1,1,-1,-1,-1,-1,-1,-1,1,1,-1,-1,1,-1,1,1,-1,-1,-1,-1,-1,1,1,-1,-1,-1,1,-1,1,1,1,-1,-1,-1,1,1,1,-1,-1,1,-1,-1,1,1,-1,-1,1,-1,-1,1,1,-1,1,-1,1,-1,1,1,-1,-1,1,1,-1,1,1,-1,-1,1,1,-1,1,1,1,-1,-1,1,-1,1,1,-1,-1,1,1,-1,1,-1,1,-1,-1,1,-1,-1,1,1,-1,-1,1,-1,1,1,1,-1,-1,1,1,1,1,1,-1,-1,1,1,-1,1,-1,-1,1,-1,1,-1,1,-1,-1,1,-1,1,1,1,-1,-1,-1,1,-1,1,1,-1,1,1,1,1,1,-1,1,-1,-1,1,1,1,1,1,-1,1,-1,1,-1,1,1,-1,1,1,-1,-1,-1,1,-1,1,-1,1,1,1,1,-1,1,-1,1,1,-1,1,-1,-1,1,-1,-1,1,1,-1,1,1,-1,-1,1,1,1,1,-1,1,1,1,-1,1,1,-1,1,1,-1,-1,-1,1,-1,-1,1,1,-1,1,1,1,-1,-1,-1,1,1,1,-1,-1,1,1,1,-1,1,-1,-1,-1,1,1,1,1,-1,-1,1,1,1,1,1,1,-1,1,1,1,1,1,1,-1,1,1,-1,-1,1,1,-1,1,-1,1,1,1,1,-1,-1,1,1,-1,1,1,1,-1,1,1,-1,1,1,-1,-1,1,-2646.0,1,2000,445,500,True
2809,-1,-1,1,1,1,1,-1,1,-1,-1,-1,1,-1,1,-1,-1,1,-1,1,1,-1,1,-1,-1,-1,1,-1,-1,-1,-1,-1,-1,1,1,-1,1,1,-1,-1,-1,1,-1,1,-1,-1,-1,-1,1,-1,-1,1,-1,1,-1,1,-1,-1,1,-1,-1,-1,1,1,1,-1,-1,-1,-1,-1,-1,1,-1,-1,-1,-1,-1,-1,1,-1,-1,-1,1,1,-1,-1,-1,-1,-1,-1,1,-1,-1,-1,-1,-1,-1,-1,1,-1,1,-1,-1,-1,-1,1,-1,-1,-1,-1,-1,-1,1,-1,1,-1,-1,-1,-1,1,-1,-1,-1,-1,-1,-1,1,-1,-1,1,-1,-1,-1,-1,-1,-1,-1,-1,-1,-1,-1,-1,-1,-1,-1,-1,-1,1,-1,-1,-1,-1,-1,-1,-1,1,-1,1,-1,-1,-1,-1,1,-1,-1,-1,-1,1,-1,1,-1,-1,-1,-1,-1,-1,-1,-1,-1,-1,-1,-1,1,1,-1,-1,-1,-1,-1,-1,-1,-1,1,-1,-1,1,-1,-1,1,-1,-1,-1,1,-1,1,-1,1,-1,-1,-1,1,1,-1,1,-1,-1,-1,1,1,1,1,-1,1,-1,-1,1,1,-1,-1,-1,-1,1,1,1,1,-1,1,-1,-1,1,1,1,-1,1,1,-1,1,1,1,-1,-1,1,-1,1,-1,-1,-1,1,1,-1,1,1,1,-1,1,-1,-1,1,-1,-1,-1,1,-1,-1,1,-1,-1,-1,1,-1,-1,1,-1,1,-1,1,-1,-1,1,-1,1,-1,1,1,-1,1,1,-1,-1,-1,1,-1,1,-1,-1,-1,1,1,-1,1,1,1,-1,-1,1,-1,1,-1,-1,-1,1,1,-1,-1,1,-1,-1,-1,1,-1,1,-1,-1,1,-1,-1,1,1,-1,-1,-1,1,1,-1,1,-1,1,-1,-1,1,1,1,-1,1,-1,1,1,-1,1,-1,-1,-1,-1,-1,1,1,-1,-1,-1,-1,-1,1,-1,-1,-1,-1,-1,1,1,-1,-1,-1,1,1,-1,1,-1,-1,1,1,-1,-1,1,1,-1,-1,1,-1,1,1,1,-1,-1,-1,1,-1,1,-1,-1,-1,-1,-1,-1,1,1,-1,-1,1,1,-1,1,-1,-1,-1,1,1,1,1,-1,-1,-1,1,1,-1,1,-1,-1,-1,1,1,1,1,1,-1,-1,1,1,1,1,-1,-1,-1,1,-1,1,-1,1,-1,-1,1,1,1,1,-1,-1,1,1,1,1,-1,1,-1,-1,1,1,1,1,-1,-1,-1,1,1,1,1,1,-1,-1,-1,1,1,1,-1,1,-1,1,1,-1,1,1,-1,-1,1,-1,1,1,-1,-1,1,1,1,1,-1,1,-1,1,1,-1,1,-1,1,-1,1,1,-1,1,-1,-1,-1,1,1,-1,1,-1,1,-1,1,-1,1,1,-1,-1,1,-1,1,-1,1,1,1,-1,1,1,1,-1,-1,1,-1,1,-1,-1,1,-1,1,1,1,1,-1,-1,1,1,-1,1,1,-1,1,1,1,1,-1,1,1,-1,1,1,1,1,-1,1,1,-1,1,1,-1,1,-1,1,-1,-1,1,-1,-1,1,-1,-1,1,-1,-1,-1,1,1,-1,1,1,-1,-1,1,1,-1,-1,1,-1,-1,-1,-1,-1,1,1,-1,-1,-1,-1,-1,1,1,-1,-1,1,1,1,-1,1,-1,-1,1,1,-1,1,1,-1,-1,-1,1,-1,-1,1,1,-1,1,1,1,1,1,-1,1,1,1,-1,1,1,1,-1,1,1,-1,1,1,-1,1,1,1,-1,1,1,-1,-1,1,-1,1,-1,1,-1,1,1,1,-1,1,1,1,1,1,1,1,1,1,1,1,1,1,1,1,1,-1,1,1,1,-1,1,1,1,1,1,1,1,1,1,-1,1,1,1,1,1,1,1,-1,1,-1,1,1,1,1,1,1,1,1,1,1,-1,1,1,1,-1,1,-1,-1,1,1,1,-1,1,1,-1,1,1,1,1,1,1,1,1,1,1,-1,1,1,-1,1,1,-1,-1,1,1,-1,1,1,1,-1,1,1,-1,1,1,1,-1,1,1,-1,1,1,1,-1,1,1,1,1,1,1,-1,1,1,-1,-1,1,-1,-1,1,1,1,1,-1,1,-1,1,1,-1,1,1,1,-1,1,1,-1,1,-1,1,-1,1,1,1,1,1,1,-1,1,1,1,1,1,-1,-1,1,-1,1,1,-1,-1,1,1,1,1,1,-1,-1,-1,-1,1,1,1,-1,1,-1,1,1,1,-1,1,-1,-1,1,1,1,1,1,-1,-1,1,1,1,1,1,-1,1,1,1,1,1,-1,-1,1,1,1,1,1,1,-1,-1,-1,1,1,1,1,-1,1,1,1,1,-1,1,-1,1,1,1,1,1,1,-1,-1,-1,1,1,1,1,-1,1,1,1,1,1,-1,-1,-1,1,1,-1,1,-1,-1,1,1,1,-1,1,-1,-1,1,1,1,-1,1,-1,1,1,1,1,1,-1,1,-1,-1,-1,1,1,-1,1,-1,1,-1,1,-1,-1,-1,1,-1,1,1,1,-1,1,-1,1,-1,1,1,-1,1,-1,-1,-1,1,1,-1,1,-1,1,-1,1,1,-1,1,-1,-1,1,1,1,-1,1,-1,1,1,1,-1,1,-1,1,-1,1,1,1,-1,1,-1,1,1,-1,1,-1,-1,-1,1,-1,1,-1,1,1,-1,1,-1,1,1,-1,1,-1,1,-1,1,1,1,-1,-1,-1,1,1,-1,1,1,-1,-1,-1,1,-1,1,-1,1,-1,-1,1,1,1,-1,-1,-1,1,1,1,1,-1,1,-1,1,1,-1,1,1,-1,1,1,1,1,-1,-1,-1,-1,-1,1,1,1,1,-1,1,1,-1,1,1,-1,1,-1,-1,1,1,1,-1,-1,1,1,-1,1,1,-1,1,1,1,1,1,1,-1,1,1,1,1,1,1,-1,-1,1,1,1,-1,1,-1,1,1,1,1,1,1,-1,1,1,1,-1,1,1,-1,-1,1,1,-1,1,1,1,-1,1,1,-1,1,1,-1,-1,1,-2646.0,1,2000,445,500,True
2810,1,1,-1,-1,1,-1,1,1,1,1,1,-1,1,1,1,1,-1,1,-1,-1,1,1,1,1,1,-1,1,1,1,1,1,1,-1,-1,1,1,-1,1,1,1,-1,1,1,1,1,1,1,-1,1,-1,1,1,-1,1,-1,-1,1,-1,1,1,1,-1,-1,-1,1,1,1,1,-1,1,1,-1,1,1,1,-1,1,1,-1,1,1,-1,-1,1,-1,1,1,1,-1,-1,1,1,-1,1,1,-1,1,-1,-1,1,1,1,-1,1,-1,-1,-1,1,1,1,1,1,-1,-1,1,1,1,1,-1,-1,-1,1,1,1,-1,1,-1,-1,1,1,1,1,-1,-1,-1,1,1,1,1,-1,-1,-1,-1,1,1,1,-1,-1,-1,-1,1,1,1,-1,1,-1,-1,1,1,1,-1,1,-1,-1,1,1,1,-1,1,-1,1,1,1,1,-1,-1,-1,1,1,1,-1,1,1,-1,1,1,1,1,-1,-1,-1,-1,1,1,1,-1,1,-1,-1,1,-1,1,-1,1,-1,-1,1,1,1,-1,1,-1,1,1,-1,1,-1,1,-1,1,1,1,1,1,1,1,-1,1,-1,1,-1,1,-1,-1,1,1,1,1,1,-1,-1,1,-1,-1,1,1,1,-1,1,-1,-1,1,1,-1,1,1,-1,-1,1,1,-1,-1,1,-1,1,1,1,1,1,1,-1,1,1,1,1,1,1,-1,1,1,1,1,1,1,-1,-1,1,1,1,-1,1,-1,-1,1,1,-1,1,1,1,1,1,1,1,-1,1,1,-1,1,1,1,-1,1,-1,1,1,1,1,1,1,-1,-1,1,1,-1,1,1,1,-1,1,1,1,1,1,1,-1,1,1,1,1,1,1,-1,1,1,1,1,1,-1,1,-1,1,1,-1,1,1,1,1,1,1,-1,1,1,-1,-1,1,-1,1,1,1,-1,-1,1,1,-1,1,1,-1,-1,1,1,-1,1,1,-1,-1,1,1,1,-1,1,-1,1,-1,1,-1,1,1,-1,-1,1,1,1,-1,1,-1,1,1,1,-1,-1,-1,-1,1,1,1,-1,1,1,-1,1,1,-1,1,-1,1,-1,1,1,-1,1,1,-1,1,-1,1,1,1,-1,1,1,1,-1,1,-1,1,-1,-1,1,1,1,-1,-1,-1,1,1,1,1,-1,1,-1,-1,1,1,1,1,-1,-1,-1,1,-1,1,-1,1,-1,-1,-1,1,1,1,1,-1,-1,1,-1,1,1,-1,-1,1,-1,1,-1,1,-1,-1,-1,1,-1,1,-1,-1,-1,-1,-1,1,1,-1,1,-1,-1,1,1,1,-1,-1,1,-1,1,-1,1,-1,-1,-1,-1,-1,1,1,-1,-1,1,-1,-1,-1,1,1,-1,-1,1,-1,1,-1,1,-1,-1,-1,-1,-1,-1,1,-1,-1,-1,1,1,-1,1,-1,-1,-1,-1,-1,1,1,-1,-1,-1,-1,-1,1,1,-1,-1,-1,-1,-1,-1,1,1,1,-1,-1,-1,1,-1,1,1,1,1,1,1,-1,-1,1,-1,1,1,-1,-1,1,-1,1,1,1,-1,-1,-1,-1,-1,1,-1,1,-1,-1,-1,1,1,-1,1,-1,-1,-1,1,1,-1,1,-1,-1,-1,1,1,-1,1,-1,-1,-1,-1,1,1,1,-1,1,-1,-1,1,-1,1,-1,-1,1,-1,1,-1,1,1,-1,-1,-1,-1,-1,1,1,-1,-1,-1,1,-1,1,1,-1,-1,1,-1,1,1,-1,-1,-1,-1,-1,1,1,-1,1,-1,1,1,1,1,1,-1,-1,-1,-1,-1,1,-1,1,-1,-1,1,-1,1,1,-1,1,-1,-1,1,1,1,-1,1,-1,1,-1,1,1,-1,1,-1,-1,-1,1,1,-1,1,-1,1,-1,1,1,1,-1,1,-1,-1,1,1,-1,-1,-1,1,-1,1,1,1,-1,1,-1,-1,-1,-1,1,-1,1,-1,-1,1,-1,-1,1,-1,1,-1,1,1,-1,1,-1,1,-1,1,-1,1,-1,1,-1,-1,1,1,-1,1,-1,-1,-1,-1,1,-1,1,-1,1,-1,-1,1,-1,1,1,-1,-1,-1,-1,-1,1,1,1,-1,-1,1,1,-1,1,1,-1,-1,-1,-1,1,-1,1,-1,-1,1,-1,1,1,1,-1,-1,1,-1,-1,1,1,-1,-1,-1,-1,1,-1,1,-1,-1,-1,-1,-1,1,-1,-1,1,-1,-1,1,-1,1,-1,-1,-1,-1,-1,1,1,1,-1,-1,-1,1,1,1,-1,-1,-1,1,-1,-1,1,-1,-1,-1,-1,1,1,1,-1,-1,-1,-1,1,-1,1,1,-1,1,-1,-1,1,1,-1,-1,-1,-1,-1,-1,1,1,-1,-1,1,-1,1,1,-1,-1,-1,-1,-1,1,1,-1,-1,1,1,-1,1,1,1,-1,1,-1,1,1,1,-1,-1,1,-1,-1,1,1,1,-1,1,-1,-1,1,1,-1,1,1,-1,-1,1,1,1,-1,1,1,-1,1,1,-1,-1,1,1,-1,1,1,1,-1,-1,1,-1,1,1,1,-1,1,1,-1,1,-1,1,1,-1,1,1,1,1,-1,1,-1,1,-1,1,1,1,1,-1,1,1,1,1,1,-1,-1,1,1,-1,1,1,-1,1,-1,1,-1,1,1,-1,1,1,1,-1,1,1,-1,-1,1,-1,1,1,1,-1,1,1,1,1,1,1,-1,1,-1,1,1,1,1,-1,-1,1,1,-1,1,1,-1,-1,1,-1,1,1,-1,-1,1,-1,1,1,1,1,-1,-1,-1,1,-1,1,1,-1,-1,1,-1,-1,1,-1,1,-1,-1,-1,-1,1,-1,-1,1,-1,1,1,1,-1,1,-1,-1,1,1,1,1,1,-1,-1,-1,1,-1,-1,1,-1,-1,1,-1,1,1,1,-1,1,-1,1,-1,-1,1,-1,-1,1,-1,1,1,1,1,-1,1,-1,-1,-1,1,-1,-1,1,1,1,-1,1,1,-1,1,-1,1,1,1,1,-1,1,-1,1,-1,1,1,-1,1,1,1,-1,1,1,-1,-1,1,1,1,-1,1,-1,1,-1,1,-2646.0,1,2000,445,1000,True
2811,1,1,-1,-1,1,1,-1,-1,1,1,1,-1,-1,-1,1,1,-1,1,-1,-1,-1,-1,1,1,1,1,-1,-1,1,1,1,1,-1,-1,-1,-1,1,-1,1,1,-1,-1,-1,1,1,1,1,1,-1,1,1,1,-1,1,-1,1,1,-1,1,1,1,-1,-1,-1,1,1,1,1,1,-1,-1,1,1,1,1,1,1,-1,1,1,1,1,1,-1,1,1,1,1,1,1,1,1,1,1,1,1,-1,1,1,-1,1,1,1,1,-1,1,1,1,1,1,1,1,1,1,1,1,1,1,1,1,1,1,1,1,1,1,1,1,-1,1,1,1,-1,1,1,-1,1,1,1,-1,1,1,-1,1,1,1,1,1,1,1,1,1,1,1,-1,1,1,-1,1,1,-1,1,1,1,-1,-1,1,-1,-1,1,-1,-1,1,1,-1,1,1,1,1,1,-1,1,-1,1,1,-1,1,-1,-1,1,1,-1,-1,1,-1,-1,-1,1,-1,-1,1,-1,-1,-1,1,-1,1,1,1,-1,-1,1,-1,1,-1,-1,-1,-1,1,-1,-1,1,1,-1,-1,-1,1,-1,-1,1,-1,-1,1,1,-1,1,1,-1,-1,1,1,-1,-1,-1,-1,-1,-1,1,-1,-1,1,-1,-1,1,1,-1,1,-1,-1,-1,1,1,-1,-1,1,-1,1,-1,-1,-1,-1,1,-1,-1,1,-1,-1,-1,1,-1,-1,-1,-1,-1,-1,1,-1,1,-1,1,-1,-1,1,-1,1,-1,-1,-1,-1,1,1,1,-1,1,-1,-1,1,-1,1,1,-1,-1,-1,1,1,1,-1,-1,-1,1,-1,1,1,1,-1,-1,-1,-1,1,1,-1,-1,-1,-1,1,1,1,-1,-1,-1,-1,1,-1,1,-1,1,-1,-1,-1,1,1,-1,1,-1,-1,1,-1,1,-1,1,-1,-1,-1,1,1,-1,-1,-1,-1,-1,1,-1,-1,1,-1,-1,-1,1,-1,-1,1,-1,-1,1,1,-1,-1,1,1,-1,-1,1,1,-1,1,-1,-1,-1,-1,1,-1,-1,1,-1,-1,1,-1,-1,1,1,1,1,1,1,-1,1,-1,1,-1,1,-1,1,-1,-1,1,-1,1,-1,1,1,-1,-1,1,1,-1,-1,-1,1,1,1,1,1,-1,1,-1,1,-1,1,-1,-1,1,-1,1,1,-1,1,-1,1,-1,1,-1,1,-1,-1,1,1,1,1,-1,1,-1,-1,1,1,1,-1,-1,-1,-1,1,1,1,1,1,-1,-1,1,-1,1,-1,-1,1,-1,1,1,-1,1,1,-1,1,1,1,1,-1,-1,-1,1,1,1,-1,1,1,-1,1,1,-1,-1,1,1,-1,1,1,-1,-1,-1,-1,-1,1,1,1,-1,1,1,-1,-1,1,-1,1,-1,-1,1,-1,1,-1,1,-1,1,-1,1,1,-1,1,-1,1,-1,-1,1,-1,1,-1,1,1,-1,1,-1,-1,1,1,-1,-1,1,1,-1,1,1,1,1,1,1,-1,1,1,1,-1,1,-1,-1,-1,-1,-1,1,-1,-1,1,-1,1,-1,1,-1,1,-1,-1,-1,1,1,-1,1,1,-1,-1,-1,1,-1,1,1,-1,1,-1,1,-1,-1,-1,-1,-1,-1,1,-1,-1,-1,-1,-1,-1,1,-1,1,1,1,1,-1,1,-1,1,1,-1,-1,-1,1,-1,-1,1,-1,1,-1,-1,1,1,1,1,-1,-1,1,1,1,1,-1,1,-1,-1,1,1,1,-1,-1,-1,1,1,1,1,-1,-1,-1,1,-1,1,-1,1,1,-1,-1,1,1,1,-1,-1,-1,-1,1,1,1,1,-1,-1,-1,1,1,1,1,-1,-1,-1,1,-1,1,-1,-1,-1,1,1,1,1,1,-1,1,-1,1,-1,1,1,-1,-1,-1,1,1,-1,1,-1,-1,-1,1,1,1,1,-1,-1,1,-1,1,-1,1,-1,1,1,-1,1,-1,1,-1,-1,1,1,-1,1,1,-1,1,-1,1,-1,1,1,-1,-1,1,-1,1,-1,1,-1,1,-1,1,-1,1,-1,-1,1,-1,1,-1,1,1,1,-1,1,1,-1,-1,1,1,-1,1,1,1,-1,-1,-1,1,-1,-1,1,-1,1,-1,-1,1,1,-1,1,-1,-1,-1,1,1,1,-1,1,-1,-1,1,1,1,-1,-1,-1,-1,1,1,-1,-1,-1,-1,-1,1,1,1,-1,-1,-1,1,1,1,1,-1,1,-1,1,1,1,1,-1,-1,1,1,1,1,1,-1,-1,-1,-1,-1,1,1,-1,-1,-1,1,1,1,1,-1,-1,-1,1,1,1,-1,1,-1,1,-1,1,1,1,-1,-1,-1,-1,1,1,1,1,-1,1,-1,1,-1,1,-1,-1,-1,-1,-1,1,1,-1,1,-1,-1,1,1,1,-1,1,1,-1,1,1,-1,-1,1,-1,1,1,1,1,-1,1,-1,-1,-1,1,-1,1,1,-1,1,1,1,1,-1,1,-1,-1,1,1,1,-1,1,-1,-1,-1,1,1,-1,1,1,-1,-1,1,1,-1,1,-1,-1,1,1,1,-1,1,1,-1,-1,1,1,-1,1,1,-1,-1,1,1,-1,1,1,-1,1,-1,1,1,1,1,-1,-1,1,1,-1,-1,-1,-1,-1,1,1,-1,1,-1,-1,-1,1,1,1,1,-1,-1,-1,1,-1,1,1,-1,1,-1,1,1,1,-1,1,-1,1,-1,1,-1,1,1,-1,1,-1,1,-1,1,1,-1,1,-1,-1,-1,-1,1,-1,1,-1,1,1,-1,1,-1,1,-1,1,1,-1,1,-1,-1,1,-1,-1,1,1,-1,1,1,-1,-1,1,1,1,1,-1,1,1,1,-1,1,1,-1,1,1,-1,-1,-1,1,-1,-1,1,1,-1,1,1,1,-1,-1,-1,1,1,1,-1,-1,1,1,1,-1,1,-1,-1,-1,1,1,1,1,-1,-1,1,1,1,1,1,1,-1,1,1,1,1,1,1,-1,1,1,-1,-1,1,1,-1,1,-1,1,1,1,1,-1,-1,1,1,-1,1,1,1,-1,1,1,-1,1,1,-1,-1,1,-2646.0,1,2000,445,500,True
2812,-1,-1,1,1,1,1,-1,1,-1,-1,-1,1,-1,1,-1,-1,1,-1,1,1,-1,1,-1,-1,-1,1,-1,-1,1,-1,-1,-1,1,1,-1,1,1,-1,-1,-1,1,-1,1,-1,-1,-1,-1,-1,1,-1,-1,-1,1,-1,1,-1,-1,1,-1,-1,-1,1,1,1,-1,-1,-1,-1,-1,-1,1,-1,-1,-1,-1,-1,-1,1,-1,-1,-1,1,1,-1,-1,-1,-1,-1,-1,1,1,-1,-1,-1,-1,-1,-1,-1,-1,1,-1,-1,-1,-1,-1,-1,-1,-1,-1,-1,-1,1,-1,-1,-1,-1,-1,-1,1,-1,-1,-1,-1,-1,-1,1,-1,-1,1,-1,-1,-1,-1,-1,-1,-1,-1,-1,-1,-1,-1,-1,-1,-1,-1,-1,1,-1,-1,-1,-1,-1,-1,-1,1,-1,-1,1,-1,-1,-1,1,-1,-1,1,-1,1,-1,1,-1,-1,-1,-1,-1,-1,-1,-1,-1,-1,-1,-1,1,1,-1,1,-1,-1,-1,-1,-1,-1,1,-1,-1,1,-1,1,-1,1,1,-1,1,-1,1,-1,1,-1,-1,-1,1,1,-1,1,1,-1,-1,1,1,1,1,-1,1,-1,-1,1,1,-1,1,-1,-1,1,1,-1,1,-1,1,-1,-1,1,1,1,-1,1,1,-1,1,1,1,-1,-1,1,-1,1,1,-1,-1,1,1,-1,1,1,1,-1,1,-1,-1,1,-1,-1,1,1,-1,-1,1,1,-1,-1,1,-1,-1,1,-1,1,1,1,-1,-1,1,1,1,-1,1,1,-1,1,1,-1,-1,1,-1,-1,1,-1,-1,-1,1,1,-1,-1,1,1,-1,1,1,-1,1,-1,-1,-1,1,1,-1,-1,1,-1,-1,1,1,-1,1,-1,-1,1,1,-1,-1,-1,-1,-1,1,1,1,1,1,-1,-1,1,1,-1,-1,-1,-1,1,-1,1,-1,1,-1,-1,1,1,1,1,-1,1,-1,-1,1,1,1,-1,-1,-1,-1,1,1,1,-1,-1,-1,1,-1,1,-1,-1,-1,-1,1,-1,1,1,-1,1,-1,1,-1,1,1,1,1,-1,1,-1,1,1,-1,-1,-1,1,1,-1,-1,-1,1,-1,1,-1,1,-1,-1,-1,1,-1,-1,1,1,1,-1,1,1,-1,1,-1,-1,-1,-1,-1,-1,1,1,1,1,-1,1,1,1,1,1,-1,-1,1,-1,-1,1,1,1,-1,-1,1,-1,1,-1,-1,-1,-1,1,-1,1,1,1,-1,1,1,-1,1,-1,-1,-1,-1,1,-1,-1,1,1,-1,-1,1,-1,1,1,-1,1,-1,1,-1,-1,1,1,-1,-1,-1,-1,1,1,-1,1,-1,1,-1,1,-1,1,-1,1,-1,-1,1,1,1,-1,1,-1,-1,1,-1,-1,-1,1,-1,-1,1,1,1,-1,1,-1,-1,1,-1,-1,1,-1,1,-1,1,-1,1,-1,1,1,-1,-1,1,1,-1,1,-1,-1,1,-1,1,1,1,1,-1,-1,1,1,-1,1,1,1,-1,1,1,1,-1,1,1,-1,1,1,1,1,1,-1,1,-1,1,1,-1,1,-1,1,-1,1,-1,-1,-1,1,-1,-1,1,-1,-1,1,1,1,-1,1,1,-1,1,1,1,-1,-1,1,-1,-1,1,-1,-1,1,1,-1,-1,-1,-1,-1,1,1,-1,1,1,1,1,-1,1,-1,-1,1,1,-1,1,1,-1,-1,-1,1,-1,-1,1,1,-1,1,1,1,1,1,-1,1,1,1,-1,1,1,1,-1,1,1,-1,1,1,-1,1,1,1,-1,1,1,-1,-1,1,-1,1,1,1,-1,1,1,1,-1,1,1,-1,1,1,1,1,1,1,1,1,1,1,1,1,1,-1,1,-1,1,-1,1,1,1,1,-1,1,1,1,1,-1,1,-1,1,1,1,1,1,-1,1,-1,1,1,1,1,1,1,1,1,1,1,-1,1,1,-1,-1,1,-1,-1,1,1,1,-1,1,1,-1,1,-1,1,1,1,-1,-1,1,-1,1,-1,1,1,-1,1,-1,1,-1,1,1,-1,1,-1,1,-1,1,1,-1,1,-1,1,-1,1,1,-1,1,-1,1,-1,1,1,-1,1,1,1,-1,1,1,-1,-1,1,-1,-1,1,1,-1,1,-1,1,-1,1,1,-1,1,1,-1,1,1,1,-1,1,1,-1,-1,1,1,-1,1,-1,-1,1,1,1,1,1,1,-1,-1,1,-1,1,1,1,-1,1,1,1,1,-1,1,-1,-1,-1,1,1,-1,1,1,1,1,1,1,-1,1,-1,-1,1,-1,1,1,-1,1,1,1,1,1,-1,1,-1,1,1,1,-1,1,-1,1,1,1,1,1,1,-1,-1,1,-1,1,1,-1,-1,1,1,1,1,1,-1,-1,1,1,1,1,1,-1,-1,1,1,-1,1,1,-1,1,1,1,1,1,1,-1,-1,1,1,1,1,-1,-1,-1,1,1,1,1,-1,-1,-1,1,1,1,1,-1,-1,-1,1,1,1,1,1,-1,-1,1,1,-1,1,1,-1,-1,-1,1,-1,1,-1,-1,-1,1,-1,-1,1,1,-1,-1,-1,1,-1,1,1,-1,-1,1,1,-1,1,1,-1,-1,1,1,-1,1,1,-1,-1,-1,1,1,1,1,-1,1,-1,1,1,1,-1,-1,-1,1,1,1,1,1,-1,1,-1,1,1,-1,1,-1,-1,-1,1,-1,1,-1,1,-1,-1,1,-1,1,1,-1,-1,-1,1,-1,1,1,-1,1,-1,-1,1,1,-1,1,-1,-1,-1,-1,1,-1,1,-1,1,-1,-1,1,1,1,1,-1,-1,1,1,1,1,1,1,-1,1,1,-1,1,-1,-1,1,1,1,1,1,-1,1,-1,-1,1,1,1,1,-1,1,-1,1,1,1,1,-1,-1,1,1,1,1,-1,1,-1,1,-1,1,1,1,-1,1,1,1,1,1,1,-1,1,1,1,1,1,1,1,1,1,1,1,1,1,-1,1,1,1,1,1,1,-1,1,1,1,1,1,1,1,1,1,-1,1,1,-1,1,1,1,-1,1,1,1,-1,1,-2646.0,1,2000,445,500,True
2813,-1,-1,1,1,1,1,-1,1,-1,-1,-1,1,-1,-1,-1,-1,1,-1,1,-1,-1,1,-1,-1,-1,1,-1,-1,-1,-1,-1,-1,1,-1,-1,1,1,-1,-1,1,-1,-1,1,-1,-1,-1,-1,1,-1,-1,1,-1,1,1,-1,1,-1,1,-1,-1,-1,1,-1,1,-1,-1,-1,-1,1,-1,1,-1,-1,-1,-1,1,1,1,-1,-1,-1,1,1,-1,-1,-1,-1,-1,1,1,1,-1,-1,-1,-1,1,-1,1,-1,1,-1,-1,1,1,-1,-1,-1,-1,-1,1,1,1,-1,1,-1,-1,-1,1,1,-1,-1,-1,-1,-1,1,1,-1,-1,1,-1,-1,1,-1,-1,-1,-1,-1,-1,1,-1,-1,-1,-1,-1,-1,1,1,-1,-1,-1,-1,-1,-1,1,1,-1,1,-1,-1,-1,-1,1,-1,-1,-1,-1,1,-1,1,-1,-1,-1,-1,1,-1,-1,-1,-1,-1,-1,-1,1,1,-1,-1,-1,-1,-1,-1,-1,-1,1,-1,-1,-1,-1,-1,1,-1,-1,-1,1,-1,1,-1,1,-1,-1,-1,-1,1,-1,1,-1,1,-1,-1,1,1,1,-1,1,-1,-1,1,1,-1,-1,-1,-1,-1,1,1,1,-1,1,-1,-1,1,1,1,-1,1,1,-1,1,1,1,-1,-1,1,-1,1,-1,-1,1,1,-1,-1,1,1,1,-1,1,-1,-1,1,-1,-1,-1,1,-1,1,1,-1,-1,-1,1,-1,1,1,-1,1,-1,1,-1,-1,1,-1,1,-1,1,1,-1,1,1,-1,-1,-1,1,1,1,-1,-1,-1,1,1,-1,1,1,1,-1,-1,1,1,1,-1,-1,-1,1,1,1,-1,1,-1,-1,1,-1,1,1,-1,1,-1,1,-1,1,1,-1,-1,-1,1,1,-1,1,-1,-1,1,-1,-1,1,1,-1,-1,1,1,1,-1,1,-1,1,1,1,-1,1,1,-1,-1,1,1,-1,1,-1,-1,-1,1,1,-1,1,-1,-1,-1,1,1,1,1,-1,-1,1,1,1,-1,1,1,-1,-1,1,1,-1,-1,1,-1,-1,-1,1,-1,1,-1,-1,-1,-1,-1,-1,1,1,-1,-1,1,1,-1,1,-1,1,-1,1,1,-1,1,-1,-1,-1,1,-1,1,1,-1,-1,-1,-1,1,1,1,1,-1,-1,1,-1,-1,1,-1,-1,-1,1,-1,1,-1,1,-1,-1,1,-1,-1,1,-1,-1,1,1,-1,1,-1,1,-1,-1,1,-1,-1,-1,-1,-1,-1,1,-1,-1,1,1,-1,-1,-1,-1,1,-1,-1,1,-1,1,-1,-1,1,1,-1,-1,1,-1,-1,-1,-1,-1,1,1,-1,-1,1,1,-1,1,-1,1,-1,1,1,-1,1,-1,-1,-1,-1,-1,-1,1,-1,1,-1,1,1,-1,1,-1,-1,1,-1,-1,1,-1,1,-1,-1,-1,1,-1,1,1,-1,-1,-1,1,-1,1,-1,-1,1,-1,1,1,1,1,-1,-1,-1,1,-1,1,1,1,-1,-1,1,1,-1,1,1,-1,1,1,1,1,-1,1,1,-1,1,1,-1,1,-1,1,-1,-1,1,-1,-1,1,-1,-1,1,-1,-1,-1,1,1,-1,1,1,-1,-1,1,1,-1,-1,1,-1,-1,-1,-1,-1,1,1,-1,-1,-1,-1,-1,1,1,-1,-1,1,1,1,-1,1,-1,-1,1,1,-1,1,1,-1,-1,-1,1,-1,-1,1,1,-1,1,1,1,1,1,-1,1,1,1,-1,1,1,1,-1,1,1,-1,1,1,-1,1,1,1,-1,1,1,-1,-1,1,-1,1,-1,1,-1,1,1,1,-1,1,1,1,1,1,1,1,1,1,1,1,1,1,1,1,1,-1,1,-1,1,-1,1,1,1,1,1,1,1,1,1,-1,1,1,1,1,1,1,1,-1,1,-1,1,1,1,1,1,1,1,1,1,1,-1,1,1,1,-1,1,-1,-1,1,1,1,-1,1,1,-1,1,1,1,1,1,1,1,1,1,1,-1,1,1,-1,1,1,-1,-1,1,1,-1,1,1,1,-1,1,1,-1,1,1,1,-1,1,1,-1,1,1,1,-1,1,1,1,1,1,1,-1,1,1,-1,-1,1,-1,-1,1,1,1,1,-1,1,-1,1,1,-1,1,1,1,-1,1,1,-1,1,1,1,-1,1,1,1,1,-1,1,-1,1,1,1,1,1,-1,-1,1,-1,1,1,-1,-1,1,1,1,1,1,-1,-1,-1,-1,1,1,1,-1,1,-1,1,1,1,1,-1,-1,-1,1,1,1,1,-1,1,1,1,1,-1,1,1,-1,1,1,1,1,1,-1,1,1,1,1,1,1,-1,-1,1,-1,1,1,1,-1,1,1,-1,1,1,-1,-1,1,1,1,1,1,1,-1,1,1,-1,1,1,-1,1,1,1,1,1,1,-1,-1,1,1,1,1,-1,1,-1,1,1,-1,1,-1,-1,-1,1,1,-1,1,-1,1,-1,1,1,1,1,1,-1,-1,1,1,-1,1,1,-1,-1,1,1,-1,1,-1,-1,-1,1,-1,1,-1,1,-1,1,1,1,-1,-1,1,-1,-1,1,1,-1,-1,1,-1,1,1,1,1,-1,1,-1,1,-1,1,-1,1,1,-1,1,-1,1,-1,-1,-1,-1,1,1,1,-1,1,1,1,-1,1,1,-1,-1,1,1,1,1,-1,1,-1,-1,1,1,1,1,1,-1,1,-1,1,-1,1,1,-1,1,1,-1,-1,-1,1,-1,1,-1,1,1,1,1,-1,1,1,1,-1,1,1,-1,-1,1,-1,-1,1,1,-1,1,1,-1,-1,1,1,1,1,-1,1,1,1,-1,1,1,-1,1,1,1,-1,-1,1,-1,-1,1,1,-1,1,1,1,-1,-1,1,1,1,1,-1,-1,1,1,1,-1,1,-1,-1,-1,1,1,1,1,-1,-1,1,1,1,1,1,1,-1,1,1,1,1,1,1,-1,1,1,-1,-1,1,-1,-1,1,-1,1,1,1,1,-1,-1,1,1,-1,1,-1,1,-1,1,1,-1,1,1,-1,-1,1,-2646.0,1,2000,445,500,True
2814,1,1,-1,-1,1,-1,1,-1,1,1,1,-1,1,1,1,1,-1,1,-1,-1,1,1,1,1,1,-1,1,1,1,1,1,1,1,-1,1,-1,1,-1,1,1,-1,1,-1,1,1,1,1,-1,1,1,1,1,-1,1,-1,1,1,-1,1,1,1,-1,-1,1,1,1,1,1,-1,1,1,1,1,1,1,-1,1,-1,1,1,1,-1,-1,1,1,1,1,1,-1,-1,1,1,1,1,1,-1,1,-1,1,-1,1,1,-1,1,-1,1,1,1,1,1,1,1,1,1,1,1,-1,1,-1,1,1,1,1,1,-1,1,1,1,-1,1,1,1,-1,1,1,-1,1,1,1,-1,1,1,-1,1,-1,1,-1,1,1,1,1,1,1,-1,-1,1,-1,-1,1,1,-1,-1,1,1,-1,-1,1,-1,-1,1,-1,-1,1,1,-1,1,1,1,1,1,-1,1,-1,1,1,-1,1,-1,-1,1,1,-1,-1,1,-1,-1,-1,1,-1,-1,1,1,-1,-1,1,-1,1,1,1,-1,-1,1,-1,-1,-1,1,-1,-1,1,-1,-1,1,1,-1,-1,-1,1,-1,-1,1,-1,-1,1,1,-1,1,1,-1,-1,1,1,-1,-1,-1,-1,-1,1,1,-1,-1,-1,-1,-1,1,1,1,-1,-1,-1,-1,1,1,-1,-1,1,1,1,-1,-1,-1,-1,-1,1,-1,1,-1,1,-1,-1,1,-1,-1,-1,-1,-1,1,-1,1,-1,1,-1,-1,-1,-1,1,-1,1,-1,1,-1,1,1,-1,1,1,-1,-1,1,1,1,-1,1,-1,-1,1,1,-1,-1,1,-1,-1,1,1,1,-1,1,1,-1,1,1,-1,-1,1,1,1,1,1,-1,1,1,-1,1,-1,1,-1,1,1,-1,-1,1,1,-1,1,-1,1,1,1,1,-1,1,1,-1,-1,-1,1,-1,1,1,1,-1,-1,-1,-1,1,1,1,-1,-1,-1,-1,-1,1,1,-1,-1,-1,-1,-1,-1,1,1,-1,1,-1,-1,1,1,1,-1,1,-1,1,-1,1,-1,1,-1,1,-1,-1,-1,1,-1,1,1,-1,1,1,1,-1,1,-1,-1,1,1,-1,-1,1,-1,-1,1,1,-1,-1,-1,-1,-1,-1,1,1,1,1,-1,-1,1,1,1,-1,-1,-1,-1,-1,-1,1,1,-1,-1,1,-1,1,1,-1,1,1,1,1,-1,1,1,1,-1,-1,1,-1,1,-1,1,1,-1,1,-1,1,-1,1,-1,-1,1,-1,1,1,1,-1,-1,1,-1,-1,1,1,-1,1,1,-1,1,1,-1,-1,1,1,-1,1,-1,-1,-1,1,-1,-1,1,1,-1,-1,1,-1,-1,1,-1,-1,-1,1,-1,-1,1,-1,-1,-1,1,-1,-1,1,-1,-1,-1,1,1,-1,1,-1,-1,-1,1,1,-1,-1,1,1,-1,1,-1,-1,1,-1,-1,1,1,1,-1,-1,1,-1,1,-1,1,-1,-1,1,-1,-1,1,1,1,-1,1,-1,1,-1,1,1,1,-1,-1,-1,1,-1,-1,-1,1,-1,1,1,-1,1,-1,1,-1,1,1,-1,1,1,1,-1,-1,1,-1,1,-1,1,-1,-1,1,-1,-1,1,1,1,-1,1,-1,-1,-1,1,-1,-1,1,-1,1,1,1,1,-1,1,-1,-1,1,1,-1,-1,1,-1,-1,-1,1,1,-1,-1,1,1,-1,-1,-1,-1,1,1,1,-1,1,1,-1,-1,1,1,-1,1,-1,-1,-1,1,1,1,-1,-1,-1,1,-1,1,1,1,1,-1,-1,1,1,1,-1,-1,-1,-1,1,1,1,1,-1,-1,-1,1,1,1,-1,-1,-1,-1,1,1,1,1,-1,-1,1,1,1,1,1,-1,1,-1,1,1,1,1,-1,-1,-1,1,1,-1,1,-1,-1,-1,1,1,1,1,-1,-1,1,-1,1,1,1,-1,1,1,-1,1,1,-1,-1,-1,1,1,1,1,1,-1,1,-1,1,1,1,1,-1,-1,1,-1,1,-1,1,-1,1,-1,1,1,-1,-1,-1,1,-1,1,-1,1,-1,1,-1,1,1,1,-1,1,1,-1,1,-1,-1,-1,-1,-1,1,-1,-1,1,-1,-1,-1,-1,1,-1,1,-1,-1,-1,-1,1,1,-1,1,-1,-1,-1,1,-1,-1,1,-1,-1,-1,1,1,1,1,-1,-1,-1,1,-1,1,-1,-1,-1,1,1,-1,1,-1,1,-1,1,1,-1,-1,-1,-1,1,1,1,-1,1,1,1,-1,-1,1,1,-1,-1,-1,-1,1,1,-1,1,-1,1,-1,1,1,-1,1,-1,1,1,-1,1,1,-1,1,1,-1,-1,1,1,-1,-1,1,1,-1,1,1,-1,1,1,-1,-1,-1,1,-1,1,1,-1,-1,1,1,-1,1,1,1,-1,1,-1,1,1,1,-1,1,1,-1,-1,1,1,1,-1,1,-1,-1,1,1,-1,1,1,1,-1,1,1,1,-1,1,1,-1,1,1,1,1,1,1,-1,1,1,1,-1,-1,1,-1,-1,1,1,-1,1,1,-1,1,-1,1,1,-1,1,-1,-1,1,-1,1,-1,1,1,-1,1,1,1,-1,1,1,-1,1,1,-1,-1,1,1,-1,1,1,-1,-1,1,-1,-1,1,1,-1,1,1,-1,1,1,1,-1,1,1,-1,-1,1,1,-1,-1,1,-1,-1,1,1,-1,1,1,1,-1,1,1,-1,-1,1,1,-1,1,1,-1,1,-1,1,-1,-1,-1,-1,1,-1,1,-1,-1,1,-1,1,-1,1,1,-1,1,-1,-1,1,-1,1,-1,1,1,1,1,-1,1,-1,-1,-1,1,-1,1,-1,1,-1,1,1,-1,1,-1,-1,1,1,1,-1,1,-1,1,-1,1,1,1,1,-1,-1,1,1,1,-1,1,1,-1,-1,1,-1,-1,1,1,1,1,1,1,-1,1,-1,1,-1,1,1,1,1,1,1,-1,1,1,1,1,-1,1,1,1,1,-1,1,-1,1,-1,-1,1,-1,1,1,1,-1,1,1,1,1,-1,1,1,-1,1,-1,1,1,1,-2646.0,1,2000,445,500,True
2815,-1,-1,1,1,1,1,-1,1,-1,-1,-1,1,-1,1,-1,-1,1,-1,1,-1,-1,1,-1,-1,-1,1,-1,-1,-1,-1,-1,-1,1,-1,-1,1,1,-1,-1,1,-1,-1,1,-1,-1,-1,1,1,-1,-1,1,-1,1,1,-1,-1,-1,1,-1,-1,1,1,-1,1,-1,-1,-1,1,1,-1,1,-1,-1,-1,1,1,-1,1,-1,-1,-1,-1,1,-1,-1,-1,-1,1,1,1,1,-1,-1,-1,1,1,-1,-1,-1,1,-1,1,1,1,-1,-1,-1,-1,1,1,1,-1,-1,1,-1,1,1,1,1,-1,-1,1,-1,1,1,-1,-1,-1,1,1,1,1,-1,-1,-1,1,1,1,1,-1,-1,-1,1,-1,1,1,1,-1,-1,1,-1,1,1,-1,1,-1,1,1,1,1,-1,1,-1,1,1,-1,1,-1,-1,1,-1,-1,1,1,-1,-1,1,1,1,1,-1,1,1,1,1,-1,1,-1,-1,-1,1,1,-1,1,-1,-1,-1,1,1,-1,1,-1,-1,-1,-1,1,1,1,1,-1,-1,1,1,-1,1,-1,-1,-1,1,1,-1,1,1,-1,-1,-1,1,1,-1,1,-1,-1,1,1,-1,1,1,-1,-1,1,1,-1,1,-1,-1,-1,1,1,-1,-1,1,-1,-1,1,-1,-1,1,-1,-1,-1,1,1,-1,1,1,-1,1,-1,-1,-1,1,-1,1,-1,-1,-1,-1,1,-1,1,-1,-1,1,-1,1,1,-1,1,-1,1,-1,-1,1,-1,1,-1,-1,-1,-1,1,1,1,-1,-1,-1,1,1,-1,1,-1,1,-1,-1,1,1,1,-1,-1,-1,1,-1,1,1,1,-1,-1,-1,-1,1,1,1,1,-1,-1,1,1,1,-1,-1,-1,-1,1,-1,1,-1,-1,-1,-1,-1,1,1,-1,1,-1,-1,1,-1,1,-1,-1,-1,-1,-1,1,1,-1,-1,-1,-1,-1,1,1,-1,1,-1,-1,-1,1,1,-1,-1,1,-1,1,1,1,-1,1,1,-1,-1,1,1,1,-1,1,-1,-1,-1,1,1,-1,-1,1,-1,1,-1,1,-1,-1,1,1,1,1,1,-1,1,1,-1,1,1,-1,1,1,1,-1,1,1,-1,1,1,-1,1,1,1,1,1,1,1,1,1,-1,1,1,-1,1,-1,1,1,1,-1,1,-1,1,-1,-1,1,-1,1,1,-1,1,1,1,-1,-1,1,1,-1,-1,1,1,-1,1,1,-1,1,1,1,1,1,1,1,-1,1,1,-1,1,1,1,1,-1,1,-1,-1,1,-1,-1,1,-1,-1,-1,1,-1,1,1,-1,-1,1,1,-1,1,1,-1,-1,1,1,-1,-1,1,-1,-1,1,1,-1,1,1,-1,-1,1,-1,-1,-1,1,1,-1,-1,1,-1,1,-1,1,-1,1,1,-1,-1,-1,1,-1,-1,1,-1,1,-1,1,-1,-1,1,-1,-1,1,1,-1,-1,-1,1,-1,1,1,-1,1,-1,1,-1,-1,1,1,1,-1,1,-1,1,-1,1,-1,-1,-1,1,1,1,-1,-1,1,1,-1,1,1,-1,1,1,1,1,-1,1,-1,1,-1,1,1,1,1,-1,-1,1,1,-1,1,1,-1,-1,1,1,1,1,1,-1,-1,1,1,1,1,1,-1,-1,-1,1,-1,1,-1,1,-1,-1,1,1,1,1,-1,1,-1,1,-1,1,1,1,-1,-1,-1,1,1,1,1,1,-1,1,1,1,-1,1,-1,1,-1,1,1,-1,1,-1,-1,-1,1,1,1,1,-1,1,1,-1,1,-1,1,1,-1,-1,1,1,1,1,-1,-1,1,1,1,-1,1,1,-1,-1,1,1,-1,1,-1,-1,1,1,-1,1,1,1,-1,-1,1,1,-1,1,1,-1,1,1,1,-1,1,1,1,-1,1,-1,-1,1,1,-1,1,1,1,-1,1,1,1,-1,1,-1,-1,1,1,1,-1,1,-1,-1,1,1,-1,1,1,-1,-1,1,1,-1,1,1,1,-1,1,-1,1,-1,1,-1,-1,1,1,-1,-1,1,1,-1,1,1,-1,1,1,-1,-1,1,-1,1,-1,1,1,-1,1,1,1,1,1,-1,1,1,-1,1,1,1,1,-1,1,-1,-1,1,1,1,-1,1,1,-1,1,1,1,-1,1,1,-1,1,1,1,-1,1,1,-1,1,1,-1,1,1,-1,1,-1,1,1,1,1,-1,-1,1,1,1,1,1,-1,1,1,1,-1,1,1,-1,1,1,1,-1,1,1,-1,1,1,1,-1,1,1,1,1,1,1,1,1,1,1,-1,1,1,-1,1,1,-1,1,1,1,-1,1,1,1,-1,1,-1,-1,1,1,1,-1,1,-1,-1,-1,-1,1,-1,1,1,-1,1,1,1,-1,1,1,-1,1,1,-1,1,1,-1,1,-1,1,1,1,1,-1,-1,-1,1,-1,-1,1,-1,1,-1,1,-1,-1,1,-1,-1,-1,1,1,1,-1,-1,-1,-1,1,1,-1,1,-1,-1,-1,1,1,1,1,-1,-1,-1,1,1,-1,1,1,-1,-1,-1,1,-1,1,-1,-1,-1,1,1,-1,1,-1,-1,1,-1,1,1,1,1,-1,-1,-1,1,-1,-1,-1,-1,-1,1,1,-1,1,-1,-1,-1,-1,1,-1,1,-1,-1,1,1,-1,-1,1,-1,1,-1,1,1,-1,1,1,-1,1,1,1,-1,1,1,-1,1,-1,1,-1,1,1,-1,1,1,-1,-1,-1,1,-1,1,-1,1,-1,-1,1,1,1,-1,1,-1,1,1,-1,-1,1,-1,-1,-1,1,-1,1,1,-1,-1,1,1,1,1,-1,1,1,1,1,1,1,-1,1,-1,-1,1,-1,1,-1,-1,1,1,1,-1,1,1,-1,1,-1,1,1,1,-1,-1,1,1,1,1,1,-1,-1,1,1,1,1,1,-1,-1,1,1,1,1,1,1,-1,1,1,1,1,1,1,-1,1,1,1,1,1,-1,-1,1,1,1,1,1,1,-1,-1,1,1,1,1,-1,1,-1,1,1,-1,1,1,-1,-1,1,-2646.0,1,2000,445,500,True
2816,1,1,-1,-1,1,1,-1,1,1,1,1,1,-1,1,1,1,-1,1,1,1,-1,1,1,1,1,1,-1,-1,1,1,1,1,1,1,-1,1,-1,1,1,-1,1,-1,1,1,1,1,1,1,-1,-1,1,1,1,1,1,-1,-1,-1,1,1,1,1,1,1,1,1,1,1,1,-1,1,-1,1,1,1,-1,-1,1,-1,1,1,-1,1,-1,-1,1,1,1,1,1,-1,-1,-1,1,1,1,-1,1,-1,1,1,1,1,-1,1,-1,-1,1,1,1,-1,1,-1,-1,1,1,1,-1,1,-1,-1,1,1,1,-1,1,-1,-1,1,1,1,-1,1,-1,-1,1,1,1,-1,-1,-1,-1,1,1,1,-1,1,-1,-1,-1,1,1,-1,-1,1,-1,1,1,1,-1,1,-1,-1,-1,1,1,-1,1,1,-1,1,1,1,-1,1,-1,-1,1,1,1,1,-1,1,-1,1,1,-1,1,1,-1,-1,-1,1,1,1,1,1,-1,1,1,-1,1,1,1,-1,1,1,1,-1,1,1,-1,1,1,-1,1,1,1,1,1,1,1,1,1,1,1,-1,1,-1,-1,1,1,-1,1,-1,1,1,1,1,1,1,1,-1,1,1,1,1,1,-1,-1,-1,1,1,1,1,1,-1,1,1,1,1,1,-1,-1,1,-1,1,-1,-1,-1,-1,1,-1,1,1,1,1,-1,1,-1,1,-1,1,-1,-1,-1,1,1,1,1,-1,-1,-1,1,1,1,-1,-1,-1,1,-1,1,-1,-1,-1,-1,-1,-1,1,1,1,-1,-1,-1,1,1,-1,-1,-1,1,-1,1,-1,1,-1,-1,-1,-1,-1,1,-1,-1,-1,-1,1,1,1,-1,-1,-1,-1,1,-1,1,-1,-1,-1,-1,-1,1,1,-1,1,-1,-1,1,-1,1,-1,-1,-1,-1,-1,1,1,-1,-1,-1,-1,-1,1,-1,-1,-1,-1,-1,-1,1,-1,-1,-1,1,-1,1,1,-1,-1,1,1,-1,-1,1,1,-1,-1,1,-1,-1,-1,1,-1,-1,-1,1,-1,1,-1,-1,-1,-1,-1,-1,1,1,-1,-1,1,1,-1,1,-1,1,-1,1,-1,-1,1,-1,-1,-1,1,-1,1,1,-1,-1,-1,1,-1,1,1,1,-1,-1,1,-1,-1,1,-1,-1,-1,1,1,1,-1,1,-1,-1,1,-1,-1,1,-1,-1,1,1,-1,1,-1,1,-1,-1,1,-1,1,-1,-1,-1,-1,1,1,1,1,1,-1,-1,-1,-1,1,1,-1,1,-1,1,-1,1,-1,1,-1,-1,1,1,-1,-1,-1,-1,1,-1,-1,1,-1,1,-1,1,-1,1,1,-1,1,-1,1,-1,-1,-1,-1,-1,-1,1,-1,1,-1,-1,1,-1,1,-1,-1,1,-1,-1,1,-1,1,-1,-1,1,1,-1,1,1,-1,-1,1,1,-1,1,-1,-1,1,-1,1,1,1,1,-1,-1,-1,1,-1,1,1,-1,-1,-1,1,1,-1,1,1,-1,1,1,1,1,-1,1,-1,-1,1,1,-1,1,-1,1,-1,-1,1,-1,-1,1,-1,-1,1,-1,-1,-1,1,1,-1,1,1,-1,-1,1,1,-1,-1,1,-1,-1,-1,-1,-1,1,1,-1,-1,-1,-1,-1,-1,1,-1,-1,1,1,1,1,1,-1,-1,1,1,-1,-1,1,-1,-1,-1,1,-1,-1,1,1,-1,1,1,1,-1,1,-1,1,1,1,-1,-1,1,1,-1,1,1,-1,1,1,-1,1,1,1,-1,1,1,-1,-1,1,-1,1,1,1,-1,1,1,1,-1,-1,1,-1,1,1,1,1,-1,1,1,1,1,1,1,1,1,-1,1,-1,1,-1,-1,1,1,1,1,1,1,-1,1,-1,1,1,1,1,-1,1,1,-1,1,-1,1,-1,1,1,1,1,1,1,-1,1,-1,1,1,1,-1,-1,-1,-1,1,1,1,-1,-1,1,-1,1,1,1,1,-1,-1,-1,1,1,1,-1,-1,1,-1,1,1,-1,-1,-1,1,-1,1,1,1,-1,-1,-1,-1,1,1,1,-1,-1,-1,-1,1,1,1,-1,-1,-1,-1,1,1,1,-1,-1,-1,1,1,1,-1,-1,-1,-1,-1,1,-1,1,-1,-1,-1,1,1,1,1,-1,-1,-1,1,-1,1,1,-1,-1,-1,-1,1,1,1,-1,-1,-1,1,1,1,-1,-1,-1,1,-1,1,-1,-1,1,-1,-1,1,1,-1,-1,-1,1,-1,1,1,-1,1,-1,-1,-1,1,1,-1,1,-1,1,-1,-1,1,1,-1,1,-1,-1,-1,1,1,-1,1,-1,-1,1,1,-1,-1,1,-1,-1,-1,1,1,-1,1,1,-1,-1,1,1,-1,1,-1,-1,-1,1,1,-1,1,-1,-1,1,1,1,1,1,1,-1,1,1,1,-1,1,-1,-1,1,1,-1,1,1,-1,-1,-1,1,1,1,1,-1,1,1,1,-1,1,1,-1,-1,1,1,1,-1,1,-1,-1,1,1,1,1,1,-1,-1,-1,1,1,1,1,-1,-1,1,1,1,-1,1,1,-1,1,1,1,1,1,-1,1,-1,1,1,1,1,-1,1,-1,1,1,1,1,-1,1,1,1,1,-1,1,-1,1,1,1,1,-1,1,-1,1,1,1,1,-1,1,1,1,-1,1,-1,-1,1,1,-1,1,1,1,1,1,-1,1,-1,1,1,-1,1,-1,1,-1,-1,1,-1,1,-1,1,-1,1,-1,-1,-1,1,1,-1,-1,1,-1,1,-1,1,1,-1,1,-1,1,-1,1,1,-1,-1,-1,1,1,1,-1,-1,-1,-1,1,1,1,-1,1,1,1,-1,1,-1,-1,1,1,-1,1,-1,1,-1,1,-1,1,1,1,-1,-1,1,-1,1,1,-1,-1,-1,1,-1,1,-1,1,-1,1,1,-1,1,1,1,1,-1,1,-1,1,1,1,1,-1,1,-1,1,-1,1,1,-1,1,-1,1,1,1,1,-1,1,-1,1,1,1,-1,-1,1,-1,-1,1,1,-1,-1,-1,1,-1,1,1,1,-1,1,-1,-1,1,-2644.0,1,2000,445,500,True
2817,1,1,-1,-1,1,1,-1,1,1,1,1,-1,-1,-1,1,1,-1,1,-1,-1,-1,1,1,1,1,1,-1,-1,1,1,1,1,-1,-1,-1,1,-1,1,1,1,-1,-1,1,1,1,1,1,1,-1,-1,1,1,-1,1,-1,1,1,-1,1,1,1,-1,-1,1,1,1,1,1,1,-1,1,-1,1,1,1,1,1,1,-1,1,1,-1,1,-1,-1,1,1,1,1,1,1,1,-1,1,1,1,-1,1,-1,1,1,1,1,1,-1,-1,-1,1,1,1,1,1,-1,-1,1,1,1,1,1,-1,-1,1,1,1,1,1,-1,-1,1,1,1,1,-1,-1,-1,1,1,1,1,-1,-1,-1,-1,1,1,1,1,-1,-1,-1,1,1,1,1,1,-1,-1,-1,1,1,-1,-1,-1,-1,1,-1,1,-1,1,-1,-1,-1,1,1,-1,-1,-1,1,1,1,-1,1,1,-1,-1,-1,1,-1,-1,-1,-1,-1,-1,1,-1,-1,1,-1,-1,-1,1,-1,-1,1,-1,-1,1,1,1,-1,1,-1,1,1,-1,-1,-1,1,1,1,-1,1,1,-1,1,1,-1,-1,-1,1,-1,1,1,-1,1,1,1,-1,1,1,-1,1,-1,-1,-1,1,1,-1,-1,-1,1,-1,1,1,1,-1,1,-1,-1,1,1,-1,-1,-1,1,-1,1,-1,-1,-1,-1,1,-1,1,-1,1,-1,-1,1,-1,-1,-1,1,-1,-1,1,-1,1,-1,1,-1,-1,1,-1,1,-1,1,-1,-1,1,1,1,-1,-1,-1,-1,1,-1,1,1,1,-1,-1,1,1,1,-1,-1,-1,1,-1,1,1,1,-1,-1,-1,-1,1,1,1,1,-1,-1,1,1,1,-1,1,-1,-1,1,-1,1,-1,1,-1,-1,-1,1,1,-1,-1,-1,-1,1,-1,1,-1,-1,-1,-1,-1,1,1,-1,-1,-1,-1,-1,1,1,-1,-1,-1,-1,-1,1,1,-1,-1,1,-1,1,1,1,-1,1,1,-1,-1,1,-1,1,-1,1,-1,-1,-1,-1,1,-1,1,-1,-1,1,1,1,-1,-1,-1,1,1,1,1,-1,1,1,-1,1,1,-1,1,1,1,-1,1,1,-1,1,1,-1,1,1,1,1,1,1,1,1,1,-1,1,1,-1,1,-1,1,1,1,-1,1,-1,1,-1,1,1,-1,1,1,-1,1,1,1,1,-1,1,1,-1,-1,1,1,-1,1,1,-1,-1,1,1,1,1,1,1,-1,1,1,-1,1,1,1,1,-1,1,-1,-1,1,-1,-1,1,-1,-1,-1,1,-1,1,1,-1,-1,1,1,-1,-1,1,-1,-1,1,1,-1,-1,1,-1,-1,1,-1,-1,1,1,-1,-1,1,-1,-1,-1,1,1,-1,-1,1,-1,1,-1,1,-1,1,-1,1,-1,-1,1,-1,-1,-1,1,1,-1,1,-1,-1,1,-1,-1,1,1,-1,-1,-1,-1,-1,1,1,-1,1,-1,-1,-1,-1,1,1,1,-1,1,-1,1,-1,1,-1,-1,-1,1,1,-1,-1,1,1,1,-1,1,-1,1,-1,1,1,1,-1,-1,-1,-1,-1,1,1,1,-1,-1,-1,1,1,-1,1,-1,-1,-1,1,1,-1,1,-1,-1,1,1,1,-1,1,-1,-1,-1,-1,1,1,1,-1,1,-1,-1,1,-1,1,-1,-1,1,1,1,-1,1,1,-1,-1,-1,-1,-1,1,-1,1,1,-1,1,-1,1,1,-1,1,-1,-1,1,1,-1,1,-1,-1,-1,1,1,-1,1,-1,1,1,1,1,-1,1,1,-1,-1,-1,1,1,1,-1,-1,1,-1,1,1,1,1,-1,-1,1,1,-1,1,-1,-1,1,-1,1,1,1,1,-1,-1,-1,1,1,1,1,-1,1,-1,1,1,1,1,1,-1,-1,1,1,1,1,-1,1,-1,1,1,1,1,1,-1,-1,-1,-1,1,1,1,-1,-1,1,-1,1,1,1,1,-1,1,1,1,1,-1,1,-1,1,-1,1,-1,1,-1,-1,1,1,-1,1,-1,-1,-1,-1,1,-1,1,-1,1,-1,-1,1,-1,1,1,-1,-1,-1,1,1,1,1,1,-1,-1,1,1,-1,1,1,-1,-1,-1,1,1,-1,1,-1,-1,1,1,1,-1,1,-1,-1,1,1,-1,1,1,-1,-1,1,-1,1,-1,1,-1,-1,1,1,-1,1,-1,-1,1,-1,1,-1,-1,1,-1,1,1,1,-1,1,1,1,1,1,1,-1,1,1,-1,-1,-1,1,-1,1,1,-1,1,1,1,1,1,1,-1,1,1,1,1,-1,1,1,-1,1,1,-1,1,1,-1,-1,1,1,1,1,1,1,-1,1,-1,1,-1,1,-1,-1,-1,1,1,-1,1,-1,-1,1,1,1,-1,1,1,-1,1,1,-1,1,1,-1,1,1,1,1,1,1,-1,-1,1,1,-1,-1,1,-1,1,1,1,1,-1,1,-1,-1,1,1,1,1,-1,-1,-1,-1,1,1,-1,1,1,-1,-1,1,1,1,1,-1,-1,1,1,1,-1,1,1,-1,-1,1,1,-1,1,1,-1,-1,1,1,-1,1,1,-1,1,-1,1,1,1,1,-1,-1,1,1,-1,-1,-1,-1,-1,1,1,-1,1,-1,-1,-1,1,1,-1,1,1,-1,-1,1,-1,-1,1,-1,1,-1,1,1,-1,1,1,-1,1,-1,1,-1,1,1,-1,1,-1,1,-1,1,1,-1,1,-1,-1,-1,-1,1,-1,1,-1,1,-1,1,1,-1,1,-1,1,-1,1,1,-1,-1,1,-1,-1,1,1,-1,1,1,-1,-1,1,1,1,1,-1,1,1,-1,-1,1,1,-1,1,-1,1,-1,-1,1,-1,-1,1,1,-1,1,1,1,-1,1,1,1,1,1,-1,-1,1,-1,1,-1,1,-1,-1,1,1,1,1,1,-1,-1,1,1,1,1,1,1,-1,1,-1,1,1,1,1,-1,1,1,-1,-1,1,1,-1,1,1,1,1,1,1,-1,-1,1,1,-1,1,1,1,-1,1,1,-1,1,1,-1,-1,1,-2644.0,1,2000,445,500,True
2818,1,1,-1,-1,1,1,-1,1,1,1,1,-1,1,1,1,1,-1,1,-1,-1,-1,1,1,1,1,1,-1,-1,1,1,1,1,-1,-1,-1,1,-1,1,1,1,-1,-1,1,1,1,1,1,1,-1,-1,1,1,-1,1,-1,-1,1,-1,1,1,1,-1,-1,1,1,1,1,1,1,-1,1,-1,1,1,1,1,-1,1,-1,1,1,-1,1,-1,-1,1,1,1,1,1,1,1,-1,1,1,1,-1,-1,-1,-1,1,1,1,1,-1,-1,-1,1,1,1,1,-1,-1,-1,1,1,1,1,1,-1,-1,1,1,1,1,-1,-1,-1,1,1,1,1,-1,-1,-1,1,1,1,1,-1,-1,-1,-1,1,1,1,1,-1,-1,-1,1,1,1,-1,1,-1,-1,1,1,1,-1,-1,-1,-1,1,1,1,-1,1,-1,1,1,1,1,-1,-1,-1,1,1,1,-1,1,1,-1,-1,1,1,-1,-1,-1,-1,-1,1,1,-1,-1,1,-1,-1,1,-1,1,-1,1,-1,-1,1,1,1,-1,1,-1,1,1,-1,1,-1,1,-1,1,1,1,1,-1,1,1,-1,1,-1,1,-1,1,-1,-1,1,1,1,-1,1,-1,-1,1,-1,-1,-1,1,1,-1,1,-1,-1,-1,1,-1,1,1,-1,-1,-1,1,-1,-1,1,-1,1,1,1,1,1,1,-1,-1,1,1,1,1,1,-1,-1,1,1,1,1,1,-1,1,-1,1,1,-1,1,-1,-1,-1,1,-1,1,1,1,-1,1,1,1,1,1,-1,-1,1,1,1,-1,1,-1,-1,1,1,1,1,1,-1,-1,1,1,-1,1,1,1,-1,1,1,1,1,1,1,1,1,1,1,1,1,-1,1,-1,1,1,1,1,-1,-1,1,1,1,-1,1,1,1,1,1,1,1,1,-1,-1,-1,1,-1,1,1,1,-1,-1,1,1,1,1,1,-1,-1,1,1,-1,1,1,-1,-1,1,1,-1,-1,1,1,-1,1,1,-1,1,1,1,-1,1,1,1,-1,1,-1,1,1,1,-1,-1,-1,1,-1,1,1,-1,1,1,1,-1,1,-1,1,-1,1,-1,-1,1,-1,-1,1,1,-1,-1,1,1,1,1,1,1,1,-1,1,-1,1,1,1,-1,1,1,-1,-1,-1,1,1,-1,1,1,-1,1,1,-1,1,1,1,-1,1,1,1,-1,1,1,-1,1,1,-1,1,1,1,-1,1,1,1,-1,1,1,1,1,1,-1,1,-1,1,-1,1,-1,1,-1,1,1,1,-1,1,1,1,-1,1,-1,1,-1,1,-1,1,-1,1,-1,1,1,1,1,-1,1,-1,1,-1,1,1,-1,1,-1,1,1,-1,1,-1,1,1,1,-1,1,1,1,-1,-1,1,-1,-1,1,1,-1,-1,-1,1,-1,1,-1,1,-1,1,-1,-1,1,-1,1,-1,-1,1,-1,1,-1,1,1,-1,1,-1,-1,1,1,1,-1,1,-1,1,-1,1,1,1,-1,1,1,-1,-1,-1,1,1,-1,1,-1,1,-1,1,1,1,-1,-1,-1,1,-1,1,1,1,-1,-1,-1,1,1,-1,1,-1,-1,-1,1,1,-1,1,-1,-1,-1,1,1,-1,1,-1,-1,-1,-1,1,1,1,-1,1,-1,-1,1,-1,1,-1,-1,1,-1,1,-1,1,1,-1,-1,-1,-1,-1,1,1,-1,1,-1,-1,-1,1,1,-1,-1,-1,1,1,1,-1,-1,-1,-1,1,1,1,-1,1,-1,1,-1,1,1,1,-1,-1,-1,-1,-1,1,-1,1,-1,-1,1,-1,1,1,-1,1,-1,-1,1,1,1,-1,1,-1,-1,-1,1,1,-1,-1,-1,-1,-1,1,1,-1,1,-1,-1,-1,1,1,1,-1,1,-1,-1,1,1,-1,-1,-1,-1,-1,1,1,1,-1,1,1,-1,1,-1,1,-1,-1,1,-1,1,-1,-1,1,1,1,-1,1,1,-1,1,-1,1,-1,1,-1,-1,1,-1,1,-1,1,1,-1,1,-1,-1,-1,-1,1,-1,1,-1,1,-1,-1,1,-1,1,-1,1,-1,-1,1,-1,-1,-1,-1,-1,-1,1,1,-1,1,1,-1,-1,-1,-1,1,-1,1,-1,-1,1,-1,-1,1,-1,-1,-1,1,-1,-1,1,1,-1,-1,-1,-1,1,1,-1,-1,-1,-1,-1,-1,1,-1,-1,1,-1,-1,1,1,1,-1,-1,-1,-1,-1,1,1,1,-1,-1,-1,1,-1,-1,-1,-1,-1,1,-1,1,-1,-1,-1,-1,-1,1,-1,-1,-1,-1,-1,-1,1,-1,-1,1,-1,1,-1,-1,1,1,-1,-1,-1,-1,-1,1,1,1,-1,-1,1,-1,1,-1,-1,-1,-1,-1,-1,-1,1,-1,-1,1,1,-1,-1,-1,1,-1,1,-1,1,-1,1,-1,-1,1,-1,-1,-1,1,-1,-1,1,-1,-1,-1,1,-1,1,1,1,-1,-1,1,-1,-1,1,1,-1,1,1,-1,-1,1,1,1,-1,-1,1,-1,-1,1,-1,-1,1,-1,-1,1,1,-1,1,-1,1,-1,-1,1,-1,-1,1,1,-1,-1,1,1,-1,1,1,-1,-1,1,1,-1,1,1,-1,-1,1,1,-1,-1,-1,-1,-1,1,-1,-1,1,-1,-1,1,1,-1,1,1,-1,-1,1,1,-1,-1,1,-1,1,-1,1,-1,-1,1,1,-1,1,1,1,-1,1,1,-1,-1,1,1,-1,1,1,-1,1,-1,1,-1,-1,1,-1,1,-1,1,-1,-1,1,1,1,-1,1,1,-1,1,-1,-1,1,-1,1,-1,1,-1,1,1,-1,1,-1,1,1,1,-1,1,-1,1,1,1,1,-1,1,1,-1,1,1,1,-1,1,-1,1,1,-1,1,1,1,-1,-1,1,1,1,-1,1,1,-1,1,1,-1,-1,1,-1,1,1,1,1,-1,1,-1,1,1,1,1,1,1,1,1,1,1,1,1,1,-1,1,1,1,1,-1,1,-1,1,1,1,1,-1,1,1,1,1,1,1,1,1,-1,1,1,-1,1,-1,1,1,1,-2644.0,1,2000,445,1000,True
2819,1,1,-1,-1,1,-1,1,1,1,1,1,-1,1,1,1,1,-1,1,-1,-1,1,1,1,1,1,-1,1,1,1,1,1,1,-1,-1,1,1,-1,1,1,-1,-1,1,1,1,1,1,1,-1,1,-1,1,1,-1,1,-1,-1,1,-1,1,1,1,-1,-1,-1,1,1,1,1,-1,1,1,-1,1,1,1,-1,1,1,-1,1,1,-1,-1,1,-1,1,1,1,-1,-1,1,1,-1,1,1,-1,1,-1,-1,-1,1,1,-1,1,-1,-1,-1,1,1,1,1,1,-1,-1,1,1,-1,1,-1,-1,-1,1,1,1,-1,1,-1,-1,1,1,1,1,-1,-1,-1,1,1,1,1,-1,-1,-1,-1,1,-1,1,-1,-1,-1,-1,1,1,1,-1,1,-1,-1,-1,-1,1,-1,-1,-1,-1,1,-1,1,-1,1,-1,-1,-1,1,1,-1,-1,-1,1,-1,1,-1,1,1,-1,-1,-1,1,-1,-1,-1,-1,-1,-1,1,1,-1,1,-1,-1,-1,1,1,-1,1,-1,-1,1,1,1,-1,1,-1,1,1,-1,1,-1,1,-1,1,-1,1,1,1,1,1,-1,-1,1,1,-1,1,-1,-1,1,1,1,1,1,-1,-1,1,1,-1,1,1,1,-1,-1,1,-1,1,1,-1,1,-1,1,-1,1,1,-1,-1,1,-1,1,1,1,1,-1,1,-1,1,1,1,1,1,-1,-1,1,1,1,1,1,-1,-1,1,1,1,1,1,-1,-1,-1,1,1,-1,-1,-1,1,-1,1,1,1,-1,-1,-1,-1,1,1,1,1,-1,-1,-1,1,1,1,1,-1,1,-1,1,1,-1,1,-1,-1,-1,1,1,1,1,-1,-1,1,1,1,1,1,-1,-1,-1,1,1,1,1,-1,-1,1,-1,1,1,-1,-1,-1,1,1,1,1,-1,-1,-1,-1,-1,1,-1,1,-1,-1,-1,-1,1,1,-1,-1,-1,-1,-1,1,1,-1,1,1,-1,-1,1,1,1,1,-1,1,-1,-1,1,-1,1,-1,1,-1,-1,1,1,-1,1,-1,1,1,1,-1,-1,-1,1,-1,-1,1,-1,1,1,1,-1,1,-1,1,1,1,-1,1,1,-1,1,1,1,-1,-1,1,1,1,1,1,1,1,-1,1,1,-1,1,1,1,1,1,-1,1,-1,1,1,1,1,-1,1,1,1,-1,1,1,-1,-1,1,1,1,-1,1,1,-1,1,1,-1,-1,-1,1,-1,1,1,1,-1,1,1,-1,1,-1,1,-1,1,1,-1,-1,1,1,-1,1,-1,-1,-1,1,1,1,1,-1,-1,1,-1,1,1,1,-1,-1,1,1,1,1,1,-1,-1,1,1,-1,1,1,-1,-1,-1,1,1,-1,1,1,-1,-1,1,-1,1,-1,1,-1,-1,1,-1,-1,-1,1,-1,-1,1,-1,1,-1,1,-1,-1,1,-1,-1,1,1,-1,-1,-1,1,-1,1,1,-1,1,-1,1,-1,-1,1,1,1,-1,1,-1,1,-1,1,1,1,-1,1,1,-1,-1,1,1,1,-1,1,-1,1,-1,1,1,1,-1,-1,-1,-1,-1,1,-1,1,-1,-1,-1,1,1,-1,1,-1,-1,-1,1,1,-1,1,-1,-1,1,1,1,-1,1,-1,-1,-1,-1,1,1,1,-1,1,-1,-1,1,-1,1,-1,-1,1,1,-1,-1,1,1,-1,-1,-1,-1,-1,1,1,-1,-1,-1,1,-1,1,1,-1,-1,1,-1,1,1,-1,-1,-1,-1,-1,1,1,-1,1,-1,-1,1,1,1,1,-1,-1,-1,-1,-1,1,-1,1,-1,-1,1,-1,1,1,-1,1,-1,-1,1,1,1,-1,1,-1,1,-1,1,1,-1,-1,-1,-1,-1,1,1,-1,1,-1,1,-1,1,1,1,-1,1,-1,-1,1,1,-1,-1,-1,1,-1,1,1,1,-1,1,-1,-1,1,-1,1,-1,1,-1,-1,1,-1,-1,1,-1,1,-1,1,1,-1,1,-1,1,-1,1,-1,1,-1,1,-1,-1,1,1,-1,1,-1,-1,-1,-1,1,-1,1,-1,1,-1,-1,1,-1,1,1,-1,-1,-1,1,1,1,1,1,-1,-1,1,1,-1,1,1,-1,-1,-1,1,-1,1,-1,-1,-1,1,1,1,-1,1,-1,-1,1,1,-1,1,1,-1,-1,1,-1,1,-1,1,-1,-1,1,1,-1,1,-1,-1,1,-1,1,-1,1,1,-1,1,1,1,-1,1,1,1,1,1,1,-1,1,1,-1,-1,-1,1,-1,1,1,-1,1,1,1,1,1,1,-1,1,1,1,1,-1,1,-1,1,-1,1,-1,1,1,-1,-1,1,1,1,1,1,1,-1,1,-1,1,-1,1,1,-1,1,-1,1,-1,1,-1,-1,1,-1,1,-1,1,1,-1,1,1,1,-1,1,-1,1,-1,1,-1,1,1,1,-1,1,1,-1,-1,1,-1,1,1,1,-1,1,1,1,-1,-1,1,-1,1,1,-1,1,-1,1,1,-1,-1,1,-1,-1,1,1,1,1,1,-1,1,1,1,-1,-1,1,1,-1,1,1,-1,1,-1,1,-1,1,1,-1,1,1,1,-1,1,1,-1,1,1,-1,-1,1,1,-1,-1,1,-1,-1,1,-1,-1,1,1,-1,1,1,-1,-1,1,1,-1,1,1,-1,-1,1,1,-1,-1,1,-1,-1,-1,1,-1,1,-1,1,-1,1,1,-1,-1,1,1,1,1,1,-1,-1,-1,1,-1,-1,-1,-1,1,-1,1,-1,-1,1,-1,1,-1,1,1,-1,1,-1,-1,1,-1,1,-1,-1,1,-1,-1,-1,1,-1,-1,-1,1,-1,1,-1,1,-1,1,-1,-1,1,1,-1,1,1,-1,-1,1,-1,1,-1,1,-1,-1,1,-1,-1,1,1,-1,-1,-1,1,1,-1,1,-1,-1,1,-1,1,1,1,1,-1,1,-1,1,-1,1,1,-1,1,1,1,-1,1,1,-1,1,-1,1,1,1,1,-1,1,-1,-1,-1,1,1,-1,1,1,1,-1,1,1,-1,-1,1,1,1,-1,1,-1,1,-1,1,-2644.0,1,2000,445,1000,True
2820,1,1,-1,-1,1,-1,1,1,1,1,1,-1,1,1,1,1,-1,1,-1,-1,1,1,1,1,1,-1,1,1,1,1,1,1,-1,-1,1,1,-1,1,1,1,-1,1,1,1,1,1,1,-1,1,1,1,1,1,1,-1,1,-1,-1,1,1,1,-1,-1,-1,1,1,1,1,-1,1,1,-1,1,1,1,-1,1,1,-1,1,1,-1,-1,1,-1,1,1,1,-1,-1,1,1,-1,1,1,-1,1,-1,-1,-1,1,1,-1,1,-1,-1,-1,1,1,1,1,1,-1,-1,1,1,-1,1,-1,-1,-1,1,1,1,-1,1,-1,-1,1,1,1,1,-1,-1,-1,1,1,1,1,-1,-1,-1,-1,1,-1,1,-1,-1,-1,-1,1,1,1,-1,1,-1,1,-1,-1,1,-1,1,-1,-1,1,-1,1,-1,1,-1,-1,-1,1,1,-1,-1,-1,1,-1,1,1,1,1,-1,-1,-1,1,1,-1,-1,-1,-1,-1,1,1,-1,1,-1,-1,-1,1,1,-1,1,-1,-1,1,1,1,-1,1,-1,1,1,-1,1,-1,1,-1,1,-1,1,1,1,1,1,-1,-1,1,1,-1,1,-1,-1,1,1,1,1,1,-1,-1,1,1,-1,1,1,1,-1,-1,1,-1,1,1,-1,-1,-1,1,-1,1,1,-1,-1,1,-1,1,1,1,1,-1,1,-1,1,1,1,1,1,-1,-1,1,1,1,1,1,-1,-1,1,1,1,1,1,-1,-1,-1,1,1,-1,-1,-1,-1,1,1,1,1,-1,-1,1,-1,1,1,1,1,-1,-1,-1,1,1,1,1,-1,1,-1,1,1,-1,1,-1,-1,-1,1,1,1,1,-1,-1,1,1,1,1,1,-1,-1,-1,1,1,1,1,-1,-1,1,-1,1,1,-1,-1,-1,1,1,1,1,-1,-1,-1,-1,-1,1,-1,1,-1,-1,-1,-1,1,1,-1,-1,-1,-1,-1,1,1,1,1,-1,1,-1,1,1,1,1,-1,-1,1,-1,1,-1,1,-1,-1,-1,-1,1,1,-1,1,-1,1,1,1,-1,-1,-1,-1,1,1,1,-1,1,1,-1,1,1,-1,1,1,-1,-1,1,1,-1,1,1,-1,1,-1,1,1,1,-1,1,1,1,-1,1,-1,1,-1,-1,1,1,1,-1,1,-1,1,1,1,1,-1,1,-1,-1,1,1,1,1,-1,-1,-1,1,-1,1,-1,1,-1,-1,-1,-1,-1,1,1,-1,-1,1,-1,1,1,-1,-1,1,-1,-1,1,1,-1,-1,-1,1,-1,1,-1,-1,-1,-1,-1,1,1,-1,1,-1,-1,1,1,1,-1,-1,1,-1,1,1,1,-1,-1,-1,-1,-1,1,1,-1,-1,1,-1,1,-1,1,1,-1,-1,1,-1,1,-1,1,-1,-1,-1,-1,-1,-1,1,-1,-1,-1,1,1,-1,1,-1,-1,-1,-1,-1,1,1,-1,-1,-1,-1,-1,1,1,-1,-1,-1,-1,-1,-1,1,1,1,-1,-1,-1,1,-1,1,1,1,1,1,1,-1,-1,1,1,1,1,-1,-1,1,-1,1,1,1,-1,-1,-1,1,-1,1,1,1,-1,-1,-1,1,1,-1,1,-1,-1,-1,1,1,-1,1,-1,-1,1,1,1,-1,1,-1,-1,-1,-1,1,1,1,-1,1,-1,-1,1,-1,1,-1,-1,1,1,-1,-1,1,1,-1,-1,-1,-1,-1,1,1,-1,-1,-1,1,-1,1,1,-1,-1,1,-1,1,1,-1,-1,-1,-1,-1,1,1,-1,1,-1,-1,1,1,1,1,-1,-1,-1,-1,-1,1,-1,1,-1,-1,1,-1,1,1,-1,1,-1,-1,1,1,1,-1,1,-1,1,-1,1,1,-1,1,-1,-1,-1,1,1,-1,1,-1,1,-1,1,1,1,-1,1,-1,-1,1,1,-1,-1,-1,1,-1,1,1,1,-1,1,-1,-1,1,-1,1,-1,1,-1,-1,1,-1,-1,1,-1,1,-1,1,1,-1,1,-1,1,-1,1,-1,1,-1,1,-1,-1,1,1,-1,1,-1,-1,-1,-1,1,-1,1,-1,1,-1,-1,1,-1,1,1,-1,-1,-1,1,1,1,1,1,-1,-1,1,1,-1,1,1,-1,-1,-1,1,-1,-1,1,-1,-1,1,1,1,1,1,-1,-1,1,1,-1,1,1,-1,-1,1,-1,1,-1,1,-1,-1,1,1,-1,1,-1,-1,1,-1,1,-1,-1,1,-1,1,1,1,-1,1,1,1,1,1,1,-1,1,1,-1,-1,-1,1,-1,-1,1,-1,1,1,1,1,1,1,-1,1,1,1,1,-1,1,-1,1,-1,1,-1,1,1,-1,-1,1,1,1,-1,1,1,-1,1,-1,1,-1,1,-1,-1,1,-1,1,-1,1,-1,-1,1,-1,1,1,1,1,-1,1,1,1,1,1,-1,1,-1,1,1,1,1,1,-1,1,1,1,1,1,-1,1,1,1,-1,1,1,1,-1,-1,1,1,1,1,-1,1,-1,1,1,1,1,1,-1,-1,1,1,1,1,1,-1,1,1,1,1,-1,1,1,-1,1,1,1,1,-1,1,-1,1,1,1,1,1,1,-1,1,1,1,1,1,-1,-1,1,1,1,1,1,-1,-1,1,1,-1,1,1,-1,1,1,1,-1,1,1,-1,1,1,-1,1,1,1,-1,-1,1,1,1,1,1,-1,1,-1,1,1,1,1,-1,-1,1,1,-1,1,1,-1,-1,1,-1,1,1,-1,-1,1,-1,1,1,1,1,-1,1,-1,1,-1,1,1,-1,-1,1,-1,-1,1,-1,1,-1,-1,-1,-1,1,-1,-1,1,-1,1,1,1,-1,1,-1,-1,1,1,1,1,1,-1,-1,-1,1,-1,-1,1,-1,-1,1,-1,1,1,1,-1,1,-1,1,-1,-1,1,-1,-1,1,-1,1,1,1,1,-1,1,-1,-1,-1,1,-1,-1,1,1,1,-1,1,1,-1,1,-1,1,1,1,1,-1,1,-1,1,-1,1,1,-1,1,1,1,-1,1,1,-1,-1,1,1,1,-1,1,-1,1,-1,1,-2644.0,1,2000,445,1000,True
2821,-1,-1,1,1,1,1,-1,1,-1,-1,-1,1,-1,1,-1,-1,1,-1,1,-1,-1,-1,-1,-1,-1,1,-1,-1,-1,-1,-1,-1,1,-1,-1,-1,1,-1,-1,1,-1,-1,-1,-1,-1,-1,1,1,-1,1,-1,-1,1,1,-1,-1,-1,1,-1,-1,1,1,-1,1,-1,-1,-1,1,1,-1,-1,1,-1,-1,1,1,-1,-1,1,-1,-1,1,1,-1,1,-1,-1,1,1,-1,-1,-1,-1,-1,1,1,1,1,1,1,-1,1,1,1,1,1,-1,-1,1,1,1,-1,1,1,-1,1,1,1,1,1,-1,-1,-1,1,1,-1,1,-1,1,1,1,1,1,1,-1,1,1,1,1,1,1,-1,1,-1,1,1,1,1,1,-1,-1,1,1,1,-1,1,-1,1,1,1,1,1,1,1,1,-1,1,1,-1,1,-1,-1,1,1,1,1,-1,1,1,1,1,-1,-1,1,1,-1,1,1,1,1,1,1,-1,1,1,1,-1,1,1,-1,1,-1,1,-1,1,1,1,1,1,1,-1,1,1,-1,1,-1,1,-1,-1,1,-1,1,1,1,-1,-1,1,1,-1,1,1,-1,1,1,-1,1,1,1,-1,1,1,-1,1,-1,1,-1,-1,1,-1,-1,1,1,-1,1,-1,-1,1,1,1,-1,1,1,-1,1,1,-1,1,-1,-1,-1,1,1,-1,-1,1,-1,1,1,1,-1,-1,-1,1,-1,-1,1,1,1,-1,1,-1,1,1,1,1,-1,-1,-1,1,1,-1,1,-1,-1,-1,1,1,-1,1,1,1,-1,1,1,-1,1,-1,-1,-1,-1,1,-1,1,1,-1,-1,1,1,-1,1,-1,-1,-1,1,1,-1,1,-1,-1,-1,1,-1,1,1,-1,-1,1,1,1,1,1,-1,1,1,1,-1,1,1,-1,1,1,1,1,-1,1,-1,-1,1,1,1,-1,-1,-1,-1,1,1,1,-1,-1,-1,1,-1,1,-1,-1,-1,-1,1,-1,1,1,-1,1,-1,1,-1,1,1,1,1,-1,-1,1,1,1,-1,-1,-1,1,1,-1,-1,-1,1,-1,1,-1,1,-1,-1,-1,1,1,-1,1,1,-1,-1,1,1,-1,1,-1,-1,-1,-1,1,-1,1,1,1,1,-1,1,1,1,1,-1,-1,-1,1,-1,-1,1,1,1,-1,-1,1,-1,1,-1,-1,-1,-1,1,-1,1,1,1,-1,1,-1,-1,1,-1,-1,-1,-1,1,-1,-1,1,1,-1,-1,1,-1,1,1,-1,1,-1,1,-1,-1,1,1,-1,-1,-1,-1,1,1,-1,1,-1,1,-1,1,1,1,-1,-1,-1,-1,1,1,1,-1,-1,-1,-1,1,-1,-1,-1,-1,-1,-1,1,1,1,-1,1,-1,-1,1,-1,-1,1,-1,-1,-1,1,-1,1,-1,1,-1,-1,-1,-1,1,-1,1,-1,-1,1,-1,1,1,1,-1,-1,-1,1,1,-1,1,-1,1,-1,1,1,1,-1,1,1,-1,1,1,1,1,1,-1,1,-1,-1,-1,1,-1,-1,1,-1,1,-1,1,-1,1,-1,-1,-1,1,1,-1,1,1,-1,1,-1,1,-1,1,1,-1,1,-1,1,-1,-1,-1,-1,1,-1,1,-1,-1,-1,-1,1,-1,1,-1,1,1,1,-1,-1,1,-1,1,1,-1,1,-1,1,-1,-1,1,-1,1,-1,-1,1,1,1,1,1,-1,1,1,1,1,-1,1,-1,-1,1,1,1,-1,-1,-1,1,1,1,1,-1,-1,-1,1,-1,1,-1,1,1,-1,-1,1,1,1,-1,1,-1,-1,1,1,1,1,1,1,-1,1,1,1,1,-1,1,-1,1,-1,1,-1,1,1,-1,1,1,1,1,1,1,-1,1,-1,1,1,1,1,-1,1,1,-1,1,1,1,-1,1,1,1,1,1,1,-1,1,1,-1,-1,1,-1,-1,1,1,1,-1,1,-1,-1,1,-1,1,1,1,-1,-1,1,-1,1,-1,1,1,-1,1,-1,1,-1,1,-1,-1,1,-1,1,-1,1,1,-1,1,-1,1,-1,1,1,-1,1,-1,1,-1,1,1,-1,1,1,1,1,1,-1,1,1,-1,1,1,1,1,-1,1,-1,1,-1,1,1,-1,1,1,-1,1,1,1,-1,1,1,-1,1,1,1,-1,1,-1,-1,1,1,-1,1,1,-1,1,-1,1,-1,1,1,1,-1,1,1,1,1,1,1,-1,1,1,-1,1,1,1,1,1,1,-1,1,1,1,-1,1,1,-1,1,1,-1,1,1,1,1,1,-1,1,-1,1,1,-1,1,1,-1,1,1,1,-1,1,1,-1,-1,1,-1,-1,1,1,-1,1,1,-1,-1,-1,1,-1,1,1,1,-1,1,1,-1,1,1,1,-1,1,-1,1,1,1,-1,1,1,-1,-1,1,1,-1,-1,-1,-1,-1,1,1,-1,1,-1,-1,-1,1,1,-1,-1,1,-1,-1,1,1,-1,-1,-1,-1,-1,1,1,-1,-1,-1,-1,-1,-1,1,-1,-1,-1,-1,-1,1,-1,-1,-1,-1,-1,-1,-1,1,-1,-1,-1,1,-1,1,1,-1,-1,1,-1,-1,1,1,1,-1,-1,-1,-1,-1,1,-1,-1,-1,-1,1,-1,1,-1,-1,-1,-1,-1,1,1,-1,-1,-1,-1,1,-1,1,-1,1,-1,-1,-1,-1,1,1,-1,1,-1,-1,-1,1,1,-1,1,-1,-1,-1,1,1,-1,-1,-1,1,-1,-1,1,-1,-1,1,-1,-1,-1,1,-1,1,-1,-1,1,-1,1,-1,1,-1,1,-1,-1,1,-1,-1,-1,1,1,-1,1,1,-1,1,-1,-1,1,1,-1,-1,1,-1,1,-1,1,-1,-1,1,1,-1,1,1,-1,-1,-1,1,-1,-1,-1,-1,-1,1,-1,1,1,1,-1,1,1,1,-1,1,1,1,-1,1,1,-1,1,1,-1,-1,1,1,1,1,1,-1,-1,-1,1,-1,1,1,-1,-1,1,1,-1,1,1,1,-1,1,1,1,1,1,-1,-1,-1,1,-1,1,-1,1,-1,1,-1,1,1,-2644.0,1,2000,445,500,True
2822,1,1,-1,-1,1,1,-1,1,1,1,1,-1,-1,-1,1,1,-1,1,-1,-1,-1,1,1,1,1,1,-1,-1,1,1,1,1,-1,-1,-1,1,-1,1,1,1,-1,-1,1,1,1,1,1,1,-1,1,1,1,1,1,-1,1,1,-1,1,1,1,-1,-1,1,1,1,1,1,1,-1,1,-1,1,1,1,1,1,1,-1,1,1,-1,1,-1,-1,1,1,1,1,1,1,1,-1,1,1,1,-1,1,-1,1,1,1,1,1,-1,-1,-1,1,1,1,1,1,-1,-1,1,1,1,1,1,-1,-1,1,1,1,1,1,-1,-1,1,1,1,1,-1,-1,-1,1,1,1,1,-1,-1,-1,1,1,1,1,1,-1,-1,-1,1,1,1,1,1,-1,-1,1,1,1,-1,1,-1,1,1,-1,1,-1,1,-1,1,-1,1,1,-1,-1,-1,1,1,1,-1,1,1,-1,1,-1,1,-1,-1,-1,-1,1,-1,1,-1,-1,1,-1,1,-1,1,-1,-1,1,-1,1,1,1,1,-1,1,-1,1,-1,1,-1,-1,1,1,1,-1,1,1,-1,1,1,-1,1,-1,1,-1,1,-1,1,-1,1,1,-1,1,1,1,-1,1,-1,-1,1,1,1,-1,-1,1,-1,1,1,1,1,1,-1,-1,1,1,1,-1,1,1,-1,1,-1,-1,-1,1,-1,1,1,1,-1,-1,1,-1,1,1,-1,1,-1,-1,1,-1,1,1,1,-1,1,1,-1,1,1,-1,-1,1,1,1,1,-1,-1,-1,1,1,-1,1,1,1,-1,-1,1,1,1,-1,-1,-1,1,-1,1,-1,1,-1,-1,1,-1,1,1,-1,1,-1,1,-1,1,1,-1,-1,-1,1,1,-1,1,-1,-1,1,-1,-1,1,1,-1,-1,1,1,1,-1,1,-1,1,1,1,-1,1,1,-1,-1,1,1,-1,1,-1,-1,-1,1,1,-1,1,-1,-1,-1,1,1,-1,1,-1,-1,1,1,1,-1,1,1,-1,-1,1,1,-1,-1,1,-1,-1,-1,1,-1,1,-1,-1,-1,-1,-1,-1,1,1,-1,-1,1,1,-1,1,-1,-1,-1,1,1,1,1,-1,-1,1,1,1,-1,1,-1,-1,-1,-1,1,1,-1,1,-1,-1,1,-1,1,-1,-1,-1,-1,1,-1,1,-1,1,-1,-1,1,-1,1,-1,-1,-1,1,1,-1,1,-1,1,-1,-1,1,-1,1,-1,-1,-1,-1,1,-1,-1,1,1,-1,-1,1,-1,1,1,-1,1,-1,1,-1,1,-1,1,-1,-1,1,-1,1,-1,-1,-1,1,1,-1,1,-1,1,-1,1,-1,1,1,1,1,-1,1,-1,-1,1,-1,-1,-1,1,-1,1,-1,1,1,-1,1,-1,-1,1,-1,-1,1,-1,1,-1,1,-1,1,-1,1,1,-1,1,-1,1,-1,1,-1,-1,1,-1,1,1,1,1,-1,-1,1,1,-1,1,1,1,-1,1,1,1,-1,1,1,-1,1,1,1,1,-1,-1,1,-1,1,1,-1,1,-1,1,1,-1,1,-1,-1,1,-1,-1,1,-1,-1,-1,1,1,-1,1,1,-1,-1,1,1,-1,-1,1,-1,-1,-1,-1,-1,-1,1,-1,-1,-1,-1,-1,-1,1,-1,-1,1,1,1,1,1,-1,-1,1,1,-1,-1,1,-1,-1,-1,1,-1,-1,1,1,-1,1,1,1,-1,1,-1,1,1,1,-1,-1,1,1,-1,1,1,-1,1,1,-1,1,1,1,-1,1,1,-1,-1,1,-1,1,1,1,-1,1,1,1,-1,-1,1,-1,1,1,1,1,-1,1,1,1,1,1,1,1,1,-1,1,1,1,-1,-1,1,1,1,1,1,1,-1,1,-1,1,1,1,1,-1,1,1,-1,1,-1,1,-1,1,1,1,1,1,1,-1,1,-1,1,1,1,-1,-1,-1,-1,1,1,1,-1,-1,1,-1,1,1,1,1,-1,-1,-1,1,1,1,-1,-1,1,-1,1,1,-1,-1,-1,-1,1,1,1,1,1,-1,-1,-1,1,1,1,-1,-1,-1,-1,1,1,1,-1,-1,-1,-1,1,1,1,-1,-1,-1,1,1,-1,-1,-1,-1,-1,-1,1,-1,-1,-1,-1,-1,-1,1,1,1,-1,-1,-1,-1,1,1,1,-1,-1,-1,-1,1,-1,1,-1,-1,-1,1,1,1,-1,-1,-1,-1,1,1,-1,-1,1,-1,1,1,1,-1,-1,-1,1,-1,1,1,-1,1,-1,-1,-1,1,1,-1,-1,-1,1,-1,1,1,-1,1,1,-1,1,1,1,1,-1,1,-1,-1,1,1,-1,1,1,-1,-1,1,1,-1,-1,1,1,-1,1,1,-1,1,1,-1,-1,-1,-1,-1,1,1,-1,-1,1,1,-1,1,1,1,-1,1,-1,1,1,1,-1,1,1,-1,-1,1,1,-1,-1,-1,1,-1,1,1,-1,1,-1,-1,-1,1,1,-1,-1,-1,1,-1,1,1,-1,-1,1,-1,-1,1,1,1,-1,-1,1,-1,1,1,-1,-1,-1,-1,-1,1,-1,1,-1,-1,-1,1,1,1,1,-1,-1,1,-1,1,1,1,-1,1,-1,1,1,1,1,-1,-1,-1,1,-1,-1,-1,-1,-1,-1,1,-1,1,-1,-1,-1,-1,1,-1,1,-1,-1,1,1,1,-1,1,-1,1,-1,1,-1,-1,-1,1,-1,1,1,1,-1,1,1,-1,1,-1,1,-1,1,1,-1,1,1,-1,-1,-1,1,-1,1,-1,1,-1,-1,1,-1,1,-1,1,-1,1,1,-1,-1,1,-1,-1,-1,1,-1,1,1,-1,1,1,1,1,1,-1,1,-1,1,-1,1,1,-1,1,-1,-1,-1,-1,1,-1,1,1,1,-1,1,1,1,-1,-1,-1,1,1,1,-1,1,1,1,1,-1,1,-1,-1,1,1,1,1,1,-1,-1,1,1,1,1,1,1,-1,1,1,1,1,1,1,-1,1,1,-1,-1,1,-1,-1,1,-1,1,1,1,1,-1,1,1,1,-1,1,-1,1,-1,1,1,-1,1,1,-1,1,1,-2644.0,1,2000,445,500,True
2823,1,1,-1,-1,1,1,-1,1,1,1,1,-1,1,1,1,1,-1,1,-1,-1,-1,1,1,1,1,1,-1,-1,1,1,1,1,-1,-1,-1,1,-1,1,1,1,-1,-1,1,1,1,1,1,1,-1,-1,1,1,-1,1,-1,-1,1,-1,1,1,1,-1,-1,-1,1,1,1,1,1,-1,1,-1,1,1,1,1,-1,1,-1,1,1,-1,1,-1,-1,1,1,1,1,-1,-1,1,-1,1,1,1,1,1,-1,1,1,1,1,1,1,-1,-1,1,1,1,1,-1,-1,-1,1,1,1,1,1,-1,-1,1,1,1,1,-1,-1,-1,1,1,1,1,1,-1,-1,1,1,1,1,1,-1,-1,-1,1,1,1,1,-1,-1,-1,1,1,1,1,1,-1,-1,1,1,1,1,1,-1,-1,1,1,-1,1,1,-1,1,1,1,1,1,-1,-1,1,1,1,1,-1,1,-1,1,1,1,1,1,-1,-1,-1,1,1,1,1,1,-1,-1,1,-1,-1,1,1,-1,-1,1,1,1,1,1,-1,1,1,-1,-1,1,1,-1,1,1,1,1,1,1,1,-1,1,-1,-1,1,1,-1,-1,1,1,1,1,1,-1,-1,1,-1,-1,1,1,1,-1,1,-1,1,1,1,-1,1,1,1,1,1,1,-1,-1,-1,1,1,-1,1,1,1,-1,1,1,-1,1,1,1,1,1,1,-1,1,1,1,1,-1,1,1,1,1,1,1,1,1,1,1,-1,-1,1,1,1,-1,1,1,1,1,-1,1,-1,1,1,1,-1,1,1,-1,1,1,1,1,-1,1,-1,1,-1,1,1,1,1,-1,1,1,1,1,1,1,-1,1,1,1,1,1,-1,1,1,1,1,1,1,1,-1,1,1,-1,1,1,-1,1,1,1,-1,1,1,1,-1,1,-1,1,1,1,1,-1,1,1,-1,1,1,1,-1,1,1,-1,1,1,-1,-1,1,1,1,-1,1,1,-1,-1,1,-1,1,1,1,1,-1,1,1,-1,1,1,-1,1,1,-1,-1,-1,-1,-1,-1,1,-1,1,1,-1,-1,1,-1,1,-1,1,1,-1,1,-1,-1,1,1,-1,-1,1,1,1,-1,1,-1,-1,-1,1,-1,1,-1,-1,1,1,1,-1,-1,-1,-1,1,1,1,-1,1,-1,-1,1,1,1,1,-1,-1,-1,1,-1,1,-1,1,-1,-1,-1,-1,-1,1,1,-1,-1,1,-1,1,1,-1,-1,-1,-1,1,1,1,-1,-1,-1,1,-1,1,-1,-1,-1,-1,-1,1,1,-1,1,-1,-1,1,1,1,-1,-1,1,-1,1,1,1,-1,-1,1,1,-1,1,1,-1,-1,1,-1,1,-1,1,1,-1,-1,1,-1,1,-1,1,-1,1,1,-1,-1,-1,1,-1,-1,1,-1,1,-1,1,-1,-1,1,-1,-1,1,1,-1,-1,-1,1,-1,1,1,-1,1,-1,1,-1,-1,1,1,1,-1,1,-1,1,-1,1,-1,-1,-1,1,1,-1,-1,1,1,1,-1,1,-1,1,-1,1,1,1,-1,-1,-1,1,-1,1,-1,1,-1,-1,-1,1,1,-1,1,-1,-1,-1,1,1,-1,1,-1,-1,1,1,1,-1,1,-1,-1,-1,-1,1,1,1,-1,1,-1,-1,1,-1,1,-1,-1,1,1,-1,-1,1,1,-1,-1,-1,-1,-1,1,1,-1,1,-1,1,-1,1,1,-1,-1,1,-1,1,1,-1,-1,-1,-1,-1,1,1,-1,1,-1,-1,1,1,1,1,-1,-1,-1,-1,-1,1,-1,1,-1,-1,1,-1,1,1,-1,1,-1,-1,1,1,1,-1,1,-1,1,-1,1,1,-1,1,-1,-1,-1,1,1,-1,1,-1,1,-1,1,1,-1,-1,1,-1,-1,1,1,-1,-1,-1,1,-1,1,1,-1,-1,1,-1,-1,-1,-1,1,-1,1,-1,-1,1,-1,-1,1,-1,1,-1,1,1,-1,1,-1,1,-1,1,-1,1,-1,1,-1,-1,1,1,-1,1,-1,-1,-1,-1,1,-1,1,-1,1,-1,-1,1,-1,1,1,-1,-1,-1,-1,1,1,1,1,-1,-1,1,-1,-1,1,1,-1,-1,-1,-1,1,-1,1,-1,-1,1,1,-1,1,1,-1,-1,1,-1,-1,1,1,-1,-1,-1,-1,1,-1,1,-1,-1,-1,-1,-1,1,-1,-1,1,-1,-1,1,-1,1,-1,-1,-1,-1,-1,1,1,1,-1,-1,-1,1,1,1,-1,-1,-1,1,-1,-1,1,-1,-1,-1,-1,1,1,1,-1,-1,1,-1,1,-1,1,1,-1,1,-1,-1,1,1,-1,-1,-1,-1,-1,-1,1,1,-1,-1,1,-1,1,1,-1,-1,-1,1,-1,1,1,-1,-1,1,1,-1,1,1,1,-1,1,-1,1,1,1,-1,-1,1,-1,-1,1,1,-1,-1,-1,-1,-1,-1,1,-1,1,1,-1,-1,1,1,-1,-1,1,-1,-1,1,-1,-1,-1,1,-1,-1,1,1,1,-1,-1,-1,-1,1,1,-1,-1,1,-1,-1,1,1,1,-1,1,-1,-1,-1,1,1,-1,-1,1,-1,1,1,1,-1,1,-1,-1,1,1,1,-1,-1,-1,-1,1,-1,-1,-1,-1,-1,1,1,1,-1,-1,-1,-1,1,-1,1,1,-1,-1,-1,1,1,1,-1,1,-1,-1,-1,1,-1,1,-1,1,-1,-1,1,-1,1,-1,1,-1,-1,1,1,1,-1,-1,-1,1,1,-1,1,-1,-1,1,-1,1,-1,1,-1,1,-1,-1,1,-1,1,-1,1,-1,1,1,1,1,-1,-1,-1,1,-1,1,1,1,-1,1,-1,-1,1,1,-1,-1,1,-1,1,-1,1,-1,-1,1,1,1,1,1,-1,-1,-1,1,-1,-1,-1,-1,-1,1,-1,1,1,1,-1,1,1,1,-1,1,1,1,-1,1,1,1,1,1,-1,-1,1,1,1,1,1,-1,-1,1,1,-1,1,1,-1,-1,1,1,1,-1,1,1,-1,1,1,1,1,1,-1,-1,-1,-1,1,1,-1,1,-1,1,1,-1,1,-2644.0,1,2000,445,1000,True
2824,1,1,-1,-1,1,-1,1,1,1,1,1,-1,1,1,1,1,-1,1,-1,-1,1,1,1,1,1,-1,1,1,1,1,1,1,-1,-1,1,1,-1,1,1,1,-1,1,1,1,1,1,1,-1,1,-1,1,1,-1,1,-1,-1,1,-1,1,1,1,-1,-1,-1,1,1,1,1,-1,1,1,-1,1,1,1,1,1,1,-1,1,1,-1,-1,1,-1,1,1,1,1,-1,1,1,-1,1,1,1,1,-1,-1,1,1,1,1,1,-1,-1,-1,1,1,1,1,1,-1,-1,1,1,1,1,-1,-1,-1,1,1,1,1,1,-1,-1,1,1,1,1,-1,-1,-1,1,1,1,1,-1,-1,-1,1,1,1,1,-1,-1,-1,-1,1,1,1,-1,1,-1,1,1,1,1,-1,1,-1,-1,1,1,1,-1,1,-1,1,1,1,1,-1,-1,-1,1,1,1,-1,1,1,-1,1,1,1,-1,-1,-1,-1,-1,1,1,-1,-1,1,-1,-1,1,-1,1,-1,1,-1,-1,1,1,1,-1,1,-1,1,1,1,1,-1,1,-1,1,1,-1,1,1,1,1,-1,1,-1,1,-1,1,-1,-1,1,-1,1,1,1,-1,-1,1,-1,-1,1,1,1,-1,1,1,-1,1,1,-1,1,1,-1,-1,1,1,-1,-1,1,-1,1,1,1,1,1,1,-1,1,1,1,1,1,1,-1,1,1,1,1,1,1,-1,-1,1,1,1,1,1,1,-1,1,1,-1,-1,1,1,1,1,1,1,1,1,-1,1,1,1,1,1,-1,1,1,1,1,1,1,1,-1,-1,1,1,-1,1,1,1,-1,1,1,1,1,1,1,1,1,1,1,1,1,1,-1,1,1,1,1,1,-1,1,-1,1,1,-1,1,1,1,1,1,1,1,1,1,-1,-1,1,-1,1,1,1,-1,-1,1,1,1,1,1,-1,-1,1,1,-1,1,1,-1,-1,1,1,1,-1,1,-1,1,-1,1,-1,1,1,1,-1,-1,1,1,-1,1,-1,1,1,1,-1,-1,-1,-1,1,-1,1,-1,1,1,-1,1,1,-1,-1,1,1,-1,1,1,-1,1,1,-1,1,-1,1,1,1,-1,1,1,1,-1,1,-1,1,-1,-1,1,1,1,-1,-1,-1,1,1,1,1,-1,1,-1,-1,1,1,1,1,-1,-1,-1,1,-1,1,-1,1,-1,-1,-1,1,1,-1,1,-1,-1,1,-1,1,1,-1,-1,1,-1,1,-1,1,-1,-1,-1,1,-1,1,1,-1,-1,-1,-1,1,1,-1,1,-1,-1,1,1,1,-1,-1,1,-1,1,1,1,-1,-1,-1,-1,-1,1,1,1,-1,1,-1,1,-1,1,-1,-1,-1,1,-1,1,1,1,-1,-1,-1,-1,-1,1,-1,-1,-1,-1,1,-1,1,-1,-1,-1,-1,-1,-1,1,-1,-1,-1,-1,-1,-1,1,-1,-1,-1,-1,-1,-1,-1,1,1,1,-1,-1,-1,1,1,1,-1,1,1,1,1,-1,-1,1,-1,1,1,-1,-1,1,-1,1,1,1,-1,-1,-1,-1,-1,1,-1,1,-1,-1,-1,1,1,-1,1,-1,-1,-1,1,1,-1,1,-1,-1,1,1,1,-1,1,-1,-1,-1,-1,1,1,1,-1,1,-1,-1,1,-1,1,-1,-1,1,1,1,-1,1,1,-1,-1,-1,-1,-1,1,1,-1,1,-1,-1,-1,1,1,-1,-1,-1,1,1,1,-1,-1,-1,-1,1,1,1,-1,1,-1,1,-1,1,1,1,-1,-1,-1,-1,-1,1,-1,1,-1,-1,1,-1,1,1,-1,1,-1,-1,1,1,1,-1,1,-1,-1,-1,1,1,-1,1,-1,-1,-1,1,1,-1,1,-1,-1,-1,1,1,1,-1,1,-1,-1,1,1,-1,-1,1,-1,-1,1,1,-1,-1,1,1,-1,-1,-1,1,-1,1,1,-1,1,-1,-1,1,-1,-1,-1,1,1,-1,1,-1,1,-1,1,-1,-1,1,-1,1,-1,1,1,-1,1,1,1,-1,-1,1,-1,1,-1,1,-1,-1,1,-1,1,1,1,-1,-1,-1,1,1,1,1,-1,-1,1,-1,-1,1,1,-1,-1,-1,-1,1,-1,1,-1,-1,1,1,-1,1,1,-1,-1,1,-1,-1,1,1,-1,-1,-1,-1,1,-1,1,-1,-1,-1,-1,-1,1,-1,-1,1,-1,-1,1,-1,1,-1,-1,-1,-1,-1,1,1,1,-1,-1,-1,1,1,1,-1,-1,-1,1,-1,-1,1,-1,-1,-1,-1,1,1,1,-1,-1,-1,-1,1,-1,1,1,-1,1,-1,-1,1,1,-1,-1,-1,-1,-1,-1,1,1,-1,-1,1,-1,1,1,-1,-1,-1,1,-1,1,1,-1,-1,-1,-1,-1,1,1,1,-1,-1,-1,1,1,1,-1,-1,1,-1,-1,1,1,-1,-1,1,-1,-1,1,1,-1,1,-1,-1,-1,1,1,-1,-1,1,1,-1,1,1,-1,-1,1,-1,-1,1,1,1,-1,-1,1,-1,1,1,1,-1,1,1,-1,1,-1,1,-1,-1,1,-1,1,1,-1,-1,-1,1,-1,1,1,1,-1,-1,1,1,1,1,1,-1,-1,1,1,-1,1,1,-1,1,-1,1,-1,1,1,-1,1,1,1,-1,1,1,-1,1,1,-1,1,1,-1,1,-1,1,1,1,1,1,-1,1,-1,1,1,1,1,-1,-1,-1,1,-1,1,1,-1,-1,1,-1,1,1,-1,-1,1,-1,1,1,1,1,-1,1,-1,1,-1,1,1,-1,-1,1,-1,-1,1,1,1,-1,-1,-1,-1,1,-1,-1,1,-1,1,1,1,-1,1,-1,-1,1,1,1,1,1,-1,-1,-1,1,-1,-1,1,-1,1,-1,-1,1,1,1,-1,-1,-1,1,-1,-1,1,-1,-1,1,-1,1,1,1,1,-1,1,-1,-1,-1,1,-1,-1,1,1,1,-1,1,1,-1,1,-1,1,1,1,1,-1,1,-1,1,-1,-1,1,-1,1,1,1,-1,1,1,-1,-1,1,1,1,-1,1,-1,1,-1,1,-2644.0,1,2000,445,1000,True
2825,-1,-1,1,1,1,1,-1,1,-1,-1,-1,1,-1,1,-1,-1,1,-1,1,-1,-1,-1,-1,-1,-1,1,-1,-1,-1,-1,-1,-1,1,-1,-1,-1,1,-1,-1,1,-1,-1,-1,-1,-1,-1,1,1,-1,1,-1,-1,1,1,-1,-1,-1,1,-1,-1,1,1,-1,1,-1,-1,-1,1,1,-1,-1,1,-1,-1,1,1,-1,-1,1,-1,-1,1,1,-1,1,-1,-1,1,1,1,1,-1,-1,-1,1,1,-1,-1,1,1,-1,1,1,1,-1,1,-1,-1,1,1,1,-1,1,1,-1,1,1,1,1,1,-1,-1,-1,1,1,-1,1,-1,1,1,1,1,-1,1,-1,1,1,1,1,-1,1,-1,1,-1,1,1,1,1,1,-1,-1,1,1,-1,-1,1,-1,1,1,1,-1,1,1,1,-1,-1,1,-1,-1,1,-1,-1,1,1,-1,1,-1,1,1,1,-1,1,-1,1,1,-1,1,-1,-1,1,1,1,-1,1,-1,-1,-1,1,1,-1,1,-1,-1,-1,1,1,-1,1,1,-1,-1,1,1,-1,-1,-1,-1,-1,1,1,-1,1,1,-1,-1,-1,1,1,-1,1,-1,-1,1,1,-1,1,1,-1,-1,1,1,-1,-1,-1,-1,-1,-1,1,-1,-1,1,-1,-1,1,-1,-1,1,-1,-1,-1,1,1,-1,-1,1,-1,1,-1,-1,-1,-1,1,-1,-1,1,1,-1,-1,1,-1,-1,-1,1,-1,-1,1,-1,1,-1,1,-1,-1,1,-1,1,-1,1,-1,-1,1,-1,1,-1,-1,-1,-1,1,-1,1,1,-1,1,-1,1,1,1,-1,-1,-1,1,-1,1,1,1,-1,-1,-1,-1,1,1,-1,-1,-1,-1,1,1,1,-1,-1,-1,-1,1,-1,1,-1,-1,-1,-1,-1,1,1,-1,1,-1,-1,1,-1,1,-1,-1,-1,-1,-1,1,1,-1,-1,-1,-1,-1,1,-1,-1,-1,-1,-1,-1,1,-1,-1,-1,1,-1,1,1,-1,-1,1,1,-1,-1,1,1,-1,-1,1,-1,-1,-1,1,-1,-1,-1,1,-1,1,-1,-1,-1,-1,-1,-1,1,1,-1,-1,1,1,-1,1,-1,1,-1,1,-1,-1,1,-1,-1,-1,1,-1,1,1,-1,-1,-1,-1,1,1,1,1,-1,-1,1,-1,-1,1,-1,-1,-1,1,-1,1,-1,1,-1,-1,1,-1,-1,1,-1,-1,1,1,-1,1,-1,1,-1,-1,1,-1,-1,-1,-1,-1,-1,1,-1,-1,1,1,-1,-1,-1,-1,1,-1,-1,1,-1,1,-1,-1,1,1,-1,-1,1,-1,-1,-1,-1,-1,1,1,-1,-1,1,1,-1,1,-1,1,-1,1,1,-1,1,-1,-1,-1,-1,-1,-1,1,-1,1,-1,1,1,-1,1,-1,-1,1,-1,-1,1,-1,1,-1,1,-1,1,-1,1,1,-1,1,-1,1,-1,1,-1,-1,1,-1,1,1,1,1,-1,-1,1,1,-1,1,1,-1,-1,1,1,1,-1,1,1,-1,1,1,1,1,-1,-1,1,-1,-1,-1,1,-1,1,1,-1,1,-1,1,-1,1,-1,-1,-1,1,1,-1,1,1,-1,1,-1,1,-1,1,1,-1,1,-1,1,-1,-1,-1,-1,1,-1,1,-1,-1,-1,-1,1,-1,1,-1,1,1,1,1,-1,1,-1,1,1,-1,1,-1,1,-1,-1,1,-1,1,-1,-1,1,1,1,1,1,-1,1,1,1,1,-1,1,-1,-1,1,1,1,-1,-1,-1,1,1,1,1,-1,-1,-1,1,-1,1,-1,1,1,-1,-1,1,1,1,-1,1,-1,-1,1,1,1,1,1,1,-1,1,1,1,1,-1,1,-1,1,-1,1,-1,1,1,-1,1,1,1,1,1,1,-1,1,1,1,1,1,1,-1,1,1,-1,1,1,1,-1,1,1,1,1,1,1,-1,1,1,1,-1,1,-1,-1,1,1,1,-1,1,-1,-1,1,1,1,1,1,-1,-1,1,1,1,-1,1,1,-1,1,1,-1,-1,1,-1,-1,1,1,1,1,1,1,-1,1,1,1,-1,1,1,-1,1,1,1,-1,1,1,-1,1,1,1,-1,1,-1,1,1,1,-1,-1,1,1,-1,1,-1,1,-1,1,1,-1,-1,1,1,-1,1,1,-1,1,1,1,-1,1,1,1,1,1,1,-1,1,-1,1,1,1,-1,-1,1,1,1,1,-1,-1,1,1,1,1,1,-1,-1,-1,1,1,1,1,-1,1,-1,1,-1,1,-1,1,-1,-1,1,-1,1,1,1,1,1,-1,1,1,1,1,-1,1,1,-1,1,1,-1,1,1,1,-1,1,1,1,-1,1,-1,-1,1,-1,1,-1,1,-1,-1,-1,1,1,1,1,1,-1,1,1,1,1,1,1,-1,1,1,1,1,1,-1,1,1,1,-1,1,1,-1,-1,-1,1,1,1,1,-1,1,1,1,-1,1,1,-1,-1,1,1,1,1,1,-1,-1,-1,1,1,1,1,-1,-1,-1,1,1,1,1,-1,-1,1,1,1,1,-1,1,-1,-1,1,1,1,1,-1,-1,-1,1,1,1,1,-1,-1,1,-1,1,1,1,1,-1,-1,1,1,1,-1,-1,-1,-1,1,1,-1,1,-1,-1,-1,1,1,1,1,-1,-1,-1,1,-1,1,1,-1,1,-1,1,1,1,-1,1,-1,1,-1,1,1,1,1,-1,1,-1,1,-1,1,1,-1,1,-1,-1,-1,-1,1,-1,1,-1,1,1,-1,1,1,1,-1,1,1,-1,1,-1,-1,1,-1,-1,1,1,-1,1,1,-1,-1,1,1,1,1,-1,1,1,1,1,1,-1,1,1,1,-1,1,1,1,-1,-1,1,1,1,-1,1,1,-1,-1,-1,1,1,1,-1,-1,1,1,1,1,1,1,-1,-1,1,1,1,1,1,-1,1,1,1,1,1,1,-1,1,1,1,1,1,1,-1,1,1,1,1,1,1,-1,1,-1,1,1,1,1,-1,-1,1,1,1,1,1,1,-1,1,1,-1,1,1,-1,-1,1,-2644.0,1,2000,445,500,True
2826,1,1,-1,-1,1,1,-1,1,1,1,1,-1,-1,1,1,1,-1,1,-1,-1,-1,1,1,1,1,1,-1,-1,1,1,1,1,-1,-1,-1,1,-1,1,1,1,-1,-1,1,1,1,1,1,1,-1,-1,1,1,-1,1,-1,-1,1,-1,1,1,1,-1,-1,1,1,1,1,1,1,-1,1,-1,1,1,1,1,-1,-1,1,1,1,1,1,-1,-1,1,1,1,1,1,1,1,-1,1,1,1,-1,-1,-1,-1,1,1,1,1,1,-1,-1,1,1,1,1,-1,-1,-1,1,1,1,1,1,-1,-1,1,1,1,1,-1,-1,-1,1,1,1,1,1,-1,-1,1,1,1,1,1,-1,-1,-1,1,1,1,1,-1,-1,-1,1,1,1,1,1,-1,1,1,1,1,-1,-1,-1,-1,1,1,1,1,1,-1,1,1,1,1,1,-1,-1,1,1,1,1,-1,1,-1,1,1,1,1,1,-1,-1,-1,1,1,1,1,1,-1,-1,1,-1,-1,1,1,-1,-1,1,1,1,1,1,-1,1,1,1,-1,1,1,-1,1,1,-1,-1,1,1,1,-1,1,-1,-1,1,1,-1,-1,1,-1,1,1,1,-1,-1,1,-1,-1,1,1,1,-1,1,-1,1,1,1,-1,1,1,-1,1,-1,1,-1,-1,1,1,-1,1,1,1,1,1,1,1,-1,1,1,1,1,1,1,-1,1,1,1,1,1,1,1,1,1,1,1,1,1,1,1,-1,-1,1,1,1,-1,1,1,1,1,1,1,-1,1,1,1,-1,1,1,-1,1,1,1,1,-1,1,-1,1,-1,1,1,1,1,-1,1,1,1,1,1,1,-1,1,1,1,1,1,-1,1,1,1,1,1,1,1,-1,1,1,-1,1,1,-1,1,1,1,-1,1,1,1,-1,1,-1,1,1,1,1,-1,1,1,-1,1,1,1,1,1,1,-1,1,1,-1,-1,1,1,1,-1,1,1,-1,-1,1,-1,1,1,1,1,1,1,1,-1,1,1,-1,1,1,-1,-1,-1,-1,-1,1,1,-1,1,1,-1,-1,1,-1,1,-1,1,1,-1,1,-1,-1,1,1,-1,-1,1,1,1,-1,1,-1,-1,-1,1,-1,1,-1,-1,1,1,1,-1,-1,-1,-1,1,1,1,-1,1,-1,-1,1,1,1,1,-1,-1,-1,1,-1,1,-1,1,-1,-1,-1,1,1,1,1,-1,-1,1,-1,1,1,-1,-1,1,-1,1,-1,1,-1,-1,-1,1,-1,1,-1,-1,-1,-1,-1,1,1,-1,1,-1,-1,1,-1,1,-1,-1,1,-1,1,1,1,-1,-1,1,1,-1,1,1,-1,-1,1,-1,1,-1,1,1,-1,-1,1,-1,1,-1,1,-1,-1,1,-1,-1,-1,1,-1,-1,1,-1,1,-1,1,-1,-1,1,-1,-1,1,1,-1,-1,-1,1,-1,1,1,-1,1,-1,1,-1,-1,1,1,1,-1,1,-1,1,-1,1,-1,1,-1,1,1,-1,-1,1,-1,1,-1,1,-1,1,-1,1,1,1,-1,-1,-1,1,-1,1,1,1,-1,-1,-1,1,1,-1,1,-1,-1,-1,1,1,-1,1,-1,-1,-1,1,1,-1,1,-1,-1,-1,-1,1,1,1,-1,1,-1,-1,1,-1,1,-1,-1,1,-1,1,-1,1,1,-1,-1,-1,-1,-1,1,1,-1,1,-1,1,-1,-1,1,-1,-1,-1,1,1,1,-1,-1,-1,-1,-1,1,1,-1,1,-1,-1,1,1,1,1,-1,-1,-1,-1,-1,1,-1,1,-1,-1,1,-1,1,1,-1,1,-1,-1,1,1,1,-1,1,-1,1,-1,1,1,-1,-1,-1,-1,-1,1,1,-1,1,-1,1,-1,1,1,-1,-1,1,-1,-1,1,1,-1,-1,-1,1,-1,1,1,1,-1,1,-1,-1,1,-1,1,-1,1,-1,-1,1,-1,-1,1,-1,1,-1,1,1,-1,1,-1,1,-1,1,-1,1,-1,1,-1,-1,1,1,-1,1,-1,-1,-1,-1,1,-1,1,-1,1,-1,-1,1,-1,1,1,-1,-1,-1,-1,1,1,1,1,-1,-1,1,-1,-1,1,1,-1,-1,-1,-1,1,-1,1,-1,-1,1,1,-1,1,1,-1,-1,1,-1,-1,1,1,-1,-1,-1,-1,1,-1,1,-1,-1,-1,-1,-1,1,-1,-1,1,-1,-1,1,-1,1,-1,-1,-1,-1,-1,1,1,1,-1,-1,-1,1,1,1,-1,-1,-1,1,-1,-1,1,-1,-1,-1,-1,1,1,1,-1,-1,-1,-1,1,-1,1,1,-1,1,-1,-1,1,1,-1,-1,-1,-1,-1,-1,1,1,-1,-1,1,-1,1,1,-1,-1,-1,-1,-1,1,1,-1,-1,-1,1,-1,1,1,1,-1,-1,-1,1,1,1,-1,-1,1,-1,-1,1,1,-1,-1,-1,-1,-1,1,1,-1,1,-1,-1,-1,1,1,-1,-1,1,-1,-1,1,-1,-1,-1,1,-1,-1,1,1,1,-1,-1,-1,-1,1,1,-1,-1,1,-1,-1,1,-1,1,-1,1,-1,-1,-1,1,1,-1,-1,1,-1,1,1,1,-1,1,-1,-1,1,1,1,-1,-1,-1,-1,1,-1,-1,-1,1,-1,1,1,1,-1,-1,-1,-1,1,-1,1,1,-1,-1,-1,1,1,1,-1,1,1,-1,-1,1,-1,1,-1,1,-1,-1,1,-1,1,-1,1,-1,-1,1,1,1,-1,-1,-1,1,1,-1,1,-1,-1,1,-1,1,-1,1,1,-1,1,-1,1,-1,1,-1,1,-1,1,1,1,1,-1,-1,-1,1,-1,1,1,1,-1,1,-1,1,1,1,-1,-1,1,-1,1,-1,1,-1,-1,1,1,1,1,1,-1,-1,-1,1,-1,-1,-1,-1,-1,1,-1,1,1,1,-1,1,1,1,-1,1,1,1,-1,1,1,1,1,1,-1,-1,1,1,1,1,1,-1,1,1,1,-1,1,1,-1,-1,1,1,1,-1,1,1,-1,1,1,1,1,1,1,-1,1,-1,1,1,-1,1,-1,1,1,1,1,-2644.0,1,2000,445,1000,True
2827,1,1,-1,-1,1,1,-1,1,1,1,1,-1,-1,1,1,1,-1,1,-1,-1,-1,1,1,1,1,1,-1,-1,1,1,1,1,-1,-1,-1,1,-1,1,1,1,-1,-1,1,1,1,1,1,1,-1,-1,1,1,-1,1,-1,-1,1,-1,1,1,1,-1,-1,-1,1,1,1,1,1,-1,1,-1,1,1,1,1,-1,1,-1,1,1,-1,1,-1,-1,1,1,1,1,1,-1,1,-1,1,1,1,-1,1,-1,1,1,1,1,1,1,-1,-1,1,1,1,1,-1,-1,-1,1,1,1,1,1,-1,-1,1,1,1,1,-1,-1,-1,1,1,1,1,1,-1,-1,1,1,1,1,1,-1,-1,-1,1,1,1,1,-1,-1,-1,1,1,1,1,1,-1,-1,1,1,1,1,1,-1,-1,1,1,1,1,1,-1,1,1,1,1,1,-1,-1,1,1,1,1,-1,1,-1,1,1,1,1,1,-1,-1,-1,1,1,1,1,1,-1,-1,1,-1,1,1,1,-1,-1,1,1,1,1,1,-1,1,-1,1,1,1,1,-1,1,1,-1,1,1,1,1,-1,1,-1,1,1,1,-1,-1,1,-1,1,1,1,-1,-1,1,-1,1,1,1,1,-1,1,-1,-1,1,1,-1,1,1,-1,1,1,1,-1,-1,1,-1,1,-1,1,1,1,1,-1,1,-1,1,1,1,1,-1,1,-1,1,1,1,1,1,-1,1,1,1,1,1,1,-1,1,1,-1,-1,1,1,-1,-1,1,1,1,1,-1,1,-1,1,1,1,1,-1,-1,-1,1,1,1,1,-1,-1,-1,1,-1,1,1,1,1,-1,1,1,1,1,1,1,-1,1,1,1,1,-1,1,1,1,1,1,1,1,-1,1,1,1,-1,1,1,-1,1,1,1,-1,1,1,1,-1,1,-1,1,1,1,1,-1,1,1,-1,1,1,1,-1,1,1,-1,-1,1,1,-1,1,1,1,1,1,1,-1,-1,1,-1,-1,1,1,1,-1,1,1,1,-1,1,-1,1,1,-1,-1,1,1,-1,-1,1,-1,1,-1,1,-1,1,-1,1,-1,1,-1,-1,1,-1,1,-1,1,1,-1,1,1,1,-1,1,-1,-1,-1,1,-1,1,1,-1,1,1,1,-1,1,-1,-1,1,1,1,-1,1,1,-1,1,1,1,1,1,-1,-1,1,-1,1,-1,1,-1,-1,-1,-1,1,1,1,-1,-1,1,-1,1,1,-1,-1,-1,-1,1,-1,1,1,-1,-1,1,-1,1,-1,-1,1,-1,-1,1,1,-1,1,-1,-1,1,1,1,-1,-1,1,-1,1,-1,1,-1,-1,1,-1,-1,1,1,-1,-1,1,-1,1,-1,1,1,-1,-1,1,-1,1,-1,1,-1,-1,1,-1,-1,-1,1,-1,-1,1,-1,1,-1,1,-1,-1,1,-1,-1,1,1,-1,-1,-1,1,-1,1,1,-1,1,-1,1,-1,-1,1,1,1,-1,1,-1,1,-1,1,-1,1,-1,1,1,-1,-1,1,1,1,-1,1,-1,1,-1,1,1,1,-1,-1,-1,1,-1,1,-1,1,-1,-1,-1,1,1,-1,1,-1,-1,-1,1,1,-1,1,-1,-1,1,1,1,-1,1,-1,-1,-1,-1,1,1,1,-1,1,-1,-1,1,-1,1,-1,-1,1,-1,1,-1,1,1,-1,-1,-1,-1,-1,1,1,-1,-1,-1,1,-1,1,1,-1,-1,1,-1,1,1,-1,-1,-1,-1,-1,1,1,-1,1,-1,1,1,1,1,1,-1,-1,-1,-1,-1,1,-1,1,-1,-1,1,-1,1,1,-1,1,-1,-1,1,1,1,-1,1,-1,1,-1,1,1,-1,1,-1,-1,-1,1,1,-1,1,-1,1,-1,1,1,-1,-1,1,-1,-1,1,1,-1,-1,-1,1,-1,1,1,-1,-1,1,-1,-1,-1,-1,1,-1,1,-1,-1,1,-1,-1,1,-1,1,-1,1,1,-1,1,-1,1,-1,1,-1,1,-1,1,-1,-1,1,1,-1,1,-1,-1,-1,-1,1,-1,1,-1,1,-1,-1,1,-1,1,1,-1,-1,-1,-1,1,1,1,1,-1,-1,1,-1,-1,1,1,-1,-1,-1,-1,1,-1,-1,-1,-1,1,1,1,1,1,-1,-1,1,-1,-1,1,1,-1,-1,-1,-1,1,-1,1,-1,-1,-1,-1,-1,1,-1,-1,1,-1,-1,1,-1,1,-1,-1,-1,-1,1,-1,1,1,-1,-1,-1,-1,1,1,-1,-1,1,-1,1,-1,1,-1,-1,-1,-1,-1,1,1,-1,-1,-1,-1,-1,1,1,1,-1,1,-1,1,-1,1,-1,-1,-1,-1,-1,-1,1,1,-1,-1,1,-1,1,1,-1,-1,-1,-1,-1,1,1,-1,-1,-1,1,-1,1,1,1,-1,-1,-1,1,1,1,-1,-1,1,-1,-1,1,1,-1,-1,1,-1,-1,1,1,-1,1,-1,1,-1,1,1,-1,-1,1,1,-1,1,-1,-1,-1,1,1,-1,1,1,1,-1,-1,1,-1,1,1,-1,-1,1,-1,-1,1,-1,1,-1,-1,1,-1,-1,1,1,-1,-1,1,-1,-1,1,1,-1,-1,1,-1,-1,1,1,-1,-1,1,-1,1,-1,-1,-1,1,1,-1,1,1,-1,-1,1,-1,1,-1,1,1,-1,-1,-1,-1,1,1,-1,-1,1,-1,1,1,-1,1,-1,-1,1,-1,1,1,1,-1,-1,-1,-1,1,1,1,-1,-1,-1,1,1,-1,1,-1,-1,1,-1,1,-1,1,1,-1,1,-1,1,-1,1,-1,-1,1,1,1,1,1,-1,-1,-1,1,-1,1,1,1,-1,1,-1,1,1,1,-1,-1,1,1,1,-1,1,-1,-1,1,-1,1,1,1,-1,-1,-1,1,-1,-1,-1,-1,-1,1,-1,1,1,1,-1,1,1,1,-1,1,1,-1,-1,1,1,1,1,1,-1,-1,1,1,1,1,1,-1,-1,-1,1,-1,1,1,-1,-1,1,1,1,-1,1,1,-1,1,1,1,1,1,-1,-1,-1,1,1,1,-1,1,-1,1,-1,1,1,-2644.0,1,2000,445,1000,True
2828,1,1,1,1,1,1,-1,1,1,-1,-1,1,-1,-1,1,1,1,-1,1,-1,-1,1,1,-1,-1,1,-1,-1,1,1,-1,-1,1,-1,-1,1,-1,1,-1,1,-1,-1,1,1,1,-1,-1,1,-1,-1,1,1,1,1,-1,1,1,-1,1,-1,-1,1,-1,-1,1,1,-1,-1,1,-1,1,-1,1,1,-1,1,1,1,1,-1,-1,1,1,-1,-1,1,1,-1,1,1,1,1,-1,1,-1,1,-1,1,-1,1,1,-1,1,1,-1,-1,-1,1,-1,1,1,1,-1,-1,1,-1,-1,1,1,-1,-1,1,1,-1,1,1,-1,-1,1,-1,-1,1,-1,-1,-1,1,-1,-1,1,-1,-1,-1,-1,1,-1,1,1,-1,-1,-1,1,-1,-1,1,1,-1,-1,-1,1,-1,-1,-1,-1,1,-1,1,-1,1,1,-1,1,1,-1,1,-1,-1,-1,1,-1,-1,-1,1,1,-1,-1,1,-1,-1,-1,-1,-1,-1,1,-1,-1,-1,1,-1,-1,1,-1,1,-1,1,-1,-1,-1,-1,-1,-1,1,-1,-1,-1,1,1,-1,1,-1,-1,1,1,1,-1,1,1,-1,1,-1,-1,-1,1,1,-1,1,-1,-1,-1,1,-1,-1,1,1,1,-1,1,1,-1,1,-1,1,-1,1,-1,1,1,1,-1,-1,1,-1,-1,1,1,-1,-1,1,1,1,1,1,-1,1,1,-1,1,1,1,-1,1,1,1,1,1,1,-1,-1,1,1,-1,1,1,1,-1,1,1,1,1,-1,1,1,1,1,1,1,1,1,-1,1,1,1,1,1,1,1,1,1,1,1,-1,1,1,1,-1,1,1,1,-1,1,1,1,1,1,1,-1,1,1,1,1,1,1,1,-1,1,1,1,1,-1,-1,1,1,1,1,-1,1,1,-1,1,1,1,1,1,-1,1,1,1,1,1,1,-1,1,-1,1,1,1,1,-1,1,-1,1,1,1,1,1,1,-1,1,-1,-1,1,-1,1,1,-1,1,1,1,-1,-1,1,-1,1,-1,1,-1,1,-1,-1,1,-1,-1,-1,1,1,-1,1,-1,1,-1,1,-1,1,-1,1,1,-1,1,-1,1,-1,1,-1,1,1,-1,-1,-1,-1,1,1,1,1,-1,-1,1,-1,-1,1,-1,-1,1,-1,-1,1,-1,1,-1,-1,1,-1,-1,1,-1,-1,1,1,-1,1,-1,1,-1,-1,1,-1,-1,-1,-1,-1,-1,1,-1,-1,1,1,-1,-1,1,-1,1,-1,-1,1,-1,1,-1,-1,1,1,-1,-1,1,-1,-1,-1,-1,-1,1,1,-1,-1,1,1,-1,1,-1,1,-1,1,1,-1,1,-1,-1,-1,-1,-1,-1,1,-1,1,-1,1,1,-1,1,-1,-1,1,-1,-1,1,-1,1,-1,-1,-1,1,-1,1,1,-1,-1,-1,1,-1,1,-1,-1,-1,-1,1,1,1,1,-1,-1,-1,1,-1,1,1,1,-1,-1,1,1,-1,1,1,-1,-1,1,1,1,-1,-1,1,1,1,1,-1,1,-1,1,-1,-1,1,-1,-1,1,-1,-1,1,-1,-1,-1,1,1,-1,-1,1,-1,-1,1,1,-1,-1,1,-1,-1,-1,-1,-1,-1,1,-1,-1,-1,-1,-1,-1,1,-1,-1,1,1,1,1,1,-1,1,1,1,-1,-1,1,-1,-1,-1,1,-1,-1,1,1,-1,1,1,1,-1,1,1,-1,-1,1,-1,-1,-1,1,-1,-1,1,-1,1,1,-1,-1,1,1,-1,1,1,-1,-1,1,-1,1,1,1,1,-1,1,1,-1,-1,1,1,-1,1,1,1,-1,1,1,-1,-1,1,1,1,1,1,-1,1,1,-1,-1,1,1,-1,-1,1,1,-1,1,1,-1,-1,1,1,-1,1,1,-1,-1,-1,1,-1,1,1,-1,-1,1,1,-1,1,1,1,-1,1,-1,-1,-1,-1,1,-1,1,-1,-1,1,1,-1,-1,1,1,-1,1,1,-1,-1,1,-1,-1,-1,1,-1,1,-1,-1,-1,1,1,-1,-1,1,-1,1,-1,1,-1,-1,1,-1,-1,-1,1,-1,1,1,-1,-1,-1,1,-1,-1,1,-1,1,-1,1,1,1,-1,-1,1,-1,1,-1,1,-1,-1,1,-1,1,-1,-1,1,-1,1,-1,1,-1,-1,1,-1,1,1,1,-1,1,1,-1,-1,1,-1,-1,1,-1,-1,-1,1,-1,-1,1,-1,1,1,-1,-1,-1,-1,-1,-1,1,1,-1,-1,1,1,-1,1,1,1,-1,1,-1,-1,1,1,-1,-1,1,1,1,1,-1,-1,-1,1,-1,1,1,1,1,-1,-1,1,1,1,1,-1,-1,-1,-1,1,-1,1,-1,1,-1,1,1,-1,1,1,-1,-1,1,1,1,1,-1,1,-1,1,1,-1,1,-1,-1,1,1,1,1,-1,1,-1,-1,1,1,1,1,-1,1,-1,1,1,-1,1,-1,-1,-1,1,1,-1,1,-1,1,-1,1,1,1,1,1,-1,-1,1,1,-1,1,1,-1,-1,1,1,-1,1,-1,-1,-1,1,-1,1,-1,1,-1,1,1,1,-1,1,1,-1,-1,1,1,-1,-1,1,-1,1,1,1,1,-1,1,-1,1,-1,1,-1,1,1,-1,1,-1,1,-1,1,-1,-1,1,1,1,-1,1,1,1,-1,1,1,-1,-1,1,1,1,1,1,1,-1,-1,1,1,1,1,1,-1,1,-1,1,-1,1,1,-1,1,1,-1,1,1,1,-1,1,-1,1,1,1,1,-1,1,1,1,-1,1,1,-1,-1,1,-1,-1,1,1,-1,1,1,-1,-1,1,1,1,1,-1,1,1,1,-1,1,1,-1,1,1,1,-1,-1,1,-1,-1,1,-1,-1,1,1,1,-1,-1,1,1,1,1,-1,-1,1,1,1,-1,1,-1,-1,-1,1,1,1,1,-1,-1,1,1,1,1,1,1,-1,1,1,1,1,1,1,-1,1,1,-1,-1,1,-1,-1,1,-1,1,1,1,1,-1,-1,1,1,-1,1,-1,1,-1,1,1,-1,1,1,-1,-1,1,-2644.0,1,2000,445,500,True
2829,1,1,-1,-1,1,-1,1,1,1,1,1,-1,1,1,1,1,-1,1,-1,-1,1,1,1,1,1,-1,1,1,1,1,1,1,-1,-1,1,1,-1,1,1,1,-1,1,1,1,1,1,1,-1,1,-1,1,1,-1,1,-1,1,-1,-1,1,1,1,-1,-1,1,1,1,1,1,-1,1,1,-1,1,1,1,-1,1,1,-1,1,1,-1,-1,1,-1,1,1,1,-1,-1,1,-1,-1,1,1,-1,1,-1,-1,1,1,1,-1,1,-1,-1,-1,1,1,1,1,1,-1,-1,1,1,1,1,-1,-1,-1,1,1,1,-1,1,-1,-1,1,1,1,1,-1,-1,-1,1,1,1,1,-1,-1,-1,-1,1,1,1,-1,-1,-1,-1,1,1,1,-1,1,-1,-1,1,1,1,-1,-1,-1,-1,1,1,1,-1,1,-1,1,1,1,1,-1,-1,-1,1,1,1,-1,1,1,-1,1,1,1,-1,-1,-1,-1,-1,1,1,1,-1,1,-1,-1,1,-1,1,-1,1,-1,-1,1,1,1,-1,1,-1,1,1,-1,1,-1,1,-1,1,1,1,1,1,1,1,-1,1,-1,1,-1,1,1,-1,1,1,1,1,1,-1,-1,1,-1,-1,1,1,1,-1,1,1,-1,1,1,-1,1,1,-1,-1,1,1,-1,-1,1,-1,1,1,1,1,1,1,-1,1,1,1,1,1,1,-1,1,1,1,1,1,1,-1,-1,1,1,1,1,1,1,-1,1,1,-1,-1,1,1,1,1,1,1,1,1,-1,-1,1,1,1,1,-1,1,1,1,1,1,1,1,-1,-1,1,1,-1,1,1,1,-1,1,1,1,1,1,1,-1,1,1,1,1,1,1,-1,1,1,1,1,1,-1,1,-1,1,1,-1,1,1,1,1,1,1,1,1,1,-1,-1,1,1,1,1,1,-1,-1,1,1,1,1,1,-1,-1,1,1,-1,1,1,-1,-1,1,1,1,-1,1,-1,1,-1,1,-1,1,1,-1,-1,1,1,1,-1,1,-1,1,1,-1,-1,-1,-1,-1,1,1,1,-1,1,1,-1,1,1,-1,-1,1,1,-1,1,1,-1,1,1,-1,1,-1,1,-1,-1,-1,1,1,1,-1,-1,-1,1,-1,-1,1,1,1,1,-1,-1,1,1,1,-1,-1,1,-1,-1,1,1,-1,1,1,-1,-1,1,-1,1,-1,1,-1,-1,1,-1,-1,-1,1,-1,-1,1,-1,1,-1,1,-1,1,-1,-1,1,-1,1,-1,1,-1,-1,1,-1,1,-1,-1,-1,1,1,1,1,-1,1,-1,1,-1,1,-1,1,-1,1,1,-1,1,-1,-1,-1,-1,1,-1,1,-1,1,-1,-1,1,1,1,-1,-1,1,-1,1,1,-1,1,-1,-1,1,1,-1,1,1,-1,-1,1,1,-1,1,-1,-1,-1,-1,1,1,1,1,-1,-1,-1,1,-1,1,1,1,-1,-1,1,1,-1,1,1,-1,-1,1,1,1,-1,1,1,1,1,1,-1,-1,1,1,-1,-1,1,-1,1,-1,1,-1,1,-1,-1,-1,-1,-1,-1,1,1,-1,-1,-1,1,-1,-1,1,-1,-1,-1,1,-1,1,1,-1,-1,-1,1,-1,-1,1,-1,-1,-1,-1,1,1,1,-1,1,-1,-1,-1,-1,1,-1,-1,1,1,-1,-1,1,1,-1,-1,-1,-1,-1,1,1,-1,-1,1,-1,-1,1,1,-1,-1,1,-1,1,1,-1,-1,-1,-1,-1,1,1,-1,1,-1,-1,1,1,1,1,-1,1,-1,-1,-1,1,1,-1,1,-1,1,-1,1,1,-1,-1,1,1,1,1,1,-1,1,1,-1,-1,1,1,-1,-1,1,1,-1,1,1,-1,1,1,1,-1,1,1,-1,-1,1,1,-1,1,1,-1,-1,1,1,-1,1,1,1,-1,1,-1,-1,-1,-1,1,-1,1,-1,-1,1,-1,-1,1,-1,1,-1,1,1,-1,1,1,-1,-1,1,-1,-1,1,-1,-1,-1,1,1,-1,1,1,-1,-1,-1,1,-1,1,1,-1,-1,-1,1,-1,1,1,-1,-1,-1,-1,1,1,1,-1,-1,-1,1,-1,-1,-1,-1,-1,-1,-1,-1,1,-1,-1,-1,-1,1,1,-1,1,-1,-1,-1,1,-1,-1,1,-1,-1,-1,-1,-1,1,1,-1,-1,-1,-1,-1,1,-1,-1,-1,1,-1,-1,1,-1,1,-1,-1,-1,-1,-1,-1,-1,1,-1,-1,-1,1,1,-1,-1,-1,-1,1,-1,-1,-1,-1,-1,-1,-1,1,1,1,-1,-1,-1,-1,1,-1,1,1,-1,1,-1,-1,1,1,-1,-1,-1,-1,-1,-1,1,1,-1,-1,1,-1,1,1,-1,-1,-1,1,-1,1,1,-1,-1,1,-1,-1,1,1,1,-1,1,-1,1,1,1,-1,-1,1,-1,-1,1,1,1,-1,1,-1,-1,1,1,-1,1,1,1,-1,1,1,1,-1,1,1,-1,1,1,-1,-1,1,-1,-1,1,1,1,-1,-1,1,-1,1,1,1,-1,1,1,-1,1,-1,1,1,-1,1,1,1,1,-1,1,-1,1,-1,1,1,1,1,-1,1,1,1,1,1,-1,-1,1,1,-1,1,1,-1,1,-1,1,-1,1,1,-1,1,1,1,-1,1,1,-1,-1,1,-1,1,1,1,-1,1,1,1,1,1,1,-1,1,-1,1,1,1,1,-1,-1,1,1,-1,1,1,-1,-1,1,-1,1,1,-1,-1,1,-1,1,1,1,1,-1,1,-1,1,-1,1,1,-1,-1,1,-1,-1,1,-1,1,-1,-1,-1,-1,1,-1,-1,1,-1,1,1,-1,-1,1,-1,-1,1,-1,1,1,1,-1,-1,-1,1,-1,-1,1,-1,1,-1,1,1,1,1,-1,1,-1,1,-1,-1,1,-1,-1,1,-1,1,1,1,1,-1,1,-1,-1,-1,1,1,-1,1,1,-1,-1,1,1,-1,1,-1,1,1,1,1,-1,1,-1,1,-1,1,1,-1,1,1,1,-1,1,1,-1,-1,1,1,1,-1,1,-1,1,-1,1,-2644.0,1,2000,445,1000,True
2830,1,1,-1,-1,1,-1,1,1,1,1,1,-1,1,1,1,1,-1,1,-1,-1,1,1,1,1,1,-1,1,1,1,1,1,1,1,-1,1,1,-1,1,1,1,-1,1,1,1,1,1,1,-1,1,-1,1,1,-1,1,-1,-1,1,-1,1,1,1,-1,-1,1,1,1,1,1,-1,1,1,-1,1,1,1,1,1,1,-1,1,1,-1,-1,1,-1,1,1,1,1,-1,1,1,-1,1,1,1,1,-1,-1,1,1,1,1,1,-1,-1,-1,1,1,1,1,1,-1,-1,1,1,1,1,-1,-1,-1,1,1,1,1,1,-1,-1,1,1,1,1,-1,-1,-1,1,1,1,1,-1,-1,-1,1,1,1,1,-1,-1,-1,-1,1,1,1,-1,1,-1,-1,1,1,1,-1,1,-1,-1,1,1,1,-1,1,-1,1,1,1,1,-1,-1,-1,1,1,1,-1,1,1,-1,1,1,1,1,-1,-1,-1,-1,1,1,-1,-1,1,-1,-1,1,-1,1,-1,1,-1,-1,1,1,1,-1,1,-1,1,1,-1,1,-1,1,-1,1,1,1,1,1,1,1,-1,1,-1,1,-1,1,-1,-1,1,1,1,1,1,-1,-1,1,-1,-1,1,1,1,-1,1,-1,-1,1,1,-1,1,1,-1,-1,1,1,-1,-1,1,-1,1,1,1,1,1,1,-1,1,1,1,1,1,1,-1,1,1,1,1,1,1,-1,1,1,1,1,-1,1,-1,-1,1,1,-1,1,1,1,-1,1,1,1,1,1,-1,-1,1,1,1,1,1,-1,-1,1,1,1,1,1,-1,-1,1,1,-1,1,1,1,-1,1,1,1,1,1,1,1,1,1,1,1,1,-1,-1,1,1,1,1,1,-1,1,-1,1,1,-1,1,1,1,1,1,1,1,1,1,-1,-1,1,-1,1,1,1,-1,-1,1,1,1,1,1,-1,-1,1,1,-1,1,1,-1,-1,1,1,1,-1,1,-1,-1,-1,1,-1,1,1,1,-1,-1,1,1,-1,1,-1,1,1,1,-1,-1,-1,-1,-1,-1,1,-1,1,1,-1,-1,1,-1,-1,1,1,-1,1,1,-1,1,1,1,-1,-1,1,1,1,-1,1,1,1,-1,1,-1,1,1,1,1,1,1,-1,-1,-1,1,1,1,1,1,-1,1,1,-1,1,1,1,1,-1,1,1,-1,1,-1,-1,-1,1,-1,-1,1,1,-1,-1,-1,1,-1,1,1,1,-1,1,-1,1,-1,1,-1,1,-1,1,-1,1,1,1,-1,1,1,1,-1,1,-1,-1,1,-1,-1,1,-1,1,-1,1,1,1,1,-1,1,-1,1,-1,1,1,1,-1,-1,1,-1,-1,1,-1,1,-1,1,-1,1,1,1,-1,-1,1,-1,-1,1,1,-1,-1,-1,1,-1,1,-1,1,-1,1,-1,-1,1,-1,1,-1,-1,1,-1,1,-1,1,1,-1,1,-1,-1,1,1,1,-1,1,-1,1,-1,1,1,1,-1,1,1,-1,-1,1,1,1,-1,1,-1,1,-1,1,1,1,-1,-1,-1,1,-1,1,1,1,-1,-1,-1,1,1,-1,1,-1,-1,-1,1,1,-1,1,-1,-1,1,1,1,-1,1,-1,-1,-1,-1,1,1,1,-1,1,-1,-1,1,-1,1,-1,-1,1,1,1,-1,1,1,-1,-1,-1,-1,-1,1,1,-1,-1,-1,-1,-1,1,1,-1,-1,-1,1,1,1,-1,-1,-1,-1,1,1,1,-1,1,-1,1,-1,1,1,1,-1,-1,-1,-1,-1,1,-1,1,-1,-1,1,-1,1,1,-1,1,-1,-1,1,1,1,-1,1,-1,-1,-1,1,1,-1,-1,-1,-1,-1,1,1,-1,1,-1,-1,-1,1,1,1,-1,1,-1,-1,1,1,-1,-1,-1,-1,-1,1,1,1,-1,1,1,-1,-1,-1,1,-1,1,1,-1,1,-1,-1,1,1,1,-1,1,1,-1,1,-1,1,-1,1,-1,-1,1,-1,1,-1,1,1,-1,1,-1,1,-1,-1,1,-1,1,-1,1,-1,-1,1,-1,1,-1,1,-1,-1,-1,-1,1,-1,-1,-1,-1,1,1,-1,1,1,-1,-1,-1,-1,1,-1,1,-1,-1,1,-1,-1,1,-1,-1,-1,1,-1,-1,-1,1,-1,-1,-1,-1,1,1,-1,-1,-1,-1,-1,1,1,-1,-1,1,-1,-1,1,1,1,-1,-1,-1,-1,-1,1,1,1,-1,-1,-1,1,-1,-1,-1,-1,-1,1,-1,1,1,-1,-1,-1,-1,1,-1,-1,-1,-1,-1,-1,1,1,-1,1,-1,1,-1,-1,1,1,-1,-1,-1,-1,-1,-1,1,1,-1,-1,1,-1,1,-1,-1,-1,-1,1,-1,-1,1,-1,-1,1,1,-1,1,-1,1,-1,1,-1,1,-1,1,-1,-1,1,-1,-1,1,1,-1,-1,1,-1,-1,1,1,-1,1,1,1,-1,1,1,-1,-1,1,1,-1,1,1,1,-1,1,1,-1,1,1,1,-1,-1,1,-1,-1,1,1,-1,1,1,-1,1,-1,1,-1,-1,1,-1,-1,1,-1,-1,-1,1,-1,1,1,1,-1,-1,1,1,1,1,1,-1,-1,1,1,-1,1,1,-1,-1,1,1,-1,1,1,-1,1,1,-1,1,1,-1,-1,1,1,1,-1,1,-1,1,-1,1,-1,-1,1,1,-1,1,-1,1,-1,1,1,-1,-1,1,1,-1,1,1,-1,-1,-1,1,-1,-1,-1,-1,1,-1,1,-1,-1,1,-1,1,-1,1,1,-1,1,-1,-1,1,-1,1,-1,-1,1,-1,-1,-1,1,-1,-1,-1,1,-1,1,-1,1,-1,1,-1,-1,1,1,-1,1,1,-1,-1,1,-1,1,-1,1,-1,-1,1,-1,-1,1,1,-1,-1,-1,1,-1,-1,1,-1,-1,1,-1,1,1,1,1,-1,1,-1,1,-1,1,1,-1,1,1,1,-1,1,1,-1,1,-1,1,1,1,1,-1,1,-1,1,-1,-1,1,-1,1,1,1,-1,1,1,-1,-1,1,1,1,-1,1,-1,1,-1,1,-2644.0,1,2000,445,1000,True
2831,-1,-1,1,1,1,1,-1,1,-1,-1,-1,1,-1,-1,-1,-1,1,-1,1,-1,-1,1,-1,-1,-1,1,-1,-1,1,-1,-1,-1,1,-1,-1,1,1,-1,-1,1,-1,-1,1,-1,-1,-1,1,1,-1,-1,-1,-1,-1,1,-1,1,-1,1,-1,-1,1,1,-1,1,-1,-1,-1,1,1,-1,1,-1,-1,-1,1,1,1,1,-1,-1,-1,1,1,-1,-1,-1,-1,1,1,1,1,-1,-1,-1,1,1,-1,1,-1,1,-1,1,1,1,-1,-1,-1,-1,1,1,1,1,-1,-1,-1,1,1,1,1,-1,-1,-1,-1,1,1,1,-1,-1,1,-1,1,1,-1,-1,-1,1,1,1,1,-1,-1,-1,1,-1,1,1,1,-1,-1,-1,-1,1,1,1,1,-1,1,1,1,1,-1,1,-1,-1,-1,-1,1,-1,1,-1,-1,-1,1,1,-1,-1,-1,1,1,1,-1,1,1,-1,-1,-1,1,-1,-1,-1,-1,1,-1,1,-1,-1,1,-1,1,-1,1,-1,-1,1,-1,1,-1,1,1,-1,1,-1,1,-1,1,-1,-1,1,1,1,-1,1,1,-1,1,1,-1,1,-1,1,-1,1,-1,-1,1,1,1,-1,1,1,-1,1,-1,-1,-1,1,1,-1,1,-1,1,-1,1,1,1,1,1,-1,-1,1,1,-1,-1,1,1,-1,1,-1,1,-1,1,-1,1,1,-1,1,1,1,-1,1,1,-1,1,1,-1,1,-1,1,1,-1,1,1,1,-1,1,1,1,1,-1,1,1,1,-1,1,1,1,1,-1,1,1,1,1,1,1,1,1,-1,-1,1,-1,1,1,1,1,-1,1,1,-1,1,1,-1,-1,1,1,-1,1,1,-1,1,1,1,1,-1,1,-1,1,1,-1,-1,1,1,-1,-1,1,1,1,-1,1,-1,1,1,1,-1,1,1,-1,1,1,1,-1,1,-1,-1,1,1,1,-1,1,-1,-1,-1,1,1,1,1,-1,-1,1,-1,1,-1,1,1,-1,-1,1,1,-1,-1,1,-1,-1,1,1,-1,1,-1,-1,-1,-1,-1,-1,1,1,-1,-1,1,1,-1,1,-1,1,-1,1,1,-1,1,1,-1,1,1,-1,1,1,-1,-1,-1,-1,1,1,1,1,-1,-1,1,-1,-1,1,-1,-1,-1,1,-1,1,-1,1,-1,1,-1,-1,-1,1,-1,-1,1,1,-1,1,-1,1,-1,-1,1,-1,-1,-1,-1,-1,-1,1,-1,-1,1,1,-1,-1,1,-1,1,-1,-1,1,-1,1,-1,-1,1,1,-1,1,1,1,-1,-1,-1,-1,1,1,-1,-1,1,1,-1,1,-1,1,-1,1,1,-1,1,-1,-1,-1,-1,-1,-1,1,-1,1,-1,1,1,-1,1,-1,-1,1,-1,-1,1,-1,1,-1,-1,-1,1,-1,1,1,-1,-1,-1,1,-1,1,-1,-1,-1,-1,1,1,1,1,-1,-1,-1,1,-1,1,1,-1,-1,-1,1,1,1,1,1,-1,-1,1,1,-1,-1,-1,1,1,1,1,-1,1,-1,1,-1,-1,1,-1,-1,1,-1,-1,1,-1,-1,-1,1,1,-1,1,1,-1,-1,1,1,-1,-1,1,-1,-1,-1,-1,-1,1,1,-1,-1,-1,-1,-1,1,1,-1,-1,1,1,1,-1,1,-1,-1,1,1,-1,1,1,-1,-1,-1,1,-1,-1,1,1,-1,1,1,1,1,1,-1,1,1,1,-1,1,1,1,-1,1,1,-1,1,1,-1,1,1,1,-1,1,1,-1,-1,1,-1,1,1,1,-1,1,1,1,-1,1,1,-1,1,1,1,1,1,1,1,1,1,1,1,1,1,-1,1,-1,1,-1,1,1,1,1,1,1,1,1,-1,1,1,1,1,1,1,1,1,-1,1,-1,1,1,1,1,1,1,1,1,1,1,-1,1,1,1,1,1,-1,-1,1,1,1,-1,1,1,-1,1,1,1,1,1,-1,1,1,1,1,1,1,1,-1,-1,1,-1,-1,1,-1,1,-1,1,1,-1,1,1,1,-1,1,1,-1,1,1,-1,1,1,-1,1,1,1,-1,-1,1,-1,-1,1,-1,1,1,-1,-1,-1,1,1,-1,-1,1,-1,-1,1,1,-1,-1,-1,1,-1,1,1,-1,-1,-1,1,-1,1,1,1,-1,1,1,-1,1,1,-1,-1,1,-1,-1,1,1,-1,-1,1,-1,1,1,1,-1,-1,-1,-1,-1,1,1,-1,-1,1,1,1,1,-1,1,-1,-1,-1,-1,1,-1,1,-1,1,-1,1,-1,1,-1,-1,1,1,1,1,-1,1,-1,-1,-1,1,1,-1,1,-1,-1,-1,1,-1,-1,1,1,-1,1,1,-1,-1,-1,1,-1,1,1,1,-1,1,1,-1,1,1,1,-1,1,-1,1,1,1,-1,1,1,-1,-1,1,1,-1,-1,-1,1,-1,1,1,-1,1,-1,-1,-1,1,1,-1,-1,-1,1,-1,1,1,-1,-1,1,-1,-1,1,1,-1,-1,-1,1,-1,1,1,-1,-1,1,-1,-1,1,-1,1,-1,-1,-1,1,1,1,-1,-1,-1,-1,-1,1,1,-1,-1,1,-1,1,1,1,1,-1,-1,-1,1,-1,1,-1,-1,-1,-1,1,-1,1,-1,-1,-1,-1,1,1,1,-1,-1,1,1,-1,1,1,-1,1,-1,1,1,1,1,1,-1,1,1,1,1,1,1,-1,1,-1,1,-1,1,1,-1,1,1,-1,1,1,1,-1,1,-1,1,1,1,1,-1,1,-1,1,-1,1,1,-1,-1,1,-1,-1,1,1,-1,1,1,-1,-1,1,1,1,1,-1,1,1,1,-1,1,1,-1,1,1,1,-1,-1,1,-1,-1,1,-1,-1,1,1,1,-1,-1,1,1,1,1,-1,-1,1,1,1,-1,1,-1,-1,-1,1,1,1,1,-1,-1,1,-1,1,1,1,1,-1,1,1,1,1,1,1,-1,1,1,-1,-1,1,-1,-1,1,-1,1,1,1,1,-1,-1,1,1,-1,1,-1,1,-1,1,1,-1,1,1,-1,-1,1,-2644.0,1,2000,445,500,True
2832,-1,-1,1,1,1,1,-1,1,-1,-1,-1,1,-1,1,-1,-1,1,-1,1,-1,-1,1,-1,-1,-1,1,-1,-1,-1,-1,-1,-1,1,-1,-1,1,1,-1,-1,1,-1,-1,1,-1,-1,-1,-1,1,-1,-1,1,-1,1,1,-1,-1,-1,1,-1,-1,1,1,-1,1,-1,-1,1,-1,1,-1,1,-1,-1,-1,1,1,-1,1,-1,-1,-1,-1,1,-1,-1,-1,-1,1,1,1,1,-1,-1,-1,1,1,-1,-1,-1,1,-1,1,1,1,-1,-1,-1,-1,1,1,1,-1,-1,1,-1,1,1,1,1,-1,-1,-1,-1,1,1,-1,-1,-1,-1,1,1,1,-1,-1,-1,1,1,1,1,-1,-1,-1,1,-1,1,1,1,-1,-1,-1,-1,1,1,-1,1,-1,-1,1,1,1,-1,1,-1,-1,1,-1,1,-1,1,-1,1,-1,1,1,-1,-1,-1,-1,1,1,-1,1,1,-1,1,-1,1,-1,-1,-1,-1,1,-1,1,-1,-1,1,-1,1,-1,1,-1,-1,1,-1,1,1,1,1,-1,1,-1,1,-1,1,-1,-1,1,1,1,-1,1,1,-1,1,1,-1,1,-1,1,-1,1,-1,1,-1,1,1,-1,1,1,1,-1,1,-1,-1,1,1,1,-1,-1,1,-1,1,1,-1,-1,1,-1,-1,1,1,1,-1,1,1,1,1,-1,-1,-1,1,1,1,1,1,-1,-1,1,-1,1,1,-1,1,-1,1,1,-1,1,1,1,-1,1,1,-1,1,1,-1,-1,-1,1,1,1,-1,-1,-1,1,1,1,1,1,1,-1,-1,1,1,1,-1,-1,-1,1,1,1,-1,1,-1,-1,1,1,1,1,-1,1,-1,1,1,1,-1,-1,-1,-1,1,-1,1,1,-1,-1,1,-1,1,-1,-1,-1,1,1,1,1,1,-1,-1,1,1,1,-1,-1,1,-1,-1,1,1,-1,-1,-1,-1,-1,1,1,-1,-1,-1,-1,1,-1,1,-1,-1,-1,-1,1,-1,1,-1,1,1,-1,1,-1,1,1,-1,1,-1,-1,1,1,-1,1,-1,-1,1,1,-1,-1,1,1,-1,1,-1,1,-1,-1,-1,1,1,-1,1,1,1,-1,1,1,-1,1,-1,-1,-1,-1,1,-1,1,1,1,1,-1,1,1,1,1,1,-1,-1,1,-1,-1,1,1,1,-1,-1,1,-1,1,-1,-1,-1,-1,1,-1,1,1,1,-1,-1,1,-1,1,-1,-1,-1,-1,1,-1,-1,1,1,-1,-1,1,-1,1,1,-1,1,-1,1,-1,-1,1,1,-1,-1,-1,-1,1,1,-1,1,-1,1,-1,1,1,1,-1,-1,-1,-1,1,1,1,-1,-1,-1,-1,1,-1,-1,1,-1,-1,-1,1,-1,1,1,1,-1,-1,1,-1,-1,1,-1,-1,-1,1,-1,1,-1,1,-1,-1,-1,-1,1,-1,1,-1,-1,1,-1,1,1,1,-1,-1,-1,1,1,-1,1,-1,1,-1,1,1,1,-1,1,1,-1,1,1,1,1,1,1,1,-1,1,1,-1,1,-1,1,-1,-1,1,-1,-1,1,-1,-1,1,-1,-1,1,1,1,-1,1,1,-1,1,1,1,-1,-1,1,-1,-1,1,-1,-1,1,1,-1,-1,-1,-1,-1,1,1,-1,1,1,1,1,-1,1,-1,-1,1,1,-1,1,1,-1,-1,-1,1,-1,-1,1,1,-1,1,1,1,1,1,-1,1,1,1,-1,1,1,1,-1,1,1,-1,1,1,-1,1,1,1,-1,1,1,-1,-1,1,-1,1,-1,1,-1,1,1,-1,-1,1,1,-1,1,1,-1,1,1,1,1,1,1,1,1,1,1,-1,1,-1,1,-1,1,1,1,1,1,1,1,1,1,-1,1,-1,1,-1,1,1,1,-1,1,-1,1,1,1,1,1,1,1,1,1,1,-1,1,1,-1,-1,1,-1,-1,1,1,1,-1,1,1,-1,1,-1,-1,1,1,-1,-1,1,-1,1,-1,1,1,-1,1,-1,1,-1,1,-1,1,1,-1,1,-1,1,1,-1,1,-1,1,-1,1,1,-1,1,-1,1,-1,1,1,-1,1,1,1,1,1,-1,1,1,-1,1,1,1,1,-1,1,-1,1,-1,1,1,-1,1,1,-1,1,1,1,-1,1,1,-1,1,1,1,-1,1,-1,-1,1,1,-1,1,1,-1,1,-1,1,-1,1,1,1,-1,1,-1,1,1,1,1,-1,1,1,-1,1,1,1,1,1,1,-1,1,1,1,-1,1,1,-1,1,1,-1,1,1,1,1,1,1,1,-1,1,1,-1,1,1,-1,1,1,1,-1,1,1,-1,-1,1,-1,-1,1,1,-1,1,1,-1,-1,-1,-1,-1,1,1,1,-1,1,1,-1,1,1,1,-1,1,-1,1,1,1,-1,1,1,-1,-1,1,1,1,-1,-1,1,-1,1,1,-1,1,-1,-1,-1,1,1,-1,-1,-1,1,-1,1,1,1,-1,-1,-1,-1,1,1,-1,-1,-1,-1,-1,-1,1,-1,-1,-1,-1,-1,1,-1,1,-1,-1,-1,-1,-1,1,-1,-1,-1,-1,-1,1,1,-1,-1,1,-1,1,1,1,1,-1,-1,-1,1,-1,1,-1,-1,-1,-1,1,-1,1,-1,-1,-1,1,-1,1,1,-1,-1,-1,-1,1,-1,1,-1,1,-1,1,-1,-1,1,1,-1,1,-1,1,-1,1,1,-1,1,-1,1,-1,1,1,-1,1,1,-1,-1,-1,1,-1,1,-1,1,-1,-1,1,1,1,-1,1,1,-1,1,-1,-1,1,-1,-1,-1,1,-1,1,1,-1,1,-1,1,1,1,-1,1,-1,1,1,1,1,-1,1,-1,-1,1,1,1,-1,1,-1,1,1,-1,1,1,1,-1,-1,1,1,1,-1,-1,1,1,1,1,-1,-1,1,-1,1,1,1,1,-1,1,-1,1,1,1,1,-1,1,1,1,1,1,1,-1,1,-1,1,1,1,1,-1,1,-1,1,1,1,1,-1,1,1,1,1,1,1,1,-1,1,1,1,-1,1,-1,1,-1,1,-2644.0,1,2000,445,500,True
2833,-1,-1,-1,-1,1,-1,1,1,-1,1,1,-1,1,1,-1,-1,-1,1,-1,-1,1,1,-1,1,1,-1,1,1,-1,-1,1,1,-1,-1,1,1,1,-1,1,1,-1,1,1,-1,1,1,1,-1,1,-1,-1,1,-1,1,-1,-1,-1,1,1,1,1,-1,-1,1,-1,-1,1,1,-1,1,1,-1,1,1,1,-1,1,1,-1,1,1,-1,-1,1,-1,1,1,1,-1,-1,1,-1,1,1,1,-1,1,-1,-1,1,1,1,-1,1,-1,-1,1,1,1,1,1,1,-1,1,1,1,1,1,-1,-1,-1,1,1,1,-1,1,-1,-1,1,1,1,1,-1,-1,1,1,1,1,1,-1,-1,-1,1,1,1,1,-1,-1,-1,1,1,1,1,-1,1,-1,1,1,1,1,-1,1,-1,1,-1,1,1,-1,-1,1,1,1,1,1,-1,-1,1,1,1,1,-1,1,1,-1,-1,1,1,1,-1,-1,1,1,1,1,1,-1,1,-1,-1,1,-1,1,-1,1,-1,-1,1,1,1,-1,1,1,-1,1,-1,1,-1,1,-1,-1,1,1,1,1,1,1,-1,1,-1,1,-1,1,-1,-1,-1,1,1,1,1,-1,-1,1,-1,-1,1,1,1,-1,1,-1,-1,1,1,-1,1,1,-1,-1,1,1,-1,-1,1,-1,1,1,1,1,1,1,-1,1,1,1,1,1,1,-1,1,1,1,1,1,1,-1,-1,1,1,1,-1,1,-1,-1,1,1,-1,1,1,1,1,1,1,1,1,1,-1,1,1,1,1,-1,1,-1,1,1,1,1,1,1,-1,-1,1,1,-1,1,1,1,-1,1,1,1,1,1,1,1,1,1,1,1,1,-1,1,1,1,1,1,1,-1,-1,1,1,1,-1,1,1,1,1,1,1,1,1,1,-1,-1,1,-1,1,1,1,-1,-1,1,1,1,1,1,-1,-1,1,1,-1,1,1,-1,-1,1,1,1,-1,1,-1,-1,-1,1,-1,1,1,1,-1,-1,1,1,-1,1,-1,1,1,1,-1,-1,-1,-1,-1,1,1,-1,1,1,-1,-1,1,-1,-1,1,1,-1,-1,1,-1,1,1,1,-1,-1,1,1,-1,-1,1,1,1,-1,1,-1,1,1,1,-1,1,1,-1,-1,-1,1,1,1,1,-1,1,-1,1,-1,1,1,1,1,-1,1,1,-1,1,-1,1,-1,1,-1,1,1,1,1,-1,-1,1,-1,1,1,-1,-1,1,1,1,-1,1,1,-1,-1,1,-1,1,1,-1,-1,1,1,1,1,-1,1,-1,1,1,-1,1,-1,-1,1,1,1,1,1,-1,-1,-1,1,-1,1,1,1,-1,-1,1,1,-1,1,-1,-1,-1,1,-1,1,1,-1,1,-1,1,-1,-1,1,-1,-1,-1,1,-1,-1,1,-1,-1,-1,1,1,-1,1,-1,-1,-1,-1,1,-1,1,-1,-1,-1,1,1,-1,-1,1,1,1,-1,1,-1,1,-1,1,1,1,-1,1,1,-1,-1,1,-1,1,1,-1,-1,1,-1,1,1,1,-1,-1,-1,-1,-1,1,1,1,-1,-1,-1,1,1,-1,1,-1,-1,-1,1,1,1,1,-1,-1,-1,1,1,1,1,-1,-1,-1,-1,1,-1,1,-1,1,-1,-1,1,1,1,-1,-1,1,-1,1,-1,1,1,-1,-1,-1,-1,1,1,1,-1,1,-1,-1,1,1,-1,-1,-1,-1,1,1,1,-1,-1,-1,-1,1,1,1,-1,1,-1,1,-1,-1,1,1,-1,-1,-1,-1,1,1,-1,1,-1,-1,1,1,1,1,-1,1,-1,-1,-1,1,1,-1,1,-1,-1,1,-1,1,-1,-1,-1,-1,1,-1,1,-1,1,-1,-1,1,-1,-1,1,-1,1,-1,1,-1,-1,-1,-1,-1,-1,1,-1,1,1,-1,1,1,1,-1,1,-1,-1,1,1,1,-1,1,-1,1,1,-1,-1,1,1,-1,1,-1,1,-1,-1,1,-1,1,-1,1,-1,-1,1,-1,1,1,1,-1,-1,1,-1,1,-1,1,1,-1,1,-1,1,1,1,1,-1,1,-1,1,1,1,-1,-1,1,1,-1,1,1,-1,-1,1,-1,1,-1,1,-1,-1,-1,-1,-1,1,1,-1,-1,1,-1,-1,1,1,-1,-1,-1,-1,1,-1,1,-1,-1,-1,-1,1,-1,-1,-1,1,-1,-1,1,-1,1,-1,-1,-1,-1,-1,-1,1,1,-1,-1,-1,1,1,1,-1,-1,1,1,-1,-1,1,-1,1,-1,-1,1,1,1,-1,-1,-1,-1,1,-1,1,1,-1,1,-1,-1,1,1,-1,-1,-1,-1,-1,-1,1,1,-1,-1,1,-1,1,1,-1,-1,-1,1,-1,1,1,-1,-1,1,1,-1,1,1,1,-1,1,-1,1,1,1,-1,-1,1,-1,-1,1,1,1,-1,1,-1,-1,1,1,-1,1,1,1,-1,1,1,-1,-1,1,1,-1,1,1,-1,-1,1,1,-1,1,1,1,-1,-1,1,-1,-1,1,1,-1,1,1,-1,1,-1,1,1,-1,1,-1,-1,1,-1,1,-1,1,-1,1,-1,1,1,-1,1,1,1,1,1,-1,-1,1,1,-1,-1,1,-1,1,-1,1,-1,1,1,-1,1,1,-1,1,-1,1,-1,1,1,1,-1,1,1,-1,-1,1,-1,-1,1,1,-1,1,1,1,-1,-1,1,-1,-1,-1,1,-1,1,1,-1,-1,1,1,-1,-1,-1,-1,1,-1,1,-1,-1,1,-1,1,-1,1,1,-1,1,-1,-1,1,-1,1,-1,1,1,-1,-1,-1,1,-1,-1,-1,1,-1,1,-1,1,-1,1,-1,-1,1,1,-1,1,1,-1,-1,1,-1,1,-1,1,-1,-1,1,-1,-1,1,1,-1,-1,1,1,1,-1,1,-1,-1,1,-1,1,1,1,1,-1,1,-1,1,-1,1,1,-1,1,1,1,-1,1,1,-1,1,-1,1,1,1,1,-1,1,-1,-1,-1,1,1,-1,1,1,-1,-1,1,1,-1,1,-1,1,1,-1,1,-1,-1,1,1,-2644.0,1,2000,445,1000,True
2834,1,1,-1,-1,1,1,-1,1,1,1,1,-1,-1,1,1,1,-1,1,1,-1,-1,1,1,1,1,1,-1,-1,1,1,1,1,-1,-1,-1,1,-1,1,1,1,-1,-1,1,1,1,1,1,-1,1,-1,1,1,1,1,-1,-1,1,-1,1,1,1,-1,-1,-1,1,1,1,1,-1,-1,1,-1,1,1,1,-1,-1,1,1,1,1,-1,-1,-1,-1,1,1,1,-1,-1,1,1,-1,1,1,-1,-1,-1,-1,1,1,1,-1,-1,1,-1,-1,1,1,-1,-1,-1,-1,-1,1,1,-1,-1,1,-1,-1,1,1,1,-1,-1,-1,-1,1,1,1,-1,1,-1,-1,1,1,1,-1,1,-1,-1,-1,1,1,-1,1,-1,-1,-1,1,1,-1,-1,1,-1,-1,1,1,-1,1,-1,-1,-1,1,1,-1,1,1,-1,1,1,-1,-1,1,-1,-1,1,1,-1,1,-1,1,-1,1,1,-1,1,1,-1,-1,-1,1,1,1,1,1,-1,-1,1,-1,1,1,1,-1,-1,1,1,-1,1,1,-1,1,1,-1,1,1,1,-1,1,1,1,1,1,1,1,-1,1,-1,-1,1,1,-1,-1,1,1,-1,1,1,-1,-1,1,-1,1,1,1,1,-1,1,-1,-1,1,1,-1,1,1,-1,1,1,1,-1,-1,1,-1,1,-1,1,1,-1,-1,-1,1,-1,1,1,1,1,-1,1,-1,1,1,1,1,1,-1,1,1,1,1,1,-1,-1,1,1,-1,-1,1,-1,1,-1,1,1,-1,-1,1,-1,-1,1,1,1,-1,-1,-1,1,1,1,1,-1,1,-1,-1,1,-1,1,-1,-1,-1,-1,1,1,1,-1,-1,1,1,1,1,1,-1,-1,1,-1,1,1,1,-1,-1,-1,1,1,1,-1,-1,-1,1,-1,1,1,-1,-1,-1,-1,1,1,-1,1,-1,-1,-1,1,1,1,-1,-1,-1,-1,1,1,1,1,1,-1,1,1,1,1,1,1,-1,-1,1,-1,1,-1,1,-1,-1,-1,-1,1,1,-1,1,-1,1,1,1,-1,-1,-1,-1,1,1,1,-1,1,1,-1,1,1,-1,1,1,-1,-1,1,1,-1,1,1,-1,1,1,1,1,1,-1,1,1,1,-1,1,-1,1,-1,-1,1,1,1,-1,1,-1,1,-1,1,1,-1,1,-1,-1,1,1,1,1,1,-1,-1,-1,-1,1,-1,1,-1,-1,-1,-1,-1,1,1,-1,-1,1,-1,1,1,-1,-1,1,-1,-1,1,-1,1,-1,-1,1,-1,1,-1,-1,-1,-1,-1,1,1,-1,1,-1,-1,1,1,1,-1,-1,1,-1,1,1,-1,1,-1,1,-1,-1,1,-1,1,-1,1,-1,1,1,1,1,-1,-1,1,-1,1,1,-1,1,-1,1,-1,1,-1,1,-1,-1,1,-1,1,-1,1,-1,-1,1,-1,1,-1,1,-1,-1,-1,1,1,-1,1,-1,1,-1,1,1,1,-1,1,1,-1,1,1,-1,1,1,-1,1,-1,1,1,-1,-1,1,1,-1,-1,1,-1,1,-1,1,-1,1,-1,-1,-1,-1,-1,-1,-1,1,-1,-1,-1,1,-1,-1,1,-1,-1,-1,1,-1,-1,1,-1,-1,1,1,-1,-1,1,-1,-1,-1,-1,-1,1,1,-1,1,-1,-1,-1,-1,1,-1,-1,1,1,-1,-1,1,1,-1,-1,-1,1,-1,1,1,-1,-1,-1,1,-1,-1,1,-1,-1,1,-1,1,1,-1,-1,-1,-1,1,1,1,-1,1,-1,-1,1,1,1,1,-1,-1,-1,1,-1,1,-1,1,-1,-1,1,-1,1,1,-1,1,-1,1,1,1,1,-1,1,-1,1,-1,1,1,-1,-1,-1,1,-1,1,1,-1,1,-1,1,-1,1,1,-1,-1,1,1,-1,1,1,-1,-1,-1,1,-1,1,1,1,-1,1,-1,-1,-1,-1,1,-1,1,-1,-1,1,-1,-1,1,1,1,-1,1,1,-1,1,1,-1,-1,1,-1,1,-1,1,-1,-1,1,1,-1,1,1,-1,-1,-1,1,-1,1,-1,-1,-1,-1,1,-1,1,1,-1,-1,-1,-1,1,1,1,-1,-1,-1,1,1,-1,1,1,-1,-1,-1,1,-1,-1,1,-1,-1,1,1,1,1,1,-1,-1,1,1,-1,1,-1,-1,-1,-1,-1,1,-1,1,-1,-1,-1,1,1,-1,-1,-1,1,-1,1,-1,-1,1,-1,-1,-1,1,-1,-1,1,1,-1,-1,1,-1,1,1,-1,-1,-1,1,-1,-1,1,1,-1,-1,1,1,1,1,-1,-1,-1,1,1,-1,1,-1,-1,1,-1,-1,1,1,-1,-1,-1,-1,1,-1,1,1,-1,-1,1,1,-1,1,-1,-1,-1,-1,1,-1,1,-1,-1,1,1,1,1,1,1,-1,1,1,1,1,1,-1,-1,1,1,1,1,1,1,-1,-1,1,1,1,1,-1,1,1,1,-1,1,1,-1,1,1,1,1,1,-1,-1,1,1,1,1,1,1,1,1,1,1,1,1,1,-1,1,1,1,1,1,-1,1,1,1,1,1,1,1,-1,1,1,1,1,1,1,1,1,-1,1,1,1,1,1,1,1,1,1,1,-1,1,1,1,1,1,1,1,1,1,1,1,1,-1,1,1,1,-1,1,-1,1,1,1,-1,1,1,1,1,-1,1,1,-1,1,1,1,1,1,1,-1,-1,1,-1,1,1,1,-1,1,-1,1,-1,1,1,-1,-1,1,1,-1,1,1,1,-1,1,-1,-1,1,1,1,-1,-1,-1,1,1,1,-1,-1,-1,-1,1,1,1,-1,1,1,1,1,1,-1,-1,1,1,1,-1,1,1,-1,1,-1,1,1,1,-1,-1,-1,-1,-1,-1,-1,-1,-1,1,-1,1,1,1,-1,1,1,-1,-1,1,1,1,-1,1,-1,1,1,1,-1,-1,1,-1,1,1,1,-1,-1,1,-1,1,1,1,-1,-1,1,-1,1,-1,1,1,-1,1,-1,-1,1,1,1,-1,-1,1,-1,1,-1,1,-1,1,-1,-1,1,-2644.0,1,2000,445,1000,True
2835,1,1,-1,-1,1,-1,1,1,1,1,1,-1,1,1,1,1,-1,1,-1,-1,1,1,1,1,1,-1,1,1,1,1,1,1,1,-1,1,1,-1,1,1,1,-1,1,1,1,1,1,1,-1,1,-1,1,1,-1,1,-1,-1,1,-1,1,1,1,-1,-1,-1,1,1,1,1,-1,1,1,-1,1,1,1,-1,1,1,-1,1,1,-1,-1,1,-1,1,1,1,-1,-1,1,1,1,1,1,-1,1,-1,-1,-1,1,1,-1,1,-1,-1,1,1,1,1,1,1,-1,1,1,1,1,1,-1,-1,1,1,1,1,-1,1,-1,1,-1,1,1,1,-1,-1,1,1,1,1,1,-1,-1,-1,1,1,1,1,-1,-1,-1,1,1,1,1,-1,1,-1,1,1,1,1,-1,-1,-1,1,-1,1,1,-1,-1,1,1,1,1,1,-1,-1,1,1,1,1,-1,1,1,-1,-1,1,1,-1,-1,-1,1,1,1,1,1,-1,1,-1,-1,1,-1,1,-1,1,-1,-1,1,1,1,-1,1,1,-1,1,-1,1,-1,1,-1,-1,1,1,1,1,1,1,-1,1,-1,1,-1,1,-1,-1,-1,1,1,1,1,-1,-1,1,-1,-1,1,1,1,-1,1,-1,-1,1,1,-1,1,1,-1,-1,1,1,-1,-1,1,-1,1,1,1,1,1,1,-1,1,1,1,1,1,1,-1,1,1,1,1,1,1,-1,1,1,1,1,-1,1,-1,-1,1,1,-1,1,1,1,-1,1,1,1,1,1,-1,-1,1,1,1,-1,1,-1,-1,1,-1,1,1,1,-1,-1,1,1,-1,1,1,1,-1,1,1,1,1,1,1,1,1,1,1,1,1,-1,-1,1,1,1,1,1,-1,1,-1,1,1,-1,1,1,1,1,1,1,1,1,1,-1,-1,1,-1,1,1,1,-1,-1,1,1,1,1,1,-1,-1,1,1,-1,1,1,-1,-1,1,1,1,-1,1,-1,-1,1,1,-1,1,1,1,-1,1,1,1,-1,1,-1,1,1,1,-1,-1,-1,-1,-1,1,1,-1,1,1,-1,-1,1,-1,-1,1,1,-1,-1,1,-1,1,1,1,-1,-1,1,1,-1,-1,1,1,-1,-1,1,-1,1,1,1,-1,1,1,-1,-1,-1,1,1,-1,1,-1,1,-1,1,-1,1,1,1,1,-1,1,1,-1,1,-1,1,-1,1,-1,1,1,1,1,-1,-1,1,-1,1,1,-1,-1,1,-1,1,-1,1,1,-1,-1,1,-1,1,1,-1,-1,1,1,1,1,-1,1,-1,1,-1,1,1,-1,-1,-1,1,1,1,1,-1,-1,-1,1,-1,1,1,1,-1,-1,1,-1,-1,1,-1,-1,-1,1,-1,1,1,-1,1,-1,1,-1,-1,1,-1,-1,-1,-1,1,1,1,-1,-1,-1,1,-1,-1,1,-1,-1,-1,-1,1,-1,1,-1,-1,-1,-1,1,-1,-1,1,1,1,-1,1,-1,1,-1,1,-1,1,-1,1,1,-1,1,-1,-1,1,-1,1,-1,1,-1,1,1,1,-1,-1,-1,-1,-1,1,-1,1,-1,-1,-1,1,1,-1,1,-1,-1,-1,1,1,-1,1,-1,-1,-1,1,1,-1,1,-1,-1,-1,-1,1,1,1,-1,1,-1,-1,1,-1,1,-1,-1,1,-1,1,-1,1,1,-1,-1,-1,-1,-1,1,1,-1,1,-1,-1,-1,1,-1,-1,-1,-1,1,1,1,-1,-1,-1,-1,1,1,1,-1,1,-1,1,-1,-1,1,1,-1,-1,-1,-1,-1,1,-1,1,-1,-1,1,-1,-1,1,-1,1,-1,-1,1,-1,1,-1,1,-1,-1,-1,-1,1,-1,1,-1,-1,-1,-1,1,-1,1,-1,-1,-1,-1,-1,1,-1,1,-1,-1,-1,-1,-1,-1,-1,-1,-1,-1,1,1,-1,1,1,-1,1,1,-1,-1,1,1,-1,-1,1,-1,1,1,-1,-1,1,1,-1,1,-1,1,-1,-1,1,-1,1,-1,1,-1,-1,1,-1,1,1,1,-1,-1,1,-1,1,-1,1,-1,-1,1,-1,1,1,1,-1,-1,1,-1,1,1,1,-1,-1,1,1,-1,1,1,-1,-1,1,-1,1,-1,1,-1,-1,-1,-1,-1,1,1,-1,-1,1,-1,-1,1,1,-1,-1,-1,-1,1,-1,1,-1,-1,-1,-1,1,-1,-1,-1,1,-1,-1,1,-1,1,-1,-1,-1,-1,-1,-1,1,1,-1,-1,-1,1,1,1,-1,-1,1,1,-1,-1,1,-1,1,-1,-1,1,1,1,-1,-1,-1,-1,1,-1,1,1,-1,1,-1,-1,1,1,-1,-1,-1,-1,-1,-1,1,1,-1,-1,1,-1,1,1,-1,-1,-1,1,-1,1,1,-1,-1,1,1,-1,1,1,1,-1,1,-1,1,1,1,-1,-1,1,-1,-1,1,1,1,-1,1,-1,-1,1,1,-1,1,1,1,-1,1,1,-1,-1,1,1,-1,1,1,1,-1,1,1,-1,1,1,1,-1,-1,1,-1,-1,1,1,-1,1,1,-1,1,-1,1,1,-1,1,-1,-1,1,-1,1,-1,1,-1,1,1,1,1,-1,1,1,1,1,1,-1,-1,1,1,-1,1,1,-1,-1,1,1,-1,1,1,-1,1,1,-1,1,1,1,-1,1,1,1,-1,1,1,-1,-1,1,-1,-1,1,1,-1,1,-1,1,-1,1,1,-1,-1,1,1,-1,1,1,-1,-1,-1,1,-1,-1,-1,-1,1,-1,1,-1,-1,1,-1,1,-1,1,1,-1,1,-1,-1,1,-1,1,-1,-1,1,-1,-1,-1,1,-1,-1,-1,1,-1,1,-1,1,-1,1,-1,-1,1,1,-1,1,1,-1,-1,1,-1,1,-1,1,-1,-1,1,-1,-1,1,1,-1,-1,1,1,-1,-1,1,-1,-1,1,-1,1,1,1,1,-1,1,-1,1,-1,1,-1,-1,1,1,1,-1,1,1,-1,1,1,1,1,1,1,-1,1,-1,1,-1,-1,1,-1,1,1,1,-1,1,1,-1,-1,1,1,1,-1,1,-1,1,1,1,-2644.0,1,2000,445,1000,True
2836,1,1,-1,-1,1,-1,1,1,1,1,1,-1,1,1,1,1,-1,1,-1,-1,1,1,1,1,1,-1,1,1,1,1,1,1,-1,-1,1,1,-1,1,1,1,-1,1,1,1,1,1,1,1,1,-1,1,1,-1,1,-1,1,1,-1,1,1,1,-1,-1,-1,1,1,1,1,1,1,1,-1,1,1,1,1,-1,1,1,1,1,-1,-1,1,-1,1,1,1,1,-1,1,1,-1,1,1,1,1,-1,-1,1,1,1,1,1,-1,-1,-1,1,1,1,1,1,-1,-1,1,1,1,1,-1,-1,-1,1,1,1,1,1,-1,-1,-1,1,1,1,-1,-1,-1,1,1,1,1,-1,-1,-1,-1,1,1,1,-1,-1,-1,1,1,1,1,-1,1,-1,-1,1,1,1,-1,1,-1,1,1,1,1,-1,1,-1,1,1,1,1,-1,-1,-1,1,1,1,1,1,1,-1,1,1,1,-1,-1,-1,-1,-1,1,1,-1,-1,1,-1,1,1,-1,1,-1,1,-1,-1,1,1,1,-1,1,-1,1,1,-1,1,-1,1,-1,1,1,1,1,1,1,1,-1,1,-1,1,-1,1,-1,-1,1,1,1,1,1,-1,-1,1,-1,-1,1,1,1,-1,1,1,-1,1,1,-1,1,1,-1,-1,1,1,-1,-1,1,-1,1,1,1,1,1,1,-1,1,1,1,1,1,1,-1,1,1,1,1,1,1,-1,1,1,1,1,1,1,1,-1,1,1,-1,-1,1,1,1,1,1,1,1,1,-1,-1,1,1,1,1,-1,1,1,1,1,1,1,1,-1,-1,1,1,-1,1,1,1,-1,1,1,1,1,1,1,-1,1,1,1,1,1,1,-1,1,1,1,1,1,-1,1,-1,1,1,-1,1,1,1,1,1,1,1,1,1,-1,-1,1,-1,1,1,1,-1,-1,1,1,1,1,1,-1,-1,1,1,-1,1,1,-1,-1,1,1,1,-1,1,-1,1,-1,1,-1,1,1,-1,-1,-1,1,1,-1,1,-1,1,1,1,-1,-1,-1,-1,1,1,1,-1,1,1,-1,1,1,-1,-1,1,1,-1,1,1,-1,1,1,-1,1,-1,1,1,1,-1,1,1,1,-1,1,-1,1,-1,-1,1,1,1,-1,-1,-1,1,1,1,1,-1,1,-1,-1,1,1,1,1,-1,-1,-1,1,-1,1,-1,1,-1,-1,-1,1,1,1,1,-1,-1,1,-1,1,1,-1,-1,1,-1,1,-1,1,-1,-1,-1,1,-1,1,1,-1,-1,-1,-1,1,1,-1,1,-1,-1,1,-1,1,-1,-1,1,-1,1,1,1,-1,-1,-1,-1,-1,1,1,1,-1,1,-1,1,-1,1,-1,-1,-1,1,-1,1,1,1,-1,-1,-1,-1,-1,1,-1,-1,-1,-1,1,1,1,-1,-1,-1,-1,-1,-1,1,-1,-1,-1,-1,-1,-1,1,-1,-1,1,-1,-1,-1,-1,1,1,1,-1,-1,-1,1,-1,1,-1,1,1,1,1,-1,-1,1,1,1,-1,1,-1,1,-1,1,1,1,-1,-1,-1,-1,-1,1,-1,1,-1,-1,-1,1,1,-1,1,-1,-1,-1,1,1,-1,1,-1,-1,-1,1,1,-1,1,-1,-1,-1,-1,1,1,1,-1,1,-1,-1,1,-1,1,-1,-1,1,1,1,-1,1,1,-1,-1,-1,-1,-1,1,1,-1,-1,-1,-1,-1,-1,1,-1,-1,-1,1,1,1,-1,-1,-1,-1,1,1,1,-1,1,-1,1,-1,1,1,1,-1,-1,-1,-1,-1,1,-1,1,-1,-1,1,-1,1,1,-1,1,-1,-1,1,1,1,-1,1,-1,-1,-1,1,1,-1,1,-1,-1,-1,1,1,-1,1,-1,-1,-1,1,1,1,-1,1,-1,-1,1,1,-1,-1,-1,-1,-1,-1,1,1,-1,1,1,-1,1,-1,1,-1,1,1,-1,1,-1,-1,1,-1,-1,-1,1,1,-1,1,-1,1,-1,-1,-1,-1,1,-1,1,-1,-1,1,-1,1,-1,1,-1,-1,1,-1,1,-1,1,-1,-1,1,-1,1,1,1,-1,-1,-1,1,1,1,1,-1,-1,1,-1,-1,1,1,-1,-1,-1,-1,1,-1,1,-1,-1,1,1,-1,1,1,-1,-1,1,-1,-1,1,1,-1,-1,-1,-1,1,-1,1,-1,-1,-1,-1,1,1,-1,-1,1,-1,-1,1,-1,1,-1,-1,-1,-1,-1,1,1,1,-1,-1,-1,1,1,1,-1,-1,-1,1,-1,-1,1,-1,1,-1,-1,1,1,1,-1,-1,-1,-1,1,-1,1,1,-1,1,-1,-1,1,1,-1,-1,-1,-1,-1,-1,1,1,-1,-1,1,-1,1,1,-1,-1,-1,1,-1,1,1,-1,-1,1,-1,-1,1,1,1,-1,1,-1,1,1,1,-1,-1,1,-1,-1,1,1,-1,-1,1,-1,-1,1,1,-1,1,1,-1,-1,1,1,-1,-1,1,1,-1,1,1,-1,-1,1,-1,-1,1,1,1,-1,-1,1,-1,1,1,1,-1,1,1,-1,1,-1,1,-1,-1,1,1,1,1,1,-1,-1,1,-1,1,1,1,-1,-1,1,1,1,1,1,-1,-1,1,1,-1,1,-1,-1,-1,-1,1,-1,1,-1,-1,1,1,1,-1,1,1,-1,1,1,-1,1,1,-1,1,-1,1,1,1,1,1,-1,1,-1,1,1,1,1,-1,-1,1,1,-1,1,1,-1,-1,1,-1,1,1,-1,-1,1,-1,1,1,1,1,-1,1,-1,1,-1,1,1,-1,-1,1,-1,-1,1,1,1,-1,-1,-1,-1,1,-1,1,1,-1,1,1,1,-1,1,-1,-1,1,1,1,1,1,-1,-1,-1,1,-1,-1,1,-1,1,1,-1,1,1,1,-1,1,-1,1,-1,-1,1,-1,-1,1,-1,1,1,1,1,-1,1,-1,-1,-1,1,1,-1,1,1,1,-1,1,1,-1,1,-1,1,1,1,1,-1,1,-1,1,-1,1,1,-1,1,1,1,-1,1,1,-1,-1,1,1,1,-1,1,-1,1,-1,1,-2644.0,1,2000,445,1000,True
2837,1,1,-1,-1,1,1,-1,1,1,1,1,-1,-1,1,1,1,-1,1,-1,-1,-1,1,1,1,1,1,-1,-1,1,1,1,1,-1,-1,-1,1,-1,1,1,1,-1,-1,1,1,1,1,1,1,-1,-1,1,1,1,1,-1,-1,1,-1,1,1,1,-1,-1,-1,1,1,1,1,1,-1,1,-1,1,1,1,1,-1,-1,1,1,1,1,1,-1,-1,1,1,1,1,1,1,1,-1,1,1,1,-1,-1,-1,-1,1,1,1,1,1,1,-1,1,1,1,1,-1,-1,-1,1,1,1,1,1,-1,-1,1,1,1,1,-1,-1,-1,1,1,1,1,1,-1,-1,1,1,1,1,1,-1,-1,-1,1,1,1,1,-1,-1,-1,1,1,1,1,1,-1,1,1,1,1,1,1,-1,-1,1,1,1,1,1,-1,1,1,1,1,1,-1,-1,1,1,1,1,-1,1,-1,1,1,1,1,1,-1,-1,-1,1,1,1,1,1,-1,-1,1,-1,1,1,1,-1,-1,1,1,1,1,1,-1,1,1,-1,1,1,1,-1,1,1,1,1,1,1,1,-1,1,-1,1,1,1,-1,-1,1,1,1,1,1,-1,-1,1,-1,1,1,1,1,-1,1,1,-1,1,1,-1,1,1,-1,1,1,1,-1,-1,1,-1,1,-1,1,1,1,1,-1,1,-1,1,1,1,1,-1,1,-1,1,1,1,1,-1,-1,1,1,1,1,1,1,-1,1,1,-1,-1,1,1,-1,-1,1,1,1,1,-1,1,-1,1,1,1,-1,1,-1,-1,1,1,1,1,-1,1,-1,1,-1,1,1,1,1,-1,1,1,1,1,1,-1,-1,1,1,1,1,1,1,1,1,1,1,1,1,-1,1,1,1,-1,1,1,-1,1,1,1,-1,1,1,1,-1,1,-1,1,1,1,1,-1,1,1,-1,1,1,1,1,1,1,-1,1,1,-1,-1,1,1,1,-1,1,1,-1,-1,1,-1,1,1,1,1,-1,1,1,-1,1,1,-1,1,1,-1,-1,-1,-1,-1,1,1,-1,1,1,-1,-1,1,-1,1,1,1,1,-1,1,-1,-1,1,1,-1,-1,1,1,1,-1,1,-1,-1,-1,1,-1,1,-1,-1,1,1,1,-1,-1,-1,-1,1,1,1,-1,1,-1,-1,1,1,1,1,-1,-1,-1,1,-1,1,-1,1,-1,-1,-1,1,1,1,1,-1,-1,1,-1,1,1,-1,-1,-1,-1,1,-1,1,-1,-1,-1,1,-1,1,-1,-1,-1,-1,-1,1,1,-1,1,-1,-1,1,-1,1,-1,-1,1,-1,1,1,1,-1,-1,1,-1,-1,1,1,-1,-1,1,-1,1,-1,1,1,-1,-1,1,-1,1,-1,1,-1,-1,1,-1,-1,-1,1,-1,-1,1,-1,1,-1,1,-1,-1,1,-1,-1,1,1,-1,-1,-1,1,-1,1,1,-1,1,-1,1,-1,-1,1,1,1,-1,1,-1,1,-1,1,-1,1,-1,1,1,-1,-1,1,-1,1,-1,1,-1,1,-1,1,1,1,-1,-1,-1,1,-1,1,-1,1,-1,-1,-1,1,1,-1,1,-1,-1,-1,1,1,-1,1,-1,-1,1,1,1,-1,1,-1,-1,-1,-1,1,1,1,-1,1,-1,-1,1,-1,1,-1,-1,1,-1,1,-1,1,1,-1,-1,-1,-1,-1,1,1,-1,-1,-1,1,-1,-1,1,-1,-1,-1,1,1,1,-1,-1,-1,-1,-1,1,1,-1,1,-1,-1,1,1,1,1,-1,-1,-1,-1,-1,1,-1,1,-1,-1,1,-1,1,1,-1,1,-1,-1,1,1,1,-1,1,-1,1,-1,1,1,-1,1,-1,-1,-1,1,1,-1,1,-1,1,-1,1,1,1,-1,1,-1,-1,1,1,-1,-1,-1,1,-1,1,1,1,-1,1,-1,-1,1,-1,1,-1,1,-1,-1,1,-1,-1,1,-1,1,-1,1,1,-1,1,-1,1,-1,1,-1,1,-1,1,-1,-1,1,1,-1,1,-1,-1,-1,-1,1,-1,1,-1,1,-1,-1,1,-1,1,1,-1,-1,-1,-1,1,1,1,1,-1,-1,1,-1,-1,1,1,-1,-1,-1,-1,1,-1,1,-1,-1,1,1,-1,1,1,-1,-1,1,-1,-1,1,1,-1,-1,-1,-1,1,-1,1,-1,-1,-1,-1,-1,1,-1,-1,1,-1,-1,1,-1,1,-1,-1,-1,-1,-1,1,1,1,-1,-1,-1,1,1,1,-1,-1,-1,1,-1,-1,1,1,-1,-1,-1,1,1,1,-1,-1,-1,-1,1,-1,1,-1,-1,1,-1,-1,1,1,-1,-1,-1,-1,-1,-1,1,1,-1,-1,1,-1,1,1,-1,-1,-1,1,-1,1,1,-1,-1,1,-1,-1,1,1,1,-1,1,-1,1,1,1,-1,-1,1,-1,-1,1,1,-1,-1,1,-1,-1,1,1,-1,1,1,-1,-1,1,1,-1,-1,1,-1,-1,1,-1,-1,-1,1,-1,-1,1,1,1,-1,-1,1,-1,1,1,-1,-1,1,-1,-1,1,-1,1,-1,-1,1,-1,-1,1,1,-1,-1,1,-1,1,1,1,-1,-1,1,-1,1,1,1,-1,-1,1,-1,1,-1,-1,-1,1,-1,1,1,1,-1,-1,1,-1,1,-1,1,-1,-1,-1,-1,1,1,1,-1,-1,1,-1,-1,1,-1,1,-1,-1,1,-1,1,1,1,-1,-1,-1,-1,1,1,1,-1,-1,-1,1,1,-1,1,-1,-1,1,-1,1,-1,1,1,-1,1,-1,1,-1,1,-1,-1,1,1,1,1,1,-1,-1,-1,1,-1,1,1,1,-1,1,-1,-1,1,1,-1,-1,1,-1,1,-1,1,-1,-1,1,1,1,1,1,-1,-1,-1,1,-1,-1,-1,-1,-1,1,-1,1,1,1,-1,1,1,1,-1,1,1,-1,-1,1,1,1,1,1,-1,-1,1,1,1,1,1,-1,-1,-1,1,-1,1,1,-1,-1,1,1,1,-1,1,1,-1,1,1,1,1,1,1,-1,-1,1,1,1,-1,1,-1,1,-1,1,1,-2644.0,1,2000,445,1000,True
2838,-1,-1,1,1,1,1,-1,1,-1,-1,-1,1,-1,1,-1,-1,1,-1,1,-1,-1,1,-1,-1,-1,1,-1,-1,1,-1,-1,-1,1,-1,-1,1,1,-1,-1,1,-1,-1,1,-1,-1,-1,1,1,-1,-1,-1,-1,1,1,-1,-1,-1,1,-1,-1,1,1,-1,1,-1,-1,-1,1,1,-1,1,-1,-1,-1,1,1,-1,1,-1,-1,-1,-1,1,-1,-1,-1,-1,1,1,1,1,-1,-1,-1,-1,1,-1,-1,-1,1,-1,-1,1,1,-1,-1,-1,-1,-1,1,1,-1,-1,-1,-1,-1,1,1,1,-1,-1,-1,-1,1,1,-1,-1,-1,1,-1,1,1,-1,-1,-1,1,-1,1,1,-1,-1,-1,1,-1,-1,1,1,-1,-1,-1,-1,1,1,-1,1,-1,1,1,-1,1,-1,1,-1,-1,-1,-1,1,-1,1,-1,-1,-1,1,1,-1,-1,-1,1,1,1,-1,1,1,-1,-1,-1,1,-1,-1,-1,-1,1,-1,1,-1,-1,1,-1,1,-1,1,-1,-1,1,-1,1,-1,1,1,-1,1,-1,1,-1,1,-1,-1,1,-1,1,-1,1,1,-1,1,1,-1,-1,-1,1,-1,1,1,-1,1,-1,1,-1,1,-1,1,-1,1,-1,-1,1,1,-1,1,-1,1,-1,1,-1,-1,-1,1,-1,-1,1,-1,1,-1,1,1,-1,1,1,1,-1,1,1,-1,1,1,-1,1,1,1,-1,1,1,1,1,-1,1,-1,1,1,1,-1,1,1,-1,1,1,1,1,-1,1,1,1,1,1,1,1,1,-1,1,1,1,-1,1,1,1,1,1,1,1,-1,1,1,1,-1,1,1,1,1,1,1,1,1,1,1,1,1,1,1,1,1,1,1,-1,1,1,1,1,-1,1,1,1,1,-1,1,1,1,-1,1,1,1,1,1,-1,1,1,1,1,1,1,-1,1,-1,1,1,1,1,-1,1,-1,1,1,1,1,-1,1,-1,1,-1,-1,1,-1,1,1,-1,1,1,1,1,-1,1,-1,1,-1,1,-1,1,-1,-1,1,-1,-1,-1,1,1,-1,1,-1,1,-1,1,-1,1,-1,1,1,1,1,-1,1,-1,1,1,-1,1,-1,-1,-1,-1,1,1,1,1,-1,-1,1,1,1,1,-1,-1,1,-1,-1,1,-1,1,-1,1,-1,1,1,-1,-1,-1,1,1,-1,1,-1,1,-1,-1,1,-1,1,1,-1,-1,-1,1,-1,-1,1,1,-1,-1,1,-1,1,1,-1,1,-1,1,-1,-1,1,1,-1,1,1,-1,1,1,-1,-1,1,1,-1,1,-1,1,-1,1,-1,1,1,-1,1,-1,1,-1,-1,1,-1,-1,-1,1,-1,-1,1,-1,1,-1,1,-1,-1,1,-1,-1,1,-1,1,-1,1,1,1,-1,1,1,-1,1,-1,1,-1,1,-1,-1,1,-1,1,1,1,1,-1,-1,1,1,-1,-1,1,-1,1,1,1,1,1,1,1,-1,1,1,1,-1,-1,-1,1,-1,1,1,-1,1,-1,1,-1,-1,1,-1,-1,1,-1,-1,1,-1,-1,-1,1,1,-1,1,1,-1,-1,1,1,-1,-1,1,-1,-1,-1,-1,-1,1,1,-1,-1,-1,-1,-1,1,1,-1,-1,1,1,1,-1,1,-1,1,1,1,-1,1,1,-1,-1,-1,1,-1,-1,1,1,-1,1,1,1,1,1,1,-1,-1,1,-1,1,1,1,-1,-1,1,-1,1,1,-1,-1,1,1,-1,1,1,-1,-1,1,-1,1,1,1,1,-1,1,1,-1,1,1,1,-1,1,1,1,1,1,1,-1,-1,1,1,1,1,1,-1,1,1,-1,1,1,1,-1,-1,1,1,1,-1,1,-1,-1,1,1,1,1,1,-1,-1,-1,1,1,1,1,-1,-1,1,1,1,1,-1,1,-1,-1,1,1,-1,-1,1,-1,1,-1,1,1,-1,-1,-1,1,1,1,-1,1,-1,-1,1,1,1,1,-1,-1,1,-1,1,1,-1,1,-1,-1,1,-1,1,1,1,-1,-1,1,-1,1,1,-1,-1,1,-1,1,1,1,1,-1,-1,-1,-1,1,-1,-1,-1,1,-1,-1,1,1,-1,-1,1,-1,-1,1,1,-1,-1,-1,1,-1,1,1,-1,1,-1,1,-1,1,1,1,1,1,1,-1,1,1,-1,-1,1,-1,-1,1,1,1,-1,1,-1,1,1,1,1,-1,-1,-1,-1,-1,1,1,-1,1,1,-1,1,1,-1,1,-1,-1,-1,1,-1,1,-1,1,-1,1,1,1,1,-1,1,-1,1,-1,1,1,-1,-1,1,1,1,1,1,1,-1,-1,1,-1,1,1,1,-1,1,1,-1,-1,-1,1,-1,1,1,1,-1,1,1,-1,1,1,1,-1,1,-1,1,1,1,-1,1,1,-1,-1,1,1,-1,-1,-1,1,-1,1,1,-1,1,-1,-1,-1,1,1,-1,-1,-1,1,-1,1,1,-1,1,-1,-1,-1,1,1,-1,-1,-1,-1,-1,-1,1,-1,-1,-1,-1,-1,1,-1,1,-1,-1,-1,-1,-1,1,-1,-1,-1,-1,-1,1,-1,-1,-1,1,-1,1,1,1,1,-1,-1,-1,1,-1,-1,-1,-1,-1,-1,1,-1,1,-1,-1,-1,1,-1,1,-1,-1,-1,-1,-1,1,-1,1,-1,1,-1,1,-1,-1,1,1,-1,1,-1,1,-1,-1,1,-1,1,-1,1,-1,1,1,-1,1,1,-1,-1,-1,1,-1,1,-1,1,-1,-1,1,1,1,-1,1,-1,-1,1,-1,-1,1,-1,-1,-1,1,-1,1,1,-1,1,-1,1,1,1,-1,1,-1,1,1,1,1,-1,1,-1,-1,1,1,1,-1,1,-1,1,1,-1,1,1,-1,1,-1,1,1,1,-1,1,-1,1,1,1,1,-1,-1,1,1,1,1,1,-1,-1,1,1,1,1,1,1,-1,-1,1,1,1,1,1,-1,1,1,1,1,1,1,-1,1,1,1,1,1,1,-1,-1,1,1,1,1,1,1,-1,1,1,-1,1,1,-1,-1,1,-2644.0,1,2000,445,500,True
2839,1,1,-1,-1,1,1,-1,1,1,1,1,-1,1,1,1,1,-1,1,-1,-1,-1,1,1,1,1,1,-1,-1,1,1,1,1,-1,-1,-1,1,-1,1,1,1,-1,-1,1,1,1,1,1,1,-1,-1,1,1,-1,1,-1,-1,-1,-1,1,1,1,-1,-1,1,1,1,1,1,1,-1,1,-1,1,1,1,1,-1,1,-1,1,1,1,1,-1,-1,1,1,1,1,1,-1,-1,-1,1,1,1,-1,1,-1,1,1,1,1,1,1,-1,-1,1,1,1,1,-1,-1,-1,1,1,1,1,1,-1,-1,1,1,1,1,-1,-1,-1,1,1,1,1,1,-1,-1,1,1,1,1,1,-1,-1,-1,1,1,1,1,-1,-1,-1,1,1,1,1,1,-1,-1,1,1,1,1,-1,-1,-1,1,1,1,1,1,-1,1,1,1,1,1,-1,-1,1,1,1,1,-1,1,-1,1,1,1,1,1,-1,-1,-1,1,1,1,1,1,-1,-1,1,-1,1,1,1,-1,-1,1,1,1,1,1,-1,1,1,1,1,1,1,-1,1,1,-1,1,1,1,1,-1,1,-1,1,1,1,-1,-1,1,-1,1,1,1,-1,-1,1,-1,-1,1,1,1,-1,1,1,-1,1,1,-1,1,1,-1,1,1,1,-1,-1,1,-1,1,-1,1,1,1,1,-1,1,-1,1,1,1,1,-1,1,-1,1,1,1,1,-1,-1,1,1,1,1,1,1,-1,1,1,-1,-1,1,1,-1,-1,1,1,1,1,-1,1,-1,1,1,1,-1,1,-1,-1,1,1,1,1,-1,1,-1,1,-1,1,1,1,1,-1,1,1,1,1,1,-1,-1,1,1,1,1,1,1,1,1,1,1,1,1,-1,1,1,1,-1,1,1,-1,1,1,1,-1,1,1,1,-1,1,-1,1,1,1,1,-1,1,1,-1,1,1,1,-1,1,1,-1,1,1,-1,-1,1,1,1,-1,1,1,-1,-1,1,-1,1,1,1,1,-1,1,1,-1,1,1,-1,1,1,-1,-1,-1,-1,-1,1,1,-1,1,1,-1,-1,1,-1,1,-1,1,1,-1,1,-1,1,1,1,-1,-1,1,1,1,-1,1,-1,-1,-1,1,-1,1,-1,-1,1,1,1,-1,-1,-1,-1,1,1,1,-1,1,-1,-1,1,1,1,1,-1,-1,-1,1,-1,1,-1,1,-1,-1,-1,-1,-1,1,1,-1,-1,1,-1,1,1,-1,-1,1,-1,-1,1,1,-1,-1,-1,1,-1,1,-1,-1,-1,-1,-1,1,1,-1,1,-1,-1,1,1,1,-1,-1,1,-1,1,1,1,-1,-1,1,-1,-1,1,1,-1,-1,1,-1,1,-1,1,1,-1,-1,1,-1,1,-1,1,-1,-1,1,-1,-1,-1,1,-1,-1,1,-1,1,-1,1,-1,-1,1,-1,-1,1,1,-1,-1,-1,1,-1,1,1,-1,1,-1,1,-1,-1,1,1,1,-1,1,-1,1,-1,1,-1,1,-1,1,1,-1,-1,1,1,1,-1,1,-1,1,-1,1,1,1,-1,-1,-1,1,-1,1,1,1,-1,-1,-1,1,1,-1,1,-1,-1,-1,1,1,1,1,-1,-1,1,1,1,-1,1,-1,-1,-1,-1,1,1,1,-1,1,-1,-1,1,-1,1,-1,-1,1,1,-1,-1,1,1,-1,-1,-1,-1,-1,1,1,-1,1,-1,1,-1,1,1,-1,-1,1,-1,1,1,-1,-1,-1,-1,-1,1,1,-1,1,-1,-1,1,1,1,1,-1,-1,-1,-1,-1,1,-1,1,-1,-1,1,-1,1,1,-1,1,-1,-1,1,1,1,-1,1,-1,1,-1,1,1,-1,-1,-1,-1,-1,1,1,-1,1,-1,1,-1,1,1,1,-1,1,-1,-1,1,1,-1,-1,-1,1,-1,1,1,1,-1,1,-1,-1,-1,-1,1,-1,1,-1,-1,1,-1,-1,1,-1,1,-1,1,1,-1,1,-1,1,-1,1,-1,1,-1,1,-1,-1,1,1,-1,1,-1,-1,-1,-1,1,-1,1,-1,1,-1,-1,1,-1,1,1,-1,-1,-1,-1,1,1,1,1,-1,-1,1,-1,-1,1,1,-1,-1,-1,-1,1,-1,1,-1,-1,1,1,1,1,1,-1,-1,1,-1,-1,1,1,-1,-1,-1,-1,1,-1,1,-1,-1,-1,-1,-1,1,-1,-1,1,-1,-1,1,-1,1,-1,-1,-1,-1,-1,1,1,1,-1,-1,-1,1,1,1,-1,-1,-1,1,-1,-1,1,-1,-1,-1,-1,1,1,1,-1,-1,-1,-1,1,-1,1,1,-1,1,-1,-1,1,1,-1,-1,-1,-1,-1,-1,1,1,-1,-1,1,-1,1,1,-1,-1,-1,1,-1,1,1,-1,-1,-1,-1,-1,1,1,1,-1,-1,-1,1,1,1,-1,-1,1,-1,-1,1,1,-1,-1,1,-1,-1,1,1,-1,1,-1,-1,-1,1,1,-1,-1,1,-1,-1,1,-1,-1,-1,1,-1,-1,1,1,1,-1,-1,1,-1,1,1,-1,-1,1,-1,-1,1,-1,1,-1,-1,1,-1,-1,1,1,-1,-1,1,-1,1,1,1,-1,-1,1,-1,1,1,1,-1,-1,1,-1,1,-1,-1,-1,1,-1,1,1,1,-1,-1,1,-1,1,-1,1,1,-1,-1,-1,1,1,1,-1,-1,1,-1,-1,1,-1,1,-1,1,1,-1,1,1,1,-1,-1,-1,-1,1,1,1,-1,-1,-1,1,1,-1,1,-1,-1,1,-1,1,-1,1,1,-1,1,-1,1,-1,1,-1,-1,1,1,1,1,1,-1,-1,-1,1,-1,1,1,1,-1,1,-1,-1,1,1,-1,-1,1,-1,1,-1,1,-1,-1,1,1,1,1,1,-1,-1,-1,1,-1,-1,-1,-1,-1,1,-1,1,1,1,-1,1,1,1,-1,1,1,-1,-1,1,1,1,1,1,-1,-1,1,1,1,1,1,-1,-1,-1,1,-1,1,1,-1,-1,1,1,1,-1,1,1,-1,1,1,1,1,1,-1,-1,-1,1,-1,1,1,1,-1,1,-1,1,1,-2644.0,1,2000,445,1000,True
2840,-1,-1,1,1,-1,1,-1,1,-1,-1,-1,1,-1,1,-1,-1,1,-1,1,-1,-1,1,-1,-1,-1,1,-1,-1,-1,-1,-1,-1,-1,-1,-1,1,1,-1,-1,1,-1,-1,1,-1,-1,-1,1,-1,1,-1,-1,-1,1,-1,1,-1,-1,1,-1,-1,1,1,-1,1,-1,-1,-1,1,1,-1,1,-1,-1,-1,-1,1,-1,1,-1,-1,-1,1,1,-1,-1,-1,-1,-1,1,-1,-1,-1,-1,-1,-1,1,-1,1,-1,1,-1,-1,1,1,-1,-1,-1,-1,-1,1,-1,1,-1,-1,-1,-1,1,-1,1,-1,-1,1,-1,-1,1,-1,-1,-1,1,-1,1,1,-1,-1,-1,1,-1,1,1,-1,-1,-1,1,-1,-1,1,1,-1,-1,-1,-1,-1,1,-1,1,-1,1,1,-1,1,-1,1,-1,-1,-1,-1,1,-1,1,-1,-1,-1,1,1,-1,-1,-1,1,-1,1,-1,1,1,-1,-1,-1,1,1,1,-1,-1,1,-1,1,1,-1,1,-1,1,-1,-1,1,-1,1,-1,1,-1,1,1,-1,1,-1,1,-1,1,1,-1,1,-1,1,-1,-1,1,1,1,1,-1,1,-1,1,-1,1,-1,-1,1,-1,1,1,1,-1,-1,1,-1,-1,1,1,1,-1,1,-1,-1,1,1,-1,1,1,-1,-1,1,1,-1,-1,1,-1,1,1,1,1,1,1,-1,1,1,1,1,-1,1,1,-1,1,1,1,1,1,1,-1,1,1,1,1,1,1,-1,1,1,-1,-1,1,1,1,1,1,1,1,1,1,-1,1,1,1,1,-1,1,-1,1,1,1,1,1,1,-1,1,1,-1,1,1,1,-1,1,1,1,1,1,1,1,1,1,1,1,1,1,-1,1,1,1,1,1,1,-1,1,1,1,-1,1,1,1,1,1,1,-1,1,1,-1,-1,1,-1,1,1,1,-1,-1,1,1,-1,1,1,-1,-1,1,1,-1,1,1,-1,-1,1,1,1,-1,1,-1,-1,-1,1,-1,1,1,1,-1,-1,1,1,-1,1,-1,1,1,1,-1,-1,-1,-1,-1,-1,1,-1,1,1,-1,-1,1,-1,1,1,1,-1,-1,1,-1,-1,1,1,-1,-1,1,1,1,-1,1,1,1,-1,1,-1,1,1,1,-1,1,1,-1,-1,-1,1,1,1,1,-1,1,-1,1,-1,1,1,1,-1,-1,1,1,-1,1,-1,1,-1,1,-1,-1,-1,1,1,-1,-1,1,-1,1,1,-1,-1,1,1,-1,1,1,-1,-1,-1,1,-1,1,-1,-1,-1,1,1,1,1,-1,1,-1,1,-1,1,1,-1,-1,-1,1,1,1,1,-1,-1,-1,1,-1,1,1,-1,-1,-1,1,1,-1,1,1,-1,-1,1,-1,1,-1,1,-1,-1,1,-1,-1,-1,1,-1,-1,-1,1,1,-1,1,-1,-1,1,-1,-1,1,1,-1,-1,-1,1,-1,1,1,-1,-1,-1,1,-1,-1,1,1,1,-1,1,-1,1,-1,1,-1,1,-1,1,1,-1,-1,1,1,1,-1,1,-1,1,-1,1,1,1,-1,-1,-1,1,-1,1,1,1,-1,-1,-1,1,1,-1,1,-1,-1,-1,1,1,1,1,-1,-1,1,1,1,1,1,-1,-1,-1,-1,1,-1,1,-1,1,-1,-1,1,1,1,-1,1,1,1,-1,-1,1,1,-1,-1,-1,-1,1,1,1,-1,-1,-1,1,1,1,1,-1,-1,1,-1,1,1,-1,-1,-1,-1,-1,1,1,-1,1,-1,-1,1,1,1,1,-1,-1,-1,-1,1,1,-1,1,-1,-1,1,1,1,1,-1,1,-1,-1,1,1,1,-1,1,-1,1,1,1,1,-1,1,-1,-1,1,-1,1,-1,1,-1,1,1,1,1,1,-1,1,-1,1,1,1,-1,-1,-1,1,1,1,-1,1,-1,1,-1,1,-1,-1,1,-1,1,-1,1,1,-1,-1,1,-1,1,1,-1,1,-1,1,-1,1,1,1,-1,1,-1,1,-1,1,-1,1,-1,1,-1,-1,1,1,1,-1,1,-1,1,1,-1,1,-1,1,1,-1,1,1,-1,1,1,1,1,1,-1,1,-1,-1,1,1,1,1,-1,-1,1,-1,1,1,1,-1,1,-1,1,1,1,1,-1,1,-1,1,1,1,1,1,-1,1,-1,1,1,1,-1,-1,-1,1,-1,1,1,-1,-1,1,-1,1,1,1,-1,-1,-1,1,1,-1,1,-1,-1,1,1,1,1,1,1,1,-1,-1,1,1,-1,1,-1,1,1,1,1,1,1,-1,1,-1,1,1,1,1,-1,-1,1,1,1,1,1,1,-1,-1,1,-1,1,1,-1,-1,1,1,1,1,1,-1,-1,1,1,-1,1,-1,-1,-1,1,1,-1,1,-1,-1,1,1,1,1,1,1,-1,-1,1,1,-1,-1,1,-1,-1,1,1,-1,1,-1,-1,-1,1,1,-1,-1,1,-1,-1,1,1,-1,1,1,-1,-1,1,1,-1,-1,-1,1,-1,-1,1,1,-1,1,-1,-1,1,-1,-1,-1,-1,1,-1,-1,1,1,-1,-1,1,-1,1,1,-1,-1,-1,1,-1,1,1,-1,-1,-1,1,1,-1,1,-1,-1,1,-1,1,-1,1,-1,-1,1,1,-1,1,1,1,-1,1,1,1,-1,1,1,-1,1,1,-1,-1,1,1,-1,1,1,1,-1,1,1,-1,-1,1,1,-1,1,1,-1,-1,1,1,-1,-1,1,-1,1,-1,1,-1,-1,-1,1,-1,-1,1,1,-1,1,1,-1,1,-1,1,-1,1,1,-1,-1,-1,1,-1,1,1,1,-1,1,-1,1,1,1,-1,1,1,-1,-1,1,1,-1,-1,1,-1,1,1,-1,-1,-1,1,-1,-1,-1,1,-1,-1,1,1,-1,1,1,-1,-1,1,1,1,1,1,-1,-1,1,-1,1,1,1,-1,-1,1,1,1,1,1,1,-1,1,-1,1,1,1,1,-1,1,-1,1,1,-1,1,-1,1,1,1,1,-1,1,-1,1,-1,1,1,-1,1,-1,-1,1,1,-2644.0,1,2000,445,1000,True
2841,-1,-1,1,1,1,1,-1,1,-1,-1,-1,1,-1,1,-1,-1,1,-1,1,1,1,1,-1,-1,-1,1,-1,-1,1,-1,-1,-1,1,1,-1,-1,1,-1,-1,-1,1,-1,-1,-1,-1,-1,-1,-1,1,1,-1,-1,1,-1,1,-1,1,-1,-1,-1,-1,1,1,1,-1,-1,-1,-1,-1,-1,1,-1,-1,-1,-1,-1,1,-1,1,-1,-1,1,1,-1,1,-1,-1,1,-1,1,-1,1,-1,-1,-1,-1,1,1,1,1,-1,-1,-1,-1,1,1,-1,-1,-1,-1,-1,1,1,-1,-1,-1,-1,-1,1,1,-1,-1,-1,-1,-1,1,1,-1,1,-1,-1,-1,1,1,-1,1,-1,-1,-1,1,1,-1,1,-1,-1,-1,-1,1,1,-1,-1,-1,-1,1,-1,1,-1,1,-1,-1,1,-1,1,1,-1,-1,1,1,1,-1,-1,-1,-1,-1,1,1,-1,1,-1,-1,1,-1,-1,1,-1,-1,-1,1,1,1,1,1,-1,-1,1,1,-1,1,1,-1,-1,1,1,-1,1,1,-1,-1,-1,1,1,-1,1,-1,1,1,1,-1,1,1,-1,1,1,1,-1,-1,1,1,-1,-1,1,-1,-1,1,-1,1,-1,1,-1,1,1,-1,1,1,1,-1,1,1,-1,-1,1,1,-1,1,-1,-1,1,1,-1,-1,1,1,-1,1,-1,1,-1,1,-1,-1,1,1,-1,-1,1,1,-1,1,1,-1,1,1,1,1,1,-1,1,1,1,1,-1,1,1,1,1,-1,-1,-1,-1,1,-1,1,1,-1,-1,1,1,-1,1,1,-1,1,-1,1,-1,1,1,1,-1,1,1,-1,1,-1,1,-1,-1,1,-1,1,1,1,-1,-1,-1,-1,1,1,-1,-1,1,1,-1,1,1,-1,-1,-1,1,-1,1,1,1,-1,-1,-1,-1,1,1,-1,-1,-1,1,1,1,1,-1,-1,-1,-1,1,-1,1,-1,-1,-1,1,1,-1,1,1,-1,-1,1,1,-1,1,1,1,-1,-1,1,1,-1,1,-1,-1,-1,1,1,-1,1,-1,-1,-1,1,-1,-1,1,-1,1,-1,1,1,-1,1,-1,-1,-1,1,-1,1,-1,1,-1,1,1,-1,1,1,-1,-1,1,1,-1,-1,-1,1,-1,-1,-1,1,-1,1,-1,-1,-1,1,-1,-1,1,-1,1,-1,-1,1,-1,1,-1,-1,-1,1,-1,-1,-1,1,-1,-1,-1,1,-1,1,1,-1,-1,-1,-1,-1,1,1,-1,-1,1,1,-1,-1,1,-1,-1,-1,-1,1,-1,1,-1,1,1,1,-1,1,1,1,-1,-1,-1,-1,1,1,1,-1,1,1,-1,1,-1,1,-1,1,1,-1,1,-1,1,-1,-1,-1,-1,1,-1,1,-1,1,1,-1,1,-1,-1,1,-1,-1,1,-1,1,1,1,-1,1,-1,1,1,1,1,-1,1,-1,1,-1,1,1,-1,1,1,1,-1,1,1,1,1,-1,1,1,-1,1,-1,1,1,1,-1,-1,1,-1,1,1,-1,-1,1,1,-1,-1,1,-1,1,-1,1,-1,-1,1,1,-1,1,-1,-1,-1,1,1,-1,1,1,-1,-1,-1,1,-1,1,1,-1,-1,-1,1,-1,-1,-1,-1,1,-1,1,-1,-1,-1,-1,-1,-1,1,-1,1,1,1,1,-1,1,-1,1,1,-1,1,-1,1,-1,-1,1,-1,1,-1,-1,1,1,1,1,1,1,-1,1,-1,1,-1,1,-1,1,-1,-1,1,-1,-1,-1,1,-1,1,1,-1,1,-1,1,1,1,-1,1,1,-1,-1,-1,1,1,-1,1,-1,-1,1,1,1,1,1,1,1,-1,-1,1,1,1,1,-1,-1,1,1,-1,1,1,-1,-1,-1,1,1,1,1,-1,-1,-1,1,1,1,1,-1,1,-1,-1,1,1,1,1,-1,-1,1,1,1,1,-1,1,-1,-1,1,1,-1,-1,1,-1,-1,-1,1,-1,-1,-1,-1,1,1,1,-1,-1,-1,-1,1,1,1,1,-1,1,-1,1,-1,1,-1,-1,1,-1,-1,-1,1,1,-1,1,-1,1,-1,1,1,-1,1,-1,-1,1,1,1,-1,1,1,-1,-1,1,-1,1,1,1,-1,-1,1,1,-1,1,-1,1,-1,1,1,-1,-1,1,-1,1,1,1,-1,1,1,-1,-1,1,1,1,1,1,1,-1,1,1,1,1,1,-1,1,1,1,1,1,1,-1,-1,1,1,1,1,1,-1,-1,-1,1,1,1,-1,1,1,1,1,1,-1,1,-1,-1,1,1,1,1,1,-1,1,1,1,1,1,-1,1,1,1,1,1,1,1,-1,1,1,1,1,1,1,1,-1,-1,1,1,1,1,-1,1,1,1,1,-1,1,1,-1,1,1,1,1,1,1,1,-1,1,1,1,-1,1,-1,1,1,1,1,1,1,-1,1,1,-1,1,1,1,-1,1,1,-1,1,1,1,-1,1,1,-1,1,1,-1,-1,1,1,1,-1,1,1,1,-1,1,1,-1,1,1,-1,-1,1,-1,-1,1,-1,1,1,1,1,-1,1,1,-1,-1,1,1,-1,1,1,1,-1,1,1,-1,1,1,-1,-1,1,1,-1,1,1,-1,1,1,1,-1,1,1,-1,1,1,-1,1,1,-1,-1,1,1,-1,-1,1,1,-1,1,-1,1,-1,1,1,-1,-1,1,1,-1,-1,1,-1,-1,1,-1,-1,-1,1,1,-1,1,-1,1,-1,1,-1,1,1,-1,1,1,1,1,-1,1,-1,1,-1,1,-1,-1,1,1,-1,1,-1,1,1,-1,-1,-1,1,-1,1,1,-1,-1,1,-1,1,1,1,-1,-1,1,-1,1,1,-1,1,-1,1,-1,1,-1,-1,1,-1,1,-1,-1,1,-1,-1,-1,1,-1,1,1,1,-1,1,1,-1,-1,1,-1,-1,-1,1,-1,1,1,1,1,-1,1,-1,1,1,1,-1,1,1,-1,1,1,1,-1,-1,1,-1,1,-1,-1,-1,-1,1,-1,-1,1,1,-1,-1,1,-1,1,1,-1,1,-1,1,1,-1,1,-2644.0,1,2000,445,1500,True
2842,1,1,-1,-1,1,1,-1,-1,1,1,1,-1,1,1,1,1,-1,1,-1,-1,-1,-1,1,1,1,-1,1,-1,1,1,1,1,1,-1,-1,-1,1,1,1,1,-1,-1,-1,1,1,1,-1,-1,1,1,1,1,1,1,-1,-1,1,-1,1,1,-1,-1,-1,-1,1,1,1,-1,-1,-1,-1,1,1,1,1,-1,-1,-1,1,-1,1,-1,-1,-1,1,1,1,1,-1,-1,1,1,-1,1,1,-1,-1,-1,1,1,1,1,-1,-1,-1,1,-1,1,1,-1,-1,1,1,-1,1,1,-1,-1,1,1,-1,1,1,1,-1,-1,1,-1,1,1,1,-1,-1,1,-1,1,1,1,-1,-1,1,-1,1,1,1,-1,1,1,1,-1,1,-1,-1,-1,-1,1,-1,1,-1,-1,-1,1,1,1,-1,-1,1,-1,1,1,-1,-1,-1,-1,-1,1,-1,1,-1,-1,-1,1,-1,1,1,-1,-1,-1,-1,1,1,1,-1,-1,1,-1,-1,1,1,-1,1,-1,-1,-1,1,1,-1,-1,-1,-1,-1,1,1,1,-1,-1,-1,-1,1,1,-1,1,-1,-1,-1,-1,1,-1,1,-1,1,-1,1,1,1,1,-1,-1,-1,1,1,-1,1,1,-1,-1,1,1,-1,-1,1,-1,-1,1,-1,-1,1,1,-1,-1,1,1,-1,1,-1,-1,1,-1,-1,-1,1,-1,-1,-1,1,-1,-1,1,-1,-1,-1,-1,1,-1,1,-1,-1,1,-1,1,-1,-1,1,-1,1,-1,-1,-1,-1,1,-1,1,-1,-1,-1,1,1,-1,1,1,-1,-1,-1,1,-1,1,-1,-1,-1,1,1,-1,1,1,-1,-1,-1,1,-1,1,-1,-1,-1,-1,-1,1,1,-1,-1,-1,1,1,-1,1,-1,1,-1,-1,1,-1,1,-1,1,-1,-1,1,-1,1,-1,-1,-1,-1,-1,1,1,-1,-1,-1,-1,-1,1,-1,-1,-1,-1,-1,1,1,-1,-1,1,-1,-1,1,1,-1,-1,1,1,-1,-1,1,1,-1,1,-1,-1,1,1,1,-1,-1,-1,-1,-1,1,-1,-1,1,1,1,1,1,1,-1,1,-1,1,-1,1,-1,1,-1,-1,1,-1,1,-1,1,1,-1,-1,1,1,-1,-1,-1,1,-1,-1,-1,1,-1,1,-1,1,-1,1,-1,-1,1,-1,1,1,-1,-1,-1,1,-1,1,-1,1,1,-1,1,1,1,1,-1,1,-1,1,1,1,-1,-1,1,-1,-1,1,1,-1,1,1,-1,-1,1,1,1,-1,1,1,-1,1,1,-1,1,1,-1,1,1,1,1,-1,1,-1,1,1,1,-1,1,-1,-1,1,1,-1,-1,1,-1,-1,1,1,1,1,-1,1,-1,1,1,1,-1,1,-1,-1,-1,1,1,1,-1,-1,-1,-1,1,1,1,-1,-1,-1,1,1,1,1,-1,1,-1,-1,1,1,1,-1,-1,1,-1,1,1,1,1,-1,1,-1,1,1,1,1,-1,-1,1,1,1,1,1,-1,1,-1,1,1,1,-1,-1,-1,1,-1,-1,-1,1,1,-1,1,-1,1,-1,1,-1,1,1,-1,1,1,1,-1,1,1,-1,1,-1,1,1,-1,1,-1,-1,1,1,-1,-1,1,-1,-1,-1,1,-1,-1,1,-1,1,1,1,1,-1,1,-1,1,1,1,-1,-1,1,-1,-1,-1,1,1,-1,-1,1,1,-1,-1,-1,1,-1,1,1,1,1,1,-1,1,1,1,1,-1,-1,-1,-1,1,1,1,-1,1,-1,1,-1,1,-1,1,1,-1,-1,1,1,1,-1,-1,-1,-1,1,1,1,1,-1,1,-1,1,1,1,-1,-1,1,-1,1,-1,1,1,-1,1,-1,1,1,1,1,-1,1,-1,1,-1,1,1,-1,1,-1,1,1,-1,1,-1,1,-1,1,1,1,1,-1,1,-1,1,1,-1,1,-1,-1,-1,1,1,-1,1,1,-1,-1,1,-1,1,1,-1,-1,-1,1,-1,1,1,-1,1,-1,1,1,-1,1,-1,-1,-1,1,-1,1,1,-1,-1,-1,1,-1,1,1,-1,-1,-1,1,-1,-1,1,-1,-1,1,1,1,-1,-1,-1,-1,-1,-1,1,-1,1,-1,-1,-1,1,-1,1,-1,-1,-1,1,1,1,-1,1,-1,-1,-1,1,1,-1,-1,-1,-1,1,1,1,-1,-1,-1,-1,1,1,1,-1,-1,-1,1,1,1,1,-1,1,-1,1,1,1,1,-1,-1,1,1,1,1,1,-1,-1,-1,-1,-1,1,1,-1,-1,-1,1,1,1,1,-1,-1,-1,1,1,1,-1,1,-1,-1,1,-1,1,1,-1,-1,1,-1,1,1,1,1,-1,1,-1,1,1,1,-1,-1,-1,-1,1,-1,1,-1,-1,-1,-1,1,1,1,-1,-1,1,-1,1,1,-1,1,-1,-1,1,-1,1,1,-1,-1,1,1,-1,1,-1,-1,1,1,-1,1,1,1,-1,-1,1,1,-1,1,1,-1,-1,1,1,-1,1,1,-1,-1,1,1,1,-1,1,-1,-1,1,1,-1,-1,1,-1,1,1,1,1,-1,1,1,-1,-1,1,1,-1,1,-1,-1,1,1,1,-1,1,1,1,1,1,1,-1,1,-1,-1,1,1,1,-1,1,1,-1,1,1,-1,1,-1,1,-1,1,1,1,-1,-1,1,-1,1,-1,1,-1,1,1,-1,1,1,-1,1,-1,1,-1,1,1,1,-1,1,-1,1,1,1,1,1,-1,1,-1,1,1,-1,1,1,1,-1,1,1,-1,1,-1,1,-1,-1,1,1,1,-1,-1,1,1,1,1,1,-1,-1,1,-1,1,1,1,1,1,1,1,1,1,1,1,1,-1,1,1,1,-1,-1,1,1,1,-1,1,1,-1,-1,-1,1,1,1,1,-1,1,1,1,1,1,1,-1,-1,1,1,1,1,1,-1,1,1,1,1,1,1,-1,1,1,1,1,1,1,-1,1,1,1,1,1,1,-1,1,-1,1,1,1,1,-1,-1,1,1,-1,1,1,-1,1,1,1,-1,1,1,1,-1,1,-2644.0,1,2000,445,500,True
2843,1,1,-1,-1,1,1,-1,1,1,1,1,-1,-1,1,1,1,-1,1,-1,-1,-1,1,1,1,1,1,-1,-1,1,1,1,1,-1,-1,-1,1,-1,1,1,1,-1,-1,1,1,1,1,1,1,-1,1,1,1,-1,1,-1,-1,1,-1,1,1,1,-1,-1,1,1,1,1,1,1,-1,1,-1,1,1,1,1,-1,1,-1,1,1,-1,1,-1,-1,1,1,1,1,-1,-1,1,-1,1,1,1,1,1,-1,1,1,1,1,1,1,-1,-1,1,1,1,1,-1,-1,-1,1,1,1,1,1,-1,-1,1,1,1,1,-1,-1,-1,1,1,1,1,1,-1,-1,1,1,1,1,1,-1,-1,1,1,1,1,1,-1,-1,-1,1,1,1,1,1,-1,-1,1,1,1,1,-1,-1,-1,1,1,1,1,1,-1,1,1,1,1,1,-1,-1,1,1,1,1,-1,1,-1,1,1,1,1,1,-1,-1,-1,1,1,1,1,1,-1,-1,1,-1,1,1,1,-1,-1,1,1,1,1,1,-1,1,1,-1,1,1,1,-1,1,1,1,1,1,1,1,-1,1,-1,1,1,1,-1,-1,1,1,1,1,1,-1,-1,1,-1,1,1,1,1,-1,1,1,-1,1,1,-1,1,1,-1,1,-1,1,-1,-1,1,-1,1,1,1,1,1,1,-1,1,-1,1,1,1,1,-1,1,-1,1,1,1,1,-1,-1,1,1,1,1,1,1,-1,1,1,-1,-1,1,1,-1,-1,1,1,1,1,-1,1,-1,1,1,1,-1,1,-1,-1,1,1,1,1,-1,1,-1,1,-1,1,1,1,1,-1,1,1,1,1,1,1,-1,1,1,1,1,1,1,-1,1,1,1,1,1,-1,-1,1,1,-1,1,1,-1,1,1,1,1,1,1,1,-1,1,-1,1,1,1,1,-1,1,1,1,1,1,1,-1,1,1,-1,1,1,-1,-1,1,1,1,-1,1,1,-1,1,1,-1,1,1,1,1,1,1,1,-1,1,1,-1,1,1,-1,-1,-1,-1,-1,1,1,-1,1,1,-1,-1,1,-1,-1,1,1,1,1,1,-1,1,1,1,-1,-1,1,1,-1,-1,1,1,1,-1,1,-1,1,1,1,1,1,1,-1,-1,-1,1,1,-1,1,1,-1,1,1,-1,1,1,1,1,-1,1,1,-1,1,-1,1,-1,1,-1,-1,1,1,1,-1,-1,1,-1,1,1,1,-1,1,1,1,-1,1,1,-1,-1,1,-1,1,1,1,-1,1,1,1,1,1,1,-1,1,-1,1,1,1,-1,-1,1,1,-1,1,1,-1,-1,1,-1,1,1,1,-1,-1,1,1,-1,1,1,-1,-1,1,-1,1,1,1,1,-1,1,-1,-1,-1,1,1,-1,-1,1,1,-1,1,-1,-1,1,-1,-1,1,-1,1,-1,-1,1,-1,1,-1,1,-1,-1,1,-1,-1,1,1,1,-1,1,-1,1,-1,-1,-1,1,-1,1,1,-1,-1,-1,1,1,-1,1,-1,-1,1,1,1,1,-1,-1,-1,1,-1,1,1,1,-1,-1,-1,1,1,-1,1,-1,-1,-1,1,1,-1,1,-1,-1,-1,1,1,-1,1,-1,-1,-1,-1,1,1,1,-1,1,-1,-1,1,-1,1,-1,-1,1,-1,1,-1,1,1,-1,-1,-1,-1,-1,1,1,-1,-1,-1,1,-1,1,1,-1,-1,-1,-1,1,1,-1,-1,-1,-1,-1,1,1,-1,1,-1,1,1,1,1,1,-1,-1,-1,-1,-1,1,-1,1,-1,-1,1,-1,1,1,-1,1,-1,-1,1,1,1,-1,1,-1,1,-1,1,1,-1,1,-1,1,-1,1,1,-1,1,-1,-1,-1,1,1,1,-1,1,-1,-1,1,1,-1,-1,-1,-1,-1,1,1,1,-1,1,-1,-1,-1,-1,1,-1,1,-1,-1,1,-1,-1,1,-1,1,-1,1,1,-1,1,-1,1,-1,1,-1,-1,1,-1,1,-1,1,1,-1,1,-1,-1,-1,-1,1,-1,1,-1,1,-1,-1,1,-1,1,-1,1,-1,-1,-1,1,1,-1,-1,-1,-1,1,-1,-1,-1,-1,-1,-1,-1,-1,1,-1,-1,-1,-1,1,1,-1,1,-1,-1,-1,1,-1,-1,1,-1,-1,-1,-1,-1,1,1,-1,-1,-1,-1,-1,1,-1,-1,-1,1,-1,-1,1,-1,1,-1,-1,-1,-1,-1,-1,-1,1,-1,-1,-1,1,1,-1,-1,-1,-1,1,-1,-1,-1,-1,-1,-1,-1,1,-1,1,-1,-1,-1,-1,1,-1,1,1,-1,1,-1,-1,1,1,-1,-1,-1,-1,-1,-1,1,1,-1,-1,1,-1,1,1,-1,-1,-1,1,-1,1,1,-1,-1,1,-1,-1,1,1,1,-1,1,-1,1,1,1,-1,-1,1,-1,-1,1,1,-1,-1,1,-1,-1,1,1,-1,1,1,-1,-1,1,1,-1,-1,1,-1,-1,1,1,-1,-1,1,-1,-1,1,1,1,-1,-1,1,-1,-1,1,-1,-1,1,-1,-1,1,-1,1,-1,-1,1,-1,-1,1,1,-1,-1,1,-1,1,1,1,-1,-1,1,-1,1,1,1,-1,-1,1,-1,-1,1,-1,-1,1,-1,1,-1,1,-1,-1,1,1,-1,1,1,1,-1,-1,-1,1,-1,1,-1,-1,1,-1,-1,-1,1,1,-1,-1,1,-1,-1,1,1,-1,-1,-1,1,-1,1,1,-1,-1,-1,1,-1,-1,1,-1,-1,1,-1,-1,-1,1,-1,1,-1,1,1,-1,1,-1,-1,1,1,-1,-1,1,-1,-1,-1,1,1,-1,1,1,-1,1,-1,-1,1,1,-1,-1,1,-1,-1,-1,1,-1,-1,1,1,-1,1,1,-1,-1,1,1,-1,-1,-1,-1,-1,1,-1,1,-1,1,-1,1,1,1,-1,1,1,-1,-1,1,1,-1,1,1,-1,-1,1,1,1,1,1,-1,1,1,1,-1,1,1,-1,-1,1,1,-1,1,1,1,-1,1,1,1,1,1,-1,-1,1,-1,1,1,-1,1,-1,1,1,-1,1,-2644.0,1,2000,445,1000,True
2844,1,1,-1,-1,1,-1,-1,1,1,1,1,-1,1,1,1,1,-1,1,-1,-1,-1,1,1,1,1,-1,1,-1,1,1,1,1,1,-1,-1,1,-1,1,1,-1,-1,-1,1,1,1,1,-1,-1,1,-1,1,1,-1,1,-1,-1,-1,-1,1,1,-1,-1,-1,1,1,1,1,-1,-1,-1,1,-1,1,1,1,-1,-1,1,-1,1,1,-1,-1,-1,-1,1,1,1,-1,-1,-1,-1,1,1,1,-1,-1,1,-1,1,1,1,-1,-1,1,-1,1,1,1,-1,-1,-1,-1,-1,1,1,-1,-1,1,-1,1,1,1,1,-1,-1,-1,-1,1,1,1,-1,1,-1,1,1,1,1,-1,1,-1,-1,1,1,1,-1,1,-1,-1,1,1,1,-1,-1,1,-1,1,-1,-1,-1,1,-1,-1,1,-1,1,-1,1,-1,1,-1,-1,-1,-1,1,-1,1,1,1,-1,1,-1,1,-1,-1,-1,-1,1,1,-1,1,-1,-1,-1,1,1,1,-1,-1,-1,1,-1,1,1,-1,-1,1,-1,-1,1,1,1,-1,1,-1,1,1,1,-1,-1,-1,1,1,1,1,1,-1,-1,-1,-1,1,1,1,-1,-1,1,-1,1,1,-1,-1,-1,-1,1,1,1,1,-1,-1,-1,1,1,1,-1,-1,-1,1,1,1,1,-1,-1,-1,1,1,-1,1,1,-1,-1,1,1,-1,1,-1,-1,-1,1,1,-1,1,1,-1,-1,-1,1,1,1,1,-1,-1,1,1,1,1,-1,-1,-1,-1,1,-1,1,1,-1,-1,1,1,-1,1,1,1,-1,1,1,-1,1,1,1,-1,1,1,-1,1,-1,1,-1,1,1,-1,1,1,1,-1,1,1,-1,1,1,-1,-1,1,-1,1,1,1,-1,1,-1,1,-1,1,1,-1,1,1,-1,1,1,1,1,1,1,1,-1,-1,1,1,1,1,1,-1,1,1,-1,1,1,1,-1,1,1,1,-1,1,-1,-1,1,1,1,1,1,1,-1,-1,1,1,-1,1,1,1,-1,1,1,-1,1,-1,-1,1,1,1,1,1,1,-1,1,1,1,-1,1,-1,1,1,-1,1,-1,1,-1,1,1,1,1,-1,1,1,-1,1,1,1,-1,1,-1,1,-1,1,1,1,-1,-1,1,1,1,1,1,-1,1,1,1,1,-1,1,-1,-1,1,1,1,1,1,-1,1,1,-1,1,-1,1,-1,-1,-1,-1,-1,1,1,-1,-1,1,-1,1,-1,1,-1,1,-1,-1,1,-1,1,-1,-1,1,-1,1,-1,-1,1,-1,-1,1,1,-1,1,-1,-1,1,1,1,-1,-1,1,-1,1,1,-1,-1,-1,-1,-1,-1,1,1,-1,-1,1,-1,-1,-1,1,-1,1,-1,1,-1,1,-1,-1,-1,-1,-1,-1,-1,-1,-1,-1,-1,-1,1,1,-1,1,-1,-1,-1,-1,-1,1,1,-1,-1,-1,-1,-1,1,1,-1,1,-1,-1,-1,-1,-1,1,1,-1,-1,-1,1,1,1,1,1,1,1,1,-1,-1,1,1,1,-1,1,-1,1,-1,1,1,1,-1,-1,-1,1,-1,1,1,1,-1,-1,-1,1,1,-1,1,-1,-1,-1,1,1,1,1,-1,-1,1,1,1,1,1,-1,-1,-1,-1,1,1,1,-1,1,-1,-1,1,-1,1,-1,-1,1,1,-1,-1,1,1,-1,-1,-1,-1,-1,1,1,-1,-1,-1,1,-1,1,-1,-1,-1,1,-1,1,1,-1,-1,-1,-1,-1,1,1,-1,1,-1,-1,1,-1,1,1,-1,-1,-1,-1,-1,1,1,-1,-1,-1,1,-1,1,1,-1,-1,-1,-1,1,-1,1,-1,1,-1,1,-1,-1,1,-1,-1,1,1,-1,-1,1,-1,-1,-1,1,-1,-1,-1,1,-1,1,1,-1,-1,-1,-1,-1,-1,1,-1,-1,1,1,-1,1,-1,-1,-1,1,1,-1,1,1,-1,-1,1,1,-1,1,-1,-1,1,1,-1,-1,1,-1,-1,1,1,1,-1,1,-1,-1,-1,1,-1,-1,1,1,-1,-1,1,1,-1,1,1,-1,-1,1,-1,-1,1,-1,-1,-1,1,1,1,1,1,-1,-1,1,1,-1,1,1,-1,-1,1,1,-1,-1,1,-1,-1,1,1,1,-1,1,-1,-1,1,1,1,-1,1,-1,-1,1,1,-1,-1,1,-1,-1,1,1,-1,1,-1,-1,1,1,1,1,-1,1,-1,1,1,1,1,-1,1,1,1,1,1,-1,1,1,-1,-1,-1,1,1,-1,1,-1,1,1,1,-1,1,1,-1,1,1,1,-1,1,-1,1,-1,1,1,1,-1,1,-1,-1,1,1,-1,-1,1,1,-1,1,-1,-1,1,1,-1,-1,-1,1,-1,1,1,1,-1,1,1,-1,1,1,1,-1,1,-1,1,1,1,-1,1,1,-1,-1,1,1,1,1,-1,1,-1,1,1,1,-1,1,-1,-1,1,1,1,1,-1,1,-1,1,1,1,1,1,-1,-1,1,1,1,1,1,-1,-1,1,1,1,1,-1,-1,-1,1,-1,1,1,1,-1,-1,-1,1,-1,1,1,-1,-1,1,1,1,1,1,-1,-1,1,1,1,1,1,-1,1,-1,1,1,1,1,-1,1,-1,1,1,1,-1,1,-1,1,1,1,1,-1,-1,-1,1,1,1,-1,1,-1,1,1,1,1,1,1,-1,-1,1,1,1,1,-1,-1,1,-1,1,1,1,-1,-1,1,1,1,1,1,-1,1,-1,1,1,1,1,1,-1,-1,1,-1,1,1,1,-1,1,-1,1,1,1,-1,-1,1,-1,1,-1,1,-1,1,-1,1,1,1,-1,-1,1,-1,1,1,1,1,-1,1,-1,1,-1,1,-1,-1,1,1,-1,1,-1,-1,-1,1,-1,1,-1,1,-1,1,1,1,-1,1,1,1,-1,1,1,-1,-1,1,-1,-1,1,1,1,1,1,-1,-1,1,1,-1,1,1,-1,-1,1,1,-1,1,1,1,-1,1,1,1,1,1,-1,-1,-1,-1,1,1,1,1,-1,1,1,-1,1,-2644.0,1,2000,445,1000,True
2845,1,1,-1,-1,1,1,-1,1,1,1,1,-1,-1,1,1,1,-1,1,-1,-1,-1,1,1,1,1,1,-1,-1,1,1,1,1,-1,-1,-1,1,-1,1,1,1,-1,-1,1,1,1,1,1,1,-1,-1,1,1,-1,1,-1,-1,1,-1,1,1,1,-1,-1,-1,1,1,1,1,1,-1,1,-1,1,1,1,1,-1,1,-1,1,1,1,1,-1,-1,1,1,1,1,-1,-1,1,-1,1,1,1,1,1,-1,-1,1,1,1,1,1,-1,-1,1,1,1,1,-1,-1,-1,1,1,1,1,1,-1,-1,1,1,1,1,-1,-1,-1,1,1,1,1,1,-1,-1,-1,1,1,1,1,-1,-1,-1,1,1,1,1,-1,-1,-1,1,1,1,1,1,-1,-1,-1,1,1,1,-1,-1,-1,1,-1,1,1,1,-1,-1,-1,1,1,1,-1,-1,1,1,1,1,-1,1,-1,-1,-1,1,1,1,-1,-1,-1,-1,1,1,1,1,-1,-1,-1,1,-1,1,1,-1,-1,1,1,1,1,1,-1,1,1,-1,-1,1,1,-1,1,-1,1,1,1,1,1,-1,-1,-1,1,1,1,1,-1,1,1,1,1,1,-1,-1,-1,-1,-1,1,1,1,-1,1,-1,1,1,1,-1,-1,-1,1,-1,1,1,-1,1,-1,-1,1,1,1,1,1,-1,-1,1,1,1,1,1,1,-1,1,1,1,1,1,-1,-1,1,1,1,1,1,-1,-1,1,1,1,1,1,1,1,1,1,1,1,1,1,-1,1,1,1,-1,1,1,-1,1,1,1,1,1,1,-1,-1,1,1,-1,1,1,1,-1,1,1,1,1,1,1,1,1,1,1,1,1,-1,-1,1,1,1,1,1,-1,1,-1,1,1,1,-1,1,1,1,1,1,1,1,1,-1,-1,1,1,1,1,1,-1,-1,1,1,1,1,1,-1,-1,1,1,1,1,1,-1,-1,1,1,-1,-1,1,-1,1,-1,1,-1,1,1,1,-1,-1,1,1,-1,1,-1,1,1,1,1,-1,-1,-1,1,1,1,1,-1,1,-1,1,1,1,-1,1,1,-1,1,1,1,-1,1,1,1,-1,1,1,-1,-1,1,1,1,-1,1,-1,1,-1,-1,1,1,1,1,-1,-1,1,1,1,1,1,-1,1,-1,1,1,1,1,1,-1,-1,1,-1,1,-1,1,-1,-1,-1,-1,-1,1,1,-1,-1,1,-1,1,1,-1,-1,1,-1,-1,1,-1,1,-1,-1,1,-1,1,1,1,-1,-1,-1,1,1,1,1,-1,-1,1,1,-1,1,-1,1,-1,1,1,-1,1,-1,-1,-1,-1,1,-1,1,-1,1,-1,1,1,1,1,-1,-1,1,-1,1,-1,1,1,-1,-1,-1,1,-1,1,1,-1,-1,1,1,-1,1,-1,-1,-1,-1,1,-1,1,1,-1,-1,-1,1,-1,1,1,-1,-1,-1,1,1,1,1,1,-1,-1,1,-1,-1,-1,-1,1,1,1,1,-1,-1,1,1,-1,-1,1,-1,1,-1,1,-1,1,-1,-1,-1,1,-1,-1,-1,1,-1,-1,-1,1,-1,-1,1,-1,-1,-1,1,-1,-1,1,-1,-1,-1,1,-1,-1,1,-1,-1,-1,-1,-1,1,1,-1,1,-1,-1,-1,-1,1,-1,1,1,1,-1,-1,1,1,-1,-1,-1,1,-1,1,1,-1,-1,-1,1,-1,1,1,-1,-1,1,-1,1,1,-1,-1,-1,-1,1,1,1,-1,1,-1,-1,1,1,1,1,-1,-1,-1,1,-1,1,1,-1,-1,-1,1,-1,1,1,-1,-1,-1,1,1,1,1,-1,1,-1,1,-1,1,1,-1,-1,-1,-1,-1,1,1,-1,-1,-1,1,-1,1,1,-1,-1,1,1,-1,1,1,-1,-1,-1,1,-1,1,1,-1,-1,1,-1,-1,1,-1,1,-1,-1,-1,-1,1,-1,-1,-1,1,1,-1,1,1,-1,-1,1,1,-1,1,-1,-1,1,-1,-1,-1,1,1,-1,1,-1,-1,-1,1,1,-1,-1,1,-1,-1,-1,1,-1,1,-1,1,-1,-1,1,-1,-1,1,-1,-1,1,-1,-1,1,-1,-1,-1,-1,-1,-1,-1,1,-1,-1,-1,1,-1,-1,1,-1,-1,-1,1,-1,-1,1,-1,-1,-1,1,-1,1,1,-1,-1,-1,1,-1,1,-1,-1,-1,1,1,-1,1,-1,1,-1,1,1,-1,-1,-1,-1,1,1,1,-1,1,1,1,-1,-1,-1,1,-1,-1,-1,-1,1,1,-1,1,1,1,-1,1,1,-1,1,-1,1,1,-1,1,1,-1,1,1,-1,-1,1,1,-1,-1,1,1,-1,1,1,-1,1,1,-1,-1,-1,1,-1,-1,1,-1,-1,1,1,-1,1,1,1,-1,1,-1,1,1,1,-1,1,1,-1,-1,1,1,-1,-1,1,-1,-1,1,1,-1,1,1,1,-1,1,1,-1,-1,1,1,-1,1,1,-1,-1,-1,1,-1,1,1,1,-1,-1,1,-1,1,1,-1,-1,1,1,-1,1,-1,1,-1,-1,1,-1,-1,1,1,-1,-1,1,-1,1,1,1,-1,1,-1,1,1,1,1,-1,-1,1,1,-1,1,-1,-1,-1,-1,1,-1,1,-1,-1,-1,-1,1,-1,1,-1,-1,-1,1,-1,1,1,-1,1,-1,1,1,1,1,1,-1,1,-1,1,1,1,1,-1,1,-1,1,-1,1,1,-1,-1,1,-1,1,1,1,-1,1,-1,1,1,1,1,-1,1,-1,1,-1,1,1,-1,1,-1,-1,-1,1,1,-1,-1,-1,-1,-1,1,1,1,-1,-1,1,1,1,1,-1,-1,-1,1,1,1,1,-1,-1,-1,-1,1,-1,1,-1,-1,-1,1,-1,1,-1,-1,-1,-1,-1,1,-1,1,-1,1,-1,1,-1,1,1,-1,-1,-1,1,-1,-1,1,-1,-1,-1,1,1,1,1,-1,1,-1,1,-1,1,1,-1,-1,-1,1,-1,1,1,1,-1,-1,1,1,1,1,-1,-1,-1,-1,1,1,1,1,-1,-1,1,-1,1,-2644.0,1,2000,445,1000,True
2846,-1,-1,1,1,1,1,-1,1,-1,-1,-1,1,-1,-1,-1,-1,1,-1,1,-1,-1,-1,-1,-1,-1,1,-1,-1,-1,-1,-1,-1,1,-1,-1,-1,1,-1,-1,1,-1,-1,-1,-1,-1,-1,-1,1,-1,1,-1,-1,1,1,-1,1,-1,1,-1,-1,-1,1,-1,1,-1,-1,-1,-1,1,-1,-1,1,-1,-1,-1,1,1,-1,1,-1,-1,1,1,-1,1,-1,-1,-1,1,1,1,-1,-1,-1,-1,1,-1,1,1,1,-1,-1,1,1,-1,1,-1,-1,-1,1,1,1,1,1,-1,-1,-1,1,1,1,-1,-1,-1,-1,1,1,1,-1,1,-1,-1,1,-1,1,-1,1,-1,-1,1,-1,1,-1,1,-1,-1,1,1,1,1,-1,-1,-1,-1,1,-1,1,-1,1,-1,-1,-1,1,1,1,-1,-1,1,-1,-1,1,-1,-1,-1,1,-1,1,-1,1,-1,-1,-1,1,-1,1,-1,-1,-1,-1,-1,1,1,1,-1,-1,-1,-1,-1,1,1,-1,-1,1,-1,-1,1,1,-1,-1,-1,-1,-1,1,1,-1,-1,1,-1,-1,1,1,-1,1,-1,-1,-1,-1,1,1,-1,-1,-1,-1,1,1,-1,1,-1,-1,-1,1,1,-1,1,1,-1,-1,-1,1,-1,-1,1,-1,-1,1,-1,1,1,-1,-1,-1,1,1,-1,1,-1,-1,1,-1,-1,-1,1,-1,1,-1,1,1,-1,1,-1,1,-1,-1,1,-1,1,-1,-1,1,-1,1,-1,1,1,-1,1,-1,-1,-1,-1,1,1,1,-1,-1,-1,1,1,-1,1,1,-1,1,-1,1,1,1,-1,-1,-1,1,1,1,1,1,-1,-1,-1,1,1,1,-1,-1,-1,-1,-1,1,1,-1,-1,-1,1,1,-1,1,-1,-1,-1,-1,1,1,1,-1,1,-1,1,1,-1,1,-1,-1,-1,-1,-1,1,1,-1,-1,-1,-1,-1,1,-1,-1,-1,-1,-1,1,1,-1,-1,-1,1,1,-1,1,-1,-1,1,1,-1,-1,1,1,-1,-1,1,-1,1,1,1,-1,-1,-1,1,-1,1,-1,-1,-1,-1,-1,-1,1,1,-1,-1,1,1,-1,1,-1,1,-1,1,1,1,1,1,-1,-1,1,1,-1,1,-1,-1,-1,1,1,1,1,1,-1,-1,1,1,1,1,-1,-1,-1,1,-1,1,-1,1,-1,-1,1,1,1,1,-1,-1,1,1,1,1,-1,1,-1,-1,1,1,1,1,-1,-1,-1,1,1,1,1,1,-1,-1,-1,1,1,1,-1,1,-1,1,1,-1,1,1,-1,-1,1,-1,1,1,-1,-1,1,1,1,1,-1,1,-1,1,1,-1,1,-1,1,-1,1,1,-1,1,-1,-1,-1,1,1,-1,1,1,1,-1,1,-1,1,1,-1,-1,1,-1,1,-1,1,1,1,-1,1,1,-1,-1,-1,1,-1,1,-1,-1,1,-1,1,1,1,1,-1,-1,1,1,-1,1,1,1,-1,1,1,1,-1,1,1,-1,1,1,1,1,-1,-1,1,-1,-1,-1,1,-1,-1,1,1,1,-1,1,-1,1,-1,-1,-1,1,1,-1,1,1,-1,1,-1,1,-1,1,1,-1,1,-1,1,-1,-1,-1,-1,1,-1,1,-1,-1,-1,-1,1,-1,1,-1,1,1,1,1,-1,1,-1,1,1,-1,1,-1,1,-1,-1,1,-1,1,-1,-1,1,1,1,1,1,-1,1,1,1,1,-1,1,-1,-1,1,1,1,-1,-1,-1,1,1,1,1,-1,-1,-1,1,-1,1,-1,1,1,-1,-1,1,1,1,-1,1,-1,-1,1,1,1,1,1,1,-1,1,1,1,1,-1,1,-1,1,-1,1,-1,1,1,-1,1,1,1,1,1,1,-1,1,1,1,1,1,1,-1,1,1,-1,1,1,1,-1,1,1,1,1,1,1,-1,1,1,1,-1,1,-1,-1,1,1,1,-1,1,-1,-1,1,1,1,1,1,-1,-1,1,1,1,-1,1,1,-1,1,1,-1,-1,1,-1,-1,1,1,1,1,1,1,-1,1,1,1,-1,1,1,-1,1,1,1,-1,1,1,-1,1,1,1,-1,1,-1,1,1,1,-1,-1,1,1,-1,1,-1,1,-1,1,1,-1,-1,1,1,-1,1,1,-1,1,1,1,-1,1,1,1,1,1,1,-1,1,1,1,1,1,-1,-1,1,1,1,1,-1,-1,1,1,1,1,1,-1,-1,-1,1,1,1,1,-1,-1,-1,1,1,1,-1,1,-1,-1,1,1,1,1,1,-1,-1,1,1,-1,1,1,-1,1,1,1,1,1,-1,-1,-1,1,1,1,1,1,-1,-1,-1,1,1,1,1,-1,1,-1,1,1,-1,1,-1,1,1,1,1,1,1,-1,-1,-1,1,1,1,1,-1,1,1,1,1,1,-1,-1,1,1,1,-1,1,-1,-1,1,-1,1,-1,1,-1,-1,1,-1,1,-1,1,-1,1,1,1,1,1,-1,1,-1,-1,-1,1,1,-1,1,-1,1,-1,1,-1,-1,-1,1,-1,1,-1,1,-1,1,-1,1,-1,-1,1,-1,1,-1,1,-1,-1,1,-1,1,-1,1,1,-1,1,-1,1,-1,-1,-1,1,1,-1,1,-1,1,-1,-1,1,1,-1,1,1,-1,1,1,-1,1,-1,1,-1,-1,1,-1,-1,-1,1,1,-1,-1,1,1,-1,1,1,-1,1,-1,1,-1,1,1,-1,1,1,-1,-1,-1,1,-1,1,-1,1,-1,-1,1,-1,1,1,-1,1,-1,1,-1,-1,1,-1,-1,-1,1,-1,1,1,-1,1,-1,1,1,1,-1,1,-1,1,-1,1,1,-1,-1,-1,-1,-1,-1,1,-1,1,-1,1,-1,1,1,1,-1,1,-1,1,1,1,-1,-1,-1,1,1,-1,1,-1,-1,1,1,1,1,1,-1,-1,1,1,1,1,1,1,-1,-1,1,1,1,1,1,-1,1,1,-1,-1,1,-1,-1,1,1,1,1,1,1,-1,-1,1,1,-1,1,-1,1,-1,1,1,-1,1,1,-1,-1,1,-2644.0,1,2000,445,500,True
2847,1,1,-1,-1,1,1,-1,-1,1,1,1,-1,1,1,1,1,-1,1,-1,-1,-1,-1,1,1,1,-1,1,-1,1,1,1,1,1,-1,-1,-1,1,1,1,1,-1,-1,-1,1,1,1,-1,-1,1,1,1,1,1,1,-1,-1,1,-1,1,1,-1,-1,-1,-1,1,1,1,-1,-1,-1,-1,1,1,1,1,-1,-1,-1,1,-1,1,-1,-1,-1,1,1,1,1,-1,-1,1,1,-1,1,1,-1,-1,-1,1,1,1,1,-1,-1,-1,1,-1,1,1,-1,-1,1,1,-1,1,1,-1,-1,1,1,-1,1,1,1,-1,-1,1,-1,1,1,1,-1,-1,1,-1,1,1,1,-1,-1,1,-1,1,1,1,-1,1,1,1,-1,1,-1,-1,-1,-1,1,-1,1,-1,-1,-1,1,1,1,1,-1,1,-1,1,-1,1,-1,-1,-1,-1,1,-1,1,-1,-1,-1,1,-1,1,1,-1,-1,-1,-1,1,1,1,-1,-1,-1,-1,-1,1,1,-1,1,1,-1,-1,1,1,1,-1,-1,-1,-1,-1,1,1,-1,-1,-1,-1,1,1,-1,1,-1,-1,-1,-1,1,-1,1,-1,-1,-1,1,1,-1,1,-1,-1,-1,1,1,-1,1,1,-1,-1,-1,1,-1,-1,1,-1,-1,1,-1,-1,1,-1,-1,-1,1,1,-1,1,-1,-1,1,-1,-1,-1,1,-1,1,-1,1,1,-1,1,-1,1,-1,-1,1,-1,1,-1,-1,1,-1,1,-1,-1,1,-1,1,-1,-1,-1,-1,1,1,1,-1,-1,-1,1,1,-1,1,1,-1,1,-1,1,1,1,-1,-1,-1,1,1,1,1,1,-1,-1,-1,1,1,1,-1,-1,-1,-1,-1,1,1,-1,-1,-1,-1,1,-1,1,-1,-1,-1,-1,1,1,1,-1,1,-1,-1,1,-1,1,-1,-1,-1,-1,-1,1,1,-1,-1,-1,-1,-1,1,-1,-1,-1,-1,-1,1,1,-1,-1,-1,1,-1,1,1,-1,-1,1,1,-1,-1,1,1,-1,-1,1,-1,-1,-1,1,-1,-1,-1,1,-1,1,-1,-1,-1,-1,-1,-1,1,1,-1,-1,1,1,-1,1,-1,-1,1,1,-1,-1,1,-1,-1,1,1,-1,1,1,-1,-1,-1,-1,1,-1,-1,1,-1,-1,1,-1,-1,1,-1,-1,1,1,-1,1,-1,1,-1,-1,1,-1,-1,1,-1,-1,1,1,-1,-1,-1,1,-1,-1,1,-1,-1,-1,-1,-1,-1,1,-1,-1,1,1,-1,-1,1,-1,1,-1,-1,1,-1,1,-1,-1,1,1,-1,-1,1,1,-1,-1,-1,-1,1,1,-1,-1,1,1,-1,1,-1,1,-1,1,1,-1,1,-1,1,1,-1,-1,-1,1,-1,1,-1,1,1,-1,1,-1,-1,1,-1,-1,1,-1,1,1,1,-1,1,-1,1,1,1,1,-1,1,-1,1,-1,1,1,-1,1,1,1,-1,1,1,1,1,-1,1,-1,-1,1,1,1,1,-1,-1,-1,1,1,1,1,1,-1,1,1,-1,-1,-1,1,-1,-1,1,-1,1,-1,1,-1,1,-1,-1,-1,1,1,-1,1,1,-1,-1,1,1,-1,1,1,-1,1,-1,1,-1,-1,-1,-1,-1,-1,1,-1,-1,-1,-1,-1,-1,1,-1,1,1,1,1,-1,1,-1,1,1,-1,-1,-1,1,-1,-1,1,-1,1,-1,-1,1,1,1,1,-1,-1,-1,1,1,1,-1,1,-1,1,1,1,1,-1,-1,-1,1,1,1,1,-1,1,-1,1,-1,1,-1,1,1,-1,-1,1,1,1,-1,-1,-1,-1,1,1,1,1,-1,1,-1,1,1,1,1,-1,1,-1,1,1,1,-1,-1,1,-1,1,1,1,1,-1,1,-1,1,1,1,1,-1,1,-1,1,1,-1,1,-1,1,1,1,1,1,1,-1,1,-1,1,1,1,-1,-1,-1,-1,1,1,1,-1,1,-1,-1,1,1,1,1,-1,-1,-1,1,1,1,-1,-1,1,-1,1,1,-1,-1,-1,-1,-1,1,1,1,1,-1,-1,-1,1,1,1,-1,-1,-1,-1,1,-1,1,-1,-1,-1,1,1,1,1,1,-1,-1,-1,1,-1,-1,-1,-1,-1,-1,1,-1,-1,-1,-1,-1,-1,-1,1,-1,1,-1,-1,1,-1,1,1,-1,-1,-1,-1,1,1,1,-1,-1,-1,1,1,1,-1,1,-1,1,1,1,-1,-1,-1,-1,1,1,1,-1,-1,1,1,-1,1,1,-1,1,1,-1,-1,1,-1,1,-1,1,-1,1,1,1,1,1,1,1,1,1,1,1,1,1,-1,1,-1,1,-1,-1,1,-1,-1,1,1,1,-1,-1,1,-1,1,1,1,-1,1,-1,-1,1,-1,1,1,-1,-1,-1,1,1,1,1,1,1,-1,1,1,1,1,-1,-1,1,-1,1,1,1,-1,1,1,-1,1,1,1,-1,1,-1,1,1,-1,1,-1,1,1,-1,1,1,1,-1,1,1,-1,1,1,1,1,1,1,1,-1,1,1,-1,1,1,-1,1,1,1,1,1,1,1,-1,1,1,-1,-1,1,1,-1,1,1,-1,1,1,1,-1,1,1,-1,1,1,1,-1,1,1,-1,1,1,1,-1,1,1,-1,1,1,-1,1,1,-1,-1,1,1,1,-1,1,1,-1,1,-1,1,-1,1,1,-1,1,1,-1,1,1,1,-1,1,1,1,-1,1,-1,1,1,1,1,1,-1,1,-1,1,1,1,-1,1,1,-1,1,1,-1,1,-1,1,-1,-1,1,1,1,-1,-1,1,1,1,1,1,-1,-1,1,-1,1,1,-1,1,1,1,1,1,1,-1,1,1,-1,1,1,1,-1,-1,1,1,1,-1,1,1,-1,-1,-1,1,1,1,-1,1,1,1,1,1,1,-1,-1,-1,1,1,1,1,-1,-1,1,1,1,1,1,1,-1,1,1,1,1,1,1,-1,1,1,1,1,1,-1,-1,1,-1,1,1,1,1,-1,-1,1,1,-1,1,-1,1,-1,1,1,-1,1,1,-1,-1,1,-2644.0,1,2000,445,500,True
2848,1,1,-1,-1,1,1,-1,1,1,1,1,-1,1,-1,1,1,-1,1,-1,-1,-1,1,1,1,1,1,-1,-1,1,1,1,1,-1,-1,-1,1,-1,1,1,1,-1,-1,1,1,1,1,1,1,-1,-1,1,1,-1,1,-1,1,1,-1,1,1,1,-1,-1,-1,1,1,1,1,1,-1,1,-1,1,1,1,1,1,1,1,1,1,-1,1,-1,-1,1,1,1,1,1,1,1,-1,1,1,1,-1,1,-1,-1,1,1,1,1,-1,-1,-1,1,1,1,1,1,-1,-1,1,1,1,1,1,-1,-1,1,1,1,1,1,-1,-1,1,1,1,1,-1,-1,-1,-1,1,1,1,-1,-1,-1,-1,1,1,1,1,-1,-1,-1,1,1,1,1,1,-1,-1,-1,1,1,-1,1,-1,-1,1,-1,1,-1,1,-1,-1,-1,1,1,-1,-1,-1,1,-1,1,-1,1,1,-1,-1,-1,1,-1,-1,-1,-1,-1,-1,1,-1,-1,1,-1,-1,-1,1,-1,-1,1,-1,-1,1,1,1,-1,1,-1,1,1,-1,-1,-1,1,-1,1,-1,1,1,-1,1,1,-1,-1,1,1,-1,1,-1,-1,1,-1,1,-1,1,-1,-1,-1,1,-1,-1,1,1,-1,1,-1,1,-1,1,-1,-1,-1,1,-1,-1,1,-1,1,-1,1,1,-1,1,1,-1,-1,1,1,-1,1,1,-1,-1,1,1,-1,1,1,1,-1,1,1,-1,1,1,1,-1,-1,1,-1,1,-1,-1,-1,-1,1,1,1,1,-1,-1,1,1,-1,1,1,1,-1,-1,1,1,1,1,1,-1,1,1,1,1,-1,1,-1,-1,1,1,1,1,1,-1,-1,-1,1,1,1,-1,-1,1,1,-1,1,1,-1,-1,-1,1,1,1,1,1,-1,1,1,-1,1,1,-1,-1,-1,-1,1,1,1,1,-1,-1,-1,1,-1,1,1,-1,-1,1,1,-1,1,1,1,1,1,1,-1,1,-1,1,-1,-1,1,1,-1,1,1,-1,-1,-1,1,-1,1,-1,1,-1,1,-1,-1,1,-1,-1,-1,1,1,-1,1,1,1,-1,1,-1,1,-1,1,1,-1,1,-1,1,-1,1,-1,1,1,-1,-1,-1,-1,1,1,1,1,-1,-1,1,-1,-1,1,-1,-1,1,1,-1,1,-1,1,-1,-1,1,-1,-1,1,-1,-1,1,1,-1,1,-1,1,-1,-1,1,-1,1,-1,-1,-1,-1,1,-1,-1,1,1,-1,-1,-1,-1,1,1,-1,1,-1,1,-1,1,-1,1,-1,-1,1,-1,-1,-1,-1,-1,1,1,-1,1,-1,1,-1,1,-1,1,1,-1,1,-1,1,-1,-1,-1,-1,-1,-1,1,-1,1,-1,-1,1,-1,1,-1,-1,1,-1,-1,1,-1,1,-1,-1,1,1,-1,1,1,-1,-1,1,1,-1,1,-1,-1,1,-1,1,1,1,1,-1,-1,-1,1,-1,1,1,-1,-1,-1,1,1,-1,1,1,-1,1,1,1,1,-1,-1,1,-1,1,1,-1,1,-1,1,-1,-1,1,-1,-1,1,-1,-1,1,-1,-1,-1,1,1,-1,-1,1,-1,-1,1,1,-1,-1,1,-1,-1,-1,-1,-1,-1,1,-1,-1,-1,-1,-1,-1,1,-1,-1,1,1,1,1,1,-1,1,1,1,-1,-1,1,-1,-1,-1,1,-1,-1,1,1,-1,1,1,1,-1,1,1,-1,-1,1,-1,-1,-1,1,-1,-1,1,-1,1,1,-1,-1,1,1,-1,1,1,-1,1,1,-1,1,1,1,1,-1,1,1,-1,-1,1,-1,1,1,1,1,-1,1,1,-1,-1,1,1,1,1,1,-1,1,1,-1,-1,1,1,-1,-1,1,1,-1,1,1,-1,-1,1,1,-1,1,1,-1,-1,-1,1,-1,1,1,-1,-1,1,1,-1,1,1,1,-1,1,-1,-1,1,-1,1,-1,1,-1,-1,1,-1,1,-1,1,1,-1,1,1,-1,-1,1,-1,-1,1,-1,1,1,-1,-1,-1,1,1,-1,-1,1,1,-1,1,1,1,-1,1,-1,-1,-1,1,-1,1,1,-1,-1,-1,1,1,-1,1,-1,-1,1,-1,-1,1,-1,-1,-1,-1,-1,1,-1,1,-1,-1,-1,1,1,-1,1,-1,-1,-1,1,1,1,1,-1,-1,-1,1,1,1,1,-1,-1,-1,1,1,1,-1,-1,-1,1,1,1,-1,-1,1,-1,1,1,1,-1,-1,-1,1,1,1,1,-1,1,-1,-1,-1,-1,1,-1,-1,-1,-1,1,1,1,1,1,1,-1,-1,1,1,1,-1,1,1,-1,1,1,-1,1,1,-1,-1,1,1,1,-1,1,1,-1,1,1,1,-1,1,-1,-1,1,-1,1,1,1,-1,-1,1,1,1,1,1,1,-1,1,1,1,1,1,-1,1,-1,1,-1,1,1,-1,-1,-1,1,-1,1,1,-1,1,-1,1,-1,1,1,-1,-1,-1,1,-1,1,1,-1,-1,-1,1,1,1,1,1,-1,-1,-1,1,1,1,-1,-1,1,-1,-1,1,-1,1,-1,-1,-1,1,1,1,1,-1,1,-1,-1,1,1,1,-1,1,-1,1,1,1,1,-1,-1,-1,1,-1,1,-1,-1,-1,-1,1,-1,1,-1,-1,-1,1,1,-1,1,1,-1,-1,-1,1,-1,1,-1,1,-1,-1,1,1,1,1,-1,1,-1,1,-1,1,1,-1,1,-1,1,-1,1,1,-1,1,1,-1,-1,-1,1,-1,1,-1,1,-1,1,1,-1,1,-1,1,-1,1,1,-1,-1,1,-1,-1,1,1,-1,1,1,-1,-1,1,1,1,1,-1,1,1,-1,-1,1,1,-1,1,-1,1,-1,-1,1,-1,-1,1,1,-1,1,1,1,-1,1,1,1,1,1,-1,-1,1,-1,1,-1,1,-1,-1,1,1,1,1,1,-1,-1,1,1,1,1,1,1,-1,1,-1,1,1,1,1,-1,1,1,-1,-1,1,1,-1,1,1,1,1,1,1,-1,-1,1,1,-1,1,1,1,-1,1,1,-1,1,1,-1,-1,1,-2644.0,1,2000,445,500,True
2849,-1,-1,-1,-1,1,1,-1,1,-1,1,1,-1,1,1,-1,-1,1,1,-1,1,-1,1,-1,1,1,-1,1,-1,-1,-1,1,1,1,1,-1,1,1,-1,1,-1,1,-1,1,-1,-1,1,-1,-1,1,-1,-1,1,1,-1,1,-1,-1,1,-1,1,1,-1,1,1,-1,-1,1,-1,-1,-1,1,-1,1,1,-1,-1,-1,1,-1,-1,1,-1,-1,-1,-1,-1,-1,1,-1,1,-1,-1,-1,1,-1,-1,-1,1,-1,1,1,-1,-1,-1,1,-1,-1,1,-1,-1,-1,1,-1,-1,-1,1,-1,-1,1,-1,-1,1,-1,-1,-1,1,-1,-1,1,-1,-1,-1,-1,-1,-1,-1,-1,-1,-1,-1,-1,-1,1,-1,-1,-1,1,-1,-1,-1,-1,-1,-1,-1,1,-1,-1,-1,-1,-1,-1,-1,-1,-1,1,-1,1,-1,1,-1,-1,-1,-1,-1,-1,-1,-1,1,-1,-1,-1,1,1,-1,-1,-1,-1,-1,-1,-1,-1,1,-1,-1,-1,-1,1,-1,1,-1,-1,1,-1,1,-1,1,-1,-1,-1,-1,1,-1,1,-1,1,-1,-1,1,1,1,-1,1,-1,-1,1,1,-1,-1,-1,-1,1,1,-1,1,-1,1,-1,-1,1,1,1,-1,1,1,-1,1,1,1,-1,-1,1,-1,1,1,-1,1,1,-1,-1,1,1,1,-1,1,-1,-1,1,-1,-1,-1,1,-1,1,1,1,-1,-1,1,-1,1,1,-1,1,-1,1,-1,-1,1,1,1,-1,1,1,-1,1,1,-1,-1,-1,1,1,1,-1,-1,-1,1,1,-1,1,1,1,-1,-1,1,1,1,-1,-1,-1,1,1,1,1,1,-1,-1,1,-1,1,1,-1,-1,-1,1,-1,1,1,-1,-1,-1,1,1,-1,1,-1,-1,1,-1,-1,1,1,-1,1,1,-1,1,-1,1,-1,1,1,1,-1,1,1,-1,-1,1,1,-1,1,-1,-1,-1,1,1,-1,1,-1,-1,1,-1,1,1,1,-1,-1,1,1,1,-1,1,1,-1,1,-1,1,-1,-1,1,-1,-1,1,1,-1,1,-1,-1,1,1,1,1,1,1,-1,1,-1,1,-1,1,-1,1,1,-1,1,-1,1,-1,1,1,-1,-1,1,1,-1,-1,1,-1,1,-1,-1,1,-1,1,1,-1,-1,1,-1,-1,1,1,-1,1,-1,1,-1,-1,1,-1,-1,1,-1,-1,-1,1,-1,1,-1,1,-1,-1,1,-1,-1,-1,-1,-1,-1,1,-1,-1,1,1,-1,-1,1,-1,1,-1,-1,1,-1,1,-1,-1,1,1,-1,-1,-1,1,-1,-1,-1,1,-1,1,-1,-1,1,1,-1,-1,-1,1,-1,1,1,-1,-1,-1,-1,-1,-1,-1,-1,-1,-1,1,-1,1,1,-1,1,-1,-1,1,-1,-1,1,-1,-1,-1,1,-1,1,-1,1,-1,-1,-1,-1,1,-1,1,-1,-1,1,-1,1,1,1,-1,-1,-1,-1,1,-1,1,-1,-1,-1,1,1,1,-1,1,1,-1,1,1,1,1,1,1,1,-1,1,1,-1,1,-1,1,-1,-1,1,-1,-1,1,-1,-1,1,-1,-1,-1,1,1,-1,1,1,-1,-1,1,1,-1,-1,1,-1,-1,-1,-1,-1,1,1,-1,-1,-1,-1,-1,1,1,-1,-1,1,1,1,-1,1,-1,-1,1,1,-1,1,1,-1,-1,-1,1,-1,-1,1,1,-1,1,1,1,1,1,-1,1,1,1,-1,1,1,1,-1,1,1,-1,1,1,-1,1,1,1,-1,1,1,-1,-1,1,-1,1,1,1,-1,1,1,1,-1,1,1,-1,1,1,1,1,1,1,1,1,1,1,1,1,1,-1,1,-1,1,-1,1,1,1,1,1,1,1,1,1,-1,1,-1,1,1,1,1,1,-1,1,-1,1,1,1,1,1,1,1,1,1,1,-1,1,1,-1,-1,1,-1,-1,1,1,1,-1,-1,1,-1,1,-1,-1,1,1,-1,-1,1,-1,1,-1,1,1,-1,1,-1,1,-1,-1,1,-1,1,-1,1,1,1,1,-1,1,-1,1,-1,1,-1,-1,1,-1,1,-1,1,-1,1,1,1,1,1,-1,1,-1,1,-1,1,1,-1,1,-1,1,-1,1,-1,-1,-1,1,1,1,-1,1,-1,1,-1,1,1,-1,1,-1,1,1,1,-1,-1,1,-1,1,1,1,-1,1,-1,-1,1,1,1,-1,-1,1,-1,1,1,1,1,-1,1,1,1,1,1,-1,1,1,-1,1,1,1,1,-1,1,1,1,1,1,-1,1,1,1,1,1,1,-1,1,1,-1,1,1,1,1,-1,1,-1,1,1,1,-1,-1,1,1,1,1,1,-1,1,1,1,1,1,-1,-1,1,1,-1,1,1,1,-1,1,1,1,1,1,-1,1,1,1,1,1,1,-1,-1,1,1,1,1,-1,1,-1,1,1,1,1,-1,-1,-1,1,1,1,1,-1,1,-1,1,1,1,1,1,-1,-1,1,1,1,1,1,-1,-1,1,1,1,1,-1,-1,-1,1,-1,1,1,1,-1,1,1,1,-1,1,1,-1,-1,1,1,1,1,1,-1,1,1,1,1,1,1,-1,1,-1,1,1,1,1,-1,1,-1,1,1,1,-1,-1,1,1,1,1,1,1,1,-1,1,1,1,-1,1,1,1,1,-1,-1,1,-1,1,1,1,1,-1,1,1,-1,1,-1,1,-1,1,1,1,-1,1,1,1,1,1,-1,1,1,-1,-1,1,-1,1,1,1,-1,-1,1,1,1,-1,-1,1,1,1,1,1,-1,-1,1,-1,1,1,-1,1,1,1,1,1,1,-1,1,1,1,-1,1,1,-1,-1,1,1,1,-1,1,1,-1,-1,-1,-1,1,1,-1,1,1,1,1,-1,1,-1,-1,-1,1,1,1,1,-1,-1,1,1,1,1,1,1,-1,1,1,1,1,1,1,-1,1,1,1,1,1,-1,-1,1,-1,1,-1,1,1,-1,-1,1,1,-1,1,-1,1,-1,1,1,-1,1,1,-1,-1,1,-2644.0,1,2000,445,1500,True
2850,1,1,-1,-1,1,-1,1,1,1,1,1,-1,1,1,1,1,-1,1,-1,-1,1,1,1,1,1,-1,1,1,1,1,1,1,1,-1,1,1,-1,1,1,-1,-1,1,1,1,1,1,1,-1,1,1,1,1,-1,1,-1,1,1,-1,1,1,1,-1,-1,1,1,1,1,1,-1,1,1,-1,1,1,1,-1,1,-1,1,1,1,-1,-1,1,-1,1,1,1,-1,-1,1,1,-1,1,1,-1,1,-1,-1,1,1,1,-1,1,-1,-1,-1,1,1,1,1,1,-1,-1,1,1,1,1,-1,1,-1,1,1,1,-1,1,-1,-1,1,1,1,1,-1,-1,-1,1,1,1,1,-1,-1,-1,-1,1,1,1,-1,-1,-1,-1,1,1,1,-1,1,-1,-1,1,1,1,-1,-1,-1,-1,1,1,1,-1,1,-1,1,1,1,1,-1,-1,-1,1,1,1,1,1,1,-1,1,1,1,1,-1,-1,-1,-1,1,1,1,-1,1,-1,-1,1,-1,1,-1,1,-1,-1,1,1,1,-1,1,-1,1,1,1,1,-1,1,-1,1,1,-1,1,1,1,1,-1,1,-1,1,-1,1,-1,-1,1,-1,1,1,1,-1,-1,1,-1,-1,1,1,1,-1,1,-1,-1,1,1,-1,1,1,-1,-1,1,1,-1,-1,1,-1,1,1,1,1,1,1,-1,1,1,1,1,1,1,-1,1,1,1,1,1,1,1,-1,1,1,1,1,1,1,-1,1,1,-1,1,1,1,1,1,1,1,1,1,-1,1,1,1,1,-1,1,-1,1,1,1,1,1,1,-1,-1,1,1,-1,1,1,1,-1,1,1,1,1,1,1,1,1,1,1,1,1,1,-1,1,1,1,1,1,-1,1,-1,1,1,-1,1,1,1,1,1,1,1,1,1,-1,-1,1,-1,1,1,1,-1,-1,1,1,1,1,1,-1,-1,1,1,-1,1,1,-1,-1,1,1,-1,-1,1,-1,-1,-1,1,-1,1,1,1,-1,-1,1,1,-1,1,-1,1,1,1,-1,-1,-1,-1,-1,1,1,-1,1,1,-1,-1,1,-1,-1,1,1,1,-1,1,-1,-1,1,1,-1,-1,1,1,1,-1,1,1,-1,-1,1,-1,1,1,1,-1,1,1,-1,-1,-1,1,1,1,1,1,-1,1,1,-1,1,1,1,1,-1,1,1,-1,1,-1,1,-1,1,-1,1,1,1,1,-1,-1,1,-1,1,1,1,-1,1,1,1,-1,1,1,-1,-1,1,-1,1,1,1,-1,1,1,1,1,1,1,-1,1,-1,-1,1,1,-1,-1,1,1,1,1,1,-1,-1,1,-1,1,1,1,-1,-1,1,-1,-1,1,1,-1,-1,1,-1,1,1,1,1,-1,1,-1,-1,1,1,1,-1,-1,-1,-1,1,1,-1,-1,1,-1,-1,1,-1,1,-1,-1,1,-1,1,-1,1,-1,-1,1,-1,-1,1,1,1,-1,1,-1,1,-1,1,1,1,-1,-1,1,-1,-1,1,-1,1,-1,1,-1,1,-1,1,1,-1,-1,-1,-1,1,-1,1,1,1,-1,-1,-1,1,1,-1,1,-1,-1,-1,1,1,-1,1,-1,-1,1,1,1,-1,1,-1,-1,-1,-1,1,1,1,-1,1,-1,-1,1,-1,1,-1,-1,1,1,1,-1,1,1,-1,-1,-1,-1,-1,1,1,-1,-1,-1,-1,-1,-1,1,-1,-1,-1,1,1,1,-1,-1,-1,-1,1,1,1,-1,1,-1,1,-1,1,1,1,-1,-1,-1,-1,-1,1,-1,1,-1,-1,1,-1,1,1,-1,1,-1,-1,1,1,1,-1,1,-1,-1,-1,1,1,-1,-1,-1,-1,-1,1,1,-1,1,-1,-1,-1,1,1,1,-1,1,-1,-1,1,1,-1,-1,-1,-1,-1,1,1,1,-1,1,-1,-1,-1,-1,1,-1,1,-1,-1,1,-1,-1,1,1,1,-1,1,1,-1,1,-1,1,-1,1,-1,-1,1,-1,1,-1,1,1,-1,1,-1,-1,-1,-1,1,-1,1,-1,1,-1,-1,1,-1,1,-1,1,-1,-1,-1,-1,-1,-1,-1,-1,-1,1,-1,1,-1,-1,-1,-1,-1,-1,1,-1,-1,-1,-1,1,-1,-1,1,-1,-1,-1,1,-1,-1,1,-1,-1,-1,-1,-1,1,1,-1,-1,-1,-1,-1,1,-1,-1,-1,1,-1,-1,1,-1,1,-1,-1,-1,-1,-1,-1,-1,1,-1,-1,-1,1,1,-1,-1,-1,-1,1,-1,-1,-1,-1,-1,-1,-1,1,-1,1,-1,-1,-1,-1,1,-1,1,1,-1,1,-1,-1,1,1,-1,-1,-1,-1,-1,-1,1,1,-1,-1,1,-1,1,1,-1,-1,-1,-1,-1,1,1,-1,-1,-1,1,-1,1,1,1,-1,-1,-1,1,1,1,-1,-1,1,-1,-1,1,1,1,-1,1,-1,-1,1,1,-1,1,-1,1,-1,1,1,1,-1,1,1,-1,1,1,-1,-1,1,1,-1,1,1,1,-1,-1,1,-1,-1,1,1,-1,1,1,-1,1,-1,1,1,-1,1,-1,-1,1,-1,1,-1,1,-1,1,1,1,1,-1,1,1,1,1,1,-1,-1,1,1,-1,1,1,-1,1,-1,1,-1,1,1,-1,1,1,-1,1,1,1,-1,-1,1,1,-1,1,1,-1,1,1,-1,-1,1,1,-1,1,-1,1,-1,1,1,-1,-1,-1,1,-1,1,1,1,-1,1,-1,-1,-1,-1,-1,1,-1,1,-1,-1,1,-1,1,-1,1,1,-1,1,-1,-1,1,-1,-1,-1,1,1,-1,-1,-1,1,-1,-1,-1,1,-1,1,-1,1,-1,1,-1,-1,1,-1,-1,1,1,-1,-1,1,-1,1,-1,1,-1,-1,1,-1,-1,1,1,-1,-1,1,1,1,-1,1,-1,-1,1,-1,1,1,1,1,-1,1,1,1,-1,1,-1,-1,1,1,1,-1,1,1,-1,1,1,1,1,1,1,-1,1,-1,1,-1,1,1,-1,1,1,1,-1,1,1,-1,-1,1,1,1,-1,1,-1,1,1,1,-2644.0,1,2000,445,1000,True
2851,1,1,-1,-1,1,-1,1,1,1,1,1,-1,1,1,1,1,-1,1,-1,-1,1,1,1,1,1,-1,1,1,1,1,1,1,1,-1,1,1,-1,1,1,1,-1,1,1,1,1,1,1,-1,1,-1,1,1,-1,1,-1,1,-1,-1,1,1,1,-1,-1,1,1,1,1,1,-1,1,1,-1,1,1,1,1,1,1,-1,1,1,-1,-1,1,-1,1,1,1,1,-1,1,-1,-1,1,1,1,1,-1,-1,1,1,1,1,1,-1,-1,-1,1,1,1,1,1,-1,-1,1,1,1,1,-1,-1,-1,1,1,1,1,1,-1,-1,1,1,1,1,-1,-1,-1,1,1,1,1,-1,-1,-1,1,1,1,1,-1,-1,-1,-1,1,1,1,-1,1,-1,-1,1,1,1,-1,1,-1,-1,1,1,1,-1,1,-1,1,1,1,1,-1,-1,-1,1,1,1,-1,1,1,-1,1,1,1,-1,-1,-1,-1,-1,1,1,-1,-1,1,-1,1,1,-1,1,-1,1,-1,1,1,1,1,-1,1,-1,1,1,-1,1,-1,1,-1,1,1,1,1,1,1,1,-1,1,-1,1,-1,1,-1,-1,1,1,1,1,1,-1,-1,1,-1,-1,1,1,1,-1,1,1,-1,1,1,-1,1,1,-1,-1,1,1,-1,-1,1,-1,1,1,1,1,1,1,-1,1,1,1,1,1,1,-1,1,1,1,1,1,1,-1,-1,1,1,1,1,1,1,-1,1,1,-1,-1,1,1,1,1,1,1,1,1,-1,1,1,1,1,1,-1,1,1,1,1,1,1,1,-1,-1,1,1,-1,1,1,1,-1,1,1,1,1,1,1,1,1,1,1,1,1,1,-1,1,1,1,1,1,1,-1,1,1,1,-1,1,1,1,1,1,1,1,1,1,-1,-1,1,-1,1,1,1,-1,-1,1,1,1,1,1,-1,-1,1,1,-1,1,1,-1,-1,1,1,1,-1,1,-1,-1,1,1,-1,1,1,1,-1,1,1,1,-1,1,-1,1,1,1,-1,-1,-1,-1,-1,1,1,-1,1,1,-1,-1,1,-1,-1,1,1,-1,-1,1,-1,1,1,1,-1,-1,1,1,1,-1,1,1,1,-1,1,-1,1,1,1,-1,1,1,-1,-1,-1,1,1,-1,1,1,-1,1,1,-1,1,1,1,1,-1,1,1,-1,1,1,-1,-1,1,-1,1,1,1,-1,-1,-1,1,-1,1,1,1,-1,1,1,1,-1,1,-1,1,-1,1,-1,1,1,1,-1,1,1,1,-1,1,-1,-1,1,-1,1,1,-1,1,-1,1,1,1,1,-1,1,-1,1,-1,1,1,1,-1,-1,1,-1,-1,1,-1,1,-1,1,-1,1,1,1,-1,-1,1,-1,-1,1,1,-1,-1,-1,-1,-1,1,-1,1,-1,1,-1,-1,1,-1,1,-1,-1,1,-1,1,-1,1,1,-1,1,-1,-1,1,1,1,-1,1,-1,1,-1,1,1,1,-1,1,1,-1,-1,-1,1,1,1,-1,-1,-1,1,1,1,1,-1,-1,-1,1,-1,1,1,1,-1,-1,-1,1,1,-1,1,-1,-1,-1,1,1,1,1,-1,-1,-1,1,1,-1,1,-1,-1,-1,-1,1,1,1,-1,1,-1,-1,1,-1,1,-1,-1,1,-1,1,-1,1,1,-1,-1,-1,-1,-1,1,1,-1,-1,-1,-1,-1,1,1,-1,-1,-1,1,1,1,-1,-1,-1,-1,1,1,1,-1,1,-1,1,-1,1,1,1,-1,-1,-1,-1,-1,1,-1,1,-1,-1,1,-1,1,1,-1,1,-1,-1,1,1,1,-1,1,-1,-1,-1,1,1,-1,1,-1,-1,-1,1,1,-1,1,-1,-1,-1,1,1,-1,-1,1,-1,-1,1,1,-1,-1,-1,-1,-1,1,1,1,-1,1,1,-1,-1,-1,1,-1,-1,1,-1,1,-1,-1,1,1,1,-1,-1,1,-1,1,-1,1,-1,1,-1,-1,1,-1,1,-1,-1,1,-1,1,-1,1,-1,-1,1,-1,1,-1,1,-1,-1,1,-1,1,-1,1,-1,-1,-1,1,1,-1,-1,-1,-1,1,-1,-1,1,1,-1,-1,-1,-1,1,-1,1,-1,-1,1,1,-1,1,-1,-1,-1,1,-1,-1,-1,1,-1,-1,-1,-1,1,1,-1,-1,-1,-1,-1,1,1,-1,-1,1,-1,-1,1,1,1,-1,-1,-1,-1,-1,1,-1,1,-1,-1,-1,1,-1,1,-1,-1,-1,1,-1,1,1,-1,1,-1,-1,1,-1,-1,-1,-1,-1,-1,1,1,-1,1,-1,1,-1,-1,1,1,-1,-1,-1,-1,-1,-1,1,1,-1,-1,1,-1,1,-1,-1,-1,-1,1,-1,1,1,-1,-1,1,-1,-1,1,-1,1,-1,1,-1,1,-1,1,-1,-1,1,-1,-1,1,1,-1,-1,1,-1,-1,1,1,-1,1,1,-1,-1,1,1,-1,-1,1,-1,-1,1,1,1,-1,1,-1,-1,1,1,1,-1,-1,1,-1,-1,1,1,-1,1,1,-1,1,-1,1,-1,-1,1,-1,-1,1,-1,-1,-1,1,-1,1,1,1,-1,-1,1,-1,1,1,1,-1,-1,1,1,-1,1,1,-1,1,-1,1,-1,1,1,-1,1,1,-1,1,1,-1,-1,1,1,1,-1,1,-1,1,-1,1,-1,-1,1,1,-1,1,-1,1,-1,1,1,-1,-1,-1,1,-1,1,1,-1,-1,1,1,-1,-1,-1,-1,1,-1,1,-1,-1,1,-1,1,-1,1,1,-1,1,-1,-1,1,-1,1,-1,-1,1,-1,-1,-1,1,-1,-1,-1,1,-1,1,-1,1,-1,1,-1,1,1,1,-1,1,1,-1,-1,1,-1,1,-1,1,-1,-1,1,-1,-1,1,1,-1,-1,1,1,1,-1,1,-1,-1,1,-1,1,1,1,1,-1,1,-1,1,-1,1,-1,-1,1,1,1,-1,1,1,-1,1,-1,1,1,1,1,-1,1,-1,1,-1,1,1,-1,1,1,1,-1,1,1,-1,1,-1,1,1,-1,1,-1,-1,1,1,-2644.0,1,2000,445,1000,True
2852,-1,-1,1,1,1,1,-1,1,-1,-1,-1,1,-1,-1,-1,-1,1,-1,1,-1,-1,1,-1,-1,-1,1,-1,-1,1,-1,-1,-1,1,-1,-1,1,1,-1,-1,1,-1,-1,1,-1,-1,-1,1,1,-1,-1,-1,-1,1,1,-1,1,-1,1,-1,-1,1,1,-1,1,-1,-1,-1,1,1,-1,1,-1,-1,-1,1,1,1,1,-1,-1,-1,-1,1,-1,-1,-1,-1,1,1,1,1,-1,-1,-1,-1,1,-1,1,-1,1,-1,-1,1,1,-1,-1,-1,-1,-1,1,1,1,-1,-1,-1,-1,1,1,1,-1,-1,-1,-1,1,1,1,-1,-1,1,-1,1,1,-1,-1,-1,-1,-1,1,1,-1,-1,-1,-1,-1,-1,1,1,-1,-1,-1,-1,1,1,1,1,-1,1,-1,-1,1,-1,-1,-1,-1,1,-1,1,-1,1,-1,1,-1,1,1,-1,-1,-1,-1,1,1,-1,1,1,-1,-1,-1,1,-1,-1,-1,-1,1,-1,1,-1,-1,1,1,-1,-1,1,-1,-1,1,-1,1,1,1,1,-1,1,-1,1,1,-1,-1,-1,1,1,1,-1,1,1,-1,1,1,-1,-1,1,1,-1,1,-1,1,-1,1,1,-1,1,1,1,-1,1,-1,-1,1,1,1,-1,-1,1,-1,1,-1,-1,-1,1,-1,-1,1,1,1,-1,1,1,-1,1,-1,-1,-1,1,1,-1,1,-1,-1,-1,1,-1,-1,1,-1,1,-1,1,1,-1,1,1,1,-1,1,1,-1,1,1,-1,-1,-1,1,1,1,-1,-1,-1,1,1,-1,1,1,1,-1,-1,1,1,1,-1,-1,-1,1,1,1,-1,1,-1,-1,-1,1,1,1,-1,1,-1,-1,-1,1,1,-1,-1,-1,1,1,-1,1,-1,1,-1,-1,1,1,1,-1,1,-1,1,1,-1,1,-1,-1,-1,-1,-1,1,1,-1,-1,-1,-1,-1,1,-1,-1,-1,-1,-1,1,1,-1,-1,-1,1,1,1,1,-1,-1,1,1,-1,-1,1,1,-1,-1,1,-1,-1,-1,1,-1,-1,-1,1,-1,1,-1,1,-1,-1,-1,-1,1,1,-1,-1,1,1,-1,1,1,-1,-1,1,1,-1,1,1,-1,-1,1,-1,1,1,-1,-1,-1,-1,1,1,1,1,-1,-1,1,-1,-1,1,-1,-1,-1,1,-1,1,-1,-1,-1,-1,1,-1,-1,1,1,-1,1,1,-1,1,-1,1,-1,-1,1,-1,1,-1,1,1,-1,1,-1,-1,1,1,-1,-1,-1,-1,1,1,1,-1,-1,1,-1,1,-1,1,-1,-1,1,-1,-1,-1,-1,1,1,1,-1,1,-1,-1,-1,1,-1,1,1,-1,-1,-1,1,-1,-1,-1,-1,-1,-1,1,-1,1,-1,-1,-1,-1,1,-1,-1,1,-1,-1,-1,1,1,-1,-1,1,-1,-1,1,1,-1,-1,1,1,-1,1,-1,-1,1,-1,-1,1,1,1,-1,-1,-1,-1,1,1,1,1,-1,-1,-1,-1,-1,1,1,-1,1,-1,1,1,-1,-1,1,-1,1,1,-1,1,-1,-1,1,-1,1,-1,-1,1,-1,1,1,-1,-1,-1,1,1,1,1,1,-1,-1,1,-1,1,-1,1,-1,-1,-1,1,1,1,1,-1,-1,-1,-1,1,1,1,-1,-1,1,1,1,-1,1,-1,-1,-1,1,1,1,1,-1,-1,-1,-1,1,-1,1,1,-1,1,-1,1,1,1,-1,1,1,1,1,1,1,1,-1,1,-1,1,1,1,-1,1,1,1,-1,1,1,-1,-1,1,1,1,1,1,-1,1,1,1,-1,1,1,-1,1,1,1,1,1,1,1,1,1,1,-1,1,1,-1,1,1,1,1,1,1,1,1,1,1,1,1,1,-1,1,1,1,1,1,1,1,-1,1,-1,1,1,1,1,1,1,1,1,1,1,-1,1,1,1,-1,1,-1,-1,1,1,1,-1,1,1,-1,1,1,-1,1,1,1,1,1,1,1,-1,1,1,-1,1,1,-1,-1,1,1,-1,1,1,1,-1,1,1,-1,1,1,1,-1,1,1,-1,1,1,1,-1,1,1,1,1,1,1,-1,1,1,-1,-1,1,-1,-1,1,1,1,1,-1,1,-1,1,1,-1,1,1,1,-1,1,1,1,1,1,1,-1,1,1,-1,1,1,1,-1,1,1,1,1,1,-1,-1,1,-1,1,1,-1,-1,1,1,1,1,1,-1,-1,-1,-1,1,1,1,-1,1,1,1,1,-1,1,1,-1,-1,1,-1,1,1,1,1,1,1,1,1,1,1,-1,1,-1,1,-1,1,-1,1,1,1,1,1,1,1,-1,1,-1,1,1,1,1,-1,1,-1,-1,1,-1,1,1,1,1,-1,1,1,1,1,1,1,-1,1,1,1,1,1,-1,1,-1,1,-1,1,1,-1,-1,-1,1,-1,1,1,-1,1,-1,1,-1,1,1,-1,-1,-1,1,-1,1,1,-1,1,-1,1,1,1,1,-1,-1,-1,-1,1,1,1,-1,-1,1,-1,-1,1,-1,-1,-1,-1,-1,1,1,1,-1,-1,1,-1,-1,1,1,-1,-1,1,-1,1,1,1,1,-1,-1,-1,1,-1,1,-1,-1,-1,-1,1,-1,1,-1,-1,-1,1,1,-1,1,-1,-1,-1,-1,1,-1,1,-1,1,-1,-1,1,1,1,1,-1,1,-1,1,-1,1,1,-1,1,-1,1,-1,1,1,-1,1,1,-1,-1,-1,1,-1,1,-1,1,-1,1,1,-1,1,-1,1,-1,1,1,-1,-1,1,-1,-1,1,1,-1,1,1,-1,-1,1,1,1,1,-1,1,1,-1,-1,1,1,-1,1,-1,1,-1,-1,1,-1,-1,1,1,-1,1,1,1,-1,1,1,1,1,1,-1,-1,1,-1,1,-1,1,-1,-1,1,1,1,1,1,-1,-1,1,1,1,1,1,1,-1,1,-1,1,1,1,1,-1,1,1,-1,-1,1,1,-1,1,1,1,1,1,1,-1,-1,1,1,-1,1,1,1,-1,1,1,-1,1,1,-1,-1,1,-2644.0,1,2000,445,500,True
2853,1,1,-1,-1,1,-1,1,1,1,1,1,-1,1,1,1,1,-1,1,-1,-1,1,1,1,1,1,-1,1,1,1,1,1,1,-1,-1,1,1,-1,1,1,1,-1,1,1,1,1,1,-1,-1,1,-1,1,1,1,1,-1,1,1,-1,1,1,1,-1,-1,-1,1,1,1,-1,-1,1,1,-1,1,1,-1,1,1,1,-1,1,1,-1,-1,1,-1,1,1,-1,-1,1,1,1,-1,1,-1,-1,1,-1,-1,-1,1,-1,-1,1,-1,-1,-1,1,-1,-1,1,1,-1,-1,1,1,-1,1,1,-1,-1,1,1,-1,1,1,-1,-1,1,-1,-1,1,-1,-1,-1,-1,-1,1,1,-1,-1,-1,-1,1,-1,1,1,-1,-1,-1,1,-1,-1,1,1,-1,-1,-1,-1,1,-1,1,-1,-1,1,-1,1,-1,1,-1,-1,-1,-1,1,-1,-1,-1,1,-1,-1,-1,1,1,-1,-1,-1,1,-1,-1,-1,-1,-1,-1,1,-1,-1,1,-1,-1,-1,1,1,-1,1,-1,1,-1,-1,-1,-1,1,-1,1,1,-1,-1,-1,1,-1,1,-1,1,1,-1,1,1,-1,-1,1,1,-1,1,1,-1,1,-1,1,-1,1,-1,-1,-1,1,1,-1,1,1,-1,-1,-1,1,-1,1,-1,-1,-1,1,-1,-1,1,-1,1,-1,1,1,-1,1,1,-1,-1,1,-1,1,1,1,-1,-1,1,-1,1,1,1,1,-1,-1,1,-1,1,1,1,-1,1,1,-1,1,1,-1,-1,-1,1,1,1,1,-1,-1,1,1,-1,1,1,1,-1,-1,1,1,1,1,1,-1,1,1,1,1,-1,1,-1,1,-1,1,1,1,1,-1,1,-1,1,1,1,-1,-1,1,1,-1,1,1,-1,1,-1,-1,1,1,1,-1,1,-1,1,-1,1,1,1,1,1,-1,1,1,1,1,1,1,-1,1,-1,1,-1,1,1,-1,1,-1,1,1,-1,1,-1,1,-1,1,1,-1,1,-1,1,1,-1,1,-1,1,-1,-1,1,-1,1,-1,1,-1,1,-1,-1,1,1,-1,-1,1,1,-1,1,-1,1,-1,1,-1,1,1,-1,1,1,1,-1,1,1,-1,1,-1,1,-1,-1,1,-1,1,1,-1,1,-1,1,1,-1,1,-1,-1,-1,1,-1,-1,1,-1,1,-1,-1,1,-1,1,-1,-1,-1,-1,1,-1,1,-1,1,-1,-1,1,-1,1,-1,-1,-1,-1,1,-1,-1,1,1,-1,-1,1,-1,1,1,-1,1,-1,1,-1,1,-1,1,-1,-1,-1,-1,1,-1,-1,1,-1,1,-1,1,-1,1,-1,-1,-1,1,1,-1,1,-1,-1,-1,-1,1,-1,-1,1,-1,-1,1,-1,-1,1,1,1,-1,-1,1,-1,-1,1,-1,-1,-1,-1,-1,1,-1,1,-1,-1,-1,-1,1,-1,1,-1,-1,1,-1,1,1,1,-1,-1,-1,1,1,-1,1,-1,-1,-1,1,1,1,-1,1,1,-1,1,1,1,1,1,-1,1,-1,1,1,-1,1,-1,1,1,-1,1,-1,-1,1,-1,-1,1,-1,-1,-1,1,1,-1,-1,1,-1,-1,1,1,-1,-1,1,-1,-1,-1,-1,-1,-1,1,-1,-1,-1,-1,-1,-1,1,-1,-1,1,1,1,1,1,-1,1,1,1,-1,-1,1,-1,-1,-1,1,-1,-1,1,1,-1,1,1,1,-1,1,1,-1,-1,1,-1,-1,1,1,-1,-1,1,-1,1,1,-1,-1,1,1,-1,1,1,-1,-1,1,-1,1,1,1,1,-1,1,-1,-1,-1,1,1,-1,1,1,1,-1,1,1,-1,-1,1,1,1,1,1,-1,1,1,-1,-1,1,1,-1,-1,1,1,-1,1,1,-1,-1,1,-1,-1,1,1,-1,-1,-1,1,-1,1,1,-1,-1,1,1,-1,1,1,1,-1,-1,-1,-1,1,-1,1,-1,1,-1,-1,1,-1,1,-1,-1,1,-1,1,1,-1,-1,1,-1,-1,1,-1,1,-1,1,-1,-1,1,1,-1,-1,1,-1,-1,1,1,1,-1,1,-1,-1,-1,1,-1,-1,1,-1,-1,-1,1,1,1,1,1,-1,1,-1,1,-1,1,1,-1,-1,-1,1,-1,1,-1,-1,-1,1,1,1,-1,1,-1,-1,1,1,1,-1,1,-1,-1,1,1,-1,-1,1,-1,1,1,1,-1,1,-1,-1,1,1,1,1,-1,1,-1,1,1,1,1,-1,1,1,1,1,1,1,1,1,-1,1,-1,1,1,-1,1,1,1,1,1,-1,1,1,1,1,1,1,1,-1,1,-1,1,-1,1,-1,1,1,-1,1,1,1,-1,-1,1,1,1,1,1,-1,1,1,1,1,1,-1,-1,1,1,-1,1,1,1,-1,1,1,1,1,1,-1,1,1,1,1,1,1,-1,-1,1,1,1,-1,-1,1,-1,1,1,1,1,-1,-1,-1,1,1,1,1,-1,1,-1,1,1,1,1,-1,-1,-1,1,1,1,1,-1,1,-1,1,1,1,1,-1,-1,-1,1,-1,1,1,-1,-1,1,1,1,-1,1,1,-1,-1,1,1,1,1,-1,-1,1,1,1,1,-1,-1,-1,1,-1,1,1,-1,-1,-1,1,-1,1,1,-1,-1,-1,1,-1,1,-1,1,1,1,1,-1,1,-1,-1,-1,1,-1,-1,1,1,-1,-1,1,1,-1,1,1,-1,1,-1,1,-1,1,1,-1,1,1,-1,-1,-1,-1,-1,1,-1,1,-1,1,1,-1,1,-1,1,-1,1,1,-1,-1,1,-1,-1,-1,1,-1,1,1,-1,1,1,-1,1,1,-1,1,-1,1,-1,1,1,-1,1,-1,-1,-1,-1,1,-1,1,1,1,-1,1,1,1,-1,-1,-1,1,1,1,-1,1,1,1,-1,-1,1,-1,-1,1,1,1,1,1,-1,-1,1,1,-1,1,1,1,-1,1,1,-1,1,1,1,-1,1,1,1,1,1,-1,-1,1,1,-1,1,1,1,-1,1,1,-1,1,1,-1,1,-1,1,1,-1,1,1,-1,1,1,-2644.0,1,2000,445,500,True
2854,-1,-1,-1,-1,1,1,-1,1,-1,1,1,1,-1,1,-1,-1,1,1,1,1,-1,1,-1,1,1,1,-1,-1,-1,-1,1,1,1,1,-1,1,1,-1,1,-1,1,-1,1,-1,-1,1,1,1,-1,-1,-1,1,-1,1,1,-1,-1,1,-1,1,1,1,1,1,-1,-1,1,1,1,-1,1,-1,1,1,1,-1,-1,1,-1,-1,1,1,1,-1,-1,1,1,1,1,1,-1,-1,1,1,1,1,-1,1,-1,1,1,1,1,-1,1,-1,1,1,1,1,-1,1,-1,1,1,1,1,-1,1,-1,-1,1,1,1,-1,1,-1,-1,1,1,1,-1,1,-1,1,1,1,1,-1,-1,-1,-1,1,1,1,-1,1,-1,-1,1,1,1,-1,-1,1,-1,1,-1,1,-1,1,-1,-1,1,-1,-1,-1,1,-1,1,-1,-1,1,-1,1,-1,1,1,1,1,1,-1,1,-1,-1,-1,1,1,1,-1,1,1,-1,1,1,1,1,-1,-1,-1,-1,1,1,1,-1,-1,1,1,-1,1,1,1,-1,1,-1,1,1,1,-1,-1,-1,1,1,1,1,1,-1,-1,-1,1,1,1,1,-1,-1,1,1,1,1,-1,-1,1,-1,1,1,1,1,-1,-1,-1,1,1,1,-1,-1,-1,1,1,1,1,-1,-1,-1,1,1,-1,1,1,-1,-1,1,1,-1,1,-1,-1,-1,1,1,-1,1,1,1,-1,-1,1,1,1,1,-1,-1,1,1,1,1,-1,-1,-1,1,1,-1,1,1,-1,-1,1,1,-1,1,1,1,-1,1,1,-1,1,1,1,-1,1,1,-1,1,-1,1,-1,1,1,-1,1,1,1,-1,1,1,-1,1,1,-1,-1,1,-1,1,1,1,-1,1,1,1,-1,1,1,-1,1,1,-1,1,1,1,1,1,1,1,-1,1,1,1,1,1,1,-1,1,1,-1,1,1,1,-1,1,1,1,-1,1,-1,-1,1,1,1,1,1,1,-1,-1,1,1,-1,1,1,1,-1,1,1,1,-1,1,-1,1,1,1,1,1,1,-1,1,1,1,-1,-1,1,-1,1,1,1,-1,1,1,1,1,1,1,-1,1,-1,-1,1,1,1,-1,1,1,1,-1,1,1,-1,1,1,1,1,1,1,-1,-1,1,1,1,1,1,-1,1,1,-1,1,1,-1,-1,-1,1,1,-1,1,1,-1,-1,1,-1,1,1,1,-1,-1,-1,1,-1,1,1,1,-1,1,-1,1,-1,1,-1,-1,-1,1,-1,1,1,-1,-1,1,1,1,1,-1,1,-1,1,1,-1,1,-1,-1,-1,1,1,1,1,-1,-1,-1,1,-1,1,1,-1,-1,-1,1,-1,-1,1,-1,1,-1,1,-1,1,1,1,-1,-1,1,-1,-1,1,-1,-1,-1,-1,-1,1,1,-1,-1,-1,1,-1,-1,1,-1,-1,-1,-1,1,-1,1,-1,-1,1,-1,1,-1,-1,1,1,1,-1,1,-1,1,-1,1,1,1,-1,1,1,-1,-1,1,-1,1,-1,1,-1,1,-1,1,1,1,-1,-1,-1,1,-1,1,1,1,-1,-1,-1,1,1,-1,1,-1,-1,-1,1,1,1,1,-1,-1,1,1,1,1,1,-1,-1,-1,-1,1,-1,1,-1,1,-1,-1,1,1,1,-1,-1,1,-1,1,-1,1,1,-1,-1,-1,-1,1,1,1,-1,-1,-1,-1,1,1,-1,-1,-1,-1,1,1,1,-1,-1,-1,-1,1,1,1,-1,1,-1,1,-1,-1,1,1,-1,-1,-1,-1,1,1,1,-1,-1,-1,1,1,1,-1,-1,-1,-1,-1,-1,1,1,-1,1,-1,-1,1,-1,1,-1,-1,-1,-1,1,-1,1,-1,-1,-1,-1,1,-1,-1,1,-1,1,-1,1,-1,-1,-1,-1,-1,-1,1,-1,1,1,-1,-1,1,1,-1,1,1,-1,-1,1,1,-1,1,1,-1,-1,1,-1,1,1,-1,-1,-1,1,1,1,1,1,-1,1,1,-1,-1,1,-1,-1,-1,1,1,-1,1,1,-1,-1,1,1,-1,1,1,-1,-1,1,1,-1,1,1,1,-1,1,-1,-1,1,1,-1,1,1,-1,-1,1,1,-1,1,1,-1,-1,1,1,1,-1,1,-1,-1,1,1,1,-1,1,-1,-1,1,-1,-1,-1,1,-1,-1,1,1,-1,1,-1,-1,1,1,1,1,1,1,-1,1,1,1,1,1,1,1,1,1,1,-1,1,1,-1,-1,-1,1,1,-1,1,-1,1,1,1,-1,1,1,-1,1,1,1,-1,1,-1,1,-1,1,1,1,1,1,-1,-1,1,1,-1,1,1,1,-1,1,-1,-1,1,1,-1,-1,-1,1,-1,1,1,-1,-1,1,-1,-1,1,1,1,-1,1,-1,-1,1,1,-1,1,1,-1,1,1,1,-1,-1,-1,-1,-1,1,1,-1,1,1,-1,-1,1,1,-1,-1,1,-1,-1,1,1,-1,-1,1,-1,-1,1,1,-1,-1,-1,-1,-1,-1,1,-1,-1,1,-1,-1,1,-1,1,-1,1,-1,-1,-1,1,-1,1,-1,-1,-1,-1,1,-1,1,-1,-1,-1,1,1,-1,1,-1,-1,-1,-1,1,-1,1,-1,-1,-1,-1,1,-1,1,-1,-1,-1,1,1,1,1,-1,-1,1,-1,1,1,-1,1,-1,-1,-1,1,-1,1,-1,-1,-1,-1,1,-1,1,-1,-1,-1,-1,1,-1,1,-1,-1,1,-1,-1,1,1,-1,1,-1,-1,-1,-1,1,-1,-1,-1,1,-1,-1,1,1,-1,1,-1,-1,1,1,-1,-1,1,1,-1,1,1,-1,1,-1,-1,1,1,-1,-1,1,-1,1,-1,-1,1,-1,1,1,-1,1,1,-1,-1,-1,1,-1,-1,-1,-1,-1,1,-1,1,1,1,-1,1,1,1,-1,1,1,1,-1,1,1,-1,1,1,1,-1,1,1,1,1,1,1,-1,1,1,-1,1,1,1,-1,1,1,-1,1,1,-1,-1,1,1,1,1,1,-1,-1,-1,-1,1,1,-1,1,-1,1,1,-1,1,-2644.0,1,2000,445,1000,True
2855,-1,-1,1,1,1,1,-1,1,-1,-1,-1,1,-1,-1,-1,-1,1,-1,1,-1,-1,-1,-1,-1,-1,1,-1,-1,-1,-1,-1,-1,1,-1,-1,-1,1,-1,-1,1,-1,-1,-1,-1,-1,-1,1,1,-1,1,-1,-1,1,1,-1,1,-1,1,-1,-1,1,1,-1,1,-1,-1,-1,1,1,-1,-1,1,-1,-1,1,1,1,-1,1,-1,-1,-1,1,-1,1,-1,-1,1,1,1,1,-1,-1,-1,-1,1,-1,1,1,1,-1,-1,1,1,-1,1,-1,-1,1,1,1,1,1,1,-1,-1,1,1,1,1,-1,-1,-1,1,1,1,1,-1,1,-1,1,1,-1,1,-1,1,-1,1,1,-1,1,-1,1,-1,-1,1,1,1,1,-1,-1,1,1,1,-1,1,-1,1,-1,1,-1,1,1,1,-1,-1,1,-1,-1,1,-1,-1,1,1,-1,1,-1,1,1,1,-1,1,-1,1,-1,-1,1,-1,-1,1,1,1,-1,1,-1,-1,-1,1,1,-1,1,-1,-1,-1,1,1,-1,1,1,-1,-1,1,1,-1,-1,-1,-1,-1,1,1,-1,1,1,-1,-1,-1,1,1,-1,1,-1,-1,1,1,-1,1,1,-1,-1,1,1,-1,-1,-1,-1,-1,-1,1,-1,-1,1,-1,-1,1,-1,-1,1,-1,-1,-1,1,1,-1,-1,1,-1,1,-1,-1,-1,-1,1,-1,-1,1,1,-1,-1,1,-1,-1,-1,1,-1,-1,1,-1,1,-1,1,-1,-1,1,-1,1,-1,1,-1,-1,1,1,1,-1,-1,-1,-1,1,-1,1,1,-1,1,-1,1,1,1,-1,-1,-1,1,-1,1,1,1,-1,-1,-1,-1,1,1,-1,-1,-1,-1,1,1,1,-1,-1,-1,-1,1,-1,1,-1,-1,-1,-1,-1,1,1,-1,1,-1,-1,1,-1,1,-1,-1,-1,-1,-1,1,1,-1,-1,-1,-1,-1,1,-1,-1,-1,-1,-1,-1,1,-1,-1,1,-1,-1,1,1,-1,-1,1,1,-1,-1,1,1,-1,1,-1,-1,-1,-1,1,-1,-1,-1,-1,-1,1,-1,-1,1,1,1,1,1,1,-1,1,-1,1,-1,1,-1,1,-1,-1,1,-1,1,-1,1,1,-1,-1,1,1,-1,-1,-1,1,1,1,1,1,-1,1,-1,1,-1,1,-1,-1,1,-1,1,1,-1,1,-1,1,-1,1,-1,1,-1,-1,-1,1,1,1,-1,1,-1,1,1,1,1,-1,-1,-1,-1,1,1,1,1,1,-1,-1,1,1,1,-1,-1,1,-1,1,1,-1,1,1,-1,1,1,1,1,-1,-1,-1,1,1,1,-1,1,1,-1,1,1,-1,1,1,1,-1,1,1,-1,1,-1,-1,-1,1,1,1,-1,1,1,-1,-1,1,-1,1,-1,-1,1,-1,1,-1,1,-1,1,-1,1,1,-1,1,-1,1,-1,-1,1,-1,1,-1,1,1,-1,1,-1,-1,1,1,-1,-1,1,1,-1,1,1,1,1,1,1,-1,1,1,1,-1,1,-1,-1,-1,-1,-1,1,-1,-1,1,1,1,-1,1,-1,1,-1,-1,-1,1,1,-1,1,1,-1,1,-1,1,-1,1,1,-1,1,-1,1,-1,-1,-1,-1,1,-1,1,-1,-1,-1,-1,1,-1,1,-1,1,1,1,-1,-1,1,-1,1,1,-1,1,-1,1,-1,-1,1,-1,1,-1,-1,1,1,1,1,1,-1,1,1,1,1,-1,1,-1,-1,1,1,1,-1,-1,-1,1,1,1,1,-1,-1,-1,1,-1,1,-1,1,1,-1,-1,1,1,1,-1,1,-1,-1,1,1,1,1,1,1,-1,1,1,1,1,-1,1,-1,1,-1,1,-1,1,1,-1,1,1,1,1,1,1,-1,1,-1,1,-1,1,1,-1,1,1,-1,1,1,1,-1,1,1,1,1,1,1,-1,1,1,-1,1,1,-1,-1,1,1,-1,1,1,-1,-1,1,-1,1,1,1,-1,-1,1,-1,1,1,1,1,-1,1,1,-1,1,1,-1,-1,1,-1,1,1,1,1,-1,1,-1,1,1,1,1,-1,1,-1,-1,1,1,1,-1,1,1,-1,-1,1,-1,1,1,1,-1,1,1,1,-1,1,-1,1,-1,1,1,-1,-1,1,-1,1,1,1,-1,1,1,-1,-1,1,1,1,1,1,-1,-1,1,1,1,1,1,-1,-1,1,1,1,1,1,-1,1,1,1,1,1,1,-1,-1,1,1,1,1,1,-1,-1,1,1,1,-1,1,-1,-1,1,-1,1,1,1,-1,-1,1,1,1,1,-1,1,-1,-1,1,1,1,1,-1,-1,1,1,1,1,1,1,-1,-1,1,1,-1,1,-1,-1,-1,-1,-1,1,1,-1,1,1,-1,1,1,1,-1,1,1,-1,1,1,-1,-1,1,-1,1,1,1,1,-1,1,-1,-1,1,1,-1,1,1,-1,1,1,1,1,-1,1,-1,-1,1,1,1,-1,1,-1,1,-1,1,1,-1,1,-1,-1,-1,1,1,-1,1,-1,-1,1,1,1,-1,1,1,-1,-1,1,1,-1,1,-1,-1,-1,1,1,-1,1,-1,-1,1,-1,1,1,1,1,-1,-1,1,1,-1,-1,-1,-1,-1,1,1,-1,1,-1,-1,-1,1,1,1,1,-1,-1,-1,1,-1,1,1,-1,1,-1,1,1,-1,-1,1,-1,1,-1,1,-1,1,1,-1,1,-1,1,-1,1,1,-1,1,1,-1,-1,-1,1,-1,1,-1,1,-1,-1,1,-1,1,-1,1,1,-1,1,-1,-1,1,-1,-1,1,1,-1,1,1,-1,-1,-1,1,1,1,-1,1,1,1,-1,1,-1,1,1,-1,-1,-1,-1,1,-1,-1,1,1,-1,1,1,1,-1,-1,-1,1,1,1,-1,-1,1,1,1,-1,1,-1,-1,-1,1,1,1,1,-1,-1,1,1,1,1,1,1,-1,1,1,1,1,1,1,-1,1,1,-1,-1,1,1,-1,1,-1,1,1,1,1,-1,-1,1,1,-1,1,1,1,-1,1,1,-1,1,1,-1,-1,1,-2644.0,1,2000,445,500,True
2856,-1,-1,1,1,1,1,-1,1,-1,-1,-1,1,-1,-1,-1,-1,1,-1,1,-1,-1,-1,-1,-1,-1,1,-1,-1,-1,-1,-1,-1,1,-1,-1,-1,1,-1,-1,1,-1,-1,-1,-1,-1,-1,-1,1,-1,1,-1,-1,1,1,-1,1,-1,1,-1,-1,-1,1,-1,1,-1,-1,-1,-1,1,-1,-1,1,-1,-1,-1,1,1,-1,1,-1,-1,1,1,-1,1,-1,-1,-1,1,1,1,-1,-1,-1,-1,1,-1,1,1,1,-1,-1,1,1,-1,1,1,-1,-1,1,1,1,1,1,-1,-1,-1,1,1,1,1,-1,-1,-1,1,1,1,1,1,-1,-1,1,-1,1,1,1,-1,-1,1,-1,1,1,1,-1,-1,1,1,1,1,1,-1,-1,-1,1,-1,1,1,1,-1,-1,-1,1,1,1,-1,-1,1,-1,-1,1,-1,-1,-1,1,-1,1,1,1,-1,-1,-1,1,-1,1,-1,-1,-1,-1,-1,1,1,1,-1,-1,-1,-1,1,1,1,-1,-1,1,-1,-1,1,1,-1,-1,-1,-1,-1,1,1,-1,1,1,-1,-1,1,1,-1,1,-1,-1,-1,-1,1,1,-1,-1,-1,-1,1,1,-1,1,-1,-1,-1,1,1,-1,1,1,-1,-1,-1,1,-1,-1,1,-1,-1,1,-1,1,1,-1,-1,-1,1,1,-1,1,-1,-1,1,-1,-1,-1,1,-1,1,-1,1,1,-1,1,-1,1,-1,-1,1,-1,1,-1,-1,1,-1,1,-1,1,1,-1,1,-1,-1,-1,-1,1,1,1,-1,-1,-1,1,1,-1,1,1,-1,1,-1,1,1,1,-1,-1,-1,1,1,1,1,1,-1,-1,-1,1,1,1,-1,-1,-1,-1,-1,1,1,-1,-1,-1,1,1,-1,1,-1,-1,-1,-1,1,1,1,-1,1,-1,1,1,-1,1,-1,-1,-1,-1,-1,1,1,-1,-1,-1,-1,-1,1,-1,-1,-1,-1,-1,1,1,-1,-1,-1,1,1,-1,1,-1,-1,1,1,-1,-1,1,1,-1,-1,1,-1,1,1,1,-1,-1,-1,1,-1,1,-1,-1,-1,-1,-1,-1,1,1,-1,-1,1,1,-1,1,-1,-1,1,1,1,1,1,-1,-1,1,1,1,-1,1,-1,-1,-1,1,1,1,1,1,-1,-1,1,1,1,1,-1,-1,1,1,-1,1,-1,1,-1,-1,1,1,1,1,-1,-1,1,1,1,1,-1,1,-1,-1,1,1,1,1,-1,-1,-1,1,1,1,1,1,-1,-1,1,1,1,1,-1,1,-1,1,1,-1,1,1,-1,-1,1,-1,1,1,-1,-1,1,1,1,1,-1,1,-1,1,1,-1,1,-1,1,-1,1,1,-1,1,-1,-1,-1,1,1,-1,1,1,1,-1,1,-1,1,1,-1,-1,1,-1,1,-1,1,1,1,-1,1,1,1,-1,-1,1,-1,1,-1,-1,1,-1,1,1,1,1,-1,-1,1,1,-1,1,1,1,-1,1,1,1,-1,1,1,-1,1,1,1,1,-1,-1,1,-1,-1,-1,1,-1,-1,1,-1,1,-1,1,-1,1,-1,-1,-1,1,1,-1,1,1,-1,1,-1,1,-1,1,1,-1,1,-1,1,-1,-1,-1,-1,1,-1,1,-1,-1,-1,-1,1,-1,1,-1,1,1,1,-1,-1,1,-1,1,1,-1,1,-1,1,-1,-1,1,-1,1,-1,-1,1,1,1,1,1,-1,1,1,1,1,-1,1,-1,-1,1,1,1,-1,-1,-1,1,1,1,1,-1,-1,-1,1,-1,1,-1,1,1,-1,-1,1,1,1,-1,-1,-1,-1,1,1,1,1,1,-1,-1,1,1,1,1,1,-1,-1,1,1,1,-1,1,-1,1,1,1,1,1,1,-1,-1,1,1,1,1,1,-1,-1,1,1,-1,1,1,-1,-1,1,1,1,1,1,1,-1,1,1,1,-1,1,-1,-1,1,1,1,-1,1,-1,-1,1,1,1,1,1,-1,-1,1,1,1,-1,1,1,-1,1,1,-1,-1,1,-1,-1,1,1,1,-1,1,1,-1,1,1,1,-1,1,1,-1,1,-1,1,-1,1,1,-1,1,1,1,-1,1,-1,1,1,-1,-1,-1,1,1,-1,1,-1,-1,-1,1,1,-1,-1,1,-1,1,1,1,-1,1,1,1,-1,1,1,1,1,1,1,-1,1,1,1,1,1,-1,-1,1,1,1,1,-1,-1,1,1,1,1,1,-1,-1,-1,1,1,1,1,-1,1,1,1,1,1,-1,1,-1,-1,1,-1,1,1,1,-1,-1,1,1,1,1,1,-1,1,1,1,1,1,-1,-1,-1,1,1,1,1,1,-1,-1,-1,1,1,1,1,-1,1,-1,1,1,-1,1,-1,1,1,1,1,1,1,-1,-1,-1,1,1,1,1,-1,1,1,1,1,1,-1,-1,1,1,1,-1,1,-1,-1,1,-1,1,-1,1,-1,-1,1,-1,1,-1,1,-1,1,1,1,1,1,-1,1,-1,-1,-1,1,1,-1,1,-1,1,-1,1,-1,-1,-1,1,-1,1,-1,1,-1,1,-1,1,-1,-1,1,-1,-1,1,-1,-1,-1,1,-1,1,-1,1,1,-1,1,-1,1,-1,-1,-1,1,1,-1,1,-1,1,-1,-1,-1,1,-1,1,1,-1,1,1,-1,1,-1,1,-1,-1,1,-1,-1,-1,1,1,-1,-1,1,1,-1,1,1,-1,1,-1,1,-1,1,1,-1,1,1,-1,-1,-1,1,-1,1,-1,1,-1,-1,1,-1,1,1,-1,1,-1,1,-1,-1,1,-1,-1,-1,1,-1,1,1,-1,1,-1,1,1,1,-1,1,-1,1,-1,1,1,-1,-1,-1,-1,-1,-1,1,-1,1,-1,1,-1,1,1,1,-1,1,-1,1,1,1,-1,-1,-1,1,1,-1,1,-1,-1,1,1,1,1,1,-1,-1,1,1,1,1,1,1,-1,-1,1,1,1,1,1,-1,1,1,-1,-1,1,-1,-1,1,1,1,1,1,1,-1,-1,1,1,-1,1,-1,1,-1,1,1,-1,1,1,-1,-1,1,-2644.0,1,2000,445,500,True
2857,-1,-1,1,1,1,1,-1,1,-1,-1,-1,1,-1,-1,-1,-1,1,-1,1,-1,-1,1,-1,-1,-1,1,-1,-1,1,-1,-1,-1,1,-1,-1,1,1,-1,-1,1,-1,-1,1,-1,-1,-1,1,1,-1,-1,1,-1,1,1,-1,1,-1,1,-1,-1,1,1,-1,1,-1,-1,-1,1,1,-1,1,-1,-1,-1,1,1,1,1,-1,-1,-1,-1,1,-1,-1,-1,-1,1,1,1,1,-1,-1,-1,1,1,-1,1,-1,1,-1,1,1,1,-1,-1,-1,-1,1,1,1,1,-1,1,-1,1,1,1,1,-1,-1,-1,-1,1,1,1,-1,-1,-1,1,1,1,-1,-1,-1,1,1,1,1,-1,-1,-1,1,-1,1,1,1,-1,-1,-1,-1,1,1,1,1,-1,1,1,1,1,-1,1,-1,-1,1,-1,1,-1,1,-1,1,-1,1,1,-1,-1,-1,-1,1,1,-1,1,1,-1,1,-1,1,-1,-1,-1,-1,1,-1,1,-1,-1,1,-1,1,-1,1,-1,-1,1,-1,1,1,1,1,-1,1,-1,1,-1,1,-1,-1,1,1,1,-1,1,1,-1,1,1,-1,1,-1,1,-1,1,-1,1,-1,1,1,-1,1,1,1,-1,1,-1,-1,1,1,1,-1,-1,1,-1,1,1,-1,-1,1,-1,-1,1,1,1,-1,1,1,-1,1,-1,-1,-1,1,1,-1,1,1,-1,-1,1,1,-1,1,-1,1,-1,1,1,-1,1,1,1,-1,1,1,-1,1,1,-1,-1,-1,1,1,1,-1,-1,-1,1,1,-1,1,1,1,-1,-1,1,1,1,-1,-1,-1,1,1,1,-1,1,-1,-1,-1,1,1,1,-1,1,-1,-1,-1,1,1,-1,-1,-1,1,1,-1,1,-1,-1,-1,-1,1,1,1,-1,1,-1,1,1,-1,1,-1,-1,-1,-1,-1,1,1,-1,-1,-1,-1,-1,1,-1,-1,-1,-1,-1,1,1,-1,-1,-1,1,1,1,1,-1,-1,1,1,-1,-1,1,1,-1,-1,1,-1,-1,-1,1,-1,-1,-1,1,-1,1,-1,-1,-1,-1,-1,-1,1,1,-1,-1,1,1,-1,1,-1,-1,-1,1,1,-1,1,-1,-1,-1,1,-1,1,1,-1,-1,-1,-1,1,1,1,1,-1,-1,1,-1,-1,1,-1,-1,-1,1,-1,1,-1,1,-1,-1,1,-1,-1,1,-1,-1,1,1,-1,1,-1,1,-1,-1,1,-1,1,-1,-1,-1,-1,1,-1,-1,1,1,-1,-1,-1,-1,1,1,-1,1,-1,1,-1,1,-1,1,-1,-1,1,-1,-1,-1,-1,-1,1,1,-1,1,-1,1,-1,1,-1,1,1,-1,1,-1,1,-1,-1,-1,-1,-1,-1,1,-1,1,-1,-1,1,-1,1,-1,-1,1,-1,-1,1,-1,1,-1,-1,1,1,-1,1,1,-1,-1,1,1,-1,1,-1,-1,1,-1,1,1,1,1,-1,-1,-1,1,-1,1,1,-1,-1,-1,1,1,-1,1,1,-1,1,1,1,1,-1,-1,1,-1,1,1,-1,1,-1,1,1,-1,1,-1,-1,1,-1,-1,1,-1,-1,-1,1,1,-1,1,1,-1,-1,1,1,-1,-1,1,-1,-1,-1,-1,-1,1,1,-1,-1,-1,-1,-1,1,1,-1,-1,1,1,1,-1,1,-1,-1,1,1,-1,1,1,-1,-1,-1,1,-1,-1,1,1,-1,1,1,1,1,1,-1,1,1,1,-1,1,1,1,-1,1,1,-1,1,1,-1,1,1,1,-1,1,1,-1,-1,1,-1,1,-1,1,-1,1,1,1,-1,1,1,-1,1,1,1,1,1,1,1,1,1,1,1,1,1,-1,1,1,1,-1,1,1,1,1,1,1,1,1,1,-1,1,1,1,1,1,1,1,-1,1,-1,1,1,1,1,1,1,1,1,1,1,-1,1,1,1,-1,1,-1,-1,1,1,1,-1,1,1,-1,1,1,1,1,1,-1,-1,1,1,1,-1,1,1,-1,1,1,-1,-1,1,-1,1,1,1,1,1,1,1,-1,1,1,1,-1,1,1,-1,1,1,1,-1,1,1,-1,1,1,1,-1,1,-1,1,1,1,-1,-1,1,1,-1,1,-1,1,-1,1,1,-1,1,1,1,-1,1,1,-1,1,1,1,-1,1,1,-1,1,1,1,-1,1,-1,1,1,1,-1,-1,1,-1,1,1,-1,-1,1,1,1,1,1,-1,-1,-1,1,-1,1,1,-1,1,-1,1,-1,1,1,1,-1,-1,1,-1,1,1,1,1,1,1,1,1,1,1,-1,1,1,-1,1,1,-1,1,1,1,-1,1,1,1,-1,1,-1,-1,1,1,1,-1,1,-1,-1,-1,-1,1,1,1,1,-1,1,1,1,1,1,1,-1,1,1,1,1,1,-1,1,1,1,-1,1,1,-1,-1,-1,1,-1,1,1,-1,1,-1,1,-1,1,1,-1,-1,-1,1,-1,1,1,-1,-1,-1,1,1,1,1,-1,-1,-1,-1,1,1,1,-1,-1,-1,-1,-1,1,-1,1,-1,-1,-1,1,1,1,-1,-1,-1,-1,-1,1,1,-1,-1,1,-1,1,1,1,1,-1,-1,-1,1,-1,1,-1,-1,-1,-1,1,-1,1,-1,-1,-1,1,1,-1,1,-1,-1,-1,-1,1,-1,1,-1,1,-1,-1,1,1,1,1,-1,1,-1,1,-1,1,1,-1,1,-1,1,-1,1,1,-1,1,1,-1,-1,-1,1,-1,1,-1,1,-1,1,1,-1,1,-1,1,-1,1,1,-1,-1,1,-1,-1,1,1,-1,1,1,-1,-1,1,1,1,1,-1,1,1,-1,-1,1,1,-1,1,-1,1,-1,-1,1,-1,-1,1,1,-1,1,1,1,-1,1,1,1,1,1,-1,-1,1,-1,1,-1,1,-1,-1,1,1,1,1,1,-1,-1,1,1,1,1,1,1,-1,1,-1,1,1,1,1,-1,1,1,-1,-1,1,1,-1,1,1,1,1,1,1,-1,-1,1,1,-1,1,1,1,-1,1,1,-1,1,1,-1,-1,1,-2644.0,1,2000,445,500,True
2858,-1,-1,1,1,1,1,-1,1,-1,-1,-1,1,-1,1,-1,-1,1,-1,1,1,-1,1,-1,-1,-1,1,-1,-1,1,-1,-1,-1,1,1,-1,1,1,-1,-1,-1,1,-1,1,-1,-1,-1,-1,-1,1,-1,1,-1,1,-1,1,-1,-1,1,-1,-1,-1,1,1,1,-1,-1,-1,-1,-1,-1,1,-1,-1,-1,-1,-1,-1,1,-1,-1,-1,1,1,-1,-1,-1,-1,-1,-1,1,-1,-1,-1,-1,-1,-1,-1,1,-1,1,-1,-1,-1,-1,1,-1,-1,-1,-1,-1,-1,1,-1,1,-1,-1,-1,-1,1,-1,-1,-1,-1,-1,-1,1,-1,-1,1,-1,-1,-1,-1,-1,-1,-1,-1,-1,-1,-1,-1,-1,-1,-1,-1,-1,1,-1,-1,-1,-1,-1,-1,-1,1,-1,1,-1,-1,-1,-1,1,-1,-1,-1,-1,1,-1,1,-1,-1,-1,-1,-1,-1,-1,-1,-1,-1,-1,-1,1,1,-1,-1,-1,-1,-1,-1,-1,-1,1,-1,-1,1,-1,-1,1,-1,-1,-1,1,-1,1,-1,1,-1,-1,-1,1,1,-1,1,-1,-1,-1,1,1,1,1,-1,1,-1,-1,1,1,-1,-1,-1,-1,1,1,-1,1,-1,1,-1,-1,1,1,1,-1,1,1,-1,1,1,1,-1,-1,1,-1,1,-1,-1,1,1,1,-1,1,1,1,-1,1,-1,-1,1,-1,-1,-1,1,-1,-1,1,-1,-1,-1,1,-1,-1,1,-1,1,1,1,-1,-1,1,1,1,-1,1,1,-1,1,1,-1,-1,-1,1,-1,1,-1,-1,-1,1,1,-1,1,1,1,-1,-1,1,-1,1,-1,-1,-1,1,1,-1,1,1,-1,-1,-1,1,-1,1,-1,-1,1,-1,-1,1,1,-1,-1,-1,1,1,-1,1,-1,1,-1,-1,1,-1,1,-1,1,-1,1,1,-1,1,-1,-1,-1,-1,-1,1,1,-1,-1,-1,-1,-1,1,-1,-1,-1,-1,-1,1,1,-1,-1,-1,1,1,-1,1,-1,-1,1,1,-1,-1,1,1,-1,-1,1,-1,1,1,1,-1,-1,-1,1,-1,1,-1,-1,-1,-1,-1,-1,1,1,-1,-1,1,1,-1,1,-1,1,-1,1,1,1,1,-1,-1,-1,1,1,-1,1,-1,-1,-1,1,1,1,1,1,-1,-1,1,1,1,1,-1,-1,-1,1,-1,1,-1,1,-1,1,-1,1,1,1,-1,-1,1,1,1,1,-1,1,-1,-1,1,1,1,1,-1,-1,-1,-1,1,1,1,1,-1,-1,1,1,1,1,-1,1,-1,1,1,-1,1,1,-1,1,1,-1,1,1,-1,-1,1,1,1,1,-1,1,-1,1,1,-1,1,-1,1,-1,1,1,-1,1,-1,-1,-1,1,1,-1,1,1,1,1,-1,1,1,1,-1,-1,1,-1,1,-1,1,-1,1,-1,1,1,1,-1,-1,1,-1,-1,1,-1,1,-1,1,1,-1,1,1,-1,1,1,-1,-1,1,1,-1,1,1,1,1,1,1,-1,1,1,1,-1,-1,1,1,-1,1,1,-1,1,-1,1,-1,-1,1,-1,-1,1,-1,-1,1,-1,-1,-1,1,1,-1,1,1,-1,-1,1,1,-1,-1,1,-1,-1,-1,-1,-1,1,1,-1,-1,-1,-1,-1,1,1,-1,-1,1,1,1,-1,1,-1,-1,1,1,-1,1,1,-1,-1,-1,1,-1,-1,1,1,-1,1,1,1,1,1,-1,1,1,1,-1,1,1,1,-1,1,1,-1,1,1,-1,1,1,1,-1,1,1,-1,-1,1,-1,1,-1,1,-1,1,1,1,-1,1,1,-1,1,1,1,1,1,1,1,1,1,1,1,1,1,-1,1,-1,1,-1,1,1,1,1,1,1,1,1,1,-1,1,1,1,-1,1,1,1,-1,1,-1,1,1,1,1,1,1,1,1,1,1,-1,1,1,1,1,1,-1,-1,1,1,1,1,1,1,-1,1,1,1,1,1,1,1,1,1,1,1,1,1,-1,1,1,-1,1,1,1,-1,1,1,1,-1,1,1,-1,1,1,1,1,1,1,-1,1,1,-1,1,1,1,1,1,1,-1,-1,1,1,-1,-1,1,-1,-1,1,1,1,1,-1,1,-1,1,1,-1,1,1,1,-1,1,1,-1,1,-1,1,-1,1,1,1,1,1,1,-1,1,1,1,1,1,-1,1,1,-1,1,1,-1,1,-1,1,1,1,1,-1,-1,-1,-1,1,1,1,-1,-1,-1,1,1,1,-1,1,-1,-1,1,1,1,1,1,-1,-1,1,1,1,1,1,-1,-1,1,1,1,1,-1,-1,-1,1,1,1,1,1,-1,-1,-1,1,1,1,1,-1,-1,1,1,1,-1,1,-1,1,1,1,1,1,1,-1,-1,-1,1,1,1,1,-1,-1,1,1,1,1,-1,-1,-1,1,1,-1,1,-1,-1,1,1,1,-1,1,-1,-1,-1,1,1,-1,1,-1,1,1,1,1,1,-1,1,-1,-1,-1,1,1,-1,1,-1,1,-1,1,-1,-1,-1,1,-1,-1,1,1,-1,1,-1,1,-1,1,1,-1,1,1,-1,-1,1,1,-1,1,-1,1,-1,1,1,-1,1,-1,-1,1,1,1,-1,1,-1,1,1,1,-1,1,-1,1,1,1,1,1,-1,1,-1,1,1,-1,1,-1,-1,-1,1,-1,1,-1,1,1,-1,1,-1,1,1,-1,1,-1,1,-1,1,1,1,-1,-1,-1,1,1,-1,1,1,-1,-1,-1,1,-1,1,-1,1,-1,-1,1,1,1,-1,-1,-1,1,1,1,1,-1,1,-1,1,1,-1,1,1,-1,1,1,1,1,1,-1,-1,-1,-1,1,1,-1,1,-1,1,1,-1,1,1,-1,1,-1,-1,1,1,1,-1,-1,1,1,-1,1,1,-1,1,1,1,1,1,1,-1,1,1,1,1,1,1,-1,-1,1,1,1,1,1,-1,1,1,1,1,1,1,-1,1,1,1,-1,1,1,-1,-1,1,1,-1,1,1,-1,-1,1,1,-1,1,1,1,-1,1,-2644.0,1,2000,445,500,True
2859,-1,-1,1,1,1,1,-1,1,-1,-1,-1,1,-1,1,-1,-1,1,-1,1,1,-1,1,-1,-1,-1,1,-1,-1,-1,-1,-1,-1,1,1,-1,1,1,-1,-1,-1,1,-1,1,-1,-1,-1,-1,-1,1,-1,-1,-1,1,-1,1,-1,-1,1,-1,-1,-1,1,1,1,-1,-1,-1,-1,-1,-1,1,-1,-1,-1,-1,-1,-1,1,-1,-1,-1,1,1,-1,-1,-1,-1,-1,-1,1,-1,-1,-1,-1,-1,-1,-1,1,-1,1,-1,-1,-1,-1,1,-1,-1,-1,-1,-1,-1,1,-1,-1,-1,-1,-1,-1,1,-1,-1,-1,-1,-1,-1,1,-1,-1,1,-1,-1,-1,-1,-1,-1,-1,-1,-1,-1,-1,-1,-1,-1,-1,-1,-1,1,-1,-1,-1,-1,-1,-1,-1,1,-1,1,-1,-1,-1,-1,-1,-1,-1,-1,-1,1,-1,1,-1,-1,-1,-1,-1,-1,-1,-1,-1,-1,-1,-1,1,1,-1,-1,-1,-1,-1,-1,-1,-1,1,-1,-1,-1,-1,-1,1,-1,-1,1,1,-1,1,-1,1,-1,-1,-1,-1,1,-1,1,1,-1,-1,-1,1,1,1,-1,1,-1,-1,1,1,-1,-1,1,-1,-1,1,1,1,-1,1,-1,-1,1,1,1,-1,1,1,-1,1,1,1,-1,-1,1,-1,1,-1,-1,-1,1,-1,-1,1,1,1,-1,1,-1,-1,1,-1,-1,-1,1,-1,1,1,-1,-1,-1,1,-1,1,1,-1,1,-1,1,-1,-1,1,-1,1,-1,-1,1,-1,1,1,-1,-1,-1,1,1,1,-1,-1,-1,1,1,-1,1,1,1,-1,-1,1,1,1,-1,-1,-1,1,1,1,-1,1,-1,-1,-1,-1,1,1,-1,1,-1,-1,1,1,1,-1,-1,-1,1,1,-1,1,-1,-1,-1,-1,-1,1,1,-1,1,-1,1,1,-1,1,-1,-1,-1,-1,-1,1,1,-1,-1,-1,-1,-1,1,-1,-1,-1,-1,-1,-1,1,-1,-1,-1,1,-1,1,1,-1,-1,1,1,-1,-1,1,1,-1,-1,1,-1,-1,-1,1,-1,-1,-1,1,-1,1,-1,-1,-1,-1,-1,-1,1,1,-1,-1,1,1,-1,1,-1,-1,-1,1,-1,1,1,1,-1,-1,1,-1,-1,1,-1,-1,-1,1,-1,1,-1,1,-1,-1,1,-1,1,-1,-1,-1,-1,1,1,1,-1,1,-1,-1,1,-1,1,-1,-1,-1,1,1,1,1,-1,1,-1,-1,1,1,1,1,-1,-1,-1,-1,1,1,1,1,-1,-1,1,1,1,1,-1,1,-1,1,1,-1,1,1,-1,-1,1,1,1,1,-1,-1,1,1,1,1,-1,1,-1,1,1,-1,1,-1,1,-1,1,1,-1,1,-1,-1,-1,1,1,-1,1,-1,1,-1,1,1,1,1,-1,-1,1,-1,1,-1,1,1,1,-1,1,1,1,-1,1,1,-1,1,1,-1,1,1,1,1,1,1,1,-1,1,1,-1,1,1,1,-1,1,1,1,-1,1,1,-1,1,1,1,1,-1,1,1,-1,1,1,-1,1,-1,1,1,-1,1,-1,-1,1,-1,-1,1,-1,-1,-1,1,1,-1,1,1,-1,-1,1,1,-1,-1,1,-1,-1,-1,-1,-1,1,1,-1,-1,-1,-1,-1,1,1,-1,-1,1,1,1,-1,1,-1,-1,1,1,-1,1,1,-1,-1,-1,1,-1,-1,1,1,-1,1,1,1,1,1,-1,1,1,1,-1,1,1,1,-1,1,1,-1,1,1,-1,1,1,1,-1,1,1,-1,-1,1,-1,1,1,1,-1,1,1,1,-1,1,1,1,1,1,1,1,1,1,1,1,1,1,1,1,1,-1,1,1,1,-1,1,1,1,1,1,1,1,1,1,-1,1,1,1,1,1,1,1,-1,1,-1,1,1,1,1,1,1,1,1,1,1,-1,1,1,1,-1,1,-1,-1,1,1,1,-1,1,1,-1,1,1,1,1,1,1,1,1,1,1,-1,1,1,-1,1,1,-1,-1,1,1,-1,1,1,1,1,1,1,-1,1,1,1,-1,1,1,-1,1,1,1,-1,1,1,1,1,1,-1,-1,1,1,-1,-1,1,-1,-1,1,1,1,1,-1,1,-1,1,1,-1,1,1,1,-1,1,1,-1,1,1,1,-1,1,1,1,1,1,1,-1,1,1,1,1,1,-1,1,1,-1,1,1,-1,1,-1,1,1,1,1,-1,-1,-1,-1,1,1,1,-1,-1,-1,1,1,-1,1,1,-1,-1,1,1,1,1,1,-1,-1,1,1,1,1,1,-1,-1,1,1,-1,1,-1,-1,-1,1,1,1,1,1,-1,-1,-1,1,1,1,1,-1,-1,1,1,1,-1,1,-1,1,1,1,1,1,1,-1,-1,-1,1,1,1,1,-1,1,1,1,-1,1,-1,-1,-1,1,1,-1,1,1,1,1,1,-1,1,1,1,-1,-1,1,1,-1,1,1,-1,1,1,1,-1,1,1,-1,-1,-1,1,1,-1,1,-1,1,-1,1,-1,1,1,-1,-1,1,1,1,-1,1,1,1,-1,1,1,-1,1,1,-1,-1,1,1,-1,1,1,1,-1,1,1,-1,1,-1,1,1,1,1,-1,1,-1,1,1,1,-1,1,1,1,1,1,1,1,1,1,-1,1,1,-1,1,1,-1,-1,1,-1,1,-1,1,1,-1,1,-1,1,1,-1,1,-1,1,-1,1,1,1,-1,-1,-1,1,1,1,-1,1,-1,-1,-1,1,-1,1,1,-1,-1,-1,1,1,1,-1,-1,-1,1,1,1,1,-1,1,-1,1,1,1,-1,1,-1,1,1,1,1,-1,1,-1,-1,-1,1,1,-1,1,-1,1,1,-1,1,1,-1,1,-1,-1,1,1,-1,1,-1,1,1,-1,1,-1,-1,1,1,1,1,1,-1,-1,1,1,1,1,1,1,-1,-1,-1,1,1,1,1,-1,1,1,1,1,1,-1,-1,1,1,1,-1,1,1,-1,-1,1,1,-1,1,-1,1,-1,1,1,-1,1,1,-1,1,1,-2644.0,1,2000,445,500,True
2860,1,1,-1,-1,1,1,-1,1,1,1,1,-1,1,1,1,1,-1,1,-1,-1,-1,1,1,1,1,1,-1,-1,1,1,1,1,-1,-1,-1,1,-1,1,1,1,-1,-1,1,1,1,1,1,1,-1,-1,1,1,-1,1,-1,-1,1,-1,1,1,1,-1,-1,-1,1,1,1,1,1,-1,1,-1,1,1,1,1,-1,1,-1,1,1,-1,1,-1,-1,1,1,1,1,-1,-1,1,-1,1,1,1,1,1,-1,-1,1,1,1,1,1,-1,-1,1,1,1,1,-1,-1,-1,1,1,1,1,1,-1,-1,1,1,1,1,-1,-1,-1,1,1,1,1,1,-1,-1,-1,1,1,1,1,-1,-1,-1,1,1,1,1,-1,-1,-1,1,1,1,1,1,-1,1,-1,1,1,1,1,-1,-1,1,-1,1,1,1,-1,-1,-1,1,1,1,-1,-1,1,1,1,1,-1,1,-1,-1,-1,1,1,1,-1,-1,-1,-1,1,1,1,1,-1,-1,-1,1,-1,1,1,-1,-1,1,1,1,1,1,-1,1,1,-1,-1,1,1,-1,1,-1,1,1,1,1,1,-1,-1,-1,1,1,1,-1,-1,1,1,1,1,1,-1,-1,-1,-1,-1,1,1,1,-1,1,-1,1,1,1,-1,-1,-1,1,-1,1,1,-1,1,-1,-1,1,1,1,1,1,-1,-1,1,1,1,1,1,1,-1,1,1,1,1,1,-1,-1,1,1,1,1,1,-1,-1,1,1,1,-1,1,-1,1,1,1,1,1,1,1,-1,1,1,-1,1,-1,1,-1,1,1,-1,1,1,1,-1,-1,1,1,-1,1,1,1,-1,1,1,1,1,1,1,1,1,1,1,1,1,1,-1,1,1,1,1,1,-1,1,-1,1,1,-1,1,1,1,1,1,1,1,1,1,-1,-1,1,-1,1,1,1,-1,-1,1,1,1,1,1,-1,-1,1,1,-1,1,1,-1,-1,1,1,-1,-1,1,-1,1,1,1,-1,1,1,1,-1,1,1,1,-1,1,-1,1,1,1,-1,-1,-1,-1,1,1,1,-1,1,1,-1,1,1,-1,-1,1,1,-1,1,1,-1,-1,1,1,1,-1,1,1,-1,-1,1,1,1,-1,1,-1,1,-1,-1,1,1,1,-1,1,-1,1,1,-1,1,1,-1,1,-1,1,1,1,1,1,-1,-1,1,-1,1,-1,1,-1,-1,-1,1,1,1,1,-1,-1,1,-1,1,1,1,-1,1,-1,1,-1,1,1,-1,-1,1,-1,1,1,1,1,-1,-1,1,1,1,1,-1,-1,1,1,1,1,-1,1,-1,1,1,1,1,-1,-1,-1,-1,1,1,1,-1,1,-1,1,-1,1,1,-1,-1,1,-1,1,1,1,1,-1,-1,-1,-1,1,1,1,-1,-1,1,-1,1,1,-1,-1,-1,-1,-1,1,-1,1,-1,-1,-1,-1,1,-1,1,-1,-1,-1,-1,-1,1,1,1,-1,-1,-1,1,-1,1,1,1,1,1,1,-1,1,-1,-1,1,-1,1,-1,1,-1,1,1,1,-1,-1,-1,-1,-1,1,-1,1,-1,-1,-1,1,1,-1,1,-1,-1,-1,1,1,-1,1,-1,-1,-1,1,1,-1,1,-1,-1,-1,-1,1,1,1,-1,1,-1,-1,1,-1,1,-1,-1,1,-1,1,-1,1,1,-1,-1,-1,-1,-1,1,1,-1,-1,-1,-1,-1,1,1,-1,-1,-1,1,1,1,-1,-1,-1,-1,1,1,1,-1,1,-1,1,-1,1,1,1,-1,-1,-1,-1,-1,1,-1,1,-1,-1,1,-1,1,1,-1,1,-1,-1,1,1,1,-1,1,-1,-1,-1,1,1,-1,-1,-1,-1,-1,1,1,-1,1,-1,-1,-1,1,1,1,-1,1,-1,-1,1,1,-1,-1,-1,-1,-1,1,1,1,-1,1,-1,-1,1,-1,1,-1,1,-1,-1,1,-1,-1,1,-1,1,-1,1,1,-1,1,-1,1,-1,1,-1,-1,1,-1,1,-1,1,1,-1,1,-1,-1,-1,1,1,-1,1,-1,1,-1,-1,1,-1,1,-1,1,-1,-1,1,-1,-1,-1,-1,-1,1,-1,-1,1,-1,-1,-1,-1,-1,-1,1,-1,-1,-1,-1,1,-1,-1,1,-1,-1,-1,1,-1,-1,1,-1,-1,-1,1,-1,1,1,-1,-1,-1,1,-1,1,-1,-1,-1,1,1,-1,1,-1,1,-1,1,1,-1,-1,-1,-1,1,1,1,-1,1,1,1,-1,-1,-1,1,-1,-1,-1,-1,1,1,-1,1,-1,1,-1,1,1,-1,1,1,1,1,-1,1,1,-1,-1,1,-1,-1,1,1,-1,-1,1,1,-1,1,1,-1,1,1,-1,-1,-1,1,-1,1,1,-1,-1,1,1,-1,1,1,1,-1,1,-1,1,1,1,-1,1,1,-1,-1,1,1,-1,-1,1,-1,-1,1,1,-1,1,1,1,-1,1,1,-1,-1,1,1,-1,1,1,-1,-1,-1,1,-1,1,1,1,-1,-1,1,-1,1,1,-1,-1,1,1,-1,1,-1,1,-1,-1,1,-1,-1,1,1,-1,-1,1,-1,1,1,1,-1,1,-1,1,1,1,1,-1,-1,1,1,-1,1,-1,-1,-1,-1,1,-1,1,-1,-1,-1,-1,1,-1,1,-1,-1,-1,1,-1,1,1,-1,1,-1,1,1,1,1,1,-1,1,-1,1,1,1,1,-1,1,-1,1,-1,1,1,-1,-1,1,-1,1,1,1,-1,1,-1,1,1,1,1,-1,1,-1,1,-1,1,1,-1,1,-1,-1,-1,1,1,-1,-1,-1,-1,-1,1,1,1,-1,-1,1,1,1,1,-1,-1,-1,1,1,1,1,-1,-1,-1,-1,1,-1,1,-1,-1,1,1,-1,1,-1,-1,-1,-1,-1,1,-1,1,-1,1,-1,1,-1,1,1,-1,-1,-1,1,-1,-1,1,-1,-1,-1,1,1,1,1,-1,-1,-1,1,-1,1,1,-1,-1,-1,1,-1,1,1,1,-1,-1,1,1,1,1,-1,-1,-1,-1,1,1,-1,1,-1,-1,1,-1,1,-2644.0,1,2000,445,1000,True
2861,-1,-1,1,1,1,1,-1,1,-1,-1,-1,1,-1,1,-1,-1,1,-1,1,-1,-1,1,-1,-1,-1,1,-1,-1,-1,-1,-1,-1,1,-1,-1,1,1,-1,-1,1,-1,-1,1,-1,-1,-1,1,1,-1,-1,-1,-1,1,1,-1,-1,-1,1,-1,-1,1,1,-1,1,-1,-1,-1,1,1,-1,1,-1,-1,-1,1,1,-1,1,-1,-1,-1,-1,1,-1,-1,-1,-1,1,1,1,1,-1,-1,-1,1,1,-1,-1,-1,1,-1,1,1,1,-1,-1,-1,-1,1,1,1,-1,-1,-1,-1,1,1,1,1,-1,-1,-1,1,1,1,-1,-1,-1,-1,1,1,1,-1,-1,-1,1,1,1,1,-1,-1,-1,1,1,1,1,1,-1,-1,-1,1,1,1,-1,1,-1,1,1,1,1,-1,1,-1,-1,1,-1,1,-1,1,-1,1,1,1,1,-1,-1,-1,-1,1,1,-1,1,1,-1,1,-1,1,-1,-1,-1,-1,1,-1,1,-1,-1,1,-1,1,-1,1,-1,-1,1,-1,1,1,1,1,-1,1,-1,1,-1,1,-1,-1,1,-1,1,-1,1,1,-1,1,1,-1,1,-1,1,-1,1,1,-1,1,-1,1,-1,1,-1,1,-1,1,-1,-1,1,1,-1,1,-1,1,-1,1,-1,-1,1,1,-1,-1,1,-1,1,-1,1,1,-1,1,1,1,-1,1,1,-1,1,1,-1,1,1,1,-1,1,1,1,1,-1,1,-1,1,1,1,1,1,1,-1,1,-1,1,1,-1,1,1,1,1,1,1,1,1,-1,1,1,1,-1,1,1,1,1,1,1,1,-1,1,1,1,-1,1,1,1,1,1,1,1,1,1,1,1,1,1,1,1,1,1,1,-1,1,1,1,1,-1,1,1,1,1,1,-1,1,1,-1,1,1,1,1,1,-1,1,1,1,1,1,1,-1,1,-1,1,1,1,1,-1,1,-1,1,1,1,1,-1,1,-1,1,-1,-1,1,-1,1,1,-1,1,1,1,1,-1,1,-1,1,-1,1,-1,1,-1,-1,1,-1,-1,-1,1,1,-1,1,-1,1,-1,1,-1,1,-1,1,1,1,1,-1,1,-1,1,1,-1,1,-1,-1,-1,-1,1,1,1,1,-1,-1,1,1,1,1,-1,-1,1,-1,-1,1,-1,1,-1,1,-1,1,1,-1,-1,-1,1,1,-1,1,-1,1,-1,-1,1,-1,1,1,-1,-1,-1,1,-1,-1,1,1,-1,-1,1,-1,1,1,-1,1,-1,1,-1,-1,1,1,-1,1,1,-1,1,1,-1,-1,1,1,-1,1,-1,1,-1,1,-1,-1,1,-1,1,-1,1,-1,-1,1,-1,-1,-1,1,-1,-1,1,-1,1,-1,1,-1,-1,1,-1,-1,1,-1,1,-1,1,1,1,-1,1,1,-1,-1,1,1,-1,1,-1,-1,1,-1,1,1,-1,1,-1,-1,1,1,-1,-1,1,1,-1,1,1,1,1,1,1,-1,1,1,1,-1,-1,1,1,-1,1,1,-1,1,-1,1,-1,-1,1,-1,-1,1,-1,-1,1,-1,-1,-1,1,1,-1,1,1,-1,-1,1,1,-1,-1,1,-1,-1,-1,-1,-1,1,1,-1,-1,-1,-1,-1,1,1,-1,-1,1,1,1,-1,1,-1,-1,1,1,-1,1,1,-1,1,-1,1,-1,-1,1,1,-1,1,1,1,1,1,1,-1,-1,1,-1,1,1,1,-1,-1,1,-1,1,1,-1,-1,1,1,-1,1,1,-1,1,1,-1,1,1,1,1,-1,1,1,-1,1,1,1,-1,1,1,1,1,1,1,-1,-1,1,1,1,1,1,-1,1,1,-1,1,1,1,-1,-1,1,1,1,-1,1,-1,-1,1,-1,1,1,1,-1,-1,-1,1,1,1,1,-1,-1,1,1,1,1,-1,1,-1,1,1,1,-1,-1,1,-1,1,-1,1,1,-1,-1,-1,1,1,1,-1,1,-1,-1,1,1,1,1,-1,-1,1,-1,1,1,-1,1,-1,-1,1,-1,1,1,1,-1,-1,1,-1,1,1,-1,-1,1,-1,1,1,1,1,-1,-1,1,-1,1,1,-1,-1,1,-1,-1,1,1,-1,-1,1,-1,-1,1,1,-1,-1,-1,1,-1,1,-1,-1,1,-1,1,-1,1,1,-1,1,1,1,-1,1,-1,-1,-1,1,-1,-1,1,-1,1,-1,1,-1,1,1,-1,-1,-1,-1,-1,-1,1,-1,-1,-1,1,1,1,1,-1,1,1,1,-1,-1,1,-1,1,-1,1,1,1,1,-1,1,-1,1,-1,1,1,-1,1,-1,-1,1,1,1,-1,1,-1,-1,-1,1,-1,-1,1,1,-1,1,1,-1,-1,-1,1,-1,-1,1,1,-1,1,1,-1,1,1,1,-1,1,-1,1,1,1,-1,1,1,-1,-1,1,1,-1,-1,-1,1,-1,1,1,-1,1,-1,-1,-1,1,1,-1,-1,-1,1,-1,1,1,-1,-1,-1,-1,-1,1,1,-1,-1,-1,-1,-1,-1,1,-1,-1,-1,-1,-1,1,-1,-1,-1,-1,-1,-1,-1,1,-1,-1,-1,-1,-1,1,1,-1,-1,1,-1,1,1,1,1,-1,-1,-1,1,-1,1,-1,-1,-1,-1,1,-1,1,-1,-1,-1,1,-1,1,1,-1,-1,-1,-1,1,-1,1,-1,1,-1,1,-1,-1,1,1,-1,1,-1,1,-1,1,1,-1,1,-1,1,-1,1,1,-1,1,1,-1,-1,-1,1,-1,1,-1,1,-1,-1,1,1,1,-1,1,-1,-1,1,-1,-1,1,-1,-1,-1,1,-1,1,1,-1,1,-1,1,1,1,-1,1,-1,1,1,1,1,-1,1,-1,-1,1,-1,1,-1,1,-1,1,1,-1,1,1,-1,1,-1,1,1,1,-1,1,-1,1,1,1,1,-1,-1,1,1,1,1,1,-1,-1,1,1,1,1,1,1,-1,1,-1,1,1,1,1,-1,-1,1,1,1,1,1,-1,1,1,1,1,1,1,-1,-1,1,1,1,1,1,1,-1,1,1,-1,1,1,-1,-1,1,-2644.0,1,2000,445,500,True
2862,-1,-1,1,1,1,1,-1,1,-1,-1,-1,1,-1,1,-1,-1,1,-1,1,1,-1,1,-1,-1,-1,1,-1,-1,-1,-1,-1,-1,1,1,-1,1,1,-1,-1,-1,1,-1,1,-1,-1,-1,-1,-1,1,-1,-1,-1,1,-1,1,-1,-1,1,-1,-1,-1,1,1,1,-1,-1,-1,-1,-1,-1,1,-1,-1,-1,-1,-1,-1,1,-1,-1,-1,1,1,-1,-1,-1,-1,1,-1,1,-1,-1,-1,-1,-1,-1,-1,1,-1,1,-1,-1,-1,-1,1,-1,-1,-1,-1,-1,-1,1,-1,-1,-1,-1,-1,-1,1,-1,-1,-1,-1,-1,-1,1,-1,-1,1,-1,-1,-1,-1,-1,-1,1,-1,-1,-1,-1,-1,-1,1,-1,-1,-1,1,-1,-1,-1,-1,-1,-1,-1,1,-1,1,1,-1,-1,1,-1,-1,-1,-1,-1,1,-1,1,-1,-1,-1,-1,-1,-1,-1,-1,1,-1,-1,-1,1,1,-1,-1,-1,-1,-1,-1,-1,-1,1,-1,1,-1,-1,1,-1,1,-1,-1,1,-1,1,-1,1,-1,-1,-1,-1,1,-1,1,-1,-1,1,-1,1,-1,1,-1,1,1,-1,1,1,-1,1,-1,-1,-1,1,-1,-1,-1,1,-1,-1,1,-1,-1,1,-1,1,-1,1,1,-1,1,-1,-1,-1,1,-1,-1,1,-1,-1,-1,1,-1,-1,1,-1,1,-1,1,1,-1,-1,-1,1,1,1,1,1,-1,-1,-1,1,1,1,1,1,1,-1,-1,1,1,-1,-1,-1,-1,-1,1,-1,-1,-1,-1,1,1,1,1,-1,-1,1,-1,1,1,1,-1,1,-1,-1,1,1,1,1,-1,1,-1,1,1,-1,1,-1,-1,-1,1,1,1,1,-1,-1,1,1,1,1,-1,-1,-1,1,-1,1,1,-1,-1,-1,-1,1,1,1,1,-1,-1,1,-1,1,1,-1,-1,-1,-1,1,1,1,-1,-1,-1,-1,1,-1,1,-1,-1,-1,-1,1,-1,1,1,-1,-1,1,1,-1,1,1,1,-1,-1,1,1,-1,1,-1,-1,-1,-1,1,-1,1,-1,-1,-1,1,-1,-1,1,1,1,1,1,1,1,1,-1,1,-1,1,-1,1,-1,1,-1,1,1,-1,1,1,-1,1,-1,1,-1,-1,-1,1,-1,1,1,1,-1,1,-1,1,1,-1,-1,-1,1,-1,1,1,-1,1,-1,1,-1,1,1,-1,-1,-1,1,1,1,1,-1,1,-1,-1,1,1,1,1,-1,-1,-1,1,1,1,1,1,-1,-1,1,1,1,1,-1,1,-1,1,1,-1,1,1,-1,1,1,1,1,1,-1,-1,1,1,1,1,-1,1,-1,1,1,-1,1,-1,1,-1,1,1,-1,1,-1,-1,-1,1,1,-1,1,-1,1,-1,-1,1,1,1,-1,-1,1,-1,1,-1,1,1,1,-1,1,1,1,-1,1,1,-1,-1,1,-1,1,-1,1,1,-1,1,1,-1,1,1,-1,-1,1,1,-1,1,1,1,1,1,1,-1,1,1,1,-1,1,1,1,-1,1,1,-1,1,-1,1,-1,-1,1,-1,-1,1,-1,-1,1,-1,-1,-1,1,1,-1,1,1,-1,-1,1,1,-1,-1,1,-1,-1,-1,-1,-1,1,1,-1,-1,-1,-1,-1,1,1,-1,-1,1,1,1,-1,1,-1,-1,1,1,-1,1,1,-1,-1,-1,1,-1,-1,1,1,-1,1,1,1,1,1,1,-1,-1,1,-1,1,1,1,-1,-1,1,-1,1,1,-1,-1,1,1,-1,1,1,-1,1,1,-1,1,1,1,1,-1,1,1,-1,1,1,-1,1,1,1,1,1,1,1,-1,-1,1,1,1,1,1,-1,1,1,-1,1,1,1,-1,-1,1,1,1,-1,1,-1,-1,1,-1,1,1,1,1,-1,-1,1,1,1,1,-1,-1,1,1,1,1,-1,1,-1,-1,1,1,-1,-1,1,-1,1,1,1,1,-1,-1,-1,1,1,1,-1,1,-1,-1,1,1,1,1,-1,1,-1,-1,1,1,-1,1,1,-1,1,-1,1,1,1,1,-1,1,1,1,1,-1,1,-1,-1,1,1,1,-1,1,1,-1,-1,1,-1,1,1,1,-1,1,1,1,-1,1,-1,1,-1,1,1,-1,-1,1,-1,1,1,1,-1,1,1,-1,-1,1,1,1,-1,1,-1,-1,1,1,-1,1,1,-1,-1,1,1,1,1,1,-1,1,1,1,-1,1,1,-1,-1,1,1,1,1,1,-1,-1,1,1,1,-1,1,-1,-1,1,1,-1,1,-1,-1,-1,1,1,-1,1,-1,1,-1,1,1,1,1,1,-1,-1,1,1,1,1,1,1,-1,-1,1,1,-1,1,-1,-1,1,1,1,-1,1,-1,1,1,1,1,1,1,-1,-1,-1,1,1,1,-1,-1,1,1,1,1,1,1,-1,-1,1,1,-1,1,-1,1,1,1,1,1,1,1,-1,-1,1,1,1,1,1,-1,1,1,1,1,1,1,-1,-1,-1,1,1,1,1,-1,1,-1,1,1,1,1,-1,-1,-1,1,1,1,1,-1,1,-1,1,1,1,1,1,-1,-1,1,-1,1,1,1,1,-1,1,1,1,1,-1,-1,1,1,1,1,-1,-1,1,1,1,1,1,-1,1,1,1,1,1,1,1,-1,1,1,-1,1,1,-1,-1,1,-1,1,-1,1,1,-1,1,-1,1,-1,-1,1,-1,1,-1,1,1,1,-1,-1,-1,1,1,1,-1,1,-1,-1,-1,1,1,-1,1,-1,-1,-1,1,-1,1,-1,-1,-1,1,1,1,1,-1,1,-1,1,1,1,-1,1,-1,1,1,1,1,-1,1,-1,-1,-1,1,1,-1,1,-1,1,1,-1,1,1,-1,1,-1,-1,1,1,-1,1,-1,1,1,-1,1,-1,-1,1,1,1,1,1,-1,-1,1,1,1,1,1,1,-1,-1,-1,1,1,1,1,-1,1,1,1,1,1,-1,-1,1,1,1,-1,1,1,-1,-1,1,1,-1,1,-1,1,-1,1,1,-1,1,1,-1,-1,1,-2644.0,1,2000,445,500,True
2863,1,1,-1,-1,1,1,-1,1,1,1,1,-1,-1,1,1,1,-1,1,-1,-1,-1,1,1,1,1,1,-1,-1,1,1,1,1,-1,-1,-1,1,-1,1,1,1,-1,-1,1,1,1,1,1,1,-1,1,1,1,-1,1,-1,-1,-1,-1,1,1,1,-1,-1,-1,1,1,1,1,1,-1,1,-1,1,1,1,1,-1,1,-1,1,1,1,1,-1,-1,1,1,1,1,-1,-1,1,-1,1,1,1,1,1,-1,-1,1,1,1,1,1,-1,-1,1,1,1,1,-1,-1,-1,1,1,1,1,1,-1,-1,1,1,1,1,-1,-1,-1,1,1,1,1,1,-1,-1,1,1,1,1,1,-1,-1,-1,1,1,1,1,-1,-1,-1,1,1,1,1,1,-1,-1,1,1,1,1,1,-1,-1,1,1,1,1,1,-1,1,1,1,1,1,-1,-1,1,1,1,1,-1,1,-1,1,1,1,1,1,-1,-1,-1,1,1,1,1,1,-1,-1,1,-1,1,1,1,-1,-1,1,1,1,1,1,-1,1,1,-1,1,1,1,-1,1,1,1,1,1,1,1,-1,1,-1,1,1,1,-1,-1,1,1,1,1,1,-1,-1,1,-1,-1,1,1,1,-1,1,1,-1,1,1,-1,1,1,-1,1,-1,1,-1,-1,1,-1,1,1,1,1,1,1,-1,1,-1,1,1,1,1,-1,1,-1,1,1,1,1,-1,-1,1,1,1,1,1,1,-1,1,1,-1,-1,1,1,-1,-1,1,1,1,1,-1,1,-1,1,1,1,-1,1,-1,-1,-1,1,1,1,-1,1,-1,1,-1,1,1,1,1,-1,1,1,1,1,1,-1,-1,1,1,1,1,1,1,1,1,1,1,1,1,-1,1,1,1,-1,1,1,-1,1,1,1,-1,1,1,1,-1,1,-1,1,1,1,1,-1,1,1,-1,1,1,1,-1,1,1,-1,1,1,-1,-1,1,1,1,-1,1,1,-1,1,1,-1,1,1,1,1,1,1,1,-1,1,1,-1,1,1,-1,-1,-1,-1,-1,1,1,-1,1,1,-1,-1,1,-1,1,1,1,1,-1,1,-1,-1,1,1,-1,-1,1,1,1,-1,1,-1,-1,-1,1,-1,1,-1,1,-1,1,1,-1,-1,-1,-1,1,-1,1,-1,1,-1,-1,-1,1,1,1,-1,-1,-1,1,-1,1,-1,1,-1,-1,-1,1,1,1,1,-1,-1,1,-1,1,1,-1,-1,1,-1,1,-1,1,-1,-1,-1,1,-1,1,-1,-1,-1,-1,-1,1,1,-1,1,-1,-1,1,1,1,-1,-1,1,-1,1,-1,1,-1,-1,1,-1,-1,1,1,-1,-1,1,-1,1,-1,1,1,-1,-1,1,-1,1,-1,1,-1,-1,1,-1,-1,-1,1,-1,-1,1,-1,1,-1,1,-1,-1,1,-1,-1,1,1,-1,-1,-1,1,-1,1,1,-1,1,-1,1,-1,-1,1,1,1,-1,1,-1,1,-1,1,-1,1,-1,1,1,-1,1,-1,-1,1,1,-1,-1,1,-1,1,1,1,-1,-1,-1,1,-1,1,1,1,-1,-1,-1,1,1,-1,1,-1,-1,-1,1,1,-1,1,-1,-1,-1,1,1,-1,1,-1,-1,-1,-1,1,1,1,-1,1,-1,-1,1,-1,1,-1,1,1,-1,1,-1,1,1,-1,-1,-1,-1,-1,1,1,-1,-1,-1,1,-1,1,1,-1,-1,-1,-1,1,1,-1,-1,-1,-1,-1,1,1,-1,1,-1,1,1,1,1,1,-1,-1,-1,-1,-1,1,-1,1,-1,-1,1,-1,1,1,-1,1,-1,-1,1,1,1,-1,1,-1,1,-1,1,1,-1,-1,-1,-1,-1,1,1,-1,1,-1,1,-1,1,1,-1,-1,1,-1,-1,1,1,-1,-1,-1,1,-1,1,1,-1,-1,1,-1,-1,1,-1,1,-1,1,-1,-1,1,-1,-1,1,-1,1,-1,1,1,-1,1,-1,1,-1,1,-1,1,-1,1,-1,-1,1,1,-1,1,-1,-1,-1,-1,1,-1,1,-1,1,-1,-1,1,-1,1,1,-1,-1,-1,-1,1,1,1,1,-1,-1,1,-1,-1,1,1,-1,-1,-1,-1,1,-1,1,-1,-1,1,1,-1,1,1,-1,-1,1,-1,-1,1,1,-1,-1,-1,-1,1,-1,1,-1,-1,-1,-1,-1,1,-1,-1,1,-1,-1,1,-1,1,-1,-1,-1,-1,-1,1,1,1,-1,-1,-1,1,1,1,-1,-1,-1,1,-1,-1,1,-1,-1,-1,-1,1,1,1,-1,-1,-1,-1,1,-1,1,1,-1,1,-1,-1,1,1,-1,-1,-1,-1,-1,-1,1,1,-1,-1,1,-1,1,1,-1,-1,-1,1,-1,1,1,-1,-1,1,-1,-1,1,1,1,-1,1,-1,1,1,1,-1,-1,1,-1,-1,1,1,-1,-1,1,-1,-1,1,1,-1,1,1,-1,-1,1,1,-1,-1,1,-1,-1,1,-1,-1,-1,1,-1,-1,1,1,1,-1,-1,1,-1,1,1,-1,-1,1,-1,-1,1,-1,1,-1,1,1,-1,-1,1,1,-1,-1,1,-1,1,1,1,-1,-1,1,-1,1,1,1,-1,-1,1,-1,1,-1,-1,-1,1,-1,1,1,1,-1,-1,1,-1,1,-1,1,1,-1,-1,-1,1,1,1,-1,-1,1,-1,-1,1,-1,1,-1,1,1,-1,1,1,1,-1,-1,-1,-1,-1,1,1,-1,-1,-1,1,1,-1,1,-1,-1,1,-1,1,-1,1,-1,1,1,-1,1,-1,1,-1,-1,1,1,1,1,1,-1,-1,-1,1,1,1,1,1,-1,1,-1,-1,1,1,-1,-1,1,-1,1,-1,1,-1,-1,1,1,1,1,1,-1,-1,-1,1,-1,-1,-1,-1,-1,1,1,1,1,1,-1,1,1,1,-1,1,1,1,-1,1,1,1,1,1,-1,-1,1,1,1,1,1,-1,1,-1,1,-1,1,1,-1,-1,1,1,1,-1,1,1,-1,1,1,1,1,1,-1,-1,1,1,1,1,-1,1,-1,1,-1,1,1,-2642.0,1,2000,445,1000,True
2864,1,1,-1,-1,1,-1,1,1,1,1,1,-1,1,1,1,1,-1,1,-1,-1,1,1,1,1,1,-1,1,1,1,1,1,1,1,-1,1,1,-1,1,1,1,-1,1,1,1,1,1,1,-1,1,-1,1,1,-1,1,-1,1,1,-1,1,1,1,-1,-1,-1,1,1,1,1,-1,1,1,-1,1,1,1,-1,1,1,-1,1,1,-1,-1,1,-1,1,1,1,-1,-1,1,1,-1,1,1,-1,1,-1,-1,1,1,1,-1,1,-1,-1,-1,1,1,1,1,1,-1,-1,1,1,1,1,-1,-1,-1,1,1,1,-1,1,-1,-1,1,1,1,1,-1,-1,-1,1,1,1,1,-1,-1,-1,1,1,1,1,-1,-1,-1,-1,1,1,1,-1,1,-1,-1,1,1,1,-1,1,-1,-1,1,1,1,-1,1,-1,1,1,1,1,-1,-1,-1,1,1,1,-1,1,1,-1,1,1,1,1,-1,-1,-1,-1,1,1,1,-1,1,-1,1,1,-1,1,-1,1,-1,-1,1,1,1,-1,1,-1,1,1,1,1,-1,1,-1,1,1,-1,1,1,1,1,-1,1,-1,1,1,1,-1,-1,1,-1,1,1,1,-1,-1,1,-1,1,1,1,1,-1,1,-1,-1,1,1,-1,1,1,-1,1,1,1,-1,-1,1,-1,1,1,1,1,1,1,-1,1,1,1,1,1,1,-1,1,1,1,1,1,1,1,-1,1,1,1,1,1,1,-1,1,1,-1,-1,1,1,-1,-1,1,1,1,1,1,1,1,1,1,1,-1,1,-1,-1,1,1,1,1,-1,-1,-1,1,-1,1,1,1,1,-1,1,1,1,1,1,1,-1,1,1,1,1,-1,1,1,1,1,1,1,1,-1,-1,1,1,-1,1,1,-1,1,1,1,-1,1,1,1,-1,1,-1,1,1,1,1,-1,1,1,-1,1,1,1,-1,1,1,-1,-1,1,1,-1,1,1,1,1,1,1,-1,-1,1,-1,-1,1,1,1,-1,1,1,1,1,1,-1,1,1,-1,-1,1,1,-1,-1,1,-1,1,-1,1,-1,1,-1,1,-1,1,-1,1,1,-1,1,-1,1,1,-1,1,1,1,-1,1,-1,-1,-1,1,-1,1,1,-1,1,1,1,-1,1,-1,-1,1,1,1,-1,1,1,-1,1,1,1,1,1,-1,-1,1,-1,1,-1,1,-1,-1,-1,-1,-1,1,1,-1,-1,1,-1,1,1,-1,-1,-1,-1,1,1,1,1,-1,-1,1,-1,1,-1,-1,1,-1,-1,1,1,-1,1,-1,-1,1,1,1,-1,-1,1,-1,1,1,1,-1,-1,1,-1,-1,1,1,-1,-1,1,-1,1,-1,1,1,-1,-1,1,-1,1,-1,1,-1,-1,1,-1,-1,-1,1,-1,-1,1,-1,1,-1,1,-1,-1,1,-1,-1,1,1,-1,-1,-1,1,-1,1,1,-1,1,-1,1,-1,-1,1,1,1,-1,1,-1,1,-1,1,-1,1,-1,1,1,-1,-1,1,1,1,-1,1,-1,1,-1,1,1,1,-1,-1,-1,-1,-1,1,-1,1,-1,-1,-1,1,1,-1,1,-1,-1,-1,1,1,-1,1,-1,-1,1,1,1,-1,1,-1,-1,-1,-1,1,1,1,-1,1,-1,-1,1,-1,1,-1,1,1,1,-1,-1,1,1,-1,-1,-1,-1,-1,1,1,-1,-1,-1,1,-1,1,1,-1,-1,1,-1,1,1,-1,-1,-1,-1,-1,1,1,-1,1,-1,-1,1,1,1,1,-1,-1,-1,-1,-1,1,-1,1,-1,-1,1,-1,1,1,-1,1,-1,-1,1,1,1,-1,1,-1,1,-1,1,1,-1,1,-1,-1,-1,1,1,-1,1,-1,1,-1,1,1,-1,-1,1,-1,-1,1,1,-1,-1,-1,1,-1,1,1,-1,-1,1,-1,-1,-1,-1,1,-1,1,-1,-1,1,-1,-1,1,1,1,-1,-1,1,-1,1,-1,1,-1,1,-1,1,-1,1,-1,-1,-1,1,-1,1,-1,-1,-1,-1,1,-1,1,-1,1,-1,-1,1,-1,1,1,-1,-1,-1,-1,1,1,1,1,-1,-1,1,-1,-1,1,1,-1,-1,-1,-1,1,-1,1,-1,-1,1,1,1,1,1,-1,-1,1,-1,-1,1,1,-1,-1,-1,-1,1,-1,1,-1,-1,-1,-1,-1,1,-1,-1,1,-1,-1,1,-1,1,-1,-1,-1,-1,1,-1,1,1,-1,-1,-1,-1,1,1,-1,-1,-1,1,1,-1,1,-1,-1,-1,-1,-1,1,1,-1,-1,-1,-1,-1,1,1,1,-1,1,-1,1,-1,1,-1,-1,-1,-1,-1,-1,1,1,-1,-1,1,-1,1,1,-1,-1,-1,-1,-1,1,1,-1,-1,-1,1,-1,1,1,1,-1,-1,-1,1,1,1,-1,-1,1,-1,-1,1,1,1,-1,1,-1,-1,1,1,-1,1,-1,-1,-1,1,1,1,-1,1,-1,-1,1,-1,1,-1,1,1,-1,1,1,1,-1,-1,1,-1,1,1,1,-1,1,-1,-1,1,-1,1,1,-1,1,-1,-1,1,-1,1,-1,1,-1,-1,1,1,1,-1,1,-1,-1,1,1,-1,-1,1,-1,1,-1,1,-1,1,1,-1,1,1,1,-1,1,-1,1,-1,1,1,-1,-1,-1,-1,1,1,1,-1,1,-1,1,1,-1,1,-1,-1,1,-1,1,1,1,-1,-1,-1,-1,1,1,1,-1,-1,-1,1,1,-1,-1,-1,-1,1,-1,1,-1,1,-1,-1,1,-1,1,-1,1,-1,-1,1,1,1,1,-1,1,-1,-1,1,-1,1,-1,-1,1,1,-1,1,1,-1,1,-1,1,1,1,-1,1,1,-1,1,-1,1,1,-1,1,-1,-1,1,-1,-1,1,1,-1,1,-1,1,1,-1,1,-1,1,1,-1,1,1,1,-1,1,1,1,1,-1,1,-1,-1,1,1,1,-1,1,1,-1,1,-1,1,1,1,1,-1,1,-1,-1,-1,1,1,-1,1,1,1,-1,1,1,-1,-1,1,1,1,-1,1,-1,1,-1,1,-2642.0,1,2000,445,1000,True
2865,-1,-1,1,1,1,1,-1,1,-1,-1,-1,1,-1,1,-1,-1,1,-1,1,1,1,1,-1,-1,-1,1,-1,-1,1,-1,-1,-1,1,1,-1,1,1,-1,-1,-1,1,-1,1,-1,-1,-1,-1,-1,1,-1,-1,-1,1,-1,1,-1,-1,1,-1,-1,-1,1,1,1,-1,-1,-1,-1,-1,-1,1,-1,-1,-1,-1,-1,1,1,-1,-1,-1,1,1,-1,-1,-1,-1,1,-1,1,-1,-1,-1,-1,-1,-1,-1,1,-1,1,-1,-1,-1,-1,1,-1,-1,-1,-1,-1,-1,1,-1,-1,-1,-1,-1,-1,1,-1,-1,-1,-1,-1,-1,1,-1,-1,1,-1,-1,-1,1,-1,-1,-1,-1,-1,-1,1,-1,-1,-1,-1,-1,-1,-1,-1,-1,-1,-1,-1,-1,1,1,-1,1,-1,-1,-1,1,1,-1,-1,1,1,-1,1,1,-1,1,1,-1,-1,1,-1,-1,-1,1,-1,1,-1,1,-1,-1,1,-1,1,1,-1,-1,-1,1,-1,1,1,-1,1,-1,1,-1,1,1,-1,-1,-1,1,-1,-1,1,-1,1,-1,1,-1,1,1,-1,1,-1,1,-1,-1,1,-1,-1,-1,1,1,-1,1,-1,1,-1,1,1,-1,1,-1,1,-1,1,-1,1,1,-1,1,-1,-1,1,-1,1,-1,1,1,1,-1,1,1,-1,-1,-1,1,-1,1,-1,1,-1,-1,1,-1,1,-1,-1,-1,-1,1,-1,1,-1,1,-1,-1,1,1,-1,1,1,-1,-1,1,-1,-1,1,1,-1,-1,-1,1,-1,-1,1,-1,-1,-1,1,1,-1,1,1,1,-1,1,-1,-1,1,-1,-1,-1,-1,1,-1,-1,1,-1,-1,1,1,-1,1,-1,-1,-1,1,-1,-1,1,-1,-1,1,1,1,-1,1,-1,-1,1,1,-1,1,1,-1,1,-1,1,-1,-1,1,-1,1,1,1,1,1,1,-1,-1,1,1,1,1,-1,-1,-1,1,1,1,1,-1,-1,1,-1,1,1,1,-1,-1,1,-1,1,-1,1,1,-1,1,-1,1,1,1,1,-1,-1,1,1,1,1,-1,-1,1,1,-1,-1,1,1,-1,1,-1,1,-1,1,-1,1,1,-1,1,1,1,-1,1,1,-1,1,-1,1,-1,-1,1,-1,1,1,1,1,-1,1,1,-1,1,1,-1,-1,1,-1,-1,1,-1,1,-1,-1,1,-1,1,1,-1,-1,-1,1,-1,1,-1,1,-1,1,-1,-1,1,-1,-1,-1,-1,1,-1,-1,1,1,-1,-1,1,-1,1,1,-1,1,-1,1,-1,1,-1,1,-1,-1,-1,-1,-1,-1,-1,1,-1,1,-1,1,-1,1,-1,-1,-1,1,-1,1,1,-1,-1,-1,-1,-1,-1,-1,1,-1,-1,1,-1,-1,1,1,1,-1,-1,1,-1,-1,1,-1,-1,-1,-1,-1,1,-1,1,-1,-1,-1,1,1,-1,1,-1,-1,1,-1,1,1,1,-1,-1,-1,-1,1,-1,1,-1,-1,-1,-1,1,1,-1,1,1,-1,1,1,1,1,1,1,1,-1,1,1,-1,1,-1,1,-1,-1,1,1,-1,1,-1,-1,1,-1,1,-1,1,1,-1,1,1,1,-1,1,1,-1,-1,1,1,-1,-1,-1,-1,1,1,1,-1,-1,-1,-1,1,1,1,-1,1,1,1,-1,1,1,-1,1,1,-1,1,1,1,-1,-1,1,-1,-1,1,1,1,1,1,1,1,1,-1,1,1,1,-1,1,1,1,1,1,1,-1,1,1,-1,1,1,1,-1,1,1,1,-1,1,-1,1,1,1,-1,1,1,-1,-1,1,1,1,1,1,1,1,1,1,-1,1,1,1,1,1,1,-1,1,-1,1,-1,1,1,1,1,1,1,1,1,1,-1,1,-1,1,-1,1,1,1,1,1,-1,1,1,1,1,1,1,1,1,1,1,1,1,1,-1,-1,1,-1,-1,1,1,1,-1,1,1,1,1,-1,1,1,1,1,1,1,-1,1,-1,1,1,1,1,-1,1,-1,1,1,1,1,-1,1,1,1,1,1,1,-1,1,-1,1,1,1,1,-1,1,-1,1,1,-1,1,1,1,1,1,1,1,1,-1,1,1,1,1,1,1,-1,1,-1,1,1,1,1,1,-1,1,1,1,1,1,1,-1,1,1,1,-1,1,-1,-1,1,1,1,-1,1,-1,1,-1,1,-1,-1,1,1,-1,1,1,-1,-1,1,1,-1,1,-1,-1,-1,-1,1,1,1,1,1,-1,1,1,-1,1,1,-1,-1,1,-1,1,1,1,1,-1,-1,1,-1,1,1,1,-1,-1,-1,1,1,1,1,-1,-1,-1,-1,1,-1,1,-1,1,-1,1,1,1,1,1,-1,-1,1,1,1,1,-1,1,-1,1,1,-1,1,-1,-1,1,1,1,1,-1,-1,-1,-1,1,-1,1,1,1,-1,-1,1,1,1,-1,1,-1,-1,1,1,1,1,1,-1,-1,1,1,1,1,1,1,-1,1,1,-1,1,1,-1,-1,1,1,-1,1,1,-1,-1,1,-1,1,1,1,1,-1,-1,1,-1,1,1,1,-1,1,1,-1,1,1,1,-1,1,1,-1,1,1,1,-1,-1,1,1,1,1,-1,1,-1,1,1,1,1,-1,1,-1,1,1,1,-1,-1,1,-1,1,1,-1,1,-1,-1,1,-1,-1,1,-1,1,-1,-1,1,-1,1,-1,-1,-1,1,1,-1,1,-1,1,-1,-1,-1,1,1,-1,1,-1,-1,1,-1,1,-1,1,-1,-1,1,-1,1,1,1,1,-1,1,1,1,-1,-1,1,1,1,1,-1,-1,1,-1,-1,1,1,-1,-1,1,-1,-1,1,-1,1,-1,1,-1,1,1,-1,1,-1,1,-1,-1,1,-1,-1,-1,1,-1,1,-1,1,-1,1,1,-1,1,1,-1,-1,-1,1,-1,1,1,1,1,-1,1,-1,1,1,1,-1,-1,1,-1,1,1,1,-1,-1,1,-1,1,1,-1,-1,-1,1,-1,-1,1,1,-1,-1,-1,1,-1,1,-1,1,-1,1,-1,-1,1,-2642.0,1,2000,445,1500,True
2866,1,1,-1,-1,1,1,-1,1,1,1,1,-1,1,1,1,1,-1,1,-1,-1,-1,1,1,1,1,1,-1,-1,1,1,1,1,-1,-1,-1,1,-1,1,1,1,-1,-1,1,1,1,1,1,1,-1,-1,1,1,-1,1,-1,-1,1,-1,1,1,1,-1,-1,-1,1,1,1,1,1,-1,1,-1,1,1,1,1,-1,1,-1,1,1,-1,1,-1,-1,1,1,1,1,1,-1,1,-1,1,1,1,-1,1,-1,1,1,1,1,1,1,-1,-1,1,1,1,1,-1,-1,-1,1,1,1,1,1,-1,-1,1,1,1,1,-1,-1,-1,1,1,1,1,1,-1,-1,1,1,1,1,1,-1,-1,-1,1,1,1,1,-1,-1,-1,1,1,1,1,1,-1,-1,1,1,1,1,-1,-1,-1,1,1,1,1,1,-1,1,1,1,1,1,-1,-1,1,1,1,1,-1,1,-1,1,1,1,1,1,-1,-1,-1,1,1,1,1,1,-1,-1,1,-1,1,1,1,-1,-1,1,1,1,1,1,-1,1,-1,1,1,1,1,-1,1,1,-1,1,1,1,1,-1,1,-1,1,1,1,-1,-1,1,-1,1,1,1,-1,-1,1,-1,1,1,1,1,-1,1,-1,-1,1,1,-1,1,1,-1,1,1,1,-1,-1,1,-1,1,-1,1,1,1,1,-1,1,-1,1,1,1,1,-1,1,-1,1,1,1,1,1,-1,1,1,1,-1,1,1,-1,1,1,-1,1,1,1,-1,-1,1,1,1,1,-1,1,-1,1,1,1,1,-1,-1,-1,1,1,1,1,-1,-1,-1,1,-1,1,1,1,1,-1,1,1,1,1,1,1,-1,1,1,1,1,-1,1,1,1,1,1,1,1,-1,1,1,1,-1,1,1,-1,1,1,1,1,1,1,1,-1,1,-1,1,1,1,1,-1,1,1,1,1,1,1,-1,1,1,-1,-1,1,1,-1,1,1,1,1,1,1,-1,-1,1,-1,1,1,1,1,-1,1,1,-1,1,1,-1,1,1,-1,-1,1,1,-1,-1,1,-1,1,-1,1,-1,1,-1,-1,-1,1,-1,-1,1,-1,1,-1,1,1,-1,1,1,-1,-1,1,-1,-1,-1,1,-1,1,1,-1,1,1,1,-1,1,-1,-1,1,1,1,1,-1,1,-1,1,1,1,1,1,-1,-1,1,-1,1,-1,1,-1,-1,-1,1,1,1,1,-1,-1,1,-1,1,1,1,-1,-1,-1,1,-1,1,1,-1,-1,1,-1,1,1,1,1,-1,-1,1,1,1,1,-1,-1,1,-1,1,1,-1,1,-1,1,-1,1,1,-1,1,-1,-1,1,1,1,-1,1,-1,1,-1,1,1,-1,-1,1,-1,1,1,1,1,-1,1,-1,-1,-1,1,1,-1,1,-1,1,-1,1,-1,-1,1,-1,-1,1,-1,1,-1,-1,1,-1,1,-1,1,1,-1,1,-1,-1,1,1,1,-1,1,-1,1,-1,1,-1,1,-1,1,1,-1,-1,1,1,1,-1,1,-1,1,-1,1,1,1,-1,-1,-1,-1,-1,1,-1,1,-1,-1,-1,1,1,-1,1,-1,-1,-1,1,1,-1,1,-1,-1,1,1,1,-1,1,-1,-1,-1,-1,1,1,1,-1,1,-1,-1,1,-1,1,-1,-1,1,-1,1,-1,1,1,-1,-1,-1,-1,-1,1,1,-1,-1,-1,1,-1,1,1,-1,-1,-1,-1,1,1,-1,-1,-1,-1,-1,1,1,-1,1,-1,1,1,1,1,1,-1,-1,-1,-1,-1,1,-1,1,-1,-1,1,-1,1,1,-1,1,-1,-1,1,1,1,-1,1,-1,1,-1,1,1,-1,-1,-1,1,-1,1,1,-1,1,-1,-1,-1,1,1,-1,-1,1,-1,-1,1,1,-1,-1,-1,-1,-1,1,1,1,-1,1,-1,-1,-1,-1,1,-1,1,-1,-1,1,-1,-1,1,-1,1,-1,1,1,-1,1,-1,1,-1,1,-1,-1,1,-1,1,-1,1,1,-1,1,-1,-1,-1,-1,1,-1,1,-1,1,-1,-1,1,-1,1,-1,1,-1,-1,-1,-1,1,-1,-1,-1,-1,1,1,-1,-1,-1,-1,-1,-1,-1,1,-1,-1,-1,-1,1,-1,-1,1,-1,-1,-1,1,-1,-1,1,-1,-1,-1,-1,-1,1,1,-1,-1,-1,-1,-1,1,-1,-1,-1,1,-1,-1,1,-1,1,-1,-1,-1,-1,1,-1,-1,1,-1,-1,-1,-1,1,-1,-1,-1,1,-1,1,-1,-1,-1,-1,-1,-1,-1,1,1,-1,-1,-1,-1,-1,1,1,1,-1,1,-1,1,-1,1,-1,-1,-1,-1,-1,-1,1,1,-1,-1,1,-1,1,1,-1,-1,-1,-1,-1,1,1,-1,-1,-1,1,-1,1,1,1,-1,-1,-1,1,1,1,-1,-1,1,-1,-1,1,1,-1,-1,1,-1,-1,1,1,-1,1,-1,1,-1,1,1,-1,-1,1,1,-1,1,-1,-1,-1,1,1,-1,1,1,1,-1,-1,1,-1,1,1,-1,-1,1,-1,-1,1,-1,1,-1,-1,1,-1,-1,1,1,-1,-1,1,-1,-1,1,1,-1,-1,1,-1,-1,1,1,-1,-1,1,-1,1,-1,-1,-1,1,1,-1,1,1,-1,-1,1,-1,1,-1,1,-1,-1,-1,-1,-1,1,1,-1,-1,1,-1,1,1,-1,1,-1,-1,1,-1,1,1,1,-1,-1,-1,-1,1,1,1,-1,-1,-1,1,1,-1,1,-1,-1,1,-1,1,-1,1,1,-1,1,-1,1,-1,1,-1,-1,1,1,1,1,1,-1,-1,-1,1,-1,1,1,1,-1,1,-1,1,1,1,-1,-1,1,1,1,-1,1,-1,-1,1,-1,1,1,1,-1,-1,-1,1,-1,-1,-1,-1,-1,1,-1,1,1,1,-1,1,1,1,-1,1,1,1,-1,1,1,1,1,1,-1,-1,1,1,1,1,1,-1,-1,-1,1,-1,1,1,-1,-1,1,1,1,-1,1,1,-1,1,1,1,1,1,-1,-1,-1,1,1,1,-1,1,-1,1,-1,1,1,-2642.0,1,2000,445,1000,True
2867,1,1,-1,-1,1,-1,-1,1,1,1,1,-1,1,1,1,1,-1,1,-1,-1,-1,1,1,1,1,-1,-1,-1,1,1,1,1,1,-1,-1,1,-1,1,1,1,-1,-1,1,1,1,1,-1,-1,1,-1,1,1,1,1,-1,-1,-1,-1,1,1,1,-1,-1,1,1,1,1,-1,-1,-1,1,-1,1,1,1,-1,-1,1,-1,1,1,-1,-1,-1,-1,1,1,1,-1,1,-1,-1,-1,1,1,-1,-1,1,-1,1,1,1,-1,-1,1,-1,-1,1,1,-1,-1,1,-1,-1,1,1,-1,-1,1,-1,-1,1,1,1,-1,1,-1,-1,1,1,1,-1,1,-1,-1,1,1,1,-1,-1,-1,-1,1,1,1,-1,1,-1,-1,-1,1,1,-1,-1,1,-1,-1,1,-1,-1,1,-1,-1,-1,1,1,-1,1,1,-1,1,1,-1,-1,1,-1,-1,1,1,-1,1,-1,1,-1,1,1,-1,1,1,-1,-1,-1,1,-1,1,1,1,-1,-1,1,1,-1,1,1,-1,-1,1,-1,-1,1,1,-1,1,1,-1,1,1,1,-1,1,1,1,1,1,1,1,-1,1,1,-1,1,1,-1,-1,1,1,-1,1,1,-1,-1,1,1,1,1,1,1,-1,-1,1,1,1,1,-1,1,1,1,1,1,1,-1,-1,1,1,1,-1,1,1,-1,-1,1,1,-1,1,1,1,-1,1,1,-1,1,1,1,-1,1,-1,1,1,1,1,1,1,1,1,1,-1,-1,-1,-1,1,-1,1,1,-1,-1,1,1,-1,1,1,1,-1,-1,1,1,1,1,1,-1,1,1,-1,1,-1,1,-1,-1,1,-1,1,1,1,-1,-1,1,1,1,1,-1,-1,1,-1,1,1,1,-1,-1,-1,-1,1,1,1,1,-1,-1,1,-1,1,1,-1,-1,-1,-1,1,1,1,1,-1,-1,-1,1,1,1,1,-1,-1,1,1,1,1,1,1,-1,-1,1,1,1,1,-1,-1,-1,1,-1,1,1,1,-1,1,-1,-1,1,1,-1,1,-1,1,1,1,1,1,-1,-1,1,1,1,1,1,1,-1,1,1,1,1,1,-1,1,1,1,1,1,1,-1,-1,1,1,1,1,1,-1,1,1,-1,1,1,-1,1,1,1,1,1,1,-1,1,1,-1,1,1,-1,1,-1,1,1,1,1,-1,-1,1,1,-1,-1,1,1,-1,1,1,1,-1,1,1,-1,1,1,1,-1,1,1,-1,1,1,1,1,-1,1,-1,1,-1,1,-1,1,1,-1,-1,1,1,1,1,-1,1,1,1,-1,-1,1,-1,1,-1,1,-1,1,1,-1,1,-1,1,-1,1,1,-1,1,-1,1,1,-1,1,-1,1,1,1,-1,1,1,-1,-1,1,1,-1,-1,1,-1,1,1,1,-1,-1,1,-1,-1,-1,1,-1,-1,1,-1,-1,1,1,1,-1,1,-1,-1,-1,1,1,-1,-1,1,1,1,-1,1,-1,1,-1,1,1,1,-1,1,1,-1,-1,1,1,1,-1,1,-1,1,-1,1,1,1,-1,-1,-1,-1,-1,1,1,1,-1,-1,-1,1,1,-1,1,-1,-1,-1,1,1,1,1,-1,-1,-1,1,1,-1,1,-1,-1,-1,-1,1,1,1,-1,1,-1,-1,1,-1,1,-1,-1,1,-1,1,-1,1,1,-1,-1,-1,-1,-1,1,1,-1,-1,-1,-1,-1,1,1,-1,-1,-1,1,1,1,-1,-1,-1,-1,1,1,1,-1,1,-1,1,-1,1,1,1,-1,-1,-1,-1,-1,1,-1,1,-1,-1,1,-1,1,1,-1,-1,-1,-1,1,1,1,-1,1,-1,-1,-1,1,1,-1,-1,-1,-1,-1,1,1,-1,-1,-1,-1,-1,1,1,1,-1,1,-1,-1,1,1,-1,-1,-1,-1,-1,1,1,1,-1,-1,1,-1,-1,-1,1,-1,-1,1,-1,1,-1,1,-1,1,1,-1,1,1,-1,-1,-1,1,-1,1,-1,1,-1,1,1,-1,1,1,-1,-1,1,1,-1,-1,1,1,-1,-1,1,-1,-1,1,-1,-1,1,1,-1,-1,-1,1,1,1,1,-1,-1,1,1,-1,1,1,-1,-1,-1,1,-1,1,1,-1,-1,1,1,-1,-1,1,-1,-1,1,-1,1,-1,1,-1,-1,-1,1,1,-1,1,-1,-1,1,1,-1,1,-1,-1,1,-1,1,-1,1,1,-1,-1,-1,1,-1,1,1,1,-1,-1,1,1,-1,1,-1,-1,-1,1,-1,1,-1,1,-1,-1,1,1,1,1,-1,1,-1,1,1,-1,-1,-1,-1,-1,1,-1,1,1,-1,-1,-1,-1,1,1,-1,1,-1,-1,1,1,-1,1,-1,-1,1,-1,1,-1,1,-1,-1,1,-1,1,-1,-1,1,-1,1,1,-1,1,1,-1,-1,-1,1,1,-1,-1,1,1,-1,1,1,-1,1,1,-1,-1,1,1,-1,-1,-1,1,-1,1,1,-1,1,1,1,-1,1,1,-1,-1,1,1,1,-1,1,-1,1,1,1,-1,-1,1,-1,-1,1,1,1,-1,1,1,-1,-1,1,1,-1,1,1,-1,1,1,1,-1,1,1,1,1,1,1,-1,1,-1,-1,1,1,1,-1,1,-1,1,1,1,-1,1,-1,1,-1,1,1,-1,-1,1,-1,-1,1,-1,1,1,-1,-1,1,1,1,1,-1,1,-1,1,1,1,-1,-1,1,-1,1,1,1,-1,1,-1,-1,-1,1,1,-1,-1,1,-1,-1,1,1,1,-1,1,-1,-1,1,1,1,-1,1,-1,-1,1,1,-1,-1,-1,1,-1,-1,1,-1,1,1,-1,1,1,-1,-1,1,-1,-1,-1,-1,1,-1,1,1,-1,1,1,-1,-1,-1,-1,1,-1,-1,-1,-1,-1,-1,-1,1,1,-1,1,1,-1,1,1,1,1,-1,1,-1,1,1,1,1,-1,1,-1,-1,1,1,1,-1,1,-1,1,1,1,1,-1,1,-1,1,1,1,-1,-1,1,-1,-1,1,1,-1,-1,-1,1,-1,1,1,1,-1,1,-1,-1,1,-2642.0,1,2000,445,1000,True
2868,1,1,-1,-1,1,1,-1,1,1,1,1,-1,-1,1,1,1,-1,1,-1,-1,-1,1,1,1,1,1,-1,-1,1,1,1,1,-1,-1,-1,1,-1,1,1,1,-1,-1,1,1,1,1,1,1,-1,-1,1,1,1,1,-1,-1,1,-1,1,1,1,-1,-1,-1,1,1,1,1,1,-1,1,-1,1,1,1,1,-1,1,-1,1,1,1,1,-1,-1,1,1,1,1,1,-1,1,-1,1,1,1,-1,1,-1,-1,1,1,1,1,1,-1,-1,1,1,1,1,-1,-1,-1,1,1,1,1,1,-1,-1,1,1,1,1,-1,-1,-1,1,1,1,1,1,-1,-1,1,1,1,1,1,-1,-1,-1,1,1,1,1,-1,-1,-1,1,1,1,1,1,-1,-1,1,1,1,1,1,-1,-1,1,1,1,1,1,-1,1,1,1,1,1,-1,-1,1,1,1,1,-1,1,-1,1,1,1,1,1,-1,-1,-1,1,1,1,1,1,-1,-1,1,-1,1,1,1,-1,-1,1,1,1,1,1,-1,1,1,-1,1,1,1,-1,1,1,1,1,1,1,1,-1,1,-1,-1,1,1,-1,-1,1,1,1,1,1,-1,-1,1,-1,1,1,1,1,-1,1,1,-1,1,1,-1,1,1,-1,1,1,1,-1,-1,1,-1,1,-1,1,1,1,1,-1,1,-1,1,1,1,1,-1,1,-1,1,1,1,1,-1,-1,1,1,1,1,1,1,-1,1,1,-1,-1,1,1,-1,-1,1,1,1,1,-1,1,-1,1,1,1,-1,1,-1,-1,1,1,1,1,-1,1,-1,1,-1,1,1,1,1,-1,1,1,1,1,1,-1,-1,1,1,1,1,1,1,1,1,1,1,1,1,-1,1,1,1,-1,1,1,-1,1,1,1,1,1,1,1,-1,1,-1,1,1,1,1,-1,1,1,1,1,1,1,-1,1,1,-1,1,1,-1,-1,1,1,1,-1,1,1,-1,-1,1,-1,1,1,1,1,-1,1,1,-1,1,1,-1,1,1,-1,-1,-1,-1,-1,1,1,-1,1,1,-1,-1,1,-1,-1,1,1,1,-1,1,-1,1,1,1,-1,-1,1,1,1,-1,1,-1,-1,-1,1,-1,1,-1,-1,1,1,1,-1,1,-1,-1,1,1,1,1,-1,1,-1,1,1,1,1,1,-1,-1,1,-1,1,-1,1,-1,-1,-1,1,1,1,1,-1,-1,1,-1,1,1,1,-1,1,-1,1,-1,1,1,-1,-1,1,-1,1,1,1,1,-1,-1,1,1,1,1,-1,-1,1,-1,1,1,-1,1,-1,1,-1,1,1,-1,1,1,-1,1,1,1,-1,1,-1,1,-1,1,1,-1,-1,1,-1,1,1,1,1,-1,1,-1,-1,-1,1,1,-1,1,-1,1,-1,1,-1,-1,1,-1,-1,1,-1,1,-1,-1,1,-1,1,-1,1,1,-1,1,-1,-1,1,1,1,-1,1,-1,1,-1,-1,-1,1,-1,1,1,-1,-1,1,-1,1,-1,1,-1,1,-1,1,1,1,-1,-1,-1,-1,-1,1,-1,1,-1,-1,-1,1,1,-1,1,-1,-1,-1,1,1,-1,1,-1,-1,1,1,1,-1,1,-1,-1,-1,-1,1,1,1,-1,1,-1,-1,1,-1,1,-1,-1,1,-1,1,-1,1,1,-1,-1,-1,-1,-1,1,1,-1,-1,-1,1,-1,1,1,-1,-1,-1,-1,1,1,-1,-1,-1,-1,-1,1,1,-1,1,-1,1,1,1,1,1,-1,-1,-1,-1,-1,1,-1,1,-1,-1,1,-1,1,1,-1,1,-1,-1,1,1,1,-1,1,-1,1,-1,1,1,-1,1,-1,1,-1,1,1,-1,1,-1,-1,-1,1,1,1,-1,1,-1,-1,1,1,-1,-1,-1,-1,-1,1,1,1,-1,1,-1,-1,1,-1,1,-1,1,-1,-1,1,-1,-1,1,1,1,-1,1,1,-1,1,-1,1,-1,1,-1,-1,1,-1,1,-1,1,1,-1,1,-1,-1,-1,-1,1,-1,1,-1,1,-1,-1,1,-1,1,-1,1,-1,-1,-1,1,1,-1,-1,-1,-1,1,-1,-1,-1,-1,-1,-1,-1,-1,1,-1,-1,-1,-1,1,1,-1,1,-1,-1,-1,1,-1,-1,1,-1,-1,-1,-1,-1,1,1,-1,-1,-1,-1,-1,1,-1,-1,-1,1,-1,-1,1,-1,1,-1,-1,-1,-1,-1,-1,-1,1,-1,-1,-1,-1,1,1,-1,-1,-1,1,-1,-1,-1,1,-1,-1,-1,1,-1,1,-1,-1,-1,-1,1,1,1,-1,-1,1,-1,-1,-1,1,-1,-1,-1,-1,-1,-1,1,1,-1,-1,1,-1,1,1,-1,-1,-1,1,-1,1,1,-1,-1,1,-1,-1,1,1,1,-1,1,-1,1,1,1,-1,-1,1,-1,-1,1,1,-1,-1,1,-1,-1,1,1,-1,1,1,-1,-1,1,1,-1,-1,1,-1,-1,1,-1,-1,-1,1,-1,-1,1,1,1,-1,-1,1,-1,1,1,-1,-1,1,-1,-1,1,-1,1,-1,1,1,-1,-1,1,1,-1,-1,1,-1,1,1,1,-1,-1,1,-1,1,1,1,-1,-1,1,-1,1,-1,-1,-1,1,-1,1,1,1,-1,-1,1,-1,1,-1,1,-1,-1,-1,-1,1,1,1,-1,-1,1,-1,-1,1,-1,1,-1,-1,1,-1,1,-1,1,-1,-1,-1,-1,1,1,1,-1,-1,-1,1,1,-1,1,-1,-1,1,-1,1,-1,1,1,-1,1,-1,1,-1,1,-1,-1,1,1,1,1,1,-1,-1,-1,1,-1,1,1,1,-1,1,-1,-1,1,1,-1,-1,1,-1,1,-1,1,-1,-1,1,1,1,1,1,-1,-1,-1,1,-1,-1,-1,-1,-1,1,-1,1,1,1,-1,1,1,1,-1,1,1,-1,-1,1,1,1,1,1,-1,-1,1,1,1,1,1,-1,-1,-1,1,-1,1,1,-1,-1,1,1,1,-1,1,1,-1,1,1,1,1,1,-1,-1,-1,1,1,1,-1,1,-1,1,-1,1,1,-2642.0,1,2000,445,1000,True
2869,-1,-1,1,1,1,1,-1,1,-1,-1,-1,1,-1,1,-1,-1,1,-1,1,-1,-1,1,-1,-1,-1,1,-1,-1,1,-1,-1,-1,1,-1,-1,1,1,-1,-1,1,-1,-1,1,-1,-1,-1,1,1,-1,-1,-1,-1,-1,1,-1,-1,-1,1,-1,-1,1,1,-1,1,-1,-1,-1,1,1,-1,1,-1,-1,-1,1,1,-1,1,-1,-1,-1,1,1,-1,-1,-1,-1,1,1,1,1,-1,-1,-1,1,1,-1,-1,-1,1,-1,1,1,1,-1,-1,-1,-1,1,1,1,-1,-1,-1,-1,1,1,1,1,-1,-1,-1,-1,1,1,-1,-1,-1,-1,1,1,1,-1,-1,-1,1,1,1,1,-1,-1,-1,1,-1,1,1,1,-1,-1,-1,-1,1,1,-1,1,-1,-1,1,1,1,-1,-1,-1,-1,1,-1,1,-1,1,-1,1,-1,1,1,-1,-1,-1,-1,1,1,-1,1,1,-1,1,-1,1,-1,-1,-1,-1,1,-1,1,-1,-1,1,-1,1,-1,1,-1,-1,1,-1,1,1,1,1,-1,1,-1,1,-1,1,-1,-1,1,1,1,-1,1,1,-1,1,1,-1,1,-1,1,-1,1,-1,1,-1,1,1,-1,1,1,1,-1,1,-1,-1,1,1,1,-1,-1,1,-1,1,1,-1,1,1,-1,-1,1,1,1,-1,1,1,1,1,-1,-1,-1,1,-1,1,1,1,-1,-1,1,-1,1,1,-1,1,-1,-1,1,-1,1,1,1,-1,1,1,-1,1,1,-1,-1,1,1,1,1,-1,-1,-1,1,1,1,1,1,1,-1,-1,1,1,1,-1,-1,-1,1,-1,1,-1,1,-1,-1,1,-1,1,1,-1,1,-1,1,-1,1,1,-1,-1,-1,1,-1,1,1,-1,-1,1,-1,1,-1,1,-1,-1,1,-1,1,1,1,-1,1,1,1,-1,-1,1,-1,-1,1,1,-1,-1,-1,-1,-1,1,1,-1,-1,-1,-1,-1,1,1,-1,-1,-1,-1,1,1,1,-1,1,1,-1,-1,1,1,-1,-1,1,-1,-1,-1,1,-1,1,-1,-1,-1,-1,-1,-1,1,1,-1,-1,1,1,-1,1,-1,-1,1,1,1,-1,1,-1,-1,1,1,-1,1,-1,-1,-1,-1,-1,1,1,1,1,-1,-1,1,-1,-1,1,-1,-1,1,1,-1,1,1,1,-1,-1,1,-1,-1,1,-1,-1,1,1,-1,-1,1,1,-1,-1,1,-1,-1,-1,-1,-1,-1,1,-1,-1,1,1,-1,-1,1,-1,1,-1,-1,1,-1,1,-1,-1,1,1,-1,-1,1,-1,-1,-1,-1,-1,1,1,-1,-1,1,1,-1,1,-1,1,-1,1,1,-1,1,-1,-1,-1,-1,-1,-1,1,-1,1,-1,-1,1,-1,1,-1,-1,1,-1,-1,1,-1,1,-1,-1,-1,1,-1,1,1,-1,-1,-1,1,-1,1,-1,-1,-1,-1,1,1,1,1,-1,-1,-1,1,-1,1,1,1,-1,-1,1,1,-1,1,1,-1,-1,1,1,1,1,-1,1,1,1,1,-1,1,-1,1,-1,-1,1,-1,-1,1,-1,-1,1,-1,-1,-1,1,1,-1,1,1,-1,-1,1,1,-1,-1,1,-1,-1,-1,-1,-1,1,1,-1,-1,-1,-1,-1,1,1,-1,-1,1,1,1,-1,1,-1,-1,1,1,-1,1,1,-1,-1,-1,1,-1,-1,1,1,-1,1,1,1,1,1,-1,1,1,1,-1,1,1,1,-1,1,1,-1,1,1,-1,1,1,1,-1,1,1,-1,-1,1,-1,1,1,1,-1,1,1,1,-1,1,1,-1,1,1,1,1,1,1,1,1,1,1,1,1,1,-1,1,1,1,-1,1,1,1,1,1,1,1,1,1,-1,1,1,1,1,1,1,1,-1,1,-1,1,1,1,1,1,1,1,1,1,1,-1,1,1,1,-1,1,-1,-1,1,1,1,-1,1,1,-1,1,1,1,1,1,-1,-1,1,1,1,-1,1,1,-1,1,1,-1,-1,1,-1,1,1,1,1,-1,1,1,-1,1,1,1,-1,1,1,-1,1,-1,1,-1,1,1,-1,1,1,1,-1,1,-1,1,1,-1,-1,-1,1,1,-1,1,-1,-1,-1,1,1,-1,1,1,-1,1,1,1,-1,1,1,1,-1,1,1,-1,1,-1,1,-1,1,-1,1,1,1,-1,-1,1,-1,1,1,-1,-1,1,1,1,1,1,-1,-1,-1,1,-1,1,1,-1,1,-1,1,-1,1,1,-1,-1,-1,1,-1,1,1,-1,1,1,-1,1,1,1,1,-1,1,1,-1,1,1,-1,1,1,1,-1,1,1,-1,-1,1,-1,-1,1,1,-1,1,1,-1,-1,-1,-1,-1,1,1,1,-1,1,1,-1,1,1,1,-1,1,-1,1,1,1,-1,1,1,-1,-1,1,1,-1,-1,-1,1,-1,1,1,-1,1,-1,-1,-1,1,1,-1,-1,-1,1,-1,1,1,-1,-1,-1,-1,-1,1,1,-1,-1,-1,1,-1,1,1,-1,-1,-1,-1,-1,1,-1,-1,-1,-1,-1,1,1,1,-1,-1,-1,1,-1,1,1,-1,-1,1,-1,1,1,1,1,-1,-1,-1,1,-1,1,-1,-1,-1,-1,1,-1,1,-1,-1,-1,-1,1,-1,1,-1,-1,1,1,-1,1,1,-1,1,-1,1,1,1,1,1,-1,1,-1,1,1,1,1,-1,1,1,1,-1,1,1,-1,1,1,-1,1,1,1,-1,1,-1,1,1,1,1,1,1,-1,1,-1,1,1,-1,-1,1,-1,-1,1,1,-1,1,1,-1,-1,1,1,1,1,-1,1,1,1,1,1,1,-1,1,1,1,1,-1,1,-1,-1,1,-1,1,-1,1,1,-1,-1,1,1,1,1,-1,-1,1,1,1,1,-1,-1,1,-1,1,1,1,1,-1,1,-1,-1,1,1,1,-1,1,1,1,1,1,1,-1,1,-1,1,1,1,1,-1,1,-1,1,1,1,1,-1,1,1,1,1,1,1,1,-1,1,1,1,-1,1,-1,1,-1,1,-2642.0,1,2000,445,500,True
2870,-1,-1,1,1,1,-1,1,1,-1,-1,-1,-1,1,1,-1,-1,1,-1,-1,-1,1,1,-1,-1,-1,-1,1,1,-1,-1,-1,-1,1,-1,1,1,1,-1,-1,-1,-1,1,1,-1,-1,-1,-1,-1,1,-1,-1,-1,1,-1,-1,1,-1,1,-1,-1,-1,-1,-1,1,-1,-1,-1,-1,-1,1,1,-1,-1,-1,-1,-1,1,1,-1,-1,-1,1,-1,1,-1,-1,-1,-1,-1,-1,1,-1,-1,-1,-1,-1,1,-1,-1,1,-1,-1,-1,1,-1,-1,-1,-1,-1,-1,1,1,-1,-1,-1,-1,-1,1,-1,-1,-1,1,-1,-1,1,1,-1,-1,1,-1,-1,1,-1,-1,-1,1,-1,-1,1,-1,-1,-1,1,-1,-1,1,-1,-1,-1,-1,-1,-1,-1,1,1,-1,1,1,-1,1,-1,-1,-1,-1,-1,-1,1,-1,1,-1,-1,-1,-1,1,-1,-1,-1,1,-1,-1,-1,1,1,-1,-1,-1,-1,-1,-1,-1,-1,1,-1,1,1,-1,1,-1,1,-1,-1,1,-1,1,-1,1,-1,-1,1,-1,1,-1,1,-1,1,1,-1,1,-1,1,-1,1,1,1,1,1,-1,1,-1,1,-1,1,-1,-1,1,-1,-1,1,1,-1,-1,1,-1,1,1,1,1,-1,1,-1,-1,1,1,-1,1,1,-1,-1,1,1,-1,-1,1,-1,1,1,1,1,1,1,-1,1,1,1,1,1,1,1,-1,1,1,1,1,1,1,-1,1,1,1,-1,1,1,-1,1,1,-1,1,1,1,1,1,1,1,-1,1,1,-1,1,1,1,-1,1,1,-1,1,1,1,1,1,1,-1,1,1,-1,1,1,1,-1,1,1,1,1,1,1,1,1,1,1,1,1,1,-1,1,1,1,1,1,1,-1,1,1,1,-1,1,1,1,1,1,1,-1,1,1,-1,-1,1,-1,1,1,1,-1,-1,1,1,-1,1,1,-1,-1,1,1,-1,1,1,-1,-1,1,1,1,-1,1,-1,-1,-1,1,-1,1,1,1,-1,1,1,1,-1,1,-1,1,1,1,-1,-1,-1,-1,-1,1,1,-1,1,1,-1,-1,1,-1,1,-1,1,1,-1,1,-1,1,1,1,-1,-1,1,1,1,-1,1,1,1,-1,1,-1,1,1,1,-1,1,1,-1,-1,-1,1,1,1,1,-1,1,-1,1,-1,1,1,1,-1,-1,1,1,-1,1,-1,1,-1,1,-1,-1,-1,1,1,-1,-1,1,-1,1,1,-1,-1,1,-1,-1,1,1,-1,-1,-1,1,-1,1,-1,-1,-1,1,1,1,1,-1,1,-1,1,-1,1,1,-1,1,-1,1,1,1,1,-1,-1,-1,1,-1,1,1,-1,-1,-1,1,1,-1,1,1,-1,-1,1,-1,1,-1,1,-1,-1,1,-1,-1,-1,1,-1,-1,-1,1,1,-1,1,-1,-1,1,-1,-1,1,1,-1,-1,-1,1,-1,1,1,-1,1,-1,1,-1,-1,1,1,1,-1,1,-1,1,-1,1,-1,1,-1,1,1,-1,-1,1,1,1,-1,1,-1,1,-1,1,1,1,-1,-1,-1,1,-1,1,1,1,-1,-1,-1,1,1,-1,1,-1,-1,-1,1,1,1,1,-1,-1,-1,1,1,1,1,-1,-1,-1,-1,1,-1,1,-1,1,-1,-1,1,1,1,-1,-1,1,1,-1,-1,1,1,-1,-1,-1,-1,1,1,1,-1,-1,-1,1,1,1,1,-1,-1,1,-1,1,1,-1,-1,-1,-1,-1,1,1,-1,1,-1,-1,1,1,1,1,-1,-1,-1,-1,1,1,-1,1,-1,-1,1,1,1,1,-1,1,-1,-1,1,1,1,-1,1,-1,1,1,1,1,-1,1,-1,-1,1,-1,1,-1,1,-1,1,1,1,1,1,-1,1,-1,1,1,1,-1,-1,-1,1,1,1,-1,1,-1,1,-1,1,-1,-1,1,-1,1,-1,1,1,-1,-1,1,-1,1,1,-1,1,-1,1,-1,1,1,1,-1,1,-1,1,-1,1,-1,1,-1,1,-1,-1,1,1,1,-1,1,-1,1,1,-1,1,-1,1,1,-1,1,1,-1,-1,1,1,1,1,-1,1,1,-1,1,1,1,1,-1,-1,1,-1,1,1,1,-1,-1,-1,1,1,1,1,-1,-1,-1,1,1,1,1,1,-1,1,-1,1,1,1,-1,-1,-1,1,-1,1,1,-1,-1,1,-1,1,1,1,-1,-1,-1,1,1,-1,1,-1,-1,1,1,1,1,1,1,1,-1,-1,1,1,1,1,-1,1,1,1,1,1,-1,-1,1,-1,1,1,1,1,-1,-1,1,1,1,1,1,1,-1,-1,1,-1,1,1,-1,-1,1,1,1,1,1,-1,-1,1,1,1,1,1,1,-1,1,1,-1,1,-1,-1,1,1,1,1,1,1,-1,-1,1,1,1,1,-1,-1,-1,1,1,1,1,-1,-1,-1,1,1,1,1,1,-1,-1,1,1,1,1,1,-1,-1,1,1,1,1,1,1,-1,-1,1,1,1,-1,-1,-1,1,-1,1,1,-1,1,-1,-1,1,-1,1,1,1,-1,1,1,1,1,-1,1,-1,1,1,1,1,1,1,1,-1,1,1,-1,1,-1,1,-1,1,1,-1,1,1,-1,1,1,1,-1,1,1,1,-1,1,1,-1,1,1,-1,-1,1,1,-1,1,1,1,-1,1,1,-1,-1,1,1,-1,1,1,-1,-1,1,-1,-1,-1,-1,-1,1,-1,1,-1,-1,1,-1,-1,-1,1,1,-1,1,-1,-1,1,-1,-1,-1,-1,1,-1,-1,-1,1,-1,-1,-1,1,-1,1,-1,1,-1,1,-1,1,1,1,-1,1,1,-1,-1,1,-1,1,-1,1,-1,-1,1,-1,-1,1,1,-1,-1,1,1,-1,-1,1,-1,-1,1,-1,1,1,1,1,-1,1,-1,1,-1,1,-1,-1,1,1,1,-1,1,1,-1,1,-1,1,1,1,1,-1,1,-1,1,-1,-1,1,-1,1,1,1,-1,1,1,-1,1,-1,1,1,-1,1,-1,-1,1,1,-2642.0,1,2000,445,1000,True
2871,1,1,-1,-1,1,-1,-1,1,1,1,1,-1,1,1,1,1,-1,1,-1,-1,-1,1,1,1,1,-1,1,-1,1,1,1,1,-1,-1,-1,1,-1,1,1,1,-1,-1,1,1,1,1,-1,-1,1,-1,1,1,1,1,-1,-1,1,-1,1,1,-1,-1,-1,-1,1,1,1,-1,-1,1,1,-1,1,1,-1,1,1,1,-1,1,1,-1,-1,-1,-1,1,1,-1,-1,1,1,1,-1,1,-1,-1,1,1,-1,-1,1,-1,-1,1,-1,-1,-1,1,-1,-1,1,1,-1,-1,1,1,-1,1,1,-1,-1,1,-1,-1,1,1,-1,-1,1,-1,-1,1,-1,-1,-1,-1,-1,-1,1,-1,-1,-1,-1,1,-1,1,1,-1,-1,-1,1,-1,-1,1,1,-1,-1,-1,-1,1,-1,1,-1,-1,1,-1,1,-1,1,-1,-1,-1,-1,1,-1,-1,-1,1,-1,-1,-1,1,1,-1,-1,1,-1,-1,-1,-1,-1,-1,-1,1,-1,-1,1,-1,-1,-1,-1,1,-1,1,-1,-1,-1,-1,-1,-1,1,-1,1,-1,1,1,-1,1,-1,1,1,-1,-1,-1,1,1,-1,1,-1,-1,-1,1,1,-1,1,-1,-1,-1,1,-1,-1,1,-1,1,-1,1,1,-1,1,-1,1,-1,1,-1,1,1,-1,1,-1,1,-1,-1,1,-1,1,-1,1,1,1,1,-1,1,-1,1,1,1,1,1,-1,-1,1,1,1,1,1,-1,-1,1,1,1,1,1,-1,-1,1,1,1,1,1,1,1,1,1,1,1,-1,1,-1,1,1,1,1,1,-1,1,1,1,1,1,1,-1,1,1,-1,1,1,1,-1,1,1,1,1,1,1,1,1,1,1,1,1,1,1,-1,1,1,1,1,1,-1,1,1,1,1,-1,1,1,-1,1,1,1,1,1,-1,1,1,1,1,1,1,-1,1,-1,1,1,1,1,1,1,-1,1,1,1,1,-1,1,-1,1,-1,-1,1,-1,1,1,-1,1,1,1,1,-1,1,-1,1,-1,1,-1,1,-1,-1,1,-1,-1,-1,1,1,-1,1,-1,1,-1,1,-1,1,-1,1,1,1,1,-1,1,-1,1,1,-1,1,-1,-1,-1,-1,1,1,-1,1,-1,-1,1,-1,1,-1,-1,-1,1,-1,-1,1,-1,1,-1,1,-1,1,1,-1,-1,-1,1,1,-1,1,-1,1,-1,-1,1,-1,1,-1,-1,-1,-1,1,-1,-1,1,1,-1,-1,1,-1,1,1,-1,1,-1,1,-1,1,-1,1,-1,-1,1,-1,1,-1,-1,-1,1,1,-1,1,-1,1,-1,1,-1,1,1,-1,1,-1,1,-1,-1,1,-1,-1,-1,1,-1,1,-1,1,1,-1,1,-1,-1,1,-1,-1,1,-1,1,-1,1,-1,1,-1,1,1,-1,-1,-1,1,-1,1,-1,-1,1,-1,1,1,1,1,-1,-1,1,1,-1,1,1,1,-1,1,1,1,-1,1,1,-1,1,1,1,1,-1,-1,1,-1,1,1,-1,1,-1,1,-1,1,-1,-1,-1,1,-1,-1,1,-1,-1,-1,1,1,-1,-1,1,-1,-1,1,1,-1,-1,1,-1,-1,-1,-1,-1,-1,1,-1,-1,-1,-1,-1,-1,1,-1,-1,1,1,1,1,1,-1,1,1,1,-1,-1,1,-1,-1,-1,1,-1,-1,1,1,-1,1,1,1,-1,1,1,-1,-1,1,-1,-1,1,1,-1,-1,1,-1,1,1,-1,-1,1,1,-1,1,1,-1,1,1,-1,1,1,1,1,-1,1,1,-1,-1,1,1,-1,1,1,1,-1,1,1,-1,-1,1,1,1,1,1,-1,1,1,-1,-1,1,1,-1,-1,1,1,-1,1,1,-1,-1,1,1,-1,1,1,-1,-1,-1,1,-1,1,1,-1,-1,1,1,-1,1,1,1,-1,1,-1,-1,1,-1,1,-1,1,-1,-1,1,-1,-1,-1,1,1,-1,1,1,-1,-1,1,-1,-1,1,-1,-1,1,-1,-1,-1,1,1,-1,-1,1,-1,-1,1,1,-1,-1,1,-1,-1,-1,1,-1,-1,1,-1,-1,-1,1,-1,-1,1,-1,-1,-1,1,-1,1,-1,-1,-1,-1,-1,-1,1,-1,-1,-1,-1,1,-1,-1,1,-1,-1,-1,1,-1,-1,1,-1,-1,1,1,-1,1,1,-1,-1,1,-1,-1,1,-1,-1,-1,1,-1,-1,1,-1,1,-1,-1,-1,-1,-1,-1,-1,1,1,-1,-1,1,1,-1,-1,1,1,-1,1,-1,-1,1,1,-1,-1,1,-1,1,1,1,-1,-1,1,-1,1,-1,1,1,-1,-1,1,1,-1,1,1,1,-1,-1,1,1,1,1,-1,-1,1,1,1,1,1,-1,-1,1,1,-1,1,-1,-1,-1,1,1,1,1,-1,-1,1,1,1,1,1,1,-1,-1,1,1,1,1,-1,-1,-1,1,1,1,1,-1,-1,-1,1,1,1,1,1,-1,-1,1,1,1,1,1,-1,-1,1,1,1,1,1,1,-1,1,1,1,1,1,-1,-1,1,-1,1,1,1,1,-1,-1,1,-1,1,1,1,-1,1,1,1,1,-1,1,-1,1,1,1,-1,1,1,1,-1,-1,1,-1,1,-1,1,-1,1,1,-1,1,1,-1,1,1,-1,1,-1,-1,1,-1,1,-1,-1,1,1,-1,-1,1,1,-1,-1,1,1,-1,1,1,-1,1,-1,1,-1,1,1,-1,1,1,-1,-1,-1,-1,-1,1,-1,1,-1,-1,1,-1,1,-1,1,-1,1,1,-1,-1,1,-1,-1,-1,1,-1,1,1,-1,1,1,-1,1,1,-1,1,-1,1,-1,1,1,-1,1,-1,-1,-1,-1,1,-1,1,1,1,-1,1,1,1,-1,1,-1,1,1,1,-1,1,1,1,1,-1,1,-1,-1,1,1,1,1,1,-1,-1,1,1,1,1,1,1,-1,1,1,1,1,1,1,-1,1,1,1,1,1,1,-1,1,1,1,1,1,1,-1,1,1,1,-1,1,1,1,-1,1,1,-1,1,1,-1,1,1,-2642.0,1,2000,445,500,True
2872,1,1,-1,-1,1,1,-1,1,1,1,1,-1,-1,-1,1,1,-1,1,-1,-1,-1,1,1,1,1,1,-1,-1,1,1,1,1,-1,-1,-1,1,-1,1,1,1,-1,-1,1,1,1,1,-1,1,-1,-1,1,1,1,1,-1,1,1,-1,1,1,1,-1,-1,-1,1,1,1,1,1,-1,1,-1,1,1,-1,1,1,1,-1,1,1,1,1,-1,-1,1,1,-1,1,1,1,1,-1,1,-1,1,-1,1,-1,-1,1,-1,1,1,-1,-1,-1,1,-1,1,1,1,-1,-1,1,1,-1,1,1,-1,-1,1,-1,-1,1,1,-1,-1,1,-1,-1,1,-1,-1,-1,-1,-1,-1,1,-1,-1,-1,-1,1,-1,1,1,-1,-1,-1,1,-1,-1,1,1,-1,-1,-1,-1,-1,-1,1,-1,-1,1,-1,1,-1,1,-1,-1,-1,-1,1,-1,-1,-1,1,-1,-1,-1,1,1,-1,-1,-1,-1,-1,-1,-1,-1,-1,-1,-1,-1,-1,1,-1,-1,-1,-1,1,-1,1,-1,-1,-1,-1,-1,-1,1,-1,1,1,-1,-1,-1,1,-1,1,-1,1,1,-1,1,1,-1,-1,-1,-1,-1,1,1,-1,1,1,-1,-1,1,-1,-1,-1,1,1,-1,1,1,-1,-1,-1,1,-1,1,-1,-1,-1,1,-1,-1,1,-1,1,-1,1,-1,-1,1,1,-1,-1,1,-1,1,1,1,-1,-1,1,-1,1,1,1,1,-1,1,-1,-1,1,1,1,-1,1,1,-1,1,1,-1,-1,-1,1,1,1,1,-1,-1,1,1,-1,1,-1,1,-1,-1,1,1,1,1,1,-1,1,1,1,1,-1,1,-1,1,-1,1,1,1,1,-1,1,-1,1,1,1,-1,-1,1,1,-1,1,1,-1,1,-1,-1,1,1,1,-1,1,-1,1,-1,1,1,1,1,1,-1,1,1,1,1,1,1,-1,1,-1,1,-1,1,1,-1,1,-1,1,1,-1,1,-1,1,-1,1,1,-1,1,-1,1,1,-1,1,-1,1,-1,-1,1,-1,1,-1,1,-1,1,-1,-1,1,1,-1,-1,1,1,-1,1,-1,1,-1,1,-1,1,1,-1,1,1,1,1,-1,1,-1,1,-1,1,-1,-1,1,-1,1,1,-1,1,-1,1,1,-1,1,-1,-1,-1,1,-1,-1,1,-1,1,-1,-1,1,-1,1,-1,-1,-1,-1,1,-1,1,-1,1,1,-1,1,-1,1,-1,-1,-1,-1,1,-1,-1,1,1,-1,-1,1,-1,1,1,-1,1,-1,1,-1,1,-1,1,-1,-1,-1,-1,-1,-1,-1,1,-1,1,-1,1,-1,1,-1,-1,-1,1,1,-1,1,-1,-1,-1,-1,1,-1,-1,1,-1,-1,1,-1,1,1,1,1,-1,-1,1,-1,-1,1,-1,-1,-1,1,-1,1,-1,1,-1,-1,-1,-1,1,-1,1,-1,-1,1,-1,1,1,1,-1,-1,-1,1,1,-1,1,-1,1,-1,1,1,1,-1,1,1,-1,1,1,1,1,1,-1,1,-1,1,1,-1,1,-1,1,-1,-1,1,-1,-1,1,-1,-1,1,-1,-1,-1,1,1,-1,-1,1,-1,-1,1,1,-1,-1,1,-1,-1,-1,-1,-1,-1,1,-1,-1,-1,-1,-1,-1,1,-1,-1,1,1,1,1,1,-1,1,-1,1,-1,-1,1,-1,1,-1,1,-1,-1,1,1,-1,1,1,1,-1,1,1,-1,-1,1,-1,-1,1,1,-1,-1,1,-1,1,1,-1,-1,1,1,-1,1,1,-1,1,1,1,1,1,1,1,-1,1,-1,-1,-1,1,1,-1,1,-1,1,-1,1,1,-1,-1,1,1,1,1,1,-1,1,1,-1,-1,1,1,-1,-1,1,1,-1,1,1,-1,-1,1,-1,-1,1,1,-1,-1,-1,1,-1,1,1,-1,-1,1,1,-1,1,1,1,-1,1,-1,-1,1,-1,1,-1,1,-1,-1,1,-1,-1,1,-1,1,-1,1,1,-1,-1,1,-1,-1,1,-1,1,-1,1,-1,-1,1,1,-1,-1,1,-1,-1,1,1,1,-1,1,-1,-1,-1,1,-1,-1,1,-1,-1,-1,1,1,1,1,1,-1,1,-1,1,-1,1,1,-1,-1,-1,1,-1,1,-1,-1,-1,1,1,1,-1,1,-1,-1,1,1,1,-1,1,-1,1,1,1,-1,-1,1,-1,1,1,1,-1,1,-1,-1,1,1,1,1,-1,1,-1,1,1,1,1,-1,1,1,1,1,1,1,1,1,-1,1,-1,1,1,-1,1,1,1,1,1,-1,1,1,-1,1,1,1,1,-1,1,-1,1,-1,1,-1,1,1,-1,1,1,1,-1,-1,1,1,1,1,1,-1,1,1,1,1,1,-1,-1,1,1,-1,1,1,1,-1,1,1,-1,1,1,-1,1,1,1,1,1,1,-1,-1,1,1,1,1,-1,1,-1,1,1,-1,1,-1,-1,-1,1,1,-1,1,-1,1,-1,1,1,1,1,1,-1,-1,1,1,1,1,1,-1,-1,1,1,-1,1,-1,-1,-1,1,-1,1,-1,1,-1,1,1,1,1,-1,1,-1,-1,1,1,1,-1,1,-1,1,1,1,1,-1,1,-1,1,-1,1,-1,1,1,-1,1,-1,1,-1,-1,-1,-1,1,-1,1,-1,1,1,1,1,-1,1,-1,-1,1,1,-1,-1,1,1,-1,-1,1,1,-1,1,1,-1,1,-1,1,-1,1,1,-1,1,1,-1,-1,-1,1,-1,1,-1,1,-1,-1,1,-1,1,1,1,-1,1,1,-1,-1,1,-1,-1,-1,1,-1,1,1,-1,1,1,1,1,1,-1,1,-1,1,-1,1,1,-1,1,-1,-1,-1,-1,1,-1,1,1,1,-1,1,1,1,-1,-1,-1,1,1,1,-1,1,1,1,1,-1,1,-1,-1,1,1,1,1,1,-1,-1,1,1,1,1,1,1,-1,1,1,1,1,1,1,-1,1,1,-1,-1,1,-1,-1,1,1,1,1,1,1,-1,1,1,1,-1,1,-1,1,-1,1,1,-1,1,1,-1,1,1,-2642.0,1,2000,445,500,True
2873,-1,-1,1,1,1,1,-1,1,-1,-1,1,-1,-1,1,-1,-1,1,1,-1,-1,-1,1,-1,-1,1,-1,-1,-1,1,-1,-1,-1,1,-1,-1,1,1,-1,-1,1,-1,-1,1,-1,-1,-1,1,-1,1,-1,-1,-1,1,1,-1,-1,-1,1,-1,1,1,-1,-1,1,-1,1,-1,-1,-1,-1,1,-1,1,1,1,-1,-1,1,-1,-1,1,-1,-1,-1,-1,-1,-1,1,-1,-1,1,-1,-1,1,1,-1,-1,-1,-1,1,1,1,-1,-1,1,-1,-1,1,1,-1,-1,-1,-1,-1,1,1,-1,-1,1,-1,-1,1,1,1,-1,-1,-1,-1,1,1,1,-1,1,-1,-1,1,1,1,-1,1,-1,-1,1,1,1,-1,1,-1,-1,-1,1,1,-1,-1,1,-1,1,1,1,-1,1,-1,-1,-1,1,1,-1,1,1,-1,1,1,-1,-1,1,-1,-1,1,1,-1,1,-1,1,-1,1,1,-1,1,1,-1,-1,-1,1,1,1,1,1,-1,1,1,-1,1,1,1,-1,1,1,1,-1,1,1,-1,1,-1,1,1,1,1,-1,1,1,-1,-1,1,1,1,-1,1,-1,-1,1,1,-1,-1,1,-1,-1,1,1,-1,-1,1,-1,1,1,1,1,-1,1,-1,-1,1,1,-1,1,1,-1,1,1,1,-1,-1,1,-1,1,-1,1,1,1,1,-1,1,-1,1,1,1,1,-1,1,-1,1,1,1,1,1,-1,1,1,1,-1,1,1,-1,1,1,-1,1,1,1,-1,-1,1,1,-1,1,1,1,-1,1,1,-1,1,-1,-1,-1,1,1,1,1,-1,1,-1,1,-1,1,1,1,1,-1,1,1,1,1,1,1,-1,1,1,1,1,1,1,1,1,1,-1,1,1,-1,1,1,1,-1,1,1,-1,1,1,1,-1,1,1,1,-1,1,-1,1,1,1,1,-1,1,1,1,1,1,1,-1,1,1,-1,-1,1,-1,-1,1,1,1,1,1,1,-1,-1,1,-1,1,1,1,1,-1,1,1,-1,1,-1,-1,1,1,-1,-1,1,1,1,1,1,-1,1,-1,-1,1,1,-1,1,-1,1,-1,-1,1,-1,1,-1,1,1,-1,1,1,1,-1,1,-1,-1,-1,1,-1,1,-1,-1,-1,1,1,-1,1,-1,1,1,1,1,-1,1,-1,-1,1,1,1,1,1,-1,1,-1,-1,1,-1,1,-1,-1,-1,-1,-1,1,1,-1,-1,1,-1,1,1,-1,-1,1,-1,-1,1,-1,1,-1,-1,1,-1,1,-1,-1,1,-1,-1,1,1,-1,1,-1,-1,1,1,1,-1,-1,1,-1,1,1,-1,1,-1,-1,-1,-1,1,-1,1,-1,1,-1,1,1,-1,1,-1,-1,1,-1,1,1,-1,1,-1,-1,-1,1,-1,1,-1,-1,-1,-1,1,-1,1,-1,-1,-1,-1,1,-1,1,-1,-1,-1,-1,1,-1,1,-1,-1,-1,-1,1,1,-1,1,1,-1,1,1,-1,1,1,1,1,-1,1,1,-1,-1,1,1,-1,-1,1,-1,1,-1,1,-1,1,-1,-1,-1,-1,-1,-1,1,1,-1,-1,-1,1,-1,-1,1,-1,-1,-1,1,-1,1,1,-1,-1,1,1,-1,1,1,-1,-1,-1,-1,-1,-1,1,-1,1,-1,-1,-1,1,1,-1,-1,1,1,-1,-1,1,1,-1,-1,-1,1,1,1,1,-1,-1,-1,1,1,1,1,-1,-1,1,-1,1,1,-1,-1,-1,-1,1,1,1,-1,1,-1,-1,1,1,1,1,-1,-1,-1,1,1,1,-1,1,-1,-1,1,1,1,1,-1,1,-1,1,1,1,1,-1,1,-1,1,1,1,1,-1,1,-1,1,1,-1,1,-1,1,-1,1,1,1,1,1,-1,1,1,1,1,1,-1,-1,-1,1,1,1,-1,1,-1,1,-1,1,-1,-1,1,-1,1,-1,1,1,-1,-1,1,1,1,1,-1,1,-1,1,1,-1,-1,1,-1,1,-1,1,-1,1,-1,1,-1,1,1,1,1,-1,1,-1,1,-1,-1,1,-1,1,-1,1,1,-1,1,-1,-1,-1,1,1,1,1,-1,1,1,-1,1,1,1,-1,-1,-1,1,-1,1,1,-1,-1,-1,-1,1,1,1,-1,1,-1,-1,1,-1,1,-1,-1,-1,1,-1,1,-1,-1,-1,-1,1,-1,-1,-1,1,-1,-1,-1,-1,1,-1,-1,-1,-1,1,-1,1,1,-1,-1,-1,-1,1,1,-1,-1,1,-1,1,-1,1,-1,-1,-1,-1,-1,1,1,1,-1,-1,-1,-1,1,1,-1,-1,1,-1,1,-1,1,1,-1,-1,-1,-1,-1,1,-1,-1,-1,1,-1,1,1,-1,-1,-1,-1,-1,1,1,-1,-1,-1,1,-1,1,1,1,-1,-1,-1,1,1,1,-1,-1,1,-1,-1,1,1,1,-1,1,-1,-1,1,1,-1,1,-1,-1,-1,1,1,-1,1,1,1,-1,1,1,1,1,1,1,-1,1,1,1,1,1,-1,-1,1,1,1,-1,1,-1,-1,1,-1,1,1,1,1,-1,-1,1,-1,1,-1,1,-1,1,1,1,1,-1,1,-1,1,1,1,1,1,1,-1,-1,1,1,1,1,-1,1,-1,1,1,1,1,1,-1,1,1,1,1,-1,-1,-1,1,1,1,-1,1,-1,1,1,1,1,1,-1,1,-1,1,1,1,1,-1,-1,1,-1,1,1,1,-1,-1,1,1,1,1,1,-1,1,-1,1,1,1,1,-1,1,-1,1,1,1,1,1,1,1,-1,1,1,1,-1,-1,1,-1,1,1,1,-1,1,-1,1,1,1,-1,-1,1,-1,1,1,1,1,-1,1,-1,1,1,1,-1,-1,-1,1,-1,1,-1,-1,-1,1,-1,1,1,1,-1,1,1,1,-1,1,1,1,-1,1,1,1,1,1,-1,-1,1,1,-1,1,1,-1,-1,-1,1,1,1,1,-1,-1,1,1,1,-1,1,1,-1,1,1,1,1,1,1,-1,-1,1,1,1,1,1,-1,1,-1,1,1,-2642.0,1,2000,445,1000,True
2874,1,1,-1,-1,1,1,-1,1,1,1,1,-1,-1,1,1,1,-1,1,-1,-1,-1,1,1,1,1,1,-1,-1,1,1,1,1,-1,-1,-1,1,-1,1,1,1,-1,-1,1,1,1,1,1,1,-1,-1,1,1,1,1,-1,-1,-1,-1,1,1,1,-1,-1,1,1,1,1,1,1,-1,1,-1,1,1,1,1,-1,1,-1,1,1,-1,1,-1,-1,1,1,1,1,1,1,-1,-1,1,1,1,-1,-1,-1,1,1,1,1,1,1,-1,-1,1,1,1,1,-1,-1,-1,1,1,1,1,1,-1,-1,1,1,1,1,-1,-1,-1,1,1,1,1,1,-1,-1,1,1,1,1,1,-1,-1,1,1,1,1,1,-1,-1,-1,1,1,1,1,1,-1,-1,1,1,1,1,-1,-1,-1,1,1,1,1,1,-1,1,1,1,1,1,-1,-1,1,1,1,1,-1,1,-1,1,1,1,1,1,-1,-1,-1,1,1,1,1,1,-1,-1,1,-1,-1,1,1,-1,-1,1,1,1,1,1,-1,1,1,-1,-1,1,1,-1,1,1,1,1,1,1,1,-1,1,-1,-1,1,1,-1,-1,1,1,1,1,1,-1,-1,1,-1,-1,1,1,1,-1,1,-1,1,1,1,-1,1,1,-1,1,-1,1,-1,-1,-1,1,-1,1,1,1,1,-1,1,1,-1,1,1,1,1,1,1,-1,1,1,1,1,-1,1,1,1,1,1,1,1,1,1,1,-1,-1,1,1,1,-1,1,1,1,1,-1,1,-1,1,1,1,-1,1,1,-1,-1,1,1,1,-1,1,-1,1,-1,1,1,1,1,-1,1,1,1,1,1,1,-1,1,1,1,1,1,-1,1,1,1,1,1,1,1,-1,1,1,-1,1,1,-1,1,1,1,1,1,1,1,-1,1,-1,1,1,1,1,-1,1,1,1,1,1,1,-1,1,1,-1,1,1,-1,-1,1,1,1,-1,1,1,-1,1,1,-1,1,1,1,1,1,1,1,-1,1,1,-1,1,1,-1,-1,-1,-1,-1,1,1,-1,1,1,-1,-1,1,-1,-1,1,1,1,1,1,-1,1,1,1,-1,-1,1,1,-1,-1,1,-1,1,-1,1,-1,1,-1,-1,1,1,1,-1,-1,-1,-1,1,-1,1,1,-1,1,-1,1,1,1,1,1,-1,-1,1,-1,1,-1,1,-1,-1,-1,1,1,1,1,-1,-1,1,-1,1,1,1,-1,-1,-1,1,-1,1,1,-1,-1,1,-1,1,1,1,-1,-1,-1,1,1,1,1,-1,-1,1,1,1,1,-1,1,-1,1,-1,1,1,-1,1,-1,-1,1,1,1,-1,1,-1,1,-1,1,1,-1,-1,1,-1,1,1,1,1,-1,1,-1,-1,-1,1,1,-1,1,-1,1,-1,1,-1,-1,1,-1,-1,1,-1,1,-1,-1,1,-1,1,-1,1,1,-1,1,-1,-1,1,1,1,-1,1,-1,1,-1,1,-1,1,-1,1,1,-1,1,-1,-1,1,-1,1,-1,1,-1,1,1,1,-1,-1,-1,-1,-1,1,1,1,-1,-1,-1,1,1,-1,1,-1,-1,-1,1,1,1,1,-1,-1,-1,1,1,-1,1,-1,-1,-1,-1,1,1,1,-1,1,-1,-1,1,-1,1,-1,-1,1,-1,1,-1,1,1,-1,-1,-1,-1,-1,1,1,-1,-1,-1,1,-1,1,1,-1,-1,-1,-1,1,1,-1,-1,-1,-1,-1,1,1,-1,1,-1,1,1,1,1,1,-1,-1,-1,-1,-1,1,-1,1,-1,-1,1,-1,1,1,-1,1,-1,-1,1,1,1,-1,1,-1,1,-1,1,1,-1,1,-1,1,-1,1,1,-1,1,-1,-1,-1,1,1,1,-1,1,-1,-1,1,1,-1,-1,-1,-1,-1,1,1,1,-1,1,-1,-1,-1,-1,1,-1,1,-1,-1,1,-1,-1,1,-1,1,-1,1,1,-1,1,-1,1,-1,1,-1,-1,1,-1,1,-1,1,1,-1,1,-1,-1,-1,-1,1,-1,1,-1,1,-1,-1,1,-1,1,-1,1,-1,-1,-1,1,1,-1,-1,-1,-1,1,-1,-1,-1,-1,-1,-1,-1,-1,1,-1,-1,-1,-1,1,1,-1,1,-1,-1,-1,1,-1,-1,1,-1,-1,-1,-1,-1,1,1,-1,-1,-1,-1,-1,1,-1,-1,-1,1,-1,-1,1,-1,1,-1,-1,-1,-1,-1,-1,-1,1,-1,-1,-1,1,1,-1,-1,-1,-1,1,-1,-1,-1,1,-1,-1,-1,1,-1,1,-1,-1,1,-1,1,-1,1,-1,-1,1,-1,-1,1,1,-1,-1,-1,-1,-1,-1,1,1,-1,-1,1,-1,1,1,-1,-1,-1,1,-1,-1,1,-1,-1,1,1,-1,1,1,1,-1,1,-1,1,1,1,-1,-1,1,-1,-1,1,1,-1,-1,-1,-1,-1,1,1,-1,1,1,-1,-1,1,1,-1,-1,1,-1,-1,1,-1,-1,-1,1,-1,-1,1,1,1,-1,-1,-1,-1,1,1,-1,-1,1,-1,-1,1,-1,1,-1,1,-1,-1,-1,1,1,-1,-1,1,-1,1,1,1,-1,1,-1,-1,1,1,1,-1,-1,-1,-1,1,-1,-1,-1,-1,-1,1,1,1,-1,-1,-1,-1,1,-1,1,1,-1,-1,-1,1,1,1,-1,-1,1,-1,-1,1,-1,1,-1,1,-1,-1,1,1,1,-1,1,-1,-1,1,1,1,-1,-1,-1,1,1,-1,1,-1,-1,1,-1,1,-1,1,1,-1,1,-1,1,-1,1,-1,1,-1,1,1,1,1,-1,-1,-1,1,-1,1,1,1,-1,1,-1,-1,1,1,-1,-1,1,-1,1,-1,1,-1,-1,1,1,1,1,1,-1,-1,-1,1,-1,-1,-1,-1,-1,1,-1,1,1,1,-1,1,1,1,-1,1,1,1,-1,1,1,-1,1,1,-1,-1,1,1,1,1,1,-1,1,1,1,-1,1,1,-1,-1,1,1,-1,1,1,1,-1,1,1,1,1,1,1,-1,1,-1,1,1,1,1,-1,1,1,-1,1,-2642.0,1,2000,445,1000,True
2875,1,1,-1,-1,1,-1,1,1,1,1,1,-1,1,1,1,1,-1,1,-1,-1,1,1,1,1,1,-1,1,1,1,1,1,1,-1,-1,1,1,-1,1,1,1,-1,1,1,1,1,1,1,-1,1,1,1,1,-1,1,-1,-1,1,-1,1,1,1,-1,-1,1,1,1,1,1,-1,1,1,-1,1,1,1,-1,1,1,-1,1,1,-1,-1,1,-1,1,1,1,-1,-1,1,1,-1,1,1,-1,1,-1,-1,1,1,1,-1,1,-1,-1,-1,1,1,1,1,1,-1,-1,1,1,1,1,-1,-1,-1,1,1,1,-1,1,-1,-1,1,1,1,1,-1,-1,-1,1,1,1,1,-1,-1,-1,-1,1,1,1,-1,-1,-1,-1,1,1,1,-1,1,-1,-1,1,1,1,-1,1,-1,-1,1,1,1,-1,1,-1,1,1,1,1,-1,-1,-1,1,1,1,1,1,1,-1,1,1,1,1,-1,-1,-1,-1,1,1,1,-1,1,-1,-1,1,-1,1,-1,1,-1,-1,1,1,1,-1,1,-1,1,1,-1,1,-1,1,-1,1,1,1,1,1,1,1,-1,1,-1,1,-1,1,-1,-1,1,1,1,1,1,-1,-1,1,-1,-1,1,1,1,-1,1,-1,-1,1,1,-1,1,1,-1,-1,1,1,-1,-1,1,-1,1,1,1,1,1,1,-1,1,1,1,1,1,1,-1,1,1,1,1,1,1,-1,-1,1,1,1,1,1,-1,-1,1,1,-1,-1,1,1,-1,1,1,1,1,1,-1,1,1,1,1,1,-1,1,-1,-1,1,1,1,1,-1,-1,1,1,-1,1,1,1,-1,1,1,1,1,1,1,1,-1,1,1,1,1,-1,1,1,1,1,1,1,1,-1,-1,1,1,-1,1,1,-1,1,1,1,-1,1,1,1,-1,1,-1,1,1,1,1,-1,1,1,-1,1,1,1,1,1,1,-1,-1,1,1,-1,1,1,1,1,1,1,-1,-1,1,-1,-1,1,1,1,-1,1,1,1,1,1,-1,1,1,-1,-1,1,1,-1,-1,1,-1,1,-1,1,-1,1,-1,1,-1,1,-1,1,1,-1,1,-1,1,1,-1,1,1,1,-1,1,-1,-1,-1,1,-1,1,1,-1,1,1,1,-1,1,-1,-1,1,1,1,-1,1,1,-1,1,1,1,1,1,-1,-1,1,-1,1,-1,1,-1,-1,-1,-1,-1,1,1,-1,-1,1,-1,1,1,-1,-1,-1,-1,1,1,1,1,-1,-1,1,-1,1,-1,-1,1,-1,-1,1,1,-1,1,-1,-1,1,1,1,-1,-1,1,-1,1,1,1,-1,-1,1,-1,-1,1,1,-1,-1,1,-1,1,-1,1,1,-1,-1,1,-1,1,-1,1,-1,-1,1,-1,-1,-1,1,-1,-1,1,-1,1,-1,1,-1,-1,1,-1,-1,1,1,-1,-1,-1,1,-1,1,1,-1,1,-1,1,-1,-1,1,1,1,-1,1,-1,1,-1,1,-1,1,-1,1,1,-1,-1,1,1,1,-1,1,-1,1,-1,1,1,1,-1,-1,-1,1,-1,1,1,1,-1,-1,-1,1,1,-1,1,-1,-1,-1,1,1,-1,1,-1,-1,1,1,1,-1,1,-1,-1,-1,-1,1,1,1,-1,1,-1,-1,1,-1,1,-1,-1,1,1,-1,-1,1,1,-1,-1,-1,-1,-1,1,1,-1,-1,-1,1,-1,1,1,-1,-1,1,-1,1,1,-1,-1,-1,-1,-1,1,1,-1,1,-1,-1,1,1,1,1,-1,-1,-1,-1,-1,1,-1,1,-1,-1,1,-1,1,1,-1,1,-1,-1,1,1,1,-1,1,-1,1,-1,1,1,-1,1,-1,-1,-1,1,1,-1,1,-1,1,-1,1,1,1,-1,1,-1,-1,1,1,-1,-1,-1,1,-1,1,1,-1,-1,1,-1,-1,-1,-1,1,-1,1,-1,-1,1,-1,-1,1,1,1,-1,1,1,-1,1,-1,1,-1,1,-1,1,-1,1,-1,-1,1,1,-1,1,-1,-1,-1,-1,1,-1,1,-1,1,-1,-1,1,-1,1,1,-1,-1,-1,-1,1,1,1,1,-1,-1,1,-1,-1,1,1,-1,-1,-1,-1,1,-1,-1,-1,-1,1,1,1,1,1,-1,-1,1,-1,-1,1,1,-1,-1,-1,-1,1,-1,1,-1,-1,-1,-1,-1,1,-1,-1,1,-1,-1,1,-1,1,-1,-1,-1,-1,1,-1,1,1,-1,-1,-1,-1,1,1,-1,-1,-1,1,1,-1,1,-1,-1,-1,-1,-1,1,1,-1,-1,-1,-1,-1,1,1,1,-1,1,-1,1,-1,1,-1,-1,-1,-1,-1,-1,1,1,-1,-1,1,-1,1,1,-1,-1,-1,1,-1,1,1,-1,-1,1,1,-1,1,1,1,-1,1,-1,1,1,1,-1,-1,1,-1,1,1,1,1,-1,1,-1,-1,1,1,-1,1,1,1,-1,1,1,-1,-1,1,-1,-1,1,-1,-1,-1,1,1,-1,1,1,1,-1,-1,1,-1,1,1,1,-1,1,1,-1,1,-1,1,1,-1,1,-1,-1,1,-1,1,-1,1,-1,-1,1,1,1,-1,1,-1,-1,1,1,-1,-1,1,-1,1,-1,1,-1,-1,1,-1,1,1,1,-1,1,-1,1,-1,1,1,-1,-1,-1,-1,1,1,1,-1,1,-1,1,1,-1,1,-1,1,1,-1,1,1,1,-1,-1,-1,-1,1,1,1,-1,-1,-1,1,1,-1,-1,-1,1,-1,-1,1,-1,1,-1,1,-1,1,1,-1,1,-1,-1,1,-1,1,1,-1,1,-1,-1,1,-1,1,-1,-1,1,-1,-1,1,1,-1,1,-1,-1,1,1,-1,1,1,-1,1,1,1,1,-1,1,-1,-1,1,-1,-1,1,1,-1,1,-1,1,1,-1,1,-1,-1,1,-1,1,1,1,1,-1,1,1,1,-1,1,-1,-1,1,1,1,-1,1,1,-1,1,-1,1,1,1,1,-1,1,-1,1,-1,-1,1,-1,1,1,1,-1,1,1,-1,-1,1,1,1,-1,1,-1,1,-1,1,-2642.0,1,2000,445,1000,True
2876,1,1,-1,-1,1,1,-1,1,1,1,1,-1,1,-1,1,1,-1,1,-1,-1,1,1,1,1,1,1,-1,-1,1,1,1,1,-1,-1,-1,1,-1,1,1,1,-1,-1,1,1,1,1,1,1,-1,-1,1,1,-1,1,-1,1,1,-1,1,1,1,-1,1,-1,1,1,1,1,1,-1,1,-1,1,1,1,1,1,1,-1,1,1,1,1,-1,-1,1,1,1,1,1,-1,1,-1,1,1,1,-1,1,-1,-1,1,1,1,1,1,-1,-1,1,1,1,1,-1,-1,-1,1,1,1,1,1,-1,-1,1,1,1,1,-1,-1,-1,1,1,1,1,1,-1,-1,1,1,1,1,1,-1,-1,-1,1,1,1,1,-1,-1,-1,1,1,1,1,1,-1,-1,1,1,1,1,1,-1,-1,1,1,1,1,1,-1,1,1,1,1,1,-1,-1,1,1,1,1,-1,1,-1,1,1,1,1,1,-1,-1,-1,1,1,1,1,1,-1,-1,1,-1,-1,1,1,-1,-1,1,1,1,1,1,-1,1,1,-1,-1,1,1,-1,1,1,1,1,1,1,1,-1,1,-1,-1,1,1,-1,-1,1,1,1,1,1,-1,-1,1,-1,-1,1,1,1,-1,1,-1,1,1,1,-1,1,1,1,1,1,1,-1,-1,-1,1,-1,-1,1,1,1,-1,1,1,-1,1,1,1,1,1,1,-1,1,1,1,1,-1,1,1,1,1,1,1,1,1,1,1,-1,-1,1,-1,1,-1,1,1,1,1,1,1,-1,1,1,1,-1,1,1,-1,1,1,1,1,-1,1,-1,1,-1,1,1,1,1,-1,1,1,1,1,1,1,-1,1,1,1,1,1,-1,1,1,1,1,1,1,1,-1,1,1,-1,1,1,-1,1,1,1,1,1,1,1,-1,1,-1,1,1,1,1,-1,1,1,1,1,1,1,-1,1,1,-1,1,1,-1,-1,1,1,1,-1,1,1,-1,-1,1,-1,1,1,1,1,-1,1,1,-1,1,1,-1,1,1,-1,-1,-1,-1,-1,-1,1,-1,1,1,-1,-1,1,-1,-1,1,1,1,1,1,-1,1,1,1,-1,-1,1,1,1,-1,1,-1,1,-1,1,-1,1,-1,-1,1,1,1,-1,-1,-1,-1,1,1,1,1,-1,1,-1,1,1,1,1,1,-1,-1,1,-1,1,-1,1,-1,-1,-1,-1,1,1,1,-1,-1,1,-1,1,1,1,-1,1,-1,1,-1,1,1,-1,-1,1,-1,1,1,1,-1,-1,-1,1,1,1,1,-1,-1,1,1,1,1,-1,1,-1,1,1,1,1,-1,1,1,-1,1,1,1,-1,1,-1,1,-1,1,1,-1,-1,1,-1,1,1,1,1,-1,1,-1,-1,1,1,1,-1,1,-1,-1,1,1,-1,-1,1,-1,-1,1,-1,1,-1,-1,1,-1,1,-1,1,1,-1,1,-1,-1,1,1,1,-1,1,-1,1,-1,1,-1,1,-1,1,1,-1,-1,1,1,1,1,-1,-1,1,-1,1,1,1,-1,-1,-1,-1,-1,1,-1,1,-1,-1,-1,1,1,-1,1,-1,-1,-1,1,1,-1,1,-1,-1,1,1,1,-1,1,-1,-1,-1,-1,1,1,1,-1,1,-1,-1,1,-1,1,-1,-1,1,1,1,-1,1,1,-1,-1,-1,-1,-1,1,1,-1,-1,-1,-1,-1,1,1,-1,-1,-1,1,1,1,-1,-1,-1,-1,1,1,1,-1,1,-1,1,-1,1,1,1,-1,-1,-1,-1,-1,1,-1,1,-1,-1,1,-1,1,1,-1,1,-1,-1,1,1,1,-1,1,-1,-1,-1,1,1,-1,-1,-1,-1,-1,1,1,-1,1,-1,-1,-1,1,1,1,-1,1,-1,-1,1,1,-1,-1,-1,-1,-1,1,1,-1,-1,1,-1,-1,1,-1,1,-1,1,-1,-1,1,-1,-1,1,-1,1,-1,1,1,-1,1,-1,1,-1,1,-1,-1,1,-1,1,-1,1,1,-1,1,-1,-1,-1,-1,1,-1,1,-1,1,-1,-1,1,-1,1,-1,1,-1,-1,-1,1,1,-1,-1,-1,-1,1,-1,-1,-1,-1,-1,-1,-1,-1,1,-1,-1,-1,-1,1,1,-1,1,-1,-1,-1,1,-1,-1,1,-1,-1,-1,-1,-1,1,1,-1,-1,-1,-1,-1,1,-1,-1,-1,1,-1,-1,1,-1,1,-1,-1,-1,-1,-1,-1,-1,1,-1,-1,-1,1,1,-1,-1,-1,-1,1,-1,-1,-1,-1,-1,-1,-1,1,-1,1,-1,-1,-1,-1,1,-1,1,1,-1,1,-1,-1,1,1,-1,-1,-1,-1,-1,-1,1,1,-1,-1,1,-1,1,1,-1,-1,-1,1,-1,1,1,-1,-1,1,1,-1,1,1,1,-1,1,-1,1,1,1,-1,-1,1,-1,-1,1,1,-1,-1,-1,-1,-1,1,1,-1,1,1,-1,-1,1,1,-1,-1,1,-1,-1,1,-1,-1,-1,1,-1,-1,1,1,1,-1,-1,-1,-1,1,1,-1,-1,1,-1,-1,1,-1,1,-1,1,-1,-1,-1,1,1,-1,-1,-1,-1,1,1,1,-1,1,-1,-1,1,1,1,-1,-1,-1,-1,1,-1,-1,-1,-1,-1,1,1,1,-1,-1,-1,-1,1,-1,1,1,-1,-1,-1,1,1,1,-1,-1,1,-1,-1,1,-1,1,-1,1,-1,-1,1,-1,1,-1,1,-1,-1,1,1,1,-1,-1,-1,1,1,-1,1,-1,-1,1,-1,1,-1,-1,1,-1,1,-1,1,-1,1,-1,1,-1,1,1,1,1,-1,-1,-1,1,-1,1,1,1,-1,1,-1,-1,1,1,-1,-1,1,-1,1,-1,-1,-1,-1,1,1,1,1,1,-1,-1,1,1,-1,-1,-1,-1,-1,1,-1,1,1,1,-1,1,1,1,-1,1,-1,-1,-1,1,1,-1,1,1,-1,-1,1,1,1,1,1,-1,-1,1,1,-1,1,-1,-1,-1,1,1,-1,-1,1,1,-1,1,1,1,1,1,-1,-1,-1,-1,1,1,-1,1,-1,1,1,-1,1,-2642.0,1,2000,445,1000,True
2877,1,1,-1,-1,1,-1,1,1,1,1,1,-1,1,1,1,1,-1,1,-1,-1,1,1,1,1,1,-1,1,1,1,1,1,1,1,-1,1,1,-1,1,1,1,-1,1,1,1,1,1,1,-1,1,-1,1,1,-1,1,-1,-1,-1,-1,1,1,1,-1,-1,-1,1,1,1,1,-1,1,1,-1,1,1,1,-1,1,1,-1,1,1,-1,-1,1,-1,1,1,1,-1,-1,1,1,1,1,1,-1,1,-1,-1,1,1,1,-1,1,-1,-1,1,1,1,1,1,1,-1,-1,1,1,1,1,-1,-1,1,1,1,1,-1,1,-1,-1,1,1,1,1,-1,-1,1,1,1,1,1,-1,-1,-1,1,1,-1,1,-1,-1,-1,1,1,1,1,-1,1,-1,1,-1,-1,1,-1,1,-1,1,-1,-1,1,-1,-1,1,-1,-1,1,1,-1,-1,1,1,-1,1,1,1,1,-1,-1,-1,1,1,-1,-1,1,1,-1,1,1,-1,1,-1,-1,-1,1,1,-1,1,-1,-1,1,1,1,-1,1,1,-1,1,-1,1,-1,1,-1,-1,-1,1,1,1,1,1,-1,-1,1,1,-1,1,1,-1,-1,1,1,1,1,-1,-1,-1,1,-1,1,1,1,-1,-1,1,-1,1,1,-1,-1,-1,1,-1,1,1,-1,-1,-1,-1,1,1,1,1,-1,-1,-1,1,1,1,-1,-1,-1,-1,1,1,1,1,-1,-1,-1,1,1,1,1,-1,-1,-1,-1,1,1,-1,-1,-1,1,-1,1,1,1,-1,-1,1,-1,1,1,1,1,-1,-1,-1,1,1,1,1,-1,1,-1,1,1,-1,1,-1,1,-1,1,1,1,1,-1,1,1,1,1,1,-1,-1,-1,-1,1,1,1,-1,1,-1,1,-1,1,1,-1,1,1,1,1,1,1,1,1,-1,-1,-1,1,1,1,1,1,-1,-1,1,1,-1,1,1,-1,-1,1,1,-1,-1,1,-1,-1,1,1,1,1,1,1,-1,-1,1,-1,-1,1,1,-1,-1,1,1,-1,1,-1,1,1,1,-1,1,1,1,-1,1,1,-1,1,-1,1,-1,1,-1,1,-1,1,-1,-1,1,-1,1,-1,1,-1,-1,1,1,1,-1,1,1,-1,-1,1,1,1,1,1,-1,1,1,-1,1,-1,1,1,1,1,-1,1,1,1,-1,1,1,-1,1,-1,1,1,-1,1,1,1,-1,1,-1,1,1,1,1,-1,1,1,-1,1,1,-1,-1,1,1,1,-1,1,1,-1,-1,1,-1,1,-1,-1,-1,1,1,1,1,-1,1,-1,1,-1,-1,1,-1,-1,-1,1,1,-1,1,-1,-1,-1,1,-1,1,1,-1,-1,-1,1,1,-1,1,1,-1,-1,1,-1,1,-1,1,-1,-1,1,-1,-1,-1,1,-1,-1,-1,1,1,-1,1,-1,-1,1,-1,-1,1,1,-1,-1,-1,1,-1,1,1,-1,-1,-1,1,-1,-1,1,1,1,-1,1,-1,1,-1,1,-1,1,-1,1,1,-1,-1,1,1,1,1,-1,-1,1,-1,1,1,1,-1,-1,-1,1,-1,1,1,1,-1,-1,-1,1,1,-1,1,-1,-1,-1,1,1,-1,1,-1,-1,1,1,1,-1,1,-1,-1,-1,-1,1,1,1,-1,1,-1,-1,1,-1,1,-1,-1,1,-1,1,-1,1,1,-1,-1,-1,-1,-1,1,1,-1,-1,-1,1,-1,1,-1,-1,-1,-1,-1,1,1,-1,-1,-1,-1,-1,1,1,-1,1,-1,1,1,-1,1,1,-1,-1,-1,-1,-1,1,1,-1,-1,-1,1,-1,1,-1,-1,1,-1,-1,1,-1,1,-1,1,-1,1,-1,-1,1,-1,-1,-1,-1,-1,-1,1,-1,1,-1,1,-1,-1,-1,1,-1,1,-1,-1,-1,-1,-1,-1,-1,1,-1,-1,1,1,-1,1,-1,-1,-1,1,1,-1,1,-1,-1,-1,1,-1,1,-1,1,-1,1,1,-1,1,-1,1,-1,1,1,1,-1,1,-1,-1,-1,1,-1,1,-1,-1,-1,-1,1,1,1,-1,1,-1,-1,1,-1,1,1,-1,-1,-1,1,1,1,1,1,-1,-1,1,1,-1,1,1,-1,-1,1,1,-1,1,-1,-1,-1,1,1,1,-1,1,-1,-1,1,1,1,-1,1,-1,-1,1,1,-1,-1,1,-1,-1,1,1,-1,1,-1,-1,1,1,1,-1,-1,1,-1,1,1,1,1,-1,1,1,1,1,1,-1,1,1,-1,-1,-1,1,1,-1,1,-1,1,1,1,-1,1,1,-1,1,1,1,-1,1,1,-1,1,-1,1,1,-1,1,-1,-1,1,1,-1,-1,1,1,-1,1,1,-1,1,1,-1,-1,1,-1,-1,1,1,-1,-1,1,1,-1,1,1,1,-1,1,-1,1,1,1,-1,1,-1,-1,-1,1,1,1,-1,1,-1,-1,1,1,-1,1,1,1,-1,1,1,-1,-1,-1,1,-1,1,1,1,1,-1,1,-1,1,1,1,-1,-1,1,-1,-1,1,1,-1,1,1,-1,1,-1,1,1,-1,1,-1,-1,1,-1,1,-1,1,1,-1,1,1,1,-1,1,1,-1,1,1,-1,-1,1,1,-1,1,1,-1,-1,1,-1,-1,1,1,-1,1,1,-1,1,1,1,-1,1,1,-1,-1,1,1,-1,-1,1,-1,-1,1,1,-1,1,-1,1,-1,1,1,-1,-1,1,1,-1,1,1,1,-1,-1,1,-1,-1,-1,-1,1,-1,1,-1,-1,1,-1,1,-1,1,1,-1,1,-1,-1,1,-1,1,-1,-1,1,-1,-1,-1,1,-1,-1,-1,1,-1,1,-1,1,-1,1,-1,-1,1,-1,-1,1,1,-1,-1,1,-1,1,-1,1,-1,-1,1,-1,-1,1,1,-1,-1,1,1,-1,-1,1,-1,-1,1,-1,1,1,1,1,-1,1,-1,1,-1,1,-1,-1,1,1,1,-1,1,1,-1,1,1,1,1,1,1,-1,1,-1,1,-1,1,1,-1,1,1,1,-1,1,1,-1,-1,1,1,1,-1,1,-1,1,1,1,-2642.0,1,2000,445,1000,True
2878,1,1,-1,-1,1,-1,-1,1,1,1,1,-1,1,1,1,1,-1,1,-1,-1,-1,1,1,1,1,-1,-1,-1,1,1,1,1,1,-1,-1,1,-1,1,1,-1,-1,-1,1,1,1,1,-1,-1,1,1,1,1,-1,1,-1,-1,1,-1,1,1,-1,-1,-1,-1,1,1,1,-1,-1,-1,1,-1,1,1,1,-1,-1,1,-1,1,1,-1,-1,-1,-1,1,1,1,-1,-1,-1,1,1,1,1,-1,-1,1,-1,1,1,1,-1,-1,1,-1,1,1,1,-1,-1,-1,-1,-1,1,1,-1,-1,1,-1,1,1,1,1,-1,-1,-1,-1,1,1,1,-1,1,-1,1,1,1,1,-1,1,-1,-1,1,1,1,-1,1,-1,-1,1,1,-1,-1,-1,1,-1,1,-1,-1,-1,1,1,-1,1,-1,1,-1,1,-1,1,-1,-1,-1,-1,1,-1,1,1,1,-1,1,-1,1,-1,-1,-1,-1,1,1,-1,1,1,-1,-1,1,1,1,-1,-1,-1,1,-1,1,1,-1,-1,1,-1,-1,1,1,1,-1,1,-1,1,1,1,-1,-1,-1,1,1,1,1,1,-1,-1,-1,-1,1,1,1,-1,-1,1,-1,1,1,-1,-1,-1,-1,1,1,1,1,-1,-1,-1,1,1,1,-1,-1,-1,1,1,-1,1,-1,-1,-1,1,1,1,1,1,-1,-1,1,1,-1,1,-1,-1,-1,1,1,-1,1,1,-1,-1,-1,1,1,1,1,-1,-1,1,1,1,1,-1,-1,-1,-1,1,-1,1,1,-1,-1,1,1,-1,1,-1,1,-1,1,1,-1,1,1,1,-1,1,1,-1,1,-1,1,-1,1,1,-1,1,1,1,-1,1,1,-1,1,1,-1,-1,1,-1,1,1,1,-1,1,1,1,-1,1,1,-1,1,1,-1,1,1,1,1,1,1,1,-1,1,1,1,1,1,1,-1,1,1,-1,1,1,1,1,1,1,-1,-1,1,-1,-1,1,1,1,1,1,1,-1,-1,1,-1,1,1,1,1,-1,1,1,-1,1,1,-1,1,1,-1,1,1,1,1,1,1,-1,1,-1,-1,1,1,-1,1,-1,1,-1,1,1,-1,1,-1,-1,1,-1,1,1,1,-1,1,-1,-1,-1,1,1,1,-1,-1,1,1,1,-1,1,-1,1,1,1,1,-1,1,-1,-1,1,1,1,-1,1,-1,-1,1,-1,1,1,1,-1,-1,-1,-1,1,1,1,-1,-1,1,-1,1,1,-1,-1,1,-1,1,-1,1,1,-1,-1,1,-1,1,-1,-1,1,-1,-1,1,1,-1,1,-1,-1,1,1,1,-1,-1,1,-1,1,-1,1,-1,-1,1,-1,-1,1,1,-1,-1,1,-1,-1,-1,1,1,-1,-1,1,-1,1,-1,1,-1,-1,1,-1,-1,-1,1,-1,-1,1,-1,1,-1,1,-1,-1,1,-1,-1,1,1,-1,-1,-1,1,-1,1,1,-1,1,-1,1,-1,-1,1,1,1,-1,1,-1,1,-1,1,-1,1,-1,-1,1,-1,-1,1,1,1,1,-1,-1,1,-1,1,1,1,-1,-1,-1,-1,-1,1,1,1,-1,-1,-1,1,1,-1,1,-1,-1,-1,1,1,-1,1,-1,-1,1,1,1,-1,1,-1,-1,-1,-1,1,1,1,-1,1,-1,-1,1,-1,1,-1,1,1,-1,1,-1,1,1,-1,-1,-1,-1,-1,1,1,-1,-1,-1,1,-1,1,-1,-1,-1,-1,-1,1,1,-1,-1,-1,-1,-1,1,1,-1,1,-1,1,1,-1,1,1,-1,-1,-1,-1,-1,1,1,-1,-1,-1,1,-1,1,-1,-1,-1,-1,-1,1,-1,1,-1,1,-1,1,-1,-1,1,-1,-1,-1,-1,-1,-1,1,-1,1,-1,1,-1,-1,-1,1,-1,1,-1,-1,-1,-1,-1,-1,-1,1,-1,-1,1,1,-1,1,-1,-1,-1,1,1,-1,1,-1,-1,-1,1,-1,1,-1,1,-1,1,1,-1,1,-1,1,-1,1,1,1,-1,1,-1,-1,-1,1,-1,1,-1,-1,-1,-1,1,1,1,-1,1,-1,-1,1,-1,1,1,-1,-1,-1,1,1,1,1,1,-1,-1,1,1,-1,1,1,-1,-1,1,1,-1,1,-1,-1,-1,1,1,1,-1,1,-1,-1,1,1,1,-1,1,-1,-1,1,1,-1,-1,1,-1,-1,1,1,-1,1,-1,-1,1,1,1,-1,-1,1,-1,1,1,1,1,-1,1,1,1,1,1,-1,1,1,-1,-1,-1,1,1,-1,1,-1,1,1,1,-1,1,1,-1,1,1,1,-1,1,1,1,-1,1,1,1,-1,1,-1,-1,1,1,-1,-1,1,1,-1,1,-1,-1,1,1,-1,-1,-1,1,-1,1,1,1,-1,1,1,-1,1,1,1,-1,1,-1,1,1,1,-1,1,1,-1,1,1,1,1,1,-1,1,-1,1,1,1,-1,1,-1,-1,1,1,1,1,-1,1,-1,1,-1,1,1,1,-1,-1,1,1,1,1,1,-1,-1,1,1,1,1,-1,-1,-1,1,-1,1,1,1,-1,-1,1,1,-1,1,1,-1,-1,1,1,1,1,1,-1,-1,1,1,1,1,1,-1,-1,1,-1,1,1,1,-1,1,1,1,1,1,-1,-1,1,-1,1,1,1,-1,-1,-1,1,1,1,-1,1,-1,1,1,-1,1,1,1,-1,-1,1,1,1,1,-1,-1,1,-1,1,1,1,-1,-1,1,1,-1,1,1,-1,1,-1,1,-1,1,1,1,-1,-1,1,-1,1,1,1,-1,1,-1,1,1,1,-1,-1,1,-1,1,-1,1,-1,1,-1,1,1,1,-1,-1,1,-1,1,-1,1,1,-1,1,-1,1,1,1,-1,-1,-1,1,-1,-1,-1,-1,-1,1,-1,1,1,1,-1,1,1,1,-1,1,1,1,-1,1,-1,1,1,1,-1,-1,1,1,1,1,1,-1,1,1,1,-1,1,1,-1,-1,1,1,-1,1,1,1,-1,1,1,1,1,1,-1,-1,1,-1,1,1,1,1,-1,1,1,-1,1,-2642.0,1,2000,445,1000,True
2879,1,1,-1,-1,1,1,-1,-1,1,1,1,-1,1,-1,1,1,-1,1,-1,-1,-1,-1,1,1,1,-1,-1,-1,1,1,1,1,-1,-1,-1,-1,1,1,1,1,-1,-1,-1,1,1,1,-1,1,-1,1,1,1,-1,1,-1,1,1,-1,1,1,1,-1,-1,-1,1,1,1,1,1,-1,-1,1,1,1,-1,1,1,-1,1,1,1,1,1,-1,1,1,1,-1,1,1,1,1,1,1,-1,1,-1,1,1,-1,1,-1,1,1,-1,1,1,1,-1,1,1,1,1,-1,1,1,-1,1,1,1,1,1,1,-1,1,1,1,1,1,-1,-1,1,-1,1,1,-1,-1,-1,1,-1,1,1,-1,1,-1,1,1,1,1,1,1,-1,-1,1,-1,1,-1,-1,-1,-1,-1,1,1,1,-1,-1,1,-1,-1,1,-1,-1,-1,1,-1,1,1,1,-1,-1,-1,1,-1,1,-1,-1,-1,-1,-1,1,1,-1,-1,-1,-1,-1,1,1,-1,-1,-1,1,-1,-1,1,-1,-1,-1,-1,-1,-1,1,-1,1,-1,-1,-1,-1,1,-1,-1,1,1,-1,-1,-1,1,-1,-1,-1,-1,-1,1,1,-1,1,-1,-1,-1,1,1,-1,1,1,-1,-1,-1,1,-1,-1,1,-1,-1,1,1,1,1,-1,-1,-1,-1,1,-1,1,-1,-1,-1,1,-1,-1,1,-1,1,-1,-1,-1,-1,1,-1,1,-1,-1,-1,-1,1,-1,-1,-1,-1,1,-1,1,1,-1,1,-1,-1,-1,-1,1,1,1,-1,-1,-1,1,1,-1,1,-1,1,-1,-1,1,1,1,-1,-1,-1,1,1,1,1,1,-1,-1,1,1,1,1,-1,-1,-1,1,-1,1,1,-1,-1,-1,1,1,-1,1,-1,-1,1,-1,1,1,1,-1,1,1,1,1,-1,1,-1,1,1,1,-1,1,1,-1,-1,1,1,-1,1,-1,-1,-1,1,1,1,1,-1,-1,1,-1,1,1,1,-1,-1,1,-1,1,-1,1,1,-1,1,-1,1,-1,-1,1,-1,1,-1,1,-1,1,-1,-1,1,1,-1,-1,1,1,-1,1,-1,1,-1,1,-1,1,1,-1,1,-1,1,-1,1,1,-1,-1,1,1,-1,-1,1,-1,1,-1,-1,1,-1,1,1,-1,-1,1,-1,-1,1,-1,-1,1,-1,1,-1,-1,1,-1,-1,1,-1,-1,-1,1,-1,1,-1,1,-1,1,-1,-1,-1,-1,-1,-1,-1,1,-1,-1,1,1,-1,-1,1,-1,1,-1,-1,1,-1,1,-1,-1,1,1,-1,-1,-1,-1,-1,-1,-1,1,-1,1,-1,-1,1,1,-1,-1,-1,1,-1,1,1,-1,-1,-1,-1,-1,-1,-1,-1,-1,-1,1,-1,1,1,-1,1,-1,-1,1,-1,-1,1,-1,-1,-1,1,-1,1,-1,1,-1,-1,-1,-1,1,-1,1,-1,-1,1,-1,1,1,1,-1,-1,-1,-1,1,-1,1,-1,-1,-1,1,1,1,-1,1,1,-1,1,1,1,1,1,-1,1,-1,-1,-1,1,-1,-1,1,-1,1,-1,1,-1,1,-1,-1,-1,1,1,-1,1,1,-1,-1,-1,1,-1,1,1,-1,1,-1,1,-1,-1,-1,-1,-1,-1,1,-1,-1,-1,-1,-1,-1,1,1,1,1,1,1,-1,1,-1,1,1,-1,-1,-1,1,-1,-1,1,-1,1,-1,-1,1,1,1,1,-1,-1,1,1,1,1,-1,1,-1,-1,1,1,1,-1,-1,-1,1,1,1,1,-1,1,-1,1,-1,1,-1,1,1,-1,1,1,1,1,-1,-1,-1,1,1,1,1,1,-1,-1,-1,1,1,1,1,-1,-1,-1,1,-1,1,-1,-1,-1,1,-1,-1,1,1,-1,1,-1,1,-1,1,1,-1,-1,-1,1,1,-1,1,-1,-1,-1,1,1,1,1,-1,-1,1,-1,1,-1,-1,-1,1,1,1,1,1,-1,-1,-1,1,1,-1,-1,1,-1,1,-1,1,-1,1,-1,-1,-1,1,1,-1,1,-1,-1,1,-1,1,-1,1,-1,-1,-1,-1,1,-1,1,-1,-1,-1,1,1,-1,1,-1,-1,-1,1,1,1,1,1,-1,-1,1,1,-1,1,1,-1,-1,1,1,-1,1,-1,-1,-1,1,1,1,-1,1,-1,-1,1,1,1,-1,1,-1,1,1,1,-1,-1,1,-1,1,1,1,-1,1,-1,-1,1,1,1,1,-1,1,-1,1,1,1,1,-1,1,1,1,1,1,1,1,1,-1,1,1,1,1,-1,1,-1,1,1,1,-1,1,1,-1,1,1,1,1,-1,1,1,1,-1,1,-1,1,1,-1,1,1,1,-1,-1,1,1,1,1,1,-1,1,1,1,1,1,-1,-1,1,1,-1,1,1,1,-1,1,1,-1,1,1,-1,1,1,1,1,1,1,-1,-1,1,1,1,1,-1,1,-1,1,1,-1,1,-1,-1,-1,1,1,-1,1,-1,1,-1,1,1,1,1,1,-1,-1,1,1,1,1,1,-1,-1,1,1,-1,1,-1,-1,-1,1,-1,1,-1,1,-1,1,1,1,1,-1,1,-1,-1,1,1,1,-1,1,-1,1,1,1,1,-1,1,-1,1,-1,1,-1,1,1,-1,1,-1,1,-1,-1,-1,-1,1,1,1,-1,1,1,-1,1,1,1,-1,-1,1,-1,1,1,1,1,-1,-1,1,1,1,1,1,-1,1,-1,1,-1,1,1,-1,1,1,-1,1,1,1,-1,1,-1,1,1,-1,1,-1,1,1,-1,1,-1,1,-1,-1,1,-1,-1,1,1,-1,1,1,-1,-1,1,1,1,1,-1,1,1,1,-1,1,1,-1,1,1,1,-1,-1,1,-1,-1,1,1,-1,1,1,1,-1,-1,-1,1,1,1,-1,-1,1,1,1,-1,1,-1,-1,-1,1,1,1,1,-1,-1,1,1,1,1,1,1,-1,1,1,1,1,1,1,-1,1,1,-1,-1,1,-1,-1,1,-1,1,1,1,1,-1,-1,1,1,-1,1,-1,1,-1,1,1,-1,1,1,-1,-1,1,-2642.0,1,2000,445,500,True
2880,1,1,-1,-1,1,-1,1,1,1,1,1,-1,1,1,1,1,-1,1,-1,-1,1,1,1,1,1,-1,1,1,1,1,1,1,-1,-1,1,1,-1,1,1,1,-1,1,1,1,1,1,1,-1,1,-1,1,1,-1,1,-1,1,1,-1,1,1,1,-1,-1,-1,1,1,1,1,-1,1,1,-1,1,1,1,1,1,1,-1,1,1,-1,-1,1,-1,1,1,1,1,-1,1,1,-1,1,1,1,1,-1,-1,1,1,1,1,1,-1,-1,-1,1,1,1,1,1,-1,-1,1,1,1,1,-1,-1,-1,1,1,1,1,1,-1,-1,1,1,1,1,-1,-1,-1,1,1,1,1,-1,-1,-1,-1,1,1,1,-1,-1,-1,-1,1,1,1,-1,1,-1,-1,1,1,1,-1,-1,-1,-1,1,1,1,-1,1,-1,1,1,1,1,-1,-1,-1,1,1,1,-1,1,1,-1,1,1,1,-1,-1,-1,-1,-1,1,1,-1,-1,1,-1,-1,1,-1,1,-1,1,-1,-1,1,1,1,-1,1,-1,1,1,1,1,-1,1,-1,1,1,-1,1,1,1,1,-1,1,-1,1,-1,1,-1,-1,1,-1,1,1,1,-1,-1,1,-1,1,1,1,1,-1,1,-1,-1,1,1,-1,1,1,-1,-1,1,1,-1,-1,1,-1,1,1,1,1,1,1,-1,1,1,1,1,1,1,-1,1,1,1,1,1,1,1,-1,1,1,1,1,1,1,-1,1,1,-1,-1,1,1,-1,1,1,1,1,1,1,-1,1,1,1,1,-1,1,1,1,1,1,1,1,-1,-1,1,1,-1,1,1,1,-1,1,1,1,1,1,1,1,1,1,1,1,1,-1,1,-1,1,1,1,1,1,-1,-1,1,1,-1,1,-1,1,1,1,1,1,1,1,-1,-1,1,-1,1,1,1,-1,-1,1,1,1,1,1,-1,-1,1,1,-1,1,1,-1,-1,1,1,1,-1,1,-1,1,-1,1,-1,1,1,1,-1,-1,1,1,-1,1,-1,1,1,1,-1,-1,-1,-1,1,1,1,-1,1,1,-1,1,1,-1,-1,1,1,-1,1,1,-1,1,1,1,1,-1,1,1,-1,-1,1,1,1,-1,1,-1,1,-1,-1,1,1,1,-1,-1,-1,1,1,1,1,1,-1,1,-1,1,1,1,1,1,-1,-1,1,-1,1,-1,1,-1,-1,-1,1,1,1,1,-1,-1,1,-1,1,1,1,-1,1,-1,1,-1,1,1,-1,-1,1,-1,1,1,1,-1,-1,-1,1,1,1,1,-1,-1,1,-1,1,1,-1,1,-1,1,-1,1,1,-1,-1,-1,-1,1,1,1,-1,1,-1,-1,-1,1,1,-1,-1,1,-1,1,1,1,1,-1,-1,-1,-1,-1,1,1,-1,-1,1,1,-1,1,-1,-1,-1,-1,-1,1,-1,1,-1,-1,-1,-1,1,-1,1,-1,-1,-1,-1,-1,1,1,1,-1,-1,-1,1,-1,1,-1,1,1,1,1,-1,-1,1,1,1,-1,1,-1,1,-1,1,1,1,-1,-1,-1,1,-1,1,-1,1,-1,-1,-1,1,1,-1,1,-1,-1,-1,1,1,-1,1,-1,-1,1,1,1,-1,1,-1,-1,-1,-1,1,1,1,-1,1,-1,-1,1,-1,1,-1,-1,1,-1,1,-1,1,1,-1,-1,-1,-1,-1,1,1,-1,1,-1,1,-1,1,1,-1,-1,-1,-1,1,1,-1,-1,-1,-1,-1,1,1,-1,1,-1,1,1,1,1,1,-1,-1,-1,-1,-1,1,-1,1,-1,-1,1,-1,1,1,-1,1,-1,-1,1,1,1,-1,1,-1,1,-1,1,1,-1,-1,-1,1,-1,1,1,-1,1,-1,-1,-1,1,1,-1,-1,1,-1,-1,1,1,-1,-1,-1,-1,-1,1,1,-1,-1,1,-1,-1,-1,-1,1,-1,1,-1,-1,1,-1,-1,1,1,1,-1,1,1,-1,1,-1,1,-1,1,-1,-1,1,-1,1,-1,1,1,-1,1,-1,-1,-1,-1,1,-1,1,-1,1,-1,-1,1,-1,1,-1,1,-1,-1,-1,1,1,-1,-1,-1,-1,1,-1,-1,-1,-1,-1,-1,-1,-1,1,-1,-1,-1,-1,1,1,-1,1,-1,-1,-1,1,-1,-1,1,-1,-1,-1,-1,-1,1,1,-1,-1,-1,-1,-1,1,-1,-1,-1,1,-1,-1,1,-1,1,-1,-1,-1,-1,-1,-1,-1,1,-1,-1,-1,1,1,-1,-1,-1,-1,1,-1,-1,-1,-1,-1,-1,-1,1,-1,1,-1,-1,1,-1,1,-1,1,1,-1,1,-1,-1,1,1,-1,-1,-1,-1,-1,-1,1,1,-1,-1,1,-1,1,1,-1,-1,-1,-1,-1,-1,1,-1,-1,-1,1,-1,1,1,1,-1,-1,-1,1,1,1,-1,-1,1,-1,-1,1,1,-1,-1,1,-1,-1,1,1,-1,1,-1,-1,-1,1,1,-1,-1,1,-1,-1,1,1,-1,-1,1,1,-1,1,1,1,-1,-1,1,-1,1,1,1,-1,1,1,1,1,-1,1,-1,-1,1,-1,-1,1,1,-1,-1,1,-1,1,1,1,-1,-1,1,1,1,1,1,-1,-1,1,1,-1,1,1,-1,1,1,1,-1,1,1,-1,1,-1,1,-1,1,1,-1,1,1,-1,1,1,-1,1,-1,1,1,1,1,1,-1,-1,1,1,1,1,1,-1,-1,-1,1,-1,1,1,-1,-1,1,-1,1,1,-1,-1,1,-1,1,1,1,1,-1,1,-1,1,-1,1,1,-1,-1,1,-1,-1,1,-1,1,-1,-1,-1,-1,1,-1,-1,1,-1,1,1,1,-1,1,-1,-1,1,1,1,1,1,-1,-1,-1,1,-1,-1,1,-1,1,1,-1,1,1,1,-1,1,-1,1,-1,-1,1,-1,-1,1,-1,1,1,1,1,-1,1,-1,-1,-1,1,1,-1,1,1,1,-1,1,1,1,1,-1,1,1,1,1,-1,1,-1,1,-1,-1,1,-1,1,1,1,-1,1,1,-1,-1,1,1,1,-1,1,-1,1,-1,1,-2642.0,1,2000,445,1000,True
2881,1,1,-1,-1,1,1,-1,1,1,1,1,-1,1,-1,1,1,-1,1,-1,-1,-1,1,1,1,1,1,-1,-1,1,1,1,1,-1,-1,-1,1,-1,1,1,1,-1,-1,1,1,1,1,1,1,-1,-1,1,1,-1,1,-1,1,-1,-1,1,1,1,-1,-1,-1,1,1,1,1,1,-1,1,-1,1,1,1,1,1,1,-1,1,1,1,1,-1,-1,1,1,1,1,1,1,1,-1,1,1,1,-1,1,-1,-1,1,1,1,1,-1,-1,-1,1,1,1,1,1,-1,-1,1,1,1,1,1,-1,-1,1,1,1,1,1,-1,-1,1,1,1,1,-1,-1,-1,-1,1,1,1,-1,-1,-1,-1,1,1,1,1,-1,-1,-1,1,1,1,1,1,-1,-1,-1,1,1,-1,1,-1,-1,1,-1,1,-1,1,-1,-1,-1,1,1,-1,-1,-1,1,1,1,-1,1,1,-1,-1,-1,1,-1,-1,-1,-1,-1,-1,1,-1,-1,1,-1,-1,-1,1,-1,-1,1,-1,-1,1,1,1,-1,1,-1,1,1,-1,-1,-1,1,-1,1,-1,1,1,-1,1,1,-1,-1,-1,1,-1,1,1,-1,1,1,1,-1,1,-1,-1,-1,1,-1,-1,1,1,-1,1,-1,1,-1,1,-1,-1,-1,1,-1,-1,1,-1,1,-1,1,1,-1,1,1,1,-1,1,1,1,1,1,1,1,1,1,1,1,1,1,-1,-1,1,-1,1,1,1,1,1,1,-1,1,1,1,1,-1,1,1,1,1,1,1,1,1,-1,1,1,1,1,1,1,1,1,1,1,1,-1,1,1,1,-1,1,1,1,1,1,1,1,1,1,1,1,1,1,1,1,1,1,-1,1,1,1,1,1,-1,1,1,1,1,1,-1,1,1,1,1,1,1,1,1,-1,-1,1,1,1,1,1,-1,-1,-1,1,1,1,1,-1,-1,-1,1,1,1,1,-1,-1,-1,1,-1,-1,1,-1,-1,1,-1,1,1,1,1,-1,1,-1,1,-1,1,-1,1,-1,-1,1,-1,-1,-1,-1,1,1,1,-1,1,-1,-1,-1,1,-1,1,1,-1,-1,-1,1,-1,1,1,-1,-1,-1,-1,-1,-1,1,1,1,1,-1,-1,1,1,1,-1,-1,-1,1,-1,-1,1,1,1,-1,1,-1,1,1,-1,-1,-1,1,1,-1,1,1,1,-1,-1,1,-1,1,-1,-1,-1,-1,1,-1,-1,1,1,-1,-1,1,-1,1,1,-1,1,-1,1,-1,-1,1,1,-1,1,1,-1,1,1,-1,-1,1,1,-1,1,1,1,-1,1,-1,-1,1,1,1,-1,1,-1,-1,1,-1,-1,-1,1,-1,-1,1,-1,1,-1,1,-1,-1,1,-1,-1,1,-1,1,-1,1,-1,1,-1,1,1,-1,-1,1,1,-1,1,-1,-1,1,-1,1,1,-1,1,-1,-1,1,1,-1,-1,1,-1,-1,1,1,1,1,1,1,-1,1,1,1,-1,-1,-1,1,-1,1,1,-1,1,-1,1,1,1,-1,-1,-1,1,-1,-1,1,-1,-1,-1,1,1,-1,1,1,-1,-1,1,1,-1,-1,1,-1,-1,-1,-1,-1,-1,1,-1,-1,-1,-1,-1,-1,1,-1,-1,1,1,1,1,1,-1,1,1,1,-1,-1,1,-1,-1,-1,1,-1,-1,1,1,-1,1,1,1,-1,1,1,-1,-1,1,-1,-1,1,1,-1,-1,1,-1,1,1,-1,-1,1,1,-1,1,1,-1,-1,1,-1,1,1,1,1,-1,1,1,-1,-1,1,1,-1,1,1,1,-1,1,1,-1,-1,1,1,1,1,1,-1,1,1,-1,-1,1,1,-1,-1,1,1,-1,1,1,-1,-1,1,-1,-1,1,1,-1,-1,-1,1,-1,1,1,-1,-1,1,1,-1,1,1,-1,-1,-1,1,-1,1,-1,1,-1,1,-1,-1,1,-1,-1,-1,1,1,-1,1,1,-1,-1,1,1,-1,1,-1,-1,1,-1,1,-1,1,1,-1,-1,1,-1,-1,1,1,-1,-1,1,-1,-1,-1,1,-1,1,-1,1,-1,-1,1,-1,-1,1,-1,-1,1,-1,-1,1,-1,-1,-1,-1,-1,-1,1,-1,-1,-1,-1,1,-1,-1,1,-1,-1,-1,1,-1,-1,1,-1,-1,-1,1,-1,1,1,-1,-1,-1,1,-1,1,-1,-1,-1,1,1,-1,1,-1,1,-1,1,1,-1,-1,-1,-1,1,1,1,-1,1,1,-1,-1,-1,-1,1,-1,-1,-1,-1,1,1,-1,1,-1,1,-1,1,1,-1,1,-1,1,1,-1,1,-1,-1,1,1,-1,-1,1,1,-1,-1,1,1,-1,1,1,-1,1,1,-1,-1,-1,1,-1,-1,1,-1,-1,1,1,-1,1,1,1,-1,1,-1,1,1,1,-1,1,1,-1,-1,1,1,-1,-1,-1,1,-1,1,1,-1,1,-1,-1,-1,1,1,-1,-1,-1,1,-1,1,1,-1,-1,-1,-1,-1,1,1,1,-1,-1,-1,-1,-1,1,-1,-1,1,-1,-1,1,-1,1,-1,-1,-1,-1,-1,1,1,-1,1,-1,-1,1,1,1,-1,1,-1,1,1,1,1,-1,-1,-1,1,-1,1,-1,-1,-1,-1,1,-1,1,-1,-1,-1,1,-1,1,1,-1,-1,-1,-1,1,-1,1,-1,1,-1,1,-1,-1,1,1,-1,1,-1,1,-1,1,1,-1,1,-1,1,-1,1,1,-1,1,-1,1,-1,-1,1,-1,1,-1,1,-1,-1,1,-1,1,-1,1,1,-1,1,-1,-1,1,-1,1,-1,1,-1,1,1,-1,1,-1,1,1,1,-1,1,-1,1,-1,1,1,-1,1,-1,-1,-1,-1,1,-1,1,-1,1,-1,1,1,-1,1,-1,-1,1,1,1,-1,1,1,-1,1,-1,1,-1,1,-1,1,1,1,1,-1,1,-1,1,1,1,1,1,1,1,1,1,1,1,-1,1,-1,1,-1,-1,1,-1,1,-1,1,1,1,1,1,1,1,1,1,-1,1,-1,1,-1,1,1,-1,1,1,-1,1,1,-2642.0,1,2000,445,500,True
2882,1,1,-1,-1,1,1,-1,1,1,1,1,-1,-1,-1,1,1,-1,1,-1,-1,1,1,1,1,1,1,-1,-1,1,1,1,1,-1,-1,-1,1,-1,1,1,1,-1,-1,1,1,1,1,1,1,-1,-1,1,1,-1,1,-1,1,1,-1,1,1,1,-1,1,-1,1,1,1,1,1,-1,1,-1,1,1,1,1,1,1,-1,1,1,-1,1,-1,-1,1,1,1,1,1,-1,1,-1,1,1,1,-1,1,-1,1,1,1,1,1,1,-1,-1,1,1,1,1,-1,-1,-1,1,1,1,1,1,-1,-1,1,1,1,1,-1,-1,-1,1,1,1,1,1,-1,-1,1,1,1,1,1,-1,-1,-1,1,1,1,1,-1,-1,-1,1,1,1,1,1,-1,-1,1,1,1,1,1,-1,-1,1,1,1,1,1,-1,1,1,1,1,1,-1,-1,1,1,1,1,-1,1,-1,1,1,1,1,1,-1,-1,-1,1,1,1,1,1,-1,-1,1,-1,-1,1,1,-1,-1,1,1,1,1,1,-1,1,1,-1,-1,1,1,-1,1,1,1,1,1,1,1,-1,1,-1,-1,1,1,-1,-1,1,1,1,1,1,-1,-1,1,-1,-1,1,1,1,-1,1,-1,1,1,1,-1,1,1,1,1,1,1,-1,-1,-1,1,-1,-1,1,1,1,-1,1,1,-1,1,1,1,1,1,1,-1,1,1,1,1,-1,1,1,1,1,1,1,1,1,1,1,-1,-1,1,-1,1,-1,1,1,1,1,1,1,-1,1,1,1,-1,1,1,-1,1,1,1,1,-1,1,-1,1,-1,1,1,1,1,-1,1,1,1,1,1,1,-1,1,1,1,1,1,-1,1,1,1,1,1,1,1,-1,1,1,-1,1,1,-1,1,1,1,1,1,1,1,-1,1,-1,1,1,1,1,-1,1,1,1,1,1,1,-1,1,1,-1,1,1,-1,-1,1,1,1,-1,1,1,-1,-1,1,-1,1,1,1,1,1,1,1,-1,1,1,-1,1,1,-1,-1,-1,-1,-1,1,1,-1,1,1,-1,-1,1,-1,-1,1,1,1,1,1,-1,1,1,1,-1,-1,1,1,1,-1,1,-1,-1,-1,1,-1,1,-1,-1,1,1,1,-1,-1,-1,-1,1,1,1,1,-1,1,-1,1,1,1,1,1,-1,-1,1,-1,1,-1,1,-1,-1,-1,1,1,1,1,-1,-1,1,-1,1,1,1,-1,-1,-1,1,-1,1,1,-1,-1,1,-1,1,1,1,-1,-1,-1,1,1,1,1,-1,-1,1,1,1,1,-1,1,-1,1,1,1,1,-1,1,-1,-1,1,1,1,-1,1,-1,1,-1,1,1,-1,-1,1,-1,1,1,1,1,1,1,-1,-1,1,1,1,-1,1,-1,1,1,1,-1,-1,1,-1,-1,1,-1,1,-1,-1,1,-1,1,-1,1,1,-1,1,-1,-1,1,1,1,-1,1,-1,1,-1,-1,-1,-1,-1,1,1,-1,-1,1,1,1,1,-1,-1,1,-1,1,1,1,-1,-1,-1,1,-1,1,-1,1,-1,-1,-1,1,1,-1,1,-1,-1,-1,1,1,-1,1,-1,-1,-1,1,1,-1,1,-1,-1,-1,-1,1,1,1,-1,1,-1,-1,1,-1,1,-1,-1,1,-1,1,-1,1,1,-1,-1,-1,-1,-1,1,1,-1,-1,-1,-1,-1,1,1,-1,-1,-1,1,1,1,-1,-1,-1,-1,1,1,1,-1,1,-1,1,-1,1,1,1,-1,-1,-1,-1,-1,1,-1,1,-1,-1,1,-1,1,1,-1,1,-1,-1,1,1,1,-1,1,-1,-1,-1,1,1,-1,1,-1,-1,-1,1,1,-1,1,-1,-1,-1,1,1,-1,-1,1,-1,-1,1,1,-1,-1,-1,-1,-1,1,1,-1,-1,1,-1,-1,-1,-1,1,-1,1,-1,-1,1,-1,-1,1,-1,1,-1,1,1,-1,1,-1,1,-1,1,-1,-1,1,-1,1,-1,1,1,-1,1,-1,-1,-1,-1,1,-1,1,-1,1,-1,-1,1,-1,1,-1,1,-1,-1,-1,1,1,-1,-1,-1,-1,1,-1,-1,-1,-1,-1,-1,-1,-1,1,-1,-1,-1,-1,1,1,-1,1,-1,-1,-1,1,-1,-1,1,-1,-1,-1,-1,-1,1,1,-1,-1,-1,-1,-1,1,-1,-1,-1,1,-1,-1,1,-1,1,-1,-1,-1,-1,-1,-1,-1,1,-1,-1,-1,1,1,1,-1,-1,-1,1,-1,-1,-1,-1,-1,-1,-1,1,-1,1,-1,-1,-1,-1,1,-1,1,1,-1,1,-1,-1,1,1,-1,-1,-1,-1,-1,-1,1,1,-1,-1,1,-1,1,1,-1,-1,-1,1,-1,-1,1,-1,-1,1,1,-1,1,1,1,-1,1,-1,1,1,1,-1,-1,1,-1,-1,1,1,-1,-1,-1,-1,-1,-1,1,-1,1,1,-1,-1,1,1,-1,-1,1,-1,-1,1,-1,-1,-1,1,-1,-1,1,1,1,-1,-1,-1,-1,1,1,-1,-1,1,-1,-1,1,1,1,-1,1,-1,-1,-1,1,1,-1,-1,-1,-1,1,1,1,-1,1,-1,-1,1,1,1,-1,-1,-1,-1,1,-1,-1,-1,-1,-1,1,1,1,-1,-1,-1,-1,1,-1,1,-1,-1,-1,-1,1,1,1,-1,-1,1,-1,-1,1,-1,1,-1,1,-1,-1,1,1,1,-1,1,-1,-1,1,1,1,-1,-1,-1,1,1,-1,1,-1,-1,1,-1,1,-1,-1,1,-1,1,-1,1,-1,1,-1,1,-1,1,1,1,1,-1,-1,-1,1,-1,1,1,1,-1,1,-1,-1,1,1,-1,-1,1,-1,1,-1,-1,-1,-1,1,1,1,1,1,-1,-1,-1,1,-1,-1,-1,-1,-1,1,-1,1,1,1,-1,1,1,1,-1,1,-1,-1,-1,1,1,1,1,1,-1,-1,1,1,1,1,1,-1,-1,1,1,-1,1,-1,-1,-1,1,1,-1,-1,1,1,-1,1,1,1,1,1,-1,-1,-1,-1,1,1,-1,1,-1,1,1,-1,1,-2642.0,1,2000,445,1000,True
2883,-1,-1,1,1,1,1,-1,1,-1,-1,-1,1,-1,-1,-1,-1,1,-1,1,-1,-1,1,-1,-1,-1,1,-1,-1,1,-1,-1,-1,1,-1,-1,-1,1,1,-1,1,-1,-1,-1,-1,-1,-1,-1,1,-1,1,1,-1,1,1,-1,1,1,-1,1,-1,-1,1,-1,1,1,1,-1,-1,1,-1,1,1,1,1,-1,1,1,-1,1,-1,-1,1,1,-1,1,1,1,-1,1,1,1,1,-1,1,-1,1,-1,1,1,1,1,-1,1,1,-1,1,1,1,-1,1,1,1,1,1,1,-1,-1,1,1,1,1,1,1,-1,1,1,1,1,1,-1,-1,1,-1,1,1,1,-1,-1,1,-1,1,1,1,1,-1,1,1,1,1,1,1,-1,-1,1,-1,1,1,-1,1,-1,-1,-1,1,1,-1,1,1,-1,-1,1,1,1,-1,1,-1,1,1,1,-1,-1,-1,1,-1,1,-1,1,-1,-1,-1,1,1,-1,1,-1,-1,-1,-1,1,-1,1,-1,1,-1,-1,1,-1,-1,-1,-1,-1,-1,1,-1,-1,1,-1,-1,-1,-1,-1,1,-1,-1,-1,-1,-1,1,1,-1,-1,-1,-1,1,-1,1,-1,-1,-1,-1,-1,-1,1,-1,1,-1,-1,-1,-1,1,-1,1,-1,-1,1,1,1,1,-1,-1,-1,-1,-1,1,1,-1,-1,-1,1,1,1,1,-1,1,-1,1,1,1,1,-1,1,1,1,1,1,1,-1,-1,1,1,-1,1,1,1,-1,1,-1,1,1,1,1,1,1,1,1,1,1,1,-1,1,1,-1,1,1,1,1,1,1,1,1,-1,1,1,1,-1,1,1,1,-1,1,1,1,1,1,1,-1,1,1,1,1,1,1,1,-1,1,1,1,1,1,-1,1,1,1,1,-1,1,1,-1,1,1,1,1,1,-1,1,1,1,1,1,1,-1,1,-1,1,1,1,1,-1,1,-1,1,1,1,1,1,1,-1,1,-1,-1,1,-1,1,1,-1,1,1,1,-1,-1,1,-1,1,-1,1,-1,1,-1,-1,1,-1,-1,-1,1,1,-1,1,-1,1,-1,1,-1,1,-1,1,1,-1,1,-1,1,-1,1,-1,1,1,-1,-1,-1,-1,1,1,1,1,-1,-1,1,-1,-1,1,-1,-1,1,-1,-1,1,-1,1,-1,-1,1,-1,-1,1,-1,-1,1,1,-1,1,-1,1,-1,-1,1,-1,1,-1,-1,-1,-1,1,-1,-1,1,1,-1,-1,1,-1,1,1,-1,1,-1,1,-1,1,-1,1,-1,-1,1,-1,-1,-1,-1,-1,1,1,-1,1,-1,1,-1,1,-1,1,1,-1,1,-1,1,-1,-1,-1,-1,-1,-1,1,-1,1,-1,-1,1,-1,1,-1,-1,1,-1,-1,1,-1,1,-1,-1,1,1,-1,1,1,-1,-1,1,1,-1,1,-1,-1,1,-1,1,1,1,1,-1,-1,-1,1,-1,1,1,-1,-1,-1,1,1,-1,1,1,-1,1,1,1,1,-1,-1,1,-1,-1,1,-1,1,-1,1,1,-1,1,1,-1,1,-1,-1,-1,1,1,-1,1,1,-1,-1,-1,1,-1,1,1,-1,-1,-1,1,-1,-1,-1,-1,1,-1,1,-1,-1,-1,-1,-1,-1,1,-1,1,1,1,1,-1,1,-1,1,1,-1,1,-1,1,1,-1,1,-1,1,-1,-1,1,1,1,1,-1,-1,1,-1,-1,1,-1,1,-1,-1,1,-1,1,-1,-1,-1,1,-1,1,1,-1,-1,-1,1,1,1,-1,1,1,-1,1,-1,1,1,-1,-1,-1,-1,1,1,1,1,-1,-1,-1,-1,-1,1,1,1,-1,1,-1,1,1,-1,1,-1,-1,-1,-1,1,1,1,-1,1,-1,-1,1,1,1,-1,-1,1,-1,-1,1,1,-1,-1,-1,-1,1,1,1,-1,1,1,-1,1,-1,1,-1,1,-1,-1,1,-1,1,-1,1,-1,-1,1,1,-1,1,1,-1,-1,1,-1,-1,-1,1,-1,1,-1,-1,-1,-1,1,-1,-1,1,1,1,-1,1,-1,-1,1,-1,1,-1,1,-1,-1,1,-1,-1,-1,1,-1,-1,1,-1,1,-1,1,1,1,-1,-1,1,-1,1,-1,1,-1,-1,1,-1,1,-1,-1,1,-1,1,-1,1,-1,-1,1,-1,1,1,1,-1,1,1,-1,-1,1,-1,-1,1,-1,-1,-1,1,-1,-1,1,-1,1,1,-1,-1,-1,-1,-1,-1,1,1,-1,-1,1,1,-1,1,1,1,-1,1,-1,-1,1,1,-1,-1,1,1,1,1,-1,-1,-1,1,-1,1,1,1,1,-1,-1,1,1,1,1,-1,-1,-1,-1,1,-1,1,-1,1,-1,1,1,-1,1,1,-1,-1,1,1,1,1,-1,1,-1,1,1,-1,1,-1,-1,1,1,1,1,-1,1,-1,-1,1,1,1,1,-1,-1,-1,1,1,-1,1,-1,-1,-1,1,1,-1,1,1,-1,-1,1,1,1,1,1,-1,-1,1,1,-1,1,1,-1,-1,1,1,-1,1,-1,-1,-1,1,-1,1,-1,1,-1,1,1,1,-1,-1,1,-1,-1,1,1,-1,-1,1,-1,1,1,1,1,-1,1,-1,1,-1,1,-1,1,1,-1,1,-1,1,-1,-1,-1,-1,1,-1,1,-1,1,1,1,-1,-1,1,-1,-1,1,1,1,1,1,1,-1,-1,1,1,-1,1,1,-1,1,-1,1,-1,1,1,-1,1,1,-1,-1,-1,1,-1,1,-1,1,-1,1,1,-1,1,1,1,-1,1,1,-1,-1,1,-1,-1,1,1,-1,1,1,-1,-1,1,1,1,1,-1,1,1,-1,-1,1,1,-1,1,-1,1,-1,-1,1,-1,-1,1,1,-1,1,1,1,-1,1,1,1,1,1,-1,-1,1,-1,1,-1,1,-1,-1,1,1,1,1,1,-1,-1,1,1,1,1,1,1,-1,1,-1,1,1,1,1,-1,1,1,-1,-1,1,-1,-1,1,1,1,1,1,1,-1,-1,1,1,-1,1,-1,1,-1,1,1,-1,1,1,-1,-1,1,-2642.0,1,2000,445,500,True
2884,-1,-1,1,1,1,-1,1,1,-1,-1,-1,-1,1,1,-1,-1,1,-1,-1,-1,1,1,-1,-1,-1,-1,1,1,1,-1,-1,-1,1,-1,1,1,1,-1,-1,-1,-1,1,1,-1,-1,-1,-1,-1,1,-1,1,-1,1,-1,-1,1,-1,1,-1,-1,-1,-1,-1,1,-1,-1,-1,-1,-1,1,1,-1,-1,-1,-1,1,1,1,-1,-1,-1,1,-1,1,-1,-1,-1,1,-1,1,1,-1,-1,-1,-1,-1,1,-1,-1,1,-1,-1,-1,1,-1,-1,-1,-1,-1,-1,1,1,-1,1,-1,-1,-1,1,1,-1,-1,1,-1,-1,1,1,-1,-1,1,-1,-1,1,-1,-1,-1,1,-1,-1,1,-1,-1,-1,1,-1,-1,1,1,-1,-1,-1,-1,-1,-1,1,1,-1,1,1,-1,1,-1,1,-1,-1,-1,-1,1,-1,1,-1,-1,-1,-1,1,-1,-1,-1,1,-1,-1,-1,1,1,-1,-1,-1,-1,-1,-1,-1,-1,1,-1,1,-1,-1,1,-1,1,-1,-1,1,-1,1,-1,1,-1,-1,-1,-1,1,-1,1,-1,1,1,-1,1,-1,1,-1,1,1,-1,1,1,-1,1,-1,1,-1,1,1,-1,1,-1,-1,-1,1,-1,-1,1,-1,1,-1,1,1,-1,1,-1,1,-1,1,-1,1,1,-1,1,-1,1,-1,-1,1,1,-1,-1,1,1,1,1,1,-1,-1,1,1,1,1,1,-1,-1,1,1,1,1,1,-1,-1,1,1,1,1,1,1,-1,1,-1,1,1,1,-1,-1,1,1,1,1,1,1,-1,1,1,1,-1,1,1,-1,1,1,1,1,-1,1,-1,1,-1,1,1,1,1,-1,1,1,1,1,1,-1,-1,1,1,1,1,1,1,-1,1,1,1,1,1,-1,-1,1,1,1,-1,1,-1,1,1,1,1,1,1,1,-1,-1,1,1,1,1,1,-1,1,1,1,1,1,1,-1,1,1,1,1,1,-1,-1,1,1,-1,-1,1,1,-1,-1,1,-1,1,1,1,1,-1,1,1,-1,1,1,-1,1,1,1,-1,-1,-1,1,-1,1,1,-1,1,-1,-1,1,1,-1,1,1,1,1,1,1,-1,1,1,-1,-1,1,1,-1,-1,1,1,1,-1,1,-1,1,1,1,1,1,1,1,-1,-1,1,1,1,1,1,-1,1,1,-1,1,1,1,1,-1,1,1,-1,1,-1,1,-1,1,-1,-1,-1,1,1,-1,-1,1,-1,1,1,-1,-1,1,1,-1,1,-1,1,-1,-1,1,-1,1,1,1,-1,1,1,1,1,1,1,-1,1,-1,1,1,1,-1,-1,1,1,1,-1,1,-1,-1,1,-1,1,-1,1,-1,-1,1,-1,1,1,1,-1,-1,1,-1,1,-1,1,1,-1,1,-1,1,-1,1,1,-1,-1,1,1,-1,1,-1,-1,1,-1,1,-1,1,1,-1,-1,1,1,-1,1,1,1,-1,1,1,1,1,1,1,-1,1,1,-1,-1,1,1,1,-1,1,1,-1,-1,1,1,-1,-1,1,-1,1,-1,1,-1,1,-1,-1,-1,1,-1,-1,1,1,-1,-1,-1,1,-1,-1,1,-1,-1,-1,1,-1,1,1,-1,-1,1,1,-1,1,1,-1,-1,-1,-1,-1,-1,1,-1,1,-1,-1,-1,1,1,-1,-1,1,1,-1,-1,1,1,-1,-1,-1,1,1,1,1,-1,-1,-1,1,1,1,1,-1,-1,1,-1,1,1,-1,-1,-1,-1,1,1,1,-1,1,-1,-1,1,-1,1,1,-1,-1,-1,1,1,1,1,-1,-1,-1,1,1,1,1,-1,-1,-1,1,1,1,1,-1,1,-1,1,1,1,1,-1,-1,-1,-1,1,-1,1,-1,-1,-1,1,1,1,1,1,-1,1,1,1,1,1,-1,-1,-1,1,1,1,-1,1,-1,1,-1,1,-1,-1,1,-1,-1,-1,1,1,-1,-1,-1,1,1,1,-1,1,-1,-1,1,1,1,1,-1,-1,1,-1,-1,1,-1,1,-1,1,-1,-1,1,1,1,-1,-1,1,-1,1,-1,1,-1,1,-1,1,1,1,-1,-1,-1,1,-1,1,-1,1,-1,1,-1,-1,1,1,-1,-1,-1,1,-1,1,1,-1,-1,-1,1,-1,1,1,-1,1,-1,1,-1,1,1,1,-1,1,1,-1,1,1,-1,-1,1,-1,-1,1,1,-1,-1,1,-1,1,1,1,-1,-1,-1,-1,-1,-1,1,-1,-1,1,1,-1,1,1,1,1,1,-1,-1,1,1,1,-1,1,-1,1,1,1,-1,-1,1,-1,1,1,1,1,-1,-1,1,1,1,1,1,-1,-1,-1,1,-1,1,1,-1,-1,1,1,1,1,1,-1,-1,1,1,1,1,1,1,-1,1,1,-1,1,-1,-1,1,1,1,1,1,1,-1,-1,1,1,1,1,-1,-1,-1,1,1,1,1,-1,-1,-1,1,1,1,1,1,-1,-1,1,1,1,1,1,-1,-1,1,1,1,1,1,-1,-1,-1,1,1,1,-1,-1,-1,1,-1,1,1,1,-1,-1,-1,1,-1,1,1,-1,-1,1,1,1,1,-1,1,-1,1,1,1,-1,1,-1,-1,-1,1,1,-1,1,-1,1,-1,1,1,-1,-1,-1,-1,1,1,-1,1,1,-1,1,-1,1,-1,-1,1,-1,-1,-1,1,1,-1,-1,1,-1,-1,1,1,-1,1,-1,-1,-1,1,1,-1,1,-1,1,-1,-1,-1,-1,1,1,-1,-1,-1,1,-1,1,1,-1,1,-1,1,-1,-1,1,1,-1,-1,-1,-1,1,1,1,1,-1,-1,1,1,1,-1,-1,1,-1,1,1,1,1,-1,-1,-1,-1,1,1,1,-1,1,-1,1,1,1,1,-1,-1,1,1,1,1,-1,1,-1,-1,-1,1,1,1,-1,1,1,1,1,1,1,-1,1,-1,1,1,1,1,1,1,-1,1,1,1,1,-1,1,1,1,1,1,1,-1,1,-1,1,1,1,1,1,1,-1,1,1,1,-1,1,1,1,-1,1,1,1,-1,1,-2642.0,1,2000,445,1000,True
2885,1,1,-1,-1,1,1,-1,1,1,1,1,-1,-1,1,1,1,-1,1,-1,-1,-1,1,1,1,1,1,-1,-1,1,1,1,1,-1,-1,-1,1,-1,1,1,1,-1,-1,1,1,1,1,1,1,-1,-1,1,1,-1,1,-1,-1,-1,-1,1,1,1,-1,-1,1,1,1,1,1,1,-1,1,-1,1,1,1,1,-1,1,-1,1,1,1,1,-1,-1,1,1,1,1,1,1,-1,-1,1,1,1,-1,-1,-1,1,1,1,1,1,1,-1,-1,1,1,1,1,-1,-1,-1,1,1,1,1,1,-1,-1,1,1,1,1,-1,-1,-1,1,1,1,1,1,-1,-1,1,1,1,1,1,-1,-1,-1,1,1,1,1,-1,-1,-1,1,1,1,1,1,-1,-1,1,1,1,1,1,-1,-1,1,1,1,1,1,-1,1,1,1,1,1,-1,-1,1,1,1,1,-1,1,-1,1,1,1,1,1,-1,-1,-1,1,1,1,1,1,-1,-1,1,-1,1,1,1,-1,-1,1,1,1,1,1,-1,1,1,-1,1,1,1,-1,1,1,1,1,1,1,1,-1,1,-1,1,1,1,-1,-1,1,1,1,1,1,-1,-1,1,-1,-1,1,1,1,-1,1,-1,-1,1,1,-1,1,1,-1,1,-1,1,-1,-1,1,-1,1,1,1,1,1,1,-1,1,-1,1,1,1,1,-1,1,-1,1,1,1,1,-1,-1,1,1,1,-1,1,-1,-1,1,1,-1,1,1,1,-1,-1,1,1,1,1,-1,1,-1,1,1,1,1,-1,-1,-1,1,1,1,1,-1,-1,-1,1,-1,1,1,1,1,-1,1,1,1,1,1,1,-1,1,1,1,1,-1,1,1,1,1,1,1,1,-1,1,1,1,-1,1,1,-1,1,1,1,1,1,1,1,-1,1,-1,1,1,1,1,-1,1,1,1,1,1,1,-1,1,1,-1,-1,1,1,-1,1,1,1,1,1,1,-1,1,1,-1,1,1,1,1,1,1,1,-1,1,1,-1,1,1,-1,-1,1,1,-1,1,1,-1,1,-1,1,-1,1,-1,-1,-1,1,-1,-1,1,-1,1,-1,1,1,-1,1,1,-1,-1,1,-1,-1,-1,1,-1,1,1,-1,1,1,1,-1,1,-1,-1,1,-1,1,1,-1,1,-1,1,1,1,1,1,-1,-1,1,-1,1,-1,1,-1,-1,-1,1,1,1,1,-1,-1,1,-1,1,1,1,-1,-1,-1,1,-1,1,1,-1,-1,1,-1,1,1,1,1,-1,-1,1,1,1,1,-1,-1,1,1,1,1,-1,1,-1,1,-1,1,1,-1,1,-1,-1,1,1,1,-1,1,-1,1,-1,1,1,-1,-1,1,-1,1,1,1,1,-1,1,-1,-1,-1,1,1,-1,1,-1,1,-1,1,-1,-1,1,-1,-1,1,-1,1,-1,-1,1,-1,1,-1,1,1,-1,1,-1,-1,1,1,1,-1,1,-1,1,-1,-1,-1,1,-1,1,1,-1,-1,-1,1,1,-1,1,-1,-1,1,1,1,1,-1,-1,-1,1,-1,1,1,1,-1,-1,-1,1,1,-1,1,-1,-1,-1,1,1,1,1,-1,-1,-1,1,1,1,1,-1,-1,-1,-1,1,-1,1,-1,1,-1,-1,1,-1,1,-1,1,1,-1,1,-1,1,1,-1,-1,-1,-1,-1,1,1,-1,-1,-1,1,-1,1,1,-1,-1,1,-1,1,1,-1,-1,-1,-1,-1,1,1,-1,1,-1,1,1,1,1,1,-1,-1,-1,-1,-1,1,-1,1,-1,-1,1,-1,1,1,-1,1,-1,-1,1,1,1,-1,1,-1,1,-1,1,1,-1,1,-1,1,-1,1,1,-1,1,-1,-1,-1,1,1,-1,-1,1,-1,-1,1,1,-1,-1,-1,-1,-1,1,1,1,-1,1,-1,-1,-1,-1,1,-1,1,-1,-1,1,-1,-1,1,-1,1,-1,1,1,-1,1,-1,1,-1,1,-1,-1,1,-1,1,-1,1,1,-1,1,-1,-1,-1,-1,1,-1,1,-1,1,-1,-1,1,-1,1,-1,1,-1,-1,-1,-1,1,-1,-1,-1,-1,1,1,-1,-1,-1,-1,-1,-1,-1,1,-1,-1,-1,-1,1,-1,-1,1,-1,-1,-1,1,-1,-1,1,-1,-1,-1,-1,-1,1,1,-1,-1,-1,-1,-1,1,-1,-1,-1,1,-1,-1,1,-1,1,-1,-1,-1,-1,1,-1,-1,1,-1,-1,-1,-1,1,-1,-1,-1,1,-1,1,-1,-1,-1,1,-1,-1,-1,-1,1,-1,-1,-1,-1,-1,1,1,1,-1,1,-1,1,-1,1,-1,-1,-1,-1,-1,-1,1,1,-1,-1,1,-1,1,1,-1,-1,-1,1,-1,1,1,-1,-1,1,1,-1,1,1,1,-1,1,-1,1,1,1,-1,-1,1,-1,-1,1,1,-1,-1,1,-1,-1,1,1,-1,1,1,1,-1,1,1,-1,-1,1,1,-1,1,-1,-1,-1,1,1,-1,1,1,1,-1,-1,1,-1,1,1,-1,-1,1,1,-1,1,-1,1,-1,1,1,-1,-1,1,1,-1,-1,1,-1,-1,1,1,-1,-1,1,-1,-1,1,1,-1,-1,1,-1,1,-1,-1,-1,-1,1,-1,1,1,-1,-1,1,-1,1,-1,1,1,-1,-1,-1,-1,1,1,-1,-1,1,-1,1,1,-1,1,-1,1,1,-1,1,1,1,-1,-1,-1,-1,1,1,1,-1,-1,-1,1,1,-1,1,-1,-1,1,-1,1,-1,1,1,-1,1,-1,1,-1,1,-1,-1,1,1,1,1,1,-1,-1,-1,1,-1,1,1,1,-1,1,-1,1,1,1,-1,-1,1,1,1,-1,1,-1,-1,1,1,1,1,1,-1,-1,-1,1,-1,-1,-1,-1,-1,1,-1,1,1,1,-1,1,1,1,-1,1,1,-1,-1,1,1,1,1,1,-1,-1,1,1,1,1,1,-1,1,-1,1,-1,1,1,-1,-1,1,1,1,-1,1,1,-1,1,1,1,1,1,1,-1,1,1,1,1,-1,1,-1,1,-1,1,1,-2642.0,1,2000,445,1000,True
2886,1,1,-1,-1,1,1,-1,1,1,1,1,-1,-1,1,1,1,-1,1,-1,-1,-1,1,1,1,1,-1,-1,-1,1,1,1,1,1,-1,-1,1,-1,1,1,1,-1,-1,1,1,1,1,1,-1,1,-1,1,1,-1,1,-1,-1,1,-1,1,1,-1,-1,-1,1,1,1,1,1,-1,-1,1,-1,1,1,1,-1,-1,1,-1,1,1,-1,-1,-1,-1,1,1,1,-1,-1,-1,1,1,1,1,-1,-1,1,-1,1,1,1,-1,-1,1,-1,1,1,1,-1,-1,-1,-1,-1,1,1,-1,-1,1,-1,1,1,1,1,-1,-1,-1,-1,1,1,1,-1,1,-1,1,1,1,1,-1,1,-1,-1,1,1,1,-1,1,-1,-1,1,1,1,-1,-1,1,-1,1,1,1,-1,1,-1,-1,1,-1,1,-1,1,-1,1,1,1,-1,-1,1,-1,1,1,1,-1,1,-1,1,-1,-1,1,-1,1,1,-1,1,1,1,1,1,1,1,-1,-1,1,-1,1,1,1,-1,-1,1,1,-1,1,1,1,-1,1,-1,1,1,1,-1,-1,1,1,1,1,1,1,-1,1,-1,-1,1,1,-1,-1,-1,1,1,1,1,-1,-1,1,-1,1,1,1,1,-1,1,-1,-1,1,1,-1,1,1,-1,1,1,1,-1,-1,1,-1,1,1,1,1,1,1,-1,1,1,1,1,1,1,-1,1,1,1,1,1,1,-1,-1,1,1,1,-1,1,-1,-1,1,-1,-1,1,1,1,1,1,-1,1,1,1,-1,-1,1,-1,1,-1,1,-1,1,1,-1,1,1,1,-1,-1,1,-1,-1,1,1,1,-1,1,1,1,1,1,1,1,1,-1,1,1,1,-1,1,-1,-1,1,1,1,-1,-1,-1,1,1,-1,1,1,1,1,1,1,1,1,1,-1,-1,1,-1,1,1,1,-1,-1,1,1,1,1,1,-1,-1,1,1,-1,1,1,-1,-1,1,1,1,-1,1,-1,1,1,1,-1,1,1,1,-1,1,1,1,-1,1,-1,1,1,1,-1,-1,-1,-1,1,1,1,-1,1,1,-1,1,1,-1,-1,1,1,-1,1,1,-1,1,1,1,1,-1,1,1,1,-1,1,1,1,-1,1,-1,1,-1,-1,1,1,1,-1,-1,-1,1,1,-1,1,1,-1,1,-1,1,1,1,1,1,-1,-1,1,-1,1,-1,1,-1,-1,1,-1,1,1,1,-1,-1,1,-1,1,1,1,-1,1,-1,1,-1,1,1,-1,1,-1,-1,1,1,1,-1,-1,-1,1,1,1,1,-1,1,-1,1,1,1,-1,1,-1,1,-1,1,1,-1,-1,-1,-1,1,1,1,-1,1,-1,-1,-1,1,1,-1,-1,1,-1,1,1,1,1,-1,-1,1,-1,-1,1,1,-1,-1,1,1,-1,1,-1,-1,-1,-1,-1,1,-1,1,-1,-1,-1,-1,1,-1,1,1,-1,-1,-1,-1,1,1,1,-1,-1,-1,1,-1,-1,1,1,1,1,1,-1,1,-1,1,1,-1,1,-1,1,-1,1,1,1,-1,-1,1,-1,-1,1,1,1,-1,1,-1,1,1,-1,1,-1,1,-1,1,1,-1,1,-1,1,-1,1,1,-1,1,-1,-1,-1,-1,1,1,1,-1,1,-1,-1,1,-1,1,-1,1,1,-1,1,-1,1,1,-1,-1,-1,-1,-1,1,1,-1,1,-1,1,-1,1,-1,-1,-1,-1,-1,1,1,-1,-1,-1,-1,-1,1,1,-1,1,-1,1,1,-1,1,1,-1,-1,-1,-1,-1,1,-1,1,-1,-1,1,-1,1,1,-1,1,-1,-1,1,-1,1,-1,1,-1,1,-1,-1,1,-1,1,-1,1,-1,-1,1,-1,1,-1,-1,-1,-1,-1,1,-1,1,-1,-1,-1,-1,-1,-1,-1,-1,-1,-1,1,1,-1,1,-1,-1,-1,1,-1,-1,1,-1,1,-1,1,-1,1,1,1,-1,1,1,-1,1,-1,1,-1,1,1,-1,1,-1,1,-1,-1,1,-1,1,-1,-1,-1,-1,1,-1,1,-1,1,-1,-1,1,-1,1,-1,1,-1,-1,1,-1,1,-1,-1,-1,-1,1,1,-1,-1,-1,-1,-1,1,-1,1,-1,-1,-1,-1,-1,-1,-1,1,-1,-1,-1,1,-1,-1,1,-1,-1,-1,-1,-1,1,1,-1,-1,-1,-1,-1,1,-1,-1,-1,1,-1,-1,1,-1,1,-1,-1,-1,-1,-1,-1,-1,1,-1,-1,-1,1,1,1,-1,-1,1,-1,-1,-1,-1,-1,1,-1,-1,1,1,1,-1,-1,-1,-1,1,-1,1,1,-1,1,-1,-1,1,1,-1,-1,-1,-1,-1,-1,1,1,-1,-1,1,-1,1,1,-1,-1,-1,1,-1,1,1,-1,-1,1,1,-1,1,1,1,-1,1,-1,1,1,1,-1,-1,1,-1,-1,1,1,1,-1,1,-1,-1,1,1,-1,1,1,1,-1,1,1,1,1,1,1,-1,1,1,1,1,1,1,-1,1,1,1,1,-1,1,-1,1,1,1,-1,1,1,-1,1,-1,1,1,1,1,-1,-1,1,-1,1,-1,1,-1,1,1,1,1,-1,1,1,1,1,1,1,1,1,1,-1,1,1,1,1,-1,1,-1,1,1,1,1,1,1,-1,1,1,1,-1,1,-1,1,1,1,-1,1,1,1,1,1,1,1,-1,1,1,1,1,1,1,-1,-1,1,-1,1,1,1,-1,1,-1,1,1,1,1,-1,-1,1,1,1,1,1,-1,-1,1,-1,1,1,1,1,-1,-1,-1,1,1,1,-1,-1,-1,-1,1,1,1,-1,-1,1,1,-1,1,-1,-1,-1,1,-1,1,1,1,-1,-1,-1,1,-1,1,-1,-1,1,-1,1,1,-1,-1,-1,1,-1,1,-1,1,-1,1,-1,1,-1,1,1,1,-1,-1,1,-1,-1,1,-1,-1,-1,1,1,-1,1,-1,1,1,1,-1,1,1,-1,-1,-1,1,-1,1,1,1,-1,-1,1,1,1,1,-1,-1,-1,-1,1,1,1,1,-1,-1,1,-1,1,-2642.0,1,2000,445,1000,True
2887,1,1,-1,-1,1,1,-1,1,1,1,1,-1,-1,1,1,1,-1,1,-1,-1,-1,1,1,1,1,1,-1,-1,1,1,1,1,-1,-1,-1,1,-1,1,1,1,-1,-1,1,1,1,1,1,1,-1,1,1,1,-1,1,-1,-1,1,-1,1,1,1,-1,-1,1,1,1,1,1,1,-1,1,-1,1,1,1,1,-1,1,-1,1,1,-1,1,-1,-1,1,1,1,1,-1,-1,1,-1,1,1,1,1,1,-1,1,1,1,1,1,1,-1,-1,1,1,1,1,-1,-1,-1,1,1,1,1,1,-1,-1,1,1,1,1,-1,-1,-1,1,1,1,1,1,-1,-1,1,1,1,1,1,-1,-1,-1,1,1,1,1,-1,-1,-1,1,1,1,1,1,-1,1,1,1,1,1,-1,-1,-1,1,1,1,1,1,-1,1,1,1,1,1,-1,-1,1,1,1,1,-1,1,-1,1,1,1,1,1,-1,-1,-1,1,1,1,1,1,-1,-1,1,-1,1,1,1,-1,-1,1,1,1,1,1,-1,1,1,-1,1,1,1,-1,1,1,1,1,1,1,1,-1,1,-1,1,1,1,-1,-1,1,1,1,1,1,-1,-1,1,-1,-1,1,1,1,-1,1,1,-1,1,1,-1,1,1,-1,1,1,1,-1,-1,1,-1,1,-1,1,1,1,1,-1,1,-1,1,1,1,1,-1,1,-1,1,1,1,1,-1,-1,1,1,1,1,1,1,-1,1,1,-1,-1,1,1,-1,-1,1,1,1,1,-1,1,-1,1,1,1,-1,1,-1,-1,1,1,1,1,-1,1,-1,1,-1,1,1,1,1,-1,1,1,1,1,1,-1,-1,1,1,1,1,1,1,1,1,1,1,1,1,-1,1,1,1,-1,1,1,-1,1,1,1,1,1,1,1,-1,1,-1,1,1,1,1,-1,1,1,1,1,1,1,-1,1,1,-1,1,1,-1,-1,1,1,1,-1,1,1,-1,-1,1,-1,1,1,1,1,-1,1,1,-1,1,1,-1,1,1,-1,-1,-1,-1,-1,-1,1,-1,1,1,-1,-1,1,-1,-1,1,1,1,-1,1,-1,1,1,1,-1,-1,1,1,1,-1,1,-1,-1,-1,1,-1,1,-1,-1,1,1,1,-1,-1,-1,-1,1,1,1,-1,1,-1,-1,1,1,1,1,1,-1,-1,1,-1,1,-1,1,-1,-1,-1,1,1,1,1,-1,-1,1,-1,1,1,-1,-1,-1,-1,1,-1,1,1,-1,-1,1,-1,1,1,-1,-1,-1,-1,1,1,-1,1,-1,-1,1,1,1,-1,-1,1,-1,1,1,1,-1,-1,1,1,-1,1,1,1,-1,1,-1,1,-1,1,-1,-1,-1,1,-1,1,1,-1,1,-1,1,-1,-1,1,-1,-1,-1,1,-1,-1,1,-1,-1,-1,1,-1,-1,1,-1,-1,-1,-1,1,-1,1,-1,-1,1,-1,1,-1,-1,1,1,1,-1,1,-1,1,1,1,-1,1,-1,1,1,-1,-1,1,1,1,-1,1,-1,1,-1,1,1,1,-1,-1,-1,1,-1,1,1,1,-1,-1,-1,1,1,-1,1,-1,-1,-1,1,1,-1,1,-1,-1,1,1,1,-1,1,-1,-1,-1,-1,1,1,1,-1,1,-1,-1,1,-1,1,-1,-1,1,-1,1,-1,1,1,-1,-1,-1,-1,-1,1,1,-1,-1,-1,-1,-1,1,1,-1,-1,-1,1,1,1,-1,-1,-1,-1,1,1,1,-1,1,-1,1,-1,1,1,1,-1,-1,-1,-1,-1,1,-1,1,-1,-1,1,-1,1,1,-1,1,-1,-1,1,1,1,-1,1,-1,-1,-1,1,1,-1,-1,-1,-1,-1,1,1,-1,1,-1,-1,-1,1,1,-1,-1,1,-1,-1,1,1,-1,-1,-1,-1,-1,1,1,-1,-1,1,1,-1,-1,-1,1,-1,1,1,-1,1,-1,-1,1,1,-1,-1,1,1,-1,1,-1,1,-1,1,-1,-1,1,-1,1,-1,1,1,-1,1,1,1,-1,-1,1,-1,1,-1,1,-1,-1,1,-1,1,1,1,-1,-1,-1,1,1,1,1,-1,-1,1,-1,-1,1,1,-1,-1,-1,-1,1,-1,1,-1,-1,1,1,-1,1,1,-1,-1,1,-1,-1,1,1,-1,-1,-1,-1,1,-1,1,-1,-1,-1,-1,1,-1,-1,-1,1,-1,-1,1,-1,1,-1,-1,-1,-1,-1,-1,1,1,-1,-1,-1,1,1,1,-1,-1,-1,1,-1,-1,1,-1,-1,-1,-1,1,1,1,-1,-1,-1,-1,1,-1,1,1,-1,1,-1,-1,1,1,-1,-1,-1,-1,-1,-1,1,1,-1,-1,1,-1,1,1,-1,-1,-1,1,-1,1,1,-1,-1,1,-1,-1,1,1,1,-1,1,-1,1,1,1,-1,-1,1,-1,-1,1,1,-1,-1,1,-1,-1,1,1,-1,1,1,-1,-1,1,1,-1,-1,1,-1,-1,1,-1,-1,-1,1,-1,-1,1,1,1,-1,-1,1,-1,1,1,-1,-1,1,-1,-1,1,-1,1,-1,-1,1,-1,-1,1,1,-1,-1,1,-1,1,1,1,-1,-1,1,-1,1,1,1,-1,-1,1,-1,1,-1,-1,-1,1,-1,1,1,1,-1,-1,1,-1,1,-1,1,-1,-1,-1,-1,1,1,1,-1,-1,1,-1,-1,1,-1,1,-1,1,1,-1,1,-1,1,-1,-1,-1,-1,1,1,1,-1,-1,-1,1,1,-1,1,-1,-1,1,-1,1,-1,1,-1,1,-1,-1,1,-1,1,-1,-1,1,1,1,1,1,-1,-1,-1,1,-1,1,1,1,-1,1,-1,-1,1,1,-1,-1,1,-1,1,-1,1,-1,-1,1,1,1,1,1,-1,-1,-1,1,-1,-1,-1,-1,-1,1,-1,1,1,1,-1,1,1,1,-1,1,1,-1,-1,1,1,1,1,1,-1,-1,1,1,1,1,1,-1,-1,-1,1,-1,1,1,-1,-1,1,1,1,-1,1,1,-1,1,1,1,1,1,-1,-1,-1,1,-1,1,-1,1,-1,1,-1,1,1,-2642.0,1,2000,445,1000,True
2888,-1,-1,1,1,1,1,-1,1,-1,-1,-1,1,-1,-1,-1,-1,1,-1,1,-1,-1,-1,-1,-1,-1,1,-1,-1,-1,-1,-1,-1,1,-1,-1,-1,1,-1,-1,1,-1,-1,-1,-1,-1,-1,1,1,-1,1,-1,-1,1,1,-1,1,-1,1,-1,-1,1,1,-1,1,-1,-1,-1,1,1,-1,1,1,-1,-1,1,1,1,-1,1,-1,-1,-1,1,-1,1,-1,-1,1,1,1,1,-1,-1,-1,-1,1,-1,1,1,1,-1,-1,1,1,-1,1,-1,-1,-1,1,1,1,1,1,-1,-1,1,1,1,1,-1,-1,-1,1,1,1,1,-1,1,-1,1,1,-1,1,-1,-1,-1,1,1,-1,1,-1,1,-1,-1,1,1,1,1,-1,-1,1,1,1,-1,1,-1,-1,-1,1,-1,-1,1,-1,1,-1,1,-1,1,-1,1,-1,1,1,-1,1,-1,-1,1,1,-1,1,-1,1,-1,-1,1,-1,-1,1,-1,1,-1,1,-1,-1,-1,1,-1,-1,1,-1,-1,-1,1,1,1,1,1,-1,1,-1,1,1,-1,-1,-1,-1,1,1,-1,1,1,-1,-1,-1,1,-1,1,1,-1,-1,-1,1,-1,1,1,-1,-1,1,1,-1,1,-1,-1,-1,1,1,1,-1,1,-1,-1,1,-1,-1,1,-1,-1,-1,1,1,-1,-1,1,-1,-1,1,1,-1,-1,1,-1,-1,1,1,1,-1,1,-1,1,1,1,-1,-1,1,-1,1,1,1,-1,-1,1,-1,1,-1,1,-1,1,1,1,1,1,1,1,-1,1,-1,1,1,1,1,-1,1,1,1,1,1,1,-1,-1,1,1,-1,1,1,1,-1,1,1,1,1,1,1,1,1,1,1,1,1,-1,1,-1,1,1,1,1,-1,-1,1,1,1,1,-1,1,1,-1,1,1,1,1,1,-1,1,1,1,1,1,1,-1,1,-1,1,1,1,1,-1,1,-1,1,1,1,1,-1,1,-1,1,-1,-1,1,-1,1,1,-1,1,1,1,1,-1,1,-1,1,-1,1,-1,1,-1,-1,1,-1,-1,-1,1,1,-1,1,-1,1,-1,1,-1,1,-1,1,1,1,1,-1,1,-1,1,1,-1,1,-1,-1,-1,-1,1,1,-1,1,-1,-1,1,-1,1,-1,-1,-1,1,-1,-1,1,-1,1,-1,1,-1,1,1,-1,-1,-1,1,1,-1,1,-1,1,-1,-1,1,-1,1,-1,-1,-1,-1,1,-1,-1,1,1,-1,-1,1,-1,1,1,-1,1,-1,1,-1,1,-1,1,-1,1,1,-1,-1,-1,-1,-1,1,1,-1,1,-1,1,-1,1,-1,1,1,1,1,-1,1,-1,-1,1,-1,-1,-1,1,-1,1,-1,1,1,-1,1,-1,-1,1,-1,-1,1,-1,1,-1,1,-1,1,-1,1,1,-1,-1,-1,1,-1,1,-1,-1,1,-1,1,1,1,1,-1,-1,1,1,-1,1,1,-1,-1,1,1,1,1,1,1,-1,1,1,1,-1,-1,1,1,-1,-1,1,-1,1,-1,1,-1,-1,1,1,-1,1,-1,-1,-1,1,1,-1,1,1,-1,1,-1,1,-1,1,1,-1,1,-1,1,-1,-1,-1,-1,1,-1,1,-1,-1,-1,-1,1,-1,1,-1,1,1,1,-1,-1,1,-1,1,1,-1,1,-1,1,-1,-1,1,-1,1,-1,-1,1,1,1,1,1,-1,-1,1,-1,1,-1,1,-1,1,-1,-1,1,-1,-1,-1,1,-1,1,1,-1,-1,-1,1,1,1,-1,1,1,-1,-1,-1,1,1,-1,1,-1,-1,1,1,1,1,1,1,1,-1,-1,1,1,-1,1,-1,-1,1,1,-1,1,1,-1,-1,-1,1,1,1,1,-1,-1,-1,1,1,1,1,1,-1,-1,-1,1,1,1,1,-1,-1,1,1,1,1,-1,-1,-1,1,1,1,-1,-1,1,-1,1,-1,1,1,-1,-1,-1,1,1,1,-1,-1,-1,-1,1,1,1,1,-1,-1,1,-1,-1,1,1,-1,-1,-1,1,-1,1,1,-1,-1,-1,1,-1,1,1,-1,-1,1,-1,1,1,1,1,-1,-1,-1,-1,1,1,-1,-1,1,-1,-1,1,1,1,-1,1,-1,-1,1,1,-1,-1,-1,1,-1,1,1,1,-1,-1,1,-1,1,1,-1,1,1,1,-1,1,1,1,-1,1,-1,-1,1,-1,1,-1,1,-1,1,1,1,1,-1,-1,-1,-1,-1,1,1,-1,1,1,-1,1,1,-1,1,-1,-1,-1,1,-1,1,-1,1,-1,1,1,1,1,-1,1,-1,1,-1,1,-1,1,-1,1,1,1,1,1,1,-1,-1,1,-1,1,1,1,-1,1,1,-1,-1,-1,1,-1,1,1,1,-1,1,1,-1,1,1,1,-1,1,-1,1,1,1,-1,1,1,-1,-1,1,1,-1,-1,1,-1,-1,1,1,-1,1,1,1,-1,1,1,-1,-1,-1,1,-1,1,1,-1,1,-1,1,-1,1,1,-1,-1,-1,1,-1,1,1,-1,-1,1,1,-1,1,-1,1,-1,-1,1,-1,-1,1,-1,-1,-1,1,-1,1,1,-1,-1,1,-1,1,1,1,1,-1,-1,1,1,-1,1,-1,-1,-1,-1,1,-1,1,-1,-1,-1,1,-1,1,1,-1,-1,-1,1,1,-1,1,-1,1,-1,1,-1,-1,1,1,-1,1,-1,1,-1,1,1,-1,1,-1,1,-1,1,1,-1,1,1,-1,-1,-1,1,-1,1,-1,1,-1,-1,1,-1,1,-1,1,-1,1,1,-1,-1,1,-1,-1,-1,1,-1,1,1,-1,1,1,1,1,1,-1,1,-1,1,-1,1,-1,1,1,-1,-1,-1,-1,1,-1,1,1,1,-1,1,1,1,-1,-1,-1,1,1,1,-1,1,1,1,1,-1,1,-1,-1,1,1,1,1,1,-1,-1,1,1,1,1,1,1,-1,1,1,1,1,1,1,-1,1,1,-1,-1,1,1,-1,1,1,1,1,1,1,-1,1,1,1,-1,1,1,1,-1,1,1,-1,1,1,-1,1,1,-2642.0,1,2000,445,500,True
2889,1,1,1,1,1,1,-1,-1,1,-1,-1,1,-1,1,1,1,1,-1,1,1,-1,-1,1,-1,-1,1,-1,-1,1,1,-1,-1,1,1,-1,-1,1,1,-1,-1,1,-1,-1,1,-1,-1,-1,1,-1,1,1,-1,1,-1,1,-1,1,-1,1,-1,-1,1,1,-1,1,1,-1,-1,-1,-1,-1,1,-1,-1,-1,-1,-1,-1,1,-1,-1,1,1,-1,1,-1,-1,-1,-1,1,-1,1,-1,1,-1,-1,-1,1,1,1,-1,-1,-1,-1,1,1,-1,-1,-1,-1,-1,1,1,-1,-1,-1,-1,-1,1,1,-1,-1,-1,-1,-1,1,1,-1,1,-1,-1,-1,-1,1,-1,1,-1,-1,-1,-1,1,-1,1,-1,-1,-1,1,1,1,-1,-1,-1,-1,-1,-1,1,-1,1,-1,-1,1,1,1,1,-1,-1,1,-1,-1,1,-1,-1,-1,-1,-1,1,-1,1,-1,-1,-1,1,-1,1,-1,-1,-1,-1,-1,1,1,1,-1,-1,1,-1,-1,1,1,-1,-1,1,-1,-1,1,1,-1,-1,-1,1,-1,1,1,-1,1,-1,1,-1,1,1,-1,1,-1,-1,-1,-1,1,1,-1,-1,1,-1,1,1,-1,1,-1,-1,-1,1,1,-1,1,1,-1,-1,-1,1,-1,-1,1,-1,-1,1,-1,1,1,1,-1,-1,1,1,-1,1,-1,-1,1,-1,-1,-1,1,-1,-1,-1,1,1,-1,1,-1,-1,-1,-1,1,1,1,-1,-1,1,-1,1,-1,1,1,-1,1,-1,-1,-1,-1,1,-1,1,-1,-1,-1,1,1,-1,1,1,-1,1,-1,1,-1,1,-1,-1,-1,1,1,-1,1,1,-1,-1,-1,1,-1,1,-1,1,-1,-1,-1,1,1,-1,-1,-1,1,1,-1,1,-1,-1,-1,-1,1,-1,1,-1,1,-1,1,1,-1,1,-1,-1,-1,-1,-1,1,1,-1,-1,-1,-1,-1,1,-1,-1,1,-1,-1,1,1,-1,-1,1,1,1,-1,1,-1,-1,1,1,-1,-1,1,1,-1,1,-1,-1,1,1,1,-1,1,-1,1,-1,1,-1,-1,1,1,-1,-1,1,1,-1,1,-1,1,-1,1,-1,1,1,1,1,1,1,-1,1,1,1,1,-1,1,-1,-1,1,-1,1,1,1,1,-1,1,1,1,1,1,-1,-1,1,-1,-1,1,-1,1,-1,-1,1,1,1,1,-1,-1,-1,-1,1,1,-1,1,-1,1,-1,1,1,1,-1,-1,-1,-1,1,1,1,1,-1,-1,1,1,1,1,-1,1,-1,1,1,-1,1,1,-1,-1,-1,-1,1,1,-1,-1,-1,1,1,1,-1,1,-1,-1,1,-1,1,-1,1,-1,-1,1,-1,1,-1,-1,-1,-1,1,-1,1,-1,1,-1,-1,1,1,1,-1,-1,1,-1,-1,-1,1,1,1,-1,1,-1,-1,1,-1,1,-1,-1,1,-1,1,-1,1,1,1,-1,1,-1,1,1,-1,1,-1,1,-1,1,1,1,-1,1,1,-1,1,1,1,1,1,1,1,-1,-1,-1,1,-1,1,1,-1,1,-1,1,-1,1,-1,-1,-1,1,1,-1,1,1,-1,-1,-1,1,-1,1,1,-1,1,-1,1,-1,-1,-1,-1,-1,-1,1,-1,-1,-1,-1,-1,-1,1,-1,1,1,1,1,-1,1,-1,1,1,-1,-1,-1,1,-1,-1,1,-1,1,-1,-1,1,1,1,1,-1,-1,1,1,1,1,-1,1,-1,-1,1,1,1,-1,-1,-1,1,1,1,1,-1,1,-1,1,-1,1,-1,1,1,-1,-1,1,1,1,-1,-1,-1,-1,1,1,1,1,-1,1,-1,1,1,1,1,-1,1,-1,1,-1,1,-1,-1,1,-1,1,-1,1,1,-1,1,-1,1,-1,1,1,-1,1,-1,1,1,-1,1,-1,1,-1,1,1,1,1,-1,1,-1,1,1,-1,1,-1,-1,-1,1,1,1,1,1,-1,-1,1,-1,1,1,1,-1,-1,1,-1,1,-1,-1,1,-1,1,-1,1,-1,1,-1,-1,1,-1,1,1,1,1,-1,1,-1,1,1,1,1,-1,1,-1,1,-1,-1,1,-1,1,1,1,1,1,-1,1,1,-1,1,1,1,1,-1,1,-1,1,1,1,1,-1,-1,1,-1,1,1,1,-1,1,1,-1,1,1,1,1,1,1,-1,1,1,1,1,1,-1,1,-1,1,1,1,1,-1,1,1,1,1,1,1,-1,1,1,-1,1,1,1,1,-1,1,1,1,1,-1,1,-1,1,1,-1,1,1,1,1,1,1,1,1,1,1,-1,-1,1,1,1,1,-1,1,-1,1,1,1,1,1,1,-1,-1,1,1,1,1,-1,-1,1,1,1,-1,1,-1,1,1,1,1,1,1,-1,-1,-1,1,1,1,1,-1,-1,1,1,1,1,-1,-1,1,1,1,-1,1,-1,-1,1,1,1,-1,1,-1,-1,1,1,1,-1,1,-1,1,1,1,1,1,-1,1,-1,-1,-1,1,1,-1,1,-1,1,-1,1,-1,-1,-1,1,-1,1,1,1,-1,1,-1,1,-1,1,1,-1,1,-1,1,-1,1,1,-1,1,1,1,-1,1,1,-1,1,-1,-1,1,1,1,-1,1,-1,1,1,1,-1,1,-1,1,1,1,1,1,-1,1,-1,-1,1,-1,1,-1,-1,-1,1,-1,1,-1,1,1,-1,1,-1,1,1,-1,1,-1,1,-1,1,1,1,-1,-1,-1,1,1,-1,1,1,-1,-1,-1,1,-1,1,-1,1,-1,-1,1,1,1,-1,-1,-1,1,1,1,1,-1,1,-1,1,1,-1,1,1,-1,1,1,1,1,1,-1,-1,-1,-1,1,1,-1,1,-1,1,1,-1,1,1,-1,1,-1,-1,1,1,1,-1,-1,1,1,-1,1,1,-1,1,1,1,1,1,1,-1,1,1,1,1,1,1,-1,-1,1,1,1,1,1,-1,1,1,1,1,-1,1,-1,1,1,1,-1,1,1,-1,-1,1,1,-1,1,1,-1,-1,1,1,-1,1,1,1,-1,1,-2642.0,1,2000,445,500,True
2890,-1,-1,1,1,1,1,-1,1,-1,-1,-1,1,-1,-1,-1,-1,1,-1,1,-1,-1,1,-1,-1,-1,1,-1,-1,1,-1,-1,-1,1,-1,-1,1,1,-1,-1,1,-1,-1,1,-1,-1,-1,1,1,-1,-1,1,-1,1,1,-1,1,-1,1,-1,-1,1,1,-1,1,-1,-1,-1,1,1,-1,1,-1,-1,-1,1,1,1,1,-1,-1,-1,-1,1,-1,-1,-1,-1,1,1,1,1,-1,-1,-1,-1,1,-1,1,-1,1,-1,-1,1,1,-1,-1,-1,-1,-1,1,1,1,-1,1,-1,-1,1,1,1,-1,-1,-1,-1,1,1,1,-1,-1,1,-1,1,1,-1,-1,-1,-1,-1,1,1,-1,-1,-1,-1,-1,-1,1,1,-1,-1,-1,-1,1,1,1,1,-1,1,-1,-1,1,-1,1,-1,-1,1,-1,1,-1,1,-1,1,-1,1,1,-1,-1,-1,-1,-1,1,-1,1,1,-1,-1,-1,1,-1,-1,-1,-1,1,-1,1,-1,-1,1,1,-1,-1,1,-1,-1,1,-1,1,1,1,1,-1,1,-1,1,1,-1,-1,-1,1,1,1,-1,1,1,-1,1,1,-1,-1,1,1,-1,1,1,1,-1,1,1,-1,1,1,1,-1,1,-1,-1,1,1,1,-1,-1,1,-1,1,1,-1,-1,1,-1,-1,1,1,1,-1,1,1,-1,1,-1,-1,-1,1,-1,1,1,-1,-1,-1,1,-1,1,1,-1,1,-1,1,1,-1,1,-1,1,-1,-1,1,-1,1,1,-1,-1,-1,1,1,1,-1,-1,-1,1,1,-1,1,1,1,-1,-1,1,1,1,-1,-1,-1,1,1,1,-1,1,-1,-1,-1,-1,1,1,-1,1,-1,-1,1,1,1,-1,-1,-1,-1,1,-1,1,-1,1,-1,-1,-1,1,1,-1,1,-1,1,1,-1,1,-1,-1,-1,-1,-1,1,1,-1,-1,-1,-1,-1,1,-1,-1,-1,-1,-1,-1,1,-1,-1,-1,1,1,1,1,-1,-1,1,1,-1,-1,1,1,-1,-1,1,-1,-1,-1,1,-1,-1,-1,1,-1,1,-1,1,-1,-1,-1,-1,1,1,-1,-1,1,1,-1,1,1,-1,-1,1,1,-1,1,1,-1,-1,1,-1,1,1,-1,-1,-1,-1,1,-1,-1,1,-1,-1,1,-1,-1,1,-1,-1,-1,1,-1,1,-1,-1,-1,-1,1,-1,-1,1,1,1,1,1,-1,1,-1,1,-1,-1,1,-1,-1,-1,1,1,-1,1,-1,-1,1,1,-1,-1,-1,-1,1,-1,1,-1,-1,1,-1,-1,1,1,-1,-1,1,-1,-1,-1,-1,1,1,1,-1,-1,1,-1,-1,1,-1,1,-1,1,-1,1,1,-1,-1,-1,-1,-1,-1,1,-1,1,-1,1,-1,-1,1,-1,-1,1,-1,-1,-1,1,1,-1,1,-1,-1,-1,1,1,-1,-1,-1,1,-1,1,-1,-1,1,-1,-1,1,1,1,-1,-1,-1,-1,1,1,1,-1,-1,1,-1,-1,1,1,1,-1,1,-1,1,1,-1,-1,1,-1,1,1,-1,1,-1,-1,1,-1,1,-1,-1,1,-1,1,1,-1,-1,-1,1,1,1,1,1,-1,-1,1,-1,1,-1,1,-1,-1,-1,1,1,1,1,-1,-1,-1,-1,1,1,1,-1,-1,1,1,1,-1,1,-1,-1,-1,1,1,1,1,-1,-1,-1,-1,1,-1,1,1,-1,1,-1,1,1,1,-1,1,1,-1,1,1,1,1,-1,1,-1,1,1,1,-1,1,1,1,-1,1,1,-1,-1,1,1,1,-1,1,-1,1,1,1,-1,1,1,1,1,1,1,1,1,1,1,1,1,1,-1,1,1,-1,1,1,1,1,1,1,1,1,1,1,-1,1,1,-1,1,1,1,1,1,1,1,-1,1,-1,1,1,1,1,1,1,1,1,1,1,-1,1,1,1,-1,1,-1,-1,1,1,1,-1,1,1,-1,1,1,-1,1,1,1,1,1,1,1,-1,1,1,-1,1,1,-1,-1,1,1,-1,1,1,1,-1,1,1,-1,1,1,1,-1,1,1,-1,1,1,1,-1,1,1,1,1,1,1,-1,1,1,-1,-1,1,-1,-1,1,1,1,1,-1,1,-1,1,1,-1,1,1,1,-1,1,1,1,1,1,1,-1,1,1,-1,1,1,1,-1,1,1,1,1,1,-1,-1,1,-1,1,1,-1,-1,1,1,1,1,1,-1,-1,-1,-1,1,1,1,-1,1,-1,1,1,-1,1,-1,-1,-1,1,-1,1,1,1,1,1,1,1,1,1,1,-1,1,-1,1,-1,1,-1,1,1,1,1,1,1,1,-1,1,-1,1,1,1,1,-1,1,-1,-1,1,-1,1,1,1,1,-1,1,1,1,1,1,1,-1,1,1,1,1,1,-1,1,-1,1,-1,1,1,-1,-1,-1,1,-1,1,1,-1,1,-1,1,-1,1,1,-1,-1,-1,1,-1,1,1,-1,1,-1,1,1,1,1,-1,-1,-1,-1,1,1,1,-1,-1,1,1,1,1,-1,-1,-1,-1,-1,1,1,1,-1,-1,1,-1,1,1,1,-1,-1,1,-1,1,1,1,1,-1,-1,-1,1,-1,1,-1,-1,-1,-1,1,-1,1,-1,-1,-1,1,1,1,1,-1,-1,1,1,-1,1,1,-1,1,-1,1,1,1,1,1,-1,1,1,1,1,1,1,-1,1,-1,1,-1,1,1,-1,1,1,-1,1,1,1,-1,1,-1,1,1,-1,1,-1,1,-1,1,1,-1,1,-1,-1,1,-1,-1,1,1,-1,1,1,-1,-1,1,1,1,1,-1,1,1,1,-1,1,1,-1,1,1,1,-1,-1,1,-1,-1,1,1,-1,1,1,1,-1,-1,-1,1,1,1,-1,-1,1,1,1,-1,1,-1,-1,-1,1,1,1,1,-1,-1,1,1,1,1,1,1,-1,1,1,1,1,1,1,-1,1,1,-1,-1,1,-1,-1,1,-1,1,1,1,1,-1,-1,1,1,-1,1,-1,1,-1,1,1,-1,1,1,-1,1,1,-2642.0,1,2000,445,500,True
2891,-1,-1,1,1,1,1,-1,1,-1,-1,-1,1,-1,1,-1,-1,1,-1,1,1,-1,1,-1,-1,-1,1,-1,-1,-1,-1,-1,-1,1,1,-1,1,1,-1,-1,-1,1,-1,1,-1,-1,-1,-1,1,-1,-1,-1,-1,1,-1,1,-1,-1,1,-1,-1,-1,1,1,1,-1,-1,-1,-1,-1,-1,1,-1,-1,-1,-1,-1,-1,1,-1,-1,-1,1,1,-1,-1,-1,-1,1,-1,1,-1,-1,-1,-1,-1,-1,-1,1,-1,1,-1,-1,-1,-1,1,-1,-1,-1,-1,-1,-1,1,-1,-1,-1,-1,-1,-1,1,-1,-1,-1,-1,-1,-1,1,-1,-1,1,-1,-1,-1,-1,-1,-1,-1,-1,-1,-1,-1,-1,-1,-1,-1,-1,-1,1,-1,-1,-1,-1,-1,-1,-1,1,-1,1,-1,-1,-1,-1,1,-1,-1,-1,-1,1,-1,1,-1,-1,-1,-1,-1,-1,-1,-1,-1,-1,-1,-1,1,1,-1,-1,-1,-1,-1,-1,-1,-1,1,-1,-1,-1,-1,-1,1,-1,-1,-1,1,-1,1,-1,1,-1,-1,-1,-1,1,-1,1,-1,1,-1,-1,1,1,1,-1,1,-1,-1,1,1,-1,-1,-1,-1,-1,1,1,1,-1,1,-1,-1,1,1,1,-1,1,1,-1,1,1,1,-1,-1,1,-1,1,-1,-1,-1,1,-1,-1,1,1,1,-1,1,-1,-1,1,-1,-1,-1,1,-1,1,1,-1,-1,-1,1,-1,1,1,-1,1,1,1,-1,-1,1,-1,1,-1,1,1,-1,1,1,-1,-1,-1,1,1,1,-1,-1,-1,1,1,-1,1,1,1,-1,-1,1,1,1,-1,-1,-1,1,1,1,1,1,-1,-1,-1,1,1,1,-1,-1,-1,-1,-1,1,1,-1,-1,-1,1,1,-1,1,-1,1,-1,-1,1,1,1,-1,1,-1,1,1,-1,1,-1,-1,-1,-1,-1,1,1,-1,-1,-1,-1,-1,1,-1,-1,-1,-1,-1,1,1,-1,-1,1,-1,-1,1,1,-1,-1,1,1,-1,-1,1,1,-1,1,-1,-1,-1,-1,1,-1,-1,-1,-1,-1,1,-1,-1,1,1,1,1,1,1,-1,1,-1,1,-1,1,-1,1,-1,-1,1,-1,1,-1,1,1,-1,-1,1,1,-1,-1,-1,1,1,1,1,1,-1,1,-1,1,-1,1,-1,-1,1,-1,1,1,-1,1,-1,1,-1,1,-1,1,-1,-1,1,1,1,1,-1,1,-1,-1,1,1,1,1,-1,-1,-1,1,1,1,1,1,-1,-1,1,1,1,1,-1,1,-1,1,1,-1,1,1,-1,1,1,1,1,1,-1,-1,1,1,1,1,-1,1,-1,1,1,-1,1,-1,1,-1,1,1,-1,1,1,-1,-1,1,1,-1,1,-1,1,-1,-1,1,1,1,1,-1,1,-1,1,-1,1,1,1,-1,1,1,1,-1,1,1,-1,-1,1,-1,-1,1,1,1,-1,1,1,-1,-1,1,-1,-1,1,1,-1,1,1,1,1,1,1,-1,1,1,1,-1,1,1,1,1,1,1,-1,1,-1,1,-1,-1,1,-1,-1,1,-1,-1,1,-1,-1,-1,1,1,-1,1,1,-1,-1,1,1,-1,-1,1,-1,-1,-1,-1,-1,1,1,-1,-1,-1,-1,-1,1,1,-1,-1,1,1,1,-1,1,-1,-1,1,1,-1,1,1,-1,-1,-1,1,-1,-1,1,1,-1,1,1,1,1,1,-1,1,1,1,-1,1,1,1,-1,1,1,-1,1,1,-1,1,1,1,-1,1,1,-1,-1,1,-1,1,1,1,-1,1,1,1,-1,1,1,1,1,1,1,1,1,1,1,1,1,1,1,1,1,-1,1,-1,1,-1,1,1,1,1,1,1,1,1,1,-1,1,-1,1,1,1,1,1,-1,1,-1,1,1,1,1,1,1,1,1,1,1,-1,1,1,-1,1,1,-1,-1,1,1,-1,1,1,1,-1,1,-1,1,1,1,1,1,1,-1,1,1,1,1,-1,1,1,-1,1,1,1,-1,1,-1,1,1,1,1,-1,1,-1,1,1,1,1,-1,1,-1,-1,1,1,1,1,1,1,-1,-1,1,1,-1,-1,1,-1,1,1,1,1,1,-1,1,-1,1,1,-1,1,1,-1,1,1,1,-1,1,1,-1,-1,1,1,1,1,1,-1,-1,1,1,1,1,1,-1,-1,1,1,1,1,1,-1,1,1,1,1,1,1,-1,-1,1,1,1,1,1,-1,-1,1,1,1,-1,1,-1,-1,1,1,1,1,1,-1,-1,1,1,1,1,-1,1,-1,1,1,1,1,1,-1,-1,1,1,1,1,1,1,-1,-1,1,1,1,1,-1,-1,1,1,1,-1,1,-1,1,1,1,1,1,1,-1,-1,-1,1,1,1,-1,1,1,1,1,1,1,1,-1,-1,1,1,-1,1,-1,1,1,1,1,-1,1,1,-1,-1,1,1,-1,1,1,-1,1,1,1,1,-1,1,-1,-1,-1,1,1,-1,1,-1,1,-1,1,-1,-1,1,-1,-1,-1,1,1,-1,1,-1,1,-1,1,1,-1,1,-1,-1,-1,1,1,-1,1,1,1,-1,1,1,-1,1,-1,1,1,1,1,-1,1,-1,1,1,1,-1,1,1,1,1,1,1,1,-1,-1,-1,1,1,-1,1,-1,1,-1,1,-1,1,-1,1,1,-1,1,-1,1,1,-1,1,-1,1,-1,1,1,1,-1,-1,1,1,1,1,-1,1,-1,-1,-1,1,-1,1,1,1,-1,-1,1,1,1,-1,-1,-1,1,1,1,1,-1,-1,-1,1,1,1,-1,1,1,-1,1,1,1,-1,1,-1,-1,-1,1,1,-1,-1,-1,1,1,-1,1,1,-1,1,-1,-1,1,1,-1,-1,-1,1,1,-1,1,-1,-1,1,-1,1,1,1,-1,-1,1,1,1,1,1,1,-1,-1,-1,1,1,1,1,-1,1,-1,1,1,1,-1,-1,1,1,1,-1,1,1,-1,-1,-1,1,-1,1,-1,1,-1,1,1,-1,1,1,-1,-1,1,-2642.0,1,2000,445,500,True
2892,1,1,-1,-1,1,-1,1,1,1,1,1,-1,1,1,1,1,-1,1,-1,-1,1,1,1,1,1,-1,1,1,1,1,1,1,1,-1,1,1,-1,1,1,1,-1,1,1,1,1,1,1,-1,1,-1,1,1,-1,1,-1,-1,1,-1,1,1,1,-1,-1,-1,1,1,1,1,-1,1,1,-1,1,1,1,1,1,1,-1,1,1,-1,-1,1,-1,1,1,1,1,-1,1,1,-1,1,1,1,1,-1,-1,-1,1,1,1,1,-1,-1,-1,1,1,1,1,1,-1,-1,1,1,1,1,-1,-1,-1,1,1,1,1,1,-1,-1,1,1,1,1,-1,-1,-1,1,1,1,1,-1,-1,-1,-1,1,1,1,-1,-1,-1,-1,1,1,1,-1,1,-1,-1,1,1,1,-1,-1,-1,-1,1,1,1,-1,1,-1,1,1,1,1,-1,-1,-1,1,1,1,-1,1,1,-1,1,1,1,1,-1,-1,-1,-1,1,1,-1,-1,1,-1,-1,1,-1,1,-1,1,-1,-1,1,1,1,-1,1,-1,1,1,-1,1,-1,1,-1,1,1,1,1,1,1,1,-1,1,-1,1,-1,1,-1,-1,1,1,1,1,1,-1,-1,1,-1,-1,1,1,1,-1,1,1,-1,1,1,-1,1,1,-1,-1,1,1,-1,-1,1,-1,1,1,1,1,1,1,-1,1,1,1,1,1,1,-1,1,1,1,1,1,1,-1,-1,1,1,1,1,1,1,-1,1,1,-1,-1,1,1,-1,1,1,1,1,1,-1,1,1,1,1,1,-1,1,1,1,1,1,1,1,-1,-1,1,1,-1,1,1,1,-1,1,1,1,1,1,1,1,1,1,1,1,1,1,1,-1,1,1,1,1,1,-1,-1,1,1,-1,1,1,1,1,1,1,1,1,1,-1,-1,1,-1,1,1,1,-1,-1,1,1,1,1,1,-1,-1,1,1,-1,1,1,-1,-1,1,1,1,-1,1,-1,1,-1,1,-1,1,1,1,-1,-1,1,1,-1,1,-1,1,1,1,-1,-1,-1,-1,1,1,1,-1,1,1,-1,1,1,-1,-1,1,1,-1,1,1,-1,1,1,1,1,-1,1,1,-1,-1,1,1,1,-1,1,-1,1,-1,-1,1,1,1,-1,1,-1,1,1,1,1,1,-1,1,-1,1,1,1,1,1,-1,-1,1,-1,1,-1,1,-1,-1,-1,1,1,1,1,-1,-1,1,-1,1,1,1,-1,1,-1,1,-1,1,1,-1,-1,1,-1,1,1,1,1,-1,-1,1,1,1,1,-1,-1,1,1,1,1,-1,1,-1,1,-1,1,1,-1,-1,-1,-1,1,1,1,-1,1,-1,1,-1,1,1,-1,-1,1,-1,1,1,1,1,-1,-1,-1,-1,-1,1,1,-1,-1,1,1,-1,1,-1,-1,-1,-1,-1,1,-1,1,-1,-1,-1,-1,1,-1,1,-1,-1,-1,-1,-1,1,1,1,-1,-1,-1,1,-1,1,-1,1,1,1,1,-1,-1,1,1,1,-1,1,-1,1,-1,1,1,1,-1,-1,-1,-1,-1,1,-1,1,-1,-1,-1,1,1,-1,1,-1,-1,-1,1,1,-1,1,-1,-1,1,1,1,-1,1,-1,-1,-1,-1,1,1,1,-1,1,-1,-1,1,-1,1,-1,-1,1,-1,1,-1,1,1,-1,-1,-1,-1,-1,1,1,-1,-1,-1,1,-1,1,1,-1,-1,-1,-1,1,1,-1,-1,-1,-1,-1,1,1,-1,1,-1,1,1,1,1,1,-1,-1,-1,-1,-1,1,-1,1,-1,-1,1,-1,1,1,-1,1,-1,-1,1,1,1,-1,1,-1,1,-1,1,1,-1,-1,-1,1,-1,1,1,-1,1,-1,-1,-1,1,1,-1,-1,1,-1,-1,1,1,-1,-1,-1,-1,-1,1,1,-1,-1,1,-1,-1,1,-1,1,-1,1,-1,-1,1,-1,-1,1,-1,1,-1,1,1,-1,1,-1,1,-1,1,-1,-1,1,-1,1,-1,1,1,-1,1,-1,-1,-1,-1,1,-1,1,-1,1,-1,-1,1,-1,1,-1,1,-1,-1,-1,-1,1,-1,-1,-1,-1,1,-1,-1,-1,-1,-1,-1,-1,-1,1,-1,-1,-1,-1,1,1,-1,1,-1,-1,-1,1,-1,-1,1,-1,-1,-1,-1,-1,1,1,-1,-1,-1,-1,-1,1,-1,-1,-1,1,-1,-1,1,-1,1,-1,-1,-1,-1,-1,-1,-1,1,-1,-1,-1,1,1,1,-1,-1,-1,1,-1,-1,-1,-1,-1,-1,-1,1,-1,1,-1,-1,-1,-1,1,1,1,1,-1,1,-1,-1,-1,1,-1,-1,-1,-1,-1,-1,1,1,-1,-1,1,-1,1,1,-1,-1,-1,1,-1,1,1,-1,-1,1,-1,-1,1,1,1,-1,1,-1,1,1,1,-1,-1,1,-1,-1,1,1,-1,-1,1,-1,-1,1,1,-1,1,1,-1,-1,1,1,-1,-1,1,-1,-1,1,1,1,-1,1,-1,-1,1,1,-1,-1,-1,1,-1,1,1,1,-1,1,1,-1,1,-1,1,-1,-1,1,-1,-1,1,-1,-1,-1,1,-1,1,1,1,-1,-1,1,-1,1,1,1,-1,-1,1,1,-1,1,1,-1,1,-1,1,-1,1,1,-1,1,-1,1,-1,1,-1,-1,1,1,-1,1,1,-1,1,-1,1,1,1,1,1,-1,1,1,1,1,1,1,-1,-1,-1,1,-1,1,1,-1,-1,1,-1,1,1,-1,-1,1,-1,1,1,1,1,-1,1,-1,1,-1,1,1,-1,-1,1,-1,-1,1,-1,1,-1,-1,-1,-1,1,-1,-1,1,-1,1,1,1,-1,1,-1,-1,1,1,1,1,1,-1,-1,-1,1,-1,-1,1,-1,1,-1,-1,1,1,1,-1,1,-1,1,-1,-1,1,-1,-1,1,-1,1,1,1,1,-1,1,-1,-1,-1,1,-1,-1,1,1,1,-1,1,1,1,1,-1,1,1,1,1,-1,1,-1,1,-1,1,1,-1,1,1,1,-1,1,1,-1,-1,1,1,1,-1,1,-1,1,-1,1,-2642.0,1,2000,445,1000,True
2893,-1,-1,1,1,1,1,-1,1,-1,-1,-1,1,-1,1,-1,-1,1,-1,1,1,1,1,-1,-1,-1,1,-1,-1,1,-1,-1,-1,1,1,-1,1,1,-1,-1,-1,1,-1,1,-1,-1,-1,1,1,-1,-1,-1,-1,1,1,1,-1,-1,1,-1,-1,1,1,1,1,-1,-1,-1,1,1,-1,1,-1,-1,-1,1,-1,1,1,-1,-1,-1,1,1,-1,-1,-1,-1,1,1,1,-1,-1,-1,-1,1,1,-1,1,-1,1,-1,1,1,-1,1,-1,-1,-1,1,1,-1,-1,-1,-1,-1,1,1,-1,1,-1,-1,-1,-1,1,-1,-1,-1,-1,-1,1,1,-1,1,-1,-1,1,1,1,-1,1,-1,-1,1,-1,1,-1,1,-1,-1,-1,-1,1,-1,1,1,-1,1,1,1,-1,1,1,-1,-1,1,-1,-1,1,1,-1,1,-1,1,-1,1,-1,-1,-1,1,1,1,-1,1,-1,1,-1,1,1,1,-1,-1,1,-1,1,1,1,1,-1,1,-1,-1,1,1,1,-1,1,1,1,-1,1,1,-1,1,1,-1,1,1,1,-1,1,-1,1,1,1,1,1,-1,1,-1,1,1,1,1,1,-1,1,1,1,1,-1,1,-1,-1,1,1,1,1,1,-1,-1,1,1,1,-1,-1,-1,1,1,-1,1,-1,1,-1,1,1,1,1,1,-1,-1,1,1,-1,1,1,-1,-1,1,1,-1,1,1,1,-1,-1,1,1,1,1,1,-1,1,1,1,1,1,-1,-1,-1,1,-1,1,1,-1,-1,1,1,-1,1,-1,1,-1,1,1,1,1,1,1,-1,1,1,-1,1,-1,1,-1,-1,1,-1,1,1,1,-1,-1,1,1,1,1,-1,-1,1,-1,-1,1,1,-1,-1,1,-1,1,1,1,1,-1,1,1,-1,1,1,-1,-1,1,-1,1,1,1,1,-1,1,-1,1,1,1,1,-1,-1,1,1,1,1,1,1,1,-1,1,1,1,-1,1,1,-1,1,-1,1,-1,1,-1,1,-1,-1,1,1,-1,1,-1,1,1,-1,-1,-1,-1,-1,1,1,1,-1,1,1,-1,1,1,-1,-1,1,1,1,1,1,-1,-1,1,1,-1,1,1,-1,-1,-1,1,1,1,-1,-1,-1,1,1,1,1,1,1,-1,1,-1,1,-1,1,-1,-1,1,1,1,1,1,-1,1,1,-1,1,-1,-1,1,-1,1,-1,1,1,-1,-1,-1,1,-1,-1,1,-1,1,-1,-1,-1,1,1,1,1,-1,1,-1,-1,1,-1,1,-1,1,-1,1,1,1,1,1,1,-1,1,-1,1,-1,1,-1,1,1,-1,1,-1,1,-1,-1,1,-1,1,-1,1,-1,-1,1,1,-1,1,1,-1,-1,1,-1,1,1,-1,1,-1,1,-1,-1,-1,1,1,-1,1,-1,1,-1,1,-1,-1,1,-1,-1,1,1,1,-1,-1,1,-1,1,1,1,-1,1,1,-1,-1,-1,1,1,-1,1,-1,1,1,1,-1,1,-1,1,1,-1,-1,1,1,1,-1,1,-1,1,-1,1,1,1,-1,-1,-1,1,-1,1,1,1,-1,-1,-1,1,1,-1,1,-1,-1,-1,1,1,1,1,-1,-1,1,1,1,1,1,-1,-1,-1,-1,1,-1,1,-1,1,-1,-1,1,1,1,-1,1,1,1,-1,-1,1,1,-1,-1,-1,-1,1,1,1,-1,-1,1,-1,1,1,1,-1,-1,1,-1,1,1,-1,-1,-1,-1,-1,1,1,-1,1,-1,-1,1,1,1,1,-1,1,-1,-1,1,1,1,-1,1,-1,1,1,1,1,-1,-1,1,1,1,1,1,-1,1,1,-1,1,1,1,-1,-1,1,1,1,-1,1,-1,-1,1,1,1,1,1,-1,-1,1,1,1,1,1,-1,-1,1,1,1,1,-1,1,-1,1,-1,1,-1,-1,1,-1,1,-1,1,1,-1,-1,1,-1,1,1,-1,-1,-1,1,1,-1,1,1,-1,1,1,-1,-1,1,-1,1,-1,1,1,1,1,1,-1,1,-1,1,-1,1,1,-1,-1,1,1,-1,1,1,-1,1,-1,1,-1,1,1,-1,-1,1,-1,-1,1,1,-1,1,-1,1,-1,1,1,-1,1,-1,1,-1,1,1,-1,1,1,1,-1,1,1,-1,1,1,1,-1,1,-1,1,1,1,-1,-1,1,-1,1,1,-1,-1,1,1,1,1,1,-1,-1,-1,1,-1,1,1,-1,1,-1,1,-1,1,1,-1,-1,-1,1,-1,1,1,1,1,1,1,1,1,1,1,-1,1,1,-1,1,1,-1,1,1,1,-1,1,1,1,-1,1,-1,-1,1,-1,1,-1,1,-1,-1,-1,1,1,-1,1,1,-1,1,1,1,1,1,1,-1,1,1,1,1,1,-1,1,1,1,-1,1,1,-1,-1,-1,1,-1,1,1,-1,1,1,-1,-1,1,1,-1,-1,1,-1,-1,1,1,-1,-1,1,-1,-1,1,1,-1,-1,-1,-1,-1,-1,1,-1,-1,1,-1,-1,1,-1,-1,-1,1,-1,-1,-1,1,-1,1,-1,-1,-1,1,-1,-1,1,-1,-1,-1,1,1,-1,1,-1,-1,1,-1,-1,-1,1,-1,-1,1,-1,1,-1,1,-1,1,-1,1,-1,1,1,-1,-1,1,-1,-1,1,-1,-1,1,-1,-1,1,-1,1,-1,-1,1,-1,-1,-1,1,-1,-1,1,-1,1,-1,1,-1,1,-1,-1,-1,1,1,-1,-1,1,-1,-1,-1,1,-1,-1,1,-1,-1,-1,1,1,-1,-1,-1,-1,1,-1,-1,-1,-1,1,-1,1,1,-1,1,1,-1,1,1,-1,-1,1,-1,-1,-1,-1,1,-1,1,1,-1,1,1,-1,-1,1,-1,1,-1,-1,-1,-1,1,-1,-1,1,1,-1,1,1,-1,1,1,-1,-1,-1,1,-1,1,1,1,-1,-1,1,-1,-1,1,1,-1,1,1,-1,1,1,1,-1,-1,1,-1,1,1,1,1,-1,1,-1,-1,1,1,-1,-1,1,1,-1,1,-1,1,-1,1,-1,-1,1,-2642.0,1,2000,445,500,True
2894,1,1,-1,-1,1,-1,1,1,1,1,1,-1,1,1,1,1,-1,1,-1,-1,1,1,1,1,1,-1,1,1,1,1,1,1,-1,-1,1,1,-1,1,1,1,-1,1,1,1,1,1,1,-1,1,-1,1,1,1,1,-1,1,-1,-1,1,1,1,-1,-1,1,1,1,1,1,-1,1,1,-1,1,1,1,-1,1,1,-1,1,1,-1,-1,1,-1,1,1,1,-1,-1,1,-1,-1,1,1,-1,1,-1,-1,1,1,1,-1,1,-1,-1,-1,1,1,1,1,1,-1,-1,1,1,-1,1,-1,-1,-1,1,1,1,-1,1,-1,-1,1,1,1,1,-1,-1,-1,1,1,1,1,-1,-1,-1,-1,1,-1,1,-1,-1,-1,-1,1,1,1,-1,1,-1,-1,-1,-1,1,-1,1,-1,-1,1,-1,1,-1,1,-1,-1,-1,1,1,-1,-1,-1,1,-1,1,1,1,1,-1,-1,-1,1,1,-1,-1,-1,-1,-1,1,1,-1,1,-1,-1,-1,1,1,-1,1,-1,-1,1,1,1,-1,1,-1,1,1,-1,1,-1,1,-1,1,-1,1,1,1,1,1,-1,-1,1,1,-1,1,-1,-1,1,1,1,1,1,-1,-1,1,1,-1,1,1,1,-1,-1,1,-1,1,1,-1,-1,-1,1,-1,1,1,-1,-1,1,-1,1,1,1,1,-1,1,-1,1,1,1,1,1,-1,-1,1,1,1,1,1,-1,-1,1,1,1,1,1,-1,-1,-1,1,1,-1,-1,-1,-1,1,1,1,1,-1,-1,1,-1,1,1,1,1,-1,-1,-1,1,-1,1,1,-1,1,-1,1,1,-1,1,-1,-1,-1,1,1,1,1,-1,-1,1,1,1,1,1,-1,-1,-1,1,1,1,1,-1,-1,1,-1,1,1,-1,-1,-1,1,1,1,1,-1,-1,-1,-1,-1,1,-1,1,-1,-1,-1,-1,1,1,1,-1,-1,-1,-1,1,1,-1,1,-1,1,-1,1,1,1,1,-1,-1,1,1,1,-1,1,-1,-1,-1,1,1,1,-1,1,-1,1,1,1,-1,-1,-1,-1,1,1,1,-1,1,1,-1,1,1,-1,1,1,-1,-1,1,1,-1,-1,1,-1,1,-1,1,1,1,-1,1,1,1,-1,1,-1,1,-1,-1,1,1,1,-1,1,-1,1,1,-1,1,-1,1,-1,-1,1,1,1,1,-1,-1,-1,1,-1,1,-1,1,-1,-1,-1,-1,1,1,1,-1,-1,1,-1,1,1,-1,-1,1,-1,1,-1,1,-1,-1,-1,1,-1,1,-1,-1,-1,-1,-1,1,1,-1,1,-1,-1,1,1,1,-1,-1,1,-1,1,-1,1,-1,-1,-1,-1,-1,1,1,-1,-1,1,-1,1,-1,1,1,-1,-1,1,-1,1,-1,1,-1,-1,-1,-1,-1,-1,1,-1,-1,-1,-1,1,-1,1,-1,-1,-1,-1,-1,1,1,-1,-1,-1,-1,-1,1,1,-1,-1,-1,-1,-1,-1,1,1,1,-1,-1,-1,1,-1,1,1,1,1,1,1,-1,1,-1,1,1,-1,1,-1,1,-1,1,1,1,-1,-1,-1,1,-1,1,1,1,-1,-1,-1,1,1,-1,1,-1,-1,-1,1,1,1,1,-1,-1,-1,1,1,-1,1,-1,-1,-1,-1,1,1,1,-1,1,-1,-1,1,-1,1,-1,1,1,-1,1,-1,1,1,-1,-1,-1,-1,-1,1,1,-1,1,-1,1,-1,1,1,-1,-1,-1,-1,1,1,-1,-1,-1,-1,-1,1,1,-1,1,-1,1,1,1,1,1,-1,-1,-1,-1,-1,1,-1,1,-1,-1,1,-1,1,1,-1,1,-1,-1,1,1,1,-1,1,-1,1,-1,1,1,-1,-1,-1,-1,-1,1,1,-1,1,-1,1,-1,1,1,-1,-1,1,-1,-1,1,1,-1,-1,-1,1,-1,1,1,1,-1,1,-1,-1,-1,-1,1,-1,1,-1,-1,1,-1,-1,1,1,1,-1,1,1,-1,1,-1,1,-1,1,-1,1,-1,1,-1,-1,1,1,-1,1,-1,-1,-1,-1,1,-1,1,-1,1,-1,-1,1,-1,1,1,-1,-1,-1,1,1,1,1,1,-1,-1,1,1,-1,1,1,-1,-1,-1,1,-1,-1,1,-1,-1,1,1,1,1,1,-1,-1,1,1,-1,1,1,-1,-1,1,-1,1,-1,1,-1,-1,1,1,-1,1,-1,-1,1,-1,1,-1,-1,1,-1,1,1,1,-1,1,1,1,1,1,1,-1,1,1,-1,-1,-1,1,-1,-1,1,-1,1,1,1,1,1,1,-1,1,1,1,1,-1,1,-1,1,-1,1,-1,1,1,-1,-1,1,1,1,-1,1,1,-1,1,-1,1,-1,1,-1,-1,1,-1,1,-1,1,-1,-1,1,-1,1,1,1,1,-1,1,1,1,1,1,-1,1,-1,1,-1,1,1,1,-1,1,1,1,1,1,-1,1,1,1,-1,1,1,-1,-1,-1,1,1,1,1,-1,1,-1,1,1,1,1,1,-1,-1,1,1,1,1,1,-1,1,1,1,1,-1,1,1,-1,1,1,1,1,-1,1,-1,1,1,1,1,1,1,-1,1,1,1,1,1,-1,-1,1,1,1,1,1,-1,-1,1,1,-1,1,1,-1,1,1,1,-1,1,1,-1,1,1,-1,1,1,1,-1,-1,1,1,1,1,1,-1,1,-1,1,1,1,1,-1,-1,1,1,-1,1,1,-1,-1,1,-1,1,1,-1,-1,1,-1,1,1,1,1,-1,1,-1,1,-1,1,1,-1,-1,1,-1,-1,1,-1,1,-1,-1,-1,-1,1,-1,-1,1,-1,1,1,1,-1,1,-1,-1,1,1,1,1,1,-1,-1,-1,1,-1,-1,1,-1,1,-1,-1,1,1,1,-1,-1,-1,1,1,-1,1,-1,-1,1,-1,1,1,1,1,-1,1,-1,-1,-1,1,-1,-1,1,1,1,-1,1,1,-1,1,-1,1,1,1,1,-1,1,-1,1,-1,1,1,-1,1,1,1,-1,1,1,-1,-1,1,1,1,-1,1,-1,1,-1,1,-2642.0,1,2000,445,1000,True
2895,-1,-1,1,1,1,1,-1,1,-1,-1,-1,1,-1,1,-1,-1,1,-1,1,-1,-1,1,-1,-1,-1,1,-1,-1,-1,-1,-1,-1,1,-1,-1,1,1,-1,-1,1,-1,-1,1,-1,-1,-1,1,1,-1,-1,1,-1,1,1,-1,-1,-1,1,-1,-1,1,1,-1,1,-1,-1,-1,1,1,-1,1,-1,-1,-1,1,1,-1,1,-1,-1,-1,-1,1,-1,-1,-1,-1,1,1,-1,1,-1,1,-1,-1,1,1,-1,-1,1,-1,-1,1,1,1,-1,-1,-1,-1,1,1,-1,-1,1,-1,-1,1,1,1,-1,-1,1,-1,1,1,-1,-1,-1,1,-1,1,1,1,-1,1,-1,-1,1,1,1,1,-1,1,-1,-1,1,1,-1,-1,1,-1,1,1,1,1,-1,1,1,-1,1,1,-1,-1,1,-1,-1,1,1,-1,1,-1,-1,1,1,1,-1,1,1,1,1,1,-1,-1,1,-1,-1,1,1,1,-1,1,1,-1,1,1,1,-1,1,1,-1,1,-1,1,-1,-1,1,-1,1,1,1,-1,1,1,-1,1,-1,1,-1,1,1,-1,1,1,1,-1,-1,1,1,-1,1,1,-1,1,1,-1,1,1,1,-1,1,1,-1,1,-1,1,-1,1,1,-1,-1,1,1,-1,1,-1,-1,1,-1,1,-1,1,1,-1,1,1,-1,1,-1,-1,-1,1,1,-1,-1,-1,1,-1,1,1,-1,1,-1,1,-1,1,1,1,1,-1,1,-1,1,1,1,1,-1,-1,-1,-1,1,-1,1,-1,-1,-1,1,1,-1,1,1,-1,1,-1,1,1,1,-1,-1,-1,1,1,-1,-1,1,-1,-1,-1,1,-1,1,-1,-1,-1,-1,1,1,1,-1,-1,-1,1,-1,1,1,-1,-1,-1,-1,-1,1,1,-1,1,-1,1,1,-1,1,-1,-1,-1,-1,-1,1,1,-1,-1,-1,-1,-1,1,-1,-1,-1,-1,-1,-1,1,-1,-1,-1,1,1,1,1,-1,-1,1,1,-1,-1,1,1,-1,-1,1,-1,-1,-1,1,-1,-1,-1,1,-1,1,-1,-1,-1,-1,-1,-1,1,1,-1,-1,1,1,-1,1,-1,1,-1,1,1,-1,1,-1,-1,-1,1,-1,1,1,-1,-1,-1,-1,1,-1,-1,1,-1,-1,1,-1,-1,1,-1,-1,-1,1,-1,1,-1,1,-1,-1,1,-1,-1,1,-1,-1,1,1,-1,1,-1,1,-1,-1,1,-1,-1,-1,-1,-1,-1,1,-1,-1,1,1,-1,-1,-1,-1,1,-1,-1,1,-1,1,-1,-1,1,1,-1,-1,1,-1,-1,-1,-1,-1,1,1,-1,-1,1,1,-1,1,-1,1,-1,1,1,-1,1,-1,-1,-1,-1,-1,-1,1,-1,1,-1,1,1,-1,1,-1,-1,1,-1,-1,1,-1,1,-1,1,-1,1,-1,1,1,-1,-1,-1,1,-1,1,-1,-1,1,-1,1,1,1,1,-1,-1,-1,1,-1,1,1,-1,-1,1,1,1,-1,1,1,-1,1,1,1,1,-1,1,1,-1,1,1,-1,1,-1,1,1,-1,1,1,-1,1,-1,-1,1,1,1,-1,1,1,-1,1,-1,1,-1,1,1,-1,-1,1,1,-1,-1,-1,-1,1,1,1,-1,-1,-1,-1,1,1,1,-1,1,1,1,-1,1,1,-1,1,1,-1,1,1,1,-1,-1,1,-1,-1,1,1,-1,1,1,1,1,1,1,1,1,1,-1,1,1,-1,1,1,1,-1,1,1,-1,1,1,1,-1,1,1,1,-1,1,-1,1,-1,1,-1,1,1,1,-1,1,1,1,1,1,1,1,1,1,-1,1,1,1,1,-1,1,-1,1,-1,1,-1,1,-1,1,1,1,1,1,1,1,-1,1,1,1,1,1,-1,-1,1,1,-1,1,1,-1,-1,1,1,1,1,1,1,-1,1,1,1,-1,1,-1,-1,1,1,1,-1,1,-1,-1,1,1,1,1,1,-1,-1,1,1,1,-1,1,1,-1,1,1,-1,-1,1,-1,-1,1,1,1,-1,1,1,-1,1,1,1,-1,1,-1,-1,1,1,1,-1,1,1,-1,1,1,1,-1,1,-1,1,1,1,-1,-1,1,1,-1,1,-1,1,-1,1,1,-1,-1,1,1,-1,1,1,-1,1,1,1,-1,1,1,1,1,1,1,-1,1,1,1,1,1,-1,-1,1,1,1,1,-1,-1,1,1,1,1,1,-1,-1,-1,-1,1,1,1,-1,1,-1,1,1,1,-1,1,-1,-1,1,-1,1,1,1,1,1,1,1,1,1,1,-1,1,-1,1,1,1,-1,1,1,1,1,1,1,1,-1,1,-1,1,1,1,1,-1,1,-1,-1,-1,-1,1,-1,1,1,-1,1,1,1,1,1,1,-1,1,1,1,1,1,-1,1,1,1,-1,1,1,-1,-1,-1,1,-1,1,1,-1,1,-1,1,-1,1,1,-1,-1,-1,1,-1,1,1,-1,1,-1,1,1,1,1,-1,-1,-1,-1,1,1,1,-1,-1,-1,-1,-1,1,-1,-1,-1,-1,-1,1,1,1,-1,-1,-1,-1,1,1,1,-1,-1,1,-1,1,1,1,1,-1,-1,-1,1,-1,1,-1,-1,-1,-1,1,-1,1,-1,-1,-1,1,1,1,1,-1,-1,-1,1,-1,1,1,-1,1,-1,1,1,1,1,1,-1,1,-1,1,1,1,1,-1,1,-1,1,-1,1,1,-1,-1,1,-1,1,1,1,-1,1,-1,1,1,-1,1,-1,1,-1,1,1,-1,1,-1,1,-1,1,-1,1,1,-1,-1,-1,-1,-1,1,1,1,-1,1,1,1,1,1,-1,-1,1,1,1,1,1,-1,-1,1,-1,1,1,1,-1,-1,-1,-1,-1,-1,-1,-1,-1,-1,-1,1,1,1,-1,1,1,-1,-1,1,1,1,-1,1,-1,1,1,1,-1,-1,1,-1,1,1,1,-1,-1,1,-1,1,1,1,-1,-1,1,-1,1,-1,1,1,-1,1,-1,-1,1,1,1,-1,-1,-1,1,1,1,1,-1,1,-1,-1,1,-2642.0,1,2000,445,500,True
2896,1,1,-1,-1,1,1,-1,1,1,1,1,-1,-1,1,1,1,-1,1,-1,-1,-1,1,1,1,1,1,-1,-1,1,1,1,1,-1,-1,-1,1,-1,1,1,1,-1,-1,1,1,1,1,1,1,-1,-1,1,1,-1,1,-1,-1,1,-1,1,1,1,-1,-1,-1,1,1,1,1,1,-1,1,-1,1,1,1,1,-1,1,-1,1,1,1,1,-1,-1,1,1,1,1,1,1,1,-1,1,1,1,-1,-1,-1,1,1,1,1,1,-1,-1,-1,1,1,1,1,-1,-1,-1,1,1,1,1,1,-1,-1,1,1,1,1,-1,-1,-1,1,1,1,1,-1,-1,-1,1,1,1,1,-1,-1,-1,-1,1,1,1,1,-1,-1,-1,1,1,1,-1,1,-1,-1,-1,1,1,-1,1,-1,-1,1,-1,1,-1,1,-1,-1,-1,1,1,-1,-1,-1,1,1,1,-1,1,1,-1,-1,-1,1,-1,-1,-1,-1,-1,-1,1,-1,-1,1,-1,-1,-1,1,-1,-1,1,-1,-1,1,1,1,-1,1,-1,1,1,-1,-1,-1,1,-1,1,-1,1,1,-1,1,1,-1,-1,-1,1,-1,1,1,-1,1,1,1,-1,1,-1,-1,1,-1,-1,-1,1,1,-1,-1,-1,1,-1,1,-1,-1,-1,1,-1,-1,1,-1,-1,-1,-1,1,-1,1,1,-1,-1,-1,1,-1,1,1,1,1,-1,1,-1,1,1,1,-1,-1,1,-1,1,1,1,-1,-1,1,-1,1,-1,-1,-1,-1,1,1,1,1,-1,-1,-1,1,-1,1,1,1,-1,-1,1,1,1,1,1,-1,1,-1,1,1,-1,1,-1,-1,-1,1,1,1,1,-1,-1,1,1,1,1,1,-1,-1,1,-1,1,1,1,-1,-1,-1,1,1,1,-1,-1,-1,1,-1,1,1,-1,-1,-1,-1,1,1,1,1,-1,-1,-1,1,1,1,1,-1,-1,-1,1,1,1,-1,1,-1,1,1,1,1,1,1,-1,-1,1,-1,1,-1,1,-1,-1,-1,-1,1,1,-1,1,-1,1,1,-1,-1,-1,-1,-1,1,1,1,-1,1,1,-1,1,1,-1,-1,1,-1,-1,1,1,-1,1,1,-1,1,1,1,-1,-1,-1,-1,1,1,-1,-1,-1,1,-1,-1,1,1,1,-1,1,1,1,-1,1,-1,-1,1,-1,-1,1,1,-1,-1,1,-1,-1,-1,-1,1,-1,1,-1,-1,-1,-1,-1,-1,1,-1,-1,1,-1,1,-1,-1,-1,1,-1,-1,1,-1,1,-1,1,1,-1,1,-1,-1,1,-1,-1,1,1,-1,1,1,-1,1,1,-1,1,-1,1,-1,1,1,-1,1,-1,1,1,-1,1,-1,1,-1,1,-1,1,-1,1,1,-1,-1,1,-1,1,1,-1,1,1,1,-1,-1,-1,1,1,1,1,-1,1,-1,1,-1,1,1,-1,-1,1,1,-1,1,1,1,-1,1,1,-1,-1,1,1,-1,-1,1,-1,-1,1,1,-1,1,1,-1,1,1,-1,1,1,-1,-1,1,1,1,1,-1,-1,1,-1,1,1,1,-1,-1,-1,1,-1,1,-1,1,-1,-1,-1,1,1,-1,1,-1,-1,-1,1,1,-1,1,-1,-1,1,1,1,-1,1,-1,-1,-1,-1,1,1,1,-1,1,-1,-1,1,-1,1,-1,1,1,1,-1,-1,1,1,-1,-1,-1,-1,-1,1,1,-1,-1,1,-1,-1,1,1,-1,-1,1,-1,1,1,-1,-1,-1,-1,-1,1,1,-1,1,-1,-1,1,1,1,1,-1,1,-1,-1,-1,1,1,-1,1,-1,1,-1,1,1,-1,-1,1,1,1,1,1,-1,1,1,-1,-1,1,1,-1,-1,1,-1,-1,1,1,-1,-1,1,1,-1,1,1,-1,-1,1,1,-1,1,1,-1,-1,1,1,-1,1,1,1,-1,1,-1,-1,-1,-1,1,-1,1,-1,-1,1,-1,-1,1,-1,1,-1,1,1,-1,1,1,-1,-1,1,-1,1,1,1,-1,-1,1,1,-1,1,1,-1,-1,-1,1,-1,1,1,-1,-1,-1,1,-1,1,1,-1,-1,-1,1,1,1,1,1,-1,-1,1,1,-1,1,-1,-1,-1,-1,1,-1,1,-1,-1,-1,1,1,1,1,1,-1,-1,1,1,-1,1,-1,-1,-1,1,-1,1,-1,1,-1,-1,1,1,1,-1,1,-1,1,-1,1,-1,-1,-1,-1,1,1,1,-1,-1,1,1,1,1,1,-1,1,1,-1,-1,-1,1,-1,-1,-1,-1,1,1,1,1,1,1,-1,1,1,1,1,1,1,1,-1,1,1,-1,-1,1,-1,-1,1,1,1,-1,-1,1,-1,1,1,1,-1,1,-1,-1,-1,1,1,1,-1,-1,-1,1,1,1,1,1,1,-1,1,1,1,1,-1,-1,1,1,1,-1,1,-1,-1,-1,-1,1,1,1,-1,-1,1,1,1,-1,1,-1,-1,-1,1,1,1,-1,-1,-1,-1,-1,1,1,1,1,1,-1,-1,1,1,1,-1,-1,-1,1,1,1,-1,1,1,-1,-1,1,1,1,-1,1,-1,-1,1,1,1,1,1,-1,1,-1,1,1,-1,1,-1,-1,1,1,1,-1,-1,-1,-1,1,1,1,-1,-1,-1,-1,-1,1,-1,-1,1,-1,-1,1,-1,1,-1,-1,1,-1,1,1,1,-1,1,-1,1,-1,1,1,-1,1,-1,1,-1,1,-1,1,1,-1,1,-1,-1,1,-1,1,-1,1,-1,1,1,-1,1,1,1,-1,1,-1,-1,1,-1,-1,1,-1,-1,1,1,-1,1,1,-1,-1,1,1,1,1,-1,1,1,1,1,1,-1,1,1,1,-1,1,-1,1,-1,-1,1,1,1,-1,1,1,-1,-1,-1,1,1,1,-1,-1,1,1,1,1,1,-1,-1,-1,1,1,1,1,-1,-1,1,1,1,1,1,1,-1,1,1,1,1,1,1,-1,1,1,1,1,1,1,-1,1,-1,1,1,1,1,-1,-1,1,1,1,1,1,1,-1,1,1,-1,1,1,-1,-1,1,-2642.0,1,2000,445,500,True
2897,-1,-1,1,1,1,1,-1,1,-1,-1,-1,1,-1,1,-1,-1,1,-1,1,1,-1,1,-1,-1,-1,1,-1,-1,1,-1,-1,-1,1,1,-1,1,1,-1,-1,-1,1,-1,1,-1,-1,-1,1,-1,1,-1,1,-1,1,-1,1,-1,-1,1,-1,-1,-1,1,1,1,-1,-1,-1,-1,-1,-1,1,-1,-1,-1,-1,-1,-1,1,-1,-1,-1,1,1,-1,-1,-1,-1,-1,-1,1,-1,-1,1,-1,-1,-1,-1,1,-1,1,-1,-1,-1,-1,1,-1,-1,-1,-1,-1,-1,1,-1,1,-1,-1,-1,-1,1,-1,-1,1,-1,-1,-1,1,-1,-1,1,-1,-1,-1,-1,-1,1,-1,-1,-1,-1,-1,-1,-1,1,-1,-1,-1,1,-1,-1,1,-1,-1,-1,-1,1,-1,1,1,-1,-1,-1,1,-1,1,-1,-1,1,-1,-1,1,-1,-1,-1,-1,-1,-1,1,1,-1,-1,-1,1,1,1,-1,-1,-1,-1,-1,-1,1,1,-1,-1,-1,-1,-1,1,1,-1,-1,1,-1,-1,-1,1,-1,-1,-1,-1,-1,1,1,-1,1,-1,-1,-1,1,1,-1,1,-1,-1,-1,-1,1,1,-1,-1,-1,-1,1,1,-1,1,-1,-1,-1,1,1,-1,1,1,-1,-1,1,1,-1,-1,1,-1,-1,1,-1,1,1,-1,-1,-1,1,1,-1,1,-1,-1,1,-1,-1,-1,1,-1,1,-1,-1,1,-1,1,-1,1,1,-1,1,-1,1,-1,-1,1,-1,1,-1,1,1,-1,1,-1,-1,-1,-1,1,1,1,-1,-1,-1,1,1,-1,1,1,-1,1,-1,1,1,1,-1,-1,-1,1,1,1,1,1,-1,-1,-1,-1,1,1,-1,-1,-1,-1,1,1,1,-1,-1,-1,1,1,-1,1,-1,-1,-1,-1,-1,1,1,-1,1,-1,-1,1,1,1,-1,-1,-1,-1,-1,-1,1,-1,-1,-1,-1,-1,-1,-1,-1,-1,-1,-1,-1,-1,-1,-1,1,-1,-1,-1,-1,-1,-1,1,1,-1,1,-1,1,-1,1,-1,-1,1,-1,1,-1,-1,-1,-1,-1,1,-1,-1,1,1,1,1,-1,1,-1,1,-1,1,-1,-1,-1,1,-1,-1,1,-1,-1,-1,1,1,-1,-1,-1,-1,-1,-1,-1,1,-1,1,1,1,-1,1,-1,1,1,-1,-1,-1,1,-1,1,1,1,1,-1,1,-1,1,1,-1,-1,-1,1,1,1,1,1,1,-1,-1,1,1,1,-1,-1,-1,-1,1,1,1,1,1,-1,-1,1,1,1,-1,-1,1,-1,1,1,-1,1,1,-1,1,1,1,1,1,-1,-1,1,1,1,-1,1,1,-1,1,1,-1,1,1,1,-1,1,1,-1,1,-1,-1,-1,1,1,-1,1,1,1,-1,-1,1,1,1,-1,-1,1,-1,1,-1,1,-1,1,-1,1,1,1,-1,1,1,-1,-1,1,-1,1,-1,1,1,-1,1,1,-1,1,1,-1,-1,1,1,-1,1,1,1,1,1,1,-1,1,1,1,-1,1,1,1,-1,1,1,-1,1,-1,1,-1,-1,1,1,-1,1,-1,-1,1,-1,1,-1,1,1,-1,1,1,1,-1,1,1,-1,-1,1,1,-1,-1,-1,-1,1,1,1,-1,-1,-1,-1,1,1,1,-1,1,1,1,-1,1,1,-1,1,1,-1,1,1,1,-1,-1,1,-1,-1,1,1,1,1,1,1,1,1,1,1,1,1,-1,1,1,-1,1,1,1,-1,1,1,-1,1,1,1,-1,1,1,1,-1,1,-1,1,-1,1,-1,1,1,1,-1,1,1,1,1,1,1,1,1,1,-1,1,1,1,1,-1,1,-1,1,-1,1,-1,1,-1,1,1,1,1,1,1,1,-1,1,-1,1,-1,1,-1,-1,1,1,-1,1,1,-1,-1,1,1,1,1,1,1,-1,1,1,-1,1,1,-1,-1,1,1,-1,1,1,-1,-1,1,-1,1,1,1,-1,-1,1,-1,1,1,1,1,-1,1,1,-1,1,1,-1,-1,1,-1,1,-1,1,1,-1,1,-1,1,1,1,-1,-1,1,-1,-1,1,1,1,-1,1,1,-1,-1,1,-1,1,1,1,-1,1,1,1,-1,1,-1,1,-1,1,1,-1,-1,1,-1,1,1,1,-1,1,1,-1,-1,1,1,1,1,1,-1,-1,1,1,1,1,1,-1,-1,1,1,1,1,1,-1,1,1,1,1,1,1,-1,-1,1,1,1,1,1,-1,-1,1,1,1,-1,1,-1,-1,1,-1,1,1,1,-1,-1,1,1,-1,1,-1,1,-1,1,1,1,1,1,-1,-1,1,1,1,1,1,1,-1,-1,1,1,1,1,-1,-1,1,1,1,-1,1,-1,1,1,1,1,1,1,-1,-1,-1,1,1,1,-1,1,-1,1,1,1,1,1,-1,-1,1,1,-1,1,-1,1,1,1,1,-1,1,1,-1,-1,1,1,-1,1,1,-1,1,1,1,1,-1,1,-1,-1,-1,1,1,-1,1,-1,1,1,1,-1,-1,1,-1,-1,-1,1,1,-1,1,-1,1,-1,1,1,-1,1,-1,-1,-1,1,1,-1,1,1,1,-1,1,1,-1,1,-1,-1,1,1,1,-1,1,-1,1,1,1,-1,1,-1,1,1,1,1,1,1,-1,-1,1,1,-1,1,1,-1,-1,1,-1,1,-1,1,1,-1,1,-1,1,1,-1,1,-1,1,-1,1,1,1,1,-1,-1,1,1,1,-1,1,-1,-1,-1,1,-1,1,1,1,-1,-1,1,1,1,-1,1,-1,1,1,1,1,-1,1,-1,1,1,1,-1,1,-1,1,1,1,1,-1,1,1,-1,-1,1,1,-1,1,-1,1,1,-1,1,1,1,-1,-1,-1,1,1,-1,1,1,-1,1,-1,1,-1,1,-1,1,1,1,1,-1,1,-1,1,1,1,1,1,1,1,1,1,1,1,1,1,-1,1,1,1,1,-1,1,-1,1,1,-1,1,1,1,1,1,1,-1,1,-1,1,-1,1,1,-1,1,1,-1,1,1,-2640.0,1,2000,445,500,True
2898,1,1,-1,-1,1,1,-1,-1,1,1,1,-1,-1,-1,1,1,-1,1,-1,-1,-1,-1,1,1,1,1,-1,-1,1,1,1,1,-1,-1,-1,-1,1,-1,1,1,-1,-1,-1,1,1,1,1,1,-1,1,1,1,-1,1,-1,1,1,-1,1,1,1,-1,-1,-1,1,1,1,1,1,-1,-1,1,1,1,1,1,1,-1,1,-1,1,-1,1,-1,1,1,1,1,1,1,1,1,-1,1,1,1,-1,1,1,1,1,1,1,1,-1,1,-1,1,1,1,1,1,1,-1,1,1,1,1,1,1,-1,1,1,1,1,1,1,-1,1,1,1,1,-1,1,-1,1,1,1,1,-1,1,-1,1,1,1,1,1,1,1,-1,1,1,1,1,-1,1,-1,1,1,1,-1,1,1,1,-1,-1,1,-1,-1,1,-1,-1,1,1,-1,1,-1,1,1,1,-1,1,-1,1,1,-1,1,-1,-1,1,1,1,-1,1,-1,-1,-1,1,1,-1,1,-1,-1,-1,1,1,-1,1,1,-1,-1,1,1,-1,1,-1,-1,-1,1,1,-1,1,1,-1,-1,-1,1,-1,-1,1,-1,-1,1,1,-1,1,1,-1,-1,1,1,-1,1,-1,-1,-1,-1,1,-1,-1,1,-1,-1,1,-1,-1,1,-1,-1,-1,1,1,-1,1,1,-1,1,-1,-1,-1,1,1,-1,-1,1,-1,-1,1,-1,-1,-1,-1,1,-1,1,1,-1,1,-1,1,-1,1,1,-1,1,-1,-1,-1,-1,1,1,1,-1,-1,-1,1,1,-1,1,1,-1,-1,-1,1,1,1,-1,-1,-1,1,1,1,1,1,-1,-1,-1,1,1,1,-1,-1,1,-1,1,1,1,-1,-1,-1,1,1,-1,1,-1,1,-1,-1,1,1,1,-1,1,-1,1,1,-1,1,-1,-1,-1,-1,-1,1,1,-1,-1,-1,-1,-1,1,-1,-1,-1,-1,-1,1,1,-1,-1,-1,1,1,-1,1,-1,-1,1,1,-1,-1,1,1,-1,-1,1,-1,1,-1,1,-1,-1,-1,1,-1,1,-1,-1,-1,-1,-1,-1,1,-1,-1,-1,1,1,-1,1,-1,1,-1,1,1,1,1,-1,-1,-1,1,1,-1,1,-1,-1,-1,1,1,1,1,1,-1,-1,1,1,1,-1,-1,-1,-1,1,-1,1,-1,1,-1,-1,1,1,1,-1,-1,-1,1,1,1,1,-1,1,-1,-1,1,1,1,1,-1,-1,-1,1,1,1,1,1,-1,-1,-1,1,1,1,-1,1,-1,1,1,-1,1,1,-1,-1,1,-1,1,1,-1,-1,1,1,1,1,-1,1,-1,1,1,-1,1,-1,1,-1,1,1,-1,1,-1,-1,-1,1,1,-1,1,-1,1,-1,1,-1,1,1,-1,-1,1,-1,1,-1,1,1,1,-1,1,1,-1,-1,1,1,-1,1,-1,-1,1,1,1,1,1,1,-1,-1,1,1,-1,1,1,1,-1,1,1,1,-1,1,1,-1,1,1,1,1,-1,-1,1,-1,-1,-1,1,-1,1,1,-1,1,-1,1,-1,1,-1,-1,-1,1,1,-1,1,1,-1,-1,-1,1,-1,1,1,-1,1,-1,1,-1,-1,-1,-1,-1,-1,1,-1,-1,-1,-1,-1,-1,1,-1,1,1,1,1,-1,1,-1,1,1,-1,-1,-1,1,-1,-1,1,-1,1,-1,-1,1,1,1,1,-1,-1,1,1,1,1,-1,1,-1,-1,1,1,1,-1,-1,-1,1,1,1,1,-1,1,-1,1,-1,1,-1,1,1,-1,-1,1,1,1,-1,-1,-1,-1,1,1,1,1,-1,1,-1,1,1,1,1,-1,1,-1,1,-1,1,-1,-1,1,-1,1,1,1,1,-1,1,-1,1,1,1,1,-1,1,-1,1,1,-1,1,-1,1,-1,1,1,1,1,-1,1,-1,1,1,1,-1,-1,-1,-1,1,1,1,-1,1,-1,-1,1,1,1,1,-1,-1,-1,1,1,1,-1,-1,1,-1,1,1,-1,-1,-1,-1,-1,1,1,1,1,-1,-1,-1,1,1,1,-1,1,-1,-1,1,1,1,-1,1,-1,1,1,1,1,-1,-1,-1,-1,-1,1,-1,-1,-1,-1,-1,1,-1,1,-1,-1,-1,1,1,1,1,-1,-1,-1,-1,1,-1,1,-1,-1,-1,1,1,1,1,-1,-1,-1,1,1,1,-1,-1,-1,1,1,1,-1,-1,1,-1,1,1,1,-1,-1,-1,1,1,1,1,-1,-1,-1,-1,-1,1,-1,1,-1,-1,-1,1,1,1,1,-1,-1,-1,1,1,1,1,-1,1,1,-1,1,1,-1,-1,-1,-1,-1,1,1,1,-1,-1,1,-1,1,1,1,-1,1,-1,-1,-1,-1,1,-1,1,-1,-1,1,1,1,-1,-1,1,-1,1,1,1,-1,1,-1,1,1,1,-1,-1,1,-1,-1,-1,1,-1,-1,1,-1,1,-1,1,-1,-1,1,-1,-1,-1,1,-1,1,1,-1,-1,-1,1,1,-1,-1,1,-1,-1,-1,1,-1,1,-1,-1,-1,-1,-1,1,-1,1,-1,-1,-1,1,-1,1,1,-1,-1,-1,1,-1,1,1,-1,1,-1,1,1,1,1,-1,-1,-1,1,-1,1,-1,-1,-1,-1,1,-1,1,-1,-1,-1,1,-1,1,1,-1,-1,-1,-1,1,-1,1,-1,1,-1,1,-1,-1,1,1,-1,1,-1,1,-1,1,1,-1,1,-1,1,-1,1,1,-1,1,1,-1,-1,-1,1,-1,1,-1,1,-1,-1,1,-1,1,-1,1,-1,-1,1,-1,-1,1,-1,-1,-1,1,-1,1,1,-1,1,-1,1,1,1,-1,1,-1,1,-1,1,1,-1,1,-1,-1,-1,-1,1,-1,1,-1,1,-1,1,1,1,-1,1,-1,1,1,1,-1,1,-1,1,1,-1,1,-1,-1,1,1,1,1,1,-1,-1,1,1,1,1,1,1,-1,-1,-1,1,1,1,1,-1,1,1,-1,-1,1,1,-1,1,1,1,1,1,1,-1,-1,1,1,-1,1,1,1,-1,1,1,-1,1,1,-1,-1,1,-2640.0,1,2000,445,500,True
2899,-1,-1,1,1,1,1,-1,1,-1,-1,-1,1,-1,-1,-1,-1,1,-1,1,-1,-1,1,-1,-1,-1,1,-1,-1,-1,-1,-1,-1,1,-1,-1,1,1,-1,-1,1,-1,-1,1,-1,-1,-1,-1,1,-1,-1,-1,-1,1,1,-1,1,-1,1,-1,-1,-1,1,-1,1,-1,-1,-1,-1,1,-1,1,-1,-1,-1,1,1,1,1,-1,-1,-1,-1,1,-1,-1,-1,-1,1,1,1,1,-1,-1,-1,-1,1,-1,1,-1,1,-1,-1,1,1,-1,-1,-1,-1,-1,1,1,1,-1,-1,-1,-1,1,1,1,-1,-1,-1,-1,1,1,1,-1,-1,1,-1,1,1,-1,-1,-1,-1,-1,1,1,-1,-1,-1,-1,-1,-1,1,1,-1,-1,-1,-1,1,1,1,1,-1,1,-1,-1,1,-1,-1,-1,-1,1,-1,1,-1,1,-1,1,-1,1,1,-1,-1,-1,-1,-1,1,-1,1,1,-1,-1,-1,1,-1,-1,-1,-1,1,-1,1,-1,-1,-1,1,-1,-1,1,-1,-1,1,-1,1,1,1,1,-1,1,-1,1,1,-1,-1,-1,1,1,1,-1,1,1,-1,1,1,-1,-1,1,1,-1,1,-1,1,-1,1,1,-1,1,1,1,-1,1,-1,-1,1,1,1,-1,-1,1,-1,1,1,-1,-1,1,-1,-1,1,1,1,-1,1,1,-1,1,-1,-1,-1,1,1,-1,1,-1,-1,-1,1,-1,-1,1,-1,1,-1,1,1,-1,1,1,1,-1,-1,1,-1,1,1,-1,-1,-1,1,1,1,-1,-1,-1,1,1,-1,1,1,1,-1,-1,1,1,1,-1,-1,-1,1,1,1,1,1,-1,-1,-1,1,1,1,-1,1,-1,-1,-1,1,1,-1,-1,-1,1,1,-1,1,-1,-1,-1,-1,1,1,1,-1,1,-1,1,1,-1,1,-1,-1,-1,-1,-1,1,1,-1,-1,-1,-1,-1,1,-1,-1,-1,-1,-1,1,1,-1,-1,-1,1,1,1,1,-1,-1,1,1,-1,-1,1,1,-1,-1,1,-1,-1,-1,1,-1,-1,-1,1,-1,1,-1,-1,-1,-1,-1,-1,1,1,-1,-1,1,1,-1,1,-1,-1,-1,1,1,-1,1,-1,-1,-1,1,-1,1,1,-1,-1,-1,-1,1,1,1,1,-1,-1,1,-1,-1,1,-1,-1,-1,1,-1,1,-1,1,-1,-1,1,-1,-1,1,-1,-1,1,1,-1,1,-1,1,-1,-1,1,-1,1,-1,-1,-1,-1,1,-1,-1,1,1,-1,-1,-1,-1,1,1,-1,1,-1,1,-1,1,-1,1,-1,-1,1,-1,-1,-1,-1,-1,1,1,-1,1,-1,1,-1,1,-1,1,1,-1,1,-1,1,-1,-1,-1,-1,-1,-1,1,-1,1,-1,-1,1,-1,1,-1,-1,1,-1,-1,1,-1,1,-1,-1,1,1,-1,1,1,-1,-1,1,1,-1,1,-1,-1,1,-1,1,1,1,1,-1,-1,-1,1,-1,1,1,-1,-1,-1,1,1,-1,1,1,-1,1,1,1,1,1,-1,1,-1,1,1,-1,1,-1,1,-1,-1,1,-1,-1,1,-1,-1,1,-1,-1,-1,1,1,-1,1,1,-1,-1,1,1,-1,-1,1,-1,-1,-1,-1,-1,1,1,-1,-1,-1,-1,-1,1,1,-1,-1,1,1,1,-1,1,-1,-1,1,1,-1,1,1,-1,-1,-1,1,-1,-1,1,1,-1,1,1,1,1,1,-1,1,1,1,-1,1,1,1,-1,1,1,-1,1,1,-1,1,1,1,-1,1,1,-1,-1,1,-1,1,1,1,-1,1,1,1,-1,1,1,-1,1,1,1,1,1,1,1,1,1,1,1,1,1,-1,1,1,1,-1,1,1,1,1,1,1,1,1,1,-1,1,1,1,1,1,1,1,-1,1,-1,1,1,1,1,1,1,1,1,1,1,-1,1,1,1,-1,1,-1,-1,1,1,1,-1,1,1,-1,1,1,1,1,1,1,1,1,1,1,-1,1,1,-1,1,1,-1,-1,1,1,-1,1,1,1,1,1,1,-1,1,1,1,-1,1,1,-1,1,1,1,-1,1,1,1,1,1,1,-1,1,1,-1,-1,1,-1,-1,1,1,1,1,-1,1,-1,1,1,-1,1,1,1,-1,1,1,1,1,1,1,-1,1,1,-1,1,1,1,-1,1,1,1,1,1,-1,-1,1,-1,1,1,-1,-1,1,1,1,1,1,-1,-1,-1,1,1,1,1,-1,1,-1,1,1,-1,1,1,-1,-1,1,-1,1,1,1,1,1,1,1,1,1,1,-1,1,-1,1,-1,1,-1,1,1,1,1,1,1,1,-1,1,-1,1,1,1,1,-1,1,-1,-1,1,-1,1,-1,1,1,-1,1,1,1,1,1,1,-1,1,1,1,1,1,-1,1,-1,1,-1,1,1,1,-1,-1,1,-1,1,1,-1,1,-1,1,-1,1,1,-1,-1,-1,1,-1,1,1,1,1,-1,1,1,1,1,-1,-1,-1,-1,1,1,1,-1,-1,1,-1,-1,1,-1,1,-1,-1,-1,1,1,1,-1,-1,1,-1,1,1,1,-1,-1,1,-1,1,1,1,1,-1,-1,-1,1,-1,1,-1,-1,-1,-1,1,-1,1,-1,-1,-1,1,1,-1,1,-1,-1,-1,-1,1,-1,1,-1,1,-1,-1,1,1,1,1,-1,1,-1,1,-1,1,1,-1,1,-1,1,-1,1,1,-1,1,1,-1,-1,-1,1,-1,1,-1,1,-1,1,1,-1,1,-1,1,-1,1,1,-1,-1,1,-1,-1,1,1,-1,1,1,-1,-1,1,1,1,1,-1,1,1,-1,-1,1,1,-1,1,-1,1,-1,-1,1,-1,-1,1,1,-1,1,1,1,-1,1,1,1,1,1,-1,-1,1,-1,1,-1,1,-1,-1,1,1,1,1,1,-1,-1,1,1,1,1,1,1,-1,1,-1,1,1,1,1,-1,1,1,-1,-1,1,1,-1,1,1,1,1,1,1,-1,-1,1,1,-1,1,1,1,-1,1,1,-1,1,1,-1,-1,1,-2640.0,1,2000,445,500,True
2900,-1,-1,1,1,1,1,-1,1,-1,-1,-1,1,-1,-1,-1,-1,1,-1,1,-1,-1,-1,-1,-1,-1,1,-1,-1,-1,-1,-1,-1,1,-1,-1,-1,1,-1,-1,1,-1,-1,-1,-1,-1,-1,1,1,-1,1,-1,-1,1,1,-1,1,-1,1,-1,-1,1,1,-1,1,-1,-1,-1,1,1,-1,1,1,-1,-1,1,1,1,-1,1,-1,-1,1,1,-1,1,-1,-1,1,1,1,1,-1,-1,-1,1,1,-1,1,1,1,-1,1,1,1,-1,1,-1,-1,1,1,1,1,1,1,-1,1,1,1,1,1,-1,-1,-1,1,1,1,1,-1,1,1,1,1,-1,1,-1,1,1,1,1,-1,1,-1,1,-1,1,1,1,1,1,-1,-1,1,1,1,-1,1,-1,1,1,1,-1,-1,1,1,1,-1,1,-1,1,-1,1,-1,1,1,-1,1,-1,-1,1,1,-1,1,-1,1,1,-1,1,-1,-1,1,1,1,-1,1,-1,-1,-1,1,1,-1,1,-1,-1,-1,1,1,1,1,1,-1,1,-1,1,-1,1,-1,-1,-1,1,1,-1,1,1,-1,-1,-1,1,1,-1,1,-1,-1,1,1,-1,1,1,-1,-1,1,1,-1,1,-1,-1,-1,-1,1,-1,-1,1,-1,-1,1,1,1,1,-1,-1,-1,1,1,-1,1,1,1,1,-1,-1,-1,1,-1,1,-1,1,-1,-1,1,-1,1,1,-1,1,-1,-1,1,-1,1,-1,1,-1,1,1,-1,1,-1,-1,-1,1,1,1,1,-1,-1,-1,1,1,1,1,1,-1,-1,-1,1,1,1,-1,-1,-1,1,-1,1,-1,1,-1,-1,1,-1,1,1,-1,-1,-1,1,-1,1,1,-1,-1,-1,1,-1,1,1,-1,-1,1,-1,1,-1,1,-1,-1,1,-1,1,1,1,-1,1,1,1,-1,-1,1,-1,-1,1,1,-1,-1,-1,-1,-1,1,1,-1,-1,-1,-1,-1,1,1,-1,-1,-1,-1,1,1,1,-1,-1,1,-1,-1,1,1,-1,-1,1,-1,-1,1,1,-1,1,-1,-1,-1,-1,-1,-1,-1,1,-1,-1,1,1,-1,-1,-1,-1,1,-1,1,-1,-1,-1,-1,1,1,1,-1,-1,-1,-1,-1,-1,1,1,-1,1,-1,-1,1,-1,1,-1,-1,-1,1,1,-1,1,1,1,-1,-1,1,-1,1,-1,-1,-1,1,1,-1,1,1,1,-1,-1,1,-1,1,-1,-1,-1,-1,1,-1,-1,1,1,-1,-1,1,-1,1,1,-1,1,-1,1,-1,1,1,1,-1,-1,1,-1,1,1,-1,-1,1,1,-1,1,-1,1,-1,1,-1,1,1,1,1,-1,1,-1,-1,1,-1,-1,-1,1,-1,-1,1,-1,1,-1,1,-1,-1,1,-1,-1,1,-1,1,-1,1,-1,1,-1,1,1,-1,-1,-1,1,-1,1,-1,-1,1,-1,1,1,1,1,-1,-1,1,1,-1,1,1,1,-1,1,1,1,-1,1,1,-1,1,1,1,1,-1,1,1,-1,-1,1,-1,1,-1,1,-1,-1,1,1,-1,1,-1,-1,-1,1,1,-1,1,1,-1,1,-1,1,-1,1,1,-1,1,-1,1,-1,-1,-1,-1,1,-1,1,-1,-1,-1,-1,1,-1,1,-1,1,1,1,-1,-1,1,-1,1,1,-1,1,-1,1,-1,-1,1,-1,1,-1,-1,1,1,1,1,1,-1,-1,1,1,1,-1,1,-1,1,1,1,1,-1,-1,-1,1,1,1,1,-1,-1,-1,1,-1,1,-1,1,1,-1,-1,1,1,1,-1,1,-1,-1,1,1,1,1,1,1,-1,1,1,1,1,-1,1,-1,1,1,1,-1,1,1,-1,1,1,1,1,1,1,-1,1,1,1,1,1,1,-1,1,1,-1,1,1,1,1,1,1,1,1,1,1,-1,1,1,1,-1,1,-1,-1,1,1,1,-1,1,-1,-1,1,1,1,1,1,-1,-1,1,1,1,-1,1,1,-1,1,1,-1,-1,1,-1,-1,1,1,1,-1,1,-1,-1,1,1,1,-1,1,1,-1,1,-1,1,-1,1,1,-1,1,1,1,-1,1,-1,1,1,-1,-1,-1,1,1,-1,1,-1,-1,-1,1,1,-1,1,1,-1,1,1,1,-1,1,-1,1,-1,1,1,-1,1,-1,1,-1,1,-1,1,1,1,-1,-1,1,-1,1,1,-1,-1,1,1,1,1,1,-1,-1,-1,1,-1,1,1,-1,1,1,1,-1,1,1,-1,-1,-1,1,-1,1,1,-1,1,1,1,1,1,1,1,-1,1,1,-1,1,1,-1,1,1,1,-1,1,1,-1,-1,1,-1,-1,1,1,-1,1,1,-1,-1,-1,-1,-1,1,1,1,-1,1,1,-1,1,1,1,-1,1,-1,1,1,1,-1,1,1,-1,-1,1,1,-1,-1,-1,1,-1,1,1,-1,1,-1,-1,-1,1,1,-1,-1,-1,1,-1,1,1,-1,-1,-1,-1,-1,1,1,-1,-1,-1,1,-1,1,1,-1,-1,-1,-1,-1,1,-1,1,-1,-1,-1,1,1,1,-1,-1,-1,1,-1,1,1,-1,-1,1,-1,1,1,1,1,-1,-1,-1,1,-1,-1,-1,-1,-1,-1,1,-1,1,-1,-1,-1,-1,1,-1,1,-1,-1,1,1,1,-1,1,-1,1,-1,1,-1,-1,1,1,-1,1,-1,1,-1,1,1,-1,1,1,1,-1,1,1,-1,1,-1,1,-1,-1,1,-1,1,-1,1,-1,-1,1,-1,1,-1,1,1,-1,1,-1,-1,1,-1,1,-1,1,-1,1,1,-1,1,-1,1,1,1,-1,1,-1,1,-1,1,1,-1,1,-1,-1,-1,-1,1,-1,1,-1,1,-1,1,1,1,1,-1,-1,1,1,1,-1,1,1,1,1,-1,1,-1,1,-1,1,1,1,1,-1,1,-1,1,1,1,1,-1,1,1,1,1,1,1,-1,1,1,1,-1,-1,1,-1,1,-1,1,1,1,1,-1,1,1,1,1,-1,1,1,-1,1,1,1,-1,1,-1,1,1,1,-2640.0,1,2000,445,500,True
2901,-1,-1,1,1,1,1,-1,1,-1,-1,-1,1,-1,-1,-1,-1,1,-1,1,-1,-1,1,-1,-1,-1,1,-1,-1,-1,-1,-1,-1,1,-1,-1,1,1,-1,-1,1,-1,-1,1,-1,-1,-1,1,1,-1,-1,-1,-1,1,1,-1,1,-1,1,-1,-1,1,1,-1,1,-1,-1,-1,1,1,-1,1,-1,-1,-1,1,1,1,1,-1,-1,-1,1,1,-1,-1,-1,-1,1,1,1,1,-1,-1,-1,1,1,-1,1,-1,1,-1,1,1,1,-1,-1,-1,-1,1,1,1,1,-1,-1,-1,1,1,1,1,-1,-1,-1,-1,1,1,1,-1,-1,-1,1,1,1,-1,-1,-1,1,1,1,1,-1,-1,-1,1,-1,1,1,1,-1,-1,-1,-1,1,1,1,1,-1,1,1,1,1,-1,1,-1,-1,1,-1,1,-1,1,-1,1,-1,1,1,-1,-1,-1,-1,1,1,-1,1,1,-1,1,-1,1,-1,-1,-1,-1,1,-1,1,-1,-1,1,-1,1,-1,1,-1,-1,1,-1,1,1,1,1,-1,1,-1,1,-1,1,-1,-1,1,-1,1,-1,1,1,-1,1,1,-1,1,-1,1,-1,1,1,1,-1,1,1,-1,1,-1,1,-1,1,-1,-1,1,1,1,-1,-1,1,-1,1,-1,-1,-1,1,-1,-1,1,-1,1,-1,1,1,-1,1,1,-1,-1,1,1,-1,1,1,-1,-1,1,1,-1,1,1,1,-1,1,1,-1,1,1,1,-1,1,1,-1,1,1,-1,-1,-1,1,1,1,1,-1,-1,1,1,-1,1,1,1,-1,-1,1,1,1,1,1,-1,1,1,1,1,-1,1,-1,-1,1,1,1,1,1,-1,-1,1,1,1,1,-1,-1,1,1,-1,1,1,-1,-1,-1,1,1,1,1,1,-1,1,1,-1,1,1,-1,-1,-1,-1,1,1,1,1,-1,-1,-1,1,-1,1,1,-1,-1,1,1,-1,1,1,1,1,-1,1,-1,1,1,1,-1,-1,1,1,-1,1,-1,-1,1,-1,1,-1,1,-1,1,-1,1,-1,-1,1,1,-1,-1,1,1,-1,1,-1,1,-1,1,-1,1,1,1,1,1,1,-1,1,1,1,1,-1,1,-1,-1,1,-1,1,1,1,1,-1,1,1,1,1,-1,-1,-1,1,-1,-1,1,-1,1,-1,-1,1,1,1,-1,-1,-1,-1,-1,1,1,-1,1,-1,1,-1,1,1,1,-1,-1,-1,-1,1,1,1,1,-1,-1,1,1,1,1,-1,1,-1,1,1,-1,1,1,-1,-1,-1,-1,1,1,-1,-1,-1,1,1,1,-1,1,-1,-1,1,-1,1,-1,1,-1,-1,1,-1,1,-1,-1,-1,-1,1,-1,1,-1,1,-1,-1,1,1,1,-1,-1,1,-1,-1,-1,1,1,1,-1,1,-1,-1,-1,1,1,-1,-1,1,-1,1,-1,1,1,1,-1,1,-1,1,1,-1,1,-1,1,-1,1,1,1,-1,1,1,-1,1,1,1,1,1,-1,1,-1,1,1,-1,1,-1,1,1,1,-1,-1,-1,1,-1,-1,1,-1,-1,-1,1,1,-1,1,1,-1,-1,1,1,-1,-1,1,-1,-1,-1,-1,-1,1,1,-1,-1,-1,-1,-1,1,1,-1,-1,1,1,1,-1,1,-1,1,1,1,-1,1,1,-1,-1,-1,1,-1,-1,1,1,-1,1,1,1,1,1,1,-1,-1,1,-1,1,1,1,-1,-1,1,-1,1,1,-1,-1,1,1,-1,1,1,-1,1,1,-1,1,1,1,1,-1,1,1,-1,1,1,1,-1,1,1,1,1,1,1,-1,-1,1,1,1,1,1,-1,1,1,-1,1,1,1,-1,-1,1,1,1,-1,1,-1,-1,1,1,1,1,1,-1,-1,-1,1,1,1,1,-1,-1,1,1,1,1,-1,1,-1,-1,1,1,-1,-1,1,-1,-1,1,1,1,-1,1,-1,1,1,1,-1,-1,-1,-1,1,-1,1,1,-1,1,-1,1,-1,1,-1,1,-1,-1,1,1,1,1,-1,1,-1,1,1,1,1,-1,-1,-1,1,-1,1,1,-1,1,1,1,1,1,1,1,1,-1,1,1,1,1,-1,1,-1,1,1,1,1,-1,1,1,-1,1,1,1,-1,1,1,-1,1,1,1,-1,1,1,-1,1,1,-1,1,1,-1,1,-1,1,-1,1,1,-1,1,1,1,1,1,1,-1,1,1,1,-1,1,1,1,-1,1,1,-1,1,-1,1,-1,1,1,-1,1,1,1,1,1,-1,1,1,1,1,-1,-1,1,-1,1,1,-1,1,-1,1,-1,1,1,1,1,-1,-1,-1,1,1,1,-1,-1,-1,-1,-1,-1,1,-1,1,1,-1,1,1,1,-1,-1,1,-1,1,1,1,-1,1,-1,1,1,1,-1,-1,1,-1,-1,-1,1,-1,-1,1,-1,1,-1,1,-1,-1,1,-1,-1,-1,1,-1,1,1,-1,-1,-1,1,1,-1,-1,-1,-1,-1,-1,1,-1,1,-1,-1,-1,-1,-1,1,-1,1,-1,-1,-1,1,-1,1,-1,-1,-1,-1,1,-1,1,-1,-1,1,-1,1,-1,1,1,-1,-1,-1,1,-1,-1,-1,-1,-1,-1,1,-1,1,-1,-1,-1,1,-1,1,1,-1,-1,-1,-1,1,-1,1,-1,1,-1,1,-1,-1,1,1,-1,1,-1,1,-1,1,1,-1,1,-1,1,-1,1,1,-1,1,-1,-1,-1,-1,1,-1,1,-1,1,-1,-1,1,-1,1,-1,1,-1,-1,1,-1,-1,1,-1,-1,-1,1,-1,1,1,-1,1,-1,1,1,1,-1,1,-1,1,-1,1,1,-1,1,-1,-1,-1,-1,1,-1,1,-1,1,-1,1,1,1,-1,1,-1,1,1,1,-1,1,-1,1,1,-1,1,-1,-1,1,1,1,1,1,-1,-1,1,1,1,1,1,1,-1,-1,-1,1,1,1,1,-1,1,1,-1,-1,1,1,-1,1,1,1,1,1,1,-1,-1,1,1,-1,1,1,1,-1,1,1,-1,1,1,-1,1,1,-2640.0,1,2000,445,500,True
2902,-1,-1,1,1,1,1,-1,1,-1,-1,-1,1,-1,1,-1,-1,1,-1,1,1,-1,1,-1,-1,-1,1,-1,-1,-1,-1,-1,-1,1,1,-1,1,1,-1,-1,-1,1,-1,1,-1,-1,-1,-1,1,-1,-1,-1,-1,1,-1,1,-1,-1,1,-1,-1,-1,1,1,1,-1,-1,-1,-1,-1,-1,1,-1,-1,-1,-1,-1,-1,1,-1,-1,-1,1,1,-1,-1,-1,-1,-1,-1,1,-1,-1,-1,-1,-1,-1,-1,1,-1,1,-1,-1,-1,-1,1,-1,-1,-1,-1,-1,-1,1,-1,-1,-1,-1,-1,-1,1,-1,-1,-1,-1,-1,-1,1,-1,-1,1,-1,-1,-1,-1,-1,-1,-1,-1,-1,-1,-1,-1,-1,-1,-1,-1,-1,1,-1,-1,-1,-1,-1,-1,-1,1,-1,1,-1,-1,-1,1,-1,-1,-1,-1,-1,1,-1,1,-1,-1,-1,-1,-1,-1,-1,-1,-1,-1,-1,-1,1,1,-1,-1,-1,-1,-1,-1,-1,-1,1,-1,1,-1,-1,1,1,-1,-1,-1,1,-1,1,-1,1,-1,-1,-1,-1,1,-1,1,-1,-1,1,-1,1,1,1,-1,1,1,-1,1,1,-1,-1,-1,-1,-1,1,1,1,-1,1,-1,-1,1,1,1,-1,-1,1,-1,1,1,1,-1,-1,-1,-1,1,1,-1,1,-1,1,-1,1,1,1,-1,-1,1,-1,1,-1,-1,-1,-1,1,1,1,-1,-1,-1,-1,-1,1,1,-1,1,-1,1,-1,-1,1,-1,1,-1,-1,-1,-1,1,1,-1,-1,-1,1,1,1,-1,-1,-1,1,-1,-1,1,1,1,-1,-1,-1,1,1,-1,-1,-1,1,-1,1,-1,1,-1,-1,-1,-1,1,1,-1,-1,-1,-1,1,1,1,-1,-1,-1,-1,1,-1,1,-1,-1,-1,-1,-1,1,1,-1,1,-1,-1,1,-1,1,-1,-1,-1,-1,-1,1,1,-1,-1,-1,-1,-1,1,-1,-1,-1,-1,-1,-1,1,-1,-1,1,-1,-1,1,1,-1,-1,1,1,-1,-1,1,1,-1,1,-1,-1,-1,-1,1,-1,-1,-1,-1,-1,1,-1,-1,1,1,1,1,1,1,-1,1,-1,1,-1,1,-1,1,-1,1,-1,1,1,-1,1,1,-1,1,-1,1,-1,-1,-1,1,-1,1,1,1,-1,1,-1,1,1,-1,-1,-1,1,-1,1,1,-1,1,-1,1,-1,1,1,-1,-1,-1,-1,1,1,1,-1,1,-1,1,1,1,1,1,-1,-1,-1,1,1,1,1,1,-1,-1,1,-1,1,1,-1,1,-1,1,1,-1,1,1,-1,1,1,1,1,1,-1,-1,1,1,1,1,-1,1,-1,1,1,-1,1,-1,1,-1,1,1,-1,1,-1,-1,-1,1,1,-1,1,1,1,-1,-1,1,1,1,-1,-1,1,-1,1,-1,1,-1,1,-1,1,1,1,-1,-1,1,-1,-1,1,-1,1,-1,1,1,-1,1,1,-1,1,1,-1,-1,1,1,-1,1,1,1,1,1,1,-1,1,1,1,-1,1,1,1,-1,1,1,-1,1,-1,1,-1,-1,1,-1,-1,1,-1,-1,1,-1,-1,-1,1,1,-1,1,1,-1,-1,1,1,-1,-1,1,-1,-1,-1,-1,-1,1,1,-1,-1,-1,-1,-1,1,1,-1,-1,1,1,1,-1,1,-1,-1,1,1,-1,1,1,-1,-1,-1,1,-1,-1,1,1,-1,1,1,1,1,1,-1,1,1,1,-1,1,1,1,-1,1,1,-1,1,1,-1,1,1,1,-1,1,1,-1,-1,1,-1,1,1,1,-1,1,1,1,-1,1,1,1,1,1,1,1,1,1,1,1,1,1,1,1,1,-1,1,-1,1,-1,1,1,1,1,1,1,1,1,1,-1,1,-1,1,-1,1,1,1,-1,1,-1,1,1,1,1,1,1,1,1,1,1,-1,1,1,-1,1,1,-1,-1,1,1,-1,1,1,1,-1,1,-1,1,1,1,1,1,1,-1,1,1,1,1,-1,1,1,-1,1,1,1,-1,1,-1,1,1,1,1,-1,1,-1,1,1,1,1,-1,1,-1,-1,1,1,1,1,1,1,-1,-1,1,1,-1,-1,1,-1,1,1,1,1,1,-1,1,-1,1,1,-1,1,1,-1,1,1,1,-1,1,1,-1,-1,1,1,1,1,1,-1,-1,1,1,1,1,1,-1,-1,1,-1,1,1,1,-1,1,1,1,1,1,1,-1,-1,1,1,1,1,1,-1,-1,1,1,1,-1,1,-1,-1,1,1,1,1,1,-1,-1,1,1,1,1,-1,1,-1,1,1,1,1,1,-1,-1,1,1,1,1,1,1,-1,-1,1,1,-1,1,-1,-1,1,1,1,-1,1,-1,1,1,1,1,1,1,-1,-1,-1,1,1,1,-1,-1,1,1,1,1,1,1,-1,1,1,1,-1,1,-1,1,1,1,1,1,1,1,-1,-1,1,1,1,1,1,-1,1,1,1,1,1,1,-1,-1,-1,1,1,1,1,-1,1,-1,1,1,1,1,-1,-1,-1,1,1,1,1,-1,1,-1,1,1,1,1,1,-1,-1,1,-1,1,1,-1,1,-1,1,1,1,1,-1,1,1,1,1,1,-1,-1,1,1,1,1,1,-1,1,1,1,1,1,1,1,-1,1,1,-1,1,1,-1,-1,1,-1,1,-1,1,1,-1,1,-1,1,-1,-1,1,-1,1,-1,1,1,1,-1,-1,-1,1,1,1,-1,1,-1,-1,-1,1,1,-1,1,-1,-1,-1,1,-1,1,-1,-1,-1,1,1,1,1,-1,1,-1,1,1,1,-1,1,-1,1,1,1,1,-1,1,-1,-1,-1,1,1,-1,1,-1,1,1,-1,1,1,-1,1,-1,-1,1,1,-1,1,-1,1,1,-1,1,-1,-1,1,1,1,1,1,-1,-1,1,1,1,1,1,1,-1,-1,1,1,1,1,1,-1,1,1,1,1,1,-1,-1,1,1,1,-1,1,1,-1,-1,1,1,-1,1,-1,1,-1,1,1,-1,1,1,-1,-1,1,-2640.0,1,2000,445,500,True
2903,1,1,-1,-1,1,1,-1,1,1,1,1,-1,1,-1,1,1,-1,1,-1,-1,1,1,1,1,1,-1,1,-1,1,1,1,1,-1,-1,-1,1,-1,1,1,1,-1,-1,1,1,1,1,-1,1,-1,1,1,1,1,1,-1,1,1,-1,1,1,-1,-1,1,-1,1,1,1,-1,-1,1,1,-1,1,1,-1,1,1,1,-1,1,1,-1,-1,1,-1,1,1,-1,-1,1,-1,1,-1,1,-1,-1,1,1,-1,-1,1,-1,-1,1,1,-1,-1,1,-1,1,1,-1,-1,-1,1,1,-1,1,1,-1,-1,1,1,-1,1,1,-1,-1,1,1,1,1,1,-1,-1,-1,-1,1,1,1,-1,-1,-1,1,-1,1,-1,-1,-1,-1,1,-1,1,1,1,-1,1,-1,-1,1,1,1,-1,-1,1,-1,1,1,1,-1,-1,-1,1,1,1,-1,-1,1,-1,1,1,-1,1,-1,-1,-1,1,1,1,-1,-1,-1,-1,1,1,1,1,-1,-1,-1,1,-1,1,1,-1,-1,1,1,1,1,1,-1,1,1,-1,-1,1,1,-1,1,-1,1,1,1,1,1,-1,-1,1,1,1,1,1,-1,1,-1,1,1,1,-1,-1,-1,1,-1,1,1,1,-1,1,-1,1,1,1,-1,-1,-1,1,1,1,1,-1,1,-1,1,1,-1,1,1,1,-1,1,1,-1,1,1,1,1,1,1,-1,1,1,1,-1,-1,1,1,1,1,1,1,1,1,1,1,-1,1,1,-1,1,-1,1,1,1,1,1,1,-1,1,1,1,-1,1,1,1,1,1,1,1,-1,1,-1,1,-1,1,1,1,1,-1,1,1,1,1,1,1,1,1,1,1,1,1,-1,-1,1,1,1,1,1,-1,1,1,1,1,-1,1,1,-1,1,1,1,1,1,-1,1,-1,1,1,1,1,-1,1,1,1,1,1,1,1,1,1,1,1,1,1,-1,1,1,1,-1,-1,1,-1,1,-1,1,-1,1,1,1,-1,-1,1,1,-1,1,-1,1,1,1,1,-1,-1,-1,1,1,1,1,-1,1,-1,1,1,1,-1,1,1,1,1,1,1,-1,1,1,-1,1,1,1,-1,-1,1,1,1,-1,1,-1,1,1,1,1,1,1,1,-1,-1,1,-1,1,1,1,-1,1,1,1,1,1,1,1,-1,1,-1,-1,1,-1,1,-1,1,1,-1,-1,1,1,-1,-1,1,-1,1,1,-1,-1,1,1,1,1,-1,1,-1,-1,1,-1,1,1,1,-1,1,1,1,1,1,1,-1,1,-1,1,-1,1,-1,-1,1,-1,1,-1,1,-1,-1,1,-1,1,-1,1,-1,-1,1,-1,-1,1,1,-1,-1,1,-1,1,-1,1,1,-1,1,1,-1,-1,1,1,-1,-1,-1,1,-1,1,-1,-1,1,-1,-1,1,1,1,-1,-1,1,-1,1,1,1,1,-1,1,-1,-1,1,1,1,-1,1,-1,1,-1,-1,1,1,-1,-1,1,-1,-1,1,1,1,1,-1,-1,1,-1,1,1,1,-1,-1,-1,-1,-1,1,1,1,-1,-1,-1,1,1,-1,1,-1,-1,-1,1,1,-1,1,-1,-1,1,1,1,-1,1,-1,-1,-1,-1,1,1,1,-1,1,-1,-1,1,-1,1,-1,1,1,1,-1,-1,1,1,-1,-1,-1,-1,-1,1,1,-1,-1,-1,1,-1,1,1,-1,-1,1,-1,1,1,-1,-1,-1,-1,-1,1,1,-1,1,-1,-1,1,1,1,1,-1,-1,-1,-1,-1,1,1,-1,-1,-1,1,-1,1,1,-1,-1,-1,-1,1,1,1,-1,1,-1,1,-1,1,1,-1,-1,-1,-1,-1,1,1,-1,-1,-1,1,-1,1,1,1,-1,1,1,-1,1,1,-1,-1,-1,1,-1,1,1,1,-1,1,-1,-1,1,-1,1,-1,-1,-1,-1,1,-1,-1,-1,1,1,-1,1,1,-1,-1,1,1,-1,1,-1,-1,1,-1,-1,-1,1,1,-1,1,-1,-1,-1,1,1,-1,-1,1,-1,-1,-1,1,-1,1,-1,1,-1,-1,1,-1,-1,1,-1,-1,1,-1,-1,1,-1,-1,-1,-1,-1,-1,-1,1,-1,-1,-1,1,-1,-1,1,-1,-1,-1,1,-1,-1,1,-1,-1,-1,1,-1,1,1,-1,-1,-1,1,-1,1,-1,-1,-1,1,1,-1,1,-1,1,-1,1,1,-1,-1,-1,-1,1,1,1,-1,1,1,1,-1,1,-1,1,-1,-1,-1,1,1,1,-1,1,-1,1,1,1,1,-1,1,-1,1,-1,1,-1,-1,-1,1,1,-1,1,1,1,-1,-1,1,1,1,1,1,-1,1,1,1,1,1,1,-1,1,1,-1,1,1,1,-1,1,1,1,-1,1,-1,1,1,1,1,1,1,-1,-1,1,1,1,-1,1,-1,-1,1,1,1,1,-1,-1,-1,1,1,1,1,-1,1,-1,1,1,1,1,-1,-1,-1,1,1,1,-1,-1,-1,-1,-1,1,1,-1,1,-1,-1,1,-1,1,1,-1,-1,-1,-1,1,-1,1,1,-1,-1,1,1,1,1,-1,-1,-1,1,1,1,-1,-1,-1,1,-1,1,1,-1,-1,-1,1,-1,1,1,-1,-1,1,-1,1,1,-1,-1,-1,-1,1,-1,1,-1,1,-1,1,-1,-1,1,1,-1,1,-1,1,-1,1,1,-1,1,-1,1,-1,1,1,-1,-1,1,-1,-1,-1,-1,-1,1,-1,1,-1,-1,1,-1,1,-1,1,-1,-1,1,-1,1,-1,1,-1,-1,1,-1,-1,-1,-1,1,-1,1,-1,-1,1,1,-1,1,-1,-1,-1,1,1,-1,-1,-1,-1,-1,1,1,-1,1,1,1,-1,-1,-1,1,-1,-1,-1,-1,1,-1,-1,1,1,-1,1,1,-1,1,1,-1,-1,-1,1,-1,1,1,1,-1,-1,1,-1,-1,1,1,-1,-1,1,-1,1,1,-1,-1,-1,1,-1,1,1,1,1,-1,1,-1,-1,1,1,-1,-1,-1,1,-1,1,-1,1,-1,1,-1,-1,1,-2640.0,1,2000,445,1000,True
2904,1,1,-1,-1,1,1,-1,1,1,1,1,-1,-1,1,1,1,-1,1,-1,-1,-1,1,1,1,1,1,-1,-1,1,1,1,1,-1,-1,-1,1,-1,1,1,1,-1,-1,1,1,1,1,1,1,-1,1,1,1,-1,1,-1,-1,1,-1,1,1,1,-1,-1,1,1,1,1,1,1,-1,1,-1,1,1,1,1,-1,-1,1,1,1,-1,1,-1,-1,1,1,1,1,1,1,1,-1,1,1,1,-1,-1,-1,1,1,1,1,1,-1,1,-1,1,1,1,1,-1,-1,-1,1,1,1,1,1,1,-1,1,1,1,1,-1,-1,-1,1,1,1,1,-1,-1,-1,1,1,1,1,-1,1,-1,-1,1,1,1,1,-1,-1,-1,1,1,1,-1,1,-1,1,1,1,1,-1,-1,-1,-1,1,1,1,-1,1,-1,1,1,1,1,-1,-1,-1,1,1,1,-1,1,-1,-1,1,1,1,-1,-1,-1,-1,-1,1,1,-1,-1,-1,1,-1,1,-1,1,-1,-1,-1,-1,1,1,1,-1,1,-1,1,1,1,1,-1,-1,1,1,1,-1,-1,-1,-1,-1,-1,1,-1,1,-1,-1,1,-1,1,-1,1,-1,-1,1,-1,1,-1,-1,-1,-1,1,-1,1,1,-1,-1,-1,1,1,1,-1,-1,-1,-1,1,-1,1,-1,1,-1,1,-1,1,1,-1,-1,1,-1,-1,1,1,1,-1,1,1,-1,1,1,-1,-1,-1,1,-1,1,1,1,-1,-1,1,-1,1,1,1,-1,1,1,-1,1,1,-1,1,-1,1,1,1,-1,1,1,1,1,-1,-1,1,-1,-1,1,-1,1,-1,1,1,-1,1,1,-1,-1,1,1,1,1,1,-1,1,1,1,1,-1,1,-1,1,1,1,-1,1,1,-1,-1,1,1,1,-1,1,-1,1,1,1,-1,1,1,-1,1,1,1,-1,1,-1,-1,1,1,1,-1,1,-1,-1,-1,1,1,-1,1,-1,-1,1,-1,1,-1,1,1,-1,-1,1,1,1,-1,1,-1,-1,1,1,-1,1,-1,-1,-1,-1,-1,-1,1,1,-1,-1,1,1,-1,1,-1,-1,-1,1,1,1,1,-1,-1,1,1,1,-1,1,-1,-1,-1,-1,1,1,1,1,-1,-1,1,1,1,-1,-1,-1,1,-1,-1,1,-1,1,-1,-1,1,-1,1,-1,-1,-1,1,1,-1,1,-1,1,-1,-1,1,-1,1,1,-1,-1,-1,1,-1,-1,1,1,-1,-1,1,-1,1,1,-1,1,-1,1,-1,-1,1,1,-1,-1,1,-1,1,1,-1,-1,1,1,-1,1,-1,1,-1,1,-1,-1,1,-1,1,-1,1,-1,-1,1,-1,-1,-1,1,-1,-1,1,-1,1,-1,1,-1,-1,1,-1,-1,1,-1,1,-1,1,1,1,-1,1,1,-1,-1,1,1,-1,1,-1,-1,1,-1,1,1,1,1,-1,-1,1,1,-1,1,1,-1,-1,1,1,1,-1,1,1,-1,1,1,1,1,-1,1,1,-1,-1,1,-1,1,-1,1,1,-1,1,1,-1,1,-1,-1,-1,1,1,-1,1,1,-1,1,-1,1,-1,1,1,-1,-1,-1,1,-1,-1,-1,-1,-1,1,1,-1,-1,-1,-1,-1,1,1,-1,1,1,1,1,1,1,-1,1,1,-1,-1,1,1,-1,-1,1,-1,-1,1,1,-1,1,1,1,-1,1,-1,1,1,1,-1,-1,-1,1,1,1,1,-1,1,1,-1,1,1,1,-1,1,1,1,-1,1,-1,1,1,1,-1,1,1,1,-1,-1,1,1,1,1,1,1,-1,1,-1,1,1,1,1,1,1,-1,1,1,1,-1,-1,1,1,1,1,1,1,-1,1,-1,1,1,1,1,-1,1,1,1,1,-1,1,-1,1,1,1,1,1,1,-1,1,1,-1,1,1,-1,-1,-1,-1,1,1,1,-1,-1,1,-1,1,1,1,1,-1,1,1,1,1,1,-1,-1,1,-1,-1,1,-1,-1,-1,1,1,-1,1,1,-1,-1,-1,1,-1,1,1,-1,-1,-1,1,-1,1,1,-1,-1,-1,-1,1,1,1,-1,-1,-1,1,-1,-1,-1,-1,-1,-1,-1,-1,1,-1,-1,-1,-1,1,1,-1,1,-1,-1,-1,1,-1,-1,1,-1,-1,-1,-1,-1,1,1,-1,-1,-1,-1,-1,1,-1,-1,-1,1,-1,-1,1,-1,1,-1,-1,-1,-1,-1,-1,-1,1,-1,-1,-1,1,1,1,-1,-1,-1,1,-1,-1,-1,-1,1,-1,-1,1,1,1,-1,-1,-1,-1,1,-1,1,1,-1,1,-1,-1,1,1,-1,-1,-1,-1,-1,-1,1,1,-1,-1,1,-1,1,1,-1,-1,-1,1,-1,1,1,-1,-1,-1,-1,-1,1,1,1,-1,-1,-1,1,1,1,-1,-1,1,-1,-1,1,1,-1,-1,1,-1,-1,1,1,-1,1,-1,-1,-1,1,1,-1,-1,1,-1,-1,1,1,-1,-1,1,-1,-1,1,1,1,-1,-1,1,-1,-1,1,-1,-1,1,-1,-1,1,-1,1,-1,-1,1,-1,-1,1,1,-1,-1,1,-1,1,1,1,-1,-1,1,-1,1,1,1,-1,-1,1,1,-1,1,-1,-1,1,-1,1,-1,1,-1,-1,1,1,-1,1,1,1,-1,1,1,1,-1,1,-1,1,-1,1,-1,-1,1,1,-1,-1,1,1,-1,1,1,-1,1,-1,1,-1,1,1,-1,1,1,-1,-1,-1,1,-1,1,-1,1,-1,-1,1,1,-1,1,1,-1,-1,1,-1,-1,1,-1,-1,-1,1,-1,1,1,-1,1,-1,1,1,1,-1,1,-1,1,1,1,1,-1,1,-1,-1,1,-1,1,-1,1,-1,1,1,-1,1,1,-1,1,-1,1,1,1,-1,1,-1,1,1,1,1,-1,-1,1,1,1,1,1,-1,-1,1,1,1,1,1,1,-1,-1,-1,1,1,1,1,-1,1,1,1,1,1,-1,-1,1,1,1,1,1,1,-1,-1,1,1,1,1,-1,1,-1,1,1,-1,1,1,-1,-1,1,-2640.0,1,2000,445,500,True
2905,-1,-1,-1,-1,1,1,-1,1,-1,1,1,-1,1,1,-1,-1,1,1,-1,-1,-1,1,-1,1,1,1,-1,-1,1,-1,1,1,-1,-1,-1,1,1,-1,1,1,-1,-1,1,-1,-1,1,1,1,-1,-1,-1,1,1,1,-1,-1,-1,1,-1,1,1,-1,-1,1,-1,-1,1,1,1,-1,1,-1,1,1,1,1,-1,1,-1,-1,1,-1,1,-1,-1,-1,1,1,1,1,1,-1,-1,1,1,1,-1,-1,-1,1,1,1,1,1,1,-1,-1,1,1,1,1,-1,-1,-1,1,1,1,1,1,-1,-1,1,1,1,1,-1,-1,-1,1,1,1,1,1,-1,-1,1,1,1,1,1,-1,-1,1,1,1,1,1,-1,-1,-1,1,1,1,1,1,-1,-1,1,1,1,1,-1,-1,-1,1,1,-1,1,1,-1,1,1,1,1,1,-1,-1,1,1,1,1,-1,1,-1,1,1,1,1,1,-1,-1,-1,1,1,1,1,1,-1,1,1,-1,-1,1,1,-1,-1,1,1,1,1,1,-1,1,1,1,-1,1,1,-1,1,1,-1,-1,1,1,1,-1,1,-1,-1,1,1,-1,-1,1,-1,1,1,1,-1,-1,1,-1,-1,1,1,1,-1,1,-1,1,1,1,-1,1,1,-1,1,1,1,-1,-1,1,1,-1,-1,1,1,1,1,1,1,-1,1,1,1,1,1,1,-1,1,1,1,1,1,-1,1,1,1,1,1,1,1,1,1,-1,-1,1,1,1,-1,1,1,1,1,1,1,-1,1,1,1,-1,1,1,-1,1,1,1,1,-1,1,-1,1,-1,1,1,1,1,-1,1,1,1,1,1,1,-1,1,1,1,1,1,-1,1,1,1,1,1,1,1,-1,1,1,-1,1,1,-1,1,1,1,-1,1,1,1,-1,1,-1,1,1,1,1,-1,1,1,-1,1,1,1,1,1,1,-1,1,1,1,-1,1,1,1,-1,1,-1,-1,1,1,-1,1,1,1,1,1,1,1,-1,1,1,-1,1,1,-1,-1,-1,-1,1,1,1,-1,1,1,-1,1,1,-1,1,-1,1,1,1,1,-1,1,1,-1,1,-1,1,1,1,-1,1,-1,1,-1,1,-1,1,-1,-1,1,1,1,-1,-1,-1,-1,1,-1,1,-1,1,-1,-1,1,1,1,1,-1,-1,-1,1,-1,1,-1,1,-1,-1,-1,1,1,1,1,-1,-1,1,-1,1,1,-1,-1,-1,-1,1,-1,1,-1,-1,-1,1,-1,1,-1,-1,-1,-1,-1,1,1,-1,1,-1,-1,1,-1,1,-1,-1,1,-1,1,-1,1,-1,-1,1,-1,-1,1,1,-1,-1,1,-1,1,-1,1,1,-1,-1,1,-1,1,-1,1,-1,-1,1,-1,-1,-1,1,-1,-1,1,-1,1,-1,1,-1,-1,1,-1,-1,1,1,-1,-1,-1,1,-1,1,1,-1,1,-1,1,-1,-1,1,1,1,-1,1,-1,1,-1,1,-1,1,-1,1,1,-1,-1,-1,1,1,-1,1,-1,-1,1,1,1,1,-1,-1,-1,1,-1,1,1,1,-1,-1,-1,1,1,-1,1,-1,-1,-1,1,1,1,1,-1,-1,-1,1,1,1,1,-1,-1,-1,-1,1,-1,1,-1,1,-1,-1,1,1,1,-1,-1,1,-1,1,-1,1,1,-1,-1,-1,-1,1,1,1,-1,-1,-1,1,1,1,1,-1,-1,-1,-1,1,1,-1,-1,-1,-1,-1,1,1,-1,1,-1,1,1,1,1,1,-1,-1,-1,-1,1,1,-1,1,-1,-1,1,1,1,1,-1,1,-1,-1,1,1,1,-1,1,-1,1,1,1,1,-1,-1,-1,-1,1,1,1,-1,1,-1,1,1,1,1,1,-1,1,-1,1,1,1,-1,-1,-1,1,1,1,1,1,-1,1,-1,1,-1,-1,1,-1,1,-1,1,1,-1,-1,1,-1,1,1,-1,1,-1,1,-1,1,1,1,-1,1,-1,1,-1,-1,-1,1,-1,1,-1,-1,1,-1,1,-1,1,-1,1,1,-1,1,-1,1,1,-1,1,-1,-1,1,1,1,1,-1,-1,1,-1,-1,1,1,-1,-1,-1,-1,1,-1,1,-1,-1,1,1,-1,1,1,-1,-1,1,-1,-1,1,1,-1,-1,-1,-1,1,-1,1,-1,-1,-1,-1,-1,1,-1,-1,1,-1,-1,1,-1,1,-1,-1,-1,-1,-1,1,1,1,-1,-1,-1,1,1,1,-1,-1,-1,1,-1,-1,1,1,-1,-1,-1,1,1,1,-1,-1,1,-1,1,-1,1,-1,-1,1,-1,-1,1,1,-1,-1,-1,-1,-1,-1,1,1,-1,-1,1,-1,1,1,-1,-1,-1,-1,-1,1,1,-1,-1,-1,1,-1,1,1,1,-1,-1,-1,1,1,1,-1,-1,1,-1,-1,1,1,-1,-1,-1,-1,-1,1,1,-1,1,-1,-1,-1,1,1,-1,-1,1,-1,-1,1,-1,-1,-1,1,-1,-1,1,1,1,-1,-1,-1,-1,1,1,-1,-1,1,-1,-1,1,-1,1,-1,1,-1,-1,1,1,1,-1,-1,1,-1,1,1,1,-1,1,-1,-1,1,1,1,-1,-1,-1,-1,1,-1,-1,-1,1,-1,1,1,1,-1,-1,-1,-1,1,-1,1,1,-1,-1,-1,1,1,1,-1,1,1,-1,1,1,-1,1,-1,1,-1,-1,1,1,1,-1,1,-1,-1,1,1,1,-1,-1,1,-1,1,-1,1,-1,-1,1,-1,1,-1,1,1,-1,1,-1,1,-1,1,-1,1,-1,1,-1,1,1,-1,-1,-1,1,-1,1,1,1,-1,1,-1,1,1,1,-1,-1,1,-1,1,-1,1,-1,-1,1,-1,1,1,1,-1,-1,-1,1,-1,-1,-1,-1,-1,1,-1,1,1,1,-1,1,1,1,-1,1,1,1,-1,1,-1,1,1,1,-1,-1,1,1,1,1,1,-1,-1,1,1,-1,1,1,-1,-1,1,1,-1,-1,1,1,-1,1,1,1,1,1,1,-1,-1,-1,1,1,1,1,-1,1,1,-1,1,-2640.0,1,2000,445,1000,True
2906,1,1,-1,-1,1,-1,1,1,1,1,1,-1,1,1,1,1,-1,1,-1,-1,1,1,1,1,1,-1,1,1,1,1,1,1,1,-1,1,1,-1,1,1,-1,-1,1,1,1,1,1,1,-1,1,-1,1,1,-1,1,-1,1,1,-1,1,1,1,-1,-1,-1,1,1,1,1,-1,1,1,-1,1,1,1,-1,1,1,-1,1,1,-1,-1,1,-1,1,1,1,-1,-1,1,1,-1,1,1,-1,1,-1,-1,1,1,1,-1,1,-1,-1,-1,1,1,1,1,1,-1,-1,1,1,1,1,-1,-1,-1,1,1,1,-1,1,-1,-1,1,1,1,1,-1,-1,-1,1,1,1,1,-1,-1,-1,1,1,-1,1,-1,-1,-1,-1,1,1,1,-1,1,-1,-1,-1,-1,1,-1,1,-1,-1,1,-1,1,-1,1,-1,-1,-1,1,1,-1,-1,-1,1,-1,1,-1,1,1,-1,-1,-1,1,1,-1,-1,-1,-1,-1,1,1,-1,1,-1,-1,-1,1,1,-1,1,-1,-1,1,1,1,-1,1,-1,1,1,-1,1,-1,1,-1,1,-1,1,1,1,1,1,-1,-1,1,1,-1,1,-1,-1,1,1,1,1,1,-1,-1,1,1,-1,1,1,1,-1,-1,1,-1,1,1,-1,-1,-1,1,-1,1,1,-1,-1,1,-1,1,1,1,1,-1,1,-1,1,1,1,1,1,-1,-1,1,1,1,1,1,-1,1,-1,1,1,1,1,-1,-1,-1,1,1,-1,-1,-1,1,-1,1,1,1,-1,-1,-1,1,1,1,1,1,-1,-1,-1,-1,1,1,1,-1,1,-1,1,1,-1,1,-1,-1,1,1,1,1,1,-1,-1,1,-1,1,1,1,-1,-1,1,1,1,1,1,-1,1,-1,-1,1,1,-1,-1,-1,-1,1,1,1,-1,-1,-1,1,-1,1,-1,1,-1,-1,1,-1,1,1,1,-1,-1,1,1,1,1,1,1,-1,1,-1,1,1,1,1,-1,1,-1,-1,1,-1,1,-1,1,1,-1,1,1,-1,-1,1,-1,1,1,-1,-1,-1,-1,-1,1,1,-1,1,1,1,-1,1,-1,1,1,-1,1,1,1,-1,1,1,1,-1,-1,1,1,1,1,1,1,1,-1,1,1,-1,1,1,1,1,1,-1,1,-1,-1,1,1,1,-1,1,1,1,-1,1,1,-1,-1,1,1,1,-1,1,1,-1,1,1,-1,1,1,1,-1,1,1,1,-1,1,1,-1,1,-1,1,1,-1,1,-1,-1,1,1,-1,1,-1,-1,-1,1,1,1,1,-1,-1,1,-1,1,-1,1,-1,-1,1,1,1,-1,1,-1,-1,1,1,-1,1,1,-1,-1,1,1,-1,-1,1,1,-1,-1,1,-1,1,-1,1,-1,1,1,-1,-1,-1,1,-1,-1,1,-1,1,-1,1,-1,-1,1,-1,-1,1,1,-1,-1,-1,1,-1,1,1,-1,1,-1,1,-1,-1,1,1,1,-1,1,-1,1,-1,1,-1,-1,-1,1,1,-1,-1,1,-1,1,1,-1,-1,1,-1,1,1,1,-1,-1,-1,-1,-1,1,-1,1,-1,-1,-1,1,1,-1,1,-1,-1,-1,1,1,-1,1,-1,-1,1,1,1,-1,1,-1,-1,-1,-1,1,1,1,-1,1,-1,-1,1,-1,1,-1,-1,1,-1,1,-1,1,1,-1,-1,-1,-1,-1,1,1,-1,-1,-1,1,-1,1,1,-1,-1,-1,-1,1,1,-1,-1,-1,-1,-1,1,1,-1,1,-1,1,1,1,1,1,-1,-1,-1,-1,-1,1,-1,1,-1,-1,1,-1,1,1,-1,1,-1,-1,1,1,1,-1,1,-1,1,-1,1,1,-1,-1,-1,-1,-1,1,1,-1,1,-1,1,-1,1,1,1,-1,1,-1,-1,1,1,-1,-1,-1,1,-1,1,1,1,-1,1,-1,-1,-1,-1,1,-1,1,-1,-1,1,-1,-1,1,-1,1,-1,1,1,-1,1,-1,1,-1,1,-1,1,-1,1,-1,-1,1,1,-1,1,-1,-1,-1,-1,1,-1,1,-1,1,-1,-1,1,-1,1,1,-1,-1,-1,1,1,1,1,1,-1,-1,1,1,-1,1,1,-1,-1,-1,1,-1,1,1,-1,-1,1,1,1,-1,1,-1,-1,1,1,-1,1,1,-1,-1,1,-1,1,-1,1,-1,-1,1,1,-1,1,-1,-1,1,-1,1,-1,1,1,-1,1,1,1,-1,1,1,1,1,1,1,-1,1,1,-1,-1,-1,1,-1,1,1,-1,1,1,1,1,1,1,-1,1,1,1,1,-1,1,-1,1,-1,1,-1,1,1,-1,-1,1,1,1,1,1,1,-1,1,-1,1,-1,1,-1,-1,1,-1,1,-1,1,-1,-1,1,-1,1,-1,1,1,-1,1,1,-1,1,1,-1,1,-1,1,1,1,1,1,-1,1,1,-1,-1,1,-1,1,1,1,1,-1,1,1,-1,-1,1,1,1,-1,-1,1,-1,1,1,-1,1,1,-1,-1,1,1,1,1,1,-1,1,1,1,-1,1,1,1,-1,1,-1,-1,1,-1,1,-1,1,1,-1,1,1,1,-1,1,-1,-1,1,1,-1,-1,1,-1,1,-1,1,-1,-1,1,-1,-1,1,1,-1,1,-1,1,-1,1,1,-1,-1,-1,1,-1,1,1,-1,1,-1,-1,-1,-1,1,-1,1,1,-1,-1,1,1,-1,-1,-1,-1,1,-1,1,-1,-1,-1,1,-1,-1,-1,-1,1,-1,-1,-1,-1,1,-1,1,-1,1,1,-1,1,-1,-1,1,-1,1,-1,1,1,-1,-1,1,1,-1,-1,-1,1,-1,-1,-1,1,-1,1,-1,-1,-1,1,-1,1,1,-1,1,1,-1,1,-1,1,-1,-1,1,-1,-1,1,1,-1,1,-1,1,1,-1,1,-1,-1,1,-1,1,1,1,1,-1,1,-1,1,-1,1,-1,-1,1,1,1,-1,1,1,-1,1,-1,1,1,1,1,-1,1,-1,1,-1,-1,1,-1,1,1,1,-1,1,1,-1,-1,1,1,1,-1,1,-1,1,-1,1,-2640.0,1,2000,445,1000,True
2907,1,1,-1,-1,1,-1,1,1,1,1,1,-1,1,1,1,1,-1,1,-1,-1,1,1,1,1,1,-1,1,1,1,1,1,1,1,-1,1,1,-1,1,1,1,-1,1,1,1,1,1,1,-1,1,-1,1,1,-1,1,-1,-1,1,-1,1,1,-1,-1,-1,-1,1,1,1,1,-1,1,1,-1,1,1,1,-1,1,1,-1,1,1,-1,-1,1,-1,1,1,1,-1,-1,1,1,-1,1,1,-1,1,-1,-1,-1,1,1,-1,1,-1,-1,-1,1,1,1,1,1,-1,-1,1,1,-1,1,-1,-1,-1,1,1,1,-1,1,-1,-1,1,1,1,1,-1,-1,-1,1,1,1,1,-1,-1,-1,-1,1,-1,1,-1,-1,-1,-1,1,1,1,-1,1,-1,-1,-1,-1,1,-1,-1,-1,-1,1,-1,1,-1,1,-1,-1,-1,1,1,-1,-1,-1,1,-1,1,-1,1,1,-1,-1,-1,1,1,-1,-1,-1,-1,-1,1,1,-1,1,-1,-1,-1,1,1,-1,1,-1,-1,1,1,1,-1,1,-1,1,1,-1,1,-1,1,-1,1,-1,1,1,1,1,1,-1,-1,1,1,-1,1,1,-1,1,1,1,1,1,-1,-1,-1,1,-1,1,1,1,-1,-1,1,-1,1,1,-1,-1,-1,1,-1,1,1,-1,-1,1,-1,1,1,1,1,-1,1,-1,1,1,1,1,-1,-1,-1,1,1,1,1,1,-1,1,-1,1,1,1,1,-1,-1,-1,1,1,-1,-1,-1,1,-1,1,1,1,-1,-1,-1,-1,1,1,1,1,-1,-1,-1,1,1,1,1,-1,1,-1,1,1,-1,1,-1,-1,-1,1,1,1,1,-1,-1,1,1,1,1,-1,-1,-1,1,-1,1,1,-1,-1,-1,-1,1,1,1,1,-1,-1,1,-1,1,1,-1,-1,-1,-1,1,1,1,1,-1,-1,-1,1,1,1,1,-1,-1,-1,1,1,1,1,1,-1,1,1,1,1,1,1,-1,-1,1,-1,1,1,1,-1,-1,-1,-1,1,1,-1,1,-1,1,1,1,1,-1,-1,1,1,1,1,1,1,1,-1,1,1,1,1,1,1,-1,1,1,1,-1,1,-1,1,1,1,1,1,1,1,1,1,-1,1,1,-1,1,-1,1,1,1,1,1,-1,1,-1,1,1,-1,1,1,-1,1,1,1,-1,-1,1,1,-1,-1,1,1,-1,1,1,-1,-1,1,1,-1,1,1,1,-1,1,1,-1,1,1,1,1,-1,1,-1,-1,1,-1,-1,1,1,-1,-1,1,-1,1,1,-1,-1,1,1,-1,1,1,-1,-1,1,1,-1,1,1,-1,-1,1,1,-1,1,1,-1,-1,1,-1,1,-1,1,-1,1,-1,1,-1,1,1,-1,-1,1,1,-1,-1,1,-1,-1,-1,1,-1,1,1,-1,-1,-1,1,-1,-1,1,-1,-1,-1,-1,1,-1,1,-1,-1,1,-1,1,-1,-1,1,1,1,-1,1,-1,1,1,1,-1,-1,-1,1,1,-1,-1,1,1,1,-1,1,-1,1,-1,1,1,1,-1,-1,-1,1,-1,1,-1,1,-1,-1,-1,1,1,-1,1,-1,-1,-1,1,1,-1,1,-1,-1,-1,1,1,-1,1,-1,-1,-1,-1,1,1,1,-1,1,-1,-1,1,-1,1,-1,-1,1,1,1,-1,1,1,-1,-1,-1,-1,-1,1,1,-1,-1,-1,-1,-1,1,1,-1,-1,-1,1,1,1,-1,-1,-1,-1,1,1,1,-1,1,-1,1,-1,1,1,1,-1,-1,-1,-1,-1,1,1,-1,-1,-1,1,-1,1,1,-1,-1,-1,-1,1,1,1,-1,1,-1,-1,-1,1,1,-1,-1,-1,-1,-1,1,1,-1,-1,-1,-1,-1,1,1,-1,-1,1,-1,-1,1,1,-1,-1,-1,-1,-1,1,1,1,-1,-1,1,-1,1,-1,1,-1,-1,1,-1,1,-1,1,-1,1,-1,-1,1,1,-1,-1,-1,1,-1,1,-1,1,-1,1,1,-1,1,1,1,-1,-1,1,-1,-1,1,1,-1,-1,1,-1,-1,1,-1,-1,1,1,-1,-1,1,1,-1,1,1,-1,-1,1,1,-1,1,1,-1,-1,-1,1,-1,1,1,-1,-1,1,1,-1,-1,1,-1,-1,1,1,1,1,1,-1,-1,1,1,1,-1,1,-1,-1,1,1,-1,1,-1,-1,1,1,1,-1,1,1,-1,1,1,1,-1,1,1,1,1,1,1,-1,1,1,-1,-1,-1,1,-1,1,1,-1,1,1,1,1,1,1,-1,1,1,1,1,-1,1,-1,1,-1,1,-1,1,1,-1,-1,1,1,1,1,1,1,-1,1,-1,1,-1,1,-1,-1,1,-1,1,-1,1,-1,-1,1,-1,1,-1,1,1,-1,1,1,-1,1,1,-1,1,-1,1,1,1,1,1,-1,1,1,-1,-1,1,-1,1,1,1,-1,1,1,1,-1,-1,1,1,1,-1,1,1,-1,1,1,-1,1,1,-1,-1,1,1,1,1,1,-1,1,1,1,-1,1,1,1,-1,1,1,-1,1,-1,1,-1,1,1,-1,1,1,1,-1,1,1,1,1,1,-1,-1,1,1,-1,-1,1,-1,-1,1,1,-1,1,1,-1,1,1,1,-1,1,1,-1,-1,1,-1,-1,1,1,-1,1,1,1,-1,-1,1,-1,1,1,1,-1,1,1,-1,-1,-1,1,-1,1,1,-1,-1,1,-1,-1,-1,-1,-1,1,-1,1,-1,-1,1,-1,1,-1,1,-1,1,1,-1,-1,1,-1,-1,-1,-1,1,-1,-1,-1,-1,1,-1,-1,1,-1,1,1,1,-1,1,-1,-1,1,-1,-1,1,1,-1,-1,-1,1,1,-1,1,-1,1,-1,-1,-1,1,1,-1,-1,-1,1,1,-1,1,-1,-1,-1,1,1,1,1,1,-1,-1,1,1,-1,1,-1,1,-1,1,1,-1,1,1,1,-1,1,1,1,1,1,-1,-1,1,1,-1,1,1,-1,-1,-1,1,-1,1,1,-1,1,-1,1,1,-1,1,-1,1,-1,1,-2640.0,1,2000,445,1000,True
2908,1,1,-1,-1,1,1,-1,1,1,1,1,-1,-1,1,1,1,-1,1,-1,-1,-1,1,1,1,1,1,-1,-1,1,1,1,1,-1,-1,-1,1,-1,1,1,1,-1,-1,1,1,1,1,1,1,-1,-1,1,1,-1,1,-1,-1,1,-1,1,1,1,-1,-1,-1,1,1,1,1,1,-1,1,-1,1,1,1,1,1,1,1,1,1,1,1,-1,-1,1,1,1,1,-1,-1,1,-1,1,1,1,1,1,-1,1,1,1,1,1,1,-1,-1,1,1,1,1,-1,-1,-1,1,1,1,1,1,-1,-1,1,1,1,1,-1,-1,-1,1,1,1,1,1,-1,-1,1,1,1,1,1,-1,-1,1,1,1,1,-1,-1,-1,-1,1,1,1,1,1,-1,-1,1,1,1,1,1,-1,-1,1,1,1,1,1,-1,1,1,1,1,1,-1,-1,1,1,1,1,-1,1,-1,1,1,1,1,-1,-1,-1,-1,1,1,1,1,1,-1,-1,1,-1,-1,1,1,-1,-1,1,1,1,1,1,-1,1,1,-1,-1,1,1,-1,1,1,1,1,1,1,1,-1,1,-1,1,1,1,-1,-1,1,1,1,1,1,-1,-1,1,-1,-1,1,1,1,-1,1,-1,1,1,1,-1,1,1,1,1,-1,1,-1,-1,-1,1,1,1,1,1,1,-1,1,1,-1,1,1,1,1,1,1,-1,1,1,1,1,-1,1,1,1,1,1,1,1,1,1,1,-1,-1,1,-1,1,-1,1,1,1,1,1,1,-1,1,1,1,-1,1,1,1,1,1,1,1,-1,1,-1,1,-1,1,1,1,1,-1,1,1,1,1,1,1,-1,1,1,1,1,1,1,1,1,1,1,1,1,-1,-1,1,1,-1,1,1,-1,1,1,1,1,1,1,1,-1,1,-1,1,1,1,1,-1,1,1,1,1,1,1,1,1,1,-1,1,1,1,-1,1,1,1,-1,1,-1,-1,1,1,-1,1,1,1,1,1,1,1,-1,1,1,-1,1,1,-1,-1,-1,-1,1,1,1,-1,1,1,-1,1,1,-1,-1,1,1,1,1,1,-1,1,1,-1,1,-1,1,1,1,-1,1,-1,1,-1,1,-1,1,-1,-1,1,1,1,-1,-1,-1,-1,1,-1,1,-1,1,-1,-1,1,1,1,1,1,-1,-1,1,-1,1,-1,1,-1,-1,-1,1,1,1,1,-1,-1,1,-1,1,1,-1,-1,-1,-1,1,-1,1,1,-1,-1,1,-1,1,1,-1,-1,-1,-1,1,1,-1,1,-1,-1,1,1,1,-1,-1,1,-1,1,1,1,-1,-1,1,-1,-1,1,1,1,-1,1,-1,-1,-1,1,-1,-1,-1,1,-1,1,1,-1,1,-1,1,-1,-1,1,-1,-1,-1,1,-1,-1,1,-1,-1,-1,1,-1,-1,1,-1,-1,-1,-1,1,-1,1,-1,-1,1,-1,1,-1,-1,1,1,1,-1,1,-1,1,-1,1,-1,1,-1,1,1,-1,-1,-1,-1,1,1,-1,-1,1,-1,1,1,1,-1,-1,-1,1,-1,1,-1,1,-1,-1,-1,1,1,-1,1,-1,-1,-1,1,1,-1,1,-1,-1,-1,1,1,-1,1,-1,-1,-1,-1,1,1,1,-1,1,-1,-1,1,-1,1,-1,-1,1,-1,1,-1,1,1,-1,-1,-1,-1,-1,1,1,-1,-1,-1,-1,-1,-1,1,-1,-1,-1,1,1,1,-1,-1,-1,-1,1,1,1,-1,1,-1,1,-1,1,1,1,-1,-1,-1,-1,-1,1,-1,1,-1,-1,1,-1,1,1,-1,1,-1,-1,1,1,1,-1,1,-1,-1,-1,1,1,-1,1,-1,-1,-1,1,1,-1,1,-1,-1,-1,1,1,-1,-1,1,-1,-1,1,1,-1,-1,-1,-1,-1,1,1,1,-1,1,1,-1,-1,-1,1,-1,1,1,-1,1,-1,-1,1,1,-1,-1,1,1,-1,1,-1,1,-1,1,-1,-1,1,-1,1,-1,1,1,-1,1,1,1,-1,-1,1,-1,1,-1,1,-1,-1,1,-1,1,1,1,-1,-1,-1,1,1,1,1,-1,-1,1,-1,-1,1,1,-1,-1,-1,-1,1,-1,1,-1,-1,1,1,-1,1,1,-1,-1,1,-1,-1,1,1,-1,-1,-1,-1,1,-1,1,-1,-1,-1,-1,1,-1,-1,-1,1,-1,-1,1,-1,1,-1,-1,-1,-1,-1,-1,1,1,-1,-1,-1,1,1,1,-1,-1,-1,1,-1,-1,1,-1,-1,-1,-1,1,1,1,-1,-1,1,-1,1,-1,1,1,-1,1,-1,-1,1,1,-1,-1,-1,-1,-1,-1,1,1,-1,-1,1,-1,1,1,-1,-1,-1,1,-1,1,1,-1,-1,1,1,-1,1,1,1,-1,1,-1,1,1,1,-1,-1,1,-1,-1,1,1,-1,-1,-1,-1,-1,1,1,-1,1,1,-1,-1,1,1,-1,-1,1,-1,-1,1,-1,-1,-1,1,-1,-1,1,1,1,-1,-1,-1,-1,1,1,-1,-1,1,-1,-1,1,-1,1,-1,1,-1,-1,1,1,1,-1,-1,-1,-1,1,1,1,-1,1,-1,-1,1,1,1,-1,-1,-1,-1,1,-1,-1,-1,-1,-1,1,1,1,-1,-1,-1,-1,1,-1,1,-1,-1,-1,-1,1,1,1,-1,1,-1,-1,1,1,-1,1,-1,1,-1,-1,1,1,1,-1,1,-1,-1,1,1,1,-1,-1,1,-1,1,-1,1,-1,1,-1,1,1,-1,1,-1,1,-1,1,-1,-1,1,-1,1,-1,1,-1,1,1,-1,-1,-1,1,-1,1,1,-1,-1,1,-1,1,1,1,-1,-1,1,-1,1,-1,1,-1,-1,1,-1,1,1,1,1,-1,-1,1,-1,-1,-1,-1,-1,1,-1,1,1,1,-1,1,1,1,-1,1,1,-1,-1,1,-1,1,1,1,-1,-1,1,1,1,1,1,-1,1,1,1,-1,1,1,-1,-1,1,1,-1,1,1,1,-1,1,1,1,1,1,-1,1,1,-1,1,1,-1,1,-1,1,1,-1,1,-2640.0,1,2000,445,1000,True
2909,1,1,-1,-1,1,1,-1,1,1,1,1,-1,1,-1,1,1,-1,1,-1,-1,-1,1,1,1,1,1,-1,-1,1,1,1,1,-1,-1,-1,1,-1,1,1,1,-1,-1,1,1,1,1,1,1,-1,-1,1,1,-1,1,-1,1,1,-1,1,1,1,-1,-1,-1,1,1,1,1,1,-1,1,-1,1,1,1,1,1,-1,1,1,1,-1,1,-1,-1,1,1,1,1,1,1,1,-1,1,1,1,-1,1,-1,-1,1,1,1,1,-1,-1,-1,1,1,1,1,1,-1,-1,1,1,1,1,1,-1,-1,1,1,1,1,1,-1,-1,1,1,1,1,-1,-1,-1,-1,1,1,1,-1,-1,-1,-1,1,1,1,1,-1,-1,-1,1,1,1,1,1,-1,-1,-1,1,1,-1,1,-1,-1,1,-1,1,-1,1,-1,-1,-1,1,1,-1,-1,-1,1,1,1,-1,1,1,-1,-1,-1,1,-1,-1,-1,-1,-1,-1,1,-1,-1,1,-1,-1,-1,1,-1,-1,1,-1,-1,1,1,1,-1,1,-1,1,1,-1,-1,-1,1,1,1,-1,1,1,-1,1,1,-1,-1,1,1,-1,1,1,-1,1,1,1,-1,1,1,-1,-1,1,-1,-1,1,1,-1,-1,1,1,-1,1,-1,-1,-1,1,-1,-1,1,1,1,-1,-1,1,-1,1,-1,-1,-1,-1,1,-1,1,-1,-1,1,-1,1,-1,1,-1,1,-1,-1,1,-1,1,-1,1,-1,-1,1,-1,1,1,-1,-1,-1,1,1,1,-1,-1,-1,-1,1,-1,1,1,1,-1,-1,1,1,1,-1,-1,-1,1,-1,1,-1,1,-1,-1,-1,-1,1,1,-1,1,-1,-1,1,1,1,-1,-1,-1,-1,1,-1,1,-1,1,-1,-1,-1,1,1,-1,1,-1,-1,1,-1,1,-1,-1,-1,-1,-1,1,1,-1,-1,-1,-1,-1,1,-1,-1,-1,-1,-1,-1,-1,-1,-1,-1,1,-1,1,1,-1,-1,1,1,-1,-1,1,1,-1,-1,1,-1,-1,-1,1,-1,-1,-1,1,-1,1,-1,-1,-1,-1,-1,-1,1,1,-1,-1,1,1,-1,1,-1,-1,-1,1,-1,-1,1,-1,-1,-1,1,-1,1,1,-1,-1,-1,-1,1,1,1,1,-1,-1,1,-1,-1,1,-1,-1,-1,1,-1,1,-1,1,-1,-1,1,-1,-1,1,-1,-1,1,1,-1,1,-1,1,-1,-1,1,-1,-1,-1,-1,-1,-1,1,-1,-1,1,1,-1,-1,-1,-1,1,-1,-1,1,-1,1,-1,-1,1,1,-1,-1,1,-1,-1,-1,-1,-1,1,1,-1,-1,1,1,-1,1,-1,1,-1,1,1,-1,1,-1,-1,-1,-1,-1,-1,1,-1,1,-1,1,1,-1,1,-1,-1,1,-1,-1,1,-1,1,-1,1,-1,1,-1,1,1,-1,1,-1,1,-1,1,-1,-1,1,-1,1,1,1,1,-1,-1,1,1,-1,1,1,-1,-1,1,1,1,-1,1,1,-1,1,1,1,1,1,-1,1,-1,1,1,-1,1,-1,1,-1,-1,1,-1,-1,1,-1,-1,1,-1,-1,-1,1,1,-1,-1,1,-1,-1,1,1,-1,-1,1,-1,-1,-1,-1,-1,-1,1,-1,-1,-1,-1,-1,-1,1,-1,-1,1,1,1,1,1,-1,-1,1,1,-1,-1,1,-1,-1,-1,1,-1,-1,1,1,-1,1,1,1,-1,1,-1,1,1,1,-1,-1,-1,1,-1,1,1,-1,1,1,-1,1,1,1,-1,1,1,-1,-1,1,-1,1,1,1,-1,1,1,1,-1,-1,1,1,1,1,1,1,-1,1,1,1,1,1,1,1,1,-1,1,1,1,-1,-1,1,1,1,1,1,1,-1,1,1,1,1,1,1,-1,1,1,-1,1,-1,1,-1,1,1,1,1,1,1,-1,1,1,1,1,1,-1,-1,1,-1,1,1,1,-1,-1,1,-1,1,1,1,1,-1,1,1,1,1,1,-1,-1,1,-1,1,1,-1,-1,-1,1,1,1,1,1,-1,-1,1,1,1,1,1,-1,-1,-1,1,-1,1,1,-1,-1,-1,1,1,1,1,-1,-1,1,-1,-1,1,-1,-1,-1,-1,-1,1,-1,1,-1,-1,-1,1,1,1,1,-1,-1,-1,1,1,1,1,-1,-1,-1,1,1,1,1,-1,-1,-1,1,1,1,-1,-1,-1,1,1,1,-1,-1,1,-1,1,1,1,-1,-1,-1,1,1,1,1,-1,1,-1,-1,-1,-1,1,-1,-1,-1,-1,1,1,1,1,1,1,-1,1,1,1,1,-1,1,1,-1,-1,1,-1,1,1,-1,-1,1,1,1,-1,1,1,-1,1,1,1,-1,1,-1,-1,-1,1,1,-1,1,-1,-1,1,1,1,1,1,1,-1,1,1,1,1,1,-1,1,-1,1,1,1,1,-1,-1,1,1,1,1,1,-1,1,1,1,-1,1,1,-1,-1,-1,1,1,1,1,-1,-1,-1,1,1,1,1,1,-1,-1,1,1,1,1,-1,-1,1,1,1,1,-1,1,-1,-1,1,1,1,1,1,-1,-1,1,1,1,1,1,-1,1,-1,1,1,1,1,-1,-1,1,1,1,-1,-1,-1,-1,1,1,-1,1,-1,-1,-1,-1,1,1,1,1,-1,-1,1,-1,1,1,-1,1,-1,1,1,1,-1,1,-1,1,-1,1,1,1,1,-1,1,-1,1,-1,1,1,-1,1,1,-1,-1,-1,1,-1,1,-1,1,1,-1,1,-1,1,-1,1,1,-1,1,-1,-1,1,-1,-1,1,1,-1,1,1,-1,-1,1,1,1,1,-1,1,1,1,-1,1,-1,1,1,1,-1,-1,-1,1,-1,-1,1,1,-1,1,1,1,-1,-1,-1,1,1,1,-1,-1,1,1,1,-1,1,-1,-1,-1,1,1,1,1,-1,-1,1,1,1,1,1,1,-1,1,1,1,1,1,1,-1,1,1,-1,-1,1,1,-1,1,-1,1,1,1,1,-1,-1,1,1,-1,1,1,1,-1,1,1,-1,1,1,-1,-1,1,-2640.0,1,2000,445,500,True
2910,-1,-1,1,1,1,1,-1,1,-1,-1,-1,1,-1,1,-1,-1,1,-1,1,-1,-1,-1,-1,-1,-1,1,-1,-1,-1,-1,-1,-1,1,-1,-1,-1,1,-1,-1,1,-1,-1,-1,-1,-1,-1,1,1,-1,1,-1,-1,1,1,-1,-1,-1,1,-1,-1,1,1,-1,1,-1,-1,-1,1,1,-1,-1,1,-1,-1,1,1,-1,-1,1,-1,-1,-1,1,-1,1,-1,-1,1,1,-1,1,-1,-1,-1,-1,1,1,-1,1,1,-1,-1,1,1,1,1,1,-1,-1,1,1,-1,1,1,-1,-1,1,1,1,1,1,-1,-1,1,1,-1,1,1,1,-1,1,1,1,1,1,-1,-1,1,1,1,1,1,1,-1,-1,1,1,1,1,1,-1,1,1,1,-1,1,1,1,1,1,1,1,1,1,-1,-1,1,1,-1,1,-1,-1,1,1,1,1,1,1,1,1,1,-1,-1,1,-1,-1,1,1,1,1,1,1,-1,1,1,1,1,1,1,-1,1,-1,1,-1,1,1,-1,1,1,1,-1,1,1,-1,1,-1,1,-1,1,1,-1,1,1,1,-1,-1,1,1,-1,1,1,-1,1,1,-1,1,1,1,-1,-1,1,-1,1,-1,1,-1,1,1,-1,-1,1,1,-1,1,-1,1,1,1,1,-1,1,1,-1,1,1,-1,1,1,-1,-1,1,1,-1,-1,1,-1,-1,1,1,-1,-1,1,1,-1,1,1,1,1,1,1,-1,1,1,1,1,-1,-1,-1,-1,1,-1,1,1,-1,-1,1,1,-1,1,1,1,-1,-1,1,1,1,1,1,-1,1,1,-1,1,-1,1,-1,1,1,-1,1,1,1,-1,1,1,1,1,1,-1,-1,1,-1,1,1,1,-1,1,-1,-1,1,1,1,-1,1,-1,1,-1,1,1,1,1,1,-1,1,1,-1,1,1,1,-1,1,1,1,-1,1,1,-1,1,1,1,1,1,1,-1,1,1,1,1,1,1,-1,1,1,1,-1,1,1,1,-1,1,1,1,-1,1,-1,1,1,1,-1,1,-1,-1,1,1,1,-1,1,1,-1,1,1,-1,1,1,1,1,1,1,-1,1,1,1,-1,1,1,1,1,-1,1,1,1,-1,1,1,1,1,1,1,1,1,-1,1,-1,1,-1,-1,1,-1,1,-1,1,-1,1,1,-1,1,-1,1,-1,-1,1,1,-1,-1,1,1,1,1,1,1,-1,-1,1,-1,1,1,-1,-1,1,1,1,-1,1,1,-1,-1,1,-1,1,-1,-1,-1,1,1,1,1,-1,1,-1,1,-1,-1,1,-1,-1,-1,1,-1,-1,1,-1,-1,-1,1,-1,1,1,-1,-1,-1,1,-1,-1,1,1,-1,-1,1,-1,1,-1,1,-1,-1,1,1,-1,-1,1,-1,-1,-1,1,1,-1,1,-1,-1,1,-1,-1,1,1,-1,-1,-1,1,-1,1,1,-1,1,-1,1,-1,-1,1,1,1,-1,1,-1,1,-1,1,-1,1,-1,-1,-1,1,-1,-1,-1,1,1,-1,1,-1,1,1,1,-1,1,1,-1,1,-1,1,1,-1,1,-1,-1,1,1,1,-1,1,-1,-1,1,1,1,-1,1,-1,-1,1,1,1,-1,1,-1,-1,-1,1,1,-1,1,1,-1,-1,1,1,-1,1,-1,1,-1,1,1,-1,-1,1,-1,-1,-1,1,-1,1,-1,-1,-1,1,1,-1,-1,1,-1,-1,-1,-1,-1,1,-1,-1,-1,-1,-1,-1,1,1,-1,1,1,1,-1,1,-1,-1,-1,-1,-1,-1,-1,1,-1,-1,1,1,-1,-1,-1,1,-1,-1,1,-1,-1,-1,1,-1,1,1,-1,1,-1,-1,-1,-1,1,-1,-1,-1,1,-1,1,1,-1,-1,1,-1,1,-1,1,-1,-1,-1,-1,-1,1,1,1,-1,1,-1,1,-1,1,-1,-1,1,-1,1,-1,1,-1,-1,-1,1,-1,1,1,-1,-1,-1,1,-1,1,1,1,-1,1,-1,1,-1,1,-1,1,-1,1,-1,-1,1,1,-1,1,1,-1,1,1,-1,-1,-1,1,1,-1,1,1,-1,1,1,1,1,1,-1,1,1,-1,1,1,1,1,-1,1,-1,1,-1,1,1,-1,1,1,-1,1,1,1,-1,1,1,-1,1,1,1,1,1,-1,-1,1,1,1,1,1,-1,1,-1,1,1,1,1,-1,-1,1,1,1,1,1,-1,1,1,1,1,1,1,-1,1,1,1,1,1,1,-1,-1,1,1,-1,1,1,-1,1,1,1,1,1,1,1,-1,1,-1,1,1,1,-1,1,1,1,1,1,1,-1,-1,1,-1,1,1,1,-1,1,1,-1,-1,-1,-1,-1,1,1,1,-1,1,1,-1,1,1,1,-1,1,-1,1,1,1,-1,1,1,-1,-1,1,1,-1,-1,-1,1,-1,1,1,-1,1,-1,-1,-1,1,1,-1,-1,-1,1,-1,1,1,-1,-1,1,-1,-1,1,1,-1,-1,-1,-1,-1,-1,1,-1,-1,-1,-1,-1,1,-1,1,-1,-1,-1,-1,-1,1,-1,-1,-1,-1,-1,1,1,-1,-1,1,-1,1,1,1,1,-1,-1,-1,1,-1,1,-1,-1,-1,-1,1,-1,1,-1,-1,-1,1,-1,1,1,-1,-1,-1,1,1,-1,1,-1,1,-1,1,-1,-1,1,1,-1,1,-1,1,-1,1,1,-1,1,-1,1,-1,1,1,-1,-1,1,-1,-1,-1,1,-1,1,-1,1,-1,-1,1,-1,1,-1,1,-1,-1,1,-1,1,-1,1,-1,-1,1,-1,-1,-1,-1,1,-1,1,1,-1,1,1,-1,1,1,-1,-1,1,1,-1,-1,1,-1,-1,1,1,-1,1,1,-1,-1,-1,-1,1,-1,-1,-1,-1,1,-1,-1,1,1,-1,1,1,-1,1,1,1,-1,-1,1,-1,1,1,1,-1,-1,1,-1,1,-1,1,-1,-1,1,-1,-1,1,1,-1,-1,1,-1,1,1,1,1,-1,1,-1,-1,1,1,1,-1,-1,1,-1,1,1,1,-1,1,-1,-1,1,-2640.0,1,2000,445,1000,True
2911,-1,-1,1,1,1,1,-1,1,-1,-1,-1,1,-1,-1,-1,-1,1,-1,1,-1,-1,1,-1,-1,-1,1,-1,-1,-1,-1,-1,-1,1,-1,-1,1,1,-1,-1,1,-1,-1,1,-1,-1,-1,1,1,-1,-1,-1,-1,1,1,-1,1,-1,1,-1,-1,1,1,-1,1,-1,-1,-1,1,1,-1,1,-1,-1,-1,1,1,1,1,-1,-1,-1,1,1,-1,-1,-1,-1,1,1,1,1,-1,-1,-1,1,1,-1,1,-1,1,-1,1,1,1,-1,-1,-1,-1,1,1,1,1,-1,-1,-1,1,1,1,1,-1,-1,-1,-1,1,1,1,-1,-1,-1,1,1,1,-1,-1,-1,1,1,1,1,-1,-1,-1,1,-1,1,1,1,-1,-1,-1,-1,1,1,1,1,-1,1,1,1,1,-1,1,-1,-1,1,-1,1,-1,1,-1,1,-1,1,1,-1,-1,-1,-1,1,1,-1,1,1,-1,1,-1,1,-1,-1,-1,-1,1,-1,1,-1,-1,1,-1,1,-1,1,-1,-1,1,-1,1,1,1,1,-1,1,-1,1,-1,1,-1,-1,1,-1,1,-1,1,1,-1,1,1,-1,1,-1,1,-1,1,1,1,-1,1,1,-1,1,-1,1,-1,1,-1,-1,1,1,1,-1,-1,1,-1,1,-1,-1,-1,1,-1,-1,1,-1,1,-1,1,1,-1,1,1,-1,-1,1,1,-1,1,1,-1,-1,1,-1,-1,1,1,1,-1,1,1,-1,1,1,1,-1,1,1,-1,1,1,-1,-1,-1,1,1,1,1,-1,-1,1,1,-1,1,1,1,-1,-1,1,1,1,1,1,-1,1,1,1,1,-1,1,-1,-1,1,1,1,1,1,-1,-1,1,1,1,1,-1,-1,1,1,-1,1,1,-1,-1,-1,1,1,1,1,1,-1,1,1,-1,1,1,-1,-1,-1,-1,1,1,1,1,-1,-1,-1,1,-1,1,1,-1,-1,1,1,-1,1,1,1,-1,-1,1,-1,1,-1,-1,-1,-1,1,1,-1,1,1,-1,1,-1,1,-1,1,-1,1,-1,1,-1,-1,1,-1,-1,-1,1,1,1,1,-1,1,-1,1,-1,1,-1,1,-1,1,1,-1,1,-1,1,-1,-1,1,-1,-1,-1,1,-1,1,1,1,-1,-1,1,-1,1,1,-1,-1,1,-1,1,1,-1,1,-1,1,-1,-1,1,-1,-1,-1,1,1,1,1,-1,1,-1,-1,1,1,1,1,-1,-1,-1,1,1,1,1,1,-1,1,-1,-1,1,1,-1,1,-1,1,1,-1,1,1,-1,1,1,1,1,1,-1,-1,1,1,1,1,-1,1,-1,1,1,-1,1,-1,1,-1,1,1,-1,1,-1,-1,-1,1,1,-1,1,1,1,-1,-1,1,1,1,-1,-1,1,-1,1,-1,1,1,1,-1,1,1,1,-1,-1,1,-1,-1,1,-1,1,-1,1,1,-1,1,1,-1,1,1,-1,-1,1,1,-1,1,1,1,1,1,1,-1,1,1,1,-1,1,1,1,-1,1,1,-1,1,-1,1,-1,-1,1,-1,-1,1,-1,-1,1,-1,-1,-1,1,1,-1,1,1,-1,-1,1,1,-1,-1,1,-1,-1,-1,-1,-1,1,1,-1,-1,-1,-1,-1,1,1,-1,-1,1,1,1,-1,1,-1,-1,1,1,-1,1,1,-1,-1,-1,1,-1,-1,1,1,-1,1,1,1,1,1,1,-1,-1,1,-1,1,1,1,-1,-1,1,-1,1,1,-1,-1,1,1,-1,1,1,-1,-1,1,-1,1,1,1,1,-1,1,1,-1,1,1,1,-1,1,1,1,1,1,1,-1,-1,1,1,1,1,1,-1,1,1,-1,1,1,1,-1,-1,1,1,1,-1,1,-1,-1,1,-1,1,1,1,-1,-1,-1,1,1,1,1,-1,-1,1,1,1,1,-1,1,-1,-1,1,1,-1,-1,1,-1,-1,1,1,1,-1,1,-1,1,1,1,-1,-1,-1,-1,1,1,1,1,-1,1,1,-1,1,1,-1,1,-1,-1,1,1,1,1,-1,1,-1,1,1,1,1,-1,-1,1,-1,1,1,1,-1,1,-1,1,-1,1,-1,1,1,1,-1,1,1,1,-1,1,-1,1,-1,1,1,-1,1,-1,1,-1,1,1,-1,1,1,1,-1,1,1,-1,1,1,1,-1,1,-1,1,1,1,-1,-1,1,-1,1,1,1,-1,1,1,1,1,1,-1,-1,-1,1,-1,1,1,1,-1,-1,1,-1,1,1,-1,-1,-1,1,-1,1,1,1,-1,-1,-1,1,1,1,1,1,-1,1,-1,1,1,-1,-1,-1,1,-1,1,1,1,1,-1,-1,-1,1,1,1,-1,-1,-1,-1,-1,-1,1,-1,1,1,-1,1,1,1,-1,-1,1,-1,1,1,1,-1,1,-1,1,1,1,-1,-1,-1,-1,-1,-1,1,1,1,1,-1,1,-1,1,1,-1,-1,-1,-1,-1,1,1,-1,1,-1,-1,-1,1,1,-1,-1,-1,-1,-1,-1,1,-1,1,-1,-1,-1,-1,1,-1,-1,-1,-1,-1,-1,1,1,1,-1,-1,-1,-1,1,1,-1,-1,-1,1,-1,1,1,1,1,-1,-1,-1,1,-1,1,-1,-1,-1,-1,1,-1,1,-1,-1,-1,1,-1,1,1,-1,-1,-1,-1,1,-1,1,-1,1,-1,1,-1,-1,1,1,-1,1,-1,1,-1,1,1,-1,1,-1,1,-1,1,1,-1,1,1,-1,-1,-1,1,-1,1,-1,1,-1,-1,1,-1,1,-1,1,-1,-1,1,-1,-1,1,-1,-1,-1,1,-1,1,1,-1,1,-1,1,1,1,-1,1,-1,1,-1,1,1,-1,1,-1,-1,-1,-1,1,-1,1,-1,1,-1,1,1,1,-1,1,-1,1,1,1,-1,1,-1,1,1,-1,1,-1,-1,1,1,1,1,1,-1,-1,1,1,1,1,1,1,-1,1,1,1,1,1,1,-1,-1,1,-1,-1,1,1,-1,1,1,1,1,1,1,-1,-1,1,1,-1,1,1,1,-1,1,1,-1,1,1,-1,-1,1,-2640.0,1,2000,445,500,True
2912,-1,-1,1,1,1,1,-1,1,-1,-1,-1,1,-1,-1,-1,-1,1,-1,1,-1,-1,1,-1,-1,-1,1,-1,-1,1,-1,-1,-1,1,-1,-1,1,1,-1,-1,1,-1,-1,1,-1,-1,-1,1,1,-1,-1,-1,-1,-1,1,-1,1,-1,1,-1,-1,1,1,-1,1,-1,-1,-1,1,1,-1,1,-1,-1,-1,1,1,1,1,-1,-1,-1,1,1,-1,-1,-1,-1,1,1,1,1,-1,-1,-1,1,1,-1,1,-1,1,-1,1,1,1,-1,-1,-1,-1,1,1,1,1,-1,-1,-1,1,1,1,1,-1,-1,-1,-1,1,1,1,-1,-1,-1,1,1,1,-1,-1,-1,1,1,1,1,-1,-1,-1,1,-1,1,1,1,-1,-1,-1,-1,1,1,1,1,-1,1,1,1,1,-1,-1,-1,-1,1,-1,1,-1,1,-1,1,-1,1,1,-1,-1,-1,-1,1,1,-1,1,1,-1,1,-1,1,-1,-1,-1,-1,1,-1,1,-1,-1,1,-1,1,-1,1,-1,-1,1,-1,1,1,1,1,-1,1,-1,1,-1,1,-1,-1,1,-1,1,-1,1,1,-1,1,1,-1,1,-1,1,-1,1,1,1,-1,1,1,-1,1,-1,1,-1,1,-1,-1,1,1,1,-1,-1,1,-1,1,-1,-1,-1,1,-1,-1,1,-1,1,-1,1,1,-1,1,1,-1,-1,1,1,-1,1,1,-1,-1,1,-1,-1,1,1,1,-1,-1,1,-1,1,1,1,-1,1,1,-1,1,1,-1,-1,-1,1,1,1,1,-1,-1,1,1,-1,1,1,1,-1,1,1,1,1,1,1,-1,1,1,1,1,-1,1,1,-1,1,1,1,1,1,-1,-1,1,1,1,1,-1,-1,1,1,-1,1,1,-1,-1,1,-1,1,1,1,1,-1,1,1,-1,1,1,-1,-1,1,-1,1,1,1,1,-1,1,-1,1,-1,1,1,-1,-1,1,1,-1,1,1,-1,1,-1,1,-1,1,-1,1,1,-1,1,1,-1,1,-1,1,1,-1,1,-1,1,-1,-1,1,1,-1,-1,1,-1,1,-1,1,1,-1,1,-1,1,-1,1,-1,1,-1,-1,1,1,1,-1,1,-1,1,1,-1,1,-1,-1,-1,1,1,1,1,1,-1,-1,-1,1,1,1,-1,-1,1,1,-1,1,-1,1,-1,1,-1,1,1,1,-1,-1,1,1,-1,1,-1,1,-1,-1,1,-1,1,1,-1,-1,-1,1,-1,-1,1,1,-1,-1,1,-1,1,1,-1,1,-1,1,-1,-1,1,1,-1,1,1,-1,1,1,-1,-1,1,1,-1,1,-1,1,-1,1,-1,-1,1,-1,1,-1,1,-1,-1,1,-1,-1,-1,1,-1,-1,1,-1,1,-1,1,-1,-1,1,-1,-1,1,-1,1,-1,1,1,1,-1,1,1,-1,-1,1,1,-1,1,-1,-1,1,1,1,1,1,1,-1,-1,1,1,-1,-1,1,-1,-1,1,1,1,1,1,1,-1,1,1,1,-1,-1,-1,1,-1,1,1,-1,1,-1,1,-1,-1,1,-1,-1,1,-1,-1,1,-1,-1,-1,1,1,-1,1,1,-1,-1,1,1,-1,-1,1,-1,-1,-1,-1,-1,1,1,-1,-1,-1,-1,-1,1,1,-1,-1,1,1,1,-1,1,-1,-1,1,1,-1,1,1,-1,-1,-1,1,-1,-1,1,1,-1,1,1,1,1,1,1,-1,-1,1,-1,1,1,1,-1,-1,1,-1,1,1,-1,-1,1,1,-1,1,1,-1,-1,1,-1,1,1,1,1,-1,1,1,-1,1,1,1,-1,1,1,1,1,1,1,-1,-1,1,1,1,1,1,-1,1,1,-1,1,1,1,-1,-1,1,1,1,-1,1,-1,-1,1,1,1,1,1,-1,-1,-1,1,1,1,1,-1,-1,1,1,1,1,-1,1,-1,1,1,1,-1,-1,1,-1,1,-1,1,1,-1,1,-1,1,1,1,-1,-1,-1,-1,1,1,1,1,-1,1,1,-1,1,1,-1,1,1,-1,1,-1,1,1,-1,1,-1,1,-1,1,1,-1,-1,1,-1,1,1,1,-1,1,-1,1,-1,1,1,-1,-1,1,-1,-1,1,1,-1,1,1,-1,-1,1,1,-1,1,-1,1,-1,1,1,-1,1,1,1,-1,1,1,-1,1,1,1,-1,1,-1,1,1,1,-1,-1,1,-1,1,1,1,-1,1,1,1,1,1,1,-1,-1,1,-1,1,1,-1,1,1,1,-1,1,-1,1,-1,-1,1,-1,1,1,1,-1,1,-1,1,1,1,-1,1,1,1,-1,1,1,1,-1,1,1,-1,1,1,1,-1,1,-1,-1,1,-1,1,-1,1,-1,-1,-1,1,-1,1,1,1,-1,1,-1,1,-1,1,1,-1,1,1,-1,1,1,-1,1,1,1,1,1,1,-1,-1,-1,1,-1,1,1,-1,1,-1,-1,-1,1,1,-1,-1,1,-1,-1,1,1,-1,-1,-1,-1,-1,1,1,-1,-1,-1,-1,-1,-1,1,-1,-1,-1,-1,-1,1,-1,-1,-1,-1,-1,-1,-1,1,-1,-1,-1,-1,-1,1,1,-1,-1,1,-1,-1,1,1,1,-1,-1,-1,-1,-1,1,-1,-1,-1,-1,1,-1,1,-1,-1,-1,1,-1,1,1,-1,-1,-1,-1,1,-1,1,-1,1,-1,1,-1,-1,1,1,-1,1,-1,1,-1,1,1,-1,1,-1,1,-1,1,1,-1,1,1,-1,-1,-1,1,-1,1,-1,1,-1,-1,1,-1,1,-1,1,-1,-1,1,-1,-1,1,-1,-1,-1,1,-1,1,1,-1,1,-1,1,1,1,-1,1,-1,1,-1,1,1,-1,-1,-1,-1,-1,-1,1,-1,1,-1,1,-1,1,1,1,-1,1,-1,1,1,1,-1,-1,-1,1,1,-1,1,-1,-1,1,1,1,1,1,-1,-1,1,1,1,1,1,1,-1,-1,-1,1,1,1,1,-1,1,1,-1,-1,1,1,-1,1,1,1,1,1,1,-1,-1,1,1,-1,1,1,1,-1,1,1,-1,1,1,-1,-1,1,-2640.0,1,2000,445,500,True
2913,-1,-1,-1,-1,1,-1,1,1,-1,1,1,-1,1,1,-1,-1,1,1,-1,-1,1,1,-1,1,1,-1,1,1,1,-1,1,1,-1,-1,1,1,1,-1,1,1,-1,1,1,-1,-1,1,1,-1,1,-1,-1,1,1,1,-1,-1,-1,1,-1,1,1,-1,-1,1,-1,-1,1,1,-1,1,1,-1,1,1,1,-1,1,1,-1,-1,1,-1,-1,1,-1,1,1,1,-1,-1,1,-1,1,1,1,-1,1,-1,-1,1,1,1,-1,1,-1,-1,1,1,1,1,1,1,-1,1,1,1,-1,1,-1,-1,-1,1,1,1,-1,1,-1,-1,1,1,1,1,-1,-1,1,1,1,1,1,-1,-1,-1,1,1,-1,1,-1,-1,-1,1,1,1,1,-1,1,-1,1,-1,-1,1,-1,-1,-1,1,-1,-1,1,-1,-1,1,-1,-1,1,1,-1,-1,1,1,-1,1,1,1,1,-1,-1,-1,1,-1,-1,-1,1,1,-1,1,1,-1,1,-1,-1,-1,1,1,-1,1,-1,-1,1,1,1,-1,1,1,-1,1,-1,1,-1,1,-1,-1,-1,1,1,1,1,1,-1,-1,1,1,-1,1,1,-1,-1,1,1,1,1,-1,-1,-1,1,-1,1,1,1,-1,-1,1,-1,1,1,-1,-1,-1,1,-1,1,1,-1,-1,1,-1,1,1,1,1,-1,1,-1,1,1,1,-1,-1,-1,-1,1,1,1,1,-1,-1,-1,1,1,1,1,-1,-1,-1,-1,1,1,-1,-1,-1,-1,1,1,1,1,-1,-1,1,-1,1,1,1,-1,-1,-1,-1,1,1,1,1,-1,1,-1,1,1,-1,1,-1,-1,-1,1,1,1,1,-1,-1,1,1,1,1,-1,-1,-1,-1,1,1,1,-1,-1,-1,1,-1,1,1,1,-1,-1,1,1,1,1,-1,-1,-1,-1,-1,1,1,-1,-1,-1,-1,-1,1,1,-1,-1,-1,-1,-1,1,1,1,1,-1,-1,-1,1,1,1,-1,-1,-1,-1,-1,1,1,1,-1,1,-1,-1,1,1,-1,1,-1,1,1,1,1,1,-1,-1,-1,-1,1,1,1,1,-1,-1,1,1,1,1,-1,1,1,1,1,1,1,-1,-1,-1,1,1,1,1,-1,1,1,-1,1,1,-1,1,1,1,1,1,1,-1,1,1,1,1,1,-1,1,-1,1,-1,1,1,-1,-1,1,1,1,-1,1,1,-1,1,1,-1,-1,1,1,-1,1,1,1,-1,1,1,-1,1,1,1,1,-1,1,-1,1,-1,1,-1,1,1,-1,-1,1,1,1,1,-1,1,1,-1,1,1,1,-1,1,-1,1,1,1,1,-1,1,-1,1,-1,1,1,-1,1,-1,1,1,-1,1,-1,1,1,1,-1,1,1,1,-1,1,1,-1,-1,1,-1,1,1,-1,-1,1,1,-1,-1,-1,1,1,-1,1,-1,1,-1,-1,1,-1,1,-1,-1,1,-1,1,-1,-1,1,1,1,-1,1,-1,1,-1,1,1,1,-1,1,1,-1,-1,1,1,1,-1,1,-1,1,-1,1,1,1,-1,-1,-1,-1,-1,1,1,1,-1,-1,-1,1,1,-1,1,-1,-1,-1,1,1,1,1,-1,-1,1,1,1,1,1,-1,-1,-1,-1,1,-1,1,-1,1,-1,-1,1,1,1,-1,1,1,-1,1,-1,1,1,-1,-1,-1,-1,1,1,1,-1,-1,-1,-1,1,1,-1,-1,-1,-1,1,1,1,-1,-1,-1,-1,1,1,1,-1,1,-1,1,-1,-1,1,1,-1,-1,-1,-1,1,1,1,-1,-1,-1,1,1,1,-1,-1,-1,-1,-1,-1,1,1,-1,1,-1,-1,1,-1,1,-1,-1,-1,-1,1,-1,1,-1,-1,-1,-1,1,-1,-1,1,-1,1,-1,1,-1,-1,-1,-1,-1,-1,1,-1,1,1,-1,-1,1,1,-1,1,1,-1,-1,1,1,-1,1,-1,-1,-1,-1,-1,1,1,-1,-1,-1,1,-1,1,1,1,-1,1,1,-1,-1,1,1,-1,-1,1,1,-1,1,1,-1,-1,1,1,-1,1,1,-1,1,1,1,-1,1,1,1,1,1,-1,-1,1,1,-1,1,1,-1,-1,1,1,-1,1,1,-1,-1,1,1,1,-1,1,-1,-1,1,1,1,-1,1,-1,-1,1,1,1,-1,1,-1,-1,1,1,-1,1,-1,-1,1,1,1,-1,1,1,-1,1,1,1,-1,1,-1,1,1,1,1,1,-1,1,-1,-1,-1,1,-1,1,-1,-1,1,1,1,1,1,1,-1,1,1,1,1,-1,-1,-1,1,-1,1,-1,1,1,-1,-1,1,1,1,1,-1,1,-1,1,-1,1,-1,1,-1,-1,1,-1,1,-1,1,-1,-1,1,-1,1,-1,-1,1,-1,1,1,-1,1,1,-1,1,-1,1,1,-1,1,1,-1,1,1,1,-1,1,-1,1,1,1,1,-1,1,1,-1,-1,1,1,-1,1,-1,1,-1,1,1,-1,-1,1,-1,-1,1,1,-1,1,1,-1,1,1,1,-1,-1,1,1,-1,1,1,1,1,-1,1,-1,1,1,1,-1,1,1,-1,1,1,1,1,1,-1,-1,1,1,-1,-1,1,-1,-1,1,1,-1,1,1,-1,1,1,-1,1,1,1,-1,1,1,1,-1,1,1,-1,-1,1,-1,-1,1,1,-1,1,-1,1,-1,1,1,-1,-1,1,1,-1,1,1,-1,-1,1,-1,-1,-1,-1,-1,1,-1,1,-1,-1,1,-1,1,-1,1,1,-1,1,-1,-1,1,-1,-1,-1,1,1,-1,-1,-1,1,-1,-1,-1,1,-1,1,-1,1,-1,1,-1,-1,1,1,-1,1,1,-1,-1,1,-1,1,-1,1,-1,-1,1,-1,-1,1,1,-1,-1,-1,1,1,-1,1,-1,-1,1,-1,1,1,1,1,-1,1,-1,1,-1,1,-1,-1,1,1,1,-1,1,1,-1,1,-1,1,1,1,1,-1,1,-1,-1,-1,1,1,-1,1,1,-1,-1,1,1,-1,-1,1,1,1,-1,1,-1,1,-1,1,-2640.0,1,2000,445,1000,True
2914,-1,-1,1,1,1,1,-1,1,-1,-1,-1,1,-1,-1,-1,-1,1,-1,1,-1,-1,1,-1,-1,-1,1,-1,-1,-1,-1,-1,-1,1,-1,-1,1,1,-1,-1,1,-1,-1,1,-1,-1,-1,-1,1,-1,-1,-1,-1,1,1,-1,1,-1,1,-1,-1,-1,1,-1,1,-1,-1,-1,-1,1,-1,1,-1,-1,-1,1,1,1,1,-1,-1,-1,-1,1,-1,-1,-1,-1,1,1,1,1,-1,-1,-1,-1,1,-1,1,-1,1,-1,-1,1,1,-1,-1,-1,-1,-1,1,1,1,-1,-1,-1,-1,1,1,1,-1,-1,-1,-1,1,1,1,-1,-1,1,-1,1,1,-1,-1,-1,-1,-1,1,1,-1,-1,-1,-1,-1,-1,1,1,-1,-1,-1,-1,1,1,1,1,-1,1,-1,-1,1,-1,1,-1,-1,1,-1,1,-1,1,-1,1,-1,1,1,-1,-1,-1,-1,1,1,-1,1,1,-1,-1,-1,1,-1,-1,-1,-1,1,-1,1,-1,-1,1,1,-1,-1,1,-1,-1,1,-1,1,1,1,1,-1,1,-1,1,1,-1,-1,-1,1,1,1,-1,1,1,-1,1,1,-1,-1,1,1,-1,1,-1,1,-1,1,1,-1,1,1,1,-1,1,-1,-1,1,1,1,-1,-1,1,-1,1,1,-1,-1,1,-1,-1,1,1,1,-1,1,1,-1,1,-1,-1,-1,1,1,-1,1,-1,-1,-1,1,-1,-1,1,-1,1,-1,1,1,-1,1,1,1,-1,1,1,-1,1,1,-1,-1,-1,1,1,1,-1,-1,-1,1,1,-1,1,1,1,-1,-1,1,1,1,-1,-1,-1,1,1,1,-1,1,-1,-1,-1,1,1,1,-1,-1,1,-1,-1,1,1,-1,-1,-1,1,1,-1,1,-1,1,-1,-1,1,1,1,-1,1,-1,1,1,-1,1,-1,-1,-1,-1,-1,1,1,-1,-1,-1,-1,-1,1,-1,-1,-1,-1,-1,1,1,-1,-1,-1,1,1,1,1,-1,-1,1,1,-1,-1,1,1,-1,-1,1,-1,-1,-1,1,-1,-1,-1,1,-1,1,-1,-1,-1,-1,-1,-1,1,1,-1,-1,1,1,-1,1,-1,1,-1,1,1,-1,1,-1,-1,-1,1,-1,1,1,-1,-1,-1,-1,1,-1,-1,1,-1,-1,1,-1,-1,1,-1,-1,-1,1,-1,1,-1,1,-1,-1,1,-1,-1,1,-1,-1,1,1,-1,1,-1,1,-1,-1,1,-1,-1,-1,-1,-1,-1,1,-1,-1,1,1,-1,-1,-1,-1,1,-1,-1,1,-1,1,-1,-1,1,1,-1,-1,1,-1,-1,-1,-1,-1,1,1,-1,-1,1,1,-1,1,-1,1,-1,1,1,-1,1,-1,-1,-1,-1,-1,-1,1,-1,1,-1,1,1,-1,1,-1,-1,1,-1,-1,1,-1,1,-1,1,-1,1,-1,1,1,-1,-1,-1,1,-1,1,-1,-1,1,-1,1,1,1,1,-1,-1,-1,1,-1,1,1,1,-1,1,1,1,-1,1,1,-1,1,1,1,1,-1,-1,1,-1,1,1,-1,1,-1,1,-1,-1,1,-1,-1,1,-1,-1,1,-1,-1,-1,1,1,-1,1,1,-1,-1,1,1,-1,-1,1,-1,-1,-1,-1,-1,1,1,-1,-1,-1,-1,-1,1,1,-1,-1,1,1,1,-1,1,-1,-1,1,1,-1,1,1,-1,-1,-1,1,-1,-1,1,1,-1,1,1,1,1,1,-1,1,1,1,-1,1,1,1,-1,1,1,-1,1,1,-1,1,1,1,-1,1,1,-1,-1,1,-1,1,1,1,-1,1,1,1,-1,1,1,-1,1,1,1,1,1,1,1,1,1,1,1,1,1,-1,1,-1,1,-1,1,1,1,1,1,1,1,1,1,-1,1,1,1,1,1,1,1,-1,1,-1,1,1,1,1,1,1,1,1,1,1,-1,1,1,1,-1,1,-1,-1,1,1,1,-1,1,1,-1,1,1,1,1,1,1,1,1,1,1,-1,1,1,-1,1,1,-1,-1,1,1,-1,1,1,1,-1,1,1,-1,1,1,1,-1,1,1,-1,1,1,1,-1,1,1,1,1,1,1,-1,1,1,-1,-1,1,-1,-1,1,1,1,1,-1,1,-1,1,1,-1,1,1,1,-1,1,1,1,1,-1,1,-1,1,1,-1,1,1,1,-1,1,1,1,1,1,-1,-1,1,-1,1,1,-1,-1,1,1,1,1,1,-1,-1,-1,-1,1,1,1,-1,1,1,1,1,1,-1,1,-1,-1,1,-1,1,1,1,1,1,1,1,1,1,1,-1,1,-1,1,-1,1,-1,1,1,1,1,1,1,1,-1,1,-1,1,1,1,1,-1,1,-1,-1,1,-1,1,-1,1,1,-1,1,1,1,1,1,1,-1,1,1,1,1,1,-1,1,-1,1,-1,1,1,1,-1,-1,1,-1,1,1,-1,1,-1,1,-1,1,1,-1,-1,-1,1,-1,1,1,1,1,-1,1,1,1,1,-1,-1,-1,-1,1,1,1,-1,-1,1,-1,-1,1,-1,1,-1,-1,-1,1,1,1,-1,-1,1,-1,-1,1,1,-1,-1,1,-1,1,1,1,1,-1,-1,-1,1,-1,1,-1,-1,-1,-1,1,-1,1,-1,-1,-1,1,1,1,1,-1,-1,-1,-1,1,1,1,-1,1,-1,-1,1,1,-1,1,-1,1,-1,1,1,1,1,-1,1,-1,1,-1,1,1,-1,1,1,-1,1,1,1,-1,1,-1,1,1,-1,1,-1,1,-1,1,1,-1,1,-1,-1,1,-1,-1,1,1,-1,1,1,-1,-1,1,1,1,1,-1,1,1,1,-1,1,1,-1,1,1,1,-1,-1,1,-1,-1,1,1,-1,1,1,1,-1,-1,-1,1,1,1,-1,-1,1,1,1,-1,1,-1,-1,-1,1,1,1,1,-1,-1,1,1,1,1,1,1,-1,1,1,1,1,1,1,-1,1,1,-1,-1,1,1,-1,1,-1,1,1,1,1,-1,-1,1,1,-1,1,1,1,-1,1,1,-1,1,1,-1,-1,1,-2640.0,1,2000,445,500,True
2915,1,1,-1,-1,1,1,-1,1,1,1,1,-1,-1,-1,1,1,-1,1,-1,-1,1,1,1,1,1,1,-1,-1,1,1,1,1,-1,-1,-1,1,-1,1,1,1,-1,-1,1,1,1,1,1,1,-1,-1,1,1,-1,1,-1,1,-1,-1,1,1,1,-1,1,-1,1,1,1,1,1,-1,1,-1,1,1,1,1,1,1,1,1,1,1,1,-1,-1,1,1,1,1,1,-1,1,-1,1,1,1,-1,1,-1,1,1,1,1,1,1,-1,-1,1,1,1,1,-1,-1,-1,1,1,1,1,1,-1,-1,1,1,1,1,-1,-1,-1,1,1,1,1,1,-1,-1,1,1,1,1,1,-1,-1,-1,1,1,1,1,-1,-1,-1,1,1,1,1,1,-1,1,1,1,1,1,1,-1,-1,1,1,1,1,1,-1,1,1,1,1,1,-1,-1,1,1,1,1,-1,1,-1,1,1,1,1,1,-1,-1,-1,1,1,1,1,1,-1,-1,1,-1,1,1,1,-1,-1,1,1,1,1,1,-1,1,1,-1,1,1,1,-1,1,1,1,1,1,1,1,-1,1,-1,1,1,1,-1,-1,1,1,1,1,1,-1,-1,1,-1,1,1,1,1,-1,1,1,-1,1,1,-1,1,1,-1,1,1,1,-1,-1,1,-1,1,-1,1,1,1,1,-1,1,-1,1,1,1,1,-1,1,-1,1,1,1,1,-1,-1,1,1,1,1,1,1,-1,1,1,-1,-1,1,1,-1,-1,1,1,1,1,-1,1,-1,1,1,1,-1,1,-1,-1,1,1,1,1,-1,1,-1,1,-1,1,1,1,1,-1,1,1,1,1,1,1,-1,1,1,1,1,1,1,1,1,1,1,1,1,-1,1,1,1,-1,1,1,-1,1,1,1,-1,1,1,1,-1,1,-1,1,1,1,1,-1,1,1,-1,1,1,1,-1,1,1,-1,1,1,-1,-1,1,1,1,-1,1,1,-1,-1,1,-1,1,1,1,1,-1,1,1,-1,1,1,-1,1,1,-1,-1,-1,-1,-1,-1,1,-1,1,1,-1,-1,1,-1,1,-1,1,-1,-1,1,-1,1,1,1,-1,-1,1,1,1,-1,1,1,1,-1,1,-1,1,1,1,-1,1,1,-1,1,-1,1,1,1,1,-1,1,-1,1,-1,1,1,1,1,-1,1,1,-1,1,-1,1,-1,1,-1,-1,-1,1,1,-1,-1,1,-1,1,1,-1,-1,1,-1,-1,1,-1,1,-1,-1,1,-1,1,-1,-1,-1,1,1,1,1,-1,1,-1,1,1,1,1,-1,-1,-1,1,1,1,-1,1,-1,-1,1,-1,1,-1,1,-1,-1,1,1,1,1,1,-1,-1,1,-1,1,1,-1,1,-1,1,-1,1,-1,1,-1,-1,-1,-1,1,-1,1,-1,-1,1,-1,1,-1,1,-1,-1,-1,1,1,-1,1,-1,-1,-1,1,1,1,-1,1,1,-1,1,1,-1,1,1,-1,1,-1,1,1,-1,-1,1,1,-1,1,-1,-1,1,-1,1,-1,1,-1,-1,-1,1,-1,-1,1,1,-1,-1,-1,1,-1,-1,1,-1,-1,-1,1,-1,-1,1,-1,-1,1,1,-1,-1,1,-1,-1,-1,-1,-1,1,1,-1,1,-1,-1,-1,-1,1,-1,1,1,1,-1,-1,1,1,-1,-1,-1,1,-1,1,1,-1,-1,-1,1,-1,-1,1,-1,-1,1,-1,1,1,-1,-1,-1,-1,1,1,1,-1,1,-1,-1,1,1,1,1,-1,-1,-1,1,-1,1,-1,1,-1,-1,1,-1,1,1,-1,1,-1,1,1,1,1,-1,1,-1,1,-1,1,1,-1,1,-1,1,-1,1,1,-1,1,-1,1,-1,1,1,1,-1,1,1,-1,1,1,-1,-1,-1,1,-1,1,1,1,-1,1,-1,-1,-1,-1,1,-1,1,-1,-1,1,-1,-1,1,1,1,-1,1,1,-1,1,1,-1,-1,1,-1,1,-1,1,-1,-1,1,1,-1,1,1,-1,-1,-1,1,-1,1,-1,-1,-1,-1,1,-1,1,1,-1,-1,-1,-1,1,1,1,1,-1,-1,1,-1,-1,1,1,-1,-1,-1,-1,1,-1,1,-1,-1,1,1,-1,1,1,-1,-1,1,-1,-1,1,-1,-1,-1,-1,-1,1,-1,1,-1,-1,-1,-1,1,-1,-1,-1,1,-1,-1,-1,-1,1,-1,-1,-1,-1,-1,-1,1,1,-1,-1,-1,-1,1,1,-1,-1,-1,1,-1,-1,1,-1,-1,-1,-1,1,1,1,-1,-1,-1,-1,1,-1,1,1,-1,1,-1,-1,1,1,-1,-1,-1,-1,-1,-1,1,1,-1,-1,1,-1,1,1,-1,-1,-1,1,-1,1,1,-1,-1,1,-1,-1,1,1,1,-1,1,-1,1,1,1,-1,-1,1,-1,-1,1,1,-1,-1,1,-1,-1,1,1,-1,1,1,-1,-1,1,1,-1,-1,1,-1,-1,1,1,-1,-1,1,-1,-1,1,1,1,-1,-1,1,-1,-1,1,-1,-1,1,-1,-1,1,-1,1,-1,1,1,-1,-1,1,1,-1,-1,1,-1,1,1,1,-1,-1,1,-1,1,1,1,-1,-1,1,-1,-1,1,-1,-1,1,-1,1,-1,1,-1,-1,1,1,-1,1,1,1,-1,-1,-1,1,-1,1,-1,-1,1,-1,-1,-1,1,1,-1,-1,1,1,-1,1,1,-1,-1,-1,1,-1,1,1,-1,-1,-1,1,-1,-1,1,-1,-1,1,-1,-1,-1,-1,1,-1,1,-1,1,-1,1,-1,-1,1,1,1,-1,1,-1,-1,-1,1,1,-1,1,1,-1,1,-1,-1,1,1,-1,-1,1,1,1,-1,-1,-1,-1,1,1,-1,1,1,-1,-1,-1,1,-1,-1,-1,-1,-1,1,1,1,1,1,-1,1,1,1,-1,1,-1,-1,-1,1,1,-1,1,1,-1,-1,1,1,1,1,1,-1,-1,-1,1,-1,1,-1,-1,-1,1,1,-1,1,1,1,-1,1,1,1,1,1,-1,-1,-1,1,-1,1,-1,1,-1,1,-1,1,1,-2640.0,1,2000,445,1000,True
2916,-1,-1,-1,-1,1,-1,1,1,-1,1,1,-1,1,1,-1,-1,1,1,-1,-1,1,1,-1,1,1,-1,1,1,-1,-1,1,1,1,-1,1,1,1,-1,1,1,-1,1,1,-1,-1,1,1,-1,1,-1,-1,1,-1,1,-1,1,-1,1,-1,1,1,-1,-1,1,-1,-1,1,1,-1,1,1,-1,-1,1,1,1,1,1,-1,-1,1,-1,-1,1,-1,-1,1,1,1,-1,1,-1,-1,1,1,1,1,-1,-1,1,1,1,1,1,-1,-1,-1,1,1,1,1,1,-1,-1,1,1,1,1,-1,-1,-1,1,1,1,1,1,-1,-1,1,1,1,1,-1,-1,-1,1,1,1,1,-1,-1,-1,1,1,1,1,-1,-1,-1,-1,1,1,1,-1,1,-1,1,1,1,1,-1,-1,-1,-1,1,1,1,-1,1,-1,1,1,1,1,-1,-1,-1,1,1,1,-1,1,1,-1,1,1,1,1,-1,-1,-1,-1,1,1,-1,-1,1,-1,1,1,-1,1,-1,1,-1,1,1,1,1,-1,1,-1,1,1,-1,1,-1,1,-1,1,1,1,1,1,1,1,-1,1,-1,1,-1,1,-1,-1,1,1,1,1,1,-1,-1,1,-1,-1,1,1,1,-1,1,1,-1,1,1,-1,1,1,-1,-1,1,1,-1,-1,1,-1,1,1,1,1,1,1,-1,1,1,1,1,1,1,-1,1,1,1,1,1,1,-1,-1,1,1,1,1,1,1,-1,1,1,-1,-1,1,1,1,1,1,1,1,1,-1,1,1,1,1,1,-1,1,1,1,1,1,1,1,-1,-1,1,1,-1,1,1,1,1,1,1,1,1,1,1,1,1,1,1,1,1,1,-1,1,1,1,1,1,1,1,-1,1,1,-1,1,1,1,1,1,1,-1,1,1,-1,-1,1,-1,1,1,1,-1,-1,1,1,-1,1,1,-1,-1,1,1,-1,1,1,-1,-1,1,1,1,-1,1,-1,1,1,1,-1,1,1,1,-1,1,1,1,-1,1,-1,1,1,1,-1,-1,-1,-1,1,1,1,-1,1,1,-1,1,1,-1,1,-1,1,-1,1,1,-1,1,1,1,1,-1,1,1,1,-1,1,1,1,-1,1,-1,1,-1,-1,1,1,1,-1,-1,-1,1,1,-1,1,-1,1,-1,-1,1,1,1,1,-1,-1,-1,1,-1,1,-1,1,-1,-1,-1,-1,1,1,1,-1,-1,1,-1,1,1,-1,-1,1,-1,1,-1,1,-1,-1,-1,1,-1,1,-1,-1,-1,-1,-1,1,1,-1,1,-1,-1,1,1,1,-1,-1,1,-1,1,-1,1,-1,-1,1,-1,-1,1,1,-1,-1,1,-1,1,-1,1,1,-1,-1,1,-1,1,-1,1,-1,-1,1,-1,-1,-1,1,-1,-1,1,-1,1,-1,1,-1,-1,1,-1,-1,1,1,-1,-1,-1,1,-1,1,1,-1,1,-1,1,-1,-1,1,1,1,-1,1,-1,1,-1,1,-1,1,-1,1,1,-1,-1,-1,1,1,-1,1,-1,-1,1,1,1,1,-1,-1,-1,1,-1,1,1,1,-1,-1,-1,1,1,-1,1,-1,-1,-1,1,1,1,1,-1,-1,-1,1,1,1,1,-1,-1,-1,-1,1,-1,1,-1,1,-1,-1,1,1,1,-1,-1,1,-1,1,-1,1,1,-1,-1,-1,-1,1,1,1,-1,1,-1,1,1,1,1,-1,-1,-1,-1,1,1,-1,-1,-1,-1,-1,1,1,-1,1,-1,1,1,1,1,1,-1,-1,-1,-1,1,1,-1,1,-1,-1,1,1,1,1,-1,1,-1,-1,1,1,1,-1,1,-1,1,1,1,1,-1,1,-1,-1,1,-1,1,-1,1,-1,1,1,1,1,-1,-1,1,-1,1,1,1,-1,-1,-1,1,1,1,-1,1,-1,1,-1,1,-1,-1,1,-1,1,-1,1,1,-1,-1,1,-1,1,1,-1,1,-1,1,-1,1,1,1,-1,1,-1,1,-1,-1,-1,1,-1,1,-1,-1,1,-1,1,-1,1,-1,1,1,-1,1,-1,1,1,-1,1,-1,-1,1,1,1,1,-1,-1,1,-1,-1,1,1,-1,-1,-1,-1,1,-1,1,-1,-1,1,1,-1,1,1,-1,-1,1,-1,-1,1,1,-1,-1,-1,-1,1,-1,1,-1,-1,-1,-1,-1,1,-1,-1,1,-1,-1,1,-1,1,-1,-1,-1,-1,-1,1,1,1,-1,-1,-1,1,1,1,-1,-1,-1,1,-1,-1,1,-1,-1,-1,-1,1,1,1,-1,-1,-1,-1,1,-1,1,1,-1,1,-1,-1,1,1,-1,-1,-1,-1,-1,-1,1,1,-1,-1,1,-1,1,1,-1,-1,-1,1,-1,1,1,-1,-1,1,-1,-1,1,1,1,-1,1,-1,1,1,1,-1,-1,1,-1,-1,1,1,-1,-1,1,-1,-1,1,1,-1,1,1,-1,-1,1,1,-1,-1,1,-1,-1,1,-1,1,-1,1,-1,-1,1,1,1,-1,-1,1,-1,1,1,1,-1,1,-1,-1,1,-1,1,-1,-1,1,-1,-1,1,-1,-1,-1,1,-1,1,1,1,-1,-1,1,-1,1,1,1,-1,-1,1,-1,1,-1,1,-1,1,-1,1,1,1,1,-1,1,1,1,-1,1,1,-1,1,1,-1,1,1,-1,1,-1,1,1,1,-1,1,-1,1,-1,1,1,1,1,-1,-1,-1,1,-1,1,1,-1,-1,1,-1,1,-1,-1,-1,1,-1,1,1,-1,1,-1,1,-1,1,-1,-1,1,-1,-1,1,-1,-1,1,-1,1,-1,-1,-1,-1,1,-1,-1,1,-1,1,1,1,-1,1,-1,-1,1,1,-1,1,1,-1,-1,-1,1,1,-1,1,-1,1,-1,-1,-1,1,1,-1,1,-1,1,1,-1,1,-1,-1,1,-1,1,1,1,1,-1,1,1,1,-1,1,1,-1,1,1,1,-1,1,1,-1,1,-1,1,1,1,1,-1,1,-1,1,-1,-1,1,-1,1,1,1,-1,1,1,-1,-1,1,1,1,-1,1,-1,1,-1,1,-2640.0,1,2000,445,1000,True
2917,1,1,-1,-1,1,-1,1,1,1,1,1,-1,1,1,1,1,-1,1,-1,-1,1,1,1,1,1,-1,1,1,1,1,1,1,-1,-1,1,1,-1,1,1,-1,-1,1,1,1,1,1,1,-1,1,-1,1,1,1,1,-1,-1,1,-1,1,1,1,-1,-1,-1,1,1,1,1,-1,1,1,-1,1,1,1,-1,1,-1,1,1,1,-1,-1,1,-1,1,1,1,-1,-1,1,1,-1,1,1,-1,1,-1,-1,1,1,1,-1,1,-1,1,-1,1,1,1,1,1,-1,-1,1,1,-1,1,-1,-1,-1,1,1,1,-1,1,-1,-1,1,1,1,1,-1,-1,-1,1,1,1,1,-1,-1,-1,1,1,-1,1,-1,-1,-1,-1,1,1,1,-1,1,-1,1,-1,-1,1,-1,-1,-1,-1,1,-1,1,-1,1,-1,-1,-1,1,1,-1,-1,-1,1,-1,1,-1,1,1,-1,-1,-1,1,-1,-1,-1,-1,-1,-1,1,1,-1,1,-1,-1,-1,1,1,-1,1,-1,-1,1,1,1,-1,1,-1,1,1,-1,1,-1,1,-1,1,-1,1,1,1,1,1,-1,-1,1,1,-1,1,-1,-1,-1,1,1,1,1,-1,-1,-1,1,-1,1,1,1,-1,-1,1,-1,1,1,-1,-1,-1,1,-1,1,1,-1,1,-1,-1,1,1,1,1,-1,-1,-1,1,1,1,1,-1,-1,-1,1,1,1,1,1,-1,1,-1,1,1,1,1,-1,-1,-1,1,1,-1,-1,-1,1,-1,1,1,1,-1,-1,1,1,1,1,1,1,-1,-1,-1,-1,1,1,1,-1,1,-1,1,1,-1,1,-1,1,-1,1,1,1,1,-1,1,1,-1,1,1,-1,-1,-1,1,1,1,1,-1,1,1,-1,-1,1,1,-1,1,1,-1,1,1,1,1,1,1,1,-1,1,-1,1,1,1,1,-1,1,1,-1,1,1,1,1,1,1,1,-1,1,1,-1,1,1,1,1,1,1,-1,-1,1,-1,1,1,1,1,-1,1,1,-1,1,1,-1,1,1,-1,1,1,1,-1,1,1,-1,1,-1,1,-1,1,-1,1,-1,1,-1,1,1,-1,1,-1,1,1,-1,1,1,1,-1,1,-1,1,-1,1,1,1,1,-1,1,1,1,-1,1,-1,-1,1,1,1,-1,1,1,-1,1,1,1,-1,1,-1,-1,1,-1,1,1,1,-1,-1,-1,1,1,1,1,-1,-1,1,-1,1,1,-1,-1,-1,-1,1,-1,1,1,-1,-1,1,-1,1,-1,-1,1,-1,-1,1,1,-1,1,-1,-1,1,1,1,-1,-1,1,-1,1,-1,1,-1,-1,1,-1,-1,1,1,-1,-1,1,-1,-1,-1,1,1,-1,-1,1,-1,1,-1,1,-1,-1,1,-1,-1,-1,1,-1,-1,1,-1,1,-1,1,-1,-1,1,-1,-1,1,1,-1,-1,-1,1,-1,1,1,-1,1,-1,1,-1,-1,1,1,1,-1,1,-1,1,-1,1,-1,1,-1,1,1,-1,-1,1,-1,1,-1,1,-1,1,-1,1,1,1,-1,-1,-1,-1,-1,1,-1,1,-1,-1,-1,1,1,-1,1,-1,-1,-1,1,1,-1,1,-1,-1,-1,1,1,-1,1,-1,-1,-1,-1,1,1,1,-1,1,-1,-1,1,-1,1,-1,-1,1,-1,1,-1,1,1,-1,-1,-1,-1,-1,1,1,-1,-1,-1,1,-1,-1,1,-1,-1,-1,-1,1,1,-1,-1,-1,-1,-1,1,1,-1,1,-1,1,1,1,1,1,-1,-1,-1,-1,-1,1,-1,1,-1,-1,1,-1,1,1,-1,1,-1,-1,1,1,1,-1,1,-1,1,-1,1,1,-1,-1,-1,-1,-1,1,1,-1,1,-1,1,-1,1,1,1,-1,1,-1,-1,1,1,-1,-1,-1,1,-1,1,1,1,-1,1,-1,-1,-1,-1,1,-1,1,-1,-1,1,-1,-1,1,-1,1,-1,1,1,-1,1,-1,1,-1,1,-1,1,-1,1,-1,-1,1,1,-1,1,-1,-1,-1,-1,1,1,1,-1,1,-1,-1,1,-1,1,1,-1,-1,-1,1,1,1,1,1,-1,-1,1,1,-1,1,1,-1,-1,1,1,-1,1,-1,-1,-1,1,1,1,-1,1,-1,-1,1,1,1,-1,1,-1,-1,1,1,-1,-1,1,-1,-1,1,1,-1,1,-1,-1,1,1,1,-1,-1,1,-1,1,1,1,1,-1,1,1,1,1,1,-1,1,1,-1,-1,-1,1,1,-1,1,-1,1,1,1,-1,1,1,-1,1,1,1,-1,1,1,-1,1,-1,1,1,-1,1,-1,-1,1,1,-1,-1,1,1,-1,1,1,-1,1,1,1,-1,1,-1,-1,1,1,-1,-1,1,1,-1,1,1,1,-1,1,-1,1,1,1,-1,1,-1,-1,-1,1,1,1,-1,1,-1,-1,1,1,-1,1,1,-1,-1,1,1,1,-1,-1,1,-1,1,-1,-1,1,-1,1,-1,1,1,1,-1,-1,1,-1,1,1,1,-1,1,1,-1,1,-1,1,1,-1,1,-1,-1,1,-1,1,-1,1,-1,-1,1,1,1,-1,1,-1,-1,1,1,-1,-1,1,-1,1,-1,1,-1,-1,1,-1,1,1,1,-1,1,-1,1,-1,1,1,-1,-1,-1,-1,1,1,1,-1,1,-1,1,1,-1,1,-1,1,1,-1,1,1,1,-1,-1,-1,-1,1,1,1,-1,-1,-1,1,1,-1,-1,-1,1,-1,-1,1,-1,1,-1,-1,-1,1,1,-1,1,-1,-1,1,-1,1,1,-1,1,-1,-1,1,-1,1,-1,-1,1,-1,-1,1,1,-1,1,-1,-1,1,1,-1,1,1,-1,1,-1,1,1,-1,1,-1,-1,1,-1,-1,1,1,-1,1,-1,1,1,-1,1,-1,-1,1,-1,1,1,1,1,-1,1,-1,1,-1,1,1,-1,1,1,1,-1,1,1,-1,1,-1,1,1,1,1,-1,1,-1,1,-1,1,1,-1,1,1,1,-1,1,1,-1,-1,1,1,1,-1,1,-1,1,-1,1,-2640.0,1,2000,445,1000,True
2918,1,1,-1,-1,1,1,-1,1,1,1,1,-1,-1,1,1,1,-1,1,-1,-1,-1,1,1,1,1,1,-1,-1,1,1,1,1,-1,-1,-1,1,-1,1,1,1,-1,-1,1,1,1,1,1,1,-1,-1,1,1,-1,1,-1,-1,1,-1,1,1,1,-1,-1,-1,1,1,1,1,1,-1,1,-1,1,1,1,1,-1,1,-1,1,1,-1,1,-1,-1,1,1,1,1,1,1,1,-1,1,1,1,-1,-1,-1,1,1,1,1,1,-1,-1,-1,1,1,1,1,-1,-1,-1,1,1,1,1,1,-1,-1,1,1,1,1,-1,-1,-1,1,1,1,1,-1,-1,-1,1,1,1,1,-1,-1,-1,-1,1,1,1,1,-1,-1,-1,1,1,1,-1,1,-1,-1,-1,1,1,-1,-1,-1,-1,1,-1,1,-1,1,-1,-1,-1,1,1,-1,-1,-1,1,1,1,-1,1,1,-1,-1,-1,1,-1,-1,-1,-1,-1,-1,1,-1,-1,1,-1,-1,-1,1,-1,-1,1,-1,-1,1,1,1,-1,1,-1,1,1,-1,-1,-1,1,-1,1,-1,1,1,-1,1,1,-1,-1,-1,1,-1,1,-1,-1,1,1,1,-1,1,-1,-1,1,-1,-1,-1,1,1,-1,-1,-1,1,-1,1,-1,1,-1,1,-1,-1,1,-1,-1,-1,-1,1,-1,1,1,-1,-1,-1,1,-1,1,1,1,-1,-1,1,-1,1,1,1,-1,-1,1,-1,1,1,1,-1,-1,1,-1,1,-1,-1,-1,-1,1,1,1,1,-1,-1,-1,1,-1,1,1,1,-1,-1,1,1,1,1,1,-1,1,-1,1,1,-1,1,-1,-1,-1,1,1,1,1,-1,-1,1,1,1,1,1,-1,-1,1,-1,1,1,1,-1,-1,-1,1,1,1,-1,-1,-1,1,-1,1,1,-1,-1,-1,-1,1,1,1,-1,-1,-1,-1,1,1,1,-1,-1,-1,-1,1,1,1,-1,1,-1,1,1,1,1,1,1,-1,-1,1,-1,1,-1,1,-1,-1,1,-1,1,1,-1,1,-1,1,1,-1,-1,-1,-1,-1,1,-1,1,-1,1,1,-1,1,1,-1,-1,1,-1,1,1,1,-1,1,1,-1,-1,1,1,-1,-1,1,-1,1,1,-1,-1,-1,1,-1,1,1,1,1,-1,1,1,1,-1,1,-1,-1,1,-1,-1,1,1,-1,-1,1,1,1,-1,-1,1,-1,1,1,1,1,-1,-1,-1,1,1,1,1,-1,1,-1,-1,1,1,1,-1,1,-1,1,1,-1,1,-1,1,-1,-1,1,1,1,1,1,-1,1,1,1,-1,1,-1,1,-1,-1,1,-1,1,-1,1,-1,-1,1,-1,1,1,-1,1,-1,1,1,-1,1,1,-1,1,1,-1,1,1,-1,1,-1,1,-1,-1,-1,1,1,1,-1,-1,1,-1,1,-1,1,1,-1,-1,1,1,-1,1,-1,1,-1,1,1,-1,-1,1,1,-1,-1,-1,1,1,-1,1,-1,1,1,1,1,1,-1,1,1,-1,-1,1,1,1,-1,1,-1,1,-1,1,1,1,-1,-1,-1,-1,-1,1,-1,1,-1,-1,-1,1,1,-1,1,-1,-1,-1,1,1,-1,1,-1,-1,1,1,1,-1,1,-1,-1,-1,-1,1,1,1,-1,1,-1,-1,1,-1,1,-1,-1,1,1,-1,-1,1,1,-1,-1,-1,-1,-1,1,1,-1,-1,1,-1,-1,1,1,-1,-1,1,-1,1,1,-1,-1,-1,-1,-1,1,1,-1,1,-1,-1,1,1,1,1,-1,1,-1,-1,-1,1,-1,1,1,-1,1,-1,1,1,-1,-1,1,-1,1,1,1,-1,1,1,-1,-1,1,1,-1,-1,1,1,-1,1,1,-1,-1,1,-1,-1,1,1,-1,-1,1,1,-1,1,1,-1,-1,1,1,-1,1,1,1,-1,1,-1,-1,-1,-1,1,-1,1,-1,-1,1,-1,-1,1,-1,1,-1,1,1,-1,1,1,-1,-1,1,-1,1,1,1,-1,-1,1,1,-1,1,1,1,-1,-1,1,-1,1,1,-1,-1,-1,1,-1,1,1,-1,-1,-1,1,1,1,1,1,-1,-1,1,1,-1,1,1,-1,-1,-1,1,-1,1,-1,-1,-1,1,1,1,1,1,-1,-1,1,1,-1,1,-1,-1,-1,1,-1,1,-1,1,-1,-1,1,1,1,-1,-1,-1,1,-1,1,-1,-1,1,-1,1,1,1,-1,-1,-1,1,1,1,1,-1,1,1,-1,-1,-1,1,-1,-1,-1,-1,1,1,1,1,1,1,-1,1,1,1,1,-1,1,1,-1,1,1,-1,-1,1,-1,-1,1,1,1,-1,-1,1,-1,1,-1,1,-1,1,-1,-1,-1,1,1,-1,-1,-1,-1,1,1,1,-1,1,1,-1,1,1,1,-1,-1,-1,1,1,1,-1,-1,-1,-1,-1,1,1,1,1,-1,-1,1,1,1,1,-1,-1,-1,-1,1,1,1,-1,1,-1,-1,-1,1,1,-1,-1,1,-1,-1,1,1,-1,1,-1,-1,1,1,1,-1,-1,1,-1,-1,1,1,1,-1,1,-1,-1,1,1,1,-1,1,-1,1,-1,1,1,1,1,-1,-1,1,1,-1,-1,-1,-1,-1,1,1,-1,1,-1,-1,-1,-1,1,1,-1,-1,-1,-1,1,1,-1,1,-1,1,-1,1,-1,-1,1,1,-1,1,-1,1,-1,1,1,-1,1,-1,1,-1,1,1,-1,1,-1,-1,-1,-1,1,-1,1,-1,1,-1,-1,1,1,1,-1,1,-1,-1,1,-1,-1,1,-1,-1,-1,1,-1,1,1,-1,1,-1,1,1,1,-1,1,-1,1,1,1,1,-1,-1,-1,-1,1,1,1,-1,1,-1,1,1,-1,1,1,-1,1,-1,1,1,1,-1,-1,-1,1,1,1,1,-1,-1,1,1,1,1,1,-1,-1,1,1,1,1,1,1,-1,-1,1,1,1,1,1,-1,1,1,1,1,1,1,-1,1,1,1,1,1,1,-1,-1,1,1,1,1,1,1,-1,1,1,-1,1,1,-1,-1,1,-2640.0,1,2000,445,500,True
2919,1,1,-1,-1,1,-1,-1,1,1,1,1,-1,1,1,1,1,-1,1,-1,-1,-1,1,1,1,1,-1,1,-1,1,1,1,1,-1,-1,-1,1,-1,1,1,1,-1,-1,1,1,1,1,-1,-1,1,-1,1,1,1,-1,-1,-1,1,-1,1,1,-1,-1,-1,-1,1,1,1,-1,1,-1,1,-1,1,1,-1,1,-1,1,-1,1,1,-1,-1,-1,-1,1,1,1,-1,-1,-1,1,-1,1,-1,-1,-1,1,-1,-1,1,-1,-1,-1,1,-1,-1,1,-1,-1,-1,1,-1,-1,1,1,-1,-1,1,-1,-1,1,1,-1,-1,-1,-1,-1,1,-1,-1,-1,-1,-1,-1,-1,-1,-1,-1,-1,-1,-1,-1,1,-1,-1,1,-1,-1,-1,1,-1,-1,-1,1,-1,-1,-1,-1,-1,-1,-1,-1,-1,-1,-1,1,-1,1,-1,-1,-1,-1,-1,-1,-1,-1,1,-1,-1,-1,1,1,-1,-1,-1,-1,-1,-1,-1,-1,-1,-1,-1,-1,-1,1,-1,-1,-1,-1,1,-1,1,-1,-1,-1,-1,-1,-1,1,-1,1,1,-1,-1,-1,1,1,1,-1,1,-1,-1,1,1,-1,-1,-1,-1,-1,1,-1,-1,1,1,-1,-1,1,1,-1,-1,1,1,-1,1,1,-1,1,-1,1,-1,1,-1,-1,-1,1,-1,-1,1,1,1,-1,1,-1,-1,1,-1,-1,-1,1,-1,1,1,-1,-1,-1,1,-1,1,1,-1,1,-1,1,-1,-1,1,1,1,-1,1,1,-1,1,1,-1,-1,-1,1,1,1,-1,-1,-1,1,1,-1,1,1,1,-1,-1,1,1,1,-1,-1,-1,1,1,1,1,1,-1,-1,1,-1,1,1,-1,1,-1,1,-1,1,1,-1,1,-1,1,1,-1,1,-1,1,1,-1,-1,1,1,-1,-1,1,-1,1,-1,1,-1,1,1,1,-1,1,1,-1,-1,1,1,-1,1,-1,-1,-1,1,1,-1,1,-1,-1,-1,1,1,-1,1,-1,-1,1,1,1,-1,1,1,-1,-1,1,1,-1,-1,1,-1,-1,-1,1,-1,1,-1,1,-1,-1,-1,-1,1,1,-1,-1,1,1,-1,1,1,-1,-1,1,1,1,1,1,-1,-1,1,1,-1,1,-1,-1,-1,-1,1,1,-1,1,-1,-1,1,-1,1,-1,-1,-1,-1,1,-1,1,-1,-1,-1,-1,1,-1,1,-1,1,-1,1,1,-1,1,-1,1,-1,-1,1,-1,1,-1,1,1,-1,1,-1,-1,1,1,-1,-1,-1,-1,1,1,1,-1,-1,1,-1,1,-1,1,-1,-1,1,-1,1,-1,-1,1,1,1,-1,1,-1,-1,-1,1,-1,1,1,-1,-1,-1,1,-1,-1,1,-1,-1,-1,1,-1,1,-1,-1,-1,-1,1,-1,-1,1,-1,-1,-1,1,1,-1,1,-1,-1,-1,1,1,-1,-1,-1,1,-1,1,-1,-1,1,-1,-1,1,1,1,-1,-1,1,-1,1,1,1,-1,-1,1,-1,-1,-1,1,1,-1,1,-1,1,1,-1,1,1,-1,1,1,-1,1,-1,-1,1,-1,1,-1,-1,1,-1,1,1,-1,-1,-1,1,1,1,-1,1,-1,-1,1,-1,1,-1,1,-1,-1,-1,1,1,-1,1,-1,-1,-1,-1,1,-1,1,-1,-1,1,1,1,1,1,-1,-1,-1,1,1,-1,1,-1,-1,-1,-1,1,-1,1,1,-1,1,-1,-1,-1,1,-1,1,1,1,1,-1,1,1,-1,1,-1,1,1,1,-1,1,1,1,-1,1,1,-1,-1,1,1,1,1,1,-1,1,1,1,-1,-1,1,-1,1,1,1,1,-1,1,1,1,1,1,-1,1,1,-1,1,1,1,1,-1,1,1,1,1,1,1,-1,1,1,1,1,1,1,-1,1,1,-1,1,-1,1,-1,1,1,1,1,1,1,-1,1,1,1,1,1,-1,-1,1,-1,1,1,1,-1,-1,1,-1,1,1,-1,1,-1,1,1,1,1,1,-1,-1,1,-1,1,1,-1,-1,-1,1,1,-1,1,1,-1,-1,1,1,-1,1,1,-1,-1,-1,1,-1,1,1,-1,-1,-1,1,1,1,1,-1,-1,1,-1,-1,1,-1,-1,-1,-1,1,1,-1,1,-1,-1,-1,1,1,1,1,-1,-1,-1,1,1,-1,1,-1,-1,1,1,1,-1,1,-1,-1,1,1,1,1,-1,-1,-1,1,1,1,-1,-1,1,-1,1,1,1,-1,-1,-1,1,1,1,1,-1,1,-1,-1,1,-1,1,-1,-1,-1,1,1,1,1,-1,1,1,1,1,1,1,1,-1,1,-1,1,-1,1,-1,1,1,-1,1,1,1,-1,-1,1,1,1,1,1,-1,1,1,1,1,1,-1,-1,1,1,-1,1,1,1,-1,1,1,1,1,1,-1,1,1,1,1,1,1,-1,-1,1,1,1,1,-1,1,-1,1,1,1,1,-1,-1,-1,1,1,1,1,-1,1,-1,1,1,1,1,1,-1,-1,1,1,1,1,1,-1,-1,1,1,1,1,-1,-1,-1,1,-1,1,1,1,-1,1,1,1,1,1,1,-1,-1,1,1,1,1,1,-1,1,1,1,1,1,1,-1,1,-1,-1,1,1,1,-1,1,-1,1,1,1,-1,-1,1,-1,1,1,1,1,1,1,-1,1,1,-1,1,1,-1,-1,1,1,1,-1,1,1,-1,1,1,1,1,-1,1,-1,1,1,1,1,1,-1,-1,-1,1,1,1,-1,1,-1,-1,1,1,-1,1,1,-1,1,1,1,1,1,-1,-1,-1,1,1,1,1,-1,1,1,-1,1,1,-1,1,-1,1,1,1,1,-1,1,-1,-1,1,1,1,-1,1,1,1,1,-1,1,1,-1,1,-1,-1,1,1,-1,1,1,1,1,-1,1,-1,-1,1,1,1,1,1,-1,-1,1,1,1,1,1,1,-1,1,1,1,1,1,1,-1,1,1,1,1,1,-1,-1,1,1,1,-1,1,1,-1,1,1,1,-1,1,-1,1,-1,1,1,-1,1,1,-1,1,1,-2640.0,1,2000,445,500,True
2920,-1,-1,1,1,1,1,-1,1,-1,-1,-1,1,-1,1,-1,-1,1,-1,1,1,1,1,-1,-1,-1,1,-1,-1,-1,-1,-1,-1,1,1,-1,1,1,-1,-1,-1,1,-1,1,-1,-1,-1,1,-1,1,-1,-1,-1,1,-1,1,-1,-1,1,-1,-1,-1,1,1,1,-1,-1,-1,-1,-1,-1,1,-1,-1,-1,-1,-1,1,1,-1,-1,-1,1,1,-1,-1,-1,-1,-1,-1,1,-1,-1,-1,-1,-1,-1,-1,1,-1,1,-1,-1,-1,-1,1,-1,-1,-1,-1,-1,-1,1,-1,-1,-1,-1,-1,-1,1,-1,-1,-1,-1,-1,-1,1,-1,-1,1,-1,-1,-1,1,-1,-1,-1,-1,-1,-1,1,-1,-1,-1,-1,-1,-1,-1,-1,-1,-1,-1,-1,-1,1,1,-1,1,-1,-1,-1,1,-1,-1,-1,-1,-1,1,1,1,-1,-1,-1,-1,-1,1,-1,-1,-1,-1,-1,1,-1,1,-1,-1,-1,-1,1,1,-1,-1,1,-1,-1,1,1,1,1,-1,-1,1,-1,1,1,-1,1,-1,-1,-1,1,1,-1,1,1,-1,1,1,1,1,1,-1,1,1,1,1,1,-1,-1,1,-1,1,1,-1,1,-1,1,-1,1,1,1,1,-1,1,1,1,1,1,1,-1,-1,1,1,1,-1,-1,-1,1,1,1,1,1,1,-1,1,1,-1,1,-1,-1,-1,1,1,-1,1,-1,-1,-1,1,1,-1,1,-1,1,-1,1,-1,1,1,1,1,-1,-1,1,1,1,1,-1,-1,-1,1,-1,1,-1,-1,-1,1,1,-1,1,1,1,-1,-1,1,1,1,-1,-1,-1,1,1,-1,-1,1,-1,-1,-1,1,-1,1,-1,1,-1,-1,1,1,1,-1,-1,-1,1,-1,1,1,-1,1,-1,-1,-1,1,1,-1,1,-1,1,1,-1,1,-1,-1,-1,-1,-1,1,1,-1,-1,-1,-1,-1,1,-1,-1,-1,-1,-1,1,1,-1,-1,1,1,-1,1,1,-1,-1,1,1,-1,-1,1,1,-1,1,1,-1,-1,-1,1,-1,-1,-1,1,-1,1,-1,-1,1,1,-1,-1,1,1,-1,1,-1,1,-1,1,-1,1,-1,1,-1,1,1,-1,1,1,-1,-1,-1,1,-1,-1,-1,-1,-1,1,-1,1,-1,1,1,-1,1,-1,-1,-1,1,-1,1,1,-1,1,-1,-1,1,-1,1,-1,-1,-1,-1,1,-1,1,-1,1,-1,1,1,-1,1,-1,-1,-1,-1,1,-1,1,1,1,-1,-1,1,-1,1,1,-1,1,-1,1,-1,1,-1,1,-1,-1,-1,-1,1,-1,-1,1,-1,1,-1,1,-1,1,-1,1,-1,1,1,-1,1,-1,1,-1,1,1,-1,-1,-1,1,-1,1,-1,-1,1,-1,1,-1,-1,1,-1,-1,1,-1,1,1,1,-1,1,-1,1,1,1,1,-1,1,-1,1,-1,1,1,-1,1,1,1,-1,1,1,1,1,-1,1,-1,-1,1,1,1,1,-1,-1,-1,1,1,1,1,1,-1,1,1,-1,1,1,-1,1,-1,1,-1,-1,1,-1,-1,1,-1,-1,1,-1,-1,-1,1,1,-1,1,1,-1,-1,1,1,-1,-1,1,-1,-1,-1,-1,-1,1,1,-1,-1,-1,-1,-1,1,1,-1,-1,1,1,1,-1,1,-1,-1,1,1,-1,1,1,-1,-1,-1,1,-1,-1,1,1,-1,1,1,1,1,1,-1,1,1,1,-1,1,1,1,-1,1,1,-1,1,1,-1,1,1,1,-1,1,1,-1,-1,1,-1,1,1,1,-1,1,1,1,-1,1,1,-1,1,1,1,1,1,1,1,1,1,1,1,1,1,-1,1,-1,1,-1,1,1,1,1,1,1,1,1,1,-1,1,-1,1,1,1,1,1,-1,1,-1,1,1,1,1,1,1,1,1,1,1,-1,1,1,-1,-1,1,-1,-1,1,1,1,-1,1,1,-1,1,-1,1,1,1,1,1,1,-1,1,-1,1,1,-1,1,-1,1,-1,1,1,-1,1,-1,1,-1,1,1,-1,1,-1,1,-1,1,1,-1,1,-1,1,-1,1,1,1,1,1,1,1,1,1,-1,-1,1,-1,-1,1,1,1,1,-1,1,-1,1,1,-1,1,1,-1,1,1,1,-1,1,1,-1,-1,1,1,1,1,1,-1,1,1,1,1,1,1,-1,1,1,-1,1,1,-1,-1,-1,1,1,1,1,-1,-1,1,1,1,1,1,1,1,1,1,1,-1,1,1,-1,-1,1,1,1,1,1,1,1,1,1,1,1,1,-1,1,1,1,-1,1,-1,1,1,1,1,1,1,1,1,-1,-1,1,1,1,1,-1,1,1,1,1,-1,1,1,-1,1,1,1,1,1,1,1,-1,1,1,1,1,1,-1,1,1,-1,1,-1,1,-1,1,1,-1,1,1,1,-1,1,-1,1,1,-1,1,-1,1,1,-1,1,1,-1,-1,1,1,-1,1,1,1,1,-1,1,1,-1,1,1,-1,1,1,-1,-1,1,-1,1,-1,1,1,-1,1,1,-1,-1,1,1,-1,1,1,-1,-1,1,1,-1,1,1,-1,-1,1,1,-1,1,-1,-1,1,1,1,-1,1,-1,-1,1,1,-1,1,1,-1,-1,1,1,-1,-1,1,-1,-1,1,-1,1,1,-1,-1,-1,-1,1,1,-1,1,-1,-1,-1,1,-1,-1,1,-1,1,-1,1,-1,1,-1,-1,-1,1,1,-1,-1,1,-1,-1,-1,1,1,-1,1,-1,1,-1,1,1,-1,1,-1,-1,1,-1,-1,-1,-1,1,1,1,-1,-1,1,1,-1,1,1,-1,-1,1,1,-1,-1,-1,1,-1,1,1,1,1,-1,1,-1,-1,-1,-1,-1,-1,-1,-1,-1,1,1,1,1,-1,1,1,-1,1,1,-1,-1,-1,1,-1,1,1,1,1,-1,1,-1,1,1,1,-1,-1,1,-1,1,1,1,-1,-1,1,-1,1,1,-1,-1,-1,1,-1,1,1,1,-1,-1,-1,1,-1,1,-1,1,-1,1,-1,1,1,-2640.0,1,2000,445,1500,True
2921,1,1,-1,-1,1,1,-1,-1,1,1,1,-1,1,1,1,1,-1,1,-1,-1,-1,-1,1,1,1,-1,-1,-1,1,1,1,1,1,-1,-1,-1,1,1,1,-1,-1,-1,-1,1,1,1,-1,-1,1,1,1,1,-1,1,-1,-1,1,-1,1,1,-1,-1,-1,-1,1,1,1,-1,-1,-1,-1,1,1,1,1,-1,-1,-1,1,-1,1,-1,-1,-1,1,1,1,1,-1,-1,-1,1,-1,1,1,-1,-1,1,1,1,1,1,-1,-1,-1,1,-1,1,1,-1,-1,1,1,-1,1,1,-1,-1,1,1,-1,1,1,1,-1,-1,1,-1,1,1,1,-1,-1,1,-1,1,1,1,-1,-1,1,-1,1,1,1,-1,1,1,1,-1,1,-1,-1,-1,-1,1,-1,1,-1,-1,-1,1,1,1,-1,-1,1,-1,-1,1,-1,-1,-1,-1,-1,1,-1,1,-1,-1,-1,1,-1,1,1,-1,-1,-1,-1,1,1,1,-1,-1,-1,-1,-1,1,1,-1,1,1,-1,-1,1,1,-1,-1,-1,-1,-1,1,1,1,-1,-1,-1,-1,1,1,-1,1,-1,-1,-1,-1,1,-1,1,-1,-1,-1,1,1,1,1,-1,-1,-1,1,1,-1,1,1,-1,-1,-1,1,-1,-1,1,-1,-1,1,-1,-1,1,-1,-1,-1,1,1,-1,1,-1,-1,1,-1,-1,-1,1,-1,1,-1,1,-1,-1,1,-1,1,-1,-1,1,-1,1,-1,-1,1,-1,1,-1,-1,1,-1,1,-1,-1,-1,-1,1,1,1,-1,-1,-1,1,1,-1,1,1,1,-1,-1,1,1,1,-1,-1,-1,1,1,1,1,1,-1,-1,-1,-1,1,1,-1,-1,-1,-1,1,1,1,-1,-1,-1,-1,1,-1,1,-1,1,-1,-1,-1,1,1,-1,1,-1,-1,1,-1,1,-1,-1,-1,-1,-1,1,1,-1,-1,-1,-1,-1,1,-1,-1,-1,-1,-1,-1,1,-1,-1,-1,1,-1,1,1,-1,-1,1,1,-1,-1,1,1,-1,-1,1,-1,-1,-1,1,-1,-1,-1,1,-1,1,-1,-1,-1,-1,-1,-1,1,1,-1,-1,1,1,-1,1,-1,1,-1,1,-1,1,1,1,-1,-1,1,-1,-1,1,-1,-1,-1,1,-1,1,1,1,-1,-1,1,-1,1,1,-1,-1,-1,1,1,1,-1,1,-1,-1,1,-1,1,1,-1,-1,1,1,1,1,-1,1,-1,-1,1,1,1,1,-1,-1,-1,-1,1,1,1,1,-1,-1,1,1,1,1,-1,1,-1,1,1,-1,1,1,-1,-1,1,1,1,1,-1,-1,1,1,1,1,-1,1,-1,1,1,-1,1,-1,1,-1,1,1,-1,1,-1,-1,-1,1,1,-1,1,-1,1,-1,1,1,1,1,-1,-1,1,-1,1,-1,1,1,1,-1,1,1,1,-1,-1,1,-1,1,1,-1,1,-1,1,1,1,1,1,-1,1,1,-1,1,1,1,-1,1,1,1,-1,1,1,-1,1,1,1,1,-1,1,1,-1,-1,-1,1,-1,-1,1,-1,1,-1,1,-1,1,-1,-1,-1,1,1,-1,1,1,-1,-1,-1,1,-1,1,1,-1,1,-1,1,-1,-1,-1,-1,-1,-1,1,-1,-1,-1,-1,-1,-1,1,-1,1,1,1,1,-1,1,-1,1,1,-1,-1,-1,1,-1,-1,1,-1,1,-1,-1,1,1,1,1,-1,-1,1,1,1,1,-1,1,-1,-1,1,1,1,-1,-1,-1,1,1,1,1,-1,1,-1,1,-1,1,-1,1,1,-1,-1,1,1,1,-1,-1,-1,-1,1,1,1,1,-1,1,-1,1,1,1,1,-1,1,-1,1,-1,1,-1,-1,1,-1,1,1,1,1,-1,1,-1,1,1,1,1,-1,1,-1,1,1,-1,1,-1,1,-1,1,1,1,1,-1,1,-1,1,1,1,-1,-1,-1,-1,1,1,1,-1,1,-1,-1,1,1,1,1,-1,-1,-1,1,1,1,-1,-1,1,-1,1,1,-1,-1,-1,-1,-1,1,1,1,-1,-1,-1,-1,1,1,1,-1,-1,-1,-1,1,1,1,-1,-1,-1,1,1,1,-1,-1,-1,-1,-1,-1,1,-1,-1,-1,-1,-1,1,-1,1,-1,-1,-1,1,1,1,1,-1,-1,-1,-1,1,1,1,-1,-1,-1,1,1,1,1,-1,-1,-1,1,1,1,-1,1,-1,1,1,1,-1,1,-1,-1,1,1,1,-1,-1,-1,1,1,1,1,-1,-1,-1,-1,-1,-1,1,1,-1,-1,-1,1,1,1,1,-1,-1,-1,1,1,1,1,-1,-1,-1,1,-1,1,-1,-1,-1,1,-1,1,1,1,-1,-1,1,-1,1,1,1,-1,-1,-1,-1,1,-1,1,-1,1,1,-1,1,1,1,-1,-1,1,-1,1,1,1,-1,1,-1,1,-1,1,-1,-1,-1,1,1,-1,1,1,1,1,1,-1,1,1,1,-1,-1,1,1,-1,1,1,-1,1,1,1,-1,1,1,-1,-1,1,1,1,-1,1,-1,1,1,1,-1,1,1,-1,-1,1,1,1,-1,1,1,1,-1,1,1,-1,1,1,-1,1,1,1,-1,1,1,1,1,1,1,-1,1,-1,-1,1,1,1,-1,1,-1,1,1,1,-1,1,1,1,1,1,1,1,1,1,-1,1,1,-1,1,1,-1,-1,1,1,1,-1,1,1,-1,1,1,1,1,-1,1,-1,1,1,1,1,1,-1,-1,-1,1,1,1,-1,1,-1,-1,1,1,-1,1,1,-1,-1,1,1,1,1,-1,-1,-1,1,1,1,1,-1,1,-1,1,1,1,-1,1,-1,1,1,1,1,-1,-1,-1,-1,1,1,1,-1,1,-1,1,1,-1,1,1,-1,1,-1,-1,1,1,-1,-1,-1,1,1,1,1,-1,-1,1,1,1,1,1,-1,-1,1,1,1,1,1,1,-1,-1,1,1,1,1,1,-1,1,1,1,1,1,-1,-1,1,1,1,1,1,1,-1,-1,1,1,-1,1,-1,1,-1,1,1,-1,1,1,-1,-1,1,-2640.0,1,2000,445,500,True
2922,-1,-1,1,1,-1,1,-1,1,-1,-1,-1,1,-1,1,-1,-1,1,-1,1,-1,-1,1,-1,-1,-1,1,-1,-1,-1,-1,-1,-1,-1,-1,-1,1,1,-1,-1,1,-1,-1,1,-1,-1,-1,1,-1,1,-1,-1,-1,1,-1,1,-1,-1,1,-1,-1,1,1,-1,1,-1,-1,-1,1,1,-1,1,-1,-1,-1,-1,1,-1,1,-1,-1,-1,1,1,-1,-1,-1,-1,-1,1,-1,-1,-1,-1,-1,-1,1,-1,1,-1,1,-1,-1,1,1,-1,-1,-1,-1,-1,1,-1,1,-1,-1,-1,-1,1,-1,1,-1,-1,1,-1,-1,1,-1,-1,-1,1,-1,1,1,-1,-1,-1,1,-1,1,1,-1,-1,-1,1,-1,-1,1,1,-1,-1,-1,-1,-1,1,-1,1,-1,1,1,-1,1,-1,1,-1,-1,-1,-1,1,-1,1,-1,-1,-1,1,1,-1,-1,-1,1,-1,1,-1,1,1,-1,-1,-1,1,-1,-1,-1,-1,1,-1,1,1,-1,1,-1,1,-1,-1,1,-1,1,-1,1,-1,1,1,-1,1,-1,1,-1,1,1,-1,1,-1,1,-1,-1,1,1,1,1,-1,1,-1,1,-1,1,-1,-1,1,-1,1,1,1,-1,-1,1,-1,-1,1,1,1,-1,1,-1,-1,1,1,-1,1,1,-1,-1,1,1,-1,-1,1,-1,1,1,1,1,1,1,-1,1,1,1,1,1,1,1,-1,1,1,1,1,1,1,-1,1,1,1,1,1,1,-1,1,1,-1,1,1,-1,1,1,1,1,1,1,1,-1,1,1,1,1,-1,1,1,1,-1,1,1,1,1,-1,1,1,-1,1,1,1,-1,1,1,1,1,1,1,1,1,1,1,1,1,1,-1,1,1,1,1,1,-1,1,-1,1,1,-1,1,1,1,1,1,1,1,1,1,-1,-1,1,-1,1,1,1,-1,-1,1,1,1,1,1,-1,-1,1,1,-1,1,1,-1,-1,1,1,-1,-1,1,-1,1,1,1,-1,1,1,1,-1,1,1,1,-1,1,-1,1,1,1,-1,-1,-1,-1,1,1,1,-1,1,1,-1,1,1,-1,-1,1,1,-1,1,1,-1,-1,1,1,1,-1,1,1,-1,-1,1,1,1,-1,1,-1,1,-1,-1,1,1,1,-1,-1,-1,1,1,-1,1,1,-1,1,-1,1,1,1,1,1,-1,-1,1,-1,1,-1,1,-1,-1,-1,1,1,1,1,-1,-1,1,-1,1,1,1,-1,1,-1,1,-1,1,1,-1,-1,1,-1,1,1,1,-1,-1,-1,1,1,1,1,-1,-1,1,-1,1,1,-1,1,-1,1,-1,1,1,-1,-1,-1,-1,1,1,1,-1,1,-1,-1,-1,1,1,-1,-1,1,-1,1,1,1,1,-1,-1,-1,-1,-1,1,1,-1,-1,1,1,-1,1,-1,-1,-1,-1,-1,1,-1,1,-1,-1,-1,-1,1,-1,1,-1,-1,-1,-1,-1,1,1,1,-1,-1,-1,1,-1,-1,-1,1,1,1,1,-1,1,-1,-1,1,-1,1,-1,1,-1,1,1,1,-1,-1,-1,-1,-1,1,1,1,-1,-1,-1,1,1,-1,1,-1,-1,-1,1,1,1,1,-1,-1,-1,1,1,1,1,-1,-1,-1,-1,1,-1,1,-1,1,-1,-1,1,1,1,-1,1,1,-1,1,-1,1,1,-1,-1,-1,-1,1,1,1,-1,-1,-1,1,1,1,1,-1,-1,-1,-1,1,1,-1,-1,-1,-1,-1,1,1,-1,1,-1,1,1,1,1,1,-1,-1,-1,-1,1,1,-1,1,-1,-1,1,1,1,1,-1,1,-1,-1,1,1,1,-1,1,-1,1,1,1,1,-1,1,-1,1,1,-1,1,-1,1,-1,-1,1,1,1,1,-1,1,-1,1,1,1,-1,-1,-1,-1,1,1,-1,1,-1,1,-1,1,-1,-1,1,-1,1,-1,1,1,-1,-1,1,-1,1,1,-1,1,-1,1,-1,1,1,1,-1,-1,1,-1,1,1,-1,1,-1,1,-1,-1,1,1,1,-1,1,-1,1,1,-1,1,-1,1,-1,1,1,1,-1,-1,-1,-1,-1,1,-1,1,-1,1,-1,-1,1,1,-1,-1,1,-1,-1,1,1,-1,-1,-1,1,-1,1,1,-1,1,-1,1,-1,1,1,1,-1,1,1,-1,1,1,-1,-1,1,-1,-1,1,1,-1,-1,1,-1,1,1,1,-1,-1,-1,-1,-1,1,1,-1,-1,1,1,-1,1,1,1,1,-1,-1,-1,1,1,1,-1,1,1,1,1,1,-1,-1,1,-1,1,1,1,1,-1,-1,1,1,1,1,1,1,-1,-1,1,-1,1,1,-1,-1,1,1,1,1,1,-1,-1,-1,1,-1,1,-1,1,-1,1,1,-1,1,-1,-1,1,1,1,1,1,1,-1,-1,1,1,-1,-1,-1,1,-1,1,1,-1,1,-1,-1,-1,1,1,-1,1,1,1,-1,1,1,-1,1,1,-1,-1,1,1,-1,-1,-1,1,-1,1,1,1,-1,1,-1,-1,1,-1,-1,-1,-1,1,-1,-1,1,1,-1,-1,1,-1,1,1,-1,-1,-1,1,1,1,1,-1,-1,-1,1,1,-1,1,-1,-1,1,-1,1,-1,1,-1,-1,1,1,1,-1,1,1,-1,1,1,-1,1,1,1,-1,1,1,1,1,1,1,-1,1,-1,1,1,1,1,-1,-1,1,1,-1,1,1,-1,-1,1,-1,1,1,1,-1,1,-1,1,1,1,-1,1,-1,-1,1,-1,1,1,1,-1,1,-1,-1,1,1,1,-1,-1,-1,-1,1,1,1,1,-1,1,1,1,1,1,-1,-1,1,1,1,1,1,-1,-1,-1,1,-1,1,-1,-1,1,1,-1,1,-1,1,-1,-1,-1,1,-1,1,1,-1,-1,1,-1,1,1,1,1,-1,1,-1,-1,1,1,1,-1,1,1,1,1,1,1,-1,1,-1,1,1,1,1,-1,1,-1,1,1,1,1,-1,1,1,1,1,-1,1,-1,-1,1,1,1,-1,1,-1,1,-1,1,-2640.0,1,2000,445,1000,True
2923,-1,-1,1,1,1,1,-1,1,-1,-1,-1,1,-1,1,-1,-1,1,-1,1,1,-1,1,-1,-1,-1,1,-1,-1,-1,-1,-1,-1,1,1,-1,1,1,-1,-1,-1,1,-1,1,-1,-1,-1,1,1,-1,-1,-1,-1,1,1,1,-1,-1,1,-1,-1,1,1,1,1,-1,1,-1,1,1,-1,1,-1,-1,-1,1,-1,-1,1,-1,-1,-1,1,1,-1,-1,-1,-1,1,1,1,-1,-1,-1,1,-1,1,-1,1,-1,1,1,1,1,-1,1,-1,-1,1,1,1,-1,1,-1,-1,1,1,1,-1,1,-1,-1,1,1,1,-1,1,-1,-1,1,1,1,-1,1,-1,-1,1,1,1,-1,-1,-1,-1,1,1,1,-1,1,-1,-1,1,1,1,-1,-1,1,-1,1,1,1,-1,1,-1,-1,1,1,1,-1,1,-1,1,1,1,1,-1,1,-1,1,1,1,-1,1,-1,1,1,1,1,-1,1,1,-1,1,1,1,1,1,1,-1,1,1,1,-1,1,1,-1,-1,1,1,1,-1,1,-1,1,1,1,-1,1,1,-1,1,1,1,1,1,1,-1,-1,1,1,-1,-1,1,-1,1,1,-1,1,1,1,-1,1,1,1,-1,1,1,-1,1,1,-1,1,-1,1,-1,1,1,1,-1,1,1,-1,1,-1,1,-1,1,-1,1,-1,-1,1,-1,1,-1,-1,-1,1,-1,-1,1,-1,-1,-1,1,-1,-1,-1,1,1,-1,1,1,-1,-1,1,1,-1,-1,-1,1,-1,-1,1,-1,-1,-1,-1,1,-1,1,1,-1,1,-1,-1,-1,1,-1,-1,-1,1,-1,-1,1,1,-1,-1,-1,1,-1,1,-1,-1,-1,-1,1,-1,1,-1,-1,-1,-1,1,-1,1,-1,-1,-1,1,-1,1,1,-1,1,-1,1,-1,-1,1,-1,-1,-1,-1,1,1,1,-1,-1,-1,-1,1,1,-1,-1,-1,-1,-1,1,1,-1,-1,1,-1,-1,1,1,-1,-1,1,1,-1,1,1,1,-1,1,-1,-1,1,1,1,-1,-1,-1,-1,1,-1,-1,-1,1,1,1,1,1,1,-1,1,-1,1,-1,1,-1,1,-1,1,-1,1,1,-1,1,1,-1,1,-1,1,-1,-1,-1,1,-1,1,1,1,-1,1,-1,1,1,1,-1,-1,1,-1,1,1,-1,-1,-1,1,-1,1,1,1,1,-1,1,1,1,1,-1,1,-1,-1,1,1,1,1,1,1,-1,1,1,1,1,1,-1,-1,1,1,1,1,1,-1,-1,1,1,-1,1,1,-1,1,1,1,1,1,1,-1,1,1,1,1,-1,-1,-1,1,1,-1,1,-1,-1,-1,1,1,-1,1,-1,-1,-1,1,1,-1,1,1,-1,-1,-1,1,1,1,-1,-1,1,-1,1,-1,1,1,-1,-1,1,1,1,-1,-1,1,-1,-1,1,-1,1,-1,-1,1,-1,1,1,-1,1,-1,1,-1,1,1,-1,1,-1,-1,1,1,1,-1,1,-1,1,-1,1,1,1,-1,1,1,1,-1,-1,-1,1,-1,1,1,-1,1,-1,1,1,-1,1,-1,1,1,1,1,1,1,-1,1,-1,1,-1,1,1,-1,-1,1,1,1,1,1,-1,-1,-1,1,1,1,1,-1,1,1,1,-1,1,1,-1,1,1,1,1,1,1,-1,-1,-1,1,-1,1,1,-1,1,-1,-1,1,1,1,1,1,1,1,1,1,-1,1,1,1,-1,1,1,-1,1,1,1,-1,1,1,1,-1,1,1,1,1,1,-1,1,1,1,-1,1,1,1,1,1,1,1,1,1,-1,1,1,1,1,1,1,-1,1,-1,1,-1,1,-1,1,1,1,1,1,1,1,-1,1,-1,1,-1,1,1,-1,1,1,-1,1,1,-1,-1,1,1,1,1,1,1,-1,1,1,-1,1,1,-1,-1,1,1,-1,1,1,-1,-1,1,-1,1,1,1,-1,-1,1,-1,1,1,-1,-1,-1,1,1,-1,1,1,-1,-1,1,-1,1,1,1,-1,-1,1,-1,1,1,1,-1,-1,1,-1,-1,1,1,-1,-1,1,1,-1,-1,1,-1,1,1,1,-1,1,1,1,-1,1,-1,1,-1,1,-1,-1,1,1,-1,1,1,-1,1,-1,1,-1,-1,1,1,-1,1,1,-1,-1,1,-1,1,1,1,-1,-1,-1,1,-1,1,1,-1,1,1,-1,-1,1,1,-1,-1,1,-1,-1,1,1,-1,-1,1,-1,1,-1,1,-1,-1,1,-1,-1,1,1,-1,-1,1,-1,-1,1,-1,1,-1,1,-1,1,1,1,-1,-1,1,-1,-1,-1,1,1,-1,-1,-1,-1,-1,1,-1,-1,-1,-1,-1,-1,1,-1,1,1,-1,1,-1,1,-1,-1,-1,-1,1,1,-1,-1,1,-1,-1,1,1,1,-1,1,-1,-1,1,-1,1,1,1,-1,1,1,1,1,-1,-1,-1,-1,1,-1,1,-1,1,-1,-1,1,1,1,-1,-1,-1,1,-1,1,1,-1,1,-1,-1,1,1,1,-1,-1,1,-1,1,1,-1,-1,1,-1,1,-1,1,1,1,-1,-1,1,-1,1,-1,1,1,-1,1,1,1,-1,-1,-1,-1,1,1,1,-1,-1,1,-1,1,1,1,-1,1,1,1,1,-1,-1,1,-1,1,1,-1,1,-1,-1,-1,1,-1,1,-1,1,-1,-1,1,-1,1,-1,-1,1,-1,1,-1,1,-1,-1,1,-1,-1,1,1,-1,1,-1,-1,-1,-1,1,-1,1,-1,1,-1,-1,1,1,1,1,-1,-1,1,1,-1,-1,1,1,-1,1,1,-1,1,-1,-1,1,1,-1,-1,1,-1,-1,-1,-1,1,-1,1,1,-1,1,1,-1,-1,1,-1,1,-1,-1,-1,-1,1,-1,-1,1,1,-1,1,1,-1,1,1,1,1,-1,1,-1,1,1,1,1,-1,1,-1,-1,1,1,1,-1,1,-1,1,1,1,1,-1,1,-1,1,1,1,-1,-1,1,-1,-1,1,1,-1,-1,-1,1,-1,1,-1,1,-1,1,-1,-1,1,-2640.0,1,2000,445,1500,True
2924,-1,-1,-1,-1,1,-1,1,1,-1,1,1,-1,1,1,-1,-1,-1,1,-1,-1,1,1,-1,1,1,-1,1,1,1,-1,1,1,-1,-1,1,1,1,-1,1,1,-1,1,1,-1,1,1,1,1,1,-1,-1,1,-1,1,-1,1,-1,1,1,1,1,-1,-1,1,-1,-1,1,1,1,1,1,-1,1,1,1,1,1,1,-1,1,1,-1,-1,1,-1,1,1,1,1,-1,1,-1,1,1,1,1,1,-1,-1,1,1,1,1,1,-1,-1,1,1,1,1,1,1,-1,1,1,1,1,1,-1,-1,-1,1,1,1,1,1,-1,-1,1,1,1,1,-1,-1,1,1,1,1,1,-1,-1,-1,1,1,1,1,-1,-1,-1,1,1,1,1,-1,1,-1,1,1,1,1,-1,-1,-1,1,-1,1,1,-1,-1,1,1,1,1,1,-1,-1,1,1,1,1,-1,1,1,-1,-1,1,1,1,-1,-1,1,1,1,1,-1,-1,1,-1,-1,1,-1,1,-1,1,-1,-1,1,1,1,-1,1,1,-1,1,-1,1,-1,1,-1,-1,1,1,1,1,1,1,-1,1,-1,1,-1,1,-1,-1,1,1,1,1,1,-1,-1,1,-1,-1,1,1,1,-1,1,-1,-1,1,1,-1,1,1,-1,-1,1,1,-1,-1,1,-1,1,1,1,1,1,1,-1,1,1,1,1,1,1,-1,1,1,1,1,1,1,-1,-1,1,1,1,-1,1,-1,-1,1,1,-1,1,1,1,1,1,1,1,1,1,-1,1,1,1,1,-1,1,-1,1,1,1,1,1,1,-1,-1,1,1,-1,1,1,1,-1,1,1,1,1,1,1,1,1,1,1,1,1,-1,-1,1,1,1,1,1,-1,1,-1,1,1,-1,1,1,1,1,1,1,1,1,1,-1,-1,1,-1,1,1,1,-1,-1,1,1,1,1,1,-1,-1,1,1,-1,1,1,-1,-1,1,1,1,-1,1,-1,1,1,1,-1,1,1,1,-1,1,1,1,-1,1,-1,1,1,1,-1,-1,-1,-1,1,1,1,-1,1,1,-1,1,1,-1,-1,1,1,-1,1,1,-1,1,1,-1,1,-1,1,1,1,-1,1,1,1,-1,1,-1,1,-1,-1,1,1,1,-1,-1,-1,1,1,-1,1,-1,1,-1,-1,1,1,1,1,-1,-1,-1,1,-1,1,-1,1,-1,-1,-1,-1,1,1,1,-1,-1,1,-1,1,1,-1,-1,1,-1,1,-1,1,-1,-1,-1,1,-1,1,-1,-1,-1,-1,-1,1,1,-1,1,-1,-1,1,1,1,-1,-1,1,-1,1,-1,1,-1,-1,-1,-1,-1,1,1,-1,-1,1,-1,1,-1,1,1,-1,-1,1,-1,1,-1,1,-1,-1,-1,-1,-1,-1,1,-1,-1,-1,-1,1,-1,1,-1,-1,-1,-1,-1,1,1,-1,-1,-1,-1,-1,1,1,-1,-1,-1,-1,-1,-1,1,1,1,-1,-1,-1,1,-1,1,1,1,1,1,1,-1,-1,-1,1,1,-1,1,-1,1,-1,1,1,1,-1,-1,-1,-1,-1,1,1,1,-1,-1,-1,1,1,-1,1,-1,-1,-1,1,1,1,1,-1,-1,-1,1,1,1,1,-1,-1,-1,-1,1,-1,1,-1,1,-1,-1,1,1,1,-1,-1,1,-1,1,-1,1,1,-1,-1,-1,-1,1,1,1,-1,-1,-1,1,1,1,-1,-1,-1,-1,-1,1,1,-1,-1,-1,-1,-1,1,1,-1,1,-1,1,1,-1,1,1,-1,-1,-1,-1,1,1,-1,1,-1,-1,1,1,1,1,-1,1,-1,-1,-1,1,1,-1,1,-1,1,1,-1,1,-1,-1,-1,-1,1,-1,1,-1,1,-1,1,1,-1,-1,1,-1,1,-1,1,-1,-1,-1,-1,-1,1,1,-1,1,1,-1,1,-1,1,-1,1,-1,-1,1,-1,1,-1,1,-1,1,-1,1,-1,1,1,-1,1,-1,1,-1,-1,1,-1,1,1,-1,-1,-1,1,-1,1,-1,-1,-1,-1,1,-1,1,-1,1,1,-1,1,-1,1,1,-1,1,-1,1,-1,1,1,1,-1,-1,1,1,-1,1,1,-1,-1,1,-1,1,-1,1,-1,-1,-1,-1,-1,1,1,-1,-1,1,-1,-1,1,1,-1,-1,-1,-1,1,-1,1,-1,-1,-1,-1,1,1,-1,-1,1,-1,-1,1,-1,1,-1,-1,-1,-1,-1,1,1,1,-1,-1,-1,1,1,1,-1,-1,-1,1,-1,-1,1,-1,1,-1,-1,1,1,1,-1,-1,-1,-1,1,-1,1,1,-1,1,-1,-1,1,1,-1,-1,-1,-1,-1,-1,1,1,-1,-1,1,-1,1,1,-1,-1,-1,1,-1,1,1,-1,-1,1,1,-1,1,1,1,-1,1,-1,1,1,1,-1,-1,1,-1,-1,1,1,-1,-1,1,-1,-1,1,1,-1,1,1,1,-1,1,1,-1,-1,1,1,-1,1,1,-1,-1,1,1,-1,1,1,1,-1,-1,1,-1,1,1,1,-1,1,1,-1,1,-1,1,-1,1,1,-1,1,1,1,-1,-1,1,-1,1,1,1,-1,-1,1,1,1,1,1,-1,-1,1,1,-1,1,-1,-1,1,-1,1,-1,1,-1,-1,1,1,1,-1,1,-1,-1,1,1,-1,1,1,-1,1,-1,1,1,1,1,1,-1,1,-1,1,1,1,1,-1,-1,-1,1,-1,1,1,-1,-1,1,-1,1,1,-1,-1,1,-1,1,1,1,1,-1,1,-1,1,-1,1,1,-1,-1,1,-1,-1,1,1,1,-1,-1,-1,-1,1,-1,-1,1,-1,1,1,1,-1,1,-1,-1,1,1,1,1,1,-1,-1,-1,1,-1,-1,1,-1,1,-1,-1,1,1,1,-1,1,-1,1,1,-1,1,-1,-1,1,-1,1,1,1,1,-1,1,-1,-1,-1,1,-1,-1,1,1,1,-1,1,1,-1,1,-1,1,1,1,1,-1,1,-1,-1,-1,1,1,-1,1,1,1,-1,1,1,-1,-1,1,1,1,-1,1,-1,1,-1,1,-2640.0,1,2000,445,1000,True
2925,1,1,-1,-1,1,1,-1,1,1,1,1,-1,1,1,1,1,-1,1,-1,-1,-1,1,1,1,1,-1,-1,-1,1,1,1,1,-1,-1,-1,1,-1,1,1,1,-1,-1,1,1,1,1,1,-1,1,-1,1,1,-1,1,-1,-1,-1,-1,1,1,1,-1,-1,-1,1,1,1,1,-1,-1,1,-1,1,1,1,-1,-1,1,-1,1,1,-1,-1,-1,-1,1,1,1,-1,-1,-1,1,-1,1,1,-1,-1,1,-1,1,1,1,-1,-1,1,-1,-1,1,1,-1,-1,-1,-1,-1,1,1,-1,-1,1,-1,-1,1,1,1,-1,-1,-1,-1,1,1,1,-1,1,-1,-1,1,1,1,-1,1,-1,-1,-1,1,1,-1,1,-1,-1,-1,1,1,-1,-1,1,-1,1,1,1,-1,1,1,-1,-1,1,1,-1,1,1,-1,1,1,-1,-1,1,-1,-1,-1,1,-1,1,-1,1,-1,1,1,-1,1,1,-1,-1,-1,1,1,1,1,1,-1,-1,1,-1,1,1,1,-1,-1,1,1,-1,1,1,-1,-1,1,-1,1,1,1,1,-1,1,1,1,1,1,1,-1,1,-1,-1,1,1,1,-1,-1,1,-1,1,1,1,-1,1,-1,1,1,1,1,-1,-1,1,-1,1,1,1,1,1,-1,1,1,1,-1,-1,1,-1,1,-1,1,-1,-1,1,-1,1,-1,1,-1,-1,-1,-1,1,-1,1,-1,1,1,-1,-1,1,1,1,-1,1,1,-1,1,1,1,-1,-1,1,-1,-1,1,-1,-1,-1,-1,1,-1,1,1,1,-1,1,-1,-1,1,-1,-1,-1,1,-1,-1,-1,1,-1,-1,-1,1,-1,1,-1,1,-1,-1,1,-1,1,-1,-1,-1,-1,1,-1,1,-1,-1,-1,1,-1,1,1,-1,1,-1,1,-1,-1,1,-1,-1,-1,1,1,1,1,-1,-1,-1,-1,1,1,-1,-1,1,-1,-1,1,1,-1,-1,-1,-1,1,-1,1,-1,-1,1,1,1,1,1,1,-1,1,-1,1,1,1,1,-1,-1,1,-1,1,-1,-1,1,-1,1,1,1,1,1,-1,-1,1,1,-1,1,1,-1,1,-1,1,1,1,1,-1,1,1,1,-1,1,-1,-1,1,1,1,1,1,1,-1,1,-1,1,1,1,-1,-1,-1,1,-1,1,-1,-1,-1,-1,1,1,1,1,1,1,1,1,-1,1,-1,1,-1,-1,1,-1,1,1,1,1,-1,1,-1,-1,1,1,-1,-1,1,-1,1,1,1,-1,-1,1,-1,-1,1,1,-1,-1,-1,1,1,1,-1,1,-1,1,-1,1,-1,-1,-1,-1,1,-1,1,-1,-1,1,-1,-1,-1,1,-1,-1,-1,-1,-1,-1,1,-1,-1,-1,-1,1,-1,1,-1,-1,-1,-1,-1,-1,1,1,-1,-1,1,-1,-1,-1,1,1,-1,1,-1,-1,1,1,-1,1,1,-1,-1,-1,1,-1,1,1,-1,1,-1,1,-1,-1,1,1,1,-1,1,-1,1,-1,1,1,1,-1,1,1,-1,1,-1,-1,1,1,-1,-1,-1,1,-1,1,1,-1,-1,-1,1,1,1,1,1,-1,-1,1,-1,1,-1,1,-1,-1,-1,1,1,-1,1,-1,-1,-1,-1,1,-1,1,-1,-1,1,1,1,1,1,-1,-1,-1,1,1,-1,1,-1,-1,-1,-1,1,-1,1,1,-1,1,-1,1,-1,1,-1,1,1,-1,1,-1,1,1,-1,1,-1,1,1,1,-1,1,1,1,-1,1,1,-1,-1,1,1,1,1,1,-1,1,1,1,-1,-1,1,1,1,1,1,1,-1,1,1,1,1,1,-1,1,1,-1,1,1,1,1,-1,1,1,1,1,1,-1,-1,1,1,1,1,1,1,-1,1,1,-1,1,-1,1,-1,1,1,1,1,1,1,-1,1,1,1,1,1,-1,-1,-1,-1,1,1,1,-1,-1,1,1,1,1,-1,1,-1,1,1,1,1,1,1,-1,1,1,1,-1,1,-1,-1,1,1,1,-1,1,-1,-1,-1,1,1,1,-1,1,-1,1,1,1,-1,1,-1,-1,-1,-1,1,1,-1,1,-1,-1,1,1,-1,1,1,-1,-1,1,1,1,-1,1,-1,-1,1,1,1,-1,1,-1,-1,1,1,1,-1,1,-1,-1,-1,1,-1,-1,1,-1,-1,1,1,-1,1,-1,-1,1,-1,1,-1,-1,1,-1,-1,-1,1,1,-1,1,1,-1,-1,1,-1,1,1,-1,-1,1,-1,1,-1,1,-1,-1,-1,1,1,-1,1,-1,-1,-1,1,-1,1,-1,1,-1,1,-1,1,-1,1,-1,-1,-1,-1,1,-1,1,1,-1,-1,-1,1,-1,1,-1,-1,-1,1,1,-1,1,-1,-1,1,-1,1,-1,1,1,-1,1,1,-1,1,1,-1,-1,1,1,1,1,1,1,-1,1,1,-1,1,1,-1,1,1,1,-1,1,1,-1,1,1,-1,-1,1,1,-1,1,1,-1,-1,1,1,1,1,1,1,-1,-1,1,1,-1,1,-1,-1,1,-1,1,1,1,1,-1,-1,1,-1,1,1,1,-1,1,1,1,1,-1,1,-1,1,1,1,1,1,1,-1,-1,1,1,1,1,1,-1,-1,1,1,1,1,1,-1,1,1,1,1,-1,-1,1,-1,1,1,-1,1,-1,-1,-1,1,1,1,-1,1,-1,-1,1,1,1,-1,-1,1,-1,1,1,1,-1,-1,1,-1,-1,1,1,-1,1,-1,-1,-1,1,1,-1,1,-1,1,-1,1,1,1,1,1,-1,-1,1,1,-1,-1,1,1,-1,1,1,-1,1,-1,-1,1,1,-1,-1,1,-1,-1,-1,1,1,-1,1,1,-1,1,1,-1,-1,1,-1,1,-1,-1,-1,-1,1,-1,-1,1,1,-1,1,1,-1,1,1,1,1,-1,1,-1,1,1,1,-1,-1,1,-1,-1,-1,1,-1,-1,1,-1,1,1,1,-1,-1,1,-1,1,1,1,1,-1,1,-1,-1,1,1,-1,-1,-1,1,-1,1,-1,1,-1,1,-1,-1,1,-2640.0,1,2000,445,1500,True
2926,-1,-1,1,1,1,1,-1,1,-1,-1,-1,1,-1,1,-1,-1,1,-1,1,1,-1,1,-1,-1,-1,1,-1,-1,-1,-1,-1,-1,1,1,-1,1,1,-1,-1,-1,1,-1,1,-1,-1,-1,1,1,-1,-1,1,-1,1,1,1,-1,-1,1,-1,-1,1,1,1,1,-1,-1,-1,1,1,-1,1,-1,-1,-1,1,-1,-1,1,-1,-1,-1,-1,1,-1,-1,-1,-1,1,1,1,-1,-1,-1,-1,1,1,-1,1,-1,1,-1,1,1,-1,1,-1,-1,-1,1,1,-1,1,-1,1,-1,1,1,-1,1,-1,-1,-1,-1,1,-1,1,-1,-1,1,1,1,-1,1,-1,-1,1,1,1,-1,-1,-1,-1,1,-1,1,-1,1,-1,-1,-1,-1,1,-1,-1,1,-1,-1,1,1,-1,1,-1,-1,-1,1,-1,-1,1,1,-1,1,-1,1,-1,1,-1,-1,-1,1,1,1,-1,1,-1,1,-1,1,1,1,-1,-1,1,-1,1,1,1,1,-1,1,-1,-1,1,1,1,-1,1,1,1,-1,1,1,-1,1,-1,-1,1,1,1,1,1,-1,1,1,1,1,1,-1,1,-1,1,1,1,-1,1,-1,1,1,1,1,1,1,-1,-1,-1,1,1,1,1,-1,-1,-1,1,1,1,-1,1,-1,1,1,1,1,1,-1,-1,1,-1,1,-1,-1,-1,-1,1,-1,1,1,-1,-1,-1,1,-1,1,-1,1,-1,-1,1,1,1,1,1,-1,-1,-1,1,1,1,-1,-1,-1,1,-1,1,-1,-1,-1,1,-1,-1,1,1,1,-1,-1,-1,1,1,-1,-1,-1,1,-1,-1,-1,1,-1,-1,-1,-1,-1,1,-1,1,-1,-1,1,1,-1,-1,-1,-1,-1,-1,1,1,-1,-1,-1,-1,-1,1,-1,-1,1,-1,-1,1,-1,-1,-1,-1,-1,-1,-1,1,1,-1,-1,-1,-1,-1,1,-1,-1,1,-1,-1,-1,1,-1,-1,1,-1,1,1,1,-1,-1,1,-1,-1,-1,1,1,-1,1,-1,-1,-1,-1,1,-1,1,-1,1,-1,1,-1,-1,1,1,-1,-1,1,1,-1,1,-1,1,-1,1,-1,1,1,-1,1,-1,1,-1,1,1,-1,-1,1,1,-1,-1,1,-1,1,-1,-1,1,-1,1,1,-1,-1,1,-1,-1,1,-1,-1,1,-1,1,-1,-1,1,-1,-1,1,-1,-1,-1,1,-1,1,-1,1,-1,1,-1,-1,-1,-1,-1,-1,-1,1,-1,-1,1,1,-1,-1,1,-1,1,-1,-1,1,-1,1,-1,-1,1,1,-1,-1,-1,-1,-1,-1,-1,1,-1,1,-1,-1,1,1,-1,-1,-1,1,-1,1,1,-1,-1,-1,-1,-1,-1,-1,-1,-1,-1,1,-1,1,1,-1,1,-1,-1,1,-1,-1,1,-1,-1,-1,1,-1,1,-1,1,-1,-1,-1,-1,1,-1,1,-1,-1,1,-1,1,1,1,-1,-1,-1,-1,1,-1,1,-1,1,-1,1,1,1,-1,1,1,-1,1,1,1,1,1,1,1,-1,1,1,-1,1,-1,1,-1,-1,1,-1,-1,1,-1,-1,1,-1,-1,1,1,1,-1,1,1,-1,1,1,1,-1,-1,1,-1,-1,1,-1,-1,1,1,-1,-1,-1,-1,-1,1,1,-1,1,1,1,1,-1,1,-1,-1,1,1,-1,1,1,-1,-1,-1,1,-1,-1,1,1,-1,1,1,1,1,1,-1,1,1,1,-1,1,1,1,-1,1,1,-1,1,1,-1,1,1,1,-1,1,1,-1,-1,1,-1,1,-1,1,-1,1,1,1,-1,1,1,-1,1,1,1,1,1,1,1,1,1,1,1,1,1,-1,1,-1,1,-1,1,1,1,1,-1,1,1,1,1,-1,1,-1,1,1,1,1,1,-1,1,-1,1,1,1,1,1,1,1,1,1,1,-1,1,1,-1,-1,1,-1,-1,1,1,1,-1,1,1,-1,1,-1,1,1,1,-1,-1,1,-1,1,-1,1,1,-1,1,-1,1,-1,1,-1,1,1,-1,1,-1,1,1,-1,1,-1,1,-1,1,1,-1,1,-1,1,-1,1,1,-1,1,1,1,1,1,-1,1,1,-1,1,1,1,1,-1,1,-1,1,-1,1,1,-1,1,1,-1,1,1,1,-1,1,1,-1,1,1,1,-1,1,1,-1,1,1,-1,1,1,-1,1,-1,1,-1,1,1,1,-1,1,1,1,1,1,1,-1,1,1,-1,1,1,1,1,1,1,-1,1,-1,1,-1,1,1,-1,1,1,1,1,1,1,1,1,1,1,-1,1,1,-1,1,1,-1,1,1,1,-1,1,1,1,1,1,-1,-1,1,-1,1,1,1,-1,-1,-1,1,1,1,1,1,-1,1,1,1,1,1,1,-1,1,1,1,1,1,-1,1,1,1,-1,1,1,-1,-1,1,1,-1,1,1,-1,1,1,1,-1,1,1,-1,-1,1,1,-1,1,1,-1,-1,1,1,1,1,1,-1,-1,-1,1,1,1,1,-1,-1,1,1,1,1,-1,-1,-1,1,1,1,1,1,-1,1,-1,1,1,1,1,-1,1,-1,1,1,1,1,-1,1,-1,1,1,-1,1,-1,1,-1,1,1,-1,1,-1,1,1,1,1,1,1,1,1,-1,1,-1,1,1,1,-1,-1,1,1,1,-1,-1,1,1,-1,1,1,1,-1,1,-1,1,1,-1,1,-1,1,-1,1,-1,1,1,1,1,-1,-1,1,1,-1,-1,1,1,-1,1,1,-1,-1,1,1,-1,-1,-1,1,1,1,-1,-1,-1,-1,1,1,1,-1,1,1,1,1,1,-1,-1,1,1,1,1,-1,1,-1,1,-1,1,1,1,-1,-1,-1,-1,-1,-1,-1,-1,-1,-1,1,1,1,1,-1,1,1,-1,-1,1,1,1,-1,1,-1,1,1,1,1,-1,1,-1,1,1,1,1,-1,1,-1,1,1,1,1,-1,1,-1,1,-1,1,-1,-1,1,-1,-1,1,1,-1,-1,-1,-1,1,1,1,1,-1,1,-1,-1,1,-2640.0,1,2000,445,1500,True
2927,1,1,-1,-1,1,1,-1,1,1,1,1,-1,-1,1,1,1,-1,1,-1,-1,-1,1,1,1,1,1,-1,-1,1,1,1,1,-1,-1,-1,1,-1,1,1,1,-1,-1,1,1,1,1,1,1,-1,-1,1,1,-1,1,-1,-1,1,-1,1,1,1,-1,-1,-1,1,1,1,1,1,-1,1,-1,1,1,1,1,-1,1,-1,1,1,-1,1,-1,-1,1,1,1,1,1,1,1,-1,1,1,1,-1,-1,-1,1,1,1,1,1,-1,-1,-1,1,1,1,1,-1,-1,-1,1,1,1,1,1,-1,-1,1,1,1,1,-1,-1,-1,1,1,1,1,-1,-1,-1,1,1,1,1,-1,-1,-1,-1,1,1,1,1,-1,-1,-1,1,1,1,-1,1,-1,-1,-1,1,1,-1,-1,-1,-1,1,-1,1,-1,1,-1,-1,-1,1,1,-1,-1,-1,1,1,1,-1,1,1,-1,-1,-1,1,-1,-1,-1,-1,-1,-1,1,-1,-1,1,-1,-1,-1,1,-1,-1,1,-1,-1,1,1,1,-1,1,-1,1,1,-1,-1,-1,1,-1,1,-1,1,1,-1,1,1,-1,-1,-1,1,-1,1,-1,-1,1,1,1,-1,1,-1,-1,1,-1,-1,-1,1,1,-1,-1,-1,1,-1,1,-1,1,-1,1,-1,-1,1,-1,-1,-1,1,1,1,1,1,-1,-1,1,-1,1,1,1,1,-1,1,-1,1,1,1,1,-1,-1,1,-1,1,1,1,-1,1,1,-1,1,-1,-1,1,-1,1,1,1,1,-1,-1,1,-1,1,1,1,1,-1,1,1,1,1,1,1,-1,1,-1,1,1,-1,1,-1,-1,-1,1,1,1,1,-1,-1,1,1,1,1,1,-1,1,-1,1,1,1,1,-1,-1,1,-1,1,1,-1,-1,1,1,1,1,1,-1,-1,-1,-1,-1,1,-1,1,-1,-1,-1,-1,1,1,1,-1,-1,-1,-1,1,1,-1,1,1,-1,-1,1,1,1,1,-1,1,-1,1,1,-1,1,-1,1,-1,1,1,1,-1,1,-1,1,1,1,-1,-1,-1,1,-1,1,1,-1,1,1,1,-1,1,-1,1,1,1,-1,-1,1,-1,1,1,1,-1,-1,1,1,1,1,1,1,-1,-1,1,-1,1,1,1,-1,1,1,-1,1,-1,1,1,-1,1,-1,1,1,1,-1,1,1,1,-1,1,1,1,-1,1,-1,1,1,1,-1,1,1,1,1,1,1,1,-1,1,1,-1,1,1,1,1,-1,1,-1,1,-1,1,-1,1,-1,-1,-1,1,1,1,1,-1,-1,1,-1,1,-1,1,-1,1,-1,1,1,-1,1,-1,1,-1,1,-1,1,1,-1,-1,-1,1,1,-1,1,1,-1,1,1,-1,1,-1,1,-1,-1,1,-1,-1,-1,1,-1,-1,-1,-1,1,-1,1,-1,-1,1,-1,-1,1,1,-1,-1,-1,1,-1,1,1,-1,1,-1,1,-1,-1,1,1,1,-1,1,-1,1,-1,1,1,1,-1,1,1,-1,-1,-1,1,1,-1,1,-1,1,-1,1,1,1,-1,-1,-1,-1,-1,1,-1,1,-1,-1,-1,1,1,-1,1,-1,-1,-1,1,1,-1,1,-1,-1,-1,1,1,-1,1,-1,-1,-1,-1,1,1,1,-1,1,-1,-1,1,-1,1,-1,-1,1,-1,1,-1,1,1,-1,-1,-1,-1,-1,1,1,-1,1,-1,1,-1,1,1,-1,-1,1,-1,1,1,-1,-1,-1,-1,-1,1,1,-1,1,-1,1,1,1,1,1,-1,-1,-1,-1,-1,1,-1,1,-1,-1,1,-1,1,1,-1,1,-1,-1,1,1,1,-1,1,-1,1,-1,1,1,-1,-1,-1,-1,-1,1,1,-1,1,-1,1,-1,1,1,1,-1,1,-1,-1,1,1,-1,-1,-1,1,-1,1,1,1,-1,1,-1,-1,-1,-1,1,-1,1,-1,-1,1,-1,-1,1,-1,1,-1,1,1,-1,1,-1,1,-1,1,-1,1,-1,1,-1,-1,1,1,-1,1,-1,-1,-1,-1,1,-1,1,-1,1,-1,-1,1,-1,1,1,-1,-1,-1,1,1,1,1,1,-1,-1,1,1,-1,1,1,-1,-1,-1,1,-1,-1,1,-1,-1,1,1,1,1,1,-1,-1,1,1,-1,1,1,-1,-1,1,-1,1,-1,1,-1,-1,1,1,-1,1,-1,-1,1,-1,1,-1,-1,1,-1,1,1,1,-1,1,1,1,1,1,1,-1,1,1,-1,-1,-1,1,-1,1,1,-1,1,1,1,1,-1,1,-1,1,1,1,1,-1,1,1,-1,1,1,-1,1,1,-1,-1,1,1,1,-1,1,1,-1,1,-1,1,-1,-1,-1,-1,-1,1,1,-1,1,-1,-1,1,1,1,-1,-1,1,-1,1,1,1,-1,1,-1,1,1,1,-1,-1,1,-1,-1,-1,1,-1,-1,1,-1,1,1,1,-1,-1,1,-1,-1,-1,1,-1,1,1,-1,-1,1,-1,1,-1,-1,1,-1,-1,1,1,-1,1,-1,-1,1,-1,-1,1,-1,1,-1,-1,-1,1,-1,1,1,-1,1,-1,1,-1,1,1,-1,1,-1,1,-1,1,1,-1,-1,-1,1,-1,1,-1,-1,-1,1,-1,-1,1,-1,-1,-1,1,-1,1,1,-1,-1,1,1,-1,-1,1,-1,1,-1,1,-1,-1,1,1,-1,1,-1,1,-1,1,1,-1,1,1,1,-1,1,1,-1,1,1,1,-1,-1,1,-1,1,-1,1,-1,-1,1,1,1,-1,1,1,-1,1,-1,-1,1,-1,1,-1,1,-1,1,1,-1,1,-1,1,1,1,-1,1,-1,1,1,1,1,-1,1,1,-1,1,-1,1,-1,1,-1,1,1,-1,1,1,1,-1,-1,1,1,1,-1,1,1,1,1,1,-1,-1,1,-1,1,1,1,1,-1,1,-1,1,1,1,1,-1,1,1,1,1,1,1,-1,1,-1,1,1,1,1,-1,1,1,-1,1,1,1,-1,1,1,1,1,1,1,1,-1,1,1,1,-1,1,-1,1,1,1,-2640.0,1,2000,445,500,True
2928,1,1,-1,1,1,1,-1,1,1,1,-1,1,-1,1,1,1,-1,1,-1,1,1,1,1,1,1,-1,-1,-1,1,1,1,1,1,1,-1,1,-1,1,1,-1,1,-1,1,1,1,1,-1,-1,1,-1,1,1,-1,1,1,-1,-1,-1,1,1,-1,1,1,1,1,1,1,-1,-1,-1,1,-1,1,1,1,-1,1,1,-1,1,1,-1,-1,1,-1,1,1,1,-1,1,-1,-1,1,1,1,-1,-1,1,-1,1,1,1,-1,-1,1,-1,1,1,1,-1,-1,1,-1,-1,1,1,-1,-1,1,-1,1,1,1,1,-1,1,-1,-1,1,1,1,-1,1,-1,1,1,1,1,-1,1,-1,-1,1,1,1,-1,-1,-1,-1,1,1,1,-1,1,1,-1,1,-1,-1,-1,1,-1,-1,1,-1,1,-1,1,-1,1,-1,-1,-1,-1,1,-1,1,1,1,-1,1,-1,1,-1,-1,-1,-1,-1,-1,-1,1,-1,-1,-1,1,1,1,-1,-1,-1,1,-1,1,1,-1,-1,1,-1,-1,1,1,1,-1,1,-1,-1,1,1,-1,-1,-1,1,-1,1,1,1,-1,-1,-1,-1,1,1,1,-1,-1,1,-1,1,1,-1,-1,1,-1,1,1,1,1,-1,-1,-1,1,1,1,-1,-1,-1,1,1,-1,1,-1,-1,-1,1,-1,1,1,1,-1,-1,1,1,-1,1,-1,-1,-1,1,1,-1,1,1,1,-1,-1,1,1,1,1,-1,-1,1,1,1,1,-1,-1,-1,-1,1,-1,1,1,-1,-1,1,1,-1,1,1,1,-1,1,1,-1,-1,1,1,-1,1,1,-1,1,-1,1,-1,1,1,-1,1,1,1,-1,1,1,-1,1,1,-1,-1,1,1,1,1,1,-1,1,1,-1,1,1,1,-1,1,1,-1,1,1,1,1,1,1,1,-1,1,1,1,1,1,1,-1,1,1,-1,1,1,1,1,1,1,1,-1,1,-1,-1,1,1,1,1,1,1,-1,1,1,1,-1,1,1,1,1,1,1,1,-1,1,-1,1,1,1,1,1,1,-1,1,1,1,-1,-1,1,-1,1,1,1,-1,1,-1,-1,1,1,1,-1,1,-1,-1,1,1,1,-1,1,1,1,-1,1,1,-1,1,1,-1,1,1,1,-1,-1,1,1,-1,1,1,-1,1,1,-1,1,1,-1,-1,-1,1,1,-1,1,1,-1,-1,1,-1,-1,1,1,-1,-1,-1,1,-1,1,1,1,-1,1,1,1,-1,1,-1,-1,-1,1,-1,1,1,-1,-1,1,1,1,1,-1,1,-1,1,-1,-1,1,-1,1,-1,1,1,1,1,-1,-1,-1,1,-1,1,1,-1,-1,-1,1,1,-1,1,-1,1,-1,1,-1,1,1,1,-1,-1,1,-1,-1,1,-1,-1,-1,-1,1,-1,1,-1,-1,-1,1,-1,-1,1,-1,-1,-1,-1,1,-1,1,-1,-1,1,-1,1,-1,-1,1,1,1,-1,1,-1,1,1,1,1,1,-1,1,1,-1,1,-1,1,1,-1,1,-1,1,-1,1,1,1,-1,-1,-1,-1,-1,1,1,1,-1,-1,-1,1,1,-1,1,-1,-1,-1,1,1,1,1,-1,-1,-1,1,1,1,1,-1,-1,-1,-1,1,-1,1,-1,1,-1,-1,1,-1,1,-1,-1,1,-1,1,-1,1,1,-1,-1,-1,-1,-1,1,1,-1,-1,-1,-1,-1,1,-1,-1,-1,-1,1,1,1,-1,-1,-1,-1,1,1,1,-1,1,-1,1,-1,-1,1,1,-1,-1,-1,-1,-1,1,1,-1,-1,-1,1,-1,1,1,-1,-1,-1,-1,1,-1,1,-1,1,-1,-1,-1,-1,1,-1,-1,-1,-1,-1,-1,1,-1,-1,-1,-1,-1,-1,-1,1,-1,1,-1,-1,-1,-1,-1,-1,-1,-1,-1,-1,1,1,-1,-1,1,-1,-1,1,1,-1,-1,1,-1,-1,1,1,-1,1,-1,-1,1,1,-1,-1,-1,1,-1,1,1,1,-1,1,1,-1,-1,1,-1,-1,-1,1,-1,-1,1,1,-1,-1,1,-1,-1,1,-1,-1,-1,1,-1,-1,1,1,1,1,1,-1,-1,1,1,-1,1,1,-1,-1,1,1,-1,1,1,-1,-1,1,1,1,-1,1,-1,-1,1,1,1,-1,1,-1,-1,1,1,-1,-1,1,-1,-1,1,1,-1,1,-1,-1,1,1,1,1,1,1,-1,1,1,1,1,1,1,1,1,1,1,-1,1,1,-1,-1,-1,1,1,-1,1,-1,1,1,1,-1,1,1,-1,1,1,1,-1,1,-1,1,-1,1,1,1,1,1,1,-1,1,1,-1,1,1,1,-1,1,-1,-1,1,1,-1,-1,-1,1,-1,1,1,1,-1,1,1,-1,1,1,1,-1,1,-1,-1,1,1,-1,1,1,-1,1,1,1,1,1,-1,1,-1,1,1,1,-1,1,-1,-1,1,1,1,1,-1,1,-1,1,1,1,1,1,-1,-1,1,1,1,1,1,-1,-1,-1,1,1,1,-1,-1,-1,1,-1,1,1,1,-1,-1,-1,1,-1,1,1,-1,-1,-1,1,-1,1,1,-1,-1,1,1,-1,1,1,-1,-1,-1,1,1,1,1,-1,-1,-1,1,1,1,-1,1,-1,1,1,1,1,-1,-1,-1,-1,1,1,-1,1,-1,-1,-1,1,-1,1,1,-1,-1,-1,1,-1,1,1,-1,1,-1,1,-1,1,1,-1,1,-1,-1,1,1,-1,1,-1,-1,-1,-1,1,-1,1,-1,1,-1,-1,1,1,-1,1,1,-1,1,1,-1,-1,1,1,-1,1,-1,-1,1,-1,-1,1,1,-1,-1,1,1,-1,-1,-1,1,-1,1,1,-1,1,-1,1,-1,-1,1,-1,-1,-1,-1,-1,1,-1,1,-1,1,-1,1,1,1,-1,1,-1,-1,-1,1,1,-1,1,1,1,-1,1,1,1,1,1,-1,1,-1,1,-1,1,1,-1,-1,1,1,-1,1,-1,-1,-1,1,1,1,1,1,-1,1,1,1,-1,1,-1,1,-1,1,-1,1,1,-2640.0,1,2000,445,1000,True
2929,1,1,-1,-1,1,1,-1,1,1,1,1,-1,1,1,1,1,-1,1,-1,-1,-1,1,1,1,1,1,-1,-1,1,1,1,1,-1,-1,-1,1,-1,1,1,1,-1,-1,1,1,1,1,1,1,-1,-1,1,1,-1,1,-1,-1,1,-1,1,1,1,-1,-1,-1,1,1,1,1,1,-1,1,-1,1,1,1,1,-1,1,-1,1,1,1,1,-1,-1,1,1,1,1,1,1,1,-1,1,1,1,-1,-1,-1,-1,1,1,1,1,-1,-1,-1,1,1,1,1,-1,-1,-1,1,1,1,1,1,-1,-1,1,1,1,1,-1,-1,-1,1,1,1,1,-1,-1,-1,1,1,1,1,-1,-1,-1,-1,1,1,1,1,-1,-1,-1,1,1,1,-1,1,-1,-1,-1,1,1,-1,-1,-1,-1,1,-1,1,-1,1,-1,-1,-1,1,1,-1,-1,-1,1,1,1,-1,1,1,-1,-1,-1,1,-1,-1,-1,-1,-1,-1,1,-1,-1,1,-1,-1,-1,1,-1,-1,1,-1,-1,1,1,1,-1,1,-1,1,1,-1,-1,-1,1,-1,1,-1,1,1,-1,1,1,-1,-1,-1,1,-1,1,1,-1,1,1,1,-1,1,-1,-1,1,-1,-1,-1,1,1,-1,-1,-1,1,-1,1,-1,1,-1,1,-1,-1,1,-1,-1,-1,1,1,1,1,1,-1,-1,1,-1,1,1,1,1,-1,1,-1,1,1,1,1,-1,-1,1,-1,1,1,1,-1,1,1,-1,1,-1,-1,-1,-1,1,1,1,1,-1,-1,1,-1,1,1,-1,1,-1,1,1,1,1,1,1,-1,1,-1,1,1,-1,1,-1,-1,-1,1,1,1,1,-1,-1,1,1,1,1,1,-1,1,-1,1,1,1,1,-1,-1,1,-1,1,1,-1,-1,1,1,1,1,1,-1,-1,-1,-1,-1,1,1,1,-1,-1,-1,-1,1,1,1,-1,-1,-1,-1,1,1,1,1,1,-1,-1,1,1,1,1,-1,1,-1,-1,1,-1,1,-1,1,-1,-1,1,1,-1,1,-1,1,1,1,-1,-1,-1,1,-1,-1,1,-1,1,1,1,-1,1,-1,1,1,1,-1,-1,1,1,-1,1,1,-1,-1,1,1,1,1,1,1,-1,-1,1,1,-1,1,1,-1,1,1,-1,1,-1,1,-1,1,1,-1,1,1,1,-1,1,1,-1,-1,1,1,1,-1,1,1,-1,1,1,-1,1,1,1,-1,1,1,1,-1,1,1,-1,1,1,-1,1,-1,1,-1,1,-1,1,-1,1,1,-1,-1,1,1,1,1,-1,-1,1,-1,1,-1,1,-1,1,-1,1,1,1,1,-1,1,-1,1,-1,1,1,-1,1,-1,1,1,-1,1,-1,1,1,1,-1,1,1,1,-1,-1,1,-1,-1,1,-1,-1,-1,-1,-1,-1,1,-1,1,-1,1,-1,-1,1,-1,-1,-1,-1,1,-1,1,-1,-1,1,-1,1,-1,-1,1,1,1,-1,1,-1,1,-1,1,1,1,-1,1,1,-1,-1,1,-1,1,-1,1,-1,1,-1,1,1,1,-1,-1,-1,1,-1,1,-1,1,-1,-1,-1,1,1,-1,1,-1,-1,-1,1,1,-1,1,-1,-1,1,1,1,-1,1,-1,-1,-1,-1,1,1,1,-1,1,-1,-1,1,-1,1,-1,1,1,-1,1,-1,1,1,-1,-1,-1,-1,-1,1,1,-1,-1,-1,-1,-1,1,1,-1,-1,-1,1,1,1,-1,-1,-1,-1,1,1,1,-1,1,-1,1,-1,1,1,1,-1,-1,-1,-1,-1,1,1,-1,-1,-1,1,-1,1,1,-1,-1,-1,-1,1,1,1,-1,1,-1,-1,-1,1,1,-1,-1,-1,-1,-1,1,1,-1,1,-1,-1,-1,1,1,1,-1,1,-1,-1,1,1,-1,-1,-1,-1,-1,1,1,1,-1,1,1,-1,1,-1,1,-1,-1,1,-1,1,-1,-1,1,-1,-1,-1,1,1,-1,1,-1,1,-1,1,-1,1,-1,1,1,-1,1,1,-1,1,-1,1,-1,-1,1,-1,1,-1,1,-1,-1,1,-1,1,-1,1,-1,-1,1,1,1,1,1,-1,-1,1,1,-1,1,1,-1,-1,-1,1,-1,1,1,-1,-1,1,1,1,-1,1,-1,-1,1,1,-1,1,1,-1,-1,1,-1,1,-1,1,-1,-1,1,1,-1,1,-1,-1,1,-1,1,-1,1,1,-1,1,1,1,-1,1,1,1,1,1,1,-1,-1,1,-1,-1,-1,1,-1,1,1,-1,1,1,1,1,1,1,-1,1,1,1,1,-1,-1,1,-1,1,1,-1,1,1,-1,-1,1,1,1,1,1,1,-1,1,-1,1,-1,-1,-1,-1,-1,1,1,-1,1,-1,-1,1,1,1,-1,-1,1,-1,1,1,1,-1,1,-1,1,1,1,-1,-1,1,-1,-1,-1,1,-1,-1,1,-1,1,1,1,-1,-1,1,-1,-1,1,-1,-1,1,1,-1,-1,1,-1,1,-1,-1,1,-1,-1,1,1,-1,1,-1,-1,1,-1,-1,1,-1,1,-1,-1,-1,1,-1,1,1,-1,1,-1,1,-1,1,1,-1,1,-1,1,-1,1,1,-1,-1,-1,1,-1,-1,-1,-1,-1,1,-1,-1,1,-1,-1,-1,1,-1,1,1,-1,-1,1,1,-1,-1,1,-1,1,-1,1,-1,-1,1,1,-1,1,-1,1,-1,1,1,-1,1,1,1,-1,1,1,-1,1,1,1,-1,-1,1,-1,1,-1,1,-1,-1,1,1,1,-1,1,1,-1,1,-1,-1,1,-1,1,-1,1,-1,1,1,-1,1,-1,1,1,1,-1,1,-1,1,1,1,1,-1,1,1,-1,1,-1,1,-1,1,-1,1,1,-1,1,1,1,-1,-1,1,1,1,-1,1,1,1,1,1,-1,-1,1,-1,1,1,1,1,-1,1,1,1,1,1,1,-1,1,1,1,1,1,1,-1,1,-1,1,1,1,1,-1,1,1,-1,1,1,1,-1,1,1,1,1,1,1,1,-1,1,1,1,-1,1,-1,1,1,1,-2640.0,1,2000,445,1000,True
2930,1,1,-1,-1,1,1,-1,1,1,1,1,-1,-1,1,1,1,-1,1,-1,-1,-1,1,1,1,1,1,-1,-1,1,1,1,1,-1,-1,-1,1,-1,1,1,1,-1,-1,1,1,1,1,1,1,-1,1,1,1,-1,1,-1,-1,1,-1,1,1,1,-1,-1,-1,1,1,1,1,1,-1,1,-1,1,1,1,1,-1,1,-1,1,1,1,1,-1,-1,1,1,1,1,-1,1,1,-1,1,1,1,1,-1,-1,1,1,1,1,1,1,-1,-1,1,1,1,1,-1,-1,-1,1,1,1,1,1,-1,-1,1,1,1,1,-1,-1,-1,1,1,1,1,1,-1,-1,1,1,1,1,1,-1,-1,1,1,1,1,1,-1,-1,-1,1,1,1,1,1,-1,-1,1,1,1,1,1,-1,-1,1,1,1,1,1,-1,1,1,1,1,1,-1,-1,1,1,1,1,-1,1,-1,1,1,1,1,1,-1,-1,-1,1,1,1,1,1,-1,-1,1,-1,-1,1,1,-1,-1,1,1,1,1,1,-1,1,1,-1,-1,1,1,-1,1,1,1,1,1,1,1,-1,1,-1,-1,1,1,-1,-1,1,1,1,1,1,-1,-1,1,-1,-1,1,1,1,-1,1,-1,1,1,1,-1,1,1,1,-1,1,1,-1,-1,-1,1,1,-1,1,1,1,-1,1,1,-1,1,1,1,1,1,1,-1,1,1,1,1,-1,1,1,1,1,1,1,1,1,1,1,-1,-1,1,1,1,-1,1,1,1,1,1,1,-1,1,1,1,-1,1,1,1,-1,1,1,1,-1,1,-1,1,-1,1,1,1,1,-1,1,1,1,1,1,1,-1,1,1,1,1,1,1,1,1,1,1,1,1,-1,1,1,1,-1,1,1,-1,1,1,1,1,1,1,1,-1,1,-1,1,1,1,1,-1,1,1,1,1,1,1,-1,1,1,-1,1,1,1,-1,1,1,1,-1,1,-1,-1,1,1,-1,1,1,1,1,1,1,1,-1,1,1,-1,1,1,-1,-1,-1,-1,1,1,1,-1,1,1,-1,1,1,-1,-1,1,1,1,-1,1,-1,1,1,1,1,-1,1,1,-1,-1,1,-1,-1,-1,1,-1,1,-1,-1,1,1,1,-1,-1,-1,-1,1,-1,1,1,-1,1,-1,1,1,1,1,1,-1,-1,1,-1,1,-1,1,-1,-1,-1,-1,1,1,1,-1,-1,1,-1,1,1,1,-1,-1,-1,1,-1,1,1,-1,-1,1,-1,1,1,1,-1,-1,-1,1,1,1,1,-1,-1,1,-1,1,1,-1,1,-1,1,1,1,1,-1,1,-1,-1,1,1,1,-1,1,-1,1,-1,1,1,-1,-1,1,-1,1,1,1,1,-1,1,-1,-1,1,1,1,-1,1,-1,-1,1,1,-1,-1,1,-1,-1,1,-1,1,-1,-1,1,-1,1,-1,1,1,-1,1,-1,-1,1,1,1,-1,1,-1,1,-1,-1,-1,1,-1,-1,1,-1,1,-1,1,1,1,-1,-1,1,-1,1,1,1,-1,-1,-1,1,-1,1,1,1,-1,-1,-1,1,1,-1,1,-1,-1,-1,1,1,-1,1,-1,-1,-1,1,1,-1,1,-1,-1,-1,-1,1,1,1,-1,1,-1,-1,1,-1,1,-1,1,1,-1,1,-1,1,1,-1,-1,-1,-1,-1,1,1,-1,-1,-1,-1,-1,1,1,-1,-1,-1,1,1,1,-1,-1,-1,-1,1,1,1,-1,1,-1,1,-1,1,1,1,-1,-1,-1,-1,-1,1,-1,1,-1,-1,1,-1,1,1,-1,1,-1,-1,1,1,1,-1,1,-1,-1,-1,1,1,-1,1,-1,-1,-1,1,1,-1,1,-1,-1,-1,1,1,-1,-1,1,-1,-1,1,1,-1,-1,-1,-1,-1,1,1,1,-1,1,-1,-1,-1,-1,1,-1,1,-1,-1,1,-1,-1,1,-1,1,-1,1,1,-1,1,-1,1,-1,1,-1,-1,1,-1,1,-1,1,1,-1,1,-1,-1,-1,-1,1,-1,1,-1,1,-1,-1,1,-1,1,-1,1,-1,-1,-1,1,1,-1,-1,-1,-1,1,-1,-1,-1,-1,-1,-1,-1,-1,1,-1,-1,-1,-1,1,1,-1,1,-1,-1,-1,1,-1,-1,1,-1,-1,-1,-1,-1,1,1,-1,-1,-1,-1,-1,1,-1,-1,-1,1,-1,-1,1,-1,1,-1,-1,-1,-1,-1,-1,-1,1,-1,-1,-1,1,1,1,-1,-1,-1,1,-1,-1,-1,-1,-1,-1,-1,1,1,1,-1,-1,1,-1,1,-1,1,1,-1,1,-1,-1,1,1,-1,-1,-1,-1,-1,-1,1,1,-1,-1,1,-1,1,1,-1,-1,-1,1,-1,-1,1,-1,-1,1,1,-1,1,1,1,-1,1,-1,1,1,1,-1,-1,1,-1,-1,1,1,-1,-1,-1,-1,-1,1,1,-1,1,1,-1,-1,1,1,-1,-1,1,-1,-1,1,-1,-1,-1,1,-1,-1,1,1,1,-1,-1,-1,-1,1,1,-1,-1,1,-1,-1,1,-1,1,-1,1,-1,-1,-1,1,1,-1,-1,1,-1,1,1,1,-1,1,-1,-1,1,1,1,-1,-1,-1,-1,1,-1,-1,-1,-1,-1,1,1,1,-1,-1,-1,-1,1,-1,1,-1,-1,-1,-1,1,1,1,-1,1,-1,-1,1,1,-1,1,-1,1,-1,-1,1,1,1,-1,1,-1,-1,1,1,1,-1,-1,1,-1,1,-1,1,-1,1,-1,1,1,-1,1,-1,1,-1,1,-1,-1,1,-1,1,-1,1,-1,1,1,-1,-1,-1,1,-1,1,1,1,-1,1,-1,1,1,1,-1,-1,1,-1,1,-1,1,-1,-1,1,-1,1,1,1,-1,-1,-1,1,-1,-1,-1,-1,-1,1,-1,1,1,1,-1,1,1,1,-1,1,1,-1,-1,1,1,1,1,1,-1,-1,1,1,1,1,1,-1,-1,-1,1,-1,1,1,-1,-1,1,1,1,-1,1,1,-1,1,1,1,1,1,1,-1,-1,1,1,1,1,1,-1,1,-1,1,1,-2640.0,1,2000,445,1000,True
2931,1,1,1,1,1,1,-1,-1,1,-1,-1,1,-1,1,1,1,1,-1,1,1,-1,-1,1,-1,-1,1,-1,-1,1,1,-1,-1,1,1,-1,-1,1,1,1,-1,1,-1,-1,1,1,-1,-1,1,-1,1,1,-1,1,-1,1,-1,1,-1,1,-1,-1,1,1,-1,1,1,-1,-1,-1,-1,-1,1,1,1,-1,-1,-1,-1,1,-1,-1,1,1,-1,1,1,1,-1,-1,1,-1,1,-1,1,-1,-1,-1,1,1,1,1,-1,-1,-1,1,1,-1,1,-1,-1,-1,1,1,-1,1,1,-1,-1,1,1,-1,1,1,-1,-1,1,1,-1,1,-1,-1,-1,-1,1,-1,1,-1,-1,-1,-1,1,-1,1,1,-1,-1,1,1,1,-1,1,-1,-1,-1,-1,1,-1,-1,-1,-1,1,1,-1,-1,1,-1,1,-1,1,-1,-1,-1,-1,-1,-1,1,-1,1,-1,-1,-1,1,-1,-1,-1,1,-1,-1,-1,1,-1,-1,-1,1,-1,-1,1,-1,1,-1,-1,1,-1,1,-1,1,-1,-1,-1,-1,1,-1,1,-1,1,1,-1,1,-1,1,1,-1,-1,-1,-1,-1,-1,1,-1,-1,-1,-1,1,-1,1,-1,-1,-1,-1,-1,-1,1,-1,1,-1,-1,-1,-1,1,-1,1,-1,-1,-1,1,1,-1,1,-1,-1,-1,-1,1,-1,1,-1,-1,1,-1,1,-1,1,-1,-1,1,1,1,1,-1,-1,1,1,1,1,1,-1,-1,1,1,1,1,1,-1,-1,1,-1,-1,-1,1,1,1,1,1,-1,-1,1,1,-1,1,-1,1,-1,1,1,1,1,1,1,-1,1,-1,1,1,-1,1,-1,1,-1,1,1,1,1,-1,1,1,1,1,1,-1,1,1,1,-1,1,1,-1,1,1,-1,1,1,1,-1,1,1,1,-1,1,1,1,1,1,-1,1,1,1,1,1,1,-1,1,-1,1,-1,1,1,-1,1,-1,1,1,-1,1,-1,1,-1,1,1,-1,1,-1,1,1,-1,1,-1,1,1,-1,1,-1,1,-1,1,-1,1,-1,-1,1,1,-1,-1,1,1,-1,1,-1,1,-1,1,-1,1,1,-1,1,1,1,-1,1,1,-1,1,-1,1,-1,-1,1,-1,1,1,1,1,-1,1,1,1,1,1,-1,-1,1,-1,-1,1,-1,1,-1,-1,1,-1,1,-1,-1,-1,1,1,-1,1,-1,1,-1,-1,1,-1,1,1,-1,-1,-1,1,-1,-1,1,1,-1,-1,1,-1,1,1,-1,1,-1,1,-1,-1,1,1,-1,-1,-1,-1,1,1,-1,1,-1,1,-1,1,-1,1,-1,-1,-1,-1,1,-1,1,-1,-1,-1,-1,1,-1,-1,1,-1,-1,-1,1,-1,1,1,1,-1,-1,1,-1,-1,1,-1,-1,-1,1,1,1,-1,1,-1,-1,-1,1,1,-1,1,-1,-1,1,-1,1,1,1,-1,-1,-1,1,1,-1,1,-1,1,-1,1,1,1,-1,1,1,-1,1,1,1,1,1,1,1,-1,-1,-1,-1,1,-1,1,-1,1,-1,1,-1,1,-1,-1,-1,1,1,-1,1,1,-1,-1,-1,1,-1,1,1,-1,1,-1,1,-1,-1,-1,-1,-1,-1,1,-1,-1,-1,-1,-1,-1,1,-1,1,1,1,1,-1,1,-1,1,1,-1,-1,-1,-1,1,-1,1,-1,1,-1,-1,1,1,1,1,-1,-1,1,-1,-1,1,-1,1,-1,1,1,-1,1,-1,-1,-1,1,-1,1,1,-1,1,-1,1,1,1,-1,1,1,1,1,-1,1,-1,-1,-1,1,1,-1,1,-1,1,-1,1,1,-1,-1,1,1,-1,1,1,-1,1,1,-1,-1,1,1,-1,-1,1,1,-1,1,1,-1,-1,1,-1,-1,1,1,-1,-1,-1,1,-1,1,1,-1,-1,1,1,-1,1,1,1,-1,1,-1,-1,-1,-1,1,-1,1,-1,-1,1,-1,1,-1,1,1,-1,-1,1,-1,-1,1,-1,-1,1,-1,1,-1,1,-1,-1,1,1,-1,-1,1,1,1,-1,1,1,-1,1,-1,1,-1,1,-1,-1,1,-1,-1,-1,-1,1,1,1,1,1,-1,1,1,-1,1,1,1,-1,-1,1,-1,-1,1,1,-1,1,1,1,-1,1,1,-1,1,1,1,-1,1,1,1,1,-1,-1,-1,1,-1,1,-1,1,-1,1,-1,-1,1,-1,1,1,-1,1,1,-1,-1,1,1,-1,1,1,1,-1,-1,1,1,1,1,1,1,1,1,-1,1,1,1,-1,1,-1,1,1,1,1,-1,-1,1,-1,1,-1,1,1,-1,-1,1,1,1,1,1,1,-1,-1,1,-1,1,1,-1,-1,1,1,1,1,1,-1,-1,1,1,1,1,-1,1,-1,1,1,-1,1,-1,-1,1,1,1,1,1,1,-1,-1,1,1,1,1,-1,-1,-1,1,1,1,1,-1,-1,-1,1,1,1,1,1,-1,-1,1,1,1,1,1,-1,-1,1,1,-1,1,1,1,-1,-1,1,-1,1,1,-1,-1,1,-1,1,1,1,1,-1,-1,1,-1,1,1,1,-1,1,1,-1,1,-1,1,-1,1,1,-1,1,1,1,1,-1,1,1,1,1,-1,1,-1,1,1,1,1,1,-1,1,1,1,1,-1,1,1,-1,1,1,-1,1,1,-1,-1,1,-1,1,-1,1,1,-1,1,-1,1,1,-1,1,-1,1,-1,1,1,1,-1,-1,-1,1,1,1,-1,1,-1,-1,-1,1,1,-1,1,-1,-1,-1,1,-1,1,-1,-1,-1,1,1,1,1,-1,1,-1,1,1,1,-1,1,-1,1,1,1,1,-1,1,-1,-1,-1,1,1,-1,1,-1,1,1,-1,1,1,-1,1,-1,-1,1,1,-1,1,-1,1,1,-1,1,-1,-1,1,1,1,1,1,-1,-1,1,1,1,1,1,1,-1,1,-1,1,1,1,1,-1,-1,1,1,1,1,1,-1,1,1,1,-1,1,1,-1,-1,1,1,-1,1,1,1,-1,1,1,-1,1,1,-1,-1,1,-2638.0,1,2000,445,500,True
2932,-1,-1,1,1,1,1,-1,1,-1,-1,-1,1,-1,1,-1,-1,1,-1,1,-1,-1,1,-1,-1,-1,1,-1,-1,-1,-1,-1,-1,1,-1,-1,1,1,-1,-1,1,-1,-1,1,-1,-1,-1,-1,1,-1,-1,-1,-1,1,1,-1,-1,-1,1,-1,-1,1,1,-1,1,-1,-1,1,-1,1,-1,1,-1,-1,-1,1,1,-1,1,-1,-1,-1,1,1,-1,-1,-1,-1,1,1,1,1,-1,-1,-1,1,1,-1,-1,-1,1,-1,1,1,1,-1,-1,-1,-1,1,1,1,-1,-1,-1,-1,1,1,1,1,-1,-1,-1,-1,1,1,-1,-1,-1,-1,1,1,1,-1,-1,-1,1,1,1,1,-1,-1,-1,1,-1,1,1,1,-1,-1,-1,-1,1,1,-1,1,-1,1,1,1,1,-1,-1,-1,-1,1,-1,1,-1,1,-1,1,-1,1,1,-1,-1,-1,-1,1,1,-1,1,1,-1,1,-1,1,-1,-1,-1,-1,1,-1,1,-1,-1,1,-1,1,-1,1,-1,-1,1,-1,1,1,1,1,-1,1,-1,1,-1,1,-1,-1,1,-1,1,-1,1,1,-1,1,1,-1,1,-1,1,-1,1,-1,1,-1,1,1,-1,1,-1,1,-1,1,-1,-1,1,1,1,-1,-1,1,-1,1,-1,-1,1,1,-1,-1,1,-1,1,-1,1,1,-1,1,1,-1,-1,1,1,-1,1,1,-1,-1,1,1,-1,1,1,1,-1,1,1,-1,1,1,1,-1,1,1,-1,1,-1,-1,-1,-1,1,1,1,1,-1,-1,1,1,-1,1,1,1,-1,-1,1,1,1,1,1,-1,1,1,1,1,-1,1,-1,-1,1,1,1,1,1,-1,-1,1,1,1,1,-1,-1,1,1,-1,1,1,-1,-1,-1,1,1,1,1,1,-1,1,1,-1,1,1,-1,-1,-1,-1,1,1,1,1,-1,-1,-1,1,-1,1,-1,-1,-1,1,1,-1,1,1,1,-1,-1,1,-1,1,1,-1,-1,-1,1,1,-1,1,1,-1,1,-1,1,-1,1,-1,1,-1,1,-1,-1,1,1,-1,-1,1,1,-1,1,1,1,-1,1,-1,1,1,1,-1,1,1,-1,1,1,1,-1,-1,1,-1,-1,1,1,-1,1,1,1,-1,1,-1,1,1,1,-1,-1,1,-1,1,1,-1,1,-1,-1,1,-1,1,-1,-1,-1,-1,-1,1,1,-1,1,-1,1,-1,1,1,1,-1,-1,-1,-1,1,1,1,1,-1,-1,1,1,1,1,-1,1,-1,-1,1,-1,1,1,-1,-1,-1,-1,1,1,-1,-1,-1,1,1,1,-1,1,-1,-1,1,-1,1,-1,1,-1,-1,1,-1,1,-1,-1,-1,-1,1,-1,1,1,1,-1,-1,1,1,1,-1,-1,1,-1,-1,1,1,1,1,-1,-1,1,1,-1,-1,1,-1,1,-1,-1,1,-1,1,1,1,-1,1,-1,1,1,-1,1,-1,-1,1,1,1,1,-1,1,1,-1,1,1,1,1,1,1,1,-1,1,1,-1,1,-1,1,1,-1,1,-1,-1,1,-1,-1,1,-1,-1,-1,1,1,-1,1,1,-1,-1,1,1,-1,-1,1,-1,-1,-1,-1,-1,1,1,-1,-1,-1,-1,-1,1,1,-1,-1,1,1,1,-1,1,-1,-1,1,1,-1,1,1,-1,-1,-1,1,-1,-1,1,1,-1,1,1,1,1,1,1,-1,-1,1,-1,1,1,1,-1,-1,1,-1,1,1,-1,-1,1,1,-1,1,1,-1,1,1,-1,1,1,1,1,-1,1,1,-1,1,1,-1,1,1,1,1,1,1,1,-1,-1,1,1,1,1,1,-1,1,1,-1,1,1,1,-1,-1,1,1,1,-1,1,-1,-1,1,1,1,1,1,-1,-1,-1,1,1,1,1,-1,-1,1,1,1,1,-1,1,-1,-1,1,1,-1,-1,1,-1,-1,1,1,1,-1,1,-1,1,1,1,-1,-1,-1,-1,1,-1,1,1,-1,1,-1,1,-1,1,-1,1,1,-1,1,1,1,1,-1,1,-1,1,1,1,1,-1,1,-1,1,-1,1,1,-1,1,1,1,1,1,1,1,1,-1,1,1,1,1,-1,1,-1,1,1,1,1,-1,1,1,-1,1,1,1,-1,1,1,-1,1,1,1,-1,1,1,-1,1,1,-1,1,1,-1,1,-1,1,-1,1,1,-1,1,1,-1,1,1,1,-1,1,1,1,-1,1,1,1,-1,1,1,-1,1,1,-1,1,-1,1,-1,1,1,1,1,1,1,1,1,1,1,-1,-1,1,-1,1,1,-1,1,1,1,-1,1,1,1,1,-1,-1,-1,1,1,1,-1,1,-1,-1,-1,-1,1,-1,1,1,-1,1,1,1,-1,-1,1,-1,1,1,-1,1,1,-1,1,1,1,1,-1,-1,1,-1,-1,1,1,-1,1,-1,1,-1,1,1,-1,-1,-1,-1,-1,1,1,-1,1,1,-1,-1,1,1,-1,-1,-1,-1,-1,-1,1,-1,1,-1,-1,-1,-1,1,-1,-1,1,-1,-1,-1,1,1,-1,-1,-1,-1,-1,1,1,-1,-1,-1,1,-1,-1,1,1,1,-1,-1,-1,1,-1,-1,-1,-1,-1,-1,1,-1,1,-1,-1,-1,1,-1,1,-1,-1,-1,-1,-1,1,-1,1,-1,1,-1,1,-1,-1,1,1,-1,1,-1,1,-1,1,1,-1,1,-1,1,-1,1,1,-1,1,1,-1,-1,-1,1,-1,1,-1,1,-1,-1,1,1,1,-1,1,-1,-1,1,-1,-1,1,-1,-1,-1,1,-1,1,1,-1,1,-1,1,1,1,-1,1,-1,1,1,1,1,-1,1,-1,-1,1,1,1,-1,1,-1,1,1,-1,1,1,-1,1,-1,1,1,1,-1,1,-1,1,1,1,1,-1,-1,1,1,1,1,1,-1,-1,1,1,1,1,1,1,-1,1,1,1,1,1,1,-1,-1,1,1,1,1,1,-1,1,1,1,1,1,1,-1,-1,1,1,1,1,1,1,-1,1,1,-1,1,1,-1,-1,1,-2638.0,1,2000,445,500,True
2933,1,1,-1,-1,1,-1,1,1,1,1,1,-1,1,1,1,1,-1,1,-1,-1,1,1,1,1,1,-1,1,1,1,1,1,1,-1,-1,1,1,-1,1,1,1,-1,1,1,1,1,1,1,-1,1,1,1,1,-1,1,-1,1,1,-1,1,1,1,-1,-1,-1,1,1,1,1,-1,1,1,-1,1,1,1,-1,1,1,-1,1,1,-1,-1,1,-1,1,1,1,-1,-1,1,1,-1,1,1,-1,1,-1,-1,1,1,1,-1,1,-1,-1,-1,1,1,1,1,1,-1,-1,1,1,1,1,-1,-1,-1,1,1,1,-1,1,-1,-1,1,1,1,1,-1,-1,-1,1,1,1,1,-1,-1,-1,-1,1,1,1,-1,-1,-1,-1,1,1,1,-1,1,-1,1,1,1,1,-1,1,-1,-1,1,1,1,-1,1,-1,1,1,1,1,-1,-1,-1,1,1,1,-1,1,1,-1,1,1,1,-1,-1,-1,-1,-1,1,1,1,-1,1,-1,-1,1,-1,1,-1,1,-1,-1,1,1,1,-1,1,-1,1,1,1,1,-1,1,-1,1,1,-1,1,1,1,1,-1,1,-1,1,-1,1,-1,-1,1,-1,1,1,1,-1,-1,1,-1,-1,1,1,1,-1,1,-1,-1,1,1,-1,1,1,-1,-1,1,1,-1,-1,1,-1,1,1,1,1,1,1,-1,1,1,1,1,1,1,-1,1,1,1,1,1,1,1,-1,1,1,1,-1,1,-1,-1,1,1,-1,1,1,1,-1,1,1,1,1,1,-1,1,1,1,1,1,1,-1,-1,-1,-1,1,1,1,-1,-1,1,1,-1,1,1,1,-1,1,1,1,1,1,1,1,-1,1,1,1,1,-1,1,1,1,1,1,1,1,-1,-1,1,1,-1,1,1,-1,1,1,1,1,1,1,1,-1,1,-1,1,1,1,1,-1,1,1,1,1,1,1,1,1,1,-1,-1,1,1,-1,1,1,1,1,1,1,-1,1,1,-1,1,1,1,1,1,1,1,-1,1,1,-1,1,1,-1,-1,1,1,-1,1,1,-1,1,-1,1,-1,1,-1,-1,-1,1,-1,-1,1,-1,1,-1,1,1,-1,1,1,-1,-1,1,-1,-1,-1,1,-1,1,1,-1,1,1,1,-1,1,-1,-1,1,-1,1,1,-1,1,-1,1,1,1,1,1,-1,-1,1,-1,1,-1,1,-1,-1,-1,1,1,1,1,-1,-1,1,-1,1,1,1,-1,-1,-1,1,-1,1,1,-1,-1,1,-1,1,1,1,1,-1,-1,1,1,1,1,-1,-1,1,-1,1,1,-1,1,-1,1,-1,1,1,-1,1,-1,-1,1,1,1,-1,1,-1,1,-1,1,1,-1,-1,1,-1,1,1,1,1,-1,1,-1,-1,-1,1,1,-1,1,-1,1,-1,1,-1,-1,1,-1,-1,1,-1,1,-1,-1,1,-1,1,-1,1,1,-1,1,-1,-1,1,1,1,-1,1,-1,1,-1,-1,-1,1,-1,-1,1,-1,1,-1,1,1,1,-1,-1,1,-1,1,1,1,-1,-1,-1,1,-1,1,1,1,-1,-1,-1,1,1,-1,1,-1,-1,-1,1,1,-1,1,-1,-1,-1,1,1,-1,1,-1,-1,-1,-1,1,1,1,-1,1,-1,-1,1,-1,1,-1,1,1,-1,1,-1,1,1,-1,-1,-1,-1,-1,1,1,-1,-1,-1,1,-1,1,1,-1,-1,-1,-1,1,1,-1,-1,-1,-1,-1,1,1,-1,1,-1,1,1,1,1,1,-1,-1,-1,-1,-1,1,-1,1,-1,-1,1,-1,1,1,-1,1,-1,-1,1,1,1,-1,1,-1,1,-1,1,1,-1,-1,-1,1,-1,1,1,-1,1,-1,-1,-1,1,1,1,-1,1,-1,-1,1,1,-1,-1,-1,-1,-1,1,1,1,-1,1,-1,-1,-1,-1,1,-1,1,-1,-1,1,-1,-1,1,-1,1,-1,1,1,-1,1,-1,1,-1,1,-1,-1,1,-1,1,-1,1,1,-1,1,-1,-1,-1,-1,1,-1,1,-1,1,-1,-1,1,-1,1,-1,1,-1,-1,-1,-1,1,-1,-1,-1,-1,1,1,-1,-1,-1,-1,-1,-1,-1,1,-1,-1,-1,-1,1,-1,-1,1,-1,-1,-1,1,-1,-1,1,-1,-1,-1,-1,-1,1,1,-1,-1,-1,-1,-1,1,-1,-1,-1,1,-1,-1,1,-1,1,-1,-1,-1,-1,1,-1,-1,1,-1,-1,-1,-1,1,1,-1,-1,1,-1,1,-1,-1,-1,-1,-1,-1,-1,-1,1,-1,-1,-1,-1,-1,1,1,1,-1,1,-1,1,-1,1,-1,-1,-1,-1,-1,-1,1,1,-1,-1,1,-1,1,1,-1,-1,-1,-1,-1,1,1,-1,-1,-1,1,-1,1,1,1,-1,-1,-1,1,1,1,-1,-1,1,-1,1,1,1,1,-1,1,-1,-1,1,1,-1,1,-1,1,-1,1,1,-1,-1,1,1,-1,1,-1,-1,-1,1,1,-1,1,1,1,-1,-1,1,-1,1,1,1,-1,1,1,-1,1,-1,1,1,-1,1,-1,-1,1,-1,1,-1,1,1,-1,1,1,1,-1,1,-1,-1,1,1,-1,-1,1,-1,1,-1,1,-1,1,1,-1,1,1,1,-1,1,-1,1,-1,1,1,-1,-1,-1,-1,1,1,1,-1,1,-1,1,1,-1,1,-1,1,1,-1,1,1,1,-1,-1,-1,-1,1,1,1,-1,-1,-1,1,1,-1,-1,-1,1,-1,-1,1,-1,1,-1,1,-1,1,1,-1,1,-1,-1,1,-1,1,1,-1,1,-1,-1,1,-1,1,-1,-1,1,-1,-1,1,1,-1,1,-1,-1,1,1,-1,1,1,-1,1,-1,1,1,-1,1,-1,-1,1,-1,-1,1,1,-1,1,-1,1,1,-1,1,-1,-1,1,-1,1,1,1,1,-1,1,1,1,-1,1,1,-1,1,1,1,-1,1,1,-1,1,-1,1,1,1,1,-1,1,1,-1,-1,-1,1,-1,1,1,1,-1,1,1,-1,-1,1,1,1,-1,1,-1,1,1,1,-2638.0,1,2000,445,1000,True
2934,1,1,-1,-1,1,1,-1,1,1,1,1,-1,-1,-1,1,1,-1,1,-1,-1,1,1,1,1,1,1,-1,-1,1,1,1,1,-1,-1,-1,1,-1,1,1,1,-1,-1,1,1,1,1,1,1,-1,-1,1,1,-1,1,-1,1,1,-1,1,1,1,-1,-1,-1,1,1,1,1,1,-1,1,-1,1,1,1,1,1,-1,1,1,1,1,1,-1,-1,1,1,1,1,-1,-1,1,-1,1,1,1,1,1,-1,1,1,1,1,1,1,1,-1,1,1,1,1,-1,-1,-1,1,1,1,1,1,-1,-1,1,1,1,1,-1,-1,-1,1,1,1,1,1,-1,-1,1,1,1,1,1,-1,-1,1,1,1,1,-1,-1,-1,-1,1,1,1,1,1,-1,1,1,1,1,1,-1,-1,-1,1,1,-1,1,1,-1,1,1,1,1,1,-1,-1,1,1,1,1,-1,1,-1,1,1,1,1,1,-1,-1,-1,1,1,1,1,1,-1,-1,1,-1,-1,1,1,-1,-1,1,1,1,1,1,-1,1,1,1,-1,1,1,-1,1,1,-1,1,1,1,1,-1,1,-1,-1,1,1,-1,-1,1,-1,1,1,1,-1,-1,1,-1,-1,1,1,1,-1,1,-1,1,1,1,-1,1,1,-1,1,1,1,-1,-1,1,1,1,-1,1,1,1,1,1,1,-1,1,1,1,1,1,1,-1,1,1,1,1,1,1,1,1,1,1,1,1,1,1,1,-1,-1,1,1,1,-1,1,1,1,1,1,1,-1,1,1,1,-1,1,1,-1,-1,1,1,1,-1,1,-1,1,-1,1,1,1,1,-1,1,1,1,1,1,1,-1,1,1,1,1,1,-1,1,1,1,1,1,1,1,-1,1,1,-1,1,1,-1,1,1,1,1,1,1,1,-1,1,-1,1,1,1,1,-1,1,1,1,1,1,1,-1,1,1,-1,1,1,-1,-1,1,1,1,-1,1,1,-1,1,1,-1,1,1,1,1,1,1,1,-1,1,1,-1,1,1,-1,-1,-1,-1,-1,1,1,-1,1,1,-1,-1,1,-1,-1,1,1,1,1,1,-1,1,1,1,-1,-1,1,1,1,-1,1,-1,1,-1,1,-1,1,-1,-1,1,1,1,-1,-1,-1,-1,1,-1,1,-1,1,-1,-1,1,1,1,1,-1,-1,-1,1,-1,1,-1,1,-1,-1,-1,1,1,1,1,-1,-1,1,-1,1,1,-1,-1,-1,-1,1,-1,1,-1,-1,-1,1,-1,1,1,-1,-1,-1,-1,1,1,-1,1,-1,-1,1,1,1,-1,-1,1,-1,1,1,1,-1,-1,1,1,-1,1,1,1,-1,1,-1,-1,-1,1,-1,-1,-1,1,-1,1,1,1,-1,-1,1,-1,-1,1,-1,-1,-1,1,-1,-1,1,-1,-1,-1,1,-1,-1,1,-1,-1,-1,-1,1,-1,1,-1,-1,1,-1,1,-1,-1,1,1,1,-1,1,-1,1,1,1,-1,1,-1,1,1,-1,1,-1,1,1,-1,1,-1,1,-1,1,1,1,-1,-1,-1,-1,-1,1,-1,1,-1,-1,-1,1,1,-1,1,-1,-1,-1,1,1,-1,1,-1,-1,-1,1,1,-1,1,-1,-1,-1,-1,1,1,1,-1,1,-1,-1,1,-1,1,-1,-1,1,-1,1,-1,1,1,-1,-1,-1,-1,-1,1,1,-1,-1,-1,-1,-1,-1,1,-1,-1,-1,1,1,1,-1,-1,-1,-1,1,1,1,-1,1,-1,1,-1,1,1,1,-1,-1,-1,-1,-1,1,-1,1,-1,-1,1,-1,1,1,-1,1,-1,-1,1,1,1,-1,1,-1,-1,-1,1,1,-1,1,-1,-1,-1,1,1,-1,1,-1,-1,-1,1,1,-1,-1,1,-1,-1,1,1,-1,-1,-1,-1,-1,1,1,-1,-1,1,1,-1,-1,-1,1,-1,1,1,-1,1,-1,-1,1,-1,-1,-1,1,1,-1,1,-1,1,-1,1,-1,-1,1,-1,1,-1,1,1,-1,1,-1,1,-1,-1,1,-1,1,-1,1,-1,-1,1,-1,1,1,1,-1,-1,-1,1,1,1,1,-1,-1,1,-1,-1,1,1,-1,-1,-1,-1,1,-1,1,-1,-1,1,1,-1,1,1,-1,-1,1,-1,-1,1,1,-1,-1,-1,-1,1,-1,1,-1,-1,-1,-1,1,1,-1,-1,1,-1,-1,1,-1,1,-1,-1,-1,-1,-1,1,1,1,-1,-1,-1,1,1,1,-1,-1,-1,1,-1,-1,1,-1,-1,-1,-1,1,1,1,-1,-1,-1,-1,1,-1,1,1,-1,1,-1,-1,1,1,-1,-1,-1,-1,-1,-1,1,1,-1,-1,1,-1,1,1,-1,-1,-1,-1,-1,1,1,-1,-1,-1,1,-1,1,1,1,-1,-1,-1,1,1,1,-1,-1,1,-1,-1,1,1,-1,-1,-1,-1,-1,1,1,-1,1,-1,-1,-1,1,1,-1,-1,1,-1,-1,1,-1,-1,-1,1,-1,-1,1,1,1,-1,-1,-1,-1,1,1,-1,-1,1,-1,-1,1,-1,1,-1,1,-1,-1,-1,1,1,-1,-1,1,-1,1,1,1,-1,1,-1,-1,1,1,1,-1,-1,-1,-1,1,-1,-1,-1,-1,-1,1,1,1,-1,-1,-1,-1,1,-1,1,-1,-1,-1,-1,1,1,1,-1,1,-1,-1,-1,1,-1,1,-1,1,-1,-1,1,-1,1,-1,1,-1,-1,1,1,1,-1,-1,-1,1,1,-1,1,-1,-1,1,-1,1,-1,1,-1,1,-1,-1,1,-1,1,-1,1,-1,1,1,1,1,-1,-1,-1,1,-1,1,1,-1,-1,1,-1,1,1,-1,-1,-1,1,-1,1,-1,1,1,-1,1,1,1,1,1,-1,-1,1,1,-1,-1,-1,-1,-1,1,-1,1,1,1,-1,1,1,1,-1,1,-1,-1,-1,1,1,1,1,1,-1,-1,1,1,1,1,1,-1,-1,1,1,-1,1,-1,-1,-1,1,1,-1,1,1,1,-1,1,1,1,1,1,-1,-1,-1,-1,1,1,-1,1,-1,1,1,-1,1,-2638.0,1,2000,445,1000,True
2935,1,1,-1,-1,1,1,-1,1,1,1,1,-1,-1,1,1,1,-1,1,-1,-1,-1,1,1,1,1,1,-1,-1,1,1,1,1,-1,-1,-1,1,-1,1,1,1,-1,-1,1,1,1,1,1,1,-1,-1,1,1,-1,1,-1,-1,1,-1,1,1,1,-1,-1,-1,1,1,1,1,1,-1,1,-1,1,1,1,1,-1,-1,1,1,1,1,1,-1,-1,1,1,1,1,-1,-1,1,-1,1,1,1,1,1,-1,1,1,1,1,1,1,-1,-1,1,1,1,1,-1,-1,-1,1,1,1,1,1,-1,-1,1,1,1,1,-1,-1,-1,1,1,1,1,1,-1,-1,1,1,1,1,1,-1,-1,1,1,1,1,1,-1,-1,-1,1,1,1,1,1,-1,-1,1,1,1,1,1,-1,1,1,1,1,1,1,-1,1,1,1,1,1,-1,-1,1,1,1,1,-1,1,-1,1,1,1,1,1,-1,-1,-1,1,1,1,1,1,-1,1,1,-1,1,1,1,-1,-1,1,1,1,1,1,-1,1,1,-1,1,1,1,-1,1,1,1,1,1,1,1,-1,1,-1,-1,1,1,-1,-1,1,1,1,1,1,-1,-1,1,-1,1,1,1,1,-1,1,1,-1,1,1,-1,1,1,-1,1,-1,1,-1,-1,1,-1,1,1,1,1,1,1,-1,1,-1,1,1,1,1,-1,1,-1,1,1,1,1,-1,-1,1,1,1,1,1,1,-1,1,1,-1,-1,1,1,-1,-1,1,1,1,1,-1,1,-1,1,1,1,-1,1,-1,-1,-1,1,1,1,-1,1,-1,1,-1,1,1,1,1,-1,1,1,1,1,1,-1,-1,1,1,1,1,1,1,1,1,1,1,1,1,-1,-1,1,1,-1,1,1,-1,1,1,1,1,1,1,1,-1,1,-1,1,1,1,1,-1,1,1,1,1,1,1,1,1,1,-1,1,1,1,-1,1,1,1,-1,1,-1,-1,1,1,-1,1,1,1,1,1,1,1,-1,1,1,-1,1,1,-1,-1,-1,-1,1,1,1,-1,1,1,-1,1,1,-1,-1,1,1,1,1,1,-1,1,1,1,1,-1,1,1,1,-1,1,-1,-1,-1,1,-1,1,-1,-1,1,1,1,-1,-1,-1,-1,1,-1,1,1,-1,1,-1,1,1,1,1,1,-1,-1,1,-1,1,-1,1,-1,-1,-1,1,1,1,1,-1,-1,1,-1,1,1,1,-1,-1,-1,1,-1,1,1,-1,-1,1,-1,1,1,1,-1,-1,-1,1,1,1,1,-1,-1,1,1,1,1,-1,1,-1,1,1,1,1,-1,1,1,-1,1,1,1,-1,1,-1,1,-1,1,1,-1,-1,1,-1,1,1,1,1,1,1,-1,-1,1,1,1,-1,1,-1,-1,1,1,-1,-1,1,-1,-1,1,-1,1,-1,-1,1,-1,1,-1,1,1,-1,1,-1,-1,1,1,1,-1,1,-1,1,-1,-1,-1,-1,-1,1,1,-1,1,-1,1,1,-1,1,-1,1,-1,1,1,1,-1,-1,-1,-1,-1,1,-1,1,-1,-1,-1,1,1,-1,1,-1,-1,-1,1,1,-1,1,-1,-1,-1,1,1,-1,1,-1,-1,-1,-1,1,1,1,-1,1,-1,-1,1,-1,1,-1,-1,1,-1,1,-1,1,1,-1,-1,-1,-1,-1,1,1,-1,-1,-1,-1,-1,-1,1,-1,-1,-1,1,1,1,-1,-1,-1,-1,1,1,1,-1,1,-1,1,-1,1,1,1,-1,-1,-1,-1,-1,1,-1,1,-1,-1,1,-1,1,1,-1,1,-1,-1,1,1,1,-1,1,-1,-1,-1,1,1,-1,1,-1,-1,-1,1,1,-1,1,-1,-1,-1,1,1,1,-1,1,-1,-1,1,1,-1,-1,-1,-1,-1,1,1,1,-1,1,-1,-1,-1,-1,1,-1,1,-1,-1,1,-1,-1,1,1,1,-1,-1,1,-1,1,-1,1,-1,1,-1,-1,1,-1,1,-1,-1,1,-1,1,-1,-1,-1,-1,1,-1,1,-1,1,-1,-1,1,-1,1,-1,1,-1,-1,-1,1,1,-1,-1,-1,-1,1,-1,-1,-1,-1,-1,-1,-1,-1,1,-1,-1,-1,-1,1,1,-1,1,-1,-1,-1,1,-1,-1,1,-1,-1,-1,-1,-1,1,1,-1,-1,-1,-1,-1,1,-1,-1,-1,1,-1,-1,1,-1,1,-1,-1,-1,-1,-1,-1,-1,1,-1,-1,-1,1,1,-1,-1,-1,-1,1,-1,-1,-1,-1,-1,-1,-1,1,1,1,-1,-1,-1,-1,1,-1,1,1,-1,1,-1,-1,1,1,-1,-1,-1,-1,-1,-1,1,1,-1,-1,1,-1,1,1,-1,-1,-1,1,-1,1,1,-1,-1,1,-1,-1,1,1,1,-1,1,-1,1,1,1,-1,-1,1,-1,-1,1,1,-1,-1,1,-1,-1,-1,1,-1,1,1,-1,-1,1,1,-1,-1,1,-1,-1,1,-1,-1,-1,1,-1,-1,1,1,1,-1,-1,1,-1,1,1,-1,-1,1,-1,-1,1,1,1,-1,1,1,-1,-1,1,1,-1,-1,1,-1,1,1,1,-1,-1,1,-1,1,1,1,-1,-1,1,-1,1,-1,-1,-1,1,-1,1,1,1,-1,-1,1,-1,1,-1,1,1,-1,-1,-1,1,1,1,-1,-1,1,-1,1,1,-1,1,-1,-1,1,-1,1,-1,1,-1,-1,-1,-1,1,1,1,-1,-1,1,-1,1,-1,1,-1,-1,1,-1,1,-1,1,-1,1,-1,1,-1,-1,1,-1,-1,1,1,-1,1,1,-1,-1,-1,1,-1,1,1,1,-1,1,-1,1,1,1,-1,-1,1,-1,1,-1,1,-1,-1,1,-1,1,1,1,-1,-1,-1,1,-1,-1,-1,-1,-1,1,-1,1,1,1,-1,1,1,1,-1,1,1,-1,-1,1,-1,1,1,1,-1,-1,1,1,1,1,1,-1,1,1,1,-1,1,1,-1,-1,1,1,-1,-1,1,1,-1,1,1,1,1,1,-1,-1,1,-1,1,1,-1,1,-1,1,1,-1,1,-2638.0,1,2000,445,1000,True
2936,1,1,-1,-1,1,1,-1,1,1,1,1,-1,1,-1,1,1,-1,1,-1,-1,-1,1,1,1,1,1,-1,-1,1,1,1,1,-1,-1,-1,1,-1,1,1,1,-1,-1,1,1,1,1,1,1,-1,1,1,1,-1,1,-1,1,1,-1,1,1,1,-1,-1,-1,1,1,1,1,1,-1,1,-1,1,1,1,1,1,1,-1,1,1,-1,1,-1,-1,1,1,1,1,1,1,1,-1,1,1,1,-1,1,-1,-1,1,1,1,1,-1,-1,-1,1,1,1,1,1,-1,-1,1,1,1,1,1,-1,-1,1,1,1,1,1,-1,-1,1,1,1,1,-1,-1,-1,-1,1,1,1,-1,-1,-1,-1,1,1,1,1,-1,-1,-1,1,1,1,1,1,-1,-1,-1,1,1,-1,1,-1,-1,1,-1,1,-1,1,-1,-1,-1,1,1,-1,-1,-1,1,-1,1,-1,1,1,-1,-1,-1,1,-1,-1,-1,-1,-1,-1,1,-1,-1,1,-1,-1,-1,1,-1,-1,1,-1,-1,1,1,1,-1,1,-1,1,1,-1,-1,-1,1,-1,1,-1,1,1,-1,1,1,-1,-1,1,1,-1,1,1,-1,1,-1,1,-1,1,-1,-1,-1,1,-1,-1,1,1,-1,-1,-1,1,-1,1,-1,-1,-1,1,-1,-1,1,-1,1,-1,1,1,-1,1,1,-1,-1,1,1,-1,1,1,-1,-1,1,-1,-1,1,1,1,-1,1,1,-1,1,1,1,-1,-1,1,-1,1,1,-1,-1,-1,1,1,1,1,-1,-1,1,1,-1,1,-1,1,-1,-1,1,1,1,1,1,-1,1,1,1,1,-1,1,-1,-1,1,1,1,1,1,-1,-1,1,1,1,1,-1,-1,1,1,-1,1,1,-1,-1,-1,1,1,1,1,1,-1,-1,1,-1,1,1,-1,-1,-1,-1,1,1,1,1,-1,-1,-1,1,-1,1,1,-1,-1,1,1,-1,1,1,1,-1,1,1,-1,1,-1,-1,-1,-1,1,1,-1,1,1,-1,-1,-1,1,-1,1,-1,1,-1,1,-1,-1,1,-1,-1,-1,1,1,1,1,-1,1,-1,1,-1,1,-1,1,-1,1,1,-1,1,-1,1,-1,-1,1,-1,-1,-1,1,-1,1,1,1,-1,-1,1,-1,1,1,-1,-1,1,-1,1,1,-1,1,-1,1,-1,-1,1,1,-1,-1,1,1,1,1,-1,1,-1,-1,1,1,1,1,-1,-1,-1,1,1,1,1,1,-1,1,-1,1,1,1,-1,1,-1,1,1,-1,1,1,-1,1,1,1,1,1,-1,-1,1,1,1,1,-1,1,-1,1,1,-1,1,-1,1,-1,1,1,-1,1,-1,-1,-1,1,1,-1,1,1,1,-1,-1,1,1,1,-1,-1,1,-1,1,-1,1,-1,1,-1,1,1,1,-1,-1,1,-1,-1,1,-1,1,-1,1,1,-1,1,1,-1,1,1,-1,-1,1,1,-1,1,1,1,1,1,1,-1,1,1,1,-1,1,1,1,-1,-1,1,-1,1,-1,1,1,1,-1,-1,-1,1,-1,-1,1,-1,-1,-1,1,1,-1,1,1,-1,-1,1,1,-1,-1,1,-1,-1,-1,-1,-1,-1,1,-1,-1,-1,-1,-1,-1,1,-1,-1,1,1,1,1,1,-1,1,1,1,-1,-1,1,-1,1,-1,1,-1,-1,1,1,-1,1,1,1,-1,1,1,-1,-1,1,-1,-1,1,1,-1,-1,1,-1,1,1,-1,-1,1,1,-1,1,1,-1,1,1,-1,1,1,1,1,-1,1,1,-1,-1,1,1,-1,1,1,1,-1,1,1,-1,-1,1,1,1,1,1,-1,1,1,-1,-1,1,1,-1,-1,1,1,-1,1,1,-1,-1,1,1,-1,1,1,-1,-1,-1,1,-1,1,1,-1,-1,1,1,-1,1,1,1,-1,-1,1,-1,1,-1,1,-1,-1,1,-1,1,-1,1,-1,1,1,-1,1,1,-1,-1,1,1,-1,1,-1,1,1,-1,1,-1,1,1,1,-1,1,1,-1,1,1,1,-1,1,1,-1,-1,1,-1,1,-1,1,-1,-1,1,1,-1,1,-1,-1,1,-1,-1,1,-1,1,-1,-1,-1,1,-1,1,-1,-1,-1,1,1,-1,1,-1,-1,-1,1,1,1,1,-1,-1,-1,1,1,1,1,-1,-1,-1,1,1,1,-1,-1,-1,1,1,1,1,-1,1,-1,1,1,1,-1,-1,-1,1,1,1,1,1,-1,-1,-1,-1,-1,1,1,-1,-1,-1,1,1,1,1,-1,-1,-1,-1,1,1,1,1,-1,1,-1,1,1,-1,-1,-1,-1,-1,1,1,1,1,-1,1,-1,1,1,1,-1,-1,-1,-1,1,-1,1,-1,1,-1,-1,1,1,1,-1,-1,1,-1,1,1,1,-1,-1,-1,1,-1,1,-1,-1,-1,-1,-1,-1,1,1,1,1,-1,1,-1,1,1,-1,-1,-1,-1,-1,1,1,-1,1,-1,-1,-1,1,1,-1,-1,1,-1,-1,-1,1,-1,1,-1,-1,1,-1,1,-1,-1,1,-1,-1,-1,1,1,1,1,-1,1,-1,1,1,-1,1,-1,1,-1,1,1,1,1,-1,-1,-1,1,-1,-1,-1,-1,-1,-1,1,-1,1,-1,-1,-1,1,1,1,1,1,-1,-1,-1,1,-1,1,-1,1,-1,1,-1,-1,1,1,-1,1,-1,1,-1,1,1,-1,1,-1,1,-1,1,1,-1,1,1,-1,-1,-1,1,-1,1,-1,1,-1,-1,1,-1,1,-1,1,-1,-1,1,-1,-1,1,-1,-1,-1,1,-1,1,1,-1,1,-1,1,1,1,-1,1,-1,1,-1,1,1,-1,1,-1,-1,-1,-1,1,-1,1,-1,1,-1,1,1,1,-1,1,-1,1,1,1,-1,-1,-1,1,1,-1,1,-1,-1,1,1,1,1,1,-1,-1,1,1,1,1,1,1,-1,-1,1,1,1,1,1,-1,1,1,-1,-1,1,1,-1,1,1,1,1,1,1,-1,-1,1,1,-1,1,1,1,-1,1,1,-1,1,1,-1,-1,1,-2638.0,1,2000,445,500,True
2937,-1,-1,-1,-1,1,1,-1,1,-1,1,1,-1,1,1,-1,-1,1,1,-1,-1,-1,1,-1,1,1,-1,-1,-1,-1,-1,1,1,-1,-1,-1,1,1,-1,1,1,-1,-1,1,-1,-1,1,-1,-1,1,-1,-1,1,1,-1,-1,-1,-1,1,-1,1,-1,-1,-1,1,-1,-1,1,-1,1,-1,1,-1,1,1,-1,1,-1,1,-1,-1,1,-1,-1,-1,-1,-1,-1,1,-1,-1,-1,-1,1,1,-1,-1,-1,1,-1,1,1,-1,-1,-1,1,-1,1,1,-1,-1,-1,-1,-1,1,1,1,-1,-1,1,-1,-1,1,-1,-1,-1,-1,-1,-1,1,-1,-1,-1,1,-1,1,1,-1,-1,-1,1,-1,-1,1,-1,-1,-1,1,-1,-1,1,-1,-1,-1,-1,1,-1,1,-1,-1,-1,1,1,-1,1,-1,-1,1,1,-1,1,-1,-1,-1,-1,1,-1,1,1,-1,-1,1,-1,1,-1,-1,-1,-1,1,1,-1,1,1,-1,1,1,1,1,-1,-1,-1,-1,1,1,1,-1,-1,-1,-1,-1,1,1,1,-1,-1,-1,1,1,1,-1,-1,-1,1,1,1,1,1,-1,-1,-1,-1,1,1,1,-1,-1,1,-1,1,1,-1,-1,-1,-1,1,1,1,1,-1,-1,-1,-1,1,1,-1,-1,1,-1,1,1,1,-1,-1,-1,-1,1,-1,1,1,-1,-1,-1,1,-1,1,-1,-1,-1,-1,1,-1,1,1,-1,-1,-1,-1,1,1,1,-1,-1,-1,-1,1,1,-1,-1,-1,1,-1,-1,1,1,-1,-1,1,1,-1,1,-1,1,-1,-1,-1,-1,1,1,1,-1,1,-1,-1,1,-1,1,-1,1,1,-1,1,1,1,-1,1,1,-1,1,1,-1,-1,-1,1,1,1,1,-1,1,1,-1,1,1,1,-1,1,1,-1,1,1,1,1,1,1,1,-1,-1,1,1,1,1,1,-1,1,1,-1,1,1,1,1,1,1,1,-1,1,1,-1,1,1,1,1,1,1,-1,-1,1,-1,-1,1,1,1,-1,1,1,-1,1,1,-1,1,1,-1,1,1,1,-1,1,1,-1,1,-1,1,-1,1,-1,1,-1,1,-1,-1,1,-1,1,-1,1,1,-1,1,1,1,-1,1,-1,-1,-1,1,1,1,1,-1,1,1,1,-1,1,-1,-1,1,1,1,-1,1,1,-1,1,1,1,-1,1,-1,-1,1,-1,1,1,1,-1,-1,-1,-1,-1,1,1,-1,-1,1,-1,1,1,-1,-1,-1,-1,-1,1,1,1,-1,-1,1,-1,1,-1,-1,1,-1,-1,1,1,-1,1,-1,-1,1,1,1,-1,-1,1,-1,1,1,1,-1,-1,1,1,-1,1,1,-1,-1,1,-1,1,-1,1,1,-1,-1,1,-1,1,-1,1,-1,-1,1,-1,-1,-1,1,-1,-1,1,-1,1,-1,1,-1,-1,1,-1,-1,1,1,-1,-1,-1,1,-1,1,1,-1,1,-1,1,-1,-1,1,1,1,-1,1,-1,1,-1,1,-1,1,-1,1,1,-1,-1,1,1,1,-1,1,-1,1,-1,1,1,1,-1,-1,-1,1,-1,1,1,1,-1,-1,-1,1,1,-1,1,-1,-1,-1,1,1,1,1,-1,-1,1,1,1,1,1,-1,-1,-1,-1,1,-1,1,-1,1,-1,-1,1,1,1,-1,1,1,1,-1,-1,1,1,-1,-1,-1,-1,1,1,1,-1,-1,-1,1,1,1,-1,-1,-1,1,-1,1,1,-1,-1,-1,-1,-1,1,1,-1,1,-1,-1,1,-1,1,1,-1,-1,-1,-1,1,1,1,-1,-1,-1,1,1,1,-1,-1,-1,-1,-1,-1,1,1,-1,1,-1,1,1,-1,1,-1,1,-1,-1,1,-1,1,-1,1,-1,1,1,-1,-1,1,-1,1,-1,1,-1,-1,-1,-1,-1,1,1,-1,1,1,-1,1,-1,1,-1,1,1,-1,1,-1,1,-1,1,-1,1,-1,1,-1,1,1,-1,1,-1,1,-1,1,1,1,-1,1,-1,1,-1,1,-1,1,-1,-1,1,-1,1,1,1,-1,1,1,-1,1,-1,1,1,-1,1,-1,1,1,1,1,1,-1,-1,1,1,-1,1,1,-1,1,1,1,-1,1,-1,-1,-1,1,1,1,-1,1,-1,1,-1,1,1,-1,1,-1,1,1,1,-1,-1,1,-1,1,1,1,-1,1,-1,-1,1,1,1,-1,-1,1,-1,1,1,1,1,-1,1,1,1,1,1,-1,1,1,-1,1,1,1,1,-1,1,1,1,1,1,-1,1,1,1,1,1,1,-1,1,1,-1,1,1,1,1,-1,1,-1,1,1,1,-1,-1,1,1,1,1,1,-1,1,1,1,1,1,-1,-1,1,1,-1,1,1,1,-1,1,1,1,1,1,-1,1,1,1,1,1,1,-1,-1,1,1,1,1,1,-1,-1,1,1,1,1,1,-1,-1,1,1,1,1,1,1,-1,1,-1,1,1,1,1,-1,1,1,1,1,1,1,-1,1,1,1,1,1,-1,-1,1,-1,1,1,1,1,-1,-1,1,1,1,1,1,-1,-1,1,1,1,-1,1,-1,-1,1,1,1,1,1,-1,1,-1,1,1,1,1,-1,1,1,1,1,1,-1,1,-1,1,1,1,-1,-1,-1,1,1,1,-1,1,-1,1,1,-1,1,1,-1,1,-1,1,-1,1,1,-1,-1,-1,1,1,1,1,-1,-1,1,1,-1,1,1,-1,1,-1,1,-1,1,1,-1,1,-1,1,-1,1,1,1,1,1,1,1,1,1,-1,-1,1,-1,1,1,1,-1,1,-1,1,1,1,-1,-1,1,1,1,-1,1,1,-1,1,1,1,1,1,-1,-1,-1,1,-1,-1,-1,-1,-1,1,-1,1,1,1,-1,1,1,1,-1,1,1,1,-1,1,1,1,1,1,-1,-1,1,1,1,1,1,-1,-1,-1,1,-1,1,1,-1,-1,1,1,1,-1,1,1,-1,1,1,1,1,1,-1,-1,-1,1,-1,1,-1,1,-1,1,-1,1,1,-2638.0,1,2000,445,1000,True
2938,1,1,-1,-1,1,1,-1,1,1,1,1,-1,-1,1,1,1,-1,1,-1,-1,-1,1,1,1,1,1,-1,-1,1,1,1,1,-1,-1,-1,1,-1,1,1,1,-1,-1,1,1,1,1,1,1,-1,-1,1,1,-1,1,-1,-1,1,-1,1,1,1,-1,-1,1,1,1,1,1,1,-1,1,-1,1,1,1,1,-1,1,-1,1,1,1,1,-1,-1,1,1,1,1,-1,-1,1,-1,1,1,1,1,1,-1,-1,1,1,1,1,1,-1,-1,1,1,1,1,-1,-1,-1,1,1,1,1,1,-1,-1,1,1,1,1,-1,-1,-1,1,1,1,1,1,-1,-1,1,1,1,1,1,-1,-1,-1,1,1,1,1,-1,-1,-1,1,1,1,1,1,-1,-1,1,1,1,1,-1,-1,-1,1,1,1,1,1,-1,1,1,1,1,1,-1,-1,1,1,1,1,-1,1,-1,1,1,1,1,1,-1,-1,-1,1,1,1,1,1,-1,-1,1,-1,1,1,1,-1,-1,1,1,1,1,1,-1,1,1,-1,1,1,1,-1,1,1,1,1,1,1,1,-1,1,-1,-1,1,1,-1,-1,1,1,1,1,1,-1,-1,1,-1,1,1,1,1,-1,1,1,-1,1,1,-1,1,1,-1,1,1,1,-1,-1,1,-1,1,-1,1,1,1,1,-1,1,-1,1,1,1,1,-1,1,-1,1,1,1,1,-1,-1,1,1,1,1,1,1,-1,1,1,-1,-1,1,1,-1,-1,1,1,1,1,-1,1,-1,1,1,1,-1,1,-1,-1,1,1,1,1,-1,1,-1,1,-1,1,1,1,1,-1,1,1,1,1,1,-1,-1,1,1,1,1,1,1,1,1,1,1,1,1,-1,1,1,1,1,-1,1,-1,1,1,1,1,1,1,1,-1,1,1,1,1,1,1,-1,1,1,1,1,1,1,1,1,1,1,1,1,-1,-1,1,1,-1,-1,1,1,-1,-1,1,-1,1,1,1,1,-1,1,1,-1,1,1,-1,1,1,1,-1,-1,-1,-1,-1,1,1,-1,1,-1,-1,1,1,-1,1,1,1,-1,1,1,-1,1,1,-1,-1,1,1,-1,-1,1,-1,-1,-1,1,-1,1,-1,-1,1,1,1,1,-1,-1,-1,1,1,1,1,-1,1,-1,1,1,1,1,1,-1,-1,1,-1,1,-1,1,-1,-1,-1,-1,-1,1,1,-1,-1,1,-1,1,1,-1,-1,-1,-1,1,1,-1,1,-1,-1,1,-1,1,1,1,-1,-1,-1,1,1,1,1,-1,-1,1,1,-1,1,-1,1,-1,1,1,-1,1,-1,1,1,-1,1,-1,1,-1,1,-1,1,1,1,1,-1,-1,1,-1,1,-1,1,1,1,1,-1,1,-1,1,1,-1,1,-1,1,-1,1,-1,-1,1,-1,1,-1,1,1,-1,-1,1,1,-1,1,1,1,-1,1,1,1,1,1,1,-1,1,1,-1,-1,-1,-1,-1,-1,1,1,-1,-1,1,1,1,-1,1,-1,1,-1,1,-1,1,-1,-1,-1,1,-1,-1,1,1,-1,-1,-1,1,-1,-1,1,-1,-1,-1,1,-1,-1,1,-1,-1,1,1,-1,-1,1,-1,-1,-1,-1,-1,1,1,-1,1,-1,-1,-1,-1,1,-1,-1,1,1,-1,-1,1,1,-1,-1,-1,1,-1,1,1,-1,-1,-1,1,-1,1,1,-1,-1,1,-1,1,1,-1,-1,-1,-1,1,1,1,-1,1,-1,-1,1,1,1,1,-1,-1,-1,1,-1,1,-1,1,-1,-1,1,-1,1,1,-1,-1,-1,1,1,1,1,-1,1,-1,1,-1,1,1,-1,-1,-1,-1,-1,1,1,-1,-1,-1,1,-1,1,1,-1,-1,1,1,-1,1,1,-1,-1,-1,1,-1,1,1,1,-1,1,-1,-1,1,-1,1,-1,-1,-1,-1,1,-1,-1,-1,1,1,-1,1,1,-1,-1,1,1,-1,1,-1,-1,1,-1,-1,-1,1,1,-1,1,-1,-1,-1,-1,1,-1,-1,1,-1,-1,-1,1,-1,1,-1,1,-1,-1,-1,1,-1,1,-1,-1,-1,1,-1,1,-1,-1,-1,-1,-1,-1,-1,1,-1,-1,-1,1,1,-1,1,-1,-1,-1,1,-1,-1,1,-1,-1,-1,-1,-1,1,1,-1,-1,-1,-1,-1,1,-1,-1,-1,1,-1,-1,1,-1,1,-1,-1,-1,-1,-1,-1,-1,1,-1,-1,-1,1,1,-1,-1,-1,-1,1,-1,-1,-1,-1,-1,-1,-1,1,-1,1,-1,-1,-1,-1,1,-1,1,1,-1,1,-1,-1,1,1,-1,-1,-1,-1,-1,-1,1,1,-1,-1,1,-1,1,1,-1,-1,-1,1,-1,-1,1,-1,-1,1,-1,-1,1,1,1,-1,1,-1,1,1,1,-1,-1,1,-1,-1,1,1,-1,-1,1,-1,-1,-1,1,-1,1,1,-1,-1,1,1,-1,-1,1,-1,-1,1,-1,-1,-1,1,-1,-1,1,1,1,-1,-1,1,-1,1,1,-1,-1,1,-1,-1,1,1,1,-1,1,1,-1,-1,1,1,-1,-1,1,-1,1,1,1,-1,-1,1,-1,1,1,1,-1,-1,1,-1,1,-1,-1,-1,1,-1,1,1,1,-1,-1,1,-1,1,-1,1,1,-1,-1,-1,1,1,1,-1,-1,1,-1,-1,1,-1,1,-1,-1,1,-1,1,-1,1,-1,-1,-1,-1,1,1,1,-1,-1,-1,1,1,-1,1,-1,-1,1,-1,1,-1,1,-1,1,-1,1,1,-1,1,-1,-1,1,1,1,1,1,-1,-1,-1,1,-1,1,1,1,-1,1,-1,-1,1,1,-1,-1,1,-1,1,-1,1,-1,-1,1,1,1,1,1,-1,-1,-1,1,-1,-1,-1,-1,-1,1,-1,1,1,1,-1,1,1,1,-1,1,1,-1,-1,1,1,1,1,1,-1,-1,1,1,1,1,1,-1,-1,-1,1,-1,1,1,-1,-1,1,1,1,-1,1,1,-1,1,1,1,1,1,-1,-1,-1,1,1,1,-1,1,-1,1,-1,1,1,-2638.0,1,2000,445,1000,True
2939,1,1,-1,-1,1,-1,-1,1,1,1,1,-1,1,1,1,1,-1,1,-1,-1,-1,1,1,1,1,-1,-1,-1,1,1,1,1,1,-1,-1,1,-1,1,1,1,-1,-1,1,1,1,1,-1,-1,1,-1,1,1,1,1,-1,-1,1,-1,1,1,1,-1,-1,-1,1,1,1,-1,-1,-1,1,-1,1,1,1,-1,-1,1,-1,1,1,-1,-1,-1,-1,1,1,1,-1,-1,-1,1,-1,1,1,-1,-1,1,-1,1,1,1,-1,-1,1,-1,-1,1,1,-1,-1,-1,-1,-1,1,1,-1,-1,1,-1,-1,1,1,1,-1,-1,-1,-1,1,1,1,-1,1,-1,-1,1,1,1,-1,1,-1,-1,-1,1,1,-1,1,-1,-1,-1,1,1,-1,-1,1,-1,-1,1,-1,-1,1,-1,-1,-1,1,1,-1,1,1,-1,1,1,-1,-1,1,-1,-1,-1,1,-1,1,-1,1,-1,-1,1,-1,1,1,-1,-1,-1,1,-1,1,1,1,-1,-1,1,1,-1,1,1,-1,-1,1,-1,-1,1,1,-1,1,1,-1,-1,1,1,-1,1,-1,1,1,1,1,1,-1,-1,1,-1,1,1,-1,-1,-1,1,-1,1,1,-1,-1,-1,1,1,1,1,1,-1,-1,-1,1,1,1,-1,-1,-1,1,1,1,1,-1,1,-1,1,-1,1,1,1,-1,-1,1,1,-1,1,1,-1,-1,1,1,1,1,1,1,-1,1,1,1,1,1,1,-1,-1,1,1,1,-1,-1,-1,-1,1,-1,1,1,-1,-1,1,-1,1,1,1,1,-1,-1,1,-1,1,1,1,-1,1,1,-1,1,-1,1,-1,-1,1,-1,1,1,1,-1,-1,1,-1,1,1,-1,-1,-1,1,1,1,1,-1,-1,-1,1,-1,1,1,-1,1,-1,-1,1,1,1,-1,-1,-1,1,-1,1,-1,1,-1,-1,1,-1,1,1,1,-1,-1,1,1,1,1,-1,1,-1,1,-1,1,1,1,1,-1,1,-1,1,1,-1,1,-1,-1,1,1,1,1,1,-1,1,-1,1,1,-1,-1,1,1,-1,1,1,-1,1,-1,1,-1,1,-1,1,1,-1,1,1,1,-1,1,1,1,-1,-1,1,1,1,1,-1,1,1,-1,1,1,-1,1,1,1,1,1,-1,1,1,-1,1,-1,1,1,-1,1,1,-1,1,1,1,-1,1,1,1,-1,1,-1,-1,1,1,-1,1,1,1,-1,1,1,1,-1,1,1,1,1,-1,1,1,-1,1,-1,1,1,1,-1,1,1,1,1,1,1,1,-1,1,-1,1,-1,1,1,1,-1,1,-1,1,1,1,1,-1,1,-1,1,-1,1,1,1,-1,-1,1,1,-1,1,-1,1,-1,1,-1,1,1,1,-1,-1,1,-1,-1,1,1,-1,-1,-1,1,-1,1,-1,1,-1,1,-1,-1,1,-1,1,-1,-1,1,-1,1,-1,1,1,-1,1,-1,-1,1,1,1,-1,1,-1,1,-1,1,1,1,-1,1,1,-1,-1,-1,-1,1,-1,1,-1,1,-1,1,1,1,-1,-1,-1,-1,-1,1,-1,1,-1,-1,-1,1,1,-1,1,-1,-1,-1,1,1,-1,1,-1,-1,-1,1,1,-1,1,-1,-1,-1,-1,1,1,1,-1,1,-1,-1,1,-1,1,-1,-1,1,-1,1,-1,1,1,-1,-1,-1,-1,-1,1,1,-1,-1,-1,-1,-1,1,1,-1,-1,-1,1,1,1,-1,-1,-1,-1,1,1,1,-1,1,-1,1,-1,1,1,1,-1,-1,-1,-1,-1,1,-1,1,-1,-1,1,-1,1,1,-1,1,-1,-1,1,1,1,-1,1,-1,-1,-1,1,1,-1,1,-1,-1,-1,1,1,-1,1,-1,-1,-1,1,1,-1,-1,1,-1,-1,1,1,-1,-1,-1,-1,-1,1,1,1,-1,1,1,-1,-1,-1,1,-1,-1,1,-1,1,-1,-1,1,1,1,-1,1,1,-1,1,-1,1,-1,1,-1,1,-1,-1,1,-1,1,1,-1,1,-1,1,-1,-1,1,1,1,-1,1,-1,-1,1,-1,1,-1,1,-1,-1,1,1,1,-1,-1,-1,-1,1,1,-1,1,1,-1,-1,1,1,1,-1,1,-1,-1,1,1,-1,1,-1,-1,-1,1,1,1,-1,1,-1,-1,-1,1,-1,1,-1,-1,-1,1,1,-1,1,-1,-1,-1,1,1,-1,1,1,-1,-1,1,1,-1,1,-1,1,-1,1,1,-1,-1,-1,-1,-1,-1,1,-1,1,1,1,-1,1,1,1,-1,-1,1,-1,1,1,-1,1,-1,-1,-1,-1,1,1,-1,1,-1,-1,-1,1,1,1,1,1,-1,-1,1,1,-1,-1,-1,-1,1,-1,1,-1,1,-1,-1,1,1,1,-1,1,1,-1,1,1,-1,-1,1,-1,-1,-1,1,1,-1,1,1,1,-1,1,1,1,1,1,-1,1,1,1,-1,1,-1,1,-1,1,1,-1,1,1,1,-1,1,1,-1,1,1,1,1,-1,1,-1,1,1,1,-1,1,1,-1,-1,1,1,1,-1,1,-1,1,-1,1,1,-1,1,-1,1,1,1,1,-1,1,-1,1,1,1,1,-1,-1,1,-1,1,1,-1,1,-1,-1,1,1,1,-1,1,-1,1,1,1,1,-1,-1,1,-1,1,1,-1,1,-1,-1,-1,1,1,1,1,-1,-1,-1,1,1,1,1,-1,-1,1,1,1,1,-1,-1,1,-1,-1,1,1,-1,1,-1,-1,-1,1,1,1,-1,-1,1,-1,1,1,1,-1,1,1,-1,1,1,-1,-1,1,1,-1,-1,1,-1,1,-1,-1,1,1,-1,-1,-1,1,1,-1,1,1,-1,1,1,-1,1,1,-1,-1,-1,1,-1,-1,-1,-1,-1,1,-1,1,-1,1,-1,1,1,1,-1,1,1,1,-1,1,1,-1,1,1,-1,-1,-1,1,1,1,1,-1,-1,-1,1,-1,1,1,-1,-1,1,1,-1,1,1,1,-1,-1,1,1,1,1,-1,-1,1,-1,1,1,-1,1,-1,-1,1,-1,1,-2638.0,1,2000,445,1000,True
2940,1,1,-1,-1,1,1,-1,1,1,1,1,-1,1,1,1,1,-1,1,-1,-1,-1,1,1,1,1,-1,-1,-1,1,1,1,1,-1,-1,-1,1,-1,1,1,1,-1,-1,1,1,1,1,-1,-1,1,-1,1,1,1,-1,-1,-1,-1,-1,1,1,-1,-1,-1,1,1,1,1,-1,1,-1,1,-1,1,1,-1,1,-1,1,-1,1,1,-1,-1,-1,-1,1,1,-1,-1,-1,-1,-1,-1,1,-1,-1,-1,1,-1,-1,1,-1,-1,-1,-1,-1,-1,1,-1,-1,-1,1,-1,-1,1,1,-1,-1,1,-1,-1,1,1,-1,-1,-1,-1,-1,1,-1,-1,-1,-1,-1,-1,-1,-1,-1,-1,-1,-1,-1,-1,1,-1,-1,1,-1,-1,-1,1,-1,-1,-1,1,-1,-1,-1,-1,-1,-1,1,-1,-1,-1,-1,1,-1,1,-1,-1,-1,-1,-1,-1,-1,-1,1,-1,-1,-1,1,1,-1,-1,-1,-1,-1,-1,-1,-1,-1,-1,-1,1,-1,1,-1,-1,-1,-1,1,-1,1,-1,-1,-1,-1,-1,1,1,-1,1,1,-1,-1,1,1,1,1,-1,1,-1,-1,1,1,-1,-1,1,-1,1,1,1,-1,1,1,-1,-1,1,1,-1,-1,1,1,-1,1,1,-1,-1,-1,1,-1,1,-1,-1,-1,1,1,-1,1,-1,1,-1,1,-1,-1,1,-1,-1,-1,1,-1,-1,1,-1,-1,-1,1,-1,-1,1,-1,1,-1,1,-1,-1,1,-1,1,-1,1,1,-1,1,1,-1,-1,-1,1,-1,1,-1,-1,-1,1,1,-1,1,1,1,-1,-1,1,-1,1,-1,-1,-1,1,1,-1,1,1,-1,-1,-1,1,-1,1,-1,1,-1,-1,-1,1,1,-1,1,-1,1,1,-1,1,-1,1,-1,-1,1,-1,1,-1,1,-1,1,1,-1,1,-1,-1,-1,-1,-1,1,1,-1,-1,-1,-1,-1,1,-1,-1,-1,-1,-1,1,1,-1,-1,-1,1,1,1,1,-1,-1,1,1,-1,-1,1,1,-1,-1,1,-1,-1,1,1,-1,-1,-1,1,-1,1,-1,1,-1,-1,-1,-1,1,1,1,-1,1,1,-1,1,1,-1,-1,1,1,-1,1,1,-1,-1,1,-1,1,1,-1,-1,-1,-1,1,-1,-1,1,-1,-1,1,-1,-1,1,-1,-1,-1,1,-1,1,-1,-1,-1,-1,1,-1,-1,1,1,1,1,1,-1,1,-1,1,-1,-1,1,-1,-1,-1,1,1,-1,1,-1,-1,1,1,-1,-1,-1,-1,1,-1,1,-1,-1,1,-1,-1,1,1,-1,-1,1,-1,-1,-1,-1,1,1,1,-1,-1,1,-1,-1,1,-1,1,-1,1,-1,-1,1,-1,-1,-1,-1,-1,-1,1,-1,1,-1,1,-1,-1,1,-1,-1,1,-1,-1,-1,1,1,-1,1,-1,-1,-1,1,1,-1,-1,-1,1,-1,1,-1,-1,1,-1,-1,1,1,1,-1,-1,-1,-1,1,1,1,-1,-1,1,-1,-1,-1,1,1,-1,1,-1,1,1,-1,1,1,-1,1,1,-1,1,-1,-1,1,-1,1,-1,-1,1,-1,1,1,-1,-1,-1,1,1,1,1,1,-1,-1,1,-1,1,-1,1,-1,-1,-1,1,1,1,1,-1,-1,-1,-1,1,-1,1,-1,-1,1,1,1,1,1,-1,-1,-1,1,1,-1,1,-1,-1,-1,-1,1,-1,1,1,-1,1,-1,1,-1,1,-1,1,1,-1,1,-1,1,1,-1,1,-1,1,1,1,-1,1,1,1,-1,1,1,-1,-1,1,1,1,1,1,-1,1,1,1,-1,-1,1,1,1,1,1,1,-1,1,1,1,1,1,-1,1,1,-1,1,1,1,1,-1,1,1,1,1,1,1,-1,1,1,1,1,1,1,-1,1,1,-1,1,-1,1,-1,1,1,1,1,1,1,-1,1,1,1,1,1,-1,-1,1,-1,1,1,1,-1,-1,1,-1,1,1,-1,1,-1,1,1,1,1,1,-1,-1,1,-1,1,1,-1,-1,-1,1,1,-1,1,1,-1,-1,1,1,-1,1,1,-1,-1,-1,1,-1,1,1,-1,-1,-1,1,1,1,1,-1,-1,1,-1,-1,1,-1,-1,-1,-1,1,1,-1,1,-1,-1,-1,1,1,1,1,-1,-1,-1,1,1,-1,1,-1,-1,-1,1,1,1,1,-1,-1,1,1,1,1,-1,-1,-1,1,1,1,-1,-1,1,-1,1,1,1,-1,-1,-1,1,1,1,1,-1,1,-1,-1,1,-1,1,1,-1,-1,1,1,1,1,1,1,1,1,1,1,1,1,-1,1,-1,1,-1,1,-1,1,1,-1,1,1,1,1,-1,1,1,1,1,1,1,-1,1,1,1,1,-1,1,1,1,-1,1,1,1,1,1,1,1,1,1,1,1,1,1,1,1,-1,1,-1,1,-1,1,1,-1,1,-1,1,1,1,1,-1,1,-1,1,1,1,1,-1,1,-1,1,1,1,1,1,-1,1,1,1,1,1,1,-1,1,1,1,1,1,-1,-1,-1,1,-1,1,1,1,-1,1,1,1,1,1,1,-1,1,1,1,1,1,1,-1,1,1,1,1,1,1,-1,1,-1,1,1,1,1,-1,1,-1,1,1,1,-1,1,1,1,1,1,1,1,-1,1,1,1,1,-1,1,-1,1,1,1,1,1,-1,1,1,1,1,1,1,1,-1,1,-1,1,1,1,1,1,-1,1,1,1,1,-1,1,1,1,-1,1,1,-1,1,-1,1,-1,1,1,1,1,-1,-1,1,1,1,1,1,-1,-1,1,1,1,-1,1,1,1,1,1,1,1,-1,1,1,1,1,1,1,1,-1,1,1,1,-1,1,1,-1,-1,-1,-1,1,1,1,-1,1,1,1,1,1,1,-1,-1,1,1,1,1,1,-1,1,1,1,1,1,1,-1,1,1,1,1,-1,1,-1,1,1,1,1,1,1,-1,1,-1,1,-1,1,1,-1,-1,1,1,-1,1,1,-1,1,1,1,-1,1,1,1,-1,1,-2638.0,1,2000,445,500,True
2941,1,1,-1,-1,1,-1,1,1,1,1,1,-1,1,1,1,1,-1,1,-1,-1,1,1,1,1,1,-1,1,1,1,1,1,1,-1,-1,1,1,-1,1,1,1,-1,1,1,1,1,1,1,-1,1,-1,1,1,-1,1,-1,1,1,-1,1,1,1,-1,-1,-1,1,1,1,1,-1,1,1,-1,1,1,1,-1,1,1,-1,1,1,-1,-1,1,-1,1,1,1,-1,-1,1,1,1,1,1,-1,1,-1,-1,-1,1,1,-1,1,-1,-1,1,1,1,1,1,1,-1,1,1,1,1,1,-1,-1,1,1,1,1,-1,1,-1,1,-1,1,1,1,-1,-1,1,-1,1,1,1,-1,-1,1,-1,1,-1,1,-1,-1,-1,1,1,1,1,-1,1,-1,1,-1,-1,1,-1,-1,-1,-1,1,-1,1,-1,-1,1,-1,-1,1,1,-1,-1,1,1,-1,1,-1,1,1,-1,-1,-1,1,-1,-1,-1,-1,-1,-1,1,1,-1,1,-1,-1,-1,1,1,-1,1,-1,-1,1,1,1,-1,1,1,-1,1,-1,1,-1,1,-1,-1,-1,1,1,1,1,1,-1,-1,1,1,-1,1,1,-1,-1,1,1,1,1,-1,-1,-1,1,-1,1,1,1,-1,-1,1,-1,1,1,-1,-1,-1,1,-1,1,1,-1,-1,1,-1,1,1,1,1,-1,1,-1,1,1,1,-1,-1,-1,-1,1,1,1,1,-1,-1,-1,1,1,1,1,-1,-1,-1,-1,1,1,-1,-1,-1,-1,1,1,1,1,-1,-1,1,-1,1,1,1,-1,-1,-1,-1,1,1,1,1,-1,1,-1,1,1,-1,1,-1,-1,-1,1,1,1,1,-1,-1,1,1,1,1,-1,-1,-1,-1,1,1,1,-1,-1,-1,1,-1,1,1,1,-1,-1,1,1,1,1,-1,-1,-1,-1,-1,1,1,1,-1,-1,-1,-1,1,1,1,-1,-1,-1,-1,1,1,1,1,-1,-1,-1,1,1,1,-1,-1,-1,-1,-1,1,1,1,-1,1,-1,-1,1,1,-1,1,-1,1,1,1,1,1,-1,-1,-1,1,1,1,1,1,-1,-1,1,1,1,1,-1,1,1,1,1,1,1,-1,-1,-1,1,1,1,1,-1,1,1,-1,1,1,-1,1,1,1,1,1,1,-1,1,1,1,1,1,-1,1,-1,1,-1,1,1,-1,-1,1,1,1,-1,1,1,-1,1,1,-1,1,1,1,-1,1,1,1,-1,1,1,-1,1,1,-1,1,-1,1,-1,1,-1,1,-1,1,1,-1,-1,1,1,1,1,-1,1,1,-1,1,-1,1,-1,1,-1,1,1,1,1,-1,1,-1,1,-1,1,1,-1,1,-1,1,-1,-1,1,-1,1,1,1,-1,1,1,-1,-1,-1,1,-1,-1,1,-1,1,1,-1,-1,-1,1,-1,-1,-1,1,-1,-1,1,-1,1,-1,-1,1,-1,1,-1,-1,1,-1,1,-1,-1,1,1,1,-1,1,-1,1,-1,1,1,1,-1,1,1,-1,-1,1,1,1,-1,1,-1,1,-1,1,1,1,-1,-1,-1,1,-1,1,-1,1,-1,-1,-1,1,1,-1,1,-1,-1,-1,1,1,-1,1,-1,-1,1,1,1,-1,1,-1,-1,-1,-1,1,1,1,-1,1,-1,-1,1,-1,1,-1,-1,1,-1,1,-1,1,1,-1,-1,-1,-1,-1,1,1,-1,-1,-1,-1,-1,1,-1,-1,-1,-1,1,1,1,-1,-1,-1,-1,1,1,1,-1,1,-1,1,-1,-1,1,1,-1,-1,-1,-1,-1,1,1,-1,-1,-1,1,-1,-1,1,-1,-1,-1,-1,1,-1,1,-1,1,-1,-1,-1,-1,1,-1,-1,-1,-1,-1,-1,1,-1,-1,-1,-1,-1,-1,1,1,-1,1,-1,-1,-1,-1,-1,-1,-1,-1,-1,-1,1,1,-1,-1,1,-1,1,1,1,-1,-1,1,-1,1,1,-1,-1,1,-1,-1,1,1,-1,-1,-1,1,-1,-1,1,1,-1,1,1,-1,1,1,1,-1,1,1,-1,1,1,1,-1,-1,1,-1,-1,1,1,-1,1,1,-1,-1,1,1,1,1,1,-1,1,1,1,-1,1,1,-1,-1,1,1,-1,1,1,-1,-1,1,1,1,-1,1,-1,-1,1,1,1,-1,1,-1,-1,1,1,1,-1,1,-1,-1,1,1,-1,1,-1,-1,1,1,1,-1,1,1,-1,1,1,1,-1,1,-1,1,1,1,1,1,-1,1,-1,-1,-1,1,-1,1,-1,-1,1,1,1,1,1,1,-1,1,1,1,1,-1,-1,-1,1,-1,1,-1,1,1,-1,-1,1,1,1,1,-1,1,-1,1,-1,1,-1,1,-1,-1,1,-1,1,-1,1,-1,-1,1,-1,1,-1,-1,1,-1,1,1,-1,1,1,-1,1,-1,1,1,-1,-1,1,-1,1,1,1,-1,1,-1,1,1,1,1,-1,1,-1,-1,-1,1,1,-1,1,-1,1,-1,1,1,-1,-1,1,-1,-1,1,1,-1,1,1,-1,1,1,1,-1,-1,1,1,-1,1,1,1,1,-1,1,-1,1,1,1,-1,1,1,-1,1,1,1,1,1,-1,-1,1,1,-1,-1,1,-1,-1,1,1,-1,1,1,-1,1,1,-1,1,1,1,-1,1,1,1,-1,1,1,-1,-1,1,-1,-1,1,1,-1,1,-1,1,-1,1,1,-1,-1,1,1,-1,1,1,-1,-1,1,-1,-1,-1,-1,-1,1,-1,1,-1,-1,1,-1,-1,-1,1,1,-1,1,-1,-1,-1,-1,-1,-1,-1,1,-1,-1,-1,1,-1,-1,-1,1,-1,1,-1,1,-1,1,-1,-1,1,1,-1,1,1,-1,-1,1,-1,1,-1,1,-1,-1,1,-1,-1,1,1,-1,1,-1,1,1,-1,1,-1,-1,1,-1,1,1,1,1,-1,1,-1,1,-1,1,-1,-1,1,1,1,-1,1,1,-1,1,-1,1,1,1,1,-1,1,-1,1,-1,1,1,-1,1,1,1,-1,1,1,-1,-1,1,1,1,-1,1,-1,1,-1,1,-2638.0,1,2000,445,1000,True
2942,1,1,-1,-1,1,1,-1,-1,1,1,1,-1,1,-1,1,1,-1,1,-1,-1,-1,-1,1,1,1,1,-1,-1,1,1,1,1,-1,-1,-1,-1,1,-1,1,1,-1,-1,-1,1,1,1,1,1,-1,1,1,1,-1,1,-1,1,1,-1,1,1,1,-1,-1,-1,1,1,1,1,1,-1,-1,1,1,1,1,1,1,-1,1,1,1,-1,1,-1,1,1,1,1,1,1,1,1,1,1,1,1,-1,1,1,-1,1,1,1,1,-1,1,1,1,1,1,1,1,1,-1,1,1,1,1,1,1,1,1,1,1,1,1,1,1,-1,1,1,1,-1,1,1,-1,1,1,1,-1,1,1,-1,1,1,1,1,1,1,1,1,1,1,1,-1,1,1,-1,1,1,-1,1,1,1,-1,-1,1,-1,-1,1,-1,-1,1,1,-1,1,1,1,1,1,-1,1,-1,1,1,-1,1,-1,-1,1,1,-1,-1,1,-1,-1,-1,1,-1,-1,1,-1,-1,-1,1,-1,1,1,1,-1,-1,1,-1,-1,1,-1,-1,-1,1,-1,-1,1,1,-1,-1,-1,1,-1,-1,1,-1,-1,1,1,-1,1,1,-1,-1,1,1,-1,1,-1,-1,-1,1,1,-1,-1,1,-1,-1,1,1,1,1,-1,-1,-1,1,1,-1,1,1,-1,1,-1,-1,-1,1,-1,1,-1,1,-1,-1,1,-1,1,-1,-1,-1,-1,1,1,-1,1,-1,1,-1,-1,1,-1,1,-1,1,-1,-1,1,1,1,-1,-1,-1,1,1,-1,1,1,-1,1,-1,1,1,1,-1,-1,-1,1,-1,1,1,1,-1,-1,-1,-1,1,1,-1,-1,-1,-1,1,1,1,-1,-1,-1,-1,1,-1,1,-1,-1,-1,-1,-1,1,1,-1,1,-1,-1,1,-1,1,-1,1,-1,-1,-1,1,1,-1,-1,-1,-1,-1,1,-1,-1,1,-1,-1,-1,1,-1,-1,1,-1,-1,1,1,-1,-1,1,1,-1,-1,1,1,-1,1,-1,-1,-1,-1,1,-1,-1,1,-1,-1,1,-1,-1,1,1,1,1,1,1,-1,1,-1,1,-1,1,-1,1,-1,1,1,-1,1,-1,1,1,-1,-1,1,1,-1,-1,-1,1,1,1,1,1,-1,1,-1,1,-1,1,-1,-1,1,-1,1,1,-1,1,-1,1,-1,1,-1,1,-1,-1,1,1,1,1,-1,1,-1,-1,1,1,1,1,-1,-1,-1,1,1,1,1,1,-1,-1,1,1,1,1,-1,1,-1,1,1,-1,1,1,-1,1,1,1,1,1,-1,-1,1,1,1,1,-1,1,-1,1,1,-1,1,-1,1,-1,1,1,-1,1,1,-1,-1,1,1,-1,1,-1,1,-1,-1,1,1,-1,1,-1,1,-1,1,-1,1,1,1,-1,1,1,1,-1,1,1,-1,-1,1,-1,-1,1,1,1,-1,1,1,-1,1,1,-1,-1,1,1,-1,1,1,1,1,1,1,-1,1,1,1,-1,1,1,1,1,-1,-1,1,-1,1,1,1,1,-1,1,-1,1,-1,-1,-1,1,1,-1,1,1,-1,-1,-1,1,-1,1,1,-1,1,-1,1,-1,-1,-1,-1,-1,-1,1,-1,-1,-1,-1,-1,-1,1,-1,1,1,1,1,-1,1,-1,1,1,-1,-1,-1,1,-1,-1,1,-1,1,-1,-1,1,1,1,1,-1,-1,1,1,1,1,-1,1,-1,-1,1,1,1,-1,-1,-1,-1,1,1,1,-1,1,-1,1,-1,1,-1,1,1,-1,-1,1,1,1,-1,-1,-1,-1,1,1,1,1,-1,-1,-1,1,1,1,1,-1,-1,-1,1,-1,1,-1,-1,-1,1,1,1,1,1,-1,1,-1,1,-1,1,-1,-1,-1,-1,1,1,-1,1,-1,-1,-1,1,1,1,1,-1,-1,1,-1,1,-1,1,-1,1,1,-1,1,1,1,-1,-1,1,1,-1,1,1,-1,1,-1,1,-1,1,1,-1,-1,1,-1,1,-1,1,-1,1,-1,1,-1,1,-1,-1,1,-1,1,-1,1,1,1,-1,1,1,-1,-1,1,1,-1,1,1,1,-1,-1,-1,1,-1,1,-1,-1,1,-1,-1,1,1,-1,1,-1,-1,-1,1,1,1,-1,1,-1,-1,1,-1,1,-1,-1,-1,-1,1,1,-1,-1,-1,-1,-1,1,1,1,-1,-1,-1,1,1,1,1,-1,1,-1,1,1,1,1,-1,-1,1,1,1,1,1,-1,-1,-1,-1,1,-1,1,-1,-1,-1,1,1,1,-1,-1,-1,-1,1,1,1,-1,1,-1,1,-1,1,1,1,-1,-1,-1,-1,1,1,1,1,-1,1,-1,1,1,1,-1,-1,-1,-1,-1,-1,1,-1,1,-1,-1,1,1,1,-1,-1,1,-1,1,1,-1,1,1,-1,1,1,1,1,-1,1,-1,-1,-1,1,-1,1,1,-1,1,-1,1,1,-1,-1,-1,-1,-1,1,1,-1,1,-1,-1,-1,1,1,-1,-1,1,-1,-1,1,1,-1,1,-1,-1,-1,1,1,-1,-1,1,-1,-1,-1,1,-1,1,1,-1,-1,1,1,-1,-1,1,-1,1,-1,1,1,1,1,-1,-1,-1,1,-1,1,-1,-1,-1,1,1,-1,1,-1,-1,-1,1,1,1,1,1,-1,1,1,-1,-1,1,-1,1,-1,1,1,-1,1,1,-1,1,1,1,-1,1,1,-1,1,-1,1,-1,1,1,-1,1,1,-1,-1,1,1,-1,1,-1,1,-1,-1,1,-1,1,-1,1,1,-1,1,-1,-1,1,-1,-1,-1,1,-1,1,1,-1,-1,-1,1,1,1,-1,1,1,-1,-1,1,1,-1,1,1,-1,-1,-1,1,-1,-1,-1,1,-1,1,1,1,-1,1,-1,1,1,1,-1,-1,-1,1,1,-1,1,-1,-1,1,-1,1,1,1,-1,-1,1,1,1,1,1,1,-1,-1,-1,1,1,1,1,-1,1,-1,-1,-1,1,-1,-1,1,1,1,1,1,1,-1,-1,-1,1,-1,1,-1,1,-1,1,1,-1,1,1,-1,-1,1,-2638.0,1,2000,445,500,True
2943,-1,-1,1,1,1,1,-1,1,-1,-1,-1,1,-1,1,-1,-1,1,-1,1,-1,-1,1,-1,-1,-1,1,-1,-1,-1,-1,-1,-1,1,-1,-1,1,1,-1,-1,1,-1,-1,1,-1,-1,-1,1,1,-1,-1,-1,-1,1,1,-1,-1,-1,1,-1,-1,1,1,-1,1,-1,-1,-1,1,1,-1,1,-1,-1,-1,1,1,-1,1,-1,-1,-1,1,1,-1,-1,-1,-1,1,1,1,1,-1,-1,-1,1,1,-1,-1,-1,1,-1,1,1,1,-1,-1,-1,-1,1,1,1,-1,-1,-1,-1,1,1,1,1,-1,-1,-1,-1,1,1,-1,-1,-1,-1,1,1,1,-1,-1,-1,1,1,1,1,-1,-1,-1,1,-1,1,1,1,-1,-1,-1,-1,1,1,-1,1,-1,1,1,1,1,-1,-1,-1,-1,1,-1,1,-1,1,-1,1,-1,1,1,-1,-1,-1,-1,1,1,-1,1,1,-1,1,-1,1,-1,-1,-1,-1,1,-1,1,-1,-1,1,-1,1,-1,1,-1,-1,1,-1,1,1,1,1,-1,1,-1,1,-1,1,-1,-1,1,-1,1,-1,1,1,-1,1,1,-1,1,-1,1,-1,1,1,1,-1,1,1,-1,1,-1,1,-1,-1,-1,-1,1,1,1,-1,-1,1,-1,1,-1,-1,-1,1,-1,-1,1,-1,1,-1,-1,1,-1,1,1,-1,-1,-1,1,-1,1,1,-1,-1,-1,1,-1,1,1,1,-1,-1,1,-1,1,1,1,-1,-1,1,-1,1,1,-1,-1,-1,1,1,1,1,-1,-1,-1,1,-1,1,1,1,-1,-1,1,1,1,1,1,-1,1,-1,1,1,-1,1,-1,-1,-1,1,1,1,1,-1,-1,1,1,1,1,-1,-1,-1,1,-1,1,1,-1,-1,-1,-1,1,1,1,1,-1,-1,1,-1,1,1,-1,-1,-1,-1,1,1,1,-1,-1,-1,-1,1,-1,1,-1,-1,-1,-1,1,-1,1,1,-1,-1,1,1,-1,1,-1,1,-1,-1,1,1,-1,1,-1,-1,1,-1,1,-1,1,-1,-1,-1,1,-1,-1,1,1,1,1,1,1,1,1,-1,1,-1,1,-1,1,-1,-1,1,-1,1,-1,1,1,-1,-1,1,1,-1,-1,-1,1,-1,1,1,1,-1,1,-1,1,-1,1,-1,-1,1,-1,1,1,-1,1,-1,1,-1,1,-1,1,-1,-1,1,1,1,1,-1,1,-1,-1,1,1,1,-1,-1,-1,-1,1,1,1,1,1,-1,-1,1,-1,1,1,-1,1,-1,1,1,-1,1,1,-1,1,1,1,1,-1,-1,-1,1,1,1,-1,1,1,-1,1,1,-1,1,1,1,-1,1,1,-1,1,-1,-1,-1,1,1,1,-1,1,1,-1,-1,1,-1,1,-1,-1,1,-1,1,-1,1,-1,1,-1,1,1,-1,-1,-1,1,-1,-1,1,-1,1,-1,1,1,-1,1,-1,-1,1,1,-1,-1,1,1,-1,1,1,1,1,1,1,-1,1,1,1,-1,1,-1,-1,-1,1,1,-1,1,-1,1,-1,-1,1,-1,-1,1,-1,-1,1,-1,-1,-1,1,1,-1,1,1,-1,-1,1,1,-1,-1,1,-1,-1,-1,-1,-1,1,1,-1,-1,-1,-1,-1,1,1,-1,-1,1,1,1,-1,1,-1,1,1,1,-1,1,1,-1,-1,-1,1,-1,-1,1,1,-1,1,1,1,1,1,1,-1,-1,1,-1,1,1,1,-1,-1,1,-1,1,1,-1,-1,1,1,-1,1,1,-1,-1,1,-1,1,1,1,1,-1,1,1,-1,1,1,1,-1,1,1,1,1,1,1,-1,-1,1,1,1,1,1,-1,1,1,-1,1,1,1,-1,-1,1,1,1,-1,1,-1,-1,1,1,1,1,1,-1,-1,-1,1,1,1,1,-1,-1,1,1,1,1,-1,1,-1,-1,1,1,-1,-1,1,-1,-1,1,1,1,-1,1,-1,1,1,1,-1,-1,-1,-1,1,1,1,1,-1,1,1,-1,1,1,-1,1,1,-1,1,1,1,1,-1,1,-1,1,1,1,1,-1,-1,-1,-1,1,1,1,-1,1,1,-1,-1,1,-1,1,1,1,-1,1,1,1,-1,1,-1,1,-1,1,1,-1,1,1,-1,1,1,1,-1,1,1,-1,-1,1,1,-1,1,1,-1,-1,1,-1,1,1,1,-1,-1,1,-1,1,1,1,-1,1,1,1,1,1,1,-1,-1,1,-1,1,1,1,-1,-1,1,-1,1,1,1,-1,-1,1,-1,1,1,-1,-1,-1,1,1,1,1,-1,1,-1,1,-1,1,1,1,-1,-1,1,-1,1,1,1,1,-1,-1,-1,1,-1,1,-1,-1,-1,-1,-1,1,1,-1,1,1,-1,1,1,1,-1,1,1,-1,1,1,-1,-1,1,-1,1,1,1,1,-1,1,-1,-1,-1,1,-1,1,1,-1,1,1,1,1,-1,1,-1,-1,1,1,1,-1,1,-1,-1,-1,1,1,-1,1,-1,-1,-1,1,1,-1,1,-1,-1,1,1,1,-1,1,-1,-1,-1,1,1,-1,1,-1,-1,-1,1,1,-1,1,-1,-1,1,-1,1,1,1,1,-1,-1,1,1,-1,-1,-1,-1,-1,1,1,-1,1,-1,-1,-1,1,-1,1,1,-1,-1,-1,1,-1,1,1,-1,1,-1,1,1,-1,1,1,-1,1,-1,1,-1,1,1,-1,1,-1,1,-1,1,1,-1,1,1,-1,-1,-1,1,-1,1,-1,1,-1,-1,1,1,1,-1,1,1,-1,1,-1,-1,1,-1,-1,1,1,-1,1,1,-1,-1,-1,1,1,1,-1,1,1,1,1,1,-1,1,1,-1,-1,1,-1,1,-1,-1,1,1,1,-1,1,1,-1,-1,-1,1,1,1,-1,-1,1,1,1,1,1,-1,-1,-1,1,1,1,1,-1,-1,1,1,1,1,1,1,-1,1,1,1,1,1,1,-1,1,1,1,1,1,1,-1,1,-1,1,1,1,1,-1,-1,1,1,1,1,1,1,-1,1,1,-1,1,1,-1,-1,1,-2638.0,1,2000,445,500,True
2944,-1,-1,1,1,1,1,-1,1,-1,-1,-1,1,-1,-1,-1,-1,1,-1,1,-1,-1,1,-1,-1,-1,1,-1,-1,1,-1,-1,-1,1,-1,-1,1,1,-1,-1,1,-1,-1,1,-1,-1,-1,-1,1,-1,-1,1,-1,1,1,-1,1,-1,1,-1,-1,1,1,-1,1,-1,-1,-1,-1,1,-1,1,-1,-1,-1,1,1,1,1,-1,-1,-1,-1,1,-1,-1,-1,-1,1,1,1,1,-1,1,-1,-1,1,-1,1,-1,1,-1,-1,1,1,-1,-1,-1,-1,1,1,1,1,-1,1,-1,-1,1,1,1,-1,-1,1,-1,1,1,1,-1,-1,1,-1,1,1,-1,-1,1,1,-1,1,1,-1,-1,-1,1,-1,-1,1,1,-1,-1,1,-1,1,1,1,1,-1,1,1,-1,1,-1,-1,-1,1,-1,-1,1,-1,-1,1,-1,-1,1,1,-1,-1,1,1,1,1,-1,1,1,1,-1,-1,1,-1,-1,-1,1,1,-1,1,-1,-1,-1,1,1,-1,1,-1,-1,-1,-1,1,-1,1,1,-1,-1,1,1,-1,1,-1,-1,-1,1,1,-1,1,1,-1,-1,-1,1,1,-1,1,-1,-1,1,1,-1,1,1,-1,-1,1,1,-1,1,-1,-1,-1,1,1,-1,-1,1,-1,-1,1,-1,-1,1,-1,-1,-1,1,1,-1,1,1,-1,1,-1,-1,-1,1,1,-1,-1,-1,1,-1,1,-1,-1,-1,-1,1,-1,1,1,-1,1,-1,1,-1,-1,1,-1,1,-1,-1,-1,-1,1,1,1,-1,-1,-1,1,1,-1,1,1,-1,1,-1,1,1,1,-1,-1,-1,1,1,1,1,1,-1,-1,-1,1,1,1,-1,-1,-1,-1,1,1,1,-1,-1,-1,1,1,-1,1,-1,-1,-1,-1,1,1,1,-1,1,-1,1,1,-1,1,-1,-1,-1,-1,-1,1,1,-1,-1,-1,-1,-1,1,-1,-1,1,-1,-1,1,1,-1,-1,-1,1,1,-1,1,-1,-1,1,1,-1,-1,1,1,-1,-1,1,-1,-1,-1,1,-1,-1,-1,1,-1,1,-1,-1,-1,-1,-1,-1,1,1,-1,-1,1,1,-1,1,-1,-1,1,1,1,1,1,-1,-1,1,1,-1,-1,1,-1,-1,-1,-1,1,1,-1,1,-1,-1,1,-1,1,-1,-1,-1,1,1,-1,1,-1,1,-1,-1,1,-1,1,-1,-1,-1,1,1,-1,1,-1,1,-1,-1,1,-1,1,-1,-1,-1,-1,1,-1,-1,1,1,-1,-1,1,-1,1,1,-1,1,-1,1,-1,1,-1,1,-1,-1,1,-1,1,-1,-1,-1,1,1,-1,1,-1,1,-1,1,-1,1,1,-1,1,-1,1,-1,-1,1,-1,-1,-1,1,-1,1,-1,1,1,-1,1,-1,-1,1,-1,-1,1,-1,1,-1,-1,-1,1,-1,1,1,-1,-1,-1,1,-1,1,-1,-1,1,-1,1,1,1,1,-1,-1,1,1,-1,1,1,-1,-1,1,1,1,-1,1,1,-1,1,1,1,1,-1,-1,1,-1,1,1,1,-1,-1,1,-1,-1,1,1,-1,1,-1,-1,1,-1,1,-1,1,1,-1,1,1,1,-1,1,1,-1,-1,1,1,-1,-1,-1,-1,1,1,1,-1,-1,-1,-1,1,1,1,-1,1,1,1,-1,1,1,-1,1,1,-1,1,1,1,-1,-1,1,-1,-1,1,1,1,1,1,1,1,1,1,1,1,1,-1,1,1,-1,1,1,1,-1,1,1,-1,1,1,1,-1,1,1,1,-1,1,-1,1,-1,1,-1,1,1,1,-1,1,1,1,1,1,1,1,1,1,-1,1,1,1,1,-1,1,-1,1,1,1,-1,1,-1,1,1,1,1,1,1,1,-1,1,1,1,1,1,-1,-1,1,1,-1,1,1,-1,-1,1,1,1,1,1,1,-1,1,1,1,-1,1,-1,-1,1,1,1,-1,1,-1,-1,1,1,1,1,1,-1,-1,1,1,1,-1,1,1,-1,1,1,-1,-1,1,-1,-1,1,1,1,-1,1,1,-1,1,1,1,-1,1,-1,-1,1,-1,1,-1,1,1,-1,1,1,1,-1,1,-1,1,1,-1,-1,-1,1,1,-1,1,-1,-1,-1,1,1,-1,-1,1,-1,1,1,1,-1,1,1,1,-1,1,1,1,1,1,1,-1,1,1,1,1,1,-1,-1,1,1,1,1,-1,-1,1,1,1,1,1,-1,-1,-1,-1,1,1,1,-1,1,1,1,1,1,-1,1,-1,-1,1,-1,1,1,1,1,1,1,1,1,1,1,-1,1,-1,1,1,1,-1,1,1,1,1,1,1,1,-1,1,-1,1,1,1,1,-1,1,-1,-1,-1,-1,1,-1,1,1,-1,1,1,1,1,1,1,-1,1,1,1,1,1,-1,1,-1,1,-1,1,1,1,-1,-1,1,-1,1,1,-1,1,-1,1,-1,1,1,-1,-1,-1,1,-1,1,1,1,1,-1,1,1,1,1,-1,-1,-1,-1,1,1,1,-1,-1,-1,-1,-1,1,-1,1,-1,-1,-1,1,1,1,-1,-1,-1,1,-1,1,1,-1,-1,1,-1,1,1,1,1,-1,-1,-1,1,-1,1,-1,-1,-1,-1,1,-1,1,-1,-1,-1,1,1,-1,1,-1,-1,-1,-1,1,-1,1,-1,1,-1,1,-1,-1,1,1,-1,1,-1,1,-1,1,1,-1,1,-1,1,-1,1,1,-1,1,1,-1,-1,-1,1,-1,1,-1,1,-1,-1,1,-1,1,-1,1,-1,1,1,-1,-1,1,-1,-1,-1,1,-1,1,1,-1,1,1,1,1,1,-1,1,-1,1,-1,1,1,-1,1,-1,-1,-1,-1,1,-1,1,1,1,-1,1,1,1,-1,1,-1,1,1,1,-1,1,1,1,1,-1,1,-1,-1,1,1,1,1,1,-1,-1,1,1,1,1,1,1,-1,1,1,1,1,1,1,-1,1,1,-1,-1,1,1,-1,1,1,1,1,1,1,-1,1,1,1,-1,1,1,1,-1,1,1,-1,1,1,-1,1,1,-2638.0,1,2000,445,500,True
2945,1,1,-1,-1,1,1,-1,1,1,1,1,-1,-1,-1,1,1,-1,1,-1,-1,-1,1,1,1,1,1,-1,-1,1,1,1,1,-1,-1,-1,1,-1,1,1,1,-1,-1,1,1,1,1,1,1,-1,1,1,1,-1,1,-1,1,1,-1,1,1,1,-1,-1,1,1,1,1,1,1,-1,1,-1,1,1,1,1,1,1,-1,1,1,1,1,-1,-1,1,1,1,1,1,1,1,-1,1,1,1,-1,1,-1,-1,1,1,1,1,-1,-1,-1,1,1,1,1,1,-1,-1,1,1,1,1,1,-1,-1,1,1,1,1,1,-1,-1,1,1,1,1,-1,-1,-1,-1,1,1,1,-1,-1,-1,-1,1,1,1,1,-1,-1,-1,1,1,1,1,1,-1,-1,-1,1,1,-1,-1,-1,-1,1,-1,1,-1,1,-1,-1,-1,1,1,-1,-1,-1,1,-1,1,-1,1,1,-1,-1,-1,1,-1,-1,-1,-1,-1,-1,1,-1,-1,1,-1,-1,-1,1,-1,-1,1,-1,-1,1,1,1,-1,1,-1,1,1,-1,-1,-1,1,-1,1,-1,1,1,-1,1,1,-1,-1,1,1,-1,1,1,-1,1,-1,1,-1,1,-1,-1,-1,1,-1,-1,1,1,-1,-1,-1,1,-1,1,-1,-1,-1,1,-1,-1,1,-1,1,-1,1,1,-1,1,1,-1,-1,1,-1,1,1,1,-1,-1,1,-1,1,1,1,1,-1,1,1,-1,1,1,1,-1,-1,1,-1,1,1,-1,-1,-1,1,1,1,1,-1,-1,1,1,-1,1,1,1,-1,-1,1,1,1,1,1,-1,1,1,1,1,-1,1,-1,-1,-1,1,1,1,1,-1,-1,1,1,1,1,-1,-1,-1,1,-1,1,1,-1,-1,-1,-1,1,1,1,1,-1,-1,1,-1,1,1,-1,-1,-1,-1,1,1,1,1,-1,-1,-1,1,-1,1,1,-1,-1,-1,1,-1,1,1,1,-1,1,1,-1,1,-1,-1,-1,-1,1,1,-1,1,1,-1,-1,-1,1,-1,1,-1,1,-1,1,-1,-1,1,-1,-1,-1,1,1,-1,1,-1,1,-1,1,-1,1,-1,1,-1,1,1,-1,1,-1,1,-1,-1,1,-1,-1,-1,1,-1,1,1,1,-1,-1,1,-1,1,-1,-1,-1,1,-1,1,1,-1,1,-1,1,-1,-1,1,-1,-1,-1,1,1,1,1,-1,1,-1,-1,1,1,1,1,-1,-1,-1,1,1,1,1,1,-1,1,-1,1,1,1,-1,1,-1,1,1,-1,1,1,-1,1,1,1,1,1,-1,-1,1,1,1,1,-1,1,-1,1,1,-1,1,-1,1,-1,1,1,-1,1,-1,-1,-1,1,1,-1,1,-1,1,1,-1,1,1,1,-1,-1,1,-1,1,-1,1,1,1,-1,1,1,1,-1,-1,1,-1,-1,1,-1,1,-1,1,1,-1,1,1,-1,1,1,-1,-1,1,1,-1,1,1,1,1,1,1,-1,1,1,1,-1,1,1,1,-1,1,1,-1,1,-1,1,1,-1,1,-1,-1,1,-1,-1,1,-1,-1,-1,1,1,-1,1,1,-1,-1,1,1,-1,-1,1,-1,-1,-1,-1,-1,-1,1,-1,-1,-1,-1,-1,-1,1,-1,-1,1,1,1,1,1,-1,-1,1,1,-1,-1,1,-1,-1,-1,1,-1,-1,1,1,-1,1,1,1,-1,1,1,-1,-1,1,-1,-1,1,1,-1,-1,1,-1,1,1,-1,-1,1,1,-1,1,1,-1,1,1,-1,1,1,1,1,-1,1,1,-1,-1,1,1,-1,1,1,1,-1,1,1,-1,-1,1,1,1,1,1,-1,1,1,-1,-1,1,1,-1,-1,1,1,-1,1,1,-1,-1,1,-1,-1,1,1,-1,-1,-1,1,-1,1,1,-1,-1,1,1,-1,1,1,1,-1,-1,1,-1,1,-1,1,-1,-1,1,-1,1,-1,1,-1,1,1,-1,1,1,-1,-1,1,1,-1,1,-1,1,1,-1,1,-1,1,1,-1,-1,1,1,-1,1,1,1,-1,1,1,-1,-1,1,-1,1,-1,1,-1,-1,1,1,-1,1,-1,-1,1,-1,-1,1,-1,1,-1,-1,-1,1,-1,1,-1,-1,-1,1,1,-1,1,-1,-1,-1,1,1,1,1,-1,-1,-1,1,1,1,1,-1,-1,-1,1,1,1,-1,-1,-1,1,1,1,1,-1,1,-1,1,1,1,-1,-1,-1,1,1,1,1,1,-1,-1,-1,-1,-1,1,1,-1,-1,-1,1,1,1,1,-1,-1,-1,-1,1,1,1,1,-1,1,-1,1,1,-1,-1,-1,-1,-1,1,1,1,1,-1,1,-1,1,1,1,-1,-1,-1,-1,1,-1,1,-1,1,-1,-1,1,1,1,-1,-1,1,-1,1,1,1,-1,1,-1,1,-1,1,-1,-1,1,-1,-1,-1,1,1,1,1,-1,1,-1,1,1,-1,-1,-1,-1,-1,1,1,-1,1,-1,-1,-1,1,1,-1,-1,1,-1,-1,-1,1,-1,1,-1,-1,1,1,1,-1,-1,1,-1,-1,-1,1,1,1,1,-1,1,-1,1,1,-1,1,-1,1,-1,1,1,1,1,-1,-1,-1,1,-1,1,-1,-1,-1,-1,1,-1,1,-1,-1,-1,1,1,1,1,-1,-1,1,1,1,-1,1,-1,1,-1,1,-1,-1,1,1,-1,1,1,1,-1,1,1,-1,1,-1,1,-1,1,1,-1,1,1,-1,-1,-1,1,-1,1,-1,1,-1,-1,1,-1,1,-1,1,-1,-1,1,-1,-1,1,-1,-1,-1,1,-1,1,1,-1,1,-1,1,1,1,-1,1,-1,1,-1,1,1,-1,1,-1,-1,-1,-1,1,-1,1,-1,1,-1,1,1,1,-1,1,-1,1,1,1,-1,1,-1,1,1,-1,1,-1,-1,1,1,1,1,1,-1,-1,1,1,1,1,1,1,-1,-1,1,1,1,1,1,-1,1,1,-1,-1,1,-1,-1,1,1,1,1,1,1,-1,-1,1,1,-1,1,-1,1,-1,1,1,-1,1,1,-1,-1,1,-2638.0,1,2000,445,500,True
2946,1,1,-1,-1,1,1,-1,1,1,1,1,-1,1,1,1,1,-1,1,-1,-1,-1,1,1,1,1,1,-1,-1,1,1,1,1,-1,-1,-1,1,-1,1,1,1,-1,-1,1,1,1,1,1,1,-1,1,1,1,-1,1,-1,-1,-1,-1,1,1,1,-1,-1,-1,1,1,1,1,1,-1,1,-1,1,1,1,1,-1,1,-1,1,1,-1,1,-1,-1,1,1,1,1,1,1,1,-1,1,1,1,-1,-1,-1,-1,1,1,1,1,-1,-1,-1,1,1,1,1,-1,-1,-1,1,1,1,1,1,-1,-1,1,1,1,1,-1,-1,-1,1,1,1,1,-1,-1,-1,-1,1,1,1,-1,-1,-1,-1,1,1,1,1,-1,-1,-1,1,1,1,-1,1,-1,-1,-1,1,1,-1,1,-1,-1,1,-1,1,-1,1,-1,-1,-1,1,1,-1,-1,-1,1,1,1,-1,1,1,-1,-1,-1,1,-1,-1,-1,-1,-1,-1,1,-1,-1,1,-1,-1,-1,1,-1,-1,1,-1,-1,1,1,1,-1,1,-1,1,1,-1,-1,-1,1,-1,1,-1,1,1,-1,1,1,-1,-1,1,1,-1,1,1,-1,1,1,1,-1,1,-1,-1,-1,1,-1,-1,1,1,-1,-1,1,1,-1,1,-1,-1,-1,1,-1,-1,1,-1,1,-1,-1,1,-1,1,1,-1,-1,-1,1,-1,1,1,-1,1,-1,1,-1,1,1,1,-1,-1,1,-1,1,1,1,-1,-1,1,-1,1,1,-1,-1,-1,1,1,1,1,-1,-1,-1,1,-1,1,1,1,-1,-1,1,1,1,1,1,-1,1,-1,1,1,-1,1,1,-1,-1,1,1,1,1,-1,-1,1,1,1,1,-1,-1,-1,1,-1,1,1,-1,-1,-1,-1,1,1,1,1,-1,-1,1,-1,1,1,-1,-1,-1,-1,1,1,1,1,-1,-1,-1,1,-1,1,1,-1,-1,-1,-1,-1,1,1,1,-1,-1,1,-1,1,-1,-1,-1,-1,1,1,-1,1,1,-1,1,-1,1,-1,1,-1,1,-1,1,-1,-1,1,-1,-1,-1,1,1,1,1,-1,1,-1,1,-1,1,-1,1,-1,1,1,-1,1,-1,1,-1,-1,1,-1,-1,-1,1,-1,1,1,1,-1,-1,1,-1,1,1,-1,-1,1,-1,1,1,-1,1,-1,1,-1,-1,1,1,-1,-1,1,1,1,1,-1,1,-1,-1,1,1,1,1,-1,-1,-1,1,1,1,1,1,-1,1,-1,-1,1,1,-1,1,-1,1,1,-1,1,1,-1,1,1,1,1,1,-1,-1,1,1,1,1,-1,1,-1,1,1,-1,1,-1,1,-1,1,1,-1,1,-1,-1,-1,1,1,-1,1,-1,1,-1,-1,1,1,1,-1,-1,1,-1,1,-1,1,1,1,-1,1,1,1,-1,1,1,-1,-1,1,-1,1,1,1,1,-1,1,1,-1,1,1,-1,-1,1,1,-1,1,1,1,1,1,1,-1,1,1,1,-1,1,1,1,-1,1,1,-1,1,-1,1,-1,1,-1,-1,-1,1,-1,-1,1,-1,-1,-1,1,1,-1,1,1,-1,-1,1,1,-1,-1,1,-1,-1,-1,-1,-1,-1,1,-1,-1,-1,-1,-1,-1,1,-1,-1,1,1,1,1,1,-1,-1,1,1,-1,-1,1,-1,-1,-1,1,-1,-1,1,1,-1,1,1,1,-1,1,1,-1,-1,1,-1,-1,1,1,-1,-1,1,-1,1,1,-1,-1,1,1,-1,1,1,-1,1,1,-1,1,1,1,1,-1,1,1,-1,-1,1,1,-1,1,1,1,-1,1,1,-1,-1,1,1,1,1,1,-1,1,1,-1,-1,1,1,-1,-1,1,1,-1,1,1,-1,-1,1,-1,-1,1,1,-1,-1,-1,1,-1,1,1,-1,-1,1,1,-1,1,1,1,-1,-1,1,-1,1,-1,1,-1,-1,1,-1,1,-1,1,-1,1,1,-1,1,1,-1,-1,1,1,-1,1,-1,1,1,-1,1,-1,1,1,1,-1,1,-1,-1,1,1,1,-1,1,1,-1,-1,1,-1,1,-1,1,-1,-1,1,1,-1,1,-1,-1,1,-1,-1,1,-1,1,-1,-1,-1,1,-1,1,-1,-1,-1,1,1,-1,1,-1,-1,-1,1,1,1,1,-1,-1,-1,1,1,1,1,-1,-1,-1,1,1,1,-1,-1,-1,1,1,1,1,-1,1,-1,1,1,1,-1,-1,-1,1,1,1,1,1,-1,-1,-1,-1,-1,1,1,-1,-1,-1,1,1,1,1,-1,-1,-1,1,1,1,1,1,-1,1,-1,-1,1,-1,-1,-1,-1,-1,1,1,1,1,-1,1,-1,1,1,1,-1,-1,-1,-1,-1,1,1,-1,1,-1,-1,1,1,1,-1,-1,1,-1,1,1,1,-1,1,-1,1,-1,1,-1,-1,1,-1,-1,1,1,1,1,1,-1,1,1,1,1,-1,-1,-1,-1,-1,1,1,-1,1,-1,-1,-1,1,1,-1,-1,1,-1,-1,1,1,-1,1,-1,-1,1,1,1,-1,-1,1,-1,-1,1,1,1,1,1,-1,-1,1,1,1,-1,1,-1,1,-1,1,1,1,1,-1,-1,1,1,-1,1,-1,-1,-1,1,1,-1,1,-1,-1,-1,1,-1,1,1,-1,-1,-1,1,1,-1,1,-1,1,-1,1,-1,-1,1,1,-1,1,-1,1,-1,1,1,-1,1,-1,1,-1,1,1,-1,1,-1,-1,-1,-1,1,-1,1,-1,1,-1,-1,1,1,1,-1,1,-1,-1,1,-1,-1,1,-1,-1,-1,1,-1,1,1,-1,1,-1,1,1,1,-1,1,-1,1,1,1,-1,1,1,-1,-1,1,-1,1,-1,1,-1,1,1,-1,1,1,-1,1,-1,1,1,1,-1,-1,-1,1,1,1,1,-1,-1,1,1,1,1,1,-1,-1,1,1,1,1,1,1,-1,-1,-1,1,1,1,1,-1,1,1,1,1,1,1,-1,1,1,1,1,1,1,-1,-1,1,1,1,1,1,1,-1,1,1,-1,1,1,-1,-1,1,-2638.0,1,2000,445,500,True
2947,1,1,1,1,1,1,-1,-1,1,-1,-1,1,-1,1,1,1,1,-1,1,1,-1,-1,1,-1,-1,1,-1,-1,1,1,-1,-1,1,1,-1,-1,1,1,1,-1,1,-1,-1,1,1,-1,-1,-1,1,1,1,-1,1,-1,1,-1,1,-1,1,-1,-1,1,1,-1,1,1,-1,-1,-1,-1,-1,1,-1,-1,-1,-1,-1,-1,1,-1,-1,1,1,-1,1,-1,-1,1,-1,1,-1,1,-1,1,-1,-1,-1,1,1,1,-1,-1,-1,-1,1,1,-1,-1,-1,-1,-1,1,1,-1,1,-1,-1,-1,1,1,-1,-1,-1,-1,-1,1,1,-1,1,-1,-1,-1,-1,1,-1,1,-1,-1,-1,-1,1,-1,1,-1,-1,-1,1,1,1,-1,-1,-1,-1,-1,-1,1,-1,1,-1,-1,-1,1,1,1,-1,-1,1,-1,-1,1,-1,-1,-1,-1,-1,1,-1,1,-1,-1,-1,1,-1,1,-1,-1,-1,-1,-1,1,1,1,-1,-1,1,-1,-1,1,1,-1,-1,1,-1,-1,1,1,-1,-1,-1,-1,-1,1,1,-1,-1,1,-1,-1,1,1,-1,1,-1,-1,-1,-1,1,1,-1,-1,1,-1,1,1,-1,1,-1,-1,-1,1,1,-1,1,1,-1,-1,-1,1,-1,-1,1,-1,-1,1,-1,-1,1,1,-1,-1,1,1,-1,1,-1,-1,1,-1,-1,-1,1,-1,-1,-1,1,1,-1,1,-1,-1,-1,-1,1,-1,1,-1,-1,1,-1,1,-1,1,1,-1,1,-1,-1,-1,-1,1,-1,1,-1,-1,-1,1,1,-1,1,1,-1,-1,-1,1,-1,1,-1,-1,-1,1,1,-1,1,1,-1,-1,-1,1,-1,1,-1,-1,-1,-1,-1,1,1,-1,-1,-1,1,1,-1,1,-1,-1,-1,-1,1,-1,1,-1,1,-1,1,1,-1,1,-1,-1,-1,-1,-1,1,1,-1,-1,-1,-1,-1,1,-1,-1,1,-1,-1,1,1,-1,-1,1,1,1,-1,1,-1,-1,1,-1,-1,-1,1,1,-1,1,1,-1,1,1,1,-1,-1,-1,1,-1,1,-1,1,-1,1,-1,-1,1,1,-1,-1,1,1,-1,1,1,-1,1,1,1,1,1,1,-1,1,1,1,-1,1,-1,-1,1,1,1,1,1,1,-1,1,-1,1,1,1,-1,-1,-1,1,-1,1,-1,-1,-1,-1,1,1,1,1,1,-1,-1,-1,1,1,-1,1,-1,1,-1,1,1,1,1,1,-1,-1,1,1,1,1,-1,-1,1,1,1,1,1,-1,1,-1,1,-1,1,1,-1,1,-1,-1,1,1,-1,-1,-1,-1,1,1,-1,-1,1,-1,1,-1,1,-1,-1,1,-1,1,-1,1,-1,-1,1,-1,1,-1,1,-1,-1,-1,-1,1,1,1,-1,-1,-1,1,-1,-1,1,1,-1,1,-1,-1,-1,1,-1,-1,1,-1,1,-1,1,-1,-1,1,-1,-1,1,-1,1,-1,1,-1,-1,1,-1,1,-1,-1,1,1,1,-1,1,-1,1,-1,1,-1,1,-1,-1,-1,1,-1,-1,-1,1,1,-1,1,-1,1,-1,1,-1,1,1,-1,1,1,1,-1,-1,1,-1,1,-1,1,1,-1,1,-1,-1,1,1,-1,-1,1,-1,-1,-1,1,-1,-1,1,-1,1,1,1,1,-1,1,-1,-1,1,1,-1,-1,1,-1,-1,-1,1,1,-1,-1,1,1,-1,-1,-1,-1,1,1,1,1,-1,1,-1,-1,1,1,-1,1,-1,-1,1,1,1,1,-1,1,-1,1,-1,1,1,-1,1,-1,-1,1,1,1,-1,-1,-1,-1,1,1,1,1,-1,1,-1,1,1,1,-1,-1,1,-1,1,1,1,1,-1,1,-1,1,1,1,1,-1,1,-1,1,1,1,-1,-1,1,-1,1,1,-1,-1,-1,1,-1,1,1,1,-1,-1,1,-1,1,1,-1,1,-1,-1,-1,1,1,1,1,1,-1,-1,1,1,-1,-1,1,-1,-1,1,1,-1,1,-1,1,-1,1,-1,1,1,1,-1,-1,1,1,-1,1,1,-1,-1,1,1,-1,1,1,1,-1,1,-1,1,1,-1,1,-1,1,1,-1,1,1,-1,1,1,-1,1,1,1,1,-1,1,-1,1,1,1,1,-1,1,1,-1,1,1,1,-1,1,1,-1,1,1,1,1,1,1,-1,1,1,1,1,1,-1,1,-1,1,1,1,1,-1,1,1,1,1,1,1,-1,1,1,-1,1,1,1,1,-1,1,1,1,1,1,-1,1,1,1,-1,1,1,1,1,1,1,1,1,1,1,-1,-1,-1,1,1,1,-1,1,-1,1,1,1,1,1,1,-1,-1,1,1,1,1,-1,-1,1,1,1,-1,1,-1,1,1,1,1,1,1,-1,-1,-1,1,1,1,1,-1,1,1,1,1,1,-1,-1,1,1,1,-1,1,-1,-1,1,1,1,-1,1,-1,-1,1,1,1,-1,1,-1,1,1,1,1,1,-1,1,-1,-1,-1,1,1,-1,1,-1,1,-1,1,-1,-1,-1,1,-1,-1,1,1,-1,1,-1,1,-1,1,1,-1,1,-1,1,-1,1,1,-1,1,-1,1,-1,1,1,-1,1,-1,-1,1,1,1,-1,1,-1,1,1,1,-1,1,-1,1,1,1,1,1,-1,1,-1,1,1,-1,1,-1,-1,-1,-1,-1,1,-1,1,1,-1,1,-1,1,1,-1,1,-1,1,-1,1,1,1,-1,-1,-1,1,1,-1,1,1,-1,-1,-1,1,-1,1,-1,1,-1,-1,1,1,1,-1,-1,-1,1,1,1,1,-1,1,-1,1,1,1,1,1,-1,1,1,1,1,1,-1,-1,-1,-1,1,1,-1,1,-1,1,1,-1,1,1,-1,1,-1,-1,1,1,1,-1,-1,1,1,-1,1,1,-1,1,1,1,1,1,1,-1,1,1,1,1,1,1,-1,-1,1,1,1,1,1,-1,1,1,1,1,1,1,-1,1,1,1,-1,1,1,-1,-1,1,1,-1,1,1,-1,-1,1,1,-1,1,1,1,-1,1,-2638.0,1,2000,445,500,True
2948,1,1,-1,-1,1,1,-1,1,1,1,1,-1,-1,1,1,1,-1,1,-1,-1,-1,1,1,1,1,1,-1,-1,1,1,1,1,-1,-1,-1,1,-1,1,1,1,-1,-1,1,1,1,1,1,1,-1,1,1,1,-1,1,-1,-1,1,-1,1,1,1,-1,-1,1,1,1,1,1,1,-1,1,-1,1,1,1,1,-1,1,1,1,1,-1,1,-1,-1,1,1,1,1,-1,-1,1,-1,1,1,1,1,1,-1,1,1,1,1,1,1,-1,-1,1,1,1,1,-1,-1,-1,1,1,1,1,1,-1,-1,1,1,1,1,-1,-1,-1,1,1,1,1,1,-1,-1,1,1,1,1,1,-1,-1,1,1,1,1,1,-1,-1,-1,1,1,1,1,1,-1,-1,1,1,1,1,1,-1,-1,1,-1,1,1,1,-1,1,-1,1,1,1,-1,-1,1,1,1,1,-1,1,-1,1,-1,1,1,1,-1,-1,1,-1,1,1,1,1,-1,1,-1,1,-1,1,1,-1,1,1,1,1,1,1,-1,1,-1,1,-1,1,1,1,1,-1,1,1,1,1,1,-1,1,-1,1,1,1,-1,1,-1,1,1,1,1,1,1,-1,1,-1,1,1,1,1,-1,-1,1,1,1,1,-1,1,1,-1,1,1,1,1,-1,1,1,-1,1,-1,-1,-1,1,1,-1,1,1,-1,-1,1,1,-1,1,-1,1,-1,1,1,1,1,1,1,-1,1,1,1,1,1,-1,-1,-1,1,-1,1,-1,-1,-1,1,1,-1,1,1,1,-1,-1,1,1,1,-1,-1,-1,1,1,-1,-1,1,-1,-1,-1,1,-1,1,-1,-1,-1,-1,1,1,1,-1,-1,-1,1,-1,1,1,-1,-1,-1,-1,-1,1,1,-1,1,-1,1,1,-1,1,-1,-1,-1,-1,-1,1,1,-1,-1,-1,-1,-1,1,-1,-1,-1,-1,-1,1,1,-1,-1,-1,1,-1,1,1,-1,-1,1,1,-1,-1,1,1,-1,-1,1,-1,-1,-1,1,-1,-1,-1,1,-1,1,-1,-1,-1,-1,-1,-1,1,1,-1,-1,1,1,-1,1,-1,-1,1,1,-1,-1,1,-1,-1,1,1,-1,1,1,-1,-1,-1,-1,-1,-1,-1,1,-1,-1,1,-1,-1,1,-1,-1,1,1,1,-1,1,1,-1,-1,1,-1,-1,1,-1,-1,1,1,-1,-1,1,1,-1,-1,1,-1,-1,-1,-1,-1,-1,1,-1,-1,1,1,-1,-1,1,-1,-1,-1,-1,1,-1,1,-1,1,-1,1,-1,-1,1,1,-1,-1,-1,-1,1,1,1,-1,-1,1,-1,1,-1,1,-1,1,1,-1,1,-1,1,-1,-1,-1,-1,1,-1,1,-1,-1,1,-1,1,1,-1,1,-1,-1,1,-1,1,1,1,-1,1,-1,1,1,1,1,-1,1,-1,1,-1,1,1,-1,1,1,1,-1,1,1,1,1,-1,1,-1,-1,1,-1,1,1,-1,-1,-1,1,-1,1,1,1,-1,1,1,-1,1,1,-1,1,-1,1,-1,-1,1,-1,-1,1,-1,-1,1,-1,-1,-1,1,1,-1,1,1,-1,-1,1,1,-1,-1,1,-1,-1,-1,-1,-1,-1,1,-1,-1,-1,-1,-1,-1,1,-1,-1,1,1,1,1,1,-1,-1,1,1,-1,-1,1,-1,-1,-1,1,-1,-1,1,1,-1,1,1,1,-1,1,-1,1,1,1,-1,-1,-1,1,-1,1,1,-1,1,1,-1,1,1,1,-1,1,1,-1,-1,1,-1,1,1,1,-1,1,1,1,-1,-1,1,-1,1,1,1,1,-1,1,1,1,1,1,1,1,1,-1,1,1,1,-1,-1,1,1,1,1,1,1,-1,1,-1,1,1,1,1,-1,1,1,-1,1,-1,1,-1,1,1,1,1,1,1,-1,1,-1,1,1,1,-1,-1,-1,-1,1,1,1,-1,-1,1,-1,1,1,1,1,-1,-1,-1,1,1,1,-1,-1,1,-1,1,1,-1,-1,-1,-1,1,1,1,1,-1,-1,-1,-1,1,1,1,-1,-1,-1,-1,1,-1,1,-1,-1,-1,-1,1,1,1,1,-1,-1,1,1,-1,-1,-1,-1,-1,-1,1,-1,-1,-1,-1,-1,-1,1,1,-1,1,-1,-1,-1,1,1,1,-1,-1,-1,-1,1,1,1,-1,-1,-1,1,1,1,-1,1,-1,1,1,1,-1,1,-1,-1,1,1,1,-1,-1,1,1,-1,1,1,-1,1,1,-1,-1,1,1,-1,-1,1,-1,-1,1,1,1,1,1,-1,1,1,1,1,1,1,1,-1,1,1,-1,-1,1,-1,-1,1,1,1,-1,-1,1,-1,1,1,1,-1,1,-1,-1,-1,-1,1,1,-1,-1,-1,1,1,1,1,1,1,-1,1,1,1,1,-1,-1,1,1,1,-1,1,-1,-1,-1,-1,1,1,1,-1,-1,1,-1,1,-1,1,-1,-1,-1,-1,1,1,-1,-1,-1,-1,-1,1,1,1,1,1,-1,-1,-1,1,1,-1,-1,-1,-1,-1,1,-1,1,1,-1,-1,-1,1,1,-1,1,-1,-1,-1,1,1,1,1,-1,1,-1,1,1,-1,1,-1,-1,-1,1,1,-1,-1,-1,-1,-1,1,1,-1,-1,-1,-1,1,1,-1,-1,-1,-1,-1,-1,1,1,-1,-1,1,-1,1,1,1,-1,1,-1,1,-1,1,1,-1,1,-1,1,-1,1,1,1,1,-1,-1,1,-1,1,-1,1,-1,1,-1,1,1,1,1,-1,1,-1,1,-1,1,1,-1,1,-1,-1,1,1,1,-1,-1,-1,-1,-1,1,1,1,-1,1,1,1,1,1,-1,-1,1,1,1,1,1,-1,-1,1,-1,1,-1,1,-1,-1,-1,-1,1,1,-1,-1,-1,1,-1,1,1,1,-1,1,1,-1,-1,1,1,-1,-1,1,-1,1,1,1,-1,-1,1,-1,1,1,1,-1,-1,1,-1,1,1,1,-1,-1,1,-1,-1,1,1,1,-1,1,-1,1,1,1,-1,-1,-1,-1,1,1,1,1,-1,1,-1,-1,1,-2638.0,1,2000,445,500,True
2949,-1,-1,1,1,1,1,-1,1,-1,-1,-1,1,-1,-1,-1,-1,1,-1,1,-1,-1,1,-1,-1,-1,1,-1,-1,-1,-1,-1,-1,1,-1,-1,1,1,-1,-1,1,-1,-1,1,-1,-1,-1,1,1,-1,-1,-1,-1,1,1,-1,1,-1,1,-1,-1,1,1,-1,1,-1,-1,-1,1,1,-1,1,-1,-1,-1,1,1,1,1,-1,-1,-1,1,1,-1,-1,-1,-1,1,1,1,1,-1,-1,-1,1,1,-1,1,-1,1,-1,1,1,1,-1,-1,-1,-1,1,1,1,1,-1,-1,-1,1,1,1,1,-1,-1,-1,-1,1,1,1,-1,-1,-1,1,1,1,-1,-1,-1,1,1,1,1,-1,-1,-1,1,-1,1,1,1,-1,-1,-1,-1,1,1,1,1,-1,-1,1,1,1,-1,-1,-1,-1,1,-1,1,-1,1,-1,1,-1,1,1,-1,-1,-1,-1,1,1,-1,1,1,-1,1,-1,1,-1,-1,-1,-1,1,-1,1,-1,-1,1,-1,1,-1,1,-1,-1,1,-1,1,1,1,1,-1,1,-1,1,-1,1,-1,-1,1,1,1,-1,1,1,-1,1,1,-1,1,-1,1,-1,1,-1,1,-1,1,1,-1,1,1,1,-1,1,-1,-1,1,1,1,-1,-1,1,-1,1,1,-1,-1,1,-1,-1,1,1,1,-1,1,1,-1,1,-1,-1,-1,1,1,-1,1,1,-1,-1,1,1,-1,1,-1,1,-1,-1,1,-1,1,1,1,-1,1,1,-1,1,1,-1,-1,-1,1,1,1,-1,-1,-1,1,1,-1,1,1,1,-1,1,1,1,1,-1,-1,-1,1,1,1,-1,1,-1,-1,-1,1,1,1,-1,-1,-1,-1,1,1,1,-1,-1,-1,1,1,-1,1,-1,1,-1,1,-1,1,1,-1,1,-1,1,1,-1,1,-1,-1,-1,1,-1,1,1,-1,-1,-1,1,-1,1,-1,-1,-1,-1,-1,1,1,-1,-1,1,-1,1,-1,1,-1,-1,1,1,1,-1,1,1,-1,1,-1,1,1,-1,1,-1,-1,-1,-1,1,1,-1,-1,1,1,1,-1,1,1,-1,1,-1,1,-1,1,-1,1,-1,-1,1,1,1,-1,1,1,-1,1,-1,1,-1,-1,-1,1,1,1,1,1,-1,1,-1,1,1,1,-1,-1,1,-1,-1,1,-1,1,-1,1,-1,1,1,-1,-1,-1,1,1,-1,1,-1,1,-1,1,1,1,1,1,-1,-1,-1,1,1,1,1,1,-1,-1,1,-1,1,1,-1,1,-1,1,1,-1,1,1,-1,1,1,1,1,1,-1,-1,1,1,-1,1,-1,1,-1,1,1,-1,1,-1,1,-1,1,1,-1,1,-1,-1,-1,1,1,-1,1,-1,1,-1,-1,1,1,1,-1,-1,1,-1,1,-1,1,1,1,-1,1,1,1,-1,1,1,-1,-1,1,-1,1,1,1,1,-1,1,1,-1,1,1,-1,-1,1,1,-1,1,1,1,1,1,1,-1,1,1,1,-1,1,1,1,-1,1,1,-1,1,-1,1,-1,-1,1,-1,-1,1,-1,-1,1,-1,-1,-1,1,1,-1,1,1,-1,-1,1,1,-1,-1,1,-1,-1,-1,-1,-1,1,1,-1,-1,-1,-1,-1,1,1,-1,-1,1,1,1,-1,1,-1,-1,1,1,-1,1,1,-1,-1,-1,1,-1,-1,1,1,-1,1,1,1,1,1,-1,1,1,1,-1,1,1,1,-1,1,1,-1,1,1,-1,1,1,1,-1,1,1,-1,-1,1,-1,1,1,1,-1,1,1,1,-1,1,1,-1,1,1,1,1,1,1,1,1,1,1,1,1,1,-1,1,-1,1,-1,1,1,1,1,1,1,1,1,1,-1,1,-1,1,1,1,1,1,-1,1,-1,1,1,1,1,1,1,1,1,1,1,-1,1,1,-1,1,1,-1,-1,1,1,-1,1,1,1,-1,1,-1,1,1,1,-1,-1,1,-1,1,1,1,1,-1,1,1,-1,1,1,-1,1,1,-1,1,1,1,1,-1,1,-1,1,1,1,1,-1,1,-1,-1,1,1,1,-1,1,1,-1,-1,1,1,-1,-1,1,-1,1,1,1,-1,1,-1,1,-1,1,1,-1,1,1,-1,1,1,1,-1,1,1,-1,-1,1,1,-1,1,1,1,-1,1,-1,1,1,1,-1,-1,1,-1,1,1,1,-1,1,1,1,1,1,1,-1,-1,1,-1,1,1,1,-1,-1,1,-1,1,-1,1,-1,-1,1,-1,1,1,1,-1,-1,1,1,1,1,-1,1,-1,1,-1,1,1,1,-1,-1,1,-1,1,1,1,1,-1,-1,-1,1,-1,1,-1,-1,-1,-1,-1,1,-1,1,-1,1,-1,1,-1,1,-1,-1,1,-1,1,1,-1,1,-1,-1,1,1,1,1,-1,1,-1,-1,-1,1,-1,1,1,-1,1,-1,-1,-1,1,-1,-1,-1,1,-1,-1,1,1,-1,-1,-1,-1,-1,-1,-1,-1,-1,-1,-1,-1,-1,1,-1,-1,-1,-1,-1,1,-1,-1,-1,-1,-1,-1,-1,1,-1,-1,-1,-1,-1,1,-1,-1,-1,1,-1,-1,1,1,1,-1,-1,-1,-1,-1,1,-1,-1,-1,-1,1,-1,1,-1,-1,-1,1,-1,1,1,-1,-1,-1,-1,1,-1,1,-1,1,-1,1,-1,-1,1,1,-1,1,-1,1,-1,1,1,-1,1,-1,1,-1,1,1,-1,1,-1,-1,-1,-1,1,-1,1,-1,1,-1,-1,1,-1,1,-1,1,-1,-1,1,-1,-1,1,-1,-1,-1,1,-1,1,1,-1,1,-1,1,1,1,-1,1,-1,1,-1,1,-1,1,1,-1,-1,-1,-1,1,-1,1,-1,1,-1,1,1,1,-1,1,-1,1,1,1,-1,-1,-1,1,1,-1,1,-1,-1,1,1,1,1,1,-1,-1,1,1,1,1,1,1,-1,-1,-1,1,1,1,1,-1,1,1,-1,-1,1,1,-1,1,1,1,1,1,1,-1,-1,1,1,-1,1,1,1,-1,1,1,-1,1,1,-1,-1,1,-2638.0,1,2000,445,500,True
2950,1,1,-1,-1,1,-1,1,1,1,1,1,-1,1,1,1,1,-1,1,-1,-1,1,1,1,1,1,-1,1,1,1,1,1,1,1,-1,1,1,-1,1,1,1,-1,1,1,1,1,1,-1,-1,1,-1,1,1,1,1,-1,1,1,-1,1,1,1,-1,-1,-1,1,1,1,-1,-1,1,1,-1,1,1,-1,1,1,1,-1,1,1,-1,-1,1,-1,1,1,-1,-1,1,1,1,-1,1,-1,-1,1,-1,-1,-1,1,-1,-1,1,-1,-1,-1,1,-1,1,1,1,-1,-1,1,1,-1,1,1,-1,-1,1,1,-1,1,1,-1,-1,1,1,1,1,-1,-1,-1,-1,-1,1,1,-1,-1,-1,-1,1,-1,1,1,-1,-1,-1,1,-1,1,1,1,-1,-1,-1,-1,1,-1,-1,-1,-1,1,-1,1,-1,1,-1,-1,-1,1,1,-1,-1,-1,1,-1,1,-1,1,1,-1,-1,-1,1,-1,-1,-1,-1,-1,-1,1,-1,-1,1,-1,-1,-1,1,-1,-1,1,-1,-1,1,1,1,-1,1,-1,1,1,-1,-1,-1,1,-1,1,-1,1,1,-1,1,1,-1,-1,1,1,-1,1,1,-1,1,1,1,-1,1,-1,-1,-1,1,-1,-1,1,1,-1,1,-1,1,-1,1,-1,-1,-1,1,-1,-1,1,-1,1,-1,-1,1,-1,1,1,1,-1,-1,1,-1,1,1,1,1,-1,1,-1,1,1,1,-1,-1,1,-1,1,1,1,-1,-1,1,-1,1,-1,1,1,1,1,1,1,1,1,1,-1,1,-1,1,1,-1,1,-1,1,1,1,1,1,1,-1,-1,1,1,-1,1,1,1,-1,1,1,1,1,1,1,1,1,1,1,1,1,-1,1,-1,1,1,1,1,-1,-1,1,1,1,-1,1,1,1,-1,1,1,1,1,1,-1,1,1,1,1,1,1,-1,1,1,1,1,1,1,-1,-1,1,1,-1,1,1,-1,1,1,1,-1,-1,1,-1,1,-1,1,-1,1,1,1,-1,-1,1,1,-1,1,-1,1,1,-1,-1,-1,-1,-1,1,1,1,-1,1,1,-1,1,1,-1,-1,1,1,1,1,1,-1,-1,1,1,-1,1,1,-1,-1,-1,1,1,1,-1,-1,-1,1,1,1,1,1,1,-1,-1,-1,1,-1,1,-1,1,-1,1,1,-1,1,-1,1,1,-1,1,-1,-1,1,-1,1,-1,1,1,-1,-1,-1,1,-1,-1,1,-1,1,-1,1,-1,1,1,1,1,-1,1,-1,-1,1,-1,1,-1,1,-1,1,1,1,-1,1,1,-1,1,-1,1,-1,1,-1,-1,1,-1,1,-1,1,-1,-1,1,-1,1,-1,1,-1,-1,1,1,-1,1,1,-1,-1,1,-1,1,1,-1,1,-1,1,1,-1,-1,1,1,-1,-1,-1,1,-1,1,-1,-1,1,-1,-1,1,-1,1,-1,-1,1,-1,1,-1,1,-1,-1,1,-1,-1,1,1,1,-1,1,-1,1,-1,-1,-1,1,-1,1,1,-1,-1,1,1,1,-1,1,-1,1,-1,1,1,1,-1,-1,-1,-1,-1,1,-1,1,-1,-1,-1,1,1,-1,1,-1,-1,-1,1,1,-1,1,-1,-1,1,1,1,-1,1,-1,-1,-1,-1,1,1,1,-1,1,-1,-1,1,-1,1,-1,1,1,1,-1,-1,1,1,-1,-1,-1,-1,-1,1,1,-1,-1,1,-1,-1,1,1,-1,-1,1,-1,1,1,-1,-1,-1,-1,-1,1,1,-1,1,-1,-1,1,1,1,1,-1,1,-1,-1,-1,1,1,-1,1,-1,1,-1,1,1,-1,-1,1,1,1,1,1,-1,1,1,-1,-1,1,1,-1,-1,1,1,-1,1,1,-1,1,1,-1,-1,1,1,1,-1,1,1,-1,1,1,-1,-1,1,1,-1,1,1,1,-1,1,1,-1,1,-1,1,-1,1,-1,-1,1,-1,-1,1,1,1,-1,1,1,-1,1,1,1,-1,1,-1,-1,1,-1,1,-1,1,1,-1,1,1,-1,-1,1,1,-1,1,1,-1,-1,-1,1,-1,1,-1,1,-1,-1,1,-1,-1,-1,-1,-1,1,-1,-1,1,-1,-1,-1,-1,-1,-1,1,-1,-1,-1,-1,1,-1,-1,1,-1,-1,-1,1,-1,-1,1,-1,-1,-1,1,-1,1,1,-1,-1,-1,1,-1,1,-1,-1,-1,1,1,-1,1,-1,1,-1,1,1,-1,-1,-1,-1,1,1,1,-1,1,1,-1,-1,1,-1,1,-1,-1,-1,1,1,1,-1,1,1,1,1,1,1,-1,1,-1,1,-1,1,-1,1,-1,1,1,-1,1,1,1,-1,-1,1,1,1,1,1,-1,1,1,-1,1,1,1,-1,1,1,-1,1,1,1,-1,1,1,1,-1,1,-1,1,1,1,1,1,1,-1,-1,1,1,1,-1,1,-1,-1,1,1,1,-1,1,1,-1,1,1,1,1,-1,1,-1,1,1,1,1,-1,1,-1,1,1,1,-1,-1,1,-1,-1,1,1,-1,1,1,-1,1,-1,1,1,-1,1,-1,-1,1,-1,1,-1,1,-1,1,1,1,1,-1,-1,1,1,1,1,-1,-1,1,1,-1,1,1,-1,-1,-1,1,-1,1,1,-1,-1,1,-1,1,1,-1,-1,-1,1,1,-1,1,-1,1,-1,1,-1,-1,1,1,-1,1,-1,1,-1,1,1,-1,1,-1,1,-1,1,1,-1,1,1,-1,-1,-1,-1,-1,1,-1,1,-1,-1,1,-1,1,-1,1,-1,-1,1,-1,-1,1,-1,-1,-1,-1,-1,1,1,-1,1,-1,-1,1,1,-1,1,-1,1,-1,1,-1,1,1,-1,-1,-1,-1,1,-1,1,-1,1,-1,1,1,1,-1,1,-1,1,1,1,-1,1,-1,1,-1,-1,1,-1,-1,1,1,1,1,1,-1,-1,1,1,-1,1,1,1,-1,-1,1,-1,1,1,1,-1,1,1,1,1,1,1,-1,1,1,-1,1,1,1,-1,-1,1,-1,1,1,1,1,-1,1,1,-1,1,1,-1,-1,1,-2638.0,1,2000,445,500,True
2951,-1,-1,1,1,1,1,-1,1,-1,-1,-1,1,-1,1,-1,-1,1,-1,1,1,-1,1,-1,-1,-1,1,-1,-1,1,-1,-1,-1,1,1,-1,1,1,-1,-1,-1,1,-1,1,-1,-1,-1,-1,-1,1,-1,-1,-1,1,-1,1,-1,-1,1,-1,-1,-1,1,1,1,-1,-1,-1,-1,-1,-1,1,-1,-1,-1,-1,-1,-1,1,-1,-1,-1,1,1,-1,-1,-1,-1,-1,-1,1,1,-1,-1,-1,-1,-1,-1,-1,-1,1,-1,-1,-1,-1,-1,-1,-1,-1,-1,-1,-1,1,-1,-1,-1,-1,-1,-1,1,-1,-1,-1,-1,-1,-1,1,-1,-1,1,-1,-1,-1,-1,-1,-1,1,-1,-1,-1,-1,-1,-1,1,-1,-1,-1,1,-1,-1,-1,-1,-1,-1,-1,1,-1,1,1,-1,-1,-1,1,-1,-1,-1,-1,1,-1,1,-1,-1,-1,-1,-1,-1,-1,-1,1,-1,-1,-1,1,1,-1,-1,-1,-1,-1,-1,-1,-1,1,-1,1,-1,-1,1,-1,1,-1,-1,1,-1,1,-1,1,-1,-1,-1,-1,1,-1,1,-1,-1,1,-1,1,1,1,-1,1,1,-1,1,1,-1,1,-1,-1,-1,1,-1,1,-1,1,-1,-1,1,1,1,-1,-1,1,-1,1,1,1,-1,-1,-1,-1,1,1,-1,1,-1,1,-1,1,1,1,-1,-1,1,-1,1,-1,-1,-1,-1,1,1,1,1,-1,-1,-1,-1,1,1,-1,1,-1,1,-1,1,1,1,1,-1,-1,-1,-1,1,1,-1,-1,-1,1,1,1,-1,-1,-1,1,-1,1,1,1,1,-1,-1,-1,1,1,-1,-1,-1,1,-1,1,-1,1,-1,-1,-1,-1,1,1,-1,-1,-1,-1,1,1,1,-1,-1,-1,-1,1,-1,1,-1,-1,-1,-1,-1,1,1,-1,1,-1,1,1,1,1,-1,-1,-1,-1,-1,-1,1,-1,-1,-1,-1,-1,-1,-1,-1,-1,-1,-1,-1,-1,-1,-1,-1,1,1,-1,-1,-1,-1,1,1,-1,1,-1,1,-1,-1,1,-1,1,-1,1,-1,-1,-1,1,-1,1,-1,-1,-1,-1,-1,1,-1,1,-1,-1,1,1,1,-1,-1,1,-1,1,1,-1,-1,-1,-1,-1,1,1,-1,-1,-1,-1,-1,1,1,1,1,1,-1,-1,1,1,1,-1,-1,-1,-1,1,-1,1,1,1,-1,-1,1,1,1,-1,-1,-1,1,1,1,1,1,1,-1,-1,1,1,1,-1,-1,-1,-1,1,1,1,-1,1,-1,-1,-1,1,1,1,-1,1,-1,1,1,-1,1,1,-1,-1,1,-1,1,1,-1,-1,1,1,1,1,-1,1,-1,1,1,-1,1,1,1,-1,1,1,-1,1,-1,-1,-1,1,-1,-1,1,1,1,-1,1,-1,1,1,-1,-1,1,-1,1,-1,1,-1,1,-1,1,1,1,-1,1,1,-1,1,-1,-1,1,-1,1,1,1,1,-1,-1,1,1,-1,1,1,-1,1,1,1,1,-1,1,1,-1,1,1,1,1,1,1,1,-1,1,1,-1,1,-1,1,-1,1,-1,-1,-1,1,-1,-1,1,-1,-1,-1,1,1,-1,1,1,-1,-1,1,1,-1,-1,1,-1,-1,-1,-1,-1,1,1,-1,-1,-1,-1,-1,1,1,-1,-1,1,1,1,-1,1,-1,-1,1,1,-1,1,1,-1,-1,-1,1,-1,-1,1,1,-1,1,1,1,1,1,-1,1,1,1,-1,1,1,1,-1,1,1,-1,1,1,-1,1,1,1,-1,1,1,-1,-1,1,-1,1,1,1,-1,1,1,1,-1,1,1,-1,1,1,1,1,1,1,1,1,1,1,1,1,1,-1,1,-1,1,-1,1,1,1,1,1,1,1,1,1,-1,1,1,1,1,1,1,1,-1,1,-1,1,1,1,1,1,1,1,1,1,1,-1,1,1,1,-1,1,-1,-1,1,1,1,-1,1,1,-1,1,1,1,1,1,-1,-1,1,1,1,-1,1,1,-1,1,1,-1,-1,1,-1,1,1,1,1,1,1,1,-1,1,1,1,-1,1,1,-1,1,1,1,-1,1,1,-1,1,1,1,-1,1,-1,1,1,1,-1,-1,1,1,-1,1,-1,1,-1,1,1,-1,1,1,1,-1,1,1,-1,1,1,1,-1,1,1,1,1,1,1,-1,1,1,1,1,1,-1,-1,1,1,1,1,-1,-1,1,1,1,1,1,-1,-1,-1,1,1,1,1,-1,1,1,1,1,1,-1,1,-1,-1,1,1,1,1,1,-1,-1,1,1,1,1,1,-1,1,1,1,1,1,-1,-1,1,1,1,1,1,1,-1,-1,-1,1,1,-1,1,-1,1,1,1,1,-1,1,-1,1,1,1,1,1,1,-1,-1,-1,1,1,1,1,-1,1,1,1,1,1,-1,-1,-1,1,1,-1,1,-1,-1,1,1,1,1,1,-1,-1,1,1,1,1,1,-1,1,1,1,1,1,1,1,-1,-1,-1,1,1,1,1,-1,1,-1,1,1,1,-1,1,-1,1,1,1,1,1,-1,1,-1,1,1,1,1,-1,-1,-1,1,-1,1,1,-1,1,-1,1,1,1,1,-1,-1,1,1,1,1,-1,-1,1,1,1,1,1,-1,1,-1,1,1,1,1,-1,-1,1,1,-1,1,1,-1,-1,1,-1,1,-1,1,1,-1,1,-1,1,-1,1,1,-1,1,-1,1,1,1,1,-1,-1,1,1,1,-1,1,-1,-1,-1,1,1,-1,1,1,-1,-1,1,-1,1,-1,1,-1,1,1,1,1,-1,1,-1,1,1,1,-1,1,-1,1,1,1,1,-1,1,-1,-1,-1,1,1,-1,1,-1,1,-1,-1,1,1,1,-1,-1,1,1,1,-1,1,1,-1,1,-1,1,-1,1,1,1,1,1,1,-1,1,-1,1,1,1,1,-1,1,1,1,1,1,1,-1,1,-1,1,1,1,1,-1,1,-1,1,1,1,1,-1,1,1,1,1,1,1,-1,1,-1,1,1,-1,1,1,-1,1,1,-2638.0,1,2000,445,500,True
2952,1,1,-1,-1,1,1,-1,1,1,1,1,-1,-1,-1,1,1,-1,1,-1,-1,-1,1,1,1,1,1,-1,-1,1,1,1,1,-1,-1,-1,1,-1,1,1,1,-1,-1,1,1,1,1,1,1,-1,-1,1,1,-1,1,-1,1,-1,-1,1,1,1,-1,-1,-1,1,1,1,1,1,-1,1,-1,1,1,1,1,1,-1,1,1,1,-1,1,-1,-1,1,1,1,1,1,1,1,-1,1,1,1,-1,1,-1,-1,1,1,1,1,-1,-1,-1,1,1,1,1,1,-1,-1,1,1,1,1,1,-1,-1,1,1,1,1,1,-1,-1,1,1,1,1,-1,-1,-1,-1,1,1,1,-1,-1,-1,-1,1,1,1,1,-1,-1,-1,1,1,1,1,1,-1,-1,-1,1,1,-1,1,-1,-1,1,-1,1,-1,1,-1,-1,-1,1,1,-1,-1,-1,1,1,1,-1,1,1,-1,-1,-1,1,-1,-1,-1,-1,-1,-1,1,-1,-1,1,-1,-1,-1,1,-1,-1,1,-1,-1,1,1,1,-1,1,-1,1,1,-1,-1,-1,1,1,1,-1,1,1,-1,1,1,-1,-1,-1,1,-1,1,1,-1,1,1,1,-1,1,1,-1,-1,-1,-1,-1,1,1,-1,-1,-1,1,-1,1,-1,-1,-1,1,-1,-1,1,1,1,-1,-1,1,-1,1,-1,-1,-1,-1,1,-1,1,-1,-1,-1,-1,1,-1,1,-1,1,-1,-1,1,-1,1,-1,1,-1,-1,1,-1,1,-1,-1,-1,-1,1,1,1,-1,-1,-1,-1,1,-1,1,1,1,-1,-1,1,1,1,-1,-1,-1,1,-1,1,1,1,-1,-1,-1,-1,1,1,-1,1,-1,-1,1,1,1,-1,1,-1,-1,1,-1,1,-1,1,-1,-1,-1,1,1,-1,1,-1,-1,1,-1,1,-1,-1,-1,-1,-1,1,1,-1,-1,-1,-1,-1,1,-1,-1,-1,-1,-1,-1,1,-1,-1,-1,1,-1,1,1,-1,-1,1,1,-1,-1,1,1,-1,-1,1,-1,-1,-1,1,-1,-1,-1,1,-1,1,-1,1,-1,-1,-1,-1,1,1,-1,-1,1,1,-1,1,1,-1,-1,1,-1,1,1,1,-1,-1,1,-1,-1,1,-1,-1,-1,1,-1,1,-1,1,-1,-1,1,-1,1,-1,-1,-1,-1,1,1,1,-1,-1,-1,-1,1,-1,1,-1,1,-1,1,1,-1,1,-1,1,-1,-1,1,-1,1,-1,1,-1,-1,1,1,1,1,1,-1,-1,-1,-1,1,1,1,1,-1,1,-1,1,-1,1,-1,-1,1,-1,1,-1,1,-1,1,1,-1,1,-1,1,-1,1,-1,1,1,-1,1,-1,1,-1,1,1,-1,-1,-1,1,-1,1,-1,-1,1,-1,1,-1,-1,1,-1,-1,1,-1,1,1,1,-1,1,-1,1,1,-1,-1,-1,1,-1,1,-1,-1,1,-1,-1,1,1,1,-1,-1,1,1,-1,1,1,1,-1,1,1,1,-1,1,1,-1,1,1,1,1,1,-1,-1,-1,1,1,-1,1,-1,-1,1,1,-1,-1,-1,1,-1,-1,1,-1,-1,-1,1,1,-1,1,1,-1,-1,1,-1,-1,-1,1,-1,-1,-1,1,1,-1,1,-1,-1,-1,-1,-1,-1,1,-1,-1,1,1,1,1,1,-1,-1,-1,1,-1,-1,1,-1,-1,-1,-1,-1,-1,1,1,-1,1,-1,1,-1,1,-1,1,1,1,-1,-1,-1,1,-1,1,1,-1,1,1,-1,1,1,1,-1,1,1,-1,-1,1,-1,1,1,1,-1,1,1,1,-1,-1,1,1,1,1,1,1,-1,1,1,1,1,1,1,1,1,-1,1,1,1,-1,-1,1,1,1,1,1,1,-1,1,1,1,1,1,1,-1,1,1,1,1,-1,1,-1,1,1,1,1,1,1,-1,1,1,1,1,1,-1,-1,1,-1,1,1,1,-1,-1,1,-1,1,1,1,1,-1,1,1,1,1,1,-1,-1,1,-1,1,1,-1,-1,-1,1,1,-1,1,1,-1,-1,1,1,-1,1,1,-1,-1,-1,1,-1,1,1,-1,-1,-1,1,1,1,1,-1,-1,1,-1,-1,1,-1,-1,-1,-1,-1,1,-1,1,-1,-1,-1,1,1,1,1,-1,-1,-1,1,1,-1,1,-1,-1,-1,1,1,1,1,-1,-1,-1,1,1,1,-1,-1,-1,1,1,1,-1,-1,1,-1,1,1,1,-1,-1,-1,1,1,1,1,-1,1,-1,-1,-1,-1,1,1,-1,-1,-1,1,1,1,1,1,1,-1,1,1,1,1,-1,1,1,-1,1,1,-1,-1,1,-1,-1,1,1,1,-1,1,1,-1,1,-1,1,-1,1,-1,-1,-1,1,1,-1,1,-1,-1,1,1,1,1,1,1,-1,1,1,1,1,1,-1,1,1,1,-1,1,1,-1,-1,-1,1,1,-1,1,-1,1,1,1,-1,1,1,-1,-1,1,1,1,-1,-1,-1,-1,-1,1,1,1,1,1,-1,-1,1,1,1,1,-1,-1,1,1,1,-1,1,1,-1,-1,1,1,1,1,1,-1,-1,1,1,1,1,1,-1,1,-1,1,1,1,1,-1,-1,1,1,-1,-1,-1,-1,-1,1,1,-1,1,-1,-1,-1,-1,1,-1,1,-1,-1,-1,1,1,-1,1,-1,1,-1,1,-1,-1,1,1,-1,1,-1,1,-1,1,1,-1,1,-1,1,-1,1,1,-1,1,-1,-1,-1,-1,1,-1,1,-1,1,-1,-1,1,-1,1,-1,1,-1,1,1,-1,-1,1,-1,-1,-1,1,-1,1,1,-1,1,1,1,1,1,-1,1,-1,1,-1,1,1,-1,1,-1,-1,-1,-1,1,-1,1,1,1,-1,1,1,1,-1,-1,-1,1,1,1,-1,1,1,1,1,-1,1,-1,-1,1,1,1,1,1,-1,-1,1,1,1,1,1,1,-1,1,1,1,1,1,1,-1,1,1,-1,-1,1,1,-1,1,1,1,1,1,1,-1,1,1,1,-1,1,1,1,-1,1,1,-1,1,1,-1,1,1,-2638.0,1,2000,445,500,True
2953,-1,-1,1,1,1,1,-1,1,-1,-1,-1,1,-1,-1,-1,-1,1,-1,1,-1,-1,1,-1,-1,-1,1,-1,-1,-1,-1,-1,-1,1,-1,-1,1,1,-1,-1,1,-1,-1,1,-1,-1,-1,-1,1,-1,-1,-1,-1,1,1,-1,1,-1,1,-1,-1,1,1,-1,1,-1,-1,-1,-1,1,-1,1,-1,-1,-1,1,1,1,1,-1,-1,-1,-1,1,-1,-1,-1,-1,1,1,1,1,-1,-1,-1,-1,1,-1,1,-1,1,-1,-1,1,1,-1,-1,-1,-1,-1,1,1,1,-1,-1,-1,-1,1,1,1,-1,-1,-1,-1,1,1,1,-1,-1,1,-1,1,1,-1,-1,-1,1,-1,1,1,-1,-1,-1,1,-1,-1,1,1,-1,-1,-1,-1,1,1,1,1,-1,1,1,-1,1,-1,1,-1,-1,-1,-1,1,-1,1,-1,-1,-1,1,1,-1,-1,-1,1,1,1,-1,1,1,-1,-1,-1,1,-1,-1,-1,-1,1,-1,1,-1,-1,1,-1,1,-1,1,-1,-1,1,-1,1,-1,1,1,-1,1,-1,1,1,-1,-1,-1,1,-1,1,-1,1,1,-1,1,1,-1,-1,1,1,-1,1,1,-1,1,1,1,-1,1,-1,1,-1,1,-1,-1,1,1,1,-1,-1,1,-1,1,-1,-1,-1,1,-1,-1,1,-1,1,-1,1,1,-1,1,1,-1,-1,1,1,-1,1,1,-1,-1,1,-1,-1,1,1,1,-1,1,1,-1,1,1,1,-1,1,1,-1,1,1,-1,-1,-1,1,1,1,1,-1,-1,1,1,-1,1,1,1,-1,-1,1,1,1,1,1,-1,1,1,1,1,-1,1,-1,-1,1,1,1,1,1,-1,-1,-1,1,1,1,-1,-1,1,1,-1,1,1,-1,-1,-1,1,1,1,1,1,-1,1,1,-1,1,1,-1,-1,-1,-1,1,1,1,1,-1,-1,-1,1,-1,1,1,-1,-1,1,1,-1,1,1,1,1,1,1,-1,1,-1,1,-1,-1,1,1,-1,1,1,-1,-1,-1,1,-1,1,-1,1,-1,1,-1,-1,1,-1,-1,-1,1,1,-1,1,1,1,-1,1,-1,1,-1,1,1,-1,1,-1,1,-1,1,-1,1,1,-1,-1,-1,-1,1,-1,-1,1,-1,-1,1,-1,-1,1,-1,-1,1,1,-1,1,-1,1,-1,-1,1,-1,-1,1,-1,-1,1,1,-1,1,-1,1,-1,-1,1,-1,-1,-1,-1,-1,-1,1,-1,-1,1,1,-1,-1,-1,-1,1,-1,-1,1,-1,1,-1,-1,1,1,-1,-1,1,-1,-1,-1,-1,-1,1,1,-1,-1,1,1,-1,1,-1,1,-1,1,1,-1,1,-1,-1,-1,-1,-1,-1,1,-1,1,-1,1,1,-1,1,-1,-1,1,-1,-1,1,-1,1,-1,1,-1,1,-1,1,1,-1,-1,-1,1,-1,1,-1,-1,1,-1,1,1,1,1,-1,-1,-1,1,-1,1,1,-1,-1,1,1,1,-1,1,1,-1,1,1,1,1,1,-1,1,-1,1,1,-1,1,-1,1,1,-1,1,-1,-1,1,-1,-1,1,-1,-1,-1,1,1,-1,1,1,-1,-1,1,1,-1,-1,1,-1,-1,-1,-1,-1,1,1,-1,-1,-1,-1,-1,1,1,-1,-1,1,1,1,-1,1,-1,-1,1,1,-1,1,1,-1,1,-1,1,-1,-1,1,1,-1,1,1,1,1,1,1,-1,-1,1,-1,1,1,1,-1,-1,1,-1,1,1,-1,-1,1,1,-1,1,1,-1,1,1,-1,1,1,1,1,-1,1,1,-1,1,1,1,-1,1,1,1,1,1,1,-1,-1,1,1,1,1,1,-1,1,1,-1,1,1,1,-1,-1,1,1,1,-1,1,-1,-1,1,1,1,1,1,-1,-1,-1,1,1,1,1,-1,-1,1,1,1,1,-1,1,-1,1,-1,1,-1,-1,1,-1,1,-1,1,1,-1,1,-1,1,1,1,-1,1,-1,-1,1,-1,1,1,-1,1,1,-1,-1,1,-1,1,-1,-1,1,-1,1,1,-1,1,-1,1,-1,1,1,-1,-1,-1,1,-1,1,1,1,1,-1,1,-1,1,-1,-1,-1,1,-1,-1,1,1,-1,1,-1,1,-1,1,1,-1,1,-1,1,-1,1,1,-1,1,1,1,-1,1,1,1,1,1,1,-1,1,1,1,1,1,-1,-1,1,1,1,1,-1,-1,1,1,1,1,1,-1,-1,-1,-1,1,1,1,-1,1,-1,1,1,-1,1,1,-1,-1,1,-1,1,1,1,1,1,1,1,1,1,1,-1,1,-1,1,-1,1,-1,1,1,1,1,1,1,1,-1,1,-1,1,1,1,1,-1,1,-1,-1,1,-1,1,-1,1,1,-1,1,1,1,1,1,1,-1,1,1,1,1,1,-1,1,-1,1,-1,1,1,1,-1,-1,1,-1,1,1,-1,1,-1,1,-1,1,1,-1,-1,-1,1,-1,1,1,1,1,-1,1,1,1,1,-1,-1,-1,-1,1,1,1,-1,-1,1,-1,-1,1,-1,1,-1,-1,-1,1,1,1,-1,-1,1,-1,-1,1,1,-1,-1,1,-1,1,1,1,1,-1,-1,-1,1,-1,1,-1,-1,-1,-1,1,-1,1,-1,-1,-1,1,1,1,1,-1,-1,-1,-1,1,1,1,-1,1,-1,-1,1,1,-1,1,-1,1,-1,1,1,1,1,-1,1,-1,1,-1,1,1,-1,1,1,-1,1,1,1,-1,1,-1,1,1,-1,1,-1,1,-1,1,1,-1,1,-1,-1,1,-1,-1,1,1,-1,1,1,-1,-1,1,1,1,1,-1,1,1,1,-1,1,1,-1,1,1,1,-1,-1,1,-1,-1,1,1,-1,1,1,1,-1,-1,-1,1,1,1,-1,1,1,1,1,-1,1,-1,-1,-1,1,1,1,1,-1,-1,1,1,1,1,1,1,-1,1,1,1,1,1,1,-1,1,1,-1,-1,1,1,-1,1,-1,1,1,1,1,-1,-1,1,1,-1,1,1,1,-1,1,1,-1,1,1,-1,1,1,-2638.0,1,2000,445,500,True
2954,1,1,-1,-1,1,1,-1,-1,1,1,1,-1,-1,1,1,1,-1,1,-1,-1,-1,-1,1,1,1,1,-1,-1,1,1,1,1,-1,-1,-1,-1,1,1,1,1,-1,-1,-1,1,1,1,1,1,-1,1,1,1,-1,1,-1,-1,1,-1,1,1,1,-1,-1,-1,1,1,1,1,1,-1,-1,1,1,1,1,1,-1,-1,1,1,1,1,1,-1,1,1,1,1,1,1,1,1,1,1,1,1,-1,-1,1,-1,1,1,1,1,-1,1,1,1,1,1,1,-1,1,-1,1,1,1,1,1,1,1,1,1,1,1,-1,1,1,-1,1,1,1,-1,1,1,-1,1,1,1,-1,1,1,-1,1,1,1,1,1,1,1,1,1,1,-1,-1,1,1,-1,1,1,-1,1,1,1,-1,-1,1,-1,-1,1,-1,-1,1,1,-1,1,1,1,1,1,-1,1,-1,1,1,-1,1,-1,-1,1,1,-1,-1,1,-1,-1,-1,1,-1,-1,1,-1,-1,-1,1,-1,1,1,1,-1,-1,1,-1,-1,1,-1,-1,-1,1,-1,-1,1,1,-1,-1,-1,1,-1,-1,1,-1,-1,1,1,-1,1,1,-1,-1,1,1,-1,1,-1,-1,-1,-1,1,-1,-1,1,-1,-1,1,1,-1,1,-1,-1,-1,-1,1,-1,1,1,1,-1,1,-1,-1,1,-1,1,-1,-1,-1,-1,1,-1,1,-1,-1,-1,-1,-1,1,-1,-1,-1,1,-1,1,1,-1,1,-1,-1,-1,-1,1,1,1,-1,-1,-1,1,-1,1,1,-1,1,-1,1,1,1,1,-1,-1,-1,1,-1,1,1,1,-1,-1,-1,-1,1,1,-1,1,-1,-1,1,1,1,-1,-1,-1,1,-1,1,1,-1,1,-1,-1,1,-1,1,-1,1,-1,1,1,1,1,-1,-1,-1,-1,-1,-1,1,-1,-1,-1,-1,-1,-1,-1,-1,-1,-1,-1,-1,-1,-1,-1,-1,1,1,-1,-1,-1,-1,1,1,-1,1,-1,1,-1,-1,1,-1,1,-1,1,-1,-1,-1,1,-1,1,-1,-1,-1,-1,-1,1,-1,1,-1,-1,1,1,1,-1,-1,-1,-1,1,1,-1,-1,-1,-1,-1,1,1,-1,-1,-1,-1,-1,1,1,1,-1,1,-1,-1,1,1,1,-1,-1,-1,-1,1,-1,1,-1,1,-1,-1,1,1,1,-1,-1,-1,1,1,1,1,1,1,-1,-1,1,1,1,-1,-1,-1,-1,1,1,1,1,1,-1,-1,-1,1,1,1,-1,1,-1,1,1,-1,1,1,-1,-1,1,-1,1,1,-1,-1,1,1,1,-1,1,1,-1,1,1,-1,1,1,1,-1,1,1,-1,1,-1,-1,-1,1,1,-1,1,1,1,-1,1,-1,1,1,-1,-1,1,-1,1,-1,1,-1,1,-1,1,1,-1,1,-1,1,-1,1,-1,-1,1,1,1,1,1,1,-1,-1,1,1,-1,1,1,1,-1,1,1,1,-1,1,1,-1,1,1,1,1,-1,-1,1,-1,-1,-1,1,-1,-1,1,-1,1,-1,1,-1,1,-1,-1,-1,1,1,-1,1,1,-1,-1,-1,1,-1,1,1,-1,1,-1,1,-1,-1,-1,-1,-1,-1,1,-1,-1,-1,-1,-1,-1,1,1,1,1,1,1,-1,1,-1,1,1,-1,-1,-1,1,-1,-1,1,-1,1,-1,-1,1,1,1,1,-1,-1,1,1,1,1,-1,1,-1,-1,1,1,1,-1,-1,-1,1,1,1,1,-1,1,-1,1,-1,1,-1,1,1,-1,1,1,1,1,-1,-1,-1,1,1,1,1,1,-1,-1,-1,1,1,1,1,-1,-1,-1,1,1,1,-1,-1,-1,1,1,1,1,1,-1,1,-1,1,1,1,1,-1,-1,-1,1,1,-1,1,-1,-1,-1,1,1,1,1,-1,-1,1,-1,1,1,-1,-1,1,1,1,1,1,-1,-1,-1,1,1,1,1,1,-1,1,-1,1,1,1,-1,-1,-1,1,1,1,-1,-1,-1,1,-1,1,1,1,-1,-1,1,-1,1,1,1,-1,-1,-1,1,-1,1,1,-1,-1,-1,1,1,1,1,-1,-1,1,-1,-1,1,-1,-1,-1,-1,1,1,-1,1,-1,-1,-1,1,1,1,1,-1,-1,-1,1,1,1,1,-1,-1,-1,1,1,1,1,-1,-1,-1,1,1,1,-1,-1,-1,1,1,1,-1,-1,1,-1,1,1,1,-1,-1,-1,1,1,1,1,-1,1,-1,-1,-1,1,1,1,-1,-1,-1,1,1,1,1,-1,-1,-1,1,1,1,1,-1,1,1,-1,1,1,-1,-1,-1,-1,-1,1,1,1,-1,-1,1,-1,1,-1,1,-1,1,-1,-1,-1,1,1,-1,1,-1,-1,1,-1,1,-1,-1,1,-1,1,1,1,-1,1,-1,1,1,1,-1,-1,1,-1,-1,-1,1,-1,-1,1,-1,1,-1,1,-1,-1,1,-1,-1,-1,1,-1,1,1,-1,-1,-1,-1,1,-1,-1,1,-1,-1,1,1,-1,1,-1,-1,-1,-1,-1,1,-1,1,-1,-1,-1,1,-1,1,1,-1,-1,-1,1,-1,1,1,-1,1,-1,1,-1,1,1,-1,-1,-1,1,-1,-1,-1,-1,-1,1,-1,-1,1,-1,-1,-1,1,-1,1,1,1,-1,1,1,-1,-1,1,-1,1,-1,1,-1,-1,1,1,-1,1,-1,1,-1,1,1,-1,1,1,1,-1,1,1,-1,1,-1,1,-1,-1,1,-1,1,-1,1,-1,-1,1,1,1,-1,1,1,-1,1,-1,-1,1,-1,1,-1,1,-1,1,1,-1,1,-1,1,1,1,-1,1,-1,1,1,1,1,-1,1,1,-1,1,-1,1,-1,1,-1,1,1,-1,1,1,1,-1,-1,1,1,1,-1,1,1,1,1,1,-1,-1,1,-1,1,1,1,1,-1,1,1,1,1,1,1,-1,1,1,1,1,1,1,-1,1,-1,1,1,1,1,-1,1,1,-1,1,1,1,-1,1,1,-1,1,1,1,1,-1,1,1,1,-1,1,-1,1,1,1,-2638.0,1,2000,445,500,True
2955,1,1,1,1,1,1,-1,1,1,-1,-1,1,-1,-1,1,1,1,-1,1,-1,-1,1,1,-1,-1,1,-1,-1,1,1,1,-1,1,-1,-1,1,-1,1,-1,1,-1,-1,1,1,1,-1,-1,1,-1,-1,1,-1,1,1,-1,1,1,-1,1,-1,-1,1,-1,-1,1,1,-1,-1,1,-1,1,-1,1,1,-1,1,1,-1,1,1,1,1,1,-1,-1,1,1,-1,1,1,1,1,-1,1,-1,1,-1,1,-1,1,1,-1,1,1,-1,-1,-1,1,-1,1,1,1,-1,-1,1,1,-1,1,1,-1,-1,1,1,-1,1,1,-1,-1,1,1,-1,1,-1,-1,-1,1,1,1,1,-1,-1,-1,1,1,-1,1,1,-1,-1,-1,1,-1,-1,1,1,-1,-1,1,1,-1,-1,1,-1,-1,1,1,1,-1,1,-1,1,1,-1,1,-1,-1,-1,1,1,-1,-1,1,1,-1,1,1,-1,-1,-1,-1,-1,-1,1,-1,-1,-1,1,-1,1,1,-1,1,-1,1,-1,-1,1,-1,-1,-1,1,-1,1,1,1,1,-1,1,-1,1,1,-1,-1,-1,1,1,-1,1,-1,-1,-1,1,1,-1,1,-1,-1,-1,1,-1,-1,1,-1,1,-1,1,1,-1,1,-1,1,-1,1,-1,1,1,-1,1,-1,1,-1,-1,1,1,1,-1,1,1,1,1,1,1,-1,1,1,1,1,1,-1,-1,1,1,1,1,1,-1,-1,1,1,1,1,1,-1,-1,1,1,1,1,1,1,1,1,1,1,1,1,1,-1,1,1,1,-1,1,1,1,1,1,1,1,-1,1,1,1,-1,1,1,1,1,1,1,1,1,1,1,-1,1,1,1,1,1,1,1,-1,1,1,1,1,1,-1,1,1,1,-1,1,1,1,-1,1,1,1,1,1,-1,1,1,1,1,1,1,-1,1,-1,1,1,1,1,-1,1,-1,1,1,1,1,-1,1,-1,1,-1,-1,1,-1,1,1,-1,1,1,1,1,-1,1,-1,1,-1,1,-1,1,-1,-1,1,-1,-1,-1,1,1,-1,1,-1,1,-1,1,-1,1,-1,1,1,1,1,-1,1,-1,1,1,-1,1,-1,-1,-1,-1,1,1,1,1,-1,-1,1,1,1,1,-1,-1,1,-1,-1,1,-1,1,-1,1,-1,1,1,1,-1,-1,1,1,-1,1,-1,1,-1,-1,1,-1,1,1,-1,-1,-1,1,-1,-1,1,1,-1,-1,1,-1,1,1,-1,1,-1,1,-1,-1,1,1,-1,1,1,-1,1,1,-1,-1,1,1,-1,1,-1,1,-1,1,-1,-1,1,-1,1,-1,1,-1,-1,1,-1,-1,-1,1,-1,-1,1,-1,1,-1,1,-1,-1,1,-1,-1,1,-1,1,-1,1,-1,1,-1,1,1,-1,-1,-1,1,-1,1,-1,-1,1,-1,1,1,-1,1,-1,-1,1,1,-1,-1,1,-1,-1,1,1,1,1,1,1,-1,1,1,1,-1,-1,-1,1,-1,1,1,-1,1,-1,1,-1,-1,1,-1,-1,1,-1,-1,1,-1,-1,-1,1,1,-1,-1,1,-1,-1,1,1,-1,-1,1,-1,-1,-1,-1,-1,-1,1,-1,-1,-1,-1,-1,-1,1,-1,-1,1,1,1,1,1,-1,1,1,1,-1,-1,1,-1,-1,-1,1,-1,-1,1,1,-1,1,1,1,-1,1,1,-1,-1,1,-1,-1,-1,1,-1,-1,1,-1,1,1,-1,-1,1,1,-1,1,1,-1,-1,1,-1,1,1,1,1,-1,1,1,-1,-1,1,1,-1,1,1,1,-1,1,1,-1,-1,1,1,1,1,1,-1,1,1,-1,-1,1,1,-1,-1,1,1,-1,1,1,-1,-1,1,1,-1,1,1,-1,-1,-1,1,-1,1,1,-1,-1,1,1,-1,1,1,1,-1,1,1,-1,-1,-1,1,-1,1,-1,-1,1,-1,-1,-1,1,1,-1,-1,1,-1,-1,1,1,-1,1,-1,-1,1,-1,1,-1,-1,1,-1,-1,1,-1,-1,-1,1,-1,-1,1,-1,1,-1,1,-1,1,-1,1,-1,-1,-1,-1,-1,1,-1,-1,-1,1,-1,1,-1,-1,1,-1,-1,-1,1,-1,-1,1,-1,1,1,-1,1,-1,1,-1,1,-1,-1,1,-1,1,-1,-1,-1,1,1,-1,-1,-1,-1,-1,1,-1,-1,-1,1,-1,-1,1,-1,1,1,-1,-1,-1,-1,-1,-1,1,-1,-1,-1,1,1,-1,1,-1,-1,1,-1,-1,-1,-1,1,-1,-1,1,1,1,1,1,-1,-1,1,-1,1,1,-1,1,-1,-1,1,1,1,1,-1,-1,-1,-1,1,-1,1,-1,1,-1,1,1,-1,1,1,-1,-1,-1,1,1,1,-1,1,-1,1,1,-1,1,-1,-1,1,1,1,1,-1,1,-1,-1,1,1,1,1,-1,-1,-1,1,1,-1,1,-1,-1,-1,1,1,-1,1,1,-1,-1,1,1,1,1,1,-1,-1,1,1,-1,1,1,-1,-1,-1,1,-1,1,-1,-1,-1,1,-1,1,-1,1,-1,-1,-1,1,-1,1,1,-1,-1,1,1,-1,-1,1,-1,1,1,1,1,-1,1,-1,1,-1,1,-1,1,1,-1,1,-1,1,-1,-1,1,1,-1,1,1,-1,1,-1,-1,1,-1,1,-1,-1,1,1,-1,-1,1,1,-1,-1,1,1,-1,1,1,-1,1,-1,1,-1,1,1,-1,1,1,-1,-1,-1,1,-1,1,-1,1,-1,-1,1,-1,1,-1,1,-1,-1,1,-1,-1,1,-1,-1,-1,1,-1,1,1,-1,1,-1,1,1,1,-1,1,-1,1,-1,1,1,-1,-1,-1,-1,-1,-1,1,-1,1,-1,1,-1,1,1,1,-1,1,-1,1,1,1,-1,-1,-1,1,1,-1,1,-1,-1,1,1,1,1,1,-1,-1,1,1,1,1,1,1,-1,-1,1,1,1,1,1,-1,1,1,-1,-1,1,1,-1,1,1,1,1,1,1,-1,-1,1,1,-1,1,1,1,-1,1,1,-1,1,1,-1,-1,1,-2638.0,1,2000,445,500,True
2956,-1,-1,1,1,1,1,-1,1,-1,-1,-1,1,-1,-1,-1,-1,1,-1,1,-1,-1,1,-1,-1,-1,1,-1,-1,1,-1,-1,-1,1,-1,-1,1,1,-1,-1,1,-1,-1,1,-1,-1,-1,1,1,-1,-1,-1,-1,1,1,-1,1,-1,1,-1,-1,1,1,-1,1,-1,-1,-1,1,1,-1,1,-1,-1,-1,1,1,1,1,-1,-1,-1,1,1,-1,-1,-1,-1,1,1,1,1,-1,-1,-1,1,1,-1,1,-1,1,-1,1,1,1,-1,-1,-1,-1,1,1,1,1,-1,-1,-1,1,1,1,1,-1,-1,-1,-1,1,1,1,-1,-1,1,1,1,1,-1,-1,-1,1,1,1,1,-1,-1,-1,1,-1,1,1,1,-1,-1,-1,-1,1,1,1,1,-1,1,1,1,1,-1,-1,-1,-1,1,-1,1,-1,1,-1,1,-1,1,1,-1,-1,-1,-1,1,1,-1,1,1,-1,1,-1,1,-1,-1,-1,-1,1,-1,1,-1,-1,1,-1,1,-1,1,-1,-1,1,-1,1,1,1,1,-1,1,-1,1,-1,1,-1,-1,1,-1,1,-1,1,1,-1,1,1,-1,1,-1,1,-1,1,1,1,-1,1,1,-1,1,-1,1,-1,1,-1,-1,1,1,1,-1,-1,1,-1,1,-1,-1,-1,1,-1,-1,1,-1,1,-1,1,1,-1,1,1,-1,-1,1,1,-1,1,1,-1,-1,1,1,-1,1,1,1,-1,-1,1,-1,1,1,1,-1,1,1,-1,1,1,-1,-1,-1,1,1,1,1,-1,-1,-1,1,-1,1,1,1,-1,1,1,1,1,1,1,-1,1,1,1,1,-1,1,-1,-1,1,1,1,1,1,-1,-1,1,1,1,1,-1,-1,1,1,-1,1,1,-1,-1,-1,1,1,1,1,1,-1,1,1,-1,1,1,-1,-1,-1,-1,1,1,1,1,-1,-1,-1,1,-1,1,1,-1,-1,1,1,-1,1,1,1,1,-1,1,-1,1,-1,-1,-1,-1,1,1,-1,1,1,-1,1,-1,1,-1,1,-1,1,-1,1,-1,-1,1,-1,-1,-1,1,1,-1,1,-1,1,-1,1,-1,1,-1,1,1,1,1,-1,1,-1,1,1,-1,1,-1,-1,-1,1,1,1,1,1,-1,-1,1,1,1,-1,-1,-1,1,-1,-1,1,-1,1,-1,1,-1,1,1,-1,-1,-1,1,1,1,1,-1,1,-1,-1,1,1,1,1,-1,-1,-1,1,1,1,1,1,-1,1,-1,1,1,1,-1,1,-1,1,1,-1,1,1,-1,1,1,-1,1,1,-1,-1,1,1,1,1,-1,1,-1,1,1,-1,1,-1,1,-1,1,1,-1,1,-1,-1,-1,1,1,-1,1,-1,1,1,-1,1,1,1,-1,-1,1,-1,1,-1,1,1,1,-1,1,1,1,-1,1,1,-1,-1,1,-1,1,1,1,1,-1,1,1,-1,1,1,-1,-1,1,1,-1,1,1,1,1,1,1,-1,1,1,1,-1,1,1,1,-1,1,1,-1,1,-1,1,-1,-1,1,-1,-1,1,-1,-1,1,-1,-1,-1,1,1,-1,1,1,-1,-1,1,1,-1,-1,1,-1,-1,-1,-1,-1,1,1,-1,-1,-1,-1,-1,1,1,-1,-1,1,1,1,-1,1,-1,-1,1,1,-1,1,1,-1,-1,-1,1,-1,-1,1,1,-1,1,1,1,1,1,1,-1,-1,1,-1,1,1,1,-1,-1,1,-1,1,1,-1,-1,1,1,-1,1,1,-1,-1,1,-1,1,1,1,1,-1,1,1,-1,1,1,1,-1,1,1,1,1,1,1,-1,-1,1,1,1,1,1,-1,1,1,-1,1,1,1,-1,-1,1,1,1,-1,1,-1,-1,1,-1,1,1,1,-1,-1,-1,1,1,1,1,-1,-1,1,1,1,1,-1,1,-1,-1,1,1,-1,-1,1,-1,-1,1,1,1,-1,1,-1,1,1,1,-1,-1,-1,-1,1,1,1,1,-1,1,1,-1,1,1,-1,1,1,-1,1,-1,1,1,-1,1,-1,1,1,1,1,-1,-1,1,-1,1,1,1,-1,1,-1,1,-1,1,-1,1,1,1,-1,1,1,1,-1,1,-1,1,-1,1,1,-1,1,-1,1,-1,1,1,-1,1,1,1,-1,1,1,-1,1,1,1,-1,1,-1,1,1,1,-1,-1,1,-1,1,1,1,-1,1,1,1,1,1,-1,-1,-1,1,-1,1,1,1,-1,-1,1,-1,1,-1,1,-1,-1,1,-1,1,1,1,-1,-1,-1,1,1,1,1,-1,-1,1,-1,1,1,-1,-1,-1,1,-1,1,1,1,1,-1,-1,-1,1,-1,1,-1,-1,-1,-1,-1,1,1,-1,1,1,-1,1,-1,1,-1,-1,1,-1,1,1,1,-1,-1,-1,1,1,1,-1,-1,1,-1,-1,-1,1,-1,-1,1,-1,1,-1,1,-1,-1,-1,-1,-1,1,-1,-1,1,1,-1,-1,-1,-1,1,-1,-1,-1,-1,-1,-1,1,-1,1,-1,-1,1,-1,-1,1,-1,-1,-1,-1,-1,1,-1,1,-1,-1,-1,-1,1,1,-1,-1,-1,1,-1,1,1,1,1,-1,-1,-1,1,-1,-1,-1,-1,-1,-1,1,-1,1,-1,-1,-1,1,-1,1,1,-1,-1,-1,-1,1,-1,1,-1,1,-1,1,-1,-1,1,1,-1,1,-1,1,-1,1,1,-1,1,-1,1,-1,1,1,-1,1,-1,-1,-1,-1,1,-1,1,-1,1,-1,-1,1,-1,1,-1,1,-1,-1,1,-1,-1,1,-1,-1,-1,1,-1,1,1,-1,1,-1,1,1,1,-1,1,-1,1,-1,1,1,-1,1,-1,-1,-1,-1,1,-1,1,-1,1,-1,1,1,1,-1,1,-1,1,1,1,-1,1,-1,1,1,-1,1,-1,-1,1,1,1,1,1,-1,-1,1,1,1,1,1,1,-1,-1,-1,1,1,1,1,-1,1,1,-1,-1,1,1,-1,1,1,1,1,1,1,-1,-1,1,1,-1,1,1,1,-1,1,1,-1,1,1,-1,-1,1,-2638.0,1,2000,445,500,True
2957,-1,-1,1,1,1,1,-1,1,-1,-1,-1,1,-1,-1,-1,-1,1,-1,1,-1,-1,1,-1,-1,-1,1,-1,-1,-1,-1,-1,-1,1,-1,-1,1,1,-1,-1,1,-1,-1,1,-1,-1,-1,-1,1,-1,-1,1,-1,1,1,-1,1,-1,1,-1,-1,-1,1,-1,1,-1,-1,-1,-1,1,-1,1,-1,-1,-1,1,1,1,1,-1,-1,-1,-1,1,-1,-1,-1,-1,1,1,1,1,-1,-1,-1,-1,1,-1,1,-1,1,-1,-1,1,1,-1,-1,-1,-1,-1,1,1,1,-1,1,-1,-1,1,1,1,-1,-1,1,-1,1,1,1,-1,-1,1,-1,1,1,-1,-1,1,1,-1,1,1,-1,-1,-1,1,-1,-1,1,1,-1,-1,1,-1,1,1,1,1,-1,1,1,-1,1,-1,1,-1,1,-1,-1,1,-1,-1,1,-1,-1,1,1,-1,-1,1,1,1,1,-1,1,1,1,-1,-1,1,-1,-1,-1,1,1,-1,1,-1,-1,-1,1,1,-1,1,-1,-1,-1,-1,1,-1,1,1,-1,-1,1,1,-1,1,-1,-1,-1,1,1,-1,1,1,-1,-1,-1,1,1,-1,1,-1,-1,1,1,-1,1,1,-1,-1,1,1,-1,1,-1,-1,-1,1,1,-1,-1,1,-1,-1,1,-1,-1,1,-1,-1,-1,1,1,-1,1,1,-1,1,-1,-1,-1,1,1,-1,-1,-1,1,-1,1,1,-1,1,-1,1,-1,1,1,-1,1,-1,1,-1,1,1,-1,1,-1,-1,-1,-1,1,1,1,-1,-1,-1,1,1,-1,1,1,-1,1,-1,1,1,1,-1,-1,-1,1,1,1,-1,1,-1,-1,-1,1,1,1,-1,-1,-1,-1,1,1,1,-1,-1,-1,1,1,-1,1,-1,-1,-1,-1,1,1,1,-1,1,-1,-1,1,-1,1,-1,-1,-1,-1,-1,1,1,-1,-1,-1,-1,-1,1,-1,-1,-1,-1,-1,1,1,-1,-1,-1,1,-1,1,1,-1,-1,1,1,-1,-1,1,1,-1,-1,1,-1,-1,-1,1,-1,-1,-1,1,-1,1,-1,-1,-1,-1,-1,-1,1,1,-1,-1,1,1,-1,1,-1,1,-1,1,-1,1,1,1,-1,-1,1,-1,-1,1,-1,-1,-1,-1,-1,1,-1,1,-1,-1,1,-1,1,-1,-1,-1,-1,1,-1,1,-1,1,-1,-1,1,-1,1,-1,-1,-1,1,1,-1,1,-1,1,-1,-1,1,-1,1,-1,-1,-1,-1,1,-1,1,1,1,-1,-1,-1,-1,1,1,-1,1,-1,1,-1,1,-1,1,-1,-1,1,-1,1,-1,-1,-1,1,1,-1,1,-1,1,-1,1,-1,1,1,1,1,-1,1,-1,1,1,-1,-1,-1,1,-1,1,-1,1,1,-1,1,-1,-1,1,-1,-1,1,-1,1,1,1,-1,1,-1,1,1,-1,-1,-1,1,-1,1,-1,-1,1,-1,1,1,1,1,-1,-1,1,1,-1,1,1,1,-1,1,1,1,-1,1,1,-1,1,1,1,1,-1,-1,-1,-1,1,1,-1,1,-1,1,-1,-1,1,1,-1,1,-1,-1,1,-1,1,-1,1,1,-1,1,1,1,-1,1,1,-1,-1,1,1,-1,-1,-1,-1,1,1,1,-1,-1,-1,-1,1,1,1,-1,1,1,1,-1,1,1,-1,1,1,-1,1,1,1,-1,-1,1,-1,-1,1,1,-1,1,1,1,1,1,1,1,1,1,-1,1,1,-1,1,1,1,-1,1,1,-1,1,1,1,-1,1,1,1,-1,1,-1,1,-1,1,-1,1,1,1,-1,1,1,1,1,1,1,1,1,1,-1,1,1,1,1,1,1,-1,1,-1,1,-1,1,-1,1,1,1,1,1,1,1,-1,1,1,1,1,1,1,-1,1,1,-1,1,1,-1,-1,1,1,1,1,1,1,-1,1,1,1,-1,1,-1,-1,1,1,1,-1,1,-1,-1,1,1,1,1,1,-1,-1,1,1,1,-1,1,1,-1,1,1,-1,-1,1,-1,-1,1,1,1,-1,1,1,-1,1,1,1,-1,1,-1,-1,1,1,1,-1,1,1,-1,1,1,1,-1,1,-1,1,1,1,-1,-1,1,1,-1,1,-1,1,-1,1,1,-1,-1,1,1,-1,1,1,-1,1,1,1,-1,1,1,1,1,1,1,-1,1,1,1,1,1,-1,-1,1,1,1,1,-1,-1,1,1,1,1,1,-1,-1,-1,-1,1,1,1,-1,1,1,1,1,1,-1,1,-1,-1,1,-1,1,1,1,1,1,1,1,1,1,1,-1,1,-1,1,1,1,-1,1,1,1,1,1,1,1,-1,1,-1,1,1,1,1,-1,1,-1,-1,-1,-1,1,-1,1,1,-1,1,1,1,1,1,1,-1,1,1,1,1,1,-1,1,1,1,1,1,1,1,-1,-1,1,1,-1,1,-1,1,-1,1,-1,1,1,-1,-1,-1,1,1,1,-1,1,1,-1,1,1,1,1,-1,-1,-1,-1,1,1,1,-1,-1,1,-1,1,-1,1,1,-1,-1,-1,1,1,1,-1,-1,-1,-1,1,1,1,-1,-1,1,-1,1,1,1,1,-1,-1,-1,1,-1,-1,-1,-1,-1,-1,1,-1,1,-1,-1,-1,1,1,-1,1,-1,-1,-1,-1,1,-1,1,-1,1,-1,1,-1,-1,1,1,-1,1,-1,1,-1,1,1,-1,1,-1,1,-1,1,1,-1,1,1,-1,-1,-1,1,-1,1,-1,1,-1,-1,1,-1,1,-1,1,-1,1,1,-1,-1,1,-1,-1,-1,1,-1,1,1,-1,1,1,1,1,1,-1,1,-1,1,-1,1,1,-1,1,-1,-1,-1,-1,1,-1,1,1,1,-1,1,1,1,-1,-1,-1,1,1,1,-1,1,1,1,1,-1,1,-1,-1,1,1,1,1,1,-1,-1,1,1,1,1,1,1,-1,1,1,1,1,1,1,-1,1,1,-1,-1,1,1,-1,1,1,1,1,1,1,-1,1,1,1,-1,1,1,1,-1,1,1,-1,1,1,-1,1,1,-2638.0,1,2000,445,500,True
2958,1,1,-1,-1,1,1,-1,1,1,1,1,-1,1,1,1,1,-1,1,-1,-1,-1,1,1,1,1,-1,1,-1,1,1,1,1,1,-1,-1,1,-1,1,1,1,-1,-1,1,1,1,1,-1,-1,1,-1,1,1,-1,1,-1,-1,1,-1,1,1,1,-1,-1,-1,1,1,1,-1,-1,-1,1,-1,1,1,1,-1,-1,-1,1,1,1,-1,-1,-1,-1,1,1,1,-1,-1,1,1,-1,1,1,-1,-1,-1,-1,1,1,1,-1,-1,-1,-1,-1,1,1,-1,-1,1,-1,-1,1,1,-1,-1,1,-1,-1,1,1,1,-1,-1,-1,-1,1,1,1,-1,-1,-1,-1,1,1,1,-1,-1,-1,-1,1,1,1,-1,1,-1,-1,-1,1,-1,-1,-1,1,-1,-1,1,-1,-1,-1,1,-1,1,-1,-1,1,-1,1,-1,-1,-1,-1,-1,-1,-1,-1,1,-1,-1,-1,1,1,-1,1,-1,-1,-1,-1,-1,-1,1,-1,-1,-1,-1,1,-1,1,-1,1,1,-1,1,-1,1,-1,-1,-1,-1,1,-1,1,1,-1,-1,-1,1,-1,1,-1,1,-1,-1,1,1,-1,-1,1,-1,-1,1,1,-1,1,1,-1,-1,1,-1,1,-1,1,1,-1,1,1,1,-1,-1,1,-1,1,-1,-1,-1,1,-1,-1,1,-1,1,-1,1,-1,-1,1,1,-1,-1,1,-1,1,1,1,-1,-1,1,-1,1,1,1,1,-1,1,-1,-1,1,1,1,-1,-1,1,-1,1,1,-1,-1,-1,1,1,1,1,-1,-1,1,1,-1,1,1,1,-1,-1,1,1,1,1,1,-1,1,1,1,1,-1,1,1,-1,-1,1,1,1,1,-1,-1,1,1,1,1,-1,-1,1,1,-1,1,1,-1,-1,-1,-1,1,1,1,1,-1,-1,1,-1,1,1,-1,-1,-1,-1,1,1,1,1,-1,-1,-1,1,-1,1,1,-1,-1,-1,1,-1,1,1,1,-1,1,1,-1,1,-1,-1,-1,-1,1,1,-1,1,1,-1,-1,-1,1,-1,1,-1,1,-1,1,-1,-1,1,-1,-1,-1,1,1,1,1,-1,1,-1,1,-1,1,-1,1,-1,1,1,-1,1,-1,1,-1,-1,1,-1,-1,-1,1,-1,1,1,1,-1,-1,1,-1,1,1,-1,-1,1,-1,1,1,-1,1,-1,1,-1,-1,-1,1,-1,-1,1,1,1,1,-1,1,-1,-1,1,1,1,1,-1,-1,-1,1,1,1,1,1,-1,1,-1,-1,1,1,-1,1,-1,1,1,-1,1,1,-1,1,1,1,1,1,-1,-1,1,1,1,1,-1,1,-1,1,1,-1,1,-1,1,-1,1,1,-1,1,-1,-1,-1,1,1,-1,1,-1,1,-1,-1,1,1,1,-1,-1,1,-1,1,-1,1,1,1,-1,1,1,1,-1,-1,1,-1,-1,1,-1,1,-1,1,1,-1,1,1,-1,1,1,-1,-1,1,1,-1,1,1,1,1,1,1,-1,1,1,1,-1,1,1,1,-1,1,1,-1,1,-1,1,-1,1,-1,-1,-1,1,-1,-1,1,-1,-1,-1,1,1,-1,-1,1,-1,-1,1,1,-1,-1,1,-1,-1,-1,-1,-1,-1,1,-1,-1,-1,-1,-1,-1,1,-1,-1,1,1,1,1,1,-1,1,1,1,-1,-1,1,-1,-1,-1,1,-1,-1,1,1,-1,1,1,1,-1,1,1,-1,-1,1,-1,-1,-1,1,-1,-1,1,-1,1,1,-1,-1,1,1,-1,1,1,-1,-1,1,-1,1,1,1,1,-1,1,1,-1,-1,1,1,-1,1,1,1,-1,1,1,-1,-1,1,1,1,1,1,-1,1,1,-1,-1,1,1,-1,-1,1,1,-1,1,1,-1,-1,1,1,-1,1,1,-1,-1,-1,1,-1,1,1,-1,-1,1,1,-1,1,-1,1,-1,-1,1,-1,-1,-1,1,-1,-1,1,-1,1,-1,1,-1,1,1,-1,-1,1,-1,-1,1,1,-1,1,-1,1,1,-1,1,-1,-1,1,-1,-1,1,1,-1,-1,-1,1,-1,1,1,-1,-1,-1,-1,1,-1,1,-1,-1,1,1,-1,1,-1,-1,-1,-1,-1,1,-1,1,-1,-1,-1,1,-1,1,-1,-1,-1,1,1,-1,1,-1,-1,-1,-1,1,1,1,-1,-1,-1,1,1,1,1,-1,-1,-1,1,1,1,-1,-1,-1,1,1,1,1,-1,1,-1,1,1,1,-1,-1,-1,1,1,1,1,1,-1,-1,-1,-1,-1,1,1,-1,-1,-1,1,1,1,1,-1,-1,-1,1,1,1,1,1,-1,-1,1,-1,1,-1,-1,-1,-1,-1,1,1,1,1,-1,1,-1,1,1,1,-1,-1,-1,-1,1,-1,1,-1,1,-1,-1,1,1,1,-1,-1,1,-1,1,1,1,-1,-1,-1,1,-1,1,-1,-1,1,1,1,-1,1,1,1,1,1,-1,1,1,1,-1,-1,-1,1,-1,1,1,-1,1,1,1,-1,1,1,-1,-1,1,1,1,-1,1,-1,1,1,1,-1,1,1,-1,-1,1,1,1,-1,1,1,1,-1,1,1,-1,1,1,-1,1,1,1,-1,1,1,1,1,1,1,-1,1,-1,-1,1,1,1,-1,1,-1,1,1,1,-1,1,1,1,1,1,1,1,1,1,-1,1,1,-1,1,1,-1,-1,1,1,1,-1,1,1,-1,1,1,1,1,-1,1,-1,1,1,1,1,1,-1,-1,-1,1,1,1,-1,1,-1,-1,1,1,-1,1,1,-1,-1,-1,1,1,1,-1,-1,-1,1,1,1,1,-1,1,-1,-1,1,1,-1,1,-1,1,1,1,1,-1,-1,-1,-1,1,1,1,-1,1,-1,1,1,-1,1,1,-1,1,-1,1,1,1,-1,-1,-1,1,1,1,1,-1,-1,1,1,1,1,1,-1,-1,1,1,1,1,1,1,-1,-1,1,1,1,1,1,-1,1,1,1,1,1,-1,-1,1,1,1,1,1,1,-1,-1,1,1,1,1,-1,1,-1,1,1,-1,1,1,-1,-1,1,-2638.0,1,2000,445,500,True
2959,1,1,-1,-1,1,1,-1,-1,1,1,1,-1,1,1,1,1,-1,1,-1,-1,-1,-1,1,1,1,1,-1,-1,1,1,1,1,-1,-1,-1,-1,1,-1,1,1,-1,-1,-1,1,1,1,1,1,-1,1,1,1,-1,1,-1,-1,1,-1,1,1,1,-1,-1,-1,1,1,1,1,1,-1,-1,1,1,1,1,1,1,-1,1,1,1,-1,1,-1,1,1,1,1,1,-1,1,1,1,1,1,1,1,-1,1,-1,1,1,1,1,-1,1,1,1,1,1,1,-1,1,-1,1,1,1,1,1,1,1,1,1,1,1,-1,1,1,-1,1,1,1,-1,1,1,-1,1,1,1,-1,1,1,-1,1,1,1,1,1,1,1,1,1,1,-1,-1,1,1,-1,1,1,-1,1,1,1,-1,-1,1,-1,-1,1,-1,-1,1,1,-1,1,1,1,1,1,-1,1,-1,1,1,-1,1,-1,-1,1,1,-1,-1,1,-1,-1,1,1,-1,-1,1,-1,-1,-1,1,-1,1,1,1,-1,-1,1,-1,-1,1,-1,-1,-1,1,-1,-1,1,1,-1,-1,-1,1,-1,-1,1,-1,-1,1,1,-1,1,1,-1,-1,1,1,-1,1,-1,-1,-1,1,1,-1,-1,1,-1,-1,1,1,1,1,-1,-1,-1,1,1,-1,1,1,1,1,-1,-1,-1,1,-1,1,-1,-1,-1,-1,1,-1,1,-1,-1,-1,-1,1,1,-1,1,-1,1,-1,1,1,-1,1,-1,-1,-1,-1,1,1,1,-1,-1,-1,1,-1,1,1,1,1,-1,-1,1,1,1,-1,-1,-1,1,1,1,1,1,-1,-1,-1,-1,1,1,-1,1,-1,-1,1,1,1,-1,-1,-1,1,-1,1,1,-1,1,-1,-1,1,-1,1,-1,1,-1,1,1,1,1,-1,-1,-1,-1,-1,-1,1,-1,-1,-1,-1,-1,-1,-1,-1,-1,-1,-1,-1,-1,-1,-1,-1,1,1,-1,-1,-1,-1,1,1,-1,1,-1,1,-1,-1,1,-1,1,-1,1,-1,-1,-1,1,-1,1,-1,-1,-1,-1,-1,-1,-1,-1,-1,-1,1,1,1,-1,-1,-1,-1,1,1,-1,-1,-1,-1,-1,1,1,-1,-1,-1,-1,-1,1,1,1,-1,1,-1,-1,1,1,1,-1,-1,-1,-1,1,-1,1,-1,1,-1,-1,1,1,1,-1,-1,-1,1,1,1,1,1,1,-1,-1,1,1,1,-1,-1,-1,-1,1,1,1,1,1,-1,-1,-1,1,1,-1,-1,1,-1,1,1,-1,1,1,-1,-1,1,-1,1,1,-1,-1,1,1,1,-1,1,1,-1,1,1,-1,1,1,1,-1,1,1,-1,1,-1,-1,-1,1,1,-1,1,1,1,-1,1,-1,1,1,-1,-1,1,-1,1,-1,1,-1,1,-1,1,1,-1,1,-1,1,-1,1,-1,-1,1,1,1,1,1,1,-1,-1,1,1,-1,1,1,1,-1,1,1,1,-1,1,1,-1,1,1,1,1,-1,-1,1,-1,-1,-1,1,-1,1,1,1,1,-1,1,-1,1,-1,-1,-1,1,1,-1,1,1,-1,-1,-1,1,-1,1,1,-1,1,-1,1,-1,-1,-1,-1,-1,-1,1,-1,-1,-1,-1,-1,-1,1,-1,1,1,1,1,-1,1,-1,1,1,-1,-1,-1,1,-1,-1,1,-1,1,-1,-1,1,1,1,1,-1,-1,1,1,1,1,-1,1,-1,-1,1,1,1,-1,-1,-1,-1,1,1,1,-1,1,-1,1,-1,1,-1,1,1,-1,-1,1,1,1,-1,-1,-1,-1,1,1,1,1,-1,-1,-1,1,1,1,1,-1,-1,-1,1,1,1,-1,-1,-1,1,1,1,1,1,-1,1,-1,1,1,1,1,-1,-1,-1,1,1,-1,1,-1,-1,-1,1,1,1,1,-1,-1,1,-1,1,1,-1,-1,1,1,1,1,1,-1,-1,-1,1,1,1,1,1,-1,1,-1,1,1,1,-1,-1,-1,1,1,1,-1,-1,-1,1,-1,1,1,1,-1,-1,1,-1,1,1,1,-1,1,-1,1,-1,1,1,-1,1,-1,1,1,1,1,-1,-1,1,-1,-1,1,-1,-1,-1,-1,1,1,-1,1,-1,-1,-1,1,1,1,1,-1,-1,-1,1,1,1,1,-1,-1,-1,1,1,1,1,-1,-1,-1,1,1,1,-1,-1,-1,1,1,1,-1,-1,1,-1,1,1,1,-1,-1,-1,1,1,1,1,-1,-1,-1,-1,-1,1,1,-1,-1,-1,-1,1,1,1,1,-1,-1,-1,1,1,1,1,-1,1,1,-1,1,1,-1,-1,-1,-1,-1,1,1,1,-1,-1,1,-1,1,1,1,-1,1,-1,-1,-1,-1,1,-1,1,-1,-1,1,1,1,-1,-1,1,-1,1,1,1,-1,1,-1,1,1,1,-1,-1,1,-1,-1,-1,1,-1,-1,1,-1,1,-1,1,-1,-1,1,-1,-1,-1,1,-1,1,1,-1,-1,-1,1,1,-1,-1,1,-1,-1,-1,1,-1,1,-1,-1,1,-1,-1,1,-1,1,-1,-1,-1,1,-1,1,1,-1,-1,-1,1,-1,1,1,-1,1,-1,1,-1,1,1,-1,-1,-1,1,-1,-1,-1,-1,-1,-1,1,-1,1,-1,-1,-1,1,-1,1,1,1,-1,1,1,-1,-1,1,-1,1,-1,1,-1,-1,1,1,-1,1,-1,1,-1,1,1,-1,1,1,1,-1,1,1,-1,1,-1,1,-1,-1,1,-1,1,-1,1,-1,-1,1,-1,1,-1,1,1,-1,1,-1,-1,1,-1,1,-1,1,-1,1,1,-1,1,-1,1,1,1,-1,1,-1,1,-1,1,1,-1,1,1,-1,1,1,1,-1,1,-1,1,1,-1,1,1,1,-1,-1,1,1,1,-1,1,1,1,1,1,-1,-1,1,-1,1,1,1,1,-1,1,1,1,1,1,1,-1,1,1,1,1,1,1,-1,1,-1,1,1,1,1,-1,1,1,-1,1,1,1,-1,1,1,-1,1,1,1,1,-1,1,1,1,-1,1,-1,1,1,1,-2638.0,1,2000,445,500,True
2960,-1,-1,1,1,1,1,-1,1,-1,-1,-1,1,-1,1,-1,-1,1,-1,1,-1,-1,1,-1,-1,-1,1,-1,-1,1,-1,-1,-1,1,-1,-1,-1,1,-1,-1,1,-1,-1,-1,-1,-1,-1,1,1,-1,1,-1,-1,-1,1,-1,-1,1,-1,-1,-1,1,1,-1,1,-1,-1,-1,1,1,-1,1,-1,-1,-1,1,1,-1,-1,1,-1,-1,1,1,-1,1,-1,-1,1,1,1,1,1,-1,-1,1,1,-1,-1,1,1,-1,1,1,1,-1,1,-1,-1,1,1,1,-1,1,-1,-1,1,1,1,1,1,-1,-1,-1,1,1,-1,1,-1,1,1,1,1,-1,1,-1,1,1,1,1,-1,1,-1,1,-1,1,1,1,1,1,-1,-1,1,1,-1,-1,1,-1,1,1,1,-1,-1,1,1,1,-1,1,-1,1,-1,1,-1,1,1,-1,1,-1,-1,1,1,-1,1,-1,1,1,-1,1,-1,-1,1,1,1,-1,1,-1,-1,-1,1,1,-1,1,-1,-1,-1,1,1,1,1,1,-1,1,-1,1,-1,1,-1,-1,-1,1,1,-1,1,1,-1,-1,-1,1,1,-1,1,-1,-1,1,1,-1,1,1,-1,-1,1,1,-1,1,-1,-1,-1,-1,1,-1,-1,1,-1,-1,1,-1,-1,1,-1,-1,-1,1,1,-1,1,1,-1,1,-1,-1,-1,1,1,-1,-1,1,-1,-1,1,1,-1,1,-1,1,-1,1,1,-1,1,-1,1,-1,1,1,-1,1,-1,-1,-1,-1,1,1,1,-1,-1,-1,1,1,-1,1,1,-1,-1,-1,1,1,1,-1,-1,-1,1,1,1,1,1,-1,-1,-1,1,1,1,-1,-1,-1,-1,1,1,1,-1,-1,-1,1,1,-1,1,-1,-1,-1,-1,1,1,1,-1,1,-1,-1,1,-1,1,-1,-1,-1,-1,-1,1,1,-1,-1,-1,-1,-1,1,-1,-1,-1,-1,-1,1,1,-1,-1,-1,1,-1,-1,1,-1,-1,1,1,-1,-1,1,1,-1,-1,1,-1,1,-1,1,-1,-1,-1,1,-1,1,-1,-1,-1,-1,-1,-1,1,1,-1,-1,1,1,-1,1,-1,-1,-1,1,-1,1,1,-1,-1,-1,1,-1,-1,1,-1,-1,-1,1,-1,1,1,1,-1,-1,1,-1,1,-1,-1,-1,-1,1,1,1,-1,1,-1,-1,1,-1,1,-1,-1,-1,1,1,1,1,-1,1,-1,-1,1,1,1,1,-1,-1,-1,-1,1,1,1,1,-1,-1,1,1,1,1,-1,1,-1,1,1,-1,1,1,-1,-1,1,1,1,1,-1,-1,1,1,1,1,-1,1,-1,1,1,-1,1,-1,1,-1,1,1,-1,1,-1,-1,-1,1,1,-1,1,1,1,-1,1,1,1,1,-1,-1,1,-1,1,-1,1,-1,1,-1,1,1,1,-1,-1,1,-1,1,1,-1,1,-1,1,1,1,1,1,-1,1,1,-1,1,1,1,-1,1,1,1,-1,1,1,-1,1,1,1,1,-1,1,1,-1,-1,1,-1,1,-1,1,-1,-1,1,1,-1,1,-1,-1,-1,1,1,-1,1,1,-1,-1,-1,1,-1,1,1,-1,-1,-1,1,-1,-1,-1,-1,1,-1,1,-1,-1,-1,-1,-1,-1,1,-1,1,1,1,1,-1,1,-1,1,1,-1,1,-1,1,-1,-1,1,-1,1,-1,-1,1,1,1,1,1,1,-1,1,1,1,-1,1,-1,1,1,1,1,-1,-1,-1,1,1,1,1,-1,1,-1,1,-1,1,-1,1,1,-1,-1,1,1,1,-1,1,-1,-1,1,1,1,1,1,1,-1,1,1,1,1,1,1,-1,1,1,1,-1,1,1,-1,1,1,1,1,1,1,-1,1,1,1,1,1,1,-1,1,1,-1,1,1,1,1,1,1,1,1,1,1,-1,1,1,1,-1,1,-1,-1,1,1,1,-1,1,-1,-1,1,1,1,1,1,-1,-1,1,1,1,-1,1,1,-1,1,1,-1,-1,1,-1,-1,1,1,1,1,1,-1,-1,1,1,1,-1,1,1,-1,1,1,1,-1,1,1,-1,1,1,-1,-1,1,-1,1,1,1,-1,-1,1,1,-1,1,-1,1,-1,1,1,-1,1,1,1,-1,1,1,-1,1,1,1,-1,1,1,-1,1,1,1,-1,1,-1,1,1,1,-1,1,1,-1,1,1,-1,1,-1,1,1,1,1,-1,-1,-1,1,-1,1,1,-1,-1,-1,1,-1,1,1,1,-1,-1,1,-1,1,1,1,-1,-1,-1,1,1,1,1,-1,-1,1,-1,1,1,-1,-1,-1,1,-1,1,1,1,-1,-1,-1,-1,1,1,1,-1,-1,-1,-1,-1,-1,1,-1,1,1,-1,1,1,1,-1,-1,1,-1,1,1,1,-1,1,-1,1,1,1,-1,-1,-1,-1,-1,-1,1,1,1,1,-1,1,-1,1,1,-1,-1,-1,-1,-1,1,1,-1,1,-1,-1,-1,1,1,-1,-1,-1,-1,-1,-1,1,-1,1,-1,-1,1,-1,1,-1,-1,-1,-1,-1,-1,1,1,1,-1,-1,-1,-1,1,1,-1,-1,-1,1,-1,1,1,1,1,-1,-1,-1,1,-1,1,-1,-1,-1,-1,1,-1,1,-1,-1,-1,1,-1,1,1,-1,-1,-1,-1,1,-1,1,-1,1,-1,1,-1,-1,1,1,-1,1,-1,1,-1,1,1,-1,1,-1,1,-1,1,1,-1,1,-1,-1,-1,-1,1,-1,1,-1,1,-1,-1,1,1,1,-1,1,-1,-1,1,-1,-1,1,-1,-1,-1,1,-1,1,1,-1,1,-1,1,1,1,-1,1,-1,1,1,1,1,-1,1,-1,-1,1,1,1,-1,1,-1,1,1,-1,1,1,-1,1,-1,1,1,1,-1,1,-1,1,1,1,1,-1,-1,1,1,1,1,1,-1,-1,1,1,1,1,1,1,-1,-1,1,1,1,1,1,-1,1,1,1,1,1,1,-1,1,1,1,1,1,1,-1,-1,1,1,1,1,1,1,-1,1,1,-1,1,1,-1,-1,1,-2638.0,1,2000,445,500,True
2961,1,1,-1,-1,1,-1,1,1,1,1,1,-1,1,1,1,1,-1,1,-1,-1,1,1,1,1,1,-1,1,1,1,1,1,1,1,-1,1,1,-1,1,1,-1,-1,1,1,1,1,1,-1,-1,1,1,1,1,1,1,-1,1,1,-1,1,1,-1,-1,-1,-1,1,1,1,-1,-1,1,1,-1,1,1,-1,1,1,1,-1,1,1,-1,-1,1,-1,1,1,1,-1,1,1,1,-1,1,-1,-1,1,-1,-1,-1,1,-1,-1,1,-1,-1,-1,1,-1,-1,1,1,-1,-1,1,1,-1,1,1,-1,-1,1,1,-1,1,1,-1,-1,1,-1,-1,1,-1,-1,-1,-1,-1,-1,1,-1,-1,-1,-1,1,-1,1,1,-1,-1,-1,1,-1,-1,1,1,-1,-1,-1,-1,1,-1,1,-1,-1,-1,-1,1,-1,1,-1,-1,-1,-1,1,-1,-1,-1,1,-1,-1,-1,1,1,-1,-1,1,-1,-1,-1,-1,-1,-1,-1,1,-1,-1,1,-1,-1,-1,-1,1,-1,1,-1,-1,-1,-1,-1,-1,1,-1,-1,-1,1,1,-1,1,1,-1,1,-1,-1,-1,1,1,-1,1,-1,-1,-1,1,1,-1,1,-1,-1,-1,1,1,-1,1,-1,1,-1,1,1,-1,1,-1,1,-1,1,1,1,1,-1,1,-1,1,-1,-1,1,-1,1,-1,1,-1,1,1,-1,1,1,1,-1,1,1,1,-1,1,1,-1,1,1,1,-1,-1,1,1,-1,1,1,-1,-1,1,1,1,1,1,-1,1,1,-1,1,1,-1,1,-1,1,1,1,1,1,1,1,1,-1,-1,1,1,-1,1,1,1,-1,1,1,-1,1,1,-1,1,1,1,1,1,1,-1,1,1,1,1,-1,1,-1,1,1,1,-1,1,1,-1,-1,1,1,1,-1,1,-1,1,1,1,-1,1,1,-1,1,1,1,-1,1,-1,-1,1,1,1,-1,1,-1,-1,-1,1,1,-1,1,-1,-1,1,-1,1,-1,1,1,-1,-1,1,1,1,-1,1,-1,-1,1,1,-1,1,-1,-1,-1,-1,-1,-1,1,1,-1,-1,1,1,-1,1,-1,-1,-1,1,1,1,1,-1,-1,1,1,1,-1,1,-1,-1,-1,-1,1,1,-1,1,-1,-1,1,-1,1,-1,-1,-1,1,-1,-1,1,-1,1,-1,-1,1,-1,1,-1,-1,-1,1,1,-1,1,-1,1,-1,-1,1,-1,1,-1,-1,-1,-1,1,-1,-1,1,1,-1,-1,1,-1,1,1,-1,1,-1,1,-1,1,-1,1,-1,-1,1,-1,1,-1,-1,-1,1,1,-1,1,-1,1,-1,1,-1,1,1,-1,1,-1,1,-1,-1,1,-1,-1,-1,1,-1,1,-1,-1,1,-1,1,-1,-1,1,-1,-1,1,-1,1,-1,1,-1,1,-1,1,1,-1,1,-1,1,-1,1,-1,-1,1,-1,1,1,1,1,-1,-1,1,1,-1,1,1,-1,-1,1,1,1,-1,1,1,-1,1,1,1,1,1,-1,1,-1,-1,1,-1,1,-1,1,-1,1,-1,-1,-1,1,-1,-1,1,-1,-1,-1,1,1,-1,1,1,-1,-1,1,1,-1,-1,1,-1,-1,-1,-1,-1,-1,1,-1,-1,-1,-1,-1,-1,1,-1,-1,1,1,1,1,1,-1,-1,1,1,-1,-1,1,-1,-1,-1,1,-1,-1,1,1,-1,1,1,1,-1,1,-1,1,1,1,-1,-1,1,1,-1,1,1,-1,1,1,-1,1,1,1,-1,1,1,-1,-1,1,-1,1,1,1,-1,1,1,1,-1,-1,1,1,1,1,1,1,-1,1,1,1,1,1,1,1,1,-1,1,1,1,-1,-1,1,1,1,1,1,1,-1,1,1,1,1,1,1,-1,1,1,-1,1,-1,1,-1,1,1,1,1,1,1,-1,1,1,1,1,1,-1,-1,1,1,1,1,1,-1,-1,1,1,1,1,1,1,-1,1,1,1,1,1,-1,-1,1,1,-1,1,-1,-1,-1,1,1,-1,1,1,-1,-1,1,1,-1,1,1,-1,-1,-1,1,-1,1,1,-1,-1,-1,1,-1,1,1,-1,-1,1,1,1,-1,-1,-1,-1,-1,1,-1,1,-1,-1,-1,-1,1,-1,-1,1,-1,-1,-1,1,-1,-1,1,-1,-1,-1,1,-1,-1,1,-1,-1,1,-1,-1,1,-1,-1,-1,1,-1,-1,1,-1,1,-1,-1,-1,-1,-1,-1,-1,1,1,-1,-1,1,1,1,-1,1,1,-1,-1,-1,-1,1,1,-1,-1,1,1,1,1,1,-1,-1,1,-1,1,-1,1,1,-1,-1,1,1,-1,1,1,1,-1,-1,1,1,1,1,-1,-1,1,1,1,1,1,-1,-1,1,1,-1,1,-1,-1,-1,1,1,1,1,-1,-1,1,1,1,1,1,1,-1,-1,1,1,1,1,1,-1,-1,1,1,1,1,-1,-1,-1,1,1,1,1,1,-1,-1,1,1,1,1,1,-1,-1,1,1,1,1,1,1,-1,1,1,1,1,1,-1,-1,1,-1,1,1,1,1,-1,-1,1,-1,1,1,1,-1,1,1,1,1,-1,1,-1,1,1,1,-1,1,1,1,-1,-1,1,-1,1,-1,1,-1,1,1,-1,1,-1,1,-1,1,-1,1,-1,1,1,-1,1,-1,-1,1,1,-1,-1,1,1,-1,-1,1,1,-1,1,1,-1,1,-1,1,-1,1,1,-1,1,1,-1,-1,-1,-1,-1,1,-1,1,-1,-1,1,-1,1,-1,1,-1,1,1,-1,-1,1,-1,-1,-1,1,-1,1,1,-1,1,1,-1,1,1,-1,1,-1,1,-1,1,1,-1,1,-1,-1,-1,-1,1,-1,1,1,1,-1,1,1,1,-1,-1,-1,1,1,1,-1,1,1,1,-1,-1,1,-1,-1,1,1,1,1,1,-1,-1,1,1,-1,1,1,1,-1,1,1,-1,1,1,1,-1,1,1,1,1,1,-1,-1,1,1,-1,-1,1,1,-1,1,1,-1,1,1,-1,1,-1,1,1,-1,1,1,-1,1,1,-2638.0,1,2000,445,500,True
2962,-1,-1,1,1,1,1,-1,1,-1,-1,-1,1,-1,1,-1,-1,1,-1,1,1,-1,1,-1,-1,-1,1,-1,-1,-1,-1,-1,-1,1,1,-1,1,1,-1,-1,-1,1,-1,1,-1,-1,-1,-1,1,-1,-1,1,-1,1,-1,1,-1,-1,1,-1,-1,-1,1,1,1,-1,-1,-1,-1,-1,-1,1,-1,-1,-1,-1,-1,-1,1,-1,-1,-1,1,1,-1,-1,-1,-1,-1,-1,1,-1,-1,-1,-1,-1,-1,-1,1,-1,1,-1,-1,-1,-1,1,-1,-1,-1,-1,-1,-1,1,-1,1,-1,-1,-1,-1,1,-1,-1,-1,-1,-1,-1,1,-1,-1,1,-1,-1,-1,-1,-1,-1,-1,-1,-1,-1,-1,-1,-1,1,-1,-1,-1,1,-1,-1,-1,-1,-1,-1,-1,1,-1,1,-1,-1,-1,-1,1,-1,-1,1,-1,1,-1,1,-1,-1,-1,-1,-1,-1,-1,-1,-1,-1,-1,-1,1,1,-1,-1,-1,-1,-1,-1,-1,-1,1,-1,-1,1,-1,1,-1,1,-1,1,-1,-1,1,-1,1,-1,-1,-1,-1,1,-1,1,1,-1,-1,-1,1,-1,1,-1,1,-1,-1,1,1,-1,-1,1,-1,1,1,1,-1,1,1,-1,-1,1,-1,1,-1,1,1,-1,1,1,-1,-1,-1,1,-1,1,-1,-1,-1,1,1,-1,1,-1,1,-1,1,-1,1,1,1,-1,-1,1,-1,1,1,1,-1,-1,1,-1,1,1,1,1,-1,1,1,-1,1,1,1,-1,-1,1,-1,1,1,-1,-1,-1,1,1,1,1,-1,-1,1,-1,1,1,1,1,-1,-1,1,1,1,1,1,-1,1,1,1,1,-1,1,-1,-1,-1,1,1,1,1,-1,-1,1,1,1,1,1,-1,1,-1,1,1,1,1,-1,-1,1,-1,1,1,-1,-1,1,1,1,1,1,-1,-1,-1,-1,-1,-1,1,-1,-1,-1,-1,-1,1,1,-1,-1,-1,-1,-1,1,1,-1,1,1,-1,-1,1,1,1,1,-1,1,-1,-1,1,-1,1,-1,1,-1,-1,1,1,-1,1,-1,1,1,-1,-1,-1,-1,1,-1,1,1,-1,1,1,1,-1,1,-1,-1,1,1,-1,1,1,-1,-1,1,1,-1,-1,1,-1,-1,1,1,1,1,-1,-1,-1,1,1,1,1,1,1,-1,1,-1,1,1,1,-1,-1,1,1,1,-1,1,-1,1,1,1,1,1,-1,1,-1,1,1,1,-1,-1,-1,-1,1,1,1,1,-1,1,-1,-1,1,1,1,1,1,-1,1,1,-1,1,-1,1,-1,1,-1,1,1,1,1,1,1,1,-1,1,1,-1,1,1,-1,1,1,1,-1,1,1,-1,1,-1,1,-1,1,1,-1,1,1,-1,1,1,-1,1,1,-1,1,1,1,1,-1,1,-1,-1,-1,1,1,-1,1,-1,1,-1,1,-1,-1,1,-1,-1,1,1,1,-1,-1,1,-1,1,1,1,1,-1,1,-1,-1,-1,1,1,-1,1,-1,1,1,1,-1,1,-1,1,1,-1,-1,1,1,1,1,-1,-1,1,-1,1,1,1,-1,-1,-1,1,-1,1,1,1,-1,-1,-1,1,1,-1,1,-1,-1,-1,1,1,1,1,-1,-1,1,1,1,1,1,-1,-1,-1,-1,1,-1,1,-1,1,-1,-1,1,1,1,-1,-1,1,1,-1,-1,1,1,-1,-1,-1,-1,1,1,1,-1,-1,1,-1,1,1,1,-1,-1,1,-1,1,1,-1,-1,-1,-1,-1,1,1,-1,1,-1,-1,1,-1,1,1,-1,1,-1,-1,1,1,1,-1,1,-1,1,1,1,1,-1,-1,1,1,1,1,1,-1,1,1,-1,1,1,1,-1,-1,1,1,1,-1,1,-1,1,1,1,1,1,1,-1,-1,1,1,1,1,1,-1,-1,1,1,1,1,-1,1,-1,1,-1,1,-1,-1,1,-1,1,-1,1,1,-1,-1,1,-1,1,1,-1,1,-1,1,1,-1,1,1,-1,1,1,-1,-1,1,1,1,-1,1,1,1,1,1,1,-1,1,1,-1,1,1,-1,-1,1,1,-1,1,1,1,1,1,1,-1,1,1,-1,-1,1,-1,-1,1,1,-1,1,-1,1,-1,1,1,1,1,1,1,-1,1,1,-1,1,-1,1,-1,1,1,1,1,1,1,-1,1,1,1,1,1,-1,-1,1,-1,1,1,-1,-1,1,1,1,1,1,-1,-1,-1,1,1,1,1,-1,-1,-1,1,1,-1,1,1,-1,-1,1,-1,1,1,1,-1,-1,1,1,1,1,1,-1,1,1,1,-1,1,-1,-1,-1,1,1,1,1,1,-1,-1,-1,1,1,1,1,-1,1,1,1,1,-1,1,-1,1,1,1,1,1,1,-1,-1,-1,1,1,1,1,-1,1,1,1,-1,1,-1,-1,1,1,1,-1,1,-1,-1,1,1,-1,1,1,-1,-1,1,1,1,-1,1,-1,1,1,1,1,-1,1,1,-1,-1,-1,1,1,-1,1,-1,1,-1,1,-1,-1,-1,1,-1,-1,1,1,-1,1,-1,1,-1,1,1,-1,1,-1,1,-1,1,1,-1,1,-1,1,-1,1,1,-1,1,-1,-1,1,1,1,-1,1,-1,1,1,1,-1,1,-1,1,1,1,1,1,1,-1,-1,1,1,-1,1,1,-1,-1,1,-1,1,1,-1,1,-1,1,-1,1,1,1,1,-1,1,-1,1,1,-1,1,-1,-1,1,1,-1,1,1,-1,-1,-1,1,-1,1,-1,1,-1,-1,1,1,-1,-1,1,-1,1,1,1,1,-1,1,-1,1,1,1,-1,1,-1,1,1,1,1,-1,1,1,-1,-1,1,1,-1,1,-1,1,1,-1,1,1,1,-1,-1,-1,1,1,-1,-1,1,1,1,-1,1,-1,1,-1,1,1,1,1,-1,1,-1,1,1,1,1,-1,1,1,1,1,1,1,-1,1,-1,1,1,1,1,-1,1,-1,1,1,-1,1,-1,1,1,1,1,-1,1,1,-1,1,1,1,-1,1,-1,1,-1,1,-2638.0,1,2000,445,500,True
2963,1,1,-1,-1,1,-1,1,1,1,1,1,-1,1,1,1,1,-1,1,-1,-1,1,1,1,1,1,-1,1,1,1,1,1,1,1,-1,1,1,-1,1,1,-1,-1,1,1,1,1,1,-1,-1,1,-1,1,1,1,1,-1,1,1,-1,1,1,-1,-1,-1,-1,1,1,1,-1,-1,1,1,-1,1,1,-1,1,1,1,1,1,1,-1,-1,1,-1,1,1,1,-1,1,1,1,-1,1,-1,-1,1,-1,-1,-1,1,-1,-1,1,-1,-1,-1,1,-1,1,1,1,-1,-1,1,1,-1,1,1,-1,-1,1,1,-1,1,1,-1,-1,1,1,1,1,-1,-1,-1,-1,-1,1,1,-1,-1,-1,-1,1,-1,1,1,-1,-1,-1,1,-1,1,1,1,-1,-1,-1,-1,1,-1,-1,-1,-1,1,-1,1,-1,1,-1,-1,-1,1,1,-1,-1,-1,1,-1,1,-1,1,1,-1,-1,-1,1,-1,-1,-1,-1,-1,-1,1,-1,-1,1,-1,-1,-1,1,-1,-1,1,-1,-1,1,1,1,-1,1,-1,1,1,-1,-1,-1,1,-1,1,-1,1,1,-1,1,1,-1,-1,1,1,-1,1,-1,-1,1,1,1,-1,1,-1,-1,-1,1,-1,-1,1,1,-1,1,-1,1,-1,1,-1,-1,-1,1,-1,-1,1,-1,1,-1,-1,1,-1,1,1,1,-1,-1,1,-1,1,1,1,1,-1,1,-1,1,1,1,-1,-1,1,-1,1,1,1,-1,-1,1,-1,1,-1,1,-1,1,-1,1,1,1,1,1,-1,1,-1,1,1,1,1,-1,1,1,1,1,1,1,-1,-1,1,1,-1,1,1,1,-1,1,1,1,1,1,1,1,1,1,1,1,1,-1,1,-1,1,1,1,1,-1,-1,1,1,1,-1,1,1,1,-1,1,1,1,1,1,-1,1,1,1,1,1,1,-1,1,1,1,1,1,1,-1,1,1,1,-1,1,1,1,1,1,1,1,-1,1,-1,1,-1,1,-1,1,1,1,-1,-1,1,1,-1,1,-1,1,1,1,-1,-1,-1,-1,1,-1,1,-1,1,1,-1,1,1,-1,-1,1,1,-1,1,1,-1,1,1,1,1,1,1,-1,-1,-1,1,1,1,-1,-1,-1,1,-1,-1,1,1,1,1,-1,-1,1,-1,1,-1,-1,1,-1,-1,1,1,-1,1,1,-1,1,-1,-1,1,-1,1,-1,-1,-1,-1,-1,-1,1,-1,-1,1,-1,1,-1,1,-1,1,-1,1,1,-1,1,-1,-1,1,-1,1,-1,1,-1,-1,-1,1,1,1,1,-1,-1,1,1,-1,1,-1,1,-1,1,1,-1,1,-1,-1,-1,-1,1,-1,1,-1,1,-1,1,-1,1,1,-1,-1,1,-1,1,1,1,1,-1,1,-1,-1,-1,1,1,-1,-1,-1,1,-1,1,-1,-1,1,-1,-1,1,1,1,-1,-1,-1,-1,-1,1,1,-1,-1,1,-1,-1,-1,1,1,-1,1,-1,1,1,-1,-1,1,-1,1,1,-1,-1,1,1,1,-1,1,-1,1,-1,1,1,1,-1,-1,-1,1,-1,1,-1,1,-1,-1,-1,1,1,-1,1,-1,-1,-1,1,1,-1,1,-1,-1,1,1,1,-1,1,-1,-1,-1,-1,1,1,1,-1,1,-1,-1,1,-1,1,-1,-1,1,1,-1,-1,1,1,-1,-1,-1,-1,-1,1,1,-1,-1,1,-1,-1,-1,1,-1,-1,1,-1,1,1,-1,-1,-1,-1,-1,1,1,-1,1,-1,-1,1,1,1,1,-1,1,-1,-1,-1,1,-1,1,1,-1,1,-1,1,1,-1,-1,1,1,1,1,1,-1,1,1,-1,-1,1,1,-1,-1,1,1,-1,1,1,-1,-1,1,1,-1,1,1,1,-1,1,1,-1,1,1,-1,-1,1,1,-1,1,1,1,-1,1,-1,-1,1,-1,1,-1,1,-1,-1,1,-1,-1,1,-1,1,-1,1,1,-1,1,1,-1,-1,1,-1,-1,1,-1,-1,-1,1,1,-1,1,1,-1,-1,1,1,-1,1,1,-1,-1,-1,1,-1,1,1,-1,-1,-1,1,-1,1,1,-1,-1,1,-1,-1,-1,-1,-1,-1,-1,-1,-1,1,-1,-1,-1,-1,1,-1,-1,1,-1,-1,-1,1,-1,-1,1,-1,-1,-1,1,-1,1,1,-1,-1,-1,1,-1,1,-1,-1,-1,1,1,-1,1,-1,1,-1,1,1,-1,-1,-1,-1,1,1,1,-1,1,1,-1,-1,1,-1,1,-1,-1,-1,1,1,1,-1,1,1,1,1,1,1,-1,1,-1,1,-1,1,-1,1,-1,1,1,-1,1,1,1,-1,-1,1,1,1,1,1,-1,1,1,1,1,1,1,-1,1,1,-1,1,1,1,-1,1,1,1,-1,1,-1,1,1,1,1,1,1,-1,-1,1,1,1,-1,1,-1,-1,1,1,1,-1,1,1,-1,1,1,1,1,-1,1,-1,1,1,1,1,-1,1,-1,1,1,1,-1,-1,1,-1,1,1,1,-1,1,1,-1,1,-1,1,1,-1,1,-1,-1,1,-1,1,-1,1,-1,1,1,1,1,-1,-1,1,1,1,1,-1,-1,1,1,-1,1,1,-1,-1,1,1,-1,1,1,-1,-1,-1,1,1,1,-1,-1,-1,1,-1,1,1,-1,1,-1,1,1,1,1,1,-1,1,-1,1,1,1,1,-1,1,-1,1,-1,1,1,-1,1,-1,-1,1,1,-1,-1,1,-1,1,1,-1,1,-1,1,-1,1,1,-1,1,-1,-1,1,-1,-1,1,-1,-1,1,1,-1,-1,1,-1,1,1,-1,1,1,1,-1,1,1,-1,1,1,1,-1,-1,1,-1,-1,1,1,-1,1,1,1,-1,-1,-1,1,1,1,-1,-1,1,1,-1,-1,1,-1,-1,-1,1,1,1,1,-1,-1,1,1,-1,1,1,1,-1,1,1,-1,1,1,1,-1,1,1,1,1,1,1,-1,1,-1,-1,1,1,1,-1,-1,1,-1,1,1,1,1,-1,1,1,-1,1,1,-1,-1,1,-2638.0,1,2000,445,500,True
2964,1,1,-1,-1,1,1,-1,1,1,1,1,-1,-1,-1,1,1,-1,1,-1,-1,-1,1,1,1,1,1,-1,-1,1,1,1,1,-1,-1,-1,1,-1,1,1,1,-1,-1,1,1,1,1,1,1,-1,1,1,1,1,1,-1,1,-1,-1,1,1,1,-1,-1,-1,1,1,1,1,1,-1,1,-1,1,1,1,1,1,1,-1,1,1,-1,1,-1,-1,1,1,1,1,1,1,1,-1,1,1,1,-1,1,-1,1,1,1,1,1,-1,-1,-1,1,1,1,1,1,-1,-1,1,1,1,1,1,-1,-1,1,1,1,1,1,-1,-1,1,1,1,1,-1,-1,-1,1,1,1,1,-1,-1,-1,1,1,1,1,1,-1,-1,-1,1,1,1,1,1,-1,-1,1,1,1,-1,1,-1,-1,1,-1,1,-1,1,-1,1,-1,1,1,-1,-1,-1,1,1,1,-1,1,1,-1,1,-1,1,-1,-1,-1,-1,1,-1,1,-1,-1,1,-1,1,-1,1,-1,-1,1,-1,1,1,1,1,-1,1,-1,1,-1,1,-1,-1,1,1,1,-1,1,1,-1,1,1,-1,1,-1,1,-1,1,-1,1,-1,1,1,-1,1,1,1,-1,1,-1,-1,1,1,1,-1,-1,1,-1,1,1,-1,-1,1,-1,-1,1,1,1,-1,1,1,-1,1,-1,-1,-1,1,1,-1,1,1,-1,-1,1,-1,-1,1,-1,1,-1,-1,1,-1,1,1,1,-1,1,1,-1,1,1,-1,-1,-1,1,1,1,-1,-1,-1,-1,1,-1,1,1,1,-1,1,1,1,1,-1,-1,-1,1,1,1,-1,1,-1,-1,-1,1,1,1,-1,-1,-1,-1,-1,1,1,-1,-1,-1,1,1,-1,1,-1,-1,-1,-1,1,1,1,-1,1,-1,1,1,-1,1,-1,-1,-1,-1,-1,1,1,-1,-1,-1,-1,-1,1,-1,-1,-1,-1,-1,1,1,-1,-1,-1,1,1,1,1,-1,-1,1,1,-1,-1,1,1,-1,-1,1,-1,-1,-1,1,-1,-1,-1,1,-1,1,-1,-1,-1,-1,-1,-1,1,1,-1,-1,1,1,-1,1,-1,-1,-1,1,1,-1,1,-1,-1,-1,1,-1,1,1,-1,-1,-1,-1,1,-1,-1,1,-1,-1,1,-1,-1,1,-1,-1,-1,1,-1,1,-1,1,-1,-1,1,-1,-1,1,-1,-1,1,1,-1,1,-1,1,-1,-1,1,-1,-1,-1,-1,-1,-1,1,-1,-1,1,1,-1,-1,-1,-1,1,-1,-1,1,-1,1,-1,-1,1,1,-1,-1,1,-1,-1,-1,-1,-1,1,1,-1,-1,1,1,-1,1,-1,1,-1,1,1,-1,1,-1,-1,-1,-1,-1,-1,1,-1,1,-1,1,1,-1,1,-1,-1,1,-1,-1,1,-1,1,-1,1,-1,1,-1,1,1,-1,-1,-1,1,-1,1,-1,-1,1,-1,1,1,1,1,-1,-1,-1,1,-1,1,1,-1,-1,1,1,1,-1,1,1,-1,1,1,1,1,1,-1,1,-1,1,1,-1,1,-1,1,-1,1,-1,-1,-1,1,-1,-1,1,-1,-1,-1,1,1,-1,1,1,-1,-1,1,1,-1,-1,1,-1,-1,-1,-1,-1,-1,1,-1,-1,-1,-1,-1,-1,1,-1,-1,1,1,1,1,1,-1,-1,1,1,-1,-1,1,-1,-1,-1,1,-1,-1,1,1,-1,1,1,1,-1,1,-1,1,1,1,-1,-1,1,1,-1,1,1,-1,1,1,-1,1,1,1,-1,1,1,-1,-1,1,-1,1,1,1,-1,1,1,1,-1,-1,1,-1,1,1,1,1,-1,1,1,1,1,1,1,1,1,-1,1,1,1,-1,-1,1,1,1,1,1,1,-1,1,-1,1,1,1,1,-1,1,1,-1,1,-1,1,-1,1,1,1,1,1,1,-1,1,-1,1,1,1,-1,-1,-1,-1,1,1,1,-1,-1,1,-1,1,1,1,1,-1,-1,-1,1,1,1,-1,-1,1,-1,1,1,-1,-1,-1,-1,1,1,1,1,-1,-1,-1,-1,1,1,1,-1,-1,-1,-1,1,1,1,-1,-1,-1,-1,1,1,1,-1,-1,-1,1,1,1,-1,-1,-1,-1,-1,1,-1,1,-1,-1,-1,-1,1,1,1,-1,-1,-1,-1,1,1,1,-1,-1,-1,-1,1,1,1,-1,-1,-1,1,1,1,-1,-1,-1,-1,1,1,-1,-1,1,-1,1,1,1,-1,-1,-1,1,-1,1,1,-1,1,-1,-1,-1,1,-1,1,-1,-1,1,-1,1,1,1,1,1,-1,1,1,1,1,-1,1,-1,-1,1,1,-1,1,1,-1,-1,1,1,1,-1,1,1,-1,1,-1,1,-1,1,-1,-1,-1,1,1,-1,1,-1,-1,1,-1,1,1,1,1,-1,1,1,1,1,1,-1,1,1,1,-1,1,1,-1,-1,-1,1,-1,1,1,-1,1,-1,1,-1,1,1,-1,-1,-1,1,-1,1,1,-1,-1,-1,-1,1,1,1,1,-1,-1,-1,1,1,1,-1,-1,-1,-1,-1,1,-1,1,-1,-1,-1,1,1,1,1,-1,-1,-1,-1,1,1,1,-1,1,-1,1,1,1,1,-1,-1,-1,1,-1,1,-1,-1,-1,-1,1,-1,1,-1,-1,-1,1,1,1,1,1,-1,-1,-1,1,1,1,-1,1,-1,-1,1,1,-1,1,-1,1,-1,1,1,1,1,-1,1,-1,1,-1,1,1,-1,1,1,-1,1,1,1,-1,1,-1,1,1,-1,1,-1,1,-1,1,1,-1,1,-1,-1,1,-1,-1,1,1,-1,1,1,-1,-1,1,1,1,1,-1,1,1,1,-1,1,1,-1,1,1,1,-1,-1,1,-1,-1,1,1,-1,1,1,1,-1,-1,-1,1,1,1,-1,-1,1,1,1,-1,1,-1,-1,-1,1,1,1,1,-1,-1,1,1,1,1,1,1,-1,1,1,1,1,1,1,-1,1,1,-1,-1,1,1,-1,1,-1,1,1,1,1,-1,-1,1,1,-1,1,1,1,-1,1,1,-1,1,1,-1,-1,1,-2638.0,1,2000,445,500,True
2965,-1,-1,1,1,1,1,-1,1,-1,-1,-1,1,-1,-1,-1,-1,1,-1,1,-1,-1,1,-1,-1,-1,1,-1,-1,-1,-1,-1,-1,1,-1,-1,1,1,-1,-1,1,-1,-1,1,-1,-1,-1,-1,1,-1,-1,1,-1,1,1,-1,1,-1,1,-1,-1,-1,1,-1,1,-1,-1,-1,-1,1,-1,1,-1,-1,-1,1,1,1,1,-1,-1,-1,-1,1,-1,-1,-1,-1,1,1,1,1,-1,-1,-1,-1,1,-1,1,-1,1,-1,-1,1,1,-1,-1,-1,-1,-1,1,1,1,-1,1,-1,-1,1,1,1,-1,-1,-1,-1,1,1,1,-1,-1,1,-1,1,1,-1,-1,-1,-1,-1,1,1,-1,-1,-1,1,-1,-1,1,1,-1,-1,-1,-1,1,1,1,1,-1,1,-1,-1,1,-1,1,-1,-1,1,-1,1,-1,1,-1,-1,-1,1,1,-1,-1,-1,1,-1,1,-1,1,1,-1,-1,-1,1,-1,-1,-1,-1,1,-1,1,-1,-1,1,-1,1,-1,1,-1,-1,1,-1,1,-1,1,1,-1,1,-1,1,1,-1,-1,-1,1,-1,1,-1,1,1,-1,1,1,-1,-1,1,1,-1,1,1,-1,1,1,1,-1,1,-1,1,-1,1,1,-1,1,1,-1,-1,-1,1,-1,1,-1,-1,-1,1,-1,-1,1,-1,1,-1,1,1,-1,1,1,-1,-1,1,-1,1,1,1,-1,-1,1,-1,1,1,1,1,-1,1,1,-1,1,1,1,-1,-1,1,-1,1,1,-1,-1,-1,1,1,1,1,-1,-1,1,1,-1,1,1,1,-1,-1,1,1,1,1,1,-1,1,-1,1,1,-1,1,-1,-1,-1,1,1,1,1,-1,-1,1,1,1,1,-1,-1,-1,1,-1,1,1,-1,-1,-1,-1,1,1,1,1,-1,-1,1,-1,1,1,-1,-1,-1,-1,1,1,1,1,-1,-1,-1,1,-1,1,1,-1,-1,-1,1,-1,1,1,1,-1,1,1,-1,1,-1,-1,-1,-1,1,1,-1,1,1,-1,-1,-1,1,-1,1,-1,1,-1,1,-1,-1,1,-1,-1,-1,1,1,-1,1,-1,1,-1,1,-1,1,-1,1,-1,-1,1,-1,1,-1,1,-1,1,1,-1,-1,-1,1,-1,1,1,1,-1,-1,1,-1,-1,1,-1,-1,1,-1,1,1,-1,1,-1,1,-1,-1,-1,1,-1,-1,1,1,1,-1,-1,1,-1,-1,1,1,-1,-1,-1,-1,-1,1,1,-1,1,1,-1,1,-1,1,1,-1,-1,1,-1,1,1,-1,1,1,-1,1,1,1,1,-1,-1,-1,1,1,1,-1,1,1,-1,1,1,-1,-1,1,1,-1,1,1,1,1,-1,-1,-1,1,1,1,-1,1,1,-1,-1,1,1,1,-1,-1,1,-1,1,1,1,-1,1,-1,1,1,1,1,-1,1,-1,-1,1,1,1,-1,1,1,-1,1,1,1,1,1,-1,-1,1,1,1,1,1,1,1,1,1,1,1,1,1,-1,1,1,1,-1,1,1,-1,1,-1,1,-1,-1,1,-1,-1,1,-1,-1,1,-1,-1,-1,1,1,-1,1,1,-1,-1,1,1,-1,-1,1,-1,-1,-1,-1,-1,1,1,-1,-1,-1,-1,-1,1,1,-1,-1,1,1,1,-1,1,-1,-1,1,1,-1,1,1,-1,-1,-1,1,-1,-1,1,1,-1,1,1,1,1,1,1,-1,-1,1,-1,1,1,1,-1,-1,1,-1,1,1,-1,-1,1,1,-1,1,1,-1,-1,1,-1,1,-1,1,1,-1,1,1,-1,1,1,1,-1,1,1,1,1,1,1,-1,-1,1,1,1,1,1,-1,1,1,-1,1,1,1,-1,-1,1,1,1,-1,1,-1,-1,1,1,1,1,1,-1,-1,-1,1,1,1,1,-1,-1,1,1,1,1,-1,1,-1,1,1,1,-1,-1,1,-1,-1,1,1,1,-1,1,-1,1,1,1,-1,1,-1,-1,1,1,1,1,-1,1,1,-1,1,1,-1,1,-1,-1,1,-1,1,1,1,1,-1,1,1,1,1,-1,-1,1,-1,1,1,-1,1,1,-1,1,-1,1,1,-1,-1,1,-1,1,1,1,-1,1,-1,1,-1,1,1,1,1,-1,1,-1,1,1,-1,1,1,1,-1,1,1,1,1,1,1,-1,1,1,1,1,1,-1,-1,1,-1,1,1,1,-1,1,1,1,1,1,-1,-1,-1,-1,1,1,1,1,-1,-1,1,1,-1,1,1,-1,-1,1,-1,1,1,1,-1,-1,1,1,1,1,1,1,-1,-1,1,-1,1,-1,-1,-1,1,1,1,1,1,1,-1,-1,1,1,1,1,-1,-1,-1,-1,1,-1,1,-1,-1,1,-1,1,1,1,-1,-1,1,-1,1,1,1,1,-1,-1,1,-1,1,-1,-1,-1,1,-1,-1,1,1,-1,1,-1,1,-1,1,1,-1,-1,-1,-1,-1,1,1,-1,-1,1,1,-1,1,1,-1,-1,-1,-1,-1,1,1,-1,-1,-1,-1,1,1,1,-1,1,1,-1,-1,-1,1,1,-1,-1,-1,1,-1,1,1,-1,-1,-1,1,-1,1,1,1,1,-1,-1,-1,1,1,-1,-1,-1,-1,1,1,1,-1,-1,-1,-1,-1,1,1,-1,-1,-1,1,1,-1,1,-1,-1,1,-1,1,1,1,-1,1,-1,-1,1,1,1,-1,1,-1,1,-1,1,-1,1,1,-1,1,1,-1,1,-1,1,-1,1,-1,1,1,-1,1,-1,1,-1,1,-1,-1,1,-1,-1,1,-1,-1,1,1,-1,1,1,-1,-1,1,1,1,1,-1,1,1,1,-1,1,1,-1,1,1,-1,-1,-1,1,-1,-1,1,1,-1,1,1,1,-1,-1,-1,1,1,1,-1,-1,1,1,1,-1,1,-1,-1,-1,1,1,1,1,-1,-1,1,1,1,1,1,1,-1,1,1,1,1,1,1,-1,1,1,-1,-1,1,-1,-1,1,-1,1,1,1,1,-1,-1,1,1,-1,1,-1,1,-1,1,1,-1,1,1,-1,-1,1,-2636.0,1,2000,445,500,True
2966,-1,-1,1,1,1,1,-1,1,-1,-1,-1,1,-1,1,-1,-1,1,-1,1,-1,-1,1,-1,-1,-1,1,-1,-1,1,-1,-1,-1,1,-1,-1,1,1,-1,-1,1,-1,-1,1,-1,-1,-1,-1,1,-1,-1,-1,-1,1,1,-1,-1,-1,1,-1,-1,-1,1,-1,1,-1,-1,-1,-1,1,-1,1,-1,-1,-1,-1,1,-1,1,-1,-1,-1,1,1,-1,-1,-1,-1,-1,1,-1,-1,-1,-1,-1,-1,1,1,1,-1,1,-1,-1,1,1,1,-1,-1,-1,-1,1,1,-1,-1,-1,-1,-1,-1,1,1,-1,-1,1,-1,-1,1,-1,-1,-1,1,-1,-1,1,1,-1,-1,1,-1,-1,1,1,-1,-1,1,-1,-1,1,1,-1,-1,-1,-1,-1,-1,1,1,-1,1,1,-1,-1,1,-1,-1,-1,-1,-1,1,1,1,-1,-1,-1,-1,1,1,-1,-1,1,-1,-1,1,-1,1,-1,-1,-1,-1,1,1,-1,-1,1,-1,-1,1,1,1,-1,1,-1,-1,-1,1,1,-1,1,-1,-1,-1,1,1,-1,1,-1,1,1,1,1,-1,1,-1,1,1,1,1,1,-1,1,-1,-1,1,1,-1,-1,1,-1,-1,1,1,-1,-1,1,-1,1,1,1,1,-1,1,-1,1,1,1,-1,1,1,-1,1,1,1,-1,-1,1,1,-1,-1,1,1,1,1,1,1,-1,1,1,1,1,1,1,-1,1,1,1,1,1,-1,1,1,1,-1,1,1,1,1,1,-1,1,1,1,1,-1,1,1,1,1,1,1,-1,1,1,-1,1,1,1,-1,1,1,1,1,-1,1,-1,1,-1,1,1,1,1,-1,1,1,1,1,1,1,-1,1,1,1,1,1,-1,1,1,1,1,1,1,1,-1,1,1,-1,1,1,-1,1,1,1,1,1,1,1,-1,1,-1,1,1,1,1,-1,1,1,1,1,1,1,-1,1,1,-1,-1,1,1,-1,1,1,1,1,1,1,-1,-1,1,-1,1,1,1,1,1,1,1,-1,1,-1,-1,1,1,-1,-1,1,1,-1,1,1,-1,1,-1,1,-1,1,-1,-1,-1,1,-1,1,1,-1,1,-1,-1,1,-1,1,1,1,-1,1,-1,-1,-1,1,-1,1,-1,-1,1,1,1,-1,1,-1,-1,1,1,1,1,-1,1,-1,1,1,1,1,1,-1,-1,1,-1,1,-1,1,-1,-1,-1,-1,1,1,1,-1,-1,1,-1,1,1,1,-1,-1,-1,1,-1,1,1,-1,-1,1,-1,1,1,1,1,-1,-1,1,1,1,1,-1,-1,1,1,1,1,-1,1,-1,1,-1,1,1,-1,1,-1,-1,1,1,1,-1,1,-1,-1,-1,1,1,-1,-1,1,-1,1,1,1,1,-1,1,-1,-1,-1,1,1,-1,1,-1,1,-1,1,-1,-1,1,-1,-1,1,-1,1,-1,-1,1,-1,1,-1,1,1,-1,1,-1,-1,1,1,1,-1,1,-1,1,-1,-1,-1,1,-1,1,1,-1,-1,1,1,1,-1,1,-1,1,-1,1,1,1,-1,-1,-1,1,-1,1,1,1,-1,-1,-1,1,1,-1,1,-1,-1,-1,1,1,1,1,-1,-1,-1,1,1,1,1,-1,-1,-1,-1,1,-1,1,-1,1,-1,-1,1,1,1,-1,-1,1,1,1,-1,1,1,-1,-1,-1,-1,1,1,1,-1,-1,-1,1,1,1,1,-1,-1,-1,-1,1,1,-1,-1,-1,-1,-1,1,1,-1,1,-1,1,1,1,1,1,-1,-1,-1,-1,1,1,-1,1,-1,-1,1,1,1,1,-1,1,-1,-1,1,1,1,-1,1,-1,1,1,1,1,-1,-1,-1,1,1,-1,1,-1,1,-1,-1,1,1,1,1,-1,1,-1,1,1,1,-1,-1,-1,-1,1,1,-1,1,-1,1,-1,1,-1,-1,1,-1,1,-1,1,1,-1,-1,1,1,1,1,-1,1,-1,1,-1,1,1,1,-1,-1,1,-1,1,1,-1,1,-1,1,-1,-1,1,1,1,-1,1,-1,1,1,-1,1,-1,1,-1,1,1,1,-1,-1,1,-1,-1,1,-1,1,1,-1,-1,-1,1,1,-1,-1,1,-1,-1,1,1,-1,-1,-1,1,-1,1,1,-1,-1,-1,1,-1,1,1,1,-1,1,1,-1,1,1,-1,-1,1,-1,-1,1,1,-1,-1,1,-1,1,1,1,-1,-1,1,-1,-1,-1,1,-1,-1,-1,1,1,1,1,1,-1,1,-1,-1,1,1,1,-1,-1,-1,1,1,1,1,-1,-1,1,1,1,1,1,-1,1,-1,1,1,1,1,-1,-1,-1,1,-1,1,1,-1,-1,1,1,-1,1,1,-1,-1,1,1,1,1,1,1,-1,1,1,-1,1,-1,-1,1,1,1,1,1,1,-1,1,1,1,1,1,-1,-1,-1,1,1,-1,1,-1,-1,-1,1,1,-1,1,1,-1,-1,1,-1,1,1,1,-1,-1,1,1,-1,1,1,-1,-1,1,1,-1,1,-1,-1,-1,1,-1,1,-1,1,-1,-1,-1,1,-1,-1,1,-1,-1,-1,1,-1,-1,1,-1,-1,1,1,1,-1,1,-1,-1,1,-1,-1,1,1,-1,1,1,1,-1,1,-1,-1,1,-1,1,-1,-1,-1,-1,-1,1,1,-1,-1,1,-1,1,1,-1,1,-1,1,-1,-1,1,1,1,-1,1,-1,-1,1,1,1,-1,-1,-1,1,1,-1,1,-1,-1,1,-1,1,-1,1,-1,1,1,-1,1,-1,1,-1,1,-1,1,1,1,1,-1,-1,-1,1,-1,1,1,1,-1,1,-1,1,1,1,-1,-1,1,1,1,-1,1,-1,-1,1,1,1,1,1,-1,-1,-1,1,-1,-1,-1,-1,-1,1,-1,1,1,1,-1,1,1,1,-1,1,1,-1,-1,1,1,1,1,1,-1,-1,1,1,1,1,1,-1,-1,1,1,-1,1,1,-1,-1,1,1,-1,1,1,1,-1,1,1,1,1,1,-1,-1,-1,-1,1,1,-1,1,-1,1,1,-1,1,-2636.0,1,2000,445,1000,True
2967,-1,-1,1,1,1,1,-1,1,-1,-1,-1,1,-1,1,-1,-1,1,-1,1,-1,-1,1,-1,-1,-1,1,-1,-1,1,-1,-1,-1,1,-1,-1,1,1,-1,-1,1,-1,-1,1,-1,-1,-1,-1,1,-1,-1,-1,-1,1,1,-1,-1,-1,1,-1,-1,-1,1,-1,1,-1,-1,-1,-1,1,-1,1,-1,-1,-1,1,1,1,1,-1,-1,-1,-1,1,-1,-1,-1,-1,1,1,-1,1,-1,-1,-1,1,1,1,-1,-1,1,-1,1,1,1,-1,-1,-1,-1,1,1,1,-1,-1,-1,-1,1,1,1,1,-1,-1,-1,-1,1,1,-1,-1,-1,-1,1,1,1,-1,-1,-1,1,1,1,1,-1,-1,-1,1,-1,1,1,1,-1,-1,-1,-1,1,1,-1,1,-1,1,1,1,1,-1,1,-1,-1,1,-1,1,-1,1,-1,1,-1,1,1,-1,-1,-1,-1,1,1,-1,1,1,-1,1,-1,1,-1,-1,-1,-1,1,-1,1,-1,-1,1,-1,1,-1,1,-1,-1,1,-1,1,1,1,1,-1,1,-1,1,-1,1,-1,-1,1,-1,1,-1,1,1,-1,1,1,-1,1,-1,1,-1,1,1,1,-1,1,1,-1,1,-1,1,-1,1,-1,-1,1,1,1,-1,-1,1,-1,1,-1,-1,1,1,-1,-1,1,-1,1,-1,1,1,-1,1,1,-1,-1,1,1,-1,1,1,-1,-1,1,1,-1,1,1,1,-1,1,1,-1,1,1,1,-1,1,1,-1,1,1,-1,-1,-1,1,1,1,1,-1,-1,1,1,-1,1,1,1,-1,-1,1,1,1,1,1,-1,1,1,1,1,-1,1,-1,-1,1,1,1,1,1,-1,-1,1,1,1,1,-1,-1,1,1,-1,1,1,-1,-1,-1,1,1,1,1,1,-1,1,1,-1,1,1,-1,-1,-1,-1,1,1,1,1,-1,-1,-1,1,-1,1,-1,-1,-1,1,1,-1,1,1,1,1,-1,1,-1,1,1,1,-1,-1,1,1,-1,1,1,-1,1,-1,1,-1,1,-1,1,-1,1,-1,-1,1,1,-1,-1,1,1,-1,1,-1,1,-1,1,-1,1,1,1,1,1,1,-1,1,1,1,1,-1,1,-1,-1,1,-1,1,1,1,1,-1,1,1,1,1,1,-1,-1,1,-1,-1,1,-1,1,-1,-1,1,1,1,1,-1,-1,-1,-1,1,1,-1,1,-1,1,-1,1,1,1,-1,-1,-1,-1,1,1,1,1,-1,-1,1,1,1,1,-1,1,-1,1,1,-1,1,1,-1,-1,-1,-1,1,1,-1,-1,-1,1,1,1,-1,1,-1,-1,1,-1,1,-1,1,-1,-1,1,-1,1,-1,-1,-1,-1,1,-1,1,1,1,-1,-1,1,1,1,-1,-1,1,-1,-1,-1,1,-1,1,-1,1,-1,-1,-1,-1,1,-1,-1,1,-1,1,-1,1,1,1,-1,1,-1,1,1,-1,1,-1,1,-1,1,1,1,-1,1,1,-1,1,1,1,1,1,-1,1,-1,1,1,-1,1,-1,1,-1,-1,1,-1,-1,1,-1,-1,1,-1,-1,-1,1,1,-1,1,1,-1,-1,1,1,-1,-1,1,-1,-1,-1,-1,-1,1,1,-1,-1,-1,-1,-1,1,1,-1,-1,1,1,1,-1,1,-1,1,1,1,-1,1,1,-1,-1,-1,1,-1,-1,1,1,-1,1,1,1,1,1,1,-1,-1,1,-1,1,1,1,-1,-1,1,-1,1,1,-1,-1,1,1,-1,1,1,-1,-1,1,-1,1,1,1,1,-1,1,1,-1,1,1,1,-1,1,1,1,1,1,1,-1,-1,1,1,1,1,1,-1,1,1,-1,1,1,1,-1,-1,1,1,1,-1,1,-1,-1,1,1,1,1,1,-1,-1,-1,1,1,1,1,-1,-1,1,1,1,1,-1,1,-1,-1,1,1,-1,-1,1,-1,-1,1,1,1,-1,1,-1,1,1,1,-1,-1,-1,-1,1,-1,1,1,-1,1,-1,1,-1,1,-1,1,-1,-1,1,1,1,1,-1,1,-1,1,1,1,1,-1,-1,-1,1,-1,1,1,-1,1,1,1,1,1,-1,1,1,-1,1,1,1,1,-1,1,-1,1,1,1,1,-1,1,1,-1,1,1,1,-1,1,1,-1,1,1,1,-1,1,1,-1,1,1,-1,1,1,-1,1,-1,1,-1,1,1,-1,1,1,1,1,1,1,-1,1,1,1,-1,1,1,1,-1,1,1,-1,1,-1,1,-1,1,1,-1,1,1,1,1,1,1,1,1,1,1,-1,-1,1,-1,1,1,-1,1,-1,1,-1,1,1,1,1,-1,-1,-1,1,1,1,-1,-1,-1,-1,-1,-1,1,-1,1,1,-1,1,1,1,-1,-1,1,-1,1,1,1,-1,1,-1,1,1,1,-1,-1,1,1,-1,-1,1,-1,-1,1,-1,1,-1,1,-1,-1,1,-1,-1,-1,1,-1,1,1,1,-1,-1,1,1,-1,-1,-1,-1,-1,-1,1,-1,1,-1,-1,1,-1,-1,1,-1,1,-1,-1,-1,1,-1,1,-1,-1,-1,-1,1,-1,1,-1,-1,1,-1,1,-1,1,1,-1,-1,-1,1,-1,1,-1,-1,-1,-1,1,-1,1,-1,-1,-1,1,-1,1,1,-1,-1,-1,-1,1,-1,1,-1,1,-1,1,-1,-1,1,1,-1,1,-1,1,-1,1,1,-1,1,-1,1,-1,1,1,-1,1,-1,-1,-1,-1,1,-1,1,-1,1,-1,-1,1,-1,1,-1,1,-1,-1,1,-1,-1,1,-1,-1,-1,1,-1,1,1,-1,1,-1,1,1,1,-1,1,-1,1,-1,1,1,-1,1,-1,-1,1,-1,1,-1,1,-1,1,1,-1,1,1,-1,1,-1,1,1,1,-1,-1,-1,1,1,1,1,-1,-1,1,1,1,1,1,-1,-1,1,1,1,1,1,1,-1,-1,1,1,1,1,1,-1,1,1,1,1,1,1,-1,1,1,1,1,1,1,-1,-1,1,1,1,1,1,1,-1,1,1,-1,1,1,-1,-1,1,-2636.0,1,2000,445,500,True
2968,-1,-1,1,1,1,1,-1,1,-1,-1,-1,1,-1,-1,-1,-1,1,-1,1,-1,-1,1,-1,-1,-1,1,-1,-1,1,-1,-1,-1,1,-1,-1,1,1,-1,-1,1,-1,-1,1,-1,-1,-1,1,1,-1,-1,1,-1,1,1,-1,1,-1,1,-1,-1,1,1,-1,1,-1,-1,-1,1,1,-1,1,-1,-1,-1,1,1,1,1,-1,-1,-1,-1,1,-1,-1,-1,-1,1,1,1,1,-1,-1,-1,-1,1,-1,1,-1,1,-1,-1,1,1,-1,-1,-1,-1,-1,1,1,1,-1,1,-1,-1,1,1,1,-1,-1,-1,-1,1,1,1,-1,-1,1,-1,1,1,-1,-1,-1,-1,-1,1,1,-1,-1,-1,-1,-1,-1,1,1,-1,-1,-1,-1,1,1,1,1,-1,-1,-1,-1,1,-1,1,-1,-1,-1,-1,1,-1,1,-1,-1,-1,1,1,-1,-1,-1,-1,-1,1,-1,1,1,-1,-1,-1,1,-1,-1,-1,-1,-1,-1,1,-1,-1,1,-1,-1,-1,1,-1,-1,1,-1,-1,1,1,1,-1,1,-1,1,1,-1,-1,-1,1,-1,1,-1,1,1,-1,1,1,-1,-1,1,1,-1,1,1,-1,1,1,1,-1,1,-1,-1,1,1,-1,-1,1,1,-1,-1,1,1,-1,1,-1,-1,-1,1,-1,-1,1,-1,-1,1,-1,1,-1,1,1,-1,1,-1,1,-1,1,1,1,-1,-1,1,-1,1,1,1,-1,-1,1,-1,1,1,1,-1,-1,1,-1,-1,1,-1,-1,1,-1,1,-1,1,-1,-1,-1,1,-1,-1,1,1,-1,-1,1,1,-1,1,1,-1,1,-1,1,-1,-1,1,-1,-1,-1,1,1,1,1,-1,-1,1,1,1,1,1,-1,-1,1,-1,-1,1,1,-1,-1,-1,1,-1,1,-1,-1,-1,1,-1,-1,1,-1,-1,-1,-1,1,-1,1,-1,-1,-1,-1,1,1,1,-1,-1,-1,-1,1,1,1,-1,1,-1,1,1,1,1,1,1,-1,-1,1,-1,1,-1,1,-1,-1,1,-1,1,1,-1,1,-1,1,1,-1,-1,-1,-1,-1,1,1,1,-1,1,1,-1,1,1,-1,-1,1,-1,1,1,1,-1,1,1,-1,-1,1,1,-1,-1,1,-1,1,1,-1,-1,-1,1,-1,1,1,1,1,-1,1,1,1,-1,1,-1,-1,1,-1,-1,1,1,-1,-1,1,1,1,-1,-1,1,-1,1,1,1,1,-1,-1,-1,1,1,1,1,-1,1,-1,-1,1,1,1,-1,1,-1,1,1,-1,1,-1,1,-1,-1,-1,1,1,1,1,-1,1,1,1,-1,1,-1,-1,1,-1,1,-1,1,-1,1,-1,1,1,-1,1,1,-1,1,-1,1,1,-1,1,1,-1,1,1,-1,1,1,-1,1,1,1,-1,-1,-1,1,1,1,-1,-1,1,-1,1,-1,-1,1,-1,-1,1,1,-1,1,1,1,-1,1,1,-1,-1,1,1,-1,-1,-1,1,1,-1,1,-1,1,1,1,1,1,-1,1,1,-1,1,1,1,1,-1,1,-1,1,-1,1,1,1,-1,-1,1,-1,-1,1,1,1,-1,1,-1,1,1,-1,1,-1,1,1,1,1,1,1,-1,1,1,1,1,1,1,-1,-1,-1,-1,1,-1,1,-1,1,1,-1,1,1,1,-1,1,1,1,-1,-1,1,1,-1,-1,-1,-1,1,1,1,-1,-1,1,-1,1,1,1,-1,-1,1,-1,1,1,-1,-1,-1,-1,-1,1,1,-1,1,-1,-1,1,-1,1,1,-1,1,-1,-1,1,1,1,-1,1,-1,1,1,1,1,-1,-1,1,1,1,1,1,-1,1,1,-1,1,1,1,-1,-1,1,1,1,1,1,-1,-1,1,-1,1,1,1,-1,-1,1,1,1,1,1,-1,-1,1,1,1,1,1,1,-1,1,-1,1,-1,-1,1,-1,1,-1,1,1,-1,-1,1,-1,1,1,1,1,-1,1,1,-1,1,1,-1,1,1,1,-1,1,1,1,-1,1,1,-1,1,1,1,-1,1,1,-1,1,1,1,-1,1,1,-1,1,1,-1,1,1,1,1,1,1,1,1,-1,1,1,1,1,1,1,-1,1,-1,1,1,1,1,1,1,1,1,1,1,1,-1,1,-1,1,1,1,-1,1,-1,1,1,1,1,1,1,-1,-1,1,1,-1,1,-1,-1,1,1,1,1,1,-1,-1,-1,-1,1,1,1,-1,1,1,1,1,-1,1,-1,-1,-1,1,1,1,1,1,1,1,1,1,1,1,1,-1,1,-1,1,-1,1,-1,-1,1,1,1,1,1,1,-1,-1,-1,1,1,-1,1,-1,1,-1,-1,1,-1,1,-1,1,1,-1,1,-1,1,-1,-1,1,-1,1,1,1,1,1,-1,1,-1,1,-1,-1,-1,-1,-1,1,1,1,-1,1,-1,1,1,1,1,-1,-1,-1,-1,-1,1,1,-1,1,-1,1,-1,1,1,-1,-1,-1,-1,-1,1,1,-1,1,-1,-1,1,1,1,-1,-1,1,-1,-1,1,1,1,-1,-1,-1,-1,1,1,1,-1,-1,-1,1,-1,1,1,1,1,-1,-1,1,1,-1,-1,-1,-1,-1,1,1,-1,1,-1,-1,-1,-1,1,1,-1,-1,-1,-1,1,1,-1,1,-1,1,-1,1,-1,-1,1,1,-1,1,-1,1,-1,1,1,-1,1,-1,1,-1,1,1,-1,1,-1,-1,-1,-1,1,-1,1,-1,1,-1,-1,1,-1,1,-1,1,-1,-1,1,-1,-1,1,-1,-1,-1,1,-1,1,1,-1,1,-1,1,1,1,-1,1,-1,1,-1,1,1,-1,-1,-1,-1,-1,-1,1,-1,1,-1,1,-1,1,1,1,-1,1,-1,1,1,1,-1,-1,-1,1,1,-1,1,-1,-1,1,1,1,1,1,-1,-1,1,1,1,1,1,1,-1,-1,1,1,1,1,1,-1,1,1,-1,-1,1,1,-1,1,1,1,1,1,1,-1,-1,1,1,-1,1,1,1,-1,1,1,-1,1,1,-1,-1,1,-2636.0,1,2000,445,500,True
2969,1,1,-1,-1,1,1,-1,1,1,1,1,-1,1,-1,1,1,-1,1,-1,-1,-1,1,1,1,1,1,-1,-1,1,1,1,1,-1,-1,-1,1,-1,1,1,1,-1,-1,1,1,1,1,1,1,-1,-1,1,1,-1,1,-1,1,1,-1,1,1,1,-1,-1,-1,1,1,1,1,1,-1,1,-1,1,1,1,1,1,1,-1,1,1,-1,1,-1,-1,1,1,1,1,1,1,1,-1,1,1,1,-1,1,-1,-1,1,1,1,1,-1,-1,-1,1,1,1,1,1,-1,-1,1,1,1,1,1,-1,-1,1,1,1,1,1,-1,-1,1,1,1,1,-1,-1,-1,-1,1,1,1,-1,-1,-1,-1,1,1,1,1,-1,-1,-1,1,1,1,1,1,-1,1,-1,1,1,-1,1,-1,-1,1,-1,1,-1,1,-1,-1,-1,1,1,-1,-1,-1,1,-1,1,-1,1,1,-1,-1,-1,1,-1,-1,-1,-1,-1,-1,1,-1,-1,1,-1,-1,-1,1,-1,-1,1,-1,-1,1,1,1,-1,1,-1,1,1,-1,-1,-1,1,-1,1,-1,1,1,-1,1,1,-1,-1,1,1,-1,1,1,-1,1,-1,1,-1,1,-1,-1,-1,1,-1,-1,1,1,-1,-1,-1,1,-1,1,-1,-1,-1,1,-1,-1,1,-1,1,-1,1,1,-1,1,1,-1,-1,1,-1,1,1,1,-1,-1,1,-1,1,1,1,1,-1,1,1,-1,1,1,1,-1,-1,1,-1,1,1,-1,-1,-1,1,1,1,1,-1,-1,1,1,-1,1,1,1,-1,-1,1,1,1,1,1,-1,1,-1,1,1,-1,1,-1,-1,-1,1,1,1,1,-1,-1,1,1,1,1,-1,-1,-1,1,-1,1,1,-1,-1,-1,-1,1,1,1,1,-1,-1,1,-1,1,1,-1,-1,-1,-1,1,1,1,1,-1,-1,-1,1,-1,1,1,-1,-1,-1,1,-1,1,1,1,-1,-1,1,-1,1,-1,-1,-1,-1,1,1,-1,1,1,-1,1,-1,1,-1,1,-1,1,-1,1,-1,-1,1,-1,-1,-1,1,1,-1,1,-1,1,-1,1,-1,1,-1,1,-1,1,1,-1,1,-1,1,-1,-1,1,-1,-1,-1,1,-1,1,1,1,-1,-1,1,-1,1,-1,-1,-1,1,-1,1,1,-1,-1,-1,1,-1,-1,1,-1,1,-1,1,1,1,1,-1,1,-1,-1,1,1,1,1,1,-1,-1,1,1,1,1,1,-1,1,-1,1,1,1,1,-1,-1,1,1,-1,1,1,-1,1,1,1,1,1,1,-1,1,1,1,1,-1,-1,-1,1,1,-1,1,-1,-1,-1,1,1,-1,1,-1,1,-1,1,1,-1,1,-1,-1,-1,-1,1,1,1,-1,-1,-1,-1,1,-1,1,1,-1,-1,1,1,1,-1,-1,1,-1,-1,1,-1,1,-1,-1,1,-1,1,1,-1,1,-1,1,-1,1,1,-1,1,-1,-1,1,1,1,-1,1,-1,1,-1,1,1,1,-1,1,1,-1,1,-1,-1,1,1,-1,-1,-1,1,-1,1,1,-1,-1,-1,1,1,1,-1,1,-1,-1,1,-1,1,-1,1,-1,-1,-1,1,1,-1,1,-1,-1,-1,-1,1,-1,1,-1,-1,1,1,1,1,1,-1,1,1,1,1,-1,1,-1,-1,-1,-1,1,-1,1,1,-1,1,-1,-1,-1,1,1,-1,-1,1,1,-1,1,1,-1,-1,1,-1,1,1,-1,-1,1,1,-1,1,1,-1,1,1,-1,1,1,1,1,-1,1,1,-1,-1,1,1,-1,1,1,1,-1,1,1,-1,-1,1,-1,1,1,1,-1,1,1,1,-1,1,1,-1,-1,1,1,-1,1,1,-1,-1,1,1,-1,1,1,-1,-1,-1,1,-1,1,1,-1,-1,1,1,-1,1,1,1,-1,1,1,-1,1,-1,1,-1,-1,1,-1,1,-1,1,-1,1,1,-1,1,1,-1,-1,1,1,-1,1,-1,1,1,-1,1,-1,1,1,-1,-1,1,-1,-1,1,1,1,-1,1,1,-1,-1,1,-1,1,-1,1,-1,-1,1,1,-1,1,-1,-1,1,-1,-1,1,-1,1,-1,-1,-1,1,-1,1,-1,-1,-1,1,1,-1,1,-1,-1,-1,1,1,1,1,-1,-1,-1,1,1,1,1,-1,-1,-1,1,1,1,-1,-1,-1,1,1,1,1,-1,1,-1,1,1,1,-1,-1,-1,1,1,1,1,1,-1,-1,-1,-1,-1,1,-1,-1,-1,-1,1,1,1,1,-1,-1,-1,-1,1,1,1,1,-1,1,-1,1,1,-1,-1,-1,-1,-1,1,1,1,1,-1,1,-1,1,1,1,-1,-1,-1,-1,1,-1,1,-1,1,-1,-1,1,1,1,-1,-1,1,-1,1,1,1,-1,-1,-1,1,-1,1,-1,-1,1,-1,-1,-1,1,1,1,1,-1,1,-1,1,1,-1,-1,-1,-1,-1,1,1,-1,1,-1,-1,-1,1,1,-1,-1,1,-1,-1,1,1,-1,1,-1,-1,1,1,1,-1,-1,1,-1,1,-1,1,1,1,1,-1,-1,1,1,1,-1,1,-1,1,-1,1,1,1,1,-1,-1,-1,1,-1,-1,-1,-1,-1,1,1,-1,1,-1,-1,-1,1,-1,1,1,-1,-1,1,1,1,-1,1,-1,1,-1,1,-1,-1,1,1,-1,1,1,1,-1,1,1,-1,1,-1,1,-1,1,1,-1,1,1,-1,-1,-1,1,-1,1,-1,1,-1,-1,1,-1,1,-1,1,-1,-1,1,-1,-1,1,-1,-1,-1,1,-1,1,1,-1,1,-1,1,1,1,-1,1,-1,1,-1,1,1,-1,1,-1,-1,-1,-1,1,-1,1,-1,1,-1,1,1,1,-1,1,-1,1,1,1,-1,1,-1,1,1,-1,1,-1,-1,1,1,1,1,1,-1,-1,1,1,1,1,1,1,-1,-1,1,1,1,1,1,-1,1,1,-1,-1,1,-1,-1,1,1,1,1,1,1,-1,-1,1,1,-1,1,-1,1,-1,1,1,-1,1,1,-1,-1,1,-2636.0,1,2000,445,500,True
2970,-1,-1,1,1,1,-1,-1,1,-1,-1,-1,-1,1,1,-1,-1,1,-1,1,-1,-1,1,-1,-1,-1,1,-1,-1,1,-1,-1,-1,1,-1,-1,1,1,-1,-1,1,-1,-1,1,-1,-1,-1,-1,-1,1,-1,-1,-1,1,1,-1,-1,-1,1,-1,-1,1,-1,-1,1,-1,-1,-1,-1,-1,-1,1,-1,-1,-1,1,-1,-1,1,-1,-1,-1,-1,-1,-1,-1,-1,-1,1,-1,-1,1,-1,-1,-1,1,-1,-1,-1,-1,1,-1,1,-1,-1,-1,-1,-1,-1,1,-1,-1,1,-1,-1,-1,1,-1,-1,1,-1,-1,-1,1,1,-1,-1,-1,-1,1,1,1,-1,-1,-1,-1,1,1,1,-1,-1,-1,-1,1,1,1,-1,1,-1,-1,-1,1,1,-1,-1,1,-1,1,1,-1,-1,-1,1,-1,-1,1,1,-1,-1,1,-1,1,1,-1,-1,-1,-1,-1,-1,1,-1,-1,1,1,-1,1,1,-1,-1,-1,-1,-1,1,1,-1,-1,-1,1,-1,1,1,1,1,-1,1,-1,1,1,-1,-1,-1,1,-1,1,1,-1,1,-1,1,1,1,-1,1,1,-1,1,1,-1,1,1,-1,-1,1,-1,1,-1,1,-1,-1,1,1,1,-1,1,1,-1,1,1,1,-1,1,-1,-1,1,1,1,1,-1,-1,-1,1,1,-1,1,-1,1,-1,1,-1,-1,-1,-1,1,1,1,1,-1,-1,-1,-1,1,1,-1,1,1,1,-1,-1,1,1,1,-1,-1,-1,-1,1,1,-1,-1,1,-1,1,1,-1,-1,-1,-1,1,-1,1,1,1,-1,-1,-1,1,1,-1,-1,-1,1,-1,1,-1,1,-1,-1,-1,-1,1,1,-1,-1,-1,-1,1,1,1,-1,-1,-1,-1,1,-1,1,-1,-1,-1,-1,-1,1,1,-1,1,-1,-1,1,-1,1,-1,1,-1,-1,-1,1,1,-1,-1,-1,-1,-1,1,-1,-1,1,-1,-1,-1,1,-1,-1,1,-1,-1,1,1,-1,-1,1,1,-1,-1,1,1,-1,1,-1,-1,-1,-1,1,-1,-1,1,-1,-1,1,-1,-1,1,1,1,1,1,1,-1,1,-1,1,-1,1,-1,1,1,-1,1,-1,1,-1,1,1,-1,-1,1,1,-1,-1,1,-1,1,-1,-1,1,-1,1,1,-1,-1,1,-1,-1,1,1,-1,1,-1,1,-1,-1,1,-1,-1,1,-1,-1,-1,1,-1,1,-1,1,-1,1,1,-1,-1,-1,-1,-1,-1,1,-1,-1,1,1,-1,-1,1,-1,1,-1,-1,1,-1,1,-1,-1,1,1,-1,-1,-1,1,-1,-1,-1,1,-1,1,-1,-1,1,1,-1,-1,-1,1,-1,1,1,-1,-1,-1,-1,-1,-1,-1,-1,-1,-1,1,-1,1,1,-1,1,-1,-1,1,-1,-1,1,-1,-1,-1,1,-1,1,-1,1,-1,-1,-1,-1,1,-1,1,-1,-1,1,-1,1,1,1,-1,-1,-1,-1,1,-1,1,-1,1,-1,1,1,1,-1,1,1,-1,1,1,1,1,1,-1,1,-1,1,1,-1,1,-1,1,-1,-1,1,-1,-1,1,-1,-1,1,-1,-1,-1,1,1,-1,1,1,-1,-1,1,1,-1,-1,1,-1,-1,-1,-1,-1,1,1,-1,-1,-1,-1,-1,1,1,-1,-1,1,1,1,-1,1,-1,-1,1,1,-1,1,1,-1,-1,-1,1,-1,-1,1,1,-1,1,1,1,1,1,-1,1,1,1,-1,1,1,1,-1,1,1,-1,1,1,-1,1,1,1,-1,1,1,-1,-1,1,-1,1,1,1,-1,1,1,1,-1,1,1,-1,1,1,1,1,1,1,1,1,1,1,1,1,1,-1,1,-1,1,-1,1,1,1,1,1,1,1,1,1,-1,1,-1,1,1,1,1,1,-1,1,-1,1,1,1,1,1,1,1,1,1,1,-1,1,1,-1,-1,1,-1,-1,1,1,1,-1,1,1,-1,1,-1,-1,1,1,-1,-1,1,-1,1,-1,1,1,-1,1,-1,1,-1,1,-1,1,1,-1,1,1,1,1,-1,1,-1,1,-1,1,1,-1,1,-1,1,-1,1,1,-1,1,1,1,1,1,-1,1,1,-1,1,1,1,1,-1,1,-1,1,-1,1,1,-1,1,1,-1,1,1,-1,-1,1,1,-1,1,1,1,-1,1,-1,-1,1,1,-1,1,1,-1,1,-1,1,-1,1,1,-1,-1,1,1,-1,-1,1,1,-1,1,1,-1,1,1,-1,1,1,1,-1,1,-1,1,-1,1,1,-1,-1,1,1,1,1,1,1,-1,1,-1,1,1,1,-1,-1,1,1,-1,1,1,-1,-1,-1,1,-1,1,-1,-1,-1,1,1,-1,1,-1,-1,1,-1,1,1,1,1,-1,1,-1,1,1,1,1,-1,1,1,1,1,1,-1,-1,-1,1,1,1,1,1,1,1,1,-1,1,1,1,-1,1,1,-1,1,1,-1,1,-1,1,1,1,1,1,1,-1,1,1,1,1,1,1,1,1,1,1,1,-1,1,-1,1,1,1,-1,1,1,1,1,1,1,1,-1,1,1,1,1,-1,1,1,1,-1,1,1,1,1,1,1,1,1,1,-1,1,1,1,1,1,1,-1,1,1,1,1,1,1,1,1,1,1,1,1,-1,1,1,1,-1,1,1,1,1,-1,1,1,-1,1,1,1,1,1,1,-1,-1,1,-1,1,1,1,1,1,-1,1,1,1,1,1,-1,1,1,-1,1,1,1,-1,1,1,-1,1,1,-1,1,-1,-1,1,1,1,1,1,-1,-1,1,-1,1,1,-1,1,1,1,1,1,1,-1,1,1,1,1,1,1,-1,-1,1,1,1,-1,1,1,-1,-1,-1,1,1,1,-1,1,1,1,1,1,1,-1,-1,-1,1,1,1,1,-1,-1,1,1,1,1,1,1,-1,1,1,1,1,1,1,-1,1,1,1,1,1,-1,-1,1,-1,1,1,1,1,-1,-1,1,1,1,1,-1,1,-1,1,1,-1,1,1,-1,-1,1,-2636.0,1,2000,445,1500,True
2971,-1,-1,-1,-1,1,-1,1,1,-1,1,1,-1,1,1,-1,-1,1,1,-1,-1,1,1,-1,1,1,-1,1,1,1,-1,1,1,-1,-1,1,1,1,-1,1,1,-1,1,1,-1,-1,1,1,-1,1,-1,-1,1,-1,1,-1,1,-1,1,-1,1,1,-1,-1,1,-1,-1,1,1,1,1,1,-1,1,1,1,1,1,1,-1,-1,1,-1,-1,1,-1,1,1,1,1,-1,1,-1,1,1,1,1,1,-1,-1,1,1,1,1,1,-1,-1,1,1,1,1,1,1,-1,1,1,1,1,1,-1,-1,-1,1,1,1,1,1,-1,-1,1,1,1,1,-1,-1,1,1,1,1,1,-1,-1,-1,1,1,1,1,-1,-1,-1,1,1,1,1,-1,1,-1,1,1,1,1,-1,1,-1,1,-1,1,1,-1,-1,1,1,1,1,1,-1,-1,1,1,1,1,-1,1,1,-1,-1,1,1,-1,-1,-1,1,1,1,1,-1,-1,1,-1,-1,1,-1,1,-1,1,-1,-1,1,1,1,-1,1,1,-1,1,1,1,-1,1,-1,-1,1,-1,1,1,1,1,-1,1,-1,1,-1,1,1,-1,1,-1,1,1,1,-1,-1,1,-1,-1,1,1,1,-1,1,-1,-1,1,1,-1,1,1,-1,-1,1,1,-1,-1,1,-1,1,1,1,1,1,1,-1,1,1,1,1,1,1,-1,1,1,1,1,1,1,1,-1,1,1,1,-1,1,-1,-1,1,1,-1,1,1,1,1,1,1,1,1,1,-1,1,1,1,1,-1,1,-1,1,1,1,1,1,1,-1,-1,1,1,-1,1,1,1,-1,1,1,1,1,1,1,1,1,1,1,1,1,-1,1,-1,1,1,1,1,-1,-1,-1,1,1,-1,1,1,1,1,1,1,1,1,1,-1,-1,1,1,1,1,1,-1,-1,1,1,1,1,1,-1,-1,1,1,-1,1,1,-1,-1,1,1,1,-1,1,-1,1,-1,1,-1,1,1,1,-1,-1,1,1,-1,1,-1,1,1,-1,-1,-1,-1,-1,1,1,1,-1,1,1,-1,1,1,-1,-1,1,1,-1,1,1,-1,1,1,1,1,-1,1,-1,-1,-1,1,1,1,-1,-1,-1,1,-1,-1,1,1,1,-1,-1,-1,1,1,1,-1,1,-1,1,-1,1,1,-1,1,1,-1,-1,1,-1,1,-1,1,-1,-1,-1,-1,-1,-1,1,-1,-1,1,-1,1,-1,1,-1,1,-1,-1,1,-1,1,-1,-1,1,-1,1,-1,1,-1,-1,-1,1,1,1,1,-1,-1,1,1,-1,1,-1,1,-1,1,1,-1,1,-1,-1,-1,-1,1,-1,1,-1,1,-1,1,1,1,1,-1,-1,1,-1,1,1,-1,1,-1,-1,-1,1,-1,1,1,-1,-1,1,1,-1,1,-1,-1,-1,-1,1,1,1,1,-1,-1,-1,1,-1,1,1,-1,-1,-1,1,1,1,1,1,-1,-1,1,1,-1,-1,-1,1,1,1,1,-1,-1,1,1,-1,1,-1,-1,1,-1,1,-1,1,-1,-1,-1,1,-1,-1,1,1,-1,-1,-1,1,-1,-1,1,-1,-1,-1,1,-1,1,1,-1,-1,-1,1,-1,1,1,-1,-1,-1,-1,1,-1,1,-1,1,-1,-1,-1,1,1,-1,1,1,1,-1,-1,1,1,-1,-1,-1,1,1,1,1,-1,-1,1,-1,1,1,-1,-1,-1,1,-1,1,1,-1,-1,-1,-1,-1,1,1,-1,1,-1,-1,1,-1,1,1,-1,1,-1,-1,1,1,1,-1,1,-1,1,1,1,-1,-1,-1,1,1,-1,1,1,-1,1,1,-1,1,-1,1,-1,-1,1,-1,1,-1,1,-1,-1,1,1,1,-1,-1,1,-1,1,1,1,-1,-1,-1,-1,1,1,1,-1,1,1,-1,1,-1,1,-1,1,-1,-1,1,-1,1,-1,1,-1,1,-1,1,-1,1,1,-1,1,1,1,-1,-1,1,-1,1,-1,-1,-1,-1,1,-1,1,1,-1,1,-1,1,-1,1,1,-1,1,-1,1,-1,1,-1,1,1,-1,1,-1,1,-1,-1,-1,-1,1,1,-1,-1,-1,-1,-1,1,-1,1,-1,-1,-1,-1,-1,-1,-1,1,-1,-1,-1,1,-1,-1,1,-1,-1,-1,-1,-1,1,1,-1,-1,-1,-1,-1,1,-1,-1,-1,1,-1,-1,1,-1,1,-1,-1,-1,-1,-1,-1,-1,1,-1,-1,-1,1,1,-1,-1,-1,-1,1,-1,-1,-1,-1,1,-1,-1,1,-1,1,-1,-1,-1,-1,1,-1,1,1,-1,1,-1,-1,1,1,-1,-1,-1,-1,-1,-1,1,1,-1,-1,1,-1,1,1,-1,-1,-1,-1,-1,1,1,-1,-1,-1,1,-1,1,1,1,-1,-1,-1,1,1,1,-1,-1,1,-1,-1,1,1,-1,-1,1,-1,-1,1,1,-1,1,-1,1,-1,1,1,-1,-1,1,1,-1,1,1,-1,-1,1,1,-1,1,1,1,-1,-1,1,-1,1,1,1,-1,1,1,-1,1,-1,1,-1,-1,1,-1,-1,1,1,-1,-1,1,-1,1,1,1,-1,-1,1,1,1,1,1,-1,-1,1,1,-1,1,-1,-1,1,-1,1,-1,1,1,-1,1,1,1,-1,1,-1,-1,1,1,-1,1,1,-1,1,-1,1,1,1,1,1,-1,1,1,1,1,1,1,-1,-1,-1,1,-1,1,1,-1,-1,1,-1,1,1,-1,-1,1,-1,1,1,1,1,-1,1,-1,1,-1,1,1,-1,-1,1,-1,-1,1,-1,1,-1,-1,-1,-1,1,-1,-1,1,-1,1,1,1,-1,1,-1,-1,1,1,1,1,1,-1,-1,-1,1,-1,-1,1,-1,1,1,-1,1,1,1,-1,1,-1,1,-1,-1,1,-1,-1,1,-1,1,1,1,1,-1,1,-1,-1,-1,1,1,-1,1,1,1,-1,1,1,1,1,-1,1,1,1,1,-1,1,-1,1,-1,1,1,-1,1,1,1,-1,1,1,-1,-1,1,1,1,-1,1,-1,1,-1,1,-2636.0,1,2000,445,1000,True
2972,1,1,-1,-1,1,1,-1,1,1,1,1,-1,1,-1,1,1,-1,1,-1,-1,-1,1,1,1,1,1,-1,-1,1,1,1,1,-1,-1,-1,1,-1,1,1,1,-1,-1,1,1,1,1,1,1,-1,-1,1,1,-1,1,-1,1,1,-1,1,1,1,-1,-1,1,1,1,1,1,1,-1,1,-1,1,1,1,1,1,-1,1,1,1,1,1,-1,-1,1,1,1,1,1,1,1,-1,1,1,1,-1,1,-1,1,1,1,1,1,-1,-1,-1,1,1,1,1,1,-1,-1,1,1,1,1,1,-1,-1,1,1,1,1,1,-1,-1,1,1,1,1,-1,-1,-1,1,1,1,1,-1,-1,-1,1,1,1,1,1,-1,-1,-1,1,1,1,1,1,-1,-1,1,1,1,-1,1,-1,-1,1,-1,1,-1,1,-1,1,-1,1,1,-1,-1,-1,1,1,1,-1,1,1,-1,1,-1,1,-1,-1,-1,-1,1,-1,1,-1,-1,1,-1,1,-1,1,-1,-1,1,-1,1,1,1,1,-1,1,-1,1,-1,1,-1,-1,1,1,1,-1,1,1,-1,1,1,-1,1,-1,1,-1,1,-1,1,-1,1,1,-1,1,1,1,-1,1,-1,-1,1,1,1,-1,-1,1,-1,1,1,-1,1,1,-1,-1,1,1,1,-1,1,1,-1,1,-1,-1,-1,1,1,-1,1,1,-1,-1,1,-1,-1,1,-1,1,-1,1,1,-1,1,1,1,-1,1,1,-1,1,1,-1,-1,-1,1,1,1,-1,-1,-1,1,1,-1,1,1,1,-1,-1,1,1,1,-1,-1,-1,1,1,1,1,1,-1,-1,-1,1,1,1,-1,1,-1,-1,1,1,1,-1,-1,-1,1,1,-1,1,-1,-1,-1,-1,1,1,1,-1,1,-1,-1,1,-1,1,-1,-1,-1,-1,-1,1,1,-1,-1,-1,-1,-1,1,-1,-1,-1,-1,-1,1,1,-1,-1,-1,1,-1,1,1,-1,-1,1,1,-1,-1,1,1,-1,-1,1,-1,-1,-1,1,-1,-1,-1,1,-1,1,-1,-1,-1,-1,-1,-1,1,1,-1,-1,1,1,-1,1,-1,-1,-1,1,-1,1,1,1,-1,-1,1,-1,-1,1,-1,-1,-1,1,-1,1,-1,1,-1,-1,1,-1,1,-1,-1,-1,-1,1,1,1,-1,1,-1,-1,1,-1,1,-1,-1,-1,1,1,-1,1,-1,1,-1,-1,1,-1,1,-1,-1,-1,-1,1,1,1,1,1,-1,-1,-1,-1,1,1,-1,1,-1,1,-1,1,-1,1,-1,-1,1,-1,1,-1,-1,-1,1,1,-1,1,-1,1,-1,1,-1,1,1,-1,1,-1,1,-1,1,1,-1,-1,-1,1,-1,1,-1,1,1,-1,1,-1,-1,1,-1,-1,1,-1,1,1,1,-1,1,-1,1,1,-1,1,-1,1,-1,1,-1,-1,1,-1,1,1,1,1,-1,-1,1,1,-1,1,1,1,-1,1,1,1,-1,1,1,-1,1,1,1,1,-1,-1,-1,-1,1,1,-1,1,-1,1,-1,-1,1,-1,-1,1,-1,-1,1,-1,-1,-1,1,1,-1,1,1,-1,-1,1,1,-1,-1,1,-1,-1,-1,-1,-1,-1,1,-1,-1,-1,-1,-1,-1,1,-1,-1,1,1,1,1,1,-1,-1,1,1,-1,-1,1,-1,-1,-1,1,-1,-1,1,1,-1,1,1,1,-1,1,-1,1,1,1,-1,-1,-1,1,-1,1,1,-1,1,1,-1,1,1,1,-1,1,1,-1,-1,1,-1,1,1,1,-1,1,1,1,-1,-1,1,-1,1,1,1,1,-1,1,1,1,1,1,1,1,1,-1,1,1,1,-1,-1,1,1,1,1,1,1,-1,1,-1,1,1,1,1,-1,1,1,-1,1,-1,1,-1,1,1,1,1,1,1,-1,1,-1,1,1,1,-1,-1,-1,-1,1,1,1,-1,-1,1,-1,1,1,1,1,-1,-1,-1,1,1,1,-1,-1,1,-1,1,1,-1,-1,-1,-1,1,1,1,1,1,-1,-1,-1,1,1,1,-1,-1,-1,-1,1,1,1,-1,-1,-1,-1,1,1,1,-1,-1,-1,1,1,1,-1,-1,-1,-1,-1,1,-1,1,-1,-1,-1,-1,1,1,1,-1,-1,-1,-1,1,1,1,-1,-1,-1,-1,1,1,1,-1,-1,-1,1,1,1,-1,-1,-1,-1,1,1,-1,-1,1,-1,1,1,1,-1,-1,-1,1,-1,1,1,-1,1,1,-1,-1,1,1,1,-1,-1,-1,-1,1,1,1,1,1,-1,1,1,1,1,-1,1,1,-1,1,1,-1,-1,1,-1,-1,1,1,1,-1,1,1,-1,1,1,1,-1,1,-1,-1,-1,-1,1,-1,1,-1,-1,1,1,1,1,1,1,-1,1,1,1,1,1,-1,1,1,1,-1,1,1,-1,-1,-1,1,1,-1,1,-1,1,-1,1,-1,1,1,-1,-1,-1,1,1,-1,-1,-1,-1,-1,1,1,1,1,1,-1,-1,-1,1,1,1,-1,-1,-1,-1,1,-1,1,1,-1,-1,-1,1,1,1,1,-1,-1,-1,1,1,1,1,-1,1,-1,1,1,1,1,-1,-1,-1,1,-1,-1,-1,-1,-1,-1,1,-1,1,-1,-1,-1,1,1,-1,1,1,-1,-1,-1,1,-1,1,-1,1,-1,1,-1,-1,-1,1,-1,1,-1,1,-1,1,1,-1,1,-1,1,-1,1,1,-1,1,1,-1,-1,-1,1,-1,1,-1,1,-1,-1,1,-1,1,-1,1,-1,1,1,-1,-1,1,-1,-1,-1,1,-1,1,1,-1,1,1,1,1,1,-1,1,-1,1,-1,1,1,-1,1,-1,-1,-1,-1,1,-1,1,1,1,-1,1,1,1,-1,-1,-1,1,1,1,-1,1,1,1,1,-1,1,-1,-1,1,1,1,1,1,-1,-1,1,1,1,1,1,1,-1,1,1,1,1,1,1,-1,1,1,-1,-1,1,1,-1,1,1,1,1,1,1,-1,1,1,1,-1,1,1,1,-1,1,1,-1,1,1,-1,1,1,-2636.0,1,2000,445,500,True
2973,-1,-1,1,1,1,1,-1,1,-1,-1,-1,1,-1,-1,-1,-1,1,-1,1,-1,-1,1,-1,-1,-1,1,-1,-1,1,-1,-1,-1,1,-1,-1,1,1,-1,-1,1,-1,-1,1,-1,-1,-1,1,1,-1,-1,-1,-1,1,1,-1,1,-1,1,-1,-1,1,1,-1,1,-1,-1,-1,1,1,-1,1,-1,-1,-1,1,1,1,1,-1,-1,-1,-1,1,-1,-1,-1,-1,1,1,1,1,-1,-1,-1,-1,1,-1,1,-1,1,-1,-1,1,1,-1,-1,-1,-1,-1,1,1,1,-1,-1,-1,-1,1,1,1,-1,-1,-1,-1,1,1,1,-1,-1,1,-1,1,1,-1,-1,-1,-1,-1,1,1,-1,-1,-1,-1,-1,-1,1,1,-1,-1,-1,-1,1,1,1,1,-1,1,-1,-1,1,-1,1,-1,-1,1,-1,1,-1,1,-1,1,-1,1,1,-1,-1,-1,-1,-1,1,-1,1,1,-1,-1,-1,1,-1,-1,-1,-1,1,-1,1,-1,-1,1,1,-1,-1,1,-1,-1,1,-1,1,1,1,1,-1,1,-1,1,1,-1,-1,-1,1,1,1,-1,1,1,-1,1,1,-1,-1,1,1,-1,1,1,1,-1,1,1,-1,1,1,1,-1,1,-1,-1,1,1,1,-1,-1,1,-1,1,1,-1,-1,1,-1,-1,1,1,1,-1,1,1,-1,1,-1,-1,-1,1,1,-1,1,-1,-1,-1,1,-1,-1,1,-1,1,-1,1,1,-1,1,-1,1,-1,-1,1,-1,1,1,-1,-1,-1,1,1,1,-1,-1,-1,1,1,-1,1,1,1,-1,-1,1,1,1,-1,-1,-1,1,1,1,1,1,-1,-1,-1,1,1,1,-1,-1,-1,-1,-1,1,1,-1,-1,-1,1,1,-1,1,-1,-1,-1,-1,1,1,1,-1,1,-1,1,1,-1,1,-1,-1,-1,-1,-1,1,1,-1,-1,-1,-1,-1,1,-1,-1,-1,-1,-1,1,1,-1,-1,-1,1,1,1,1,-1,-1,1,1,-1,-1,1,1,-1,-1,1,-1,-1,-1,1,-1,-1,-1,1,-1,1,-1,-1,-1,-1,-1,-1,1,1,-1,-1,1,1,-1,1,-1,-1,-1,1,1,-1,1,-1,-1,-1,1,-1,1,1,-1,-1,-1,-1,1,1,1,1,-1,-1,1,-1,-1,1,-1,-1,-1,1,-1,1,-1,1,-1,-1,1,-1,-1,1,-1,-1,1,1,-1,1,-1,1,-1,-1,1,-1,-1,-1,-1,-1,-1,1,-1,-1,1,1,-1,-1,1,-1,1,-1,-1,1,-1,1,-1,-1,1,1,-1,-1,1,-1,-1,-1,-1,-1,1,1,-1,-1,1,1,-1,1,-1,1,-1,1,1,-1,1,-1,-1,-1,-1,-1,-1,1,-1,1,-1,1,1,-1,1,-1,-1,1,-1,-1,1,-1,1,-1,-1,-1,1,-1,1,1,-1,-1,-1,1,-1,1,-1,-1,-1,-1,1,1,1,1,-1,-1,-1,1,-1,1,1,-1,-1,-1,1,1,-1,1,1,-1,-1,1,1,1,-1,1,1,1,1,1,-1,1,-1,1,-1,-1,1,-1,-1,1,-1,-1,1,-1,-1,-1,1,1,-1,1,1,-1,-1,1,1,-1,-1,1,-1,-1,-1,-1,-1,1,1,-1,-1,-1,-1,-1,1,1,-1,-1,1,1,1,-1,1,-1,-1,1,1,-1,1,1,-1,-1,-1,1,-1,-1,1,1,-1,1,1,1,1,1,-1,1,1,1,-1,1,1,1,-1,1,1,-1,1,1,-1,1,1,1,-1,1,1,-1,-1,1,-1,1,1,1,-1,1,1,1,-1,1,1,1,1,1,1,1,1,1,1,1,1,1,1,1,1,-1,1,1,1,-1,1,1,1,1,1,1,1,1,1,-1,1,1,1,1,1,1,1,-1,1,-1,1,1,1,1,1,1,1,1,1,1,-1,1,1,1,-1,1,-1,-1,1,1,1,-1,1,1,-1,1,1,1,1,1,1,1,1,1,1,-1,1,1,-1,1,1,-1,-1,1,1,-1,1,1,1,-1,1,1,-1,1,1,1,-1,1,1,-1,1,1,1,-1,1,1,1,1,1,-1,-1,1,1,-1,-1,1,-1,-1,1,1,1,1,-1,-1,-1,1,1,-1,1,1,1,-1,1,1,1,1,1,1,-1,1,1,-1,1,1,1,-1,1,1,1,1,1,-1,-1,1,-1,1,1,-1,-1,1,1,1,1,1,-1,-1,-1,-1,1,1,1,-1,1,-1,1,1,-1,1,1,-1,-1,1,-1,1,1,1,1,1,1,1,1,1,1,-1,1,-1,1,-1,1,-1,1,1,1,1,1,1,1,-1,1,-1,1,1,1,1,-1,1,-1,-1,1,-1,1,-1,1,1,-1,1,1,1,1,1,1,-1,1,1,1,1,1,-1,1,-1,1,-1,1,1,-1,-1,-1,1,-1,1,1,-1,1,-1,1,-1,1,1,-1,-1,-1,1,-1,1,1,-1,1,-1,1,1,1,1,-1,-1,-1,-1,1,1,1,-1,-1,1,-1,-1,1,-1,1,-1,-1,-1,1,1,1,-1,-1,-1,1,-1,1,1,-1,-1,1,-1,1,1,1,1,-1,-1,-1,1,-1,1,-1,-1,-1,-1,1,-1,1,-1,-1,-1,1,1,1,1,-1,-1,-1,-1,-1,1,1,-1,1,-1,-1,1,1,1,1,-1,1,-1,1,1,1,1,-1,1,-1,1,-1,1,1,-1,1,1,-1,1,1,1,-1,1,-1,1,1,1,1,-1,1,-1,1,-1,1,1,-1,-1,1,-1,-1,1,1,-1,1,1,-1,-1,1,1,1,1,-1,1,1,1,-1,1,1,-1,1,1,1,-1,-1,1,-1,-1,1,-1,-1,1,1,1,-1,-1,1,1,1,1,-1,-1,1,1,1,-1,1,-1,-1,-1,1,1,1,1,-1,-1,1,-1,1,1,1,1,-1,1,1,1,1,1,1,-1,1,1,-1,-1,1,1,-1,1,-1,1,1,1,1,-1,-1,1,1,-1,1,1,1,-1,1,1,-1,1,1,-1,-1,1,-2636.0,1,2000,445,500,True
2974,1,1,-1,-1,1,1,-1,1,1,1,1,-1,1,1,1,1,-1,1,-1,-1,-1,1,1,1,1,1,-1,-1,1,1,1,1,-1,-1,-1,1,-1,1,1,1,-1,-1,1,1,1,1,1,1,-1,-1,1,1,-1,1,-1,-1,1,-1,1,1,1,-1,-1,-1,1,1,1,1,1,-1,1,-1,1,1,1,1,-1,-1,1,1,1,-1,1,-1,-1,1,1,1,1,1,1,1,-1,1,1,1,-1,-1,-1,-1,1,1,1,1,-1,-1,-1,1,1,1,1,-1,-1,-1,1,1,1,1,1,-1,-1,1,1,1,1,-1,-1,-1,1,1,1,1,-1,-1,-1,-1,1,1,1,-1,-1,-1,-1,1,1,1,1,-1,-1,-1,1,1,1,-1,1,-1,1,-1,1,1,-1,-1,-1,-1,1,-1,1,-1,1,-1,-1,-1,1,1,-1,-1,-1,1,-1,1,-1,1,1,-1,-1,-1,1,-1,-1,-1,-1,-1,-1,1,-1,-1,1,-1,-1,-1,1,-1,-1,1,-1,-1,1,1,1,-1,1,-1,1,1,-1,-1,-1,1,-1,1,-1,1,1,-1,1,1,-1,-1,1,1,-1,1,1,-1,1,-1,1,-1,1,-1,-1,-1,1,-1,-1,1,1,-1,-1,-1,1,-1,1,-1,-1,-1,1,-1,-1,1,-1,1,-1,1,1,-1,1,1,-1,-1,1,-1,1,1,1,-1,-1,1,-1,1,1,1,1,-1,1,1,-1,1,1,1,-1,-1,1,-1,1,-1,-1,-1,-1,1,1,1,1,-1,-1,1,1,-1,1,1,1,-1,-1,1,1,1,1,1,-1,1,1,1,1,-1,1,1,-1,-1,1,1,1,1,-1,-1,1,1,1,1,-1,-1,-1,1,-1,1,1,-1,-1,-1,-1,1,1,1,1,-1,1,1,-1,1,1,-1,-1,-1,-1,1,1,1,1,-1,-1,-1,1,-1,1,1,-1,-1,-1,1,-1,1,-1,1,1,1,1,-1,1,-1,1,-1,-1,1,1,-1,-1,1,-1,-1,-1,1,-1,1,-1,1,-1,1,-1,-1,-1,-1,-1,-1,1,1,-1,-1,1,1,-1,1,-1,1,-1,1,1,-1,1,1,-1,-1,1,-1,1,1,-1,-1,-1,-1,1,1,1,1,-1,-1,1,-1,-1,1,-1,-1,-1,1,-1,1,-1,1,-1,1,1,-1,-1,1,-1,-1,1,1,-1,1,-1,1,-1,-1,1,-1,-1,-1,-1,-1,-1,1,-1,-1,1,1,-1,-1,1,-1,1,-1,-1,1,-1,1,-1,-1,1,1,-1,1,1,-1,-1,-1,-1,-1,1,1,-1,-1,1,1,-1,1,-1,1,-1,1,1,-1,1,-1,-1,-1,-1,-1,-1,1,-1,1,-1,1,1,1,1,-1,-1,1,-1,-1,1,-1,1,-1,1,-1,1,-1,1,1,-1,-1,-1,1,-1,1,-1,-1,1,-1,1,1,-1,1,-1,-1,-1,1,-1,-1,1,1,-1,1,1,1,1,1,1,-1,1,1,1,-1,-1,-1,1,-1,1,1,-1,1,-1,1,-1,-1,1,-1,-1,1,-1,-1,1,-1,-1,-1,1,1,-1,-1,1,-1,-1,1,1,-1,-1,1,-1,-1,-1,-1,-1,-1,1,-1,-1,-1,-1,-1,-1,1,-1,-1,1,1,1,1,1,-1,1,-1,1,-1,-1,1,-1,1,-1,1,-1,-1,1,1,-1,1,1,1,-1,1,1,-1,-1,1,-1,-1,-1,1,-1,-1,1,-1,1,1,-1,-1,1,1,-1,1,1,-1,1,1,-1,1,1,1,1,-1,1,1,-1,-1,1,1,-1,1,1,1,-1,1,1,-1,-1,1,1,1,1,1,-1,1,1,-1,-1,1,1,-1,-1,1,1,-1,1,1,-1,-1,1,-1,-1,1,1,1,-1,1,1,-1,1,1,-1,-1,1,1,-1,1,1,1,-1,1,1,-1,1,-1,1,-1,1,-1,-1,1,-1,-1,1,1,1,-1,1,1,-1,1,1,1,-1,1,-1,1,1,-1,1,-1,1,1,-1,1,1,-1,-1,1,1,1,-1,1,-1,-1,-1,1,-1,1,-1,1,-1,-1,1,1,-1,-1,-1,-1,1,-1,-1,1,-1,-1,-1,-1,-1,1,1,-1,-1,-1,-1,1,1,-1,1,-1,-1,-1,1,1,1,1,-1,-1,-1,1,1,1,1,-1,-1,-1,1,1,1,-1,-1,-1,1,1,1,-1,-1,1,-1,1,1,1,-1,-1,-1,1,1,1,1,-1,1,1,-1,-1,-1,1,-1,-1,-1,-1,1,1,1,1,1,1,-1,-1,1,1,1,-1,1,1,-1,1,1,-1,1,1,-1,-1,1,1,1,-1,1,1,-1,1,1,1,-1,1,-1,-1,1,-1,1,-1,1,-1,-1,1,1,1,1,1,1,-1,1,1,1,1,1,-1,1,-1,1,-1,1,1,-1,-1,-1,1,-1,1,1,-1,1,-1,1,-1,1,1,-1,-1,-1,1,-1,1,1,-1,-1,-1,1,1,1,1,1,-1,-1,-1,1,1,1,-1,-1,1,1,1,1,-1,1,-1,-1,-1,1,1,1,1,-1,1,-1,1,1,1,1,-1,1,-1,1,1,1,1,-1,-1,-1,1,-1,1,-1,-1,-1,-1,1,-1,1,-1,-1,-1,1,1,1,1,1,-1,1,1,-1,1,1,-1,1,-1,1,1,1,-1,1,-1,1,1,1,1,1,1,-1,1,-1,1,-1,1,1,-1,1,1,-1,1,1,1,-1,1,-1,1,1,-1,1,1,1,-1,1,1,-1,1,-1,-1,1,-1,-1,1,1,-1,1,1,-1,-1,1,1,1,1,-1,1,1,1,1,1,1,-1,1,1,1,1,-1,1,-1,-1,1,1,1,-1,1,1,-1,-1,-1,1,1,1,-1,-1,1,1,1,1,1,-1,-1,-1,1,1,1,1,-1,-1,1,1,1,1,1,1,-1,1,1,1,1,1,1,-1,1,1,1,1,1,-1,-1,1,-1,1,1,1,1,-1,-1,1,1,1,1,-1,1,-1,1,1,-1,1,1,-1,-1,1,-2636.0,1,2000,445,500,True
2975,1,1,-1,-1,1,-1,-1,1,1,1,1,-1,1,1,1,1,-1,1,-1,-1,-1,1,1,1,1,-1,1,-1,1,1,1,1,1,-1,-1,1,-1,1,1,1,-1,-1,1,1,1,1,-1,-1,1,-1,1,1,1,1,-1,-1,1,-1,1,1,1,-1,-1,-1,1,1,1,-1,-1,-1,1,-1,1,1,1,-1,-1,1,-1,1,1,-1,-1,-1,-1,1,1,1,-1,-1,1,1,-1,1,1,-1,-1,-1,-1,1,1,1,-1,-1,-1,-1,-1,1,1,-1,-1,1,-1,-1,1,1,-1,-1,1,-1,-1,1,1,1,-1,-1,-1,-1,1,1,1,-1,-1,-1,-1,1,1,1,-1,-1,-1,-1,1,1,1,-1,1,-1,-1,-1,1,-1,-1,-1,1,-1,1,-1,-1,-1,-1,1,-1,-1,1,-1,1,-1,1,-1,-1,-1,-1,-1,-1,-1,-1,1,-1,-1,-1,1,1,-1,1,-1,-1,-1,-1,-1,-1,-1,-1,-1,-1,-1,1,-1,1,-1,1,1,-1,1,-1,1,-1,-1,-1,-1,1,-1,1,1,-1,-1,-1,1,1,1,-1,1,-1,-1,1,1,-1,-1,1,-1,-1,1,-1,1,1,1,-1,-1,1,1,1,-1,1,1,-1,1,1,1,-1,-1,1,-1,1,1,-1,-1,1,-1,-1,1,1,1,-1,1,-1,-1,1,-1,-1,-1,1,-1,1,1,1,-1,-1,1,-1,1,1,-1,1,-1,1,-1,-1,1,1,1,-1,-1,1,-1,1,1,-1,-1,-1,1,1,1,-1,-1,-1,1,1,-1,-1,1,1,-1,-1,1,1,1,-1,-1,-1,1,1,1,-1,1,-1,-1,-1,-1,1,1,-1,-1,-1,-1,1,1,-1,-1,-1,-1,-1,1,-1,1,-1,-1,-1,-1,-1,1,-1,-1,1,-1,1,1,-1,-1,-1,-1,-1,-1,-1,1,1,-1,-1,-1,-1,-1,1,-1,-1,-1,-1,-1,-1,1,-1,-1,-1,1,1,-1,1,-1,-1,1,1,-1,-1,1,1,-1,-1,1,-1,1,-1,1,-1,-1,-1,1,-1,1,-1,-1,-1,-1,-1,-1,1,1,-1,-1,1,1,-1,1,-1,-1,-1,1,1,1,1,-1,-1,-1,1,1,-1,1,-1,-1,-1,1,1,1,-1,1,-1,-1,1,1,1,-1,-1,-1,-1,1,-1,1,-1,1,-1,-1,1,1,1,-1,-1,-1,1,1,1,1,-1,1,-1,-1,1,1,1,-1,-1,-1,-1,1,1,1,1,1,-1,-1,-1,1,1,1,-1,1,-1,1,-1,1,-1,1,-1,-1,1,-1,1,-1,-1,-1,1,1,1,1,-1,1,-1,1,-1,1,1,1,1,-1,1,-1,1,1,-1,-1,-1,1,-1,1,-1,1,1,-1,1,-1,-1,1,-1,-1,1,-1,1,1,1,-1,1,-1,1,1,-1,1,-1,1,-1,1,-1,-1,1,-1,1,1,1,1,-1,-1,1,1,-1,1,1,1,-1,1,1,1,-1,1,1,-1,1,1,1,1,-1,-1,-1,-1,1,1,-1,1,-1,1,1,1,-1,-1,-1,1,-1,-1,1,-1,-1,1,1,1,-1,-1,1,-1,1,1,1,-1,-1,1,-1,-1,1,-1,-1,-1,1,-1,-1,-1,-1,-1,-1,1,-1,1,1,1,1,1,1,-1,-1,1,1,-1,-1,1,-1,-1,-1,1,-1,-1,1,1,-1,1,1,1,-1,1,-1,1,1,1,-1,-1,1,1,-1,1,1,-1,1,1,-1,1,1,1,-1,1,1,-1,-1,1,-1,1,1,1,-1,1,1,1,-1,-1,1,-1,1,1,1,1,-1,1,1,1,1,1,1,1,1,-1,1,1,1,-1,-1,1,1,1,1,1,1,-1,1,-1,1,1,1,1,-1,1,1,-1,1,-1,1,-1,1,1,1,1,1,1,-1,1,-1,1,1,1,-1,-1,-1,-1,1,1,1,-1,-1,1,-1,1,1,1,1,-1,-1,-1,1,1,1,-1,-1,1,-1,1,1,-1,-1,-1,1,-1,1,1,1,1,-1,-1,-1,1,1,1,-1,-1,-1,-1,1,1,1,-1,-1,-1,1,1,1,1,-1,-1,-1,-1,-1,1,-1,-1,-1,-1,-1,1,-1,1,-1,-1,-1,1,1,1,1,-1,-1,-1,1,1,1,1,-1,-1,-1,1,1,1,1,-1,-1,-1,1,1,1,-1,-1,-1,1,1,1,-1,-1,1,-1,1,1,1,-1,-1,-1,1,1,1,1,-1,1,1,-1,-1,-1,1,1,-1,-1,-1,1,1,1,1,-1,1,-1,1,1,1,1,-1,1,-1,1,-1,1,-1,-1,1,-1,-1,1,1,1,-1,1,1,-1,1,1,1,-1,1,-1,-1,1,-1,1,-1,1,-1,-1,1,1,1,-1,1,1,-1,1,1,1,1,1,-1,1,-1,1,-1,1,1,1,1,-1,1,-1,-1,1,1,-1,1,1,-1,1,1,1,1,-1,1,-1,1,-1,1,1,-1,1,1,-1,1,1,1,1,-1,1,1,1,1,1,-1,1,1,-1,1,1,1,1,-1,1,-1,1,-1,1,1,-1,1,-1,1,1,1,1,-1,1,1,1,1,1,1,-1,1,-1,-1,1,1,1,-1,1,-1,1,1,1,-1,1,-1,-1,1,1,1,1,1,1,-1,1,1,-1,1,1,-1,-1,1,1,1,-1,1,1,-1,1,1,1,1,-1,1,-1,1,1,1,1,1,-1,-1,-1,1,1,1,-1,1,-1,-1,1,1,-1,1,1,-1,1,1,1,1,1,-1,-1,-1,1,1,1,1,-1,1,1,-1,1,1,-1,1,-1,1,1,1,1,-1,1,-1,-1,1,1,1,-1,1,1,1,1,-1,1,1,-1,-1,-1,1,1,1,-1,1,1,1,1,1,1,-1,-1,1,1,1,1,1,-1,-1,1,1,1,1,1,1,-1,1,1,1,1,1,1,-1,1,1,1,1,1,-1,-1,1,1,1,1,1,1,-1,1,1,1,-1,1,-1,1,-1,1,1,-1,1,1,-1,1,1,-2636.0,1,2000,445,500,True
2976,1,1,-1,-1,1,1,-1,1,1,1,1,-1,-1,1,1,1,-1,1,-1,-1,-1,1,1,1,1,1,-1,-1,1,1,1,1,-1,-1,-1,1,-1,1,1,1,-1,-1,1,1,1,1,1,1,-1,-1,1,1,-1,1,-1,-1,1,-1,1,1,1,-1,-1,-1,1,1,1,1,1,-1,1,-1,1,1,1,1,-1,1,-1,1,1,-1,1,-1,-1,1,1,1,1,1,1,1,-1,1,1,1,-1,-1,-1,-1,1,1,1,1,-1,-1,-1,1,1,1,1,-1,-1,-1,1,1,1,1,1,-1,-1,1,1,1,1,-1,-1,-1,1,1,1,1,-1,-1,-1,-1,1,1,1,-1,-1,-1,-1,1,1,1,1,-1,-1,-1,1,1,1,-1,1,-1,-1,-1,1,1,-1,1,-1,-1,1,-1,1,-1,1,-1,-1,-1,1,1,-1,-1,-1,1,-1,1,-1,1,1,-1,-1,-1,1,-1,-1,-1,-1,-1,-1,1,-1,-1,1,-1,-1,-1,1,-1,-1,1,-1,-1,1,1,1,-1,1,-1,1,1,-1,-1,-1,1,-1,1,-1,1,1,-1,1,1,-1,-1,1,1,-1,1,1,-1,1,-1,1,-1,1,-1,-1,-1,1,-1,-1,1,1,-1,-1,-1,1,-1,1,-1,-1,-1,1,-1,-1,1,-1,1,-1,1,1,-1,1,1,-1,-1,1,1,1,1,1,-1,-1,1,-1,1,1,1,1,-1,1,1,-1,1,1,1,-1,-1,1,-1,1,1,-1,-1,-1,1,1,1,1,-1,-1,1,1,-1,1,1,1,-1,-1,1,1,1,1,1,-1,1,1,1,1,-1,1,1,-1,1,1,1,1,1,-1,-1,1,1,1,1,-1,-1,1,1,-1,1,1,-1,-1,-1,1,1,1,1,1,-1,1,1,-1,1,1,-1,-1,-1,-1,1,1,1,1,-1,-1,-1,1,-1,1,1,-1,-1,1,1,-1,1,1,1,1,-1,1,-1,1,-1,1,-1,-1,1,1,-1,1,1,-1,1,-1,1,-1,1,-1,1,-1,1,-1,-1,1,-1,-1,-1,1,1,-1,1,1,1,-1,1,-1,1,1,1,1,1,1,-1,1,-1,1,1,-1,1,-1,-1,-1,1,1,1,1,1,-1,-1,1,1,1,1,-1,-1,1,1,-1,1,-1,1,-1,-1,1,1,1,-1,-1,-1,1,1,1,1,-1,1,-1,-1,1,1,1,1,-1,-1,-1,1,1,1,1,1,-1,-1,1,1,1,1,-1,1,-1,1,1,-1,1,1,-1,-1,1,-1,1,1,-1,-1,1,1,1,1,-1,1,-1,1,1,-1,1,-1,1,-1,1,1,-1,1,-1,-1,-1,-1,1,-1,1,-1,1,-1,1,-1,1,1,-1,-1,1,-1,1,-1,1,1,1,-1,1,1,-1,-1,1,1,-1,1,-1,-1,1,1,1,1,1,1,-1,-1,1,1,-1,1,1,1,-1,1,1,1,-1,1,1,-1,1,1,1,1,-1,-1,1,-1,1,1,-1,1,-1,1,-1,-1,1,-1,-1,1,-1,-1,1,-1,-1,-1,1,1,-1,-1,1,-1,-1,1,1,-1,-1,1,-1,-1,-1,-1,-1,-1,1,-1,-1,-1,-1,-1,-1,1,-1,-1,1,1,1,1,1,-1,1,1,1,-1,-1,1,-1,-1,-1,1,-1,-1,1,1,-1,1,1,1,-1,1,1,-1,-1,1,-1,-1,1,1,-1,-1,1,-1,1,1,-1,-1,1,1,-1,1,1,-1,-1,1,-1,1,1,1,1,-1,1,1,-1,-1,1,1,-1,1,1,1,-1,1,1,-1,-1,1,1,1,1,1,-1,1,1,-1,-1,1,1,-1,-1,1,1,-1,1,1,-1,-1,1,1,-1,1,1,-1,-1,-1,1,-1,1,1,-1,-1,1,1,-1,1,1,1,-1,1,-1,-1,1,-1,1,-1,1,-1,-1,1,-1,1,-1,1,1,-1,1,1,-1,-1,1,-1,-1,1,-1,1,-1,1,-1,-1,1,1,-1,-1,1,-1,-1,1,1,1,-1,1,-1,-1,-1,1,-1,-1,1,-1,-1,-1,1,1,-1,1,-1,-1,1,-1,-1,1,-1,-1,-1,-1,-1,1,1,-1,-1,-1,-1,1,1,-1,1,-1,-1,-1,1,1,1,1,-1,-1,-1,1,1,1,1,-1,-1,-1,1,1,1,-1,-1,-1,1,1,1,-1,-1,1,-1,1,1,1,-1,-1,-1,1,1,1,1,-1,-1,-1,-1,-1,-1,1,-1,-1,-1,-1,1,1,1,1,-1,-1,-1,-1,1,1,1,-1,1,1,-1,1,1,-1,-1,-1,-1,-1,1,1,1,-1,-1,1,-1,1,1,1,-1,1,-1,-1,1,-1,1,-1,1,-1,-1,1,1,1,-1,-1,1,-1,1,1,1,-1,1,-1,1,-1,1,-1,-1,1,-1,-1,-1,1,-1,-1,1,-1,1,-1,1,-1,-1,1,-1,-1,-1,1,-1,1,1,-1,-1,-1,1,1,-1,-1,1,-1,-1,-1,1,-1,1,-1,-1,1,-1,-1,1,-1,1,-1,-1,-1,1,-1,1,1,-1,1,-1,1,-1,1,1,-1,1,-1,1,1,1,1,-1,-1,-1,1,-1,1,-1,-1,-1,-1,1,-1,1,-1,-1,-1,1,-1,1,1,1,-1,-1,-1,1,-1,1,-1,1,-1,1,-1,-1,1,1,-1,1,-1,1,-1,1,1,-1,1,-1,1,-1,1,1,-1,1,1,-1,-1,-1,1,-1,1,-1,1,-1,-1,1,1,1,-1,1,-1,-1,1,-1,-1,1,-1,-1,-1,1,-1,1,1,-1,1,-1,1,1,1,-1,1,-1,1,1,1,1,-1,1,-1,-1,1,1,1,-1,1,-1,1,1,-1,1,1,-1,1,-1,1,1,1,-1,1,-1,1,1,1,1,-1,-1,1,1,1,1,1,-1,-1,1,1,1,1,1,1,-1,1,-1,1,1,1,1,-1,-1,1,1,1,1,-1,-1,1,1,1,1,1,1,-1,-1,1,1,1,1,-1,1,-1,1,1,-1,1,1,-1,-1,1,-2636.0,1,2000,445,500,True
2977,1,1,-1,-1,1,1,-1,1,1,1,1,-1,1,1,1,1,-1,1,-1,-1,-1,1,1,1,1,1,-1,-1,1,1,1,1,-1,-1,-1,1,-1,1,1,1,-1,-1,1,1,1,1,1,1,-1,-1,1,1,-1,1,-1,1,1,-1,1,1,1,-1,-1,-1,1,1,1,1,1,-1,1,-1,1,1,1,1,1,1,-1,1,1,-1,1,-1,-1,1,1,1,1,-1,1,1,-1,1,1,1,1,-1,-1,-1,1,1,1,1,-1,-1,-1,1,1,1,1,-1,-1,-1,1,1,1,1,1,-1,-1,1,1,1,1,-1,-1,-1,1,1,1,1,-1,-1,-1,-1,1,1,1,-1,-1,-1,-1,1,1,1,1,-1,-1,-1,1,1,1,-1,1,-1,-1,-1,1,1,-1,1,-1,-1,1,-1,1,-1,1,-1,-1,-1,1,1,-1,-1,-1,1,1,1,-1,1,1,-1,-1,-1,1,-1,-1,-1,-1,-1,-1,1,-1,-1,1,-1,-1,-1,1,-1,-1,1,-1,-1,1,1,1,-1,1,-1,1,1,-1,-1,-1,1,-1,1,-1,1,1,-1,1,1,-1,-1,-1,1,-1,1,-1,-1,1,1,1,-1,1,-1,-1,-1,-1,-1,-1,1,1,-1,-1,-1,1,-1,1,-1,-1,-1,1,-1,-1,1,-1,1,-1,-1,1,-1,1,1,-1,-1,-1,1,-1,1,1,-1,-1,-1,1,-1,1,1,1,-1,-1,1,-1,1,1,1,-1,-1,1,-1,1,-1,-1,-1,-1,1,1,1,1,-1,-1,-1,1,-1,1,1,1,-1,-1,1,1,1,1,1,-1,1,-1,1,1,-1,1,-1,-1,-1,1,1,1,1,-1,-1,1,1,1,1,-1,-1,-1,1,-1,1,1,-1,-1,-1,-1,1,1,1,1,-1,-1,1,-1,1,1,-1,-1,-1,-1,1,1,1,1,-1,-1,-1,1,-1,1,1,-1,-1,-1,1,-1,1,1,1,-1,1,1,-1,1,-1,-1,-1,-1,1,1,-1,1,1,-1,-1,1,1,-1,1,-1,1,-1,1,-1,-1,1,-1,-1,-1,1,1,-1,1,-1,1,-1,1,-1,1,-1,1,-1,1,1,-1,1,-1,1,-1,-1,1,-1,-1,-1,1,-1,1,1,1,-1,-1,1,-1,1,1,-1,-1,1,-1,1,1,-1,1,-1,1,-1,-1,-1,1,-1,-1,1,1,1,1,-1,1,-1,-1,1,1,1,1,-1,-1,-1,1,1,1,1,1,-1,1,-1,-1,1,1,-1,1,-1,1,1,-1,1,1,-1,1,1,1,1,1,-1,-1,1,1,1,1,-1,1,-1,1,1,-1,1,-1,1,-1,1,1,-1,1,-1,-1,-1,1,1,-1,1,-1,1,-1,-1,1,1,1,-1,-1,1,-1,1,-1,1,1,1,-1,1,1,1,-1,-1,1,-1,-1,1,-1,1,-1,1,1,-1,1,1,-1,1,1,-1,-1,1,1,-1,1,1,1,1,1,1,-1,1,1,1,-1,1,1,1,-1,1,1,-1,1,-1,1,-1,-1,1,-1,-1,1,-1,-1,1,-1,-1,-1,1,1,-1,-1,1,-1,-1,1,1,-1,-1,1,-1,-1,-1,-1,-1,-1,1,-1,-1,-1,-1,-1,-1,1,-1,-1,1,1,1,1,1,-1,1,1,1,-1,-1,1,-1,-1,-1,1,-1,-1,1,1,-1,1,1,1,-1,1,1,-1,-1,1,-1,-1,1,1,-1,-1,1,-1,1,1,-1,-1,1,1,-1,1,1,-1,1,1,-1,1,1,1,1,-1,1,1,-1,-1,1,-1,1,1,1,1,-1,1,1,-1,-1,1,1,1,1,1,-1,1,1,-1,-1,1,1,-1,-1,1,1,-1,1,1,-1,-1,1,-1,-1,1,1,-1,-1,-1,1,-1,1,1,-1,-1,1,1,-1,1,1,1,-1,-1,1,-1,1,-1,1,-1,-1,1,-1,1,-1,1,-1,1,1,-1,1,1,-1,-1,1,1,-1,1,-1,1,1,-1,1,-1,1,1,-1,-1,1,-1,-1,1,1,1,-1,1,1,-1,-1,1,-1,1,-1,1,-1,-1,1,1,-1,1,-1,-1,1,-1,-1,1,-1,1,-1,-1,-1,1,-1,1,-1,-1,-1,1,1,-1,1,-1,-1,-1,1,1,1,1,-1,-1,-1,1,1,1,1,-1,-1,-1,1,1,1,-1,-1,-1,1,1,1,1,-1,1,-1,1,1,1,-1,-1,-1,1,1,1,1,1,-1,-1,-1,-1,-1,1,1,-1,-1,-1,1,1,1,1,-1,-1,-1,1,1,1,1,1,-1,1,-1,1,1,-1,-1,-1,-1,-1,1,1,1,1,-1,1,-1,1,-1,1,-1,-1,-1,-1,-1,1,1,-1,1,-1,-1,1,1,1,-1,-1,1,-1,1,1,1,-1,-1,-1,1,1,1,-1,-1,-1,-1,-1,-1,1,1,1,1,-1,1,1,1,1,-1,-1,-1,-1,1,1,1,-1,1,-1,-1,-1,1,1,-1,-1,1,-1,-1,1,1,-1,1,-1,-1,1,1,1,-1,-1,1,-1,-1,1,1,1,1,1,-1,-1,1,1,1,-1,1,-1,1,-1,1,1,1,1,-1,-1,1,1,-1,-1,-1,-1,-1,1,1,-1,1,-1,-1,-1,1,1,1,1,-1,-1,-1,1,1,-1,1,-1,1,-1,1,-1,-1,1,1,-1,1,-1,1,-1,1,1,-1,1,-1,1,-1,1,1,-1,1,-1,-1,-1,-1,1,-1,1,-1,1,-1,-1,1,-1,1,-1,1,-1,-1,1,-1,-1,1,-1,-1,-1,1,-1,1,1,-1,1,-1,1,1,1,-1,1,-1,1,-1,1,-1,1,-1,-1,-1,1,-1,1,-1,1,-1,1,1,-1,1,1,-1,1,-1,1,1,1,-1,-1,-1,1,1,1,1,-1,-1,1,1,1,1,1,-1,-1,1,1,1,1,1,1,-1,-1,1,1,1,1,1,-1,1,1,1,1,1,1,-1,1,1,1,1,1,1,-1,-1,1,1,1,1,1,1,-1,1,1,-1,1,1,-1,-1,1,-2636.0,1,2000,445,500,True
2978,-1,-1,1,1,1,1,-1,1,-1,-1,-1,1,-1,1,-1,-1,1,-1,1,1,-1,1,-1,-1,-1,1,-1,-1,-1,-1,-1,-1,1,1,-1,1,1,-1,-1,-1,1,-1,1,-1,-1,-1,-1,-1,1,-1,-1,-1,1,-1,1,-1,-1,1,-1,-1,-1,1,1,1,-1,-1,-1,-1,-1,-1,1,-1,-1,-1,-1,-1,-1,1,-1,-1,-1,1,1,-1,-1,-1,-1,-1,-1,1,-1,-1,-1,-1,-1,-1,-1,1,-1,1,-1,-1,-1,-1,1,-1,-1,-1,-1,-1,-1,1,-1,-1,-1,-1,-1,-1,1,-1,-1,1,-1,-1,-1,1,-1,-1,1,-1,-1,-1,-1,-1,-1,1,-1,-1,-1,-1,-1,-1,1,-1,-1,-1,1,-1,-1,-1,-1,-1,-1,-1,1,-1,1,1,-1,-1,1,1,-1,-1,-1,-1,1,-1,1,-1,-1,-1,-1,-1,-1,-1,-1,1,-1,-1,-1,1,1,-1,-1,-1,-1,-1,-1,-1,-1,1,-1,1,-1,-1,1,-1,1,-1,-1,1,-1,1,-1,1,-1,-1,-1,-1,1,-1,1,-1,-1,1,-1,1,1,1,1,1,1,-1,1,1,-1,1,-1,-1,-1,1,1,-1,1,1,-1,-1,1,1,-1,1,-1,1,-1,1,1,-1,1,-1,-1,-1,1,-1,1,1,-1,-1,-1,1,-1,-1,1,-1,1,1,1,-1,1,1,-1,1,1,1,-1,1,1,-1,-1,1,1,-1,1,1,1,-1,-1,1,-1,1,1,-1,-1,-1,1,1,1,1,-1,1,1,1,-1,-1,-1,1,-1,1,1,1,1,-1,-1,-1,1,1,-1,-1,-1,1,-1,1,-1,1,-1,-1,-1,-1,1,1,-1,1,-1,-1,1,1,1,-1,1,-1,-1,1,-1,1,-1,1,-1,-1,-1,1,1,-1,-1,1,-1,1,1,1,-1,-1,-1,-1,-1,-1,1,-1,-1,-1,-1,-1,-1,-1,-1,1,-1,-1,-1,-1,-1,-1,-1,1,-1,-1,-1,-1,-1,1,1,-1,1,-1,1,-1,-1,1,-1,1,-1,1,-1,-1,1,-1,-1,1,-1,-1,-1,-1,1,1,-1,1,-1,-1,1,-1,1,-1,-1,-1,-1,1,-1,-1,-1,1,-1,1,1,1,-1,-1,-1,-1,-1,1,-1,1,1,1,-1,-1,-1,1,1,-1,-1,-1,-1,1,1,1,1,1,-1,1,-1,1,1,-1,-1,-1,1,1,1,1,1,1,-1,-1,1,1,1,-1,-1,-1,-1,1,1,1,-1,1,-1,-1,1,-1,1,1,-1,1,-1,1,1,-1,1,1,-1,1,1,1,1,1,-1,-1,1,1,1,1,-1,1,-1,1,1,-1,1,1,1,-1,1,1,-1,1,-1,-1,-1,1,1,-1,1,1,1,-1,-1,1,1,1,-1,-1,1,-1,1,-1,1,-1,1,-1,1,1,1,-1,-1,1,-1,-1,1,-1,1,-1,1,1,-1,1,1,-1,1,1,-1,-1,1,1,-1,1,1,1,1,1,1,-1,1,1,1,-1,-1,1,1,-1,1,1,-1,1,-1,1,-1,-1,1,-1,-1,1,-1,-1,1,-1,-1,-1,1,1,-1,1,1,-1,-1,1,1,-1,-1,1,-1,-1,-1,-1,-1,1,1,-1,-1,-1,-1,-1,1,1,-1,-1,1,1,1,-1,1,-1,-1,1,1,-1,1,1,-1,-1,-1,1,-1,-1,1,1,-1,1,1,1,1,1,-1,1,1,1,-1,1,1,1,-1,1,1,-1,1,1,-1,1,1,1,-1,1,1,-1,-1,1,-1,1,1,1,-1,1,1,1,-1,1,1,1,1,1,1,1,1,1,1,1,1,1,1,1,1,-1,1,1,1,-1,1,1,1,1,1,1,1,1,-1,1,1,1,1,1,1,1,1,-1,1,-1,1,1,1,1,1,1,1,1,1,1,-1,1,1,1,1,1,-1,-1,1,1,1,1,1,1,-1,1,1,1,1,1,-1,1,1,1,1,1,1,1,-1,1,1,-1,1,1,-1,1,-1,1,1,-1,1,1,1,-1,1,1,1,1,-1,1,-1,1,-1,1,1,1,-1,1,1,-1,-1,1,-1,1,1,-1,-1,-1,1,1,-1,-1,1,-1,1,1,1,-1,1,1,1,-1,1,1,-1,1,-1,1,-1,1,1,1,-1,1,1,-1,1,1,-1,1,1,-1,1,1,1,-1,1,-1,1,-1,1,1,-1,1,-1,-1,-1,1,1,-1,1,-1,-1,-1,1,1,1,1,-1,-1,-1,1,1,-1,1,1,-1,-1,1,1,-1,1,-1,1,-1,1,1,1,-1,1,-1,-1,1,1,1,-1,1,1,-1,-1,1,1,-1,1,-1,-1,1,1,1,-1,1,-1,1,1,1,1,1,1,-1,-1,-1,1,-1,1,-1,-1,-1,1,1,1,1,1,-1,1,1,1,-1,1,1,1,1,1,1,1,1,1,-1,-1,1,1,1,1,1,-1,1,1,1,1,1,1,-1,-1,-1,1,1,1,1,-1,1,-1,1,1,1,1,-1,-1,-1,1,1,1,1,-1,1,-1,1,1,1,1,-1,-1,-1,1,-1,1,1,-1,1,-1,1,1,1,1,-1,-1,1,1,1,1,-1,-1,1,1,1,1,1,-1,1,1,1,1,1,1,-1,-1,1,1,-1,1,1,-1,-1,1,-1,1,-1,1,1,-1,1,-1,1,-1,-1,1,-1,1,-1,1,1,1,1,-1,-1,1,1,1,-1,1,-1,-1,-1,1,1,-1,1,1,-1,-1,1,-1,1,-1,1,-1,1,1,1,1,-1,1,-1,1,1,1,-1,1,-1,1,1,1,1,-1,1,-1,-1,-1,1,1,-1,1,-1,1,1,-1,1,1,1,-1,-1,-1,1,1,-1,1,1,1,1,-1,1,-1,1,1,1,1,1,1,-1,1,-1,1,1,1,1,1,1,1,1,1,1,1,1,1,-1,1,1,1,1,-1,1,-1,1,1,-1,1,-1,1,1,1,1,-1,1,1,1,-1,1,1,-1,1,-1,1,1,1,-2636.0,1,2000,445,500,True
2979,1,1,-1,-1,1,1,-1,1,1,1,1,-1,1,-1,1,1,-1,1,-1,-1,1,1,1,1,1,-1,1,-1,1,1,1,1,1,-1,-1,1,-1,1,1,-1,-1,-1,1,1,1,1,-1,1,-1,1,1,1,1,1,-1,1,-1,-1,1,1,-1,-1,1,-1,1,1,1,-1,-1,1,1,-1,1,1,-1,1,1,1,1,1,1,-1,-1,1,-1,1,1,-1,-1,1,-1,1,-1,1,-1,-1,1,1,-1,-1,1,-1,-1,1,1,-1,-1,1,-1,1,1,-1,-1,-1,1,1,-1,1,1,-1,-1,1,1,-1,1,1,-1,-1,1,1,1,1,1,-1,-1,-1,-1,1,1,1,-1,-1,-1,1,-1,1,-1,-1,-1,-1,1,-1,1,1,1,-1,-1,-1,-1,1,1,1,-1,-1,1,-1,1,1,1,-1,-1,-1,1,1,1,-1,-1,1,-1,1,1,-1,1,-1,-1,-1,1,1,1,-1,-1,-1,-1,1,1,1,1,-1,-1,-1,1,-1,1,1,-1,-1,1,1,1,1,1,-1,1,1,-1,-1,1,1,-1,1,-1,1,1,1,1,1,-1,-1,1,1,1,1,-1,-1,1,1,1,1,1,-1,-1,-1,1,-1,1,1,1,-1,1,-1,1,1,1,-1,-1,-1,1,-1,1,1,-1,1,-1,1,1,-1,1,1,1,-1,1,1,-1,1,1,1,1,1,1,-1,1,1,1,-1,-1,1,1,1,1,1,1,1,1,1,1,-1,1,1,-1,1,-1,1,1,1,1,1,1,-1,1,1,-1,1,1,1,1,1,1,1,1,-1,1,-1,1,-1,1,1,1,1,-1,1,1,1,1,1,-1,1,1,1,1,1,1,-1,1,1,1,1,1,1,-1,1,1,1,-1,1,1,1,-1,1,1,1,1,1,-1,1,1,-1,1,1,1,-1,1,1,1,1,1,1,-1,1,1,1,-1,1,1,1,1,1,1,-1,-1,1,-1,1,-1,1,-1,1,1,1,-1,1,1,1,-1,1,-1,1,1,1,-1,-1,-1,-1,1,1,1,-1,1,1,-1,1,1,-1,-1,1,1,-1,1,1,-1,-1,1,1,1,1,1,1,1,-1,1,-1,-1,-1,1,-1,1,-1,-1,1,1,1,-1,-1,-1,1,-1,1,1,1,-1,1,-1,1,1,1,1,1,-1,1,-1,-1,1,-1,1,-1,-1,-1,-1,1,1,1,-1,-1,1,-1,1,1,1,-1,1,-1,1,-1,1,1,-1,-1,1,-1,1,1,1,-1,-1,-1,1,1,1,1,-1,-1,1,1,1,1,-1,1,-1,1,-1,1,1,-1,-1,-1,-1,1,1,1,-1,1,-1,1,-1,1,1,-1,-1,1,-1,1,1,1,1,-1,1,-1,-1,-1,1,1,-1,-1,-1,1,-1,1,-1,-1,1,-1,-1,1,-1,1,-1,-1,-1,-1,1,-1,1,-1,-1,1,-1,-1,1,1,1,-1,1,-1,1,-1,-1,-1,1,-1,1,1,-1,-1,1,1,1,1,-1,-1,1,-1,1,1,1,-1,-1,-1,-1,-1,1,1,1,-1,-1,-1,1,1,-1,1,-1,-1,-1,1,1,-1,1,-1,-1,-1,1,1,-1,1,-1,-1,-1,-1,1,1,1,-1,1,-1,-1,1,-1,1,-1,-1,1,-1,1,-1,1,1,-1,-1,-1,-1,-1,1,1,-1,-1,-1,1,-1,-1,1,-1,-1,-1,-1,1,1,-1,-1,-1,-1,-1,1,1,-1,1,-1,1,1,1,1,1,-1,-1,-1,-1,-1,1,-1,1,-1,-1,1,-1,1,1,-1,1,-1,-1,1,1,1,-1,1,-1,1,-1,1,1,-1,1,-1,1,-1,1,1,-1,1,-1,-1,-1,1,1,1,-1,1,-1,-1,1,1,-1,-1,-1,-1,-1,1,1,1,-1,1,-1,-1,1,-1,1,-1,1,-1,-1,1,-1,-1,1,-1,1,-1,1,1,-1,1,-1,1,-1,1,-1,-1,1,-1,1,-1,1,1,-1,1,-1,-1,-1,1,1,-1,1,-1,1,-1,-1,1,-1,1,-1,1,-1,-1,1,-1,-1,-1,-1,-1,1,-1,-1,1,-1,-1,-1,-1,-1,-1,1,-1,-1,-1,-1,1,-1,-1,1,-1,-1,-1,1,-1,-1,1,-1,-1,-1,1,-1,1,1,-1,-1,-1,1,-1,1,-1,-1,-1,1,-1,-1,1,-1,1,-1,1,1,-1,-1,-1,-1,1,1,1,-1,1,1,1,-1,1,-1,1,-1,-1,-1,1,1,1,-1,1,1,1,1,1,1,-1,1,-1,1,-1,1,-1,-1,-1,1,1,-1,1,1,1,-1,-1,1,1,1,1,1,-1,1,1,1,1,1,1,-1,1,1,-1,1,1,1,-1,1,1,1,-1,1,-1,1,1,1,1,1,1,-1,-1,1,1,1,-1,1,-1,-1,1,1,1,1,-1,-1,-1,1,1,1,1,-1,1,-1,1,1,1,1,-1,-1,-1,1,1,1,-1,-1,-1,-1,1,1,1,-1,1,-1,-1,1,-1,1,1,-1,-1,-1,-1,1,-1,1,1,-1,-1,1,1,1,1,-1,-1,1,1,1,1,-1,-1,-1,1,-1,1,1,-1,-1,-1,1,-1,1,1,-1,-1,-1,1,1,1,-1,-1,-1,1,-1,1,1,-1,1,-1,1,1,1,1,1,-1,1,-1,1,1,1,1,-1,1,-1,1,-1,1,1,-1,-1,1,-1,1,1,-1,-1,1,-1,1,1,-1,1,-1,1,-1,1,1,-1,1,-1,1,-1,1,-1,1,1,-1,-1,-1,-1,-1,1,1,-1,-1,1,1,1,1,-1,-1,-1,1,1,1,1,-1,1,-1,1,-1,1,1,1,1,-1,-1,-1,-1,-1,-1,-1,-1,1,-1,1,1,1,-1,1,1,-1,-1,1,-1,-1,-1,1,-1,1,1,1,-1,-1,1,-1,1,1,1,-1,-1,1,-1,1,1,-1,-1,-1,1,-1,1,-1,1,1,-1,1,-1,-1,1,1,-1,-1,-1,-1,1,1,-1,1,-1,1,-1,-1,1,-2636.0,1,2000,445,1000,True
2980,-1,-1,1,1,1,1,-1,1,-1,-1,-1,1,-1,-1,-1,-1,1,-1,1,-1,-1,1,-1,-1,-1,1,-1,-1,1,-1,-1,-1,1,-1,-1,1,1,-1,-1,1,-1,-1,1,-1,-1,-1,1,1,-1,-1,-1,-1,1,1,-1,1,-1,1,-1,-1,1,1,-1,1,-1,-1,-1,1,1,-1,1,-1,-1,-1,1,1,1,1,-1,-1,-1,-1,1,-1,-1,-1,-1,1,1,1,1,-1,-1,-1,-1,1,-1,1,-1,1,-1,-1,1,1,-1,-1,-1,-1,1,1,1,1,-1,-1,-1,-1,1,1,1,-1,-1,-1,-1,1,1,1,-1,-1,1,-1,1,1,-1,-1,-1,-1,-1,1,1,-1,-1,-1,-1,-1,-1,1,1,-1,-1,-1,-1,1,1,1,1,-1,1,-1,-1,1,-1,1,-1,-1,1,-1,1,-1,1,-1,1,-1,1,1,-1,-1,-1,-1,-1,1,-1,1,1,-1,-1,-1,1,-1,-1,-1,-1,1,-1,1,-1,-1,1,1,-1,-1,1,-1,-1,1,-1,1,1,1,1,-1,1,-1,1,1,-1,-1,-1,1,1,1,-1,1,1,-1,1,1,-1,-1,1,1,-1,1,-1,1,-1,1,1,-1,1,1,1,-1,1,-1,-1,1,1,1,-1,-1,1,-1,1,-1,-1,-1,1,-1,-1,1,1,1,-1,1,1,-1,1,-1,-1,-1,1,1,-1,1,-1,-1,-1,1,-1,-1,1,-1,1,-1,1,1,-1,1,1,1,-1,1,1,-1,1,1,-1,-1,-1,1,1,1,-1,-1,-1,1,1,-1,1,1,1,-1,-1,1,1,1,-1,-1,-1,1,1,1,-1,1,-1,-1,-1,1,1,1,-1,1,-1,-1,1,1,1,-1,-1,-1,1,1,-1,1,-1,1,-1,-1,1,1,1,-1,1,-1,1,1,-1,1,-1,-1,-1,-1,-1,1,1,-1,-1,-1,-1,-1,1,-1,-1,-1,-1,-1,1,1,-1,-1,-1,1,1,-1,1,-1,-1,1,1,-1,-1,1,1,-1,-1,1,-1,1,-1,1,-1,-1,-1,1,-1,1,-1,1,-1,-1,-1,-1,1,1,-1,-1,1,1,-1,1,1,-1,-1,1,1,1,1,1,-1,-1,1,1,-1,1,-1,-1,-1,1,1,1,1,1,-1,-1,1,1,1,-1,-1,-1,-1,1,-1,1,-1,-1,-1,-1,1,1,1,-1,1,1,1,1,1,1,-1,1,-1,-1,1,1,1,1,1,1,-1,1,1,1,1,1,-1,-1,-1,1,1,1,1,-1,-1,1,1,-1,1,1,-1,-1,1,-1,1,1,-1,1,1,1,1,1,-1,-1,-1,1,1,-1,1,-1,-1,1,1,1,-1,1,-1,-1,-1,1,1,-1,1,-1,-1,-1,1,-1,1,1,-1,-1,-1,1,1,-1,1,-1,-1,-1,1,1,1,-1,-1,1,-1,1,-1,-1,1,-1,-1,1,1,1,-1,-1,1,-1,1,1,1,1,-1,1,-1,-1,-1,1,1,-1,1,-1,1,1,-1,-1,1,-1,1,1,-1,1,-1,-1,1,-1,1,-1,-1,1,-1,1,1,-1,-1,-1,1,1,1,1,1,-1,-1,1,-1,1,-1,1,-1,-1,-1,1,1,1,1,-1,-1,-1,-1,1,1,1,-1,-1,1,1,1,-1,1,-1,-1,-1,1,1,1,1,-1,-1,-1,-1,1,-1,1,1,-1,1,-1,-1,1,1,-1,1,1,-1,1,1,1,1,-1,1,-1,1,1,1,-1,1,1,1,-1,1,1,-1,-1,1,1,1,1,1,-1,1,1,1,-1,1,1,-1,1,1,1,1,1,1,1,1,1,1,-1,1,1,-1,1,1,1,1,1,1,1,1,1,1,1,1,1,-1,1,1,1,1,1,1,1,-1,1,-1,1,1,1,1,1,1,1,1,1,1,-1,1,1,1,-1,1,-1,-1,1,1,1,-1,1,1,-1,1,1,-1,1,1,1,1,1,1,1,-1,1,1,-1,1,1,-1,-1,1,1,-1,1,1,1,-1,1,1,-1,1,1,1,-1,1,1,-1,-1,1,1,-1,1,1,1,1,1,1,-1,1,1,-1,-1,1,-1,-1,1,1,1,1,-1,1,-1,1,1,-1,1,1,1,-1,1,1,1,1,1,1,-1,1,1,-1,1,1,1,-1,1,1,1,1,1,-1,-1,1,-1,1,1,-1,-1,1,1,1,1,1,-1,-1,-1,1,1,1,1,-1,1,-1,1,1,-1,1,1,-1,-1,1,-1,1,1,1,-1,-1,1,1,1,1,1,-1,1,-1,1,-1,1,-1,-1,-1,1,1,1,1,1,-1,-1,-1,1,1,1,1,-1,1,-1,-1,1,-1,1,-1,1,1,-1,1,1,1,-1,-1,1,-1,1,1,1,-1,1,-1,1,-1,1,-1,-1,1,-1,-1,-1,1,-1,-1,1,-1,1,-1,1,-1,-1,1,-1,-1,-1,1,-1,1,1,-1,1,-1,1,1,-1,-1,-1,-1,-1,-1,1,-1,1,-1,-1,1,-1,-1,1,-1,-1,-1,-1,-1,1,-1,1,-1,-1,1,-1,1,-1,-1,-1,-1,1,-1,1,-1,1,1,-1,-1,-1,1,-1,-1,-1,-1,-1,-1,1,-1,1,-1,-1,-1,1,-1,1,1,-1,-1,-1,-1,1,-1,1,-1,1,-1,1,-1,-1,1,1,-1,1,-1,1,-1,1,1,-1,1,-1,1,-1,1,1,-1,1,1,-1,-1,-1,1,-1,1,-1,1,-1,-1,1,-1,1,-1,1,-1,-1,1,-1,-1,1,-1,-1,-1,1,-1,1,1,-1,1,-1,1,1,1,-1,1,-1,1,-1,1,1,-1,1,-1,-1,-1,-1,1,-1,1,-1,1,-1,1,1,1,-1,1,-1,1,1,1,-1,1,-1,1,1,-1,1,-1,-1,1,1,1,1,1,-1,-1,1,1,1,1,1,1,-1,-1,1,1,1,1,1,-1,1,1,-1,-1,1,1,-1,1,1,1,1,1,1,-1,-1,1,1,-1,1,1,1,-1,1,1,-1,1,1,-1,-1,1,-2636.0,1,2000,445,500,True
2981,1,1,-1,-1,1,1,-1,1,1,1,1,-1,1,1,1,1,-1,1,-1,-1,-1,1,1,1,1,-1,1,-1,1,1,1,1,1,-1,-1,1,-1,1,1,-1,-1,-1,1,1,1,1,-1,-1,1,-1,1,1,1,1,-1,-1,1,-1,1,1,-1,-1,-1,1,1,1,1,-1,-1,-1,1,-1,1,1,1,-1,-1,1,-1,1,1,-1,-1,-1,-1,1,1,1,-1,-1,1,1,-1,1,1,-1,-1,-1,-1,-1,1,1,-1,-1,-1,-1,-1,1,1,-1,-1,1,-1,-1,1,1,-1,-1,1,-1,-1,1,1,1,-1,-1,-1,-1,1,1,1,-1,-1,-1,-1,-1,1,1,-1,-1,-1,-1,-1,1,1,-1,1,-1,-1,-1,1,-1,-1,-1,1,-1,-1,-1,-1,-1,-1,-1,-1,-1,1,-1,1,-1,1,-1,-1,-1,-1,-1,-1,-1,-1,1,-1,-1,-1,1,1,-1,-1,-1,-1,-1,-1,-1,-1,-1,-1,-1,1,-1,1,-1,-1,-1,1,1,-1,1,-1,-1,1,-1,-1,1,1,-1,1,1,-1,-1,1,1,-1,1,-1,1,-1,-1,1,1,-1,-1,1,-1,1,1,1,-1,1,1,-1,-1,1,-1,-1,-1,1,1,-1,1,1,-1,-1,-1,1,-1,1,-1,-1,-1,1,1,-1,1,-1,1,-1,1,-1,-1,1,1,-1,-1,1,-1,-1,1,1,-1,-1,1,-1,-1,1,1,1,-1,1,-1,-1,1,1,1,-1,-1,1,-1,1,1,-1,-1,-1,1,-1,1,1,-1,-1,1,1,-1,1,-1,1,-1,-1,1,-1,1,1,1,-1,1,1,-1,1,-1,1,1,-1,1,-1,1,1,1,-1,-1,-1,1,1,1,-1,-1,1,1,-1,1,1,-1,-1,-1,1,-1,1,1,1,-1,-1,1,-1,1,1,-1,-1,-1,-1,1,1,1,1,-1,-1,-1,1,-1,1,1,-1,-1,1,1,-1,1,1,1,-1,1,1,-1,1,-1,-1,-1,-1,1,1,-1,1,1,-1,-1,1,1,-1,1,-1,1,-1,1,-1,-1,1,-1,-1,-1,1,1,-1,1,-1,1,-1,1,-1,1,-1,1,-1,1,1,-1,1,-1,1,-1,-1,1,-1,-1,-1,1,-1,1,1,1,-1,-1,1,-1,1,1,-1,-1,1,-1,1,1,-1,1,-1,1,-1,-1,-1,1,-1,-1,1,1,1,1,-1,1,-1,-1,1,1,1,1,-1,-1,-1,1,1,1,1,1,-1,-1,1,-1,1,1,-1,1,-1,1,1,-1,1,1,-1,1,1,1,1,1,-1,-1,1,1,1,1,-1,1,-1,1,1,-1,1,-1,1,-1,1,1,-1,1,-1,-1,-1,1,1,-1,1,1,1,-1,-1,1,1,1,-1,-1,1,-1,1,-1,1,1,1,-1,1,1,1,-1,-1,1,-1,-1,1,-1,1,-1,1,1,-1,1,1,-1,1,1,-1,-1,1,1,-1,1,1,1,1,1,1,-1,1,1,1,-1,1,1,1,-1,1,1,-1,1,-1,1,1,-1,1,-1,-1,1,-1,-1,1,-1,-1,-1,1,1,-1,1,1,-1,-1,1,1,-1,-1,1,-1,-1,-1,-1,-1,-1,1,-1,-1,-1,-1,-1,-1,1,-1,-1,1,1,1,1,1,-1,1,1,1,-1,-1,1,-1,1,-1,1,-1,-1,1,1,-1,1,1,1,-1,1,1,-1,-1,1,-1,-1,1,1,-1,-1,1,-1,1,1,-1,-1,1,1,-1,1,1,-1,1,1,-1,1,1,1,1,-1,1,1,-1,-1,1,1,-1,1,1,1,-1,1,1,-1,-1,1,1,1,1,1,-1,1,1,-1,-1,1,1,-1,-1,1,1,-1,1,1,-1,-1,1,-1,-1,1,1,-1,-1,-1,1,-1,1,1,-1,-1,1,1,-1,1,1,1,-1,1,1,-1,1,-1,1,-1,-1,1,-1,1,-1,1,-1,1,1,-1,1,1,-1,-1,1,1,-1,1,-1,1,1,-1,1,-1,1,1,-1,-1,1,1,-1,1,1,1,-1,1,1,-1,-1,1,-1,1,-1,1,-1,-1,1,1,-1,-1,-1,-1,1,-1,-1,1,-1,1,-1,-1,-1,1,1,-1,-1,-1,-1,1,1,-1,1,-1,-1,-1,1,1,1,1,-1,-1,-1,1,1,1,1,-1,-1,-1,1,1,1,-1,-1,-1,1,1,1,1,-1,1,-1,1,1,1,-1,-1,-1,1,1,1,1,1,-1,-1,-1,-1,-1,1,1,-1,-1,-1,1,1,1,1,-1,-1,-1,1,1,1,1,1,-1,-1,1,-1,1,-1,-1,-1,1,-1,1,1,1,1,-1,1,-1,1,1,1,-1,-1,-1,-1,1,-1,1,-1,1,1,-1,1,1,1,-1,-1,1,-1,1,1,1,-1,-1,-1,1,-1,1,-1,-1,-1,1,1,-1,1,1,1,1,1,-1,1,1,1,-1,-1,1,1,-1,1,1,-1,1,1,1,-1,1,1,-1,-1,1,1,1,-1,1,-1,1,1,1,-1,-1,1,-1,-1,1,1,1,-1,1,1,1,-1,1,1,-1,1,1,-1,1,1,1,-1,1,1,1,1,1,1,-1,1,-1,-1,1,1,1,-1,1,-1,1,1,1,-1,1,1,1,1,1,1,1,-1,1,-1,1,1,-1,1,-1,1,-1,1,1,1,-1,1,1,-1,1,1,1,1,-1,1,-1,1,1,1,1,1,-1,-1,-1,1,1,-1,1,1,-1,-1,1,1,-1,1,-1,1,-1,-1,1,1,1,-1,-1,-1,1,1,1,1,-1,1,-1,-1,1,-1,1,1,-1,1,1,1,1,-1,-1,-1,-1,1,1,1,1,1,-1,1,1,-1,1,1,-1,1,-1,1,1,1,1,-1,-1,1,1,1,1,1,-1,1,1,1,1,1,1,-1,1,1,1,1,1,1,-1,-1,1,1,1,1,1,-1,1,1,1,1,1,1,-1,1,1,1,1,1,1,-1,-1,1,1,-1,1,1,-1,1,-1,1,-1,1,1,1,-1,1,-2636.0,1,2000,445,500,True
2982,1,1,1,1,1,1,-1,1,1,-1,-1,1,-1,-1,1,1,1,-1,1,-1,-1,1,1,-1,-1,1,-1,-1,1,1,1,-1,1,-1,-1,1,-1,1,-1,1,-1,-1,1,1,1,-1,-1,1,-1,-1,1,-1,1,1,-1,1,1,-1,1,-1,-1,1,-1,-1,1,1,-1,-1,1,-1,1,-1,1,1,-1,1,1,1,1,1,1,1,1,-1,-1,1,1,-1,1,1,1,1,-1,1,-1,1,-1,1,-1,1,1,-1,1,1,-1,-1,-1,1,-1,1,1,1,-1,-1,1,1,-1,1,1,-1,-1,1,1,-1,1,1,-1,-1,1,1,-1,1,-1,-1,-1,1,1,1,1,-1,-1,-1,-1,1,-1,1,1,-1,-1,-1,1,-1,-1,1,1,-1,1,1,1,-1,-1,-1,-1,-1,1,1,1,-1,1,-1,1,1,-1,1,-1,-1,-1,1,1,-1,-1,1,1,-1,1,1,-1,-1,-1,-1,-1,-1,1,-1,-1,-1,1,-1,-1,1,-1,1,-1,1,-1,-1,1,-1,-1,-1,1,-1,1,1,1,1,-1,1,-1,1,1,-1,-1,-1,1,1,-1,1,-1,-1,-1,1,1,-1,1,-1,-1,-1,1,-1,-1,1,-1,1,-1,1,1,-1,1,-1,1,-1,1,-1,1,1,-1,1,-1,1,-1,-1,1,1,-1,-1,1,1,1,1,1,-1,-1,1,1,1,1,1,-1,-1,1,1,1,1,1,-1,-1,1,1,1,1,1,1,-1,1,1,-1,1,1,1,-1,1,1,1,1,1,1,-1,1,1,1,-1,1,1,-1,1,1,1,1,-1,1,-1,1,-1,1,1,1,1,-1,1,1,1,1,1,-1,1,1,1,1,1,1,-1,-1,1,1,1,1,1,-1,1,1,1,1,-1,1,1,-1,1,1,1,1,1,-1,1,1,1,1,1,1,-1,1,-1,1,1,1,1,-1,1,-1,1,1,1,1,-1,1,-1,1,-1,-1,1,-1,1,1,-1,1,1,1,1,-1,1,-1,1,-1,1,-1,1,-1,-1,1,-1,-1,-1,1,1,-1,1,-1,1,-1,1,-1,1,-1,1,1,1,1,-1,1,-1,1,1,-1,1,-1,-1,-1,-1,1,1,1,1,-1,-1,1,1,1,1,-1,-1,1,-1,-1,1,-1,1,-1,1,-1,1,1,1,-1,-1,1,1,-1,1,-1,1,-1,-1,1,-1,1,1,-1,-1,-1,1,-1,-1,1,1,-1,-1,1,-1,1,1,-1,1,-1,1,-1,-1,1,1,-1,1,1,-1,1,1,-1,-1,1,1,-1,1,-1,1,-1,1,1,-1,1,-1,1,-1,1,-1,-1,1,-1,-1,-1,1,-1,-1,1,1,1,-1,1,-1,-1,1,-1,-1,1,-1,1,-1,1,-1,1,-1,1,1,-1,-1,-1,1,-1,1,-1,-1,1,-1,1,1,-1,1,-1,-1,1,1,-1,-1,1,1,-1,1,1,1,1,1,1,-1,1,1,1,-1,-1,-1,1,-1,1,1,-1,1,-1,1,1,-1,1,-1,-1,1,-1,-1,1,-1,-1,-1,1,1,-1,-1,1,-1,-1,1,1,-1,-1,1,-1,-1,-1,-1,-1,-1,1,-1,-1,-1,-1,-1,-1,1,-1,-1,1,1,1,1,1,-1,-1,1,1,-1,-1,1,-1,1,-1,1,-1,-1,1,1,-1,1,1,1,-1,1,1,-1,-1,1,-1,-1,-1,1,-1,-1,1,-1,1,1,-1,-1,1,1,-1,1,1,-1,-1,1,-1,1,1,1,1,-1,1,1,-1,-1,1,1,-1,1,1,1,-1,1,1,-1,-1,1,1,1,1,1,-1,1,1,-1,-1,1,1,-1,-1,1,1,-1,1,1,-1,-1,1,-1,-1,1,1,-1,-1,-1,1,-1,1,1,-1,-1,1,1,-1,1,1,1,-1,-1,1,-1,-1,-1,1,-1,1,-1,-1,1,-1,-1,-1,1,1,-1,1,1,-1,-1,1,1,-1,1,-1,-1,1,-1,1,-1,1,1,-1,-1,1,-1,-1,-1,1,-1,-1,1,-1,1,-1,1,-1,1,-1,1,-1,-1,-1,-1,-1,1,-1,-1,-1,1,-1,1,-1,-1,1,-1,-1,-1,1,-1,-1,1,-1,1,1,-1,1,-1,1,-1,1,-1,-1,1,-1,1,-1,-1,-1,1,1,-1,-1,-1,-1,-1,1,-1,-1,-1,1,-1,-1,1,-1,1,1,-1,-1,-1,-1,-1,-1,1,-1,-1,-1,1,1,-1,1,-1,-1,1,-1,-1,-1,-1,1,-1,-1,1,-1,1,1,1,-1,-1,1,-1,1,1,-1,1,-1,-1,1,1,1,1,-1,-1,-1,-1,1,-1,1,-1,1,-1,1,1,-1,1,1,-1,-1,-1,1,1,1,-1,1,-1,1,1,-1,1,-1,-1,1,1,1,1,-1,1,-1,-1,1,1,1,1,-1,-1,-1,1,1,-1,1,-1,-1,-1,1,1,-1,1,1,-1,-1,1,1,1,1,1,-1,-1,1,1,-1,1,1,-1,-1,-1,1,-1,1,-1,-1,-1,1,-1,1,-1,1,-1,-1,-1,1,-1,1,1,-1,-1,1,1,-1,-1,1,-1,1,1,1,1,-1,1,-1,1,-1,1,-1,1,1,-1,1,-1,1,-1,-1,1,1,-1,1,1,-1,1,1,1,1,-1,1,-1,-1,1,1,-1,-1,1,1,-1,-1,1,1,-1,1,1,-1,1,-1,1,-1,1,1,-1,1,1,-1,-1,-1,1,-1,1,1,1,-1,-1,1,-1,1,1,1,-1,-1,1,-1,-1,1,-1,-1,-1,1,-1,1,1,-1,1,-1,1,1,1,1,1,-1,1,-1,1,1,1,-1,-1,-1,-1,-1,1,1,1,-1,1,-1,1,1,1,-1,1,-1,1,1,1,1,-1,-1,1,1,-1,1,1,-1,1,1,1,1,1,1,-1,1,1,1,1,1,1,-1,-1,1,1,1,1,1,-1,1,1,-1,-1,1,1,-1,1,1,1,1,1,1,-1,-1,1,1,-1,1,1,1,-1,1,1,-1,1,1,-1,-1,1,-2636.0,1,2000,445,500,True
2983,-1,-1,1,1,1,1,-1,1,-1,-1,-1,1,-1,1,-1,-1,1,-1,1,1,-1,1,-1,-1,-1,1,-1,-1,-1,-1,-1,-1,1,1,-1,1,1,-1,-1,-1,1,-1,1,-1,-1,-1,1,1,-1,-1,-1,-1,1,1,1,-1,-1,1,-1,-1,1,1,1,1,-1,-1,-1,1,1,-1,1,-1,-1,-1,1,-1,-1,1,-1,-1,-1,1,1,-1,-1,-1,-1,1,1,1,-1,-1,-1,-1,1,1,-1,1,-1,1,-1,1,1,-1,1,-1,-1,-1,1,1,-1,1,-1,-1,-1,1,1,-1,1,-1,-1,-1,1,1,-1,1,-1,-1,-1,1,1,-1,1,-1,-1,1,1,1,-1,-1,-1,-1,1,1,1,-1,1,-1,-1,-1,1,1,-1,-1,1,-1,-1,1,1,-1,1,1,-1,-1,1,1,-1,1,1,-1,1,1,1,-1,1,-1,-1,-1,1,1,1,-1,1,-1,1,1,-1,1,1,-1,-1,1,1,1,1,1,1,-1,1,1,-1,1,1,1,-1,1,1,1,-1,1,1,-1,1,1,-1,1,1,1,1,1,1,1,1,1,1,1,-1,1,-1,-1,1,1,-1,1,-1,1,1,1,1,1,1,1,-1,1,1,1,1,1,-1,1,-1,1,1,1,1,1,-1,1,1,1,1,-1,1,-1,1,-1,1,-1,-1,1,-1,1,-1,1,1,-1,-1,-1,1,-1,1,-1,1,1,-1,-1,1,1,1,1,1,1,-1,1,1,1,-1,1,1,-1,-1,1,-1,-1,-1,-1,1,-1,1,1,1,-1,1,-1,-1,1,-1,-1,-1,1,-1,-1,-1,1,-1,-1,-1,1,-1,1,-1,1,-1,-1,1,-1,1,-1,-1,-1,-1,1,-1,1,-1,-1,-1,1,-1,1,1,-1,1,-1,1,-1,-1,1,-1,-1,-1,-1,1,1,1,-1,-1,-1,-1,1,1,-1,-1,-1,-1,-1,1,1,-1,-1,1,-1,-1,1,1,-1,-1,1,1,-1,1,1,1,-1,1,-1,-1,1,1,1,-1,1,-1,-1,1,-1,-1,-1,1,1,1,1,1,1,-1,1,-1,-1,-1,1,-1,1,-1,1,-1,1,1,-1,1,1,-1,1,-1,1,-1,-1,-1,1,-1,1,1,1,-1,1,-1,1,1,1,-1,-1,1,-1,1,1,-1,1,-1,1,-1,-1,1,1,-1,-1,-1,1,-1,1,-1,1,-1,1,1,-1,1,-1,-1,-1,1,1,-1,1,1,1,-1,-1,1,-1,1,1,-1,1,-1,1,-1,1,-1,1,-1,1,1,1,1,-1,-1,-1,1,1,-1,1,-1,1,-1,1,-1,1,1,1,1,-1,1,-1,1,1,-1,-1,-1,1,-1,1,-1,1,1,-1,1,-1,-1,1,-1,-1,1,-1,1,1,1,-1,1,-1,1,1,1,1,-1,1,-1,1,-1,1,1,-1,1,1,1,-1,1,1,1,1,-1,1,1,-1,1,1,1,1,1,-1,-1,1,1,1,1,-1,-1,1,1,-1,1,1,-1,1,-1,1,-1,1,-1,-1,-1,1,-1,-1,1,-1,-1,-1,1,1,-1,1,1,-1,-1,1,1,-1,-1,1,-1,-1,-1,-1,-1,1,1,-1,-1,-1,-1,-1,1,1,-1,-1,1,1,1,-1,1,-1,-1,1,1,-1,1,1,-1,-1,-1,1,-1,-1,1,1,-1,1,1,1,1,1,-1,1,1,1,-1,1,1,1,-1,1,1,-1,1,1,-1,1,1,1,-1,1,1,-1,-1,1,-1,1,1,1,-1,1,1,1,-1,1,1,-1,1,1,1,1,1,1,1,1,1,1,1,1,1,-1,1,-1,1,-1,1,1,1,1,1,1,1,1,1,-1,1,-1,1,1,1,1,1,-1,1,-1,1,1,1,1,1,1,1,1,1,1,-1,1,1,-1,1,1,-1,-1,1,1,-1,-1,1,1,-1,1,-1,1,1,1,-1,-1,1,-1,1,1,1,1,-1,1,-1,1,-1,1,-1,1,1,-1,-1,-1,1,1,-1,1,-1,1,-1,1,1,-1,1,-1,-1,1,1,1,-1,1,1,-1,-1,1,-1,1,1,1,-1,-1,1,1,-1,1,-1,1,-1,1,1,-1,1,1,-1,1,1,-1,1,1,1,-1,-1,1,1,-1,1,1,1,-1,1,-1,1,1,1,-1,1,1,-1,-1,1,1,-1,-1,1,-1,-1,1,1,-1,-1,1,-1,-1,1,1,1,1,1,-1,1,-1,1,-1,-1,1,-1,-1,1,1,-1,1,-1,-1,-1,1,-1,1,1,1,-1,1,-1,1,-1,1,1,-1,-1,-1,1,1,-1,-1,-1,-1,-1,1,-1,1,-1,-1,-1,1,1,1,-1,1,-1,1,-1,1,1,1,1,-1,1,1,-1,1,-1,-1,-1,1,1,1,1,-1,-1,-1,1,-1,1,1,-1,-1,1,1,1,1,1,-1,-1,-1,1,-1,1,-1,-1,-1,-1,1,-1,1,1,1,-1,-1,-1,1,1,1,-1,-1,-1,1,1,1,-1,1,-1,-1,1,1,-1,1,-1,-1,1,-1,1,1,1,-1,-1,1,-1,1,-1,1,-1,-1,1,1,1,-1,-1,-1,-1,1,1,1,-1,-1,-1,-1,1,1,1,-1,1,-1,1,1,-1,-1,1,-1,-1,1,-1,1,-1,-1,-1,-1,-1,1,-1,1,-1,-1,-1,-1,1,-1,-1,1,-1,1,-1,1,-1,-1,1,-1,-1,1,1,-1,1,-1,-1,-1,-1,1,1,-1,1,-1,1,-1,1,1,1,1,-1,-1,1,1,-1,-1,1,1,1,1,1,-1,1,-1,-1,1,1,-1,-1,1,-1,-1,-1,-1,1,-1,1,-1,1,1,1,-1,-1,-1,-1,-1,-1,-1,-1,-1,1,-1,1,1,1,-1,1,1,-1,1,1,1,1,-1,1,-1,1,1,1,1,-1,1,-1,1,1,1,1,-1,1,-1,1,1,1,1,-1,1,-1,1,-1,1,-1,-1,1,-1,-1,1,1,-1,-1,-1,1,-1,1,1,1,-1,1,-1,-1,1,-2636.0,1,2000,445,1500,True
2984,-1,-1,1,1,1,1,-1,1,-1,-1,1,1,-1,-1,-1,-1,1,-1,1,-1,-1,1,-1,-1,-1,1,-1,-1,1,-1,-1,-1,1,-1,-1,1,1,-1,-1,1,-1,-1,1,-1,-1,-1,1,1,-1,1,-1,-1,1,1,-1,1,1,1,-1,-1,1,1,-1,1,-1,-1,-1,1,1,-1,1,1,-1,-1,1,1,1,-1,1,-1,-1,-1,1,-1,1,-1,-1,1,1,1,1,1,-1,-1,-1,1,-1,1,1,1,-1,-1,1,1,-1,1,-1,-1,-1,1,1,1,1,1,-1,-1,1,1,1,1,-1,-1,-1,1,1,1,1,-1,1,-1,1,1,-1,1,-1,1,-1,1,1,-1,1,-1,1,-1,-1,1,1,1,1,-1,-1,1,1,1,-1,1,-1,1,-1,1,-1,-1,1,1,-1,-1,1,-1,-1,1,-1,-1,1,1,-1,1,-1,1,1,1,-1,1,-1,1,-1,-1,1,-1,-1,1,1,1,-1,1,-1,-1,-1,1,1,-1,1,-1,-1,-1,1,1,-1,1,1,-1,-1,1,1,-1,1,-1,-1,-1,-1,1,-1,1,1,-1,-1,-1,1,1,-1,1,-1,-1,1,1,-1,1,1,-1,-1,1,1,-1,1,-1,-1,-1,-1,1,-1,-1,1,-1,-1,1,-1,-1,1,-1,-1,-1,1,1,-1,1,1,-1,1,-1,-1,-1,1,1,-1,-1,1,-1,-1,1,-1,-1,-1,-1,1,-1,-1,1,-1,1,-1,1,-1,1,1,-1,1,-1,-1,-1,-1,1,1,1,-1,-1,-1,1,1,-1,1,1,1,-1,1,1,1,1,-1,-1,-1,1,1,1,1,1,-1,-1,-1,1,1,1,-1,-1,-1,-1,1,1,1,-1,-1,-1,1,1,-1,1,-1,-1,-1,1,-1,1,1,-1,1,-1,1,1,-1,1,-1,-1,-1,1,-1,1,1,-1,-1,-1,1,-1,1,-1,-1,-1,-1,-1,1,1,-1,-1,1,-1,1,-1,1,-1,-1,1,1,1,-1,1,1,-1,1,-1,1,1,-1,1,-1,-1,-1,-1,1,1,-1,-1,1,1,1,-1,1,1,-1,1,-1,1,-1,1,-1,1,-1,-1,1,1,1,-1,1,1,-1,1,-1,1,-1,-1,-1,1,1,1,1,1,-1,1,-1,1,1,-1,-1,-1,1,-1,-1,1,-1,1,-1,1,-1,1,1,-1,-1,-1,1,1,-1,1,-1,1,-1,-1,1,1,1,1,-1,-1,-1,1,1,1,1,1,-1,-1,1,-1,1,1,-1,1,-1,1,1,-1,1,1,-1,1,1,1,1,1,-1,-1,1,1,-1,1,-1,1,-1,1,1,-1,1,-1,1,-1,1,1,-1,1,-1,-1,-1,1,1,-1,1,1,1,-1,-1,1,1,1,-1,-1,1,-1,1,-1,1,1,1,-1,1,1,1,-1,-1,1,-1,-1,1,-1,1,-1,1,1,-1,1,1,-1,1,1,-1,-1,1,1,-1,1,1,1,1,1,1,-1,1,1,1,-1,1,1,1,-1,-1,1,1,-1,-1,1,-1,-1,1,1,-1,1,-1,-1,-1,1,1,-1,1,1,-1,1,-1,1,-1,1,1,-1,-1,-1,1,-1,-1,-1,-1,1,-1,1,-1,-1,-1,-1,1,-1,1,-1,1,1,1,-1,-1,1,-1,1,1,-1,1,-1,1,-1,-1,1,-1,-1,-1,-1,1,1,1,1,1,-1,1,1,1,1,-1,1,-1,-1,1,1,1,-1,-1,-1,1,1,1,1,-1,-1,-1,1,-1,1,-1,1,1,-1,-1,1,1,1,-1,1,-1,-1,1,1,1,1,1,1,-1,1,1,1,1,-1,1,-1,1,-1,1,-1,1,1,-1,1,1,1,1,1,1,-1,1,-1,1,1,1,1,-1,1,1,-1,1,1,1,-1,1,1,1,1,1,1,-1,1,1,-1,1,1,-1,-1,1,1,-1,1,1,-1,-1,1,-1,1,1,1,-1,-1,1,-1,1,1,1,1,-1,1,1,-1,1,1,-1,-1,1,-1,1,1,1,1,-1,1,-1,1,1,1,1,-1,1,-1,-1,1,1,1,-1,1,1,-1,-1,1,-1,1,1,1,-1,1,1,1,-1,1,-1,1,-1,1,1,-1,1,1,-1,1,1,1,-1,1,1,-1,-1,1,1,1,1,1,1,-1,1,1,1,1,1,-1,-1,1,1,1,1,1,-1,1,1,1,1,1,1,-1,-1,1,1,1,1,1,-1,-1,1,1,1,1,1,-1,-1,1,-1,1,1,-1,-1,-1,1,1,1,1,-1,1,-1,-1,1,1,1,1,-1,-1,-1,1,1,1,1,1,-1,-1,1,1,-1,1,-1,-1,-1,-1,-1,1,-1,1,-1,-1,-1,1,-1,1,-1,-1,1,-1,1,1,-1,1,1,-1,1,1,1,1,-1,-1,-1,-1,-1,1,-1,1,1,-1,1,-1,-1,-1,1,-1,-1,-1,1,-1,-1,1,1,-1,1,-1,-1,-1,-1,-1,-1,-1,-1,-1,-1,-1,1,-1,-1,-1,-1,-1,1,-1,-1,-1,-1,-1,-1,-1,1,-1,-1,-1,-1,-1,1,-1,-1,-1,1,-1,-1,1,1,1,-1,-1,-1,-1,-1,1,-1,-1,-1,-1,1,-1,1,-1,-1,-1,1,-1,1,1,-1,-1,-1,-1,1,-1,1,-1,1,-1,1,-1,-1,1,1,-1,1,-1,1,-1,1,1,-1,1,-1,1,-1,1,1,-1,1,1,-1,-1,-1,1,-1,1,-1,1,-1,-1,1,-1,1,-1,1,-1,-1,1,-1,-1,1,-1,-1,-1,1,-1,1,1,-1,1,-1,1,1,1,-1,1,-1,1,-1,1,1,-1,1,-1,-1,-1,-1,1,-1,1,-1,1,-1,1,1,1,-1,1,-1,1,1,1,-1,1,-1,1,1,-1,1,-1,-1,1,1,1,1,1,-1,-1,1,1,1,1,1,1,-1,-1,1,1,1,1,1,-1,1,1,-1,-1,1,1,-1,1,1,1,1,1,1,-1,-1,1,1,-1,1,1,1,-1,1,1,-1,1,1,-1,1,1,-2636.0,1,2000,445,500,True
2985,1,1,-1,-1,1,1,-1,1,1,1,1,-1,-1,-1,1,1,-1,1,-1,-1,-1,1,1,1,1,1,-1,-1,1,1,1,1,-1,-1,-1,1,-1,1,1,1,-1,-1,1,1,1,1,1,1,-1,-1,1,1,-1,1,-1,1,1,-1,1,1,1,-1,-1,-1,1,1,1,1,1,-1,1,-1,1,1,1,1,1,1,-1,1,1,1,1,-1,-1,1,1,1,1,1,1,1,-1,1,1,1,-1,1,-1,-1,1,1,1,1,-1,-1,-1,1,1,1,1,1,-1,-1,1,1,1,1,1,-1,-1,1,1,1,1,1,-1,-1,1,1,1,1,-1,-1,-1,-1,1,1,1,-1,-1,-1,-1,1,1,1,1,-1,-1,-1,1,1,1,1,1,-1,1,-1,1,1,-1,-1,-1,-1,1,-1,1,-1,1,-1,-1,-1,1,1,-1,-1,-1,1,-1,1,-1,1,1,-1,-1,-1,1,-1,-1,-1,-1,-1,-1,1,-1,-1,1,-1,-1,-1,1,-1,-1,1,-1,-1,1,1,1,-1,1,-1,1,1,-1,-1,-1,1,1,1,-1,1,1,-1,1,1,-1,-1,1,1,-1,1,1,-1,1,-1,1,-1,1,1,-1,-1,1,-1,-1,1,1,-1,1,-1,1,-1,1,-1,-1,-1,1,-1,-1,1,-1,1,-1,1,1,-1,1,-1,-1,-1,1,1,-1,1,-1,-1,-1,1,1,-1,1,-1,1,-1,1,1,-1,1,-1,1,-1,-1,1,-1,1,1,-1,-1,-1,1,1,1,-1,-1,-1,1,1,-1,1,1,1,-1,-1,1,1,1,-1,-1,-1,1,1,1,1,1,-1,-1,-1,1,1,1,-1,1,-1,-1,1,1,1,-1,1,-1,1,1,-1,1,-1,1,-1,-1,1,1,1,-1,1,-1,1,1,-1,1,-1,-1,-1,-1,-1,1,1,-1,-1,-1,-1,-1,1,-1,-1,-1,-1,-1,1,1,-1,-1,-1,1,1,-1,1,-1,-1,1,1,-1,-1,1,1,-1,-1,1,-1,1,-1,1,-1,-1,-1,1,-1,1,-1,1,-1,-1,-1,-1,1,1,-1,-1,1,1,-1,1,1,-1,-1,1,1,1,1,1,-1,-1,1,1,-1,1,-1,-1,-1,1,1,1,1,1,-1,-1,1,1,1,-1,-1,-1,-1,1,-1,1,-1,-1,-1,-1,1,1,1,-1,1,-1,1,1,1,1,-1,1,-1,-1,1,1,1,1,1,1,-1,1,1,1,1,1,-1,-1,-1,1,1,1,1,-1,-1,1,1,-1,1,1,-1,-1,1,-1,1,1,-1,1,1,1,1,1,-1,-1,-1,1,1,-1,1,-1,-1,1,1,1,-1,1,-1,-1,-1,1,1,-1,1,1,-1,-1,1,-1,1,1,-1,-1,-1,1,1,-1,1,1,-1,-1,1,1,1,-1,-1,1,-1,1,-1,-1,1,-1,-1,1,1,1,-1,-1,1,-1,1,1,1,1,-1,1,-1,-1,-1,1,1,-1,1,-1,1,1,-1,-1,1,-1,1,1,-1,1,-1,-1,1,-1,1,-1,-1,1,-1,1,1,-1,-1,-1,1,1,1,-1,1,-1,-1,1,-1,1,-1,1,-1,-1,-1,1,1,-1,1,-1,-1,-1,-1,1,-1,1,-1,-1,1,1,1,1,1,-1,-1,-1,1,1,-1,1,-1,-1,-1,-1,1,-1,1,1,-1,1,-1,-1,-1,1,-1,1,1,1,1,-1,1,1,-1,1,-1,1,1,1,-1,1,1,1,-1,1,1,-1,-1,1,1,1,1,1,-1,1,1,1,-1,-1,1,1,1,1,1,1,-1,1,1,1,1,1,-1,1,1,-1,1,1,1,1,-1,1,1,1,1,1,1,-1,1,1,1,1,1,1,-1,1,1,-1,1,-1,1,-1,1,1,1,1,1,1,-1,1,1,1,1,1,-1,-1,1,-1,1,1,1,-1,-1,1,-1,1,1,-1,1,-1,1,1,1,1,1,-1,-1,1,-1,1,1,-1,-1,-1,1,1,-1,1,1,-1,-1,1,1,-1,1,1,-1,-1,-1,1,-1,1,1,-1,-1,-1,1,1,1,1,-1,-1,1,-1,-1,1,-1,-1,-1,-1,-1,1,-1,1,-1,-1,-1,1,1,1,1,-1,-1,-1,1,1,-1,1,-1,-1,-1,1,1,1,1,-1,-1,-1,1,1,1,-1,-1,-1,1,1,1,-1,-1,1,-1,1,1,1,-1,-1,-1,1,1,1,1,-1,1,1,-1,-1,-1,1,1,-1,-1,-1,1,1,1,1,-1,-1,-1,-1,1,1,1,-1,1,1,-1,1,1,-1,-1,-1,-1,-1,1,1,1,-1,-1,1,-1,1,1,1,-1,1,-1,-1,1,-1,1,-1,1,-1,-1,1,1,1,-1,-1,1,-1,1,1,1,-1,1,-1,1,-1,1,-1,-1,1,-1,-1,-1,1,-1,-1,1,-1,1,-1,1,-1,-1,1,-1,-1,-1,1,-1,1,1,-1,-1,-1,1,1,-1,-1,1,-1,-1,-1,1,-1,1,-1,-1,1,-1,-1,1,-1,1,-1,-1,-1,1,-1,1,1,-1,1,-1,-1,1,-1,1,-1,1,-1,1,1,1,1,-1,-1,-1,1,-1,-1,-1,-1,-1,-1,1,-1,1,-1,-1,-1,1,-1,1,1,-1,-1,-1,-1,1,-1,1,-1,1,-1,1,-1,-1,1,1,-1,1,-1,1,-1,1,1,-1,1,-1,1,-1,1,1,-1,1,1,-1,-1,-1,1,-1,1,-1,1,-1,-1,1,-1,1,-1,1,-1,-1,1,-1,-1,1,-1,-1,-1,1,-1,1,1,-1,1,-1,1,1,1,-1,1,-1,1,-1,1,1,-1,1,-1,-1,-1,-1,1,-1,1,-1,1,-1,1,1,1,-1,1,-1,1,1,1,-1,1,-1,1,1,-1,1,-1,-1,1,1,1,1,1,-1,-1,1,1,1,1,1,1,-1,-1,1,1,1,1,1,-1,1,1,-1,-1,1,1,-1,1,1,1,1,1,1,-1,-1,1,1,-1,1,1,1,-1,1,1,-1,1,1,-1,1,1,-2636.0,1,2000,445,500,True
2986,1,1,-1,-1,1,1,-1,1,1,1,1,-1,1,1,1,1,-1,1,-1,-1,-1,1,1,1,1,-1,-1,-1,1,1,1,1,1,-1,-1,1,-1,1,1,1,-1,-1,1,1,1,1,-1,-1,1,-1,1,1,1,1,-1,-1,1,-1,1,1,1,-1,-1,-1,1,1,1,-1,-1,-1,1,-1,1,1,1,-1,-1,1,-1,1,1,-1,-1,-1,-1,1,1,1,-1,-1,-1,1,-1,1,1,-1,-1,1,-1,1,1,1,-1,-1,-1,-1,-1,1,1,-1,-1,1,-1,-1,1,1,-1,-1,1,-1,-1,1,1,1,-1,-1,-1,-1,1,1,1,-1,-1,-1,-1,1,1,1,-1,-1,-1,-1,-1,1,1,-1,1,-1,-1,-1,1,-1,-1,-1,1,-1,-1,-1,-1,-1,-1,1,-1,-1,1,-1,1,-1,1,-1,-1,-1,-1,-1,-1,-1,-1,1,-1,-1,-1,1,1,-1,-1,-1,-1,-1,-1,-1,-1,-1,1,-1,-1,-1,1,-1,-1,-1,1,1,-1,1,-1,-1,1,-1,-1,-1,1,-1,1,1,-1,-1,-1,1,-1,1,-1,1,-1,-1,1,1,-1,-1,1,-1,-1,1,1,-1,-1,1,-1,-1,1,-1,-1,-1,1,1,-1,1,1,-1,-1,-1,1,-1,1,-1,-1,-1,1,-1,-1,1,-1,1,-1,1,-1,-1,1,1,-1,-1,1,-1,1,1,1,-1,-1,1,-1,1,1,1,1,-1,1,-1,-1,1,1,1,-1,-1,1,-1,1,1,-1,-1,-1,1,1,1,1,-1,-1,1,1,-1,1,1,1,-1,-1,1,1,1,1,1,-1,1,1,1,1,-1,1,-1,-1,-1,1,1,1,1,-1,-1,1,1,1,1,-1,-1,1,1,-1,1,1,-1,-1,-1,-1,1,1,1,1,-1,1,1,-1,1,1,-1,-1,-1,-1,1,1,1,1,-1,-1,-1,1,-1,1,1,-1,-1,-1,1,-1,1,1,1,-1,-1,1,-1,1,-1,-1,-1,-1,1,1,-1,1,1,-1,1,-1,1,-1,1,-1,1,-1,1,-1,-1,1,-1,-1,-1,1,1,1,1,-1,1,-1,1,-1,1,-1,1,-1,1,1,-1,1,-1,1,-1,-1,1,-1,-1,-1,1,-1,1,1,1,-1,-1,1,-1,1,1,-1,-1,1,-1,1,1,-1,1,-1,1,-1,-1,1,-1,-1,-1,1,1,1,1,-1,1,-1,-1,1,1,1,1,-1,-1,-1,1,1,1,1,1,-1,1,-1,-1,1,1,-1,1,-1,1,1,-1,1,1,-1,1,1,1,1,1,-1,-1,1,1,1,1,-1,1,-1,1,1,-1,1,-1,1,-1,1,1,-1,1,-1,-1,-1,1,1,-1,1,-1,1,-1,-1,1,1,1,-1,-1,1,-1,1,-1,1,1,1,-1,1,1,1,-1,-1,1,-1,-1,1,-1,1,-1,1,1,-1,1,1,-1,1,1,-1,-1,1,1,-1,1,1,1,1,1,1,-1,1,1,1,-1,1,1,1,-1,1,1,-1,1,-1,1,1,1,-1,-1,-1,1,-1,-1,1,-1,-1,-1,1,1,-1,-1,1,-1,-1,1,1,-1,-1,1,-1,-1,-1,-1,-1,-1,1,-1,-1,-1,-1,-1,-1,1,-1,-1,1,1,1,1,1,-1,1,1,1,-1,-1,1,-1,-1,-1,1,-1,-1,1,1,-1,1,1,1,-1,1,1,-1,-1,1,-1,-1,1,1,-1,-1,1,-1,1,1,-1,-1,1,1,-1,1,1,-1,-1,1,-1,1,1,1,1,-1,1,1,-1,-1,1,1,-1,1,1,1,-1,1,1,-1,-1,1,1,1,1,1,-1,1,1,-1,-1,1,1,-1,-1,1,1,-1,1,1,-1,-1,1,1,-1,1,1,-1,-1,-1,1,-1,1,1,-1,-1,1,1,-1,1,1,1,-1,1,1,-1,-1,-1,1,-1,-1,1,-1,1,-1,1,-1,1,1,-1,1,1,-1,-1,1,1,-1,1,-1,1,1,-1,1,-1,1,1,-1,-1,1,-1,-1,-1,1,1,-1,1,1,-1,-1,1,-1,1,-1,1,-1,-1,1,1,-1,1,-1,-1,-1,1,1,1,-1,1,-1,-1,1,1,-1,1,-1,-1,-1,1,1,-1,1,-1,-1,-1,1,1,1,1,-1,-1,-1,1,1,1,1,-1,-1,-1,1,1,1,-1,-1,-1,1,1,1,1,-1,1,-1,1,1,1,-1,-1,-1,1,-1,1,1,1,-1,-1,-1,-1,-1,1,-1,-1,-1,-1,1,1,1,1,-1,-1,-1,1,1,1,1,1,-1,-1,1,-1,1,-1,-1,-1,-1,-1,1,1,1,1,-1,1,-1,1,1,1,-1,-1,-1,-1,1,-1,1,-1,1,-1,-1,1,1,1,-1,-1,1,-1,1,1,1,-1,-1,-1,1,-1,1,-1,-1,-1,1,1,-1,1,1,1,1,1,-1,1,1,1,-1,-1,1,1,-1,1,1,-1,1,1,1,-1,1,1,-1,-1,1,1,1,-1,1,-1,1,1,1,-1,1,1,-1,-1,1,1,1,-1,1,1,1,-1,1,1,-1,1,1,-1,1,1,1,-1,1,1,1,1,1,1,-1,1,-1,-1,1,1,1,-1,1,-1,1,1,1,-1,1,-1,1,1,1,1,1,1,1,-1,1,1,-1,1,1,-1,-1,1,1,1,-1,1,1,-1,1,1,1,1,-1,1,-1,1,1,1,1,1,-1,-1,-1,1,1,1,-1,1,-1,-1,1,1,-1,1,1,-1,-1,1,1,1,1,-1,-1,-1,1,1,1,1,-1,1,-1,1,1,1,-1,1,-1,1,1,1,1,-1,1,-1,-1,1,1,1,-1,1,-1,1,1,-1,1,1,-1,1,-1,-1,1,1,-1,1,-1,1,1,1,1,-1,-1,1,1,1,1,1,-1,-1,1,1,1,1,1,1,-1,1,1,1,1,1,1,-1,-1,1,1,1,1,-1,-1,1,1,1,1,1,1,-1,-1,1,1,-1,1,-1,1,-1,1,1,-1,1,1,-1,-1,1,-2636.0,1,2000,445,500,True
2987,-1,-1,1,1,-1,1,-1,1,-1,-1,-1,1,-1,1,-1,-1,1,-1,1,-1,-1,1,-1,-1,-1,1,-1,-1,-1,-1,-1,-1,-1,-1,-1,1,1,-1,-1,1,-1,-1,1,-1,-1,-1,1,1,-1,-1,-1,-1,1,1,-1,-1,-1,1,-1,-1,1,-1,-1,1,-1,-1,-1,1,1,-1,1,-1,-1,-1,-1,1,-1,1,-1,-1,-1,1,1,-1,-1,-1,-1,-1,1,1,1,-1,-1,-1,-1,1,-1,-1,-1,1,-1,-1,1,1,-1,-1,-1,-1,-1,1,1,-1,-1,-1,-1,-1,1,1,1,-1,-1,1,-1,-1,1,-1,-1,-1,1,-1,1,1,-1,-1,-1,1,-1,1,1,-1,-1,-1,1,-1,-1,1,1,-1,-1,-1,-1,-1,1,-1,1,-1,1,1,-1,1,-1,1,-1,-1,-1,-1,1,-1,1,-1,-1,-1,1,1,-1,-1,-1,1,-1,1,-1,1,1,-1,-1,-1,1,-1,-1,-1,-1,1,-1,1,-1,-1,1,-1,1,-1,-1,1,-1,1,-1,1,-1,1,1,-1,1,-1,1,-1,1,1,-1,1,-1,1,-1,-1,-1,-1,1,1,-1,1,-1,1,-1,1,-1,-1,1,-1,1,-1,1,-1,-1,1,-1,1,-1,1,1,-1,1,-1,-1,-1,1,-1,1,1,-1,-1,-1,1,-1,-1,1,-1,1,1,1,1,1,1,-1,-1,1,1,1,1,1,1,-1,1,1,1,1,1,1,-1,1,1,1,-1,1,1,-1,-1,1,-1,1,1,1,-1,1,1,1,1,1,1,-1,1,1,1,1,1,1,-1,1,1,1,1,1,1,-1,1,1,-1,1,1,1,-1,1,1,1,1,1,1,1,1,1,1,1,1,1,-1,1,1,1,1,1,1,-1,-1,1,1,1,-1,1,1,1,1,1,1,1,1,-1,-1,1,1,1,1,1,-1,-1,-1,1,1,1,1,-1,-1,-1,1,1,1,1,-1,-1,-1,1,-1,-1,1,-1,1,1,-1,1,1,1,1,-1,1,-1,1,-1,1,-1,1,-1,-1,1,-1,-1,-1,-1,1,-1,1,-1,1,-1,-1,-1,1,-1,1,1,-1,1,-1,1,-1,1,1,-1,-1,-1,-1,-1,-1,1,1,1,1,-1,-1,1,1,1,1,-1,-1,1,-1,-1,1,1,1,-1,1,-1,1,1,-1,-1,-1,1,1,-1,1,1,1,-1,-1,1,-1,1,-1,-1,-1,-1,1,-1,-1,1,1,-1,-1,1,-1,1,-1,-1,1,-1,1,-1,-1,1,1,-1,1,1,-1,1,1,-1,-1,1,1,-1,1,-1,1,-1,1,-1,-1,1,1,1,-1,1,-1,-1,1,-1,-1,-1,1,-1,-1,1,-1,1,1,1,-1,-1,1,-1,-1,1,-1,1,-1,1,-1,1,-1,1,1,-1,-1,1,1,-1,1,-1,-1,1,-1,1,1,-1,1,-1,-1,1,1,-1,-1,1,-1,-1,1,1,1,1,1,1,-1,1,1,1,-1,-1,-1,1,-1,1,1,-1,1,-1,1,-1,-1,1,-1,-1,1,-1,-1,1,-1,-1,-1,1,1,-1,1,1,-1,-1,1,1,-1,-1,1,-1,-1,-1,-1,-1,1,1,-1,-1,-1,-1,-1,1,1,-1,-1,1,1,1,-1,1,-1,-1,1,1,-1,1,1,-1,-1,-1,1,-1,-1,1,1,-1,1,1,1,1,1,1,-1,-1,1,-1,1,1,1,-1,-1,1,-1,1,1,-1,-1,1,1,-1,1,1,-1,1,1,-1,1,1,1,1,-1,1,1,-1,1,1,-1,1,1,1,1,1,1,1,-1,-1,1,1,1,1,1,-1,1,1,-1,1,1,1,-1,-1,1,1,1,-1,1,-1,-1,1,-1,1,1,1,-1,-1,-1,1,1,1,1,-1,-1,1,1,1,1,-1,1,-1,-1,1,1,-1,-1,1,-1,1,-1,1,1,-1,-1,-1,1,1,1,-1,1,-1,-1,1,1,1,1,-1,-1,1,-1,1,1,-1,1,-1,-1,1,-1,1,1,1,-1,-1,1,-1,1,-1,1,-1,1,-1,1,1,1,-1,-1,-1,1,-1,1,-1,1,1,1,-1,-1,1,1,-1,-1,1,-1,-1,1,1,-1,-1,-1,1,-1,1,1,-1,-1,-1,1,-1,1,1,1,-1,1,1,-1,1,1,-1,-1,1,-1,-1,1,1,-1,-1,1,-1,1,1,1,-1,-1,-1,-1,-1,-1,1,-1,-1,1,1,-1,1,1,1,-1,1,-1,-1,1,1,1,-1,1,-1,1,1,1,1,-1,1,-1,1,1,1,1,-1,-1,1,1,1,1,1,1,-1,-1,1,-1,1,1,-1,-1,1,1,1,1,1,-1,-1,1,1,-1,1,-1,1,-1,1,1,-1,1,-1,-1,1,1,1,1,1,1,-1,-1,1,1,-1,-1,1,-1,-1,1,1,-1,1,-1,-1,-1,1,1,-1,-1,1,-1,-1,1,1,-1,1,1,-1,-1,1,1,1,-1,-1,1,-1,-1,1,-1,-1,1,-1,-1,1,-1,-1,-1,-1,1,-1,-1,1,1,-1,-1,1,-1,1,1,-1,-1,-1,1,-1,1,1,1,-1,-1,1,1,-1,1,-1,-1,1,-1,1,-1,1,-1,-1,1,1,-1,1,1,-1,-1,1,1,1,-1,1,-1,1,-1,1,-1,-1,1,1,-1,-1,1,1,-1,1,1,-1,-1,1,1,-1,1,1,-1,1,1,1,-1,-1,1,-1,1,-1,1,-1,-1,1,1,-1,1,1,1,-1,1,-1,-1,1,-1,1,-1,1,-1,1,1,-1,1,-1,1,1,1,-1,1,-1,1,1,1,1,-1,1,1,-1,1,1,1,-1,1,-1,1,1,-1,1,1,1,-1,-1,1,1,1,-1,-1,1,-1,1,1,-1,-1,1,-1,1,1,1,1,-1,1,-1,1,1,1,1,-1,1,1,1,1,1,1,-1,1,-1,1,1,1,1,-1,1,-1,1,1,1,1,-1,1,1,1,1,1,1,1,-1,1,1,1,-1,1,-1,1,-1,1,-2636.0,1,2000,445,500,True
2988,-1,-1,1,1,1,1,-1,1,-1,-1,-1,1,-1,-1,-1,-1,1,-1,1,-1,-1,1,-1,-1,-1,1,-1,-1,1,-1,-1,-1,1,-1,-1,1,1,-1,-1,1,-1,-1,1,-1,-1,-1,1,1,-1,-1,-1,-1,-1,1,-1,1,-1,1,-1,-1,1,1,-1,1,-1,-1,-1,1,1,-1,1,-1,-1,-1,1,1,1,1,-1,-1,-1,1,1,-1,-1,-1,-1,1,1,1,1,-1,-1,-1,1,1,-1,1,-1,1,-1,1,1,1,-1,-1,-1,-1,1,1,1,1,-1,-1,-1,1,1,1,1,-1,-1,-1,-1,1,1,1,-1,-1,-1,1,1,1,-1,-1,-1,1,1,1,1,-1,-1,-1,1,-1,1,1,1,-1,-1,-1,-1,1,1,1,1,-1,1,1,1,1,-1,-1,-1,-1,1,-1,1,-1,1,-1,1,-1,1,1,-1,-1,-1,-1,1,1,-1,1,1,-1,1,-1,1,-1,-1,-1,-1,1,-1,1,-1,-1,1,-1,1,-1,1,-1,-1,1,-1,1,1,1,1,-1,1,-1,1,-1,1,-1,-1,1,-1,1,-1,1,1,-1,1,1,-1,1,-1,1,-1,1,1,1,-1,1,1,-1,1,-1,1,-1,1,-1,-1,1,1,1,-1,-1,1,-1,1,-1,-1,-1,1,-1,-1,1,-1,1,-1,1,1,-1,1,1,-1,-1,1,-1,1,1,1,-1,-1,1,-1,1,1,1,1,-1,-1,1,-1,1,1,1,-1,1,1,-1,1,1,-1,-1,-1,1,1,1,1,-1,-1,-1,1,-1,1,1,1,-1,1,1,1,1,1,1,-1,1,-1,1,1,-1,1,-1,-1,-1,1,1,1,1,-1,-1,1,1,1,1,-1,-1,-1,1,-1,1,1,-1,-1,-1,-1,1,1,1,1,-1,-1,1,-1,1,1,-1,-1,-1,-1,1,1,1,-1,-1,-1,-1,1,-1,1,-1,-1,-1,-1,1,-1,1,1,-1,-1,1,1,-1,1,-1,1,-1,-1,1,1,-1,1,-1,-1,-1,-1,1,-1,1,-1,-1,-1,1,-1,-1,1,1,1,1,1,1,-1,1,-1,1,-1,1,-1,1,1,-1,1,-1,1,-1,1,-1,1,-1,1,1,-1,-1,1,1,1,1,1,1,-1,1,-1,1,-1,1,-1,-1,1,-1,1,1,-1,1,-1,1,-1,1,-1,1,-1,-1,-1,1,1,1,-1,1,-1,1,1,1,1,-1,-1,-1,-1,1,1,1,1,1,-1,-1,1,1,1,-1,-1,1,-1,1,1,-1,1,1,-1,1,1,1,1,-1,-1,-1,1,1,1,-1,1,1,-1,1,1,-1,1,1,1,-1,1,1,-1,1,-1,-1,-1,-1,1,1,-1,1,1,1,-1,1,-1,1,-1,-1,1,-1,1,-1,1,-1,1,-1,1,1,-1,-1,-1,1,-1,-1,1,-1,1,1,1,1,-1,1,-1,-1,1,1,-1,-1,1,1,-1,1,1,1,1,1,1,-1,1,1,1,-1,1,1,-1,-1,1,1,-1,1,-1,1,1,-1,1,-1,-1,1,-1,-1,1,-1,-1,-1,1,1,-1,1,1,-1,-1,1,1,-1,-1,1,-1,-1,-1,-1,-1,1,1,-1,-1,-1,-1,-1,1,1,-1,-1,1,1,1,-1,1,-1,-1,1,1,-1,1,1,-1,1,-1,1,-1,-1,1,1,-1,1,1,1,1,1,1,-1,-1,1,-1,1,1,1,-1,-1,1,-1,1,1,-1,-1,1,1,-1,1,1,-1,-1,1,-1,1,1,1,1,-1,1,1,-1,1,1,1,-1,1,1,1,1,1,1,-1,-1,1,1,1,1,1,-1,1,1,-1,1,1,1,-1,-1,1,1,1,-1,1,-1,-1,1,-1,1,1,1,-1,-1,-1,1,1,1,1,-1,-1,1,1,1,1,-1,1,-1,-1,1,1,-1,-1,1,-1,-1,1,1,1,-1,1,-1,1,1,1,-1,-1,-1,-1,1,1,1,1,-1,1,-1,1,1,1,-1,1,1,-1,1,1,1,1,-1,1,-1,1,1,1,1,-1,1,-1,-1,1,1,1,-1,1,-1,-1,-1,1,-1,1,1,1,-1,1,1,1,-1,1,-1,1,-1,1,1,-1,1,1,-1,-1,1,1,-1,1,1,-1,-1,1,1,-1,1,1,1,-1,1,-1,1,1,-1,-1,-1,1,-1,1,1,1,-1,1,1,1,1,1,1,-1,-1,1,-1,1,1,1,-1,-1,1,-1,1,-1,1,-1,-1,1,-1,1,1,1,-1,-1,-1,1,1,1,-1,1,-1,1,-1,1,1,1,-1,-1,1,-1,1,1,1,1,-1,-1,-1,1,-1,1,-1,-1,-1,-1,-1,1,1,-1,1,1,-1,1,-1,1,-1,1,1,-1,1,1,-1,-1,1,-1,1,1,1,1,-1,1,-1,-1,-1,1,-1,1,1,-1,1,-1,1,1,-1,1,-1,-1,-1,1,1,-1,1,-1,-1,-1,-1,1,-1,1,-1,-1,-1,1,1,-1,1,-1,-1,-1,1,1,-1,1,-1,-1,-1,-1,1,-1,1,-1,-1,-1,-1,1,-1,1,-1,-1,1,-1,1,1,1,1,-1,-1,-1,1,-1,1,-1,-1,-1,1,1,-1,1,-1,-1,-1,1,1,1,1,-1,-1,1,1,-1,1,1,-1,1,-1,1,1,-1,1,1,-1,1,1,1,-1,1,1,-1,1,-1,1,-1,1,1,-1,1,1,-1,-1,-1,1,-1,1,-1,1,1,-1,1,-1,1,-1,1,1,-1,1,-1,-1,1,-1,-1,1,1,-1,1,1,-1,-1,-1,1,1,1,-1,1,1,1,-1,1,1,-1,1,-1,-1,-1,-1,1,-1,-1,1,1,-1,1,1,1,-1,-1,-1,1,1,1,-1,-1,1,1,1,-1,1,-1,-1,-1,1,1,1,1,-1,-1,1,1,1,1,1,1,-1,1,1,1,1,1,1,-1,1,1,-1,-1,1,-1,-1,1,-1,1,1,1,1,-1,-1,-1,1,-1,1,-1,1,-1,1,1,-1,1,1,-1,-1,1,-2636.0,1,2000,445,500,True
2989,1,1,-1,-1,1,-1,1,1,1,1,1,-1,1,1,1,1,-1,1,-1,-1,1,1,1,1,1,-1,1,1,1,1,1,1,1,-1,1,1,-1,1,1,-1,-1,1,1,1,1,1,-1,-1,1,-1,1,1,1,1,-1,1,-1,-1,1,1,-1,-1,-1,1,1,1,1,-1,-1,1,1,-1,1,1,-1,1,1,1,-1,1,1,-1,-1,1,-1,1,1,-1,-1,1,1,-1,-1,1,-1,-1,1,-1,-1,-1,1,-1,-1,1,-1,-1,-1,1,-1,-1,1,1,-1,-1,1,1,-1,1,1,-1,-1,1,1,-1,1,1,-1,-1,1,-1,-1,1,-1,-1,-1,-1,-1,-1,1,-1,-1,-1,-1,1,-1,1,1,-1,-1,-1,1,-1,-1,1,1,-1,1,-1,-1,1,-1,-1,-1,-1,-1,-1,1,-1,1,-1,-1,-1,-1,1,-1,-1,-1,1,-1,-1,-1,1,1,-1,-1,-1,-1,-1,-1,-1,-1,-1,-1,-1,-1,-1,1,-1,-1,-1,-1,1,-1,1,-1,-1,-1,-1,-1,-1,1,-1,1,1,-1,1,-1,1,1,1,-1,1,1,-1,1,1,-1,-1,-1,-1,-1,1,1,-1,1,1,-1,-1,1,1,-1,-1,1,1,-1,1,1,-1,-1,-1,1,-1,1,-1,-1,-1,1,-1,-1,1,-1,1,-1,1,-1,-1,1,-1,-1,-1,1,-1,1,1,-1,-1,-1,1,-1,1,1,-1,1,-1,1,-1,-1,1,-1,1,-1,1,1,-1,1,1,-1,-1,-1,1,1,1,-1,-1,-1,1,1,-1,1,1,1,-1,-1,1,1,1,-1,-1,-1,1,1,1,-1,1,-1,-1,1,-1,1,1,-1,1,-1,1,-1,1,1,-1,1,-1,1,1,-1,1,-1,1,1,-1,-1,1,1,-1,-1,1,1,1,-1,1,-1,1,1,1,-1,1,1,-1,-1,1,1,-1,1,-1,-1,-1,1,1,-1,1,-1,-1,-1,1,1,-1,1,-1,-1,1,1,1,-1,1,1,-1,-1,1,1,-1,-1,1,-1,-1,-1,1,-1,1,-1,1,-1,-1,-1,-1,1,1,-1,-1,1,1,-1,1,1,-1,-1,1,1,1,1,1,-1,-1,1,1,-1,1,-1,-1,-1,-1,1,1,-1,1,-1,-1,1,-1,1,-1,-1,-1,-1,1,-1,1,-1,-1,-1,-1,1,-1,1,-1,1,-1,1,1,-1,1,-1,1,-1,-1,1,-1,1,-1,1,1,-1,1,-1,-1,1,1,-1,-1,-1,-1,1,1,1,-1,-1,1,-1,1,-1,1,-1,-1,1,-1,-1,-1,-1,1,1,1,-1,1,-1,-1,-1,1,-1,1,1,1,-1,-1,1,-1,-1,1,-1,-1,-1,1,-1,1,-1,-1,-1,-1,1,-1,-1,1,-1,-1,-1,1,1,-1,-1,-1,-1,-1,1,1,-1,-1,-1,1,-1,1,-1,-1,1,-1,-1,1,1,1,-1,-1,1,-1,1,1,1,-1,-1,1,-1,-1,-1,1,1,-1,1,-1,1,1,-1,1,1,-1,1,1,-1,1,-1,-1,1,-1,1,-1,-1,1,-1,1,1,-1,-1,-1,1,1,1,1,1,-1,-1,1,-1,1,-1,1,-1,-1,-1,1,1,1,1,-1,-1,-1,-1,1,-1,1,-1,-1,1,1,1,1,1,-1,-1,-1,1,1,-1,1,-1,-1,-1,-1,1,-1,1,1,-1,1,-1,-1,-1,1,-1,1,1,1,1,-1,1,1,-1,1,-1,1,1,1,-1,1,1,1,-1,1,1,-1,-1,1,1,1,1,1,-1,1,1,1,-1,-1,1,1,1,1,1,1,-1,1,1,1,1,1,-1,1,1,-1,1,1,1,1,-1,1,1,1,1,1,1,-1,1,1,1,1,1,1,-1,1,1,-1,1,-1,1,-1,1,1,1,1,1,1,-1,1,1,1,1,1,-1,-1,1,-1,1,1,1,-1,-1,1,-1,1,1,-1,1,-1,1,1,1,1,1,-1,-1,1,-1,1,1,-1,-1,-1,1,1,-1,1,1,-1,-1,1,1,-1,1,1,-1,-1,-1,1,-1,1,1,-1,-1,-1,1,1,1,1,-1,-1,1,-1,-1,1,-1,-1,-1,-1,1,1,-1,1,-1,-1,-1,1,1,1,1,-1,-1,-1,1,1,-1,1,-1,-1,-1,1,1,1,1,-1,-1,1,1,1,1,-1,-1,-1,1,1,1,-1,-1,1,-1,1,1,1,-1,-1,-1,1,1,1,1,-1,1,1,-1,1,-1,1,-1,-1,-1,1,1,1,1,-1,1,1,1,1,1,1,1,-1,1,-1,1,-1,1,-1,1,1,-1,1,1,1,-1,-1,1,1,1,1,1,-1,1,1,1,1,1,-1,-1,1,1,-1,1,1,1,-1,1,1,1,1,1,-1,1,1,1,1,1,1,-1,-1,1,1,1,1,-1,1,-1,1,1,1,1,-1,-1,-1,1,1,1,1,-1,1,-1,1,1,1,1,1,-1,-1,1,1,1,1,1,-1,-1,1,1,1,1,-1,-1,-1,1,-1,1,1,1,-1,1,1,1,-1,1,1,-1,-1,1,1,1,1,-1,-1,1,1,1,1,-1,1,-1,1,-1,1,1,-1,1,-1,1,-1,1,1,-1,-1,-1,1,-1,1,-1,1,1,1,1,-1,1,-1,-1,1,1,-1,-1,1,1,-1,-1,1,1,-1,1,1,-1,1,-1,1,-1,1,1,-1,1,1,-1,-1,-1,-1,-1,1,-1,1,-1,-1,1,-1,1,1,1,-1,1,1,-1,-1,1,-1,-1,-1,-1,-1,1,1,-1,1,1,-1,1,1,-1,1,-1,1,-1,1,1,-1,1,-1,-1,-1,-1,1,-1,1,1,1,-1,1,1,1,-1,-1,-1,1,1,1,-1,1,1,1,-1,-1,1,-1,-1,1,1,1,1,1,-1,-1,1,1,-1,1,1,1,-1,1,1,-1,1,1,1,-1,1,1,1,1,1,-1,-1,1,1,-1,1,1,1,-1,1,1,-1,1,1,-1,1,-1,1,1,-1,1,1,-1,1,1,-2634.0,1,2000,445,500,True
2990,-1,-1,1,1,1,1,-1,1,-1,-1,-1,1,-1,-1,-1,-1,1,-1,1,-1,-1,1,-1,-1,-1,1,-1,-1,1,-1,-1,-1,1,-1,-1,1,1,-1,-1,1,-1,-1,1,-1,-1,-1,1,1,-1,-1,-1,-1,1,1,-1,1,-1,1,-1,-1,1,1,-1,1,-1,-1,-1,1,1,-1,1,-1,-1,-1,1,1,1,1,-1,-1,-1,-1,1,-1,-1,-1,-1,1,1,1,1,-1,-1,-1,-1,1,-1,1,-1,1,-1,-1,1,1,-1,-1,-1,-1,-1,1,1,1,-1,-1,-1,-1,1,1,1,-1,-1,-1,-1,1,1,1,-1,-1,1,-1,1,1,-1,-1,-1,-1,-1,1,1,-1,-1,-1,1,-1,-1,1,1,-1,-1,-1,-1,1,1,1,1,-1,1,-1,-1,1,-1,1,-1,-1,1,-1,1,-1,1,-1,-1,-1,1,1,-1,-1,-1,-1,1,1,-1,1,1,-1,-1,-1,1,-1,-1,-1,-1,1,-1,1,-1,-1,1,-1,1,-1,1,-1,-1,1,-1,1,-1,1,1,-1,1,-1,1,1,-1,-1,-1,1,-1,1,-1,1,1,-1,1,1,-1,-1,1,1,-1,1,1,-1,1,1,1,-1,1,-1,1,-1,1,-1,-1,1,1,-1,1,-1,1,-1,1,-1,-1,-1,1,-1,-1,1,-1,1,-1,1,1,-1,1,1,-1,-1,1,1,-1,1,1,-1,-1,1,-1,-1,1,1,1,-1,1,1,-1,1,1,1,-1,1,1,-1,1,-1,-1,-1,-1,1,1,1,1,-1,-1,1,1,-1,1,-1,1,-1,-1,1,1,1,1,1,-1,1,1,1,1,-1,1,-1,-1,1,1,1,1,1,-1,-1,1,1,1,1,1,-1,1,1,-1,1,1,1,-1,-1,1,1,1,1,-1,-1,1,1,-1,1,1,-1,-1,-1,-1,1,1,1,1,-1,-1,-1,1,1,1,1,-1,-1,1,1,1,1,-1,1,1,-1,1,1,1,1,1,-1,-1,1,-1,1,-1,1,-1,1,-1,-1,1,1,-1,1,-1,1,1,1,-1,-1,-1,-1,1,-1,1,-1,1,1,-1,1,1,-1,1,1,1,1,1,1,1,-1,1,1,-1,1,1,1,1,1,1,1,1,-1,1,1,-1,1,1,-1,1,1,-1,1,-1,1,-1,1,1,-1,1,1,1,-1,1,1,-1,-1,1,1,-1,-1,1,1,-1,1,1,1,1,1,1,-1,1,1,1,-1,1,1,-1,1,1,1,1,-1,1,-1,1,-1,1,-1,1,1,-1,-1,1,1,1,1,-1,-1,1,1,-1,-1,1,-1,1,-1,1,-1,1,1,-1,1,-1,1,-1,1,1,-1,1,-1,1,1,-1,1,-1,1,1,1,-1,1,1,1,-1,-1,1,1,-1,1,-1,-1,-1,1,-1,-1,1,-1,1,-1,1,-1,-1,1,-1,-1,-1,-1,1,-1,1,-1,-1,1,-1,1,-1,-1,1,1,1,-1,1,-1,1,-1,1,1,1,-1,1,1,-1,-1,1,-1,1,1,-1,-1,1,-1,1,1,1,-1,-1,-1,-1,-1,1,1,1,-1,-1,-1,1,1,-1,1,-1,-1,-1,1,1,1,1,-1,-1,1,1,1,1,1,-1,-1,-1,-1,1,-1,1,-1,1,-1,-1,1,1,1,-1,1,1,-1,1,-1,1,1,-1,-1,-1,-1,1,1,1,-1,-1,-1,-1,1,1,1,-1,-1,-1,1,1,1,-1,-1,-1,-1,1,1,1,-1,1,-1,1,-1,1,1,1,-1,-1,-1,-1,1,1,1,-1,-1,-1,1,1,1,1,-1,-1,-1,-1,1,1,1,-1,1,-1,-1,1,1,1,-1,-1,-1,-1,1,-1,1,-1,-1,-1,-1,1,1,1,-1,-1,1,-1,1,1,1,-1,-1,-1,-1,1,1,-1,1,-1,1,1,1,-1,-1,1,-1,-1,1,1,1,-1,-1,1,-1,-1,1,-1,1,-1,1,-1,1,1,1,-1,1,-1,1,1,1,1,1,-1,1,-1,1,1,1,1,-1,1,-1,1,1,1,-1,-1,1,-1,1,1,1,1,1,1,1,1,1,1,-1,-1,-1,1,1,1,1,-1,1,-1,1,1,1,1,1,1,1,-1,1,1,1,-1,1,-1,1,1,1,1,1,1,1,-1,1,1,1,1,1,-1,1,-1,1,-1,1,1,-1,1,1,1,1,1,1,-1,1,1,-1,1,1,1,-1,-1,1,1,1,-1,1,-1,1,1,1,-1,1,1,1,1,1,1,1,1,1,1,-1,-1,-1,1,-1,1,-1,1,1,1,1,1,1,1,1,1,-1,1,1,1,1,-1,-1,-1,-1,1,-1,1,-1,1,1,-1,1,1,1,-1,-1,1,-1,1,1,1,-1,1,-1,1,-1,1,-1,-1,1,-1,-1,-1,1,-1,-1,1,-1,1,-1,1,-1,-1,1,-1,-1,-1,1,-1,1,1,-1,1,-1,1,1,-1,-1,-1,-1,-1,-1,1,-1,1,-1,-1,1,-1,-1,1,-1,1,-1,-1,-1,1,-1,1,-1,-1,1,-1,1,-1,1,-1,-1,1,-1,-1,1,1,1,-1,-1,-1,1,-1,-1,-1,-1,-1,-1,1,-1,1,-1,-1,-1,1,-1,1,1,-1,-1,-1,-1,1,-1,1,-1,1,-1,1,-1,-1,1,1,-1,1,-1,1,-1,1,1,-1,1,-1,1,-1,1,1,-1,1,1,-1,-1,-1,1,-1,1,-1,1,-1,-1,1,-1,1,-1,1,-1,-1,1,-1,-1,1,-1,-1,-1,1,-1,1,1,-1,1,-1,1,1,1,-1,1,-1,1,-1,1,1,-1,1,-1,-1,-1,-1,1,-1,1,-1,1,-1,1,1,1,-1,1,-1,1,1,1,-1,1,-1,1,1,-1,1,-1,-1,1,1,1,1,1,-1,-1,1,1,1,1,1,1,-1,-1,1,1,1,1,1,-1,1,1,-1,-1,1,1,-1,1,1,1,1,1,1,-1,-1,1,1,-1,1,1,1,-1,1,1,-1,1,1,-1,-1,1,-2634.0,1,2000,445,500,True
2991,1,1,-1,-1,1,-1,1,1,1,1,1,-1,1,1,1,1,-1,1,-1,-1,1,1,1,1,1,-1,1,1,1,1,1,1,1,-1,1,1,-1,1,1,-1,-1,1,1,1,1,1,-1,-1,1,-1,-1,1,1,1,-1,1,-1,1,1,1,-1,-1,-1,1,-1,1,1,-1,-1,1,1,-1,1,1,-1,1,1,1,-1,1,1,-1,-1,1,-1,1,1,1,-1,1,1,-1,1,1,-1,-1,1,-1,-1,1,1,-1,-1,1,-1,-1,1,1,-1,-1,1,1,-1,1,1,1,-1,1,1,-1,-1,1,1,-1,1,1,-1,-1,1,-1,-1,1,-1,-1,1,-1,-1,-1,1,-1,-1,-1,1,1,-1,1,1,-1,-1,1,1,-1,-1,1,1,-1,1,-1,-1,1,-1,1,-1,1,-1,-1,1,-1,-1,1,-1,-1,-1,1,-1,-1,1,1,-1,-1,-1,1,1,-1,-1,-1,-1,-1,-1,-1,1,-1,-1,1,-1,-1,-1,1,-1,-1,-1,1,-1,-1,1,-1,-1,-1,-1,-1,-1,1,-1,1,-1,1,-1,-1,1,-1,-1,1,1,-1,-1,-1,1,-1,-1,1,-1,-1,1,1,-1,1,-1,-1,-1,1,1,-1,1,1,-1,-1,1,1,-1,-1,1,-1,-1,1,1,1,1,-1,-1,-1,-1,1,-1,1,-1,-1,1,-1,-1,-1,1,-1,1,-1,-1,-1,-1,1,-1,1,-1,-1,-1,-1,1,-1,-1,1,-1,1,-1,1,1,-1,1,-1,-1,-1,1,-1,1,1,-1,-1,-1,1,1,-1,1,1,1,-1,-1,1,1,1,-1,-1,-1,1,1,1,1,1,-1,-1,1,1,1,1,-1,-1,-1,1,-1,1,1,-1,-1,-1,1,1,-1,1,-1,-1,1,-1,1,1,1,-1,1,1,-1,1,-1,1,-1,1,1,1,-1,1,1,-1,-1,1,1,-1,1,-1,-1,-1,1,1,1,1,-1,-1,1,-1,1,1,1,-1,-1,1,1,1,-1,1,1,-1,1,-1,1,-1,-1,1,-1,-1,1,1,-1,1,-1,-1,1,1,1,-1,1,1,-1,1,-1,1,-1,1,-1,1,1,-1,1,-1,1,-1,1,1,-1,-1,1,1,-1,-1,1,-1,1,-1,-1,1,-1,1,1,-1,-1,1,-1,-1,1,1,-1,1,-1,1,-1,-1,1,-1,-1,1,-1,-1,-1,1,-1,1,-1,1,1,-1,1,-1,-1,-1,-1,-1,-1,1,-1,-1,1,1,-1,-1,1,-1,1,-1,-1,1,-1,1,-1,-1,1,1,-1,-1,-1,1,-1,-1,-1,1,-1,1,-1,-1,1,1,-1,-1,-1,1,-1,1,1,-1,-1,-1,-1,-1,-1,-1,1,-1,-1,1,-1,1,1,1,1,-1,-1,1,-1,-1,1,-1,-1,-1,1,-1,1,-1,1,-1,-1,-1,-1,1,-1,1,-1,-1,1,-1,1,1,1,-1,-1,-1,-1,1,-1,1,-1,-1,-1,1,1,1,-1,1,1,-1,1,1,1,1,1,1,1,-1,1,1,1,-1,-1,1,-1,-1,1,1,-1,1,-1,-1,1,-1,1,-1,1,1,-1,1,1,1,-1,1,1,-1,-1,1,1,-1,-1,-1,-1,1,1,1,-1,-1,-1,-1,1,1,1,-1,1,1,1,-1,1,1,-1,1,1,-1,-1,1,1,-1,-1,1,-1,-1,1,1,1,1,1,1,1,1,1,1,1,1,-1,-1,1,-1,1,1,1,-1,1,1,-1,1,1,1,-1,1,1,1,-1,1,1,1,-1,1,-1,1,1,-1,-1,1,1,1,1,1,-1,1,1,1,-1,1,1,1,1,-1,1,-1,1,-1,1,-1,-1,-1,1,1,1,1,1,-1,1,-1,1,-1,1,-1,-1,-1,-1,1,1,-1,1,-1,-1,-1,1,1,1,1,-1,-1,1,-1,1,-1,-1,-1,1,1,1,1,1,-1,-1,-1,1,1,-1,-1,1,-1,1,-1,1,-1,1,-1,-1,1,1,1,-1,1,-1,-1,1,-1,1,-1,1,-1,-1,-1,-1,1,-1,1,-1,-1,-1,1,1,-1,1,-1,-1,-1,1,1,1,1,1,-1,-1,1,1,-1,1,1,-1,-1,1,1,-1,1,-1,-1,-1,1,1,1,-1,1,-1,-1,1,1,1,-1,1,-1,1,1,1,-1,-1,1,-1,1,1,1,-1,1,-1,-1,1,1,1,-1,-1,1,-1,1,1,1,1,-1,1,1,1,1,1,-1,1,1,-1,1,1,1,1,-1,1,1,1,1,1,-1,1,1,1,1,1,1,-1,1,1,-1,1,-1,1,1,-1,1,-1,1,1,1,-1,-1,1,1,1,1,1,-1,1,1,1,1,1,-1,-1,1,1,-1,1,1,1,-1,1,1,1,1,1,-1,1,1,1,1,1,1,-1,-1,1,1,1,1,-1,1,-1,1,1,1,1,-1,-1,-1,1,1,1,1,-1,1,-1,1,1,1,1,1,-1,-1,1,1,1,1,1,-1,-1,1,1,1,1,-1,-1,-1,1,-1,1,1,1,-1,1,1,1,-1,1,1,-1,-1,1,1,1,1,-1,-1,1,1,1,1,-1,1,-1,1,-1,1,1,-1,1,-1,1,-1,1,1,-1,-1,-1,1,1,1,-1,1,1,-1,1,1,1,-1,-1,1,-1,1,1,1,1,-1,-1,1,1,1,1,1,-1,1,-1,1,-1,1,1,-1,1,1,-1,1,1,-1,-1,1,-1,1,1,-1,1,-1,1,1,-1,1,-1,1,-1,-1,1,-1,-1,1,-1,-1,1,1,-1,-1,1,-1,1,1,-1,1,1,1,-1,1,1,-1,1,1,1,-1,-1,1,-1,-1,1,1,-1,1,1,1,-1,-1,-1,1,1,1,-1,-1,1,1,-1,-1,1,-1,-1,-1,1,1,1,1,-1,-1,1,1,-1,1,1,1,-1,1,1,-1,1,1,1,-1,1,1,1,1,1,-1,-1,1,-1,-1,-1,1,1,-1,-1,1,-1,1,1,-1,1,-1,1,1,-1,1,1,-1,-1,1,-2634.0,1,2000,445,500,True
2992,-1,-1,1,1,1,1,-1,1,-1,-1,-1,1,-1,-1,-1,-1,1,-1,1,-1,-1,1,-1,-1,-1,1,-1,-1,-1,-1,-1,-1,1,-1,-1,1,1,-1,-1,1,-1,-1,1,-1,-1,-1,-1,1,-1,-1,-1,-1,1,1,-1,1,-1,1,-1,-1,-1,1,-1,1,-1,-1,-1,-1,1,-1,1,-1,-1,-1,-1,1,1,1,-1,-1,-1,1,1,-1,-1,-1,-1,-1,1,1,1,-1,-1,-1,-1,1,-1,1,-1,1,-1,-1,1,1,-1,-1,-1,-1,-1,1,1,1,-1,-1,-1,-1,-1,1,1,-1,-1,-1,-1,-1,1,1,-1,-1,1,-1,-1,1,-1,-1,-1,1,-1,-1,1,-1,-1,-1,1,-1,-1,1,1,-1,-1,-1,-1,-1,-1,1,1,-1,1,1,-1,-1,-1,1,-1,-1,-1,-1,1,-1,1,-1,-1,-1,-1,1,-1,-1,-1,1,-1,-1,-1,1,1,-1,-1,-1,-1,-1,-1,-1,-1,1,-1,-1,-1,-1,1,-1,1,-1,-1,1,-1,1,-1,1,-1,-1,-1,-1,1,-1,1,-1,-1,1,-1,1,-1,1,-1,1,-1,-1,1,1,-1,1,-1,-1,-1,1,-1,1,-1,1,-1,-1,1,-1,1,-1,1,1,-1,1,1,1,-1,-1,1,-1,1,-1,-1,1,1,-1,-1,1,-1,1,-1,1,-1,-1,1,1,-1,-1,1,-1,1,1,1,-1,-1,1,-1,1,1,1,1,-1,1,-1,-1,1,1,1,-1,1,1,-1,1,-1,-1,-1,-1,1,1,1,1,-1,-1,1,1,-1,1,1,1,-1,-1,1,1,1,1,1,-1,1,1,1,1,-1,1,-1,-1,1,1,1,1,1,-1,-1,-1,1,1,1,-1,-1,1,1,-1,1,1,-1,-1,-1,1,1,1,1,1,-1,-1,1,-1,1,1,-1,-1,-1,-1,1,1,1,1,-1,-1,-1,1,-1,1,-1,-1,-1,1,1,-1,1,1,-1,-1,1,1,-1,1,-1,1,-1,-1,1,1,-1,1,-1,-1,-1,1,1,-1,1,-1,-1,-1,1,-1,-1,1,1,1,1,1,1,-1,1,-1,1,-1,1,-1,1,-1,-1,1,-1,1,-1,1,-1,1,-1,1,1,-1,-1,-1,1,1,1,1,1,-1,1,-1,1,-1,1,-1,-1,1,-1,1,1,-1,1,-1,1,-1,1,-1,1,-1,-1,1,1,1,1,-1,1,-1,-1,1,1,1,-1,-1,-1,-1,1,1,1,1,1,-1,-1,1,1,1,1,-1,1,-1,1,1,-1,1,1,-1,1,1,1,1,-1,-1,-1,1,1,1,-1,1,1,-1,1,1,-1,1,1,1,-1,1,1,-1,1,-1,-1,-1,1,1,1,-1,1,1,-1,-1,1,-1,1,-1,-1,1,-1,1,-1,1,-1,1,-1,1,1,-1,1,-1,1,-1,-1,1,-1,1,1,1,1,-1,1,-1,-1,1,1,-1,-1,1,1,-1,1,1,1,1,1,1,-1,1,1,1,-1,1,-1,-1,-1,1,1,-1,1,-1,1,-1,-1,1,-1,-1,1,-1,-1,1,-1,-1,-1,1,1,-1,1,1,-1,-1,1,1,-1,-1,1,-1,-1,-1,-1,-1,1,1,-1,-1,-1,-1,-1,1,1,-1,-1,1,1,1,-1,1,-1,-1,1,1,-1,1,1,-1,-1,-1,1,-1,-1,1,1,-1,1,1,1,1,1,1,-1,-1,1,-1,1,1,1,-1,-1,1,-1,1,1,-1,-1,1,1,-1,1,1,-1,1,1,-1,1,1,1,1,-1,1,1,-1,1,1,-1,1,1,1,1,1,1,1,-1,-1,1,1,1,1,1,-1,1,1,-1,1,1,1,-1,-1,1,1,1,-1,1,-1,-1,1,1,1,1,1,-1,-1,-1,1,1,1,1,-1,-1,1,1,1,1,-1,1,-1,-1,1,1,-1,-1,1,-1,-1,1,1,1,-1,1,-1,1,1,1,-1,-1,-1,-1,1,1,1,1,-1,1,1,-1,1,1,-1,1,-1,-1,1,-1,1,1,-1,1,-1,1,1,1,1,-1,-1,1,-1,1,1,1,-1,1,-1,-1,-1,1,-1,1,1,1,-1,1,1,1,-1,1,-1,1,-1,1,1,-1,1,1,-1,1,1,1,-1,1,1,-1,-1,1,1,1,1,1,1,-1,1,1,1,1,1,-1,-1,1,1,1,1,1,-1,1,1,1,1,1,1,-1,-1,-1,1,1,1,1,-1,-1,1,1,1,-1,1,-1,-1,1,-1,1,1,1,-1,-1,1,1,-1,1,-1,1,-1,1,1,1,1,1,-1,-1,1,1,1,1,1,1,-1,-1,1,1,1,1,-1,-1,-1,1,1,-1,1,-1,1,1,1,1,1,1,-1,1,-1,1,1,1,-1,-1,1,1,1,1,1,1,-1,1,1,1,-1,1,-1,1,1,-1,1,-1,1,1,-1,1,-1,1,-1,1,1,-1,1,1,1,1,-1,1,-1,1,-1,1,1,-1,1,-1,1,-1,1,-1,-1,1,-1,1,1,-1,1,-1,1,-1,1,-1,-1,1,-1,1,-1,1,-1,-1,1,-1,1,1,1,1,-1,1,-1,1,-1,-1,-1,1,1,-1,1,-1,1,-1,-1,-1,1,1,1,1,-1,1,1,-1,-1,1,1,-1,-1,1,-1,1,-1,-1,1,-1,-1,1,1,-1,1,1,-1,1,-1,1,-1,1,1,-1,1,1,-1,-1,-1,1,-1,1,-1,1,-1,-1,1,-1,1,1,-1,1,-1,1,-1,-1,1,-1,-1,1,1,-1,1,1,-1,-1,-1,1,1,1,-1,1,1,1,-1,1,1,-1,1,-1,-1,-1,-1,1,-1,-1,1,1,-1,1,1,1,-1,-1,-1,1,1,1,-1,-1,1,1,1,-1,1,-1,-1,-1,1,1,1,1,-1,-1,1,1,1,1,1,1,-1,1,1,1,1,1,1,-1,1,1,-1,-1,1,-1,-1,1,-1,1,1,1,1,-1,-1,-1,1,-1,1,-1,1,-1,1,1,-1,1,1,-1,-1,1,-2634.0,1,2000,445,500,True
2993,1,1,-1,-1,1,1,-1,1,1,1,1,-1,-1,1,1,1,-1,1,1,-1,-1,1,1,1,1,1,-1,-1,1,1,1,1,1,-1,-1,1,-1,1,1,1,-1,-1,1,1,1,1,1,1,-1,1,1,1,-1,1,-1,-1,-1,-1,1,1,1,1,-1,-1,1,1,1,1,1,-1,1,-1,1,1,1,1,1,1,-1,1,1,-1,1,-1,-1,1,1,1,1,-1,1,1,-1,1,1,1,1,-1,-1,1,1,1,1,1,1,-1,-1,1,1,1,1,-1,-1,-1,1,1,1,1,1,-1,-1,1,1,1,1,-1,-1,-1,1,1,1,1,1,-1,-1,1,1,1,1,1,-1,-1,1,1,1,1,-1,-1,-1,-1,1,1,1,1,1,-1,-1,1,1,1,1,1,-1,1,1,1,1,1,1,-1,1,1,1,1,1,-1,-1,1,1,1,1,-1,1,-1,1,1,1,1,1,-1,-1,-1,1,1,1,1,1,-1,1,1,-1,1,1,1,-1,1,1,1,1,1,1,-1,1,1,-1,1,1,1,-1,1,1,1,1,1,1,1,-1,1,-1,-1,1,1,-1,-1,1,1,1,1,1,-1,-1,1,-1,1,1,1,1,-1,1,1,-1,1,1,-1,1,1,-1,1,1,1,-1,-1,1,-1,1,-1,1,1,1,1,-1,1,-1,1,1,1,1,-1,1,-1,1,1,1,1,-1,-1,1,1,1,1,1,1,-1,1,-1,-1,-1,1,1,-1,-1,-1,1,1,1,-1,1,-1,-1,1,1,-1,1,-1,-1,-1,1,1,1,-1,1,-1,1,-1,1,1,1,1,-1,1,1,1,1,1,-1,-1,-1,1,1,1,1,1,1,-1,1,1,1,1,-1,1,1,1,-1,1,1,-1,1,1,1,1,1,1,1,-1,1,-1,1,1,1,1,-1,1,1,1,1,1,1,-1,1,1,-1,1,1,-1,-1,1,1,1,-1,1,1,-1,1,1,-1,1,1,1,1,1,1,1,-1,1,1,-1,1,1,-1,-1,-1,-1,-1,1,1,-1,1,1,-1,-1,1,-1,-1,1,1,1,-1,1,-1,1,1,1,-1,-1,1,1,-1,-1,1,-1,-1,-1,1,-1,1,-1,-1,1,1,1,-1,1,-1,-1,1,-1,1,1,-1,1,-1,1,1,1,1,1,-1,-1,1,-1,1,-1,1,-1,-1,-1,1,1,1,1,-1,-1,1,-1,1,1,1,-1,1,-1,1,-1,1,1,-1,-1,1,-1,1,1,1,1,-1,-1,1,1,1,1,-1,-1,1,1,1,1,-1,1,-1,1,1,1,1,-1,1,-1,-1,1,1,1,-1,1,-1,1,-1,1,1,-1,-1,1,-1,1,1,1,1,-1,1,-1,-1,1,1,1,-1,1,-1,-1,1,1,-1,-1,1,-1,-1,1,-1,1,-1,-1,1,-1,1,-1,1,1,-1,1,-1,-1,1,1,1,-1,1,-1,1,-1,-1,-1,1,-1,1,1,-1,1,-1,-1,1,1,-1,-1,1,-1,1,1,1,-1,-1,1,-1,-1,1,1,1,-1,1,-1,1,1,-1,1,-1,1,-1,1,1,-1,1,-1,1,-1,1,1,-1,1,-1,-1,-1,-1,1,1,1,-1,1,-1,-1,1,-1,1,-1,1,1,-1,1,-1,1,1,-1,-1,-1,-1,-1,1,1,-1,1,-1,-1,-1,1,1,-1,-1,-1,1,1,1,-1,1,-1,-1,1,1,1,-1,1,-1,1,-1,1,1,1,-1,-1,-1,-1,-1,1,-1,1,-1,-1,1,-1,1,1,-1,1,-1,-1,1,1,1,-1,1,-1,-1,-1,1,1,-1,1,-1,-1,-1,1,1,-1,1,-1,-1,-1,1,1,-1,-1,1,-1,-1,1,1,-1,-1,-1,-1,-1,1,1,-1,-1,1,-1,-1,-1,-1,1,-1,1,-1,-1,1,-1,-1,1,1,1,-1,-1,1,-1,1,-1,1,-1,1,-1,-1,1,-1,1,-1,-1,1,-1,1,-1,-1,-1,-1,1,-1,1,-1,1,-1,-1,1,-1,1,-1,1,-1,-1,-1,1,1,-1,-1,-1,-1,1,-1,-1,-1,-1,-1,-1,-1,-1,1,-1,-1,-1,-1,1,1,-1,1,-1,-1,-1,1,-1,-1,1,-1,-1,-1,-1,-1,1,1,-1,-1,-1,-1,-1,1,-1,-1,-1,1,-1,-1,1,-1,1,-1,-1,-1,-1,-1,-1,-1,1,-1,-1,-1,-1,1,1,-1,-1,-1,1,-1,-1,-1,-1,-1,-1,-1,1,-1,1,-1,-1,-1,-1,1,1,1,1,-1,1,-1,-1,-1,1,-1,-1,-1,-1,-1,-1,1,1,-1,-1,1,-1,1,1,-1,-1,-1,1,-1,-1,1,-1,-1,1,-1,-1,1,1,1,-1,1,-1,1,1,1,-1,-1,1,-1,-1,1,1,-1,-1,1,-1,-1,1,1,-1,1,1,-1,-1,1,1,-1,-1,1,-1,-1,1,-1,-1,-1,1,-1,-1,1,1,-1,-1,-1,1,-1,1,1,-1,-1,1,-1,-1,1,-1,1,-1,1,1,-1,-1,1,-1,-1,-1,1,-1,1,1,-1,-1,-1,1,-1,1,1,1,-1,-1,1,-1,1,-1,-1,-1,1,-1,1,1,1,-1,-1,1,-1,1,-1,1,-1,-1,-1,-1,1,1,1,-1,-1,1,-1,-1,1,-1,1,-1,-1,1,-1,1,1,1,-1,-1,-1,-1,1,1,1,-1,-1,-1,1,1,-1,1,-1,-1,1,-1,1,-1,1,-1,1,-1,-1,1,-1,1,-1,-1,1,1,1,1,1,-1,-1,-1,1,-1,1,1,-1,-1,1,-1,-1,1,1,-1,-1,1,-1,1,-1,1,-1,-1,1,1,1,1,1,-1,-1,-1,1,-1,-1,-1,-1,-1,1,-1,1,1,1,-1,1,1,1,-1,1,1,-1,-1,1,1,1,1,1,-1,-1,1,1,1,1,1,-1,-1,-1,1,-1,1,1,-1,-1,1,1,1,-1,1,1,-1,1,1,1,1,1,1,-1,-1,1,1,1,-1,1,-1,1,-1,1,1,-2634.0,1,2000,445,1000,True
2994,1,1,-1,-1,1,1,-1,1,1,1,1,-1,-1,1,1,1,-1,1,-1,-1,-1,1,1,1,1,1,-1,-1,1,1,1,1,-1,-1,-1,1,-1,1,1,1,-1,-1,1,1,1,1,1,1,-1,-1,1,1,-1,1,-1,-1,-1,-1,1,1,1,-1,-1,1,1,1,1,1,1,-1,1,-1,1,1,1,1,-1,1,-1,1,1,1,1,-1,-1,1,1,1,1,-1,1,-1,1,1,1,1,1,-1,-1,-1,1,1,1,1,1,-1,1,1,1,1,1,-1,-1,1,1,1,1,1,1,-1,1,1,1,1,1,-1,-1,1,-1,1,1,1,1,-1,1,-1,1,1,1,1,-1,-1,1,1,1,1,1,-1,-1,1,1,1,1,1,1,-1,1,-1,1,1,1,1,-1,-1,1,-1,1,1,-1,1,-1,-1,1,1,1,-1,1,1,1,1,1,-1,1,-1,-1,-1,1,1,1,-1,-1,-1,-1,1,1,1,1,-1,-1,-1,1,-1,1,1,-1,-1,1,1,1,1,1,1,-1,1,-1,-1,1,1,-1,-1,-1,1,1,1,1,1,-1,-1,1,1,1,1,-1,-1,1,-1,1,1,1,-1,-1,-1,1,-1,1,1,1,-1,1,-1,1,1,1,-1,-1,-1,1,1,1,1,-1,-1,-1,1,1,-1,1,1,-1,-1,1,1,-1,1,1,-1,1,1,1,-1,1,1,1,-1,-1,1,1,1,1,1,1,1,1,1,1,-1,-1,1,-1,1,-1,1,1,1,1,1,1,-1,-1,1,1,-1,1,1,-1,-1,1,1,1,-1,1,-1,1,-1,1,1,1,1,-1,1,1,1,1,1,1,-1,1,1,1,1,1,-1,1,1,1,1,1,1,1,-1,1,1,-1,1,1,-1,1,1,1,1,1,1,1,-1,1,-1,1,1,1,1,-1,1,1,1,1,1,1,-1,1,1,-1,1,1,-1,-1,1,1,1,-1,1,1,-1,1,1,-1,1,1,1,1,1,1,1,-1,1,1,-1,1,1,-1,-1,-1,-1,-1,1,1,-1,1,1,-1,-1,1,-1,-1,1,1,1,1,1,-1,1,1,1,-1,-1,1,1,1,-1,1,-1,1,-1,1,-1,1,-1,-1,1,1,1,-1,-1,-1,-1,1,-1,1,-1,1,-1,-1,1,1,1,1,1,-1,-1,1,-1,1,-1,1,-1,-1,-1,1,1,1,1,-1,-1,1,-1,1,1,-1,-1,1,-1,1,-1,1,1,-1,-1,1,-1,1,1,-1,-1,-1,-1,1,1,-1,1,-1,-1,1,-1,1,-1,-1,1,-1,1,1,1,-1,-1,1,1,-1,1,1,1,-1,1,-1,-1,-1,1,-1,-1,-1,1,-1,1,1,-1,1,-1,1,-1,-1,1,-1,-1,-1,1,-1,-1,1,-1,-1,-1,1,-1,-1,1,-1,-1,-1,-1,1,-1,1,-1,-1,1,-1,1,-1,-1,1,1,1,-1,1,-1,1,-1,1,-1,1,-1,1,1,-1,1,-1,-1,1,-1,1,-1,1,-1,1,1,1,-1,-1,-1,-1,-1,1,1,1,-1,-1,-1,1,1,-1,1,-1,-1,-1,1,1,1,1,-1,-1,-1,1,1,-1,1,-1,-1,-1,-1,1,1,1,-1,1,-1,-1,1,-1,1,-1,-1,1,-1,1,-1,1,1,-1,-1,-1,-1,-1,1,1,-1,-1,-1,-1,-1,1,-1,-1,-1,-1,1,1,1,-1,-1,-1,-1,1,1,1,-1,1,-1,1,-1,-1,1,1,-1,-1,-1,-1,-1,1,-1,1,-1,-1,1,-1,-1,1,-1,1,-1,-1,1,-1,1,-1,1,-1,-1,-1,-1,1,-1,1,-1,-1,-1,-1,1,-1,1,-1,-1,-1,-1,1,-1,-1,1,-1,-1,-1,-1,-1,-1,-1,-1,-1,-1,1,-1,-1,1,1,-1,1,1,1,-1,1,1,-1,1,-1,-1,1,1,1,-1,1,1,-1,1,-1,1,-1,1,1,-1,1,-1,1,-1,1,1,-1,1,1,1,-1,1,1,-1,1,-1,1,-1,-1,1,-1,1,1,1,-1,-1,1,1,1,1,1,-1,1,-1,-1,-1,1,1,-1,-1,1,-1,1,-1,1,-1,-1,1,1,-1,1,1,-1,-1,1,1,-1,1,1,-1,-1,1,-1,1,-1,1,-1,-1,1,-1,1,-1,-1,-1,1,1,-1,1,-1,1,-1,1,1,-1,-1,-1,1,1,1,1,-1,1,1,1,-1,-1,-1,1,-1,-1,1,-1,1,1,-1,1,1,1,-1,1,1,-1,1,-1,1,1,-1,1,-1,-1,1,1,-1,-1,1,1,-1,-1,1,1,-1,1,1,-1,1,1,-1,-1,-1,1,-1,1,1,-1,-1,1,1,-1,1,1,1,-1,1,-1,1,1,1,-1,1,1,-1,-1,1,1,-1,-1,1,-1,-1,1,1,-1,1,-1,-1,-1,1,1,-1,-1,-1,1,-1,1,-1,-1,-1,-1,-1,-1,1,1,1,-1,-1,-1,-1,1,1,-1,-1,1,-1,-1,1,-1,1,-1,-1,-1,-1,-1,1,1,-1,1,-1,-1,1,1,1,-1,1,-1,-1,1,1,1,-1,-1,-1,-1,1,-1,-1,-1,-1,-1,1,1,1,-1,-1,-1,-1,1,-1,1,-1,-1,-1,-1,1,1,1,-1,1,-1,-1,-1,1,-1,1,-1,1,-1,-1,1,-1,1,-1,1,-1,-1,1,1,1,-1,-1,-1,1,1,-1,1,-1,-1,1,-1,1,-1,1,-1,1,-1,-1,1,-1,1,-1,1,-1,1,1,1,1,-1,-1,-1,1,-1,1,1,1,-1,1,-1,-1,1,1,-1,-1,1,-1,1,-1,1,-1,-1,1,1,1,1,1,-1,-1,-1,1,-1,-1,-1,-1,-1,1,-1,1,1,1,-1,1,1,1,-1,1,1,-1,-1,1,1,-1,1,1,-1,-1,1,1,1,1,1,-1,-1,1,1,-1,1,1,-1,-1,1,1,-1,1,1,1,-1,1,1,1,1,1,1,-1,-1,-1,1,1,1,1,-1,1,1,-1,1,-2634.0,1,2000,445,1000,True
2995,-1,-1,1,1,-1,1,-1,1,-1,-1,-1,1,-1,1,-1,-1,1,-1,1,-1,-1,1,-1,-1,-1,1,-1,-1,-1,-1,-1,-1,-1,-1,-1,1,1,-1,-1,1,-1,-1,1,-1,-1,-1,1,1,-1,-1,-1,-1,1,-1,-1,-1,-1,1,-1,-1,1,1,-1,1,-1,-1,-1,1,1,-1,1,-1,-1,-1,-1,1,-1,1,-1,-1,-1,1,1,-1,-1,-1,-1,-1,1,1,-1,-1,-1,-1,-1,1,-1,1,-1,1,-1,-1,1,1,1,-1,-1,-1,-1,1,1,-1,-1,-1,-1,-1,1,1,1,-1,-1,1,-1,-1,1,-1,-1,-1,1,-1,1,1,1,-1,-1,1,-1,1,1,1,-1,-1,1,-1,-1,1,1,-1,-1,-1,-1,-1,1,1,1,-1,1,1,-1,1,1,1,-1,-1,-1,-1,1,1,1,-1,-1,-1,1,1,1,-1,-1,1,-1,1,1,-1,1,-1,-1,-1,1,1,1,-1,-1,1,-1,1,1,1,1,-1,1,-1,-1,-1,1,1,-1,1,-1,1,1,1,1,-1,1,-1,1,-1,1,1,-1,1,-1,-1,-1,1,1,1,-1,1,-1,-1,1,1,-1,-1,1,-1,1,1,1,-1,-1,1,-1,-1,1,1,1,-1,1,-1,1,1,1,-1,1,1,1,1,-1,1,-1,-1,-1,1,-1,1,1,1,1,1,1,1,-1,1,1,1,1,1,1,-1,1,1,1,-1,1,1,1,1,1,-1,1,1,1,1,1,-1,1,1,1,1,-1,1,1,-1,1,1,1,-1,1,1,-1,1,1,1,-1,1,1,1,1,-1,1,-1,1,-1,1,1,1,1,-1,1,1,1,1,1,1,-1,1,1,1,1,1,-1,1,1,1,-1,1,1,1,-1,1,1,-1,1,1,-1,1,1,1,-1,1,1,1,-1,1,-1,1,1,1,1,-1,1,1,1,1,1,1,-1,1,1,-1,1,1,-1,-1,1,1,1,-1,1,1,-1,-1,1,-1,1,1,1,1,-1,1,1,-1,1,1,-1,1,1,-1,-1,-1,-1,-1,1,1,-1,1,1,-1,-1,1,-1,1,1,1,1,1,1,-1,1,1,1,-1,-1,1,1,1,-1,1,-1,-1,-1,1,-1,1,-1,-1,1,1,1,-1,-1,-1,-1,1,1,1,-1,1,-1,-1,1,1,1,1,-1,-1,-1,1,-1,1,-1,1,-1,-1,-1,-1,-1,1,1,-1,-1,1,-1,1,1,-1,-1,-1,-1,-1,1,1,-1,-1,-1,1,-1,1,-1,-1,-1,-1,-1,1,1,-1,1,-1,-1,1,1,1,-1,-1,1,-1,1,1,1,-1,-1,1,-1,-1,1,1,-1,-1,1,-1,-1,-1,1,1,-1,-1,1,-1,1,-1,1,-1,-1,1,-1,-1,-1,1,-1,-1,1,-1,1,-1,1,-1,-1,1,-1,-1,1,1,-1,-1,-1,1,-1,1,1,-1,1,-1,1,-1,-1,1,1,1,-1,1,-1,1,-1,1,-1,1,-1,1,1,-1,-1,1,1,1,-1,1,-1,1,-1,1,1,1,-1,-1,-1,-1,-1,1,1,1,-1,-1,-1,1,1,-1,1,-1,-1,-1,1,1,1,1,-1,-1,-1,1,1,1,1,-1,-1,-1,-1,1,-1,1,-1,1,-1,-1,1,1,1,-1,-1,1,1,-1,-1,1,1,-1,-1,-1,-1,1,1,1,-1,1,-1,1,1,1,1,-1,-1,1,-1,1,1,-1,-1,-1,-1,-1,1,1,-1,1,-1,-1,1,1,1,1,-1,-1,-1,-1,1,1,-1,1,-1,-1,1,1,1,1,-1,1,-1,-1,1,1,1,-1,1,-1,1,1,1,1,-1,1,-1,-1,1,-1,1,-1,1,-1,1,1,1,1,1,-1,1,-1,1,1,1,-1,-1,-1,1,1,1,-1,1,-1,1,-1,1,-1,-1,1,-1,1,-1,1,1,-1,-1,1,-1,1,1,-1,1,-1,1,-1,1,1,1,-1,1,-1,1,-1,1,-1,1,-1,1,-1,-1,1,1,1,-1,1,-1,1,1,-1,1,-1,1,1,-1,1,1,-1,-1,1,1,1,1,-1,1,1,-1,1,1,1,1,-1,-1,1,-1,1,1,1,-1,-1,-1,1,1,1,1,-1,-1,-1,1,1,1,1,1,-1,1,-1,1,1,1,-1,-1,-1,1,-1,1,1,-1,-1,1,-1,1,1,1,-1,-1,-1,1,1,-1,1,-1,-1,1,1,1,1,1,1,1,-1,-1,1,1,-1,1,-1,1,1,1,1,1,1,-1,1,-1,1,1,1,1,-1,-1,1,1,1,1,1,1,-1,-1,1,-1,1,1,-1,-1,1,1,1,1,1,-1,-1,1,1,-1,1,-1,1,-1,1,1,-1,1,-1,-1,1,1,1,1,1,1,-1,-1,1,1,-1,-1,-1,-1,-1,1,1,-1,1,-1,-1,-1,1,1,-1,-1,1,-1,-1,1,-1,-1,1,1,-1,-1,1,1,-1,-1,-1,-1,-1,1,1,1,-1,1,-1,-1,1,-1,-1,-1,1,-1,-1,-1,1,1,-1,-1,1,-1,1,1,-1,-1,1,-1,-1,1,1,1,-1,-1,-1,-1,1,-1,-1,-1,-1,-1,1,1,1,-1,-1,-1,-1,1,-1,1,-1,-1,-1,-1,1,1,1,-1,1,1,-1,-1,1,-1,1,-1,1,-1,-1,1,1,1,-1,1,-1,-1,1,1,1,-1,-1,-1,1,1,-1,1,-1,-1,1,-1,1,-1,1,1,-1,1,-1,1,-1,1,-1,1,-1,1,1,1,1,-1,-1,-1,1,-1,1,1,1,-1,1,-1,1,1,1,-1,-1,1,-1,1,-1,1,-1,-1,1,1,1,1,1,-1,-1,1,1,-1,-1,-1,-1,-1,1,-1,1,1,1,-1,1,1,1,-1,1,1,1,-1,1,1,1,1,1,-1,-1,1,1,1,1,1,-1,1,1,1,-1,1,1,-1,-1,1,1,-1,1,1,1,-1,1,1,1,1,1,-1,-1,1,-1,1,1,-1,1,-1,1,1,-1,1,-2634.0,1,2000,445,1000,True
2996,-1,-1,1,1,1,1,-1,1,-1,-1,-1,1,-1,1,-1,-1,1,-1,1,-1,-1,1,-1,-1,-1,1,-1,-1,-1,-1,-1,-1,1,-1,-1,1,1,-1,-1,1,-1,-1,1,-1,-1,-1,-1,1,-1,-1,-1,-1,1,1,-1,-1,-1,1,-1,-1,-1,1,-1,1,-1,-1,-1,-1,1,-1,1,-1,-1,-1,1,1,-1,1,-1,-1,-1,-1,1,-1,-1,-1,-1,1,1,-1,1,-1,-1,-1,-1,1,1,-1,-1,1,-1,-1,1,1,1,-1,-1,-1,-1,1,1,-1,-1,-1,-1,-1,1,1,1,-1,-1,-1,-1,1,1,-1,-1,-1,1,-1,1,1,1,-1,-1,-1,-1,1,1,1,-1,-1,-1,-1,-1,1,1,-1,-1,-1,-1,1,1,1,1,-1,1,-1,-1,1,1,-1,-1,-1,1,-1,1,1,1,-1,1,-1,1,1,1,-1,-1,-1,-1,1,1,-1,1,-1,-1,-1,1,1,1,-1,-1,1,-1,1,1,1,1,1,-1,-1,1,-1,1,1,-1,1,1,1,1,1,1,-1,1,1,-1,-1,1,1,1,1,-1,1,1,1,1,1,-1,-1,1,1,1,1,-1,1,-1,1,1,1,1,1,1,-1,1,-1,1,1,1,1,-1,-1,1,1,1,-1,-1,-1,1,-1,1,1,1,1,-1,1,1,-1,1,-1,-1,-1,1,1,-1,1,-1,-1,-1,1,1,-1,1,-1,1,-1,1,1,1,1,1,1,-1,1,1,1,1,1,-1,-1,-1,1,-1,1,-1,-1,-1,1,1,-1,1,1,1,-1,-1,1,1,1,-1,-1,-1,1,1,-1,1,1,-1,-1,-1,1,-1,1,-1,-1,-1,-1,1,1,1,-1,-1,-1,1,-1,-1,1,-1,-1,-1,-1,-1,1,1,-1,1,-1,1,1,-1,1,-1,-1,-1,-1,-1,1,1,-1,-1,-1,-1,-1,1,-1,-1,-1,-1,-1,1,1,-1,-1,-1,1,1,-1,1,-1,-1,1,1,-1,-1,1,1,-1,-1,1,-1,1,-1,1,-1,-1,-1,1,-1,1,-1,-1,-1,-1,-1,-1,1,1,-1,-1,1,1,-1,1,-1,1,-1,1,1,1,1,-1,-1,-1,1,1,-1,1,-1,-1,-1,1,1,1,1,1,-1,-1,1,1,1,1,-1,-1,-1,1,-1,1,-1,1,-1,-1,1,1,1,-1,-1,-1,1,1,1,1,-1,1,-1,-1,1,1,1,1,-1,-1,-1,1,1,1,1,1,-1,-1,-1,1,1,1,-1,1,-1,1,1,-1,1,1,-1,-1,1,-1,1,1,-1,-1,1,1,1,1,-1,1,-1,1,1,-1,1,-1,1,-1,1,1,-1,1,-1,-1,-1,1,1,-1,1,1,1,-1,1,-1,1,1,-1,-1,1,-1,1,-1,1,1,1,-1,1,1,1,-1,-1,1,-1,1,-1,-1,1,-1,1,1,1,1,-1,-1,1,1,-1,1,1,1,-1,1,1,1,-1,1,1,-1,1,1,1,1,-1,-1,1,-1,1,1,-1,1,-1,1,-1,-1,1,-1,-1,1,-1,-1,1,-1,-1,-1,1,1,-1,1,1,-1,-1,1,1,-1,-1,1,-1,-1,-1,-1,-1,1,1,-1,-1,-1,-1,-1,1,1,-1,-1,1,1,1,-1,1,-1,-1,1,1,-1,1,1,-1,-1,-1,1,-1,-1,1,1,-1,1,1,1,1,1,-1,1,1,1,-1,1,1,1,-1,1,1,-1,1,1,-1,1,1,1,-1,1,1,-1,-1,1,-1,1,1,1,-1,1,1,1,-1,1,1,-1,1,1,1,1,1,1,1,1,1,1,1,1,1,-1,1,-1,1,-1,1,1,1,1,1,1,1,1,1,-1,1,1,1,1,1,1,1,-1,1,-1,1,1,1,1,1,1,1,1,1,1,-1,1,1,1,-1,1,-1,-1,1,1,1,-1,1,1,-1,1,1,1,1,1,1,1,1,1,1,-1,1,1,-1,1,1,-1,-1,1,1,-1,1,1,1,-1,1,1,-1,1,1,1,-1,1,1,-1,1,1,1,-1,1,1,1,1,1,1,-1,1,1,-1,-1,1,-1,-1,1,1,1,1,-1,1,-1,1,1,-1,1,1,1,-1,1,1,1,1,1,1,-1,1,1,-1,1,1,1,-1,1,1,1,1,1,-1,-1,1,-1,1,1,-1,-1,1,1,1,1,1,-1,-1,-1,1,1,1,1,-1,1,1,1,1,-1,1,-1,-1,-1,1,-1,1,1,1,-1,-1,1,1,1,1,1,-1,1,-1,1,-1,1,-1,-1,-1,1,1,1,1,1,-1,-1,-1,1,1,1,1,-1,1,-1,-1,1,-1,1,-1,1,1,-1,1,1,1,-1,-1,1,-1,1,1,1,-1,1,-1,1,-1,1,-1,-1,1,1,-1,-1,1,-1,-1,1,-1,1,-1,1,-1,-1,1,-1,-1,-1,1,-1,1,1,1,1,-1,1,1,-1,-1,-1,-1,-1,-1,1,-1,1,-1,-1,1,-1,-1,1,-1,1,-1,-1,-1,1,-1,1,-1,-1,1,-1,1,1,-1,-1,-1,1,-1,1,1,1,1,-1,-1,-1,1,-1,-1,-1,-1,-1,-1,1,-1,1,-1,-1,-1,1,-1,1,1,-1,-1,-1,-1,1,-1,1,-1,1,-1,1,-1,-1,1,1,-1,1,-1,1,-1,1,1,-1,1,-1,1,-1,1,1,-1,-1,1,-1,-1,-1,1,-1,1,-1,1,-1,-1,1,-1,1,-1,1,-1,-1,1,-1,1,-1,-1,-1,-1,1,-1,-1,-1,-1,1,-1,1,1,-1,1,1,-1,1,1,-1,-1,1,1,-1,-1,1,-1,-1,1,1,-1,1,1,-1,-1,-1,-1,1,-1,-1,-1,-1,1,-1,-1,1,1,-1,1,1,-1,1,1,1,-1,-1,1,-1,1,1,1,-1,-1,1,-1,1,1,1,-1,-1,1,-1,-1,1,1,-1,-1,1,-1,1,1,1,1,-1,1,-1,-1,1,1,1,-1,-1,1,-1,1,1,1,-1,1,-1,-1,1,-2634.0,1,2000,445,500,True
2997,1,1,-1,-1,1,1,-1,-1,1,1,1,-1,-1,1,1,1,-1,1,-1,-1,-1,-1,1,1,1,1,-1,-1,1,1,1,1,-1,-1,-1,-1,1,-1,1,1,-1,-1,-1,1,1,1,1,1,-1,1,1,1,-1,1,-1,-1,1,-1,1,1,1,-1,-1,-1,1,1,1,1,1,-1,-1,1,1,1,1,1,-1,-1,1,-1,1,-1,1,-1,1,1,1,1,1,1,1,1,-1,1,1,1,-1,-1,1,1,1,1,1,1,-1,1,-1,1,1,1,1,-1,1,-1,1,1,1,1,1,1,-1,1,1,1,1,-1,1,-1,1,1,1,1,-1,1,-1,1,1,1,1,-1,1,-1,1,1,1,1,1,1,1,-1,1,1,1,-1,-1,1,-1,1,1,1,-1,1,1,1,-1,-1,1,-1,-1,1,-1,-1,1,1,-1,1,-1,1,1,1,-1,1,-1,1,1,-1,1,-1,-1,1,1,1,-1,1,-1,-1,-1,1,1,-1,1,-1,-1,-1,1,1,-1,1,1,-1,-1,1,1,-1,1,-1,-1,-1,-1,1,-1,1,1,-1,-1,-1,1,-1,-1,1,-1,-1,1,1,-1,1,1,-1,-1,1,1,-1,1,-1,-1,-1,-1,1,-1,-1,1,-1,-1,1,-1,-1,1,-1,-1,-1,1,1,-1,1,1,1,1,-1,-1,-1,1,-1,1,-1,1,-1,-1,1,-1,1,-1,-1,1,-1,-1,1,-1,1,-1,1,-1,1,1,-1,1,-1,-1,-1,-1,1,1,1,-1,-1,-1,1,-1,1,1,1,1,-1,1,1,1,1,-1,-1,-1,1,-1,1,1,1,-1,-1,-1,-1,1,1,-1,-1,1,-1,1,1,1,-1,-1,-1,1,-1,1,1,-1,1,-1,-1,1,-1,1,-1,1,-1,1,1,1,1,-1,-1,-1,-1,-1,-1,1,-1,-1,-1,-1,-1,-1,-1,-1,-1,-1,-1,-1,-1,-1,-1,-1,1,1,-1,-1,-1,-1,1,1,-1,1,-1,1,-1,-1,1,-1,1,-1,1,-1,-1,-1,1,-1,1,-1,-1,-1,-1,-1,1,-1,-1,-1,-1,1,1,1,-1,-1,-1,-1,1,1,-1,-1,-1,-1,1,1,1,-1,-1,-1,-1,-1,1,1,1,-1,1,-1,-1,1,1,1,-1,-1,-1,-1,1,-1,1,1,1,-1,-1,1,1,1,-1,-1,-1,1,1,1,1,1,1,-1,-1,1,1,1,-1,-1,-1,-1,1,1,1,1,1,-1,-1,1,1,1,1,-1,1,-1,1,1,-1,1,1,-1,-1,1,-1,1,1,-1,-1,1,1,1,-1,1,1,-1,1,1,-1,1,1,1,-1,1,1,-1,1,-1,-1,-1,-1,1,-1,1,1,1,-1,1,-1,1,1,-1,-1,1,-1,1,-1,1,-1,1,-1,1,1,-1,1,-1,1,-1,1,-1,-1,1,-1,1,1,1,1,-1,-1,1,1,-1,1,1,1,-1,1,1,1,-1,1,1,-1,1,1,1,1,1,-1,1,-1,-1,-1,1,-1,1,1,-1,1,-1,1,-1,1,-1,-1,-1,1,1,-1,1,1,-1,-1,-1,1,-1,1,1,-1,1,-1,1,-1,-1,-1,-1,-1,-1,1,-1,-1,-1,-1,-1,-1,1,-1,1,1,1,1,-1,1,-1,1,1,-1,-1,-1,1,-1,-1,1,-1,1,-1,-1,1,1,1,1,-1,-1,1,1,1,1,-1,1,-1,-1,1,1,1,-1,-1,-1,1,1,1,1,-1,1,-1,1,-1,1,-1,1,1,-1,-1,1,1,1,-1,-1,-1,-1,1,1,1,1,-1,1,-1,1,1,1,1,-1,1,-1,1,1,1,-1,-1,1,-1,1,1,1,1,-1,1,-1,1,1,1,1,-1,1,-1,1,1,-1,1,-1,1,-1,1,1,1,1,-1,1,-1,1,1,1,-1,-1,-1,-1,1,1,1,-1,1,-1,-1,1,1,1,1,-1,-1,-1,1,1,1,-1,-1,1,-1,1,1,-1,-1,-1,-1,-1,1,1,1,-1,-1,-1,-1,1,1,1,-1,1,-1,-1,1,1,1,-1,1,-1,1,1,1,1,-1,-1,-1,-1,-1,1,-1,-1,-1,-1,-1,1,-1,-1,-1,-1,-1,-1,1,1,1,-1,-1,-1,-1,1,-1,1,-1,-1,-1,1,1,1,1,-1,-1,-1,1,1,1,-1,-1,-1,1,1,1,-1,-1,1,-1,1,1,1,-1,-1,-1,1,1,1,1,-1,-1,-1,-1,-1,1,-1,1,-1,-1,-1,1,1,1,1,-1,-1,-1,1,1,1,1,-1,1,1,-1,1,1,-1,-1,-1,-1,-1,1,1,1,-1,-1,1,-1,1,-1,1,-1,1,-1,-1,-1,1,1,-1,1,-1,-1,1,-1,1,-1,-1,1,-1,1,1,1,-1,1,-1,1,1,1,-1,-1,1,-1,-1,-1,1,-1,-1,1,-1,1,-1,1,-1,-1,1,-1,-1,-1,1,-1,1,1,-1,-1,-1,-1,1,-1,-1,1,-1,-1,1,1,-1,1,-1,-1,-1,-1,-1,1,-1,1,-1,-1,-1,1,-1,1,1,-1,-1,-1,1,-1,1,1,-1,1,-1,1,-1,1,1,-1,-1,-1,1,-1,-1,-1,-1,-1,1,-1,-1,1,-1,-1,-1,1,-1,1,1,-1,-1,1,1,-1,-1,1,-1,1,-1,1,-1,-1,1,1,-1,1,-1,1,-1,1,1,-1,1,1,1,-1,1,1,-1,1,-1,1,-1,-1,1,-1,1,-1,1,-1,-1,1,1,1,-1,1,1,-1,1,-1,-1,1,-1,1,-1,1,-1,1,1,-1,1,-1,1,1,1,-1,1,-1,1,1,1,1,-1,1,1,-1,1,1,1,-1,1,-1,1,1,-1,1,1,1,-1,-1,1,1,1,-1,1,1,1,1,1,-1,-1,1,-1,1,1,1,1,-1,1,-1,1,1,1,1,-1,1,1,1,1,1,1,-1,1,-1,1,1,1,1,-1,1,1,-1,1,1,1,-1,1,1,1,1,1,1,1,-1,1,1,1,-1,1,-1,1,1,1,-2634.0,1,2000,445,500,True
2998,1,1,1,1,1,1,-1,1,1,-1,-1,1,-1,-1,1,1,1,-1,1,-1,-1,1,1,-1,-1,1,-1,-1,1,1,1,-1,1,-1,-1,1,-1,1,-1,1,-1,-1,1,1,1,-1,-1,1,-1,1,1,1,-1,1,-1,1,1,-1,1,-1,-1,1,-1,1,1,1,-1,-1,1,-1,1,-1,1,1,-1,1,1,-1,1,-1,1,1,1,-1,-1,1,1,-1,1,1,1,1,-1,1,-1,1,-1,1,-1,1,1,-1,1,1,-1,1,-1,1,-1,1,1,1,-1,-1,1,-1,-1,1,1,1,-1,1,1,-1,1,1,-1,-1,1,-1,-1,1,-1,-1,-1,1,1,1,1,-1,1,-1,-1,1,-1,1,1,-1,-1,-1,1,-1,-1,1,1,-1,1,-1,1,-1,-1,-1,-1,-1,1,-1,1,-1,1,-1,1,1,-1,1,-1,-1,-1,-1,-1,-1,-1,1,-1,-1,-1,1,-1,-1,-1,-1,-1,-1,1,-1,-1,-1,-1,1,-1,1,-1,1,-1,-1,-1,-1,1,-1,-1,-1,-1,1,-1,1,1,-1,-1,-1,1,-1,1,1,-1,-1,-1,-1,-1,1,1,-1,-1,-1,1,-1,1,-1,-1,-1,-1,1,-1,1,1,1,-1,-1,1,-1,1,-1,1,-1,-1,1,1,1,1,-1,-1,-1,-1,-1,1,1,-1,-1,1,-1,1,1,1,-1,1,-1,-1,1,1,1,-1,1,1,-1,1,1,1,-1,-1,1,-1,-1,1,1,1,-1,1,-1,1,1,-1,1,1,1,-1,1,1,1,1,-1,1,1,-1,1,-1,1,1,1,-1,-1,1,-1,1,1,1,1,-1,1,1,-1,1,1,-1,-1,1,1,-1,1,1,-1,1,1,1,1,-1,1,-1,1,1,-1,-1,1,1,-1,-1,1,-1,1,-1,1,-1,1,1,1,-1,1,1,-1,1,1,1,-1,1,-1,-1,1,1,1,-1,1,-1,-1,-1,1,1,1,1,-1,-1,1,-1,1,-1,1,1,-1,-1,1,1,-1,-1,1,-1,-1,1,1,-1,1,-1,-1,-1,-1,-1,-1,1,1,-1,-1,1,1,-1,1,-1,1,-1,1,1,-1,1,-1,-1,1,1,-1,1,1,-1,-1,-1,-1,1,1,1,1,-1,-1,1,-1,-1,1,-1,-1,1,-1,-1,1,-1,1,-1,-1,1,-1,-1,1,-1,-1,1,1,-1,-1,1,1,-1,-1,1,-1,-1,-1,-1,-1,-1,1,-1,-1,1,1,-1,-1,1,-1,1,-1,-1,1,-1,1,-1,-1,1,1,-1,-1,1,-1,-1,-1,-1,-1,1,1,-1,-1,1,1,-1,1,-1,1,-1,1,1,-1,1,-1,1,1,-1,-1,-1,1,-1,1,-1,1,1,-1,1,-1,-1,1,-1,-1,1,-1,1,-1,1,-1,1,-1,1,1,-1,1,-1,1,-1,1,-1,-1,1,-1,1,1,1,1,-1,-1,1,1,-1,1,1,1,-1,1,1,1,-1,1,1,-1,1,1,1,1,-1,-1,1,-1,-1,1,-1,1,-1,1,-1,-1,1,1,-1,1,-1,-1,-1,1,1,-1,1,1,-1,1,-1,1,-1,1,1,-1,-1,-1,1,-1,-1,-1,-1,-1,1,1,-1,-1,-1,-1,-1,1,1,-1,1,1,1,1,1,1,-1,1,1,-1,-1,1,1,-1,-1,1,-1,-1,1,1,-1,1,1,1,-1,1,-1,1,1,1,-1,-1,-1,1,1,1,1,-1,1,1,-1,1,1,1,-1,1,1,1,-1,1,-1,1,1,1,-1,1,1,1,-1,-1,1,1,1,1,1,1,-1,1,-1,1,1,1,1,1,1,-1,1,-1,1,-1,-1,1,1,1,1,1,1,-1,1,-1,1,1,1,1,-1,1,1,1,1,-1,1,-1,1,1,1,1,1,1,-1,1,1,1,1,1,-1,-1,-1,1,-1,1,1,-1,-1,1,1,1,1,1,1,-1,1,1,1,1,1,-1,-1,1,1,-1,1,-1,-1,-1,1,1,-1,1,1,-1,1,-1,1,-1,1,1,-1,-1,-1,1,1,1,1,-1,-1,-1,1,-1,1,1,-1,-1,1,1,1,-1,-1,-1,1,-1,1,-1,1,-1,-1,1,-1,1,-1,-1,1,-1,1,-1,1,-1,-1,1,-1,1,-1,-1,-1,1,1,-1,-1,1,-1,-1,1,-1,-1,1,-1,-1,-1,1,-1,1,1,-1,-1,-1,-1,-1,-1,1,-1,-1,-1,1,1,-1,1,1,-1,1,-1,-1,-1,-1,1,-1,-1,1,1,1,1,-1,1,-1,1,-1,1,1,1,-1,-1,-1,1,1,1,1,-1,-1,-1,-1,1,-1,1,-1,1,-1,1,1,-1,1,1,-1,-1,1,1,1,1,-1,1,-1,1,1,-1,1,-1,-1,1,1,1,1,-1,1,-1,-1,1,1,1,1,-1,1,-1,1,1,-1,1,-1,-1,-1,1,1,-1,1,-1,1,-1,1,-1,1,1,1,-1,-1,1,1,-1,1,1,-1,-1,1,1,-1,1,-1,-1,-1,1,-1,1,-1,1,-1,1,1,1,-1,1,1,-1,-1,1,1,-1,-1,1,-1,1,1,1,1,-1,1,-1,1,1,-1,-1,1,1,-1,1,1,1,-1,-1,-1,-1,1,-1,1,-1,1,1,1,-1,1,1,-1,-1,1,1,1,1,-1,1,-1,-1,1,1,1,-1,1,-1,1,-1,1,-1,1,1,-1,1,1,-1,1,-1,1,-1,1,-1,1,1,-1,1,-1,1,1,1,-1,-1,1,-1,-1,1,-1,-1,1,1,-1,1,1,-1,-1,1,1,1,1,-1,1,1,1,-1,1,1,-1,1,1,-1,-1,-1,1,-1,-1,1,1,-1,1,1,1,-1,-1,-1,1,1,1,-1,-1,1,1,1,-1,1,-1,-1,-1,1,1,1,1,-1,-1,1,1,1,1,1,1,-1,1,1,1,1,1,1,-1,-1,1,-1,-1,1,-1,-1,1,-1,1,1,1,1,-1,-1,1,1,-1,1,-1,1,-1,1,1,-1,1,1,-1,-1,1,-2634.0,1,2000,445,500,True
2999,1,1,-1,-1,1,1,-1,1,1,1,1,-1,-1,-1,1,1,-1,1,-1,-1,-1,1,1,1,1,1,-1,-1,1,1,1,1,-1,-1,-1,1,-1,1,1,1,-1,-1,1,1,1,1,1,1,-1,1,1,1,-1,1,-1,1,-1,-1,1,1,1,-1,-1,-1,1,1,1,1,1,-1,1,-1,1,1,1,1,1,1,-1,1,1,-1,1,-1,-1,1,1,1,1,1,1,1,-1,1,1,1,-1,1,-1,-1,1,1,1,1,-1,-1,-1,1,1,1,1,1,-1,-1,1,1,1,1,1,-1,-1,1,1,1,1,1,-1,-1,1,1,1,1,-1,-1,-1,-1,1,1,1,-1,-1,-1,-1,1,1,1,1,-1,-1,-1,1,1,1,1,1,-1,1,-1,1,1,-1,1,-1,-1,1,-1,1,-1,1,-1,-1,-1,1,1,-1,-1,-1,1,-1,1,-1,1,1,-1,-1,-1,1,-1,-1,-1,-1,-1,-1,1,-1,-1,1,-1,-1,-1,1,-1,-1,1,-1,-1,1,1,1,-1,1,-1,1,1,-1,-1,-1,1,-1,1,-1,1,1,-1,1,1,-1,-1,1,1,-1,1,1,-1,1,-1,1,-1,1,-1,-1,-1,1,-1,-1,1,1,-1,-1,-1,1,-1,1,-1,-1,-1,1,-1,-1,1,-1,1,-1,1,1,-1,1,1,-1,-1,1,1,-1,1,1,-1,-1,1,-1,-1,1,1,1,-1,1,1,-1,1,1,1,-1,-1,1,-1,1,1,-1,-1,-1,1,1,1,1,-1,-1,1,1,-1,1,1,1,-1,-1,1,1,1,1,1,-1,1,1,1,1,-1,1,-1,-1,1,1,1,1,1,-1,-1,1,1,1,1,-1,-1,1,1,-1,1,1,-1,-1,-1,1,1,1,1,1,-1,-1,1,-1,1,1,-1,-1,-1,-1,1,1,1,1,-1,-1,-1,1,-1,1,-1,-1,-1,1,1,-1,1,1,1,-1,-1,1,-1,1,1,-1,-1,-1,1,1,-1,1,1,-1,1,-1,1,-1,1,-1,1,-1,1,-1,-1,1,1,-1,-1,1,1,-1,1,1,1,-1,1,-1,1,1,1,-1,1,1,-1,1,1,1,-1,-1,1,-1,-1,1,1,-1,1,1,1,-1,1,-1,1,1,-1,-1,-1,1,-1,1,1,-1,1,-1,-1,1,-1,1,-1,-1,-1,-1,-1,1,1,-1,1,-1,1,-1,1,1,1,-1,-1,-1,-1,1,1,1,1,-1,-1,1,1,1,1,-1,1,-1,-1,1,-1,1,1,-1,-1,-1,-1,1,1,-1,1,-1,1,1,1,-1,1,-1,-1,1,-1,1,-1,1,-1,-1,1,-1,1,-1,-1,1,-1,1,-1,1,1,1,1,-1,1,1,1,-1,-1,1,-1,-1,1,1,-1,1,-1,-1,1,1,-1,-1,1,-1,1,-1,-1,1,-1,1,1,1,-1,1,1,1,1,-1,1,-1,-1,1,1,1,1,-1,1,1,-1,1,1,1,1,1,1,1,-1,1,1,-1,1,-1,1,-1,1,-1,-1,-1,1,-1,-1,1,-1,-1,-1,1,1,-1,1,1,-1,-1,1,1,-1,-1,1,-1,-1,-1,-1,-1,-1,1,-1,-1,-1,-1,-1,-1,1,-1,-1,1,1,1,1,1,-1,1,1,1,-1,-1,1,-1,1,-1,1,-1,-1,1,1,-1,1,1,1,-1,1,1,-1,-1,1,-1,-1,1,1,-1,-1,1,-1,1,1,-1,-1,1,1,-1,1,1,-1,-1,1,-1,1,1,1,1,-1,1,-1,-1,-1,1,1,-1,1,1,1,-1,1,1,-1,-1,1,1,1,1,1,-1,1,1,-1,-1,1,1,-1,-1,1,1,-1,1,1,-1,-1,1,-1,-1,1,1,-1,-1,-1,1,-1,1,1,-1,-1,1,1,-1,1,1,1,-1,-1,-1,-1,1,-1,1,-1,-1,1,-1,1,-1,1,-1,1,1,-1,1,1,-1,-1,1,-1,-1,1,-1,1,-1,1,-1,-1,1,1,-1,-1,1,1,-1,1,1,1,-1,1,1,-1,-1,1,-1,-1,1,-1,-1,-1,1,1,1,1,1,-1,1,-1,1,-1,1,1,-1,-1,-1,1,-1,1,1,-1,-1,1,1,1,-1,1,-1,-1,1,1,1,-1,1,-1,-1,1,1,1,-1,1,-1,-1,1,1,-1,1,-1,-1,1,1,1,-1,1,1,-1,1,1,1,-1,1,1,1,1,1,1,1,-1,1,-1,-1,-1,1,-1,1,-1,-1,1,1,1,1,1,1,-1,-1,1,1,1,-1,-1,1,-1,1,1,-1,1,1,-1,-1,1,1,1,1,-1,1,-1,1,1,1,-1,1,-1,-1,1,-1,1,-1,1,-1,-1,1,1,1,-1,-1,1,-1,1,1,-1,1,1,-1,1,-1,1,1,-1,-1,-1,-1,-1,1,1,-1,1,-1,1,-1,1,1,-1,-1,-1,-1,-1,1,1,-1,1,-1,-1,-1,1,1,-1,-1,1,-1,-1,-1,1,-1,1,-1,-1,1,1,1,-1,-1,1,-1,-1,-1,1,1,-1,1,-1,1,-1,1,1,-1,1,-1,1,-1,1,1,1,1,-1,-1,-1,1,-1,-1,-1,-1,-1,-1,1,-1,1,-1,-1,-1,1,-1,1,-1,-1,-1,-1,-1,1,-1,-1,-1,1,-1,1,-1,-1,1,1,-1,1,-1,1,-1,1,1,-1,1,-1,1,-1,1,1,-1,1,1,-1,-1,-1,1,-1,1,-1,1,-1,-1,1,-1,1,-1,1,-1,-1,1,-1,-1,1,-1,-1,-1,1,-1,1,1,-1,1,-1,1,1,1,-1,1,-1,1,-1,1,1,-1,1,-1,-1,-1,-1,1,-1,1,-1,1,-1,1,1,1,-1,1,-1,1,1,1,-1,1,-1,1,1,-1,1,-1,-1,1,1,1,1,1,-1,-1,1,1,1,1,1,1,-1,-1,1,1,1,1,1,-1,1,1,-1,-1,1,1,-1,1,1,1,1,1,1,-1,-1,1,1,-1,1,1,1,-1,1,1,-1,1,1,-1,-1,1,-2634.0,1,2000,445,500,True
3000,1,1,-1,-1,1,1,-1,1,1,1,1,-1,1,1,1,1,-1,1,-1,-1,-1,1,1,1,1,1,-1,-1,1,1,1,1,-1,-1,-1,1,-1,1,1,1,-1,-1,1,1,1,1,1,1,-1,-1,1,1,-1,1,-1,-1,1,-1,1,1,1,-1,-1,-1,1,1,1,1,1,-1,1,-1,1,1,1,1,-1,1,-1,1,1,-1,1,-1,-1,1,1,1,1,1,1,1,-1,1,1,1,-1,-1,-1,-1,1,1,1,1,-1,-1,-1,1,1,1,1,-1,-1,-1,1,1,1,1,1,-1,-1,1,1,1,1,-1,-1,-1,1,1,1,1,-1,-1,-1,-1,1,1,1,-1,-1,-1,-1,1,1,1,1,-1,-1,-1,1,1,1,-1,1,-1,-1,-1,1,1,-1,1,-1,-1,1,-1,1,-1,1,-1,-1,-1,1,1,-1,-1,-1,1,-1,1,-1,1,1,-1,-1,-1,1,-1,-1,-1,-1,-1,-1,1,-1,-1,1,-1,-1,-1,1,-1,-1,1,-1,-1,1,1,1,-1,1,-1,1,1,-1,-1,-1,1,-1,1,-1,1,1,-1,1,1,-1,-1,1,1,-1,1,1,-1,1,-1,1,-1,1,-1,-1,-1,1,-1,-1,1,1,-1,-1,-1,1,-1,1,-1,-1,-1,1,-1,-1,1,-1,1,-1,1,1,1,1,1,-1,-1,1,-1,1,1,1,-1,-1,1,-1,1,1,1,1,-1,1,1,-1,1,1,1,-1,-1,1,-1,1,1,-1,-1,-1,1,1,1,1,-1,-1,1,-1,1,1,1,1,-1,-1,1,1,1,1,1,-1,1,-1,1,1,-1,1,1,-1,-1,1,1,1,1,-1,-1,1,1,1,1,-1,-1,-1,-1,1,1,1,-1,-1,-1,1,-1,1,1,1,-1,1,1,1,1,1,-1,-1,-1,-1,-1,1,1,1,-1,-1,-1,-1,-1,1,1,-1,-1,-1,-1,-1,1,1,1,1,-1,-1,-1,1,-1,-1,-1,1,-1,1,-1,1,1,-1,1,-1,1,-1,1,-1,1,-1,1,-1,-1,1,-1,-1,1,-1,1,-1,1,-1,1,1,-1,-1,1,-1,1,1,-1,-1,-1,1,-1,1,1,-1,-1,-1,-1,-1,1,1,1,-1,1,-1,-1,1,1,1,-1,-1,-1,1,-1,-1,1,1,1,-1,1,-1,1,1,-1,-1,-1,1,1,1,1,1,1,-1,-1,1,1,1,-1,-1,-1,-1,1,1,1,1,1,-1,1,-1,1,1,1,-1,1,-1,1,1,-1,1,1,-1,1,1,-1,1,1,-1,-1,1,1,1,-1,1,1,-1,1,1,-1,1,1,1,-1,1,1,-1,1,-1,-1,-1,1,1,-1,1,1,1,1,-1,1,1,1,-1,-1,1,-1,1,-1,1,-1,1,-1,1,1,1,-1,-1,1,-1,-1,1,-1,1,1,1,1,-1,1,1,-1,1,1,-1,-1,1,1,-1,1,1,1,1,1,1,-1,1,1,1,-1,1,1,1,-1,1,1,-1,1,-1,1,-1,-1,1,-1,-1,1,-1,-1,1,-1,-1,-1,1,1,-1,-1,1,-1,-1,1,1,-1,-1,1,-1,-1,-1,-1,-1,-1,1,-1,-1,-1,-1,-1,-1,1,-1,-1,1,1,1,1,1,-1,1,1,1,-1,-1,1,-1,-1,-1,1,-1,-1,1,1,-1,1,1,1,-1,1,1,-1,-1,1,-1,-1,1,1,-1,-1,1,-1,1,1,-1,-1,1,1,-1,1,1,-1,-1,1,-1,1,1,1,1,-1,1,1,-1,-1,1,1,-1,1,1,1,-1,1,1,-1,-1,1,1,1,1,1,-1,1,1,-1,-1,1,1,-1,-1,1,1,-1,1,1,-1,-1,1,-1,-1,1,1,-1,-1,-1,1,-1,1,1,-1,-1,1,1,-1,1,1,1,-1,-1,1,-1,1,-1,1,-1,-1,1,-1,1,-1,1,-1,1,1,-1,1,1,-1,-1,1,1,-1,1,-1,1,1,-1,1,-1,1,1,-1,-1,1,-1,-1,1,1,1,-1,1,1,-1,-1,1,-1,1,-1,1,-1,-1,1,1,-1,1,-1,-1,1,-1,-1,1,-1,1,-1,-1,-1,1,-1,1,-1,-1,-1,1,1,-1,1,-1,-1,-1,1,1,1,1,-1,-1,-1,1,1,1,1,-1,-1,-1,1,1,1,-1,-1,-1,1,1,1,1,-1,1,-1,1,1,1,-1,-1,-1,1,1,1,1,1,-1,-1,-1,-1,-1,1,-1,-1,-1,-1,1,1,1,1,-1,-1,-1,-1,1,1,1,-1,-1,1,-1,1,1,-1,-1,-1,-1,-1,1,1,1,1,-1,1,-1,1,1,1,-1,-1,-1,-1,1,-1,1,-1,1,-1,-1,1,1,1,-1,-1,1,-1,1,1,1,-1,-1,-1,1,-1,1,-1,-1,1,-1,-1,-1,1,-1,-1,1,-1,1,-1,1,-1,-1,-1,-1,-1,-1,1,-1,1,1,-1,-1,-1,1,1,-1,-1,1,-1,-1,1,1,-1,1,-1,-1,1,-1,-1,1,-1,1,-1,1,-1,1,-1,1,1,-1,-1,1,1,-1,-1,1,-1,1,-1,1,-1,1,1,-1,-1,-1,1,-1,-1,-1,-1,-1,1,-1,-1,1,-1,-1,-1,1,-1,1,1,1,-1,1,1,-1,-1,1,-1,1,-1,1,-1,-1,1,1,-1,1,-1,1,-1,1,1,-1,1,1,1,-1,1,1,-1,1,1,1,-1,-1,1,-1,1,-1,1,-1,-1,1,1,1,-1,1,1,-1,1,-1,-1,1,-1,1,-1,1,-1,1,1,-1,1,-1,1,1,1,-1,1,-1,1,1,1,1,-1,1,1,-1,1,-1,1,-1,1,-1,1,1,-1,1,1,1,-1,-1,1,1,1,-1,1,1,1,1,1,-1,-1,1,-1,1,1,1,1,-1,1,-1,1,1,1,1,-1,1,1,1,1,1,1,-1,1,-1,1,1,1,1,-1,1,1,-1,1,1,1,-1,1,1,-1,1,1,1,1,-1,1,1,1,-1,1,-1,1,1,1,-2634.0,1,2000,445,500,True
3001,-1,-1,1,1,1,1,-1,1,-1,-1,-1,1,-1,1,-1,-1,1,-1,1,-1,-1,1,-1,-1,-1,1,-1,-1,-1,-1,-1,-1,1,-1,-1,1,1,-1,-1,1,-1,-1,1,-1,-1,-1,1,1,-1,-1,-1,-1,-1,1,-1,-1,-1,1,-1,-1,1,1,-1,1,-1,-1,-1,1,1,-1,1,-1,-1,-1,1,1,-1,1,-1,-1,-1,1,1,-1,-1,-1,-1,1,1,1,1,-1,-1,-1,1,1,-1,-1,-1,1,-1,1,1,1,-1,-1,-1,-1,1,1,1,-1,-1,-1,-1,1,1,1,1,-1,-1,-1,-1,1,1,-1,-1,-1,-1,1,1,1,-1,-1,-1,1,1,1,1,-1,-1,-1,1,-1,1,1,1,-1,-1,-1,-1,1,1,-1,1,-1,1,1,1,1,-1,-1,-1,-1,1,-1,1,-1,1,-1,1,-1,1,1,-1,-1,-1,-1,1,1,-1,1,1,-1,1,-1,1,-1,-1,-1,-1,1,-1,1,-1,-1,1,-1,1,-1,1,-1,-1,1,-1,1,1,1,1,-1,1,-1,1,-1,1,-1,-1,1,-1,1,-1,1,1,-1,1,1,-1,1,-1,1,-1,1,1,1,-1,1,1,-1,1,-1,1,-1,1,-1,-1,1,1,1,-1,-1,1,-1,1,-1,-1,-1,1,-1,-1,1,-1,1,-1,1,1,-1,1,1,-1,-1,1,1,-1,1,1,-1,-1,1,-1,-1,1,1,1,-1,-1,1,-1,1,1,1,-1,1,1,-1,1,1,-1,-1,-1,1,1,1,1,-1,-1,-1,1,-1,1,1,1,-1,1,1,1,1,1,1,-1,1,1,1,1,-1,1,-1,-1,1,1,1,1,1,-1,-1,1,1,1,1,-1,-1,1,1,-1,1,1,-1,-1,-1,1,1,1,1,1,-1,-1,1,-1,1,1,-1,-1,-1,-1,1,1,1,1,-1,-1,-1,1,-1,1,1,-1,-1,1,1,-1,1,1,1,-1,-1,1,-1,1,1,-1,-1,-1,1,1,-1,1,1,-1,1,-1,1,-1,1,-1,1,-1,1,-1,-1,1,1,-1,-1,1,1,1,1,1,1,-1,1,-1,1,1,1,-1,1,1,-1,1,1,1,-1,-1,1,-1,-1,1,1,-1,1,1,1,-1,1,-1,1,1,-1,-1,-1,1,-1,1,1,-1,1,-1,-1,1,-1,1,-1,-1,-1,-1,-1,1,1,-1,1,-1,1,-1,1,1,1,-1,-1,-1,-1,1,1,1,1,-1,-1,1,1,1,1,-1,1,-1,-1,1,-1,1,1,-1,-1,-1,-1,1,1,-1,-1,-1,1,1,1,-1,1,-1,-1,1,-1,1,-1,1,-1,-1,1,-1,1,-1,-1,-1,-1,1,-1,1,-1,1,-1,-1,1,1,1,-1,-1,1,-1,-1,-1,1,-1,1,-1,-1,1,1,-1,-1,1,-1,1,-1,-1,1,-1,1,1,1,-1,1,-1,1,1,-1,1,-1,1,-1,1,1,1,-1,1,1,-1,1,1,1,1,1,1,1,-1,1,1,-1,1,-1,1,1,-1,1,-1,-1,1,-1,-1,1,-1,-1,-1,1,1,-1,1,1,-1,-1,1,1,-1,-1,1,-1,-1,-1,-1,-1,1,1,-1,-1,-1,-1,-1,1,1,-1,-1,1,1,1,-1,1,-1,-1,1,1,-1,1,1,-1,-1,-1,1,-1,-1,1,1,-1,1,1,1,1,1,1,-1,-1,1,-1,1,1,1,-1,-1,1,-1,1,1,-1,-1,1,1,-1,1,1,-1,1,1,-1,1,1,1,1,-1,1,1,-1,1,1,1,-1,1,1,1,1,1,1,-1,-1,1,1,1,1,1,-1,1,1,-1,1,1,1,-1,-1,1,1,1,-1,1,-1,-1,1,1,1,1,1,-1,-1,-1,1,1,1,1,-1,-1,1,1,1,1,-1,1,-1,-1,1,1,-1,-1,1,-1,-1,1,1,1,-1,1,-1,1,-1,1,-1,-1,-1,-1,1,-1,1,1,-1,1,-1,1,-1,1,-1,1,1,-1,1,1,1,1,-1,1,-1,1,1,1,1,-1,-1,-1,1,-1,1,1,-1,1,1,1,1,1,1,1,1,-1,1,1,1,1,-1,1,-1,1,1,1,1,-1,1,-1,-1,1,1,1,-1,1,1,-1,1,1,1,-1,1,1,-1,1,1,-1,1,1,-1,1,-1,1,-1,1,1,-1,1,1,1,1,1,1,-1,1,1,1,-1,1,1,1,-1,1,1,-1,1,1,-1,1,-1,1,-1,1,1,1,1,1,-1,1,1,1,1,-1,-1,1,-1,1,1,-1,1,1,1,-1,1,1,1,1,-1,-1,-1,1,-1,1,-1,-1,-1,-1,-1,1,1,-1,1,1,-1,1,-1,1,-1,-1,1,-1,1,1,-1,-1,-1,-1,1,1,1,1,-1,-1,-1,-1,-1,1,1,-1,1,-1,1,-1,1,1,-1,-1,-1,-1,1,-1,1,-1,1,-1,-1,-1,-1,1,-1,-1,-1,-1,-1,-1,1,-1,1,-1,-1,-1,1,1,-1,-1,-1,-1,-1,-1,1,1,1,-1,-1,-1,-1,1,1,-1,-1,-1,1,-1,1,1,1,1,-1,-1,-1,1,-1,-1,-1,-1,-1,-1,1,-1,1,-1,-1,-1,1,-1,1,1,-1,-1,-1,-1,1,-1,1,-1,1,-1,1,-1,-1,1,1,-1,1,-1,1,-1,1,1,-1,1,-1,1,-1,1,1,-1,1,1,-1,-1,-1,1,-1,1,-1,1,-1,-1,1,1,1,-1,1,-1,-1,1,-1,-1,1,-1,-1,-1,1,-1,1,1,-1,1,-1,1,1,1,-1,1,-1,1,1,1,1,-1,1,-1,-1,1,-1,1,-1,1,-1,1,1,-1,1,1,-1,1,-1,1,1,1,-1,1,-1,1,1,1,1,-1,-1,1,1,1,1,1,-1,-1,1,1,1,1,1,1,-1,-1,1,1,1,1,1,-1,1,1,1,1,1,1,-1,1,1,1,1,1,1,-1,-1,1,1,1,1,1,1,-1,1,1,-1,1,1,-1,1,1,-2634.0,1,2000,445,500,True
3002,1,1,-1,-1,1,1,-1,1,1,1,1,-1,-1,1,1,1,-1,1,-1,-1,-1,1,1,1,1,1,-1,-1,1,1,1,1,-1,-1,-1,1,-1,1,1,1,-1,-1,1,1,1,1,1,1,-1,1,1,1,-1,1,-1,-1,1,-1,1,1,1,-1,-1,1,1,1,1,1,1,-1,1,-1,1,1,1,1,-1,1,-1,1,1,-1,1,-1,-1,1,1,1,1,-1,1,1,-1,1,1,1,1,-1,-1,1,1,1,1,1,1,-1,-1,1,1,1,1,-1,-1,-1,1,1,1,1,1,-1,-1,1,1,1,1,-1,-1,-1,1,1,1,1,1,-1,-1,1,1,1,1,1,-1,-1,1,1,1,1,1,-1,-1,-1,1,1,1,1,1,-1,-1,1,1,1,1,1,-1,1,1,-1,1,1,1,-1,-1,-1,1,1,1,-1,-1,1,1,1,1,-1,1,-1,1,-1,1,1,1,-1,-1,1,-1,1,1,1,1,-1,1,-1,1,-1,1,1,-1,1,1,1,1,1,1,-1,1,-1,1,-1,1,1,-1,1,-1,1,1,1,1,1,-1,-1,-1,1,1,1,-1,-1,1,-1,1,1,1,-1,1,-1,1,-1,1,1,1,1,-1,-1,1,1,1,-1,-1,-1,1,-1,1,1,-1,1,-1,1,1,-1,1,1,-1,-1,1,1,-1,1,1,-1,-1,1,1,-1,1,1,1,-1,-1,1,1,1,1,1,-1,1,1,1,1,-1,-1,-1,-1,1,-1,1,1,-1,-1,1,1,-1,1,1,1,-1,1,1,1,1,1,1,-1,1,1,-1,1,-1,1,-1,-1,1,-1,1,1,1,-1,-1,1,1,1,1,-1,-1,1,-1,-1,1,1,-1,-1,1,-1,1,1,1,1,-1,1,1,-1,1,1,-1,-1,1,-1,1,1,1,-1,-1,1,-1,1,-1,1,-1,-1,-1,1,1,-1,1,1,-1,1,-1,1,-1,1,1,1,1,-1,1,1,-1,1,-1,1,1,-1,1,-1,1,-1,-1,1,1,-1,-1,1,1,1,-1,1,1,-1,1,-1,1,-1,1,-1,1,-1,-1,1,1,1,-1,1,1,-1,1,-1,1,-1,-1,-1,1,1,1,1,1,-1,1,-1,1,1,1,-1,-1,1,-1,-1,1,-1,1,-1,1,-1,1,1,-1,-1,-1,-1,1,-1,1,-1,1,-1,1,1,1,1,1,-1,-1,-1,1,1,1,1,1,-1,-1,1,-1,1,1,-1,1,-1,1,1,-1,1,1,-1,-1,1,1,1,1,-1,-1,1,1,-1,1,-1,1,-1,1,1,-1,1,-1,1,-1,1,1,-1,1,-1,-1,-1,-1,1,-1,1,1,1,1,-1,1,1,1,-1,-1,1,-1,1,-1,1,-1,1,-1,1,1,1,-1,-1,1,-1,-1,1,-1,1,-1,1,1,-1,1,1,-1,1,1,-1,-1,1,1,-1,1,1,1,1,1,1,-1,1,1,1,-1,1,1,1,-1,1,1,-1,1,-1,1,-1,-1,1,-1,-1,1,-1,-1,1,-1,-1,-1,1,1,-1,1,1,-1,-1,1,1,-1,-1,1,-1,-1,-1,-1,-1,-1,1,-1,-1,-1,-1,-1,-1,1,-1,-1,1,1,1,1,1,-1,1,1,1,-1,-1,1,-1,-1,-1,1,-1,-1,1,1,-1,1,1,1,-1,1,1,-1,-1,1,-1,-1,1,1,-1,-1,1,-1,1,1,-1,-1,1,1,-1,1,1,-1,1,1,-1,1,1,1,1,-1,1,1,-1,-1,1,-1,1,1,1,1,-1,1,1,-1,-1,1,1,1,1,1,-1,1,1,-1,-1,1,1,-1,-1,1,1,-1,1,1,-1,-1,1,-1,-1,1,1,-1,-1,-1,1,-1,1,1,-1,-1,1,1,-1,1,1,1,-1,-1,1,-1,-1,-1,1,-1,-1,1,-1,1,-1,1,-1,1,1,-1,-1,1,-1,-1,1,1,-1,1,-1,1,-1,1,1,-1,-1,1,1,-1,1,-1,-1,-1,-1,1,-1,1,1,-1,-1,-1,1,-1,-1,1,-1,-1,1,1,1,-1,-1,-1,-1,-1,-1,1,-1,1,-1,-1,-1,1,-1,1,-1,-1,-1,1,1,1,-1,-1,-1,-1,-1,1,1,-1,-1,-1,-1,1,1,1,1,-1,-1,-1,1,1,1,-1,-1,-1,1,1,1,1,-1,1,-1,1,1,1,1,-1,-1,1,-1,1,1,1,-1,-1,-1,-1,-1,1,1,-1,-1,-1,-1,1,1,-1,-1,-1,-1,1,1,1,-1,1,-1,1,-1,1,1,1,-1,-1,-1,-1,1,1,1,1,-1,1,-1,1,-1,1,-1,-1,-1,-1,-1,1,-1,1,-1,-1,-1,1,-1,1,-1,-1,1,-1,1,1,-1,1,-1,-1,1,1,1,1,-1,-1,-1,-1,-1,1,-1,1,1,-1,1,-1,-1,-1,1,-1,-1,-1,1,-1,-1,1,1,-1,-1,-1,-1,-1,-1,-1,1,-1,-1,-1,-1,-1,1,-1,-1,-1,-1,-1,1,-1,1,-1,-1,-1,-1,-1,1,1,-1,-1,-1,-1,1,-1,1,-1,1,-1,-1,1,1,1,-1,-1,-1,-1,-1,1,-1,-1,-1,-1,1,-1,1,-1,-1,-1,1,-1,1,1,-1,-1,-1,-1,1,-1,1,-1,1,-1,1,-1,-1,1,1,-1,1,-1,1,-1,1,1,-1,1,-1,1,-1,1,1,-1,-1,1,-1,-1,-1,1,-1,1,-1,1,-1,-1,1,-1,1,-1,1,-1,-1,1,-1,1,-1,1,-1,-1,1,-1,-1,-1,-1,1,-1,1,1,-1,1,1,-1,1,1,-1,-1,1,1,-1,-1,1,-1,-1,1,1,-1,1,1,-1,-1,-1,-1,1,-1,-1,-1,-1,1,-1,-1,1,1,-1,1,1,-1,1,1,1,-1,-1,1,-1,1,1,1,-1,-1,1,-1,-1,1,1,-1,-1,1,-1,1,1,1,-1,-1,1,-1,1,1,1,1,-1,1,-1,-1,1,1,1,-1,-1,1,-1,1,1,1,-1,1,-1,-1,1,-2634.0,1,2000,445,500,True
3003,-1,-1,1,1,1,1,-1,1,-1,-1,-1,1,-1,1,-1,-1,1,-1,1,-1,-1,1,-1,-1,-1,1,-1,-1,1,-1,-1,-1,1,-1,-1,1,1,-1,-1,1,-1,-1,1,-1,-1,-1,1,1,-1,-1,1,-1,1,1,-1,-1,-1,1,-1,-1,1,1,-1,1,-1,-1,-1,1,1,-1,1,-1,-1,-1,1,1,-1,1,-1,-1,-1,-1,1,-1,-1,-1,-1,1,1,1,1,-1,-1,-1,-1,1,-1,-1,-1,1,-1,-1,1,1,-1,-1,-1,-1,1,1,1,-1,-1,1,-1,-1,1,1,1,-1,-1,-1,-1,1,1,-1,-1,-1,1,-1,1,1,-1,-1,-1,-1,-1,1,1,-1,-1,-1,-1,-1,-1,1,1,-1,-1,-1,-1,1,1,-1,1,-1,1,-1,-1,1,-1,1,-1,-1,1,-1,1,-1,1,-1,1,-1,1,1,-1,-1,-1,-1,-1,1,-1,1,1,-1,-1,-1,1,-1,-1,-1,-1,1,-1,1,-1,-1,1,1,-1,-1,1,-1,-1,1,-1,1,1,1,1,-1,1,-1,1,1,-1,-1,-1,1,1,1,-1,1,1,-1,1,1,-1,-1,1,1,-1,1,1,1,-1,1,1,-1,1,1,1,-1,1,-1,-1,1,1,1,-1,-1,1,-1,1,-1,-1,-1,1,-1,-1,1,1,1,-1,1,1,-1,1,-1,-1,-1,1,1,-1,1,-1,-1,-1,1,-1,-1,1,-1,1,-1,1,1,-1,1,-1,1,-1,-1,1,-1,1,1,-1,-1,-1,1,1,1,-1,-1,-1,1,1,-1,1,1,1,-1,-1,1,1,1,-1,-1,-1,1,1,1,-1,1,-1,-1,-1,1,1,1,-1,1,-1,-1,-1,1,1,-1,-1,-1,1,1,-1,1,-1,-1,-1,-1,1,1,1,-1,1,-1,1,1,-1,1,-1,-1,-1,-1,-1,1,1,-1,-1,-1,-1,-1,1,-1,-1,1,-1,-1,1,1,-1,-1,-1,1,1,1,1,-1,-1,1,1,-1,-1,1,1,-1,-1,1,-1,-1,-1,1,-1,-1,-1,1,-1,1,-1,1,-1,-1,-1,-1,1,1,-1,-1,1,1,-1,1,1,-1,1,1,1,-1,1,1,-1,1,1,-1,1,1,-1,-1,-1,-1,1,-1,-1,1,-1,-1,1,-1,-1,1,-1,-1,1,1,-1,1,-1,-1,-1,-1,1,-1,-1,1,1,-1,1,1,-1,1,-1,1,-1,-1,1,-1,-1,-1,1,1,-1,1,-1,-1,1,1,-1,-1,1,-1,1,-1,1,1,-1,1,-1,-1,1,1,-1,-1,1,-1,-1,-1,-1,1,1,1,-1,-1,1,1,-1,1,-1,1,-1,1,1,-1,1,-1,-1,-1,-1,1,-1,1,-1,1,-1,1,1,-1,1,-1,-1,1,-1,1,-1,1,1,-1,1,-1,1,-1,1,1,-1,-1,-1,1,-1,1,-1,-1,1,-1,1,-1,1,1,-1,-1,-1,1,-1,1,1,1,-1,1,1,1,-1,1,1,-1,1,1,-1,1,-1,-1,1,-1,1,1,-1,1,-1,-1,-1,-1,1,-1,-1,1,-1,-1,1,-1,-1,-1,1,-1,-1,1,1,-1,-1,1,-1,-1,-1,1,-1,-1,-1,-1,-1,1,1,-1,-1,-1,-1,-1,1,1,-1,-1,1,1,-1,-1,1,-1,-1,-1,1,-1,1,1,-1,-1,-1,-1,-1,-1,1,1,-1,1,-1,1,1,1,-1,1,1,1,-1,1,1,1,-1,1,-1,1,1,1,-1,1,1,1,-1,1,1,-1,-1,1,-1,1,-1,1,-1,1,1,1,1,1,1,1,1,1,1,-1,1,1,1,1,1,1,1,1,1,-1,1,1,1,1,1,1,1,1,1,1,1,1,1,-1,1,1,1,1,1,1,1,-1,1,-1,1,1,1,1,1,1,1,1,1,1,-1,1,1,1,-1,1,-1,-1,1,1,1,-1,1,1,-1,1,1,-1,1,1,1,1,1,1,1,-1,1,1,-1,1,1,-1,-1,1,1,-1,1,1,1,-1,1,1,-1,1,1,1,-1,1,1,-1,1,-1,1,-1,1,1,1,1,1,1,-1,1,1,-1,1,-1,-1,-1,1,1,1,1,-1,-1,-1,1,1,-1,1,1,-1,1,1,1,1,1,1,1,-1,1,1,-1,1,1,1,-1,1,1,1,1,1,-1,-1,1,-1,1,1,-1,-1,1,1,1,1,1,-1,-1,-1,1,1,1,1,-1,1,-1,1,1,-1,1,-1,-1,-1,1,-1,1,1,1,1,1,1,1,1,1,1,-1,1,-1,1,-1,1,-1,1,1,1,1,1,1,1,-1,1,-1,1,1,1,1,-1,1,-1,-1,1,-1,1,-1,1,1,-1,1,1,1,1,1,1,-1,1,1,1,1,1,-1,1,-1,1,-1,1,1,-1,-1,-1,1,-1,1,1,-1,1,-1,1,-1,1,1,-1,-1,-1,1,-1,1,1,-1,1,-1,1,1,1,1,-1,-1,-1,-1,1,1,1,-1,-1,1,-1,-1,1,-1,-1,-1,-1,-1,1,1,1,-1,-1,-1,1,-1,1,1,-1,-1,1,-1,1,1,1,1,-1,-1,-1,1,-1,1,-1,-1,-1,-1,1,-1,1,-1,-1,-1,1,1,1,1,-1,-1,-1,-1,1,1,1,-1,1,-1,-1,1,1,1,1,-1,1,-1,1,1,1,1,-1,1,-1,1,-1,1,1,-1,1,1,-1,1,1,1,-1,1,-1,1,1,-1,1,1,1,-1,1,1,-1,1,-1,-1,1,-1,-1,1,1,-1,1,1,-1,-1,1,1,1,1,-1,1,1,1,1,1,1,-1,1,1,1,1,1,1,-1,-1,1,1,1,-1,1,1,-1,-1,-1,1,1,1,-1,-1,1,1,1,1,1,-1,-1,-1,1,1,1,1,-1,-1,1,1,1,1,1,1,-1,1,1,1,1,1,1,-1,1,1,1,1,1,1,-1,1,-1,1,1,1,1,-1,-1,1,1,1,1,1,1,-1,1,1,-1,1,1,-1,1,1,-2634.0,1,2000,445,500,True
3004,-1,-1,1,1,-1,1,-1,1,-1,-1,-1,1,-1,1,-1,-1,1,-1,1,-1,-1,-1,-1,-1,-1,1,-1,-1,-1,-1,-1,-1,-1,-1,-1,-1,1,-1,-1,1,-1,-1,-1,-1,-1,-1,1,1,-1,1,-1,-1,1,1,-1,-1,-1,1,-1,-1,1,-1,-1,1,-1,-1,-1,1,1,-1,-1,1,-1,-1,-1,1,-1,-1,1,-1,-1,1,1,-1,1,-1,-1,-1,1,1,1,-1,-1,-1,-1,1,-1,-1,1,1,-1,-1,1,1,-1,1,-1,-1,-1,1,1,-1,1,1,-1,-1,1,1,1,1,-1,-1,-1,-1,1,-1,1,-1,1,-1,1,1,-1,1,-1,1,-1,1,1,-1,1,-1,1,-1,-1,1,1,1,1,-1,-1,-1,1,-1,-1,1,-1,1,-1,1,-1,1,1,1,-1,-1,1,-1,-1,1,-1,-1,1,1,-1,1,-1,1,-1,1,-1,1,-1,1,-1,-1,1,-1,-1,1,1,1,-1,1,-1,-1,-1,1,1,-1,-1,1,-1,-1,1,1,-1,1,1,-1,-1,1,1,-1,1,1,-1,-1,-1,1,1,-1,-1,-1,-1,-1,1,1,-1,1,-1,-1,1,1,1,-1,1,-1,-1,1,-1,1,-1,1,-1,-1,-1,1,1,-1,-1,-1,-1,1,1,1,-1,-1,-1,-1,1,-1,1,-1,1,-1,1,-1,1,1,-1,-1,1,-1,1,1,1,1,-1,1,-1,-1,1,1,1,-1,1,1,-1,1,1,1,-1,-1,1,-1,1,1,1,-1,1,1,-1,1,1,1,-1,1,1,1,-1,1,1,-1,1,1,-1,-1,1,1,-1,1,1,1,-1,1,1,-1,1,1,-1,-1,1,1,1,1,1,-1,1,1,1,-1,1,1,-1,1,1,1,-1,1,1,-1,1,-1,1,1,1,1,-1,1,1,1,-1,-1,1,-1,1,1,1,-1,-1,-1,-1,1,1,1,-1,-1,-1,-1,1,1,1,-1,-1,-1,-1,-1,-1,1,-1,-1,1,-1,1,1,1,1,-1,1,-1,-1,-1,1,-1,1,-1,-1,1,-1,-1,-1,-1,1,-1,1,-1,1,-1,-1,-1,1,-1,1,1,-1,-1,-1,1,-1,1,1,-1,-1,-1,-1,-1,-1,1,1,1,1,-1,-1,1,1,1,-1,-1,-1,1,-1,-1,1,1,1,-1,1,-1,1,1,-1,-1,-1,1,1,-1,1,1,1,-1,-1,1,-1,1,-1,-1,-1,-1,1,-1,-1,1,1,-1,-1,1,-1,1,1,-1,1,-1,1,-1,-1,1,1,-1,-1,1,-1,1,1,-1,-1,1,1,-1,1,1,1,-1,1,-1,-1,1,1,1,-1,1,-1,-1,1,-1,-1,-1,1,-1,-1,1,1,1,-1,1,-1,-1,1,-1,-1,1,-1,1,-1,1,-1,1,-1,1,1,-1,-1,-1,1,-1,1,-1,-1,1,1,1,1,1,1,-1,-1,1,1,-1,1,1,-1,-1,1,1,1,-1,1,1,-1,1,1,1,1,-1,1,1,-1,-1,-1,1,-1,-1,1,-1,1,-1,1,-1,1,-1,-1,-1,1,1,-1,1,1,-1,1,-1,1,-1,1,1,-1,1,-1,1,-1,-1,-1,-1,1,-1,1,-1,-1,-1,-1,1,-1,1,-1,1,1,1,1,-1,1,-1,1,1,-1,1,-1,1,-1,-1,1,-1,1,-1,-1,1,1,1,1,1,-1,1,1,1,1,-1,1,-1,-1,1,1,1,-1,-1,-1,1,1,1,1,-1,-1,-1,1,-1,1,-1,1,1,-1,-1,1,1,1,-1,1,-1,-1,1,1,1,1,1,1,-1,1,1,1,1,-1,1,-1,1,-1,1,-1,1,1,-1,1,1,1,1,1,1,-1,1,-1,1,1,1,1,-1,1,1,-1,1,1,1,-1,1,1,1,1,1,1,-1,1,1,-1,-1,1,-1,-1,-1,1,1,-1,1,-1,-1,1,-1,1,1,1,-1,-1,1,-1,1,-1,1,1,-1,-1,1,-1,-1,1,-1,-1,1,-1,1,1,1,1,1,-1,-1,1,-1,1,1,-1,1,-1,1,-1,1,1,-1,-1,-1,-1,-1,1,-1,1,-1,1,-1,-1,1,1,-1,-1,1,-1,-1,1,1,-1,-1,-1,1,-1,1,1,-1,-1,-1,1,-1,1,1,1,-1,1,1,-1,1,1,-1,-1,1,-1,-1,1,1,-1,-1,1,-1,1,1,1,-1,-1,-1,-1,-1,-1,1,-1,-1,1,1,-1,1,1,1,-1,1,-1,-1,1,1,-1,-1,1,-1,1,1,1,-1,-1,1,-1,1,1,1,1,-1,-1,1,1,1,1,1,1,-1,-1,1,-1,1,1,-1,-1,1,1,1,1,1,-1,-1,1,1,-1,1,-1,1,-1,1,1,-1,1,-1,-1,1,1,1,1,1,1,-1,-1,1,1,-1,-1,-1,-1,-1,1,1,-1,1,-1,-1,-1,1,1,-1,-1,1,-1,-1,1,1,-1,1,1,-1,-1,1,1,1,-1,-1,1,-1,-1,1,-1,-1,1,-1,-1,1,-1,-1,-1,-1,1,-1,-1,1,1,-1,-1,1,-1,1,1,-1,-1,-1,1,-1,1,1,1,-1,-1,1,1,-1,1,-1,-1,1,-1,1,-1,1,-1,-1,1,1,-1,1,1,-1,-1,1,1,1,-1,1,-1,1,-1,1,-1,-1,1,1,-1,-1,1,1,-1,1,1,-1,-1,1,1,-1,1,1,-1,1,1,1,-1,-1,1,-1,1,-1,1,-1,-1,1,1,-1,1,1,1,-1,1,-1,-1,1,-1,1,-1,1,-1,1,1,-1,1,-1,1,1,1,-1,1,-1,1,1,1,1,-1,1,1,-1,1,-1,1,-1,1,-1,1,1,-1,1,-1,1,-1,-1,1,1,1,-1,1,1,1,1,1,1,-1,1,-1,1,1,1,1,-1,1,-1,1,1,1,1,-1,1,1,1,1,1,1,-1,1,-1,1,1,1,1,-1,1,-1,-1,1,1,1,-1,1,1,-1,1,1,1,-1,1,-1,1,1,-1,1,1,-1,1,1,-2634.0,1,2000,445,500,True
3005,1,1,-1,-1,1,1,-1,1,1,1,1,-1,1,1,1,1,-1,1,-1,-1,-1,1,1,1,1,-1,-1,-1,1,1,1,1,-1,-1,-1,1,-1,1,1,1,-1,-1,1,1,1,1,1,-1,1,-1,1,1,-1,1,-1,-1,1,-1,1,1,1,-1,-1,-1,1,1,1,1,-1,-1,1,-1,1,1,1,-1,-1,1,-1,1,1,-1,-1,-1,-1,1,1,1,-1,-1,1,1,-1,1,1,-1,-1,-1,-1,1,1,1,-1,-1,-1,-1,-1,1,1,-1,-1,1,-1,-1,1,1,-1,-1,1,-1,-1,1,1,1,-1,-1,-1,-1,-1,1,1,-1,-1,-1,-1,1,1,1,-1,-1,-1,-1,-1,1,1,-1,1,-1,-1,1,1,1,-1,-1,1,-1,-1,1,1,-1,1,-1,-1,1,1,1,-1,-1,1,-1,1,1,-1,-1,-1,-1,-1,1,1,-1,-1,1,1,-1,1,1,-1,-1,-1,-1,-1,-1,1,1,-1,-1,1,-1,1,1,-1,1,-1,1,-1,-1,1,1,-1,-1,1,-1,1,-1,1,1,-1,1,-1,1,1,-1,-1,-1,1,1,-1,1,-1,-1,-1,1,1,-1,1,-1,-1,-1,1,-1,-1,1,-1,1,-1,1,1,-1,1,-1,1,-1,1,-1,1,1,-1,1,-1,1,-1,-1,1,-1,1,-1,1,1,1,1,1,1,-1,1,1,1,-1,1,-1,-1,1,1,1,1,1,-1,-1,1,1,1,1,1,-1,-1,1,1,-1,1,-1,1,1,1,1,-1,-1,1,1,-1,1,1,1,-1,1,1,1,1,1,1,-1,1,1,1,1,-1,1,-1,-1,1,1,1,1,1,-1,-1,1,1,1,1,-1,-1,1,1,-1,1,1,-1,-1,1,-1,1,1,1,1,-1,1,1,-1,1,1,-1,-1,1,-1,1,1,1,-1,-1,1,-1,1,-1,1,-1,-1,-1,1,1,-1,1,1,-1,1,-1,1,-1,1,1,1,1,-1,1,1,-1,1,-1,1,1,-1,1,-1,1,-1,-1,1,1,-1,-1,1,1,1,-1,1,1,-1,1,-1,1,-1,1,-1,1,-1,-1,1,1,1,-1,1,1,-1,1,-1,1,-1,-1,1,1,1,1,1,1,-1,1,-1,1,1,1,-1,-1,1,-1,-1,1,-1,1,-1,1,-1,1,1,-1,-1,-1,1,1,-1,1,-1,1,-1,-1,1,1,1,1,-1,-1,-1,1,1,1,1,1,-1,-1,1,-1,1,1,-1,1,-1,1,1,-1,1,1,-1,1,1,1,1,1,-1,-1,1,1,-1,1,-1,1,-1,1,1,-1,1,-1,1,-1,1,1,-1,1,-1,-1,-1,1,1,-1,1,1,1,-1,-1,1,1,1,-1,-1,1,-1,1,-1,1,1,1,-1,1,1,1,-1,-1,1,-1,-1,1,-1,1,-1,1,1,-1,1,1,-1,1,1,-1,-1,1,1,-1,1,1,1,1,1,1,-1,1,1,1,-1,1,1,1,-1,1,1,-1,1,-1,1,-1,-1,1,-1,-1,1,-1,-1,1,-1,-1,-1,1,1,-1,-1,1,-1,-1,1,1,-1,-1,1,-1,-1,-1,-1,-1,-1,1,-1,-1,-1,-1,-1,-1,1,-1,-1,1,1,1,1,1,-1,-1,1,1,-1,-1,1,-1,-1,-1,1,-1,-1,1,1,-1,1,1,1,-1,1,1,-1,-1,1,-1,-1,1,1,-1,-1,1,-1,1,1,-1,-1,1,1,-1,1,1,-1,-1,1,-1,1,1,1,1,-1,1,1,-1,-1,1,1,-1,1,1,1,-1,1,1,-1,-1,1,1,1,1,1,-1,1,1,-1,-1,1,1,-1,-1,1,1,-1,1,1,-1,-1,1,1,-1,1,1,-1,-1,-1,1,-1,1,1,-1,-1,1,1,-1,-1,1,1,-1,-1,1,-1,1,-1,1,-1,-1,1,-1,1,-1,1,-1,1,1,-1,1,1,-1,-1,1,1,-1,-1,-1,1,-1,-1,1,-1,-1,1,1,-1,1,1,-1,-1,1,1,-1,1,1,-1,-1,1,-1,-1,-1,1,-1,-1,-1,1,1,-1,-1,-1,-1,1,1,1,-1,1,-1,-1,-1,1,-1,1,-1,-1,-1,1,1,1,-1,1,-1,-1,1,1,1,-1,-1,-1,-1,-1,-1,1,-1,-1,-1,-1,-1,1,1,-1,-1,-1,1,-1,1,1,-1,1,-1,-1,-1,1,1,-1,-1,1,-1,-1,1,1,-1,-1,-1,-1,1,-1,1,-1,-1,-1,-1,-1,1,1,-1,-1,-1,-1,-1,1,-1,1,-1,1,-1,1,-1,1,-1,-1,-1,-1,-1,-1,1,1,-1,1,-1,-1,-1,1,-1,-1,-1,-1,-1,-1,-1,1,-1,-1,-1,-1,-1,1,-1,-1,1,-1,-1,1,-1,1,1,-1,-1,1,1,1,-1,1,1,-1,-1,1,-1,1,1,-1,1,-1,-1,-1,1,-1,-1,1,1,-1,-1,1,1,-1,1,1,-1,-1,-1,-1,1,1,1,-1,-1,-1,1,1,1,1,-1,-1,1,-1,1,1,1,-1,-1,-1,1,-1,1,1,-1,-1,1,-1,1,1,-1,1,-1,1,1,1,1,1,-1,-1,-1,1,1,1,1,-1,1,-1,1,1,1,1,1,-1,1,1,1,1,-1,-1,1,-1,1,1,-1,1,1,-1,-1,1,1,1,-1,1,1,-1,1,1,1,1,-1,1,-1,1,1,1,1,1,-1,-1,-1,1,1,1,-1,1,-1,-1,1,1,1,-1,1,-1,-1,1,1,-1,1,-1,-1,-1,1,1,1,1,-1,1,-1,1,1,1,-1,1,-1,1,1,1,1,-1,1,-1,-1,1,1,1,-1,1,-1,1,1,-1,1,1,-1,1,-1,1,1,1,-1,1,-1,1,1,1,1,-1,-1,1,1,1,1,1,-1,-1,1,1,1,1,1,1,-1,-1,1,1,1,1,1,-1,1,1,1,1,1,1,-1,1,1,1,1,1,1,-1,-1,1,1,1,1,1,1,-1,1,1,-1,1,1,-1,-1,1,-2634.0,1,2000,445,500,True
3006,-1,-1,1,1,1,1,-1,1,-1,-1,-1,1,-1,-1,-1,-1,1,-1,1,-1,-1,1,-1,-1,-1,1,-1,-1,-1,-1,-1,-1,1,-1,-1,1,1,-1,-1,1,-1,-1,1,-1,-1,-1,1,1,-1,-1,1,-1,1,1,-1,1,-1,1,-1,-1,1,1,-1,1,-1,-1,-1,1,1,-1,1,-1,-1,-1,1,1,1,1,-1,-1,-1,-1,1,-1,-1,-1,-1,1,1,1,1,-1,1,-1,-1,1,-1,1,-1,1,-1,-1,1,1,-1,-1,-1,-1,-1,1,1,1,-1,1,-1,-1,1,1,1,-1,-1,1,-1,1,1,1,-1,-1,1,-1,1,1,-1,-1,1,-1,-1,1,1,-1,-1,-1,1,-1,-1,1,1,-1,-1,1,-1,1,1,1,1,-1,1,1,-1,1,-1,-1,-1,1,-1,-1,1,-1,-1,1,-1,-1,1,1,-1,-1,1,1,1,1,-1,1,1,1,-1,-1,1,-1,-1,-1,1,1,-1,1,-1,-1,-1,1,1,-1,1,-1,-1,-1,-1,1,-1,1,1,-1,-1,1,1,-1,1,-1,-1,-1,1,1,-1,1,1,-1,-1,-1,1,1,-1,1,-1,-1,1,1,-1,1,1,-1,-1,1,1,-1,1,-1,-1,-1,1,1,-1,-1,1,-1,-1,1,-1,1,1,-1,-1,-1,1,1,-1,1,1,-1,1,-1,-1,-1,1,1,-1,-1,-1,1,-1,1,-1,-1,1,-1,1,-1,1,1,-1,1,-1,1,-1,1,1,-1,1,-1,-1,-1,-1,1,1,1,-1,-1,-1,1,1,-1,1,1,-1,1,-1,1,1,1,-1,-1,-1,1,1,1,-1,1,-1,-1,-1,1,1,1,-1,-1,-1,-1,1,1,1,-1,-1,-1,1,1,-1,1,-1,-1,-1,-1,1,1,1,-1,1,-1,1,1,-1,1,-1,-1,-1,-1,-1,1,1,-1,-1,-1,-1,-1,1,-1,-1,-1,-1,-1,1,1,-1,-1,-1,1,1,-1,1,-1,-1,1,1,-1,-1,1,1,-1,-1,1,-1,1,-1,1,-1,-1,-1,1,-1,1,-1,-1,-1,-1,-1,-1,1,1,-1,-1,1,1,-1,1,-1,1,-1,1,1,1,1,-1,-1,-1,1,1,-1,1,-1,-1,-1,1,1,1,1,1,-1,-1,1,1,1,-1,-1,-1,-1,1,-1,1,-1,1,-1,-1,1,1,1,-1,-1,-1,1,1,1,1,-1,1,-1,-1,1,1,1,1,-1,-1,-1,1,1,1,1,1,-1,-1,-1,1,1,1,-1,1,-1,1,1,-1,1,1,-1,-1,1,-1,1,1,-1,-1,1,1,1,1,-1,1,-1,1,1,-1,1,-1,1,-1,1,1,-1,1,-1,-1,-1,1,-1,-1,1,-1,1,-1,1,-1,1,1,-1,-1,1,-1,1,-1,1,1,1,-1,1,1,1,-1,1,1,-1,1,-1,-1,1,1,1,1,1,1,-1,-1,1,1,-1,1,1,-1,1,1,1,1,-1,1,1,-1,1,1,1,1,1,1,1,-1,1,1,-1,1,-1,1,-1,-1,1,1,-1,1,-1,-1,1,-1,1,-1,1,1,-1,1,1,1,-1,1,1,-1,-1,1,1,-1,-1,-1,-1,1,1,1,-1,-1,-1,-1,1,1,1,-1,1,1,1,-1,1,1,-1,1,1,-1,1,1,1,-1,-1,1,-1,-1,1,1,-1,1,1,1,1,1,1,1,1,1,-1,1,1,-1,1,1,1,-1,1,1,-1,1,1,1,-1,1,1,1,-1,1,-1,1,-1,1,-1,1,1,1,-1,1,1,1,1,1,1,1,1,1,-1,1,1,1,1,-1,1,-1,1,-1,1,-1,1,-1,1,1,1,1,1,1,1,-1,1,1,1,1,1,-1,-1,1,1,-1,1,1,-1,-1,1,1,1,1,1,1,-1,1,1,1,-1,1,-1,-1,1,1,1,-1,1,-1,-1,1,1,1,1,1,-1,-1,1,1,1,-1,1,1,-1,1,1,-1,-1,1,-1,-1,1,1,1,1,1,1,-1,1,1,1,-1,1,-1,-1,1,1,1,-1,1,1,-1,1,1,1,-1,1,-1,1,1,1,-1,-1,1,1,-1,1,-1,1,-1,1,1,-1,-1,1,1,-1,1,1,-1,1,1,1,-1,1,1,1,1,1,1,-1,1,1,1,1,1,-1,-1,1,1,1,1,-1,-1,1,1,1,1,1,-1,-1,-1,1,1,1,1,-1,1,-1,1,1,1,-1,1,-1,-1,1,-1,1,1,1,-1,-1,1,1,1,1,1,-1,1,-1,1,1,1,-1,-1,1,1,1,1,1,1,-1,-1,-1,1,1,1,1,-1,1,-1,-1,-1,-1,1,-1,1,1,-1,1,1,1,-1,-1,1,-1,1,1,1,-1,1,-1,1,1,1,-1,-1,-1,-1,-1,-1,1,-1,-1,1,-1,1,-1,1,-1,-1,1,-1,-1,-1,1,-1,1,1,-1,1,-1,1,1,-1,-1,-1,-1,-1,-1,1,-1,1,-1,-1,-1,-1,-1,1,-1,1,-1,-1,-1,1,-1,1,-1,-1,-1,-1,1,1,-1,-1,-1,1,-1,1,-1,1,1,-1,-1,-1,1,-1,-1,-1,-1,-1,-1,1,-1,1,-1,-1,-1,1,-1,1,-1,-1,-1,-1,-1,1,-1,1,-1,1,-1,1,-1,-1,1,1,-1,1,-1,1,-1,1,1,-1,1,-1,1,-1,1,1,-1,1,1,-1,-1,-1,1,-1,1,-1,1,-1,-1,1,-1,1,-1,1,-1,-1,1,-1,-1,1,-1,-1,-1,1,-1,1,1,-1,1,-1,1,1,1,-1,1,-1,1,-1,1,1,-1,1,-1,-1,-1,-1,1,-1,1,-1,1,-1,1,1,1,-1,1,-1,1,1,1,-1,1,-1,1,1,-1,1,-1,-1,1,1,1,1,1,-1,-1,1,1,1,1,1,1,-1,-1,-1,1,1,1,1,-1,1,1,-1,-1,1,1,-1,1,1,1,1,1,1,-1,-1,1,1,-1,1,1,1,-1,1,1,-1,1,1,-1,-1,1,-2634.0,1,2000,445,500,True
3007,1,1,-1,-1,1,1,-1,1,1,1,1,-1,-1,1,1,1,-1,1,-1,-1,-1,1,1,1,1,-1,-1,-1,1,1,1,1,-1,-1,-1,1,-1,1,1,1,-1,-1,1,1,1,1,-1,-1,1,-1,1,1,1,1,-1,-1,1,-1,1,1,1,-1,-1,-1,1,1,1,-1,-1,-1,1,-1,1,1,-1,-1,-1,1,-1,1,1,-1,-1,-1,-1,1,1,-1,-1,-1,1,1,-1,1,-1,-1,-1,-1,-1,-1,1,-1,-1,-1,-1,-1,-1,1,-1,-1,-1,1,-1,-1,1,1,-1,-1,1,-1,-1,1,1,-1,-1,-1,-1,-1,1,-1,-1,-1,-1,-1,-1,-1,-1,-1,-1,-1,-1,-1,-1,1,-1,-1,1,-1,-1,-1,1,-1,-1,-1,1,-1,-1,-1,-1,-1,-1,1,-1,-1,-1,-1,1,-1,1,-1,-1,-1,-1,-1,-1,-1,-1,1,-1,-1,-1,1,1,-1,-1,-1,-1,-1,-1,-1,-1,-1,-1,-1,1,-1,1,-1,-1,-1,-1,1,-1,1,-1,-1,-1,-1,-1,1,1,-1,1,1,-1,-1,1,1,-1,1,-1,1,-1,-1,1,1,-1,-1,-1,-1,1,1,-1,-1,1,1,-1,-1,1,-1,-1,-1,1,1,-1,1,1,-1,-1,-1,1,-1,1,-1,-1,-1,1,1,-1,1,-1,1,-1,1,-1,-1,1,1,-1,-1,1,-1,-1,1,1,-1,-1,1,-1,-1,1,1,1,-1,1,-1,-1,1,1,1,-1,1,1,-1,1,-1,-1,-1,-1,1,-1,1,1,-1,-1,1,1,-1,1,1,1,-1,-1,1,-1,1,1,1,-1,1,1,-1,1,-1,1,-1,-1,1,-1,1,1,1,-1,-1,-1,1,1,1,-1,-1,1,1,-1,1,1,-1,-1,-1,1,-1,1,1,1,-1,1,1,-1,1,1,-1,-1,-1,-1,1,1,1,1,-1,-1,-1,1,-1,1,1,-1,-1,1,1,-1,1,1,1,1,1,1,-1,1,-1,1,-1,-1,1,1,-1,1,1,-1,-1,-1,1,-1,1,-1,1,-1,1,-1,-1,1,-1,-1,-1,1,1,-1,1,1,1,-1,1,-1,1,-1,1,1,-1,1,-1,1,-1,1,-1,1,1,-1,-1,-1,-1,1,1,1,1,-1,-1,1,-1,-1,1,-1,-1,1,1,-1,1,-1,1,-1,-1,1,-1,-1,1,-1,-1,1,1,-1,1,-1,1,-1,-1,1,-1,1,-1,-1,-1,-1,1,-1,-1,1,1,-1,-1,-1,-1,1,1,-1,1,-1,1,-1,1,-1,1,-1,-1,1,-1,-1,-1,-1,-1,1,1,-1,1,-1,1,-1,1,-1,1,1,-1,1,-1,1,-1,-1,-1,-1,-1,-1,1,-1,1,-1,-1,1,-1,1,-1,-1,1,-1,-1,1,-1,1,-1,-1,1,1,-1,1,1,-1,-1,1,1,-1,1,-1,-1,1,-1,1,1,1,1,-1,-1,-1,1,-1,1,1,-1,-1,-1,1,1,-1,1,1,-1,1,1,1,1,1,-1,1,-1,1,1,-1,1,-1,1,-1,-1,1,-1,-1,1,-1,-1,1,-1,-1,-1,1,1,-1,-1,1,-1,-1,1,1,-1,-1,1,-1,-1,-1,-1,-1,-1,1,-1,-1,-1,-1,-1,-1,1,-1,-1,1,1,1,1,1,-1,1,1,1,-1,-1,1,-1,-1,-1,1,-1,-1,1,1,-1,1,1,1,-1,1,1,-1,-1,1,-1,-1,1,1,-1,-1,1,-1,1,1,-1,-1,1,1,-1,1,1,-1,1,1,-1,1,1,1,1,-1,1,1,-1,-1,1,-1,1,1,1,1,-1,1,1,-1,-1,1,1,1,1,1,-1,1,1,-1,-1,1,1,-1,-1,1,1,-1,1,1,-1,-1,1,1,-1,1,1,1,-1,-1,1,-1,1,1,-1,-1,1,1,-1,1,1,1,-1,1,-1,-1,1,-1,1,-1,1,-1,-1,1,-1,1,-1,1,1,-1,1,1,-1,-1,1,-1,-1,1,-1,1,1,-1,-1,-1,1,1,1,-1,1,-1,-1,1,1,1,-1,1,-1,-1,-1,1,-1,-1,1,-1,-1,-1,1,1,-1,1,-1,-1,1,-1,-1,1,-1,-1,-1,-1,1,1,-1,1,-1,-1,-1,1,1,-1,1,-1,-1,-1,1,1,1,1,-1,-1,-1,1,1,1,1,-1,-1,1,1,1,1,-1,-1,-1,1,1,1,-1,-1,1,-1,1,1,1,-1,-1,-1,1,1,1,1,-1,1,-1,-1,1,-1,1,1,-1,-1,1,1,1,1,1,1,1,1,1,1,1,1,-1,1,-1,1,-1,1,-1,1,1,-1,1,1,1,1,-1,1,1,1,1,1,1,-1,1,1,1,1,-1,1,-1,1,-1,1,1,1,1,1,1,1,1,1,1,1,1,1,1,1,1,1,-1,1,1,1,1,-1,1,-1,1,1,1,1,-1,1,-1,1,1,1,1,-1,1,-1,1,1,1,1,1,-1,1,1,1,1,1,1,-1,1,1,1,1,1,-1,-1,-1,1,-1,1,1,1,-1,1,1,1,-1,1,1,-1,-1,1,1,1,1,1,-1,1,1,1,1,1,1,-1,1,-1,1,1,1,1,-1,1,-1,1,1,1,-1,1,1,-1,1,1,1,1,-1,1,-1,1,1,-1,1,-1,1,1,-1,1,1,-1,1,1,-1,1,1,1,1,-1,1,-1,1,1,1,1,1,-1,-1,-1,1,1,-1,1,1,-1,1,1,1,-1,1,1,-1,1,1,1,1,1,-1,-1,1,1,1,1,1,-1,-1,1,1,1,-1,1,1,1,-1,1,1,1,1,1,-1,1,1,1,1,-1,-1,1,1,1,-1,1,1,-1,1,1,1,1,1,1,-1,1,-1,1,1,1,1,-1,1,1,1,1,1,1,-1,1,1,1,1,1,1,-1,1,-1,1,1,1,1,-1,1,1,1,1,-1,1,-1,1,1,1,1,1,1,-1,-1,1,1,-1,1,1,-1,-1,1,1,-1,1,1,1,-1,1,-2634.0,1,2000,445,500,True
3008,-1,-1,1,1,1,1,-1,1,-1,-1,-1,1,-1,1,-1,-1,1,-1,1,-1,-1,1,-1,-1,-1,1,-1,-1,-1,-1,-1,-1,1,-1,-1,1,1,-1,-1,1,-1,-1,1,-1,-1,-1,-1,1,-1,-1,-1,-1,1,1,-1,-1,-1,1,-1,-1,-1,1,-1,1,-1,-1,-1,-1,1,-1,1,-1,-1,-1,1,1,-1,1,-1,-1,-1,-1,1,-1,-1,-1,-1,1,1,1,1,-1,-1,-1,-1,1,-1,-1,-1,1,-1,-1,1,1,-1,-1,-1,-1,-1,1,1,-1,-1,-1,-1,-1,1,1,1,-1,-1,-1,-1,1,1,-1,-1,-1,1,-1,1,1,-1,-1,-1,1,-1,1,1,-1,-1,-1,1,-1,-1,1,1,-1,-1,-1,-1,1,1,-1,1,-1,1,1,-1,1,-1,-1,-1,-1,-1,-1,1,-1,1,-1,-1,-1,1,1,-1,-1,-1,1,-1,1,-1,1,1,-1,-1,-1,1,-1,-1,-1,-1,1,-1,1,-1,-1,1,-1,1,-1,1,-1,-1,1,-1,1,-1,1,1,-1,1,-1,1,1,-1,-1,-1,1,-1,1,-1,1,1,-1,1,1,-1,-1,1,1,-1,1,1,-1,1,-1,1,-1,1,-1,1,-1,1,-1,-1,1,1,1,-1,-1,1,-1,1,-1,-1,-1,1,-1,-1,1,-1,1,-1,1,1,-1,1,1,-1,-1,1,-1,1,1,1,-1,-1,1,-1,1,1,1,1,-1,1,1,-1,1,1,1,-1,-1,1,-1,1,1,-1,-1,-1,1,1,1,1,-1,-1,1,1,-1,1,1,1,-1,-1,1,1,1,1,1,-1,1,1,1,1,-1,1,-1,-1,-1,1,1,1,1,-1,-1,1,1,1,1,-1,-1,-1,1,-1,1,1,-1,-1,-1,-1,1,1,1,1,-1,-1,1,-1,1,1,-1,-1,-1,-1,1,1,1,1,-1,-1,-1,1,-1,1,1,-1,-1,-1,1,-1,1,1,1,-1,1,1,-1,1,-1,1,-1,-1,1,1,-1,1,1,-1,-1,-1,1,-1,1,-1,1,-1,1,-1,-1,1,-1,-1,-1,1,1,-1,1,1,1,-1,1,-1,1,-1,1,-1,-1,1,-1,1,-1,1,-1,1,1,-1,-1,-1,-1,1,1,1,1,-1,-1,1,-1,-1,1,-1,-1,1,1,-1,1,-1,1,-1,-1,1,-1,-1,1,-1,-1,1,1,-1,1,-1,1,-1,-1,1,-1,-1,-1,-1,-1,-1,1,-1,-1,1,1,-1,-1,-1,-1,1,-1,-1,1,-1,1,-1,-1,1,1,-1,-1,1,-1,-1,-1,-1,-1,1,1,-1,-1,1,1,-1,1,-1,1,-1,1,1,-1,1,-1,-1,1,-1,-1,-1,1,-1,1,-1,1,1,-1,1,-1,-1,1,-1,-1,1,-1,1,-1,1,-1,1,-1,1,1,-1,1,-1,1,-1,1,-1,-1,1,-1,1,1,1,1,-1,-1,1,1,-1,1,1,-1,-1,1,1,1,-1,1,1,-1,1,1,1,1,-1,-1,1,-1,1,1,-1,1,-1,1,-1,-1,1,-1,-1,1,-1,-1,1,-1,-1,-1,1,1,-1,1,1,-1,-1,1,1,-1,-1,1,-1,-1,-1,-1,-1,1,1,-1,-1,-1,-1,-1,1,1,-1,-1,1,1,1,-1,1,-1,1,1,1,-1,1,1,-1,-1,-1,1,-1,-1,1,1,-1,1,1,1,1,1,1,-1,-1,1,-1,1,1,1,-1,-1,1,-1,1,1,-1,-1,1,1,-1,1,1,-1,-1,1,-1,1,1,1,1,-1,1,1,-1,1,1,1,-1,1,1,1,1,1,1,-1,-1,1,1,1,1,1,-1,1,1,-1,1,1,1,-1,-1,1,1,1,-1,1,-1,-1,1,1,1,1,1,-1,-1,-1,1,1,1,1,-1,-1,1,1,1,1,-1,1,-1,1,-1,1,-1,-1,1,-1,1,-1,1,1,-1,1,-1,1,1,1,-1,1,-1,-1,1,-1,1,1,-1,1,1,-1,-1,1,-1,1,1,-1,1,-1,1,1,-1,1,-1,1,-1,1,1,-1,1,-1,1,-1,1,1,1,1,-1,1,-1,1,-1,-1,-1,1,-1,-1,1,1,-1,1,-1,1,-1,1,1,1,1,-1,1,-1,1,1,-1,1,1,1,-1,1,1,1,1,1,1,-1,1,1,1,1,1,-1,-1,1,1,1,1,-1,-1,1,1,1,1,1,-1,-1,-1,-1,1,1,1,-1,1,-1,1,1,-1,1,-1,-1,-1,1,-1,1,1,1,1,1,1,1,1,1,1,-1,1,-1,1,-1,1,-1,1,1,1,1,1,1,1,-1,1,-1,1,1,1,1,-1,1,-1,-1,1,-1,1,1,1,1,-1,1,1,1,1,1,1,-1,1,1,1,1,1,-1,1,-1,1,-1,1,1,1,-1,-1,1,1,1,1,-1,1,-1,1,-1,1,1,-1,-1,-1,1,1,1,1,1,1,-1,1,1,1,1,-1,-1,-1,-1,1,1,1,-1,-1,1,1,1,1,-1,1,-1,-1,-1,1,1,1,-1,-1,1,-1,1,1,1,-1,-1,1,-1,1,1,1,1,-1,-1,-1,1,1,-1,-1,-1,-1,-1,1,-1,1,-1,-1,-1,1,1,1,1,-1,-1,1,1,-1,1,1,-1,1,-1,1,1,1,-1,1,-1,1,1,1,1,-1,1,-1,1,-1,1,-1,1,1,-1,1,1,-1,-1,-1,1,-1,1,-1,1,1,-1,1,1,1,-1,1,1,-1,1,-1,-1,1,-1,-1,1,1,-1,1,1,-1,-1,1,1,1,1,-1,1,1,1,1,1,1,-1,1,1,-1,1,1,1,-1,-1,1,1,1,-1,1,1,-1,-1,-1,1,1,1,-1,-1,1,1,1,1,1,-1,-1,-1,1,1,1,1,-1,-1,1,1,1,1,1,1,-1,1,1,1,1,1,1,-1,1,1,1,1,1,-1,-1,1,-1,1,1,1,1,-1,-1,1,1,1,1,-1,1,-1,1,1,-1,1,1,-1,-1,1,-2634.0,1,2000,445,500,True
3009,-1,-1,1,1,1,1,-1,1,-1,-1,-1,1,-1,-1,-1,-1,1,-1,1,-1,-1,1,-1,-1,-1,1,-1,-1,1,-1,-1,-1,1,-1,-1,1,1,-1,-1,1,-1,-1,1,-1,-1,-1,-1,1,-1,-1,1,-1,1,1,-1,1,-1,1,-1,-1,1,1,-1,1,-1,-1,-1,-1,1,-1,1,-1,-1,-1,1,1,1,1,-1,-1,-1,-1,1,-1,-1,-1,-1,1,1,1,1,-1,-1,-1,-1,1,-1,1,-1,1,-1,-1,1,1,-1,-1,-1,-1,-1,1,1,1,-1,1,-1,-1,1,1,1,-1,-1,-1,-1,1,1,1,-1,-1,1,-1,1,1,-1,-1,-1,-1,-1,1,1,-1,-1,-1,-1,-1,-1,1,1,-1,-1,-1,-1,1,1,1,1,-1,1,-1,-1,1,-1,-1,-1,-1,1,-1,1,-1,1,-1,1,-1,1,1,-1,-1,-1,-1,-1,1,-1,1,1,-1,-1,-1,1,-1,-1,-1,-1,1,-1,1,-1,-1,-1,1,-1,-1,1,-1,-1,1,-1,1,1,1,1,-1,1,-1,1,1,-1,-1,-1,1,1,1,-1,1,1,-1,1,1,-1,-1,1,1,-1,1,1,1,-1,1,1,-1,1,1,1,-1,1,-1,-1,1,1,1,-1,-1,1,-1,1,1,-1,-1,1,-1,-1,1,1,1,-1,1,1,-1,1,-1,-1,-1,1,1,-1,1,-1,-1,-1,1,-1,-1,1,-1,1,-1,1,1,-1,1,-1,1,-1,-1,1,-1,1,1,-1,-1,-1,1,1,1,-1,-1,-1,1,1,-1,1,1,1,-1,-1,1,1,1,-1,-1,-1,1,1,1,1,1,-1,-1,-1,1,1,1,-1,1,-1,-1,1,1,1,-1,-1,-1,1,1,-1,1,-1,-1,-1,-1,1,1,1,-1,1,-1,1,1,-1,1,-1,-1,-1,-1,-1,1,1,-1,-1,-1,-1,-1,1,-1,-1,-1,-1,-1,1,1,-1,-1,-1,1,1,-1,1,-1,-1,1,1,-1,-1,1,1,-1,-1,1,-1,1,-1,1,-1,-1,-1,1,-1,1,-1,1,-1,-1,-1,-1,1,1,-1,-1,1,1,-1,1,1,-1,-1,1,1,1,1,1,-1,-1,1,1,-1,1,-1,-1,-1,1,1,1,1,1,-1,-1,1,1,1,1,-1,-1,-1,1,-1,1,-1,-1,-1,1,-1,1,1,-1,1,1,1,-1,1,1,-1,1,-1,1,-1,1,1,1,1,1,1,-1,1,1,1,1,-1,1,1,1,1,1,1,-1,1,-1,1,-1,1,1,-1,1,1,-1,1,1,-1,-1,1,-1,1,1,-1,-1,-1,1,1,-1,1,-1,-1,1,-1,1,-1,1,-1,-1,1,-1,1,-1,1,-1,-1,-1,-1,1,1,1,-1,-1,-1,1,-1,-1,1,1,-1,-1,1,-1,-1,-1,-1,-1,1,-1,1,-1,1,-1,-1,1,-1,1,-1,-1,1,-1,1,-1,1,1,-1,1,-1,-1,1,1,1,-1,1,-1,1,-1,1,1,1,-1,1,1,-1,1,-1,-1,1,-1,1,-1,-1,1,-1,1,1,-1,-1,-1,1,1,1,1,1,-1,-1,1,-1,1,-1,1,-1,-1,-1,1,1,1,1,-1,-1,-1,-1,1,1,1,-1,-1,1,1,1,-1,1,-1,-1,-1,1,1,1,1,-1,-1,-1,-1,1,-1,1,1,-1,1,-1,-1,1,1,-1,1,1,-1,1,1,1,1,-1,1,-1,1,1,1,-1,1,1,1,-1,1,1,-1,-1,1,1,-1,-1,1,-1,1,1,1,-1,1,1,1,1,1,1,1,1,1,1,1,1,1,-1,1,1,-1,1,1,1,1,1,1,1,1,1,-1,1,1,1,-1,1,1,1,-1,1,1,1,-1,1,-1,-1,1,1,1,1,1,1,-1,1,1,-1,1,1,1,1,1,-1,-1,1,1,-1,1,1,1,-1,1,1,1,1,1,1,1,1,1,-1,1,1,1,-1,1,1,-1,1,1,1,-1,1,1,-1,-1,1,1,-1,1,1,-1,1,1,1,-1,1,1,-1,1,1,1,1,1,1,-1,-1,1,1,-1,-1,1,-1,1,1,1,1,1,-1,1,-1,1,1,-1,1,1,1,-1,1,1,1,1,1,1,1,1,1,-1,1,1,1,-1,1,1,1,1,1,1,-1,1,-1,1,1,-1,1,1,1,1,1,1,-1,1,-1,1,1,1,1,-1,-1,-1,1,1,-1,1,-1,1,-1,1,-1,1,1,1,-1,-1,1,1,1,1,1,-1,-1,-1,1,-1,1,-1,1,1,1,1,1,1,1,1,1,-1,1,1,1,1,-1,-1,-1,-1,1,-1,1,-1,1,1,-1,1,1,1,-1,-1,1,-1,1,1,1,-1,1,-1,1,-1,1,-1,-1,1,1,-1,-1,1,-1,-1,1,-1,1,-1,1,-1,-1,1,-1,-1,-1,1,-1,1,1,1,1,-1,1,1,-1,-1,-1,-1,-1,-1,1,-1,1,-1,-1,1,-1,-1,1,-1,1,-1,-1,-1,1,-1,1,-1,-1,1,-1,1,-1,1,-1,-1,1,-1,1,1,1,1,-1,-1,-1,1,-1,-1,-1,-1,-1,-1,1,-1,1,-1,-1,-1,1,-1,1,1,-1,-1,-1,-1,1,-1,1,-1,1,-1,1,-1,-1,1,1,-1,1,-1,1,-1,1,1,-1,1,-1,1,-1,1,1,-1,1,1,-1,-1,-1,1,-1,1,-1,1,-1,-1,1,-1,1,-1,1,-1,-1,1,-1,-1,1,-1,-1,-1,1,-1,1,1,-1,1,-1,1,1,1,-1,1,-1,1,-1,1,1,-1,1,-1,-1,-1,-1,1,-1,1,-1,1,-1,1,1,1,-1,1,-1,1,1,1,-1,-1,-1,1,1,-1,1,-1,-1,1,1,1,1,1,-1,-1,1,1,1,1,1,1,-1,-1,1,1,1,1,1,-1,1,1,-1,-1,1,1,-1,1,1,1,1,1,1,-1,-1,1,1,-1,1,1,1,-1,1,1,-1,1,1,-1,-1,1,-2634.0,1,2000,445,500,True
3010,-1,-1,1,1,1,1,-1,1,-1,-1,-1,1,-1,1,-1,-1,1,-1,1,-1,-1,-1,-1,-1,-1,1,-1,-1,-1,-1,-1,-1,1,-1,-1,-1,1,-1,-1,1,-1,-1,-1,-1,-1,-1,1,1,-1,1,-1,-1,1,1,-1,-1,-1,1,-1,-1,1,1,-1,1,-1,-1,-1,1,1,-1,-1,1,-1,-1,1,1,-1,-1,1,-1,-1,1,1,-1,1,-1,-1,1,1,1,1,-1,-1,-1,1,1,-1,-1,1,1,-1,1,1,1,-1,1,-1,-1,1,1,1,-1,1,1,-1,1,1,1,1,1,-1,-1,-1,1,1,-1,1,-1,1,1,1,1,-1,1,-1,1,1,1,1,-1,1,-1,1,-1,1,1,1,1,1,-1,-1,1,1,-1,-1,1,-1,1,1,1,-1,1,1,1,-1,-1,1,-1,-1,1,-1,-1,1,1,-1,1,-1,1,1,1,-1,1,-1,1,1,-1,1,-1,-1,1,1,1,-1,1,-1,-1,-1,1,1,-1,1,-1,-1,-1,1,1,-1,1,1,-1,-1,1,1,-1,1,-1,-1,-1,1,1,-1,1,1,-1,-1,-1,1,1,-1,1,-1,-1,1,1,-1,1,1,-1,-1,1,1,-1,1,-1,-1,-1,-1,1,-1,-1,1,-1,-1,1,-1,-1,1,-1,-1,-1,1,1,-1,1,1,1,1,-1,-1,-1,1,-1,1,-1,1,1,-1,1,-1,1,-1,-1,1,-1,1,1,-1,1,-1,1,-1,-1,1,-1,1,-1,1,-1,-1,1,1,1,-1,-1,-1,1,-1,1,1,1,-1,1,-1,1,1,1,-1,-1,-1,1,-1,1,1,1,-1,-1,-1,-1,1,1,-1,1,-1,-1,1,1,1,-1,-1,-1,-1,-1,1,1,-1,-1,-1,-1,1,-1,1,-1,1,-1,-1,1,1,1,-1,-1,-1,-1,-1,-1,1,-1,-1,-1,-1,-1,-1,-1,-1,-1,-1,-1,-1,-1,-1,-1,-1,1,-1,-1,-1,-1,-1,1,1,-1,-1,-1,1,-1,-1,1,-1,1,-1,1,-1,-1,-1,1,-1,1,-1,-1,-1,-1,-1,-1,-1,-1,-1,-1,1,1,-1,-1,-1,1,-1,1,-1,1,-1,-1,-1,-1,1,-1,-1,-1,-1,-1,-1,1,-1,1,-1,1,-1,-1,1,-1,1,-1,-1,-1,-1,1,1,1,1,1,-1,-1,1,-1,1,-1,-1,-1,1,1,1,1,1,1,-1,-1,1,1,1,-1,-1,-1,-1,-1,1,1,1,1,-1,-1,1,1,1,1,-1,1,-1,1,1,-1,1,1,-1,-1,1,1,1,1,-1,-1,1,1,1,-1,1,1,-1,1,1,-1,1,1,1,-1,1,1,-1,1,-1,-1,-1,1,1,-1,1,1,1,-1,1,1,1,1,-1,-1,1,-1,1,-1,1,-1,1,-1,1,1,1,-1,-1,1,-1,1,1,-1,1,1,1,1,1,1,1,-1,1,1,-1,1,1,1,-1,1,1,1,-1,1,1,-1,1,1,1,1,-1,1,1,-1,-1,-1,1,-1,1,1,-1,1,-1,1,-1,1,-1,-1,-1,1,1,-1,1,1,-1,1,-1,1,-1,1,1,-1,1,-1,1,-1,-1,-1,-1,1,-1,1,-1,-1,-1,-1,1,-1,1,-1,1,1,1,1,-1,1,-1,1,1,-1,1,-1,1,-1,-1,1,-1,1,-1,-1,1,1,1,1,1,-1,1,1,1,1,-1,1,-1,-1,1,1,1,-1,-1,-1,1,1,1,1,-1,-1,-1,1,-1,1,-1,1,1,-1,-1,1,1,1,-1,1,-1,-1,1,1,1,1,1,1,-1,1,1,1,1,-1,1,-1,1,-1,1,-1,1,1,-1,1,1,1,1,1,1,-1,1,1,1,1,1,1,-1,1,1,-1,1,1,1,-1,1,1,1,1,1,1,-1,1,1,1,-1,1,-1,-1,1,1,1,-1,1,-1,-1,1,1,1,1,1,-1,-1,1,1,1,-1,1,1,-1,1,1,-1,-1,1,-1,-1,1,1,1,-1,1,1,-1,1,1,1,-1,1,1,-1,1,1,1,-1,1,1,-1,1,1,1,-1,1,-1,1,1,1,-1,-1,1,1,-1,1,-1,1,-1,1,1,-1,-1,1,1,-1,1,1,-1,1,1,1,-1,1,1,1,1,1,1,-1,1,-1,1,1,1,-1,1,1,1,1,1,-1,1,-1,1,1,1,1,-1,-1,-1,1,1,1,1,-1,-1,-1,1,-1,1,-1,1,-1,-1,1,-1,1,1,1,-1,-1,-1,1,1,1,1,-1,-1,1,-1,1,1,-1,-1,-1,1,-1,1,1,1,-1,-1,-1,-1,1,1,1,-1,-1,-1,-1,-1,-1,1,-1,1,1,-1,1,1,1,-1,-1,1,-1,1,1,1,-1,-1,-1,1,-1,1,-1,-1,-1,-1,-1,-1,1,1,1,1,-1,1,-1,1,1,-1,-1,-1,-1,-1,1,1,-1,1,-1,-1,-1,1,1,-1,-1,-1,-1,-1,1,1,-1,1,-1,-1,-1,1,1,-1,-1,1,-1,-1,-1,1,1,1,-1,-1,-1,1,1,1,-1,-1,-1,1,-1,1,1,1,1,-1,-1,-1,1,-1,-1,-1,-1,-1,1,1,-1,1,-1,-1,-1,1,-1,1,1,-1,-1,1,1,1,-1,1,-1,1,-1,1,-1,-1,1,1,-1,1,-1,1,-1,1,1,-1,1,1,1,-1,1,1,-1,1,1,-1,-1,-1,1,-1,1,-1,1,-1,-1,1,1,1,-1,1,1,-1,1,-1,-1,1,-1,-1,-1,1,-1,1,1,-1,1,-1,1,1,1,-1,1,-1,1,1,1,1,-1,1,1,-1,1,-1,1,-1,1,-1,1,1,-1,1,1,1,-1,-1,1,1,1,-1,1,1,1,1,1,-1,-1,1,-1,1,1,1,1,-1,1,-1,1,1,1,1,-1,1,1,1,1,1,1,-1,1,-1,1,1,1,1,-1,1,1,-1,1,1,1,-1,1,1,1,1,1,1,1,-1,1,1,1,-1,1,-1,1,1,1,-2634.0,1,2000,445,500,True
3011,-1,-1,1,1,1,1,-1,1,-1,-1,-1,1,-1,1,-1,-1,1,-1,1,-1,-1,1,-1,-1,-1,1,-1,-1,-1,-1,-1,-1,1,-1,-1,1,1,-1,-1,1,-1,-1,1,-1,-1,-1,1,1,-1,-1,1,-1,1,1,-1,-1,-1,1,-1,-1,1,1,-1,1,-1,-1,-1,1,1,-1,1,-1,-1,-1,1,1,-1,1,-1,-1,-1,-1,1,-1,-1,-1,-1,1,1,1,1,-1,-1,-1,1,1,-1,-1,-1,1,-1,1,1,1,-1,-1,-1,-1,1,1,1,-1,-1,1,-1,1,1,1,1,-1,-1,-1,-1,1,1,-1,-1,-1,1,1,1,1,-1,-1,-1,1,1,1,1,-1,-1,-1,1,-1,1,1,1,-1,-1,-1,-1,1,1,-1,1,-1,1,1,1,1,-1,-1,-1,-1,1,-1,1,-1,1,-1,1,-1,1,1,-1,-1,-1,-1,1,1,-1,1,1,-1,1,-1,1,-1,-1,-1,-1,1,-1,1,-1,-1,1,-1,1,-1,1,-1,-1,1,-1,1,1,1,1,-1,1,-1,1,-1,1,-1,-1,1,-1,1,-1,1,1,-1,1,1,-1,1,-1,1,-1,1,1,1,-1,1,1,-1,1,-1,1,-1,1,-1,-1,1,1,1,-1,-1,1,-1,1,-1,-1,-1,1,-1,-1,1,-1,1,-1,1,1,-1,1,1,-1,-1,1,1,-1,1,1,-1,-1,1,1,-1,1,1,1,-1,1,1,-1,1,1,1,-1,1,1,1,1,1,-1,-1,-1,1,-1,1,1,-1,-1,1,1,-1,1,1,1,-1,-1,1,1,1,1,1,-1,1,1,1,1,-1,1,-1,-1,1,-1,1,1,1,-1,-1,1,1,1,1,-1,-1,1,-1,-1,1,1,-1,-1,-1,1,1,1,1,1,-1,1,1,-1,1,1,-1,-1,-1,-1,1,1,1,1,-1,-1,-1,1,-1,1,1,-1,-1,1,1,-1,1,1,1,1,-1,1,-1,1,1,-1,-1,-1,1,1,-1,1,1,-1,1,-1,1,-1,1,-1,1,-1,1,-1,-1,1,1,-1,-1,1,1,-1,1,1,1,-1,1,-1,1,1,1,1,1,1,-1,1,1,1,1,-1,1,-1,-1,1,1,1,1,1,1,-1,1,-1,1,1,1,-1,-1,1,-1,-1,1,-1,1,-1,-1,1,1,1,-1,-1,-1,-1,-1,1,1,-1,1,-1,1,-1,1,1,1,-1,-1,-1,-1,1,1,1,1,-1,-1,1,1,1,1,-1,1,-1,-1,1,-1,1,1,-1,-1,-1,-1,1,1,-1,-1,-1,1,1,1,-1,1,-1,-1,1,-1,1,-1,1,-1,-1,1,-1,1,-1,-1,-1,-1,1,-1,1,1,1,-1,-1,1,1,1,-1,-1,1,-1,-1,-1,1,1,1,-1,1,-1,-1,-1,-1,1,-1,-1,1,-1,1,-1,1,1,1,-1,1,-1,1,1,-1,1,-1,1,-1,1,1,1,-1,1,1,-1,1,1,1,1,1,-1,1,-1,1,1,-1,1,-1,1,-1,-1,1,-1,-1,1,-1,-1,1,-1,-1,-1,1,1,-1,1,1,-1,-1,1,1,-1,-1,1,-1,-1,-1,-1,-1,1,1,-1,-1,-1,-1,-1,1,1,-1,-1,1,1,1,-1,1,-1,-1,1,1,-1,1,1,-1,-1,-1,1,-1,-1,1,1,-1,1,1,1,1,1,1,-1,-1,1,-1,1,1,1,-1,-1,1,-1,1,1,-1,-1,1,1,-1,1,1,-1,1,1,-1,1,-1,1,1,-1,1,1,-1,1,1,1,-1,1,1,1,1,1,1,-1,-1,1,1,1,1,1,-1,1,1,-1,1,1,1,-1,-1,1,1,1,-1,1,-1,-1,1,1,1,1,1,-1,-1,-1,1,1,1,1,-1,-1,1,1,1,1,-1,1,-1,-1,1,1,-1,-1,1,-1,1,1,1,1,-1,1,-1,1,1,1,-1,-1,-1,-1,1,-1,1,1,-1,1,-1,1,-1,1,-1,1,1,-1,1,1,1,1,-1,1,-1,1,1,1,1,-1,1,-1,1,-1,1,1,-1,1,1,1,1,1,-1,1,1,-1,1,1,1,1,-1,1,-1,1,1,1,1,-1,1,-1,-1,1,1,1,-1,1,1,-1,1,1,1,-1,1,1,-1,1,1,-1,1,1,-1,1,-1,1,-1,1,1,-1,1,1,1,1,1,1,-1,1,1,1,-1,1,1,1,-1,1,1,-1,1,1,-1,1,1,1,-1,1,1,1,1,1,1,1,1,1,1,-1,-1,1,-1,1,1,-1,1,-1,1,-1,1,1,1,1,-1,-1,-1,1,1,1,-1,-1,-1,-1,-1,-1,1,-1,1,1,-1,1,1,1,-1,-1,1,-1,1,1,1,-1,1,-1,1,1,1,-1,-1,1,-1,-1,-1,1,-1,-1,1,-1,1,-1,1,-1,-1,1,-1,-1,-1,1,-1,1,1,-1,-1,-1,1,1,-1,-1,-1,-1,-1,-1,1,-1,1,-1,-1,-1,-1,-1,1,-1,1,-1,-1,-1,1,-1,1,-1,-1,-1,-1,1,-1,1,-1,-1,1,-1,1,1,1,1,-1,-1,-1,1,-1,-1,-1,-1,-1,-1,1,-1,1,-1,-1,-1,1,-1,1,1,-1,-1,-1,-1,1,-1,1,-1,1,-1,1,-1,-1,1,1,-1,1,-1,1,-1,1,1,-1,1,-1,1,-1,1,1,-1,1,1,-1,-1,-1,1,-1,1,-1,1,-1,-1,1,1,1,-1,1,-1,-1,1,-1,-1,1,-1,-1,-1,1,-1,1,1,-1,1,-1,1,1,1,-1,1,-1,1,1,1,-1,1,1,-1,-1,1,1,1,-1,1,-1,1,1,-1,1,1,-1,1,-1,1,1,1,-1,1,-1,1,1,1,1,1,-1,1,1,1,1,1,1,-1,1,1,1,1,1,1,-1,1,1,1,1,1,1,-1,-1,1,1,1,1,1,-1,1,1,1,1,1,1,-1,-1,1,1,1,1,1,1,-1,1,1,-1,1,1,-1,-1,1,-2634.0,1,2000,445,500,True
3012,1,1,-1,-1,1,-1,-1,1,1,1,1,-1,1,1,1,1,-1,1,-1,-1,-1,1,1,1,1,-1,1,-1,1,1,1,1,1,-1,-1,1,-1,1,1,1,-1,-1,1,1,1,1,1,-1,1,-1,1,1,-1,1,-1,-1,1,-1,1,1,-1,-1,-1,-1,1,1,1,1,-1,-1,1,-1,1,1,1,-1,-1,1,-1,1,1,1,-1,-1,-1,1,1,1,-1,-1,1,1,-1,1,1,-1,-1,-1,-1,1,1,1,-1,-1,-1,-1,-1,1,1,-1,-1,1,-1,-1,1,1,1,-1,1,-1,-1,1,1,1,-1,-1,-1,-1,1,1,-1,-1,-1,-1,-1,1,1,1,-1,-1,-1,-1,-1,1,-1,-1,1,-1,-1,-1,1,1,-1,-1,1,-1,-1,1,1,-1,-1,1,-1,-1,1,-1,1,-1,1,-1,1,1,-1,-1,-1,-1,-1,1,1,-1,-1,1,1,-1,1,1,-1,-1,-1,-1,-1,-1,1,1,-1,-1,1,-1,-1,1,-1,1,-1,1,-1,-1,1,-1,-1,-1,1,-1,1,1,-1,1,-1,1,-1,1,1,1,1,-1,1,1,-1,1,-1,-1,-1,1,1,-1,1,1,-1,-1,1,-1,-1,1,-1,1,-1,1,1,-1,1,-1,-1,-1,1,-1,1,1,-1,-1,-1,1,-1,-1,1,-1,1,-1,1,1,-1,1,-1,1,1,1,1,1,1,-1,-1,1,1,1,1,1,1,-1,-1,1,1,1,1,-1,-1,-1,1,1,-1,1,-1,1,1,1,1,-1,-1,1,-1,-1,1,1,1,-1,-1,-1,1,1,1,1,-1,1,-1,1,1,-1,1,-1,-1,-1,1,1,1,1,-1,-1,1,1,1,1,-1,-1,-1,1,-1,1,1,-1,-1,-1,-1,1,1,1,1,-1,-1,1,-1,1,1,-1,-1,-1,-1,1,1,1,-1,-1,-1,-1,1,-1,1,-1,-1,-1,-1,1,-1,1,1,-1,-1,1,1,-1,1,-1,1,-1,-1,1,1,-1,1,-1,-1,-1,-1,1,-1,1,-1,-1,1,1,-1,-1,1,1,1,-1,1,1,-1,1,-1,1,-1,1,-1,1,-1,1,-1,1,1,-1,1,1,-1,1,-1,1,-1,-1,-1,1,-1,1,1,1,-1,1,-1,1,1,-1,-1,-1,1,-1,1,1,-1,1,-1,1,-1,1,1,-1,-1,-1,-1,1,1,1,-1,1,-1,1,1,1,1,1,-1,-1,-1,1,1,1,1,1,-1,-1,1,-1,1,1,-1,1,-1,1,1,-1,1,1,-1,1,1,1,1,1,-1,-1,1,1,1,1,-1,1,-1,1,1,-1,1,-1,1,-1,1,1,-1,1,-1,-1,-1,1,1,-1,1,-1,1,-1,-1,1,1,1,-1,-1,1,-1,1,-1,1,1,1,-1,1,1,1,-1,-1,1,-1,-1,1,-1,1,-1,1,1,-1,1,1,-1,1,1,-1,-1,1,1,-1,1,1,1,1,1,1,-1,1,1,1,-1,1,1,1,-1,1,1,-1,1,-1,1,-1,1,-1,-1,-1,1,-1,-1,1,-1,-1,-1,1,1,-1,-1,1,-1,-1,1,1,-1,-1,1,-1,-1,-1,-1,-1,-1,1,-1,-1,-1,-1,-1,-1,1,-1,-1,1,1,1,1,1,-1,-1,1,1,-1,-1,1,-1,-1,-1,1,-1,-1,1,1,-1,1,1,1,-1,1,1,-1,-1,1,-1,-1,1,1,-1,-1,1,-1,1,1,-1,-1,1,1,-1,1,1,-1,-1,1,-1,1,1,1,1,-1,1,1,-1,-1,1,1,-1,1,1,1,-1,1,1,-1,-1,1,1,1,1,1,-1,1,1,-1,-1,1,1,-1,-1,1,1,-1,1,1,-1,-1,1,-1,-1,1,1,-1,-1,-1,1,-1,1,1,-1,-1,1,1,-1,1,1,1,-1,-1,1,-1,-1,-1,1,-1,-1,1,-1,1,-1,1,-1,1,1,-1,1,1,-1,-1,1,1,-1,1,-1,1,1,-1,1,-1,1,1,1,-1,1,-1,-1,-1,1,1,-1,1,1,-1,-1,1,-1,-1,-1,1,-1,-1,-1,1,1,-1,-1,-1,-1,1,1,1,-1,1,-1,-1,-1,1,-1,1,-1,-1,-1,1,1,1,-1,1,-1,-1,1,1,1,-1,-1,-1,-1,-1,-1,1,1,-1,-1,-1,-1,1,1,-1,-1,-1,1,-1,1,1,-1,1,-1,-1,-1,1,1,-1,-1,1,-1,-1,1,1,-1,-1,-1,-1,-1,1,1,-1,-1,-1,1,-1,1,-1,-1,-1,-1,1,-1,1,-1,1,-1,1,-1,1,-1,1,-1,-1,-1,-1,-1,-1,1,1,-1,1,-1,-1,1,1,-1,-1,-1,-1,1,-1,1,-1,1,-1,-1,1,1,1,-1,-1,-1,1,-1,1,-1,-1,1,-1,-1,1,1,1,-1,-1,1,-1,-1,1,1,1,1,-1,1,1,1,1,-1,-1,1,-1,1,1,1,-1,1,1,1,1,1,1,-1,-1,1,1,1,1,1,-1,1,1,1,1,1,1,-1,-1,1,1,1,1,1,-1,1,-1,1,1,1,1,1,-1,1,1,-1,1,1,-1,1,1,1,1,1,1,-1,-1,1,1,1,1,-1,-1,1,1,1,1,1,-1,1,1,1,1,1,1,1,-1,1,1,-1,1,1,-1,-1,1,1,1,-1,1,1,-1,1,1,1,-1,-1,1,-1,1,1,1,1,1,-1,-1,-1,1,1,1,-1,1,-1,-1,1,1,1,-1,1,-1,-1,1,1,-1,1,-1,-1,-1,1,1,1,1,-1,1,-1,-1,1,1,-1,1,-1,1,1,1,1,-1,1,-1,-1,1,1,1,-1,1,-1,1,1,-1,1,1,-1,1,-1,1,1,1,-1,1,-1,1,1,1,1,-1,-1,1,1,1,1,1,-1,-1,1,1,1,1,1,1,-1,-1,1,1,1,1,1,-1,1,1,1,1,1,-1,-1,1,1,1,1,1,1,-1,-1,1,1,-1,1,-1,1,-1,1,1,-1,1,1,-1,-1,1,-2634.0,1,2000,445,500,True
3013,1,1,-1,-1,1,-1,1,1,1,1,1,-1,1,1,1,1,-1,1,-1,-1,1,1,1,1,1,-1,1,1,1,1,1,1,1,-1,1,1,-1,1,1,-1,1,1,1,1,1,1,-1,-1,1,1,1,1,1,1,-1,1,1,-1,1,1,1,-1,-1,-1,1,1,1,-1,-1,1,1,-1,1,1,-1,1,1,1,-1,1,1,-1,-1,1,-1,1,1,-1,-1,1,1,1,-1,1,-1,-1,1,-1,-1,-1,1,-1,-1,1,-1,-1,-1,1,-1,-1,1,1,-1,-1,1,1,-1,1,1,-1,-1,1,1,-1,1,1,-1,-1,1,1,-1,1,-1,-1,-1,-1,-1,1,1,-1,-1,-1,-1,1,-1,1,1,-1,-1,-1,1,-1,-1,1,1,-1,-1,-1,-1,1,-1,1,-1,-1,1,-1,1,-1,1,-1,-1,-1,-1,1,-1,-1,-1,1,-1,-1,-1,1,1,-1,-1,-1,1,-1,-1,-1,-1,-1,-1,1,-1,-1,1,-1,-1,-1,1,-1,-1,1,-1,-1,1,1,1,-1,1,-1,1,1,-1,-1,-1,1,-1,1,-1,1,1,-1,1,1,-1,-1,1,1,-1,1,1,-1,1,1,1,-1,1,-1,-1,-1,1,-1,-1,1,1,-1,-1,-1,1,-1,1,-1,-1,-1,1,-1,-1,1,-1,1,-1,1,1,-1,1,1,-1,-1,1,-1,1,1,1,-1,-1,1,1,-1,1,1,1,-1,1,1,-1,1,1,1,-1,1,1,-1,1,1,-1,-1,-1,1,1,1,1,-1,-1,1,1,-1,1,1,1,-1,-1,1,1,1,1,1,-1,1,1,1,1,-1,1,-1,1,1,1,1,1,1,-1,1,1,1,1,1,-1,-1,1,-1,1,1,1,-1,1,-1,1,1,1,1,-1,1,-1,1,1,1,1,1,1,1,-1,-1,1,1,1,1,1,-1,-1,-1,1,-1,1,1,-1,-1,-1,1,1,-1,1,-1,-1,-1,1,1,-1,1,-1,-1,1,-1,1,-1,1,1,-1,1,-1,1,-1,1,-1,1,-1,-1,1,1,-1,-1,-1,1,-1,1,-1,1,-1,-1,-1,1,1,-1,1,-1,-1,1,-1,1,-1,1,-1,-1,-1,-1,1,-1,1,1,1,1,-1,1,1,1,1,-1,-1,-1,1,-1,-1,1,1,1,-1,-1,1,-1,1,-1,-1,-1,-1,1,-1,1,1,1,-1,-1,1,-1,1,-1,-1,-1,-1,1,-1,-1,1,1,-1,-1,1,-1,1,1,-1,1,-1,1,-1,-1,1,1,-1,-1,-1,-1,1,1,-1,1,-1,1,-1,1,-1,1,-1,-1,-1,1,1,1,1,-1,-1,-1,-1,1,-1,-1,-1,-1,-1,-1,1,-1,1,-1,1,-1,-1,1,-1,-1,1,-1,-1,-1,1,-1,1,-1,1,-1,-1,1,-1,1,-1,1,-1,-1,1,-1,1,1,1,-1,-1,-1,1,1,-1,1,-1,-1,1,1,1,1,-1,1,1,-1,1,1,1,1,1,-1,1,-1,-1,1,-1,1,-1,1,-1,1,-1,-1,-1,1,-1,-1,1,-1,-1,-1,1,1,-1,1,1,-1,-1,1,1,-1,-1,1,-1,-1,-1,-1,-1,-1,1,-1,-1,-1,-1,-1,-1,1,-1,-1,1,1,1,1,1,-1,1,-1,1,-1,-1,1,-1,1,-1,1,-1,-1,1,1,-1,1,1,1,-1,1,1,-1,-1,1,-1,-1,1,1,-1,-1,1,-1,1,1,-1,-1,1,1,-1,1,1,-1,-1,1,-1,1,1,1,1,-1,1,1,-1,-1,1,1,-1,1,1,1,-1,1,1,-1,-1,1,1,1,1,1,-1,1,1,-1,-1,1,1,-1,-1,1,1,-1,1,1,-1,-1,1,1,-1,1,1,-1,-1,-1,1,-1,1,1,-1,-1,1,1,-1,1,1,1,-1,1,-1,-1,1,-1,1,-1,1,-1,-1,1,-1,-1,1,-1,1,-1,1,1,-1,-1,1,-1,-1,1,-1,1,-1,1,-1,-1,1,1,-1,-1,1,-1,-1,1,1,1,-1,1,-1,-1,-1,1,-1,-1,1,-1,-1,-1,1,1,1,1,1,-1,1,-1,1,-1,1,1,-1,-1,-1,1,-1,1,-1,-1,-1,1,1,1,-1,1,-1,-1,1,1,1,-1,1,-1,-1,1,1,-1,-1,1,-1,-1,1,1,-1,1,-1,-1,1,1,1,1,-1,1,-1,1,1,1,1,-1,1,1,1,1,1,1,1,1,-1,1,-1,1,1,-1,1,1,1,1,1,-1,1,1,1,1,1,1,1,-1,1,-1,1,-1,1,-1,1,1,-1,1,1,1,-1,-1,1,1,1,1,1,-1,1,1,1,1,1,-1,-1,1,1,-1,1,1,1,-1,1,1,1,-1,1,-1,1,1,1,1,1,1,-1,-1,1,1,1,-1,-1,1,-1,1,1,1,1,-1,-1,-1,1,1,1,1,-1,1,-1,1,1,1,1,-1,-1,-1,1,1,1,1,-1,-1,-1,-1,1,1,1,-1,-1,-1,1,-1,1,1,-1,-1,-1,-1,1,-1,1,1,-1,-1,1,-1,1,1,-1,-1,1,1,1,1,-1,-1,-1,1,-1,-1,1,-1,-1,-1,1,-1,1,1,-1,-1,1,-1,1,-1,-1,-1,-1,-1,1,-1,-1,-1,1,-1,1,-1,-1,1,1,-1,1,-1,1,-1,-1,1,-1,1,-1,1,-1,1,1,-1,1,-1,1,-1,-1,-1,-1,1,-1,1,-1,-1,1,-1,1,-1,1,1,-1,1,-1,-1,1,-1,1,-1,-1,-1,1,1,-1,1,-1,-1,1,1,-1,1,-1,1,-1,1,1,-1,1,-1,-1,-1,-1,1,-1,1,-1,1,-1,1,1,-1,1,-1,-1,1,1,1,-1,1,1,1,-1,-1,1,-1,1,-1,1,1,1,1,-1,1,-1,1,-1,1,1,1,1,1,1,-1,1,1,-1,1,-1,1,1,1,1,-1,1,-1,1,-1,1,1,1,1,1,1,-1,1,1,-1,1,-1,1,1,-1,1,1,-1,1,1,-2634.0,1,2000,445,500,True
3014,1,1,-1,-1,1,1,-1,1,1,1,1,-1,1,1,1,1,-1,1,-1,-1,-1,1,1,1,1,1,-1,-1,1,1,1,1,-1,-1,-1,1,-1,1,1,1,-1,-1,1,1,1,1,1,1,-1,-1,1,1,-1,1,-1,-1,-1,-1,1,1,1,-1,-1,-1,1,1,1,1,1,-1,1,-1,1,1,1,1,-1,1,1,1,1,-1,1,-1,-1,1,1,1,1,1,1,1,-1,1,1,1,-1,-1,-1,1,1,1,1,1,-1,-1,-1,1,1,1,1,-1,-1,-1,1,1,1,1,1,-1,-1,1,1,1,1,-1,-1,-1,1,1,1,1,-1,-1,-1,1,1,1,1,-1,-1,-1,1,1,1,1,1,-1,-1,-1,1,1,1,-1,1,-1,-1,1,1,1,-1,1,-1,-1,1,-1,1,-1,1,-1,-1,-1,1,-1,-1,-1,-1,1,1,1,-1,1,1,-1,1,-1,1,-1,-1,-1,-1,1,-1,1,1,-1,1,-1,1,-1,1,1,-1,1,-1,1,-1,1,1,-1,1,-1,1,-1,1,1,-1,1,1,1,-1,1,1,-1,1,1,-1,-1,-1,1,-1,1,-1,1,-1,1,1,-1,1,1,1,-1,1,1,-1,1,1,1,-1,-1,1,-1,1,1,1,1,1,1,-1,1,1,1,-1,1,-1,-1,1,-1,-1,-1,1,1,-1,1,1,-1,-1,1,-1,-1,1,-1,1,-1,1,-1,-1,1,1,1,-1,1,1,-1,1,1,-1,-1,-1,1,1,1,-1,-1,-1,1,1,-1,1,1,1,-1,-1,1,1,1,-1,-1,-1,1,1,1,-1,1,-1,-1,-1,1,1,1,-1,-1,1,-1,-1,1,1,-1,-1,-1,1,1,-1,1,-1,1,-1,-1,1,1,1,-1,1,-1,1,1,-1,1,-1,-1,-1,-1,-1,1,1,-1,-1,-1,-1,-1,1,-1,-1,-1,-1,-1,1,1,-1,-1,-1,1,1,1,1,-1,-1,1,1,-1,-1,1,1,-1,-1,1,-1,-1,-1,1,-1,-1,-1,1,-1,1,-1,-1,-1,-1,-1,-1,1,1,-1,-1,1,1,-1,1,-1,-1,-1,1,1,-1,1,-1,-1,-1,1,-1,1,1,-1,-1,-1,-1,1,-1,1,1,-1,-1,1,-1,-1,1,-1,-1,-1,1,-1,1,-1,1,-1,-1,1,-1,-1,1,-1,-1,1,1,-1,1,-1,1,-1,-1,1,-1,-1,-1,-1,-1,-1,1,-1,-1,1,1,-1,-1,-1,-1,1,-1,-1,1,-1,1,-1,-1,1,1,-1,-1,1,-1,-1,-1,-1,-1,1,1,-1,-1,1,1,-1,1,-1,1,-1,1,1,-1,1,-1,-1,-1,-1,-1,-1,1,-1,1,-1,1,1,-1,1,-1,-1,1,-1,-1,1,-1,1,-1,1,-1,1,-1,1,1,-1,-1,-1,1,-1,1,-1,-1,1,-1,1,1,1,1,-1,-1,-1,1,-1,1,1,-1,-1,1,1,1,-1,1,1,-1,1,1,1,1,-1,-1,1,-1,1,1,-1,1,-1,1,1,1,-1,-1,-1,1,-1,-1,1,-1,-1,-1,1,1,-1,1,1,-1,-1,1,1,-1,-1,1,-1,-1,-1,-1,-1,-1,1,-1,-1,-1,-1,-1,-1,1,-1,-1,1,1,1,1,1,-1,-1,1,1,-1,-1,1,-1,-1,-1,1,-1,-1,1,1,-1,1,1,1,-1,1,-1,1,1,1,-1,-1,-1,1,-1,1,1,-1,1,1,-1,1,1,1,-1,1,1,-1,-1,1,-1,1,1,1,-1,1,1,1,-1,-1,1,-1,1,1,1,1,-1,1,1,1,1,1,1,1,1,-1,1,1,1,-1,-1,1,1,1,1,1,1,-1,1,-1,1,1,1,1,-1,1,1,-1,1,-1,1,-1,1,1,1,1,1,1,-1,1,-1,1,1,1,-1,-1,-1,-1,1,1,1,-1,-1,1,-1,1,1,1,1,-1,-1,-1,1,1,1,-1,-1,1,-1,1,1,-1,-1,-1,1,-1,1,1,1,1,-1,-1,-1,1,1,1,-1,-1,-1,-1,1,1,1,-1,-1,-1,1,1,1,1,-1,-1,-1,-1,-1,1,-1,-1,-1,-1,-1,1,-1,1,-1,-1,-1,1,1,1,1,-1,-1,-1,-1,1,-1,1,-1,-1,-1,1,1,1,1,-1,-1,-1,1,1,1,-1,-1,-1,1,1,1,-1,-1,1,-1,1,1,1,-1,-1,-1,1,1,1,1,-1,1,1,-1,-1,1,-1,1,-1,-1,-1,-1,1,1,1,1,1,-1,1,1,1,1,-1,1,1,-1,1,1,-1,1,1,-1,-1,1,1,1,-1,1,1,-1,1,1,1,-1,1,-1,-1,-1,-1,1,-1,1,-1,-1,1,1,1,1,1,1,-1,1,1,1,1,1,-1,1,1,1,-1,1,1,-1,-1,-1,1,-1,1,1,-1,1,-1,1,-1,1,1,-1,-1,-1,1,-1,1,1,-1,-1,-1,1,1,1,1,1,-1,-1,-1,1,1,1,-1,-1,1,-1,-1,1,-1,1,-1,-1,-1,1,1,1,1,-1,-1,-1,-1,1,1,1,-1,-1,-1,1,1,1,1,-1,-1,-1,1,-1,1,-1,-1,1,-1,1,-1,1,-1,-1,-1,1,1,1,1,-1,-1,-1,-1,1,1,1,-1,-1,1,-1,1,1,-1,1,-1,-1,1,1,1,1,1,-1,1,-1,1,-1,1,1,-1,-1,1,-1,1,1,1,-1,1,-1,1,1,-1,1,1,-1,1,1,1,-1,1,-1,-1,1,-1,-1,1,1,-1,1,1,-1,-1,1,1,1,1,-1,1,1,1,1,1,1,-1,1,1,1,1,1,1,-1,-1,1,1,1,-1,1,1,-1,-1,-1,1,1,1,-1,-1,1,1,1,1,1,-1,-1,-1,1,1,1,1,-1,-1,1,1,1,1,1,1,-1,1,1,1,1,1,1,-1,1,1,1,1,1,1,-1,1,-1,1,1,1,1,-1,-1,1,1,1,1,1,1,-1,1,1,-1,1,1,-1,-1,1,-2634.0,1,2000,445,500,True
3015,1,1,-1,-1,1,-1,1,1,1,1,1,-1,1,1,1,1,-1,1,-1,-1,1,1,1,1,1,-1,1,1,1,1,1,1,1,-1,1,1,-1,1,1,1,-1,1,1,1,1,1,1,-1,1,1,1,1,-1,1,-1,1,1,-1,1,1,-1,-1,-1,-1,1,1,1,1,-1,1,1,-1,1,1,1,-1,1,1,-1,1,1,-1,-1,1,-1,1,1,1,-1,-1,1,1,-1,1,1,-1,1,-1,-1,1,1,1,-1,1,-1,-1,-1,1,1,1,1,1,-1,-1,1,1,1,1,-1,-1,-1,1,1,1,-1,1,-1,-1,1,1,-1,1,-1,-1,-1,1,1,1,1,-1,-1,-1,-1,1,-1,1,-1,-1,-1,-1,1,1,1,-1,1,-1,1,1,1,1,-1,1,-1,-1,1,-1,1,-1,1,-1,1,1,1,1,-1,-1,-1,1,1,1,1,1,1,-1,1,1,1,-1,-1,-1,-1,-1,1,1,1,-1,1,-1,-1,1,-1,1,-1,1,-1,-1,1,1,1,-1,1,-1,1,1,1,1,-1,1,-1,1,1,-1,1,1,1,1,-1,1,1,1,-1,1,-1,-1,1,-1,1,1,1,-1,-1,1,1,-1,1,1,1,-1,-1,1,-1,1,1,-1,1,1,-1,-1,1,1,-1,-1,1,-1,1,1,1,1,1,1,-1,1,1,1,1,-1,1,-1,1,1,1,1,1,1,1,-1,1,1,1,1,1,-1,-1,1,1,-1,-1,1,1,-1,1,1,1,-1,-1,-1,1,1,1,1,1,-1,-1,-1,-1,1,1,1,-1,1,-1,1,1,-1,1,1,-1,-1,1,1,1,1,-1,-1,1,-1,1,1,1,1,-1,1,1,1,1,1,-1,1,-1,-1,1,1,-1,1,-1,-1,1,1,1,-1,-1,-1,1,-1,1,-1,1,-1,-1,1,-1,1,1,1,-1,-1,1,1,1,1,-1,1,-1,1,-1,1,1,1,1,-1,1,-1,-1,1,-1,1,-1,-1,1,-1,1,1,1,-1,1,-1,1,1,-1,-1,1,-1,1,1,1,-1,1,-1,-1,1,1,-1,1,1,-1,1,1,1,-1,1,1,-1,1,-1,1,1,1,-1,-1,-1,1,-1,1,-1,1,-1,-1,1,1,1,-1,1,1,-1,1,1,1,-1,1,-1,-1,1,1,1,1,1,-1,-1,1,-1,1,-1,1,-1,-1,-1,-1,-1,1,1,-1,-1,1,-1,1,1,-1,-1,-1,-1,-1,1,-1,1,-1,1,-1,-1,1,-1,-1,1,-1,-1,1,1,-1,1,1,-1,1,1,1,-1,-1,1,-1,1,1,-1,1,-1,1,-1,-1,1,-1,1,-1,1,-1,-1,-1,1,1,-1,-1,1,-1,1,1,-1,1,1,1,-1,-1,-1,1,1,1,1,-1,1,-1,1,-1,1,1,-1,-1,1,1,-1,1,1,1,-1,1,1,-1,-1,1,-1,-1,-1,1,-1,-1,1,-1,-1,1,-1,-1,1,1,1,-1,1,-1,-1,1,1,1,1,-1,-1,1,-1,1,1,1,-1,-1,-1,-1,-1,1,1,1,-1,-1,-1,1,1,-1,1,-1,-1,-1,1,1,-1,1,-1,-1,-1,1,1,-1,1,-1,-1,-1,-1,1,1,1,-1,1,-1,-1,1,-1,1,-1,-1,1,1,-1,-1,1,1,-1,-1,-1,-1,-1,1,1,-1,-1,-1,1,-1,1,1,-1,-1,1,-1,1,1,-1,-1,-1,-1,-1,1,1,-1,1,-1,-1,1,1,1,1,-1,-1,-1,-1,-1,1,-1,1,-1,-1,1,-1,1,1,-1,1,-1,1,1,1,1,-1,1,-1,-1,-1,1,1,-1,-1,-1,-1,-1,1,1,-1,1,-1,1,-1,1,1,-1,-1,1,1,-1,1,1,-1,-1,-1,1,-1,1,1,1,-1,1,-1,-1,-1,-1,1,-1,1,-1,-1,1,-1,-1,1,1,1,-1,1,1,-1,1,1,1,-1,1,-1,1,-1,1,-1,-1,1,1,-1,1,1,-1,-1,-1,1,-1,1,-1,1,-1,-1,1,-1,1,1,-1,-1,-1,-1,1,1,1,1,-1,-1,1,-1,-1,1,-1,-1,-1,-1,1,1,-1,1,-1,-1,1,1,-1,1,1,-1,-1,1,1,-1,1,-1,-1,-1,-1,1,1,-1,1,-1,-1,-1,1,1,-1,1,-1,1,-1,1,-1,-1,-1,-1,-1,-1,1,-1,-1,1,1,-1,-1,1,-1,1,1,-1,-1,-1,1,-1,-1,-1,-1,-1,-1,-1,1,1,1,-1,1,-1,1,-1,1,1,1,-1,-1,-1,1,-1,1,-1,-1,-1,-1,1,-1,-1,1,-1,-1,1,1,-1,1,-1,-1,1,-1,1,1,-1,-1,-1,-1,-1,1,1,1,-1,1,-1,-1,1,1,-1,-1,-1,-1,1,1,1,-1,1,-1,1,1,1,1,-1,-1,1,-1,1,1,1,-1,1,-1,1,-1,1,-1,-1,1,1,-1,1,1,1,1,1,-1,-1,1,1,1,-1,1,-1,1,1,1,-1,1,1,1,-1,1,1,1,-1,-1,1,-1,1,1,1,1,1,1,-1,1,-1,1,-1,1,-1,-1,1,-1,1,-1,1,-1,1,1,1,1,-1,1,-1,1,-1,1,-1,-1,1,-1,-1,-1,1,1,-1,1,-1,1,-1,1,1,-1,1,-1,1,1,-1,1,-1,1,-1,-1,-1,-1,1,1,1,-1,-1,-1,1,1,-1,-1,-1,1,-1,-1,1,1,1,-1,1,-1,1,-1,1,1,-1,-1,1,-1,-1,1,1,1,-1,-1,1,-1,1,-1,-1,1,-1,-1,1,1,-1,1,-1,-1,-1,1,1,1,1,-1,1,-1,1,-1,-1,1,-1,-1,1,-1,1,1,1,-1,1,-1,1,1,-1,1,-1,-1,1,-1,1,1,1,1,-1,1,-1,-1,-1,1,-1,-1,1,1,1,-1,1,1,-1,1,-1,1,1,1,1,-1,1,-1,1,-1,1,1,-1,1,1,1,-1,1,1,-1,-1,1,1,1,-1,1,-1,1,-1,1,-2634.0,1,2000,445,1000,True
3016,-1,-1,1,1,1,1,-1,1,-1,-1,-1,1,-1,1,-1,-1,1,-1,1,-1,-1,-1,-1,-1,-1,1,-1,-1,-1,-1,-1,-1,1,-1,-1,-1,1,-1,-1,1,-1,-1,-1,-1,-1,-1,-1,1,-1,1,-1,-1,1,1,-1,-1,-1,1,-1,-1,-1,1,-1,1,-1,-1,-1,-1,1,-1,-1,1,-1,-1,1,1,-1,-1,1,-1,-1,-1,1,-1,1,-1,-1,1,1,1,1,-1,-1,-1,-1,1,-1,-1,1,1,-1,-1,1,1,-1,1,-1,-1,1,1,1,-1,1,1,-1,-1,1,1,1,1,-1,-1,-1,1,1,-1,1,-1,1,-1,1,1,-1,1,-1,1,-1,1,1,-1,1,-1,1,-1,-1,1,1,1,1,-1,-1,1,1,-1,-1,1,-1,1,-1,1,-1,1,1,1,-1,-1,1,-1,-1,1,-1,-1,1,1,-1,1,-1,1,-1,1,-1,1,-1,1,-1,-1,1,-1,-1,1,1,1,-1,1,-1,-1,-1,1,1,-1,-1,1,-1,-1,1,1,-1,1,1,-1,-1,1,1,-1,-1,1,-1,-1,-1,1,-1,1,1,-1,-1,-1,1,1,-1,1,-1,-1,1,1,-1,1,1,-1,-1,1,1,-1,-1,-1,-1,-1,-1,1,-1,-1,-1,-1,-1,1,-1,1,-1,-1,-1,-1,1,1,-1,-1,1,-1,1,-1,-1,-1,-1,-1,1,-1,1,1,-1,-1,-1,1,-1,-1,1,-1,-1,1,-1,1,-1,1,-1,-1,-1,-1,1,-1,-1,-1,-1,1,1,1,-1,-1,-1,1,-1,1,1,1,-1,1,-1,-1,1,1,-1,-1,-1,1,-1,1,1,1,-1,-1,-1,-1,1,1,-1,1,-1,-1,1,1,1,-1,-1,-1,-1,1,-1,1,-1,-1,-1,-1,-1,1,1,-1,1,-1,-1,1,-1,1,-1,-1,-1,-1,-1,1,1,-1,-1,-1,-1,-1,1,-1,-1,-1,-1,-1,-1,1,-1,-1,-1,1,-1,-1,1,-1,-1,1,1,-1,-1,1,1,-1,-1,1,-1,1,-1,1,-1,-1,-1,1,-1,1,-1,1,-1,-1,-1,-1,1,1,-1,-1,1,1,-1,1,1,-1,1,1,-1,1,1,1,-1,1,1,-1,-1,1,-1,-1,-1,1,-1,1,1,1,-1,-1,1,-1,1,1,-1,-1,1,1,1,1,-1,-1,-1,-1,1,-1,1,-1,1,-1,1,1,1,1,-1,1,-1,-1,1,1,1,1,1,-1,-1,1,1,1,1,1,-1,-1,1,1,1,1,-1,1,-1,1,1,-1,1,1,-1,-1,1,-1,1,1,1,-1,1,1,1,1,-1,1,-1,1,1,-1,1,-1,1,-1,1,1,-1,1,-1,-1,-1,1,-1,-1,1,1,1,-1,1,-1,1,1,-1,-1,1,-1,1,1,1,-1,1,-1,1,1,1,-1,-1,1,-1,1,-1,-1,1,-1,-1,1,1,1,-1,1,1,1,-1,1,1,-1,1,1,1,1,-1,1,1,-1,1,1,1,1,1,1,1,-1,-1,-1,1,-1,-1,-1,1,1,-1,1,-1,1,-1,-1,-1,1,1,-1,1,1,-1,1,-1,1,-1,1,-1,-1,1,-1,1,-1,-1,1,1,1,-1,1,-1,-1,-1,-1,1,-1,1,-1,1,1,1,1,-1,1,-1,-1,1,-1,1,-1,1,-1,-1,-1,-1,1,-1,-1,1,1,-1,1,1,-1,1,1,1,1,-1,1,-1,-1,1,1,1,-1,-1,-1,1,1,1,1,-1,-1,-1,1,-1,1,-1,1,1,-1,-1,1,1,1,-1,1,-1,-1,1,1,1,1,1,1,-1,1,1,1,1,-1,1,-1,1,1,1,-1,1,1,-1,1,1,1,1,1,1,-1,1,1,1,1,1,1,-1,1,1,-1,1,1,1,-1,1,1,1,1,1,1,-1,1,1,1,-1,1,-1,-1,1,1,1,-1,1,-1,-1,1,1,1,1,1,-1,-1,1,1,1,-1,1,1,-1,1,1,-1,-1,1,-1,-1,1,1,1,-1,1,1,-1,1,1,1,-1,1,1,-1,1,-1,1,-1,1,1,-1,1,1,1,-1,1,-1,1,1,-1,-1,-1,1,1,-1,1,-1,-1,-1,1,1,-1,-1,1,-1,1,1,1,-1,1,1,1,-1,1,1,1,1,1,1,-1,1,1,1,1,1,-1,-1,1,1,1,1,-1,-1,1,1,1,1,1,-1,-1,-1,-1,1,1,1,-1,1,1,1,1,1,-1,1,-1,-1,1,-1,1,1,1,-1,-1,1,1,-1,1,1,-1,1,-1,1,1,1,-1,-1,1,1,1,1,1,1,-1,-1,-1,1,1,-1,1,-1,1,-1,-1,1,-1,1,-1,1,1,-1,1,1,1,-1,-1,1,-1,1,1,1,1,1,-1,1,1,1,-1,-1,-1,1,-1,1,1,1,-1,1,-1,1,1,1,1,-1,1,-1,-1,1,1,1,-1,1,1,1,1,1,1,-1,-1,-1,-1,-1,1,1,-1,1,-1,-1,1,1,1,-1,-1,1,-1,-1,1,1,1,-1,-1,-1,-1,1,1,1,-1,-1,-1,-1,1,1,1,1,1,-1,-1,1,1,-1,-1,-1,-1,-1,1,1,-1,1,-1,-1,1,1,-1,1,-1,-1,-1,1,1,1,-1,1,-1,1,-1,1,-1,-1,1,1,-1,1,1,1,-1,1,1,-1,-1,1,1,-1,1,1,-1,1,1,-1,-1,-1,1,-1,1,-1,1,-1,-1,1,1,1,-1,1,-1,-1,1,-1,-1,1,-1,-1,-1,1,-1,1,1,-1,1,-1,1,1,1,-1,1,-1,1,1,1,1,-1,1,-1,-1,1,1,1,-1,1,-1,1,1,-1,1,1,-1,1,-1,1,1,1,-1,-1,-1,1,1,1,1,-1,-1,1,1,1,1,1,-1,-1,1,1,1,1,1,1,-1,-1,1,1,1,1,1,-1,1,1,1,1,1,-1,-1,1,1,1,1,1,1,-1,-1,1,1,1,1,-1,1,-1,1,1,-1,1,1,-1,-1,1,-2634.0,1,2000,445,500,True
3017,1,1,-1,-1,1,-1,-1,1,1,1,1,-1,1,1,1,1,-1,1,-1,-1,-1,1,1,1,1,-1,-1,-1,1,1,1,1,1,-1,-1,1,-1,1,1,1,-1,-1,1,1,1,1,-1,-1,1,-1,1,1,1,1,-1,-1,1,-1,1,1,-1,-1,-1,-1,1,1,1,-1,-1,-1,1,-1,1,1,1,-1,-1,-1,1,1,1,-1,-1,-1,-1,1,1,1,-1,-1,1,1,-1,1,1,-1,-1,-1,-1,1,1,1,-1,-1,-1,-1,-1,1,1,-1,-1,1,-1,-1,1,1,-1,-1,1,-1,-1,1,1,1,-1,-1,-1,-1,1,1,1,-1,-1,-1,-1,1,1,1,-1,-1,-1,-1,1,1,1,-1,1,-1,-1,-1,1,-1,-1,-1,1,-1,-1,-1,-1,-1,-1,1,-1,-1,1,-1,1,-1,1,-1,-1,-1,-1,-1,-1,-1,-1,1,-1,-1,-1,1,1,-1,1,-1,-1,-1,-1,-1,-1,-1,-1,-1,-1,-1,1,-1,1,-1,1,1,-1,1,-1,1,-1,-1,-1,-1,1,-1,1,1,-1,-1,-1,1,1,1,-1,1,-1,-1,1,1,1,-1,1,-1,-1,1,-1,1,1,1,-1,-1,1,1,1,-1,1,1,-1,1,1,1,-1,-1,1,-1,1,1,-1,-1,1,-1,-1,1,1,1,-1,1,-1,-1,1,-1,-1,-1,1,-1,1,1,1,-1,-1,1,-1,1,1,-1,1,-1,1,-1,-1,1,1,1,-1,-1,1,-1,1,1,-1,-1,-1,1,1,1,-1,-1,-1,1,1,-1,1,1,1,-1,-1,1,1,1,-1,-1,-1,1,1,1,-1,1,-1,-1,-1,-1,1,1,-1,1,-1,-1,1,1,1,-1,-1,-1,1,1,-1,1,-1,-1,-1,-1,-1,1,1,-1,1,-1,-1,1,-1,1,-1,-1,-1,-1,-1,1,1,-1,-1,-1,-1,-1,1,-1,-1,-1,-1,-1,-1,1,-1,-1,1,1,-1,-1,1,-1,-1,1,-1,-1,-1,1,1,-1,1,1,-1,1,-1,1,-1,1,-1,1,-1,1,-1,-1,1,1,-1,-1,1,1,-1,1,1,1,-1,1,-1,1,1,1,-1,1,1,-1,1,1,1,-1,-1,1,-1,-1,1,1,-1,1,1,1,-1,1,-1,1,1,1,-1,-1,1,-1,1,1,-1,1,-1,-1,1,-1,1,-1,-1,-1,-1,-1,1,1,-1,1,-1,1,-1,1,1,1,-1,-1,-1,-1,1,1,1,1,-1,-1,1,1,1,1,-1,1,-1,-1,1,-1,1,1,-1,-1,-1,-1,1,1,-1,-1,-1,1,1,1,-1,1,-1,-1,1,-1,1,-1,1,-1,-1,1,-1,1,-1,-1,-1,-1,1,-1,1,-1,1,-1,-1,1,1,1,-1,-1,1,-1,-1,1,1,1,1,-1,1,1,1,-1,1,1,-1,-1,-1,-1,1,1,1,1,1,-1,1,-1,1,1,-1,1,-1,-1,1,1,1,1,-1,1,1,-1,1,1,1,1,1,1,1,-1,1,1,-1,1,-1,1,-1,-1,1,-1,-1,1,-1,-1,1,-1,-1,-1,1,1,-1,-1,1,-1,-1,1,1,-1,-1,1,-1,-1,-1,-1,-1,-1,1,-1,-1,-1,-1,-1,-1,1,-1,-1,1,1,1,1,1,-1,-1,1,1,-1,-1,1,-1,-1,-1,1,-1,-1,1,1,-1,1,1,1,-1,1,-1,1,1,1,-1,-1,-1,1,-1,1,1,-1,1,1,-1,1,1,1,-1,1,1,-1,-1,1,-1,1,1,1,-1,1,1,1,-1,-1,1,-1,1,1,1,1,-1,1,1,1,1,1,1,1,1,-1,1,-1,1,-1,-1,1,1,1,1,1,1,-1,1,-1,1,-1,1,1,-1,1,1,-1,1,-1,1,-1,1,1,1,1,1,1,-1,1,-1,1,1,-1,1,-1,-1,-1,1,1,-1,1,-1,1,-1,1,-1,1,1,-1,-1,-1,1,-1,1,-1,-1,1,-1,1,-1,1,-1,-1,1,-1,1,-1,1,1,-1,-1,-1,1,-1,1,1,-1,-1,-1,1,-1,1,-1,-1,-1,1,1,1,1,1,-1,-1,-1,1,-1,1,1,-1,-1,-1,1,-1,1,1,-1,-1,1,1,1,-1,1,-1,-1,1,1,1,-1,1,-1,-1,1,1,1,-1,1,-1,-1,1,1,-1,1,-1,-1,1,1,1,-1,1,1,-1,1,1,1,-1,1,1,1,1,1,1,1,-1,1,-1,-1,-1,1,-1,1,-1,-1,1,1,1,1,1,1,1,1,1,1,1,-1,1,-1,1,-1,1,-1,1,1,1,-1,1,1,1,1,-1,1,-1,1,1,1,-1,1,-1,-1,1,-1,1,-1,1,-1,-1,1,1,1,-1,-1,1,-1,1,1,-1,1,1,-1,1,-1,1,1,-1,-1,1,1,-1,1,1,-1,1,1,-1,1,1,1,-1,-1,1,1,-1,1,1,-1,1,1,1,-1,1,1,-1,-1,1,1,1,-1,1,-1,1,1,1,-1,1,1,-1,-1,1,1,1,-1,1,1,-1,-1,1,1,-1,1,1,-1,1,1,1,-1,1,1,1,1,1,1,-1,1,-1,-1,1,1,1,-1,1,-1,1,1,1,-1,1,-1,1,-1,1,1,1,1,1,-1,1,1,-1,1,1,-1,-1,1,1,1,-1,1,1,-1,1,1,1,1,-1,1,-1,1,1,1,1,1,-1,-1,-1,1,1,1,-1,1,-1,-1,1,1,-1,1,1,-1,-1,1,1,1,1,-1,-1,-1,1,1,1,1,-1,1,-1,-1,1,1,-1,1,-1,1,1,1,1,-1,1,-1,-1,1,1,1,-1,1,-1,1,1,-1,1,1,-1,1,-1,1,1,1,-1,1,-1,1,1,1,1,-1,-1,1,1,1,1,1,-1,-1,1,1,1,1,1,1,-1,-1,-1,1,1,1,1,-1,1,1,1,1,1,-1,-1,1,1,1,1,1,1,-1,-1,1,1,1,1,-1,1,-1,1,1,-1,1,1,-1,-1,1,-2634.0,1,2000,445,500,True
3018,1,1,-1,-1,1,1,-1,1,1,1,1,-1,-1,1,1,1,-1,1,-1,-1,-1,1,1,1,1,1,-1,-1,1,1,1,1,-1,-1,-1,1,-1,1,1,1,-1,-1,1,1,1,1,1,1,-1,-1,1,1,-1,1,-1,-1,-1,-1,1,1,1,-1,-1,1,1,1,1,1,1,-1,1,-1,1,1,1,1,-1,1,-1,1,1,-1,1,-1,-1,1,1,1,1,-1,-1,-1,-1,1,1,1,1,1,-1,-1,1,1,1,1,1,-1,-1,1,1,1,1,-1,-1,-1,1,1,1,1,1,-1,-1,1,1,1,1,-1,-1,-1,1,1,1,1,1,-1,-1,-1,1,1,1,1,-1,-1,-1,1,1,1,1,-1,-1,-1,1,1,1,1,1,-1,-1,-1,1,1,1,1,-1,-1,1,-1,1,1,1,-1,-1,-1,1,1,1,-1,-1,1,1,1,1,-1,1,-1,-1,-1,1,1,1,-1,-1,-1,-1,1,1,1,1,-1,-1,-1,1,-1,1,1,-1,-1,1,1,1,1,1,-1,1,1,-1,-1,1,1,-1,1,-1,1,1,1,1,1,-1,-1,-1,1,1,1,1,-1,1,1,1,1,1,-1,-1,-1,-1,-1,1,1,1,-1,-1,-1,1,1,1,-1,-1,-1,1,1,1,1,-1,1,-1,1,1,-1,1,1,-1,-1,1,1,-1,1,1,-1,-1,1,1,-1,1,1,1,-1,-1,1,1,1,1,1,-1,1,1,1,1,1,-1,-1,-1,1,-1,1,1,-1,-1,1,1,-1,1,1,1,-1,1,1,-1,1,1,1,-1,1,1,-1,1,-1,1,1,-1,1,-1,1,1,1,-1,-1,1,-1,1,1,-1,-1,1,-1,1,1,1,-1,-1,1,1,-1,1,1,1,-1,1,-1,1,1,1,-1,-1,1,1,-1,1,1,1,-1,1,1,-1,1,1,1,-1,-1,1,-1,1,1,1,-1,1,1,-1,1,1,-1,1,1,1,-1,-1,1,1,-1,1,1,1,-1,1,1,-1,-1,1,-1,1,1,1,-1,1,1,-1,1,1,1,-1,1,1,-1,1,1,1,-1,1,-1,1,1,1,-1,1,1,1,-1,1,1,1,1,1,-1,1,-1,1,1,-1,1,-1,1,1,1,1,1,-1,-1,1,1,1,1,-1,1,-1,1,1,1,1,1,-1,-1,1,-1,1,-1,1,-1,-1,-1,-1,-1,1,1,-1,-1,1,-1,1,1,1,-1,-1,-1,1,1,-1,1,-1,-1,1,-1,1,1,1,1,-1,-1,1,1,1,1,-1,-1,1,1,-1,1,-1,1,-1,1,1,-1,1,-1,1,1,-1,1,-1,1,-1,1,-1,-1,-1,1,1,-1,-1,1,-1,1,1,-1,1,-1,1,-1,-1,-1,1,1,-1,1,-1,1,-1,1,-1,-1,1,-1,-1,1,1,1,-1,-1,1,-1,1,1,1,1,-1,1,-1,-1,1,1,1,-1,1,-1,1,-1,1,-1,1,-1,1,1,-1,-1,1,1,1,-1,1,-1,1,-1,1,1,1,-1,-1,-1,-1,-1,1,1,1,-1,-1,-1,1,1,-1,1,-1,-1,-1,1,1,1,1,-1,-1,1,1,1,-1,1,-1,-1,-1,-1,1,1,1,-1,1,-1,-1,1,-1,1,-1,1,1,1,-1,-1,1,1,-1,-1,-1,-1,-1,1,1,-1,-1,-1,1,-1,1,1,-1,-1,1,-1,1,1,-1,-1,-1,-1,-1,1,1,-1,1,-1,-1,1,1,1,1,-1,-1,-1,-1,-1,1,1,-1,-1,-1,1,-1,1,1,-1,-1,-1,1,1,1,1,-1,1,-1,-1,-1,1,1,-1,-1,-1,-1,-1,1,1,-1,-1,-1,1,-1,1,1,-1,-1,1,1,-1,1,1,-1,-1,-1,1,-1,1,1,1,-1,1,-1,-1,1,-1,1,-1,-1,-1,-1,1,-1,1,-1,1,1,-1,1,1,-1,-1,1,1,-1,1,-1,1,-1,-1,-1,-1,1,1,-1,-1,1,-1,-1,1,1,1,-1,1,-1,-1,-1,1,-1,1,-1,1,-1,-1,1,1,-1,-1,-1,-1,1,-1,-1,1,-1,-1,-1,-1,-1,1,1,-1,-1,-1,-1,1,1,-1,1,-1,-1,-1,1,1,1,-1,-1,-1,-1,1,1,1,1,-1,-1,-1,1,1,-1,-1,-1,-1,1,1,1,1,-1,1,-1,1,1,1,1,-1,-1,1,1,1,1,-1,1,-1,-1,-1,-1,1,1,-1,-1,-1,1,1,1,1,-1,1,-1,1,1,1,-1,1,1,1,-1,1,1,1,-1,1,-1,-1,1,1,1,-1,1,1,-1,1,-1,1,-1,1,-1,-1,-1,1,-1,1,1,-1,-1,1,-1,1,-1,1,1,-1,1,1,-1,1,1,-1,1,1,1,1,1,1,-1,-1,-1,1,-1,1,1,-1,1,1,-1,-1,1,1,-1,-1,1,-1,-1,1,-1,-1,-1,1,-1,-1,1,1,1,-1,-1,-1,-1,1,1,-1,-1,1,-1,-1,1,-1,1,-1,-1,-1,-1,-1,1,1,-1,1,-1,-1,-1,1,1,-1,1,-1,-1,-1,1,1,-1,-1,-1,-1,1,-1,-1,-1,-1,-1,-1,1,1,-1,-1,-1,-1,1,-1,1,1,-1,-1,-1,-1,1,1,-1,1,-1,-1,1,1,-1,1,-1,1,-1,-1,1,-1,1,-1,1,-1,-1,1,1,1,-1,-1,-1,1,1,-1,1,-1,-1,1,-1,1,-1,1,-1,1,-1,-1,1,-1,1,-1,1,-1,1,1,1,1,-1,-1,-1,1,-1,1,1,1,-1,1,-1,1,1,1,-1,-1,1,1,1,-1,1,-1,-1,1,1,1,1,1,-1,-1,1,1,-1,-1,-1,-1,-1,1,-1,1,1,1,-1,1,1,1,-1,1,1,-1,-1,1,1,1,1,1,-1,-1,1,1,1,1,1,-1,-1,1,1,-1,1,1,-1,-1,1,1,-1,1,1,1,-1,1,1,1,1,1,-1,-1,-1,-1,1,1,-1,1,-1,1,1,-1,1,-2634.0,1,2000,445,1000,True
3019,-1,-1,1,1,1,1,-1,1,-1,-1,-1,1,-1,-1,-1,-1,1,-1,1,-1,-1,1,-1,-1,-1,1,-1,-1,-1,-1,-1,-1,1,-1,-1,1,1,-1,-1,1,-1,-1,1,-1,-1,-1,1,1,-1,-1,-1,-1,1,1,-1,1,-1,1,-1,-1,1,1,-1,1,-1,-1,-1,1,1,-1,1,-1,-1,-1,1,1,1,1,-1,-1,-1,-1,1,-1,-1,-1,-1,1,1,1,1,-1,-1,-1,-1,1,-1,1,-1,1,-1,-1,1,1,-1,-1,-1,-1,-1,1,1,1,-1,-1,-1,-1,1,1,1,-1,-1,-1,-1,1,1,1,-1,-1,1,-1,1,1,-1,-1,-1,1,-1,1,1,-1,-1,-1,1,-1,-1,1,1,-1,-1,-1,-1,1,1,1,1,-1,1,-1,-1,1,-1,-1,-1,-1,1,-1,1,-1,1,-1,-1,-1,1,1,-1,-1,-1,1,-1,1,-1,1,1,-1,-1,-1,1,-1,-1,-1,-1,1,-1,1,-1,-1,1,-1,1,-1,1,-1,-1,1,-1,1,-1,1,1,-1,1,-1,1,1,-1,-1,-1,1,-1,1,-1,1,1,-1,1,1,-1,-1,1,1,-1,1,1,-1,1,-1,1,-1,1,-1,1,-1,1,-1,-1,1,1,-1,-1,-1,1,-1,1,-1,-1,-1,1,-1,-1,1,-1,1,-1,1,1,-1,1,1,-1,-1,1,1,-1,1,1,-1,-1,1,-1,-1,1,1,1,-1,1,1,-1,1,1,1,-1,1,1,-1,1,-1,-1,-1,-1,1,1,1,1,-1,-1,1,1,-1,1,1,1,-1,-1,1,1,1,1,1,-1,1,1,1,1,-1,1,-1,-1,1,1,1,1,1,-1,-1,1,1,1,1,1,-1,1,1,-1,1,1,1,-1,-1,1,1,1,1,-1,-1,1,1,-1,1,1,-1,-1,-1,-1,1,1,1,-1,-1,-1,-1,1,1,1,-1,-1,-1,1,1,1,1,-1,1,1,-1,1,1,1,1,1,-1,-1,1,-1,1,-1,1,-1,1,-1,-1,1,1,-1,1,-1,1,1,1,-1,-1,-1,-1,1,1,1,-1,1,1,-1,1,1,-1,1,1,1,1,1,1,1,-1,1,1,-1,1,1,1,1,1,1,1,1,-1,1,-1,1,1,1,1,1,1,-1,1,-1,1,-1,1,1,-1,1,1,1,-1,1,1,-1,-1,1,1,-1,-1,1,1,-1,1,1,1,1,1,1,-1,1,1,1,-1,1,1,-1,1,1,1,1,-1,1,-1,1,-1,1,-1,1,1,-1,-1,1,1,1,1,-1,-1,1,1,-1,-1,1,-1,1,-1,1,-1,1,1,-1,1,-1,1,-1,1,1,-1,1,-1,1,1,-1,1,-1,1,1,1,-1,1,1,1,-1,-1,1,1,-1,1,-1,1,1,-1,-1,-1,1,-1,-1,-1,1,-1,-1,1,-1,1,-1,-1,1,-1,1,-1,-1,1,-1,1,-1,-1,1,1,1,-1,1,-1,1,-1,1,1,1,-1,1,1,-1,-1,1,1,1,-1,1,-1,1,-1,1,1,1,-1,-1,-1,-1,-1,1,1,1,-1,-1,-1,1,1,-1,1,-1,-1,-1,1,1,1,1,-1,-1,-1,1,1,1,1,-1,-1,-1,-1,1,-1,1,-1,1,-1,-1,1,1,1,-1,-1,1,1,1,-1,1,1,-1,-1,-1,-1,1,1,1,-1,-1,-1,-1,1,1,1,-1,-1,-1,1,1,1,-1,-1,-1,-1,1,1,1,-1,1,-1,1,-1,1,1,1,-1,-1,-1,-1,1,1,1,-1,-1,-1,1,1,1,1,-1,-1,-1,-1,1,1,1,-1,1,-1,-1,1,1,1,-1,-1,-1,-1,1,-1,1,-1,1,-1,-1,1,1,1,-1,-1,1,-1,1,1,1,-1,-1,-1,-1,1,1,-1,1,-1,-1,1,1,-1,-1,1,-1,-1,1,1,1,-1,-1,1,-1,1,1,-1,1,-1,1,-1,1,1,1,-1,1,-1,1,1,1,-1,1,-1,1,-1,1,1,1,1,-1,1,-1,1,1,1,-1,-1,1,1,1,1,-1,1,1,1,1,1,1,1,-1,-1,-1,1,1,1,1,-1,1,-1,1,1,1,1,1,1,1,1,-1,1,1,-1,1,-1,1,1,1,1,1,1,1,-1,1,1,1,1,1,-1,1,-1,1,-1,1,1,-1,1,1,1,1,1,1,-1,1,-1,1,1,1,1,-1,-1,1,1,1,-1,1,-1,1,-1,1,-1,1,1,1,1,1,1,1,1,1,1,-1,-1,-1,1,-1,1,-1,1,1,1,1,1,1,1,1,-1,-1,1,1,1,1,-1,1,-1,-1,1,-1,1,-1,1,1,-1,1,1,1,-1,-1,1,-1,1,1,1,-1,1,-1,1,-1,1,-1,-1,-1,-1,-1,-1,1,-1,-1,1,-1,1,-1,1,-1,-1,1,-1,-1,-1,1,-1,1,1,-1,1,-1,1,1,-1,-1,-1,-1,-1,-1,1,-1,1,-1,-1,1,-1,-1,1,-1,-1,-1,-1,-1,1,-1,1,-1,-1,1,-1,-1,1,-1,-1,-1,1,-1,-1,1,1,1,-1,-1,-1,1,-1,-1,-1,-1,-1,-1,1,-1,1,-1,-1,-1,1,-1,1,1,-1,-1,-1,-1,1,-1,1,-1,1,-1,1,-1,-1,1,1,-1,1,-1,1,-1,1,1,-1,1,-1,1,-1,1,1,-1,1,1,-1,-1,-1,1,-1,1,-1,1,-1,-1,1,-1,1,-1,1,-1,-1,1,-1,-1,1,-1,-1,-1,1,-1,1,1,-1,1,-1,1,1,1,-1,1,-1,1,-1,1,1,-1,1,-1,-1,-1,-1,1,-1,1,-1,1,-1,1,1,1,-1,1,-1,1,1,1,-1,1,-1,1,1,-1,1,-1,-1,1,1,1,1,1,-1,-1,1,1,1,1,1,1,-1,-1,1,1,1,1,1,-1,1,1,-1,-1,1,1,-1,1,1,1,1,1,1,-1,-1,1,1,-1,1,1,1,-1,1,1,-1,1,1,-1,-1,1,-2634.0,1,2000,445,500,True
3020,-1,-1,1,1,1,1,-1,1,-1,-1,-1,1,-1,1,-1,-1,1,-1,1,-1,-1,1,-1,-1,-1,1,-1,-1,-1,-1,-1,-1,1,-1,-1,1,1,-1,-1,1,-1,-1,1,-1,-1,-1,1,1,-1,-1,-1,-1,1,1,-1,-1,-1,1,-1,-1,1,1,-1,1,-1,-1,-1,1,1,-1,1,-1,-1,-1,1,1,-1,1,-1,-1,-1,-1,1,-1,-1,-1,-1,1,1,1,1,-1,-1,-1,-1,1,-1,-1,-1,1,-1,-1,1,1,-1,-1,-1,-1,-1,1,1,-1,-1,-1,-1,-1,1,1,1,-1,-1,-1,-1,1,1,-1,-1,-1,1,-1,1,1,-1,-1,-1,1,-1,1,1,-1,-1,-1,1,-1,-1,1,1,-1,-1,-1,-1,1,1,-1,1,-1,1,1,-1,1,-1,-1,-1,-1,-1,-1,1,-1,1,-1,-1,-1,1,1,-1,-1,-1,1,-1,1,-1,1,1,-1,-1,-1,1,-1,-1,-1,-1,1,-1,1,-1,-1,1,-1,1,-1,1,-1,-1,1,-1,1,-1,1,1,-1,1,-1,1,1,-1,-1,-1,1,-1,1,-1,1,1,-1,1,1,-1,-1,1,1,-1,1,-1,-1,1,1,1,-1,1,-1,1,-1,1,-1,-1,1,1,-1,-1,1,1,-1,1,-1,-1,-1,1,-1,-1,1,-1,1,1,-1,1,-1,1,1,-1,1,-1,1,-1,1,1,-1,-1,-1,1,-1,1,1,1,-1,-1,1,-1,1,1,1,-1,-1,1,-1,1,-1,-1,-1,1,-1,1,1,1,-1,-1,-1,1,-1,1,1,1,-1,-1,1,1,1,1,1,-1,1,-1,1,1,-1,1,1,-1,-1,1,1,1,1,-1,-1,1,1,1,1,-1,-1,-1,1,-1,1,1,-1,-1,-1,-1,1,1,1,1,-1,-1,1,-1,1,1,-1,-1,-1,-1,1,1,1,1,-1,-1,-1,1,-1,1,1,-1,-1,-1,1,-1,1,1,1,-1,1,1,-1,1,-1,-1,-1,-1,1,1,-1,1,1,-1,-1,-1,1,-1,1,-1,1,-1,1,-1,-1,1,-1,-1,-1,1,1,-1,1,-1,1,-1,1,-1,1,-1,1,-1,1,1,-1,1,-1,1,-1,-1,1,-1,-1,-1,1,-1,1,1,1,-1,-1,1,-1,1,1,-1,-1,1,-1,1,1,-1,1,-1,1,-1,-1,-1,1,-1,-1,1,1,1,1,-1,1,-1,-1,1,1,1,1,-1,-1,-1,1,1,1,1,1,-1,1,-1,-1,1,1,-1,1,-1,1,1,-1,1,1,-1,1,1,1,1,1,-1,-1,1,1,1,1,-1,1,-1,1,1,-1,1,-1,1,-1,1,1,-1,1,-1,-1,-1,1,1,-1,1,-1,1,-1,-1,1,1,1,-1,-1,1,-1,1,-1,1,1,1,-1,1,1,1,-1,1,1,-1,-1,1,-1,1,-1,1,1,-1,1,1,-1,1,1,-1,-1,1,1,-1,1,1,1,1,1,1,-1,1,1,1,-1,1,1,1,-1,1,1,-1,1,-1,1,-1,-1,1,-1,-1,1,-1,-1,1,-1,-1,-1,1,1,-1,1,1,-1,-1,1,1,-1,-1,1,-1,-1,-1,-1,-1,1,1,-1,-1,-1,-1,-1,1,1,-1,-1,1,1,1,-1,1,-1,-1,1,1,-1,1,1,-1,-1,-1,1,-1,-1,1,1,-1,1,1,1,1,1,1,-1,-1,1,-1,1,1,1,-1,-1,1,-1,1,1,-1,-1,1,1,-1,1,1,-1,1,1,-1,1,1,1,1,-1,1,1,-1,1,1,-1,1,1,1,1,1,1,1,-1,-1,1,1,1,1,1,-1,1,1,-1,1,1,1,-1,-1,1,1,1,-1,1,-1,-1,1,-1,1,1,1,-1,-1,-1,1,1,1,1,-1,-1,1,1,1,1,-1,1,-1,1,1,1,-1,-1,1,-1,-1,1,1,1,-1,1,-1,1,1,1,-1,1,-1,-1,1,1,1,1,-1,1,1,-1,1,1,-1,1,-1,-1,1,-1,1,1,1,1,-1,1,1,1,1,-1,-1,1,-1,1,1,1,1,1,-1,1,-1,1,-1,-1,-1,1,-1,1,1,1,-1,1,-1,1,-1,1,1,-1,1,-1,1,-1,1,1,-1,1,1,1,-1,1,1,1,1,1,1,-1,1,1,1,1,1,-1,-1,1,1,1,1,1,-1,1,1,1,1,1,-1,-1,-1,1,1,1,1,1,-1,-1,1,1,-1,1,1,-1,-1,1,-1,1,1,1,-1,-1,1,1,1,1,1,1,-1,-1,1,-1,1,-1,-1,-1,1,1,1,1,1,1,-1,-1,1,1,-1,1,-1,-1,-1,-1,1,-1,1,-1,1,1,-1,1,-1,1,-1,-1,1,-1,1,1,1,-1,-1,-1,1,-1,1,-1,-1,-1,-1,-1,1,1,1,1,1,-1,1,1,1,1,-1,-1,-1,-1,-1,1,1,-1,1,-1,1,-1,1,1,-1,-1,-1,-1,-1,1,1,-1,1,-1,-1,1,1,1,-1,-1,-1,-1,-1,1,1,1,1,-1,-1,-1,1,1,1,-1,-1,-1,1,-1,1,1,1,1,-1,-1,1,1,-1,-1,-1,-1,-1,1,1,-1,1,-1,-1,-1,-1,1,1,1,-1,-1,-1,1,1,-1,1,-1,1,-1,1,-1,-1,1,1,-1,1,-1,1,-1,1,1,-1,1,-1,1,-1,1,1,-1,1,-1,-1,-1,-1,1,-1,1,-1,1,-1,-1,1,1,1,-1,1,-1,-1,1,-1,-1,1,-1,-1,-1,1,-1,1,1,-1,1,-1,1,1,1,-1,1,-1,1,1,1,1,-1,1,-1,-1,1,-1,1,-1,1,-1,1,1,-1,1,1,-1,1,-1,1,1,1,-1,-1,-1,1,1,1,1,-1,-1,1,1,1,1,1,-1,-1,1,1,1,1,1,1,-1,-1,-1,1,1,1,1,-1,1,1,1,1,1,1,-1,1,1,1,1,1,1,-1,-1,1,1,1,1,1,1,-1,1,1,-1,1,1,-1,-1,1,-2632.0,1,2000,445,500,True
3021,-1,-1,1,1,1,1,-1,1,-1,-1,-1,1,-1,-1,-1,-1,1,-1,1,-1,-1,1,-1,-1,-1,1,-1,-1,-1,-1,-1,-1,1,-1,-1,1,1,-1,-1,1,-1,-1,1,-1,-1,-1,-1,1,-1,-1,1,-1,1,1,-1,1,-1,1,-1,-1,-1,1,-1,1,-1,-1,-1,-1,1,-1,1,-1,-1,-1,-1,1,1,1,-1,-1,-1,1,1,-1,-1,-1,-1,-1,1,1,1,-1,-1,-1,-1,1,-1,1,-1,1,-1,-1,1,1,-1,-1,-1,-1,-1,1,1,1,-1,1,-1,-1,-1,1,1,-1,-1,-1,-1,-1,1,1,-1,-1,1,-1,-1,1,-1,-1,-1,-1,-1,-1,1,-1,-1,-1,1,-1,-1,1,1,-1,-1,-1,-1,-1,-1,1,1,-1,1,-1,-1,-1,-1,1,-1,-1,1,-1,1,-1,1,-1,-1,-1,-1,1,-1,-1,-1,1,-1,-1,-1,1,1,-1,-1,-1,-1,-1,-1,-1,-1,1,-1,-1,-1,-1,1,-1,1,-1,-1,1,-1,1,-1,1,-1,-1,-1,-1,1,-1,1,1,-1,1,-1,1,-1,1,-1,1,-1,-1,1,1,-1,-1,1,-1,-1,1,-1,-1,1,-1,-1,-1,1,-1,1,-1,1,1,-1,1,1,1,-1,-1,1,-1,1,-1,-1,-1,1,-1,-1,1,-1,1,-1,1,-1,-1,1,1,-1,-1,1,1,1,1,1,-1,-1,1,-1,1,1,1,1,-1,1,-1,-1,1,1,1,-1,-1,-1,-1,1,-1,-1,-1,-1,1,1,1,1,-1,-1,1,1,-1,1,1,1,-1,-1,1,1,1,1,1,-1,1,1,1,1,-1,1,-1,-1,-1,1,1,1,1,-1,-1,1,1,1,1,-1,-1,-1,1,-1,1,1,-1,-1,-1,-1,1,1,1,1,-1,-1,1,-1,1,1,-1,-1,-1,-1,1,1,1,1,-1,-1,-1,1,-1,1,1,-1,-1,-1,1,-1,1,1,1,-1,1,1,-1,1,-1,-1,-1,-1,1,1,-1,1,1,-1,-1,-1,1,-1,1,-1,1,-1,1,-1,-1,1,-1,-1,-1,1,1,1,1,-1,1,-1,1,-1,1,-1,1,-1,1,1,-1,1,-1,1,-1,-1,1,-1,-1,-1,1,-1,1,1,1,-1,-1,1,-1,1,-1,-1,-1,1,-1,1,1,-1,1,-1,1,-1,-1,1,-1,-1,-1,1,1,1,1,-1,1,-1,-1,1,1,1,1,-1,-1,-1,1,1,1,1,1,-1,1,-1,1,1,1,-1,1,-1,1,1,-1,1,1,-1,1,1,1,1,1,-1,-1,1,1,1,1,-1,1,-1,1,1,-1,1,-1,1,-1,1,1,-1,1,-1,-1,-1,1,1,-1,1,-1,1,-1,-1,1,1,1,-1,-1,1,-1,1,-1,1,-1,1,-1,1,1,1,-1,-1,1,-1,-1,1,-1,1,-1,1,1,-1,1,1,-1,1,1,-1,-1,1,1,-1,1,1,1,1,1,1,-1,1,1,1,-1,1,1,1,-1,1,1,-1,1,-1,1,1,-1,1,-1,-1,1,-1,-1,1,-1,-1,-1,1,1,-1,1,1,-1,-1,1,1,-1,-1,1,-1,-1,-1,-1,-1,1,1,-1,-1,-1,-1,-1,1,1,-1,-1,1,1,1,-1,1,-1,-1,1,1,-1,1,1,-1,-1,-1,1,-1,-1,1,1,-1,1,1,1,1,1,1,-1,-1,1,-1,1,1,1,-1,-1,1,-1,1,1,-1,-1,1,1,-1,1,1,-1,1,1,-1,1,-1,1,1,-1,1,1,-1,1,1,-1,1,1,1,1,1,1,1,-1,-1,1,1,1,1,1,-1,1,1,-1,1,1,1,-1,-1,1,1,1,-1,1,-1,-1,1,1,1,1,1,-1,-1,-1,1,1,1,1,-1,-1,1,1,1,1,-1,1,-1,-1,1,1,-1,-1,1,-1,-1,1,1,1,-1,1,-1,1,1,1,-1,1,-1,-1,1,1,1,1,-1,1,1,-1,1,1,-1,1,1,-1,1,-1,1,1,-1,1,-1,1,1,1,1,-1,-1,1,-1,1,1,-1,1,1,-1,1,-1,1,1,-1,-1,1,-1,1,1,1,-1,1,-1,1,-1,1,1,1,1,-1,1,-1,1,1,-1,1,1,1,-1,1,1,1,1,1,1,-1,1,1,1,1,1,-1,-1,1,-1,1,1,1,-1,1,1,1,1,1,-1,-1,-1,1,1,1,1,1,-1,-1,1,1,-1,1,-1,-1,-1,1,-1,1,1,1,-1,-1,1,1,1,1,1,1,-1,1,1,-1,1,-1,-1,-1,1,1,1,1,1,1,-1,-1,1,1,1,1,-1,-1,-1,1,1,-1,1,-1,1,1,1,1,1,1,-1,-1,-1,1,1,1,1,-1,1,1,1,-1,1,-1,-1,-1,1,1,-1,1,1,1,1,-1,1,-1,1,1,-1,-1,-1,1,-1,1,1,-1,1,1,1,-1,1,1,-1,-1,-1,1,1,-1,1,-1,1,-1,1,-1,1,1,-1,-1,1,-1,1,-1,1,1,1,-1,1,1,-1,1,1,-1,-1,-1,1,-1,1,1,1,1,-1,1,-1,1,-1,1,-1,1,1,-1,1,-1,1,-1,-1,1,1,1,1,1,-1,1,1,1,1,-1,1,-1,-1,1,1,-1,-1,1,1,-1,-1,1,1,-1,1,1,-1,1,-1,1,-1,1,1,-1,1,1,-1,-1,-1,1,-1,1,-1,1,-1,-1,1,-1,1,-1,1,-1,-1,1,-1,-1,1,-1,-1,-1,1,-1,1,1,-1,1,-1,1,1,1,-1,1,-1,1,-1,1,1,-1,1,-1,-1,-1,-1,1,-1,1,-1,1,-1,1,1,1,-1,1,-1,1,1,1,-1,1,-1,1,1,-1,1,-1,-1,1,1,1,1,1,-1,-1,1,1,1,1,1,1,-1,-1,1,1,1,1,1,-1,1,1,-1,-1,1,-1,-1,1,1,1,1,1,1,-1,-1,1,1,-1,1,-1,1,-1,1,1,-1,1,1,-1,1,1,-2632.0,1,2000,445,500,True
3022,1,1,-1,-1,1,-1,-1,1,1,1,1,-1,1,1,1,1,-1,1,-1,-1,-1,1,1,1,1,-1,1,-1,1,1,1,1,1,-1,-1,1,-1,1,1,1,-1,-1,1,1,1,1,-1,-1,1,-1,1,1,1,1,-1,-1,1,-1,1,1,1,-1,-1,-1,1,1,1,-1,-1,-1,1,-1,1,1,1,-1,-1,1,-1,1,1,-1,-1,-1,-1,1,1,1,-1,-1,-1,1,-1,1,1,-1,-1,1,-1,1,1,1,-1,-1,-1,-1,-1,1,1,-1,-1,1,-1,-1,1,1,-1,-1,1,-1,-1,1,1,1,-1,-1,-1,-1,1,1,1,-1,-1,-1,-1,1,1,1,-1,-1,-1,-1,1,1,1,-1,1,-1,-1,-1,1,-1,-1,-1,1,-1,-1,-1,-1,-1,-1,1,-1,-1,1,-1,1,-1,1,-1,-1,-1,-1,-1,-1,-1,-1,1,-1,-1,-1,1,1,-1,1,-1,-1,-1,-1,-1,-1,-1,-1,-1,1,-1,1,-1,-1,-1,1,-1,-1,1,-1,1,-1,-1,-1,-1,1,-1,1,1,-1,1,-1,1,-1,1,-1,1,-1,-1,1,1,-1,-1,1,-1,1,1,1,-1,1,1,-1,-1,1,-1,1,-1,1,1,-1,1,1,-1,1,-1,1,-1,1,-1,-1,-1,1,-1,-1,1,-1,1,-1,1,-1,1,1,1,-1,-1,1,-1,1,1,1,-1,-1,1,-1,1,1,1,1,-1,1,1,-1,1,1,1,-1,-1,1,-1,1,1,-1,-1,-1,1,1,1,1,-1,-1,1,-1,1,1,-1,1,-1,-1,1,1,1,1,1,-1,1,1,1,1,-1,1,-1,-1,-1,1,1,1,1,-1,-1,1,1,1,1,-1,-1,1,-1,1,1,1,-1,-1,-1,1,-1,1,1,1,-1,-1,1,1,1,1,-1,-1,-1,-1,-1,1,1,1,-1,-1,-1,-1,-1,1,1,-1,-1,-1,-1,-1,1,1,1,-1,-1,-1,-1,1,-1,-1,-1,-1,-1,1,-1,1,1,-1,1,-1,1,-1,1,-1,1,-1,1,-1,-1,1,-1,-1,-1,-1,1,-1,1,-1,1,-1,-1,-1,1,-1,1,-1,1,1,-1,1,-1,1,-1,-1,-1,-1,-1,-1,1,-1,1,1,1,-1,-1,1,-1,1,1,-1,-1,1,-1,1,1,1,1,-1,1,-1,-1,1,-1,-1,-1,1,1,1,1,1,1,-1,-1,1,1,1,-1,-1,-1,-1,1,1,1,1,1,-1,1,-1,1,1,-1,-1,1,-1,1,1,-1,1,1,-1,1,1,1,1,1,-1,-1,1,1,1,-1,1,1,-1,1,1,-1,1,1,1,-1,1,1,-1,1,-1,-1,-1,1,1,-1,1,1,1,-1,-1,1,1,1,-1,-1,1,-1,1,-1,1,-1,1,-1,1,1,1,-1,-1,1,-1,-1,1,-1,1,1,1,1,-1,1,1,-1,1,1,-1,-1,1,1,-1,1,1,1,1,1,1,-1,1,1,1,-1,1,1,1,-1,1,1,-1,1,-1,1,-1,-1,1,-1,-1,1,-1,-1,1,-1,-1,-1,1,1,-1,-1,1,-1,-1,1,1,-1,-1,1,-1,-1,-1,-1,-1,-1,1,-1,-1,-1,-1,-1,-1,1,-1,-1,1,1,1,1,1,-1,1,1,1,-1,-1,1,-1,1,-1,1,-1,-1,1,1,-1,1,1,1,-1,1,1,-1,-1,1,-1,-1,1,1,-1,-1,1,-1,1,1,-1,-1,1,1,-1,1,1,-1,-1,1,-1,1,1,1,1,-1,1,1,-1,-1,1,1,-1,1,1,1,-1,1,1,-1,-1,1,1,1,1,1,-1,1,1,-1,-1,1,1,-1,-1,1,1,-1,1,1,-1,-1,1,1,-1,1,1,-1,-1,-1,1,-1,1,1,-1,-1,1,1,-1,1,1,1,-1,-1,1,-1,-1,-1,1,-1,-1,1,-1,1,-1,1,-1,1,1,-1,-1,1,-1,-1,1,1,-1,1,-1,1,1,-1,1,-1,1,1,1,-1,1,-1,-1,-1,-1,1,-1,1,1,-1,-1,1,-1,1,-1,1,-1,-1,1,1,-1,1,-1,-1,1,-1,-1,1,-1,1,-1,-1,-1,1,-1,1,-1,-1,-1,1,1,-1,1,-1,-1,-1,1,1,1,1,-1,-1,-1,1,1,1,1,-1,-1,-1,1,1,1,-1,-1,-1,1,1,1,1,-1,1,-1,1,1,1,-1,-1,-1,1,1,1,1,1,-1,-1,-1,-1,-1,1,1,-1,-1,-1,1,1,1,1,-1,-1,1,1,1,1,1,1,-1,-1,1,-1,1,-1,-1,-1,-1,-1,1,1,1,1,-1,1,-1,1,1,1,-1,-1,-1,-1,1,-1,1,-1,1,-1,-1,1,1,1,-1,-1,1,-1,1,1,1,-1,-1,-1,1,-1,1,-1,-1,-1,1,1,-1,1,1,1,1,1,-1,1,1,1,-1,-1,1,1,-1,1,1,-1,1,1,1,-1,1,1,-1,-1,1,1,1,-1,1,-1,1,1,1,-1,1,1,-1,-1,1,1,1,-1,1,1,1,-1,1,1,-1,1,1,-1,1,1,1,-1,1,1,1,1,1,1,-1,1,-1,-1,1,1,1,-1,1,-1,1,1,1,1,1,-1,1,1,1,1,1,1,1,-1,1,1,-1,1,1,-1,-1,1,1,1,1,-1,1,-1,1,1,1,1,1,1,-1,1,1,1,1,1,-1,-1,-1,1,1,-1,1,1,-1,-1,1,1,-1,1,-1,1,-1,1,1,1,-1,-1,-1,-1,1,1,1,1,-1,1,-1,-1,1,1,-1,1,-1,1,1,1,1,-1,1,1,-1,1,1,1,-1,1,-1,1,1,-1,1,1,1,-1,-1,-1,1,1,-1,-1,1,1,1,1,-1,-1,1,-1,1,1,1,1,-1,1,-1,1,1,1,1,-1,1,1,1,1,1,1,-1,1,-1,1,1,1,1,-1,1,-1,-1,1,-1,1,-1,1,1,1,1,-1,1,1,-1,1,1,1,-1,1,-1,1,-1,1,-2632.0,1,2000,445,500,True
3023,1,1,-1,-1,1,1,-1,1,1,1,1,-1,-1,-1,1,1,-1,1,-1,-1,-1,1,1,1,1,1,-1,-1,1,1,1,1,-1,-1,-1,1,-1,1,1,1,-1,-1,1,1,1,1,1,1,-1,-1,1,1,-1,1,-1,1,-1,-1,1,1,1,-1,-1,1,1,1,1,1,1,-1,1,-1,1,1,1,1,1,1,-1,1,1,-1,1,-1,-1,1,1,1,1,1,1,-1,-1,1,1,1,-1,1,-1,1,1,1,1,1,-1,-1,-1,1,1,1,1,1,-1,-1,1,1,1,1,1,-1,-1,1,1,1,1,1,-1,-1,1,1,1,1,-1,-1,-1,1,1,1,1,-1,-1,-1,1,1,1,1,1,-1,-1,-1,1,1,1,1,1,-1,1,-1,1,1,-1,-1,-1,-1,1,-1,1,-1,1,-1,-1,-1,1,1,-1,-1,-1,1,1,1,-1,1,1,-1,-1,-1,1,-1,-1,-1,-1,-1,-1,1,-1,-1,1,-1,-1,-1,1,-1,-1,1,-1,-1,1,1,1,-1,1,-1,1,1,-1,-1,-1,1,1,1,-1,1,1,-1,1,1,-1,-1,-1,1,-1,1,1,-1,1,1,1,-1,1,1,-1,1,-1,-1,-1,1,1,-1,-1,-1,1,-1,1,-1,1,-1,1,-1,-1,1,1,-1,-1,-1,1,-1,1,-1,-1,-1,-1,1,-1,1,-1,1,-1,-1,1,-1,1,-1,1,-1,-1,1,-1,1,-1,1,-1,-1,1,-1,1,1,-1,-1,-1,1,-1,1,-1,-1,-1,-1,1,-1,1,1,1,-1,-1,1,1,1,-1,-1,-1,1,-1,1,1,1,-1,-1,-1,-1,1,1,-1,1,-1,-1,1,1,1,-1,1,-1,-1,1,-1,1,-1,1,-1,-1,-1,1,1,-1,-1,-1,-1,1,-1,1,-1,-1,-1,-1,-1,1,1,-1,-1,-1,-1,-1,1,-1,-1,-1,-1,-1,-1,1,-1,-1,-1,1,-1,-1,1,-1,-1,1,1,-1,-1,1,1,-1,-1,1,-1,1,-1,1,-1,-1,-1,1,-1,1,-1,1,-1,-1,-1,-1,1,1,-1,-1,1,1,-1,1,1,-1,-1,1,-1,1,1,1,-1,1,1,-1,-1,1,-1,-1,-1,1,-1,1,1,1,-1,-1,1,-1,1,1,-1,-1,-1,1,1,1,-1,-1,-1,-1,1,-1,1,-1,1,-1,1,1,1,1,-1,1,-1,-1,1,1,1,1,1,1,-1,1,1,1,1,1,-1,-1,-1,1,1,1,1,-1,1,1,1,-1,1,1,-1,1,-1,1,1,1,-1,-1,-1,1,1,1,-1,-1,1,-1,1,-1,1,-1,-1,1,-1,1,-1,1,-1,-1,1,1,-1,-1,1,1,-1,-1,-1,-1,1,1,-1,-1,1,-1,1,-1,1,-1,-1,1,-1,-1,-1,1,-1,1,1,-1,1,-1,1,-1,-1,1,-1,-1,-1,-1,1,-1,1,-1,-1,1,-1,1,-1,-1,1,1,1,-1,1,-1,1,-1,1,-1,1,-1,1,1,-1,1,-1,-1,1,-1,1,-1,-1,1,-1,1,1,-1,-1,-1,1,1,1,1,1,-1,-1,1,-1,1,-1,1,-1,-1,-1,1,1,1,1,-1,-1,-1,-1,1,-1,1,-1,-1,1,1,1,1,1,-1,-1,-1,1,1,-1,1,-1,-1,-1,-1,1,-1,1,1,-1,1,-1,1,-1,1,-1,1,1,1,-1,-1,1,1,-1,1,-1,1,1,1,-1,1,1,1,-1,1,1,-1,-1,1,1,-1,1,1,-1,1,1,1,-1,-1,1,1,1,1,1,1,-1,1,1,1,1,1,-1,1,1,-1,1,1,1,-1,-1,1,1,1,1,1,1,-1,1,1,1,1,1,-1,-1,1,1,-1,1,-1,-1,-1,1,1,1,1,1,-1,-1,1,1,1,1,1,1,-1,-1,-1,1,1,1,1,-1,1,-1,1,1,-1,1,-1,1,1,1,1,1,1,-1,1,-1,1,1,-1,1,-1,1,1,-1,1,1,1,-1,-1,1,-1,1,-1,1,-1,-1,1,-1,1,1,1,-1,-1,1,1,1,1,1,-1,-1,1,1,-1,1,1,-1,-1,-1,1,-1,-1,1,-1,-1,1,1,1,1,1,-1,-1,1,1,-1,1,1,-1,-1,1,-1,1,-1,1,-1,-1,1,1,1,-1,1,-1,1,-1,1,-1,-1,1,-1,1,1,1,-1,-1,1,1,1,1,1,-1,1,1,-1,-1,-1,1,1,-1,1,-1,1,1,1,1,-1,-1,-1,1,1,1,1,-1,1,1,-1,1,1,-1,-1,-1,-1,-1,1,1,1,-1,1,1,-1,1,-1,1,-1,-1,-1,-1,-1,1,1,-1,1,-1,-1,1,1,1,-1,1,1,-1,1,1,1,-1,1,-1,1,1,1,-1,-1,1,-1,-1,1,1,1,1,1,-1,1,1,1,1,-1,1,-1,-1,1,1,1,-1,1,-1,-1,-1,1,1,-1,-1,1,-1,-1,1,1,-1,1,-1,-1,1,1,1,-1,-1,1,-1,-1,1,1,1,1,1,-1,-1,1,1,1,-1,1,-1,1,-1,1,1,1,1,-1,-1,1,1,-1,-1,-1,-1,-1,1,1,-1,1,-1,-1,-1,1,-1,1,1,1,-1,-1,1,1,-1,1,-1,1,-1,1,-1,-1,1,1,-1,1,-1,1,-1,1,1,-1,1,-1,1,-1,1,1,-1,1,-1,-1,-1,-1,1,-1,1,-1,1,-1,-1,1,-1,1,-1,1,-1,-1,1,-1,-1,1,-1,-1,-1,1,-1,1,1,-1,1,-1,1,1,1,-1,1,-1,1,-1,1,-1,1,1,-1,-1,-1,-1,1,-1,1,-1,1,-1,1,1,1,-1,1,-1,1,1,1,-1,1,-1,1,1,-1,1,1,-1,1,1,1,1,1,1,-1,1,1,1,1,1,1,-1,1,1,1,1,1,1,-1,-1,1,-1,-1,1,1,-1,1,1,1,1,1,1,-1,-1,1,1,-1,1,1,1,-1,1,1,-1,1,1,-1,-1,1,-2632.0,1,2000,445,500,True
3024,1,1,-1,-1,1,1,-1,1,1,1,1,-1,1,-1,1,1,-1,1,-1,-1,-1,1,1,1,1,1,-1,-1,1,1,1,1,-1,-1,-1,1,-1,1,1,1,-1,-1,1,1,1,1,1,1,-1,-1,1,1,-1,1,-1,1,1,-1,1,1,1,-1,-1,-1,1,1,1,1,1,-1,1,-1,1,1,1,1,1,1,-1,1,1,-1,1,-1,-1,1,1,1,1,1,1,1,-1,1,1,1,-1,1,-1,-1,1,1,1,1,-1,-1,-1,1,1,1,1,1,-1,-1,1,1,1,1,1,-1,-1,1,1,1,1,1,-1,-1,1,1,1,1,-1,-1,-1,-1,1,1,1,-1,-1,-1,-1,1,1,1,1,-1,-1,-1,1,1,1,1,1,-1,1,-1,1,1,-1,-1,-1,-1,1,-1,1,-1,1,-1,-1,-1,1,1,-1,-1,-1,1,-1,1,-1,1,1,-1,-1,-1,1,-1,-1,-1,-1,-1,-1,1,-1,-1,1,-1,-1,-1,1,-1,-1,1,-1,-1,1,1,1,-1,1,-1,1,1,-1,-1,-1,1,-1,1,-1,1,1,-1,1,1,-1,-1,1,1,-1,1,-1,-1,1,-1,1,-1,1,-1,-1,-1,1,-1,-1,1,1,-1,1,-1,1,-1,1,-1,-1,-1,1,-1,-1,1,-1,1,-1,1,1,-1,1,1,-1,-1,1,1,-1,1,1,-1,-1,1,1,-1,1,1,1,-1,1,1,-1,1,1,1,-1,1,1,-1,1,-1,-1,-1,-1,1,1,1,1,-1,-1,1,1,-1,1,1,1,-1,-1,1,1,1,1,1,-1,1,1,1,1,-1,1,-1,-1,1,1,1,1,1,-1,-1,1,1,1,1,-1,-1,1,1,-1,1,1,-1,-1,-1,1,1,1,1,1,-1,1,1,-1,1,1,-1,-1,-1,-1,1,-1,1,1,-1,-1,-1,1,1,1,1,-1,-1,1,1,1,1,1,1,1,-1,1,1,1,-1,1,-1,-1,1,-1,1,-1,1,-1,1,-1,-1,1,1,-1,1,-1,1,1,1,-1,-1,-1,-1,1,-1,1,-1,1,1,-1,1,1,-1,-1,1,1,1,1,1,-1,-1,1,1,-1,1,1,-1,-1,1,1,1,1,-1,-1,-1,1,1,1,1,1,1,-1,1,-1,1,-1,1,-1,-1,1,1,1,-1,1,-1,1,1,1,1,-1,-1,1,-1,1,1,1,1,-1,-1,-1,1,1,1,1,-1,1,-1,-1,1,1,1,-1,1,-1,1,1,-1,1,-1,1,-1,1,-1,1,1,1,1,1,1,1,1,-1,1,-1,1,1,-1,1,-1,1,-1,1,1,-1,1,-1,1,1,-1,1,-1,1,-1,1,1,1,-1,1,1,-1,1,1,-1,1,-1,1,1,1,-1,1,1,1,-1,1,1,-1,1,-1,-1,1,-1,1,1,1,1,-1,-1,1,1,-1,1,1,1,-1,1,1,1,-1,1,1,-1,1,1,1,1,-1,-1,1,-1,1,1,-1,-1,1,1,-1,-1,1,-1,1,-1,1,-1,1,-1,-1,-1,-1,-1,-1,-1,1,-1,-1,-1,1,-1,-1,1,-1,-1,-1,1,-1,-1,1,-1,-1,1,1,-1,-1,1,-1,-1,-1,-1,1,1,1,-1,1,-1,-1,-1,-1,1,-1,-1,1,1,-1,-1,1,1,-1,-1,-1,1,-1,1,1,-1,-1,1,-1,-1,1,1,-1,-1,1,-1,1,1,-1,-1,-1,-1,-1,1,1,-1,1,-1,-1,1,1,1,1,-1,1,-1,-1,-1,1,-1,1,1,-1,1,-1,1,1,-1,-1,1,1,1,1,1,-1,1,1,-1,-1,1,1,-1,-1,1,1,-1,1,1,-1,-1,1,-1,-1,1,1,-1,-1,1,1,-1,1,1,-1,-1,1,1,-1,1,1,1,-1,1,-1,-1,1,-1,1,-1,1,-1,-1,1,-1,-1,1,1,1,-1,1,1,-1,1,1,-1,-1,1,-1,1,1,-1,-1,-1,1,1,-1,1,1,-1,-1,1,1,1,-1,1,-1,-1,-1,1,-1,1,1,-1,-1,-1,1,1,-1,1,-1,-1,1,-1,-1,1,-1,-1,-1,-1,-1,1,-1,1,-1,-1,-1,1,1,-1,1,-1,-1,-1,1,1,1,1,-1,-1,-1,1,1,1,1,-1,-1,-1,1,1,1,-1,-1,-1,1,1,1,-1,-1,1,-1,1,1,1,-1,-1,-1,1,1,1,1,-1,-1,-1,-1,-1,-1,1,-1,-1,-1,-1,1,1,1,1,-1,-1,-1,-1,1,1,1,-1,1,1,-1,1,1,-1,-1,-1,-1,-1,1,1,1,-1,-1,1,-1,1,1,1,-1,1,-1,-1,1,-1,1,-1,1,-1,-1,1,1,1,-1,-1,1,-1,1,1,1,-1,1,-1,1,-1,1,-1,-1,1,-1,-1,-1,1,-1,-1,1,-1,1,-1,1,-1,-1,1,-1,-1,-1,1,-1,1,1,-1,-1,-1,1,1,-1,-1,1,-1,-1,-1,1,-1,1,-1,-1,1,-1,-1,1,-1,1,-1,-1,-1,1,-1,1,1,-1,1,-1,-1,1,-1,1,-1,1,-1,1,1,1,1,-1,-1,-1,1,-1,-1,-1,-1,-1,-1,1,-1,1,-1,-1,-1,1,-1,1,1,-1,-1,-1,-1,1,-1,1,-1,1,-1,1,-1,-1,1,1,-1,1,-1,1,-1,1,1,-1,1,-1,1,-1,1,1,-1,1,1,-1,-1,-1,1,-1,1,-1,1,-1,-1,1,-1,1,-1,1,-1,-1,1,-1,-1,1,-1,-1,-1,1,-1,1,1,-1,1,-1,1,1,1,-1,1,-1,1,-1,1,1,-1,1,-1,-1,-1,-1,1,-1,1,-1,1,-1,1,1,1,-1,1,-1,1,1,1,-1,1,-1,1,1,-1,1,-1,-1,1,1,1,1,1,-1,-1,1,1,1,1,1,1,-1,-1,-1,1,1,1,1,-1,1,1,-1,-1,1,1,-1,1,1,1,1,1,1,-1,-1,1,1,-1,1,1,1,-1,1,1,-1,1,1,-1,-1,1,-2632.0,1,2000,445,500,True
3025,-1,-1,1,1,1,1,-1,1,-1,-1,-1,1,-1,1,-1,-1,1,-1,1,-1,-1,1,-1,-1,-1,1,-1,-1,-1,-1,-1,-1,1,-1,-1,1,1,-1,-1,1,-1,-1,1,-1,-1,-1,-1,1,-1,-1,-1,-1,1,1,-1,-1,-1,1,-1,-1,-1,1,-1,1,-1,-1,-1,-1,1,-1,1,-1,-1,-1,1,1,-1,1,-1,-1,-1,1,1,-1,-1,-1,-1,1,1,1,1,-1,-1,-1,1,1,-1,-1,-1,1,-1,1,1,1,-1,-1,-1,-1,1,1,1,-1,-1,-1,-1,1,1,1,1,-1,-1,-1,-1,1,1,-1,-1,-1,-1,1,1,1,-1,-1,-1,1,1,1,1,-1,-1,-1,1,-1,1,1,1,-1,-1,-1,-1,1,1,-1,1,-1,1,1,1,1,-1,1,-1,-1,1,-1,1,-1,1,-1,1,-1,1,1,-1,-1,-1,-1,1,1,-1,1,1,-1,1,-1,1,-1,-1,-1,-1,1,-1,1,-1,-1,1,-1,1,-1,1,-1,-1,1,-1,1,1,1,1,-1,1,-1,1,-1,1,-1,-1,1,-1,1,-1,1,1,-1,1,1,-1,1,-1,1,-1,1,1,1,-1,1,1,-1,1,-1,1,-1,1,1,-1,1,1,1,-1,-1,1,-1,1,-1,-1,-1,1,-1,-1,1,-1,1,-1,1,1,-1,1,1,-1,-1,1,-1,1,1,1,-1,-1,1,-1,1,1,1,1,-1,-1,1,-1,1,1,1,-1,1,1,-1,1,1,-1,-1,-1,1,1,1,1,-1,-1,-1,1,-1,1,-1,1,-1,1,1,1,1,1,1,-1,1,1,1,1,-1,1,-1,-1,-1,1,1,1,1,-1,-1,1,1,1,1,-1,-1,1,1,-1,1,1,-1,-1,-1,-1,1,1,1,1,-1,-1,1,-1,1,1,-1,-1,-1,-1,1,1,1,-1,-1,-1,-1,1,-1,1,-1,-1,-1,-1,1,-1,1,1,-1,-1,1,1,-1,1,1,1,-1,-1,1,1,-1,1,-1,-1,-1,-1,1,-1,1,-1,-1,-1,1,-1,-1,1,1,1,1,1,1,1,1,-1,1,-1,1,-1,1,-1,-1,1,-1,1,-1,1,1,-1,-1,1,1,-1,-1,-1,1,1,1,1,1,-1,1,-1,1,-1,1,-1,-1,1,-1,1,1,-1,1,-1,1,-1,1,-1,1,-1,-1,-1,1,1,1,-1,1,-1,1,1,1,1,1,-1,-1,-1,1,1,1,1,1,-1,-1,1,-1,1,1,-1,1,-1,1,1,-1,1,1,-1,1,1,1,1,1,-1,-1,1,1,1,1,-1,1,-1,1,1,-1,1,-1,1,-1,1,1,-1,1,-1,-1,-1,1,1,-1,1,-1,1,-1,-1,1,1,1,-1,-1,1,-1,1,-1,1,1,1,-1,1,1,1,-1,1,1,-1,-1,1,-1,1,1,1,1,-1,1,1,-1,1,1,-1,-1,1,1,-1,1,1,1,1,1,1,-1,1,1,1,-1,1,1,1,-1,1,1,-1,1,-1,1,-1,1,-1,-1,-1,1,-1,-1,1,-1,-1,-1,1,1,-1,1,1,-1,-1,1,1,-1,-1,1,-1,-1,-1,-1,-1,1,1,-1,-1,-1,-1,-1,1,1,-1,-1,1,1,1,-1,1,-1,1,1,1,-1,1,1,-1,1,-1,1,-1,-1,1,1,-1,1,1,1,1,1,1,-1,-1,1,-1,1,1,1,-1,-1,1,-1,1,1,-1,-1,1,1,-1,1,1,-1,-1,1,-1,1,1,1,1,-1,1,1,-1,1,1,1,-1,1,1,1,1,1,1,-1,-1,1,1,1,1,1,-1,1,1,-1,1,1,1,-1,-1,1,1,1,-1,1,-1,-1,1,-1,1,1,1,-1,-1,-1,1,1,1,1,-1,-1,1,1,1,1,-1,1,-1,-1,1,1,-1,-1,1,-1,-1,1,1,1,-1,1,-1,1,1,1,-1,-1,-1,-1,1,1,1,1,-1,1,-1,1,1,1,-1,1,1,-1,1,1,1,1,-1,1,-1,1,1,1,1,-1,-1,-1,-1,1,1,1,-1,1,1,-1,-1,1,1,-1,-1,1,-1,1,1,1,-1,1,-1,1,-1,1,1,-1,1,1,-1,1,1,1,-1,1,1,-1,-1,1,1,-1,1,1,1,-1,1,-1,1,1,1,-1,-1,1,-1,1,1,1,-1,1,1,1,1,1,1,-1,-1,1,-1,1,1,1,-1,-1,1,-1,1,-1,1,-1,-1,1,-1,1,1,-1,-1,-1,1,1,1,1,-1,1,-1,1,-1,1,1,1,-1,-1,1,-1,1,1,1,1,-1,-1,-1,1,-1,1,-1,-1,-1,-1,-1,1,1,-1,1,1,-1,1,-1,1,-1,-1,1,-1,1,1,-1,1,1,-1,1,1,1,1,-1,1,1,-1,-1,1,-1,1,1,-1,1,-1,1,1,-1,-1,-1,-1,-1,1,1,-1,1,1,-1,-1,-1,1,-1,-1,-1,-1,-1,-1,1,-1,1,-1,-1,-1,1,1,-1,-1,1,-1,-1,-1,1,-1,1,-1,-1,-1,-1,1,-1,-1,-1,-1,1,-1,1,1,1,1,-1,-1,-1,1,-1,1,-1,-1,-1,-1,1,-1,1,-1,-1,-1,1,1,1,1,-1,-1,1,1,-1,-1,1,-1,1,-1,1,1,-1,1,1,-1,-1,1,1,-1,1,1,-1,1,-1,1,-1,1,1,-1,1,1,-1,-1,-1,1,-1,1,-1,1,-1,-1,1,1,1,-1,1,1,-1,1,-1,-1,1,-1,-1,-1,1,-1,1,1,-1,-1,-1,1,1,1,-1,1,1,-1,1,1,1,-1,1,-1,-1,1,-1,1,-1,-1,-1,1,1,-1,1,1,-1,1,-1,1,1,1,-1,-1,-1,1,1,1,1,-1,-1,1,1,1,1,1,-1,-1,1,1,1,1,1,1,-1,-1,-1,1,1,1,1,-1,1,1,1,1,1,-1,-1,1,1,1,1,1,1,-1,-1,1,1,1,1,-1,1,-1,1,1,-1,1,1,-1,-1,1,-2632.0,1,2000,445,500,True
3026,1,1,-1,-1,1,1,-1,1,1,1,1,-1,1,1,1,1,-1,1,-1,-1,1,1,1,1,1,-1,-1,-1,1,1,1,1,1,-1,-1,1,-1,1,1,1,-1,-1,1,1,1,1,1,-1,1,-1,1,1,-1,1,-1,-1,-1,-1,1,1,-1,-1,-1,-1,1,1,1,1,-1,-1,1,-1,1,1,1,-1,-1,1,-1,1,1,-1,-1,-1,-1,1,1,1,-1,-1,-1,1,1,1,1,-1,-1,1,-1,1,1,1,-1,-1,1,-1,1,1,1,1,-1,1,-1,-1,1,1,1,-1,1,-1,1,1,1,1,-1,1,-1,-1,1,1,1,-1,1,-1,1,1,1,1,-1,-1,-1,-1,1,1,1,-1,1,-1,-1,1,1,1,-1,-1,1,-1,1,-1,1,-1,1,1,-1,1,-1,-1,-1,1,-1,1,-1,-1,1,-1,1,-1,1,1,-1,1,1,-1,1,-1,-1,-1,1,1,1,-1,1,-1,-1,1,1,1,1,-1,-1,-1,1,1,1,1,-1,-1,1,1,-1,1,1,1,-1,1,-1,1,1,1,-1,-1,-1,1,1,1,1,1,-1,-1,1,1,1,1,1,-1,-1,1,1,1,1,-1,-1,-1,1,1,1,1,1,-1,-1,1,-1,1,1,-1,-1,-1,-1,1,1,1,-1,-1,1,-1,1,-1,1,1,-1,1,-1,1,-1,1,-1,-1,-1,-1,1,-1,1,1,-1,-1,1,-1,1,1,1,-1,-1,-1,-1,1,1,-1,-1,-1,1,-1,-1,1,1,-1,-1,-1,1,-1,1,1,-1,-1,-1,-1,-1,1,1,1,-1,1,-1,-1,1,-1,1,-1,-1,1,-1,1,1,1,-1,-1,1,-1,1,1,-1,-1,-1,1,1,1,1,-1,-1,1,-1,-1,1,1,1,-1,1,-1,1,1,1,-1,-1,-1,1,-1,-1,1,1,-1,-1,1,-1,1,1,-1,-1,-1,1,-1,1,1,1,1,-1,1,-1,1,1,1,1,-1,1,-1,-1,1,1,1,-1,1,1,-1,1,1,-1,-1,1,-1,1,1,1,1,1,1,-1,-1,1,1,1,-1,1,-1,1,1,1,1,-1,1,1,1,1,1,1,1,-1,-1,1,1,1,1,-1,1,1,-1,1,1,-1,1,1,1,1,1,1,-1,1,-1,1,1,1,-1,1,1,1,-1,1,1,-1,-1,1,1,1,-1,1,1,-1,1,1,-1,1,1,1,-1,1,1,1,-1,1,1,-1,1,-1,1,1,-1,1,-1,1,1,1,-1,1,-1,-1,1,1,1,1,1,-1,-1,1,-1,1,1,1,-1,1,-1,1,1,1,1,-1,1,-1,1,-1,1,1,-1,1,1,1,1,-1,1,-1,1,-1,1,-1,1,1,-1,-1,-1,1,-1,-1,1,-1,-1,-1,1,-1,-1,1,-1,1,-1,1,1,-1,1,-1,-1,-1,-1,1,-1,1,-1,-1,1,-1,1,-1,-1,1,1,1,-1,1,-1,1,-1,1,1,-1,-1,1,1,-1,-1,1,1,1,1,-1,-1,1,-1,1,1,1,-1,-1,-1,1,-1,1,1,1,-1,-1,-1,1,1,-1,1,-1,-1,-1,1,1,-1,1,-1,-1,1,1,1,-1,1,-1,-1,-1,-1,1,1,1,-1,1,-1,-1,1,-1,1,-1,1,1,-1,1,-1,1,1,-1,-1,-1,-1,-1,1,1,-1,-1,-1,-1,-1,1,-1,-1,-1,-1,1,1,1,-1,-1,-1,-1,1,1,1,-1,1,-1,1,-1,-1,1,1,-1,-1,-1,-1,-1,1,1,-1,-1,-1,1,-1,1,1,-1,-1,-1,-1,1,-1,1,-1,1,-1,-1,-1,-1,1,-1,-1,-1,-1,-1,-1,1,-1,-1,-1,-1,-1,-1,-1,1,-1,1,-1,-1,-1,-1,-1,-1,-1,-1,-1,-1,1,1,-1,-1,1,-1,-1,1,1,-1,-1,1,1,-1,1,-1,-1,1,-1,-1,1,1,-1,-1,-1,1,-1,1,1,1,-1,1,1,-1,-1,1,1,-1,1,1,-1,-1,1,1,-1,-1,1,-1,-1,1,1,-1,1,1,-1,-1,1,1,1,1,1,-1,-1,1,1,-1,1,1,-1,-1,1,1,-1,1,1,-1,-1,1,1,1,-1,1,-1,-1,1,1,1,-1,1,-1,-1,1,1,1,-1,1,-1,-1,1,1,-1,1,-1,-1,1,1,1,-1,1,1,-1,1,1,1,-1,1,1,1,1,1,1,1,-1,1,-1,-1,-1,1,-1,1,1,-1,1,1,1,1,1,1,-1,-1,1,1,-1,1,-1,1,-1,-1,1,1,-1,1,-1,-1,1,1,1,1,1,1,-1,1,-1,1,-1,-1,-1,-1,1,-1,1,-1,1,-1,-1,1,-1,1,-1,1,1,-1,1,1,-1,-1,1,-1,1,-1,1,1,-1,1,1,-1,1,-1,1,1,1,-1,1,1,1,1,-1,1,1,-1,1,-1,1,-1,1,1,-1,-1,1,1,-1,1,1,-1,-1,1,1,-1,1,1,-1,1,1,1,-1,1,1,1,-1,1,-1,-1,1,-1,1,-1,1,1,-1,1,1,1,-1,1,-1,-1,1,1,1,-1,1,-1,1,-1,1,1,1,1,-1,-1,1,1,1,1,1,-1,1,1,1,1,-1,-1,1,-1,1,1,-1,1,-1,-1,-1,-1,1,1,-1,1,-1,-1,1,1,1,-1,-1,-1,1,1,1,1,-1,-1,1,-1,-1,1,1,-1,1,-1,-1,-1,1,1,-1,1,-1,1,-1,1,1,1,1,1,1,-1,1,1,-1,-1,1,1,-1,1,1,-1,1,-1,-1,1,1,-1,-1,1,1,1,-1,1,1,-1,1,1,-1,1,1,-1,-1,1,1,-1,-1,-1,-1,-1,1,-1,1,1,1,-1,1,1,1,-1,1,1,1,-1,1,1,-1,1,1,1,-1,1,1,1,1,1,1,-1,1,1,-1,1,1,1,-1,1,1,-1,-1,-1,-1,-1,1,1,1,1,1,-1,-1,-1,-1,1,1,-1,1,-1,1,1,-1,1,-2632.0,1,2000,445,1000,True
3027,-1,-1,1,1,1,1,-1,1,-1,-1,-1,1,-1,-1,-1,-1,1,-1,1,-1,-1,1,-1,-1,-1,1,-1,-1,1,-1,-1,-1,1,-1,-1,1,1,-1,-1,1,-1,-1,1,-1,-1,-1,1,1,-1,-1,-1,-1,1,1,-1,1,-1,1,-1,-1,1,1,-1,1,-1,-1,-1,1,1,-1,1,-1,-1,-1,1,1,1,1,-1,-1,-1,-1,1,-1,-1,-1,-1,1,1,1,1,-1,-1,-1,-1,1,-1,1,-1,1,-1,-1,1,1,-1,-1,-1,-1,1,1,1,1,-1,-1,-1,-1,1,1,1,-1,-1,-1,-1,1,1,1,-1,-1,1,-1,1,1,-1,-1,-1,1,-1,1,1,-1,-1,-1,1,-1,-1,1,1,-1,-1,-1,-1,1,1,1,1,-1,1,-1,-1,1,-1,-1,-1,-1,1,-1,1,-1,1,-1,-1,-1,1,1,-1,-1,-1,1,-1,1,-1,1,1,-1,-1,-1,1,-1,-1,-1,-1,1,-1,1,-1,-1,1,-1,1,-1,1,-1,-1,1,-1,1,-1,1,1,-1,1,-1,1,1,-1,-1,-1,1,-1,1,-1,1,1,-1,1,1,-1,-1,1,1,-1,1,1,-1,1,-1,1,-1,1,-1,1,-1,1,-1,-1,1,1,-1,-1,-1,1,-1,1,-1,-1,-1,1,-1,-1,1,-1,1,-1,1,1,-1,1,1,-1,-1,1,-1,1,1,1,-1,-1,1,-1,1,1,1,1,-1,1,1,-1,1,1,1,-1,-1,1,-1,1,1,-1,-1,-1,1,1,1,1,-1,-1,1,1,-1,1,1,1,-1,-1,1,1,1,1,1,-1,1,1,1,1,-1,1,-1,-1,-1,1,1,1,1,-1,-1,1,1,1,1,-1,-1,1,1,-1,1,1,-1,-1,-1,-1,1,1,1,1,-1,-1,1,-1,1,1,-1,-1,-1,-1,1,1,1,1,-1,-1,-1,1,-1,1,1,-1,-1,-1,1,-1,1,1,1,-1,-1,1,-1,1,-1,-1,-1,-1,1,1,-1,1,1,-1,1,1,1,-1,1,-1,1,-1,1,-1,-1,1,-1,-1,-1,1,1,1,1,-1,1,-1,1,-1,1,-1,1,-1,1,1,-1,1,-1,1,-1,-1,1,-1,-1,-1,1,-1,1,1,1,-1,-1,1,-1,1,1,-1,-1,1,-1,1,1,-1,1,-1,1,-1,-1,1,1,-1,-1,1,1,1,1,-1,1,-1,-1,1,1,1,1,-1,-1,-1,1,1,1,1,1,-1,1,-1,-1,1,1,-1,1,-1,1,1,-1,1,1,-1,1,1,1,1,1,-1,-1,1,1,1,1,-1,1,-1,1,1,-1,1,-1,1,-1,1,1,-1,1,-1,-1,-1,1,1,-1,1,-1,1,-1,-1,1,1,1,-1,-1,1,-1,1,-1,1,1,1,-1,1,1,1,-1,1,1,-1,-1,1,-1,1,-1,1,1,-1,1,1,-1,1,1,-1,-1,1,1,-1,1,1,1,1,1,1,-1,1,1,1,-1,1,1,1,-1,1,1,-1,1,-1,1,-1,-1,1,-1,-1,1,-1,-1,1,-1,-1,-1,1,1,-1,1,1,-1,-1,1,1,-1,-1,1,-1,-1,-1,-1,-1,1,1,-1,-1,-1,-1,-1,1,1,-1,-1,1,1,1,-1,1,-1,-1,1,1,-1,1,1,-1,-1,-1,1,-1,-1,1,1,-1,1,1,1,1,1,1,-1,-1,1,-1,1,1,1,-1,-1,1,-1,1,1,-1,-1,1,1,-1,1,1,-1,-1,1,-1,1,1,1,1,-1,1,1,-1,1,1,1,-1,1,1,1,1,1,1,-1,-1,1,1,1,1,1,-1,1,1,-1,1,1,1,-1,-1,1,1,1,-1,1,-1,-1,1,1,1,1,1,-1,-1,-1,1,1,1,1,-1,-1,1,1,1,1,-1,1,-1,-1,1,1,-1,-1,1,-1,-1,1,1,1,-1,1,-1,1,1,1,-1,1,-1,-1,1,1,1,1,-1,1,1,-1,1,1,-1,1,-1,-1,1,1,1,1,1,1,-1,1,1,1,1,-1,-1,1,-1,1,1,-1,1,1,-1,1,-1,1,1,-1,-1,1,-1,1,1,1,-1,1,-1,1,-1,1,1,1,1,-1,1,-1,1,1,-1,1,1,1,-1,1,1,1,1,1,1,-1,1,1,1,1,1,-1,-1,1,-1,1,1,1,-1,1,1,1,1,1,-1,-1,-1,-1,1,1,1,1,-1,-1,1,1,-1,1,-1,-1,-1,1,-1,1,1,1,-1,-1,1,1,1,1,1,1,-1,-1,1,-1,1,-1,-1,-1,1,1,1,1,1,1,-1,-1,1,1,1,1,-1,-1,-1,-1,1,-1,1,-1,1,1,-1,1,1,1,-1,-1,1,-1,1,1,1,-1,-1,-1,1,-1,1,-1,-1,1,-1,-1,-1,1,1,1,1,-1,1,-1,1,1,-1,-1,-1,-1,-1,1,1,-1,1,-1,1,-1,1,1,-1,-1,-1,-1,-1,-1,1,-1,1,-1,-1,1,1,1,-1,-1,1,-1,-1,-1,1,1,1,-1,-1,1,-1,1,1,-1,-1,-1,1,-1,1,1,1,1,-1,-1,-1,1,-1,1,-1,-1,-1,-1,1,-1,1,-1,-1,-1,1,-1,1,1,-1,-1,1,1,1,-1,1,-1,1,-1,1,-1,-1,1,1,-1,1,1,1,-1,1,1,-1,1,-1,1,-1,1,1,-1,1,1,-1,-1,-1,1,-1,1,-1,1,-1,-1,1,-1,1,-1,1,-1,-1,1,-1,-1,1,-1,-1,-1,1,-1,1,1,-1,1,-1,1,1,1,-1,1,-1,1,-1,1,1,-1,-1,-1,-1,-1,-1,1,-1,1,-1,1,-1,1,1,1,-1,1,-1,1,1,1,-1,-1,-1,1,1,-1,1,-1,-1,1,1,1,1,1,-1,-1,1,1,1,1,1,1,-1,-1,-1,1,1,1,1,-1,1,1,-1,-1,1,-1,-1,1,1,1,1,1,1,-1,-1,1,1,-1,1,-1,1,-1,1,1,-1,1,1,-1,-1,1,-2632.0,1,2000,445,500,True
3028,-1,-1,1,1,1,1,-1,1,-1,-1,-1,1,-1,-1,-1,-1,1,-1,1,-1,-1,1,-1,-1,-1,1,-1,-1,-1,-1,-1,-1,1,-1,-1,1,1,-1,-1,1,-1,-1,1,-1,-1,-1,1,1,-1,-1,-1,-1,1,1,-1,1,-1,1,-1,-1,1,1,-1,1,-1,-1,-1,1,1,-1,1,-1,-1,-1,1,1,1,1,-1,-1,-1,-1,1,-1,-1,-1,-1,1,1,1,1,-1,-1,-1,-1,1,-1,1,-1,1,-1,-1,1,1,-1,-1,-1,-1,-1,1,1,1,-1,-1,-1,-1,1,1,1,-1,-1,-1,-1,1,1,1,-1,-1,1,-1,1,1,-1,-1,-1,-1,-1,1,1,-1,-1,-1,1,-1,-1,1,1,-1,-1,-1,-1,1,1,1,1,-1,1,-1,-1,1,-1,-1,-1,-1,1,-1,1,-1,1,-1,-1,-1,1,1,-1,-1,-1,1,1,1,-1,1,1,-1,-1,-1,1,-1,-1,-1,-1,1,-1,1,-1,-1,1,-1,1,-1,1,-1,-1,1,-1,1,-1,1,1,-1,1,-1,1,1,-1,-1,-1,1,-1,1,-1,1,1,-1,1,1,-1,-1,1,1,-1,1,1,-1,1,1,1,-1,1,-1,1,-1,1,-1,-1,1,1,-1,-1,-1,1,-1,1,-1,-1,-1,1,-1,-1,1,-1,1,-1,1,1,-1,1,1,-1,-1,1,1,1,1,1,-1,-1,1,-1,1,1,1,1,-1,1,1,-1,1,1,1,-1,-1,1,-1,1,1,-1,-1,-1,1,1,1,1,-1,-1,1,1,-1,1,1,1,-1,-1,1,1,1,1,1,-1,1,1,1,1,-1,1,-1,-1,1,1,1,1,1,-1,-1,1,1,1,1,-1,-1,1,1,-1,1,1,-1,-1,-1,1,1,1,1,1,-1,1,1,-1,1,1,-1,-1,-1,-1,1,1,1,1,-1,-1,-1,1,-1,1,1,-1,-1,1,1,-1,1,1,1,1,-1,1,-1,1,-1,-1,-1,-1,1,1,-1,1,1,-1,1,-1,1,-1,1,-1,1,-1,1,-1,-1,1,-1,-1,-1,1,1,1,1,-1,1,-1,1,-1,1,-1,1,1,1,1,-1,1,-1,1,1,-1,1,-1,-1,-1,1,1,1,1,1,-1,-1,1,1,1,-1,-1,-1,1,-1,-1,1,-1,1,-1,1,-1,1,1,-1,-1,-1,1,1,1,1,-1,1,-1,-1,1,1,1,1,-1,-1,-1,1,1,1,1,1,-1,1,-1,1,1,1,-1,1,-1,1,1,-1,1,1,-1,1,1,1,1,1,-1,-1,1,1,1,1,-1,1,-1,1,1,-1,1,-1,1,-1,1,1,-1,1,-1,-1,-1,1,1,-1,1,-1,1,-1,-1,1,1,1,-1,-1,1,-1,1,-1,1,1,1,-1,1,1,1,-1,-1,1,-1,-1,1,-1,1,-1,1,1,-1,1,1,-1,1,1,-1,-1,1,1,-1,1,1,1,1,1,1,-1,1,1,1,-1,1,1,1,-1,1,1,-1,1,-1,1,-1,-1,1,-1,-1,1,-1,-1,1,-1,-1,-1,1,1,-1,1,1,-1,-1,1,1,-1,-1,1,-1,-1,-1,-1,-1,1,1,-1,-1,-1,-1,-1,1,1,-1,-1,1,1,1,-1,1,-1,1,1,1,-1,1,1,-1,-1,-1,1,-1,-1,1,1,-1,1,1,1,1,1,1,-1,-1,1,-1,1,1,1,-1,-1,1,-1,1,1,-1,-1,1,1,-1,1,1,-1,-1,1,-1,1,1,1,1,-1,1,1,-1,1,1,1,-1,1,1,1,1,1,1,-1,-1,1,1,1,1,1,-1,1,1,-1,1,1,1,-1,-1,1,1,1,-1,1,-1,-1,1,-1,1,1,1,-1,-1,-1,1,1,1,1,-1,-1,1,1,1,1,-1,1,-1,1,1,1,-1,-1,1,-1,-1,1,1,1,-1,1,-1,1,1,1,-1,1,-1,-1,1,1,1,1,-1,1,1,-1,1,1,-1,1,-1,-1,1,-1,1,1,1,1,-1,1,1,1,1,-1,-1,1,-1,1,1,-1,1,1,-1,1,-1,1,1,-1,-1,1,-1,1,1,1,-1,1,-1,1,-1,1,1,1,1,-1,1,-1,1,1,-1,1,1,1,-1,1,1,1,1,1,1,-1,1,1,1,1,1,-1,-1,1,-1,1,1,1,-1,1,1,1,1,1,-1,-1,-1,-1,1,1,1,1,-1,-1,1,1,-1,1,1,-1,-1,1,-1,1,1,1,-1,-1,1,1,1,1,1,1,-1,-1,1,-1,1,-1,-1,-1,1,1,1,1,1,1,-1,-1,1,1,1,1,-1,-1,-1,-1,1,-1,1,-1,1,1,-1,1,1,1,-1,-1,1,-1,1,1,1,-1,-1,-1,1,-1,1,-1,-1,1,-1,-1,-1,1,-1,1,1,-1,1,-1,1,-1,-1,-1,-1,-1,-1,1,-1,1,1,-1,1,-1,1,1,-1,-1,-1,-1,-1,-1,1,-1,1,-1,-1,1,-1,-1,1,-1,1,-1,-1,-1,1,-1,1,-1,-1,1,-1,-1,1,-1,-1,-1,1,-1,1,1,1,1,-1,-1,-1,1,-1,1,-1,-1,-1,-1,1,-1,1,-1,-1,-1,1,-1,1,1,-1,-1,-1,-1,1,-1,1,-1,1,-1,1,-1,-1,1,1,-1,1,-1,1,-1,1,1,-1,1,-1,1,-1,1,1,-1,1,1,-1,-1,-1,1,-1,1,-1,1,-1,-1,1,-1,1,-1,1,-1,-1,1,-1,-1,1,-1,-1,-1,1,-1,1,1,-1,1,-1,1,1,1,-1,1,-1,1,-1,1,1,-1,1,-1,-1,-1,-1,1,-1,1,-1,1,-1,1,1,1,-1,1,-1,1,1,1,-1,1,-1,1,1,-1,1,-1,-1,1,1,1,1,1,-1,-1,1,1,1,1,1,1,-1,-1,1,1,1,1,1,-1,1,1,-1,-1,1,-1,-1,1,1,1,1,1,1,-1,-1,1,1,-1,1,-1,1,-1,1,1,-1,1,1,-1,-1,1,-2632.0,1,2000,445,500,True
3029,1,1,1,1,1,1,-1,1,1,-1,-1,1,-1,1,1,1,1,-1,1,1,-1,1,1,-1,-1,1,-1,-1,1,1,1,-1,1,1,-1,1,-1,1,-1,-1,1,-1,1,1,1,-1,1,-1,1,-1,1,-1,1,-1,1,-1,1,-1,1,-1,-1,1,1,-1,1,1,-1,-1,-1,-1,1,-1,1,1,-1,-1,-1,1,1,1,1,1,1,-1,-1,1,1,-1,-1,1,-1,1,-1,1,-1,-1,-1,1,-1,1,1,1,-1,-1,1,-1,-1,1,1,-1,-1,1,-1,-1,1,1,-1,-1,1,-1,-1,1,1,-1,-1,1,-1,-1,1,1,-1,-1,-1,-1,-1,1,1,1,-1,-1,-1,-1,-1,1,-1,-1,1,-1,-1,-1,1,1,-1,-1,1,-1,1,1,1,-1,1,1,-1,-1,1,-1,1,-1,1,-1,1,1,-1,-1,-1,-1,-1,1,1,-1,-1,1,1,-1,1,1,-1,-1,-1,-1,-1,-1,1,1,-1,-1,1,-1,-1,1,-1,1,-1,1,-1,-1,1,-1,-1,-1,1,-1,1,1,-1,1,-1,1,1,1,1,1,1,-1,1,1,-1,1,-1,-1,-1,1,1,-1,1,1,-1,-1,1,1,-1,1,-1,1,-1,1,1,-1,1,-1,-1,-1,1,-1,1,1,-1,-1,-1,1,-1,-1,1,-1,1,-1,1,-1,1,1,-1,-1,1,1,-1,1,1,-1,-1,1,1,-1,1,1,1,-1,-1,1,-1,1,1,-1,-1,-1,1,-1,1,1,-1,1,1,1,-1,-1,-1,1,-1,-1,1,1,1,-1,-1,-1,1,1,-1,-1,-1,1,-1,1,1,1,-1,-1,-1,-1,1,1,-1,1,-1,-1,1,1,1,-1,1,-1,-1,1,-1,1,-1,1,-1,-1,-1,1,1,-1,-1,1,-1,1,-1,1,-1,-1,-1,-1,-1,1,1,-1,-1,-1,-1,-1,1,-1,-1,-1,-1,-1,-1,1,-1,-1,-1,1,-1,1,1,-1,-1,1,1,-1,-1,1,1,-1,-1,1,-1,-1,-1,1,-1,-1,1,-1,-1,1,-1,-1,-1,-1,1,-1,1,1,-1,-1,1,1,-1,1,-1,-1,-1,1,-1,1,1,-1,-1,1,1,-1,-1,1,-1,-1,-1,1,-1,1,1,1,-1,-1,1,-1,1,1,-1,-1,-1,1,1,1,-1,1,-1,-1,1,-1,1,1,-1,-1,1,1,1,1,-1,1,-1,-1,1,1,1,1,-1,-1,-1,1,1,1,1,1,-1,-1,1,1,1,1,-1,1,-1,1,1,-1,1,1,-1,-1,1,-1,1,1,-1,-1,1,1,1,1,-1,1,-1,1,1,-1,1,-1,1,-1,1,1,-1,1,-1,-1,-1,1,-1,-1,1,1,1,-1,1,-1,1,1,-1,-1,1,-1,1,1,1,1,1,-1,1,1,1,-1,-1,1,-1,1,-1,-1,1,-1,1,1,1,1,-1,1,1,1,-1,1,1,-1,1,1,1,1,-1,1,1,-1,1,1,1,1,-1,1,1,-1,1,1,-1,1,-1,1,-1,-1,1,-1,-1,1,-1,-1,1,-1,-1,-1,1,1,-1,-1,1,-1,-1,1,1,-1,-1,1,-1,-1,-1,-1,-1,-1,1,-1,-1,-1,-1,-1,-1,1,-1,-1,1,1,1,1,1,-1,-1,1,1,-1,-1,1,-1,-1,-1,1,-1,-1,1,1,-1,1,1,1,-1,1,-1,1,1,1,-1,-1,-1,1,-1,1,1,-1,1,1,-1,1,1,1,-1,1,1,-1,-1,1,-1,1,1,1,-1,1,1,1,-1,-1,1,1,1,1,1,1,-1,1,1,1,1,1,1,1,1,-1,1,1,1,-1,-1,1,1,1,1,1,1,-1,1,1,1,1,1,1,-1,1,1,1,1,-1,1,-1,1,1,1,1,1,1,-1,1,1,1,1,1,-1,-1,-1,-1,1,1,1,-1,-1,1,-1,1,1,1,1,-1,1,1,1,1,1,-1,-1,1,-1,1,1,-1,-1,-1,1,1,-1,1,1,-1,-1,-1,1,-1,1,1,-1,1,-1,1,-1,1,1,-1,-1,-1,-1,1,1,-1,-1,-1,-1,1,1,-1,-1,-1,1,-1,-1,-1,1,-1,-1,1,-1,1,1,1,1,-1,1,-1,1,1,-1,1,-1,1,-1,-1,-1,1,1,-1,-1,-1,-1,1,1,-1,-1,-1,1,-1,1,-1,-1,1,1,-1,-1,1,-1,-1,-1,1,-1,-1,1,-1,1,-1,1,-1,-1,1,-1,-1,-1,1,-1,-1,1,1,-1,-1,1,1,-1,1,-1,-1,1,1,-1,1,-1,1,-1,1,1,-1,-1,-1,1,-1,-1,-1,-1,-1,1,1,-1,1,1,1,1,-1,1,-1,1,1,-1,1,1,1,-1,-1,-1,1,-1,1,-1,1,1,1,-1,1,1,1,-1,-1,1,-1,-1,1,1,-1,1,1,1,1,1,1,-1,1,1,1,1,1,1,-1,1,1,1,1,1,1,-1,-1,-1,1,1,1,1,-1,1,1,1,1,1,1,-1,-1,-1,1,1,1,1,1,-1,-1,1,1,1,1,1,-1,-1,1,-1,1,1,1,1,-1,1,1,1,1,-1,-1,1,1,1,1,1,-1,1,1,1,1,1,1,1,-1,1,1,1,1,1,-1,1,1,-1,1,1,-1,-1,1,-1,1,-1,1,1,-1,1,-1,1,-1,1,1,-1,1,-1,1,1,1,-1,-1,-1,1,1,1,-1,1,-1,-1,-1,1,1,-1,1,-1,-1,-1,1,-1,1,-1,-1,-1,1,1,1,1,-1,1,-1,1,1,1,-1,1,-1,1,1,1,1,-1,1,-1,-1,-1,1,1,-1,1,-1,1,1,-1,1,1,-1,1,-1,-1,1,1,-1,-1,-1,1,1,-1,1,-1,-1,1,1,1,1,1,-1,-1,1,1,1,1,1,1,-1,-1,1,1,1,1,1,-1,1,1,1,1,1,-1,-1,1,1,1,-1,1,1,-1,-1,1,1,-1,1,-1,1,-1,1,1,-1,1,1,-1,-1,1,-2632.0,1,2000,445,500,True
3030,1,1,-1,-1,1,-1,1,1,1,1,1,-1,1,1,1,1,-1,1,-1,-1,1,1,1,1,1,-1,1,1,1,1,1,1,1,-1,1,1,-1,1,1,-1,1,1,1,1,1,1,-1,-1,1,-1,1,1,1,1,-1,1,-1,-1,1,1,-1,-1,-1,1,1,1,1,-1,-1,1,1,-1,1,1,-1,1,1,1,-1,1,1,-1,-1,1,-1,1,1,-1,-1,1,1,-1,-1,1,-1,-1,1,-1,-1,-1,1,-1,-1,1,-1,-1,-1,1,-1,-1,1,1,-1,-1,1,1,-1,1,1,-1,-1,1,1,-1,1,1,-1,-1,1,-1,-1,1,-1,-1,-1,-1,-1,-1,1,-1,-1,-1,-1,1,-1,1,1,-1,-1,-1,1,-1,-1,1,1,-1,1,-1,-1,1,-1,1,-1,-1,1,-1,1,-1,1,-1,-1,-1,-1,1,-1,-1,-1,1,-1,-1,-1,1,1,-1,-1,-1,1,-1,-1,-1,-1,-1,-1,1,-1,-1,1,-1,-1,-1,1,1,-1,1,-1,-1,-1,-1,-1,-1,1,-1,1,1,-1,1,-1,1,-1,1,-1,1,1,-1,1,1,-1,-1,1,1,-1,1,1,-1,1,1,-1,-1,1,-1,-1,-1,1,1,-1,1,1,-1,1,-1,1,-1,1,-1,-1,-1,1,-1,-1,1,-1,1,-1,1,-1,-1,1,1,-1,-1,1,-1,1,1,1,-1,-1,1,-1,1,1,1,1,-1,1,-1,-1,1,1,1,-1,1,1,-1,1,1,-1,-1,-1,1,1,1,1,-1,-1,1,1,-1,1,1,1,-1,-1,1,1,1,1,1,-1,1,1,1,1,-1,1,-1,-1,1,1,1,1,1,-1,-1,-1,1,1,1,-1,-1,1,1,-1,1,1,-1,-1,-1,1,1,1,1,1,-1,1,1,-1,1,1,-1,-1,-1,-1,1,1,1,1,-1,-1,-1,1,-1,1,1,-1,-1,1,1,-1,1,1,1,1,1,1,-1,1,-1,1,-1,-1,1,1,-1,1,1,-1,-1,-1,1,-1,1,-1,1,-1,1,-1,-1,1,-1,-1,-1,1,1,-1,1,1,1,-1,1,-1,1,-1,1,1,-1,1,-1,1,-1,1,-1,1,1,-1,-1,-1,-1,1,-1,-1,1,-1,-1,1,-1,-1,1,-1,-1,1,1,-1,1,-1,1,-1,-1,1,-1,-1,1,-1,-1,1,1,-1,1,-1,1,-1,-1,1,-1,-1,-1,-1,-1,-1,1,-1,-1,1,1,-1,-1,-1,-1,1,-1,-1,1,-1,1,-1,-1,1,1,-1,-1,1,-1,-1,-1,-1,-1,1,1,-1,-1,1,1,-1,1,-1,1,-1,1,1,-1,1,-1,-1,-1,-1,-1,-1,1,-1,1,-1,1,1,-1,1,-1,-1,1,-1,-1,1,-1,1,-1,1,-1,1,-1,1,1,-1,-1,-1,1,-1,1,-1,-1,1,-1,1,1,1,1,-1,-1,-1,1,-1,1,1,-1,-1,1,1,1,-1,1,1,-1,1,1,1,1,-1,1,1,-1,1,1,-1,1,-1,1,-1,1,-1,-1,-1,1,-1,-1,1,-1,-1,-1,1,1,-1,1,1,-1,-1,1,1,-1,-1,1,-1,-1,-1,-1,-1,1,1,-1,-1,-1,-1,-1,1,1,-1,-1,1,1,1,-1,1,-1,1,1,1,-1,-1,1,-1,-1,-1,1,-1,-1,1,1,-1,1,1,1,-1,1,1,-1,-1,1,-1,-1,1,1,-1,-1,1,-1,1,1,-1,-1,1,1,-1,1,1,-1,1,1,-1,1,1,1,1,-1,1,1,-1,-1,1,1,-1,1,1,1,-1,1,1,-1,-1,1,1,1,1,1,-1,1,1,-1,-1,1,1,-1,-1,1,1,-1,1,1,-1,-1,1,1,-1,1,1,-1,-1,-1,1,-1,1,1,-1,-1,1,1,-1,1,1,1,-1,1,-1,-1,1,-1,1,-1,1,-1,-1,1,-1,1,-1,1,1,-1,1,1,-1,-1,1,-1,-1,1,-1,1,1,-1,-1,-1,1,1,1,-1,1,-1,-1,1,1,1,-1,1,-1,-1,-1,1,-1,-1,1,-1,-1,-1,1,1,-1,1,-1,-1,1,-1,-1,1,-1,-1,-1,-1,-1,1,-1,1,-1,-1,-1,1,1,-1,1,-1,-1,-1,1,1,1,1,-1,-1,-1,1,1,1,1,-1,-1,1,1,1,1,-1,-1,-1,1,1,1,-1,-1,1,-1,1,1,1,-1,-1,-1,1,1,1,1,-1,1,-1,-1,1,-1,1,-1,-1,-1,1,1,1,1,1,1,1,1,1,1,1,1,-1,1,-1,1,-1,1,-1,1,1,-1,1,1,1,1,-1,1,1,1,1,1,1,-1,1,1,1,1,-1,1,-1,1,-1,1,1,1,1,1,1,1,1,1,1,1,1,1,1,1,-1,1,-1,1,1,1,1,-1,1,-1,1,1,1,1,-1,1,-1,1,1,1,1,-1,1,-1,1,1,1,1,-1,1,1,1,1,1,1,-1,-1,1,1,1,1,1,-1,-1,-1,1,-1,1,1,-1,-1,1,1,1,-1,1,1,-1,1,1,1,1,1,-1,-1,1,1,1,1,-1,-1,-1,1,-1,1,1,-1,1,-1,1,-1,1,1,-1,-1,1,1,1,1,-1,1,1,-1,1,1,1,-1,-1,1,-1,1,1,-1,1,-1,-1,1,1,1,1,1,-1,1,-1,1,-1,1,1,-1,1,1,-1,1,1,-1,-1,1,-1,1,1,-1,1,-1,1,1,-1,1,-1,1,-1,-1,1,-1,-1,1,-1,-1,1,1,-1,-1,1,-1,1,1,-1,1,1,1,-1,1,1,-1,1,1,1,-1,-1,1,-1,-1,1,1,-1,1,1,1,-1,-1,-1,1,1,1,-1,-1,1,1,-1,-1,1,-1,-1,-1,1,1,1,1,-1,-1,1,1,-1,1,1,1,-1,1,1,-1,1,1,1,-1,1,1,1,1,1,-1,-1,1,-1,-1,1,1,1,-1,-1,1,-1,1,1,-1,1,-1,1,1,-1,1,1,-1,-1,1,-2632.0,1,2000,445,500,True
3031,-1,-1,1,1,1,1,-1,1,-1,-1,-1,1,-1,1,-1,-1,1,-1,1,-1,-1,1,-1,-1,-1,1,-1,-1,-1,-1,-1,-1,1,-1,-1,1,1,-1,-1,1,-1,-1,1,-1,-1,-1,1,1,-1,-1,-1,-1,1,1,-1,-1,-1,1,-1,-1,1,1,-1,1,-1,-1,-1,1,1,-1,1,-1,-1,-1,1,1,-1,1,-1,-1,-1,-1,1,-1,-1,-1,-1,1,1,1,1,-1,-1,-1,-1,1,-1,-1,-1,1,-1,-1,1,1,-1,-1,-1,-1,-1,1,1,-1,-1,-1,-1,-1,1,1,1,-1,-1,-1,-1,1,1,-1,-1,-1,1,-1,1,1,-1,-1,-1,-1,-1,1,1,-1,-1,-1,-1,-1,-1,1,1,-1,-1,-1,-1,1,1,-1,1,-1,-1,-1,-1,1,-1,1,-1,-1,-1,-1,1,-1,1,-1,-1,-1,1,1,-1,-1,-1,-1,-1,1,-1,1,1,-1,-1,-1,1,-1,-1,-1,-1,-1,-1,1,-1,-1,1,-1,-1,-1,1,-1,-1,1,-1,-1,1,1,1,-1,1,-1,1,1,-1,-1,-1,1,-1,1,-1,1,1,-1,1,1,-1,-1,1,1,-1,1,1,-1,1,1,1,-1,1,-1,-1,-1,1,-1,-1,1,1,-1,1,-1,1,-1,1,-1,-1,-1,1,-1,-1,1,-1,1,-1,1,1,-1,1,1,-1,-1,1,1,-1,1,1,-1,-1,1,1,-1,1,1,1,-1,1,1,-1,1,1,1,-1,1,1,-1,1,1,-1,-1,-1,1,1,1,1,-1,-1,1,1,-1,1,1,1,-1,-1,1,1,1,1,1,-1,1,1,1,1,-1,1,-1,-1,1,1,1,1,1,-1,-1,1,1,1,1,-1,-1,1,1,-1,1,1,-1,-1,-1,1,1,1,1,1,-1,1,1,-1,1,1,-1,-1,-1,-1,1,1,1,1,-1,-1,-1,1,-1,1,1,-1,-1,1,1,-1,1,1,1,1,-1,1,-1,1,-1,-1,-1,-1,1,1,-1,1,1,-1,1,1,1,-1,1,-1,1,-1,1,-1,-1,1,-1,-1,-1,1,1,1,1,-1,1,-1,1,-1,1,-1,1,1,1,1,-1,1,-1,1,1,-1,1,-1,-1,-1,1,1,1,1,1,-1,-1,1,1,1,1,-1,-1,1,-1,-1,1,-1,1,-1,1,-1,1,1,1,-1,-1,1,1,1,1,-1,1,-1,-1,1,1,1,1,-1,-1,-1,1,1,1,1,1,-1,1,-1,1,1,1,-1,1,-1,1,1,-1,1,1,-1,1,1,-1,1,1,-1,-1,1,1,1,1,-1,1,-1,1,1,-1,1,-1,1,-1,1,1,-1,1,-1,-1,-1,1,1,-1,1,-1,1,-1,-1,1,1,1,-1,-1,1,-1,1,-1,1,1,1,-1,1,1,1,-1,1,1,-1,-1,1,-1,1,-1,1,1,-1,1,1,-1,1,1,-1,-1,1,1,-1,1,1,1,1,1,1,-1,1,1,1,-1,1,1,1,-1,1,1,-1,1,-1,1,1,-1,1,-1,-1,1,-1,-1,1,-1,-1,-1,1,1,-1,1,1,-1,-1,1,1,-1,-1,1,-1,-1,-1,-1,-1,1,1,-1,-1,-1,-1,-1,1,1,-1,-1,1,1,1,-1,1,-1,-1,1,1,-1,1,1,-1,-1,-1,1,-1,-1,1,1,-1,1,1,1,1,1,1,-1,-1,1,-1,1,1,1,-1,-1,1,-1,1,1,-1,-1,1,1,-1,1,1,-1,-1,1,-1,1,1,1,1,-1,1,1,-1,1,1,1,-1,1,1,1,1,1,1,-1,-1,1,1,1,1,1,-1,1,1,-1,1,1,1,-1,-1,1,1,1,1,1,-1,-1,1,-1,1,1,1,-1,-1,-1,1,1,1,1,-1,-1,1,1,1,1,1,1,-1,-1,1,1,-1,-1,1,-1,-1,1,1,1,-1,1,-1,1,1,1,1,1,-1,-1,1,1,1,1,-1,1,1,-1,1,1,1,1,-1,-1,1,-1,1,1,1,1,-1,1,1,1,1,1,-1,1,-1,1,1,1,1,1,-1,1,-1,1,1,-1,-1,1,-1,1,1,1,1,1,-1,1,-1,1,1,1,1,-1,1,-1,1,1,1,1,1,1,-1,1,1,1,1,1,1,-1,1,1,1,1,1,-1,-1,1,1,1,1,1,-1,1,1,1,1,1,-1,-1,-1,-1,1,1,1,1,-1,-1,1,1,-1,1,1,-1,-1,1,1,1,1,1,-1,-1,1,1,1,1,1,-1,-1,-1,1,-1,1,-1,-1,-1,1,1,1,1,1,1,-1,-1,1,1,1,1,-1,-1,-1,-1,1,-1,1,-1,1,1,-1,1,1,1,-1,-1,1,-1,1,1,1,-1,1,-1,1,-1,1,-1,-1,-1,-1,-1,-1,1,-1,-1,1,-1,1,-1,1,-1,-1,-1,-1,-1,-1,1,-1,1,1,-1,1,-1,1,1,-1,-1,-1,-1,-1,-1,1,-1,1,-1,-1,1,-1,-1,1,-1,-1,-1,-1,-1,1,-1,1,-1,-1,1,-1,-1,1,-1,-1,-1,1,-1,1,-1,1,1,-1,-1,-1,1,-1,1,-1,-1,-1,-1,1,-1,1,-1,-1,-1,1,-1,1,1,-1,-1,-1,-1,1,-1,1,-1,1,-1,1,-1,-1,1,1,-1,1,-1,1,-1,1,1,-1,1,-1,1,-1,1,1,-1,1,-1,-1,-1,-1,1,-1,1,-1,1,-1,-1,1,1,1,-1,1,-1,-1,1,-1,-1,1,-1,-1,-1,1,-1,1,1,-1,1,-1,1,1,1,-1,1,-1,1,1,1,1,-1,-1,-1,-1,1,-1,1,-1,1,-1,1,1,-1,1,1,-1,1,-1,1,1,1,-1,-1,-1,1,1,1,1,-1,-1,1,1,1,1,1,-1,-1,1,1,1,1,1,1,-1,-1,-1,1,1,1,1,-1,1,1,1,1,1,1,-1,1,1,1,1,1,1,-1,-1,1,1,1,1,1,1,-1,1,1,-1,1,1,-1,-1,1,-2632.0,1,2000,445,500,True
3032,1,1,-1,-1,1,-1,1,1,1,1,1,-1,1,1,1,1,-1,1,-1,-1,1,1,1,1,1,-1,1,1,1,1,1,1,-1,-1,1,1,-1,1,1,-1,-1,1,1,1,1,1,1,-1,1,-1,1,1,-1,1,-1,1,1,-1,1,1,1,-1,-1,1,1,1,1,1,-1,1,1,-1,1,1,1,-1,1,1,-1,1,1,-1,-1,1,-1,1,1,1,-1,-1,1,1,1,1,1,-1,1,-1,-1,-1,1,1,-1,1,-1,-1,1,1,1,1,1,1,-1,1,1,1,-1,1,-1,-1,1,1,1,1,-1,1,-1,1,-1,1,1,1,-1,-1,1,-1,1,1,1,-1,-1,1,1,1,-1,1,-1,-1,-1,1,1,1,1,-1,1,-1,1,-1,-1,1,-1,-1,-1,-1,1,-1,1,-1,-1,1,-1,-1,1,1,-1,-1,1,1,-1,1,-1,1,1,-1,-1,-1,1,1,-1,-1,-1,-1,-1,1,1,-1,1,-1,-1,-1,1,1,-1,1,-1,-1,1,1,1,-1,1,1,-1,1,-1,1,-1,1,-1,-1,-1,1,1,1,1,1,-1,-1,1,1,-1,1,1,-1,-1,1,1,1,1,-1,-1,-1,1,-1,1,1,1,-1,-1,1,-1,1,1,-1,-1,-1,1,-1,1,1,-1,-1,1,-1,1,1,1,1,-1,1,-1,1,1,1,-1,-1,-1,-1,1,1,1,1,-1,-1,-1,1,1,1,1,-1,-1,-1,-1,1,1,-1,-1,-1,1,-1,1,1,1,-1,-1,-1,-1,1,1,1,1,-1,-1,-1,1,1,1,1,-1,1,-1,1,1,-1,1,-1,-1,-1,1,1,1,1,-1,-1,1,1,1,1,-1,-1,-1,-1,1,1,1,-1,-1,-1,1,-1,1,1,-1,1,-1,1,1,1,1,-1,-1,-1,-1,-1,1,1,1,-1,-1,-1,-1,1,1,1,-1,-1,-1,-1,1,1,-1,1,-1,-1,-1,1,1,1,1,-1,1,-1,-1,1,-1,1,-1,1,-1,-1,1,1,1,-1,-1,1,1,1,-1,-1,1,1,-1,1,1,-1,1,-1,1,-1,1,-1,1,1,-1,-1,-1,1,1,-1,1,1,-1,-1,1,1,1,1,-1,1,-1,-1,1,1,-1,1,1,-1,1,1,-1,1,1,1,1,1,1,1,-1,1,1,-1,1,1,1,-1,1,1,1,-1,1,-1,-1,1,1,-1,1,1,1,-1,1,1,1,-1,1,1,1,-1,1,-1,1,-1,1,-1,1,-1,1,-1,1,1,1,1,1,1,1,-1,1,-1,1,-1,1,1,1,-1,1,-1,1,1,1,1,-1,1,-1,1,-1,1,1,1,-1,-1,1,1,-1,1,-1,1,-1,1,-1,1,1,1,-1,-1,1,-1,-1,1,1,-1,-1,1,-1,-1,1,-1,1,-1,1,-1,-1,1,-1,1,-1,-1,1,-1,1,-1,1,1,-1,1,-1,-1,1,1,1,-1,1,-1,1,-1,1,1,1,-1,1,1,-1,-1,1,-1,1,-1,1,-1,1,-1,1,1,1,-1,-1,-1,-1,-1,1,1,1,-1,-1,-1,1,1,-1,1,-1,-1,-1,1,1,-1,1,-1,-1,-1,1,1,-1,1,-1,-1,-1,-1,1,1,1,-1,1,-1,-1,1,-1,1,-1,1,1,-1,1,-1,1,1,-1,-1,-1,-1,-1,1,1,-1,-1,-1,-1,-1,1,-1,-1,-1,-1,1,1,1,-1,-1,-1,-1,1,1,1,-1,1,-1,1,-1,-1,1,1,-1,-1,-1,-1,-1,1,1,-1,-1,-1,1,-1,-1,1,-1,-1,-1,-1,1,-1,1,-1,1,-1,-1,-1,-1,1,-1,-1,-1,-1,-1,-1,1,-1,-1,-1,-1,-1,-1,1,1,-1,1,-1,-1,-1,-1,-1,-1,-1,-1,-1,-1,1,1,-1,1,1,-1,1,1,1,-1,-1,1,-1,1,1,-1,1,1,1,-1,1,1,-1,1,-1,1,-1,-1,1,1,-1,-1,1,-1,1,1,-1,1,-1,1,-1,1,1,1,1,-1,1,-1,-1,1,-1,1,-1,1,-1,-1,1,1,1,-1,-1,-1,1,1,1,-1,1,1,-1,-1,1,1,1,-1,1,-1,-1,1,1,-1,1,-1,-1,-1,1,1,1,-1,1,-1,-1,1,1,-1,1,-1,-1,-1,1,1,-1,1,-1,-1,1,1,1,-1,1,1,-1,1,1,1,-1,1,1,1,1,1,1,-1,-1,-1,-1,-1,-1,1,-1,1,1,-1,1,1,1,1,-1,-1,-1,1,1,1,-1,1,-1,-1,1,-1,1,1,-1,1,-1,-1,1,1,1,1,1,1,-1,1,-1,1,-1,-1,1,-1,1,-1,1,-1,1,-1,-1,1,-1,1,-1,1,1,-1,1,1,-1,-1,1,-1,1,-1,1,1,-1,1,1,-1,1,1,1,1,1,-1,1,1,1,1,-1,1,1,-1,-1,1,1,-1,1,-1,1,-1,1,1,-1,-1,1,-1,-1,1,1,-1,1,1,-1,1,1,1,-1,-1,1,1,-1,1,1,-1,1,-1,1,-1,1,1,-1,1,1,1,-1,1,1,-1,1,1,-1,-1,1,1,-1,-1,1,-1,-1,1,-1,-1,1,1,-1,1,1,-1,1,1,1,-1,1,1,-1,-1,1,1,-1,-1,1,-1,-1,-1,1,-1,1,-1,1,-1,1,1,-1,-1,1,1,-1,1,1,-1,-1,-1,1,-1,-1,-1,-1,1,-1,1,-1,-1,1,-1,-1,-1,1,1,-1,1,-1,-1,1,-1,1,-1,1,1,-1,-1,-1,1,-1,-1,-1,1,-1,1,-1,1,-1,1,-1,-1,1,1,-1,1,1,-1,-1,1,-1,1,-1,1,-1,1,1,-1,-1,1,1,-1,-1,1,1,1,-1,1,-1,-1,1,-1,1,1,1,1,-1,1,1,1,-1,1,1,-1,1,1,1,-1,1,1,-1,1,-1,1,1,1,1,-1,1,1,-1,-1,-1,1,-1,1,1,1,-1,1,1,-1,-1,1,1,1,-1,1,-1,1,1,1,-2632.0,1,2000,445,1000,True
3033,-1,-1,1,1,1,1,-1,1,-1,-1,-1,1,-1,1,-1,-1,1,-1,1,-1,-1,1,-1,-1,-1,1,-1,-1,-1,-1,-1,-1,1,-1,-1,1,1,-1,-1,1,-1,-1,1,-1,-1,-1,1,1,-1,-1,-1,-1,1,1,-1,-1,-1,1,-1,-1,1,1,-1,1,-1,-1,-1,1,1,-1,1,-1,-1,-1,1,1,-1,1,-1,-1,-1,-1,1,-1,-1,-1,-1,1,1,1,1,-1,-1,-1,-1,1,-1,-1,-1,1,-1,-1,1,1,-1,-1,-1,-1,-1,1,1,-1,-1,-1,-1,-1,1,1,1,-1,-1,-1,-1,1,1,-1,-1,-1,1,-1,1,1,-1,-1,-1,-1,-1,1,1,-1,-1,-1,-1,-1,-1,1,1,-1,-1,-1,-1,1,1,-1,1,-1,-1,-1,-1,1,-1,-1,-1,-1,-1,-1,1,-1,1,-1,-1,-1,1,1,-1,-1,-1,-1,-1,1,-1,1,1,-1,-1,-1,1,-1,-1,-1,-1,-1,-1,1,-1,-1,1,-1,-1,-1,1,-1,-1,1,-1,-1,1,1,1,-1,1,-1,1,1,-1,1,-1,1,-1,1,-1,1,1,-1,1,1,-1,-1,1,1,-1,1,1,-1,1,1,1,-1,1,-1,-1,1,1,-1,-1,1,1,-1,-1,1,-1,-1,1,-1,1,-1,1,-1,-1,1,-1,-1,1,-1,1,1,1,1,-1,1,-1,-1,1,1,1,1,-1,-1,-1,1,1,1,1,-1,-1,1,-1,1,1,1,-1,-1,-1,-1,1,1,-1,-1,1,-1,1,1,1,-1,-1,-1,-1,1,1,1,1,-1,-1,-1,1,1,1,1,-1,1,-1,1,1,-1,1,-1,-1,-1,1,1,1,1,-1,-1,1,1,1,1,1,-1,-1,-1,1,1,1,1,-1,-1,1,-1,1,1,-1,-1,1,1,1,1,1,-1,-1,-1,-1,-1,-1,1,-1,-1,-1,-1,-1,1,1,-1,-1,-1,-1,-1,1,1,-1,1,1,-1,-1,1,1,1,1,-1,1,-1,-1,1,-1,1,-1,1,-1,-1,1,1,-1,1,-1,1,1,1,-1,-1,-1,1,-1,-1,1,-1,1,1,1,-1,1,-1,-1,1,1,-1,1,1,-1,1,1,1,-1,-1,1,-1,-1,1,1,1,1,-1,-1,-1,1,1,1,1,1,1,-1,1,-1,1,1,1,-1,-1,1,1,1,-1,1,-1,-1,1,1,1,1,-1,1,-1,1,1,1,-1,-1,-1,-1,1,1,1,1,-1,1,-1,-1,1,1,-1,1,1,-1,1,1,-1,1,-1,1,-1,-1,-1,1,1,1,1,-1,1,1,-1,1,1,-1,-1,1,-1,1,1,1,-1,1,-1,1,1,-1,1,1,-1,1,-1,1,1,-1,1,1,-1,1,1,-1,1,1,-1,1,-1,1,-1,-1,-1,1,1,1,-1,-1,1,-1,1,-1,-1,1,-1,-1,1,1,-1,1,-1,1,-1,-1,1,-1,-1,1,1,-1,-1,-1,1,1,-1,1,-1,1,1,1,1,1,-1,1,1,-1,-1,1,1,1,-1,1,-1,1,-1,1,1,1,-1,-1,-1,1,-1,1,1,1,-1,-1,-1,1,1,-1,1,-1,-1,-1,1,1,1,1,-1,-1,1,1,1,1,1,-1,-1,-1,-1,1,-1,1,-1,1,-1,-1,1,1,1,-1,1,1,1,-1,-1,1,1,-1,-1,-1,-1,1,1,1,-1,-1,1,-1,1,1,1,-1,-1,1,-1,1,1,-1,-1,-1,-1,-1,1,1,-1,1,-1,-1,1,1,1,1,-1,1,-1,-1,1,1,1,-1,1,-1,1,1,1,1,-1,-1,1,-1,1,1,1,-1,1,1,-1,1,1,1,-1,-1,1,1,1,1,1,-1,-1,1,-1,1,1,1,-1,-1,1,1,1,1,1,-1,-1,1,1,1,1,1,1,-1,1,-1,1,-1,-1,1,-1,1,-1,1,1,-1,-1,1,-1,1,1,1,1,-1,1,1,-1,1,1,-1,1,1,1,-1,1,1,1,-1,1,1,1,1,1,1,-1,1,1,-1,1,1,1,-1,1,1,-1,1,1,-1,1,1,1,1,1,1,1,1,-1,1,1,1,1,1,1,-1,1,-1,1,1,1,1,1,1,1,1,1,1,1,-1,1,-1,1,1,1,-1,1,-1,1,1,1,1,1,1,-1,-1,1,1,-1,1,-1,-1,1,1,1,1,1,-1,-1,-1,-1,1,1,1,-1,1,1,1,1,-1,1,-1,-1,-1,1,1,1,1,1,1,1,1,1,1,1,1,-1,1,-1,1,-1,1,-1,-1,1,1,1,1,1,1,-1,-1,-1,1,1,-1,1,-1,1,-1,-1,1,-1,1,-1,1,1,-1,1,-1,1,-1,-1,1,-1,1,1,1,1,1,-1,1,-1,1,-1,-1,-1,-1,-1,1,1,-1,-1,1,-1,1,1,1,-1,-1,-1,-1,-1,-1,1,-1,1,1,-1,1,-1,1,1,-1,-1,-1,-1,-1,1,1,-1,1,-1,-1,1,1,-1,1,-1,1,-1,-1,1,1,-1,1,-1,-1,-1,1,1,-1,-1,-1,-1,-1,1,1,-1,1,1,-1,-1,1,1,-1,-1,-1,-1,-1,1,-1,-1,1,-1,-1,1,1,-1,1,-1,-1,-1,1,1,-1,-1,1,-1,1,-1,1,-1,-1,1,1,-1,1,1,1,-1,1,1,-1,-1,1,1,-1,1,1,-1,1,-1,1,-1,-1,1,-1,1,-1,1,-1,-1,1,1,1,-1,1,1,-1,1,-1,-1,1,-1,1,-1,1,-1,1,1,-1,1,-1,1,1,1,-1,1,-1,1,1,1,1,-1,1,1,-1,1,-1,1,-1,1,-1,1,1,-1,1,1,1,-1,-1,1,1,1,-1,-1,1,1,1,1,-1,-1,1,-1,1,1,1,1,-1,1,-1,1,1,1,1,-1,1,1,1,1,1,1,-1,1,-1,1,1,1,1,-1,1,-1,-1,1,1,1,-1,1,1,1,1,1,1,1,-1,1,1,1,-1,1,-1,1,-1,1,-2632.0,1,2000,445,500,True
3034,-1,-1,1,1,1,1,-1,1,-1,-1,-1,1,-1,-1,-1,-1,1,-1,1,-1,-1,1,-1,-1,-1,1,-1,-1,1,-1,-1,-1,1,-1,-1,1,1,-1,-1,1,-1,-1,1,-1,-1,-1,-1,1,-1,-1,-1,-1,1,1,-1,1,-1,1,-1,-1,-1,1,-1,1,-1,-1,-1,-1,1,-1,1,-1,-1,-1,-1,1,1,1,-1,-1,-1,1,1,-1,-1,-1,-1,-1,1,1,1,-1,-1,-1,-1,1,-1,1,-1,1,-1,-1,1,1,-1,-1,-1,-1,-1,1,1,1,-1,-1,-1,-1,-1,1,1,-1,-1,-1,-1,-1,1,1,-1,-1,1,-1,-1,1,-1,-1,-1,-1,-1,-1,1,-1,-1,-1,1,-1,-1,1,1,-1,-1,-1,-1,-1,-1,1,1,-1,1,-1,-1,-1,-1,-1,-1,-1,1,-1,1,-1,1,-1,-1,-1,-1,1,-1,-1,-1,1,-1,-1,-1,1,1,-1,-1,-1,-1,-1,-1,-1,-1,1,-1,-1,-1,-1,1,-1,1,-1,-1,1,-1,1,-1,1,-1,-1,-1,-1,1,-1,1,1,-1,-1,-1,1,-1,1,-1,1,-1,-1,1,1,-1,-1,1,-1,-1,1,1,-1,1,-1,-1,-1,1,-1,1,-1,1,1,-1,1,1,-1,-1,-1,1,-1,1,-1,-1,-1,1,-1,-1,1,-1,1,-1,1,-1,-1,1,1,-1,-1,1,-1,1,1,1,-1,-1,1,-1,1,1,1,1,-1,1,-1,-1,1,1,1,-1,1,1,-1,1,1,-1,-1,-1,1,1,1,1,-1,-1,1,1,-1,1,1,1,-1,-1,1,1,1,1,1,-1,1,1,1,1,-1,1,-1,-1,1,1,1,1,1,-1,-1,-1,1,1,1,1,-1,1,1,-1,1,1,1,-1,-1,1,1,1,1,-1,-1,1,1,-1,1,1,-1,-1,-1,-1,1,-1,1,-1,-1,-1,-1,1,1,1,-1,-1,-1,1,1,1,1,-1,1,1,-1,1,1,1,1,1,-1,-1,1,-1,1,-1,1,-1,1,1,-1,1,1,-1,1,-1,1,1,1,-1,-1,-1,-1,1,-1,1,-1,1,1,-1,1,1,-1,-1,1,1,1,1,1,-1,-1,1,1,-1,1,1,-1,-1,1,1,1,1,-1,-1,-1,1,1,1,1,1,1,-1,1,-1,1,-1,1,-1,-1,1,1,1,1,1,-1,1,1,1,1,-1,-1,1,-1,1,1,1,1,-1,-1,-1,1,1,1,1,-1,1,-1,-1,1,1,1,-1,1,-1,1,1,-1,1,-1,1,-1,1,-1,1,1,1,1,1,-1,1,1,-1,1,-1,1,1,-1,1,-1,1,-1,1,1,-1,1,-1,1,-1,1,-1,-1,1,-1,-1,1,1,-1,1,1,-1,1,1,-1,1,-1,1,1,-1,-1,1,1,1,-1,1,1,-1,1,-1,-1,1,1,-1,1,1,1,-1,-1,1,-1,-1,1,1,1,-1,1,-1,-1,-1,1,1,-1,1,-1,1,1,1,-1,1,-1,1,1,-1,-1,1,1,1,-1,1,-1,1,-1,1,1,1,-1,-1,-1,1,-1,1,1,1,-1,-1,-1,1,1,-1,1,-1,-1,-1,1,1,1,1,-1,-1,1,1,1,1,1,-1,-1,-1,-1,1,-1,1,-1,1,-1,-1,1,1,1,-1,-1,1,1,-1,-1,1,1,-1,-1,-1,-1,1,1,1,-1,-1,1,-1,1,1,1,-1,-1,1,-1,1,1,-1,-1,-1,-1,-1,1,1,-1,1,-1,-1,1,1,1,1,-1,1,-1,-1,1,1,1,-1,1,-1,1,1,1,1,-1,-1,1,1,1,1,1,-1,1,1,-1,1,1,1,-1,-1,1,1,1,-1,1,-1,-1,1,1,1,1,1,-1,-1,1,1,1,1,1,-1,-1,1,1,1,1,-1,1,-1,1,-1,1,-1,-1,1,-1,1,-1,1,1,-1,-1,1,1,1,1,-1,1,-1,1,1,-1,1,1,-1,1,1,-1,-1,1,-1,1,-1,1,1,1,1,1,1,-1,1,1,-1,1,1,-1,-1,1,1,-1,1,-1,1,1,1,1,-1,1,1,-1,-1,1,-1,-1,1,1,-1,1,-1,1,-1,1,1,1,1,1,1,-1,1,1,-1,1,-1,1,-1,1,1,1,1,1,1,-1,1,1,1,1,1,-1,-1,1,-1,1,1,-1,-1,1,1,1,1,1,-1,-1,-1,1,1,1,1,-1,1,-1,1,1,-1,1,-1,1,-1,1,1,1,1,1,-1,-1,1,1,1,1,1,-1,1,1,1,-1,1,-1,-1,1,1,1,1,1,1,-1,1,-1,1,1,1,1,-1,-1,-1,1,1,-1,1,-1,1,1,1,1,1,1,-1,-1,-1,1,1,1,1,-1,1,1,1,-1,1,-1,-1,1,1,1,-1,1,-1,-1,1,-1,1,-1,1,-1,-1,1,-1,1,-1,1,-1,1,1,1,1,1,-1,1,-1,-1,-1,1,1,-1,1,-1,1,-1,1,-1,-1,-1,1,-1,1,-1,1,-1,1,-1,1,-1,-1,1,-1,1,-1,-1,-1,-1,1,-1,1,1,1,1,-1,1,-1,1,-1,-1,-1,1,1,-1,1,-1,1,-1,-1,-1,1,-1,1,1,-1,1,1,-1,1,-1,1,-1,-1,1,-1,-1,-1,1,1,-1,-1,1,1,-1,1,1,-1,1,-1,1,-1,1,1,-1,1,1,-1,-1,-1,1,-1,1,-1,1,-1,-1,1,-1,1,1,-1,1,-1,1,-1,-1,1,-1,-1,-1,1,-1,1,1,-1,1,-1,1,1,1,-1,1,-1,1,-1,1,1,-1,-1,-1,-1,-1,-1,1,-1,1,-1,1,-1,1,1,1,-1,1,-1,1,1,1,-1,-1,-1,1,1,-1,1,-1,-1,1,1,1,1,1,-1,-1,1,1,1,1,1,1,-1,-1,-1,1,1,1,1,-1,1,1,-1,-1,1,-1,-1,1,1,1,1,1,1,-1,-1,1,1,-1,1,-1,1,-1,1,1,-1,1,1,-1,-1,1,-2632.0,1,2000,445,500,True
3035,1,1,-1,-1,1,-1,-1,-1,1,1,1,-1,1,1,1,1,-1,1,-1,-1,-1,-1,1,1,1,-1,1,-1,1,1,1,1,1,-1,-1,-1,1,-1,1,1,-1,-1,-1,1,1,1,-1,-1,1,1,1,1,-1,1,-1,-1,1,-1,1,1,-1,-1,-1,-1,1,1,1,-1,-1,-1,-1,1,1,1,1,-1,-1,-1,1,1,1,-1,-1,-1,1,1,1,1,-1,-1,-1,1,-1,1,1,-1,-1,1,1,1,1,1,-1,-1,1,1,-1,1,1,-1,-1,1,1,-1,1,1,-1,-1,1,1,-1,1,1,1,-1,1,1,-1,1,1,1,-1,-1,1,-1,1,1,1,-1,-1,1,-1,1,1,1,-1,1,1,1,-1,1,1,-1,-1,-1,1,-1,1,1,-1,1,1,1,1,1,1,-1,1,1,-1,1,1,-1,-1,-1,1,-1,1,1,-1,-1,1,-1,1,1,1,-1,-1,-1,1,1,1,1,-1,1,-1,-1,1,1,1,1,-1,-1,-1,1,1,1,-1,-1,1,-1,-1,1,1,-1,-1,1,-1,1,1,1,1,-1,-1,-1,-1,1,1,-1,-1,1,-1,1,1,-1,1,-1,-1,-1,1,1,1,-1,1,-1,-1,-1,1,-1,-1,1,-1,-1,1,1,-1,1,1,-1,-1,1,1,-1,1,-1,-1,1,-1,-1,-1,1,-1,-1,-1,1,1,-1,1,1,-1,-1,-1,1,-1,-1,1,-1,1,-1,1,-1,1,1,-1,1,-1,-1,-1,-1,1,-1,1,-1,-1,-1,1,1,-1,1,1,1,-1,1,1,-1,1,-1,-1,-1,1,1,-1,1,1,-1,-1,-1,1,-1,1,-1,1,-1,-1,1,-1,1,-1,-1,-1,1,-1,1,1,-1,-1,-1,1,1,-1,1,-1,1,-1,1,-1,1,1,-1,1,1,1,1,-1,1,-1,-1,-1,1,1,-1,-1,-1,-1,-1,-1,1,-1,-1,-1,1,-1,1,-1,-1,-1,-1,1,1,1,1,-1,1,-1,1,-1,-1,1,1,1,-1,-1,1,-1,1,-1,-1,-1,1,1,1,1,-1,1,-1,1,-1,1,1,-1,-1,1,-1,-1,1,-1,1,-1,1,1,-1,1,-1,-1,-1,-1,-1,1,1,1,1,1,-1,1,-1,1,1,1,-1,-1,1,-1,-1,1,1,1,-1,1,-1,1,1,-1,-1,-1,1,1,1,1,1,1,-1,-1,1,1,1,-1,1,-1,-1,1,1,1,1,1,-1,-1,1,1,1,-1,-1,1,-1,1,1,-1,1,1,-1,1,1,1,1,1,-1,-1,1,1,1,-1,1,1,-1,1,1,-1,1,1,1,-1,1,1,-1,1,-1,-1,-1,1,1,-1,1,1,1,-1,-1,1,1,1,-1,-1,1,-1,1,-1,1,-1,1,-1,1,1,1,-1,-1,1,-1,-1,1,-1,1,-1,1,1,-1,1,1,-1,1,1,-1,-1,1,1,-1,1,1,1,1,1,1,-1,1,1,1,-1,1,1,1,-1,-1,-1,1,-1,-1,-1,-1,1,-1,1,-1,1,-1,-1,-1,1,1,-1,1,1,-1,-1,1,1,-1,1,-1,-1,1,-1,1,-1,-1,-1,-1,-1,-1,1,-1,-1,-1,-1,-1,-1,1,-1,1,1,1,1,-1,1,-1,1,1,-1,-1,-1,1,-1,-1,1,-1,1,-1,-1,1,1,1,1,-1,-1,-1,1,1,1,-1,1,-1,1,1,1,1,-1,-1,-1,1,1,1,1,-1,1,-1,1,-1,1,-1,1,1,-1,-1,1,1,1,-1,-1,-1,-1,1,1,1,1,-1,1,-1,1,1,1,1,-1,1,-1,1,-1,1,-1,-1,1,-1,1,1,1,1,-1,1,-1,1,-1,1,-1,-1,1,-1,1,1,-1,1,-1,1,1,1,1,1,1,-1,1,-1,1,1,-1,1,-1,-1,-1,1,1,-1,1,-1,1,-1,1,-1,1,1,-1,-1,-1,1,-1,1,1,-1,1,-1,1,1,-1,1,-1,-1,-1,1,-1,1,1,-1,-1,-1,1,-1,1,1,1,-1,-1,1,-1,-1,1,1,-1,-1,1,1,-1,-1,-1,-1,1,1,1,-1,1,-1,-1,-1,1,-1,1,-1,-1,-1,-1,1,1,-1,1,-1,-1,1,-1,1,-1,-1,-1,-1,-1,1,-1,1,-1,-1,-1,1,1,1,-1,-1,-1,-1,-1,1,1,-1,1,-1,-1,1,1,1,-1,-1,1,-1,1,1,1,-1,-1,-1,-1,-1,1,1,-1,-1,-1,-1,-1,1,-1,-1,-1,-1,-1,1,1,-1,1,-1,1,-1,1,1,1,-1,-1,1,-1,-1,1,1,1,-1,1,-1,-1,-1,1,-1,-1,-1,-1,-1,1,1,-1,1,-1,-1,1,-1,1,-1,-1,1,-1,1,1,-1,-1,-1,-1,-1,1,-1,1,-1,-1,1,1,-1,1,-1,1,1,1,-1,1,-1,1,-1,-1,1,1,-1,-1,-1,1,1,1,1,1,-1,-1,-1,-1,1,1,1,-1,-1,-1,1,1,1,-1,-1,-1,1,-1,1,1,1,-1,-1,-1,1,-1,1,1,-1,-1,-1,-1,1,1,1,-1,-1,-1,1,1,1,1,-1,-1,-1,-1,1,1,1,-1,-1,-1,1,1,1,-1,-1,-1,1,1,1,1,-1,-1,-1,-1,1,1,-1,1,-1,-1,-1,1,1,1,1,-1,-1,-1,1,1,1,1,-1,1,-1,1,1,1,1,-1,1,-1,-1,1,1,-1,1,-1,-1,-1,1,1,-1,1,-1,1,-1,1,1,1,-1,1,1,-1,1,1,1,1,1,1,-1,-1,1,-1,1,-1,-1,1,1,1,1,1,1,1,-1,1,1,1,1,1,-1,1,1,-1,1,1,1,-1,-1,-1,1,1,1,-1,1,1,1,-1,1,1,1,-1,1,1,1,1,1,1,-1,1,1,1,1,1,1,1,1,1,1,-1,1,1,-1,1,1,1,1,1,1,-1,1,1,-1,1,1,1,1,1,1,-1,1,1,-1,1,1,1,-1,1,1,1,-1,1,-2632.0,1,2000,445,500,True
3036,-1,-1,1,1,1,1,-1,1,-1,-1,-1,1,-1,1,-1,-1,1,-1,1,1,-1,1,-1,-1,-1,1,-1,-1,-1,-1,-1,-1,1,1,-1,1,1,-1,-1,-1,1,-1,1,-1,-1,-1,1,1,-1,-1,-1,-1,1,1,1,-1,-1,1,-1,-1,1,1,1,1,-1,-1,-1,1,1,-1,1,-1,-1,-1,1,-1,-1,1,-1,-1,-1,-1,1,-1,-1,-1,-1,1,1,1,-1,-1,-1,-1,1,1,-1,1,-1,1,-1,1,1,-1,1,-1,-1,-1,1,1,-1,1,-1,-1,-1,1,1,-1,1,-1,-1,-1,-1,1,-1,1,-1,-1,1,1,1,-1,-1,-1,-1,1,1,1,-1,-1,-1,-1,1,-1,1,-1,1,-1,-1,-1,-1,1,-1,-1,1,-1,1,1,1,-1,1,-1,-1,-1,1,-1,-1,-1,1,-1,1,-1,1,-1,-1,-1,-1,-1,1,-1,-1,1,1,-1,1,-1,1,-1,-1,-1,-1,1,-1,1,-1,-1,1,-1,1,-1,-1,1,-1,1,-1,1,1,1,-1,-1,1,-1,1,1,-1,-1,-1,1,-1,1,-1,1,1,-1,1,1,-1,1,-1,1,-1,1,1,1,-1,1,1,-1,1,-1,1,-1,-1,1,-1,1,1,1,-1,-1,1,-1,1,-1,-1,-1,1,-1,-1,1,-1,1,-1,1,1,1,1,1,-1,-1,1,-1,1,1,1,-1,-1,1,-1,1,1,1,1,-1,-1,1,-1,1,1,1,-1,1,1,-1,1,-1,-1,-1,-1,1,1,1,1,-1,-1,1,-1,1,1,1,1,-1,1,1,1,1,1,1,-1,1,-1,1,1,-1,1,-1,-1,-1,1,1,1,1,-1,-1,1,1,1,1,-1,-1,1,-1,1,1,1,-1,-1,-1,1,-1,1,1,1,-1,1,1,1,1,1,-1,-1,-1,-1,-1,-1,1,1,-1,-1,-1,-1,1,1,1,-1,-1,-1,-1,1,1,1,1,1,-1,-1,1,1,-1,1,-1,1,-1,-1,1,-1,1,-1,1,-1,-1,1,1,-1,1,-1,1,1,-1,-1,-1,-1,1,-1,1,1,-1,1,1,1,-1,1,-1,-1,1,1,-1,-1,1,-1,-1,1,1,-1,-1,1,-1,-1,1,1,1,-1,-1,-1,-1,1,1,1,-1,1,1,-1,1,-1,1,1,1,-1,-1,1,1,1,-1,1,-1,1,1,1,1,1,-1,1,-1,1,1,1,-1,-1,-1,-1,1,1,1,1,-1,1,-1,-1,1,1,1,-1,1,-1,1,1,-1,1,-1,1,-1,1,-1,1,1,1,1,1,-1,1,-1,1,1,-1,1,1,-1,1,1,1,-1,1,1,-1,1,-1,1,-1,1,-1,-1,1,1,-1,1,1,-1,1,1,-1,1,1,-1,1,-1,1,-1,-1,-1,1,1,-1,-1,-1,1,-1,1,-1,-1,1,1,-1,1,1,1,-1,-1,1,-1,1,1,1,1,-1,1,-1,-1,-1,1,1,-1,1,-1,1,1,-1,1,1,-1,1,1,-1,-1,1,1,1,-1,1,-1,1,-1,1,1,1,-1,-1,-1,-1,-1,1,1,1,-1,-1,-1,1,1,-1,1,-1,-1,-1,1,1,1,1,-1,-1,1,1,1,1,1,-1,-1,-1,-1,1,-1,1,-1,1,-1,-1,1,1,1,-1,1,1,1,-1,-1,1,1,-1,-1,-1,-1,1,1,1,-1,-1,1,-1,1,1,1,-1,-1,1,-1,1,1,-1,-1,-1,-1,-1,1,1,-1,1,-1,-1,1,1,1,1,-1,1,-1,-1,1,1,1,-1,1,-1,1,1,1,1,-1,-1,1,1,1,1,1,-1,1,1,-1,1,1,1,-1,-1,1,1,1,-1,1,-1,-1,1,-1,1,1,1,-1,-1,1,1,1,1,1,-1,-1,1,1,1,1,-1,1,-1,1,-1,1,-1,-1,1,-1,1,-1,1,1,-1,-1,1,1,1,1,-1,-1,-1,1,1,-1,1,1,-1,1,1,-1,-1,1,-1,1,-1,1,1,-1,1,1,-1,1,-1,1,-1,1,1,-1,-1,1,1,-1,1,1,-1,1,-1,1,-1,1,-1,1,1,1,-1,-1,1,1,-1,1,-1,1,-1,1,1,-1,1,-1,1,-1,1,1,-1,1,1,1,-1,1,1,-1,1,1,1,-1,1,-1,1,1,1,-1,-1,1,-1,1,1,-1,-1,1,1,1,1,1,-1,-1,-1,1,-1,1,1,-1,1,-1,1,-1,1,1,-1,1,-1,1,-1,1,1,1,-1,-1,1,1,1,1,1,-1,1,1,-1,1,1,-1,-1,1,1,-1,1,1,1,-1,1,-1,-1,1,-1,1,-1,-1,-1,-1,-1,1,1,-1,1,1,-1,1,-1,1,-1,-1,1,-1,1,1,1,-1,1,-1,1,1,1,-1,-1,1,-1,-1,-1,1,-1,-1,1,-1,1,1,1,-1,-1,1,-1,-1,1,-1,-1,1,1,-1,-1,1,-1,1,-1,-1,-1,1,-1,1,1,-1,1,-1,-1,1,-1,-1,1,-1,-1,-1,1,-1,1,-1,1,-1,1,-1,-1,1,-1,1,-1,1,-1,-1,1,-1,1,-1,1,-1,-1,1,-1,1,-1,1,-1,1,-1,-1,1,-1,1,-1,1,-1,1,1,1,1,1,1,-1,-1,1,1,1,-1,1,-1,-1,1,-1,1,-1,-1,1,-1,1,-1,1,-1,1,1,-1,1,-1,1,1,-1,1,-1,-1,1,1,1,-1,1,-1,-1,-1,1,1,-1,1,1,-1,-1,1,-1,1,-1,1,-1,1,1,1,1,-1,1,-1,1,1,1,-1,1,-1,1,1,1,1,-1,1,1,-1,-1,1,1,-1,1,-1,1,1,-1,1,1,1,-1,-1,-1,1,1,-1,1,1,1,1,-1,1,-1,1,-1,1,1,1,1,-1,1,1,1,1,1,1,-1,1,1,1,1,1,1,-1,1,-1,1,1,1,1,-1,1,1,-1,1,-1,1,-1,1,1,-1,1,-1,1,1,-1,1,1,1,-1,1,-1,1,1,1,-2632.0,1,2000,445,500,True
3037,1,1,-1,-1,1,-1,1,1,1,1,1,-1,1,1,1,1,-1,1,-1,-1,1,1,1,1,1,-1,1,1,1,1,1,1,1,-1,1,1,-1,1,1,-1,-1,1,1,1,1,1,-1,-1,1,1,1,1,1,1,-1,1,1,-1,1,1,-1,-1,-1,1,1,1,1,-1,-1,1,1,-1,1,1,-1,1,1,1,-1,1,1,-1,-1,1,-1,1,1,-1,-1,1,1,1,-1,1,-1,-1,1,-1,-1,-1,1,-1,-1,1,-1,-1,-1,1,-1,-1,1,1,-1,-1,1,1,-1,1,1,-1,-1,1,1,-1,1,1,-1,-1,1,-1,-1,1,-1,-1,-1,-1,-1,1,1,-1,-1,-1,-1,1,-1,1,1,-1,-1,-1,1,-1,-1,1,1,-1,-1,-1,-1,1,-1,1,-1,-1,-1,-1,1,-1,1,-1,-1,-1,-1,1,-1,-1,-1,1,-1,-1,-1,1,1,-1,-1,-1,1,-1,-1,-1,-1,-1,-1,1,-1,-1,1,-1,-1,-1,1,1,-1,1,-1,-1,-1,-1,-1,-1,1,-1,1,1,-1,1,-1,1,-1,1,-1,1,1,-1,1,1,-1,-1,1,1,-1,1,-1,-1,1,1,1,-1,1,-1,-1,-1,1,1,-1,1,1,-1,1,-1,1,-1,1,-1,-1,-1,1,-1,-1,1,-1,1,-1,1,-1,-1,1,1,-1,-1,1,-1,1,1,1,-1,-1,1,-1,1,1,1,1,-1,1,-1,-1,1,1,1,-1,1,1,-1,1,-1,-1,-1,-1,1,1,1,1,-1,-1,1,1,-1,1,1,1,-1,-1,1,1,1,1,1,-1,1,1,1,1,-1,1,-1,-1,1,1,1,1,1,-1,-1,-1,1,1,1,-1,-1,1,1,-1,1,1,-1,-1,-1,1,1,1,1,1,-1,1,1,-1,1,1,-1,-1,-1,-1,1,1,1,1,-1,-1,-1,1,-1,1,1,-1,-1,1,1,-1,1,1,1,1,1,1,-1,1,-1,1,-1,-1,1,1,-1,1,1,-1,-1,1,1,-1,1,-1,1,-1,1,-1,-1,1,-1,-1,-1,1,1,1,1,1,1,-1,1,-1,1,-1,1,1,-1,1,-1,1,-1,1,-1,1,1,-1,-1,-1,-1,1,-1,-1,1,-1,-1,1,-1,-1,1,-1,-1,1,1,-1,1,-1,1,-1,-1,1,-1,-1,1,-1,-1,1,1,-1,1,-1,1,-1,-1,1,-1,-1,-1,-1,-1,-1,1,-1,-1,1,1,-1,-1,-1,-1,1,-1,-1,1,-1,1,-1,-1,1,1,-1,-1,1,-1,-1,-1,-1,-1,1,1,-1,-1,1,1,-1,1,-1,1,-1,1,1,-1,1,-1,-1,-1,-1,-1,-1,1,-1,1,-1,1,1,-1,1,-1,-1,1,-1,-1,1,-1,1,-1,1,-1,1,-1,1,1,-1,-1,-1,1,-1,1,-1,-1,1,-1,1,1,1,1,-1,-1,-1,1,-1,1,1,1,-1,1,1,1,-1,1,1,-1,1,1,1,1,1,1,1,-1,1,1,-1,1,-1,1,-1,-1,1,-1,-1,1,-1,-1,1,-1,-1,-1,1,1,-1,1,1,-1,-1,1,1,-1,-1,1,-1,-1,-1,-1,-1,-1,1,-1,-1,-1,-1,-1,-1,1,-1,-1,1,1,1,1,1,-1,1,1,1,-1,-1,1,-1,1,-1,1,-1,-1,1,1,-1,1,1,1,-1,1,1,-1,-1,1,-1,-1,1,1,-1,-1,1,-1,1,1,-1,-1,1,1,-1,1,1,-1,1,1,-1,1,1,1,1,-1,1,1,-1,-1,1,-1,1,1,1,1,-1,1,1,-1,-1,1,1,1,1,1,-1,1,1,-1,-1,1,1,-1,-1,1,1,-1,1,1,-1,-1,1,1,-1,1,1,-1,-1,-1,1,-1,1,1,-1,-1,1,1,-1,1,1,1,-1,1,-1,-1,1,-1,1,-1,1,-1,-1,1,-1,1,-1,1,1,-1,1,1,-1,-1,1,-1,-1,1,-1,1,1,-1,-1,-1,1,1,1,-1,1,-1,-1,1,1,1,-1,1,-1,-1,-1,1,-1,1,1,-1,-1,-1,1,1,-1,1,-1,-1,1,-1,-1,1,-1,-1,-1,-1,1,1,-1,1,-1,-1,-1,1,1,-1,1,-1,-1,-1,1,1,1,1,-1,-1,1,1,1,1,1,-1,-1,1,1,1,1,-1,-1,-1,1,1,1,-1,-1,1,-1,1,1,1,-1,-1,-1,1,1,1,1,-1,1,-1,-1,1,-1,1,-1,-1,-1,1,1,1,1,1,1,1,1,1,1,1,1,-1,1,-1,1,-1,1,-1,1,1,-1,1,1,1,1,-1,1,1,1,1,1,1,-1,1,1,1,1,-1,1,1,1,-1,1,1,1,1,1,1,1,-1,1,1,1,1,1,1,1,-1,1,-1,1,1,1,-1,-1,1,-1,1,1,1,1,-1,1,-1,1,1,1,1,-1,1,-1,1,1,1,1,-1,1,1,1,1,1,1,-1,-1,1,1,1,1,1,-1,-1,-1,1,-1,1,1,-1,-1,1,1,1,-1,1,1,-1,-1,1,1,1,1,-1,-1,1,1,1,1,-1,-1,-1,1,-1,1,1,-1,1,-1,1,-1,1,1,-1,-1,1,1,1,1,-1,1,1,-1,1,1,1,-1,-1,1,-1,1,1,-1,1,-1,-1,1,1,1,1,1,-1,1,-1,1,-1,1,1,-1,1,1,-1,1,1,-1,-1,1,-1,1,1,-1,1,-1,1,1,-1,1,-1,1,-1,-1,1,-1,-1,1,1,-1,1,1,-1,-1,1,-1,1,1,-1,1,1,1,-1,1,1,-1,-1,1,1,-1,-1,1,-1,-1,1,1,-1,1,1,1,-1,-1,-1,1,1,1,-1,-1,1,1,-1,-1,1,-1,-1,-1,1,1,1,1,-1,-1,1,1,-1,1,1,1,-1,1,1,-1,1,1,1,-1,1,1,1,1,1,-1,-1,1,-1,-1,1,1,1,-1,-1,1,-1,1,1,-1,1,-1,1,1,-1,1,1,-1,-1,1,-2632.0,1,2000,445,500,True
3038,1,1,-1,-1,1,1,-1,1,1,1,1,-1,-1,1,1,1,-1,1,-1,-1,-1,1,1,1,1,-1,-1,-1,1,1,1,1,1,-1,-1,1,-1,1,1,1,-1,-1,1,1,1,1,-1,-1,1,-1,1,1,1,1,-1,-1,1,-1,1,1,-1,-1,-1,1,1,1,1,-1,-1,-1,1,-1,1,1,1,-1,-1,1,-1,1,1,-1,-1,-1,-1,1,1,1,-1,1,-1,1,-1,1,1,-1,-1,1,-1,1,1,1,-1,-1,1,-1,-1,1,1,-1,-1,-1,-1,-1,1,1,-1,-1,1,-1,-1,1,1,1,-1,-1,-1,-1,1,1,1,-1,1,-1,-1,1,1,1,-1,1,-1,-1,1,1,1,-1,1,-1,-1,-1,1,1,-1,1,1,-1,-1,1,-1,-1,1,1,-1,-1,1,1,-1,1,1,-1,1,1,-1,-1,1,-1,-1,1,1,-1,1,-1,1,-1,1,1,-1,-1,1,-1,-1,-1,1,-1,1,1,1,-1,-1,1,1,-1,1,1,-1,-1,1,-1,-1,1,1,-1,1,1,-1,-1,1,1,-1,1,1,1,-1,-1,1,1,-1,1,1,-1,1,1,1,-1,1,1,-1,-1,1,-1,-1,1,1,1,-1,1,1,-1,-1,1,1,-1,1,-1,1,1,1,1,-1,1,-1,-1,1,1,-1,-1,1,1,-1,-1,1,-1,-1,1,1,1,-1,1,-1,-1,1,1,1,-1,1,-1,-1,1,1,1,1,1,1,-1,1,1,-1,1,-1,1,-1,1,1,-1,-1,1,-1,-1,1,-1,1,-1,-1,1,-1,1,1,1,-1,1,1,-1,1,-1,1,-1,-1,1,-1,1,1,1,-1,-1,-1,-1,1,1,-1,-1,1,-1,-1,1,1,-1,-1,-1,-1,1,1,1,1,-1,1,1,-1,1,1,-1,-1,-1,-1,1,1,1,1,-1,-1,-1,1,-1,1,1,-1,-1,-1,1,-1,1,1,1,1,-1,1,-1,1,-1,-1,-1,-1,1,1,-1,1,1,-1,1,1,1,-1,1,-1,1,-1,1,-1,-1,1,-1,-1,-1,1,1,-1,1,-1,1,-1,1,-1,1,-1,1,1,1,1,-1,1,-1,1,1,-1,1,-1,-1,-1,1,1,1,1,1,-1,-1,1,1,1,1,-1,-1,1,-1,-1,1,-1,1,-1,1,-1,1,1,1,-1,-1,1,1,1,1,-1,1,-1,-1,1,1,1,1,-1,-1,-1,1,1,1,1,1,-1,-1,-1,1,1,1,-1,1,-1,1,1,-1,1,1,-1,1,1,-1,1,1,-1,-1,1,1,1,1,-1,1,-1,1,1,-1,1,-1,1,-1,1,1,-1,1,-1,-1,-1,1,1,-1,1,-1,1,-1,1,-1,1,1,-1,-1,1,-1,1,-1,1,1,1,-1,1,1,1,-1,1,1,-1,1,-1,-1,1,1,1,1,1,1,-1,-1,1,1,-1,-1,1,1,-1,1,1,1,1,1,1,-1,1,1,1,-1,-1,-1,1,-1,1,1,-1,1,-1,1,-1,-1,1,-1,-1,1,-1,-1,1,-1,-1,-1,1,1,-1,1,1,-1,-1,1,1,-1,-1,1,-1,-1,-1,-1,-1,-1,1,-1,-1,-1,-1,-1,-1,1,-1,-1,1,1,1,1,1,-1,1,1,1,-1,-1,1,-1,1,-1,1,-1,-1,1,1,-1,1,1,1,-1,1,1,-1,-1,1,-1,-1,1,1,-1,-1,1,-1,1,1,-1,-1,1,1,-1,1,1,-1,1,1,-1,1,1,1,1,-1,1,1,-1,-1,1,1,-1,1,1,1,-1,1,1,-1,-1,1,1,1,1,1,-1,1,1,-1,-1,1,1,-1,-1,1,1,-1,1,1,-1,-1,1,1,-1,1,1,-1,-1,-1,1,-1,1,1,-1,-1,1,1,-1,1,1,1,-1,1,1,-1,-1,-1,1,-1,1,-1,-1,1,-1,1,-1,1,1,-1,1,1,-1,-1,1,1,-1,1,-1,1,1,-1,1,-1,1,1,-1,-1,1,-1,-1,-1,1,1,-1,1,-1,-1,-1,1,-1,1,-1,1,-1,-1,-1,1,-1,1,-1,-1,-1,1,1,1,-1,-1,-1,-1,-1,1,-1,1,-1,-1,-1,1,1,-1,1,-1,-1,-1,1,1,1,1,-1,-1,-1,-1,-1,1,1,-1,-1,-1,1,1,1,-1,-1,-1,1,-1,1,1,-1,1,-1,-1,-1,1,-1,-1,-1,1,-1,-1,1,1,-1,-1,-1,-1,-1,1,-1,-1,-1,1,-1,-1,1,1,-1,-1,-1,1,-1,1,1,-1,1,-1,-1,-1,1,-1,-1,-1,-1,-1,-1,-1,1,1,-1,1,-1,-1,1,1,-1,1,-1,-1,1,-1,1,-1,1,-1,-1,1,-1,1,-1,-1,1,-1,1,1,1,-1,1,-1,-1,-1,1,-1,-1,1,1,1,-1,1,-1,-1,1,1,-1,-1,1,-1,-1,1,1,1,-1,1,-1,1,1,1,1,-1,1,1,-1,-1,1,1,1,-1,1,-1,1,1,1,-1,-1,-1,1,-1,1,1,1,-1,1,-1,1,-1,1,1,-1,-1,1,-1,1,1,1,-1,1,1,1,1,1,1,-1,1,-1,1,1,1,1,-1,1,-1,1,1,1,-1,1,-1,1,1,1,1,1,1,1,-1,1,1,-1,1,1,-1,-1,1,1,1,-1,1,1,-1,1,1,1,1,-1,1,-1,1,1,1,1,1,-1,-1,-1,1,1,-1,1,1,-1,-1,1,1,-1,1,-1,1,-1,1,1,1,-1,1,-1,-1,1,-1,1,1,-1,1,-1,1,1,-1,1,1,-1,1,1,-1,1,1,-1,-1,-1,1,-1,1,1,1,-1,1,1,-1,1,1,-1,1,-1,-1,-1,1,1,-1,-1,1,1,-1,1,1,-1,1,1,1,-1,1,1,-1,1,1,1,-1,1,1,-1,-1,-1,1,-1,-1,1,-1,1,1,1,-1,-1,1,-1,1,1,1,1,-1,1,-1,-1,1,1,-1,-1,1,1,-1,1,1,1,-1,1,-1,-1,1,-2632.0,1,2000,445,500,True
3039,-1,-1,1,1,-1,1,-1,1,-1,-1,-1,1,-1,1,-1,-1,1,-1,1,1,-1,1,-1,-1,-1,1,-1,-1,-1,-1,-1,-1,1,1,-1,1,1,-1,-1,-1,1,-1,1,-1,-1,-1,1,1,-1,-1,-1,-1,1,-1,1,-1,-1,1,-1,-1,-1,1,1,1,-1,-1,-1,1,1,-1,1,-1,-1,-1,-1,1,-1,1,-1,-1,-1,1,1,-1,-1,-1,-1,-1,1,1,-1,-1,-1,-1,-1,1,-1,1,-1,1,-1,-1,1,-1,1,-1,-1,-1,-1,1,-1,1,-1,-1,-1,-1,1,-1,1,-1,-1,-1,-1,1,-1,1,-1,-1,1,-1,1,1,1,-1,-1,-1,-1,-1,1,-1,-1,-1,-1,-1,-1,1,-1,-1,-1,-1,-1,-1,1,-1,1,-1,-1,-1,1,1,1,-1,-1,-1,-1,-1,1,1,1,-1,-1,-1,1,-1,1,-1,-1,-1,-1,1,1,-1,1,-1,-1,-1,1,1,1,-1,-1,-1,-1,1,1,1,1,-1,-1,-1,-1,1,1,1,-1,-1,1,1,1,1,1,-1,1,1,1,1,1,1,-1,1,-1,-1,-1,1,1,1,-1,-1,1,1,1,1,1,-1,1,-1,1,1,1,-1,-1,1,1,1,1,1,1,-1,-1,1,-1,1,1,-1,-1,-1,-1,1,1,1,-1,-1,1,-1,1,-1,1,1,-1,1,-1,1,-1,1,1,1,-1,-1,1,-1,1,1,1,-1,1,-1,1,1,1,1,-1,-1,-1,1,1,-1,-1,-1,1,-1,-1,1,1,-1,-1,-1,1,-1,1,1,1,-1,1,-1,-1,1,1,1,-1,1,-1,-1,1,-1,1,-1,-1,1,-1,1,1,1,-1,-1,1,-1,1,1,1,-1,-1,1,-1,1,1,1,-1,1,-1,1,1,1,-1,-1,1,-1,1,1,1,-1,-1,-1,1,1,1,1,-1,-1,-1,1,1,1,1,-1,-1,-1,1,1,1,1,-1,1,-1,1,1,1,1,1,1,-1,1,1,-1,1,-1,1,-1,1,1,-1,1,1,-1,-1,1,-1,1,-1,-1,-1,1,1,1,1,1,-1,1,-1,-1,1,1,-1,-1,1,-1,1,1,1,-1,1,1,1,-1,1,1,-1,-1,1,-1,1,1,-1,-1,-1,-1,1,1,1,1,1,-1,1,1,1,-1,1,-1,1,-1,1,1,1,1,-1,1,1,1,1,-1,-1,1,-1,1,1,1,1,-1,-1,-1,1,1,1,1,-1,1,-1,1,-1,1,1,-1,1,-1,1,1,-1,1,-1,1,1,1,1,1,1,1,-1,1,1,1,1,-1,1,-1,1,1,-1,1,-1,1,-1,1,1,-1,1,-1,1,-1,1,1,-1,1,-1,-1,1,-1,1,1,1,-1,1,1,-1,1,-1,1,1,-1,-1,1,1,1,-1,-1,1,-1,-1,1,-1,1,-1,-1,1,-1,1,1,-1,1,-1,1,-1,1,1,-1,1,-1,-1,1,1,1,-1,1,-1,1,-1,1,1,1,-1,1,1,-1,-1,1,1,1,-1,1,-1,1,-1,1,1,1,-1,-1,-1,1,-1,1,1,1,-1,-1,-1,1,1,-1,1,-1,-1,-1,1,1,1,1,-1,-1,-1,1,1,1,1,-1,-1,-1,-1,1,-1,1,-1,1,-1,-1,1,1,1,-1,-1,1,1,-1,-1,1,1,-1,-1,-1,-1,1,1,1,-1,-1,1,-1,1,1,1,-1,-1,1,-1,1,1,-1,-1,-1,-1,-1,1,1,-1,1,-1,-1,1,1,1,1,-1,1,-1,-1,1,1,1,-1,1,-1,1,1,1,1,-1,-1,1,1,1,1,1,-1,1,1,-1,1,1,1,-1,-1,1,1,1,1,1,-1,-1,1,-1,1,1,1,-1,-1,1,1,1,1,1,-1,-1,1,1,1,1,1,1,-1,1,1,1,-1,-1,1,-1,1,1,1,1,-1,-1,1,1,1,1,1,1,-1,1,1,1,1,1,-1,1,1,-1,1,1,1,1,-1,1,1,1,1,1,1,-1,1,1,1,1,1,1,-1,1,-1,1,1,1,-1,1,1,-1,-1,1,1,1,1,-1,-1,1,1,1,1,1,-1,-1,1,1,1,1,1,1,1,-1,1,1,1,1,-1,1,-1,1,1,1,-1,1,1,-1,1,1,1,1,1,-1,-1,1,1,-1,1,-1,-1,1,1,1,1,1,-1,-1,-1,-1,1,1,1,-1,-1,-1,1,1,-1,1,-1,-1,-1,1,1,1,1,1,-1,-1,1,1,1,1,-1,1,-1,1,1,-1,1,1,-1,-1,1,1,1,1,1,1,-1,-1,1,1,-1,1,-1,-1,1,1,1,-1,1,-1,1,1,1,-1,-1,1,-1,-1,-1,1,-1,1,-1,1,-1,1,1,-1,1,1,-1,-1,-1,-1,1,-1,1,1,1,-1,1,-1,1,1,-1,-1,1,-1,1,-1,1,-1,1,-1,-1,-1,1,1,-1,-1,-1,-1,-1,1,1,-1,1,1,-1,1,1,1,-1,-1,-1,-1,-1,1,-1,-1,1,1,-1,-1,1,1,1,-1,-1,-1,-1,1,-1,1,1,-1,-1,-1,1,-1,-1,1,-1,-1,1,1,-1,-1,1,-1,-1,1,1,-1,1,1,1,-1,-1,-1,1,-1,1,1,-1,1,-1,-1,-1,1,-1,1,-1,1,-1,-1,1,-1,1,-1,-1,-1,-1,1,-1,1,-1,-1,1,-1,-1,1,1,-1,1,-1,-1,-1,-1,1,-1,1,-1,1,-1,-1,1,1,1,1,-1,-1,1,1,-1,-1,1,1,-1,1,1,-1,1,-1,-1,1,1,-1,-1,1,-1,-1,-1,-1,1,-1,1,1,-1,1,1,-1,-1,-1,-1,1,-1,-1,-1,-1,1,-1,-1,1,1,-1,1,1,-1,1,1,1,1,-1,1,-1,1,1,1,1,-1,1,-1,-1,1,1,1,-1,1,-1,1,1,1,1,-1,1,-1,1,1,1,-1,-1,1,-1,-1,1,1,-1,-1,-1,1,-1,1,-1,1,-1,1,-1,-1,1,-2632.0,1,2000,445,500,True
3040,-1,-1,1,1,1,1,-1,1,-1,-1,-1,1,-1,1,-1,-1,1,-1,1,-1,-1,1,-1,-1,-1,1,-1,-1,1,-1,-1,-1,1,-1,-1,1,1,-1,-1,1,-1,-1,1,-1,-1,-1,-1,1,-1,-1,-1,-1,1,1,-1,-1,-1,1,-1,-1,-1,1,-1,1,-1,-1,-1,-1,1,-1,1,-1,-1,-1,1,1,1,1,-1,-1,-1,-1,1,-1,-1,-1,-1,1,1,-1,1,-1,-1,-1,-1,1,1,-1,-1,1,-1,-1,1,1,1,-1,-1,-1,-1,1,1,-1,-1,-1,-1,-1,1,1,1,-1,-1,-1,-1,1,1,-1,-1,-1,1,-1,1,1,1,-1,-1,-1,-1,1,1,1,-1,-1,-1,-1,-1,1,-1,-1,-1,-1,-1,1,1,1,1,-1,-1,-1,-1,1,1,-1,-1,-1,1,-1,1,1,1,-1,-1,-1,1,1,1,-1,-1,-1,1,1,1,-1,1,-1,-1,-1,1,1,1,-1,-1,1,-1,1,1,1,1,-1,-1,-1,1,-1,1,1,-1,1,-1,1,1,1,1,-1,1,1,-1,-1,1,1,-1,1,-1,1,1,1,1,1,-1,-1,1,1,1,1,1,-1,1,-1,1,1,1,-1,1,-1,1,-1,1,1,1,1,-1,-1,1,1,1,-1,-1,-1,1,1,-1,1,-1,1,-1,1,1,1,1,1,-1,-1,1,1,-1,1,1,-1,-1,1,1,-1,1,1,1,-1,1,1,1,1,1,1,-1,1,1,1,1,1,-1,-1,-1,1,-1,1,1,-1,-1,1,1,-1,1,1,1,-1,-1,1,1,1,1,1,-1,1,1,-1,1,-1,1,-1,-1,1,-1,1,1,1,-1,-1,1,1,1,1,-1,-1,1,-1,1,1,1,-1,-1,-1,-1,1,1,1,1,-1,1,1,-1,1,1,-1,-1,-1,-1,1,1,1,1,-1,-1,-1,1,-1,1,1,-1,-1,1,1,-1,1,1,1,-1,1,1,-1,1,-1,-1,-1,-1,1,1,-1,1,1,-1,-1,-1,1,-1,1,-1,1,-1,1,-1,-1,1,-1,-1,-1,1,1,-1,1,-1,1,-1,1,-1,1,-1,1,-1,1,1,-1,1,-1,1,-1,-1,1,-1,-1,-1,1,-1,1,1,1,-1,-1,1,-1,1,1,-1,-1,1,-1,1,1,-1,1,-1,1,-1,-1,-1,1,-1,-1,1,1,1,1,-1,1,-1,-1,1,1,1,1,-1,-1,-1,1,1,1,1,1,-1,1,-1,-1,1,1,-1,1,-1,1,1,-1,1,1,-1,1,1,1,1,1,-1,-1,1,1,1,1,-1,1,-1,1,1,-1,1,-1,1,-1,1,1,-1,1,-1,-1,-1,1,1,-1,1,-1,1,-1,-1,1,1,1,-1,-1,1,-1,1,-1,1,1,1,-1,1,1,1,-1,1,1,-1,-1,1,-1,1,-1,1,1,-1,1,1,-1,1,1,-1,-1,1,1,-1,1,1,1,1,1,1,-1,1,1,1,-1,1,1,1,-1,1,1,-1,1,-1,1,-1,-1,1,-1,-1,1,-1,-1,1,-1,-1,-1,1,1,-1,1,1,-1,-1,1,1,-1,-1,1,-1,-1,-1,-1,-1,1,1,-1,-1,-1,-1,-1,1,1,-1,-1,1,1,1,-1,1,-1,-1,1,1,-1,1,1,-1,-1,-1,1,-1,-1,1,1,-1,1,1,1,1,1,1,-1,-1,1,-1,1,1,1,-1,-1,1,-1,1,1,-1,-1,1,1,-1,1,1,-1,-1,1,-1,1,1,1,1,-1,1,1,-1,1,1,1,-1,1,1,1,1,1,1,-1,-1,1,1,1,1,1,-1,1,1,-1,1,1,1,-1,-1,1,1,1,1,1,-1,-1,1,-1,1,1,1,-1,-1,-1,1,1,1,1,-1,-1,1,1,1,1,1,-1,-1,1,1,1,-1,-1,1,-1,-1,1,1,1,-1,1,-1,1,1,1,1,1,-1,-1,1,1,1,1,-1,1,1,-1,1,1,1,1,1,-1,1,-1,1,1,-1,1,-1,1,1,1,1,-1,-1,1,-1,1,1,1,1,1,-1,1,-1,1,1,-1,-1,1,-1,1,1,1,-1,1,-1,1,-1,1,1,1,1,-1,1,-1,1,1,-1,1,1,1,-1,1,1,1,1,1,1,-1,1,1,1,1,1,-1,-1,1,-1,1,1,1,-1,1,1,1,1,1,-1,-1,-1,1,1,1,1,1,-1,-1,1,1,-1,1,1,-1,-1,1,-1,1,1,1,-1,-1,1,1,1,1,1,1,-1,-1,1,-1,1,-1,-1,-1,1,1,1,1,1,1,-1,-1,1,1,1,1,-1,-1,-1,-1,1,-1,1,-1,1,1,-1,1,1,1,-1,-1,1,-1,1,1,1,-1,-1,-1,1,-1,1,-1,-1,1,1,-1,-1,1,1,1,1,-1,1,-1,1,1,-1,-1,-1,-1,-1,1,1,-1,1,1,1,-1,1,1,-1,-1,-1,-1,-1,-1,1,-1,1,-1,-1,1,-1,1,-1,-1,1,-1,-1,-1,1,1,1,-1,-1,1,-1,1,1,-1,-1,-1,1,-1,1,1,1,1,-1,-1,-1,1,-1,1,-1,-1,-1,-1,1,-1,1,-1,-1,-1,1,1,1,1,-1,-1,-1,-1,1,-1,1,-1,1,-1,1,-1,-1,1,1,-1,1,-1,1,-1,1,1,-1,1,-1,1,-1,1,1,-1,-1,1,-1,-1,-1,1,-1,1,-1,1,-1,-1,1,-1,1,-1,1,-1,-1,1,-1,1,-1,1,-1,-1,1,-1,-1,-1,-1,1,-1,1,-1,-1,1,1,-1,1,1,-1,-1,1,1,-1,-1,1,1,-1,1,1,-1,1,1,1,-1,-1,-1,1,-1,-1,-1,-1,1,-1,-1,1,1,-1,1,1,-1,1,1,1,-1,-1,1,-1,1,1,1,-1,-1,1,-1,-1,-1,1,-1,1,1,-1,1,1,1,-1,-1,1,-1,1,1,1,1,-1,1,-1,-1,1,1,1,-1,1,1,-1,1,1,1,-1,1,-1,-1,1,-2632.0,1,2000,445,500,True
3041,-1,-1,1,1,1,1,-1,1,-1,-1,-1,1,-1,-1,-1,-1,1,-1,1,-1,-1,1,-1,-1,-1,1,-1,-1,-1,-1,-1,-1,1,-1,-1,1,1,-1,-1,1,-1,-1,1,-1,-1,-1,1,1,-1,-1,-1,-1,1,1,-1,1,-1,1,-1,-1,1,1,-1,1,-1,-1,-1,1,1,-1,1,-1,-1,-1,1,1,1,1,-1,-1,-1,-1,1,-1,-1,-1,-1,1,1,1,1,-1,-1,-1,-1,1,-1,1,-1,1,-1,-1,1,1,-1,-1,-1,-1,-1,1,1,1,-1,-1,-1,-1,1,1,1,-1,-1,-1,-1,1,1,1,-1,-1,1,-1,1,1,-1,-1,-1,-1,-1,1,1,-1,-1,-1,-1,-1,-1,1,1,-1,-1,-1,-1,1,1,1,1,-1,1,-1,-1,1,-1,-1,-1,-1,1,-1,1,-1,1,-1,1,-1,1,1,-1,-1,-1,-1,1,1,-1,1,1,-1,-1,-1,1,-1,-1,-1,-1,1,-1,1,-1,-1,-1,1,-1,-1,1,-1,-1,1,-1,1,1,1,1,-1,1,-1,1,1,-1,-1,-1,1,1,1,-1,1,1,-1,1,1,-1,-1,1,1,-1,1,-1,1,-1,1,1,-1,1,1,1,-1,1,-1,-1,1,1,1,-1,-1,1,-1,1,-1,-1,-1,1,-1,-1,1,1,1,-1,1,1,-1,1,-1,-1,-1,1,-1,1,1,-1,-1,-1,1,-1,1,1,-1,1,-1,1,1,-1,1,1,1,-1,-1,1,-1,1,1,-1,-1,-1,1,1,1,-1,-1,-1,1,1,-1,1,1,1,-1,-1,1,1,1,-1,-1,-1,1,1,1,1,1,-1,-1,-1,-1,1,1,-1,-1,-1,-1,1,1,1,-1,-1,-1,-1,1,-1,1,-1,1,-1,-1,-1,1,1,-1,1,-1,-1,1,-1,1,-1,-1,-1,-1,-1,1,1,-1,-1,-1,-1,-1,1,-1,-1,-1,-1,-1,-1,1,-1,-1,1,-1,-1,1,1,-1,-1,1,1,-1,-1,1,1,-1,1,-1,-1,1,-1,1,-1,-1,-1,-1,-1,1,-1,-1,1,1,1,1,1,1,-1,1,-1,1,-1,1,-1,1,-1,-1,1,-1,1,-1,1,1,-1,-1,1,1,-1,-1,-1,1,-1,1,1,1,-1,1,-1,1,-1,1,-1,-1,1,-1,1,1,-1,1,-1,1,-1,1,-1,1,-1,-1,1,1,1,1,-1,1,-1,-1,1,1,1,-1,-1,-1,-1,1,1,1,1,1,-1,-1,1,1,1,1,-1,1,-1,1,1,-1,1,1,-1,1,1,1,1,1,-1,-1,1,1,1,1,-1,1,-1,1,1,-1,1,-1,1,-1,1,1,-1,1,1,-1,-1,1,1,-1,1,-1,1,-1,-1,1,1,1,1,-1,1,-1,1,-1,1,1,1,-1,1,1,1,-1,1,1,-1,-1,1,-1,-1,1,1,1,-1,1,1,-1,-1,1,-1,-1,1,1,-1,1,1,1,1,1,1,-1,1,1,1,-1,1,1,1,1,1,1,-1,1,-1,1,-1,-1,1,-1,-1,1,-1,-1,1,-1,-1,-1,1,1,-1,1,1,-1,-1,1,1,-1,-1,1,-1,-1,-1,-1,-1,1,1,-1,-1,-1,-1,-1,1,1,-1,-1,1,1,1,-1,1,-1,-1,1,1,-1,1,1,-1,-1,-1,1,-1,-1,1,1,-1,1,1,1,1,1,-1,1,1,1,-1,1,1,1,-1,1,1,-1,1,1,-1,1,1,1,-1,1,1,-1,-1,1,-1,1,1,1,-1,1,1,1,-1,1,1,-1,1,1,1,1,1,1,1,1,1,1,1,1,1,-1,1,-1,1,-1,1,1,1,1,1,1,1,1,1,-1,1,-1,1,1,1,1,1,-1,1,-1,1,1,1,1,1,1,1,1,1,1,-1,1,1,-1,1,1,-1,-1,1,1,1,1,1,1,-1,1,-1,1,1,1,1,1,1,-1,1,1,1,1,-1,1,1,-1,1,1,1,-1,1,-1,1,-1,1,1,-1,1,-1,1,1,1,1,-1,1,-1,-1,1,1,1,1,1,1,-1,-1,1,1,-1,-1,1,-1,1,1,1,1,1,-1,1,-1,1,1,-1,1,1,-1,1,1,1,1,1,1,-1,-1,1,1,-1,1,1,-1,-1,1,1,1,1,1,-1,-1,1,-1,1,1,1,-1,1,1,1,1,1,1,-1,-1,-1,1,1,1,1,-1,-1,1,1,-1,1,1,-1,-1,1,-1,1,1,-1,-1,-1,1,1,1,1,-1,1,-1,-1,1,-1,1,1,-1,-1,1,1,1,1,1,1,-1,-1,1,1,1,1,-1,-1,-1,-1,1,-1,1,-1,1,1,-1,1,1,1,-1,-1,1,-1,1,1,-1,1,-1,-1,1,-1,1,1,-1,-1,-1,-1,-1,1,-1,1,1,-1,1,-1,1,1,-1,-1,-1,-1,-1,1,1,-1,1,-1,1,-1,1,1,-1,-1,-1,-1,-1,-1,1,-1,1,-1,-1,1,1,1,-1,-1,-1,-1,-1,-1,1,-1,1,-1,-1,1,-1,1,-1,-1,-1,-1,1,-1,1,1,1,1,-1,-1,-1,1,-1,1,-1,-1,-1,-1,1,-1,1,-1,-1,-1,1,-1,1,1,-1,-1,1,1,-1,-1,1,-1,1,-1,1,1,-1,1,1,-1,1,1,1,-1,1,1,-1,1,-1,1,-1,1,1,-1,1,1,-1,-1,1,1,-1,1,-1,1,-1,-1,1,-1,1,-1,1,1,-1,1,-1,-1,1,-1,-1,-1,1,-1,1,1,-1,-1,-1,1,1,1,-1,1,1,-1,-1,1,1,-1,1,1,-1,-1,-1,1,-1,-1,-1,1,-1,1,1,1,-1,1,-1,1,1,1,-1,-1,-1,1,1,-1,1,-1,-1,1,-1,1,1,1,-1,-1,1,1,1,1,1,1,-1,1,-1,1,1,1,1,-1,1,-1,-1,-1,1,-1,-1,1,1,1,1,1,1,-1,-1,-1,1,-1,1,-1,1,-1,1,1,-1,1,1,-1,-1,1,-2630.0,1,2000,445,500,True
3042,-1,-1,1,1,1,1,-1,1,-1,-1,-1,1,-1,1,-1,-1,1,-1,1,-1,-1,1,-1,-1,-1,1,-1,-1,-1,-1,-1,-1,1,-1,-1,1,1,-1,-1,1,-1,-1,1,-1,-1,-1,1,1,-1,-1,-1,-1,1,1,-1,-1,-1,1,-1,-1,1,1,-1,1,-1,-1,-1,1,1,-1,1,-1,-1,-1,1,1,-1,1,-1,-1,-1,-1,1,-1,-1,-1,-1,1,1,1,1,-1,-1,-1,-1,1,-1,-1,-1,1,-1,-1,1,1,-1,-1,-1,-1,-1,1,1,-1,-1,-1,-1,-1,1,1,1,-1,-1,-1,-1,1,1,-1,-1,-1,1,-1,1,1,-1,-1,-1,1,-1,1,1,-1,-1,-1,1,-1,-1,1,1,-1,-1,-1,-1,1,1,-1,1,-1,1,-1,-1,1,-1,1,-1,-1,-1,-1,1,-1,1,-1,-1,-1,1,1,-1,-1,-1,1,-1,1,-1,1,1,-1,-1,-1,1,-1,-1,-1,-1,1,-1,1,-1,-1,1,-1,1,-1,1,-1,-1,1,-1,1,-1,1,1,-1,1,-1,1,1,-1,-1,-1,1,-1,1,-1,1,1,-1,1,1,-1,-1,1,1,-1,1,1,-1,1,-1,1,-1,1,-1,1,-1,1,-1,-1,1,1,-1,1,-1,1,-1,1,-1,-1,-1,1,-1,-1,1,-1,1,-1,1,1,-1,1,1,-1,-1,1,1,-1,1,1,-1,-1,1,1,-1,1,1,1,-1,1,1,-1,1,1,1,-1,1,1,-1,1,1,-1,-1,-1,1,1,1,1,-1,-1,1,1,-1,1,1,1,-1,-1,1,1,1,1,1,-1,1,1,1,1,-1,1,1,-1,1,1,1,1,1,-1,-1,1,1,1,1,-1,-1,1,1,-1,1,1,-1,-1,-1,1,1,1,1,1,-1,1,1,-1,1,1,-1,-1,-1,-1,1,1,1,1,-1,-1,-1,1,-1,1,1,-1,-1,1,1,-1,1,1,1,-1,1,1,-1,1,-1,-1,-1,-1,1,1,-1,1,1,-1,-1,-1,1,-1,1,-1,1,-1,1,-1,-1,1,-1,-1,-1,1,1,-1,1,-1,1,-1,1,-1,1,-1,1,-1,1,1,-1,1,-1,1,-1,-1,1,-1,-1,-1,1,-1,1,1,1,-1,-1,1,-1,1,1,-1,-1,1,-1,1,1,-1,1,-1,1,-1,-1,1,-1,-1,-1,1,1,1,1,-1,1,-1,-1,1,1,1,1,-1,-1,-1,1,1,1,1,1,-1,1,-1,1,1,1,-1,1,-1,1,1,-1,1,1,-1,1,1,1,1,1,-1,-1,1,1,1,1,-1,1,-1,1,1,-1,1,-1,1,-1,1,1,-1,1,-1,-1,-1,1,1,-1,1,-1,1,-1,-1,1,1,1,-1,-1,1,-1,1,-1,1,1,1,-1,1,1,1,-1,-1,1,-1,-1,1,-1,1,-1,1,1,-1,1,1,-1,1,1,-1,-1,1,1,-1,1,1,1,1,1,1,-1,1,1,1,-1,1,1,1,-1,1,1,-1,1,-1,1,1,-1,1,-1,-1,1,-1,-1,1,-1,-1,-1,1,1,-1,1,1,-1,-1,1,1,-1,-1,1,-1,-1,-1,-1,-1,1,1,-1,-1,-1,-1,-1,1,1,-1,-1,1,1,1,-1,1,-1,-1,1,1,-1,1,1,-1,-1,-1,1,-1,-1,1,1,-1,1,1,1,1,1,1,-1,-1,1,-1,1,1,1,-1,-1,1,-1,1,1,-1,-1,1,1,-1,1,1,-1,1,1,-1,1,1,1,1,-1,1,1,-1,1,1,1,-1,1,1,1,1,1,1,-1,-1,1,1,1,1,1,-1,1,1,-1,1,1,1,-1,-1,1,1,1,-1,1,-1,-1,1,-1,1,1,1,-1,-1,-1,1,1,1,1,-1,-1,1,1,1,1,-1,1,-1,1,1,1,-1,-1,1,-1,-1,1,1,1,-1,1,-1,1,1,1,-1,1,-1,-1,1,1,1,1,-1,1,1,-1,1,1,-1,1,-1,-1,1,1,1,1,1,1,-1,1,1,1,1,-1,-1,1,-1,1,1,1,1,1,-1,1,-1,1,-1,-1,-1,1,-1,1,1,1,-1,1,-1,1,-1,1,1,1,1,-1,1,-1,1,1,-1,1,1,1,-1,1,1,1,1,1,1,-1,1,1,1,1,1,-1,-1,1,1,1,1,1,-1,1,1,1,1,1,-1,-1,-1,-1,1,1,1,1,-1,-1,1,1,-1,1,-1,-1,-1,1,1,1,1,1,-1,-1,1,1,1,1,1,1,-1,-1,1,-1,1,-1,-1,-1,1,1,1,1,1,1,-1,-1,1,1,1,1,-1,-1,-1,-1,1,-1,1,-1,1,1,-1,1,1,1,-1,-1,1,-1,1,1,1,-1,1,-1,1,-1,1,-1,-1,-1,-1,-1,-1,1,1,1,1,-1,1,-1,1,1,-1,-1,-1,-1,-1,1,1,-1,1,-1,1,-1,1,1,-1,-1,-1,-1,-1,-1,1,-1,1,-1,-1,1,-1,1,-1,-1,1,-1,-1,-1,1,1,1,-1,-1,1,-1,1,1,-1,-1,-1,1,-1,1,1,1,1,-1,-1,-1,1,-1,1,-1,-1,-1,-1,1,-1,1,-1,-1,-1,1,1,1,1,-1,-1,-1,-1,1,-1,1,-1,1,-1,1,-1,-1,1,1,-1,1,-1,1,-1,1,1,-1,1,-1,1,-1,1,1,-1,1,1,-1,-1,-1,1,-1,1,-1,1,-1,-1,1,1,1,-1,1,-1,-1,1,-1,-1,1,-1,-1,-1,1,-1,1,1,-1,1,-1,1,1,1,-1,1,-1,1,1,1,1,-1,1,-1,-1,1,-1,1,-1,1,-1,1,1,-1,1,1,-1,1,-1,1,1,1,-1,-1,-1,1,1,1,1,-1,-1,1,1,1,1,1,-1,-1,1,1,1,1,1,1,-1,1,1,1,1,1,1,-1,-1,1,1,1,1,1,-1,1,1,1,1,1,1,-1,-1,1,1,1,1,1,1,-1,1,1,-1,1,1,-1,-1,1,-2630.0,1,2000,445,500,True
3043,1,1,-1,-1,1,1,-1,-1,1,1,1,-1,1,1,1,1,-1,1,-1,-1,-1,-1,1,1,1,-1,1,-1,1,1,1,1,-1,-1,-1,-1,1,-1,1,1,-1,-1,-1,1,1,1,-1,-1,1,1,1,1,1,1,-1,-1,1,-1,1,1,-1,-1,-1,-1,1,1,1,-1,-1,-1,-1,1,1,1,-1,1,-1,-1,1,1,1,-1,-1,-1,1,1,1,-1,-1,-1,1,1,1,1,-1,-1,-1,-1,1,-1,1,-1,-1,-1,-1,1,1,1,-1,-1,-1,1,1,1,1,1,-1,-1,1,1,1,1,1,-1,-1,-1,1,1,1,-1,-1,-1,-1,1,1,-1,-1,-1,-1,-1,1,1,-1,1,-1,-1,1,1,1,1,1,-1,-1,-1,-1,1,-1,-1,-1,-1,-1,1,1,1,-1,-1,1,-1,-1,1,-1,-1,-1,-1,-1,1,1,1,-1,-1,-1,1,-1,1,-1,-1,-1,-1,-1,1,1,-1,-1,-1,-1,-1,-1,1,-1,-1,1,1,-1,-1,1,-1,-1,-1,-1,-1,-1,1,-1,1,-1,-1,-1,-1,1,-1,-1,1,-1,-1,-1,-1,1,-1,1,-1,-1,-1,1,1,-1,1,-1,-1,-1,1,1,-1,1,1,-1,-1,-1,1,-1,-1,1,-1,-1,1,1,-1,1,-1,-1,-1,1,1,-1,1,-1,-1,1,-1,-1,-1,1,-1,1,-1,1,-1,-1,1,-1,1,-1,-1,-1,-1,1,-1,-1,1,-1,1,-1,-1,1,-1,1,-1,1,-1,-1,1,1,1,-1,-1,-1,1,1,-1,1,1,-1,1,-1,1,1,1,-1,-1,-1,1,1,1,1,1,-1,-1,-1,-1,1,1,-1,-1,-1,-1,1,1,1,-1,-1,-1,-1,1,-1,1,-1,-1,-1,-1,-1,1,1,-1,1,-1,-1,1,-1,1,-1,1,-1,-1,-1,1,1,-1,-1,-1,-1,-1,1,-1,-1,1,-1,-1,-1,1,-1,-1,1,-1,-1,1,1,-1,-1,1,1,-1,-1,1,1,-1,1,-1,-1,-1,-1,1,-1,-1,1,-1,-1,1,-1,-1,1,1,1,1,1,1,-1,1,-1,1,-1,1,-1,1,-1,-1,1,-1,1,-1,1,1,-1,-1,1,1,-1,-1,-1,1,1,1,1,1,-1,1,-1,1,-1,1,-1,-1,1,-1,1,1,-1,1,-1,1,-1,1,-1,1,-1,-1,1,1,1,1,-1,1,-1,-1,1,1,1,-1,-1,-1,-1,1,1,1,1,1,-1,-1,1,1,1,1,-1,1,-1,1,1,-1,1,1,-1,1,1,1,1,1,-1,-1,1,1,1,1,-1,1,-1,1,1,-1,1,-1,1,-1,1,1,-1,1,1,-1,-1,1,1,-1,1,-1,1,-1,-1,1,1,1,1,-1,1,-1,1,-1,1,1,1,-1,1,1,1,-1,1,1,-1,-1,1,-1,1,1,1,1,-1,1,1,-1,1,1,-1,-1,1,1,-1,1,1,1,1,1,1,-1,1,1,1,-1,1,1,1,-1,-1,-1,1,-1,1,1,1,1,-1,1,-1,1,-1,-1,-1,1,1,-1,1,1,-1,-1,-1,1,-1,1,1,-1,1,-1,1,-1,-1,-1,-1,-1,-1,1,-1,-1,-1,-1,-1,-1,1,-1,1,1,1,1,-1,1,-1,1,1,-1,-1,-1,1,-1,-1,1,-1,1,-1,-1,1,1,1,1,-1,-1,1,1,1,1,-1,1,-1,-1,1,1,1,-1,-1,-1,1,1,1,1,-1,-1,-1,1,-1,1,-1,1,1,-1,-1,1,1,1,-1,-1,-1,-1,1,1,1,1,-1,-1,-1,1,1,1,1,-1,-1,-1,1,-1,1,-1,-1,-1,1,1,1,1,1,-1,1,-1,1,-1,1,-1,-1,-1,-1,1,1,-1,1,-1,-1,-1,1,1,1,1,-1,-1,1,-1,1,-1,1,-1,1,1,-1,1,-1,1,-1,-1,1,1,-1,1,1,-1,1,-1,1,-1,1,1,-1,-1,1,-1,1,-1,1,-1,1,-1,1,-1,1,1,-1,-1,-1,1,-1,1,1,1,-1,1,1,-1,-1,1,1,-1,1,1,1,-1,-1,-1,1,1,1,-1,-1,1,-1,-1,1,1,-1,1,-1,-1,-1,1,1,1,-1,1,-1,-1,1,-1,1,-1,-1,-1,-1,1,1,-1,-1,-1,-1,1,1,1,1,-1,-1,-1,1,1,1,1,-1,1,-1,1,1,1,1,-1,-1,1,1,1,1,1,-1,-1,-1,1,1,-1,1,-1,-1,1,1,1,1,1,-1,-1,1,1,1,1,-1,1,-1,-1,1,-1,1,1,-1,-1,-1,1,1,1,1,1,-1,1,1,1,1,1,-1,-1,1,1,1,-1,1,-1,1,-1,1,1,1,1,-1,-1,1,1,1,1,-1,-1,-1,1,1,-1,1,1,-1,-1,1,1,-1,1,-1,1,1,1,-1,1,1,1,-1,-1,1,1,-1,1,1,-1,1,1,1,-1,1,1,-1,-1,1,1,1,-1,1,-1,1,1,1,-1,1,1,-1,-1,1,1,1,-1,1,-1,1,-1,1,1,-1,1,-1,-1,1,1,1,-1,1,1,1,1,1,1,-1,1,-1,-1,1,1,1,-1,1,-1,1,1,1,-1,1,1,1,1,1,1,1,1,-1,-1,1,1,-1,1,1,1,-1,1,1,1,-1,1,1,-1,1,1,1,1,-1,1,-1,1,1,1,1,1,-1,-1,-1,1,1,1,-1,1,-1,-1,1,1,-1,1,1,1,-1,-1,1,1,1,-1,-1,-1,1,1,1,1,-1,-1,-1,-1,1,1,-1,1,1,-1,1,1,1,-1,1,1,-1,1,1,1,-1,-1,-1,1,1,-1,1,1,-1,1,-1,1,1,1,-1,-1,-1,1,1,1,1,-1,-1,1,-1,1,1,1,-1,-1,1,1,1,1,1,1,-1,1,-1,1,1,1,1,-1,1,-1,1,1,1,-1,-1,1,1,1,1,1,1,-1,-1,-1,1,1,1,-1,1,-1,1,1,-1,1,1,-1,-1,1,-2630.0,1,2000,445,500,True
3044,-1,-1,1,1,1,-1,-1,1,-1,-1,-1,-1,1,1,-1,-1,1,-1,-1,-1,-1,1,-1,-1,-1,-1,1,-1,-1,-1,-1,-1,1,-1,-1,1,1,-1,-1,-1,-1,-1,1,-1,-1,-1,-1,-1,1,-1,-1,-1,1,-1,-1,-1,-1,1,-1,-1,-1,-1,-1,1,-1,-1,-1,-1,-1,1,1,-1,-1,-1,-1,-1,1,1,-1,-1,-1,1,1,-1,-1,-1,-1,-1,-1,1,1,-1,-1,-1,-1,-1,1,1,-1,1,-1,-1,-1,1,-1,-1,-1,-1,-1,-1,1,1,-1,-1,-1,-1,-1,1,1,-1,-1,-1,-1,-1,1,1,-1,-1,1,-1,-1,1,-1,-1,-1,-1,-1,-1,1,-1,-1,-1,-1,-1,-1,1,1,-1,-1,-1,-1,-1,-1,1,1,-1,1,-1,-1,1,-1,-1,-1,-1,-1,-1,1,-1,1,-1,-1,-1,-1,1,-1,-1,-1,-1,-1,-1,-1,1,1,-1,-1,-1,1,-1,-1,-1,-1,1,-1,1,-1,-1,1,1,-1,-1,1,1,-1,1,-1,1,-1,-1,-1,-1,1,-1,1,1,-1,-1,-1,1,1,1,-1,1,1,-1,1,1,-1,-1,1,1,-1,1,-1,1,-1,1,1,-1,1,1,1,-1,1,1,-1,1,1,1,-1,-1,1,-1,1,1,-1,-1,1,-1,-1,1,1,1,-1,1,1,-1,1,-1,-1,-1,1,-1,1,1,-1,-1,-1,1,-1,1,1,-1,1,-1,1,1,-1,1,1,1,-1,-1,1,-1,1,1,-1,-1,-1,1,1,1,-1,-1,-1,1,1,-1,-1,1,1,-1,-1,1,1,1,-1,-1,-1,1,1,1,-1,1,-1,-1,-1,-1,1,1,-1,-1,-1,-1,1,1,-1,-1,-1,-1,-1,1,-1,1,-1,1,-1,-1,-1,1,-1,-1,1,-1,-1,1,-1,-1,-1,-1,-1,-1,-1,1,1,-1,-1,-1,-1,-1,1,-1,-1,-1,-1,-1,-1,1,-1,-1,-1,1,-1,1,1,-1,-1,1,1,-1,-1,1,1,-1,-1,1,-1,-1,-1,1,-1,-1,-1,1,-1,1,-1,-1,-1,-1,-1,-1,1,1,-1,-1,1,1,-1,1,-1,1,-1,1,-1,1,1,-1,-1,-1,1,-1,-1,1,-1,-1,-1,1,-1,1,-1,1,-1,-1,1,-1,1,-1,-1,-1,-1,1,1,1,-1,1,-1,-1,1,-1,1,-1,-1,-1,1,1,-1,1,-1,1,-1,-1,1,-1,1,-1,-1,-1,-1,1,1,1,1,1,-1,-1,-1,-1,1,1,-1,1,-1,1,-1,1,-1,1,-1,-1,1,-1,1,-1,-1,-1,1,1,-1,1,-1,1,-1,1,-1,1,1,-1,1,-1,1,-1,1,1,-1,-1,-1,1,-1,1,-1,-1,1,-1,1,-1,-1,1,-1,-1,1,-1,1,1,1,-1,1,-1,1,1,-1,1,-1,1,-1,1,-1,-1,1,-1,1,1,1,1,-1,-1,1,1,-1,1,1,1,-1,1,1,1,-1,1,1,-1,1,1,1,1,1,-1,-1,-1,1,1,-1,1,-1,1,1,-1,1,-1,-1,1,-1,-1,1,-1,-1,1,1,1,-1,1,1,-1,1,1,1,-1,-1,1,-1,-1,1,-1,-1,1,1,-1,-1,-1,-1,-1,1,1,-1,1,1,1,1,-1,1,-1,-1,1,1,-1,1,1,-1,-1,-1,1,-1,-1,1,1,-1,1,1,1,1,1,-1,1,1,1,-1,1,1,1,-1,1,1,-1,1,1,-1,1,1,1,-1,1,1,-1,-1,1,-1,1,1,1,-1,1,1,1,-1,1,1,-1,1,1,1,1,1,1,1,1,1,1,1,1,1,-1,1,-1,1,-1,1,1,1,1,1,1,1,1,1,-1,1,1,1,1,1,1,1,-1,1,-1,1,1,1,1,1,1,1,1,1,1,-1,1,1,1,-1,1,-1,-1,1,1,1,-1,1,1,-1,1,1,1,1,1,1,1,1,1,1,-1,1,1,-1,1,1,-1,-1,1,1,-1,1,1,1,-1,1,1,-1,1,1,1,-1,1,1,-1,1,1,1,-1,1,1,1,1,1,1,-1,1,1,-1,-1,1,-1,-1,1,1,1,1,-1,1,-1,1,1,-1,1,1,1,-1,1,1,-1,1,1,1,-1,1,1,1,1,1,1,-1,1,1,1,1,1,-1,-1,1,-1,1,1,-1,-1,1,1,1,1,1,-1,-1,-1,1,1,1,1,-1,1,-1,1,1,-1,1,-1,-1,-1,1,1,1,1,1,-1,1,1,1,1,1,1,-1,1,1,1,-1,1,-1,-1,1,1,1,1,1,1,-1,1,-1,1,1,1,1,-1,1,1,1,1,-1,1,-1,1,1,1,1,1,1,1,1,-1,1,1,1,1,1,1,1,1,-1,1,-1,1,1,1,1,-1,1,1,-1,1,1,1,-1,1,-1,1,1,1,1,-1,1,1,-1,-1,1,1,-1,1,1,1,1,1,1,-1,-1,1,1,1,1,1,-1,1,1,-1,1,1,1,-1,-1,1,1,1,-1,1,1,-1,1,1,1,1,1,-1,-1,1,1,1,1,1,-1,-1,1,-1,-1,1,-1,-1,1,1,-1,1,1,-1,-1,-1,1,-1,1,-1,1,1,1,1,-1,1,-1,-1,-1,1,-1,-1,-1,1,-1,-1,1,1,-1,1,1,-1,1,-1,1,-1,1,1,-1,1,1,-1,-1,-1,-1,-1,1,-1,1,-1,-1,1,-1,1,-1,1,-1,1,1,-1,-1,1,-1,-1,-1,1,-1,1,1,-1,1,1,-1,1,1,-1,1,-1,1,-1,1,1,-1,1,-1,-1,-1,-1,1,-1,1,1,1,-1,1,1,1,-1,-1,-1,1,1,1,-1,1,1,1,1,-1,1,-1,-1,1,1,1,1,1,-1,-1,1,1,1,1,1,1,-1,1,1,1,1,1,1,-1,1,1,1,1,1,-1,-1,1,1,1,1,1,1,-1,1,1,1,-1,1,-1,1,-1,1,1,-1,1,1,-1,1,1,-2630.0,1,2000,445,500,True
3045,1,1,-1,-1,1,-1,1,1,1,1,1,-1,1,1,1,1,-1,1,-1,-1,1,1,1,1,1,-1,1,1,1,1,1,1,1,-1,1,1,-1,1,1,1,-1,1,1,1,1,1,1,-1,1,-1,1,1,1,1,-1,1,1,-1,1,1,-1,-1,-1,1,1,1,1,1,-1,1,1,-1,1,1,1,-1,1,1,-1,1,1,-1,-1,1,-1,1,1,1,-1,-1,1,1,1,1,1,-1,1,-1,-1,1,1,1,-1,1,-1,-1,1,1,1,1,1,1,-1,-1,1,1,1,1,-1,-1,1,1,1,1,-1,1,-1,-1,1,1,1,1,-1,-1,1,1,1,1,1,-1,-1,-1,1,1,-1,1,-1,-1,-1,1,1,1,1,-1,1,-1,1,-1,-1,1,-1,-1,-1,1,-1,-1,1,-1,-1,1,-1,-1,1,1,-1,-1,1,1,-1,1,1,1,1,-1,-1,-1,1,1,-1,-1,1,1,-1,1,1,-1,1,-1,-1,-1,1,1,-1,1,-1,-1,1,1,1,-1,1,1,-1,1,-1,1,-1,1,-1,-1,-1,1,1,1,1,1,-1,-1,1,1,-1,1,1,-1,-1,1,1,1,1,-1,-1,-1,1,-1,1,1,1,-1,-1,1,-1,1,1,-1,-1,-1,1,-1,1,1,-1,-1,1,-1,1,1,1,1,-1,1,-1,1,1,1,-1,-1,-1,-1,1,1,1,1,1,-1,1,-1,1,1,1,-1,-1,-1,-1,1,1,-1,-1,-1,1,-1,1,1,1,-1,-1,-1,1,1,1,1,-1,-1,-1,-1,-1,1,1,1,-1,1,-1,1,1,-1,1,-1,-1,1,1,1,1,1,-1,-1,1,-1,1,1,-1,-1,-1,1,1,1,1,-1,-1,1,-1,-1,1,1,1,-1,1,-1,1,1,1,-1,-1,-1,1,-1,1,1,-1,-1,-1,1,-1,1,1,-1,-1,-1,1,1,1,1,1,1,-1,1,-1,1,1,1,-1,-1,1,-1,-1,1,1,1,-1,1,1,-1,1,1,-1,-1,1,-1,1,1,1,1,1,1,-1,1,1,1,1,-1,1,-1,1,1,1,1,-1,1,1,1,1,1,1,1,-1,-1,1,1,1,1,-1,1,1,-1,1,1,-1,1,1,1,1,1,1,-1,1,-1,1,1,1,1,1,1,1,-1,1,1,-1,-1,1,1,1,-1,1,1,-1,1,1,-1,1,1,1,-1,1,1,1,-1,1,1,-1,1,-1,1,1,-1,1,-1,1,-1,1,-1,1,1,-1,-1,1,1,1,1,-1,-1,1,-1,1,-1,1,-1,1,-1,1,1,1,1,-1,1,-1,1,-1,1,1,-1,1,-1,1,1,-1,1,-1,1,1,1,-1,1,1,1,-1,-1,1,-1,-1,1,-1,-1,-1,1,-1,-1,1,-1,1,-1,1,-1,-1,1,-1,-1,1,-1,1,-1,1,-1,-1,1,-1,1,-1,-1,1,1,1,-1,1,-1,1,1,1,1,1,-1,1,1,-1,-1,1,-1,1,-1,1,-1,1,-1,1,1,1,-1,-1,-1,-1,-1,1,1,1,-1,-1,-1,1,1,-1,1,-1,-1,-1,1,1,-1,1,-1,-1,-1,1,1,-1,1,-1,-1,-1,-1,1,1,1,-1,1,-1,-1,1,-1,1,-1,1,1,-1,1,-1,1,1,-1,-1,-1,-1,-1,1,1,-1,-1,-1,-1,-1,1,-1,-1,-1,-1,1,1,1,-1,-1,-1,-1,1,1,1,-1,1,-1,1,-1,-1,1,1,-1,-1,-1,-1,-1,1,1,-1,-1,-1,1,-1,1,1,-1,-1,-1,-1,1,-1,1,-1,1,-1,-1,-1,-1,1,-1,-1,-1,-1,-1,-1,1,-1,-1,-1,-1,-1,-1,-1,1,-1,1,-1,-1,-1,-1,-1,-1,-1,-1,-1,-1,1,1,-1,-1,1,-1,-1,1,1,-1,-1,1,-1,-1,1,-1,-1,-1,-1,-1,1,1,-1,-1,-1,1,-1,1,1,1,-1,1,1,-1,-1,1,1,-1,-1,1,-1,-1,1,1,-1,-1,1,-1,-1,1,1,-1,-1,1,-1,-1,1,1,1,1,1,-1,-1,1,1,-1,1,1,-1,-1,1,1,-1,1,1,-1,-1,1,1,1,-1,1,-1,-1,1,1,1,-1,1,-1,-1,1,1,1,-1,1,-1,-1,1,1,-1,1,-1,-1,1,1,1,-1,1,1,-1,1,1,1,-1,1,1,1,1,1,1,1,-1,1,-1,-1,-1,1,-1,1,1,-1,1,1,1,1,1,1,-1,1,1,1,1,-1,-1,-1,1,-1,1,-1,1,-1,-1,-1,1,1,1,1,-1,1,-1,1,-1,1,-1,-1,-1,-1,1,-1,1,-1,1,-1,-1,1,-1,1,-1,-1,1,-1,1,1,-1,-1,-1,-1,1,-1,1,1,-1,1,1,-1,1,-1,1,-1,1,-1,1,1,1,1,-1,1,1,-1,-1,1,1,-1,1,1,1,-1,1,1,-1,-1,1,-1,-1,1,1,-1,1,1,-1,1,1,1,-1,-1,1,1,-1,1,-1,-1,1,-1,1,-1,1,1,-1,1,1,1,-1,1,-1,-1,1,1,-1,-1,1,-1,1,-1,1,-1,-1,1,-1,-1,1,1,-1,1,1,-1,1,1,1,-1,-1,-1,1,-1,1,1,-1,1,-1,-1,-1,1,1,-1,1,1,-1,-1,1,1,-1,-1,-1,-1,1,1,1,-1,-1,-1,1,-1,-1,-1,-1,1,-1,-1,-1,-1,1,-1,1,-1,-1,1,-1,1,-1,-1,1,1,1,-1,-1,1,-1,-1,1,1,-1,-1,-1,1,-1,-1,-1,1,-1,1,-1,-1,-1,1,-1,1,1,-1,1,1,-1,1,-1,1,-1,-1,1,-1,-1,1,1,-1,1,-1,1,1,-1,1,-1,-1,1,-1,1,1,1,1,-1,1,-1,1,-1,1,-1,-1,1,1,1,-1,1,1,-1,1,-1,1,1,1,1,-1,1,-1,-1,-1,-1,1,-1,1,1,1,-1,1,1,-1,-1,1,1,1,-1,1,-1,1,-1,1,-2630.0,1,2000,445,1000,True
3046,1,1,-1,-1,1,-1,-1,1,1,1,1,-1,1,1,1,1,-1,1,-1,-1,-1,1,1,1,1,-1,-1,-1,1,1,1,1,-1,-1,-1,1,-1,1,1,1,-1,-1,1,1,1,1,-1,-1,1,-1,1,1,1,-1,-1,-1,-1,-1,1,1,-1,-1,-1,-1,1,1,1,-1,1,-1,1,-1,1,1,-1,-1,-1,1,-1,1,1,-1,-1,-1,-1,1,1,-1,-1,-1,1,1,-1,1,-1,-1,-1,-1,-1,-1,1,-1,-1,-1,-1,-1,-1,1,-1,-1,-1,1,-1,-1,1,1,-1,-1,1,-1,-1,1,1,-1,-1,-1,-1,-1,1,-1,1,-1,-1,-1,-1,-1,-1,-1,-1,-1,-1,-1,-1,1,1,-1,1,-1,-1,-1,1,-1,-1,-1,1,-1,-1,-1,-1,-1,-1,1,-1,-1,-1,-1,1,-1,1,-1,-1,-1,-1,-1,-1,-1,-1,1,-1,-1,-1,1,1,-1,-1,-1,-1,-1,-1,-1,-1,-1,-1,-1,-1,-1,1,-1,-1,-1,1,1,-1,1,-1,-1,-1,-1,-1,-1,1,-1,1,1,-1,-1,-1,1,-1,1,-1,1,-1,-1,1,1,-1,-1,1,-1,-1,1,1,-1,1,1,-1,-1,1,-1,-1,-1,1,1,-1,1,1,-1,-1,-1,1,-1,1,-1,-1,-1,1,-1,-1,1,-1,1,-1,1,-1,-1,1,1,-1,-1,1,-1,1,1,1,-1,-1,1,-1,1,1,1,1,-1,1,-1,-1,1,1,1,-1,-1,1,-1,1,-1,-1,-1,-1,1,1,1,1,-1,-1,1,1,-1,1,1,1,-1,-1,1,1,1,1,1,-1,1,1,1,1,-1,1,1,-1,-1,1,1,1,1,-1,-1,1,1,1,1,-1,-1,1,1,-1,1,1,-1,-1,-1,-1,1,1,1,1,-1,-1,1,-1,1,1,-1,-1,-1,-1,1,1,1,1,-1,-1,-1,1,-1,1,1,-1,-1,-1,1,-1,1,1,1,-1,1,1,-1,1,-1,-1,-1,-1,1,1,-1,1,1,-1,-1,-1,1,-1,1,-1,1,-1,1,-1,-1,1,-1,-1,-1,1,1,1,1,-1,1,-1,1,-1,1,-1,1,-1,1,1,-1,1,-1,1,-1,-1,1,-1,-1,-1,1,-1,1,1,1,-1,-1,1,-1,1,1,-1,-1,1,-1,1,1,-1,1,-1,1,-1,-1,1,-1,-1,-1,1,1,1,1,-1,1,-1,-1,1,1,1,1,-1,-1,-1,1,1,1,1,1,-1,1,-1,-1,1,1,-1,1,-1,1,1,-1,1,1,-1,1,1,1,1,1,-1,-1,1,1,1,1,-1,1,-1,1,1,-1,1,-1,1,-1,1,1,-1,1,-1,-1,-1,1,1,-1,1,-1,1,1,-1,1,1,1,-1,-1,1,-1,1,-1,1,1,1,-1,1,1,1,-1,1,1,-1,-1,1,-1,1,1,1,1,-1,1,1,-1,1,1,-1,-1,1,1,-1,1,1,1,1,1,1,-1,1,1,1,-1,1,1,1,-1,1,1,-1,1,-1,1,1,1,-1,-1,-1,1,-1,-1,1,-1,-1,-1,1,1,-1,1,1,-1,-1,1,1,-1,-1,1,-1,-1,-1,-1,-1,-1,1,-1,-1,-1,-1,-1,-1,1,-1,-1,1,1,1,1,1,-1,-1,1,1,-1,-1,1,-1,-1,-1,1,-1,-1,1,1,-1,1,1,1,-1,1,1,-1,-1,1,-1,-1,1,1,-1,-1,1,-1,1,1,-1,-1,1,1,-1,1,1,-1,1,1,-1,1,1,1,1,-1,1,1,-1,-1,1,1,-1,1,1,1,-1,1,1,-1,-1,1,1,1,1,1,-1,1,1,-1,-1,1,1,-1,-1,1,1,-1,1,1,-1,-1,1,-1,-1,1,1,1,-1,-1,1,-1,1,1,-1,-1,1,1,-1,1,1,1,-1,-1,1,-1,1,-1,1,-1,-1,1,-1,1,-1,1,-1,1,1,-1,1,1,-1,-1,1,1,-1,1,-1,1,1,-1,1,-1,1,1,1,-1,1,-1,-1,1,1,1,-1,1,1,-1,-1,1,-1,1,-1,1,-1,-1,1,1,-1,1,-1,-1,1,-1,-1,1,-1,1,-1,-1,1,1,-1,1,-1,-1,-1,1,1,-1,1,-1,-1,-1,1,1,1,1,-1,-1,-1,1,1,1,1,-1,-1,1,1,1,1,-1,-1,-1,1,1,1,1,-1,1,-1,1,1,1,-1,-1,-1,1,1,1,1,1,-1,-1,-1,1,-1,1,1,-1,-1,1,1,1,1,1,-1,-1,1,1,1,1,1,1,-1,-1,1,-1,1,-1,-1,-1,-1,1,1,1,1,1,-1,1,1,1,1,1,-1,-1,1,1,1,-1,1,-1,1,-1,1,1,1,1,-1,-1,1,-1,1,1,1,-1,1,1,1,-1,1,-1,-1,-1,1,1,-1,1,1,1,1,1,-1,1,1,1,-1,-1,1,1,-1,1,1,-1,1,1,1,-1,1,1,-1,-1,1,1,1,-1,1,-1,1,1,1,-1,1,1,-1,-1,1,1,1,-1,1,1,1,1,1,1,-1,1,1,-1,1,1,1,-1,1,1,1,1,1,1,-1,1,-1,1,1,1,1,-1,1,-1,1,1,1,-1,1,1,1,1,1,1,1,1,1,-1,1,1,-1,1,1,-1,-1,1,1,1,-1,1,1,-1,1,1,1,1,-1,1,-1,1,1,1,1,1,-1,-1,-1,1,1,1,-1,1,-1,-1,1,1,-1,1,1,-1,-1,1,1,1,1,-1,-1,-1,1,1,1,1,-1,1,-1,-1,1,1,-1,1,-1,1,1,1,1,-1,1,-1,-1,1,1,1,-1,1,-1,1,1,-1,1,1,-1,1,-1,1,1,1,-1,1,-1,1,1,1,1,-1,-1,1,1,1,1,1,-1,-1,1,1,1,1,1,1,-1,1,-1,1,1,1,1,-1,-1,1,1,1,1,-1,-1,1,1,1,1,1,1,-1,-1,1,1,-1,1,-1,1,-1,1,1,-1,1,1,-1,-1,1,-2630.0,1,2000,445,500,True
3047,-1,-1,1,1,1,-1,1,1,-1,-1,1,-1,1,1,-1,-1,1,-1,1,-1,1,1,-1,-1,-1,1,1,1,1,-1,-1,-1,1,-1,1,1,1,-1,-1,1,-1,1,1,-1,-1,-1,1,-1,1,-1,-1,-1,1,1,-1,1,-1,1,-1,-1,1,-1,-1,1,-1,-1,-1,1,-1,1,1,-1,-1,-1,1,-1,1,1,-1,-1,-1,-1,1,1,-1,-1,-1,1,1,-1,1,-1,-1,-1,-1,1,1,-1,-1,1,-1,-1,1,1,-1,-1,-1,-1,-1,1,1,1,-1,-1,-1,-1,1,1,-1,-1,-1,1,-1,1,1,1,-1,-1,1,-1,1,1,-1,-1,-1,1,-1,1,1,-1,-1,-1,1,-1,-1,1,-1,-1,-1,-1,-1,1,1,-1,1,-1,1,1,-1,1,-1,1,-1,-1,-1,-1,1,-1,1,-1,-1,-1,1,1,-1,-1,-1,1,-1,1,-1,1,1,-1,-1,-1,1,1,-1,-1,-1,1,-1,1,-1,-1,1,-1,1,-1,-1,1,-1,1,-1,1,-1,1,1,-1,1,-1,1,-1,-1,1,-1,1,-1,1,-1,1,1,1,1,1,-1,1,-1,1,-1,1,-1,-1,1,1,1,1,1,-1,-1,1,-1,-1,1,1,1,-1,1,-1,-1,1,1,-1,1,1,-1,-1,1,1,-1,-1,1,-1,1,1,1,1,-1,-1,-1,1,1,1,1,1,-1,-1,1,1,1,1,1,1,-1,1,1,1,1,1,-1,-1,-1,1,1,-1,-1,-1,-1,1,1,1,1,-1,-1,1,-1,1,1,1,1,-1,-1,-1,1,1,1,1,-1,1,-1,1,1,-1,1,-1,-1,-1,1,1,1,1,-1,-1,1,1,1,1,-1,-1,-1,-1,1,1,1,-1,-1,-1,1,-1,1,1,-1,1,-1,1,1,1,1,-1,-1,-1,-1,-1,1,-1,1,-1,-1,-1,-1,1,1,1,-1,-1,-1,-1,1,1,-1,-1,-1,1,-1,1,1,1,1,-1,-1,1,-1,1,-1,-1,-1,-1,-1,-1,1,1,1,-1,-1,1,1,1,-1,1,1,-1,1,1,1,-1,1,-1,-1,1,1,-1,1,-1,-1,-1,1,1,-1,1,-1,-1,1,-1,1,1,1,-1,-1,1,1,-1,1,1,1,-1,-1,1,1,1,-1,1,-1,1,1,1,1,-1,1,-1,-1,1,1,1,-1,1,-1,-1,1,-1,1,1,1,-1,-1,-1,-1,-1,1,1,-1,-1,1,-1,1,1,-1,-1,1,-1,1,1,1,1,-1,-1,1,-1,1,-1,-1,1,-1,-1,1,1,-1,1,-1,-1,1,1,1,-1,-1,1,-1,1,1,1,-1,-1,-1,-1,-1,1,1,-1,-1,1,-1,1,-1,1,1,-1,-1,1,-1,1,-1,1,-1,-1,-1,-1,-1,-1,1,-1,-1,-1,1,1,-1,1,-1,-1,-1,-1,-1,1,1,-1,-1,-1,-1,-1,1,1,-1,-1,-1,-1,-1,-1,1,1,1,-1,-1,-1,1,-1,1,-1,1,1,1,1,-1,-1,1,1,1,1,-1,-1,1,-1,1,1,1,-1,-1,-1,-1,-1,1,1,1,-1,-1,-1,1,1,-1,1,-1,-1,-1,1,1,1,1,-1,-1,-1,1,1,1,1,-1,-1,-1,-1,1,-1,1,-1,1,-1,-1,1,1,1,-1,-1,1,1,-1,-1,1,1,-1,-1,-1,-1,1,1,1,-1,-1,-1,1,1,1,1,-1,-1,1,-1,1,1,-1,-1,-1,-1,-1,1,1,-1,1,-1,-1,1,1,1,1,-1,-1,-1,-1,1,1,-1,1,-1,-1,1,1,1,1,-1,1,-1,-1,1,1,1,-1,1,-1,1,1,1,1,-1,1,-1,-1,1,-1,1,-1,1,-1,1,1,1,1,1,-1,1,-1,1,1,1,-1,-1,-1,1,1,1,-1,1,-1,1,-1,1,-1,-1,1,-1,1,-1,1,1,-1,-1,1,-1,1,1,-1,1,-1,1,-1,1,1,1,-1,1,-1,1,-1,1,-1,1,-1,1,-1,-1,1,1,1,-1,1,-1,1,1,-1,1,-1,1,1,-1,1,1,-1,1,1,1,1,1,-1,1,1,-1,1,1,1,1,-1,1,1,1,-1,1,1,-1,1,1,-1,1,1,1,-1,1,1,-1,1,1,1,1,-1,-1,-1,1,1,1,-1,1,-1,1,-1,1,1,-1,1,-1,-1,1,1,1,-1,1,1,-1,1,-1,1,1,1,-1,1,1,1,1,1,-1,1,-1,1,1,1,-1,1,-1,1,1,1,1,-1,1,-1,1,1,-1,1,1,1,1,-1,1,-1,1,1,1,1,-1,1,-1,1,1,-1,1,1,1,-1,-1,1,-1,1,1,1,-1,-1,1,1,1,1,1,1,-1,1,1,1,1,1,-1,1,1,1,1,1,1,-1,-1,-1,1,1,1,1,-1,1,1,1,1,1,1,-1,-1,1,1,1,-1,1,-1,1,1,1,1,1,1,-1,-1,-1,1,1,1,1,-1,-1,1,1,1,1,-1,1,-1,-1,1,1,1,1,-1,1,-1,1,1,1,1,1,-1,-1,1,1,1,1,1,-1,-1,1,1,1,1,1,-1,-1,1,1,-1,1,1,-1,1,1,1,-1,1,1,-1,1,1,-1,1,1,-1,1,-1,1,1,1,1,1,-1,1,-1,1,1,1,1,-1,-1,1,1,-1,1,1,-1,-1,1,-1,1,1,-1,-1,1,-1,1,1,1,1,-1,1,-1,1,-1,1,1,-1,-1,-1,-1,-1,1,1,1,-1,-1,-1,-1,1,-1,-1,1,-1,1,1,1,-1,1,-1,-1,1,1,1,1,1,-1,-1,-1,1,-1,-1,1,-1,-1,1,-1,1,1,1,-1,1,-1,1,-1,-1,1,-1,-1,1,-1,1,1,1,1,-1,1,-1,-1,-1,1,-1,-1,1,1,1,-1,1,1,-1,1,-1,1,1,1,1,-1,1,-1,1,-1,1,1,-1,1,1,1,-1,1,1,-1,-1,1,1,1,-1,1,-1,1,-1,1,-2630.0,1,2000,445,1000,True
3048,-1,-1,1,1,-1,1,-1,1,-1,-1,-1,1,-1,1,-1,-1,1,-1,1,-1,-1,1,-1,-1,-1,1,-1,-1,1,-1,-1,-1,-1,-1,-1,1,1,-1,-1,1,-1,-1,1,-1,-1,-1,1,1,-1,-1,1,-1,1,1,-1,-1,-1,1,-1,-1,1,-1,-1,1,-1,-1,-1,1,1,-1,1,-1,-1,-1,-1,1,-1,1,-1,-1,-1,1,1,-1,-1,-1,-1,-1,1,1,-1,-1,-1,-1,-1,1,-1,1,-1,1,-1,-1,1,1,1,-1,-1,-1,-1,1,1,-1,-1,1,-1,-1,1,1,1,-1,-1,1,-1,-1,1,-1,-1,-1,1,-1,1,1,1,-1,-1,1,-1,1,1,1,-1,-1,1,-1,-1,1,1,-1,-1,-1,-1,-1,1,1,1,-1,1,1,-1,1,1,-1,-1,-1,-1,-1,1,1,1,-1,-1,-1,1,1,1,-1,-1,1,-1,1,1,-1,1,-1,-1,-1,1,1,1,-1,-1,1,-1,1,1,1,1,-1,1,-1,-1,1,1,1,-1,1,-1,1,1,1,1,-1,1,-1,1,1,1,1,-1,1,-1,-1,1,1,1,1,-1,1,-1,1,1,1,-1,-1,1,-1,1,1,1,-1,-1,1,-1,1,1,1,1,-1,1,-1,-1,1,1,-1,1,1,-1,1,1,1,-1,-1,1,-1,1,-1,1,1,1,1,-1,1,-1,1,1,1,1,-1,1,-1,1,1,1,1,1,-1,1,1,1,-1,1,1,-1,1,1,-1,1,1,1,-1,-1,1,1,-1,1,1,1,-1,1,1,-1,1,-1,-1,-1,1,1,1,1,-1,1,-1,1,-1,1,1,1,1,-1,1,1,1,1,1,-1,-1,1,1,1,1,1,1,1,1,1,-1,1,1,-1,1,1,1,-1,1,1,-1,1,1,1,-1,1,1,1,-1,1,-1,1,1,1,1,-1,1,1,-1,1,1,1,-1,1,1,-1,1,1,-1,-1,1,1,1,-1,1,1,-1,-1,1,-1,1,1,1,1,1,1,1,-1,1,1,-1,1,1,-1,-1,-1,-1,-1,1,1,-1,1,1,-1,-1,1,-1,1,-1,1,1,-1,1,-1,1,1,1,-1,-1,1,1,1,-1,1,-1,-1,-1,1,-1,1,-1,1,-1,1,1,-1,-1,-1,-1,1,1,1,-1,1,-1,-1,-1,1,1,1,-1,-1,-1,1,-1,1,-1,1,-1,-1,-1,1,1,1,1,-1,-1,1,-1,1,1,-1,-1,-1,-1,1,-1,1,-1,-1,-1,1,-1,1,-1,-1,-1,-1,-1,1,1,-1,1,-1,-1,1,1,1,-1,-1,1,-1,1,-1,1,-1,-1,1,1,-1,1,1,-1,-1,1,-1,1,-1,1,1,-1,-1,1,-1,1,-1,1,-1,-1,1,-1,-1,-1,1,-1,-1,1,-1,1,-1,1,-1,-1,1,-1,-1,1,1,-1,-1,-1,1,-1,1,1,-1,1,-1,1,-1,-1,1,1,1,-1,1,-1,1,-1,1,-1,1,-1,1,1,-1,-1,1,1,1,-1,1,-1,1,-1,1,1,1,-1,-1,-1,1,-1,1,1,1,-1,-1,-1,1,1,-1,1,-1,-1,-1,1,1,1,1,-1,-1,-1,1,1,1,1,-1,-1,-1,-1,1,-1,1,-1,1,-1,-1,1,1,1,-1,1,1,-1,1,-1,1,1,-1,-1,-1,-1,1,1,1,-1,-1,-1,1,1,1,1,-1,-1,-1,-1,1,1,-1,-1,-1,-1,-1,1,1,-1,1,-1,1,1,-1,1,1,-1,-1,-1,-1,1,1,-1,1,-1,-1,1,1,1,1,-1,1,-1,-1,1,1,1,-1,1,-1,1,1,1,1,-1,-1,-1,-1,1,-1,1,-1,1,-1,1,1,1,1,1,-1,1,-1,1,1,1,-1,-1,-1,1,1,1,-1,1,-1,1,-1,1,-1,-1,1,-1,1,-1,1,1,-1,-1,1,-1,1,1,-1,1,-1,1,-1,1,1,1,-1,1,-1,1,-1,1,-1,1,-1,1,-1,-1,1,1,1,-1,1,-1,1,1,-1,1,-1,1,1,-1,1,1,-1,-1,1,1,1,1,-1,1,1,-1,1,1,1,1,-1,-1,1,-1,1,1,1,-1,-1,-1,1,1,1,1,-1,-1,-1,1,1,1,1,1,-1,1,-1,1,1,1,-1,-1,-1,1,-1,1,1,-1,-1,1,-1,1,1,1,-1,-1,-1,1,1,-1,1,-1,-1,1,1,1,1,1,1,1,-1,-1,1,1,-1,1,-1,1,1,1,1,1,-1,-1,1,-1,1,1,1,1,-1,-1,1,1,1,1,1,-1,-1,-1,1,-1,1,1,1,-1,1,1,1,1,1,-1,-1,1,1,-1,1,-1,1,-1,1,1,-1,1,-1,-1,1,1,1,1,1,1,-1,-1,1,1,-1,-1,1,-1,-1,1,1,-1,1,-1,-1,-1,1,1,-1,-1,1,1,-1,1,-1,-1,1,1,1,-1,1,1,1,-1,-1,-1,-1,1,1,-1,-1,1,-1,-1,1,-1,1,-1,-1,1,-1,-1,1,1,-1,-1,1,-1,1,1,-1,-1,-1,1,-1,1,1,1,-1,-1,1,-1,1,-1,-1,-1,1,-1,1,1,1,-1,-1,1,-1,1,-1,1,-1,-1,-1,-1,1,1,1,-1,-1,1,-1,-1,1,-1,1,-1,-1,1,-1,1,-1,1,-1,-1,-1,-1,1,1,1,-1,-1,-1,1,1,-1,1,-1,-1,1,-1,1,-1,1,1,-1,1,-1,1,-1,1,-1,-1,1,1,1,1,1,-1,-1,-1,1,1,1,1,1,-1,1,-1,-1,1,1,-1,-1,1,-1,1,-1,1,-1,-1,1,1,1,1,1,-1,-1,-1,1,-1,-1,-1,-1,-1,1,1,1,1,1,-1,1,1,1,-1,1,1,1,-1,1,1,1,1,1,-1,-1,1,1,1,1,1,-1,-1,-1,1,-1,1,1,-1,-1,1,1,1,-1,1,1,-1,1,1,1,1,1,-1,-1,-1,1,-1,1,-1,1,-1,1,-1,1,1,-2630.0,1,2000,445,1000,True
3049,1,1,-1,-1,1,-1,1,1,1,1,1,-1,1,1,1,1,-1,1,-1,-1,1,1,1,1,1,-1,1,1,1,1,1,1,-1,-1,1,1,-1,1,1,1,-1,1,1,1,1,1,-1,-1,1,-1,1,1,1,1,-1,-1,-1,-1,1,1,1,-1,-1,1,1,1,1,-1,-1,1,1,-1,1,1,-1,1,1,1,-1,1,1,-1,-1,1,-1,1,1,-1,-1,-1,1,-1,-1,1,-1,-1,1,-1,-1,-1,1,-1,-1,1,-1,-1,-1,1,-1,-1,1,1,-1,-1,1,1,-1,1,-1,-1,-1,1,-1,-1,1,1,-1,-1,1,-1,-1,1,-1,-1,-1,-1,-1,-1,1,-1,-1,-1,-1,1,-1,1,-1,-1,-1,-1,1,-1,-1,1,1,-1,-1,-1,-1,1,-1,1,-1,-1,1,-1,1,-1,1,-1,-1,-1,-1,1,-1,-1,-1,1,-1,-1,-1,1,1,-1,-1,1,-1,-1,-1,-1,-1,-1,-1,1,-1,-1,1,-1,-1,-1,-1,1,-1,1,-1,-1,-1,-1,-1,-1,1,-1,1,-1,1,1,-1,1,-1,1,1,1,1,1,1,1,-1,1,-1,1,-1,1,-1,-1,1,-1,-1,1,1,-1,-1,1,-1,1,1,1,1,-1,1,-1,-1,1,1,-1,1,1,-1,-1,1,1,-1,-1,1,-1,1,1,1,1,1,1,-1,1,1,1,1,1,1,1,-1,1,1,1,1,1,1,-1,1,1,1,1,1,1,-1,1,1,-1,-1,1,-1,1,1,1,1,1,1,1,-1,1,1,1,1,-1,1,-1,1,1,1,1,1,1,-1,1,1,-1,1,1,1,-1,1,1,1,1,1,1,-1,1,1,1,1,1,1,-1,1,1,1,1,1,-1,-1,1,1,1,-1,1,-1,1,1,1,1,1,1,1,-1,-1,1,-1,1,1,1,-1,-1,1,1,1,1,1,-1,-1,1,1,-1,1,1,-1,-1,1,1,1,-1,1,-1,-1,-1,1,-1,1,1,1,-1,-1,1,1,-1,1,-1,1,1,1,-1,-1,-1,-1,-1,1,1,-1,1,1,-1,-1,1,-1,-1,1,1,-1,-1,1,-1,1,1,1,-1,-1,1,1,-1,-1,1,1,1,-1,1,-1,1,1,1,-1,1,1,-1,-1,-1,1,1,1,1,1,-1,1,1,-1,1,1,1,1,-1,1,1,-1,1,-1,1,-1,1,-1,1,1,1,1,-1,-1,1,-1,1,1,1,-1,1,1,1,-1,1,1,-1,-1,1,-1,1,1,1,-1,1,1,1,1,1,1,-1,1,-1,-1,1,1,-1,-1,1,1,1,1,1,-1,-1,1,-1,1,1,1,-1,-1,1,1,-1,1,1,-1,-1,1,-1,1,1,1,1,-1,1,-1,-1,1,1,1,-1,-1,1,1,1,1,-1,-1,1,-1,-1,1,-1,1,-1,-1,1,-1,1,-1,1,-1,-1,1,-1,-1,1,1,1,-1,1,-1,1,-1,-1,1,1,-1,1,1,-1,-1,1,-1,1,1,-1,-1,1,-1,1,1,1,-1,-1,-1,1,-1,1,1,1,-1,-1,-1,1,1,-1,1,-1,-1,-1,1,1,1,1,-1,-1,-1,1,1,-1,1,-1,-1,-1,-1,1,1,1,-1,1,-1,-1,1,-1,1,-1,1,1,1,1,-1,1,1,-1,-1,-1,-1,-1,1,1,-1,1,-1,-1,-1,1,1,-1,-1,-1,1,1,1,-1,-1,-1,-1,1,1,1,-1,1,-1,1,-1,1,1,1,-1,-1,-1,-1,-1,1,-1,1,-1,-1,1,-1,1,1,-1,1,-1,-1,1,1,1,-1,1,-1,-1,-1,1,1,-1,1,-1,-1,-1,1,1,-1,1,-1,-1,-1,1,1,1,-1,1,-1,-1,1,1,-1,-1,-1,-1,-1,1,1,1,-1,1,-1,-1,1,-1,1,-1,1,-1,-1,1,-1,-1,1,1,1,-1,1,1,-1,1,-1,1,-1,1,-1,-1,1,-1,1,-1,1,1,-1,1,-1,-1,-1,1,1,-1,1,-1,1,-1,-1,1,-1,1,-1,1,-1,-1,-1,1,1,-1,-1,-1,1,1,-1,-1,-1,-1,-1,-1,-1,-1,1,-1,-1,-1,-1,1,1,-1,1,-1,-1,-1,1,-1,-1,1,-1,-1,1,1,-1,1,1,-1,-1,1,-1,-1,1,-1,-1,-1,1,-1,-1,1,-1,1,-1,-1,-1,-1,-1,-1,-1,1,1,-1,-1,1,1,-1,-1,1,1,1,-1,-1,-1,1,1,-1,-1,1,-1,1,1,1,-1,-1,1,-1,1,-1,1,1,-1,-1,1,1,-1,1,1,1,-1,-1,1,1,1,1,-1,-1,1,1,1,1,1,-1,-1,-1,1,-1,1,-1,1,-1,1,1,1,1,-1,-1,1,1,1,1,1,1,-1,-1,1,1,1,1,-1,1,-1,1,1,1,1,-1,-1,-1,1,1,1,1,1,1,-1,1,1,1,1,1,-1,-1,1,1,1,1,1,1,-1,-1,1,1,1,-1,-1,-1,1,-1,1,1,-1,1,-1,-1,1,-1,1,1,1,-1,1,1,1,1,-1,1,1,1,1,1,-1,1,1,1,-1,1,1,-1,1,-1,1,-1,1,1,-1,1,1,-1,1,1,-1,1,1,1,1,-1,1,-1,-1,1,1,-1,-1,1,1,-1,1,1,1,-1,1,1,-1,-1,1,1,-1,1,1,-1,-1,1,1,-1,-1,-1,-1,1,-1,1,-1,-1,1,-1,1,-1,1,1,-1,1,-1,-1,1,-1,1,-1,1,1,-1,-1,-1,1,-1,-1,-1,1,-1,1,-1,1,-1,1,-1,1,1,-1,-1,1,1,-1,-1,1,-1,1,-1,1,-1,-1,1,-1,-1,1,1,-1,-1,1,1,-1,-1,1,-1,-1,1,-1,1,1,1,1,-1,1,-1,1,-1,1,1,-1,1,1,1,-1,1,1,-1,1,-1,1,1,1,1,-1,1,-1,1,-1,1,1,-1,1,1,1,-1,1,1,-1,1,-1,1,1,-1,1,-1,-1,1,1,-2630.0,1,2000,445,1000,True
3050,-1,-1,1,1,1,1,-1,1,-1,-1,-1,1,-1,1,-1,-1,1,-1,1,-1,-1,-1,-1,-1,-1,1,-1,-1,-1,-1,-1,-1,1,-1,-1,-1,1,-1,-1,1,-1,-1,-1,-1,-1,-1,1,1,-1,1,-1,-1,1,1,-1,-1,-1,1,-1,-1,1,1,-1,1,-1,-1,-1,1,1,-1,-1,1,-1,-1,1,1,-1,-1,1,-1,-1,1,1,-1,1,-1,-1,1,1,-1,-1,-1,-1,-1,1,1,1,1,1,1,-1,1,1,1,1,1,-1,-1,1,1,1,-1,1,1,-1,1,1,1,1,1,-1,-1,-1,1,1,-1,1,1,-1,1,1,1,1,1,-1,1,1,1,1,1,1,-1,1,-1,1,1,1,1,1,-1,-1,1,1,1,-1,1,-1,1,1,1,1,-1,1,-1,1,-1,1,1,1,-1,1,-1,1,1,1,1,-1,-1,1,1,1,-1,-1,1,1,-1,1,1,1,1,-1,1,-1,1,1,1,-1,1,1,-1,1,-1,1,-1,1,1,1,1,1,1,1,-1,1,-1,1,-1,1,-1,1,1,-1,1,1,1,-1,-1,1,1,-1,1,1,-1,-1,1,-1,1,1,1,-1,1,1,-1,1,-1,1,-1,1,1,-1,-1,1,1,-1,1,-1,-1,1,-1,1,-1,1,1,-1,1,1,-1,-1,1,-1,-1,1,1,-1,-1,1,-1,-1,1,1,-1,1,1,1,1,-1,1,1,1,1,1,-1,1,1,1,1,-1,-1,-1,-1,1,-1,1,1,-1,-1,1,1,-1,1,1,1,-1,1,1,1,1,1,1,-1,1,1,-1,1,-1,1,-1,-1,1,-1,1,1,1,-1,-1,1,-1,1,1,-1,-1,1,-1,-1,1,1,-1,-1,-1,-1,1,1,1,1,-1,-1,1,-1,1,1,-1,-1,-1,-1,1,1,1,1,-1,-1,-1,1,-1,1,1,-1,-1,1,1,-1,1,1,1,-1,1,1,-1,1,-1,-1,-1,-1,1,1,-1,1,1,-1,-1,1,1,-1,1,-1,1,-1,1,-1,-1,1,-1,-1,-1,1,1,1,1,-1,1,-1,1,-1,1,-1,1,-1,1,1,-1,1,-1,1,-1,-1,1,-1,-1,-1,1,-1,1,1,1,-1,-1,1,-1,1,1,-1,-1,1,-1,1,1,-1,1,-1,1,-1,-1,-1,1,-1,-1,1,1,1,1,-1,1,-1,-1,1,1,1,1,-1,-1,-1,1,1,1,1,1,-1,1,-1,-1,1,1,-1,1,-1,1,1,-1,1,1,-1,1,1,1,1,1,-1,-1,1,1,1,1,-1,1,-1,1,1,-1,1,-1,1,-1,1,1,-1,1,-1,-1,-1,1,1,-1,1,-1,1,1,-1,1,1,1,-1,-1,1,-1,1,-1,1,-1,1,-1,1,1,1,-1,-1,1,-1,-1,1,-1,1,-1,1,1,-1,1,1,-1,1,1,-1,-1,1,1,-1,1,1,1,1,1,1,-1,1,1,1,-1,1,1,1,-1,1,1,-1,1,-1,1,-1,-1,1,1,-1,1,-1,-1,-1,1,1,-1,1,1,-1,1,-1,1,-1,1,1,-1,1,-1,1,-1,-1,-1,-1,1,-1,1,-1,-1,-1,-1,1,-1,1,-1,1,1,1,1,-1,1,-1,1,1,-1,1,-1,1,-1,-1,1,-1,1,-1,-1,1,1,1,1,1,-1,-1,1,-1,1,-1,1,-1,1,-1,-1,1,-1,-1,-1,1,-1,1,1,-1,-1,-1,1,1,1,-1,1,1,-1,-1,-1,1,1,-1,1,-1,-1,1,1,1,1,1,1,1,-1,-1,1,1,-1,1,-1,-1,1,1,-1,1,1,-1,-1,-1,1,1,1,1,-1,-1,-1,1,-1,1,1,1,-1,-1,-1,1,1,1,1,-1,-1,1,1,1,1,-1,1,-1,-1,1,1,-1,-1,1,-1,-1,1,1,1,-1,1,-1,1,1,1,-1,-1,-1,-1,1,1,1,1,-1,1,1,-1,1,1,-1,-1,1,-1,1,-1,1,1,-1,1,-1,1,1,1,1,-1,-1,1,-1,1,1,1,-1,1,-1,1,-1,1,-1,1,1,1,-1,1,1,1,-1,1,-1,1,-1,1,1,-1,1,-1,1,-1,1,1,-1,1,1,1,-1,1,1,-1,1,1,1,-1,1,-1,1,1,1,-1,-1,1,-1,1,1,1,-1,1,1,1,1,1,-1,-1,-1,1,-1,1,1,1,-1,-1,1,-1,1,-1,1,-1,-1,1,-1,1,1,1,-1,-1,1,1,1,1,1,1,-1,1,-1,1,1,-1,-1,-1,1,-1,1,1,1,1,-1,-1,-1,1,-1,1,-1,-1,-1,-1,-1,1,1,-1,1,1,-1,1,-1,1,-1,-1,1,-1,1,1,1,-1,1,-1,1,1,1,-1,-1,1,-1,-1,-1,1,1,1,1,-1,1,-1,1,1,-1,-1,-1,-1,-1,1,1,-1,1,-1,-1,1,-1,1,-1,-1,-1,-1,-1,-1,1,-1,1,-1,-1,-1,-1,1,-1,-1,-1,-1,-1,-1,1,1,1,-1,-1,-1,-1,1,1,-1,-1,-1,1,-1,1,1,1,1,-1,-1,-1,1,-1,-1,-1,-1,-1,-1,1,-1,1,-1,-1,-1,1,1,1,1,-1,-1,-1,-1,1,-1,1,-1,1,-1,1,-1,-1,1,1,-1,1,-1,1,-1,1,1,-1,1,-1,1,-1,1,1,-1,-1,1,-1,-1,-1,1,-1,1,-1,1,-1,-1,1,-1,1,-1,1,-1,-1,1,-1,1,-1,1,-1,-1,1,-1,-1,-1,-1,1,-1,1,1,-1,1,1,-1,1,1,-1,-1,1,-1,-1,-1,1,-1,-1,1,1,-1,1,1,-1,-1,1,-1,1,-1,-1,-1,-1,1,-1,-1,1,1,-1,1,1,-1,1,1,1,1,-1,1,-1,1,1,1,-1,-1,1,-1,-1,1,1,-1,-1,1,-1,1,1,1,-1,-1,1,-1,1,1,1,1,-1,1,-1,-1,1,1,-1,-1,-1,1,-1,1,-1,1,-1,1,-1,-1,1,-2630.0,1,2000,445,500,True
3051,1,1,-1,-1,1,1,-1,1,1,1,1,-1,-1,-1,1,1,-1,1,1,-1,-1,1,1,1,1,1,-1,-1,1,1,1,1,1,-1,-1,1,-1,1,1,1,-1,-1,1,1,1,1,1,1,-1,-1,1,1,-1,1,-1,1,-1,-1,1,1,1,1,-1,-1,1,1,1,1,1,-1,1,-1,1,1,1,1,1,1,-1,1,1,-1,1,-1,-1,1,1,1,1,1,1,1,-1,1,1,1,-1,1,-1,1,1,1,1,1,-1,-1,-1,1,1,1,1,1,-1,-1,1,1,1,1,1,-1,-1,1,1,1,1,1,-1,-1,1,1,1,1,-1,-1,-1,1,1,1,1,-1,-1,-1,1,1,1,1,1,-1,-1,-1,1,1,1,1,1,-1,-1,1,1,1,-1,1,-1,-1,1,-1,1,-1,1,-1,1,-1,1,1,-1,-1,-1,1,1,1,-1,1,1,-1,1,-1,1,-1,-1,-1,-1,1,-1,1,-1,-1,1,-1,1,-1,1,-1,-1,1,-1,1,1,1,1,-1,1,-1,1,-1,1,-1,-1,1,1,1,-1,1,1,-1,1,1,-1,1,-1,1,-1,1,-1,1,-1,1,1,-1,1,1,1,-1,1,-1,-1,1,1,1,-1,-1,1,-1,1,1,-1,-1,1,-1,-1,1,1,1,-1,1,1,-1,1,-1,-1,-1,1,1,-1,1,1,-1,-1,1,1,-1,1,-1,1,-1,1,1,-1,1,1,1,-1,1,1,-1,1,1,-1,-1,-1,1,1,1,-1,-1,-1,1,1,-1,1,1,1,-1,-1,1,1,1,-1,-1,-1,1,1,1,-1,1,-1,-1,-1,1,1,1,-1,1,-1,-1,1,1,1,-1,-1,-1,1,1,-1,1,-1,-1,-1,-1,1,1,1,-1,1,-1,1,1,-1,1,-1,-1,-1,-1,-1,1,1,-1,-1,-1,-1,-1,1,-1,-1,-1,-1,-1,1,1,-1,-1,-1,1,1,-1,1,-1,-1,1,1,-1,-1,1,1,-1,-1,1,-1,1,-1,1,-1,-1,-1,1,-1,1,-1,-1,-1,-1,-1,-1,1,1,-1,-1,1,1,-1,1,-1,-1,-1,1,1,1,1,-1,-1,-1,1,1,-1,1,-1,-1,-1,1,1,1,1,1,-1,-1,1,1,1,-1,-1,-1,-1,1,-1,1,-1,1,-1,-1,1,1,1,-1,-1,-1,1,1,1,1,-1,1,-1,-1,1,1,1,1,-1,-1,-1,1,1,1,1,1,-1,-1,-1,1,1,1,-1,1,-1,1,1,-1,1,1,-1,-1,1,-1,1,1,-1,-1,1,1,1,1,-1,1,-1,1,1,-1,1,-1,1,-1,1,1,-1,1,-1,-1,-1,1,1,-1,1,-1,1,-1,1,-1,1,1,-1,-1,1,-1,1,-1,1,1,1,-1,1,1,1,-1,1,1,-1,1,-1,-1,1,1,1,1,1,1,-1,-1,1,1,-1,1,1,1,-1,1,1,1,-1,1,1,-1,1,1,1,1,-1,-1,1,-1,1,1,-1,1,-1,1,-1,1,-1,-1,-1,1,-1,-1,1,-1,-1,-1,1,1,-1,1,1,-1,-1,1,1,-1,-1,1,-1,-1,-1,-1,-1,-1,1,-1,-1,-1,-1,-1,-1,1,-1,-1,1,1,1,1,1,-1,-1,1,1,-1,-1,1,-1,-1,-1,1,-1,-1,1,1,-1,1,1,1,-1,1,-1,1,1,1,-1,-1,1,1,-1,1,1,-1,1,1,-1,1,1,1,-1,1,1,-1,-1,1,-1,1,1,1,-1,1,1,1,-1,-1,1,-1,1,1,1,1,-1,1,1,1,1,1,1,1,1,-1,1,1,1,-1,-1,1,1,1,1,1,1,-1,1,-1,1,1,1,1,-1,1,1,-1,1,-1,1,-1,1,1,1,1,1,1,-1,1,-1,1,1,1,-1,-1,-1,-1,1,1,1,-1,-1,1,-1,1,1,1,1,-1,-1,-1,1,1,1,-1,-1,1,-1,1,1,-1,-1,-1,-1,1,1,1,1,1,-1,-1,-1,1,1,1,-1,-1,-1,-1,1,1,1,-1,-1,-1,-1,1,1,1,-1,-1,-1,1,1,1,-1,-1,-1,-1,-1,1,-1,1,-1,-1,-1,-1,1,1,1,-1,-1,-1,-1,1,1,1,-1,-1,-1,-1,1,1,1,-1,-1,-1,1,1,1,-1,-1,-1,-1,1,1,-1,-1,1,-1,1,1,1,-1,-1,-1,1,-1,1,1,-1,1,-1,-1,-1,1,1,-1,-1,-1,-1,-1,1,1,1,-1,-1,-1,1,1,1,1,-1,1,1,-1,1,1,-1,-1,-1,-1,-1,1,1,1,-1,-1,1,-1,1,1,1,-1,1,-1,-1,-1,-1,1,-1,1,-1,-1,1,1,1,-1,-1,1,-1,1,1,1,-1,1,-1,1,1,1,-1,-1,1,-1,-1,-1,1,-1,-1,1,-1,1,-1,1,-1,-1,1,-1,-1,-1,1,-1,1,1,-1,-1,-1,1,1,-1,-1,-1,-1,-1,-1,1,-1,1,-1,-1,1,-1,-1,1,-1,1,-1,-1,-1,1,-1,1,-1,-1,-1,-1,1,1,-1,-1,-1,1,-1,1,1,1,1,-1,-1,-1,1,-1,1,-1,-1,-1,-1,1,-1,1,-1,-1,-1,1,-1,1,1,-1,-1,-1,-1,1,-1,1,-1,1,-1,1,-1,-1,1,1,-1,1,-1,1,-1,1,1,-1,1,-1,1,-1,1,1,-1,1,-1,-1,-1,-1,1,-1,1,-1,1,-1,-1,1,-1,1,-1,1,-1,-1,1,-1,-1,1,-1,-1,-1,1,-1,1,1,-1,1,-1,1,1,1,-1,1,-1,1,-1,1,1,-1,1,-1,-1,-1,-1,1,-1,1,-1,1,-1,1,1,1,-1,1,-1,1,1,1,-1,1,-1,1,1,-1,1,-1,-1,1,1,1,1,1,-1,-1,1,1,1,1,1,1,-1,-1,-1,1,1,1,1,-1,1,1,-1,-1,1,1,-1,1,1,1,1,1,1,-1,-1,1,1,-1,1,1,1,-1,1,1,-1,1,1,-1,-1,1,-2630.0,1,2000,445,500,True
3052,-1,-1,1,1,1,1,-1,1,-1,-1,-1,1,-1,-1,-1,-1,1,-1,1,1,-1,1,-1,-1,-1,1,1,1,1,-1,-1,-1,1,1,1,1,1,-1,-1,-1,1,-1,1,-1,-1,-1,-1,1,-1,-1,-1,-1,1,-1,1,1,-1,1,-1,-1,-1,1,1,1,-1,-1,-1,-1,-1,1,1,-1,-1,-1,-1,1,1,1,-1,-1,-1,1,1,1,-1,-1,-1,-1,1,1,1,-1,-1,-1,-1,1,1,1,-1,1,-1,-1,1,1,-1,-1,-1,-1,-1,1,1,1,-1,-1,-1,-1,-1,1,-1,-1,-1,-1,-1,-1,1,1,-1,-1,1,-1,-1,1,-1,-1,-1,1,-1,-1,1,1,-1,-1,1,-1,-1,1,1,-1,-1,-1,-1,-1,-1,1,1,-1,1,-1,-1,-1,-1,1,-1,-1,-1,-1,1,-1,1,-1,-1,-1,-1,1,-1,-1,-1,1,-1,-1,-1,1,1,-1,-1,-1,-1,-1,-1,-1,-1,1,-1,-1,-1,-1,1,-1,1,-1,-1,1,-1,1,-1,1,-1,-1,-1,-1,1,-1,1,1,-1,-1,-1,1,-1,1,-1,1,-1,-1,1,1,-1,-1,-1,-1,-1,1,1,-1,1,1,-1,-1,1,-1,1,-1,1,1,-1,1,1,-1,-1,-1,1,-1,1,-1,-1,-1,1,-1,-1,1,-1,1,-1,1,-1,-1,1,1,-1,-1,1,-1,1,1,1,-1,-1,1,-1,1,1,1,1,-1,1,-1,-1,1,1,1,-1,1,1,-1,1,1,-1,-1,-1,1,1,1,1,-1,-1,1,1,-1,1,1,1,-1,-1,1,1,1,1,1,-1,1,1,1,1,-1,1,-1,-1,1,1,1,1,1,-1,-1,-1,1,1,1,-1,-1,1,1,-1,1,1,-1,-1,-1,1,1,1,1,1,-1,1,1,-1,1,1,-1,-1,-1,-1,1,1,1,1,-1,-1,-1,1,-1,1,1,-1,-1,1,1,-1,1,1,1,-1,1,1,-1,1,-1,-1,-1,-1,1,1,-1,1,1,-1,-1,1,1,-1,1,-1,1,-1,1,-1,-1,1,-1,-1,-1,1,1,1,1,-1,1,-1,1,-1,1,-1,1,-1,1,1,-1,1,-1,1,-1,-1,1,-1,-1,-1,1,-1,1,1,1,-1,-1,1,-1,1,1,-1,-1,1,-1,1,1,-1,1,-1,1,-1,-1,-1,1,-1,-1,1,1,1,1,-1,1,-1,-1,1,1,1,1,-1,-1,-1,1,1,1,1,1,-1,1,-1,1,1,1,-1,1,-1,1,1,-1,1,1,-1,1,1,1,1,1,-1,-1,1,1,1,1,-1,1,-1,1,1,-1,1,-1,1,-1,1,1,-1,1,-1,-1,-1,1,1,-1,1,-1,1,-1,-1,1,1,1,-1,-1,1,-1,1,-1,1,-1,1,-1,1,1,1,-1,-1,1,-1,-1,1,-1,1,-1,1,1,-1,1,1,-1,1,1,-1,-1,1,1,-1,1,1,1,1,1,1,-1,1,1,1,-1,1,1,1,-1,1,1,-1,1,-1,1,-1,-1,1,-1,-1,1,-1,-1,1,-1,-1,-1,1,1,-1,1,1,-1,-1,1,1,-1,-1,1,-1,-1,-1,-1,-1,1,1,-1,-1,-1,-1,-1,1,1,-1,-1,1,1,1,-1,1,-1,1,1,1,-1,1,1,-1,-1,-1,1,-1,-1,1,1,-1,1,1,1,1,1,1,-1,-1,1,-1,1,1,1,-1,-1,1,-1,1,1,-1,-1,1,1,-1,1,1,-1,1,1,-1,1,1,1,1,-1,1,1,-1,1,1,1,-1,1,1,1,1,1,1,-1,-1,1,1,1,1,1,-1,1,1,-1,1,1,1,-1,-1,1,1,1,-1,1,-1,-1,1,-1,1,1,1,-1,-1,-1,1,1,1,1,-1,-1,1,1,1,1,-1,1,-1,-1,1,1,-1,-1,1,-1,-1,1,1,1,-1,1,-1,1,1,1,-1,1,-1,-1,1,1,1,1,-1,1,1,-1,1,1,-1,1,-1,-1,1,1,1,1,1,1,-1,1,1,1,1,-1,-1,1,-1,1,1,1,1,1,-1,1,-1,1,-1,-1,-1,1,-1,1,1,1,-1,1,-1,1,-1,1,1,1,1,-1,1,-1,1,1,-1,1,1,1,-1,1,1,1,1,1,1,-1,1,1,1,1,1,-1,-1,1,1,1,1,1,-1,1,1,1,1,1,-1,-1,-1,1,1,1,1,1,-1,-1,1,1,-1,1,-1,-1,-1,1,1,1,1,1,-1,-1,1,1,1,1,1,1,-1,1,1,-1,1,-1,-1,-1,1,1,1,1,1,1,-1,-1,1,1,1,1,-1,-1,1,1,1,-1,1,-1,1,1,1,1,1,1,-1,-1,-1,1,1,1,1,-1,-1,1,1,1,1,-1,-1,1,1,1,-1,1,1,1,1,1,1,-1,1,1,-1,-1,1,1,-1,1,1,-1,1,1,1,1,-1,1,-1,-1,-1,1,1,-1,1,-1,1,-1,1,-1,-1,1,-1,-1,1,-1,1,-1,1,1,1,-1,-1,1,-1,1,1,-1,-1,-1,1,-1,1,1,1,-1,-1,1,-1,1,-1,-1,-1,1,1,-1,1,-1,1,-1,-1,-1,1,1,1,1,-1,1,1,-1,1,-1,1,-1,-1,1,-1,1,-1,1,-1,-1,-1,1,1,-1,1,-1,-1,1,-1,1,-1,1,-1,-1,1,1,-1,-1,-1,-1,-1,1,-1,1,-1,-1,-1,-1,1,1,-1,1,-1,-1,-1,-1,1,-1,-1,-1,-1,-1,1,1,-1,1,-1,1,-1,1,-1,1,-1,1,-1,1,1,-1,-1,-1,-1,-1,-1,1,-1,1,-1,1,-1,1,1,1,-1,1,-1,1,1,1,-1,-1,-1,1,-1,1,1,-1,-1,1,1,-1,-1,1,-1,-1,1,1,1,1,1,1,-1,-1,1,-1,1,1,1,-1,1,1,-1,-1,1,-1,-1,1,1,1,1,1,1,-1,-1,1,1,-1,1,-1,1,-1,1,1,-1,1,1,-1,-1,1,-2630.0,1,2000,445,500,True
3053,1,1,-1,-1,1,1,-1,1,1,1,1,-1,-1,1,1,1,-1,1,-1,-1,-1,1,1,1,1,1,-1,-1,1,1,1,1,-1,-1,-1,1,-1,1,1,1,-1,-1,1,1,1,1,1,1,-1,-1,1,1,-1,1,-1,-1,1,-1,1,1,1,-1,-1,-1,1,1,1,1,1,-1,1,-1,1,1,1,1,-1,1,-1,1,1,1,1,-1,-1,1,1,1,1,1,1,1,-1,1,1,1,-1,-1,-1,1,1,1,1,1,-1,-1,-1,1,1,1,1,-1,-1,-1,1,1,1,1,1,-1,-1,1,1,1,1,-1,-1,-1,1,1,1,1,-1,-1,-1,1,1,1,1,-1,-1,-1,1,1,1,1,1,-1,-1,-1,1,1,1,-1,1,-1,1,-1,1,1,-1,-1,-1,-1,1,-1,1,-1,1,-1,-1,-1,1,1,-1,-1,-1,1,-1,1,-1,1,1,-1,1,-1,1,-1,-1,-1,-1,-1,-1,1,-1,-1,1,-1,1,-1,1,-1,-1,1,-1,1,1,1,1,-1,1,-1,1,1,-1,-1,-1,1,1,1,-1,1,1,-1,1,1,-1,-1,1,1,-1,1,-1,1,1,-1,1,-1,1,1,1,-1,1,-1,-1,1,1,1,-1,-1,1,-1,1,1,-1,-1,1,-1,-1,1,1,1,-1,1,1,-1,1,-1,-1,-1,1,1,-1,1,1,-1,-1,1,-1,-1,1,-1,1,-1,1,1,-1,1,1,1,-1,-1,1,-1,1,1,-1,-1,-1,1,1,1,-1,-1,-1,1,1,-1,1,1,1,-1,-1,1,1,1,-1,-1,-1,1,1,1,-1,1,-1,-1,-1,1,1,1,-1,-1,-1,-1,1,1,1,-1,-1,-1,1,1,-1,1,-1,-1,-1,-1,1,1,1,-1,1,-1,1,1,-1,1,-1,-1,-1,-1,-1,1,1,-1,-1,-1,-1,-1,1,-1,-1,-1,-1,-1,1,1,-1,-1,-1,1,1,-1,1,-1,-1,1,1,-1,-1,1,1,-1,-1,1,-1,1,-1,1,-1,-1,-1,1,-1,1,-1,-1,-1,-1,-1,-1,1,1,-1,-1,1,1,-1,1,-1,-1,-1,1,1,1,1,-1,-1,-1,1,1,-1,1,-1,-1,-1,1,1,1,-1,1,-1,-1,1,1,1,-1,-1,-1,-1,1,-1,1,-1,1,-1,-1,1,1,1,-1,-1,-1,1,1,1,1,-1,1,-1,-1,1,1,1,1,-1,-1,-1,1,1,1,1,1,-1,-1,-1,1,1,1,-1,1,-1,1,1,-1,1,1,-1,-1,1,-1,1,1,-1,-1,1,-1,1,1,-1,1,-1,1,1,-1,1,-1,1,-1,1,1,-1,1,-1,-1,-1,1,-1,-1,1,-1,1,-1,1,-1,1,1,-1,-1,1,-1,1,-1,1,1,1,-1,1,1,1,-1,1,1,-1,1,-1,-1,1,-1,1,1,1,1,-1,-1,1,1,-1,1,1,1,-1,1,1,1,-1,1,1,-1,1,1,1,1,1,1,1,-1,1,1,-1,1,-1,1,-1,-1,1,-1,-1,1,-1,-1,1,-1,-1,-1,1,1,-1,-1,1,-1,-1,1,1,-1,-1,1,-1,-1,-1,-1,-1,-1,1,-1,-1,-1,-1,-1,-1,1,-1,-1,1,1,1,1,1,-1,-1,1,1,-1,-1,1,-1,-1,-1,1,-1,-1,1,1,-1,1,1,1,-1,1,-1,1,1,1,-1,-1,1,1,-1,1,1,-1,1,1,-1,1,1,1,-1,1,1,-1,-1,1,-1,1,1,1,-1,1,1,1,-1,-1,1,-1,1,1,1,1,-1,1,1,1,1,1,1,1,1,-1,1,1,1,-1,-1,1,1,1,1,1,1,-1,1,-1,1,1,1,1,-1,1,1,-1,1,-1,1,-1,1,1,1,1,1,1,-1,1,-1,1,1,1,-1,-1,-1,-1,1,1,1,-1,-1,1,-1,1,1,1,1,-1,-1,-1,1,1,1,-1,-1,1,-1,1,1,-1,-1,-1,1,-1,1,1,1,-1,-1,-1,-1,1,1,1,-1,-1,-1,-1,1,1,1,-1,-1,-1,1,1,1,1,-1,-1,1,-1,-1,1,-1,-1,-1,-1,-1,1,-1,1,-1,-1,-1,1,1,1,1,-1,-1,-1,1,1,1,1,-1,-1,-1,1,1,1,1,-1,-1,-1,1,1,1,-1,-1,-1,1,1,1,-1,-1,1,-1,1,1,1,-1,-1,-1,1,1,1,1,-1,1,-1,-1,-1,-1,1,-1,1,-1,-1,1,1,1,1,-1,-1,-1,-1,1,1,1,-1,1,1,-1,1,1,-1,-1,1,-1,-1,1,1,1,-1,1,1,-1,1,1,1,-1,-1,-1,-1,1,-1,1,-1,1,-1,-1,1,1,1,-1,-1,1,-1,1,1,1,-1,1,-1,1,-1,1,-1,-1,-1,-1,-1,-1,1,-1,-1,1,-1,1,-1,1,-1,-1,1,-1,-1,-1,1,-1,1,1,-1,-1,-1,1,1,-1,-1,1,-1,-1,-1,1,-1,1,-1,-1,1,-1,-1,1,-1,1,-1,-1,-1,1,-1,1,1,-1,1,-1,-1,1,-1,1,-1,1,-1,1,1,1,1,-1,-1,-1,1,-1,1,-1,-1,-1,-1,1,-1,1,-1,-1,-1,1,-1,1,1,-1,-1,-1,-1,1,-1,1,-1,1,-1,1,-1,-1,1,1,-1,1,-1,1,-1,1,1,-1,1,-1,1,-1,1,1,-1,1,1,-1,-1,-1,1,-1,1,-1,1,-1,-1,1,1,1,-1,1,-1,-1,1,-1,-1,1,-1,-1,-1,1,-1,1,1,-1,1,-1,1,1,1,-1,1,-1,1,1,1,1,-1,1,-1,-1,1,1,1,-1,1,-1,1,1,-1,1,1,-1,1,-1,1,1,1,-1,1,-1,1,1,1,1,-1,-1,1,1,1,1,1,-1,-1,1,1,1,1,1,1,-1,-1,-1,1,1,1,1,-1,1,1,1,1,1,1,-1,1,1,1,1,1,1,-1,-1,1,1,1,1,1,1,-1,1,1,-1,1,1,-1,1,1,-2630.0,1,2000,445,500,True
3054,1,1,-1,-1,1,-1,1,1,1,1,1,-1,1,1,1,1,-1,1,-1,-1,1,1,1,1,1,-1,1,1,1,1,1,1,1,-1,1,1,-1,1,1,-1,1,1,1,1,1,1,-1,-1,1,-1,1,1,1,1,-1,1,1,-1,1,1,-1,-1,-1,-1,1,1,1,-1,-1,1,1,-1,1,1,-1,1,1,1,-1,1,1,-1,-1,1,-1,1,1,-1,-1,1,1,1,-1,1,-1,-1,1,-1,-1,-1,1,-1,-1,1,-1,-1,-1,1,-1,-1,1,1,-1,-1,1,1,-1,1,1,-1,-1,1,1,-1,1,1,-1,-1,1,-1,-1,1,-1,-1,-1,-1,-1,-1,1,-1,-1,-1,-1,1,-1,1,1,-1,-1,-1,1,-1,-1,1,1,-1,1,-1,-1,1,-1,1,-1,-1,1,-1,1,-1,1,-1,-1,-1,-1,1,-1,-1,-1,1,-1,-1,-1,1,1,-1,-1,-1,1,-1,-1,-1,-1,-1,-1,1,-1,-1,1,-1,-1,-1,1,1,-1,1,-1,-1,-1,-1,-1,-1,1,-1,1,1,-1,1,-1,1,1,1,-1,1,1,-1,1,1,-1,-1,1,1,-1,1,1,-1,1,1,1,-1,1,1,-1,-1,1,1,-1,1,1,-1,-1,-1,1,-1,1,-1,-1,-1,1,-1,-1,1,1,1,-1,1,1,-1,1,-1,-1,-1,1,1,-1,1,-1,-1,-1,1,-1,-1,-1,-1,1,-1,1,1,-1,-1,-1,1,-1,-1,1,-1,-1,1,-1,-1,-1,1,1,-1,-1,-1,-1,1,1,-1,-1,1,1,-1,-1,1,1,-1,-1,-1,-1,1,1,1,-1,1,-1,-1,-1,1,1,1,1,1,-1,-1,-1,1,-1,-1,1,-1,1,1,-1,-1,-1,1,-1,-1,1,1,1,-1,1,-1,1,1,-1,-1,-1,-1,-1,-1,-1,1,1,-1,-1,-1,-1,-1,1,1,-1,-1,-1,-1,1,1,1,-1,-1,1,1,1,1,1,-1,1,1,-1,-1,1,1,1,-1,1,-1,-1,-1,-1,1,-1,-1,1,-1,1,1,1,-1,-1,-1,-1,1,1,1,-1,1,1,-1,1,1,-1,-1,1,1,-1,1,1,-1,-1,1,-1,1,1,1,1,-1,-1,1,1,1,-1,1,-1,1,-1,-1,1,1,1,-1,1,-1,1,-1,-1,1,-1,1,-1,-1,1,1,1,1,1,-1,1,-1,-1,1,-1,1,-1,1,-1,-1,1,1,1,-1,-1,1,-1,1,1,-1,-1,1,1,1,-1,1,1,-1,1,-1,-1,1,1,1,-1,-1,-1,1,1,1,1,-1,1,-1,1,1,1,-1,1,1,-1,-1,1,1,-1,-1,-1,-1,1,1,1,-1,1,-1,-1,-1,1,1,-1,-1,1,-1,1,1,1,1,-1,-1,1,-1,-1,1,1,-1,-1,1,1,-1,1,-1,-1,1,-1,-1,1,-1,1,-1,-1,-1,-1,1,-1,1,-1,-1,-1,-1,-1,1,1,1,-1,1,-1,1,-1,-1,1,1,-1,1,1,-1,1,-1,1,1,-1,1,-1,1,-1,1,1,1,-1,-1,1,-1,-1,1,-1,1,-1,1,-1,1,1,-1,1,-1,1,-1,1,1,-1,1,-1,1,1,1,1,-1,1,-1,1,-1,-1,1,1,1,-1,1,-1,-1,1,-1,1,-1,-1,1,-1,1,-1,1,1,-1,-1,-1,-1,-1,1,-1,1,1,-1,1,-1,1,1,-1,1,-1,-1,1,1,-1,1,-1,-1,-1,1,1,-1,1,-1,1,1,1,1,-1,1,1,-1,-1,-1,1,1,1,-1,-1,1,-1,1,1,1,1,-1,-1,1,1,-1,1,-1,-1,1,-1,1,1,1,1,-1,1,-1,1,1,1,1,-1,-1,-1,1,1,-1,1,1,-1,-1,1,1,1,1,-1,-1,-1,1,1,1,1,1,-1,-1,1,-1,1,1,1,-1,-1,1,-1,1,1,-1,1,-1,1,1,1,1,-1,1,-1,1,-1,1,1,-1,1,-1,1,1,-1,1,-1,-1,-1,1,1,-1,1,-1,1,-1,-1,1,-1,1,-1,1,-1,-1,1,1,1,1,-1,-1,1,-1,-1,1,-1,-1,-1,-1,-1,1,-1,1,-1,-1,-1,1,1,1,1,-1,-1,-1,1,1,-1,1,-1,-1,-1,1,1,1,1,-1,-1,1,1,1,1,-1,-1,-1,1,1,1,-1,-1,1,-1,1,1,1,-1,-1,-1,1,1,1,1,-1,1,-1,-1,1,-1,1,-1,-1,-1,1,1,1,1,1,1,1,1,1,1,1,1,-1,1,-1,1,-1,1,-1,1,1,-1,1,1,1,1,-1,1,1,1,1,1,1,-1,1,1,1,1,-1,1,1,1,-1,1,1,1,1,1,1,1,1,1,1,1,1,1,1,1,-1,1,-1,1,1,1,1,-1,1,-1,1,1,1,1,-1,1,-1,1,1,1,1,-1,1,-1,1,1,1,1,-1,1,1,1,1,1,1,-1,-1,1,1,1,1,1,-1,-1,-1,1,-1,1,1,-1,-1,1,1,1,-1,1,1,-1,-1,1,1,1,1,-1,-1,1,1,1,1,-1,-1,-1,1,-1,1,1,-1,-1,-1,1,-1,1,1,-1,-1,1,1,-1,1,-1,1,-1,-1,1,-1,1,-1,-1,1,-1,1,1,1,1,-1,1,-1,1,-1,1,1,-1,-1,-1,1,-1,1,1,-1,1,1,-1,-1,-1,-1,-1,1,-1,1,-1,1,1,-1,1,-1,1,-1,1,1,-1,-1,1,-1,-1,1,1,-1,1,1,-1,-1,1,-1,1,1,-1,1,1,-1,-1,1,1,-1,1,-1,1,-1,-1,1,-1,-1,1,1,-1,1,1,1,-1,1,1,1,1,1,-1,-1,1,-1,-1,-1,1,-1,-1,1,1,1,1,1,-1,-1,1,1,-1,1,1,1,-1,1,-1,-1,1,1,1,-1,1,1,1,1,1,1,-1,1,1,-1,-1,1,1,-1,-1,1,-1,1,1,1,1,-1,1,1,-1,1,1,-1,-1,1,-2630.0,1,2000,445,500,True
3055,1,1,-1,-1,1,-1,1,-1,1,1,1,-1,1,1,1,1,-1,1,-1,-1,1,-1,1,1,1,-1,1,1,1,1,1,1,-1,-1,1,-1,1,1,1,1,-1,1,-1,1,1,1,-1,-1,1,1,1,1,1,1,-1,1,1,-1,1,1,1,-1,-1,-1,1,1,1,-1,-1,1,-1,1,1,1,-1,1,1,-1,1,1,1,-1,-1,1,1,1,1,-1,-1,1,1,1,1,1,-1,-1,1,-1,1,-1,1,-1,-1,1,-1,1,1,1,-1,-1,1,1,1,-1,1,1,-1,1,1,1,1,1,1,-1,1,1,1,1,1,-1,-1,1,-1,1,1,-1,-1,1,1,-1,1,1,-1,1,-1,1,1,1,1,1,1,-1,-1,1,-1,1,-1,-1,-1,1,-1,1,1,1,-1,-1,1,-1,-1,1,-1,-1,-1,1,-1,1,1,1,-1,-1,-1,1,-1,1,-1,-1,1,-1,-1,1,1,-1,-1,1,-1,-1,1,1,-1,-1,1,1,-1,-1,1,-1,-1,-1,-1,-1,-1,1,-1,1,-1,1,-1,-1,1,-1,-1,1,1,-1,-1,-1,1,-1,1,1,-1,-1,1,1,-1,1,1,-1,-1,1,1,-1,1,1,-1,-1,-1,1,-1,-1,1,-1,-1,1,1,-1,1,-1,-1,-1,-1,1,-1,1,-1,-1,-1,1,-1,-1,1,-1,1,-1,-1,-1,-1,1,-1,1,-1,-1,-1,-1,1,-1,-1,-1,-1,1,-1,-1,1,-1,1,-1,-1,-1,-1,1,1,1,-1,-1,-1,1,1,-1,1,-1,1,-1,-1,1,1,1,-1,-1,-1,1,1,1,1,1,-1,-1,-1,-1,1,1,-1,-1,-1,-1,1,1,1,-1,-1,-1,-1,1,-1,1,-1,-1,-1,-1,-1,1,1,-1,1,-1,1,1,-1,1,-1,-1,-1,-1,-1,1,1,-1,-1,-1,-1,-1,1,-1,-1,-1,-1,-1,-1,1,-1,-1,1,1,-1,-1,1,-1,-1,1,-1,-1,-1,1,1,-1,1,1,-1,1,-1,1,-1,1,-1,1,-1,1,-1,-1,1,1,-1,-1,1,1,-1,1,1,1,-1,1,-1,1,1,1,-1,1,1,-1,1,1,1,-1,-1,1,-1,-1,1,1,-1,1,1,1,-1,1,-1,1,1,-1,-1,-1,1,-1,1,1,-1,1,-1,-1,1,-1,1,-1,-1,-1,-1,-1,1,1,-1,1,-1,1,-1,1,1,1,-1,-1,-1,-1,1,1,1,1,-1,-1,1,1,1,1,-1,1,-1,-1,1,-1,1,1,-1,-1,-1,-1,1,1,-1,-1,-1,1,1,1,-1,1,-1,-1,1,-1,1,-1,1,-1,-1,1,-1,1,-1,-1,-1,-1,1,-1,1,-1,1,-1,-1,1,1,1,-1,-1,1,-1,-1,1,1,-1,1,-1,-1,1,1,-1,-1,1,-1,1,-1,-1,1,-1,1,1,1,-1,1,1,1,1,-1,1,-1,-1,1,1,1,1,-1,1,1,-1,1,1,1,1,1,1,1,-1,-1,-1,1,-1,-1,1,-1,1,-1,1,-1,1,-1,-1,-1,1,1,-1,1,1,-1,-1,-1,1,-1,1,1,-1,1,-1,1,-1,-1,-1,-1,-1,-1,1,-1,-1,-1,-1,-1,-1,1,1,1,1,1,1,-1,1,-1,1,1,-1,-1,-1,1,-1,-1,1,-1,1,-1,-1,1,1,1,1,-1,-1,1,1,1,1,-1,1,-1,-1,1,1,1,-1,-1,-1,1,1,1,1,-1,1,-1,1,-1,1,-1,1,1,-1,1,1,1,1,-1,-1,-1,1,1,1,1,1,-1,-1,-1,1,1,1,1,-1,-1,-1,1,-1,1,-1,-1,-1,1,-1,-1,1,1,-1,1,-1,1,-1,1,1,-1,-1,-1,1,1,-1,1,-1,-1,-1,1,1,1,1,-1,-1,1,-1,1,-1,1,-1,1,1,1,1,-1,1,-1,-1,1,1,-1,1,-1,-1,1,-1,1,-1,1,-1,-1,-1,1,1,-1,1,-1,-1,1,-1,1,-1,1,1,-1,-1,-1,1,-1,1,1,-1,-1,1,1,-1,1,-1,-1,-1,1,1,1,1,1,-1,-1,1,1,-1,1,1,-1,-1,1,1,-1,1,1,-1,-1,1,1,1,-1,1,-1,-1,1,1,1,-1,1,-1,1,1,1,1,-1,1,-1,1,1,1,-1,1,-1,-1,1,1,1,-1,1,1,-1,1,1,1,-1,1,-1,1,1,1,1,1,-1,1,-1,1,-1,1,-1,1,-1,1,1,1,1,1,1,1,1,1,1,1,1,-1,1,-1,1,-1,1,-1,1,1,-1,1,1,1,1,1,-1,1,1,1,1,1,-1,1,1,1,1,-1,1,-1,1,-1,1,1,1,1,-1,-1,1,-1,1,1,-1,1,1,1,1,-1,1,1,-1,-1,1,-1,-1,1,1,-1,1,1,1,-1,1,1,-1,-1,1,1,-1,1,1,-1,1,1,1,-1,1,1,-1,-1,1,1,-1,-1,1,-1,1,1,1,-1,1,1,-1,-1,1,1,-1,-1,1,1,-1,-1,1,1,-1,1,1,-1,1,1,-1,-1,1,1,1,1,-1,-1,-1,1,-1,-1,1,-1,1,-1,1,-1,1,1,-1,-1,1,-1,1,-1,-1,1,1,1,1,-1,1,-1,-1,1,1,-1,-1,1,1,-1,-1,1,1,-1,1,1,-1,1,-1,1,-1,1,1,-1,1,1,-1,-1,-1,-1,-1,1,-1,1,-1,-1,1,-1,1,1,1,-1,-1,1,-1,-1,1,-1,-1,-1,1,-1,1,1,-1,1,-1,-1,1,1,-1,1,-1,1,-1,1,1,-1,1,-1,-1,-1,-1,1,-1,1,-1,1,-1,1,1,1,-1,1,-1,1,1,1,-1,1,-1,1,-1,-1,1,-1,-1,1,1,1,1,1,-1,-1,1,1,-1,1,1,1,-1,-1,1,-1,1,1,1,-1,1,1,1,1,1,-1,-1,1,1,-1,1,1,1,-1,-1,1,-1,1,1,-1,1,-1,1,1,-1,1,1,-1,-1,1,-2630.0,1,2000,445,500,True
3056,1,1,1,1,1,1,-1,1,1,-1,-1,1,-1,1,1,1,1,-1,1,1,1,1,1,-1,-1,1,-1,-1,1,1,1,-1,1,1,-1,1,-1,1,1,-1,1,-1,1,1,1,-1,-1,1,-1,-1,1,-1,1,1,1,-1,1,-1,1,-1,-1,1,1,-1,1,1,1,-1,-1,-1,1,-1,1,1,1,-1,1,1,-1,1,1,-1,1,-1,-1,1,1,1,-1,1,-1,1,-1,1,1,-1,-1,1,-1,1,1,1,-1,-1,1,-1,-1,1,1,-1,-1,-1,-1,-1,1,1,-1,-1,1,-1,-1,1,1,1,-1,-1,-1,-1,1,1,1,-1,1,-1,-1,1,1,1,-1,1,-1,-1,1,1,1,-1,1,-1,-1,-1,1,1,-1,1,1,-1,1,1,-1,-1,1,1,-1,-1,1,1,-1,1,1,-1,1,1,-1,-1,1,-1,-1,1,1,-1,1,-1,1,-1,1,1,-1,-1,-1,-1,-1,-1,1,-1,1,1,1,-1,-1,1,1,-1,1,1,-1,-1,1,-1,-1,1,1,-1,1,1,-1,-1,1,1,-1,1,1,1,-1,-1,1,1,-1,1,-1,-1,1,1,-1,-1,1,1,-1,-1,1,-1,-1,1,-1,1,-1,1,1,-1,-1,1,1,-1,1,-1,1,1,1,1,-1,1,-1,-1,1,1,-1,-1,1,1,1,1,1,-1,-1,1,1,-1,-1,1,1,-1,1,1,1,1,-1,1,-1,1,1,1,1,1,1,-1,1,-1,-1,1,-1,1,-1,1,1,-1,-1,1,1,-1,1,1,1,-1,1,1,-1,1,1,1,-1,1,1,-1,1,-1,1,-1,-1,1,-1,1,1,1,-1,-1,1,-1,1,1,-1,-1,1,-1,1,1,1,-1,-1,1,1,-1,1,1,1,-1,1,-1,1,1,1,-1,-1,1,1,-1,1,1,1,-1,1,1,-1,-1,1,1,-1,-1,1,-1,-1,1,1,-1,1,-1,-1,-1,1,-1,1,1,1,-1,1,-1,1,-1,1,1,1,1,-1,1,-1,-1,1,-1,-1,-1,1,1,1,1,-1,1,-1,1,-1,1,-1,-1,-1,1,1,-1,1,1,1,-1,1,-1,1,1,-1,-1,-1,-1,1,1,1,1,1,1,-1,1,-1,1,1,1,-1,-1,1,-1,-1,1,1,1,-1,1,-1,1,1,-1,-1,-1,1,1,-1,1,1,1,-1,-1,1,1,1,-1,-1,-1,-1,1,1,1,1,1,-1,-1,1,1,1,-1,-1,1,-1,1,1,-1,1,1,-1,1,1,1,1,1,-1,-1,1,1,1,-1,1,1,-1,1,1,-1,1,1,1,-1,1,1,-1,1,-1,-1,-1,1,1,-1,1,1,1,1,-1,1,1,1,-1,-1,1,-1,1,-1,1,-1,1,-1,1,1,1,-1,1,1,-1,-1,1,-1,1,-1,1,1,-1,1,1,-1,1,1,-1,-1,1,1,-1,1,1,1,1,1,1,-1,1,1,1,-1,1,1,1,-1,1,1,-1,1,-1,1,1,-1,1,-1,-1,1,-1,-1,1,-1,-1,-1,1,1,-1,-1,1,-1,-1,1,1,-1,-1,1,-1,-1,-1,-1,-1,-1,1,-1,-1,-1,-1,-1,-1,1,-1,-1,1,1,1,1,1,-1,-1,1,1,-1,-1,1,-1,-1,-1,1,-1,-1,1,1,-1,1,1,1,-1,1,1,-1,-1,1,-1,-1,1,1,-1,-1,1,-1,1,1,-1,-1,1,1,-1,1,1,-1,1,1,-1,1,1,1,1,-1,1,1,-1,-1,1,-1,1,1,1,1,-1,1,1,-1,-1,1,1,1,1,1,-1,1,1,-1,-1,1,1,-1,-1,1,1,-1,1,1,-1,-1,1,-1,-1,1,1,1,-1,-1,1,-1,1,1,-1,-1,1,1,-1,1,1,1,-1,1,1,-1,-1,-1,1,-1,-1,1,-1,1,-1,1,-1,1,1,-1,1,1,-1,-1,1,1,-1,1,-1,1,-1,-1,1,-1,1,1,-1,-1,1,-1,-1,-1,1,1,-1,1,1,1,-1,1,-1,1,-1,1,-1,-1,-1,1,-1,-1,-1,-1,-1,1,1,1,-1,1,1,-1,-1,1,-1,1,-1,1,-1,1,1,1,-1,1,1,-1,1,1,1,-1,-1,1,-1,-1,1,1,1,-1,-1,-1,-1,1,-1,-1,-1,-1,1,-1,1,1,-1,1,-1,-1,-1,1,1,-1,-1,1,-1,-1,1,1,-1,-1,-1,-1,1,-1,1,-1,-1,1,-1,-1,1,1,-1,-1,1,1,-1,1,-1,1,-1,-1,-1,1,-1,1,-1,-1,1,-1,-1,-1,1,1,-1,-1,-1,-1,-1,1,-1,-1,-1,-1,-1,1,-1,1,-1,1,-1,1,-1,1,-1,-1,1,-1,1,1,-1,1,-1,-1,-1,1,1,1,-1,-1,1,1,-1,1,-1,1,1,1,-1,1,-1,-1,-1,-1,1,1,-1,-1,-1,1,1,1,1,1,-1,-1,-1,-1,-1,1,1,-1,-1,-1,1,-1,1,-1,-1,-1,1,-1,1,1,1,-1,-1,-1,1,-1,1,1,-1,-1,1,-1,-1,1,1,-1,-1,1,1,-1,1,1,-1,-1,-1,1,1,1,1,-1,1,-1,1,1,1,-1,1,-1,1,1,1,1,-1,-1,1,-1,1,1,-1,1,-1,-1,-1,1,-1,1,1,-1,-1,-1,1,-1,1,1,-1,1,-1,1,-1,1,1,-1,1,-1,-1,1,1,-1,1,-1,-1,-1,-1,1,1,1,-1,1,-1,-1,1,1,-1,1,-1,-1,1,-1,1,1,1,1,-1,1,1,-1,1,-1,-1,1,1,-1,1,1,1,1,-1,-1,-1,1,1,1,-1,1,1,-1,1,1,1,-1,-1,-1,-1,1,1,-1,1,-1,1,-1,1,1,1,-1,1,-1,-1,1,1,1,-1,1,1,-1,1,1,1,1,1,1,-1,-1,1,1,-1,1,1,-1,-1,1,1,-1,1,1,1,-1,1,1,1,1,1,-1,1,1,-1,1,1,-1,1,-1,1,1,-1,1,-2630.0,1,2000,445,500,True
3057,-1,-1,1,1,1,1,-1,1,-1,-1,-1,1,-1,-1,-1,-1,1,-1,1,1,-1,-1,-1,-1,-1,1,1,1,-1,-1,-1,-1,1,1,1,-1,1,-1,-1,-1,1,-1,-1,-1,-1,-1,1,1,-1,1,-1,-1,1,1,1,1,-1,1,-1,-1,1,1,1,1,-1,-1,-1,1,-1,1,-1,1,-1,-1,1,1,1,-1,1,-1,-1,-1,1,1,1,-1,-1,1,1,1,1,-1,-1,-1,-1,1,1,1,1,1,-1,-1,1,1,-1,1,-1,-1,-1,1,1,1,1,1,-1,-1,1,1,-1,1,-1,-1,-1,1,1,1,1,-1,1,-1,1,1,-1,1,-1,1,-1,1,1,-1,1,-1,1,-1,-1,1,-1,1,1,-1,-1,1,1,-1,-1,1,-1,1,-1,1,-1,1,1,1,-1,-1,1,-1,-1,1,-1,-1,1,1,-1,1,-1,1,-1,1,-1,1,-1,1,-1,-1,1,-1,-1,1,1,1,-1,1,-1,-1,-1,1,1,-1,-1,1,-1,-1,1,1,-1,1,1,-1,-1,1,1,-1,-1,1,-1,-1,-1,1,-1,1,1,-1,-1,-1,1,1,-1,1,-1,-1,1,1,-1,1,1,-1,-1,1,1,-1,-1,-1,-1,-1,-1,1,-1,-1,1,-1,-1,1,-1,1,-1,1,-1,-1,1,1,-1,-1,1,-1,1,-1,-1,-1,-1,1,1,-1,1,1,-1,-1,-1,1,-1,-1,1,-1,1,-1,-1,1,-1,1,-1,-1,-1,-1,1,-1,1,-1,-1,1,1,1,-1,-1,-1,1,-1,1,1,1,-1,1,-1,-1,1,1,-1,-1,-1,1,-1,1,1,1,-1,-1,-1,-1,1,1,-1,1,-1,-1,1,1,1,-1,-1,-1,-1,1,-1,1,-1,-1,-1,-1,-1,1,1,-1,1,-1,-1,1,-1,1,-1,-1,-1,-1,-1,1,1,-1,-1,-1,-1,-1,1,-1,-1,-1,-1,-1,-1,1,-1,-1,-1,1,-1,1,1,-1,-1,1,1,-1,-1,1,1,-1,-1,1,-1,-1,-1,1,-1,-1,-1,1,-1,1,-1,1,-1,-1,-1,-1,1,1,-1,-1,1,1,-1,1,1,-1,1,1,-1,1,1,1,-1,1,1,-1,-1,1,-1,-1,-1,1,-1,1,1,1,-1,-1,1,-1,1,1,-1,-1,-1,1,1,1,-1,-1,-1,-1,1,-1,1,1,1,-1,1,1,1,1,-1,1,-1,-1,1,1,1,1,1,1,-1,1,1,1,1,1,-1,-1,-1,1,1,1,1,-1,1,1,1,-1,1,1,-1,-1,-1,1,1,1,-1,-1,-1,1,1,1,-1,-1,1,-1,1,-1,1,-1,-1,1,-1,1,-1,1,-1,-1,-1,1,-1,-1,1,1,-1,-1,-1,-1,1,1,-1,-1,1,-1,1,-1,1,1,-1,1,-1,-1,-1,1,-1,1,1,-1,1,-1,1,-1,-1,1,-1,-1,-1,-1,1,-1,1,-1,-1,1,-1,1,-1,1,1,1,1,-1,1,-1,1,1,1,-1,1,-1,-1,-1,1,-1,-1,-1,1,1,-1,1,-1,1,-1,1,-1,1,1,-1,1,1,1,1,-1,1,-1,1,-1,1,1,-1,1,-1,-1,1,1,1,-1,1,-1,-1,-1,1,1,-1,1,-1,1,1,1,1,-1,1,-1,-1,1,-1,1,-1,1,-1,-1,-1,1,1,-1,-1,1,1,-1,1,1,-1,1,1,1,1,-1,1,-1,-1,1,1,-1,1,-1,-1,1,1,1,1,-1,-1,-1,1,-1,1,1,-1,1,-1,-1,1,1,1,-1,1,-1,-1,1,1,1,-1,1,1,-1,1,1,1,1,-1,1,-1,1,1,1,-1,1,1,-1,1,1,1,1,1,1,-1,1,1,1,-1,1,1,-1,1,1,-1,-1,1,1,-1,1,1,1,-1,1,1,-1,1,1,1,1,1,-1,-1,1,1,1,1,1,-1,-1,1,1,-1,-1,1,-1,-1,1,1,1,1,1,1,-1,1,1,-1,1,1,-1,-1,1,1,1,1,1,1,-1,1,1,-1,1,1,1,-1,1,-1,1,1,1,1,-1,1,1,1,1,1,-1,1,1,-1,1,1,1,1,-1,1,-1,-1,1,1,1,-1,-1,1,1,1,1,1,-1,1,1,1,1,1,1,1,1,1,-1,1,1,1,1,1,1,-1,1,1,1,1,1,-1,-1,1,1,1,1,1,-1,-1,1,-1,1,1,1,-1,1,1,1,1,1,-1,1,-1,1,1,-1,1,1,1,-1,-1,1,1,-1,1,1,-1,1,-1,1,1,1,-1,-1,-1,1,1,1,1,1,-1,1,-1,1,1,-1,1,-1,-1,-1,-1,1,-1,1,-1,1,1,-1,1,1,1,-1,1,1,-1,1,1,1,-1,1,-1,1,1,1,-1,-1,1,-1,-1,-1,1,1,1,1,-1,1,1,1,1,-1,1,-1,-1,1,1,1,-1,1,-1,1,1,1,1,-1,-1,-1,-1,-1,1,1,-1,1,-1,-1,1,1,1,-1,-1,-1,-1,-1,1,1,1,1,-1,-1,-1,1,1,1,-1,-1,-1,-1,1,1,1,1,-1,-1,-1,1,1,-1,-1,-1,-1,-1,1,1,-1,1,-1,-1,1,1,1,1,1,-1,-1,-1,1,1,-1,1,-1,-1,1,1,-1,-1,-1,-1,-1,-1,1,1,-1,1,-1,-1,1,-1,1,-1,1,-1,-1,-1,1,-1,-1,-1,-1,-1,1,-1,1,-1,-1,-1,-1,1,-1,1,-1,-1,-1,-1,-1,1,-1,-1,-1,-1,1,1,1,-1,1,-1,1,-1,1,-1,1,-1,1,-1,1,1,-1,-1,-1,-1,-1,1,1,-1,1,-1,1,-1,1,1,1,-1,1,-1,1,1,1,-1,-1,-1,1,-1,1,1,-1,-1,1,1,-1,1,1,-1,-1,1,1,1,1,1,1,-1,-1,1,-1,1,1,1,-1,1,1,-1,-1,1,-1,-1,1,1,1,1,1,1,-1,-1,1,1,-1,1,-1,1,-1,1,1,-1,1,1,-1,-1,1,-2630.0,1,2000,445,500,True
3058,-1,-1,1,1,1,1,-1,1,-1,-1,-1,1,-1,-1,-1,-1,1,-1,1,-1,-1,-1,-1,-1,-1,1,-1,-1,-1,-1,-1,-1,1,-1,-1,-1,1,-1,-1,1,-1,-1,-1,-1,-1,-1,-1,1,-1,1,-1,-1,1,1,-1,1,-1,1,-1,-1,-1,1,-1,1,-1,-1,-1,-1,1,-1,-1,1,-1,-1,1,1,1,-1,1,-1,-1,-1,1,-1,1,-1,-1,1,1,1,1,-1,-1,-1,-1,1,-1,1,1,1,-1,-1,1,1,-1,1,-1,-1,-1,1,1,1,1,1,-1,-1,1,1,1,1,-1,-1,-1,1,1,1,1,-1,1,-1,1,1,-1,1,-1,-1,-1,1,1,-1,1,-1,-1,-1,-1,1,1,1,1,-1,-1,1,1,1,-1,1,-1,-1,-1,1,-1,-1,1,-1,1,-1,1,-1,1,-1,1,-1,1,1,-1,1,-1,-1,-1,1,-1,1,-1,1,-1,-1,1,-1,-1,1,-1,1,-1,1,-1,-1,-1,1,-1,-1,1,1,-1,-1,1,1,1,1,1,-1,1,-1,1,1,-1,1,-1,-1,1,1,-1,1,1,-1,-1,-1,1,-1,1,1,-1,-1,-1,1,-1,1,1,-1,-1,1,1,-1,1,-1,-1,-1,-1,1,-1,1,-1,-1,-1,1,-1,-1,1,-1,-1,-1,1,1,1,-1,1,-1,1,-1,-1,1,-1,-1,1,-1,1,1,-1,-1,-1,1,1,-1,1,-1,-1,1,-1,1,-1,1,-1,-1,-1,-1,1,-1,-1,-1,1,-1,1,1,-1,-1,-1,-1,-1,1,1,1,-1,1,-1,-1,1,1,-1,-1,-1,1,-1,1,1,1,-1,-1,-1,-1,1,1,-1,-1,-1,-1,1,1,1,-1,-1,-1,-1,1,-1,1,-1,-1,-1,-1,-1,1,1,-1,1,-1,1,1,1,1,-1,-1,-1,-1,-1,-1,1,-1,-1,-1,-1,-1,-1,-1,-1,-1,-1,-1,-1,-1,-1,-1,-1,1,1,-1,-1,-1,-1,1,1,-1,1,-1,1,-1,-1,1,-1,1,-1,1,-1,-1,-1,1,-1,1,-1,-1,-1,-1,-1,1,-1,1,-1,-1,1,1,1,-1,-1,-1,-1,1,1,-1,-1,-1,-1,-1,1,1,-1,-1,-1,-1,-1,1,1,1,1,1,-1,-1,1,1,1,-1,-1,-1,-1,1,-1,1,1,1,-1,1,-1,1,1,-1,-1,-1,1,1,1,1,1,1,-1,-1,1,1,1,-1,-1,-1,-1,-1,1,1,-1,1,-1,-1,1,-1,1,1,-1,1,-1,1,1,-1,1,1,-1,1,1,1,1,1,-1,-1,1,1,-1,1,-1,1,-1,1,1,-1,1,1,1,-1,1,1,-1,1,-1,-1,-1,1,1,-1,1,-1,1,-1,-1,1,-1,1,-1,-1,1,-1,1,-1,1,-1,1,-1,1,1,-1,-1,-1,1,-1,-1,1,-1,1,-1,1,1,-1,1,-1,-1,1,1,-1,-1,1,1,-1,1,1,1,1,1,1,-1,1,1,1,-1,-1,-1,1,-1,1,1,-1,1,-1,1,-1,-1,1,1,-1,1,-1,-1,-1,1,1,-1,1,1,-1,1,-1,1,-1,1,1,-1,1,-1,1,-1,-1,-1,-1,1,-1,1,-1,-1,-1,-1,1,-1,1,-1,1,1,1,-1,-1,1,-1,1,1,-1,1,-1,1,-1,-1,1,-1,1,-1,-1,1,1,1,1,1,-1,-1,1,1,1,-1,1,-1,1,1,1,1,-1,-1,-1,1,1,1,1,-1,-1,-1,1,-1,1,-1,1,1,-1,-1,1,1,1,-1,1,-1,-1,1,1,1,1,1,1,1,1,1,1,1,-1,1,-1,1,1,1,-1,1,1,-1,1,1,1,1,1,1,-1,1,1,1,-1,1,1,-1,1,1,-1,1,1,1,1,1,1,1,1,1,1,-1,1,1,1,1,1,-1,-1,1,1,1,1,1,1,-1,1,1,1,1,1,-1,-1,1,1,1,1,1,1,-1,1,1,-1,1,1,1,-1,1,1,1,1,1,1,-1,1,1,1,1,1,1,-1,1,1,-1,1,1,1,1,1,1,-1,-1,1,1,-1,1,1,-1,-1,1,1,1,1,-1,1,-1,1,1,-1,-1,1,1,-1,1,1,1,-1,1,1,-1,1,1,-1,1,1,1,-1,1,1,1,1,1,-1,1,1,-1,1,1,-1,1,-1,1,1,1,1,-1,-1,-1,-1,1,1,1,-1,-1,-1,1,1,1,-1,1,-1,-1,1,-1,1,1,1,-1,-1,1,1,1,1,1,1,-1,-1,1,-1,1,-1,-1,-1,1,1,1,1,1,-1,-1,-1,1,1,-1,1,-1,-1,-1,-1,1,-1,1,-1,1,1,-1,1,-1,1,-1,1,1,-1,1,1,1,-1,1,-1,1,-1,1,-1,-1,1,1,-1,1,1,-1,1,1,-1,1,1,1,-1,1,1,-1,-1,-1,1,-1,1,1,1,1,-1,1,1,-1,-1,-1,-1,-1,1,1,-1,1,-1,-1,1,1,-1,1,-1,1,-1,-1,1,1,-1,1,-1,-1,-1,1,1,-1,1,-1,-1,-1,1,1,-1,1,1,-1,-1,1,1,-1,1,-1,-1,-1,1,-1,-1,1,-1,-1,1,1,-1,1,1,-1,-1,1,1,-1,-1,1,-1,1,-1,1,-1,-1,1,1,-1,1,1,1,-1,1,1,-1,-1,1,1,-1,1,1,-1,1,-1,1,-1,-1,1,-1,1,-1,1,-1,-1,1,-1,1,-1,1,1,-1,1,-1,-1,1,-1,1,-1,1,-1,1,1,-1,1,-1,1,1,1,-1,1,-1,1,-1,1,1,-1,1,-1,-1,-1,-1,1,-1,1,-1,1,-1,1,1,1,1,-1,-1,1,1,1,-1,1,1,1,1,-1,1,-1,1,1,1,1,1,1,-1,1,-1,1,1,1,1,1,1,1,1,1,1,1,1,1,-1,1,-1,-1,1,-1,1,-1,1,1,1,1,1,1,1,1,1,-1,1,-1,1,-1,1,1,-1,1,1,-1,1,1,-2630.0,1,2000,445,500,True
3059,1,1,-1,-1,1,-1,1,1,1,1,1,-1,1,1,1,1,-1,1,-1,-1,1,1,1,1,1,-1,1,1,1,1,1,1,1,-1,1,1,-1,1,1,-1,-1,1,1,1,1,1,-1,-1,1,-1,1,1,1,1,-1,1,1,-1,1,1,1,-1,-1,-1,1,1,1,-1,-1,1,1,-1,1,1,-1,1,1,1,-1,1,1,-1,-1,1,-1,1,1,-1,-1,1,1,1,-1,1,-1,-1,1,-1,-1,-1,1,-1,-1,1,-1,-1,-1,1,-1,-1,1,1,-1,-1,1,1,-1,1,1,-1,-1,1,1,-1,1,1,-1,-1,1,-1,-1,1,-1,-1,-1,-1,-1,-1,1,-1,-1,-1,-1,1,-1,1,1,-1,-1,-1,1,-1,-1,1,1,-1,1,-1,-1,1,-1,1,-1,-1,1,-1,1,-1,1,-1,-1,-1,-1,1,-1,-1,-1,1,-1,-1,-1,1,1,-1,-1,-1,1,-1,-1,-1,-1,-1,-1,1,-1,-1,1,-1,-1,-1,1,1,-1,1,-1,-1,-1,-1,-1,-1,1,-1,1,1,-1,-1,-1,1,-1,1,-1,1,1,-1,1,1,-1,-1,1,1,-1,1,-1,-1,1,-1,1,-1,1,-1,-1,-1,1,1,-1,1,1,-1,-1,-1,1,-1,1,-1,-1,-1,1,-1,-1,1,-1,1,-1,1,1,-1,1,1,-1,-1,1,-1,1,1,1,-1,-1,1,-1,1,1,1,1,-1,1,1,-1,1,1,1,-1,-1,1,-1,1,-1,-1,-1,-1,1,1,1,1,-1,-1,1,1,-1,1,1,1,-1,-1,1,1,1,1,1,-1,1,1,1,1,-1,1,-1,-1,-1,1,1,1,1,-1,-1,1,1,1,1,-1,-1,-1,1,-1,1,1,-1,-1,-1,-1,1,1,1,1,-1,-1,1,-1,1,1,-1,-1,-1,-1,1,1,1,1,-1,-1,-1,1,-1,1,1,-1,-1,-1,1,-1,1,1,1,-1,1,1,-1,1,-1,-1,-1,-1,1,1,-1,1,1,-1,-1,-1,1,-1,1,-1,1,-1,1,-1,-1,1,-1,-1,-1,1,1,-1,1,-1,1,-1,1,-1,1,-1,1,-1,-1,1,-1,1,-1,1,-1,1,1,-1,-1,-1,1,-1,1,1,1,-1,-1,1,-1,-1,1,-1,-1,1,-1,1,1,-1,1,-1,1,-1,1,-1,1,-1,-1,1,1,1,-1,1,1,-1,-1,1,1,-1,-1,-1,-1,-1,1,1,-1,1,1,-1,1,-1,1,1,-1,-1,1,-1,1,1,-1,1,1,-1,1,1,1,1,-1,-1,-1,1,1,1,-1,1,1,-1,1,1,-1,-1,1,1,-1,1,1,1,1,-1,-1,-1,1,1,1,-1,1,1,1,-1,1,1,1,-1,-1,1,-1,1,1,1,-1,1,-1,1,1,1,1,-1,1,-1,-1,1,1,1,-1,1,1,-1,1,1,1,1,1,-1,-1,1,1,1,1,1,1,1,1,1,1,1,1,1,-1,1,1,1,-1,1,1,-1,1,-1,1,1,1,-1,-1,-1,1,-1,-1,1,-1,-1,-1,1,1,-1,-1,1,-1,-1,1,1,-1,-1,1,-1,-1,-1,-1,-1,-1,1,-1,-1,-1,-1,-1,-1,1,-1,-1,1,1,1,1,1,-1,1,1,1,-1,-1,1,-1,1,-1,1,-1,-1,1,1,-1,1,1,1,-1,1,1,-1,-1,1,-1,-1,1,1,-1,-1,1,-1,1,1,-1,-1,1,1,-1,1,1,-1,1,1,-1,1,1,1,1,-1,1,1,-1,-1,1,-1,1,1,1,1,-1,1,1,-1,-1,1,1,1,1,1,-1,1,1,-1,-1,1,1,-1,-1,1,1,-1,1,1,-1,-1,1,-1,-1,1,1,1,-1,-1,1,-1,1,1,-1,-1,1,1,-1,1,1,1,-1,-1,1,-1,1,-1,1,-1,-1,1,-1,1,-1,1,-1,1,1,-1,1,1,-1,-1,1,1,-1,1,-1,1,1,-1,1,-1,1,1,1,-1,1,1,-1,1,1,1,-1,1,1,-1,-1,1,-1,1,-1,1,-1,-1,1,1,-1,1,-1,-1,1,-1,-1,1,-1,1,-1,-1,-1,1,-1,1,-1,-1,-1,1,1,-1,1,-1,-1,-1,1,1,1,1,-1,-1,1,1,1,1,1,-1,-1,1,1,1,1,-1,-1,-1,1,1,1,1,-1,1,-1,1,1,1,-1,-1,-1,1,1,1,1,1,-1,-1,-1,1,-1,1,-1,-1,-1,1,1,1,1,1,-1,-1,1,1,1,1,1,1,-1,-1,1,-1,1,-1,-1,-1,-1,1,1,1,1,1,-1,1,1,1,1,1,-1,-1,1,1,1,-1,1,-1,-1,-1,1,1,1,1,-1,-1,1,1,1,1,-1,1,-1,1,1,-1,1,-1,-1,-1,1,1,-1,1,1,-1,1,1,1,-1,1,1,-1,-1,1,1,-1,1,1,-1,-1,1,1,-1,1,1,-1,-1,1,1,-1,-1,1,-1,-1,1,1,-1,1,1,-1,1,1,1,-1,-1,1,1,-1,-1,1,1,-1,1,1,-1,1,1,-1,-1,1,1,1,1,-1,-1,-1,1,1,-1,1,-1,-1,1,1,1,-1,1,-1,-1,-1,1,1,-1,-1,1,1,1,-1,1,-1,-1,-1,-1,1,1,1,-1,1,-1,-1,1,1,1,-1,1,-1,1,-1,1,-1,1,1,-1,1,1,-1,1,-1,-1,-1,1,-1,1,1,-1,1,-1,1,-1,1,-1,-1,1,-1,-1,1,-1,-1,1,1,-1,1,1,-1,-1,1,-1,1,1,-1,1,1,1,-1,1,1,-1,1,1,-1,-1,-1,1,-1,-1,1,1,-1,1,1,1,-1,-1,-1,1,1,1,-1,-1,1,1,-1,-1,1,-1,-1,-1,1,1,1,1,-1,-1,1,1,-1,1,1,1,-1,1,1,-1,1,1,1,-1,-1,1,1,1,1,-1,-1,1,-1,-1,1,1,1,-1,-1,1,-1,1,1,-1,1,-1,1,1,-1,1,1,-1,-1,1,-2630.0,1,2000,445,500,True
3060,-1,-1,1,1,1,1,-1,1,-1,-1,-1,1,-1,-1,-1,-1,1,-1,1,-1,-1,1,-1,-1,-1,1,-1,-1,-1,-1,-1,-1,1,-1,-1,1,1,-1,-1,1,-1,-1,1,-1,-1,-1,1,1,-1,-1,1,-1,1,1,-1,1,-1,1,-1,-1,1,1,-1,1,-1,-1,-1,1,1,-1,1,-1,-1,-1,1,1,1,1,-1,-1,-1,-1,1,-1,-1,-1,-1,1,1,1,1,-1,-1,-1,-1,1,-1,1,-1,1,-1,-1,1,1,-1,-1,-1,-1,1,1,1,1,-1,1,-1,-1,1,1,1,-1,-1,1,-1,1,1,1,-1,-1,1,-1,1,1,-1,-1,1,-1,-1,1,1,-1,-1,-1,1,-1,-1,1,1,-1,-1,1,-1,1,1,1,1,-1,1,1,-1,1,-1,-1,-1,1,-1,-1,1,-1,-1,1,-1,-1,1,1,-1,-1,1,1,1,1,-1,1,1,1,-1,-1,1,-1,-1,-1,1,1,-1,1,-1,-1,-1,1,1,-1,1,-1,-1,-1,-1,1,-1,1,1,-1,-1,1,1,-1,1,-1,-1,-1,1,1,-1,1,1,-1,-1,-1,1,1,-1,1,-1,-1,1,1,-1,1,1,-1,-1,1,1,-1,1,-1,-1,-1,1,1,-1,-1,1,-1,-1,1,-1,1,1,-1,-1,-1,1,1,-1,1,1,-1,1,-1,-1,-1,1,1,1,-1,-1,1,-1,1,-1,1,1,-1,1,-1,1,1,-1,1,-1,1,-1,1,1,-1,1,-1,-1,-1,-1,1,1,1,-1,-1,-1,1,1,-1,1,1,-1,1,-1,1,1,1,-1,-1,-1,1,1,1,1,1,-1,-1,-1,1,1,1,-1,-1,-1,-1,1,1,1,-1,-1,-1,1,1,-1,1,-1,-1,-1,-1,1,1,1,-1,1,-1,-1,1,-1,1,-1,-1,-1,-1,-1,1,1,-1,-1,-1,-1,-1,1,-1,-1,-1,-1,-1,1,1,-1,-1,-1,1,-1,-1,1,-1,-1,1,1,-1,-1,1,1,-1,-1,1,-1,1,-1,1,-1,-1,-1,1,-1,1,-1,-1,-1,-1,-1,-1,1,1,-1,-1,1,1,-1,1,-1,1,-1,1,-1,1,1,-1,-1,-1,1,-1,-1,1,-1,-1,-1,1,-1,1,1,1,-1,-1,1,-1,1,1,-1,-1,-1,1,1,1,-1,1,-1,1,1,-1,1,1,-1,-1,1,1,1,1,-1,1,-1,-1,1,1,1,1,-1,-1,-1,-1,1,1,1,1,-1,-1,1,1,1,1,-1,1,-1,1,1,-1,1,1,-1,1,1,1,1,1,-1,-1,1,1,1,1,-1,1,-1,1,1,-1,1,-1,1,-1,1,1,-1,1,-1,-1,-1,1,1,-1,1,1,1,-1,-1,1,1,1,-1,-1,1,-1,1,-1,1,1,1,-1,1,1,1,-1,-1,1,-1,-1,1,-1,1,-1,1,1,-1,1,1,-1,1,1,-1,-1,1,1,-1,1,1,1,1,1,1,-1,1,1,1,-1,-1,1,1,-1,1,1,-1,1,-1,1,1,-1,1,1,-1,1,-1,-1,1,-1,1,-1,1,1,-1,1,1,1,-1,1,1,-1,-1,1,1,-1,-1,-1,-1,1,1,1,-1,-1,-1,-1,1,1,1,-1,1,1,1,-1,1,1,-1,1,1,-1,1,1,1,-1,-1,1,-1,-1,1,1,1,1,1,1,1,1,1,1,1,1,-1,1,1,-1,1,1,1,-1,1,1,-1,1,1,1,-1,1,1,1,-1,1,-1,1,-1,1,-1,1,1,1,-1,1,1,1,1,1,1,1,1,1,-1,1,1,1,1,1,1,-1,1,-1,1,-1,1,-1,1,1,1,1,1,1,1,-1,1,1,1,-1,1,1,-1,1,1,-1,1,1,-1,-1,1,1,1,1,1,1,-1,1,1,1,1,1,-1,-1,1,1,1,1,1,-1,-1,1,1,1,1,1,-1,-1,1,1,1,1,1,1,-1,1,1,-1,1,1,-1,-1,1,1,1,1,1,1,-1,1,1,1,1,1,-1,-1,1,1,-1,1,1,1,-1,1,1,-1,-1,1,-1,1,1,1,-1,-1,1,1,-1,1,-1,1,-1,1,1,-1,-1,1,1,-1,1,1,-1,1,1,1,-1,1,1,1,1,1,1,-1,1,1,1,1,1,-1,1,1,1,1,1,-1,1,-1,1,1,1,1,-1,-1,-1,-1,1,1,1,-1,-1,-1,1,1,1,-1,1,-1,-1,1,-1,1,1,1,-1,-1,1,1,1,1,1,-1,-1,-1,1,1,1,-1,-1,-1,1,1,1,1,1,-1,-1,-1,1,1,1,1,-1,-1,-1,-1,-1,-1,1,-1,1,1,-1,1,1,1,-1,-1,1,-1,1,1,1,-1,-1,-1,1,1,1,-1,-1,1,-1,-1,-1,1,1,1,1,-1,1,-1,1,1,-1,-1,-1,-1,-1,1,1,-1,1,-1,1,-1,1,1,-1,-1,-1,-1,-1,-1,1,-1,1,-1,-1,1,-1,1,-1,-1,1,-1,-1,-1,1,1,1,-1,-1,-1,-1,1,1,-1,-1,-1,1,-1,1,1,1,1,-1,-1,-1,1,-1,-1,-1,-1,-1,-1,1,-1,1,-1,-1,-1,1,-1,1,1,-1,-1,-1,-1,1,-1,1,-1,1,-1,1,-1,-1,1,1,-1,1,-1,1,-1,1,1,-1,1,-1,1,-1,1,1,-1,1,1,-1,-1,-1,1,-1,1,-1,1,-1,-1,1,-1,1,-1,1,-1,-1,1,-1,-1,1,-1,-1,-1,1,-1,1,1,-1,1,-1,1,1,1,-1,1,-1,1,-1,1,1,-1,1,-1,-1,-1,-1,1,-1,1,-1,1,-1,1,1,1,-1,1,-1,1,1,1,-1,-1,-1,1,1,-1,1,-1,-1,1,1,1,1,1,-1,-1,1,1,1,1,1,1,-1,-1,1,1,1,1,1,-1,1,1,-1,-1,1,-1,-1,1,1,1,1,1,1,-1,-1,1,1,-1,1,-1,1,-1,1,1,-1,1,1,-1,-1,1,-2630.0,1,2000,445,500,True
3061,1,1,-1,-1,1,1,-1,1,1,1,1,-1,-1,1,1,1,-1,1,-1,-1,-1,1,1,1,1,1,-1,-1,1,1,1,1,-1,-1,-1,1,-1,1,1,1,-1,-1,1,1,1,1,1,1,-1,-1,1,1,-1,1,-1,-1,-1,-1,1,1,1,-1,-1,-1,1,1,1,1,1,-1,1,-1,1,1,1,1,-1,1,1,1,1,-1,1,-1,-1,1,1,1,1,1,1,1,-1,1,1,1,-1,-1,-1,-1,1,1,1,1,-1,-1,-1,1,1,1,1,-1,-1,-1,1,1,1,1,1,-1,-1,1,1,1,1,-1,-1,-1,1,1,1,1,-1,-1,-1,-1,1,1,1,-1,-1,-1,-1,1,1,1,1,-1,-1,-1,1,1,1,-1,1,-1,-1,-1,1,1,-1,1,-1,-1,1,-1,1,-1,1,-1,-1,-1,1,1,-1,-1,-1,1,1,1,-1,1,1,-1,-1,-1,1,-1,-1,-1,-1,-1,-1,1,-1,-1,1,-1,-1,-1,1,-1,-1,1,-1,-1,1,1,1,-1,1,-1,1,1,-1,-1,-1,1,1,1,-1,1,1,-1,1,1,-1,-1,-1,1,-1,1,1,-1,1,1,1,-1,1,1,-1,-1,-1,-1,-1,1,1,-1,-1,-1,1,-1,1,-1,-1,-1,1,-1,-1,1,1,1,-1,-1,1,-1,1,-1,-1,-1,-1,1,-1,1,-1,-1,-1,-1,1,-1,1,-1,1,-1,-1,1,-1,1,-1,1,-1,-1,1,-1,1,1,-1,-1,-1,1,1,1,-1,-1,-1,-1,1,-1,1,1,1,-1,-1,1,1,1,-1,-1,-1,1,-1,1,-1,1,-1,-1,-1,-1,1,1,-1,1,-1,-1,1,1,1,-1,1,-1,-1,1,-1,1,-1,1,-1,-1,-1,1,1,-1,1,-1,-1,1,-1,1,-1,-1,-1,-1,-1,1,1,-1,-1,-1,-1,-1,1,-1,-1,-1,-1,-1,-1,-1,-1,-1,-1,1,-1,1,1,-1,-1,1,1,-1,-1,1,1,-1,-1,1,-1,-1,-1,1,-1,-1,-1,1,-1,1,-1,-1,-1,-1,-1,-1,1,1,-1,-1,1,1,-1,1,-1,-1,-1,1,-1,1,1,-1,-1,-1,1,-1,-1,1,-1,-1,-1,1,-1,1,-1,1,-1,-1,1,-1,1,-1,-1,-1,-1,1,1,1,-1,1,-1,-1,1,-1,1,-1,-1,-1,1,1,1,1,-1,1,-1,-1,1,1,1,1,-1,-1,-1,-1,1,1,1,1,-1,-1,1,1,1,1,-1,1,-1,1,1,-1,1,1,-1,-1,1,1,1,1,-1,-1,1,1,1,1,-1,1,-1,1,1,-1,1,-1,1,-1,1,1,-1,1,-1,-1,-1,1,1,-1,1,-1,1,-1,1,1,1,1,-1,-1,1,-1,1,-1,1,1,1,-1,1,1,1,-1,1,1,-1,1,1,-1,1,-1,1,1,1,1,1,-1,1,1,-1,1,1,1,-1,1,1,1,-1,1,1,-1,1,1,1,1,-1,1,1,-1,1,1,-1,1,-1,1,-1,1,-1,-1,-1,1,-1,-1,1,-1,-1,-1,1,1,-1,1,1,-1,-1,1,1,-1,-1,1,-1,-1,-1,-1,-1,-1,1,-1,-1,-1,-1,-1,-1,1,-1,-1,1,1,1,1,1,-1,-1,1,1,-1,-1,1,-1,-1,-1,1,-1,-1,1,1,-1,1,1,1,-1,1,-1,1,1,1,-1,-1,-1,1,-1,1,1,-1,1,1,-1,1,1,1,-1,1,1,-1,-1,1,-1,1,1,1,-1,1,1,1,-1,-1,1,1,1,1,1,1,-1,1,1,1,1,1,1,1,1,-1,1,1,1,-1,-1,1,1,1,1,1,1,-1,1,1,1,1,1,1,-1,1,1,-1,1,-1,1,-1,1,1,1,1,1,1,-1,1,1,1,1,1,-1,-1,1,-1,1,1,1,-1,-1,1,-1,1,1,1,1,-1,1,1,1,1,1,-1,-1,1,-1,1,1,-1,-1,-1,1,1,1,1,1,-1,-1,1,1,-1,1,1,-1,-1,-1,1,-1,1,1,-1,-1,-1,1,1,1,-1,-1,-1,1,-1,-1,1,-1,-1,-1,-1,-1,1,-1,1,-1,-1,-1,1,1,1,1,-1,-1,-1,1,1,-1,1,-1,-1,-1,1,1,1,1,-1,-1,-1,1,1,1,-1,1,-1,1,1,1,-1,1,-1,-1,1,1,1,-1,-1,-1,1,1,1,1,-1,-1,-1,-1,-1,-1,1,-1,-1,-1,-1,1,1,1,1,-1,-1,-1,1,1,1,1,-1,-1,1,-1,1,1,-1,-1,-1,-1,-1,1,1,1,-1,-1,1,-1,1,-1,1,-1,-1,-1,-1,-1,1,1,-1,1,-1,-1,1,1,1,-1,-1,1,-1,1,1,1,-1,-1,-1,1,1,1,-1,-1,-1,-1,-1,-1,1,1,1,1,-1,1,1,1,1,-1,-1,-1,-1,1,1,1,-1,1,-1,-1,-1,1,1,-1,-1,1,-1,-1,1,1,-1,1,-1,-1,1,1,1,-1,-1,1,-1,-1,1,1,1,1,1,-1,-1,1,1,1,-1,1,-1,1,-1,1,1,1,1,-1,-1,1,1,-1,-1,-1,-1,-1,1,1,-1,1,-1,-1,-1,1,1,1,1,1,-1,-1,1,1,-1,1,-1,1,-1,1,-1,-1,1,1,-1,1,-1,1,-1,1,1,-1,1,-1,1,-1,1,1,-1,1,1,-1,-1,-1,1,-1,1,-1,1,-1,-1,1,1,1,-1,1,-1,-1,1,-1,-1,1,-1,-1,-1,1,-1,1,1,-1,1,-1,1,1,1,-1,1,-1,1,1,1,-1,1,1,-1,-1,1,-1,1,-1,1,-1,1,1,-1,1,1,-1,1,-1,1,1,1,-1,1,-1,1,1,1,1,-1,-1,1,1,1,1,1,-1,-1,1,1,1,1,1,1,-1,-1,-1,1,1,1,1,-1,1,1,1,1,1,1,-1,1,1,1,1,1,1,-1,-1,1,1,1,1,1,1,-1,1,1,-1,1,1,-1,1,1,-2630.0,1,2000,445,500,True
3062,1,1,1,1,1,1,-1,-1,1,-1,-1,1,-1,1,1,1,1,-1,1,-1,-1,-1,1,-1,-1,1,-1,-1,1,1,-1,-1,1,-1,-1,-1,1,1,-1,1,-1,-1,-1,1,-1,-1,1,1,-1,1,1,-1,1,1,-1,-1,1,-1,1,-1,1,1,-1,-1,1,1,-1,1,1,-1,-1,1,-1,-1,1,1,-1,-1,1,-1,-1,-1,1,-1,1,-1,-1,1,1,1,1,1,-1,1,-1,1,-1,-1,1,1,-1,-1,1,1,-1,1,-1,-1,-1,1,1,-1,1,-1,1,-1,1,1,1,1,-1,-1,-1,1,1,-1,1,-1,1,-1,1,1,-1,1,-1,1,-1,1,1,-1,1,-1,1,-1,-1,1,1,1,1,-1,-1,1,1,-1,-1,1,-1,1,-1,1,-1,1,1,1,-1,-1,1,-1,-1,1,-1,-1,1,1,-1,1,-1,1,1,1,-1,1,-1,1,-1,-1,1,-1,-1,1,1,1,-1,1,-1,-1,1,1,1,-1,1,-1,-1,-1,1,1,-1,1,1,-1,-1,1,1,-1,1,-1,-1,-1,1,1,-1,1,1,-1,-1,-1,1,1,-1,1,-1,-1,1,1,-1,1,1,-1,-1,1,1,-1,1,-1,-1,-1,-1,1,-1,-1,1,-1,-1,1,1,1,1,-1,-1,-1,1,1,-1,1,1,-1,1,-1,-1,-1,1,-1,1,-1,1,-1,-1,1,-1,1,-1,-1,1,-1,-1,1,-1,1,-1,1,-1,1,1,-1,1,-1,-1,-1,1,1,1,1,-1,-1,-1,1,1,-1,1,1,-1,-1,-1,1,1,1,-1,-1,-1,1,-1,1,1,1,-1,-1,1,-1,1,1,-1,-1,-1,1,-1,1,1,-1,-1,-1,1,-1,-1,1,-1,-1,1,-1,-1,1,1,-1,-1,1,-1,1,-1,1,-1,1,1,1,-1,1,1,-1,-1,1,1,-1,1,-1,-1,-1,1,1,-1,-1,-1,-1,-1,1,1,-1,1,-1,-1,1,1,1,-1,1,1,-1,-1,1,1,-1,-1,1,-1,-1,1,1,-1,1,-1,-1,-1,-1,-1,-1,1,1,-1,-1,1,1,-1,1,-1,-1,-1,1,1,1,1,-1,-1,1,1,1,-1,1,-1,-1,-1,-1,1,1,-1,1,-1,-1,1,-1,1,-1,-1,-1,-1,1,-1,1,-1,1,-1,-1,1,-1,1,-1,-1,-1,1,1,-1,1,-1,1,-1,-1,1,-1,1,-1,-1,-1,-1,1,-1,-1,1,1,-1,-1,1,-1,1,1,-1,1,-1,1,-1,1,-1,1,-1,-1,1,-1,-1,-1,-1,-1,1,1,-1,1,-1,1,-1,1,-1,1,1,-1,1,-1,1,-1,-1,1,-1,-1,-1,1,-1,1,-1,-1,1,-1,1,-1,-1,1,-1,-1,1,-1,1,-1,-1,-1,1,-1,1,1,-1,-1,-1,1,-1,1,-1,-1,1,-1,1,1,1,1,-1,-1,1,1,-1,1,1,-1,-1,1,1,1,-1,1,1,-1,1,1,1,1,-1,-1,1,-1,-1,-1,1,-1,1,1,-1,1,-1,1,-1,1,-1,-1,-1,1,1,-1,1,1,-1,-1,-1,1,-1,1,1,-1,1,-1,1,-1,-1,-1,-1,-1,-1,1,-1,-1,-1,-1,-1,-1,1,-1,1,1,1,1,-1,1,-1,1,1,-1,-1,-1,1,-1,-1,1,-1,1,-1,-1,1,1,1,1,-1,-1,1,1,1,1,-1,1,-1,-1,1,1,1,-1,-1,-1,1,1,1,1,-1,1,-1,1,-1,1,-1,1,1,-1,-1,1,1,1,-1,-1,-1,-1,1,1,1,1,-1,1,-1,1,1,1,1,-1,1,-1,1,1,1,-1,-1,1,-1,1,1,1,1,-1,1,-1,1,1,1,1,-1,1,-1,1,1,-1,1,-1,1,-1,1,1,1,1,-1,1,-1,1,1,1,-1,-1,-1,-1,1,1,1,-1,1,-1,-1,1,1,1,1,1,-1,-1,1,1,1,-1,-1,1,-1,1,1,-1,-1,1,-1,-1,1,1,1,-1,1,-1,-1,1,1,1,-1,1,1,-1,1,1,1,-1,-1,1,-1,1,1,1,-1,1,-1,1,1,-1,-1,-1,1,1,-1,1,-1,-1,-1,1,1,-1,1,1,1,-1,1,1,-1,1,-1,1,-1,1,1,1,1,-1,1,-1,1,1,1,1,1,-1,-1,1,1,1,1,-1,-1,1,1,1,1,1,-1,-1,-1,-1,1,1,1,-1,1,1,1,1,1,1,-1,-1,-1,1,-1,1,1,-1,1,1,1,1,1,1,1,-1,1,-1,1,1,1,-1,1,1,1,1,1,1,-1,-1,1,-1,1,1,1,-1,1,1,-1,-1,-1,-1,-1,1,1,1,-1,1,1,-1,1,1,1,-1,1,-1,1,1,1,-1,1,1,-1,-1,1,1,-1,-1,-1,1,-1,1,1,-1,1,-1,-1,-1,1,1,-1,-1,-1,1,-1,1,1,-1,1,-1,-1,-1,1,1,-1,-1,-1,1,-1,1,1,-1,-1,-1,-1,-1,1,-1,-1,-1,-1,-1,1,1,1,-1,-1,-1,1,-1,1,1,-1,-1,1,-1,1,1,1,1,-1,-1,-1,1,-1,1,-1,-1,-1,-1,1,-1,1,-1,-1,-1,-1,1,-1,1,-1,-1,1,1,1,-1,1,-1,1,-1,1,-1,-1,1,1,-1,1,-1,1,-1,1,1,-1,1,1,1,-1,1,1,-1,1,1,-1,-1,-1,1,-1,1,-1,1,-1,1,1,1,1,-1,1,-1,1,1,-1,-1,1,-1,-1,-1,1,-1,1,1,-1,1,1,1,1,1,-1,1,-1,1,1,1,1,1,1,-1,-1,1,1,1,-1,1,1,1,1,-1,1,1,-1,1,-1,1,1,1,-1,1,1,1,1,1,1,-1,-1,1,1,1,1,1,-1,-1,1,1,1,1,1,1,-1,1,1,1,1,1,1,-1,1,1,1,1,1,-1,-1,1,1,1,1,1,1,-1,1,1,1,1,1,-1,1,-1,1,1,-1,1,1,-1,1,1,-2630.0,1,2000,445,500,True
3063,-1,-1,1,1,1,1,-1,1,-1,-1,-1,1,-1,1,-1,-1,1,-1,1,-1,-1,1,-1,-1,-1,1,-1,-1,-1,-1,-1,-1,1,-1,-1,1,1,-1,-1,1,-1,-1,1,-1,-1,-1,1,1,-1,-1,-1,-1,1,1,-1,-1,-1,1,-1,1,1,1,-1,1,-1,1,-1,1,1,-1,1,-1,1,1,1,1,-1,1,-1,-1,1,-1,1,-1,-1,-1,-1,1,1,1,1,-1,-1,1,1,1,-1,-1,-1,1,1,1,1,1,-1,-1,-1,1,1,1,1,-1,-1,-1,1,1,1,1,1,-1,-1,1,1,1,1,-1,-1,-1,1,1,1,1,-1,-1,1,1,1,1,1,-1,-1,-1,1,1,1,1,1,-1,-1,1,1,1,1,-1,1,-1,1,1,1,1,-1,-1,1,1,1,-1,1,-1,-1,1,-1,-1,1,1,-1,-1,1,1,1,1,-1,1,1,1,1,-1,1,-1,-1,-1,1,1,-1,1,-1,-1,-1,1,1,-1,1,-1,-1,-1,1,1,1,1,1,-1,-1,1,1,-1,1,-1,-1,-1,1,1,-1,1,1,-1,-1,-1,1,1,-1,1,-1,-1,1,1,-1,1,1,-1,-1,1,1,-1,1,-1,-1,-1,1,1,-1,-1,1,-1,-1,1,-1,-1,1,-1,-1,-1,1,1,-1,1,1,-1,1,-1,-1,-1,1,1,-1,-1,1,1,-1,1,1,-1,1,-1,1,-1,1,1,-1,1,-1,1,-1,1,1,-1,1,-1,-1,-1,-1,1,1,1,-1,-1,-1,1,1,-1,1,1,-1,1,-1,1,1,1,-1,-1,-1,1,1,1,-1,1,-1,-1,-1,1,1,1,-1,1,-1,-1,1,1,1,-1,-1,-1,1,1,-1,1,-1,-1,-1,-1,1,1,1,-1,1,-1,1,1,-1,1,-1,-1,-1,-1,-1,1,1,-1,-1,-1,-1,-1,1,-1,-1,-1,-1,-1,1,1,-1,-1,-1,1,1,-1,1,-1,-1,1,1,-1,-1,1,1,-1,-1,1,-1,1,1,1,-1,-1,-1,1,-1,1,-1,1,-1,-1,-1,-1,1,1,-1,-1,1,1,-1,1,1,-1,1,1,1,1,1,1,-1,1,1,1,-1,1,-1,-1,-1,1,1,1,1,1,-1,-1,1,1,1,1,1,-1,1,1,-1,1,-1,-1,-1,-1,1,1,1,1,1,-1,1,1,1,1,-1,1,-1,-1,1,1,1,1,1,-1,-1,1,1,1,1,1,-1,-1,1,1,1,1,1,1,-1,1,1,-1,1,1,-1,-1,1,-1,1,1,-1,-1,1,1,1,1,-1,1,-1,1,1,-1,1,-1,1,-1,1,1,-1,1,-1,-1,-1,1,1,-1,1,-1,1,-1,1,-1,1,1,-1,-1,1,-1,1,-1,1,1,1,-1,1,1,-1,-1,-1,1,-1,1,-1,-1,1,-1,1,1,1,1,-1,-1,1,1,-1,1,1,1,-1,1,1,1,-1,1,1,-1,1,1,1,1,-1,-1,1,-1,1,1,-1,1,-1,-1,-1,-1,1,1,-1,1,-1,-1,1,-1,1,-1,1,1,-1,1,1,1,-1,1,-1,-1,-1,1,1,-1,-1,-1,-1,1,1,1,-1,-1,-1,-1,1,1,1,-1,1,1,1,-1,1,1,-1,-1,1,-1,1,1,1,-1,-1,-1,-1,-1,1,1,-1,1,-1,1,1,1,-1,1,1,1,-1,1,1,-1,1,1,1,-1,1,1,-1,1,1,1,-1,1,1,1,-1,1,-1,1,1,-1,-1,1,1,1,-1,1,-1,-1,1,1,1,1,1,1,-1,1,1,1,1,1,1,-1,1,1,1,-1,1,-1,1,1,1,1,1,1,1,-1,1,1,1,1,1,1,-1,1,1,-1,1,1,-1,-1,1,1,1,1,1,1,-1,1,1,1,-1,1,-1,-1,1,1,1,-1,1,-1,-1,1,1,1,1,1,-1,-1,1,1,1,-1,-1,1,-1,1,1,-1,-1,1,-1,-1,1,1,1,-1,1,-1,-1,1,1,1,-1,1,-1,-1,1,-1,1,-1,1,-1,-1,1,1,1,-1,1,-1,1,1,-1,-1,-1,1,-1,-1,1,-1,-1,-1,1,-1,-1,-1,1,-1,1,1,-1,-1,1,1,1,-1,1,-1,-1,1,1,1,-1,-1,-1,1,1,1,-1,-1,-1,1,1,1,-1,-1,1,-1,1,1,1,-1,-1,-1,1,-1,1,1,-1,1,1,1,-1,1,-1,1,-1,-1,-1,-1,1,1,1,-1,-1,1,1,1,1,1,-1,1,1,-1,1,1,-1,-1,-1,1,-1,1,1,1,-1,-1,-1,-1,1,1,1,-1,1,-1,-1,-1,-1,1,-1,1,1,-1,1,1,1,-1,-1,1,-1,1,1,1,-1,1,-1,1,1,1,-1,-1,1,-1,-1,-1,1,-1,-1,1,-1,1,-1,1,-1,-1,1,-1,-1,-1,1,-1,1,1,-1,-1,-1,1,1,-1,-1,-1,-1,-1,-1,1,-1,1,-1,-1,-1,-1,-1,1,-1,1,-1,-1,-1,1,-1,1,-1,-1,-1,-1,1,-1,1,-1,-1,1,-1,1,-1,1,1,-1,-1,-1,1,-1,-1,-1,-1,-1,-1,1,-1,1,-1,-1,-1,1,-1,1,1,-1,-1,-1,-1,1,-1,1,-1,1,-1,1,-1,-1,1,1,-1,1,-1,1,-1,1,1,-1,1,-1,1,-1,1,1,-1,1,-1,-1,-1,-1,1,-1,1,-1,1,-1,-1,1,1,1,-1,1,-1,-1,1,-1,-1,1,-1,-1,-1,1,-1,1,1,-1,1,-1,1,1,1,-1,1,-1,1,1,1,1,-1,-1,-1,-1,1,1,1,-1,1,-1,1,1,-1,1,1,-1,1,-1,1,1,1,-1,-1,-1,1,1,1,1,-1,-1,1,1,1,1,1,-1,-1,1,1,1,1,1,1,-1,-1,1,1,1,1,1,-1,1,1,1,1,1,1,-1,1,1,1,1,1,1,-1,-1,1,1,1,1,1,1,-1,1,1,-1,1,1,-1,-1,1,-2630.0,1,2000,445,500,True
3064,1,1,-1,-1,1,-1,1,1,1,1,1,-1,1,1,1,1,-1,1,-1,-1,1,1,1,1,1,-1,1,1,1,1,1,1,-1,-1,1,1,-1,1,1,1,-1,1,1,1,1,1,-1,-1,1,-1,1,1,1,1,-1,1,-1,-1,1,1,-1,-1,-1,1,1,1,1,-1,-1,1,1,-1,1,1,-1,1,1,1,-1,1,1,-1,-1,1,-1,1,1,1,-1,-1,1,-1,-1,1,-1,-1,1,-1,-1,-1,1,-1,-1,1,-1,-1,-1,1,-1,-1,1,1,-1,-1,1,1,-1,1,-1,-1,-1,1,1,-1,1,1,-1,-1,1,-1,-1,1,-1,-1,-1,-1,-1,-1,1,-1,-1,-1,-1,1,-1,1,-1,-1,-1,-1,1,-1,-1,1,1,-1,-1,-1,-1,1,-1,-1,-1,-1,1,-1,1,-1,1,-1,-1,-1,-1,1,-1,-1,-1,1,-1,-1,-1,1,1,-1,-1,1,-1,-1,-1,-1,-1,-1,-1,1,-1,-1,1,-1,-1,-1,-1,1,-1,1,-1,-1,-1,-1,-1,-1,1,-1,1,-1,1,1,-1,1,-1,1,1,1,1,1,1,1,-1,1,-1,1,-1,1,-1,-1,1,-1,-1,1,1,-1,-1,1,-1,1,1,1,1,-1,1,-1,-1,1,1,-1,1,1,-1,-1,1,1,-1,-1,1,-1,1,1,1,1,1,1,-1,1,1,1,1,1,1,1,-1,1,1,1,1,-1,1,-1,1,1,1,1,1,1,-1,1,1,-1,-1,1,-1,1,1,1,1,1,1,1,-1,1,1,1,1,-1,1,1,1,1,1,1,1,1,-1,1,1,-1,1,1,1,-1,1,1,1,1,1,1,1,1,1,1,1,1,1,-1,1,1,1,1,1,-1,1,-1,1,1,-1,1,-1,1,1,1,1,1,1,1,-1,-1,1,-1,1,1,1,-1,-1,1,1,1,1,1,-1,-1,1,1,-1,1,1,-1,-1,1,1,-1,-1,1,-1,1,-1,1,-1,1,1,1,-1,-1,1,1,-1,1,-1,1,1,1,-1,-1,-1,-1,1,1,1,-1,1,1,-1,1,1,-1,-1,1,1,-1,1,1,-1,-1,1,1,1,-1,1,1,-1,-1,1,1,1,-1,1,-1,1,-1,-1,1,1,1,-1,-1,-1,1,1,1,1,1,-1,1,-1,1,1,1,1,1,-1,-1,1,-1,1,-1,1,-1,-1,-1,-1,1,1,1,-1,-1,1,-1,1,1,1,-1,1,-1,1,-1,1,1,-1,-1,1,-1,1,1,1,-1,-1,-1,1,1,1,1,-1,-1,1,1,1,1,-1,1,-1,1,-1,1,1,-1,-1,-1,-1,1,1,1,-1,1,-1,1,-1,1,1,-1,-1,1,-1,1,1,1,1,-1,-1,-1,-1,-1,1,1,-1,-1,1,1,-1,1,-1,-1,-1,-1,-1,1,-1,1,-1,-1,-1,-1,1,-1,1,-1,-1,-1,-1,-1,1,1,1,-1,-1,-1,1,-1,-1,1,1,1,1,1,-1,-1,1,1,1,-1,1,-1,1,-1,1,1,1,-1,-1,-1,1,-1,1,1,1,-1,-1,-1,1,1,-1,1,-1,-1,-1,1,1,1,1,-1,-1,-1,1,1,-1,1,-1,-1,-1,-1,1,1,1,-1,1,-1,-1,1,-1,1,-1,-1,1,-1,1,-1,1,1,-1,-1,-1,-1,-1,1,1,-1,-1,-1,1,-1,1,1,-1,-1,1,-1,1,1,-1,-1,-1,-1,-1,1,1,-1,1,-1,1,1,1,1,1,-1,-1,-1,-1,-1,1,-1,1,-1,-1,1,-1,1,1,-1,1,-1,-1,1,1,1,-1,1,-1,1,-1,1,1,-1,1,-1,1,-1,1,1,-1,1,-1,-1,-1,1,1,-1,-1,1,-1,-1,1,1,-1,-1,-1,-1,-1,1,1,-1,-1,1,-1,-1,1,-1,1,-1,1,-1,-1,1,-1,-1,1,1,1,-1,1,1,-1,1,-1,1,-1,1,-1,-1,1,-1,1,-1,1,1,-1,1,-1,-1,-1,1,1,-1,1,-1,1,-1,-1,1,-1,1,-1,1,-1,-1,1,-1,-1,-1,-1,-1,1,1,-1,1,-1,-1,-1,-1,-1,-1,1,-1,-1,-1,-1,1,1,-1,1,-1,-1,-1,1,-1,-1,1,-1,-1,1,1,-1,1,1,-1,-1,1,-1,-1,1,-1,-1,-1,1,-1,-1,1,-1,1,-1,-1,-1,-1,-1,-1,-1,1,1,-1,-1,1,1,-1,-1,1,1,1,-1,-1,-1,1,1,-1,-1,1,1,1,1,1,-1,-1,1,-1,1,-1,1,1,-1,-1,1,1,-1,1,1,1,-1,-1,1,1,1,1,-1,-1,1,1,1,1,1,-1,-1,1,1,-1,1,-1,1,-1,1,1,1,1,-1,-1,1,1,1,1,1,1,-1,-1,1,1,1,1,-1,1,-1,1,1,1,1,-1,-1,-1,1,1,1,1,1,1,-1,1,1,1,1,1,-1,-1,1,1,1,1,1,1,-1,1,1,1,1,-1,-1,-1,1,-1,1,1,-1,1,-1,-1,1,-1,1,1,1,-1,1,1,1,1,-1,1,1,1,1,1,-1,1,1,1,-1,1,1,-1,1,-1,1,-1,1,1,-1,1,1,1,-1,1,-1,1,1,1,-1,1,1,-1,-1,1,1,1,1,1,1,-1,1,-1,1,1,1,1,-1,-1,1,1,-1,1,1,-1,-1,1,-1,1,1,-1,-1,1,-1,1,1,1,1,-1,1,-1,1,-1,1,1,-1,-1,1,-1,-1,1,1,1,-1,-1,-1,-1,1,-1,-1,1,-1,1,1,1,-1,1,-1,-1,1,1,1,1,1,-1,-1,-1,1,-1,-1,1,-1,-1,1,-1,1,1,1,-1,1,-1,1,-1,-1,1,-1,-1,1,-1,1,1,1,1,-1,1,-1,-1,-1,1,-1,-1,1,1,1,-1,1,1,-1,1,-1,1,1,1,1,-1,1,-1,1,-1,-1,1,-1,1,1,1,-1,1,1,-1,-1,1,1,1,-1,1,-1,1,-1,1,-2630.0,1,2000,445,1000,True
3065,1,1,-1,-1,1,1,-1,1,1,1,1,-1,-1,1,1,1,-1,1,-1,-1,-1,1,1,1,1,1,-1,-1,1,1,1,1,-1,-1,-1,1,-1,1,1,1,-1,-1,1,1,1,1,1,1,-1,-1,1,1,-1,1,-1,-1,1,-1,1,1,1,-1,-1,-1,1,1,1,1,1,-1,1,-1,1,1,1,1,-1,1,-1,1,1,1,1,-1,-1,1,1,1,1,1,1,1,-1,1,1,1,-1,-1,-1,-1,1,1,1,1,-1,-1,-1,1,1,1,1,-1,-1,-1,1,1,1,1,1,-1,-1,1,1,1,1,-1,-1,-1,1,1,1,1,-1,-1,-1,-1,1,1,1,-1,-1,-1,-1,1,1,1,1,-1,-1,-1,1,1,1,-1,1,-1,1,-1,1,1,-1,1,-1,-1,1,-1,1,-1,1,-1,-1,-1,1,1,-1,-1,-1,1,-1,1,-1,1,1,-1,-1,-1,1,-1,-1,-1,-1,-1,-1,1,-1,-1,1,-1,-1,-1,1,-1,-1,1,-1,-1,1,1,1,-1,1,-1,1,1,-1,-1,-1,1,-1,1,-1,1,1,-1,1,1,-1,-1,1,1,-1,1,1,-1,1,-1,1,-1,1,-1,-1,-1,1,-1,-1,1,1,-1,-1,-1,1,-1,1,-1,-1,-1,1,-1,-1,1,-1,1,-1,1,1,1,1,1,-1,-1,1,-1,1,1,1,-1,-1,1,-1,1,1,1,1,-1,1,1,-1,1,1,1,-1,-1,1,-1,1,1,-1,-1,-1,1,1,1,1,-1,-1,1,-1,1,1,1,1,-1,-1,1,1,1,1,1,-1,1,1,1,1,-1,1,1,-1,-1,1,1,1,1,-1,-1,1,1,1,1,-1,-1,1,-1,1,1,1,-1,-1,-1,1,-1,1,1,1,-1,-1,1,1,1,1,-1,-1,-1,-1,-1,1,1,1,-1,-1,-1,-1,-1,1,1,-1,-1,-1,-1,-1,1,1,-1,-1,-1,-1,-1,1,-1,1,-1,1,-1,1,-1,1,-1,-1,1,-1,1,-1,1,-1,-1,-1,1,-1,-1,1,-1,1,1,-1,1,-1,1,-1,1,-1,-1,-1,1,-1,1,1,-1,-1,-1,1,-1,1,-1,-1,-1,-1,-1,-1,1,-1,1,-1,1,-1,-1,-1,1,1,-1,-1,-1,1,-1,1,1,-1,1,-1,1,-1,1,1,-1,-1,-1,1,1,1,1,-1,1,-1,-1,1,1,1,-1,-1,-1,-1,1,1,1,-1,1,-1,-1,1,-1,1,1,-1,1,-1,1,1,-1,1,1,-1,1,1,1,1,1,-1,-1,1,1,1,1,1,1,-1,1,1,-1,1,-1,1,-1,1,1,-1,1,1,-1,-1,1,1,-1,1,1,1,-1,-1,1,1,1,1,-1,1,-1,1,-1,1,1,1,-1,1,1,1,-1,1,1,-1,-1,1,-1,-1,1,1,1,-1,1,1,-1,-1,1,-1,-1,1,1,-1,1,1,1,1,1,1,-1,1,1,1,-1,1,1,1,1,1,1,-1,1,-1,1,1,1,-1,-1,-1,1,-1,-1,1,-1,-1,-1,1,1,-1,-1,1,-1,-1,1,1,-1,-1,1,-1,-1,-1,-1,-1,-1,1,-1,-1,-1,-1,-1,-1,1,-1,-1,1,1,1,1,1,-1,1,1,1,-1,-1,1,-1,-1,-1,1,-1,-1,1,1,-1,1,1,1,-1,1,1,-1,-1,1,-1,-1,1,1,-1,-1,1,-1,1,1,-1,-1,1,1,-1,1,1,-1,-1,1,-1,1,1,1,1,-1,1,1,-1,-1,1,1,-1,1,1,1,-1,1,1,-1,-1,1,1,1,1,1,-1,1,1,-1,-1,1,1,-1,-1,1,1,-1,1,1,-1,-1,1,-1,-1,1,1,-1,-1,-1,1,-1,1,1,-1,-1,1,1,-1,1,1,1,-1,-1,1,-1,1,-1,1,-1,-1,1,-1,1,-1,1,-1,1,1,-1,1,1,-1,-1,1,1,-1,1,-1,1,1,-1,1,-1,1,1,-1,-1,1,1,-1,1,1,1,-1,1,1,-1,-1,1,-1,1,-1,1,-1,-1,1,1,-1,-1,-1,-1,1,-1,-1,1,-1,1,-1,-1,-1,1,1,-1,-1,-1,-1,1,1,-1,1,-1,-1,-1,1,1,1,1,-1,-1,-1,1,1,1,1,-1,-1,-1,1,1,1,-1,-1,-1,1,1,1,1,-1,1,-1,1,1,1,1,-1,-1,1,1,1,1,1,-1,-1,-1,-1,-1,1,1,-1,-1,-1,1,1,1,1,-1,-1,-1,-1,1,1,-1,1,-1,1,-1,1,1,1,-1,-1,-1,-1,1,1,1,1,-1,1,-1,1,1,1,-1,-1,-1,-1,1,-1,1,-1,1,-1,-1,1,1,1,-1,-1,1,-1,1,1,-1,-1,-1,-1,1,-1,1,1,-1,1,-1,-1,-1,1,-1,1,1,-1,1,-1,1,1,-1,-1,-1,-1,-1,1,1,-1,1,-1,-1,-1,1,1,-1,-1,1,-1,-1,-1,1,-1,1,-1,-1,1,1,1,-1,-1,1,-1,-1,-1,1,-1,1,1,-1,1,-1,1,-1,-1,1,-1,1,-1,1,1,1,1,-1,-1,-1,1,-1,1,-1,-1,-1,-1,1,-1,1,-1,-1,-1,1,-1,1,1,-1,-1,1,1,-1,-1,1,-1,1,-1,1,-1,-1,1,1,-1,1,-1,1,-1,1,1,-1,1,1,1,-1,1,1,-1,1,-1,1,-1,1,1,-1,1,-1,1,-1,-1,1,1,1,-1,1,1,-1,1,-1,-1,1,-1,1,-1,1,-1,1,1,-1,1,-1,1,1,1,-1,1,-1,-1,1,1,1,-1,1,1,-1,1,-1,1,-1,1,-1,1,1,-1,1,1,1,-1,-1,1,1,1,-1,1,-1,1,1,1,-1,-1,1,1,-1,1,1,1,-1,1,1,1,1,1,1,-1,1,-1,-1,1,1,1,-1,1,1,-1,1,1,1,-1,1,1,-1,1,1,1,-1,1,1,-1,1,1,1,1,-1,1,-1,1,-1,1,-1,1,1,-1,-2628.0,1,2000,445,500,True
3066,1,-1,1,1,1,1,-1,1,-1,-1,-1,1,-1,-1,1,-1,1,-1,1,-1,-1,1,-1,-1,-1,1,-1,-1,1,-1,-1,-1,1,-1,-1,1,1,-1,-1,1,-1,-1,1,-1,-1,-1,-1,1,-1,-1,1,-1,1,1,-1,1,1,-1,-1,-1,-1,1,-1,-1,1,-1,-1,-1,1,-1,1,-1,-1,-1,-1,1,1,1,1,-1,-1,1,1,-1,-1,-1,-1,-1,1,1,1,1,-1,-1,-1,1,-1,1,-1,1,-1,-1,1,1,-1,1,-1,-1,-1,1,1,1,-1,-1,-1,-1,-1,1,1,-1,-1,-1,-1,-1,1,1,-1,-1,1,-1,-1,1,-1,-1,-1,-1,-1,-1,1,-1,-1,-1,-1,-1,-1,1,1,-1,-1,-1,-1,-1,-1,1,1,-1,1,-1,-1,-1,-1,-1,-1,-1,-1,-1,1,-1,1,-1,-1,-1,-1,1,-1,-1,-1,-1,-1,-1,-1,1,1,-1,-1,-1,-1,-1,-1,-1,-1,1,-1,-1,-1,-1,-1,1,-1,-1,-1,1,-1,1,-1,1,-1,-1,-1,-1,1,-1,1,-1,1,-1,-1,1,1,1,-1,1,-1,-1,1,1,-1,-1,-1,-1,-1,1,-1,1,-1,1,-1,-1,1,1,1,-1,1,1,-1,1,1,1,-1,-1,1,-1,1,-1,-1,-1,1,-1,-1,1,1,1,-1,1,-1,-1,1,-1,-1,-1,1,-1,1,1,-1,-1,-1,1,-1,1,1,-1,1,-1,1,-1,-1,1,1,1,-1,1,1,-1,1,1,-1,-1,-1,1,1,1,-1,-1,-1,1,1,-1,1,1,1,-1,-1,1,1,1,-1,-1,-1,1,1,1,-1,1,-1,-1,-1,1,1,1,-1,1,-1,-1,-1,1,1,-1,-1,-1,1,1,-1,1,-1,-1,-1,-1,1,1,1,-1,1,-1,1,1,-1,1,-1,-1,-1,-1,-1,1,1,-1,-1,-1,-1,-1,1,-1,-1,-1,-1,-1,1,1,-1,-1,-1,1,-1,1,1,-1,-1,1,1,-1,-1,1,1,-1,-1,1,-1,-1,-1,1,-1,-1,-1,1,-1,1,-1,1,-1,-1,-1,-1,1,1,-1,-1,1,1,-1,1,1,-1,-1,1,1,-1,1,1,-1,-1,1,-1,1,1,-1,-1,-1,1,1,-1,-1,1,-1,-1,1,-1,-1,1,-1,-1,-1,1,-1,1,-1,-1,-1,1,-1,1,-1,1,1,1,1,-1,1,1,-1,1,-1,1,-1,1,-1,-1,1,1,1,-1,1,-1,1,1,-1,1,1,-1,1,-1,1,-1,1,-1,1,-1,1,1,-1,1,1,1,-1,-1,-1,-1,1,-1,1,-1,1,-1,-1,1,1,-1,-1,1,-1,1,-1,1,-1,-1,-1,-1,1,-1,1,1,-1,1,-1,-1,-1,1,-1,1,-1,-1,-1,1,-1,-1,1,-1,-1,-1,1,-1,-1,-1,-1,-1,1,-1,1,-1,1,-1,-1,1,-1,1,-1,-1,-1,-1,1,-1,1,1,-1,1,-1,-1,1,1,1,-1,1,-1,1,-1,1,1,1,-1,1,1,-1,1,-1,-1,1,-1,1,-1,-1,1,-1,1,1,-1,-1,-1,1,1,1,-1,1,-1,-1,1,-1,1,-1,1,-1,-1,-1,1,1,-1,1,-1,-1,-1,-1,1,-1,1,-1,-1,1,1,1,1,1,-1,-1,-1,1,1,-1,1,-1,-1,-1,-1,1,-1,1,1,-1,1,-1,-1,-1,1,-1,1,1,-1,1,1,-1,1,-1,1,-1,1,1,1,-1,1,1,1,-1,1,1,-1,-1,1,1,-1,1,1,-1,1,1,1,-1,-1,1,-1,1,1,1,1,1,1,1,1,1,1,-1,1,1,-1,1,1,1,1,1,1,1,1,1,-1,1,1,1,-1,1,1,1,-1,1,1,1,-1,1,1,-1,1,1,1,1,1,1,-1,1,1,-1,1,1,1,1,1,-1,-1,1,1,1,1,1,1,-1,1,1,1,1,1,1,1,1,1,-1,1,1,1,-1,1,1,-1,1,1,1,-1,1,1,-1,1,1,1,-1,1,1,-1,1,1,1,-1,1,1,-1,1,1,1,1,1,1,-1,-1,1,1,-1,-1,1,-1,1,1,1,1,1,-1,1,-1,1,1,-1,1,1,1,-1,1,1,-1,1,1,1,1,1,1,1,1,1,1,-1,1,1,1,1,1,1,-1,1,1,1,1,-1,1,1,1,1,1,1,-1,1,-1,-1,1,1,1,-1,-1,1,1,1,1,1,-1,1,1,1,1,1,1,1,-1,-1,1,1,1,1,1,1,-1,1,1,1,1,-1,-1,1,1,1,1,1,1,1,1,-1,1,1,1,1,-1,-1,-1,1,1,-1,1,-1,1,1,1,1,1,1,-1,1,-1,1,1,1,1,-1,1,1,1,1,1,-1,-1,1,1,1,-1,1,-1,1,1,-1,1,-1,1,-1,1,1,-1,1,-1,1,1,-1,1,1,1,1,-1,1,-1,1,-1,1,1,-1,1,-1,1,-1,1,-1,-1,-1,1,-1,1,-1,1,-1,1,-1,1,-1,-1,1,-1,1,-1,1,-1,-1,1,-1,1,1,1,1,-1,1,-1,1,-1,1,-1,1,1,-1,1,-1,1,-1,-1,-1,1,1,1,1,-1,1,1,-1,1,1,1,-1,-1,1,-1,1,1,1,1,-1,-1,1,1,1,1,1,-1,1,-1,1,-1,1,1,-1,1,1,-1,1,1,1,-1,1,-1,1,1,-1,1,-1,1,1,-1,1,-1,1,-1,-1,1,-1,-1,1,1,-1,1,1,-1,-1,1,1,1,1,-1,1,1,1,-1,1,1,-1,1,1,1,-1,-1,1,-1,-1,1,1,-1,1,1,1,-1,-1,-1,1,1,1,-1,-1,1,1,1,-1,1,-1,-1,-1,1,1,1,1,-1,-1,1,1,1,1,1,1,-1,1,1,1,1,1,1,-1,1,1,-1,-1,1,-1,-1,1,-1,1,1,1,1,-1,-1,1,1,-1,1,-1,1,-1,1,1,-1,1,1,-1,-1,1,-2628.0,1,2000,445,500,True
3067,1,1,-1,-1,1,-1,-1,1,1,1,1,-1,1,1,1,1,-1,1,-1,-1,-1,1,1,1,1,-1,-1,-1,1,1,1,1,1,-1,-1,1,-1,1,1,-1,-1,-1,1,1,1,1,-1,-1,1,-1,1,1,1,1,-1,-1,1,-1,1,1,-1,-1,-1,-1,1,1,1,-1,-1,-1,1,-1,1,1,1,-1,-1,1,-1,1,1,-1,-1,-1,-1,1,1,1,-1,1,1,1,-1,1,1,-1,-1,-1,-1,1,1,1,-1,-1,1,-1,-1,1,1,-1,-1,-1,-1,-1,1,1,-1,-1,1,-1,-1,1,1,1,-1,-1,-1,-1,1,1,1,-1,1,-1,-1,1,1,1,-1,1,-1,-1,1,1,1,-1,1,-1,-1,-1,1,-1,-1,1,1,-1,-1,-1,-1,-1,1,-1,-1,-1,1,-1,-1,1,1,-1,-1,-1,-1,-1,1,-1,-1,1,-1,-1,1,-1,1,-1,1,-1,-1,-1,1,-1,-1,-1,-1,-1,1,1,1,-1,-1,-1,1,-1,1,1,-1,1,-1,-1,-1,1,1,-1,1,1,-1,-1,1,1,-1,1,-1,1,-1,-1,1,1,-1,-1,1,-1,1,1,1,-1,1,1,-1,-1,1,-1,1,-1,1,1,-1,1,1,-1,-1,-1,1,-1,1,-1,-1,-1,1,1,-1,1,-1,1,-1,1,-1,-1,1,1,-1,-1,1,-1,-1,1,1,-1,-1,1,-1,-1,1,1,1,-1,1,-1,-1,1,1,1,-1,-1,1,-1,1,1,-1,-1,-1,1,-1,1,1,-1,-1,1,1,-1,1,-1,1,-1,-1,1,-1,1,1,1,-1,1,1,-1,1,-1,1,-1,-1,-1,-1,1,1,1,-1,-1,1,1,1,1,-1,-1,1,-1,-1,1,1,-1,-1,-1,-1,1,1,1,1,-1,-1,1,-1,1,1,-1,-1,-1,-1,1,1,1,-1,-1,-1,-1,1,-1,1,-1,-1,-1,-1,1,-1,1,1,-1,-1,1,1,-1,1,1,1,-1,-1,1,1,-1,1,-1,-1,-1,-1,1,-1,1,-1,-1,-1,1,-1,-1,1,1,1,1,1,1,1,1,-1,1,-1,1,-1,1,-1,-1,1,-1,1,-1,1,1,-1,-1,1,1,-1,-1,1,1,1,1,1,1,-1,1,-1,1,-1,1,-1,-1,1,-1,1,1,-1,1,-1,1,-1,1,-1,1,-1,-1,-1,1,1,1,-1,1,-1,1,1,1,1,1,-1,-1,1,1,1,1,1,1,-1,-1,1,-1,1,1,-1,1,-1,1,1,-1,1,1,-1,1,1,1,1,1,-1,-1,1,1,1,1,-1,1,-1,1,1,-1,1,-1,1,-1,1,1,-1,1,1,-1,-1,1,1,-1,1,-1,1,-1,1,1,1,1,1,-1,1,-1,1,-1,1,1,1,-1,1,1,1,-1,1,1,-1,1,1,-1,1,1,1,1,1,1,1,-1,1,1,-1,1,1,1,-1,1,1,1,1,1,1,-1,1,1,1,-1,-1,1,1,-1,1,1,-1,1,-1,1,1,-1,1,-1,-1,1,-1,-1,1,-1,-1,-1,1,1,-1,-1,1,-1,-1,1,1,-1,-1,1,-1,-1,-1,-1,-1,-1,1,-1,-1,-1,-1,-1,-1,1,-1,-1,1,1,1,1,1,-1,1,1,1,-1,-1,1,-1,1,-1,1,-1,-1,1,1,-1,1,1,1,-1,1,1,-1,-1,1,-1,-1,1,1,-1,-1,1,-1,1,1,-1,-1,1,1,-1,1,1,-1,-1,1,-1,1,1,1,1,-1,1,1,-1,-1,1,1,-1,1,1,1,-1,1,1,-1,-1,1,1,1,1,1,-1,1,1,-1,-1,1,1,-1,-1,1,1,-1,1,1,-1,-1,1,1,-1,1,1,-1,-1,-1,1,-1,1,1,-1,-1,1,1,-1,1,1,1,-1,-1,1,-1,-1,-1,1,-1,-1,1,-1,1,-1,1,-1,1,1,-1,-1,1,-1,-1,1,1,-1,1,-1,1,-1,1,-1,-1,1,1,1,-1,-1,-1,-1,-1,-1,1,-1,1,-1,-1,-1,1,-1,-1,-1,1,-1,-1,1,1,1,-1,-1,-1,-1,-1,-1,1,-1,-1,-1,-1,-1,1,-1,1,-1,-1,-1,1,1,1,-1,1,-1,-1,1,1,1,-1,-1,-1,-1,1,1,1,1,-1,-1,-1,1,1,1,-1,1,-1,1,1,1,1,-1,-1,-1,1,1,1,1,-1,-1,1,1,1,1,1,-1,-1,-1,-1,-1,1,1,-1,-1,-1,1,1,1,1,-1,-1,1,1,1,1,-1,1,-1,-1,1,-1,1,1,-1,-1,-1,-1,1,1,1,1,-1,1,-1,1,1,1,-1,-1,-1,-1,1,-1,1,-1,1,1,-1,1,1,1,-1,-1,1,-1,1,1,-1,1,-1,-1,1,-1,1,1,-1,-1,1,1,-1,1,-1,1,1,1,-1,1,1,1,-1,-1,1,1,-1,1,1,-1,1,1,1,-1,1,1,-1,-1,1,1,1,-1,1,-1,1,1,1,-1,1,1,-1,-1,1,1,1,-1,1,-1,1,-1,1,1,-1,1,-1,-1,1,1,1,-1,1,1,1,1,1,1,-1,1,-1,1,1,1,1,-1,1,-1,1,1,1,-1,1,1,1,1,1,1,1,1,-1,-1,1,1,-1,1,1,1,-1,1,1,1,-1,1,1,-1,1,1,1,1,-1,1,-1,1,1,1,1,1,-1,-1,-1,1,1,-1,1,1,-1,-1,1,1,1,1,1,1,-1,1,1,1,1,-1,-1,-1,1,-1,1,1,-1,-1,-1,-1,1,-1,1,1,1,-1,1,-1,1,1,1,-1,-1,1,-1,1,1,-1,-1,1,1,-1,1,1,-1,1,-1,-1,-1,1,1,-1,-1,1,1,-1,1,1,-1,1,-1,1,-1,1,1,-1,1,1,1,-1,1,1,-1,-1,-1,1,-1,-1,1,-1,1,-1,1,-1,-1,1,-1,1,1,1,1,-1,1,-1,-1,1,1,1,-1,1,1,-1,1,-1,1,-1,1,-1,-1,1,-2628.0,1,2000,445,500,True
3068,-1,-1,1,1,1,1,-1,1,-1,-1,-1,1,-1,-1,-1,-1,1,-1,1,-1,-1,-1,-1,-1,-1,1,-1,-1,-1,-1,-1,-1,1,-1,-1,-1,1,-1,-1,1,-1,-1,-1,-1,-1,-1,-1,1,-1,1,-1,-1,1,1,-1,1,-1,1,-1,-1,-1,1,-1,1,-1,-1,-1,-1,1,-1,-1,1,-1,-1,-1,1,1,-1,1,-1,-1,1,1,-1,1,-1,-1,-1,1,1,1,-1,-1,-1,-1,1,-1,1,1,1,-1,-1,1,1,-1,1,-1,-1,-1,1,1,1,1,1,-1,-1,-1,1,1,1,-1,-1,-1,-1,1,1,1,-1,1,-1,-1,1,-1,1,-1,1,-1,-1,1,-1,1,-1,1,-1,-1,1,1,1,1,-1,-1,-1,1,1,-1,1,-1,1,-1,1,-1,1,1,1,-1,-1,1,-1,-1,1,-1,-1,-1,1,-1,1,-1,1,-1,-1,-1,1,-1,1,-1,-1,-1,-1,-1,1,1,1,-1,1,-1,-1,1,1,1,-1,-1,1,-1,-1,1,1,-1,-1,1,-1,-1,1,1,-1,-1,-1,-1,-1,1,1,-1,1,1,-1,-1,-1,1,1,-1,1,-1,-1,1,1,-1,1,1,-1,-1,1,1,-1,-1,1,-1,-1,-1,1,-1,-1,1,-1,-1,1,-1,-1,1,1,-1,-1,1,1,-1,1,-1,-1,1,-1,-1,-1,1,-1,-1,-1,1,-1,-1,1,1,-1,-1,-1,1,-1,-1,1,-1,1,-1,1,-1,1,1,-1,1,-1,-1,-1,-1,1,-1,1,-1,-1,-1,1,1,-1,1,1,-1,-1,1,1,-1,1,-1,-1,-1,1,1,-1,1,1,-1,-1,-1,1,-1,1,-1,-1,-1,-1,1,-1,1,-1,-1,-1,1,-1,1,1,-1,-1,-1,1,1,-1,1,-1,1,-1,1,-1,1,1,-1,-1,-1,1,1,-1,1,-1,-1,-1,1,1,-1,-1,-1,-1,-1,-1,1,-1,-1,-1,1,-1,1,-1,-1,-1,-1,1,1,1,1,-1,1,-1,1,-1,1,1,1,1,-1,-1,-1,-1,1,-1,-1,-1,1,1,1,1,-1,1,-1,1,-1,1,-1,-1,-1,1,-1,-1,1,1,1,-1,1,1,-1,1,-1,-1,-1,-1,-1,1,1,1,1,1,-1,1,-1,1,1,1,-1,-1,1,-1,-1,1,1,1,-1,1,-1,1,1,-1,-1,-1,1,1,-1,1,1,1,-1,1,1,1,1,-1,-1,-1,-1,1,1,1,1,1,-1,-1,1,1,1,1,-1,1,-1,1,1,-1,1,1,-1,1,1,1,1,1,-1,-1,1,1,1,-1,1,1,-1,1,1,-1,1,1,1,-1,1,1,-1,1,-1,-1,-1,1,1,-1,1,1,1,-1,-1,1,1,1,-1,-1,1,-1,1,-1,1,-1,1,-1,1,1,1,-1,1,1,-1,-1,1,-1,1,-1,1,1,-1,1,1,-1,1,1,-1,-1,1,1,-1,1,1,1,1,1,1,-1,1,1,1,-1,1,1,1,-1,-1,-1,1,-1,-1,1,-1,1,-1,1,-1,1,-1,-1,-1,1,1,-1,1,1,-1,1,-1,1,-1,1,1,-1,1,-1,1,-1,-1,-1,-1,1,-1,1,-1,-1,-1,-1,1,-1,1,-1,1,1,1,-1,-1,1,-1,1,1,-1,1,-1,1,-1,-1,1,-1,1,-1,-1,1,1,1,1,1,-1,1,1,1,1,-1,1,-1,-1,1,1,1,-1,-1,-1,1,1,1,1,-1,-1,-1,1,-1,1,-1,1,1,-1,-1,1,1,1,-1,1,-1,-1,1,1,1,1,1,1,-1,1,1,1,1,-1,1,-1,1,-1,1,-1,1,1,-1,1,1,1,1,1,1,-1,1,-1,1,1,1,1,-1,1,1,-1,1,1,1,-1,1,1,1,1,1,1,-1,1,1,-1,1,1,-1,-1,1,1,-1,1,1,-1,-1,1,-1,1,1,1,-1,-1,1,-1,1,1,1,1,-1,1,1,-1,1,1,-1,-1,1,-1,1,1,1,1,-1,1,-1,1,1,1,1,-1,1,-1,-1,1,1,1,-1,1,1,-1,-1,1,-1,1,1,1,-1,1,1,1,-1,1,-1,1,-1,1,1,-1,1,1,-1,1,1,1,-1,1,1,-1,-1,1,1,1,1,1,1,-1,1,1,1,1,1,-1,-1,1,1,1,1,1,-1,1,1,1,1,1,1,-1,-1,-1,1,1,1,1,-1,-1,1,1,1,1,1,-1,-1,1,-1,1,1,1,-1,-1,1,1,1,1,-1,1,-1,1,1,1,1,1,-1,-1,1,1,1,1,1,1,-1,-1,1,1,-1,1,-1,-1,-1,1,1,1,-1,1,-1,1,1,1,-1,1,-1,-1,-1,1,1,1,-1,1,-1,1,1,1,1,1,-1,-1,1,1,-1,1,-1,1,1,-1,1,1,-1,-1,-1,-1,-1,1,1,-1,-1,1,1,1,1,1,-1,-1,-1,-1,-1,1,-1,-1,-1,-1,1,-1,1,-1,-1,-1,1,-1,1,-1,1,-1,-1,-1,1,-1,-1,1,-1,-1,1,-1,-1,-1,-1,-1,-1,1,1,1,-1,-1,-1,-1,-1,-1,-1,-1,-1,-1,-1,-1,1,-1,-1,-1,1,-1,1,1,-1,-1,-1,-1,1,-1,1,-1,1,-1,-1,-1,-1,1,1,-1,-1,-1,-1,-1,1,1,-1,1,-1,1,-1,1,1,-1,1,-1,1,-1,-1,1,-1,1,1,-1,-1,-1,1,-1,1,1,-1,1,-1,1,-1,-1,1,1,-1,-1,1,-1,1,1,1,1,-1,1,1,1,1,-1,-1,1,-1,1,1,1,-1,1,-1,-1,-1,1,1,1,-1,1,-1,1,1,1,1,-1,-1,1,1,1,1,-1,1,-1,1,-1,1,1,1,-1,1,1,1,1,1,1,-1,1,1,1,1,1,1,1,1,1,1,1,1,1,-1,1,-1,-1,1,1,1,-1,1,1,1,1,1,1,1,1,1,-1,1,1,-1,1,1,1,-1,1,1,1,-1,1,-2628.0,1,2000,445,500,True
3069,-1,-1,1,1,1,1,-1,1,-1,-1,-1,1,-1,1,-1,-1,1,-1,1,-1,-1,-1,-1,-1,-1,1,-1,-1,-1,-1,-1,-1,1,-1,-1,-1,1,-1,-1,1,-1,-1,-1,-1,-1,-1,1,1,-1,1,-1,-1,1,1,-1,-1,-1,1,-1,-1,1,1,-1,1,-1,-1,-1,1,1,-1,-1,1,-1,-1,1,1,-1,-1,1,-1,-1,-1,1,-1,1,-1,-1,1,1,1,1,-1,-1,-1,-1,1,-1,-1,1,1,-1,-1,1,1,-1,1,-1,-1,-1,1,1,-1,1,1,-1,-1,1,1,1,1,-1,-1,-1,1,1,-1,1,-1,1,-1,1,1,-1,1,-1,1,-1,1,1,-1,1,-1,1,-1,-1,1,1,1,1,-1,-1,1,1,-1,-1,1,-1,1,-1,1,-1,1,1,1,-1,-1,1,-1,-1,1,-1,-1,1,1,-1,1,-1,1,-1,1,-1,1,-1,1,-1,-1,1,-1,-1,1,1,1,-1,1,-1,-1,1,1,1,-1,-1,1,-1,-1,1,1,-1,1,1,-1,-1,1,1,-1,-1,1,-1,-1,1,1,-1,1,1,-1,-1,-1,1,1,-1,1,-1,-1,1,1,-1,1,1,-1,-1,1,1,-1,-1,-1,-1,-1,-1,1,-1,-1,-1,-1,-1,1,1,1,-1,-1,-1,-1,1,1,-1,-1,1,-1,1,-1,-1,-1,-1,-1,1,-1,1,1,-1,-1,-1,1,-1,-1,1,-1,-1,1,-1,1,-1,1,-1,-1,-1,-1,1,-1,-1,-1,-1,1,1,1,-1,-1,-1,1,-1,1,1,1,-1,1,-1,-1,1,1,-1,-1,-1,1,-1,1,1,1,-1,-1,-1,-1,1,1,-1,1,-1,-1,1,1,1,-1,-1,-1,-1,1,-1,1,-1,-1,-1,-1,-1,1,1,-1,1,-1,-1,1,-1,1,-1,-1,-1,-1,-1,1,1,-1,-1,-1,-1,-1,1,-1,-1,-1,-1,-1,-1,1,-1,-1,1,-1,-1,1,1,-1,-1,1,1,-1,-1,1,1,-1,1,-1,-1,-1,-1,1,-1,-1,-1,-1,-1,1,-1,-1,1,1,1,1,1,1,-1,1,-1,1,-1,1,-1,1,-1,-1,1,-1,1,-1,1,1,-1,-1,1,1,-1,-1,-1,1,1,1,1,-1,-1,1,-1,1,-1,1,1,-1,1,-1,1,1,-1,1,-1,1,-1,1,-1,1,1,-1,1,1,1,1,-1,-1,1,-1,1,1,1,1,-1,-1,-1,1,1,1,1,-1,1,-1,1,1,1,1,-1,1,-1,1,1,-1,1,-1,1,-1,1,1,1,1,1,-1,1,1,1,1,-1,1,-1,1,1,-1,1,-1,1,-1,1,1,-1,1,1,1,-1,1,1,-1,1,-1,-1,1,-1,1,1,-1,1,1,1,-1,1,-1,1,1,-1,-1,1,1,1,-1,1,1,-1,-1,1,-1,-1,1,-1,1,-1,1,1,-1,-1,-1,1,-1,1,1,-1,1,-1,-1,1,1,1,-1,1,-1,1,-1,1,1,1,1,-1,-1,1,-1,-1,1,1,1,-1,1,-1,1,1,1,-1,1,1,-1,1,-1,1,1,-1,1,-1,1,1,1,1,-1,1,-1,-1,1,1,1,-1,1,-1,-1,1,1,1,-1,1,-1,1,-1,1,-1,-1,1,-1,1,-1,1,1,-1,1,-1,-1,1,-1,1,-1,-1,1,1,1,-1,1,-1,1,1,1,1,-1,1,-1,-1,1,1,1,-1,-1,-1,1,1,1,-1,-1,-1,-1,1,-1,1,-1,1,1,-1,-1,1,1,-1,-1,1,-1,-1,1,1,-1,1,1,1,-1,1,1,1,1,-1,1,-1,1,-1,1,-1,1,1,-1,1,1,1,1,1,1,-1,1,-1,1,-1,1,1,-1,1,1,-1,1,1,1,-1,1,1,1,1,1,1,-1,1,1,-1,1,1,-1,-1,1,1,1,1,1,-1,-1,1,-1,1,1,1,-1,-1,1,-1,1,1,1,1,-1,1,1,-1,1,1,-1,-1,1,-1,1,-1,1,1,-1,1,-1,1,1,1,1,-1,1,-1,-1,1,1,1,-1,1,1,-1,-1,1,-1,1,1,1,-1,1,1,1,-1,1,-1,1,-1,1,1,-1,1,1,-1,1,1,1,-1,-1,1,-1,-1,1,1,1,1,1,1,-1,1,1,1,1,1,-1,-1,1,1,1,1,1,-1,1,1,1,1,1,1,-1,-1,1,1,1,1,1,-1,-1,1,1,1,-1,1,-1,-1,1,-1,1,1,-1,-1,-1,1,1,1,1,-1,1,-1,-1,1,1,1,1,-1,-1,1,1,1,1,1,1,-1,-1,1,1,-1,1,-1,-1,-1,-1,1,-1,1,-1,1,1,-1,1,1,1,-1,-1,1,-1,1,1,-1,1,-1,-1,1,1,1,1,-1,-1,-1,-1,-1,1,-1,1,1,-1,1,1,1,1,-1,-1,-1,-1,1,1,1,-1,1,-1,1,1,1,1,-1,-1,-1,-1,-1,1,1,-1,1,-1,-1,1,1,1,-1,-1,-1,-1,1,1,1,-1,1,-1,-1,-1,1,1,-1,-1,-1,-1,-1,1,1,1,1,1,-1,-1,1,1,-1,1,-1,-1,-1,1,1,-1,1,-1,-1,1,1,1,1,1,-1,-1,1,1,-1,-1,1,-1,1,-1,1,1,-1,1,1,-1,1,1,1,-1,1,1,-1,-1,1,1,-1,1,1,-1,1,1,-1,-1,1,1,-1,1,-1,1,-1,-1,1,1,1,-1,1,1,-1,1,-1,-1,1,-1,-1,-1,1,-1,1,1,-1,-1,-1,1,1,1,-1,1,1,-1,1,1,1,-1,1,-1,-1,1,1,1,-1,-1,-1,1,1,-1,1,1,-1,1,-1,1,1,1,-1,-1,-1,1,1,1,1,-1,-1,1,-1,1,1,1,-1,-1,1,1,1,1,1,1,-1,-1,-1,1,1,1,1,-1,1,-1,1,1,1,-1,-1,1,1,1,1,1,1,-1,-1,1,1,1,1,-1,1,-1,1,1,-1,1,1,-1,-1,1,-2628.0,1,2000,445,500,True
3070,-1,-1,1,1,1,1,-1,1,-1,-1,-1,1,-1,1,-1,-1,1,-1,1,-1,-1,1,-1,-1,-1,1,-1,-1,-1,-1,-1,-1,1,-1,-1,1,1,-1,-1,1,-1,-1,1,-1,-1,-1,1,1,-1,-1,-1,-1,-1,1,-1,-1,-1,1,-1,-1,1,1,-1,1,-1,-1,-1,1,1,-1,1,-1,-1,-1,1,1,-1,1,-1,-1,-1,1,1,-1,-1,-1,-1,1,1,1,1,-1,-1,-1,1,1,-1,-1,-1,1,-1,1,1,1,-1,-1,-1,-1,1,1,1,-1,-1,-1,-1,1,1,1,1,-1,-1,-1,-1,1,1,-1,-1,-1,1,1,1,1,-1,-1,-1,1,1,1,1,-1,-1,-1,1,-1,1,1,1,-1,-1,-1,-1,1,1,-1,1,-1,1,1,1,1,-1,-1,-1,-1,1,-1,1,-1,1,-1,1,-1,1,1,-1,-1,-1,-1,1,1,-1,1,1,-1,1,-1,1,-1,-1,-1,-1,1,-1,1,-1,-1,1,-1,1,-1,1,-1,-1,1,-1,1,1,1,1,-1,1,-1,1,-1,1,-1,-1,1,-1,1,-1,1,1,-1,1,1,-1,1,-1,1,-1,1,1,1,-1,1,1,-1,1,-1,1,-1,1,-1,-1,1,1,1,-1,-1,1,-1,1,-1,-1,-1,1,-1,-1,1,-1,1,-1,1,1,1,1,1,-1,-1,1,-1,1,1,1,-1,-1,1,-1,1,1,1,1,-1,-1,1,-1,1,1,1,-1,1,1,-1,1,1,-1,-1,-1,1,1,1,1,-1,-1,1,-1,1,1,1,1,-1,1,1,1,1,1,1,-1,1,-1,1,1,-1,1,-1,-1,-1,1,1,1,1,-1,-1,1,1,1,1,-1,-1,1,-1,1,1,1,-1,-1,-1,1,-1,1,1,1,-1,-1,1,1,1,1,-1,-1,-1,-1,-1,1,1,-1,-1,-1,-1,-1,-1,1,-1,-1,-1,-1,-1,-1,1,1,-1,-1,-1,-1,-1,1,-1,1,-1,1,-1,1,-1,1,-1,-1,1,-1,1,-1,1,-1,-1,-1,1,-1,-1,1,1,1,1,-1,1,-1,1,-1,1,-1,-1,-1,1,-1,-1,1,-1,-1,-1,1,1,-1,-1,-1,-1,-1,-1,-1,1,-1,1,-1,1,-1,1,-1,1,1,-1,-1,-1,1,-1,1,1,-1,1,-1,1,-1,1,1,-1,-1,-1,1,1,1,1,1,1,-1,1,1,1,1,-1,-1,-1,-1,1,1,1,1,1,-1,-1,1,-1,1,1,-1,1,-1,1,1,-1,1,1,-1,1,1,1,1,1,-1,-1,1,1,1,-1,1,1,-1,1,1,-1,1,1,1,-1,1,1,-1,1,-1,-1,-1,1,1,-1,1,1,1,-1,-1,1,-1,1,-1,-1,1,-1,1,-1,1,-1,1,-1,1,1,-1,-1,-1,1,-1,-1,1,-1,1,-1,1,1,-1,1,-1,-1,1,1,-1,-1,1,1,-1,1,1,1,1,1,1,-1,1,1,1,-1,1,1,1,-1,1,1,-1,1,-1,1,1,-1,1,-1,-1,1,-1,-1,1,-1,-1,-1,1,1,-1,1,1,-1,-1,1,1,-1,-1,1,-1,-1,-1,-1,-1,1,1,-1,-1,-1,-1,-1,1,1,-1,-1,1,1,1,-1,1,-1,-1,1,1,-1,1,1,-1,-1,-1,1,-1,-1,1,1,-1,1,1,1,1,1,1,-1,-1,1,-1,1,1,1,-1,-1,1,-1,1,1,-1,-1,1,1,-1,1,1,-1,-1,1,-1,1,1,1,1,-1,1,1,-1,1,1,1,-1,1,1,1,1,1,1,-1,-1,1,1,1,1,1,-1,1,1,-1,1,1,1,-1,-1,1,1,1,-1,1,-1,-1,1,-1,1,1,1,-1,-1,-1,1,1,1,1,-1,-1,1,1,1,1,-1,1,-1,-1,1,1,-1,-1,1,-1,-1,1,1,1,-1,1,-1,1,1,1,-1,-1,-1,-1,1,1,1,1,-1,1,1,-1,1,1,-1,1,1,-1,1,1,1,1,-1,1,-1,1,1,1,1,-1,1,-1,-1,1,1,1,-1,1,1,-1,-1,1,-1,1,1,1,-1,1,1,1,-1,1,-1,1,-1,1,1,-1,1,1,-1,1,1,1,-1,1,1,-1,-1,1,1,-1,1,1,-1,-1,1,-1,1,1,1,-1,-1,1,-1,1,1,1,-1,1,1,1,1,1,1,-1,-1,1,-1,1,1,1,-1,-1,1,-1,1,-1,1,-1,-1,1,-1,1,1,1,-1,-1,-1,1,1,1,-1,1,-1,1,-1,1,1,1,-1,-1,1,-1,1,1,1,1,-1,-1,-1,1,-1,1,-1,-1,-1,-1,-1,1,1,-1,1,1,-1,1,-1,1,-1,1,1,-1,1,1,-1,-1,1,-1,1,1,1,1,-1,1,-1,-1,-1,1,-1,1,1,-1,1,-1,1,1,-1,1,-1,-1,-1,1,1,-1,1,-1,-1,-1,-1,1,-1,-1,-1,-1,-1,1,1,-1,1,-1,-1,-1,-1,1,-1,-1,-1,-1,-1,-1,1,-1,1,-1,-1,-1,-1,1,-1,1,-1,-1,1,-1,1,1,1,1,-1,-1,-1,1,-1,-1,-1,-1,-1,1,1,-1,1,-1,-1,-1,1,-1,1,1,-1,-1,1,1,-1,-1,1,-1,1,-1,1,-1,-1,1,1,-1,1,-1,1,-1,1,1,-1,1,1,1,-1,1,1,-1,1,-1,1,-1,-1,1,-1,1,-1,1,-1,-1,1,1,1,-1,1,1,-1,1,-1,-1,1,-1,1,-1,1,-1,1,1,-1,1,-1,1,1,1,-1,1,-1,1,1,1,1,-1,1,1,-1,1,-1,1,-1,1,-1,1,1,-1,1,1,1,-1,-1,1,1,1,-1,1,1,1,1,1,-1,-1,1,-1,1,1,1,1,-1,1,1,1,1,1,1,-1,1,1,1,1,1,1,-1,1,-1,1,1,1,1,-1,1,1,-1,1,1,1,-1,1,1,1,1,1,1,1,-1,1,1,1,-1,1,-1,1,1,1,-2628.0,1,2000,445,500,True
3071,-1,-1,1,1,1,1,-1,1,-1,-1,-1,1,-1,-1,-1,-1,1,-1,1,-1,-1,1,-1,-1,-1,1,-1,-1,-1,-1,-1,-1,1,-1,-1,1,1,-1,-1,1,-1,-1,1,-1,-1,-1,-1,1,-1,-1,-1,-1,1,1,-1,1,-1,1,-1,-1,1,1,-1,1,-1,-1,-1,-1,1,-1,1,-1,-1,-1,1,1,1,1,-1,-1,-1,-1,1,-1,-1,-1,-1,1,1,1,1,-1,-1,-1,-1,1,-1,1,-1,1,-1,-1,1,1,-1,-1,-1,-1,-1,1,1,1,-1,-1,-1,-1,1,1,1,-1,-1,-1,-1,1,1,1,-1,-1,1,-1,1,1,-1,-1,-1,-1,-1,1,1,-1,-1,-1,-1,-1,-1,1,1,-1,-1,-1,-1,1,1,1,1,-1,1,-1,-1,1,-1,-1,-1,-1,1,-1,1,-1,1,-1,1,-1,1,1,-1,-1,-1,-1,-1,1,-1,1,1,-1,-1,-1,1,-1,-1,-1,-1,1,-1,1,-1,-1,1,1,-1,-1,1,-1,-1,1,-1,1,1,1,1,-1,1,-1,1,1,-1,-1,-1,1,1,1,-1,1,1,-1,1,1,-1,-1,1,1,-1,1,1,1,-1,1,1,-1,1,1,1,-1,1,-1,-1,1,1,1,-1,-1,1,-1,1,-1,-1,-1,1,-1,-1,1,1,1,-1,1,1,-1,1,-1,-1,-1,1,-1,1,1,-1,-1,-1,1,-1,1,1,-1,1,-1,1,1,-1,1,-1,1,-1,-1,1,-1,1,1,-1,-1,-1,1,1,1,-1,-1,-1,1,1,-1,1,1,1,-1,-1,1,1,1,-1,-1,-1,1,-1,1,1,1,-1,-1,-1,-1,1,1,-1,-1,-1,-1,1,1,1,-1,-1,-1,-1,1,-1,1,-1,1,-1,-1,-1,1,1,-1,1,-1,-1,1,-1,1,-1,-1,-1,-1,-1,1,1,-1,-1,-1,-1,-1,1,-1,-1,-1,-1,-1,-1,1,-1,-1,-1,1,-1,1,1,-1,-1,1,1,-1,-1,1,1,-1,-1,1,-1,-1,-1,1,-1,-1,-1,1,-1,1,-1,-1,-1,-1,-1,-1,1,1,-1,-1,1,1,-1,1,-1,1,-1,1,-1,1,1,-1,-1,-1,1,-1,-1,1,-1,-1,-1,1,-1,1,1,1,-1,-1,1,-1,1,1,-1,-1,-1,1,1,1,-1,1,-1,1,1,-1,-1,1,-1,-1,1,1,1,1,-1,1,-1,-1,1,1,1,1,-1,-1,-1,-1,1,1,1,1,-1,-1,1,1,1,1,-1,1,-1,1,1,-1,1,1,-1,1,1,1,1,1,-1,-1,1,1,1,1,-1,1,-1,1,1,-1,1,-1,1,-1,1,1,-1,1,-1,-1,-1,1,1,-1,1,1,1,-1,-1,1,1,1,-1,-1,1,-1,1,-1,1,1,1,-1,1,1,1,-1,-1,1,-1,-1,1,-1,1,-1,1,1,-1,1,1,-1,1,1,-1,-1,1,1,-1,1,1,1,1,1,1,-1,1,1,1,-1,-1,1,1,-1,1,1,-1,1,-1,1,-1,-1,1,-1,-1,1,-1,-1,1,-1,-1,-1,1,1,-1,1,1,-1,-1,1,1,-1,-1,1,-1,-1,-1,-1,-1,1,1,-1,-1,-1,-1,-1,1,1,-1,-1,1,1,1,-1,1,-1,-1,1,1,-1,1,1,-1,-1,-1,1,-1,-1,1,1,-1,1,1,1,1,1,-1,1,1,1,-1,1,1,1,-1,1,1,-1,1,1,-1,1,1,1,-1,1,1,-1,-1,1,-1,1,1,1,-1,1,1,1,-1,1,1,1,1,1,1,1,1,1,1,1,1,1,1,1,1,-1,1,-1,1,-1,1,1,1,1,1,1,1,1,1,-1,1,1,1,-1,1,1,1,-1,1,-1,1,1,1,1,1,1,1,1,1,1,-1,1,1,1,1,1,-1,-1,1,1,1,1,1,1,-1,1,1,1,1,1,1,1,1,1,1,1,1,1,-1,1,1,-1,1,1,1,-1,1,1,1,1,1,1,-1,1,1,1,1,1,1,-1,1,1,-1,1,1,1,1,1,1,-1,-1,1,1,-1,-1,1,-1,1,1,1,1,1,-1,1,-1,1,1,-1,1,1,1,-1,1,1,1,1,1,1,-1,1,1,-1,1,1,1,-1,1,1,1,1,1,-1,1,1,-1,1,1,-1,1,-1,1,1,1,1,-1,-1,-1,-1,1,1,1,-1,-1,-1,1,1,-1,1,-1,-1,-1,1,-1,1,1,1,-1,-1,1,1,1,1,1,-1,-1,-1,1,-1,1,-1,-1,-1,1,1,1,1,1,-1,-1,-1,1,1,1,1,-1,-1,-1,-1,1,-1,1,-1,1,1,-1,1,1,1,-1,-1,1,-1,1,1,1,-1,-1,-1,1,-1,1,-1,-1,-1,1,-1,-1,1,1,1,1,-1,1,-1,1,1,-1,-1,-1,-1,-1,1,1,-1,1,1,1,-1,1,1,-1,-1,-1,-1,-1,1,1,-1,1,-1,-1,1,1,1,-1,-1,1,-1,-1,-1,1,1,1,-1,-1,1,-1,1,1,-1,-1,-1,1,-1,1,1,1,1,-1,-1,-1,1,-1,1,-1,-1,-1,1,1,-1,1,-1,-1,-1,1,1,1,1,-1,-1,1,1,1,-1,1,-1,1,-1,1,-1,-1,1,1,-1,1,1,1,-1,1,1,-1,1,-1,1,-1,1,1,-1,1,1,-1,-1,-1,1,-1,1,-1,1,-1,-1,1,-1,1,-1,1,-1,-1,1,-1,-1,1,-1,-1,-1,1,-1,1,1,-1,1,-1,1,1,1,-1,1,-1,1,-1,1,1,-1,1,-1,-1,-1,-1,1,-1,1,-1,1,-1,1,1,1,-1,1,-1,1,1,1,-1,-1,-1,1,1,-1,1,-1,-1,1,1,1,1,1,-1,-1,1,1,1,1,1,1,-1,-1,1,1,1,1,1,-1,1,1,-1,-1,1,-1,-1,1,1,1,1,1,1,-1,-1,1,1,-1,1,-1,1,-1,1,1,-1,1,1,-1,-1,1,-2628.0,1,2000,445,500,True
3072,1,1,-1,-1,1,-1,1,1,1,1,1,-1,1,1,1,1,-1,1,-1,-1,1,1,1,1,1,-1,1,1,1,1,1,1,-1,-1,1,1,-1,1,1,1,-1,1,1,1,1,1,-1,-1,1,-1,1,1,1,1,-1,1,-1,-1,1,1,-1,-1,-1,1,1,1,1,-1,-1,1,1,-1,1,1,-1,1,1,1,-1,1,1,-1,-1,1,-1,1,1,1,-1,1,1,-1,-1,1,-1,-1,1,-1,-1,-1,1,-1,-1,1,-1,-1,-1,1,-1,-1,1,1,-1,-1,1,1,-1,1,1,-1,-1,1,1,-1,1,1,-1,-1,1,-1,-1,1,-1,-1,-1,-1,-1,-1,1,-1,-1,-1,-1,1,-1,1,1,-1,-1,-1,1,-1,-1,1,1,-1,1,-1,-1,1,-1,-1,-1,-1,-1,-1,1,-1,1,-1,-1,-1,-1,1,-1,-1,-1,1,-1,-1,-1,1,1,-1,-1,-1,1,-1,-1,-1,-1,-1,-1,1,-1,-1,1,-1,-1,-1,1,1,-1,1,-1,-1,-1,-1,-1,-1,1,-1,1,1,-1,1,-1,1,1,1,-1,1,1,-1,1,1,-1,-1,1,1,-1,1,1,-1,1,1,1,-1,1,1,-1,-1,1,1,-1,1,1,-1,-1,-1,1,-1,1,-1,-1,-1,1,-1,-1,1,1,1,-1,1,1,-1,1,-1,-1,-1,1,1,-1,1,-1,-1,-1,1,-1,-1,1,-1,1,-1,1,-1,-1,1,-1,1,-1,1,1,-1,1,1,-1,-1,-1,1,1,1,-1,-1,-1,1,1,-1,1,1,1,-1,-1,1,1,1,-1,-1,-1,1,1,1,1,1,-1,-1,-1,1,1,1,-1,1,-1,-1,-1,1,1,-1,-1,-1,1,1,-1,1,-1,1,-1,-1,1,1,1,-1,1,-1,1,1,-1,1,-1,-1,-1,-1,-1,1,1,-1,-1,-1,-1,-1,1,-1,-1,-1,-1,-1,1,1,-1,-1,-1,1,1,1,1,-1,-1,1,1,-1,-1,1,1,-1,-1,1,-1,-1,-1,1,-1,-1,-1,1,-1,1,-1,-1,-1,-1,-1,-1,1,1,-1,-1,1,1,-1,1,-1,-1,-1,1,1,-1,1,-1,-1,-1,1,-1,1,1,-1,-1,-1,-1,1,-1,-1,1,-1,-1,1,-1,-1,1,-1,-1,-1,1,-1,1,-1,1,-1,-1,1,-1,-1,1,-1,-1,1,1,-1,1,-1,1,-1,-1,1,-1,-1,-1,-1,-1,-1,1,-1,-1,1,1,-1,-1,-1,-1,1,-1,-1,1,-1,1,-1,-1,1,1,-1,-1,1,-1,-1,-1,-1,-1,1,1,-1,-1,1,1,-1,1,-1,1,-1,1,1,-1,1,-1,-1,-1,-1,-1,-1,1,-1,1,-1,1,1,-1,1,-1,-1,1,-1,-1,1,-1,1,-1,1,-1,1,-1,1,1,-1,-1,-1,1,-1,1,-1,-1,1,-1,1,1,1,1,-1,-1,-1,1,-1,1,1,1,-1,1,1,1,-1,1,1,-1,1,1,1,1,1,1,1,-1,1,1,-1,1,-1,1,-1,-1,1,-1,-1,1,-1,-1,1,-1,-1,-1,1,1,-1,1,1,-1,-1,1,1,-1,-1,1,-1,-1,-1,-1,-1,1,1,-1,-1,-1,-1,-1,1,1,-1,-1,1,1,1,-1,1,-1,-1,1,1,-1,-1,1,-1,-1,-1,1,-1,-1,1,1,-1,1,1,1,-1,1,-1,1,1,1,-1,-1,1,1,-1,1,1,-1,1,1,-1,1,1,1,-1,1,1,-1,-1,1,-1,1,1,1,-1,1,1,1,-1,-1,1,1,1,1,1,1,-1,1,1,1,1,1,1,1,1,-1,1,1,1,-1,-1,1,1,1,1,1,1,-1,1,1,1,1,1,1,-1,1,1,-1,1,-1,1,-1,1,1,1,1,1,1,-1,1,1,1,1,1,-1,-1,1,-1,1,1,1,-1,-1,1,-1,1,1,1,1,-1,1,1,1,1,1,-1,-1,1,-1,1,1,-1,-1,-1,1,1,1,1,1,1,-1,1,1,1,1,1,-1,-1,-1,1,-1,1,1,-1,-1,-1,1,1,1,1,-1,-1,1,-1,-1,1,-1,-1,-1,-1,1,1,-1,1,-1,-1,-1,1,1,1,1,-1,-1,-1,1,1,1,1,-1,-1,-1,1,1,1,1,-1,-1,1,1,1,1,-1,-1,-1,1,1,1,-1,-1,1,-1,1,1,1,-1,-1,-1,1,1,1,1,-1,1,-1,-1,1,-1,1,1,-1,-1,1,1,1,1,1,1,1,1,1,1,1,1,-1,1,-1,1,-1,1,-1,1,1,-1,1,1,1,1,-1,1,1,1,1,1,1,-1,1,1,1,1,-1,1,-1,1,-1,1,1,1,1,1,1,1,1,1,1,1,1,1,1,1,-1,1,-1,1,1,1,1,-1,1,-1,1,1,1,1,-1,1,-1,1,1,1,1,-1,1,-1,1,1,1,1,-1,1,1,1,1,1,1,-1,-1,1,1,1,1,1,-1,-1,-1,1,-1,1,1,-1,-1,1,1,1,-1,1,1,-1,-1,1,1,1,1,-1,-1,1,1,1,1,-1,-1,-1,1,-1,1,1,-1,1,-1,1,-1,1,1,-1,-1,1,1,1,1,-1,1,-1,-1,1,1,1,-1,-1,1,-1,1,1,-1,1,-1,-1,1,1,1,1,1,-1,-1,-1,1,-1,1,1,-1,1,1,-1,1,1,-1,-1,1,-1,1,1,-1,1,-1,1,-1,1,1,-1,1,-1,-1,1,-1,-1,1,-1,-1,1,1,-1,-1,1,-1,1,1,-1,1,1,1,-1,1,1,-1,1,1,1,-1,-1,1,-1,-1,1,1,-1,1,1,1,-1,-1,-1,1,1,1,-1,1,1,1,-1,-1,1,-1,-1,-1,1,1,1,1,-1,-1,1,1,-1,1,1,1,-1,1,1,-1,1,1,1,-1,1,1,1,1,1,1,-1,1,-1,-1,1,1,1,-1,-1,1,-1,1,1,1,1,-1,1,1,-1,1,1,-1,1,1,-2628.0,1,2000,445,500,True
3073,-1,-1,1,1,1,1,-1,1,-1,-1,-1,1,-1,1,-1,-1,1,-1,1,-1,-1,1,-1,-1,-1,1,-1,-1,1,-1,-1,-1,1,-1,-1,-1,1,-1,-1,1,-1,-1,-1,-1,-1,-1,1,1,-1,1,-1,-1,1,1,-1,-1,1,-1,-1,-1,1,1,-1,1,-1,-1,-1,1,1,-1,1,-1,-1,-1,1,1,-1,-1,1,-1,-1,-1,1,-1,1,-1,-1,1,1,1,1,1,-1,-1,-1,1,-1,-1,1,1,-1,-1,1,1,-1,1,-1,-1,1,1,1,-1,1,-1,-1,-1,1,1,1,1,-1,-1,-1,1,1,-1,1,-1,1,-1,1,1,-1,1,-1,1,-1,1,1,-1,1,-1,1,-1,-1,1,1,1,1,-1,-1,1,1,-1,-1,1,-1,1,-1,1,-1,-1,1,1,-1,-1,1,-1,1,-1,-1,-1,1,1,-1,1,-1,1,1,1,-1,1,-1,1,-1,-1,1,-1,-1,1,-1,1,-1,1,-1,-1,-1,1,1,-1,1,-1,-1,-1,1,1,-1,1,1,-1,1,-1,1,-1,1,-1,-1,-1,1,1,-1,1,1,-1,-1,-1,1,1,-1,1,-1,-1,-1,1,-1,1,1,-1,-1,1,1,-1,1,-1,-1,-1,1,1,-1,-1,1,-1,-1,1,-1,-1,1,-1,-1,-1,1,1,-1,1,1,-1,-1,1,-1,-1,1,1,-1,-1,1,1,-1,1,1,-1,1,1,1,-1,1,1,-1,1,1,1,-1,1,1,-1,1,-1,-1,-1,-1,1,1,1,1,-1,-1,1,1,-1,1,1,-1,1,-1,1,1,1,1,1,-1,1,1,1,1,-1,1,-1,-1,1,1,1,1,1,-1,-1,-1,1,1,1,-1,-1,1,1,-1,1,1,-1,-1,-1,1,1,1,1,1,-1,-1,1,-1,1,1,-1,-1,-1,-1,1,1,1,-1,-1,-1,-1,1,-1,1,-1,-1,-1,1,1,-1,1,1,-1,-1,1,1,-1,1,1,1,-1,-1,1,1,-1,1,-1,-1,-1,-1,1,-1,1,-1,-1,-1,1,-1,-1,1,1,1,-1,1,1,1,1,-1,-1,-1,1,-1,1,-1,1,-1,-1,1,-1,1,1,-1,-1,1,1,-1,-1,-1,1,-1,-1,-1,1,-1,1,-1,-1,-1,1,-1,-1,1,-1,1,-1,1,1,-1,-1,1,-1,-1,1,-1,-1,1,1,-1,-1,1,1,-1,-1,1,-1,-1,-1,-1,-1,-1,1,-1,-1,1,1,-1,-1,1,-1,1,-1,-1,1,-1,1,-1,1,-1,1,-1,-1,-1,1,-1,-1,-1,1,-1,1,1,-1,-1,1,-1,1,-1,1,-1,1,1,-1,1,-1,1,-1,-1,-1,-1,1,-1,1,-1,1,1,-1,1,-1,-1,1,-1,-1,1,-1,1,1,1,-1,1,-1,1,1,1,1,-1,1,-1,1,-1,1,1,-1,1,1,1,-1,1,1,1,1,-1,1,-1,-1,1,-1,1,1,-1,-1,-1,1,-1,1,1,1,-1,1,1,-1,-1,1,-1,1,-1,1,-1,-1,1,1,-1,1,-1,-1,-1,1,1,-1,1,1,-1,-1,-1,1,-1,1,1,-1,-1,-1,1,-1,-1,-1,-1,1,-1,1,-1,-1,-1,-1,-1,-1,1,-1,1,1,1,1,-1,1,-1,1,1,-1,1,-1,1,-1,-1,1,-1,1,-1,-1,1,1,1,1,1,1,-1,1,-1,1,-1,1,-1,1,-1,-1,1,-1,-1,-1,1,-1,1,1,-1,1,-1,1,1,1,-1,1,1,-1,-1,-1,1,1,-1,1,-1,-1,1,1,1,1,1,1,1,-1,-1,1,1,1,1,-1,-1,1,1,-1,1,1,-1,-1,-1,1,1,1,1,-1,-1,-1,1,1,1,1,-1,1,-1,-1,1,1,1,1,-1,-1,1,1,1,1,-1,1,-1,1,-1,1,-1,-1,1,-1,1,-1,1,1,-1,-1,-1,1,1,1,-1,-1,-1,-1,1,-1,1,1,-1,1,-1,1,-1,1,-1,-1,1,-1,1,-1,1,1,-1,1,-1,1,-1,1,1,-1,1,-1,1,-1,1,1,-1,1,1,1,1,1,-1,1,1,1,-1,-1,1,1,-1,1,-1,1,-1,1,1,-1,-1,1,-1,1,1,1,-1,1,1,-1,-1,1,1,1,1,1,-1,1,1,1,1,1,1,-1,1,1,1,1,1,1,-1,-1,1,1,1,1,1,-1,1,-1,1,1,1,1,1,1,1,1,1,-1,1,-1,1,1,-1,1,1,-1,1,1,1,1,1,1,-1,1,1,-1,1,1,1,1,-1,1,1,1,1,1,1,1,-1,-1,1,1,1,1,-1,1,-1,-1,-1,-1,1,1,-1,1,-1,1,1,1,1,1,1,-1,1,1,-1,1,-1,-1,1,1,1,1,1,-1,-1,-1,-1,1,1,1,-1,-1,1,-1,1,1,1,-1,-1,-1,-1,1,1,-1,-1,-1,1,-1,1,1,1,1,-1,-1,-1,-1,1,1,-1,-1,-1,-1,-1,1,-1,1,1,-1,-1,-1,1,1,-1,-1,-1,-1,-1,1,1,1,-1,-1,1,-1,1,1,-1,1,-1,-1,-1,1,1,-1,-1,-1,-1,-1,1,1,-1,-1,-1,-1,1,1,-1,-1,-1,-1,-1,-1,1,1,-1,-1,1,-1,-1,1,1,-1,1,-1,1,-1,1,1,-1,1,-1,1,-1,1,1,1,1,-1,1,-1,-1,1,-1,1,-1,1,-1,1,1,1,1,1,1,-1,1,-1,1,1,-1,-1,1,-1,1,1,1,-1,1,1,-1,-1,1,1,1,1,-1,1,1,1,1,1,1,-1,1,1,1,1,-1,1,-1,-1,1,-1,1,-1,1,1,-1,1,1,1,1,1,-1,-1,1,1,1,1,1,-1,-1,-1,1,1,1,1,-1,-1,1,1,1,1,1,1,-1,1,1,1,1,1,1,-1,1,1,1,1,1,1,-1,-1,1,1,1,1,1,-1,1,1,1,1,1,1,1,-1,1,1,-1,1,1,-1,1,1,-2628.0,1,2000,445,500,True
3074,1,1,-1,-1,1,-1,-1,1,1,1,1,-1,1,1,1,1,-1,1,-1,-1,-1,1,1,1,1,-1,-1,-1,1,1,1,1,1,-1,-1,1,-1,1,1,1,-1,-1,1,1,1,1,-1,-1,1,-1,1,1,-1,1,-1,-1,1,-1,1,1,-1,-1,-1,1,1,1,1,-1,-1,-1,1,-1,1,1,1,-1,-1,1,-1,1,1,-1,-1,-1,-1,1,1,1,-1,-1,1,1,-1,1,1,-1,-1,-1,-1,1,1,1,-1,-1,-1,-1,-1,1,1,-1,-1,1,-1,-1,1,1,-1,-1,1,-1,-1,1,1,1,-1,-1,-1,-1,1,1,1,-1,-1,-1,-1,1,1,1,-1,-1,-1,-1,1,1,1,-1,1,-1,-1,-1,1,-1,-1,-1,1,-1,-1,1,-1,-1,-1,-1,-1,-1,1,-1,1,-1,1,-1,-1,-1,-1,-1,-1,-1,-1,1,1,-1,-1,1,1,-1,1,-1,-1,-1,-1,-1,-1,-1,1,-1,1,-1,1,-1,1,-1,1,-1,-1,1,-1,1,-1,-1,-1,-1,1,-1,1,-1,-1,-1,-1,1,1,1,-1,1,-1,-1,1,1,1,-1,-1,-1,1,1,-1,1,-1,1,-1,-1,1,1,1,-1,-1,1,-1,1,1,1,-1,-1,1,-1,1,1,1,1,1,1,-1,1,1,1,-1,1,-1,1,1,-1,-1,-1,1,-1,1,1,1,-1,-1,1,-1,1,1,-1,1,-1,-1,1,-1,1,1,1,-1,1,1,-1,1,1,-1,-1,-1,1,1,1,-1,-1,-1,1,-1,1,1,1,1,-1,-1,1,1,1,-1,-1,-1,1,1,1,1,1,-1,-1,-1,-1,1,1,-1,-1,1,-1,1,1,1,-1,-1,-1,1,-1,1,1,-1,1,-1,-1,1,-1,1,-1,1,-1,1,1,1,1,-1,-1,-1,-1,-1,-1,1,-1,-1,-1,-1,-1,-1,-1,-1,-1,-1,-1,-1,-1,-1,-1,-1,1,1,-1,-1,-1,-1,1,1,-1,1,-1,1,-1,-1,1,-1,1,-1,1,-1,-1,-1,1,-1,1,-1,-1,-1,-1,-1,1,-1,1,-1,-1,1,1,1,-1,-1,1,-1,1,1,-1,1,-1,-1,-1,1,1,-1,-1,-1,-1,-1,1,1,1,1,1,-1,-1,1,1,1,1,-1,-1,-1,1,-1,1,1,1,-1,1,-1,1,1,-1,-1,-1,1,1,1,1,1,1,-1,-1,1,1,1,-1,-1,-1,-1,-1,1,1,1,1,-1,-1,1,-1,1,1,-1,1,-1,1,1,-1,1,1,-1,1,1,1,1,1,-1,-1,1,1,1,-1,1,1,-1,1,1,-1,1,1,1,-1,1,1,-1,1,-1,-1,-1,1,1,-1,1,-1,1,-1,-1,1,-1,1,-1,-1,1,-1,1,-1,1,-1,1,-1,1,1,-1,-1,1,1,-1,-1,1,-1,1,-1,1,1,-1,1,-1,-1,1,1,-1,-1,1,1,-1,1,1,1,1,1,1,-1,1,1,1,-1,-1,-1,1,-1,1,1,-1,1,-1,1,-1,-1,1,-1,-1,1,-1,-1,1,-1,-1,-1,1,1,-1,1,1,-1,-1,1,1,-1,-1,1,-1,-1,-1,-1,-1,-1,1,-1,-1,-1,-1,-1,-1,1,-1,-1,1,1,1,1,1,-1,-1,1,1,-1,-1,1,-1,-1,-1,1,-1,-1,1,1,-1,1,1,1,-1,1,-1,1,1,1,-1,-1,1,1,-1,1,1,-1,1,1,-1,1,1,1,-1,1,1,-1,-1,1,-1,1,1,1,-1,1,1,1,-1,-1,1,-1,1,1,1,1,-1,1,1,1,1,1,1,1,1,-1,1,-1,1,-1,-1,1,1,1,1,1,1,-1,1,-1,1,1,1,-1,-1,1,1,-1,1,-1,1,-1,1,1,1,1,1,1,-1,1,-1,1,1,1,1,-1,-1,-1,1,1,1,1,-1,1,-1,1,1,1,1,-1,-1,-1,1,1,1,1,-1,1,-1,1,1,-1,1,-1,1,-1,1,1,1,1,-1,-1,-1,1,1,1,1,-1,-1,-1,1,1,-1,1,-1,-1,1,1,1,-1,-1,-1,-1,-1,-1,1,-1,1,-1,-1,-1,1,-1,1,-1,-1,-1,1,1,1,1,-1,-1,-1,-1,1,-1,1,-1,-1,-1,1,1,1,1,-1,-1,-1,1,1,1,-1,1,-1,1,1,1,-1,1,-1,-1,1,1,1,-1,-1,-1,1,-1,1,1,-1,-1,-1,-1,-1,1,-1,1,-1,-1,-1,1,1,1,1,-1,-1,-1,1,-1,1,1,1,-1,1,-1,1,1,-1,-1,-1,-1,-1,1,1,1,-1,-1,1,-1,1,-1,1,-1,-1,-1,-1,1,-1,1,-1,1,-1,-1,1,1,1,-1,1,1,-1,1,1,1,-1,1,-1,1,1,1,-1,-1,1,1,1,-1,1,-1,1,1,1,-1,1,1,-1,-1,1,1,1,-1,1,-1,1,1,1,1,1,-1,1,-1,-1,1,1,1,1,1,-1,1,1,1,-1,-1,-1,1,-1,1,1,1,-1,1,-1,1,-1,1,1,-1,1,-1,1,1,1,1,-1,1,-1,1,1,1,1,-1,1,-1,-1,1,1,1,-1,-1,-1,1,1,1,-1,1,-1,1,1,1,1,1,1,-1,-1,1,1,-1,1,1,-1,-1,1,1,1,1,-1,1,-1,1,1,1,1,1,1,-1,1,1,1,1,-1,1,-1,-1,1,1,-1,1,1,-1,-1,1,1,-1,1,1,1,-1,1,1,1,-1,-1,1,-1,1,1,1,1,-1,1,-1,-1,1,1,-1,1,-1,1,1,1,1,-1,1,1,-1,1,1,1,-1,1,-1,1,1,-1,1,1,1,-1,-1,1,1,1,-1,-1,1,-1,1,1,-1,-1,1,-1,1,1,1,1,-1,1,-1,1,1,1,1,-1,1,1,1,1,1,1,-1,1,-1,1,1,1,1,-1,1,-1,1,1,1,1,-1,1,1,1,1,1,1,1,-1,1,1,1,-1,1,-1,1,-1,1,-2628.0,1,2000,445,500,True
3075,-1,-1,1,1,1,1,-1,1,-1,-1,-1,1,-1,-1,-1,-1,1,-1,1,-1,-1,1,-1,-1,-1,1,-1,-1,-1,-1,-1,-1,1,-1,-1,1,1,-1,-1,1,-1,-1,1,-1,-1,-1,1,1,-1,-1,-1,-1,1,1,-1,1,-1,1,-1,-1,1,1,-1,1,-1,-1,-1,1,1,-1,1,-1,-1,-1,1,1,1,1,-1,-1,-1,-1,1,-1,-1,-1,-1,1,1,1,1,-1,-1,-1,-1,1,-1,1,-1,1,-1,-1,1,1,-1,-1,-1,-1,-1,1,1,1,-1,-1,-1,-1,1,1,1,-1,-1,-1,-1,1,1,1,-1,-1,1,-1,1,1,-1,-1,-1,1,-1,1,1,-1,-1,-1,1,-1,-1,1,1,-1,-1,-1,-1,1,1,1,1,-1,1,-1,-1,1,-1,-1,-1,-1,1,-1,1,-1,1,-1,-1,-1,1,1,-1,-1,-1,1,-1,1,-1,1,1,-1,-1,-1,1,-1,-1,-1,-1,1,-1,1,-1,-1,1,-1,1,-1,1,-1,-1,1,-1,1,-1,1,1,-1,1,-1,1,1,-1,-1,-1,1,-1,1,-1,1,1,-1,1,1,-1,-1,1,1,-1,1,1,-1,1,-1,1,-1,1,-1,1,-1,1,1,-1,1,1,-1,-1,-1,1,-1,1,-1,-1,-1,1,-1,-1,1,-1,1,-1,1,1,-1,1,1,-1,-1,1,-1,1,1,1,-1,-1,1,-1,1,1,1,1,-1,1,1,-1,1,1,1,-1,-1,1,-1,1,-1,-1,-1,-1,1,1,1,1,-1,-1,1,1,-1,1,1,1,-1,-1,1,1,1,1,1,-1,1,1,1,1,-1,1,-1,-1,-1,1,1,1,1,-1,-1,1,1,1,1,1,-1,-1,1,-1,1,1,1,-1,-1,-1,1,1,1,-1,-1,-1,1,-1,1,1,-1,-1,-1,-1,1,1,1,-1,-1,-1,-1,1,1,1,-1,-1,-1,-1,1,1,1,-1,1,-1,1,1,1,1,1,1,-1,-1,1,-1,1,-1,1,-1,-1,-1,-1,1,1,-1,1,-1,1,1,-1,-1,-1,-1,-1,1,1,1,-1,1,1,-1,1,1,-1,-1,1,-1,1,1,1,-1,-1,1,-1,-1,1,1,-1,-1,1,-1,1,1,-1,-1,-1,1,-1,1,1,1,1,-1,1,1,1,-1,1,-1,-1,1,-1,1,-1,1,-1,1,1,1,1,-1,-1,1,-1,1,1,1,1,-1,-1,-1,1,1,1,1,-1,1,-1,-1,1,1,1,1,1,-1,1,1,-1,1,-1,1,-1,1,-1,1,1,1,1,1,1,1,1,-1,1,-1,1,1,-1,1,-1,1,-1,1,1,-1,1,-1,1,-1,1,-1,-1,1,-1,-1,1,1,-1,1,1,-1,1,1,1,1,1,1,1,-1,-1,1,1,1,-1,1,1,-1,1,-1,-1,1,-1,-1,1,1,1,-1,1,1,-1,1,1,1,-1,1,1,-1,-1,-1,1,1,-1,1,-1,1,1,1,1,1,-1,1,1,-1,-1,1,1,1,-1,1,-1,1,-1,1,1,1,-1,-1,-1,-1,-1,1,1,1,-1,-1,-1,1,1,-1,1,-1,-1,-1,1,1,1,1,-1,-1,-1,1,1,1,1,-1,-1,-1,-1,1,-1,1,-1,1,-1,-1,1,1,1,-1,-1,1,1,-1,-1,1,1,-1,-1,-1,-1,1,1,1,-1,-1,1,-1,1,1,1,-1,-1,1,-1,1,1,-1,-1,-1,-1,-1,1,1,-1,1,-1,-1,1,1,1,1,-1,1,-1,-1,1,1,1,-1,1,-1,1,1,1,1,-1,-1,1,1,1,1,1,-1,1,1,-1,1,1,1,-1,-1,1,1,1,-1,1,-1,-1,1,-1,1,1,1,-1,-1,1,1,1,1,1,-1,-1,1,1,1,1,-1,1,-1,1,-1,1,-1,-1,1,-1,1,-1,1,1,-1,-1,1,-1,1,1,-1,1,-1,1,1,-1,1,1,-1,1,1,-1,-1,1,-1,1,-1,1,1,1,1,1,1,-1,1,1,-1,1,1,-1,-1,1,1,-1,1,-1,1,1,1,1,-1,1,1,-1,-1,1,-1,-1,1,1,-1,1,-1,1,-1,1,1,1,1,1,1,-1,1,1,-1,1,-1,1,-1,1,1,1,1,1,1,-1,1,1,1,1,1,-1,-1,1,-1,1,1,-1,-1,1,1,1,1,1,-1,-1,-1,1,1,1,1,-1,1,-1,1,1,-1,1,-1,-1,-1,1,-1,1,1,1,-1,-1,1,1,1,1,1,-1,1,-1,1,-1,1,-1,-1,1,1,1,1,1,1,-1,-1,-1,1,1,1,1,-1,1,-1,-1,1,-1,1,-1,1,1,-1,1,1,1,-1,-1,1,-1,1,1,1,1,1,-1,1,-1,1,-1,-1,-1,-1,-1,-1,1,1,-1,1,-1,1,-1,1,1,-1,1,-1,-1,-1,1,1,-1,1,-1,1,-1,1,1,-1,-1,-1,-1,-1,-1,1,-1,1,-1,-1,1,1,1,-1,-1,1,-1,-1,-1,1,1,-1,-1,-1,1,-1,1,1,-1,-1,-1,1,-1,1,1,1,1,-1,-1,-1,1,-1,-1,-1,-1,-1,1,1,-1,1,-1,-1,-1,-1,1,1,-1,-1,-1,1,1,1,-1,-1,-1,1,-1,1,-1,-1,1,1,-1,-1,1,1,-1,1,1,-1,1,-1,1,-1,1,1,-1,1,1,-1,-1,-1,1,-1,1,-1,1,-1,-1,1,-1,1,-1,1,-1,-1,1,-1,-1,1,-1,-1,-1,1,-1,1,1,-1,1,-1,1,1,1,-1,1,-1,1,-1,1,1,-1,1,-1,-1,-1,-1,1,-1,1,-1,1,-1,1,1,1,-1,1,-1,1,1,1,-1,-1,-1,1,1,-1,1,-1,-1,1,1,1,1,1,-1,-1,1,1,1,1,1,1,-1,-1,-1,1,1,1,1,-1,1,1,-1,-1,1,-1,-1,1,1,1,1,1,1,-1,-1,1,1,-1,1,-1,1,-1,1,1,-1,1,1,-1,-1,1,-2628.0,1,2000,445,500,True
3076,1,1,-1,-1,1,-1,1,1,1,1,1,-1,1,1,1,1,-1,1,-1,-1,1,1,1,1,1,-1,1,1,1,1,1,1,1,-1,1,1,-1,1,1,1,-1,1,1,1,1,1,-1,-1,1,1,1,1,1,1,-1,1,-1,-1,1,1,1,-1,-1,-1,1,1,1,-1,-1,1,1,-1,1,1,-1,1,1,1,-1,1,1,-1,-1,1,-1,1,1,-1,-1,1,1,1,-1,1,-1,-1,1,-1,-1,-1,1,-1,-1,1,-1,-1,-1,1,-1,-1,1,1,-1,-1,1,1,-1,1,1,-1,-1,1,1,-1,1,1,-1,-1,1,-1,-1,1,-1,-1,-1,-1,-1,-1,1,-1,-1,-1,-1,1,-1,1,1,-1,-1,-1,1,-1,-1,1,1,-1,-1,-1,-1,1,-1,1,-1,-1,-1,-1,1,-1,1,-1,-1,-1,-1,1,-1,-1,-1,1,-1,-1,-1,1,1,-1,-1,-1,1,-1,-1,-1,-1,-1,-1,-1,-1,-1,1,-1,-1,-1,1,1,-1,1,-1,-1,-1,-1,-1,-1,1,-1,1,1,-1,1,-1,1,-1,1,-1,1,1,-1,1,1,-1,-1,1,1,-1,1,1,-1,1,1,-1,-1,1,-1,-1,-1,1,1,-1,1,1,-1,-1,1,-1,-1,1,-1,-1,-1,-1,-1,-1,1,-1,1,-1,-1,1,-1,1,1,-1,-1,-1,-1,1,1,1,-1,-1,-1,-1,1,1,1,1,-1,1,-1,-1,1,1,1,-1,-1,-1,-1,1,1,-1,-1,1,-1,1,1,1,-1,-1,1,-1,-1,1,1,1,-1,-1,-1,1,1,1,1,-1,1,-1,1,1,-1,1,-1,1,-1,1,1,1,1,-1,1,1,1,1,1,1,-1,-1,1,-1,1,1,1,1,-1,-1,1,1,1,-1,1,1,1,-1,1,1,-1,1,1,-1,1,-1,1,1,1,1,-1,1,1,1,-1,1,1,-1,1,1,1,-1,1,1,-1,1,1,1,1,1,1,-1,1,-1,1,-1,1,1,1,-1,-1,1,1,-1,1,-1,1,1,-1,-1,-1,-1,-1,1,1,1,-1,1,1,-1,1,1,-1,-1,1,1,1,1,1,-1,1,1,1,-1,1,1,-1,-1,-1,1,1,1,-1,-1,-1,1,1,1,-1,1,1,-1,1,-1,1,-1,1,-1,-1,1,-1,1,-1,1,-1,-1,1,-1,1,-1,-1,1,-1,1,-1,1,1,-1,-1,-1,1,-1,-1,1,-1,1,-1,-1,-1,1,1,1,1,-1,1,-1,-1,1,-1,1,-1,-1,-1,1,1,1,1,-1,1,-1,1,-1,1,-1,1,-1,-1,1,-1,1,-1,1,-1,-1,1,-1,1,1,-1,-1,-1,1,-1,-1,1,1,-1,-1,1,-1,1,1,-1,1,-1,1,-1,-1,-1,1,-1,-1,-1,-1,1,-1,1,-1,-1,1,-1,-1,1,1,-1,-1,-1,1,-1,1,1,-1,-1,-1,1,-1,-1,-1,1,1,-1,1,-1,1,1,1,-1,1,-1,1,1,-1,-1,1,1,1,1,-1,-1,1,-1,1,1,1,-1,-1,-1,1,-1,1,1,1,-1,-1,-1,1,1,-1,1,-1,-1,-1,1,1,-1,1,-1,-1,1,1,1,-1,1,-1,-1,-1,-1,1,1,1,-1,1,-1,-1,1,-1,1,-1,-1,1,1,-1,-1,1,1,-1,-1,-1,-1,-1,1,1,-1,-1,1,-1,-1,1,1,-1,-1,1,-1,1,1,-1,-1,-1,-1,-1,1,1,-1,1,-1,-1,1,1,1,1,-1,1,-1,-1,-1,1,1,-1,1,-1,1,-1,1,1,-1,-1,1,-1,1,1,1,-1,1,1,-1,-1,1,1,-1,-1,1,1,-1,1,1,-1,-1,1,-1,-1,1,1,-1,-1,1,1,-1,1,1,-1,-1,1,1,-1,1,1,1,-1,1,-1,-1,1,-1,1,-1,1,-1,-1,1,-1,-1,1,-1,1,-1,1,1,-1,1,1,-1,-1,1,-1,1,1,1,-1,-1,1,1,-1,1,1,-1,-1,1,1,-1,1,1,-1,-1,-1,1,-1,1,1,-1,-1,-1,1,1,1,1,1,-1,1,-1,-1,-1,1,1,-1,-1,1,1,-1,1,-1,-1,-1,1,1,1,1,1,-1,-1,1,1,-1,1,-1,-1,1,1,1,1,-1,1,-1,1,1,1,1,-1,-1,-1,1,1,1,-1,-1,1,-1,1,1,1,-1,-1,1,1,1,1,1,-1,1,1,-1,1,-1,1,-1,-1,1,1,1,1,1,-1,1,1,1,1,1,1,1,-1,1,-1,1,-1,1,-1,1,1,-1,1,1,1,-1,-1,1,1,1,1,1,-1,1,1,-1,1,1,-1,-1,1,1,-1,1,1,1,-1,1,1,1,1,1,-1,1,1,1,1,1,-1,-1,-1,1,1,1,1,1,-1,-1,1,1,1,-1,1,1,-1,1,1,1,1,-1,1,-1,1,1,1,1,-1,1,-1,1,1,1,1,1,1,-1,-1,1,1,1,-1,1,-1,1,-1,1,1,-1,1,-1,-1,1,-1,1,1,1,-1,1,1,1,1,-1,1,1,1,1,1,-1,1,1,1,-1,1,1,-1,1,1,1,-1,1,1,-1,1,1,-1,1,1,-1,1,1,1,1,-1,1,-1,-1,1,1,-1,-1,1,1,-1,1,1,1,-1,1,1,-1,-1,1,1,-1,1,1,-1,1,1,-1,-1,-1,-1,-1,1,-1,1,-1,-1,1,-1,1,-1,1,-1,-1,1,-1,-1,1,-1,-1,-1,1,-1,1,1,-1,1,-1,-1,1,1,-1,1,-1,1,-1,1,1,-1,1,-1,-1,-1,-1,1,-1,1,-1,1,-1,1,1,1,-1,1,-1,1,1,1,-1,1,-1,1,-1,-1,1,-1,-1,1,1,1,1,1,-1,-1,1,1,-1,1,1,1,-1,-1,1,-1,1,1,1,-1,1,1,1,1,1,-1,-1,1,1,-1,1,1,1,-1,-1,1,-1,1,1,-1,1,-1,1,1,-1,1,1,-1,-1,1,-2628.0,1,2000,445,500,True
3077,1,1,1,1,-1,1,-1,1,1,-1,-1,1,-1,1,1,1,1,-1,1,-1,-1,1,1,-1,-1,1,-1,-1,1,1,1,-1,-1,-1,-1,1,-1,1,-1,1,-1,-1,1,1,1,-1,1,1,-1,-1,1,-1,1,1,-1,-1,1,-1,1,-1,1,-1,-1,-1,1,1,-1,1,1,-1,1,-1,1,1,-1,1,-1,1,-1,1,1,1,1,-1,-1,1,1,-1,1,1,1,1,-1,1,-1,1,-1,-1,-1,1,1,-1,1,1,-1,-1,-1,1,-1,1,1,-1,-1,-1,1,-1,1,1,1,-1,-1,1,1,1,1,-1,-1,-1,1,-1,1,1,-1,-1,-1,1,1,1,1,-1,-1,-1,1,1,-1,1,1,-1,-1,-1,1,-1,1,-1,1,-1,-1,-1,1,1,-1,-1,-1,-1,1,-1,1,-1,1,-1,-1,-1,1,1,-1,-1,-1,1,-1,1,-1,1,1,-1,-1,-1,1,-1,-1,-1,-1,-1,-1,1,-1,-1,1,-1,-1,-1,-1,1,-1,1,-1,-1,1,1,1,-1,1,-1,1,1,1,1,-1,1,-1,1,-1,-1,-1,-1,1,1,-1,-1,1,1,-1,1,-1,-1,1,-1,1,-1,1,-1,-1,1,1,1,-1,1,1,-1,-1,1,-1,-1,1,-1,1,-1,-1,-1,-1,1,-1,-1,1,-1,1,-1,1,1,-1,1,-1,-1,1,1,1,1,-1,1,-1,1,1,1,1,-1,1,-1,-1,1,1,1,-1,-1,-1,-1,1,-1,-1,-1,1,-1,1,1,1,-1,-1,-1,-1,1,1,1,1,-1,-1,-1,1,1,1,1,-1,1,-1,1,1,-1,1,-1,-1,-1,1,1,1,1,-1,-1,1,1,1,1,1,-1,-1,1,-1,1,1,1,-1,-1,-1,1,1,1,-1,-1,-1,1,-1,1,1,-1,-1,-1,-1,1,1,-1,1,-1,-1,-1,1,1,1,-1,-1,-1,-1,1,1,1,1,1,-1,1,1,1,1,1,1,-1,-1,1,-1,1,-1,1,-1,-1,-1,-1,1,1,-1,1,-1,1,1,1,-1,-1,-1,1,1,-1,1,-1,1,1,-1,1,1,-1,1,1,1,-1,1,1,-1,1,1,-1,1,1,1,1,1,1,1,1,1,-1,1,1,-1,1,-1,1,1,1,-1,1,-1,1,-1,1,1,-1,1,1,-1,1,1,1,-1,-1,1,1,-1,-1,1,1,-1,1,1,-1,-1,-1,1,-1,1,1,1,-1,1,1,-1,1,1,1,1,1,1,-1,-1,1,-1,-1,1,-1,-1,-1,1,-1,1,1,-1,-1,1,1,-1,1,1,-1,-1,1,1,-1,1,1,-1,-1,1,1,-1,1,1,-1,-1,1,-1,-1,-1,1,1,-1,-1,1,-1,1,-1,1,-1,1,1,-1,-1,-1,1,-1,-1,1,-1,1,-1,1,-1,-1,1,-1,-1,1,1,-1,-1,-1,1,-1,1,1,-1,1,-1,1,-1,-1,1,1,1,-1,1,-1,1,-1,1,-1,-1,-1,1,1,-1,-1,1,1,1,-1,1,-1,1,-1,1,1,1,-1,-1,-1,-1,-1,1,-1,1,-1,-1,-1,1,1,-1,1,-1,-1,-1,1,1,-1,1,-1,-1,1,1,1,-1,1,-1,-1,-1,-1,1,1,1,-1,1,-1,-1,1,-1,1,-1,-1,1,1,-1,-1,1,1,-1,-1,-1,-1,-1,1,1,-1,-1,-1,1,-1,1,1,-1,-1,1,-1,1,1,-1,-1,-1,-1,-1,1,1,-1,1,-1,-1,1,1,1,1,-1,-1,-1,-1,-1,1,-1,1,-1,-1,1,-1,1,1,-1,1,-1,-1,1,1,1,-1,1,-1,1,-1,1,1,-1,-1,-1,-1,-1,1,1,-1,1,-1,1,-1,1,1,-1,-1,1,-1,-1,1,1,-1,-1,-1,1,-1,1,1,1,-1,1,-1,-1,-1,-1,1,-1,1,-1,-1,1,-1,-1,1,-1,1,-1,1,1,-1,1,-1,1,-1,1,-1,1,-1,1,-1,-1,1,1,-1,1,-1,-1,-1,-1,1,-1,1,-1,1,1,-1,1,-1,1,1,-1,-1,-1,1,1,1,1,1,-1,-1,1,1,-1,1,1,1,-1,-1,1,-1,1,-1,1,-1,1,1,1,-1,1,1,-1,1,1,-1,1,1,1,-1,1,-1,1,-1,1,-1,-1,1,1,-1,1,-1,-1,1,-1,1,-1,1,1,1,1,1,1,-1,1,1,1,1,1,1,-1,1,1,1,1,-1,1,-1,1,1,-1,1,1,1,1,1,1,1,-1,1,1,1,-1,1,1,1,-1,1,-1,1,1,1,1,1,1,1,1,1,-1,1,1,-1,1,-1,1,1,1,1,-1,1,-1,1,-1,1,-1,-1,1,-1,1,-1,1,-1,1,-1,1,1,1,1,-1,1,1,1,1,-1,-1,1,1,-1,-1,1,-1,1,-1,1,-1,1,1,-1,-1,1,1,1,1,-1,-1,-1,-1,1,1,-1,1,1,-1,-1,1,1,1,1,-1,-1,1,1,1,-1,1,1,-1,-1,1,1,-1,1,1,-1,-1,1,1,-1,1,-1,-1,-1,1,1,1,1,1,-1,-1,1,1,-1,-1,-1,-1,1,1,1,-1,1,-1,-1,1,1,1,-1,1,1,-1,1,1,-1,-1,1,-1,1,-1,1,1,-1,1,1,-1,-1,1,1,-1,1,1,-1,-1,1,1,-1,1,1,-1,1,1,-1,-1,-1,1,-1,1,-1,1,-1,-1,1,1,-1,1,1,-1,1,1,-1,-1,1,-1,-1,-1,1,-1,1,1,-1,-1,1,1,1,1,-1,1,1,1,1,1,1,-1,1,-1,-1,1,-1,1,-1,-1,1,1,1,-1,1,1,-1,-1,-1,1,1,1,-1,-1,1,1,1,1,1,-1,-1,1,1,1,1,1,-1,-1,1,1,1,1,1,1,-1,1,1,1,1,1,1,-1,1,1,1,1,1,-1,-1,1,1,1,1,1,1,-1,-1,1,1,1,1,-1,1,-1,1,1,-1,1,1,-1,-1,1,-2628.0,1,2000,445,500,True
3078,1,1,-1,-1,1,1,-1,1,1,1,1,-1,1,1,1,1,-1,1,-1,-1,-1,1,1,1,1,1,-1,-1,1,1,1,1,-1,-1,-1,1,-1,1,1,1,-1,-1,1,1,1,1,1,1,-1,-1,1,1,-1,1,-1,-1,1,-1,1,1,1,-1,-1,1,1,1,1,1,1,-1,1,-1,1,1,1,1,-1,1,-1,1,1,-1,1,-1,-1,1,1,1,1,1,1,1,-1,1,1,1,-1,-1,-1,-1,1,1,1,1,-1,-1,-1,1,1,1,1,-1,-1,-1,1,1,1,1,1,-1,-1,1,1,1,1,-1,-1,-1,1,1,1,1,-1,-1,-1,-1,1,1,1,-1,-1,-1,-1,1,1,1,1,-1,-1,-1,1,1,1,-1,1,-1,-1,-1,1,1,-1,1,-1,-1,1,-1,1,-1,1,-1,-1,-1,1,1,-1,-1,-1,1,-1,1,-1,1,1,-1,-1,-1,1,-1,-1,-1,-1,-1,-1,1,-1,-1,1,-1,-1,-1,1,-1,-1,1,-1,-1,1,1,1,-1,1,-1,1,1,-1,-1,-1,1,-1,1,-1,1,1,-1,1,1,-1,-1,1,1,-1,1,1,-1,1,-1,1,-1,1,-1,-1,-1,1,-1,-1,1,1,-1,1,-1,1,-1,1,-1,-1,-1,1,-1,-1,1,-1,1,-1,1,1,1,1,1,-1,-1,1,-1,1,1,1,-1,-1,1,-1,1,1,1,1,-1,1,1,-1,1,1,1,-1,1,1,-1,1,1,-1,-1,-1,1,1,1,1,-1,-1,1,-1,1,1,1,1,-1,-1,1,1,1,1,1,-1,1,-1,1,1,-1,1,-1,-1,-1,1,1,1,1,-1,-1,1,1,1,1,1,-1,1,-1,1,1,1,1,-1,-1,1,-1,1,1,-1,-1,1,1,1,1,1,-1,-1,-1,-1,-1,-1,1,-1,-1,-1,-1,-1,1,1,-1,-1,-1,-1,-1,1,1,-1,1,1,-1,-1,1,1,1,1,-1,1,-1,-1,1,-1,1,-1,1,-1,-1,1,1,-1,1,-1,1,1,-1,-1,-1,-1,1,-1,-1,1,-1,1,1,1,-1,1,-1,-1,1,1,-1,1,1,-1,-1,1,1,-1,-1,1,-1,-1,1,1,1,1,-1,-1,-1,1,1,1,1,1,1,-1,1,-1,1,1,1,-1,-1,1,1,1,-1,1,-1,1,1,1,1,1,-1,1,-1,1,1,1,-1,-1,-1,-1,1,1,1,1,-1,1,-1,-1,1,1,1,-1,1,-1,1,1,-1,1,-1,1,-1,1,-1,1,1,1,1,1,1,1,-1,1,1,-1,1,1,-1,1,1,1,-1,1,1,-1,1,-1,1,-1,1,1,-1,1,-1,1,1,1,-1,1,1,-1,1,1,-1,1,-1,1,-1,1,-1,1,1,1,-1,1,1,-1,1,-1,-1,1,-1,1,1,1,1,-1,-1,1,1,-1,1,1,1,-1,1,1,1,-1,1,1,-1,1,1,1,1,-1,-1,1,-1,1,1,-1,-1,1,1,-1,-1,1,-1,1,-1,1,-1,1,-1,-1,-1,1,-1,-1,1,1,-1,-1,-1,1,-1,-1,1,-1,-1,-1,1,-1,-1,1,-1,-1,1,1,-1,-1,1,-1,-1,-1,-1,1,1,1,-1,1,-1,-1,-1,-1,1,-1,-1,1,1,-1,-1,1,1,-1,-1,-1,1,-1,1,1,-1,-1,1,-1,-1,1,1,-1,-1,1,-1,1,1,-1,-1,-1,-1,-1,1,1,-1,1,-1,-1,1,1,1,1,-1,1,-1,-1,-1,1,1,-1,1,-1,1,-1,1,1,-1,-1,1,1,1,1,1,-1,1,1,-1,-1,1,1,-1,-1,1,1,-1,1,1,-1,-1,1,1,-1,1,1,-1,-1,1,1,-1,1,1,-1,-1,1,1,-1,1,1,1,-1,1,-1,-1,1,-1,1,-1,1,-1,-1,1,-1,-1,1,-1,1,-1,1,1,-1,1,1,-1,-1,1,-1,1,1,-1,-1,-1,1,1,-1,1,1,-1,-1,1,1,-1,1,1,-1,-1,-1,1,-1,1,1,-1,-1,-1,1,1,1,1,-1,-1,1,-1,-1,1,-1,-1,-1,-1,-1,1,-1,1,-1,-1,-1,1,1,1,1,-1,-1,-1,1,1,-1,1,-1,-1,-1,1,1,1,1,-1,-1,-1,1,1,1,-1,-1,-1,1,1,1,-1,-1,1,-1,1,1,1,-1,-1,-1,1,1,1,1,-1,1,-1,-1,-1,-1,1,1,-1,-1,-1,1,1,1,1,-1,-1,-1,-1,1,1,1,-1,1,1,-1,1,1,-1,-1,-1,-1,-1,1,1,1,-1,-1,1,-1,1,1,1,-1,1,-1,-1,1,-1,1,-1,1,-1,-1,1,1,1,-1,-1,1,-1,1,1,1,-1,1,-1,1,-1,1,-1,-1,1,-1,-1,-1,1,-1,-1,1,-1,1,-1,1,-1,-1,1,-1,-1,-1,1,-1,1,1,-1,-1,-1,1,1,-1,-1,1,-1,-1,1,1,-1,1,-1,-1,1,-1,-1,1,-1,1,-1,-1,-1,1,-1,1,1,-1,1,-1,1,-1,-1,1,-1,1,-1,1,-1,1,1,-1,-1,-1,1,-1,-1,-1,-1,-1,1,-1,-1,1,-1,-1,-1,1,-1,1,1,-1,-1,1,1,-1,-1,1,-1,1,-1,1,-1,-1,1,1,-1,1,-1,1,-1,1,1,-1,1,1,1,-1,1,1,-1,1,-1,1,-1,-1,1,-1,1,-1,1,-1,-1,1,1,1,-1,1,1,-1,1,-1,-1,1,-1,1,-1,1,-1,1,1,-1,1,-1,1,1,1,-1,1,-1,1,1,1,1,-1,1,1,-1,1,1,1,-1,1,-1,1,1,-1,1,1,1,-1,-1,1,1,1,-1,-1,1,-1,1,1,-1,-1,1,-1,1,1,1,1,-1,1,-1,1,1,1,1,-1,1,1,1,1,1,1,-1,1,-1,1,1,1,1,-1,1,-1,1,1,1,1,-1,1,1,1,1,1,1,1,-1,1,1,1,-1,1,-1,1,-1,1,-2628.0,1,2000,445,500,True
3079,1,1,-1,-1,1,1,-1,1,1,1,1,-1,-1,1,1,1,-1,1,-1,-1,-1,1,1,1,1,1,-1,-1,1,1,1,1,-1,-1,-1,1,-1,1,1,1,-1,-1,1,1,1,1,1,1,-1,1,1,1,-1,1,-1,-1,1,-1,1,1,1,-1,-1,-1,1,1,1,1,1,-1,1,-1,1,1,1,1,-1,1,1,1,1,-1,1,-1,-1,1,1,1,1,1,1,1,-1,1,1,1,-1,-1,-1,1,1,1,1,1,-1,-1,-1,1,1,1,1,-1,-1,-1,1,1,1,1,1,-1,-1,1,1,1,1,-1,-1,-1,1,1,1,1,-1,-1,-1,1,1,1,1,-1,-1,-1,1,1,1,1,1,-1,-1,-1,1,1,1,-1,1,-1,-1,1,1,1,-1,1,-1,-1,1,-1,1,-1,1,-1,1,-1,1,1,-1,-1,-1,1,1,1,-1,1,1,-1,1,-1,1,-1,-1,-1,-1,1,-1,1,-1,-1,1,-1,1,-1,1,-1,-1,1,-1,1,1,1,1,-1,1,-1,1,-1,1,-1,-1,1,1,1,-1,1,1,-1,1,1,-1,1,-1,1,-1,1,-1,1,-1,1,1,-1,1,1,1,-1,1,-1,-1,1,1,1,-1,-1,1,-1,1,1,-1,-1,1,-1,-1,1,1,1,-1,1,1,-1,1,-1,-1,-1,1,1,-1,1,1,-1,-1,1,-1,-1,1,-1,1,-1,1,1,-1,1,1,1,-1,1,1,-1,1,1,-1,-1,-1,1,1,1,-1,-1,-1,1,1,-1,1,1,1,-1,-1,1,1,1,-1,-1,-1,1,1,1,-1,1,-1,-1,-1,1,1,1,-1,-1,-1,-1,1,1,1,-1,-1,-1,1,1,-1,1,-1,-1,-1,-1,1,1,1,-1,1,-1,1,1,-1,1,-1,-1,-1,-1,-1,1,1,-1,-1,-1,-1,-1,1,-1,-1,-1,-1,-1,1,1,-1,-1,-1,1,1,-1,1,-1,-1,1,1,-1,-1,1,1,-1,-1,1,-1,1,-1,1,-1,-1,-1,1,-1,1,-1,-1,-1,-1,-1,-1,1,1,-1,-1,1,1,-1,1,-1,-1,1,1,1,1,1,-1,-1,1,1,1,-1,1,-1,-1,-1,1,1,1,1,1,-1,-1,1,1,1,1,-1,-1,-1,1,-1,1,-1,1,-1,-1,1,1,1,-1,-1,-1,1,1,1,1,-1,1,-1,-1,1,1,1,1,-1,-1,-1,1,1,1,1,1,-1,-1,-1,1,1,1,-1,1,-1,1,1,-1,1,1,-1,1,-1,1,1,1,-1,-1,-1,1,1,1,-1,1,-1,-1,1,-1,1,-1,1,-1,-1,1,-1,1,-1,-1,-1,1,-1,-1,1,-1,1,1,-1,-1,1,1,-1,-1,1,-1,1,-1,1,-1,1,-1,1,-1,-1,-1,-1,1,-1,-1,1,-1,1,-1,1,1,-1,-1,-1,-1,1,1,-1,-1,-1,1,-1,1,1,1,1,1,1,-1,1,1,1,-1,1,-1,1,-1,-1,1,-1,1,-1,1,-1,1,-1,-1,-1,1,-1,-1,1,-1,-1,-1,1,1,-1,1,1,-1,-1,1,1,-1,-1,1,-1,-1,-1,-1,-1,-1,1,-1,-1,-1,-1,-1,-1,1,-1,-1,1,1,1,1,1,-1,-1,1,1,-1,-1,1,-1,-1,-1,1,-1,-1,1,1,-1,1,1,1,-1,1,-1,1,1,1,-1,-1,-1,1,-1,1,1,-1,1,1,-1,1,1,1,-1,1,1,-1,-1,1,-1,1,1,1,-1,1,1,1,-1,-1,1,-1,1,1,1,1,-1,1,1,1,1,1,1,1,1,-1,1,1,1,-1,-1,1,1,1,1,1,1,-1,1,-1,1,1,1,-1,-1,1,1,-1,1,-1,1,-1,1,1,1,1,1,1,-1,1,-1,1,1,1,1,-1,-1,-1,1,1,1,1,-1,1,-1,1,1,1,1,-1,-1,-1,1,1,1,1,-1,1,-1,1,1,-1,1,-1,-1,1,1,1,1,1,-1,-1,-1,1,1,-1,1,-1,-1,-1,1,-1,1,1,-1,-1,-1,1,1,1,1,-1,-1,1,1,-1,1,1,-1,-1,-1,1,-1,-1,1,-1,-1,-1,1,1,1,1,-1,-1,-1,1,1,1,1,-1,-1,-1,1,1,-1,1,-1,-1,1,1,1,-1,1,-1,1,1,1,-1,-1,1,-1,1,1,1,-1,-1,1,1,-1,1,1,-1,1,1,-1,-1,1,1,1,-1,1,-1,1,1,1,1,-1,-1,-1,1,1,1,1,-1,1,1,-1,1,1,-1,-1,-1,-1,-1,1,1,1,-1,1,1,-1,1,1,1,-1,-1,-1,-1,-1,-1,1,-1,1,-1,-1,1,1,1,-1,1,1,-1,1,1,1,-1,1,-1,1,1,1,-1,-1,1,-1,-1,-1,1,-1,1,1,-1,1,-1,1,-1,-1,1,-1,-1,-1,1,-1,1,1,-1,-1,-1,1,1,-1,-1,1,-1,-1,-1,1,-1,1,-1,-1,-1,-1,-1,1,-1,1,-1,-1,-1,1,-1,1,1,-1,-1,-1,1,-1,1,1,-1,1,-1,1,1,1,1,-1,-1,-1,1,-1,1,-1,-1,-1,-1,1,-1,1,-1,-1,-1,1,-1,1,1,1,-1,-1,-1,1,-1,1,-1,1,-1,1,-1,-1,1,1,-1,1,-1,1,-1,1,1,-1,1,-1,1,-1,1,1,-1,1,1,-1,-1,-1,1,-1,1,-1,1,-1,-1,1,1,1,-1,1,-1,-1,1,-1,-1,1,-1,-1,-1,1,-1,1,1,-1,1,-1,1,1,1,-1,1,-1,1,1,1,1,-1,1,-1,-1,1,1,1,-1,1,-1,1,1,-1,1,1,-1,1,-1,1,1,1,-1,1,-1,1,1,1,1,-1,-1,1,1,1,1,1,-1,-1,1,1,1,1,1,1,-1,-1,1,1,1,1,1,-1,1,1,1,1,1,1,-1,1,1,1,1,1,1,-1,-1,1,1,1,1,1,1,-1,1,1,-1,1,1,-1,-1,1,-2628.0,1,2000,445,500,True
3080,-1,-1,1,1,1,1,-1,1,-1,-1,-1,1,-1,1,-1,-1,1,-1,1,1,-1,-1,-1,-1,-1,1,-1,-1,-1,-1,-1,-1,1,1,-1,-1,1,-1,-1,-1,1,-1,-1,-1,-1,-1,-1,-1,1,1,-1,-1,1,-1,1,-1,-1,1,-1,-1,-1,1,1,1,-1,1,-1,-1,-1,-1,-1,1,-1,-1,-1,-1,-1,-1,1,-1,-1,1,1,-1,1,-1,-1,-1,-1,1,-1,-1,-1,1,-1,-1,-1,1,1,1,1,1,-1,-1,1,1,-1,1,1,-1,-1,1,1,-1,1,1,-1,-1,1,1,1,-1,1,-1,-1,1,1,-1,1,1,-1,-1,1,1,-1,1,1,-1,-1,-1,1,-1,1,1,1,-1,1,1,1,-1,1,-1,-1,-1,-1,-1,1,1,-1,-1,1,1,-1,-1,1,1,-1,1,1,-1,1,1,-1,-1,1,1,-1,1,1,-1,1,-1,-1,-1,1,1,-1,1,1,1,-1,-1,1,-1,1,1,1,-1,1,1,-1,1,1,1,-1,1,-1,-1,-1,1,1,-1,1,-1,1,1,1,1,-1,1,1,-1,-1,1,-1,-1,-1,1,-1,-1,1,-1,1,-1,1,-1,-1,1,1,-1,-1,1,-1,1,1,-1,-1,-1,1,-1,1,1,-1,-1,1,1,-1,1,1,-1,-1,-1,1,1,-1,-1,-1,1,1,1,1,1,-1,-1,1,-1,-1,1,1,-1,1,1,1,1,1,-1,1,1,1,1,1,1,1,1,1,-1,-1,1,-1,1,-1,1,1,-1,-1,1,1,-1,1,-1,1,-1,1,1,-1,1,1,1,-1,1,1,-1,1,-1,1,1,-1,1,-1,1,1,1,-1,-1,1,-1,1,1,-1,-1,1,1,-1,1,1,-1,-1,1,-1,1,1,1,1,-1,1,-1,-1,1,1,-1,-1,1,1,1,1,1,1,-1,1,1,1,-1,1,1,-1,-1,1,1,-1,1,1,-1,1,1,1,-1,1,-1,1,1,-1,1,1,-1,1,-1,1,1,1,1,-1,1,-1,-1,1,-1,-1,-1,1,-1,1,-1,1,1,-1,1,-1,1,-1,1,-1,1,-1,-1,1,1,1,-1,1,-1,1,1,-1,1,-1,-1,-1,1,1,1,1,1,-1,-1,1,-1,1,1,-1,-1,1,1,-1,1,-1,1,-1,1,-1,1,1,1,-1,-1,1,1,-1,1,-1,1,-1,-1,1,-1,1,-1,-1,-1,-1,1,-1,-1,1,1,-1,-1,1,-1,1,1,-1,1,-1,1,-1,1,-1,1,-1,1,1,1,-1,-1,-1,-1,1,1,-1,1,-1,1,-1,1,-1,1,1,-1,1,-1,1,-1,-1,1,-1,-1,-1,1,-1,1,-1,-1,1,-1,1,-1,-1,1,-1,-1,1,-1,1,-1,-1,-1,1,-1,1,1,-1,-1,-1,1,-1,1,-1,-1,1,-1,1,1,-1,1,-1,-1,1,1,-1,-1,1,1,-1,1,1,1,1,1,1,-1,1,1,1,-1,1,-1,1,-1,-1,-1,-1,1,-1,1,-1,1,-1,1,-1,1,-1,-1,-1,1,1,-1,1,1,-1,1,-1,1,-1,1,1,-1,1,-1,1,-1,-1,-1,-1,1,-1,1,-1,-1,-1,-1,1,-1,1,-1,1,1,1,1,-1,1,-1,1,1,-1,1,-1,-1,1,-1,1,-1,1,-1,-1,1,1,1,1,1,-1,1,-1,-1,1,-1,1,-1,1,1,-1,1,-1,-1,-1,1,-1,1,1,-1,-1,-1,1,1,1,-1,1,1,1,1,-1,1,1,-1,-1,1,1,-1,1,1,1,1,1,1,-1,-1,1,1,-1,1,1,-1,1,1,-1,1,1,1,-1,-1,1,1,1,-1,1,-1,-1,1,-1,1,1,1,-1,-1,-1,1,1,1,1,-1,-1,1,1,1,1,-1,1,-1,1,1,1,-1,-1,1,-1,1,-1,1,1,-1,1,-1,1,1,1,-1,1,-1,-1,1,1,-1,1,-1,1,1,-1,1,1,-1,1,-1,-1,1,-1,1,-1,1,1,-1,1,-1,1,-1,1,-1,1,-1,1,1,-1,-1,1,-1,-1,-1,1,-1,1,-1,1,-1,-1,1,1,-1,1,1,-1,-1,1,-1,1,1,-1,1,-1,1,-1,-1,1,1,1,-1,1,1,1,-1,1,1,-1,1,-1,-1,1,1,-1,-1,-1,1,-1,1,1,-1,1,1,-1,-1,1,1,-1,-1,1,-1,-1,1,-1,1,-1,1,-1,1,-1,1,-1,-1,1,-1,-1,1,1,-1,1,1,1,-1,1,-1,1,1,1,-1,1,-1,1,-1,1,1,-1,-1,-1,1,-1,1,-1,-1,-1,-1,1,-1,1,1,1,1,-1,-1,1,1,1,1,-1,-1,1,-1,1,-1,1,-1,1,-1,1,1,1,-1,1,1,-1,1,1,1,1,-1,1,-1,1,1,1,-1,-1,-1,-1,1,1,1,1,1,-1,-1,1,1,1,1,1,-1,-1,1,1,-1,1,1,-1,-1,1,1,-1,1,-1,-1,-1,1,-1,-1,1,1,-1,-1,-1,1,-1,1,1,-1,-1,1,1,-1,1,1,-1,-1,1,1,-1,1,1,-1,-1,-1,1,1,1,1,-1,1,-1,1,1,1,1,-1,1,-1,1,1,1,-1,-1,1,-1,1,1,-1,1,-1,-1,-1,1,-1,1,-1,-1,-1,-1,1,-1,1,1,-1,-1,1,1,-1,1,-1,1,-1,-1,-1,1,1,-1,1,-1,-1,-1,-1,1,-1,1,1,-1,1,-1,1,1,-1,1,-1,-1,1,1,-1,-1,1,1,1,1,1,-1,1,-1,-1,1,1,-1,-1,1,-1,-1,-1,-1,1,-1,1,-1,1,1,1,-1,-1,-1,-1,-1,-1,-1,-1,-1,1,-1,1,1,1,-1,1,1,-1,1,1,1,1,-1,1,-1,1,1,1,1,-1,1,-1,1,1,1,1,-1,1,-1,1,1,1,1,-1,1,-1,1,1,1,-1,-1,1,-1,-1,1,1,-1,-1,-1,1,-1,1,1,1,-1,1,-1,-1,1,-2628.0,1,2000,445,1500,True
3081,1,1,-1,-1,1,-1,1,-1,1,1,1,-1,1,1,1,1,-1,1,-1,-1,1,-1,1,1,1,-1,1,1,1,1,1,1,1,-1,1,-1,1,1,1,1,-1,1,-1,1,1,1,-1,-1,1,1,1,1,1,1,-1,1,1,-1,1,1,1,-1,-1,-1,1,1,1,-1,-1,1,-1,1,1,1,-1,1,1,-1,1,1,1,-1,-1,1,1,1,1,-1,-1,1,1,1,1,1,-1,-1,1,-1,1,-1,1,-1,-1,1,-1,1,1,1,-1,-1,1,1,1,1,1,1,-1,1,1,1,1,1,1,-1,1,1,1,1,1,-1,-1,1,-1,1,1,-1,-1,-1,1,-1,1,1,-1,1,-1,1,1,1,1,1,1,-1,-1,1,-1,1,1,-1,-1,1,-1,1,1,1,-1,-1,1,-1,-1,1,-1,-1,-1,1,-1,1,1,1,-1,-1,-1,1,-1,1,-1,-1,-1,-1,-1,1,1,-1,-1,1,-1,-1,-1,1,-1,-1,-1,1,-1,-1,1,-1,-1,-1,-1,-1,-1,1,-1,-1,-1,1,-1,-1,1,-1,-1,1,1,-1,-1,-1,1,-1,-1,-1,-1,-1,1,1,-1,1,-1,-1,-1,1,1,-1,-1,1,-1,-1,-1,1,-1,-1,-1,-1,-1,1,1,1,-1,-1,-1,-1,1,1,-1,-1,1,-1,1,-1,-1,-1,-1,1,1,-1,1,-1,-1,1,-1,1,-1,-1,-1,-1,1,-1,-1,1,-1,1,-1,-1,-1,-1,1,-1,-1,-1,-1,1,1,1,-1,-1,-1,1,-1,-1,1,1,-1,1,-1,-1,1,1,-1,-1,-1,1,-1,1,1,1,-1,-1,-1,-1,1,1,-1,1,-1,-1,1,1,1,-1,-1,-1,-1,1,-1,1,-1,-1,-1,-1,-1,1,1,-1,1,-1,-1,1,-1,1,-1,1,-1,-1,-1,1,1,-1,-1,-1,-1,-1,1,-1,-1,1,-1,-1,-1,1,-1,-1,1,-1,-1,1,1,-1,-1,1,1,-1,-1,1,1,-1,1,-1,-1,-1,-1,1,-1,-1,1,-1,-1,1,-1,-1,1,1,1,-1,1,1,-1,1,-1,1,-1,1,-1,1,1,-1,1,-1,1,-1,1,1,-1,-1,1,1,-1,-1,1,-1,1,1,1,1,-1,1,1,-1,-1,1,-1,-1,1,1,-1,1,-1,1,-1,-1,1,-1,-1,1,-1,-1,-1,1,-1,1,-1,1,-1,-1,1,-1,-1,-1,-1,-1,-1,1,-1,-1,1,1,-1,-1,1,-1,1,-1,-1,1,-1,1,-1,-1,1,1,-1,-1,-1,1,-1,-1,-1,1,-1,1,-1,-1,1,1,-1,-1,-1,1,-1,1,1,-1,-1,-1,-1,-1,-1,-1,1,-1,-1,1,-1,1,1,1,1,-1,-1,1,-1,-1,1,-1,-1,-1,-1,-1,1,-1,1,-1,-1,-1,-1,1,-1,1,-1,-1,-1,-1,1,1,1,-1,-1,-1,-1,1,-1,1,-1,1,-1,-1,1,1,-1,1,1,-1,-1,1,1,1,1,1,1,1,-1,-1,1,-1,-1,1,1,1,-1,1,-1,1,-1,-1,-1,1,1,-1,1,1,-1,-1,-1,1,-1,1,1,-1,1,-1,1,-1,-1,-1,-1,-1,-1,1,-1,-1,-1,-1,-1,-1,1,-1,1,1,1,1,-1,1,-1,1,1,-1,-1,-1,1,-1,-1,1,-1,1,-1,-1,1,1,1,1,-1,-1,1,1,1,1,-1,1,-1,-1,1,1,1,-1,-1,-1,1,1,1,1,-1,-1,-1,1,-1,1,-1,1,-1,-1,-1,1,1,-1,-1,-1,-1,-1,1,1,-1,1,-1,-1,-1,1,1,1,1,-1,-1,-1,1,-1,1,-1,-1,-1,1,1,1,1,1,-1,1,-1,1,-1,1,-1,-1,-1,-1,1,1,-1,1,-1,-1,-1,1,1,1,1,-1,-1,1,-1,1,-1,-1,-1,1,1,-1,1,1,-1,-1,-1,1,1,-1,1,1,-1,1,-1,1,-1,1,-1,-1,-1,1,1,-1,1,-1,-1,1,-1,1,-1,1,1,-1,-1,-1,1,-1,1,-1,-1,-1,1,1,-1,1,-1,-1,-1,1,1,1,1,1,-1,1,1,1,-1,1,1,-1,-1,1,1,-1,1,-1,-1,-1,1,1,1,-1,1,-1,-1,1,-1,1,-1,1,-1,-1,1,1,-1,-1,1,-1,1,1,1,-1,1,-1,-1,1,1,1,-1,-1,1,-1,1,1,1,1,-1,1,1,1,1,1,-1,1,1,-1,1,1,-1,1,-1,1,1,1,1,1,1,1,1,1,1,-1,1,-1,1,1,-1,1,1,1,1,-1,1,-1,1,1,1,1,-1,1,1,1,1,-1,1,-1,1,-1,1,1,-1,1,1,1,-1,1,1,1,1,1,1,1,1,1,1,1,1,1,1,1,1,1,1,1,1,1,1,-1,1,-1,1,1,1,1,1,1,-1,1,1,1,1,1,1,1,1,1,1,1,1,1,1,1,1,1,1,1,1,1,1,1,1,1,1,1,1,1,-1,1,1,1,1,1,1,1,-1,1,1,1,1,1,1,1,1,-1,1,1,1,1,1,-1,1,1,1,-1,1,1,-1,1,1,1,-1,1,1,-1,1,1,1,1,1,-1,1,1,1,-1,1,1,-1,-1,1,1,1,1,1,1,-1,1,1,1,1,1,1,-1,-1,-1,1,-1,1,1,-1,1,1,-1,1,1,-1,-1,1,-1,1,1,1,1,-1,1,-1,1,1,1,1,-1,-1,1,-1,-1,1,1,-1,1,1,-1,-1,1,-1,1,1,-1,1,1,1,-1,1,1,-1,1,1,1,-1,-1,1,-1,-1,1,-1,-1,1,1,1,-1,-1,1,1,1,1,-1,-1,1,1,-1,-1,1,-1,-1,-1,1,1,1,1,-1,-1,1,1,-1,1,1,1,-1,1,1,-1,1,1,1,-1,1,1,1,1,1,-1,-1,1,-1,-1,-1,1,1,-1,-1,1,-1,1,1,-1,1,-1,1,1,-1,1,1,-1,-1,1,-2628.0,1,2000,445,500,True
3082,-1,-1,1,1,1,-1,1,1,-1,-1,-1,-1,1,1,-1,-1,1,-1,-1,-1,1,1,-1,-1,-1,-1,1,1,1,-1,-1,-1,1,-1,1,1,1,-1,-1,-1,-1,1,1,-1,-1,-1,-1,-1,1,-1,1,-1,1,-1,-1,-1,-1,1,-1,-1,-1,-1,-1,1,-1,-1,-1,-1,-1,1,1,-1,-1,-1,-1,1,1,1,-1,1,-1,1,-1,1,-1,-1,-1,-1,-1,-1,1,-1,1,-1,-1,-1,1,-1,-1,1,-1,-1,-1,1,-1,-1,1,-1,-1,1,1,1,-1,1,-1,-1,-1,1,-1,-1,1,-1,-1,-1,1,1,-1,-1,-1,-1,1,1,-1,-1,1,-1,-1,1,1,-1,-1,-1,1,-1,-1,1,-1,-1,-1,1,-1,-1,1,-1,1,-1,1,-1,-1,1,-1,1,-1,-1,1,-1,1,-1,-1,1,1,-1,1,1,-1,-1,1,-1,-1,1,-1,1,1,-1,-1,-1,1,-1,-1,-1,1,1,-1,1,-1,-1,1,-1,-1,-1,1,1,-1,1,-1,-1,1,1,1,-1,1,1,-1,1,-1,1,-1,1,-1,-1,-1,1,1,1,1,1,-1,-1,1,1,-1,1,1,-1,-1,1,1,1,1,-1,-1,-1,1,-1,1,1,1,-1,-1,1,-1,1,1,-1,-1,-1,1,-1,1,1,-1,-1,1,-1,1,1,1,1,-1,1,-1,1,1,1,-1,-1,-1,-1,1,1,1,1,-1,-1,-1,1,1,1,1,-1,-1,-1,-1,1,1,-1,-1,-1,-1,1,1,1,1,-1,-1,1,-1,1,1,1,-1,-1,-1,-1,1,1,1,1,-1,1,-1,1,1,-1,1,-1,-1,-1,1,1,1,1,-1,-1,1,1,1,1,-1,-1,-1,-1,1,1,1,-1,-1,-1,1,-1,1,1,1,-1,-1,1,1,1,1,-1,-1,-1,-1,-1,1,1,-1,-1,-1,-1,-1,1,1,-1,-1,-1,-1,-1,1,1,1,-1,1,-1,-1,1,1,1,-1,-1,-1,1,-1,1,1,-1,-1,-1,-1,-1,1,1,-1,1,-1,1,1,1,1,1,-1,-1,1,1,1,1,-1,1,-1,1,1,-1,1,-1,1,-1,1,1,1,1,-1,-1,1,-1,1,1,1,-1,1,1,1,-1,1,1,1,-1,-1,1,1,1,1,-1,-1,1,1,1,1,-1,1,-1,-1,1,1,-1,-1,1,-1,-1,1,-1,1,-1,1,-1,-1,-1,-1,1,-1,1,-1,-1,1,-1,1,-1,1,-1,1,-1,-1,1,-1,1,-1,-1,1,-1,1,-1,-1,-1,-1,-1,1,1,-1,1,-1,-1,1,-1,1,-1,-1,1,-1,1,-1,1,-1,-1,-1,-1,-1,-1,1,-1,-1,1,-1,1,-1,1,1,-1,-1,1,-1,1,1,-1,-1,-1,-1,-1,-1,-1,1,-1,-1,-1,1,1,-1,1,-1,-1,-1,-1,-1,1,1,-1,-1,-1,-1,-1,1,1,-1,-1,-1,-1,-1,-1,-1,1,1,-1,-1,-1,1,1,1,-1,1,1,1,1,-1,-1,1,1,1,-1,1,-1,1,-1,1,1,1,-1,-1,-1,1,1,1,1,1,-1,-1,-1,1,1,-1,1,-1,-1,-1,1,1,1,1,-1,-1,-1,1,1,1,1,-1,-1,-1,-1,1,-1,1,-1,1,-1,-1,1,1,1,-1,-1,1,1,1,-1,1,1,-1,-1,-1,-1,1,1,1,-1,-1,-1,1,1,1,-1,-1,-1,1,-1,1,1,-1,-1,-1,-1,-1,-1,1,-1,1,-1,1,1,-1,1,1,-1,-1,-1,-1,1,1,1,-1,-1,-1,1,1,1,1,-1,-1,-1,-1,-1,1,1,-1,1,-1,1,1,-1,1,-1,-1,1,1,1,-1,1,-1,-1,1,-1,1,-1,1,1,-1,1,1,1,-1,-1,-1,-1,-1,1,1,-1,1,1,-1,-1,-1,1,1,1,1,-1,1,-1,1,-1,1,-1,-1,-1,1,1,1,1,-1,-1,1,-1,1,1,1,1,-1,1,-1,1,-1,1,1,-1,1,-1,1,1,1,1,-1,1,-1,1,1,1,1,-1,1,-1,1,1,1,1,1,1,1,1,1,1,1,-1,1,1,1,1,1,1,-1,1,-1,1,1,-1,1,1,-1,1,1,1,1,1,1,-1,1,1,1,-1,1,1,-1,1,1,1,1,1,-1,1,-1,1,-1,1,1,1,-1,1,1,1,1,1,1,-1,1,-1,1,1,1,1,1,1,1,1,-1,1,1,-1,1,1,-1,1,1,1,1,1,1,1,1,1,1,-1,1,1,1,-1,1,-1,1,1,1,1,1,1,1,-1,1,-1,1,1,-1,1,1,1,1,1,1,-1,1,1,1,1,1,1,-1,1,1,1,1,-1,1,1,1,1,1,1,1,-1,1,-1,1,1,1,-1,1,1,-1,1,1,1,-1,1,1,-1,1,1,1,1,-1,1,1,1,1,1,1,-1,1,1,1,1,1,-1,-1,1,1,1,1,1,-1,1,1,1,1,-1,1,1,-1,1,1,1,1,-1,1,-1,1,1,1,1,1,1,-1,1,1,1,1,1,-1,-1,1,1,-1,1,1,-1,-1,1,1,-1,1,1,-1,1,1,1,-1,1,-1,-1,1,1,-1,1,1,-1,1,-1,1,1,1,1,1,-1,1,-1,1,1,1,1,-1,-1,1,1,-1,1,1,-1,-1,1,-1,1,1,-1,-1,1,-1,1,1,1,1,-1,1,-1,1,-1,1,1,-1,-1,-1,-1,-1,1,1,1,-1,-1,-1,-1,1,-1,-1,1,-1,1,1,1,-1,1,-1,-1,1,1,1,1,1,-1,-1,-1,1,-1,-1,1,-1,-1,1,-1,1,1,1,-1,-1,-1,1,-1,-1,1,-1,-1,1,-1,1,1,1,1,-1,1,-1,-1,-1,1,-1,-1,1,1,1,-1,1,1,-1,1,-1,1,1,1,1,-1,1,-1,1,-1,-1,1,-1,1,1,1,-1,1,1,-1,-1,1,1,1,-1,1,-1,1,-1,1,-2628.0,1,2000,445,1000,True
3083,-1,-1,1,1,1,-1,1,1,-1,-1,-1,-1,1,1,-1,-1,1,-1,-1,-1,1,1,-1,-1,-1,-1,1,1,-1,-1,-1,-1,1,-1,1,1,1,-1,-1,-1,-1,1,1,-1,-1,-1,-1,-1,1,-1,-1,-1,1,-1,-1,1,-1,1,-1,-1,-1,-1,-1,1,-1,-1,-1,-1,-1,1,1,-1,-1,-1,-1,1,1,1,-1,-1,-1,1,-1,1,-1,-1,-1,-1,-1,1,1,-1,-1,-1,-1,-1,1,-1,-1,1,-1,-1,-1,1,-1,-1,-1,-1,-1,-1,1,1,-1,-1,-1,-1,-1,1,1,-1,-1,-1,-1,-1,1,1,-1,-1,1,-1,-1,1,-1,-1,-1,-1,-1,-1,1,-1,-1,-1,-1,-1,-1,1,1,-1,-1,-1,-1,-1,-1,1,1,-1,1,-1,-1,1,-1,-1,-1,-1,-1,-1,1,-1,1,-1,-1,-1,-1,1,-1,-1,-1,-1,-1,-1,-1,1,1,-1,-1,-1,1,-1,-1,-1,-1,1,-1,-1,-1,-1,1,1,-1,-1,1,1,-1,1,-1,1,-1,-1,-1,-1,1,-1,1,-1,1,1,-1,1,1,1,-1,1,1,-1,1,1,-1,-1,1,1,-1,1,-1,1,-1,1,-1,-1,1,1,1,-1,1,1,-1,1,1,1,-1,-1,1,-1,1,-1,-1,-1,1,-1,-1,1,1,1,-1,1,-1,-1,1,-1,-1,-1,1,-1,1,1,-1,-1,-1,1,-1,1,1,-1,1,-1,1,-1,-1,1,1,1,-1,-1,1,-1,1,1,-1,-1,-1,1,1,1,-1,-1,-1,1,1,-1,1,1,1,-1,-1,1,1,1,-1,-1,-1,1,1,1,1,1,-1,-1,-1,-1,1,1,-1,1,-1,-1,1,1,1,-1,-1,-1,-1,1,-1,1,-1,1,-1,-1,-1,1,1,-1,1,-1,-1,1,-1,1,-1,-1,-1,-1,-1,1,1,-1,-1,-1,-1,-1,1,-1,-1,-1,-1,-1,-1,1,-1,-1,-1,1,-1,1,1,-1,-1,1,1,-1,-1,1,1,-1,-1,1,-1,-1,-1,1,-1,-1,-1,1,-1,1,-1,-1,-1,-1,-1,-1,1,1,-1,-1,1,1,-1,1,-1,-1,-1,1,-1,1,1,-1,-1,-1,1,-1,-1,1,-1,-1,-1,1,-1,1,1,1,-1,-1,1,-1,1,1,-1,-1,-1,1,1,1,-1,1,-1,-1,1,-1,-1,1,-1,-1,1,1,1,1,-1,1,-1,-1,1,1,1,1,-1,-1,-1,1,1,1,1,1,-1,-1,-1,1,1,1,-1,1,-1,1,1,-1,1,1,-1,-1,1,-1,1,1,-1,-1,1,1,1,1,-1,1,-1,1,1,-1,1,-1,1,-1,1,-1,1,1,-1,-1,-1,1,-1,-1,1,1,1,-1,1,-1,1,1,-1,-1,1,-1,1,1,1,1,1,-1,1,1,1,-1,-1,1,-1,1,-1,-1,1,-1,1,1,1,1,-1,1,1,1,-1,1,1,-1,1,1,1,1,-1,1,1,-1,1,1,1,1,1,1,1,-1,1,1,-1,1,-1,1,-1,-1,1,-1,-1,1,-1,-1,1,-1,-1,-1,1,1,-1,1,1,-1,-1,1,1,-1,-1,1,-1,-1,-1,-1,-1,1,1,-1,-1,-1,-1,-1,1,1,-1,-1,1,1,1,-1,1,-1,-1,1,1,-1,1,1,-1,-1,-1,1,-1,-1,1,1,-1,1,1,1,1,1,-1,1,1,1,-1,1,1,1,-1,1,1,-1,1,1,-1,1,1,1,-1,1,1,-1,-1,1,-1,1,1,1,-1,1,1,1,-1,1,1,-1,1,1,1,1,1,1,1,1,1,1,1,1,1,-1,1,1,1,-1,1,1,1,1,1,1,1,1,1,-1,1,1,1,1,1,1,1,-1,1,-1,1,1,1,1,1,1,1,1,1,1,-1,1,1,1,-1,1,-1,-1,1,1,1,-1,1,1,-1,1,1,1,1,1,1,1,1,1,1,-1,1,1,-1,1,1,-1,-1,1,1,-1,1,1,1,-1,1,1,-1,1,1,1,-1,1,1,-1,1,1,1,-1,1,1,1,1,1,1,-1,1,1,-1,-1,1,-1,-1,1,1,1,1,-1,1,-1,1,1,-1,1,1,1,-1,1,1,-1,1,1,1,-1,1,1,1,1,1,1,-1,1,1,1,1,1,-1,-1,1,-1,1,1,-1,-1,1,1,1,1,1,-1,-1,-1,1,1,1,1,-1,1,1,1,1,1,1,1,-1,-1,1,1,1,1,1,-1,1,1,1,1,1,1,-1,1,1,1,-1,1,-1,-1,1,1,1,1,1,1,-1,-1,-1,1,1,1,1,-1,1,1,1,1,-1,1,-1,1,1,1,1,1,1,-1,-1,-1,1,1,1,1,1,1,1,1,-1,1,-1,-1,-1,1,1,-1,1,1,-1,1,1,-1,-1,1,1,-1,1,1,1,-1,1,1,-1,1,1,1,-1,1,1,-1,-1,1,1,1,-1,1,-1,1,1,1,-1,1,1,-1,-1,1,1,-1,-1,1,1,-1,-1,1,1,-1,1,1,-1,1,1,-1,-1,1,1,1,1,-1,-1,-1,1,-1,-1,1,-1,1,-1,1,-1,1,1,-1,-1,1,1,1,-1,-1,1,1,1,1,-1,1,-1,-1,1,1,-1,-1,1,1,-1,-1,1,1,-1,1,1,-1,1,-1,1,-1,1,1,-1,1,1,-1,-1,-1,-1,-1,1,-1,1,-1,-1,1,-1,1,1,1,-1,-1,1,-1,-1,1,-1,-1,-1,-1,-1,1,1,-1,1,-1,-1,1,1,-1,1,-1,1,-1,1,1,-1,1,-1,-1,-1,-1,1,-1,1,-1,1,-1,1,1,1,-1,1,-1,1,1,1,-1,-1,-1,1,-1,-1,1,-1,-1,1,1,1,1,1,-1,-1,1,1,-1,1,1,1,-1,-1,1,-1,1,1,1,-1,1,1,1,1,1,-1,-1,1,1,-1,-1,1,1,-1,-1,1,-1,1,1,-1,1,-1,1,1,-1,1,1,-1,-1,1,-2628.0,1,2000,445,500,True
3084,1,1,-1,-1,1,1,-1,1,1,1,1,-1,-1,1,1,1,-1,1,-1,-1,-1,1,1,1,1,1,-1,-1,1,1,1,1,-1,-1,-1,1,-1,1,1,1,-1,-1,1,1,1,1,1,1,-1,-1,1,1,-1,1,-1,-1,1,-1,1,1,1,-1,-1,-1,1,1,1,1,1,-1,1,-1,1,1,1,1,-1,1,-1,1,1,-1,1,-1,-1,1,1,1,1,1,1,1,-1,1,1,1,-1,-1,-1,-1,1,1,1,1,-1,-1,-1,1,1,1,1,-1,-1,-1,1,1,1,1,1,-1,-1,1,1,1,1,-1,-1,-1,1,1,1,1,-1,-1,-1,-1,1,1,1,-1,-1,-1,-1,1,1,1,1,-1,-1,-1,1,1,1,-1,1,-1,-1,-1,1,1,-1,-1,-1,-1,1,-1,1,-1,1,-1,-1,-1,1,1,-1,-1,-1,1,-1,1,-1,1,1,-1,-1,-1,1,-1,-1,-1,-1,-1,-1,1,-1,-1,1,-1,-1,-1,1,-1,-1,1,-1,-1,1,1,1,-1,1,-1,1,1,-1,-1,-1,1,-1,1,-1,1,1,-1,1,1,-1,-1,1,1,-1,1,1,-1,1,-1,1,-1,1,-1,-1,-1,1,-1,-1,1,1,-1,-1,-1,1,-1,1,-1,-1,-1,1,-1,-1,1,-1,1,-1,1,1,1,1,1,-1,-1,1,-1,1,1,1,-1,-1,1,-1,1,1,1,1,-1,1,1,-1,1,1,1,-1,-1,1,-1,1,1,-1,-1,-1,1,1,1,1,-1,-1,1,-1,1,1,1,1,-1,-1,1,1,1,1,1,-1,1,-1,1,1,-1,1,-1,-1,-1,1,1,1,1,-1,-1,1,1,1,1,-1,-1,-1,-1,1,1,1,-1,-1,-1,1,-1,1,1,1,-1,-1,1,1,1,1,-1,-1,-1,-1,-1,1,1,1,-1,-1,-1,-1,-1,1,1,-1,-1,-1,-1,-1,1,1,-1,-1,-1,-1,-1,1,-1,1,-1,1,-1,1,-1,1,-1,-1,1,-1,1,-1,1,-1,-1,-1,1,-1,-1,1,1,1,1,-1,1,-1,1,-1,1,1,-1,-1,1,1,-1,1,-1,-1,-1,1,-1,1,1,-1,-1,-1,-1,1,1,1,1,-1,1,-1,1,-1,1,1,-1,-1,-1,1,-1,1,1,-1,1,-1,1,-1,1,1,-1,-1,-1,-1,1,1,1,1,1,-1,1,1,1,1,-1,-1,-1,-1,1,1,1,1,1,-1,-1,1,1,1,1,-1,1,-1,1,1,-1,1,1,-1,1,1,1,1,1,-1,-1,1,1,1,-1,1,1,-1,1,1,-1,1,1,1,-1,-1,1,-1,1,-1,-1,-1,-1,1,-1,1,1,1,-1,-1,1,1,1,-1,-1,1,-1,1,-1,1,-1,1,-1,1,1,1,-1,-1,1,-1,-1,1,-1,1,-1,1,1,-1,1,1,-1,1,1,-1,-1,1,1,-1,1,1,1,1,1,1,-1,1,1,1,-1,1,1,1,-1,1,1,-1,1,-1,1,-1,-1,1,-1,-1,1,-1,-1,1,-1,-1,-1,1,1,-1,-1,1,-1,-1,1,1,-1,-1,1,-1,-1,-1,-1,-1,-1,1,-1,-1,-1,-1,-1,-1,1,-1,-1,1,1,1,1,1,-1,1,1,1,-1,-1,1,-1,-1,-1,1,-1,-1,1,1,-1,1,1,1,-1,1,1,-1,-1,1,-1,-1,1,1,-1,-1,1,-1,1,1,-1,-1,1,1,-1,1,1,-1,-1,1,-1,1,1,1,1,-1,1,1,-1,-1,1,1,-1,1,1,1,-1,1,1,-1,-1,1,1,1,1,1,-1,1,1,-1,-1,1,1,-1,-1,1,1,-1,1,1,-1,-1,1,-1,-1,1,1,-1,-1,-1,1,-1,1,1,-1,-1,1,1,-1,1,1,1,-1,-1,1,-1,1,-1,1,-1,-1,1,-1,1,-1,1,-1,1,1,-1,1,1,-1,-1,1,1,-1,1,-1,1,-1,1,1,-1,1,1,1,-1,1,1,-1,1,1,1,-1,1,1,-1,-1,1,-1,-1,-1,1,-1,-1,1,1,-1,-1,-1,-1,1,-1,-1,1,-1,1,-1,-1,-1,1,-1,1,-1,-1,-1,1,1,1,-1,-1,-1,-1,1,1,1,-1,-1,-1,-1,1,1,1,1,-1,-1,-1,1,1,-1,1,-1,-1,1,1,1,1,-1,1,-1,1,1,1,1,-1,-1,1,1,1,1,1,-1,-1,-1,-1,-1,1,1,-1,-1,-1,1,1,1,1,-1,-1,-1,-1,1,1,-1,1,-1,1,-1,1,1,1,-1,-1,-1,-1,1,1,1,1,-1,1,-1,1,1,1,-1,-1,-1,-1,1,-1,1,-1,1,-1,-1,1,1,1,-1,-1,1,-1,1,1,-1,-1,-1,-1,1,-1,1,1,-1,1,-1,-1,-1,1,-1,1,1,-1,1,-1,1,1,-1,-1,-1,-1,-1,1,1,-1,1,-1,-1,-1,1,1,-1,-1,1,-1,-1,1,1,-1,1,-1,-1,1,1,1,-1,-1,1,-1,-1,-1,1,-1,1,1,-1,1,-1,1,-1,-1,1,-1,1,-1,1,-1,1,1,-1,-1,-1,1,-1,-1,-1,-1,-1,1,-1,-1,1,-1,-1,-1,1,-1,1,1,1,-1,1,1,-1,-1,1,-1,1,-1,1,-1,-1,1,1,-1,1,-1,1,-1,1,1,-1,1,1,1,-1,1,1,-1,1,-1,1,-1,-1,1,-1,1,-1,1,-1,-1,1,1,1,-1,1,1,-1,1,-1,-1,1,-1,1,-1,1,-1,1,1,-1,1,-1,1,1,1,-1,1,-1,1,1,1,1,-1,1,1,-1,1,-1,1,-1,1,-1,1,1,-1,1,1,1,-1,-1,1,1,1,-1,1,1,1,1,1,-1,-1,1,-1,1,1,1,1,-1,1,1,1,1,1,1,-1,1,1,1,1,1,1,-1,1,-1,1,1,1,1,-1,1,1,-1,1,1,1,-1,1,1,1,1,1,1,1,-1,1,1,1,-1,1,-1,1,1,1,-2628.0,1,2000,445,500,True
3085,1,1,-1,-1,1,-1,1,1,1,1,1,-1,1,1,1,1,-1,1,-1,-1,1,1,1,1,1,-1,1,1,1,1,1,1,1,-1,1,1,-1,1,1,-1,-1,1,1,1,1,1,-1,-1,1,-1,1,1,1,1,-1,1,1,-1,1,1,-1,-1,-1,-1,1,1,1,-1,-1,1,1,-1,1,1,-1,1,1,1,-1,1,1,-1,-1,1,-1,1,1,-1,-1,1,1,1,-1,1,-1,-1,1,-1,-1,-1,1,-1,-1,1,-1,-1,-1,1,-1,-1,1,1,-1,-1,1,1,-1,1,1,-1,-1,1,1,-1,1,1,-1,-1,1,-1,-1,1,-1,-1,-1,-1,-1,-1,1,-1,-1,-1,-1,1,-1,1,1,-1,-1,-1,1,-1,-1,1,1,-1,1,-1,-1,1,-1,1,-1,-1,1,-1,1,-1,1,-1,-1,-1,-1,1,-1,-1,-1,1,-1,-1,-1,1,1,-1,-1,-1,1,-1,-1,-1,-1,-1,-1,1,-1,-1,1,-1,-1,-1,1,1,-1,1,-1,-1,-1,-1,-1,-1,1,-1,1,1,-1,-1,-1,1,-1,1,-1,1,1,-1,1,1,-1,-1,1,1,-1,1,1,-1,1,1,1,-1,1,-1,-1,-1,1,1,-1,1,1,-1,-1,-1,1,-1,1,-1,-1,-1,1,-1,-1,1,-1,1,-1,1,1,-1,1,1,-1,-1,1,-1,1,1,1,-1,-1,1,-1,1,1,1,1,-1,1,1,-1,1,1,1,-1,-1,1,-1,1,1,-1,-1,-1,1,1,1,1,-1,-1,1,1,-1,1,1,1,-1,-1,1,1,1,1,1,-1,1,-1,1,1,-1,1,1,-1,-1,1,1,1,1,-1,-1,1,1,1,1,-1,-1,-1,1,-1,1,1,-1,-1,-1,-1,1,1,1,1,-1,-1,1,-1,1,1,-1,-1,-1,-1,1,1,1,1,-1,-1,-1,1,-1,1,1,-1,-1,-1,1,-1,1,1,1,-1,1,1,-1,1,-1,-1,-1,-1,1,1,-1,1,1,-1,-1,1,1,-1,1,-1,1,-1,1,-1,-1,1,-1,-1,-1,1,1,-1,1,-1,1,-1,1,-1,1,-1,1,-1,1,1,-1,1,-1,1,-1,-1,1,-1,-1,-1,1,-1,1,1,1,-1,-1,1,-1,1,1,-1,-1,1,-1,1,1,-1,1,-1,1,-1,-1,-1,1,-1,-1,1,1,1,1,-1,1,-1,-1,1,1,1,1,-1,-1,-1,1,1,1,1,1,-1,1,-1,-1,1,1,-1,1,-1,1,1,-1,1,1,-1,1,1,1,1,1,-1,-1,1,1,1,1,-1,1,-1,1,1,-1,1,-1,1,-1,1,1,-1,1,-1,-1,-1,1,1,-1,1,-1,1,-1,-1,1,1,1,-1,-1,1,-1,1,-1,1,1,1,-1,1,1,1,-1,1,1,-1,-1,1,-1,1,-1,1,1,-1,1,1,-1,1,1,-1,-1,1,1,-1,1,1,1,1,1,1,-1,1,1,1,-1,1,1,1,-1,1,1,-1,1,-1,1,-1,1,-1,-1,-1,1,-1,-1,1,-1,-1,-1,1,1,-1,-1,1,-1,-1,1,1,-1,-1,1,-1,-1,-1,-1,-1,-1,1,-1,-1,-1,-1,-1,-1,1,-1,-1,1,1,1,1,1,-1,-1,1,1,-1,-1,1,-1,-1,-1,1,-1,-1,1,1,-1,1,1,1,-1,1,1,-1,-1,1,-1,-1,1,1,-1,-1,1,-1,1,1,-1,-1,1,1,-1,1,1,-1,1,1,-1,1,1,1,1,-1,1,1,-1,-1,1,1,-1,1,1,1,-1,1,1,-1,-1,1,1,1,1,1,-1,1,1,-1,-1,1,1,-1,-1,1,1,-1,1,1,-1,-1,1,1,-1,1,1,-1,-1,-1,1,-1,1,1,-1,-1,1,1,-1,1,1,1,-1,-1,1,-1,1,-1,1,-1,-1,1,-1,1,-1,1,-1,1,1,-1,1,1,-1,-1,1,1,-1,1,-1,1,1,-1,1,-1,1,1,-1,-1,1,-1,-1,1,1,1,-1,1,1,-1,-1,1,-1,1,-1,1,-1,-1,1,1,-1,1,-1,-1,1,-1,-1,1,-1,1,-1,-1,-1,1,-1,1,-1,-1,-1,1,1,-1,1,-1,-1,-1,1,1,1,1,-1,-1,-1,1,1,1,1,-1,-1,1,1,1,1,-1,-1,-1,1,1,1,1,-1,1,-1,1,1,1,-1,-1,-1,1,1,1,1,1,-1,-1,-1,1,-1,1,1,-1,-1,1,1,1,1,1,-1,-1,1,1,1,1,1,1,-1,-1,1,-1,1,-1,-1,-1,-1,1,1,1,1,1,-1,1,1,1,1,1,-1,-1,1,1,1,-1,1,-1,1,-1,1,1,1,1,-1,-1,1,1,1,1,1,-1,-1,1,1,-1,1,-1,-1,1,1,1,-1,1,1,1,1,1,1,-1,1,1,-1,-1,1,1,-1,1,1,-1,1,1,1,-1,1,1,-1,-1,1,1,-1,1,1,-1,1,1,1,-1,1,1,-1,-1,1,1,-1,-1,1,1,1,-1,1,1,-1,1,1,-1,1,1,-1,-1,1,1,1,1,-1,-1,-1,1,-1,1,1,-1,-1,1,1,-1,1,1,-1,-1,-1,1,1,1,-1,1,1,1,1,-1,1,-1,-1,-1,1,-1,-1,1,1,-1,-1,1,1,-1,1,1,-1,1,-1,1,-1,1,1,-1,1,1,-1,-1,-1,-1,-1,1,-1,1,-1,-1,1,-1,1,-1,1,-1,-1,1,-1,-1,1,-1,-1,-1,1,-1,1,1,-1,1,-1,-1,1,1,-1,1,-1,1,-1,1,1,-1,-1,-1,-1,-1,-1,1,-1,1,-1,1,-1,1,1,1,-1,1,-1,1,1,1,-1,-1,-1,1,-1,-1,1,-1,-1,1,1,1,1,1,-1,-1,1,1,-1,1,1,1,-1,-1,-1,-1,1,1,1,-1,1,1,1,1,1,-1,-1,1,1,-1,1,1,1,-1,-1,1,-1,1,1,-1,1,-1,1,1,-1,1,1,-1,-1,1,-2626.0,1,2000,445,500,True
3086,1,1,-1,-1,1,-1,1,1,1,1,1,-1,1,1,1,1,-1,1,-1,-1,1,1,1,1,1,-1,1,1,1,1,1,1,-1,-1,1,1,-1,1,1,1,-1,1,1,1,1,1,-1,-1,1,-1,1,1,1,1,-1,1,-1,-1,1,1,-1,-1,-1,1,1,1,1,-1,-1,1,1,-1,1,1,-1,1,1,1,-1,1,1,-1,-1,1,-1,1,1,1,-1,1,1,-1,-1,1,-1,-1,1,1,-1,-1,1,-1,-1,1,1,-1,-1,1,-1,-1,1,1,-1,-1,1,1,-1,1,-1,-1,-1,1,-1,-1,1,1,-1,-1,1,-1,-1,1,1,-1,-1,-1,-1,-1,1,1,-1,-1,-1,1,-1,1,-1,-1,-1,-1,1,-1,-1,1,1,-1,-1,-1,-1,1,1,1,-1,-1,1,-1,1,1,1,-1,-1,-1,-1,1,1,-1,-1,1,-1,-1,1,-1,1,-1,-1,-1,-1,1,1,-1,-1,-1,-1,1,1,1,1,-1,-1,-1,-1,1,1,1,-1,-1,-1,-1,-1,1,1,-1,1,-1,-1,1,1,1,-1,1,1,1,1,1,1,1,-1,1,-1,-1,1,1,1,-1,1,1,-1,1,1,-1,-1,1,-1,1,1,1,1,-1,1,-1,-1,1,1,-1,1,1,-1,1,1,1,-1,-1,1,-1,1,-1,1,1,1,1,-1,1,-1,1,1,1,1,-1,1,-1,1,1,1,1,1,-1,1,1,1,-1,1,-1,-1,1,1,-1,1,1,1,-1,-1,1,1,-1,1,-1,1,-1,1,-1,1,1,-1,-1,-1,1,1,1,1,-1,1,-1,1,-1,1,1,1,1,-1,1,1,1,1,1,-1,-1,1,1,1,1,-1,1,1,1,1,1,1,1,-1,1,1,1,1,-1,1,-1,1,1,1,1,1,1,1,-1,-1,1,1,1,1,1,-1,1,1,1,1,1,1,-1,1,1,1,1,1,-1,-1,1,1,-1,-1,1,1,-1,-1,1,-1,1,1,1,1,-1,1,1,-1,1,1,-1,1,1,1,-1,-1,-1,-1,-1,1,1,-1,1,-1,-1,1,1,-1,1,1,1,-1,1,1,-1,1,1,-1,-1,1,1,-1,-1,1,-1,-1,-1,1,-1,1,-1,-1,1,1,1,1,-1,-1,-1,1,1,1,1,-1,1,-1,1,1,1,1,1,-1,-1,1,-1,1,-1,1,-1,-1,-1,-1,-1,1,1,-1,-1,1,-1,1,1,-1,-1,-1,-1,-1,1,-1,1,-1,-1,1,-1,1,1,1,-1,-1,-1,1,1,1,1,-1,-1,1,1,-1,1,-1,1,-1,1,1,-1,1,-1,1,1,-1,1,-1,1,-1,1,-1,1,-1,1,1,-1,-1,1,-1,1,-1,1,1,-1,1,-1,-1,-1,1,1,-1,1,-1,1,-1,1,-1,-1,1,-1,-1,1,1,1,-1,-1,1,-1,1,1,1,1,-1,1,-1,-1,1,1,1,-1,1,-1,1,-1,-1,-1,1,-1,1,1,-1,-1,1,1,1,1,-1,-1,1,-1,1,1,1,-1,-1,-1,-1,-1,1,1,1,-1,-1,-1,1,1,-1,1,-1,-1,-1,1,1,1,1,-1,-1,1,1,1,-1,1,-1,-1,-1,-1,1,1,1,-1,1,-1,-1,1,-1,1,-1,1,1,1,-1,-1,1,1,-1,-1,-1,-1,-1,1,1,-1,-1,-1,1,-1,1,1,-1,-1,1,-1,1,1,-1,-1,-1,-1,-1,1,1,-1,1,-1,-1,1,1,1,1,-1,-1,-1,-1,-1,1,1,-1,-1,-1,1,-1,1,1,-1,-1,-1,-1,1,1,1,-1,1,-1,1,-1,1,1,-1,-1,-1,-1,-1,1,1,-1,-1,-1,1,-1,1,1,-1,-1,1,1,-1,1,1,-1,-1,-1,1,-1,1,1,1,-1,1,-1,-1,1,-1,1,-1,-1,-1,-1,1,-1,1,-1,1,1,-1,1,1,-1,-1,1,1,-1,1,-1,-1,1,-1,-1,-1,1,1,-1,1,-1,-1,-1,1,1,-1,-1,1,-1,-1,-1,1,-1,1,-1,1,-1,-1,1,-1,-1,1,-1,-1,1,1,1,1,-1,-1,-1,-1,-1,1,-1,1,-1,-1,-1,1,-1,-1,1,-1,-1,-1,1,-1,-1,1,-1,-1,1,1,-1,1,1,-1,-1,1,-1,-1,1,-1,-1,-1,1,-1,-1,1,-1,1,-1,1,-1,-1,-1,-1,-1,1,1,-1,-1,1,1,-1,-1,1,1,-1,1,-1,-1,1,1,-1,-1,1,-1,1,1,1,-1,-1,1,-1,1,-1,1,1,-1,-1,1,1,-1,1,1,-1,-1,-1,1,1,1,1,1,-1,1,1,1,1,1,-1,-1,-1,1,-1,1,1,1,-1,1,1,1,1,-1,-1,1,1,1,1,1,1,-1,-1,1,1,1,1,-1,-1,-1,1,1,1,1,1,1,-1,1,1,1,1,1,1,-1,1,-1,1,1,1,1,-1,1,1,1,1,1,-1,-1,1,1,1,1,1,1,-1,1,-1,1,1,1,1,-1,-1,1,-1,1,1,1,-1,1,1,1,1,-1,1,-1,1,1,1,-1,1,1,-1,1,-1,1,-1,1,-1,1,1,1,1,-1,1,-1,1,-1,1,-1,-1,-1,-1,1,1,1,-1,-1,1,-1,-1,1,-1,1,-1,1,1,-1,1,-1,1,-1,-1,-1,-1,1,1,1,-1,-1,-1,1,1,-1,-1,-1,-1,1,-1,1,-1,1,-1,1,-1,-1,1,-1,1,-1,-1,1,1,1,1,-1,-1,-1,-1,1,-1,1,-1,-1,-1,1,-1,-1,1,-1,-1,-1,1,-1,1,-1,-1,-1,-1,1,1,1,1,-1,1,-1,-1,1,-1,-1,1,-1,-1,1,-1,1,1,-1,-1,1,1,1,-1,1,-1,-1,-1,1,1,1,1,-1,-1,-1,1,1,1,1,-1,-1,-1,-1,1,-1,1,1,-1,-1,1,1,1,-1,-1,-1,-1,1,1,1,1,-1,1,-1,-1,1,-1,1,1,-1,-1,1,-1,1,1,-2626.0,1,2000,445,1000,True
3087,1,1,-1,-1,1,-1,1,1,1,1,1,-1,1,1,1,1,-1,1,-1,-1,1,1,1,1,1,-1,1,1,1,1,1,1,1,-1,1,1,-1,1,1,1,-1,1,1,1,1,1,-1,-1,1,-1,1,1,1,1,-1,1,-1,-1,1,1,-1,-1,-1,-1,1,1,1,-1,-1,1,1,-1,1,1,-1,1,1,1,-1,1,1,-1,-1,1,-1,1,1,-1,-1,1,1,1,-1,1,-1,-1,1,-1,-1,-1,1,-1,-1,1,-1,-1,-1,1,-1,-1,1,1,-1,-1,1,1,-1,1,1,-1,-1,1,1,-1,1,1,-1,-1,1,-1,-1,1,-1,-1,-1,-1,-1,1,1,-1,-1,-1,-1,1,-1,1,1,-1,-1,-1,1,-1,-1,1,1,-1,-1,-1,-1,1,-1,1,-1,-1,-1,-1,1,-1,1,-1,-1,-1,-1,1,-1,-1,-1,1,-1,-1,-1,1,1,-1,-1,-1,1,-1,-1,-1,-1,-1,-1,1,-1,-1,1,-1,-1,-1,1,1,-1,1,-1,-1,-1,-1,-1,-1,1,-1,1,1,-1,-1,-1,1,-1,1,-1,1,1,-1,1,1,-1,-1,1,1,-1,1,1,-1,1,1,1,-1,1,-1,-1,-1,1,1,-1,1,1,-1,-1,-1,1,-1,1,-1,-1,-1,1,-1,-1,1,-1,1,-1,1,1,-1,1,1,-1,-1,1,-1,1,1,1,-1,-1,1,-1,1,1,1,1,-1,1,1,-1,1,1,1,-1,-1,1,-1,1,1,-1,-1,-1,1,1,1,1,-1,-1,1,1,-1,1,1,1,-1,-1,1,1,1,1,1,-1,1,1,1,1,-1,1,1,-1,-1,1,1,1,1,-1,-1,1,1,1,1,-1,-1,1,1,-1,1,1,-1,-1,-1,-1,1,1,1,1,-1,1,1,-1,1,1,-1,-1,-1,-1,1,1,1,1,-1,-1,-1,1,-1,1,1,-1,-1,-1,1,-1,1,1,1,-1,-1,1,-1,1,-1,-1,-1,-1,1,1,-1,1,1,-1,1,1,1,-1,1,-1,1,-1,1,-1,-1,1,-1,-1,-1,1,1,-1,1,-1,1,-1,1,-1,1,-1,1,-1,1,1,-1,1,-1,1,-1,-1,1,-1,-1,-1,1,-1,1,1,1,-1,-1,1,-1,1,1,-1,-1,1,-1,1,1,-1,1,-1,1,-1,-1,1,1,-1,-1,1,1,1,1,-1,1,-1,-1,1,1,1,1,-1,-1,-1,1,1,1,1,1,-1,1,-1,1,1,1,-1,1,-1,1,1,-1,1,1,-1,1,1,1,1,1,-1,-1,1,1,1,1,-1,1,-1,1,1,-1,1,-1,1,-1,1,1,-1,1,-1,-1,-1,1,1,-1,1,-1,1,-1,-1,1,1,1,-1,-1,1,-1,1,-1,1,1,1,-1,1,1,1,-1,1,1,-1,-1,1,-1,1,1,1,1,-1,1,1,-1,1,1,-1,-1,1,1,-1,1,1,1,1,1,1,-1,1,1,1,-1,1,1,1,-1,1,1,-1,1,-1,1,-1,1,-1,-1,-1,1,-1,-1,1,-1,-1,-1,1,1,-1,1,1,-1,-1,1,1,-1,-1,1,-1,-1,-1,-1,-1,-1,1,-1,-1,-1,-1,-1,-1,1,-1,-1,1,1,1,1,1,-1,-1,1,1,-1,-1,1,-1,-1,-1,1,-1,-1,1,1,-1,1,1,1,-1,1,1,-1,-1,1,-1,-1,1,1,-1,-1,1,-1,1,1,-1,-1,1,1,-1,1,1,-1,-1,1,-1,1,1,1,1,-1,1,1,-1,-1,1,1,-1,1,1,1,-1,1,1,-1,-1,1,1,1,1,1,-1,1,1,-1,-1,1,1,-1,-1,1,1,-1,1,1,-1,-1,1,-1,-1,1,1,-1,-1,-1,1,-1,1,1,-1,-1,1,1,-1,1,1,1,-1,-1,1,-1,1,-1,1,-1,-1,1,-1,1,-1,1,-1,1,1,-1,1,1,-1,-1,1,1,-1,1,-1,1,1,-1,1,-1,1,1,1,-1,1,1,-1,1,1,1,-1,1,1,-1,-1,1,-1,1,-1,1,-1,-1,1,1,-1,1,-1,-1,1,-1,-1,1,-1,1,-1,-1,1,1,-1,1,-1,-1,-1,1,1,-1,1,-1,-1,-1,1,1,1,1,-1,-1,1,1,1,1,1,-1,-1,1,1,1,1,-1,-1,-1,1,1,1,1,-1,1,-1,1,1,1,-1,-1,-1,1,1,1,1,1,-1,-1,-1,1,-1,1,-1,-1,-1,1,1,1,1,1,-1,-1,1,1,1,1,1,1,-1,-1,1,-1,1,-1,-1,-1,-1,1,1,1,1,1,-1,1,1,1,1,1,-1,-1,-1,1,1,-1,1,-1,1,-1,1,1,1,1,-1,-1,1,1,1,1,1,-1,1,1,1,-1,1,-1,-1,1,1,-1,-1,1,1,1,1,1,1,-1,1,1,-1,-1,1,1,-1,1,1,-1,1,1,1,-1,1,1,-1,-1,1,1,-1,-1,1,-1,1,1,1,-1,1,1,-1,-1,1,1,-1,-1,1,1,1,-1,1,1,-1,1,1,-1,1,1,-1,-1,1,1,1,1,-1,-1,-1,1,-1,-1,1,-1,-1,-1,1,-1,1,1,-1,-1,1,-1,1,1,-1,1,1,1,1,-1,1,-1,-1,-1,1,-1,-1,1,1,-1,-1,1,1,-1,1,1,-1,1,-1,1,-1,1,1,-1,1,1,-1,-1,-1,-1,-1,1,-1,1,-1,-1,1,-1,1,-1,1,-1,-1,1,-1,-1,1,-1,-1,-1,-1,-1,1,1,-1,1,-1,-1,1,1,-1,1,-1,1,-1,1,1,-1,-1,-1,-1,-1,-1,1,-1,1,-1,1,-1,1,1,1,-1,1,-1,1,1,1,-1,-1,-1,1,-1,-1,1,-1,-1,1,1,1,1,1,-1,-1,1,1,-1,1,1,1,-1,-1,-1,-1,1,1,1,-1,1,1,1,1,1,-1,-1,1,1,-1,1,1,1,-1,-1,1,-1,1,1,-1,1,-1,1,1,-1,1,1,-1,-1,1,-2626.0,1,2000,445,500,True
3088,-1,-1,1,1,1,1,-1,1,-1,-1,-1,1,-1,1,-1,-1,1,-1,1,-1,-1,1,-1,-1,-1,1,-1,-1,1,-1,-1,-1,1,-1,-1,1,1,-1,-1,1,-1,-1,1,-1,-1,-1,1,1,-1,-1,-1,-1,1,1,-1,-1,-1,1,-1,-1,1,1,-1,1,-1,-1,-1,1,1,-1,1,-1,-1,-1,1,1,-1,1,-1,-1,-1,-1,1,-1,-1,-1,-1,1,1,1,1,-1,-1,-1,-1,1,-1,-1,-1,1,-1,-1,1,1,-1,-1,-1,-1,1,1,1,-1,-1,-1,-1,-1,1,1,1,-1,-1,-1,-1,1,1,-1,-1,-1,1,-1,1,1,-1,-1,-1,1,-1,1,1,-1,-1,-1,1,-1,-1,1,1,-1,-1,-1,-1,1,1,-1,1,-1,1,1,-1,1,-1,-1,-1,-1,-1,-1,1,-1,1,-1,-1,-1,1,1,-1,-1,-1,1,-1,1,-1,1,1,-1,-1,-1,1,-1,-1,-1,-1,1,-1,1,-1,-1,1,-1,1,-1,-1,1,-1,1,-1,1,-1,1,1,-1,1,-1,1,-1,-1,1,-1,1,-1,1,-1,1,1,-1,1,1,-1,1,-1,1,-1,1,-1,1,-1,1,1,-1,1,-1,1,-1,-1,-1,-1,1,1,1,-1,-1,-1,-1,1,-1,-1,1,-1,-1,-1,1,-1,1,-1,-1,1,1,1,1,-1,-1,-1,-1,1,1,1,-1,-1,-1,-1,1,1,1,1,-1,-1,1,-1,1,1,1,-1,-1,-1,-1,1,-1,-1,-1,-1,1,1,1,1,-1,-1,1,-1,1,1,1,1,-1,-1,-1,1,1,1,1,-1,1,-1,1,1,-1,1,-1,-1,-1,1,1,1,1,-1,-1,1,1,1,1,-1,-1,-1,-1,1,1,1,-1,-1,-1,1,-1,1,1,1,-1,-1,1,1,1,1,-1,-1,-1,-1,-1,1,1,1,-1,-1,-1,-1,-1,1,1,-1,-1,-1,-1,-1,1,1,1,-1,-1,-1,-1,1,1,-1,-1,-1,-1,1,-1,1,1,-1,1,-1,1,-1,1,-1,1,-1,1,-1,-1,1,1,-1,-1,-1,1,-1,1,1,1,-1,-1,-1,1,1,1,-1,1,1,-1,1,1,1,-1,-1,-1,-1,-1,1,1,-1,1,1,1,-1,1,-1,1,1,1,-1,-1,1,-1,1,1,1,1,-1,-1,1,-1,1,-1,-1,-1,-1,-1,1,1,1,1,-1,1,-1,1,1,-1,-1,-1,-1,-1,1,1,1,1,-1,-1,1,1,1,1,-1,1,-1,-1,1,-1,1,1,-1,-1,-1,-1,1,1,-1,-1,-1,1,1,-1,1,1,-1,-1,1,-1,1,1,1,-1,-1,1,-1,1,-1,-1,-1,-1,1,-1,1,1,1,-1,-1,1,1,1,-1,-1,1,-1,-1,1,1,-1,1,-1,-1,1,1,1,-1,1,-1,1,-1,-1,1,-1,1,1,1,-1,1,1,1,1,-1,1,-1,-1,1,1,1,1,-1,1,1,-1,1,1,1,1,1,1,1,-1,1,1,-1,1,-1,1,-1,-1,1,-1,-1,1,-1,-1,1,-1,-1,-1,1,1,-1,1,1,-1,-1,1,1,-1,-1,1,-1,-1,-1,-1,-1,1,1,-1,-1,-1,-1,-1,1,1,-1,-1,1,1,1,-1,1,-1,1,1,1,-1,1,1,-1,1,-1,1,-1,-1,1,1,-1,1,1,1,1,1,1,-1,-1,1,-1,1,1,1,-1,-1,1,-1,1,1,-1,-1,1,1,-1,1,1,-1,1,1,-1,1,1,1,1,-1,1,1,-1,1,1,-1,1,1,1,1,1,1,1,-1,-1,1,1,1,1,1,-1,1,1,-1,1,1,1,-1,-1,1,1,1,-1,1,-1,-1,1,1,1,1,1,-1,-1,-1,1,1,1,1,-1,-1,1,1,1,1,-1,1,-1,-1,1,1,-1,-1,1,-1,-1,1,1,1,-1,1,-1,1,1,1,-1,-1,-1,-1,1,-1,1,1,-1,1,-1,1,-1,1,-1,1,1,-1,1,1,1,1,-1,1,-1,1,1,1,1,-1,-1,-1,1,-1,1,1,-1,1,1,1,1,1,-1,1,1,-1,1,1,1,1,-1,1,-1,1,1,1,1,-1,1,1,-1,1,1,1,-1,1,1,-1,1,1,1,1,1,1,-1,1,1,1,1,1,-1,1,-1,1,1,1,1,-1,1,1,1,1,1,1,-1,1,1,1,1,1,1,1,-1,1,1,1,1,1,-1,1,-1,1,-1,1,1,1,1,1,1,1,1,1,1,-1,-1,-1,1,1,1,-1,1,1,1,1,1,1,1,1,-1,-1,1,1,-1,1,-1,1,-1,-1,1,-1,1,-1,1,1,-1,1,1,1,-1,-1,1,-1,1,1,-1,1,1,-1,1,1,1,1,-1,-1,-1,-1,1,1,1,-1,1,-1,1,1,1,1,-1,-1,-1,-1,1,1,1,-1,1,-1,1,1,1,1,-1,-1,-1,-1,-1,1,1,-1,1,-1,-1,1,1,1,-1,-1,-1,-1,-1,1,1,1,-1,-1,-1,-1,1,1,1,-1,-1,-1,-1,1,1,1,1,1,-1,-1,1,1,-1,-1,-1,-1,-1,1,1,-1,1,-1,-1,1,1,-1,1,-1,-1,-1,1,1,1,-1,-1,-1,1,-1,1,-1,-1,1,1,-1,1,-1,1,-1,1,1,-1,-1,1,1,-1,1,1,-1,1,1,-1,-1,-1,1,-1,1,-1,1,-1,-1,1,1,1,-1,1,1,-1,1,-1,-1,1,-1,-1,-1,1,-1,1,1,-1,1,-1,1,1,1,-1,1,-1,1,1,1,1,-1,1,1,-1,1,1,1,-1,1,-1,1,1,-1,1,1,1,-1,-1,1,1,1,-1,-1,1,1,1,1,-1,-1,1,-1,1,1,1,1,-1,1,-1,1,1,1,1,-1,1,1,1,1,1,1,-1,1,-1,1,1,1,1,-1,1,-1,1,1,1,1,-1,1,1,1,1,1,1,1,-1,1,1,1,-1,1,-1,1,-1,1,-2626.0,1,2000,445,500,True
3089,-1,-1,1,1,1,1,-1,1,-1,-1,-1,1,-1,1,-1,-1,1,-1,1,-1,-1,1,-1,-1,-1,1,-1,-1,1,-1,-1,-1,1,-1,-1,1,1,-1,-1,1,-1,-1,1,-1,-1,-1,1,1,-1,-1,-1,-1,1,1,-1,-1,-1,1,-1,-1,1,1,-1,1,-1,-1,-1,1,1,-1,1,-1,-1,-1,1,1,-1,1,-1,-1,-1,-1,1,-1,-1,-1,-1,1,1,1,1,-1,-1,-1,-1,1,-1,-1,-1,1,-1,-1,1,1,-1,-1,-1,-1,-1,1,1,-1,-1,-1,-1,-1,1,1,1,-1,-1,-1,-1,1,1,-1,-1,-1,1,-1,1,1,-1,-1,-1,-1,-1,1,1,-1,-1,-1,-1,-1,-1,1,1,-1,-1,-1,-1,1,1,-1,1,-1,1,-1,-1,1,-1,1,-1,-1,1,-1,1,-1,1,-1,1,-1,1,1,-1,-1,-1,-1,-1,1,-1,1,1,-1,-1,-1,1,-1,-1,-1,-1,1,-1,1,-1,-1,1,1,-1,-1,1,-1,-1,1,-1,1,1,1,1,-1,1,-1,1,1,-1,-1,-1,1,1,1,-1,1,1,-1,1,1,-1,-1,1,1,-1,1,-1,1,-1,1,1,-1,1,1,1,-1,1,-1,-1,1,1,1,-1,-1,1,-1,1,1,-1,-1,1,-1,-1,1,1,1,-1,1,1,1,1,-1,-1,-1,1,-1,1,1,-1,-1,-1,1,-1,1,1,-1,1,-1,1,1,-1,1,1,1,-1,-1,1,-1,1,1,-1,-1,-1,1,1,1,-1,-1,-1,1,-1,1,1,1,1,-1,-1,1,1,1,-1,-1,-1,1,1,1,-1,1,-1,-1,-1,-1,1,1,-1,-1,-1,-1,1,1,1,-1,-1,-1,1,-1,1,1,-1,-1,-1,-1,1,-1,1,-1,1,-1,1,1,1,1,-1,-1,-1,-1,-1,-1,1,-1,-1,-1,-1,-1,-1,-1,-1,-1,-1,-1,-1,-1,-1,-1,-1,1,-1,-1,-1,-1,-1,1,1,-1,-1,-1,1,-1,-1,1,-1,1,-1,1,-1,-1,-1,1,-1,1,-1,-1,-1,-1,-1,-1,1,1,-1,-1,1,1,-1,-1,-1,-1,-1,1,-1,1,1,1,-1,-1,1,-1,-1,-1,-1,-1,-1,1,-1,1,1,1,-1,-1,1,-1,1,1,-1,-1,-1,1,1,1,1,1,-1,-1,1,-1,1,-1,-1,-1,1,1,1,1,1,1,-1,-1,1,1,1,-1,-1,-1,-1,1,1,1,1,1,-1,-1,-1,1,1,-1,-1,1,-1,1,1,-1,1,1,-1,-1,1,1,1,1,-1,-1,1,-1,1,-1,1,1,-1,1,1,-1,1,1,1,-1,1,1,-1,1,-1,-1,-1,1,-1,-1,1,1,1,-1,1,-1,1,1,-1,-1,1,-1,1,-1,1,-1,1,-1,1,1,1,-1,-1,1,-1,1,-1,-1,1,-1,1,1,1,1,-1,-1,1,1,-1,1,1,1,-1,1,1,1,-1,1,1,-1,1,1,1,1,-1,1,1,-1,1,1,-1,1,-1,1,-1,-1,1,-1,-1,1,-1,-1,1,-1,-1,-1,1,1,-1,1,1,-1,-1,1,1,-1,-1,1,-1,-1,-1,-1,-1,1,1,-1,-1,-1,-1,-1,1,1,-1,-1,1,1,1,-1,1,-1,-1,1,1,-1,1,1,-1,-1,-1,1,-1,-1,1,1,-1,1,1,1,1,1,-1,1,1,1,-1,1,1,1,-1,1,1,-1,1,1,-1,1,1,1,-1,1,1,-1,-1,1,-1,1,1,1,-1,1,1,1,-1,1,1,-1,1,1,1,1,1,1,1,1,1,1,1,1,1,-1,1,1,1,-1,1,1,1,1,1,1,1,1,1,-1,1,1,1,1,1,1,1,-1,1,-1,1,1,1,1,1,1,1,1,1,1,-1,1,1,1,-1,1,-1,-1,1,1,1,-1,1,1,-1,1,1,1,1,1,1,1,1,1,1,-1,1,1,-1,1,1,-1,-1,1,1,-1,1,1,1,1,1,1,-1,1,1,1,-1,1,1,-1,1,1,1,-1,1,1,1,1,1,1,-1,1,1,-1,-1,1,-1,-1,1,1,1,1,-1,1,-1,1,1,-1,1,1,1,-1,1,1,1,1,1,1,-1,1,1,-1,1,1,1,-1,1,1,1,1,1,-1,-1,1,-1,1,1,-1,-1,1,1,1,1,1,-1,-1,-1,-1,1,1,1,-1,1,-1,1,1,-1,1,-1,1,-1,1,-1,1,1,1,-1,-1,1,1,1,1,1,-1,1,-1,1,-1,1,-1,-1,1,1,1,1,1,1,-1,1,-1,1,1,1,1,-1,-1,-1,-1,1,-1,1,-1,1,1,-1,1,1,1,-1,-1,1,-1,1,1,1,-1,1,-1,1,-1,1,-1,-1,-1,-1,-1,-1,1,1,1,1,-1,1,-1,1,1,-1,1,-1,-1,-1,1,1,-1,1,-1,1,-1,1,1,-1,-1,-1,-1,-1,-1,1,-1,1,-1,-1,1,1,1,-1,-1,-1,-1,-1,-1,1,1,1,-1,-1,1,-1,1,1,-1,-1,-1,1,-1,1,1,1,1,-1,-1,-1,1,-1,1,-1,-1,-1,-1,1,-1,1,-1,-1,-1,1,-1,1,1,-1,-1,1,1,1,-1,1,-1,1,-1,1,-1,-1,1,1,-1,1,-1,1,-1,1,1,-1,1,1,1,-1,1,1,-1,1,1,-1,-1,-1,1,-1,1,-1,1,-1,-1,1,1,1,-1,1,1,-1,1,-1,-1,1,-1,-1,-1,1,-1,1,1,-1,1,-1,1,1,1,-1,1,-1,1,1,1,1,-1,1,1,-1,1,-1,1,-1,1,-1,1,1,-1,1,1,1,-1,-1,1,1,1,-1,-1,1,1,1,1,-1,-1,1,-1,1,1,1,1,-1,1,-1,1,1,1,1,-1,1,1,1,1,1,1,-1,1,-1,1,1,1,1,-1,1,-1,1,1,1,1,-1,1,1,1,1,1,1,1,-1,1,1,1,-1,1,-1,1,-1,1,-2626.0,1,2000,445,500,True
3090,1,1,-1,-1,1,-1,1,1,1,1,1,-1,1,1,1,1,-1,1,-1,-1,1,1,1,1,1,-1,1,1,1,1,1,1,-1,-1,1,1,-1,1,1,1,-1,1,1,1,1,1,1,-1,1,-1,1,1,-1,1,-1,1,-1,-1,1,1,1,-1,-1,1,1,1,1,1,1,1,1,-1,1,1,1,1,1,1,-1,1,1,-1,-1,1,-1,1,1,1,1,-1,1,-1,-1,1,1,1,1,-1,-1,-1,1,1,1,1,-1,-1,-1,1,1,1,1,1,-1,-1,1,1,1,1,-1,-1,-1,1,1,1,1,1,-1,-1,1,1,1,1,-1,-1,-1,-1,1,1,1,-1,-1,-1,-1,1,1,1,-1,-1,-1,-1,1,1,1,-1,1,-1,-1,-1,1,1,-1,1,-1,-1,1,-1,1,-1,1,-1,-1,-1,1,1,-1,-1,-1,1,-1,1,-1,1,1,-1,-1,-1,1,-1,-1,-1,-1,-1,-1,1,-1,-1,1,-1,-1,-1,1,-1,-1,1,-1,-1,1,1,1,-1,1,-1,1,1,-1,-1,-1,1,-1,1,-1,1,1,-1,1,1,-1,-1,1,1,-1,1,1,-1,1,-1,1,-1,1,-1,-1,-1,1,-1,-1,1,1,-1,-1,-1,1,-1,1,-1,-1,-1,1,-1,-1,1,-1,1,-1,1,1,1,1,1,-1,-1,1,-1,1,1,1,-1,-1,1,-1,1,1,1,1,-1,1,1,-1,1,1,1,-1,-1,1,-1,1,1,-1,-1,-1,1,1,1,1,-1,-1,1,-1,1,1,1,1,-1,-1,1,1,1,1,1,-1,1,1,1,1,-1,1,-1,-1,-1,1,1,1,1,-1,-1,1,1,1,1,-1,-1,1,-1,1,1,1,-1,-1,-1,1,-1,1,1,1,-1,-1,1,1,1,1,-1,-1,-1,-1,-1,1,1,1,-1,-1,-1,-1,-1,1,-1,-1,-1,-1,-1,-1,1,1,-1,-1,-1,-1,-1,1,-1,1,-1,1,-1,1,-1,1,-1,-1,1,-1,1,-1,1,-1,-1,-1,1,-1,-1,1,1,1,1,-1,1,1,1,-1,-1,1,-1,-1,1,-1,1,-1,-1,-1,-1,1,-1,1,1,-1,-1,-1,-1,-1,1,-1,1,-1,1,-1,1,-1,1,1,-1,-1,-1,1,-1,1,1,1,1,-1,1,-1,1,1,-1,-1,-1,1,1,1,1,1,1,-1,-1,1,1,1,-1,-1,-1,-1,1,1,1,1,1,-1,-1,1,1,1,1,-1,1,-1,1,1,-1,1,1,-1,1,1,1,1,1,-1,-1,1,1,1,-1,1,1,-1,1,1,-1,1,1,1,-1,1,1,-1,1,-1,-1,-1,1,1,-1,1,1,1,-1,-1,1,1,1,-1,-1,1,-1,1,-1,1,-1,1,-1,1,1,1,-1,-1,1,-1,-1,1,-1,1,1,1,1,-1,1,1,-1,1,1,-1,-1,1,1,-1,1,1,1,1,1,1,-1,1,1,1,-1,1,1,1,-1,1,1,-1,1,-1,1,-1,-1,1,-1,-1,1,-1,-1,1,-1,-1,-1,1,1,-1,1,1,-1,-1,1,1,-1,-1,1,-1,-1,-1,-1,-1,1,1,-1,-1,-1,-1,-1,1,1,-1,-1,1,1,1,1,1,-1,-1,1,1,-1,-1,1,-1,1,-1,1,-1,-1,1,1,-1,1,1,1,-1,1,1,-1,-1,1,-1,-1,1,1,-1,-1,1,-1,1,1,-1,-1,1,1,-1,1,1,-1,1,1,-1,1,1,1,1,-1,1,1,-1,-1,1,1,-1,1,1,1,-1,1,1,-1,-1,1,1,1,1,1,-1,1,1,-1,-1,1,1,-1,-1,1,1,-1,1,1,-1,-1,1,1,-1,1,1,-1,-1,-1,1,-1,1,1,-1,-1,1,1,-1,1,1,1,-1,-1,1,-1,1,-1,1,-1,1,1,-1,1,-1,1,-1,1,1,-1,1,1,-1,-1,1,1,-1,1,-1,1,1,-1,1,-1,1,1,-1,-1,1,1,-1,1,1,1,-1,1,1,-1,-1,1,-1,1,-1,1,-1,-1,1,1,-1,-1,-1,-1,1,-1,-1,1,-1,1,-1,-1,-1,1,-1,1,-1,-1,-1,1,1,1,-1,1,-1,-1,1,1,1,-1,-1,-1,-1,1,1,1,1,-1,-1,-1,1,1,1,-1,-1,-1,1,1,1,1,-1,1,-1,1,1,1,1,-1,-1,1,1,1,1,1,-1,-1,-1,-1,-1,1,1,-1,-1,-1,1,1,1,1,-1,-1,-1,-1,1,1,-1,1,-1,1,-1,1,1,1,-1,-1,-1,-1,1,1,1,1,-1,1,-1,1,1,1,-1,-1,-1,-1,1,-1,1,-1,1,-1,-1,1,1,1,-1,-1,1,-1,1,1,-1,1,-1,-1,1,-1,1,1,-1,1,-1,-1,-1,1,1,1,1,-1,1,-1,1,1,-1,-1,-1,-1,-1,1,1,-1,1,-1,-1,-1,1,1,-1,-1,1,-1,-1,-1,1,-1,1,1,-1,1,1,1,-1,-1,1,-1,-1,-1,1,-1,1,1,-1,1,-1,1,-1,-1,1,-1,1,-1,1,-1,1,1,-1,-1,-1,1,-1,-1,-1,-1,-1,1,-1,-1,1,1,-1,-1,1,-1,1,1,1,-1,1,1,-1,-1,1,-1,1,-1,1,-1,-1,1,1,-1,1,-1,1,-1,1,1,-1,1,1,1,-1,1,1,-1,1,1,1,-1,-1,-1,-1,1,-1,1,-1,-1,1,-1,1,-1,1,1,-1,1,-1,-1,1,-1,1,-1,-1,1,1,1,-1,1,-1,-1,-1,1,-1,1,-1,1,-1,1,1,-1,1,1,-1,1,1,1,-1,1,-1,1,-1,1,1,1,1,-1,-1,1,1,1,-1,1,1,1,-1,1,-1,-1,1,-1,1,1,1,1,-1,1,-1,1,-1,1,1,-1,1,1,1,-1,1,1,-1,1,-1,1,1,1,1,-1,1,1,-1,-1,-1,1,-1,1,1,1,-1,1,1,1,-1,1,1,1,-1,1,-1,1,1,1,-2626.0,1,2000,445,500,True
3091,1,1,-1,-1,1,1,-1,1,1,1,1,-1,-1,-1,1,1,-1,1,-1,-1,-1,1,1,1,1,1,-1,-1,1,1,1,1,-1,-1,-1,1,-1,1,1,1,-1,-1,1,1,1,1,1,1,-1,-1,1,1,-1,1,-1,1,1,-1,1,1,1,-1,-1,-1,1,1,1,1,1,-1,1,-1,1,1,1,1,1,1,1,1,1,1,1,-1,-1,1,1,1,1,1,1,1,-1,1,1,1,-1,1,-1,1,1,1,1,1,-1,-1,-1,1,1,1,1,1,-1,-1,1,1,1,1,1,-1,-1,1,1,1,1,1,-1,-1,1,1,1,1,-1,-1,-1,1,1,1,1,-1,-1,-1,-1,1,1,1,1,-1,-1,-1,1,1,1,1,1,-1,-1,-1,1,1,-1,-1,-1,-1,1,-1,1,-1,1,-1,-1,-1,1,1,-1,-1,-1,1,1,1,-1,1,1,-1,-1,-1,1,-1,-1,-1,-1,-1,-1,1,-1,-1,1,-1,-1,-1,1,-1,-1,1,-1,-1,1,1,1,-1,1,-1,1,1,-1,-1,-1,1,-1,1,-1,1,1,-1,1,1,-1,-1,-1,1,-1,1,1,-1,1,1,1,-1,1,-1,-1,1,-1,-1,-1,1,1,-1,-1,-1,1,-1,1,-1,-1,-1,1,-1,-1,1,-1,-1,-1,1,-1,-1,1,1,-1,-1,1,-1,-1,1,1,1,1,1,1,-1,1,1,1,-1,-1,1,-1,1,1,1,1,1,1,-1,1,1,-1,1,-1,-1,-1,1,1,-1,-1,1,1,-1,1,1,1,-1,1,1,-1,1,1,1,-1,1,1,-1,1,-1,1,1,-1,1,-1,1,1,1,-1,-1,1,-1,1,1,1,-1,1,-1,1,1,1,1,-1,1,1,-1,1,1,-1,1,-1,-1,1,1,1,-1,-1,-1,1,-1,-1,1,1,-1,-1,1,-1,1,1,1,-1,-1,1,-1,1,1,-1,1,-1,1,-1,1,1,1,1,-1,1,-1,-1,1,-1,1,-1,-1,1,-1,1,1,1,-1,1,-1,1,-1,-1,-1,1,1,-1,1,1,-1,1,1,1,-1,1,-1,-1,1,-1,1,1,1,-1,1,1,1,-1,-1,1,-1,-1,1,1,1,1,-1,-1,-1,1,1,1,1,1,1,-1,1,-1,-1,1,1,-1,-1,1,1,1,-1,1,-1,1,1,1,1,1,-1,1,-1,1,1,1,-1,-1,-1,-1,1,1,1,1,-1,1,-1,1,1,-1,1,1,1,-1,1,-1,1,1,-1,1,-1,1,-1,1,1,1,1,1,1,1,-1,1,1,-1,1,-1,1,1,1,1,-1,1,-1,1,1,-1,1,-1,1,-1,1,1,1,1,1,1,-1,-1,1,-1,1,1,1,1,1,1,-1,1,-1,1,1,-1,1,-1,1,-1,1,-1,-1,1,-1,1,1,1,1,-1,-1,1,1,-1,1,1,1,-1,1,1,1,-1,1,1,-1,1,1,1,1,-1,-1,-1,-1,1,1,-1,-1,1,1,-1,-1,1,-1,1,-1,1,-1,1,-1,-1,-1,-1,-1,-1,-1,1,-1,-1,-1,1,-1,-1,1,-1,-1,-1,1,-1,-1,1,-1,-1,1,1,-1,-1,1,-1,-1,-1,-1,1,1,1,-1,1,-1,-1,-1,-1,1,-1,1,1,1,-1,-1,1,1,-1,-1,-1,1,-1,1,1,-1,-1,1,-1,-1,-1,1,-1,-1,1,-1,1,1,-1,-1,-1,-1,-1,1,1,-1,1,-1,-1,1,1,1,1,-1,1,-1,-1,-1,1,1,-1,1,-1,1,-1,1,1,-1,-1,1,1,1,1,1,-1,1,1,-1,-1,1,1,-1,-1,1,1,-1,1,1,-1,-1,1,-1,-1,1,1,-1,-1,1,1,-1,1,1,-1,-1,1,1,-1,1,1,1,-1,1,-1,-1,-1,-1,1,-1,1,-1,-1,1,-1,-1,1,-1,1,-1,1,1,-1,1,1,-1,-1,1,-1,1,1,-1,-1,-1,1,1,-1,1,1,-1,-1,-1,1,-1,1,1,-1,-1,-1,1,-1,1,1,-1,-1,-1,1,1,1,-1,-1,-1,-1,1,1,-1,-1,-1,-1,-1,-1,1,1,-1,-1,-1,-1,1,1,-1,1,-1,-1,-1,1,1,-1,1,-1,-1,-1,1,-1,1,1,-1,-1,-1,1,1,1,-1,-1,-1,1,-1,1,-1,-1,1,-1,1,1,1,-1,-1,-1,1,1,1,1,-1,1,1,-1,-1,-1,1,-1,-1,-1,-1,1,1,-1,1,1,1,-1,1,1,1,-1,-1,1,1,-1,1,-1,1,-1,1,-1,-1,1,1,1,-1,1,1,-1,1,-1,1,-1,1,-1,-1,-1,1,1,-1,1,-1,-1,1,1,1,-1,1,1,-1,1,1,-1,1,1,-1,1,1,1,1,1,1,-1,-1,-1,1,-1,-1,1,-1,1,1,-1,1,-1,1,-1,-1,1,-1,1,1,-1,-1,-1,-1,-1,1,-1,1,1,-1,-1,-1,1,1,1,-1,-1,1,-1,1,-1,1,1,-1,-1,-1,1,-1,1,1,-1,1,-1,1,-1,1,1,-1,1,-1,-1,-1,1,1,-1,-1,-1,-1,1,-1,-1,-1,-1,1,-1,-1,1,-1,-1,-1,-1,1,-1,1,-1,-1,1,-1,1,-1,1,-1,1,-1,-1,-1,-1,1,1,-1,1,-1,-1,-1,1,1,-1,1,-1,-1,1,1,1,-1,1,-1,1,-1,-1,1,-1,1,1,-1,-1,-1,1,-1,1,1,-1,1,-1,1,-1,-1,1,1,1,-1,1,-1,1,1,1,1,-1,1,1,1,1,-1,-1,1,-1,1,1,1,-1,1,-1,-1,-1,1,1,1,-1,1,-1,1,1,1,1,-1,-1,1,1,1,1,-1,1,1,1,-1,1,1,1,-1,1,1,1,1,1,1,-1,1,1,1,1,1,1,1,1,1,1,1,1,1,-1,1,-1,-1,1,1,1,-1,-1,1,1,1,1,1,1,1,1,-1,1,1,-1,1,1,1,-1,1,1,1,-1,1,-2626.0,1,2000,445,500,True
3092,-1,-1,1,1,1,1,-1,1,-1,-1,-1,1,-1,-1,-1,-1,1,-1,1,-1,-1,-1,-1,-1,-1,1,-1,-1,-1,-1,-1,-1,1,-1,-1,-1,1,-1,-1,1,-1,-1,-1,-1,-1,-1,1,1,-1,1,-1,-1,1,1,-1,1,-1,1,-1,-1,1,1,-1,1,-1,-1,-1,1,1,-1,-1,1,-1,-1,1,1,1,-1,1,-1,-1,-1,1,-1,1,-1,-1,1,1,1,1,-1,-1,-1,-1,1,-1,1,1,1,-1,-1,1,1,-1,1,-1,-1,-1,1,1,1,1,-1,-1,-1,1,1,1,1,1,-1,-1,1,1,1,1,-1,1,-1,1,1,-1,1,-1,1,-1,1,1,-1,1,-1,1,-1,-1,1,1,1,1,-1,-1,1,1,1,-1,1,-1,1,1,1,-1,1,-1,-1,-1,-1,1,-1,1,-1,-1,-1,1,1,-1,1,-1,1,1,1,-1,1,-1,-1,-1,-1,1,-1,-1,1,-1,1,-1,1,-1,-1,1,-1,1,-1,1,-1,-1,1,-1,1,-1,1,1,-1,-1,-1,1,-1,1,-1,-1,-1,-1,1,-1,1,1,-1,-1,-1,-1,-1,-1,1,-1,-1,1,-1,1,1,1,-1,-1,-1,1,-1,1,1,-1,-1,-1,-1,1,-1,1,-1,-1,-1,-1,-1,1,-1,-1,-1,-1,1,-1,1,1,-1,1,1,1,-1,1,-1,1,-1,1,-1,1,1,-1,1,-1,1,1,1,-1,1,-1,1,1,1,-1,1,1,-1,1,-1,1,1,-1,1,1,1,1,1,1,1,1,-1,1,-1,1,-1,1,1,1,1,1,1,1,-1,1,1,1,-1,1,1,1,-1,1,1,1,1,1,1,-1,1,1,1,1,1,1,1,-1,1,1,1,1,-1,-1,1,1,1,-1,1,-1,1,-1,1,1,1,1,1,-1,1,-1,1,1,1,1,-1,1,1,1,1,1,1,-1,1,1,1,-1,1,1,-1,1,1,1,-1,-1,1,-1,1,-1,1,-1,1,1,-1,-1,-1,1,1,-1,1,-1,1,1,-1,-1,-1,-1,-1,1,-1,1,-1,1,1,-1,1,1,-1,-1,1,1,1,1,1,-1,-1,1,1,-1,1,1,-1,-1,-1,1,1,-1,-1,-1,-1,1,-1,1,-1,1,1,1,-1,-1,1,-1,1,-1,-1,1,-1,1,-1,1,-1,1,1,-1,1,-1,-1,1,-1,1,-1,1,-1,-1,-1,-1,1,-1,-1,1,-1,1,-1,1,-1,1,1,-1,1,-1,1,-1,1,-1,-1,1,-1,1,-1,-1,-1,1,1,1,1,-1,1,-1,1,-1,1,-1,1,1,-1,1,-1,1,-1,-1,1,-1,1,-1,1,-1,1,-1,1,-1,1,1,-1,-1,1,-1,1,1,-1,1,-1,-1,-1,-1,-1,1,1,-1,-1,-1,1,-1,1,-1,-1,1,-1,-1,1,1,1,-1,-1,1,-1,-1,1,1,-1,-1,1,-1,-1,-1,1,1,-1,1,-1,1,1,-1,-1,1,-1,-1,-1,1,-1,1,1,1,1,-1,1,-1,-1,1,1,-1,1,1,-1,1,-1,1,1,-1,1,-1,-1,1,1,1,-1,1,-1,-1,1,1,1,-1,1,-1,1,1,1,1,-1,1,-1,-1,-1,1,-1,-1,1,1,-1,-1,1,1,-1,1,1,1,1,-1,1,-1,-1,1,-1,-1,-1,1,-1,1,-1,-1,1,-1,1,-1,1,1,-1,1,-1,-1,-1,1,-1,-1,-1,-1,-1,-1,1,1,-1,-1,1,1,1,1,-1,1,-1,-1,-1,1,1,-1,1,-1,1,1,1,1,-1,-1,1,1,-1,1,1,-1,1,1,-1,1,1,1,-1,-1,1,1,1,-1,1,-1,-1,1,1,1,1,1,-1,-1,1,1,1,1,1,-1,-1,1,1,1,1,1,-1,-1,1,-1,1,-1,-1,1,-1,1,-1,1,1,-1,-1,1,-1,1,1,-1,1,-1,1,1,-1,1,1,-1,-1,1,-1,-1,1,-1,1,-1,1,1,-1,1,1,1,-1,1,1,-1,1,1,-1,-1,1,1,-1,1,1,1,-1,-1,1,-1,1,-1,-1,-1,1,-1,-1,1,1,-1,-1,1,-1,-1,1,1,-1,-1,-1,1,-1,1,1,-1,1,-1,1,-1,1,1,1,-1,1,1,-1,1,1,-1,-1,1,-1,-1,1,1,1,-1,1,-1,1,1,1,1,-1,-1,-1,-1,1,1,1,-1,1,1,-1,1,1,-1,1,-1,-1,-1,1,-1,1,-1,1,1,1,1,1,1,-1,1,-1,1,-1,1,1,-1,-1,1,1,1,1,1,1,-1,-1,1,-1,1,1,1,-1,1,1,-1,-1,-1,1,-1,1,1,1,-1,1,1,-1,1,1,1,-1,1,-1,1,1,1,-1,1,1,-1,-1,1,1,-1,-1,-1,1,-1,1,1,-1,1,-1,-1,-1,1,1,-1,-1,-1,1,-1,1,1,-1,-1,-1,-1,-1,1,1,-1,-1,-1,1,-1,1,1,-1,-1,1,-1,-1,1,-1,-1,-1,-1,-1,1,1,1,-1,-1,-1,-1,-1,1,1,-1,-1,1,-1,1,1,1,1,-1,-1,-1,1,-1,1,-1,-1,-1,-1,1,-1,1,-1,-1,-1,-1,1,-1,1,-1,-1,1,1,1,-1,1,-1,1,-1,1,-1,-1,1,1,-1,-1,1,1,-1,1,1,-1,1,-1,1,-1,1,1,-1,1,1,-1,-1,-1,1,-1,1,-1,1,-1,1,1,-1,1,-1,1,-1,1,1,-1,-1,1,-1,-1,-1,1,-1,1,1,-1,1,1,1,1,1,-1,1,-1,1,-1,1,1,-1,1,-1,-1,-1,-1,1,-1,1,1,1,-1,1,1,1,-1,1,-1,1,1,1,-1,1,1,1,1,-1,1,-1,-1,1,1,1,1,1,-1,-1,1,1,1,1,1,1,-1,1,1,1,1,1,1,-1,1,1,-1,-1,1,-1,-1,1,1,1,1,1,1,-1,1,1,1,-1,1,-1,1,-1,1,1,-1,1,1,-1,1,1,-2626.0,1,2000,445,500,True
3093,1,1,-1,-1,1,-1,1,-1,1,1,1,-1,1,1,1,1,-1,1,-1,-1,1,-1,1,1,1,-1,1,1,1,1,1,1,-1,-1,1,-1,1,1,1,1,-1,1,-1,1,1,1,-1,-1,1,1,1,1,1,1,-1,1,1,-1,1,1,1,-1,-1,-1,1,1,1,-1,-1,1,-1,1,1,1,-1,1,1,-1,1,-1,1,-1,-1,1,1,1,1,-1,-1,1,1,1,-1,1,-1,-1,1,1,1,1,1,-1,-1,1,1,1,-1,1,-1,-1,1,1,1,-1,1,1,-1,1,1,1,-1,1,-1,-1,1,1,1,-1,1,-1,-1,1,1,1,-1,1,-1,-1,1,1,1,-1,1,1,-1,1,-1,1,1,-1,1,-1,-1,1,-1,1,-1,-1,-1,1,1,1,1,1,-1,-1,1,1,-1,1,-1,-1,-1,1,1,1,-1,1,-1,1,1,-1,-1,1,-1,-1,1,1,1,1,1,1,-1,-1,1,1,-1,1,1,-1,1,-1,1,-1,1,1,-1,-1,1,1,-1,1,1,1,-1,-1,1,-1,1,1,-1,1,1,1,-1,-1,1,-1,1,1,1,-1,1,1,1,1,1,1,-1,1,1,-1,1,-1,1,-1,-1,1,-1,-1,1,1,-1,1,-1,-1,1,-1,1,-1,1,1,-1,1,1,-1,1,-1,-1,-1,1,1,-1,-1,1,-1,-1,-1,1,-1,-1,-1,1,-1,1,1,1,1,-1,1,-1,-1,1,1,1,-1,-1,-1,-1,1,-1,1,-1,-1,-1,1,1,-1,1,1,-1,-1,-1,1,1,1,-1,-1,-1,1,1,-1,1,1,-1,-1,-1,1,-1,1,-1,1,-1,-1,1,1,1,-1,-1,-1,1,-1,1,1,-1,1,-1,-1,-1,1,1,-1,1,-1,-1,1,-1,1,-1,-1,-1,-1,-1,1,1,-1,-1,-1,-1,-1,1,-1,-1,-1,-1,-1,1,1,-1,-1,-1,1,-1,1,1,-1,-1,1,1,-1,-1,1,1,-1,-1,1,-1,-1,-1,1,-1,-1,-1,1,-1,1,-1,-1,-1,-1,-1,-1,1,1,-1,-1,1,1,-1,1,-1,-1,-1,1,-1,1,1,-1,-1,-1,1,-1,-1,1,-1,-1,-1,1,-1,1,-1,1,-1,-1,1,-1,1,-1,-1,-1,-1,1,1,1,-1,1,-1,-1,1,-1,1,-1,-1,-1,1,1,-1,1,-1,1,-1,-1,1,-1,1,-1,-1,-1,-1,1,1,1,1,1,-1,-1,-1,-1,1,1,-1,1,-1,1,-1,1,-1,1,-1,-1,1,1,-1,-1,-1,-1,1,-1,-1,1,-1,1,-1,1,-1,1,1,1,1,-1,1,-1,-1,1,-1,-1,-1,1,-1,1,-1,1,1,-1,1,-1,-1,1,-1,-1,1,-1,1,-1,-1,-1,1,-1,1,1,-1,-1,-1,1,-1,1,-1,-1,1,-1,1,1,1,1,-1,-1,1,1,-1,1,1,-1,-1,1,1,1,-1,1,1,-1,1,1,1,1,-1,-1,-1,-1,-1,-1,1,-1,1,1,-1,1,-1,1,-1,1,-1,-1,-1,1,1,-1,1,1,-1,-1,-1,1,-1,1,1,-1,1,-1,1,-1,-1,-1,-1,-1,-1,1,-1,-1,-1,-1,-1,-1,1,-1,1,1,1,1,-1,1,-1,1,1,-1,-1,-1,1,-1,-1,1,-1,1,-1,-1,1,1,1,1,-1,-1,1,1,1,1,-1,1,-1,-1,1,1,1,-1,-1,-1,1,1,1,1,-1,1,-1,1,-1,1,-1,1,1,-1,-1,1,1,1,-1,-1,-1,-1,1,1,1,1,-1,1,-1,1,1,1,1,-1,1,-1,1,1,1,-1,-1,1,-1,1,1,1,1,-1,1,-1,1,1,1,1,-1,1,-1,1,1,-1,1,-1,1,-1,1,1,1,1,-1,1,-1,1,1,1,-1,-1,-1,-1,1,1,1,-1,1,-1,-1,1,1,1,1,-1,-1,-1,1,1,1,-1,-1,1,-1,1,1,-1,-1,-1,-1,-1,1,1,1,-1,-1,-1,-1,1,1,1,-1,-1,-1,-1,1,1,1,-1,-1,-1,1,1,1,1,-1,-1,-1,-1,-1,1,-1,-1,-1,-1,-1,1,-1,1,-1,-1,-1,1,1,1,1,-1,-1,-1,1,1,1,1,-1,-1,1,1,1,1,1,-1,-1,1,1,1,1,-1,-1,-1,1,1,1,-1,-1,1,-1,1,1,1,-1,-1,-1,1,1,1,1,-1,1,-1,-1,1,-1,1,-1,1,-1,1,1,1,1,1,-1,1,1,1,1,1,1,-1,1,-1,1,-1,1,-1,-1,1,-1,1,1,1,1,-1,1,1,1,1,1,1,-1,1,1,1,1,-1,1,-1,1,-1,1,1,1,1,1,1,1,1,1,1,1,-1,1,1,1,-1,1,-1,1,1,1,1,-1,1,1,1,1,1,-1,1,1,-1,1,1,1,1,-1,1,1,-1,1,1,1,-1,1,1,1,1,1,1,-1,-1,1,1,1,1,1,-1,1,1,-1,1,1,1,-1,-1,1,1,1,-1,1,1,-1,1,1,1,1,1,1,-1,1,1,1,1,-1,-1,-1,1,-1,1,1,-1,-1,-1,1,-1,1,1,-1,-1,1,1,-1,1,-1,-1,-1,-1,1,-1,1,-1,1,-1,1,-1,-1,1,1,-1,1,-1,1,-1,1,1,-1,1,-1,1,-1,1,1,-1,-1,1,-1,-1,-1,-1,-1,1,-1,1,-1,1,1,-1,1,-1,1,-1,1,1,-1,1,-1,1,-1,-1,-1,-1,-1,-1,-1,1,1,-1,-1,-1,1,1,-1,1,-1,-1,-1,1,1,-1,-1,-1,1,-1,1,1,1,1,-1,1,-1,-1,-1,-1,-1,1,-1,-1,-1,1,1,1,-1,-1,1,1,-1,1,1,-1,-1,-1,1,-1,1,1,-1,1,-1,1,-1,1,1,-1,-1,-1,1,-1,1,1,-1,-1,-1,1,-1,1,1,-1,-1,-1,1,-1,1,1,-1,1,-1,-1,1,-1,1,1,-1,-1,1,-1,1,1,-2626.0,1,2000,445,500,True
3094,1,1,-1,-1,1,1,-1,1,1,1,1,-1,-1,1,1,1,-1,1,-1,-1,-1,1,1,1,1,1,-1,-1,1,1,1,1,-1,-1,-1,1,-1,1,1,1,-1,-1,1,1,1,1,1,1,-1,-1,1,1,-1,1,-1,-1,1,-1,1,1,1,-1,-1,-1,1,1,1,1,1,-1,1,-1,1,1,1,1,-1,1,-1,1,1,-1,1,-1,-1,1,1,1,1,1,1,1,-1,1,1,1,-1,-1,-1,-1,1,1,1,1,-1,-1,-1,1,1,1,1,-1,-1,-1,1,1,1,1,1,-1,-1,1,1,1,1,-1,-1,-1,1,1,1,1,-1,-1,-1,-1,1,1,1,-1,-1,-1,-1,1,1,1,1,-1,-1,-1,1,1,1,-1,1,-1,-1,-1,1,1,-1,-1,-1,-1,1,-1,1,-1,1,-1,-1,-1,1,1,-1,-1,-1,1,-1,1,-1,1,1,-1,-1,-1,1,-1,-1,-1,-1,-1,-1,1,-1,-1,1,-1,-1,-1,1,-1,-1,1,-1,-1,1,1,1,-1,1,-1,1,1,-1,-1,-1,1,1,1,-1,1,1,-1,1,1,-1,-1,1,1,-1,1,1,-1,1,-1,1,-1,1,1,-1,-1,1,-1,-1,1,1,-1,-1,-1,1,-1,1,-1,-1,-1,1,-1,-1,1,1,1,-1,1,1,1,1,-1,-1,-1,1,-1,1,1,-1,-1,-1,1,-1,1,1,-1,1,-1,1,1,-1,1,-1,1,-1,-1,1,-1,1,1,-1,-1,-1,1,1,1,-1,-1,-1,1,-1,1,1,1,1,-1,-1,1,1,1,-1,-1,-1,1,1,1,-1,1,-1,-1,-1,-1,1,1,-1,1,-1,-1,1,1,1,-1,1,-1,1,-1,1,1,-1,1,-1,-1,1,-1,1,-1,1,-1,-1,1,1,1,-1,-1,-1,-1,-1,-1,1,-1,-1,-1,-1,-1,-1,-1,-1,-1,-1,-1,-1,-1,-1,-1,-1,1,-1,-1,-1,-1,-1,1,1,-1,-1,-1,1,-1,-1,1,-1,1,-1,1,-1,-1,-1,1,-1,1,-1,-1,-1,-1,-1,-1,-1,1,-1,-1,1,1,-1,-1,-1,-1,-1,1,-1,1,-1,-1,-1,-1,1,-1,-1,-1,-1,-1,-1,1,-1,1,-1,1,-1,-1,1,-1,1,-1,-1,-1,-1,1,1,1,1,1,-1,-1,1,-1,1,-1,-1,-1,1,1,1,1,1,1,-1,-1,1,1,1,-1,-1,-1,-1,1,1,1,1,1,-1,-1,-1,1,1,1,-1,1,-1,1,1,-1,1,1,-1,-1,1,-1,1,1,-1,-1,1,1,1,-1,1,1,-1,1,1,-1,1,1,1,-1,1,1,-1,1,-1,-1,-1,1,-1,-1,1,1,1,-1,1,-1,1,1,-1,-1,1,-1,1,1,1,-1,1,-1,1,1,1,-1,-1,1,-1,1,-1,-1,1,1,1,1,1,1,-1,-1,1,1,-1,1,1,-1,1,1,1,1,-1,1,1,-1,1,1,1,1,-1,1,1,-1,1,1,-1,1,-1,1,-1,-1,1,-1,-1,1,-1,-1,1,-1,-1,-1,1,1,-1,-1,1,-1,-1,1,1,-1,-1,1,-1,-1,-1,-1,-1,-1,1,-1,-1,-1,-1,-1,-1,1,-1,-1,1,1,1,1,1,-1,-1,1,1,-1,-1,1,-1,-1,-1,1,-1,-1,1,1,-1,1,1,1,-1,1,-1,1,1,1,-1,-1,1,1,-1,1,1,-1,1,1,-1,1,1,1,-1,1,1,-1,-1,1,-1,1,1,1,-1,1,1,1,-1,-1,1,1,1,1,1,1,-1,1,1,1,1,1,1,1,1,-1,1,1,1,-1,-1,1,1,1,1,1,1,-1,1,1,1,1,1,1,-1,1,1,-1,1,-1,1,-1,1,1,1,1,1,1,-1,1,1,1,1,1,-1,-1,1,-1,1,1,1,-1,-1,1,-1,1,1,1,1,-1,1,1,1,1,1,-1,-1,1,-1,1,1,-1,-1,-1,1,1,-1,1,1,-1,-1,1,1,-1,1,1,-1,-1,-1,1,-1,1,1,-1,-1,-1,1,1,1,1,-1,-1,1,-1,-1,1,-1,-1,-1,-1,-1,1,-1,1,-1,-1,-1,1,1,1,1,-1,-1,-1,1,1,-1,1,-1,-1,-1,1,1,1,1,-1,-1,-1,1,1,1,-1,-1,-1,1,1,1,-1,-1,1,-1,1,1,1,-1,-1,-1,1,1,1,1,-1,1,-1,-1,-1,-1,1,-1,-1,-1,-1,1,1,1,1,-1,-1,-1,-1,1,1,1,-1,1,1,-1,1,1,-1,-1,1,-1,-1,1,1,1,-1,-1,1,-1,1,1,1,-1,1,-1,-1,1,-1,1,-1,1,-1,-1,1,1,1,-1,-1,1,-1,1,1,1,1,1,-1,1,-1,1,-1,-1,-1,-1,-1,-1,1,1,-1,1,-1,1,-1,1,1,-1,1,-1,-1,-1,1,1,-1,1,-1,-1,-1,1,1,-1,-1,1,-1,-1,-1,1,-1,1,-1,-1,1,1,1,-1,-1,1,-1,-1,-1,1,1,-1,1,-1,1,-1,1,1,-1,1,-1,1,-1,1,1,1,1,-1,-1,-1,1,-1,-1,-1,-1,-1,-1,1,-1,1,-1,-1,-1,1,-1,1,-1,-1,-1,1,1,1,-1,1,-1,1,-1,1,-1,-1,1,1,-1,1,-1,1,-1,1,1,-1,1,1,1,-1,1,1,-1,1,1,-1,-1,-1,1,-1,1,-1,1,-1,-1,1,1,1,-1,1,1,-1,1,-1,-1,1,-1,-1,-1,1,-1,1,1,-1,1,-1,1,1,1,-1,1,-1,1,1,1,1,-1,1,1,-1,1,1,1,-1,1,-1,1,1,-1,1,1,1,-1,-1,1,1,1,-1,1,1,1,1,1,-1,-1,1,-1,1,1,1,1,-1,1,-1,1,1,1,1,-1,1,1,1,1,1,1,-1,1,-1,1,1,1,1,-1,1,1,-1,1,1,1,-1,1,1,1,1,1,1,1,-1,1,1,1,-1,1,-1,1,1,1,-2626.0,1,2000,445,500,True
3095,1,1,-1,-1,1,1,-1,-1,1,1,1,-1,-1,1,-1,1,-1,1,-1,-1,-1,1,1,1,1,1,-1,-1,1,1,1,1,-1,-1,-1,-1,1,1,1,1,-1,-1,1,1,1,1,1,1,-1,1,1,1,1,1,-1,-1,1,-1,1,1,1,-1,-1,1,1,1,1,1,1,-1,1,1,1,1,1,1,-1,-1,1,1,1,-1,1,-1,1,1,1,1,1,1,1,1,-1,1,1,1,-1,-1,1,1,1,1,1,1,-1,-1,-1,1,1,1,1,-1,1,-1,1,1,1,1,1,1,-1,1,1,1,1,-1,1,-1,1,1,1,1,-1,1,-1,1,1,1,1,-1,1,-1,1,1,1,1,1,1,1,-1,1,1,1,-1,-1,1,-1,1,1,1,-1,-1,1,1,1,-1,1,-1,1,-1,1,-1,1,1,-1,1,-1,1,1,1,-1,1,-1,1,1,-1,1,-1,-1,1,-1,1,-1,1,1,-1,-1,1,1,-1,1,1,-1,-1,1,1,1,1,1,-1,1,-1,1,-1,1,1,-1,-1,1,1,-1,1,1,-1,-1,-1,1,1,-1,1,-1,-1,-1,1,-1,1,1,-1,-1,1,1,-1,1,1,-1,-1,1,1,-1,-1,1,-1,-1,1,-1,1,1,1,-1,-1,1,1,-1,1,-1,-1,-1,1,-1,-1,1,-1,-1,-1,1,1,-1,1,-1,-1,1,1,1,-1,1,-1,-1,1,1,1,-1,1,1,-1,1,-1,-1,-1,-1,1,-1,1,1,-1,-1,1,1,-1,1,1,-1,1,-1,1,-1,1,1,1,-1,1,1,-1,1,-1,1,-1,-1,1,-1,1,1,1,-1,-1,-1,1,1,1,-1,-1,1,1,-1,1,1,-1,-1,-1,1,-1,1,1,1,-1,1,1,-1,1,1,-1,-1,-1,-1,1,1,1,1,-1,-1,-1,1,-1,1,-1,-1,-1,1,1,-1,1,1,1,-1,1,1,-1,1,1,1,-1,-1,1,1,-1,1,-1,-1,-1,1,1,-1,1,-1,1,-1,1,-1,-1,1,1,-1,-1,1,1,-1,1,-1,1,-1,1,-1,1,1,1,-1,1,1,-1,1,1,1,-1,-1,1,-1,-1,1,1,-1,1,1,1,-1,1,1,-1,1,1,-1,-1,1,-1,1,1,-1,1,-1,-1,1,-1,-1,1,-1,-1,-1,-1,1,1,-1,1,-1,1,-1,1,1,1,-1,-1,-1,-1,1,1,1,1,-1,-1,1,1,1,1,-1,1,-1,1,1,-1,1,1,-1,-1,-1,-1,1,1,-1,-1,-1,1,1,1,-1,1,-1,-1,1,-1,1,-1,1,-1,-1,1,-1,1,-1,-1,-1,-1,1,-1,1,1,1,-1,-1,1,1,1,-1,-1,1,-1,-1,-1,1,1,1,-1,1,1,1,-1,-1,1,-1,-1,-1,-1,1,-1,1,1,1,-1,1,-1,1,1,-1,1,-1,1,-1,1,1,1,-1,1,1,-1,1,1,1,1,1,1,1,-1,-1,1,-1,1,-1,1,1,-1,1,1,-1,1,-1,-1,-1,1,1,-1,1,1,-1,1,-1,1,-1,1,1,-1,-1,-1,1,-1,-1,-1,-1,1,-1,1,-1,-1,-1,-1,-1,-1,1,-1,1,1,1,1,-1,1,-1,1,1,-1,-1,-1,1,-1,-1,1,-1,1,-1,-1,1,1,1,1,-1,1,-1,1,-1,1,-1,1,-1,1,-1,-1,1,-1,-1,-1,1,-1,1,1,-1,1,-1,1,1,1,-1,1,1,-1,-1,-1,1,1,-1,-1,-1,-1,1,1,1,1,-1,1,1,-1,-1,1,1,-1,1,-1,-1,1,1,-1,-1,1,-1,-1,-1,1,1,-1,1,-1,-1,-1,1,1,-1,1,-1,1,-1,-1,1,-1,1,1,-1,-1,1,1,-1,1,-1,1,-1,-1,1,-1,-1,-1,1,-1,-1,1,-1,1,-1,-1,-1,1,1,-1,-1,-1,-1,-1,1,-1,-1,1,-1,1,-1,1,-1,-1,-1,-1,1,-1,1,1,-1,-1,-1,1,-1,1,1,-1,-1,-1,1,-1,1,-1,-1,-1,-1,1,1,1,1,-1,-1,1,1,-1,1,1,-1,-1,-1,1,-1,1,1,-1,-1,-1,-1,1,-1,1,-1,-1,-1,1,1,-1,1,-1,-1,-1,1,1,-1,1,-1,-1,1,1,-1,1,-1,-1,1,1,1,-1,1,1,-1,1,1,1,-1,1,1,1,-1,1,1,1,-1,1,-1,-1,1,-1,1,-1,-1,1,-1,1,1,1,1,1,-1,1,1,1,1,-1,-1,-1,-1,1,1,-1,1,1,-1,-1,1,1,1,1,-1,1,-1,1,1,1,-1,-1,-1,-1,-1,-1,1,-1,1,-1,-1,1,1,1,-1,-1,1,-1,1,1,1,-1,1,-1,1,1,1,-1,-1,-1,-1,-1,-1,1,1,-1,1,-1,1,-1,1,1,-1,-1,-1,-1,-1,1,1,-1,1,-1,-1,-1,1,1,-1,-1,1,-1,-1,-1,1,-1,1,-1,-1,-1,-1,1,-1,-1,1,-1,-1,-1,1,1,1,1,-1,-1,-1,1,1,-1,1,-1,-1,-1,1,1,1,1,-1,-1,-1,1,-1,-1,-1,-1,1,-1,1,-1,1,-1,-1,-1,1,1,1,1,1,-1,-1,-1,1,-1,1,-1,-1,1,-1,1,-1,1,1,-1,-1,1,1,-1,1,1,-1,1,-1,1,-1,1,1,-1,-1,1,-1,-1,-1,1,-1,1,1,1,-1,-1,1,1,-1,1,-1,1,-1,1,-1,-1,1,-1,-1,-1,1,-1,1,1,-1,1,-1,1,1,1,1,1,-1,1,1,1,1,-1,-1,-1,-1,1,1,1,1,1,-1,1,1,-1,1,1,-1,1,-1,1,1,1,1,-1,-1,1,1,1,1,1,-1,1,1,1,1,1,1,-1,1,1,1,1,1,1,-1,-1,1,1,1,1,1,-1,1,1,1,1,1,1,-1,1,1,1,1,1,1,-1,-1,1,1,1,1,1,-1,-1,1,1,-1,1,1,1,-1,1,-2624.0,1,2000,445,500,True
3096,1,1,-1,-1,1,-1,1,1,1,1,1,-1,1,1,1,1,-1,1,-1,-1,1,1,1,1,1,-1,1,1,1,1,1,1,1,-1,1,1,-1,1,1,1,-1,1,1,1,1,1,1,-1,1,-1,1,1,1,1,-1,1,1,-1,1,1,1,-1,-1,-1,1,1,1,1,-1,1,1,-1,1,1,1,-1,1,1,-1,1,1,-1,-1,1,-1,1,1,1,-1,-1,1,1,-1,1,1,-1,1,-1,-1,1,1,1,-1,1,-1,-1,-1,1,1,1,1,1,-1,-1,1,1,1,1,-1,-1,-1,1,1,1,-1,1,-1,-1,1,1,1,1,-1,-1,-1,1,1,1,1,-1,-1,-1,-1,1,-1,1,-1,-1,-1,-1,1,1,1,-1,1,-1,1,-1,-1,1,-1,1,-1,-1,1,-1,1,-1,1,-1,-1,-1,1,1,-1,-1,-1,1,-1,1,-1,1,1,-1,-1,-1,1,1,-1,-1,-1,-1,-1,1,1,-1,1,-1,-1,-1,1,1,-1,1,-1,-1,1,1,1,-1,1,-1,1,1,-1,1,-1,1,-1,1,-1,1,1,1,1,1,-1,-1,1,1,-1,1,-1,-1,1,1,1,1,1,-1,-1,1,1,-1,1,1,1,-1,-1,1,-1,1,1,-1,1,-1,1,-1,1,1,-1,-1,1,-1,1,1,1,1,-1,1,-1,1,1,1,1,1,-1,-1,1,1,1,1,1,-1,1,-1,1,1,1,1,-1,-1,-1,1,1,-1,-1,-1,1,-1,1,1,1,-1,-1,-1,1,1,1,1,1,-1,-1,-1,-1,1,1,1,-1,1,-1,1,1,-1,1,-1,-1,1,1,1,1,1,-1,-1,1,-1,1,1,-1,-1,-1,1,1,1,1,-1,-1,1,-1,-1,1,1,-1,1,1,-1,1,1,1,-1,-1,1,1,-1,1,-1,1,-1,1,1,-1,1,1,-1,-1,-1,1,1,1,1,-1,-1,1,1,-1,1,1,1,1,1,1,-1,-1,1,-1,-1,1,1,1,-1,1,1,1,-1,1,-1,1,1,-1,1,1,1,-1,1,1,-1,1,1,1,-1,1,-1,1,-1,1,-1,1,1,-1,1,-1,1,1,-1,1,1,1,1,1,-1,1,-1,1,1,-1,1,-1,1,1,1,-1,1,-1,-1,1,1,1,-1,1,1,-1,1,1,1,1,1,-1,-1,1,-1,1,-1,1,-1,-1,-1,-1,1,1,1,-1,-1,1,-1,1,1,1,-1,-1,-1,1,-1,1,1,-1,-1,1,-1,1,1,-1,1,-1,-1,1,1,-1,1,-1,-1,1,1,1,-1,-1,1,-1,1,1,1,-1,-1,1,-1,-1,1,1,1,-1,1,-1,1,-1,1,-1,1,-1,1,-1,1,1,1,-1,-1,1,-1,-1,1,-1,-1,-1,1,-1,-1,1,-1,-1,-1,1,-1,-1,1,-1,-1,-1,-1,1,-1,1,-1,-1,1,-1,1,-1,-1,1,1,1,-1,1,-1,1,-1,1,1,1,-1,1,1,-1,-1,1,1,1,-1,1,-1,1,-1,1,1,1,-1,-1,-1,1,-1,1,-1,1,-1,-1,-1,1,1,-1,1,-1,-1,-1,1,1,-1,1,-1,-1,1,1,1,-1,1,-1,-1,-1,-1,1,1,1,-1,1,-1,-1,1,-1,1,-1,-1,1,1,1,-1,1,1,-1,-1,-1,-1,-1,1,1,-1,-1,-1,-1,-1,1,1,-1,-1,-1,1,1,1,-1,-1,-1,-1,1,1,1,-1,1,-1,1,-1,1,1,1,-1,-1,-1,-1,-1,1,-1,1,-1,-1,1,-1,1,1,-1,1,-1,-1,1,1,1,-1,1,-1,-1,-1,1,1,-1,1,-1,-1,-1,1,1,-1,1,-1,-1,-1,1,1,1,-1,1,-1,-1,1,1,-1,-1,-1,-1,-1,1,1,1,-1,1,1,-1,-1,-1,1,-1,1,1,-1,1,-1,-1,1,1,-1,-1,1,1,-1,1,-1,1,-1,1,-1,1,-1,-1,1,-1,1,1,-1,1,-1,1,-1,-1,1,1,1,-1,1,-1,-1,1,-1,1,-1,1,-1,-1,1,1,1,-1,1,-1,-1,1,1,-1,1,1,-1,-1,-1,1,1,-1,1,-1,-1,1,1,1,-1,1,-1,-1,1,1,1,-1,1,-1,-1,1,-1,-1,-1,1,-1,-1,1,1,-1,1,-1,-1,1,-1,1,-1,-1,1,-1,1,1,1,1,-1,1,1,1,1,1,-1,1,1,-1,-1,-1,1,1,-1,1,-1,1,1,1,-1,1,1,-1,1,1,1,-1,1,-1,-1,1,-1,1,1,-1,1,-1,-1,1,1,1,-1,1,1,-1,1,-1,1,-1,1,-1,-1,1,-1,-1,1,1,-1,-1,1,-1,1,-1,1,1,-1,1,1,-1,1,1,-1,1,-1,1,1,1,1,1,-1,1,1,-1,1,1,-1,1,1,1,-1,1,1,-1,-1,-1,1,-1,1,1,1,1,-1,1,-1,1,1,1,-1,-1,1,-1,1,1,1,-1,1,1,-1,1,-1,1,1,-1,1,-1,-1,1,-1,1,-1,1,-1,-1,1,1,1,-1,1,-1,-1,1,1,-1,-1,1,-1,1,-1,1,-1,-1,1,-1,1,1,1,-1,1,-1,1,-1,1,1,-1,-1,-1,-1,1,1,1,-1,1,-1,1,1,-1,1,-1,1,1,-1,1,1,1,-1,-1,-1,-1,1,1,1,-1,-1,-1,1,1,-1,-1,-1,1,-1,-1,1,-1,1,-1,-1,-1,-1,1,-1,1,-1,-1,1,1,1,1,1,1,-1,-1,1,-1,1,-1,-1,1,-1,-1,1,1,-1,1,-1,-1,1,1,-1,1,1,-1,1,1,1,1,-1,1,-1,-1,1,-1,-1,1,1,-1,1,-1,1,1,-1,1,-1,-1,1,-1,1,1,1,1,-1,1,-1,1,-1,1,-1,-1,1,1,1,-1,1,1,-1,1,-1,1,1,1,1,-1,1,-1,-1,-1,1,1,-1,1,1,1,-1,1,1,-1,-1,1,1,1,-1,1,-1,1,-1,1,-2624.0,1,2000,445,1000,True
3097,1,1,-1,-1,1,-1,1,1,1,1,1,-1,1,1,1,1,-1,1,-1,-1,1,1,1,1,1,-1,1,1,1,1,1,1,-1,-1,1,1,-1,1,1,1,-1,1,1,1,1,1,1,-1,1,1,1,1,-1,1,-1,1,1,-1,1,1,1,-1,-1,1,1,1,1,1,-1,1,1,-1,1,1,1,-1,1,-1,1,-1,1,-1,-1,1,-1,1,1,1,-1,-1,1,1,-1,1,1,-1,1,-1,-1,1,1,1,-1,1,-1,1,-1,1,1,1,1,1,-1,-1,1,1,-1,1,-1,1,-1,1,1,1,-1,1,-1,-1,1,1,1,1,-1,-1,-1,1,1,1,1,-1,1,-1,-1,1,-1,1,-1,-1,-1,1,1,1,1,-1,1,-1,1,-1,-1,1,-1,-1,-1,1,-1,-1,1,-1,1,1,-1,-1,1,1,-1,-1,1,1,-1,1,1,1,-1,1,-1,-1,1,-1,-1,-1,1,-1,-1,1,1,-1,-1,1,-1,-1,1,1,-1,-1,1,-1,1,1,1,-1,-1,1,-1,1,-1,1,-1,-1,1,-1,-1,1,1,1,-1,-1,1,-1,1,1,-1,-1,1,1,-1,1,1,1,-1,1,1,-1,1,-1,1,-1,1,1,-1,1,-1,1,-1,1,1,1,-1,-1,1,-1,1,1,-1,-1,1,1,1,-1,-1,-1,-1,1,1,-1,-1,-1,-1,-1,1,1,1,-1,-1,-1,1,-1,1,1,-1,-1,-1,-1,-1,1,1,-1,-1,-1,-1,1,1,1,-1,-1,-1,1,-1,1,1,1,-1,1,-1,-1,1,1,-1,-1,-1,1,-1,1,1,1,-1,-1,-1,-1,1,1,-1,-1,-1,-1,1,1,1,-1,-1,-1,-1,1,-1,1,-1,-1,-1,-1,-1,1,1,-1,1,-1,-1,1,-1,1,-1,1,-1,-1,-1,1,1,-1,-1,-1,-1,-1,1,-1,-1,-1,-1,-1,-1,1,-1,-1,1,-1,-1,1,1,-1,-1,1,1,-1,-1,1,1,-1,1,-1,-1,-1,-1,1,-1,-1,1,-1,-1,1,-1,-1,1,1,1,1,1,1,-1,1,-1,1,-1,1,-1,1,-1,1,1,-1,1,-1,1,1,-1,-1,1,1,-1,-1,-1,1,1,1,1,1,-1,1,-1,1,-1,1,-1,-1,1,-1,1,1,-1,1,-1,1,-1,1,-1,1,-1,-1,1,1,1,1,-1,1,-1,-1,1,1,1,1,-1,-1,-1,1,1,1,1,1,-1,-1,1,1,1,1,-1,1,-1,1,1,-1,1,1,-1,1,1,1,1,1,-1,-1,1,1,1,1,-1,1,-1,1,1,-1,1,-1,1,-1,1,1,-1,1,1,-1,-1,1,1,-1,1,-1,1,1,-1,1,1,1,1,-1,1,-1,1,-1,1,1,1,-1,1,1,1,-1,1,1,-1,-1,1,-1,1,1,1,1,-1,1,1,-1,1,1,-1,-1,1,1,-1,1,1,1,1,1,1,-1,1,1,1,-1,1,1,1,-1,-1,1,-1,1,-1,1,-1,-1,1,1,-1,1,-1,-1,-1,1,1,-1,1,1,-1,1,-1,1,-1,1,1,-1,-1,-1,1,-1,-1,-1,-1,-1,1,1,-1,-1,-1,-1,-1,1,1,-1,1,1,1,1,1,1,-1,1,1,-1,-1,1,1,-1,-1,1,-1,-1,1,1,-1,1,1,1,-1,1,-1,1,1,1,-1,-1,-1,1,1,1,1,-1,1,1,-1,1,1,1,-1,1,1,1,-1,1,-1,1,1,1,-1,1,1,1,-1,-1,1,1,1,1,1,1,-1,1,-1,1,1,1,1,1,1,-1,1,-1,1,-1,-1,1,-1,1,1,1,1,-1,1,-1,1,-1,1,-1,-1,1,-1,1,1,-1,1,-1,1,-1,1,1,1,1,-1,1,-1,1,1,-1,1,-1,-1,1,1,1,-1,1,1,-1,1,1,-1,1,1,-1,1,-1,1,-1,1,1,-1,-1,1,1,1,-1,1,-1,1,-1,1,-1,1,-1,-1,-1,-1,1,-1,1,1,-1,-1,1,1,-1,-1,1,-1,-1,1,1,1,-1,-1,-1,-1,1,1,1,-1,1,-1,-1,1,1,-1,1,-1,-1,-1,1,1,1,-1,1,-1,-1,1,-1,1,-1,-1,-1,-1,1,1,-1,1,-1,-1,-1,1,1,1,-1,-1,-1,1,1,1,1,-1,1,-1,1,1,1,1,-1,-1,1,1,1,1,1,-1,-1,-1,-1,1,-1,1,-1,-1,-1,1,1,1,-1,-1,-1,-1,1,1,1,-1,1,-1,-1,1,-1,1,1,-1,-1,-1,-1,1,1,1,1,-1,1,-1,1,1,1,-1,-1,-1,-1,1,-1,1,-1,1,-1,-1,1,1,1,-1,-1,1,-1,1,1,-1,-1,-1,-1,1,-1,1,1,-1,-1,1,-1,1,1,-1,1,1,-1,1,1,1,1,-1,-1,-1,-1,-1,1,1,-1,1,-1,1,-1,1,1,-1,-1,1,-1,-1,1,1,-1,1,1,-1,1,1,1,-1,-1,1,1,-1,1,1,-1,1,-1,1,-1,1,1,-1,-1,1,1,-1,1,1,1,1,1,-1,-1,1,1,-1,-1,1,-1,1,1,1,-1,1,1,-1,1,1,1,1,1,1,-1,1,1,-1,-1,1,1,-1,-1,1,1,-1,1,1,-1,1,1,1,-1,1,1,-1,-1,-1,1,-1,1,1,1,-1,1,-1,-1,-1,-1,-1,1,-1,1,-1,-1,1,-1,1,-1,1,1,-1,1,-1,-1,1,-1,-1,-1,-1,1,-1,-1,-1,-1,-1,-1,-1,1,-1,1,1,-1,-1,1,-1,-1,1,1,-1,1,1,-1,-1,-1,-1,1,-1,1,-1,1,-1,1,-1,1,1,-1,-1,-1,-1,1,-1,1,-1,-1,-1,1,-1,1,1,1,-1,-1,1,1,-1,1,-1,-1,-1,-1,-1,-1,1,1,1,-1,1,-1,1,1,1,-1,-1,1,1,-1,-1,1,-1,-1,-1,-1,-1,1,1,-1,1,-1,1,1,-1,1,-1,1,-1,1,-2624.0,1,2000,445,500,True
3098,1,1,-1,-1,1,-1,1,1,1,1,1,-1,1,1,1,1,-1,1,-1,-1,1,1,1,1,1,-1,1,1,1,1,1,1,1,-1,1,1,-1,1,1,-1,-1,1,1,1,1,1,-1,-1,1,-1,1,1,1,1,-1,1,1,-1,1,1,-1,-1,-1,-1,1,1,1,-1,-1,1,1,-1,1,1,-1,1,1,1,1,1,1,-1,-1,1,-1,1,1,-1,-1,1,1,1,-1,1,-1,-1,1,-1,-1,-1,1,-1,-1,1,-1,1,-1,1,-1,-1,1,1,-1,-1,1,1,-1,1,1,-1,-1,1,-1,-1,1,1,-1,-1,1,-1,-1,1,1,-1,-1,-1,-1,-1,1,1,-1,-1,-1,1,-1,1,-1,-1,-1,-1,1,-1,-1,1,1,-1,-1,-1,-1,1,1,-1,-1,-1,1,-1,1,1,1,-1,-1,-1,-1,1,1,-1,-1,1,-1,1,1,-1,1,-1,-1,-1,1,1,1,-1,-1,-1,-1,-1,1,1,1,-1,-1,-1,1,-1,1,1,-1,1,-1,-1,1,1,1,-1,1,1,-1,-1,1,1,-1,1,-1,1,1,1,1,1,-1,-1,1,1,1,1,1,-1,1,1,1,1,1,-1,-1,-1,1,-1,1,1,1,-1,1,-1,1,1,1,-1,-1,-1,1,-1,1,1,-1,1,-1,1,1,-1,1,1,-1,-1,1,1,-1,1,1,-1,-1,1,1,-1,1,1,1,-1,1,1,1,1,1,1,-1,-1,1,1,1,1,-1,-1,-1,1,-1,1,1,-1,-1,1,1,-1,1,-1,1,-1,-1,1,1,1,1,1,-1,1,1,-1,1,-1,1,-1,-1,1,-1,1,1,1,-1,-1,1,1,1,1,-1,-1,1,-1,1,1,1,-1,-1,-1,-1,1,1,1,1,-1,1,1,-1,1,1,-1,-1,-1,-1,1,1,1,1,-1,-1,-1,1,-1,1,1,-1,-1,1,1,-1,1,1,1,1,-1,1,-1,1,-1,-1,-1,-1,1,1,-1,1,1,-1,1,-1,1,-1,1,-1,1,-1,1,-1,-1,1,-1,-1,-1,1,1,-1,1,-1,1,-1,1,-1,1,-1,1,1,1,1,-1,1,-1,1,1,-1,1,-1,-1,-1,1,1,1,1,1,-1,-1,1,1,1,1,-1,-1,1,-1,-1,1,-1,1,-1,1,-1,1,1,1,-1,-1,1,1,1,1,-1,1,-1,-1,1,1,1,1,-1,-1,-1,1,1,1,1,1,-1,1,-1,-1,1,1,-1,1,-1,1,1,-1,1,1,-1,1,1,1,1,1,-1,-1,1,1,-1,1,-1,1,-1,1,1,-1,1,-1,1,-1,1,1,-1,1,-1,-1,-1,1,1,-1,1,-1,1,-1,-1,1,-1,1,-1,-1,1,-1,1,-1,1,1,1,-1,1,1,-1,-1,1,1,-1,-1,1,-1,1,-1,1,1,-1,1,-1,-1,1,1,-1,-1,1,1,-1,1,1,1,1,1,1,-1,1,1,1,-1,1,-1,1,-1,1,1,-1,1,-1,1,1,-1,1,-1,-1,1,-1,-1,1,-1,-1,-1,1,1,-1,-1,1,-1,-1,1,1,-1,-1,1,-1,-1,-1,-1,-1,-1,1,-1,-1,-1,-1,-1,-1,1,-1,-1,1,1,1,1,1,-1,1,1,1,-1,-1,1,-1,1,-1,1,-1,-1,1,1,-1,1,1,1,-1,1,1,-1,-1,1,-1,-1,-1,1,-1,-1,1,-1,1,1,-1,-1,1,1,-1,1,1,-1,1,1,-1,1,1,1,1,-1,1,1,-1,-1,1,1,-1,1,1,1,-1,1,1,-1,-1,1,1,1,1,1,-1,1,1,-1,-1,1,1,-1,-1,1,1,-1,1,1,-1,-1,1,-1,-1,1,1,-1,-1,-1,1,-1,1,1,-1,-1,1,1,-1,1,1,1,-1,-1,1,-1,1,-1,1,-1,-1,1,-1,1,-1,1,-1,1,1,-1,1,1,-1,-1,1,1,-1,1,-1,1,1,-1,1,-1,1,1,1,-1,1,1,-1,1,1,1,-1,1,1,-1,-1,1,-1,1,-1,1,-1,-1,1,1,-1,1,-1,-1,1,-1,-1,1,-1,1,-1,-1,-1,1,-1,1,-1,-1,-1,1,1,-1,1,-1,-1,-1,1,1,1,1,-1,-1,1,1,1,1,1,-1,-1,1,1,1,1,-1,-1,-1,1,1,1,1,-1,1,-1,1,1,1,-1,-1,-1,1,1,1,1,1,-1,-1,-1,1,-1,1,1,-1,-1,1,1,1,1,1,-1,-1,1,1,1,1,1,1,-1,-1,1,-1,1,-1,-1,-1,-1,1,1,1,1,1,-1,1,1,1,1,1,-1,-1,1,1,1,-1,1,-1,1,-1,1,1,1,1,-1,1,1,1,1,1,1,-1,1,1,1,-1,1,-1,-1,1,1,1,-1,1,-1,1,1,1,-1,1,1,-1,1,1,1,1,-1,1,-1,1,1,1,1,-1,1,1,-1,1,1,1,-1,-1,1,-1,1,1,1,-1,-1,-1,1,-1,1,1,-1,-1,1,-1,1,-1,1,1,-1,1,-1,1,1,-1,1,-1,1,1,1,1,1,-1,-1,1,-1,1,1,-1,-1,-1,1,-1,1,1,-1,-1,1,-1,1,1,-1,-1,-1,-1,1,-1,1,-1,1,-1,1,-1,-1,1,1,-1,1,-1,1,-1,1,1,-1,1,-1,1,-1,1,1,-1,-1,1,-1,-1,-1,-1,-1,1,-1,1,-1,-1,1,-1,1,-1,1,-1,-1,1,-1,1,-1,-1,-1,-1,-1,-1,-1,-1,-1,1,-1,-1,-1,-1,1,1,-1,1,-1,-1,-1,1,1,-1,-1,-1,-1,-1,1,1,-1,1,-1,1,-1,-1,-1,1,-1,1,-1,-1,1,-1,-1,1,-1,-1,1,1,-1,1,1,1,1,-1,1,-1,1,1,-1,1,-1,1,-1,-1,-1,-1,-1,-1,1,-1,1,1,1,1,-1,1,-1,1,1,-1,-1,-1,1,-1,-1,1,-1,1,-1,-1,1,-1,1,1,-1,-1,1,-1,-1,1,-2622.0,1,2000,445,500,True
3099,-1,-1,1,1,1,1,-1,1,-1,-1,-1,1,-1,1,-1,-1,1,-1,1,-1,-1,-1,-1,-1,-1,1,-1,-1,-1,-1,-1,-1,1,-1,-1,-1,1,-1,-1,1,-1,-1,-1,-1,-1,-1,1,1,-1,1,-1,-1,-1,1,-1,-1,-1,1,-1,-1,1,1,-1,1,-1,-1,-1,1,1,-1,-1,1,-1,-1,1,1,-1,-1,1,-1,-1,1,1,-1,1,-1,-1,1,1,1,1,-1,-1,-1,1,1,-1,-1,1,1,-1,1,1,1,-1,1,-1,-1,1,1,1,-1,1,1,-1,1,1,1,1,1,-1,-1,-1,1,1,-1,1,1,-1,1,1,1,-1,1,-1,1,1,1,1,-1,1,-1,1,-1,1,1,1,1,1,-1,-1,1,1,-1,-1,1,-1,1,1,1,-1,-1,1,-1,1,-1,1,-1,1,-1,1,-1,1,1,-1,1,-1,-1,1,1,-1,1,-1,1,1,-1,1,-1,-1,1,-1,1,-1,1,-1,-1,-1,1,1,-1,1,-1,-1,-1,1,1,1,1,1,-1,1,-1,1,-1,1,-1,-1,-1,1,1,-1,1,1,-1,-1,-1,1,1,-1,1,-1,-1,-1,1,-1,1,1,-1,-1,1,1,-1,1,-1,-1,-1,1,1,-1,-1,1,-1,-1,1,-1,-1,1,-1,-1,-1,1,1,-1,1,1,1,-1,1,-1,-1,1,-1,1,-1,1,1,-1,1,-1,1,1,1,1,-1,1,1,-1,1,1,1,-1,-1,1,-1,1,-1,-1,-1,-1,1,1,1,1,-1,-1,1,-1,1,1,1,-1,1,-1,1,1,1,1,1,-1,1,-1,1,1,-1,1,-1,-1,-1,1,1,1,1,-1,-1,1,1,1,1,-1,-1,-1,-1,1,1,1,-1,-1,-1,1,-1,1,1,1,-1,-1,1,1,1,1,-1,-1,-1,-1,-1,1,1,-1,-1,-1,-1,-1,-1,1,-1,-1,-1,-1,-1,-1,1,1,-1,-1,-1,-1,-1,1,1,1,-1,1,-1,1,-1,1,-1,-1,1,-1,1,-1,1,-1,-1,-1,1,-1,-1,1,1,1,1,-1,1,-1,1,-1,1,1,-1,-1,1,-1,1,-1,-1,-1,-1,1,1,-1,1,-1,-1,-1,-1,-1,1,1,1,-1,1,-1,1,-1,1,1,-1,-1,-1,1,-1,1,1,1,1,-1,1,-1,1,1,-1,-1,-1,-1,1,1,1,1,1,-1,1,1,1,1,-1,-1,-1,-1,1,1,1,1,1,-1,-1,1,-1,1,1,-1,1,-1,1,1,-1,1,1,-1,1,1,1,1,1,-1,-1,1,1,1,-1,1,1,-1,1,1,-1,1,1,1,-1,1,1,-1,1,-1,-1,-1,-1,1,-1,1,1,1,-1,-1,1,1,1,-1,-1,1,-1,1,-1,1,-1,1,-1,1,1,1,-1,-1,1,-1,-1,1,-1,1,1,1,1,-1,1,1,-1,1,1,-1,-1,1,1,-1,1,1,1,1,1,1,-1,1,1,1,-1,1,1,1,-1,-1,1,-1,1,-1,1,-1,1,1,1,-1,1,-1,-1,-1,1,1,-1,1,1,-1,1,-1,1,-1,1,1,-1,1,-1,1,-1,-1,-1,-1,1,-1,1,-1,-1,-1,-1,1,-1,1,-1,1,1,1,1,-1,1,-1,1,1,-1,1,-1,1,-1,-1,1,-1,1,-1,-1,1,1,1,1,1,-1,-1,1,-1,1,-1,1,-1,1,-1,-1,1,-1,-1,-1,1,-1,1,1,-1,-1,-1,1,1,1,-1,1,1,-1,-1,-1,1,1,-1,1,-1,-1,1,1,1,1,1,1,1,-1,-1,1,1,-1,1,-1,-1,1,1,-1,1,1,-1,-1,-1,1,1,1,1,-1,-1,-1,1,1,1,1,-1,1,-1,-1,1,1,1,1,-1,-1,1,1,1,1,-1,1,-1,-1,1,1,-1,-1,1,-1,-1,1,1,1,-1,-1,-1,1,1,1,-1,-1,-1,-1,1,1,1,1,-1,1,-1,1,1,1,-1,-1,1,-1,1,1,1,1,-1,1,-1,1,1,1,1,-1,1,-1,-1,1,1,1,-1,1,1,-1,-1,1,-1,1,1,1,-1,1,1,1,-1,1,-1,1,-1,1,1,-1,-1,1,-1,-1,1,1,-1,1,1,-1,-1,1,1,-1,1,1,-1,-1,1,-1,1,1,1,-1,-1,1,-1,1,1,1,-1,1,1,1,1,1,1,-1,-1,1,-1,1,1,1,-1,-1,1,-1,1,-1,1,-1,-1,1,-1,1,1,1,-1,-1,-1,1,1,1,-1,1,-1,1,-1,1,1,1,-1,-1,1,-1,1,1,1,1,-1,-1,-1,1,1,1,-1,-1,-1,-1,-1,-1,1,-1,1,1,-1,1,1,1,-1,-1,1,-1,1,1,-1,-1,-1,-1,1,-1,1,1,-1,-1,-1,-1,-1,1,-1,1,1,-1,1,-1,1,1,-1,-1,-1,-1,-1,1,1,-1,1,-1,-1,-1,1,1,-1,-1,-1,-1,-1,1,1,-1,1,-1,-1,-1,1,1,-1,-1,1,-1,-1,-1,1,-1,1,-1,-1,-1,1,1,-1,-1,-1,-1,1,-1,1,-1,1,1,-1,-1,-1,1,-1,-1,-1,-1,-1,1,-1,-1,1,-1,-1,-1,1,-1,1,1,-1,-1,1,1,-1,-1,1,-1,1,-1,1,-1,-1,1,1,-1,1,-1,1,-1,1,1,-1,1,1,1,-1,1,1,-1,1,-1,1,-1,-1,1,-1,1,-1,1,-1,-1,1,1,1,-1,1,1,-1,1,-1,-1,1,-1,1,-1,1,-1,1,1,-1,1,-1,1,1,1,-1,1,-1,1,1,1,1,-1,1,1,-1,1,-1,1,-1,1,-1,1,1,-1,1,1,1,-1,-1,1,1,1,-1,1,1,1,1,1,-1,-1,1,-1,1,1,1,1,-1,1,-1,1,1,1,1,-1,1,1,1,1,1,1,-1,1,-1,1,1,1,1,-1,1,1,-1,1,1,1,-1,1,1,-1,1,1,1,1,-1,1,1,1,-1,1,-1,1,1,1,-2622.0,1,2000,445,500,True
3100,1,1,-1,-1,1,1,-1,1,1,1,1,-1,1,1,1,1,-1,1,-1,-1,-1,1,1,1,1,1,-1,-1,1,1,1,1,-1,-1,-1,1,-1,1,1,1,-1,-1,1,1,1,1,1,1,-1,-1,1,1,1,1,-1,-1,1,-1,1,1,1,-1,-1,-1,1,1,1,1,1,-1,1,-1,1,1,1,1,-1,1,1,1,1,-1,1,-1,-1,1,1,1,1,1,1,1,-1,1,1,1,-1,-1,-1,1,1,1,1,1,-1,-1,-1,1,1,1,1,-1,-1,-1,1,1,1,1,1,-1,-1,1,1,1,1,-1,-1,-1,1,1,1,1,-1,-1,-1,1,1,1,1,-1,-1,-1,1,1,1,1,1,-1,-1,-1,1,1,1,-1,1,-1,-1,1,1,1,-1,-1,-1,1,1,-1,1,-1,1,-1,1,-1,1,1,-1,-1,-1,1,1,1,-1,1,1,-1,1,-1,1,-1,-1,-1,-1,1,-1,1,-1,-1,1,-1,1,-1,1,-1,-1,1,-1,1,1,1,1,-1,1,-1,1,1,-1,-1,-1,1,1,1,-1,1,1,-1,1,1,-1,-1,-1,1,-1,1,-1,1,-1,1,1,-1,1,1,1,-1,-1,-1,-1,1,1,1,-1,-1,1,-1,1,1,-1,-1,1,-1,-1,1,1,1,-1,-1,1,-1,1,-1,-1,-1,-1,1,-1,1,1,-1,-1,-1,1,-1,1,-1,1,-1,-1,1,-1,1,1,1,-1,-1,1,-1,1,1,-1,-1,-1,1,1,1,-1,-1,-1,-1,1,-1,-1,1,1,-1,-1,1,1,1,-1,-1,-1,1,-1,1,-1,1,-1,-1,-1,-1,1,1,-1,1,-1,-1,1,1,-1,-1,-1,-1,-1,1,-1,1,-1,1,-1,-1,-1,1,-1,-1,1,-1,-1,1,-1,-1,-1,-1,-1,-1,-1,1,1,-1,-1,-1,-1,-1,1,-1,-1,-1,-1,-1,-1,1,-1,-1,1,-1,-1,1,1,-1,-1,1,1,-1,-1,1,1,-1,1,-1,-1,-1,-1,1,-1,1,-1,-1,1,1,-1,-1,1,1,1,-1,1,1,-1,1,-1,1,-1,1,-1,1,-1,1,-1,1,1,-1,1,1,-1,1,-1,1,-1,-1,1,1,-1,1,1,1,-1,1,-1,1,1,1,-1,-1,1,-1,1,1,-1,1,-1,1,-1,1,1,-1,-1,-1,-1,1,1,1,-1,1,-1,1,1,1,1,1,-1,-1,-1,1,1,1,1,1,-1,-1,1,1,1,1,-1,1,-1,1,1,-1,1,1,-1,1,1,1,1,1,-1,-1,1,1,1,1,-1,1,-1,1,1,-1,1,-1,1,-1,1,1,-1,1,-1,-1,1,-1,1,-1,1,-1,1,1,-1,1,1,1,-1,-1,1,-1,1,-1,1,1,1,1,-1,1,1,-1,1,-1,1,-1,1,-1,1,1,1,1,-1,1,1,-1,1,1,-1,-1,1,1,-1,1,1,1,1,1,1,-1,1,1,1,1,1,1,1,-1,1,1,-1,1,-1,1,-1,-1,1,-1,-1,1,-1,-1,1,-1,-1,1,1,1,-1,-1,1,-1,1,1,1,-1,-1,1,-1,-1,1,-1,-1,-1,1,-1,-1,-1,-1,-1,-1,1,-1,1,1,1,1,1,1,-1,-1,1,1,-1,-1,1,-1,-1,-1,1,-1,-1,1,1,-1,1,1,1,-1,1,-1,1,1,1,-1,-1,-1,1,-1,1,1,-1,1,1,-1,1,1,1,-1,1,1,-1,-1,1,1,-1,1,1,-1,1,1,-1,-1,-1,1,-1,1,1,1,-1,-1,1,1,1,1,1,1,1,1,-1,1,-1,1,-1,-1,1,1,1,-1,1,1,-1,1,-1,1,-1,1,-1,-1,1,1,-1,1,-1,1,-1,1,1,1,1,1,-1,-1,1,-1,1,1,-1,1,-1,-1,-1,1,1,-1,1,-1,1,-1,1,-1,1,-1,-1,-1,-1,1,-1,1,1,-1,1,-1,1,-1,1,1,-1,-1,1,1,-1,1,1,-1,-1,-1,1,-1,1,-1,-1,-1,-1,1,-1,-1,1,-1,-1,1,1,1,-1,-1,-1,-1,-1,-1,1,-1,1,-1,-1,-1,1,-1,1,-1,-1,-1,-1,1,1,-1,-1,-1,-1,1,1,1,-1,-1,-1,-1,-1,1,1,-1,-1,-1,-1,1,1,1,-1,-1,-1,1,1,1,1,-1,1,-1,1,1,1,1,-1,-1,1,-1,1,1,1,-1,-1,-1,-1,-1,1,1,-1,-1,1,-1,1,1,-1,-1,-1,-1,1,1,1,-1,1,-1,-1,-1,1,1,1,-1,-1,-1,-1,1,1,1,1,-1,1,-1,1,-1,1,-1,-1,-1,-1,-1,1,1,-1,1,-1,-1,1,1,1,-1,-1,1,-1,1,1,-1,-1,1,-1,1,1,1,1,-1,1,-1,-1,-1,1,1,1,1,-1,1,1,1,1,-1,-1,-1,-1,1,1,1,-1,1,-1,-1,-1,1,1,-1,-1,1,-1,-1,1,1,-1,1,-1,-1,1,1,1,-1,-1,1,-1,-1,1,1,-1,1,1,-1,-1,1,1,1,-1,1,-1,1,-1,1,-1,1,1,-1,-1,1,1,-1,-1,-1,-1,-1,1,-1,-1,1,-1,-1,-1,1,-1,1,1,-1,-1,-1,1,1,-1,1,-1,1,-1,1,-1,-1,1,1,-1,1,-1,1,-1,1,1,-1,1,-1,1,-1,1,1,-1,1,1,-1,-1,-1,1,-1,1,-1,1,-1,-1,1,1,1,-1,1,-1,-1,1,-1,-1,1,-1,-1,-1,1,-1,1,1,-1,1,-1,1,1,1,-1,1,-1,1,1,1,1,-1,1,-1,-1,1,-1,1,-1,1,-1,1,1,-1,1,1,-1,1,-1,1,1,1,-1,1,-1,1,1,1,1,-1,-1,1,1,1,1,1,-1,-1,1,1,1,1,1,1,-1,-1,-1,1,1,1,1,-1,1,1,1,1,1,1,-1,1,1,1,1,1,1,-1,-1,1,1,1,1,1,1,-1,1,1,-1,1,1,-1,-1,1,-2622.0,1,2000,445,500,True
3101,1,1,-1,-1,1,1,-1,1,1,1,1,-1,-1,1,1,1,-1,1,-1,-1,-1,1,1,1,1,1,-1,-1,1,1,1,1,-1,-1,-1,1,-1,1,1,1,-1,-1,1,1,1,1,1,1,-1,-1,1,1,-1,1,-1,-1,1,-1,1,1,1,-1,-1,1,1,1,1,1,1,-1,1,-1,1,1,1,1,-1,1,-1,1,1,-1,1,-1,-1,1,1,1,1,1,1,1,-1,1,1,1,-1,-1,-1,-1,1,1,1,1,-1,-1,-1,1,1,1,1,-1,-1,-1,1,1,1,1,1,-1,-1,1,1,1,1,-1,-1,-1,1,1,1,1,-1,-1,-1,1,1,1,1,-1,-1,-1,-1,1,1,1,1,-1,-1,-1,1,1,1,-1,1,-1,1,1,1,1,-1,-1,-1,-1,1,1,1,-1,1,-1,1,1,1,1,-1,-1,-1,1,1,1,-1,1,1,-1,1,1,1,-1,-1,-1,-1,-1,1,1,-1,-1,1,-1,-1,1,-1,1,-1,1,-1,-1,1,1,1,-1,1,-1,1,1,1,1,-1,1,1,1,1,-1,-1,-1,1,1,-1,1,1,1,-1,1,1,-1,1,-1,1,-1,1,1,-1,1,1,-1,-1,1,1,-1,-1,1,-1,-1,1,-1,1,1,-1,-1,-1,1,-1,-1,1,-1,1,1,1,-1,-1,1,-1,-1,1,1,-1,1,1,-1,-1,1,1,-1,1,-1,1,-1,-1,1,-1,1,1,-1,-1,-1,1,1,-1,-1,1,-1,1,1,-1,-1,-1,-1,-1,-1,1,1,1,-1,-1,-1,1,1,-1,-1,-1,1,-1,1,-1,1,-1,-1,-1,-1,1,1,-1,1,-1,-1,1,1,-1,-1,1,-1,-1,1,-1,1,-1,1,-1,-1,-1,1,-1,-1,1,-1,-1,1,-1,-1,-1,-1,-1,-1,-1,1,1,-1,-1,-1,-1,-1,1,-1,-1,-1,-1,-1,-1,1,-1,-1,-1,1,-1,1,1,-1,-1,1,1,-1,-1,1,1,-1,-1,1,-1,-1,-1,1,-1,-1,-1,1,-1,1,-1,-1,-1,-1,-1,-1,1,1,-1,-1,1,1,-1,1,-1,-1,-1,1,-1,-1,1,-1,-1,-1,1,-1,1,1,-1,-1,-1,-1,1,1,1,1,-1,-1,1,-1,-1,1,-1,-1,-1,1,-1,1,-1,1,-1,-1,1,-1,-1,1,-1,-1,1,1,-1,1,-1,1,-1,-1,1,-1,1,1,-1,-1,-1,1,-1,-1,1,1,-1,-1,-1,-1,1,1,-1,1,-1,1,-1,1,-1,1,-1,-1,1,-1,-1,-1,-1,-1,1,1,-1,1,-1,1,-1,1,-1,1,1,-1,1,-1,1,-1,-1,-1,1,-1,-1,1,-1,1,-1,-1,1,-1,1,-1,-1,1,1,-1,1,-1,1,-1,-1,1,1,-1,1,1,-1,-1,1,1,-1,1,-1,-1,-1,-1,1,1,1,1,-1,-1,-1,1,-1,1,1,-1,-1,-1,1,1,-1,1,1,-1,-1,1,1,1,-1,1,1,1,1,1,-1,1,-1,1,-1,-1,1,-1,-1,1,-1,-1,1,-1,-1,1,1,1,-1,1,1,-1,1,1,1,-1,-1,1,-1,-1,1,-1,-1,-1,1,-1,-1,-1,-1,-1,-1,1,-1,1,1,1,1,1,1,-1,-1,1,1,-1,-1,1,-1,-1,-1,1,-1,-1,1,1,-1,1,1,1,-1,1,-1,1,1,1,-1,-1,1,1,-1,1,1,-1,1,1,-1,1,1,1,-1,1,1,-1,-1,1,-1,1,1,1,-1,1,1,1,-1,-1,1,1,1,1,1,1,-1,1,1,1,1,1,1,1,1,-1,1,1,1,-1,-1,1,1,1,1,1,1,-1,1,1,1,1,1,1,-1,1,1,-1,1,-1,1,-1,1,1,1,1,1,1,-1,1,1,1,1,1,-1,-1,1,-1,1,1,1,-1,-1,1,-1,1,1,1,1,-1,1,1,1,1,1,-1,-1,1,-1,1,1,-1,-1,-1,1,1,-1,1,1,-1,-1,-1,1,-1,1,1,-1,-1,-1,1,-1,1,1,-1,-1,-1,-1,1,1,1,-1,-1,-1,1,1,1,-1,-1,-1,-1,-1,1,-1,1,-1,-1,-1,1,1,1,1,-1,-1,-1,1,-1,-1,1,-1,-1,-1,-1,1,1,1,-1,-1,-1,1,1,1,-1,-1,-1,1,-1,1,-1,-1,1,-1,-1,-1,1,-1,-1,-1,1,-1,-1,1,-1,1,-1,-1,-1,-1,1,-1,-1,-1,-1,-1,-1,1,1,1,1,-1,-1,1,1,1,-1,1,1,-1,-1,1,-1,1,1,-1,-1,-1,-1,1,-1,1,1,-1,-1,1,1,-1,1,-1,-1,-1,-1,1,1,1,-1,-1,-1,-1,1,1,1,1,-1,-1,1,1,1,1,-1,-1,-1,1,-1,1,1,-1,-1,1,1,1,1,1,-1,1,-1,1,-1,1,1,-1,-1,1,1,1,1,1,-1,-1,-1,1,1,1,1,1,-1,-1,1,1,1,1,-1,-1,1,1,1,1,-1,1,-1,-1,1,1,1,1,1,-1,-1,1,1,1,1,1,-1,-1,1,1,1,1,1,-1,-1,1,1,-1,1,-1,-1,1,1,1,-1,1,-1,-1,1,1,1,-1,1,1,-1,1,1,-1,-1,1,-1,1,-1,1,1,1,1,1,-1,1,1,1,-1,1,1,-1,-1,1,1,-1,1,1,-1,1,1,-1,-1,1,1,-1,1,-1,1,-1,1,1,1,-1,1,1,-1,1,1,-1,-1,1,-1,-1,1,1,-1,1,1,-1,-1,1,1,1,1,-1,1,1,-1,1,1,1,-1,1,-1,1,1,1,1,-1,-1,1,-1,1,-1,1,1,-1,1,1,1,1,1,-1,-1,-1,1,1,1,-1,-1,-1,1,-1,1,1,1,-1,-1,1,-1,1,1,1,1,-1,-1,-1,1,1,1,1,-1,1,1,1,1,1,-1,-1,1,1,1,1,1,1,-1,-1,1,1,1,1,1,1,-1,1,1,-1,1,-1,1,-1,1,-2622.0,1,2000,445,500,True
3102,1,1,-1,-1,1,1,-1,1,1,1,1,-1,-1,1,1,1,-1,1,-1,-1,-1,1,1,1,1,1,-1,-1,1,1,1,1,-1,-1,-1,1,-1,1,1,1,-1,-1,1,1,1,1,1,1,-1,1,1,1,-1,1,-1,-1,1,-1,1,1,1,-1,-1,1,1,1,1,1,1,-1,1,-1,1,1,1,1,-1,-1,1,1,1,1,1,-1,-1,1,1,1,1,1,1,1,-1,1,1,1,-1,-1,-1,-1,1,1,1,1,-1,-1,-1,1,1,1,1,-1,-1,-1,1,1,1,1,1,-1,-1,1,1,1,1,-1,-1,-1,1,1,1,1,-1,-1,-1,1,1,1,1,-1,-1,-1,-1,1,1,1,1,-1,-1,-1,1,1,1,-1,1,-1,-1,1,1,1,-1,-1,-1,-1,1,1,1,-1,1,-1,1,1,1,1,-1,-1,-1,1,1,1,-1,1,1,-1,1,1,1,-1,-1,-1,-1,-1,1,1,-1,-1,1,-1,-1,1,1,1,-1,1,-1,-1,1,1,1,-1,1,-1,1,1,1,1,-1,1,1,1,1,-1,-1,-1,1,1,-1,1,1,1,-1,1,1,-1,1,-1,1,-1,1,1,-1,1,1,-1,-1,1,1,-1,-1,1,-1,-1,1,1,1,1,-1,-1,-1,1,1,-1,1,-1,1,-1,1,-1,1,1,-1,-1,1,1,-1,-1,1,-1,-1,1,1,-1,1,1,1,-1,-1,1,-1,1,1,-1,-1,-1,1,1,-1,-1,1,-1,1,1,-1,-1,-1,-1,-1,-1,1,1,1,-1,-1,-1,1,1,-1,-1,-1,1,-1,1,1,1,-1,-1,-1,-1,1,1,-1,1,-1,-1,1,1,1,-1,1,-1,-1,1,-1,1,-1,1,-1,-1,-1,1,1,-1,1,-1,-1,1,-1,1,-1,-1,-1,-1,-1,1,1,-1,-1,-1,-1,-1,1,-1,-1,-1,-1,-1,-1,1,-1,-1,-1,1,-1,-1,1,-1,-1,1,1,-1,-1,1,1,-1,-1,1,-1,1,-1,1,-1,-1,-1,1,-1,1,-1,-1,-1,-1,-1,-1,1,1,-1,-1,1,1,-1,1,-1,-1,-1,1,-1,1,1,1,-1,-1,1,-1,-1,1,-1,-1,-1,1,-1,1,-1,1,-1,-1,1,-1,1,-1,-1,-1,-1,1,1,1,-1,1,-1,-1,1,-1,1,-1,-1,-1,1,1,1,1,-1,1,-1,-1,1,1,1,1,-1,-1,-1,1,1,1,1,1,-1,-1,-1,1,1,1,-1,1,-1,1,1,-1,1,1,-1,-1,1,-1,1,1,-1,-1,1,1,1,1,-1,1,-1,1,1,-1,1,-1,1,-1,1,1,-1,1,-1,-1,-1,1,-1,-1,1,-1,1,-1,1,-1,1,1,-1,-1,1,-1,1,1,1,1,1,-1,1,1,1,-1,-1,1,-1,1,-1,-1,1,-1,1,1,1,1,-1,1,1,1,-1,1,1,-1,1,1,1,1,-1,1,1,-1,1,1,1,1,1,1,1,-1,1,1,-1,1,-1,1,-1,-1,1,-1,-1,1,-1,-1,1,-1,-1,-1,1,1,-1,1,1,-1,-1,1,1,-1,-1,1,-1,-1,-1,-1,-1,-1,1,-1,-1,-1,-1,-1,-1,1,-1,-1,1,1,1,1,1,-1,-1,1,1,-1,-1,1,-1,-1,-1,1,-1,-1,1,1,-1,1,1,1,-1,1,-1,1,1,1,-1,-1,-1,1,-1,1,1,-1,1,1,-1,1,1,1,-1,1,1,-1,-1,1,-1,1,1,1,-1,1,1,1,-1,-1,1,1,1,1,1,1,-1,1,1,1,1,1,1,1,1,-1,1,1,1,-1,-1,1,1,1,1,1,1,-1,1,1,1,1,1,1,-1,1,1,1,1,-1,1,-1,1,1,1,1,1,1,-1,1,1,1,1,1,-1,-1,1,-1,1,1,1,-1,-1,1,-1,1,1,1,1,-1,1,1,1,1,1,-1,-1,1,-1,1,1,-1,-1,-1,1,1,-1,1,1,-1,-1,-1,1,-1,1,1,-1,-1,-1,1,-1,1,1,-1,-1,-1,-1,1,1,1,-1,-1,-1,1,-1,1,-1,-1,-1,-1,-1,1,-1,1,-1,-1,-1,1,1,1,1,-1,-1,-1,1,1,-1,1,-1,-1,-1,-1,1,1,1,-1,-1,-1,-1,1,1,-1,-1,-1,1,-1,1,-1,-1,1,-1,-1,-1,1,-1,-1,-1,1,-1,-1,1,-1,1,-1,-1,-1,-1,1,-1,-1,-1,-1,-1,-1,1,1,-1,-1,-1,-1,-1,1,1,-1,1,1,-1,-1,1,-1,-1,1,-1,-1,-1,-1,1,-1,-1,1,-1,-1,1,1,-1,1,-1,-1,-1,-1,1,-1,1,-1,-1,-1,-1,1,-1,-1,1,-1,-1,1,1,1,1,-1,-1,-1,1,-1,-1,-1,-1,-1,1,1,1,-1,1,-1,1,-1,1,1,-1,1,-1,-1,1,1,1,-1,1,-1,-1,-1,1,1,-1,-1,1,-1,-1,1,1,-1,1,-1,-1,1,1,1,-1,-1,1,-1,-1,1,1,1,-1,1,-1,-1,1,1,1,-1,1,-1,-1,1,1,1,1,1,-1,-1,1,1,-1,1,-1,-1,1,1,1,-1,1,-1,-1,1,1,-1,1,-1,-1,-1,1,1,1,-1,-1,-1,1,-1,1,-1,-1,1,1,-1,1,1,1,-1,1,1,-1,-1,1,1,-1,1,1,-1,1,1,-1,-1,-1,1,-1,1,-1,1,-1,-1,1,1,-1,1,1,-1,-1,1,-1,-1,1,-1,-1,-1,1,-1,1,1,-1,1,-1,1,1,1,-1,1,-1,1,1,1,1,-1,1,-1,-1,1,1,1,-1,1,-1,1,1,-1,1,1,-1,1,-1,1,1,1,-1,1,-1,1,1,1,1,-1,-1,1,1,1,1,1,-1,-1,1,1,1,1,1,1,-1,-1,1,1,1,1,1,-1,1,1,1,1,1,-1,-1,1,1,1,1,1,1,-1,-1,1,1,1,1,-1,1,-1,1,1,-1,1,1,-1,1,1,-2622.0,1,2000,445,500,True
3103,1,1,-1,-1,1,-1,1,-1,1,1,1,-1,1,1,1,1,-1,1,-1,-1,1,-1,1,1,1,-1,1,1,1,1,1,1,1,-1,1,-1,1,1,1,1,-1,1,-1,1,1,1,-1,-1,1,1,1,1,1,1,-1,1,1,-1,1,1,-1,-1,1,-1,1,1,1,-1,-1,1,-1,1,1,1,-1,1,1,-1,1,1,1,-1,-1,1,1,1,1,-1,-1,1,1,1,-1,1,-1,-1,1,-1,1,-1,1,-1,-1,1,1,1,-1,1,-1,1,1,-1,1,-1,1,1,-1,1,-1,1,-1,1,1,-1,1,1,1,-1,1,1,1,1,1,1,-1,-1,-1,1,1,1,1,-1,-1,1,-1,1,-1,1,1,-1,1,-1,1,1,-1,1,-1,-1,-1,1,1,1,-1,-1,1,-1,1,1,1,-1,-1,-1,1,1,1,1,-1,1,-1,1,1,-1,-1,-1,-1,-1,1,1,1,1,-1,-1,-1,1,1,1,1,-1,-1,-1,1,-1,1,1,-1,-1,1,1,1,1,1,-1,1,1,-1,-1,1,1,-1,1,-1,1,1,1,1,1,-1,-1,1,1,1,-1,-1,-1,1,-1,1,1,1,-1,-1,-1,1,-1,1,1,-1,-1,1,-1,1,1,-1,-1,-1,-1,1,1,1,-1,-1,1,-1,1,1,-1,-1,1,1,-1,1,1,-1,1,1,1,1,1,1,-1,1,1,1,-1,-1,1,1,1,1,1,1,1,1,1,1,-1,1,1,-1,1,-1,1,1,1,1,1,1,-1,1,1,1,1,1,1,1,1,1,1,1,-1,1,-1,1,-1,1,1,1,1,-1,1,1,1,1,1,1,-1,1,1,1,1,1,-1,-1,1,1,1,1,1,-1,1,1,1,1,-1,1,1,-1,1,1,1,1,1,-1,1,1,1,1,1,1,1,1,-1,1,1,1,1,-1,1,-1,1,1,1,1,-1,1,-1,1,-1,-1,1,-1,1,1,-1,1,1,1,1,-1,1,-1,1,-1,1,-1,1,-1,-1,1,-1,-1,-1,1,1,-1,1,-1,1,-1,1,-1,1,-1,1,1,1,1,-1,1,-1,1,1,-1,1,-1,-1,-1,-1,1,1,1,1,-1,-1,1,-1,1,1,-1,-1,1,-1,-1,1,-1,1,-1,1,-1,1,-1,1,-1,-1,1,1,-1,1,-1,1,-1,-1,1,-1,1,-1,-1,-1,-1,1,-1,-1,1,1,-1,-1,1,-1,1,1,-1,1,-1,1,-1,1,-1,1,-1,1,1,-1,1,-1,-1,-1,1,1,-1,1,-1,1,-1,1,-1,1,1,-1,1,-1,1,-1,-1,1,-1,-1,-1,1,-1,1,-1,1,1,-1,1,-1,-1,1,-1,-1,1,-1,1,-1,1,-1,1,-1,1,1,-1,-1,-1,1,-1,1,-1,-1,1,-1,1,1,1,1,-1,-1,1,1,-1,-1,1,-1,-1,1,1,1,1,1,1,-1,1,1,1,-1,-1,-1,1,-1,-1,-1,-1,1,-1,1,-1,1,-1,1,-1,1,-1,-1,-1,1,-1,-1,1,1,-1,-1,-1,1,-1,1,1,-1,1,-1,1,-1,-1,-1,-1,-1,-1,1,-1,-1,-1,-1,-1,-1,1,-1,1,1,1,1,-1,1,-1,1,1,-1,-1,-1,-1,1,-1,1,-1,1,-1,-1,1,1,1,1,-1,-1,1,-1,-1,1,-1,1,-1,1,1,-1,1,-1,-1,-1,1,-1,1,1,-1,1,-1,-1,1,1,-1,1,1,1,1,-1,1,1,-1,-1,1,-1,1,1,1,1,-1,1,1,-1,-1,1,1,-1,1,1,-1,1,1,-1,-1,1,1,-1,-1,1,1,-1,1,1,-1,-1,1,1,-1,1,1,1,-1,-1,1,-1,1,1,-1,-1,1,1,-1,1,1,1,-1,-1,1,-1,1,-1,1,-1,1,-1,-1,1,-1,-1,-1,1,1,-1,1,1,-1,-1,1,1,-1,1,-1,-1,1,-1,1,-1,1,1,-1,-1,1,-1,-1,1,1,-1,-1,1,-1,-1,-1,1,-1,1,-1,1,-1,-1,1,-1,-1,-1,-1,-1,1,-1,-1,1,-1,-1,-1,-1,-1,-1,1,-1,-1,-1,-1,1,-1,-1,1,-1,-1,-1,1,-1,-1,1,-1,-1,-1,1,-1,1,1,-1,-1,-1,1,-1,1,-1,-1,-1,1,-1,-1,1,-1,1,-1,1,1,-1,-1,-1,-1,1,1,1,-1,1,1,-1,-1,1,-1,1,1,-1,-1,1,1,1,-1,1,-1,1,1,1,1,-1,1,-1,1,-1,1,-1,-1,-1,1,1,-1,1,1,1,-1,-1,1,1,1,1,1,-1,1,1,-1,1,1,1,-1,1,1,-1,1,1,1,-1,1,1,1,-1,1,-1,1,1,1,1,1,1,-1,-1,1,1,1,-1,1,-1,-1,1,1,1,1,-1,-1,-1,1,1,1,1,-1,1,-1,1,1,1,1,-1,-1,-1,1,1,1,-1,-1,-1,-1,1,1,1,-1,1,-1,-1,1,-1,1,1,-1,-1,-1,-1,1,-1,1,1,-1,-1,1,1,1,1,-1,-1,-1,1,1,1,-1,-1,-1,-1,-1,-1,1,-1,-1,-1,1,-1,1,1,-1,-1,-1,1,-1,1,-1,-1,-1,-1,1,-1,1,-1,1,-1,1,-1,-1,1,1,-1,1,-1,1,-1,1,1,-1,1,-1,1,-1,1,1,-1,-1,1,-1,-1,-1,-1,-1,1,-1,1,-1,-1,1,-1,1,-1,1,-1,1,1,-1,1,-1,1,-1,-1,1,-1,-1,-1,-1,1,1,-1,-1,-1,1,1,-1,1,-1,-1,-1,1,-1,-1,-1,-1,1,-1,1,1,1,1,-1,1,-1,1,-1,-1,-1,1,-1,-1,1,-1,1,1,-1,-1,1,1,-1,1,1,-1,-1,-1,1,-1,1,1,-1,-1,-1,1,-1,1,1,-1,-1,-1,1,-1,1,1,1,-1,-1,1,-1,1,1,-1,1,-1,1,-1,-1,1,-1,1,-1,-1,1,-1,1,-1,1,-1,1,-1,-1,1,-2622.0,1,2000,445,500,True
3104,1,1,-1,-1,1,-1,1,1,1,1,1,-1,1,1,1,1,-1,1,-1,-1,1,1,1,1,1,-1,1,1,1,1,1,1,1,-1,1,1,-1,1,1,1,-1,1,1,1,1,1,-1,-1,1,-1,1,1,1,1,-1,1,-1,-1,1,1,-1,-1,-1,1,1,1,1,-1,-1,1,1,-1,1,1,-1,1,1,1,-1,1,1,-1,-1,1,-1,1,1,-1,-1,1,1,-1,-1,1,-1,-1,1,-1,-1,-1,1,-1,-1,1,-1,-1,-1,1,-1,-1,1,1,-1,-1,1,1,-1,1,1,-1,-1,1,1,-1,1,1,-1,-1,1,-1,-1,1,-1,-1,-1,-1,-1,-1,1,-1,-1,-1,-1,1,-1,1,1,-1,-1,-1,1,-1,-1,1,1,-1,1,-1,-1,1,-1,1,-1,-1,-1,-1,1,-1,1,-1,-1,-1,-1,1,-1,-1,-1,1,-1,-1,-1,1,1,-1,-1,-1,1,-1,-1,-1,-1,-1,-1,1,-1,-1,1,-1,-1,-1,1,1,-1,1,-1,-1,-1,-1,-1,-1,1,-1,1,1,-1,-1,-1,1,-1,1,-1,1,1,-1,1,1,-1,-1,1,1,-1,1,1,-1,1,-1,1,-1,1,-1,-1,-1,1,1,-1,1,1,-1,-1,-1,1,-1,1,-1,-1,-1,1,-1,-1,1,-1,1,-1,1,1,-1,1,1,-1,-1,1,-1,1,1,1,-1,-1,1,-1,1,1,1,1,-1,1,1,-1,1,1,1,-1,-1,1,-1,1,1,-1,-1,-1,1,1,1,1,-1,-1,1,1,-1,1,1,1,-1,-1,1,1,1,1,1,-1,1,1,1,1,-1,1,-1,-1,-1,1,1,1,1,-1,-1,1,1,1,1,-1,-1,-1,1,-1,1,1,-1,-1,-1,-1,1,1,1,1,-1,-1,1,-1,1,1,-1,-1,-1,-1,1,1,1,-1,-1,-1,-1,1,-1,1,-1,-1,-1,-1,1,-1,1,1,-1,-1,1,1,-1,1,1,1,-1,-1,1,1,-1,1,-1,-1,-1,-1,1,-1,1,-1,-1,-1,1,-1,-1,1,1,1,1,1,1,-1,1,-1,1,-1,1,-1,1,-1,-1,1,-1,1,-1,1,1,-1,-1,1,1,-1,-1,-1,1,1,1,1,1,-1,1,-1,1,-1,1,-1,-1,1,-1,1,1,-1,1,-1,1,-1,1,-1,1,-1,-1,-1,1,1,1,-1,1,-1,1,1,1,1,1,-1,-1,-1,1,1,1,1,1,-1,-1,1,1,1,1,-1,1,-1,1,1,-1,1,1,-1,1,1,1,1,1,-1,-1,1,1,1,1,-1,1,-1,1,1,-1,1,-1,1,-1,1,1,-1,1,1,-1,-1,1,1,-1,1,-1,1,1,-1,1,1,-1,1,-1,1,-1,1,-1,1,1,1,-1,1,1,1,-1,1,1,-1,-1,1,-1,-1,1,1,1,-1,1,1,-1,-1,1,-1,-1,1,1,-1,1,1,1,1,1,1,-1,1,1,1,-1,1,1,1,1,1,1,-1,1,-1,1,-1,-1,1,-1,-1,1,-1,-1,1,-1,-1,-1,1,1,-1,1,1,-1,-1,1,1,-1,-1,1,-1,-1,-1,-1,-1,1,1,-1,-1,-1,-1,-1,1,1,-1,-1,1,1,1,1,1,-1,1,1,1,-1,-1,1,-1,-1,-1,1,-1,-1,1,1,-1,1,1,1,-1,1,1,-1,-1,1,-1,-1,1,1,-1,-1,1,-1,1,1,-1,-1,1,1,-1,1,1,-1,-1,1,-1,1,1,1,1,-1,1,1,-1,-1,1,1,-1,1,1,1,-1,1,1,-1,-1,1,1,1,1,1,-1,1,1,-1,-1,1,1,-1,-1,1,1,-1,1,1,-1,-1,1,-1,-1,1,1,-1,-1,-1,1,-1,1,1,-1,-1,1,1,-1,1,1,1,-1,-1,1,-1,1,-1,1,-1,-1,1,-1,1,-1,1,-1,1,1,-1,1,1,-1,-1,1,1,-1,1,-1,1,-1,-1,1,-1,1,1,1,-1,1,1,-1,1,1,1,-1,1,1,-1,-1,1,-1,1,-1,1,-1,-1,1,1,1,-1,-1,-1,1,-1,-1,1,-1,1,-1,-1,1,1,-1,1,-1,-1,-1,1,1,1,-1,1,-1,-1,1,1,1,-1,-1,-1,1,1,1,1,-1,-1,-1,1,1,1,1,-1,-1,-1,1,1,1,1,-1,1,-1,1,1,1,1,-1,-1,1,1,1,1,1,-1,-1,-1,1,-1,1,1,-1,-1,1,1,1,1,-1,-1,-1,1,1,1,1,-1,1,-1,-1,1,-1,1,1,-1,-1,-1,1,1,1,1,1,-1,1,1,1,1,1,-1,-1,-1,1,1,-1,1,-1,1,-1,1,1,1,1,-1,-1,1,1,1,1,-1,-1,-1,1,1,-1,1,1,-1,-1,1,1,-1,1,-1,1,1,1,1,-1,1,1,-1,-1,1,1,-1,1,1,-1,1,1,1,-1,1,1,-1,-1,1,1,-1,-1,1,-1,1,1,1,-1,1,1,-1,-1,1,1,-1,-1,1,-1,1,-1,1,1,-1,1,-1,-1,1,1,-1,-1,1,1,1,1,-1,-1,-1,1,-1,1,1,-1,-1,-1,1,-1,1,1,-1,-1,1,1,1,1,-1,1,1,1,-1,-1,1,-1,-1,-1,1,1,-1,1,1,-1,-1,1,1,-1,1,1,-1,1,-1,1,-1,1,1,-1,1,1,-1,-1,1,-1,-1,1,-1,1,-1,-1,1,-1,1,-1,1,1,-1,1,-1,-1,1,-1,-1,-1,-1,-1,1,1,-1,-1,-1,-1,1,1,-1,1,1,-1,-1,1,1,-1,1,1,-1,-1,-1,1,-1,-1,-1,1,-1,1,1,1,-1,1,-1,1,1,1,-1,-1,-1,1,-1,-1,1,-1,-1,1,-1,1,1,1,-1,-1,1,1,-1,1,1,1,-1,-1,-1,-1,1,1,1,-1,1,-1,1,1,1,-1,-1,1,1,-1,-1,1,1,-1,-1,-1,-1,1,1,-1,1,-1,1,1,-1,1,1,-1,-1,1,-2620.0,1,2000,445,500,True
3105,-1,-1,1,1,1,1,-1,1,-1,-1,-1,1,-1,-1,-1,-1,1,-1,1,-1,-1,-1,-1,-1,-1,1,-1,-1,-1,-1,-1,-1,1,-1,-1,-1,1,-1,-1,1,-1,-1,-1,-1,-1,-1,-1,1,-1,1,-1,-1,1,1,-1,1,-1,1,-1,-1,1,1,-1,1,-1,-1,-1,-1,1,-1,-1,1,-1,-1,1,1,1,-1,1,-1,-1,-1,1,-1,1,-1,-1,1,1,1,1,-1,-1,-1,-1,1,-1,1,1,1,-1,-1,1,1,-1,1,-1,-1,-1,1,1,1,1,1,-1,-1,1,1,1,1,-1,-1,-1,1,1,1,1,-1,1,-1,1,1,-1,1,-1,1,-1,1,1,-1,1,-1,1,-1,-1,1,1,1,1,-1,-1,1,1,1,-1,1,-1,1,-1,1,-1,1,1,1,-1,-1,1,-1,-1,1,-1,-1,1,1,-1,1,-1,1,1,1,-1,1,-1,1,-1,-1,1,-1,-1,1,1,1,-1,1,-1,-1,-1,1,1,-1,1,-1,-1,-1,1,1,-1,1,1,-1,-1,1,1,-1,1,-1,-1,-1,-1,1,-1,1,1,-1,-1,-1,1,1,-1,1,-1,-1,1,1,-1,1,1,-1,-1,-1,1,-1,1,-1,-1,-1,-1,1,-1,-1,1,-1,-1,1,1,1,1,-1,-1,-1,1,1,-1,1,1,-1,1,1,-1,-1,1,1,-1,-1,1,-1,-1,1,1,-1,-1,1,1,-1,1,1,-1,1,1,1,-1,1,1,-1,1,-1,-1,-1,-1,1,1,1,1,-1,-1,1,1,-1,1,-1,1,-1,-1,1,1,1,1,1,-1,1,1,1,1,-1,1,-1,-1,1,1,1,1,1,-1,-1,-1,1,1,1,-1,-1,1,1,-1,1,1,-1,-1,-1,1,1,1,1,1,-1,1,1,-1,1,1,-1,-1,-1,-1,1,1,1,1,-1,-1,-1,1,1,1,1,-1,-1,1,1,1,1,1,1,1,1,1,1,1,-1,1,-1,-1,1,-1,1,-1,1,-1,-1,-1,-1,1,1,-1,1,-1,1,1,1,-1,-1,-1,-1,1,1,1,-1,1,1,-1,1,1,-1,-1,1,1,-1,1,1,-1,-1,1,-1,1,1,1,-1,-1,-1,1,-1,-1,-1,-1,-1,1,-1,-1,1,1,1,-1,1,-1,1,-1,1,-1,-1,1,-1,-1,1,1,-1,1,1,-1,1,-1,-1,1,-1,1,-1,-1,-1,-1,-1,-1,1,-1,-1,1,-1,1,-1,-1,-1,1,-1,-1,1,-1,1,-1,-1,1,-1,1,-1,1,-1,-1,-1,1,1,1,1,-1,-1,1,1,-1,1,-1,1,-1,1,1,-1,1,-1,-1,-1,-1,1,-1,1,-1,1,-1,1,1,1,1,-1,-1,1,-1,1,1,-1,1,-1,1,-1,1,-1,1,1,-1,-1,-1,1,-1,1,-1,-1,1,-1,1,1,1,1,-1,-1,-1,1,-1,1,1,1,-1,1,1,1,-1,1,1,-1,1,1,1,1,-1,-1,1,-1,-1,-1,1,-1,1,1,-1,1,-1,1,-1,-1,1,-1,-1,1,1,-1,-1,-1,-1,1,-1,1,-1,-1,1,-1,1,-1,1,-1,-1,1,-1,1,-1,1,-1,-1,1,-1,1,-1,1,-1,-1,-1,1,1,-1,1,1,-1,-1,-1,1,-1,1,1,1,1,-1,1,-1,-1,1,-1,-1,-1,1,-1,1,-1,-1,1,-1,1,-1,-1,1,-1,1,-1,-1,-1,1,-1,-1,-1,-1,-1,-1,1,1,-1,-1,1,1,-1,1,-1,1,-1,-1,1,-1,-1,-1,1,-1,1,1,1,-1,-1,-1,1,1,-1,1,1,-1,1,1,-1,1,1,-1,-1,-1,1,1,1,1,-1,-1,-1,1,-1,1,1,-1,1,-1,1,1,1,1,-1,-1,-1,1,1,1,1,-1,1,-1,1,-1,1,-1,-1,1,-1,1,-1,1,-1,-1,-1,1,-1,1,1,-1,-1,-1,1,1,-1,1,1,-1,1,1,-1,-1,1,-1,1,-1,1,1,-1,1,1,-1,1,-1,1,-1,1,1,-1,-1,1,1,-1,1,1,-1,1,-1,1,-1,1,-1,1,1,1,-1,-1,1,1,-1,1,-1,1,-1,1,1,-1,1,-1,1,-1,1,1,-1,1,1,1,-1,1,1,1,1,1,1,-1,1,1,1,1,1,-1,-1,1,1,1,1,-1,-1,1,1,1,1,1,-1,-1,-1,1,1,1,1,-1,1,-1,1,1,1,1,-1,-1,-1,1,-1,1,1,1,1,1,1,1,1,1,1,-1,1,-1,1,1,1,-1,1,1,1,1,1,1,1,-1,1,-1,1,1,1,1,-1,1,-1,-1,-1,-1,1,1,1,1,-1,1,1,1,1,1,1,-1,1,1,1,1,1,-1,1,1,1,-1,1,1,1,-1,-1,1,-1,1,1,-1,1,-1,1,-1,1,1,-1,-1,-1,1,-1,1,1,1,1,-1,1,1,1,1,-1,-1,-1,-1,1,1,1,-1,-1,-1,-1,-1,1,-1,1,-1,-1,-1,1,1,1,-1,-1,-1,-1,-1,1,1,-1,-1,1,-1,1,1,1,1,-1,-1,-1,1,-1,1,-1,-1,-1,-1,1,-1,1,-1,-1,-1,1,1,1,1,-1,-1,-1,-1,1,1,1,-1,1,-1,-1,1,1,-1,1,-1,1,-1,1,1,1,1,-1,1,-1,1,-1,1,1,-1,1,1,-1,1,1,1,-1,1,-1,1,1,-1,1,-1,1,-1,1,1,-1,1,-1,-1,1,-1,-1,1,1,-1,1,1,-1,-1,1,1,1,1,-1,1,1,1,-1,1,1,-1,1,1,1,-1,-1,1,-1,-1,1,1,-1,1,1,1,-1,-1,-1,1,1,1,-1,-1,1,1,1,-1,1,-1,-1,-1,1,1,1,1,-1,-1,1,1,1,1,1,1,-1,1,1,1,1,1,1,-1,1,1,-1,-1,1,1,-1,1,-1,1,1,1,1,-1,-1,1,1,-1,1,1,-1,1,1,1,-1,1,1,1,-1,1,-2620.0,1,2000,445,500,True
3106,1,1,-1,-1,1,-1,1,1,1,1,1,-1,1,1,1,1,-1,1,-1,-1,1,1,1,1,1,-1,1,1,1,1,1,1,-1,-1,1,1,-1,1,1,1,-1,1,1,1,1,1,1,-1,1,-1,1,1,1,1,-1,1,-1,-1,1,1,1,-1,-1,-1,1,1,1,1,-1,1,1,-1,1,1,1,-1,1,1,1,1,1,-1,-1,1,-1,1,1,1,-1,-1,1,1,-1,1,1,-1,1,-1,-1,-1,1,1,-1,1,-1,-1,-1,1,1,1,1,1,-1,-1,1,1,1,1,-1,-1,-1,1,1,1,-1,1,-1,-1,1,1,1,1,-1,-1,-1,1,1,1,1,-1,-1,-1,-1,1,-1,1,-1,-1,-1,-1,1,1,1,-1,1,-1,-1,-1,-1,1,-1,1,-1,-1,1,-1,1,-1,1,-1,-1,-1,1,1,-1,-1,-1,1,-1,1,-1,1,1,-1,-1,-1,1,-1,-1,-1,-1,-1,-1,1,1,-1,1,-1,-1,-1,1,1,-1,1,-1,-1,1,1,1,-1,1,-1,1,1,-1,1,-1,1,-1,1,-1,1,1,1,1,1,-1,-1,1,1,-1,1,-1,-1,1,1,1,1,1,-1,-1,1,1,-1,1,1,1,-1,-1,1,-1,1,1,-1,1,-1,1,-1,1,1,-1,-1,1,-1,1,1,1,1,-1,1,-1,1,1,1,1,1,-1,-1,1,1,1,1,1,-1,1,-1,1,1,1,1,-1,-1,-1,1,1,-1,-1,-1,1,-1,1,1,1,-1,-1,-1,1,1,1,1,1,-1,-1,-1,-1,-1,1,1,-1,1,-1,1,1,-1,1,-1,-1,-1,1,1,1,1,-1,-1,1,-1,1,1,1,-1,-1,1,1,1,1,1,-1,1,-1,-1,1,1,-1,1,-1,-1,1,1,1,-1,-1,-1,1,-1,1,-1,1,-1,-1,1,-1,1,1,1,-1,-1,1,1,1,1,-1,1,-1,1,-1,1,1,1,1,-1,1,-1,1,1,-1,1,-1,1,1,1,1,1,1,-1,1,-1,1,1,-1,-1,1,1,-1,1,1,-1,1,1,1,-1,1,-1,-1,1,-1,-1,-1,1,-1,1,1,-1,1,-1,1,1,-1,1,1,-1,-1,-1,1,-1,1,1,-1,1,1,1,-1,1,-1,-1,1,-1,1,1,-1,1,-1,1,1,1,1,1,1,-1,1,-1,1,-1,1,1,1,-1,1,1,1,1,1,1,-1,-1,1,1,1,1,-1,-1,1,-1,1,1,-1,1,1,-1,1,1,1,1,-1,-1,1,1,1,1,1,-1,1,1,1,1,-1,1,-1,1,1,1,1,-1,1,-1,-1,1,1,1,-1,1,-1,1,-1,1,1,-1,-1,1,-1,1,1,1,1,1,1,-1,-1,1,1,1,-1,1,-1,-1,1,1,-1,-1,1,-1,-1,1,-1,1,-1,-1,1,-1,1,-1,1,1,-1,1,-1,-1,1,1,1,-1,1,-1,1,-1,-1,-1,-1,-1,1,1,-1,1,-1,1,1,1,-1,-1,1,-1,1,1,1,-1,-1,-1,-1,-1,1,1,1,-1,-1,-1,1,1,-1,1,-1,-1,-1,1,1,-1,1,-1,-1,-1,1,1,-1,1,-1,-1,-1,-1,1,1,1,-1,1,-1,-1,1,-1,1,-1,-1,1,-1,1,-1,1,1,-1,-1,-1,-1,-1,1,1,-1,-1,-1,-1,-1,-1,1,-1,-1,-1,1,1,1,-1,-1,-1,-1,1,1,1,-1,1,-1,1,-1,1,1,1,-1,-1,-1,-1,-1,1,-1,1,-1,-1,1,-1,1,1,-1,1,-1,-1,1,1,1,-1,1,-1,-1,-1,1,1,-1,1,-1,-1,-1,1,1,-1,1,-1,-1,-1,1,1,-1,-1,1,-1,-1,1,1,-1,-1,-1,-1,-1,1,1,1,-1,1,-1,-1,1,-1,1,-1,1,-1,-1,1,-1,-1,1,-1,1,-1,1,1,-1,1,-1,1,-1,1,-1,1,1,-1,1,-1,1,1,-1,1,-1,-1,-1,-1,1,-1,1,-1,1,-1,-1,1,-1,1,-1,1,-1,-1,1,1,1,-1,-1,-1,-1,1,1,-1,-1,-1,-1,-1,-1,1,1,-1,-1,-1,-1,1,1,1,1,-1,-1,-1,1,1,-1,1,-1,-1,-1,1,-1,1,1,-1,-1,-1,1,1,1,-1,-1,-1,1,-1,1,-1,-1,1,-1,1,1,1,-1,-1,-1,1,1,1,1,-1,1,-1,-1,-1,-1,1,-1,-1,-1,-1,1,1,1,1,-1,1,-1,1,1,1,-1,1,1,-1,1,-1,1,1,-1,1,-1,-1,1,1,1,-1,1,1,-1,1,-1,1,-1,1,-1,-1,1,-1,1,-1,1,-1,-1,1,-1,1,-1,1,1,-1,1,1,-1,1,1,-1,1,-1,1,1,1,1,1,-1,1,1,-1,-1,1,-1,1,1,1,1,-1,1,1,-1,-1,1,1,1,-1,-1,1,-1,1,1,-1,1,1,-1,-1,1,1,1,1,1,-1,1,1,1,-1,1,1,1,-1,1,-1,-1,1,-1,1,-1,1,1,-1,1,1,1,-1,1,-1,-1,-1,1,-1,-1,1,-1,1,-1,1,-1,-1,1,-1,-1,1,1,-1,1,-1,1,-1,1,1,-1,-1,-1,-1,1,1,1,-1,1,-1,1,1,-1,1,-1,1,1,-1,1,1,1,-1,-1,-1,-1,1,1,1,-1,-1,-1,1,1,-1,-1,-1,1,-1,-1,1,-1,1,-1,-1,-1,-1,1,-1,1,-1,-1,1,1,1,1,-1,1,-1,-1,1,-1,1,-1,-1,1,-1,-1,1,1,-1,1,-1,-1,-1,1,-1,1,1,-1,1,-1,1,1,-1,1,-1,-1,1,-1,-1,1,1,-1,1,-1,1,1,-1,1,-1,-1,1,-1,1,1,1,1,-1,1,1,1,-1,1,-1,-1,1,1,1,-1,1,1,-1,1,-1,1,1,1,1,-1,1,1,-1,-1,1,1,-1,1,1,1,-1,1,1,-1,-1,1,1,1,-1,1,-1,1,1,1,-2620.0,1,2000,445,1000,True
3107,1,1,-1,-1,1,-1,1,1,1,1,1,-1,1,1,1,1,-1,1,-1,-1,1,1,1,1,1,-1,1,1,1,1,1,1,-1,-1,1,1,-1,1,1,1,-1,1,1,1,1,1,-1,-1,1,-1,1,1,1,1,-1,1,1,-1,1,1,-1,-1,-1,-1,1,1,1,-1,-1,1,1,-1,1,1,-1,1,1,1,-1,1,1,-1,-1,1,-1,1,1,-1,-1,1,1,1,-1,1,-1,-1,1,-1,-1,-1,1,-1,-1,1,-1,-1,-1,1,-1,-1,1,1,-1,-1,1,1,-1,1,1,-1,-1,1,1,-1,1,1,-1,-1,1,-1,-1,1,-1,-1,-1,-1,-1,-1,1,-1,-1,-1,-1,1,-1,1,1,-1,-1,-1,1,-1,-1,1,1,-1,1,-1,-1,1,-1,1,-1,-1,-1,-1,1,-1,1,-1,-1,-1,-1,1,-1,-1,-1,1,-1,-1,-1,1,1,-1,-1,-1,1,-1,-1,-1,-1,-1,-1,1,-1,-1,1,-1,-1,-1,1,1,-1,1,-1,-1,-1,-1,-1,-1,1,-1,1,1,-1,-1,-1,1,-1,1,-1,1,1,-1,1,1,-1,-1,1,1,-1,1,-1,-1,1,1,1,-1,1,-1,-1,-1,1,1,-1,1,1,-1,-1,-1,1,-1,1,-1,-1,-1,1,-1,-1,1,-1,1,-1,1,1,-1,1,1,-1,-1,1,-1,1,1,1,-1,-1,1,-1,1,1,1,1,-1,1,1,-1,1,1,1,-1,-1,1,-1,1,-1,-1,-1,-1,1,1,1,1,-1,-1,1,1,-1,1,1,1,-1,-1,1,1,1,1,1,-1,1,1,1,1,-1,1,-1,-1,-1,1,1,1,1,-1,-1,1,1,1,1,-1,-1,-1,1,-1,1,1,-1,-1,-1,-1,1,1,1,1,-1,1,1,-1,1,1,-1,-1,-1,-1,1,1,1,-1,-1,-1,-1,1,-1,1,-1,-1,-1,-1,1,-1,1,1,-1,-1,1,1,-1,1,1,1,-1,-1,1,1,-1,1,-1,-1,1,-1,1,-1,1,-1,-1,-1,1,-1,-1,1,1,1,1,1,1,-1,1,-1,1,-1,1,-1,1,-1,-1,1,-1,1,-1,1,1,-1,-1,1,1,-1,-1,1,1,-1,1,1,1,-1,1,-1,1,-1,1,-1,-1,1,-1,1,1,-1,1,-1,1,-1,1,-1,1,-1,-1,-1,1,1,1,-1,1,-1,1,1,1,1,1,-1,-1,-1,1,1,1,1,1,-1,-1,1,1,1,1,-1,1,-1,1,1,-1,1,1,-1,-1,1,1,1,1,-1,-1,1,1,1,1,-1,1,-1,1,1,-1,1,-1,1,-1,1,1,-1,1,1,-1,-1,-1,1,-1,1,-1,1,-1,-1,1,1,1,1,-1,1,-1,1,-1,1,1,1,-1,1,1,1,-1,1,1,-1,-1,1,-1,-1,1,1,1,-1,1,1,-1,-1,1,-1,-1,1,1,-1,1,1,1,1,1,1,-1,1,1,1,-1,1,1,1,1,1,1,-1,1,-1,1,1,-1,1,-1,-1,1,-1,-1,1,-1,-1,-1,1,1,-1,-1,1,-1,-1,1,1,-1,-1,1,-1,-1,-1,-1,-1,-1,1,-1,-1,-1,-1,-1,-1,1,-1,-1,1,1,1,1,1,-1,1,1,1,-1,-1,1,-1,-1,-1,1,-1,-1,1,1,-1,1,1,1,-1,1,1,-1,-1,1,-1,-1,1,1,-1,-1,1,-1,1,1,-1,-1,1,1,-1,1,1,-1,1,1,-1,1,1,1,1,-1,1,1,-1,-1,1,-1,1,1,1,1,-1,1,1,-1,-1,1,1,1,1,1,-1,1,1,-1,-1,1,1,-1,-1,1,1,-1,1,1,-1,-1,1,-1,-1,1,1,-1,-1,-1,1,-1,1,1,-1,-1,1,1,-1,1,1,1,-1,-1,1,-1,1,-1,1,-1,-1,1,-1,1,-1,1,-1,1,1,-1,1,1,-1,-1,1,1,-1,1,-1,1,-1,1,1,-1,1,1,1,-1,1,1,-1,1,1,1,-1,1,1,-1,-1,1,-1,-1,-1,1,-1,-1,1,1,1,-1,-1,-1,1,-1,-1,1,-1,1,-1,-1,1,1,-1,1,-1,-1,-1,1,1,1,-1,-1,-1,-1,1,1,1,-1,-1,-1,-1,1,1,1,1,-1,-1,1,1,1,1,-1,-1,-1,1,1,1,1,-1,1,-1,1,1,1,1,-1,-1,1,1,1,1,1,-1,-1,-1,1,-1,1,1,-1,-1,1,1,1,1,-1,-1,-1,1,1,1,1,-1,1,-1,-1,1,-1,1,1,-1,-1,-1,1,1,1,1,1,-1,1,1,1,1,1,-1,-1,1,1,1,-1,1,-1,1,-1,1,1,1,1,-1,-1,1,1,1,1,-1,1,-1,1,1,-1,1,1,-1,1,1,1,-1,1,-1,1,1,1,1,-1,1,1,-1,-1,1,1,-1,1,1,-1,1,1,1,-1,1,1,-1,-1,1,1,-1,-1,1,-1,1,1,1,-1,1,1,-1,-1,1,1,-1,-1,1,-1,1,-1,1,1,-1,1,-1,-1,1,1,-1,-1,1,1,1,1,-1,-1,-1,1,-1,1,1,-1,-1,-1,1,-1,1,1,-1,-1,1,-1,1,1,-1,1,1,1,-1,-1,1,-1,-1,-1,1,1,-1,1,1,-1,-1,1,1,-1,1,1,-1,1,-1,1,-1,1,1,-1,1,1,-1,-1,1,-1,-1,1,-1,1,-1,-1,1,-1,1,-1,1,1,-1,1,-1,-1,1,-1,-1,-1,-1,-1,1,1,-1,-1,-1,-1,1,1,-1,1,1,-1,-1,1,1,-1,1,1,-1,-1,-1,1,-1,-1,-1,1,-1,1,1,1,-1,1,-1,1,1,1,-1,-1,-1,1,-1,-1,1,-1,-1,1,-1,1,1,1,-1,-1,1,1,-1,1,1,1,-1,-1,-1,-1,1,1,1,-1,1,-1,1,1,1,-1,-1,1,1,-1,-1,1,1,-1,-1,1,-1,1,1,-1,1,-1,1,1,-1,1,1,-1,-1,1,-2620.0,1,2000,445,500,True
3108,1,1,-1,-1,1,-1,1,1,1,1,1,-1,1,1,1,1,-1,1,-1,-1,1,1,1,1,1,-1,1,1,1,1,1,1,1,-1,1,1,-1,1,1,-1,-1,1,1,1,1,1,-1,-1,1,-1,1,1,1,1,-1,1,-1,-1,1,1,-1,-1,-1,1,1,1,1,-1,-1,1,1,-1,1,1,-1,1,1,1,-1,1,1,-1,-1,1,-1,1,1,1,-1,1,1,-1,-1,1,-1,-1,1,-1,-1,-1,1,-1,-1,1,-1,-1,-1,1,-1,-1,1,1,-1,-1,1,1,-1,1,1,-1,-1,1,-1,-1,1,1,-1,-1,1,-1,-1,1,-1,-1,-1,-1,-1,-1,1,-1,-1,-1,-1,1,-1,1,1,-1,-1,-1,1,-1,-1,1,1,-1,-1,-1,-1,1,-1,1,-1,-1,1,-1,1,-1,1,-1,-1,-1,-1,1,-1,-1,-1,1,-1,-1,-1,1,1,-1,-1,-1,1,-1,-1,-1,-1,-1,-1,1,-1,-1,1,-1,-1,-1,1,1,-1,1,-1,-1,-1,-1,-1,-1,1,-1,1,1,-1,-1,-1,1,1,1,-1,1,1,-1,1,1,-1,-1,1,1,-1,1,1,-1,1,-1,1,-1,1,1,-1,-1,1,1,-1,1,1,-1,-1,-1,1,-1,1,-1,-1,-1,1,-1,-1,1,1,1,-1,1,1,-1,1,-1,-1,-1,1,-1,1,1,-1,-1,-1,1,-1,1,1,-1,1,-1,1,1,-1,1,-1,1,-1,-1,1,-1,1,1,-1,-1,-1,1,1,1,-1,-1,-1,1,1,-1,1,1,1,-1,-1,1,1,1,-1,-1,-1,1,1,1,1,1,-1,-1,-1,-1,1,1,-1,1,-1,-1,1,1,1,-1,1,-1,-1,1,-1,1,-1,1,-1,-1,-1,1,1,-1,1,-1,1,1,-1,1,-1,-1,-1,-1,-1,1,1,-1,-1,-1,-1,-1,1,-1,-1,-1,-1,-1,-1,1,-1,-1,-1,1,-1,1,1,-1,-1,1,1,-1,-1,1,1,-1,-1,1,-1,-1,-1,1,-1,-1,-1,1,-1,1,-1,-1,-1,-1,-1,-1,1,1,-1,-1,1,1,-1,1,-1,-1,-1,1,-1,1,1,-1,-1,-1,1,-1,-1,1,-1,-1,-1,1,-1,1,1,1,-1,-1,1,-1,1,-1,-1,-1,-1,1,1,1,-1,1,-1,-1,1,-1,1,-1,-1,-1,1,1,1,1,-1,1,-1,-1,1,1,1,1,-1,-1,-1,1,1,1,1,1,-1,-1,-1,1,1,1,-1,1,-1,1,1,-1,1,1,-1,-1,1,-1,1,1,-1,-1,1,1,1,1,-1,1,-1,1,1,-1,1,-1,1,-1,1,-1,1,1,-1,-1,-1,1,-1,-1,1,-1,1,-1,1,-1,1,1,-1,-1,1,-1,1,1,1,1,1,-1,1,1,1,-1,1,1,-1,1,-1,-1,1,-1,1,1,1,1,-1,-1,1,1,-1,1,1,-1,1,1,1,1,-1,1,1,-1,1,1,1,1,-1,1,1,-1,1,1,-1,1,-1,1,-1,-1,1,-1,-1,1,-1,-1,1,-1,-1,-1,1,1,-1,1,1,-1,-1,1,1,-1,-1,1,-1,-1,-1,-1,-1,1,1,-1,-1,-1,-1,-1,1,1,-1,-1,1,1,1,1,1,-1,-1,1,1,-1,-1,1,-1,-1,-1,1,-1,-1,1,1,-1,1,1,1,-1,1,-1,1,1,1,-1,-1,1,1,-1,1,1,-1,1,1,-1,1,1,1,-1,1,1,-1,-1,1,-1,1,1,1,-1,1,1,1,-1,-1,1,1,1,1,1,1,-1,1,1,1,1,1,1,1,1,-1,1,1,1,-1,-1,1,1,1,1,1,1,-1,1,1,1,1,1,1,-1,1,1,1,1,-1,1,-1,1,1,1,1,1,1,-1,1,1,1,1,1,-1,-1,1,-1,1,1,1,-1,-1,1,-1,1,1,1,1,-1,1,1,1,1,1,-1,-1,1,-1,1,1,-1,-1,-1,1,1,-1,1,1,-1,-1,1,1,-1,1,1,-1,-1,-1,1,-1,1,1,-1,-1,-1,1,1,1,1,-1,-1,1,-1,-1,1,-1,-1,-1,-1,-1,1,-1,1,-1,-1,-1,1,1,1,1,-1,-1,-1,1,1,-1,1,-1,-1,1,1,1,1,1,-1,-1,1,1,1,1,-1,-1,-1,1,1,1,-1,-1,1,-1,1,1,1,-1,-1,-1,1,1,1,1,-1,1,-1,-1,1,-1,1,-1,-1,-1,1,1,1,1,1,-1,1,1,1,1,1,1,-1,1,-1,1,-1,1,-1,-1,1,-1,1,1,1,1,-1,-1,1,1,1,1,1,-1,1,1,1,1,-1,1,-1,1,-1,1,1,1,1,-1,-1,1,1,1,1,1,1,1,1,1,-1,1,-1,-1,-1,1,1,-1,1,1,-1,1,1,1,-1,1,1,-1,1,1,1,-1,1,1,-1,1,1,1,-1,1,1,-1,-1,1,1,-1,-1,1,-1,1,1,1,-1,1,1,-1,-1,1,1,-1,-1,1,1,-1,-1,1,1,-1,1,1,-1,1,1,-1,-1,1,1,1,1,-1,-1,-1,1,-1,-1,1,-1,-1,-1,1,-1,1,1,-1,-1,1,1,1,-1,-1,1,1,1,1,-1,1,-1,-1,-1,1,-1,-1,1,1,-1,-1,1,1,-1,1,1,-1,1,-1,1,-1,1,1,-1,1,1,-1,-1,-1,-1,-1,1,-1,1,-1,-1,1,-1,1,-1,1,-1,-1,1,-1,-1,1,-1,-1,-1,1,-1,1,1,-1,1,-1,-1,1,1,-1,1,-1,1,-1,1,1,-1,1,-1,-1,-1,-1,1,-1,1,-1,1,-1,1,1,1,-1,1,-1,1,1,1,-1,1,-1,1,-1,-1,1,-1,-1,1,1,1,1,1,-1,-1,1,1,-1,1,1,1,-1,-1,-1,-1,1,1,1,-1,1,1,1,1,1,-1,-1,1,1,-1,-1,1,1,-1,-1,1,-1,1,1,-1,1,-1,1,1,-1,1,1,-1,-1,1,-2618.0,1,2000,445,500,True
3109,1,1,-1,-1,1,-1,1,-1,1,1,1,-1,1,1,1,1,-1,1,-1,-1,1,-1,1,1,1,-1,1,1,1,1,1,1,1,-1,1,-1,1,1,1,1,-1,1,-1,1,1,1,-1,-1,1,1,1,1,1,1,-1,1,1,-1,1,1,-1,-1,-1,-1,1,1,1,-1,-1,1,-1,1,1,1,-1,1,1,-1,1,1,1,-1,-1,1,1,1,1,1,-1,1,1,1,1,1,-1,-1,1,-1,1,-1,1,-1,-1,1,-1,1,1,1,-1,-1,1,1,1,1,1,1,-1,1,1,1,1,1,-1,-1,1,1,1,1,1,-1,-1,1,-1,1,1,-1,-1,1,1,-1,1,1,-1,1,-1,1,1,1,1,1,1,-1,-1,1,-1,1,-1,-1,-1,1,-1,1,1,1,-1,-1,1,-1,-1,1,-1,-1,-1,1,-1,1,1,1,-1,-1,-1,1,-1,1,-1,-1,1,-1,-1,1,1,-1,-1,1,-1,-1,-1,1,-1,-1,1,-1,-1,-1,1,-1,-1,-1,1,-1,-1,1,-1,1,-1,-1,-1,-1,1,-1,-1,1,1,-1,-1,-1,1,-1,1,1,-1,-1,1,1,-1,1,1,-1,-1,1,1,-1,1,-1,-1,-1,-1,1,-1,-1,1,-1,-1,1,1,1,1,-1,-1,-1,1,1,-1,1,1,1,1,-1,-1,-1,1,-1,1,-1,-1,-1,-1,1,-1,1,-1,-1,-1,-1,1,1,-1,1,-1,1,-1,1,1,-1,1,1,-1,-1,-1,1,1,1,-1,-1,-1,1,-1,1,1,1,1,-1,-1,1,1,1,-1,-1,-1,1,1,1,1,1,-1,-1,-1,-1,1,1,-1,1,-1,-1,1,1,1,-1,-1,-1,1,-1,1,1,-1,1,-1,-1,1,-1,1,-1,1,-1,1,1,1,1,-1,-1,-1,-1,-1,-1,1,-1,-1,-1,-1,-1,-1,-1,-1,-1,-1,-1,-1,-1,-1,-1,-1,1,1,-1,-1,-1,-1,1,1,-1,1,-1,1,-1,-1,1,-1,1,-1,1,-1,-1,-1,1,-1,1,-1,-1,-1,-1,-1,1,-1,1,-1,-1,1,1,1,-1,-1,-1,-1,1,1,-1,-1,-1,-1,-1,1,1,-1,-1,-1,-1,-1,1,1,1,-1,1,-1,-1,1,1,1,-1,-1,-1,-1,1,-1,1,1,1,-1,-1,1,1,1,-1,-1,-1,1,1,1,1,1,1,-1,-1,1,1,1,-1,-1,-1,-1,1,1,1,1,1,-1,-1,-1,1,1,1,-1,1,-1,1,1,-1,1,1,-1,-1,1,-1,1,1,-1,-1,1,1,1,-1,1,1,-1,1,1,-1,1,1,1,-1,1,1,-1,1,-1,-1,-1,1,1,-1,1,1,1,-1,1,-1,1,1,-1,-1,1,-1,1,-1,1,-1,1,-1,1,1,-1,-1,-1,1,-1,1,-1,-1,1,1,1,1,1,1,-1,-1,1,1,-1,1,1,1,-1,1,1,1,-1,1,1,-1,1,1,1,1,1,-1,1,-1,-1,-1,1,-1,1,1,-1,1,-1,1,-1,1,-1,-1,-1,1,1,-1,1,1,-1,-1,-1,1,-1,1,1,-1,1,-1,1,-1,-1,-1,-1,-1,-1,1,-1,-1,-1,-1,-1,-1,1,-1,1,1,1,1,-1,1,-1,1,1,-1,-1,-1,1,-1,-1,1,-1,1,-1,-1,1,1,1,1,-1,-1,1,1,1,1,-1,1,-1,-1,1,1,1,-1,-1,-1,1,1,1,1,-1,-1,-1,1,-1,1,-1,1,-1,-1,-1,1,1,1,-1,-1,-1,1,1,1,1,1,-1,-1,-1,1,1,1,1,-1,-1,-1,1,1,1,-1,-1,-1,1,1,1,1,1,-1,1,-1,1,1,1,1,-1,-1,-1,-1,1,-1,1,-1,-1,-1,1,1,1,1,-1,-1,1,-1,1,1,-1,-1,1,1,1,1,1,-1,-1,-1,1,1,1,1,1,-1,1,-1,1,1,1,-1,-1,-1,1,1,1,-1,-1,-1,1,-1,1,1,1,-1,-1,-1,-1,1,1,1,-1,-1,-1,1,-1,1,1,-1,-1,-1,1,1,1,1,-1,-1,1,-1,-1,1,-1,-1,-1,-1,1,1,-1,1,-1,-1,-1,1,1,1,1,-1,-1,-1,1,1,1,1,-1,-1,1,1,1,1,1,-1,-1,1,1,1,1,-1,-1,-1,1,1,1,-1,-1,1,-1,1,1,1,-1,-1,-1,1,1,1,1,-1,1,-1,-1,1,1,-1,1,-1,-1,1,1,1,1,1,-1,-1,1,1,1,1,1,-1,1,-1,1,-1,1,-1,-1,-1,-1,1,1,1,1,-1,-1,1,1,1,1,1,-1,1,-1,1,1,-1,1,-1,1,-1,1,1,1,1,-1,-1,1,1,1,1,1,-1,1,1,1,1,1,-1,-1,1,1,-1,-1,1,-1,-1,1,1,1,-1,1,-1,-1,1,1,1,-1,1,-1,1,1,1,1,-1,1,1,-1,-1,1,1,-1,-1,1,-1,1,1,1,-1,-1,-1,1,-1,1,1,-1,-1,1,-1,1,-1,1,1,-1,1,-1,1,1,1,-1,-1,1,-1,1,1,-1,-1,-1,1,-1,-1,1,-1,-1,-1,1,-1,1,1,-1,-1,1,-1,1,1,-1,-1,1,1,-1,-1,1,-1,1,-1,1,-1,-1,1,1,-1,1,-1,1,-1,1,1,-1,1,1,1,-1,1,1,-1,1,-1,1,-1,-1,-1,-1,1,-1,1,-1,-1,1,-1,1,-1,1,1,-1,1,-1,-1,1,-1,1,-1,1,-1,1,1,-1,1,-1,-1,1,1,-1,1,-1,1,-1,1,1,-1,1,1,-1,-1,-1,1,-1,1,-1,1,-1,1,1,1,1,-1,-1,1,1,1,-1,1,1,1,-1,1,-1,-1,1,-1,1,1,1,1,-1,1,-1,1,-1,1,1,-1,1,1,1,-1,1,1,-1,1,-1,1,1,1,1,-1,1,1,-1,-1,-1,1,-1,1,1,1,-1,1,1,1,-1,1,1,1,-1,1,-1,1,1,1,-2618.0,1,2000,445,500,True
3110,-1,-1,1,1,1,1,-1,1,-1,-1,-1,1,-1,-1,-1,-1,1,-1,1,-1,-1,1,-1,-1,-1,1,-1,-1,-1,-1,-1,-1,1,-1,-1,1,1,-1,-1,1,-1,-1,1,-1,-1,-1,-1,1,-1,-1,-1,-1,1,1,-1,1,-1,1,-1,-1,-1,1,-1,1,-1,-1,-1,-1,1,-1,1,-1,-1,-1,-1,1,1,1,-1,-1,-1,1,1,-1,-1,-1,-1,-1,1,1,1,-1,-1,-1,-1,1,-1,1,-1,1,-1,-1,1,1,-1,-1,-1,-1,-1,1,1,1,-1,-1,-1,-1,-1,1,1,-1,-1,1,-1,-1,1,1,-1,-1,1,-1,-1,1,-1,-1,-1,1,-1,-1,1,-1,-1,-1,1,-1,-1,1,1,-1,-1,-1,-1,-1,-1,1,1,-1,1,1,-1,1,-1,-1,-1,-1,-1,-1,1,-1,1,-1,-1,-1,-1,1,-1,-1,-1,1,-1,-1,-1,1,1,-1,-1,-1,-1,-1,-1,-1,-1,1,-1,1,-1,-1,1,-1,1,-1,-1,1,-1,1,-1,1,-1,-1,-1,-1,1,-1,1,-1,-1,1,-1,1,1,1,-1,1,1,-1,1,1,-1,1,-1,-1,-1,1,1,-1,1,1,-1,-1,1,1,-1,1,-1,1,-1,1,1,-1,1,-1,-1,-1,1,-1,1,1,-1,-1,-1,1,-1,-1,1,-1,1,-1,1,-1,1,1,-1,-1,1,1,-1,1,-1,-1,-1,1,1,-1,1,1,1,-1,1,1,-1,1,-1,-1,-1,-1,1,1,1,-1,-1,1,1,1,-1,-1,-1,1,-1,1,1,1,1,-1,-1,-1,1,1,-1,-1,-1,1,-1,1,1,1,-1,-1,-1,-1,1,1,-1,1,-1,-1,1,1,1,-1,1,-1,-1,1,1,1,-1,1,-1,-1,-1,1,1,-1,-1,-1,-1,1,1,1,-1,-1,-1,-1,-1,-1,1,-1,-1,-1,-1,-1,-1,-1,-1,1,-1,-1,-1,-1,-1,-1,-1,1,-1,-1,-1,-1,-1,1,1,-1,-1,-1,1,-1,-1,1,-1,1,-1,1,-1,-1,1,1,-1,1,-1,1,-1,-1,-1,-1,-1,1,-1,-1,1,1,-1,-1,1,-1,-1,1,-1,1,-1,1,-1,1,1,-1,-1,-1,-1,-1,-1,1,-1,1,1,1,-1,-1,1,-1,1,-1,1,-1,-1,1,1,1,1,-1,-1,1,1,-1,1,-1,1,1,1,1,1,1,1,1,-1,-1,1,1,1,-1,1,1,-1,1,1,1,1,1,-1,-1,1,1,1,1,1,1,-1,1,1,-1,1,1,-1,1,1,1,1,1,1,-1,1,1,1,-1,1,1,-1,1,1,-1,1,1,1,-1,1,1,-1,1,-1,1,-1,1,1,-1,1,1,1,1,-1,1,1,1,-1,1,1,-1,1,-1,1,-1,1,-1,1,1,1,-1,-1,1,1,-1,1,-1,1,-1,1,-1,-1,1,1,-1,1,1,-1,-1,1,1,-1,1,1,1,1,1,1,-1,1,1,-1,-1,-1,1,1,-1,1,1,-1,1,-1,-1,1,-1,1,-1,-1,1,-1,-1,1,-1,-1,-1,1,-1,-1,1,1,-1,-1,1,-1,-1,-1,1,-1,-1,-1,-1,-1,1,1,-1,-1,-1,-1,-1,1,1,-1,-1,1,-1,-1,-1,1,-1,-1,-1,1,-1,1,1,-1,-1,-1,-1,-1,-1,1,1,-1,1,-1,1,1,1,-1,1,1,1,-1,1,1,1,-1,1,-1,-1,1,1,-1,1,1,-1,1,1,1,-1,-1,1,-1,1,1,1,-1,1,1,1,1,1,1,1,1,1,1,-1,1,1,1,1,1,1,1,1,1,-1,1,1,1,-1,1,1,1,1,1,1,1,1,-1,1,1,1,1,-1,1,1,1,1,1,-1,1,1,1,1,1,1,1,1,1,1,-1,1,1,1,1,1,-1,-1,1,1,1,1,1,1,-1,1,1,1,1,1,-1,1,1,1,1,1,1,1,-1,1,1,-1,1,1,-1,1,-1,1,1,-1,1,1,1,-1,1,1,1,1,-1,1,-1,1,-1,1,1,1,-1,1,1,-1,-1,1,-1,1,1,-1,-1,-1,1,1,-1,-1,1,-1,-1,1,1,-1,1,1,1,-1,1,1,-1,1,-1,1,-1,1,1,1,-1,1,1,-1,1,1,-1,1,1,-1,1,1,1,-1,1,-1,1,-1,1,1,-1,1,-1,-1,-1,1,1,1,1,-1,-1,-1,1,1,1,-1,1,-1,-1,1,1,-1,1,1,-1,-1,1,1,-1,1,1,-1,-1,1,1,1,1,-1,-1,-1,1,1,1,1,1,-1,-1,-1,1,1,-1,1,-1,-1,-1,1,1,-1,1,-1,1,1,1,1,1,1,-1,-1,-1,1,-1,1,1,-1,1,1,1,1,1,-1,-1,1,1,1,-1,1,1,1,1,-1,1,1,1,1,-1,-1,-1,1,1,1,1,-1,1,1,1,1,1,1,-1,-1,-1,1,1,1,1,-1,1,-1,1,1,1,1,-1,-1,1,-1,1,1,1,1,1,-1,1,1,1,1,1,-1,-1,-1,-1,1,1,1,1,1,-1,1,1,1,-1,1,-1,1,1,1,1,-1,1,-1,-1,1,1,-1,1,1,-1,1,1,1,1,-1,1,-1,-1,1,1,-1,-1,1,1,-1,1,1,1,-1,1,1,-1,-1,1,1,-1,1,1,-1,1,1,-1,-1,-1,1,-1,1,-1,1,-1,-1,1,-1,1,-1,1,1,-1,1,-1,-1,1,-1,-1,-1,1,-1,1,1,-1,1,-1,1,1,1,-1,1,-1,1,-1,1,1,-1,1,1,-1,-1,-1,1,-1,1,-1,1,-1,1,1,-1,1,-1,-1,1,1,1,-1,1,1,1,1,-1,1,-1,1,-1,1,1,1,1,-1,1,-1,1,1,1,1,-1,1,1,1,1,1,1,-1,1,-1,1,-1,-1,1,-1,1,-1,-1,1,1,1,-1,1,1,1,1,-1,1,-1,1,-1,1,1,-1,1,1,-1,1,1,-2618.0,1,2000,445,500,True
3111,1,1,1,1,-1,1,-1,1,1,-1,-1,1,-1,1,1,1,1,-1,1,-1,-1,1,1,-1,-1,1,-1,-1,1,1,1,-1,-1,-1,-1,1,-1,1,-1,1,-1,-1,1,1,1,-1,1,-1,1,-1,1,-1,1,-1,1,-1,1,-1,1,-1,1,1,-1,-1,1,1,-1,1,1,-1,1,-1,1,1,-1,1,-1,1,1,1,1,1,1,-1,-1,1,1,-1,1,-1,-1,1,-1,1,-1,1,-1,1,-1,1,1,-1,1,1,-1,-1,-1,1,-1,1,-1,1,-1,-1,1,-1,1,-1,1,-1,-1,1,1,-1,1,-1,-1,-1,1,-1,1,1,-1,-1,-1,1,1,1,1,-1,-1,-1,-1,1,-1,1,1,-1,-1,-1,1,-1,1,-1,1,-1,-1,-1,1,1,-1,1,-1,-1,1,-1,1,-1,1,-1,-1,-1,1,1,-1,-1,-1,1,-1,1,-1,1,1,-1,-1,-1,1,-1,-1,-1,-1,-1,-1,1,1,-1,1,-1,-1,-1,-1,1,-1,1,-1,-1,1,1,1,-1,1,-1,1,1,1,1,-1,1,-1,1,-1,-1,-1,-1,1,1,-1,-1,1,1,-1,1,1,-1,1,-1,1,-1,1,-1,-1,1,1,-1,-1,1,1,-1,-1,1,-1,-1,1,-1,1,-1,-1,1,-1,1,-1,-1,1,-1,-1,-1,1,1,-1,1,-1,-1,1,1,1,1,-1,1,-1,1,1,1,1,-1,1,-1,-1,1,1,1,-1,-1,-1,-1,1,-1,-1,-1,1,-1,1,1,1,-1,-1,-1,1,-1,1,1,1,-1,-1,-1,1,1,1,1,-1,1,-1,1,1,-1,1,-1,-1,-1,1,1,1,1,-1,-1,1,1,1,1,1,-1,-1,1,-1,1,1,1,-1,-1,-1,1,1,1,-1,-1,-1,1,-1,1,1,-1,-1,-1,-1,1,1,1,-1,-1,-1,-1,1,1,1,-1,-1,-1,-1,1,1,1,-1,1,-1,1,1,1,1,1,1,-1,-1,1,-1,1,-1,1,-1,-1,-1,-1,1,1,-1,1,-1,1,1,-1,-1,-1,-1,-1,1,1,1,-1,1,1,-1,1,1,-1,-1,1,-1,-1,1,1,-1,1,1,-1,1,1,1,-1,-1,-1,1,1,1,-1,-1,-1,1,-1,-1,1,1,1,-1,1,-1,1,-1,1,-1,-1,1,-1,-1,1,1,-1,-1,1,-1,-1,1,-1,1,-1,1,-1,-1,-1,-1,-1,-1,1,-1,-1,1,-1,1,-1,-1,-1,-1,-1,1,1,-1,1,-1,1,1,-1,1,-1,-1,1,-1,-1,1,1,-1,1,-1,-1,1,1,-1,1,-1,1,-1,1,1,-1,1,-1,1,1,-1,1,-1,1,-1,1,-1,1,-1,1,1,-1,-1,1,-1,1,1,-1,1,1,1,-1,-1,-1,1,1,1,1,-1,1,-1,1,-1,1,1,-1,-1,1,1,-1,1,1,1,-1,-1,1,-1,-1,1,1,-1,-1,-1,-1,-1,1,1,-1,1,1,-1,1,1,-1,1,1,-1,-1,1,1,1,-1,1,-1,1,-1,1,1,1,-1,-1,-1,1,-1,1,-1,1,-1,-1,-1,1,1,-1,1,-1,-1,-1,1,1,-1,1,-1,-1,-1,1,1,-1,1,-1,-1,-1,-1,1,1,1,-1,1,-1,-1,1,-1,1,-1,1,1,1,-1,-1,1,1,-1,-1,-1,-1,-1,1,1,-1,-1,1,-1,-1,-1,1,-1,-1,1,-1,1,1,-1,-1,-1,-1,-1,1,1,-1,1,-1,-1,1,1,1,1,-1,1,-1,-1,-1,1,1,-1,1,-1,1,-1,1,1,-1,-1,1,1,1,1,1,-1,1,1,-1,-1,1,1,-1,-1,1,1,-1,1,1,-1,-1,1,-1,-1,1,1,-1,-1,1,1,-1,1,1,-1,-1,1,1,-1,1,1,1,-1,1,-1,-1,-1,-1,1,-1,1,-1,-1,1,-1,-1,1,-1,1,-1,1,1,-1,1,1,-1,-1,1,-1,1,1,1,-1,-1,1,1,-1,1,1,1,-1,-1,1,-1,1,1,-1,1,-1,1,-1,1,1,-1,-1,-1,1,1,1,1,1,-1,-1,1,1,-1,1,-1,1,-1,-1,1,-1,1,-1,1,-1,1,1,1,1,1,1,-1,1,1,-1,1,-1,1,-1,1,-1,1,-1,1,-1,-1,1,1,1,-1,1,-1,1,-1,1,-1,-1,-1,1,1,1,1,-1,-1,1,1,1,1,1,-1,1,1,1,1,-1,1,1,-1,-1,-1,1,1,1,1,1,1,1,-1,1,1,1,1,1,1,1,-1,1,-1,-1,1,1,1,1,1,1,-1,-1,-1,1,1,-1,1,-1,1,1,1,1,-1,1,1,-1,-1,1,-1,-1,1,1,1,-1,1,-1,1,1,1,-1,1,1,-1,1,1,1,-1,-1,-1,1,1,1,1,-1,-1,1,-1,1,-1,1,-1,-1,-1,1,1,1,1,-1,-1,1,-1,1,1,1,1,-1,-1,-1,1,1,1,-1,1,-1,1,1,1,1,1,-1,-1,-1,1,1,1,-1,1,-1,-1,1,1,1,1,-1,-1,-1,1,1,1,-1,-1,-1,-1,1,1,1,-1,-1,-1,1,1,1,1,-1,-1,-1,1,1,1,-1,-1,1,-1,1,1,-1,1,-1,1,-1,1,1,1,1,-1,1,-1,-1,1,1,1,-1,1,-1,1,-1,1,1,1,1,-1,-1,1,-1,1,-1,1,-1,1,-1,1,1,-1,-1,1,-1,1,1,-1,-1,1,1,-1,1,-1,-1,1,1,1,1,1,-1,-1,1,1,1,1,-1,1,1,1,1,1,1,-1,1,1,-1,1,-1,1,-1,-1,1,1,1,-1,1,1,-1,-1,-1,-1,1,1,-1,-1,1,1,1,1,1,-1,-1,-1,1,1,1,1,-1,-1,1,1,1,1,1,1,-1,1,1,1,1,1,1,-1,-1,1,1,1,1,-1,-1,1,-1,1,-1,1,1,-1,-1,1,1,-1,1,-1,1,-1,1,1,-1,1,1,-1,-1,1,-2618.0,1,2000,445,500,True
3112,1,1,-1,-1,1,-1,1,1,1,1,1,-1,1,1,1,1,-1,1,-1,-1,1,1,1,1,1,-1,1,1,1,1,1,1,-1,-1,1,1,-1,1,1,1,-1,1,1,1,1,1,-1,-1,1,-1,1,1,1,1,-1,1,-1,-1,1,1,-1,-1,-1,-1,1,1,1,-1,-1,1,1,-1,1,1,-1,1,1,1,-1,1,1,-1,-1,1,-1,1,1,1,-1,1,1,1,-1,1,-1,-1,1,-1,-1,-1,1,-1,-1,1,-1,-1,-1,1,-1,-1,1,1,-1,-1,1,1,-1,1,1,-1,-1,1,1,-1,1,-1,-1,-1,1,-1,-1,1,-1,-1,-1,-1,-1,-1,1,-1,-1,-1,-1,1,-1,1,1,-1,-1,-1,1,-1,-1,1,1,-1,1,-1,-1,1,-1,1,-1,-1,-1,-1,1,-1,1,-1,-1,-1,-1,1,-1,-1,-1,1,-1,-1,-1,1,1,-1,-1,-1,1,-1,-1,-1,-1,-1,-1,1,-1,-1,1,-1,-1,-1,1,-1,-1,1,-1,-1,-1,-1,1,-1,1,-1,1,1,-1,-1,-1,1,1,1,-1,1,1,-1,1,1,-1,-1,1,1,-1,1,1,-1,1,1,1,-1,1,1,-1,-1,1,-1,-1,1,1,-1,-1,-1,1,-1,1,-1,-1,-1,1,-1,-1,1,1,1,-1,1,1,1,1,-1,-1,-1,1,-1,1,1,-1,-1,-1,1,-1,1,1,-1,1,-1,1,1,-1,1,-1,1,-1,-1,1,-1,1,1,-1,-1,-1,1,1,1,-1,-1,-1,1,-1,1,1,1,1,-1,-1,1,1,1,-1,-1,-1,1,1,1,-1,1,-1,-1,-1,-1,1,1,-1,1,-1,-1,1,1,1,-1,1,-1,1,-1,1,1,-1,1,-1,-1,1,-1,1,-1,1,-1,1,1,1,1,-1,-1,-1,-1,-1,-1,1,-1,-1,-1,-1,-1,-1,-1,-1,-1,-1,-1,-1,-1,-1,-1,-1,1,1,-1,-1,-1,-1,1,1,-1,-1,1,1,-1,-1,1,-1,-1,-1,1,-1,-1,-1,1,-1,1,-1,-1,-1,-1,-1,-1,1,1,-1,-1,1,1,-1,1,-1,1,-1,1,1,-1,1,-1,-1,-1,1,-1,1,-1,-1,-1,-1,-1,1,1,1,1,-1,-1,1,-1,-1,1,-1,-1,-1,1,-1,1,1,1,-1,-1,1,-1,-1,1,-1,-1,1,1,-1,-1,1,1,-1,-1,1,-1,-1,1,-1,-1,-1,1,-1,-1,1,1,-1,-1,-1,-1,1,-1,-1,1,-1,1,-1,-1,-1,1,-1,-1,1,-1,-1,-1,-1,-1,1,1,-1,1,-1,1,-1,1,-1,1,-1,1,1,-1,1,-1,-1,-1,-1,-1,-1,1,-1,1,-1,-1,1,-1,1,-1,-1,1,-1,-1,1,-1,1,-1,-1,1,1,-1,1,1,-1,-1,1,1,-1,1,-1,-1,-1,-1,1,1,1,1,-1,-1,-1,1,-1,1,1,-1,-1,-1,1,1,-1,1,1,-1,-1,1,1,1,-1,1,1,1,1,1,-1,1,-1,1,-1,1,-1,-1,-1,1,-1,-1,1,-1,-1,-1,1,1,-1,1,1,-1,-1,1,1,-1,-1,1,-1,-1,-1,-1,-1,-1,1,-1,-1,-1,-1,-1,-1,1,-1,-1,1,1,1,1,1,-1,-1,1,1,-1,-1,1,-1,-1,-1,1,-1,-1,1,1,-1,1,1,1,-1,1,-1,1,1,1,-1,-1,1,1,-1,1,1,-1,1,1,-1,1,1,1,-1,1,1,-1,-1,1,-1,1,1,1,-1,1,1,1,-1,-1,1,1,1,1,1,1,-1,1,1,1,1,1,1,1,1,-1,1,-1,1,-1,-1,1,1,1,1,1,1,-1,1,1,1,1,1,1,-1,1,1,-1,1,-1,1,-1,1,1,1,1,1,1,-1,1,1,1,1,1,-1,-1,1,-1,1,1,1,-1,-1,1,-1,1,1,1,1,-1,1,1,1,1,1,-1,-1,1,-1,1,1,-1,-1,-1,1,1,1,1,1,-1,-1,1,1,-1,1,1,-1,-1,-1,1,-1,1,1,-1,-1,-1,1,1,1,1,-1,-1,1,-1,-1,1,-1,-1,-1,-1,1,1,-1,1,-1,-1,-1,1,1,1,1,-1,-1,-1,1,1,-1,1,-1,-1,-1,1,1,1,1,-1,-1,1,1,1,1,-1,-1,-1,1,1,1,-1,-1,1,-1,1,1,1,-1,-1,-1,1,1,1,1,-1,1,-1,-1,1,-1,1,-1,-1,-1,1,1,1,1,1,1,1,1,1,1,1,1,-1,1,-1,1,-1,1,-1,1,1,-1,1,1,1,1,-1,1,1,1,1,1,1,-1,1,1,1,1,-1,1,1,1,-1,1,1,1,1,1,1,1,1,1,1,1,1,1,1,1,-1,1,-1,1,1,1,1,-1,1,-1,1,1,1,1,-1,1,-1,1,1,1,1,-1,1,-1,1,1,1,1,-1,1,1,1,1,1,1,-1,-1,1,1,1,1,1,-1,1,1,1,-1,1,1,-1,-1,1,1,1,-1,1,1,-1,1,1,1,1,1,-1,-1,1,1,1,1,-1,-1,-1,1,-1,1,1,-1,-1,-1,1,-1,1,1,-1,-1,1,1,-1,1,-1,-1,1,1,-1,1,1,-1,1,-1,1,1,1,1,1,-1,1,-1,1,1,1,1,-1,1,1,1,-1,1,1,-1,1,1,-1,1,1,-1,-1,1,-1,1,1,1,1,-1,1,-1,1,-1,1,1,-1,-1,1,-1,-1,1,1,-1,1,1,-1,-1,1,-1,1,1,-1,1,1,-1,-1,1,1,-1,1,-1,1,-1,-1,1,-1,-1,1,-1,-1,1,1,1,-1,1,1,1,1,1,-1,-1,1,-1,-1,1,-1,-1,1,-1,1,1,1,1,-1,1,-1,-1,-1,1,1,-1,1,1,-1,-1,1,1,-1,1,-1,1,1,1,1,-1,1,-1,1,-1,1,1,-1,1,1,1,-1,1,1,1,-1,1,1,1,-1,1,-1,1,-1,1,-2616.0,1,2000,445,500,True
3113,1,1,1,1,-1,1,-1,1,1,-1,-1,1,-1,1,1,1,1,-1,1,-1,-1,1,1,-1,-1,1,-1,-1,1,1,1,-1,-1,-1,-1,1,-1,1,-1,1,-1,-1,1,1,1,-1,1,-1,1,-1,1,-1,1,-1,1,-1,1,-1,1,-1,1,1,-1,1,1,1,-1,1,1,-1,1,-1,1,1,-1,1,-1,1,-1,1,1,1,1,-1,-1,1,1,-1,1,-1,1,1,-1,1,-1,1,-1,-1,-1,1,1,-1,1,1,-1,-1,-1,1,-1,1,-1,1,-1,-1,1,-1,1,-1,1,-1,-1,1,1,1,1,-1,-1,-1,1,-1,1,1,-1,-1,-1,1,1,1,1,-1,-1,-1,1,1,-1,1,1,-1,-1,-1,1,-1,1,-1,1,-1,1,-1,1,1,-1,1,-1,-1,1,-1,1,-1,1,-1,-1,-1,1,-1,-1,-1,-1,1,-1,1,-1,1,1,-1,-1,-1,1,-1,-1,-1,-1,-1,-1,1,1,-1,1,1,-1,-1,-1,1,-1,1,-1,-1,1,1,1,-1,1,-1,1,1,1,1,-1,1,1,1,-1,-1,-1,-1,1,1,-1,-1,1,1,-1,1,1,-1,1,-1,1,1,1,1,1,-1,1,-1,-1,1,1,-1,-1,1,-1,-1,1,1,1,-1,-1,1,-1,1,1,-1,1,-1,-1,-1,1,-1,-1,1,-1,1,1,1,-1,1,-1,-1,-1,1,1,-1,1,-1,1,-1,-1,1,-1,1,-1,-1,-1,-1,1,1,-1,-1,1,-1,1,1,-1,-1,-1,-1,1,-1,1,1,1,-1,-1,-1,1,1,-1,-1,-1,1,-1,1,-1,1,-1,-1,-1,-1,1,1,-1,1,-1,-1,1,1,1,-1,1,-1,-1,1,-1,1,-1,1,-1,-1,-1,1,1,-1,1,-1,-1,1,-1,1,-1,-1,-1,-1,-1,1,1,-1,-1,-1,-1,-1,1,-1,-1,-1,-1,-1,-1,1,-1,-1,-1,1,-1,-1,1,-1,-1,1,1,-1,-1,1,1,-1,-1,1,-1,1,-1,1,-1,-1,-1,1,-1,1,-1,1,-1,-1,-1,-1,1,1,-1,-1,1,1,-1,1,1,-1,-1,1,-1,1,1,1,-1,-1,1,-1,-1,1,-1,-1,-1,1,-1,1,1,1,-1,-1,1,-1,1,1,-1,-1,-1,1,1,1,-1,-1,-1,-1,1,-1,1,-1,1,-1,1,1,1,1,-1,1,-1,-1,1,1,1,1,1,-1,-1,1,1,1,1,1,-1,-1,-1,1,1,1,-1,1,-1,1,1,-1,1,1,-1,-1,1,-1,1,1,1,-1,1,1,1,1,-1,1,-1,1,1,-1,1,-1,1,-1,1,-1,1,1,-1,-1,-1,1,1,-1,1,1,1,-1,1,-1,1,1,-1,-1,1,-1,1,1,1,-1,1,-1,1,1,1,-1,-1,1,-1,1,-1,-1,1,-1,-1,1,1,1,-1,1,1,1,-1,1,1,-1,1,1,1,1,-1,1,1,-1,1,1,1,1,-1,1,1,-1,1,1,-1,1,-1,-1,1,-1,1,-1,-1,1,-1,-1,1,-1,-1,-1,1,1,-1,1,1,-1,-1,1,-1,-1,-1,1,-1,-1,-1,1,1,-1,1,-1,-1,-1,-1,-1,-1,1,-1,-1,1,1,1,1,1,-1,-1,-1,1,-1,-1,1,-1,-1,-1,-1,-1,-1,1,1,-1,1,-1,1,-1,1,-1,1,1,1,-1,-1,1,1,-1,1,1,-1,1,1,-1,1,1,1,-1,1,1,-1,-1,1,-1,1,1,1,-1,1,1,1,-1,-1,1,1,1,1,1,1,-1,1,1,1,1,1,1,1,1,-1,1,1,1,-1,-1,1,1,1,1,1,1,-1,1,-1,1,1,1,1,-1,1,1,-1,1,-1,1,-1,1,1,1,1,1,1,-1,1,1,1,1,1,-1,-1,-1,-1,1,1,1,-1,-1,1,-1,1,1,1,1,-1,1,1,1,1,1,-1,-1,1,-1,1,1,-1,-1,-1,1,1,-1,1,1,1,-1,-1,1,-1,1,1,-1,1,-1,1,-1,1,1,-1,-1,-1,1,1,1,1,-1,-1,-1,1,1,1,-1,-1,1,-1,-1,1,-1,1,-1,1,-1,1,1,1,1,-1,1,-1,1,-1,-1,1,-1,1,-1,1,1,1,1,-1,-1,-1,1,1,1,-1,-1,-1,1,-1,1,-1,-1,1,1,1,1,1,-1,-1,-1,1,1,1,1,-1,1,-1,1,1,-1,1,-1,-1,-1,-1,1,1,1,1,-1,1,1,-1,1,1,1,-1,1,1,1,-1,1,-1,-1,1,1,1,1,1,1,-1,-1,-1,1,1,-1,1,-1,1,1,1,1,-1,1,-1,1,-1,1,-1,-1,1,-1,-1,-1,1,-1,1,1,1,1,1,1,-1,1,-1,-1,-1,-1,-1,1,1,1,-1,1,-1,1,-1,1,1,-1,1,-1,-1,1,1,1,-1,1,-1,-1,-1,1,1,-1,-1,-1,-1,-1,1,1,-1,1,1,-1,1,1,1,-1,-1,-1,-1,-1,1,1,1,-1,1,-1,-1,1,1,1,-1,-1,-1,-1,1,1,1,1,-1,-1,-1,1,1,-1,-1,-1,-1,1,1,1,-1,1,-1,-1,1,1,-1,1,-1,1,-1,1,1,1,-1,-1,1,-1,1,1,-1,-1,1,1,-1,-1,1,1,-1,1,1,-1,1,-1,1,-1,1,1,-1,-1,1,-1,-1,-1,1,-1,1,-1,1,-1,-1,-1,1,-1,1,1,-1,-1,1,1,-1,1,-1,-1,-1,1,1,1,1,-1,1,-1,1,1,1,-1,1,-1,1,1,1,1,-1,1,-1,-1,1,1,1,-1,1,-1,1,1,-1,1,1,-1,1,-1,1,1,1,-1,-1,-1,1,1,1,1,-1,-1,1,1,1,1,1,-1,-1,1,1,1,1,1,1,-1,1,1,1,1,1,1,-1,-1,1,1,1,1,-1,-1,1,1,1,1,1,1,-1,-1,1,1,-1,1,-1,1,-1,1,1,-1,1,1,-1,-1,1,-2606.0,1,2000,445,500,True
3114,1,1,1,1,1,1,-1,1,1,-1,-1,1,-1,1,1,1,1,-1,1,-1,-1,1,1,-1,-1,1,-1,-1,1,1,1,-1,1,-1,-1,1,-1,1,-1,1,-1,-1,1,1,1,-1,-1,1,-1,1,1,-1,1,1,-1,-1,1,-1,1,-1,-1,1,-1,1,1,1,-1,-1,1,-1,1,-1,1,1,-1,1,-1,1,-1,1,-1,1,1,-1,-1,1,1,-1,1,-1,-1,1,-1,1,-1,1,1,1,-1,-1,1,-1,1,1,1,-1,-1,1,-1,1,1,-1,-1,-1,1,1,-1,1,1,-1,-1,1,1,-1,1,-1,-1,-1,1,-1,-1,1,1,-1,-1,-1,-1,-1,1,1,-1,-1,-1,1,-1,1,1,-1,-1,-1,1,-1,-1,1,1,-1,1,-1,-1,-1,1,1,-1,-1,1,-1,1,1,1,-1,-1,-1,-1,1,1,-1,-1,1,-1,-1,1,-1,1,-1,-1,1,-1,1,1,-1,-1,-1,1,-1,1,1,-1,1,-1,-1,-1,-1,1,1,-1,-1,-1,-1,-1,1,1,-1,1,-1,1,-1,1,1,1,1,1,-1,-1,-1,1,1,-1,1,-1,-1,1,1,1,-1,1,-1,-1,-1,1,1,-1,1,-1,1,-1,1,1,-1,1,-1,1,-1,1,1,1,1,-1,1,-1,1,1,-1,1,1,-1,-1,1,-1,1,1,1,-1,-1,1,-1,1,-1,1,-1,-1,1,-1,1,-1,1,1,-1,1,-1,1,1,1,1,-1,1,1,1,-1,-1,1,-1,1,-1,-1,-1,1,-1,-1,1,1,1,-1,1,1,-1,1,-1,-1,-1,1,1,-1,-1,1,-1,-1,-1,1,-1,1,-1,1,-1,-1,-1,1,1,-1,1,-1,1,-1,-1,1,-1,1,-1,-1,-1,1,1,-1,-1,-1,1,1,-1,1,-1,-1,-1,-1,-1,1,1,-1,-1,-1,-1,-1,1,-1,-1,1,-1,-1,-1,1,-1,-1,-1,1,1,-1,1,-1,-1,1,1,-1,-1,1,1,-1,-1,1,-1,1,1,1,-1,-1,1,1,-1,1,-1,-1,-1,-1,-1,-1,1,1,-1,-1,1,1,-1,1,-1,-1,-1,1,1,1,1,-1,-1,1,1,1,-1,1,-1,-1,-1,1,1,1,1,1,-1,-1,1,1,1,1,-1,-1,-1,1,-1,1,-1,1,-1,1,-1,1,1,1,-1,-1,1,1,1,1,-1,1,-1,-1,1,1,1,1,-1,-1,-1,1,1,1,1,1,-1,-1,1,1,1,1,-1,1,-1,1,1,-1,1,1,-1,1,1,1,1,1,-1,-1,1,1,1,1,-1,1,-1,1,1,-1,1,-1,1,-1,1,1,-1,1,-1,-1,-1,1,1,-1,1,1,1,-1,-1,1,1,1,-1,-1,1,-1,1,-1,1,-1,1,-1,1,1,1,-1,-1,1,-1,-1,1,-1,1,-1,1,1,-1,1,1,-1,1,1,-1,-1,1,1,-1,1,1,1,1,1,1,-1,1,1,1,-1,-1,1,1,-1,1,1,-1,1,-1,1,-1,-1,1,-1,-1,1,-1,-1,1,-1,-1,-1,1,1,-1,1,1,-1,-1,1,1,-1,-1,1,-1,-1,-1,-1,-1,-1,1,-1,-1,-1,-1,-1,-1,1,-1,-1,1,1,1,1,1,-1,-1,1,1,-1,-1,1,-1,-1,-1,1,-1,-1,1,1,-1,1,1,1,-1,1,-1,1,1,1,-1,-1,1,1,-1,1,1,-1,1,1,-1,1,1,1,-1,1,1,-1,-1,1,-1,1,1,1,-1,1,1,1,-1,-1,1,1,1,1,1,1,-1,1,1,1,1,1,1,1,1,-1,1,1,1,-1,-1,1,1,1,1,1,1,-1,1,-1,1,1,1,-1,-1,1,1,-1,1,-1,1,-1,1,1,1,1,1,1,-1,1,1,1,1,1,1,-1,1,-1,1,1,1,1,-1,1,-1,1,1,1,1,-1,1,1,1,1,1,1,-1,1,-1,1,1,-1,1,-1,1,1,-1,1,1,1,-1,1,1,-1,1,1,1,1,-1,1,-1,1,-1,1,-1,-1,-1,1,1,-1,-1,1,-1,1,1,-1,-1,-1,1,-1,-1,-1,1,-1,-1,1,-1,1,1,1,1,-1,1,-1,1,-1,-1,1,-1,1,1,1,-1,1,1,-1,-1,1,-1,1,1,-1,1,-1,1,-1,1,-1,1,-1,1,-1,-1,1,-1,-1,-1,1,1,-1,1,-1,-1,-1,1,1,1,1,-1,-1,-1,1,1,-1,1,1,-1,-1,1,1,-1,1,1,1,-1,1,1,1,1,-1,-1,-1,1,1,1,1,1,1,-1,-1,1,1,-1,1,-1,-1,-1,1,1,-1,1,-1,1,1,1,-1,-1,1,-1,-1,-1,1,-1,1,1,-1,-1,1,1,1,1,-1,-1,-1,1,1,-1,1,-1,1,1,-1,1,-1,1,-1,-1,-1,-1,1,1,-1,-1,1,1,1,1,1,-1,1,-1,-1,-1,1,1,-1,1,-1,1,-1,1,-1,-1,-1,1,-1,1,-1,1,-1,1,-1,1,-1,-1,1,-1,-1,1,-1,-1,-1,1,-1,1,1,1,1,-1,1,-1,1,-1,-1,-1,1,1,-1,1,-1,1,-1,1,1,1,-1,1,1,-1,-1,1,1,1,-1,1,-1,-1,1,1,-1,-1,1,1,-1,1,-1,1,-1,1,1,-1,1,1,1,-1,1,1,-1,1,1,-1,-1,-1,1,-1,-1,1,1,-1,-1,1,-1,1,1,-1,1,-1,1,-1,1,-1,1,-1,-1,1,-1,-1,1,-1,1,-1,1,1,-1,1,1,-1,1,1,-1,1,1,-1,-1,-1,1,-1,1,1,1,-1,1,1,-1,1,1,-1,1,-1,-1,-1,1,1,-1,-1,1,1,-1,1,1,-1,1,1,1,-1,1,1,-1,1,1,1,-1,1,1,-1,-1,1,1,-1,-1,1,-1,1,1,1,-1,-1,1,-1,1,1,1,1,-1,1,-1,-1,1,1,-1,-1,1,1,-1,1,1,1,-1,1,-1,-1,1,-2600.0,1,2000,445,500,True
